State_Name,District_Name,Crop_Year,Season,Crop,Area,Production,Yield
Andaman and Nicobar Islands,NICOBARS,2000,Kharif,Arecanut,1254,2000,1.594896332
Andaman and Nicobar Islands,NICOBARS,2000,Kharif,Other Kharif pulses,2,1,0.5
Andaman and Nicobar Islands,NICOBARS,2000,Kharif,Rice,102,321,3.147058824
Andaman and Nicobar Islands,NICOBARS,2000,Whole Year,Banana,176,641,3.642045455
Andaman and Nicobar Islands,NICOBARS,2000,Whole Year,Cashewnut,720,165,0.229166667
Andaman and Nicobar Islands,NICOBARS,2000,Whole Year,Coconut,18168,65100000,3583.22325
Andaman and Nicobar Islands,NICOBARS,2000,Whole Year,Dry ginger,36,100,2.777777778
Andaman and Nicobar Islands,NICOBARS,2000,Whole Year,Sugarcane,1,2,2
Andaman and Nicobar Islands,NICOBARS,2000,Whole Year,Sweet potato,5,15,3
Andaman and Nicobar Islands,NICOBARS,2000,Whole Year,Tapioca,40,169,4.225
Andaman and Nicobar Islands,NICOBARS,2001,Kharif,Arecanut,1254,2061,1.64354067
Andaman and Nicobar Islands,NICOBARS,2001,Kharif,Other Kharif pulses,2,1,0.5
Andaman and Nicobar Islands,NICOBARS,2001,Kharif,Rice,83,300,3.614457831
Andaman and Nicobar Islands,NICOBARS,2001,Whole Year,Cashewnut,719,192,0.267037552
Andaman and Nicobar Islands,NICOBARS,2001,Whole Year,Coconut,18190,64430000,3542.056075
Andaman and Nicobar Islands,NICOBARS,2001,Whole Year,Dry ginger,46,100,2.173913043
Andaman and Nicobar Islands,NICOBARS,2001,Whole Year,Sugarcane,1,1,1
Andaman and Nicobar Islands,NICOBARS,2001,Whole Year,Sweet potato,11,33,3
Andaman and Nicobar Islands,NICOBARS,2002,Kharif,Rice,189.2,510.84,2.7
Andaman and Nicobar Islands,NICOBARS,2002,Whole Year,Arecanut,1258,2083,1.655802862
Andaman and Nicobar Islands,NICOBARS,2002,Whole Year,Banana,213,1278,6
Andaman and Nicobar Islands,NICOBARS,2002,Whole Year,Black pepper,63,13.5,0.214285714
Andaman and Nicobar Islands,NICOBARS,2002,Whole Year,Cashewnut,719,208,0.289290682
Andaman and Nicobar Islands,NICOBARS,2002,Whole Year,Coconut,18240,67490000,3700.109649
Andaman and Nicobar Islands,NICOBARS,2002,Whole Year,Dry chillies,413,28.8,0.069733656
Andaman and Nicobar Islands,NICOBARS,2002,Whole Year,Dry ginger,47.3,133,2.811839323
Andaman and Nicobar Islands,NICOBARS,2002,Whole Year,Sugarcane,5,40,8
Andaman and Nicobar Islands,NICOBARS,2003,Kharif,Rice,52,90.17,1.734038462
Andaman and Nicobar Islands,NICOBARS,2003,Whole Year,Arecanut,1261,1525,1.209357653
Andaman and Nicobar Islands,NICOBARS,2003,Whole Year,Banana,266,1763,6.627819549
Andaman and Nicobar Islands,NICOBARS,2003,Whole Year,Black pepper,75.5,15.86,0.210066225
Andaman and Nicobar Islands,NICOBARS,2003,Whole Year,Cashewnut,717,208.5,0.290794979
Andaman and Nicobar Islands,NICOBARS,2003,Whole Year,Coconut,18284.74,68580000,3750.66859
Andaman and Nicobar Islands,NICOBARS,2003,Whole Year,Dry chillies,60,102,1.7
Andaman and Nicobar Islands,NICOBARS,2003,Whole Year,Dry ginger,102,326.4,3.2
Andaman and Nicobar Islands,NICOBARS,2003,Whole Year,other oilseeds,4.2,0.3,0.071428571
Andaman and Nicobar Islands,NICOBARS,2004,Kharif,Rice,52.94,72.57,1.370797129
Andaman and Nicobar Islands,NICOBARS,2004,Whole Year,Arecanut,1264.7,805.85,0.637186685
Andaman and Nicobar Islands,NICOBARS,2004,Whole Year,Banana,66.42,404.12,6.084311954
Andaman and Nicobar Islands,NICOBARS,2004,Whole Year,Black pepper,85,15.86,0.186588235
Andaman and Nicobar Islands,NICOBARS,2004,Whole Year,Cashewnut,683.5,197.9,0.289539137
Andaman and Nicobar Islands,NICOBARS,2004,Whole Year,Coconut,18394.7,52380000,2847.559351
Andaman and Nicobar Islands,NICOBARS,2004,Whole Year,Dry chillies,60,145.2,2.42
Andaman and Nicobar Islands,NICOBARS,2004,Whole Year,Dry ginger,118,366,3.101694915
Andaman and Nicobar Islands,NICOBARS,2004,Whole Year,other oilseeds,1,0.11,0.11
Andaman and Nicobar Islands,NICOBARS,2005,Kharif,Rice,2.09,12.06,5.770334928
Andaman and Nicobar Islands,NICOBARS,2005,Whole Year,Arecanut,795.67,,
Andaman and Nicobar Islands,NICOBARS,2005,Whole Year,Banana,22,582,26.45454545
Andaman and Nicobar Islands,NICOBARS,2005,Whole Year,Black pepper,41,0.1,0.002439024
Andaman and Nicobar Islands,NICOBARS,2005,Whole Year,Cashewnut,450,55.8,0.124
Andaman and Nicobar Islands,NICOBARS,2005,Whole Year,Coconut,13876.57,52030000,3749.485644
Andaman and Nicobar Islands,NICOBARS,2005,Whole Year,Dry chillies,17,,
Andaman and Nicobar Islands,NICOBARS,2005,Whole Year,Turmeric,10,70,7
Andaman and Nicobar Islands,NICOBARS,2006,Whole Year,Arecanut,896,477.6,0.533035714
Andaman and Nicobar Islands,NICOBARS,2006,Whole Year,Banana,198,976,4.929292929
Andaman and Nicobar Islands,NICOBARS,2006,Whole Year,Black pepper,22.16,0.68,0.030685921
Andaman and Nicobar Islands,NICOBARS,2006,Whole Year,Cashewnut,450,85.13,0.189177778
Andaman and Nicobar Islands,NICOBARS,2006,Whole Year,Coconut,14358,59370000,4134.977016
Andaman and Nicobar Islands,NICOBARS,2006,Whole Year,Dry chillies,3,9,3
Andaman and Nicobar Islands,NICOBARS,2006,Whole Year,Dry ginger,6,21,3.5
Andaman and Nicobar Islands,NICOBARS,2006,Whole Year,Sugarcane,0.2,0.5,2.5
Andaman and Nicobar Islands,NICOBARS,2006,Whole Year,Sweet potato,18,86,4.777777778
Andaman and Nicobar Islands,NICOBARS,2006,Whole Year,Tapioca,52.03,450,8.648856429
Andaman and Nicobar Islands,NICOBARS,2006,Whole Year,Turmeric,2.5,1.03,0.412
Andaman and Nicobar Islands,NICOBARS,2010,Autumn,Rice,3.5,10,2.857142857
Andaman and Nicobar Islands,NICOBARS,2010,Autumn,Sugarcane,13.4,41.75,3.115671642
Andaman and Nicobar Islands,NICOBARS,2010,Rabi,Arecanut,944,1610,1.705508475
Andaman and Nicobar Islands,NICOBARS,2010,Rabi,Black pepper,23,8.5,0.369565217
Andaman and Nicobar Islands,NICOBARS,2010,Rabi,Cashewnut,1000.5,260.5,0.260369815
Andaman and Nicobar Islands,NICOBARS,2010,Rabi,Dry chillies,12,25,2.083333333
Andaman and Nicobar Islands,NICOBARS,2010,Rabi,Dry ginger,7,9.64,1.377142857
Andaman and Nicobar Islands,NICOBARS,2010,Rabi,Maize,3.84,18.22,4.744791667
Andaman and Nicobar Islands,NICOBARS,2010,Rabi,Moong(Green Gram),1.5,1.1,0.733333333
Andaman and Nicobar Islands,NICOBARS,2010,Rabi,Sweet potato,22,208,9.454545455
Andaman and Nicobar Islands,NICOBARS,2010,Rabi,Turmeric,2,0.5,0.25
Andaman and Nicobar Islands,NICOBARS,2010,Rabi,Urad,1.5,1.16,0.773333333
Andaman and Nicobar Islands,NICOBARS,2010,Whole Year,Banana,593,3425,5.775716695
Andaman and Nicobar Islands,NICOBARS,2010,Whole Year,Coconut,14560,71300000,4896.978022
Andaman and Nicobar Islands,NICOBARS,2010,Whole Year,Tapioca,69,575,8.333333333
Andaman and Nicobar Islands,NORTH AND MIDDLE ANDAMAN,2000,Kharif,Arecanut,3100,5200,1.677419355
Andaman and Nicobar Islands,NORTH AND MIDDLE ANDAMAN,2000,Kharif,Other Kharif pulses,668,448,0.670658683
Andaman and Nicobar Islands,NORTH AND MIDDLE ANDAMAN,2000,Kharif,Rice,10779,31863,2.956025605
Andaman and Nicobar Islands,NORTH AND MIDDLE ANDAMAN,2000,Whole Year,Banana,1531,12073,7.885695624
Andaman and Nicobar Islands,NORTH AND MIDDLE ANDAMAN,2000,Whole Year,Cashewnut,80,54,0.675
Andaman and Nicobar Islands,NORTH AND MIDDLE ANDAMAN,2000,Whole Year,Coconut,6992,23900000,3418.19222
Andaman and Nicobar Islands,NORTH AND MIDDLE ANDAMAN,2000,Whole Year,Dry ginger,352,1120,3.181818182
Andaman and Nicobar Islands,NORTH AND MIDDLE ANDAMAN,2000,Whole Year,other oilseeds,133,55,0.413533835
Andaman and Nicobar Islands,NORTH AND MIDDLE ANDAMAN,2000,Whole Year,Sugarcane,141,3736,26.4964539
Andaman and Nicobar Islands,NORTH AND MIDDLE ANDAMAN,2000,Whole Year,Sweet potato,78,843,10.80769231
Andaman and Nicobar Islands,NORTH AND MIDDLE ANDAMAN,2000,Whole Year,Tapioca,160,2108,13.175
Andaman and Nicobar Islands,NORTH AND MIDDLE ANDAMAN,2001,Kharif,Arecanut,3100,5239,1.69
Andaman and Nicobar Islands,NORTH AND MIDDLE ANDAMAN,2001,Kharif,Other Kharif pulses,418,199,0.476076555
Andaman and Nicobar Islands,NORTH AND MIDDLE ANDAMAN,2001,Kharif,Rice,9718,27033,2.781745215
Andaman and Nicobar Islands,NORTH AND MIDDLE ANDAMAN,2001,Whole Year,Cashewnut,81,33,0.407407407
Andaman and Nicobar Islands,NORTH AND MIDDLE ANDAMAN,2001,Whole Year,Coconut,7015,25250000,3599.429793
Andaman and Nicobar Islands,NORTH AND MIDDLE ANDAMAN,2001,Whole Year,Dry ginger,344,1124,3.26744186
Andaman and Nicobar Islands,NORTH AND MIDDLE ANDAMAN,2001,Whole Year,Sugarcane,81,2379,29.37037037
Andaman and Nicobar Islands,NORTH AND MIDDLE ANDAMAN,2001,Whole Year,Sweet potato,100,5,0.05
Andaman and Nicobar Islands,NORTH AND MIDDLE ANDAMAN,2006,Kharif,Rice,6854.3,18995.62,2.771343536
Andaman and Nicobar Islands,NORTH AND MIDDLE ANDAMAN,2006,Whole Year,Arecanut,1160,3011.7,2.596293103
Andaman and Nicobar Islands,NORTH AND MIDDLE ANDAMAN,2006,Whole Year,Banana,957.57,8582,8.962269077
Andaman and Nicobar Islands,NORTH AND MIDDLE ANDAMAN,2006,Whole Year,Black pepper,175,191.14,1.092228571
Andaman and Nicobar Islands,NORTH AND MIDDLE ANDAMAN,2006,Whole Year,Cashewnut,40.5,44,1.086419753
Andaman and Nicobar Islands,NORTH AND MIDDLE ANDAMAN,2006,Whole Year,Coconut,3575,15400000,4307.692308
Andaman and Nicobar Islands,NORTH AND MIDDLE ANDAMAN,2006,Whole Year,Dry chillies,235.72,824.3,3.496945529
Andaman and Nicobar Islands,NORTH AND MIDDLE ANDAMAN,2006,Whole Year,Dry ginger,98.66,929,9.416176769
Andaman and Nicobar Islands,NORTH AND MIDDLE ANDAMAN,2006,Whole Year,other oilseeds,35.62,21.4,0.600786075
Andaman and Nicobar Islands,NORTH AND MIDDLE ANDAMAN,2006,Whole Year,Sugarcane,71.3,1500,21.03786816
Andaman and Nicobar Islands,NORTH AND MIDDLE ANDAMAN,2006,Whole Year,Sweet potato,30,240,8
Andaman and Nicobar Islands,NORTH AND MIDDLE ANDAMAN,2006,Whole Year,Tapioca,255,1420,5.568627451
Andaman and Nicobar Islands,NORTH AND MIDDLE ANDAMAN,2006,Whole Year,Turmeric,68,408,6
Andaman and Nicobar Islands,NORTH AND MIDDLE ANDAMAN,2010,Autumn,Rice,6791,20118,2.962450302
Andaman and Nicobar Islands,NORTH AND MIDDLE ANDAMAN,2010,Autumn,Sugarcane,73.33,889.2,12.12600573
Andaman and Nicobar Islands,NORTH AND MIDDLE ANDAMAN,2010,Rabi,Arecanut,1296,2290,1.766975309
Andaman and Nicobar Islands,NORTH AND MIDDLE ANDAMAN,2010,Rabi,Arhar/Tur,294.5,90.8,0.308319185
Andaman and Nicobar Islands,NORTH AND MIDDLE ANDAMAN,2010,Rabi,Black pepper,168,13.5,0.080357143
Andaman and Nicobar Islands,NORTH AND MIDDLE ANDAMAN,2010,Rabi,Cashewnut,84.5,39,0.461538462
Andaman and Nicobar Islands,NORTH AND MIDDLE ANDAMAN,2010,Rabi,Dry chillies,254,402,1.582677165
Andaman and Nicobar Islands,NORTH AND MIDDLE ANDAMAN,2010,Rabi,Dry ginger,110,1011.84,9.198545455
Andaman and Nicobar Islands,NORTH AND MIDDLE ANDAMAN,2010,Rabi,Groundnut,4.75,6.8,1.431578947
Andaman and Nicobar Islands,NORTH AND MIDDLE ANDAMAN,2010,Rabi,Maize,86.7,96.4,1.111880046
Andaman and Nicobar Islands,NORTH AND MIDDLE ANDAMAN,2010,Rabi,Moong(Green Gram),1168.6,556.55,0.476253637
Andaman and Nicobar Islands,NORTH AND MIDDLE ANDAMAN,2010,Rabi,Sunflower,2.9,1.9,0.655172414
Andaman and Nicobar Islands,NORTH AND MIDDLE ANDAMAN,2010,Rabi,Sweet potato,109,480,4.403669725
Andaman and Nicobar Islands,NORTH AND MIDDLE ANDAMAN,2010,Rabi,Turmeric,68,376.5,5.536764706
Andaman and Nicobar Islands,NORTH AND MIDDLE ANDAMAN,2010,Rabi,Urad,1059.5,458.79,0.433025012
Andaman and Nicobar Islands,NORTH AND MIDDLE ANDAMAN,2010,Whole Year,Banana,657,7968,12.12785388
Andaman and Nicobar Islands,NORTH AND MIDDLE ANDAMAN,2010,Whole Year,Coconut,3668,12700000,3462.377317
Andaman and Nicobar Islands,NORTH AND MIDDLE ANDAMAN,2010,Whole Year,Tapioca,186.5,1355,7.26541555
Andaman and Nicobar Islands,SOUTH ANDAMANS,2002,Kharif,Rice,10695.8,31600.82,2.954507377
Andaman and Nicobar Islands,SOUTH ANDAMANS,2002,Whole Year,Arecanut,3105,5267,1.696296296
Andaman and Nicobar Islands,SOUTH ANDAMANS,2002,Whole Year,Banana,1524,10882,7.140419948
Andaman and Nicobar Islands,SOUTH ANDAMANS,2002,Whole Year,Black pepper,487,102.5,0.210472279
Andaman and Nicobar Islands,SOUTH ANDAMANS,2002,Whole Year,Cashewnut,81,24,0.296296296
Andaman and Nicobar Islands,SOUTH ANDAMANS,2002,Whole Year,Coconut,7060,26830000,3800.283286
Andaman and Nicobar Islands,SOUTH ANDAMANS,2002,Whole Year,Dry chillies,239,20.9,0.087447699
Andaman and Nicobar Islands,SOUTH ANDAMANS,2002,Whole Year,Dry ginger,352,1145,3.252840909
Andaman and Nicobar Islands,SOUTH ANDAMANS,2002,Whole Year,other oilseeds,85.1,40.31,0.473678026
Andaman and Nicobar Islands,SOUTH ANDAMANS,2002,Whole Year,Sugarcane,455,13760,30.24175824
Andaman and Nicobar Islands,SOUTH ANDAMANS,2003,Kharif,Rice,10509.37,30760.7,2.926978496
Andaman and Nicobar Islands,SOUTH ANDAMANS,2003,Whole Year,Arecanut,3118,5182,1.661962797
Andaman and Nicobar Islands,SOUTH ANDAMANS,2003,Whole Year,Banana,1530,11558,7.554248366
Andaman and Nicobar Islands,SOUTH ANDAMANS,2003,Whole Year,Black pepper,497,104.37,0.21
Andaman and Nicobar Islands,SOUTH ANDAMANS,2003,Whole Year,Cashewnut,116.5,26.14,0.224377682
Andaman and Nicobar Islands,SOUTH ANDAMANS,2003,Whole Year,Coconut,7110,26660000,3749.648383
Andaman and Nicobar Islands,SOUTH ANDAMANS,2003,Whole Year,Dry chillies,340,578,1.7
Andaman and Nicobar Islands,SOUTH ANDAMANS,2003,Whole Year,Dry ginger,406,1299.2,3.2
Andaman and Nicobar Islands,SOUTH ANDAMANS,2003,Whole Year,other oilseeds,82.09,35.51,0.432574004
Andaman and Nicobar Islands,SOUTH ANDAMANS,2003,Whole Year,Sugarcane,268,2879.52,10.74447761
Andaman and Nicobar Islands,SOUTH ANDAMANS,2004,Kharif,Rice,10681.98,29119.66,2.726054533
Andaman and Nicobar Islands,SOUTH ANDAMANS,2004,Whole Year,Arecanut,3160.67,3975.2,1.257708018
Andaman and Nicobar Islands,SOUTH ANDAMANS,2004,Whole Year,Banana,1912.1,17374.4,9.086554051
Andaman and Nicobar Islands,SOUTH ANDAMANS,2004,Whole Year,Black pepper,570,104.36,0.183087719
Andaman and Nicobar Islands,SOUTH ANDAMANS,2004,Whole Year,Cashewnut,116.5,25.1,0.215450644
Andaman and Nicobar Islands,SOUTH ANDAMANS,2004,Whole Year,Coconut,7156.7,34750000,4855.589867
Andaman and Nicobar Islands,SOUTH ANDAMANS,2004,Whole Year,Dry chillies,340,822.8,2.42
Andaman and Nicobar Islands,SOUTH ANDAMANS,2004,Whole Year,Dry ginger,410,1462,3.565853659
Andaman and Nicobar Islands,SOUTH ANDAMANS,2004,Whole Year,other oilseeds,89.3,46.5,0.520716685
Andaman and Nicobar Islands,SOUTH ANDAMANS,2004,Whole Year,Sugarcane,145.26,1560,10.7393639
Andaman and Nicobar Islands,SOUTH ANDAMANS,2005,Kharif,Rice,8683.38,25870.98,2.979367481
Andaman and Nicobar Islands,SOUTH ANDAMANS,2005,Whole Year,Arecanut,3250.78,3058.46,0.940838814
Andaman and Nicobar Islands,SOUTH ANDAMANS,2005,Whole Year,Banana,1656.8,10251.13,6.187306857
Andaman and Nicobar Islands,SOUTH ANDAMANS,2005,Whole Year,Black pepper,656.45,35.95,0.054764262
Andaman and Nicobar Islands,SOUTH ANDAMANS,2005,Whole Year,Cashewnut,118.5,30.22,0.255021097
Andaman and Nicobar Islands,SOUTH ANDAMANS,2005,Whole Year,Coconut,7050.45,26430000,3748.696892
Andaman and Nicobar Islands,SOUTH ANDAMANS,2005,Whole Year,Dry chillies,370.7,877.6,2.367413002
Andaman and Nicobar Islands,SOUTH ANDAMANS,2005,Whole Year,Dry ginger,200,1800,9
Andaman and Nicobar Islands,SOUTH ANDAMANS,2005,Whole Year,other oilseeds,53.55,34.2,0.638655462
Andaman and Nicobar Islands,SOUTH ANDAMANS,2005,Whole Year,Sugarcane,128.02,2448.2,19.12357444
Andaman and Nicobar Islands,SOUTH ANDAMANS,2005,Whole Year,Sweet potato,131.9,700.35,5.309704321
Andaman and Nicobar Islands,SOUTH ANDAMANS,2005,Whole Year,Tapioca,254.5,1480,5.815324165
Andaman and Nicobar Islands,SOUTH ANDAMANS,2005,Whole Year,Turmeric,81.7,572,7.00122399
Andaman and Nicobar Islands,SOUTH ANDAMANS,2006,Kharif,Rice,921.87,2539.64,2.754878671
Andaman and Nicobar Islands,SOUTH ANDAMANS,2006,Whole Year,Arecanut,2000,2350,1.175
Andaman and Nicobar Islands,SOUTH ANDAMANS,2006,Whole Year,Banana,483,4150,8.592132505
Andaman and Nicobar Islands,SOUTH ANDAMANS,2006,Whole Year,Black pepper,413.1,20.18,0.048850157
Andaman and Nicobar Islands,SOUTH ANDAMANS,2006,Whole Year,Cashewnut,79.5,26,0.327044025
Andaman and Nicobar Islands,SOUTH ANDAMANS,2006,Whole Year,Coconut,3483.09,14190000,4073.968804
Andaman and Nicobar Islands,SOUTH ANDAMANS,2006,Whole Year,Dry chillies,124.6,34.7,0.278491172
Andaman and Nicobar Islands,SOUTH ANDAMANS,2006,Whole Year,Dry ginger,100.9,900,8.919722498
Andaman and Nicobar Islands,SOUTH ANDAMANS,2006,Whole Year,other oilseeds,24,14.98,0.624166667
Andaman and Nicobar Islands,SOUTH ANDAMANS,2006,Whole Year,Sugarcane,53.5,999.5,18.68224299
Andaman and Nicobar Islands,SOUTH ANDAMANS,2006,Whole Year,Sweet potato,30.4,220,7.236842105
Andaman and Nicobar Islands,SOUTH ANDAMANS,2006,Whole Year,Tapioca,40,160,4
Andaman and Nicobar Islands,SOUTH ANDAMANS,2006,Whole Year,Turmeric,10,60,6
Andaman and Nicobar Islands,SOUTH ANDAMANS,2010,Autumn,Rice,1595.5,3788,2.374177374
Andaman and Nicobar Islands,SOUTH ANDAMANS,2010,Autumn,Sugarcane,67.5,402,5.955555556
Andaman and Nicobar Islands,SOUTH ANDAMANS,2010,Rabi,Arecanut,1912,1900,0.993723849
Andaman and Nicobar Islands,SOUTH ANDAMANS,2010,Rabi,Arhar/Tur,20.5,13.2,0.643902439
Andaman and Nicobar Islands,SOUTH ANDAMANS,2010,Rabi,Black pepper,409,98,0.239608802
Andaman and Nicobar Islands,SOUTH ANDAMANS,2010,Rabi,Cashewnut,15,10.5,0.7
Andaman and Nicobar Islands,SOUTH ANDAMANS,2010,Rabi,Dry chillies,128,148,1.15625
Andaman and Nicobar Islands,SOUTH ANDAMANS,2010,Rabi,Dry ginger,94,828.52,8.814042553
Andaman and Nicobar Islands,SOUTH ANDAMANS,2010,Rabi,Groundnut,15.5,7.6,0.490322581
Andaman and Nicobar Islands,SOUTH ANDAMANS,2010,Rabi,Maize,73,253,3.465753425
Andaman and Nicobar Islands,SOUTH ANDAMANS,2010,Rabi,Moong(Green Gram),29.9,17.85,0.596989967
Andaman and Nicobar Islands,SOUTH ANDAMANS,2010,Rabi,Sunflower,1,0.5,0.5
Andaman and Nicobar Islands,SOUTH ANDAMANS,2010,Rabi,Sweet potato,32,235,7.34375
Andaman and Nicobar Islands,SOUTH ANDAMANS,2010,Rabi,Turmeric,10,105,10.5
Andaman and Nicobar Islands,SOUTH ANDAMANS,2010,Rabi,Urad,34,15.05,0.442647059
Andaman and Nicobar Islands,SOUTH ANDAMANS,2010,Whole Year,Banana,360,5517,15.325
Andaman and Nicobar Islands,SOUTH ANDAMANS,2010,Whole Year,Coconut,3540,11000000,3107.344633
Andaman and Nicobar Islands,SOUTH ANDAMANS,2010,Whole Year,Tapioca,22.5,220,9.777777778
Andhra Pradesh,ANANTAPUR,1997,Kharif,Arhar/Tur,21400,2600,0.121495327
Andhra Pradesh,ANANTAPUR,1997,Kharif,Bajra,1400,500,0.357142857
Andhra Pradesh,ANANTAPUR,1997,Kharif,Castor seed,1000,100,0.1
Andhra Pradesh,ANANTAPUR,1997,Kharif,Cotton(lint),7300,9400,1.287671233
Andhra Pradesh,ANANTAPUR,1997,Kharif,Dry chillies,3700,7100,1.918918919
Andhra Pradesh,ANANTAPUR,1997,Kharif,Groundnut,650800,228400,0.350952674
Andhra Pradesh,ANANTAPUR,1997,Kharif,Horse-gram,3300,1000,0.303030303
Andhra Pradesh,ANANTAPUR,1997,Kharif,Jowar,10100,10200,1.00990099
Andhra Pradesh,ANANTAPUR,1997,Kharif,Korra,2200,700,0.318181818
Andhra Pradesh,ANANTAPUR,1997,Kharif,Maize,2800,4900,1.75
Andhra Pradesh,ANANTAPUR,1997,Kharif,Moong(Green Gram),1300,500,0.384615385
Andhra Pradesh,ANANTAPUR,1997,Kharif,Other Kharif pulses,800,100,0.125
Andhra Pradesh,ANANTAPUR,1997,Kharif,Ragi,6700,11800,1.76119403
Andhra Pradesh,ANANTAPUR,1997,Kharif,Rice,35600,75400,2.117977528
Andhra Pradesh,ANANTAPUR,1997,Kharif,Sugarcane,700,72900,104.1428571
Andhra Pradesh,ANANTAPUR,1997,Kharif,Sunflower,35900,11100,0.309192201
Andhra Pradesh,ANANTAPUR,1997,Kharif,Tobacco,200,200,1
Andhra Pradesh,ANANTAPUR,1997,Rabi,Dry chillies,100,100,1
Andhra Pradesh,ANANTAPUR,1997,Rabi,Gram,28000,14800,0.528571429
Andhra Pradesh,ANANTAPUR,1997,Rabi,Groundnut,20200,21700,1.074257426
Andhra Pradesh,ANANTAPUR,1997,Rabi,Horse-gram,600,200,0.333333333
Andhra Pradesh,ANANTAPUR,1997,Rabi,Jowar,18800,9400,0.5
Andhra Pradesh,ANANTAPUR,1997,Rabi,Korra,100,100,1
Andhra Pradesh,ANANTAPUR,1997,Rabi,Maize,600,2400,4
Andhra Pradesh,ANANTAPUR,1997,Rabi,Ragi,600,1000,1.666666667
Andhra Pradesh,ANANTAPUR,1997,Rabi,Rice,18000,37300,2.072222222
Andhra Pradesh,ANANTAPUR,1997,Rabi,Sunflower,30100,11100,0.368770764
Andhra Pradesh,ANANTAPUR,1997,Rabi,Wheat,300,200,0.666666667
Andhra Pradesh,ANANTAPUR,1998,Kharif,Arhar/Tur,27400,9100,0.332116788
Andhra Pradesh,ANANTAPUR,1998,Kharif,Bajra,2600,1900,0.730769231
Andhra Pradesh,ANANTAPUR,1998,Kharif,Castor seed,3200,1000,0.3125
Andhra Pradesh,ANANTAPUR,1998,Kharif,Cotton(lint),14000,12900,0.921428571
Andhra Pradesh,ANANTAPUR,1998,Kharif,Dry chillies,4000,10000,2.5
Andhra Pradesh,ANANTAPUR,1998,Kharif,Groundnut,755200,867800,1.149099576
Andhra Pradesh,ANANTAPUR,1998,Kharif,Horse-gram,2300,900,0.391304348
Andhra Pradesh,ANANTAPUR,1998,Kharif,Jowar,3700,5800,1.567567568
Andhra Pradesh,ANANTAPUR,1998,Kharif,Korra,4600,3400,0.739130435
Andhra Pradesh,ANANTAPUR,1998,Kharif,Maize,3300,6700,2.03030303
Andhra Pradesh,ANANTAPUR,1998,Kharif,Moong(Green Gram),2100,1300,0.619047619
Andhra Pradesh,ANANTAPUR,1998,Kharif,Other Kharif pulses,2000,300,0.15
Andhra Pradesh,ANANTAPUR,1998,Kharif,Ragi,7000,14900,2.128571429
Andhra Pradesh,ANANTAPUR,1998,Kharif,Rice,38300,96800,2.527415144
Andhra Pradesh,ANANTAPUR,1998,Kharif,Sunflower,21300,12200,0.572769953
Andhra Pradesh,ANANTAPUR,1998,Rabi,Dry chillies,200,200,1
Andhra Pradesh,ANANTAPUR,1998,Rabi,Gram,26200,25900,0.988549618
Andhra Pradesh,ANANTAPUR,1998,Rabi,Groundnut,25900,35800,1.382239382
Andhra Pradesh,ANANTAPUR,1998,Rabi,Horse-gram,700,500,0.714285714
Andhra Pradesh,ANANTAPUR,1998,Rabi,Jowar,14800,22100,1.493243243
Andhra Pradesh,ANANTAPUR,1998,Rabi,Maize,300,1600,5.333333333
Andhra Pradesh,ANANTAPUR,1998,Rabi,Ragi,700,1200,1.714285714
Andhra Pradesh,ANANTAPUR,1998,Rabi,Rice,26600,63900,2.402255639
Andhra Pradesh,ANANTAPUR,1998,Rabi,Sunflower,13500,3300,0.244444444
Andhra Pradesh,ANANTAPUR,1998,Rabi,Wheat,400,200,0.5
Andhra Pradesh,ANANTAPUR,1998,Whole Year,Sugarcane,700,65900,94.14285714
Andhra Pradesh,ANANTAPUR,1998,Whole Year,Tobacco,100,100,1
Andhra Pradesh,ANANTAPUR,1999,Kharif,Bajra,1635,889,0.543730887
Andhra Pradesh,ANANTAPUR,1999,Kharif,Castor seed,1880,355,0.188829787
Andhra Pradesh,ANANTAPUR,1999,Kharif,Cotton(lint),9453,10510,1.111816355
Andhra Pradesh,ANANTAPUR,1999,Kharif,Groundnut,694865,249457,0.359000669
Andhra Pradesh,ANANTAPUR,1999,Kharif,Horse-gram,1762,495,0.28093076
Andhra Pradesh,ANANTAPUR,1999,Kharif,Jowar,11131,14582,1.310035037
Andhra Pradesh,ANANTAPUR,1999,Kharif,Maize,3358,9540,2.840976772
Andhra Pradesh,ANANTAPUR,1999,Kharif,Masoor,23117,3861,0.167019942
Andhra Pradesh,ANANTAPUR,1999,Kharif,Moong(Green Gram),1546,1098,0.710219922
Andhra Pradesh,ANANTAPUR,1999,Kharif,Ragi,6215,11467,1.845052293
Andhra Pradesh,ANANTAPUR,1999,Kharif,Rice,37991,105082,2.765970888
Andhra Pradesh,ANANTAPUR,1999,Kharif,Sesamum,8,2,0.25
Andhra Pradesh,ANANTAPUR,1999,Kharif,Urad,4,2,0.5
Andhra Pradesh,ANANTAPUR,1999,Rabi,Bajra,99,54,0.545454545
Andhra Pradesh,ANANTAPUR,1999,Rabi,Gram,26835,9365,0.348984535
Andhra Pradesh,ANANTAPUR,1999,Rabi,Groundnut,21785,25358,1.164011935
Andhra Pradesh,ANANTAPUR,1999,Rabi,Horse-gram,1071,327,0.305322129
Andhra Pradesh,ANANTAPUR,1999,Rabi,Jowar,21487,30576,1.422999953
Andhra Pradesh,ANANTAPUR,1999,Rabi,Linseed,12,1,0.083333333
Andhra Pradesh,ANANTAPUR,1999,Rabi,Maize,455,2203,4.841758242
Andhra Pradesh,ANANTAPUR,1999,Rabi,Masoor,98,10,0.102040816
Andhra Pradesh,ANANTAPUR,1999,Rabi,Moong(Green Gram),1,1,1
Andhra Pradesh,ANANTAPUR,1999,Rabi,Ragi,734,1180,1.607629428
Andhra Pradesh,ANANTAPUR,1999,Rabi,Rice,20258,45669,2.254368644
Andhra Pradesh,ANANTAPUR,1999,Rabi,Safflower,881,145,0.164585698
Andhra Pradesh,ANANTAPUR,1999,Rabi,Sesamum,10,2,0.2
Andhra Pradesh,ANANTAPUR,1999,Rabi,Wheat,439,294,0.669703872
Andhra Pradesh,ANANTAPUR,1999,Whole Year,Dry chillies,5199,5759,1.107713022
Andhra Pradesh,ANANTAPUR,1999,Whole Year,Onion,1770,32364,18.28474576
Andhra Pradesh,ANANTAPUR,1999,Whole Year,Sugarcane,884,83126,94.03393665
Andhra Pradesh,ANANTAPUR,2000,Kharif,Arhar/Tur,30693,7888,0.256996709
Andhra Pradesh,ANANTAPUR,2000,Kharif,Bajra,2477,1449,0.584981833
Andhra Pradesh,ANANTAPUR,2000,Kharif,Castor seed,9315,2831,0.303918411
Andhra Pradesh,ANANTAPUR,2000,Kharif,Cotton(lint),12025,16128,1.341205821
Andhra Pradesh,ANANTAPUR,2000,Kharif,Dry chillies,3755,10146,2.701997337
Andhra Pradesh,ANANTAPUR,2000,Kharif,Gram,21,14,0.666666667
Andhra Pradesh,ANANTAPUR,2000,Kharif,Groundnut,791559,884963,1.118000048
Andhra Pradesh,ANANTAPUR,2000,Kharif,Horse-gram,601,215,0.357737105
Andhra Pradesh,ANANTAPUR,2000,Kharif,Jowar,5071,14351,2.830013804
Andhra Pradesh,ANANTAPUR,2000,Kharif,Korra,1626,1143,0.70295203
Andhra Pradesh,ANANTAPUR,2000,Kharif,Maize,3475,9049,2.604028777
Andhra Pradesh,ANANTAPUR,2000,Kharif,Moong(Green Gram),1744,774,0.443807339
Andhra Pradesh,ANANTAPUR,2000,Kharif,Onion,1103,15470,14.02538531
Andhra Pradesh,ANANTAPUR,2000,Kharif,Other Kharif pulses,3167,559,0.176507736
Andhra Pradesh,ANANTAPUR,2000,Kharif,other misc. pulses,1292,214,0.165634675
Andhra Pradesh,ANANTAPUR,2000,Kharif,Ragi,6613,16923,2.559050355
Andhra Pradesh,ANANTAPUR,2000,Kharif,Rice,39905,117680,2.949003884
Andhra Pradesh,ANANTAPUR,2000,Kharif,Samai,21,5,0.238095238
Andhra Pradesh,ANANTAPUR,2000,Kharif,Sesamum,5,1,0.2
Andhra Pradesh,ANANTAPUR,2000,Kharif,Small millets,1647,1148,0.697024894
Andhra Pradesh,ANANTAPUR,2000,Kharif,Sunflower,30606,24590,0.803437235
Andhra Pradesh,ANANTAPUR,2000,Kharif,Urad,135,8,0.059259259
Andhra Pradesh,ANANTAPUR,2000,Rabi,Arhar/Tur,35,9,0.257142857
Andhra Pradesh,ANANTAPUR,2000,Rabi,Bajra,317,185,0.583596215
Andhra Pradesh,ANANTAPUR,2000,Rabi,Dry chillies,71,81,1.14084507
Andhra Pradesh,ANANTAPUR,2000,Rabi,Gram,33858,22685,0.670004135
Andhra Pradesh,ANANTAPUR,2000,Rabi,Groundnut,23048,23832,1.034015967
Andhra Pradesh,ANANTAPUR,2000,Rabi,Horse-gram,377,80,0.212201592
Andhra Pradesh,ANANTAPUR,2000,Rabi,Jowar,15242,16980,1.114027031
Andhra Pradesh,ANANTAPUR,2000,Rabi,Korra,96,67,0.697916667
Andhra Pradesh,ANANTAPUR,2000,Rabi,Linseed,8,2,0.25
Andhra Pradesh,ANANTAPUR,2000,Rabi,Maize,399,2148,5.383458647
Andhra Pradesh,ANANTAPUR,2000,Rabi,Onion,482,11514,23.8879668
Andhra Pradesh,ANANTAPUR,2000,Rabi,Ragi,909,1312,1.443344334
Andhra Pradesh,ANANTAPUR,2000,Rabi,Rice,22099,57236,2.589981447
Andhra Pradesh,ANANTAPUR,2000,Rabi,Safflower,703,129,0.183499289
Andhra Pradesh,ANANTAPUR,2000,Rabi,Small millets,96,67,0.697916667
Andhra Pradesh,ANANTAPUR,2000,Rabi,Urad,363,292,0.804407713
Andhra Pradesh,ANANTAPUR,2000,Rabi,Wheat,520,297,0.571153846
Andhra Pradesh,ANANTAPUR,2000,Whole Year,Arecanut,252,696,2.761904762
Andhra Pradesh,ANANTAPUR,2000,Whole Year,Banana,769,11693,15.20546164
Andhra Pradesh,ANANTAPUR,2000,Whole Year,Coconut,908,3896970,4291.817181
Andhra Pradesh,ANANTAPUR,2000,Whole Year,Coriander,8953,2266,0.25309952
Andhra Pradesh,ANANTAPUR,2000,Whole Year,Potato,4,34,8.5
Andhra Pradesh,ANANTAPUR,2000,Whole Year,Sugarcane,284,25395,89.41901408
Andhra Pradesh,ANANTAPUR,2000,Whole Year,Sweet potato,28,379,13.53571429
Andhra Pradesh,ANANTAPUR,2000,Whole Year,Tobacco,89,114,1.280898876
Andhra Pradesh,ANANTAPUR,2000,Whole Year,Turmeric,39,272,6.974358974
Andhra Pradesh,ANANTAPUR,2001,Kharif,Arhar/Tur,27942,7628,0.272994059
Andhra Pradesh,ANANTAPUR,2001,Kharif,Bajra,1595,526,0.329780564
Andhra Pradesh,ANANTAPUR,2001,Kharif,Castor seed,3191,900,0.282043247
Andhra Pradesh,ANANTAPUR,2001,Kharif,Cotton(lint),8552,9055,1.058816651
Andhra Pradesh,ANANTAPUR,2001,Kharif,Dry chillies,3765,7127,1.892961487
Andhra Pradesh,ANANTAPUR,2001,Kharif,Gram,16,17,1.0625
Andhra Pradesh,ANANTAPUR,2001,Kharif,Groundnut,758700,333828,0.44
Andhra Pradesh,ANANTAPUR,2001,Kharif,Horse-gram,649,60,0.092449923
Andhra Pradesh,ANANTAPUR,2001,Kharif,Jowar,3900,6720,1.723076923
Andhra Pradesh,ANANTAPUR,2001,Kharif,Korra,1434,627,0.437238494
Andhra Pradesh,ANANTAPUR,2001,Kharif,Maize,2667,7129,2.67304087
Andhra Pradesh,ANANTAPUR,2001,Kharif,Moong(Green Gram),1511,730,0.483123759
Andhra Pradesh,ANANTAPUR,2001,Kharif,Onion,1165,19232,16.50815451
Andhra Pradesh,ANANTAPUR,2001,Kharif,Other Kharif pulses,2496,324,0.129807692
Andhra Pradesh,ANANTAPUR,2001,Kharif,Ragi,5124,12405,2.420960187
Andhra Pradesh,ANANTAPUR,2001,Kharif,Rice,32878,95609,2.907993187
Andhra Pradesh,ANANTAPUR,2001,Kharif,Small millets,1434,627,0.437238494
Andhra Pradesh,ANANTAPUR,2001,Kharif,Sunflower,51610,33580,0.650649099
Andhra Pradesh,ANANTAPUR,2001,Kharif,Urad,487,176,0.361396304
Andhra Pradesh,ANANTAPUR,2001,Rabi,Arhar/Tur,5,1,0.2
Andhra Pradesh,ANANTAPUR,2001,Rabi,Bajra,27,9,0.333333333
Andhra Pradesh,ANANTAPUR,2001,Rabi,Dry chillies,108,168,1.555555556
Andhra Pradesh,ANANTAPUR,2001,Rabi,Gram,47894,50145,1.046999624
Andhra Pradesh,ANANTAPUR,2001,Rabi,Groundnut,18773,29192,1.554999201
Andhra Pradesh,ANANTAPUR,2001,Rabi,Horse-gram,417,226,0.541966427
Andhra Pradesh,ANANTAPUR,2001,Rabi,Jowar,15170,17446,1.15003296
Andhra Pradesh,ANANTAPUR,2001,Rabi,Linseed,5,1,0.2
Andhra Pradesh,ANANTAPUR,2001,Rabi,Maize,447,2893,6.472035794
Andhra Pradesh,ANANTAPUR,2001,Rabi,Moong(Green Gram),40,12,0.3
Andhra Pradesh,ANANTAPUR,2001,Rabi,Onion,380,8465,22.27631579
Andhra Pradesh,ANANTAPUR,2001,Rabi,Other  Rabi pulses,1,1,1
Andhra Pradesh,ANANTAPUR,2001,Rabi,Ragi,544,725,1.332720588
Andhra Pradesh,ANANTAPUR,2001,Rabi,Rice,38119,108906,2.857000446
Andhra Pradesh,ANANTAPUR,2001,Rabi,Safflower,3768,528,0.140127389
Andhra Pradesh,ANANTAPUR,2001,Rabi,Sesamum,2,1,0.5
Andhra Pradesh,ANANTAPUR,2001,Rabi,Urad,127,86,0.677165354
Andhra Pradesh,ANANTAPUR,2001,Rabi,Wheat,307,213,0.693811075
Andhra Pradesh,ANANTAPUR,2001,Whole Year,Arecanut,257,430,1.673151751
Andhra Pradesh,ANANTAPUR,2001,Whole Year,Banana,1582,462,0.292035398
Andhra Pradesh,ANANTAPUR,2001,Whole Year,Coconut,851,3053700,3588.366627
Andhra Pradesh,ANANTAPUR,2001,Whole Year,Coriander,4741,1119,0.236026155
Andhra Pradesh,ANANTAPUR,2001,Whole Year,Sugarcane,490,42470,86.67346939
Andhra Pradesh,ANANTAPUR,2001,Whole Year,Sweet potato,31,411,13.25806452
Andhra Pradesh,ANANTAPUR,2001,Whole Year,Tobacco,111,111,1
Andhra Pradesh,ANANTAPUR,2001,Whole Year,Turmeric,8,40,5
Andhra Pradesh,ANANTAPUR,2002,Kharif,Arhar/Tur,33454,6557,0.196000478
Andhra Pradesh,ANANTAPUR,2002,Kharif,Bajra,1925,581,0.301818182
Andhra Pradesh,ANANTAPUR,2002,Kharif,Castor seed,2050,416,0.202926829
Andhra Pradesh,ANANTAPUR,2002,Kharif,Cotton(lint),7638,7144,0.935323383
Andhra Pradesh,ANANTAPUR,2002,Kharif,Dry chillies,2737,6128,2.238947753
Andhra Pradesh,ANANTAPUR,2002,Kharif,Groundnut,732262,259953,0.354999986
Andhra Pradesh,ANANTAPUR,2002,Kharif,Horse-gram,947,140,0.147835269
Andhra Pradesh,ANANTAPUR,2002,Kharif,Jowar,2906,4545,1.564005506
Andhra Pradesh,ANANTAPUR,2002,Kharif,Korra,1000,100,0.1
Andhra Pradesh,ANANTAPUR,2002,Kharif,Maize,3541,3431,0.968935329
Andhra Pradesh,ANANTAPUR,2002,Kharif,Moong(Green Gram),1150,174,0.151304348
Andhra Pradesh,ANANTAPUR,2002,Kharif,Onion,776,8432,10.86597938
Andhra Pradesh,ANANTAPUR,2002,Kharif,Other Kharif pulses,490,47,0.095918367
Andhra Pradesh,ANANTAPUR,2002,Kharif,Ragi,5157,12140,2.354081831
Andhra Pradesh,ANANTAPUR,2002,Kharif,Rice,29066,66329,2.282013349
Andhra Pradesh,ANANTAPUR,2002,Kharif,Small millets,919,180,0.195865071
Andhra Pradesh,ANANTAPUR,2002,Kharif,Soyabean,51,0,0
Andhra Pradesh,ANANTAPUR,2002,Kharif,Sunflower,60319,22149,0.367197732
Andhra Pradesh,ANANTAPUR,2002,Kharif,Urad,32,2,0.0625
Andhra Pradesh,ANANTAPUR,2002,Rabi,Bajra,129,39,0.302325581
Andhra Pradesh,ANANTAPUR,2002,Rabi,Dry chillies,83,161,1.939759036
Andhra Pradesh,ANANTAPUR,2002,Rabi,Gram,54264,20186,0.371996167
Andhra Pradesh,ANANTAPUR,2002,Rabi,Groundnut,17529,18651,1.064008215
Andhra Pradesh,ANANTAPUR,2002,Rabi,Horse-gram,1859,688,0.370091447
Andhra Pradesh,ANANTAPUR,2002,Rabi,Jowar,12676,11497,0.906989587
Andhra Pradesh,ANANTAPUR,2002,Rabi,Linseed,8,2,0.25
Andhra Pradesh,ANANTAPUR,2002,Rabi,Maize,1288,8933,6.935559006
Andhra Pradesh,ANANTAPUR,2002,Rabi,Moong(Green Gram),4,1,0.25
Andhra Pradesh,ANANTAPUR,2002,Rabi,Onion,401,7192,17.93516209
Andhra Pradesh,ANANTAPUR,2002,Rabi,Ragi,417,517,1.239808153
Andhra Pradesh,ANANTAPUR,2002,Rabi,Rice,10960,20462,1.866970803
Andhra Pradesh,ANANTAPUR,2002,Rabi,Safflower,2594,340,0.131071704
Andhra Pradesh,ANANTAPUR,2002,Rabi,Small millets,10,2,0.2
Andhra Pradesh,ANANTAPUR,2002,Rabi,Urad,408,236,0.578431373
Andhra Pradesh,ANANTAPUR,2002,Rabi,Wheat,362,333,0.919889503
Andhra Pradesh,ANANTAPUR,2002,Whole Year,Arecanut,263,379,1.441064639
Andhra Pradesh,ANANTAPUR,2002,Whole Year,Banana,19,1006,52.94736842
Andhra Pradesh,ANANTAPUR,2002,Whole Year,Beans & Mutter(Vegetable),1,5,5
Andhra Pradesh,ANANTAPUR,2002,Whole Year,Bhindi,126,938,7.444444444
Andhra Pradesh,ANANTAPUR,2002,Whole Year,Brinjal,1026,10162,9.904483431
Andhra Pradesh,ANANTAPUR,2002,Whole Year,Citrus Fruit,788,4000,5.076142132
Andhra Pradesh,ANANTAPUR,2002,Whole Year,Coconut,869,3691149,4247.582278
Andhra Pradesh,ANANTAPUR,2002,Whole Year,Coriander,3914,481,0.122892182
Andhra Pradesh,ANANTAPUR,2002,Whole Year,Cucumber,18,0,0
Andhra Pradesh,ANANTAPUR,2002,Whole Year,Grapes,111,2075,18.69369369
Andhra Pradesh,ANANTAPUR,2002,Whole Year,Mango,3968,26176,6.596774194
Andhra Pradesh,ANANTAPUR,2002,Whole Year,Orange,13767,112541,8.174693107
Andhra Pradesh,ANANTAPUR,2002,Whole Year,other fibres,132,0,0
Andhra Pradesh,ANANTAPUR,2002,Whole Year,Other Fresh Fruits,2418,1552,0.641852771
Andhra Pradesh,ANANTAPUR,2002,Whole Year,Other Vegetables,1767,0,0
Andhra Pradesh,ANANTAPUR,2002,Whole Year,Papaya,1544,201409,130.4462435
Andhra Pradesh,ANANTAPUR,2002,Whole Year,Pome Fruit,1207,62789,52.02071251
Andhra Pradesh,ANANTAPUR,2002,Whole Year,Potato,2,17,8.5
Andhra Pradesh,ANANTAPUR,2002,Whole Year,Sugarcane,329,22481,68.33130699
Andhra Pradesh,ANANTAPUR,2002,Whole Year,Sweet potato,50,540,10.8
Andhra Pradesh,ANANTAPUR,2002,Whole Year,Tobacco,51,90,1.764705882
Andhra Pradesh,ANANTAPUR,2002,Whole Year,Tomato,3356,16627,4.954410012
Andhra Pradesh,ANANTAPUR,2003,Kharif,Arhar/Tur,41178,6959,0.168998009
Andhra Pradesh,ANANTAPUR,2003,Kharif,Bajra,2280,378,0.165789474
Andhra Pradesh,ANANTAPUR,2003,Kharif,Castor seed,1927,805,0.417747794
Andhra Pradesh,ANANTAPUR,2003,Kharif,Cotton(lint),4212,4262,1.011870845
Andhra Pradesh,ANANTAPUR,2003,Kharif,Dry chillies,2920,10702,3.665068493
Andhra Pradesh,ANANTAPUR,2003,Kharif,Groundnut,670935,187862,0.280000298
Andhra Pradesh,ANANTAPUR,2003,Kharif,Horse-gram,492,54,0.109756098
Andhra Pradesh,ANANTAPUR,2003,Kharif,Jowar,12487,30830,2.468967726
Andhra Pradesh,ANANTAPUR,2003,Kharif,Korra,1245,229,0.183935743
Andhra Pradesh,ANANTAPUR,2003,Kharif,Maize,6246,10718,1.715978226
Andhra Pradesh,ANANTAPUR,2003,Kharif,Moong(Green Gram),1216,662,0.544407895
Andhra Pradesh,ANANTAPUR,2003,Kharif,Onion,846,13250,15.66193853
Andhra Pradesh,ANANTAPUR,2003,Kharif,Other Kharif pulses,340,15,0.044117647
Andhra Pradesh,ANANTAPUR,2003,Kharif,Ragi,3353,3547,1.057858634
Andhra Pradesh,ANANTAPUR,2003,Kharif,Rice,17515,44891,2.56300314
Andhra Pradesh,ANANTAPUR,2003,Kharif,Samai,245,83,0.33877551
Andhra Pradesh,ANANTAPUR,2003,Kharif,Small millets,1420,299,0.21056338
Andhra Pradesh,ANANTAPUR,2003,Kharif,Soyabean,16,18,1.125
Andhra Pradesh,ANANTAPUR,2003,Kharif,Sunflower,74525,29572,0.396806441
Andhra Pradesh,ANANTAPUR,2003,Kharif,Urad,82,51,0.62195122
Andhra Pradesh,ANANTAPUR,2003,Rabi,Bajra,113,19,0.168141593
Andhra Pradesh,ANANTAPUR,2003,Rabi,Dry chillies,91,190,2.087912088
Andhra Pradesh,ANANTAPUR,2003,Rabi,Gram,51461,15438,0.29999417
Andhra Pradesh,ANANTAPUR,2003,Rabi,Groundnut,15060,19819,1.316002656
Andhra Pradesh,ANANTAPUR,2003,Rabi,Horse-gram,1560,844,0.541025641
Andhra Pradesh,ANANTAPUR,2003,Rabi,Jowar,21391,19444,0.908980412
Andhra Pradesh,ANANTAPUR,2003,Rabi,Linseed,7,2,0.285714286
Andhra Pradesh,ANANTAPUR,2003,Rabi,Maize,1212,6787,5.599834983
Andhra Pradesh,ANANTAPUR,2003,Rabi,Moong(Green Gram),22,7,0.318181818
Andhra Pradesh,ANANTAPUR,2003,Rabi,Onion,535,11180,20.89719626
Andhra Pradesh,ANANTAPUR,2003,Rabi,Other  Rabi pulses,17,3,0.176470588
Andhra Pradesh,ANANTAPUR,2003,Rabi,Ragi,614,986,1.605863192
Andhra Pradesh,ANANTAPUR,2003,Rabi,Rice,10826,25463,2.352022908
Andhra Pradesh,ANANTAPUR,2003,Rabi,Safflower,307,11,0.035830619
Andhra Pradesh,ANANTAPUR,2003,Rabi,Small millets,70,13,0.185714286
Andhra Pradesh,ANANTAPUR,2003,Rabi,Wheat,414,123,0.297101449
Andhra Pradesh,ANANTAPUR,2003,Whole Year,Arecanut,266,189,0.710526316
Andhra Pradesh,ANANTAPUR,2003,Whole Year,Banana,36,1302,36.16666667
Andhra Pradesh,ANANTAPUR,2003,Whole Year,Bhindi,101,873,8.643564356
Andhra Pradesh,ANANTAPUR,2003,Whole Year,Brinjal,1129,19414,17.19574845
Andhra Pradesh,ANANTAPUR,2003,Whole Year,Citrus Fruit,706,11959,16.93909348
Andhra Pradesh,ANANTAPUR,2003,Whole Year,Coconut,839,3285828,3916.362336
Andhra Pradesh,ANANTAPUR,2003,Whole Year,Coriander,5646,610,0.108041091
Andhra Pradesh,ANANTAPUR,2003,Whole Year,Cucumber,51,0,0
Andhra Pradesh,ANANTAPUR,2003,Whole Year,Grapes,118,2048,17.3559322
Andhra Pradesh,ANANTAPUR,2003,Whole Year,Mango,3935,58337,14.82515883
Andhra Pradesh,ANANTAPUR,2003,Whole Year,Orange,13441,224640,16.71304218
Andhra Pradesh,ANANTAPUR,2003,Whole Year,Other Fresh Fruits,3241,3586,1.106448627
Andhra Pradesh,ANANTAPUR,2003,Whole Year,Other Vegetables,1783,0,0
Andhra Pradesh,ANANTAPUR,2003,Whole Year,Papaya,1381,60038,43.47429399
Andhra Pradesh,ANANTAPUR,2003,Whole Year,Pome Fruit,1466,83767,57.13983629
Andhra Pradesh,ANANTAPUR,2003,Whole Year,Sugarcane,454,32386,71.33480176
Andhra Pradesh,ANANTAPUR,2003,Whole Year,Sweet potato,30,217,7.233333333
Andhra Pradesh,ANANTAPUR,2003,Whole Year,Tobacco,20,25,1.25
Andhra Pradesh,ANANTAPUR,2003,Whole Year,Tomato,2827,17509,6.193491334
Andhra Pradesh,ANANTAPUR,2004,Kharif,Arhar/Tur,32752,7893,0.240992916
Andhra Pradesh,ANANTAPUR,2004,Kharif,Bajra,1021,403,0.394711068
Andhra Pradesh,ANANTAPUR,2004,Kharif,Castor seed,1578,923,0.584917617
Andhra Pradesh,ANANTAPUR,2004,Kharif,Cotton(lint),8933,7041,0.788201052
Andhra Pradesh,ANANTAPUR,2004,Kharif,Dry chillies,3402,11288,3.318048207
Andhra Pradesh,ANANTAPUR,2004,Kharif,Groundnut,857823,684543,0.798000287
Andhra Pradesh,ANANTAPUR,2004,Kharif,Horse-gram,421,121,0.287410926
Andhra Pradesh,ANANTAPUR,2004,Kharif,Jowar,4300,5693,1.323953488
Andhra Pradesh,ANANTAPUR,2004,Kharif,Maize,3495,10031,2.870100143
Andhra Pradesh,ANANTAPUR,2004,Kharif,Moong(Green Gram),1464,545,0.37226776
Andhra Pradesh,ANANTAPUR,2004,Kharif,Onion,1324,24824,18.74924471
Andhra Pradesh,ANANTAPUR,2004,Kharif,Other Kharif pulses,1605,172,0.107165109
Andhra Pradesh,ANANTAPUR,2004,Kharif,Ragi,3166,5860,1.850915982
Andhra Pradesh,ANANTAPUR,2004,Kharif,Rice,24335,85051,3.495007191
Andhra Pradesh,ANANTAPUR,2004,Kharif,Small millets,661,307,0.464447806
Andhra Pradesh,ANANTAPUR,2004,Kharif,Soyabean,1131,691,0.610963749
Andhra Pradesh,ANANTAPUR,2004,Kharif,Sunflower,56819,34209,0.60206973
Andhra Pradesh,ANANTAPUR,2004,Kharif,Urad,76,37,0.486842105
Andhra Pradesh,ANANTAPUR,2004,Rabi,Bajra,62,24,0.387096774
Andhra Pradesh,ANANTAPUR,2004,Rabi,Dry chillies,155,754,4.864516129
Andhra Pradesh,ANANTAPUR,2004,Rabi,Gram,42106,9516,0.226001045
Andhra Pradesh,ANANTAPUR,2004,Rabi,Groundnut,14500,21736,1.499034483
Andhra Pradesh,ANANTAPUR,2004,Rabi,Horse-gram,226,30,0.132743363
Andhra Pradesh,ANANTAPUR,2004,Rabi,Jowar,11871,14269,1.202004886
Andhra Pradesh,ANANTAPUR,2004,Rabi,Linseed,34,4,0.117647059
Andhra Pradesh,ANANTAPUR,2004,Rabi,Maize,3572,25822,7.229003359
Andhra Pradesh,ANANTAPUR,2004,Rabi,Moong(Green Gram),3,1,0.333333333
Andhra Pradesh,ANANTAPUR,2004,Rabi,Onion,234,4830,20.64102564
Andhra Pradesh,ANANTAPUR,2004,Rabi,Ragi,397,897,2.259445844
Andhra Pradesh,ANANTAPUR,2004,Rabi,Rice,9240,21622,2.34004329
Andhra Pradesh,ANANTAPUR,2004,Rabi,Safflower,186,10,0.053763441
Andhra Pradesh,ANANTAPUR,2004,Rabi,Small millets,36,17,0.472222222
Andhra Pradesh,ANANTAPUR,2004,Rabi,Sunflower,27228,9530,0.350007345
Andhra Pradesh,ANANTAPUR,2004,Rabi,Wheat,393,88,0.223918575
Andhra Pradesh,ANANTAPUR,2004,Whole Year,Banana,324,16897,52.15123457
Andhra Pradesh,ANANTAPUR,2004,Whole Year,Coconut,837,6413350,7662.305854
Andhra Pradesh,ANANTAPUR,2004,Whole Year,Coriander,2439,290,0.118901189
Andhra Pradesh,ANANTAPUR,2004,Whole Year,Potato,2,20,10
Andhra Pradesh,ANANTAPUR,2004,Whole Year,Sugarcane,400,34072,85.18
Andhra Pradesh,ANANTAPUR,2004,Whole Year,Sweet potato,33,68,2.060606061
Andhra Pradesh,ANANTAPUR,2004,Whole Year,Tobacco,49,53,1.081632653
Andhra Pradesh,ANANTAPUR,2004,Whole Year,Turmeric,4,36,9
Andhra Pradesh,ANANTAPUR,2005,Kharif,Arhar/Tur,35013,23704,0.677005684
Andhra Pradesh,ANANTAPUR,2005,Kharif,Bajra,993,1888,1.901309164
Andhra Pradesh,ANANTAPUR,2005,Kharif,Castor seed,2081,1521,0.730898606
Andhra Pradesh,ANANTAPUR,2005,Kharif,Cotton(lint),3295,3450,1.047040971
Andhra Pradesh,ANANTAPUR,2005,Kharif,Dry chillies,2178,6175,2.835169881
Andhra Pradesh,ANANTAPUR,2005,Kharif,Groundnut,877029,362213,0.413000026
Andhra Pradesh,ANANTAPUR,2005,Kharif,Horse-gram,410,107,0.26097561
Andhra Pradesh,ANANTAPUR,2005,Kharif,Jowar,3759,3879,1.031923384
Andhra Pradesh,ANANTAPUR,2005,Kharif,Maize,5958,21538,3.614971467
Andhra Pradesh,ANANTAPUR,2005,Kharif,Moong(Green Gram),1078,747,0.692949907
Andhra Pradesh,ANANTAPUR,2005,Kharif,Onion,985,17025,17.28426396
Andhra Pradesh,ANANTAPUR,2005,Kharif,Other Kharif pulses,1429,301,0.210636809
Andhra Pradesh,ANANTAPUR,2005,Kharif,Ragi,2303,4394,1.907946157
Andhra Pradesh,ANANTAPUR,2005,Kharif,Rice,25008,69972,2.797984645
Andhra Pradesh,ANANTAPUR,2005,Kharif,Small millets,854,455,0.532786885
Andhra Pradesh,ANANTAPUR,2005,Kharif,Soyabean,421,232,0.551068884
Andhra Pradesh,ANANTAPUR,2005,Kharif,Urad,69,24,0.347826087
Andhra Pradesh,ANANTAPUR,2005,Rabi,Bajra,66,125,1.893939394
Andhra Pradesh,ANANTAPUR,2005,Rabi,Dry chillies,58,214,3.689655172
Andhra Pradesh,ANANTAPUR,2005,Rabi,Gram,49105,48172,0.980999898
Andhra Pradesh,ANANTAPUR,2005,Rabi,Groundnut,22006,29752,1.35199491
Andhra Pradesh,ANANTAPUR,2005,Rabi,Horse-gram,205,77,0.375609756
Andhra Pradesh,ANANTAPUR,2005,Rabi,Jowar,12931,9970,0.771015389
Andhra Pradesh,ANANTAPUR,2005,Rabi,Linseed,29,11,0.379310345
Andhra Pradesh,ANANTAPUR,2005,Rabi,Maize,1435,10721,7.471080139
Andhra Pradesh,ANANTAPUR,2005,Rabi,Moong(Green Gram),16,5,0.3125
Andhra Pradesh,ANANTAPUR,2005,Rabi,Onion,381,9063,23.78740157
Andhra Pradesh,ANANTAPUR,2005,Rabi,Ragi,472,752,1.593220339
Andhra Pradesh,ANANTAPUR,2005,Rabi,Rice,23142,55587,2.40199637
Andhra Pradesh,ANANTAPUR,2005,Rabi,Safflower,162,33,0.203703704
Andhra Pradesh,ANANTAPUR,2005,Rabi,Urad,11,7,0.636363636
Andhra Pradesh,ANANTAPUR,2005,Rabi,Wheat,297,175,0.589225589
Andhra Pradesh,ANANTAPUR,2005,Whole Year,Arecanut,268,214,0.798507463
Andhra Pradesh,ANANTAPUR,2005,Whole Year,Banana,303,16231,53.56765677
Andhra Pradesh,ANANTAPUR,2005,Whole Year,Coconut,836,3358992,4017.933014
Andhra Pradesh,ANANTAPUR,2005,Whole Year,Coriander,2962,900,0.303848751
Andhra Pradesh,ANANTAPUR,2005,Whole Year,Sugarcane,227,20612,90.80176211
Andhra Pradesh,ANANTAPUR,2005,Whole Year,Sunflower,48677,8401,0.172586643
Andhra Pradesh,ANANTAPUR,2005,Whole Year,Sweet potato,23,121,5.260869565
Andhra Pradesh,ANANTAPUR,2005,Whole Year,Tobacco,1,1,1
Andhra Pradesh,ANANTAPUR,2005,Whole Year,Turmeric,2,15,7.5
Andhra Pradesh,ANANTAPUR,2006,Kharif,Arhar/Tur,26244,3543,0.135002286
Andhra Pradesh,ANANTAPUR,2006,Kharif,Bajra,620,189,0.30483871
Andhra Pradesh,ANANTAPUR,2006,Kharif,Castor seed,899,451,0.501668521
Andhra Pradesh,ANANTAPUR,2006,Kharif,Cotton(lint),1506,1940,1.288180611
Andhra Pradesh,ANANTAPUR,2006,Kharif,Dry chillies,1754,5658,3.225769669
Andhra Pradesh,ANANTAPUR,2006,Kharif,Groundnut,644007,43148,0.066999272
Andhra Pradesh,ANANTAPUR,2006,Kharif,Horse-gram,1021,182,0.178256611
Andhra Pradesh,ANANTAPUR,2006,Kharif,Jowar,18043,7813,0.433021116
Andhra Pradesh,ANANTAPUR,2006,Kharif,Maize,4877,20181,4.137994669
Andhra Pradesh,ANANTAPUR,2006,Kharif,Moong(Green Gram),788,98,0.124365482
Andhra Pradesh,ANANTAPUR,2006,Kharif,Onion,869,9423,10.84349827
Andhra Pradesh,ANANTAPUR,2006,Kharif,Other Kharif pulses,742,135,0.181940701
Andhra Pradesh,ANANTAPUR,2006,Kharif,Ragi,2035,3696,1.816216216
Andhra Pradesh,ANANTAPUR,2006,Kharif,Rice,22349,67427,3.017002998
Andhra Pradesh,ANANTAPUR,2006,Kharif,Small millets,450,48,0.106666667
Andhra Pradesh,ANANTAPUR,2006,Kharif,Urad,69,26,0.376811594
Andhra Pradesh,ANANTAPUR,2006,Rabi,Bajra,141,43,0.304964539
Andhra Pradesh,ANANTAPUR,2006,Rabi,Dry chillies,10,37,3.7
Andhra Pradesh,ANANTAPUR,2006,Rabi,Gram,83533,30739,0.367986305
Andhra Pradesh,ANANTAPUR,2006,Rabi,Groundnut,18104,18991,1.048994697
Andhra Pradesh,ANANTAPUR,2006,Rabi,Horse-gram,1779,882,0.495784148
Andhra Pradesh,ANANTAPUR,2006,Rabi,Jowar,24944,15440,0.61898653
Andhra Pradesh,ANANTAPUR,2006,Rabi,Linseed,15,4,0.266666667
Andhra Pradesh,ANANTAPUR,2006,Rabi,Maize,3120,23640,7.576923077
Andhra Pradesh,ANANTAPUR,2006,Rabi,Moong(Green Gram),139,52,0.374100719
Andhra Pradesh,ANANTAPUR,2006,Rabi,Onion,167,4075,24.4011976
Andhra Pradesh,ANANTAPUR,2006,Rabi,Ragi,386,532,1.378238342
Andhra Pradesh,ANANTAPUR,2006,Rabi,Rice,10846,31974,2.947999262
Andhra Pradesh,ANANTAPUR,2006,Rabi,Safflower,72,28,0.388888889
Andhra Pradesh,ANANTAPUR,2006,Rabi,Urad,24,19,0.791666667
Andhra Pradesh,ANANTAPUR,2006,Rabi,Wheat,190,50,0.263157895
Andhra Pradesh,ANANTAPUR,2006,Whole Year,Arecanut,217,150,0.69124424
Andhra Pradesh,ANANTAPUR,2006,Whole Year,Banana,289,14141,48.93079585
Andhra Pradesh,ANANTAPUR,2006,Whole Year,Coconut,790,6404076,8106.425316
Andhra Pradesh,ANANTAPUR,2006,Whole Year,Coriander,1389,385,0.277177826
Andhra Pradesh,ANANTAPUR,2006,Whole Year,Sugarcane,339,30937,91.25958702
Andhra Pradesh,ANANTAPUR,2006,Whole Year,Sunflower,60751,23561,0.387829007
Andhra Pradesh,ANANTAPUR,2006,Whole Year,Sweet potato,25,137,5.48
Andhra Pradesh,ANANTAPUR,2006,Whole Year,Turmeric,1,8,8
Andhra Pradesh,ANANTAPUR,2007,Kharif,Arhar/Tur,37000,17000,0.459459459
Andhra Pradesh,ANANTAPUR,2007,Kharif,Bajra,1000,3000,3
Andhra Pradesh,ANANTAPUR,2007,Kharif,Castor seed,2000,1000,0.5
Andhra Pradesh,ANANTAPUR,2007,Kharif,Cotton(lint),3000,2000,0.666666667
Andhra Pradesh,ANANTAPUR,2007,Kharif,Dry chillies,2000,9000,4.5
Andhra Pradesh,ANANTAPUR,2007,Kharif,Groundnut,876000,1102000,1.257990868
Andhra Pradesh,ANANTAPUR,2007,Kharif,Jowar,4000,3000,0.75
Andhra Pradesh,ANANTAPUR,2007,Kharif,Maize,7000,32000,4.571428571
Andhra Pradesh,ANANTAPUR,2007,Kharif,Moong(Green Gram),1000,,
Andhra Pradesh,ANANTAPUR,2007,Kharif,Onion,2000,38000,19
Andhra Pradesh,ANANTAPUR,2007,Kharif,Ragi,2000,4000,2
Andhra Pradesh,ANANTAPUR,2007,Kharif,Rice,30000,95000,3.166666667
Andhra Pradesh,ANANTAPUR,2007,Kharif,Sunflower,19000,10000,0.526315789
Andhra Pradesh,ANANTAPUR,2007,Rabi,Gram,75000,78000,1.04
Andhra Pradesh,ANANTAPUR,2007,Rabi,Groundnut,21000,28000,1.333333333
Andhra Pradesh,ANANTAPUR,2007,Rabi,Horse-gram,1000,,
Andhra Pradesh,ANANTAPUR,2007,Rabi,Jowar,12000,8000,0.666666667
Andhra Pradesh,ANANTAPUR,2007,Rabi,Maize,6000,48000,8
Andhra Pradesh,ANANTAPUR,2007,Rabi,Rice,14000,37000,2.642857143
Andhra Pradesh,ANANTAPUR,2007,Rabi,Sunflower,26000,20000,0.769230769
Andhra Pradesh,ANANTAPUR,2008,Kharif,Arhar/Tur,34067,13150,0.386004051
Andhra Pradesh,ANANTAPUR,2008,Kharif,Bajra,743,1011,1.360699865
Andhra Pradesh,ANANTAPUR,2008,Kharif,Castor seed,886,668,0.753950339
Andhra Pradesh,ANANTAPUR,2008,Kharif,Cotton(lint),1611,1241,0.770328988
Andhra Pradesh,ANANTAPUR,2008,Kharif,Dry chillies,1574,5506,3.498094028
Andhra Pradesh,ANANTAPUR,2008,Kharif,Groundnut,853577,75115,0.088000262
Andhra Pradesh,ANANTAPUR,2008,Kharif,Horse-gram,295,165,0.559322034
Andhra Pradesh,ANANTAPUR,2008,Kharif,Jowar,1782,2204,1.23681257
Andhra Pradesh,ANANTAPUR,2008,Kharif,Maize,6041,20896,3.459029962
Andhra Pradesh,ANANTAPUR,2008,Kharif,Moong(Green Gram),629,245,0.389507154
Andhra Pradesh,ANANTAPUR,2008,Kharif,Onion,1376,23531,17.10101744
Andhra Pradesh,ANANTAPUR,2008,Kharif,Other Kharif pulses,60,30,0.5
Andhra Pradesh,ANANTAPUR,2008,Kharif,Ragi,1460,3678,2.519178082
Andhra Pradesh,ANANTAPUR,2008,Kharif,Rice,30306,94615,3.121989045
Andhra Pradesh,ANANTAPUR,2008,Kharif,Small millets,112,88,0.785714286
Andhra Pradesh,ANANTAPUR,2008,Kharif,Soyabean,182,248,1.362637363
Andhra Pradesh,ANANTAPUR,2008,Rabi,Bajra,26,35,1.346153846
Andhra Pradesh,ANANTAPUR,2008,Rabi,Gram,73055,68379,0.93599343
Andhra Pradesh,ANANTAPUR,2008,Rabi,Groundnut,16879,24897,1.475028141
Andhra Pradesh,ANANTAPUR,2008,Rabi,Horse-gram,205,136,0.663414634
Andhra Pradesh,ANANTAPUR,2008,Rabi,Jowar,12501,6951,0.556035517
Andhra Pradesh,ANANTAPUR,2008,Rabi,Linseed,14,5,0.357142857
Andhra Pradesh,ANANTAPUR,2008,Rabi,Maize,3658,32300,8.829961728
Andhra Pradesh,ANANTAPUR,2008,Rabi,Onion,173,4129,23.86705202
Andhra Pradesh,ANANTAPUR,2008,Rabi,Ragi,336,630,1.875
Andhra Pradesh,ANANTAPUR,2008,Rabi,Rice,18416,49815,2.704984796
Andhra Pradesh,ANANTAPUR,2008,Rabi,Safflower,113,44,0.389380531
Andhra Pradesh,ANANTAPUR,2008,Rabi,Wheat,164,217,1.323170732
Andhra Pradesh,ANANTAPUR,2008,Whole Year,Arecanut,325,232,0.713846154
Andhra Pradesh,ANANTAPUR,2008,Whole Year,Banana,3603,160939,44.6680544
Andhra Pradesh,ANANTAPUR,2008,Whole Year,Coconut,786,7141464,9085.832061
Andhra Pradesh,ANANTAPUR,2008,Whole Year,Coriander,3766,1288,0.342007435
Andhra Pradesh,ANANTAPUR,2008,Whole Year,Sugarcane,131,12305,93.93129771
Andhra Pradesh,ANANTAPUR,2008,Whole Year,Sunflower,42268,26305,0.622338412
Andhra Pradesh,ANANTAPUR,2008,Whole Year,Tobacco,99,158,1.595959596
Andhra Pradesh,ANANTAPUR,2008,Whole Year,Turmeric,4,40,10
Andhra Pradesh,ANANTAPUR,2009,Kharif,Arhar/Tur,20269,5919,0.2920223
Andhra Pradesh,ANANTAPUR,2009,Kharif,Bajra,1722,3167,1.839140534
Andhra Pradesh,ANANTAPUR,2009,Kharif,Castor seed,1332,663,0.497747748
Andhra Pradesh,ANANTAPUR,2009,Kharif,Cotton(lint),2063,1226,0.594280175
Andhra Pradesh,ANANTAPUR,2009,Kharif,Dry chillies,1604,4031,2.513092269
Andhra Pradesh,ANANTAPUR,2009,Kharif,Groundnut,510874,113925,0.223000192
Andhra Pradesh,ANANTAPUR,2009,Kharif,Horse-gram,5848,3982,0.680916553
Andhra Pradesh,ANANTAPUR,2009,Kharif,Jowar,41409,25881,0.625009056
Andhra Pradesh,ANANTAPUR,2009,Kharif,Maize,8852,43924,4.962042476
Andhra Pradesh,ANANTAPUR,2009,Kharif,Moong(Green Gram),448,115,0.256696429
Andhra Pradesh,ANANTAPUR,2009,Kharif,Onion,1663,29811,17.92603728
Andhra Pradesh,ANANTAPUR,2009,Kharif,Other Kharif pulses,57,17,0.298245614
Andhra Pradesh,ANANTAPUR,2009,Kharif,Ragi,2420,3780,1.561983471
Andhra Pradesh,ANANTAPUR,2009,Kharif,Rice,32226,101512,3.150003103
Andhra Pradesh,ANANTAPUR,2009,Kharif,Small millets,1045,63,0.060287081
Andhra Pradesh,ANANTAPUR,2009,Kharif,Soyabean,24,20,0.833333333
Andhra Pradesh,ANANTAPUR,2009,Kharif,Urad,30,9,0.3
Andhra Pradesh,ANANTAPUR,2009,Rabi,Arhar/Tur,316,92,0.291139241
Andhra Pradesh,ANANTAPUR,2009,Rabi,Bajra,45,83,1.844444444
Andhra Pradesh,ANANTAPUR,2009,Rabi,Gram,92936,107248,1.153998451
Andhra Pradesh,ANANTAPUR,2009,Rabi,Groundnut,19507,28051,1.437996617
Andhra Pradesh,ANANTAPUR,2009,Rabi,Horse-gram,4935,3420,0.693009119
Andhra Pradesh,ANANTAPUR,2009,Rabi,Jowar,17721,14283,0.80599289
Andhra Pradesh,ANANTAPUR,2009,Rabi,Maize,4615,33736,7.31007584
Andhra Pradesh,ANANTAPUR,2009,Rabi,Moong(Green Gram),8,3,0.375
Andhra Pradesh,ANANTAPUR,2009,Rabi,Onion,230,5665,24.63043478
Andhra Pradesh,ANANTAPUR,2009,Rabi,Ragi,1122,2458,2.190730838
Andhra Pradesh,ANANTAPUR,2009,Rabi,Rapeseed &Mustard,8,,
Andhra Pradesh,ANANTAPUR,2009,Rabi,Rice,19428,46899,2.413990117
Andhra Pradesh,ANANTAPUR,2009,Rabi,Safflower,46,20,0.434782609
Andhra Pradesh,ANANTAPUR,2009,Rabi,Urad,17,13,0.764705882
Andhra Pradesh,ANANTAPUR,2009,Rabi,Wheat,179,97,0.541899441
Andhra Pradesh,ANANTAPUR,2009,Whole Year,Arecanut,356,169,0.474719101
Andhra Pradesh,ANANTAPUR,2009,Whole Year,Banana,5010,265981,53.09001996
Andhra Pradesh,ANANTAPUR,2009,Whole Year,Coconut,725,4247685,5858.875862
Andhra Pradesh,ANANTAPUR,2009,Whole Year,Coriander,4470,1797,0.402013423
Andhra Pradesh,ANANTAPUR,2009,Whole Year,Sugarcane,112,9968,89
Andhra Pradesh,ANANTAPUR,2009,Whole Year,Sunflower,55286,33503,0.605994284
Andhra Pradesh,ANANTAPUR,2009,Whole Year,Sweet potato,13,77,5.923076923
Andhra Pradesh,ANANTAPUR,2009,Whole Year,Tobacco,700,1179,1.684285714
Andhra Pradesh,ANANTAPUR,2010,Kharif,Arhar/Tur,66013,11156,0.168997016
Andhra Pradesh,ANANTAPUR,2010,Kharif,Bajra,2010,1465,0.728855721
Andhra Pradesh,ANANTAPUR,2010,Kharif,Castor seed,4328,3795,0.876848429
Andhra Pradesh,ANANTAPUR,2010,Kharif,Cotton(lint),4338,2977,0.68626095
Andhra Pradesh,ANANTAPUR,2010,Kharif,Dry chillies,1968,7307,3.712906504
Andhra Pradesh,ANANTAPUR,2010,Kharif,Groundnut,814077,446928,0.548999665
Andhra Pradesh,ANANTAPUR,2010,Kharif,Horse-gram,655,317,0.483969466
Andhra Pradesh,ANANTAPUR,2010,Kharif,Jowar,2606,2069,0.793937068
Andhra Pradesh,ANANTAPUR,2010,Kharif,Maize,10726,51174,4.771023681
Andhra Pradesh,ANANTAPUR,2010,Kharif,Mesta,32,286,8.9375
Andhra Pradesh,ANANTAPUR,2010,Kharif,Moong(Green Gram),791,251,0.317319848
Andhra Pradesh,ANANTAPUR,2010,Kharif,Onion,1620,26924,16.61975309
Andhra Pradesh,ANANTAPUR,2010,Kharif,Other Kharif pulses,1,,
Andhra Pradesh,ANANTAPUR,2010,Kharif,Ragi,1876,3343,1.781982942
Andhra Pradesh,ANANTAPUR,2010,Kharif,Rice,34973,102007,2.916735768
Andhra Pradesh,ANANTAPUR,2010,Kharif,Small millets,371,345,0.929919137
Andhra Pradesh,ANANTAPUR,2010,Kharif,Soyabean,1682,2866,1.7039239
Andhra Pradesh,ANANTAPUR,2010,Kharif,Urad,14,6,0.428571429
Andhra Pradesh,ANANTAPUR,2010,Rabi,Bajra,5,4,0.8
Andhra Pradesh,ANANTAPUR,2010,Rabi,Gram,94240,73601,0.780995331
Andhra Pradesh,ANANTAPUR,2010,Rabi,Groundnut,19993,34068,1.703996399
Andhra Pradesh,ANANTAPUR,2010,Rabi,Horse-gram,1527,860,0.563195809
Andhra Pradesh,ANANTAPUR,2010,Rabi,Jowar,13274,8296,0.624981166
Andhra Pradesh,ANANTAPUR,2010,Rabi,Maize,4750,43306,9.117052632
Andhra Pradesh,ANANTAPUR,2010,Rabi,Moong(Green Gram),83,29,0.34939759
Andhra Pradesh,ANANTAPUR,2010,Rabi,Onion,306,8233,26.90522876
Andhra Pradesh,ANANTAPUR,2010,Rabi,Ragi,556,831,1.494604317
Andhra Pradesh,ANANTAPUR,2010,Rabi,Rice,24828,69394,2.794989528
Andhra Pradesh,ANANTAPUR,2010,Rabi,Safflower,45,31,0.688888889
Andhra Pradesh,ANANTAPUR,2010,Rabi,Urad,559,299,0.534883721
Andhra Pradesh,ANANTAPUR,2010,Rabi,Wheat,131,171,1.305343511
Andhra Pradesh,ANANTAPUR,2010,Whole Year,Arecanut,409,182,0.444987775
Andhra Pradesh,ANANTAPUR,2010,Whole Year,Banana,4416,223825,50.68500906
Andhra Pradesh,ANANTAPUR,2010,Whole Year,Coriander,5323,3604,0.677061807
Andhra Pradesh,ANANTAPUR,2010,Whole Year,Potato,21,236,11.23809524
Andhra Pradesh,ANANTAPUR,2010,Whole Year,Sugarcane,235,20981,89.28085106
Andhra Pradesh,ANANTAPUR,2010,Whole Year,Sunflower,17615,14072,0.798864604
Andhra Pradesh,ANANTAPUR,2010,Whole Year,Sweet potato,4,51,12.75
Andhra Pradesh,ANANTAPUR,2010,Whole Year,Tobacco,174,282,1.620689655
Andhra Pradesh,ANANTAPUR,2010,Whole Year,Turmeric,13,102,7.846153846
Andhra Pradesh,ANANTAPUR,2011,Kharif,Arhar/Tur,51728,4293,0.082991803
Andhra Pradesh,ANANTAPUR,2011,Kharif,Bajra,2614,3307,1.265110941
Andhra Pradesh,ANANTAPUR,2011,Kharif,Castor seed,30203,1843,0.061020428
Andhra Pradesh,ANANTAPUR,2011,Kharif,Cotton(lint),19299,12069,0.62536919
Andhra Pradesh,ANANTAPUR,2011,Kharif,Cowpea(Lobia),846,150,0.177304965
Andhra Pradesh,ANANTAPUR,2011,Kharif,Dry chillies,4101,10425,2.542062911
Andhra Pradesh,ANANTAPUR,2011,Kharif,Groundnut,733960,174682,0.237999346
Andhra Pradesh,ANANTAPUR,2011,Kharif,Horse-gram,1212,645,0.532178218
Andhra Pradesh,ANANTAPUR,2011,Kharif,Jowar,7190,7535,1.04798331
Andhra Pradesh,ANANTAPUR,2011,Kharif,Maize,25447,63465,2.494007152
Andhra Pradesh,ANANTAPUR,2011,Kharif,Mesta,15,117,7.8
Andhra Pradesh,ANANTAPUR,2011,Kharif,Moong(Green Gram),785,504,0.642038217
Andhra Pradesh,ANANTAPUR,2011,Kharif,Onion,2757,39563,14.35001814
Andhra Pradesh,ANANTAPUR,2011,Kharif,Other Kharif pulses,3,1,0.333333333
Andhra Pradesh,ANANTAPUR,2011,Kharif,other oilseeds,50,1007,20.14
Andhra Pradesh,ANANTAPUR,2011,Kharif,Ragi,1574,2679,1.702033037
Andhra Pradesh,ANANTAPUR,2011,Kharif,Rice,37720,94531,2.506124072
Andhra Pradesh,ANANTAPUR,2011,Kharif,Small millets,1092,714,0.653846154
Andhra Pradesh,ANANTAPUR,2011,Kharif,Soyabean,1656,2676,1.615942029
Andhra Pradesh,ANANTAPUR,2011,Kharif,Urad,32,17,0.53125
Andhra Pradesh,ANANTAPUR,2011,Rabi,Arhar/Tur,17,1,0.058823529
Andhra Pradesh,ANANTAPUR,2011,Rabi,Bajra,116,147,1.267241379
Andhra Pradesh,ANANTAPUR,2011,Rabi,Cowpea(Lobia),15,12,0.8
Andhra Pradesh,ANANTAPUR,2011,Rabi,Dry chillies,64,83,1.296875
Andhra Pradesh,ANANTAPUR,2011,Rabi,Gram,68483,38008,0.554999051
Andhra Pradesh,ANANTAPUR,2011,Rabi,Groundnut,19876,32696,1.644998994
Andhra Pradesh,ANANTAPUR,2011,Rabi,Horse-gram,986,577,0.585192698
Andhra Pradesh,ANANTAPUR,2011,Rabi,Jowar,7907,3882,0.49095738
Andhra Pradesh,ANANTAPUR,2011,Rabi,Maize,6208,48168,7.759020619
Andhra Pradesh,ANANTAPUR,2011,Rabi,Moong(Green Gram),132,79,0.598484848
Andhra Pradesh,ANANTAPUR,2011,Rabi,Onion,208,4259,20.47596154
Andhra Pradesh,ANANTAPUR,2011,Rabi,Ragi,1695,3421,2.018289086
Andhra Pradesh,ANANTAPUR,2011,Rabi,Rice,10948,25542,2.333028864
Andhra Pradesh,ANANTAPUR,2011,Rabi,Safflower,84,63,0.75
Andhra Pradesh,ANANTAPUR,2011,Rabi,Small millets,10,7,0.7
Andhra Pradesh,ANANTAPUR,2011,Rabi,Urad,446,313,0.701793722
Andhra Pradesh,ANANTAPUR,2011,Rabi,Wheat,75,100,1.333333333
Andhra Pradesh,ANANTAPUR,2011,Whole Year,Arecanut,541,267,0.493530499
Andhra Pradesh,ANANTAPUR,2011,Whole Year,Banana,8000,505176,63.147
Andhra Pradesh,ANANTAPUR,2011,Whole Year,Coconut,895,7165320,8005.944134
Andhra Pradesh,ANANTAPUR,2011,Whole Year,Coriander,2399,1327,0.553147145
Andhra Pradesh,ANANTAPUR,2011,Whole Year,Potato,18,181,10.05555556
Andhra Pradesh,ANANTAPUR,2011,Whole Year,Sugarcane,410,39186,95.57560976
Andhra Pradesh,ANANTAPUR,2011,Whole Year,Sunflower,13277,12094,0.910898546
Andhra Pradesh,ANANTAPUR,2011,Whole Year,Sweet potato,2,26,13
Andhra Pradesh,ANANTAPUR,2011,Whole Year,Tobacco,140,226,1.614285714
Andhra Pradesh,ANANTAPUR,2011,Whole Year,Turmeric,321,2645,8.239875389
Andhra Pradesh,ANANTAPUR,2012,Kharif,Arecanut,558,302,0.541218638
Andhra Pradesh,ANANTAPUR,2012,Kharif,Arhar/Tur,56586,8035,0.141996253
Andhra Pradesh,ANANTAPUR,2012,Kharif,Bajra,2176,1456,0.669117647
Andhra Pradesh,ANANTAPUR,2012,Kharif,Brinjal,451,8211,18.20620843
Andhra Pradesh,ANANTAPUR,2012,Kharif,Castor seed,24154,9179,0.380019872
Andhra Pradesh,ANANTAPUR,2012,Kharif,Coriander,2,1,0.5
Andhra Pradesh,ANANTAPUR,2012,Kharif,Cotton(lint),27566,35511,1.288217369
Andhra Pradesh,ANANTAPUR,2012,Kharif,Cowpea(Lobia),586,36,0.061433447
Andhra Pradesh,ANANTAPUR,2012,Kharif,Dry chillies,2736,5603,2.047880117
Andhra Pradesh,ANANTAPUR,2012,Kharif,Grapes,238,7606,31.95798319
Andhra Pradesh,ANANTAPUR,2012,Kharif,Groundnut,708708,295531,0.416999667
Andhra Pradesh,ANANTAPUR,2012,Kharif,Horse-gram,848,589,0.694575472
Andhra Pradesh,ANANTAPUR,2012,Kharif,Jowar,7599,6930,0.9119621
Andhra Pradesh,ANANTAPUR,2012,Kharif,Lemon,422,3752,8.890995261
Andhra Pradesh,ANANTAPUR,2012,Kharif,Linseed,7,3,0.428571429
Andhra Pradesh,ANANTAPUR,2012,Kharif,Maize,22039,63516,2.881981941
Andhra Pradesh,ANANTAPUR,2012,Kharif,Mango,6276,57601,9.177979605
Andhra Pradesh,ANANTAPUR,2012,Kharif,Moong(Green Gram),481,266,0.553014553
Andhra Pradesh,ANANTAPUR,2012,Kharif,Onion,1548,25393,16.40374677
Andhra Pradesh,ANANTAPUR,2012,Kharif,Papaya,447,17197,38.47203579
Andhra Pradesh,ANANTAPUR,2012,Kharif,Pome Granet,1279,17671,13.81626271
Andhra Pradesh,ANANTAPUR,2012,Kharif,Ragi,1589,2336,1.470106986
Andhra Pradesh,ANANTAPUR,2012,Kharif,Rice,22056,58691,2.660999275
Andhra Pradesh,ANANTAPUR,2012,Kharif,Sapota,2106,41876,19.88414055
Andhra Pradesh,ANANTAPUR,2012,Kharif,Small millets,1343,1613,1.201042442
Andhra Pradesh,ANANTAPUR,2012,Kharif,Soyabean,919,1671,1.81828074
Andhra Pradesh,ANANTAPUR,2012,Kharif,Sugarcane,76,6954,91.5
Andhra Pradesh,ANANTAPUR,2012,Kharif,Sunflower,6121,5197,0.849044274
Andhra Pradesh,ANANTAPUR,2012,Kharif,Tobacco,10,14,1.4
Andhra Pradesh,ANANTAPUR,2012,Kharif,Tomato,2552,38561,15.11010972
Andhra Pradesh,ANANTAPUR,2012,Kharif,Turmeric,65,728,11.2
Andhra Pradesh,ANANTAPUR,2012,Kharif,Urad,31,29,0.935483871
Andhra Pradesh,ANANTAPUR,2012,Rabi,Bajra,20,13,0.65
Andhra Pradesh,ANANTAPUR,2012,Rabi,Brinjal,251,4570,18.20717131
Andhra Pradesh,ANANTAPUR,2012,Rabi,Castor seed,232,88,0.379310345
Andhra Pradesh,ANANTAPUR,2012,Rabi,Coriander,2606,1631,0.625863392
Andhra Pradesh,ANANTAPUR,2012,Rabi,Cotton(lint),77,99,1.285714286
Andhra Pradesh,ANANTAPUR,2012,Rabi,Cowpea(Lobia),81,74,0.913580247
Andhra Pradesh,ANANTAPUR,2012,Rabi,Dry chillies,70,159,2.271428571
Andhra Pradesh,ANANTAPUR,2012,Rabi,Gram,89676,77301,0.862003212
Andhra Pradesh,ANANTAPUR,2012,Rabi,Groundnut,20987,34419,1.640015248
Andhra Pradesh,ANANTAPUR,2012,Rabi,Horse-gram,1997,1322,0.661992989
Andhra Pradesh,ANANTAPUR,2012,Rabi,Jowar,5795,3141,0.542018982
Andhra Pradesh,ANANTAPUR,2012,Rabi,Maize,7070,50098,7.085997171
Andhra Pradesh,ANANTAPUR,2012,Rabi,Moong(Green Gram),117,79,0.675213675
Andhra Pradesh,ANANTAPUR,2012,Rabi,Onion,84,1195,14.22619048
Andhra Pradesh,ANANTAPUR,2012,Rabi,Potato,36,634,17.61111111
Andhra Pradesh,ANANTAPUR,2012,Rabi,Ragi,823,1227,1.490886999
Andhra Pradesh,ANANTAPUR,2012,Rabi,Rice,6998,17768,2.539011146
Andhra Pradesh,ANANTAPUR,2012,Rabi,Safflower,20,33,1.65
Andhra Pradesh,ANANTAPUR,2012,Rabi,Small millets,15,18,1.2
Andhra Pradesh,ANANTAPUR,2012,Rabi,Sunflower,4459,1904,0.42700157
Andhra Pradesh,ANANTAPUR,2012,Rabi,Sweet potato,7,67,9.571428571
Andhra Pradesh,ANANTAPUR,2012,Rabi,Tobacco,115,178,1.547826087
Andhra Pradesh,ANANTAPUR,2012,Rabi,Tomato,1395,31096,22.29103943
Andhra Pradesh,ANANTAPUR,2012,Rabi,Urad,153,156,1.019607843
Andhra Pradesh,ANANTAPUR,2012,Rabi,Wheat,134,151,1.126865672
Andhra Pradesh,ANANTAPUR,2012,Whole Year,Coconut,646,5571000,8623.839009
Andhra Pradesh,ANANTAPUR,2013,Kharif,Arecanut,453,186,0.410596026
Andhra Pradesh,ANANTAPUR,2013,Kharif,Arhar/Tur,49932,9287,0.18599295
Andhra Pradesh,ANANTAPUR,2013,Kharif,Bajra,1332,1227,0.921171171
Andhra Pradesh,ANANTAPUR,2013,Kharif,Brinjal,407,8624,21.18918919
Andhra Pradesh,ANANTAPUR,2013,Kharif,Cabbage,2,38,19
Andhra Pradesh,ANANTAPUR,2013,Kharif,Cashewnut,9,3,0.333333333
Andhra Pradesh,ANANTAPUR,2013,Kharif,Castor seed,11416,5366,0.470042046
Andhra Pradesh,ANANTAPUR,2013,Kharif,Cotton(lint),37661,77316,2.052946018
Andhra Pradesh,ANANTAPUR,2013,Kharif,Cowpea(Lobia),527,253,0.480075901
Andhra Pradesh,ANANTAPUR,2013,Kharif,Dry chillies,2647,3965,1.497922176
Andhra Pradesh,ANANTAPUR,2013,Kharif,Grapes,247,5644,22.85020243
Andhra Pradesh,ANANTAPUR,2013,Kharif,Groundnut,711145,286591,0.402999388
Andhra Pradesh,ANANTAPUR,2013,Kharif,Horse-gram,2317,1353,0.583944756
Andhra Pradesh,ANANTAPUR,2013,Kharif,Jowar,14486,9749,0.672994615
Andhra Pradesh,ANANTAPUR,2013,Kharif,Lemon,391,2003,5.122762148
Andhra Pradesh,ANANTAPUR,2013,Kharif,Linseed,7,3,0.428571429
Andhra Pradesh,ANANTAPUR,2013,Kharif,Maize,27087,53226,1.965001661
Andhra Pradesh,ANANTAPUR,2013,Kharif,Mango,8711,74653,8.569969005
Andhra Pradesh,ANANTAPUR,2013,Kharif,Moong(Green Gram),481,534,1.11018711
Andhra Pradesh,ANANTAPUR,2013,Kharif,Onion,1414,31097,21.99222065
Andhra Pradesh,ANANTAPUR,2013,Kharif,Other Kharif pulses,62,18,0.290322581
Andhra Pradesh,ANANTAPUR,2013,Kharif,other oilseeds,13865,9431,0.680201947
Andhra Pradesh,ANANTAPUR,2013,Kharif,Papaya,230,22418,97.46956522
Andhra Pradesh,ANANTAPUR,2013,Kharif,Pome Granet,1450,23722,16.36
Andhra Pradesh,ANANTAPUR,2013,Kharif,Ragi,2055,3163,1.539172749
Andhra Pradesh,ANANTAPUR,2013,Kharif,Rice,28114,59377,2.112008252
Andhra Pradesh,ANANTAPUR,2013,Kharif,Sapota,2181,20517,9.407152682
Andhra Pradesh,ANANTAPUR,2013,Kharif,Small millets,935,856,0.915508021
Andhra Pradesh,ANANTAPUR,2013,Kharif,Soyabean,2401,3866,1.610162432
Andhra Pradesh,ANANTAPUR,2013,Kharif,Sugarcane,281,26505,94.32384342
Andhra Pradesh,ANANTAPUR,2013,Kharif,Sunflower,8109,6698,0.825995807
Andhra Pradesh,ANANTAPUR,2013,Kharif,Tobacco,6,11,1.833333333
Andhra Pradesh,ANANTAPUR,2013,Kharif,Tomato,2991,88620,29.62888666
Andhra Pradesh,ANANTAPUR,2013,Kharif,Turmeric,46,567,12.32608696
Andhra Pradesh,ANANTAPUR,2013,Kharif,Urad,48,45,0.9375
Andhra Pradesh,ANANTAPUR,2013,Rabi,Bajra,17,16,0.941176471
Andhra Pradesh,ANANTAPUR,2013,Rabi,Brinjal,356,7543,21.18820225
Andhra Pradesh,ANANTAPUR,2013,Rabi,Cabbage,11,207,18.81818182
Andhra Pradesh,ANANTAPUR,2013,Rabi,Castor seed,31,15,0.483870968
Andhra Pradesh,ANANTAPUR,2013,Rabi,Coriander,1971,1234,0.626078133
Andhra Pradesh,ANANTAPUR,2013,Rabi,Cotton(lint),62,127,2.048387097
Andhra Pradesh,ANANTAPUR,2013,Rabi,Cowpea(Lobia),32,26,0.8125
Andhra Pradesh,ANANTAPUR,2013,Rabi,Dry chillies,27,54,2
Andhra Pradesh,ANANTAPUR,2013,Rabi,Gram,85768,68614,0.799995336
Andhra Pradesh,ANANTAPUR,2013,Rabi,Groundnut,17303,26335,1.521990406
Andhra Pradesh,ANANTAPUR,2013,Rabi,Horse-gram,2510,1416,0.564143426
Andhra Pradesh,ANANTAPUR,2013,Rabi,Jowar,6605,3137,0.474943225
Andhra Pradesh,ANANTAPUR,2013,Rabi,Maize,7777,57970,7.454031117
Andhra Pradesh,ANANTAPUR,2013,Rabi,Moong(Green Gram),129,81,0.627906977
Andhra Pradesh,ANANTAPUR,2013,Rabi,Onion,611,14317,23.43207856
Andhra Pradesh,ANANTAPUR,2013,Rabi,Other Kharif pulses,5,6,1.2
Andhra Pradesh,ANANTAPUR,2013,Rabi,Ragi,822,1462,1.778588808
Andhra Pradesh,ANANTAPUR,2013,Rabi,Rice,12283,28558,2.325002035
Andhra Pradesh,ANANTAPUR,2013,Rabi,Safflower,58,41,0.706896552
Andhra Pradesh,ANANTAPUR,2013,Rabi,Small millets,11,10,0.909090909
Andhra Pradesh,ANANTAPUR,2013,Rabi,Sunflower,5911,2879,0.487058027
Andhra Pradesh,ANANTAPUR,2013,Rabi,Sweet potato,1,9,9
Andhra Pradesh,ANANTAPUR,2013,Rabi,Tobacco,183,309,1.68852459
Andhra Pradesh,ANANTAPUR,2013,Rabi,Tomato,3482,80532,23.12808731
Andhra Pradesh,ANANTAPUR,2013,Rabi,Urad,4,3,0.75
Andhra Pradesh,ANANTAPUR,2013,Rabi,Wheat,62,39,0.629032258
Andhra Pradesh,ANANTAPUR,2013,Whole Year,Banana,8661,483881,55.86895278
Andhra Pradesh,ANANTAPUR,2013,Whole Year,Cashewnut,9,3,0.333333333
Andhra Pradesh,ANANTAPUR,2013,Whole Year,Castor seed,11447,5381,0.470079497
Andhra Pradesh,ANANTAPUR,2013,Whole Year,Coconut,552,3969000,7190.217391
Andhra Pradesh,ANANTAPUR,2013,Whole Year,Coriander,1971,1234,0.626078133
Andhra Pradesh,ANANTAPUR,2013,Whole Year,Linseed,7,3,0.428571429
Andhra Pradesh,ANANTAPUR,2013,Whole Year,Potato,82,1179,14.37804878
Andhra Pradesh,ANANTAPUR,2013,Whole Year,Safflower,58,41,0.706896552
Andhra Pradesh,ANANTAPUR,2013,Whole Year,Sweet potato,1,9,9
Andhra Pradesh,ANANTAPUR,2013,Whole Year,Wheat,62,39,0.629032258
Andhra Pradesh,ANANTAPUR,2014,Kharif,Arhar/Tur,37562,4845,0.128986742
Andhra Pradesh,ANANTAPUR,2014,Kharif,Bajra,1752,1028,0.586757991
Andhra Pradesh,ANANTAPUR,2014,Kharif,Brinjal,320,7596,23.7375
Andhra Pradesh,ANANTAPUR,2014,Kharif,Cabbage,10,123,12.3
Andhra Pradesh,ANANTAPUR,2014,Kharif,Cashewnut,19,7,0.368421053
Andhra Pradesh,ANANTAPUR,2014,Kharif,Castor seed,10320,5903,0.571996124
Andhra Pradesh,ANANTAPUR,2014,Kharif,Coriander,162,84,0.518518519
Andhra Pradesh,ANANTAPUR,2014,Kharif,Cotton(lint),73734,103779,1.407478233
Andhra Pradesh,ANANTAPUR,2014,Kharif,Cowpea(Lobia),982,410,0.417515275
Andhra Pradesh,ANANTAPUR,2014,Kharif,Dry chillies,2799,11848,4.232940336
Andhra Pradesh,ANANTAPUR,2014,Kharif,Grapes,309,6886,22.28478964
Andhra Pradesh,ANANTAPUR,2014,Kharif,Groundnut,550794,148714,0.26999931
Andhra Pradesh,ANANTAPUR,2014,Kharif,Horse-gram,3692,1658,0.44907909
Andhra Pradesh,ANANTAPUR,2014,Kharif,Jowar,13189,4234,0.321025097
Andhra Pradesh,ANANTAPUR,2014,Kharif,Lemon,416,3618,8.697115385
Andhra Pradesh,ANANTAPUR,2014,Kharif,Maize,16839,42687,2.535008017
Andhra Pradesh,ANANTAPUR,2014,Kharif,Mango,11278,70939,6.290033694
Andhra Pradesh,ANANTAPUR,2014,Kharif,Mesta,15,106,7.066666667
Andhra Pradesh,ANANTAPUR,2014,Kharif,Moong(Green Gram),2428,2994,1.233113674
Andhra Pradesh,ANANTAPUR,2014,Kharif,Onion,1969,35214,17.88420518
Andhra Pradesh,ANANTAPUR,2014,Kharif,Other Kharif pulses,25,2,0.08
Andhra Pradesh,ANANTAPUR,2014,Kharif,other oilseeds,31,49,1.580645161
Andhra Pradesh,ANANTAPUR,2014,Kharif,Papaya,374,29443,78.72459893
Andhra Pradesh,ANANTAPUR,2014,Kharif,Pome Granet,1572,16416,10.44274809
Andhra Pradesh,ANANTAPUR,2014,Kharif,Potato,15,281,18.73333333
Andhra Pradesh,ANANTAPUR,2014,Kharif,Ragi,1136,1713,1.507922535
Andhra Pradesh,ANANTAPUR,2014,Kharif,Rice,22658,68155,3.007988348
Andhra Pradesh,ANANTAPUR,2014,Kharif,Sapota,2151,19520,9.074848907
Andhra Pradesh,ANANTAPUR,2014,Kharif,Small millets,691,606,0.87698987
Andhra Pradesh,ANANTAPUR,2014,Kharif,Soyabean,44,50,1.136363636
Andhra Pradesh,ANANTAPUR,2014,Kharif,Sugarcane,30,2456,81.86666667
Andhra Pradesh,ANANTAPUR,2014,Kharif,Sunflower,5066,1180,0.232925385
Andhra Pradesh,ANANTAPUR,2014,Kharif,Tobacco,15,43,2.866666667
Andhra Pradesh,ANANTAPUR,2014,Kharif,Tomato,3976,113236,28.47987928
Andhra Pradesh,ANANTAPUR,2014,Kharif,Turmeric,19,223,11.73684211
Andhra Pradesh,ANANTAPUR,2014,Kharif,Urad,188,249,1.324468085
Andhra Pradesh,ANANTAPUR,2014,Rabi,Bajra,47,28,0.595744681
Andhra Pradesh,ANANTAPUR,2014,Rabi,Brinjal,468,11108,23.73504274
Andhra Pradesh,ANANTAPUR,2014,Rabi,Cabbage,2,25,12.5
Andhra Pradesh,ANANTAPUR,2014,Rabi,Castor seed,229,131,0.572052402
Andhra Pradesh,ANANTAPUR,2014,Rabi,Coriander,8223,4251,0.516964611
Andhra Pradesh,ANANTAPUR,2014,Rabi,Cotton(lint),884,1244,1.407239819
Andhra Pradesh,ANANTAPUR,2014,Rabi,Cowpea(Lobia),234,263,1.123931624
Andhra Pradesh,ANANTAPUR,2014,Rabi,Dry chillies,124,387,3.120967742
Andhra Pradesh,ANANTAPUR,2014,Rabi,Gram,68092,38676,0.56799624
Andhra Pradesh,ANANTAPUR,2014,Rabi,Groundnut,14957,24679,1.649996657
Andhra Pradesh,ANANTAPUR,2014,Rabi,Horse-gram,8079,3700,0.457977472
Andhra Pradesh,ANANTAPUR,2014,Rabi,Jowar,5263,1368,0.259927798
Andhra Pradesh,ANANTAPUR,2014,Rabi,Maize,4474,31618,7.06705409
Andhra Pradesh,ANANTAPUR,2014,Rabi,Moong(Green Gram),586,481,0.820819113
Andhra Pradesh,ANANTAPUR,2014,Rabi,Onion,297,6767,22.78451178
Andhra Pradesh,ANANTAPUR,2014,Rabi,Other  Rabi pulses,2,2,1
Andhra Pradesh,ANANTAPUR,2014,Rabi,Potato,77,1442,18.72727273
Andhra Pradesh,ANANTAPUR,2014,Rabi,Ragi,734,1122,1.528610354
Andhra Pradesh,ANANTAPUR,2014,Rabi,Rice,6553,14377,2.193956966
Andhra Pradesh,ANANTAPUR,2014,Rabi,Safflower,310,87,0.280645161
Andhra Pradesh,ANANTAPUR,2014,Rabi,Small millets,47,41,0.872340426
Andhra Pradesh,ANANTAPUR,2014,Rabi,Sunflower,3386,1642,0.48493798
Andhra Pradesh,ANANTAPUR,2014,Rabi,Sweet potato,4,44,11
Andhra Pradesh,ANANTAPUR,2014,Rabi,Tobacco,341,635,1.862170088
Andhra Pradesh,ANANTAPUR,2014,Rabi,Tomato,4191,87055,20.77189215
Andhra Pradesh,ANANTAPUR,2014,Rabi,Urad,42,61,1.452380952
Andhra Pradesh,ANANTAPUR,2014,Whole Year,Coconut,687,5756000,8378.45706
Andhra Pradesh,ANANTAPUR,2014,Whole Year,Rice,29211,82532,2.825374003
Andhra Pradesh,CHITTOOR,1997,Kharif,Arhar/Tur,6100,900,0.147540984
Andhra Pradesh,CHITTOOR,1997,Kharif,Bajra,1700,1900,1.117647059
Andhra Pradesh,CHITTOOR,1997,Kharif,Dry chillies,600,800,1.333333333
Andhra Pradesh,CHITTOOR,1997,Kharif,Groundnut,234900,144200,0.613878246
Andhra Pradesh,CHITTOOR,1997,Kharif,Horse-gram,3100,2000,0.64516129
Andhra Pradesh,CHITTOOR,1997,Kharif,Jowar,2400,1500,0.625
Andhra Pradesh,CHITTOOR,1997,Kharif,Maize,100,300,3
Andhra Pradesh,CHITTOOR,1997,Kharif,Moong(Green Gram),200,100,0.5
Andhra Pradesh,CHITTOOR,1997,Kharif,Other Kharif pulses,2200,300,0.136363636
Andhra Pradesh,CHITTOOR,1997,Kharif,Ragi,10800,9900,0.916666667
Andhra Pradesh,CHITTOOR,1997,Kharif,Rice,42300,84400,1.995271868
Andhra Pradesh,CHITTOOR,1997,Kharif,Samai,1300,200,0.153846154
Andhra Pradesh,CHITTOOR,1997,Kharif,Sesamum,400,100,0.25
Andhra Pradesh,CHITTOOR,1997,Kharif,Sugarcane,29600,2775100,93.75337838
Andhra Pradesh,CHITTOOR,1997,Kharif,Sunflower,1300,600,0.461538462
Andhra Pradesh,CHITTOOR,1997,Rabi,Dry chillies,3000,2100,0.7
Andhra Pradesh,CHITTOOR,1997,Rabi,Groundnut,28300,69800,2.466431095
Andhra Pradesh,CHITTOOR,1997,Rabi,Horse-gram,1200,400,0.333333333
Andhra Pradesh,CHITTOOR,1997,Rabi,Ragi,1600,2300,1.4375
Andhra Pradesh,CHITTOOR,1997,Rabi,Rice,57400,137400,2.393728223
Andhra Pradesh,CHITTOOR,1997,Rabi,Sunflower,900,400,0.444444444
Andhra Pradesh,CHITTOOR,1998,Kharif,Arhar/Tur,6100,1000,0.163934426
Andhra Pradesh,CHITTOOR,1998,Kharif,Bajra,1700,3400,2
Andhra Pradesh,CHITTOOR,1998,Kharif,Castor seed,200,100,0.5
Andhra Pradesh,CHITTOOR,1998,Kharif,Dry chillies,600,900,1.5
Andhra Pradesh,CHITTOOR,1998,Kharif,Groundnut,235500,211000,0.89596603
Andhra Pradesh,CHITTOOR,1998,Kharif,Horse-gram,3000,1700,0.566666667
Andhra Pradesh,CHITTOOR,1998,Kharif,Jowar,2500,1400,0.56
Andhra Pradesh,CHITTOOR,1998,Kharif,Korra,100,100,1
Andhra Pradesh,CHITTOOR,1998,Kharif,Maize,100,300,3
Andhra Pradesh,CHITTOOR,1998,Kharif,Moong(Green Gram),300,200,0.666666667
Andhra Pradesh,CHITTOOR,1998,Kharif,Other Kharif pulses,2300,400,0.173913043
Andhra Pradesh,CHITTOOR,1998,Kharif,Ragi,10800,11000,1.018518519
Andhra Pradesh,CHITTOOR,1998,Kharif,Rice,42000,105400,2.50952381
Andhra Pradesh,CHITTOOR,1998,Kharif,Samai,1500,300,0.2
Andhra Pradesh,CHITTOOR,1998,Kharif,Sesamum,400,100,0.25
Andhra Pradesh,CHITTOOR,1998,Kharif,Sunflower,1000,700,0.7
Andhra Pradesh,CHITTOOR,1998,Kharif,Urad,200,200,1
Andhra Pradesh,CHITTOOR,1998,Rabi,Dry chillies,3200,4100,1.28125
Andhra Pradesh,CHITTOOR,1998,Rabi,Groundnut,31100,83800,2.694533762
Andhra Pradesh,CHITTOOR,1998,Rabi,Horse-gram,1100,800,0.727272727
Andhra Pradesh,CHITTOOR,1998,Rabi,Maize,100,300,3
Andhra Pradesh,CHITTOOR,1998,Rabi,Ragi,1600,2700,1.6875
Andhra Pradesh,CHITTOOR,1998,Rabi,Rice,62400,159200,2.551282051
Andhra Pradesh,CHITTOOR,1998,Rabi,Sesamum,300,100,0.333333333
Andhra Pradesh,CHITTOOR,1998,Rabi,Sunflower,800,300,0.375
Andhra Pradesh,CHITTOOR,1998,Whole Year,Sugarcane,34500,3377000,97.88405797
Andhra Pradesh,CHITTOOR,1999,Kharif,Bajra,2531,2817,1.112998815
Andhra Pradesh,CHITTOOR,1999,Kharif,Castor seed,185,35,0.189189189
Andhra Pradesh,CHITTOOR,1999,Kharif,Cotton(lint),2,2,1
Andhra Pradesh,CHITTOOR,1999,Kharif,Groundnut,188615,79784,0.422999231
Andhra Pradesh,CHITTOOR,1999,Kharif,Horse-gram,3350,1853,0.553134328
Andhra Pradesh,CHITTOOR,1999,Kharif,Jowar,1360,797,0.586029412
Andhra Pradesh,CHITTOOR,1999,Kharif,Maize,181,514,2.839779006
Andhra Pradesh,CHITTOOR,1999,Kharif,Masoor,5096,637,0.125
Andhra Pradesh,CHITTOOR,1999,Kharif,Moong(Green Gram),159,113,0.710691824
Andhra Pradesh,CHITTOOR,1999,Kharif,Ragi,8199,5666,0.691059885
Andhra Pradesh,CHITTOOR,1999,Kharif,Rice,37542,75477,2.010468276
Andhra Pradesh,CHITTOOR,1999,Kharif,Sesamum,484,117,0.241735537
Andhra Pradesh,CHITTOOR,1999,Kharif,Sunflower,1207,700,0.57995029
Andhra Pradesh,CHITTOOR,1999,Kharif,Urad,120,73,0.608333333
Andhra Pradesh,CHITTOOR,1999,Rabi,Bajra,68,76,1.117647059
Andhra Pradesh,CHITTOOR,1999,Rabi,Gram,1,1,1
Andhra Pradesh,CHITTOOR,1999,Rabi,Groundnut,26755,63383,2.369015137
Andhra Pradesh,CHITTOOR,1999,Rabi,Horse-gram,2034,620,0.304818092
Andhra Pradesh,CHITTOOR,1999,Rabi,Jowar,39,40,1.025641026
Andhra Pradesh,CHITTOOR,1999,Rabi,Linseed,28,2,0.071428571
Andhra Pradesh,CHITTOOR,1999,Rabi,Maize,67,324,4.835820896
Andhra Pradesh,CHITTOOR,1999,Rabi,Moong(Green Gram),85,23,0.270588235
Andhra Pradesh,CHITTOOR,1999,Rabi,Ragi,1354,1887,1.393648449
Andhra Pradesh,CHITTOOR,1999,Rabi,Rice,37489,76800,2.048600923
Andhra Pradesh,CHITTOOR,1999,Rabi,Sesamum,587,135,0.229982964
Andhra Pradesh,CHITTOOR,1999,Rabi,Urad,70,46,0.657142857
Andhra Pradesh,CHITTOOR,1999,Whole Year,Dry chillies,3370,4968,1.474183976
Andhra Pradesh,CHITTOOR,1999,Whole Year,Onion,548,8149,14.87043796
Andhra Pradesh,CHITTOOR,1999,Whole Year,Sugarcane,44929,4097998,91.21053217
Andhra Pradesh,CHITTOOR,1999,Whole Year,Tobacco,17,17,1
Andhra Pradesh,CHITTOOR,2000,Kharif,Arhar/Tur,6032,2172,0.360079576
Andhra Pradesh,CHITTOOR,2000,Kharif,Bajra,3771,4936,1.308936622
Andhra Pradesh,CHITTOOR,2000,Kharif,Castor seed,546,166,0.304029304
Andhra Pradesh,CHITTOOR,2000,Kharif,Cotton(lint),19,25,1.315789474
Andhra Pradesh,CHITTOOR,2000,Kharif,Dry chillies,522,770,1.475095785
Andhra Pradesh,CHITTOOR,2000,Kharif,Gram,6,5,0.833333333
Andhra Pradesh,CHITTOOR,2000,Kharif,Groundnut,192106,218617,1.138001936
Andhra Pradesh,CHITTOOR,2000,Kharif,Horse-gram,3774,2004,0.53100159
Andhra Pradesh,CHITTOOR,2000,Kharif,Jowar,3556,2703,0.760123735
Andhra Pradesh,CHITTOOR,2000,Kharif,Korra,13,9,0.692307692
Andhra Pradesh,CHITTOOR,2000,Kharif,Maize,357,930,2.605042017
Andhra Pradesh,CHITTOOR,2000,Kharif,Mesta,6,53,8.833333333
Andhra Pradesh,CHITTOOR,2000,Kharif,Moong(Green Gram),138,61,0.442028986
Andhra Pradesh,CHITTOOR,2000,Kharif,Onion,286,3991,13.95454545
Andhra Pradesh,CHITTOOR,2000,Kharif,Other Kharif pulses,2988,650,0.217536814
Andhra Pradesh,CHITTOOR,2000,Kharif,other misc. pulses,1653,464,0.280701754
Andhra Pradesh,CHITTOOR,2000,Kharif,Ragi,11350,12133,1.068986784
Andhra Pradesh,CHITTOOR,2000,Kharif,Rice,33776,89236,2.641994315
Andhra Pradesh,CHITTOOR,2000,Kharif,Samai,2348,587,0.25
Andhra Pradesh,CHITTOOR,2000,Kharif,Sesamum,432,100,0.231481481
Andhra Pradesh,CHITTOOR,2000,Kharif,Small millets,2361,596,0.252435409
Andhra Pradesh,CHITTOOR,2000,Kharif,Sunflower,535,449,0.839252336
Andhra Pradesh,CHITTOOR,2000,Kharif,Urad,120,7,0.058333333
Andhra Pradesh,CHITTOOR,2000,Rabi,Bajra,393,514,1.307888041
Andhra Pradesh,CHITTOOR,2000,Rabi,Dry chillies,2676,3056,1.14200299
Andhra Pradesh,CHITTOOR,2000,Rabi,Groundnut,22396,60156,2.68601536
Andhra Pradesh,CHITTOOR,2000,Rabi,Horse-gram,1509,318,0.210735586
Andhra Pradesh,CHITTOOR,2000,Rabi,Jowar,54,65,1.203703704
Andhra Pradesh,CHITTOOR,2000,Rabi,Linseed,30,6,0.2
Andhra Pradesh,CHITTOOR,2000,Rabi,Maize,56,302,5.392857143
Andhra Pradesh,CHITTOOR,2000,Rabi,Moong(Green Gram),42,14,0.333333333
Andhra Pradesh,CHITTOOR,2000,Rabi,Onion,230,5494,23.88695652
Andhra Pradesh,CHITTOOR,2000,Rabi,Other  Rabi pulses,13,2,0.153846154
Andhra Pradesh,CHITTOOR,2000,Rabi,other misc. pulses,13,2,0.153846154
Andhra Pradesh,CHITTOOR,2000,Rabi,Ragi,1667,2405,1.442711458
Andhra Pradesh,CHITTOOR,2000,Rabi,Rapeseed &Mustard,2,1,0.5
Andhra Pradesh,CHITTOOR,2000,Rabi,Rice,41442,97181,2.344988176
Andhra Pradesh,CHITTOOR,2000,Rabi,Sesamum,735,154,0.20952381
Andhra Pradesh,CHITTOOR,2000,Rabi,Urad,168,135,0.803571429
Andhra Pradesh,CHITTOOR,2000,Rabi,Wheat,5,3,0.6
Andhra Pradesh,CHITTOOR,2000,Whole Year,Banana,953,19033,19.97166842
Andhra Pradesh,CHITTOOR,2000,Whole Year,Cashewnut,126,27,0.214285714
Andhra Pradesh,CHITTOOR,2000,Whole Year,Coconut,4011,17215660,4292.111693
Andhra Pradesh,CHITTOOR,2000,Whole Year,Coriander,60,19,0.316666667
Andhra Pradesh,CHITTOOR,2000,Whole Year,Potato,957,8177,8.544409613
Andhra Pradesh,CHITTOOR,2000,Whole Year,Sugarcane,40539,3697441,91.20701053
Andhra Pradesh,CHITTOOR,2000,Whole Year,Sweet potato,163,2203,13.51533742
Andhra Pradesh,CHITTOOR,2000,Whole Year,Tapioca,1,8,8
Andhra Pradesh,CHITTOOR,2000,Whole Year,Tobacco,14,13,0.928571429
Andhra Pradesh,CHITTOOR,2000,Whole Year,Turmeric,89,620,6.966292135
Andhra Pradesh,CHITTOOR,2001,Kharif,Arhar/Tur,5403,924,0.171016102
Andhra Pradesh,CHITTOOR,2001,Kharif,Bajra,2934,3556,1.211997273
Andhra Pradesh,CHITTOOR,2001,Kharif,Castor seed,313,88,0.28115016
Andhra Pradesh,CHITTOOR,2001,Kharif,Cotton(lint),2,2,1
Andhra Pradesh,CHITTOOR,2001,Kharif,Dry chillies,443,641,1.446952596
Andhra Pradesh,CHITTOOR,2001,Kharif,Gram,5,6,1.2
Andhra Pradesh,CHITTOOR,2001,Kharif,Groundnut,171365,125096,0.729997374
Andhra Pradesh,CHITTOOR,2001,Kharif,Horse-gram,2373,1241,0.522966709
Andhra Pradesh,CHITTOOR,2001,Kharif,Jowar,2400,2174,0.905833333
Andhra Pradesh,CHITTOOR,2001,Kharif,Korra,13,10,0.769230769
Andhra Pradesh,CHITTOOR,2001,Kharif,Maize,294,786,2.673469388
Andhra Pradesh,CHITTOOR,2001,Kharif,Mesta,5,43,8.6
Andhra Pradesh,CHITTOOR,2001,Kharif,Moong(Green Gram),225,109,0.484444444
Andhra Pradesh,CHITTOOR,2001,Kharif,Onion,248,3441,13.875
Andhra Pradesh,CHITTOOR,2001,Kharif,Other Kharif pulses,2351,654,0.278179498
Andhra Pradesh,CHITTOOR,2001,Kharif,Ragi,11835,8758,0.74000845
Andhra Pradesh,CHITTOOR,2001,Kharif,Rice,24377,55311,2.268983058
Andhra Pradesh,CHITTOOR,2001,Kharif,Samai,1976,522,0.26417004
Andhra Pradesh,CHITTOOR,2001,Kharif,Sesamum,162,27,0.166666667
Andhra Pradesh,CHITTOOR,2001,Kharif,Small millets,1989,532,0.267471091
Andhra Pradesh,CHITTOOR,2001,Kharif,Sunflower,1358,1177,0.866715758
Andhra Pradesh,CHITTOOR,2001,Kharif,Urad,141,51,0.361702128
Andhra Pradesh,CHITTOOR,2001,Rabi,Bajra,258,313,1.213178295
Andhra Pradesh,CHITTOOR,2001,Rabi,Dry chillies,2958,4609,1.558147397
Andhra Pradesh,CHITTOOR,2001,Rabi,Groundnut,21443,59311,2.765984237
Andhra Pradesh,CHITTOOR,2001,Rabi,Horse-gram,1569,849,0.541108987
Andhra Pradesh,CHITTOOR,2001,Rabi,Jowar,46,67,1.456521739
Andhra Pradesh,CHITTOOR,2001,Rabi,Linseed,21,5,0.238095238
Andhra Pradesh,CHITTOOR,2001,Rabi,Maize,81,524,6.469135802
Andhra Pradesh,CHITTOOR,2001,Rabi,Moong(Green Gram),82,25,0.304878049
Andhra Pradesh,CHITTOOR,2001,Rabi,Onion,304,6772,22.27631579
Andhra Pradesh,CHITTOOR,2001,Rabi,Ragi,1776,2366,1.332207207
Andhra Pradesh,CHITTOOR,2001,Rabi,Rice,62049,170573,2.749004819
Andhra Pradesh,CHITTOOR,2001,Rabi,Sesamum,442,214,0.484162896
Andhra Pradesh,CHITTOOR,2001,Rabi,Urad,189,129,0.682539683
Andhra Pradesh,CHITTOOR,2001,Rabi,Wheat,4,,
Andhra Pradesh,CHITTOOR,2001,Whole Year,Banana,1005,7156,7.12039801
Andhra Pradesh,CHITTOOR,2001,Whole Year,Cashewnut,126,34,0.26984127
Andhra Pradesh,CHITTOOR,2001,Whole Year,Coconut,4133,14827800,3587.660295
Andhra Pradesh,CHITTOOR,2001,Whole Year,Coriander,51,18,0.352941176
Andhra Pradesh,CHITTOOR,2001,Whole Year,Potato,1024,9447,9.225585938
Andhra Pradesh,CHITTOOR,2001,Whole Year,Sugarcane,38789,3337250,86.03598958
Andhra Pradesh,CHITTOOR,2001,Whole Year,Sweet potato,188,2495,13.2712766
Andhra Pradesh,CHITTOOR,2001,Whole Year,Tobacco,33,38,1.151515152
Andhra Pradesh,CHITTOOR,2001,Whole Year,Turmeric,69,341,4.942028986
Andhra Pradesh,CHITTOOR,2002,Kharif,Arhar/Tur,4113,440,0.106977875
Andhra Pradesh,CHITTOOR,2002,Kharif,Bajra,2366,1171,0.494928149
Andhra Pradesh,CHITTOOR,2002,Kharif,Castor seed,234,48,0.205128205
Andhra Pradesh,CHITTOOR,2002,Kharif,Dry chillies,519,791,1.524084778
Andhra Pradesh,CHITTOOR,2002,Kharif,Groundnut,101638,50108,0.493004585
Andhra Pradesh,CHITTOOR,2002,Kharif,Horse-gram,6941,3679,0.530038899
Andhra Pradesh,CHITTOOR,2002,Kharif,Jowar,1647,865,0.525197328
Andhra Pradesh,CHITTOOR,2002,Kharif,Maize,261,253,0.969348659
Andhra Pradesh,CHITTOOR,2002,Kharif,Mesta,4,30,7.5
Andhra Pradesh,CHITTOOR,2002,Kharif,Moong(Green Gram),174,26,0.149425287
Andhra Pradesh,CHITTOOR,2002,Kharif,Onion,205,2451,11.95609756
Andhra Pradesh,CHITTOOR,2002,Kharif,Other Kharif pulses,1535,428,0.278827362
Andhra Pradesh,CHITTOOR,2002,Kharif,Ragi,6905,6643,0.962056481
Andhra Pradesh,CHITTOOR,2002,Kharif,Rice,20137,50020,2.483984705
Andhra Pradesh,CHITTOOR,2002,Kharif,Sesamum,234,22,0.094017094
Andhra Pradesh,CHITTOOR,2002,Kharif,Small millets,1687,364,0.215767635
Andhra Pradesh,CHITTOOR,2002,Kharif,Sunflower,2098,1320,0.629170639
Andhra Pradesh,CHITTOOR,2002,Kharif,Urad,133,7,0.052631579
Andhra Pradesh,CHITTOOR,2002,Rabi,Arhar/Tur,17,2,0.117647059
Andhra Pradesh,CHITTOOR,2002,Rabi,Bajra,42,21,0.5
Andhra Pradesh,CHITTOOR,2002,Rabi,Dry chillies,2199,4253,1.934060937
Andhra Pradesh,CHITTOOR,2002,Rabi,Gram,20,16,0.8
Andhra Pradesh,CHITTOOR,2002,Rabi,Groundnut,18706,52714,2.818026302
Andhra Pradesh,CHITTOOR,2002,Rabi,Horse-gram,3471,1284,0.369922213
Andhra Pradesh,CHITTOOR,2002,Rabi,Jowar,130,155,1.192307692
Andhra Pradesh,CHITTOOR,2002,Rabi,Linseed,14,4,0.285714286
Andhra Pradesh,CHITTOOR,2002,Rabi,Maize,284,1968,6.929577465
Andhra Pradesh,CHITTOOR,2002,Rabi,Moong(Green Gram),172,44,0.255813953
Andhra Pradesh,CHITTOOR,2002,Rabi,Onion,266,4753,17.86842105
Andhra Pradesh,CHITTOOR,2002,Rabi,Other  Rabi pulses,4,1,0.25
Andhra Pradesh,CHITTOOR,2002,Rabi,other oilseeds,22,26,1.181818182
Andhra Pradesh,CHITTOOR,2002,Rabi,Ragi,1102,1365,1.238656987
Andhra Pradesh,CHITTOOR,2002,Rabi,Rice,30034,76827,2.558000932
Andhra Pradesh,CHITTOOR,2002,Rabi,Sesamum,386,125,0.323834197
Andhra Pradesh,CHITTOOR,2002,Rabi,Urad,260,151,0.580769231
Andhra Pradesh,CHITTOOR,2002,Rabi,Wheat,5,7,1.4
Andhra Pradesh,CHITTOOR,2002,Whole Year,Banana,960,50841,52.959375
Andhra Pradesh,CHITTOOR,2002,Whole Year,Beans & Mutter(Vegetable),1509,7788,5.161033797
Andhra Pradesh,CHITTOOR,2002,Whole Year,Bhindi,340,2533,7.45
Andhra Pradesh,CHITTOOR,2002,Whole Year,Brinjal,1784,18027,10.10482063
Andhra Pradesh,CHITTOOR,2002,Whole Year,Cabbage,4,0,0
Andhra Pradesh,CHITTOOR,2002,Whole Year,Cashewnut,121,15,0.123966942
Andhra Pradesh,CHITTOOR,2002,Whole Year,Citrus Fruit,232,1172,5.051724138
Andhra Pradesh,CHITTOOR,2002,Whole Year,Coconut,4296,17209269,4005.881983
Andhra Pradesh,CHITTOOR,2002,Whole Year,Coriander,86,24,0.279069767
Andhra Pradesh,CHITTOOR,2002,Whole Year,Cucumber,8,0,0
Andhra Pradesh,CHITTOOR,2002,Whole Year,Grapes,36,673,18.69444444
Andhra Pradesh,CHITTOOR,2002,Whole Year,Mango,47834,335015,7.003700297
Andhra Pradesh,CHITTOOR,2002,Whole Year,Orange,4,39,9.75
Andhra Pradesh,CHITTOOR,2002,Whole Year,Other Fresh Fruits,114,153,1.342105263
Andhra Pradesh,CHITTOOR,2002,Whole Year,Other Vegetables,918,0,0
Andhra Pradesh,CHITTOOR,2002,Whole Year,Papaya,39,5087,130.4358974
Andhra Pradesh,CHITTOOR,2002,Whole Year,Peas  (vegetable),1,0,0
Andhra Pradesh,CHITTOOR,2002,Whole Year,Pome Fruit,66,3411,51.68181818
Andhra Pradesh,CHITTOOR,2002,Whole Year,Potato,1126,9776,8.682060391
Andhra Pradesh,CHITTOOR,2002,Whole Year,Sugarcane,39436,2684685,68.07701085
Andhra Pradesh,CHITTOOR,2002,Whole Year,Sweet potato,160,1739,10.86875
Andhra Pradesh,CHITTOOR,2002,Whole Year,Tobacco,66,107,1.621212121
Andhra Pradesh,CHITTOOR,2002,Whole Year,Tomato,16838,139087,8.260304074
Andhra Pradesh,CHITTOOR,2002,Whole Year,Turmeric,76,247,3.25
Andhra Pradesh,CHITTOOR,2003,Kharif,Arhar/Tur,8476,636,0.075035394
Andhra Pradesh,CHITTOOR,2003,Kharif,Bajra,2166,3611,1.667128347
Andhra Pradesh,CHITTOOR,2003,Kharif,Castor seed,372,155,0.416666667
Andhra Pradesh,CHITTOOR,2003,Kharif,Dry chillies,412,1014,2.461165049
Andhra Pradesh,CHITTOOR,2003,Kharif,Groundnut,137201,92611,0.675002369
Andhra Pradesh,CHITTOOR,2003,Kharif,Horse-gram,5495,2121,0.385987261
Andhra Pradesh,CHITTOOR,2003,Kharif,Jowar,2410,2832,1.175103734
Andhra Pradesh,CHITTOOR,2003,Kharif,Korra,16,12,0.75
Andhra Pradesh,CHITTOOR,2003,Kharif,Maize,742,1273,1.715633423
Andhra Pradesh,CHITTOOR,2003,Kharif,Mesta,2,16,8
Andhra Pradesh,CHITTOOR,2003,Kharif,Moong(Green Gram),631,343,0.543581616
Andhra Pradesh,CHITTOOR,2003,Kharif,Onion,253,3691,14.58893281
Andhra Pradesh,CHITTOOR,2003,Kharif,Other Kharif pulses,1929,581,0.301192328
Andhra Pradesh,CHITTOOR,2003,Kharif,Ragi,10014,8392,0.838026763
Andhra Pradesh,CHITTOOR,2003,Kharif,Rice,18495,38562,2.084995945
Andhra Pradesh,CHITTOOR,2003,Kharif,Samai,2058,698,0.339164237
Andhra Pradesh,CHITTOOR,2003,Kharif,Sesamum,186,54,0.290322581
Andhra Pradesh,CHITTOOR,2003,Kharif,Small millets,2074,710,0.342333655
Andhra Pradesh,CHITTOOR,2003,Kharif,Sunflower,2563,1488,0.580569645
Andhra Pradesh,CHITTOOR,2003,Kharif,Urad,433,267,0.616628176
Andhra Pradesh,CHITTOOR,2003,Rabi,Arhar/Tur,10,1,0.1
Andhra Pradesh,CHITTOOR,2003,Rabi,Bajra,36,60,1.666666667
Andhra Pradesh,CHITTOOR,2003,Rabi,Dry chillies,2792,5832,2.088825215
Andhra Pradesh,CHITTOOR,2003,Rabi,Groundnut,22411,51164,2.282986034
Andhra Pradesh,CHITTOOR,2003,Rabi,Horse-gram,1942,1051,0.541194645
Andhra Pradesh,CHITTOOR,2003,Rabi,Jowar,6,7,1.166666667
Andhra Pradesh,CHITTOOR,2003,Rabi,Linseed,19,5,0.263157895
Andhra Pradesh,CHITTOOR,2003,Rabi,Maize,392,2195,5.599489796
Andhra Pradesh,CHITTOOR,2003,Rabi,Moong(Green Gram),221,75,0.339366516
Andhra Pradesh,CHITTOOR,2003,Rabi,Onion,265,5538,20.89811321
Andhra Pradesh,CHITTOOR,2003,Rabi,Other  Rabi pulses,6,1,0.166666667
Andhra Pradesh,CHITTOOR,2003,Rabi,Ragi,925,1486,1.606486486
Andhra Pradesh,CHITTOOR,2003,Rabi,Rice,27286,46714,1.712013487
Andhra Pradesh,CHITTOOR,2003,Rabi,Sesamum,580,103,0.177586207
Andhra Pradesh,CHITTOOR,2003,Rabi,Urad,229,89,0.388646288
Andhra Pradesh,CHITTOOR,2003,Rabi,Wheat,7,2,0.285714286
Andhra Pradesh,CHITTOOR,2003,Whole Year,Banana,587,21222,36.15332198
Andhra Pradesh,CHITTOOR,2003,Whole Year,Beans & Mutter(Vegetable),1364,6842,5.016129032
Andhra Pradesh,CHITTOOR,2003,Whole Year,Bhindi,382,3041,7.960732984
Andhra Pradesh,CHITTOOR,2003,Whole Year,Brinjal,1664,18271,10.98016827
Andhra Pradesh,CHITTOOR,2003,Whole Year,Cabbage,73,0,0
Andhra Pradesh,CHITTOOR,2003,Whole Year,Cashewnut,124,33,0.266129032
Andhra Pradesh,CHITTOOR,2003,Whole Year,Citrus Fruit,221,3750,16.96832579
Andhra Pradesh,CHITTOOR,2003,Whole Year,Coconut,4294,16827552,3918.852352
Andhra Pradesh,CHITTOOR,2003,Whole Year,Coriander,119,31,0.260504202
Andhra Pradesh,CHITTOOR,2003,Whole Year,Cucumber,1,0,0
Andhra Pradesh,CHITTOOR,2003,Whole Year,Grapes,32,555,17.34375
Andhra Pradesh,CHITTOOR,2003,Whole Year,Mango,48572,234579,4.829510829
Andhra Pradesh,CHITTOOR,2003,Whole Year,Orange,6,96,16
Andhra Pradesh,CHITTOOR,2003,Whole Year,Other Fresh Fruits,459,149,0.324618736
Andhra Pradesh,CHITTOOR,2003,Whole Year,Other Vegetables,686,0,0
Andhra Pradesh,CHITTOOR,2003,Whole Year,Papaya,17,1544,90.82352941
Andhra Pradesh,CHITTOOR,2003,Whole Year,Pome Fruit,69,3933,57
Andhra Pradesh,CHITTOOR,2003,Whole Year,Potato,1291,12045,9.329976762
Andhra Pradesh,CHITTOOR,2003,Whole Year,Sugarcane,26845,1881888,70.10199292
Andhra Pradesh,CHITTOOR,2003,Whole Year,Sweet potato,177,1280,7.231638418
Andhra Pradesh,CHITTOOR,2003,Whole Year,Tobacco,2,3,1.5
Andhra Pradesh,CHITTOOR,2003,Whole Year,Tomato,19636,180151,9.17452638
Andhra Pradesh,CHITTOOR,2003,Whole Year,Turmeric,60,417,6.95
Andhra Pradesh,CHITTOOR,2004,Kharif,Arhar/Tur,8225,1390,0.16899696
Andhra Pradesh,CHITTOOR,2004,Kharif,Bajra,2684,3521,1.311847988
Andhra Pradesh,CHITTOOR,2004,Kharif,Castor seed,351,205,0.584045584
Andhra Pradesh,CHITTOOR,2004,Kharif,Dry chillies,537,1171,2.180633147
Andhra Pradesh,CHITTOOR,2004,Kharif,Gram,9,8,0.888888889
Andhra Pradesh,CHITTOOR,2004,Kharif,Groundnut,194943,138410,0.710002411
Andhra Pradesh,CHITTOOR,2004,Kharif,Horse-gram,3996,1798,0.44994995
Andhra Pradesh,CHITTOOR,2004,Kharif,Jowar,2659,2444,0.919142535
Andhra Pradesh,CHITTOOR,2004,Kharif,Maize,509,1461,2.870333988
Andhra Pradesh,CHITTOOR,2004,Kharif,Mesta,2,17,8.5
Andhra Pradesh,CHITTOOR,2004,Kharif,Moong(Green Gram),337,125,0.370919881
Andhra Pradesh,CHITTOOR,2004,Kharif,Onion,250,4242,16.968
Andhra Pradesh,CHITTOOR,2004,Kharif,Other Kharif pulses,3863,872,0.225731297
Andhra Pradesh,CHITTOOR,2004,Kharif,Ragi,11249,14376,1.277980265
Andhra Pradesh,CHITTOOR,2004,Kharif,Rice,19055,43331,2.273996326
Andhra Pradesh,CHITTOOR,2004,Kharif,Sesamum,904,86,0.095132743
Andhra Pradesh,CHITTOOR,2004,Kharif,Small millets,1922,652,0.339229969
Andhra Pradesh,CHITTOOR,2004,Kharif,Sunflower,3154,1822,0.577679138
Andhra Pradesh,CHITTOOR,2004,Kharif,Urad,264,127,0.481060606
Andhra Pradesh,CHITTOOR,2004,Rabi,Bajra,57,75,1.315789474
Andhra Pradesh,CHITTOOR,2004,Rabi,Dry chillies,2285,11110,4.86214442
Andhra Pradesh,CHITTOOR,2004,Rabi,Gram,2,2,1
Andhra Pradesh,CHITTOOR,2004,Rabi,Groundnut,23819,60381,2.534993073
Andhra Pradesh,CHITTOOR,2004,Rabi,Horse-gram,2283,304,0.133158125
Andhra Pradesh,CHITTOOR,2004,Rabi,Jowar,25,39,1.56
Andhra Pradesh,CHITTOOR,2004,Rabi,Linseed,11,1,0.090909091
Andhra Pradesh,CHITTOOR,2004,Rabi,Maize,354,2559,7.228813559
Andhra Pradesh,CHITTOOR,2004,Rabi,Moong(Green Gram),218,71,0.325688073
Andhra Pradesh,CHITTOOR,2004,Rabi,Onion,351,7244,20.63817664
Andhra Pradesh,CHITTOOR,2004,Rabi,Other  Rabi pulses,41,9,0.219512195
Andhra Pradesh,CHITTOOR,2004,Rabi,Ragi,868,1961,2.25921659
Andhra Pradesh,CHITTOOR,2004,Rabi,Rice,25822,69177,2.678994656
Andhra Pradesh,CHITTOOR,2004,Rabi,Sesamum,1071,698,0.651727358
Andhra Pradesh,CHITTOOR,2004,Rabi,Sunflower,1912,1115,0.583158996
Andhra Pradesh,CHITTOOR,2004,Rabi,Urad,314,199,0.633757962
Andhra Pradesh,CHITTOOR,2004,Rabi,Wheat,2,,
Andhra Pradesh,CHITTOOR,2004,Whole Year,Banana,586,30560,52.15017065
Andhra Pradesh,CHITTOOR,2004,Whole Year,Cashewnut,119,25,0.210084034
Andhra Pradesh,CHITTOOR,2004,Whole Year,Coconut,4165,31934060,7667.241297
Andhra Pradesh,CHITTOOR,2004,Whole Year,Coriander,125,30,0.24
Andhra Pradesh,CHITTOOR,2004,Whole Year,Potato,1892,18727,9.897991543
Andhra Pradesh,CHITTOOR,2004,Whole Year,Sugarcane,21928,1865393,85.06899854
Andhra Pradesh,CHITTOOR,2004,Whole Year,Sweet potato,211,434,2.056872038
Andhra Pradesh,CHITTOOR,2004,Whole Year,Tobacco,4,4,1
Andhra Pradesh,CHITTOOR,2004,Whole Year,Turmeric,88,794,9.022727273
Andhra Pradesh,CHITTOOR,2005,Kharif,Arhar/Tur,7752,1869,0.241099071
Andhra Pradesh,CHITTOOR,2005,Kharif,Bajra,1860,2217,1.191935484
Andhra Pradesh,CHITTOOR,2005,Kharif,Castor seed,368,269,0.730978261
Andhra Pradesh,CHITTOOR,2005,Kharif,Cotton(lint),4,4,1
Andhra Pradesh,CHITTOOR,2005,Kharif,Dry chillies,459,858,1.869281046
Andhra Pradesh,CHITTOOR,2005,Kharif,Groundnut,177541,130670,0.735999009
Andhra Pradesh,CHITTOOR,2005,Kharif,Horse-gram,3713,1504,0.405063291
Andhra Pradesh,CHITTOOR,2005,Kharif,Jowar,1825,1221,0.669041096
Andhra Pradesh,CHITTOOR,2005,Kharif,Maize,417,2150,5.1558753
Andhra Pradesh,CHITTOOR,2005,Kharif,Mesta,2,18,9
Andhra Pradesh,CHITTOOR,2005,Kharif,Moong(Green Gram),511,354,0.692759295
Andhra Pradesh,CHITTOOR,2005,Kharif,Onion,254,4762,18.7480315
Andhra Pradesh,CHITTOOR,2005,Kharif,Other Kharif pulses,3614,868,0.240177089
Andhra Pradesh,CHITTOOR,2005,Kharif,Ragi,9199,11269,1.225024459
Andhra Pradesh,CHITTOOR,2005,Kharif,Rice,16240,37173,2.288977833
Andhra Pradesh,CHITTOOR,2005,Kharif,Sesamum,185,31,0.167567568
Andhra Pradesh,CHITTOOR,2005,Kharif,Small millets,1834,588,0.320610687
Andhra Pradesh,CHITTOOR,2005,Kharif,Urad,212,73,0.344339623
Andhra Pradesh,CHITTOOR,2005,Rabi,Bajra,58,69,1.189655172
Andhra Pradesh,CHITTOOR,2005,Rabi,Dry chillies,2159,7967,3.690134321
Andhra Pradesh,CHITTOOR,2005,Rabi,Groundnut,17796,44223,2.484996628
Andhra Pradesh,CHITTOOR,2005,Rabi,Horse-gram,1932,730,0.377846791
Andhra Pradesh,CHITTOOR,2005,Rabi,Jowar,33,57,1.727272727
Andhra Pradesh,CHITTOOR,2005,Rabi,Linseed,5,2,0.4
Andhra Pradesh,CHITTOOR,2005,Rabi,Maize,356,2660,7.471910112
Andhra Pradesh,CHITTOOR,2005,Rabi,Moong(Green Gram),70,21,0.3
Andhra Pradesh,CHITTOOR,2005,Rabi,Onion,253,6018,23.78656126
Andhra Pradesh,CHITTOOR,2005,Rabi,Other  Rabi pulses,27,6,0.222222222
Andhra Pradesh,CHITTOOR,2005,Rabi,Ragi,1097,1748,1.593436645
Andhra Pradesh,CHITTOOR,2005,Rabi,Rice,66351,193612,2.917996714
Andhra Pradesh,CHITTOOR,2005,Rabi,Sesamum,365,246,0.673972603
Andhra Pradesh,CHITTOOR,2005,Rabi,Urad,98,62,0.632653061
Andhra Pradesh,CHITTOOR,2005,Whole Year,Banana,468,25070,53.56837607
Andhra Pradesh,CHITTOOR,2005,Whole Year,Cashewnut,119,32,0.268907563
Andhra Pradesh,CHITTOOR,2005,Whole Year,Coconut,3914,15729168,4018.693919
Andhra Pradesh,CHITTOOR,2005,Whole Year,Coriander,110,49,0.445454545
Andhra Pradesh,CHITTOOR,2005,Whole Year,Potato,1312,12841,9.787347561
Andhra Pradesh,CHITTOOR,2005,Whole Year,Sugarcane,22453,1972429,87.84701376
Andhra Pradesh,CHITTOOR,2005,Whole Year,Sunflower,2445,1436,0.587321063
Andhra Pradesh,CHITTOOR,2005,Whole Year,Sweet potato,249,1102,4.425702811
Andhra Pradesh,CHITTOOR,2005,Whole Year,Tobacco,7,7,1
Andhra Pradesh,CHITTOOR,2005,Whole Year,Turmeric,52,394,7.576923077
Andhra Pradesh,CHITTOOR,2006,Kharif,Arhar/Tur,5496,1533,0.278930131
Andhra Pradesh,CHITTOOR,2006,Kharif,Bajra,1456,942,0.646978022
Andhra Pradesh,CHITTOOR,2006,Kharif,Castor seed,297,149,0.501683502
Andhra Pradesh,CHITTOOR,2006,Kharif,Dry chillies,413,1104,2.673123487
Andhra Pradesh,CHITTOOR,2006,Kharif,Groundnut,87185,46470,0.533004531
Andhra Pradesh,CHITTOOR,2006,Kharif,Horse-gram,5600,2694,0.481071429
Andhra Pradesh,CHITTOOR,2006,Kharif,Jowar,966,751,0.777432712
Andhra Pradesh,CHITTOOR,2006,Kharif,Maize,386,1378,3.569948187
Andhra Pradesh,CHITTOOR,2006,Kharif,Mesta,2,18,9
Andhra Pradesh,CHITTOOR,2006,Kharif,Moong(Green Gram),284,35,0.123239437
Andhra Pradesh,CHITTOOR,2006,Kharif,Onion,206,3454,16.76699029
Andhra Pradesh,CHITTOOR,2006,Kharif,Other Kharif pulses,2434,572,0.235004108
Andhra Pradesh,CHITTOOR,2006,Kharif,Ragi,8605,7374,0.856943637
Andhra Pradesh,CHITTOOR,2006,Kharif,Rice,17049,42520,2.493987917
Andhra Pradesh,CHITTOOR,2006,Kharif,Sesamum,222,57,0.256756757
Andhra Pradesh,CHITTOOR,2006,Kharif,Small millets,1189,292,0.245584525
Andhra Pradesh,CHITTOOR,2006,Kharif,Urad,144,55,0.381944444
Andhra Pradesh,CHITTOOR,2006,Rabi,Arhar/Tur,2,1,0.5
Andhra Pradesh,CHITTOOR,2006,Rabi,Bajra,30,19,0.633333333
Andhra Pradesh,CHITTOOR,2006,Rabi,Dry chillies,2405,8975,3.731808732
Andhra Pradesh,CHITTOOR,2006,Rabi,Groundnut,18109,52842,2.917996576
Andhra Pradesh,CHITTOOR,2006,Rabi,Horse-gram,2627,1532,0.583174724
Andhra Pradesh,CHITTOOR,2006,Rabi,Jowar,29,35,1.206896552
Andhra Pradesh,CHITTOOR,2006,Rabi,Linseed,4,1,0.25
Andhra Pradesh,CHITTOOR,2006,Rabi,Maize,788,5971,7.577411168
Andhra Pradesh,CHITTOOR,2006,Rabi,Moong(Green Gram),144,54,0.375
Andhra Pradesh,CHITTOOR,2006,Rabi,Onion,189,4612,24.4021164
Andhra Pradesh,CHITTOOR,2006,Rabi,Other  Rabi pulses,34,18,0.529411765
Andhra Pradesh,CHITTOOR,2006,Rabi,Ragi,917,1265,1.379498364
Andhra Pradesh,CHITTOOR,2006,Rabi,Rice,29164,85101,2.918015361
Andhra Pradesh,CHITTOOR,2006,Rabi,Sesamum,264,149,0.564393939
Andhra Pradesh,CHITTOOR,2006,Rabi,Urad,426,333,0.781690141
Andhra Pradesh,CHITTOOR,2006,Rabi,Wheat,4,1,0.25
Andhra Pradesh,CHITTOOR,2006,Whole Year,Banana,556,27205,48.92985612
Andhra Pradesh,CHITTOOR,2006,Whole Year,Cashewnut,117,31,0.264957265
Andhra Pradesh,CHITTOOR,2006,Whole Year,Coconut,4307,34924554,8108.788948
Andhra Pradesh,CHITTOOR,2006,Whole Year,Coriander,155,52,0.335483871
Andhra Pradesh,CHITTOOR,2006,Whole Year,Potato,1429,12086,8.457662701
Andhra Pradesh,CHITTOOR,2006,Whole Year,Sugarcane,37965,3496956,92.10999605
Andhra Pradesh,CHITTOOR,2006,Whole Year,Sunflower,5492,3852,0.701383831
Andhra Pradesh,CHITTOOR,2006,Whole Year,Sweet potato,246,1351,5.491869919
Andhra Pradesh,CHITTOOR,2006,Whole Year,Tobacco,114,134,1.175438596
Andhra Pradesh,CHITTOOR,2006,Whole Year,Turmeric,81,635,7.839506173
Andhra Pradesh,CHITTOOR,2007,Kharif,Arhar/Tur,7000,1000,0.142857143
Andhra Pradesh,CHITTOOR,2007,Kharif,Bajra,2000,3000,1.5
Andhra Pradesh,CHITTOOR,2007,Kharif,Dry chillies,1000,1000,1
Andhra Pradesh,CHITTOOR,2007,Kharif,Groundnut,146000,246000,1.684931507
Andhra Pradesh,CHITTOOR,2007,Kharif,Horse-gram,4000,2000,0.5
Andhra Pradesh,CHITTOOR,2007,Kharif,Jowar,1000,1000,1
Andhra Pradesh,CHITTOOR,2007,Kharif,Maize,1000,3000,3
Andhra Pradesh,CHITTOOR,2007,Kharif,Moong(Green Gram),1000,,
Andhra Pradesh,CHITTOOR,2007,Kharif,Other Kharif pulses,2000,1000,0.5
Andhra Pradesh,CHITTOOR,2007,Kharif,Ragi,8000,6000,0.75
Andhra Pradesh,CHITTOOR,2007,Kharif,Rice,15000,42000,2.8
Andhra Pradesh,CHITTOOR,2007,Kharif,Small millets,1000,,
Andhra Pradesh,CHITTOOR,2007,Kharif,Sunflower,1000,,
Andhra Pradesh,CHITTOOR,2007,Rabi,Dry chillies,2000,7000,3.5
Andhra Pradesh,CHITTOOR,2007,Rabi,Groundnut,21000,57000,2.714285714
Andhra Pradesh,CHITTOOR,2007,Rabi,Horse-gram,2000,1000,0.5
Andhra Pradesh,CHITTOOR,2007,Rabi,Maize,1000,4000,4
Andhra Pradesh,CHITTOOR,2007,Rabi,Ragi,1000,1000,1
Andhra Pradesh,CHITTOOR,2007,Rabi,Rice,37000,116000,3.135135135
Andhra Pradesh,CHITTOOR,2007,Rabi,Sunflower,5000,6000,1.2
Andhra Pradesh,CHITTOOR,2007,Whole Year,Sugarcane,30000,2819000,93.96666667
Andhra Pradesh,CHITTOOR,2008,Kharif,Arhar/Tur,7173,2554,0.356057438
Andhra Pradesh,CHITTOOR,2008,Kharif,Bajra,1714,3286,1.917152859
Andhra Pradesh,CHITTOOR,2008,Kharif,Castor seed,499,376,0.753507014
Andhra Pradesh,CHITTOOR,2008,Kharif,Cotton(lint),24,37,1.541666667
Andhra Pradesh,CHITTOOR,2008,Kharif,Dry chillies,514,1276,2.482490272
Andhra Pradesh,CHITTOOR,2008,Kharif,Groundnut,171653,84110,0.490000175
Andhra Pradesh,CHITTOOR,2008,Kharif,Horse-gram,2238,1256,0.561215371
Andhra Pradesh,CHITTOOR,2008,Kharif,Jowar,1205,812,0.673858921
Andhra Pradesh,CHITTOOR,2008,Kharif,Maize,843,3937,4.670225386
Andhra Pradesh,CHITTOOR,2008,Kharif,Moong(Green Gram),482,188,0.390041494
Andhra Pradesh,CHITTOOR,2008,Kharif,Onion,289,4856,16.80276817
Andhra Pradesh,CHITTOOR,2008,Kharif,Other Kharif pulses,1607,783,0.487243311
Andhra Pradesh,CHITTOOR,2008,Kharif,Ragi,7179,4142,0.576960579
Andhra Pradesh,CHITTOOR,2008,Kharif,Rice,17596,46242,2.627983633
Andhra Pradesh,CHITTOOR,2008,Kharif,Sesamum,236,46,0.194915254
Andhra Pradesh,CHITTOOR,2008,Kharif,Small millets,848,241,0.284198113
Andhra Pradesh,CHITTOOR,2008,Kharif,Urad,303,110,0.363036304
Andhra Pradesh,CHITTOOR,2008,Rabi,Bajra,9,17,1.888888889
Andhra Pradesh,CHITTOOR,2008,Rabi,Dry chillies,2500,5155,2.062
Andhra Pradesh,CHITTOOR,2008,Rabi,Gram,19,74,3.894736842
Andhra Pradesh,CHITTOOR,2008,Rabi,Groundnut,17250,46506,2.696
Andhra Pradesh,CHITTOOR,2008,Rabi,Horse-gram,1318,1078,0.817905918
Andhra Pradesh,CHITTOOR,2008,Rabi,Maize,957,8450,8.829676071
Andhra Pradesh,CHITTOOR,2008,Rabi,Moong(Green Gram),191,65,0.340314136
Andhra Pradesh,CHITTOOR,2008,Rabi,Onion,171,4081,23.86549708
Andhra Pradesh,CHITTOOR,2008,Rabi,Ragi,812,1522,1.874384236
Andhra Pradesh,CHITTOOR,2008,Rabi,Rice,37927,118636,3.12800907
Andhra Pradesh,CHITTOOR,2008,Rabi,Sesamum,329,143,0.434650456
Andhra Pradesh,CHITTOOR,2008,Rabi,Urad,376,252,0.670212766
Andhra Pradesh,CHITTOOR,2008,Whole Year,Banana,708,22390,31.62429379
Andhra Pradesh,CHITTOOR,2008,Whole Year,Cashewnut,90,26,0.288888889
Andhra Pradesh,CHITTOOR,2008,Whole Year,Coconut,3915,35594856,9091.917241
Andhra Pradesh,CHITTOOR,2008,Whole Year,Coriander,102,42,0.411764706
Andhra Pradesh,CHITTOOR,2008,Whole Year,Potato,1374,12392,9.018922853
Andhra Pradesh,CHITTOOR,2008,Whole Year,Sugarcane,26916,2263880,84.1090801
Andhra Pradesh,CHITTOOR,2008,Whole Year,Sunflower,3183,2015,0.633050581
Andhra Pradesh,CHITTOOR,2008,Whole Year,Sweet potato,110,628,5.709090909
Andhra Pradesh,CHITTOOR,2008,Whole Year,Tapioca,3,37,12.33333333
Andhra Pradesh,CHITTOOR,2008,Whole Year,Tobacco,225,359,1.595555556
Andhra Pradesh,CHITTOOR,2008,Whole Year,Turmeric,64,646,10.09375
Andhra Pradesh,CHITTOOR,2009,Kharif,Arhar/Tur,6406,1377,0.21495473
Andhra Pradesh,CHITTOOR,2009,Kharif,Bajra,2859,3336,1.166841553
Andhra Pradesh,CHITTOOR,2009,Kharif,Castor seed,278,138,0.496402878
Andhra Pradesh,CHITTOOR,2009,Kharif,Cotton(lint),66,94,1.424242424
Andhra Pradesh,CHITTOOR,2009,Kharif,Dry chillies,591,1415,2.394247039
Andhra Pradesh,CHITTOOR,2009,Kharif,Groundnut,123097,71889,0.58400286
Andhra Pradesh,CHITTOOR,2009,Kharif,Horse-gram,11704,7970,0.680963773
Andhra Pradesh,CHITTOOR,2009,Kharif,Jowar,1302,1413,1.085253456
Andhra Pradesh,CHITTOOR,2009,Kharif,Maize,1326,4915,3.706636501
Andhra Pradesh,CHITTOOR,2009,Kharif,Moong(Green Gram),601,154,0.256239601
Andhra Pradesh,CHITTOOR,2009,Kharif,Onion,197,3190,16.1928934
Andhra Pradesh,CHITTOOR,2009,Kharif,Other Kharif pulses,1766,512,0.289920725
Andhra Pradesh,CHITTOOR,2009,Kharif,Ragi,8370,10437,1.246953405
Andhra Pradesh,CHITTOOR,2009,Kharif,Rice,19758,56192,2.844012552
Andhra Pradesh,CHITTOOR,2009,Kharif,Sesamum,146,36,0.246575342
Andhra Pradesh,CHITTOOR,2009,Kharif,Small millets,908,289,0.318281938
Andhra Pradesh,CHITTOOR,2009,Kharif,Urad,307,91,0.296416938
Andhra Pradesh,CHITTOOR,2009,Rabi,Arhar/Tur,262,56,0.213740458
Andhra Pradesh,CHITTOOR,2009,Rabi,Bajra,17,20,1.176470588
Andhra Pradesh,CHITTOOR,2009,Rabi,Dry chillies,2297,7695,3.350021768
Andhra Pradesh,CHITTOOR,2009,Rabi,Gram,2,2,1
Andhra Pradesh,CHITTOOR,2009,Rabi,Groundnut,16334,58966,3.610015918
Andhra Pradesh,CHITTOOR,2009,Rabi,Horse-gram,2244,1696,0.755793226
Andhra Pradesh,CHITTOOR,2009,Rabi,Maize,611,4466,7.309328969
Andhra Pradesh,CHITTOOR,2009,Rabi,Moong(Green Gram),159,63,0.396226415
Andhra Pradesh,CHITTOOR,2009,Rabi,Onion,163,4015,24.63190184
Andhra Pradesh,CHITTOOR,2009,Rabi,Ragi,873,1913,2.191294387
Andhra Pradesh,CHITTOOR,2009,Rabi,Rice,35155,113937,3.240989902
Andhra Pradesh,CHITTOOR,2009,Rabi,Sesamum,557,185,0.332136445
Andhra Pradesh,CHITTOOR,2009,Rabi,Urad,646,478,0.73993808
Andhra Pradesh,CHITTOOR,2009,Whole Year,Banana,769,40826,53.08972692
Andhra Pradesh,CHITTOOR,2009,Whole Year,Cashewnut,98,29,0.295918367
Andhra Pradesh,CHITTOOR,2009,Whole Year,Coconut,3893,22798170,5856.195736
Andhra Pradesh,CHITTOOR,2009,Whole Year,Coriander,125,64,0.512
Andhra Pradesh,CHITTOOR,2009,Whole Year,Potato,1402,12099,8.629814551
Andhra Pradesh,CHITTOOR,2009,Whole Year,Sugarcane,27193,2261081,83.14937668
Andhra Pradesh,CHITTOOR,2009,Whole Year,Sunflower,3280,2647,0.807012195
Andhra Pradesh,CHITTOOR,2009,Whole Year,Sweet potato,226,1332,5.89380531
Andhra Pradesh,CHITTOOR,2009,Whole Year,Tapioca,10,131,13.1
Andhra Pradesh,CHITTOOR,2009,Whole Year,Tobacco,301,508,1.687707641
Andhra Pradesh,CHITTOOR,2009,Whole Year,Turmeric,32,387,12.09375
Andhra Pradesh,CHITTOOR,2010,Kharif,Arhar/Tur,10943,1182,0.108014256
Andhra Pradesh,CHITTOOR,2010,Kharif,Bajra,3081,5882,1.909120415
Andhra Pradesh,CHITTOOR,2010,Kharif,Castor seed,180,158,0.877777778
Andhra Pradesh,CHITTOOR,2010,Kharif,Cotton(lint),235,98,0.417021277
Andhra Pradesh,CHITTOOR,2010,Kharif,Groundnut,148596,159741,1.075002019
Andhra Pradesh,CHITTOOR,2010,Kharif,Horse-gram,4010,1941,0.4840399
Andhra Pradesh,CHITTOOR,2010,Kharif,Jowar,1357,852,0.627855564
Andhra Pradesh,CHITTOOR,2010,Kharif,Maize,970,4969,5.122680412
Andhra Pradesh,CHITTOOR,2010,Kharif,Mesta,2,18,9
Andhra Pradesh,CHITTOOR,2010,Kharif,Moong(Green Gram),845,268,0.317159763
Andhra Pradesh,CHITTOOR,2010,Kharif,Onion,178,3535,19.85955056
Andhra Pradesh,CHITTOOR,2010,Kharif,Other Kharif pulses,1912,541,0.282949791
Andhra Pradesh,CHITTOOR,2010,Kharif,Ragi,6849,9876,1.44196233
Andhra Pradesh,CHITTOOR,2010,Kharif,Rice,18019,53639,2.976802264
Andhra Pradesh,CHITTOOR,2010,Kharif,Sesamum,203,34,0.167487685
Andhra Pradesh,CHITTOOR,2010,Kharif,Small millets,572,165,0.288461538
Andhra Pradesh,CHITTOOR,2010,Kharif,Urad,608,257,0.422697368
Andhra Pradesh,CHITTOOR,2010,Rabi,Arhar/Tur,10,1,0.1
Andhra Pradesh,CHITTOOR,2010,Rabi,Bajra,15,29,1.933333333
Andhra Pradesh,CHITTOOR,2010,Rabi,Dry chillies,2034,4153,2.041789577
Andhra Pradesh,CHITTOOR,2010,Rabi,Groundnut,13361,31332,2.345034054
Andhra Pradesh,CHITTOOR,2010,Rabi,Horse-gram,1774,1151,0.648816234
Andhra Pradesh,CHITTOOR,2010,Rabi,Linseed,18,,
Andhra Pradesh,CHITTOOR,2010,Rabi,Maize,539,4914,9.116883117
Andhra Pradesh,CHITTOOR,2010,Rabi,Moong(Green Gram),335,118,0.352238806
Andhra Pradesh,CHITTOOR,2010,Rabi,Onion,196,5274,26.90816327
Andhra Pradesh,CHITTOOR,2010,Rabi,Ragi,847,1266,1.494687131
Andhra Pradesh,CHITTOOR,2010,Rabi,Rapeseed &Mustard,16,39,2.4375
Andhra Pradesh,CHITTOOR,2010,Rabi,Rice,43558,131502,3.019009137
Andhra Pradesh,CHITTOOR,2010,Rabi,Sesamum,334,118,0.353293413
Andhra Pradesh,CHITTOOR,2010,Rabi,Urad,1126,601,0.53374778
Andhra Pradesh,CHITTOOR,2010,Whole Year,Banana,923,46782,50.68472373
Andhra Pradesh,CHITTOOR,2010,Whole Year,Cashewnut,100,24,0.24
Andhra Pradesh,CHITTOOR,2010,Whole Year,Coriander,113,77,0.681415929
Andhra Pradesh,CHITTOOR,2010,Whole Year,Potato,1138,10817,9.505272408
Andhra Pradesh,CHITTOOR,2010,Whole Year,Sugarcane,27719,2311342,83.38475414
Andhra Pradesh,CHITTOOR,2010,Whole Year,Sunflower,1048,578,0.551526718
Andhra Pradesh,CHITTOOR,2010,Whole Year,Sweet potato,239,3062,12.81171548
Andhra Pradesh,CHITTOOR,2010,Whole Year,Tapioca,15,99,6.6
Andhra Pradesh,CHITTOOR,2010,Whole Year,Tobacco,130,229,1.761538462
Andhra Pradesh,CHITTOOR,2010,Whole Year,Turmeric,47,369,7.85106383
Andhra Pradesh,CHITTOOR,2011,Kharif,Arhar/Tur,8019,1203,0.150018706
Andhra Pradesh,CHITTOOR,2011,Kharif,Bajra,2353,4958,2.107097323
Andhra Pradesh,CHITTOOR,2011,Kharif,Castor seed,175,11,0.062857143
Andhra Pradesh,CHITTOOR,2011,Kharif,Cotton(lint),400,65,0.1625
Andhra Pradesh,CHITTOOR,2011,Kharif,Cowpea(Lobia),1078,347,0.321892393
Andhra Pradesh,CHITTOOR,2011,Kharif,Groundnut,132056,82799,0.626999152
Andhra Pradesh,CHITTOOR,2011,Kharif,Horse-gram,3394,1806,0.532115498
Andhra Pradesh,CHITTOOR,2011,Kharif,Jowar,65,80,1.230769231
Andhra Pradesh,CHITTOOR,2011,Kharif,Maize,930,3084,3.316129032
Andhra Pradesh,CHITTOOR,2011,Kharif,Moong(Green Gram),506,325,0.64229249
Andhra Pradesh,CHITTOOR,2011,Kharif,Onion,180,2594,14.41111111
Andhra Pradesh,CHITTOOR,2011,Kharif,Other Kharif pulses,2102,671,0.319219791
Andhra Pradesh,CHITTOOR,2011,Kharif,Ragi,6608,7203,1.090042373
Andhra Pradesh,CHITTOOR,2011,Kharif,Rice,17342,55719,3.212951217
Andhra Pradesh,CHITTOOR,2011,Kharif,Sesamum,88,20,0.227272727
Andhra Pradesh,CHITTOOR,2011,Kharif,Small millets,379,128,0.337730871
Andhra Pradesh,CHITTOOR,2011,Kharif,Urad,388,207,0.533505155
Andhra Pradesh,CHITTOOR,2011,Rabi,Arhar/Tur,12,2,0.166666667
Andhra Pradesh,CHITTOOR,2011,Rabi,Bajra,2,4,2
Andhra Pradesh,CHITTOOR,2011,Rabi,Cowpea(Lobia),9,7,0.777777778
Andhra Pradesh,CHITTOOR,2011,Rabi,Dry chillies,1897,2474,1.30416447
Andhra Pradesh,CHITTOOR,2011,Rabi,Gram,2,1,0.5
Andhra Pradesh,CHITTOOR,2011,Rabi,Groundnut,14103,45637,3.235978161
Andhra Pradesh,CHITTOOR,2011,Rabi,Horse-gram,1621,1149,0.708821715
Andhra Pradesh,CHITTOOR,2011,Rabi,Linseed,11,2,0.181818182
Andhra Pradesh,CHITTOOR,2011,Rabi,Maize,877,6805,7.75940707
Andhra Pradesh,CHITTOOR,2011,Rabi,Moong(Green Gram),270,161,0.596296296
Andhra Pradesh,CHITTOOR,2011,Rabi,Onion,196,4013,20.4744898
Andhra Pradesh,CHITTOOR,2011,Rabi,Other  Rabi pulses,17,5,0.294117647
Andhra Pradesh,CHITTOOR,2011,Rabi,Ragi,693,1398,2.017316017
Andhra Pradesh,CHITTOOR,2011,Rabi,Rice,33764,113211,3.353009122
Andhra Pradesh,CHITTOOR,2011,Rabi,Sesamum,284,146,0.514084507
Andhra Pradesh,CHITTOOR,2011,Rabi,Urad,2528,1772,0.700949367
Andhra Pradesh,CHITTOOR,2011,Whole Year,Banana,886,55948,63.14672686
Andhra Pradesh,CHITTOOR,2011,Whole Year,Cashewnut,76,19,0.25
Andhra Pradesh,CHITTOOR,2011,Whole Year,Coconut,3663,29376960,8019.9181
Andhra Pradesh,CHITTOOR,2011,Whole Year,Coriander,74,43,0.581081081
Andhra Pradesh,CHITTOOR,2011,Whole Year,Potato,1151,15206,13.21112076
Andhra Pradesh,CHITTOOR,2011,Whole Year,Sugarcane,28405,2577106,90.72719592
Andhra Pradesh,CHITTOOR,2011,Whole Year,Sunflower,1342,927,0.69076006
Andhra Pradesh,CHITTOOR,2011,Whole Year,Sweet potato,288,3490,12.11805556
Andhra Pradesh,CHITTOOR,2011,Whole Year,Tapioca,10,100,10
Andhra Pradesh,CHITTOOR,2011,Whole Year,Tobacco,51,82,1.607843137
Andhra Pradesh,CHITTOOR,2011,Whole Year,Turmeric,31,255,8.225806452
Andhra Pradesh,CHITTOOR,2012,Kharif,Arhar/Tur,7594,1268,0.166973927
Andhra Pradesh,CHITTOOR,2012,Kharif,Bajra,1681,4211,2.505056514
Andhra Pradesh,CHITTOOR,2012,Kharif,Brinjal,875,18642,21.30514286
Andhra Pradesh,CHITTOOR,2012,Kharif,Cabbage,106,1200,11.32075472
Andhra Pradesh,CHITTOOR,2012,Kharif,Cashewnut,75,20,0.266666667
Andhra Pradesh,CHITTOOR,2012,Kharif,Castor seed,192,73,0.380208333
Andhra Pradesh,CHITTOOR,2012,Kharif,Cotton(lint),317,405,1.277602524
Andhra Pradesh,CHITTOOR,2012,Kharif,Cowpea(Lobia),999,276,0.276276276
Andhra Pradesh,CHITTOOR,2012,Kharif,Grapes,30,546,18.2
Andhra Pradesh,CHITTOOR,2012,Kharif,Groundnut,135619,86932,0.64100163
Andhra Pradesh,CHITTOOR,2012,Kharif,Horse-gram,3473,2414,0.695076303
Andhra Pradesh,CHITTOOR,2012,Kharif,Jowar,41,,
Andhra Pradesh,CHITTOOR,2012,Kharif,Lemon,48,427,8.895833333
Andhra Pradesh,CHITTOOR,2012,Kharif,Maize,1078,4375,4.058441558
Andhra Pradesh,CHITTOOR,2012,Kharif,Mango,56760,502212,8.847991543
Andhra Pradesh,CHITTOOR,2012,Kharif,Moong(Green Gram),389,215,0.552699229
Andhra Pradesh,CHITTOOR,2012,Kharif,Onion,153,2921,19.09150327
Andhra Pradesh,CHITTOOR,2012,Kharif,Other Kharif pulses,1791,480,0.2680067
Andhra Pradesh,CHITTOOR,2012,Kharif,Papaya,558,60785,108.9336918
Andhra Pradesh,CHITTOOR,2012,Kharif,Pome Granet,65,872,13.41538462
Andhra Pradesh,CHITTOOR,2012,Kharif,Potato,240,3618,15.075
Andhra Pradesh,CHITTOOR,2012,Kharif,Ragi,6616,5776,0.873035067
Andhra Pradesh,CHITTOOR,2012,Kharif,Rice,12952,45241,3.492974058
Andhra Pradesh,CHITTOOR,2012,Kharif,Sapota,186,2455,13.19892473
Andhra Pradesh,CHITTOOR,2012,Kharif,Sesamum,55,13,0.236363636
Andhra Pradesh,CHITTOOR,2012,Kharif,Small millets,228,67,0.293859649
Andhra Pradesh,CHITTOOR,2012,Kharif,Soyabean,11,20,1.818181818
Andhra Pradesh,CHITTOOR,2012,Kharif,Sugarcane,28106,2491232,88.63701701
Andhra Pradesh,CHITTOOR,2012,Kharif,Sunflower,82,62,0.756097561
Andhra Pradesh,CHITTOOR,2012,Kharif,Sweet potato,44,503,11.43181818
Andhra Pradesh,CHITTOOR,2012,Kharif,Tomato,8521,143886,16.88604624
Andhra Pradesh,CHITTOOR,2012,Kharif,Turmeric,17,190,11.17647059
Andhra Pradesh,CHITTOOR,2012,Kharif,Urad,268,253,0.944029851
Andhra Pradesh,CHITTOOR,2012,Rabi,Arhar/Tur,13,2,0.153846154
Andhra Pradesh,CHITTOOR,2012,Rabi,Bajra,5,13,2.6
Andhra Pradesh,CHITTOOR,2012,Rabi,Brinjal,729,15531,21.30452675
Andhra Pradesh,CHITTOOR,2012,Rabi,Cabbage,179,2027,11.32402235
Andhra Pradesh,CHITTOOR,2012,Rabi,Coriander,49,29,0.591836735
Andhra Pradesh,CHITTOOR,2012,Rabi,Cotton(lint),226,288,1.274336283
Andhra Pradesh,CHITTOOR,2012,Rabi,Cowpea(Lobia),19,17,0.894736842
Andhra Pradesh,CHITTOOR,2012,Rabi,Dry chillies,1702,3877,2.277908343
Andhra Pradesh,CHITTOOR,2012,Rabi,Gram,17,13,0.764705882
Andhra Pradesh,CHITTOOR,2012,Rabi,Groundnut,14610,39725,2.719028063
Andhra Pradesh,CHITTOOR,2012,Rabi,Horse-gram,2260,1383,0.611946903
Andhra Pradesh,CHITTOOR,2012,Rabi,Maize,547,3876,7.085923218
Andhra Pradesh,CHITTOOR,2012,Rabi,Moong(Green Gram),236,159,0.673728814
Andhra Pradesh,CHITTOOR,2012,Rabi,Onion,193,2745,14.22279793
Andhra Pradesh,CHITTOOR,2012,Rabi,Other  Rabi pulses,10,12,1.2
Andhra Pradesh,CHITTOOR,2012,Rabi,Potato,845,12739,15.07573964
Andhra Pradesh,CHITTOOR,2012,Rabi,Ragi,704,1050,1.491477273
Andhra Pradesh,CHITTOOR,2012,Rabi,Rice,34557,126168,3.651011373
Andhra Pradesh,CHITTOOR,2012,Rabi,Sesamum,347,198,0.570605187
Andhra Pradesh,CHITTOOR,2012,Rabi,Sunflower,812,414,0.509852217
Andhra Pradesh,CHITTOOR,2012,Rabi,Sweet potato,186,2127,11.43548387
Andhra Pradesh,CHITTOOR,2012,Rabi,Tobacco,55,78,1.418181818
Andhra Pradesh,CHITTOOR,2012,Rabi,Tomato,4908,106037,21.60493073
Andhra Pradesh,CHITTOOR,2012,Rabi,Urad,1621,1598,0.985811228
Andhra Pradesh,CHITTOOR,2012,Whole Year,Coconut,3351,28899000,8623.992838
Andhra Pradesh,CHITTOOR,2013,Kharif,Arhar/Tur,7601,1923,0.252993027
Andhra Pradesh,CHITTOOR,2013,Kharif,Bajra,1789,3907,2.183901621
Andhra Pradesh,CHITTOOR,2013,Kharif,Brinjal,919,19001,20.67573449
Andhra Pradesh,CHITTOOR,2013,Kharif,Cabbage,114,2140,18.77192982
Andhra Pradesh,CHITTOOR,2013,Kharif,Cashewnut,75,24,0.32
Andhra Pradesh,CHITTOOR,2013,Kharif,Castor seed,228,107,0.469298246
Andhra Pradesh,CHITTOOR,2013,Kharif,Coriander,27,16,0.592592593
Andhra Pradesh,CHITTOOR,2013,Kharif,Cotton(lint),157,391,2.49044586
Andhra Pradesh,CHITTOOR,2013,Kharif,Cowpea(Lobia),1116,317,0.284050179
Andhra Pradesh,CHITTOOR,2013,Kharif,Grapes,23,417,18.13043478
Andhra Pradesh,CHITTOOR,2013,Kharif,Groundnut,143027,142455,0.996000755
Andhra Pradesh,CHITTOOR,2013,Kharif,Horse-gram,5499,3211,0.58392435
Andhra Pradesh,CHITTOOR,2013,Kharif,Jowar,12,10,0.833333333
Andhra Pradesh,CHITTOOR,2013,Kharif,Lemon,46,236,5.130434783
Andhra Pradesh,CHITTOOR,2013,Kharif,Maize,1905,7683,4.033070866
Andhra Pradesh,CHITTOOR,2013,Kharif,Mango,66615,588344,8.832004804
Andhra Pradesh,CHITTOOR,2013,Kharif,Moong(Green Gram),540,599,1.109259259
Andhra Pradesh,CHITTOOR,2013,Kharif,Onion,170,3201,18.82941176
Andhra Pradesh,CHITTOOR,2013,Kharif,Other Kharif pulses,1792,520,0.290178571
Andhra Pradesh,CHITTOOR,2013,Kharif,other oilseeds,280,196,0.7
Andhra Pradesh,CHITTOOR,2013,Kharif,Papaya,526,13845,26.32129278
Andhra Pradesh,CHITTOOR,2013,Kharif,Pome Granet,78,1126,14.43589744
Andhra Pradesh,CHITTOOR,2013,Kharif,Ragi,8006,10512,1.313015239
Andhra Pradesh,CHITTOOR,2013,Kharif,Rice,15206,48766,3.207023543
Andhra Pradesh,CHITTOOR,2013,Kharif,Sapota,208,1957,9.408653846
Andhra Pradesh,CHITTOOR,2013,Kharif,Sesamum,20,9,0.45
Andhra Pradesh,CHITTOOR,2013,Kharif,Small millets,427,131,0.306791569
Andhra Pradesh,CHITTOOR,2013,Kharif,Soyabean,11,18,1.636363636
Andhra Pradesh,CHITTOOR,2013,Kharif,Sugarcane,28152,2562925,91.03882495
Andhra Pradesh,CHITTOOR,2013,Kharif,Sunflower,66,52,0.787878788
Andhra Pradesh,CHITTOOR,2013,Kharif,Sweet potato,57,669,11.73684211
Andhra Pradesh,CHITTOOR,2013,Kharif,Tobacco,8,15,1.875
Andhra Pradesh,CHITTOOR,2013,Kharif,Tomato,8397,232496,27.6879838
Andhra Pradesh,CHITTOOR,2013,Kharif,Turmeric,16,197,12.3125
Andhra Pradesh,CHITTOOR,2013,Kharif,Urad,365,339,0.928767123
Andhra Pradesh,CHITTOOR,2013,Rabi,Arhar/Tur,10,3,0.3
Andhra Pradesh,CHITTOOR,2013,Rabi,Bajra,2,4,2
Andhra Pradesh,CHITTOOR,2013,Rabi,Brinjal,774,16003,20.67571059
Andhra Pradesh,CHITTOOR,2013,Rabi,Cabbage,181,3398,18.77348066
Andhra Pradesh,CHITTOOR,2013,Rabi,Coriander,65,39,0.6
Andhra Pradesh,CHITTOOR,2013,Rabi,Cotton(lint),194,483,2.489690722
Andhra Pradesh,CHITTOOR,2013,Rabi,Cowpea(Lobia),10,8,0.8
Andhra Pradesh,CHITTOOR,2013,Rabi,Dry chillies,1751,3488,1.992004569
Andhra Pradesh,CHITTOOR,2013,Rabi,Gram,8,10,1.25
Andhra Pradesh,CHITTOOR,2013,Rabi,Groundnut,12051,32863,2.72699361
Andhra Pradesh,CHITTOOR,2013,Rabi,Horse-gram,2011,871,0.433117852
Andhra Pradesh,CHITTOOR,2013,Rabi,Maize,1303,9713,7.454336147
Andhra Pradesh,CHITTOOR,2013,Rabi,Moong(Green Gram),277,173,0.624548736
Andhra Pradesh,CHITTOOR,2013,Rabi,Onion,253,5928,23.43083004
Andhra Pradesh,CHITTOOR,2013,Rabi,Other Kharif pulses,4,5,1.25
Andhra Pradesh,CHITTOOR,2013,Rabi,Ragi,641,1140,1.778471139
Andhra Pradesh,CHITTOOR,2013,Rabi,Rice,34654,120249,3.469989034
Andhra Pradesh,CHITTOOR,2013,Rabi,Sesamum,370,134,0.362162162
Andhra Pradesh,CHITTOOR,2013,Rabi,Sunflower,1078,860,0.797773655
Andhra Pradesh,CHITTOOR,2013,Rabi,Sweet potato,217,2548,11.74193548
Andhra Pradesh,CHITTOOR,2013,Rabi,Tobacco,64,116,1.8125
Andhra Pradesh,CHITTOOR,2013,Rabi,Tomato,5199,116546,22.41700327
Andhra Pradesh,CHITTOOR,2013,Rabi,Urad,1119,880,0.786416443
Andhra Pradesh,CHITTOOR,2013,Whole Year,Banana,910,50203,55.16813187
Andhra Pradesh,CHITTOOR,2013,Whole Year,Cashewnut,75,24,0.32
Andhra Pradesh,CHITTOOR,2013,Whole Year,Castor seed,228,107,0.469298246
Andhra Pradesh,CHITTOOR,2013,Whole Year,Coconut,2760,19847000,7190.942029
Andhra Pradesh,CHITTOOR,2013,Whole Year,Coriander,92,55,0.597826087
Andhra Pradesh,CHITTOOR,2013,Whole Year,Potato,1297,22926,17.67617579
Andhra Pradesh,CHITTOOR,2013,Whole Year,Sweet potato,274,3217,11.74087591
Andhra Pradesh,CHITTOOR,2014,Kharif,Arhar/Tur,6840,1669,0.244005848
Andhra Pradesh,CHITTOOR,2014,Kharif,Bajra,2071,4622,2.231772091
Andhra Pradesh,CHITTOOR,2014,Kharif,Brinjal,924,21932,23.73593074
Andhra Pradesh,CHITTOOR,2014,Kharif,Cabbage,120,3491,29.09166667
Andhra Pradesh,CHITTOOR,2014,Kharif,Cashewnut,86,30,0.348837209
Andhra Pradesh,CHITTOOR,2014,Kharif,Castor seed,137,78,0.569343066
Andhra Pradesh,CHITTOOR,2014,Kharif,Coriander,2,1,0.5
Andhra Pradesh,CHITTOOR,2014,Kharif,Cotton(lint),308,723,2.347402597
Andhra Pradesh,CHITTOOR,2014,Kharif,Cowpea(Lobia),948,289,0.304852321
Andhra Pradesh,CHITTOOR,2014,Kharif,Grapes,32,932,29.125
Andhra Pradesh,CHITTOOR,2014,Kharif,Groundnut,122578,72811,0.593997292
Andhra Pradesh,CHITTOOR,2014,Kharif,Horse-gram,5071,2277,0.449023861
Andhra Pradesh,CHITTOOR,2014,Kharif,Jowar,23,16,0.695652174
Andhra Pradesh,CHITTOOR,2014,Kharif,Lemon,55,478,8.690909091
Andhra Pradesh,CHITTOOR,2014,Kharif,Maize,2693,8820,3.275157817
Andhra Pradesh,CHITTOOR,2014,Kharif,Mango,64633,462384,7.153992543
Andhra Pradesh,CHITTOOR,2014,Kharif,Moong(Green Gram),469,578,1.232409382
Andhra Pradesh,CHITTOOR,2014,Kharif,Onion,242,4443,18.35950413
Andhra Pradesh,CHITTOOR,2014,Kharif,Other Kharif pulses,1642,501,0.305115713
Andhra Pradesh,CHITTOOR,2014,Kharif,other oilseeds,27,55,2.037037037
Andhra Pradesh,CHITTOOR,2014,Kharif,Papaya,519,13790,26.57032755
Andhra Pradesh,CHITTOOR,2014,Kharif,Pome Granet,160,1531,9.56875
Andhra Pradesh,CHITTOOR,2014,Kharif,Potato,302,5186,17.17218543
Andhra Pradesh,CHITTOOR,2014,Kharif,Ragi,4556,3686,0.80904302
Andhra Pradesh,CHITTOOR,2014,Kharif,Rice,13304,44462,3.342002405
Andhra Pradesh,CHITTOOR,2014,Kharif,Sapota,209,1748,8.363636364
Andhra Pradesh,CHITTOOR,2014,Kharif,Sesamum,101,28,0.277227723
Andhra Pradesh,CHITTOOR,2014,Kharif,Small millets,245,97,0.395918367
Andhra Pradesh,CHITTOOR,2014,Kharif,Sugarcane,26147,2066986,79.0525108
Andhra Pradesh,CHITTOOR,2014,Kharif,Sunflower,58,29,0.5
Andhra Pradesh,CHITTOOR,2014,Kharif,Tomato,8139,192268,23.62304951
Andhra Pradesh,CHITTOOR,2014,Kharif,Turmeric,17,199,11.70588235
Andhra Pradesh,CHITTOOR,2014,Kharif,Urad,383,508,1.326370757
Andhra Pradesh,CHITTOOR,2014,Rabi,Bajra,1,2,2
Andhra Pradesh,CHITTOOR,2014,Rabi,Brinjal,785,18633,23.73630573
Andhra Pradesh,CHITTOOR,2014,Rabi,Cabbage,161,4684,29.0931677
Andhra Pradesh,CHITTOOR,2014,Rabi,Coriander,111,57,0.513513514
Andhra Pradesh,CHITTOOR,2014,Rabi,Cotton(lint),545,1278,2.344954128
Andhra Pradesh,CHITTOOR,2014,Rabi,Cowpea(Lobia),10,11,1.1
Andhra Pradesh,CHITTOOR,2014,Rabi,Dry chillies,1693,5287,3.12285883
Andhra Pradesh,CHITTOOR,2014,Rabi,Gram,7,7,1
Andhra Pradesh,CHITTOOR,2014,Rabi,Groundnut,8830,23002,2.604983012
Andhra Pradesh,CHITTOOR,2014,Rabi,Horse-gram,2441,1076,0.44080295
Andhra Pradesh,CHITTOOR,2014,Rabi,Maize,984,6429,6.533536585
Andhra Pradesh,CHITTOOR,2014,Rabi,Moong(Green Gram),384,315,0.8203125
Andhra Pradesh,CHITTOOR,2014,Rabi,Onion,199,4534,22.7839196
Andhra Pradesh,CHITTOOR,2014,Rabi,Other  Rabi pulses,26,32,1.230769231
Andhra Pradesh,CHITTOOR,2014,Rabi,Potato,920,15799,17.17282609
Andhra Pradesh,CHITTOOR,2014,Rabi,Ragi,552,844,1.528985507
Andhra Pradesh,CHITTOOR,2014,Rabi,Rice,27661,87962,3.180000723
Andhra Pradesh,CHITTOOR,2014,Rabi,Sesamum,982,703,0.715885947
Andhra Pradesh,CHITTOOR,2014,Rabi,Sunflower,1310,1104,0.842748092
Andhra Pradesh,CHITTOOR,2014,Rabi,Sweet potato,200,2257,11.285
Andhra Pradesh,CHITTOOR,2014,Rabi,Tobacco,47,141,3
Andhra Pradesh,CHITTOOR,2014,Rabi,Tomato,4998,126185,25.24709884
Andhra Pradesh,CHITTOOR,2014,Rabi,Urad,1749,2520,1.440823328
Andhra Pradesh,CHITTOOR,2014,Whole Year,Coconut,3465,29033000,8378.932179
Andhra Pradesh,CHITTOOR,2014,Whole Year,Rice,40965,132424,3.232613206
Andhra Pradesh,EAST GODAVARI,1997,Kharif,Arhar/Tur,1600,300,0.1875
Andhra Pradesh,EAST GODAVARI,1997,Kharif,Bajra,2500,1400,0.56
Andhra Pradesh,EAST GODAVARI,1997,Kharif,Cotton(lint),9800,23400,2.387755102
Andhra Pradesh,EAST GODAVARI,1997,Kharif,Dry chillies,700,2200,3.142857143
Andhra Pradesh,EAST GODAVARI,1997,Kharif,Groundnut,400,400,1
Andhra Pradesh,EAST GODAVARI,1997,Kharif,Jowar,1100,600,0.545454545
Andhra Pradesh,EAST GODAVARI,1997,Kharif,Korra,1200,1100,0.916666667
Andhra Pradesh,EAST GODAVARI,1997,Kharif,Maize,1600,2900,1.8125
Andhra Pradesh,EAST GODAVARI,1997,Kharif,Ragi,200,100,0.5
Andhra Pradesh,EAST GODAVARI,1997,Kharif,Rice,214100,429300,2.005137786
Andhra Pradesh,EAST GODAVARI,1997,Kharif,Samai,2000,800,0.4
Andhra Pradesh,EAST GODAVARI,1997,Kharif,Sesamum,1800,400,0.222222222
Andhra Pradesh,EAST GODAVARI,1997,Kharif,Sugarcane,15100,1197300,79.29139073
Andhra Pradesh,EAST GODAVARI,1997,Kharif,Sunflower,300,200,0.666666667
Andhra Pradesh,EAST GODAVARI,1997,Kharif,Tobacco,13100,17100,1.305343511
Andhra Pradesh,EAST GODAVARI,1997,Rabi,Dry chillies,700,1200,1.714285714
Andhra Pradesh,EAST GODAVARI,1997,Rabi,Groundnut,1700,3000,1.764705882
Andhra Pradesh,EAST GODAVARI,1997,Rabi,Horse-gram,1300,800,0.615384615
Andhra Pradesh,EAST GODAVARI,1997,Rabi,Jowar,200,200,1
Andhra Pradesh,EAST GODAVARI,1997,Rabi,Maize,3600,13700,3.805555556
Andhra Pradesh,EAST GODAVARI,1997,Rabi,Moong(Green Gram),59500,26500,0.445378151
Andhra Pradesh,EAST GODAVARI,1997,Rabi,Ragi,100,100,1
Andhra Pradesh,EAST GODAVARI,1997,Rabi,Rice,154400,491500,3.183290155
Andhra Pradesh,EAST GODAVARI,1997,Rabi,Sesamum,1900,200,0.105263158
Andhra Pradesh,EAST GODAVARI,1997,Rabi,Urad,59900,19300,0.322203673
Andhra Pradesh,EAST GODAVARI,1998,Kharif,Arhar/Tur,2100,300,0.142857143
Andhra Pradesh,EAST GODAVARI,1998,Kharif,Bajra,4300,2400,0.558139535
Andhra Pradesh,EAST GODAVARI,1998,Kharif,Cotton(lint),7900,6300,0.797468354
Andhra Pradesh,EAST GODAVARI,1998,Kharif,Dry chillies,1100,3300,3
Andhra Pradesh,EAST GODAVARI,1998,Kharif,Groundnut,800,900,1.125
Andhra Pradesh,EAST GODAVARI,1998,Kharif,Horse-gram,200,100,0.5
Andhra Pradesh,EAST GODAVARI,1998,Kharif,Jowar,1200,300,0.25
Andhra Pradesh,EAST GODAVARI,1998,Kharif,Korra,1300,1000,0.769230769
Andhra Pradesh,EAST GODAVARI,1998,Kharif,Maize,1700,3600,2.117647059
Andhra Pradesh,EAST GODAVARI,1998,Kharif,Moong(Green Gram),100,100,1
Andhra Pradesh,EAST GODAVARI,1998,Kharif,Ragi,500,500,1
Andhra Pradesh,EAST GODAVARI,1998,Kharif,Rice,256300,386600,1.508388607
Andhra Pradesh,EAST GODAVARI,1998,Kharif,Samai,2100,700,0.333333333
Andhra Pradesh,EAST GODAVARI,1998,Kharif,Sesamum,1700,400,0.235294118
Andhra Pradesh,EAST GODAVARI,1998,Kharif,Small millets,200,100,0.5
Andhra Pradesh,EAST GODAVARI,1998,Kharif,Sunflower,200,100,0.5
Andhra Pradesh,EAST GODAVARI,1998,Kharif,Urad,400,300,0.75
Andhra Pradesh,EAST GODAVARI,1998,Rabi,Dry chillies,1100,2200,2
Andhra Pradesh,EAST GODAVARI,1998,Rabi,Groundnut,1500,2500,1.666666667
Andhra Pradesh,EAST GODAVARI,1998,Rabi,Horse-gram,2200,1200,0.545454545
Andhra Pradesh,EAST GODAVARI,1998,Rabi,Jowar,100,100,1
Andhra Pradesh,EAST GODAVARI,1998,Rabi,Maize,3800,18700,4.921052632
Andhra Pradesh,EAST GODAVARI,1998,Rabi,Moong(Green Gram),63700,28600,0.448979592
Andhra Pradesh,EAST GODAVARI,1998,Rabi,Other  Rabi pulses,200,100,0.5
Andhra Pradesh,EAST GODAVARI,1998,Rabi,Ragi,100,100,1
Andhra Pradesh,EAST GODAVARI,1998,Rabi,Rice,157600,656600,4.166243655
Andhra Pradesh,EAST GODAVARI,1998,Rabi,Sesamum,2900,700,0.24137931
Andhra Pradesh,EAST GODAVARI,1998,Rabi,Urad,63800,19700,0.308777429
Andhra Pradesh,EAST GODAVARI,1998,Whole Year,Sugarcane,16400,1254900,76.51829268
Andhra Pradesh,EAST GODAVARI,1998,Whole Year,Tobacco,7000,15900,2.271428571
Andhra Pradesh,EAST GODAVARI,1999,Kharif,Bajra,3248,2339,0.720135468
Andhra Pradesh,EAST GODAVARI,1999,Kharif,Castor seed,10,2,0.2
Andhra Pradesh,EAST GODAVARI,1999,Kharif,Cotton(lint),4410,7289,1.652834467
Andhra Pradesh,EAST GODAVARI,1999,Kharif,Groundnut,308,453,1.470779221
Andhra Pradesh,EAST GODAVARI,1999,Kharif,Horse-gram,23,11,0.47826087
Andhra Pradesh,EAST GODAVARI,1999,Kharif,Jowar,701,179,0.255349501
Andhra Pradesh,EAST GODAVARI,1999,Kharif,Maize,1522,4324,2.840998686
Andhra Pradesh,EAST GODAVARI,1999,Kharif,Masoor,1696,573,0.337853774
Andhra Pradesh,EAST GODAVARI,1999,Kharif,Moong(Green Gram),141,100,0.709219858
Andhra Pradesh,EAST GODAVARI,1999,Kharif,Niger seed,291,97,0.333333333
Andhra Pradesh,EAST GODAVARI,1999,Kharif,Ragi,430,448,1.041860465
Andhra Pradesh,EAST GODAVARI,1999,Kharif,Rice,244655,628606,2.569356849
Andhra Pradesh,EAST GODAVARI,1999,Kharif,Sesamum,2931,747,0.254861822
Andhra Pradesh,EAST GODAVARI,1999,Kharif,Sunflower,10,6,0.6
Andhra Pradesh,EAST GODAVARI,1999,Kharif,Urad,328,200,0.609756098
Andhra Pradesh,EAST GODAVARI,1999,Rabi,Gram,10,11,1.1
Andhra Pradesh,EAST GODAVARI,1999,Rabi,Groundnut,1015,1749,1.723152709
Andhra Pradesh,EAST GODAVARI,1999,Rabi,Horse-gram,1782,1385,0.777216611
Andhra Pradesh,EAST GODAVARI,1999,Rabi,Jowar,50,20,0.4
Andhra Pradesh,EAST GODAVARI,1999,Rabi,Maize,4266,20652,4.841068917
Andhra Pradesh,EAST GODAVARI,1999,Rabi,Moong(Green Gram),62777,13183,0.209997292
Andhra Pradesh,EAST GODAVARI,1999,Rabi,Ragi,103,180,1.747572816
Andhra Pradesh,EAST GODAVARI,1999,Rabi,Rapeseed &Mustard,3,1,0.333333333
Andhra Pradesh,EAST GODAVARI,1999,Rabi,Rice,161551,645162,3.993550024
Andhra Pradesh,EAST GODAVARI,1999,Rabi,Safflower,44,12,0.272727273
Andhra Pradesh,EAST GODAVARI,1999,Rabi,Sesamum,1428,284,0.198879552
Andhra Pradesh,EAST GODAVARI,1999,Rabi,Urad,58809,11350,0.19299767
Andhra Pradesh,EAST GODAVARI,1999,Whole Year,Dry chillies,1825,3246,1.778630137
Andhra Pradesh,EAST GODAVARI,1999,Whole Year,Onion,252,4118,16.34126984
Andhra Pradesh,EAST GODAVARI,1999,Whole Year,Sugarcane,15657,1425465,91.04330331
Andhra Pradesh,EAST GODAVARI,1999,Whole Year,Tobacco,8877,10182,1.147009125
Andhra Pradesh,EAST GODAVARI,2000,Kharif,Arhar/Tur,1861,953,0.512090274
Andhra Pradesh,EAST GODAVARI,2000,Kharif,Bajra,3034,2005,0.660843771
Andhra Pradesh,EAST GODAVARI,2000,Kharif,Castor seed,9,3,0.333333333
Andhra Pradesh,EAST GODAVARI,2000,Kharif,Cotton(lint),5580,10536,1.888172043
Andhra Pradesh,EAST GODAVARI,2000,Kharif,Dry chillies,868,2396,2.760368664
Andhra Pradesh,EAST GODAVARI,2000,Kharif,Groundnut,344,354,1.029069767
Andhra Pradesh,EAST GODAVARI,2000,Kharif,Horse-gram,4,2,0.5
Andhra Pradesh,EAST GODAVARI,2000,Kharif,Jowar,1144,424,0.370629371
Andhra Pradesh,EAST GODAVARI,2000,Kharif,Korra,788,753,0.955583756
Andhra Pradesh,EAST GODAVARI,2000,Kharif,Maize,1406,3661,2.603840683
Andhra Pradesh,EAST GODAVARI,2000,Kharif,Mesta,4,35,8.75
Andhra Pradesh,EAST GODAVARI,2000,Kharif,Moong(Green Gram),45,20,0.444444444
Andhra Pradesh,EAST GODAVARI,2000,Kharif,Niger seed,336,113,0.336309524
Andhra Pradesh,EAST GODAVARI,2000,Kharif,Onion,42,586,13.95238095
Andhra Pradesh,EAST GODAVARI,2000,Kharif,Other Kharif pulses,16,7,0.4375
Andhra Pradesh,EAST GODAVARI,2000,Kharif,Ragi,439,416,0.9476082
Andhra Pradesh,EAST GODAVARI,2000,Kharif,Rice,253966,683423,2.691001945
Andhra Pradesh,EAST GODAVARI,2000,Kharif,Samai,1579,511,0.323622546
Andhra Pradesh,EAST GODAVARI,2000,Kharif,Sesamum,2560,417,0.162890625
Andhra Pradesh,EAST GODAVARI,2000,Kharif,Small millets,2367,1264,0.534009294
Andhra Pradesh,EAST GODAVARI,2000,Kharif,Sunflower,76,84,1.105263158
Andhra Pradesh,EAST GODAVARI,2000,Kharif,Urad,196,12,0.06122449
Andhra Pradesh,EAST GODAVARI,2000,Rabi,Bajra,2,1,0.5
Andhra Pradesh,EAST GODAVARI,2000,Rabi,Dry chillies,539,1112,2.063079777
Andhra Pradesh,EAST GODAVARI,2000,Rabi,Gram,7,17,2.428571429
Andhra Pradesh,EAST GODAVARI,2000,Rabi,Groundnut,766,1206,1.574412533
Andhra Pradesh,EAST GODAVARI,2000,Rabi,Horse-gram,1082,228,0.210720887
Andhra Pradesh,EAST GODAVARI,2000,Rabi,Jowar,14,12,0.857142857
Andhra Pradesh,EAST GODAVARI,2000,Rabi,Linseed,14,3,0.214285714
Andhra Pradesh,EAST GODAVARI,2000,Rabi,Maize,4108,22117,5.383885102
Andhra Pradesh,EAST GODAVARI,2000,Rabi,Moong(Green Gram),60630,13824,0.228005938
Andhra Pradesh,EAST GODAVARI,2000,Rabi,Onion,133,2338,17.57894737
Andhra Pradesh,EAST GODAVARI,2000,Rabi,Other  Rabi pulses,571,277,0.485113835
Andhra Pradesh,EAST GODAVARI,2000,Rabi,other misc. pulses,11,1,0.090909091
Andhra Pradesh,EAST GODAVARI,2000,Rabi,Ragi,26,47,1.807692308
Andhra Pradesh,EAST GODAVARI,2000,Rabi,Rice,162861,683202,4.195000645
Andhra Pradesh,EAST GODAVARI,2000,Rabi,Sesamum,1282,236,0.184087363
Andhra Pradesh,EAST GODAVARI,2000,Rabi,Urad,60611,41034,0.677005824
Andhra Pradesh,EAST GODAVARI,2000,Whole Year,Arecanut,6,17,2.833333333
Andhra Pradesh,EAST GODAVARI,2000,Whole Year,Banana,11043,124386,11.26378701
Andhra Pradesh,EAST GODAVARI,2000,Whole Year,Cashewnut,33588,4608,0.137191854
Andhra Pradesh,EAST GODAVARI,2000,Whole Year,Coconut,48237,588584535,12201.93078
Andhra Pradesh,EAST GODAVARI,2000,Whole Year,Coriander,121,90,0.743801653
Andhra Pradesh,EAST GODAVARI,2000,Whole Year,Sugarcane,14772,1313615,88.92600867
Andhra Pradesh,EAST GODAVARI,2000,Whole Year,Sweet potato,60,811,13.51666667
Andhra Pradesh,EAST GODAVARI,2000,Whole Year,Tapioca,20435,159148,7.788010766
Andhra Pradesh,EAST GODAVARI,2000,Whole Year,Tobacco,5654,9185,1.624513619
Andhra Pradesh,EAST GODAVARI,2000,Whole Year,Turmeric,282,1266,4.489361702
Andhra Pradesh,EAST GODAVARI,2001,Kharif,Arhar/Tur,1309,763,0.582887701
Andhra Pradesh,EAST GODAVARI,2001,Kharif,Bajra,2219,2048,0.92293826
Andhra Pradesh,EAST GODAVARI,2001,Kharif,Castor seed,9,1,0.111111111
Andhra Pradesh,EAST GODAVARI,2001,Kharif,Cotton(lint),6289,16425,2.611702973
Andhra Pradesh,EAST GODAVARI,2001,Kharif,Dry chillies,628,2274,3.621019108
Andhra Pradesh,EAST GODAVARI,2001,Kharif,Groundnut,140,72,0.514285714
Andhra Pradesh,EAST GODAVARI,2001,Kharif,Jowar,822,470,0.571776156
Andhra Pradesh,EAST GODAVARI,2001,Kharif,Korra,730,548,0.750684932
Andhra Pradesh,EAST GODAVARI,2001,Kharif,Maize,1204,3218,2.672757475
Andhra Pradesh,EAST GODAVARI,2001,Kharif,Mesta,4,34,8.5
Andhra Pradesh,EAST GODAVARI,2001,Kharif,Moong(Green Gram),126,61,0.484126984
Andhra Pradesh,EAST GODAVARI,2001,Kharif,Niger seed,357,90,0.25210084
Andhra Pradesh,EAST GODAVARI,2001,Kharif,Onion,122,1693,13.87704918
Andhra Pradesh,EAST GODAVARI,2001,Kharif,Other Kharif pulses,5,3,0.6
Andhra Pradesh,EAST GODAVARI,2001,Kharif,Ragi,291,322,1.10652921
Andhra Pradesh,EAST GODAVARI,2001,Kharif,Rice,220811,579850,2.626001422
Andhra Pradesh,EAST GODAVARI,2001,Kharif,Samai,1364,460,0.337243402
Andhra Pradesh,EAST GODAVARI,2001,Kharif,Sesamum,1821,453,0.248764415
Andhra Pradesh,EAST GODAVARI,2001,Kharif,Small millets,2094,1008,0.481375358
Andhra Pradesh,EAST GODAVARI,2001,Kharif,Sunflower,62,54,0.870967742
Andhra Pradesh,EAST GODAVARI,2001,Kharif,Urad,1223,442,0.361406378
Andhra Pradesh,EAST GODAVARI,2001,Rabi,Dry chillies,936,1882,2.010683761
Andhra Pradesh,EAST GODAVARI,2001,Rabi,Gram,26,49,1.884615385
Andhra Pradesh,EAST GODAVARI,2001,Rabi,Groundnut,494,979,1.981781377
Andhra Pradesh,EAST GODAVARI,2001,Rabi,Horse-gram,1236,669,0.541262136
Andhra Pradesh,EAST GODAVARI,2001,Rabi,Jowar,22,16,0.727272727
Andhra Pradesh,EAST GODAVARI,2001,Rabi,Maize,2597,16810,6.472853292
Andhra Pradesh,EAST GODAVARI,2001,Rabi,Moong(Green Gram),62887,10691,0.170003339
Andhra Pradesh,EAST GODAVARI,2001,Rabi,Onion,147,2325,15.81632653
Andhra Pradesh,EAST GODAVARI,2001,Rabi,Other  Rabi pulses,544,396,0.727941176
Andhra Pradesh,EAST GODAVARI,2001,Rabi,Ragi,86,162,1.88372093
Andhra Pradesh,EAST GODAVARI,2001,Rabi,Rice,165779,750150,4.525000151
Andhra Pradesh,EAST GODAVARI,2001,Rabi,Samai,17,9,0.529411765
Andhra Pradesh,EAST GODAVARI,2001,Rabi,Sesamum,1104,280,0.253623188
Andhra Pradesh,EAST GODAVARI,2001,Rabi,Small millets,17,9,0.529411765
Andhra Pradesh,EAST GODAVARI,2001,Rabi,Urad,62912,10318,0.164006867
Andhra Pradesh,EAST GODAVARI,2001,Whole Year,Arecanut,7,12,1.714285714
Andhra Pradesh,EAST GODAVARI,2001,Whole Year,Banana,10258,122822,11.97328914
Andhra Pradesh,EAST GODAVARI,2001,Whole Year,Cashewnut,34634,5151,0.148726685
Andhra Pradesh,EAST GODAVARI,2001,Whole Year,Coconut,48515,629772990,12980.99536
Andhra Pradesh,EAST GODAVARI,2001,Whole Year,Coriander,32,25,0.78125
Andhra Pradesh,EAST GODAVARI,2001,Whole Year,Sugarcane,14255,1282665,89.98000702
Andhra Pradesh,EAST GODAVARI,2001,Whole Year,Sweet potato,60,797,13.28333333
Andhra Pradesh,EAST GODAVARI,2001,Whole Year,Tapioca,16781,140038,8.345033073
Andhra Pradesh,EAST GODAVARI,2001,Whole Year,Tobacco,9071,14429,1.590673575
Andhra Pradesh,EAST GODAVARI,2001,Whole Year,Turmeric,239,1033,4.322175732
Andhra Pradesh,EAST GODAVARI,2002,Kharif,Arhar/Tur,763,267,0.349934469
Andhra Pradesh,EAST GODAVARI,2002,Kharif,Bajra,1196,1051,0.878762542
Andhra Pradesh,EAST GODAVARI,2002,Kharif,Castor seed,13,3,0.230769231
Andhra Pradesh,EAST GODAVARI,2002,Kharif,Cotton(lint),4555,8092,1.77650933
Andhra Pradesh,EAST GODAVARI,2002,Kharif,Dry chillies,512,1011,1.974609375
Andhra Pradesh,EAST GODAVARI,2002,Kharif,Groundnut,50,48,0.96
Andhra Pradesh,EAST GODAVARI,2002,Kharif,Horse-gram,59,29,0.491525424
Andhra Pradesh,EAST GODAVARI,2002,Kharif,Jowar,503,167,0.332007952
Andhra Pradesh,EAST GODAVARI,2002,Kharif,Maize,1423,1379,0.96907941
Andhra Pradesh,EAST GODAVARI,2002,Kharif,Mesta,2,15,7.5
Andhra Pradesh,EAST GODAVARI,2002,Kharif,Moong(Green Gram),533,80,0.150093809
Andhra Pradesh,EAST GODAVARI,2002,Kharif,Niger seed,107,27,0.252336449
Andhra Pradesh,EAST GODAVARI,2002,Kharif,Onion,132,1578,11.95454545
Andhra Pradesh,EAST GODAVARI,2002,Kharif,Ragi,560,483,0.8625
Andhra Pradesh,EAST GODAVARI,2002,Kharif,Rice,194809,551115,2.82900174
Andhra Pradesh,EAST GODAVARI,2002,Kharif,Sesamum,1498,73,0.048731642
Andhra Pradesh,EAST GODAVARI,2002,Kharif,Small millets,1127,429,0.38065661
Andhra Pradesh,EAST GODAVARI,2002,Kharif,Sunflower,210,215,1.023809524
Andhra Pradesh,EAST GODAVARI,2002,Kharif,Urad,3961,206,0.052007069
Andhra Pradesh,EAST GODAVARI,2002,Rabi,Dry chillies,597,993,1.663316583
Andhra Pradesh,EAST GODAVARI,2002,Rabi,Gram,31,41,1.322580645
Andhra Pradesh,EAST GODAVARI,2002,Rabi,Groundnut,526,920,1.74904943
Andhra Pradesh,EAST GODAVARI,2002,Rabi,Horse-gram,709,262,0.369534556
Andhra Pradesh,EAST GODAVARI,2002,Rabi,Jowar,15,12,0.8
Andhra Pradesh,EAST GODAVARI,2002,Rabi,Maize,5975,41407,6.930041841
Andhra Pradesh,EAST GODAVARI,2002,Rabi,Moong(Green Gram),49079,10159,0.206992808
Andhra Pradesh,EAST GODAVARI,2002,Rabi,Onion,140,1763,12.59285714
Andhra Pradesh,EAST GODAVARI,2002,Rabi,other oilseeds,2258,2802,1.240921169
Andhra Pradesh,EAST GODAVARI,2002,Rabi,Ragi,39,51,1.307692308
Andhra Pradesh,EAST GODAVARI,2002,Rabi,Rice,106427,491906,4.622003815
Andhra Pradesh,EAST GODAVARI,2002,Rabi,Sesamum,1108,201,0.181407942
Andhra Pradesh,EAST GODAVARI,2002,Rabi,Urad,54441,3811,0.070002388
Andhra Pradesh,EAST GODAVARI,2002,Whole Year,Arecanut,7,10,1.428571429
Andhra Pradesh,EAST GODAVARI,2002,Whole Year,Banana,7949,116270,14.62699711
Andhra Pradesh,EAST GODAVARI,2002,Whole Year,Beans & Mutter(Vegetable),285,1436,5.038596491
Andhra Pradesh,EAST GODAVARI,2002,Whole Year,Bhindi,717,13947,19.45188285
Andhra Pradesh,EAST GODAVARI,2002,Whole Year,Bottle Gourd,44,0,0
Andhra Pradesh,EAST GODAVARI,2002,Whole Year,Brinjal,1889,21378,11.31709899
Andhra Pradesh,EAST GODAVARI,2002,Whole Year,Cabbage,116,0,0
Andhra Pradesh,EAST GODAVARI,2002,Whole Year,Cashewnut,34227,975,0.028486283
Andhra Pradesh,EAST GODAVARI,2002,Whole Year,Citrus Fruit,852,3785,4.442488263
Andhra Pradesh,EAST GODAVARI,2002,Whole Year,Coconut,49479,685943720,13863.3303
Andhra Pradesh,EAST GODAVARI,2002,Whole Year,Coriander,30,17,0.566666667
Andhra Pradesh,EAST GODAVARI,2002,Whole Year,Cucumber,35,0,0
Andhra Pradesh,EAST GODAVARI,2002,Whole Year,Mango,18957,92583,4.88384238
Andhra Pradesh,EAST GODAVARI,2002,Whole Year,Orange,975,17315,17.75897436
Andhra Pradesh,EAST GODAVARI,2002,Whole Year,Other Fresh Fruits,224,962,4.294642857
Andhra Pradesh,EAST GODAVARI,2002,Whole Year,Other Vegetables,3142,0,0
Andhra Pradesh,EAST GODAVARI,2002,Whole Year,Papaya,11,1435,130.4545455
Andhra Pradesh,EAST GODAVARI,2002,Whole Year,Pome Fruit,391,5887,15.05626598
Andhra Pradesh,EAST GODAVARI,2002,Whole Year,Sugarcane,15425,1269570,82.30599676
Andhra Pradesh,EAST GODAVARI,2002,Whole Year,Sweet potato,75,810,10.8
Andhra Pradesh,EAST GODAVARI,2002,Whole Year,Tapioca,12264,74651,6.087002609
Andhra Pradesh,EAST GODAVARI,2002,Whole Year,Tobacco,4577,12632,2.759886388
Andhra Pradesh,EAST GODAVARI,2002,Whole Year,Tomato,681,4557,6.691629956
Andhra Pradesh,EAST GODAVARI,2002,Whole Year,Turmeric,265,1421,5.362264151
Andhra Pradesh,EAST GODAVARI,2003,Kharif,Arhar/Tur,1274,539,0.423076923
Andhra Pradesh,EAST GODAVARI,2003,Kharif,Bajra,2698,2301,0.852853966
Andhra Pradesh,EAST GODAVARI,2003,Kharif,Cotton(lint),8969,26696,2.976474523
Andhra Pradesh,EAST GODAVARI,2003,Kharif,Dry chillies,1070,4714,4.405607477
Andhra Pradesh,EAST GODAVARI,2003,Kharif,Groundnut,125,120,0.96
Andhra Pradesh,EAST GODAVARI,2003,Kharif,Jowar,786,2325,2.958015267
Andhra Pradesh,EAST GODAVARI,2003,Kharif,Korra,517,562,1.087040619
Andhra Pradesh,EAST GODAVARI,2003,Kharif,Maize,2116,3631,1.715973535
Andhra Pradesh,EAST GODAVARI,2003,Kharif,Mesta,2,16,8
Andhra Pradesh,EAST GODAVARI,2003,Kharif,Moong(Green Gram),4073,2216,0.54407071
Andhra Pradesh,EAST GODAVARI,2003,Kharif,Niger seed,216,63,0.291666667
Andhra Pradesh,EAST GODAVARI,2003,Kharif,Onion,279,4070,14.58781362
Andhra Pradesh,EAST GODAVARI,2003,Kharif,Other Kharif pulses,4,2,0.5
Andhra Pradesh,EAST GODAVARI,2003,Kharif,Ragi,506,683,1.349802372
Andhra Pradesh,EAST GODAVARI,2003,Kharif,Rice,234673,762453,3.249001803
Andhra Pradesh,EAST GODAVARI,2003,Kharif,Samai,887,246,0.277339346
Andhra Pradesh,EAST GODAVARI,2003,Kharif,Sesamum,1095,183,0.167123288
Andhra Pradesh,EAST GODAVARI,2003,Kharif,Small millets,1504,877,0.583111702
Andhra Pradesh,EAST GODAVARI,2003,Kharif,Sunflower,413,459,1.111380145
Andhra Pradesh,EAST GODAVARI,2003,Kharif,Urad,2134,1315,0.616213683
Andhra Pradesh,EAST GODAVARI,2003,Rabi,Dry chillies,1029,2172,2.110787172
Andhra Pradesh,EAST GODAVARI,2003,Rabi,Gram,5,9,1.8
Andhra Pradesh,EAST GODAVARI,2003,Rabi,Groundnut,580,977,1.684482759
Andhra Pradesh,EAST GODAVARI,2003,Rabi,Horse-gram,1153,624,0.541196878
Andhra Pradesh,EAST GODAVARI,2003,Rabi,Maize,6392,35795,5.599968711
Andhra Pradesh,EAST GODAVARI,2003,Rabi,Moong(Green Gram),67539,19654,0.291002236
Andhra Pradesh,EAST GODAVARI,2003,Rabi,Onion,24,264,11
Andhra Pradesh,EAST GODAVARI,2003,Rabi,other oilseeds,2070,,
Andhra Pradesh,EAST GODAVARI,2003,Rabi,Ragi,59,106,1.796610169
Andhra Pradesh,EAST GODAVARI,2003,Rabi,Rice,165321,869092,5.256996994
Andhra Pradesh,EAST GODAVARI,2003,Rabi,Sesamum,1910,393,0.205759162
Andhra Pradesh,EAST GODAVARI,2003,Rabi,Urad,51066,17975,0.351995457
Andhra Pradesh,EAST GODAVARI,2003,Whole Year,Arecanut,6,4,0.666666667
Andhra Pradesh,EAST GODAVARI,2003,Whole Year,Banana,9547,67488,7.069026919
Andhra Pradesh,EAST GODAVARI,2003,Whole Year,Beans & Mutter(Vegetable),255,1745,6.843137255
Andhra Pradesh,EAST GODAVARI,2003,Whole Year,Bhindi,1060,11486,10.83584906
Andhra Pradesh,EAST GODAVARI,2003,Whole Year,Bottle Gourd,116,0,0
Andhra Pradesh,EAST GODAVARI,2003,Whole Year,Brinjal,2783,66647,23.94789795
Andhra Pradesh,EAST GODAVARI,2003,Whole Year,Cabbage,99,0,0
Andhra Pradesh,EAST GODAVARI,2003,Whole Year,Cashewnut,34019,3304,0.097122196
Andhra Pradesh,EAST GODAVARI,2003,Whole Year,Citrus Fruit,896,4738,5.287946429
Andhra Pradesh,EAST GODAVARI,2003,Whole Year,Coconut,48854,683171460,13983.94113
Andhra Pradesh,EAST GODAVARI,2003,Whole Year,Coriander,51,39,0.764705882
Andhra Pradesh,EAST GODAVARI,2003,Whole Year,Cucumber,32,0,0
Andhra Pradesh,EAST GODAVARI,2003,Whole Year,Mango,19181,47363,2.469266462
Andhra Pradesh,EAST GODAVARI,2003,Whole Year,Orange,1015,15401,15.17339901
Andhra Pradesh,EAST GODAVARI,2003,Whole Year,Other Fresh Fruits,257,1106,4.303501946
Andhra Pradesh,EAST GODAVARI,2003,Whole Year,Other Vegetables,3205,0,0
Andhra Pradesh,EAST GODAVARI,2003,Whole Year,Papaya,31,2815,90.80645161
Andhra Pradesh,EAST GODAVARI,2003,Whole Year,Pome Fruit,361,4373,12.11357341
Andhra Pradesh,EAST GODAVARI,2003,Whole Year,Sugarcane,16285,1397774,85.83199263
Andhra Pradesh,EAST GODAVARI,2003,Whole Year,Sweet potato,53,383,7.226415094
Andhra Pradesh,EAST GODAVARI,2003,Whole Year,Tapioca,18768,117826,6.278026428
Andhra Pradesh,EAST GODAVARI,2003,Whole Year,Tobacco,6672,20151,3.020233813
Andhra Pradesh,EAST GODAVARI,2003,Whole Year,Tomato,738,7088,9.604336043
Andhra Pradesh,EAST GODAVARI,2003,Whole Year,Turmeric,222,1370,6.171171171
Andhra Pradesh,EAST GODAVARI,2004,Kharif,Arhar/Tur,863,571,0.661645423
Andhra Pradesh,EAST GODAVARI,2004,Kharif,Bajra,1840,1404,0.763043478
Andhra Pradesh,EAST GODAVARI,2004,Kharif,Cotton(lint),16022,45616,2.847085258
Andhra Pradesh,EAST GODAVARI,2004,Kharif,Dry chillies,599,2479,4.138564274
Andhra Pradesh,EAST GODAVARI,2004,Kharif,Groundnut,60,58,0.966666667
Andhra Pradesh,EAST GODAVARI,2004,Kharif,Horse-gram,10,4,0.4
Andhra Pradesh,EAST GODAVARI,2004,Kharif,Jowar,538,288,0.535315985
Andhra Pradesh,EAST GODAVARI,2004,Kharif,Maize,1881,5556,2.953748006
Andhra Pradesh,EAST GODAVARI,2004,Kharif,Mesta,2,17,8.5
Andhra Pradesh,EAST GODAVARI,2004,Kharif,Moong(Green Gram),62,23,0.370967742
Andhra Pradesh,EAST GODAVARI,2004,Kharif,Niger seed,98,26,0.265306122
Andhra Pradesh,EAST GODAVARI,2004,Kharif,Onion,129,2189,16.96899225
Andhra Pradesh,EAST GODAVARI,2004,Kharif,Ragi,382,378,0.989528796
Andhra Pradesh,EAST GODAVARI,2004,Kharif,Rice,224521,743614,3.312001995
Andhra Pradesh,EAST GODAVARI,2004,Kharif,Sesamum,1227,117,0.095354523
Andhra Pradesh,EAST GODAVARI,2004,Kharif,Small millets,1190,529,0.444537815
Andhra Pradesh,EAST GODAVARI,2004,Kharif,Sunflower,305,268,0.878688525
Andhra Pradesh,EAST GODAVARI,2004,Kharif,Urad,421,203,0.482185273
Andhra Pradesh,EAST GODAVARI,2004,Rabi,Dry chillies,613,1582,2.580750408
Andhra Pradesh,EAST GODAVARI,2004,Rabi,Gram,9,14,1.555555556
Andhra Pradesh,EAST GODAVARI,2004,Rabi,Groundnut,434,897,2.066820276
Andhra Pradesh,EAST GODAVARI,2004,Rabi,Horse-gram,1032,418,0.40503876
Andhra Pradesh,EAST GODAVARI,2004,Rabi,Jowar,1,2,2
Andhra Pradesh,EAST GODAVARI,2004,Rabi,Maize,6094,41080,6.741056777
Andhra Pradesh,EAST GODAVARI,2004,Rabi,Moong(Green Gram),62091,16144,0.260005476
Andhra Pradesh,EAST GODAVARI,2004,Rabi,Onion,79,1384,17.51898734
Andhra Pradesh,EAST GODAVARI,2004,Rabi,Other  Rabi pulses,456,124,0.271929825
Andhra Pradesh,EAST GODAVARI,2004,Rabi,Ragi,35,58,1.657142857
Andhra Pradesh,EAST GODAVARI,2004,Rabi,Rice,162903,766296,4.704001768
Andhra Pradesh,EAST GODAVARI,2004,Rabi,Sesamum,1319,311,0.235784685
Andhra Pradesh,EAST GODAVARI,2004,Rabi,Sunflower,291,260,0.89347079
Andhra Pradesh,EAST GODAVARI,2004,Rabi,Urad,44482,11165,0.251000405
Andhra Pradesh,EAST GODAVARI,2004,Whole Year,Banana,10324,96684,9.364974816
Andhra Pradesh,EAST GODAVARI,2004,Whole Year,Cashewnut,33657,2902,0.086222777
Andhra Pradesh,EAST GODAVARI,2004,Whole Year,Coconut,49381,674125653,13651.51886
Andhra Pradesh,EAST GODAVARI,2004,Whole Year,Coriander,22,14,0.636363636
Andhra Pradesh,EAST GODAVARI,2004,Whole Year,Sugarcane,15965,1356801,84.98596931
Andhra Pradesh,EAST GODAVARI,2004,Whole Year,Sweet potato,60,549,9.15
Andhra Pradesh,EAST GODAVARI,2004,Whole Year,Tapioca,19300,142087,7.362020725
Andhra Pradesh,EAST GODAVARI,2004,Whole Year,Tobacco,4881,6777,1.388444991
Andhra Pradesh,EAST GODAVARI,2004,Whole Year,Turmeric,416,3363,8.084134615
Andhra Pradesh,EAST GODAVARI,2005,Kharif,Arhar/Tur,1008,611,0.606150794
Andhra Pradesh,EAST GODAVARI,2005,Kharif,Bajra,1500,1037,0.691333333
Andhra Pradesh,EAST GODAVARI,2005,Kharif,Castor seed,62,22,0.35483871
Andhra Pradesh,EAST GODAVARI,2005,Kharif,Cotton(lint),13939,10167,0.729392352
Andhra Pradesh,EAST GODAVARI,2005,Kharif,Dry chillies,786,3296,4.193384224
Andhra Pradesh,EAST GODAVARI,2005,Kharif,Groundnut,85,95,1.117647059
Andhra Pradesh,EAST GODAVARI,2005,Kharif,Horse-gram,87,34,0.390804598
Andhra Pradesh,EAST GODAVARI,2005,Kharif,Jowar,558,310,0.555555556
Andhra Pradesh,EAST GODAVARI,2005,Kharif,Maize,1763,6308,3.577992059
Andhra Pradesh,EAST GODAVARI,2005,Kharif,Mesta,6,55,9.166666667
Andhra Pradesh,EAST GODAVARI,2005,Kharif,Moong(Green Gram),199,138,0.693467337
Andhra Pradesh,EAST GODAVARI,2005,Kharif,Niger seed,109,42,0.385321101
Andhra Pradesh,EAST GODAVARI,2005,Kharif,Onion,296,5550,18.75
Andhra Pradesh,EAST GODAVARI,2005,Kharif,Ragi,379,344,0.907651715
Andhra Pradesh,EAST GODAVARI,2005,Kharif,Rice,217411,348727,1.603998878
Andhra Pradesh,EAST GODAVARI,2005,Kharif,Sesamum,1275,214,0.167843137
Andhra Pradesh,EAST GODAVARI,2005,Kharif,Small millets,1194,654,0.547738693
Andhra Pradesh,EAST GODAVARI,2005,Kharif,Soyabean,156,86,0.551282051
Andhra Pradesh,EAST GODAVARI,2005,Kharif,Urad,1442,496,0.343966713
Andhra Pradesh,EAST GODAVARI,2005,Rabi,Bajra,9,6,0.666666667
Andhra Pradesh,EAST GODAVARI,2005,Rabi,Dry chillies,470,1024,2.178723404
Andhra Pradesh,EAST GODAVARI,2005,Rabi,Gram,13,25,1.923076923
Andhra Pradesh,EAST GODAVARI,2005,Rabi,Groundnut,546,1289,2.360805861
Andhra Pradesh,EAST GODAVARI,2005,Rabi,Horse-gram,827,298,0.360338573
Andhra Pradesh,EAST GODAVARI,2005,Rabi,Jowar,63,184,2.920634921
Andhra Pradesh,EAST GODAVARI,2005,Rabi,Maize,7838,59349,7.571957132
Andhra Pradesh,EAST GODAVARI,2005,Rabi,Moong(Green Gram),64154,14627,0.227998254
Andhra Pradesh,EAST GODAVARI,2005,Rabi,Onion,74,1465,19.7972973
Andhra Pradesh,EAST GODAVARI,2005,Rabi,Other  Rabi pulses,453,260,0.573951435
Andhra Pradesh,EAST GODAVARI,2005,Rabi,Ragi,56,106,1.892857143
Andhra Pradesh,EAST GODAVARI,2005,Rabi,Rice,170012,800927,4.711002753
Andhra Pradesh,EAST GODAVARI,2005,Rabi,Sesamum,1086,249,0.229281768
Andhra Pradesh,EAST GODAVARI,2005,Rabi,Urad,44862,8210,0.183005662
Andhra Pradesh,EAST GODAVARI,2005,Whole Year,Arecanut,6,5,0.833333333
Andhra Pradesh,EAST GODAVARI,2005,Whole Year,Banana,15432,215971,13.99501037
Andhra Pradesh,EAST GODAVARI,2005,Whole Year,Cashewnut,33257,5280,0.158763569
Andhra Pradesh,EAST GODAVARI,2005,Whole Year,Coconut,49692,369060890,7426.967922
Andhra Pradesh,EAST GODAVARI,2005,Whole Year,Coriander,15,11,0.733333333
Andhra Pradesh,EAST GODAVARI,2005,Whole Year,Dry ginger,7,19,2.714285714
Andhra Pradesh,EAST GODAVARI,2005,Whole Year,Sugarcane,18422,1465857,79.57100206
Andhra Pradesh,EAST GODAVARI,2005,Whole Year,Sunflower,573,622,1.085514834
Andhra Pradesh,EAST GODAVARI,2005,Whole Year,Sweet potato,53,514,9.698113208
Andhra Pradesh,EAST GODAVARI,2005,Whole Year,Tapioca,14660,122382,8.348021828
Andhra Pradesh,EAST GODAVARI,2005,Whole Year,Tobacco,7970,14449,1.812923463
Andhra Pradesh,EAST GODAVARI,2005,Whole Year,Turmeric,410,2571,6.270731707
Andhra Pradesh,EAST GODAVARI,2006,Kharif,Arhar/Tur,917,441,0.480916031
Andhra Pradesh,EAST GODAVARI,2006,Kharif,Bajra,1516,713,0.470316623
Andhra Pradesh,EAST GODAVARI,2006,Kharif,Cotton(lint),9034,19397,2.147110914
Andhra Pradesh,EAST GODAVARI,2006,Kharif,Dry chillies,978,4401,4.5
Andhra Pradesh,EAST GODAVARI,2006,Kharif,Groundnut,122,118,0.967213115
Andhra Pradesh,EAST GODAVARI,2006,Kharif,Horse-gram,94,41,0.436170213
Andhra Pradesh,EAST GODAVARI,2006,Kharif,Jowar,640,476,0.74375
Andhra Pradesh,EAST GODAVARI,2006,Kharif,Maize,1735,4757,2.741786744
Andhra Pradesh,EAST GODAVARI,2006,Kharif,Mesta,2,18,9
Andhra Pradesh,EAST GODAVARI,2006,Kharif,Moong(Green Gram),273,106,0.388278388
Andhra Pradesh,EAST GODAVARI,2006,Kharif,Niger seed,70,25,0.357142857
Andhra Pradesh,EAST GODAVARI,2006,Kharif,Onion,457,7663,16.76805252
Andhra Pradesh,EAST GODAVARI,2006,Kharif,Ragi,358,330,0.921787709
Andhra Pradesh,EAST GODAVARI,2006,Kharif,Rice,227930,547716,2.403000921
Andhra Pradesh,EAST GODAVARI,2006,Kharif,Sesamum,1226,314,0.256117455
Andhra Pradesh,EAST GODAVARI,2006,Kharif,Small millets,1224,639,0.522058824
Andhra Pradesh,EAST GODAVARI,2006,Kharif,Soyabean,174,177,1.017241379
Andhra Pradesh,EAST GODAVARI,2006,Kharif,Urad,1034,396,0.382978723
Andhra Pradesh,EAST GODAVARI,2006,Rabi,Bajra,24,11,0.458333333
Andhra Pradesh,EAST GODAVARI,2006,Rabi,Dry chillies,645,1927,2.987596899
Andhra Pradesh,EAST GODAVARI,2006,Rabi,Gram,170,324,1.905882353
Andhra Pradesh,EAST GODAVARI,2006,Rabi,Groundnut,407,963,2.366093366
Andhra Pradesh,EAST GODAVARI,2006,Rabi,Horse-gram,924,468,0.506493506
Andhra Pradesh,EAST GODAVARI,2006,Rabi,Jowar,15,32,2.133333333
Andhra Pradesh,EAST GODAVARI,2006,Rabi,Maize,6191,61867,9.993054434
Andhra Pradesh,EAST GODAVARI,2006,Rabi,Moong(Green Gram),62538,16447,0.262992101
Andhra Pradesh,EAST GODAVARI,2006,Rabi,Onion,85,1014,11.92941176
Andhra Pradesh,EAST GODAVARI,2006,Rabi,Other  Rabi pulses,414,197,0.475845411
Andhra Pradesh,EAST GODAVARI,2006,Rabi,Ragi,32,56,1.75
Andhra Pradesh,EAST GODAVARI,2006,Rabi,Rice,168963,845829,5.006001314
Andhra Pradesh,EAST GODAVARI,2006,Rabi,Sesamum,1309,259,0.197860963
Andhra Pradesh,EAST GODAVARI,2006,Rabi,Urad,48368,12624,0.260999008
Andhra Pradesh,EAST GODAVARI,2006,Whole Year,Arecanut,19,13,0.684210526
Andhra Pradesh,EAST GODAVARI,2006,Whole Year,Banana,16772,295690,17.62997854
Andhra Pradesh,EAST GODAVARI,2006,Whole Year,Cashewnut,31774,7660,0.241077611
Andhra Pradesh,EAST GODAVARI,2006,Whole Year,Coconut,49592,613037376,12361.61833
Andhra Pradesh,EAST GODAVARI,2006,Whole Year,Coriander,38,21,0.552631579
Andhra Pradesh,EAST GODAVARI,2006,Whole Year,Dry ginger,7,20,2.857142857
Andhra Pradesh,EAST GODAVARI,2006,Whole Year,Sugarcane,18911,1683779,89.03701549
Andhra Pradesh,EAST GODAVARI,2006,Whole Year,Sunflower,348,268,0.770114943
Andhra Pradesh,EAST GODAVARI,2006,Whole Year,Sweet potato,48,517,10.77083333
Andhra Pradesh,EAST GODAVARI,2006,Whole Year,Tapioca,19176,205260,10.70400501
Andhra Pradesh,EAST GODAVARI,2006,Whole Year,Tobacco,7116,13194,1.854131535
Andhra Pradesh,EAST GODAVARI,2006,Whole Year,Turmeric,289,1699,5.878892734
Andhra Pradesh,EAST GODAVARI,2007,Kharif,Arhar/Tur,1000,1000,1
Andhra Pradesh,EAST GODAVARI,2007,Kharif,Bajra,1000,1000,1
Andhra Pradesh,EAST GODAVARI,2007,Kharif,Cotton(lint),8000,18000,2.25
Andhra Pradesh,EAST GODAVARI,2007,Kharif,Dry chillies,1000,2000,2
Andhra Pradesh,EAST GODAVARI,2007,Kharif,Jowar,1000,1000,1
Andhra Pradesh,EAST GODAVARI,2007,Kharif,Maize,2000,6000,3
Andhra Pradesh,EAST GODAVARI,2007,Kharif,Onion,1000,14000,14
Andhra Pradesh,EAST GODAVARI,2007,Kharif,Rice,242000,715000,2.954545455
Andhra Pradesh,EAST GODAVARI,2007,Kharif,Sesamum,1000,,
Andhra Pradesh,EAST GODAVARI,2007,Kharif,Small millets,1000,1000,1
Andhra Pradesh,EAST GODAVARI,2007,Kharif,Urad,1000,,
Andhra Pradesh,EAST GODAVARI,2007,Rabi,Dry chillies,1000,2000,2
Andhra Pradesh,EAST GODAVARI,2007,Rabi,Gram,1000,1000,1
Andhra Pradesh,EAST GODAVARI,2007,Rabi,Horse-gram,1000,1000,1
Andhra Pradesh,EAST GODAVARI,2007,Rabi,Maize,6000,49000,8.166666667
Andhra Pradesh,EAST GODAVARI,2007,Rabi,Moong(Green Gram),66000,10000,0.151515152
Andhra Pradesh,EAST GODAVARI,2007,Rabi,Rice,169000,803000,4.75147929
Andhra Pradesh,EAST GODAVARI,2007,Rabi,Sesamum,1000,,
Andhra Pradesh,EAST GODAVARI,2007,Rabi,Urad,48000,10000,0.208333333
Andhra Pradesh,EAST GODAVARI,2007,Whole Year,Sugarcane,17000,1488000,87.52941176
Andhra Pradesh,EAST GODAVARI,2007,Whole Year,Tobacco,7000,7000,1
Andhra Pradesh,EAST GODAVARI,2008,Kharif,Arhar/Tur,721,344,0.477115118
Andhra Pradesh,EAST GODAVARI,2008,Kharif,Bajra,823,546,0.663426488
Andhra Pradesh,EAST GODAVARI,2008,Kharif,Castor seed,15,10,0.666666667
Andhra Pradesh,EAST GODAVARI,2008,Kharif,Cotton(lint),7432,14165,1.905947255
Andhra Pradesh,EAST GODAVARI,2008,Kharif,Dry chillies,553,2469,4.464737794
Andhra Pradesh,EAST GODAVARI,2008,Kharif,Groundnut,35,42,1.2
Andhra Pradesh,EAST GODAVARI,2008,Kharif,Horse-gram,41,23,0.56097561
Andhra Pradesh,EAST GODAVARI,2008,Kharif,Jowar,658,1681,2.554711246
Andhra Pradesh,EAST GODAVARI,2008,Kharif,Maize,1602,5154,3.217228464
Andhra Pradesh,EAST GODAVARI,2008,Kharif,Mesta,33,262,7.939393939
Andhra Pradesh,EAST GODAVARI,2008,Kharif,Moong(Green Gram),315,124,0.393650794
Andhra Pradesh,EAST GODAVARI,2008,Kharif,Niger seed,30,13,0.433333333
Andhra Pradesh,EAST GODAVARI,2008,Kharif,Onion,915,15376,16.80437158
Andhra Pradesh,EAST GODAVARI,2008,Kharif,Ragi,552,503,0.911231884
Andhra Pradesh,EAST GODAVARI,2008,Kharif,Rice,240231,716609,2.982999696
Andhra Pradesh,EAST GODAVARI,2008,Kharif,Sesamum,715,139,0.194405594
Andhra Pradesh,EAST GODAVARI,2008,Kharif,Small millets,856,338,0.394859813
Andhra Pradesh,EAST GODAVARI,2008,Kharif,Soyabean,155,212,1.367741935
Andhra Pradesh,EAST GODAVARI,2008,Kharif,Urad,995,361,0.36281407
Andhra Pradesh,EAST GODAVARI,2008,Rabi,Dry chillies,702,2478,3.52991453
Andhra Pradesh,EAST GODAVARI,2008,Rabi,Gram,728,1267,1.740384615
Andhra Pradesh,EAST GODAVARI,2008,Rabi,Groundnut,451,1011,2.241685144
Andhra Pradesh,EAST GODAVARI,2008,Rabi,Horse-gram,552,208,0.376811594
Andhra Pradesh,EAST GODAVARI,2008,Rabi,Maize,6581,49107,7.461935876
Andhra Pradesh,EAST GODAVARI,2008,Rabi,Moong(Green Gram),43577,12027,0.275994217
Andhra Pradesh,EAST GODAVARI,2008,Rabi,Onion,16,154,9.625
Andhra Pradesh,EAST GODAVARI,2008,Rabi,Ragi,115,190,1.652173913
Andhra Pradesh,EAST GODAVARI,2008,Rabi,Rice,169861,796648,4.68999947
Andhra Pradesh,EAST GODAVARI,2008,Rabi,Sesamum,969,173,0.178534572
Andhra Pradesh,EAST GODAVARI,2008,Rabi,Urad,31934,8526,0.266988163
Andhra Pradesh,EAST GODAVARI,2008,Whole Year,Arecanut,20,19,0.95
Andhra Pradesh,EAST GODAVARI,2008,Whole Year,Banana,15363,291774,18.99199375
Andhra Pradesh,EAST GODAVARI,2008,Whole Year,Cashewnut,33248,6982,0.209997594
Andhra Pradesh,EAST GODAVARI,2008,Whole Year,Coconut,50214,492936570,9816.715856
Andhra Pradesh,EAST GODAVARI,2008,Whole Year,Dry ginger,8,25,3.125
Andhra Pradesh,EAST GODAVARI,2008,Whole Year,Sugarcane,13592,1159182,85.28413773
Andhra Pradesh,EAST GODAVARI,2008,Whole Year,Sunflower,326,330,1.012269939
Andhra Pradesh,EAST GODAVARI,2008,Whole Year,Sweet potato,83,1129,13.60240964
Andhra Pradesh,EAST GODAVARI,2008,Whole Year,Tapioca,16210,205202,12.65897594
Andhra Pradesh,EAST GODAVARI,2008,Whole Year,Tobacco,8227,32814,3.988574207
Andhra Pradesh,EAST GODAVARI,2008,Whole Year,Turmeric,267,1835,6.872659176
Andhra Pradesh,EAST GODAVARI,2009,Kharif,Arhar/Tur,707,468,0.661951909
Andhra Pradesh,EAST GODAVARI,2009,Kharif,Bajra,375,287,0.765333333
Andhra Pradesh,EAST GODAVARI,2009,Kharif,Castor seed,50,28,0.56
Andhra Pradesh,EAST GODAVARI,2009,Kharif,Cotton(lint),6845,19649,2.870562454
Andhra Pradesh,EAST GODAVARI,2009,Kharif,Dry chillies,281,1347,4.793594306
Andhra Pradesh,EAST GODAVARI,2009,Kharif,Groundnut,89,99,1.112359551
Andhra Pradesh,EAST GODAVARI,2009,Kharif,Horse-gram,128,87,0.6796875
Andhra Pradesh,EAST GODAVARI,2009,Kharif,Jowar,510,601,1.178431373
Andhra Pradesh,EAST GODAVARI,2009,Kharif,Maize,983,3547,3.608341811
Andhra Pradesh,EAST GODAVARI,2009,Kharif,Moong(Green Gram),691,123,0.178002894
Andhra Pradesh,EAST GODAVARI,2009,Kharif,Niger seed,71,24,0.338028169
Andhra Pradesh,EAST GODAVARI,2009,Kharif,Onion,501,8113,16.19361277
Andhra Pradesh,EAST GODAVARI,2009,Kharif,Ragi,708,707,0.998587571
Andhra Pradesh,EAST GODAVARI,2009,Kharif,Rice,202153,616567,3.050001731
Andhra Pradesh,EAST GODAVARI,2009,Kharif,Sesamum,784,195,0.24872449
Andhra Pradesh,EAST GODAVARI,2009,Kharif,Small millets,221,105,0.475113122
Andhra Pradesh,EAST GODAVARI,2009,Kharif,Soyabean,28,23,0.821428571
Andhra Pradesh,EAST GODAVARI,2009,Kharif,Urad,4001,1180,0.294926268
Andhra Pradesh,EAST GODAVARI,2009,Rabi,Arhar/Tur,766,507,0.661879896
Andhra Pradesh,EAST GODAVARI,2009,Rabi,Dry chillies,290,1141,3.934482759
Andhra Pradesh,EAST GODAVARI,2009,Rabi,Gram,498,818,1.642570281
Andhra Pradesh,EAST GODAVARI,2009,Rabi,Groundnut,479,1197,2.498956159
Andhra Pradesh,EAST GODAVARI,2009,Rabi,Horse-gram,167,104,0.622754491
Andhra Pradesh,EAST GODAVARI,2009,Rabi,Jowar,34,119,3.5
Andhra Pradesh,EAST GODAVARI,2009,Rabi,Maize,8005,59821,7.472954403
Andhra Pradesh,EAST GODAVARI,2009,Rabi,Moong(Green Gram),21422,5441,0.253991224
Andhra Pradesh,EAST GODAVARI,2009,Rabi,Onion,26,660,25.38461538
Andhra Pradesh,EAST GODAVARI,2009,Rabi,Ragi,4,7,1.75
Andhra Pradesh,EAST GODAVARI,2009,Rabi,Rice,104423,456537,4.371996591
Andhra Pradesh,EAST GODAVARI,2009,Rabi,Sesamum,1564,310,0.198209719
Andhra Pradesh,EAST GODAVARI,2009,Rabi,Urad,32258,1419,0.043989088
Andhra Pradesh,EAST GODAVARI,2009,Whole Year,Arecanut,20,19,0.95
Andhra Pradesh,EAST GODAVARI,2009,Whole Year,Banana,16159,354092,21.91298967
Andhra Pradesh,EAST GODAVARI,2009,Whole Year,Cashewnut,33459,9737,0.291012881
Andhra Pradesh,EAST GODAVARI,2009,Whole Year,Coconut,50247,527381820,10495.78721
Andhra Pradesh,EAST GODAVARI,2009,Whole Year,Coriander,8,8,1
Andhra Pradesh,EAST GODAVARI,2009,Whole Year,Sugarcane,10879,1017609,93.53883629
Andhra Pradesh,EAST GODAVARI,2009,Whole Year,Sunflower,1435,1399,0.974912892
Andhra Pradesh,EAST GODAVARI,2009,Whole Year,Sweet potato,60,771,12.85
Andhra Pradesh,EAST GODAVARI,2009,Whole Year,Tapioca,10765,144412,13.41495588
Andhra Pradesh,EAST GODAVARI,2009,Whole Year,Tobacco,8990,18802,2.091434928
Andhra Pradesh,EAST GODAVARI,2009,Whole Year,Turmeric,165,1029,6.236363636
Andhra Pradesh,EAST GODAVARI,2010,Kharif,Arhar/Tur,689,349,0.506531205
Andhra Pradesh,EAST GODAVARI,2010,Kharif,Bajra,159,83,0.522012579
Andhra Pradesh,EAST GODAVARI,2010,Kharif,Castor seed,46,20,0.434782609
Andhra Pradesh,EAST GODAVARI,2010,Kharif,Cotton(lint),12112,21517,1.776502642
Andhra Pradesh,EAST GODAVARI,2010,Kharif,Dry chillies,285,945,3.315789474
Andhra Pradesh,EAST GODAVARI,2010,Kharif,Groundnut,66,82,1.242424242
Andhra Pradesh,EAST GODAVARI,2010,Kharif,Jowar,273,395,1.446886447
Andhra Pradesh,EAST GODAVARI,2010,Kharif,Maize,469,1399,2.982942431
Andhra Pradesh,EAST GODAVARI,2010,Kharif,Moong(Green Gram),293,73,0.249146758
Andhra Pradesh,EAST GODAVARI,2010,Kharif,Niger seed,1,,
Andhra Pradesh,EAST GODAVARI,2010,Kharif,Onion,759,15073,19.85902503
Andhra Pradesh,EAST GODAVARI,2010,Kharif,Ragi,81,82,1.012345679
Andhra Pradesh,EAST GODAVARI,2010,Kharif,Rice,237640,457704,1.926039387
Andhra Pradesh,EAST GODAVARI,2010,Kharif,Sesamum,739,124,0.167794317
Andhra Pradesh,EAST GODAVARI,2010,Kharif,Small millets,83,82,0.987951807
Andhra Pradesh,EAST GODAVARI,2010,Kharif,Urad,1422,600,0.421940928
Andhra Pradesh,EAST GODAVARI,2010,Rabi,Arhar/Tur,51,26,0.509803922
Andhra Pradesh,EAST GODAVARI,2010,Rabi,Dry chillies,446,1841,4.127802691
Andhra Pradesh,EAST GODAVARI,2010,Rabi,Gram,316,526,1.664556962
Andhra Pradesh,EAST GODAVARI,2010,Rabi,Groundnut,290,635,2.189655172
Andhra Pradesh,EAST GODAVARI,2010,Rabi,Horse-gram,139,57,0.410071942
Andhra Pradesh,EAST GODAVARI,2010,Rabi,Maize,7463,54704,7.330028139
Andhra Pradesh,EAST GODAVARI,2010,Rabi,Moong(Green Gram),33343,3934,0.117985784
Andhra Pradesh,EAST GODAVARI,2010,Rabi,Onion,9,118,13.11111111
Andhra Pradesh,EAST GODAVARI,2010,Rabi,Ragi,14,20,1.428571429
Andhra Pradesh,EAST GODAVARI,2010,Rabi,Rice,172888,849917,4.91599764
Andhra Pradesh,EAST GODAVARI,2010,Rabi,Sesamum,837,191,0.228195938
Andhra Pradesh,EAST GODAVARI,2010,Rabi,Urad,21387,4470,0.209005471
Andhra Pradesh,EAST GODAVARI,2010,Whole Year,Banana,14357,392291,27.32402312
Andhra Pradesh,EAST GODAVARI,2010,Whole Year,Cashewnut,34581,6120,0.176975796
Andhra Pradesh,EAST GODAVARI,2010,Whole Year,Sugarcane,13051,1086471,83.24810359
Andhra Pradesh,EAST GODAVARI,2010,Whole Year,Sunflower,359,446,1.242339833
Andhra Pradesh,EAST GODAVARI,2010,Whole Year,Sweet potato,49,627,12.79591837
Andhra Pradesh,EAST GODAVARI,2010,Whole Year,Tapioca,12391,82090,6.624969736
Andhra Pradesh,EAST GODAVARI,2010,Whole Year,Tobacco,4804,11761,2.448168193
Andhra Pradesh,EAST GODAVARI,2010,Whole Year,Turmeric,339,2070,6.10619469
Andhra Pradesh,EAST GODAVARI,2011,Kharif,Arhar/Tur,295,156,0.528813559
Andhra Pradesh,EAST GODAVARI,2011,Kharif,Bajra,94,78,0.829787234
Andhra Pradesh,EAST GODAVARI,2011,Kharif,Castor seed,46,24,0.52173913
Andhra Pradesh,EAST GODAVARI,2011,Kharif,Cotton(lint),13150,19880,1.511787072
Andhra Pradesh,EAST GODAVARI,2011,Kharif,Dry chillies,150,570,3.8
Andhra Pradesh,EAST GODAVARI,2011,Kharif,Groundnut,47,66,1.404255319
Andhra Pradesh,EAST GODAVARI,2011,Kharif,Jowar,183,393,2.147540984
Andhra Pradesh,EAST GODAVARI,2011,Kharif,Maize,468,1727,3.69017094
Andhra Pradesh,EAST GODAVARI,2011,Kharif,Mesta,32,,
Andhra Pradesh,EAST GODAVARI,2011,Kharif,Moong(Green Gram),401,234,0.583541147
Andhra Pradesh,EAST GODAVARI,2011,Kharif,Niger seed,1,,
Andhra Pradesh,EAST GODAVARI,2011,Kharif,Onion,808,11645,14.41212871
Andhra Pradesh,EAST GODAVARI,2011,Kharif,other oilseeds,7595,130102,17.12995392
Andhra Pradesh,EAST GODAVARI,2011,Kharif,Ragi,190,135,0.710526316
Andhra Pradesh,EAST GODAVARI,2011,Kharif,Rice,197445,589741,2.986862164
Andhra Pradesh,EAST GODAVARI,2011,Kharif,Sesamum,110,25,0.227272727
Andhra Pradesh,EAST GODAVARI,2011,Kharif,Small millets,255,157,0.615686275
Andhra Pradesh,EAST GODAVARI,2011,Kharif,Soyabean,50,81,1.62
Andhra Pradesh,EAST GODAVARI,2011,Kharif,Urad,3330,1668,0.500900901
Andhra Pradesh,EAST GODAVARI,2011,Rabi,Arhar/Tur,27,14,0.518518519
Andhra Pradesh,EAST GODAVARI,2011,Rabi,Bajra,6,5,0.833333333
Andhra Pradesh,EAST GODAVARI,2011,Rabi,Cowpea(Lobia),98,78,0.795918367
Andhra Pradesh,EAST GODAVARI,2011,Rabi,Dry chillies,180,784,4.355555556
Andhra Pradesh,EAST GODAVARI,2011,Rabi,Gram,92,139,1.510869565
Andhra Pradesh,EAST GODAVARI,2011,Rabi,Groundnut,227,544,2.396475771
Andhra Pradesh,EAST GODAVARI,2011,Rabi,Horse-gram,45,19,0.422222222
Andhra Pradesh,EAST GODAVARI,2011,Rabi,Maize,8067,54017,6.696045618
Andhra Pradesh,EAST GODAVARI,2011,Rabi,Moong(Green Gram),33158,13031,0.392997165
Andhra Pradesh,EAST GODAVARI,2011,Rabi,Onion,38,973,25.60526316
Andhra Pradesh,EAST GODAVARI,2011,Rabi,other oilseeds,88,1858,21.11363636
Andhra Pradesh,EAST GODAVARI,2011,Rabi,Rice,139649,587084,4.203997164
Andhra Pradesh,EAST GODAVARI,2011,Rabi,Sesamum,688,149,0.216569767
Andhra Pradesh,EAST GODAVARI,2011,Rabi,Urad,27849,2674,0.09601781
Andhra Pradesh,EAST GODAVARI,2011,Whole Year,Arecanut,20,8,0.4
Andhra Pradesh,EAST GODAVARI,2011,Whole Year,Banana,13620,302514,22.21101322
Andhra Pradesh,EAST GODAVARI,2011,Whole Year,Cashewnut,33233,6329,0.190443234
Andhra Pradesh,EAST GODAVARI,2011,Whole Year,Coconut,50741,719961050,14188.9409
Andhra Pradesh,EAST GODAVARI,2011,Whole Year,Sugarcane,12618,1069560,84.76462197
Andhra Pradesh,EAST GODAVARI,2011,Whole Year,Sunflower,344,365,1.061046512
Andhra Pradesh,EAST GODAVARI,2011,Whole Year,Sweet potato,35,450,12.85714286
Andhra Pradesh,EAST GODAVARI,2011,Whole Year,Tapioca,12439,124228,9.986976445
Andhra Pradesh,EAST GODAVARI,2011,Whole Year,Tobacco,4538,12728,2.804759806
Andhra Pradesh,EAST GODAVARI,2011,Whole Year,Turmeric,296,2222,7.506756757
Andhra Pradesh,EAST GODAVARI,2012,Kharif,Arecanut,22,62,2.818181818
Andhra Pradesh,EAST GODAVARI,2012,Kharif,Arhar/Tur,321,253,0.788161994
Andhra Pradesh,EAST GODAVARI,2012,Kharif,Bajra,85,101,1.188235294
Andhra Pradesh,EAST GODAVARI,2012,Kharif,Brinjal,1751,19678,11.23814963
Andhra Pradesh,EAST GODAVARI,2012,Kharif,Cabbage,22,579,26.31818182
Andhra Pradesh,EAST GODAVARI,2012,Kharif,Cashewnut,31533,6559,0.208004313
Andhra Pradesh,EAST GODAVARI,2012,Kharif,Castor seed,46,47,1.02173913
Andhra Pradesh,EAST GODAVARI,2012,Kharif,Cotton(lint),16845,32501,1.929415257
Andhra Pradesh,EAST GODAVARI,2012,Kharif,Dry chillies,89,368,4.134831461
Andhra Pradesh,EAST GODAVARI,2012,Kharif,Groundnut,36,59,1.638888889
Andhra Pradesh,EAST GODAVARI,2012,Kharif,Jowar,156,414,2.653846154
Andhra Pradesh,EAST GODAVARI,2012,Kharif,Lemon,1011,7437,7.356083086
Andhra Pradesh,EAST GODAVARI,2012,Kharif,Maize,495,1938,3.915151515
Andhra Pradesh,EAST GODAVARI,2012,Kharif,Mango,15851,157496,9.936029273
Andhra Pradesh,EAST GODAVARI,2012,Kharif,Moong(Green Gram),271,121,0.446494465
Andhra Pradesh,EAST GODAVARI,2012,Kharif,Onion,547,10443,19.09140768
Andhra Pradesh,EAST GODAVARI,2012,Kharif,Papaya,231,25164,108.9350649
Andhra Pradesh,EAST GODAVARI,2012,Kharif,Ragi,630,668,1.06031746
Andhra Pradesh,EAST GODAVARI,2012,Kharif,Rice,232300,355651,1.530998709
Andhra Pradesh,EAST GODAVARI,2012,Kharif,Sapota,328,4330,13.20121951
Andhra Pradesh,EAST GODAVARI,2012,Kharif,Sesamum,119,28,0.235294118
Andhra Pradesh,EAST GODAVARI,2012,Kharif,Small millets,223,133,0.596412556
Andhra Pradesh,EAST GODAVARI,2012,Kharif,Sugarcane,13909,1111275,79.89611043
Andhra Pradesh,EAST GODAVARI,2012,Kharif,Sweet potato,9,87,9.666666667
Andhra Pradesh,EAST GODAVARI,2012,Kharif,Tapioca,11343,208870,18.41399982
Andhra Pradesh,EAST GODAVARI,2012,Kharif,Tobacco,2235,5840,2.612975391
Andhra Pradesh,EAST GODAVARI,2012,Kharif,Tomato,433,9453,21.83140878
Andhra Pradesh,EAST GODAVARI,2012,Kharif,Turmeric,183,1212,6.62295082
Andhra Pradesh,EAST GODAVARI,2012,Kharif,Urad,1298,919,0.708012327
Andhra Pradesh,EAST GODAVARI,2012,Rabi,Brinjal,865,9721,11.23815029
Andhra Pradesh,EAST GODAVARI,2012,Rabi,Cabbage,31,816,26.32258065
Andhra Pradesh,EAST GODAVARI,2012,Rabi,Cowpea(Lobia),197,180,0.913705584
Andhra Pradesh,EAST GODAVARI,2012,Rabi,Dry chillies,122,487,3.991803279
Andhra Pradesh,EAST GODAVARI,2012,Rabi,Gram,124,225,1.814516129
Andhra Pradesh,EAST GODAVARI,2012,Rabi,Groundnut,241,586,2.43153527
Andhra Pradesh,EAST GODAVARI,2012,Rabi,Horse-gram,161,90,0.559006211
Andhra Pradesh,EAST GODAVARI,2012,Rabi,Jowar,2,8,4
Andhra Pradesh,EAST GODAVARI,2012,Rabi,Maize,9485,71659,7.55498155
Andhra Pradesh,EAST GODAVARI,2012,Rabi,Mesta,104,897,8.625
Andhra Pradesh,EAST GODAVARI,2012,Rabi,Moong(Green Gram),27520,12329,0.448001453
Andhra Pradesh,EAST GODAVARI,2012,Rabi,Onion,15,330,22
Andhra Pradesh,EAST GODAVARI,2012,Rabi,Rice,168756,746239,4.42199981
Andhra Pradesh,EAST GODAVARI,2012,Rabi,Sesamum,614,161,0.262214984
Andhra Pradesh,EAST GODAVARI,2012,Rabi,Sunflower,348,337,0.968390805
Andhra Pradesh,EAST GODAVARI,2012,Rabi,Tobacco,2757,8757,3.176278564
Andhra Pradesh,EAST GODAVARI,2012,Rabi,Tomato,666,6486,9.738738739
Andhra Pradesh,EAST GODAVARI,2012,Rabi,Urad,20768,7606,0.366236518
Andhra Pradesh,EAST GODAVARI,2012,Whole Year,Coconut,49516,729965000,14742.00259
Andhra Pradesh,EAST GODAVARI,2013,Kharif,Arecanut,23,69,3
Andhra Pradesh,EAST GODAVARI,2013,Kharif,Arhar/Tur,465,447,0.961290323
Andhra Pradesh,EAST GODAVARI,2013,Kharif,Bajra,66,78,1.181818182
Andhra Pradesh,EAST GODAVARI,2013,Kharif,Brinjal,1615,10528,6.518885449
Andhra Pradesh,EAST GODAVARI,2013,Kharif,Cabbage,22,413,18.77272727
Andhra Pradesh,EAST GODAVARI,2013,Kharif,Cashewnut,30402,7753,0.255016117
Andhra Pradesh,EAST GODAVARI,2013,Kharif,Castor seed,45,36,0.8
Andhra Pradesh,EAST GODAVARI,2013,Kharif,Cotton(lint),21781,24728,1.135301409
Andhra Pradesh,EAST GODAVARI,2013,Kharif,Cowpea(Lobia),7,3,0.428571429
Andhra Pradesh,EAST GODAVARI,2013,Kharif,Dry chillies,189,916,4.846560847
Andhra Pradesh,EAST GODAVARI,2013,Kharif,Groundnut,61,114,1.868852459
Andhra Pradesh,EAST GODAVARI,2013,Kharif,Horse-gram,5,3,0.6
Andhra Pradesh,EAST GODAVARI,2013,Kharif,Jowar,192,335,1.744791667
Andhra Pradesh,EAST GODAVARI,2013,Kharif,Lemon,810,4406,5.439506173
Andhra Pradesh,EAST GODAVARI,2013,Kharif,Maize,513,1626,3.169590643
Andhra Pradesh,EAST GODAVARI,2013,Kharif,Mango,15017,162814,10.84197909
Andhra Pradesh,EAST GODAVARI,2013,Kharif,Moong(Green Gram),210,86,0.40952381
Andhra Pradesh,EAST GODAVARI,2013,Kharif,Onion,595,11204,18.8302521
Andhra Pradesh,EAST GODAVARI,2013,Kharif,other oilseeds,8648,281707,32.57481499
Andhra Pradesh,EAST GODAVARI,2013,Kharif,Papaya,271,26530,97.89667897
Andhra Pradesh,EAST GODAVARI,2013,Kharif,Ragi,1194,1005,0.841708543
Andhra Pradesh,EAST GODAVARI,2013,Kharif,Rice,235159,434104,1.846002067
Andhra Pradesh,EAST GODAVARI,2013,Kharif,Sapota,302,2841,9.407284768
Andhra Pradesh,EAST GODAVARI,2013,Kharif,Sesamum,211,95,0.450236967
Andhra Pradesh,EAST GODAVARI,2013,Kharif,Small millets,305,155,0.508196721
Andhra Pradesh,EAST GODAVARI,2013,Kharif,Sugarcane,13857,1165341,84.09764018
Andhra Pradesh,EAST GODAVARI,2013,Kharif,Sweet potato,22,193,8.772727273
Andhra Pradesh,EAST GODAVARI,2013,Kharif,Tapioca,10383,191193,18.41404218
Andhra Pradesh,EAST GODAVARI,2013,Kharif,Tobacco,1070,2805,2.621495327
Andhra Pradesh,EAST GODAVARI,2013,Kharif,Tomato,400,7151,17.8775
Andhra Pradesh,EAST GODAVARI,2013,Kharif,Turmeric,159,1059,6.660377358
Andhra Pradesh,EAST GODAVARI,2013,Kharif,Urad,1969,1231,0.625190452
Andhra Pradesh,EAST GODAVARI,2013,Rabi,Arhar/Tur,51,49,0.960784314
Andhra Pradesh,EAST GODAVARI,2013,Rabi,Brinjal,908,5919,6.518722467
Andhra Pradesh,EAST GODAVARI,2013,Rabi,Cabbage,28,526,18.78571429
Andhra Pradesh,EAST GODAVARI,2013,Rabi,Cowpea(Lobia),249,204,0.819277108
Andhra Pradesh,EAST GODAVARI,2013,Rabi,Dry chillies,103,483,4.689320388
Andhra Pradesh,EAST GODAVARI,2013,Rabi,Gram,134,258,1.925373134
Andhra Pradesh,EAST GODAVARI,2013,Rabi,Groundnut,127,328,2.582677165
Andhra Pradesh,EAST GODAVARI,2013,Rabi,Horse-gram,116,53,0.456896552
Andhra Pradesh,EAST GODAVARI,2013,Rabi,Jowar,12,55,4.583333333
Andhra Pradesh,EAST GODAVARI,2013,Rabi,Maize,10684,92096,8.619992512
Andhra Pradesh,EAST GODAVARI,2013,Rabi,Mesta,52,472,9.076923077
Andhra Pradesh,EAST GODAVARI,2013,Rabi,Moong(Green Gram),21453,5041,0.234978791
Andhra Pradesh,EAST GODAVARI,2013,Rabi,Onion,14,259,18.5
Andhra Pradesh,EAST GODAVARI,2013,Rabi,Rice,169523,777602,4.586999994
Andhra Pradesh,EAST GODAVARI,2013,Rabi,Sesamum,880,185,0.210227273
Andhra Pradesh,EAST GODAVARI,2013,Rabi,Sunflower,412,460,1.116504854
Andhra Pradesh,EAST GODAVARI,2013,Rabi,Sweet potato,12,105,8.75
Andhra Pradesh,EAST GODAVARI,2013,Rabi,Tobacco,2828,9202,3.253889675
Andhra Pradesh,EAST GODAVARI,2013,Rabi,Tomato,716,8094,11.30446927
Andhra Pradesh,EAST GODAVARI,2013,Rabi,Urad,18625,2403,0.129020134
Andhra Pradesh,EAST GODAVARI,2013,Whole Year,Banana,12427,153871,12.38199083
Andhra Pradesh,EAST GODAVARI,2013,Whole Year,Cashewnut,30402,7753,0.255016117
Andhra Pradesh,EAST GODAVARI,2013,Whole Year,Castor seed,45,36,0.8
Andhra Pradesh,EAST GODAVARI,2013,Whole Year,Coconut,49114,720895000,14677.99405
Andhra Pradesh,EAST GODAVARI,2013,Whole Year,Sannhamp,175,,
Andhra Pradesh,EAST GODAVARI,2013,Whole Year,Sweet potato,34,298,8.764705882
Andhra Pradesh,EAST GODAVARI,2014,Kharif,Arhar/Tur,2164,1807,0.835027726
Andhra Pradesh,EAST GODAVARI,2014,Kharif,Bajra,58,75,1.293103448
Andhra Pradesh,EAST GODAVARI,2014,Kharif,Brinjal,1509,9135,6.053677932
Andhra Pradesh,EAST GODAVARI,2014,Kharif,Cabbage,22,271,12.31818182
Andhra Pradesh,EAST GODAVARI,2014,Kharif,Cashewnut,29608,15159,0.511990003
Andhra Pradesh,EAST GODAVARI,2014,Kharif,Castor seed,38,25,0.657894737
Andhra Pradesh,EAST GODAVARI,2014,Kharif,Cotton(lint),22433,47597,2.121740293
Andhra Pradesh,EAST GODAVARI,2014,Kharif,Cowpea(Lobia),5,2,0.4
Andhra Pradesh,EAST GODAVARI,2014,Kharif,Dry chillies,374,2152,5.754010695
Andhra Pradesh,EAST GODAVARI,2014,Kharif,Groundnut,27,44,1.62962963
Andhra Pradesh,EAST GODAVARI,2014,Kharif,Horse-gram,1,,
Andhra Pradesh,EAST GODAVARI,2014,Kharif,Jowar,310,461,1.487096774
Andhra Pradesh,EAST GODAVARI,2014,Kharif,Lemon,988,3824,3.870445344
Andhra Pradesh,EAST GODAVARI,2014,Kharif,Maize,755,2500,3.311258278
Andhra Pradesh,EAST GODAVARI,2014,Kharif,Mango,15820,191027,12.07503161
Andhra Pradesh,EAST GODAVARI,2014,Kharif,Moong(Green Gram),483,324,0.670807453
Andhra Pradesh,EAST GODAVARI,2014,Kharif,Onion,563,10337,18.36056838
Andhra Pradesh,EAST GODAVARI,2014,Kharif,other oilseeds,8923,185768,20.81900706
Andhra Pradesh,EAST GODAVARI,2014,Kharif,Papaya,305,24011,78.72459016
Andhra Pradesh,EAST GODAVARI,2014,Kharif,Pome Granet,10,104,10.4
Andhra Pradesh,EAST GODAVARI,2014,Kharif,Ragi,406,387,0.95320197
Andhra Pradesh,EAST GODAVARI,2014,Kharif,Rice,226072,681833,3.015999328
Andhra Pradesh,EAST GODAVARI,2014,Kharif,Sapota,244,2041,8.364754098
Andhra Pradesh,EAST GODAVARI,2014,Kharif,Sesamum,436,119,0.27293578
Andhra Pradesh,EAST GODAVARI,2014,Kharif,Small millets,469,260,0.554371002
Andhra Pradesh,EAST GODAVARI,2014,Kharif,Soyabean,11,25,2.272727273
Andhra Pradesh,EAST GODAVARI,2014,Kharif,Sugarcane,12405,1056420,85.16082225
Andhra Pradesh,EAST GODAVARI,2014,Kharif,Tobacco,1007,4578,4.546176763
Andhra Pradesh,EAST GODAVARI,2014,Kharif,Tomato,407,5851,14.37592138
Andhra Pradesh,EAST GODAVARI,2014,Kharif,Turmeric,160,1151,7.19375
Andhra Pradesh,EAST GODAVARI,2014,Kharif,Urad,2605,2670,1.024952015
Andhra Pradesh,EAST GODAVARI,2014,Rabi,Arhar/Tur,56,47,0.839285714
Andhra Pradesh,EAST GODAVARI,2014,Rabi,Brinjal,974,5897,6.054414784
Andhra Pradesh,EAST GODAVARI,2014,Rabi,Cabbage,23,284,12.34782609
Andhra Pradesh,EAST GODAVARI,2014,Rabi,Cowpea(Lobia),161,181,1.124223602
Andhra Pradesh,EAST GODAVARI,2014,Rabi,Dry chillies,2632,3201,1.21618541
Andhra Pradesh,EAST GODAVARI,2014,Rabi,Gram,97,187,1.927835052
Andhra Pradesh,EAST GODAVARI,2014,Rabi,Groundnut,338,1099,3.25147929
Andhra Pradesh,EAST GODAVARI,2014,Rabi,Horse-gram,86,36,0.418604651
Andhra Pradesh,EAST GODAVARI,2014,Rabi,Jowar,1776,1160,0.653153153
Andhra Pradesh,EAST GODAVARI,2014,Rabi,Maize,12156,98257,8.083004278
Andhra Pradesh,EAST GODAVARI,2014,Rabi,Mesta,52,355,6.826923077
Andhra Pradesh,EAST GODAVARI,2014,Rabi,Moong(Green Gram),16204,5914,0.364971612
Andhra Pradesh,EAST GODAVARI,2014,Rabi,Onion,15,265,17.66666667
Andhra Pradesh,EAST GODAVARI,2014,Rabi,Ragi,6,9,1.5
Andhra Pradesh,EAST GODAVARI,2014,Rabi,Rice,168045,881396,5.244999851
Andhra Pradesh,EAST GODAVARI,2014,Rabi,Sesamum,3016,570,0.188992042
Andhra Pradesh,EAST GODAVARI,2014,Rabi,Sunflower,379,365,0.963060686
Andhra Pradesh,EAST GODAVARI,2014,Rabi,Sweet potato,33,364,11.03030303
Andhra Pradesh,EAST GODAVARI,2014,Rabi,Tobacco,3010,13721,4.558471761
Andhra Pradesh,EAST GODAVARI,2014,Rabi,Tomato,628,8509,13.54936306
Andhra Pradesh,EAST GODAVARI,2014,Rabi,Urad,18500,7641,0.413027027
Andhra Pradesh,EAST GODAVARI,2014,Whole Year,Coconut,46865,780162000,16647.00736
Andhra Pradesh,EAST GODAVARI,2014,Whole Year,Rice,394117,1563229,3.966408452
Andhra Pradesh,GUNTUR,1997,Kharif,Arhar/Tur,28400,14900,0.524647887
Andhra Pradesh,GUNTUR,1997,Kharif,Bajra,100,100,1
Andhra Pradesh,GUNTUR,1997,Kharif,Castor seed,1600,300,0.1875
Andhra Pradesh,GUNTUR,1997,Kharif,Cotton(lint),162300,432500,2.664818238
Andhra Pradesh,GUNTUR,1997,Kharif,Dry chillies,27100,97300,3.590405904
Andhra Pradesh,GUNTUR,1997,Kharif,Groundnut,300,300,1
Andhra Pradesh,GUNTUR,1997,Kharif,Jowar,200,100,0.5
Andhra Pradesh,GUNTUR,1997,Kharif,Maize,1700,3100,1.823529412
Andhra Pradesh,GUNTUR,1997,Kharif,Moong(Green Gram),7400,2800,0.378378378
Andhra Pradesh,GUNTUR,1997,Kharif,Rice,295000,845300,2.865423729
Andhra Pradesh,GUNTUR,1997,Kharif,Sesamum,400,100,0.25
Andhra Pradesh,GUNTUR,1997,Kharif,Small millets,4000,200,0.05
Andhra Pradesh,GUNTUR,1997,Kharif,Sugarcane,1600,109600,68.5
Andhra Pradesh,GUNTUR,1997,Kharif,Sunflower,300,200,0.666666667
Andhra Pradesh,GUNTUR,1997,Kharif,Tobacco,11400,13200,1.157894737
Andhra Pradesh,GUNTUR,1997,Kharif,Urad,7100,1200,0.169014085
Andhra Pradesh,GUNTUR,1997,Rabi,Arhar/Tur,1800,1000,0.555555556
Andhra Pradesh,GUNTUR,1997,Rabi,Dry chillies,700,1300,1.857142857
Andhra Pradesh,GUNTUR,1997,Rabi,Gram,3000,1500,0.5
Andhra Pradesh,GUNTUR,1997,Rabi,Groundnut,4500,6500,1.444444444
Andhra Pradesh,GUNTUR,1997,Rabi,Jowar,2400,3500,1.458333333
Andhra Pradesh,GUNTUR,1997,Rabi,Maize,5000,19000,3.8
Andhra Pradesh,GUNTUR,1997,Rabi,Moong(Green Gram),7700,3100,0.402597403
Andhra Pradesh,GUNTUR,1997,Rabi,Rice,14500,51800,3.572413793
Andhra Pradesh,GUNTUR,1997,Rabi,Sesamum,4700,900,0.191489362
Andhra Pradesh,GUNTUR,1997,Rabi,Urad,153000,75400,0.492810458
Andhra Pradesh,GUNTUR,1997,Rabi,Varagu,400,300,0.75
Andhra Pradesh,GUNTUR,1998,Kharif,Arhar/Tur,27100,20700,0.763837638
Andhra Pradesh,GUNTUR,1998,Kharif,Bajra,100,100,1
Andhra Pradesh,GUNTUR,1998,Kharif,Castor seed,1400,200,0.142857143
Andhra Pradesh,GUNTUR,1998,Kharif,Cotton(lint),193600,120700,0.623450413
Andhra Pradesh,GUNTUR,1998,Kharif,Dry chillies,36500,130500,3.575342466
Andhra Pradesh,GUNTUR,1998,Kharif,Groundnut,300,400,1.333333333
Andhra Pradesh,GUNTUR,1998,Kharif,Jowar,600,200,0.333333333
Andhra Pradesh,GUNTUR,1998,Kharif,Maize,2300,4700,2.043478261
Andhra Pradesh,GUNTUR,1998,Kharif,Moong(Green Gram),11500,7200,0.626086957
Andhra Pradesh,GUNTUR,1998,Kharif,Rice,298400,921400,3.087801609
Andhra Pradesh,GUNTUR,1998,Kharif,Sesamum,1900,300,0.157894737
Andhra Pradesh,GUNTUR,1998,Kharif,Urad,3900,3000,0.769230769
Andhra Pradesh,GUNTUR,1998,Rabi,Arhar/Tur,200,200,1
Andhra Pradesh,GUNTUR,1998,Rabi,Bajra,200,200,1
Andhra Pradesh,GUNTUR,1998,Rabi,Dry chillies,400,900,2.25
Andhra Pradesh,GUNTUR,1998,Rabi,Gram,1400,2700,1.928571429
Andhra Pradesh,GUNTUR,1998,Rabi,Groundnut,5900,9300,1.576271186
Andhra Pradesh,GUNTUR,1998,Rabi,Jowar,800,1000,1.25
Andhra Pradesh,GUNTUR,1998,Rabi,Maize,2800,14100,5.035714286
Andhra Pradesh,GUNTUR,1998,Rabi,Moong(Green Gram),5000,2000,0.4
Andhra Pradesh,GUNTUR,1998,Rabi,Rice,29100,99900,3.432989691
Andhra Pradesh,GUNTUR,1998,Rabi,Sesamum,6000,2700,0.45
Andhra Pradesh,GUNTUR,1998,Rabi,Urad,127100,107400,0.845003934
Andhra Pradesh,GUNTUR,1998,Rabi,Varagu,100,100,1
Andhra Pradesh,GUNTUR,1998,Whole Year,Sugarcane,2100,150300,71.57142857
Andhra Pradesh,GUNTUR,1998,Whole Year,Tobacco,9900,13600,1.373737374
Andhra Pradesh,GUNTUR,1999,Kharif,Bajra,142,159,1.11971831
Andhra Pradesh,GUNTUR,1999,Kharif,Castor seed,1431,124,0.08665269
Andhra Pradesh,GUNTUR,1999,Kharif,Cotton(lint),139425,252605,1.811762596
Andhra Pradesh,GUNTUR,1999,Kharif,Groundnut,545,529,0.970642202
Andhra Pradesh,GUNTUR,1999,Kharif,Jowar,262,67,0.255725191
Andhra Pradesh,GUNTUR,1999,Kharif,Maize,3853,10946,2.840903192
Andhra Pradesh,GUNTUR,1999,Kharif,Masoor,36964,21439,0.579996754
Andhra Pradesh,GUNTUR,1999,Kharif,Moong(Green Gram),12144,8622,0.709980237
Andhra Pradesh,GUNTUR,1999,Kharif,Rice,302886,969414,3.200590321
Andhra Pradesh,GUNTUR,1999,Kharif,Sesamum,12093,5672,0.469031671
Andhra Pradesh,GUNTUR,1999,Kharif,Sunflower,23,8,0.347826087
Andhra Pradesh,GUNTUR,1999,Kharif,Urad,6146,3749,0.609990238
Andhra Pradesh,GUNTUR,1999,Rabi,Gram,868,965,1.111751152
Andhra Pradesh,GUNTUR,1999,Rabi,Groundnut,3450,7800,2.260869565
Andhra Pradesh,GUNTUR,1999,Rabi,Jowar,940,374,0.39787234
Andhra Pradesh,GUNTUR,1999,Rabi,Maize,3755,18178,4.841011984
Andhra Pradesh,GUNTUR,1999,Rabi,Masoor,977,567,0.580348004
Andhra Pradesh,GUNTUR,1999,Rabi,Moong(Green Gram),3684,950,0.257871878
Andhra Pradesh,GUNTUR,1999,Rabi,Ragi,10,17,1.7
Andhra Pradesh,GUNTUR,1999,Rabi,Rapeseed &Mustard,850,151,0.177647059
Andhra Pradesh,GUNTUR,1999,Rabi,Rice,14822,53167,3.587032789
Andhra Pradesh,GUNTUR,1999,Rabi,Sesamum,1545,355,0.229773463
Andhra Pradesh,GUNTUR,1999,Rabi,Urad,136538,114146,0.836001699
Andhra Pradesh,GUNTUR,1999,Whole Year,Dry chillies,59256,111260,1.877615769
Andhra Pradesh,GUNTUR,1999,Whole Year,Onion,1593,23110,14.50721908
Andhra Pradesh,GUNTUR,1999,Whole Year,Sugarcane,2229,182780,82.00089726
Andhra Pradesh,GUNTUR,1999,Whole Year,Tobacco,8534,16308,1.910944457
Andhra Pradesh,GUNTUR,2000,Kharif,Arhar/Tur,42388,16786,0.396008304
Andhra Pradesh,GUNTUR,2000,Kharif,Bajra,406,550,1.354679803
Andhra Pradesh,GUNTUR,2000,Kharif,Castor seed,3720,1038,0.279032258
Andhra Pradesh,GUNTUR,2000,Kharif,Cotton(lint),125251,252712,2.01764457
Andhra Pradesh,GUNTUR,2000,Kharif,Dry chillies,50294,147965,2.942001034
Andhra Pradesh,GUNTUR,2000,Kharif,Groundnut,255,278,1.090196078
Andhra Pradesh,GUNTUR,2000,Kharif,Jowar,181,67,0.370165746
Andhra Pradesh,GUNTUR,2000,Kharif,Maize,5281,13752,2.604052263
Andhra Pradesh,GUNTUR,2000,Kharif,Moong(Green Gram),20785,14612,0.703006976
Andhra Pradesh,GUNTUR,2000,Kharif,Onion,376,5247,13.95478723
Andhra Pradesh,GUNTUR,2000,Kharif,Rice,292899,987363,3.371001608
Andhra Pradesh,GUNTUR,2000,Kharif,Sesamum,16160,3749,0.231992574
Andhra Pradesh,GUNTUR,2000,Kharif,Urad,9324,550,0.058987559
Andhra Pradesh,GUNTUR,2000,Rabi,Arhar/Tur,1115,442,0.396412556
Andhra Pradesh,GUNTUR,2000,Rabi,Bajra,31,42,1.35483871
Andhra Pradesh,GUNTUR,2000,Rabi,Dry chillies,664,1370,2.063253012
Andhra Pradesh,GUNTUR,2000,Rabi,Gram,1452,3453,2.378099174
Andhra Pradesh,GUNTUR,2000,Rabi,Groundnut,3984,8956,2.247991968
Andhra Pradesh,GUNTUR,2000,Rabi,Horse-gram,6,1,0.166666667
Andhra Pradesh,GUNTUR,2000,Rabi,Jowar,718,626,0.871866295
Andhra Pradesh,GUNTUR,2000,Rabi,Maize,4516,24314,5.383968113
Andhra Pradesh,GUNTUR,2000,Rabi,Moong(Green Gram),6920,2318,0.334971098
Andhra Pradesh,GUNTUR,2000,Rabi,Onion,816,14792,18.12745098
Andhra Pradesh,GUNTUR,2000,Rabi,Ragi,23,42,1.826086957
Andhra Pradesh,GUNTUR,2000,Rabi,Rapeseed &Mustard,1331,98,0.07362885
Andhra Pradesh,GUNTUR,2000,Rabi,Rice,12692,49600,3.907973527
Andhra Pradesh,GUNTUR,2000,Rabi,Sesamum,290,61,0.210344828
Andhra Pradesh,GUNTUR,2000,Rabi,Small millets,89,67,0.752808989
Andhra Pradesh,GUNTUR,2000,Rabi,Urad,165179,128840,0.780002301
Andhra Pradesh,GUNTUR,2000,Rabi,Varagu,89,67,0.752808989
Andhra Pradesh,GUNTUR,2000,Whole Year,Banana,7612,141059,18.53113505
Andhra Pradesh,GUNTUR,2000,Whole Year,Cashewnut,97,21,0.216494845
Andhra Pradesh,GUNTUR,2000,Whole Year,Coconut,519,5555550,10704.33526
Andhra Pradesh,GUNTUR,2000,Whole Year,Coriander,35,26,0.742857143
Andhra Pradesh,GUNTUR,2000,Whole Year,Sugarcane,1696,135426,79.85023585
Andhra Pradesh,GUNTUR,2000,Whole Year,Sweet potato,90,2543,28.25555556
Andhra Pradesh,GUNTUR,2000,Whole Year,Tobacco,2345,,
Andhra Pradesh,GUNTUR,2000,Whole Year,Turmeric,4902,25647,5.231946144
Andhra Pradesh,GUNTUR,2001,Kharif,Arhar/Tur,39203,29873,0.76200801
Andhra Pradesh,GUNTUR,2001,Kharif,Bajra,77,76,0.987012987
Andhra Pradesh,GUNTUR,2001,Kharif,Castor seed,3400,1469,0.432058824
Andhra Pradesh,GUNTUR,2001,Kharif,Cotton(lint),126285,378112,2.994116483
Andhra Pradesh,GUNTUR,2001,Kharif,Dry chillies,51052,203953,3.995005093
Andhra Pradesh,GUNTUR,2001,Kharif,Groundnut,189,138,0.73015873
Andhra Pradesh,GUNTUR,2001,Kharif,Jowar,184,105,0.570652174
Andhra Pradesh,GUNTUR,2001,Kharif,Maize,2549,6814,2.673205179
Andhra Pradesh,GUNTUR,2001,Kharif,Moong(Green Gram),10504,3414,0.32501904
Andhra Pradesh,GUNTUR,2001,Kharif,Onion,693,9615,13.87445887
Andhra Pradesh,GUNTUR,2001,Kharif,Rice,272468,935110,3.431999354
Andhra Pradesh,GUNTUR,2001,Kharif,Sesamum,7695,1293,0.168031189
Andhra Pradesh,GUNTUR,2001,Kharif,Urad,9551,3448,0.361009318
Andhra Pradesh,GUNTUR,2001,Rabi,Arhar/Tur,770,587,0.762337662
Andhra Pradesh,GUNTUR,2001,Rabi,Bajra,43,43,1
Andhra Pradesh,GUNTUR,2001,Rabi,Dry chillies,515,1036,2.011650485
Andhra Pradesh,GUNTUR,2001,Rabi,Gram,2820,5285,1.874113475
Andhra Pradesh,GUNTUR,2001,Rabi,Groundnut,5092,12954,2.543990573
Andhra Pradesh,GUNTUR,2001,Rabi,Jowar,398,294,0.738693467
Andhra Pradesh,GUNTUR,2001,Rabi,Maize,4369,28281,6.473105974
Andhra Pradesh,GUNTUR,2001,Rabi,Moong(Green Gram),3410,1405,0.41202346
Andhra Pradesh,GUNTUR,2001,Rabi,Onion,883,11504,13.02831257
Andhra Pradesh,GUNTUR,2001,Rabi,Ragi,8,15,1.875
Andhra Pradesh,GUNTUR,2001,Rabi,Rapeseed &Mustard,1242,324,0.260869565
Andhra Pradesh,GUNTUR,2001,Rabi,Rice,44917,181060,4.030990494
Andhra Pradesh,GUNTUR,2001,Rabi,Sesamum,100,25,0.25
Andhra Pradesh,GUNTUR,2001,Rabi,Small millets,15,12,0.8
Andhra Pradesh,GUNTUR,2001,Rabi,Urad,154060,118164,0.76699987
Andhra Pradesh,GUNTUR,2001,Rabi,Varagu,15,12,0.8
Andhra Pradesh,GUNTUR,2001,Whole Year,Banana,7967,204939,25.72348437
Andhra Pradesh,GUNTUR,2001,Whole Year,Cashewnut,150,41,0.273333333
Andhra Pradesh,GUNTUR,2001,Whole Year,Coconut,491,5426352,11051.6334
Andhra Pradesh,GUNTUR,2001,Whole Year,Coriander,115,89,0.773913043
Andhra Pradesh,GUNTUR,2001,Whole Year,Sugarcane,1700,139080,81.81176471
Andhra Pradesh,GUNTUR,2001,Whole Year,Sweet potato,55,1544,28.07272727
Andhra Pradesh,GUNTUR,2001,Whole Year,Tobacco,2857,4480,1.568078404
Andhra Pradesh,GUNTUR,2001,Whole Year,Turmeric,4266,22964,5.383028598
Andhra Pradesh,GUNTUR,2002,Kharif,Arhar/Tur,37456,19290,0.515004272
Andhra Pradesh,GUNTUR,2002,Kharif,Bajra,419,356,0.849642005
Andhra Pradesh,GUNTUR,2002,Kharif,Castor seed,2684,827,0.308122206
Andhra Pradesh,GUNTUR,2002,Kharif,Cotton(lint),98628,186813,1.894117289
Andhra Pradesh,GUNTUR,2002,Kharif,Dry chillies,58658,118606,2.021991885
Andhra Pradesh,GUNTUR,2002,Kharif,Groundnut,161,141,0.875776398
Andhra Pradesh,GUNTUR,2002,Kharif,Jowar,76,25,0.328947368
Andhra Pradesh,GUNTUR,2002,Kharif,Maize,2327,2255,0.969058874
Andhra Pradesh,GUNTUR,2002,Kharif,Moong(Green Gram),8146,978,0.120058925
Andhra Pradesh,GUNTUR,2002,Kharif,Onion,806,9635,11.95409429
Andhra Pradesh,GUNTUR,2002,Kharif,Rice,202953,646811,3.18699896
Andhra Pradesh,GUNTUR,2002,Kharif,Sesamum,6345,609,0.095981087
Andhra Pradesh,GUNTUR,2002,Kharif,Soyabean,2376,0,0
Andhra Pradesh,GUNTUR,2002,Kharif,Sunflower,44,48,1.090909091
Andhra Pradesh,GUNTUR,2002,Kharif,Urad,3217,167,0.051911719
Andhra Pradesh,GUNTUR,2002,Rabi,Arhar/Tur,1314,677,0.5152207
Andhra Pradesh,GUNTUR,2002,Rabi,Bajra,6,5,0.833333333
Andhra Pradesh,GUNTUR,2002,Rabi,Dry chillies,658,1094,1.662613982
Andhra Pradesh,GUNTUR,2002,Rabi,Gram,9847,12909,1.310957652
Andhra Pradesh,GUNTUR,2002,Rabi,Groundnut,3624,7802,2.152869757
Andhra Pradesh,GUNTUR,2002,Rabi,Horse-gram,9,3,0.333333333
Andhra Pradesh,GUNTUR,2002,Rabi,Jowar,8638,6928,0.802037509
Andhra Pradesh,GUNTUR,2002,Rabi,Maize,6450,44699,6.930077519
Andhra Pradesh,GUNTUR,2002,Rabi,Moong(Green Gram),5737,1624,0.283074778
Andhra Pradesh,GUNTUR,2002,Rabi,Onion,737,13565,18.40569878
Andhra Pradesh,GUNTUR,2002,Rabi,other oilseeds,51,63,1.235294118
Andhra Pradesh,GUNTUR,2002,Rabi,Ragi,5,7,1.4
Andhra Pradesh,GUNTUR,2002,Rabi,Rapeseed &Mustard,1279,118,0.092259578
Andhra Pradesh,GUNTUR,2002,Rabi,Rice,2716,7385,2.719072165
Andhra Pradesh,GUNTUR,2002,Rabi,Sesamum,83,15,0.180722892
Andhra Pradesh,GUNTUR,2002,Rabi,Small millets,182,66,0.362637363
Andhra Pradesh,GUNTUR,2002,Rabi,Urad,176210,116827,0.662998695
Andhra Pradesh,GUNTUR,2002,Whole Year,Banana,6720,151697,22.57395833
Andhra Pradesh,GUNTUR,2002,Whole Year,Beans & Mutter(Vegetable),466,2348,5.038626609
Andhra Pradesh,GUNTUR,2002,Whole Year,Bhindi,1644,10018,6.093673966
Andhra Pradesh,GUNTUR,2002,Whole Year,Bottle Gourd,316,0,0
Andhra Pradesh,GUNTUR,2002,Whole Year,Brinjal,1169,23076,19.73994867
Andhra Pradesh,GUNTUR,2002,Whole Year,Cabbage,162,0,0
Andhra Pradesh,GUNTUR,2002,Whole Year,Cashewnut,150,19,0.126666667
Andhra Pradesh,GUNTUR,2002,Whole Year,Citrus Fruit,2007,8914,4.441454908
Andhra Pradesh,GUNTUR,2002,Whole Year,Coconut,399,4488408,11249.14286
Andhra Pradesh,GUNTUR,2002,Whole Year,Coriander,64,35,0.546875
Andhra Pradesh,GUNTUR,2002,Whole Year,Cucumber,1555,0,0
Andhra Pradesh,GUNTUR,2002,Whole Year,Mango,984,10186,10.35162602
Andhra Pradesh,GUNTUR,2002,Whole Year,Orange,288,5124,17.79166667
Andhra Pradesh,GUNTUR,2002,Whole Year,other fibres,6268,0,0
Andhra Pradesh,GUNTUR,2002,Whole Year,Other Fresh Fruits,1359,6100,4.488594555
Andhra Pradesh,GUNTUR,2002,Whole Year,Other Vegetables,5007,0,0
Andhra Pradesh,GUNTUR,2002,Whole Year,Papaya,87,11349,130.4482759
Andhra Pradesh,GUNTUR,2002,Whole Year,Pome Fruit,307,2323,7.566775244
Andhra Pradesh,GUNTUR,2002,Whole Year,Sugarcane,1738,114932,66.12888377
Andhra Pradesh,GUNTUR,2002,Whole Year,Sweet potato,58,1635,28.18965517
Andhra Pradesh,GUNTUR,2002,Whole Year,Tobacco,2592,2803,1.081404321
Andhra Pradesh,GUNTUR,2002,Whole Year,Tomato,1067,7291,6.833177132
Andhra Pradesh,GUNTUR,2002,Whole Year,Turmeric,4625,29669,6.414918919
Andhra Pradesh,GUNTUR,2003,Kharif,Arhar/Tur,34020,17758,0.521987066
Andhra Pradesh,GUNTUR,2003,Kharif,Bajra,16082,21839,1.357977863
Andhra Pradesh,GUNTUR,2003,Kharif,Castor seed,4263,3338,0.783016655
Andhra Pradesh,GUNTUR,2003,Kharif,Cotton(lint),138925,485420,3.49411553
Andhra Pradesh,GUNTUR,2003,Kharif,Dry chillies,67122,338429,5.041998153
Andhra Pradesh,GUNTUR,2003,Kharif,Gram,44,79,1.795454545
Andhra Pradesh,GUNTUR,2003,Kharif,Groundnut,265,254,0.958490566
Andhra Pradesh,GUNTUR,2003,Kharif,Jowar,9610,28426,2.957960458
Andhra Pradesh,GUNTUR,2003,Kharif,Maize,3891,6677,1.716011308
Andhra Pradesh,GUNTUR,2003,Kharif,Moong(Green Gram),39752,17650,0.444002817
Andhra Pradesh,GUNTUR,2003,Kharif,Onion,439,6404,14.58769932
Andhra Pradesh,GUNTUR,2003,Kharif,Rice,170487,482990,2.83300193
Andhra Pradesh,GUNTUR,2003,Kharif,Sesamum,16291,4773,0.292983856
Andhra Pradesh,GUNTUR,2003,Kharif,Soyabean,1631,1796,1.101164929
Andhra Pradesh,GUNTUR,2003,Kharif,Sunflower,398,437,1.09798995
Andhra Pradesh,GUNTUR,2003,Kharif,Urad,1615,995,0.616099071
Andhra Pradesh,GUNTUR,2003,Rabi,Arhar/Tur,762,398,0.522309711
Andhra Pradesh,GUNTUR,2003,Rabi,Bajra,197,268,1.360406091
Andhra Pradesh,GUNTUR,2003,Rabi,Dry chillies,172,363,2.110465116
Andhra Pradesh,GUNTUR,2003,Rabi,Gram,17127,30656,1.789922345
Andhra Pradesh,GUNTUR,2003,Rabi,Groundnut,8348,11178,1.339003354
Andhra Pradesh,GUNTUR,2003,Rabi,Jowar,22318,41913,1.877990859
Andhra Pradesh,GUNTUR,2003,Rabi,Maize,22949,128514,5.59998257
Andhra Pradesh,GUNTUR,2003,Rabi,Moong(Green Gram),26217,7813,0.29801274
Andhra Pradesh,GUNTUR,2003,Rabi,Onion,428,3364,7.859813084
Andhra Pradesh,GUNTUR,2003,Rabi,other oilseeds,13,,
Andhra Pradesh,GUNTUR,2003,Rabi,Rapeseed &Mustard,1135,280,0.246696035
Andhra Pradesh,GUNTUR,2003,Rabi,Rice,5772,16837,2.917013167
Andhra Pradesh,GUNTUR,2003,Rabi,Safflower,6,2,0.333333333
Andhra Pradesh,GUNTUR,2003,Rabi,Sesamum,1271,262,0.2061369
Andhra Pradesh,GUNTUR,2003,Rabi,Small millets,46,25,0.543478261
Andhra Pradesh,GUNTUR,2003,Rabi,Urad,65589,17119,0.261004132
Andhra Pradesh,GUNTUR,2003,Rabi,Varagu,46,25,0.543478261
Andhra Pradesh,GUNTUR,2003,Whole Year,Banana,5681,42238,7.434958634
Andhra Pradesh,GUNTUR,2003,Whole Year,Beans & Mutter(Vegetable),512,3505,6.845703125
Andhra Pradesh,GUNTUR,2003,Whole Year,Bhindi,2308,14402,6.240034662
Andhra Pradesh,GUNTUR,2003,Whole Year,Bottle Gourd,234,0,0
Andhra Pradesh,GUNTUR,2003,Whole Year,Brinjal,1231,17657,14.34362307
Andhra Pradesh,GUNTUR,2003,Whole Year,Cabbage,283,0,0
Andhra Pradesh,GUNTUR,2003,Whole Year,Cashewnut,150,40,0.266666667
Andhra Pradesh,GUNTUR,2003,Whole Year,Citrus Fruit,2020,10680,5.287128713
Andhra Pradesh,GUNTUR,2003,Whole Year,Coconut,380,4497480,11835.47368
Andhra Pradesh,GUNTUR,2003,Whole Year,Coriander,195,148,0.758974359
Andhra Pradesh,GUNTUR,2003,Whole Year,Cucumber,1888,0,0
Andhra Pradesh,GUNTUR,2003,Whole Year,Mango,913,2552,2.795180723
Andhra Pradesh,GUNTUR,2003,Whole Year,Orange,959,14549,15.17101147
Andhra Pradesh,GUNTUR,2003,Whole Year,Other Fresh Fruits,1350,6537,4.842222222
Andhra Pradesh,GUNTUR,2003,Whole Year,Other Vegetables,5430,0,0
Andhra Pradesh,GUNTUR,2003,Whole Year,Papaya,88,7991,90.80681818
Andhra Pradesh,GUNTUR,2003,Whole Year,Pome Fruit,285,2476,8.687719298
Andhra Pradesh,GUNTUR,2003,Whole Year,Sugarcane,1547,110569,71.47317388
Andhra Pradesh,GUNTUR,2003,Whole Year,Sweet potato,33,239,7.242424242
Andhra Pradesh,GUNTUR,2003,Whole Year,Tobacco,3181,7965,2.503929582
Andhra Pradesh,GUNTUR,2003,Whole Year,Tomato,1478,14161,9.581190798
Andhra Pradesh,GUNTUR,2003,Whole Year,Turmeric,4289,30649,7.145954768
Andhra Pradesh,GUNTUR,2004,Kharif,Arhar/Tur,31557,30295,0.960008873
Andhra Pradesh,GUNTUR,2004,Kharif,Bajra,5824,1584,0.271978022
Andhra Pradesh,GUNTUR,2004,Kharif,Castor seed,4765,3135,0.65792235
Andhra Pradesh,GUNTUR,2004,Kharif,Cotton(lint),177868,593242,3.335293589
Andhra Pradesh,GUNTUR,2004,Kharif,Dry chillies,55534,272727,4.910991465
Andhra Pradesh,GUNTUR,2004,Kharif,Groundnut,184,176,0.956521739
Andhra Pradesh,GUNTUR,2004,Kharif,Jowar,1797,961,0.534780189
Andhra Pradesh,GUNTUR,2004,Kharif,Maize,2749,8121,2.954165151
Andhra Pradesh,GUNTUR,2004,Kharif,Mesta,6,51,8.5
Andhra Pradesh,GUNTUR,2004,Kharif,Moong(Green Gram),8480,3053,0.360023585
Andhra Pradesh,GUNTUR,2004,Kharif,Onion,845,14336,16.96568047
Andhra Pradesh,GUNTUR,2004,Kharif,Rice,240404,833961,3.46899802
Andhra Pradesh,GUNTUR,2004,Kharif,Sesamum,8839,3323,0.375947505
Andhra Pradesh,GUNTUR,2004,Kharif,Soyabean,1066,651,0.610694184
Andhra Pradesh,GUNTUR,2004,Kharif,Sunflower,260,167,0.642307692
Andhra Pradesh,GUNTUR,2004,Kharif,Urad,1039,501,0.482194418
Andhra Pradesh,GUNTUR,2004,Rabi,Arhar/Tur,559,537,0.960644007
Andhra Pradesh,GUNTUR,2004,Rabi,Bajra,10,3,0.3
Andhra Pradesh,GUNTUR,2004,Rabi,Dry chillies,271,699,2.579335793
Andhra Pradesh,GUNTUR,2004,Rabi,Gram,3719,5679,1.527023393
Andhra Pradesh,GUNTUR,2004,Rabi,Groundnut,4585,11582,2.52606325
Andhra Pradesh,GUNTUR,2004,Rabi,Jowar,1515,8043,5.308910891
Andhra Pradesh,GUNTUR,2004,Rabi,Maize,32788,279714,8.530986946
Andhra Pradesh,GUNTUR,2004,Rabi,Moong(Green Gram),7823,2801,0.358046785
Andhra Pradesh,GUNTUR,2004,Rabi,Onion,394,5344,13.56345178
Andhra Pradesh,GUNTUR,2004,Rabi,Ragi,11,18,1.636363636
Andhra Pradesh,GUNTUR,2004,Rabi,Rapeseed &Mustard,1356,92,0.067846608
Andhra Pradesh,GUNTUR,2004,Rabi,Rice,21247,70922,3.337977126
Andhra Pradesh,GUNTUR,2004,Rabi,Sesamum,805,190,0.236024845
Andhra Pradesh,GUNTUR,2004,Rabi,Small millets,5,3,0.6
Andhra Pradesh,GUNTUR,2004,Rabi,Sunflower,59,53,0.898305085
Andhra Pradesh,GUNTUR,2004,Rabi,Urad,67026,45041,0.671992958
Andhra Pradesh,GUNTUR,2004,Whole Year,Banana,6340,180798,28.5170347
Andhra Pradesh,GUNTUR,2004,Whole Year,Cashewnut,159,34,0.213836478
Andhra Pradesh,GUNTUR,2004,Whole Year,Coconut,215,2528312,11759.5907
Andhra Pradesh,GUNTUR,2004,Whole Year,Coriander,16,10,0.625
Andhra Pradesh,GUNTUR,2004,Whole Year,Sugarcane,1972,150690,76.4148073
Andhra Pradesh,GUNTUR,2004,Whole Year,Sweet potato,48,439,9.145833333
Andhra Pradesh,GUNTUR,2004,Whole Year,Tapioca,5,36,7.2
Andhra Pradesh,GUNTUR,2004,Whole Year,Tobacco,3872,7020,1.813016529
Andhra Pradesh,GUNTUR,2004,Whole Year,Turmeric,4846,34184,7.054065208
Andhra Pradesh,GUNTUR,2005,Kharif,Arhar/Tur,35956,31461,0.874986094
Andhra Pradesh,GUNTUR,2005,Kharif,Bajra,796,464,0.582914573
Andhra Pradesh,GUNTUR,2005,Kharif,Castor seed,6886,3759,0.545890212
Andhra Pradesh,GUNTUR,2005,Kharif,Cotton(lint),152978,462533,3.023526259
Andhra Pradesh,GUNTUR,2005,Kharif,Dry chillies,41126,193539,4.70600107
Andhra Pradesh,GUNTUR,2005,Kharif,Groundnut,235,263,1.119148936
Andhra Pradesh,GUNTUR,2005,Kharif,Jowar,202,112,0.554455446
Andhra Pradesh,GUNTUR,2005,Kharif,Maize,1617,5786,3.578231293
Andhra Pradesh,GUNTUR,2005,Kharif,Moong(Green Gram),3852,1938,0.503115265
Andhra Pradesh,GUNTUR,2005,Kharif,Onion,1327,24880,18.74905803
Andhra Pradesh,GUNTUR,2005,Kharif,Rice,288879,892636,3.089999619
Andhra Pradesh,GUNTUR,2005,Kharif,Sesamum,4263,499,0.117053718
Andhra Pradesh,GUNTUR,2005,Kharif,Soyabean,1533,845,0.551206784
Andhra Pradesh,GUNTUR,2005,Kharif,Urad,1243,428,0.344328238
Andhra Pradesh,GUNTUR,2005,Rabi,Dry chillies,327,712,2.177370031
Andhra Pradesh,GUNTUR,2005,Rabi,Gram,6350,9970,1.57007874
Andhra Pradesh,GUNTUR,2005,Rabi,Groundnut,4834,16262,3.364087712
Andhra Pradesh,GUNTUR,2005,Rabi,Jowar,2449,12806,5.229073091
Andhra Pradesh,GUNTUR,2005,Rabi,Maize,22565,237023,10.50401064
Andhra Pradesh,GUNTUR,2005,Rabi,Moong(Green Gram),1913,1234,0.645060115
Andhra Pradesh,GUNTUR,2005,Rabi,Onion,372,5986,16.09139785
Andhra Pradesh,GUNTUR,2005,Rabi,Ragi,40,75,1.875
Andhra Pradesh,GUNTUR,2005,Rabi,Rapeseed &Mustard,1083,73,0.067405355
Andhra Pradesh,GUNTUR,2005,Rabi,Rice,31434,111559,3.548991538
Andhra Pradesh,GUNTUR,2005,Rabi,Sesamum,363,83,0.228650138
Andhra Pradesh,GUNTUR,2005,Rabi,Urad,100125,78298,0.782002497
Andhra Pradesh,GUNTUR,2005,Whole Year,Banana,6263,164925,26.33322689
Andhra Pradesh,GUNTUR,2005,Whole Year,Cashewnut,159,42,0.264150943
Andhra Pradesh,GUNTUR,2005,Whole Year,Coconut,222,1941072,8743.567568
Andhra Pradesh,GUNTUR,2005,Whole Year,Sugarcane,1953,138788,71.0640041
Andhra Pradesh,GUNTUR,2005,Whole Year,Sunflower,332,377,1.135542169
Andhra Pradesh,GUNTUR,2005,Whole Year,Sweet potato,60,582,9.7
Andhra Pradesh,GUNTUR,2005,Whole Year,Tobacco,3110,5759,1.851768489
Andhra Pradesh,GUNTUR,2005,Whole Year,Turmeric,5219,34127,6.538992144
Andhra Pradesh,GUNTUR,2006,Kharif,Arhar/Tur,27430,20188,0.735982501
Andhra Pradesh,GUNTUR,2006,Kharif,Castor seed,1709,680,0.397893505
Andhra Pradesh,GUNTUR,2006,Kharif,Cotton(lint),132550,468603,3.535292343
Andhra Pradesh,GUNTUR,2006,Kharif,Dry chillies,58871,285819,4.855005011
Andhra Pradesh,GUNTUR,2006,Kharif,Groundnut,178,173,0.971910112
Andhra Pradesh,GUNTUR,2006,Kharif,Maize,1132,3104,2.74204947
Andhra Pradesh,GUNTUR,2006,Kharif,Moong(Green Gram),597,187,0.313232831
Andhra Pradesh,GUNTUR,2006,Kharif,Onion,598,10027,16.76755853
Andhra Pradesh,GUNTUR,2006,Kharif,Rice,288638,783941,2.716000665
Andhra Pradesh,GUNTUR,2006,Kharif,Sesamum,2037,568,0.278841433
Andhra Pradesh,GUNTUR,2006,Kharif,Soyabean,221,225,1.018099548
Andhra Pradesh,GUNTUR,2006,Kharif,Urad,1104,531,0.480978261
Andhra Pradesh,GUNTUR,2006,Rabi,Arhar/Tur,331,244,0.737160121
Andhra Pradesh,GUNTUR,2006,Rabi,Bajra,40,38,0.95
Andhra Pradesh,GUNTUR,2006,Rabi,Dry chillies,1045,3121,2.986602871
Andhra Pradesh,GUNTUR,2006,Rabi,Gram,11684,18099,1.549041424
Andhra Pradesh,GUNTUR,2006,Rabi,Groundnut,3690,8310,2.25203252
Andhra Pradesh,GUNTUR,2006,Rabi,Jowar,723,4168,5.764868603
Andhra Pradesh,GUNTUR,2006,Rabi,Maize,34010,280276,8.240987945
Andhra Pradesh,GUNTUR,2006,Rabi,Moong(Green Gram),1451,991,0.682977257
Andhra Pradesh,GUNTUR,2006,Rabi,Onion,566,7493,13.2385159
Andhra Pradesh,GUNTUR,2006,Rabi,Rapeseed &Mustard,743,46,0.061911171
Andhra Pradesh,GUNTUR,2006,Rabi,Rice,28933,100947,3.488991809
Andhra Pradesh,GUNTUR,2006,Rabi,Sesamum,83,16,0.192771084
Andhra Pradesh,GUNTUR,2006,Rabi,Urad,118159,111424,0.943000533
Andhra Pradesh,GUNTUR,2006,Whole Year,Banana,5653,173479,30.6879533
Andhra Pradesh,GUNTUR,2006,Whole Year,Cashewnut,159,42,0.264150943
Andhra Pradesh,GUNTUR,2006,Whole Year,Coconut,213,2747097,12897.16901
Andhra Pradesh,GUNTUR,2006,Whole Year,Sugarcane,1721,135923,78.97908193
Andhra Pradesh,GUNTUR,2006,Whole Year,Sunflower,47,38,0.808510638
Andhra Pradesh,GUNTUR,2006,Whole Year,Sweet potato,11,118,10.72727273
Andhra Pradesh,GUNTUR,2006,Whole Year,Tobacco,2541,5377,2.116096025
Andhra Pradesh,GUNTUR,2006,Whole Year,Turmeric,5359,32047,5.980033588
Andhra Pradesh,GUNTUR,2007,Kharif,Arhar/Tur,21000,19000,0.904761905
Andhra Pradesh,GUNTUR,2007,Kharif,Castor seed,2000,1000,0.5
Andhra Pradesh,GUNTUR,2007,Kharif,Cotton(lint),150000,689000,4.593333333
Andhra Pradesh,GUNTUR,2007,Kharif,Dry chillies,63000,312000,4.952380952
Andhra Pradesh,GUNTUR,2007,Kharif,Maize,1000,3000,3
Andhra Pradesh,GUNTUR,2007,Kharif,Moong(Green Gram),3000,1000,0.333333333
Andhra Pradesh,GUNTUR,2007,Kharif,Onion,1000,18000,18
Andhra Pradesh,GUNTUR,2007,Kharif,Rice,283000,976000,3.448763251
Andhra Pradesh,GUNTUR,2007,Kharif,Sesamum,2000,1000,0.5
Andhra Pradesh,GUNTUR,2007,Kharif,Urad,1000,1000,1
Andhra Pradesh,GUNTUR,2007,Rabi,Dry chillies,1000,3000,3
Andhra Pradesh,GUNTUR,2007,Rabi,Gram,15000,25000,1.666666667
Andhra Pradesh,GUNTUR,2007,Rabi,Groundnut,7000,9000,1.285714286
Andhra Pradesh,GUNTUR,2007,Rabi,Jowar,3000,15000,5
Andhra Pradesh,GUNTUR,2007,Rabi,Maize,58000,517000,8.913793103
Andhra Pradesh,GUNTUR,2007,Rabi,Moong(Green Gram),2000,1000,0.5
Andhra Pradesh,GUNTUR,2007,Rabi,Rice,24000,85000,3.541666667
Andhra Pradesh,GUNTUR,2007,Rabi,Urad,107000,31000,0.289719626
Andhra Pradesh,GUNTUR,2007,Whole Year,Sugarcane,2000,117000,58.5
Andhra Pradesh,GUNTUR,2007,Whole Year,Tobacco,2000,5000,2.5
Andhra Pradesh,GUNTUR,2008,Kharif,Arhar/Tur,18935,21832,1.152997095
Andhra Pradesh,GUNTUR,2008,Kharif,Castor seed,2106,1497,0.710826211
Andhra Pradesh,GUNTUR,2008,Kharif,Cotton(lint),166289,643636,3.87058675
Andhra Pradesh,GUNTUR,2008,Kharif,Dry chillies,61236,305935,4.995999086
Andhra Pradesh,GUNTUR,2008,Kharif,Groundnut,292,350,1.198630137
Andhra Pradesh,GUNTUR,2008,Kharif,Maize,784,2522,3.216836735
Andhra Pradesh,GUNTUR,2008,Kharif,Mesta,12,95,7.916666667
Andhra Pradesh,GUNTUR,2008,Kharif,Moong(Green Gram),183,55,0.300546448
Andhra Pradesh,GUNTUR,2008,Kharif,Onion,639,10738,16.80438185
Andhra Pradesh,GUNTUR,2008,Kharif,Rice,281491,959321,3.407998835
Andhra Pradesh,GUNTUR,2008,Kharif,Sesamum,501,180,0.359281437
Andhra Pradesh,GUNTUR,2008,Kharif,Urad,222,71,0.31981982
Andhra Pradesh,GUNTUR,2008,Rabi,Arhar/Tur,132,152,1.151515152
Andhra Pradesh,GUNTUR,2008,Rabi,Dry chillies,2392,8444,3.530100334
Andhra Pradesh,GUNTUR,2008,Rabi,Gram,12603,26025,2.064984527
Andhra Pradesh,GUNTUR,2008,Rabi,Groundnut,4950,12251,2.474949495
Andhra Pradesh,GUNTUR,2008,Rabi,Jowar,5108,35633,6.975920125
Andhra Pradesh,GUNTUR,2008,Rabi,Maize,95547,950884,9.952002679
Andhra Pradesh,GUNTUR,2008,Rabi,Moong(Green Gram),3925,2390,0.608917197
Andhra Pradesh,GUNTUR,2008,Rabi,Onion,84,1682,20.02380952
Andhra Pradesh,GUNTUR,2008,Rabi,Rapeseed &Mustard,707,16,0.022630835
Andhra Pradesh,GUNTUR,2008,Rabi,Rice,51358,187662,3.65399743
Andhra Pradesh,GUNTUR,2008,Rabi,Sesamum,35,6,0.171428571
Andhra Pradesh,GUNTUR,2008,Rabi,Urad,40024,22373,0.558989606
Andhra Pradesh,GUNTUR,2008,Whole Year,Banana,5519,174969,31.70302591
Andhra Pradesh,GUNTUR,2008,Whole Year,Cashewnut,156,45,0.288461538
Andhra Pradesh,GUNTUR,2008,Whole Year,Coconut,157,1435126,9140.929936
Andhra Pradesh,GUNTUR,2008,Whole Year,Sugarcane,762,57402,75.33070866
Andhra Pradesh,GUNTUR,2008,Whole Year,Sunflower,100,101,1.01
Andhra Pradesh,GUNTUR,2008,Whole Year,Sweet potato,21,286,13.61904762
Andhra Pradesh,GUNTUR,2008,Whole Year,Tobacco,6246,15890,2.544028178
Andhra Pradesh,GUNTUR,2008,Whole Year,Turmeric,4394,30354,6.908056441
Andhra Pradesh,GUNTUR,2009,Kharif,Arhar/Tur,31140,28680,0.921001927
Andhra Pradesh,GUNTUR,2009,Kharif,Bajra,315,557,1.768253968
Andhra Pradesh,GUNTUR,2009,Kharif,Castor seed,762,895,1.174540682
Andhra Pradesh,GUNTUR,2009,Kharif,Cotton(lint),151490,524868,3.464703941
Andhra Pradesh,GUNTUR,2009,Kharif,Dry chillies,61837,341340,5.519996119
Andhra Pradesh,GUNTUR,2009,Kharif,Groundnut,256,284,1.109375
Andhra Pradesh,GUNTUR,2009,Kharif,Jowar,180,212,1.177777778
Andhra Pradesh,GUNTUR,2009,Kharif,Maize,530,1912,3.60754717
Andhra Pradesh,GUNTUR,2009,Kharif,Moong(Green Gram),1135,20,0.017621145
Andhra Pradesh,GUNTUR,2009,Kharif,Onion,723,11708,16.19363762
Andhra Pradesh,GUNTUR,2009,Kharif,Rice,190526,683226,3.585998761
Andhra Pradesh,GUNTUR,2009,Kharif,Sesamum,1951,1077,0.552024603
Andhra Pradesh,GUNTUR,2009,Kharif,Urad,342,320,0.935672515
Andhra Pradesh,GUNTUR,2009,Rabi,Arhar/Tur,2552,2350,0.920846395
Andhra Pradesh,GUNTUR,2009,Rabi,Dry chillies,5101,20067,3.933934523
Andhra Pradesh,GUNTUR,2009,Rabi,Gram,9439,12280,1.300985274
Andhra Pradesh,GUNTUR,2009,Rabi,Groundnut,3588,9914,2.76309922
Andhra Pradesh,GUNTUR,2009,Rabi,Horse-gram,78,49,0.628205128
Andhra Pradesh,GUNTUR,2009,Rabi,Jowar,3449,20422,5.921136561
Andhra Pradesh,GUNTUR,2009,Rabi,Maize,68798,529745,7.700005814
Andhra Pradesh,GUNTUR,2009,Rabi,Moong(Green Gram),3683,2567,0.696986153
Andhra Pradesh,GUNTUR,2009,Rabi,Onion,40,1068,26.7
Andhra Pradesh,GUNTUR,2009,Rabi,Rapeseed &Mustard,595,15,0.025210084
Andhra Pradesh,GUNTUR,2009,Rabi,Rice,112342,383423,3.41299781
Andhra Pradesh,GUNTUR,2009,Rabi,Sesamum,15,3,0.2
Andhra Pradesh,GUNTUR,2009,Rabi,Small millets,84,79,0.94047619
Andhra Pradesh,GUNTUR,2009,Rabi,Urad,62373,35989,0.576996457
Andhra Pradesh,GUNTUR,2009,Whole Year,Banana,5177,122452,23.65308093
Andhra Pradesh,GUNTUR,2009,Whole Year,Cashewnut,166,49,0.295180723
Andhra Pradesh,GUNTUR,2009,Whole Year,Coconut,136,1539810,11322.13235
Andhra Pradesh,GUNTUR,2009,Whole Year,Coriander,22,23,1.045454545
Andhra Pradesh,GUNTUR,2009,Whole Year,Sugarcane,409,41203,100.7408313
Andhra Pradesh,GUNTUR,2009,Whole Year,Sunflower,50,49,0.98
Andhra Pradesh,GUNTUR,2009,Whole Year,Sweet potato,15,193,12.86666667
Andhra Pradesh,GUNTUR,2009,Whole Year,Tobacco,9223,21059,2.283313455
Andhra Pradesh,GUNTUR,2009,Whole Year,Turmeric,4704,24301,5.166028912
Andhra Pradesh,GUNTUR,2010,Kharif,Arhar/Tur,24084,27239,1.130999834
Andhra Pradesh,GUNTUR,2010,Kharif,Bajra,1065,1984,1.862910798
Andhra Pradesh,GUNTUR,2010,Kharif,Castor seed,1780,603,0.338764045
Andhra Pradesh,GUNTUR,2010,Kharif,Cotton(lint),170158,402203,2.363703146
Andhra Pradesh,GUNTUR,2010,Kharif,Dry chillies,61394,205424,3.345994723
Andhra Pradesh,GUNTUR,2010,Kharif,Groundnut,357,442,1.238095238
Andhra Pradesh,GUNTUR,2010,Kharif,Jowar,61,88,1.442622951
Andhra Pradesh,GUNTUR,2010,Kharif,Maize,269,802,2.981412639
Andhra Pradesh,GUNTUR,2010,Kharif,Mesta,52,465,8.942307692
Andhra Pradesh,GUNTUR,2010,Kharif,Moong(Green Gram),14346,2166,0.150982852
Andhra Pradesh,GUNTUR,2010,Kharif,Onion,619,12293,19.85945073
Andhra Pradesh,GUNTUR,2010,Kharif,Rice,271072,649760,2.397001535
Andhra Pradesh,GUNTUR,2010,Kharif,Sesamum,6130,736,0.120065253
Andhra Pradesh,GUNTUR,2010,Kharif,Soyabean,6,12,2
Andhra Pradesh,GUNTUR,2010,Kharif,Urad,277,14,0.050541516
Andhra Pradesh,GUNTUR,2010,Rabi,Arhar/Tur,885,1001,1.131073446
Andhra Pradesh,GUNTUR,2010,Rabi,Bajra,118,220,1.86440678
Andhra Pradesh,GUNTUR,2010,Rabi,Dry chillies,3314,13677,4.127036814
Andhra Pradesh,GUNTUR,2010,Rabi,Gram,9334,16521,1.769980716
Andhra Pradesh,GUNTUR,2010,Rabi,Groundnut,4389,13092,2.982911825
Andhra Pradesh,GUNTUR,2010,Rabi,Jowar,3940,23995,6.090101523
Andhra Pradesh,GUNTUR,2010,Rabi,Linseed,137,32,0.233576642
Andhra Pradesh,GUNTUR,2010,Rabi,Maize,80083,904377,11.29299602
Andhra Pradesh,GUNTUR,2010,Rabi,Moong(Green Gram),7365,2975,0.403937542
Andhra Pradesh,GUNTUR,2010,Rabi,Onion,268,1323,4.936567164
Andhra Pradesh,GUNTUR,2010,Rabi,Rapeseed &Mustard,761,1845,2.424441524
Andhra Pradesh,GUNTUR,2010,Rabi,Rice,58393,201806,3.455996438
Andhra Pradesh,GUNTUR,2010,Rabi,Sesamum,621,142,0.228663446
Andhra Pradesh,GUNTUR,2010,Rabi,Urad,69752,38922,0.558005505
Andhra Pradesh,GUNTUR,2010,Rabi,Wheat,43,56,1.302325581
Andhra Pradesh,GUNTUR,2010,Whole Year,Banana,5045,151597,30.04895937
Andhra Pradesh,GUNTUR,2010,Whole Year,Cashewnut,162,39,0.240740741
Andhra Pradesh,GUNTUR,2010,Whole Year,Coriander,25,17,0.68
Andhra Pradesh,GUNTUR,2010,Whole Year,Sugarcane,908,77430,85.2753304
Andhra Pradesh,GUNTUR,2010,Whole Year,Sunflower,24,30,1.25
Andhra Pradesh,GUNTUR,2010,Whole Year,Sweet potato,14,179,12.78571429
Andhra Pradesh,GUNTUR,2010,Whole Year,Tobacco,4116,10729,2.606656948
Andhra Pradesh,GUNTUR,2010,Whole Year,Turmeric,5413,35027,6.470903381
Andhra Pradesh,GUNTUR,2011,Kharif,Arhar/Tur,16678,16745,1.004017268
Andhra Pradesh,GUNTUR,2011,Kharif,Bajra,12,21,1.75
Andhra Pradesh,GUNTUR,2011,Kharif,Castor seed,1789,2596,1.451089994
Andhra Pradesh,GUNTUR,2011,Kharif,Cotton(lint),162714,346485,2.129411114
Andhra Pradesh,GUNTUR,2011,Kharif,Dry chillies,74418,319402,4.291999247
Andhra Pradesh,GUNTUR,2011,Kharif,Groundnut,341,477,1.398826979
Andhra Pradesh,GUNTUR,2011,Kharif,Maize,792,2922,3.689393939
Andhra Pradesh,GUNTUR,2011,Kharif,Moong(Green Gram),919,35,0.038084875
Andhra Pradesh,GUNTUR,2011,Kharif,Onion,959,13821,14.41188738
Andhra Pradesh,GUNTUR,2011,Kharif,other oilseeds,7,149,21.28571429
Andhra Pradesh,GUNTUR,2011,Kharif,Rice,281790,1080921,3.83590972
Andhra Pradesh,GUNTUR,2011,Kharif,Sesamum,2532,1152,0.454976303
Andhra Pradesh,GUNTUR,2011,Kharif,Soyabean,5,8,1.6
Andhra Pradesh,GUNTUR,2011,Kharif,Urad,172,189,1.098837209
Andhra Pradesh,GUNTUR,2011,Rabi,Arhar/Tur,401,403,1.004987531
Andhra Pradesh,GUNTUR,2011,Rabi,Dry chillies,1706,7431,4.355803048
Andhra Pradesh,GUNTUR,2011,Rabi,Gram,11693,23854,2.040023946
Andhra Pradesh,GUNTUR,2011,Rabi,Groundnut,4750,13775,2.9
Andhra Pradesh,GUNTUR,2011,Rabi,Jowar,21061,125945,5.980010446
Andhra Pradesh,GUNTUR,2011,Rabi,Maize,70965,627331,8.840005637
Andhra Pradesh,GUNTUR,2011,Rabi,Moong(Green Gram),17266,15298,0.886018765
Andhra Pradesh,GUNTUR,2011,Rabi,other oilseeds,5,8,1.6
Andhra Pradesh,GUNTUR,2011,Rabi,Ragi,114,173,1.51754386
Andhra Pradesh,GUNTUR,2011,Rabi,Rapeseed &Mustard,666,1572,2.36036036
Andhra Pradesh,GUNTUR,2011,Rabi,Rice,11012,39060,3.547039593
Andhra Pradesh,GUNTUR,2011,Rabi,Sesamum,1312,283,0.21570122
Andhra Pradesh,GUNTUR,2011,Rabi,Urad,55286,60759,1.09899432
Andhra Pradesh,GUNTUR,2011,Whole Year,Banana,5595,216308,38.66094727
Andhra Pradesh,GUNTUR,2011,Whole Year,Cashewnut,162,42,0.259259259
Andhra Pradesh,GUNTUR,2011,Whole Year,Coconut,125,1757728,14061.824
Andhra Pradesh,GUNTUR,2011,Whole Year,Sugarcane,967,100572,104.0041365
Andhra Pradesh,GUNTUR,2011,Whole Year,Sunflower,1,1,1
Andhra Pradesh,GUNTUR,2011,Whole Year,Sweet potato,21,270,12.85714286
Andhra Pradesh,GUNTUR,2011,Whole Year,Tobacco,4487,14803,3.299086249
Andhra Pradesh,GUNTUR,2011,Whole Year,Turmeric,5593,43737,7.819953513
Andhra Pradesh,GUNTUR,2012,Kharif,Arhar/Tur,13555,18787,1.385983032
Andhra Pradesh,GUNTUR,2012,Kharif,Bajra,1882,3668,1.948990436
Andhra Pradesh,GUNTUR,2012,Kharif,Brinjal,621,6424,10.34460548
Andhra Pradesh,GUNTUR,2012,Kharif,Cabbage,47,1238,26.34042553
Andhra Pradesh,GUNTUR,2012,Kharif,Cashewnut,154,42,0.272727273
Andhra Pradesh,GUNTUR,2012,Kharif,Castor seed,1728,2825,1.634837963
Andhra Pradesh,GUNTUR,2012,Kharif,Cotton(lint),187397,708802,3.782355107
Andhra Pradesh,GUNTUR,2012,Kharif,Dry chillies,58609,255418,4.357999625
Andhra Pradesh,GUNTUR,2012,Kharif,Groundnut,434,714,1.64516129
Andhra Pradesh,GUNTUR,2012,Kharif,Jowar,295,782,2.650847458
Andhra Pradesh,GUNTUR,2012,Kharif,Lemon,1910,35068,18.36020942
Andhra Pradesh,GUNTUR,2012,Kharif,Maize,1103,4319,3.915684497
Andhra Pradesh,GUNTUR,2012,Kharif,Mango,703,5422,7.712660028
Andhra Pradesh,GUNTUR,2012,Kharif,Moong(Green Gram),2980,1299,0.43590604
Andhra Pradesh,GUNTUR,2012,Kharif,Onion,679,12963,19.09131075
Andhra Pradesh,GUNTUR,2012,Kharif,Papaya,322,35076,108.931677
Andhra Pradesh,GUNTUR,2012,Kharif,Rice,174699,607778,3.479001025
Andhra Pradesh,GUNTUR,2012,Kharif,Sapota,1471,12933,8.791978246
Andhra Pradesh,GUNTUR,2012,Kharif,Sesamum,1945,521,0.267866324
Andhra Pradesh,GUNTUR,2012,Kharif,Soyabean,168,305,1.81547619
Andhra Pradesh,GUNTUR,2012,Kharif,Sugarcane,573,53792,93.87783595
Andhra Pradesh,GUNTUR,2012,Kharif,Tobacco,1378,4775,3.465166909
Andhra Pradesh,GUNTUR,2012,Kharif,Tomato,783,27537,35.16858238
Andhra Pradesh,GUNTUR,2012,Kharif,Turmeric,5013,32695,6.522042689
Andhra Pradesh,GUNTUR,2012,Kharif,Urad,761,688,0.904073587
Andhra Pradesh,GUNTUR,2012,Rabi,Arhar/Tur,1112,1541,1.385791367
Andhra Pradesh,GUNTUR,2012,Rabi,Bajra,24,47,1.958333333
Andhra Pradesh,GUNTUR,2012,Rabi,Brinjal,468,4841,10.34401709
Andhra Pradesh,GUNTUR,2012,Rabi,Cabbage,28,737,26.32142857
Andhra Pradesh,GUNTUR,2012,Rabi,Castor seed,1235,2019,1.634817814
Andhra Pradesh,GUNTUR,2012,Rabi,Coriander,1,1,1
Andhra Pradesh,GUNTUR,2012,Rabi,Cowpea(Lobia),14,13,0.928571429
Andhra Pradesh,GUNTUR,2012,Rabi,Dry chillies,3267,13035,3.98989899
Andhra Pradesh,GUNTUR,2012,Rabi,Gram,22669,42708,1.883982531
Andhra Pradesh,GUNTUR,2012,Rabi,Groundnut,6774,13480,1.989961618
Andhra Pradesh,GUNTUR,2012,Rabi,Jowar,27515,149544,5.434999091
Andhra Pradesh,GUNTUR,2012,Rabi,Maize,82043,662579,8.075996733
Andhra Pradesh,GUNTUR,2012,Rabi,Moong(Green Gram),18347,24750,1.348994386
Andhra Pradesh,GUNTUR,2012,Rabi,Onion,11,101,9.181818182
Andhra Pradesh,GUNTUR,2012,Rabi,Ragi,162,231,1.425925926
Andhra Pradesh,GUNTUR,2012,Rabi,Rapeseed &Mustard,486,231,0.475308642
Andhra Pradesh,GUNTUR,2012,Rabi,Rice,8362,29903,3.576058359
Andhra Pradesh,GUNTUR,2012,Rabi,Sesamum,1863,490,0.26301664
Andhra Pradesh,GUNTUR,2012,Rabi,Sunflower,299,289,0.966555184
Andhra Pradesh,GUNTUR,2012,Rabi,Sweet potato,9,87,9.666666667
Andhra Pradesh,GUNTUR,2012,Rabi,Tobacco,4598,14961,3.253806003
Andhra Pradesh,GUNTUR,2012,Rabi,Tomato,788,7674,9.73857868
Andhra Pradesh,GUNTUR,2012,Rabi,Urad,49775,53300,1.070818684
Andhra Pradesh,GUNTUR,2012,Whole Year,Coconut,118,2016000,17084.74576
Andhra Pradesh,GUNTUR,2013,Kharif,Arhar/Tur,13579,17096,1.259002872
Andhra Pradesh,GUNTUR,2013,Kharif,Bajra,3323,5812,1.749021968
Andhra Pradesh,GUNTUR,2013,Kharif,Brinjal,613,3954,6.450244698
Andhra Pradesh,GUNTUR,2013,Kharif,Cabbage,45,845,18.77777778
Andhra Pradesh,GUNTUR,2013,Kharif,Cashewnut,154,49,0.318181818
Andhra Pradesh,GUNTUR,2013,Kharif,Castor seed,869,1223,1.407364787
Andhra Pradesh,GUNTUR,2013,Kharif,Cotton(lint),193207,752371,3.894118743
Andhra Pradesh,GUNTUR,2013,Kharif,Cowpea(Lobia),126,61,0.484126984
Andhra Pradesh,GUNTUR,2013,Kharif,Dry chillies,63406,325717,5.137005962
Andhra Pradesh,GUNTUR,2013,Kharif,Groundnut,510,955,1.87254902
Andhra Pradesh,GUNTUR,2013,Kharif,Jowar,205,358,1.746341463
Andhra Pradesh,GUNTUR,2013,Kharif,Lemon,1978,36743,18.57583418
Andhra Pradesh,GUNTUR,2013,Kharif,Maize,1530,4850,3.169934641
Andhra Pradesh,GUNTUR,2013,Kharif,Mango,710,5304,7.470422535
Andhra Pradesh,GUNTUR,2013,Kharif,Moong(Green Gram),4273,1577,0.369061549
Andhra Pradesh,GUNTUR,2013,Kharif,Onion,630,11864,18.83174603
Andhra Pradesh,GUNTUR,2013,Kharif,other oilseeds,1315,2087,1.587072243
Andhra Pradesh,GUNTUR,2013,Kharif,Papaya,300,29369,97.89666667
Andhra Pradesh,GUNTUR,2013,Kharif,Ragi,6,5,0.833333333
Andhra Pradesh,GUNTUR,2013,Kharif,Rice,280060,912716,3.259001643
Andhra Pradesh,GUNTUR,2013,Kharif,Sapota,1431,11833,8.269042628
Andhra Pradesh,GUNTUR,2013,Kharif,Sesamum,5672,4441,0.78296897
Andhra Pradesh,GUNTUR,2013,Kharif,Small millets,4,5,1.25
Andhra Pradesh,GUNTUR,2013,Kharif,Soyabean,433,697,1.609699769
Andhra Pradesh,GUNTUR,2013,Kharif,Sugarcane,420,43200,102.8571429
Andhra Pradesh,GUNTUR,2013,Kharif,Tomato,688,18292,26.5872093
Andhra Pradesh,GUNTUR,2013,Kharif,Turmeric,5276,36858,6.985974223
Andhra Pradesh,GUNTUR,2013,Kharif,Urad,223,150,0.67264574
Andhra Pradesh,GUNTUR,2013,Rabi,Arhar/Tur,292,368,1.260273973
Andhra Pradesh,GUNTUR,2013,Rabi,Brinjal,484,3122,6.450413223
Andhra Pradesh,GUNTUR,2013,Rabi,Cabbage,32,601,18.78125
Andhra Pradesh,GUNTUR,2013,Rabi,Castor seed,64,90,1.40625
Andhra Pradesh,GUNTUR,2013,Rabi,Dry chillies,1407,6592,4.6851457
Andhra Pradesh,GUNTUR,2013,Rabi,Gram,9507,21676,2.280004207
Andhra Pradesh,GUNTUR,2013,Rabi,Groundnut,4689,16791,3.580934101
Andhra Pradesh,GUNTUR,2013,Rabi,Jowar,13556,82027,6.050973739
Andhra Pradesh,GUNTUR,2013,Rabi,Maize,85535,643394,7.521996843
Andhra Pradesh,GUNTUR,2013,Rabi,Moong(Green Gram),25828,24795,0.960004646
Andhra Pradesh,GUNTUR,2013,Rabi,Onion,19,352,18.52631579
Andhra Pradesh,GUNTUR,2013,Rabi,Ragi,320,460,1.4375
Andhra Pradesh,GUNTUR,2013,Rabi,Rapeseed &Mustard,207,138,0.666666667
Andhra Pradesh,GUNTUR,2013,Rabi,Rice,48107,183288,3.81000686
Andhra Pradesh,GUNTUR,2013,Rabi,Sesamum,1132,238,0.21024735
Andhra Pradesh,GUNTUR,2013,Rabi,Soyabean,54,87,1.611111111
Andhra Pradesh,GUNTUR,2013,Rabi,Sunflower,16,18,1.125
Andhra Pradesh,GUNTUR,2013,Rabi,Tobacco,6435,21523,3.344677545
Andhra Pradesh,GUNTUR,2013,Rabi,Tomato,682,7710,11.30498534
Andhra Pradesh,GUNTUR,2013,Rabi,Urad,36768,40077,1.089996736
Andhra Pradesh,GUNTUR,2013,Whole Year,Banana,5574,211734,37.98600646
Andhra Pradesh,GUNTUR,2013,Whole Year,Cashewnut,154,49,0.318181818
Andhra Pradesh,GUNTUR,2013,Whole Year,Castor seed,933,1313,1.407288317
Andhra Pradesh,GUNTUR,2013,Whole Year,Coconut,111,1840000,16576.57658
Andhra Pradesh,GUNTUR,2013,Whole Year,Sannhamp,2594,,
Andhra Pradesh,GUNTUR,2014,Kharif,Arhar/Tur,8861,13805,1.55795057
Andhra Pradesh,GUNTUR,2014,Kharif,Bajra,689,758,1.100145138
Andhra Pradesh,GUNTUR,2014,Kharif,Brinjal,448,10512,23.46428571
Andhra Pradesh,GUNTUR,2014,Kharif,Cabbage,48,592,12.33333333
Andhra Pradesh,GUNTUR,2014,Kharif,Cashewnut,152,53,0.348684211
Andhra Pradesh,GUNTUR,2014,Kharif,Castor seed,723,1035,1.43153527
Andhra Pradesh,GUNTUR,2014,Kharif,Cotton(lint),206374,1075856,5.213137314
Andhra Pradesh,GUNTUR,2014,Kharif,Cowpea(Lobia),8,3,0.375
Andhra Pradesh,GUNTUR,2014,Kharif,Dry chillies,61140,398021,6.509993458
Andhra Pradesh,GUNTUR,2014,Kharif,Groundnut,804,1298,1.614427861
Andhra Pradesh,GUNTUR,2014,Kharif,Jowar,32,48,1.5
Andhra Pradesh,GUNTUR,2014,Kharif,Lemon,2147,37512,17.47182115
Andhra Pradesh,GUNTUR,2014,Kharif,Maize,367,1215,3.310626703
Andhra Pradesh,GUNTUR,2014,Kharif,Mango,789,6592,8.354879594
Andhra Pradesh,GUNTUR,2014,Kharif,Moong(Green Gram),177,52,0.293785311
Andhra Pradesh,GUNTUR,2014,Kharif,Onion,408,7491,18.36029412
Andhra Pradesh,GUNTUR,2014,Kharif,other oilseeds,7,150,21.42857143
Andhra Pradesh,GUNTUR,2014,Kharif,Papaya,176,13856,78.72727273
Andhra Pradesh,GUNTUR,2014,Kharif,Rice,255607,1000190,3.912999253
Andhra Pradesh,GUNTUR,2014,Kharif,Sapota,1386,10826,7.810966811
Andhra Pradesh,GUNTUR,2014,Kharif,Sesamum,1483,449,0.302764666
Andhra Pradesh,GUNTUR,2014,Kharif,Soyabean,439,1277,2.908883827
Andhra Pradesh,GUNTUR,2014,Kharif,Sugarcane,470,46102,98.0893617
Andhra Pradesh,GUNTUR,2014,Kharif,Tomato,462,6642,14.37662338
Andhra Pradesh,GUNTUR,2014,Kharif,Turmeric,4854,38817,7.996909765
Andhra Pradesh,GUNTUR,2014,Kharif,Urad,1057,1517,1.435193945
Andhra Pradesh,GUNTUR,2014,Rabi,Arhar/Tur,193,301,1.559585492
Andhra Pradesh,GUNTUR,2014,Rabi,Bajra,62,68,1.096774194
Andhra Pradesh,GUNTUR,2014,Rabi,Brinjal,532,12483,23.46428571
Andhra Pradesh,GUNTUR,2014,Rabi,Cabbage,29,357,12.31034483
Andhra Pradesh,GUNTUR,2014,Rabi,Castor seed,11,16,1.454545455
Andhra Pradesh,GUNTUR,2014,Rabi,Cotton(lint),22,115,5.227272727
Andhra Pradesh,GUNTUR,2014,Rabi,Dry chillies,2078,10500,5.052935515
Andhra Pradesh,GUNTUR,2014,Rabi,Gram,5945,13691,2.30294365
Andhra Pradesh,GUNTUR,2014,Rabi,Groundnut,3839,19771,5.150039073
Andhra Pradesh,GUNTUR,2014,Rabi,Jowar,21907,150983,6.891997992
Andhra Pradesh,GUNTUR,2014,Rabi,Maize,63701,611020,9.592000126
Andhra Pradesh,GUNTUR,2014,Rabi,Moong(Green Gram),47589,61199,1.28599046
Andhra Pradesh,GUNTUR,2014,Rabi,Onion,40,707,17.675
Andhra Pradesh,GUNTUR,2014,Rabi,Ragi,400,595,1.4875
Andhra Pradesh,GUNTUR,2014,Rabi,Rapeseed &Mustard,330,8,0.024242424
Andhra Pradesh,GUNTUR,2014,Rabi,Rice,29695,111742,3.762990402
Andhra Pradesh,GUNTUR,2014,Rabi,Sesamum,1380,261,0.189130435
Andhra Pradesh,GUNTUR,2014,Rabi,Soyabean,4,12,3
Andhra Pradesh,GUNTUR,2014,Rabi,Sunflower,86,83,0.965116279
Andhra Pradesh,GUNTUR,2014,Rabi,Sweet potato,9,99,11
Andhra Pradesh,GUNTUR,2014,Rabi,Tobacco,4991,14559,2.917050691
Andhra Pradesh,GUNTUR,2014,Rabi,Tomato,524,7100,13.54961832
Andhra Pradesh,GUNTUR,2014,Rabi,Urad,30401,31799,1.045985329
Andhra Pradesh,GUNTUR,2014,Whole Year,Coconut,112,2428000,21678.57143
Andhra Pradesh,GUNTUR,2014,Whole Year,Rice,285302,1111932,3.897385928
Andhra Pradesh,KADAPA,1997,Kharif,Arhar/Tur,5700,1400,0.245614035
Andhra Pradesh,KADAPA,1997,Kharif,Bajra,2000,2400,1.2
Andhra Pradesh,KADAPA,1997,Kharif,Castor seed,400,100,0.25
Andhra Pradesh,KADAPA,1997,Kharif,Cotton(lint),13400,17400,1.298507463
Andhra Pradesh,KADAPA,1997,Kharif,Dry chillies,3300,4400,1.333333333
Andhra Pradesh,KADAPA,1997,Kharif,Groundnut,103900,47600,0.45813282
Andhra Pradesh,KADAPA,1997,Kharif,Horse-gram,200,100,0.5
Andhra Pradesh,KADAPA,1997,Kharif,Jowar,7300,8100,1.109589041
Andhra Pradesh,KADAPA,1997,Kharif,Korra,400,300,0.75
Andhra Pradesh,KADAPA,1997,Kharif,Maize,200,100,0.5
Andhra Pradesh,KADAPA,1997,Kharif,Moong(Green Gram),200,100,0.5
Andhra Pradesh,KADAPA,1997,Kharif,Ragi,100,100,1
Andhra Pradesh,KADAPA,1997,Kharif,Rice,47700,77500,1.624737945
Andhra Pradesh,KADAPA,1997,Kharif,Sesamum,3200,700,0.21875
Andhra Pradesh,KADAPA,1997,Kharif,Sugarcane,200,19300,96.5
Andhra Pradesh,KADAPA,1997,Kharif,Sunflower,51500,27400,0.532038835
Andhra Pradesh,KADAPA,1997,Kharif,Tobacco,600,600,1
Andhra Pradesh,KADAPA,1997,Rabi,Dry chillies,200,200,1
Andhra Pradesh,KADAPA,1997,Rabi,Gram,14200,7000,0.492957746
Andhra Pradesh,KADAPA,1997,Rabi,Groundnut,26400,32000,1.212121212
Andhra Pradesh,KADAPA,1997,Rabi,Horse-gram,300,100,0.333333333
Andhra Pradesh,KADAPA,1997,Rabi,Jowar,3000,2600,0.866666667
Andhra Pradesh,KADAPA,1997,Rabi,Ragi,800,1300,1.625
Andhra Pradesh,KADAPA,1997,Rabi,Rice,13000,27700,2.130769231
Andhra Pradesh,KADAPA,1997,Rabi,Sunflower,3300,700,0.212121212
Andhra Pradesh,KADAPA,1997,Rabi,Urad,200,100,0.5
Andhra Pradesh,KADAPA,1998,Kharif,Arhar/Tur,7600,4400,0.578947368
Andhra Pradesh,KADAPA,1998,Kharif,Bajra,3000,6000,2
Andhra Pradesh,KADAPA,1998,Kharif,Castor seed,1000,300,0.3
Andhra Pradesh,KADAPA,1998,Kharif,Cotton(lint),24800,22900,0.923387097
Andhra Pradesh,KADAPA,1998,Kharif,Dry chillies,4700,7200,1.531914894
Andhra Pradesh,KADAPA,1998,Kharif,Gram,100,100,1
Andhra Pradesh,KADAPA,1998,Kharif,Groundnut,132300,109500,0.827664399
Andhra Pradesh,KADAPA,1998,Kharif,Horse-gram,300,100,0.333333333
Andhra Pradesh,KADAPA,1998,Kharif,Jowar,6700,5400,0.805970149
Andhra Pradesh,KADAPA,1998,Kharif,Korra,600,300,0.5
Andhra Pradesh,KADAPA,1998,Kharif,Maize,100,100,1
Andhra Pradesh,KADAPA,1998,Kharif,Moong(Green Gram),600,300,0.5
Andhra Pradesh,KADAPA,1998,Kharif,Ragi,100,100,1
Andhra Pradesh,KADAPA,1998,Kharif,Rice,59200,169800,2.868243243
Andhra Pradesh,KADAPA,1998,Kharif,Sesamum,4200,800,0.19047619
Andhra Pradesh,KADAPA,1998,Kharif,Sunflower,56100,43200,0.770053476
Andhra Pradesh,KADAPA,1998,Rabi,Bajra,500,900,1.8
Andhra Pradesh,KADAPA,1998,Rabi,Dry chillies,300,500,1.666666667
Andhra Pradesh,KADAPA,1998,Rabi,Gram,17400,26600,1.528735632
Andhra Pradesh,KADAPA,1998,Rabi,Groundnut,32000,59000,1.84375
Andhra Pradesh,KADAPA,1998,Rabi,Horse-gram,400,200,0.5
Andhra Pradesh,KADAPA,1998,Rabi,Jowar,1600,1800,1.125
Andhra Pradesh,KADAPA,1998,Rabi,Ragi,600,1100,1.833333333
Andhra Pradesh,KADAPA,1998,Rabi,Rice,17000,41600,2.447058824
Andhra Pradesh,KADAPA,1998,Rabi,Sesamum,500,100,0.2
Andhra Pradesh,KADAPA,1998,Rabi,Sunflower,14500,3600,0.248275862
Andhra Pradesh,KADAPA,1998,Rabi,Urad,200,200,1
Andhra Pradesh,KADAPA,1998,Rabi,Wheat,100,,
Andhra Pradesh,KADAPA,1998,Whole Year,Sugarcane,400,38200,95.5
Andhra Pradesh,KADAPA,1998,Whole Year,Tobacco,1100,900,0.818181818
Andhra Pradesh,KADAPA,1999,Kharif,Bajra,3478,3537,1.016963772
Andhra Pradesh,KADAPA,1999,Kharif,Castor seed,3451,652,0.188930745
Andhra Pradesh,KADAPA,1999,Kharif,Cotton(lint),25038,27836,1.11175014
Andhra Pradesh,KADAPA,1999,Kharif,Groundnut,133978,34700,0.258997746
Andhra Pradesh,KADAPA,1999,Kharif,Horse-gram,387,178,0.45994832
Andhra Pradesh,KADAPA,1999,Kharif,Jowar,7866,6293,0.800025426
Andhra Pradesh,KADAPA,1999,Kharif,Maize,104,295,2.836538462
Andhra Pradesh,KADAPA,1999,Kharif,Masoor,12186,3705,0.30403742
Andhra Pradesh,KADAPA,1999,Kharif,Moong(Green Gram),370,263,0.710810811
Andhra Pradesh,KADAPA,1999,Kharif,Ragi,64,76,1.1875
Andhra Pradesh,KADAPA,1999,Kharif,Rice,54783,134484,2.454849132
Andhra Pradesh,KADAPA,1999,Kharif,Sesamum,480,116,0.241666667
Andhra Pradesh,KADAPA,1999,Kharif,Sunflower,46967,29642,0.631123981
Andhra Pradesh,KADAPA,1999,Kharif,Urad,55,34,0.618181818
Andhra Pradesh,KADAPA,1999,Rabi,Bajra,777,790,1.016731017
Andhra Pradesh,KADAPA,1999,Rabi,Gram,22263,15651,0.703004986
Andhra Pradesh,KADAPA,1999,Rabi,Groundnut,25822,40308,1.560994501
Andhra Pradesh,KADAPA,1999,Rabi,Horse-gram,199,61,0.306532663
Andhra Pradesh,KADAPA,1999,Rabi,Jowar,5374,5481,1.019910681
Andhra Pradesh,KADAPA,1999,Rabi,Maize,11,53,4.818181818
Andhra Pradesh,KADAPA,1999,Rabi,Masoor,88,27,0.306818182
Andhra Pradesh,KADAPA,1999,Rabi,Moong(Green Gram),257,66,0.256809339
Andhra Pradesh,KADAPA,1999,Rabi,Ragi,948,1814,1.91350211
Andhra Pradesh,KADAPA,1999,Rabi,Rapeseed &Mustard,14,3,0.214285714
Andhra Pradesh,KADAPA,1999,Rabi,Rice,6828,12921,1.892355009
Andhra Pradesh,KADAPA,1999,Rabi,Sesamum,4267,981,0.229903914
Andhra Pradesh,KADAPA,1999,Rabi,Urad,507,335,0.660749507
Andhra Pradesh,KADAPA,1999,Rabi,Wheat,163,109,0.668711656
Andhra Pradesh,KADAPA,1999,Whole Year,Dry chillies,6246,8282,1.32596862
Andhra Pradesh,KADAPA,1999,Whole Year,Onion,4618,41792,9.04980511
Andhra Pradesh,KADAPA,1999,Whole Year,Sugarcane,425,40844,96.10352941
Andhra Pradesh,KADAPA,2000,Kharif,Arhar/Tur,15189,8369,0.550990849
Andhra Pradesh,KADAPA,2000,Kharif,Bajra,7329,10385,1.416973666
Andhra Pradesh,KADAPA,2000,Kharif,Castor seed,7167,2178,0.303892842
Andhra Pradesh,KADAPA,2000,Kharif,Cotton(lint),30687,41157,1.341186822
Andhra Pradesh,KADAPA,2000,Kharif,Dry chillies,4753,7015,1.475909952
Andhra Pradesh,KADAPA,2000,Kharif,Groundnut,150521,174153,1.157001349
Andhra Pradesh,KADAPA,2000,Kharif,Horse-gram,394,200,0.507614213
Andhra Pradesh,KADAPA,2000,Kharif,Jowar,7798,13132,1.684021544
Andhra Pradesh,KADAPA,2000,Kharif,Korra,254,177,0.696850394
Andhra Pradesh,KADAPA,2000,Kharif,Maize,104,271,2.605769231
Andhra Pradesh,KADAPA,2000,Kharif,Mesta,3,26,8.666666667
Andhra Pradesh,KADAPA,2000,Kharif,Moong(Green Gram),741,329,0.443994602
Andhra Pradesh,KADAPA,2000,Kharif,Onion,2502,27610,11.03517186
Andhra Pradesh,KADAPA,2000,Kharif,Other Kharif pulses,722,122,0.168975069
Andhra Pradesh,KADAPA,2000,Kharif,other misc. pulses,33,8,0.242424242
Andhra Pradesh,KADAPA,2000,Kharif,Ragi,93,150,1.612903226
Andhra Pradesh,KADAPA,2000,Kharif,Rice,60412,170120,2.815996822
Andhra Pradesh,KADAPA,2000,Kharif,Samai,2,1,0.5
Andhra Pradesh,KADAPA,2000,Kharif,Sesamum,390,90,0.230769231
Andhra Pradesh,KADAPA,2000,Kharif,Small millets,256,178,0.6953125
Andhra Pradesh,KADAPA,2000,Kharif,Sunflower,26671,31039,1.163773387
Andhra Pradesh,KADAPA,2000,Kharif,Urad,346,20,0.057803468
Andhra Pradesh,KADAPA,2000,Rabi,Arhar/Tur,168,93,0.553571429
Andhra Pradesh,KADAPA,2000,Rabi,Bajra,2350,3330,1.417021277
Andhra Pradesh,KADAPA,2000,Rabi,Dry chillies,293,335,1.14334471
Andhra Pradesh,KADAPA,2000,Rabi,Gram,30637,38541,1.257988706
Andhra Pradesh,KADAPA,2000,Rabi,Groundnut,26324,32589,1.237995745
Andhra Pradesh,KADAPA,2000,Rabi,Horse-gram,363,77,0.212121212
Andhra Pradesh,KADAPA,2000,Rabi,Jowar,3095,3729,1.204846527
Andhra Pradesh,KADAPA,2000,Rabi,Korra,82,57,0.695121951
Andhra Pradesh,KADAPA,2000,Rabi,Maize,51,275,5.392156863
Andhra Pradesh,KADAPA,2000,Rabi,Moong(Green Gram),69,23,0.333333333
Andhra Pradesh,KADAPA,2000,Rabi,Onion,483,13965,28.91304348
Andhra Pradesh,KADAPA,2000,Rabi,Ragi,909,1312,1.443344334
Andhra Pradesh,KADAPA,2000,Rabi,Rice,7426,6134,0.826016698
Andhra Pradesh,KADAPA,2000,Rabi,Safflower,4,1,0.25
Andhra Pradesh,KADAPA,2000,Rabi,Samai,2,1,0.5
Andhra Pradesh,KADAPA,2000,Rabi,Sesamum,3795,793,0.208959157
Andhra Pradesh,KADAPA,2000,Rabi,Small millets,84,58,0.69047619
Andhra Pradesh,KADAPA,2000,Rabi,Urad,558,449,0.804659498
Andhra Pradesh,KADAPA,2000,Rabi,Wheat,117,67,0.572649573
Andhra Pradesh,KADAPA,2000,Whole Year,Banana,3620,161828,44.7038674
Andhra Pradesh,KADAPA,2000,Whole Year,Cashewnut,7,2,0.285714286
Andhra Pradesh,KADAPA,2000,Whole Year,Coconut,146,625240,4282.465753
Andhra Pradesh,KADAPA,2000,Whole Year,Coriander,17799,6336,0.355975055
Andhra Pradesh,KADAPA,2000,Whole Year,Sugarcane,356,32880,92.35955056
Andhra Pradesh,KADAPA,2000,Whole Year,Sweet potato,46,622,13.52173913
Andhra Pradesh,KADAPA,2000,Whole Year,Tobacco,113,145,1.283185841
Andhra Pradesh,KADAPA,2000,Whole Year,Turmeric,3574,24889,6.963905988
Andhra Pradesh,KADAPA,2001,Kharif,Arhar/Tur,12059,7139,0.592005971
Andhra Pradesh,KADAPA,2001,Kharif,Bajra,1395,2514,1.802150538
Andhra Pradesh,KADAPA,2001,Kharif,Castor seed,3474,978,0.281519862
Andhra Pradesh,KADAPA,2001,Kharif,Cotton(lint),21579,23356,1.08234858
Andhra Pradesh,KADAPA,2001,Kharif,Dry chillies,5056,7316,1.446993671
Andhra Pradesh,KADAPA,2001,Kharif,Gram,1,1,1
Andhra Pradesh,KADAPA,2001,Kharif,Groundnut,119708,43693,0.364996491
Andhra Pradesh,KADAPA,2001,Kharif,Horse-gram,367,158,0.430517711
Andhra Pradesh,KADAPA,2001,Kharif,Jowar,2781,1460,0.52499101
Andhra Pradesh,KADAPA,2001,Kharif,Korra,246,180,0.731707317
Andhra Pradesh,KADAPA,2001,Kharif,Maize,53,142,2.679245283
Andhra Pradesh,KADAPA,2001,Kharif,Moong(Green Gram),153,74,0.483660131
Andhra Pradesh,KADAPA,2001,Kharif,Onion,2317,15902,6.863185153
Andhra Pradesh,KADAPA,2001,Kharif,Other Kharif pulses,842,116,0.137767221
Andhra Pradesh,KADAPA,2001,Kharif,Ragi,34,42,1.235294118
Andhra Pradesh,KADAPA,2001,Kharif,Rice,38218,96883,2.535009681
Andhra Pradesh,KADAPA,2001,Kharif,Samai,1,1,1
Andhra Pradesh,KADAPA,2001,Kharif,Sesamum,38,6,0.157894737
Andhra Pradesh,KADAPA,2001,Kharif,Small millets,247,181,0.732793522
Andhra Pradesh,KADAPA,2001,Kharif,Sunflower,42724,45269,1.059568392
Andhra Pradesh,KADAPA,2001,Kharif,Urad,824,297,0.360436893
Andhra Pradesh,KADAPA,2001,Rabi,Arhar/Tur,67,40,0.597014925
Andhra Pradesh,KADAPA,2001,Rabi,Bajra,1524,2746,1.80183727
Andhra Pradesh,KADAPA,2001,Rabi,Dry chillies,409,637,1.557457213
Andhra Pradesh,KADAPA,2001,Rabi,Gram,42871,54060,1.260992279
Andhra Pradesh,KADAPA,2001,Rabi,Groundnut,20282,34824,1.716990435
Andhra Pradesh,KADAPA,2001,Rabi,Horse-gram,625,338,0.5408
Andhra Pradesh,KADAPA,2001,Rabi,Jowar,1513,690,0.456047588
Andhra Pradesh,KADAPA,2001,Rabi,Korra,55,40,0.727272727
Andhra Pradesh,KADAPA,2001,Rabi,Maize,31,201,6.483870968
Andhra Pradesh,KADAPA,2001,Rabi,Moong(Green Gram),18,5,0.277777778
Andhra Pradesh,KADAPA,2001,Rabi,Onion,637,9701,15.22919937
Andhra Pradesh,KADAPA,2001,Rabi,Other  Rabi pulses,1,1,1
Andhra Pradesh,KADAPA,2001,Rabi,Ragi,714,951,1.331932773
Andhra Pradesh,KADAPA,2001,Rabi,Rice,37550,98231,2.616005326
Andhra Pradesh,KADAPA,2001,Rabi,Samai,3,2,0.666666667
Andhra Pradesh,KADAPA,2001,Rabi,Sesamum,4240,2056,0.48490566
Andhra Pradesh,KADAPA,2001,Rabi,Small millets,58,42,0.724137931
Andhra Pradesh,KADAPA,2001,Rabi,Urad,1681,1143,0.679952409
Andhra Pradesh,KADAPA,2001,Rabi,Wheat,39,27,0.692307692
Andhra Pradesh,KADAPA,2001,Whole Year,Banana,4074,132748,32.58419244
Andhra Pradesh,KADAPA,2001,Whole Year,Cashewnut,7,2,0.285714286
Andhra Pradesh,KADAPA,2001,Whole Year,Coconut,148,530400,3583.783784
Andhra Pradesh,KADAPA,2001,Whole Year,Coriander,16141,4567,0.282944056
Andhra Pradesh,KADAPA,2001,Whole Year,Sugarcane,674,62755,93.10830861
Andhra Pradesh,KADAPA,2001,Whole Year,Sweet potato,62,823,13.27419355
Andhra Pradesh,KADAPA,2001,Whole Year,Tobacco,81,82,1.012345679
Andhra Pradesh,KADAPA,2001,Whole Year,Turmeric,2470,12204,4.940890688
Andhra Pradesh,KADAPA,2002,Kharif,Arhar/Tur,15983,2605,0.162985672
Andhra Pradesh,KADAPA,2002,Kharif,Bajra,2866,2814,0.981856246
Andhra Pradesh,KADAPA,2002,Kharif,Castor seed,1013,206,0.203356367
Andhra Pradesh,KADAPA,2002,Kharif,Cotton(lint),11500,12921,1.123565217
Andhra Pradesh,KADAPA,2002,Kharif,Dry chillies,3839,5854,1.52487627
Andhra Pradesh,KADAPA,2002,Kharif,Gram,2,1,0.5
Andhra Pradesh,KADAPA,2002,Kharif,Groundnut,87896,11778,0.133999272
Andhra Pradesh,KADAPA,2002,Kharif,Horse-gram,243,118,0.485596708
Andhra Pradesh,KADAPA,2002,Kharif,Jowar,882,361,0.409297052
Andhra Pradesh,KADAPA,2002,Kharif,Maize,136,132,0.970588235
Andhra Pradesh,KADAPA,2002,Kharif,Moong(Green Gram),663,100,0.150829563
Andhra Pradesh,KADAPA,2002,Kharif,Onion,1828,17722,9.694748359
Andhra Pradesh,KADAPA,2002,Kharif,Ragi,33,51,1.545454545
Andhra Pradesh,KADAPA,2002,Kharif,Rice,27457,56424,2.054995083
Andhra Pradesh,KADAPA,2002,Kharif,Sesamum,175,17,0.097142857
Andhra Pradesh,KADAPA,2002,Kharif,Small millets,91,55,0.604395604
Andhra Pradesh,KADAPA,2002,Kharif,Sunflower,102633,50250,0.489608605
Andhra Pradesh,KADAPA,2002,Kharif,Urad,208,11,0.052884615
Andhra Pradesh,KADAPA,2002,Rabi,Arhar/Tur,36,6,0.166666667
Andhra Pradesh,KADAPA,2002,Rabi,Bajra,674,661,0.980712166
Andhra Pradesh,KADAPA,2002,Rabi,Dry chillies,356,687,1.929775281
Andhra Pradesh,KADAPA,2002,Rabi,Gram,54056,28109,0.51999778
Andhra Pradesh,KADAPA,2002,Rabi,Groundnut,18282,24772,1.354993983
Andhra Pradesh,KADAPA,2002,Rabi,Horse-gram,6017,2226,0.369951803
Andhra Pradesh,KADAPA,2002,Rabi,Jowar,11086,2783,0.251037344
Andhra Pradesh,KADAPA,2002,Rabi,Maize,25,173,6.92
Andhra Pradesh,KADAPA,2002,Rabi,Moong(Green Gram),43,11,0.255813953
Andhra Pradesh,KADAPA,2002,Rabi,Onion,561,7735,13.78787879
Andhra Pradesh,KADAPA,2002,Rabi,Ragi,561,695,1.23885918
Andhra Pradesh,KADAPA,2002,Rabi,Rice,9203,16446,1.78702597
Andhra Pradesh,KADAPA,2002,Rabi,Safflower,1,,
Andhra Pradesh,KADAPA,2002,Rabi,Sesamum,3003,973,0.324009324
Andhra Pradesh,KADAPA,2002,Rabi,Small millets,38,17,0.447368421
Andhra Pradesh,KADAPA,2002,Rabi,Urad,803,465,0.579078456
Andhra Pradesh,KADAPA,2002,Rabi,Wheat,30,28,0.933333333
Andhra Pradesh,KADAPA,2002,Whole Year,Banana,4574,299574,65.49497158
Andhra Pradesh,KADAPA,2002,Whole Year,Beans & Mutter(Vegetable),44,227,5.159090909
Andhra Pradesh,KADAPA,2002,Whole Year,Bhindi,207,1542,7.449275362
Andhra Pradesh,KADAPA,2002,Whole Year,Bottle Gourd,1,0,0
Andhra Pradesh,KADAPA,2002,Whole Year,Brinjal,489,6912,14.13496933
Andhra Pradesh,KADAPA,2002,Whole Year,Cashewnut,7,1,0.142857143
Andhra Pradesh,KADAPA,2002,Whole Year,Citrus Fruit,6057,30751,5.076935777
Andhra Pradesh,KADAPA,2002,Whole Year,Coconut,155,658350,4247.419355
Andhra Pradesh,KADAPA,2002,Whole Year,Coriander,11945,2377,0.198995396
Andhra Pradesh,KADAPA,2002,Whole Year,Cucumber,17,0,0
Andhra Pradesh,KADAPA,2002,Whole Year,Mango,17743,88929,5.012061095
Andhra Pradesh,KADAPA,2002,Whole Year,Orange,3178,25978,8.174323474
Andhra Pradesh,KADAPA,2002,Whole Year,Other Fresh Fruits,1705,492,0.28856305
Andhra Pradesh,KADAPA,2002,Whole Year,Other Vegetables,433,0,0
Andhra Pradesh,KADAPA,2002,Whole Year,Papaya,3132,408557,130.4460409
Andhra Pradesh,KADAPA,2002,Whole Year,Pome Fruit,109,5647,51.80733945
Andhra Pradesh,KADAPA,2002,Whole Year,Sugarcane,1063,78516,73.86265287
Andhra Pradesh,KADAPA,2002,Whole Year,Sweet potato,40,432,10.8
Andhra Pradesh,KADAPA,2002,Whole Year,Tobacco,174,170,0.977011494
Andhra Pradesh,KADAPA,2002,Whole Year,Tomato,2443,26194,10.72206304
Andhra Pradesh,KADAPA,2002,Whole Year,Turmeric,3153,10228,3.243894703
Andhra Pradesh,KADAPA,2003,Kharif,Arhar/Tur,29594,8997,0.304014327
Andhra Pradesh,KADAPA,2003,Kharif,Bajra,4332,3829,0.88388735
Andhra Pradesh,KADAPA,2003,Kharif,Castor seed,3387,1416,0.418069088
Andhra Pradesh,KADAPA,2003,Kharif,Cotton(lint),15784,12999,0.823555499
Andhra Pradesh,KADAPA,2003,Kharif,Dry chillies,3422,8422,2.46113384
Andhra Pradesh,KADAPA,2003,Kharif,Groundnut,109650,21711,0.198002736
Andhra Pradesh,KADAPA,2003,Kharif,Horse-gram,180,65,0.361111111
Andhra Pradesh,KADAPA,2003,Kharif,Jowar,4190,997,0.237947494
Andhra Pradesh,KADAPA,2003,Kharif,Korra,251,190,0.756972112
Andhra Pradesh,KADAPA,2003,Kharif,Maize,68,117,1.720588235
Andhra Pradesh,KADAPA,2003,Kharif,Moong(Green Gram),780,424,0.543589744
Andhra Pradesh,KADAPA,2003,Kharif,Onion,2138,17805,8.32787652
Andhra Pradesh,KADAPA,2003,Kharif,Ragi,101,90,0.891089109
Andhra Pradesh,KADAPA,2003,Kharif,Rice,23356,60025,2.570003425
Andhra Pradesh,KADAPA,2003,Kharif,Sesamum,355,104,0.292957746
Andhra Pradesh,KADAPA,2003,Kharif,Small millets,231,175,0.757575758
Andhra Pradesh,KADAPA,2003,Kharif,Sunflower,96050,54603,0.568485164
Andhra Pradesh,KADAPA,2003,Kharif,Urad,11,7,0.636363636
Andhra Pradesh,KADAPA,2003,Rabi,Arhar/Tur,75,23,0.306666667
Andhra Pradesh,KADAPA,2003,Rabi,Bajra,992,877,0.884072581
Andhra Pradesh,KADAPA,2003,Rabi,Dry chillies,314,656,2.089171975
Andhra Pradesh,KADAPA,2003,Rabi,Gram,44584,49221,1.104005921
Andhra Pradesh,KADAPA,2003,Rabi,Groundnut,19746,33430,1.693001114
Andhra Pradesh,KADAPA,2003,Rabi,Horse-gram,569,308,0.541300527
Andhra Pradesh,KADAPA,2003,Rabi,Jowar,7389,3665,0.496007579
Andhra Pradesh,KADAPA,2003,Rabi,Maize,4,22,5.5
Andhra Pradesh,KADAPA,2003,Rabi,Onion,524,8765,16.72709924
Andhra Pradesh,KADAPA,2003,Rabi,other oilseeds,4,,
Andhra Pradesh,KADAPA,2003,Rabi,Ragi,528,848,1.606060606
Andhra Pradesh,KADAPA,2003,Rabi,Rice,10767,24032,2.232005201
Andhra Pradesh,KADAPA,2003,Rabi,Sesamum,3772,668,0.17709438
Andhra Pradesh,KADAPA,2003,Rabi,Small millets,20,15,0.75
Andhra Pradesh,KADAPA,2003,Rabi,Urad,60,23,0.383333333
Andhra Pradesh,KADAPA,2003,Rabi,Wheat,39,12,0.307692308
Andhra Pradesh,KADAPA,2003,Whole Year,Banana,3771,158827,42.11800583
Andhra Pradesh,KADAPA,2003,Whole Year,Beans & Mutter(Vegetable),139,697,5.014388489
Andhra Pradesh,KADAPA,2003,Whole Year,Bhindi,240,2074,8.641666667
Andhra Pradesh,KADAPA,2003,Whole Year,Brinjal,520,7959,15.30576923
Andhra Pradesh,KADAPA,2003,Whole Year,Cashewnut,7,2,0.285714286
Andhra Pradesh,KADAPA,2003,Whole Year,Citrus Fruit,5777,97833,16.93491432
Andhra Pradesh,KADAPA,2003,Whole Year,Coconut,104,406980,3913.269231
Andhra Pradesh,KADAPA,2003,Whole Year,Coriander,10370,2634,0.254001929
Andhra Pradesh,KADAPA,2003,Whole Year,Cucumber,22,0,0
Andhra Pradesh,KADAPA,2003,Whole Year,Mango,17864,359248,20.1101657
Andhra Pradesh,KADAPA,2003,Whole Year,Orange,3378,56464,16.7152161
Andhra Pradesh,KADAPA,2003,Whole Year,Other Fresh Fruits,1782,620,0.347923681
Andhra Pradesh,KADAPA,2003,Whole Year,Other Vegetables,345,0,0
Andhra Pradesh,KADAPA,2003,Whole Year,Papaya,2272,281598,123.9427817
Andhra Pradesh,KADAPA,2003,Whole Year,Pome Fruit,111,6330,57.02702703
Andhra Pradesh,KADAPA,2003,Whole Year,Sugarcane,555,40233,72.49189189
Andhra Pradesh,KADAPA,2003,Whole Year,Sweet potato,77,557,7.233766234
Andhra Pradesh,KADAPA,2003,Whole Year,Tobacco,389,489,1.257069409
Andhra Pradesh,KADAPA,2003,Whole Year,Tomato,3181,39828,12.52059101
Andhra Pradesh,KADAPA,2003,Whole Year,Turmeric,2476,17221,6.955169628
Andhra Pradesh,KADAPA,2004,Kharif,Arhar/Tur,18424,4809,0.261018237
Andhra Pradesh,KADAPA,2004,Kharif,Bajra,3709,5512,1.486114856
Andhra Pradesh,KADAPA,2004,Kharif,Castor seed,2253,1318,0.584997781
Andhra Pradesh,KADAPA,2004,Kharif,Cotton(lint),27717,15815,0.570588448
Andhra Pradesh,KADAPA,2004,Kharif,Dry chillies,3670,8001,2.180108992
Andhra Pradesh,KADAPA,2004,Kharif,Groundnut,201338,109327,0.543002315
Andhra Pradesh,KADAPA,2004,Kharif,Horse-gram,145,63,0.434482759
Andhra Pradesh,KADAPA,2004,Kharif,Jowar,2022,922,0.455984174
Andhra Pradesh,KADAPA,2004,Kharif,Maize,125,359,2.872
Andhra Pradesh,KADAPA,2004,Kharif,Moong(Green Gram),846,315,0.372340426
Andhra Pradesh,KADAPA,2004,Kharif,Onion,1851,17286,9.338735818
Andhra Pradesh,KADAPA,2004,Kharif,Other Kharif pulses,810,133,0.164197531
Andhra Pradesh,KADAPA,2004,Kharif,Ragi,25,35,1.4
Andhra Pradesh,KADAPA,2004,Kharif,Rice,46932,149619,3.187995398
Andhra Pradesh,KADAPA,2004,Kharif,Sesamum,254,24,0.094488189
Andhra Pradesh,KADAPA,2004,Kharif,Small millets,72,45,0.625
Andhra Pradesh,KADAPA,2004,Kharif,Sunflower,50879,38011,0.747086224
Andhra Pradesh,KADAPA,2004,Kharif,Urad,19,9,0.473684211
Andhra Pradesh,KADAPA,2004,Rabi,Arhar/Tur,44,11,0.25
Andhra Pradesh,KADAPA,2004,Rabi,Bajra,2451,3642,1.485924113
Andhra Pradesh,KADAPA,2004,Rabi,Dry chillies,197,958,4.862944162
Andhra Pradesh,KADAPA,2004,Rabi,Gram,35568,28988,0.815002249
Andhra Pradesh,KADAPA,2004,Rabi,Groundnut,17604,45506,2.584980686
Andhra Pradesh,KADAPA,2004,Rabi,Horse-gram,343,46,0.134110787
Andhra Pradesh,KADAPA,2004,Rabi,Jowar,1838,632,0.343852013
Andhra Pradesh,KADAPA,2004,Rabi,Moong(Green Gram),60,20,0.333333333
Andhra Pradesh,KADAPA,2004,Rabi,Onion,574,13588,23.67247387
Andhra Pradesh,KADAPA,2004,Rabi,Other  Rabi pulses,25,5,0.2
Andhra Pradesh,KADAPA,2004,Rabi,Ragi,432,976,2.259259259
Andhra Pradesh,KADAPA,2004,Rabi,Rice,5689,11424,2.00808578
Andhra Pradesh,KADAPA,2004,Rabi,Safflower,4,1,0.25
Andhra Pradesh,KADAPA,2004,Rabi,Sesamum,2196,1432,0.652094718
Andhra Pradesh,KADAPA,2004,Rabi,Sunflower,46189,34780,0.752993137
Andhra Pradesh,KADAPA,2004,Rabi,Urad,18,11,0.611111111
Andhra Pradesh,KADAPA,2004,Rabi,Wheat,1,,
Andhra Pradesh,KADAPA,2004,Whole Year,Banana,3396,197474,58.14899882
Andhra Pradesh,KADAPA,2004,Whole Year,Cashewnut,7,2,0.285714286
Andhra Pradesh,KADAPA,2004,Whole Year,Coconut,95,725372,7635.494737
Andhra Pradesh,KADAPA,2004,Whole Year,Coriander,2249,547,0.243219209
Andhra Pradesh,KADAPA,2004,Whole Year,Dry ginger,1,3,3
Andhra Pradesh,KADAPA,2004,Whole Year,Sugarcane,377,33563,89.0265252
Andhra Pradesh,KADAPA,2004,Whole Year,Sweet potato,88,181,2.056818182
Andhra Pradesh,KADAPA,2004,Whole Year,Tobacco,85,94,1.105882353
Andhra Pradesh,KADAPA,2004,Whole Year,Turmeric,2826,25505,9.02512385
Andhra Pradesh,KADAPA,2005,Kharif,Arhar/Tur,16390,4377,0.267053081
Andhra Pradesh,KADAPA,2005,Kharif,Bajra,3327,3553,1.067929065
Andhra Pradesh,KADAPA,2005,Kharif,Castor seed,2240,1637,0.730803571
Andhra Pradesh,KADAPA,2005,Kharif,Cotton(lint),14578,11834,0.811771162
Andhra Pradesh,KADAPA,2005,Kharif,Dry chillies,2255,4217,1.870066519
Andhra Pradesh,KADAPA,2005,Kharif,Groundnut,184333,17143,0.093000168
Andhra Pradesh,KADAPA,2005,Kharif,Horse-gram,21,8,0.380952381
Andhra Pradesh,KADAPA,2005,Kharif,Jowar,3595,6295,1.751043115
Andhra Pradesh,KADAPA,2005,Kharif,Maize,156,804,5.153846154
Andhra Pradesh,KADAPA,2005,Kharif,Moong(Green Gram),461,319,0.69197397
Andhra Pradesh,KADAPA,2005,Kharif,Onion,1775,9003,5.072112676
Andhra Pradesh,KADAPA,2005,Kharif,Other Kharif pulses,547,83,0.151736746
Andhra Pradesh,KADAPA,2005,Kharif,Ragi,40,54,1.35
Andhra Pradesh,KADAPA,2005,Kharif,Rice,45556,85828,1.884010888
Andhra Pradesh,KADAPA,2005,Kharif,Sesamum,247,41,0.165991903
Andhra Pradesh,KADAPA,2005,Kharif,Small millets,54,47,0.87037037
Andhra Pradesh,KADAPA,2005,Kharif,Soyabean,3,2,0.666666667
Andhra Pradesh,KADAPA,2005,Kharif,Urad,21,7,0.333333333
Andhra Pradesh,KADAPA,2005,Rabi,Bajra,2466,2634,1.068126521
Andhra Pradesh,KADAPA,2005,Rabi,Dry chillies,234,863,3.688034188
Andhra Pradesh,KADAPA,2005,Rabi,Gram,33462,55513,1.658986313
Andhra Pradesh,KADAPA,2005,Rabi,Groundnut,22988,42229,1.837001914
Andhra Pradesh,KADAPA,2005,Rabi,Horse-gram,251,95,0.378486056
Andhra Pradesh,KADAPA,2005,Rabi,Jowar,3029,3647,1.204027732
Andhra Pradesh,KADAPA,2005,Rabi,Maize,1,7,7
Andhra Pradesh,KADAPA,2005,Rabi,Onion,653,15745,24.11179173
Andhra Pradesh,KADAPA,2005,Rabi,Other  Rabi pulses,5,3,0.6
Andhra Pradesh,KADAPA,2005,Rabi,Ragi,502,800,1.593625498
Andhra Pradesh,KADAPA,2005,Rabi,Rice,21197,55791,2.6320234
Andhra Pradesh,KADAPA,2005,Rabi,Safflower,28,9,0.321428571
Andhra Pradesh,KADAPA,2005,Rabi,Sesamum,2951,1989,0.674008811
Andhra Pradesh,KADAPA,2005,Rabi,Urad,3,2,0.666666667
Andhra Pradesh,KADAPA,2005,Rabi,Wheat,81,48,0.592592593
Andhra Pradesh,KADAPA,2005,Whole Year,Banana,2978,196691,66.0480188
Andhra Pradesh,KADAPA,2005,Whole Year,Cashewnut,7,2,0.285714286
Andhra Pradesh,KADAPA,2005,Whole Year,Coconut,96,384384,4004
Andhra Pradesh,KADAPA,2005,Whole Year,Coriander,9899,4940,0.499040307
Andhra Pradesh,KADAPA,2005,Whole Year,Sugarcane,922,88323,95.79501085
Andhra Pradesh,KADAPA,2005,Whole Year,Sunflower,77589,53949,0.695317635
Andhra Pradesh,KADAPA,2005,Whole Year,Sweet potato,37,428,11.56756757
Andhra Pradesh,KADAPA,2005,Whole Year,Tobacco,74,91,1.22972973
Andhra Pradesh,KADAPA,2005,Whole Year,Turmeric,2522,19107,7.576130056
Andhra Pradesh,KADAPA,2006,Kharif,Arhar/Tur,9313,1527,0.163964351
Andhra Pradesh,KADAPA,2006,Kharif,Bajra,2010,2945,1.465174129
Andhra Pradesh,KADAPA,2006,Kharif,Castor seed,945,474,0.501587302
Andhra Pradesh,KADAPA,2006,Kharif,Cotton(lint),7940,5651,0.711712846
Andhra Pradesh,KADAPA,2006,Kharif,Dry chillies,2385,6373,2.6721174
Andhra Pradesh,KADAPA,2006,Kharif,Groundnut,46532,12471,0.268009112
Andhra Pradesh,KADAPA,2006,Kharif,Horse-gram,6,3,0.5
Andhra Pradesh,KADAPA,2006,Kharif,Jowar,4908,5507,1.12204564
Andhra Pradesh,KADAPA,2006,Kharif,Maize,123,439,3.569105691
Andhra Pradesh,KADAPA,2006,Kharif,Moong(Green Gram),367,46,0.125340599
Andhra Pradesh,KADAPA,2006,Kharif,Onion,1676,17534,10.46181384
Andhra Pradesh,KADAPA,2006,Kharif,Other Kharif pulses,373,63,0.168900804
Andhra Pradesh,KADAPA,2006,Kharif,Ragi,18,19,1.055555556
Andhra Pradesh,KADAPA,2006,Kharif,Rice,41908,114493,2.732008208
Andhra Pradesh,KADAPA,2006,Kharif,Sesamum,123,31,0.25203252
Andhra Pradesh,KADAPA,2006,Kharif,Small millets,27,17,0.62962963
Andhra Pradesh,KADAPA,2006,Rabi,Arhar/Tur,6,1,0.166666667
Andhra Pradesh,KADAPA,2006,Rabi,Bajra,1800,2637,1.465
Andhra Pradesh,KADAPA,2006,Rabi,Dry chillies,551,2056,3.731397459
Andhra Pradesh,KADAPA,2006,Rabi,Gram,71786,32663,0.455005154
Andhra Pradesh,KADAPA,2006,Rabi,Groundnut,16080,33157,2.062002488
Andhra Pradesh,KADAPA,2006,Rabi,Horse-gram,735,137,0.186394558
Andhra Pradesh,KADAPA,2006,Rabi,Jowar,12881,9532,0.740004658
Andhra Pradesh,KADAPA,2006,Rabi,Maize,35,265,7.571428571
Andhra Pradesh,KADAPA,2006,Rabi,Moong(Green Gram),80,30,0.375
Andhra Pradesh,KADAPA,2006,Rabi,Onion,338,10591,31.33431953
Andhra Pradesh,KADAPA,2006,Rabi,Other  Rabi pulses,34,16,0.470588235
Andhra Pradesh,KADAPA,2006,Rabi,Ragi,519,716,1.379576108
Andhra Pradesh,KADAPA,2006,Rabi,Rice,4997,10963,2.19391635
Andhra Pradesh,KADAPA,2006,Rabi,Sesamum,2497,1413,0.565879055
Andhra Pradesh,KADAPA,2006,Rabi,Small millets,6,4,0.666666667
Andhra Pradesh,KADAPA,2006,Rabi,Urad,638,499,0.782131661
Andhra Pradesh,KADAPA,2006,Rabi,Wheat,32,8,0.25
Andhra Pradesh,KADAPA,2006,Whole Year,Banana,4440,275653,62.08400901
Andhra Pradesh,KADAPA,2006,Whole Year,Cashewnut,6,2,0.333333333
Andhra Pradesh,KADAPA,2006,Whole Year,Coconut,92,744660,8094.130435
Andhra Pradesh,KADAPA,2006,Whole Year,Coriander,10308,3711,0.360011641
Andhra Pradesh,KADAPA,2006,Whole Year,Sugarcane,2056,201081,97.8020428
Andhra Pradesh,KADAPA,2006,Whole Year,Sunflower,74177,68505,0.923534249
Andhra Pradesh,KADAPA,2006,Whole Year,Sweet potato,25,137,5.48
Andhra Pradesh,KADAPA,2006,Whole Year,Tobacco,60,73,1.216666667
Andhra Pradesh,KADAPA,2006,Whole Year,Turmeric,3116,24436,7.842105263
Andhra Pradesh,KADAPA,2007,Kharif,Arhar/Tur,14000,4000,0.285714286
Andhra Pradesh,KADAPA,2007,Kharif,Bajra,2000,5000,2.5
Andhra Pradesh,KADAPA,2007,Kharif,Castor seed,1000,1000,1
Andhra Pradesh,KADAPA,2007,Kharif,Cotton(lint),9000,14000,1.555555556
Andhra Pradesh,KADAPA,2007,Kharif,Dry chillies,3000,5000,1.666666667
Andhra Pradesh,KADAPA,2007,Kharif,Groundnut,145000,275000,1.896551724
Andhra Pradesh,KADAPA,2007,Kharif,Jowar,1000,2000,2
Andhra Pradesh,KADAPA,2007,Kharif,Onion,2000,8000,4
Andhra Pradesh,KADAPA,2007,Kharif,Rice,45000,139000,3.088888889
Andhra Pradesh,KADAPA,2007,Kharif,Sunflower,6000,7000,1.166666667
Andhra Pradesh,KADAPA,2007,Rabi,Bajra,2000,3000,1.5
Andhra Pradesh,KADAPA,2007,Rabi,Gram,67000,87000,1.298507463
Andhra Pradesh,KADAPA,2007,Rabi,Groundnut,28000,35000,1.25
Andhra Pradesh,KADAPA,2007,Rabi,Horse-gram,1000,,
Andhra Pradesh,KADAPA,2007,Rabi,Jowar,5000,6000,1.2
Andhra Pradesh,KADAPA,2007,Rabi,Rice,17000,45000,2.647058824
Andhra Pradesh,KADAPA,2007,Rabi,Sesamum,3000,1000,0.333333333
Andhra Pradesh,KADAPA,2007,Rabi,Sunflower,60000,70000,1.166666667
Andhra Pradesh,KADAPA,2007,Whole Year,Sugarcane,1000,82000,82
Andhra Pradesh,KADAPA,2008,Kharif,Arhar/Tur,10488,839,0.079996186
Andhra Pradesh,KADAPA,2008,Kharif,Bajra,1170,3170,2.709401709
Andhra Pradesh,KADAPA,2008,Kharif,Castor seed,1069,805,0.753040225
Andhra Pradesh,KADAPA,2008,Kharif,Cotton(lint),11467,11669,1.017615767
Andhra Pradesh,KADAPA,2008,Kharif,Dry chillies,1251,2219,1.773780975
Andhra Pradesh,KADAPA,2008,Kharif,Groundnut,124382,28483,0.228996157
Andhra Pradesh,KADAPA,2008,Kharif,Horse-gram,21,12,0.571428571
Andhra Pradesh,KADAPA,2008,Kharif,Jowar,643,1602,2.491446345
Andhra Pradesh,KADAPA,2008,Kharif,Maize,623,2909,4.669341894
Andhra Pradesh,KADAPA,2008,Kharif,Moong(Green Gram),105,41,0.39047619
Andhra Pradesh,KADAPA,2008,Kharif,Onion,2505,25541,10.19600798
Andhra Pradesh,KADAPA,2008,Kharif,Other Kharif pulses,30,15,0.5
Andhra Pradesh,KADAPA,2008,Kharif,Ragi,23,21,0.913043478
Andhra Pradesh,KADAPA,2008,Kharif,Rice,50183,87168,1.737002571
Andhra Pradesh,KADAPA,2008,Kharif,Sesamum,5,1,0.2
Andhra Pradesh,KADAPA,2008,Kharif,Small millets,112,88,0.785714286
Andhra Pradesh,KADAPA,2008,Kharif,Soyabean,6,8,1.333333333
Andhra Pradesh,KADAPA,2008,Kharif,Urad,6,2,0.333333333
Andhra Pradesh,KADAPA,2008,Rabi,Bajra,1305,3535,2.708812261
Andhra Pradesh,KADAPA,2008,Rabi,Dry chillies,55,113,2.054545455
Andhra Pradesh,KADAPA,2008,Rabi,Gram,71451,67450,0.944003583
Andhra Pradesh,KADAPA,2008,Rabi,Groundnut,16630,35888,2.158027661
Andhra Pradesh,KADAPA,2008,Rabi,Horse-gram,614,205,0.333876221
Andhra Pradesh,KADAPA,2008,Rabi,Jowar,6609,5096,0.771069753
Andhra Pradesh,KADAPA,2008,Rabi,Linseed,528,197,0.373106061
Andhra Pradesh,KADAPA,2008,Rabi,Maize,1398,12344,8.829756795
Andhra Pradesh,KADAPA,2008,Rabi,Moong(Green Gram),9,3,0.333333333
Andhra Pradesh,KADAPA,2008,Rabi,Onion,223,4000,17.93721973
Andhra Pradesh,KADAPA,2008,Rabi,Ragi,111,208,1.873873874
Andhra Pradesh,KADAPA,2008,Rabi,Rice,14883,41271,2.773029631
Andhra Pradesh,KADAPA,2008,Rabi,Sesamum,6693,2905,0.43403556
Andhra Pradesh,KADAPA,2008,Rabi,Small millets,46,36,0.782608696
Andhra Pradesh,KADAPA,2008,Rabi,Urad,19,13,0.684210526
Andhra Pradesh,KADAPA,2008,Rabi,Wheat,122,83,0.680327869
Andhra Pradesh,KADAPA,2008,Whole Year,Banana,4058,221705,54.63405619
Andhra Pradesh,KADAPA,2008,Whole Year,Cashewnut,6,2,0.333333333
Andhra Pradesh,KADAPA,2008,Whole Year,Coconut,126,1143384,9074.47619
Andhra Pradesh,KADAPA,2008,Whole Year,Coriander,16214,5010,0.308992229
Andhra Pradesh,KADAPA,2008,Whole Year,Sugarcane,68,5100,75
Andhra Pradesh,KADAPA,2008,Whole Year,Sunflower,93468,38470,0.411584713
Andhra Pradesh,KADAPA,2008,Whole Year,Sweet potato,31,177,5.709677419
Andhra Pradesh,KADAPA,2008,Whole Year,Tobacco,324,516,1.592592593
Andhra Pradesh,KADAPA,2008,Whole Year,Turmeric,2408,24297,10.09011628
Andhra Pradesh,KADAPA,2009,Kharif,Arhar/Tur,12353,2088,0.169027767
Andhra Pradesh,KADAPA,2009,Kharif,Bajra,2182,5678,2.602199817
Andhra Pradesh,KADAPA,2009,Kharif,Castor seed,1162,579,0.49827883
Andhra Pradesh,KADAPA,2009,Kharif,Cotton(lint),12614,17882,1.417631203
Andhra Pradesh,KADAPA,2009,Kharif,Dry chillies,712,2185,3.068820225
Andhra Pradesh,KADAPA,2009,Kharif,Groundnut,111105,35887,0.323000765
Andhra Pradesh,KADAPA,2009,Kharif,Horse-gram,277,189,0.682310469
Andhra Pradesh,KADAPA,2009,Kharif,Jowar,6749,13532,2.005037783
Andhra Pradesh,KADAPA,2009,Kharif,Maize,559,2072,3.706618962
Andhra Pradesh,KADAPA,2009,Kharif,Moong(Green Gram),40,10,0.25
Andhra Pradesh,KADAPA,2009,Kharif,Onion,2875,24386,8.482086957
Andhra Pradesh,KADAPA,2009,Kharif,Other Kharif pulses,37,11,0.297297297
Andhra Pradesh,KADAPA,2009,Kharif,Ragi,28,37,1.321428571
Andhra Pradesh,KADAPA,2009,Kharif,Rice,52423,153757,2.933006505
Andhra Pradesh,KADAPA,2009,Kharif,Sesamum,133,33,0.248120301
Andhra Pradesh,KADAPA,2009,Kharif,Small millets,38,20,0.526315789
Andhra Pradesh,KADAPA,2009,Kharif,Soyabean,37,30,0.810810811
Andhra Pradesh,KADAPA,2009,Kharif,Urad,29,9,0.310344828
Andhra Pradesh,KADAPA,2009,Rabi,Arhar/Tur,171,29,0.169590643
Andhra Pradesh,KADAPA,2009,Rabi,Bajra,1409,3666,2.60184528
Andhra Pradesh,KADAPA,2009,Rabi,Dry chillies,40,134,3.35
Andhra Pradesh,KADAPA,2009,Rabi,Gram,77338,38128,0.493004732
Andhra Pradesh,KADAPA,2009,Rabi,Groundnut,19013,59796,3.145006048
Andhra Pradesh,KADAPA,2009,Rabi,Horse-gram,687,335,0.487627365
Andhra Pradesh,KADAPA,2009,Rabi,Jowar,4641,4298,0.926093514
Andhra Pradesh,KADAPA,2009,Rabi,Maize,840,6140,7.30952381
Andhra Pradesh,KADAPA,2009,Rabi,Moong(Green Gram),93,37,0.397849462
Andhra Pradesh,KADAPA,2009,Rabi,Onion,273,7337,26.87545788
Andhra Pradesh,KADAPA,2009,Rabi,Ragi,183,401,2.191256831
Andhra Pradesh,KADAPA,2009,Rabi,Rapeseed &Mustard,2,1,0.5
Andhra Pradesh,KADAPA,2009,Rabi,Rice,12894,34169,2.649992244
Andhra Pradesh,KADAPA,2009,Rabi,Sesamum,6770,2254,0.332939439
Andhra Pradesh,KADAPA,2009,Rabi,Small millets,27,15,0.555555556
Andhra Pradesh,KADAPA,2009,Rabi,Urad,279,206,0.738351254
Andhra Pradesh,KADAPA,2009,Rabi,Wheat,61,79,1.295081967
Andhra Pradesh,KADAPA,2009,Whole Year,Banana,5985,381424,63.72999165
Andhra Pradesh,KADAPA,2009,Whole Year,Cashewnut,6,2,0.333333333
Andhra Pradesh,KADAPA,2009,Whole Year,Coconut,127,745965,5873.740157
Andhra Pradesh,KADAPA,2009,Whole Year,Coriander,17239,7464,0.43297175
Andhra Pradesh,KADAPA,2009,Whole Year,Sugarcane,140,12268,87.62857143
Andhra Pradesh,KADAPA,2009,Whole Year,Sunflower,53688,59819,1.114196841
Andhra Pradesh,KADAPA,2009,Whole Year,Sweet potato,59,348,5.898305085
Andhra Pradesh,KADAPA,2009,Whole Year,Tobacco,377,633,1.679045093
Andhra Pradesh,KADAPA,2009,Whole Year,Turmeric,3015,36506,12.10812604
Andhra Pradesh,KADAPA,2010,Kharif,Arhar/Tur,19759,5691,0.288020649
Andhra Pradesh,KADAPA,2010,Kharif,Bajra,2870,7178,2.501045296
Andhra Pradesh,KADAPA,2010,Kharif,Castor seed,1034,906,0.876208897
Andhra Pradesh,KADAPA,2010,Kharif,Cotton(lint),17011,40822,2.399741344
Andhra Pradesh,KADAPA,2010,Kharif,Dry chillies,753,2091,2.77689243
Andhra Pradesh,KADAPA,2010,Kharif,Groundnut,143299,87126,0.608001452
Andhra Pradesh,KADAPA,2010,Kharif,Horse-gram,101,49,0.485148515
Andhra Pradesh,KADAPA,2010,Kharif,Jowar,1199,1741,1.452043369
Andhra Pradesh,KADAPA,2010,Kharif,Maize,426,2182,5.122065728
Andhra Pradesh,KADAPA,2010,Kharif,Moong(Green Gram),1030,327,0.317475728
Andhra Pradesh,KADAPA,2010,Kharif,Onion,2542,19248,7.571990559
Andhra Pradesh,KADAPA,2010,Kharif,Other Kharif pulses,75,28,0.373333333
Andhra Pradesh,KADAPA,2010,Kharif,Ragi,6,9,1.5
Andhra Pradesh,KADAPA,2010,Kharif,Rice,53345,80657,1.511988003
Andhra Pradesh,KADAPA,2010,Kharif,Sesamum,29,5,0.172413793
Andhra Pradesh,KADAPA,2010,Kharif,Small millets,86,80,0.930232558
Andhra Pradesh,KADAPA,2010,Kharif,Soyabean,142,242,1.704225352
Andhra Pradesh,KADAPA,2010,Kharif,Urad,756,319,0.421957672
Andhra Pradesh,KADAPA,2010,Rabi,Arhar/Tur,23,7,0.304347826
Andhra Pradesh,KADAPA,2010,Rabi,Bajra,2070,5177,2.500966184
Andhra Pradesh,KADAPA,2010,Rabi,Dry chillies,8,16,2
Andhra Pradesh,KADAPA,2010,Rabi,Gram,69518,76817,1.10499439
Andhra Pradesh,KADAPA,2010,Rabi,Groundnut,17296,51750,2.992021277
Andhra Pradesh,KADAPA,2010,Rabi,Horse-gram,604,187,0.309602649
Andhra Pradesh,KADAPA,2010,Rabi,Jowar,4185,6344,1.515890084
Andhra Pradesh,KADAPA,2010,Rabi,Linseed,289,67,0.23183391
Andhra Pradesh,KADAPA,2010,Rabi,Maize,987,8998,9.116514691
Andhra Pradesh,KADAPA,2010,Rabi,Moong(Green Gram),463,163,0.352051836
Andhra Pradesh,KADAPA,2010,Rabi,Onion,635,14029,22.09291339
Andhra Pradesh,KADAPA,2010,Rabi,Other  Rabi pulses,6,2,0.333333333
Andhra Pradesh,KADAPA,2010,Rabi,Ragi,137,205,1.496350365
Andhra Pradesh,KADAPA,2010,Rabi,Rice,17037,48896,2.869988848
Andhra Pradesh,KADAPA,2010,Rabi,Safflower,121,82,0.67768595
Andhra Pradesh,KADAPA,2010,Rabi,Sesamum,5753,2025,0.351990266
Andhra Pradesh,KADAPA,2010,Rabi,Small millets,185,172,0.92972973
Andhra Pradesh,KADAPA,2010,Rabi,Urad,8407,4489,0.533959795
Andhra Pradesh,KADAPA,2010,Rabi,Wheat,20,26,1.3
Andhra Pradesh,KADAPA,2010,Whole Year,Banana,8706,488607,56.12301861
Andhra Pradesh,KADAPA,2010,Whole Year,Cashewnut,6,1,0.166666667
Andhra Pradesh,KADAPA,2010,Whole Year,Coriander,7821,5436,0.695051784
Andhra Pradesh,KADAPA,2010,Whole Year,Garlic,10,21,2.1
Andhra Pradesh,KADAPA,2010,Whole Year,Potato,1,11,11
Andhra Pradesh,KADAPA,2010,Whole Year,Sugarcane,835,75413,90.31497006
Andhra Pradesh,KADAPA,2010,Whole Year,Sunflower,74025,17716,0.239324553
Andhra Pradesh,KADAPA,2010,Whole Year,Sweet potato,72,922,12.80555556
Andhra Pradesh,KADAPA,2010,Whole Year,Tobacco,169,257,1.520710059
Andhra Pradesh,KADAPA,2010,Whole Year,Turmeric,5518,43438,7.872055092
Andhra Pradesh,KADAPA,2011,Kharif,Arhar/Tur,8998,2250,0.250055568
Andhra Pradesh,KADAPA,2011,Kharif,Bajra,2209,5728,2.59302852
Andhra Pradesh,KADAPA,2011,Kharif,Castor seed,2015,123,0.061042184
Andhra Pradesh,KADAPA,2011,Kharif,Cotton(lint),30845,48314,1.566347868
Andhra Pradesh,KADAPA,2011,Kharif,Cowpea(Lobia),465,110,0.23655914
Andhra Pradesh,KADAPA,2011,Kharif,Dry chillies,624,2497,4.001602564
Andhra Pradesh,KADAPA,2011,Kharif,Groundnut,36869,12167,0.330006238
Andhra Pradesh,KADAPA,2011,Kharif,Horse-gram,288,153,0.53125
Andhra Pradesh,KADAPA,2011,Kharif,Jowar,5273,3317,0.62905367
Andhra Pradesh,KADAPA,2011,Kharif,Maize,574,1903,3.31533101
Andhra Pradesh,KADAPA,2011,Kharif,Moong(Green Gram),56,36,0.642857143
Andhra Pradesh,KADAPA,2011,Kharif,Onion,4380,57588,13.14794521
Andhra Pradesh,KADAPA,2011,Kharif,Other Kharif pulses,20,7,0.35
Andhra Pradesh,KADAPA,2011,Kharif,Ragi,16,19,1.1875
Andhra Pradesh,KADAPA,2011,Kharif,Rice,47290,141161,2.985007401
Andhra Pradesh,KADAPA,2011,Kharif,Sesamum,25,6,0.24
Andhra Pradesh,KADAPA,2011,Kharif,Small millets,129,84,0.651162791
Andhra Pradesh,KADAPA,2011,Kharif,Soyabean,389,629,1.616966581
Andhra Pradesh,KADAPA,2011,Kharif,Urad,256,136,0.53125
Andhra Pradesh,KADAPA,2011,Rabi,Arhar/Tur,81,20,0.24691358
Andhra Pradesh,KADAPA,2011,Rabi,Bajra,1926,4994,2.592938733
Andhra Pradesh,KADAPA,2011,Rabi,Cowpea(Lobia),409,326,0.797066015
Andhra Pradesh,KADAPA,2011,Rabi,Dry chillies,18,23,1.277777778
Andhra Pradesh,KADAPA,2011,Rabi,Gram,90366,74913,0.828995419
Andhra Pradesh,KADAPA,2011,Rabi,Groundnut,20188,48350,2.394987121
Andhra Pradesh,KADAPA,2011,Rabi,Horse-gram,994,380,0.382293763
Andhra Pradesh,KADAPA,2011,Rabi,Jowar,7881,2624,0.332952671
Andhra Pradesh,KADAPA,2011,Rabi,Linseed,350,74,0.211428571
Andhra Pradesh,KADAPA,2011,Rabi,Maize,1014,7868,7.759368836
Andhra Pradesh,KADAPA,2011,Rabi,Moong(Green Gram),255,152,0.596078431
Andhra Pradesh,KADAPA,2011,Rabi,Onion,1034,3154,3.050290135
Andhra Pradesh,KADAPA,2011,Rabi,Other  Rabi pulses,29,10,0.344827586
Andhra Pradesh,KADAPA,2011,Rabi,Ragi,124,250,2.016129032
Andhra Pradesh,KADAPA,2011,Rabi,Rice,6606,17499,2.648955495
Andhra Pradesh,KADAPA,2011,Rabi,Sesamum,4848,2487,0.51299505
Andhra Pradesh,KADAPA,2011,Rabi,Small millets,302,198,0.655629139
Andhra Pradesh,KADAPA,2011,Rabi,Urad,7575,5310,0.700990099
Andhra Pradesh,KADAPA,2011,Rabi,Wheat,17,22,1.294117647
Andhra Pradesh,KADAPA,2011,Whole Year,Banana,7900,518880,65.68101266
Andhra Pradesh,KADAPA,2011,Whole Year,Cashewnut,6,2,0.333333333
Andhra Pradesh,KADAPA,2011,Whole Year,Coconut,132,1056480,8003.636364
Andhra Pradesh,KADAPA,2011,Whole Year,Coriander,4710,2727,0.578980892
Andhra Pradesh,KADAPA,2011,Whole Year,Sugarcane,735,59825,81.39455782
Andhra Pradesh,KADAPA,2011,Whole Year,Sunflower,62079,39749,0.640297041
Andhra Pradesh,KADAPA,2011,Whole Year,Sweet potato,49,630,12.85714286
Andhra Pradesh,KADAPA,2011,Whole Year,Tobacco,142,230,1.61971831
Andhra Pradesh,KADAPA,2011,Whole Year,Turmeric,7447,61363,8.239962401
Andhra Pradesh,KADAPA,2012,Kharif,Arhar/Tur,10386,1101,0.106008088
Andhra Pradesh,KADAPA,2012,Kharif,Bajra,2214,2916,1.317073171
Andhra Pradesh,KADAPA,2012,Kharif,Brinjal,672,12235,18.20684524
Andhra Pradesh,KADAPA,2012,Kharif,Cashewnut,7,2,0.285714286
Andhra Pradesh,KADAPA,2012,Kharif,Castor seed,2085,792,0.379856115
Andhra Pradesh,KADAPA,2012,Kharif,Cotton(lint),28546,58771,2.058817347
Andhra Pradesh,KADAPA,2012,Kharif,Cowpea(Lobia),1074,422,0.39292365
Andhra Pradesh,KADAPA,2012,Kharif,Dry chillies,597,2827,4.735343384
Andhra Pradesh,KADAPA,2012,Kharif,Grapes,1,18,18
Andhra Pradesh,KADAPA,2012,Kharif,Groundnut,44179,11133,0.251997555
Andhra Pradesh,KADAPA,2012,Kharif,Horse-gram,249,173,0.694779116
Andhra Pradesh,KADAPA,2012,Kharif,Jowar,3065,7273,2.372920065
Andhra Pradesh,KADAPA,2012,Kharif,Lemon,1833,16299,8.89198036
Andhra Pradesh,KADAPA,2012,Kharif,Linseed,415,200,0.481927711
Andhra Pradesh,KADAPA,2012,Kharif,Maize,497,2017,4.058350101
Andhra Pradesh,KADAPA,2012,Kharif,Mango,20328,205333,10.1009937
Andhra Pradesh,KADAPA,2012,Kharif,Moong(Green Gram),116,64,0.551724138
Andhra Pradesh,KADAPA,2012,Kharif,Onion,2567,46760,18.21581613
Andhra Pradesh,KADAPA,2012,Kharif,Other Kharif pulses,13,5,0.384615385
Andhra Pradesh,KADAPA,2012,Kharif,Papaya,1674,181328,108.3201912
Andhra Pradesh,KADAPA,2012,Kharif,Pome Granet,39,523,13.41025641
Andhra Pradesh,KADAPA,2012,Kharif,Ragi,6,6,1
Andhra Pradesh,KADAPA,2012,Kharif,Rice,24147,61551,2.5490123
Andhra Pradesh,KADAPA,2012,Kharif,Sapota,423,5584,13.20094563
Andhra Pradesh,KADAPA,2012,Kharif,Small millets,376,452,1.20212766
Andhra Pradesh,KADAPA,2012,Kharif,Soyabean,147,267,1.816326531
Andhra Pradesh,KADAPA,2012,Kharif,Sugarcane,785,59550,75.85987261
Andhra Pradesh,KADAPA,2012,Kharif,Sunflower,1616,338,0.209158416
Andhra Pradesh,KADAPA,2012,Kharif,Tobacco,20,28,1.4
Andhra Pradesh,KADAPA,2012,Kharif,Tomato,3504,52945,15.10987443
Andhra Pradesh,KADAPA,2012,Kharif,Turmeric,4510,17530,3.88691796
Andhra Pradesh,KADAPA,2012,Kharif,Urad,48,45,0.9375
Andhra Pradesh,KADAPA,2012,Rabi,Arhar/Tur,5,1,0.2
Andhra Pradesh,KADAPA,2012,Rabi,Bajra,1147,1511,1.317349608
Andhra Pradesh,KADAPA,2012,Rabi,Brinjal,361,6573,18.20775623
Andhra Pradesh,KADAPA,2012,Rabi,Cabbage,1,26,26
Andhra Pradesh,KADAPA,2012,Rabi,Castor seed,130,49,0.376923077
Andhra Pradesh,KADAPA,2012,Rabi,Coriander,2866,1559,0.543963712
Andhra Pradesh,KADAPA,2012,Rabi,Cotton(lint),330,679,2.057575758
Andhra Pradesh,KADAPA,2012,Rabi,Cowpea(Lobia),1781,709,0.39809096
Andhra Pradesh,KADAPA,2012,Rabi,Dry chillies,16,36,2.25
Andhra Pradesh,KADAPA,2012,Rabi,Dry ginger,1,8,8
Andhra Pradesh,KADAPA,2012,Rabi,Gram,112194,18849,0.168003637
Andhra Pradesh,KADAPA,2012,Rabi,Groundnut,20395,31959,1.567001716
Andhra Pradesh,KADAPA,2012,Rabi,Horse-gram,2747,1928,0.701856571
Andhra Pradesh,KADAPA,2012,Rabi,Jowar,12887,18635,1.446030884
Andhra Pradesh,KADAPA,2012,Rabi,Maize,2201,15596,7.085870059
Andhra Pradesh,KADAPA,2012,Rabi,Moong(Green Gram),399,269,0.674185464
Andhra Pradesh,KADAPA,2012,Rabi,Onion,834,4876,5.846522782
Andhra Pradesh,KADAPA,2012,Rabi,Other  Rabi pulses,28,32,1.142857143
Andhra Pradesh,KADAPA,2012,Rabi,Papaya,829,89897,108.4402895
Andhra Pradesh,KADAPA,2012,Rabi,Potato,1,18,18
Andhra Pradesh,KADAPA,2012,Rabi,Ragi,171,255,1.49122807
Andhra Pradesh,KADAPA,2012,Rabi,Rapeseed &Mustard,10,5,0.5
Andhra Pradesh,KADAPA,2012,Rabi,Rice,6601,19249,2.916073322
Andhra Pradesh,KADAPA,2012,Rabi,Safflower,5,8,1.6
Andhra Pradesh,KADAPA,2012,Rabi,Sesamum,4729,2705,0.572002538
Andhra Pradesh,KADAPA,2012,Rabi,Small millets,241,289,1.199170124
Andhra Pradesh,KADAPA,2012,Rabi,Soyabean,6,11,1.833333333
Andhra Pradesh,KADAPA,2012,Rabi,Sunflower,48021,19256,0.400991233
Andhra Pradesh,KADAPA,2012,Rabi,Sweet potato,67,645,9.626865672
Andhra Pradesh,KADAPA,2012,Rabi,Tobacco,42,61,1.452380952
Andhra Pradesh,KADAPA,2012,Rabi,Tomato,2039,48814,23.94016675
Andhra Pradesh,KADAPA,2012,Rabi,Turmeric,31,120,3.870967742
Andhra Pradesh,KADAPA,2012,Rabi,Urad,5093,4272,0.838798351
Andhra Pradesh,KADAPA,2012,Rabi,Wheat,2,2,1
Andhra Pradesh,KADAPA,2012,Whole Year,Coconut,114,983000,8622.807018
Andhra Pradesh,KADAPA,2013,Kharif,Arhar/Tur,8085,2442,0.302040816
Andhra Pradesh,KADAPA,2013,Kharif,Bajra,2833,5476,1.932933286
Andhra Pradesh,KADAPA,2013,Kharif,Brinjal,436,10788,24.74311927
Andhra Pradesh,KADAPA,2013,Kharif,Cashewnut,6,2,0.333333333
Andhra Pradesh,KADAPA,2013,Kharif,Castor seed,1093,514,0.470265325
Andhra Pradesh,KADAPA,2013,Kharif,Cotton(lint),34119,50175,1.470588235
Andhra Pradesh,KADAPA,2013,Kharif,Cowpea(Lobia),1157,590,0.509939499
Andhra Pradesh,KADAPA,2013,Kharif,Dry chillies,679,2463,3.627393225
Andhra Pradesh,KADAPA,2013,Kharif,Grapes,1,18,18
Andhra Pradesh,KADAPA,2013,Kharif,Groundnut,42251,43307,1.024993491
Andhra Pradesh,KADAPA,2013,Kharif,Horse-gram,880,514,0.584090909
Andhra Pradesh,KADAPA,2013,Kharif,Jowar,5503,11529,2.09503907
Andhra Pradesh,KADAPA,2013,Kharif,Lemon,1725,8839,5.124057971
Andhra Pradesh,KADAPA,2013,Kharif,Linseed,466,225,0.482832618
Andhra Pradesh,KADAPA,2013,Kharif,Maize,1125,4537,4.032888889
Andhra Pradesh,KADAPA,2013,Kharif,Mango,20675,159714,7.724981862
Andhra Pradesh,KADAPA,2013,Kharif,Moong(Green Gram),250,278,1.112
Andhra Pradesh,KADAPA,2013,Kharif,Onion,2497,24361,9.756107329
Andhra Pradesh,KADAPA,2013,Kharif,Other Kharif pulses,28,8,0.285714286
Andhra Pradesh,KADAPA,2013,Kharif,other oilseeds,1701,977,0.574368019
Andhra Pradesh,KADAPA,2013,Kharif,Papaya,1876,131607,70.15298507
Andhra Pradesh,KADAPA,2013,Kharif,Pome Granet,55,794,14.43636364
Andhra Pradesh,KADAPA,2013,Kharif,Ragi,21,29,1.380952381
Andhra Pradesh,KADAPA,2013,Kharif,Rice,51753,148842,2.876007188
Andhra Pradesh,KADAPA,2013,Kharif,Sapota,434,4083,9.407834101
Andhra Pradesh,KADAPA,2013,Kharif,Sesamum,15,7,0.466666667
Andhra Pradesh,KADAPA,2013,Kharif,Small millets,433,397,0.916859122
Andhra Pradesh,KADAPA,2013,Kharif,Soyabean,65,105,1.615384615
Andhra Pradesh,KADAPA,2013,Kharif,Sugarcane,550,35420,64.4
Andhra Pradesh,KADAPA,2013,Kharif,Sunflower,1139,714,0.626865672
Andhra Pradesh,KADAPA,2013,Kharif,Sweet potato,21,184,8.761904762
Andhra Pradesh,KADAPA,2013,Kharif,Tobacco,11,20,1.818181818
Andhra Pradesh,KADAPA,2013,Kharif,Tomato,2638,132441,50.20507961
Andhra Pradesh,KADAPA,2013,Kharif,Turmeric,4044,39304,9.71909001
Andhra Pradesh,KADAPA,2013,Kharif,Urad,70,65,0.928571429
Andhra Pradesh,KADAPA,2013,Rabi,Arhar/Tur,31,9,0.290322581
Andhra Pradesh,KADAPA,2013,Rabi,Bajra,1354,2617,1.932791728
Andhra Pradesh,KADAPA,2013,Rabi,Brinjal,495,12247,24.74141414
Andhra Pradesh,KADAPA,2013,Rabi,Castor seed,24,11,0.458333333
Andhra Pradesh,KADAPA,2013,Rabi,Coriander,4209,2290,0.544072226
Andhra Pradesh,KADAPA,2013,Rabi,Cotton(lint),1803,2651,1.470327232
Andhra Pradesh,KADAPA,2013,Rabi,Cowpea(Lobia),881,397,0.450624291
Andhra Pradesh,KADAPA,2013,Rabi,Dry chillies,78,155,1.987179487
Andhra Pradesh,KADAPA,2013,Rabi,Gram,97046,131594,1.355996126
Andhra Pradesh,KADAPA,2013,Rabi,Groundnut,17263,37374,2.164977119
Andhra Pradesh,KADAPA,2013,Rabi,Horse-gram,2690,1781,0.662081784
Andhra Pradesh,KADAPA,2013,Rabi,Jowar,6578,8446,1.283976893
Andhra Pradesh,KADAPA,2013,Rabi,Maize,4364,32529,7.453941338
Andhra Pradesh,KADAPA,2013,Rabi,Moong(Green Gram),1070,669,0.625233645
Andhra Pradesh,KADAPA,2013,Rabi,Onion,926,9674,10.44708423
Andhra Pradesh,KADAPA,2013,Rabi,Other Kharif pulses,92,112,1.217391304
Andhra Pradesh,KADAPA,2013,Rabi,Ragi,110,196,1.781818182
Andhra Pradesh,KADAPA,2013,Rabi,Rice,10959,29447,2.687015239
Andhra Pradesh,KADAPA,2013,Rabi,Sesamum,9201,3322,0.361047712
Andhra Pradesh,KADAPA,2013,Rabi,Small millets,161,147,0.913043478
Andhra Pradesh,KADAPA,2013,Rabi,Sunflower,26486,21268,0.802990259
Andhra Pradesh,KADAPA,2013,Rabi,Sweet potato,67,588,8.776119403
Andhra Pradesh,KADAPA,2013,Rabi,Tobacco,23,42,1.826086957
Andhra Pradesh,KADAPA,2013,Rabi,Tomato,2803,68522,24.44595077
Andhra Pradesh,KADAPA,2013,Rabi,Turmeric,8,78,9.75
Andhra Pradesh,KADAPA,2013,Rabi,Urad,2286,1797,0.786089239
Andhra Pradesh,KADAPA,2013,Rabi,Wheat,12,8,0.666666667
Andhra Pradesh,KADAPA,2013,Whole Year,Banana,8438,497926,59.00995497
Andhra Pradesh,KADAPA,2013,Whole Year,Cashewnut,6,2,0.333333333
Andhra Pradesh,KADAPA,2013,Whole Year,Castor seed,1117,525,0.470008953
Andhra Pradesh,KADAPA,2013,Whole Year,Coconut,90,647000,7188.888889
Andhra Pradesh,KADAPA,2013,Whole Year,Coriander,4209,2290,0.544072226
Andhra Pradesh,KADAPA,2013,Whole Year,Linseed,466,225,0.482832618
Andhra Pradesh,KADAPA,2013,Whole Year,Sweet potato,88,772,8.772727273
Andhra Pradesh,KADAPA,2013,Whole Year,Wheat,12,8,0.666666667
Andhra Pradesh,KADAPA,2014,Kharif,Arhar/Tur,2367,360,0.152091255
Andhra Pradesh,KADAPA,2014,Kharif,Bajra,1173,3010,2.566069906
Andhra Pradesh,KADAPA,2014,Kharif,Brinjal,511,12129,23.73581213
Andhra Pradesh,KADAPA,2014,Kharif,Cashewnut,6,2,0.333333333
Andhra Pradesh,KADAPA,2014,Kharif,Castor seed,686,392,0.571428571
Andhra Pradesh,KADAPA,2014,Kharif,Cotton(lint),34346,57550,1.675595411
Andhra Pradesh,KADAPA,2014,Kharif,Cowpea(Lobia),1183,256,0.216398986
Andhra Pradesh,KADAPA,2014,Kharif,Dry chillies,830,4150,5
Andhra Pradesh,KADAPA,2014,Kharif,Grapes,1,23,23
Andhra Pradesh,KADAPA,2014,Kharif,Groundnut,15754,6963,0.441982988
Andhra Pradesh,KADAPA,2014,Kharif,Horse-gram,1759,790,0.449118818
Andhra Pradesh,KADAPA,2014,Kharif,Jowar,5677,7272,1.280958253
Andhra Pradesh,KADAPA,2014,Kharif,Lemon,1926,16750,8.696780893
Andhra Pradesh,KADAPA,2014,Kharif,Linseed,361,174,0.48199446
Andhra Pradesh,KADAPA,2014,Kharif,Maize,408,1336,3.274509804
Andhra Pradesh,KADAPA,2014,Kharif,Mango,21244,77817,3.663010732
Andhra Pradesh,KADAPA,2014,Kharif,Moong(Green Gram),491,605,1.232179226
Andhra Pradesh,KADAPA,2014,Kharif,Onion,2983,37144,12.45189407
Andhra Pradesh,KADAPA,2014,Kharif,Other Kharif pulses,2,,
Andhra Pradesh,KADAPA,2014,Kharif,other oilseeds,76,136,1.789473684
Andhra Pradesh,KADAPA,2014,Kharif,Papaya,789,84511,107.1115336
Andhra Pradesh,KADAPA,2014,Kharif,Pome Granet,89,922,10.35955056
Andhra Pradesh,KADAPA,2014,Kharif,Ragi,11,10,0.909090909
Andhra Pradesh,KADAPA,2014,Kharif,Rice,42124,155648,3.694995727
Andhra Pradesh,KADAPA,2014,Kharif,Sapota,434,3631,8.366359447
Andhra Pradesh,KADAPA,2014,Kharif,Sesamum,542,148,0.273062731
Andhra Pradesh,KADAPA,2014,Kharif,Small millets,226,198,0.876106195
Andhra Pradesh,KADAPA,2014,Kharif,Sugarcane,373,30621,82.09383378
Andhra Pradesh,KADAPA,2014,Kharif,Sunflower,1064,549,0.515977444
Andhra Pradesh,KADAPA,2014,Kharif,Tobacco,20,60,3
Andhra Pradesh,KADAPA,2014,Kharif,Tomato,2881,75102,26.06803193
Andhra Pradesh,KADAPA,2014,Kharif,Turmeric,3285,26694,8.126027397
Andhra Pradesh,KADAPA,2014,Kharif,Urad,504,668,1.325396825
Andhra Pradesh,KADAPA,2014,Rabi,Arhar/Tur,24,4,0.166666667
Andhra Pradesh,KADAPA,2014,Rabi,Bajra,1945,4991,2.566066838
Andhra Pradesh,KADAPA,2014,Rabi,Brinjal,358,8497,23.73463687
Andhra Pradesh,KADAPA,2014,Rabi,Castor seed,25,14,0.56
Andhra Pradesh,KADAPA,2014,Rabi,Coriander,19126,11724,0.612987556
Andhra Pradesh,KADAPA,2014,Rabi,Cotton(lint),1246,2088,1.67576244
Andhra Pradesh,KADAPA,2014,Rabi,Cowpea(Lobia),831,212,0.25511432
Andhra Pradesh,KADAPA,2014,Rabi,Dry chillies,5,16,3.2
Andhra Pradesh,KADAPA,2014,Rabi,Gram,68169,43083,0.632002817
Andhra Pradesh,KADAPA,2014,Rabi,Groundnut,11588,15435,1.33198136
Andhra Pradesh,KADAPA,2014,Rabi,Horse-gram,2960,1400,0.472972973
Andhra Pradesh,KADAPA,2014,Rabi,Jowar,9591,15183,1.583046606
Andhra Pradesh,KADAPA,2014,Rabi,Maize,2945,19243,6.534125637
Andhra Pradesh,KADAPA,2014,Rabi,Moong(Green Gram),4935,4047,0.82006079
Andhra Pradesh,KADAPA,2014,Rabi,Onion,381,6556,17.20734908
Andhra Pradesh,KADAPA,2014,Rabi,Other  Rabi pulses,4,5,1.25
Andhra Pradesh,KADAPA,2014,Rabi,Papaya,729,78084,107.1111111
Andhra Pradesh,KADAPA,2014,Rabi,Potato,3,52,17.33333333
Andhra Pradesh,KADAPA,2014,Rabi,Ragi,78,119,1.525641026
Andhra Pradesh,KADAPA,2014,Rabi,Rice,3761,10189,2.709119915
Andhra Pradesh,KADAPA,2014,Rabi,Safflower,300,93,0.31
Andhra Pradesh,KADAPA,2014,Rabi,Sesamum,15049,10775,0.715994418
Andhra Pradesh,KADAPA,2014,Rabi,Small millets,197,173,0.878172589
Andhra Pradesh,KADAPA,2014,Rabi,Soyabean,12,,
Andhra Pradesh,KADAPA,2014,Rabi,Sunflower,14902,10536,0.707019192
Andhra Pradesh,KADAPA,2014,Rabi,Sweet potato,51,523,10.25490196
Andhra Pradesh,KADAPA,2014,Rabi,Tobacco,6,18,3
Andhra Pradesh,KADAPA,2014,Rabi,Tomato,2027,64448,31.7947706
Andhra Pradesh,KADAPA,2014,Rabi,Urad,5874,3994,0.679945523
Andhra Pradesh,KADAPA,2014,Rabi,Wheat,274,195,0.711678832
Andhra Pradesh,KADAPA,2014,Whole Year,Coconut,121,1014000,8380.165289
Andhra Pradesh,KADAPA,2014,Whole Year,Rice,45885,165837,3.614187643
Andhra Pradesh,KRISHNA,1997,Kharif,Arhar/Tur,10700,3400,0.317757009
Andhra Pradesh,KRISHNA,1997,Kharif,Cotton(lint),26400,63300,2.397727273
Andhra Pradesh,KRISHNA,1997,Kharif,Dry chillies,5100,14500,2.843137255
Andhra Pradesh,KRISHNA,1997,Kharif,Groundnut,4300,4800,1.11627907
Andhra Pradesh,KRISHNA,1997,Kharif,Jowar,500,300,0.6
Andhra Pradesh,KRISHNA,1997,Kharif,Maize,5900,10500,1.779661017
Andhra Pradesh,KRISHNA,1997,Kharif,Mesta,100,800,8
Andhra Pradesh,KRISHNA,1997,Kharif,Moong(Green Gram),26700,10200,0.382022472
Andhra Pradesh,KRISHNA,1997,Kharif,Rice,257900,699400,2.711903839
Andhra Pradesh,KRISHNA,1997,Kharif,Sesamum,300,100,0.333333333
Andhra Pradesh,KRISHNA,1997,Kharif,Sugarcane,15400,1634000,106.1038961
Andhra Pradesh,KRISHNA,1997,Kharif,Sunflower,2200,1100,0.5
Andhra Pradesh,KRISHNA,1997,Kharif,Tobacco,7700,6900,0.896103896
Andhra Pradesh,KRISHNA,1997,Kharif,Urad,5200,900,0.173076923
Andhra Pradesh,KRISHNA,1997,Rabi,Dry chillies,1800,3000,1.666666667
Andhra Pradesh,KRISHNA,1997,Rabi,Groundnut,11200,19900,1.776785714
Andhra Pradesh,KRISHNA,1997,Rabi,Horse-gram,800,400,0.5
Andhra Pradesh,KRISHNA,1997,Rabi,Jowar,2200,2000,0.909090909
Andhra Pradesh,KRISHNA,1997,Rabi,Maize,2200,8200,3.727272727
Andhra Pradesh,KRISHNA,1997,Rabi,Moong(Green Gram),2500,1600,0.64
Andhra Pradesh,KRISHNA,1997,Rabi,Rice,116300,393500,3.383490972
Andhra Pradesh,KRISHNA,1997,Rabi,Sesamum,2400,300,0.125
Andhra Pradesh,KRISHNA,1997,Rabi,Urad,90600,55900,0.616997792
Andhra Pradesh,KRISHNA,1998,Kharif,Arhar/Tur,8800,5000,0.568181818
Andhra Pradesh,KRISHNA,1998,Kharif,Cotton(lint),41300,32500,0.786924939
Andhra Pradesh,KRISHNA,1998,Kharif,Dry chillies,9500,34600,3.642105263
Andhra Pradesh,KRISHNA,1998,Kharif,Groundnut,4000,3300,0.825
Andhra Pradesh,KRISHNA,1998,Kharif,Maize,3000,6200,2.066666667
Andhra Pradesh,KRISHNA,1998,Kharif,Moong(Green Gram),25000,15600,0.624
Andhra Pradesh,KRISHNA,1998,Kharif,Rice,280800,759900,2.706196581
Andhra Pradesh,KRISHNA,1998,Kharif,Sesamum,400,100,0.25
Andhra Pradesh,KRISHNA,1998,Kharif,Sunflower,1200,900,0.75
Andhra Pradesh,KRISHNA,1998,Kharif,Urad,2700,2100,0.777777778
Andhra Pradesh,KRISHNA,1998,Rabi,Arhar/Tur,100,100,1
Andhra Pradesh,KRISHNA,1998,Rabi,Dry chillies,2700,5700,2.111111111
Andhra Pradesh,KRISHNA,1998,Rabi,Gram,100,100,1
Andhra Pradesh,KRISHNA,1998,Rabi,Groundnut,9100,15100,1.659340659
Andhra Pradesh,KRISHNA,1998,Rabi,Horse-gram,1200,300,0.25
Andhra Pradesh,KRISHNA,1998,Rabi,Jowar,100,100,1
Andhra Pradesh,KRISHNA,1998,Rabi,Maize,1700,8600,5.058823529
Andhra Pradesh,KRISHNA,1998,Rabi,Moong(Green Gram),2900,2100,0.724137931
Andhra Pradesh,KRISHNA,1998,Rabi,Rice,134500,491200,3.65204461
Andhra Pradesh,KRISHNA,1998,Rabi,Sesamum,1700,400,0.235294118
Andhra Pradesh,KRISHNA,1998,Rabi,Urad,80300,61100,0.760896638
Andhra Pradesh,KRISHNA,1998,Whole Year,Sugarcane,17300,1852600,107.0867052
Andhra Pradesh,KRISHNA,1998,Whole Year,Tobacco,8000,15400,1.925
Andhra Pradesh,KRISHNA,1999,Kharif,Cotton(lint),31696,52392,1.652953054
Andhra Pradesh,KRISHNA,1999,Kharif,Groundnut,3674,3810,1.037016875
Andhra Pradesh,KRISHNA,1999,Kharif,Maize,5147,14623,2.841072469
Andhra Pradesh,KRISHNA,1999,Kharif,Masoor,10307,7978,0.774037062
Andhra Pradesh,KRISHNA,1999,Kharif,Moong(Green Gram),24856,17648,0.710009656
Andhra Pradesh,KRISHNA,1999,Kharif,Rice,278415,834490,2.997288221
Andhra Pradesh,KRISHNA,1999,Kharif,Sesamum,2644,637,0.240922844
Andhra Pradesh,KRISHNA,1999,Kharif,Urad,2957,1804,0.610077782
Andhra Pradesh,KRISHNA,1999,Rabi,Gram,34,38,1.117647059
Andhra Pradesh,KRISHNA,1999,Rabi,Groundnut,6809,13223,1.941988545
Andhra Pradesh,KRISHNA,1999,Rabi,Horse-gram,586,213,0.363481229
Andhra Pradesh,KRISHNA,1999,Rabi,Jowar,93,24,0.258064516
Andhra Pradesh,KRISHNA,1999,Rabi,Maize,2301,11139,4.840938722
Andhra Pradesh,KRISHNA,1999,Rabi,Moong(Green Gram),2381,979,0.411171777
Andhra Pradesh,KRISHNA,1999,Rabi,Ragi,1,2,2
Andhra Pradesh,KRISHNA,1999,Rabi,Rapeseed &Mustard,13,2,0.153846154
Andhra Pradesh,KRISHNA,1999,Rabi,Rice,127888,457596,3.578099587
Andhra Pradesh,KRISHNA,1999,Rabi,Safflower,12,3,0.25
Andhra Pradesh,KRISHNA,1999,Rabi,Sesamum,320,74,0.23125
Andhra Pradesh,KRISHNA,1999,Rabi,Urad,82454,73054,0.885997041
Andhra Pradesh,KRISHNA,1999,Whole Year,Dry chillies,12985,38332,2.952021563
Andhra Pradesh,KRISHNA,1999,Whole Year,Onion,105,1735,16.52380952
Andhra Pradesh,KRISHNA,1999,Whole Year,Sugarcane,15572,1825668,117.2404315
Andhra Pradesh,KRISHNA,1999,Whole Year,Tobacco,3693,3711,1.004874086
Andhra Pradesh,KRISHNA,2000,Kharif,Arhar/Tur,9762,6316,0.646998566
Andhra Pradesh,KRISHNA,2000,Kharif,Bajra,1,1,1
Andhra Pradesh,KRISHNA,2000,Kharif,Castor seed,14,4,0.285714286
Andhra Pradesh,KRISHNA,2000,Kharif,Cotton(lint),29437,64069,2.176478581
Andhra Pradesh,KRISHNA,2000,Kharif,Dry chillies,8952,30016,3.352993744
Andhra Pradesh,KRISHNA,2000,Kharif,Groundnut,2979,2333,0.783148708
Andhra Pradesh,KRISHNA,2000,Kharif,Jowar,2,1,0.5
Andhra Pradesh,KRISHNA,2000,Kharif,Maize,7375,19205,2.604067797
Andhra Pradesh,KRISHNA,2000,Kharif,Moong(Green Gram),25281,7003,0.277006448
Andhra Pradesh,KRISHNA,2000,Kharif,Onion,11,154,14
Andhra Pradesh,KRISHNA,2000,Kharif,Rice,281343,868787,3.087999346
Andhra Pradesh,KRISHNA,2000,Kharif,Sesamum,3292,764,0.232077764
Andhra Pradesh,KRISHNA,2000,Kharif,Sunflower,58,77,1.327586207
Andhra Pradesh,KRISHNA,2000,Kharif,Urad,4526,267,0.058992488
Andhra Pradesh,KRISHNA,2000,Rabi,Arhar/Tur,65,42,0.646153846
Andhra Pradesh,KRISHNA,2000,Rabi,Dry chillies,1987,4099,2.062908908
Andhra Pradesh,KRISHNA,2000,Rabi,Gram,4,10,2.5
Andhra Pradesh,KRISHNA,2000,Rabi,Groundnut,5937,14065,2.369041604
Andhra Pradesh,KRISHNA,2000,Rabi,Horse-gram,640,135,0.2109375
Andhra Pradesh,KRISHNA,2000,Rabi,Jowar,65,27,0.415384615
Andhra Pradesh,KRISHNA,2000,Rabi,Maize,3009,16200,5.383848455
Andhra Pradesh,KRISHNA,2000,Rabi,Moong(Green Gram),2748,1333,0.485080058
Andhra Pradesh,KRISHNA,2000,Rabi,Onion,51,897,17.58823529
Andhra Pradesh,KRISHNA,2000,Rabi,Other  Rabi pulses,1,0,0
Andhra Pradesh,KRISHNA,2000,Rabi,Rapeseed &Mustard,263,19,0.072243346
Andhra Pradesh,KRISHNA,2000,Rabi,Rice,112917,408308,3.616001134
Andhra Pradesh,KRISHNA,2000,Rabi,Sesamum,470,98,0.208510638
Andhra Pradesh,KRISHNA,2000,Rabi,Urad,99735,107614,1.078999348
Andhra Pradesh,KRISHNA,2000,Whole Year,Arecanut,4,11,2.75
Andhra Pradesh,KRISHNA,2000,Whole Year,Banana,1363,26208,19.22817315
Andhra Pradesh,KRISHNA,2000,Whole Year,Cashewnut,824,180,0.218446602
Andhra Pradesh,KRISHNA,2000,Whole Year,Coconut,1520,16273950,10706.54605
Andhra Pradesh,KRISHNA,2000,Whole Year,Dry ginger,15,28,1.866666667
Andhra Pradesh,KRISHNA,2000,Whole Year,Sugarcane,12658,1382481,109.2179649
Andhra Pradesh,KRISHNA,2000,Whole Year,Sweet potato,35,474,13.54285714
Andhra Pradesh,KRISHNA,2000,Whole Year,Tapioca,4,31,7.75
Andhra Pradesh,KRISHNA,2000,Whole Year,Tobacco,2669,7177,2.689022106
Andhra Pradesh,KRISHNA,2000,Whole Year,Turmeric,2713,12184,4.490969407
Andhra Pradesh,KRISHNA,2001,Kharif,Arhar/Tur,7714,4922,0.638060669
Andhra Pradesh,KRISHNA,2001,Kharif,Cotton(lint),35374,77615,2.194125629
Andhra Pradesh,KRISHNA,2001,Kharif,Dry chillies,9791,34885,3.562965989
Andhra Pradesh,KRISHNA,2001,Kharif,Groundnut,1720,1369,0.795930233
Andhra Pradesh,KRISHNA,2001,Kharif,Jowar,123,70,0.569105691
Andhra Pradesh,KRISHNA,2001,Kharif,Maize,4512,12061,2.673093972
Andhra Pradesh,KRISHNA,2001,Kharif,Moong(Green Gram),18212,11656,0.640017571
Andhra Pradesh,KRISHNA,2001,Kharif,Onion,10,139,13.9
Andhra Pradesh,KRISHNA,2001,Kharif,Other Kharif pulses,389,232,0.596401028
Andhra Pradesh,KRISHNA,2001,Kharif,Rice,245114,714507,2.914998735
Andhra Pradesh,KRISHNA,2001,Kharif,Sesamum,1815,305,0.168044077
Andhra Pradesh,KRISHNA,2001,Kharif,Sunflower,34,38,1.117647059
Andhra Pradesh,KRISHNA,2001,Kharif,Urad,4446,1605,0.36099865
Andhra Pradesh,KRISHNA,2001,Rabi,Arhar/Tur,80,51,0.6375
Andhra Pradesh,KRISHNA,2001,Rabi,Dry chillies,1417,2850,2.011291461
Andhra Pradesh,KRISHNA,2001,Rabi,Gram,30,56,1.866666667
Andhra Pradesh,KRISHNA,2001,Rabi,Groundnut,4757,10665,2.241959218
Andhra Pradesh,KRISHNA,2001,Rabi,Horse-gram,617,334,0.541329011
Andhra Pradesh,KRISHNA,2001,Rabi,Jowar,730,539,0.738356164
Andhra Pradesh,KRISHNA,2001,Rabi,Maize,2707,17522,6.472848171
Andhra Pradesh,KRISHNA,2001,Rabi,Moong(Green Gram),1947,648,0.332819723
Andhra Pradesh,KRISHNA,2001,Rabi,Onion,59,933,15.81355932
Andhra Pradesh,KRISHNA,2001,Rabi,Ragi,5,9,1.8
Andhra Pradesh,KRISHNA,2001,Rabi,Rapeseed &Mustard,89,23,0.258426966
Andhra Pradesh,KRISHNA,2001,Rabi,Rice,98472,358635,3.641999756
Andhra Pradesh,KRISHNA,2001,Rabi,Sesamum,187,47,0.251336898
Andhra Pradesh,KRISHNA,2001,Rabi,Urad,120196,114427,0.952003394
Andhra Pradesh,KRISHNA,2001,Whole Year,Arecanut,4,7,1.75
Andhra Pradesh,KRISHNA,2001,Whole Year,Banana,1556,3946,2.535989717
Andhra Pradesh,KRISHNA,2001,Whole Year,Cashewnut,803,220,0.273972603
Andhra Pradesh,KRISHNA,2001,Whole Year,Coconut,1789,19782864,11058.05702
Andhra Pradesh,KRISHNA,2001,Whole Year,Coriander,25,19,0.76
Andhra Pradesh,KRISHNA,2001,Whole Year,Dry ginger,14,37,2.642857143
Andhra Pradesh,KRISHNA,2001,Whole Year,Sugarcane,10690,1112198,104.0409729
Andhra Pradesh,KRISHNA,2001,Whole Year,Sweet potato,12,160,13.33333333
Andhra Pradesh,KRISHNA,2001,Whole Year,Tapioca,7,58,8.285714286
Andhra Pradesh,KRISHNA,2001,Whole Year,Tobacco,3784,6551,1.731236786
Andhra Pradesh,KRISHNA,2001,Whole Year,Turmeric,2081,7976,3.832772705
Andhra Pradesh,KRISHNA,2002,Kharif,Arhar/Tur,7425,3438,0.463030303
Andhra Pradesh,KRISHNA,2002,Kharif,Castor seed,17,4,0.235294118
Andhra Pradesh,KRISHNA,2002,Kharif,Cotton(lint),31367,57937,1.847068575
Andhra Pradesh,KRISHNA,2002,Kharif,Dry chillies,12584,31573,2.508979657
Andhra Pradesh,KRISHNA,2002,Kharif,Groundnut,985,977,0.991878173
Andhra Pradesh,KRISHNA,2002,Kharif,Jowar,81,27,0.333333333
Andhra Pradesh,KRISHNA,2002,Kharif,Maize,5834,5653,0.968974974
Andhra Pradesh,KRISHNA,2002,Kharif,Moong(Green Gram),15051,5072,0.336987576
Andhra Pradesh,KRISHNA,2002,Kharif,Onion,16,203,12.6875
Andhra Pradesh,KRISHNA,2002,Kharif,Rice,243910,761243,3.120999549
Andhra Pradesh,KRISHNA,2002,Kharif,Sesamum,1395,134,0.096057348
Andhra Pradesh,KRISHNA,2002,Kharif,Sunflower,21,23,1.095238095
Andhra Pradesh,KRISHNA,2002,Kharif,Urad,4913,255,0.051903114
Andhra Pradesh,KRISHNA,2002,Rabi,Arhar/Tur,126,58,0.46031746
Andhra Pradesh,KRISHNA,2002,Rabi,Dry chillies,1000,1663,1.663
Andhra Pradesh,KRISHNA,2002,Rabi,Gram,48,63,1.3125
Andhra Pradesh,KRISHNA,2002,Rabi,Groundnut,3447,6449,1.870902234
Andhra Pradesh,KRISHNA,2002,Rabi,Horse-gram,404,149,0.368811881
Andhra Pradesh,KRISHNA,2002,Rabi,Jowar,866,695,0.802540416
Andhra Pradesh,KRISHNA,2002,Rabi,Maize,4186,29002,6.928332537
Andhra Pradesh,KRISHNA,2002,Rabi,Moong(Green Gram),3956,3011,0.761122346
Andhra Pradesh,KRISHNA,2002,Rabi,Onion,107,1347,12.58878505
Andhra Pradesh,KRISHNA,2002,Rabi,other oilseeds,1458,1809,1.240740741
Andhra Pradesh,KRISHNA,2002,Rabi,Rapeseed &Mustard,965,89,0.092227979
Andhra Pradesh,KRISHNA,2002,Rabi,Rice,2185,5688,2.603203661
Andhra Pradesh,KRISHNA,2002,Rabi,Sesamum,303,55,0.181518152
Andhra Pradesh,KRISHNA,2002,Rabi,Urad,161327,145033,0.899000167
Andhra Pradesh,KRISHNA,2002,Whole Year,Arecanut,18,26,1.444444444
Andhra Pradesh,KRISHNA,2002,Whole Year,Banana,1346,20586,15.29420505
Andhra Pradesh,KRISHNA,2002,Whole Year,Beans & Mutter(Vegetable),182,922,5.065934066
Andhra Pradesh,KRISHNA,2002,Whole Year,Bhindi,656,5093,7.763719512
Andhra Pradesh,KRISHNA,2002,Whole Year,Bottle Gourd,135,0,0
Andhra Pradesh,KRISHNA,2002,Whole Year,Brinjal,906,11965,13.20640177
Andhra Pradesh,KRISHNA,2002,Whole Year,Cabbage,341,0,0
Andhra Pradesh,KRISHNA,2002,Whole Year,Cashewnut,478,59,0.123430962
Andhra Pradesh,KRISHNA,2002,Whole Year,Citrus Fruit,612,2718,4.441176471
Andhra Pradesh,KRISHNA,2002,Whole Year,Coconut,1889,21255984,11252.50609
Andhra Pradesh,KRISHNA,2002,Whole Year,Coriander,14,8,0.571428571
Andhra Pradesh,KRISHNA,2002,Whole Year,Cucumber,681,0,0
Andhra Pradesh,KRISHNA,2002,Whole Year,Dry ginger,12,20,1.666666667
Andhra Pradesh,KRISHNA,2002,Whole Year,Mango,62800,234926,3.740859873
Andhra Pradesh,KRISHNA,2002,Whole Year,Orange,47,841,17.89361702
Andhra Pradesh,KRISHNA,2002,Whole Year,Other Fresh Fruits,396,1217,3.073232323
Andhra Pradesh,KRISHNA,2002,Whole Year,Other Vegetables,2364,0,0
Andhra Pradesh,KRISHNA,2002,Whole Year,Papaya,23,3000,130.4347826
Andhra Pradesh,KRISHNA,2002,Whole Year,Peas  (vegetable),3,0,0
Andhra Pradesh,KRISHNA,2002,Whole Year,Pome Fruit,986,8591,8.712981744
Andhra Pradesh,KRISHNA,2002,Whole Year,Sugarcane,15203,1535260,100.9840163
Andhra Pradesh,KRISHNA,2002,Whole Year,Sweet potato,12,130,10.83333333
Andhra Pradesh,KRISHNA,2002,Whole Year,Tapioca,2,12,6
Andhra Pradesh,KRISHNA,2002,Whole Year,Tobacco,3832,9414,2.456680585
Andhra Pradesh,KRISHNA,2002,Whole Year,Tomato,1322,9348,7.071104387
Andhra Pradesh,KRISHNA,2002,Whole Year,Turmeric,1711,8141,4.758036236
Andhra Pradesh,KRISHNA,2003,Kharif,Arhar/Tur,9632,6357,0.659987542
Andhra Pradesh,KRISHNA,2003,Kharif,Bajra,10,14,1.4
Andhra Pradesh,KRISHNA,2003,Kharif,Castor seed,18,8,0.444444444
Andhra Pradesh,KRISHNA,2003,Kharif,Cotton(lint),35436,104849,2.958827181
Andhra Pradesh,KRISHNA,2003,Kharif,Dry chillies,11962,36939,3.088028758
Andhra Pradesh,KRISHNA,2003,Kharif,Gram,2,4,2
Andhra Pradesh,KRISHNA,2003,Kharif,Groundnut,1023,1112,1.086999022
Andhra Pradesh,KRISHNA,2003,Kharif,Horse-gram,79,29,0.367088608
Andhra Pradesh,KRISHNA,2003,Kharif,Jowar,147,435,2.959183673
Andhra Pradesh,KRISHNA,2003,Kharif,Maize,6576,11284,1.71593674
Andhra Pradesh,KRISHNA,2003,Kharif,Moong(Green Gram),21446,12803,0.596987783
Andhra Pradesh,KRISHNA,2003,Kharif,Onion,7,102,14.57142857
Andhra Pradesh,KRISHNA,2003,Kharif,Rice,222367,526565,2.367999748
Andhra Pradesh,KRISHNA,2003,Kharif,Sesamum,3388,993,0.29309327
Andhra Pradesh,KRISHNA,2003,Kharif,Sunflower,511,600,1.174168297
Andhra Pradesh,KRISHNA,2003,Kharif,Urad,4314,2657,0.615901715
Andhra Pradesh,KRISHNA,2003,Rabi,Dry chillies,1365,2882,2.111355311
Andhra Pradesh,KRISHNA,2003,Rabi,Gram,153,274,1.790849673
Andhra Pradesh,KRISHNA,2003,Rabi,Groundnut,6570,10959,1.66803653
Andhra Pradesh,KRISHNA,2003,Rabi,Horse-gram,635,344,0.541732283
Andhra Pradesh,KRISHNA,2003,Rabi,Jowar,1209,2271,1.878411911
Andhra Pradesh,KRISHNA,2003,Rabi,Maize,5626,31506,5.600071098
Andhra Pradesh,KRISHNA,2003,Rabi,Moong(Green Gram),27374,8732,0.318988822
Andhra Pradesh,KRISHNA,2003,Rabi,Onion,85,935,11
Andhra Pradesh,KRISHNA,2003,Rabi,other oilseeds,1881,,
Andhra Pradesh,KRISHNA,2003,Rabi,Rapeseed &Mustard,347,86,0.247838617
Andhra Pradesh,KRISHNA,2003,Rabi,Rice,7486,19359,2.586027251
Andhra Pradesh,KRISHNA,2003,Rabi,Sesamum,1319,272,0.206216831
Andhra Pradesh,KRISHNA,2003,Rabi,Urad,104579,41309,0.395002821
Andhra Pradesh,KRISHNA,2003,Whole Year,Arecanut,18,13,0.722222222
Andhra Pradesh,KRISHNA,2003,Whole Year,Banana,1249,15574,12.46917534
Andhra Pradesh,KRISHNA,2003,Whole Year,Beans & Mutter(Vegetable),290,1985,6.844827586
Andhra Pradesh,KRISHNA,2003,Whole Year,Bhindi,610,5673,9.3
Andhra Pradesh,KRISHNA,2003,Whole Year,Bottle Gourd,106,0,0
Andhra Pradesh,KRISHNA,2003,Whole Year,Brinjal,905,17203,19.00883978
Andhra Pradesh,KRISHNA,2003,Whole Year,Cabbage,288,0,0
Andhra Pradesh,KRISHNA,2003,Whole Year,Cashewnut,355,95,0.267605634
Andhra Pradesh,KRISHNA,2003,Whole Year,Citrus Fruit,646,3418,5.291021672
Andhra Pradesh,KRISHNA,2003,Whole Year,Coconut,1726,20407920,11823.82387
Andhra Pradesh,KRISHNA,2003,Whole Year,Coriander,11,8,0.727272727
Andhra Pradesh,KRISHNA,2003,Whole Year,Cucumber,687,0,0
Andhra Pradesh,KRISHNA,2003,Whole Year,Dry ginger,13,37,2.846153846
Andhra Pradesh,KRISHNA,2003,Whole Year,Mango,62652,147294,2.350986401
Andhra Pradesh,KRISHNA,2003,Whole Year,Orange,49,743,15.16326531
Andhra Pradesh,KRISHNA,2003,Whole Year,Other Fresh Fruits,351,1453,4.13960114
Andhra Pradesh,KRISHNA,2003,Whole Year,Other Vegetables,2502,0,0
Andhra Pradesh,KRISHNA,2003,Whole Year,Papaya,18,1635,90.83333333
Andhra Pradesh,KRISHNA,2003,Whole Year,Pome Fruit,981,11741,11.96839959
Andhra Pradesh,KRISHNA,2003,Whole Year,Sugarcane,17524,1322046,75.44202237
Andhra Pradesh,KRISHNA,2003,Whole Year,Sweet potato,22,159,7.227272727
Andhra Pradesh,KRISHNA,2003,Whole Year,Tobacco,4136,7924,1.915860735
Andhra Pradesh,KRISHNA,2003,Whole Year,Tomato,1650,16110,9.763636364
Andhra Pradesh,KRISHNA,2003,Whole Year,Turmeric,1410,12243,8.682978723
Andhra Pradesh,KRISHNA,2004,Kharif,Arhar/Tur,8614,4789,0.555955421
Andhra Pradesh,KRISHNA,2004,Kharif,Cotton(lint),47915,137544,2.870583325
Andhra Pradesh,KRISHNA,2004,Kharif,Dry chillies,9629,39344,4.085990238
Andhra Pradesh,KRISHNA,2004,Kharif,Groundnut,2355,5676,2.410191083
Andhra Pradesh,KRISHNA,2004,Kharif,Jowar,455,243,0.534065934
Andhra Pradesh,KRISHNA,2004,Kharif,Maize,7788,35467,4.554057524
Andhra Pradesh,KRISHNA,2004,Kharif,Moong(Green Gram),13165,7952,0.604025826
Andhra Pradesh,KRISHNA,2004,Kharif,Onion,8,136,17
Andhra Pradesh,KRISHNA,2004,Kharif,Rice,245306,804849,3.281000057
Andhra Pradesh,KRISHNA,2004,Kharif,Sesamum,990,94,0.094949495
Andhra Pradesh,KRISHNA,2004,Kharif,Soyabean,9,5,0.555555556
Andhra Pradesh,KRISHNA,2004,Kharif,Sunflower,152,136,0.894736842
Andhra Pradesh,KRISHNA,2004,Kharif,Urad,3107,1498,0.48213711
Andhra Pradesh,KRISHNA,2004,Rabi,Arhar/Tur,12,7,0.583333333
Andhra Pradesh,KRISHNA,2004,Rabi,Dry chillies,1702,4391,2.579905993
Andhra Pradesh,KRISHNA,2004,Rabi,Gram,586,895,1.527303754
Andhra Pradesh,KRISHNA,2004,Rabi,Groundnut,7305,16999,2.327036277
Andhra Pradesh,KRISHNA,2004,Rabi,Horse-gram,558,226,0.405017921
Andhra Pradesh,KRISHNA,2004,Rabi,Jowar,506,950,1.877470356
Andhra Pradesh,KRISHNA,2004,Rabi,Maize,5607,45170,8.056001427
Andhra Pradesh,KRISHNA,2004,Rabi,Moong(Green Gram),7759,4733,0.610001289
Andhra Pradesh,KRISHNA,2004,Rabi,Onion,91,1594,17.51648352
Andhra Pradesh,KRISHNA,2004,Rabi,Other  Rabi pulses,4,1,0.25
Andhra Pradesh,KRISHNA,2004,Rabi,Rapeseed &Mustard,624,42,0.067307692
Andhra Pradesh,KRISHNA,2004,Rabi,Rice,10017,31584,3.153039832
Andhra Pradesh,KRISHNA,2004,Rabi,Sesamum,809,191,0.236093943
Andhra Pradesh,KRISHNA,2004,Rabi,Sunflower,152,136,0.894736842
Andhra Pradesh,KRISHNA,2004,Rabi,Urad,140587,119921,0.853002056
Andhra Pradesh,KRISHNA,2004,Whole Year,Banana,1543,19223,12.45819831
Andhra Pradesh,KRISHNA,2004,Whole Year,Cashewnut,337,72,0.213649852
Andhra Pradesh,KRISHNA,2004,Whole Year,Coconut,1693,19892568,11749.8925
Andhra Pradesh,KRISHNA,2004,Whole Year,Coriander,14,9,0.642857143
Andhra Pradesh,KRISHNA,2004,Whole Year,Dry ginger,8,22,2.75
Andhra Pradesh,KRISHNA,2004,Whole Year,Sugarcane,18699,1884261,100.768009
Andhra Pradesh,KRISHNA,2004,Whole Year,Sweet potato,16,146,9.125
Andhra Pradesh,KRISHNA,2004,Whole Year,Tobacco,5097,9589,1.881302727
Andhra Pradesh,KRISHNA,2004,Whole Year,Turmeric,1806,25065,13.87873754
Andhra Pradesh,KRISHNA,2005,Kharif,Arhar/Tur,7158,3143,0.439089131
Andhra Pradesh,KRISHNA,2005,Kharif,Cotton(lint),45825,88415,1.929405346
Andhra Pradesh,KRISHNA,2005,Kharif,Dry chillies,4951,17215,3.477075338
Andhra Pradesh,KRISHNA,2005,Kharif,Groundnut,2466,5766,2.338199513
Andhra Pradesh,KRISHNA,2005,Kharif,Jowar,5,3,0.6
Andhra Pradesh,KRISHNA,2005,Kharif,Maize,7483,37797,5.051049045
Andhra Pradesh,KRISHNA,2005,Kharif,Moong(Green Gram),12334,9991,0.810037295
Andhra Pradesh,KRISHNA,2005,Kharif,Onion,61,1144,18.75409836
Andhra Pradesh,KRISHNA,2005,Kharif,Rice,254919,697203,2.734998176
Andhra Pradesh,KRISHNA,2005,Kharif,Sesamum,801,135,0.168539326
Andhra Pradesh,KRISHNA,2005,Kharif,Urad,3933,1353,0.344012204
Andhra Pradesh,KRISHNA,2005,Rabi,Bajra,2,2,1
Andhra Pradesh,KRISHNA,2005,Rabi,Dry chillies,1184,2579,2.178209459
Andhra Pradesh,KRISHNA,2005,Rabi,Gram,44,84,1.909090909
Andhra Pradesh,KRISHNA,2005,Rabi,Groundnut,4164,8053,1.933957733
Andhra Pradesh,KRISHNA,2005,Rabi,Horse-gram,281,101,0.359430605
Andhra Pradesh,KRISHNA,2005,Rabi,Jowar,170,496,2.917647059
Andhra Pradesh,KRISHNA,2005,Rabi,Maize,5988,38162,6.373079492
Andhra Pradesh,KRISHNA,2005,Rabi,Moong(Green Gram),2585,796,0.307930368
Andhra Pradesh,KRISHNA,2005,Rabi,Onion,101,1999,19.79207921
Andhra Pradesh,KRISHNA,2005,Rabi,Other  Rabi pulses,12,7,0.583333333
Andhra Pradesh,KRISHNA,2005,Rabi,Rapeseed &Mustard,71,5,0.070422535
Andhra Pradesh,KRISHNA,2005,Rabi,Rice,104332,409399,3.924002224
Andhra Pradesh,KRISHNA,2005,Rabi,Sesamum,190,44,0.231578947
Andhra Pradesh,KRISHNA,2005,Rabi,Urad,96531,80121,0.830002797
Andhra Pradesh,KRISHNA,2005,Whole Year,Banana,1601,27059,16.90131168
Andhra Pradesh,KRISHNA,2005,Whole Year,Cashewnut,307,82,0.267100977
Andhra Pradesh,KRISHNA,2005,Whole Year,Coconut,1627,14192976,8723.402581
Andhra Pradesh,KRISHNA,2005,Whole Year,Coriander,3,2,0.666666667
Andhra Pradesh,KRISHNA,2005,Whole Year,Dry ginger,34,94,2.764705882
Andhra Pradesh,KRISHNA,2005,Whole Year,Sugarcane,21680,1810150,83.49400369
Andhra Pradesh,KRISHNA,2005,Whole Year,Sunflower,152,173,1.138157895
Andhra Pradesh,KRISHNA,2005,Whole Year,Tobacco,4747,10060,2.1192332
Andhra Pradesh,KRISHNA,2005,Whole Year,Turmeric,2504,19471,7.775958466
Andhra Pradesh,KRISHNA,2006,Kharif,Arhar/Tur,6389,3750,0.586946314
Andhra Pradesh,KRISHNA,2006,Kharif,Cotton(lint),31586,85282,2.699993668
Andhra Pradesh,KRISHNA,2006,Kharif,Dry chillies,6470,28682,4.433075734
Andhra Pradesh,KRISHNA,2006,Kharif,Groundnut,2238,4651,2.078194817
Andhra Pradesh,KRISHNA,2006,Kharif,Jowar,227,169,0.744493392
Andhra Pradesh,KRISHNA,2006,Kharif,Maize,4971,22504,4.52705693
Andhra Pradesh,KRISHNA,2006,Kharif,Moong(Green Gram),11486,5605,0.487985373
Andhra Pradesh,KRISHNA,2006,Kharif,Onion,52,872,16.76923077
Andhra Pradesh,KRISHNA,2006,Kharif,Rice,251433,521221,2.073001555
Andhra Pradesh,KRISHNA,2006,Kharif,Sesamum,442,113,0.255656109
Andhra Pradesh,KRISHNA,2006,Kharif,Urad,4599,1651,0.358991085
Andhra Pradesh,KRISHNA,2006,Rabi,Dry chillies,698,2085,2.987106017
Andhra Pradesh,KRISHNA,2006,Rabi,Gram,321,612,1.906542056
Andhra Pradesh,KRISHNA,2006,Rabi,Groundnut,4039,11079,2.743005694
Andhra Pradesh,KRISHNA,2006,Rabi,Horse-gram,375,190,0.506666667
Andhra Pradesh,KRISHNA,2006,Rabi,Jowar,643,1387,2.157076205
Andhra Pradesh,KRISHNA,2006,Rabi,Maize,6131,57552,9.387049421
Andhra Pradesh,KRISHNA,2006,Rabi,Moong(Green Gram),1719,1086,0.631762653
Andhra Pradesh,KRISHNA,2006,Rabi,Onion,75,895,11.93333333
Andhra Pradesh,KRISHNA,2006,Rabi,Rapeseed &Mustard,2,,
Andhra Pradesh,KRISHNA,2006,Rabi,Rice,94862,355638,3.749003816
Andhra Pradesh,KRISHNA,2006,Rabi,Sesamum,158,31,0.196202532
Andhra Pradesh,KRISHNA,2006,Rabi,Urad,114076,121035,1.061003191
Andhra Pradesh,KRISHNA,2006,Whole Year,Banana,1509,29004,19.22067594
Andhra Pradesh,KRISHNA,2006,Whole Year,Cashewnut,307,81,0.263843648
Andhra Pradesh,KRISHNA,2006,Whole Year,Coconut,1648,21220329,12876.41323
Andhra Pradesh,KRISHNA,2006,Whole Year,Coriander,40,22,0.55
Andhra Pradesh,KRISHNA,2006,Whole Year,Dry ginger,21,59,2.80952381
Andhra Pradesh,KRISHNA,2006,Whole Year,Sugarcane,21424,1958089,91.39698469
Andhra Pradesh,KRISHNA,2006,Whole Year,Sunflower,136,111,0.816176471
Andhra Pradesh,KRISHNA,2006,Whole Year,Tobacco,5196,11685,2.248845266
Andhra Pradesh,KRISHNA,2006,Whole Year,Turmeric,2011,16617,8.263053207
Andhra Pradesh,KRISHNA,2007,Kharif,Arhar/Tur,4000,3000,0.75
Andhra Pradesh,KRISHNA,2007,Kharif,Cotton(lint),35000,115000,3.285714286
Andhra Pradesh,KRISHNA,2007,Kharif,Dry chillies,8000,29000,3.625
Andhra Pradesh,KRISHNA,2007,Kharif,Groundnut,3000,6000,2
Andhra Pradesh,KRISHNA,2007,Kharif,Maize,4000,23000,5.75
Andhra Pradesh,KRISHNA,2007,Kharif,Moong(Green Gram),11000,7000,0.636363636
Andhra Pradesh,KRISHNA,2007,Kharif,Rice,261000,944000,3.616858238
Andhra Pradesh,KRISHNA,2007,Kharif,Urad,3000,2000,0.666666667
Andhra Pradesh,KRISHNA,2007,Rabi,Dry chillies,1000,3000,3
Andhra Pradesh,KRISHNA,2007,Rabi,Gram,1000,2000,2
Andhra Pradesh,KRISHNA,2007,Rabi,Groundnut,6000,14000,2.333333333
Andhra Pradesh,KRISHNA,2007,Rabi,Maize,13000,102000,7.846153846
Andhra Pradesh,KRISHNA,2007,Rabi,Moong(Green Gram),2000,1000,0.5
Andhra Pradesh,KRISHNA,2007,Rabi,Rice,94000,355000,3.776595745
Andhra Pradesh,KRISHNA,2007,Rabi,Urad,122000,87000,0.713114754
Andhra Pradesh,KRISHNA,2007,Whole Year,Sugarcane,16000,1655000,103.4375
Andhra Pradesh,KRISHNA,2007,Whole Year,Tobacco,5000,12000,2.4
Andhra Pradesh,KRISHNA,2008,Kharif,Arhar/Tur,3461,2108,0.609072522
Andhra Pradesh,KRISHNA,2008,Kharif,Cotton(lint),36669,131459,3.585017317
Andhra Pradesh,KRISHNA,2008,Kharif,Dry chillies,7931,29186,3.679989913
Andhra Pradesh,KRISHNA,2008,Kharif,Groundnut,4121,11848,2.875030332
Andhra Pradesh,KRISHNA,2008,Kharif,Jowar,2,5,2.5
Andhra Pradesh,KRISHNA,2008,Kharif,Maize,5070,25005,4.931952663
Andhra Pradesh,KRISHNA,2008,Kharif,Moong(Green Gram),10365,2446,0.235986493
Andhra Pradesh,KRISHNA,2008,Kharif,Onion,31,521,16.80645161
Andhra Pradesh,KRISHNA,2008,Kharif,Rice,273878,959395,3.503001336
Andhra Pradesh,KRISHNA,2008,Kharif,Sesamum,198,39,0.196969697
Andhra Pradesh,KRISHNA,2008,Kharif,Urad,2581,836,0.323905463
Andhra Pradesh,KRISHNA,2008,Rabi,Dry chillies,688,2429,3.530523256
Andhra Pradesh,KRISHNA,2008,Rabi,Gram,931,1621,1.741138561
Andhra Pradesh,KRISHNA,2008,Rabi,Groundnut,4048,8537,2.108942688
Andhra Pradesh,KRISHNA,2008,Rabi,Horse-gram,224,84,0.375
Andhra Pradesh,KRISHNA,2008,Rabi,Jowar,274,1293,4.718978102
Andhra Pradesh,KRISHNA,2008,Rabi,Linseed,7,3,0.428571429
Andhra Pradesh,KRISHNA,2008,Rabi,Maize,24249,205365,8.469009031
Andhra Pradesh,KRISHNA,2008,Rabi,Moong(Green Gram),1375,811,0.589818182
Andhra Pradesh,KRISHNA,2008,Rabi,Onion,60,578,9.633333333
Andhra Pradesh,KRISHNA,2008,Rabi,Rapeseed &Mustard,2,,
Andhra Pradesh,KRISHNA,2008,Rabi,Rice,120655,467900,3.877999254
Andhra Pradesh,KRISHNA,2008,Rabi,Sesamum,407,73,0.179361179
Andhra Pradesh,KRISHNA,2008,Rabi,Urad,90564,89206,0.985005079
Andhra Pradesh,KRISHNA,2008,Whole Year,Banana,1475,40328,27.34101695
Andhra Pradesh,KRISHNA,2008,Whole Year,Cashewnut,282,82,0.290780142
Andhra Pradesh,KRISHNA,2008,Whole Year,Coconut,2129,19439434,9130.781588
Andhra Pradesh,KRISHNA,2008,Whole Year,Dry ginger,21,50,2.380952381
Andhra Pradesh,KRISHNA,2008,Whole Year,Sugarcane,11255,1073337,95.36534873
Andhra Pradesh,KRISHNA,2008,Whole Year,Sunflower,42,43,1.023809524
Andhra Pradesh,KRISHNA,2008,Whole Year,Tobacco,7145,19515,2.731280616
Andhra Pradesh,KRISHNA,2008,Whole Year,Turmeric,1884,20183,10.71284501
Andhra Pradesh,KRISHNA,2009,Kharif,Arhar/Tur,3073,2222,0.723071917
Andhra Pradesh,KRISHNA,2009,Kharif,Bajra,1,2,2
Andhra Pradesh,KRISHNA,2009,Kharif,Cotton(lint),46902,140706,3
Andhra Pradesh,KRISHNA,2009,Kharif,Dry chillies,9512,27813,2.923990749
Andhra Pradesh,KRISHNA,2009,Kharif,Groundnut,2630,6117,2.325855513
Andhra Pradesh,KRISHNA,2009,Kharif,Jowar,585,690,1.179487179
Andhra Pradesh,KRISHNA,2009,Kharif,Maize,3552,16339,4.599943694
Andhra Pradesh,KRISHNA,2009,Kharif,Moong(Green Gram),9092,1182,0.130004399
Andhra Pradesh,KRISHNA,2009,Kharif,Onion,7,113,16.14285714
Andhra Pradesh,KRISHNA,2009,Kharif,Rice,228196,784310,3.437001525
Andhra Pradesh,KRISHNA,2009,Kharif,Sesamum,135,34,0.251851852
Andhra Pradesh,KRISHNA,2009,Kharif,Urad,3252,693,0.213099631
Andhra Pradesh,KRISHNA,2009,Rabi,Arhar/Tur,243,176,0.724279835
Andhra Pradesh,KRISHNA,2009,Rabi,Dry chillies,1023,4024,3.933528837
Andhra Pradesh,KRISHNA,2009,Rabi,Gram,891,1463,1.641975309
Andhra Pradesh,KRISHNA,2009,Rabi,Groundnut,2894,4790,1.655148583
Andhra Pradesh,KRISHNA,2009,Rabi,Horse-gram,305,190,0.62295082
Andhra Pradesh,KRISHNA,2009,Rabi,Jowar,2584,9031,3.49496904
Andhra Pradesh,KRISHNA,2009,Rabi,Maize,16863,139676,8.28298642
Andhra Pradesh,KRISHNA,2009,Rabi,Moong(Green Gram),1576,1272,0.807106599
Andhra Pradesh,KRISHNA,2009,Rabi,Onion,52,1320,25.38461538
Andhra Pradesh,KRISHNA,2009,Rabi,Rice,108442,424984,3.918998174
Andhra Pradesh,KRISHNA,2009,Rabi,Sesamum,323,64,0.198142415
Andhra Pradesh,KRISHNA,2009,Rabi,Urad,110269,144783,1.312998213
Andhra Pradesh,KRISHNA,2009,Whole Year,Banana,1632,35124,21.52205882
Andhra Pradesh,KRISHNA,2009,Whole Year,Cashewnut,259,77,0.297297297
Andhra Pradesh,KRISHNA,2009,Whole Year,Coconut,2090,23599014,11291.39426
Andhra Pradesh,KRISHNA,2009,Whole Year,Dry ginger,57,111,1.947368421
Andhra Pradesh,KRISHNA,2009,Whole Year,Sugarcane,9494,829393,87.35970086
Andhra Pradesh,KRISHNA,2009,Whole Year,Sunflower,268,261,0.973880597
Andhra Pradesh,KRISHNA,2009,Whole Year,Sweet potato,3,39,13
Andhra Pradesh,KRISHNA,2009,Whole Year,Tobacco,7027,19474,2.771310659
Andhra Pradesh,KRISHNA,2009,Whole Year,Turmeric,2024,23414,11.56818182
Andhra Pradesh,KRISHNA,2010,Kharif,Arhar/Tur,4012,1809,0.450897308
Andhra Pradesh,KRISHNA,2010,Kharif,Cotton(lint),51963,117681,2.26470758
Andhra Pradesh,KRISHNA,2010,Kharif,Dry chillies,9375,30853,3.290986667
Andhra Pradesh,KRISHNA,2010,Kharif,Groundnut,2024,5677,2.804841897
Andhra Pradesh,KRISHNA,2010,Kharif,Maize,2468,11163,4.523095624
Andhra Pradesh,KRISHNA,2010,Kharif,Moong(Green Gram),8183,3142,0.38396676
Andhra Pradesh,KRISHNA,2010,Kharif,Onion,2,40,20
Andhra Pradesh,KRISHNA,2010,Kharif,Rice,260350,722978,2.776946418
Andhra Pradesh,KRISHNA,2010,Kharif,Sesamum,414,70,0.169082126
Andhra Pradesh,KRISHNA,2010,Kharif,Urad,2272,613,0.269806338
Andhra Pradesh,KRISHNA,2010,Rabi,Arhar/Tur,159,72,0.452830189
Andhra Pradesh,KRISHNA,2010,Rabi,Dry chillies,1533,6327,4.127201566
Andhra Pradesh,KRISHNA,2010,Rabi,Gram,814,1354,1.663390663
Andhra Pradesh,KRISHNA,2010,Rabi,Groundnut,2082,2859,1.373198847
Andhra Pradesh,KRISHNA,2010,Rabi,Horse-gram,201,83,0.412935323
Andhra Pradesh,KRISHNA,2010,Rabi,Jowar,73,285,3.904109589
Andhra Pradesh,KRISHNA,2010,Rabi,Linseed,5,1,0.2
Andhra Pradesh,KRISHNA,2010,Rabi,Maize,16750,142945,8.534029851
Andhra Pradesh,KRISHNA,2010,Rabi,Moong(Green Gram),1910,1091,0.571204188
Andhra Pradesh,KRISHNA,2010,Rabi,Onion,16,209,13.0625
Andhra Pradesh,KRISHNA,2010,Rabi,Rapeseed &Mustard,487,1180,2.422997947
Andhra Pradesh,KRISHNA,2010,Rabi,Rice,94991,367710,3.870998305
Andhra Pradesh,KRISHNA,2010,Rabi,Sesamum,285,65,0.228070175
Andhra Pradesh,KRISHNA,2010,Rabi,Urad,127896,79807,0.623999187
Andhra Pradesh,KRISHNA,2010,Whole Year,Arecanut,9,4,0.444444444
Andhra Pradesh,KRISHNA,2010,Whole Year,Banana,1465,33847,23.10375427
Andhra Pradesh,KRISHNA,2010,Whole Year,Cashewnut,170,41,0.241176471
Andhra Pradesh,KRISHNA,2010,Whole Year,Dry ginger,43,401,9.325581395
Andhra Pradesh,KRISHNA,2010,Whole Year,Ginger,43,401,9.325581395
Andhra Pradesh,KRISHNA,2010,Whole Year,Sugarcane,16144,1527716,94.63057483
Andhra Pradesh,KRISHNA,2010,Whole Year,Sunflower,76,94,1.236842105
Andhra Pradesh,KRISHNA,2010,Whole Year,Sweet potato,1,13,13
Andhra Pradesh,KRISHNA,2010,Whole Year,Tobacco,5160,12771,2.475
Andhra Pradesh,KRISHNA,2010,Whole Year,Turmeric,2014,17252,8.566037736
Andhra Pradesh,KRISHNA,2011,Kharif,Arhar/Tur,3133,1889,0.602936483
Andhra Pradesh,KRISHNA,2011,Kharif,Cotton(lint),59845,122506,2.047054892
Andhra Pradesh,KRISHNA,2011,Kharif,Dry chillies,12656,37462,2.960018963
Andhra Pradesh,KRISHNA,2011,Kharif,Groundnut,1730,3256,1.882080925
Andhra Pradesh,KRISHNA,2011,Kharif,Maize,4876,19275,3.953035275
Andhra Pradesh,KRISHNA,2011,Kharif,Moong(Green Gram),6930,5163,0.745021645
Andhra Pradesh,KRISHNA,2011,Kharif,Onion,7,101,14.42857143
Andhra Pradesh,KRISHNA,2011,Kharif,other oilseeds,3823,81640,21.35495684
Andhra Pradesh,KRISHNA,2011,Kharif,Rice,262826,980105,3.729102144
Andhra Pradesh,KRISHNA,2011,Kharif,Sesamum,174,39,0.224137931
Andhra Pradesh,KRISHNA,2011,Kharif,Urad,1503,727,0.483699268
Andhra Pradesh,KRISHNA,2011,Rabi,Arhar/Tur,1,1,1
Andhra Pradesh,KRISHNA,2011,Rabi,Dry chillies,1568,6830,4.355867347
Andhra Pradesh,KRISHNA,2011,Rabi,Gram,1283,1944,1.515198753
Andhra Pradesh,KRISHNA,2011,Rabi,Groundnut,2504,5454,2.178115016
Andhra Pradesh,KRISHNA,2011,Rabi,Horse-gram,89,37,0.415730337
Andhra Pradesh,KRISHNA,2011,Rabi,Jowar,905,4212,4.654143646
Andhra Pradesh,KRISHNA,2011,Rabi,Maize,19811,145631,7.351017112
Andhra Pradesh,KRISHNA,2011,Rabi,Moong(Green Gram),5913,4027,0.681041772
Andhra Pradesh,KRISHNA,2011,Rabi,Onion,25,640,25.6
Andhra Pradesh,KRISHNA,2011,Rabi,Rapeseed &Mustard,2699,6602,2.446091145
Andhra Pradesh,KRISHNA,2011,Rabi,Rice,9203,31437,3.41595132
Andhra Pradesh,KRISHNA,2011,Rabi,Sesamum,1345,291,0.216356877
Andhra Pradesh,KRISHNA,2011,Rabi,Urad,173354,155325,0.895998939
Andhra Pradesh,KRISHNA,2011,Whole Year,Banana,1180,35937,30.45508475
Andhra Pradesh,KRISHNA,2011,Whole Year,Cashewnut,180,46,0.255555556
Andhra Pradesh,KRISHNA,2011,Whole Year,Coconut,1965,27512912,14001.48193
Andhra Pradesh,KRISHNA,2011,Whole Year,Dry ginger,55,508,9.236363636
Andhra Pradesh,KRISHNA,2011,Whole Year,Sugarcane,16024,1621860,101.2144284
Andhra Pradesh,KRISHNA,2011,Whole Year,Sunflower,38,40,1.052631579
Andhra Pradesh,KRISHNA,2011,Whole Year,Sweet potato,10,128,12.8
Andhra Pradesh,KRISHNA,2011,Whole Year,Tobacco,3425,13256,3.870364964
Andhra Pradesh,KRISHNA,2011,Whole Year,Turmeric,2670,28540,10.68913858
Andhra Pradesh,KRISHNA,2012,Kharif,Arhar/Tur,1506,955,0.634130146
Andhra Pradesh,KRISHNA,2012,Kharif,Brinjal,521,5390,10.34548944
Andhra Pradesh,KRISHNA,2012,Kharif,Cabbage,43,1132,26.3255814
Andhra Pradesh,KRISHNA,2012,Kharif,Cashewnut,127,34,0.267716535
Andhra Pradesh,KRISHNA,2012,Kharif,Cotton(lint),64514,208722,3.235297765
Andhra Pradesh,KRISHNA,2012,Kharif,Dry chillies,9725,32919,3.384987147
Andhra Pradesh,KRISHNA,2012,Kharif,Dry ginger,53,414,7.811320755
Andhra Pradesh,KRISHNA,2012,Kharif,Groundnut,1746,4971,2.847079038
Andhra Pradesh,KRISHNA,2012,Kharif,Lemon,486,3575,7.355967078
Andhra Pradesh,KRISHNA,2012,Kharif,Maize,5246,24856,4.738086161
Andhra Pradesh,KRISHNA,2012,Kharif,Mango,54501,436226,8.003999927
Andhra Pradesh,KRISHNA,2012,Kharif,Moong(Green Gram),3172,1760,0.554854981
Andhra Pradesh,KRISHNA,2012,Kharif,Onion,2,38,19
Andhra Pradesh,KRISHNA,2012,Kharif,Papaya,80,8715,108.9375
Andhra Pradesh,KRISHNA,2012,Kharif,Rice,253166,908360,3.588001548
Andhra Pradesh,KRISHNA,2012,Kharif,Sapota,463,6112,13.20086393
Andhra Pradesh,KRISHNA,2012,Kharif,Sesamum,193,45,0.233160622
Andhra Pradesh,KRISHNA,2012,Kharif,Sugarcane,15585,1373963,88.15931986
Andhra Pradesh,KRISHNA,2012,Kharif,Tomato,549,11985,21.83060109
Andhra Pradesh,KRISHNA,2012,Kharif,Turmeric,2035,22179,10.8987715
Andhra Pradesh,KRISHNA,2012,Kharif,Urad,1078,762,0.706864564
Andhra Pradesh,KRISHNA,2012,Rabi,Arhar/Tur,7,4,0.571428571
Andhra Pradesh,KRISHNA,2012,Rabi,Brinjal,537,5555,10.34450652
Andhra Pradesh,KRISHNA,2012,Rabi,Cabbage,83,2185,26.3253012
Andhra Pradesh,KRISHNA,2012,Rabi,Castor seed,20,10,0.5
Andhra Pradesh,KRISHNA,2012,Rabi,Dry chillies,1188,4740,3.98989899
Andhra Pradesh,KRISHNA,2012,Rabi,Gram,1906,3461,1.815844701
Andhra Pradesh,KRISHNA,2012,Rabi,Groundnut,3074,6707,2.181847755
Andhra Pradesh,KRISHNA,2012,Rabi,Horse-gram,187,105,0.561497326
Andhra Pradesh,KRISHNA,2012,Rabi,Jowar,223,890,3.99103139
Andhra Pradesh,KRISHNA,2012,Rabi,Maize,20986,151750,7.23101115
Andhra Pradesh,KRISHNA,2012,Rabi,Moong(Green Gram),7946,6738,0.847973823
Andhra Pradesh,KRISHNA,2012,Rabi,Onion,2,44,22
Andhra Pradesh,KRISHNA,2012,Rabi,Rapeseed &Mustard,1378,313,0.227140784
Andhra Pradesh,KRISHNA,2012,Rabi,Rice,11365,42244,3.717025957
Andhra Pradesh,KRISHNA,2012,Rabi,Sesamum,525,138,0.262857143
Andhra Pradesh,KRISHNA,2012,Rabi,Sunflower,18,17,0.944444444
Andhra Pradesh,KRISHNA,2012,Rabi,Sweet potato,8,77,9.625
Andhra Pradesh,KRISHNA,2012,Rabi,Tobacco,2562,12515,4.884855582
Andhra Pradesh,KRISHNA,2012,Rabi,Tomato,880,8569,9.7375
Andhra Pradesh,KRISHNA,2012,Rabi,Urad,163558,161867,0.98966116
Andhra Pradesh,KRISHNA,2012,Whole Year,Coconut,2008,34309000,17086.15538
Andhra Pradesh,KRISHNA,2013,Kharif,Arhar/Tur,978,577,0.58997955
Andhra Pradesh,KRISHNA,2013,Kharif,Brinjal,555,3580,6.45045045
Andhra Pradesh,KRISHNA,2013,Kharif,Cabbage,75,1408,18.77333333
Andhra Pradesh,KRISHNA,2013,Kharif,Cashewnut,122,38,0.31147541
Andhra Pradesh,KRISHNA,2013,Kharif,Cotton(lint),59304,224658,3.788243626
Andhra Pradesh,KRISHNA,2013,Kharif,Dry chillies,9752,48350,4.957957342
Andhra Pradesh,KRISHNA,2013,Kharif,Dry ginger,53,351,6.622641509
Andhra Pradesh,KRISHNA,2013,Kharif,Groundnut,2079,4002,1.924963925
Andhra Pradesh,KRISHNA,2013,Kharif,Jowar,8,14,1.75
Andhra Pradesh,KRISHNA,2013,Kharif,Lemon,547,4358,7.967093236
Andhra Pradesh,KRISHNA,2013,Kharif,Maize,7321,30368,4.148067204
Andhra Pradesh,KRISHNA,2013,Kharif,Mango,57493,484781,8.432000417
Andhra Pradesh,KRISHNA,2013,Kharif,Moong(Green Gram),3135,1524,0.486124402
Andhra Pradesh,KRISHNA,2013,Kharif,other oilseeds,4771,60603,12.70236848
Andhra Pradesh,KRISHNA,2013,Kharif,Papaya,70,6853,97.9
Andhra Pradesh,KRISHNA,2013,Kharif,Rice,264371,773285,2.924999338
Andhra Pradesh,KRISHNA,2013,Kharif,Sapota,518,4873,9.407335907
Andhra Pradesh,KRISHNA,2013,Kharif,Sesamum,217,97,0.447004608
Andhra Pradesh,KRISHNA,2013,Kharif,Sugarcane,16123,1447765,89.79501333
Andhra Pradesh,KRISHNA,2013,Kharif,Tomato,545,9744,17.87889908
Andhra Pradesh,KRISHNA,2013,Kharif,Turmeric,2130,23626,11.09201878
Andhra Pradesh,KRISHNA,2013,Kharif,Urad,1062,748,0.70433145
Andhra Pradesh,KRISHNA,2013,Rabi,Brinjal,591,3812,6.450084602
Andhra Pradesh,KRISHNA,2013,Rabi,Cabbage,79,1483,18.7721519
Andhra Pradesh,KRISHNA,2013,Rabi,Castor seed,20,16,0.8
Andhra Pradesh,KRISHNA,2013,Rabi,Dry chillies,1001,4690,4.685314685
Andhra Pradesh,KRISHNA,2013,Rabi,Gram,1072,2066,1.927238806
Andhra Pradesh,KRISHNA,2013,Rabi,Groundnut,1947,3475,1.784797124
Andhra Pradesh,KRISHNA,2013,Rabi,Horse-gram,117,54,0.461538462
Andhra Pradesh,KRISHNA,2013,Rabi,Jowar,145,669,4.613793103
Andhra Pradesh,KRISHNA,2013,Rabi,Maize,25554,197149,7.714995695
Andhra Pradesh,KRISHNA,2013,Rabi,Moong(Green Gram),6372,5251,0.824074074
Andhra Pradesh,KRISHNA,2013,Rabi,Onion,2,37,18.5
Andhra Pradesh,KRISHNA,2013,Rabi,Rapeseed &Mustard,622,200,0.321543408
Andhra Pradesh,KRISHNA,2013,Rabi,Rice,98951,402236,4.06500187
Andhra Pradesh,KRISHNA,2013,Rabi,Sesamum,860,181,0.210465116
Andhra Pradesh,KRISHNA,2013,Rabi,Sunflower,8,9,1.125
Andhra Pradesh,KRISHNA,2013,Rabi,Sweet potato,9,79,8.777777778
Andhra Pradesh,KRISHNA,2013,Rabi,Tobacco,1591,7470,4.695160277
Andhra Pradesh,KRISHNA,2013,Rabi,Tomato,587,6636,11.30494037
Andhra Pradesh,KRISHNA,2013,Rabi,Urad,94374,86069,0.911999068
Andhra Pradesh,KRISHNA,2013,Whole Year,Banana,1266,45738,36.12796209
Andhra Pradesh,KRISHNA,2013,Whole Year,Cashewnut,122,38,0.31147541
Andhra Pradesh,KRISHNA,2013,Whole Year,Castor seed,20,16,0.8
Andhra Pradesh,KRISHNA,2013,Whole Year,Coconut,2053,34029000,16575.25572
Andhra Pradesh,KRISHNA,2013,Whole Year,Dry ginger,53,351,6.622641509
Andhra Pradesh,KRISHNA,2013,Whole Year,Sweet potato,9,79,8.777777778
Andhra Pradesh,KRISHNA,2014,Kharif,Arhar/Tur,607,403,0.663920923
Andhra Pradesh,KRISHNA,2014,Kharif,Brinjal,578,5552,9.605536332
Andhra Pradesh,KRISHNA,2014,Kharif,Cabbage,57,147,2.578947368
Andhra Pradesh,KRISHNA,2014,Kharif,Cashewnut,115,40,0.347826087
Andhra Pradesh,KRISHNA,2014,Kharif,Cotton(lint),55571,261650,4.708391067
Andhra Pradesh,KRISHNA,2014,Kharif,Dry chillies,8456,49485,5.852057711
Andhra Pradesh,KRISHNA,2014,Kharif,Dry ginger,53,330,6.226415094
Andhra Pradesh,KRISHNA,2014,Kharif,Groundnut,999,2690,2.692692693
Andhra Pradesh,KRISHNA,2014,Kharif,Lemon,626,3866,6.17571885
Andhra Pradesh,KRISHNA,2014,Kharif,Maize,4682,20048,4.281930799
Andhra Pradesh,KRISHNA,2014,Kharif,Mango,58445,663468,11.35200616
Andhra Pradesh,KRISHNA,2014,Kharif,Moong(Green Gram),2147,1576,0.734047508
Andhra Pradesh,KRISHNA,2014,Kharif,other oilseeds,5709,127784,22.38290419
Andhra Pradesh,KRISHNA,2014,Kharif,Papaya,121,9526,78.72727273
Andhra Pradesh,KRISHNA,2014,Kharif,Pome Granet,11,114,10.36363636
Andhra Pradesh,KRISHNA,2014,Kharif,Rice,235212,788901,3.353999796
Andhra Pradesh,KRISHNA,2014,Kharif,Sapota,541,4526,8.365988909
Andhra Pradesh,KRISHNA,2014,Kharif,Sesamum,70,19,0.271428571
Andhra Pradesh,KRISHNA,2014,Kharif,Sugarcane,16719,1400898,83.79077696
Andhra Pradesh,KRISHNA,2014,Kharif,Tomato,439,6312,14.37813212
Andhra Pradesh,KRISHNA,2014,Kharif,Turmeric,1887,22578,11.96502385
Andhra Pradesh,KRISHNA,2014,Kharif,Urad,841,775,0.921521998
Andhra Pradesh,KRISHNA,2014,Rabi,Brinjal,519,4985,9.605009634
Andhra Pradesh,KRISHNA,2014,Rabi,Cabbage,91,235,2.582417582
Andhra Pradesh,KRISHNA,2014,Rabi,Castor seed,20,,
Andhra Pradesh,KRISHNA,2014,Rabi,Dry chillies,827,4179,5.053204353
Andhra Pradesh,KRISHNA,2014,Rabi,Gram,769,1485,1.931079324
Andhra Pradesh,KRISHNA,2014,Rabi,Groundnut,845,1847,2.185798817
Andhra Pradesh,KRISHNA,2014,Rabi,Horse-gram,755,313,0.414569536
Andhra Pradesh,KRISHNA,2014,Rabi,Jowar,524,2370,4.522900763
Andhra Pradesh,KRISHNA,2014,Rabi,Maize,20950,141433,6.75097852
Andhra Pradesh,KRISHNA,2014,Rabi,Moong(Green Gram),15572,12286,0.788980221
Andhra Pradesh,KRISHNA,2014,Rabi,Onion,13,230,17.69230769
Andhra Pradesh,KRISHNA,2014,Rabi,Rapeseed &Mustard,890,281,0.315730337
Andhra Pradesh,KRISHNA,2014,Rabi,Rice,52830,209894,3.973007761
Andhra Pradesh,KRISHNA,2014,Rabi,Sesamum,1279,242,0.189210321
Andhra Pradesh,KRISHNA,2014,Rabi,Sunflower,15,14,0.933333333
Andhra Pradesh,KRISHNA,2014,Rabi,Sweet potato,7,77,11
Andhra Pradesh,KRISHNA,2014,Rabi,Tobacco,2006,12527,6.244765703
Andhra Pradesh,KRISHNA,2014,Rabi,Tomato,538,7289,13.54832714
Andhra Pradesh,KRISHNA,2014,Rabi,Urad,124853,145703,1.166996388
Andhra Pradesh,KRISHNA,2014,Whole Year,Coconut,1829,39653000,21680.15309
Andhra Pradesh,KRISHNA,2014,Whole Year,Rice,288042,998795,3.467532513
Andhra Pradesh,KURNOOL,1997,Kharif,Arhar/Tur,20900,6400,0.306220096
Andhra Pradesh,KURNOOL,1997,Kharif,Bajra,11600,9300,0.801724138
Andhra Pradesh,KURNOOL,1997,Kharif,Cotton(lint),90400,116900,1.293141593
Andhra Pradesh,KURNOOL,1997,Kharif,Dry chillies,8000,8500,1.0625
Andhra Pradesh,KURNOOL,1997,Kharif,Groundnut,201200,105200,0.522862823
Andhra Pradesh,KURNOOL,1997,Kharif,Jowar,9600,10400,1.083333333
Andhra Pradesh,KURNOOL,1997,Kharif,Korra,21700,13700,0.631336406
Andhra Pradesh,KURNOOL,1997,Kharif,Maize,1000,1700,1.7
Andhra Pradesh,KURNOOL,1997,Kharif,Moong(Green Gram),3000,1200,0.4
Andhra Pradesh,KURNOOL,1997,Kharif,Ragi,100,100,1
Andhra Pradesh,KURNOOL,1997,Kharif,Rice,66300,176900,2.668174962
Andhra Pradesh,KURNOOL,1997,Kharif,Sugarcane,100,9900,99
Andhra Pradesh,KURNOOL,1997,Kharif,Sunflower,81700,46200,0.565483476
Andhra Pradesh,KURNOOL,1997,Kharif,Tobacco,23000,22700,0.986956522
Andhra Pradesh,KURNOOL,1997,Kharif,Urad,600,100,0.166666667
Andhra Pradesh,KURNOOL,1997,Rabi,Arhar/Tur,100,100,1
Andhra Pradesh,KURNOOL,1997,Rabi,Dry chillies,300,300,1
Andhra Pradesh,KURNOOL,1997,Rabi,Gram,48300,22800,0.472049689
Andhra Pradesh,KURNOOL,1997,Rabi,Groundnut,31900,48100,1.507836991
Andhra Pradesh,KURNOOL,1997,Rabi,Horse-gram,2000,600,0.3
Andhra Pradesh,KURNOOL,1997,Rabi,Jowar,113800,107200,0.942003515
Andhra Pradesh,KURNOOL,1997,Rabi,Maize,100,200,2
Andhra Pradesh,KURNOOL,1997,Rabi,Moong(Green Gram),500,200,0.4
Andhra Pradesh,KURNOOL,1997,Rabi,Rice,9000,23900,2.655555556
Andhra Pradesh,KURNOOL,1997,Rabi,Sunflower,61100,34300,0.561374795
Andhra Pradesh,KURNOOL,1997,Rabi,Urad,1900,900,0.473684211
Andhra Pradesh,KURNOOL,1997,Rabi,Wheat,600,300,0.5
Andhra Pradesh,KURNOOL,1998,Kharif,Arhar/Tur,26400,10000,0.378787879
Andhra Pradesh,KURNOOL,1998,Kharif,Bajra,17700,16200,0.915254237
Andhra Pradesh,KURNOOL,1998,Kharif,Castor seed,800,300,0.375
Andhra Pradesh,KURNOOL,1998,Kharif,Cotton(lint),153700,142000,0.923877684
Andhra Pradesh,KURNOOL,1998,Kharif,Dry chillies,10300,12000,1.165048544
Andhra Pradesh,KURNOOL,1998,Kharif,Groundnut,209100,139000,0.664753706
Andhra Pradesh,KURNOOL,1998,Kharif,Jowar,9400,9100,0.968085106
Andhra Pradesh,KURNOOL,1998,Kharif,Korra,27500,19600,0.712727273
Andhra Pradesh,KURNOOL,1998,Kharif,Maize,700,1400,2
Andhra Pradesh,KURNOOL,1998,Kharif,Moong(Green Gram),4700,2900,0.617021277
Andhra Pradesh,KURNOOL,1998,Kharif,Other Kharif pulses,100,,
Andhra Pradesh,KURNOOL,1998,Kharif,Rice,75100,221700,2.952063915
Andhra Pradesh,KURNOOL,1998,Kharif,Sesamum,100,,
Andhra Pradesh,KURNOOL,1998,Kharif,Sunflower,58300,46600,0.799313894
Andhra Pradesh,KURNOOL,1998,Kharif,Urad,600,500,0.833333333
Andhra Pradesh,KURNOOL,1998,Rabi,Arhar/Tur,600,200,0.333333333
Andhra Pradesh,KURNOOL,1998,Rabi,Bajra,300,300,1
Andhra Pradesh,KURNOOL,1998,Rabi,Dry chillies,500,600,1.2
Andhra Pradesh,KURNOOL,1998,Rabi,Gram,54400,44500,0.818014706
Andhra Pradesh,KURNOOL,1998,Rabi,Groundnut,40100,83100,2.072319202
Andhra Pradesh,KURNOOL,1998,Rabi,Horse-gram,2300,1400,0.608695652
Andhra Pradesh,KURNOOL,1998,Rabi,Jowar,90200,96300,1.067627494
Andhra Pradesh,KURNOOL,1998,Rabi,Korra,100,100,1
Andhra Pradesh,KURNOOL,1998,Rabi,Maize,100,400,4
Andhra Pradesh,KURNOOL,1998,Rabi,Moong(Green Gram),1300,500,0.384615385
Andhra Pradesh,KURNOOL,1998,Rabi,Rice,20900,44500,2.129186603
Andhra Pradesh,KURNOOL,1998,Rabi,Sesamum,600,200,0.333333333
Andhra Pradesh,KURNOOL,1998,Rabi,Sunflower,71200,28300,0.39747191
Andhra Pradesh,KURNOOL,1998,Rabi,Urad,3100,2000,0.64516129
Andhra Pradesh,KURNOOL,1998,Rabi,Wheat,700,400,0.571428571
Andhra Pradesh,KURNOOL,1998,Whole Year,Sugarcane,200,15100,75.5
Andhra Pradesh,KURNOOL,1998,Whole Year,Tobacco,22100,18700,0.846153846
Andhra Pradesh,KURNOOL,1999,Kharif,Bajra,15261,9187,0.601992006
Andhra Pradesh,KURNOOL,1999,Kharif,Castor seed,1598,302,0.188986233
Andhra Pradesh,KURNOOL,1999,Kharif,Cotton(lint),106402,118294,1.111764816
Andhra Pradesh,KURNOOL,1999,Kharif,Groundnut,195335,100793,0.516000717
Andhra Pradesh,KURNOOL,1999,Kharif,Horse-gram,15,7,0.466666667
Andhra Pradesh,KURNOOL,1999,Kharif,Jowar,12603,7952,0.630960882
Andhra Pradesh,KURNOOL,1999,Kharif,Maize,669,1901,2.841554559
Andhra Pradesh,KURNOOL,1999,Kharif,Masoor,28051,7490,0.267013654
Andhra Pradesh,KURNOOL,1999,Kharif,Moong(Green Gram),6972,4950,0.709982788
Andhra Pradesh,KURNOOL,1999,Kharif,Ragi,73,87,1.191780822
Andhra Pradesh,KURNOOL,1999,Kharif,Rice,81640,225431,2.761281235
Andhra Pradesh,KURNOOL,1999,Kharif,Sesamum,402,97,0.241293532
Andhra Pradesh,KURNOOL,1999,Kharif,Urad,1578,963,0.61026616
Andhra Pradesh,KURNOOL,1999,Rabi,Bajra,559,337,0.602862254
Andhra Pradesh,KURNOOL,1999,Rabi,Gram,61739,27412,0.443998121
Andhra Pradesh,KURNOOL,1999,Rabi,Groundnut,30282,55053,1.818010699
Andhra Pradesh,KURNOOL,1999,Rabi,Horse-gram,1620,494,0.304938272
Andhra Pradesh,KURNOOL,1999,Rabi,Jowar,105751,99194,0.937995858
Andhra Pradesh,KURNOOL,1999,Rabi,Linseed,6,1,0.166666667
Andhra Pradesh,KURNOOL,1999,Rabi,Maize,134,649,4.843283582
Andhra Pradesh,KURNOOL,1999,Rabi,Masoor,325,87,0.267692308
Andhra Pradesh,KURNOOL,1999,Rabi,Moong(Green Gram),400,103,0.2575
Andhra Pradesh,KURNOOL,1999,Rabi,Rapeseed &Mustard,1968,470,0.238821138
Andhra Pradesh,KURNOOL,1999,Rabi,Rice,12430,35695,2.871681416
Andhra Pradesh,KURNOOL,1999,Rabi,Safflower,2208,726,0.328804348
Andhra Pradesh,KURNOOL,1999,Rabi,Sesamum,361,83,0.229916898
Andhra Pradesh,KURNOOL,1999,Rabi,Urad,1332,880,0.660660661
Andhra Pradesh,KURNOOL,1999,Rabi,Wheat,789,529,0.670468948
Andhra Pradesh,KURNOOL,1999,Whole Year,Dry chillies,13207,18601,1.408419777
Andhra Pradesh,KURNOOL,1999,Whole Year,Onion,10678,156507,14.65695823
Andhra Pradesh,KURNOOL,1999,Whole Year,Sugarcane,176,15620,88.75
Andhra Pradesh,KURNOOL,1999,Whole Year,Tobacco,61,61,1
Andhra Pradesh,KURNOOL,2000,Kharif,Arhar/Tur,38108,16996,0.445995591
Andhra Pradesh,KURNOOL,2000,Kharif,Bajra,18718,15199,0.811999145
Andhra Pradesh,KURNOOL,2000,Kharif,Castor seed,19382,5891,0.303941802
Andhra Pradesh,KURNOOL,2000,Kharif,Cotton(lint),118754,159270,1.341175876
Andhra Pradesh,KURNOOL,2000,Kharif,Dry chillies,13092,14715,1.123968836
Andhra Pradesh,KURNOOL,2000,Kharif,Groundnut,207639,204317,0.984001079
Andhra Pradesh,KURNOOL,2000,Kharif,Horse-gram,32,16,0.5
Andhra Pradesh,KURNOOL,2000,Kharif,Jowar,7662,11953,1.560036544
Andhra Pradesh,KURNOOL,2000,Kharif,Korra,24947,17338,0.694993386
Andhra Pradesh,KURNOOL,2000,Kharif,Maize,2635,6862,2.604174573
Andhra Pradesh,KURNOOL,2000,Kharif,Moong(Green Gram),8588,3813,0.443991616
Andhra Pradesh,KURNOOL,2000,Kharif,Niger seed,12,4,0.333333333
Andhra Pradesh,KURNOOL,2000,Kharif,Onion,8564,126747,14.79997665
Andhra Pradesh,KURNOOL,2000,Kharif,Other Kharif pulses,349,62,0.17765043
Andhra Pradesh,KURNOOL,2000,Kharif,other misc. pulses,75,17,0.226666667
Andhra Pradesh,KURNOOL,2000,Kharif,Ragi,43,70,1.627906977
Andhra Pradesh,KURNOOL,2000,Kharif,Rice,93188,307427,3.298997725
Andhra Pradesh,KURNOOL,2000,Kharif,Samai,22,14,0.636363636
Andhra Pradesh,KURNOOL,2000,Kharif,Sesamum,365,85,0.232876712
Andhra Pradesh,KURNOOL,2000,Kharif,Small millets,24969,17352,0.694941728
Andhra Pradesh,KURNOOL,2000,Kharif,Sunflower,98381,76276,0.775312306
Andhra Pradesh,KURNOOL,2000,Kharif,Urad,2971,175,0.058902726
Andhra Pradesh,KURNOOL,2000,Rabi,Arhar/Tur,336,150,0.446428571
Andhra Pradesh,KURNOOL,2000,Rabi,Bajra,504,409,0.811507937
Andhra Pradesh,KURNOOL,2000,Rabi,Dry chillies,249,284,1.140562249
Andhra Pradesh,KURNOOL,2000,Rabi,Gram,65868,57437,0.872001579
Andhra Pradesh,KURNOOL,2000,Rabi,Groundnut,33563,61521,1.833000626
Andhra Pradesh,KURNOOL,2000,Rabi,Horse-gram,1361,287,0.210874357
Andhra Pradesh,KURNOOL,2000,Rabi,Jowar,86644,105792,1.220996261
Andhra Pradesh,KURNOOL,2000,Rabi,Korra,39,27,0.692307692
Andhra Pradesh,KURNOOL,2000,Rabi,Linseed,6,1,0.166666667
Andhra Pradesh,KURNOOL,2000,Rabi,Maize,175,942,5.382857143
Andhra Pradesh,KURNOOL,2000,Rabi,Moong(Green Gram),274,92,0.335766423
Andhra Pradesh,KURNOOL,2000,Rabi,Onion,1098,23828,21.70127505
Andhra Pradesh,KURNOOL,2000,Rabi,Other  Rabi pulses,26,9,0.346153846
Andhra Pradesh,KURNOOL,2000,Rabi,other misc. pulses,12,2,0.166666667
Andhra Pradesh,KURNOOL,2000,Rabi,Rapeseed &Mustard,2610,903,0.345977011
Andhra Pradesh,KURNOOL,2000,Rabi,Rice,13909,38083,2.73801136
Andhra Pradesh,KURNOOL,2000,Rabi,Safflower,3374,1140,0.33787789
Andhra Pradesh,KURNOOL,2000,Rabi,Sesamum,126,26,0.206349206
Andhra Pradesh,KURNOOL,2000,Rabi,Small millets,39,27,0.692307692
Andhra Pradesh,KURNOOL,2000,Rabi,Urad,2465,1982,0.804056795
Andhra Pradesh,KURNOOL,2000,Rabi,Wheat,850,484,0.569411765
Andhra Pradesh,KURNOOL,2000,Whole Year,Banana,2327,32282,13.87279759
Andhra Pradesh,KURNOOL,2000,Whole Year,Coconut,99,425810,4301.111111
Andhra Pradesh,KURNOOL,2000,Whole Year,Coriander,19621,6632,0.338005199
Andhra Pradesh,KURNOOL,2000,Whole Year,Sugarcane,47,3379,71.89361702
Andhra Pradesh,KURNOOL,2000,Whole Year,Sweet potato,5,68,13.6
Andhra Pradesh,KURNOOL,2000,Whole Year,Tobacco,13264,16890,1.273371532
Andhra Pradesh,KURNOOL,2000,Whole Year,Turmeric,1324,9221,6.964501511
Andhra Pradesh,KURNOOL,2001,Kharif,Arhar/Tur,26743,10216,0.382006506
Andhra Pradesh,KURNOOL,2001,Kharif,Bajra,13932,11062,0.793999426
Andhra Pradesh,KURNOOL,2001,Kharif,Castor seed,7013,1977,0.281905034
Andhra Pradesh,KURNOOL,2001,Kharif,Cotton(lint),82631,87006,1.052946231
Andhra Pradesh,KURNOOL,2001,Kharif,Dry chillies,14427,19202,1.330976641
Andhra Pradesh,KURNOOL,2001,Kharif,Gram,10,12,1.2
Andhra Pradesh,KURNOOL,2001,Kharif,Groundnut,175910,151283,0.860002274
Andhra Pradesh,KURNOOL,2001,Kharif,Horse-gram,4,2,0.5
Andhra Pradesh,KURNOOL,2001,Kharif,Jowar,6577,6939,1.055040292
Andhra Pradesh,KURNOOL,2001,Kharif,Korra,19640,14809,0.754022403
Andhra Pradesh,KURNOOL,2001,Kharif,Maize,785,2098,2.672611465
Andhra Pradesh,KURNOOL,2001,Kharif,Mesta,120,1021,8.508333333
Andhra Pradesh,KURNOOL,2001,Kharif,Moong(Green Gram),2537,1225,0.482853764
Andhra Pradesh,KURNOOL,2001,Kharif,Onion,9130,139853,15.31796276
Andhra Pradesh,KURNOOL,2001,Kharif,Other Kharif pulses,643,86,0.133748056
Andhra Pradesh,KURNOOL,2001,Kharif,Ragi,33,41,1.242424242
Andhra Pradesh,KURNOOL,2001,Kharif,Rice,43617,121779,2.792007703
Andhra Pradesh,KURNOOL,2001,Kharif,Samai,17,6,0.352941176
Andhra Pradesh,KURNOOL,2001,Kharif,Sesamum,113,19,0.168141593
Andhra Pradesh,KURNOOL,2001,Kharif,Small millets,19657,14815,0.753675535
Andhra Pradesh,KURNOOL,2001,Kharif,Sunflower,133400,106830,0.800824588
Andhra Pradesh,KURNOOL,2001,Kharif,Urad,6601,2383,0.361005908
Andhra Pradesh,KURNOOL,2001,Rabi,Arhar/Tur,958,366,0.382045929
Andhra Pradesh,KURNOOL,2001,Rabi,Bajra,184,146,0.793478261
Andhra Pradesh,KURNOOL,2001,Rabi,Dry chillies,557,868,1.558348294
Andhra Pradesh,KURNOOL,2001,Rabi,Gram,107059,125901,1.175996413
Andhra Pradesh,KURNOOL,2001,Rabi,Groundnut,33333,67566,2.02700027
Andhra Pradesh,KURNOOL,2001,Rabi,Horse-gram,1681,909,0.540749554
Andhra Pradesh,KURNOOL,2001,Rabi,Jowar,86436,131901,1.525996113
Andhra Pradesh,KURNOOL,2001,Rabi,Korra,18,14,0.777777778
Andhra Pradesh,KURNOOL,2001,Rabi,Maize,131,848,6.473282443
Andhra Pradesh,KURNOOL,2001,Rabi,Moong(Green Gram),398,121,0.304020101
Andhra Pradesh,KURNOOL,2001,Rabi,Onion,1474,37322,25.3202171
Andhra Pradesh,KURNOOL,2001,Rabi,Other  Rabi pulses,10,6,0.6
Andhra Pradesh,KURNOOL,2001,Rabi,Rapeseed &Mustard,1071,427,0.39869281
Andhra Pradesh,KURNOOL,2001,Rabi,Rice,38162,98534,2.581992558
Andhra Pradesh,KURNOOL,2001,Rabi,Safflower,2063,759,0.36791081
Andhra Pradesh,KURNOOL,2001,Rabi,Sesamum,74,36,0.486486486
Andhra Pradesh,KURNOOL,2001,Rabi,Small millets,18,14,0.777777778
Andhra Pradesh,KURNOOL,2001,Rabi,Urad,7536,5124,0.679936306
Andhra Pradesh,KURNOOL,2001,Rabi,Wheat,1264,876,0.693037975
Andhra Pradesh,KURNOOL,2001,Whole Year,Banana,2704,29845,11.03735207
Andhra Pradesh,KURNOOL,2001,Whole Year,Coconut,110,374400,3403.636364
Andhra Pradesh,KURNOOL,2001,Whole Year,Coriander,25112,10271,0.409007646
Andhra Pradesh,KURNOOL,2001,Whole Year,Sugarcane,48,4175,86.97916667
Andhra Pradesh,KURNOOL,2001,Whole Year,Sweet potato,16,212,13.25
Andhra Pradesh,KURNOOL,2001,Whole Year,Tobacco,13217,13309,1.006960732
Andhra Pradesh,KURNOOL,2001,Whole Year,Turmeric,878,4338,4.940774487
Andhra Pradesh,KURNOOL,2002,Kharif,Arhar/Tur,31397,13187,0.420008281
Andhra Pradesh,KURNOOL,2002,Kharif,Bajra,10352,6863,0.662963679
Andhra Pradesh,KURNOOL,2002,Kharif,Castor seed,4756,966,0.203111859
Andhra Pradesh,KURNOOL,2002,Kharif,Cotton(lint),55276,49748,0.899992764
Andhra Pradesh,KURNOOL,2002,Kharif,Dry chillies,10201,13598,1.333006568
Andhra Pradesh,KURNOOL,2002,Kharif,Groundnut,167944,96568,0.575001191
Andhra Pradesh,KURNOOL,2002,Kharif,Horse-gram,2,1,0.5
Andhra Pradesh,KURNOOL,2002,Kharif,Jowar,2112,2063,0.976799242
Andhra Pradesh,KURNOOL,2002,Kharif,Korra,14000,9000,0.642857143
Andhra Pradesh,KURNOOL,2002,Kharif,Maize,1966,1905,0.968972533
Andhra Pradesh,KURNOOL,2002,Kharif,Mesta,86,650,7.558139535
Andhra Pradesh,KURNOOL,2002,Kharif,Moong(Green Gram),5716,863,0.150979706
Andhra Pradesh,KURNOOL,2002,Kharif,Onion,8365,104964,12.54799761
Andhra Pradesh,KURNOOL,2002,Kharif,Ragi,10,16,1.6
Andhra Pradesh,KURNOOL,2002,Kharif,Rice,47948,100499,2.095999833
Andhra Pradesh,KURNOOL,2002,Kharif,Sesamum,93,9,0.096774194
Andhra Pradesh,KURNOOL,2002,Kharif,Small millets,14091,8778,0.62295082
Andhra Pradesh,KURNOOL,2002,Kharif,Sunflower,192119,151230,0.78716837
Andhra Pradesh,KURNOOL,2002,Kharif,Urad,3049,158,0.051820269
Andhra Pradesh,KURNOOL,2002,Rabi,Arhar/Tur,622,261,0.419614148
Andhra Pradesh,KURNOOL,2002,Rabi,Bajra,362,240,0.662983425
Andhra Pradesh,KURNOOL,2002,Rabi,Dry chillies,792,1532,1.934343434
Andhra Pradesh,KURNOOL,2002,Rabi,Gram,143953,157053,1.091001924
Andhra Pradesh,KURNOOL,2002,Rabi,Groundnut,18980,26667,1.405005269
Andhra Pradesh,KURNOOL,2002,Rabi,Horse-gram,1248,462,0.370192308
Andhra Pradesh,KURNOOL,2002,Rabi,Jowar,100721,135067,1.34100138
Andhra Pradesh,KURNOOL,2002,Rabi,Linseed,2,1,0.5
Andhra Pradesh,KURNOOL,2002,Rabi,Maize,631,4373,6.930269414
Andhra Pradesh,KURNOOL,2002,Rabi,Moong(Green Gram),486,124,0.255144033
Andhra Pradesh,KURNOOL,2002,Rabi,Onion,1290,25465,19.74031008
Andhra Pradesh,KURNOOL,2002,Rabi,Rapeseed &Mustard,1085,525,0.483870968
Andhra Pradesh,KURNOOL,2002,Rabi,Rice,10974,24856,2.264989976
Andhra Pradesh,KURNOOL,2002,Rabi,Safflower,1642,603,0.367235079
Andhra Pradesh,KURNOOL,2002,Rabi,Sesamum,154,50,0.324675325
Andhra Pradesh,KURNOOL,2002,Rabi,Small millets,15,9,0.6
Andhra Pradesh,KURNOOL,2002,Rabi,Urad,7074,4096,0.57902177
Andhra Pradesh,KURNOOL,2002,Rabi,Wheat,941,867,0.921360255
Andhra Pradesh,KURNOOL,2002,Whole Year,Banana,1862,49164,26.40386681
Andhra Pradesh,KURNOOL,2002,Whole Year,Beans & Mutter(Vegetable),356,1838,5.162921348
Andhra Pradesh,KURNOOL,2002,Whole Year,Bhindi,6908,51451,7.448031268
Andhra Pradesh,KURNOOL,2002,Whole Year,Bottle Gourd,2,0,0
Andhra Pradesh,KURNOOL,2002,Whole Year,Brinjal,997,29822,29.91173521
Andhra Pradesh,KURNOOL,2002,Whole Year,Cabbage,2,0,0
Andhra Pradesh,KURNOOL,2002,Whole Year,Citrus Fruit,98,497,5.071428571
Andhra Pradesh,KURNOOL,2002,Whole Year,Coconut,100,425733,4257.33
Andhra Pradesh,KURNOOL,2002,Whole Year,Coriander,17839,5584,0.31302203
Andhra Pradesh,KURNOOL,2002,Whole Year,Cucumber,141,0,0
Andhra Pradesh,KURNOOL,2002,Whole Year,Mango,3021,14250,4.716981132
Andhra Pradesh,KURNOOL,2002,Whole Year,Orange,769,6280,8.166449935
Andhra Pradesh,KURNOOL,2002,Whole Year,Other Fresh Fruits,549,948,1.726775956
Andhra Pradesh,KURNOOL,2002,Whole Year,Other Vegetables,1481,0,0
Andhra Pradesh,KURNOOL,2002,Whole Year,Papaya,186,24263,130.4462366
Andhra Pradesh,KURNOOL,2002,Whole Year,Pome Fruit,139,7213,51.89208633
Andhra Pradesh,KURNOOL,2002,Whole Year,Potato,1,5,5
Andhra Pradesh,KURNOOL,2002,Whole Year,Sugarcane,80,5906,73.825
Andhra Pradesh,KURNOOL,2002,Whole Year,Sweet potato,17,184,10.82352941
Andhra Pradesh,KURNOOL,2002,Whole Year,Tobacco,7240,6830,0.943370166
Andhra Pradesh,KURNOOL,2002,Whole Year,Tomato,21469,142009,6.614607108
Andhra Pradesh,KURNOOL,2002,Whole Year,Turmeric,878,2848,3.243735763
Andhra Pradesh,KURNOOL,2003,Kharif,Arhar/Tur,33380,13552,0.405991612
Andhra Pradesh,KURNOOL,2003,Kharif,Bajra,14793,17707,1.196985061
Andhra Pradesh,KURNOOL,2003,Kharif,Castor seed,11557,4831,0.418015056
Andhra Pradesh,KURNOOL,2003,Kharif,Cotton(lint),39274,42739,1.088226307
Andhra Pradesh,KURNOOL,2003,Kharif,Dry chillies,11597,25026,2.157971889
Andhra Pradesh,KURNOOL,2003,Kharif,Groundnut,172279,164182,0.953000656
Andhra Pradesh,KURNOOL,2003,Kharif,Horse-gram,8,3,0.375
Andhra Pradesh,KURNOOL,2003,Kharif,Jowar,13685,62280,4.550968213
Andhra Pradesh,KURNOOL,2003,Kharif,Korra,17008,13589,0.798976952
Andhra Pradesh,KURNOOL,2003,Kharif,Maize,3534,6064,1.71590266
Andhra Pradesh,KURNOOL,2003,Kharif,Moong(Green Gram),11210,6098,0.543978591
Andhra Pradesh,KURNOOL,2003,Kharif,Onion,9665,153461,15.87801345
Andhra Pradesh,KURNOOL,2003,Kharif,Other Kharif pulses,99,26,0.262626263
Andhra Pradesh,KURNOOL,2003,Kharif,Ragi,7,6,0.857142857
Andhra Pradesh,KURNOOL,2003,Kharif,Rice,34618,100635,2.907013692
Andhra Pradesh,KURNOOL,2003,Kharif,Sesamum,429,126,0.293706294
Andhra Pradesh,KURNOOL,2003,Kharif,Small millets,16995,13579,0.798999706
Andhra Pradesh,KURNOOL,2003,Kharif,Sunflower,216637,142013,0.655534373
Andhra Pradesh,KURNOOL,2003,Kharif,Urad,1586,977,0.616015132
Andhra Pradesh,KURNOOL,2003,Rabi,Arhar/Tur,197,80,0.406091371
Andhra Pradesh,KURNOOL,2003,Rabi,Bajra,236,282,1.194915254
Andhra Pradesh,KURNOOL,2003,Rabi,Dry chillies,932,1947,2.089055794
Andhra Pradesh,KURNOOL,2003,Rabi,Gram,139705,110507,0.791002469
Andhra Pradesh,KURNOOL,2003,Rabi,Groundnut,17180,31628,1.840977881
Andhra Pradesh,KURNOOL,2003,Rabi,Horse-gram,1143,618,0.540682415
Andhra Pradesh,KURNOOL,2003,Rabi,Jowar,104115,139618,1.340997935
Andhra Pradesh,KURNOOL,2003,Rabi,Linseed,1,0,0
Andhra Pradesh,KURNOOL,2003,Rabi,Maize,1490,8344,5.6
Andhra Pradesh,KURNOOL,2003,Rabi,Moong(Green Gram),77,26,0.337662338
Andhra Pradesh,KURNOOL,2003,Rabi,Onion,1184,26927,22.74239865
Andhra Pradesh,KURNOOL,2003,Rabi,Other  Rabi pulses,26,5,0.192307692
Andhra Pradesh,KURNOOL,2003,Rabi,other oilseeds,13,,
Andhra Pradesh,KURNOOL,2003,Rabi,Rapeseed &Mustard,145,48,0.331034483
Andhra Pradesh,KURNOOL,2003,Rabi,Rice,4966,11377,2.290978655
Andhra Pradesh,KURNOOL,2003,Rabi,Safflower,2420,813,0.335950413
Andhra Pradesh,KURNOOL,2003,Rabi,Sesamum,78,14,0.179487179
Andhra Pradesh,KURNOOL,2003,Rabi,Small millets,13,10,0.769230769
Andhra Pradesh,KURNOOL,2003,Rabi,Urad,951,368,0.386961094
Andhra Pradesh,KURNOOL,2003,Rabi,Wheat,694,206,0.296829971
Andhra Pradesh,KURNOOL,2003,Whole Year,Banana,2960,23820,8.047297297
Andhra Pradesh,KURNOOL,2003,Whole Year,Beans & Mutter(Vegetable),686,3441,5.016034985
Andhra Pradesh,KURNOOL,2003,Whole Year,Bhindi,5506,47726,8.667998547
Andhra Pradesh,KURNOOL,2003,Whole Year,Bottle Gourd,36,0,0
Andhra Pradesh,KURNOOL,2003,Whole Year,Brinjal,1495,27359,18.30033445
Andhra Pradesh,KURNOOL,2003,Whole Year,Cabbage,11,0,0
Andhra Pradesh,KURNOOL,2003,Whole Year,Citrus Fruit,114,1918,16.8245614
Andhra Pradesh,KURNOOL,2003,Whole Year,Coconut,86,342720,3985.116279
Andhra Pradesh,KURNOOL,2003,Whole Year,Coriander,15401,4913,0.319005259
Andhra Pradesh,KURNOOL,2003,Whole Year,Cucumber,399,0,0
Andhra Pradesh,KURNOOL,2003,Whole Year,Grapes,4,69,17.25
Andhra Pradesh,KURNOOL,2003,Whole Year,Mango,4174,61878,14.82462865
Andhra Pradesh,KURNOOL,2003,Whole Year,Orange,910,15208,16.71208791
Andhra Pradesh,KURNOOL,2003,Whole Year,Other Fresh Fruits,581,1280,2.203098107
Andhra Pradesh,KURNOOL,2003,Whole Year,Other Vegetables,2392,0,0
Andhra Pradesh,KURNOOL,2003,Whole Year,Papaya,187,16981,90.80748663
Andhra Pradesh,KURNOOL,2003,Whole Year,Pome Fruit,148,8420,56.89189189
Andhra Pradesh,KURNOOL,2003,Whole Year,Sugarcane,435,31537,72.49885057
Andhra Pradesh,KURNOOL,2003,Whole Year,Sweet potato,15,108,7.2
Andhra Pradesh,KURNOOL,2003,Whole Year,Tobacco,13777,17318,1.257022574
Andhra Pradesh,KURNOOL,2003,Whole Year,Tomato,19358,293269,15.14975721
Andhra Pradesh,KURNOOL,2003,Whole Year,Turmeric,691,4806,6.955137482
Andhra Pradesh,KURNOOL,2004,Kharif,Arhar/Tur,33205,14643,0.440987803
Andhra Pradesh,KURNOOL,2004,Kharif,Bajra,10376,9598,0.925019275
Andhra Pradesh,KURNOOL,2004,Kharif,Castor seed,10144,5931,0.584680599
Andhra Pradesh,KURNOOL,2004,Kharif,Cotton(lint),74578,64488,0.864705409
Andhra Pradesh,KURNOOL,2004,Kharif,Dry chillies,16951,33088,1.951979234
Andhra Pradesh,KURNOOL,2004,Kharif,Groundnut,181856,170035,0.93499802
Andhra Pradesh,KURNOOL,2004,Kharif,Jowar,16448,64871,3.94400535
Andhra Pradesh,KURNOOL,2004,Kharif,Maize,7241,20782,2.870045574
Andhra Pradesh,KURNOOL,2004,Kharif,Moong(Green Gram),5551,2065,0.372005044
Andhra Pradesh,KURNOOL,2004,Kharif,Onion,13121,234367,17.86197698
Andhra Pradesh,KURNOOL,2004,Kharif,Other Kharif pulses,103,17,0.165048544
Andhra Pradesh,KURNOOL,2004,Kharif,Ragi,16,22,1.375
Andhra Pradesh,KURNOOL,2004,Kharif,Rice,61465,210702,3.427999675
Andhra Pradesh,KURNOOL,2004,Kharif,Sesamum,199,19,0.095477387
Andhra Pradesh,KURNOOL,2004,Kharif,Small millets,14814,9437,0.637032537
Andhra Pradesh,KURNOOL,2004,Kharif,Sunflower,201629,106527,0.528331738
Andhra Pradesh,KURNOOL,2004,Kharif,Urad,1017,490,0.481809243
Andhra Pradesh,KURNOOL,2004,Rabi,Arhar/Tur,318,140,0.440251572
Andhra Pradesh,KURNOOL,2004,Rabi,Bajra,760,703,0.925
Andhra Pradesh,KURNOOL,2004,Rabi,Dry chillies,468,2275,4.861111111
Andhra Pradesh,KURNOOL,2004,Rabi,Gram,110677,120527,1.088997714
Andhra Pradesh,KURNOOL,2004,Rabi,Groundnut,19367,36933,1.907006764
Andhra Pradesh,KURNOOL,2004,Rabi,Horse-gram,981,130,0.132517839
Andhra Pradesh,KURNOOL,2004,Rabi,Jowar,86637,139745,1.612994448
Andhra Pradesh,KURNOOL,2004,Rabi,Linseed,6,1,0.166666667
Andhra Pradesh,KURNOOL,2004,Rabi,Maize,769,5559,7.228868661
Andhra Pradesh,KURNOOL,2004,Rabi,Moong(Green Gram),258,84,0.325581395
Andhra Pradesh,KURNOOL,2004,Rabi,Onion,953,17928,18.81217209
Andhra Pradesh,KURNOOL,2004,Rabi,Other  Rabi pulses,37,8,0.216216216
Andhra Pradesh,KURNOOL,2004,Rabi,Rapeseed &Mustard,1557,750,0.481695568
Andhra Pradesh,KURNOOL,2004,Rabi,Rice,12058,37549,3.114032178
Andhra Pradesh,KURNOOL,2004,Rabi,Safflower,1070,260,0.242990654
Andhra Pradesh,KURNOOL,2004,Rabi,Sesamum,114,74,0.649122807
Andhra Pradesh,KURNOOL,2004,Rabi,Small millets,11,7,0.636363636
Andhra Pradesh,KURNOOL,2004,Rabi,Sunflower,120469,68788,0.571001668
Andhra Pradesh,KURNOOL,2004,Rabi,Urad,2158,1368,0.633920297
Andhra Pradesh,KURNOOL,2004,Rabi,Wheat,393,88,0.223918575
Andhra Pradesh,KURNOOL,2004,Whole Year,Banana,1302,37774,29.01228879
Andhra Pradesh,KURNOOL,2004,Whole Year,Coconut,64,486530,7602.03125
Andhra Pradesh,KURNOOL,2004,Whole Year,Coriander,9147,2451,0.267956707
Andhra Pradesh,KURNOOL,2004,Whole Year,Potato,142,1406,9.901408451
Andhra Pradesh,KURNOOL,2004,Whole Year,Sugarcane,393,34395,87.51908397
Andhra Pradesh,KURNOOL,2004,Whole Year,Sweet potato,26,53,2.038461538
Andhra Pradesh,KURNOOL,2004,Whole Year,Tobacco,12981,14110,1.086973269
Andhra Pradesh,KURNOOL,2004,Whole Year,Turmeric,1568,14151,9.024872449
Andhra Pradesh,KURNOOL,2005,Kharif,Arhar/Tur,35437,25869,0.729999718
Andhra Pradesh,KURNOOL,2005,Kharif,Bajra,10949,13391,1.223034067
Andhra Pradesh,KURNOOL,2005,Kharif,Castor seed,21372,15623,0.731003182
Andhra Pradesh,KURNOOL,2005,Kharif,Cotton(lint),24333,22615,0.929396293
Andhra Pradesh,KURNOOL,2005,Kharif,Dry chillies,8426,13659,1.621053881
Andhra Pradesh,KURNOOL,2005,Kharif,Groundnut,224525,243610,1.08500167
Andhra Pradesh,KURNOOL,2005,Kharif,Horse-gram,25,10,0.4
Andhra Pradesh,KURNOOL,2005,Kharif,Jowar,20905,87801,4.2
Andhra Pradesh,KURNOOL,2005,Kharif,Maize,8188,51380,6.275036639
Andhra Pradesh,KURNOOL,2005,Kharif,Moong(Green Gram),4816,3337,0.692898671
Andhra Pradesh,KURNOOL,2005,Kharif,Onion,12216,254752,20.85396202
Andhra Pradesh,KURNOOL,2005,Kharif,Other Kharif pulses,54,12,0.222222222
Andhra Pradesh,KURNOOL,2005,Kharif,Ragi,7,10,1.428571429
Andhra Pradesh,KURNOOL,2005,Kharif,Rice,88555,292586,3.304003162
Andhra Pradesh,KURNOOL,2005,Kharif,Sesamum,162,27,0.166666667
Andhra Pradesh,KURNOOL,2005,Kharif,Small millets,14285,12742,0.891984599
Andhra Pradesh,KURNOOL,2005,Kharif,Soyabean,994,548,0.551307847
Andhra Pradesh,KURNOOL,2005,Kharif,Urad,1304,449,0.344325153
Andhra Pradesh,KURNOOL,2005,Rabi,Bajra,1241,1518,1.223207091
Andhra Pradesh,KURNOOL,2005,Rabi,Dry chillies,414,1528,3.690821256
Andhra Pradesh,KURNOOL,2005,Rabi,Gram,138260,226885,1.641002459
Andhra Pradesh,KURNOOL,2005,Rabi,Groundnut,26985,53997,2.001000556
Andhra Pradesh,KURNOOL,2005,Rabi,Horse-gram,1406,531,0.377667141
Andhra Pradesh,KURNOOL,2005,Rabi,Jowar,73299,140514,1.916997503
Andhra Pradesh,KURNOOL,2005,Rabi,Linseed,6,2,0.333333333
Andhra Pradesh,KURNOOL,2005,Rabi,Maize,929,6941,7.471474704
Andhra Pradesh,KURNOOL,2005,Rabi,Moong(Green Gram),105,32,0.304761905
Andhra Pradesh,KURNOOL,2005,Rabi,Onion,2559,60664,23.70613521
Andhra Pradesh,KURNOOL,2005,Rabi,Other  Rabi pulses,73,22,0.301369863
Andhra Pradesh,KURNOOL,2005,Rabi,Ragi,6,10,1.666666667
Andhra Pradesh,KURNOOL,2005,Rabi,Rapeseed &Mustard,4488,2482,0.553030303
Andhra Pradesh,KURNOOL,2005,Rabi,Rice,20079,65980,3.28602022
Andhra Pradesh,KURNOOL,2005,Rabi,Safflower,1373,487,0.354697742
Andhra Pradesh,KURNOOL,2005,Rabi,Sesamum,117,79,0.675213675
Andhra Pradesh,KURNOOL,2005,Rabi,Small millets,3,3,1
Andhra Pradesh,KURNOOL,2005,Rabi,Urad,670,421,0.628358209
Andhra Pradesh,KURNOOL,2005,Rabi,Wheat,711,418,0.58790436
Andhra Pradesh,KURNOOL,2005,Whole Year,Banana,1234,28942,23.45380875
Andhra Pradesh,KURNOOL,2005,Whole Year,Coconut,60,227136,3785.6
Andhra Pradesh,KURNOOL,2005,Whole Year,Coriander,6514,2736,0.420018422
Andhra Pradesh,KURNOOL,2005,Whole Year,Sugarcane,1817,175635,96.66208035
Andhra Pradesh,KURNOOL,2005,Whole Year,Sunflower,180697,106120,0.587281471
Andhra Pradesh,KURNOOL,2005,Whole Year,Sweet potato,8,42,5.25
Andhra Pradesh,KURNOOL,2005,Whole Year,Tobacco,13857,14927,1.077217291
Andhra Pradesh,KURNOOL,2005,Whole Year,Turmeric,978,7409,7.575664622
Andhra Pradesh,KURNOOL,2006,Kharif,Arhar/Tur,32801,9742,0.29700314
Andhra Pradesh,KURNOOL,2006,Kharif,Bajra,8784,7993,0.909949909
Andhra Pradesh,KURNOOL,2006,Kharif,Castor seed,10468,5255,0.502006114
Andhra Pradesh,KURNOOL,2006,Kharif,Cotton(lint),17223,22896,1.329385125
Andhra Pradesh,KURNOOL,2006,Kharif,Dry chillies,11290,29196,2.586005314
Andhra Pradesh,KURNOOL,2006,Kharif,Groundnut,186459,114113,0.612000493
Andhra Pradesh,KURNOOL,2006,Kharif,Jowar,4905,9839,2.005912334
Andhra Pradesh,KURNOOL,2006,Kharif,Maize,11988,40028,3.339005672
Andhra Pradesh,KURNOOL,2006,Kharif,Mesta,160,1405,8.78125
Andhra Pradesh,KURNOOL,2006,Kharif,Moong(Green Gram),3945,489,0.123954373
Andhra Pradesh,KURNOOL,2006,Kharif,Onion,11174,203065,18.17299087
Andhra Pradesh,KURNOOL,2006,Kharif,Other Kharif pulses,3,1,0.333333333
Andhra Pradesh,KURNOOL,2006,Kharif,Ragi,1,1,1
Andhra Pradesh,KURNOOL,2006,Kharif,Rice,80692,270238,3.349006097
Andhra Pradesh,KURNOOL,2006,Kharif,Sesamum,198,51,0.257575758
Andhra Pradesh,KURNOOL,2006,Kharif,Small millets,7615,5056,0.663952725
Andhra Pradesh,KURNOOL,2006,Kharif,Soyabean,519,529,1.019267823
Andhra Pradesh,KURNOOL,2006,Kharif,Urad,2849,1091,0.382941383
Andhra Pradesh,KURNOOL,2006,Rabi,Arhar/Tur,202,60,0.297029703
Andhra Pradesh,KURNOOL,2006,Rabi,Bajra,681,620,0.910425844
Andhra Pradesh,KURNOOL,2006,Rabi,Dry chillies,461,1720,3.731019523
Andhra Pradesh,KURNOOL,2006,Rabi,Gram,217586,207142,0.952000588
Andhra Pradesh,KURNOOL,2006,Rabi,Groundnut,24156,45051,1.865002484
Andhra Pradesh,KURNOOL,2006,Rabi,Horse-gram,1474,731,0.495929444
Andhra Pradesh,KURNOOL,2006,Rabi,Jowar,68331,102838,1.504997732
Andhra Pradesh,KURNOOL,2006,Rabi,Maize,1731,13116,7.57712305
Andhra Pradesh,KURNOOL,2006,Rabi,Moong(Green Gram),434,162,0.373271889
Andhra Pradesh,KURNOOL,2006,Rabi,Onion,1321,29893,22.62906889
Andhra Pradesh,KURNOOL,2006,Rabi,Other  Rabi pulses,65,31,0.476923077
Andhra Pradesh,KURNOOL,2006,Rabi,Rapeseed &Mustard,4622,2727,0.590004327
Andhra Pradesh,KURNOOL,2006,Rabi,Rice,12475,36764,2.947014028
Andhra Pradesh,KURNOOL,2006,Rabi,Safflower,708,280,0.395480226
Andhra Pradesh,KURNOOL,2006,Rabi,Sesamum,659,373,0.566009105
Andhra Pradesh,KURNOOL,2006,Rabi,Small millets,61,41,0.672131148
Andhra Pradesh,KURNOOL,2006,Rabi,Urad,3323,2599,0.782124586
Andhra Pradesh,KURNOOL,2006,Rabi,Wheat,670,176,0.262686567
Andhra Pradesh,KURNOOL,2006,Whole Year,Banana,2128,45722,21.48590226
Andhra Pradesh,KURNOOL,2006,Whole Year,Coconut,52,421974,8114.884615
Andhra Pradesh,KURNOOL,2006,Whole Year,Coriander,6517,2020,0.30995857
Andhra Pradesh,KURNOOL,2006,Whole Year,Dry ginger,1,3,3
Andhra Pradesh,KURNOOL,2006,Whole Year,Sugarcane,2246,210675,93.80008905
Andhra Pradesh,KURNOOL,2006,Whole Year,Sunflower,174126,112494,0.646049412
Andhra Pradesh,KURNOOL,2006,Whole Year,Sweet potato,6,33,5.5
Andhra Pradesh,KURNOOL,2006,Whole Year,Tobacco,8155,9251,1.134396076
Andhra Pradesh,KURNOOL,2006,Whole Year,Turmeric,1183,9277,7.841927303
Andhra Pradesh,KURNOOL,2007,Kharif,Arhar/Tur,34000,22000,0.647058824
Andhra Pradesh,KURNOOL,2007,Kharif,Bajra,10000,11000,1.1
Andhra Pradesh,KURNOOL,2007,Kharif,Castor seed,14000,10000,0.714285714
Andhra Pradesh,KURNOOL,2007,Kharif,Cotton(lint),29000,48000,1.655172414
Andhra Pradesh,KURNOOL,2007,Kharif,Dry chillies,13000,42000,3.230769231
Andhra Pradesh,KURNOOL,2007,Kharif,Groundnut,206000,259000,1.257281553
Andhra Pradesh,KURNOOL,2007,Kharif,Jowar,5000,17000,3.4
Andhra Pradesh,KURNOOL,2007,Kharif,Maize,18000,104000,5.777777778
Andhra Pradesh,KURNOOL,2007,Kharif,Moong(Green Gram),9000,6000,0.666666667
Andhra Pradesh,KURNOOL,2007,Kharif,Onion,14000,248000,17.71428571
Andhra Pradesh,KURNOOL,2007,Kharif,Rice,90000,332000,3.688888889
Andhra Pradesh,KURNOOL,2007,Kharif,Small millets,9000,9000,1
Andhra Pradesh,KURNOOL,2007,Kharif,Sunflower,72000,44000,0.611111111
Andhra Pradesh,KURNOOL,2007,Kharif,Urad,8000,5000,0.625
Andhra Pradesh,KURNOOL,2007,Rabi,Dry chillies,1000,2000,2
Andhra Pradesh,KURNOOL,2007,Rabi,Gram,236000,412000,1.745762712
Andhra Pradesh,KURNOOL,2007,Rabi,Groundnut,31000,74000,2.387096774
Andhra Pradesh,KURNOOL,2007,Rabi,Horse-gram,1000,1000,1
Andhra Pradesh,KURNOOL,2007,Rabi,Jowar,63000,135000,2.142857143
Andhra Pradesh,KURNOOL,2007,Rabi,Maize,2000,16000,8
Andhra Pradesh,KURNOOL,2007,Rabi,Onion,2000,37000,18.5
Andhra Pradesh,KURNOOL,2007,Rabi,Rice,19000,51000,2.684210526
Andhra Pradesh,KURNOOL,2007,Rabi,Sunflower,85000,90000,1.058823529
Andhra Pradesh,KURNOOL,2007,Rabi,Urad,2000,1000,0.5
Andhra Pradesh,KURNOOL,2007,Whole Year,Sugarcane,2000,143000,71.5
Andhra Pradesh,KURNOOL,2007,Whole Year,Tobacco,7000,10000,1.428571429
Andhra Pradesh,KURNOOL,2008,Kharif,Arhar/Tur,30259,10470,0.346012757
Andhra Pradesh,KURNOOL,2008,Kharif,Bajra,7864,8540,1.085961343
Andhra Pradesh,KURNOOL,2008,Kharif,Castor seed,15055,11337,0.753038858
Andhra Pradesh,KURNOOL,2008,Kharif,Cotton(lint),23397,42803,1.829422576
Andhra Pradesh,KURNOOL,2008,Kharif,Dry chillies,13742,33407,2.431014408
Andhra Pradesh,KURNOOL,2008,Kharif,Groundnut,223958,126984,0.566999169
Andhra Pradesh,KURNOOL,2008,Kharif,Jowar,10834,32329,2.984031752
Andhra Pradesh,KURNOOL,2008,Kharif,Maize,17806,90454,5.079973043
Andhra Pradesh,KURNOOL,2008,Kharif,Mesta,2,16,8
Andhra Pradesh,KURNOOL,2008,Kharif,Moong(Green Gram),926,361,0.389848812
Andhra Pradesh,KURNOOL,2008,Kharif,Onion,16549,294241,17.77998671
Andhra Pradesh,KURNOOL,2008,Kharif,Rice,84066,279856,3.329003402
Andhra Pradesh,KURNOOL,2008,Kharif,Sesamum,107,21,0.196261682
Andhra Pradesh,KURNOOL,2008,Kharif,Small millets,7232,5655,0.781941372
Andhra Pradesh,KURNOOL,2008,Kharif,Soyabean,89,121,1.359550562
Andhra Pradesh,KURNOOL,2008,Kharif,Urad,1133,411,0.362753751
Andhra Pradesh,KURNOOL,2008,Rabi,Arhar/Tur,162,56,0.345679012
Andhra Pradesh,KURNOOL,2008,Rabi,Bajra,368,400,1.086956522
Andhra Pradesh,KURNOOL,2008,Rabi,Dry chillies,343,707,2.06122449
Andhra Pradesh,KURNOOL,2008,Rabi,Gram,224086,327390,1.46100158
Andhra Pradesh,KURNOOL,2008,Rabi,Groundnut,22185,49162,2.216001803
Andhra Pradesh,KURNOOL,2008,Rabi,Horse-gram,1128,749,0.664007092
Andhra Pradesh,KURNOOL,2008,Rabi,Jowar,55426,134186,2.420993757
Andhra Pradesh,KURNOOL,2008,Rabi,Maize,3512,31011,8.83001139
Andhra Pradesh,KURNOOL,2008,Rabi,Moong(Green Gram),63,21,0.333333333
Andhra Pradesh,KURNOOL,2008,Rabi,Onion,1674,41274,24.65591398
Andhra Pradesh,KURNOOL,2008,Rabi,Rapeseed &Mustard,4591,3012,0.656066217
Andhra Pradesh,KURNOOL,2008,Rabi,Rice,27383,97073,3.545009678
Andhra Pradesh,KURNOOL,2008,Rabi,Safflower,380,147,0.386842105
Andhra Pradesh,KURNOOL,2008,Rabi,Sesamum,332,144,0.43373494
Andhra Pradesh,KURNOOL,2008,Rabi,Small millets,113,88,0.778761062
Andhra Pradesh,KURNOOL,2008,Rabi,Urad,988,662,0.670040486
Andhra Pradesh,KURNOOL,2008,Rabi,Wheat,747,405,0.542168675
Andhra Pradesh,KURNOOL,2008,Whole Year,Banana,2227,59036,26.50920521
Andhra Pradesh,KURNOOL,2008,Whole Year,Coconut,71,646668,9108
Andhra Pradesh,KURNOOL,2008,Whole Year,Coriander,6452,4445,0.688933664
Andhra Pradesh,KURNOOL,2008,Whole Year,Potato,15,135,9
Andhra Pradesh,KURNOOL,2008,Whole Year,Sugarcane,1055,94785,89.8436019
Andhra Pradesh,KURNOOL,2008,Whole Year,Sunflower,144534,113086,0.782417978
Andhra Pradesh,KURNOOL,2008,Whole Year,Sweet potato,7,40,5.714285714
Andhra Pradesh,KURNOOL,2008,Whole Year,Tobacco,11614,18513,1.594024453
Andhra Pradesh,KURNOOL,2008,Whole Year,Turmeric,941,9495,10.09032944
Andhra Pradesh,KURNOOL,2009,Kharif,Arhar/Tur,30703,15720,0.512002084
Andhra Pradesh,KURNOOL,2009,Kharif,Bajra,6259,4519,0.72200032
Andhra Pradesh,KURNOOL,2009,Kharif,Castor seed,36210,18032,0.497983982
Andhra Pradesh,KURNOOL,2009,Kharif,Cotton(lint),36070,52620,1.458830053
Andhra Pradesh,KURNOOL,2009,Kharif,Dry chillies,11187,26099,2.332975775
Andhra Pradesh,KURNOOL,2009,Kharif,Groundnut,167441,70158,0.41900132
Andhra Pradesh,KURNOOL,2009,Kharif,Jowar,12262,31943,2.605039961
Andhra Pradesh,KURNOOL,2009,Kharif,Maize,10824,29008,2.679970436
Andhra Pradesh,KURNOOL,2009,Kharif,Moong(Green Gram),1758,450,0.255972696
Andhra Pradesh,KURNOOL,2009,Kharif,Onion,13868,243855,17.58400635
Andhra Pradesh,KURNOOL,2009,Kharif,Rice,81908,256454,3.131000635
Andhra Pradesh,KURNOOL,2009,Kharif,Sesamum,33,8,0.242424242
Andhra Pradesh,KURNOOL,2009,Kharif,Small millets,5609,30,0.005348547
Andhra Pradesh,KURNOOL,2009,Kharif,Soyabean,73,60,0.821917808
Andhra Pradesh,KURNOOL,2009,Kharif,Urad,3102,915,0.294970986
Andhra Pradesh,KURNOOL,2009,Rabi,Arhar/Tur,3257,1668,0.512127725
Andhra Pradesh,KURNOOL,2009,Rabi,Bajra,488,352,0.721311475
Andhra Pradesh,KURNOOL,2009,Rabi,Dry chillies,889,2978,3.349831271
Andhra Pradesh,KURNOOL,2009,Rabi,Gram,239387,335860,1.403000163
Andhra Pradesh,KURNOOL,2009,Rabi,Groundnut,23915,53617,2.24198202
Andhra Pradesh,KURNOOL,2009,Rabi,Horse-gram,1396,967,0.69269341
Andhra Pradesh,KURNOOL,2009,Rabi,Jowar,59444,97072,1.632999125
Andhra Pradesh,KURNOOL,2009,Rabi,Maize,4191,30636,7.309949893
Andhra Pradesh,KURNOOL,2009,Rabi,Moong(Green Gram),370,148,0.4
Andhra Pradesh,KURNOOL,2009,Rabi,Onion,1454,35200,24.2090784
Andhra Pradesh,KURNOOL,2009,Rabi,Rapeseed &Mustard,2661,1974,0.741826381
Andhra Pradesh,KURNOOL,2009,Rabi,Rice,44772,157911,3.527003484
Andhra Pradesh,KURNOOL,2009,Rabi,Safflower,713,194,0.272089762
Andhra Pradesh,KURNOOL,2009,Rabi,Sesamum,639,213,0.333333333
Andhra Pradesh,KURNOOL,2009,Rabi,Small millets,82,44,0.536585366
Andhra Pradesh,KURNOOL,2009,Rabi,Urad,3468,2566,0.739907728
Andhra Pradesh,KURNOOL,2009,Rabi,Wheat,550,251,0.456363636
Andhra Pradesh,KURNOOL,2009,Whole Year,Banana,2253,55933,24.82600976
Andhra Pradesh,KURNOOL,2009,Whole Year,Coconut,49,289755,5913.367347
Andhra Pradesh,KURNOOL,2009,Whole Year,Coriander,9282,6646,0.716009481
Andhra Pradesh,KURNOOL,2009,Whole Year,Potato,8,69,8.625
Andhra Pradesh,KURNOOL,2009,Whole Year,Sugarcane,1406,116158,82.61593172
Andhra Pradesh,KURNOOL,2009,Whole Year,Sunflower,140629,84432,0.600388256
Andhra Pradesh,KURNOOL,2009,Whole Year,Sweet potato,74,436,5.891891892
Andhra Pradesh,KURNOOL,2009,Whole Year,Tobacco,18627,31479,1.689966178
Andhra Pradesh,KURNOOL,2009,Whole Year,Turmeric,995,12047,12.10753769
Andhra Pradesh,KURNOOL,2010,Kharif,Arhar/Tur,68092,29075,0.426995829
Andhra Pradesh,KURNOOL,2010,Kharif,Bajra,7195,10692,1.486031967
Andhra Pradesh,KURNOOL,2010,Kharif,Castor seed,71168,62414,0.876995279
Andhra Pradesh,KURNOOL,2010,Kharif,Cotton(lint),54003,111375,2.062385423
Andhra Pradesh,KURNOOL,2010,Kharif,Dry chillies,10908,31546,2.892005867
Andhra Pradesh,KURNOOL,2010,Kharif,Groundnut,153489,91633,0.597000437
Andhra Pradesh,KURNOOL,2010,Kharif,Jowar,1555,5057,3.252090032
Andhra Pradesh,KURNOOL,2010,Kharif,Maize,14588,78498,5.380998081
Andhra Pradesh,KURNOOL,2010,Kharif,Mesta,447,4001,8.950782998
Andhra Pradesh,KURNOOL,2010,Kharif,Moong(Green Gram),6683,2119,0.317073171
Andhra Pradesh,KURNOOL,2010,Kharif,Onion,16300,360197,22.09797546
Andhra Pradesh,KURNOOL,2010,Kharif,Rice,104110,291475,2.799683028
Andhra Pradesh,KURNOOL,2010,Kharif,Sesamum,66,11,0.166666667
Andhra Pradesh,KURNOOL,2010,Kharif,Small millets,9741,9049,0.928960066
Andhra Pradesh,KURNOOL,2010,Kharif,Soyabean,130,221,1.7
Andhra Pradesh,KURNOOL,2010,Kharif,Urad,8143,3436,0.42195751
Andhra Pradesh,KURNOOL,2010,Rabi,Arhar/Tur,2081,889,0.427198462
Andhra Pradesh,KURNOOL,2010,Rabi,Bajra,416,618,1.485576923
Andhra Pradesh,KURNOOL,2010,Rabi,Dry chillies,636,1299,2.04245283
Andhra Pradesh,KURNOOL,2010,Rabi,Gram,217475,265102,1.218999885
Andhra Pradesh,KURNOOL,2010,Rabi,Groundnut,25403,59265,2.332992166
Andhra Pradesh,KURNOOL,2010,Rabi,Horse-gram,965,543,0.562694301
Andhra Pradesh,KURNOOL,2010,Rabi,Jowar,54101,98410,1.819005194
Andhra Pradesh,KURNOOL,2010,Rabi,Maize,5551,50608,9.116915871
Andhra Pradesh,KURNOOL,2010,Rabi,Moong(Green Gram),1525,535,0.350819672
Andhra Pradesh,KURNOOL,2010,Rabi,Onion,3014,84151,27.92003981
Andhra Pradesh,KURNOOL,2010,Rabi,Ragi,5,7,1.4
Andhra Pradesh,KURNOOL,2010,Rabi,Rapeseed &Mustard,4909,12582,2.563047464
Andhra Pradesh,KURNOOL,2010,Rabi,Rice,32967,105626,3.203991871
Andhra Pradesh,KURNOOL,2010,Rabi,Safflower,827,789,0.954050786
Andhra Pradesh,KURNOOL,2010,Rabi,Sesamum,615,216,0.351219512
Andhra Pradesh,KURNOOL,2010,Rabi,Small millets,410,381,0.929268293
Andhra Pradesh,KURNOOL,2010,Rabi,Urad,13373,7141,0.53398639
Andhra Pradesh,KURNOOL,2010,Rabi,Wheat,563,808,1.435168739
Andhra Pradesh,KURNOOL,2010,Whole Year,Banana,2018,54942,27.2259663
Andhra Pradesh,KURNOOL,2010,Whole Year,Coriander,3659,2477,0.676960918
Andhra Pradesh,KURNOOL,2010,Whole Year,Potato,14,157,11.21428571
Andhra Pradesh,KURNOOL,2010,Whole Year,Sugarcane,1738,168912,97.18757192
Andhra Pradesh,KURNOOL,2010,Whole Year,Sunflower,78213,63375,0.810287292
Andhra Pradesh,KURNOOL,2010,Whole Year,Sweet potato,6,77,12.83333333
Andhra Pradesh,KURNOOL,2010,Whole Year,Tobacco,12141,21405,1.763034346
Andhra Pradesh,KURNOOL,2010,Whole Year,Turmeric,1918,15098,7.871741397
Andhra Pradesh,KURNOOL,2011,Kharif,Arhar/Tur,48261,12789,0.264996581
Andhra Pradesh,KURNOOL,2011,Kharif,Bajra,5174,2427,0.46907615
Andhra Pradesh,KURNOOL,2011,Kharif,Castor seed,115092,7021,0.061003371
Andhra Pradesh,KURNOOL,2011,Kharif,Cotton(lint),97242,122387,1.258581683
Andhra Pradesh,KURNOOL,2011,Kharif,Cowpea(Lobia),4,1,0.25
Andhra Pradesh,KURNOOL,2011,Kharif,Dry chillies,19629,41535,2.116001834
Andhra Pradesh,KURNOOL,2011,Kharif,Groundnut,84011,20835,0.248003238
Andhra Pradesh,KURNOOL,2011,Kharif,Jowar,14115,46368,3.28501594
Andhra Pradesh,KURNOOL,2011,Kharif,Maize,21650,92705,4.281986143
Andhra Pradesh,KURNOOL,2011,Kharif,Mesta,1005,7806,7.767164179
Andhra Pradesh,KURNOOL,2011,Kharif,Moong(Green Gram),1284,824,0.641744548
Andhra Pradesh,KURNOOL,2011,Kharif,Onion,24460,358241,14.64599346
Andhra Pradesh,KURNOOL,2011,Kharif,Ragi,2,2,1
Andhra Pradesh,KURNOOL,2011,Kharif,Rice,91984,333882,3.629783441
Andhra Pradesh,KURNOOL,2011,Kharif,Sesamum,19,4,0.210526316
Andhra Pradesh,KURNOOL,2011,Kharif,Small millets,8704,5692,0.653952206
Andhra Pradesh,KURNOOL,2011,Kharif,Soyabean,101,163,1.613861386
Andhra Pradesh,KURNOOL,2011,Kharif,Urad,3657,1949,0.532950506
Andhra Pradesh,KURNOOL,2011,Rabi,Arhar/Tur,760,201,0.264473684
Andhra Pradesh,KURNOOL,2011,Rabi,Bajra,619,290,0.468497577
Andhra Pradesh,KURNOOL,2011,Rabi,Cowpea(Lobia),12,10,0.833333333
Andhra Pradesh,KURNOOL,2011,Rabi,Dry chillies,911,1188,1.304061471
Andhra Pradesh,KURNOOL,2011,Rabi,Gram,201034,153188,0.762000458
Andhra Pradesh,KURNOOL,2011,Rabi,Groundnut,17307,26428,1.527012192
Andhra Pradesh,KURNOOL,2011,Rabi,Horse-gram,593,347,0.585160202
Andhra Pradesh,KURNOOL,2011,Rabi,Jowar,70555,128692,1.823995465
Andhra Pradesh,KURNOOL,2011,Rabi,Maize,7852,60924,7.759042282
Andhra Pradesh,KURNOOL,2011,Rabi,Moong(Green Gram),1518,906,0.596837945
Andhra Pradesh,KURNOOL,2011,Rabi,Onion,2449,68156,27.83013475
Andhra Pradesh,KURNOOL,2011,Rabi,Rapeseed &Mustard,3040,7478,2.459868421
Andhra Pradesh,KURNOOL,2011,Rabi,Rice,14738,46042,3.124033112
Andhra Pradesh,KURNOOL,2011,Rabi,Safflower,143,104,0.727272727
Andhra Pradesh,KURNOOL,2011,Rabi,Sesamum,425,218,0.512941176
Andhra Pradesh,KURNOOL,2011,Rabi,Small millets,535,350,0.654205607
Andhra Pradesh,KURNOOL,2011,Rabi,Urad,8925,6256,0.700952381
Andhra Pradesh,KURNOOL,2011,Rabi,Wheat,221,243,1.099547511
Andhra Pradesh,KURNOOL,2011,Whole Year,Banana,612,18621,30.42647059
Andhra Pradesh,KURNOOL,2011,Whole Year,Coconut,15,119280,7952
Andhra Pradesh,KURNOOL,2011,Whole Year,Coriander,3151,1711,0.543002222
Andhra Pradesh,KURNOOL,2011,Whole Year,Potato,32,321,10.03125
Andhra Pradesh,KURNOOL,2011,Whole Year,Sugarcane,985,100261,101.7878173
Andhra Pradesh,KURNOOL,2011,Whole Year,Sunflower,32425,21656,0.667879722
Andhra Pradesh,KURNOOL,2011,Whole Year,Sweet potato,41,527,12.85365854
Andhra Pradesh,KURNOOL,2011,Whole Year,Tobacco,9007,14529,1.613078717
Andhra Pradesh,KURNOOL,2011,Whole Year,Turmeric,4778,39371,8.240058602
Andhra Pradesh,KURNOOL,2012,Kharif,Arhar/Tur,49734,24121,0.485000201
Andhra Pradesh,KURNOOL,2012,Kharif,Bajra,11611,15141,1.304022048
Andhra Pradesh,KURNOOL,2012,Kharif,Brinjal,603,8268,13.71144279
Andhra Pradesh,KURNOOL,2012,Kharif,Cabbage,8,211,26.375
Andhra Pradesh,KURNOOL,2012,Kharif,Castor seed,66013,25085,0.380000909
Andhra Pradesh,KURNOOL,2012,Kharif,Coriander,1107,716,0.646793135
Andhra Pradesh,KURNOOL,2012,Kharif,Cotton(lint),154899,175856,1.135294611
Andhra Pradesh,KURNOOL,2012,Kharif,Dry chillies,12504,23945,1.914987204
Andhra Pradesh,KURNOOL,2012,Kharif,Grapes,1,18,18
Andhra Pradesh,KURNOOL,2012,Kharif,Groundnut,118724,88449,0.744996799
Andhra Pradesh,KURNOOL,2012,Kharif,Horse-gram,3,2,0.666666667
Andhra Pradesh,KURNOOL,2012,Kharif,Jowar,14661,53029,3.617011118
Andhra Pradesh,KURNOOL,2012,Kharif,Lemon,43,382,8.88372093
Andhra Pradesh,KURNOOL,2012,Kharif,Maize,33567,162162,4.830994727
Andhra Pradesh,KURNOOL,2012,Kharif,Mango,3352,30765,9.178102625
Andhra Pradesh,KURNOOL,2012,Kharif,Mesta,41,354,8.634146341
Andhra Pradesh,KURNOOL,2012,Kharif,Moong(Green Gram),1357,750,0.552689757
Andhra Pradesh,KURNOOL,2012,Kharif,Onion,14931,291483,19.52200121
Andhra Pradesh,KURNOOL,2012,Kharif,Papaya,107,11656,108.9345794
Andhra Pradesh,KURNOOL,2012,Kharif,Pome Granet,47,630,13.40425532
Andhra Pradesh,KURNOOL,2012,Kharif,Rice,72625,276774,3.811001721
Andhra Pradesh,KURNOOL,2012,Kharif,Sapota,365,4818,13.2
Andhra Pradesh,KURNOOL,2012,Kharif,Sesamum,12,3,0.25
Andhra Pradesh,KURNOOL,2012,Kharif,Small millets,18493,22210,1.200994971
Andhra Pradesh,KURNOOL,2012,Kharif,Soyabean,69,125,1.811594203
Andhra Pradesh,KURNOOL,2012,Kharif,Sugarcane,1468,138519,94.35899183
Andhra Pradesh,KURNOOL,2012,Kharif,Sunflower,7499,5977,0.797039605
Andhra Pradesh,KURNOOL,2012,Kharif,Tobacco,80,113,1.4125
Andhra Pradesh,KURNOOL,2012,Kharif,Tomato,4314,50051,11.60199351
Andhra Pradesh,KURNOOL,2012,Kharif,Turmeric,2435,60210,24.72689938
Andhra Pradesh,KURNOOL,2012,Kharif,Urad,3370,3185,0.945103858
Andhra Pradesh,KURNOOL,2012,Rabi,Arhar/Tur,689,334,0.484760522
Andhra Pradesh,KURNOOL,2012,Rabi,Bajra,737,961,1.303934871
Andhra Pradesh,KURNOOL,2012,Rabi,Brinjal,265,3633,13.70943396
Andhra Pradesh,KURNOOL,2012,Rabi,Cabbage,5,132,26.4
Andhra Pradesh,KURNOOL,2012,Rabi,Castor seed,1025,390,0.380487805
Andhra Pradesh,KURNOOL,2012,Rabi,Coriander,1950,1262,0.647179487
Andhra Pradesh,KURNOOL,2012,Rabi,Cotton(lint),95,108,1.136842105
Andhra Pradesh,KURNOOL,2012,Rabi,Cowpea(Lobia),40,37,0.925
Andhra Pradesh,KURNOOL,2012,Rabi,Dry chillies,638,1453,2.277429467
Andhra Pradesh,KURNOOL,2012,Rabi,Gram,218223,231971,1.062999775
Andhra Pradesh,KURNOOL,2012,Rabi,Groundnut,22535,44597,1.979010428
Andhra Pradesh,KURNOOL,2012,Rabi,Horse-gram,714,473,0.662464986
Andhra Pradesh,KURNOOL,2012,Rabi,Jowar,67191,114762,1.707996607
Andhra Pradesh,KURNOOL,2012,Rabi,Maize,8739,61925,7.086051036
Andhra Pradesh,KURNOOL,2012,Rabi,Moong(Green Gram),889,600,0.674915636
Andhra Pradesh,KURNOOL,2012,Rabi,Onion,1629,30156,18.51197053
Andhra Pradesh,KURNOOL,2012,Rabi,Potato,25,440,17.6
Andhra Pradesh,KURNOOL,2012,Rabi,Rapeseed &Mustard,1648,981,0.59526699
Andhra Pradesh,KURNOOL,2012,Rabi,Rice,16840,60102,3.569002375
Andhra Pradesh,KURNOOL,2012,Rabi,Safflower,251,131,0.521912351
Andhra Pradesh,KURNOOL,2012,Rabi,Sesamum,442,253,0.57239819
Andhra Pradesh,KURNOOL,2012,Rabi,Small millets,332,399,1.201807229
Andhra Pradesh,KURNOOL,2012,Rabi,Sunflower,23077,17354,0.75200416
Andhra Pradesh,KURNOOL,2012,Rabi,Tobacco,6575,9277,1.41095057
Andhra Pradesh,KURNOOL,2012,Rabi,Tomato,617,13754,22.2917342
Andhra Pradesh,KURNOOL,2012,Rabi,Urad,4966,7307,1.471405558
Andhra Pradesh,KURNOOL,2012,Rabi,Wheat,314,421,1.340764331
Andhra Pradesh,KURNOOL,2012,Whole Year,Coconut,16,138000,8625
Andhra Pradesh,KURNOOL,2013,Kharif,Arhar/Tur,42964,17959,0.418001117
Andhra Pradesh,KURNOOL,2013,Kharif,Bajra,7614,8642,1.135014447
Andhra Pradesh,KURNOOL,2013,Kharif,Brinjal,266,4558,17.13533835
Andhra Pradesh,KURNOOL,2013,Kharif,Cabbage,2,38,19
Andhra Pradesh,KURNOOL,2013,Kharif,Castor seed,27505,12927,0.469987275
Andhra Pradesh,KURNOOL,2013,Kharif,Coriander,490,317,0.646938776
Andhra Pradesh,KURNOOL,2013,Kharif,Cotton(lint),203835,679850,3.335295705
Andhra Pradesh,KURNOOL,2013,Kharif,Dry chillies,15252,57775,3.7880278
Andhra Pradesh,KURNOOL,2013,Kharif,Grapes,5,91,18.2
Andhra Pradesh,KURNOOL,2013,Kharif,Groundnut,150918,136128,0.901999761
Andhra Pradesh,KURNOOL,2013,Kharif,Horse-gram,4,2,0.5
Andhra Pradesh,KURNOOL,2013,Kharif,Jowar,10958,32808,2.993977003
Andhra Pradesh,KURNOOL,2013,Kharif,Lemon,43,220,5.11627907
Andhra Pradesh,KURNOOL,2013,Kharif,Maize,38761,212333,5.478006243
Andhra Pradesh,KURNOOL,2013,Kharif,Mango,3279,28101,8.569990851
Andhra Pradesh,KURNOOL,2013,Kharif,Mesta,36,330,9.166666667
Andhra Pradesh,KURNOOL,2013,Kharif,Moong(Green Gram),1261,1400,1.110229976
Andhra Pradesh,KURNOOL,2013,Kharif,Onion,14961,299923,20.04698884
Andhra Pradesh,KURNOOL,2013,Kharif,other oilseeds,27555,13008,0.472074034
Andhra Pradesh,KURNOOL,2013,Kharif,Papaya,77,7538,97.8961039
Andhra Pradesh,KURNOOL,2013,Kharif,Pome Granet,35,505,14.42857143
Andhra Pradesh,KURNOOL,2013,Kharif,Rice,92596,340383,3.676001123
Andhra Pradesh,KURNOOL,2013,Kharif,Sapota,285,2681,9.407017544
Andhra Pradesh,KURNOOL,2013,Kharif,Sesamum,44,20,0.454545455
Andhra Pradesh,KURNOOL,2013,Kharif,Small millets,11066,10136,0.915958793
Andhra Pradesh,KURNOOL,2013,Kharif,Soyabean,50,81,1.62
Andhra Pradesh,KURNOOL,2013,Kharif,Sugarcane,751,80420,107.0838881
Andhra Pradesh,KURNOOL,2013,Kharif,Sunflower,7047,5433,0.770966369
Andhra Pradesh,KURNOOL,2013,Kharif,Tobacco,294,534,1.816326531
Andhra Pradesh,KURNOOL,2013,Kharif,Tomato,2152,25785,11.98187732
Andhra Pradesh,KURNOOL,2013,Kharif,Turmeric,1771,32305,18.24110672
Andhra Pradesh,KURNOOL,2013,Kharif,Urad,2248,2091,0.930160142
Andhra Pradesh,KURNOOL,2013,Rabi,Arhar/Tur,531,222,0.418079096
Andhra Pradesh,KURNOOL,2013,Rabi,Bajra,219,249,1.136986301
Andhra Pradesh,KURNOOL,2013,Rabi,Brinjal,396,6785,17.13383838
Andhra Pradesh,KURNOOL,2013,Rabi,Cabbage,35,657,18.77142857
Andhra Pradesh,KURNOOL,2013,Rabi,Castor seed,42,20,0.476190476
Andhra Pradesh,KURNOOL,2013,Rabi,Coriander,1584,1025,0.64709596
Andhra Pradesh,KURNOOL,2013,Rabi,Cotton(lint),179,597,3.335195531
Andhra Pradesh,KURNOOL,2013,Rabi,Cowpea(Lobia),57,47,0.824561404
Andhra Pradesh,KURNOOL,2013,Rabi,Dry chillies,285,568,1.992982456
Andhra Pradesh,KURNOOL,2013,Rabi,Gram,201345,277856,1.379999503
Andhra Pradesh,KURNOOL,2013,Rabi,Groundnut,16855,34384,2.039988134
Andhra Pradesh,KURNOOL,2013,Rabi,Horse-gram,567,320,0.564373898
Andhra Pradesh,KURNOOL,2013,Rabi,Jowar,49305,90721,1.839995944
Andhra Pradesh,KURNOOL,2013,Rabi,Maize,13120,97796,7.453963415
Andhra Pradesh,KURNOOL,2013,Rabi,Moong(Green Gram),785,491,0.625477707
Andhra Pradesh,KURNOOL,2013,Rabi,Onion,2134,62027,29.0660731
Andhra Pradesh,KURNOOL,2013,Rabi,Rapeseed &Mustard,2466,1783,0.723033252
Andhra Pradesh,KURNOOL,2013,Rabi,Rice,32298,118017,3.654003344
Andhra Pradesh,KURNOOL,2013,Rabi,Safflower,144,70,0.486111111
Andhra Pradesh,KURNOOL,2013,Rabi,Sesamum,1473,532,0.361167685
Andhra Pradesh,KURNOOL,2013,Rabi,Small millets,36,33,0.916666667
Andhra Pradesh,KURNOOL,2013,Rabi,Soyabean,20,32,1.6
Andhra Pradesh,KURNOOL,2013,Rabi,Sunflower,15040,13716,0.911968085
Andhra Pradesh,KURNOOL,2013,Rabi,Tobacco,5378,9778,1.81814801
Andhra Pradesh,KURNOOL,2013,Rabi,Tomato,565,13067,23.12743363
Andhra Pradesh,KURNOOL,2013,Rabi,Turmeric,1,18,18
Andhra Pradesh,KURNOOL,2013,Rabi,Urad,2551,2005,0.785966288
Andhra Pradesh,KURNOOL,2013,Rabi,Wheat,274,202,0.737226277
Andhra Pradesh,KURNOOL,2013,Whole Year,Banana,1632,51539,31.58026961
Andhra Pradesh,KURNOOL,2013,Whole Year,Castor seed,27547,12947,0.469996733
Andhra Pradesh,KURNOOL,2013,Whole Year,Coconut,8,58000,7250
Andhra Pradesh,KURNOOL,2013,Whole Year,Coriander,2074,1342,0.647058824
Andhra Pradesh,KURNOOL,2013,Whole Year,Potato,17,244,14.35294118
Andhra Pradesh,KURNOOL,2013,Whole Year,Safflower,144,70,0.486111111
Andhra Pradesh,KURNOOL,2013,Whole Year,Sannhamp,18,,
Andhra Pradesh,KURNOOL,2013,Whole Year,Wheat,274,202,0.737226277
Andhra Pradesh,KURNOOL,2014,Kharif,Arhar/Tur,43233,18460,0.426988643
Andhra Pradesh,KURNOOL,2014,Kharif,Bajra,5056,7083,1.40090981
Andhra Pradesh,KURNOOL,2014,Kharif,Brinjal,732,17375,23.7363388
Andhra Pradesh,KURNOOL,2014,Kharif,Cabbage,11,136,12.36363636
Andhra Pradesh,KURNOOL,2014,Kharif,Castor seed,31651,18104,0.571988247
Andhra Pradesh,KURNOOL,2014,Kharif,Cotton(lint),306058,809620,2.645315594
Andhra Pradesh,KURNOOL,2014,Kharif,Dry chillies,13822,70022,5.065981768
Andhra Pradesh,KURNOOL,2014,Kharif,Grapes,5,115,23
Andhra Pradesh,KURNOOL,2014,Kharif,Groundnut,94160,67607,0.718001274
Andhra Pradesh,KURNOOL,2014,Kharif,Jowar,17060,41951,2.459026964
Andhra Pradesh,KURNOOL,2014,Kharif,Lemon,146,1270,8.698630137
Andhra Pradesh,KURNOOL,2014,Kharif,Maize,38554,138717,3.597992426
Andhra Pradesh,KURNOOL,2014,Kharif,Mango,3446,21675,6.289901335
Andhra Pradesh,KURNOOL,2014,Kharif,Moong(Green Gram),1604,1978,1.233167082
Andhra Pradesh,KURNOOL,2014,Kharif,Onion,22754,436353,19.17697987
Andhra Pradesh,KURNOOL,2014,Kharif,Papaya,165,12990,78.72727273
Andhra Pradesh,KURNOOL,2014,Kharif,Pome Granet,84,870,10.35714286
Andhra Pradesh,KURNOOL,2014,Kharif,Rice,91569,361514,3.947995501
Andhra Pradesh,KURNOOL,2014,Kharif,Safflower,85,37,0.435294118
Andhra Pradesh,KURNOOL,2014,Kharif,Sapota,306,2560,8.366013072
Andhra Pradesh,KURNOOL,2014,Kharif,Sesamum,78,21,0.269230769
Andhra Pradesh,KURNOOL,2014,Kharif,Small millets,6681,5859,0.876964526
Andhra Pradesh,KURNOOL,2014,Kharif,Soyabean,200,235,1.175
Andhra Pradesh,KURNOOL,2014,Kharif,Sugarcane,714,83391,116.7941176
Andhra Pradesh,KURNOOL,2014,Kharif,Sunflower,4184,3397,0.811902486
Andhra Pradesh,KURNOOL,2014,Kharif,Tobacco,86,257,2.988372093
Andhra Pradesh,KURNOOL,2014,Kharif,Tomato,2811,38592,13.72892209
Andhra Pradesh,KURNOOL,2014,Kharif,Turmeric,2037,35705,17.52822779
Andhra Pradesh,KURNOOL,2014,Kharif,Urad,2383,3160,1.326059589
Andhra Pradesh,KURNOOL,2014,Rabi,Arhar/Tur,496,212,0.427419355
Andhra Pradesh,KURNOOL,2014,Rabi,Bajra,184,258,1.402173913
Andhra Pradesh,KURNOOL,2014,Rabi,Brinjal,584,13862,23.73630137
Andhra Pradesh,KURNOOL,2014,Rabi,Cabbage,131,1615,12.32824427
Andhra Pradesh,KURNOOL,2014,Rabi,Castor seed,366,209,0.571038251
Andhra Pradesh,KURNOOL,2014,Rabi,Coriander,10989,3857,0.350987351
Andhra Pradesh,KURNOOL,2014,Rabi,Cotton(lint),2,6,3
Andhra Pradesh,KURNOOL,2014,Rabi,Cowpea(Lobia),20,22,1.1
Andhra Pradesh,KURNOOL,2014,Rabi,Dry chillies,496,1549,3.122983871
Andhra Pradesh,KURNOOL,2014,Rabi,Dry ginger,36,103,2.861111111
Andhra Pradesh,KURNOOL,2014,Rabi,Gram,143877,190205,1.321997262
Andhra Pradesh,KURNOOL,2014,Rabi,Groundnut,13725,31595,2.302003643
Andhra Pradesh,KURNOOL,2014,Rabi,Horse-gram,380,174,0.457894737
Andhra Pradesh,KURNOOL,2014,Rabi,Jowar,50107,94001,1.876005349
Andhra Pradesh,KURNOOL,2014,Rabi,Maize,7612,47347,6.220047294
Andhra Pradesh,KURNOOL,2014,Rabi,Moong(Green Gram),1862,1527,0.820085929
Andhra Pradesh,KURNOOL,2014,Rabi,Onion,2012,47964,23.8389662
Andhra Pradesh,KURNOOL,2014,Rabi,Papaya,5,394,78.8
Andhra Pradesh,KURNOOL,2014,Rabi,Potato,7,121,17.28571429
Andhra Pradesh,KURNOOL,2014,Rabi,Rapeseed &Mustard,4477,2906,0.649095376
Andhra Pradesh,KURNOOL,2014,Rabi,Rice,23329,82748,3.547001586
Andhra Pradesh,KURNOOL,2014,Rabi,Safflower,68,30,0.441176471
Andhra Pradesh,KURNOOL,2014,Rabi,Sesamum,3033,2172,0.716122651
Andhra Pradesh,KURNOOL,2014,Rabi,Small millets,552,484,0.876811594
Andhra Pradesh,KURNOOL,2014,Rabi,Soyabean,105,123,1.171428571
Andhra Pradesh,KURNOOL,2014,Rabi,Sunflower,8362,10294,1.231045204
Andhra Pradesh,KURNOOL,2014,Rabi,Tobacco,6169,18458,2.992057059
Andhra Pradesh,KURNOOL,2014,Rabi,Tomato,618,15300,24.75728155
Andhra Pradesh,KURNOOL,2014,Rabi,Urad,8785,17131,1.950028458
Andhra Pradesh,KURNOOL,2014,Rabi,Wheat,46,61,1.326086957
Andhra Pradesh,KURNOOL,2014,Whole Year,Coconut,8,67000,8375
Andhra Pradesh,KURNOOL,2014,Whole Year,Rice,114898,444262,3.866577312
Andhra Pradesh,PRAKASAM,1997,Kharif,Arhar/Tur,34700,2200,0.063400576
Andhra Pradesh,PRAKASAM,1997,Kharif,Bajra,12200,11600,0.950819672
Andhra Pradesh,PRAKASAM,1997,Kharif,Castor seed,7200,900,0.125
Andhra Pradesh,PRAKASAM,1997,Kharif,Cotton(lint),39900,47500,1.19047619
Andhra Pradesh,PRAKASAM,1997,Kharif,Dry chillies,7100,7100,1
Andhra Pradesh,PRAKASAM,1997,Kharif,Groundnut,7000,4300,0.614285714
Andhra Pradesh,PRAKASAM,1997,Kharif,Jowar,3700,2100,0.567567568
Andhra Pradesh,PRAKASAM,1997,Kharif,Korra,1400,1400,1
Andhra Pradesh,PRAKASAM,1997,Kharif,Maize,1800,8100,4.5
Andhra Pradesh,PRAKASAM,1997,Kharif,Moong(Green Gram),6000,2300,0.383333333
Andhra Pradesh,PRAKASAM,1997,Kharif,Rice,62000,124300,2.00483871
Andhra Pradesh,PRAKASAM,1997,Kharif,Sesamum,3700,700,0.189189189
Andhra Pradesh,PRAKASAM,1997,Kharif,Sugarcane,400,27200,68
Andhra Pradesh,PRAKASAM,1997,Kharif,Sunflower,14100,7000,0.496453901
Andhra Pradesh,PRAKASAM,1997,Kharif,Tobacco,79100,63600,0.804045512
Andhra Pradesh,PRAKASAM,1997,Kharif,Urad,800,100,0.125
Andhra Pradesh,PRAKASAM,1997,Rabi,Dry chillies,4500,6900,1.533333333
Andhra Pradesh,PRAKASAM,1997,Rabi,Gram,15100,7400,0.490066225
Andhra Pradesh,PRAKASAM,1997,Rabi,Groundnut,11900,14200,1.193277311
Andhra Pradesh,PRAKASAM,1997,Rabi,Horse-gram,2500,900,0.36
Andhra Pradesh,PRAKASAM,1997,Rabi,Jowar,4200,8100,1.928571429
Andhra Pradesh,PRAKASAM,1997,Rabi,Maize,4700,17600,3.744680851
Andhra Pradesh,PRAKASAM,1997,Rabi,Moong(Green Gram),4700,2000,0.425531915
Andhra Pradesh,PRAKASAM,1997,Rabi,Ragi,4600,5800,1.260869565
Andhra Pradesh,PRAKASAM,1997,Rabi,Rice,74200,222100,2.993261456
Andhra Pradesh,PRAKASAM,1997,Rabi,Sesamum,2500,100,0.04
Andhra Pradesh,PRAKASAM,1997,Rabi,Sunflower,600,200,0.333333333
Andhra Pradesh,PRAKASAM,1997,Rabi,Urad,22200,7500,0.337837838
Andhra Pradesh,PRAKASAM,1997,Rabi,Varagu,2100,1300,0.619047619
Andhra Pradesh,PRAKASAM,1998,Kharif,Arhar/Tur,46900,29900,0.637526652
Andhra Pradesh,PRAKASAM,1998,Kharif,Bajra,17200,23800,1.38372093
Andhra Pradesh,PRAKASAM,1998,Kharif,Castor seed,8700,3000,0.344827586
Andhra Pradesh,PRAKASAM,1998,Kharif,Cotton(lint),62800,82400,1.312101911
Andhra Pradesh,PRAKASAM,1998,Kharif,Dry chillies,14400,24900,1.729166667
Andhra Pradesh,PRAKASAM,1998,Kharif,Groundnut,6900,5300,0.768115942
Andhra Pradesh,PRAKASAM,1998,Kharif,Jowar,2400,700,0.291666667
Andhra Pradesh,PRAKASAM,1998,Kharif,Korra,1600,1200,0.75
Andhra Pradesh,PRAKASAM,1998,Kharif,Maize,4500,13800,3.066666667
Andhra Pradesh,PRAKASAM,1998,Kharif,Moong(Green Gram),13100,8200,0.625954198
Andhra Pradesh,PRAKASAM,1998,Kharif,Rice,72100,206700,2.866851595
Andhra Pradesh,PRAKASAM,1998,Kharif,Sesamum,3400,600,0.176470588
Andhra Pradesh,PRAKASAM,1998,Kharif,Small millets,300,200,0.666666667
Andhra Pradesh,PRAKASAM,1998,Kharif,Sunflower,14300,10800,0.755244755
Andhra Pradesh,PRAKASAM,1998,Kharif,Urad,400,300,0.75
Andhra Pradesh,PRAKASAM,1998,Rabi,Arhar/Tur,700,500,0.714285714
Andhra Pradesh,PRAKASAM,1998,Rabi,Bajra,400,500,1.25
Andhra Pradesh,PRAKASAM,1998,Rabi,Dry chillies,4500,10700,2.377777778
Andhra Pradesh,PRAKASAM,1998,Rabi,Gram,13000,25400,1.953846154
Andhra Pradesh,PRAKASAM,1998,Rabi,Groundnut,12200,18400,1.508196721
Andhra Pradesh,PRAKASAM,1998,Rabi,Horse-gram,1700,800,0.470588235
Andhra Pradesh,PRAKASAM,1998,Rabi,Jowar,3100,4100,1.322580645
Andhra Pradesh,PRAKASAM,1998,Rabi,Maize,1200,5800,4.833333333
Andhra Pradesh,PRAKASAM,1998,Rabi,Moong(Green Gram),3200,2600,0.8125
Andhra Pradesh,PRAKASAM,1998,Rabi,Ragi,4500,9500,2.111111111
Andhra Pradesh,PRAKASAM,1998,Rabi,Rice,73800,248900,3.372628726
Andhra Pradesh,PRAKASAM,1998,Rabi,Sesamum,22100,7400,0.334841629
Andhra Pradesh,PRAKASAM,1998,Rabi,Sunflower,800,500,0.625
Andhra Pradesh,PRAKASAM,1998,Rabi,Urad,11900,6900,0.579831933
Andhra Pradesh,PRAKASAM,1998,Rabi,Varagu,1600,1400,0.875
Andhra Pradesh,PRAKASAM,1998,Whole Year,Sugarcane,300,22600,75.33333333
Andhra Pradesh,PRAKASAM,1998,Whole Year,Tobacco,74500,80400,1.079194631
Andhra Pradesh,PRAKASAM,1999,Kharif,Bajra,15401,20668,1.34199078
Andhra Pradesh,PRAKASAM,1999,Kharif,Castor seed,11170,2279,0.204028648
Andhra Pradesh,PRAKASAM,1999,Kharif,Cotton(lint),41514,45665,1.099990365
Andhra Pradesh,PRAKASAM,1999,Kharif,Groundnut,5174,3984,0.770003865
Andhra Pradesh,PRAKASAM,1999,Kharif,Horse-gram,37,17,0.459459459
Andhra Pradesh,PRAKASAM,1999,Kharif,Jowar,2485,634,0.255130785
Andhra Pradesh,PRAKASAM,1999,Kharif,Maize,7137,29383,4.116995937
Andhra Pradesh,PRAKASAM,1999,Kharif,Masoor,56326,15490,0.275006214
Andhra Pradesh,PRAKASAM,1999,Kharif,Moong(Green Gram),12857,9128,0.709963444
Andhra Pradesh,PRAKASAM,1999,Kharif,Ragi,270,281,1.040740741
Andhra Pradesh,PRAKASAM,1999,Kharif,Rice,70189,190583,2.715283022
Andhra Pradesh,PRAKASAM,1999,Kharif,Sesamum,9399,235,0.02500266
Andhra Pradesh,PRAKASAM,1999,Kharif,Sunflower,9922,8770,0.883894376
Andhra Pradesh,PRAKASAM,1999,Kharif,Urad,1225,747,0.609795918
Andhra Pradesh,PRAKASAM,1999,Rabi,Bajra,718,964,1.342618384
Andhra Pradesh,PRAKASAM,1999,Rabi,Gram,16875,18765,1.112
Andhra Pradesh,PRAKASAM,1999,Rabi,Groundnut,8241,10870,1.319014683
Andhra Pradesh,PRAKASAM,1999,Rabi,Horse-gram,1417,456,0.321806634
Andhra Pradesh,PRAKASAM,1999,Rabi,Jowar,6006,2306,0.383949384
Andhra Pradesh,PRAKASAM,1999,Rabi,Maize,3288,15917,4.84093674
Andhra Pradesh,PRAKASAM,1999,Rabi,Masoor,522,144,0.275862069
Andhra Pradesh,PRAKASAM,1999,Rabi,Moong(Green Gram),5569,980,0.175974143
Andhra Pradesh,PRAKASAM,1999,Rabi,Ragi,4246,6420,1.512011305
Andhra Pradesh,PRAKASAM,1999,Rabi,Rapeseed &Mustard,24,4,0.166666667
Andhra Pradesh,PRAKASAM,1999,Rabi,Rice,54885,129541,2.360225927
Andhra Pradesh,PRAKASAM,1999,Rabi,Sesamum,11286,2596,0.230019493
Andhra Pradesh,PRAKASAM,1999,Rabi,Urad,20019,6506,0.324991258
Andhra Pradesh,PRAKASAM,1999,Whole Year,Dry chillies,25519,38806,1.520670873
Andhra Pradesh,PRAKASAM,1999,Whole Year,Onion,303,4590,15.14851485
Andhra Pradesh,PRAKASAM,1999,Whole Year,Sugarcane,343,27265,79.48979592
Andhra Pradesh,PRAKASAM,1999,Whole Year,Tobacco,65876,53294,0.809004797
Andhra Pradesh,PRAKASAM,2000,Kharif,Arhar/Tur,95553,60198,0.629995918
Andhra Pradesh,PRAKASAM,2000,Kharif,Bajra,28546,42876,1.501996777
Andhra Pradesh,PRAKASAM,2000,Kharif,Castor seed,25057,7717,0.307977811
Andhra Pradesh,PRAKASAM,2000,Kharif,Cotton(lint),47128,61544,1.305890341
Andhra Pradesh,PRAKASAM,2000,Kharif,Dry chillies,16383,30751,1.877006653
Andhra Pradesh,PRAKASAM,2000,Kharif,Gram,61,145,2.37704918
Andhra Pradesh,PRAKASAM,2000,Kharif,Groundnut,4844,4190,0.864987614
Andhra Pradesh,PRAKASAM,2000,Kharif,Horse-gram,15,8,0.533333333
Andhra Pradesh,PRAKASAM,2000,Kharif,Jowar,2992,1110,0.370989305
Andhra Pradesh,PRAKASAM,2000,Kharif,Korra,1321,1263,0.956093868
Andhra Pradesh,PRAKASAM,2000,Kharif,Maize,12141,42093,3.467012602
Andhra Pradesh,PRAKASAM,2000,Kharif,Mesta,1,9,9
Andhra Pradesh,PRAKASAM,2000,Kharif,Moong(Green Gram),30049,12170,0.405005158
Andhra Pradesh,PRAKASAM,2000,Kharif,Onion,173,2414,13.95375723
Andhra Pradesh,PRAKASAM,2000,Kharif,Other Kharif pulses,6,3,0.5
Andhra Pradesh,PRAKASAM,2000,Kharif,Ragi,150,142,0.946666667
Andhra Pradesh,PRAKASAM,2000,Kharif,Rice,50601,156559,3.093990237
Andhra Pradesh,PRAKASAM,2000,Kharif,Samai,180,120,0.666666667
Andhra Pradesh,PRAKASAM,2000,Kharif,Sesamum,24475,4479,0.183003064
Andhra Pradesh,PRAKASAM,2000,Kharif,Small millets,1508,1388,0.920424403
Andhra Pradesh,PRAKASAM,2000,Kharif,Sunflower,4622,7021,1.519039377
Andhra Pradesh,PRAKASAM,2000,Kharif,Urad,3130,185,0.059105431
Andhra Pradesh,PRAKASAM,2000,Kharif,Varagu,7,5,0.714285714
Andhra Pradesh,PRAKASAM,2000,Rabi,Arhar/Tur,420,265,0.630952381
Andhra Pradesh,PRAKASAM,2000,Rabi,Bajra,1807,2714,1.501936912
Andhra Pradesh,PRAKASAM,2000,Rabi,Dry chillies,4607,9417,2.044063382
Andhra Pradesh,PRAKASAM,2000,Rabi,Gram,33531,79737,2.37800841
Andhra Pradesh,PRAKASAM,2000,Rabi,Groundnut,9927,12180,1.226956785
Andhra Pradesh,PRAKASAM,2000,Rabi,Horse-gram,1218,257,0.211001642
Andhra Pradesh,PRAKASAM,2000,Rabi,Jowar,6206,4996,0.805027393
Andhra Pradesh,PRAKASAM,2000,Rabi,Korra,20,19,0.95
Andhra Pradesh,PRAKASAM,2000,Rabi,Maize,3137,16890,5.38412496
Andhra Pradesh,PRAKASAM,2000,Rabi,Moong(Green Gram),3199,2514,0.785870585
Andhra Pradesh,PRAKASAM,2000,Rabi,Onion,56,984,17.57142857
Andhra Pradesh,PRAKASAM,2000,Rabi,Other  Rabi pulses,134,66,0.492537313
Andhra Pradesh,PRAKASAM,2000,Rabi,Ragi,5951,12241,2.056965216
Andhra Pradesh,PRAKASAM,2000,Rabi,Rapeseed &Mustard,3,,
Andhra Pradesh,PRAKASAM,2000,Rabi,Rice,96893,316840,3.269998865
Andhra Pradesh,PRAKASAM,2000,Rabi,Samai,59,39,0.661016949
Andhra Pradesh,PRAKASAM,2000,Rabi,Sesamum,2303,481,0.208858011
Andhra Pradesh,PRAKASAM,2000,Rabi,Small millets,1579,1192,0.75490817
Andhra Pradesh,PRAKASAM,2000,Rabi,Urad,35024,29350,0.837996802
Andhra Pradesh,PRAKASAM,2000,Rabi,Varagu,1500,1134,0.756
Andhra Pradesh,PRAKASAM,2000,Whole Year,Banana,615,12085,19.6504065
Andhra Pradesh,PRAKASAM,2000,Whole Year,Cashewnut,761,166,0.218134034
Andhra Pradesh,PRAKASAM,2000,Whole Year,Coconut,209,2240700,10721.05263
Andhra Pradesh,PRAKASAM,2000,Whole Year,Coriander,3057,2268,0.741903827
Andhra Pradesh,PRAKASAM,2000,Whole Year,Sugarcane,272,21836,80.27941176
Andhra Pradesh,PRAKASAM,2000,Whole Year,Sweet potato,542,10129,18.68819188
Andhra Pradesh,PRAKASAM,2000,Whole Year,Tobacco,6985,14894,2.132283465
Andhra Pradesh,PRAKASAM,2000,Whole Year,Turmeric,246,1105,4.491869919
Andhra Pradesh,PRAKASAM,2001,Kharif,Arhar/Tur,60581,29139,0.48099239
Andhra Pradesh,PRAKASAM,2001,Kharif,Bajra,7969,9786,1.228008533
Andhra Pradesh,PRAKASAM,2001,Kharif,Castor seed,16484,4088,0.247998059
Andhra Pradesh,PRAKASAM,2001,Kharif,Cotton(lint),37624,62633,1.664708697
Andhra Pradesh,PRAKASAM,2001,Kharif,Dry chillies,14347,33400,2.328012825
Andhra Pradesh,PRAKASAM,2001,Kharif,Groundnut,1524,1212,0.795275591
Andhra Pradesh,PRAKASAM,2001,Kharif,Jowar,1570,898,0.571974522
Andhra Pradesh,PRAKASAM,2001,Kharif,Korra,1266,951,0.751184834
Andhra Pradesh,PRAKASAM,2001,Kharif,Maize,6257,27543,4.401949816
Andhra Pradesh,PRAKASAM,2001,Kharif,Moong(Green Gram),7918,2629,0.33202829
Andhra Pradesh,PRAKASAM,2001,Kharif,Onion,62,860,13.87096774
Andhra Pradesh,PRAKASAM,2001,Kharif,Other Kharif pulses,11,6,0.545454545
Andhra Pradesh,PRAKASAM,2001,Kharif,Ragi,309,342,1.106796117
Andhra Pradesh,PRAKASAM,2001,Kharif,Rice,40841,134204,3.286011606
Andhra Pradesh,PRAKASAM,2001,Kharif,Samai,309,226,0.731391586
Andhra Pradesh,PRAKASAM,2001,Kharif,Sesamum,1171,88,0.075149445
Andhra Pradesh,PRAKASAM,2001,Kharif,Small millets,1575,1177,0.747301587
Andhra Pradesh,PRAKASAM,2001,Kharif,Sunflower,6737,7351,1.091138489
Andhra Pradesh,PRAKASAM,2001,Kharif,Urad,2258,815,0.360938884
Andhra Pradesh,PRAKASAM,2001,Rabi,Arhar/Tur,667,321,0.48125937
Andhra Pradesh,PRAKASAM,2001,Rabi,Bajra,717,880,1.227336123
Andhra Pradesh,PRAKASAM,2001,Rabi,Dry chillies,3920,9776,2.493877551
Andhra Pradesh,PRAKASAM,2001,Rabi,Gram,43496,81512,1.874011403
Andhra Pradesh,PRAKASAM,2001,Rabi,Groundnut,4936,8534,1.728930308
Andhra Pradesh,PRAKASAM,2001,Rabi,Horse-gram,1149,622,0.541340296
Andhra Pradesh,PRAKASAM,2001,Rabi,Jowar,3490,2576,0.738108883
Andhra Pradesh,PRAKASAM,2001,Rabi,Korra,26,20,0.769230769
Andhra Pradesh,PRAKASAM,2001,Rabi,Maize,2872,18705,6.512883008
Andhra Pradesh,PRAKASAM,2001,Rabi,Moong(Green Gram),3786,2862,0.755942948
Andhra Pradesh,PRAKASAM,2001,Rabi,Onion,69,1091,15.8115942
Andhra Pradesh,PRAKASAM,2001,Rabi,Ragi,3963,7795,1.966944234
Andhra Pradesh,PRAKASAM,2001,Rabi,Rapeseed &Mustard,11,3,0.272727273
Andhra Pradesh,PRAKASAM,2001,Rabi,Rice,106540,385888,3.622001126
Andhra Pradesh,PRAKASAM,2001,Rabi,Samai,5,4,0.8
Andhra Pradesh,PRAKASAM,2001,Rabi,Sesamum,298,76,0.255033557
Andhra Pradesh,PRAKASAM,2001,Rabi,Small millets,823,683,0.829890644
Andhra Pradesh,PRAKASAM,2001,Rabi,Urad,35628,20237,0.568008308
Andhra Pradesh,PRAKASAM,2001,Rabi,Varagu,792,659,0.832070707
Andhra Pradesh,PRAKASAM,2001,Rabi,Wheat,15,10,0.666666667
Andhra Pradesh,PRAKASAM,2001,Whole Year,Banana,511,8370,16.37964775
Andhra Pradesh,PRAKASAM,2001,Whole Year,Cashewnut,702,193,0.274928775
Andhra Pradesh,PRAKASAM,2001,Whole Year,Coconut,202,2195568,10869.14851
Andhra Pradesh,PRAKASAM,2001,Whole Year,Coriander,2993,2317,0.774139659
Andhra Pradesh,PRAKASAM,2001,Whole Year,Sugarcane,287,23462,81.74912892
Andhra Pradesh,PRAKASAM,2001,Whole Year,Sweet potato,605,9829,16.24628099
Andhra Pradesh,PRAKASAM,2001,Whole Year,Tobacco,51549,57805,1.121360259
Andhra Pradesh,PRAKASAM,2001,Whole Year,Turmeric,314,1357,4.321656051
Andhra Pradesh,PRAKASAM,2002,Kharif,Arhar/Tur,54781,12271,0.224001022
Andhra Pradesh,PRAKASAM,2002,Kharif,Bajra,10062,9378,0.932021467
Andhra Pradesh,PRAKASAM,2002,Kharif,Castor seed,11040,1910,0.173007246
Andhra Pradesh,PRAKASAM,2002,Kharif,Cotton(lint),24364,28377,1.164710228
Andhra Pradesh,PRAKASAM,2002,Kharif,Dry chillies,11789,13805,1.171006871
Andhra Pradesh,PRAKASAM,2002,Kharif,Groundnut,1711,1761,1.029222677
Andhra Pradesh,PRAKASAM,2002,Kharif,Jowar,792,264,0.333333333
Andhra Pradesh,PRAKASAM,2002,Kharif,Maize,6448,168,0.026054591
Andhra Pradesh,PRAKASAM,2002,Kharif,Mesta,1,8,8
Andhra Pradesh,PRAKASAM,2002,Kharif,Moong(Green Gram),25955,1376,0.053014833
Andhra Pradesh,PRAKASAM,2002,Kharif,Niger seed,832,320,0.384615385
Andhra Pradesh,PRAKASAM,2002,Kharif,Onion,123,1470,11.95121951
Andhra Pradesh,PRAKASAM,2002,Kharif,Ragi,214,184,0.859813084
Andhra Pradesh,PRAKASAM,2002,Kharif,Rice,19256,46927,2.437006647
Andhra Pradesh,PRAKASAM,2002,Kharif,Sesamum,6279,276,0.043956044
Andhra Pradesh,PRAKASAM,2002,Kharif,Small millets,634,432,0.681388013
Andhra Pradesh,PRAKASAM,2002,Kharif,Soyabean,12,0,0
Andhra Pradesh,PRAKASAM,2002,Kharif,Sunflower,15013,16269,1.083660827
Andhra Pradesh,PRAKASAM,2002,Kharif,Urad,1144,59,0.051573427
Andhra Pradesh,PRAKASAM,2002,Rabi,Arhar/Tur,650,146,0.224615385
Andhra Pradesh,PRAKASAM,2002,Rabi,Bajra,198,185,0.934343434
Andhra Pradesh,PRAKASAM,2002,Rabi,Dry chillies,4474,6899,1.542020563
Andhra Pradesh,PRAKASAM,2002,Rabi,Gram,67372,88325,1.311004572
Andhra Pradesh,PRAKASAM,2002,Rabi,Groundnut,4925,6531,1.326091371
Andhra Pradesh,PRAKASAM,2002,Rabi,Horse-gram,2105,779,0.370071259
Andhra Pradesh,PRAKASAM,2002,Rabi,Jowar,8739,7009,0.802036846
Andhra Pradesh,PRAKASAM,2002,Rabi,Maize,2230,11538,5.173991031
Andhra Pradesh,PRAKASAM,2002,Rabi,Moong(Green Gram),2115,224,0.105910165
Andhra Pradesh,PRAKASAM,2002,Rabi,Onion,88,1108,12.59090909
Andhra Pradesh,PRAKASAM,2002,Rabi,other oilseeds,92,114,1.239130435
Andhra Pradesh,PRAKASAM,2002,Rabi,Ragi,3872,5676,1.465909091
Andhra Pradesh,PRAKASAM,2002,Rabi,Rapeseed &Mustard,22,2,0.090909091
Andhra Pradesh,PRAKASAM,2002,Rabi,Rice,46223,104325,2.256993272
Andhra Pradesh,PRAKASAM,2002,Rabi,Sesamum,338,111,0.328402367
Andhra Pradesh,PRAKASAM,2002,Rabi,Small millets,1738,626,0.36018412
Andhra Pradesh,PRAKASAM,2002,Rabi,Urad,53538,17293,0.323004221
Andhra Pradesh,PRAKASAM,2002,Rabi,Varagu,2000,1000,0.5
Andhra Pradesh,PRAKASAM,2002,Rabi,Wheat,73,67,0.917808219
Andhra Pradesh,PRAKASAM,2002,Whole Year,Banana,538,10429,19.38475836
Andhra Pradesh,PRAKASAM,2002,Whole Year,Beans & Mutter(Vegetable),391,1970,5.038363171
Andhra Pradesh,PRAKASAM,2002,Whole Year,Bhindi,511,3629,7.101761252
Andhra Pradesh,PRAKASAM,2002,Whole Year,Bottle Gourd,7,0,0
Andhra Pradesh,PRAKASAM,2002,Whole Year,Brinjal,558,7369,13.20609319
Andhra Pradesh,PRAKASAM,2002,Whole Year,Cashewnut,687,85,0.123726346
Andhra Pradesh,PRAKASAM,2002,Whole Year,Citrus Fruit,987,4383,4.440729483
Andhra Pradesh,PRAKASAM,2002,Whole Year,Coconut,202,2267460,11225.0495
Andhra Pradesh,PRAKASAM,2002,Whole Year,Coriander,3841,2124,0.552980995
Andhra Pradesh,PRAKASAM,2002,Whole Year,Cucumber,444,0,0
Andhra Pradesh,PRAKASAM,2002,Whole Year,Mango,5235,16046,3.065138491
Andhra Pradesh,PRAKASAM,2002,Whole Year,Orange,10581,187420,17.71288158
Andhra Pradesh,PRAKASAM,2002,Whole Year,Other Fresh Fruits,3069,11606,3.781687846
Andhra Pradesh,PRAKASAM,2002,Whole Year,Other Vegetables,1134,0,0
Andhra Pradesh,PRAKASAM,2002,Whole Year,Papaya,721,94052,130.4466019
Andhra Pradesh,PRAKASAM,2002,Whole Year,Pome Fruit,395,1677,4.24556962
Andhra Pradesh,PRAKASAM,2002,Whole Year,Sugarcane,376,24440,65
Andhra Pradesh,PRAKASAM,2002,Whole Year,Sweet potato,425,4655,10.95294118
Andhra Pradesh,PRAKASAM,2002,Whole Year,Tobacco,58544,64818,1.107167259
Andhra Pradesh,PRAKASAM,2002,Whole Year,Tomato,4048,19694,4.865118577
Andhra Pradesh,PRAKASAM,2002,Whole Year,Turmeric,183,981,5.360655738
Andhra Pradesh,PRAKASAM,2003,Kharif,Arhar/Tur,78397,27125,0.345995382
Andhra Pradesh,PRAKASAM,2003,Kharif,Bajra,26565,37324,1.405006588
Andhra Pradesh,PRAKASAM,2003,Kharif,Castor seed,13736,4107,0.298995341
Andhra Pradesh,PRAKASAM,2003,Kharif,Cotton(lint),35815,60675,1.694122574
Andhra Pradesh,PRAKASAM,2003,Kharif,Dry chillies,14050,35027,2.493024911
Andhra Pradesh,PRAKASAM,2003,Kharif,Groundnut,1414,1654,1.169731259
Andhra Pradesh,PRAKASAM,2003,Kharif,Horse-gram,11,4,0.363636364
Andhra Pradesh,PRAKASAM,2003,Kharif,Jowar,2293,6783,2.95813345
Andhra Pradesh,PRAKASAM,2003,Kharif,Korra,626,681,1.087859425
Andhra Pradesh,PRAKASAM,2003,Kharif,Maize,8664,14278,1.647968606
Andhra Pradesh,PRAKASAM,2003,Kharif,Moong(Green Gram),34776,21805,0.627012882
Andhra Pradesh,PRAKASAM,2003,Kharif,Niger seed,68,27,0.397058824
Andhra Pradesh,PRAKASAM,2003,Kharif,Onion,37,540,14.59459459
Andhra Pradesh,PRAKASAM,2003,Kharif,Ragi,81,109,1.345679012
Andhra Pradesh,PRAKASAM,2003,Kharif,Rice,14621,41992,2.872033377
Andhra Pradesh,PRAKASAM,2003,Kharif,Sesamum,25644,9078,0.354000936
Andhra Pradesh,PRAKASAM,2003,Kharif,Small millets,872,848,0.972477064
Andhra Pradesh,PRAKASAM,2003,Kharif,Soyabean,49,54,1.102040816
Andhra Pradesh,PRAKASAM,2003,Kharif,Sunflower,19643,24570,1.250827267
Andhra Pradesh,PRAKASAM,2003,Kharif,Urad,932,574,0.615879828
Andhra Pradesh,PRAKASAM,2003,Rabi,Arhar/Tur,398,138,0.346733668
Andhra Pradesh,PRAKASAM,2003,Rabi,Bajra,66,93,1.409090909
Andhra Pradesh,PRAKASAM,2003,Rabi,Dry chillies,4391,10574,2.408107493
Andhra Pradesh,PRAKASAM,2003,Rabi,Gram,78451,140427,1.789996303
Andhra Pradesh,PRAKASAM,2003,Rabi,Groundnut,5793,10787,1.862074918
Andhra Pradesh,PRAKASAM,2003,Rabi,Horse-gram,921,498,0.540716612
Andhra Pradesh,PRAKASAM,2003,Rabi,Jowar,9566,17965,1.878005436
Andhra Pradesh,PRAKASAM,2003,Rabi,Maize,1538,9142,5.944083225
Andhra Pradesh,PRAKASAM,2003,Rabi,Moong(Green Gram),704,364,0.517045455
Andhra Pradesh,PRAKASAM,2003,Rabi,Onion,58,638,11
Andhra Pradesh,PRAKASAM,2003,Rabi,Other  Rabi pulses,26,5,0.192307692
Andhra Pradesh,PRAKASAM,2003,Rabi,other oilseeds,1090,,
Andhra Pradesh,PRAKASAM,2003,Rabi,Ragi,3459,5642,1.631107256
Andhra Pradesh,PRAKASAM,2003,Rabi,Rapeseed &Mustard,3,1,0.333333333
Andhra Pradesh,PRAKASAM,2003,Rabi,Rice,31497,79278,2.517001619
Andhra Pradesh,PRAKASAM,2003,Rabi,Sesamum,575,117,0.203478261
Andhra Pradesh,PRAKASAM,2003,Rabi,Small millets,653,349,0.534456355
Andhra Pradesh,PRAKASAM,2003,Rabi,Urad,15531,13357,0.860021892
Andhra Pradesh,PRAKASAM,2003,Rabi,Varagu,659,352,0.53414264
Andhra Pradesh,PRAKASAM,2003,Whole Year,Banana,82,794,9.682926829
Andhra Pradesh,PRAKASAM,2003,Whole Year,Beans & Mutter(Vegetable),155,1061,6.84516129
Andhra Pradesh,PRAKASAM,2003,Whole Year,Bhindi,330,2610,7.909090909
Andhra Pradesh,PRAKASAM,2003,Whole Year,Bottle Gourd,46,0,0
Andhra Pradesh,PRAKASAM,2003,Whole Year,Brinjal,370,7033,19.00810811
Andhra Pradesh,PRAKASAM,2003,Whole Year,Cabbage,5,0,0
Andhra Pradesh,PRAKASAM,2003,Whole Year,Cashewnut,698,187,0.267908309
Andhra Pradesh,PRAKASAM,2003,Whole Year,Citrus Fruit,1544,8119,5.258419689
Andhra Pradesh,PRAKASAM,2003,Whole Year,Coconut,200,2369640,11848.2
Andhra Pradesh,PRAKASAM,2003,Whole Year,Coriander,6061,4588,0.756970797
Andhra Pradesh,PRAKASAM,2003,Whole Year,Cucumber,331,0,0
Andhra Pradesh,PRAKASAM,2003,Whole Year,Mango,5518,15192,2.753171439
Andhra Pradesh,PRAKASAM,2003,Whole Year,Orange,13608,204728,15.0446796
Andhra Pradesh,PRAKASAM,2003,Whole Year,Other Fresh Fruits,2772,12008,4.331890332
Andhra Pradesh,PRAKASAM,2003,Whole Year,Other Vegetables,972,0,0
Andhra Pradesh,PRAKASAM,2003,Whole Year,Papaya,160,14530,90.8125
Andhra Pradesh,PRAKASAM,2003,Whole Year,Pome Fruit,1758,3574,2.032992036
Andhra Pradesh,PRAKASAM,2003,Whole Year,Sugarcane,289,20521,71.00692042
Andhra Pradesh,PRAKASAM,2003,Whole Year,Sweet potato,317,2100,6.624605678
Andhra Pradesh,PRAKASAM,2003,Whole Year,Tobacco,58542,68824,1.175634587
Andhra Pradesh,PRAKASAM,2003,Whole Year,Tomato,4282,38638,9.023353573
Andhra Pradesh,PRAKASAM,2003,Whole Year,Turmeric,172,1061,6.168604651
Andhra Pradesh,PRAKASAM,2004,Kharif,Arhar/Tur,80029,45456,0.567994102
Andhra Pradesh,PRAKASAM,2004,Kharif,Bajra,17641,20958,1.18802789
Andhra Pradesh,PRAKASAM,2004,Kharif,Castor seed,14679,4389,0.298998569
Andhra Pradesh,PRAKASAM,2004,Kharif,Cotton(lint),42618,57660,1.352949458
Andhra Pradesh,PRAKASAM,2004,Kharif,Dry chillies,16203,24742,1.527001173
Andhra Pradesh,PRAKASAM,2004,Kharif,Groundnut,2082,2051,0.985110471
Andhra Pradesh,PRAKASAM,2004,Kharif,Jowar,2063,1104,0.535142996
Andhra Pradesh,PRAKASAM,2004,Kharif,Maize,6393,8145,1.274049742
Andhra Pradesh,PRAKASAM,2004,Kharif,Moong(Green Gram),23256,5698,0.24501204
Andhra Pradesh,PRAKASAM,2004,Kharif,Niger seed,126,49,0.388888889
Andhra Pradesh,PRAKASAM,2004,Kharif,Onion,85,1442,16.96470588
Andhra Pradesh,PRAKASAM,2004,Kharif,Ragi,81,80,0.987654321
Andhra Pradesh,PRAKASAM,2004,Kharif,Rice,27435,95446,3.478986696
Andhra Pradesh,PRAKASAM,2004,Kharif,Sesamum,52549,841,0.01600411
Andhra Pradesh,PRAKASAM,2004,Kharif,Small millets,693,458,0.660894661
Andhra Pradesh,PRAKASAM,2004,Kharif,Sunflower,29306,34374,1.17293387
Andhra Pradesh,PRAKASAM,2004,Kharif,Urad,997,481,0.482447342
Andhra Pradesh,PRAKASAM,2004,Rabi,Arhar/Tur,68,39,0.573529412
Andhra Pradesh,PRAKASAM,2004,Rabi,Bajra,148,176,1.189189189
Andhra Pradesh,PRAKASAM,2004,Rabi,Dry chillies,3410,10339,3.031964809
Andhra Pradesh,PRAKASAM,2004,Rabi,Gram,72599,110859,1.527004504
Andhra Pradesh,PRAKASAM,2004,Rabi,Groundnut,6724,14544,2.162998215
Andhra Pradesh,PRAKASAM,2004,Rabi,Horse-gram,823,333,0.404617254
Andhra Pradesh,PRAKASAM,2004,Rabi,Jowar,5047,4280,0.848028532
Andhra Pradesh,PRAKASAM,2004,Rabi,Maize,2906,13940,4.796971783
Andhra Pradesh,PRAKASAM,2004,Rabi,Moong(Green Gram),281,114,0.40569395
Andhra Pradesh,PRAKASAM,2004,Rabi,Onion,35,613,17.51428571
Andhra Pradesh,PRAKASAM,2004,Rabi,Other  Rabi pulses,284,82,0.288732394
Andhra Pradesh,PRAKASAM,2004,Rabi,Ragi,2529,4188,1.65599051
Andhra Pradesh,PRAKASAM,2004,Rabi,Rapeseed &Mustard,10,1,0.1
Andhra Pradesh,PRAKASAM,2004,Rabi,Rice,66134,220491,3.334003689
Andhra Pradesh,PRAKASAM,2004,Rabi,Sesamum,36,8,0.222222222
Andhra Pradesh,PRAKASAM,2004,Rabi,Small millets,453,227,0.501103753
Andhra Pradesh,PRAKASAM,2004,Rabi,Sunflower,27871,33557,1.204011338
Andhra Pradesh,PRAKASAM,2004,Rabi,Urad,10834,5569,0.514029906
Andhra Pradesh,PRAKASAM,2004,Whole Year,Banana,89,1793,20.14606742
Andhra Pradesh,PRAKASAM,2004,Whole Year,Cashewnut,689,147,0.213352685
Andhra Pradesh,PRAKASAM,2004,Whole Year,Coconut,202,2373274,11748.88119
Andhra Pradesh,PRAKASAM,2004,Whole Year,Coriander,1558,957,0.614249037
Andhra Pradesh,PRAKASAM,2004,Whole Year,Sugarcane,144,10717,74.42361111
Andhra Pradesh,PRAKASAM,2004,Whole Year,Sweet potato,215,2187,10.17209302
Andhra Pradesh,PRAKASAM,2004,Whole Year,Tobacco,61802,77556,1.254910844
Andhra Pradesh,PRAKASAM,2004,Whole Year,Turmeric,89,719,8.078651685
Andhra Pradesh,PRAKASAM,2005,Kharif,Arhar/Tur,81126,42024,0.518009023
Andhra Pradesh,PRAKASAM,2005,Kharif,Bajra,16523,27015,1.634993645
Andhra Pradesh,PRAKASAM,2005,Kharif,Castor seed,15008,3767,0.250999467
Andhra Pradesh,PRAKASAM,2005,Kharif,Cotton(lint),20988,32717,1.558843148
Andhra Pradesh,PRAKASAM,2005,Kharif,Dry chillies,8329,17349,2.082963141
Andhra Pradesh,PRAKASAM,2005,Kharif,Groundnut,2339,2662,1.138093202
Andhra Pradesh,PRAKASAM,2005,Kharif,Jowar,722,401,0.555401662
Andhra Pradesh,PRAKASAM,2005,Kharif,Maize,2860,9058,3.167132867
Andhra Pradesh,PRAKASAM,2005,Kharif,Moong(Green Gram),10316,6427,0.623012796
Andhra Pradesh,PRAKASAM,2005,Kharif,Onion,23,431,18.73913043
Andhra Pradesh,PRAKASAM,2005,Kharif,Other Kharif pulses,5,2,0.4
Andhra Pradesh,PRAKASAM,2005,Kharif,Ragi,84,76,0.904761905
Andhra Pradesh,PRAKASAM,2005,Kharif,Rice,54390,144351,2.653998897
Andhra Pradesh,PRAKASAM,2005,Kharif,Sesamum,4784,1789,0.373954849
Andhra Pradesh,PRAKASAM,2005,Kharif,Small millets,436,459,1.052752294
Andhra Pradesh,PRAKASAM,2005,Kharif,Urad,2478,852,0.343825666
Andhra Pradesh,PRAKASAM,2005,Rabi,Bajra,159,260,1.635220126
Andhra Pradesh,PRAKASAM,2005,Rabi,Dry chillies,1995,6843,3.430075188
Andhra Pradesh,PRAKASAM,2005,Rabi,Gram,90384,175616,1.942998761
Andhra Pradesh,PRAKASAM,2005,Rabi,Groundnut,7471,16952,2.269040289
Andhra Pradesh,PRAKASAM,2005,Rabi,Horse-gram,813,293,0.360393604
Andhra Pradesh,PRAKASAM,2005,Rabi,Jowar,2919,2855,0.978074683
Andhra Pradesh,PRAKASAM,2005,Rabi,Maize,3134,20778,6.629865986
Andhra Pradesh,PRAKASAM,2005,Rabi,Moong(Green Gram),434,279,0.642857143
Andhra Pradesh,PRAKASAM,2005,Rabi,Onion,26,515,19.80769231
Andhra Pradesh,PRAKASAM,2005,Rabi,Other  Rabi pulses,400,235,0.5875
Andhra Pradesh,PRAKASAM,2005,Rabi,Ragi,2849,5419,1.902070902
Andhra Pradesh,PRAKASAM,2005,Rabi,Rice,95020,340932,3.588002526
Andhra Pradesh,PRAKASAM,2005,Rabi,Safflower,7,2,0.285714286
Andhra Pradesh,PRAKASAM,2005,Rabi,Sesamum,130,30,0.230769231
Andhra Pradesh,PRAKASAM,2005,Rabi,Small millets,435,311,0.714942529
Andhra Pradesh,PRAKASAM,2005,Rabi,Urad,11919,5316,0.446010571
Andhra Pradesh,PRAKASAM,2005,Whole Year,Banana,90,1510,16.77777778
Andhra Pradesh,PRAKASAM,2005,Whole Year,Cashewnut,648,173,0.266975309
Andhra Pradesh,PRAKASAM,2005,Whole Year,Coconut,123,1077384,8759.219512
Andhra Pradesh,PRAKASAM,2005,Whole Year,Coriander,1557,1101,0.707129094
Andhra Pradesh,PRAKASAM,2005,Whole Year,Sugarcane,89,6404,71.95505618
Andhra Pradesh,PRAKASAM,2005,Whole Year,Sunflower,27657,39408,1.424883393
Andhra Pradesh,PRAKASAM,2005,Whole Year,Sweet potato,245,3164,12.91428571
Andhra Pradesh,PRAKASAM,2005,Whole Year,Tobacco,61058,76996,1.261030496
Andhra Pradesh,PRAKASAM,2005,Whole Year,Turmeric,149,934,6.268456376
Andhra Pradesh,PRAKASAM,2006,Kharif,Arhar/Tur,34603,9377,0.270988065
Andhra Pradesh,PRAKASAM,2006,Kharif,Bajra,9212,10760,1.168041685
Andhra Pradesh,PRAKASAM,2006,Kharif,Castor seed,5999,2526,0.421070178
Andhra Pradesh,PRAKASAM,2006,Kharif,Cotton(lint),20156,40786,2.023516571
Andhra Pradesh,PRAKASAM,2006,Kharif,Dry chillies,13584,40643,2.991975854
Andhra Pradesh,PRAKASAM,2006,Kharif,Groundnut,1568,862,0.549744898
Andhra Pradesh,PRAKASAM,2006,Kharif,Jowar,619,460,0.743134087
Andhra Pradesh,PRAKASAM,2006,Kharif,Maize,737,2314,3.139755767
Andhra Pradesh,PRAKASAM,2006,Kharif,Mesta,22,193,8.772727273
Andhra Pradesh,PRAKASAM,2006,Kharif,Moong(Green Gram),13923,4316,0.309990663
Andhra Pradesh,PRAKASAM,2006,Kharif,Onion,27,453,16.77777778
Andhra Pradesh,PRAKASAM,2006,Kharif,Ragi,30,28,0.933333333
Andhra Pradesh,PRAKASAM,2006,Kharif,Rice,41191,124809,3.030006555
Andhra Pradesh,PRAKASAM,2006,Kharif,Sesamum,20035,7152,0.356975293
Andhra Pradesh,PRAKASAM,2006,Kharif,Small millets,383,408,1.065274151
Andhra Pradesh,PRAKASAM,2006,Kharif,Soyabean,2,2,1
Andhra Pradesh,PRAKASAM,2006,Kharif,Urad,1698,650,0.382803298
Andhra Pradesh,PRAKASAM,2006,Rabi,Arhar/Tur,76,21,0.276315789
Andhra Pradesh,PRAKASAM,2006,Rabi,Bajra,266,311,1.169172932
Andhra Pradesh,PRAKASAM,2006,Rabi,Dry chillies,5635,23177,4.113043478
Andhra Pradesh,PRAKASAM,2006,Rabi,Gram,104508,203582,1.948003981
Andhra Pradesh,PRAKASAM,2006,Rabi,Groundnut,5555,18248,3.284968497
Andhra Pradesh,PRAKASAM,2006,Rabi,Horse-gram,548,277,0.505474453
Andhra Pradesh,PRAKASAM,2006,Rabi,Jowar,2326,2410,1.0361135
Andhra Pradesh,PRAKASAM,2006,Rabi,Maize,2728,17216,6.31085044
Andhra Pradesh,PRAKASAM,2006,Rabi,Moong(Green Gram),591,258,0.436548223
Andhra Pradesh,PRAKASAM,2006,Rabi,Onion,25,298,11.92
Andhra Pradesh,PRAKASAM,2006,Rabi,Other  Rabi pulses,520,248,0.476923077
Andhra Pradesh,PRAKASAM,2006,Rabi,Ragi,2252,4128,1.8330373
Andhra Pradesh,PRAKASAM,2006,Rabi,Rapeseed &Mustard,7,,
Andhra Pradesh,PRAKASAM,2006,Rabi,Rice,79875,297215,3.721001565
Andhra Pradesh,PRAKASAM,2006,Rabi,Safflower,10,4,0.4
Andhra Pradesh,PRAKASAM,2006,Rabi,Sesamum,110,22,0.2
Andhra Pradesh,PRAKASAM,2006,Rabi,Small millets,264,165,0.625
Andhra Pradesh,PRAKASAM,2006,Rabi,Urad,16436,11637,0.708018983
Andhra Pradesh,PRAKASAM,2006,Whole Year,Banana,95,1890,19.89473684
Andhra Pradesh,PRAKASAM,2006,Whole Year,Cashewnut,672,177,0.263392857
Andhra Pradesh,PRAKASAM,2006,Whole Year,Coconut,100,1287287,12872.87
Andhra Pradesh,PRAKASAM,2006,Whole Year,Coriander,1246,677,0.543338684
Andhra Pradesh,PRAKASAM,2006,Whole Year,Sugarcane,124,9854,79.46774194
Andhra Pradesh,PRAKASAM,2006,Whole Year,Sunflower,38937,33417,0.858232529
Andhra Pradesh,PRAKASAM,2006,Whole Year,Sweet potato,159,2487,15.64150943
Andhra Pradesh,PRAKASAM,2006,Whole Year,Tobacco,60299,62230,1.032023748
Andhra Pradesh,PRAKASAM,2006,Whole Year,Turmeric,176,1035,5.880681818
Andhra Pradesh,PRAKASAM,2007,Kharif,Arhar/Tur,82000,64000,0.780487805
Andhra Pradesh,PRAKASAM,2007,Kharif,Bajra,18000,37000,2.055555556
Andhra Pradesh,PRAKASAM,2007,Kharif,Castor seed,11000,7000,0.636363636
Andhra Pradesh,PRAKASAM,2007,Kharif,Cotton(lint),24000,71000,2.958333333
Andhra Pradesh,PRAKASAM,2007,Kharif,Dry chillies,16000,44000,2.75
Andhra Pradesh,PRAKASAM,2007,Kharif,Groundnut,2000,1000,0.5
Andhra Pradesh,PRAKASAM,2007,Kharif,Jowar,2000,3000,1.5
Andhra Pradesh,PRAKASAM,2007,Kharif,Maize,1000,3000,3
Andhra Pradesh,PRAKASAM,2007,Kharif,Moong(Green Gram),26000,11000,0.423076923
Andhra Pradesh,PRAKASAM,2007,Kharif,Rice,47000,173000,3.680851064
Andhra Pradesh,PRAKASAM,2007,Kharif,Sesamum,15000,8000,0.533333333
Andhra Pradesh,PRAKASAM,2007,Kharif,Small millets,1000,1000,1
Andhra Pradesh,PRAKASAM,2007,Kharif,Sunflower,3000,2000,0.666666667
Andhra Pradesh,PRAKASAM,2007,Kharif,Urad,3000,2000,0.666666667
Andhra Pradesh,PRAKASAM,2007,Rabi,Dry chillies,5000,14000,2.8
Andhra Pradesh,PRAKASAM,2007,Rabi,Gram,105000,135000,1.285714286
Andhra Pradesh,PRAKASAM,2007,Rabi,Groundnut,8000,17000,2.125
Andhra Pradesh,PRAKASAM,2007,Rabi,Jowar,2000,2000,1
Andhra Pradesh,PRAKASAM,2007,Rabi,Maize,4000,21000,5.25
Andhra Pradesh,PRAKASAM,2007,Rabi,Moong(Green Gram),2000,1000,0.5
Andhra Pradesh,PRAKASAM,2007,Rabi,Ragi,2000,3000,1.5
Andhra Pradesh,PRAKASAM,2007,Rabi,Rice,80000,287000,3.5875
Andhra Pradesh,PRAKASAM,2007,Rabi,Sesamum,2000,,
Andhra Pradesh,PRAKASAM,2007,Rabi,Sunflower,36000,50000,1.388888889
Andhra Pradesh,PRAKASAM,2007,Rabi,Urad,13000,11000,0.846153846
Andhra Pradesh,PRAKASAM,2007,Whole Year,Tobacco,57000,67000,1.175438596
Andhra Pradesh,PRAKASAM,2008,Kharif,Arhar/Tur,68331,19884,0.290995302
Andhra Pradesh,PRAKASAM,2008,Kharif,Bajra,12174,13744,1.128963365
Andhra Pradesh,PRAKASAM,2008,Kharif,Castor seed,9071,6268,0.690993275
Andhra Pradesh,PRAKASAM,2008,Kharif,Cotton(lint),40781,131459,3.22353547
Andhra Pradesh,PRAKASAM,2008,Kharif,Dry chillies,13404,33577,2.504998508
Andhra Pradesh,PRAKASAM,2008,Kharif,Groundnut,2395,218,0.091022965
Andhra Pradesh,PRAKASAM,2008,Kharif,Jowar,401,1025,2.556109726
Andhra Pradesh,PRAKASAM,2008,Kharif,Maize,1401,6226,4.443968594
Andhra Pradesh,PRAKASAM,2008,Kharif,Moong(Green Gram),2948,2821,0.956919946
Andhra Pradesh,PRAKASAM,2008,Kharif,Onion,115,1932,16.8
Andhra Pradesh,PRAKASAM,2008,Kharif,Ragi,74,67,0.905405405
Andhra Pradesh,PRAKASAM,2008,Kharif,Rice,47434,167774,3.536998777
Andhra Pradesh,PRAKASAM,2008,Kharif,Sesamum,4053,2116,0.522082408
Andhra Pradesh,PRAKASAM,2008,Kharif,Small millets,179,199,1.111731844
Andhra Pradesh,PRAKASAM,2008,Kharif,Soyabean,21,29,1.380952381
Andhra Pradesh,PRAKASAM,2008,Kharif,Urad,3336,1211,0.363009592
Andhra Pradesh,PRAKASAM,2008,Rabi,Arhar/Tur,5,1,0.2
Andhra Pradesh,PRAKASAM,2008,Rabi,Bajra,54,61,1.12962963
Andhra Pradesh,PRAKASAM,2008,Rabi,Dry chillies,4369,26581,6.084000916
Andhra Pradesh,PRAKASAM,2008,Rabi,Gram,93681,164972,1.760997427
Andhra Pradesh,PRAKASAM,2008,Rabi,Groundnut,7179,18917,2.635046664
Andhra Pradesh,PRAKASAM,2008,Rabi,Horse-gram,98,37,0.37755102
Andhra Pradesh,PRAKASAM,2008,Rabi,Jowar,4843,11328,2.339046046
Andhra Pradesh,PRAKASAM,2008,Rabi,Maize,5743,30289,5.274072784
Andhra Pradesh,PRAKASAM,2008,Rabi,Moong(Green Gram),202,153,0.757425743
Andhra Pradesh,PRAKASAM,2008,Rabi,Onion,23,221,9.608695652
Andhra Pradesh,PRAKASAM,2008,Rabi,Ragi,1502,2872,1.912117177
Andhra Pradesh,PRAKASAM,2008,Rabi,Rice,83957,314503,3.746000929
Andhra Pradesh,PRAKASAM,2008,Rabi,Sesamum,221,40,0.180995475
Andhra Pradesh,PRAKASAM,2008,Rabi,Small millets,73,53,0.726027397
Andhra Pradesh,PRAKASAM,2008,Rabi,Urad,8815,5747,0.651956892
Andhra Pradesh,PRAKASAM,2008,Whole Year,Banana,452,9320,20.61946903
Andhra Pradesh,PRAKASAM,2008,Whole Year,Cashewnut,1060,339,0.319811321
Andhra Pradesh,PRAKASAM,2008,Whole Year,Coconut,63,577778,9171.079365
Andhra Pradesh,PRAKASAM,2008,Whole Year,Coriander,2583,2469,0.955865273
Andhra Pradesh,PRAKASAM,2008,Whole Year,Sugarcane,251,20080,80
Andhra Pradesh,PRAKASAM,2008,Whole Year,Sunflower,39982,40780,1.019958982
Andhra Pradesh,PRAKASAM,2008,Whole Year,Sweet potato,204,4280,20.98039216
Andhra Pradesh,PRAKASAM,2008,Whole Year,Tobacco,81738,120504,1.474271453
Andhra Pradesh,PRAKASAM,2008,Whole Year,Turmeric,329,2261,6.872340426
Andhra Pradesh,PRAKASAM,2009,Kharif,Arhar/Tur,49762,24981,0.502009566
Andhra Pradesh,PRAKASAM,2009,Kharif,Bajra,4915,12450,2.533062055
Andhra Pradesh,PRAKASAM,2009,Kharif,Castor seed,8387,4261,0.50804817
Andhra Pradesh,PRAKASAM,2009,Kharif,Cotton(lint),32960,93645,2.841171117
Andhra Pradesh,PRAKASAM,2009,Kharif,Dry chillies,12285,31830,2.590964591
Andhra Pradesh,PRAKASAM,2009,Kharif,Groundnut,2052,2274,1.108187135
Andhra Pradesh,PRAKASAM,2009,Kharif,Jowar,408,481,1.178921569
Andhra Pradesh,PRAKASAM,2009,Kharif,Maize,244,605,2.479508197
Andhra Pradesh,PRAKASAM,2009,Kharif,Moong(Green Gram),2371,1034,0.43610291
Andhra Pradesh,PRAKASAM,2009,Kharif,Onion,177,2866,16.1920904
Andhra Pradesh,PRAKASAM,2009,Kharif,Ragi,160,160,1
Andhra Pradesh,PRAKASAM,2009,Kharif,Rice,32959,117730,3.572013714
Andhra Pradesh,PRAKASAM,2009,Kharif,Sesamum,10373,2116,0.203991131
Andhra Pradesh,PRAKASAM,2009,Kharif,Small millets,106,62,0.58490566
Andhra Pradesh,PRAKASAM,2009,Kharif,Urad,2919,861,0.294964029
Andhra Pradesh,PRAKASAM,2009,Rabi,Arhar/Tur,189,95,0.502645503
Andhra Pradesh,PRAKASAM,2009,Rabi,Bajra,426,1079,2.53286385
Andhra Pradesh,PRAKASAM,2009,Rabi,Dry chillies,5680,30564,5.380985915
Andhra Pradesh,PRAKASAM,2009,Rabi,Gram,94477,161650,1.710998444
Andhra Pradesh,PRAKASAM,2009,Rabi,Groundnut,5526,18418,3.332971408
Andhra Pradesh,PRAKASAM,2009,Rabi,Horse-gram,299,186,0.622073579
Andhra Pradesh,PRAKASAM,2009,Rabi,Jowar,7104,16460,2.317004505
Andhra Pradesh,PRAKASAM,2009,Rabi,Maize,5586,46861,8.389008235
Andhra Pradesh,PRAKASAM,2009,Rabi,Moong(Green Gram),746,454,0.608579088
Andhra Pradesh,PRAKASAM,2009,Rabi,Onion,79,2006,25.39240506
Andhra Pradesh,PRAKASAM,2009,Rabi,Ragi,1451,3046,2.099241902
Andhra Pradesh,PRAKASAM,2009,Rabi,Rapeseed &Mustard,2,,
Andhra Pradesh,PRAKASAM,2009,Rabi,Rice,96240,371390,3.858998337
Andhra Pradesh,PRAKASAM,2009,Rabi,Sesamum,1434,284,0.19804742
Andhra Pradesh,PRAKASAM,2009,Rabi,Small millets,921,866,0.940282302
Andhra Pradesh,PRAKASAM,2009,Rabi,Urad,8835,5186,0.586983588
Andhra Pradesh,PRAKASAM,2009,Whole Year,Banana,382,8794,23.02094241
Andhra Pradesh,PRAKASAM,2009,Whole Year,Cashewnut,1063,316,0.297271872
Andhra Pradesh,PRAKASAM,2009,Whole Year,Coconut,61,684360,11219.01639
Andhra Pradesh,PRAKASAM,2009,Whole Year,Coriander,1555,1600,1.028938907
Andhra Pradesh,PRAKASAM,2009,Whole Year,Sugarcane,144,10656,74
Andhra Pradesh,PRAKASAM,2009,Whole Year,Sunflower,23750,23312,0.981557895
Andhra Pradesh,PRAKASAM,2009,Whole Year,Sweet potato,129,2484,19.25581395
Andhra Pradesh,PRAKASAM,2009,Whole Year,Tobacco,94292,157105,1.666154075
Andhra Pradesh,PRAKASAM,2009,Whole Year,Turmeric,281,1752,6.234875445
Andhra Pradesh,PRAKASAM,2010,Kharif,Arhar/Tur,87971,30174,0.342999398
Andhra Pradesh,PRAKASAM,2010,Kharif,Bajra,18830,40729,2.162984599
Andhra Pradesh,PRAKASAM,2010,Kharif,Castor seed,5421,2569,0.473897805
Andhra Pradesh,PRAKASAM,2010,Kharif,Cotton(lint),51421,115063,2.237665545
Andhra Pradesh,PRAKASAM,2010,Kharif,Dry chillies,12605,40210,3.190003967
Andhra Pradesh,PRAKASAM,2010,Kharif,Groundnut,2378,388,0.163162321
Andhra Pradesh,PRAKASAM,2010,Kharif,Jowar,124,179,1.443548387
Andhra Pradesh,PRAKASAM,2010,Kharif,Maize,260,1460,5.615384615
Andhra Pradesh,PRAKASAM,2010,Kharif,Moong(Green Gram),26840,7005,0.260991058
Andhra Pradesh,PRAKASAM,2010,Kharif,Onion,303,6017,19.85808581
Andhra Pradesh,PRAKASAM,2010,Kharif,Rice,48878,143300,2.931789353
Andhra Pradesh,PRAKASAM,2010,Kharif,Sesamum,36694,4183,0.113996839
Andhra Pradesh,PRAKASAM,2010,Kharif,Small millets,255,443,1.737254902
Andhra Pradesh,PRAKASAM,2010,Kharif,Soyabean,2,4,2
Andhra Pradesh,PRAKASAM,2010,Kharif,Urad,2352,993,0.422193878
Andhra Pradesh,PRAKASAM,2010,Rabi,Bajra,990,2141,2.162626263
Andhra Pradesh,PRAKASAM,2010,Rabi,Dry chillies,4207,24194,5.750891372
Andhra Pradesh,PRAKASAM,2010,Rabi,Gram,73323,123549,1.684996522
Andhra Pradesh,PRAKASAM,2010,Rabi,Groundnut,5844,14487,2.478952772
Andhra Pradesh,PRAKASAM,2010,Rabi,Horse-gram,191,79,0.413612565
Andhra Pradesh,PRAKASAM,2010,Rabi,Jowar,3803,6199,1.630028925
Andhra Pradesh,PRAKASAM,2010,Rabi,Maize,8734,73139,8.374055416
Andhra Pradesh,PRAKASAM,2010,Rabi,Moong(Green Gram),1507,960,0.637027206
Andhra Pradesh,PRAKASAM,2010,Rabi,Onion,60,783,13.05
Andhra Pradesh,PRAKASAM,2010,Rabi,Ragi,1076,1542,1.433085502
Andhra Pradesh,PRAKASAM,2010,Rabi,Rapeseed &Mustard,155,376,2.425806452
Andhra Pradesh,PRAKASAM,2010,Rabi,Rice,107903,376150,3.486001316
Andhra Pradesh,PRAKASAM,2010,Rabi,Sesamum,3256,742,0.227886978
Andhra Pradesh,PRAKASAM,2010,Rabi,Small millets,668,709,1.061377246
Andhra Pradesh,PRAKASAM,2010,Rabi,Urad,16883,6365,0.377006456
Andhra Pradesh,PRAKASAM,2010,Whole Year,Banana,292,7444,25.49315068
Andhra Pradesh,PRAKASAM,2010,Whole Year,Cashewnut,1056,253,0.239583333
Andhra Pradesh,PRAKASAM,2010,Whole Year,Coriander,843,571,0.677342823
Andhra Pradesh,PRAKASAM,2010,Whole Year,Sugarcane,331,27142,82
Andhra Pradesh,PRAKASAM,2010,Whole Year,Sunflower,18503,22870,1.236015781
Andhra Pradesh,PRAKASAM,2010,Whole Year,Sweet potato,137,1918,14
Andhra Pradesh,PRAKASAM,2010,Whole Year,Tobacco,81271,127518,1.569046769
Andhra Pradesh,PRAKASAM,2010,Whole Year,Turmeric,532,3248,6.105263158
Andhra Pradesh,PRAKASAM,2011,Kharif,Arhar/Tur,38173,12444,0.325989574
Andhra Pradesh,PRAKASAM,2011,Kharif,Bajra,9738,20450,2.100020538
Andhra Pradesh,PRAKASAM,2011,Kharif,Castor seed,12329,5105,0.414064401
Andhra Pradesh,PRAKASAM,2011,Kharif,Cotton(lint),57941,140142,2.418701783
Andhra Pradesh,PRAKASAM,2011,Kharif,Cowpea(Lobia),3,1,0.333333333
Andhra Pradesh,PRAKASAM,2011,Kharif,Dry chillies,21257,55056,2.590017406
Andhra Pradesh,PRAKASAM,2011,Kharif,Groundnut,2172,150,0.069060773
Andhra Pradesh,PRAKASAM,2011,Kharif,Jowar,66,142,2.151515152
Andhra Pradesh,PRAKASAM,2011,Kharif,Maize,587,2629,4.478705281
Andhra Pradesh,PRAKASAM,2011,Kharif,Moong(Green Gram),3141,1219,0.388092964
Andhra Pradesh,PRAKASAM,2011,Kharif,Onion,603,8690,14.41127695
Andhra Pradesh,PRAKASAM,2011,Kharif,Ragi,35,25,0.714285714
Andhra Pradesh,PRAKASAM,2011,Kharif,Rice,39122,134932,3.449005675
Andhra Pradesh,PRAKASAM,2011,Kharif,Sesamum,2451,1456,0.594043248
Andhra Pradesh,PRAKASAM,2011,Kharif,Small millets,23,46,2
Andhra Pradesh,PRAKASAM,2011,Kharif,Soyabean,7,11,1.571428571
Andhra Pradesh,PRAKASAM,2011,Kharif,Urad,2306,1155,0.500867303
Andhra Pradesh,PRAKASAM,2011,Rabi,Bajra,377,792,2.100795756
Andhra Pradesh,PRAKASAM,2011,Rabi,Cowpea(Lobia),3599,2865,0.79605446
Andhra Pradesh,PRAKASAM,2011,Rabi,Dry chillies,10727,51533,4.804045866
Andhra Pradesh,PRAKASAM,2011,Rabi,Gram,94684,138996,1.467998817
Andhra Pradesh,PRAKASAM,2011,Rabi,Groundnut,4106,12330,3.002922552
Andhra Pradesh,PRAKASAM,2011,Rabi,Horse-gram,336,140,0.416666667
Andhra Pradesh,PRAKASAM,2011,Rabi,Jowar,10975,23146,2.108974943
Andhra Pradesh,PRAKASAM,2011,Rabi,Maize,12951,100642,7.770982936
Andhra Pradesh,PRAKASAM,2011,Rabi,Moong(Green Gram),916,432,0.471615721
Andhra Pradesh,PRAKASAM,2011,Rabi,Onion,297,7603,25.5993266
Andhra Pradesh,PRAKASAM,2011,Rabi,Ragi,954,1636,1.714884696
Andhra Pradesh,PRAKASAM,2011,Rabi,Rapeseed &Mustard,5,12,2.4
Andhra Pradesh,PRAKASAM,2011,Rabi,Rice,79396,292098,3.679001461
Andhra Pradesh,PRAKASAM,2011,Rabi,Sesamum,2163,467,0.215903837
Andhra Pradesh,PRAKASAM,2011,Rabi,Small millets,994,964,0.969818913
Andhra Pradesh,PRAKASAM,2011,Rabi,Urad,26175,11517,0.44
Andhra Pradesh,PRAKASAM,2011,Whole Year,Banana,430,11455,26.63953488
Andhra Pradesh,PRAKASAM,2011,Whole Year,Cashewnut,1078,277,0.256957328
Andhra Pradesh,PRAKASAM,2011,Whole Year,Coconut,47,655424,13945.19149
Andhra Pradesh,PRAKASAM,2011,Whole Year,Coriander,529,501,0.947069943
Andhra Pradesh,PRAKASAM,2011,Whole Year,Sugarcane,423,34263,81
Andhra Pradesh,PRAKASAM,2011,Whole Year,Sunflower,17007,18623,1.095019698
Andhra Pradesh,PRAKASAM,2011,Whole Year,Sweet potato,99,1571,15.86868687
Andhra Pradesh,PRAKASAM,2011,Whole Year,Tobacco,62776,109504,1.744360902
Andhra Pradesh,PRAKASAM,2011,Whole Year,Turmeric,1343,10084,7.508562919
Andhra Pradesh,PRAKASAM,2012,Kharif,Arhar/Tur,56606,37700,0.666007137
Andhra Pradesh,PRAKASAM,2012,Kharif,Bajra,28780,59344,2.061987491
Andhra Pradesh,PRAKASAM,2012,Kharif,Brinjal,297,3072,10.34343434
Andhra Pradesh,PRAKASAM,2012,Kharif,Cabbage,31,816,26.32258065
Andhra Pradesh,PRAKASAM,2012,Kharif,Cashewnut,1045,283,0.270813397
Andhra Pradesh,PRAKASAM,2012,Kharif,Castor seed,10304,9480,0.920031056
Andhra Pradesh,PRAKASAM,2012,Kharif,Cotton(lint),63206,195939,3.100006329
Andhra Pradesh,PRAKASAM,2012,Kharif,Cowpea(Lobia),105,41,0.39047619
Andhra Pradesh,PRAKASAM,2012,Kharif,Dry chillies,17409,66119,3.797978057
Andhra Pradesh,PRAKASAM,2012,Kharif,Dry ginger,8,62,7.75
Andhra Pradesh,PRAKASAM,2012,Kharif,Groundnut,2918,4803,1.645990404
Andhra Pradesh,PRAKASAM,2012,Kharif,Jowar,478,1268,2.652719665
Andhra Pradesh,PRAKASAM,2012,Kharif,Lemon,1509,11100,7.355864811
Andhra Pradesh,PRAKASAM,2012,Kharif,Maize,1604,8937,5.571695761
Andhra Pradesh,PRAKASAM,2012,Kharif,Mango,6088,46957,7.71304205
Andhra Pradesh,PRAKASAM,2012,Kharif,Moong(Green Gram),2655,879,0.331073446
Andhra Pradesh,PRAKASAM,2012,Kharif,Onion,569,10863,19.0913884
Andhra Pradesh,PRAKASAM,2012,Kharif,Papaya,1290,173044,134.1426357
Andhra Pradesh,PRAKASAM,2012,Kharif,Ragi,59,63,1.06779661
Andhra Pradesh,PRAKASAM,2012,Kharif,Rice,17820,64027,3.59298541
Andhra Pradesh,PRAKASAM,2012,Kharif,Sapota,2561,26220,10.23818821
Andhra Pradesh,PRAKASAM,2012,Kharif,Sesamum,3025,1231,0.406942149
Andhra Pradesh,PRAKASAM,2012,Kharif,Small millets,1079,2101,1.947173309
Andhra Pradesh,PRAKASAM,2012,Kharif,Soyabean,3,5,1.666666667
Andhra Pradesh,PRAKASAM,2012,Kharif,Sugarcane,661,50837,76.90922844
Andhra Pradesh,PRAKASAM,2012,Kharif,Sunflower,810,612,0.755555556
Andhra Pradesh,PRAKASAM,2012,Kharif,Tobacco,2359,7247,3.072064434
Andhra Pradesh,PRAKASAM,2012,Kharif,Tomato,1117,13941,12.48075201
Andhra Pradesh,PRAKASAM,2012,Kharif,Turmeric,557,3690,6.624775583
Andhra Pradesh,PRAKASAM,2012,Kharif,Urad,3367,2384,0.708048708
Andhra Pradesh,PRAKASAM,2012,Rabi,Arhar/Tur,20,13,0.65
Andhra Pradesh,PRAKASAM,2012,Rabi,Bajra,648,1336,2.061728395
Andhra Pradesh,PRAKASAM,2012,Rabi,Brinjal,295,3052,10.34576271
Andhra Pradesh,PRAKASAM,2012,Rabi,Cabbage,45,1185,26.33333333
Andhra Pradesh,PRAKASAM,2012,Rabi,Castor seed,2799,2575,0.919971418
Andhra Pradesh,PRAKASAM,2012,Rabi,Coriander,56,52,0.928571429
Andhra Pradesh,PRAKASAM,2012,Rabi,Cotton(lint),3838,11898,3.10005211
Andhra Pradesh,PRAKASAM,2012,Rabi,Cowpea(Lobia),5437,6514,1.19808718
Andhra Pradesh,PRAKASAM,2012,Rabi,Dry chillies,4736,20692,4.369087838
Andhra Pradesh,PRAKASAM,2012,Rabi,Gram,112135,209468,1.867998395
Andhra Pradesh,PRAKASAM,2012,Rabi,Groundnut,4979,14006,2.813014662
Andhra Pradesh,PRAKASAM,2012,Rabi,Horse-gram,234,131,0.55982906
Andhra Pradesh,PRAKASAM,2012,Rabi,Jowar,19768,39220,1.984014569
Andhra Pradesh,PRAKASAM,2012,Rabi,Maize,19797,125355,6.332020003
Andhra Pradesh,PRAKASAM,2012,Rabi,Moong(Green Gram),446,150,0.33632287
Andhra Pradesh,PRAKASAM,2012,Rabi,Onion,52,1144,22
Andhra Pradesh,PRAKASAM,2012,Rabi,Ragi,1179,1945,1.649703138
Andhra Pradesh,PRAKASAM,2012,Rabi,Rice,33942,125959,3.711007012
Andhra Pradesh,PRAKASAM,2012,Rabi,Sesamum,2971,781,0.262874453
Andhra Pradesh,PRAKASAM,2012,Rabi,Small millets,1499,1262,0.841894596
Andhra Pradesh,PRAKASAM,2012,Rabi,Soyabean,65,118,1.815384615
Andhra Pradesh,PRAKASAM,2012,Rabi,Sunflower,15205,15342,1.009010194
Andhra Pradesh,PRAKASAM,2012,Rabi,Sweet potato,58,558,9.620689655
Andhra Pradesh,PRAKASAM,2012,Rabi,Tobacco,69234,125623,1.814469769
Andhra Pradesh,PRAKASAM,2012,Rabi,Tomato,933,10975,11.76312969
Andhra Pradesh,PRAKASAM,2012,Rabi,Turmeric,25,166,6.64
Andhra Pradesh,PRAKASAM,2012,Rabi,Urad,23319,18497,0.793215833
Andhra Pradesh,PRAKASAM,2012,Whole Year,Coconut,39,666000,17076.92308
Andhra Pradesh,PRAKASAM,2013,Kharif,Arhar/Tur,53584,48922,0.912996417
Andhra Pradesh,PRAKASAM,2013,Kharif,Bajra,25277,45726,1.808996321
Andhra Pradesh,PRAKASAM,2013,Kharif,Brinjal,194,1251,6.448453608
Andhra Pradesh,PRAKASAM,2013,Kharif,Cabbage,1,19,19
Andhra Pradesh,PRAKASAM,2013,Kharif,Cashewnut,1029,324,0.314868805
Andhra Pradesh,PRAKASAM,2013,Kharif,Castor seed,6429,4648,0.722974024
Andhra Pradesh,PRAKASAM,2013,Kharif,Cotton(lint),82988,276301,3.329409071
Andhra Pradesh,PRAKASAM,2013,Kharif,Cowpea(Lobia),377,181,0.480106101
Andhra Pradesh,PRAKASAM,2013,Kharif,Dry chillies,20316,79090,3.892990746
Andhra Pradesh,PRAKASAM,2013,Kharif,Groundnut,3484,6522,1.871986223
Andhra Pradesh,PRAKASAM,2013,Kharif,Horse-gram,6,4,0.666666667
Andhra Pradesh,PRAKASAM,2013,Kharif,Jowar,477,833,1.746331237
Andhra Pradesh,PRAKASAM,2013,Kharif,Lemon,1590,12669,7.967924528
Andhra Pradesh,PRAKASAM,2013,Kharif,Maize,3012,13006,4.318061089
Andhra Pradesh,PRAKASAM,2013,Kharif,Mango,6433,48061,7.471008861
Andhra Pradesh,PRAKASAM,2013,Kharif,Moong(Green Gram),3696,1460,0.395021645
Andhra Pradesh,PRAKASAM,2013,Kharif,Onion,462,8700,18.83116883
Andhra Pradesh,PRAKASAM,2013,Kharif,other oilseeds,6494,4753,0.731906375
Andhra Pradesh,PRAKASAM,2013,Kharif,Papaya,918,120534,131.3006536
Andhra Pradesh,PRAKASAM,2013,Kharif,Ragi,120,101,0.841666667
Andhra Pradesh,PRAKASAM,2013,Kharif,Rice,58034,213391,3.67699969
Andhra Pradesh,PRAKASAM,2013,Kharif,Sapota,2544,24901,9.788128931
Andhra Pradesh,PRAKASAM,2013,Kharif,Sesamum,8713,5446,0.625043039
Andhra Pradesh,PRAKASAM,2013,Kharif,Small millets,661,1003,1.517397882
Andhra Pradesh,PRAKASAM,2013,Kharif,Soyabean,65,105,1.615384615
Andhra Pradesh,PRAKASAM,2013,Kharif,Sugarcane,673,53132,78.94799406
Andhra Pradesh,PRAKASAM,2013,Kharif,Sunflower,483,381,0.788819876
Andhra Pradesh,PRAKASAM,2013,Kharif,Tobacco,2805,8753,3.120499109
Andhra Pradesh,PRAKASAM,2013,Kharif,Tomato,1098,13639,12.42167577
Andhra Pradesh,PRAKASAM,2013,Kharif,Turmeric,762,5073,6.657480315
Andhra Pradesh,PRAKASAM,2013,Kharif,Urad,1600,1000,0.625
Andhra Pradesh,PRAKASAM,2013,Rabi,Arhar/Tur,45,41,0.911111111
Andhra Pradesh,PRAKASAM,2013,Rabi,Bajra,649,1174,1.808936826
Andhra Pradesh,PRAKASAM,2013,Rabi,Brinjal,237,1529,6.451476793
Andhra Pradesh,PRAKASAM,2013,Rabi,Cabbage,26,488,18.76923077
Andhra Pradesh,PRAKASAM,2013,Rabi,Castor seed,1098,794,0.723132969
Andhra Pradesh,PRAKASAM,2013,Rabi,Coriander,105,97,0.923809524
Andhra Pradesh,PRAKASAM,2013,Rabi,Cotton(lint),1352,4501,3.329142012
Andhra Pradesh,PRAKASAM,2013,Rabi,Cowpea(Lobia),6075,5662,0.932016461
Andhra Pradesh,PRAKASAM,2013,Rabi,Dry chillies,7842,44731,5.704029584
Andhra Pradesh,PRAKASAM,2013,Rabi,Gram,69465,135109,1.944993882
Andhra Pradesh,PRAKASAM,2013,Rabi,Groundnut,3371,12277,3.64194601
Andhra Pradesh,PRAKASAM,2013,Rabi,Horse-gram,325,149,0.458461538
Andhra Pradesh,PRAKASAM,2013,Rabi,Jowar,7842,16649,2.123055343
Andhra Pradesh,PRAKASAM,2013,Rabi,Maize,20101,161351,8.027013581
Andhra Pradesh,PRAKASAM,2013,Rabi,Moong(Green Gram),688,588,0.854651163
Andhra Pradesh,PRAKASAM,2013,Rabi,Onion,67,1241,18.52238806
Andhra Pradesh,PRAKASAM,2013,Rabi,Ragi,988,1659,1.679149798
Andhra Pradesh,PRAKASAM,2013,Rabi,Rice,80544,318874,3.959003774
Andhra Pradesh,PRAKASAM,2013,Rabi,Safflower,13,9,0.692307692
Andhra Pradesh,PRAKASAM,2013,Rabi,Sesamum,4137,869,0.210055596
Andhra Pradesh,PRAKASAM,2013,Rabi,Small millets,670,744,1.110447761
Andhra Pradesh,PRAKASAM,2013,Rabi,Sunflower,8746,10312,1.179053282
Andhra Pradesh,PRAKASAM,2013,Rabi,Sweet potato,81,711,8.777777778
Andhra Pradesh,PRAKASAM,2013,Rabi,Tobacco,83416,158600,1.901313897
Andhra Pradesh,PRAKASAM,2013,Rabi,Tomato,1046,13560,12.96367113
Andhra Pradesh,PRAKASAM,2013,Rabi,Turmeric,34,226,6.647058824
Andhra Pradesh,PRAKASAM,2013,Rabi,Urad,11518,9491,0.824014586
Andhra Pradesh,PRAKASAM,2013,Whole Year,Banana,487,9561,19.63244353
Andhra Pradesh,PRAKASAM,2013,Whole Year,Cashewnut,1029,324,0.314868805
Andhra Pradesh,PRAKASAM,2013,Whole Year,Castor seed,7527,5442,0.72299721
Andhra Pradesh,PRAKASAM,2013,Whole Year,Coconut,39,646000,16564.10256
Andhra Pradesh,PRAKASAM,2013,Whole Year,Coriander,105,97,0.923809524
Andhra Pradesh,PRAKASAM,2013,Whole Year,Safflower,13,9,0.692307692
Andhra Pradesh,PRAKASAM,2013,Whole Year,Sannhamp,1841,,
Andhra Pradesh,PRAKASAM,2013,Whole Year,Sweet potato,81,711,8.777777778
Andhra Pradesh,PRAKASAM,2014,Kharif,Arhar/Tur,43123,30962,0.717992719
Andhra Pradesh,PRAKASAM,2014,Kharif,Bajra,10611,10887,1.026010744
Andhra Pradesh,PRAKASAM,2014,Kharif,Brinjal,296,2843,9.60472973
Andhra Pradesh,PRAKASAM,2014,Kharif,Cashewnut,958,335,0.349686848
Andhra Pradesh,PRAKASAM,2014,Kharif,Castor seed,2563,1128,0.440109247
Andhra Pradesh,PRAKASAM,2014,Kharif,Cotton(lint),71520,252407,3.529180649
Andhra Pradesh,PRAKASAM,2014,Kharif,Cowpea(Lobia),897,780,0.869565217
Andhra Pradesh,PRAKASAM,2014,Kharif,Dry chillies,21371,75824,3.547985588
Andhra Pradesh,PRAKASAM,2014,Kharif,Groundnut,2376,3835,1.614057239
Andhra Pradesh,PRAKASAM,2014,Kharif,Jowar,12,18,1.5
Andhra Pradesh,PRAKASAM,2014,Kharif,Lemon,1754,10833,6.176168757
Andhra Pradesh,PRAKASAM,2014,Kharif,Maize,1183,4294,3.629754861
Andhra Pradesh,PRAKASAM,2014,Kharif,Mango,6529,54550,8.355031398
Andhra Pradesh,PRAKASAM,2014,Kharif,Moong(Green Gram),514,278,0.540856031
Andhra Pradesh,PRAKASAM,2014,Kharif,Onion,303,5563,18.35973597
Andhra Pradesh,PRAKASAM,2014,Kharif,Papaya,657,45451,69.17960426
Andhra Pradesh,PRAKASAM,2014,Kharif,Pome Granet,4,41,10.25
Andhra Pradesh,PRAKASAM,2014,Kharif,Ragi,24,23,0.958333333
Andhra Pradesh,PRAKASAM,2014,Kharif,Rice,31764,121783,3.833994459
Andhra Pradesh,PRAKASAM,2014,Kharif,Sapota,2391,19635,8.212045169
Andhra Pradesh,PRAKASAM,2014,Kharif,Sesamum,1113,213,0.191374663
Andhra Pradesh,PRAKASAM,2014,Kharif,Small millets,138,155,1.123188406
Andhra Pradesh,PRAKASAM,2014,Kharif,Soyabean,36,82,2.277777778
Andhra Pradesh,PRAKASAM,2014,Kharif,Sugarcane,900,64800,72
Andhra Pradesh,PRAKASAM,2014,Kharif,Sunflower,96,116,1.208333333
Andhra Pradesh,PRAKASAM,2014,Kharif,Tobacco,1801,3699,2.053858967
Andhra Pradesh,PRAKASAM,2014,Kharif,Tomato,770,11070,14.37662338
Andhra Pradesh,PRAKASAM,2014,Kharif,Turmeric,698,5023,7.196275072
Andhra Pradesh,PRAKASAM,2014,Kharif,Urad,3498,3585,1.024871355
Andhra Pradesh,PRAKASAM,2014,Rabi,Arhar/Tur,10,7,0.7
Andhra Pradesh,PRAKASAM,2014,Rabi,Bajra,1169,1199,1.02566296
Andhra Pradesh,PRAKASAM,2014,Rabi,Brinjal,248,2382,9.60483871
Andhra Pradesh,PRAKASAM,2014,Rabi,Cabbage,101,1245,12.32673267
Andhra Pradesh,PRAKASAM,2014,Rabi,Castor seed,1064,468,0.439849624
Andhra Pradesh,PRAKASAM,2014,Rabi,Coriander,1560,807,0.517307692
Andhra Pradesh,PRAKASAM,2014,Rabi,Cotton(lint),651,2298,3.529953917
Andhra Pradesh,PRAKASAM,2014,Rabi,Cowpea(Lobia),7600,9705,1.276973684
Andhra Pradesh,PRAKASAM,2014,Rabi,Dry chillies,10867,73244,6.740038649
Andhra Pradesh,PRAKASAM,2014,Rabi,Gram,50750,95867,1.889004926
Andhra Pradesh,PRAKASAM,2014,Rabi,Groundnut,2590,9391,3.625868726
Andhra Pradesh,PRAKASAM,2014,Rabi,Horse-gram,325,135,0.415384615
Andhra Pradesh,PRAKASAM,2014,Rabi,Jowar,12887,19627,1.523007682
Andhra Pradesh,PRAKASAM,2014,Rabi,Maize,15889,127001,7.993014035
Andhra Pradesh,PRAKASAM,2014,Rabi,Moong(Green Gram),2274,1853,0.814863676
Andhra Pradesh,PRAKASAM,2014,Rabi,Onion,48,848,17.66666667
Andhra Pradesh,PRAKASAM,2014,Rabi,Ragi,936,1428,1.525641026
Andhra Pradesh,PRAKASAM,2014,Rabi,Rapeseed &Mustard,10,6,0.6
Andhra Pradesh,PRAKASAM,2014,Rabi,Rice,73533,284132,3.864006636
Andhra Pradesh,PRAKASAM,2014,Rabi,Safflower,3,1,0.333333333
Andhra Pradesh,PRAKASAM,2014,Rabi,Sesamum,12831,2425,0.188995402
Andhra Pradesh,PRAKASAM,2014,Rabi,Small millets,1092,1189,1.088827839
Andhra Pradesh,PRAKASAM,2014,Rabi,Soyabean,69,158,2.289855072
Andhra Pradesh,PRAKASAM,2014,Rabi,Sunflower,8090,7710,0.95302843
Andhra Pradesh,PRAKASAM,2014,Rabi,Sweet potato,170,2434,14.31764706
Andhra Pradesh,PRAKASAM,2014,Rabi,Tobacco,78761,167264,2.123690659
Andhra Pradesh,PRAKASAM,2014,Rabi,Tomato,1174,15907,13.54940375
Andhra Pradesh,PRAKASAM,2014,Rabi,Turmeric,2,14,7
Andhra Pradesh,PRAKASAM,2014,Rabi,Urad,16354,14293,0.873975786
Andhra Pradesh,PRAKASAM,2014,Whole Year,Coconut,37,802000,21675.67568
Andhra Pradesh,PRAKASAM,2014,Whole Year,Rice,105297,405915,3.854953133
Andhra Pradesh,SPSR NELLORE,1997,Kharif,Arhar/Tur,200,100,0.5
Andhra Pradesh,SPSR NELLORE,1997,Kharif,Bajra,2100,4700,2.238095238
Andhra Pradesh,SPSR NELLORE,1997,Kharif,Cotton(lint),8700,20900,2.402298851
Andhra Pradesh,SPSR NELLORE,1997,Kharif,Dry chillies,100,400,4
Andhra Pradesh,SPSR NELLORE,1997,Kharif,Groundnut,6100,9100,1.491803279
Andhra Pradesh,SPSR NELLORE,1997,Kharif,Maize,100,100,1
Andhra Pradesh,SPSR NELLORE,1997,Kharif,Moong(Green Gram),300,100,0.333333333
Andhra Pradesh,SPSR NELLORE,1997,Kharif,Ragi,300,200,0.666666667
Andhra Pradesh,SPSR NELLORE,1997,Kharif,Rice,48700,127600,2.620123203
Andhra Pradesh,SPSR NELLORE,1997,Kharif,Sesamum,1100,200,0.181818182
Andhra Pradesh,SPSR NELLORE,1997,Kharif,Sugarcane,5700,446300,78.29824561
Andhra Pradesh,SPSR NELLORE,1997,Kharif,Sunflower,3000,1500,0.5
Andhra Pradesh,SPSR NELLORE,1997,Kharif,Tobacco,12500,12600,1.008
Andhra Pradesh,SPSR NELLORE,1997,Rabi,Arhar/Tur,500,100,0.2
Andhra Pradesh,SPSR NELLORE,1997,Rabi,Dry chillies,3000,5500,1.833333333
Andhra Pradesh,SPSR NELLORE,1997,Rabi,Groundnut,14700,41100,2.795918367
Andhra Pradesh,SPSR NELLORE,1997,Rabi,Horse-gram,600,300,0.5
Andhra Pradesh,SPSR NELLORE,1997,Rabi,Jowar,300,200,0.666666667
Andhra Pradesh,SPSR NELLORE,1997,Rabi,Moong(Green Gram),6300,1900,0.301587302
Andhra Pradesh,SPSR NELLORE,1997,Rabi,Ragi,400,900,2.25
Andhra Pradesh,SPSR NELLORE,1997,Rabi,Rice,182100,544600,2.99066447
Andhra Pradesh,SPSR NELLORE,1997,Rabi,Sesamum,2200,200,0.090909091
Andhra Pradesh,SPSR NELLORE,1997,Rabi,Sunflower,200,100,0.5
Andhra Pradesh,SPSR NELLORE,1997,Rabi,Urad,5400,2600,0.481481481
Andhra Pradesh,SPSR NELLORE,1998,Kharif,Arhar/Tur,600,400,0.666666667
Andhra Pradesh,SPSR NELLORE,1998,Kharif,Bajra,2300,4200,1.826086957
Andhra Pradesh,SPSR NELLORE,1998,Kharif,Castor seed,100,,
Andhra Pradesh,SPSR NELLORE,1998,Kharif,Cotton(lint),7100,5600,0.788732394
Andhra Pradesh,SPSR NELLORE,1998,Kharif,Dry chillies,200,800,4
Andhra Pradesh,SPSR NELLORE,1998,Kharif,Groundnut,5300,8800,1.660377358
Andhra Pradesh,SPSR NELLORE,1998,Kharif,Maize,100,200,2
Andhra Pradesh,SPSR NELLORE,1998,Kharif,Moong(Green Gram),400,200,0.5
Andhra Pradesh,SPSR NELLORE,1998,Kharif,Ragi,300,300,1
Andhra Pradesh,SPSR NELLORE,1998,Kharif,Rice,44700,133400,2.984340045
Andhra Pradesh,SPSR NELLORE,1998,Kharif,Sesamum,900,200,0.222222222
Andhra Pradesh,SPSR NELLORE,1998,Kharif,Sunflower,4100,3000,0.731707317
Andhra Pradesh,SPSR NELLORE,1998,Kharif,Urad,100,100,1
Andhra Pradesh,SPSR NELLORE,1998,Rabi,Arhar/Tur,200,100,0.5
Andhra Pradesh,SPSR NELLORE,1998,Rabi,Dry chillies,3100,8500,2.741935484
Andhra Pradesh,SPSR NELLORE,1998,Rabi,Groundnut,17300,43100,2.49132948
Andhra Pradesh,SPSR NELLORE,1998,Rabi,Horse-gram,800,300,0.375
Andhra Pradesh,SPSR NELLORE,1998,Rabi,Jowar,200,100,0.5
Andhra Pradesh,SPSR NELLORE,1998,Rabi,Maize,100,100,1
Andhra Pradesh,SPSR NELLORE,1998,Rabi,Moong(Green Gram),6600,1700,0.257575758
Andhra Pradesh,SPSR NELLORE,1998,Rabi,Ragi,500,1000,2
Andhra Pradesh,SPSR NELLORE,1998,Rabi,Rice,183300,542300,2.958537916
Andhra Pradesh,SPSR NELLORE,1998,Rabi,Sesamum,1300,300,0.230769231
Andhra Pradesh,SPSR NELLORE,1998,Rabi,Sunflower,300,200,0.666666667
Andhra Pradesh,SPSR NELLORE,1998,Rabi,Urad,5900,3900,0.661016949
Andhra Pradesh,SPSR NELLORE,1998,Whole Year,Sugarcane,6100,546100,89.52459016
Andhra Pradesh,SPSR NELLORE,1998,Whole Year,Tobacco,12900,14000,1.085271318
Andhra Pradesh,SPSR NELLORE,1999,Kharif,Bajra,2067,3706,1.792936623
Andhra Pradesh,SPSR NELLORE,1999,Kharif,Castor seed,5,1,0.2
Andhra Pradesh,SPSR NELLORE,1999,Kharif,Cotton(lint),4636,7663,1.652933563
Andhra Pradesh,SPSR NELLORE,1999,Kharif,Groundnut,5339,6380,1.194980333
Andhra Pradesh,SPSR NELLORE,1999,Kharif,Horse-gram,2,1,0.5
Andhra Pradesh,SPSR NELLORE,1999,Kharif,Maize,21,60,2.857142857
Andhra Pradesh,SPSR NELLORE,1999,Kharif,Masoor,652,280,0.429447853
Andhra Pradesh,SPSR NELLORE,1999,Kharif,Moong(Green Gram),434,308,0.709677419
Andhra Pradesh,SPSR NELLORE,1999,Kharif,Ragi,266,277,1.041353383
Andhra Pradesh,SPSR NELLORE,1999,Kharif,Rice,45768,136695,2.98669376
Andhra Pradesh,SPSR NELLORE,1999,Kharif,Sesamum,7368,1776,0.241042345
Andhra Pradesh,SPSR NELLORE,1999,Kharif,Sunflower,3754,3239,0.862812999
Andhra Pradesh,SPSR NELLORE,1999,Kharif,Urad,141,86,0.609929078
Andhra Pradesh,SPSR NELLORE,1999,Rabi,Bajra,79,142,1.797468354
Andhra Pradesh,SPSR NELLORE,1999,Rabi,Gram,120,133,1.108333333
Andhra Pradesh,SPSR NELLORE,1999,Rabi,Groundnut,10766,22310,2.072264537
Andhra Pradesh,SPSR NELLORE,1999,Rabi,Horse-gram,454,165,0.363436123
Andhra Pradesh,SPSR NELLORE,1999,Rabi,Jowar,529,294,0.555765595
Andhra Pradesh,SPSR NELLORE,1999,Rabi,Masoor,391,168,0.429667519
Andhra Pradesh,SPSR NELLORE,1999,Rabi,Moong(Green Gram),6804,2715,0.399029982
Andhra Pradesh,SPSR NELLORE,1999,Rabi,Ragi,788,1640,2.081218274
Andhra Pradesh,SPSR NELLORE,1999,Rabi,Rice,152441,407231,2.671400739
Andhra Pradesh,SPSR NELLORE,1999,Rabi,Sesamum,2291,527,0.230030554
Andhra Pradesh,SPSR NELLORE,1999,Rabi,Urad,14714,9726,0.661003126
Andhra Pradesh,SPSR NELLORE,1999,Whole Year,Dry chillies,3652,7692,2.106243154
Andhra Pradesh,SPSR NELLORE,1999,Whole Year,Onion,35,459,13.11428571
Andhra Pradesh,SPSR NELLORE,1999,Whole Year,Sugarcane,6562,614664,93.67022249
Andhra Pradesh,SPSR NELLORE,1999,Whole Year,Tobacco,12061,14123,1.170964265
Andhra Pradesh,SPSR NELLORE,2000,Kharif,Arhar/Tur,2063,1143,0.554047504
Andhra Pradesh,SPSR NELLORE,2000,Kharif,Bajra,3048,5617,1.842847769
Andhra Pradesh,SPSR NELLORE,2000,Kharif,Castor seed,316,96,0.303797468
Andhra Pradesh,SPSR NELLORE,2000,Kharif,Cotton(lint),7628,14403,1.888175144
Andhra Pradesh,SPSR NELLORE,2000,Kharif,Dry chillies,202,558,2.762376238
Andhra Pradesh,SPSR NELLORE,2000,Kharif,Groundnut,3796,5413,1.42597471
Andhra Pradesh,SPSR NELLORE,2000,Kharif,Horse-gram,28,14,0.5
Andhra Pradesh,SPSR NELLORE,2000,Kharif,Jowar,20,7,0.35
Andhra Pradesh,SPSR NELLORE,2000,Kharif,Maize,51,133,2.607843137
Andhra Pradesh,SPSR NELLORE,2000,Kharif,Mesta,6,53,8.833333333
Andhra Pradesh,SPSR NELLORE,2000,Kharif,Moong(Green Gram),943,419,0.444326617
Andhra Pradesh,SPSR NELLORE,2000,Kharif,Onion,51,712,13.96078431
Andhra Pradesh,SPSR NELLORE,2000,Kharif,Other Kharif pulses,127,54,0.42519685
Andhra Pradesh,SPSR NELLORE,2000,Kharif,Ragi,213,202,0.948356808
Andhra Pradesh,SPSR NELLORE,2000,Kharif,Rice,55041,171563,3.117003688
Andhra Pradesh,SPSR NELLORE,2000,Kharif,Sesamum,6260,1452,0.231948882
Andhra Pradesh,SPSR NELLORE,2000,Kharif,Sunflower,2469,2634,1.066828676
Andhra Pradesh,SPSR NELLORE,2000,Kharif,Urad,456,27,0.059210526
Andhra Pradesh,SPSR NELLORE,2000,Rabi,Arhar/Tur,894,495,0.553691275
Andhra Pradesh,SPSR NELLORE,2000,Rabi,Bajra,21,39,1.857142857
Andhra Pradesh,SPSR NELLORE,2000,Rabi,Dry chillies,2318,7353,3.172131148
Andhra Pradesh,SPSR NELLORE,2000,Rabi,Gram,654,1555,2.377675841
Andhra Pradesh,SPSR NELLORE,2000,Rabi,Groundnut,6809,13598,1.997062711
Andhra Pradesh,SPSR NELLORE,2000,Rabi,Horse-gram,754,159,0.210875332
Andhra Pradesh,SPSR NELLORE,2000,Rabi,Jowar,1190,1484,1.247058824
Andhra Pradesh,SPSR NELLORE,2000,Rabi,Maize,273,1470,5.384615385
Andhra Pradesh,SPSR NELLORE,2000,Rabi,Moong(Green Gram),4682,1522,0.325074754
Andhra Pradesh,SPSR NELLORE,2000,Rabi,Other  Rabi pulses,1778,875,0.492125984
Andhra Pradesh,SPSR NELLORE,2000,Rabi,Ragi,626,867,1.384984026
Andhra Pradesh,SPSR NELLORE,2000,Rabi,Rice,132867,367510,2.765999082
Andhra Pradesh,SPSR NELLORE,2000,Rabi,Safflower,3,1,0.333333333
Andhra Pradesh,SPSR NELLORE,2000,Rabi,Sesamum,442,92,0.208144796
Andhra Pradesh,SPSR NELLORE,2000,Rabi,Urad,28763,23125,0.803984285
Andhra Pradesh,SPSR NELLORE,2000,Whole Year,Banana,567,8154,14.38095238
Andhra Pradesh,SPSR NELLORE,2000,Whole Year,Cashewnut,743,162,0.218034993
Andhra Pradesh,SPSR NELLORE,2000,Whole Year,Coconut,422,4516050,10701.54028
Andhra Pradesh,SPSR NELLORE,2000,Whole Year,Coriander,125,93,0.744
Andhra Pradesh,SPSR NELLORE,2000,Whole Year,Sugarcane,7872,633231,80.44092988
Andhra Pradesh,SPSR NELLORE,2000,Whole Year,Sweet potato,234,2341,10.0042735
Andhra Pradesh,SPSR NELLORE,2000,Whole Year,Tapioca,25,191,7.64
Andhra Pradesh,SPSR NELLORE,2000,Whole Year,Tobacco,12,28,2.333333333
Andhra Pradesh,SPSR NELLORE,2000,Whole Year,Turmeric,137,615,4.489051095
Andhra Pradesh,SPSR NELLORE,2001,Kharif,Arhar/Tur,643,375,0.583203733
Andhra Pradesh,SPSR NELLORE,2001,Kharif,Bajra,917,1357,1.479825518
Andhra Pradesh,SPSR NELLORE,2001,Kharif,Castor seed,17,5,0.294117647
Andhra Pradesh,SPSR NELLORE,2001,Kharif,Cotton(lint),6553,17115,2.611780864
Andhra Pradesh,SPSR NELLORE,2001,Kharif,Dry chillies,55,199,3.618181818
Andhra Pradesh,SPSR NELLORE,2001,Kharif,Groundnut,2616,3817,1.459097859
Andhra Pradesh,SPSR NELLORE,2001,Kharif,Maize,98,262,2.673469388
Andhra Pradesh,SPSR NELLORE,2001,Kharif,Moong(Green Gram),296,143,0.483108108
Andhra Pradesh,SPSR NELLORE,2001,Kharif,Onion,47,652,13.87234043
Andhra Pradesh,SPSR NELLORE,2001,Kharif,Ragi,166,184,1.108433735
Andhra Pradesh,SPSR NELLORE,2001,Kharif,Rice,34297,108413,3.161005336
Andhra Pradesh,SPSR NELLORE,2001,Kharif,Sesamum,1890,318,0.168253968
Andhra Pradesh,SPSR NELLORE,2001,Kharif,Sunflower,2511,2838,1.130227001
Andhra Pradesh,SPSR NELLORE,2001,Kharif,Urad,274,99,0.361313869
Andhra Pradesh,SPSR NELLORE,2001,Rabi,Arhar/Tur,108,63,0.583333333
Andhra Pradesh,SPSR NELLORE,2001,Rabi,Bajra,67,99,1.47761194
Andhra Pradesh,SPSR NELLORE,2001,Rabi,Dry chillies,1941,5868,3.023183926
Andhra Pradesh,SPSR NELLORE,2001,Rabi,Gram,930,1743,1.874193548
Andhra Pradesh,SPSR NELLORE,2001,Rabi,Groundnut,7111,18531,2.605962593
Andhra Pradesh,SPSR NELLORE,2001,Rabi,Horse-gram,372,201,0.540322581
Andhra Pradesh,SPSR NELLORE,2001,Rabi,Jowar,162,120,0.740740741
Andhra Pradesh,SPSR NELLORE,2001,Rabi,Moong(Green Gram),3258,2248,0.689993861
Andhra Pradesh,SPSR NELLORE,2001,Rabi,Onion,2,32,16
Andhra Pradesh,SPSR NELLORE,2001,Rabi,Other  Rabi pulses,706,695,0.984419263
Andhra Pradesh,SPSR NELLORE,2001,Rabi,Ragi,137,258,1.883211679
Andhra Pradesh,SPSR NELLORE,2001,Rabi,Rice,176106,597352,3.392002544
Andhra Pradesh,SPSR NELLORE,2001,Rabi,Sesamum,250,64,0.256
Andhra Pradesh,SPSR NELLORE,2001,Rabi,Urad,49337,33549,0.679996757
Andhra Pradesh,SPSR NELLORE,2001,Whole Year,Banana,479,8030,16.76409186
Andhra Pradesh,SPSR NELLORE,2001,Whole Year,Cashewnut,665,183,0.27518797
Andhra Pradesh,SPSR NELLORE,2001,Whole Year,Coconut,590,6518448,11048.21695
Andhra Pradesh,SPSR NELLORE,2001,Whole Year,Coriander,20,15,0.75
Andhra Pradesh,SPSR NELLORE,2001,Whole Year,Sugarcane,9842,869265,88.3219874
Andhra Pradesh,SPSR NELLORE,2001,Whole Year,Sweet potato,260,4442,17.08461538
Andhra Pradesh,SPSR NELLORE,2001,Whole Year,Tapioca,25,207,8.28
Andhra Pradesh,SPSR NELLORE,2001,Whole Year,Tobacco,10068,11548,1.147000397
Andhra Pradesh,SPSR NELLORE,2001,Whole Year,Turmeric,107,462,4.317757009
Andhra Pradesh,SPSR NELLORE,2002,Kharif,Arhar/Tur,402,141,0.350746269
Andhra Pradesh,SPSR NELLORE,2002,Kharif,Bajra,1326,1671,1.260180995
Andhra Pradesh,SPSR NELLORE,2002,Kharif,Castor seed,11,2,0.181818182
Andhra Pradesh,SPSR NELLORE,2002,Kharif,Cotton(lint),5798,10300,1.776474646
Andhra Pradesh,SPSR NELLORE,2002,Kharif,Dry chillies,55,109,1.981818182
Andhra Pradesh,SPSR NELLORE,2002,Kharif,Gram,16,21,1.3125
Andhra Pradesh,SPSR NELLORE,2002,Kharif,Groundnut,4242,7894,1.860914663
Andhra Pradesh,SPSR NELLORE,2002,Kharif,Horse-gram,20,10,0.5
Andhra Pradesh,SPSR NELLORE,2002,Kharif,Jowar,10,3,0.3
Andhra Pradesh,SPSR NELLORE,2002,Kharif,Maize,2,2,1
Andhra Pradesh,SPSR NELLORE,2002,Kharif,Moong(Green Gram),1112,168,0.151079137
Andhra Pradesh,SPSR NELLORE,2002,Kharif,Onion,78,932,11.94871795
Andhra Pradesh,SPSR NELLORE,2002,Kharif,Ragi,144,124,0.861111111
Andhra Pradesh,SPSR NELLORE,2002,Kharif,Rice,45511,149276,3.279998242
Andhra Pradesh,SPSR NELLORE,2002,Kharif,Sesamum,2926,281,0.096035543
Andhra Pradesh,SPSR NELLORE,2002,Kharif,Sunflower,4565,4227,0.925958379
Andhra Pradesh,SPSR NELLORE,2002,Kharif,Urad,114,6,0.052631579
Andhra Pradesh,SPSR NELLORE,2002,Rabi,Arhar/Tur,579,203,0.350604491
Andhra Pradesh,SPSR NELLORE,2002,Rabi,Bajra,36,45,1.25
Andhra Pradesh,SPSR NELLORE,2002,Rabi,Dry chillies,2779,7514,2.703850306
Andhra Pradesh,SPSR NELLORE,2002,Rabi,Gram,2165,2838,1.310854503
Andhra Pradesh,SPSR NELLORE,2002,Rabi,Groundnut,5487,13849,2.523965737
Andhra Pradesh,SPSR NELLORE,2002,Rabi,Horse-gram,772,286,0.370466321
Andhra Pradesh,SPSR NELLORE,2002,Rabi,Jowar,283,227,0.802120141
Andhra Pradesh,SPSR NELLORE,2002,Rabi,Maize,65,450,6.923076923
Andhra Pradesh,SPSR NELLORE,2002,Rabi,Moong(Green Gram),2532,1729,0.6828594
Andhra Pradesh,SPSR NELLORE,2002,Rabi,Onion,1,13,13
Andhra Pradesh,SPSR NELLORE,2002,Rabi,other oilseeds,1052,1306,1.241444867
Andhra Pradesh,SPSR NELLORE,2002,Rabi,Ragi,384,501,1.3046875
Andhra Pradesh,SPSR NELLORE,2002,Rabi,Rice,173384,522579,3.013997831
Andhra Pradesh,SPSR NELLORE,2002,Rabi,Safflower,118,38,0.322033898
Andhra Pradesh,SPSR NELLORE,2002,Rabi,Sesamum,596,108,0.181208054
Andhra Pradesh,SPSR NELLORE,2002,Rabi,Urad,47391,12843,0.271000823
Andhra Pradesh,SPSR NELLORE,2002,Whole Year,Banana,521,10099,19.38387716
Andhra Pradesh,SPSR NELLORE,2002,Whole Year,Beans & Mutter(Vegetable),76,383,5.039473684
Andhra Pradesh,SPSR NELLORE,2002,Whole Year,Bhindi,211,1386,6.568720379
Andhra Pradesh,SPSR NELLORE,2002,Whole Year,Bottle Gourd,11,0,0
Andhra Pradesh,SPSR NELLORE,2002,Whole Year,Brinjal,490,6471,13.20612245
Andhra Pradesh,SPSR NELLORE,2002,Whole Year,Cashewnut,778,97,0.124678663
Andhra Pradesh,SPSR NELLORE,2002,Whole Year,Citrus Fruit,23661,111117,4.696208951
Andhra Pradesh,SPSR NELLORE,2002,Whole Year,Coconut,599,6744240,11259.16528
Andhra Pradesh,SPSR NELLORE,2002,Whole Year,Coriander,33,18,0.545454545
Andhra Pradesh,SPSR NELLORE,2002,Whole Year,Cucumber,85,0,0
Andhra Pradesh,SPSR NELLORE,2002,Whole Year,Mango,9804,33578,3.424928601
Andhra Pradesh,SPSR NELLORE,2002,Whole Year,Orange,1680,29844,17.76428571
Andhra Pradesh,SPSR NELLORE,2002,Whole Year,Other Fresh Fruits,1439,1459,1.013898541
Andhra Pradesh,SPSR NELLORE,2002,Whole Year,Other Vegetables,525,0,0
Andhra Pradesh,SPSR NELLORE,2002,Whole Year,Papaya,8,1044,130.5
Andhra Pradesh,SPSR NELLORE,2002,Whole Year,Peas  (vegetable),2,0,0
Andhra Pradesh,SPSR NELLORE,2002,Whole Year,Pome Fruit,395,2994,7.579746835
Andhra Pradesh,SPSR NELLORE,2002,Whole Year,Sugarcane,6986,727885,104.1919553
Andhra Pradesh,SPSR NELLORE,2002,Whole Year,Sweet potato,112,1174,10.48214286
Andhra Pradesh,SPSR NELLORE,2002,Whole Year,Tobacco,10313,11881,1.152041113
Andhra Pradesh,SPSR NELLORE,2002,Whole Year,Tomato,154,1108,7.194805195
Andhra Pradesh,SPSR NELLORE,2002,Whole Year,Turmeric,175,938,5.36
Andhra Pradesh,SPSR NELLORE,2003,Kharif,Arhar/Tur,2628,1112,0.423135464
Andhra Pradesh,SPSR NELLORE,2003,Kharif,Bajra,1216,1982,1.629934211
Andhra Pradesh,SPSR NELLORE,2003,Kharif,Castor seed,1,,
Andhra Pradesh,SPSR NELLORE,2003,Kharif,Cotton(lint),9993,29744,2.976483538
Andhra Pradesh,SPSR NELLORE,2003,Kharif,Dry chillies,229,1009,4.406113537
Andhra Pradesh,SPSR NELLORE,2003,Kharif,Groundnut,5611,10364,1.847086081
Andhra Pradesh,SPSR NELLORE,2003,Kharif,Jowar,3,9,3
Andhra Pradesh,SPSR NELLORE,2003,Kharif,Maize,17,29,1.705882353
Andhra Pradesh,SPSR NELLORE,2003,Kharif,Moong(Green Gram),844,459,0.543838863
Andhra Pradesh,SPSR NELLORE,2003,Kharif,Onion,74,1079,14.58108108
Andhra Pradesh,SPSR NELLORE,2003,Kharif,Ragi,113,153,1.353982301
Andhra Pradesh,SPSR NELLORE,2003,Kharif,Rice,17885,49756,2.781996086
Andhra Pradesh,SPSR NELLORE,2003,Kharif,Sesamum,1040,305,0.293269231
Andhra Pradesh,SPSR NELLORE,2003,Kharif,Sunflower,13293,12845,0.966298052
Andhra Pradesh,SPSR NELLORE,2003,Kharif,Urad,40,25,0.625
Andhra Pradesh,SPSR NELLORE,2003,Rabi,Arhar/Tur,586,248,0.423208191
Andhra Pradesh,SPSR NELLORE,2003,Rabi,Bajra,12,20,1.666666667
Andhra Pradesh,SPSR NELLORE,2003,Rabi,Dry chillies,3576,9537,2.666946309
Andhra Pradesh,SPSR NELLORE,2003,Rabi,Gram,2604,4661,1.789938556
Andhra Pradesh,SPSR NELLORE,2003,Rabi,Groundnut,8518,17411,2.044024419
Andhra Pradesh,SPSR NELLORE,2003,Rabi,Horse-gram,228,123,0.539473684
Andhra Pradesh,SPSR NELLORE,2003,Rabi,Jowar,104,195,1.875
Andhra Pradesh,SPSR NELLORE,2003,Rabi,Maize,6,34,5.666666667
Andhra Pradesh,SPSR NELLORE,2003,Rabi,Moong(Green Gram),3463,1396,0.403118683
Andhra Pradesh,SPSR NELLORE,2003,Rabi,Onion,3,33,11
Andhra Pradesh,SPSR NELLORE,2003,Rabi,other oilseeds,951,,
Andhra Pradesh,SPSR NELLORE,2003,Rabi,Ragi,172,308,1.790697674
Andhra Pradesh,SPSR NELLORE,2003,Rabi,Rice,137031,364368,2.659018762
Andhra Pradesh,SPSR NELLORE,2003,Rabi,Safflower,1219,368,0.301886792
Andhra Pradesh,SPSR NELLORE,2003,Rabi,Sesamum,1937,399,0.205988642
Andhra Pradesh,SPSR NELLORE,2003,Rabi,Urad,16198,5054,0.312013829
Andhra Pradesh,SPSR NELLORE,2003,Whole Year,Banana,485,4699,9.688659794
Andhra Pradesh,SPSR NELLORE,2003,Whole Year,Beans & Mutter(Vegetable),88,602,6.840909091
Andhra Pradesh,SPSR NELLORE,2003,Whole Year,Bhindi,165,1136,6.884848485
Andhra Pradesh,SPSR NELLORE,2003,Whole Year,Bottle Gourd,3,0,0
Andhra Pradesh,SPSR NELLORE,2003,Whole Year,Brinjal,386,7337,19.00777202
Andhra Pradesh,SPSR NELLORE,2003,Whole Year,Cashewnut,806,216,0.267990074
Andhra Pradesh,SPSR NELLORE,2003,Whole Year,Citrus Fruit,23819,136822,5.744237793
Andhra Pradesh,SPSR NELLORE,2003,Whole Year,Coconut,487,5754840,11816.91992
Andhra Pradesh,SPSR NELLORE,2003,Whole Year,Coriander,145,110,0.75862069
Andhra Pradesh,SPSR NELLORE,2003,Whole Year,Cucumber,64,0,0
Andhra Pradesh,SPSR NELLORE,2003,Whole Year,Mango,9930,59308,5.972608258
Andhra Pradesh,SPSR NELLORE,2003,Whole Year,Orange,1867,28309,15.16282807
Andhra Pradesh,SPSR NELLORE,2003,Whole Year,Other Fresh Fruits,1660,2182,1.314457831
Andhra Pradesh,SPSR NELLORE,2003,Whole Year,Other Vegetables,443,0,0
Andhra Pradesh,SPSR NELLORE,2003,Whole Year,Papaya,8,726,90.75
Andhra Pradesh,SPSR NELLORE,2003,Whole Year,Pome Fruit,418,3623,8.667464115
Andhra Pradesh,SPSR NELLORE,2003,Whole Year,Sugarcane,5694,547216,96.10396909
Andhra Pradesh,SPSR NELLORE,2003,Whole Year,Sweet potato,85,806,9.482352941
Andhra Pradesh,SPSR NELLORE,2003,Whole Year,Tobacco,11122,16761,1.507013127
Andhra Pradesh,SPSR NELLORE,2003,Whole Year,Tomato,87,835,9.597701149
Andhra Pradesh,SPSR NELLORE,2003,Whole Year,Turmeric,91,561,6.164835165
Andhra Pradesh,SPSR NELLORE,2004,Kharif,Arhar/Tur,975,645,0.661538462
Andhra Pradesh,SPSR NELLORE,2004,Kharif,Bajra,1477,3565,2.413676371
Andhra Pradesh,SPSR NELLORE,2004,Kharif,Castor seed,8,3,0.375
Andhra Pradesh,SPSR NELLORE,2004,Kharif,Cotton(lint),6399,18218,2.847007345
Andhra Pradesh,SPSR NELLORE,2004,Kharif,Dry chillies,82,339,4.134146341
Andhra Pradesh,SPSR NELLORE,2004,Kharif,Groundnut,3628,6937,1.912072767
Andhra Pradesh,SPSR NELLORE,2004,Kharif,Jowar,18,10,0.555555556
Andhra Pradesh,SPSR NELLORE,2004,Kharif,Maize,55,162,2.945454545
Andhra Pradesh,SPSR NELLORE,2004,Kharif,Moong(Green Gram),1331,495,0.371900826
Andhra Pradesh,SPSR NELLORE,2004,Kharif,Onion,120,2036,16.96666667
Andhra Pradesh,SPSR NELLORE,2004,Kharif,Ragi,121,120,0.991735537
Andhra Pradesh,SPSR NELLORE,2004,Kharif,Rice,19326,56432,2.92000414
Andhra Pradesh,SPSR NELLORE,2004,Kharif,Sesamum,31757,3017,0.095002677
Andhra Pradesh,SPSR NELLORE,2004,Kharif,Sunflower,26420,14679,0.555601817
Andhra Pradesh,SPSR NELLORE,2004,Kharif,Urad,9,4,0.444444444
Andhra Pradesh,SPSR NELLORE,2004,Rabi,Arhar/Tur,562,372,0.661921708
Andhra Pradesh,SPSR NELLORE,2004,Rabi,Dry chillies,2746,5184,1.887836854
Andhra Pradesh,SPSR NELLORE,2004,Rabi,Gram,3017,4607,1.52701359
Andhra Pradesh,SPSR NELLORE,2004,Rabi,Groundnut,7980,22328,2.797994987
Andhra Pradesh,SPSR NELLORE,2004,Rabi,Horse-gram,310,126,0.406451613
Andhra Pradesh,SPSR NELLORE,2004,Rabi,Jowar,160,300,1.875
Andhra Pradesh,SPSR NELLORE,2004,Rabi,Maize,10,72,7.2
Andhra Pradesh,SPSR NELLORE,2004,Rabi,Moong(Green Gram),3882,2061,0.530911901
Andhra Pradesh,SPSR NELLORE,2004,Rabi,Onion,3,53,17.66666667
Andhra Pradesh,SPSR NELLORE,2004,Rabi,Other  Rabi pulses,1074,305,0.283985102
Andhra Pradesh,SPSR NELLORE,2004,Rabi,Ragi,362,602,1.662983425
Andhra Pradesh,SPSR NELLORE,2004,Rabi,Rice,167421,576933,3.446001398
Andhra Pradesh,SPSR NELLORE,2004,Rabi,Safflower,64,14,0.21875
Andhra Pradesh,SPSR NELLORE,2004,Rabi,Sesamum,219,52,0.237442922
Andhra Pradesh,SPSR NELLORE,2004,Rabi,Sunflower,25302,14043,0.555015414
Andhra Pradesh,SPSR NELLORE,2004,Rabi,Urad,11005,6042,0.549023171
Andhra Pradesh,SPSR NELLORE,2004,Whole Year,Banana,458,8480,18.51528384
Andhra Pradesh,SPSR NELLORE,2004,Whole Year,Cashewnut,733,157,0.214188267
Andhra Pradesh,SPSR NELLORE,2004,Whole Year,Coconut,536,6296928,11748
Andhra Pradesh,SPSR NELLORE,2004,Whole Year,Coriander,24,15,0.625
Andhra Pradesh,SPSR NELLORE,2004,Whole Year,Sugarcane,5521,521917,94.53305561
Andhra Pradesh,SPSR NELLORE,2004,Whole Year,Sweet potato,138,1771,12.83333333
Andhra Pradesh,SPSR NELLORE,2004,Whole Year,Tobacco,10375,7592,0.731759036
Andhra Pradesh,SPSR NELLORE,2004,Whole Year,Turmeric,118,954,8.084745763
Andhra Pradesh,SPSR NELLORE,2005,Kharif,Arhar/Tur,1967,1192,0.605998983
Andhra Pradesh,SPSR NELLORE,2005,Kharif,Bajra,836,1135,1.357655502
Andhra Pradesh,SPSR NELLORE,2005,Kharif,Cotton(lint),4428,10731,2.423441734
Andhra Pradesh,SPSR NELLORE,2005,Kharif,Dry chillies,282,1182,4.191489362
Andhra Pradesh,SPSR NELLORE,2005,Kharif,Groundnut,6420,11357,1.769003115
Andhra Pradesh,SPSR NELLORE,2005,Kharif,Jowar,9,5,0.555555556
Andhra Pradesh,SPSR NELLORE,2005,Kharif,Maize,56,200,3.571428571
Andhra Pradesh,SPSR NELLORE,2005,Kharif,Moong(Green Gram),317,220,0.694006309
Andhra Pradesh,SPSR NELLORE,2005,Kharif,Onion,86,1612,18.74418605
Andhra Pradesh,SPSR NELLORE,2005,Kharif,Ragi,66,60,0.909090909
Andhra Pradesh,SPSR NELLORE,2005,Kharif,Rice,18036,55190,3.059991129
Andhra Pradesh,SPSR NELLORE,2005,Kharif,Sesamum,4149,697,0.167992287
Andhra Pradesh,SPSR NELLORE,2005,Kharif,Urad,118,41,0.347457627
Andhra Pradesh,SPSR NELLORE,2005,Rabi,Dry chillies,1775,4448,2.505915493
Andhra Pradesh,SPSR NELLORE,2005,Rabi,Gram,3110,5968,1.918971061
Andhra Pradesh,SPSR NELLORE,2005,Rabi,Groundnut,6930,18787,2.710966811
Andhra Pradesh,SPSR NELLORE,2005,Rabi,Horse-gram,155,56,0.361290323
Andhra Pradesh,SPSR NELLORE,2005,Rabi,Jowar,49,143,2.918367347
Andhra Pradesh,SPSR NELLORE,2005,Rabi,Maize,24,179,7.458333333
Andhra Pradesh,SPSR NELLORE,2005,Rabi,Moong(Green Gram),5237,3367,0.642925339
Andhra Pradesh,SPSR NELLORE,2005,Rabi,Onion,9,178,19.77777778
Andhra Pradesh,SPSR NELLORE,2005,Rabi,Other  Rabi pulses,592,422,0.712837838
Andhra Pradesh,SPSR NELLORE,2005,Rabi,Ragi,117,221,1.888888889
Andhra Pradesh,SPSR NELLORE,2005,Rabi,Rice,189671,713732,3.763000142
Andhra Pradesh,SPSR NELLORE,2005,Rabi,Sesamum,350,80,0.228571429
Andhra Pradesh,SPSR NELLORE,2005,Rabi,Urad,18843,11570,0.614021122
Andhra Pradesh,SPSR NELLORE,2005,Whole Year,Banana,470,7887,16.78085106
Andhra Pradesh,SPSR NELLORE,2005,Whole Year,Cashewnut,662,176,0.265861027
Andhra Pradesh,SPSR NELLORE,2005,Whole Year,Coconut,511,4460904,8729.753425
Andhra Pradesh,SPSR NELLORE,2005,Whole Year,Coriander,20,14,0.7
Andhra Pradesh,SPSR NELLORE,2005,Whole Year,Sugarcane,7790,732019,93.9690629
Andhra Pradesh,SPSR NELLORE,2005,Whole Year,Sunflower,15832,7633,0.482124811
Andhra Pradesh,SPSR NELLORE,2005,Whole Year,Sweet potato,27,348,12.88888889
Andhra Pradesh,SPSR NELLORE,2005,Whole Year,Tobacco,10759,9870,0.917371503
Andhra Pradesh,SPSR NELLORE,2005,Whole Year,Turmeric,165,1034,6.266666667
Andhra Pradesh,SPSR NELLORE,2006,Kharif,Arhar/Tur,363,175,0.482093664
Andhra Pradesh,SPSR NELLORE,2006,Kharif,Bajra,488,1038,2.12704918
Andhra Pradesh,SPSR NELLORE,2006,Kharif,Cotton(lint),3760,11568,3.076595745
Andhra Pradesh,SPSR NELLORE,2006,Kharif,Dry chillies,83,374,4.506024096
Andhra Pradesh,SPSR NELLORE,2006,Kharif,Groundnut,5382,12718,2.363062059
Andhra Pradesh,SPSR NELLORE,2006,Kharif,Jowar,5,4,0.8
Andhra Pradesh,SPSR NELLORE,2006,Kharif,Maize,28,77,2.75
Andhra Pradesh,SPSR NELLORE,2006,Kharif,Moong(Green Gram),726,282,0.388429752
Andhra Pradesh,SPSR NELLORE,2006,Kharif,Onion,46,771,16.76086957
Andhra Pradesh,SPSR NELLORE,2006,Kharif,Ragi,60,55,0.916666667
Andhra Pradesh,SPSR NELLORE,2006,Kharif,Rice,60057,197167,3.282997819
Andhra Pradesh,SPSR NELLORE,2006,Kharif,Sesamum,2078,380,0.182868142
Andhra Pradesh,SPSR NELLORE,2006,Kharif,Urad,94,36,0.382978723
Andhra Pradesh,SPSR NELLORE,2006,Rabi,Bajra,54,115,2.12962963
Andhra Pradesh,SPSR NELLORE,2006,Rabi,Dry chillies,2742,8755,3.192924872
Andhra Pradesh,SPSR NELLORE,2006,Rabi,Gram,10832,20667,1.907957903
Andhra Pradesh,SPSR NELLORE,2006,Rabi,Groundnut,4999,13162,2.632926585
Andhra Pradesh,SPSR NELLORE,2006,Rabi,Horse-gram,77,39,0.506493506
Andhra Pradesh,SPSR NELLORE,2006,Rabi,Jowar,125,270,2.16
Andhra Pradesh,SPSR NELLORE,2006,Rabi,Maize,128,970,7.578125
Andhra Pradesh,SPSR NELLORE,2006,Rabi,Moong(Green Gram),3056,1329,0.434882199
Andhra Pradesh,SPSR NELLORE,2006,Rabi,Onion,3,36,12
Andhra Pradesh,SPSR NELLORE,2006,Rabi,Other  Rabi pulses,327,188,0.574923547
Andhra Pradesh,SPSR NELLORE,2006,Rabi,Ragi,134,233,1.73880597
Andhra Pradesh,SPSR NELLORE,2006,Rabi,Rice,181863,659617,3.626999445
Andhra Pradesh,SPSR NELLORE,2006,Rabi,Sesamum,205,41,0.2
Andhra Pradesh,SPSR NELLORE,2006,Rabi,Urad,31202,19969,0.639991026
Andhra Pradesh,SPSR NELLORE,2006,Whole Year,Banana,667,13271,19.89655172
Andhra Pradesh,SPSR NELLORE,2006,Whole Year,Cashewnut,674,178,0.264094955
Andhra Pradesh,SPSR NELLORE,2006,Whole Year,Coconut,511,6582416,12881.44031
Andhra Pradesh,SPSR NELLORE,2006,Whole Year,Sugarcane,10395,1189593,114.438961
Andhra Pradesh,SPSR NELLORE,2006,Whole Year,Sunflower,11451,6113,0.533839839
Andhra Pradesh,SPSR NELLORE,2006,Whole Year,Sweet potato,135,1454,10.77037037
Andhra Pradesh,SPSR NELLORE,2006,Whole Year,Tobacco,11097,13183,1.187978733
Andhra Pradesh,SPSR NELLORE,2006,Whole Year,Turmeric,213,1252,5.877934272
Andhra Pradesh,SPSR NELLORE,2007,Kharif,Arhar/Tur,1000,1000,1
Andhra Pradesh,SPSR NELLORE,2007,Kharif,Bajra,1000,2000,2
Andhra Pradesh,SPSR NELLORE,2007,Kharif,Cotton(lint),5000,20000,4
Andhra Pradesh,SPSR NELLORE,2007,Kharif,Dry chillies,1000,2000,2
Andhra Pradesh,SPSR NELLORE,2007,Kharif,Groundnut,5000,11000,2.2
Andhra Pradesh,SPSR NELLORE,2007,Kharif,Moong(Green Gram),1000,,
Andhra Pradesh,SPSR NELLORE,2007,Kharif,Rice,46000,162000,3.52173913
Andhra Pradesh,SPSR NELLORE,2007,Kharif,Sesamum,3000,1000,0.333333333
Andhra Pradesh,SPSR NELLORE,2007,Kharif,Sunflower,4000,3000,0.75
Andhra Pradesh,SPSR NELLORE,2007,Kharif,Urad,5000,3000,0.6
Andhra Pradesh,SPSR NELLORE,2007,Rabi,Dry chillies,2000,3000,1.5
Andhra Pradesh,SPSR NELLORE,2007,Rabi,Gram,12000,10000,0.833333333
Andhra Pradesh,SPSR NELLORE,2007,Rabi,Groundnut,7000,17000,2.428571429
Andhra Pradesh,SPSR NELLORE,2007,Rabi,Moong(Green Gram),3000,1000,0.333333333
Andhra Pradesh,SPSR NELLORE,2007,Rabi,Rice,188000,695000,3.696808511
Andhra Pradesh,SPSR NELLORE,2007,Rabi,Sunflower,9000,7000,0.777777778
Andhra Pradesh,SPSR NELLORE,2007,Rabi,Urad,25000,11000,0.44
Andhra Pradesh,SPSR NELLORE,2007,Whole Year,Sugarcane,10000,946000,94.6
Andhra Pradesh,SPSR NELLORE,2007,Whole Year,Tobacco,10000,7000,0.7
Andhra Pradesh,SPSR NELLORE,2008,Kharif,Arhar/Tur,712,340,0.47752809
Andhra Pradesh,SPSR NELLORE,2008,Kharif,Bajra,419,937,2.23627685
Andhra Pradesh,SPSR NELLORE,2008,Kharif,Castor seed,19,13,0.684210526
Andhra Pradesh,SPSR NELLORE,2008,Kharif,Cotton(lint),6879,24724,3.594127053
Andhra Pradesh,SPSR NELLORE,2008,Kharif,Dry chillies,49,219,4.469387755
Andhra Pradesh,SPSR NELLORE,2008,Kharif,Groundnut,7147,20083,2.809990206
Andhra Pradesh,SPSR NELLORE,2008,Kharif,Horse-gram,4,2,0.5
Andhra Pradesh,SPSR NELLORE,2008,Kharif,Jowar,8,20,2.5
Andhra Pradesh,SPSR NELLORE,2008,Kharif,Maize,128,412,3.21875
Andhra Pradesh,SPSR NELLORE,2008,Kharif,Moong(Green Gram),75,30,0.4
Andhra Pradesh,SPSR NELLORE,2008,Kharif,Onion,98,1647,16.80612245
Andhra Pradesh,SPSR NELLORE,2008,Kharif,Ragi,72,66,0.916666667
Andhra Pradesh,SPSR NELLORE,2008,Kharif,Rice,65233,233795,3.583998896
Andhra Pradesh,SPSR NELLORE,2008,Kharif,Sesamum,1623,635,0.39125077
Andhra Pradesh,SPSR NELLORE,2008,Kharif,Urad,319,116,0.363636364
Andhra Pradesh,SPSR NELLORE,2008,Rabi,Arhar/Tur,334,159,0.476047904
Andhra Pradesh,SPSR NELLORE,2008,Rabi,Bajra,37,83,2.243243243
Andhra Pradesh,SPSR NELLORE,2008,Rabi,Dry chillies,1511,2768,1.831899404
Andhra Pradesh,SPSR NELLORE,2008,Rabi,Gram,10513,12353,1.175021402
Andhra Pradesh,SPSR NELLORE,2008,Rabi,Groundnut,5498,16175,2.941978901
Andhra Pradesh,SPSR NELLORE,2008,Rabi,Horse-gram,118,44,0.372881356
Andhra Pradesh,SPSR NELLORE,2008,Rabi,Jowar,42,198,4.714285714
Andhra Pradesh,SPSR NELLORE,2008,Rabi,Maize,544,4804,8.830882353
Andhra Pradesh,SPSR NELLORE,2008,Rabi,Moong(Green Gram),2089,706,0.337960747
Andhra Pradesh,SPSR NELLORE,2008,Rabi,Ragi,171,282,1.649122807
Andhra Pradesh,SPSR NELLORE,2008,Rabi,Rice,191854,763003,3.976998134
Andhra Pradesh,SPSR NELLORE,2008,Rabi,Sesamum,582,104,0.178694158
Andhra Pradesh,SPSR NELLORE,2008,Rabi,Urad,20487,10080,0.492019329
Andhra Pradesh,SPSR NELLORE,2008,Whole Year,Banana,860,17733,20.61976744
Andhra Pradesh,SPSR NELLORE,2008,Whole Year,Cashewnut,479,140,0.292275574
Andhra Pradesh,SPSR NELLORE,2008,Whole Year,Coconut,800,7306096,9132.62
Andhra Pradesh,SPSR NELLORE,2008,Whole Year,Sugarcane,7825,687108,87.80932907
Andhra Pradesh,SPSR NELLORE,2008,Whole Year,Sunflower,9050,5392,0.595801105
Andhra Pradesh,SPSR NELLORE,2008,Whole Year,Sweet potato,41,558,13.6097561
Andhra Pradesh,SPSR NELLORE,2008,Whole Year,Tapioca,17,211,12.41176471
Andhra Pradesh,SPSR NELLORE,2008,Whole Year,Tobacco,12182,8040,0.659990149
Andhra Pradesh,SPSR NELLORE,2008,Whole Year,Turmeric,98,673,6.867346939
Andhra Pradesh,SPSR NELLORE,2009,Kharif,Arhar/Tur,1846,1222,0.661971831
Andhra Pradesh,SPSR NELLORE,2009,Kharif,Bajra,835,2036,2.438323353
Andhra Pradesh,SPSR NELLORE,2009,Kharif,Cotton(lint),4567,14668,3.21173637
Andhra Pradesh,SPSR NELLORE,2009,Kharif,Dry chillies,23,110,4.782608696
Andhra Pradesh,SPSR NELLORE,2009,Kharif,Groundnut,4568,12160,2.661996497
Andhra Pradesh,SPSR NELLORE,2009,Kharif,Maize,177,639,3.610169492
Andhra Pradesh,SPSR NELLORE,2009,Kharif,Moong(Green Gram),116,21,0.181034483
Andhra Pradesh,SPSR NELLORE,2009,Kharif,Onion,112,1814,16.19642857
Andhra Pradesh,SPSR NELLORE,2009,Kharif,Ragi,74,74,1
Andhra Pradesh,SPSR NELLORE,2009,Kharif,Rice,67894,220248,3.243997997
Andhra Pradesh,SPSR NELLORE,2009,Kharif,Sesamum,1735,720,0.414985591
Andhra Pradesh,SPSR NELLORE,2009,Kharif,Urad,1422,419,0.294655415
Andhra Pradesh,SPSR NELLORE,2009,Rabi,Arhar/Tur,87,58,0.666666667
Andhra Pradesh,SPSR NELLORE,2009,Rabi,Bajra,29,71,2.448275862
Andhra Pradesh,SPSR NELLORE,2009,Rabi,Dry chillies,1286,7488,5.822706065
Andhra Pradesh,SPSR NELLORE,2009,Rabi,Gram,9935,12955,1.303975843
Andhra Pradesh,SPSR NELLORE,2009,Rabi,Groundnut,5016,15540,3.098086124
Andhra Pradesh,SPSR NELLORE,2009,Rabi,Horse-gram,42,26,0.619047619
Andhra Pradesh,SPSR NELLORE,2009,Rabi,Jowar,27,94,3.481481481
Andhra Pradesh,SPSR NELLORE,2009,Rabi,Maize,647,4730,7.310664606
Andhra Pradesh,SPSR NELLORE,2009,Rabi,Moong(Green Gram),2732,1459,0.534040996
Andhra Pradesh,SPSR NELLORE,2009,Rabi,Ragi,126,210,1.666666667
Andhra Pradesh,SPSR NELLORE,2009,Rabi,Rice,198993,783833,3.938997854
Andhra Pradesh,SPSR NELLORE,2009,Rabi,Sesamum,1164,230,0.197594502
Andhra Pradesh,SPSR NELLORE,2009,Rabi,Urad,25589,16710,0.653014967
Andhra Pradesh,SPSR NELLORE,2009,Whole Year,Banana,1196,27534,23.02173913
Andhra Pradesh,SPSR NELLORE,2009,Whole Year,Cashewnut,480,143,0.297916667
Andhra Pradesh,SPSR NELLORE,2009,Whole Year,Coconut,800,9033552,11291.94
Andhra Pradesh,SPSR NELLORE,2009,Whole Year,Sugarcane,4832,486932,100.772351
Andhra Pradesh,SPSR NELLORE,2009,Whole Year,Sunflower,3883,2903,0.747617821
Andhra Pradesh,SPSR NELLORE,2009,Whole Year,Sweet potato,61,359,5.885245902
Andhra Pradesh,SPSR NELLORE,2009,Whole Year,Tobacco,14173,18042,1.272983843
Andhra Pradesh,SPSR NELLORE,2009,Whole Year,Turmeric,111,692,6.234234234
Andhra Pradesh,SPSR NELLORE,2010,Kharif,Arhar/Tur,3110,1574,0.506109325
Andhra Pradesh,SPSR NELLORE,2010,Kharif,Bajra,1550,3684,2.376774194
Andhra Pradesh,SPSR NELLORE,2010,Kharif,Cotton(lint),8255,14718,1.782919443
Andhra Pradesh,SPSR NELLORE,2010,Kharif,Dry chillies,7,23,3.285714286
Andhra Pradesh,SPSR NELLORE,2010,Kharif,Groundnut,5840,12655,2.166952055
Andhra Pradesh,SPSR NELLORE,2010,Kharif,Maize,53,158,2.981132075
Andhra Pradesh,SPSR NELLORE,2010,Kharif,Moong(Green Gram),1913,476,0.248823837
Andhra Pradesh,SPSR NELLORE,2010,Kharif,Onion,229,4548,19.86026201
Andhra Pradesh,SPSR NELLORE,2010,Kharif,Ragi,23,23,1
Andhra Pradesh,SPSR NELLORE,2010,Kharif,Rice,69873,228485,3.27000415
Andhra Pradesh,SPSR NELLORE,2010,Kharif,Sesamum,11031,4567,0.414015048
Andhra Pradesh,SPSR NELLORE,2010,Kharif,Urad,2086,880,0.421860019
Andhra Pradesh,SPSR NELLORE,2010,Rabi,Arhar/Tur,363,184,0.506887052
Andhra Pradesh,SPSR NELLORE,2010,Rabi,Bajra,57,135,2.368421053
Andhra Pradesh,SPSR NELLORE,2010,Rabi,Dry chillies,1037,3863,3.725168756
Andhra Pradesh,SPSR NELLORE,2010,Rabi,Gram,9512,13184,1.386038688
Andhra Pradesh,SPSR NELLORE,2010,Rabi,Groundnut,4437,11061,2.492900609
Andhra Pradesh,SPSR NELLORE,2010,Rabi,Horse-gram,17,7,0.411764706
Andhra Pradesh,SPSR NELLORE,2010,Rabi,Jowar,16,62,3.875
Andhra Pradesh,SPSR NELLORE,2010,Rabi,Maize,507,4622,9.116370809
Andhra Pradesh,SPSR NELLORE,2010,Rabi,Moong(Green Gram),4279,1921,0.448936667
Andhra Pradesh,SPSR NELLORE,2010,Rabi,Ragi,68,99,1.455882353
Andhra Pradesh,SPSR NELLORE,2010,Rabi,Rice,200990,777027,3.865998308
Andhra Pradesh,SPSR NELLORE,2010,Rabi,Sesamum,453,103,0.227373068
Andhra Pradesh,SPSR NELLORE,2010,Rabi,Urad,34902,15322,0.43900063
Andhra Pradesh,SPSR NELLORE,2010,Whole Year,Banana,1278,32579,25.49217527
Andhra Pradesh,SPSR NELLORE,2010,Whole Year,Cashewnut,491,118,0.240325866
Andhra Pradesh,SPSR NELLORE,2010,Whole Year,Sugarcane,7172,658905,91.8718628
Andhra Pradesh,SPSR NELLORE,2010,Whole Year,Sunflower,2704,2460,0.909763314
Andhra Pradesh,SPSR NELLORE,2010,Whole Year,Sweet potato,40,512,12.8
Andhra Pradesh,SPSR NELLORE,2010,Whole Year,Tapioca,4,26,6.5
Andhra Pradesh,SPSR NELLORE,2010,Whole Year,Tobacco,10863,18369,1.690969345
Andhra Pradesh,SPSR NELLORE,2010,Whole Year,Turmeric,153,934,6.104575163
Andhra Pradesh,SPSR NELLORE,2011,Kharif,Arhar/Tur,578,306,0.529411765
Andhra Pradesh,SPSR NELLORE,2011,Kharif,Bajra,604,1436,2.377483444
Andhra Pradesh,SPSR NELLORE,2011,Kharif,Castor seed,103,55,0.533980583
Andhra Pradesh,SPSR NELLORE,2011,Kharif,Cotton(lint),16925,34716,2.051166913
Andhra Pradesh,SPSR NELLORE,2011,Kharif,Dry chillies,24,91,3.791666667
Andhra Pradesh,SPSR NELLORE,2011,Kharif,Groundnut,7141,18010,2.522055734
Andhra Pradesh,SPSR NELLORE,2011,Kharif,Jowar,14,30,2.142857143
Andhra Pradesh,SPSR NELLORE,2011,Kharif,Maize,207,764,3.690821256
Andhra Pradesh,SPSR NELLORE,2011,Kharif,Moong(Green Gram),752,439,0.583776596
Andhra Pradesh,SPSR NELLORE,2011,Kharif,Onion,143,2061,14.41258741
Andhra Pradesh,SPSR NELLORE,2011,Kharif,other oilseeds,694,14820,21.35446686
Andhra Pradesh,SPSR NELLORE,2011,Kharif,Ragi,28,20,0.714285714
Andhra Pradesh,SPSR NELLORE,2011,Kharif,Rice,53137,195269,3.674821687
Andhra Pradesh,SPSR NELLORE,2011,Kharif,Sesamum,1964,448,0.228105906
Andhra Pradesh,SPSR NELLORE,2011,Kharif,Urad,992,497,0.501008065
Andhra Pradesh,SPSR NELLORE,2011,Rabi,Arhar/Tur,119,63,0.529411765
Andhra Pradesh,SPSR NELLORE,2011,Rabi,Bajra,49,116,2.367346939
Andhra Pradesh,SPSR NELLORE,2011,Rabi,Cowpea(Lobia),98,78,0.795918367
Andhra Pradesh,SPSR NELLORE,2011,Rabi,Dry chillies,2097,9650,4.601812113
Andhra Pradesh,SPSR NELLORE,2011,Rabi,Gram,11944,16339,1.36796718
Andhra Pradesh,SPSR NELLORE,2011,Rabi,Groundnut,4260,12771,2.997887324
Andhra Pradesh,SPSR NELLORE,2011,Rabi,Horse-gram,71,30,0.422535211
Andhra Pradesh,SPSR NELLORE,2011,Rabi,Jowar,484,2253,4.654958678
Andhra Pradesh,SPSR NELLORE,2011,Rabi,Maize,1219,9458,7.758818704
Andhra Pradesh,SPSR NELLORE,2011,Rabi,Moong(Green Gram),3230,1544,0.478018576
Andhra Pradesh,SPSR NELLORE,2011,Rabi,Onion,5,128,25.6
Andhra Pradesh,SPSR NELLORE,2011,Rabi,Ragi,96,146,1.520833333
Andhra Pradesh,SPSR NELLORE,2011,Rabi,Rice,201435,836157,4.151001564
Andhra Pradesh,SPSR NELLORE,2011,Rabi,Sesamum,622,134,0.215434084
Andhra Pradesh,SPSR NELLORE,2011,Rabi,Urad,40668,23221,0.570989476
Andhra Pradesh,SPSR NELLORE,2011,Whole Year,Banana,1177,18284,15.53440952
Andhra Pradesh,SPSR NELLORE,2011,Whole Year,Cashewnut,453,116,0.25607064
Andhra Pradesh,SPSR NELLORE,2011,Whole Year,Coconut,769,10769808,14004.95189
Andhra Pradesh,SPSR NELLORE,2011,Whole Year,Sugarcane,9061,976456,107.7647059
Andhra Pradesh,SPSR NELLORE,2011,Whole Year,Sunflower,2862,1983,0.692872117
Andhra Pradesh,SPSR NELLORE,2011,Whole Year,Sweet potato,175,2250,12.85714286
Andhra Pradesh,SPSR NELLORE,2011,Whole Year,Tobacco,10882,17531,1.611009006
Andhra Pradesh,SPSR NELLORE,2011,Whole Year,Turmeric,280,2102,7.507142857
Andhra Pradesh,SPSR NELLORE,2012,Kharif,Arhar/Tur,1091,861,0.789184235
Andhra Pradesh,SPSR NELLORE,2012,Kharif,Bajra,755,2645,3.503311258
Andhra Pradesh,SPSR NELLORE,2012,Kharif,Brinjal,245,2535,10.34693878
Andhra Pradesh,SPSR NELLORE,2012,Kharif,Cashewnut,390,106,0.271794872
Andhra Pradesh,SPSR NELLORE,2012,Kharif,Cotton(lint),4753,12414,2.611824111
Andhra Pradesh,SPSR NELLORE,2012,Kharif,Groundnut,7867,22334,2.838947502
Andhra Pradesh,SPSR NELLORE,2012,Kharif,Jowar,5,13,2.6
Andhra Pradesh,SPSR NELLORE,2012,Kharif,Lemon,12726,68720,5.399968568
Andhra Pradesh,SPSR NELLORE,2012,Kharif,Maize,163,638,3.914110429
Andhra Pradesh,SPSR NELLORE,2012,Kharif,Mango,9458,74756,7.903996617
Andhra Pradesh,SPSR NELLORE,2012,Kharif,Moong(Green Gram),331,148,0.447129909
Andhra Pradesh,SPSR NELLORE,2012,Kharif,Onion,71,1356,19.09859155
Andhra Pradesh,SPSR NELLORE,2012,Kharif,Papaya,12,1307,108.9166667
Andhra Pradesh,SPSR NELLORE,2012,Kharif,Pome Granet,6,80,13.33333333
Andhra Pradesh,SPSR NELLORE,2012,Kharif,Ragi,33,35,1.060606061
Andhra Pradesh,SPSR NELLORE,2012,Kharif,Rice,53866,214710,3.986002302
Andhra Pradesh,SPSR NELLORE,2012,Kharif,Sapota,442,5835,13.20135747
Andhra Pradesh,SPSR NELLORE,2012,Kharif,Sesamum,500,100,0.2
Andhra Pradesh,SPSR NELLORE,2012,Kharif,Sugarcane,9896,972280,98.2497979
Andhra Pradesh,SPSR NELLORE,2012,Kharif,Sunflower,944,714,0.756355932
Andhra Pradesh,SPSR NELLORE,2012,Kharif,Tomato,28,611,21.82142857
Andhra Pradesh,SPSR NELLORE,2012,Kharif,Turmeric,99,656,6.626262626
Andhra Pradesh,SPSR NELLORE,2012,Kharif,Urad,3428,2427,0.707992999
Andhra Pradesh,SPSR NELLORE,2012,Rabi,Arhar/Tur,221,174,0.787330317
Andhra Pradesh,SPSR NELLORE,2012,Rabi,Brinjal,403,4169,10.34491315
Andhra Pradesh,SPSR NELLORE,2012,Rabi,Castor seed,18,9,0.5
Andhra Pradesh,SPSR NELLORE,2012,Rabi,Cotton(lint),2442,6378,2.611793612
Andhra Pradesh,SPSR NELLORE,2012,Rabi,Cowpea(Lobia),127,116,0.913385827
Andhra Pradesh,SPSR NELLORE,2012,Rabi,Dry chillies,1407,8311,5.906894101
Andhra Pradesh,SPSR NELLORE,2012,Rabi,Gram,11533,13597,1.17896471
Andhra Pradesh,SPSR NELLORE,2012,Rabi,Groundnut,6543,20179,3.0840593
Andhra Pradesh,SPSR NELLORE,2012,Rabi,Horse-gram,122,68,0.557377049
Andhra Pradesh,SPSR NELLORE,2012,Rabi,Jowar,3080,12295,3.991883117
Andhra Pradesh,SPSR NELLORE,2012,Rabi,Maize,1274,9028,7.086342229
Andhra Pradesh,SPSR NELLORE,2012,Rabi,Moong(Green Gram),3375,2234,0.661925926
Andhra Pradesh,SPSR NELLORE,2012,Rabi,Ragi,86,123,1.430232558
Andhra Pradesh,SPSR NELLORE,2012,Rabi,Rice,197403,811721,4.111999311
Andhra Pradesh,SPSR NELLORE,2012,Rabi,Sesamum,737,194,0.263229308
Andhra Pradesh,SPSR NELLORE,2012,Rabi,Soyabean,10,18,1.8
Andhra Pradesh,SPSR NELLORE,2012,Rabi,Sunflower,1728,1045,0.60474537
Andhra Pradesh,SPSR NELLORE,2012,Rabi,Sweet potato,183,1425,7.786885246
Andhra Pradesh,SPSR NELLORE,2012,Rabi,Tobacco,9482,14365,1.514975744
Andhra Pradesh,SPSR NELLORE,2012,Rabi,Tomato,22,214,9.727272727
Andhra Pradesh,SPSR NELLORE,2012,Rabi,Urad,26298,21283,0.809301088
Andhra Pradesh,SPSR NELLORE,2012,Whole Year,Coconut,735,12558000,17085.71429
Andhra Pradesh,SPSR NELLORE,2013,Kharif,Arhar/Tur,1119,1075,0.960679178
Andhra Pradesh,SPSR NELLORE,2013,Kharif,Bajra,1100,3996,3.632727273
Andhra Pradesh,SPSR NELLORE,2013,Kharif,Brinjal,237,1529,6.451476793
Andhra Pradesh,SPSR NELLORE,2013,Kharif,Cashewnut,393,124,0.315521628
Andhra Pradesh,SPSR NELLORE,2013,Kharif,Castor seed,6,5,0.833333333
Andhra Pradesh,SPSR NELLORE,2013,Kharif,Cotton(lint),5220,13081,2.505938697
Andhra Pradesh,SPSR NELLORE,2013,Kharif,Dry chillies,65,315,4.846153846
Andhra Pradesh,SPSR NELLORE,2013,Kharif,Groundnut,10775,31323,2.907006961
Andhra Pradesh,SPSR NELLORE,2013,Kharif,Jowar,8,14,1.75
Andhra Pradesh,SPSR NELLORE,2013,Kharif,Lemon,14051,94029,6.691979219
Andhra Pradesh,SPSR NELLORE,2013,Kharif,Maize,286,907,3.171328671
Andhra Pradesh,SPSR NELLORE,2013,Kharif,Mango,8577,72561,8.459951032
Andhra Pradesh,SPSR NELLORE,2013,Kharif,Moong(Green Gram),195,80,0.41025641
Andhra Pradesh,SPSR NELLORE,2013,Kharif,Onion,58,1092,18.82758621
Andhra Pradesh,SPSR NELLORE,2013,Kharif,other oilseeds,701,15609,22.26676177
Andhra Pradesh,SPSR NELLORE,2013,Kharif,Papaya,105,8713,82.98095238
Andhra Pradesh,SPSR NELLORE,2013,Kharif,Pome Granet,6,87,14.5
Andhra Pradesh,SPSR NELLORE,2013,Kharif,Ragi,66,56,0.848484848
Andhra Pradesh,SPSR NELLORE,2013,Kharif,Rice,32241,115455,3.580999349
Andhra Pradesh,SPSR NELLORE,2013,Kharif,Sapota,438,4120,9.406392694
Andhra Pradesh,SPSR NELLORE,2013,Kharif,Sesamum,666,126,0.189189189
Andhra Pradesh,SPSR NELLORE,2013,Kharif,Sugarcane,7835,817711,104.3664327
Andhra Pradesh,SPSR NELLORE,2013,Kharif,Sunflower,980,772,0.787755102
Andhra Pradesh,SPSR NELLORE,2013,Kharif,Sweet potato,12,105,8.75
Andhra Pradesh,SPSR NELLORE,2013,Kharif,Tomato,9,161,17.88888889
Andhra Pradesh,SPSR NELLORE,2013,Kharif,Turmeric,167,1112,6.658682635
Andhra Pradesh,SPSR NELLORE,2013,Kharif,Urad,2274,1421,0.624890062
Andhra Pradesh,SPSR NELLORE,2013,Rabi,Arhar/Tur,220,211,0.959090909
Andhra Pradesh,SPSR NELLORE,2013,Rabi,Bajra,53,193,3.641509434
Andhra Pradesh,SPSR NELLORE,2013,Rabi,Brinjal,352,2270,6.448863636
Andhra Pradesh,SPSR NELLORE,2013,Rabi,Castor seed,12,10,0.833333333
Andhra Pradesh,SPSR NELLORE,2013,Rabi,Cotton(lint),1565,3922,2.506070288
Andhra Pradesh,SPSR NELLORE,2013,Rabi,Cowpea(Lobia),106,87,0.820754717
Andhra Pradesh,SPSR NELLORE,2013,Rabi,Dry chillies,1153,4871,4.224631396
Andhra Pradesh,SPSR NELLORE,2013,Rabi,Gram,7429,9680,1.30300175
Andhra Pradesh,SPSR NELLORE,2013,Rabi,Groundnut,4294,13608,3.169073125
Andhra Pradesh,SPSR NELLORE,2013,Rabi,Horse-gram,216,99,0.458333333
Andhra Pradesh,SPSR NELLORE,2013,Rabi,Jowar,1198,5524,4.611018364
Andhra Pradesh,SPSR NELLORE,2013,Rabi,Maize,1631,12157,7.453709381
Andhra Pradesh,SPSR NELLORE,2013,Rabi,Moong(Green Gram),4813,4341,0.901932267
Andhra Pradesh,SPSR NELLORE,2013,Rabi,Ragi,28,40,1.428571429
Andhra Pradesh,SPSR NELLORE,2013,Rabi,Rice,192652,795653,4.130001246
Andhra Pradesh,SPSR NELLORE,2013,Rabi,Sesamum,1479,311,0.210277214
Andhra Pradesh,SPSR NELLORE,2013,Rabi,Soyabean,6,10,1.666666667
Andhra Pradesh,SPSR NELLORE,2013,Rabi,Sunflower,1784,1452,0.813901345
Andhra Pradesh,SPSR NELLORE,2013,Rabi,Sweet potato,127,1114,8.771653543
Andhra Pradesh,SPSR NELLORE,2013,Rabi,Tobacco,11267,8878,0.787964853
Andhra Pradesh,SPSR NELLORE,2013,Rabi,Tomato,13,147,11.30769231
Andhra Pradesh,SPSR NELLORE,2013,Rabi,Urad,9126,7967,0.873000219
Andhra Pradesh,SPSR NELLORE,2013,Whole Year,Banana,816,25764,31.57352941
Andhra Pradesh,SPSR NELLORE,2013,Whole Year,Cashewnut,393,124,0.315521628
Andhra Pradesh,SPSR NELLORE,2013,Whole Year,Castor seed,18,15,0.833333333
Andhra Pradesh,SPSR NELLORE,2013,Whole Year,Coconut,543,9000000,16574.58564
Andhra Pradesh,SPSR NELLORE,2013,Whole Year,Potato,9,129,14.33333333
Andhra Pradesh,SPSR NELLORE,2013,Whole Year,Sweet potato,139,1219,8.769784173
Andhra Pradesh,SPSR NELLORE,2014,Kharif,Arhar/Tur,457,382,0.835886214
Andhra Pradesh,SPSR NELLORE,2014,Kharif,Bajra,622,1663,2.673633441
Andhra Pradesh,SPSR NELLORE,2014,Kharif,Brinjal,223,2142,9.605381166
Andhra Pradesh,SPSR NELLORE,2014,Kharif,Cashewnut,211,74,0.3507109
Andhra Pradesh,SPSR NELLORE,2014,Kharif,Cotton(lint),6615,20463,3.093424036
Andhra Pradesh,SPSR NELLORE,2014,Kharif,Groundnut,4707,13297,2.824941576
Andhra Pradesh,SPSR NELLORE,2014,Kharif,Horse-gram,6,3,0.5
Andhra Pradesh,SPSR NELLORE,2014,Kharif,Jowar,6,9,1.5
Andhra Pradesh,SPSR NELLORE,2014,Kharif,Lemon,14883,64696,4.346973057
Andhra Pradesh,SPSR NELLORE,2014,Kharif,Maize,132,437,3.310606061
Andhra Pradesh,SPSR NELLORE,2014,Kharif,Mango,9206,81823,8.888007821
Andhra Pradesh,SPSR NELLORE,2014,Kharif,Moong(Green Gram),231,155,0.670995671
Andhra Pradesh,SPSR NELLORE,2014,Kharif,Onion,79,1451,18.36708861
Andhra Pradesh,SPSR NELLORE,2014,Kharif,other oilseeds,711,15273,21.48101266
Andhra Pradesh,SPSR NELLORE,2014,Kharif,Papaya,252,19839,78.72619048
Andhra Pradesh,SPSR NELLORE,2014,Kharif,Pome Granet,13,135,10.38461538
Andhra Pradesh,SPSR NELLORE,2014,Kharif,Ragi,34,32,0.941176471
Andhra Pradesh,SPSR NELLORE,2014,Kharif,Rice,62232,232561,3.737000257
Andhra Pradesh,SPSR NELLORE,2014,Kharif,Sapota,384,3213,8.3671875
Andhra Pradesh,SPSR NELLORE,2014,Kharif,Sesamum,757,111,0.14663144
Andhra Pradesh,SPSR NELLORE,2014,Kharif,Sugarcane,4002,393918,98.43028486
Andhra Pradesh,SPSR NELLORE,2014,Kharif,Sunflower,550,666,1.210909091
Andhra Pradesh,SPSR NELLORE,2014,Kharif,Tomato,26,374,14.38461538
Andhra Pradesh,SPSR NELLORE,2014,Kharif,Turmeric,174,1252,7.195402299
Andhra Pradesh,SPSR NELLORE,2014,Kharif,Urad,2936,3009,1.02486376
Andhra Pradesh,SPSR NELLORE,2014,Rabi,Arhar/Tur,102,85,0.833333333
Andhra Pradesh,SPSR NELLORE,2014,Rabi,Bajra,15,40,2.666666667
Andhra Pradesh,SPSR NELLORE,2014,Rabi,Brinjal,258,2478,9.604651163
Andhra Pradesh,SPSR NELLORE,2014,Rabi,Cotton(lint),2872,8885,3.093662953
Andhra Pradesh,SPSR NELLORE,2014,Rabi,Cowpea(Lobia),102,115,1.12745098
Andhra Pradesh,SPSR NELLORE,2014,Rabi,Dry chillies,1423,9067,6.371749824
Andhra Pradesh,SPSR NELLORE,2014,Rabi,Gram,3699,7069,1.911057042
Andhra Pradesh,SPSR NELLORE,2014,Rabi,Groundnut,3742,13916,3.718866916
Andhra Pradesh,SPSR NELLORE,2014,Rabi,Horse-gram,171,71,0.415204678
Andhra Pradesh,SPSR NELLORE,2014,Rabi,Jowar,2346,4251,1.81202046
Andhra Pradesh,SPSR NELLORE,2014,Rabi,Maize,691,5547,8.027496382
Andhra Pradesh,SPSR NELLORE,2014,Rabi,Moong(Green Gram),11526,9463,0.821013361
Andhra Pradesh,SPSR NELLORE,2014,Rabi,Ragi,56,83,1.482142857
Andhra Pradesh,SPSR NELLORE,2014,Rabi,Rapeseed &Mustard,4,2,0.5
Andhra Pradesh,SPSR NELLORE,2014,Rabi,Rice,178491,736454,4.126000751
Andhra Pradesh,SPSR NELLORE,2014,Rabi,Sesamum,4762,900,0.18899622
Andhra Pradesh,SPSR NELLORE,2014,Rabi,Sunflower,784,835,1.06505102
Andhra Pradesh,SPSR NELLORE,2014,Rabi,Sweet potato,112,660,5.892857143
Andhra Pradesh,SPSR NELLORE,2014,Rabi,Tobacco,12296,30002,2.439980481
Andhra Pradesh,SPSR NELLORE,2014,Rabi,Tomato,41,556,13.56097561
Andhra Pradesh,SPSR NELLORE,2014,Rabi,Urad,17792,14429,0.810982464
Andhra Pradesh,SPSR NELLORE,2014,Whole Year,Coconut,491,10645000,21680.2444
Andhra Pradesh,SPSR NELLORE,2014,Whole Year,Rice,240723,969015,4.025435874
Andhra Pradesh,SRIKAKULAM,1997,Kharif,Arhar/Tur,1600,400,0.25
Andhra Pradesh,SRIKAKULAM,1997,Kharif,Bajra,3500,6100,1.742857143
Andhra Pradesh,SRIKAKULAM,1997,Kharif,Cotton(lint),800,1900,2.375
Andhra Pradesh,SRIKAKULAM,1997,Kharif,Groundnut,35700,32900,0.921568627
Andhra Pradesh,SRIKAKULAM,1997,Kharif,Jowar,300,200,0.666666667
Andhra Pradesh,SRIKAKULAM,1997,Kharif,Korra,100,100,1
Andhra Pradesh,SRIKAKULAM,1997,Kharif,Maize,200,400,2
Andhra Pradesh,SRIKAKULAM,1997,Kharif,Mesta,24900,167800,6.738955823
Andhra Pradesh,SRIKAKULAM,1997,Kharif,Moong(Green Gram),200,100,0.5
Andhra Pradesh,SRIKAKULAM,1997,Kharif,Ragi,4700,5300,1.127659574
Andhra Pradesh,SRIKAKULAM,1997,Kharif,Rice,185700,278500,1.499730749
Andhra Pradesh,SRIKAKULAM,1997,Kharif,Samai,100,100,1
Andhra Pradesh,SRIKAKULAM,1997,Kharif,Sesamum,4100,500,0.12195122
Andhra Pradesh,SRIKAKULAM,1997,Kharif,Small millets,2500,1500,0.6
Andhra Pradesh,SRIKAKULAM,1997,Kharif,Sugarcane,4900,341800,69.75510204
Andhra Pradesh,SRIKAKULAM,1997,Rabi,Dry chillies,3400,5700,1.676470588
Andhra Pradesh,SRIKAKULAM,1997,Rabi,Groundnut,6800,9000,1.323529412
Andhra Pradesh,SRIKAKULAM,1997,Rabi,Horse-gram,17300,11200,0.647398844
Andhra Pradesh,SRIKAKULAM,1997,Rabi,Jowar,400,200,0.5
Andhra Pradesh,SRIKAKULAM,1997,Rabi,Maize,100,200,2
Andhra Pradesh,SRIKAKULAM,1997,Rabi,Moong(Green Gram),23300,10800,0.463519313
Andhra Pradesh,SRIKAKULAM,1997,Rabi,Ragi,1400,2000,1.428571429
Andhra Pradesh,SRIKAKULAM,1997,Rabi,Rice,600,2100,3.5
Andhra Pradesh,SRIKAKULAM,1997,Rabi,Sesamum,2000,200,0.1
Andhra Pradesh,SRIKAKULAM,1997,Rabi,Urad,31400,14000,0.445859873
Andhra Pradesh,SRIKAKULAM,1998,Kharif,Arhar/Tur,1800,1100,0.611111111
Andhra Pradesh,SRIKAKULAM,1998,Kharif,Bajra,4100,4600,1.12195122
Andhra Pradesh,SRIKAKULAM,1998,Kharif,Cotton(lint),2000,1600,0.8
Andhra Pradesh,SRIKAKULAM,1998,Kharif,Groundnut,38200,36000,0.942408377
Andhra Pradesh,SRIKAKULAM,1998,Kharif,Jowar,300,100,0.333333333
Andhra Pradesh,SRIKAKULAM,1998,Kharif,Korra,100,100,1
Andhra Pradesh,SRIKAKULAM,1998,Kharif,Maize,300,500,1.666666667
Andhra Pradesh,SRIKAKULAM,1998,Kharif,Mesta,19300,155400,8.051813472
Andhra Pradesh,SRIKAKULAM,1998,Kharif,Moong(Green Gram),100,100,1
Andhra Pradesh,SRIKAKULAM,1998,Kharif,Other Kharif pulses,100,,
Andhra Pradesh,SRIKAKULAM,1998,Kharif,Ragi,4000,4600,1.15
Andhra Pradesh,SRIKAKULAM,1998,Kharif,Rice,194400,370700,1.906893004
Andhra Pradesh,SRIKAKULAM,1998,Kharif,Samai,100,100,1
Andhra Pradesh,SRIKAKULAM,1998,Kharif,Sesamum,4600,600,0.130434783
Andhra Pradesh,SRIKAKULAM,1998,Kharif,Sunflower,100,100,1
Andhra Pradesh,SRIKAKULAM,1998,Kharif,Urad,100,100,1
Andhra Pradesh,SRIKAKULAM,1998,Rabi,Dry chillies,3500,7300,2.085714286
Andhra Pradesh,SRIKAKULAM,1998,Rabi,Groundnut,8200,9400,1.146341463
Andhra Pradesh,SRIKAKULAM,1998,Rabi,Horse-gram,19200,7300,0.380208333
Andhra Pradesh,SRIKAKULAM,1998,Rabi,Jowar,300,100,0.333333333
Andhra Pradesh,SRIKAKULAM,1998,Rabi,Moong(Green Gram),24300,9100,0.374485597
Andhra Pradesh,SRIKAKULAM,1998,Rabi,Ragi,2100,4200,2
Andhra Pradesh,SRIKAKULAM,1998,Rabi,Rice,2000,7500,3.75
Andhra Pradesh,SRIKAKULAM,1998,Rabi,Sesamum,2000,500,0.25
Andhra Pradesh,SRIKAKULAM,1998,Rabi,Urad,34800,14300,0.41091954
Andhra Pradesh,SRIKAKULAM,1998,Whole Year,Sugarcane,6900,478000,69.27536232
Andhra Pradesh,SRIKAKULAM,1999,Kharif,Bajra,3672,5016,1.366013072
Andhra Pradesh,SRIKAKULAM,1999,Kharif,Cotton(lint),1700,2810,1.652941176
Andhra Pradesh,SRIKAKULAM,1999,Kharif,Groundnut,36853,27492,0.745990828
Andhra Pradesh,SRIKAKULAM,1999,Kharif,Jowar,344,88,0.255813953
Andhra Pradesh,SRIKAKULAM,1999,Kharif,Maize,302,858,2.841059603
Andhra Pradesh,SRIKAKULAM,1999,Kharif,Masoor,1820,781,0.429120879
Andhra Pradesh,SRIKAKULAM,1999,Kharif,Moong(Green Gram),150,107,0.713333333
Andhra Pradesh,SRIKAKULAM,1999,Kharif,Ragi,3453,3222,0.933101651
Andhra Pradesh,SRIKAKULAM,1999,Kharif,Rice,189027,323525,1.711527983
Andhra Pradesh,SRIKAKULAM,1999,Kharif,Sesamum,1945,469,0.241131105
Andhra Pradesh,SRIKAKULAM,1999,Kharif,Sunflower,78,68,0.871794872
Andhra Pradesh,SRIKAKULAM,1999,Kharif,Urad,180,110,0.611111111
Andhra Pradesh,SRIKAKULAM,1999,Rabi,Groundnut,6284,9049,1.440006365
Andhra Pradesh,SRIKAKULAM,1999,Rabi,Horse-gram,17923,4983,0.278022652
Andhra Pradesh,SRIKAKULAM,1999,Rabi,Jowar,170,77,0.452941176
Andhra Pradesh,SRIKAKULAM,1999,Rabi,Maize,18,87,4.833333333
Andhra Pradesh,SRIKAKULAM,1999,Rabi,Moong(Green Gram),24544,7118,0.290009778
Andhra Pradesh,SRIKAKULAM,1999,Rabi,Ragi,1423,2863,2.011946592
Andhra Pradesh,SRIKAKULAM,1999,Rabi,Rice,1703,5867,3.445096888
Andhra Pradesh,SRIKAKULAM,1999,Rabi,Sesamum,4346,700,0.161067648
Andhra Pradesh,SRIKAKULAM,1999,Rabi,Urad,34269,14736,0.43000963
Andhra Pradesh,SRIKAKULAM,1999,Rabi,Wheat,5,3,0.6
Andhra Pradesh,SRIKAKULAM,1999,Whole Year,Dry chillies,3249,5269,1.621729763
Andhra Pradesh,SRIKAKULAM,1999,Whole Year,Onion,1404,27488,19.57834758
Andhra Pradesh,SRIKAKULAM,1999,Whole Year,Sugarcane,3956,320608,81.04347826
Andhra Pradesh,SRIKAKULAM,2000,Kharif,Arhar/Tur,1758,974,0.55403868
Andhra Pradesh,SRIKAKULAM,2000,Kharif,Bajra,4203,7263,1.728051392
Andhra Pradesh,SRIKAKULAM,2000,Kharif,Cotton(lint),1836,3467,1.888344227
Andhra Pradesh,SRIKAKULAM,2000,Kharif,Dry chillies,17,47,2.764705882
Andhra Pradesh,SRIKAKULAM,2000,Kharif,Groundnut,33753,31863,0.944004977
Andhra Pradesh,SRIKAKULAM,2000,Kharif,Horse-gram,1,1,1
Andhra Pradesh,SRIKAKULAM,2000,Kharif,Jowar,376,139,0.369680851
Andhra Pradesh,SRIKAKULAM,2000,Kharif,Korra,132,126,0.954545455
Andhra Pradesh,SRIKAKULAM,2000,Kharif,Maize,242,630,2.603305785
Andhra Pradesh,SRIKAKULAM,2000,Kharif,Mesta,19049,141915,7.449997375
Andhra Pradesh,SRIKAKULAM,2000,Kharif,Moong(Green Gram),214,95,0.443925234
Andhra Pradesh,SRIKAKULAM,2000,Kharif,Onion,63,879,13.95238095
Andhra Pradesh,SRIKAKULAM,2000,Kharif,Other Kharif pulses,82,51,0.62195122
Andhra Pradesh,SRIKAKULAM,2000,Kharif,other misc. pulses,82,51,0.62195122
Andhra Pradesh,SRIKAKULAM,2000,Kharif,Ragi,3184,2738,0.859924623
Andhra Pradesh,SRIKAKULAM,2000,Kharif,Rice,207461,399155,1.924000174
Andhra Pradesh,SRIKAKULAM,2000,Kharif,Samai,109,47,0.431192661
Andhra Pradesh,SRIKAKULAM,2000,Kharif,Sesamum,2008,466,0.232071713
Andhra Pradesh,SRIKAKULAM,2000,Kharif,Small millets,241,173,0.717842324
Andhra Pradesh,SRIKAKULAM,2000,Kharif,Sunflower,92,136,1.47826087
Andhra Pradesh,SRIKAKULAM,2000,Kharif,Urad,160,9,0.05625
Andhra Pradesh,SRIKAKULAM,2000,Rabi,Dry chillies,3044,6280,2.063074901
Andhra Pradesh,SRIKAKULAM,2000,Rabi,Groundnut,6069,5935,0.97792058
Andhra Pradesh,SRIKAKULAM,2000,Rabi,Horse-gram,14551,5311,0.364992097
Andhra Pradesh,SRIKAKULAM,2000,Rabi,Jowar,63,51,0.80952381
Andhra Pradesh,SRIKAKULAM,2000,Rabi,Maize,11,59,5.363636364
Andhra Pradesh,SRIKAKULAM,2000,Rabi,Moong(Green Gram),23346,10926,0.468003084
Andhra Pradesh,SRIKAKULAM,2000,Rabi,Onion,1055,18097,17.1535545
Andhra Pradesh,SRIKAKULAM,2000,Rabi,Ragi,1024,1318,1.287109375
Andhra Pradesh,SRIKAKULAM,2000,Rabi,Rice,1100,2012,1.829090909
Andhra Pradesh,SRIKAKULAM,2000,Rabi,Safflower,2,,
Andhra Pradesh,SRIKAKULAM,2000,Rabi,Sesamum,3847,604,0.157005459
Andhra Pradesh,SRIKAKULAM,2000,Rabi,Urad,32115,11240,0.349992215
Andhra Pradesh,SRIKAKULAM,2000,Whole Year,Banana,1226,17335,14.13947798
Andhra Pradesh,SRIKAKULAM,2000,Whole Year,Cashewnut,18571,6339,0.341338646
Andhra Pradesh,SRIKAKULAM,2000,Whole Year,Coconut,13576,99117270,7300.918533
Andhra Pradesh,SRIKAKULAM,2000,Whole Year,Dry ginger,144,273,1.895833333
Andhra Pradesh,SRIKAKULAM,2000,Whole Year,Potato,7,60,8.571428571
Andhra Pradesh,SRIKAKULAM,2000,Whole Year,Sugarcane,2733,207156,75.79802415
Andhra Pradesh,SRIKAKULAM,2000,Whole Year,Sweet potato,52,703,13.51923077
Andhra Pradesh,SRIKAKULAM,2000,Whole Year,Tapioca,191,1462,7.654450262
Andhra Pradesh,SRIKAKULAM,2000,Whole Year,Tobacco,44,103,2.340909091
Andhra Pradesh,SRIKAKULAM,2000,Whole Year,Turmeric,265,1190,4.490566038
Andhra Pradesh,SRIKAKULAM,2001,Kharif,Arhar/Tur,1395,813,0.582795699
Andhra Pradesh,SRIKAKULAM,2001,Kharif,Bajra,2910,2927,1.005841924
Andhra Pradesh,SRIKAKULAM,2001,Kharif,Cotton(lint),1724,4503,2.611948956
Andhra Pradesh,SRIKAKULAM,2001,Kharif,Dry chillies,12,43,3.583333333
Andhra Pradesh,SRIKAKULAM,2001,Kharif,Groundnut,30461,21566,0.707987262
Andhra Pradesh,SRIKAKULAM,2001,Kharif,Jowar,184,105,0.570652174
Andhra Pradesh,SRIKAKULAM,2001,Kharif,Korra,102,77,0.754901961
Andhra Pradesh,SRIKAKULAM,2001,Kharif,Maize,311,831,2.672025723
Andhra Pradesh,SRIKAKULAM,2001,Kharif,Mesta,18836,124945,6.633308558
Andhra Pradesh,SRIKAKULAM,2001,Kharif,Moong(Green Gram),191,92,0.481675393
Andhra Pradesh,SRIKAKULAM,2001,Kharif,Onion,47,652,13.87234043
Andhra Pradesh,SRIKAKULAM,2001,Kharif,Other Kharif pulses,47,28,0.595744681
Andhra Pradesh,SRIKAKULAM,2001,Kharif,Ragi,2092,2205,1.054015296
Andhra Pradesh,SRIKAKULAM,2001,Kharif,Rice,178771,393654,2.202001443
Andhra Pradesh,SRIKAKULAM,2001,Kharif,Samai,103,53,0.514563107
Andhra Pradesh,SRIKAKULAM,2001,Kharif,Sesamum,3283,552,0.168138897
Andhra Pradesh,SRIKAKULAM,2001,Kharif,Small millets,205,130,0.634146341
Andhra Pradesh,SRIKAKULAM,2001,Kharif,Sunflower,71,80,1.126760563
Andhra Pradesh,SRIKAKULAM,2001,Kharif,Urad,131,47,0.358778626
Andhra Pradesh,SRIKAKULAM,2001,Rabi,Dry chillies,2840,7659,2.696830986
Andhra Pradesh,SRIKAKULAM,2001,Rabi,Groundnut,5580,6211,1.113082437
Andhra Pradesh,SRIKAKULAM,2001,Rabi,Horse-gram,16235,8962,0.552017247
Andhra Pradesh,SRIKAKULAM,2001,Rabi,Jowar,109,80,0.733944954
Andhra Pradesh,SRIKAKULAM,2001,Rabi,Maize,146,945,6.47260274
Andhra Pradesh,SRIKAKULAM,2001,Rabi,Moong(Green Gram),29826,13273,0.445014417
Andhra Pradesh,SRIKAKULAM,2001,Rabi,Onion,1294,22930,17.7202473
Andhra Pradesh,SRIKAKULAM,2001,Rabi,Ragi,1214,1878,1.546952224
Andhra Pradesh,SRIKAKULAM,2001,Rabi,Rice,1584,3594,2.268939394
Andhra Pradesh,SRIKAKULAM,2001,Rabi,Sesamum,4059,1039,0.255974378
Andhra Pradesh,SRIKAKULAM,2001,Rabi,Urad,36607,18743,0.512005901
Andhra Pradesh,SRIKAKULAM,2001,Whole Year,Banana,1132,14223,12.56448763
Andhra Pradesh,SRIKAKULAM,2001,Whole Year,Cashewnut,18901,7965,0.421406275
Andhra Pradesh,SRIKAKULAM,2001,Whole Year,Coconut,13645,131830848,9661.476585
Andhra Pradesh,SRIKAKULAM,2001,Whole Year,Dry ginger,131,345,2.633587786
Andhra Pradesh,SRIKAKULAM,2001,Whole Year,Potato,8,52,6.5
Andhra Pradesh,SRIKAKULAM,2001,Whole Year,Sugarcane,6631,540035,81.44095913
Andhra Pradesh,SRIKAKULAM,2001,Whole Year,Sweet potato,42,558,13.28571429
Andhra Pradesh,SRIKAKULAM,2001,Whole Year,Tapioca,252,2085,8.273809524
Andhra Pradesh,SRIKAKULAM,2001,Whole Year,Tobacco,40,59,1.475
Andhra Pradesh,SRIKAKULAM,2001,Whole Year,Turmeric,235,1016,4.323404255
Andhra Pradesh,SRIKAKULAM,2002,Kharif,Arhar/Tur,1523,533,0.34996717
Andhra Pradesh,SRIKAKULAM,2002,Kharif,Bajra,3476,4508,1.29689298
Andhra Pradesh,SRIKAKULAM,2002,Kharif,Cotton(lint),1522,2704,1.776609724
Andhra Pradesh,SRIKAKULAM,2002,Kharif,Dry chillies,15,30,2
Andhra Pradesh,SRIKAKULAM,2002,Kharif,Groundnut,29254,20829,0.712005196
Andhra Pradesh,SRIKAKULAM,2002,Kharif,Horse-gram,2,1,0.5
Andhra Pradesh,SRIKAKULAM,2002,Kharif,Jowar,318,106,0.333333333
Andhra Pradesh,SRIKAKULAM,2002,Kharif,Maize,400,388,0.97
Andhra Pradesh,SRIKAKULAM,2002,Kharif,Mesta,19221,107958,5.616669268
Andhra Pradesh,SRIKAKULAM,2002,Kharif,Moong(Green Gram),196,30,0.153061224
Andhra Pradesh,SRIKAKULAM,2002,Kharif,Onion,41,490,11.95121951
Andhra Pradesh,SRIKAKULAM,2002,Kharif,Other Kharif pulses,33,15,0.454545455
Andhra Pradesh,SRIKAKULAM,2002,Kharif,Ragi,2018,1933,0.957879088
Andhra Pradesh,SRIKAKULAM,2002,Kharif,Rice,153148,267550,1.747002899
Andhra Pradesh,SRIKAKULAM,2002,Kharif,Sesamum,2095,201,0.095942721
Andhra Pradesh,SRIKAKULAM,2002,Kharif,Small millets,165,107,0.648484848
Andhra Pradesh,SRIKAKULAM,2002,Kharif,Sunflower,56,61,1.089285714
Andhra Pradesh,SRIKAKULAM,2002,Kharif,Urad,140,7,0.05
Andhra Pradesh,SRIKAKULAM,2002,Rabi,Dry chillies,2152,4229,1.965148699
Andhra Pradesh,SRIKAKULAM,2002,Rabi,Groundnut,3999,4575,1.144036009
Andhra Pradesh,SRIKAKULAM,2002,Rabi,Horse-gram,13690,5873,0.42899927
Andhra Pradesh,SRIKAKULAM,2002,Rabi,Jowar,40,32,0.8
Andhra Pradesh,SRIKAKULAM,2002,Rabi,Maize,500,3458,6.916
Andhra Pradesh,SRIKAKULAM,2002,Rabi,Moong(Green Gram),22924,6029,0.262999477
Andhra Pradesh,SRIKAKULAM,2002,Rabi,Onion,1221,11087,9.08026208
Andhra Pradesh,SRIKAKULAM,2002,Rabi,other oilseeds,58,72,1.24137931
Andhra Pradesh,SRIKAKULAM,2002,Rabi,Ragi,805,948,1.177639752
Andhra Pradesh,SRIKAKULAM,2002,Rabi,Rice,632,1602,2.534810127
Andhra Pradesh,SRIKAKULAM,2002,Rabi,Sesamum,2420,462,0.190909091
Andhra Pradesh,SRIKAKULAM,2002,Rabi,Urad,28518,8584,0.301002875
Andhra Pradesh,SRIKAKULAM,2002,Whole Year,Banana,765,14829,19.38431373
Andhra Pradesh,SRIKAKULAM,2002,Whole Year,Beans & Mutter(Vegetable),238,1199,5.037815126
Andhra Pradesh,SRIKAKULAM,2002,Whole Year,Bhindi,291,1911,6.567010309
Andhra Pradesh,SRIKAKULAM,2002,Whole Year,Bottle Gourd,45,0,0
Andhra Pradesh,SRIKAKULAM,2002,Whole Year,Brinjal,754,9504,12.60477454
Andhra Pradesh,SRIKAKULAM,2002,Whole Year,Cabbage,242,0,0
Andhra Pradesh,SRIKAKULAM,2002,Whole Year,Cashewnut,19080,8414,0.440985325
Andhra Pradesh,SRIKAKULAM,2002,Whole Year,Coconut,13682,112823694,8246.140477
Andhra Pradesh,SRIKAKULAM,2002,Whole Year,Dry ginger,140,229,1.635714286
Andhra Pradesh,SRIKAKULAM,2002,Whole Year,Mango,8466,11763,1.389440113
Andhra Pradesh,SRIKAKULAM,2002,Whole Year,Other Fresh Fruits,299,51,0.170568562
Andhra Pradesh,SRIKAKULAM,2002,Whole Year,Other Vegetables,742,0,0
Andhra Pradesh,SRIKAKULAM,2002,Whole Year,Pome Fruit,44,336,7.636363636
Andhra Pradesh,SRIKAKULAM,2002,Whole Year,Sugarcane,3150,207251,65.79396825
Andhra Pradesh,SRIKAKULAM,2002,Whole Year,Sweet potato,47,508,10.80851064
Andhra Pradesh,SRIKAKULAM,2002,Whole Year,Tapioca,228,1381,6.057017544
Andhra Pradesh,SRIKAKULAM,2002,Whole Year,Tobacco,29,65,2.24137931
Andhra Pradesh,SRIKAKULAM,2002,Whole Year,Tomato,345,2367,6.860869565
Andhra Pradesh,SRIKAKULAM,2002,Whole Year,Turmeric,229,1228,5.362445415
Andhra Pradesh,SRIKAKULAM,2003,Kharif,Arhar/Tur,1573,665,0.422759059
Andhra Pradesh,SRIKAKULAM,2003,Kharif,Bajra,3654,8634,2.362889984
Andhra Pradesh,SRIKAKULAM,2003,Kharif,Cotton(lint),1711,5093,2.976621859
Andhra Pradesh,SRIKAKULAM,2003,Kharif,Dry chillies,45,198,4.4
Andhra Pradesh,SRIKAKULAM,2003,Kharif,Groundnut,26583,22941,0.862995147
Andhra Pradesh,SRIKAKULAM,2003,Kharif,Horse-gram,4,1,0.25
Andhra Pradesh,SRIKAKULAM,2003,Kharif,Jowar,376,1112,2.957446809
Andhra Pradesh,SRIKAKULAM,2003,Kharif,Korra,64,70,1.09375
Andhra Pradesh,SRIKAKULAM,2003,Kharif,Maize,1149,1972,1.716275022
Andhra Pradesh,SRIKAKULAM,2003,Kharif,Mesta,12828,80674,6.288899283
Andhra Pradesh,SRIKAKULAM,2003,Kharif,Moong(Green Gram),2012,1095,0.544234592
Andhra Pradesh,SRIKAKULAM,2003,Kharif,Onion,42,613,14.5952381
Andhra Pradesh,SRIKAKULAM,2003,Kharif,Other Kharif pulses,32,17,0.53125
Andhra Pradesh,SRIKAKULAM,2003,Kharif,Ragi,1743,2334,1.339070568
Andhra Pradesh,SRIKAKULAM,2003,Kharif,Rice,188219,421799,2.241001174
Andhra Pradesh,SRIKAKULAM,2003,Kharif,Samai,85,35,0.411764706
Andhra Pradesh,SRIKAKULAM,2003,Kharif,Sesamum,1685,494,0.293175074
Andhra Pradesh,SRIKAKULAM,2003,Kharif,Small millets,149,105,0.704697987
Andhra Pradesh,SRIKAKULAM,2003,Kharif,Sunflower,753,885,1.175298805
Andhra Pradesh,SRIKAKULAM,2003,Kharif,Urad,670,413,0.61641791
Andhra Pradesh,SRIKAKULAM,2003,Rabi,Dry chillies,2615,9116,3.486042065
Andhra Pradesh,SRIKAKULAM,2003,Rabi,Groundnut,6926,11026,1.591972278
Andhra Pradesh,SRIKAKULAM,2003,Rabi,Horse-gram,15016,8904,0.592967501
Andhra Pradesh,SRIKAKULAM,2003,Rabi,Jowar,27,51,1.888888889
Andhra Pradesh,SRIKAKULAM,2003,Rabi,Maize,895,5012,5.6
Andhra Pradesh,SRIKAKULAM,2003,Rabi,Moong(Green Gram),33153,15781,0.476005188
Andhra Pradesh,SRIKAKULAM,2003,Rabi,Onion,1087,13307,12.24195032
Andhra Pradesh,SRIKAKULAM,2003,Rabi,other oilseeds,25,,
Andhra Pradesh,SRIKAKULAM,2003,Rabi,Ragi,1389,2106,1.516198704
Andhra Pradesh,SRIKAKULAM,2003,Rabi,Rice,2204,4496,2.039927405
Andhra Pradesh,SRIKAKULAM,2003,Rabi,Sesamum,5072,989,0.194992114
Andhra Pradesh,SRIKAKULAM,2003,Rabi,Urad,40422,19645,0.485997724
Andhra Pradesh,SRIKAKULAM,2003,Whole Year,Banana,535,3003,5.613084112
Andhra Pradesh,SRIKAKULAM,2003,Whole Year,Beans & Mutter(Vegetable),247,1691,6.846153846
Andhra Pradesh,SRIKAKULAM,2003,Whole Year,Bhindi,276,1901,6.887681159
Andhra Pradesh,SRIKAKULAM,2003,Whole Year,Bottle Gourd,53,0,0
Andhra Pradesh,SRIKAKULAM,2003,Whole Year,Brinjal,909,27255,29.98349835
Andhra Pradesh,SRIKAKULAM,2003,Whole Year,Cabbage,274,0,0
Andhra Pradesh,SRIKAKULAM,2003,Whole Year,Cashewnut,19494,7427,0.380989022
Andhra Pradesh,SRIKAKULAM,2003,Whole Year,Coconut,13709,136160080,9932.167189
Andhra Pradesh,SRIKAKULAM,2003,Whole Year,Dry ginger,140,398,2.842857143
Andhra Pradesh,SRIKAKULAM,2003,Whole Year,Mango,8433,37754,4.476935847
Andhra Pradesh,SRIKAKULAM,2003,Whole Year,Other Fresh Fruits,310,55,0.177419355
Andhra Pradesh,SRIKAKULAM,2003,Whole Year,Other Vegetables,799,0,0
Andhra Pradesh,SRIKAKULAM,2003,Whole Year,Pome Fruit,44,380,8.636363636
Andhra Pradesh,SRIKAKULAM,2003,Whole Year,Sugarcane,6835,487281,71.29202634
Andhra Pradesh,SRIKAKULAM,2003,Whole Year,Sweet potato,36,260,7.222222222
Andhra Pradesh,SRIKAKULAM,2003,Whole Year,Tapioca,201,1262,6.278606965
Andhra Pradesh,SRIKAKULAM,2003,Whole Year,Tobacco,35,75,2.142857143
Andhra Pradesh,SRIKAKULAM,2003,Whole Year,Tomato,344,3331,9.683139535
Andhra Pradesh,SRIKAKULAM,2003,Whole Year,Turmeric,246,1518,6.170731707
Andhra Pradesh,SRIKAKULAM,2004,Kharif,Arhar/Tur,1432,948,0.662011173
Andhra Pradesh,SRIKAKULAM,2004,Kharif,Bajra,3711,6954,1.87388844
Andhra Pradesh,SRIKAKULAM,2004,Kharif,Cotton(lint),2525,7189,2.847128713
Andhra Pradesh,SRIKAKULAM,2004,Kharif,Dry chillies,71,294,4.14084507
Andhra Pradesh,SRIKAKULAM,2004,Kharif,Groundnut,30872,28001,0.90700311
Andhra Pradesh,SRIKAKULAM,2004,Kharif,Horse-gram,4,2,0.5
Andhra Pradesh,SRIKAKULAM,2004,Kharif,Jowar,313,167,0.533546326
Andhra Pradesh,SRIKAKULAM,2004,Kharif,Maize,1114,3291,2.954219031
Andhra Pradesh,SRIKAKULAM,2004,Kharif,Mesta,11492,80955,7.044465715
Andhra Pradesh,SRIKAKULAM,2004,Kharif,Moong(Green Gram),752,280,0.372340426
Andhra Pradesh,SRIKAKULAM,2004,Kharif,Onion,43,730,16.97674419
Andhra Pradesh,SRIKAKULAM,2004,Kharif,Other Kharif pulses,20,10,0.5
Andhra Pradesh,SRIKAKULAM,2004,Kharif,Ragi,1655,2046,1.236253776
Andhra Pradesh,SRIKAKULAM,2004,Kharif,Rice,190795,448561,2.351010247
Andhra Pradesh,SRIKAKULAM,2004,Kharif,Sesamum,2227,212,0.09519533
Andhra Pradesh,SRIKAKULAM,2004,Kharif,Small millets,194,103,0.530927835
Andhra Pradesh,SRIKAKULAM,2004,Kharif,Sunflower,1000,895,0.895
Andhra Pradesh,SRIKAKULAM,2004,Kharif,Urad,463,223,0.481641469
Andhra Pradesh,SRIKAKULAM,2004,Rabi,Dry chillies,2790,11453,4.105017921
Andhra Pradesh,SRIKAKULAM,2004,Rabi,Groundnut,6988,7302,1.044934173
Andhra Pradesh,SRIKAKULAM,2004,Rabi,Horse-gram,11646,4658,0.399965653
Andhra Pradesh,SRIKAKULAM,2004,Rabi,Jowar,15,28,1.866666667
Andhra Pradesh,SRIKAKULAM,2004,Rabi,Maize,747,5400,7.228915663
Andhra Pradesh,SRIKAKULAM,2004,Rabi,Moong(Green Gram),28078,9968,0.355011041
Andhra Pradesh,SRIKAKULAM,2004,Rabi,Onion,1248,23424,18.76923077
Andhra Pradesh,SRIKAKULAM,2004,Rabi,Ragi,970,1863,1.920618557
Andhra Pradesh,SRIKAKULAM,2004,Rabi,Rice,2198,5743,2.612829845
Andhra Pradesh,SRIKAKULAM,2004,Rabi,Sesamum,4964,859,0.173045931
Andhra Pradesh,SRIKAKULAM,2004,Rabi,Sunflower,1000,895,0.895
Andhra Pradesh,SRIKAKULAM,2004,Rabi,Urad,37789,13453,0.35600307
Andhra Pradesh,SRIKAKULAM,2004,Whole Year,Banana,1365,17524,12.83809524
Andhra Pradesh,SRIKAKULAM,2004,Whole Year,Cashewnut,19902,9016,0.453019797
Andhra Pradesh,SRIKAKULAM,2004,Whole Year,Coconut,13744,99616798,7248.020809
Andhra Pradesh,SRIKAKULAM,2004,Whole Year,Dry ginger,143,391,2.734265734
Andhra Pradesh,SRIKAKULAM,2004,Whole Year,Sugarcane,9065,690146,76.13303916
Andhra Pradesh,SRIKAKULAM,2004,Whole Year,Sweet potato,24,220,9.166666667
Andhra Pradesh,SRIKAKULAM,2004,Whole Year,Tapioca,154,1123,7.292207792
Andhra Pradesh,SRIKAKULAM,2004,Whole Year,Tobacco,35,75,2.142857143
Andhra Pradesh,SRIKAKULAM,2004,Whole Year,Turmeric,265,2142,8.083018868
Andhra Pradesh,SRIKAKULAM,2005,Kharif,Arhar/Tur,1439,872,0.605976372
Andhra Pradesh,SRIKAKULAM,2005,Kharif,Bajra,4350,4663,1.071954023
Andhra Pradesh,SRIKAKULAM,2005,Kharif,Cotton(lint),2666,6461,2.42348087
Andhra Pradesh,SRIKAKULAM,2005,Kharif,Dry chillies,75,314,4.186666667
Andhra Pradesh,SRIKAKULAM,2005,Kharif,Groundnut,28235,30070,1.06499026
Andhra Pradesh,SRIKAKULAM,2005,Kharif,Horse-gram,2,1,0.5
Andhra Pradesh,SRIKAKULAM,2005,Kharif,Jowar,345,191,0.553623188
Andhra Pradesh,SRIKAKULAM,2005,Kharif,Maize,1382,4945,3.578147612
Andhra Pradesh,SRIKAKULAM,2005,Kharif,Mesta,10503,70137,6.677806341
Andhra Pradesh,SRIKAKULAM,2005,Kharif,Moong(Green Gram),1289,893,0.692785105
Andhra Pradesh,SRIKAKULAM,2005,Kharif,Onion,42,787,18.73809524
Andhra Pradesh,SRIKAKULAM,2005,Kharif,Other Kharif pulses,5,2,0.4
Andhra Pradesh,SRIKAKULAM,2005,Kharif,Ragi,1418,1677,1.182651622
Andhra Pradesh,SRIKAKULAM,2005,Kharif,Rice,153521,271425,1.767999166
Andhra Pradesh,SRIKAKULAM,2005,Kharif,Sesamum,2574,432,0.167832168
Andhra Pradesh,SRIKAKULAM,2005,Kharif,Small millets,182,139,0.763736264
Andhra Pradesh,SRIKAKULAM,2005,Kharif,Urad,616,212,0.344155844
Andhra Pradesh,SRIKAKULAM,2005,Rabi,Dry chillies,2867,8268,2.883850715
Andhra Pradesh,SRIKAKULAM,2005,Rabi,Groundnut,6832,11423,1.671984778
Andhra Pradesh,SRIKAKULAM,2005,Rabi,Horse-gram,10960,4647,0.42399635
Andhra Pradesh,SRIKAKULAM,2005,Rabi,Jowar,18,53,2.944444444
Andhra Pradesh,SRIKAKULAM,2005,Rabi,Maize,1076,8039,7.471189591
Andhra Pradesh,SRIKAKULAM,2005,Rabi,Moong(Green Gram),29448,10130,0.343996197
Andhra Pradesh,SRIKAKULAM,2005,Rabi,Onion,1226,25639,20.91272431
Andhra Pradesh,SRIKAKULAM,2005,Rabi,Other  Rabi pulses,10,1,0.1
Andhra Pradesh,SRIKAKULAM,2005,Rabi,Ragi,1580,3182,2.013924051
Andhra Pradesh,SRIKAKULAM,2005,Rabi,Rice,4237,10105,2.384942176
Andhra Pradesh,SRIKAKULAM,2005,Rabi,Sesamum,5373,639,0.118927973
Andhra Pradesh,SRIKAKULAM,2005,Rabi,Urad,39648,14709,0.370989709
Andhra Pradesh,SRIKAKULAM,2005,Whole Year,Banana,1174,19700,16.7802385
Andhra Pradesh,SRIKAKULAM,2005,Whole Year,Cashewnut,20240,8152,0.402766798
Andhra Pradesh,SRIKAKULAM,2005,Whole Year,Coconut,13749,108020616,7856.61619
Andhra Pradesh,SRIKAKULAM,2005,Whole Year,Dry ginger,139,383,2.755395683
Andhra Pradesh,SRIKAKULAM,2005,Whole Year,Sugarcane,11004,801883,72.87195565
Andhra Pradesh,SRIKAKULAM,2005,Whole Year,Sunflower,2042,2318,1.135161606
Andhra Pradesh,SRIKAKULAM,2005,Whole Year,Sweet potato,43,418,9.720930233
Andhra Pradesh,SRIKAKULAM,2005,Whole Year,Tapioca,189,1560,8.253968254
Andhra Pradesh,SRIKAKULAM,2005,Whole Year,Tobacco,58,158,2.724137931
Andhra Pradesh,SRIKAKULAM,2005,Whole Year,Turmeric,261,1637,6.272030651
Andhra Pradesh,SRIKAKULAM,2006,Kharif,Arhar/Tur,1640,789,0.481097561
Andhra Pradesh,SRIKAKULAM,2006,Kharif,Bajra,3986,2077,0.521073758
Andhra Pradesh,SRIKAKULAM,2006,Kharif,Cotton(lint),1761,5418,3.076660988
Andhra Pradesh,SRIKAKULAM,2006,Kharif,Dry chillies,64,288,4.5
Andhra Pradesh,SRIKAKULAM,2006,Kharif,Groundnut,27943,20650,0.739004402
Andhra Pradesh,SRIKAKULAM,2006,Kharif,Jowar,295,219,0.742372881
Andhra Pradesh,SRIKAKULAM,2006,Kharif,Maize,1857,5092,2.742057081
Andhra Pradesh,SRIKAKULAM,2006,Kharif,Mesta,14498,101486,7
Andhra Pradesh,SRIKAKULAM,2006,Kharif,Moong(Green Gram),1280,498,0.3890625
Andhra Pradesh,SRIKAKULAM,2006,Kharif,Onion,43,721,16.76744186
Andhra Pradesh,SRIKAKULAM,2006,Kharif,Other Kharif pulses,15,7,0.466666667
Andhra Pradesh,SRIKAKULAM,2006,Kharif,Ragi,1850,2026,1.095135135
Andhra Pradesh,SRIKAKULAM,2006,Kharif,Rice,193994,491775,2.535001083
Andhra Pradesh,SRIKAKULAM,2006,Kharif,Sesamum,1977,235,0.11886697
Andhra Pradesh,SRIKAKULAM,2006,Kharif,Small millets,176,130,0.738636364
Andhra Pradesh,SRIKAKULAM,2006,Kharif,Urad,619,237,0.382875606
Andhra Pradesh,SRIKAKULAM,2006,Rabi,Dry chillies,3274,11515,3.517104459
Andhra Pradesh,SRIKAKULAM,2006,Rabi,Gram,15,29,1.933333333
Andhra Pradesh,SRIKAKULAM,2006,Rabi,Groundnut,6970,11898,1.707030129
Andhra Pradesh,SRIKAKULAM,2006,Rabi,Horse-gram,13745,6996,0.508985085
Andhra Pradesh,SRIKAKULAM,2006,Rabi,Jowar,36,78,2.166666667
Andhra Pradesh,SRIKAKULAM,2006,Rabi,Maize,1155,8751,7.576623377
Andhra Pradesh,SRIKAKULAM,2006,Rabi,Moong(Green Gram),33388,15559,0.466005751
Andhra Pradesh,SRIKAKULAM,2006,Rabi,Onion,1444,16482,11.41412742
Andhra Pradesh,SRIKAKULAM,2006,Rabi,Ragi,1420,2405,1.693661972
Andhra Pradesh,SRIKAKULAM,2006,Rabi,Rice,3425,7223,2.108905109
Andhra Pradesh,SRIKAKULAM,2006,Rabi,Sesamum,4471,729,0.163050772
Andhra Pradesh,SRIKAKULAM,2006,Rabi,Urad,42668,18518,0.434002062
Andhra Pradesh,SRIKAKULAM,2006,Whole Year,Banana,2131,42401,19.89723135
Andhra Pradesh,SRIKAKULAM,2006,Whole Year,Cashewnut,20943,7226,0.345031753
Andhra Pradesh,SRIKAKULAM,2006,Whole Year,Coconut,14228,124788642,8770.638319
Andhra Pradesh,SRIKAKULAM,2006,Whole Year,Dry ginger,139,391,2.81294964
Andhra Pradesh,SRIKAKULAM,2006,Whole Year,Sugarcane,12171,926116,76.09202202
Andhra Pradesh,SRIKAKULAM,2006,Whole Year,Sunflower,3498,2844,0.813036021
Andhra Pradesh,SRIKAKULAM,2006,Whole Year,Sweet potato,26,280,10.76923077
Andhra Pradesh,SRIKAKULAM,2006,Whole Year,Tapioca,189,2005,10.60846561
Andhra Pradesh,SRIKAKULAM,2006,Whole Year,Tobacco,70,165,2.357142857
Andhra Pradesh,SRIKAKULAM,2006,Whole Year,Turmeric,267,1570,5.880149813
Andhra Pradesh,SRIKAKULAM,2007,Kharif,Arhar/Tur,2000,1000,0.5
Andhra Pradesh,SRIKAKULAM,2007,Kharif,Bajra,4000,4000,1
Andhra Pradesh,SRIKAKULAM,2007,Kharif,Cotton(lint),2000,7000,3.5
Andhra Pradesh,SRIKAKULAM,2007,Kharif,Groundnut,22000,22000,1
Andhra Pradesh,SRIKAKULAM,2007,Kharif,Maize,2000,7000,3.5
Andhra Pradesh,SRIKAKULAM,2007,Kharif,Mesta,14000,97000,6.928571429
Andhra Pradesh,SRIKAKULAM,2007,Kharif,Moong(Green Gram),2000,1000,0.5
Andhra Pradesh,SRIKAKULAM,2007,Kharif,Ragi,2000,2000,1
Andhra Pradesh,SRIKAKULAM,2007,Kharif,Rice,201000,613000,3.049751244
Andhra Pradesh,SRIKAKULAM,2007,Kharif,Sesamum,4000,,
Andhra Pradesh,SRIKAKULAM,2007,Kharif,Urad,1000,,
Andhra Pradesh,SRIKAKULAM,2007,Rabi,Dry chillies,4000,15000,3.75
Andhra Pradesh,SRIKAKULAM,2007,Rabi,Groundnut,8000,18000,2.25
Andhra Pradesh,SRIKAKULAM,2007,Rabi,Horse-gram,11000,6000,0.545454545
Andhra Pradesh,SRIKAKULAM,2007,Rabi,Maize,1000,11000,11
Andhra Pradesh,SRIKAKULAM,2007,Rabi,Moong(Green Gram),34000,17000,0.5
Andhra Pradesh,SRIKAKULAM,2007,Rabi,Onion,2000,22000,11
Andhra Pradesh,SRIKAKULAM,2007,Rabi,Ragi,1000,1000,1
Andhra Pradesh,SRIKAKULAM,2007,Rabi,Rice,2000,6000,3
Andhra Pradesh,SRIKAKULAM,2007,Rabi,Sesamum,6000,1000,0.166666667
Andhra Pradesh,SRIKAKULAM,2007,Rabi,Sunflower,5000,7000,1.4
Andhra Pradesh,SRIKAKULAM,2007,Rabi,Urad,47000,23000,0.489361702
Andhra Pradesh,SRIKAKULAM,2007,Whole Year,Sugarcane,11000,778000,70.72727273
Andhra Pradesh,SRIKAKULAM,2008,Kharif,Arhar/Tur,1334,636,0.476761619
Andhra Pradesh,SRIKAKULAM,2008,Kharif,Bajra,2921,4492,1.53782951
Andhra Pradesh,SRIKAKULAM,2008,Kharif,Cotton(lint),1802,6477,3.594339623
Andhra Pradesh,SRIKAKULAM,2008,Kharif,Dry chillies,45,201,4.466666667
Andhra Pradesh,SRIKAKULAM,2008,Kharif,Groundnut,22507,20954,0.930999245
Andhra Pradesh,SRIKAKULAM,2008,Kharif,Jowar,223,570,2.556053812
Andhra Pradesh,SRIKAKULAM,2008,Kharif,Maize,1657,5331,3.217260109
Andhra Pradesh,SRIKAKULAM,2008,Kharif,Mesta,9162,67290,7.344466274
Andhra Pradesh,SRIKAKULAM,2008,Kharif,Moong(Green Gram),1812,714,0.394039735
Andhra Pradesh,SRIKAKULAM,2008,Kharif,Onion,37,622,16.81081081
Andhra Pradesh,SRIKAKULAM,2008,Kharif,Ragi,1384,1518,1.096820809
Andhra Pradesh,SRIKAKULAM,2008,Kharif,Rice,203172,408376,2.010001378
Andhra Pradesh,SRIKAKULAM,2008,Kharif,Sesamum,3084,299,0.09695201
Andhra Pradesh,SRIKAKULAM,2008,Kharif,Small millets,142,108,0.76056338
Andhra Pradesh,SRIKAKULAM,2008,Kharif,Urad,589,214,0.363327674
Andhra Pradesh,SRIKAKULAM,2008,Rabi,Dry chillies,2933,11016,3.75588135
Andhra Pradesh,SRIKAKULAM,2008,Rabi,Gram,16,28,1.75
Andhra Pradesh,SRIKAKULAM,2008,Rabi,Groundnut,7330,9602,1.309959072
Andhra Pradesh,SRIKAKULAM,2008,Rabi,Horse-gram,6300,3169,0.503015873
Andhra Pradesh,SRIKAKULAM,2008,Rabi,Maize,1726,15241,8.830243337
Andhra Pradesh,SRIKAKULAM,2008,Rabi,Moong(Green Gram),28895,11182,0.386987368
Andhra Pradesh,SRIKAKULAM,2008,Rabi,Onion,1182,10506,8.888324873
Andhra Pradesh,SRIKAKULAM,2008,Rabi,Ragi,883,1100,1.245753114
Andhra Pradesh,SRIKAKULAM,2008,Rabi,Rice,2667,6190,2.32095988
Andhra Pradesh,SRIKAKULAM,2008,Rabi,Sesamum,3791,561,0.147982063
Andhra Pradesh,SRIKAKULAM,2008,Rabi,Urad,42108,23959,0.568989266
Andhra Pradesh,SRIKAKULAM,2008,Whole Year,Banana,1977,40766,20.62013151
Andhra Pradesh,SRIKAKULAM,2008,Whole Year,Cashewnut,22971,5972,0.259979975
Andhra Pradesh,SRIKAKULAM,2008,Whole Year,Coconut,14615,110893120,7587.623674
Andhra Pradesh,SRIKAKULAM,2008,Whole Year,Coriander,11,11,1
Andhra Pradesh,SRIKAKULAM,2008,Whole Year,Dry ginger,139,292,2.100719424
Andhra Pradesh,SRIKAKULAM,2008,Whole Year,Sugarcane,7139,548044,76.76761451
Andhra Pradesh,SRIKAKULAM,2008,Whole Year,Sunflower,2784,2817,1.011853448
Andhra Pradesh,SRIKAKULAM,2008,Whole Year,Sweet potato,106,1442,13.60377358
Andhra Pradesh,SRIKAKULAM,2008,Whole Year,Tapioca,200,644,3.22
Andhra Pradesh,SRIKAKULAM,2008,Whole Year,Tobacco,112,308,2.75
Andhra Pradesh,SRIKAKULAM,2008,Whole Year,Turmeric,251,1725,6.87250996
Andhra Pradesh,SRIKAKULAM,2009,Kharif,Arhar/Tur,1084,718,0.662361624
Andhra Pradesh,SRIKAKULAM,2009,Kharif,Bajra,1047,1671,1.595988539
Andhra Pradesh,SRIKAKULAM,2009,Kharif,Cotton(lint),1248,4008,3.211538462
Andhra Pradesh,SRIKAKULAM,2009,Kharif,Dry chillies,53,254,4.79245283
Andhra Pradesh,SRIKAKULAM,2009,Kharif,Groundnut,20742,18087,0.871998843
Andhra Pradesh,SRIKAKULAM,2009,Kharif,Jowar,185,218,1.178378378
Andhra Pradesh,SRIKAKULAM,2009,Kharif,Maize,2207,7963,3.608065247
Andhra Pradesh,SRIKAKULAM,2009,Kharif,Mesta,6272,59236,9.444515306
Andhra Pradesh,SRIKAKULAM,2009,Kharif,Moong(Green Gram),1597,284,0.177833438
Andhra Pradesh,SRIKAKULAM,2009,Kharif,Onion,30,486,16.2
Andhra Pradesh,SRIKAKULAM,2009,Kharif,Ragi,814,853,1.047911548
Andhra Pradesh,SRIKAKULAM,2009,Kharif,Rice,177058,371822,2.10000113
Andhra Pradesh,SRIKAKULAM,2009,Kharif,Sesamum,2378,302,0.126997477
Andhra Pradesh,SRIKAKULAM,2009,Kharif,Small millets,87,60,0.689655172
Andhra Pradesh,SRIKAKULAM,2009,Kharif,Urad,593,175,0.295109612
Andhra Pradesh,SRIKAKULAM,2009,Rabi,Dry chillies,2861,9584,3.349877665
Andhra Pradesh,SRIKAKULAM,2009,Rabi,Gram,16,26,1.625
Andhra Pradesh,SRIKAKULAM,2009,Rabi,Groundnut,7470,15919,2.131057564
Andhra Pradesh,SRIKAKULAM,2009,Rabi,Horse-gram,7998,4983,0.623030758
Andhra Pradesh,SRIKAKULAM,2009,Rabi,Maize,2800,20468,7.31
Andhra Pradesh,SRIKAKULAM,2009,Rabi,Moong(Green Gram),31820,12728,0.4
Andhra Pradesh,SRIKAKULAM,2009,Rabi,Onion,1410,35752,25.35602837
Andhra Pradesh,SRIKAKULAM,2009,Rabi,Ragi,1001,1332,1.330669331
Andhra Pradesh,SRIKAKULAM,2009,Rabi,Rice,2708,6407,2.365952733
Andhra Pradesh,SRIKAKULAM,2009,Rabi,Sesamum,4925,680,0.138071066
Andhra Pradesh,SRIKAKULAM,2009,Rabi,Urad,46081,24054,0.52199388
Andhra Pradesh,SRIKAKULAM,2009,Whole Year,Banana,1404,32323,23.02207977
Andhra Pradesh,SRIKAKULAM,2009,Whole Year,Cashewnut,22971,9165,0.398981324
Andhra Pradesh,SRIKAKULAM,2009,Whole Year,Coconut,14619,142645888,9757.568096
Andhra Pradesh,SRIKAKULAM,2009,Whole Year,Dry ginger,83,162,1.951807229
Andhra Pradesh,SRIKAKULAM,2009,Whole Year,Sugarcane,4028,287640,71.4101291
Andhra Pradesh,SRIKAKULAM,2009,Whole Year,Sunflower,2466,2404,0.97485807
Andhra Pradesh,SRIKAKULAM,2009,Whole Year,Sweet potato,40,305,7.625
Andhra Pradesh,SRIKAKULAM,2009,Whole Year,Tapioca,201,630,3.134328358
Andhra Pradesh,SRIKAKULAM,2009,Whole Year,Tobacco,97,238,2.453608247
Andhra Pradesh,SRIKAKULAM,2009,Whole Year,Turmeric,231,1440,6.233766234
Andhra Pradesh,SRIKAKULAM,2010,Kharif,Arhar/Tur,1645,832,0.505775076
Andhra Pradesh,SRIKAKULAM,2010,Kharif,Bajra,1184,2723,2.299831081
Andhra Pradesh,SRIKAKULAM,2010,Kharif,Cotton(lint),2968,6739,2.270552561
Andhra Pradesh,SRIKAKULAM,2010,Kharif,Dry chillies,64,212,3.3125
Andhra Pradesh,SRIKAKULAM,2010,Kharif,Groundnut,19092,22338,1.170018856
Andhra Pradesh,SRIKAKULAM,2010,Kharif,Jowar,135,195,1.444444444
Andhra Pradesh,SRIKAKULAM,2010,Kharif,Maize,2824,8421,2.98194051
Andhra Pradesh,SRIKAKULAM,2010,Kharif,Mesta,5579,45314,8.12224413
Andhra Pradesh,SRIKAKULAM,2010,Kharif,Moong(Green Gram),1593,397,0.249215317
Andhra Pradesh,SRIKAKULAM,2010,Kharif,Onion,27,536,19.85185185
Andhra Pradesh,SRIKAKULAM,2010,Kharif,Ragi,804,732,0.910447761
Andhra Pradesh,SRIKAKULAM,2010,Kharif,Rice,205853,167482,0.813599996
Andhra Pradesh,SRIKAKULAM,2010,Kharif,Sesamum,1704,268,0.157276995
Andhra Pradesh,SRIKAKULAM,2010,Kharif,Small millets,86,82,0.953488372
Andhra Pradesh,SRIKAKULAM,2010,Kharif,Urad,1339,565,0.421956684
Andhra Pradesh,SRIKAKULAM,2010,Rabi,Dry chillies,2811,12545,4.462824618
Andhra Pradesh,SRIKAKULAM,2010,Rabi,Gram,12,20,1.666666667
Andhra Pradesh,SRIKAKULAM,2010,Rabi,Groundnut,7806,14347,1.83794517
Andhra Pradesh,SRIKAKULAM,2010,Rabi,Horse-gram,8219,3740,0.455043193
Andhra Pradesh,SRIKAKULAM,2010,Rabi,Jowar,6,23,3.833333333
Andhra Pradesh,SRIKAKULAM,2010,Rabi,Maize,4565,41619,9.116976999
Andhra Pradesh,SRIKAKULAM,2010,Rabi,Moong(Green Gram),27175,15028,0.55300828
Andhra Pradesh,SRIKAKULAM,2010,Rabi,Onion,1102,16565,15.03176044
Andhra Pradesh,SRIKAKULAM,2010,Rabi,Ragi,1057,1460,1.381267739
Andhra Pradesh,SRIKAKULAM,2010,Rabi,Rice,7098,16822,2.36996337
Andhra Pradesh,SRIKAKULAM,2010,Rabi,Sesamum,5979,975,0.163070748
Andhra Pradesh,SRIKAKULAM,2010,Rabi,Urad,41090,25311,0.615989292
Andhra Pradesh,SRIKAKULAM,2010,Whole Year,Banana,853,21745,25.49237984
Andhra Pradesh,SRIKAKULAM,2010,Whole Year,Cashewnut,23355,8442,0.361464355
Andhra Pradesh,SRIKAKULAM,2010,Whole Year,Dry ginger,76,709,9.328947368
Andhra Pradesh,SRIKAKULAM,2010,Whole Year,Ginger,76,709,9.328947368
Andhra Pradesh,SRIKAKULAM,2010,Whole Year,Sugarcane,3176,180905,56.96001259
Andhra Pradesh,SRIKAKULAM,2010,Whole Year,Sunflower,3599,4474,1.24312309
Andhra Pradesh,SRIKAKULAM,2010,Whole Year,Sweet potato,50,641,12.82
Andhra Pradesh,SRIKAKULAM,2010,Whole Year,Tapioca,132,384,2.909090909
Andhra Pradesh,SRIKAKULAM,2010,Whole Year,Tobacco,105,337,3.20952381
Andhra Pradesh,SRIKAKULAM,2010,Whole Year,Turmeric,200,1221,6.105
Andhra Pradesh,SRIKAKULAM,2011,Kharif,Arhar/Tur,1185,628,0.529957806
Andhra Pradesh,SRIKAKULAM,2011,Kharif,Bajra,1143,1599,1.398950131
Andhra Pradesh,SRIKAKULAM,2011,Kharif,Cotton(lint),5567,11953,2.147116939
Andhra Pradesh,SRIKAKULAM,2011,Kharif,Dry chillies,55,209,3.8
Andhra Pradesh,SRIKAKULAM,2011,Kharif,Groundnut,14272,18154,1.272001121
Andhra Pradesh,SRIKAKULAM,2011,Kharif,Jowar,145,312,2.151724138
Andhra Pradesh,SRIKAKULAM,2011,Kharif,Maize,6097,22498,3.690011481
Andhra Pradesh,SRIKAKULAM,2011,Kharif,Mesta,5465,39014,7.138883806
Andhra Pradesh,SRIKAKULAM,2011,Kharif,Moong(Green Gram),2001,1169,0.584207896
Andhra Pradesh,SRIKAKULAM,2011,Kharif,Onion,80,1153,14.4125
Andhra Pradesh,SRIKAKULAM,2011,Kharif,other oilseeds,365,7795,21.35616438
Andhra Pradesh,SRIKAKULAM,2011,Kharif,Ragi,539,478,0.886827458
Andhra Pradesh,SRIKAKULAM,2011,Kharif,Rice,208239,399240,1.917220117
Andhra Pradesh,SRIKAKULAM,2011,Kharif,Sesamum,2467,558,0.226185651
Andhra Pradesh,SRIKAKULAM,2011,Kharif,Small millets,76,54,0.710526316
Andhra Pradesh,SRIKAKULAM,2011,Kharif,Urad,1251,627,0.501199041
Andhra Pradesh,SRIKAKULAM,2011,Rabi,Arhar/Tur,25,13,0.52
Andhra Pradesh,SRIKAKULAM,2011,Rabi,Dry chillies,2289,13471,5.885102665
Andhra Pradesh,SRIKAKULAM,2011,Rabi,Groundnut,7065,11707,1.657041755
Andhra Pradesh,SRIKAKULAM,2011,Rabi,Horse-gram,5752,3164,0.550069541
Andhra Pradesh,SRIKAKULAM,2011,Rabi,Jowar,6,28,4.666666667
Andhra Pradesh,SRIKAKULAM,2011,Rabi,Maize,5320,41278,7.759022556
Andhra Pradesh,SRIKAKULAM,2011,Rabi,Moong(Green Gram),26066,15770,0.605002685
Andhra Pradesh,SRIKAKULAM,2011,Rabi,Onion,1094,28007,25.60054845
Andhra Pradesh,SRIKAKULAM,2011,Rabi,Ragi,582,924,1.587628866
Andhra Pradesh,SRIKAKULAM,2011,Rabi,Rice,2178,4593,2.108815427
Andhra Pradesh,SRIKAKULAM,2011,Rabi,Sesamum,3817,618,0.161907257
Andhra Pradesh,SRIKAKULAM,2011,Rabi,Urad,39824,23217,0.582990157
Andhra Pradesh,SRIKAKULAM,2011,Whole Year,Banana,2039,54319,26.64001962
Andhra Pradesh,SRIKAKULAM,2011,Whole Year,Cashewnut,23897,8700,0.364062435
Andhra Pradesh,SRIKAKULAM,2011,Whole Year,Coconut,14636,169696800,11594.47937
Andhra Pradesh,SRIKAKULAM,2011,Whole Year,Dry ginger,76,702,9.236842105
Andhra Pradesh,SRIKAKULAM,2011,Whole Year,Garlic,1,2,2
Andhra Pradesh,SRIKAKULAM,2011,Whole Year,Sugarcane,7862,548950,69.8232002
Andhra Pradesh,SRIKAKULAM,2011,Whole Year,Sunflower,2691,2852,1.05982906
Andhra Pradesh,SRIKAKULAM,2011,Whole Year,Sweet potato,60,771,12.85
Andhra Pradesh,SRIKAKULAM,2011,Whole Year,Tapioca,72,414,5.75
Andhra Pradesh,SRIKAKULAM,2011,Whole Year,Tobacco,50,172,3.44
Andhra Pradesh,SRIKAKULAM,2011,Whole Year,Turmeric,227,1704,7.50660793
Andhra Pradesh,SRIKAKULAM,2012,Kharif,Arhar/Tur,796,628,0.788944724
Andhra Pradesh,SRIKAKULAM,2012,Kharif,Bajra,456,1165,2.554824561
Andhra Pradesh,SRIKAKULAM,2012,Kharif,Brinjal,446,4614,10.34529148
Andhra Pradesh,SRIKAKULAM,2012,Kharif,Cabbage,187,2789,14.9144385
Andhra Pradesh,SRIKAKULAM,2012,Kharif,Cashewnut,22485,8230,0.366021792
Andhra Pradesh,SRIKAKULAM,2012,Kharif,Cotton(lint),9952,33661,3.382335209
Andhra Pradesh,SRIKAKULAM,2012,Kharif,Dry chillies,53,219,4.132075472
Andhra Pradesh,SRIKAKULAM,2012,Kharif,Dry ginger,60,469,7.816666667
Andhra Pradesh,SRIKAKULAM,2012,Kharif,Gram,18,20,1.111111111
Andhra Pradesh,SRIKAKULAM,2012,Kharif,Groundnut,7362,8415,1.143031785
Andhra Pradesh,SRIKAKULAM,2012,Kharif,Jowar,129,342,2.651162791
Andhra Pradesh,SRIKAKULAM,2012,Kharif,Lemon,12,88,7.333333333
Andhra Pradesh,SRIKAKULAM,2012,Kharif,Maize,5875,23007,3.916085106
Andhra Pradesh,SRIKAKULAM,2012,Kharif,Mango,8705,115045,13.21596783
Andhra Pradesh,SRIKAKULAM,2012,Kharif,Mesta,2269,14572,6.422212428
Andhra Pradesh,SRIKAKULAM,2012,Kharif,Moong(Green Gram),1146,512,0.446771379
Andhra Pradesh,SRIKAKULAM,2012,Kharif,Onion,18,344,19.11111111
Andhra Pradesh,SRIKAKULAM,2012,Kharif,Other Kharif pulses,2,1,0.5
Andhra Pradesh,SRIKAKULAM,2012,Kharif,Papaya,45,4902,108.9333333
Andhra Pradesh,SRIKAKULAM,2012,Kharif,Ragi,587,706,1.202725724
Andhra Pradesh,SRIKAKULAM,2012,Kharif,Rice,205859,520823,2.529998688
Andhra Pradesh,SRIKAKULAM,2012,Kharif,Sapota,33,436,13.21212121
Andhra Pradesh,SRIKAKULAM,2012,Kharif,Sesamum,1901,376,0.197790637
Andhra Pradesh,SRIKAKULAM,2012,Kharif,Small millets,58,65,1.120689655
Andhra Pradesh,SRIKAKULAM,2012,Kharif,Sugarcane,6235,491606,78.84619086
Andhra Pradesh,SRIKAKULAM,2012,Kharif,Sweet potato,23,221,9.608695652
Andhra Pradesh,SRIKAKULAM,2012,Kharif,Tapioca,56,1031,18.41071429
Andhra Pradesh,SRIKAKULAM,2012,Kharif,Tomato,176,3842,21.82954545
Andhra Pradesh,SRIKAKULAM,2012,Kharif,Turmeric,219,1451,6.625570776
Andhra Pradesh,SRIKAKULAM,2012,Kharif,Urad,721,510,0.707350902
Andhra Pradesh,SRIKAKULAM,2012,Rabi,Brinjal,358,3704,10.34636872
Andhra Pradesh,SRIKAKULAM,2012,Rabi,Cabbage,196,2924,14.91836735
Andhra Pradesh,SRIKAKULAM,2012,Rabi,Dry chillies,2237,11174,4.9950827
Andhra Pradesh,SRIKAKULAM,2012,Rabi,Groundnut,7310,14108,1.92995896
Andhra Pradesh,SRIKAKULAM,2012,Rabi,Horse-gram,6290,4661,0.741017488
Andhra Pradesh,SRIKAKULAM,2012,Rabi,Maize,4371,30973,7.086021505
Andhra Pradesh,SRIKAKULAM,2012,Rabi,Moong(Green Gram),31434,16503,0.525004772
Andhra Pradesh,SRIKAKULAM,2012,Rabi,Onion,935,20720,22.16042781
Andhra Pradesh,SRIKAKULAM,2012,Rabi,Ragi,654,820,1.25382263
Andhra Pradesh,SRIKAKULAM,2012,Rabi,Rice,2884,7870,2.728848821
Andhra Pradesh,SRIKAKULAM,2012,Rabi,Sesamum,2846,404,0.141953619
Andhra Pradesh,SRIKAKULAM,2012,Rabi,Sunflower,1828,1770,0.968271335
Andhra Pradesh,SRIKAKULAM,2012,Rabi,Sweet potato,6,58,9.666666667
Andhra Pradesh,SRIKAKULAM,2012,Rabi,Tobacco,16,55,3.4375
Andhra Pradesh,SRIKAKULAM,2012,Rabi,Tomato,310,3019,9.738709677
Andhra Pradesh,SRIKAKULAM,2012,Rabi,Urad,44241,22011,0.49752492
Andhra Pradesh,SRIKAKULAM,2012,Whole Year,Coconut,14421,306951000,21285.00104
Andhra Pradesh,SRIKAKULAM,2013,Kharif,Arhar/Tur,706,678,0.960339943
Andhra Pradesh,SRIKAKULAM,2013,Kharif,Bajra,210,363,1.728571429
Andhra Pradesh,SRIKAKULAM,2013,Kharif,Brinjal,469,3025,6.44989339
Andhra Pradesh,SRIKAKULAM,2013,Kharif,Cabbage,180,1801,10.00555556
Andhra Pradesh,SRIKAKULAM,2013,Kharif,Cashewnut,22600,8543,0.37800885
Andhra Pradesh,SRIKAKULAM,2013,Kharif,Cotton(lint),9846,28843,2.92941296
Andhra Pradesh,SRIKAKULAM,2013,Kharif,Dry chillies,48,233,4.854166667
Andhra Pradesh,SRIKAKULAM,2013,Kharif,Dry ginger,42,278,6.619047619
Andhra Pradesh,SRIKAKULAM,2013,Kharif,Groundnut,9945,14550,1.463046757
Andhra Pradesh,SRIKAKULAM,2013,Kharif,Jowar,39,68,1.743589744
Andhra Pradesh,SRIKAKULAM,2013,Kharif,Lemon,14,112,8
Andhra Pradesh,SRIKAKULAM,2013,Kharif,Maize,5752,18234,3.170027816
Andhra Pradesh,SRIKAKULAM,2013,Kharif,Mango,8166,57047,6.985917218
Andhra Pradesh,SRIKAKULAM,2013,Kharif,Mesta,2892,27056,9.355463347
Andhra Pradesh,SRIKAKULAM,2013,Kharif,Moong(Green Gram),1158,476,0.411053541
Andhra Pradesh,SRIKAKULAM,2013,Kharif,Onion,16,301,18.8125
Andhra Pradesh,SRIKAKULAM,2013,Kharif,other oilseeds,312,7005,22.45192308
Andhra Pradesh,SRIKAKULAM,2013,Kharif,Papaya,45,4405,97.88888889
Andhra Pradesh,SRIKAKULAM,2013,Kharif,Ragi,331,333,1.006042296
Andhra Pradesh,SRIKAKULAM,2013,Kharif,Rice,199717,347108,1.737999269
Andhra Pradesh,SRIKAKULAM,2013,Kharif,Sapota,33,310,9.393939394
Andhra Pradesh,SRIKAKULAM,2013,Kharif,Sesamum,1199,254,0.211843203
Andhra Pradesh,SRIKAKULAM,2013,Kharif,Sugarcane,5682,395814,69.66103485
Andhra Pradesh,SRIKAKULAM,2013,Kharif,Sweet potato,13,114,8.769230769
Andhra Pradesh,SRIKAKULAM,2013,Kharif,Tapioca,41,755,18.41463415
Andhra Pradesh,SRIKAKULAM,2013,Kharif,Tobacco,2,7,3.5
Andhra Pradesh,SRIKAKULAM,2013,Kharif,Tomato,203,3629,17.87684729
Andhra Pradesh,SRIKAKULAM,2013,Kharif,Turmeric,214,1425,6.658878505
Andhra Pradesh,SRIKAKULAM,2013,Kharif,Urad,640,400,0.625
Andhra Pradesh,SRIKAKULAM,2013,Rabi,Arhar/Tur,16,15,0.9375
Andhra Pradesh,SRIKAKULAM,2013,Rabi,Brinjal,431,2780,6.450116009
Andhra Pradesh,SRIKAKULAM,2013,Rabi,Cabbage,227,2272,10.00881057
Andhra Pradesh,SRIKAKULAM,2013,Rabi,Dry chillies,1937,9832,5.075890552
Andhra Pradesh,SRIKAKULAM,2013,Rabi,Groundnut,6065,8594,1.416982688
Andhra Pradesh,SRIKAKULAM,2013,Rabi,Horse-gram,5215,2686,0.515052733
Andhra Pradesh,SRIKAKULAM,2013,Rabi,Jowar,21,97,4.619047619
Andhra Pradesh,SRIKAKULAM,2013,Rabi,Maize,4985,37158,7.453961886
Andhra Pradesh,SRIKAKULAM,2013,Rabi,Moong(Green Gram),31662,18301,0.578011496
Andhra Pradesh,SRIKAKULAM,2013,Rabi,Onion,980,18145,18.51530612
Andhra Pradesh,SRIKAKULAM,2013,Rabi,Ragi,712,986,1.384831461
Andhra Pradesh,SRIKAKULAM,2013,Rabi,Rice,3425,8158,2.38189781
Andhra Pradesh,SRIKAKULAM,2013,Rabi,Sesamum,4037,525,0.130047065
Andhra Pradesh,SRIKAKULAM,2013,Rabi,Sunflower,1591,1777,1.116907605
Andhra Pradesh,SRIKAKULAM,2013,Rabi,Tomato,426,4816,11.30516432
Andhra Pradesh,SRIKAKULAM,2013,Rabi,Urad,42445,23897,0.563010955
Andhra Pradesh,SRIKAKULAM,2013,Whole Year,Banana,2422,47549,19.63212221
Andhra Pradesh,SRIKAKULAM,2013,Whole Year,Cashewnut,22600,8543,0.37800885
Andhra Pradesh,SRIKAKULAM,2013,Whole Year,Coconut,13812,249859000,18089.99421
Andhra Pradesh,SRIKAKULAM,2013,Whole Year,Dry ginger,42,278,6.619047619
Andhra Pradesh,SRIKAKULAM,2013,Whole Year,Sweet potato,13,114,8.769230769
Andhra Pradesh,SRIKAKULAM,2014,Kharif,Arhar/Tur,646,539,0.834365325
Andhra Pradesh,SRIKAKULAM,2014,Kharif,Bajra,196,522,2.663265306
Andhra Pradesh,SRIKAKULAM,2014,Kharif,Brinjal,537,5158,9.605214153
Andhra Pradesh,SRIKAKULAM,2014,Kharif,Cabbage,137,1043,7.613138686
Andhra Pradesh,SRIKAKULAM,2014,Kharif,Cashewnut,22111,8623,0.389986884
Andhra Pradesh,SRIKAKULAM,2014,Kharif,Cotton(lint),9563,42122,4.404684722
Andhra Pradesh,SRIKAKULAM,2014,Kharif,Dry chillies,43,247,5.744186047
Andhra Pradesh,SRIKAKULAM,2014,Kharif,Dry ginger,37,23,0.621621622
Andhra Pradesh,SRIKAKULAM,2014,Kharif,Groundnut,3874,3882,1.002065049
Andhra Pradesh,SRIKAKULAM,2014,Kharif,Jowar,44,65,1.477272727
Andhra Pradesh,SRIKAKULAM,2014,Kharif,Lemon,14,86,6.142857143
Andhra Pradesh,SRIKAKULAM,2014,Kharif,Maize,9103,36330,3.990991981
Andhra Pradesh,SRIKAKULAM,2014,Kharif,Mango,8252,57731,6.996000969
Andhra Pradesh,SRIKAKULAM,2014,Kharif,Mesta,2487,18722,7.527945316
Andhra Pradesh,SRIKAKULAM,2014,Kharif,Moong(Green Gram),675,453,0.671111111
Andhra Pradesh,SRIKAKULAM,2014,Kharif,Onion,4,73,18.25
Andhra Pradesh,SRIKAKULAM,2014,Kharif,other oilseeds,442,9495,21.48190045
Andhra Pradesh,SRIKAKULAM,2014,Kharif,Papaya,51,4015,78.7254902
Andhra Pradesh,SRIKAKULAM,2014,Kharif,Potato,10,173,17.3
Andhra Pradesh,SRIKAKULAM,2014,Kharif,Ragi,207,277,1.338164251
Andhra Pradesh,SRIKAKULAM,2014,Kharif,Rice,205485,434806,2.115998735
Andhra Pradesh,SRIKAKULAM,2014,Kharif,Sapota,23,192,8.347826087
Andhra Pradesh,SRIKAKULAM,2014,Kharif,Sesamum,322,46,0.142857143
Andhra Pradesh,SRIKAKULAM,2014,Kharif,Sugarcane,6378,435708,68.31420508
Andhra Pradesh,SRIKAKULAM,2014,Kharif,Tomato,258,3709,14.37596899
Andhra Pradesh,SRIKAKULAM,2014,Kharif,Turmeric,214,1540,7.196261682
Andhra Pradesh,SRIKAKULAM,2014,Kharif,Urad,465,477,1.025806452
Andhra Pradesh,SRIKAKULAM,2014,Rabi,Arhar/Tur,12,10,0.833333333
Andhra Pradesh,SRIKAKULAM,2014,Rabi,Brinjal,355,3410,9.605633803
Andhra Pradesh,SRIKAKULAM,2014,Rabi,Cabbage,170,1294,7.611764706
Andhra Pradesh,SRIKAKULAM,2014,Rabi,Dry chillies,1567,5458,3.483088705
Andhra Pradesh,SRIKAKULAM,2014,Rabi,Gram,1,2,2
Andhra Pradesh,SRIKAKULAM,2014,Rabi,Groundnut,4852,9374,1.93198681
Andhra Pradesh,SRIKAKULAM,2014,Rabi,Horse-gram,3487,1688,0.48408374
Andhra Pradesh,SRIKAKULAM,2014,Rabi,Maize,5771,46324,8.02703171
Andhra Pradesh,SRIKAKULAM,2014,Rabi,Moong(Green Gram),32712,17207,0.526014918
Andhra Pradesh,SRIKAKULAM,2014,Rabi,Onion,641,11325,17.66770671
Andhra Pradesh,SRIKAKULAM,2014,Rabi,Ragi,969,1169,1.206398349
Andhra Pradesh,SRIKAKULAM,2014,Rabi,Rice,4730,12866,2.720084567
Andhra Pradesh,SRIKAKULAM,2014,Rabi,Sesamum,6404,672,0.104934416
Andhra Pradesh,SRIKAKULAM,2014,Rabi,Sunflower,1170,1127,0.963247863
Andhra Pradesh,SRIKAKULAM,2014,Rabi,Tomato,474,6422,13.54852321
Andhra Pradesh,SRIKAKULAM,2014,Rabi,Urad,42634,22084,0.517990336
Andhra Pradesh,SRIKAKULAM,2014,Whole Year,Coconut,13811,328149000,23759.97393
Andhra Pradesh,SRIKAKULAM,2014,Whole Year,Rice,210215,447672,2.129591133
Andhra Pradesh,VISAKHAPATANAM,1997,Kharif,Arhar/Tur,4800,800,0.166666667
Andhra Pradesh,VISAKHAPATANAM,1997,Kharif,Bajra,17700,9700,0.548022599
Andhra Pradesh,VISAKHAPATANAM,1997,Kharif,Cotton(lint),1500,3500,2.333333333
Andhra Pradesh,VISAKHAPATANAM,1997,Kharif,Dry chillies,1200,3600,3
Andhra Pradesh,VISAKHAPATANAM,1997,Kharif,Groundnut,17700,12700,0.717514124
Andhra Pradesh,VISAKHAPATANAM,1997,Kharif,Horse-gram,200,100,0.5
Andhra Pradesh,VISAKHAPATANAM,1997,Kharif,Jowar,1300,700,0.538461538
Andhra Pradesh,VISAKHAPATANAM,1997,Kharif,Korra,300,300,1
Andhra Pradesh,VISAKHAPATANAM,1997,Kharif,Maize,6400,6500,1.015625
Andhra Pradesh,VISAKHAPATANAM,1997,Kharif,Mesta,300,2000,6.666666667
Andhra Pradesh,VISAKHAPATANAM,1997,Kharif,Moong(Green Gram),2500,1000,0.4
Andhra Pradesh,VISAKHAPATANAM,1997,Kharif,Other Kharif pulses,900,400,0.444444444
Andhra Pradesh,VISAKHAPATANAM,1997,Kharif,Ragi,35800,14600,0.407821229
Andhra Pradesh,VISAKHAPATANAM,1997,Kharif,Rice,95600,79700,0.833682008
Andhra Pradesh,VISAKHAPATANAM,1997,Kharif,Samai,22800,10100,0.442982456
Andhra Pradesh,VISAKHAPATANAM,1997,Kharif,Sesamum,4100,600,0.146341463
Andhra Pradesh,VISAKHAPATANAM,1997,Kharif,Small millets,2000,100,0.05
Andhra Pradesh,VISAKHAPATANAM,1997,Kharif,Sugarcane,40400,1637200,40.52475248
Andhra Pradesh,VISAKHAPATANAM,1997,Kharif,Tobacco,3100,3600,1.161290323
Andhra Pradesh,VISAKHAPATANAM,1997,Kharif,Urad,2500,400,0.16
Andhra Pradesh,VISAKHAPATANAM,1997,Rabi,Dry chillies,3800,6100,1.605263158
Andhra Pradesh,VISAKHAPATANAM,1997,Rabi,Gram,200,100,0.5
Andhra Pradesh,VISAKHAPATANAM,1997,Rabi,Groundnut,3400,6000,1.764705882
Andhra Pradesh,VISAKHAPATANAM,1997,Rabi,Horse-gram,6700,3200,0.47761194
Andhra Pradesh,VISAKHAPATANAM,1997,Rabi,Jowar,100,100,1
Andhra Pradesh,VISAKHAPATANAM,1997,Rabi,Maize,300,1100,3.666666667
Andhra Pradesh,VISAKHAPATANAM,1997,Rabi,Moong(Green Gram),2700,1100,0.407407407
Andhra Pradesh,VISAKHAPATANAM,1997,Rabi,Ragi,2000,3900,1.95
Andhra Pradesh,VISAKHAPATANAM,1997,Rabi,Rice,2700,8700,3.222222222
Andhra Pradesh,VISAKHAPATANAM,1997,Rabi,Sesamum,9300,900,0.096774194
Andhra Pradesh,VISAKHAPATANAM,1997,Rabi,Urad,3000,1400,0.466666667
Andhra Pradesh,VISAKHAPATANAM,1998,Kharif,Arhar/Tur,5400,1700,0.314814815
Andhra Pradesh,VISAKHAPATANAM,1998,Kharif,Bajra,25000,28700,1.148
Andhra Pradesh,VISAKHAPATANAM,1998,Kharif,Cotton(lint),1300,1100,0.846153846
Andhra Pradesh,VISAKHAPATANAM,1998,Kharif,Dry chillies,1300,4100,3.153846154
Andhra Pradesh,VISAKHAPATANAM,1998,Kharif,Groundnut,18100,21100,1.165745856
Andhra Pradesh,VISAKHAPATANAM,1998,Kharif,Horse-gram,500,300,0.6
Andhra Pradesh,VISAKHAPATANAM,1998,Kharif,Jowar,1800,500,0.277777778
Andhra Pradesh,VISAKHAPATANAM,1998,Kharif,Korra,300,300,1
Andhra Pradesh,VISAKHAPATANAM,1998,Kharif,Maize,6400,8600,1.34375
Andhra Pradesh,VISAKHAPATANAM,1998,Kharif,Mesta,400,2900,7.25
Andhra Pradesh,VISAKHAPATANAM,1998,Kharif,Moong(Green Gram),2700,1700,0.62962963
Andhra Pradesh,VISAKHAPATANAM,1998,Kharif,Other Kharif pulses,1000,600,0.6
Andhra Pradesh,VISAKHAPATANAM,1998,Kharif,Ragi,33300,31900,0.957957958
Andhra Pradesh,VISAKHAPATANAM,1998,Kharif,Rice,114900,141300,1.229765013
Andhra Pradesh,VISAKHAPATANAM,1998,Kharif,Samai,21800,11800,0.541284404
Andhra Pradesh,VISAKHAPATANAM,1998,Kharif,Sesamum,5000,900,0.18
Andhra Pradesh,VISAKHAPATANAM,1998,Kharif,Urad,2500,2000,0.8
Andhra Pradesh,VISAKHAPATANAM,1998,Rabi,Dry chillies,4300,6600,1.534883721
Andhra Pradesh,VISAKHAPATANAM,1998,Rabi,Gram,100,300,3
Andhra Pradesh,VISAKHAPATANAM,1998,Rabi,Groundnut,3700,6300,1.702702703
Andhra Pradesh,VISAKHAPATANAM,1998,Rabi,Horse-gram,7000,3800,0.542857143
Andhra Pradesh,VISAKHAPATANAM,1998,Rabi,Jowar,100,100,1
Andhra Pradesh,VISAKHAPATANAM,1998,Rabi,Maize,300,1400,4.666666667
Andhra Pradesh,VISAKHAPATANAM,1998,Rabi,Moong(Green Gram),2800,1200,0.428571429
Andhra Pradesh,VISAKHAPATANAM,1998,Rabi,Ragi,2100,4400,2.095238095
Andhra Pradesh,VISAKHAPATANAM,1998,Rabi,Rice,3800,14100,3.710526316
Andhra Pradesh,VISAKHAPATANAM,1998,Rabi,Sesamum,9900,2000,0.202020202
Andhra Pradesh,VISAKHAPATANAM,1998,Rabi,Urad,2900,1900,0.655172414
Andhra Pradesh,VISAKHAPATANAM,1998,Whole Year,Sugarcane,42300,1844300,43.60047281
Andhra Pradesh,VISAKHAPATANAM,1998,Whole Year,Tobacco,1400,3200,2.285714286
Andhra Pradesh,VISAKHAPATANAM,1999,Kharif,Bajra,18351,16956,0.923982344
Andhra Pradesh,VISAKHAPATANAM,1999,Kharif,Castor seed,8,2,0.25
Andhra Pradesh,VISAKHAPATANAM,1999,Kharif,Cotton(lint),1197,1979,1.653299916
Andhra Pradesh,VISAKHAPATANAM,1999,Kharif,Groundnut,19218,21332,1.110001041
Andhra Pradesh,VISAKHAPATANAM,1999,Kharif,Horse-gram,466,214,0.459227468
Andhra Pradesh,VISAKHAPATANAM,1999,Kharif,Jowar,1987,507,0.25515853
Andhra Pradesh,VISAKHAPATANAM,1999,Kharif,Maize,6419,9134,1.422963078
Andhra Pradesh,VISAKHAPATANAM,1999,Kharif,Masoor,6237,2364,0.379028379
Andhra Pradesh,VISAKHAPATANAM,1999,Kharif,Moong(Green Gram),2715,1928,0.710128913
Andhra Pradesh,VISAKHAPATANAM,1999,Kharif,Niger seed,16878,6515,0.386005451
Andhra Pradesh,VISAKHAPATANAM,1999,Kharif,Ragi,33856,35041,1.035001181
Andhra Pradesh,VISAKHAPATANAM,1999,Kharif,Rice,103372,134010,1.296385869
Andhra Pradesh,VISAKHAPATANAM,1999,Kharif,Sesamum,11412,3755,0.329039607
Andhra Pradesh,VISAKHAPATANAM,1999,Kharif,Urad,2724,1662,0.610132159
Andhra Pradesh,VISAKHAPATANAM,1999,Rabi,Gram,203,226,1.113300493
Andhra Pradesh,VISAKHAPATANAM,1999,Rabi,Groundnut,2346,4042,1.722932651
Andhra Pradesh,VISAKHAPATANAM,1999,Rabi,Horse-gram,6525,2486,0.380996169
Andhra Pradesh,VISAKHAPATANAM,1999,Rabi,Jowar,139,62,0.446043165
Andhra Pradesh,VISAKHAPATANAM,1999,Rabi,Maize,606,2934,4.841584158
Andhra Pradesh,VISAKHAPATANAM,1999,Rabi,Moong(Green Gram),2199,567,0.257844475
Andhra Pradesh,VISAKHAPATANAM,1999,Rabi,Ragi,1582,2973,1.879266751
Andhra Pradesh,VISAKHAPATANAM,1999,Rabi,Rice,3053,10836,3.549295775
Andhra Pradesh,VISAKHAPATANAM,1999,Rabi,Safflower,2,1,0.5
Andhra Pradesh,VISAKHAPATANAM,1999,Rabi,Sesamum,3937,1012,0.257048514
Andhra Pradesh,VISAKHAPATANAM,1999,Rabi,Urad,2211,1461,0.660786974
Andhra Pradesh,VISAKHAPATANAM,1999,Whole Year,Dry chillies,4931,8121,1.646927601
Andhra Pradesh,VISAKHAPATANAM,1999,Whole Year,Onion,440,7224,16.41818182
Andhra Pradesh,VISAKHAPATANAM,1999,Whole Year,Sugarcane,42490,2352119,55.35700165
Andhra Pradesh,VISAKHAPATANAM,1999,Whole Year,Tobacco,554,557,1.005415162
Andhra Pradesh,VISAKHAPATANAM,2000,Kharif,Arhar/Tur,6121,2032,0.3319719
Andhra Pradesh,VISAKHAPATANAM,2000,Kharif,Bajra,17746,19663,1.108024344
Andhra Pradesh,VISAKHAPATANAM,2000,Kharif,Castor seed,8,2,0.25
Andhra Pradesh,VISAKHAPATANAM,2000,Kharif,Cotton(lint),1119,2113,1.888293119
Andhra Pradesh,VISAKHAPATANAM,2000,Kharif,Dry chillies,1186,3273,2.759696459
Andhra Pradesh,VISAKHAPATANAM,2000,Kharif,Groundnut,17715,19557,1.103979678
Andhra Pradesh,VISAKHAPATANAM,2000,Kharif,Horse-gram,392,199,0.507653061
Andhra Pradesh,VISAKHAPATANAM,2000,Kharif,Jowar,1492,554,0.371313673
Andhra Pradesh,VISAKHAPATANAM,2000,Kharif,Korra,276,264,0.956521739
Andhra Pradesh,VISAKHAPATANAM,2000,Kharif,Maize,6704,6979,1.041020286
Andhra Pradesh,VISAKHAPATANAM,2000,Kharif,Mesta,365,3222,8.82739726
Andhra Pradesh,VISAKHAPATANAM,2000,Kharif,Moong(Green Gram),2537,1126,0.443831297
Andhra Pradesh,VISAKHAPATANAM,2000,Kharif,Niger seed,17218,5510,0.320013939
Andhra Pradesh,VISAKHAPATANAM,2000,Kharif,Onion,93,1298,13.95698925
Andhra Pradesh,VISAKHAPATANAM,2000,Kharif,Other Kharif pulses,3312,1615,0.487620773
Andhra Pradesh,VISAKHAPATANAM,2000,Kharif,other misc. pulses,1005,628,0.624875622
Andhra Pradesh,VISAKHAPATANAM,2000,Kharif,Ragi,34119,32038,0.939007591
Andhra Pradesh,VISAKHAPATANAM,2000,Kharif,Rice,115239,183345,1.590997839
Andhra Pradesh,VISAKHAPATANAM,2000,Kharif,Samai,23523,10139,0.431024954
Andhra Pradesh,VISAKHAPATANAM,2000,Kharif,Sesamum,11432,3132,0.27396781
Andhra Pradesh,VISAKHAPATANAM,2000,Kharif,Small millets,23797,10403,0.437155944
Andhra Pradesh,VISAKHAPATANAM,2000,Kharif,Urad,2359,139,0.058923273
Andhra Pradesh,VISAKHAPATANAM,2000,Rabi,Arhar/Tur,42,14,0.333333333
Andhra Pradesh,VISAKHAPATANAM,2000,Rabi,Dry chillies,3760,8280,2.20212766
Andhra Pradesh,VISAKHAPATANAM,2000,Rabi,Gram,27,64,2.37037037
Andhra Pradesh,VISAKHAPATANAM,2000,Rabi,Groundnut,2267,3568,1.573886193
Andhra Pradesh,VISAKHAPATANAM,2000,Rabi,Horse-gram,6195,1592,0.256981437
Andhra Pradesh,VISAKHAPATANAM,2000,Rabi,Jowar,198,173,0.873737374
Andhra Pradesh,VISAKHAPATANAM,2000,Rabi,Maize,901,4851,5.384017758
Andhra Pradesh,VISAKHAPATANAM,2000,Rabi,Moong(Green Gram),2556,856,0.334898279
Andhra Pradesh,VISAKHAPATANAM,2000,Rabi,Onion,326,5731,17.5797546
Andhra Pradesh,VISAKHAPATANAM,2000,Rabi,Other  Rabi pulses,653,321,0.491577335
Andhra Pradesh,VISAKHAPATANAM,2000,Rabi,other misc. pulses,1,0,0
Andhra Pradesh,VISAKHAPATANAM,2000,Rabi,Ragi,1529,2740,1.792020929
Andhra Pradesh,VISAKHAPATANAM,2000,Rabi,Rapeseed &Mustard,226,17,0.075221239
Andhra Pradesh,VISAKHAPATANAM,2000,Rabi,Rice,2969,6683,2.250926238
Andhra Pradesh,VISAKHAPATANAM,2000,Rabi,Sesamum,3849,1016,0.263964666
Andhra Pradesh,VISAKHAPATANAM,2000,Rabi,Urad,2755,2215,0.80399274
Andhra Pradesh,VISAKHAPATANAM,2000,Whole Year,Banana,2747,50705,18.45831817
Andhra Pradesh,VISAKHAPATANAM,2000,Whole Year,Cashewnut,29540,7313,0.247562627
Andhra Pradesh,VISAKHAPATANAM,2000,Whole Year,Coconut,7229,60016968,8302.25038
Andhra Pradesh,VISAKHAPATANAM,2000,Whole Year,Dry ginger,1125,2130,1.893333333
Andhra Pradesh,VISAKHAPATANAM,2000,Whole Year,Potato,136,1163,8.551470588
Andhra Pradesh,VISAKHAPATANAM,2000,Whole Year,Sugarcane,42621,2589914,60.76614814
Andhra Pradesh,VISAKHAPATANAM,2000,Whole Year,Sweet potato,445,1977,4.442696629
Andhra Pradesh,VISAKHAPATANAM,2000,Whole Year,Tapioca,554,3005,5.424187726
Andhra Pradesh,VISAKHAPATANAM,2000,Whole Year,Tobacco,2993,6021,2.011693953
Andhra Pradesh,VISAKHAPATANAM,2000,Whole Year,Turmeric,1499,3097,2.066044029
Andhra Pradesh,VISAKHAPATANAM,2001,Kharif,Arhar/Tur,4847,1507,0.310913967
Andhra Pradesh,VISAKHAPATANAM,2001,Kharif,Bajra,15686,13019,0.829975775
Andhra Pradesh,VISAKHAPATANAM,2001,Kharif,Castor seed,6,2,0.333333333
Andhra Pradesh,VISAKHAPATANAM,2001,Kharif,Cotton(lint),1021,2667,2.612144956
Andhra Pradesh,VISAKHAPATANAM,2001,Kharif,Dry chillies,918,3324,3.620915033
Andhra Pradesh,VISAKHAPATANAM,2001,Kharif,Groundnut,12864,14601,1.135027985
Andhra Pradesh,VISAKHAPATANAM,2001,Kharif,Horse-gram,325,140,0.430769231
Andhra Pradesh,VISAKHAPATANAM,2001,Kharif,Jowar,1442,825,0.572122053
Andhra Pradesh,VISAKHAPATANAM,2001,Kharif,Korra,220,165,0.75
Andhra Pradesh,VISAKHAPATANAM,2001,Kharif,Maize,6879,7567,1.100014537
Andhra Pradesh,VISAKHAPATANAM,2001,Kharif,Mesta,307,2611,8.504885993
Andhra Pradesh,VISAKHAPATANAM,2001,Kharif,Moong(Green Gram),2369,1144,0.482904179
Andhra Pradesh,VISAKHAPATANAM,2001,Kharif,Niger seed,17313,7341,0.424016635
Andhra Pradesh,VISAKHAPATANAM,2001,Kharif,Onion,32,444,13.875
Andhra Pradesh,VISAKHAPATANAM,2001,Kharif,Other Kharif pulses,3011,1776,0.589837263
Andhra Pradesh,VISAKHAPATANAM,2001,Kharif,Ragi,32390,37151,1.146989812
Andhra Pradesh,VISAKHAPATANAM,2001,Kharif,Rice,86579,145020,1.675002021
Andhra Pradesh,VISAKHAPATANAM,2001,Kharif,Samai,22248,11769,0.52899137
Andhra Pradesh,VISAKHAPATANAM,2001,Kharif,Sesamum,10647,1565,0.146989762
Andhra Pradesh,VISAKHAPATANAM,2001,Kharif,Small millets,22468,11934,0.531155421
Andhra Pradesh,VISAKHAPATANAM,2001,Kharif,Urad,2845,1027,0.360984183
Andhra Pradesh,VISAKHAPATANAM,2001,Rabi,Arhar/Tur,47,15,0.319148936
Andhra Pradesh,VISAKHAPATANAM,2001,Rabi,Dry chillies,3754,5147,1.371070858
Andhra Pradesh,VISAKHAPATANAM,2001,Rabi,Gram,97,182,1.87628866
Andhra Pradesh,VISAKHAPATANAM,2001,Rabi,Groundnut,2208,4376,1.981884058
Andhra Pradesh,VISAKHAPATANAM,2001,Rabi,Horse-gram,6235,4807,0.770970329
Andhra Pradesh,VISAKHAPATANAM,2001,Rabi,Jowar,94,69,0.734042553
Andhra Pradesh,VISAKHAPATANAM,2001,Rabi,Maize,1098,7107,6.472677596
Andhra Pradesh,VISAKHAPATANAM,2001,Rabi,Moong(Green Gram),2509,765,0.304902352
Andhra Pradesh,VISAKHAPATANAM,2001,Rabi,Onion,308,4872,15.81818182
Andhra Pradesh,VISAKHAPATANAM,2001,Rabi,Other  Rabi pulses,539,246,0.456400742
Andhra Pradesh,VISAKHAPATANAM,2001,Rabi,Ragi,1535,3187,2.076221498
Andhra Pradesh,VISAKHAPATANAM,2001,Rabi,Rice,3744,7589,2.026976496
Andhra Pradesh,VISAKHAPATANAM,2001,Rabi,Sesamum,4006,1018,0.254118822
Andhra Pradesh,VISAKHAPATANAM,2001,Rabi,Urad,2816,1915,0.680042614
Andhra Pradesh,VISAKHAPATANAM,2001,Whole Year,Banana,2431,18798,7.732620321
Andhra Pradesh,VISAKHAPATANAM,2001,Whole Year,Cashewnut,29675,14486,0.488155013
Andhra Pradesh,VISAKHAPATANAM,2001,Whole Year,Coconut,7232,56150010,7764.105365
Andhra Pradesh,VISAKHAPATANAM,2001,Whole Year,Dry ginger,1158,3047,2.631260794
Andhra Pradesh,VISAKHAPATANAM,2001,Whole Year,Potato,173,1117,6.456647399
Andhra Pradesh,VISAKHAPATANAM,2001,Whole Year,Sugarcane,36135,2167594,59.98599696
Andhra Pradesh,VISAKHAPATANAM,2001,Whole Year,Sweet potato,428,2069,4.83411215
Andhra Pradesh,VISAKHAPATANAM,2001,Whole Year,Tapioca,447,2467,5.51901566
Andhra Pradesh,VISAKHAPATANAM,2001,Whole Year,Tobacco,1702,2598,1.526439483
Andhra Pradesh,VISAKHAPATANAM,2001,Whole Year,Turmeric,1538,3136,2.039011704
Andhra Pradesh,VISAKHAPATANAM,2002,Kharif,Arhar/Tur,4701,1575,0.335035099
Andhra Pradesh,VISAKHAPATANAM,2002,Kharif,Bajra,14123,8897,0.629965305
Andhra Pradesh,VISAKHAPATANAM,2002,Kharif,Castor seed,6,1,0.166666667
Andhra Pradesh,VISAKHAPATANAM,2002,Kharif,Cotton(lint),859,1526,1.776484284
Andhra Pradesh,VISAKHAPATANAM,2002,Kharif,Dry chillies,908,1793,1.974669604
Andhra Pradesh,VISAKHAPATANAM,2002,Kharif,Groundnut,10313,8477,0.821972268
Andhra Pradesh,VISAKHAPATANAM,2002,Kharif,Horse-gram,136,66,0.485294118
Andhra Pradesh,VISAKHAPATANAM,2002,Kharif,Jowar,1537,512,0.333116461
Andhra Pradesh,VISAKHAPATANAM,2002,Kharif,Maize,6976,12843,1.841026376
Andhra Pradesh,VISAKHAPATANAM,2002,Kharif,Mesta,194,1467,7.56185567
Andhra Pradesh,VISAKHAPATANAM,2002,Kharif,Moong(Green Gram),2401,363,0.151187005
Andhra Pradesh,VISAKHAPATANAM,2002,Kharif,Niger seed,13069,4992,0.381972607
Andhra Pradesh,VISAKHAPATANAM,2002,Kharif,Onion,52,622,11.96153846
Andhra Pradesh,VISAKHAPATANAM,2002,Kharif,Other Kharif pulses,952,446,0.468487395
Andhra Pradesh,VISAKHAPATANAM,2002,Kharif,Ragi,29769,25720,0.863986026
Andhra Pradesh,VISAKHAPATANAM,2002,Kharif,Rice,61964,61344,0.98999419
Andhra Pradesh,VISAKHAPATANAM,2002,Kharif,Sesamum,6901,807,0.116939574
Andhra Pradesh,VISAKHAPATANAM,2002,Kharif,Small millets,21698,8688,0.400405567
Andhra Pradesh,VISAKHAPATANAM,2002,Kharif,Urad,2885,150,0.051993068
Andhra Pradesh,VISAKHAPATANAM,2002,Rabi,Bajra,2,,
Andhra Pradesh,VISAKHAPATANAM,2002,Rabi,Dry chillies,2322,2903,1.250215332
Andhra Pradesh,VISAKHAPATANAM,2002,Rabi,Gram,93,122,1.311827957
Andhra Pradesh,VISAKHAPATANAM,2002,Rabi,Groundnut,893,1562,1.749160134
Andhra Pradesh,VISAKHAPATANAM,2002,Rabi,Horse-gram,4916,4252,0.864930838
Andhra Pradesh,VISAKHAPATANAM,2002,Rabi,Jowar,363,291,0.801652893
Andhra Pradesh,VISAKHAPATANAM,2002,Rabi,Maize,918,6362,6.930283224
Andhra Pradesh,VISAKHAPATANAM,2002,Rabi,Moong(Green Gram),1831,467,0.255051884
Andhra Pradesh,VISAKHAPATANAM,2002,Rabi,Onion,137,1725,12.59124088
Andhra Pradesh,VISAKHAPATANAM,2002,Rabi,Other  Rabi pulses,144,40,0.277777778
Andhra Pradesh,VISAKHAPATANAM,2002,Rabi,other oilseeds,412,511,1.240291262
Andhra Pradesh,VISAKHAPATANAM,2002,Rabi,Ragi,509,293,0.575638507
Andhra Pradesh,VISAKHAPATANAM,2002,Rabi,Rice,2028,3121,1.538954635
Andhra Pradesh,VISAKHAPATANAM,2002,Rabi,Sesamum,2196,211,0.096083789
Andhra Pradesh,VISAKHAPATANAM,2002,Rabi,Urad,2284,1322,0.578809107
Andhra Pradesh,VISAKHAPATANAM,2002,Whole Year,Banana,1594,27219,17.07590966
Andhra Pradesh,VISAKHAPATANAM,2002,Whole Year,Beans & Mutter(Vegetable),1620,8162,5.038271605
Andhra Pradesh,VISAKHAPATANAM,2002,Whole Year,Bhindi,600,2077,3.461666667
Andhra Pradesh,VISAKHAPATANAM,2002,Whole Year,Bottle Gourd,37,0,0
Andhra Pradesh,VISAKHAPATANAM,2002,Whole Year,Brinjal,1327,13012,9.805576488
Andhra Pradesh,VISAKHAPATANAM,2002,Whole Year,Cabbage,75,0,0
Andhra Pradesh,VISAKHAPATANAM,2002,Whole Year,Cashewnut,31179,3802,0.12194105
Andhra Pradesh,VISAKHAPATANAM,2002,Whole Year,Citrus Fruit,31,137,4.419354839
Andhra Pradesh,VISAKHAPATANAM,2002,Whole Year,Coconut,7230,30987756,4285.99668
Andhra Pradesh,VISAKHAPATANAM,2002,Whole Year,Cucumber,16,0,0
Andhra Pradesh,VISAKHAPATANAM,2002,Whole Year,Dry ginger,1167,1908,1.63496144
Andhra Pradesh,VISAKHAPATANAM,2002,Whole Year,Mango,16015,87942,5.491226975
Andhra Pradesh,VISAKHAPATANAM,2002,Whole Year,Orange,61,1085,17.78688525
Andhra Pradesh,VISAKHAPATANAM,2002,Whole Year,Other Fresh Fruits,147,158,1.074829932
Andhra Pradesh,VISAKHAPATANAM,2002,Whole Year,Other Vegetables,1476,0,0
Andhra Pradesh,VISAKHAPATANAM,2002,Whole Year,Pome Fruit,191,1445,7.565445026
Andhra Pradesh,VISAKHAPATANAM,2002,Whole Year,Potato,161,1398,8.683229814
Andhra Pradesh,VISAKHAPATANAM,2002,Whole Year,Sugarcane,44085,1588904,36.04182829
Andhra Pradesh,VISAKHAPATANAM,2002,Whole Year,Sweet potato,177,353,1.994350282
Andhra Pradesh,VISAKHAPATANAM,2002,Whole Year,Tapioca,407,2050,5.036855037
Andhra Pradesh,VISAKHAPATANAM,2002,Whole Year,Tobacco,1293,3636,2.812064965
Andhra Pradesh,VISAKHAPATANAM,2002,Whole Year,Tomato,1294,11808,9.125193199
Andhra Pradesh,VISAKHAPATANAM,2002,Whole Year,Turmeric,1551,4473,2.883945841
Andhra Pradesh,VISAKHAPATANAM,2003,Kharif,Arhar/Tur,4274,2188,0.511932616
Andhra Pradesh,VISAKHAPATANAM,2003,Kharif,Bajra,17771,20312,1.142985763
Andhra Pradesh,VISAKHAPATANAM,2003,Kharif,Castor seed,4,2,0.5
Andhra Pradesh,VISAKHAPATANAM,2003,Kharif,Cotton(lint),1359,4045,2.976453274
Andhra Pradesh,VISAKHAPATANAM,2003,Kharif,Dry chillies,871,3838,4.406429392
Andhra Pradesh,VISAKHAPATANAM,2003,Kharif,Groundnut,9262,10920,1.179011013
Andhra Pradesh,VISAKHAPATANAM,2003,Kharif,Horse-gram,118,43,0.36440678
Andhra Pradesh,VISAKHAPATANAM,2003,Kharif,Jowar,1175,3476,2.958297872
Andhra Pradesh,VISAKHAPATANAM,2003,Kharif,Korra,261,284,1.088122605
Andhra Pradesh,VISAKHAPATANAM,2003,Kharif,Maize,6910,12445,1.801013025
Andhra Pradesh,VISAKHAPATANAM,2003,Kharif,Mesta,22,175,7.954545455
Andhra Pradesh,VISAKHAPATANAM,2003,Kharif,Moong(Green Gram),2689,1463,0.544068427
Andhra Pradesh,VISAKHAPATANAM,2003,Kharif,Niger seed,15961,6289,0.394022931
Andhra Pradesh,VISAKHAPATANAM,2003,Kharif,Onion,57,831,14.57894737
Andhra Pradesh,VISAKHAPATANAM,2003,Kharif,Other Kharif pulses,1225,641,0.523265306
Andhra Pradesh,VISAKHAPATANAM,2003,Kharif,Ragi,32664,44129,1.350998041
Andhra Pradesh,VISAKHAPATANAM,2003,Kharif,Rice,84676,136836,1.615995087
Andhra Pradesh,VISAKHAPATANAM,2003,Kharif,Samai,18679,7920,0.424005568
Andhra Pradesh,VISAKHAPATANAM,2003,Kharif,Sesamum,3551,540,0.152069839
Andhra Pradesh,VISAKHAPATANAM,2003,Kharif,Small millets,18941,8205,0.433187266
Andhra Pradesh,VISAKHAPATANAM,2003,Kharif,Sunflower,7,8,1.142857143
Andhra Pradesh,VISAKHAPATANAM,2003,Kharif,Urad,3210,1977,0.61588785
Andhra Pradesh,VISAKHAPATANAM,2003,Rabi,Arhar/Tur,6,3,0.5
Andhra Pradesh,VISAKHAPATANAM,2003,Rabi,Dry chillies,3047,4674,1.533967837
Andhra Pradesh,VISAKHAPATANAM,2003,Rabi,Gram,215,385,1.790697674
Andhra Pradesh,VISAKHAPATANAM,2003,Rabi,Groundnut,1583,2667,1.684775742
Andhra Pradesh,VISAKHAPATANAM,2003,Rabi,Horse-gram,6132,5458,0.890084801
Andhra Pradesh,VISAKHAPATANAM,2003,Rabi,Jowar,199,374,1.879396985
Andhra Pradesh,VISAKHAPATANAM,2003,Rabi,Maize,1413,7913,5.600141543
Andhra Pradesh,VISAKHAPATANAM,2003,Rabi,Moong(Green Gram),3232,1092,0.337871287
Andhra Pradesh,VISAKHAPATANAM,2003,Rabi,Onion,164,1805,11.00609756
Andhra Pradesh,VISAKHAPATANAM,2003,Rabi,Other  Rabi pulses,53,10,0.188679245
Andhra Pradesh,VISAKHAPATANAM,2003,Rabi,other oilseeds,518,,
Andhra Pradesh,VISAKHAPATANAM,2003,Rabi,Ragi,1009,2829,2.803766105
Andhra Pradesh,VISAKHAPATANAM,2003,Rabi,Rice,3961,7811,1.971976774
Andhra Pradesh,VISAKHAPATANAM,2003,Rabi,Sesamum,3412,826,0.242086753
Andhra Pradesh,VISAKHAPATANAM,2003,Rabi,Urad,3913,1514,0.38691541
Andhra Pradesh,VISAKHAPATANAM,2003,Rabi,Varagu,1,1,1
Andhra Pradesh,VISAKHAPATANAM,2003,Whole Year,Banana,1452,17908,12.33333333
Andhra Pradesh,VISAKHAPATANAM,2003,Whole Year,Beans & Mutter(Vegetable),1919,13135,6.844710787
Andhra Pradesh,VISAKHAPATANAM,2003,Whole Year,Bhindi,691,3839,5.555716353
Andhra Pradesh,VISAKHAPATANAM,2003,Whole Year,Bottle Gourd,31,0,0
Andhra Pradesh,VISAKHAPATANAM,2003,Whole Year,Brinjal,1615,20084,12.43591331
Andhra Pradesh,VISAKHAPATANAM,2003,Whole Year,Cabbage,76,0,0
Andhra Pradesh,VISAKHAPATANAM,2003,Whole Year,Cashewnut,31045,16996,0.54746336
Andhra Pradesh,VISAKHAPATANAM,2003,Whole Year,Citrus Fruit,30,164,5.466666667
Andhra Pradesh,VISAKHAPATANAM,2003,Whole Year,Coconut,7045,45965248,6524.520653
Andhra Pradesh,VISAKHAPATANAM,2003,Whole Year,Cucumber,19,0,0
Andhra Pradesh,VISAKHAPATANAM,2003,Whole Year,Dry ginger,868,2466,2.841013825
Andhra Pradesh,VISAKHAPATANAM,2003,Whole Year,Mango,15708,38840,2.472625414
Andhra Pradesh,VISAKHAPATANAM,2003,Whole Year,Orange,61,929,15.2295082
Andhra Pradesh,VISAKHAPATANAM,2003,Whole Year,Other Fresh Fruits,139,119,0.856115108
Andhra Pradesh,VISAKHAPATANAM,2003,Whole Year,Other Vegetables,1956,0,0
Andhra Pradesh,VISAKHAPATANAM,2003,Whole Year,Pome Fruit,157,1364,8.687898089
Andhra Pradesh,VISAKHAPATANAM,2003,Whole Year,Potato,201,1875,9.328358209
Andhra Pradesh,VISAKHAPATANAM,2003,Whole Year,Sugarcane,38962,1984023,50.92200092
Andhra Pradesh,VISAKHAPATANAM,2003,Whole Year,Sweet potato,196,1417,7.229591837
Andhra Pradesh,VISAKHAPATANAM,2003,Whole Year,Tapioca,307,1927,6.276872964
Andhra Pradesh,VISAKHAPATANAM,2003,Whole Year,Tobacco,1803,3447,1.911813644
Andhra Pradesh,VISAKHAPATANAM,2003,Whole Year,Tomato,1552,14964,9.641752577
Andhra Pradesh,VISAKHAPATANAM,2003,Whole Year,Turmeric,2073,5075,2.448142788
Andhra Pradesh,VISAKHAPATANAM,2004,Kharif,Arhar/Tur,4745,2216,0.467017914
Andhra Pradesh,VISAKHAPATANAM,2004,Kharif,Bajra,12458,13093,1.050971263
Andhra Pradesh,VISAKHAPATANAM,2004,Kharif,Castor seed,4,2,0.5
Andhra Pradesh,VISAKHAPATANAM,2004,Kharif,Cotton(lint),3020,8598,2.847019868
Andhra Pradesh,VISAKHAPATANAM,2004,Kharif,Dry chillies,1061,4391,4.138548539
Andhra Pradesh,VISAKHAPATANAM,2004,Kharif,Groundnut,8253,9318,1.129043984
Andhra Pradesh,VISAKHAPATANAM,2004,Kharif,Horse-gram,84,37,0.44047619
Andhra Pradesh,VISAKHAPATANAM,2004,Kharif,Jowar,1094,585,0.534734918
Andhra Pradesh,VISAKHAPATANAM,2004,Kharif,Maize,6766,11773,1.740023648
Andhra Pradesh,VISAKHAPATANAM,2004,Kharif,Mesta,115,983,8.547826087
Andhra Pradesh,VISAKHAPATANAM,2004,Kharif,Moong(Green Gram),2126,791,0.372060207
Andhra Pradesh,VISAKHAPATANAM,2004,Kharif,Niger seed,14357,5456,0.380023682
Andhra Pradesh,VISAKHAPATANAM,2004,Kharif,Onion,63,1069,16.96825397
Andhra Pradesh,VISAKHAPATANAM,2004,Kharif,Other Kharif pulses,2661,1117,0.419767005
Andhra Pradesh,VISAKHAPATANAM,2004,Kharif,Ragi,30886,28909,0.935990416
Andhra Pradesh,VISAKHAPATANAM,2004,Kharif,Rice,95187,160771,1.689001649
Andhra Pradesh,VISAKHAPATANAM,2004,Kharif,Sesamum,7301,1884,0.258046843
Andhra Pradesh,VISAKHAPATANAM,2004,Kharif,Small millets,22000,8537,0.388045455
Andhra Pradesh,VISAKHAPATANAM,2004,Kharif,Sunflower,53,44,0.830188679
Andhra Pradesh,VISAKHAPATANAM,2004,Kharif,Urad,2465,1188,0.481947262
Andhra Pradesh,VISAKHAPATANAM,2004,Rabi,Arhar/Tur,3,1,0.333333333
Andhra Pradesh,VISAKHAPATANAM,2004,Rabi,Dry chillies,2329,6065,2.604121941
Andhra Pradesh,VISAKHAPATANAM,2004,Rabi,Gram,64,98,1.53125
Andhra Pradesh,VISAKHAPATANAM,2004,Rabi,Groundnut,883,1824,2.065685164
Andhra Pradesh,VISAKHAPATANAM,2004,Rabi,Horse-gram,4925,4836,0.981928934
Andhra Pradesh,VISAKHAPATANAM,2004,Rabi,Jowar,69,130,1.884057971
Andhra Pradesh,VISAKHAPATANAM,2004,Rabi,Maize,1452,10497,7.229338843
Andhra Pradesh,VISAKHAPATANAM,2004,Rabi,Moong(Green Gram),2183,712,0.326156665
Andhra Pradesh,VISAKHAPATANAM,2004,Rabi,Onion,147,2575,17.5170068
Andhra Pradesh,VISAKHAPATANAM,2004,Rabi,Other  Rabi pulses,650,187,0.287692308
Andhra Pradesh,VISAKHAPATANAM,2004,Rabi,Ragi,666,1108,1.663663664
Andhra Pradesh,VISAKHAPATANAM,2004,Rabi,Rice,2621,3701,1.412056467
Andhra Pradesh,VISAKHAPATANAM,2004,Rabi,Sesamum,3090,930,0.300970874
Andhra Pradesh,VISAKHAPATANAM,2004,Rabi,Sunflower,43,38,0.88372093
Andhra Pradesh,VISAKHAPATANAM,2004,Rabi,Urad,2342,1485,0.634073442
Andhra Pradesh,VISAKHAPATANAM,2004,Whole Year,Banana,1508,32706,21.68832891
Andhra Pradesh,VISAKHAPATANAM,2004,Whole Year,Cashewnut,32611,6204,0.190242556
Andhra Pradesh,VISAKHAPATANAM,2004,Whole Year,Coconut,6928,56971676,8223.394342
Andhra Pradesh,VISAKHAPATANAM,2004,Whole Year,Dry ginger,840,2294,2.730952381
Andhra Pradesh,VISAKHAPATANAM,2004,Whole Year,Potato,181,1791,9.895027624
Andhra Pradesh,VISAKHAPATANAM,2004,Whole Year,Sugarcane,41522,2119283,51.04000289
Andhra Pradesh,VISAKHAPATANAM,2004,Whole Year,Sweet potato,149,369,2.476510067
Andhra Pradesh,VISAKHAPATANAM,2004,Whole Year,Tapioca,522,2400,4.597701149
Andhra Pradesh,VISAKHAPATANAM,2004,Whole Year,Tobacco,1466,2939,2.004774898
Andhra Pradesh,VISAKHAPATANAM,2004,Whole Year,Turmeric,1678,8133,4.846841478
Andhra Pradesh,VISAKHAPATANAM,2005,Kharif,Arhar/Tur,3849,1124,0.292023902
Andhra Pradesh,VISAKHAPATANAM,2005,Kharif,Bajra,8319,4634,0.557038106
Andhra Pradesh,VISAKHAPATANAM,2005,Kharif,Castor seed,2,1,0.5
Andhra Pradesh,VISAKHAPATANAM,2005,Kharif,Cotton(lint),1834,4445,2.423664122
Andhra Pradesh,VISAKHAPATANAM,2005,Kharif,Dry chillies,778,3262,4.192802057
Andhra Pradesh,VISAKHAPATANAM,2005,Kharif,Groundnut,5358,5797,1.081933557
Andhra Pradesh,VISAKHAPATANAM,2005,Kharif,Horse-gram,65,25,0.384615385
Andhra Pradesh,VISAKHAPATANAM,2005,Kharif,Jowar,1279,710,0.555121188
Andhra Pradesh,VISAKHAPATANAM,2005,Kharif,Maize,6834,12554,1.836991513
Andhra Pradesh,VISAKHAPATANAM,2005,Kharif,Mesta,69,631,9.144927536
Andhra Pradesh,VISAKHAPATANAM,2005,Kharif,Moong(Green Gram),1749,1212,0.69296741
Andhra Pradesh,VISAKHAPATANAM,2005,Kharif,Niger seed,14556,5459,0.37503435
Andhra Pradesh,VISAKHAPATANAM,2005,Kharif,Onion,36,675,18.75
Andhra Pradesh,VISAKHAPATANAM,2005,Kharif,Other Kharif pulses,2032,844,0.415354331
Andhra Pradesh,VISAKHAPATANAM,2005,Kharif,Ragi,28064,22928,0.816989738
Andhra Pradesh,VISAKHAPATANAM,2005,Kharif,Rice,84808,125007,1.474000094
Andhra Pradesh,VISAKHAPATANAM,2005,Kharif,Sesamum,5717,869,0.152002799
Andhra Pradesh,VISAKHAPATANAM,2005,Kharif,Small millets,19325,7864,0.406934023
Andhra Pradesh,VISAKHAPATANAM,2005,Kharif,Urad,1986,683,0.343907351
Andhra Pradesh,VISAKHAPATANAM,2005,Rabi,Dry chillies,2092,4161,1.989005736
Andhra Pradesh,VISAKHAPATANAM,2005,Rabi,Gram,31,59,1.903225806
Andhra Pradesh,VISAKHAPATANAM,2005,Rabi,Groundnut,995,2349,2.36080402
Andhra Pradesh,VISAKHAPATANAM,2005,Rabi,Horse-gram,4026,1188,0.295081967
Andhra Pradesh,VISAKHAPATANAM,2005,Rabi,Jowar,23,67,2.913043478
Andhra Pradesh,VISAKHAPATANAM,2005,Rabi,Maize,1343,10034,7.471332837
Andhra Pradesh,VISAKHAPATANAM,2005,Rabi,Moong(Green Gram),1998,605,0.302802803
Andhra Pradesh,VISAKHAPATANAM,2005,Rabi,Onion,160,3167,19.79375
Andhra Pradesh,VISAKHAPATANAM,2005,Rabi,Other  Rabi pulses,782,354,0.452685422
Andhra Pradesh,VISAKHAPATANAM,2005,Rabi,Ragi,660,1245,1.886363636
Andhra Pradesh,VISAKHAPATANAM,2005,Rabi,Rice,3821,7073,1.851086103
Andhra Pradesh,VISAKHAPATANAM,2005,Rabi,Sesamum,2179,682,0.312987609
Andhra Pradesh,VISAKHAPATANAM,2005,Rabi,Urad,2206,1388,0.62919311
Andhra Pradesh,VISAKHAPATANAM,2005,Whole Year,Banana,1484,21692,14.61725067
Andhra Pradesh,VISAKHAPATANAM,2005,Whole Year,Cashewnut,32029,7239,0.226013925
Andhra Pradesh,VISAKHAPATANAM,2005,Whole Year,Coconut,6979,62196030,8911.882791
Andhra Pradesh,VISAKHAPATANAM,2005,Whole Year,Dry ginger,812,2236,2.753694581
Andhra Pradesh,VISAKHAPATANAM,2005,Whole Year,Potato,138,1351,9.789855072
Andhra Pradesh,VISAKHAPATANAM,2005,Whole Year,Sugarcane,41535,2043854,49.20799326
Andhra Pradesh,VISAKHAPATANAM,2005,Whole Year,Sunflower,77,87,1.12987013
Andhra Pradesh,VISAKHAPATANAM,2005,Whole Year,Sweet potato,157,404,2.573248408
Andhra Pradesh,VISAKHAPATANAM,2005,Whole Year,Tapioca,356,1417,3.980337079
Andhra Pradesh,VISAKHAPATANAM,2005,Whole Year,Tobacco,1335,3456,2.588764045
Andhra Pradesh,VISAKHAPATANAM,2005,Whole Year,Turmeric,1530,4428,2.894117647
Andhra Pradesh,VISAKHAPATANAM,2006,Kharif,Arhar/Tur,3736,1375,0.368040685
Andhra Pradesh,VISAKHAPATANAM,2006,Kharif,Bajra,8197,7525,0.918018787
Andhra Pradesh,VISAKHAPATANAM,2006,Kharif,Castor seed,2,1,0.5
Andhra Pradesh,VISAKHAPATANAM,2006,Kharif,Cotton(lint),847,2606,3.07674144
Andhra Pradesh,VISAKHAPATANAM,2006,Kharif,Dry chillies,762,3429,4.5
Andhra Pradesh,VISAKHAPATANAM,2006,Kharif,Groundnut,5156,5450,1.057020946
Andhra Pradesh,VISAKHAPATANAM,2006,Kharif,Horse-gram,179,78,0.43575419
Andhra Pradesh,VISAKHAPATANAM,2006,Kharif,Jowar,1021,759,0.743388834
Andhra Pradesh,VISAKHAPATANAM,2006,Kharif,Maize,7042,9253,1.313973303
Andhra Pradesh,VISAKHAPATANAM,2006,Kharif,Mesta,88,773,8.784090909
Andhra Pradesh,VISAKHAPATANAM,2006,Kharif,Moong(Green Gram),1744,678,0.388761468
Andhra Pradesh,VISAKHAPATANAM,2006,Kharif,Niger seed,13546,4849,0.357965451
Andhra Pradesh,VISAKHAPATANAM,2006,Kharif,Onion,51,855,16.76470588
Andhra Pradesh,VISAKHAPATANAM,2006,Kharif,Other Kharif pulses,2003,907,0.452820769
Andhra Pradesh,VISAKHAPATANAM,2006,Kharif,Ragi,28746,24549,0.853997078
Andhra Pradesh,VISAKHAPATANAM,2006,Kharif,Rice,93133,178070,1.911996822
Andhra Pradesh,VISAKHAPATANAM,2006,Kharif,Sesamum,5896,1008,0.170963365
Andhra Pradesh,VISAKHAPATANAM,2006,Kharif,Small millets,19347,8179,0.422752882
Andhra Pradesh,VISAKHAPATANAM,2006,Kharif,Urad,2095,802,0.382816229
Andhra Pradesh,VISAKHAPATANAM,2006,Rabi,Dry chillies,1929,5336,2.766200104
Andhra Pradesh,VISAKHAPATANAM,2006,Rabi,Gram,33,63,1.909090909
Andhra Pradesh,VISAKHAPATANAM,2006,Rabi,Groundnut,1031,2440,2.366634336
Andhra Pradesh,VISAKHAPATANAM,2006,Rabi,Horse-gram,3758,2195,0.58408728
Andhra Pradesh,VISAKHAPATANAM,2006,Rabi,Jowar,9,19,2.111111111
Andhra Pradesh,VISAKHAPATANAM,2006,Rabi,Maize,1474,11168,7.576662144
Andhra Pradesh,VISAKHAPATANAM,2006,Rabi,Moong(Green Gram),2907,1087,0.373925009
Andhra Pradesh,VISAKHAPATANAM,2006,Rabi,Onion,158,1884,11.92405063
Andhra Pradesh,VISAKHAPATANAM,2006,Rabi,Other  Rabi pulses,752,330,0.438829787
Andhra Pradesh,VISAKHAPATANAM,2006,Rabi,Ragi,677,1179,1.741506647
Andhra Pradesh,VISAKHAPATANAM,2006,Rabi,Rice,2614,5301,2.027926549
Andhra Pradesh,VISAKHAPATANAM,2006,Rabi,Sesamum,2481,511,0.205965337
Andhra Pradesh,VISAKHAPATANAM,2006,Rabi,Urad,2906,2272,0.781830695
Andhra Pradesh,VISAKHAPATANAM,2006,Whole Year,Banana,1609,12177,7.568054692
Andhra Pradesh,VISAKHAPATANAM,2006,Whole Year,Cashewnut,30626,10188,0.332658525
Andhra Pradesh,VISAKHAPATANAM,2006,Whole Year,Coconut,6924,80139794,11574.20479
Andhra Pradesh,VISAKHAPATANAM,2006,Whole Year,Dry ginger,812,2283,2.811576355
Andhra Pradesh,VISAKHAPATANAM,2006,Whole Year,Potato,134,1134,8.462686567
Andhra Pradesh,VISAKHAPATANAM,2006,Whole Year,Sugarcane,42589,2491286,58.49599662
Andhra Pradesh,VISAKHAPATANAM,2006,Whole Year,Sunflower,213,171,0.802816901
Andhra Pradesh,VISAKHAPATANAM,2006,Whole Year,Sweet potato,128,334,2.609375
Andhra Pradesh,VISAKHAPATANAM,2006,Whole Year,Tapioca,298,1155,3.875838926
Andhra Pradesh,VISAKHAPATANAM,2006,Whole Year,Tobacco,925,1993,2.154594595
Andhra Pradesh,VISAKHAPATANAM,2006,Whole Year,Turmeric,1530,3657,2.390196078
Andhra Pradesh,VISAKHAPATANAM,2007,Kharif,Arhar/Tur,3000,2000,0.666666667
Andhra Pradesh,VISAKHAPATANAM,2007,Kharif,Bajra,7000,6000,0.857142857
Andhra Pradesh,VISAKHAPATANAM,2007,Kharif,Dry chillies,1000,3000,3
Andhra Pradesh,VISAKHAPATANAM,2007,Kharif,Groundnut,4000,5000,1.25
Andhra Pradesh,VISAKHAPATANAM,2007,Kharif,Jowar,1000,2000,2
Andhra Pradesh,VISAKHAPATANAM,2007,Kharif,Maize,7000,9000,1.285714286
Andhra Pradesh,VISAKHAPATANAM,2007,Kharif,Moong(Green Gram),2000,1000,0.5
Andhra Pradesh,VISAKHAPATANAM,2007,Kharif,Other Kharif pulses,1000,,
Andhra Pradesh,VISAKHAPATANAM,2007,Kharif,Ragi,28000,34000,1.214285714
Andhra Pradesh,VISAKHAPATANAM,2007,Kharif,Rice,96000,195000,2.03125
Andhra Pradesh,VISAKHAPATANAM,2007,Kharif,Sesamum,5000,1000,0.2
Andhra Pradesh,VISAKHAPATANAM,2007,Kharif,Small millets,19000,8000,0.421052632
Andhra Pradesh,VISAKHAPATANAM,2007,Kharif,Urad,2000,1000,0.5
Andhra Pradesh,VISAKHAPATANAM,2007,Rabi,Dry chillies,2000,1000,0.5
Andhra Pradesh,VISAKHAPATANAM,2007,Rabi,Groundnut,1000,2000,2
Andhra Pradesh,VISAKHAPATANAM,2007,Rabi,Horse-gram,4000,2000,0.5
Andhra Pradesh,VISAKHAPATANAM,2007,Rabi,Maize,1000,11000,11
Andhra Pradesh,VISAKHAPATANAM,2007,Rabi,Moong(Green Gram),4000,1000,0.25
Andhra Pradesh,VISAKHAPATANAM,2007,Rabi,Other  Rabi pulses,2000,3000,1.5
Andhra Pradesh,VISAKHAPATANAM,2007,Rabi,Ragi,1000,1000,1
Andhra Pradesh,VISAKHAPATANAM,2007,Rabi,Rice,3000,6000,2
Andhra Pradesh,VISAKHAPATANAM,2007,Rabi,Sesamum,3000,1000,0.333333333
Andhra Pradesh,VISAKHAPATANAM,2007,Rabi,Sunflower,1000,2000,2
Andhra Pradesh,VISAKHAPATANAM,2007,Rabi,Urad,4000,2000,0.5
Andhra Pradesh,VISAKHAPATANAM,2007,Whole Year,Sugarcane,41000,2554000,62.29268293
Andhra Pradesh,VISAKHAPATANAM,2007,Whole Year,Tobacco,1000,1000,1
Andhra Pradesh,VISAKHAPATANAM,2008,Kharif,Arhar/Tur,2874,868,0.302018093
Andhra Pradesh,VISAKHAPATANAM,2008,Kharif,Bajra,6287,5105,0.811993001
Andhra Pradesh,VISAKHAPATANAM,2008,Kharif,Castor seed,2,1,0.5
Andhra Pradesh,VISAKHAPATANAM,2008,Kharif,Cotton(lint),204,733,3.593137255
Andhra Pradesh,VISAKHAPATANAM,2008,Kharif,Dry chillies,474,2116,4.464135021
Andhra Pradesh,VISAKHAPATANAM,2008,Kharif,Groundnut,3368,3759,1.116092637
Andhra Pradesh,VISAKHAPATANAM,2008,Kharif,Horse-gram,109,61,0.559633028
Andhra Pradesh,VISAKHAPATANAM,2008,Kharif,Jowar,1094,2795,2.554844607
Andhra Pradesh,VISAKHAPATANAM,2008,Kharif,Maize,6321,9014,1.426040184
Andhra Pradesh,VISAKHAPATANAM,2008,Kharif,Mesta,36,286,7.944444444
Andhra Pradesh,VISAKHAPATANAM,2008,Kharif,Moong(Green Gram),1719,677,0.393833624
Andhra Pradesh,VISAKHAPATANAM,2008,Kharif,Niger seed,12194,5317,0.436034115
Andhra Pradesh,VISAKHAPATANAM,2008,Kharif,Onion,78,1311,16.80769231
Andhra Pradesh,VISAKHAPATANAM,2008,Kharif,Other Kharif pulses,597,293,0.49078727
Andhra Pradesh,VISAKHAPATANAM,2008,Kharif,Ragi,26882,24839,0.92400119
Andhra Pradesh,VISAKHAPATANAM,2008,Kharif,Rice,99378,167253,1.682998249
Andhra Pradesh,VISAKHAPATANAM,2008,Kharif,Sesamum,4497,1043,0.231932399
Andhra Pradesh,VISAKHAPATANAM,2008,Kharif,Small millets,18153,8041,0.442957087
Andhra Pradesh,VISAKHAPATANAM,2008,Kharif,Urad,1962,824,0.419979613
Andhra Pradesh,VISAKHAPATANAM,2008,Rabi,Dry chillies,1270,1579,1.243307087
Andhra Pradesh,VISAKHAPATANAM,2008,Rabi,Gram,58,101,1.74137931
Andhra Pradesh,VISAKHAPATANAM,2008,Rabi,Groundnut,975,2185,2.241025641
Andhra Pradesh,VISAKHAPATANAM,2008,Rabi,Horse-gram,3557,1722,0.484115828
Andhra Pradesh,VISAKHAPATANAM,2008,Rabi,Jowar,55,260,4.727272727
Andhra Pradesh,VISAKHAPATANAM,2008,Rabi,Maize,1414,12486,8.830268741
Andhra Pradesh,VISAKHAPATANAM,2008,Rabi,Moong(Green Gram),4235,1440,0.340023613
Andhra Pradesh,VISAKHAPATANAM,2008,Rabi,Onion,149,1434,9.624161074
Andhra Pradesh,VISAKHAPATANAM,2008,Rabi,Other  Rabi pulses,1844,2914,1.580260304
Andhra Pradesh,VISAKHAPATANAM,2008,Rabi,Ragi,374,617,1.64973262
Andhra Pradesh,VISAKHAPATANAM,2008,Rabi,Rice,2679,5090,1.899962673
Andhra Pradesh,VISAKHAPATANAM,2008,Rabi,Sesamum,2653,692,0.260836789
Andhra Pradesh,VISAKHAPATANAM,2008,Rabi,Urad,4364,2924,0.670027498
Andhra Pradesh,VISAKHAPATANAM,2008,Whole Year,Banana,1271,13108,10.31313926
Andhra Pradesh,VISAKHAPATANAM,2008,Whole Year,Cashewnut,32516,7855,0.241573379
Andhra Pradesh,VISAKHAPATANAM,2008,Whole Year,Coconut,7528,81264760,10795
Andhra Pradesh,VISAKHAPATANAM,2008,Whole Year,Coriander,30,29,0.966666667
Andhra Pradesh,VISAKHAPATANAM,2008,Whole Year,Dry ginger,619,1518,2.452342488
Andhra Pradesh,VISAKHAPATANAM,2008,Whole Year,Potato,95,857,9.021052632
Andhra Pradesh,VISAKHAPATANAM,2008,Whole Year,Sugarcane,38998,2201279,56.44594595
Andhra Pradesh,VISAKHAPATANAM,2008,Whole Year,Sunflower,350,354,1.011428571
Andhra Pradesh,VISAKHAPATANAM,2008,Whole Year,Sweet potato,152,394,2.592105263
Andhra Pradesh,VISAKHAPATANAM,2008,Whole Year,Tapioca,251,915,3.645418327
Andhra Pradesh,VISAKHAPATANAM,2008,Whole Year,Tobacco,1154,2926,2.535528596
Andhra Pradesh,VISAKHAPATANAM,2008,Whole Year,Turmeric,1583,3483,2.200252685
Andhra Pradesh,VISAKHAPATANAM,2009,Kharif,Arhar/Tur,2023,1101,0.544241226
Andhra Pradesh,VISAKHAPATANAM,2009,Kharif,Bajra,4829,5380,1.114102299
Andhra Pradesh,VISAKHAPATANAM,2009,Kharif,Castor seed,3,2,0.666666667
Andhra Pradesh,VISAKHAPATANAM,2009,Kharif,Cotton(lint),697,2239,3.212338594
Andhra Pradesh,VISAKHAPATANAM,2009,Kharif,Dry chillies,426,2042,4.79342723
Andhra Pradesh,VISAKHAPATANAM,2009,Kharif,Groundnut,2433,2255,0.926839293
Andhra Pradesh,VISAKHAPATANAM,2009,Kharif,Horse-gram,58,39,0.672413793
Andhra Pradesh,VISAKHAPATANAM,2009,Kharif,Jowar,833,982,1.178871549
Andhra Pradesh,VISAKHAPATANAM,2009,Kharif,Maize,5913,12926,2.18603078
Andhra Pradesh,VISAKHAPATANAM,2009,Kharif,Mesta,34,282,8.294117647
Andhra Pradesh,VISAKHAPATANAM,2009,Kharif,Moong(Green Gram),1382,246,0.178002894
Andhra Pradesh,VISAKHAPATANAM,2009,Kharif,Niger seed,7486,2560,0.34197168
Andhra Pradesh,VISAKHAPATANAM,2009,Kharif,Onion,36,583,16.19444444
Andhra Pradesh,VISAKHAPATANAM,2009,Kharif,Other Kharif pulses,655,628,0.958778626
Andhra Pradesh,VISAKHAPATANAM,2009,Kharif,Ragi,21901,20346,0.928998676
Andhra Pradesh,VISAKHAPATANAM,2009,Kharif,Rice,65447,69112,1.055999511
Andhra Pradesh,VISAKHAPATANAM,2009,Kharif,Sesamum,2572,427,0.166018663
Andhra Pradesh,VISAKHAPATANAM,2009,Kharif,Small millets,14175,6282,0.443174603
Andhra Pradesh,VISAKHAPATANAM,2009,Kharif,Urad,1576,511,0.324238579
Andhra Pradesh,VISAKHAPATANAM,2009,Rabi,Arhar/Tur,362,197,0.544198895
Andhra Pradesh,VISAKHAPATANAM,2009,Rabi,Dry chillies,1090,2296,2.106422018
Andhra Pradesh,VISAKHAPATANAM,2009,Rabi,Gram,60,99,1.65
Andhra Pradesh,VISAKHAPATANAM,2009,Rabi,Groundnut,1013,2530,2.497532083
Andhra Pradesh,VISAKHAPATANAM,2009,Rabi,Horse-gram,2544,1804,0.709119497
Andhra Pradesh,VISAKHAPATANAM,2009,Rabi,Jowar,83,290,3.493975904
Andhra Pradesh,VISAKHAPATANAM,2009,Rabi,Maize,1258,9196,7.310015898
Andhra Pradesh,VISAKHAPATANAM,2009,Rabi,Moong(Green Gram),1968,785,0.398882114
Andhra Pradesh,VISAKHAPATANAM,2009,Rabi,Onion,110,2793,25.39090909
Andhra Pradesh,VISAKHAPATANAM,2009,Rabi,Other  Rabi pulses,1817,1743,0.959273528
Andhra Pradesh,VISAKHAPATANAM,2009,Rabi,Ragi,403,671,1.665012407
Andhra Pradesh,VISAKHAPATANAM,2009,Rabi,Rice,2974,4509,1.516139879
Andhra Pradesh,VISAKHAPATANAM,2009,Rabi,Sesamum,1846,306,0.165763814
Andhra Pradesh,VISAKHAPATANAM,2009,Rabi,Urad,2435,1802,0.740041068
Andhra Pradesh,VISAKHAPATANAM,2009,Whole Year,Banana,1005,29626,29.47860697
Andhra Pradesh,VISAKHAPATANAM,2009,Whole Year,Cashewnut,32264,8825,0.273524671
Andhra Pradesh,VISAKHAPATANAM,2009,Whole Year,Coconut,7377,82932234,11242
Andhra Pradesh,VISAKHAPATANAM,2009,Whole Year,Dry ginger,432,842,1.949074074
Andhra Pradesh,VISAKHAPATANAM,2009,Whole Year,Potato,36,311,8.638888889
Andhra Pradesh,VISAKHAPATANAM,2009,Whole Year,Sugarcane,40038,1845668,46.09790699
Andhra Pradesh,VISAKHAPATANAM,2009,Whole Year,Sunflower,282,274,0.971631206
Andhra Pradesh,VISAKHAPATANAM,2009,Whole Year,Sweet potato,68,167,2.455882353
Andhra Pradesh,VISAKHAPATANAM,2009,Whole Year,Tapioca,235,893,3.8
Andhra Pradesh,VISAKHAPATANAM,2009,Whole Year,Tobacco,999,2244,2.246246246
Andhra Pradesh,VISAKHAPATANAM,2009,Whole Year,Turmeric,1509,3632,2.406891981
Andhra Pradesh,VISAKHAPATANAM,2010,Kharif,Arhar/Tur,3717,1412,0.379876244
Andhra Pradesh,VISAKHAPATANAM,2010,Kharif,Bajra,5978,5207,0.871027099
Andhra Pradesh,VISAKHAPATANAM,2010,Kharif,Cotton(lint),1105,2509,2.270588235
Andhra Pradesh,VISAKHAPATANAM,2010,Kharif,Dry chillies,587,1947,3.316865417
Andhra Pradesh,VISAKHAPATANAM,2010,Kharif,Groundnut,3233,3207,0.991957934
Andhra Pradesh,VISAKHAPATANAM,2010,Kharif,Horse-gram,89,43,0.483146067
Andhra Pradesh,VISAKHAPATANAM,2010,Kharif,Jowar,982,1421,1.447046843
Andhra Pradesh,VISAKHAPATANAM,2010,Kharif,Maize,5749,9227,1.604974778
Andhra Pradesh,VISAKHAPATANAM,2010,Kharif,Mesta,27,242,8.962962963
Andhra Pradesh,VISAKHAPATANAM,2010,Kharif,Moong(Green Gram),1501,374,0.249167222
Andhra Pradesh,VISAKHAPATANAM,2010,Kharif,Niger seed,9877,3753,0.379973676
Andhra Pradesh,VISAKHAPATANAM,2010,Kharif,Onion,60,1192,19.86666667
Andhra Pradesh,VISAKHAPATANAM,2010,Kharif,Other Kharif pulses,392,376,0.959183673
Andhra Pradesh,VISAKHAPATANAM,2010,Kharif,Ragi,22665,23322,1.028987426
Andhra Pradesh,VISAKHAPATANAM,2010,Kharif,Rice,110289,192378,1.744308136
Andhra Pradesh,VISAKHAPATANAM,2010,Kharif,Sesamum,4170,713,0.170983213
Andhra Pradesh,VISAKHAPATANAM,2010,Kharif,Small millets,14570,14732,1.011118737
Andhra Pradesh,VISAKHAPATANAM,2010,Kharif,Urad,1875,1238,0.660266667
Andhra Pradesh,VISAKHAPATANAM,2010,Rabi,Arhar/Tur,18,7,0.388888889
Andhra Pradesh,VISAKHAPATANAM,2010,Rabi,Dry chillies,1003,3443,3.432701894
Andhra Pradesh,VISAKHAPATANAM,2010,Rabi,Gram,80,133,1.6625
Andhra Pradesh,VISAKHAPATANAM,2010,Rabi,Groundnut,1118,2446,2.18783542
Andhra Pradesh,VISAKHAPATANAM,2010,Rabi,Horse-gram,1939,1412,0.728210418
Andhra Pradesh,VISAKHAPATANAM,2010,Rabi,Jowar,3,12,4
Andhra Pradesh,VISAKHAPATANAM,2010,Rabi,Maize,1021,9308,9.1165524
Andhra Pradesh,VISAKHAPATANAM,2010,Rabi,Moong(Green Gram),3276,1150,0.351037851
Andhra Pradesh,VISAKHAPATANAM,2010,Rabi,Onion,157,2050,13.05732484
Andhra Pradesh,VISAKHAPATANAM,2010,Rabi,Other  Rabi pulses,4293,3512,0.818075938
Andhra Pradesh,VISAKHAPATANAM,2010,Rabi,Ragi,290,424,1.462068966
Andhra Pradesh,VISAKHAPATANAM,2010,Rabi,Rice,7262,9383,1.292068301
Andhra Pradesh,VISAKHAPATANAM,2010,Rabi,Sesamum,2270,484,0.213215859
Andhra Pradesh,VISAKHAPATANAM,2010,Rabi,Urad,5187,2770,0.534027376
Andhra Pradesh,VISAKHAPATANAM,2010,Whole Year,Banana,1182,18459,15.61675127
Andhra Pradesh,VISAKHAPATANAM,2010,Whole Year,Cashewnut,31731,6821,0.214963285
Andhra Pradesh,VISAKHAPATANAM,2010,Whole Year,Dry ginger,601,1613,2.683860233
Andhra Pradesh,VISAKHAPATANAM,2010,Whole Year,Ginger,601,1613,2.683860233
Andhra Pradesh,VISAKHAPATANAM,2010,Whole Year,Potato,96,1076,11.20833333
Andhra Pradesh,VISAKHAPATANAM,2010,Whole Year,Sugarcane,38819,2221674,57.23161339
Andhra Pradesh,VISAKHAPATANAM,2010,Whole Year,Sunflower,408,507,1.242647059
Andhra Pradesh,VISAKHAPATANAM,2010,Whole Year,Sweet potato,121,1549,12.80165289
Andhra Pradesh,VISAKHAPATANAM,2010,Whole Year,Tapioca,216,1422,6.583333333
Andhra Pradesh,VISAKHAPATANAM,2010,Whole Year,Tobacco,495,1361,2.749494949
Andhra Pradesh,VISAKHAPATANAM,2010,Whole Year,Turmeric,1935,4882,2.522997416
Andhra Pradesh,VISAKHAPATANAM,2011,Kharif,Arhar/Tur,2719,1088,0.400147113
Andhra Pradesh,VISAKHAPATANAM,2011,Kharif,Bajra,4638,5079,1.095084088
Andhra Pradesh,VISAKHAPATANAM,2011,Kharif,Castor seed,2,1,0.5
Andhra Pradesh,VISAKHAPATANAM,2011,Kharif,Cotton(lint),1390,2984,2.14676259
Andhra Pradesh,VISAKHAPATANAM,2011,Kharif,Cowpea(Lobia),487,104,0.213552361
Andhra Pradesh,VISAKHAPATANAM,2011,Kharif,Dry chillies,445,1692,3.802247191
Andhra Pradesh,VISAKHAPATANAM,2011,Kharif,Groundnut,1982,2222,1.121089808
Andhra Pradesh,VISAKHAPATANAM,2011,Kharif,Horse-gram,69,37,0.536231884
Andhra Pradesh,VISAKHAPATANAM,2011,Kharif,Jowar,837,1800,2.150537634
Andhra Pradesh,VISAKHAPATANAM,2011,Kharif,Maize,6359,25112,3.949048593
Andhra Pradesh,VISAKHAPATANAM,2011,Kharif,Mesta,10,78,7.8
Andhra Pradesh,VISAKHAPATANAM,2011,Kharif,Moong(Green Gram),1184,691,0.583614865
Andhra Pradesh,VISAKHAPATANAM,2011,Kharif,Niger seed,6831,2541,0.371980676
Andhra Pradesh,VISAKHAPATANAM,2011,Kharif,Onion,56,807,14.41071429
Andhra Pradesh,VISAKHAPATANAM,2011,Kharif,Other Kharif pulses,833,583,0.699879952
Andhra Pradesh,VISAKHAPATANAM,2011,Kharif,other oilseeds,1285,27441,21.35486381
Andhra Pradesh,VISAKHAPATANAM,2011,Kharif,Ragi,24806,17761,0.71599613
Andhra Pradesh,VISAKHAPATANAM,2011,Kharif,Rice,109505,166766,1.52290763
Andhra Pradesh,VISAKHAPATANAM,2011,Kharif,Sesamum,4155,806,0.193983153
Andhra Pradesh,VISAKHAPATANAM,2011,Kharif,Small millets,15993,9862,0.616644782
Andhra Pradesh,VISAKHAPATANAM,2011,Kharif,Urad,1396,621,0.444842407
Andhra Pradesh,VISAKHAPATANAM,2011,Rabi,Arhar/Tur,29,12,0.413793103
Andhra Pradesh,VISAKHAPATANAM,2011,Rabi,Cowpea(Lobia),450,359,0.797777778
Andhra Pradesh,VISAKHAPATANAM,2011,Rabi,Dry chillies,770,1339,1.738961039
Andhra Pradesh,VISAKHAPATANAM,2011,Rabi,Gram,65,98,1.507692308
Andhra Pradesh,VISAKHAPATANAM,2011,Rabi,Groundnut,788,1889,2.397208122
Andhra Pradesh,VISAKHAPATANAM,2011,Rabi,Horse-gram,2067,1067,0.516207063
Andhra Pradesh,VISAKHAPATANAM,2011,Rabi,Jowar,4,19,4.75
Andhra Pradesh,VISAKHAPATANAM,2011,Rabi,Maize,1126,8737,7.759325044
Andhra Pradesh,VISAKHAPATANAM,2011,Rabi,Moong(Green Gram),2766,1651,0.596890817
Andhra Pradesh,VISAKHAPATANAM,2011,Rabi,Onion,116,2970,25.60344828
Andhra Pradesh,VISAKHAPATANAM,2011,Rabi,Other  Rabi pulses,5092,3743,0.735074627
Andhra Pradesh,VISAKHAPATANAM,2011,Rabi,other oilseeds,6831,2541,0.371980676
Andhra Pradesh,VISAKHAPATANAM,2011,Rabi,Ragi,196,298,1.520408163
Andhra Pradesh,VISAKHAPATANAM,2011,Rabi,Rice,2617,2973,1.136033626
Andhra Pradesh,VISAKHAPATANAM,2011,Rabi,Sesamum,2497,387,0.154985983
Andhra Pradesh,VISAKHAPATANAM,2011,Rabi,Urad,3904,2737,0.70107582
Andhra Pradesh,VISAKHAPATANAM,2011,Whole Year,Banana,1355,22833,16.85092251
Andhra Pradesh,VISAKHAPATANAM,2011,Whole Year,Cashewnut,33639,3621,0.107642914
Andhra Pradesh,VISAKHAPATANAM,2011,Whole Year,Coconut,7054,72295470,10248.86164
Andhra Pradesh,VISAKHAPATANAM,2011,Whole Year,Dry ginger,586,1448,2.470989761
Andhra Pradesh,VISAKHAPATANAM,2011,Whole Year,Potato,46,462,10.04347826
Andhra Pradesh,VISAKHAPATANAM,2011,Whole Year,Sugarcane,37862,2152876,56.86112725
Andhra Pradesh,VISAKHAPATANAM,2011,Whole Year,Sunflower,547,568,1.038391225
Andhra Pradesh,VISAKHAPATANAM,2011,Whole Year,Sweet potato,95,1222,12.86315789
Andhra Pradesh,VISAKHAPATANAM,2011,Whole Year,Tapioca,176,2251,12.78977273
Andhra Pradesh,VISAKHAPATANAM,2011,Whole Year,Tobacco,580,1847,3.184482759
Andhra Pradesh,VISAKHAPATANAM,2011,Whole Year,Turmeric,1957,4450,2.273888605
Andhra Pradesh,VISAKHAPATANAM,2012,Kharif,Arhar/Tur,1947,633,0.325115562
Andhra Pradesh,VISAKHAPATANAM,2012,Kharif,Bajra,4140,3850,0.929951691
Andhra Pradesh,VISAKHAPATANAM,2012,Kharif,Brinjal,986,8319,8.437119675
Andhra Pradesh,VISAKHAPATANAM,2012,Kharif,Cabbage,191,5029,26.32984293
Andhra Pradesh,VISAKHAPATANAM,2012,Kharif,Cashewnut,32074,7382,0.230155266
Andhra Pradesh,VISAKHAPATANAM,2012,Kharif,Cotton(lint),3013,10191,3.38234318
Andhra Pradesh,VISAKHAPATANAM,2012,Kharif,Cowpea(Lobia),410,107,0.26097561
Andhra Pradesh,VISAKHAPATANAM,2012,Kharif,Dry chillies,505,2088,4.134653465
Andhra Pradesh,VISAKHAPATANAM,2012,Kharif,Dry ginger,581,1642,2.82616179
Andhra Pradesh,VISAKHAPATANAM,2012,Kharif,Groundnut,1583,1393,0.879974732
Andhra Pradesh,VISAKHAPATANAM,2012,Kharif,Horse-gram,79,55,0.696202532
Andhra Pradesh,VISAKHAPATANAM,2012,Kharif,Jowar,554,1469,2.651624549
Andhra Pradesh,VISAKHAPATANAM,2012,Kharif,Lemon,4,29,7.25
Andhra Pradesh,VISAKHAPATANAM,2012,Kharif,Maize,5837,12830,2.198046942
Andhra Pradesh,VISAKHAPATANAM,2012,Kharif,Mango,12751,127051,9.964002823
Andhra Pradesh,VISAKHAPATANAM,2012,Kharif,Moong(Green Gram),828,370,0.446859903
Andhra Pradesh,VISAKHAPATANAM,2012,Kharif,Onion,55,1050,19.09090909
Andhra Pradesh,VISAKHAPATANAM,2012,Kharif,Other Kharif pulses,1123,1437,1.279608192
Andhra Pradesh,VISAKHAPATANAM,2012,Kharif,Papaya,95,10349,108.9368421
Andhra Pradesh,VISAKHAPATANAM,2012,Kharif,Potato,27,475,17.59259259
Andhra Pradesh,VISAKHAPATANAM,2012,Kharif,Ragi,21933,21692,0.989011991
Andhra Pradesh,VISAKHAPATANAM,2012,Kharif,Rice,98718,141562,1.43400393
Andhra Pradesh,VISAKHAPATANAM,2012,Kharif,Sapota,54,713,13.2037037
Andhra Pradesh,VISAKHAPATANAM,2012,Kharif,Sesamum,3931,763,0.194098194
Andhra Pradesh,VISAKHAPATANAM,2012,Kharif,Small millets,13405,7061,0.526743752
Andhra Pradesh,VISAKHAPATANAM,2012,Kharif,Sugarcane,37322,2071560,55.50506404
Andhra Pradesh,VISAKHAPATANAM,2012,Kharif,Sweet potato,52,501,9.634615385
Andhra Pradesh,VISAKHAPATANAM,2012,Kharif,Tapioca,125,2302,18.416
Andhra Pradesh,VISAKHAPATANAM,2012,Kharif,Tobacco,355,922,2.597183099
Andhra Pradesh,VISAKHAPATANAM,2012,Kharif,Tomato,555,12116,21.83063063
Andhra Pradesh,VISAKHAPATANAM,2012,Kharif,Turmeric,2500,8380,3.352
Andhra Pradesh,VISAKHAPATANAM,2012,Kharif,Urad,1024,574,0.560546875
Andhra Pradesh,VISAKHAPATANAM,2012,Rabi,Arhar/Tur,40,13,0.325
Andhra Pradesh,VISAKHAPATANAM,2012,Rabi,Brinjal,633,5341,8.437598736
Andhra Pradesh,VISAKHAPATANAM,2012,Rabi,Cabbage,66,1738,26.33333333
Andhra Pradesh,VISAKHAPATANAM,2012,Rabi,Cowpea(Lobia),526,481,0.914448669
Andhra Pradesh,VISAKHAPATANAM,2012,Rabi,Dry chillies,1003,2121,2.114656032
Andhra Pradesh,VISAKHAPATANAM,2012,Rabi,Gram,43,78,1.813953488
Andhra Pradesh,VISAKHAPATANAM,2012,Rabi,Groundnut,904,2197,2.430309735
Andhra Pradesh,VISAKHAPATANAM,2012,Rabi,Horse-gram,1637,1007,0.615149664
Andhra Pradesh,VISAKHAPATANAM,2012,Rabi,Jowar,6,24,4
Andhra Pradesh,VISAKHAPATANAM,2012,Rabi,Maize,1126,7979,7.086145648
Andhra Pradesh,VISAKHAPATANAM,2012,Rabi,Moong(Green Gram),3711,2505,0.67502021
Andhra Pradesh,VISAKHAPATANAM,2012,Rabi,Niger seed,8255,5803,0.702967898
Andhra Pradesh,VISAKHAPATANAM,2012,Rabi,Onion,123,2707,22.00813008
Andhra Pradesh,VISAKHAPATANAM,2012,Rabi,Other  Rabi pulses,6552,3977,0.606990232
Andhra Pradesh,VISAKHAPATANAM,2012,Rabi,Ragi,276,394,1.427536232
Andhra Pradesh,VISAKHAPATANAM,2012,Rabi,Rice,5046,10274,2.036068173
Andhra Pradesh,VISAKHAPATANAM,2012,Rabi,Sesamum,2385,878,0.368134172
Andhra Pradesh,VISAKHAPATANAM,2012,Rabi,Sunflower,527,510,0.967741935
Andhra Pradesh,VISAKHAPATANAM,2012,Rabi,Sweet potato,61,587,9.62295082
Andhra Pradesh,VISAKHAPATANAM,2012,Rabi,Tobacco,115,260,2.260869565
Andhra Pradesh,VISAKHAPATANAM,2012,Rabi,Tomato,793,5833,7.355611602
Andhra Pradesh,VISAKHAPATANAM,2012,Rabi,Urad,5183,4876,0.940767895
Andhra Pradesh,VISAKHAPATANAM,2012,Whole Year,Coconut,6116,99838000,16324.06802
Andhra Pradesh,VISAKHAPATANAM,2013,Kharif,Arhar/Tur,1806,619,0.342746401
Andhra Pradesh,VISAKHAPATANAM,2013,Kharif,Bajra,3179,2190,0.688895879
Andhra Pradesh,VISAKHAPATANAM,2013,Kharif,Brinjal,852,5384,6.319248826
Andhra Pradesh,VISAKHAPATANAM,2013,Kharif,Cabbage,180,3379,18.77222222
Andhra Pradesh,VISAKHAPATANAM,2013,Kharif,Cashewnut,32321,9599,0.296989573
Andhra Pradesh,VISAKHAPATANAM,2013,Kharif,Cotton(lint),2798,8196,2.929235168
Andhra Pradesh,VISAKHAPATANAM,2013,Kharif,Cowpea(Lobia),391,203,0.519181586
Andhra Pradesh,VISAKHAPATANAM,2013,Kharif,Dry chillies,378,1833,4.849206349
Andhra Pradesh,VISAKHAPATANAM,2013,Kharif,Dry ginger,263,740,2.813688213
Andhra Pradesh,VISAKHAPATANAM,2013,Kharif,Groundnut,1778,1963,1.104049494
Andhra Pradesh,VISAKHAPATANAM,2013,Kharif,Horse-gram,46,27,0.586956522
Andhra Pradesh,VISAKHAPATANAM,2013,Kharif,Jowar,551,963,1.747731397
Andhra Pradesh,VISAKHAPATANAM,2013,Kharif,Lemon,8,64,8
Andhra Pradesh,VISAKHAPATANAM,2013,Kharif,Maize,5988,7820,1.305945224
Andhra Pradesh,VISAKHAPATANAM,2013,Kharif,Mango,13390,153771,11.48401792
Andhra Pradesh,VISAKHAPATANAM,2013,Kharif,Moong(Green Gram),990,407,0.411111111
Andhra Pradesh,VISAKHAPATANAM,2013,Kharif,Niger seed,21,11,0.523809524
Andhra Pradesh,VISAKHAPATANAM,2013,Kharif,Onion,63,1186,18.82539683
Andhra Pradesh,VISAKHAPATANAM,2013,Kharif,Other Kharif pulses,1606,1823,1.135118306
Andhra Pradesh,VISAKHAPATANAM,2013,Kharif,other oilseeds,1652,36630,22.17312349
Andhra Pradesh,VISAKHAPATANAM,2013,Kharif,Papaya,98,9594,97.89795918
Andhra Pradesh,VISAKHAPATANAM,2013,Kharif,Ragi,22786,19300,0.847011323
Andhra Pradesh,VISAKHAPATANAM,2013,Kharif,Rice,98637,171530,1.739002606
Andhra Pradesh,VISAKHAPATANAM,2013,Kharif,Sapota,37,348,9.405405405
Andhra Pradesh,VISAKHAPATANAM,2013,Kharif,Sesamum,2967,751,0.253117627
Andhra Pradesh,VISAKHAPATANAM,2013,Kharif,Small millets,12290,6582,0.535557364
Andhra Pradesh,VISAKHAPATANAM,2013,Kharif,Sugarcane,37603,2103656,55.94383427
Andhra Pradesh,VISAKHAPATANAM,2013,Kharif,Sunflower,4,3,0.75
Andhra Pradesh,VISAKHAPATANAM,2013,Kharif,Sweet potato,45,395,8.777777778
Andhra Pradesh,VISAKHAPATANAM,2013,Kharif,Tapioca,89,1639,18.41573034
Andhra Pradesh,VISAKHAPATANAM,2013,Kharif,Tobacco,331,1032,3.117824773
Andhra Pradesh,VISAKHAPATANAM,2013,Kharif,Tomato,592,10584,17.87837838
Andhra Pradesh,VISAKHAPATANAM,2013,Kharif,Turmeric,2910,8203,2.818900344
Andhra Pradesh,VISAKHAPATANAM,2013,Kharif,Urad,1187,647,0.545071609
Andhra Pradesh,VISAKHAPATANAM,2013,Rabi,Arhar/Tur,22,8,0.363636364
Andhra Pradesh,VISAKHAPATANAM,2013,Rabi,Brinjal,635,4013,6.319685039
Andhra Pradesh,VISAKHAPATANAM,2013,Rabi,Cabbage,97,1821,18.77319588
Andhra Pradesh,VISAKHAPATANAM,2013,Rabi,Cowpea(Lobia),467,382,0.817987152
Andhra Pradesh,VISAKHAPATANAM,2013,Rabi,Dry chillies,735,1420,1.931972789
Andhra Pradesh,VISAKHAPATANAM,2013,Rabi,Gram,81,156,1.925925926
Andhra Pradesh,VISAKHAPATANAM,2013,Rabi,Groundnut,810,2092,2.582716049
Andhra Pradesh,VISAKHAPATANAM,2013,Rabi,Horse-gram,1019,500,0.490677134
Andhra Pradesh,VISAKHAPATANAM,2013,Rabi,Jowar,12,55,4.583333333
Andhra Pradesh,VISAKHAPATANAM,2013,Rabi,Maize,1248,9303,7.454326923
Andhra Pradesh,VISAKHAPATANAM,2013,Rabi,Moong(Green Gram),4015,2509,0.6249066
Andhra Pradesh,VISAKHAPATANAM,2013,Rabi,Niger seed,8691,4441,0.510988379
Andhra Pradesh,VISAKHAPATANAM,2013,Rabi,Onion,161,2981,18.51552795
Andhra Pradesh,VISAKHAPATANAM,2013,Rabi,Other Kharif pulses,9661,12559,1.299968947
Andhra Pradesh,VISAKHAPATANAM,2013,Rabi,Ragi,308,442,1.435064935
Andhra Pradesh,VISAKHAPATANAM,2013,Rabi,Rice,6759,13126,1.942003255
Andhra Pradesh,VISAKHAPATANAM,2013,Rabi,Sesamum,3624,776,0.214128035
Andhra Pradesh,VISAKHAPATANAM,2013,Rabi,Sunflower,246,275,1.117886179
Andhra Pradesh,VISAKHAPATANAM,2013,Rabi,Sweet potato,52,456,8.769230769
Andhra Pradesh,VISAKHAPATANAM,2013,Rabi,Tobacco,106,372,3.509433962
Andhra Pradesh,VISAKHAPATANAM,2013,Rabi,Tomato,937,8857,9.452508004
Andhra Pradesh,VISAKHAPATANAM,2013,Rabi,Urad,7385,5805,0.78605281
Andhra Pradesh,VISAKHAPATANAM,2013,Whole Year,Banana,1409,27661,19.63165366
Andhra Pradesh,VISAKHAPATANAM,2013,Whole Year,Cashewnut,32321,9599,0.296989573
Andhra Pradesh,VISAKHAPATANAM,2013,Whole Year,Coconut,5999,76721000,12788.96483
Andhra Pradesh,VISAKHAPATANAM,2013,Whole Year,Dry ginger,263,740,2.813688213
Andhra Pradesh,VISAKHAPATANAM,2013,Whole Year,Potato,53,762,14.37735849
Andhra Pradesh,VISAKHAPATANAM,2013,Whole Year,Sweet potato,97,851,8.773195876
Andhra Pradesh,VISAKHAPATANAM,2014,Kharif,Arhar/Tur,1965,364,0.18524173
Andhra Pradesh,VISAKHAPATANAM,2014,Kharif,Bajra,2395,2170,0.90605428
Andhra Pradesh,VISAKHAPATANAM,2014,Kharif,Brinjal,964,4619,4.791493776
Andhra Pradesh,VISAKHAPATANAM,2014,Kharif,Cabbage,143,120,0.839160839
Andhra Pradesh,VISAKHAPATANAM,2014,Kharif,Cashewnut,29367,5638,0.1919842
Andhra Pradesh,VISAKHAPATANAM,2014,Kharif,Castor seed,3,2,0.666666667
Andhra Pradesh,VISAKHAPATANAM,2014,Kharif,Cotton(lint),2840,12510,4.404929577
Andhra Pradesh,VISAKHAPATANAM,2014,Kharif,Cowpea(Lobia),415,116,0.279518072
Andhra Pradesh,VISAKHAPATANAM,2014,Kharif,Dry chillies,394,2267,5.753807107
Andhra Pradesh,VISAKHAPATANAM,2014,Kharif,Dry ginger,285,719,2.522807018
Andhra Pradesh,VISAKHAPATANAM,2014,Kharif,Groundnut,1383,1481,1.070860448
Andhra Pradesh,VISAKHAPATANAM,2014,Kharif,Jowar,392,583,1.487244898
Andhra Pradesh,VISAKHAPATANAM,2014,Kharif,Lemon,5,31,6.2
Andhra Pradesh,VISAKHAPATANAM,2014,Kharif,Maize,5894,9224,1.564981337
Andhra Pradesh,VISAKHAPATANAM,2014,Kharif,Mango,13528,37229,2.75199586
Andhra Pradesh,VISAKHAPATANAM,2014,Kharif,Moong(Green Gram),1008,676,0.670634921
Andhra Pradesh,VISAKHAPATANAM,2014,Kharif,Onion,61,1120,18.36065574
Andhra Pradesh,VISAKHAPATANAM,2014,Kharif,Other Kharif pulses,1518,2767,1.822793149
Andhra Pradesh,VISAKHAPATANAM,2014,Kharif,other oilseeds,1907,46283,24.27005768
Andhra Pradesh,VISAKHAPATANAM,2014,Kharif,Papaya,91,7164,78.72527473
Andhra Pradesh,VISAKHAPATANAM,2014,Kharif,Potato,24,415,17.29166667
Andhra Pradesh,VISAKHAPATANAM,2014,Kharif,Ragi,20880,19982,0.956992337
Andhra Pradesh,VISAKHAPATANAM,2014,Kharif,Rice,98190,159755,1.626998676
Andhra Pradesh,VISAKHAPATANAM,2014,Kharif,Sapota,85,711,8.364705882
Andhra Pradesh,VISAKHAPATANAM,2014,Kharif,Sesamum,4039,1034,0.256003961
Andhra Pradesh,VISAKHAPATANAM,2014,Kharif,Small millets,9627,5426,0.563623143
Andhra Pradesh,VISAKHAPATANAM,2014,Kharif,Sugarcane,37535,1814054,48.32966565
Andhra Pradesh,VISAKHAPATANAM,2014,Kharif,Sunflower,10,12,1.2
Andhra Pradesh,VISAKHAPATANAM,2014,Kharif,Tobacco,248,774,3.120967742
Andhra Pradesh,VISAKHAPATANAM,2014,Kharif,Tomato,507,7289,14.37672584
Andhra Pradesh,VISAKHAPATANAM,2014,Kharif,Turmeric,2940,8270,2.81292517
Andhra Pradesh,VISAKHAPATANAM,2014,Kharif,Urad,959,636,0.663190824
Andhra Pradesh,VISAKHAPATANAM,2014,Rabi,Arhar/Tur,4,1,0.25
Andhra Pradesh,VISAKHAPATANAM,2014,Rabi,Brinjal,737,3531,4.791044776
Andhra Pradesh,VISAKHAPATANAM,2014,Rabi,Cabbage,88,74,0.840909091
Andhra Pradesh,VISAKHAPATANAM,2014,Rabi,Cowpea(Lobia),374,117,0.312834225
Andhra Pradesh,VISAKHAPATANAM,2014,Rabi,Dry chillies,601,1316,2.18968386
Andhra Pradesh,VISAKHAPATANAM,2014,Rabi,Gram,87,168,1.931034483
Andhra Pradesh,VISAKHAPATANAM,2014,Rabi,Groundnut,742,2413,3.252021563
Andhra Pradesh,VISAKHAPATANAM,2014,Rabi,Horse-gram,1146,547,0.477312391
Andhra Pradesh,VISAKHAPATANAM,2014,Rabi,Jowar,6,27,4.5
Andhra Pradesh,VISAKHAPATANAM,2014,Rabi,Maize,1297,10411,8.026985351
Andhra Pradesh,VISAKHAPATANAM,2014,Rabi,Moong(Green Gram),3670,3009,0.819891008
Andhra Pradesh,VISAKHAPATANAM,2014,Rabi,Niger seed,7336,2355,0.321019629
Andhra Pradesh,VISAKHAPATANAM,2014,Rabi,Onion,138,2438,17.66666667
Andhra Pradesh,VISAKHAPATANAM,2014,Rabi,Other  Rabi pulses,10344,11740,1.134957463
Andhra Pradesh,VISAKHAPATANAM,2014,Rabi,Potato,27,467,17.2962963
Andhra Pradesh,VISAKHAPATANAM,2014,Rabi,Ragi,241,359,1.489626556
Andhra Pradesh,VISAKHAPATANAM,2014,Rabi,Rice,7238,18052,2.494059132
Andhra Pradesh,VISAKHAPATANAM,2014,Rabi,Sesamum,3227,597,0.185001549
Andhra Pradesh,VISAKHAPATANAM,2014,Rabi,Sunflower,186,179,0.962365591
Andhra Pradesh,VISAKHAPATANAM,2014,Rabi,Sweet potato,48,529,11.02083333
Andhra Pradesh,VISAKHAPATANAM,2014,Rabi,Tobacco,113,340,3.008849558
Andhra Pradesh,VISAKHAPATANAM,2014,Rabi,Tomato,975,13210,13.54871795
Andhra Pradesh,VISAKHAPATANAM,2014,Rabi,Turmeric,3,8,2.666666667
Andhra Pradesh,VISAKHAPATANAM,2014,Rabi,Urad,6257,3322,0.530925364
Andhra Pradesh,VISAKHAPATANAM,2014,Whole Year,Coconut,7416,160779000,21680.01618
Andhra Pradesh,VISAKHAPATANAM,2014,Whole Year,Rice,105428,177807,1.686525401
Andhra Pradesh,VIZIANAGARAM,1997,Kharif,Arhar/Tur,1600,400,0.25
Andhra Pradesh,VIZIANAGARAM,1997,Kharif,Bajra,4500,4600,1.022222222
Andhra Pradesh,VIZIANAGARAM,1997,Kharif,Cotton(lint),4200,10100,2.404761905
Andhra Pradesh,VIZIANAGARAM,1997,Kharif,Dry chillies,300,900,3
Andhra Pradesh,VIZIANAGARAM,1997,Kharif,Groundnut,63800,55200,0.865203762
Andhra Pradesh,VIZIANAGARAM,1997,Kharif,Jowar,600,300,0.5
Andhra Pradesh,VIZIANAGARAM,1997,Kharif,Korra,800,700,0.875
Andhra Pradesh,VIZIANAGARAM,1997,Kharif,Maize,500,800,1.6
Andhra Pradesh,VIZIANAGARAM,1997,Kharif,Mesta,60300,390200,6.470978441
Andhra Pradesh,VIZIANAGARAM,1997,Kharif,Moong(Green Gram),500,200,0.4
Andhra Pradesh,VIZIANAGARAM,1997,Kharif,Ragi,10000,11700,1.17
Andhra Pradesh,VIZIANAGARAM,1997,Kharif,Rice,130500,185600,1.422222222
Andhra Pradesh,VIZIANAGARAM,1997,Kharif,Samai,2000,1200,0.6
Andhra Pradesh,VIZIANAGARAM,1997,Kharif,Sesamum,7300,1700,0.232876712
Andhra Pradesh,VIZIANAGARAM,1997,Kharif,Small millets,1000,100,0.1
Andhra Pradesh,VIZIANAGARAM,1997,Kharif,Sugarcane,10000,601100,60.11
Andhra Pradesh,VIZIANAGARAM,1997,Kharif,Tobacco,1500,2300,1.533333333
Andhra Pradesh,VIZIANAGARAM,1997,Kharif,Urad,500,100,0.2
Andhra Pradesh,VIZIANAGARAM,1997,Rabi,Dry chillies,3300,5700,1.727272727
Andhra Pradesh,VIZIANAGARAM,1997,Rabi,Gram,100,100,1
Andhra Pradesh,VIZIANAGARAM,1997,Rabi,Groundnut,6300,7600,1.206349206
Andhra Pradesh,VIZIANAGARAM,1997,Rabi,Horse-gram,38700,14500,0.374677003
Andhra Pradesh,VIZIANAGARAM,1997,Rabi,Jowar,200,300,1.5
Andhra Pradesh,VIZIANAGARAM,1997,Rabi,Maize,1800,6800,3.777777778
Andhra Pradesh,VIZIANAGARAM,1997,Rabi,Moong(Green Gram),20800,4100,0.197115385
Andhra Pradesh,VIZIANAGARAM,1997,Rabi,Ragi,2300,3500,1.52173913
Andhra Pradesh,VIZIANAGARAM,1997,Rabi,Rice,1000,3200,3.2
Andhra Pradesh,VIZIANAGARAM,1997,Rabi,Sesamum,17200,1600,0.093023256
Andhra Pradesh,VIZIANAGARAM,1997,Rabi,Urad,11100,5300,0.477477477
Andhra Pradesh,VIZIANAGARAM,1998,Kharif,Arhar/Tur,1500,900,0.6
Andhra Pradesh,VIZIANAGARAM,1998,Kharif,Bajra,4100,5400,1.317073171
Andhra Pradesh,VIZIANAGARAM,1998,Kharif,Cotton(lint),13200,10400,0.787878788
Andhra Pradesh,VIZIANAGARAM,1998,Kharif,Dry chillies,300,900,3
Andhra Pradesh,VIZIANAGARAM,1998,Kharif,Groundnut,62300,56700,0.91011236
Andhra Pradesh,VIZIANAGARAM,1998,Kharif,Jowar,600,200,0.333333333
Andhra Pradesh,VIZIANAGARAM,1998,Kharif,Korra,800,600,0.75
Andhra Pradesh,VIZIANAGARAM,1998,Kharif,Maize,800,1700,2.125
Andhra Pradesh,VIZIANAGARAM,1998,Kharif,Mesta,49800,382200,7.674698795
Andhra Pradesh,VIZIANAGARAM,1998,Kharif,Moong(Green Gram),600,400,0.666666667
Andhra Pradesh,VIZIANAGARAM,1998,Kharif,Ragi,9200,12500,1.358695652
Andhra Pradesh,VIZIANAGARAM,1998,Kharif,Rice,133000,295600,2.222556391
Andhra Pradesh,VIZIANAGARAM,1998,Kharif,Samai,1900,1100,0.578947368
Andhra Pradesh,VIZIANAGARAM,1998,Kharif,Sesamum,5600,1000,0.178571429
Andhra Pradesh,VIZIANAGARAM,1998,Kharif,Small millets,2700,1800,0.666666667
Andhra Pradesh,VIZIANAGARAM,1998,Kharif,Urad,600,400,0.666666667
Andhra Pradesh,VIZIANAGARAM,1998,Rabi,Dry chillies,3100,6500,2.096774194
Andhra Pradesh,VIZIANAGARAM,1998,Rabi,Gram,100,300,3
Andhra Pradesh,VIZIANAGARAM,1998,Rabi,Groundnut,6500,6400,0.984615385
Andhra Pradesh,VIZIANAGARAM,1998,Rabi,Horse-gram,37200,7100,0.190860215
Andhra Pradesh,VIZIANAGARAM,1998,Rabi,Maize,1600,7900,4.9375
Andhra Pradesh,VIZIANAGARAM,1998,Rabi,Moong(Green Gram),18700,4400,0.235294118
Andhra Pradesh,VIZIANAGARAM,1998,Rabi,Ragi,2600,5700,2.192307692
Andhra Pradesh,VIZIANAGARAM,1998,Rabi,Rice,3600,13300,3.694444444
Andhra Pradesh,VIZIANAGARAM,1998,Rabi,Sesamum,15500,1500,0.096774194
Andhra Pradesh,VIZIANAGARAM,1998,Rabi,Urad,11000,7200,0.654545455
Andhra Pradesh,VIZIANAGARAM,1998,Whole Year,Sugarcane,11600,720800,62.13793103
Andhra Pradesh,VIZIANAGARAM,1998,Whole Year,Tobacco,2000,3400,1.7
Andhra Pradesh,VIZIANAGARAM,1999,Kharif,Bajra,3910,3715,0.950127877
Andhra Pradesh,VIZIANAGARAM,1999,Kharif,Castor seed,3,1,0.333333333
Andhra Pradesh,VIZIANAGARAM,1999,Kharif,Cotton(lint),10494,17346,1.65294454
Andhra Pradesh,VIZIANAGARAM,1999,Kharif,Groundnut,67553,69107,1.02300416
Andhra Pradesh,VIZIANAGARAM,1999,Kharif,Jowar,361,92,0.254847645
Andhra Pradesh,VIZIANAGARAM,1999,Kharif,Maize,908,2580,2.841409692
Andhra Pradesh,VIZIANAGARAM,1999,Kharif,Masoor,1488,638,0.428763441
Andhra Pradesh,VIZIANAGARAM,1999,Kharif,Moong(Green Gram),379,269,0.709762533
Andhra Pradesh,VIZIANAGARAM,1999,Kharif,Niger seed,473,182,0.384778013
Andhra Pradesh,VIZIANAGARAM,1999,Kharif,Ragi,8439,9342,1.107003199
Andhra Pradesh,VIZIANAGARAM,1999,Kharif,Rice,132185,250846,1.897688845
Andhra Pradesh,VIZIANAGARAM,1999,Kharif,Sesamum,17449,2408,0.138002178
Andhra Pradesh,VIZIANAGARAM,1999,Kharif,Urad,406,248,0.610837438
Andhra Pradesh,VIZIANAGARAM,1999,Rabi,Gram,97,108,1.113402062
Andhra Pradesh,VIZIANAGARAM,1999,Rabi,Groundnut,5876,8444,1.437031995
Andhra Pradesh,VIZIANAGARAM,1999,Rabi,Horse-gram,35591,13560,0.380995195
Andhra Pradesh,VIZIANAGARAM,1999,Rabi,Jowar,34,14,0.411764706
Andhra Pradesh,VIZIANAGARAM,1999,Rabi,Linseed,473,182,0.384778013
Andhra Pradesh,VIZIANAGARAM,1999,Rabi,Maize,2217,10732,4.840775823
Andhra Pradesh,VIZIANAGARAM,1999,Rabi,Moong(Green Gram),19456,6323,0.32498972
Andhra Pradesh,VIZIANAGARAM,1999,Rabi,Ragi,2265,4129,1.822958057
Andhra Pradesh,VIZIANAGARAM,1999,Rabi,Rice,1985,6943,3.497732997
Andhra Pradesh,VIZIANAGARAM,1999,Rabi,Sesamum,4462,1151,0.257956074
Andhra Pradesh,VIZIANAGARAM,1999,Rabi,Urad,10854,7174,0.660954487
Andhra Pradesh,VIZIANAGARAM,1999,Whole Year,Dry chillies,3223,5320,1.650636053
Andhra Pradesh,VIZIANAGARAM,1999,Whole Year,Onion,555,9081,16.36216216
Andhra Pradesh,VIZIANAGARAM,1999,Whole Year,Sugarcane,11231,793278,70.6328911
Andhra Pradesh,VIZIANAGARAM,1999,Whole Year,Tobacco,296,297,1.003378378
Andhra Pradesh,VIZIANAGARAM,2000,Kharif,Arhar/Tur,1304,722,0.553680982
Andhra Pradesh,VIZIANAGARAM,2000,Kharif,Bajra,3619,4082,1.127935894
Andhra Pradesh,VIZIANAGARAM,2000,Kharif,Castor seed,2,1,0.5
Andhra Pradesh,VIZIANAGARAM,2000,Kharif,Cotton(lint),9874,18644,1.888191209
Andhra Pradesh,VIZIANAGARAM,2000,Kharif,Dry chillies,305,842,2.760655738
Andhra Pradesh,VIZIANAGARAM,2000,Kharif,Groundnut,55657,52540,0.943996263
Andhra Pradesh,VIZIANAGARAM,2000,Kharif,Jowar,541,201,0.371534196
Andhra Pradesh,VIZIANAGARAM,2000,Kharif,Korra,808,772,0.955445545
Andhra Pradesh,VIZIANAGARAM,2000,Kharif,Maize,1475,3841,2.604067797
Andhra Pradesh,VIZIANAGARAM,2000,Kharif,Mesta,58199,539957,9.277771096
Andhra Pradesh,VIZIANAGARAM,2000,Kharif,Moong(Green Gram),497,221,0.444668008
Andhra Pradesh,VIZIANAGARAM,2000,Kharif,Niger seed,510,252,0.494117647
Andhra Pradesh,VIZIANAGARAM,2000,Kharif,Onion,107,1493,13.95327103
Andhra Pradesh,VIZIANAGARAM,2000,Kharif,Ragi,8461,8571,1.013000827
Andhra Pradesh,VIZIANAGARAM,2000,Kharif,Rice,129907,214347,1.650003464
Andhra Pradesh,VIZIANAGARAM,2000,Kharif,Samai,3614,2330,0.644714997
Andhra Pradesh,VIZIANAGARAM,2000,Kharif,Sesamum,24814,6675,0.26900137
Andhra Pradesh,VIZIANAGARAM,2000,Kharif,Small millets,4422,3102,0.701492537
Andhra Pradesh,VIZIANAGARAM,2000,Kharif,Urad,329,19,0.05775076
Andhra Pradesh,VIZIANAGARAM,2000,Rabi,Dry chillies,2409,4970,2.063096721
Andhra Pradesh,VIZIANAGARAM,2000,Rabi,Gram,71,169,2.38028169
Andhra Pradesh,VIZIANAGARAM,2000,Rabi,Groundnut,4604,2868,0.622936577
Andhra Pradesh,VIZIANAGARAM,2000,Rabi,Horse-gram,25968,2934,0.112985213
Andhra Pradesh,VIZIANAGARAM,2000,Rabi,Jowar,17,15,0.882352941
Andhra Pradesh,VIZIANAGARAM,2000,Rabi,Maize,1810,9745,5.383977901
Andhra Pradesh,VIZIANAGARAM,2000,Rabi,Moong(Green Gram),14573,6470,0.443971729
Andhra Pradesh,VIZIANAGARAM,2000,Rabi,Onion,421,7401,17.57957245
Andhra Pradesh,VIZIANAGARAM,2000,Rabi,Other  Rabi pulses,20,10,0.5
Andhra Pradesh,VIZIANAGARAM,2000,Rabi,Ragi,1544,2327,1.507124352
Andhra Pradesh,VIZIANAGARAM,2000,Rabi,Rapeseed &Mustard,2,,
Andhra Pradesh,VIZIANAGARAM,2000,Rabi,Rice,2163,5996,2.772075821
Andhra Pradesh,VIZIANAGARAM,2000,Rabi,Sesamum,3589,725,0.20200613
Andhra Pradesh,VIZIANAGARAM,2000,Rabi,Urad,7099,5708,0.804056909
Andhra Pradesh,VIZIANAGARAM,2000,Whole Year,Banana,5985,59183,9.88855472
Andhra Pradesh,VIZIANAGARAM,2000,Whole Year,Cashewnut,8266,1801,0.217880474
Andhra Pradesh,VIZIANAGARAM,2000,Whole Year,Coconut,2962,31704750,10703.83187
Andhra Pradesh,VIZIANAGARAM,2000,Whole Year,Sugarcane,10184,750054,73.65023566
Andhra Pradesh,VIZIANAGARAM,2000,Whole Year,Sweet potato,53,716,13.50943396
Andhra Pradesh,VIZIANAGARAM,2000,Whole Year,Tapioca,203,1567,7.719211823
Andhra Pradesh,VIZIANAGARAM,2000,Whole Year,Tobacco,1709,3987,2.332943242
Andhra Pradesh,VIZIANAGARAM,2000,Whole Year,Turmeric,33,148,4.484848485
Andhra Pradesh,VIZIANAGARAM,2001,Kharif,Arhar/Tur,1313,765,0.582635187
Andhra Pradesh,VIZIANAGARAM,2001,Kharif,Bajra,2724,2956,1.085168869
Andhra Pradesh,VIZIANAGARAM,2001,Kharif,Cotton(lint),15639,40845,2.611739881
Andhra Pradesh,VIZIANAGARAM,2001,Kharif,Dry chillies,228,826,3.622807018
Andhra Pradesh,VIZIANAGARAM,2001,Kharif,Groundnut,46758,36986,0.791009025
Andhra Pradesh,VIZIANAGARAM,2001,Kharif,Jowar,376,215,0.571808511
Andhra Pradesh,VIZIANAGARAM,2001,Kharif,Korra,701,526,0.750356633
Andhra Pradesh,VIZIANAGARAM,2001,Kharif,Maize,1311,3504,2.672768879
Andhra Pradesh,VIZIANAGARAM,2001,Kharif,Mesta,59501,541459,9.099998319
Andhra Pradesh,VIZIANAGARAM,2001,Kharif,Moong(Green Gram),369,178,0.482384824
Andhra Pradesh,VIZIANAGARAM,2001,Kharif,Niger seed,408,161,0.394607843
Andhra Pradesh,VIZIANAGARAM,2001,Kharif,Onion,112,1554,13.875
Andhra Pradesh,VIZIANAGARAM,2001,Kharif,Ragi,6914,6478,0.936939543
Andhra Pradesh,VIZIANAGARAM,2001,Kharif,Rice,106296,199624,1.878001054
Andhra Pradesh,VIZIANAGARAM,2001,Kharif,Samai,3520,1688,0.479545455
Andhra Pradesh,VIZIANAGARAM,2001,Kharif,Sesamum,24350,4261,0.174989733
Andhra Pradesh,VIZIANAGARAM,2001,Kharif,Small millets,4221,2214,0.524520256
Andhra Pradesh,VIZIANAGARAM,2001,Kharif,Urad,310,112,0.361290323
Andhra Pradesh,VIZIANAGARAM,2001,Rabi,Dry chillies,2341,3722,1.589918838
Andhra Pradesh,VIZIANAGARAM,2001,Rabi,Gram,61,114,1.868852459
Andhra Pradesh,VIZIANAGARAM,2001,Rabi,Groundnut,4688,5968,1.273037543
Andhra Pradesh,VIZIANAGARAM,2001,Rabi,Horse-gram,26871,12925,0.481001824
Andhra Pradesh,VIZIANAGARAM,2001,Rabi,Jowar,56,41,0.732142857
Andhra Pradesh,VIZIANAGARAM,2001,Rabi,Maize,3302,21374,6.473046638
Andhra Pradesh,VIZIANAGARAM,2001,Rabi,Moong(Green Gram),19742,6989,0.354016817
Andhra Pradesh,VIZIANAGARAM,2001,Rabi,Onion,408,6453,15.81617647
Andhra Pradesh,VIZIANAGARAM,2001,Rabi,Ragi,2172,3892,1.791896869
Andhra Pradesh,VIZIANAGARAM,2001,Rabi,Rice,3864,10085,2.609989648
Andhra Pradesh,VIZIANAGARAM,2001,Rabi,Sesamum,5277,1409,0.26700777
Andhra Pradesh,VIZIANAGARAM,2001,Rabi,Urad,12038,4683,0.389018109
Andhra Pradesh,VIZIANAGARAM,2001,Whole Year,Banana,6173,77495,12.5538636
Andhra Pradesh,VIZIANAGARAM,2001,Whole Year,Cashewnut,9138,2512,0.274896039
Andhra Pradesh,VIZIANAGARAM,2001,Whole Year,Coconut,3102,34298640,11056.94391
Andhra Pradesh,VIZIANAGARAM,2001,Whole Year,Sugarcane,10614,732143,68.97899001
Andhra Pradesh,VIZIANAGARAM,2001,Whole Year,Sweet potato,54,717,13.27777778
Andhra Pradesh,VIZIANAGARAM,2001,Whole Year,Tapioca,182,1506,8.274725275
Andhra Pradesh,VIZIANAGARAM,2001,Whole Year,Tobacco,1658,2694,1.624849216
Andhra Pradesh,VIZIANAGARAM,2001,Whole Year,Turmeric,33,143,4.333333333
Andhra Pradesh,VIZIANAGARAM,2002,Kharif,Arhar/Tur,1587,555,0.349716446
Andhra Pradesh,VIZIANAGARAM,2002,Kharif,Bajra,3090,2735,0.885113269
Andhra Pradesh,VIZIANAGARAM,2002,Kharif,Cotton(lint),12397,22023,1.77647818
Andhra Pradesh,VIZIANAGARAM,2002,Kharif,Dry chillies,300,593,1.976666667
Andhra Pradesh,VIZIANAGARAM,2002,Kharif,Groundnut,36766,29082,0.791002557
Andhra Pradesh,VIZIANAGARAM,2002,Kharif,Jowar,376,125,0.332446809
Andhra Pradesh,VIZIANAGARAM,2002,Kharif,Korra,1000,1000,1
Andhra Pradesh,VIZIANAGARAM,2002,Kharif,Maize,1990,1928,0.968844221
Andhra Pradesh,VIZIANAGARAM,2002,Kharif,Mesta,61520,502413,8.166661248
Andhra Pradesh,VIZIANAGARAM,2002,Kharif,Moong(Green Gram),513,77,0.150097466
Andhra Pradesh,VIZIANAGARAM,2002,Kharif,Niger seed,464,232,0.5
Andhra Pradesh,VIZIANAGARAM,2002,Kharif,Onion,130,1554,11.95384615
Andhra Pradesh,VIZIANAGARAM,2002,Kharif,Ragi,6909,5700,0.825010855
Andhra Pradesh,VIZIANAGARAM,2002,Kharif,Rice,93995,115426,1.228001489
Andhra Pradesh,VIZIANAGARAM,2002,Kharif,Sesamum,13975,1593,0.113989267
Andhra Pradesh,VIZIANAGARAM,2002,Kharif,Small millets,3658,1893,0.517495899
Andhra Pradesh,VIZIANAGARAM,2002,Kharif,Urad,447,23,0.051454139
Andhra Pradesh,VIZIANAGARAM,2002,Rabi,Dry chillies,2027,2461,1.214109521
Andhra Pradesh,VIZIANAGARAM,2002,Rabi,Gram,322,422,1.310559006
Andhra Pradesh,VIZIANAGARAM,2002,Rabi,Groundnut,2806,2660,0.947968639
Andhra Pradesh,VIZIANAGARAM,2002,Rabi,Horse-gram,22581,5126,0.227005004
Andhra Pradesh,VIZIANAGARAM,2002,Rabi,Jowar,20,16,0.8
Andhra Pradesh,VIZIANAGARAM,2002,Rabi,Maize,2817,19522,6.930067448
Andhra Pradesh,VIZIANAGARAM,2002,Rabi,Moong(Green Gram),12797,2483,0.194029851
Andhra Pradesh,VIZIANAGARAM,2002,Rabi,Onion,354,4457,12.59039548
Andhra Pradesh,VIZIANAGARAM,2002,Rabi,other oilseeds,707,877,1.240452617
Andhra Pradesh,VIZIANAGARAM,2002,Rabi,Ragi,1042,1211,1.1621881
Andhra Pradesh,VIZIANAGARAM,2002,Rabi,Rice,594,1558,2.622895623
Andhra Pradesh,VIZIANAGARAM,2002,Rabi,Sesamum,3864,811,0.209886128
Andhra Pradesh,VIZIANAGARAM,2002,Rabi,Urad,6986,1523,0.218007443
Andhra Pradesh,VIZIANAGARAM,2002,Whole Year,Arecanut,8,12,1.5
Andhra Pradesh,VIZIANAGARAM,2002,Whole Year,Banana,4684,97277,20.76793339
Andhra Pradesh,VIZIANAGARAM,2002,Whole Year,Beans & Mutter(Vegetable),419,2111,5.038186158
Andhra Pradesh,VIZIANAGARAM,2002,Whole Year,Bhindi,494,3243,6.564777328
Andhra Pradesh,VIZIANAGARAM,2002,Whole Year,Bottle Gourd,102,0,0
Andhra Pradesh,VIZIANAGARAM,2002,Whole Year,Brinjal,1167,17197,14.73607541
Andhra Pradesh,VIZIANAGARAM,2002,Whole Year,Cabbage,147,0,0
Andhra Pradesh,VIZIANAGARAM,2002,Whole Year,Cashewnut,10741,1335,0.124290103
Andhra Pradesh,VIZIANAGARAM,2002,Whole Year,Citrus Fruit,1,5,5
Andhra Pradesh,VIZIANAGARAM,2002,Whole Year,Coconut,3169,35663076,11253.73178
Andhra Pradesh,VIZIANAGARAM,2002,Whole Year,Cucumber,21,0,0
Andhra Pradesh,VIZIANAGARAM,2002,Whole Year,Dry ginger,8,13,1.625
Andhra Pradesh,VIZIANAGARAM,2002,Whole Year,Mango,34738,60502,1.741666187
Andhra Pradesh,VIZIANAGARAM,2002,Whole Year,Orange,49,879,17.93877551
Andhra Pradesh,VIZIANAGARAM,2002,Whole Year,Other Fresh Fruits,116,483,4.163793103
Andhra Pradesh,VIZIANAGARAM,2002,Whole Year,Other Vegetables,727,0,0
Andhra Pradesh,VIZIANAGARAM,2002,Whole Year,Papaya,8,1044,130.5
Andhra Pradesh,VIZIANAGARAM,2002,Whole Year,Pome Fruit,301,2280,7.574750831
Andhra Pradesh,VIZIANAGARAM,2002,Whole Year,Sugarcane,13400,579550,43.25
Andhra Pradesh,VIZIANAGARAM,2002,Whole Year,Sweet potato,44,475,10.79545455
Andhra Pradesh,VIZIANAGARAM,2002,Whole Year,Tapioca,226,1368,6.053097345
Andhra Pradesh,VIZIANAGARAM,2002,Whole Year,Tobacco,1577,3553,2.253012048
Andhra Pradesh,VIZIANAGARAM,2002,Whole Year,Tomato,605,4127,6.821487603
Andhra Pradesh,VIZIANAGARAM,2002,Whole Year,Turmeric,63,338,5.365079365
Andhra Pradesh,VIZIANAGARAM,2003,Kharif,Arhar/Tur,1871,791,0.422768573
Andhra Pradesh,VIZIANAGARAM,2003,Kharif,Bajra,1565,2038,1.302236422
Andhra Pradesh,VIZIANAGARAM,2003,Kharif,Castor seed,8,3,0.375
Andhra Pradesh,VIZIANAGARAM,2003,Kharif,Cotton(lint),19471,26801,1.376457295
Andhra Pradesh,VIZIANAGARAM,2003,Kharif,Dry chillies,235,1035,4.404255319
Andhra Pradesh,VIZIANAGARAM,2003,Kharif,Groundnut,42798,36079,0.843006683
Andhra Pradesh,VIZIANAGARAM,2003,Kharif,Jowar,256,757,2.95703125
Andhra Pradesh,VIZIANAGARAM,2003,Kharif,Korra,537,584,1.087523277
Andhra Pradesh,VIZIANAGARAM,2003,Kharif,Maize,4318,7410,1.716072256
Andhra Pradesh,VIZIANAGARAM,2003,Kharif,Mesta,46206,388387,8.405553391
Andhra Pradesh,VIZIANAGARAM,2003,Kharif,Moong(Green Gram),1309,712,0.543926662
Andhra Pradesh,VIZIANAGARAM,2003,Kharif,Niger seed,371,146,0.393530997
Andhra Pradesh,VIZIANAGARAM,2003,Kharif,Onion,105,1532,14.59047619
Andhra Pradesh,VIZIANAGARAM,2003,Kharif,Ragi,6710,9032,1.346050671
Andhra Pradesh,VIZIANAGARAM,2003,Kharif,Rice,108694,228366,2.100999135
Andhra Pradesh,VIZIANAGARAM,2003,Kharif,Samai,1250,521,0.4168
Andhra Pradesh,VIZIANAGARAM,2003,Kharif,Sesamum,6785,1079,0.159027266
Andhra Pradesh,VIZIANAGARAM,2003,Kharif,Small millets,3364,2185,0.649524376
Andhra Pradesh,VIZIANAGARAM,2003,Kharif,Urad,1541,949,0.615833874
Andhra Pradesh,VIZIANAGARAM,2003,Rabi,Dry chillies,2081,2620,1.259010091
Andhra Pradesh,VIZIANAGARAM,2003,Rabi,Gram,178,319,1.792134831
Andhra Pradesh,VIZIANAGARAM,2003,Rabi,Groundnut,4266,5861,1.373886545
Andhra Pradesh,VIZIANAGARAM,2003,Rabi,Horse-gram,26889,11616,0.431998215
Andhra Pradesh,VIZIANAGARAM,2003,Rabi,Jowar,38,71,1.868421053
Andhra Pradesh,VIZIANAGARAM,2003,Rabi,Maize,7265,35591,4.898967653
Andhra Pradesh,VIZIANAGARAM,2003,Rabi,Moong(Green Gram),19958,6626,0.331997194
Andhra Pradesh,VIZIANAGARAM,2003,Rabi,Onion,290,3191,11.00344828
Andhra Pradesh,VIZIANAGARAM,2003,Rabi,other oilseeds,680,,
Andhra Pradesh,VIZIANAGARAM,2003,Rabi,Ragi,2052,3587,1.748050682
Andhra Pradesh,VIZIANAGARAM,2003,Rabi,Rice,4382,10679,2.437015062
Andhra Pradesh,VIZIANAGARAM,2003,Rabi,Sesamum,6108,1185,0.194007859
Andhra Pradesh,VIZIANAGARAM,2003,Rabi,Urad,12120,3891,0.321039604
Andhra Pradesh,VIZIANAGARAM,2003,Whole Year,Arecanut,12,9,0.75
Andhra Pradesh,VIZIANAGARAM,2003,Whole Year,Banana,4645,106645,22.9590958
Andhra Pradesh,VIZIANAGARAM,2003,Whole Year,Beans & Mutter(Vegetable),456,3121,6.844298246
Andhra Pradesh,VIZIANAGARAM,2003,Whole Year,Bhindi,566,3898,6.886925795
Andhra Pradesh,VIZIANAGARAM,2003,Whole Year,Bottle Gourd,73,0,0
Andhra Pradesh,VIZIANAGARAM,2003,Whole Year,Brinjal,1195,19804,16.57238494
Andhra Pradesh,VIZIANAGARAM,2003,Whole Year,Cabbage,139,0,0
Andhra Pradesh,VIZIANAGARAM,2003,Whole Year,Cashewnut,11179,2996,0.268002505
Andhra Pradesh,VIZIANAGARAM,2003,Whole Year,Citrus Fruit,3,18,6
Andhra Pradesh,VIZIANAGARAM,2003,Whole Year,Coconut,3153,37285560,11825.42341
Andhra Pradesh,VIZIANAGARAM,2003,Whole Year,Cucumber,15,0,0
Andhra Pradesh,VIZIANAGARAM,2003,Whole Year,Dry ginger,8,23,2.875
Andhra Pradesh,VIZIANAGARAM,2003,Whole Year,Mango,35162,78804,2.241169444
Andhra Pradesh,VIZIANAGARAM,2003,Whole Year,Orange,41,619,15.09756098
Andhra Pradesh,VIZIANAGARAM,2003,Whole Year,Other Fresh Fruits,132,506,3.833333333
Andhra Pradesh,VIZIANAGARAM,2003,Whole Year,Other Vegetables,626,0,0
Andhra Pradesh,VIZIANAGARAM,2003,Whole Year,Papaya,2,182,91
Andhra Pradesh,VIZIANAGARAM,2003,Whole Year,Pome Fruit,287,2485,8.658536585
Andhra Pradesh,VIZIANAGARAM,2003,Whole Year,Sugarcane,13501,668907,49.54499667
Andhra Pradesh,VIZIANAGARAM,2003,Whole Year,Sweet potato,38,275,7.236842105
Andhra Pradesh,VIZIANAGARAM,2003,Whole Year,Tapioca,174,1092,6.275862069
Andhra Pradesh,VIZIANAGARAM,2003,Whole Year,Tobacco,1782,3796,2.130190797
Andhra Pradesh,VIZIANAGARAM,2003,Whole Year,Tomato,553,5329,9.636528029
Andhra Pradesh,VIZIANAGARAM,2003,Whole Year,Turmeric,46,284,6.173913043
Andhra Pradesh,VIZIANAGARAM,2004,Kharif,Arhar/Tur,1853,1227,0.662169455
Andhra Pradesh,VIZIANAGARAM,2004,Kharif,Bajra,1693,1297,0.766095688
Andhra Pradesh,VIZIANAGARAM,2004,Kharif,Castor seed,4,2,0.5
Andhra Pradesh,VIZIANAGARAM,2004,Kharif,Cotton(lint),22974,38650,1.682336554
Andhra Pradesh,VIZIANAGARAM,2004,Kharif,Dry chillies,254,1051,4.137795276
Andhra Pradesh,VIZIANAGARAM,2004,Kharif,Groundnut,45050,36445,0.808990011
Andhra Pradesh,VIZIANAGARAM,2004,Kharif,Jowar,308,165,0.535714286
Andhra Pradesh,VIZIANAGARAM,2004,Kharif,Maize,3796,17712,4.665964173
Andhra Pradesh,VIZIANAGARAM,2004,Kharif,Mesta,41747,374100,8.961122955
Andhra Pradesh,VIZIANAGARAM,2004,Kharif,Moong(Green Gram),876,326,0.372146119
Andhra Pradesh,VIZIANAGARAM,2004,Kharif,Niger seed,447,332,0.742729306
Andhra Pradesh,VIZIANAGARAM,2004,Kharif,Onion,114,1934,16.96491228
Andhra Pradesh,VIZIANAGARAM,2004,Kharif,Ragi,6096,7260,1.190944882
Andhra Pradesh,VIZIANAGARAM,2004,Kharif,Rice,125205,291352,2.32699972
Andhra Pradesh,VIZIANAGARAM,2004,Kharif,Sesamum,18766,2252,0.120004263
Andhra Pradesh,VIZIANAGARAM,2004,Kharif,Small millets,4187,2229,0.532362073
Andhra Pradesh,VIZIANAGARAM,2004,Kharif,Sunflower,2,2,1
Andhra Pradesh,VIZIANAGARAM,2004,Kharif,Urad,671,323,0.481371088
Andhra Pradesh,VIZIANAGARAM,2004,Rabi,Dry chillies,2157,3973,1.84191006
Andhra Pradesh,VIZIANAGARAM,2004,Rabi,Gram,99,151,1.525252525
Andhra Pradesh,VIZIANAGARAM,2004,Rabi,Groundnut,3618,2753,0.760917634
Andhra Pradesh,VIZIANAGARAM,2004,Rabi,Horse-gram,22482,6340,0.28200338
Andhra Pradesh,VIZIANAGARAM,2004,Rabi,Jowar,41,77,1.87804878
Andhra Pradesh,VIZIANAGARAM,2004,Rabi,Maize,4844,18228,3.76300578
Andhra Pradesh,VIZIANAGARAM,2004,Rabi,Moong(Green Gram),18247,4215,0.230996876
Andhra Pradesh,VIZIANAGARAM,2004,Rabi,Onion,305,5344,17.52131148
Andhra Pradesh,VIZIANAGARAM,2004,Rabi,Ragi,1070,1553,1.451401869
Andhra Pradesh,VIZIANAGARAM,2004,Rabi,Rice,2370,3979,1.678902954
Andhra Pradesh,VIZIANAGARAM,2004,Rabi,Sesamum,4325,1133,0.261965318
Andhra Pradesh,VIZIANAGARAM,2004,Rabi,Sunflower,2,2,1
Andhra Pradesh,VIZIANAGARAM,2004,Rabi,Urad,13099,4179,0.319031987
Andhra Pradesh,VIZIANAGARAM,2004,Whole Year,Banana,5591,136806,24.46896798
Andhra Pradesh,VIZIANAGARAM,2004,Whole Year,Cashewnut,11434,2445,0.213835928
Andhra Pradesh,VIZIANAGARAM,2004,Whole Year,Coconut,3084,36243114,11751.98249
Andhra Pradesh,VIZIANAGARAM,2004,Whole Year,Dry ginger,16,44,2.75
Andhra Pradesh,VIZIANAGARAM,2004,Whole Year,Sugarcane,15635,969636,62.01701311
Andhra Pradesh,VIZIANAGARAM,2004,Whole Year,Sweet potato,32,293,9.15625
Andhra Pradesh,VIZIANAGARAM,2004,Whole Year,Tapioca,156,1138,7.294871795
Andhra Pradesh,VIZIANAGARAM,2004,Whole Year,Tobacco,1673,3565,2.13090257
Andhra Pradesh,VIZIANAGARAM,2004,Whole Year,Turmeric,35,283,8.085714286
Andhra Pradesh,VIZIANAGARAM,2005,Kharif,Arhar/Tur,1507,913,0.605839416
Andhra Pradesh,VIZIANAGARAM,2005,Kharif,Bajra,973,683,0.701952724
Andhra Pradesh,VIZIANAGARAM,2005,Kharif,Castor seed,8,3,0.375
Andhra Pradesh,VIZIANAGARAM,2005,Kharif,Cotton(lint),17734,13874,0.78233901
Andhra Pradesh,VIZIANAGARAM,2005,Kharif,Dry chillies,286,1199,4.192307692
Andhra Pradesh,VIZIANAGARAM,2005,Kharif,Groundnut,37883,36898,0.973998891
Andhra Pradesh,VIZIANAGARAM,2005,Kharif,Jowar,339,188,0.554572271
Andhra Pradesh,VIZIANAGARAM,2005,Kharif,Maize,3609,14970,4.147963425
Andhra Pradesh,VIZIANAGARAM,2005,Kharif,Mesta,38958,382005,9.805559834
Andhra Pradesh,VIZIANAGARAM,2005,Kharif,Moong(Green Gram),790,547,0.692405063
Andhra Pradesh,VIZIANAGARAM,2005,Kharif,Niger seed,571,398,0.697022767
Andhra Pradesh,VIZIANAGARAM,2005,Kharif,Onion,91,1706,18.74725275
Andhra Pradesh,VIZIANAGARAM,2005,Kharif,Ragi,5624,7272,1.293029872
Andhra Pradesh,VIZIANAGARAM,2005,Kharif,Rice,94336,131127,1.389999576
Andhra Pradesh,VIZIANAGARAM,2005,Kharif,Sesamum,16139,2050,0.127021501
Andhra Pradesh,VIZIANAGARAM,2005,Kharif,Small millets,4190,2349,0.560620525
Andhra Pradesh,VIZIANAGARAM,2005,Kharif,Urad,773,266,0.344113842
Andhra Pradesh,VIZIANAGARAM,2005,Rabi,Dry chillies,1946,2191,1.125899281
Andhra Pradesh,VIZIANAGARAM,2005,Rabi,Gram,93,178,1.913978495
Andhra Pradesh,VIZIANAGARAM,2005,Rabi,Groundnut,3626,2694,0.742967457
Andhra Pradesh,VIZIANAGARAM,2005,Rabi,Horse-gram,17987,6026,0.335019736
Andhra Pradesh,VIZIANAGARAM,2005,Rabi,Jowar,37,108,2.918918919
Andhra Pradesh,VIZIANAGARAM,2005,Rabi,Maize,5692,22580,3.966971188
Andhra Pradesh,VIZIANAGARAM,2005,Rabi,Moong(Green Gram),14680,5050,0.34400545
Andhra Pradesh,VIZIANAGARAM,2005,Rabi,Onion,416,8233,19.79086538
Andhra Pradesh,VIZIANAGARAM,2005,Rabi,Ragi,1184,1990,1.680743243
Andhra Pradesh,VIZIANAGARAM,2005,Rabi,Rice,3750,9529,2.541066667
Andhra Pradesh,VIZIANAGARAM,2005,Rabi,Sesamum,4274,1385,0.32405241
Andhra Pradesh,VIZIANAGARAM,2005,Rabi,Urad,10010,3704,0.37002997
Andhra Pradesh,VIZIANAGARAM,2005,Whole Year,Arecanut,10,8,0.8
Andhra Pradesh,VIZIANAGARAM,2005,Whole Year,Banana,5246,127446,24.29393824
Andhra Pradesh,VIZIANAGARAM,2005,Whole Year,Cashewnut,11686,3112,0.266301557
Andhra Pradesh,VIZIANAGARAM,2005,Whole Year,Coconut,3048,26596248,8725.80315
Andhra Pradesh,VIZIANAGARAM,2005,Whole Year,Dry ginger,14,39,2.785714286
Andhra Pradesh,VIZIANAGARAM,2005,Whole Year,Sugarcane,18077,893401,49.42197267
Andhra Pradesh,VIZIANAGARAM,2005,Whole Year,Sunflower,2,2,1
Andhra Pradesh,VIZIANAGARAM,2005,Whole Year,Sweet potato,38,368,9.684210526
Andhra Pradesh,VIZIANAGARAM,2005,Whole Year,Tapioca,76,627,8.25
Andhra Pradesh,VIZIANAGARAM,2005,Whole Year,Tobacco,1976,4462,2.258097166
Andhra Pradesh,VIZIANAGARAM,2005,Whole Year,Turmeric,110,690,6.272727273
Andhra Pradesh,VIZIANAGARAM,2006,Kharif,Arhar/Tur,1482,713,0.481106613
Andhra Pradesh,VIZIANAGARAM,2006,Kharif,Bajra,1609,1878,1.167184587
Andhra Pradesh,VIZIANAGARAM,2006,Kharif,Castor seed,2,1,0.5
Andhra Pradesh,VIZIANAGARAM,2006,Kharif,Cotton(lint),11062,11452,1.035255831
Andhra Pradesh,VIZIANAGARAM,2006,Kharif,Dry chillies,228,1026,4.5
Andhra Pradesh,VIZIANAGARAM,2006,Kharif,Groundnut,36733,32362,0.88100618
Andhra Pradesh,VIZIANAGARAM,2006,Kharif,Jowar,391,291,0.744245524
Andhra Pradesh,VIZIANAGARAM,2006,Kharif,Maize,2920,8903,3.048972603
Andhra Pradesh,VIZIANAGARAM,2006,Kharif,Mesta,46897,437705,9.333326226
Andhra Pradesh,VIZIANAGARAM,2006,Kharif,Moong(Green Gram),823,320,0.388821385
Andhra Pradesh,VIZIANAGARAM,2006,Kharif,Niger seed,502,303,0.603585657
Andhra Pradesh,VIZIANAGARAM,2006,Kharif,Onion,457,7663,16.76805252
Andhra Pradesh,VIZIANAGARAM,2006,Kharif,Ragi,4184,5468,1.306883365
Andhra Pradesh,VIZIANAGARAM,2006,Kharif,Rice,117452,281532,2.39699622
Andhra Pradesh,VIZIANAGARAM,2006,Kharif,Sesamum,14603,2570,0.175991235
Andhra Pradesh,VIZIANAGARAM,2006,Kharif,Small millets,2785,2014,0.723159785
Andhra Pradesh,VIZIANAGARAM,2006,Kharif,Urad,702,269,0.383190883
Andhra Pradesh,VIZIANAGARAM,2006,Rabi,Dry chillies,1881,3104,1.650186071
Andhra Pradesh,VIZIANAGARAM,2006,Rabi,Gram,165,315,1.909090909
Andhra Pradesh,VIZIANAGARAM,2006,Rabi,Groundnut,3550,5211,1.467887324
Andhra Pradesh,VIZIANAGARAM,2006,Rabi,Horse-gram,19884,9723,0.488986119
Andhra Pradesh,VIZIANAGARAM,2006,Rabi,Jowar,29,63,2.172413793
Andhra Pradesh,VIZIANAGARAM,2006,Rabi,Maize,8671,32100,3.701995156
Andhra Pradesh,VIZIANAGARAM,2006,Rabi,Moong(Green Gram),18605,8875,0.477022306
Andhra Pradesh,VIZIANAGARAM,2006,Rabi,Onion,398,4747,11.92713568
Andhra Pradesh,VIZIANAGARAM,2006,Rabi,Ragi,1410,2314,1.641134752
Andhra Pradesh,VIZIANAGARAM,2006,Rabi,Rice,1000,1803,1.803
Andhra Pradesh,VIZIANAGARAM,2006,Rabi,Sesamum,1523,442,0.290216678
Andhra Pradesh,VIZIANAGARAM,2006,Rabi,Urad,11557,5686,0.491996193
Andhra Pradesh,VIZIANAGARAM,2006,Whole Year,Arecanut,10,7,0.7
Andhra Pradesh,VIZIANAGARAM,2006,Whole Year,Banana,5137,103233,20.09597041
Andhra Pradesh,VIZIANAGARAM,2006,Whole Year,Cashewnut,11686,3083,0.263819956
Andhra Pradesh,VIZIANAGARAM,2006,Whole Year,Coconut,3048,39242347,12874.78576
Andhra Pradesh,VIZIANAGARAM,2006,Whole Year,Dry ginger,34,96,2.823529412
Andhra Pradesh,VIZIANAGARAM,2006,Whole Year,Sugarcane,20695,1141847,55.17501812
Andhra Pradesh,VIZIANAGARAM,2006,Whole Year,Sunflower,39,32,0.820512821
Andhra Pradesh,VIZIANAGARAM,2006,Whole Year,Sweet potato,38,410,10.78947368
Andhra Pradesh,VIZIANAGARAM,2006,Whole Year,Tapioca,69,732,10.60869565
Andhra Pradesh,VIZIANAGARAM,2006,Whole Year,Tobacco,1241,2688,2.165995165
Andhra Pradesh,VIZIANAGARAM,2006,Whole Year,Turmeric,155,911,5.877419355
Andhra Pradesh,VIZIANAGARAM,2007,Kharif,Arhar/Tur,2000,1000,0.5
Andhra Pradesh,VIZIANAGARAM,2007,Kharif,Bajra,2000,2000,1
Andhra Pradesh,VIZIANAGARAM,2007,Kharif,Cotton(lint),7000,7000,1
Andhra Pradesh,VIZIANAGARAM,2007,Kharif,Groundnut,33000,38000,1.151515152
Andhra Pradesh,VIZIANAGARAM,2007,Kharif,Jowar,1000,1000,1
Andhra Pradesh,VIZIANAGARAM,2007,Kharif,Maize,4000,15000,3.75
Andhra Pradesh,VIZIANAGARAM,2007,Kharif,Mesta,43000,404000,9.395348837
Andhra Pradesh,VIZIANAGARAM,2007,Kharif,Moong(Green Gram),1000,1000,1
Andhra Pradesh,VIZIANAGARAM,2007,Kharif,Ragi,3000,4000,1.333333333
Andhra Pradesh,VIZIANAGARAM,2007,Kharif,Rice,124000,362000,2.919354839
Andhra Pradesh,VIZIANAGARAM,2007,Kharif,Sesamum,25000,2000,0.08
Andhra Pradesh,VIZIANAGARAM,2007,Kharif,Small millets,3000,2000,0.666666667
Andhra Pradesh,VIZIANAGARAM,2007,Kharif,Urad,1000,1000,1
Andhra Pradesh,VIZIANAGARAM,2007,Rabi,Dry chillies,2000,2000,1
Andhra Pradesh,VIZIANAGARAM,2007,Rabi,Groundnut,3000,8000,2.666666667
Andhra Pradesh,VIZIANAGARAM,2007,Rabi,Horse-gram,17000,8000,0.470588235
Andhra Pradesh,VIZIANAGARAM,2007,Rabi,Maize,7000,30000,4.285714286
Andhra Pradesh,VIZIANAGARAM,2007,Rabi,Moong(Green Gram),19000,6000,0.315789474
Andhra Pradesh,VIZIANAGARAM,2007,Rabi,Ragi,2000,2000,1
Andhra Pradesh,VIZIANAGARAM,2007,Rabi,Rice,3000,7000,2.333333333
Andhra Pradesh,VIZIANAGARAM,2007,Rabi,Sesamum,5000,1000,0.2
Andhra Pradesh,VIZIANAGARAM,2007,Rabi,Urad,16000,7000,0.4375
Andhra Pradesh,VIZIANAGARAM,2007,Whole Year,Sugarcane,22000,1246000,56.63636364
Andhra Pradesh,VIZIANAGARAM,2007,Whole Year,Tobacco,1000,2000,2
Andhra Pradesh,VIZIANAGARAM,2008,Kharif,Arhar/Tur,1878,896,0.477103301
Andhra Pradesh,VIZIANAGARAM,2008,Kharif,Bajra,1351,1374,1.017024426
Andhra Pradesh,VIZIANAGARAM,2008,Kharif,Castor seed,2,1,0.5
Andhra Pradesh,VIZIANAGARAM,2008,Kharif,Cotton(lint),6798,6358,0.935275081
Andhra Pradesh,VIZIANAGARAM,2008,Kharif,Dry chillies,296,1322,4.466216216
Andhra Pradesh,VIZIANAGARAM,2008,Kharif,Groundnut,34582,31815,0.919987277
Andhra Pradesh,VIZIANAGARAM,2008,Kharif,Jowar,501,1280,2.55489022
Andhra Pradesh,VIZIANAGARAM,2008,Kharif,Maize,7861,21964,2.794046559
Andhra Pradesh,VIZIANAGARAM,2008,Kharif,Mesta,27918,227532,8.150010746
Andhra Pradesh,VIZIANAGARAM,2008,Kharif,Moong(Green Gram),1863,734,0.393988191
Andhra Pradesh,VIZIANAGARAM,2008,Kharif,Niger seed,207,111,0.536231884
Andhra Pradesh,VIZIANAGARAM,2008,Kharif,Onion,215,3613,16.80465116
Andhra Pradesh,VIZIANAGARAM,2008,Kharif,Ragi,3472,2590,0.745967742
Andhra Pradesh,VIZIANAGARAM,2008,Kharif,Rice,128964,307966,2.387999752
Andhra Pradesh,VIZIANAGARAM,2008,Kharif,Sesamum,17262,1778,0.103000811
Andhra Pradesh,VIZIANAGARAM,2008,Kharif,Small millets,2246,1285,0.572128228
Andhra Pradesh,VIZIANAGARAM,2008,Kharif,Urad,1672,607,0.363038278
Andhra Pradesh,VIZIANAGARAM,2008,Rabi,Dry chillies,1507,1735,1.151293962
Andhra Pradesh,VIZIANAGARAM,2008,Rabi,Gram,214,373,1.742990654
Andhra Pradesh,VIZIANAGARAM,2008,Rabi,Groundnut,3649,8707,2.386133187
Andhra Pradesh,VIZIANAGARAM,2008,Rabi,Horse-gram,14920,4431,0.296983914
Andhra Pradesh,VIZIANAGARAM,2008,Rabi,Jowar,42,198,4.714285714
Andhra Pradesh,VIZIANAGARAM,2008,Rabi,Maize,7789,33765,4.334959558
Andhra Pradesh,VIZIANAGARAM,2008,Rabi,Moong(Green Gram),14514,4557,0.313972716
Andhra Pradesh,VIZIANAGARAM,2008,Rabi,Onion,321,3090,9.626168224
Andhra Pradesh,VIZIANAGARAM,2008,Rabi,Ragi,586,933,1.592150171
Andhra Pradesh,VIZIANAGARAM,2008,Rabi,Rice,1695,4043,2.385250737
Andhra Pradesh,VIZIANAGARAM,2008,Rabi,Sesamum,1737,207,0.119170984
Andhra Pradesh,VIZIANAGARAM,2008,Rabi,Urad,13338,7016,0.526015894
Andhra Pradesh,VIZIANAGARAM,2008,Whole Year,Arecanut,5,5,1
Andhra Pradesh,VIZIANAGARAM,2008,Whole Year,Banana,7735,135293,17.49101487
Andhra Pradesh,VIZIANAGARAM,2008,Whole Year,Cashewnut,14874,4344,0.292053247
Andhra Pradesh,VIZIANAGARAM,2008,Whole Year,Coconut,2992,27323308,9132.121658
Andhra Pradesh,VIZIANAGARAM,2008,Whole Year,Dry ginger,33,79,2.393939394
Andhra Pradesh,VIZIANAGARAM,2008,Whole Year,Sugarcane,15900,836945,52.63805031
Andhra Pradesh,VIZIANAGARAM,2008,Whole Year,Sunflower,54,55,1.018518519
Andhra Pradesh,VIZIANAGARAM,2008,Whole Year,Sweet potato,20,272,13.6
Andhra Pradesh,VIZIANAGARAM,2008,Whole Year,Tapioca,29,360,12.4137931
Andhra Pradesh,VIZIANAGARAM,2008,Whole Year,Tobacco,1806,4540,2.513842746
Andhra Pradesh,VIZIANAGARAM,2008,Whole Year,Turmeric,221,1519,6.873303167
Andhra Pradesh,VIZIANAGARAM,2009,Kharif,Arhar/Tur,1894,1254,0.662090813
Andhra Pradesh,VIZIANAGARAM,2009,Kharif,Bajra,846,890,1.052009456
Andhra Pradesh,VIZIANAGARAM,2009,Kharif,Castor seed,1,1,1
Andhra Pradesh,VIZIANAGARAM,2009,Kharif,Cotton(lint),8808,15129,1.717643052
Andhra Pradesh,VIZIANAGARAM,2009,Kharif,Dry chillies,269,1290,4.795539033
Andhra Pradesh,VIZIANAGARAM,2009,Kharif,Groundnut,27430,25455,0.927998542
Andhra Pradesh,VIZIANAGARAM,2009,Kharif,Jowar,440,519,1.179545455
Andhra Pradesh,VIZIANAGARAM,2009,Kharif,Maize,7618,29428,3.862956156
Andhra Pradesh,VIZIANAGARAM,2009,Kharif,Mesta,16496,129860,7.872211445
Andhra Pradesh,VIZIANAGARAM,2009,Kharif,Moong(Green Gram),1956,348,0.17791411
Andhra Pradesh,VIZIANAGARAM,2009,Kharif,Niger seed,106,48,0.452830189
Andhra Pradesh,VIZIANAGARAM,2009,Kharif,Onion,165,2672,16.19393939
Andhra Pradesh,VIZIANAGARAM,2009,Kharif,Ragi,2724,4195,1.540014684
Andhra Pradesh,VIZIANAGARAM,2009,Kharif,Rice,104550,229801,2.198000956
Andhra Pradesh,VIZIANAGARAM,2009,Kharif,Sesamum,10552,2712,0.257012889
Andhra Pradesh,VIZIANAGARAM,2009,Kharif,Small millets,1822,1474,0.809001098
Andhra Pradesh,VIZIANAGARAM,2009,Kharif,Urad,2022,596,0.294757666
Andhra Pradesh,VIZIANAGARAM,2009,Rabi,Arhar/Tur,120,79,0.658333333
Andhra Pradesh,VIZIANAGARAM,2009,Rabi,Bajra,5,5,1
Andhra Pradesh,VIZIANAGARAM,2009,Rabi,Dry chillies,1167,1549,1.327335047
Andhra Pradesh,VIZIANAGARAM,2009,Rabi,Gram,237,389,1.641350211
Andhra Pradesh,VIZIANAGARAM,2009,Rabi,Groundnut,4101,7046,1.718117532
Andhra Pradesh,VIZIANAGARAM,2009,Rabi,Horse-gram,13515,8177,0.605031447
Andhra Pradesh,VIZIANAGARAM,2009,Rabi,Jowar,5,17,3.4
Andhra Pradesh,VIZIANAGARAM,2009,Rabi,Maize,9471,34010,3.590961884
Andhra Pradesh,VIZIANAGARAM,2009,Rabi,Moong(Green Gram),17129,7091,0.413976298
Andhra Pradesh,VIZIANAGARAM,2009,Rabi,Onion,303,7694,25.39273927
Andhra Pradesh,VIZIANAGARAM,2009,Rabi,Other  Rabi pulses,5,1,0.2
Andhra Pradesh,VIZIANAGARAM,2009,Rabi,Ragi,745,944,1.267114094
Andhra Pradesh,VIZIANAGARAM,2009,Rabi,Rice,3683,9285,2.521042628
Andhra Pradesh,VIZIANAGARAM,2009,Rabi,Sesamum,8709,2081,0.238948214
Andhra Pradesh,VIZIANAGARAM,2009,Rabi,Urad,15759,7722,0.490005711
Andhra Pradesh,VIZIANAGARAM,2009,Whole Year,Arecanut,1,1,1
Andhra Pradesh,VIZIANAGARAM,2009,Whole Year,Banana,7755,145608,18.77601547
Andhra Pradesh,VIZIANAGARAM,2009,Whole Year,Cashewnut,16343,4864,0.297619776
Andhra Pradesh,VIZIANAGARAM,2009,Whole Year,Coconut,3154,35609532,11290.27647
Andhra Pradesh,VIZIANAGARAM,2009,Whole Year,Dry ginger,16,31,1.9375
Andhra Pradesh,VIZIANAGARAM,2009,Whole Year,Sugarcane,12077,614676,50.89641467
Andhra Pradesh,VIZIANAGARAM,2009,Whole Year,Sunflower,41,40,0.975609756
Andhra Pradesh,VIZIANAGARAM,2009,Whole Year,Sweet potato,15,,
Andhra Pradesh,VIZIANAGARAM,2009,Whole Year,Tapioca,5,65,13
Andhra Pradesh,VIZIANAGARAM,2009,Whole Year,Tobacco,1920,4250,2.213541667
Andhra Pradesh,VIZIANAGARAM,2009,Whole Year,Turmeric,192,1197,6.234375
Andhra Pradesh,VIZIANAGARAM,2010,Kharif,Arhar/Tur,2460,1245,0.506097561
Andhra Pradesh,VIZIANAGARAM,2010,Kharif,Bajra,619,355,0.573505654
Andhra Pradesh,VIZIANAGARAM,2010,Kharif,Castor seed,17,7,0.411764706
Andhra Pradesh,VIZIANAGARAM,2010,Kharif,Cotton(lint),11463,10721,0.935269999
Andhra Pradesh,VIZIANAGARAM,2010,Kharif,Dry chillies,210,697,3.319047619
Andhra Pradesh,VIZIANAGARAM,2010,Kharif,Groundnut,22626,24097,1.065013701
Andhra Pradesh,VIZIANAGARAM,2010,Kharif,Jowar,454,657,1.447136564
Andhra Pradesh,VIZIANAGARAM,2010,Kharif,Maize,8265,22373,2.706957048
Andhra Pradesh,VIZIANAGARAM,2010,Kharif,Mesta,19001,174704,9.194463449
Andhra Pradesh,VIZIANAGARAM,2010,Kharif,Moong(Green Gram),1817,452,0.248761695
Andhra Pradesh,VIZIANAGARAM,2010,Kharif,Niger seed,114,64,0.561403509
Andhra Pradesh,VIZIANAGARAM,2010,Kharif,Onion,181,3594,19.85635359
Andhra Pradesh,VIZIANAGARAM,2010,Kharif,Ragi,2474,2360,0.953920776
Andhra Pradesh,VIZIANAGARAM,2010,Kharif,Rice,126290,325213,2.575128672
Andhra Pradesh,VIZIANAGARAM,2010,Kharif,Sesamum,9056,1069,0.118043286
Andhra Pradesh,VIZIANAGARAM,2010,Kharif,Small millets,1806,1461,0.8089701
Andhra Pradesh,VIZIANAGARAM,2010,Kharif,Urad,2075,876,0.422168675
Andhra Pradesh,VIZIANAGARAM,2010,Rabi,Dry chillies,1373,1157,0.842680262
Andhra Pradesh,VIZIANAGARAM,2010,Rabi,Gram,202,336,1.663366337
Andhra Pradesh,VIZIANAGARAM,2010,Rabi,Groundnut,3132,4203,1.341954023
Andhra Pradesh,VIZIANAGARAM,2010,Rabi,Horse-gram,11524,3803,0.330006942
Andhra Pradesh,VIZIANAGARAM,2010,Rabi,Maize,10721,46433,4.331032553
Andhra Pradesh,VIZIANAGARAM,2010,Rabi,Moong(Green Gram),17541,6245,0.356023032
Andhra Pradesh,VIZIANAGARAM,2010,Rabi,Onion,383,5001,13.05744125
Andhra Pradesh,VIZIANAGARAM,2010,Rabi,Ragi,797,1286,1.613550816
Andhra Pradesh,VIZIANAGARAM,2010,Rabi,Rapeseed &Mustard,5,12,2.4
Andhra Pradesh,VIZIANAGARAM,2010,Rabi,Rice,7254,23452,3.23297491
Andhra Pradesh,VIZIANAGARAM,2010,Rabi,Sesamum,6144,1831,0.298014323
Andhra Pradesh,VIZIANAGARAM,2010,Rabi,Urad,17475,7305,0.418025751
Andhra Pradesh,VIZIANAGARAM,2010,Whole Year,Banana,7835,167277,21.34996809
Andhra Pradesh,VIZIANAGARAM,2010,Whole Year,Cashewnut,16477,3948,0.239606725
Andhra Pradesh,VIZIANAGARAM,2010,Whole Year,Dry ginger,28,261,9.321428571
Andhra Pradesh,VIZIANAGARAM,2010,Whole Year,Ginger,28,261,9.321428571
Andhra Pradesh,VIZIANAGARAM,2010,Whole Year,Potato,2,22,11
Andhra Pradesh,VIZIANAGARAM,2010,Whole Year,Sugarcane,15208,972574,63.95147291
Andhra Pradesh,VIZIANAGARAM,2010,Whole Year,Sunflower,123,153,1.243902439
Andhra Pradesh,VIZIANAGARAM,2010,Whole Year,Sweet potato,35,448,12.8
Andhra Pradesh,VIZIANAGARAM,2010,Whole Year,Tapioca,16,105,6.5625
Andhra Pradesh,VIZIANAGARAM,2010,Whole Year,Tobacco,1000,2964,2.964
Andhra Pradesh,VIZIANAGARAM,2010,Whole Year,Turmeric,224,1368,6.107142857
Andhra Pradesh,VIZIANAGARAM,2011,Kharif,Arhar/Tur,1401,743,0.530335475
Andhra Pradesh,VIZIANAGARAM,2011,Kharif,Bajra,146,113,0.773972603
Andhra Pradesh,VIZIANAGARAM,2011,Kharif,Castor seed,4,2,0.5
Andhra Pradesh,VIZIANAGARAM,2011,Kharif,Cotton(lint),11728,15798,1.347032742
Andhra Pradesh,VIZIANAGARAM,2011,Kharif,Dry chillies,148,563,3.804054054
Andhra Pradesh,VIZIANAGARAM,2011,Kharif,Groundnut,17056,20263,1.188027674
Andhra Pradesh,VIZIANAGARAM,2011,Kharif,Jowar,334,718,2.149700599
Andhra Pradesh,VIZIANAGARAM,2011,Kharif,Maize,10420,28176,2.70403071
Andhra Pradesh,VIZIANAGARAM,2011,Kharif,Mesta,19164,152247,7.944427051
Andhra Pradesh,VIZIANAGARAM,2011,Kharif,Moong(Green Gram),1547,903,0.583710407
Andhra Pradesh,VIZIANAGARAM,2011,Kharif,Niger seed,43,15,0.348837209
Andhra Pradesh,VIZIANAGARAM,2011,Kharif,Onion,120,1729,14.40833333
Andhra Pradesh,VIZIANAGARAM,2011,Kharif,other oilseeds,3533,80782,22.86498726
Andhra Pradesh,VIZIANAGARAM,2011,Kharif,Ragi,1387,720,0.519105984
Andhra Pradesh,VIZIANAGARAM,2011,Kharif,Rice,123491,265106,2.146763732
Andhra Pradesh,VIZIANAGARAM,2011,Kharif,Sesamum,12856,1543,0.12002178
Andhra Pradesh,VIZIANAGARAM,2011,Kharif,Small millets,300,133,0.443333333
Andhra Pradesh,VIZIANAGARAM,2011,Kharif,Urad,1783,893,0.500841279
Andhra Pradesh,VIZIANAGARAM,2011,Rabi,Dry chillies,1077,1670,1.550603528
Andhra Pradesh,VIZIANAGARAM,2011,Rabi,Gram,250,379,1.516
Andhra Pradesh,VIZIANAGARAM,2011,Rabi,Groundnut,2387,3535,1.480938416
Andhra Pradesh,VIZIANAGARAM,2011,Rabi,Horse-gram,9814,3150,0.320970043
Andhra Pradesh,VIZIANAGARAM,2011,Rabi,Jowar,13,61,4.692307692
Andhra Pradesh,VIZIANAGARAM,2011,Rabi,Maize,10199,63448,6.221002059
Andhra Pradesh,VIZIANAGARAM,2011,Rabi,Moong(Green Gram),14019,6995,0.498965689
Andhra Pradesh,VIZIANAGARAM,2011,Rabi,Onion,233,5965,25.60085837
Andhra Pradesh,VIZIANAGARAM,2011,Rabi,other oilseeds,43,15,0.348837209
Andhra Pradesh,VIZIANAGARAM,2011,Rabi,Ragi,601,686,1.141430948
Andhra Pradesh,VIZIANAGARAM,2011,Rabi,Rice,1078,2639,2.448051948
Andhra Pradesh,VIZIANAGARAM,2011,Rabi,Sesamum,6885,1838,0.266957153
Andhra Pradesh,VIZIANAGARAM,2011,Rabi,Urad,13409,7455,0.555969871
Andhra Pradesh,VIZIANAGARAM,2011,Whole Year,Arecanut,1,,
Andhra Pradesh,VIZIANAGARAM,2011,Whole Year,Banana,7433,133645,17.97995426
Andhra Pradesh,VIZIANAGARAM,2011,Whole Year,Cashewnut,16430,4034,0.245526476
Andhra Pradesh,VIZIANAGARAM,2011,Whole Year,Coconut,2689,37657088,14004.12347
Andhra Pradesh,VIZIANAGARAM,2011,Whole Year,Dry ginger,5,46,9.2
Andhra Pradesh,VIZIANAGARAM,2011,Whole Year,Sugarcane,16185,1056677,65.28742663
Andhra Pradesh,VIZIANAGARAM,2011,Whole Year,Sunflower,63,65,1.031746032
Andhra Pradesh,VIZIANAGARAM,2011,Whole Year,Sweet potato,26,334,12.84615385
Andhra Pradesh,VIZIANAGARAM,2011,Whole Year,Tapioca,12,120,10
Andhra Pradesh,VIZIANAGARAM,2011,Whole Year,Tobacco,1344,2459,1.829613095
Andhra Pradesh,VIZIANAGARAM,2011,Whole Year,Turmeric,203,1524,7.507389163
Andhra Pradesh,VIZIANAGARAM,2012,Kharif,Arecanut,1,1,1
Andhra Pradesh,VIZIANAGARAM,2012,Kharif,Arhar/Tur,1787,1410,0.789031897
Andhra Pradesh,VIZIANAGARAM,2012,Kharif,Bajra,353,277,0.78470255
Andhra Pradesh,VIZIANAGARAM,2012,Kharif,Brinjal,673,5092,7.566121842
Andhra Pradesh,VIZIANAGARAM,2012,Kharif,Cabbage,101,2659,26.32673267
Andhra Pradesh,VIZIANAGARAM,2012,Kharif,Cashewnut,15374,4335,0.281969559
Andhra Pradesh,VIZIANAGARAM,2012,Kharif,Castor seed,1,1,1
Andhra Pradesh,VIZIANAGARAM,2012,Kharif,Cotton(lint),14658,29316,2
Andhra Pradesh,VIZIANAGARAM,2012,Kharif,Dry chillies,171,707,4.134502924
Andhra Pradesh,VIZIANAGARAM,2012,Kharif,Groundnut,11524,12400,1.076015272
Andhra Pradesh,VIZIANAGARAM,2012,Kharif,Jowar,647,1716,2.652241113
Andhra Pradesh,VIZIANAGARAM,2012,Kharif,Lemon,28,206,7.357142857
Andhra Pradesh,VIZIANAGARAM,2012,Kharif,Maize,9861,39267,3.982050502
Andhra Pradesh,VIZIANAGARAM,2012,Kharif,Mango,36067,100555,2.788005656
Andhra Pradesh,VIZIANAGARAM,2012,Kharif,Mesta,12243,110527,9.027770971
Andhra Pradesh,VIZIANAGARAM,2012,Kharif,Moong(Green Gram),870,389,0.447126437
Andhra Pradesh,VIZIANAGARAM,2012,Kharif,Onion,51,974,19.09803922
Andhra Pradesh,VIZIANAGARAM,2012,Kharif,Papaya,262,28540,108.9312977
Andhra Pradesh,VIZIANAGARAM,2012,Kharif,Pome Granet,5,67,13.4
Andhra Pradesh,VIZIANAGARAM,2012,Kharif,Ragi,2583,4236,1.639953542
Andhra Pradesh,VIZIANAGARAM,2012,Kharif,Rice,119079,306509,2.573997094
Andhra Pradesh,VIZIANAGARAM,2012,Kharif,Sapota,128,1690,13.203125
Andhra Pradesh,VIZIANAGARAM,2012,Kharif,Sesamum,8845,1681,0.190050876
Andhra Pradesh,VIZIANAGARAM,2012,Kharif,Small millets,383,246,0.64229765
Andhra Pradesh,VIZIANAGARAM,2012,Kharif,Sugarcane,16021,996737,62.21440609
Andhra Pradesh,VIZIANAGARAM,2012,Kharif,Sweet potato,3,29,9.666666667
Andhra Pradesh,VIZIANAGARAM,2012,Kharif,Tapioca,12,221,18.41666667
Andhra Pradesh,VIZIANAGARAM,2012,Kharif,Tomato,353,7706,21.83002833
Andhra Pradesh,VIZIANAGARAM,2012,Kharif,Turmeric,107,709,6.626168224
Andhra Pradesh,VIZIANAGARAM,2012,Kharif,Urad,938,664,0.707889126
Andhra Pradesh,VIZIANAGARAM,2012,Rabi,Brinjal,313,2368,7.565495208
Andhra Pradesh,VIZIANAGARAM,2012,Rabi,Cabbage,87,2291,26.33333333
Andhra Pradesh,VIZIANAGARAM,2012,Rabi,Dry chillies,943,1342,1.423117709
Andhra Pradesh,VIZIANAGARAM,2012,Rabi,Gram,254,461,1.81496063
Andhra Pradesh,VIZIANAGARAM,2012,Rabi,Groundnut,1984,3307,1.666834677
Andhra Pradesh,VIZIANAGARAM,2012,Rabi,Horse-gram,6655,2516,0.378061608
Andhra Pradesh,VIZIANAGARAM,2012,Rabi,Maize,11245,55359,4.922987995
Andhra Pradesh,VIZIANAGARAM,2012,Rabi,Moong(Green Gram),14111,5673,0.402026788
Andhra Pradesh,VIZIANAGARAM,2012,Rabi,Niger seed,18,10,0.555555556
Andhra Pradesh,VIZIANAGARAM,2012,Rabi,Onion,242,5326,22.00826446
Andhra Pradesh,VIZIANAGARAM,2012,Rabi,Potato,27,475,17.59259259
Andhra Pradesh,VIZIANAGARAM,2012,Rabi,Ragi,414,438,1.057971014
Andhra Pradesh,VIZIANAGARAM,2012,Rabi,Rice,6690,14310,2.139013453
Andhra Pradesh,VIZIANAGARAM,2012,Rabi,Sesamum,4883,1372,0.280974811
Andhra Pradesh,VIZIANAGARAM,2012,Rabi,Sunflower,84,81,0.964285714
Andhra Pradesh,VIZIANAGARAM,2012,Rabi,Sweet potato,63,607,9.634920635
Andhra Pradesh,VIZIANAGARAM,2012,Rabi,Tobacco,1182,3000,2.538071066
Andhra Pradesh,VIZIANAGARAM,2012,Rabi,Tomato,505,4918,9.738613861
Andhra Pradesh,VIZIANAGARAM,2012,Rabi,Urad,17403,10897,0.62615641
Andhra Pradesh,VIZIANAGARAM,2012,Whole Year,Coconut,2549,43552000,17085.91605
Andhra Pradesh,VIZIANAGARAM,2013,Kharif,Arhar/Tur,1880,1807,0.961170213
Andhra Pradesh,VIZIANAGARAM,2013,Kharif,Bajra,207,182,0.879227053
Andhra Pradesh,VIZIANAGARAM,2013,Kharif,Brinjal,599,3864,6.450751252
Andhra Pradesh,VIZIANAGARAM,2013,Kharif,Cabbage,109,2046,18.7706422
Andhra Pradesh,VIZIANAGARAM,2013,Kharif,Cashewnut,15106,4955,0.328015358
Andhra Pradesh,VIZIANAGARAM,2013,Kharif,Castor seed,1,1,1
Andhra Pradesh,VIZIANAGARAM,2013,Kharif,Cotton(lint),15303,26735,1.747043063
Andhra Pradesh,VIZIANAGARAM,2013,Kharif,Dry chillies,192,931,4.848958333
Andhra Pradesh,VIZIANAGARAM,2013,Kharif,Groundnut,8927,10873,1.217990366
Andhra Pradesh,VIZIANAGARAM,2013,Kharif,Jowar,280,489,1.746428571
Andhra Pradesh,VIZIANAGARAM,2013,Kharif,Lemon,29,231,7.965517241
Andhra Pradesh,VIZIANAGARAM,2013,Kharif,Maize,13410,40418,3.014019389
Andhra Pradesh,VIZIANAGARAM,2013,Kharif,Mango,38639,120554,3.120008282
Andhra Pradesh,VIZIANAGARAM,2013,Kharif,Mesta,6184,56171,9.083279431
Andhra Pradesh,VIZIANAGARAM,2013,Kharif,Moong(Green Gram),837,344,0.410991637
Andhra Pradesh,VIZIANAGARAM,2013,Kharif,Onion,93,1751,18.82795699
Andhra Pradesh,VIZIANAGARAM,2013,Kharif,other oilseeds,4917,63157,12.8446207
Andhra Pradesh,VIZIANAGARAM,2013,Kharif,Papaya,425,41606,97.89647059
Andhra Pradesh,VIZIANAGARAM,2013,Kharif,Pome Granet,5,72,14.4
Andhra Pradesh,VIZIANAGARAM,2013,Kharif,Ragi,2230,1708,0.765919283
Andhra Pradesh,VIZIANAGARAM,2013,Kharif,Rice,109271,270446,2.475002517
Andhra Pradesh,VIZIANAGARAM,2013,Kharif,Sapota,128,1204,9.40625
Andhra Pradesh,VIZIANAGARAM,2013,Kharif,Sesamum,8309,1338,0.161030208
Andhra Pradesh,VIZIANAGARAM,2013,Kharif,Small millets,499,282,0.565130261
Andhra Pradesh,VIZIANAGARAM,2013,Kharif,Sugarcane,16894,1062110,62.86906594
Andhra Pradesh,VIZIANAGARAM,2013,Kharif,Tobacco,3,11,3.666666667
Andhra Pradesh,VIZIANAGARAM,2013,Kharif,Tomato,358,6400,17.87709497
Andhra Pradesh,VIZIANAGARAM,2013,Kharif,Turmeric,128,852,6.65625
Andhra Pradesh,VIZIANAGARAM,2013,Kharif,Urad,950,594,0.625263158
Andhra Pradesh,VIZIANAGARAM,2013,Rabi,Bajra,3,3,1
Andhra Pradesh,VIZIANAGARAM,2013,Rabi,Brinjal,343,2212,6.448979592
Andhra Pradesh,VIZIANAGARAM,2013,Rabi,Cabbage,56,1051,18.76785714
Andhra Pradesh,VIZIANAGARAM,2013,Rabi,Dry chillies,848,986,1.162735849
Andhra Pradesh,VIZIANAGARAM,2013,Rabi,Gram,525,1012,1.927619048
Andhra Pradesh,VIZIANAGARAM,2013,Rabi,Groundnut,2378,3051,1.283010934
Andhra Pradesh,VIZIANAGARAM,2013,Rabi,Horse-gram,4531,1758,0.38799382
Andhra Pradesh,VIZIANAGARAM,2013,Rabi,Maize,15255,86130,5.646017699
Andhra Pradesh,VIZIANAGARAM,2013,Rabi,Moong(Green Gram),13454,5758,0.42797681
Andhra Pradesh,VIZIANAGARAM,2013,Rabi,Niger seed,98,42,0.428571429
Andhra Pradesh,VIZIANAGARAM,2013,Rabi,Onion,159,2944,18.51572327
Andhra Pradesh,VIZIANAGARAM,2013,Rabi,Ragi,609,671,1.10180624
Andhra Pradesh,VIZIANAGARAM,2013,Rabi,Rice,7507,20479,2.727987212
Andhra Pradesh,VIZIANAGARAM,2013,Rabi,Sesamum,5406,1449,0.268035516
Andhra Pradesh,VIZIANAGARAM,2013,Rabi,Sunflower,56,63,1.125
Andhra Pradesh,VIZIANAGARAM,2013,Rabi,Sweet potato,50,439,8.78
Andhra Pradesh,VIZIANAGARAM,2013,Rabi,Tobacco,741,1250,1.686909582
Andhra Pradesh,VIZIANAGARAM,2013,Rabi,Tomato,496,5607,11.30443548
Andhra Pradesh,VIZIANAGARAM,2013,Rabi,Urad,17077,9170,0.536979563
Andhra Pradesh,VIZIANAGARAM,2013,Whole Year,Banana,7124,77367,10.86005053
Andhra Pradesh,VIZIANAGARAM,2013,Whole Year,Cashewnut,15106,4955,0.328015358
Andhra Pradesh,VIZIANAGARAM,2013,Whole Year,Castor seed,1,1,1
Andhra Pradesh,VIZIANAGARAM,2013,Whole Year,Coconut,2630,43592000,16574.90494
Andhra Pradesh,VIZIANAGARAM,2013,Whole Year,Sannhamp,106,,
Andhra Pradesh,VIZIANAGARAM,2013,Whole Year,Sweet potato,50,607,12.14
Andhra Pradesh,VIZIANAGARAM,2014,Kharif,Arhar/Tur,1065,889,0.834741784
Andhra Pradesh,VIZIANAGARAM,2014,Kharif,Bajra,132,95,0.71969697
Andhra Pradesh,VIZIANAGARAM,2014,Kharif,Brinjal,433,4159,9.605080831
Andhra Pradesh,VIZIANAGARAM,2014,Kharif,Cabbage,74,912,12.32432432
Andhra Pradesh,VIZIANAGARAM,2014,Kharif,Cashewnut,13642,3438,0.252015833
Andhra Pradesh,VIZIANAGARAM,2014,Kharif,Castor seed,1,1,1
Andhra Pradesh,VIZIANAGARAM,2014,Kharif,Cotton(lint),15698,37286,2.375207033
Andhra Pradesh,VIZIANAGARAM,2014,Kharif,Dry chillies,87,501,5.75862069
Andhra Pradesh,VIZIANAGARAM,2014,Kharif,Dry ginger,16,46,2.875
Andhra Pradesh,VIZIANAGARAM,2014,Kharif,Groundnut,6189,6344,1.025044434
Andhra Pradesh,VIZIANAGARAM,2014,Kharif,Jowar,125,186,1.488
Andhra Pradesh,VIZIANAGARAM,2014,Kharif,Lemon,30,185,6.166666667
Andhra Pradesh,VIZIANAGARAM,2014,Kharif,Maize,16616,47705,2.871027925
Andhra Pradesh,VIZIANAGARAM,2014,Kharif,Mango,38767,131536,3.392988882
Andhra Pradesh,VIZIANAGARAM,2014,Kharif,Mesta,4135,28233,6.827811366
Andhra Pradesh,VIZIANAGARAM,2014,Kharif,Moong(Green Gram),547,367,0.670932358
Andhra Pradesh,VIZIANAGARAM,2014,Kharif,Onion,79,1451,18.36708861
Andhra Pradesh,VIZIANAGARAM,2014,Kharif,Other Kharif pulses,19,,
Andhra Pradesh,VIZIANAGARAM,2014,Kharif,other oilseeds,6665,126982,19.05206302
Andhra Pradesh,VIZIANAGARAM,2014,Kharif,Papaya,457,46922,102.6739606
Andhra Pradesh,VIZIANAGARAM,2014,Kharif,Pome Granet,5,52,10.4
Andhra Pradesh,VIZIANAGARAM,2014,Kharif,Ragi,1488,1244,0.836021505
Andhra Pradesh,VIZIANAGARAM,2014,Kharif,Rice,119229,314526,2.637999145
Andhra Pradesh,VIZIANAGARAM,2014,Kharif,Sapota,131,1096,8.366412214
Andhra Pradesh,VIZIANAGARAM,2014,Kharif,Sesamum,12055,3532,0.29299046
Andhra Pradesh,VIZIANAGARAM,2014,Kharif,Small millets,124,88,0.709677419
Andhra Pradesh,VIZIANAGARAM,2014,Kharif,Sugarcane,14463,875345,60.52305884
Andhra Pradesh,VIZIANAGARAM,2014,Kharif,Tobacco,27,81,3
Andhra Pradesh,VIZIANAGARAM,2014,Kharif,Tomato,341,4903,14.37829912
Andhra Pradesh,VIZIANAGARAM,2014,Kharif,Turmeric,47,338,7.191489362
Andhra Pradesh,VIZIANAGARAM,2014,Kharif,Urad,510,523,1.025490196
Andhra Pradesh,VIZIANAGARAM,2014,Rabi,Arhar/Tur,28,23,0.821428571
Andhra Pradesh,VIZIANAGARAM,2014,Rabi,Brinjal,409,3928,9.60391198
Andhra Pradesh,VIZIANAGARAM,2014,Rabi,Cabbage,81,998,12.32098765
Andhra Pradesh,VIZIANAGARAM,2014,Rabi,Dry chillies,841,1606,1.909631391
Andhra Pradesh,VIZIANAGARAM,2014,Rabi,Gram,229,442,1.930131004
Andhra Pradesh,VIZIANAGARAM,2014,Rabi,Groundnut,2029,5056,2.491867915
Andhra Pradesh,VIZIANAGARAM,2014,Rabi,Horse-gram,4697,1630,0.347030019
Andhra Pradesh,VIZIANAGARAM,2014,Rabi,Jowar,5,23,4.6
Andhra Pradesh,VIZIANAGARAM,2014,Rabi,Maize,14358,110241,7.678019223
Andhra Pradesh,VIZIANAGARAM,2014,Rabi,Moong(Green Gram),14272,7850,0.550028027
Andhra Pradesh,VIZIANAGARAM,2014,Rabi,Niger seed,42,21,0.5
Andhra Pradesh,VIZIANAGARAM,2014,Rabi,Onion,199,3516,17.66834171
Andhra Pradesh,VIZIANAGARAM,2014,Rabi,Papaya,127,13039,102.6692913
Andhra Pradesh,VIZIANAGARAM,2014,Rabi,Ragi,726,1318,1.815426997
Andhra Pradesh,VIZIANAGARAM,2014,Rabi,Rice,5357,17314,3.232032854
Andhra Pradesh,VIZIANAGARAM,2014,Rabi,Sesamum,11006,2630,0.238960567
Andhra Pradesh,VIZIANAGARAM,2014,Rabi,Sunflower,6,6,1
Andhra Pradesh,VIZIANAGARAM,2014,Rabi,Sweet potato,40,441,11.025
Andhra Pradesh,VIZIANAGARAM,2014,Rabi,Tobacco,515,1548,3.005825243
Andhra Pradesh,VIZIANAGARAM,2014,Rabi,Tomato,550,7452,13.54909091
Andhra Pradesh,VIZIANAGARAM,2014,Rabi,Urad,17755,9890,0.55702619
Andhra Pradesh,VIZIANAGARAM,2014,Whole Year,Coconut,2534,14190000,5599.842147
Andhra Pradesh,VIZIANAGARAM,2014,Whole Year,Rice,124586,331840,2.66354165
Andhra Pradesh,WEST GODAVARI,1997,Kharif,Arhar/Tur,500,100,0.2
Andhra Pradesh,WEST GODAVARI,1997,Kharif,Cotton(lint),3400,8200,2.411764706
Andhra Pradesh,WEST GODAVARI,1997,Kharif,Groundnut,500,400,0.8
Andhra Pradesh,WEST GODAVARI,1997,Kharif,Jowar,300,200,0.666666667
Andhra Pradesh,WEST GODAVARI,1997,Kharif,Maize,800,1400,1.75
Andhra Pradesh,WEST GODAVARI,1997,Kharif,Rice,247200,630400,2.550161812
Andhra Pradesh,WEST GODAVARI,1997,Kharif,Sesamum,1500,500,0.333333333
Andhra Pradesh,WEST GODAVARI,1997,Kharif,Sugarcane,27600,2156600,78.13768116
Andhra Pradesh,WEST GODAVARI,1997,Kharif,Sunflower,800,400,0.5
Andhra Pradesh,WEST GODAVARI,1997,Kharif,Tobacco,26300,32100,1.220532319
Andhra Pradesh,WEST GODAVARI,1997,Rabi,Dry chillies,5300,9800,1.849056604
Andhra Pradesh,WEST GODAVARI,1997,Rabi,Groundnut,4300,7700,1.790697674
Andhra Pradesh,WEST GODAVARI,1997,Rabi,Horse-gram,1100,300,0.272727273
Andhra Pradesh,WEST GODAVARI,1997,Rabi,Jowar,300,500,1.666666667
Andhra Pradesh,WEST GODAVARI,1997,Rabi,Maize,8900,33600,3.775280899
Andhra Pradesh,WEST GODAVARI,1997,Rabi,Moong(Green Gram),2700,1100,0.407407407
Andhra Pradesh,WEST GODAVARI,1997,Rabi,Rice,193600,678100,3.502582645
Andhra Pradesh,WEST GODAVARI,1997,Rabi,Urad,5800,1400,0.24137931
Andhra Pradesh,WEST GODAVARI,1998,Kharif,Arhar/Tur,200,200,1
Andhra Pradesh,WEST GODAVARI,1998,Kharif,Cotton(lint),3100,2400,0.774193548
Andhra Pradesh,WEST GODAVARI,1998,Kharif,Groundnut,700,400,0.571428571
Andhra Pradesh,WEST GODAVARI,1998,Kharif,Jowar,400,100,0.25
Andhra Pradesh,WEST GODAVARI,1998,Kharif,Maize,500,1100,2.2
Andhra Pradesh,WEST GODAVARI,1998,Kharif,Moong(Green Gram),100,,
Andhra Pradesh,WEST GODAVARI,1998,Kharif,Rice,262000,646400,2.467175573
Andhra Pradesh,WEST GODAVARI,1998,Kharif,Sesamum,1400,500,0.357142857
Andhra Pradesh,WEST GODAVARI,1998,Kharif,Sunflower,700,600,0.857142857
Andhra Pradesh,WEST GODAVARI,1998,Kharif,Urad,200,100,0.5
Andhra Pradesh,WEST GODAVARI,1998,Rabi,Dry chillies,5700,10700,1.877192982
Andhra Pradesh,WEST GODAVARI,1998,Rabi,Groundnut,4300,6400,1.488372093
Andhra Pradesh,WEST GODAVARI,1998,Rabi,Horse-gram,1100,400,0.363636364
Andhra Pradesh,WEST GODAVARI,1998,Rabi,Jowar,100,100,1
Andhra Pradesh,WEST GODAVARI,1998,Rabi,Maize,9200,45800,4.97826087
Andhra Pradesh,WEST GODAVARI,1998,Rabi,Moong(Green Gram),2300,900,0.391304348
Andhra Pradesh,WEST GODAVARI,1998,Rabi,Rice,194300,849100,4.37004632
Andhra Pradesh,WEST GODAVARI,1998,Rabi,Urad,5800,2400,0.413793103
Andhra Pradesh,WEST GODAVARI,1998,Whole Year,Sugarcane,29000,2321300,80.04482759
Andhra Pradesh,WEST GODAVARI,1998,Whole Year,Tobacco,29200,42400,1.452054795
Andhra Pradesh,WEST GODAVARI,1999,Kharif,Cotton(lint),1546,2555,1.652652005
Andhra Pradesh,WEST GODAVARI,1999,Kharif,Groundnut,658,913,1.387537994
Andhra Pradesh,WEST GODAVARI,1999,Kharif,Horse-gram,33,15,0.454545455
Andhra Pradesh,WEST GODAVARI,1999,Kharif,Jowar,321,82,0.255451713
Andhra Pradesh,WEST GODAVARI,1999,Kharif,Maize,927,2634,2.841423948
Andhra Pradesh,WEST GODAVARI,1999,Kharif,Masoor,439,188,0.428246014
Andhra Pradesh,WEST GODAVARI,1999,Kharif,Moong(Green Gram),169,120,0.710059172
Andhra Pradesh,WEST GODAVARI,1999,Kharif,Rice,267083,685440,2.566393219
Andhra Pradesh,WEST GODAVARI,1999,Kharif,Sesamum,20,5,0.25
Andhra Pradesh,WEST GODAVARI,1999,Kharif,Sunflower,119,105,0.882352941
Andhra Pradesh,WEST GODAVARI,1999,Kharif,Urad,189,115,0.608465608
Andhra Pradesh,WEST GODAVARI,1999,Rabi,Gram,61,68,1.114754098
Andhra Pradesh,WEST GODAVARI,1999,Rabi,Groundnut,2818,4545,1.61284599
Andhra Pradesh,WEST GODAVARI,1999,Rabi,Horse-gram,824,398,0.483009709
Andhra Pradesh,WEST GODAVARI,1999,Rabi,Jowar,86,34,0.395348837
Andhra Pradesh,WEST GODAVARI,1999,Rabi,Maize,10974,53125,4.840987789
Andhra Pradesh,WEST GODAVARI,1999,Rabi,Moong(Green Gram),3859,996,0.258097953
Andhra Pradesh,WEST GODAVARI,1999,Rabi,Rice,193377,780930,4.038380986
Andhra Pradesh,WEST GODAVARI,1999,Rabi,Safflower,390,110,0.282051282
Andhra Pradesh,WEST GODAVARI,1999,Rabi,Sesamum,1023,353,0.345063539
Andhra Pradesh,WEST GODAVARI,1999,Rabi,Urad,4983,2955,0.593016255
Andhra Pradesh,WEST GODAVARI,1999,Whole Year,Dry chillies,4488,6500,1.448306595
Andhra Pradesh,WEST GODAVARI,1999,Whole Year,Sugarcane,30006,2892444,96.3955209
Andhra Pradesh,WEST GODAVARI,1999,Whole Year,Tobacco,20308,22339,1.100009848
Andhra Pradesh,WEST GODAVARI,2000,Kharif,Arhar/Tur,436,242,0.555045872
Andhra Pradesh,WEST GODAVARI,2000,Kharif,Castor seed,276,84,0.304347826
Andhra Pradesh,WEST GODAVARI,2000,Kharif,Cotton(lint),2028,3829,1.888067061
Andhra Pradesh,WEST GODAVARI,2000,Kharif,Dry chillies,50,138,2.76
Andhra Pradesh,WEST GODAVARI,2000,Kharif,Groundnut,790,1005,1.272151899
Andhra Pradesh,WEST GODAVARI,2000,Kharif,Horse-gram,8,4,0.5
Andhra Pradesh,WEST GODAVARI,2000,Kharif,Jowar,327,121,0.370030581
Andhra Pradesh,WEST GODAVARI,2000,Kharif,Maize,2332,6073,2.604202401
Andhra Pradesh,WEST GODAVARI,2000,Kharif,Moong(Green Gram),101,45,0.445544554
Andhra Pradesh,WEST GODAVARI,2000,Kharif,Other Kharif pulses,146,62,0.424657534
Andhra Pradesh,WEST GODAVARI,2000,Kharif,Rice,272901,794415,2.911000693
Andhra Pradesh,WEST GODAVARI,2000,Kharif,Samai,72,31,0.430555556
Andhra Pradesh,WEST GODAVARI,2000,Kharif,Sesamum,18,4,0.222222222
Andhra Pradesh,WEST GODAVARI,2000,Kharif,Small millets,72,31,0.430555556
Andhra Pradesh,WEST GODAVARI,2000,Kharif,Sunflower,343,488,1.422740525
Andhra Pradesh,WEST GODAVARI,2000,Kharif,Urad,151,9,0.059602649
Andhra Pradesh,WEST GODAVARI,2000,Rabi,Arhar/Tur,256,142,0.5546875
Andhra Pradesh,WEST GODAVARI,2000,Rabi,Dry chillies,5060,7428,1.46798419
Andhra Pradesh,WEST GODAVARI,2000,Rabi,Gram,5,12,2.4
Andhra Pradesh,WEST GODAVARI,2000,Rabi,Groundnut,3351,6444,1.923008057
Andhra Pradesh,WEST GODAVARI,2000,Rabi,Horse-gram,245,52,0.212244898
Andhra Pradesh,WEST GODAVARI,2000,Rabi,Jowar,21,18,0.857142857
Andhra Pradesh,WEST GODAVARI,2000,Rabi,Maize,16357,88066,5.38399462
Andhra Pradesh,WEST GODAVARI,2000,Rabi,Moong(Green Gram),3345,1121,0.335127055
Andhra Pradesh,WEST GODAVARI,2000,Rabi,Other  Rabi pulses,1106,439,0.396925859
Andhra Pradesh,WEST GODAVARI,2000,Rabi,other misc. pulses,293,39,0.133105802
Andhra Pradesh,WEST GODAVARI,2000,Rabi,Rice,198764,858462,4.319001429
Andhra Pradesh,WEST GODAVARI,2000,Rabi,Sesamum,612,168,0.274509804
Andhra Pradesh,WEST GODAVARI,2000,Rabi,Urad,5997,2351,0.392029348
Andhra Pradesh,WEST GODAVARI,2000,Whole Year,Banana,8081,116102,14.36728128
Andhra Pradesh,WEST GODAVARI,2000,Whole Year,Cashewnut,42702,8824,0.206641375
Andhra Pradesh,WEST GODAVARI,2000,Whole Year,Coconut,21657,250628448,11572.63
Andhra Pradesh,WEST GODAVARI,2000,Whole Year,Sugarcane,38177,2765821,72.44731121
Andhra Pradesh,WEST GODAVARI,2000,Whole Year,Sweet potato,28,379,13.53571429
Andhra Pradesh,WEST GODAVARI,2000,Whole Year,Tapioca,32,245,7.65625
Andhra Pradesh,WEST GODAVARI,2000,Whole Year,Tobacco,7168,15648,2.183035714
Andhra Pradesh,WEST GODAVARI,2000,Whole Year,Turmeric,615,2761,4.489430894
Andhra Pradesh,WEST GODAVARI,2001,Kharif,Arhar/Tur,182,106,0.582417582
Andhra Pradesh,WEST GODAVARI,2001,Kharif,Castor seed,14,4,0.285714286
Andhra Pradesh,WEST GODAVARI,2001,Kharif,Cotton(lint),3269,8538,2.611807892
Andhra Pradesh,WEST GODAVARI,2001,Kharif,Dry chillies,40,145,3.625
Andhra Pradesh,WEST GODAVARI,2001,Kharif,Groundnut,670,1126,1.680597015
Andhra Pradesh,WEST GODAVARI,2001,Kharif,Jowar,324,185,0.570987654
Andhra Pradesh,WEST GODAVARI,2001,Kharif,Maize,845,2259,2.673372781
Andhra Pradesh,WEST GODAVARI,2001,Kharif,Moong(Green Gram),119,57,0.478991597
Andhra Pradesh,WEST GODAVARI,2001,Kharif,Other Kharif pulses,48,28,0.583333333
Andhra Pradesh,WEST GODAVARI,2001,Kharif,Rice,222720,576622,2.588999641
Andhra Pradesh,WEST GODAVARI,2001,Kharif,Samai,24,12,0.5
Andhra Pradesh,WEST GODAVARI,2001,Kharif,Sesamum,7,1,0.142857143
Andhra Pradesh,WEST GODAVARI,2001,Kharif,Small millets,24,12,0.5
Andhra Pradesh,WEST GODAVARI,2001,Kharif,Sunflower,437,494,1.130434783
Andhra Pradesh,WEST GODAVARI,2001,Kharif,Urad,540,195,0.361111111
Andhra Pradesh,WEST GODAVARI,2001,Rabi,Arhar/Tur,10,6,0.6
Andhra Pradesh,WEST GODAVARI,2001,Rabi,Dry chillies,4258,6149,1.444105214
Andhra Pradesh,WEST GODAVARI,2001,Rabi,Gram,6,11,1.833333333
Andhra Pradesh,WEST GODAVARI,2001,Rabi,Groundnut,2701,6237,2.309144761
Andhra Pradesh,WEST GODAVARI,2001,Rabi,Horse-gram,335,181,0.540298507
Andhra Pradesh,WEST GODAVARI,2001,Rabi,Jowar,1138,840,0.738137083
Andhra Pradesh,WEST GODAVARI,2001,Rabi,Maize,12639,81698,6.463960756
Andhra Pradesh,WEST GODAVARI,2001,Rabi,Moong(Green Gram),1975,602,0.304810127
Andhra Pradesh,WEST GODAVARI,2001,Rabi,Onion,1,16,16
Andhra Pradesh,WEST GODAVARI,2001,Rabi,Other  Rabi pulses,653,494,0.756508423
Andhra Pradesh,WEST GODAVARI,2001,Rabi,Rice,191480,896509,4.68199812
Andhra Pradesh,WEST GODAVARI,2001,Rabi,Sesamum,527,134,0.25426945
Andhra Pradesh,WEST GODAVARI,2001,Rabi,Urad,7335,4988,0.680027267
Andhra Pradesh,WEST GODAVARI,2001,Whole Year,Banana,8264,99790,12.07526621
Andhra Pradesh,WEST GODAVARI,2001,Whole Year,Cashewnut,42195,6854,0.162436308
Andhra Pradesh,WEST GODAVARI,2001,Whole Year,Coconut,22287,208041750,9334.668192
Andhra Pradesh,WEST GODAVARI,2001,Whole Year,Sugarcane,32855,3070267,93.4490032
Andhra Pradesh,WEST GODAVARI,2001,Whole Year,Sweet potato,13,173,13.30769231
Andhra Pradesh,WEST GODAVARI,2001,Whole Year,Tobacco,22186,31477,1.418777608
Andhra Pradesh,WEST GODAVARI,2001,Whole Year,Turmeric,263,1137,4.323193916
Andhra Pradesh,WEST GODAVARI,2002,Kharif,Arhar/Tur,245,86,0.351020408
Andhra Pradesh,WEST GODAVARI,2002,Kharif,Cotton(lint),940,1670,1.776595745
Andhra Pradesh,WEST GODAVARI,2002,Kharif,Dry chillies,22,43,1.954545455
Andhra Pradesh,WEST GODAVARI,2002,Kharif,Groundnut,155,242,1.561290323
Andhra Pradesh,WEST GODAVARI,2002,Kharif,Jowar,479,160,0.334029228
Andhra Pradesh,WEST GODAVARI,2002,Kharif,Maize,1457,1412,0.969114619
Andhra Pradesh,WEST GODAVARI,2002,Kharif,Moong(Green Gram),240,36,0.15
Andhra Pradesh,WEST GODAVARI,2002,Kharif,Rice,214554,659110,3.072000522
Andhra Pradesh,WEST GODAVARI,2002,Kharif,Sesamum,12,1,0.083333333
Andhra Pradesh,WEST GODAVARI,2002,Kharif,Sunflower,1610,1755,1.090062112
Andhra Pradesh,WEST GODAVARI,2002,Kharif,Urad,1909,99,0.051859612
Andhra Pradesh,WEST GODAVARI,2002,Rabi,Arhar/Tur,82,29,0.353658537
Andhra Pradesh,WEST GODAVARI,2002,Rabi,Dry chillies,3549,4766,1.342913497
Andhra Pradesh,WEST GODAVARI,2002,Rabi,Gram,23,30,1.304347826
Andhra Pradesh,WEST GODAVARI,2002,Rabi,Groundnut,2579,5114,1.982939124
Andhra Pradesh,WEST GODAVARI,2002,Rabi,Horse-gram,236,87,0.368644068
Andhra Pradesh,WEST GODAVARI,2002,Rabi,Jowar,1823,1461,0.801426221
Andhra Pradesh,WEST GODAVARI,2002,Rabi,Maize,16683,119534,7.165018282
Andhra Pradesh,WEST GODAVARI,2002,Rabi,Moong(Green Gram),6945,1771,0.2550036
Andhra Pradesh,WEST GODAVARI,2002,Rabi,other oilseeds,4275,5305,1.240935673
Andhra Pradesh,WEST GODAVARI,2002,Rabi,Rice,117074,506579,4.326998309
Andhra Pradesh,WEST GODAVARI,2002,Rabi,Safflower,6,2,0.333333333
Andhra Pradesh,WEST GODAVARI,2002,Rabi,Sesamum,1019,184,0.180569185
Andhra Pradesh,WEST GODAVARI,2002,Rabi,Urad,23873,13822,0.578980438
Andhra Pradesh,WEST GODAVARI,2002,Whole Year,Banana,5547,123149,22.20100955
Andhra Pradesh,WEST GODAVARI,2002,Whole Year,Beans & Mutter(Vegetable),439,2212,5.038724374
Andhra Pradesh,WEST GODAVARI,2002,Whole Year,Bhindi,669,1511,2.258594918
Andhra Pradesh,WEST GODAVARI,2002,Whole Year,Bottle Gourd,43,0,0
Andhra Pradesh,WEST GODAVARI,2002,Whole Year,Brinjal,1258,16639,13.22655008
Andhra Pradesh,WEST GODAVARI,2002,Whole Year,Cabbage,36,0,0
Andhra Pradesh,WEST GODAVARI,2002,Whole Year,Cashewnut,42464,2482,0.05844951
Andhra Pradesh,WEST GODAVARI,2002,Whole Year,Citrus Fruit,2893,5926,2.048392672
Andhra Pradesh,WEST GODAVARI,2002,Whole Year,Coconut,22093,224101800,10143.56584
Andhra Pradesh,WEST GODAVARI,2002,Whole Year,Cucumber,175,0,0
Andhra Pradesh,WEST GODAVARI,2002,Whole Year,Mango,20000,93638,4.6819
Andhra Pradesh,WEST GODAVARI,2002,Whole Year,Orange,199,3534,17.75879397
Andhra Pradesh,WEST GODAVARI,2002,Whole Year,Other Fresh Fruits,644,2579,4.004658385
Andhra Pradesh,WEST GODAVARI,2002,Whole Year,Other Vegetables,2099,0,0
Andhra Pradesh,WEST GODAVARI,2002,Whole Year,Papaya,15,1957,130.4666667
Andhra Pradesh,WEST GODAVARI,2002,Whole Year,Pome Fruit,633,2443,3.859399684
Andhra Pradesh,WEST GODAVARI,2002,Whole Year,Sugarcane,34992,2915988,83.3329904
Andhra Pradesh,WEST GODAVARI,2002,Whole Year,Sweet potato,11,119,10.81818182
Andhra Pradesh,WEST GODAVARI,2002,Whole Year,Tapioca,2,12,6
Andhra Pradesh,WEST GODAVARI,2002,Whole Year,Tobacco,19418,31870,1.641260686
Andhra Pradesh,WEST GODAVARI,2002,Whole Year,Tomato,317,2381,7.511041009
Andhra Pradesh,WEST GODAVARI,2002,Whole Year,Turmeric,254,1362,5.362204724
Andhra Pradesh,WEST GODAVARI,2003,Kharif,Arhar/Tur,577,244,0.42287695
Andhra Pradesh,WEST GODAVARI,2003,Kharif,Bajra,75,102,1.36
Andhra Pradesh,WEST GODAVARI,2003,Kharif,Cotton(lint),3759,11189,2.976589518
Andhra Pradesh,WEST GODAVARI,2003,Kharif,Dry chillies,40,176,4.4
Andhra Pradesh,WEST GODAVARI,2003,Kharif,Groundnut,465,445,0.956989247
Andhra Pradesh,WEST GODAVARI,2003,Kharif,Jowar,430,1272,2.958139535
Andhra Pradesh,WEST GODAVARI,2003,Kharif,Maize,3124,5361,1.716069142
Andhra Pradesh,WEST GODAVARI,2003,Kharif,Moong(Green Gram),850,462,0.543529412
Andhra Pradesh,WEST GODAVARI,2003,Kharif,Rice,232235,812590,3.498998859
Andhra Pradesh,WEST GODAVARI,2003,Kharif,Sesamum,20,6,0.3
Andhra Pradesh,WEST GODAVARI,2003,Kharif,Sunflower,2966,3485,1.174983142
Andhra Pradesh,WEST GODAVARI,2003,Kharif,Urad,983,606,0.616480163
Andhra Pradesh,WEST GODAVARI,2003,Rabi,Arhar/Tur,119,50,0.420168067
Andhra Pradesh,WEST GODAVARI,2003,Rabi,Dry chillies,3734,4526,1.212104981
Andhra Pradesh,WEST GODAVARI,2003,Rabi,Groundnut,2642,5345,2.023088569
Andhra Pradesh,WEST GODAVARI,2003,Rabi,Horse-gram,394,213,0.540609137
Andhra Pradesh,WEST GODAVARI,2003,Rabi,Jowar,1182,2220,1.878172589
Andhra Pradesh,WEST GODAVARI,2003,Rabi,Maize,24694,142855,5.785008504
Andhra Pradesh,WEST GODAVARI,2003,Rabi,Moong(Green Gram),6375,2155,0.338039216
Andhra Pradesh,WEST GODAVARI,2003,Rabi,Other  Rabi pulses,12,2,0.166666667
Andhra Pradesh,WEST GODAVARI,2003,Rabi,other oilseeds,4367,,
Andhra Pradesh,WEST GODAVARI,2003,Rabi,Ragi,10,18,1.8
Andhra Pradesh,WEST GODAVARI,2003,Rabi,Rice,177983,867133,4.871999011
Andhra Pradesh,WEST GODAVARI,2003,Rabi,Sesamum,2193,452,0.206110351
Andhra Pradesh,WEST GODAVARI,2003,Rabi,Urad,12077,4674,0.387016643
Andhra Pradesh,WEST GODAVARI,2003,Whole Year,Arecanut,9,6,0.666666667
Andhra Pradesh,WEST GODAVARI,2003,Whole Year,Banana,5712,24247,4.244922969
Andhra Pradesh,WEST GODAVARI,2003,Whole Year,Beans & Mutter(Vegetable),236,1615,6.843220339
Andhra Pradesh,WEST GODAVARI,2003,Whole Year,Bhindi,744,1667,2.240591398
Andhra Pradesh,WEST GODAVARI,2003,Whole Year,Bottle Gourd,33,0,0
Andhra Pradesh,WEST GODAVARI,2003,Whole Year,Brinjal,1224,15643,12.78022876
Andhra Pradesh,WEST GODAVARI,2003,Whole Year,Cabbage,24,0,0
Andhra Pradesh,WEST GODAVARI,2003,Whole Year,Cashewnut,41674,6068,0.145606373
Andhra Pradesh,WEST GODAVARI,2003,Whole Year,Citrus Fruit,2819,3450,1.223838241
Andhra Pradesh,WEST GODAVARI,2003,Whole Year,Coconut,21985,226058352,10282.39036
Andhra Pradesh,WEST GODAVARI,2003,Whole Year,Cucumber,265,0,0
Andhra Pradesh,WEST GODAVARI,2003,Whole Year,Mango,19342,66887,3.458122221
Andhra Pradesh,WEST GODAVARI,2003,Whole Year,Orange,205,3111,15.17560976
Andhra Pradesh,WEST GODAVARI,2003,Whole Year,Other Fresh Fruits,618,2966,4.799352751
Andhra Pradesh,WEST GODAVARI,2003,Whole Year,Other Vegetables,2492,0,0
Andhra Pradesh,WEST GODAVARI,2003,Whole Year,Papaya,23,2089,90.82608696
Andhra Pradesh,WEST GODAVARI,2003,Whole Year,Pome Fruit,551,11931,21.65335753
Andhra Pradesh,WEST GODAVARI,2003,Whole Year,Sugarcane,32723,2991438,91.416985
Andhra Pradesh,WEST GODAVARI,2003,Whole Year,Sweet potato,24,173,7.208333333
Andhra Pradesh,WEST GODAVARI,2003,Whole Year,Tobacco,21385,29953,1.400654664
Andhra Pradesh,WEST GODAVARI,2003,Whole Year,Tomato,310,3058,9.864516129
Andhra Pradesh,WEST GODAVARI,2003,Whole Year,Turmeric,219,1351,6.168949772
Andhra Pradesh,WEST GODAVARI,2004,Kharif,Arhar/Tur,326,216,0.662576687
Andhra Pradesh,WEST GODAVARI,2004,Kharif,Bajra,65,71,1.092307692
Andhra Pradesh,WEST GODAVARI,2004,Kharif,Cotton(lint),8729,24852,2.847061519
Andhra Pradesh,WEST GODAVARI,2004,Kharif,Dry chillies,14,58,4.142857143
Andhra Pradesh,WEST GODAVARI,2004,Kharif,Groundnut,934,896,0.959314775
Andhra Pradesh,WEST GODAVARI,2004,Kharif,Jowar,380,203,0.534210526
Andhra Pradesh,WEST GODAVARI,2004,Kharif,Maize,2148,6345,2.953910615
Andhra Pradesh,WEST GODAVARI,2004,Kharif,Moong(Green Gram),158,59,0.373417722
Andhra Pradesh,WEST GODAVARI,2004,Kharif,Other Kharif pulses,11,4,0.363636364
Andhra Pradesh,WEST GODAVARI,2004,Kharif,Rice,244235,842122,3.447998854
Andhra Pradesh,WEST GODAVARI,2004,Kharif,Sunflower,2519,2254,0.894799524
Andhra Pradesh,WEST GODAVARI,2004,Kharif,Urad,189,91,0.481481481
Andhra Pradesh,WEST GODAVARI,2004,Rabi,Arhar/Tur,7,5,0.714285714
Andhra Pradesh,WEST GODAVARI,2004,Rabi,Dry chillies,2757,4759,1.726151614
Andhra Pradesh,WEST GODAVARI,2004,Rabi,Groundnut,2981,7488,2.511908755
Andhra Pradesh,WEST GODAVARI,2004,Rabi,Horse-gram,437,177,0.405034325
Andhra Pradesh,WEST GODAVARI,2004,Rabi,Jowar,66,124,1.878787879
Andhra Pradesh,WEST GODAVARI,2004,Rabi,Maize,21512,134988,6.275009297
Andhra Pradesh,WEST GODAVARI,2004,Rabi,Moong(Green Gram),5992,3667,0.611982644
Andhra Pradesh,WEST GODAVARI,2004,Rabi,Other  Rabi pulses,1297,284,0.218966847
Andhra Pradesh,WEST GODAVARI,2004,Rabi,Rice,175761,807446,4.593999807
Andhra Pradesh,WEST GODAVARI,2004,Rabi,Sesamum,772,182,0.235751295
Andhra Pradesh,WEST GODAVARI,2004,Rabi,Sunflower,2517,2253,0.89511323
Andhra Pradesh,WEST GODAVARI,2004,Rabi,Urad,9829,6743,0.686031132
Andhra Pradesh,WEST GODAVARI,2004,Whole Year,Banana,6051,156479,25.86002314
Andhra Pradesh,WEST GODAVARI,2004,Whole Year,Cashewnut,40257,8934,0.221924137
Andhra Pradesh,WEST GODAVARI,2004,Whole Year,Coconut,21868,249596424,11413.77465
Andhra Pradesh,WEST GODAVARI,2004,Whole Year,Sugarcane,33640,3030493,90.08599881
Andhra Pradesh,WEST GODAVARI,2004,Whole Year,Sweet potato,20,183,9.15
Andhra Pradesh,WEST GODAVARI,2004,Whole Year,Tobacco,18118,25840,1.426205983
Andhra Pradesh,WEST GODAVARI,2004,Whole Year,Turmeric,274,2215,8.083941606
Andhra Pradesh,WEST GODAVARI,2005,Kharif,Arhar/Tur,409,247,0.60391198
Andhra Pradesh,WEST GODAVARI,2005,Kharif,Bajra,40,48,1.2
Andhra Pradesh,WEST GODAVARI,2005,Kharif,Cotton(lint),11196,27134,2.423544123
Andhra Pradesh,WEST GODAVARI,2005,Kharif,Dry chillies,23,96,4.173913043
Andhra Pradesh,WEST GODAVARI,2005,Kharif,Groundnut,1417,1586,1.119266055
Andhra Pradesh,WEST GODAVARI,2005,Kharif,Horse-gram,141,55,0.390070922
Andhra Pradesh,WEST GODAVARI,2005,Kharif,Jowar,342,190,0.555555556
Andhra Pradesh,WEST GODAVARI,2005,Kharif,Maize,3560,12738,3.578089888
Andhra Pradesh,WEST GODAVARI,2005,Kharif,Moong(Green Gram),380,263,0.692105263
Andhra Pradesh,WEST GODAVARI,2005,Kharif,Other Kharif pulses,256,98,0.3828125
Andhra Pradesh,WEST GODAVARI,2005,Kharif,Rice,253521,475859,1.877000327
Andhra Pradesh,WEST GODAVARI,2005,Kharif,Sesamum,6,1,0.166666667
Andhra Pradesh,WEST GODAVARI,2005,Kharif,Urad,1585,545,0.34384858
Andhra Pradesh,WEST GODAVARI,2005,Rabi,Dry chillies,3086,4061,1.315942968
Andhra Pradesh,WEST GODAVARI,2005,Rabi,Groundnut,2972,12789,4.303162853
Andhra Pradesh,WEST GODAVARI,2005,Rabi,Horse-gram,467,168,0.359743041
Andhra Pradesh,WEST GODAVARI,2005,Rabi,Jowar,156,455,2.916666667
Andhra Pradesh,WEST GODAVARI,2005,Rabi,Maize,25564,150904,5.902988578
Andhra Pradesh,WEST GODAVARI,2005,Rabi,Moong(Green Gram),2594,1274,0.491133385
Andhra Pradesh,WEST GODAVARI,2005,Rabi,Other  Rabi pulses,655,385,0.58778626
Andhra Pradesh,WEST GODAVARI,2005,Rabi,Rice,192497,887411,4.609999117
Andhra Pradesh,WEST GODAVARI,2005,Rabi,Sesamum,766,175,0.22845953
Andhra Pradesh,WEST GODAVARI,2005,Rabi,Urad,6155,4493,0.72997563
Andhra Pradesh,WEST GODAVARI,2005,Whole Year,Arecanut,9,7,0.777777778
Andhra Pradesh,WEST GODAVARI,2005,Whole Year,Banana,8130,76707,9.435055351
Andhra Pradesh,WEST GODAVARI,2005,Whole Year,Cashewnut,39890,12637,0.31679619
Andhra Pradesh,WEST GODAVARI,2005,Whole Year,Coconut,22564,276183360,12240
Andhra Pradesh,WEST GODAVARI,2005,Whole Year,Coriander,54,38,0.703703704
Andhra Pradesh,WEST GODAVARI,2005,Whole Year,Dry ginger,1,3,3
Andhra Pradesh,WEST GODAVARI,2005,Whole Year,Sugarcane,34369,3087642,89.83799354
Andhra Pradesh,WEST GODAVARI,2005,Whole Year,Sunflower,2362,2681,1.135055038
Andhra Pradesh,WEST GODAVARI,2005,Whole Year,Sweet potato,12,116,9.666666667
Andhra Pradesh,WEST GODAVARI,2005,Whole Year,Tobacco,20597,40931,1.98723115
Andhra Pradesh,WEST GODAVARI,2005,Whole Year,Turmeric,429,2690,6.27039627
Andhra Pradesh,WEST GODAVARI,2006,Kharif,Arhar/Tur,269,129,0.479553903
Andhra Pradesh,WEST GODAVARI,2006,Kharif,Cotton(lint),4370,13444,3.076430206
Andhra Pradesh,WEST GODAVARI,2006,Kharif,Dry chillies,190,855,4.5
Andhra Pradesh,WEST GODAVARI,2006,Kharif,Groundnut,1436,1394,0.970752089
Andhra Pradesh,WEST GODAVARI,2006,Kharif,Horse-gram,91,39,0.428571429
Andhra Pradesh,WEST GODAVARI,2006,Kharif,Jowar,174,129,0.74137931
Andhra Pradesh,WEST GODAVARI,2006,Kharif,Maize,2985,8185,2.742043551
Andhra Pradesh,WEST GODAVARI,2006,Kharif,Moong(Green Gram),109,42,0.385321101
Andhra Pradesh,WEST GODAVARI,2006,Kharif,Other Kharif pulses,8,3,0.375
Andhra Pradesh,WEST GODAVARI,2006,Kharif,Rice,245236,682001,2.780998711
Andhra Pradesh,WEST GODAVARI,2006,Kharif,Sesamum,27,7,0.259259259
Andhra Pradesh,WEST GODAVARI,2006,Kharif,Urad,1167,447,0.383033419
Andhra Pradesh,WEST GODAVARI,2006,Rabi,Dry chillies,3124,3627,1.161011524
Andhra Pradesh,WEST GODAVARI,2006,Rabi,Groundnut,3321,8117,2.44414333
Andhra Pradesh,WEST GODAVARI,2006,Rabi,Horse-gram,376,190,0.505319149
Andhra Pradesh,WEST GODAVARI,2006,Rabi,Jowar,212,457,2.155660377
Andhra Pradesh,WEST GODAVARI,2006,Rabi,Maize,27468,196561,7.155999709
Andhra Pradesh,WEST GODAVARI,2006,Rabi,Moong(Green Gram),5460,2877,0.526923077
Andhra Pradesh,WEST GODAVARI,2006,Rabi,Other  Rabi pulses,753,358,0.475431607
Andhra Pradesh,WEST GODAVARI,2006,Rabi,Rice,188804,875107,4.635002436
Andhra Pradesh,WEST GODAVARI,2006,Rabi,Sesamum,742,147,0.198113208
Andhra Pradesh,WEST GODAVARI,2006,Rabi,Urad,11572,7314,0.632042862
Andhra Pradesh,WEST GODAVARI,2006,Whole Year,Arecanut,9,6,0.666666667
Andhra Pradesh,WEST GODAVARI,2006,Whole Year,Banana,7427,144648,19.47596607
Andhra Pradesh,WEST GODAVARI,2006,Whole Year,Cashewnut,38718,7136,0.184307041
Andhra Pradesh,WEST GODAVARI,2006,Whole Year,Coconut,22664,383806080,16934.61348
Andhra Pradesh,WEST GODAVARI,2006,Whole Year,Dry ginger,8,22,2.75
Andhra Pradesh,WEST GODAVARI,2006,Whole Year,Sugarcane,36365,3329761,91.56499381
Andhra Pradesh,WEST GODAVARI,2006,Whole Year,Sunflower,2118,1721,0.812559018
Andhra Pradesh,WEST GODAVARI,2006,Whole Year,Sweet potato,1,11,11
Andhra Pradesh,WEST GODAVARI,2006,Whole Year,Tobacco,21129,38374,1.816176819
Andhra Pradesh,WEST GODAVARI,2006,Whole Year,Turmeric,357,2099,5.879551821
Andhra Pradesh,WEST GODAVARI,2007,Kharif,Cotton(lint),5000,18000,3.6
Andhra Pradesh,WEST GODAVARI,2007,Kharif,Groundnut,2000,2000,1
Andhra Pradesh,WEST GODAVARI,2007,Kharif,Maize,2000,18000,9
Andhra Pradesh,WEST GODAVARI,2007,Kharif,Rice,254000,825000,3.248031496
Andhra Pradesh,WEST GODAVARI,2007,Kharif,Urad,1000,1000,1
Andhra Pradesh,WEST GODAVARI,2007,Rabi,Dry chillies,4000,8000,2
Andhra Pradesh,WEST GODAVARI,2007,Rabi,Groundnut,4000,12000,3
Andhra Pradesh,WEST GODAVARI,2007,Rabi,Maize,34000,226000,6.647058824
Andhra Pradesh,WEST GODAVARI,2007,Rabi,Moong(Green Gram),4000,1000,0.25
Andhra Pradesh,WEST GODAVARI,2007,Rabi,Rice,192000,814000,4.239583333
Andhra Pradesh,WEST GODAVARI,2007,Rabi,Sesamum,1000,,
Andhra Pradesh,WEST GODAVARI,2007,Rabi,Sunflower,2000,3000,1.5
Andhra Pradesh,WEST GODAVARI,2007,Rabi,Urad,7000,4000,0.571428571
Andhra Pradesh,WEST GODAVARI,2007,Whole Year,Sugarcane,35000,3331000,95.17142857
Andhra Pradesh,WEST GODAVARI,2007,Whole Year,Tobacco,22000,47000,2.136363636
Andhra Pradesh,WEST GODAVARI,2008,Kharif,Arhar/Tur,259,124,0.478764479
Andhra Pradesh,WEST GODAVARI,2008,Kharif,Cotton(lint),3512,12623,3.594248292
Andhra Pradesh,WEST GODAVARI,2008,Kharif,Dry chillies,40,179,4.475
Andhra Pradesh,WEST GODAVARI,2008,Kharif,Groundnut,2837,3396,1.197039126
Andhra Pradesh,WEST GODAVARI,2008,Kharif,Maize,2919,13626,4.668036999
Andhra Pradesh,WEST GODAVARI,2008,Kharif,Moong(Green Gram),280,110,0.392857143
Andhra Pradesh,WEST GODAVARI,2008,Kharif,Rice,255444,778593,3.047998779
Andhra Pradesh,WEST GODAVARI,2008,Kharif,Sesamum,29,6,0.206896552
Andhra Pradesh,WEST GODAVARI,2008,Kharif,Urad,1222,444,0.363338789
Andhra Pradesh,WEST GODAVARI,2008,Rabi,Dry chillies,2311,5385,2.330160104
Andhra Pradesh,WEST GODAVARI,2008,Rabi,Groundnut,7853,16593,2.112950465
Andhra Pradesh,WEST GODAVARI,2008,Rabi,Horse-gram,499,188,0.376753507
Andhra Pradesh,WEST GODAVARI,2008,Rabi,Jowar,75,354,4.72
Andhra Pradesh,WEST GODAVARI,2008,Rabi,Maize,45181,364972,8.077997388
Andhra Pradesh,WEST GODAVARI,2008,Rabi,Moong(Green Gram),2727,1274,0.467180051
Andhra Pradesh,WEST GODAVARI,2008,Rabi,Rice,195014,821789,4.214000021
Andhra Pradesh,WEST GODAVARI,2008,Rabi,Sesamum,528,95,0.179924242
Andhra Pradesh,WEST GODAVARI,2008,Rabi,Urad,4732,1883,0.397928994
Andhra Pradesh,WEST GODAVARI,2008,Whole Year,Arecanut,9,9,1
Andhra Pradesh,WEST GODAVARI,2008,Whole Year,Banana,7334,142470,19.42596128
Andhra Pradesh,WEST GODAVARI,2008,Whole Year,Cashewnut,36541,15737,0.430666922
Andhra Pradesh,WEST GODAVARI,2008,Whole Year,Coconut,22435,177186204,7897.758146
Andhra Pradesh,WEST GODAVARI,2008,Whole Year,Sugarcane,29394,2981148,101.4202899
Andhra Pradesh,WEST GODAVARI,2008,Whole Year,Sunflower,2340,2368,1.011965812
Andhra Pradesh,WEST GODAVARI,2008,Whole Year,Sweet potato,42,571,13.5952381
Andhra Pradesh,WEST GODAVARI,2008,Whole Year,Tapioca,55,683,12.41818182
Andhra Pradesh,WEST GODAVARI,2008,Whole Year,Tobacco,29053,55748,1.918837986
Andhra Pradesh,WEST GODAVARI,2008,Whole Year,Turmeric,106,728,6.867924528
Andhra Pradesh,WEST GODAVARI,2009,Kharif,Arhar/Tur,894,592,0.662192394
Andhra Pradesh,WEST GODAVARI,2009,Kharif,Cotton(lint),2522,8100,3.211736717
Andhra Pradesh,WEST GODAVARI,2009,Kharif,Groundnut,1350,1496,1.108148148
Andhra Pradesh,WEST GODAVARI,2009,Kharif,Horse-gram,12,8,0.666666667
Andhra Pradesh,WEST GODAVARI,2009,Kharif,Jowar,30,35,1.166666667
Andhra Pradesh,WEST GODAVARI,2009,Kharif,Maize,2213,11196,5.059195662
Andhra Pradesh,WEST GODAVARI,2009,Kharif,Moong(Green Gram),441,78,0.176870748
Andhra Pradesh,WEST GODAVARI,2009,Kharif,Rice,212887,660163,3.10100194
Andhra Pradesh,WEST GODAVARI,2009,Kharif,Sesamum,4,1,0.25
Andhra Pradesh,WEST GODAVARI,2009,Kharif,Soyabean,5,,
Andhra Pradesh,WEST GODAVARI,2009,Kharif,Urad,4654,1373,0.295015041
Andhra Pradesh,WEST GODAVARI,2009,Rabi,Arhar/Tur,231,153,0.662337662
Andhra Pradesh,WEST GODAVARI,2009,Rabi,Dry chillies,1859,3369,1.812264658
Andhra Pradesh,WEST GODAVARI,2009,Rabi,Gram,200,328,1.64
Andhra Pradesh,WEST GODAVARI,2009,Rabi,Groundnut,4840,11882,2.454958678
Andhra Pradesh,WEST GODAVARI,2009,Rabi,Horse-gram,207,129,0.623188406
Andhra Pradesh,WEST GODAVARI,2009,Rabi,Jowar,542,1894,3.494464945
Andhra Pradesh,WEST GODAVARI,2009,Rabi,Maize,44669,311209,6.967001724
Andhra Pradesh,WEST GODAVARI,2009,Rabi,Moong(Green Gram),1935,1279,0.660981912
Andhra Pradesh,WEST GODAVARI,2009,Rabi,Rapeseed &Mustard,65,2,0.030769231
Andhra Pradesh,WEST GODAVARI,2009,Rabi,Rice,115690,454893,3.931999308
Andhra Pradesh,WEST GODAVARI,2009,Rabi,Sesamum,2048,406,0.198242188
Andhra Pradesh,WEST GODAVARI,2009,Rabi,Urad,25236,5779,0.228998256
Andhra Pradesh,WEST GODAVARI,2009,Whole Year,Arecanut,9,9,1
Andhra Pradesh,WEST GODAVARI,2009,Whole Year,Banana,7631,219223,28.72795178
Andhra Pradesh,WEST GODAVARI,2009,Whole Year,Cashewnut,24633,6182,0.250964154
Andhra Pradesh,WEST GODAVARI,2009,Whole Year,Coconut,20504,289443441,14116.43782
Andhra Pradesh,WEST GODAVARI,2009,Whole Year,Sugarcane,20329,2027847,99.75143883
Andhra Pradesh,WEST GODAVARI,2009,Whole Year,Sunflower,4049,3948,0.975055569
Andhra Pradesh,WEST GODAVARI,2009,Whole Year,Sweet potato,2,26,13
Andhra Pradesh,WEST GODAVARI,2009,Whole Year,Tapioca,18,235,13.05555556
Andhra Pradesh,WEST GODAVARI,2009,Whole Year,Tobacco,29229,56548,1.93465394
Andhra Pradesh,WEST GODAVARI,2009,Whole Year,Turmeric,143,891,6.230769231
Andhra Pradesh,WEST GODAVARI,2010,Kharif,Arhar/Tur,334,169,0.505988024
Andhra Pradesh,WEST GODAVARI,2010,Kharif,Cotton(lint),3956,8982,2.270475228
Andhra Pradesh,WEST GODAVARI,2010,Kharif,Groundnut,1524,1888,1.238845144
Andhra Pradesh,WEST GODAVARI,2010,Kharif,Horse-gram,17,8,0.470588235
Andhra Pradesh,WEST GODAVARI,2010,Kharif,Jowar,50,72,1.44
Andhra Pradesh,WEST GODAVARI,2010,Kharif,Maize,1960,11550,5.892857143
Andhra Pradesh,WEST GODAVARI,2010,Kharif,Moong(Green Gram),183,46,0.25136612
Andhra Pradesh,WEST GODAVARI,2010,Kharif,Rice,256147,558800,2.181559807
Andhra Pradesh,WEST GODAVARI,2010,Kharif,Sesamum,43,7,0.162790698
Andhra Pradesh,WEST GODAVARI,2010,Kharif,Urad,861,363,0.421602787
Andhra Pradesh,WEST GODAVARI,2010,Rabi,Arhar/Tur,255,129,0.505882353
Andhra Pradesh,WEST GODAVARI,2010,Rabi,Dry chillies,1628,4560,2.800982801
Andhra Pradesh,WEST GODAVARI,2010,Rabi,Groundnut,4359,10065,2.309015829
Andhra Pradesh,WEST GODAVARI,2010,Rabi,Horse-gram,267,110,0.411985019
Andhra Pradesh,WEST GODAVARI,2010,Rabi,Maize,42722,296106,6.93099574
Andhra Pradesh,WEST GODAVARI,2010,Rabi,Moong(Green Gram),2517,1442,0.572904251
Andhra Pradesh,WEST GODAVARI,2010,Rabi,Rice,200369,931515,4.648997599
Andhra Pradesh,WEST GODAVARI,2010,Rabi,Sesamum,916,209,0.228165939
Andhra Pradesh,WEST GODAVARI,2010,Rabi,Urad,6121,1616,0.264009149
Andhra Pradesh,WEST GODAVARI,2010,Whole Year,Arecanut,20,9,0.45
Andhra Pradesh,WEST GODAVARI,2010,Whole Year,Banana,8420,212967,25.29299287
Andhra Pradesh,WEST GODAVARI,2010,Whole Year,Cashewnut,23379,5700,0.243808546
Andhra Pradesh,WEST GODAVARI,2010,Whole Year,Dry ginger,2,19,9.5
Andhra Pradesh,WEST GODAVARI,2010,Whole Year,Ginger,2,19,9.5
Andhra Pradesh,WEST GODAVARI,2010,Whole Year,Sugarcane,26564,2546933,95.87912212
Andhra Pradesh,WEST GODAVARI,2010,Whole Year,Sunflower,688,855,1.242732558
Andhra Pradesh,WEST GODAVARI,2010,Whole Year,Tapioca,83,547,6.590361446
Andhra Pradesh,WEST GODAVARI,2010,Whole Year,Tobacco,28168,52357,1.858740415
Andhra Pradesh,WEST GODAVARI,2010,Whole Year,Turmeric,302,1844,6.105960265
Andhra Pradesh,WEST GODAVARI,2011,Kharif,Arhar/Tur,141,75,0.531914894
Andhra Pradesh,WEST GODAVARI,2011,Kharif,Cotton(lint),5131,11017,2.147144806
Andhra Pradesh,WEST GODAVARI,2011,Kharif,Cowpea(Lobia),3,1,0.333333333
Andhra Pradesh,WEST GODAVARI,2011,Kharif,Groundnut,1657,2318,1.398913699
Andhra Pradesh,WEST GODAVARI,2011,Kharif,Jowar,66,142,2.151515152
Andhra Pradesh,WEST GODAVARI,2011,Kharif,Maize,3171,18579,5.859035005
Andhra Pradesh,WEST GODAVARI,2011,Kharif,Moong(Green Gram),106,62,0.58490566
Andhra Pradesh,WEST GODAVARI,2011,Kharif,other oilseeds,29025,662844,22.83700258
Andhra Pradesh,WEST GODAVARI,2011,Kharif,Rice,240266,764242,3.180816262
Andhra Pradesh,WEST GODAVARI,2011,Kharif,Sesamum,4,1,0.25
Andhra Pradesh,WEST GODAVARI,2011,Kharif,Urad,1071,537,0.50140056
Andhra Pradesh,WEST GODAVARI,2011,Rabi,Arhar/Tur,82,43,0.524390244
Andhra Pradesh,WEST GODAVARI,2011,Rabi,Cowpea(Lobia),379,302,0.796833773
Andhra Pradesh,WEST GODAVARI,2011,Rabi,Dry chillies,1819,4138,2.274876306
Andhra Pradesh,WEST GODAVARI,2011,Rabi,Groundnut,4820,12069,2.503941909
Andhra Pradesh,WEST GODAVARI,2011,Rabi,Horse-gram,225,94,0.417777778
Andhra Pradesh,WEST GODAVARI,2011,Rabi,Jowar,78,363,4.653846154
Andhra Pradesh,WEST GODAVARI,2011,Rabi,Maize,45188,306058,6.77299283
Andhra Pradesh,WEST GODAVARI,2011,Rabi,Moong(Green Gram),10504,9191,0.875
Andhra Pradesh,WEST GODAVARI,2011,Rabi,Rapeseed &Mustard,39,95,2.435897436
Andhra Pradesh,WEST GODAVARI,2011,Rabi,Rice,123519,544225,4.406002315
Andhra Pradesh,WEST GODAVARI,2011,Rabi,Sesamum,1124,243,0.216192171
Andhra Pradesh,WEST GODAVARI,2011,Rabi,Urad,51696,16233,0.314008821
Andhra Pradesh,WEST GODAVARI,2011,Whole Year,Banana,10098,348290,34.49098831
Andhra Pradesh,WEST GODAVARI,2011,Whole Year,Cashewnut,22134,10636,0.480527695
Andhra Pradesh,WEST GODAVARI,2011,Whole Year,Coconut,20551,343423125,16710.77441
Andhra Pradesh,WEST GODAVARI,2011,Whole Year,Dry ginger,12,111,9.25
Andhra Pradesh,WEST GODAVARI,2011,Whole Year,Sugarcane,27054,2506788,92.65868263
Andhra Pradesh,WEST GODAVARI,2011,Whole Year,Sunflower,548,581,1.060218978
Andhra Pradesh,WEST GODAVARI,2011,Whole Year,Tapioca,84,840,10
Andhra Pradesh,WEST GODAVARI,2011,Whole Year,Tobacco,25908,47275,1.824725953
Andhra Pradesh,WEST GODAVARI,2011,Whole Year,Turmeric,897,6735,7.508361204
Andhra Pradesh,WEST GODAVARI,2012,Kharif,Arhar/Tur,173,136,0.786127168
Andhra Pradesh,WEST GODAVARI,2012,Kharif,Brinjal,666,9077,13.62912913
Andhra Pradesh,WEST GODAVARI,2012,Kharif,Cashewnut,18518,6055,0.326979155
Andhra Pradesh,WEST GODAVARI,2012,Kharif,Cotton(lint),6425,21732,3.382412451
Andhra Pradesh,WEST GODAVARI,2012,Kharif,Groundnut,1482,2439,1.645748988
Andhra Pradesh,WEST GODAVARI,2012,Kharif,Horse-gram,6,4,0.666666667
Andhra Pradesh,WEST GODAVARI,2012,Kharif,Jowar,51,135,2.647058824
Andhra Pradesh,WEST GODAVARI,2012,Kharif,Lemon,3570,30138,8.442016807
Andhra Pradesh,WEST GODAVARI,2012,Kharif,Maize,3392,15681,4.622936321
Andhra Pradesh,WEST GODAVARI,2012,Kharif,Mango,6971,101832,14.60794721
Andhra Pradesh,WEST GODAVARI,2012,Kharif,Moong(Green Gram),247,110,0.44534413
Andhra Pradesh,WEST GODAVARI,2012,Kharif,Papaya,307,33442,108.9315961
Andhra Pradesh,WEST GODAVARI,2012,Kharif,Rice,242832,482993,1.989000626
Andhra Pradesh,WEST GODAVARI,2012,Kharif,Sapota,632,8343,13.20094937
Andhra Pradesh,WEST GODAVARI,2012,Kharif,Sugarcane,24411,2174825,89.0920077
Andhra Pradesh,WEST GODAVARI,2012,Kharif,Tapioca,83,1528,18.40963855
Andhra Pradesh,WEST GODAVARI,2012,Kharif,Tomato,183,3995,21.83060109
Andhra Pradesh,WEST GODAVARI,2012,Kharif,Turmeric,266,1762,6.62406015
Andhra Pradesh,WEST GODAVARI,2012,Kharif,Urad,1649,1167,0.707701637
Andhra Pradesh,WEST GODAVARI,2012,Rabi,Arhar/Tur,57,45,0.789473684
Andhra Pradesh,WEST GODAVARI,2012,Rabi,Brinjal,562,7659,13.62811388
Andhra Pradesh,WEST GODAVARI,2012,Rabi,Cabbage,2,53,26.5
Andhra Pradesh,WEST GODAVARI,2012,Rabi,Cowpea(Lobia),319,292,0.915360502
Andhra Pradesh,WEST GODAVARI,2012,Rabi,Dry chillies,1494,3524,2.358768407
Andhra Pradesh,WEST GODAVARI,2012,Rabi,Groundnut,4966,14789,2.978050745
Andhra Pradesh,WEST GODAVARI,2012,Rabi,Horse-gram,138,77,0.557971014
Andhra Pradesh,WEST GODAVARI,2012,Rabi,Maize,49482,301197,6.087001334
Andhra Pradesh,WEST GODAVARI,2012,Rabi,Moong(Green Gram),5143,4670,0.908030332
Andhra Pradesh,WEST GODAVARI,2012,Rabi,Rice,179674,806377,4.48800049
Andhra Pradesh,WEST GODAVARI,2012,Rabi,Sesamum,648,170,0.262345679
Andhra Pradesh,WEST GODAVARI,2012,Rabi,Sunflower,575,557,0.968695652
Andhra Pradesh,WEST GODAVARI,2012,Rabi,Sweet potato,2,19,9.5
Andhra Pradesh,WEST GODAVARI,2012,Rabi,Tobacco,26693,46701,1.74955981
Andhra Pradesh,WEST GODAVARI,2012,Rabi,Tomato,143,1393,9.741258741
Andhra Pradesh,WEST GODAVARI,2012,Rabi,Urad,7143,6881,0.963320734
Andhra Pradesh,WEST GODAVARI,2012,Whole Year,Coconut,20196,405213000,20064.02258
Andhra Pradesh,WEST GODAVARI,2013,Kharif,Arhar/Tur,127,122,0.960629921
Andhra Pradesh,WEST GODAVARI,2013,Kharif,Brinjal,617,3980,6.450567261
Andhra Pradesh,WEST GODAVARI,2013,Kharif,Cashewnut,17795,6406,0.359988761
Andhra Pradesh,WEST GODAVARI,2013,Kharif,Cotton(lint),5240,13038,2.488167939
Andhra Pradesh,WEST GODAVARI,2013,Kharif,Cowpea(Lobia),19,9,0.473684211
Andhra Pradesh,WEST GODAVARI,2013,Kharif,Groundnut,1091,2042,1.87167736
Andhra Pradesh,WEST GODAVARI,2013,Kharif,Horse-gram,11,6,0.545454545
Andhra Pradesh,WEST GODAVARI,2013,Kharif,Jowar,13,23,1.769230769
Andhra Pradesh,WEST GODAVARI,2013,Kharif,Lemon,3492,26829,7.682989691
Andhra Pradesh,WEST GODAVARI,2013,Kharif,Maize,3156,12649,4.00792142
Andhra Pradesh,WEST GODAVARI,2013,Kharif,Mango,7904,62600,7.920040486
Andhra Pradesh,WEST GODAVARI,2013,Kharif,Moong(Green Gram),464,191,0.411637931
Andhra Pradesh,WEST GODAVARI,2013,Kharif,other oilseeds,34337,768771,22.38899729
Andhra Pradesh,WEST GODAVARI,2013,Kharif,Papaya,327,32012,97.89602446
Andhra Pradesh,WEST GODAVARI,2013,Kharif,Ragi,206,173,0.839805825
Andhra Pradesh,WEST GODAVARI,2013,Kharif,Rice,240396,521419,2.169000316
Andhra Pradesh,WEST GODAVARI,2013,Kharif,Sapota,629,5917,9.406995231
Andhra Pradesh,WEST GODAVARI,2013,Kharif,Sesamum,12,5,0.416666667
Andhra Pradesh,WEST GODAVARI,2013,Kharif,Sugarcane,24026,2214048,92.15216848
Andhra Pradesh,WEST GODAVARI,2013,Kharif,Tapioca,75,1381,18.41333333
Andhra Pradesh,WEST GODAVARI,2013,Kharif,Tomato,247,4416,17.87854251
Andhra Pradesh,WEST GODAVARI,2013,Kharif,Turmeric,199,1325,6.658291457
Andhra Pradesh,WEST GODAVARI,2013,Kharif,Urad,1872,1170,0.625
Andhra Pradesh,WEST GODAVARI,2013,Rabi,Arhar/Tur,80,77,0.9625
Andhra Pradesh,WEST GODAVARI,2013,Rabi,Brinjal,571,3683,6.450087566
Andhra Pradesh,WEST GODAVARI,2013,Rabi,Cabbage,4,75,18.75
Andhra Pradesh,WEST GODAVARI,2013,Rabi,Cowpea(Lobia),526,431,0.819391635
Andhra Pradesh,WEST GODAVARI,2013,Rabi,Dry chillies,1225,2535,2.069387755
Andhra Pradesh,WEST GODAVARI,2013,Rabi,Groundnut,3233,9314,2.880915558
Andhra Pradesh,WEST GODAVARI,2013,Rabi,Horse-gram,121,56,0.462809917
Andhra Pradesh,WEST GODAVARI,2013,Rabi,Jowar,239,1102,4.610878661
Andhra Pradesh,WEST GODAVARI,2013,Rabi,Maize,50712,369082,7.278001262
Andhra Pradesh,WEST GODAVARI,2013,Rabi,Moong(Green Gram),5670,4655,0.820987654
Andhra Pradesh,WEST GODAVARI,2013,Rabi,Rice,180223,820916,4.555001304
Andhra Pradesh,WEST GODAVARI,2013,Rabi,Sesamum,489,103,0.210633947
Andhra Pradesh,WEST GODAVARI,2013,Rabi,Sunflower,748,836,1.117647059
Andhra Pradesh,WEST GODAVARI,2013,Rabi,Tobacco,26471,45260,1.709795625
Andhra Pradesh,WEST GODAVARI,2013,Rabi,Tomato,171,1933,11.30409357
Andhra Pradesh,WEST GODAVARI,2013,Rabi,Urad,6987,7239,1.036066982
Andhra Pradesh,WEST GODAVARI,2013,Whole Year,Banana,9460,205367,21.7089852
Andhra Pradesh,WEST GODAVARI,2013,Whole Year,Cashewnut,17795,6406,0.359988761
Andhra Pradesh,WEST GODAVARI,2013,Whole Year,Coconut,21355,448904000,21021.02552
Andhra Pradesh,WEST GODAVARI,2014,Kharif,Arhar/Tur,90,75,0.833333333
Andhra Pradesh,WEST GODAVARI,2014,Kharif,Brinjal,529,8951,16.92060491
Andhra Pradesh,WEST GODAVARI,2014,Kharif,Cabbage,26,,
Andhra Pradesh,WEST GODAVARI,2014,Kharif,Cashewnut,17678,6435,0.364011766
Andhra Pradesh,WEST GODAVARI,2014,Kharif,Cotton(lint),9795,13807,1.409596733
Andhra Pradesh,WEST GODAVARI,2014,Kharif,Cowpea(Lobia),21,9,0.428571429
Andhra Pradesh,WEST GODAVARI,2014,Kharif,Groundnut,343,554,1.61516035
Andhra Pradesh,WEST GODAVARI,2014,Kharif,Jowar,56,83,1.482142857
Andhra Pradesh,WEST GODAVARI,2014,Kharif,Lemon,3991,29885,7.488098221
Andhra Pradesh,WEST GODAVARI,2014,Kharif,Maize,2637,15445,5.857034509
Andhra Pradesh,WEST GODAVARI,2014,Kharif,Mango,7614,104022,13.66193853
Andhra Pradesh,WEST GODAVARI,2014,Kharif,Moong(Green Gram),634,425,0.670347003
Andhra Pradesh,WEST GODAVARI,2014,Kharif,other oilseeds,36494,795569,21.79999452
Andhra Pradesh,WEST GODAVARI,2014,Kharif,Papaya,229,18034,78.7510917
Andhra Pradesh,WEST GODAVARI,2014,Kharif,Rice,231475,733313,3.168000864
Andhra Pradesh,WEST GODAVARI,2014,Kharif,Sapota,500,3798,7.596
Andhra Pradesh,WEST GODAVARI,2014,Kharif,Sesamum,61,17,0.278688525
Andhra Pradesh,WEST GODAVARI,2014,Kharif,Small millets,10,5,0.5
Andhra Pradesh,WEST GODAVARI,2014,Kharif,Sugarcane,19090,1732242,90.74080671
Andhra Pradesh,WEST GODAVARI,2014,Kharif,Tomato,212,3048,14.37735849
Andhra Pradesh,WEST GODAVARI,2014,Kharif,Turmeric,197,1418,7.197969543
Andhra Pradesh,WEST GODAVARI,2014,Kharif,Urad,3095,3172,1.024878837
Andhra Pradesh,WEST GODAVARI,2014,Rabi,Arhar/Tur,639,534,0.835680751
Andhra Pradesh,WEST GODAVARI,2014,Rabi,Brinjal,492,8325,16.92073171
Andhra Pradesh,WEST GODAVARI,2014,Rabi,Cowpea(Lobia),244,109,0.446721311
Andhra Pradesh,WEST GODAVARI,2014,Rabi,Dry chillies,2489,9294,3.734029731
Andhra Pradesh,WEST GODAVARI,2014,Rabi,Gram,44,85,1.931818182
Andhra Pradesh,WEST GODAVARI,2014,Rabi,Groundnut,2025,5425,2.679012346
Andhra Pradesh,WEST GODAVARI,2014,Rabi,Horse-gram,35,14,0.4
Andhra Pradesh,WEST GODAVARI,2014,Rabi,Jowar,123,556,4.520325203
Andhra Pradesh,WEST GODAVARI,2014,Rabi,Maize,52635,354444,6.73399829
Andhra Pradesh,WEST GODAVARI,2014,Rabi,Moong(Green Gram),8450,6143,0.726982249
Andhra Pradesh,WEST GODAVARI,2014,Rabi,Rice,177811,891011,5.011000444
Andhra Pradesh,WEST GODAVARI,2014,Rabi,Sesamum,727,137,0.188445667
Andhra Pradesh,WEST GODAVARI,2014,Rabi,Sunflower,335,323,0.964179104
Andhra Pradesh,WEST GODAVARI,2014,Rabi,Tobacco,28046,89107,3.177173215
Andhra Pradesh,WEST GODAVARI,2014,Rabi,Tomato,224,3035,13.54910714
Andhra Pradesh,WEST GODAVARI,2014,Rabi,Urad,5418,4833,0.892026578
Andhra Pradesh,WEST GODAVARI,2014,Whole Year,Coconut,21729,718991000,33089.00548
Andhra Pradesh,WEST GODAVARI,2014,Whole Year,Rice,409286,1624324,3.96867716
Arunachal Pradesh,ANJAW,2004,Kharif,Maize,2453,2674,1.090093763
Arunachal Pradesh,ANJAW,2004,Kharif,Rice,3342,1914,0.572710952
Arunachal Pradesh,ANJAW,2004,Kharif,Small millets,532,495,0.930451128
Arunachal Pradesh,ANJAW,2004,Rabi,Wheat,30,60,2
Arunachal Pradesh,ANJAW,2004,Whole Year,Dry chillies,13,18,1.384615385
Arunachal Pradesh,ANJAW,2004,Whole Year,Dry ginger,60,420,7
Arunachal Pradesh,ANJAW,2004,Whole Year,Potato,86,688,8
Arunachal Pradesh,ANJAW,2004,Whole Year,Sugarcane,5,50,10
Arunachal Pradesh,ANJAW,2004,Whole Year,Turmeric,8,20,2.5
Arunachal Pradesh,ANJAW,2005,Kharif,Maize,3000,2700,0.9
Arunachal Pradesh,ANJAW,2005,Kharif,Rice,3400,5000,1.470588235
Arunachal Pradesh,ANJAW,2005,Kharif,Small millets,585,525,0.897435897
Arunachal Pradesh,ANJAW,2005,Rabi,Wheat,32,65,2.03125
Arunachal Pradesh,ANJAW,2005,Whole Year,Dry chillies,20,28,1.4
Arunachal Pradesh,ANJAW,2005,Whole Year,Dry ginger,65,455,7
Arunachal Pradesh,ANJAW,2005,Whole Year,Potato,90,720,8
Arunachal Pradesh,ANJAW,2005,Whole Year,Sugarcane,7,70,10
Arunachal Pradesh,ANJAW,2005,Whole Year,Turmeric,10,25,2.5
Arunachal Pradesh,ANJAW,2006,Kharif,Maize,3234,3719,1.149969079
Arunachal Pradesh,ANJAW,2006,Kharif,Rice,4060,3004,0.739901478
Arunachal Pradesh,ANJAW,2006,Kharif,Small millets,586,492,0.839590444
Arunachal Pradesh,ANJAW,2006,Rabi,Wheat,34,73,2.147058824
Arunachal Pradesh,ANJAW,2006,Whole Year,Dry chillies,21,30,1.428571429
Arunachal Pradesh,ANJAW,2006,Whole Year,Dry ginger,158,1199,7.588607595
Arunachal Pradesh,ANJAW,2006,Whole Year,Oilseeds total,76,75,0.986842105
Arunachal Pradesh,ANJAW,2006,Whole Year,Potato,102,925,9.068627451
Arunachal Pradesh,ANJAW,2006,Whole Year,Sugarcane,7,7,1
Arunachal Pradesh,ANJAW,2006,Whole Year,Turmeric,15,76,5.066666667
Arunachal Pradesh,ANJAW,2007,Kharif,Maize,3360,3763,1.119940476
Arunachal Pradesh,ANJAW,2007,Kharif,Rice,4085,2530,0.619339045
Arunachal Pradesh,ANJAW,2007,Kharif,Small millets,635,521,0.820472441
Arunachal Pradesh,ANJAW,2007,Rabi,Wheat,30,48,1.6
Arunachal Pradesh,ANJAW,2007,Whole Year,Dry chillies,22,314,14.27272727
Arunachal Pradesh,ANJAW,2007,Whole Year,Dry ginger,160,1179,7.36875
Arunachal Pradesh,ANJAW,2007,Whole Year,Oilseeds total,95,98,1.031578947
Arunachal Pradesh,ANJAW,2007,Whole Year,Potato,104,847,8.144230769
Arunachal Pradesh,ANJAW,2007,Whole Year,Sugarcane,6,36,6
Arunachal Pradesh,ANJAW,2007,Whole Year,Turmeric,18,90,5
Arunachal Pradesh,ANJAW,2008,Kharif,Maize,3461,4049,1.169893094
Arunachal Pradesh,ANJAW,2008,Kharif,Rice,3901,2516,0.64496283
Arunachal Pradesh,ANJAW,2008,Kharif,Small millets,667,553,0.829085457
Arunachal Pradesh,ANJAW,2008,Rabi,Wheat,30,49,1.633333333
Arunachal Pradesh,ANJAW,2008,Whole Year,Dry chillies,20,26,1.3
Arunachal Pradesh,ANJAW,2008,Whole Year,Dry ginger,168,1267,7.541666667
Arunachal Pradesh,ANJAW,2008,Whole Year,Oilseeds total,100,95,0.95
Arunachal Pradesh,ANJAW,2008,Whole Year,Potato,115,936,8.139130435
Arunachal Pradesh,ANJAW,2008,Whole Year,Sugarcane,7,38,5.428571429
Arunachal Pradesh,ANJAW,2008,Whole Year,Turmeric,19,93,4.894736842
Arunachal Pradesh,ANJAW,2009,Kharif,Maize,3490,4257,1.219770774
Arunachal Pradesh,ANJAW,2009,Kharif,Rice,3945,2355.33,0.597041825
Arunachal Pradesh,ANJAW,2009,Kharif,Small millets,675,499,0.739259259
Arunachal Pradesh,ANJAW,2009,Rabi,Wheat,25,37,1.48
Arunachal Pradesh,ANJAW,2009,Whole Year,Dry chillies,18,25,1.388888889
Arunachal Pradesh,ANJAW,2009,Whole Year,Dry ginger,200,1600,8
Arunachal Pradesh,ANJAW,2009,Whole Year,Oilseeds total,3945,3533,0.895564005
Arunachal Pradesh,ANJAW,2009,Whole Year,Potato,120,1080,9
Arunachal Pradesh,ANJAW,2009,Whole Year,Sugarcane,6,31,5.166666667
Arunachal Pradesh,ANJAW,2009,Whole Year,Turmeric,22,66,3
Arunachal Pradesh,ANJAW,2010,Kharif,Maize,3450,4485,1.3
Arunachal Pradesh,ANJAW,2010,Kharif,Rice,3949,3631,0.919473284
Arunachal Pradesh,ANJAW,2010,Kharif,Small millets,695,556,0.8
Arunachal Pradesh,ANJAW,2010,Rabi,Wheat,10,15,1.5
Arunachal Pradesh,ANJAW,2010,Whole Year,Dry chillies,20,30,1.5
Arunachal Pradesh,ANJAW,2010,Whole Year,Dry ginger,115,920,8
Arunachal Pradesh,ANJAW,2010,Whole Year,Oilseeds total,137,137,1
Arunachal Pradesh,ANJAW,2010,Whole Year,Potato,110,935,8.5
Arunachal Pradesh,ANJAW,2010,Whole Year,Turmeric,20,50,2.5
Arunachal Pradesh,ANJAW,2011,Kharif,Maize,3560,4747,1.333426966
Arunachal Pradesh,ANJAW,2011,Kharif,Rice,3489,2988,0.856405847
Arunachal Pradesh,ANJAW,2011,Kharif,Small millets,1381,1104,0.79942071
Arunachal Pradesh,ANJAW,2011,Rabi,Wheat,10,16,1.6
Arunachal Pradesh,ANJAW,2011,Whole Year,Dry chillies,22,35,1.590909091
Arunachal Pradesh,ANJAW,2011,Whole Year,Dry ginger,118,950,8.050847458
Arunachal Pradesh,ANJAW,2011,Whole Year,Oilseeds total,139,154,1.107913669
Arunachal Pradesh,ANJAW,2011,Whole Year,Potato,117,1043,8.914529915
Arunachal Pradesh,ANJAW,2011,Whole Year,Turmeric,20,51,2.55
Arunachal Pradesh,ANJAW,2012,Kharif,Maize,3995,3885,0.972465582
Arunachal Pradesh,ANJAW,2012,Kharif,Rice,3561,2996,0.841336703
Arunachal Pradesh,ANJAW,2012,Kharif,Small millets,1381,1105,0.800144823
Arunachal Pradesh,ANJAW,2012,Rabi,Wheat,13,20,1.538461538
Arunachal Pradesh,ANJAW,2012,Whole Year,Dry chillies,24,96,4
Arunachal Pradesh,ANJAW,2012,Whole Year,Dry ginger,120,980,8.166666667
Arunachal Pradesh,ANJAW,2012,Whole Year,Oilseeds total,139,139,1
Arunachal Pradesh,ANJAW,2012,Whole Year,Potato,120,1022,8.516666667
Arunachal Pradesh,ANJAW,2012,Whole Year,Turmeric,18,41,2.277777778
Arunachal Pradesh,ANJAW,2013,Kharif,Maize,3595,3885,1.080667594
Arunachal Pradesh,ANJAW,2013,Kharif,Rice,3561,2624,0.736871665
Arunachal Pradesh,ANJAW,2013,Kharif,Small millets,1381,1105,0.800144823
Arunachal Pradesh,ANJAW,2013,Rabi,Wheat,13,20,1.538461538
Arunachal Pradesh,ANJAW,2013,Whole Year,Dry chillies,24,95,3.958333333
Arunachal Pradesh,ANJAW,2013,Whole Year,Dry ginger,120,980,8.166666667
Arunachal Pradesh,ANJAW,2013,Whole Year,Oilseeds total,139,139,1
Arunachal Pradesh,ANJAW,2013,Whole Year,Potato,120,1022,8.516666667
Arunachal Pradesh,ANJAW,2013,Whole Year,Turmeric,18,40,2.222222222
Arunachal Pradesh,ANJAW,2014,Kharif,Maize,1290,3197,2.478294574
Arunachal Pradesh,ANJAW,2014,Kharif,Rice,3561,2394,0.672283067
Arunachal Pradesh,ANJAW,2014,Kharif,Small millets,2367,2792,1.179552176
Arunachal Pradesh,ANJAW,2014,Whole Year,Dry chillies,28,57,2.035714286
Arunachal Pradesh,ANJAW,2014,Whole Year,Dry ginger,63,1270,20.15873016
Arunachal Pradesh,ANJAW,2014,Whole Year,Oilseeds total,254,246,0.968503937
Arunachal Pradesh,ANJAW,2014,Whole Year,Potato,33,138,4.181818182
Arunachal Pradesh,ANJAW,2014,Whole Year,Turmeric,27,613,22.7037037
Arunachal Pradesh,CHANGLANG,1997,Kharif,Maize,1520,2725,1.792763158
Arunachal Pradesh,CHANGLANG,1997,Kharif,Rice,11500,13800,1.2
Arunachal Pradesh,CHANGLANG,1997,Kharif,Sesamum,424,313,0.738207547
Arunachal Pradesh,CHANGLANG,1997,Kharif,Small millets,2000,1500,0.75
Arunachal Pradesh,CHANGLANG,1997,Kharif,Soyabean,373,450,1.206434316
Arunachal Pradesh,CHANGLANG,1997,Kharif,Sunflower,51,24,0.470588235
Arunachal Pradesh,CHANGLANG,1997,Rabi,Groundnut,285,277,0.971929825
Arunachal Pradesh,CHANGLANG,1997,Rabi,Rapeseed &Mustard,4205,3300,0.784780024
Arunachal Pradesh,CHANGLANG,1997,Rabi,Sugarcane,230,4695,20.41304348
Arunachal Pradesh,CHANGLANG,1997,Rabi,Wheat,240,260,1.083333333
Arunachal Pradesh,CHANGLANG,1997,Whole Year,Oilseeds total,5500,4450,0.809090909
Arunachal Pradesh,CHANGLANG,1998,Kharif,Maize,1575,2450,1.555555556
Arunachal Pradesh,CHANGLANG,1998,Kharif,Rice,11550,14316,1.239480519
Arunachal Pradesh,CHANGLANG,1998,Kharif,Sesamum,430,244,0.56744186
Arunachal Pradesh,CHANGLANG,1998,Kharif,Small millets,2000,1305,0.6525
Arunachal Pradesh,CHANGLANG,1998,Kharif,Soyabean,520,592,1.138461538
Arunachal Pradesh,CHANGLANG,1998,Kharif,Sunflower,55,20,0.363636364
Arunachal Pradesh,CHANGLANG,1998,Rabi,Groundnut,120,126,1.05
Arunachal Pradesh,CHANGLANG,1998,Rabi,Rapeseed &Mustard,4215,3200,0.759193357
Arunachal Pradesh,CHANGLANG,1998,Rabi,Wheat,225,230,1.022222222
Arunachal Pradesh,CHANGLANG,1998,Whole Year,Dry chillies,535,470,0.878504673
Arunachal Pradesh,CHANGLANG,1998,Whole Year,Dry ginger,150,795,5.3
Arunachal Pradesh,CHANGLANG,1998,Whole Year,Oilseeds total,5625,4295,0.763555556
Arunachal Pradesh,CHANGLANG,1998,Whole Year,Potato,350,1650,4.714285714
Arunachal Pradesh,CHANGLANG,1998,Whole Year,Sugarcane,240,4650,19.375
Arunachal Pradesh,CHANGLANG,1998,Whole Year,Turmeric,105,535,5.095238095
Arunachal Pradesh,CHANGLANG,1999,Kharif,Maize,1620,2610,1.611111111
Arunachal Pradesh,CHANGLANG,1999,Kharif,Rice,11600,13733,1.18387931
Arunachal Pradesh,CHANGLANG,1999,Kharif,Small millets,2000,1375,0.6875
Arunachal Pradesh,CHANGLANG,1999,Rabi,Wheat,225,235,1.044444444
Arunachal Pradesh,CHANGLANG,1999,Whole Year,Dry chillies,540,485,0.898148148
Arunachal Pradesh,CHANGLANG,1999,Whole Year,Dry ginger,155,850,5.483870968
Arunachal Pradesh,CHANGLANG,1999,Whole Year,Oilseeds total,5675,4475,0.788546256
Arunachal Pradesh,CHANGLANG,1999,Whole Year,Potato,350,1775,5.071428571
Arunachal Pradesh,CHANGLANG,1999,Whole Year,Pulses total,1190,775,0.651260504
Arunachal Pradesh,CHANGLANG,1999,Whole Year,Sugarcane,255,4800,18.82352941
Arunachal Pradesh,CHANGLANG,1999,Whole Year,Turmeric,110,565,5.136363636
Arunachal Pradesh,CHANGLANG,2000,Kharif,Maize,864,1322,1.530092593
Arunachal Pradesh,CHANGLANG,2000,Kharif,Rice,11925,16387,1.374171908
Arunachal Pradesh,CHANGLANG,2000,Kharif,Small millets,2000,1375,0.6875
Arunachal Pradesh,CHANGLANG,2000,Rabi,Wheat,225,235,1.044444444
Arunachal Pradesh,CHANGLANG,2000,Whole Year,Dry chillies,314,415,1.321656051
Arunachal Pradesh,CHANGLANG,2000,Whole Year,Dry ginger,437,2308,5.281464531
Arunachal Pradesh,CHANGLANG,2000,Whole Year,Oilseeds total,3484,2857,0.820034443
Arunachal Pradesh,CHANGLANG,2000,Whole Year,Potato,755,3238,4.288741722
Arunachal Pradesh,CHANGLANG,2000,Whole Year,Pulses total,293,238,0.812286689
Arunachal Pradesh,CHANGLANG,2000,Whole Year,Sugarcane,215,648,3.013953488
Arunachal Pradesh,CHANGLANG,2000,Whole Year,Turmeric,99,455,4.595959596
Arunachal Pradesh,CHANGLANG,2001,Kharif,Maize,985,1473,1.495431472
Arunachal Pradesh,CHANGLANG,2001,Kharif,Rice,11857,16250,1.37049844
Arunachal Pradesh,CHANGLANG,2001,Kharif,Small millets,2010,1608,0.8
Arunachal Pradesh,CHANGLANG,2001,Rabi,Wheat,200,220,1.1
Arunachal Pradesh,CHANGLANG,2001,Whole Year,Dry chillies,308,410,1.331168831
Arunachal Pradesh,CHANGLANG,2001,Whole Year,Dry ginger,477,2242,4.700209644
Arunachal Pradesh,CHANGLANG,2001,Whole Year,Oilseeds total,3509,2864,0.816186948
Arunachal Pradesh,CHANGLANG,2001,Whole Year,Potato,25,133,5.32
Arunachal Pradesh,CHANGLANG,2001,Whole Year,Pulses total,297,230,0.774410774
Arunachal Pradesh,CHANGLANG,2001,Whole Year,Sugarcane,220,605,2.75
Arunachal Pradesh,CHANGLANG,2001,Whole Year,Turmeric,95,444,4.673684211
Arunachal Pradesh,CHANGLANG,2002,Kharif,Maize,915,1373,1.500546448
Arunachal Pradesh,CHANGLANG,2002,Kharif,Rice,11860,16780,1.414839798
Arunachal Pradesh,CHANGLANG,2002,Kharif,Small millets,2020,1616,0.8
Arunachal Pradesh,CHANGLANG,2002,Rabi,Wheat,200,320,1.6
Arunachal Pradesh,CHANGLANG,2002,Whole Year,Dry chillies,320,480,1.5
Arunachal Pradesh,CHANGLANG,2002,Whole Year,Dry ginger,450,2475,5.5
Arunachal Pradesh,CHANGLANG,2002,Whole Year,Oilseeds total,3500,2887,0.824857143
Arunachal Pradesh,CHANGLANG,2002,Whole Year,Potato,50,290,5.8
Arunachal Pradesh,CHANGLANG,2002,Whole Year,Pulses total,300,305,1.016666667
Arunachal Pradesh,CHANGLANG,2002,Whole Year,Sugarcane,170,510,3
Arunachal Pradesh,CHANGLANG,2002,Whole Year,Turmeric,80,416,5.2
Arunachal Pradesh,CHANGLANG,2003,Kharif,Maize,918,1432,1.559912854
Arunachal Pradesh,CHANGLANG,2003,Kharif,Rice,11867,18508,1.559619112
Arunachal Pradesh,CHANGLANG,2003,Kharif,Small millets,2000,1640,0.82
Arunachal Pradesh,CHANGLANG,2003,Rabi,Wheat,205,392,1.912195122
Arunachal Pradesh,CHANGLANG,2003,Whole Year,Dry chillies,345,534,1.547826087
Arunachal Pradesh,CHANGLANG,2003,Whole Year,Dry ginger,425,2402,5.651764706
Arunachal Pradesh,CHANGLANG,2003,Whole Year,Oilseeds total,3522,2556,0.72572402
Arunachal Pradesh,CHANGLANG,2003,Whole Year,Potato,48,264,5.5
Arunachal Pradesh,CHANGLANG,2003,Whole Year,Pulses total,310,328,1.058064516
Arunachal Pradesh,CHANGLANG,2003,Whole Year,Sugarcane,145,975,6.724137931
Arunachal Pradesh,CHANGLANG,2003,Whole Year,Turmeric,65,335,5.153846154
Arunachal Pradesh,CHANGLANG,2004,Kharif,Maize,920,1440,1.565217391
Arunachal Pradesh,CHANGLANG,2004,Kharif,Rice,11885,18630,1.567522087
Arunachal Pradesh,CHANGLANG,2004,Kharif,Small millets,2050,1640,0.8
Arunachal Pradesh,CHANGLANG,2004,Rabi,Wheat,210,401,1.90952381
Arunachal Pradesh,CHANGLANG,2004,Whole Year,Dry chillies,400,415,1.0375
Arunachal Pradesh,CHANGLANG,2004,Whole Year,Dry ginger,20,145,7.25
Arunachal Pradesh,CHANGLANG,2004,Whole Year,Oilseeds total,3540,2578,0.728248588
Arunachal Pradesh,CHANGLANG,2004,Whole Year,Potato,104,959,9.221153846
Arunachal Pradesh,CHANGLANG,2004,Whole Year,Sugarcane,100,1600,16
Arunachal Pradesh,CHANGLANG,2005,Kharif,Maize,1460,2090,1.431506849
Arunachal Pradesh,CHANGLANG,2005,Kharif,Rice,11905,18667,1.56799664
Arunachal Pradesh,CHANGLANG,2005,Kharif,Small millets,2060,1668,0.809708738
Arunachal Pradesh,CHANGLANG,2005,Rabi,Wheat,160,240,1.5
Arunachal Pradesh,CHANGLANG,2005,Whole Year,Dry chillies,719,982,1.365785814
Arunachal Pradesh,CHANGLANG,2005,Whole Year,Dry ginger,475,2707,5.698947368
Arunachal Pradesh,CHANGLANG,2005,Whole Year,Oilseeds total,3577,2647,0.740005591
Arunachal Pradesh,CHANGLANG,2005,Whole Year,Potato,60,390,6.5
Arunachal Pradesh,CHANGLANG,2005,Whole Year,Sugarcane,214,1498,7
Arunachal Pradesh,CHANGLANG,2005,Whole Year,Turmeric,80,408,5.1
Arunachal Pradesh,CHANGLANG,2006,Kharif,Maize,762,1204,1.580052493
Arunachal Pradesh,CHANGLANG,2006,Kharif,Rice,6191,10606,1.713131966
Arunachal Pradesh,CHANGLANG,2006,Kharif,Small millets,1243,1007,0.810136766
Arunachal Pradesh,CHANGLANG,2006,Rabi,Wheat,170,283,1.664705882
Arunachal Pradesh,CHANGLANG,2006,Whole Year,Dry chillies,329,472,1.434650456
Arunachal Pradesh,CHANGLANG,2006,Whole Year,Dry ginger,322,1752,5.440993789
Arunachal Pradesh,CHANGLANG,2006,Whole Year,Oilseeds total,790,758,0.959493671
Arunachal Pradesh,CHANGLANG,2006,Whole Year,Potato,68,456,6.705882353
Arunachal Pradesh,CHANGLANG,2006,Whole Year,Sugarcane,392,2779,7.089285714
Arunachal Pradesh,CHANGLANG,2006,Whole Year,Turmeric,51,259,5.078431373
Arunachal Pradesh,CHANGLANG,2007,Kharif,Maize,1181,1759,1.489415749
Arunachal Pradesh,CHANGLANG,2007,Kharif,Rice,15622,27398,1.753808731
Arunachal Pradesh,CHANGLANG,2007,Kharif,Small millets,2172,1759,0.80985267
Arunachal Pradesh,CHANGLANG,2007,Rabi,Wheat,268,482,1.798507463
Arunachal Pradesh,CHANGLANG,2007,Whole Year,Dry chillies,700,990,1.414285714
Arunachal Pradesh,CHANGLANG,2007,Whole Year,Dry ginger,483,3043,6.300207039
Arunachal Pradesh,CHANGLANG,2007,Whole Year,Oilseeds total,3991,2996,0.75068905
Arunachal Pradesh,CHANGLANG,2007,Whole Year,Potato,31,180,5.806451613
Arunachal Pradesh,CHANGLANG,2007,Whole Year,Sugarcane,426,4899,11.5
Arunachal Pradesh,CHANGLANG,2007,Whole Year,Turmeric,53,276,5.20754717
Arunachal Pradesh,CHANGLANG,2008,Kharif,Maize,1227,1346,1.096984515
Arunachal Pradesh,CHANGLANG,2008,Kharif,Rice,16763,35010,2.088528306
Arunachal Pradesh,CHANGLANG,2008,Kharif,Small millets,2177,2120,0.97381718
Arunachal Pradesh,CHANGLANG,2008,Rabi,Wheat,274,548,2
Arunachal Pradesh,CHANGLANG,2008,Whole Year,Dry chillies,634,992,1.56466877
Arunachal Pradesh,CHANGLANG,2008,Whole Year,Dry ginger,494,3531,7.147773279
Arunachal Pradesh,CHANGLANG,2008,Whole Year,Oilseeds total,4025,3024,0.751304348
Arunachal Pradesh,CHANGLANG,2008,Whole Year,Potato,20,120,6
Arunachal Pradesh,CHANGLANG,2008,Whole Year,Sugarcane,480,6211,12.93958333
Arunachal Pradesh,CHANGLANG,2008,Whole Year,Turmeric,63,353,5.603174603
Arunachal Pradesh,CHANGLANG,2009,Kharif,Maize,635,794,1.250393701
Arunachal Pradesh,CHANGLANG,2009,Kharif,Rice,8519,15639.33,1.835817584
Arunachal Pradesh,CHANGLANG,2009,Kharif,Small millets,1470,1441,0.980272109
Arunachal Pradesh,CHANGLANG,2009,Rabi,Wheat,285,576,2.021052632
Arunachal Pradesh,CHANGLANG,2009,Whole Year,Dry chillies,710,1079,1.51971831
Arunachal Pradesh,CHANGLANG,2009,Whole Year,Dry ginger,530,3816,7.2
Arunachal Pradesh,CHANGLANG,2009,Whole Year,Oilseeds total,8519,23459,2.753726963
Arunachal Pradesh,CHANGLANG,2009,Whole Year,Potato,65,422,6.492307692
Arunachal Pradesh,CHANGLANG,2009,Whole Year,Sugarcane,545,7090,13.00917431
Arunachal Pradesh,CHANGLANG,2009,Whole Year,Turmeric,85,578,6.8
Arunachal Pradesh,CHANGLANG,2010,Kharif,Maize,860,1118,1.3
Arunachal Pradesh,CHANGLANG,2010,Kharif,Rice,9585,18265,1.905581638
Arunachal Pradesh,CHANGLANG,2010,Kharif,Small millets,1544,1513,0.97992228
Arunachal Pradesh,CHANGLANG,2010,Rabi,Wheat,280,574,2.05
Arunachal Pradesh,CHANGLANG,2010,Whole Year,Dry chillies,700,1064,1.52
Arunachal Pradesh,CHANGLANG,2010,Whole Year,Dry ginger,560,4032,7.2
Arunachal Pradesh,CHANGLANG,2010,Whole Year,Oilseeds total,4608,4591,0.996310764
Arunachal Pradesh,CHANGLANG,2010,Whole Year,Potato,112,709,6.330357143
Arunachal Pradesh,CHANGLANG,2010,Whole Year,Sugarcane,595,7740,13.00840336
Arunachal Pradesh,CHANGLANG,2010,Whole Year,Turmeric,90,585,6.5
Arunachal Pradesh,CHANGLANG,2011,Kharif,Maize,887,1183,1.333709132
Arunachal Pradesh,CHANGLANG,2011,Kharif,Rice,10260,20873,2.034405458
Arunachal Pradesh,CHANGLANG,2011,Kharif,Small millets,1250,1167,0.9336
Arunachal Pradesh,CHANGLANG,2011,Rabi,Wheat,280,635,2.267857143
Arunachal Pradesh,CHANGLANG,2011,Whole Year,Dry chillies,788,1254,1.591370558
Arunachal Pradesh,CHANGLANG,2011,Whole Year,Dry ginger,577,4163,7.214904679
Arunachal Pradesh,CHANGLANG,2011,Whole Year,Oilseeds total,4702,5179,1.101446193
Arunachal Pradesh,CHANGLANG,2011,Whole Year,Potato,119,791,6.647058824
Arunachal Pradesh,CHANGLANG,2011,Whole Year,Sugarcane,620,8196,13.21935484
Arunachal Pradesh,CHANGLANG,2011,Whole Year,Turmeric,92,602,6.543478261
Arunachal Pradesh,CHANGLANG,2012,Kharif,Maize,875,1050,1.2
Arunachal Pradesh,CHANGLANG,2012,Kharif,Rice,9605,19512,2.031441957
Arunachal Pradesh,CHANGLANG,2012,Kharif,Small millets,1573,1573,1
Arunachal Pradesh,CHANGLANG,2012,Rabi,Wheat,297,613,2.063973064
Arunachal Pradesh,CHANGLANG,2012,Whole Year,Dry chillies,720,1080,1.5
Arunachal Pradesh,CHANGLANG,2012,Whole Year,Dry ginger,500,3865,7.73
Arunachal Pradesh,CHANGLANG,2012,Whole Year,Oilseeds total,4640,4058,0.874568966
Arunachal Pradesh,CHANGLANG,2012,Whole Year,Potato,105,683,6.504761905
Arunachal Pradesh,CHANGLANG,2012,Whole Year,Turmeric,85,553,6.505882353
Arunachal Pradesh,CHANGLANG,2013,Kharif,Maize,880,1074,1.220454545
Arunachal Pradesh,CHANGLANG,2013,Kharif,Rice,9681,19750,2.040078504
Arunachal Pradesh,CHANGLANG,2013,Kharif,Small millets,1580,909,0.575316456
Arunachal Pradesh,CHANGLANG,2013,Rabi,Wheat,280,521,1.860714286
Arunachal Pradesh,CHANGLANG,2013,Whole Year,Dry chillies,722,2527,3.5
Arunachal Pradesh,CHANGLANG,2013,Whole Year,Dry ginger,505,3904,7.730693069
Arunachal Pradesh,CHANGLANG,2013,Whole Year,Oilseeds total,4678,3713,0.793715263
Arunachal Pradesh,CHANGLANG,2013,Whole Year,Potato,110,715,6.5
Arunachal Pradesh,CHANGLANG,2013,Whole Year,Sugarcane,561,7097,12.65062389
Arunachal Pradesh,CHANGLANG,2013,Whole Year,Turmeric,86,559,6.5
Arunachal Pradesh,CHANGLANG,2014,Kharif,Maize,945,1476,1.561904762
Arunachal Pradesh,CHANGLANG,2014,Kharif,Rice,9081,20169,2.221010902
Arunachal Pradesh,CHANGLANG,2014,Kharif,Small millets,1797,1121,0.623817474
Arunachal Pradesh,CHANGLANG,2014,Rabi,Wheat,373,858,2.300268097
Arunachal Pradesh,CHANGLANG,2014,Whole Year,Dry chillies,733,2489,3.395634379
Arunachal Pradesh,CHANGLANG,2014,Whole Year,Dry ginger,592,4194,7.084459459
Arunachal Pradesh,CHANGLANG,2014,Whole Year,Oilseeds total,4793,3820,0.796995619
Arunachal Pradesh,CHANGLANG,2014,Whole Year,Potato,129,1101,8.534883721
Arunachal Pradesh,CHANGLANG,2014,Whole Year,Sugarcane,586,7614,12.99317406
Arunachal Pradesh,CHANGLANG,2014,Whole Year,Turmeric,95,94,0.989473684
Arunachal Pradesh,DIBANG VALLEY,1997,Kharif,Maize,5212,7557,1.449923254
Arunachal Pradesh,DIBANG VALLEY,1997,Kharif,Rice,10310,12400,1.20271581
Arunachal Pradesh,DIBANG VALLEY,1997,Kharif,Sesamum,130,100,0.769230769
Arunachal Pradesh,DIBANG VALLEY,1997,Kharif,Small millets,603,724,1.20066335
Arunachal Pradesh,DIBANG VALLEY,1997,Kharif,Soyabean,290,653,2.251724138
Arunachal Pradesh,DIBANG VALLEY,1997,Kharif,Sunflower,20,10,0.5
Arunachal Pradesh,DIBANG VALLEY,1997,Rabi,Groundnut,80,95,1.1875
Arunachal Pradesh,DIBANG VALLEY,1997,Rabi,Rapeseed &Mustard,2780,2700,0.971223022
Arunachal Pradesh,DIBANG VALLEY,1997,Rabi,Wheat,196,294,1.5
Arunachal Pradesh,DIBANG VALLEY,1997,Whole Year,Oilseeds total,3500,3625,1.035714286
Arunachal Pradesh,DIBANG VALLEY,1998,Kharif,Maize,5225,7628,1.459904306
Arunachal Pradesh,DIBANG VALLEY,1998,Kharif,Rice,10320,12900,1.25
Arunachal Pradesh,DIBANG VALLEY,1998,Kharif,Sesamum,133,95,0.714285714
Arunachal Pradesh,DIBANG VALLEY,1998,Kharif,Soyabean,335,670,2
Arunachal Pradesh,DIBANG VALLEY,1998,Kharif,Sunflower,20,10,0.5
Arunachal Pradesh,DIBANG VALLEY,1998,Rabi,Groundnut,40,30,0.75
Arunachal Pradesh,DIBANG VALLEY,1998,Rabi,Rapeseed &Mustard,2790,3071,1.100716846
Arunachal Pradesh,DIBANG VALLEY,1998,Rabi,Wheat,100,140,1.4
Arunachal Pradesh,DIBANG VALLEY,1998,Whole Year,Dry chillies,50,85,1.7
Arunachal Pradesh,DIBANG VALLEY,1998,Whole Year,Dry ginger,2300,17250,7.5
Arunachal Pradesh,DIBANG VALLEY,1998,Whole Year,Oilseeds total,3555,4194,1.179746835
Arunachal Pradesh,DIBANG VALLEY,1998,Whole Year,Potato,480,2400,5
Arunachal Pradesh,DIBANG VALLEY,1999,Kharif,Maize,6186,8245,1.332848367
Arunachal Pradesh,DIBANG VALLEY,1999,Kharif,Rice,10000,13237,1.3237
Arunachal Pradesh,DIBANG VALLEY,1999,Kharif,Small millets,1000,900,0.9
Arunachal Pradesh,DIBANG VALLEY,1999,Rabi,Wheat,131,350,2.671755725
Arunachal Pradesh,DIBANG VALLEY,1999,Whole Year,Dry chillies,75,130,1.733333333
Arunachal Pradesh,DIBANG VALLEY,1999,Whole Year,Dry ginger,2310,19635,8.5
Arunachal Pradesh,DIBANG VALLEY,1999,Whole Year,Oilseeds total,3800,4000,1.052631579
Arunachal Pradesh,DIBANG VALLEY,1999,Whole Year,Potato,490,2940,6
Arunachal Pradesh,DIBANG VALLEY,1999,Whole Year,Pulses total,411,411,1
Arunachal Pradesh,DIBANG VALLEY,2000,Kharif,Maize,5780,8900,1.539792388
Arunachal Pradesh,DIBANG VALLEY,2000,Kharif,Rice,10450,13400,1.282296651
Arunachal Pradesh,DIBANG VALLEY,2000,Kharif,Small millets,1350,920,0.681481481
Arunachal Pradesh,DIBANG VALLEY,2000,Rabi,Wheat,170,250,1.470588235
Arunachal Pradesh,DIBANG VALLEY,2000,Whole Year,Dry chillies,80,320,4
Arunachal Pradesh,DIBANG VALLEY,2000,Whole Year,Dry ginger,2415,16905,7
Arunachal Pradesh,DIBANG VALLEY,2000,Whole Year,Oilseeds total,3860,4100,1.062176166
Arunachal Pradesh,DIBANG VALLEY,2000,Whole Year,Potato,510,2877,5.641176471
Arunachal Pradesh,DIBANG VALLEY,2000,Whole Year,Pulses total,340,470,1.382352941
Arunachal Pradesh,DIBANG VALLEY,2000,Whole Year,Sugarcane,100,2000,20
Arunachal Pradesh,DIBANG VALLEY,2000,Whole Year,Turmeric,50,400,8
Arunachal Pradesh,DIBANG VALLEY,2001,Kharif,Maize,2550,3050,1.196078431
Arunachal Pradesh,DIBANG VALLEY,2001,Kharif,Rice,5400,3840,0.711111111
Arunachal Pradesh,DIBANG VALLEY,2001,Kharif,Small millets,4000,2950,0.7375
Arunachal Pradesh,DIBANG VALLEY,2001,Rabi,Wheat,15,25,1.666666667
Arunachal Pradesh,DIBANG VALLEY,2001,Whole Year,Dry chillies,110,145,1.318181818
Arunachal Pradesh,DIBANG VALLEY,2001,Whole Year,Dry ginger,2420,21780,9
Arunachal Pradesh,DIBANG VALLEY,2001,Whole Year,Oilseeds total,4225,4647,1.099881657
Arunachal Pradesh,DIBANG VALLEY,2001,Whole Year,Potato,520,3640,7
Arunachal Pradesh,DIBANG VALLEY,2001,Whole Year,Pulses total,850,850,1
Arunachal Pradesh,DIBANG VALLEY,2001,Whole Year,Sugarcane,80,1680,21
Arunachal Pradesh,DIBANG VALLEY,2001,Whole Year,Turmeric,60,400,6.666666667
Arunachal Pradesh,DIBANG VALLEY,2002,Kharif,Maize,936,389,0.415598291
Arunachal Pradesh,DIBANG VALLEY,2002,Kharif,Rice,1691,1522,0.900059137
Arunachal Pradesh,DIBANG VALLEY,2002,Kharif,Small millets,233,174,0.746781116
Arunachal Pradesh,DIBANG VALLEY,2002,Whole Year,Dry chillies,17,25,1.470588235
Arunachal Pradesh,DIBANG VALLEY,2002,Whole Year,Dry ginger,3,50,16.66666667
Arunachal Pradesh,DIBANG VALLEY,2002,Whole Year,Oilseeds total,80,56,0.7
Arunachal Pradesh,DIBANG VALLEY,2002,Whole Year,Potato,50,325,6.5
Arunachal Pradesh,DIBANG VALLEY,2002,Whole Year,Pulses total,73,58,0.794520548
Arunachal Pradesh,DIBANG VALLEY,2003,Kharif,Maize,950,1045,1.1
Arunachal Pradesh,DIBANG VALLEY,2003,Kharif,Rice,1700,1700,1
Arunachal Pradesh,DIBANG VALLEY,2003,Kharif,Small millets,240,204,0.85
Arunachal Pradesh,DIBANG VALLEY,2003,Whole Year,Dry chillies,17,25,1.470588235
Arunachal Pradesh,DIBANG VALLEY,2003,Whole Year,Dry ginger,10,80,8
Arunachal Pradesh,DIBANG VALLEY,2003,Whole Year,Oilseeds total,85,72,0.847058824
Arunachal Pradesh,DIBANG VALLEY,2003,Whole Year,Potato,92,644,7
Arunachal Pradesh,DIBANG VALLEY,2003,Whole Year,Pulses total,80,76,0.95
Arunachal Pradesh,DIBANG VALLEY,2004,Kharif,Maize,1393,1533,1.100502513
Arunachal Pradesh,DIBANG VALLEY,2004,Kharif,Rice,916,870,0.949781659
Arunachal Pradesh,DIBANG VALLEY,2004,Kharif,Small millets,285,200,0.701754386
Arunachal Pradesh,DIBANG VALLEY,2004,Whole Year,Dry chillies,125,152,1.216
Arunachal Pradesh,DIBANG VALLEY,2004,Whole Year,Dry ginger,120,526,4.383333333
Arunachal Pradesh,DIBANG VALLEY,2004,Whole Year,Oilseeds total,3700,1480,0.4
Arunachal Pradesh,DIBANG VALLEY,2004,Whole Year,Potato,55,326,5.927272727
Arunachal Pradesh,DIBANG VALLEY,2005,Kharif,Maize,1515,1697,1.120132013
Arunachal Pradesh,DIBANG VALLEY,2005,Kharif,Rice,1000,691,0.691
Arunachal Pradesh,DIBANG VALLEY,2005,Kharif,Small millets,300,240,0.8
Arunachal Pradesh,DIBANG VALLEY,2005,Whole Year,Dry chillies,18,28,1.555555556
Arunachal Pradesh,DIBANG VALLEY,2005,Whole Year,Dry ginger,12,86,7.166666667
Arunachal Pradesh,DIBANG VALLEY,2005,Whole Year,Oilseeds total,96,83,0.864583333
Arunachal Pradesh,DIBANG VALLEY,2005,Whole Year,Potato,40,280,7
Arunachal Pradesh,DIBANG VALLEY,2006,Kharif,Maize,1846,1770,0.958829902
Arunachal Pradesh,DIBANG VALLEY,2006,Kharif,Rice,1235,1273,1.030769231
Arunachal Pradesh,DIBANG VALLEY,2006,Kharif,Small millets,350,280,0.8
Arunachal Pradesh,DIBANG VALLEY,2006,Whole Year,Dry chillies,20,31,1.55
Arunachal Pradesh,DIBANG VALLEY,2006,Whole Year,Dry ginger,5,8,1.6
Arunachal Pradesh,DIBANG VALLEY,2006,Whole Year,Oilseeds total,11430,9989,0.873928259
Arunachal Pradesh,DIBANG VALLEY,2006,Whole Year,Potato,53,333,6.283018868
Arunachal Pradesh,DIBANG VALLEY,2007,Kharif,Maize,1334,1504,1.127436282
Arunachal Pradesh,DIBANG VALLEY,2007,Kharif,Rice,1200,839,0.699166667
Arunachal Pradesh,DIBANG VALLEY,2007,Kharif,Small millets,321,228,0.710280374
Arunachal Pradesh,DIBANG VALLEY,2007,Whole Year,Dry chillies,20,31,1.55
Arunachal Pradesh,DIBANG VALLEY,2007,Whole Year,Dry ginger,17,101,5.941176471
Arunachal Pradesh,DIBANG VALLEY,2007,Whole Year,Oilseeds total,146,106,0.726027397
Arunachal Pradesh,DIBANG VALLEY,2007,Whole Year,Potato,45,268,5.955555556
Arunachal Pradesh,DIBANG VALLEY,2008,Kharif,Maize,1350,1550,1.148148148
Arunachal Pradesh,DIBANG VALLEY,2008,Kharif,Rice,1200,839,0.699166667
Arunachal Pradesh,DIBANG VALLEY,2008,Kharif,Small millets,350,255,0.728571429
Arunachal Pradesh,DIBANG VALLEY,2008,Whole Year,Dry ginger,20,125,6.25
Arunachal Pradesh,DIBANG VALLEY,2008,Whole Year,Oilseeds total,150,125,0.833333333
Arunachal Pradesh,DIBANG VALLEY,2008,Whole Year,Potato,48,305,6.354166667
Arunachal Pradesh,DIBANG VALLEY,2008,Whole Year,Turmeric,22,39,1.772727273
Arunachal Pradesh,DIBANG VALLEY,2009,Kharif,Maize,1350,1550,1.148148148
Arunachal Pradesh,DIBANG VALLEY,2009,Kharif,Rice,1200,838.66,0.698883333
Arunachal Pradesh,DIBANG VALLEY,2009,Kharif,Small millets,350,255,0.728571429
Arunachal Pradesh,DIBANG VALLEY,2009,Whole Year,Dry ginger,20,125,6.25
Arunachal Pradesh,DIBANG VALLEY,2009,Whole Year,Oilseeds total,1200,1258,1.048333333
Arunachal Pradesh,DIBANG VALLEY,2009,Whole Year,Potato,48,305,6.354166667
Arunachal Pradesh,DIBANG VALLEY,2009,Whole Year,Turmeric,22,39,1.772727273
Arunachal Pradesh,DIBANG VALLEY,2010,Kharif,Maize,1750,2362,1.349714286
Arunachal Pradesh,DIBANG VALLEY,2010,Kharif,Rice,1585,1268,0.8
Arunachal Pradesh,DIBANG VALLEY,2010,Kharif,Small millets,750,750,1
Arunachal Pradesh,DIBANG VALLEY,2010,Whole Year,Dry chillies,40,76,1.9
Arunachal Pradesh,DIBANG VALLEY,2010,Whole Year,Dry ginger,30,120,4
Arunachal Pradesh,DIBANG VALLEY,2010,Whole Year,Oilseeds total,150,135,0.9
Arunachal Pradesh,DIBANG VALLEY,2010,Whole Year,Potato,100,550,5.5
Arunachal Pradesh,DIBANG VALLEY,2011,Kharif,Maize,1806,2500,1.38427464
Arunachal Pradesh,DIBANG VALLEY,2011,Kharif,Rice,1610,1382,0.858385093
Arunachal Pradesh,DIBANG VALLEY,2011,Kharif,Small millets,706,823,1.16572238
Arunachal Pradesh,DIBANG VALLEY,2011,Whole Year,Dry chillies,45,90,2
Arunachal Pradesh,DIBANG VALLEY,2011,Whole Year,Dry ginger,30,124,4.133333333
Arunachal Pradesh,DIBANG VALLEY,2011,Whole Year,Oilseeds total,153,152,0.993464052
Arunachal Pradesh,DIBANG VALLEY,2011,Whole Year,Potato,106,614,5.79245283
Arunachal Pradesh,DIBANG VALLEY,2012,Kharif,Maize,1825,2590,1.419178082
Arunachal Pradesh,DIBANG VALLEY,2012,Kharif,Rice,1682,1420,0.844233056
Arunachal Pradesh,DIBANG VALLEY,2012,Kharif,Small millets,786,905,1.151399491
Arunachal Pradesh,DIBANG VALLEY,2012,Whole Year,Dry chillies,47,105,2.234042553
Arunachal Pradesh,DIBANG VALLEY,2012,Whole Year,Dry ginger,84,230,2.738095238
Arunachal Pradesh,DIBANG VALLEY,2012,Whole Year,Oilseeds total,160,157,0.98125
Arunachal Pradesh,DIBANG VALLEY,2012,Whole Year,Potato,110,645,5.863636364
Arunachal Pradesh,DIBANG VALLEY,2012,Whole Year,Sugarcane,25,163,6.52
Arunachal Pradesh,DIBANG VALLEY,2013,Kharif,Maize,1828,2650,1.449671772
Arunachal Pradesh,DIBANG VALLEY,2013,Kharif,Rice,1690,1486,0.879289941
Arunachal Pradesh,DIBANG VALLEY,2013,Kharif,Small millets,790,921,1.165822785
Arunachal Pradesh,DIBANG VALLEY,2013,Whole Year,Dry chillies,49,117,2.387755102
Arunachal Pradesh,DIBANG VALLEY,2013,Whole Year,Dry ginger,89,255,2.865168539
Arunachal Pradesh,DIBANG VALLEY,2013,Whole Year,Oilseeds total,168,161,0.958333333
Arunachal Pradesh,DIBANG VALLEY,2013,Whole Year,Potato,113,682,6.03539823
Arunachal Pradesh,DIBANG VALLEY,2014,Kharif,Maize,1828,2650,1.449671772
Arunachal Pradesh,DIBANG VALLEY,2014,Kharif,Rice,1690,1485,0.878698225
Arunachal Pradesh,DIBANG VALLEY,2014,Kharif,Small millets,790,921,1.165822785
Arunachal Pradesh,DIBANG VALLEY,2014,Whole Year,Dry chillies,60,79,1.316666667
Arunachal Pradesh,DIBANG VALLEY,2014,Whole Year,Dry ginger,176,545,3.096590909
Arunachal Pradesh,DIBANG VALLEY,2014,Whole Year,Oilseeds total,249,220,0.883534137
Arunachal Pradesh,DIBANG VALLEY,2014,Whole Year,Potato,122,761,6.237704918
Arunachal Pradesh,EAST KAMENG,1997,Kharif,Maize,1485,2652,1.785858586
Arunachal Pradesh,EAST KAMENG,1997,Kharif,Rice,8945,9200,1.028507546
Arunachal Pradesh,EAST KAMENG,1997,Kharif,Sesamum,215,75,0.348837209
Arunachal Pradesh,EAST KAMENG,1997,Kharif,Small millets,430,324,0.753488372
Arunachal Pradesh,EAST KAMENG,1997,Kharif,Soyabean,88,195,2.215909091
Arunachal Pradesh,EAST KAMENG,1997,Kharif,Sunflower,40,30,0.75
Arunachal Pradesh,EAST KAMENG,1997,Rabi,Groundnut,70,55,0.785714286
Arunachal Pradesh,EAST KAMENG,1997,Rabi,Rapeseed &Mustard,270,290,1.074074074
Arunachal Pradesh,EAST KAMENG,1997,Rabi,Wheat,19,81,4.263157895
Arunachal Pradesh,EAST KAMENG,1997,Whole Year,Oilseeds total,683,645,0.944363104
Arunachal Pradesh,EAST KAMENG,1998,Kharif,Maize,1601,3042,1.900062461
Arunachal Pradesh,EAST KAMENG,1998,Kharif,Rice,8045,8190,1.018023617
Arunachal Pradesh,EAST KAMENG,1998,Kharif,Sesamum,215,90,0.418604651
Arunachal Pradesh,EAST KAMENG,1998,Kharif,Small millets,441,358,0.811791383
Arunachal Pradesh,EAST KAMENG,1998,Kharif,Soyabean,96,205,2.135416667
Arunachal Pradesh,EAST KAMENG,1998,Kharif,Sunflower,38,26,0.684210526
Arunachal Pradesh,EAST KAMENG,1998,Rabi,Groundnut,65,74,1.138461538
Arunachal Pradesh,EAST KAMENG,1998,Rabi,Rapeseed &Mustard,272,350,1.286764706
Arunachal Pradesh,EAST KAMENG,1998,Rabi,Wheat,5,6,1.2
Arunachal Pradesh,EAST KAMENG,1998,Whole Year,Dry chillies,45,90,2
Arunachal Pradesh,EAST KAMENG,1998,Whole Year,Dry ginger,40,160,4
Arunachal Pradesh,EAST KAMENG,1998,Whole Year,Oilseeds total,686,745,1.086005831
Arunachal Pradesh,EAST KAMENG,1998,Whole Year,Potato,62,310,5
Arunachal Pradesh,EAST KAMENG,1999,Kharif,Maize,1770,3468,1.959322034
Arunachal Pradesh,EAST KAMENG,1999,Kharif,Rice,9595,12665,1.319958312
Arunachal Pradesh,EAST KAMENG,1999,Kharif,Small millets,601,420,0.698835275
Arunachal Pradesh,EAST KAMENG,1999,Rabi,Wheat,15,19,1.266666667
Arunachal Pradesh,EAST KAMENG,1999,Whole Year,Dry chillies,45,60,1.333333333
Arunachal Pradesh,EAST KAMENG,1999,Whole Year,Dry ginger,50,140,2.8
Arunachal Pradesh,EAST KAMENG,1999,Whole Year,Oilseeds total,753,475,0.630810093
Arunachal Pradesh,EAST KAMENG,1999,Whole Year,Potato,65,184,2.830769231
Arunachal Pradesh,EAST KAMENG,1999,Whole Year,Pulses total,472,584,1.237288136
Arunachal Pradesh,EAST KAMENG,1999,Whole Year,Sugarcane,115,1600,13.91304348
Arunachal Pradesh,EAST KAMENG,2000,Kharif,Maize,1731,3115,1.799537839
Arunachal Pradesh,EAST KAMENG,2000,Kharif,Rice,8200,9840,1.2
Arunachal Pradesh,EAST KAMENG,2000,Kharif,Small millets,417,375,0.899280576
Arunachal Pradesh,EAST KAMENG,2000,Rabi,Wheat,12,17,1.416666667
Arunachal Pradesh,EAST KAMENG,2000,Whole Year,Dry chillies,50,76,1.52
Arunachal Pradesh,EAST KAMENG,2000,Whole Year,Dry ginger,42,170,4.047619048
Arunachal Pradesh,EAST KAMENG,2000,Whole Year,Oilseeds total,718,781,1.087743733
Arunachal Pradesh,EAST KAMENG,2000,Whole Year,Potato,74,340,4.594594595
Arunachal Pradesh,EAST KAMENG,2000,Whole Year,Pulses total,460,550,1.195652174
Arunachal Pradesh,EAST KAMENG,2001,Kharif,Maize,2750,5300,1.927272727
Arunachal Pradesh,EAST KAMENG,2001,Kharif,Rice,12310,16790,1.363931763
Arunachal Pradesh,EAST KAMENG,2001,Kharif,Small millets,2230,2552,1.144394619
Arunachal Pradesh,EAST KAMENG,2001,Rabi,Wheat,470,795,1.691489362
Arunachal Pradesh,EAST KAMENG,2001,Whole Year,Dry chillies,70,98,1.4
Arunachal Pradesh,EAST KAMENG,2001,Whole Year,Dry ginger,52,234,4.5
Arunachal Pradesh,EAST KAMENG,2001,Whole Year,Oilseeds total,790,717,0.907594937
Arunachal Pradesh,EAST KAMENG,2001,Whole Year,Potato,63,366,5.80952381
Arunachal Pradesh,EAST KAMENG,2001,Whole Year,Pulses total,830,860,1.036144578
Arunachal Pradesh,EAST KAMENG,2002,Kharif,Maize,1830,3200,1.74863388
Arunachal Pradesh,EAST KAMENG,2002,Kharif,Rice,8500,10715,1.260588235
Arunachal Pradesh,EAST KAMENG,2002,Kharif,Small millets,440,401,0.911363636
Arunachal Pradesh,EAST KAMENG,2002,Rabi,Wheat,16,28,1.75
Arunachal Pradesh,EAST KAMENG,2002,Whole Year,Dry chillies,73,103,1.410958904
Arunachal Pradesh,EAST KAMENG,2002,Whole Year,Dry ginger,52,231,4.442307692
Arunachal Pradesh,EAST KAMENG,2002,Whole Year,Oilseeds total,828,894,1.079710145
Arunachal Pradesh,EAST KAMENG,2002,Whole Year,Potato,70,410,5.857142857
Arunachal Pradesh,EAST KAMENG,2002,Whole Year,Pulses total,580,663,1.143103448
Arunachal Pradesh,EAST KAMENG,2003,Kharif,Maize,2010,2697,1.341791045
Arunachal Pradesh,EAST KAMENG,2003,Kharif,Rice,8510,10725,1.260282021
Arunachal Pradesh,EAST KAMENG,2003,Kharif,Small millets,445,406,0.912359551
Arunachal Pradesh,EAST KAMENG,2003,Rabi,Wheat,16,28,1.75
Arunachal Pradesh,EAST KAMENG,2003,Whole Year,Dry chillies,72,103,1.430555556
Arunachal Pradesh,EAST KAMENG,2003,Whole Year,Dry ginger,47,209,4.446808511
Arunachal Pradesh,EAST KAMENG,2003,Whole Year,Oilseeds total,830,900,1.084337349
Arunachal Pradesh,EAST KAMENG,2003,Whole Year,Potato,70,410,5.857142857
Arunachal Pradesh,EAST KAMENG,2003,Whole Year,Pulses total,585,655,1.11965812
Arunachal Pradesh,EAST KAMENG,2004,Kharif,Maize,1995,3481,1.744862155
Arunachal Pradesh,EAST KAMENG,2004,Kharif,Rice,8515,6651,0.78109219
Arunachal Pradesh,EAST KAMENG,2004,Kharif,Small millets,480,436,0.908333333
Arunachal Pradesh,EAST KAMENG,2004,Rabi,Wheat,20,32,1.6
Arunachal Pradesh,EAST KAMENG,2004,Whole Year,Dry chillies,72,103,1.430555556
Arunachal Pradesh,EAST KAMENG,2004,Whole Year,Dry ginger,50,222,4.44
Arunachal Pradesh,EAST KAMENG,2004,Whole Year,Oilseeds total,826,905,1.095641646
Arunachal Pradesh,EAST KAMENG,2005,Kharif,Maize,2318,3220,1.389128559
Arunachal Pradesh,EAST KAMENG,2005,Kharif,Rice,8538,3158,0.369875849
Arunachal Pradesh,EAST KAMENG,2005,Kharif,Small millets,495,481,0.971717172
Arunachal Pradesh,EAST KAMENG,2005,Rabi,Wheat,23,46,2
Arunachal Pradesh,EAST KAMENG,2005,Whole Year,Dry chillies,79,112,1.417721519
Arunachal Pradesh,EAST KAMENG,2005,Whole Year,Dry ginger,55,227,4.127272727
Arunachal Pradesh,EAST KAMENG,2005,Whole Year,Oilseeds total,943,1051,1.114528102
Arunachal Pradesh,EAST KAMENG,2005,Whole Year,Potato,95,556,5.852631579
Arunachal Pradesh,EAST KAMENG,2006,Kharif,Maize,4298,3497,0.813634248
Arunachal Pradesh,EAST KAMENG,2006,Kharif,Rice,8235,6313,0.76660595
Arunachal Pradesh,EAST KAMENG,2006,Kharif,Small millets,485,475,0.979381443
Arunachal Pradesh,EAST KAMENG,2006,Rabi,Wheat,23,47,2.043478261
Arunachal Pradesh,EAST KAMENG,2006,Whole Year,Dry chillies,81,124,1.530864198
Arunachal Pradesh,EAST KAMENG,2006,Whole Year,Dry ginger,55,223,4.054545455
Arunachal Pradesh,EAST KAMENG,2006,Whole Year,Oilseeds total,955,1073,1.123560209
Arunachal Pradesh,EAST KAMENG,2006,Whole Year,Potato,90,522,5.8
Arunachal Pradesh,EAST KAMENG,2007,Kharif,Maize,2453,3131,1.276396249
Arunachal Pradesh,EAST KAMENG,2007,Kharif,Rice,8200,6952,0.847804878
Arunachal Pradesh,EAST KAMENG,2007,Kharif,Small millets,490,485,0.989795918
Arunachal Pradesh,EAST KAMENG,2007,Rabi,Wheat,25,52,2.08
Arunachal Pradesh,EAST KAMENG,2007,Whole Year,Dry chillies,82,126,1.536585366
Arunachal Pradesh,EAST KAMENG,2007,Whole Year,Dry ginger,55,225,4.090909091
Arunachal Pradesh,EAST KAMENG,2007,Whole Year,Oilseeds total,1028,1210,1.177042802
Arunachal Pradesh,EAST KAMENG,2007,Whole Year,Potato,90,581,6.455555556
Arunachal Pradesh,EAST KAMENG,2008,Kharif,Maize,2490,3211,1.289558233
Arunachal Pradesh,EAST KAMENG,2008,Kharif,Rice,8250,6933,0.840363636
Arunachal Pradesh,EAST KAMENG,2008,Kharif,Small millets,502,491,0.978087649
Arunachal Pradesh,EAST KAMENG,2008,Rabi,Wheat,27,56,2.074074074
Arunachal Pradesh,EAST KAMENG,2008,Whole Year,Dry chillies,82,129,1.573170732
Arunachal Pradesh,EAST KAMENG,2008,Whole Year,Dry ginger,56,231,4.125
Arunachal Pradesh,EAST KAMENG,2008,Whole Year,Oilseeds total,1036,1223,1.180501931
Arunachal Pradesh,EAST KAMENG,2008,Whole Year,Potato,94,614,6.531914894
Arunachal Pradesh,EAST KAMENG,2008,Whole Year,Sugarcane,25,187,7.48
Arunachal Pradesh,EAST KAMENG,2008,Whole Year,Turmeric,18,62,3.444444444
Arunachal Pradesh,EAST KAMENG,2009,Kharif,Maize,2500,3245,1.298
Arunachal Pradesh,EAST KAMENG,2009,Kharif,Rice,8260,6993.33,0.846650121
Arunachal Pradesh,EAST KAMENG,2009,Kharif,Small millets,510,559,1.096078431
Arunachal Pradesh,EAST KAMENG,2009,Rabi,Wheat,28,57,2.035714286
Arunachal Pradesh,EAST KAMENG,2009,Whole Year,Dry chillies,83,131,1.578313253
Arunachal Pradesh,EAST KAMENG,2009,Whole Year,Dry ginger,58,239,4.120689655
Arunachal Pradesh,EAST KAMENG,2009,Whole Year,Oilseeds total,8260,10490,1.269975787
Arunachal Pradesh,EAST KAMENG,2009,Whole Year,Potato,95,622,6.547368421
Arunachal Pradesh,EAST KAMENG,2010,Kharif,Maize,2510,3295,1.312749004
Arunachal Pradesh,EAST KAMENG,2010,Kharif,Rice,8267,7178,0.868271441
Arunachal Pradesh,EAST KAMENG,2010,Kharif,Small millets,520,570,1.096153846
Arunachal Pradesh,EAST KAMENG,2010,Rabi,Wheat,31,65,2.096774194
Arunachal Pradesh,EAST KAMENG,2010,Whole Year,Dry chillies,85,136,1.6
Arunachal Pradesh,EAST KAMENG,2010,Whole Year,Dry ginger,60,244,4.066666667
Arunachal Pradesh,EAST KAMENG,2010,Whole Year,Oilseeds total,1048,1248,1.190839695
Arunachal Pradesh,EAST KAMENG,2010,Whole Year,Potato,97,637,6.567010309
Arunachal Pradesh,EAST KAMENG,2011,Kharif,Maize,2590,3488,1.346718147
Arunachal Pradesh,EAST KAMENG,2011,Kharif,Rice,8398,7822,0.931412241
Arunachal Pradesh,EAST KAMENG,2011,Kharif,Small millets,528,626,1.185606061
Arunachal Pradesh,EAST KAMENG,2011,Rabi,Wheat,31,72,2.322580645
Arunachal Pradesh,EAST KAMENG,2011,Whole Year,Dry chillies,96,160,1.666666667
Arunachal Pradesh,EAST KAMENG,2011,Whole Year,Dry ginger,62,252,4.064516129
Arunachal Pradesh,EAST KAMENG,2011,Whole Year,Oilseeds total,1069,1408,1.317118803
Arunachal Pradesh,EAST KAMENG,2011,Whole Year,Potato,103,711,6.902912621
Arunachal Pradesh,EAST KAMENG,2012,Kharif,Maize,2615,3608,1.379732314
Arunachal Pradesh,EAST KAMENG,2012,Kharif,Rice,8768,8442,0.962819343
Arunachal Pradesh,EAST KAMENG,2012,Kharif,Small millets,588,689,1.171768707
Arunachal Pradesh,EAST KAMENG,2012,Rabi,Wheat,32,75,2.34375
Arunachal Pradesh,EAST KAMENG,2012,Whole Year,Dry chillies,100,181,1.81
Arunachal Pradesh,EAST KAMENG,2012,Whole Year,Dry ginger,62,254,4.096774194
Arunachal Pradesh,EAST KAMENG,2012,Whole Year,Oilseeds total,1100,1427,1.297272727
Arunachal Pradesh,EAST KAMENG,2012,Whole Year,Potato,103,710,6.893203883
Arunachal Pradesh,EAST KAMENG,2013,Kharif,Maize,2635,3636,1.379886148
Arunachal Pradesh,EAST KAMENG,2013,Kharif,Rice,8968,9087,1.013269402
Arunachal Pradesh,EAST KAMENG,2013,Kharif,Small millets,600,675,1.125
Arunachal Pradesh,EAST KAMENG,2013,Rabi,Wheat,35,81,2.314285714
Arunachal Pradesh,EAST KAMENG,2013,Whole Year,Dry chillies,104,192,1.846153846
Arunachal Pradesh,EAST KAMENG,2013,Whole Year,Dry ginger,68,280,4.117647059
Arunachal Pradesh,EAST KAMENG,2013,Whole Year,Oilseeds total,1127,1462,1.297249335
Arunachal Pradesh,EAST KAMENG,2013,Whole Year,Potato,110,770,7
Arunachal Pradesh,EAST KAMENG,2014,Kharif,Maize,2700,4038,1.495555556
Arunachal Pradesh,EAST KAMENG,2014,Kharif,Rice,8968,9436,1.052185549
Arunachal Pradesh,EAST KAMENG,2014,Kharif,Small millets,817,887,1.085679315
Arunachal Pradesh,EAST KAMENG,2014,Rabi,Wheat,128,418,3.265625
Arunachal Pradesh,EAST KAMENG,2014,Whole Year,Dry chillies,115,154,1.339130435
Arunachal Pradesh,EAST KAMENG,2014,Whole Year,Dry ginger,155,570,3.677419355
Arunachal Pradesh,EAST KAMENG,2014,Whole Year,Oilseeds total,1242,1569,1.263285024
Arunachal Pradesh,EAST KAMENG,2014,Whole Year,Potato,119,849,7.134453782
Arunachal Pradesh,EAST SIANG,1997,Kharif,Maize,2332,4196,1.799313894
Arunachal Pradesh,EAST SIANG,1997,Kharif,Rice,10200,15525,1.522058824
Arunachal Pradesh,EAST SIANG,1997,Kharif,Sesamum,98,80,0.816326531
Arunachal Pradesh,EAST SIANG,1997,Kharif,Small millets,2050,2395,1.168292683
Arunachal Pradesh,EAST SIANG,1997,Kharif,Soyabean,291,223,0.766323024
Arunachal Pradesh,EAST SIANG,1997,Kharif,Sunflower,22,15,0.681818182
Arunachal Pradesh,EAST SIANG,1997,Rabi,Groundnut,74,82,1.108108108
Arunachal Pradesh,EAST SIANG,1997,Rabi,Rapeseed &Mustard,3315,3400,1.025641026
Arunachal Pradesh,EAST SIANG,1997,Rabi,Sugarcane,118,4932,41.79661017
Arunachal Pradesh,EAST SIANG,1997,Rabi,Wheat,447,670,1.498881432
Arunachal Pradesh,EAST SIANG,1997,Whole Year,Oilseeds total,3800,3800,1
Arunachal Pradesh,EAST SIANG,1998,Kharif,Maize,2478,4717,1.903551251
Arunachal Pradesh,EAST SIANG,1998,Kharif,Rice,7323,12600,1.720606309
Arunachal Pradesh,EAST SIANG,1998,Kharif,Sesamum,100,78,0.78
Arunachal Pradesh,EAST SIANG,1998,Kharif,Small millets,2109,2656,1.259364628
Arunachal Pradesh,EAST SIANG,1998,Kharif,Soyabean,341,324,0.950146628
Arunachal Pradesh,EAST SIANG,1998,Kharif,Sunflower,29,13,0.448275862
Arunachal Pradesh,EAST SIANG,1998,Rabi,Groundnut,35,20,0.571428571
Arunachal Pradesh,EAST SIANG,1998,Rabi,Rapeseed &Mustard,3350,3420,1.020895522
Arunachal Pradesh,EAST SIANG,1998,Rabi,Wheat,400,600,1.5
Arunachal Pradesh,EAST SIANG,1998,Whole Year,Dry chillies,100,80,0.8
Arunachal Pradesh,EAST SIANG,1998,Whole Year,Dry ginger,80,260,3.25
Arunachal Pradesh,EAST SIANG,1998,Whole Year,Oilseeds total,3855,3855,1
Arunachal Pradesh,EAST SIANG,1998,Whole Year,Potato,350,3500,10
Arunachal Pradesh,EAST SIANG,1998,Whole Year,Sugarcane,133,5616,42.22556391
Arunachal Pradesh,EAST SIANG,1998,Whole Year,Turmeric,90,164,1.822222222
Arunachal Pradesh,EAST SIANG,1999,Kharif,Maize,2690,5060,1.881040892
Arunachal Pradesh,EAST SIANG,1999,Kharif,Rice,11600,19261,1.660431034
Arunachal Pradesh,EAST SIANG,1999,Kharif,Small millets,2200,2480,1.127272727
Arunachal Pradesh,EAST SIANG,1999,Rabi,Wheat,450,640,1.422222222
Arunachal Pradesh,EAST SIANG,1999,Whole Year,Dry chillies,120,96,0.8
Arunachal Pradesh,EAST SIANG,1999,Whole Year,Dry ginger,400,2815,7.0375
Arunachal Pradesh,EAST SIANG,1999,Whole Year,Oilseeds total,4000,4200,1.05
Arunachal Pradesh,EAST SIANG,1999,Whole Year,Potato,450,4056,9.013333333
Arunachal Pradesh,EAST SIANG,1999,Whole Year,Pulses total,755,882,1.168211921
Arunachal Pradesh,EAST SIANG,1999,Whole Year,Sugarcane,140,5900,42.14285714
Arunachal Pradesh,EAST SIANG,1999,Whole Year,Turmeric,102,164,1.607843137
Arunachal Pradesh,EAST SIANG,2000,Kharif,Maize,2740,5253,1.917153285
Arunachal Pradesh,EAST SIANG,2000,Kharif,Rice,12310,19500,1.584077985
Arunachal Pradesh,EAST SIANG,2000,Kharif,Small millets,2220,2500,1.126126126
Arunachal Pradesh,EAST SIANG,2000,Rabi,Wheat,460,665,1.445652174
Arunachal Pradesh,EAST SIANG,2000,Whole Year,Dry chillies,140,138,0.985714286
Arunachal Pradesh,EAST SIANG,2000,Whole Year,Dry ginger,500,4070,8.14
Arunachal Pradesh,EAST SIANG,2000,Whole Year,Oilseeds total,4300,4410,1.025581395
Arunachal Pradesh,EAST SIANG,2000,Whole Year,Potato,500,4270,8.54
Arunachal Pradesh,EAST SIANG,2000,Whole Year,Pulses total,775,800,1.032258065
Arunachal Pradesh,EAST SIANG,2000,Whole Year,Sugarcane,150,6100,40.66666667
Arunachal Pradesh,EAST SIANG,2000,Whole Year,Turmeric,120,220,1.833333333
Arunachal Pradesh,EAST SIANG,2001,Kharif,Maize,800,1000,1.25
Arunachal Pradesh,EAST SIANG,2001,Kharif,Rice,5400,5000,0.925925926
Arunachal Pradesh,EAST SIANG,2001,Kharif,Small millets,1390,1080,0.776978417
Arunachal Pradesh,EAST SIANG,2001,Whole Year,Dry chillies,138,160,1.15942029
Arunachal Pradesh,EAST SIANG,2001,Whole Year,Dry ginger,560,4460,7.964285714
Arunachal Pradesh,EAST SIANG,2001,Whole Year,Oilseeds total,4375,4460,1.019428571
Arunachal Pradesh,EAST SIANG,2001,Whole Year,Potato,530,4400,8.301886792
Arunachal Pradesh,EAST SIANG,2001,Whole Year,Pulses total,120,100,0.833333333
Arunachal Pradesh,EAST SIANG,2001,Whole Year,Sugarcane,160,6400,40
Arunachal Pradesh,EAST SIANG,2001,Whole Year,Turmeric,150,280,1.866666667
Arunachal Pradesh,EAST SIANG,2002,Kharif,Maize,2760,5330,1.93115942
Arunachal Pradesh,EAST SIANG,2002,Kharif,Rice,12330,26605,2.157745337
Arunachal Pradesh,EAST SIANG,2002,Kharif,Small millets,2230,2557,1.146636771
Arunachal Pradesh,EAST SIANG,2002,Rabi,Wheat,470,845,1.79787234
Arunachal Pradesh,EAST SIANG,2002,Whole Year,Dry chillies,140,170,1.214285714
Arunachal Pradesh,EAST SIANG,2002,Whole Year,Dry ginger,580,4820,8.310344828
Arunachal Pradesh,EAST SIANG,2002,Whole Year,Oilseeds total,4375,4470,1.021714286
Arunachal Pradesh,EAST SIANG,2002,Whole Year,Potato,570,4640,8.140350877
Arunachal Pradesh,EAST SIANG,2002,Whole Year,Pulses total,820,860,1.048780488
Arunachal Pradesh,EAST SIANG,2002,Whole Year,Sugarcane,160,6500,40.625
Arunachal Pradesh,EAST SIANG,2002,Whole Year,Turmeric,150,300,2
Arunachal Pradesh,EAST SIANG,2003,Kharif,Maize,2718,5350,1.968359088
Arunachal Pradesh,EAST SIANG,2003,Kharif,Rice,12100,28000,2.314049587
Arunachal Pradesh,EAST SIANG,2003,Kharif,Small millets,2170,2658,1.224884793
Arunachal Pradesh,EAST SIANG,2003,Rabi,Wheat,464,910,1.961206897
Arunachal Pradesh,EAST SIANG,2003,Whole Year,Dry chillies,140,155,1.107142857
Arunachal Pradesh,EAST SIANG,2003,Whole Year,Dry ginger,600,4960,8.266666667
Arunachal Pradesh,EAST SIANG,2003,Whole Year,Oilseeds total,4365,4112,0.942038946
Arunachal Pradesh,EAST SIANG,2003,Whole Year,Potato,620,5090,8.209677419
Arunachal Pradesh,EAST SIANG,2003,Whole Year,Pulses total,840,910,1.083333333
Arunachal Pradesh,EAST SIANG,2003,Whole Year,Sugarcane,160,6335,39.59375
Arunachal Pradesh,EAST SIANG,2003,Whole Year,Turmeric,150,300,2
Arunachal Pradesh,EAST SIANG,2004,Kharif,Maize,2760,5401,1.956884058
Arunachal Pradesh,EAST SIANG,2004,Kharif,Rice,12526,17499,1.39701421
Arunachal Pradesh,EAST SIANG,2004,Kharif,Small millets,2220,2470,1.112612613
Arunachal Pradesh,EAST SIANG,2004,Rabi,Wheat,500,1000,2
Arunachal Pradesh,EAST SIANG,2004,Whole Year,Dry chillies,68,88,1.294117647
Arunachal Pradesh,EAST SIANG,2004,Whole Year,Dry ginger,196,4313,22.00510204
Arunachal Pradesh,EAST SIANG,2004,Whole Year,Oilseeds total,129,80,0.620155039
Arunachal Pradesh,EAST SIANG,2004,Whole Year,Potato,520,4163,8.005769231
Arunachal Pradesh,EAST SIANG,2004,Whole Year,Sugarcane,15,150,10
Arunachal Pradesh,EAST SIANG,2004,Whole Year,Turmeric,90,224,2.488888889
Arunachal Pradesh,EAST SIANG,2005,Kharif,Maize,2845,5570,1.957820738
Arunachal Pradesh,EAST SIANG,2005,Kharif,Rice,12800,19535,1.526171875
Arunachal Pradesh,EAST SIANG,2005,Kharif,Small millets,2220,2740,1.234234234
Arunachal Pradesh,EAST SIANG,2005,Rabi,Wheat,527,1045,1.982922201
Arunachal Pradesh,EAST SIANG,2005,Whole Year,Dry chillies,173,186,1.075144509
Arunachal Pradesh,EAST SIANG,2005,Whole Year,Dry ginger,657,5778,8.794520548
Arunachal Pradesh,EAST SIANG,2005,Whole Year,Oilseeds total,4456,4173,0.936490126
Arunachal Pradesh,EAST SIANG,2005,Whole Year,Potato,676,4833,7.149408284
Arunachal Pradesh,EAST SIANG,2005,Whole Year,Sugarcane,160,6500,40.625
Arunachal Pradesh,EAST SIANG,2005,Whole Year,Turmeric,193,386,2
Arunachal Pradesh,EAST SIANG,2006,Kharif,Maize,2883,6444,2.235171696
Arunachal Pradesh,EAST SIANG,2006,Kharif,Rice,13137,19729,1.501788841
Arunachal Pradesh,EAST SIANG,2006,Kharif,Small millets,2220,2740,1.234234234
Arunachal Pradesh,EAST SIANG,2006,Rabi,Wheat,527,1045,1.982922201
Arunachal Pradesh,EAST SIANG,2006,Whole Year,Dry chillies,173,186,1.075144509
Arunachal Pradesh,EAST SIANG,2006,Whole Year,Dry ginger,657,5778,8.794520548
Arunachal Pradesh,EAST SIANG,2006,Whole Year,Oilseeds total,4556,4173,0.915935031
Arunachal Pradesh,EAST SIANG,2006,Whole Year,Potato,676,4833,7.149408284
Arunachal Pradesh,EAST SIANG,2006,Whole Year,Sugarcane,160,6500,40.625
Arunachal Pradesh,EAST SIANG,2006,Whole Year,Turmeric,193,386,2
Arunachal Pradesh,EAST SIANG,2007,Kharif,Maize,2900,5348,1.844137931
Arunachal Pradesh,EAST SIANG,2007,Kharif,Rice,13000,19799,1.523
Arunachal Pradesh,EAST SIANG,2007,Kharif,Small millets,2220,2528,1.138738739
Arunachal Pradesh,EAST SIANG,2007,Rabi,Wheat,34,67,1.970588235
Arunachal Pradesh,EAST SIANG,2007,Whole Year,Dry chillies,182,180,0.989010989
Arunachal Pradesh,EAST SIANG,2007,Whole Year,Dry ginger,667,5581,8.367316342
Arunachal Pradesh,EAST SIANG,2007,Whole Year,Oilseeds total,4585,3752,0.818320611
Arunachal Pradesh,EAST SIANG,2007,Whole Year,Potato,685,4899,7.151824818
Arunachal Pradesh,EAST SIANG,2007,Whole Year,Sugarcane,179,7280,40.67039106
Arunachal Pradesh,EAST SIANG,2007,Whole Year,Turmeric,193,369,1.911917098
Arunachal Pradesh,EAST SIANG,2008,Kharif,Maize,2900,6491,2.238275862
Arunachal Pradesh,EAST SIANG,2008,Kharif,Rice,13142,19761,1.503652412
Arunachal Pradesh,EAST SIANG,2008,Kharif,Small millets,2220,2740,1.234234234
Arunachal Pradesh,EAST SIANG,2008,Rabi,Wheat,74,108,1.459459459
Arunachal Pradesh,EAST SIANG,2008,Whole Year,Dry chillies,182,192,1.054945055
Arunachal Pradesh,EAST SIANG,2008,Whole Year,Dry ginger,672,5625,8.370535714
Arunachal Pradesh,EAST SIANG,2008,Whole Year,Oilseeds total,4585,4200,0.916030534
Arunachal Pradesh,EAST SIANG,2008,Whole Year,Potato,707,5719,8.089108911
Arunachal Pradesh,EAST SIANG,2008,Whole Year,Sugarcane,195,6619,33.94358974
Arunachal Pradesh,EAST SIANG,2008,Whole Year,Turmeric,193,386,2
Arunachal Pradesh,EAST SIANG,2009,Kharif,Maize,3089,7908,2.560051797
Arunachal Pradesh,EAST SIANG,2009,Kharif,Rice,14147,20775.33,1.468532551
Arunachal Pradesh,EAST SIANG,2009,Kharif,Small millets,2220,2740,1.234234234
Arunachal Pradesh,EAST SIANG,2009,Rabi,Wheat,74,108,1.459459459
Arunachal Pradesh,EAST SIANG,2009,Whole Year,Dry chillies,155,171,1.103225806
Arunachal Pradesh,EAST SIANG,2009,Whole Year,Dry ginger,826,8060,9.757869249
Arunachal Pradesh,EAST SIANG,2009,Whole Year,Oilseeds total,14147,31163,2.20279918
Arunachal Pradesh,EAST SIANG,2009,Whole Year,Potato,707,5719,8.089108911
Arunachal Pradesh,EAST SIANG,2009,Whole Year,Sugarcane,240,9420,39.25
Arunachal Pradesh,EAST SIANG,2009,Whole Year,Turmeric,193,386,2
Arunachal Pradesh,EAST SIANG,2010,Kharif,Maize,3243,8303,2.560283688
Arunachal Pradesh,EAST SIANG,2010,Kharif,Rice,15137,24103,1.592323446
Arunachal Pradesh,EAST SIANG,2010,Kharif,Small millets,2287,2822,1.233930914
Arunachal Pradesh,EAST SIANG,2010,Rabi,Wheat,538,1067,1.983271375
Arunachal Pradesh,EAST SIANG,2010,Whole Year,Dry chillies,190,209,1.1
Arunachal Pradesh,EAST SIANG,2010,Whole Year,Dry ginger,867,8463,9.761245675
Arunachal Pradesh,EAST SIANG,2010,Whole Year,Oilseeds total,4730,4493,0.949894292
Arunachal Pradesh,EAST SIANG,2010,Whole Year,Potato,742,6105,8.227762803
Arunachal Pradesh,EAST SIANG,2010,Whole Year,Sugarcane,242,9514,39.31404959
Arunachal Pradesh,EAST SIANG,2010,Whole Year,Turmeric,193,386,2
Arunachal Pradesh,EAST SIANG,2011,Kharif,Maize,3346,8789,2.62671847
Arunachal Pradesh,EAST SIANG,2011,Kharif,Rice,15378,26268,1.708154506
Arunachal Pradesh,EAST SIANG,2011,Kharif,Small millets,2303,3098,1.345201911
Arunachal Pradesh,EAST SIANG,2011,Rabi,Wheat,538,1181,2.195167286
Arunachal Pradesh,EAST SIANG,2011,Whole Year,Dry chillies,213,246,1.154929577
Arunachal Pradesh,EAST SIANG,2011,Whole Year,Dry ginger,893,8737,9.78387458
Arunachal Pradesh,EAST SIANG,2011,Whole Year,Oilseeds total,4826,5070,1.05055947
Arunachal Pradesh,EAST SIANG,2011,Whole Year,Potato,787,6815,8.659466328
Arunachal Pradesh,EAST SIANG,2011,Whole Year,Sugarcane,241,9680,40.1659751
Arunachal Pradesh,EAST SIANG,2011,Whole Year,Turmeric,197,398,2.020304569
Arunachal Pradesh,EAST SIANG,2012,Kharif,Maize,4050,8100,2
Arunachal Pradesh,EAST SIANG,2012,Kharif,Rice,16770,27098,1.615861658
Arunachal Pradesh,EAST SIANG,2012,Kharif,Small millets,2461,3116,1.266151971
Arunachal Pradesh,EAST SIANG,2012,Rabi,Wheat,5,11,2.2
Arunachal Pradesh,EAST SIANG,2012,Whole Year,Dry chillies,214,236,1.102803738
Arunachal Pradesh,EAST SIANG,2012,Whole Year,Dry ginger,988,9049,9.158906883
Arunachal Pradesh,EAST SIANG,2012,Whole Year,Oilseeds total,5075,4784,0.942660099
Arunachal Pradesh,EAST SIANG,2012,Whole Year,Potato,875,5675,6.485714286
Arunachal Pradesh,EAST SIANG,2012,Whole Year,Sugarcane,95,950,10
Arunachal Pradesh,EAST SIANG,2012,Whole Year,Turmeric,204,404,1.980392157
Arunachal Pradesh,EAST SIANG,2013,Kharif,Maize,4188,8231,1.965377268
Arunachal Pradesh,EAST SIANG,2013,Kharif,Rice,16770,27044,1.612641622
Arunachal Pradesh,EAST SIANG,2013,Kharif,Small millets,2501,3172,1.268292683
Arunachal Pradesh,EAST SIANG,2013,Rabi,Wheat,10,20,2
Arunachal Pradesh,EAST SIANG,2013,Whole Year,Dry chillies,225,254,1.128888889
Arunachal Pradesh,EAST SIANG,2013,Whole Year,Dry ginger,1012,9070,8.962450593
Arunachal Pradesh,EAST SIANG,2013,Whole Year,Oilseeds total,5089,4827,0.948516408
Arunachal Pradesh,EAST SIANG,2013,Whole Year,Potato,930,5975,6.424731183
Arunachal Pradesh,EAST SIANG,2013,Whole Year,Sugarcane,281,10257,36.50177936
Arunachal Pradesh,EAST SIANG,2013,Whole Year,Turmeric,214,427,1.995327103
Arunachal Pradesh,EAST SIANG,2014,Kharif,Maize,4252,8633,2.030338664
Arunachal Pradesh,EAST SIANG,2014,Kharif,Rice,16120,27463,1.70366005
Arunachal Pradesh,EAST SIANG,2014,Kharif,Small millets,2818,3374,1.197303052
Arunachal Pradesh,EAST SIANG,2014,Rabi,Wheat,103,357,3.466019417
Arunachal Pradesh,EAST SIANG,2014,Whole Year,Dry chillies,236,216,0.915254237
Arunachal Pradesh,EAST SIANG,2014,Whole Year,Dry ginger,1108,9560,8.628158845
Arunachal Pradesh,EAST SIANG,2014,Whole Year,Oilseeds total,5240,4934,0.941603053
Arunachal Pradesh,EAST SIANG,2014,Whole Year,Potato,944,6054,6.413135593
Arunachal Pradesh,EAST SIANG,2014,Whole Year,Sugarcane,306,10774,35.20915033
Arunachal Pradesh,EAST SIANG,2014,Whole Year,Turmeric,223,481,2.156950673
Arunachal Pradesh,KURUNG KUMEY,2002,Kharif,Maize,1450,1840,1.268965517
Arunachal Pradesh,KURUNG KUMEY,2002,Kharif,Rice,6300,7440,1.180952381
Arunachal Pradesh,KURUNG KUMEY,2002,Kharif,Small millets,500,540,1.08
Arunachal Pradesh,KURUNG KUMEY,2002,Rabi,Wheat,15,16,1.066666667
Arunachal Pradesh,KURUNG KUMEY,2002,Whole Year,Dry chillies,60,85,1.416666667
Arunachal Pradesh,KURUNG KUMEY,2002,Whole Year,Dry ginger,20,145,7.25
Arunachal Pradesh,KURUNG KUMEY,2002,Whole Year,Oilseeds total,380,320,0.842105263
Arunachal Pradesh,KURUNG KUMEY,2002,Whole Year,Potato,215,1540,7.162790698
Arunachal Pradesh,KURUNG KUMEY,2002,Whole Year,Sugarcane,25,330,13.2
Arunachal Pradesh,KURUNG KUMEY,2002,Whole Year,Turmeric,12,85,7.083333333
Arunachal Pradesh,KURUNG KUMEY,2003,Kharif,Maize,1350,1714,1.26962963
Arunachal Pradesh,KURUNG KUMEY,2003,Kharif,Rice,7434,6375,0.857546408
Arunachal Pradesh,KURUNG KUMEY,2003,Kharif,Small millets,620,676,1.090322581
Arunachal Pradesh,KURUNG KUMEY,2003,Rabi,Wheat,15,16,1.066666667
Arunachal Pradesh,KURUNG KUMEY,2003,Whole Year,Dry chillies,60,78,1.3
Arunachal Pradesh,KURUNG KUMEY,2003,Whole Year,Dry ginger,20,142,7.1
Arunachal Pradesh,KURUNG KUMEY,2003,Whole Year,Oilseeds total,350,301,0.86
Arunachal Pradesh,KURUNG KUMEY,2003,Whole Year,Potato,230,1635,7.108695652
Arunachal Pradesh,KURUNG KUMEY,2003,Whole Year,Pulses total,120,140,1.166666667
Arunachal Pradesh,KURUNG KUMEY,2003,Whole Year,Sugarcane,20,258,12.9
Arunachal Pradesh,KURUNG KUMEY,2003,Whole Year,Turmeric,12,83,6.916666667
Arunachal Pradesh,KURUNG KUMEY,2004,Kharif,Maize,1350,1714,1.26962963
Arunachal Pradesh,KURUNG KUMEY,2004,Kharif,Rice,6300,7434,1.18
Arunachal Pradesh,KURUNG KUMEY,2004,Kharif,Small millets,620,676,1.090322581
Arunachal Pradesh,KURUNG KUMEY,2004,Rabi,Wheat,15,16,1.066666667
Arunachal Pradesh,KURUNG KUMEY,2004,Whole Year,Dry chillies,154,236,1.532467532
Arunachal Pradesh,KURUNG KUMEY,2004,Whole Year,Dry ginger,70,484,6.914285714
Arunachal Pradesh,KURUNG KUMEY,2004,Whole Year,Oilseeds total,1735,1804,1.039769452
Arunachal Pradesh,KURUNG KUMEY,2004,Whole Year,Potato,279,2784,9.978494624
Arunachal Pradesh,KURUNG KUMEY,2004,Whole Year,Sugarcane,82,1364,16.63414634
Arunachal Pradesh,KURUNG KUMEY,2005,Kharif,Maize,1470,1870,1.272108844
Arunachal Pradesh,KURUNG KUMEY,2005,Kharif,Rice,6375,7530,1.181176471
Arunachal Pradesh,KURUNG KUMEY,2005,Kharif,Small millets,525,630,1.2
Arunachal Pradesh,KURUNG KUMEY,2005,Whole Year,Dry chillies,6,13,2.166666667
Arunachal Pradesh,KURUNG KUMEY,2005,Whole Year,Dry ginger,20,140,7
Arunachal Pradesh,KURUNG KUMEY,2005,Whole Year,Oilseeds total,75,150,2
Arunachal Pradesh,KURUNG KUMEY,2006,Kharif,Maize,1600,2159,1.349375
Arunachal Pradesh,KURUNG KUMEY,2006,Kharif,Rice,6000,5095,0.849166667
Arunachal Pradesh,KURUNG KUMEY,2006,Kharif,Small millets,640,783,1.2234375
Arunachal Pradesh,KURUNG KUMEY,2006,Whole Year,Dry chillies,63,96,1.523809524
Arunachal Pradesh,KURUNG KUMEY,2006,Whole Year,Dry ginger,100,80,0.8
Arunachal Pradesh,KURUNG KUMEY,2006,Whole Year,Oilseeds total,400,372,0.93
Arunachal Pradesh,KURUNG KUMEY,2006,Whole Year,Potato,292,2266,7.760273973
Arunachal Pradesh,KURUNG KUMEY,2006,Whole Year,Turmeric,15,106,7.066666667
Arunachal Pradesh,KURUNG KUMEY,2007,Kharif,Maize,500,750,1.5
Arunachal Pradesh,KURUNG KUMEY,2007,Kharif,Rice,500,615,1.23
Arunachal Pradesh,KURUNG KUMEY,2007,Kharif,Small millets,525,63,0.12
Arunachal Pradesh,KURUNG KUMEY,2007,Whole Year,Dry chillies,8,2,0.25
Arunachal Pradesh,KURUNG KUMEY,2007,Whole Year,Dry ginger,22,15,0.681818182
Arunachal Pradesh,KURUNG KUMEY,2007,Whole Year,Oilseeds total,77,15,0.194805195
Arunachal Pradesh,KURUNG KUMEY,2007,Whole Year,Potato,25,15,0.6
Arunachal Pradesh,KURUNG KUMEY,2008,Kharif,Maize,500,750,1.5
Arunachal Pradesh,KURUNG KUMEY,2008,Kharif,Rice,500,615,1.23
Arunachal Pradesh,KURUNG KUMEY,2008,Kharif,Small millets,525,63,0.12
Arunachal Pradesh,KURUNG KUMEY,2008,Whole Year,Dry ginger,22,132,6
Arunachal Pradesh,KURUNG KUMEY,2008,Whole Year,Oilseeds total,25,15,0.6
Arunachal Pradesh,KURUNG KUMEY,2008,Whole Year,Potato,25,15,0.6
Arunachal Pradesh,KURUNG KUMEY,2008,Whole Year,Turmeric,3,5,1.666666667
Arunachal Pradesh,KURUNG KUMEY,2009,Kharif,Maize,500,750,1.5
Arunachal Pradesh,KURUNG KUMEY,2009,Kharif,Rice,500,615.33,1.23066
Arunachal Pradesh,KURUNG KUMEY,2009,Kharif,Small millets,525,63,0.12
Arunachal Pradesh,KURUNG KUMEY,2009,Whole Year,Dry ginger,22,132,6
Arunachal Pradesh,KURUNG KUMEY,2009,Whole Year,Oilseeds total,500,923,1.846
Arunachal Pradesh,KURUNG KUMEY,2009,Whole Year,Potato,25,15,0.6
Arunachal Pradesh,KURUNG KUMEY,2009,Whole Year,Turmeric,3,5,1.666666667
Arunachal Pradesh,KURUNG KUMEY,2010,Kharif,Maize,550,793,1.441818182
Arunachal Pradesh,KURUNG KUMEY,2010,Kharif,Rice,400,527,1.3175
Arunachal Pradesh,KURUNG KUMEY,2010,Kharif,Small millets,540,729,1.35
Arunachal Pradesh,KURUNG KUMEY,2010,Whole Year,Dry chillies,10,3,0.3
Arunachal Pradesh,KURUNG KUMEY,2010,Whole Year,Dry ginger,20,139,6.95
Arunachal Pradesh,KURUNG KUMEY,2010,Whole Year,Oilseeds total,70,145,2.071428571
Arunachal Pradesh,KURUNG KUMEY,2010,Whole Year,Potato,25,17,0.68
Arunachal Pradesh,KURUNG KUMEY,2011,Kharif,Maize,568,839,1.477112676
Arunachal Pradesh,KURUNG KUMEY,2011,Kharif,Rice,406,574,1.413793103
Arunachal Pradesh,KURUNG KUMEY,2011,Kharif,Small millets,542,800,1.47601476
Arunachal Pradesh,KURUNG KUMEY,2011,Whole Year,Dry chillies,11,4,0.363636364
Arunachal Pradesh,KURUNG KUMEY,2011,Whole Year,Dry ginger,20,143,7.15
Arunachal Pradesh,KURUNG KUMEY,2011,Whole Year,Oilseeds total,71,145,2.042253521
Arunachal Pradesh,KURUNG KUMEY,2011,Whole Year,Potato,26,19,0.730769231
Arunachal Pradesh,KURUNG KUMEY,2012,Kharif,Maize,570,843,1.478947368
Arunachal Pradesh,KURUNG KUMEY,2012,Kharif,Rice,410,590,1.43902439
Arunachal Pradesh,KURUNG KUMEY,2012,Kharif,Small millets,546,785,1.437728938
Arunachal Pradesh,KURUNG KUMEY,2012,Whole Year,Dry chillies,11,5,0.454545455
Arunachal Pradesh,KURUNG KUMEY,2012,Whole Year,Dry ginger,21,145,6.904761905
Arunachal Pradesh,KURUNG KUMEY,2012,Whole Year,Oilseeds total,71,144,2.028169014
Arunachal Pradesh,KURUNG KUMEY,2012,Whole Year,Potato,27,23,0.851851852
Arunachal Pradesh,KURUNG KUMEY,2012,Whole Year,Sugarcane,98,2897,29.56122449
Arunachal Pradesh,KURUNG KUMEY,2013,Kharif,Maize,134,197,1.470149254
Arunachal Pradesh,KURUNG KUMEY,2013,Kharif,Rice,53,74,1.396226415
Arunachal Pradesh,KURUNG KUMEY,2013,Kharif,Small millets,220,250,1.136363636
Arunachal Pradesh,KURUNG KUMEY,2013,Whole Year,Dry ginger,5,34,6.8
Arunachal Pradesh,KURUNG KUMEY,2013,Whole Year,Oilseeds total,56,66,1.178571429
Arunachal Pradesh,KURUNG KUMEY,2013,Whole Year,Potato,14,119,8.5
Arunachal Pradesh,KURUNG KUMEY,2014,Kharif,Maize,134,197,1.470149254
Arunachal Pradesh,KURUNG KUMEY,2014,Kharif,Rice,53,74,1.396226415
Arunachal Pradesh,KURUNG KUMEY,2014,Kharif,Small millets,330,350,1.060606061
Arunachal Pradesh,KURUNG KUMEY,2014,Whole Year,Dry ginger,25,122,4.88
Arunachal Pradesh,KURUNG KUMEY,2014,Whole Year,Oilseeds total,100,117,1.17
Arunachal Pradesh,KURUNG KUMEY,2014,Whole Year,Potato,20,191,9.55
Arunachal Pradesh,LOHIT,1997,Kharif,Maize,7375,6099,0.826983051
Arunachal Pradesh,LOHIT,1997,Kharif,Rice,15070,19600,1.300597213
Arunachal Pradesh,LOHIT,1997,Kharif,Sesamum,95,70,0.736842105
Arunachal Pradesh,LOHIT,1997,Kharif,Small millets,945,654,0.692063492
Arunachal Pradesh,LOHIT,1997,Kharif,Soyabean,187,405,2.165775401
Arunachal Pradesh,LOHIT,1997,Kharif,Sunflower,40,20,0.5
Arunachal Pradesh,LOHIT,1997,Rabi,Groundnut,130,80,0.615384615
Arunachal Pradesh,LOHIT,1997,Rabi,Rapeseed &Mustard,6700,6600,0.985074627
Arunachal Pradesh,LOHIT,1997,Rabi,Sugarcane,15,105,7
Arunachal Pradesh,LOHIT,1997,Rabi,Wheat,250,300,1.2
Arunachal Pradesh,LOHIT,1997,Whole Year,Oilseeds total,7287,7250,0.994922465
Arunachal Pradesh,LOHIT,1998,Kharif,Maize,7784,7196,0.924460432
Arunachal Pradesh,LOHIT,1998,Kharif,Rice,13015,18221,1.4
Arunachal Pradesh,LOHIT,1998,Kharif,Sesamum,96,65,0.677083333
Arunachal Pradesh,LOHIT,1998,Kharif,Small millets,762,571,0.749343832
Arunachal Pradesh,LOHIT,1998,Kharif,Soyabean,240,450,1.875
Arunachal Pradesh,LOHIT,1998,Kharif,Sunflower,35,20,0.571428571
Arunachal Pradesh,LOHIT,1998,Rabi,Groundnut,60,45,0.75
Arunachal Pradesh,LOHIT,1998,Rabi,Rapeseed &Mustard,6720,7380,1.098214286
Arunachal Pradesh,LOHIT,1998,Rabi,Wheat,198,234,1.181818182
Arunachal Pradesh,LOHIT,1998,Whole Year,Dry chillies,60,163,2.716666667
Arunachal Pradesh,LOHIT,1998,Whole Year,Dry ginger,1086,9315,8.577348066
Arunachal Pradesh,LOHIT,1998,Whole Year,Oilseeds total,7365,8323,1.130074678
Arunachal Pradesh,LOHIT,1998,Whole Year,Potato,607,5099,8.400329489
Arunachal Pradesh,LOHIT,1998,Whole Year,Sugarcane,15,105,7
Arunachal Pradesh,LOHIT,1998,Whole Year,Turmeric,76,157,2.065789474
Arunachal Pradesh,LOHIT,1999,Kharif,Maize,8925,8925,1
Arunachal Pradesh,LOHIT,1999,Kharif,Rice,14000,20900,1.492857143
Arunachal Pradesh,LOHIT,1999,Kharif,Small millets,738,479,0.649051491
Arunachal Pradesh,LOHIT,1999,Rabi,Wheat,265,318,1.2
Arunachal Pradesh,LOHIT,1999,Whole Year,Dry chillies,85,150,1.764705882
Arunachal Pradesh,LOHIT,1999,Whole Year,Dry ginger,1020,9880,9.68627451
Arunachal Pradesh,LOHIT,1999,Whole Year,Oilseeds total,7800,8400,1.076923077
Arunachal Pradesh,LOHIT,1999,Whole Year,Potato,615,5500,8.943089431
Arunachal Pradesh,LOHIT,1999,Whole Year,Pulses total,1300,1365,1.05
Arunachal Pradesh,LOHIT,1999,Whole Year,Sugarcane,15,108,7.2
Arunachal Pradesh,LOHIT,1999,Whole Year,Turmeric,80,200,2.5
Arunachal Pradesh,LOHIT,2000,Kharif,Maize,8680,8732,1.005990783
Arunachal Pradesh,LOHIT,2000,Kharif,Rice,13980,13630,0.974964235
Arunachal Pradesh,LOHIT,2000,Kharif,Small millets,710,639,0.9
Arunachal Pradesh,LOHIT,2000,Rabi,Wheat,302,541,1.791390728
Arunachal Pradesh,LOHIT,2000,Whole Year,Dry chillies,82,155,1.890243902
Arunachal Pradesh,LOHIT,2000,Whole Year,Dry ginger,1060,10388,9.8
Arunachal Pradesh,LOHIT,2000,Whole Year,Oilseeds total,7960,9234,1.160050251
Arunachal Pradesh,LOHIT,2000,Whole Year,Potato,650,6240,9.6
Arunachal Pradesh,LOHIT,2000,Whole Year,Pulses total,1300,1547,1.19
Arunachal Pradesh,LOHIT,2000,Whole Year,Sugarcane,16,110,6.875
Arunachal Pradesh,LOHIT,2000,Whole Year,Turmeric,85,221,2.6
Arunachal Pradesh,LOHIT,2001,Kharif,Maize,5800,8120,1.4
Arunachal Pradesh,LOHIT,2001,Kharif,Rice,10900,14170,1.3
Arunachal Pradesh,LOHIT,2001,Kharif,Small millets,1300,950,0.730769231
Arunachal Pradesh,LOHIT,2001,Rabi,Wheat,170,250,1.470588235
Arunachal Pradesh,LOHIT,2001,Whole Year,Dry chillies,105,147,1.4
Arunachal Pradesh,LOHIT,2001,Whole Year,Dry ginger,716,7160,10
Arunachal Pradesh,LOHIT,2001,Whole Year,Oilseeds total,8560,10272,1.2
Arunachal Pradesh,LOHIT,2001,Whole Year,Potato,620,5084,8.2
Arunachal Pradesh,LOHIT,2001,Whole Year,Pulses total,400,444,1.11
Arunachal Pradesh,LOHIT,2001,Whole Year,Sugarcane,16,160,10
Arunachal Pradesh,LOHIT,2001,Whole Year,Turmeric,90,225,2.5
Arunachal Pradesh,LOHIT,2002,Kharif,Maize,9041,10126,1.120008849
Arunachal Pradesh,LOHIT,2002,Kharif,Rice,14158,12883,0.909944907
Arunachal Pradesh,LOHIT,2002,Kharif,Small millets,728,692,0.950549451
Arunachal Pradesh,LOHIT,2002,Rabi,Wheat,340,578,1.7
Arunachal Pradesh,LOHIT,2002,Whole Year,Dry chillies,125,175,1.4
Arunachal Pradesh,LOHIT,2002,Whole Year,Dry ginger,695,6950,10
Arunachal Pradesh,LOHIT,2002,Whole Year,Oilseeds total,9170,11004,1.2
Arunachal Pradesh,LOHIT,2002,Whole Year,Potato,630,5166,8.2
Arunachal Pradesh,LOHIT,2002,Whole Year,Pulses total,1550,1752,1.130322581
Arunachal Pradesh,LOHIT,2002,Whole Year,Sugarcane,16,160,10
Arunachal Pradesh,LOHIT,2002,Whole Year,Turmeric,89,223,2.505617978
Arunachal Pradesh,LOHIT,2003,Kharif,Maize,9058,9964,1.10002208
Arunachal Pradesh,LOHIT,2003,Kharif,Rice,14257,19390,1.360033668
Arunachal Pradesh,LOHIT,2003,Kharif,Small millets,740,708,0.956756757
Arunachal Pradesh,LOHIT,2003,Rabi,Wheat,340,578,1.7
Arunachal Pradesh,LOHIT,2003,Whole Year,Dry chillies,125,175,1.4
Arunachal Pradesh,LOHIT,2003,Whole Year,Dry ginger,896,8064,9
Arunachal Pradesh,LOHIT,2003,Whole Year,Oilseeds total,9150,10980,1.2
Arunachal Pradesh,LOHIT,2003,Whole Year,Potato,580,4756,8.2
Arunachal Pradesh,LOHIT,2003,Whole Year,Pulses total,1540,1694,1.1
Arunachal Pradesh,LOHIT,2003,Whole Year,Sugarcane,15,150,10
Arunachal Pradesh,LOHIT,2003,Whole Year,Turmeric,94,235,2.5
Arunachal Pradesh,LOHIT,2004,Kharif,Maize,4657,5123,1.100064419
Arunachal Pradesh,LOHIT,2004,Kharif,Rice,8227,9872,1.19995138
Arunachal Pradesh,LOHIT,2004,Kharif,Small millets,80,76,0.95
Arunachal Pradesh,LOHIT,2004,Rabi,Wheat,355,603,1.698591549
Arunachal Pradesh,LOHIT,2004,Whole Year,Dry chillies,20,30,1.5
Arunachal Pradesh,LOHIT,2004,Whole Year,Dry ginger,2230,15610,7
Arunachal Pradesh,LOHIT,2004,Whole Year,Oilseeds total,87,131,1.505747126
Arunachal Pradesh,LOHIT,2004,Whole Year,Potato,125,1000,8
Arunachal Pradesh,LOHIT,2004,Whole Year,Sugarcane,10,200,20
Arunachal Pradesh,LOHIT,2004,Whole Year,Turmeric,60,420,7
Arunachal Pradesh,LOHIT,2005,Kharif,Maize,7440,8481,1.139919355
Arunachal Pradesh,LOHIT,2005,Kharif,Rice,8500,11759,1.383411765
Arunachal Pradesh,LOHIT,2005,Kharif,Small millets,95,85,0.894736842
Arunachal Pradesh,LOHIT,2005,Rabi,Wheat,392,666,1.698979592
Arunachal Pradesh,LOHIT,2005,Whole Year,Dry chillies,102,142,1.392156863
Arunachal Pradesh,LOHIT,2005,Whole Year,Dry ginger,555,4551,8.2
Arunachal Pradesh,LOHIT,2005,Whole Year,Oilseeds total,8500,8160,0.96
Arunachal Pradesh,LOHIT,2005,Whole Year,Potato,795,6598,8.299371069
Arunachal Pradesh,LOHIT,2005,Whole Year,Sugarcane,16,176,11
Arunachal Pradesh,LOHIT,2005,Whole Year,Turmeric,42,165,3.928571429
Arunachal Pradesh,LOHIT,2006,Kharif,Maize,8023,11221,1.398604013
Arunachal Pradesh,LOHIT,2006,Kharif,Rice,10500,17010,1.62
Arunachal Pradesh,LOHIT,2006,Kharif,Small millets,90,90,1
Arunachal Pradesh,LOHIT,2006,Rabi,Wheat,420,772,1.838095238
Arunachal Pradesh,LOHIT,2006,Whole Year,Dry chillies,125,199,1.592
Arunachal Pradesh,LOHIT,2006,Whole Year,Dry ginger,895,7294,8.14972067
Arunachal Pradesh,LOHIT,2006,Whole Year,Oilseeds total,4900,4925,1.005102041
Arunachal Pradesh,LOHIT,2006,Whole Year,Potato,625,5719,9.1504
Arunachal Pradesh,LOHIT,2006,Whole Year,Sugarcane,20,133,6.65
Arunachal Pradesh,LOHIT,2006,Whole Year,Turmeric,110,330,3
Arunachal Pradesh,LOHIT,2007,Kharif,Maize,8325,8855,1.063663664
Arunachal Pradesh,LOHIT,2007,Kharif,Rice,10300,16833,1.634271845
Arunachal Pradesh,LOHIT,2007,Kharif,Small millets,92,78,0.847826087
Arunachal Pradesh,LOHIT,2007,Rabi,Wheat,415,664,1.6
Arunachal Pradesh,LOHIT,2007,Whole Year,Dry chillies,125,190,1.52
Arunachal Pradesh,LOHIT,2007,Whole Year,Dry ginger,890,7324,8.229213483
Arunachal Pradesh,LOHIT,2007,Whole Year,Oilseeds total,9423,8930,0.947681206
Arunachal Pradesh,LOHIT,2007,Whole Year,Potato,620,5704,9.2
Arunachal Pradesh,LOHIT,2007,Whole Year,Sugarcane,20,130,6.5
Arunachal Pradesh,LOHIT,2007,Whole Year,Turmeric,110,387,3.518181818
Arunachal Pradesh,LOHIT,2008,Kharif,Maize,8585,10044,1.169947583
Arunachal Pradesh,LOHIT,2008,Kharif,Rice,10412,17952,1.724164426
Arunachal Pradesh,LOHIT,2008,Kharif,Small millets,94,76,0.808510638
Arunachal Pradesh,LOHIT,2008,Rabi,Wheat,423,698,1.650118203
Arunachal Pradesh,LOHIT,2008,Whole Year,Dry chillies,128,204,1.59375
Arunachal Pradesh,LOHIT,2008,Whole Year,Dry ginger,928,7778,8.381465517
Arunachal Pradesh,LOHIT,2008,Whole Year,Oilseeds total,10411,10642,1.02218807
Arunachal Pradesh,LOHIT,2008,Whole Year,Potato,682,6295,9.230205279
Arunachal Pradesh,LOHIT,2008,Whole Year,Sugarcane,21,134,6.380952381
Arunachal Pradesh,LOHIT,2008,Whole Year,Turmeric,116,394,3.396551724
Arunachal Pradesh,LOHIT,2009,Kharif,Maize,8596,10315,1.199976733
Arunachal Pradesh,LOHIT,2009,Kharif,Rice,11770,19541.33,1.66026593
Arunachal Pradesh,LOHIT,2009,Kharif,Small millets,93,69,0.741935484
Arunachal Pradesh,LOHIT,2009,Rabi,Wheat,400,640,1.6
Arunachal Pradesh,LOHIT,2009,Whole Year,Dry chillies,100,214,2.14
Arunachal Pradesh,LOHIT,2009,Whole Year,Dry ginger,920,7544,8.2
Arunachal Pradesh,LOHIT,2009,Whole Year,Oilseeds total,11770,29312,2.49039932
Arunachal Pradesh,LOHIT,2009,Whole Year,Potato,705,6627,9.4
Arunachal Pradesh,LOHIT,2009,Whole Year,Sugarcane,30,190,6.333333333
Arunachal Pradesh,LOHIT,2009,Whole Year,Turmeric,118,389,3.296610169
Arunachal Pradesh,LOHIT,2010,Kharif,Maize,9960,12114,1.21626506
Arunachal Pradesh,LOHIT,2010,Kharif,Rice,11654,20263,1.738716321
Arunachal Pradesh,LOHIT,2010,Kharif,Small millets,98,82,0.836734694
Arunachal Pradesh,LOHIT,2010,Rabi,Wheat,475,784,1.650526316
Arunachal Pradesh,LOHIT,2010,Whole Year,Dry chillies,135,234,1.733333333
Arunachal Pradesh,LOHIT,2010,Whole Year,Dry ginger,985,8826,8.960406091
Arunachal Pradesh,LOHIT,2010,Whole Year,Oilseeds total,10547,7892,0.74826965
Arunachal Pradesh,LOHIT,2010,Whole Year,Potato,732,6881,9.400273224
Arunachal Pradesh,LOHIT,2010,Whole Year,Sugarcane,31,202,6.516129032
Arunachal Pradesh,LOHIT,2010,Whole Year,Turmeric,120,600,5
Arunachal Pradesh,LOHIT,2011,Kharif,Maize,10278,12823,1.247616268
Arunachal Pradesh,LOHIT,2011,Kharif,Rice,11839,22082,1.865191317
Arunachal Pradesh,LOHIT,2011,Kharif,Small millets,99,90,0.909090909
Arunachal Pradesh,LOHIT,2011,Rabi,Wheat,475,867,1.825263158
Arunachal Pradesh,LOHIT,2011,Whole Year,Dry chillies,152,276,1.815789474
Arunachal Pradesh,LOHIT,2011,Whole Year,Dry ginger,1015,9112,8.977339901
Arunachal Pradesh,LOHIT,2011,Whole Year,Oilseeds total,10764,8905,0.827294686
Arunachal Pradesh,LOHIT,2011,Whole Year,Potato,778,7681,9.872750643
Arunachal Pradesh,LOHIT,2011,Whole Year,Sugarcane,31,209,6.741935484
Arunachal Pradesh,LOHIT,2011,Whole Year,Turmeric,123,618,5.024390244
Arunachal Pradesh,LOHIT,2012,Kharif,Maize,10340,12218,1.181624758
Arunachal Pradesh,LOHIT,2012,Kharif,Rice,12239,23512,1.921071983
Arunachal Pradesh,LOHIT,2012,Kharif,Small millets,95,82,0.863157895
Arunachal Pradesh,LOHIT,2012,Rabi,Wheat,460,759,1.65
Arunachal Pradesh,LOHIT,2012,Whole Year,Dry chillies,145,348,2.4
Arunachal Pradesh,LOHIT,2012,Whole Year,Dry ginger,1025,9277,9.050731707
Arunachal Pradesh,LOHIT,2012,Whole Year,Oilseeds total,10810,9346,0.864569843
Arunachal Pradesh,LOHIT,2012,Whole Year,Potato,860,7740,9
Arunachal Pradesh,LOHIT,2012,Whole Year,Turmeric,125,694,5.552
Arunachal Pradesh,LOHIT,2013,Kharif,Maize,10325,12348,1.195932203
Arunachal Pradesh,LOHIT,2013,Kharif,Rice,12150,21662,1.782880658
Arunachal Pradesh,LOHIT,2013,Kharif,Small millets,93,74,0.795698925
Arunachal Pradesh,LOHIT,2013,Rabi,Wheat,465,799,1.71827957
Arunachal Pradesh,LOHIT,2013,Whole Year,Dry chillies,150,369,2.46
Arunachal Pradesh,LOHIT,2013,Whole Year,Dry ginger,1035,9387,9.069565217
Arunachal Pradesh,LOHIT,2013,Whole Year,Oilseeds total,10806,9138,0.84564131
Arunachal Pradesh,LOHIT,2013,Whole Year,Potato,863,8025,9.298957126
Arunachal Pradesh,LOHIT,2013,Whole Year,Sugarcane,27,178,6.592592593
Arunachal Pradesh,LOHIT,2013,Whole Year,Turmeric,120,688,5.733333333
Arunachal Pradesh,LOHIT,2014,Kharif,Maize,10390,12850,1.236766121
Arunachal Pradesh,LOHIT,2014,Kharif,Rice,11450,22080,1.928384279
Arunachal Pradesh,LOHIT,2014,Kharif,Small millets,110,86,0.781818182
Arunachal Pradesh,LOHIT,2014,Rabi,Wheat,558,1136,2.035842294
Arunachal Pradesh,LOHIT,2014,Whole Year,Dry chillies,161,331,2.055900621
Arunachal Pradesh,LOHIT,2014,Whole Year,Dry ginger,1122,9877,8.803030303
Arunachal Pradesh,LOHIT,2014,Whole Year,Oilseeds total,10921,9245,0.8465342
Arunachal Pradesh,LOHIT,2014,Whole Year,Potato,872,8104,9.293577982
Arunachal Pradesh,LOHIT,2014,Whole Year,Sugarcane,52,695,13.36538462
Arunachal Pradesh,LOHIT,2014,Whole Year,Turmeric,129,742,5.751937984
Arunachal Pradesh,LONGDING,2013,Kharif,Maize,1530,3506,2.291503268
Arunachal Pradesh,LONGDING,2013,Kharif,Rice,2890,2504,0.866435986
Arunachal Pradesh,LONGDING,2013,Kharif,Small millets,2460,2952,1.2
Arunachal Pradesh,LONGDING,2013,Whole Year,Dry chillies,49,397,8.102040816
Arunachal Pradesh,LONGDING,2013,Whole Year,Dry ginger,17,139,8.176470588
Arunachal Pradesh,LONGDING,2013,Whole Year,Oilseeds total,164,232,1.414634146
Arunachal Pradesh,LONGDING,2013,Whole Year,Potato,32,86,2.6875
Arunachal Pradesh,LONGDING,2014,Kharif,Maize,1595,3900,2.445141066
Arunachal Pradesh,LONGDING,2014,Kharif,Rice,2890,2923,1.011418685
Arunachal Pradesh,LONGDING,2014,Kharif,Small millets,2677,3164,1.18192006
Arunachal Pradesh,LONGDING,2014,Whole Year,Dry chillies,60,359,5.983333333
Arunachal Pradesh,LONGDING,2014,Whole Year,Dry ginger,39,230,5.897435897
Arunachal Pradesh,LONGDING,2014,Whole Year,Oilseeds total,279,339,1.215053763
Arunachal Pradesh,LOWER DIBANG VALLEY,2002,Kharif,Maize,5400,8910,1.65
Arunachal Pradesh,LOWER DIBANG VALLEY,2002,Kharif,Rice,9580,13500,1.409185804
Arunachal Pradesh,LOWER DIBANG VALLEY,2002,Kharif,Small millets,1317,993,0.753986333
Arunachal Pradesh,LOWER DIBANG VALLEY,2002,Rabi,Wheat,170,255,1.5
Arunachal Pradesh,LOWER DIBANG VALLEY,2002,Whole Year,Dry chillies,17,25,1.470588235
Arunachal Pradesh,LOWER DIBANG VALLEY,2002,Whole Year,Dry ginger,2211,15477,7
Arunachal Pradesh,LOWER DIBANG VALLEY,2002,Whole Year,Oilseeds total,3812,3642,0.955403987
Arunachal Pradesh,LOWER DIBANG VALLEY,2002,Whole Year,Potato,76,608,8
Arunachal Pradesh,LOWER DIBANG VALLEY,2002,Whole Year,Sugarcane,92,1880,20.43478261
Arunachal Pradesh,LOWER DIBANG VALLEY,2002,Whole Year,Turmeric,57,357,6.263157895
Arunachal Pradesh,LOWER DIBANG VALLEY,2003,Kharif,Maize,5450,9810,1.8
Arunachal Pradesh,LOWER DIBANG VALLEY,2003,Kharif,Rice,9650,11100,1.150259067
Arunachal Pradesh,LOWER DIBANG VALLEY,2003,Kharif,Small millets,1320,850,0.643939394
Arunachal Pradesh,LOWER DIBANG VALLEY,2003,Rabi,Wheat,175,260,1.485714286
Arunachal Pradesh,LOWER DIBANG VALLEY,2003,Whole Year,Dry chillies,50,60,1.2
Arunachal Pradesh,LOWER DIBANG VALLEY,2003,Whole Year,Dry ginger,2225,18912,8.499775281
Arunachal Pradesh,LOWER DIBANG VALLEY,2003,Whole Year,Oilseeds total,3815,3700,0.969855832
Arunachal Pradesh,LOWER DIBANG VALLEY,2003,Whole Year,Potato,100,800,8
Arunachal Pradesh,LOWER DIBANG VALLEY,2003,Whole Year,Pulses total,420,460,1.095238095
Arunachal Pradesh,LOWER DIBANG VALLEY,2003,Whole Year,Sugarcane,95,1900,20
Arunachal Pradesh,LOWER DIBANG VALLEY,2003,Whole Year,Turmeric,58,360,6.206896552
Arunachal Pradesh,LOWER DIBANG VALLEY,2004,Kharif,Maize,5500,9365,1.702727273
Arunachal Pradesh,LOWER DIBANG VALLEY,2004,Kharif,Rice,9655,14895,1.542723977
Arunachal Pradesh,LOWER DIBANG VALLEY,2004,Kharif,Small millets,1322,1005,0.7602118
Arunachal Pradesh,LOWER DIBANG VALLEY,2004,Rabi,Wheat,180,270,1.5
Arunachal Pradesh,LOWER DIBANG VALLEY,2004,Whole Year,Dry chillies,390,560,1.435897436
Arunachal Pradesh,LOWER DIBANG VALLEY,2004,Whole Year,Dry ginger,430,2430,5.651162791
Arunachal Pradesh,LOWER DIBANG VALLEY,2004,Whole Year,Oilseeds total,60,78,1.3
Arunachal Pradesh,LOWER DIBANG VALLEY,2004,Whole Year,Potato,50,335,6.7
Arunachal Pradesh,LOWER DIBANG VALLEY,2004,Whole Year,Sugarcane,150,1000,6.666666667
Arunachal Pradesh,LOWER DIBANG VALLEY,2004,Whole Year,Turmeric,75,389,5.186666667
Arunachal Pradesh,LOWER DIBANG VALLEY,2005,Kharif,Maize,5600,9520,1.7
Arunachal Pradesh,LOWER DIBANG VALLEY,2005,Kharif,Rice,9700,15035,1.55
Arunachal Pradesh,LOWER DIBANG VALLEY,2005,Kharif,Small millets,1340,1005,0.75
Arunachal Pradesh,LOWER DIBANG VALLEY,2005,Rabi,Wheat,195,302,1.548717949
Arunachal Pradesh,LOWER DIBANG VALLEY,2005,Whole Year,Dry chillies,33,33,1
Arunachal Pradesh,LOWER DIBANG VALLEY,2005,Whole Year,Dry ginger,2240,15680,7
Arunachal Pradesh,LOWER DIBANG VALLEY,2005,Whole Year,Oilseeds total,3750,1575,0.42
Arunachal Pradesh,LOWER DIBANG VALLEY,2005,Whole Year,Potato,140,1120,8
Arunachal Pradesh,LOWER DIBANG VALLEY,2005,Whole Year,Sugarcane,12,240,20
Arunachal Pradesh,LOWER DIBANG VALLEY,2005,Whole Year,Turmeric,65,445,6.846153846
Arunachal Pradesh,LOWER DIBANG VALLEY,2006,Kharif,Maize,7500,9745,1.299333333
Arunachal Pradesh,LOWER DIBANG VALLEY,2006,Kharif,Rice,10736,14149,1.317902385
Arunachal Pradesh,LOWER DIBANG VALLEY,2006,Kharif,Small millets,1390,1042,0.749640288
Arunachal Pradesh,LOWER DIBANG VALLEY,2006,Rabi,Wheat,250,375,1.5
Arunachal Pradesh,LOWER DIBANG VALLEY,2006,Whole Year,Dry chillies,60,72,1.2
Arunachal Pradesh,LOWER DIBANG VALLEY,2006,Whole Year,Dry ginger,2750,20625,7.5
Arunachal Pradesh,LOWER DIBANG VALLEY,2006,Whole Year,Oilseeds total,146,120,0.821917808
Arunachal Pradesh,LOWER DIBANG VALLEY,2006,Whole Year,Potato,140,1120,8
Arunachal Pradesh,LOWER DIBANG VALLEY,2006,Whole Year,Sugarcane,80,800,10
Arunachal Pradesh,LOWER DIBANG VALLEY,2006,Whole Year,Turmeric,80,560,7
Arunachal Pradesh,LOWER DIBANG VALLEY,2007,Kharif,Maize,7680,9984,1.3
Arunachal Pradesh,LOWER DIBANG VALLEY,2007,Kharif,Rice,10950,13477,1.230776256
Arunachal Pradesh,LOWER DIBANG VALLEY,2007,Kharif,Small millets,1450,1087,0.749655172
Arunachal Pradesh,LOWER DIBANG VALLEY,2007,Rabi,Wheat,260,364,1.4
Arunachal Pradesh,LOWER DIBANG VALLEY,2007,Whole Year,Dry chillies,70,77,1.1
Arunachal Pradesh,LOWER DIBANG VALLEY,2007,Whole Year,Dry ginger,2850,21375,7.5
Arunachal Pradesh,LOWER DIBANG VALLEY,2007,Whole Year,Oilseeds total,5000,4500,0.9
Arunachal Pradesh,LOWER DIBANG VALLEY,2007,Whole Year,Potato,288,2304,8
Arunachal Pradesh,LOWER DIBANG VALLEY,2007,Whole Year,Sugarcane,85,850,10
Arunachal Pradesh,LOWER DIBANG VALLEY,2007,Whole Year,Turmeric,88,616,7
Arunachal Pradesh,LOWER DIBANG VALLEY,2008,Kharif,Maize,7726,10044,1.300025887
Arunachal Pradesh,LOWER DIBANG VALLEY,2008,Kharif,Rice,11059,13610,1.230671851
Arunachal Pradesh,LOWER DIBANG VALLEY,2008,Kharif,Small millets,1431,1073,0.749825297
Arunachal Pradesh,LOWER DIBANG VALLEY,2008,Rabi,Wheat,257,386,1.501945525
Arunachal Pradesh,LOWER DIBANG VALLEY,2008,Whole Year,Dry chillies,68,75,1.102941176
Arunachal Pradesh,LOWER DIBANG VALLEY,2008,Whole Year,Dry ginger,2833,21248,7.500176491
Arunachal Pradesh,LOWER DIBANG VALLEY,2008,Whole Year,Oilseeds total,5047,4542,0.899940559
Arunachal Pradesh,LOWER DIBANG VALLEY,2008,Whole Year,Potato,295,2360,8
Arunachal Pradesh,LOWER DIBANG VALLEY,2008,Whole Year,Sugarcane,85,850,10
Arunachal Pradesh,LOWER DIBANG VALLEY,2008,Whole Year,Turmeric,87,619,7.114942529
Arunachal Pradesh,LOWER DIBANG VALLEY,2009,Kharif,Maize,7803,10144,1.300012816
Arunachal Pradesh,LOWER DIBANG VALLEY,2009,Kharif,Rice,11169,8934.66,0.799951652
Arunachal Pradesh,LOWER DIBANG VALLEY,2009,Kharif,Small millets,1445,1084,0.75017301
Arunachal Pradesh,LOWER DIBANG VALLEY,2009,Rabi,Wheat,260,390,1.5
Arunachal Pradesh,LOWER DIBANG VALLEY,2009,Whole Year,Dry chillies,69,76,1.101449275
Arunachal Pradesh,LOWER DIBANG VALLEY,2009,Whole Year,Dry ginger,2855,21413,7.500175131
Arunachal Pradesh,LOWER DIBANG VALLEY,2009,Whole Year,Oilseeds total,11169,13402,1.199928373
Arunachal Pradesh,LOWER DIBANG VALLEY,2009,Whole Year,Potato,301,2408,8
Arunachal Pradesh,LOWER DIBANG VALLEY,2009,Whole Year,Sugarcane,86,860,10
Arunachal Pradesh,LOWER DIBANG VALLEY,2009,Whole Year,Turmeric,88,616,7
Arunachal Pradesh,LOWER DIBANG VALLEY,2010,Kharif,Maize,7885,10251,1.300063412
Arunachal Pradesh,LOWER DIBANG VALLEY,2010,Kharif,Rice,11180,13760,1.230769231
Arunachal Pradesh,LOWER DIBANG VALLEY,2010,Kharif,Small millets,1465,1026,0.700341297
Arunachal Pradesh,LOWER DIBANG VALLEY,2010,Rabi,Wheat,265,398,1.501886792
Arunachal Pradesh,LOWER DIBANG VALLEY,2010,Whole Year,Dry chillies,76,83,1.092105263
Arunachal Pradesh,LOWER DIBANG VALLEY,2010,Whole Year,Dry ginger,2880,21600,7.5
Arunachal Pradesh,LOWER DIBANG VALLEY,2010,Whole Year,Oilseeds total,5150,4635,0.9
Arunachal Pradesh,LOWER DIBANG VALLEY,2010,Whole Year,Potato,310,2480,8
Arunachal Pradesh,LOWER DIBANG VALLEY,2010,Whole Year,Sugarcane,101,1010,10
Arunachal Pradesh,LOWER DIBANG VALLEY,2010,Whole Year,Turmeric,92,644,7
Arunachal Pradesh,LOWER DIBANG VALLEY,2011,Kharif,Maize,8137,10852,1.333661054
Arunachal Pradesh,LOWER DIBANG VALLEY,2011,Kharif,Rice,11357,14995,1.320331073
Arunachal Pradesh,LOWER DIBANG VALLEY,2011,Kharif,Small millets,1485,1126,0.758249158
Arunachal Pradesh,LOWER DIBANG VALLEY,2011,Rabi,Wheat,265,442,1.667924528
Arunachal Pradesh,LOWER DIBANG VALLEY,2011,Whole Year,Dry chillies,87,97,1.114942529
Arunachal Pradesh,LOWER DIBANG VALLEY,2011,Whole Year,Dry ginger,2966,22305,7.520229265
Arunachal Pradesh,LOWER DIBANG VALLEY,2011,Whole Year,Oilseeds total,5255,5247,0.99847764
Arunachal Pradesh,LOWER DIBANG VALLEY,2011,Whole Year,Potato,329,2768,8.41337386
Arunachal Pradesh,LOWER DIBANG VALLEY,2011,Whole Year,Sugarcane,100,1030,10.3
Arunachal Pradesh,LOWER DIBANG VALLEY,2011,Whole Year,Turmeric,94,663,7.053191489
Arunachal Pradesh,LOWER DIBANG VALLEY,2012,Kharif,Maize,8090,10517,1.3
Arunachal Pradesh,LOWER DIBANG VALLEY,2012,Kharif,Rice,11460,14822,1.293368237
Arunachal Pradesh,LOWER DIBANG VALLEY,2012,Kharif,Small millets,1515,1212,0.8
Arunachal Pradesh,LOWER DIBANG VALLEY,2012,Rabi,Wheat,280,420,1.5
Arunachal Pradesh,LOWER DIBANG VALLEY,2012,Whole Year,Dry chillies,95,105,1.105263158
Arunachal Pradesh,LOWER DIBANG VALLEY,2012,Whole Year,Dry ginger,2960,23680,8
Arunachal Pradesh,LOWER DIBANG VALLEY,2012,Whole Year,Oilseeds total,5330,5063,0.949906191
Arunachal Pradesh,LOWER DIBANG VALLEY,2012,Whole Year,Potato,375,3000,8
Arunachal Pradesh,LOWER DIBANG VALLEY,2012,Whole Year,Turmeric,98,735,7.5
Arunachal Pradesh,LOWER DIBANG VALLEY,2013,Kharif,Maize,8199,10589,1.291498963
Arunachal Pradesh,LOWER DIBANG VALLEY,2013,Kharif,Rice,14595,16058,1.100239808
Arunachal Pradesh,LOWER DIBANG VALLEY,2013,Kharif,Small millets,1530,1224,0.8
Arunachal Pradesh,LOWER DIBANG VALLEY,2013,Rabi,Wheat,289,434,1.501730104
Arunachal Pradesh,LOWER DIBANG VALLEY,2013,Whole Year,Dry chillies,110,264,2.4
Arunachal Pradesh,LOWER DIBANG VALLEY,2013,Whole Year,Dry ginger,2980,23840,8
Arunachal Pradesh,LOWER DIBANG VALLEY,2013,Whole Year,Oilseeds total,5340,5340,1
Arunachal Pradesh,LOWER DIBANG VALLEY,2013,Whole Year,Potato,375,3000,8
Arunachal Pradesh,LOWER DIBANG VALLEY,2013,Whole Year,Sugarcane,100,700,7
Arunachal Pradesh,LOWER DIBANG VALLEY,2013,Whole Year,Turmeric,105,788,7.504761905
Arunachal Pradesh,LOWER DIBANG VALLEY,2014,Kharif,Maize,8264,11091,1.342086157
Arunachal Pradesh,LOWER DIBANG VALLEY,2014,Kharif,Rice,13906,16479,1.185028045
Arunachal Pradesh,LOWER DIBANG VALLEY,2014,Kharif,Small millets,1747,1536,0.879221523
Arunachal Pradesh,LOWER DIBANG VALLEY,2014,Rabi,Wheat,382,771,2.018324607
Arunachal Pradesh,LOWER DIBANG VALLEY,2014,Whole Year,Dry chillies,121,226,1.867768595
Arunachal Pradesh,LOWER DIBANG VALLEY,2014,Whole Year,Dry ginger,3067,24130,7.867623084
Arunachal Pradesh,LOWER DIBANG VALLEY,2014,Whole Year,Oilseeds total,5455,5447,0.998533456
Arunachal Pradesh,LOWER DIBANG VALLEY,2014,Whole Year,Potato,384,3079,8.018229167
Arunachal Pradesh,LOWER DIBANG VALLEY,2014,Whole Year,Sugarcane,125,1217,9.736
Arunachal Pradesh,LOWER DIBANG VALLEY,2014,Whole Year,Turmeric,114,842,7.385964912
Arunachal Pradesh,LOWER SUBANSIRI,1997,Kharif,Maize,3794,6876,1.812335266
Arunachal Pradesh,LOWER SUBANSIRI,1997,Kharif,Rice,21064,19900,0.94473984
Arunachal Pradesh,LOWER SUBANSIRI,1997,Kharif,Sesamum,31,20,0.64516129
Arunachal Pradesh,LOWER SUBANSIRI,1997,Kharif,Small millets,840,734,0.873809524
Arunachal Pradesh,LOWER SUBANSIRI,1997,Kharif,Soyabean,69,70,1.014492754
Arunachal Pradesh,LOWER SUBANSIRI,1997,Kharif,Sunflower,27,10,0.37037037
Arunachal Pradesh,LOWER SUBANSIRI,1997,Rabi,Groundnut,15,10,0.666666667
Arunachal Pradesh,LOWER SUBANSIRI,1997,Rabi,Rapeseed &Mustard,940,1000,1.063829787
Arunachal Pradesh,LOWER SUBANSIRI,1997,Rabi,Sugarcane,15,560,37.33333333
Arunachal Pradesh,LOWER SUBANSIRI,1997,Rabi,Wheat,33,56,1.696969697
Arunachal Pradesh,LOWER SUBANSIRI,1997,Whole Year,Oilseeds total,1100,1150,1.045454545
Arunachal Pradesh,LOWER SUBANSIRI,1998,Kharif,Maize,4178,4787,1.145763523
Arunachal Pradesh,LOWER SUBANSIRI,1998,Kharif,Rice,21585,15045,0.697011814
Arunachal Pradesh,LOWER SUBANSIRI,1998,Kharif,Sesamum,32,15,0.46875
Arunachal Pradesh,LOWER SUBANSIRI,1998,Kharif,Small millets,864,550,0.636574074
Arunachal Pradesh,LOWER SUBANSIRI,1998,Kharif,Soyabean,79,60,0.759493671
Arunachal Pradesh,LOWER SUBANSIRI,1998,Kharif,Sunflower,25,7,0.28
Arunachal Pradesh,LOWER SUBANSIRI,1998,Rabi,Groundnut,30,15,0.5
Arunachal Pradesh,LOWER SUBANSIRI,1998,Rabi,Rapeseed &Mustard,950,410,0.431578947
Arunachal Pradesh,LOWER SUBANSIRI,1998,Rabi,Wheat,45,40,0.888888889
Arunachal Pradesh,LOWER SUBANSIRI,1998,Whole Year,Dry chillies,90,180,2
Arunachal Pradesh,LOWER SUBANSIRI,1998,Whole Year,Dry ginger,405,2025,5
Arunachal Pradesh,LOWER SUBANSIRI,1998,Whole Year,Oilseeds total,1116,507,0.454301075
Arunachal Pradesh,LOWER SUBANSIRI,1998,Whole Year,Potato,150,1170,7.8
Arunachal Pradesh,LOWER SUBANSIRI,1998,Whole Year,Sugarcane,90,540,6
Arunachal Pradesh,LOWER SUBANSIRI,1998,Whole Year,Turmeric,25,50,2
Arunachal Pradesh,LOWER SUBANSIRI,1999,Kharif,Maize,540,635,1.175925926
Arunachal Pradesh,LOWER SUBANSIRI,1999,Kharif,Rice,22000,10500,0.477272727
Arunachal Pradesh,LOWER SUBANSIRI,1999,Kharif,Small millets,1600,1291,0.806875
Arunachal Pradesh,LOWER SUBANSIRI,1999,Rabi,Wheat,52,78,1.5
Arunachal Pradesh,LOWER SUBANSIRI,1999,Whole Year,Dry chillies,140,210,1.5
Arunachal Pradesh,LOWER SUBANSIRI,1999,Whole Year,Dry ginger,50,255,5.1
Arunachal Pradesh,LOWER SUBANSIRI,1999,Whole Year,Oilseeds total,1400,1450,1.035714286
Arunachal Pradesh,LOWER SUBANSIRI,1999,Whole Year,Potato,760,5016,6.6
Arunachal Pradesh,LOWER SUBANSIRI,1999,Whole Year,Pulses total,120,360,3
Arunachal Pradesh,LOWER SUBANSIRI,1999,Whole Year,Turmeric,30,240,8
Arunachal Pradesh,LOWER SUBANSIRI,2000,Kharif,Maize,4510,5412,1.2
Arunachal Pradesh,LOWER SUBANSIRI,2000,Kharif,Rice,18150,18150,1
Arunachal Pradesh,LOWER SUBANSIRI,2000,Kharif,Small millets,1650,1815,1.1
Arunachal Pradesh,LOWER SUBANSIRI,2000,Rabi,Wheat,65,70,1.076923077
Arunachal Pradesh,LOWER SUBANSIRI,2000,Whole Year,Dry chillies,150,255,1.7
Arunachal Pradesh,LOWER SUBANSIRI,2000,Whole Year,Dry ginger,65,357,5.492307692
Arunachal Pradesh,LOWER SUBANSIRI,2000,Whole Year,Oilseeds total,1220,1020,0.836065574
Arunachal Pradesh,LOWER SUBANSIRI,2000,Whole Year,Potato,775,5270,6.8
Arunachal Pradesh,LOWER SUBANSIRI,2000,Whole Year,Pulses total,320,398,1.24375
Arunachal Pradesh,LOWER SUBANSIRI,2000,Whole Year,Sugarcane,100,1000,10
Arunachal Pradesh,LOWER SUBANSIRI,2000,Whole Year,Turmeric,40,326,8.15
Arunachal Pradesh,LOWER SUBANSIRI,2001,Kharif,Maize,1000,1750,1.75
Arunachal Pradesh,LOWER SUBANSIRI,2001,Kharif,Rice,4350,3500,0.804597701
Arunachal Pradesh,LOWER SUBANSIRI,2001,Kharif,Small millets,1000,1165,1.165
Arunachal Pradesh,LOWER SUBANSIRI,2001,Rabi,Wheat,10,12,1.2
Arunachal Pradesh,LOWER SUBANSIRI,2001,Whole Year,Dry chillies,210,250,1.19047619
Arunachal Pradesh,LOWER SUBANSIRI,2001,Whole Year,Dry ginger,75,530,7.066666667
Arunachal Pradesh,LOWER SUBANSIRI,2001,Whole Year,Oilseeds total,280,320,1.142857143
Arunachal Pradesh,LOWER SUBANSIRI,2001,Whole Year,Potato,170,1450,8.529411765
Arunachal Pradesh,LOWER SUBANSIRI,2001,Whole Year,Pulses total,450,480,1.066666667
Arunachal Pradesh,LOWER SUBANSIRI,2001,Whole Year,Sugarcane,10,100,10
Arunachal Pradesh,LOWER SUBANSIRI,2001,Whole Year,Turmeric,5,10,2
Arunachal Pradesh,LOWER SUBANSIRI,2002,Kharif,Maize,3380,4307,1.274260355
Arunachal Pradesh,LOWER SUBANSIRI,2002,Kharif,Rice,14800,17465,1.180067568
Arunachal Pradesh,LOWER SUBANSIRI,2002,Kharif,Small millets,1335,1504,1.12659176
Arunachal Pradesh,LOWER SUBANSIRI,2002,Rabi,Wheat,45,55,1.222222222
Arunachal Pradesh,LOWER SUBANSIRI,2002,Whole Year,Dry chillies,153,214,1.39869281
Arunachal Pradesh,LOWER SUBANSIRI,2002,Whole Year,Dry ginger,56,386,6.892857143
Arunachal Pradesh,LOWER SUBANSIRI,2002,Whole Year,Oilseeds total,310,368,1.187096774
Arunachal Pradesh,LOWER SUBANSIRI,2002,Whole Year,Potato,550,3898,7.087272727
Arunachal Pradesh,LOWER SUBANSIRI,2002,Whole Year,Pulses total,460,471,1.023913043
Arunachal Pradesh,LOWER SUBANSIRI,2002,Whole Year,Sugarcane,68,910,13.38235294
Arunachal Pradesh,LOWER SUBANSIRI,2002,Whole Year,Turmeric,35,245,7
Arunachal Pradesh,LOWER SUBANSIRI,2003,Kharif,Maize,1451,1836,1.265334252
Arunachal Pradesh,LOWER SUBANSIRI,2003,Kharif,Rice,8460,10152,1.2
Arunachal Pradesh,LOWER SUBANSIRI,2003,Kharif,Small millets,2374,3073,1.294439764
Arunachal Pradesh,LOWER SUBANSIRI,2003,Whole Year,Dry chillies,140,215,1.535714286
Arunachal Pradesh,LOWER SUBANSIRI,2003,Whole Year,Dry ginger,65,450,6.923076923
Arunachal Pradesh,LOWER SUBANSIRI,2003,Whole Year,Oilseeds total,1050,840,0.8
Arunachal Pradesh,LOWER SUBANSIRI,2003,Whole Year,Potato,254,2537,9.988188976
Arunachal Pradesh,LOWER SUBANSIRI,2003,Whole Year,Pulses total,600,800,1.333333333
Arunachal Pradesh,LOWER SUBANSIRI,2003,Whole Year,Sugarcane,75,1012,13.49333333
Arunachal Pradesh,LOWER SUBANSIRI,2004,Kharif,Maize,1596,2011,1.260025063
Arunachal Pradesh,LOWER SUBANSIRI,2004,Kharif,Rice,9306,11167,1.199978508
Arunachal Pradesh,LOWER SUBANSIRI,2004,Kharif,Small millets,2611,3368,1.289927231
Arunachal Pradesh,LOWER SUBANSIRI,2004,Whole Year,Dry chillies,85,112,1.317647059
Arunachal Pradesh,LOWER SUBANSIRI,2004,Whole Year,Dry ginger,66,309,4.681818182
Arunachal Pradesh,LOWER SUBANSIRI,2004,Whole Year,Oilseeds total,316,374,1.183544304
Arunachal Pradesh,LOWER SUBANSIRI,2004,Whole Year,Potato,186,1509,8.112903226
Arunachal Pradesh,LOWER SUBANSIRI,2004,Whole Year,Sugarcane,21,149,7.095238095
Arunachal Pradesh,LOWER SUBANSIRI,2004,Whole Year,Turmeric,12,20,1.666666667
Arunachal Pradesh,LOWER SUBANSIRI,2005,Kharif,Maize,1672,2189,1.309210526
Arunachal Pradesh,LOWER SUBANSIRI,2005,Kharif,Rice,9500,11600,1.221052632
Arunachal Pradesh,LOWER SUBANSIRI,2005,Kharif,Small millets,2504,3602,1.438498403
Arunachal Pradesh,LOWER SUBANSIRI,2005,Whole Year,Dry chillies,152,239,1.572368421
Arunachal Pradesh,LOWER SUBANSIRI,2005,Whole Year,Dry ginger,76,484,6.368421053
Arunachal Pradesh,LOWER SUBANSIRI,2005,Whole Year,Oilseeds total,1180,973,0.824576271
Arunachal Pradesh,LOWER SUBANSIRI,2005,Whole Year,Potato,347,3517,10.13544669
Arunachal Pradesh,LOWER SUBANSIRI,2005,Whole Year,Sugarcane,92,1336,14.52173913
Arunachal Pradesh,LOWER SUBANSIRI,2006,Kharif,Maize,1697,2222,1.309369476
Arunachal Pradesh,LOWER SUBANSIRI,2006,Kharif,Rice,9643,12075,1.252203671
Arunachal Pradesh,LOWER SUBANSIRI,2006,Kharif,Small millets,2542,3656,1.438237608
Arunachal Pradesh,LOWER SUBANSIRI,2006,Rabi,Wheat,5,10,2
Arunachal Pradesh,LOWER SUBANSIRI,2006,Whole Year,Dry chillies,155,244,1.574193548
Arunachal Pradesh,LOWER SUBANSIRI,2006,Whole Year,Dry ginger,78,494,6.333333333
Arunachal Pradesh,LOWER SUBANSIRI,2006,Whole Year,Oilseeds total,223,192,0.860986547
Arunachal Pradesh,LOWER SUBANSIRI,2006,Whole Year,Potato,354,3587,10.13276836
Arunachal Pradesh,LOWER SUBANSIRI,2006,Whole Year,Sugarcane,94,1363,14.5
Arunachal Pradesh,LOWER SUBANSIRI,2007,Kharif,Maize,559,1118,2
Arunachal Pradesh,LOWER SUBANSIRI,2007,Kharif,Rice,7685,9459,1.230839297
Arunachal Pradesh,LOWER SUBANSIRI,2007,Kharif,Small millets,1850,1341,0.724864865
Arunachal Pradesh,LOWER SUBANSIRI,2007,Rabi,Wheat,2,3,1.5
Arunachal Pradesh,LOWER SUBANSIRI,2007,Whole Year,Dry chillies,200,356,1.78
Arunachal Pradesh,LOWER SUBANSIRI,2007,Whole Year,Dry ginger,100,600,6
Arunachal Pradesh,LOWER SUBANSIRI,2007,Whole Year,Oilseeds total,1210,1730,1.429752066
Arunachal Pradesh,LOWER SUBANSIRI,2007,Whole Year,Potato,356,3863,10.8511236
Arunachal Pradesh,LOWER SUBANSIRI,2007,Whole Year,Sugarcane,100,1450,14.5
Arunachal Pradesh,LOWER SUBANSIRI,2008,Kharif,Maize,570,1123,1.970175439
Arunachal Pradesh,LOWER SUBANSIRI,2008,Kharif,Rice,7839,9647,1.230641663
Arunachal Pradesh,LOWER SUBANSIRI,2008,Kharif,Small millets,1887,1359,0.720190779
Arunachal Pradesh,LOWER SUBANSIRI,2008,Rabi,Wheat,10,10,1
Arunachal Pradesh,LOWER SUBANSIRI,2008,Whole Year,Dry chillies,210,374,1.780952381
Arunachal Pradesh,LOWER SUBANSIRI,2008,Whole Year,Dry ginger,105,630,6
Arunachal Pradesh,LOWER SUBANSIRI,2008,Whole Year,Oilseeds total,1234,1740,1.410048622
Arunachal Pradesh,LOWER SUBANSIRI,2008,Whole Year,Potato,374,4056,10.84491979
Arunachal Pradesh,LOWER SUBANSIRI,2008,Whole Year,Sugarcane,105,1523,14.5047619
Arunachal Pradesh,LOWER SUBANSIRI,2009,Kharif,Maize,620,1221,1.969354839
Arunachal Pradesh,LOWER SUBANSIRI,2009,Kharif,Rice,10193,12544.66,1.230713235
Arunachal Pradesh,LOWER SUBANSIRI,2009,Kharif,Small millets,1924,1443,0.75
Arunachal Pradesh,LOWER SUBANSIRI,2009,Whole Year,Dry chillies,118,211,1.788135593
Arunachal Pradesh,LOWER SUBANSIRI,2009,Whole Year,Dry ginger,109,656,6.018348624
Arunachal Pradesh,LOWER SUBANSIRI,2009,Whole Year,Oilseeds total,10193,18817,1.846070833
Arunachal Pradesh,LOWER SUBANSIRI,2009,Whole Year,Potato,389,4218,10.84318766
Arunachal Pradesh,LOWER SUBANSIRI,2009,Whole Year,Sugarcane,109,1586,14.55045872
Arunachal Pradesh,LOWER SUBANSIRI,2010,Kharif,Maize,625,1231,1.9696
Arunachal Pradesh,LOWER SUBANSIRI,2010,Kharif,Rice,8155,10655,1.306560392
Arunachal Pradesh,LOWER SUBANSIRI,2010,Kharif,Small millets,1529,1441,0.942446043
Arunachal Pradesh,LOWER SUBANSIRI,2010,Whole Year,Dry chillies,135,228,1.688888889
Arunachal Pradesh,LOWER SUBANSIRI,2010,Whole Year,Dry ginger,188,1062,5.64893617
Arunachal Pradesh,LOWER SUBANSIRI,2010,Whole Year,Oilseeds total,890,979,1.1
Arunachal Pradesh,LOWER SUBANSIRI,2010,Whole Year,Potato,313,2821,9.012779553
Arunachal Pradesh,LOWER SUBANSIRI,2010,Whole Year,Sugarcane,90,2709,30.1
Arunachal Pradesh,LOWER SUBANSIRI,2011,Kharif,Maize,645,1303,2.020155039
Arunachal Pradesh,LOWER SUBANSIRI,2011,Kharif,Rice,8285,1161,0.14013277
Arunachal Pradesh,LOWER SUBANSIRI,2011,Kharif,Small millets,1503,1582,1.052561544
Arunachal Pradesh,LOWER SUBANSIRI,2011,Whole Year,Dry chillies,152,269,1.769736842
Arunachal Pradesh,LOWER SUBANSIRI,2011,Whole Year,Dry ginger,194,1096,5.649484536
Arunachal Pradesh,LOWER SUBANSIRI,2011,Whole Year,Oilseeds total,908,1104,1.215859031
Arunachal Pradesh,LOWER SUBANSIRI,2011,Whole Year,Potato,332,3149,9.484939759
Arunachal Pradesh,LOWER SUBANSIRI,2011,Whole Year,Sugarcane,90,2750,30.55555556
Arunachal Pradesh,LOWER SUBANSIRI,2012,Kharif,Maize,646,1305,2.020123839
Arunachal Pradesh,LOWER SUBANSIRI,2012,Kharif,Rice,8290,14358,1.731966224
Arunachal Pradesh,LOWER SUBANSIRI,2012,Kharif,Small millets,1503,1582,1.052561544
Arunachal Pradesh,LOWER SUBANSIRI,2012,Whole Year,Dry chillies,152,269,1.769736842
Arunachal Pradesh,LOWER SUBANSIRI,2012,Whole Year,Dry ginger,194,1096,5.649484536
Arunachal Pradesh,LOWER SUBANSIRI,2012,Whole Year,Oilseeds total,908,1104,1.215859031
Arunachal Pradesh,LOWER SUBANSIRI,2012,Whole Year,Potato,333,3159,9.486486486
Arunachal Pradesh,LOWER SUBANSIRI,2012,Whole Year,Sugarcane,90,2750,30.55555556
Arunachal Pradesh,LOWER SUBANSIRI,2013,Kharif,Maize,650,1333,2.050769231
Arunachal Pradesh,LOWER SUBANSIRI,2013,Kharif,Rice,8373,14792,1.766630837
Arunachal Pradesh,LOWER SUBANSIRI,2013,Kharif,Small millets,1503,1583,1.05322688
Arunachal Pradesh,LOWER SUBANSIRI,2013,Whole Year,Dry chillies,152,266,1.75
Arunachal Pradesh,LOWER SUBANSIRI,2013,Whole Year,Dry ginger,192,1084,5.645833333
Arunachal Pradesh,LOWER SUBANSIRI,2013,Whole Year,Oilseeds total,910,1138,1.250549451
Arunachal Pradesh,LOWER SUBANSIRI,2013,Whole Year,Potato,335,3183,9.501492537
Arunachal Pradesh,LOWER SUBANSIRI,2013,Whole Year,Sugarcane,90,2750,30.55555556
Arunachal Pradesh,LOWER SUBANSIRI,2014,Kharif,Maize,715,1735,2.426573427
Arunachal Pradesh,LOWER SUBANSIRI,2014,Kharif,Rice,7673,15210,1.982275512
Arunachal Pradesh,LOWER SUBANSIRI,2014,Kharif,Small millets,1720,1795,1.043604651
Arunachal Pradesh,LOWER SUBANSIRI,2014,Whole Year,Dry chillies,163,228,1.398773006
Arunachal Pradesh,LOWER SUBANSIRI,2014,Whole Year,Dry ginger,279,1372,4.917562724
Arunachal Pradesh,LOWER SUBANSIRI,2014,Whole Year,Oilseeds total,1025,1245,1.214634146
Arunachal Pradesh,LOWER SUBANSIRI,2014,Whole Year,Potato,344,3262,9.48255814
Arunachal Pradesh,LOWER SUBANSIRI,2014,Whole Year,Sugarcane,115,3267,28.40869565
Arunachal Pradesh,NAMSAI,2014,Whole Year,Potato,119,794,6.672268908
Arunachal Pradesh,PAPUM PARE,1997,Kharif,Maize,1460,2305,1.578767123
Arunachal Pradesh,PAPUM PARE,1997,Kharif,Rice,6938,8400,1.210723551
Arunachal Pradesh,PAPUM PARE,1997,Kharif,Sesamum,230,83,0.360869565
Arunachal Pradesh,PAPUM PARE,1997,Kharif,Small millets,520,635,1.221153846
Arunachal Pradesh,PAPUM PARE,1997,Kharif,Soyabean,255,200,0.784313725
Arunachal Pradesh,PAPUM PARE,1997,Kharif,Sunflower,70,23,0.328571429
Arunachal Pradesh,PAPUM PARE,1997,Rabi,Groundnut,50,32,0.64
Arunachal Pradesh,PAPUM PARE,1997,Rabi,Rapeseed &Mustard,420,275,0.654761905
Arunachal Pradesh,PAPUM PARE,1997,Rabi,Sugarcane,95,975,10.26315789
Arunachal Pradesh,PAPUM PARE,1997,Rabi,Wheat,95,103,1.084210526
Arunachal Pradesh,PAPUM PARE,1997,Whole Year,Oilseeds total,1103,660,0.598368087
Arunachal Pradesh,PAPUM PARE,1998,Kharif,Maize,1607,1935,1.204107032
Arunachal Pradesh,PAPUM PARE,1998,Kharif,Rice,7100,6880,0.969014085
Arunachal Pradesh,PAPUM PARE,1998,Kharif,Sesamum,235,80,0.340425532
Arunachal Pradesh,PAPUM PARE,1998,Kharif,Small millets,535,494,0.923364486
Arunachal Pradesh,PAPUM PARE,1998,Kharif,Soyabean,253,280,1.106719368
Arunachal Pradesh,PAPUM PARE,1998,Kharif,Sunflower,60,20,0.333333333
Arunachal Pradesh,PAPUM PARE,1998,Rabi,Groundnut,43,20,0.465116279
Arunachal Pradesh,PAPUM PARE,1998,Rabi,Rapeseed &Mustard,430,295,0.686046512
Arunachal Pradesh,PAPUM PARE,1998,Rabi,Wheat,125,140,1.12
Arunachal Pradesh,PAPUM PARE,1998,Whole Year,Dry chillies,28,75,2.678571429
Arunachal Pradesh,PAPUM PARE,1998,Whole Year,Dry ginger,43,310,7.209302326
Arunachal Pradesh,PAPUM PARE,1998,Whole Year,Oilseeds total,1120,766,0.683928571
Arunachal Pradesh,PAPUM PARE,1998,Whole Year,Potato,80,532,6.65
Arunachal Pradesh,PAPUM PARE,1998,Whole Year,Sugarcane,107,999,9.336448598
Arunachal Pradesh,PAPUM PARE,1999,Kharif,Maize,1800,2600,1.444444444
Arunachal Pradesh,PAPUM PARE,1999,Kharif,Rice,7000,6800,0.971428571
Arunachal Pradesh,PAPUM PARE,1999,Kharif,Small millets,530,540,1.018867925
Arunachal Pradesh,PAPUM PARE,1999,Rabi,Wheat,160,240,1.5
Arunachal Pradesh,PAPUM PARE,1999,Whole Year,Dry chillies,40,60,1.5
Arunachal Pradesh,PAPUM PARE,1999,Whole Year,Dry ginger,50,340,6.8
Arunachal Pradesh,PAPUM PARE,1999,Whole Year,Oilseeds total,205,256,1.248780488
Arunachal Pradesh,PAPUM PARE,1999,Whole Year,Potato,90,560,6.222222222
Arunachal Pradesh,PAPUM PARE,1999,Whole Year,Pulses total,210,185,0.880952381
Arunachal Pradesh,PAPUM PARE,1999,Whole Year,Sugarcane,77,574,7.454545455
Arunachal Pradesh,PAPUM PARE,2000,Kharif,Maize,1950,2356,1.208205128
Arunachal Pradesh,PAPUM PARE,2000,Kharif,Rice,7275,7520,1.033676976
Arunachal Pradesh,PAPUM PARE,2000,Kharif,Small millets,509,545,1.070726916
Arunachal Pradesh,PAPUM PARE,2000,Rabi,Wheat,150,250,1.666666667
Arunachal Pradesh,PAPUM PARE,2000,Whole Year,Dry chillies,35,60,1.714285714
Arunachal Pradesh,PAPUM PARE,2000,Whole Year,Dry ginger,50,350,7
Arunachal Pradesh,PAPUM PARE,2000,Whole Year,Oilseeds total,1300,1350,1.038461538
Arunachal Pradesh,PAPUM PARE,2000,Whole Year,Potato,80,570,7.125
Arunachal Pradesh,PAPUM PARE,2000,Whole Year,Pulses total,195,195,1
Arunachal Pradesh,PAPUM PARE,2000,Whole Year,Sugarcane,115,1700,14.7826087
Arunachal Pradesh,PAPUM PARE,2001,Kharif,Maize,2145,2591,1.207925408
Arunachal Pradesh,PAPUM PARE,2001,Kharif,Rice,7940,8270,1.041561713
Arunachal Pradesh,PAPUM PARE,2001,Kharif,Small millets,559,595,1.064400716
Arunachal Pradesh,PAPUM PARE,2001,Rabi,Wheat,165,275,1.666666667
Arunachal Pradesh,PAPUM PARE,2001,Whole Year,Dry chillies,40,67,1.675
Arunachal Pradesh,PAPUM PARE,2001,Whole Year,Dry ginger,55,385,7
Arunachal Pradesh,PAPUM PARE,2001,Whole Year,Oilseeds total,1460,1485,1.017123288
Arunachal Pradesh,PAPUM PARE,2001,Whole Year,Potato,88,627,7.125
Arunachal Pradesh,PAPUM PARE,2001,Whole Year,Pulses total,210,210,1
Arunachal Pradesh,PAPUM PARE,2001,Whole Year,Sugarcane,120,1870,15.58333333
Arunachal Pradesh,PAPUM PARE,2002,Kharif,Maize,2240,2700,1.205357143
Arunachal Pradesh,PAPUM PARE,2002,Kharif,Rice,8050,8500,1.055900621
Arunachal Pradesh,PAPUM PARE,2002,Kharif,Small millets,550,650,1.181818182
Arunachal Pradesh,PAPUM PARE,2002,Rabi,Wheat,180,270,1.5
Arunachal Pradesh,PAPUM PARE,2002,Whole Year,Dry chillies,60,88,1.466666667
Arunachal Pradesh,PAPUM PARE,2002,Whole Year,Dry ginger,65,395,6.076923077
Arunachal Pradesh,PAPUM PARE,2002,Whole Year,Oilseeds total,1460,1485,1.017123288
Arunachal Pradesh,PAPUM PARE,2002,Whole Year,Potato,83,630,7.590361446
Arunachal Pradesh,PAPUM PARE,2002,Whole Year,Pulses total,225,230,1.022222222
Arunachal Pradesh,PAPUM PARE,2002,Whole Year,Sugarcane,130,1890,14.53846154
Arunachal Pradesh,PAPUM PARE,2002,Whole Year,Turmeric,6,,
Arunachal Pradesh,PAPUM PARE,2003,Kharif,Maize,2093,2833,1.353559484
Arunachal Pradesh,PAPUM PARE,2003,Kharif,Rice,8470,9825,1.159976387
Arunachal Pradesh,PAPUM PARE,2003,Kharif,Small millets,656,728,1.109756098
Arunachal Pradesh,PAPUM PARE,2003,Rabi,Wheat,133,223,1.676691729
Arunachal Pradesh,PAPUM PARE,2003,Whole Year,Dry chillies,52,72,1.384615385
Arunachal Pradesh,PAPUM PARE,2003,Whole Year,Dry ginger,57,452,7.929824561
Arunachal Pradesh,PAPUM PARE,2003,Whole Year,Oilseeds total,1551,1567,1.010315925
Arunachal Pradesh,PAPUM PARE,2003,Whole Year,Potato,74,684,9.243243243
Arunachal Pradesh,PAPUM PARE,2003,Whole Year,Pulses total,303,319,1.052805281
Arunachal Pradesh,PAPUM PARE,2003,Whole Year,Sugarcane,118,1813,15.36440678
Arunachal Pradesh,PAPUM PARE,2004,Kharif,Maize,2400,3240,1.35
Arunachal Pradesh,PAPUM PARE,2004,Kharif,Rice,9015,10277,1.139988907
Arunachal Pradesh,PAPUM PARE,2004,Kharif,Small millets,600,738,1.23
Arunachal Pradesh,PAPUM PARE,2004,Rabi,Wheat,150,258,1.72
Arunachal Pradesh,PAPUM PARE,2004,Whole Year,Dry chillies,160,170,1.0625
Arunachal Pradesh,PAPUM PARE,2004,Whole Year,Dry ginger,635,5588,8.8
Arunachal Pradesh,PAPUM PARE,2004,Whole Year,Oilseeds total,1740,1819,1.045402299
Arunachal Pradesh,PAPUM PARE,2004,Whole Year,Potato,647,4630,7.1561051
Arunachal Pradesh,PAPUM PARE,2004,Whole Year,Sugarcane,160,6335,39.59375
Arunachal Pradesh,PAPUM PARE,2004,Whole Year,Turmeric,180,360,2
Arunachal Pradesh,PAPUM PARE,2005,Kharif,Maize,2500,3497,1.3988
Arunachal Pradesh,PAPUM PARE,2005,Kharif,Rice,9300,11615,1.248924731
Arunachal Pradesh,PAPUM PARE,2005,Kharif,Small millets,695,861,1.238848921
Arunachal Pradesh,PAPUM PARE,2005,Rabi,Wheat,160,280,1.75
Arunachal Pradesh,PAPUM PARE,2005,Whole Year,Dry chillies,65,95,1.461538462
Arunachal Pradesh,PAPUM PARE,2005,Whole Year,Dry ginger,100,726,7.26
Arunachal Pradesh,PAPUM PARE,2005,Whole Year,Oilseeds total,1775,1850,1.042253521
Arunachal Pradesh,PAPUM PARE,2005,Whole Year,Potato,200,1840,9.2
Arunachal Pradesh,PAPUM PARE,2005,Whole Year,Sugarcane,200,3340,16.7
Arunachal Pradesh,PAPUM PARE,2005,Whole Year,Turmeric,25,175,7
Arunachal Pradesh,PAPUM PARE,2006,Kharif,Maize,2500,4500,1.8
Arunachal Pradesh,PAPUM PARE,2006,Kharif,Rice,10180,15139,1.487131631
Arunachal Pradesh,PAPUM PARE,2006,Kharif,Small millets,695,904,1.300719424
Arunachal Pradesh,PAPUM PARE,2006,Rabi,Wheat,170,306,1.8
Arunachal Pradesh,PAPUM PARE,2006,Whole Year,Dry chillies,65,96,1.476923077
Arunachal Pradesh,PAPUM PARE,2006,Whole Year,Dry ginger,105,750,7.142857143
Arunachal Pradesh,PAPUM PARE,2006,Whole Year,Oilseeds total,1204,992,0.823920266
Arunachal Pradesh,PAPUM PARE,2006,Whole Year,Potato,210,1890,9
Arunachal Pradesh,PAPUM PARE,2007,Kharif,Maize,2400,4320,1.8
Arunachal Pradesh,PAPUM PARE,2007,Kharif,Rice,9005,13854,1.538478623
Arunachal Pradesh,PAPUM PARE,2007,Kharif,Small millets,625,750,1.2
Arunachal Pradesh,PAPUM PARE,2007,Rabi,Wheat,150,240,1.6
Arunachal Pradesh,PAPUM PARE,2007,Whole Year,Dry chillies,55,77,1.4
Arunachal Pradesh,PAPUM PARE,2007,Whole Year,Dry ginger,90,626,6.955555556
Arunachal Pradesh,PAPUM PARE,2007,Whole Year,Oilseeds total,1765,1810,1.025495751
Arunachal Pradesh,PAPUM PARE,2007,Whole Year,Potato,205,1650,8.048780488
Arunachal Pradesh,PAPUM PARE,2007,Whole Year,Sugarcane,175,2888,16.50285714
Arunachal Pradesh,PAPUM PARE,2007,Whole Year,Turmeric,18,116,6.444444444
Arunachal Pradesh,PAPUM PARE,2008,Kharif,Maize,2000,3700,1.85
Arunachal Pradesh,PAPUM PARE,2008,Kharif,Rice,9025,14347,1.589695291
Arunachal Pradesh,PAPUM PARE,2008,Kharif,Small millets,627,815,1.29984051
Arunachal Pradesh,PAPUM PARE,2008,Rabi,Wheat,160,300,1.875
Arunachal Pradesh,PAPUM PARE,2008,Whole Year,Dry chillies,50,72,1.44
Arunachal Pradesh,PAPUM PARE,2008,Whole Year,Dry ginger,85,610,7.176470588
Arunachal Pradesh,PAPUM PARE,2008,Whole Year,Oilseeds total,1760,1936,1.1
Arunachal Pradesh,PAPUM PARE,2008,Whole Year,Potato,200,1820,9.1
Arunachal Pradesh,PAPUM PARE,2008,Whole Year,Sugarcane,176,2816,16
Arunachal Pradesh,PAPUM PARE,2008,Whole Year,Turmeric,20,136,6.8
Arunachal Pradesh,PAPUM PARE,2009,Kharif,Maize,2200,4400,2
Arunachal Pradesh,PAPUM PARE,2009,Kharif,Rice,9076,15822.66,1.743351697
Arunachal Pradesh,PAPUM PARE,2009,Kharif,Small millets,635,857,1.349606299
Arunachal Pradesh,PAPUM PARE,2009,Rabi,Wheat,180,342,1.9
Arunachal Pradesh,PAPUM PARE,2009,Whole Year,Dry chillies,60,372,6.2
Arunachal Pradesh,PAPUM PARE,2009,Whole Year,Dry ginger,100,1030,10.3
Arunachal Pradesh,PAPUM PARE,2009,Whole Year,Oilseeds total,9076,23734,2.615028647
Arunachal Pradesh,PAPUM PARE,2009,Whole Year,Potato,220,2112,9.6
Arunachal Pradesh,PAPUM PARE,2009,Whole Year,Sugarcane,180,3060,17
Arunachal Pradesh,PAPUM PARE,2009,Whole Year,Turmeric,25,180,7.2
Arunachal Pradesh,PAPUM PARE,2010,Kharif,Maize,2207,4193,1.899864069
Arunachal Pradesh,PAPUM PARE,2010,Kharif,Rice,9083,14684,1.616646482
Arunachal Pradesh,PAPUM PARE,2010,Kharif,Small millets,639,848,1.327073552
Arunachal Pradesh,PAPUM PARE,2010,Rabi,Wheat,183,320,1.74863388
Arunachal Pradesh,PAPUM PARE,2010,Whole Year,Dry chillies,62,397,6.403225806
Arunachal Pradesh,PAPUM PARE,2010,Whole Year,Dry ginger,104,1066,10.25
Arunachal Pradesh,PAPUM PARE,2010,Whole Year,Oilseeds total,1828,2114,1.156455142
Arunachal Pradesh,PAPUM PARE,2010,Whole Year,Potato,224,2217,9.897321429
Arunachal Pradesh,PAPUM PARE,2010,Whole Year,Sugarcane,182,3058,16.8021978
Arunachal Pradesh,PAPUM PARE,2010,Whole Year,Turmeric,22,152,6.909090909
Arunachal Pradesh,PAPUM PARE,2011,Kharif,Maize,2278,4438,1.948200176
Arunachal Pradesh,PAPUM PARE,2011,Kharif,Rice,9227,16002,1.734258155
Arunachal Pradesh,PAPUM PARE,2011,Kharif,Small millets,649,931,1.434514638
Arunachal Pradesh,PAPUM PARE,2011,Rabi,Wheat,183,354,1.93442623
Arunachal Pradesh,PAPUM PARE,2011,Whole Year,Dry chillies,70,468,6.685714286
Arunachal Pradesh,PAPUM PARE,2011,Whole Year,Dry ginger,187,1100,5.882352941
Arunachal Pradesh,PAPUM PARE,2011,Whole Year,Oilseeds total,1865,2385,1.278820375
Arunachal Pradesh,PAPUM PARE,2011,Whole Year,Potato,238,2475,10.39915966
Arunachal Pradesh,PAPUM PARE,2011,Whole Year,Sugarcane,190,3230,17
Arunachal Pradesh,PAPUM PARE,2011,Whole Year,Turmeric,23,157,6.826086957
Arunachal Pradesh,PAPUM PARE,2012,Kharif,Maize,2196,4557,2.075136612
Arunachal Pradesh,PAPUM PARE,2012,Kharif,Rice,9975,16753,1.679498747
Arunachal Pradesh,PAPUM PARE,2012,Kharif,Small millets,641,857,1.336973479
Arunachal Pradesh,PAPUM PARE,2012,Rabi,Wheat,179,304,1.698324022
Arunachal Pradesh,PAPUM PARE,2012,Whole Year,Dry chillies,77,516,6.701298701
Arunachal Pradesh,PAPUM PARE,2012,Whole Year,Dry ginger,112,1109,9.901785714
Arunachal Pradesh,PAPUM PARE,2012,Whole Year,Oilseeds total,1837,2021,1.10016331
Arunachal Pradesh,PAPUM PARE,2012,Whole Year,Potato,271,2540,9.372693727
Arunachal Pradesh,PAPUM PARE,2012,Whole Year,Sugarcane,197,3723,18.89847716
Arunachal Pradesh,PAPUM PARE,2012,Whole Year,Turmeric,90,127,1.411111111
Arunachal Pradesh,PAPUM PARE,2013,Kharif,Maize,2325,4766,2.049892473
Arunachal Pradesh,PAPUM PARE,2013,Kharif,Rice,12025,22686,1.886569647
Arunachal Pradesh,PAPUM PARE,2013,Kharif,Small millets,745,1057,1.418791946
Arunachal Pradesh,PAPUM PARE,2013,Rabi,Wheat,186,381,2.048387097
Arunachal Pradesh,PAPUM PARE,2013,Whole Year,Dry chillies,80,600,7.5
Arunachal Pradesh,PAPUM PARE,2013,Whole Year,Dry ginger,145,1392,9.6
Arunachal Pradesh,PAPUM PARE,2013,Whole Year,Oilseeds total,1980,2316,1.16969697
Arunachal Pradesh,PAPUM PARE,2013,Whole Year,Potato,280,2968,10.6
Arunachal Pradesh,PAPUM PARE,2013,Whole Year,Sugarcane,200,3840,19.2
Arunachal Pradesh,PAPUM PARE,2013,Whole Year,Turmeric,30,216,7.2
Arunachal Pradesh,PAPUM PARE,2014,Kharif,Maize,2398,5268,2.196830692
Arunachal Pradesh,PAPUM PARE,2014,Kharif,Rice,11325,23105,2.0401766
Arunachal Pradesh,PAPUM PARE,2014,Kharif,Small millets,962,1269,1.319126819
Arunachal Pradesh,PAPUM PARE,2014,Rabi,Wheat,279,718,2.573476703
Arunachal Pradesh,PAPUM PARE,2014,Whole Year,Dry chillies,91,564,6.197802198
Arunachal Pradesh,PAPUM PARE,2014,Whole Year,Dry ginger,232,1682,7.25
Arunachal Pradesh,PAPUM PARE,2014,Whole Year,Oilseeds total,2095,2423,1.156563246
Arunachal Pradesh,PAPUM PARE,2014,Whole Year,Potato,280,3047,10.88214286
Arunachal Pradesh,PAPUM PARE,2014,Whole Year,Sugarcane,229,4253,18.5720524
Arunachal Pradesh,PAPUM PARE,2014,Whole Year,Turmeric,39,270,6.923076923
Arunachal Pradesh,TAWANG,1997,Kharif,Maize,801,1442,1.800249688
Arunachal Pradesh,TAWANG,1997,Kharif,Rice,868,1050,1.209677419
Arunachal Pradesh,TAWANG,1997,Kharif,Small millets,920,782,0.85
Arunachal Pradesh,TAWANG,1997,Kharif,Soyabean,130,188,1.446153846
Arunachal Pradesh,TAWANG,1997,Kharif,Sunflower,80,42,0.525
Arunachal Pradesh,TAWANG,1997,Rabi,Groundnut,10,10,1
Arunachal Pradesh,TAWANG,1997,Rabi,Rapeseed &Mustard,55,65,1.181818182
Arunachal Pradesh,TAWANG,1997,Rabi,Wheat,1695,2712,1.6
Arunachal Pradesh,TAWANG,1997,Whole Year,Oilseeds total,275,305,1.109090909
Arunachal Pradesh,TAWANG,1998,Kharif,Maize,872,1614,1.850917431
Arunachal Pradesh,TAWANG,1998,Kharif,Rice,890,1112,1.249438202
Arunachal Pradesh,TAWANG,1998,Kharif,Small millets,943,848,0.899257688
Arunachal Pradesh,TAWANG,1998,Kharif,Soyabean,145,214,1.475862069
Arunachal Pradesh,TAWANG,1998,Kharif,Sunflower,77,45,0.584415584
Arunachal Pradesh,TAWANG,1998,Rabi,Groundnut,7,5,0.714285714
Arunachal Pradesh,TAWANG,1998,Rabi,Rapeseed &Mustard,56,78,1.392857143
Arunachal Pradesh,TAWANG,1998,Rabi,Wheat,1795,2154,1.2
Arunachal Pradesh,TAWANG,1998,Whole Year,Oilseeds total,285,342,1.2
Arunachal Pradesh,TAWANG,1998,Whole Year,Potato,1303,6515,5
Arunachal Pradesh,TAWANG,1999,Kharif,Maize,895,1665,1.860335196
Arunachal Pradesh,TAWANG,1999,Kharif,Rice,900,1170,1.3
Arunachal Pradesh,TAWANG,1999,Kharif,Small millets,954,906,0.949685535
Arunachal Pradesh,TAWANG,1999,Rabi,Wheat,1800,2520,1.4
Arunachal Pradesh,TAWANG,1999,Whole Year,Oilseeds total,299,358,1.197324415
Arunachal Pradesh,TAWANG,1999,Whole Year,Potato,1345,6725,5
Arunachal Pradesh,TAWANG,1999,Whole Year,Pulses total,425,472,1.110588235
Arunachal Pradesh,TAWANG,2000,Kharif,Maize,875,1645,1.88
Arunachal Pradesh,TAWANG,2000,Kharif,Rice,902,1205,1.335920177
Arunachal Pradesh,TAWANG,2000,Kharif,Small millets,880,945,1.073863636
Arunachal Pradesh,TAWANG,2000,Rabi,Wheat,1935,2992,1.54625323
Arunachal Pradesh,TAWANG,2000,Whole Year,Oilseeds total,305,372,1.219672131
Arunachal Pradesh,TAWANG,2000,Whole Year,Potato,1405,7195,5.120996441
Arunachal Pradesh,TAWANG,2000,Whole Year,Pulses total,420,470,1.119047619
Arunachal Pradesh,TAWANG,2001,Kharif,Maize,875,1640,1.874285714
Arunachal Pradesh,TAWANG,2001,Kharif,Rice,902,1190,1.319290466
Arunachal Pradesh,TAWANG,2001,Kharif,Small millets,884,949,1.073529412
Arunachal Pradesh,TAWANG,2001,Rabi,Wheat,1900,2639,1.388947368
Arunachal Pradesh,TAWANG,2001,Whole Year,Oilseeds total,305,370,1.213114754
Arunachal Pradesh,TAWANG,2001,Whole Year,Potato,1100,5500,5
Arunachal Pradesh,TAWANG,2001,Whole Year,Pulses total,420,470,1.119047619
Arunachal Pradesh,TAWANG,2002,Kharif,Maize,880,1654,1.879545455
Arunachal Pradesh,TAWANG,2002,Kharif,Rice,907,1210,1.334068357
Arunachal Pradesh,TAWANG,2002,Kharif,Small millets,885,948,1.071186441
Arunachal Pradesh,TAWANG,2002,Rabi,Wheat,2290,3330,1.454148472
Arunachal Pradesh,TAWANG,2002,Whole Year,Dry chillies,71,138,1.943661972
Arunachal Pradesh,TAWANG,2002,Whole Year,Dry ginger,32,80,2.5
Arunachal Pradesh,TAWANG,2002,Whole Year,Oilseeds total,275,341,1.24
Arunachal Pradesh,TAWANG,2002,Whole Year,Potato,1110,5550,5
Arunachal Pradesh,TAWANG,2002,Whole Year,Pulses total,554,610,1.101083032
Arunachal Pradesh,TAWANG,2002,Whole Year,Turmeric,13,98,7.538461538
Arunachal Pradesh,TAWANG,2003,Kharif,Maize,885,1682,1.900564972
Arunachal Pradesh,TAWANG,2003,Kharif,Rice,911,1221,1.340285401
Arunachal Pradesh,TAWANG,2003,Kharif,Small millets,835,1002,1.2
Arunachal Pradesh,TAWANG,2003,Rabi,Wheat,2025,3023,1.492839506
Arunachal Pradesh,TAWANG,2003,Whole Year,Dry chillies,74,148,2
Arunachal Pradesh,TAWANG,2003,Whole Year,Dry ginger,32,80,2.5
Arunachal Pradesh,TAWANG,2003,Whole Year,Oilseeds total,220,264,1.2
Arunachal Pradesh,TAWANG,2003,Whole Year,Potato,1010,5555,5.5
Arunachal Pradesh,TAWANG,2003,Whole Year,Pulses total,420,498,1.185714286
Arunachal Pradesh,TAWANG,2003,Whole Year,Turmeric,15,33,2.2
Arunachal Pradesh,TAWANG,2004,Kharif,Maize,883,1678,1.900339751
Arunachal Pradesh,TAWANG,2004,Kharif,Rice,911,1230,1.350164654
Arunachal Pradesh,TAWANG,2004,Kharif,Small millets,835,1002,1.2
Arunachal Pradesh,TAWANG,2004,Rabi,Wheat,2027,3109,1.533793784
Arunachal Pradesh,TAWANG,2004,Whole Year,Dry chillies,70,140,2
Arunachal Pradesh,TAWANG,2004,Whole Year,Dry ginger,28,70,2.5
Arunachal Pradesh,TAWANG,2004,Whole Year,Oilseeds total,198,247,1.247474747
Arunachal Pradesh,TAWANG,2004,Whole Year,Potato,808,4444,5.5
Arunachal Pradesh,TAWANG,2004,Whole Year,Turmeric,13,28,2.153846154
Arunachal Pradesh,TAWANG,2005,Kharif,Maize,722,1408,1.950138504
Arunachal Pradesh,TAWANG,2005,Kharif,Rice,777,1057,1.36036036
Arunachal Pradesh,TAWANG,2005,Kharif,Small millets,835,1002,1.2
Arunachal Pradesh,TAWANG,2005,Rabi,Wheat,1702,2601,1.528202115
Arunachal Pradesh,TAWANG,2005,Whole Year,Dry chillies,65,130,2
Arunachal Pradesh,TAWANG,2005,Whole Year,Dry ginger,26,65,2.5
Arunachal Pradesh,TAWANG,2005,Whole Year,Oilseeds total,185,233,1.259459459
Arunachal Pradesh,TAWANG,2005,Whole Year,Potato,600,3600,6
Arunachal Pradesh,TAWANG,2005,Whole Year,Turmeric,12,27,2.25
Arunachal Pradesh,TAWANG,2006,Kharif,Maize,710,1420,2
Arunachal Pradesh,TAWANG,2006,Kharif,Rice,770,1082,1.405194805
Arunachal Pradesh,TAWANG,2006,Kharif,Small millets,835,1002,1.2
Arunachal Pradesh,TAWANG,2006,Rabi,Wheat,1662,2553,1.536101083
Arunachal Pradesh,TAWANG,2006,Whole Year,Dry chillies,65,130,2
Arunachal Pradesh,TAWANG,2006,Whole Year,Dry ginger,26,65,2.5
Arunachal Pradesh,TAWANG,2006,Whole Year,Oilseeds total,185,233,1.259459459
Arunachal Pradesh,TAWANG,2006,Whole Year,Potato,500,3250,6.5
Arunachal Pradesh,TAWANG,2006,Whole Year,Turmeric,14,30,2.142857143
Arunachal Pradesh,TAWANG,2007,Kharif,Maize,710,1420,2
Arunachal Pradesh,TAWANG,2007,Kharif,Rice,770,1082,1.405194805
Arunachal Pradesh,TAWANG,2007,Kharif,Small millets,835,1002,1.2
Arunachal Pradesh,TAWANG,2007,Rabi,Wheat,1662,2535,1.525270758
Arunachal Pradesh,TAWANG,2007,Whole Year,Dry chillies,65,130,2
Arunachal Pradesh,TAWANG,2007,Whole Year,Dry ginger,26,65,2.5
Arunachal Pradesh,TAWANG,2007,Whole Year,Oilseeds total,185,233,1.259459459
Arunachal Pradesh,TAWANG,2007,Whole Year,Potato,500,3250,6.5
Arunachal Pradesh,TAWANG,2007,Whole Year,Turmeric,14,31,2.214285714
Arunachal Pradesh,TAWANG,2008,Kharif,Maize,700,1470,2.1
Arunachal Pradesh,TAWANG,2008,Kharif,Rice,758,758,1
Arunachal Pradesh,TAWANG,2008,Kharif,Small millets,850,1105,1.3
Arunachal Pradesh,TAWANG,2008,Rabi,Wheat,1345,2201,1.636431227
Arunachal Pradesh,TAWANG,2008,Whole Year,Dry chillies,70,154,2.2
Arunachal Pradesh,TAWANG,2008,Whole Year,Dry ginger,26,65,2.5
Arunachal Pradesh,TAWANG,2008,Whole Year,Oilseeds total,150,195,1.3
Arunachal Pradesh,TAWANG,2008,Whole Year,Potato,460,5060,11
Arunachal Pradesh,TAWANG,2008,Whole Year,Turmeric,14,31,2.214285714
Arunachal Pradesh,TAWANG,2009,Kharif,Maize,695,1494,2.149640288
Arunachal Pradesh,TAWANG,2009,Kharif,Rice,760,785.33,1.033328947
Arunachal Pradesh,TAWANG,2009,Kharif,Small millets,1000,1200,1.2
Arunachal Pradesh,TAWANG,2009,Rabi,Wheat,1155,1739,1.505627706
Arunachal Pradesh,TAWANG,2009,Whole Year,Dry chillies,71,163,2.295774648
Arunachal Pradesh,TAWANG,2009,Whole Year,Dry ginger,15,38,2.533333333
Arunachal Pradesh,TAWANG,2009,Whole Year,Oilseeds total,760,1178,1.55
Arunachal Pradesh,TAWANG,2009,Whole Year,Potato,448,4928,11
Arunachal Pradesh,TAWANG,2009,Whole Year,Turmeric,12,34,2.833333333
Arunachal Pradesh,TAWANG,2010,Kharif,Maize,700,1512,2.16
Arunachal Pradesh,TAWANG,2010,Kharif,Rice,765,795,1.039215686
Arunachal Pradesh,TAWANG,2010,Kharif,Small millets,1010,1212,1.2
Arunachal Pradesh,TAWANG,2010,Rabi,Wheat,1155,1762,1.525541126
Arunachal Pradesh,TAWANG,2010,Whole Year,Dry chillies,75,173,2.306666667
Arunachal Pradesh,TAWANG,2010,Whole Year,Dry ginger,20,50,2.5
Arunachal Pradesh,TAWANG,2010,Whole Year,Oilseeds total,170,221,1.3
Arunachal Pradesh,TAWANG,2010,Whole Year,Potato,450,4050,9
Arunachal Pradesh,TAWANG,2010,Whole Year,Turmeric,15,33,2.2
Arunachal Pradesh,TAWANG,2011,Kharif,Maize,722,1600,2.216066482
Arunachal Pradesh,TAWANG,2011,Kharif,Rice,777,866,1.114543115
Arunachal Pradesh,TAWANG,2011,Kharif,Small millets,1015,1331,1.311330049
Arunachal Pradesh,TAWANG,2011,Rabi,Wheat,1156,1952,1.688581315
Arunachal Pradesh,TAWANG,2011,Whole Year,Dry chillies,84,204,2.428571429
Arunachal Pradesh,TAWANG,2011,Whole Year,Dry ginger,21,52,2.476190476
Arunachal Pradesh,TAWANG,2011,Whole Year,Oilseeds total,173,249,1.439306358
Arunachal Pradesh,TAWANG,2011,Whole Year,Potato,477,4521,9.477987421
Arunachal Pradesh,TAWANG,2011,Whole Year,Turmeric,16,34,2.125
Arunachal Pradesh,TAWANG,2012,Kharif,Maize,800,1728,2.16
Arunachal Pradesh,TAWANG,2012,Kharif,Rice,835,930,1.113772455
Arunachal Pradesh,TAWANG,2012,Kharif,Small millets,1015,1218,1.2
Arunachal Pradesh,TAWANG,2012,Rabi,Wheat,986,1409,1.429006085
Arunachal Pradesh,TAWANG,2012,Whole Year,Dry chillies,75,173,2.306666667
Arunachal Pradesh,TAWANG,2012,Whole Year,Dry ginger,20,50,2.5
Arunachal Pradesh,TAWANG,2012,Whole Year,Oilseeds total,170,221,1.3
Arunachal Pradesh,TAWANG,2012,Whole Year,Potato,455,4550,10
Arunachal Pradesh,TAWANG,2012,Whole Year,Turmeric,15,33,2.2
Arunachal Pradesh,TAWANG,2013,Kharif,Maize,700,1512,2.16
Arunachal Pradesh,TAWANG,2013,Kharif,Rice,835,879,1.052694611
Arunachal Pradesh,TAWANG,2013,Kharif,Small millets,1015,1218,1.2
Arunachal Pradesh,TAWANG,2013,Rabi,Wheat,986,1409,1.429006085
Arunachal Pradesh,TAWANG,2013,Whole Year,Dry chillies,75,173,2.306666667
Arunachal Pradesh,TAWANG,2013,Whole Year,Dry ginger,20,50,2.5
Arunachal Pradesh,TAWANG,2013,Whole Year,Oilseeds total,170,221,1.3
Arunachal Pradesh,TAWANG,2013,Whole Year,Potato,455,4550,10
Arunachal Pradesh,TAWANG,2013,Whole Year,Turmeric,15,33,2.2
Arunachal Pradesh,TAWANG,2014,Kharif,Maize,765,1914,2.501960784
Arunachal Pradesh,TAWANG,2014,Kharif,Rice,835,1298,1.554491018
Arunachal Pradesh,TAWANG,2014,Kharif,Small millets,1223,1435,1.173344235
Arunachal Pradesh,TAWANG,2014,Rabi,Wheat,1082,1746,1.613678373
Arunachal Pradesh,TAWANG,2014,Whole Year,Dry chillies,86,135,1.569767442
Arunachal Pradesh,TAWANG,2014,Whole Year,Dry ginger,104,340,3.269230769
Arunachal Pradesh,TAWANG,2014,Whole Year,Oilseeds total,285,328,1.150877193
Arunachal Pradesh,TAWANG,2014,Whole Year,Potato,464,4629,9.976293103
Arunachal Pradesh,TAWANG,2014,Whole Year,Turmeric,23,87,3.782608696
Arunachal Pradesh,TIRAP,1997,Kharif,Maize,2480,3100,1.25
Arunachal Pradesh,TIRAP,1997,Kharif,Rice,5345,3700,0.692235734
Arunachal Pradesh,TIRAP,1997,Kharif,Small millets,4430,3898,0.879909707
Arunachal Pradesh,TIRAP,1997,Kharif,Soyabean,370,238,0.643243243
Arunachal Pradesh,TIRAP,1997,Kharif,Sunflower,12,2,0.166666667
Arunachal Pradesh,TIRAP,1997,Rabi,Groundnut,78,45,0.576923077
Arunachal Pradesh,TIRAP,1997,Rabi,Rapeseed &Mustard,420,200,0.476190476
Arunachal Pradesh,TIRAP,1997,Rabi,Sugarcane,35,350,10
Arunachal Pradesh,TIRAP,1997,Rabi,Wheat,15,15,1
Arunachal Pradesh,TIRAP,1997,Whole Year,Oilseeds total,880,485,0.551136364
Arunachal Pradesh,TIRAP,1998,Kharif,Maize,2480,1711,0.689919355
Arunachal Pradesh,TIRAP,1998,Kharif,Rice,5345,1942,0.363330215
Arunachal Pradesh,TIRAP,1998,Kharif,Small millets,4430,3628,0.818961625
Arunachal Pradesh,TIRAP,1998,Kharif,Soyabean,400,130,0.325
Arunachal Pradesh,TIRAP,1998,Kharif,Sunflower,20,3,0.15
Arunachal Pradesh,TIRAP,1998,Rabi,Groundnut,35,15,0.428571429
Arunachal Pradesh,TIRAP,1998,Rabi,Rapeseed &Mustard,433,121,0.279445727
Arunachal Pradesh,TIRAP,1998,Rabi,Wheat,5,3,0.6
Arunachal Pradesh,TIRAP,1998,Whole Year,Dry chillies,75,47,0.626666667
Arunachal Pradesh,TIRAP,1998,Whole Year,Dry ginger,100,370,3.7
Arunachal Pradesh,TIRAP,1998,Whole Year,Oilseeds total,888,329,0.370495495
Arunachal Pradesh,TIRAP,1998,Whole Year,Potato,45,271,6.022222222
Arunachal Pradesh,TIRAP,1998,Whole Year,Sugarcane,35,208,5.942857143
Arunachal Pradesh,TIRAP,1998,Whole Year,Turmeric,15,64,4.266666667
Arunachal Pradesh,TIRAP,1999,Kharif,Maize,2482,2878,1.159548751
Arunachal Pradesh,TIRAP,1999,Kharif,Rice,5354,5400,1.008591707
Arunachal Pradesh,TIRAP,1999,Kharif,Small millets,4204,3364,0.800190295
Arunachal Pradesh,TIRAP,1999,Rabi,Wheat,8,7,0.875
Arunachal Pradesh,TIRAP,1999,Whole Year,Dry chillies,83,80,0.963855422
Arunachal Pradesh,TIRAP,1999,Whole Year,Dry ginger,75,366,4.88
Arunachal Pradesh,TIRAP,1999,Whole Year,Oilseeds total,629,394,0.626391097
Arunachal Pradesh,TIRAP,1999,Whole Year,Potato,40,280,7
Arunachal Pradesh,TIRAP,1999,Whole Year,Pulses total,113,167,1.477876106
Arunachal Pradesh,TIRAP,1999,Whole Year,Sugarcane,32,232,7.25
Arunachal Pradesh,TIRAP,1999,Whole Year,Turmeric,12,74,6.166666667
Arunachal Pradesh,TIRAP,2000,Kharif,Maize,2535,2892,1.140828402
Arunachal Pradesh,TIRAP,2000,Kharif,Rice,5343,3036,0.568220101
Arunachal Pradesh,TIRAP,2000,Kharif,Small millets,4138,2720,0.657322378
Arunachal Pradesh,TIRAP,2000,Rabi,Wheat,10,15,1.5
Arunachal Pradesh,TIRAP,2000,Whole Year,Dry chillies,88,140,1.590909091
Arunachal Pradesh,TIRAP,2000,Whole Year,Dry ginger,100,279,2.79
Arunachal Pradesh,TIRAP,2000,Whole Year,Oilseeds total,915,847,0.92568306
Arunachal Pradesh,TIRAP,2000,Whole Year,Potato,52,280,5.384615385
Arunachal Pradesh,TIRAP,2000,Whole Year,Pulses total,770,878,1.14025974
Arunachal Pradesh,TIRAP,2000,Whole Year,Sugarcane,30,315,10.5
Arunachal Pradesh,TIRAP,2000,Whole Year,Turmeric,20,100,5
Arunachal Pradesh,TIRAP,2001,Kharif,Maize,1730,3079,1.779768786
Arunachal Pradesh,TIRAP,2001,Kharif,Rice,8300,10458,1.26
Arunachal Pradesh,TIRAP,2001,Kharif,Small millets,400,342,0.855
Arunachal Pradesh,TIRAP,2001,Rabi,Wheat,15,25,1.666666667
Arunachal Pradesh,TIRAP,2001,Whole Year,Dry chillies,120,160,1.333333333
Arunachal Pradesh,TIRAP,2001,Whole Year,Dry ginger,110,500,4.545454545
Arunachal Pradesh,TIRAP,2001,Whole Year,Oilseeds total,1000,1000,1
Arunachal Pradesh,TIRAP,2001,Whole Year,Potato,50,300,6
Arunachal Pradesh,TIRAP,2001,Whole Year,Pulses total,550,607,1.103636364
Arunachal Pradesh,TIRAP,2001,Whole Year,Sugarcane,245,4250,17.34693878
Arunachal Pradesh,TIRAP,2001,Whole Year,Turmeric,25,135,5.4
Arunachal Pradesh,TIRAP,2002,Kharif,Maize,2738,3307,1.207815924
Arunachal Pradesh,TIRAP,2002,Kharif,Rice,5580,2490,0.446236559
Arunachal Pradesh,TIRAP,2002,Kharif,Small millets,4470,3008,0.672930649
Arunachal Pradesh,TIRAP,2002,Rabi,Wheat,16,25,1.5625
Arunachal Pradesh,TIRAP,2002,Whole Year,Dry chillies,120,132,1.1
Arunachal Pradesh,TIRAP,2002,Whole Year,Dry ginger,116,528,4.551724138
Arunachal Pradesh,TIRAP,2002,Whole Year,Oilseeds total,1316,1433,1.088905775
Arunachal Pradesh,TIRAP,2002,Whole Year,Potato,52,307,5.903846154
Arunachal Pradesh,TIRAP,2002,Whole Year,Pulses total,845,903,1.068639053
Arunachal Pradesh,TIRAP,2002,Whole Year,Sugarcane,32,402,12.5625
Arunachal Pradesh,TIRAP,2002,Whole Year,Turmeric,25,120,4.8
Arunachal Pradesh,TIRAP,2003,Kharif,Maize,2737,3310,1.209353307
Arunachal Pradesh,TIRAP,2003,Kharif,Rice,5582,3830,0.686134002
Arunachal Pradesh,TIRAP,2003,Kharif,Small millets,4470,3627,0.811409396
Arunachal Pradesh,TIRAP,2003,Whole Year,Dry chillies,125,150,1.2
Arunachal Pradesh,TIRAP,2003,Whole Year,Dry ginger,115,530,4.608695652
Arunachal Pradesh,TIRAP,2003,Whole Year,Oilseeds total,783,755,0.964240102
Arunachal Pradesh,TIRAP,2003,Whole Year,Potato,55,325,5.909090909
Arunachal Pradesh,TIRAP,2003,Whole Year,Pulses total,316,300,0.949367089
Arunachal Pradesh,TIRAP,2004,Kharif,Maize,2740,3310,1.208029197
Arunachal Pradesh,TIRAP,2004,Kharif,Rice,5585,2383,0.426678603
Arunachal Pradesh,TIRAP,2004,Kharif,Small millets,4775,3626,0.759371728
Arunachal Pradesh,TIRAP,2004,Rabi,Wheat,16,27,1.6875
Arunachal Pradesh,TIRAP,2004,Whole Year,Dry chillies,12,83,6.916666667
Arunachal Pradesh,TIRAP,2004,Whole Year,Dry ginger,230,1635,7.108695652
Arunachal Pradesh,TIRAP,2004,Whole Year,Oilseeds total,785,762,0.970700637
Arunachal Pradesh,TIRAP,2004,Whole Year,Potato,350,301,0.86
Arunachal Pradesh,TIRAP,2004,Whole Year,Sugarcane,20,258,12.9
Arunachal Pradesh,TIRAP,2004,Whole Year,Turmeric,20,142,7.1
Arunachal Pradesh,TIRAP,2005,Kharif,Maize,2745,3314,1.207285974
Arunachal Pradesh,TIRAP,2005,Kharif,Rice,4612,2509,0.544015611
Arunachal Pradesh,TIRAP,2005,Kharif,Small millets,4780,3630,0.759414226
Arunachal Pradesh,TIRAP,2005,Rabi,Wheat,16,26,1.625
Arunachal Pradesh,TIRAP,2005,Whole Year,Oilseeds total,793,767,0.967213115
Arunachal Pradesh,TIRAP,2005,Whole Year,Potato,55,327,5.945454545
Arunachal Pradesh,TIRAP,2006,Kharif,Maize,2745,3319,1.209107468
Arunachal Pradesh,TIRAP,2006,Kharif,Rice,5615,3961,0.705431879
Arunachal Pradesh,TIRAP,2006,Kharif,Small millets,4785,3635,0.759665622
Arunachal Pradesh,TIRAP,2006,Rabi,Wheat,16,26,1.625
Arunachal Pradesh,TIRAP,2006,Whole Year,Dry chillies,125,155,1.24
Arunachal Pradesh,TIRAP,2006,Whole Year,Dry ginger,122,534,4.37704918
Arunachal Pradesh,TIRAP,2006,Whole Year,Oilseeds total,3512,2408,0.685649203
Arunachal Pradesh,TIRAP,2006,Whole Year,Potato,55,326,5.927272727
Arunachal Pradesh,TIRAP,2006,Whole Year,Sugarcane,43,1077,25.04651163
Arunachal Pradesh,TIRAP,2007,Kharif,Maize,2750,3328,1.210181818
Arunachal Pradesh,TIRAP,2007,Kharif,Rice,5500,3971,0.722
Arunachal Pradesh,TIRAP,2007,Kharif,Small millets,4780,3635,0.760460251
Arunachal Pradesh,TIRAP,2007,Rabi,Wheat,16,25,1.5625
Arunachal Pradesh,TIRAP,2007,Whole Year,Dry chillies,125,150,1.2
Arunachal Pradesh,TIRAP,2007,Whole Year,Dry ginger,125,438,3.504
Arunachal Pradesh,TIRAP,2007,Whole Year,Oilseeds total,805,728,0.904347826
Arunachal Pradesh,TIRAP,2007,Whole Year,Potato,55,208,3.781818182
Arunachal Pradesh,TIRAP,2008,Kharif,Maize,2755,3270,1.186932849
Arunachal Pradesh,TIRAP,2008,Kharif,Rice,5625,4062,0.722133333
Arunachal Pradesh,TIRAP,2008,Kharif,Small millets,4775,2865,0.6
Arunachal Pradesh,TIRAP,2008,Whole Year,Dry chillies,125,656,5.248
Arunachal Pradesh,TIRAP,2008,Whole Year,Dry ginger,128,442,3.453125
Arunachal Pradesh,TIRAP,2008,Whole Year,Oilseeds total,820,711,0.867073171
Arunachal Pradesh,TIRAP,2008,Whole Year,Potato,42,214,5.095238095
Arunachal Pradesh,TIRAP,2009,Kharif,Maize,2630,3275,1.245247148
Arunachal Pradesh,TIRAP,2009,Kharif,Rice,4995,2643.33,0.529195195
Arunachal Pradesh,TIRAP,2009,Kharif,Small millets,4532,2870,0.633274492
Arunachal Pradesh,TIRAP,2009,Whole Year,Dry chillies,72,132,1.833333333
Arunachal Pradesh,TIRAP,2009,Whole Year,Dry ginger,80,210,2.625
Arunachal Pradesh,TIRAP,2009,Whole Year,Oilseeds total,4995,3965,0.793793794
Arunachal Pradesh,TIRAP,2009,Whole Year,Potato,30,122,4.066666667
Arunachal Pradesh,TIRAP,2010,Kharif,Maize,2636,3284,1.245827011
Arunachal Pradesh,TIRAP,2010,Kharif,Rice,5002,4073,0.81427429
Arunachal Pradesh,TIRAP,2010,Kharif,Small millets,4556,2878,0.631694469
Arunachal Pradesh,TIRAP,2010,Whole Year,Dry chillies,74,137,1.851351351
Arunachal Pradesh,TIRAP,2010,Whole Year,Dry ginger,80,212,2.65
Arunachal Pradesh,TIRAP,2010,Whole Year,Oilseeds total,282,259,0.918439716
Arunachal Pradesh,TIRAP,2010,Whole Year,Potato,35,144,4.114285714
Arunachal Pradesh,TIRAP,2011,Kharif,Maize,2720,3476,1.277941176
Arunachal Pradesh,TIRAP,2011,Kharif,Rice,5082,4438,0.873278237
Arunachal Pradesh,TIRAP,2011,Kharif,Small millets,4556,3162,0.694029851
Arunachal Pradesh,TIRAP,2011,Whole Year,Dry chillies,83,161,1.939759036
Arunachal Pradesh,TIRAP,2011,Whole Year,Dry ginger,82,218,2.658536585
Arunachal Pradesh,TIRAP,2011,Whole Year,Oilseeds total,287,292,1.017421603
Arunachal Pradesh,TIRAP,2011,Whole Year,Potato,38,161,4.236842105
Arunachal Pradesh,TIRAP,2012,Kharif,Maize,2722,5444,2
Arunachal Pradesh,TIRAP,2012,Kharif,Rice,5080,4487,0.883267717
Arunachal Pradesh,TIRAP,2012,Kharif,Small millets,4560,4560,1
Arunachal Pradesh,TIRAP,2012,Whole Year,Dry chillies,80,640,8
Arunachal Pradesh,TIRAP,2012,Whole Year,Dry ginger,23,184,8
Arunachal Pradesh,TIRAP,2012,Whole Year,Oilseeds total,287,292,1.017421603
Arunachal Pradesh,TIRAP,2012,Whole Year,Potato,40,100,2.5
Arunachal Pradesh,TIRAP,2012,Whole Year,Sugarcane,560,7084,12.65
Arunachal Pradesh,TIRAP,2013,Kharif,Maize,1225,2695,2.2
Arunachal Pradesh,TIRAP,2013,Kharif,Rice,2280,1976,0.866666667
Arunachal Pradesh,TIRAP,2013,Kharif,Small millets,2150,2580,1.2
Arunachal Pradesh,TIRAP,2013,Whole Year,Dry chillies,35,284,8.114285714
Arunachal Pradesh,TIRAP,2013,Whole Year,Dry ginger,11,90,8.181818182
Arunachal Pradesh,TIRAP,2013,Whole Year,Oilseeds total,140,190,1.357142857
Arunachal Pradesh,TIRAP,2013,Whole Year,Potato,22,59,2.681818182
Arunachal Pradesh,TIRAP,2014,Kharif,Maize,3660,4287,1.171311475
Arunachal Pradesh,TIRAP,2014,Kharif,Rice,2280,2908,1.275438596
Arunachal Pradesh,TIRAP,2014,Kharif,Small millets,1598,1317,0.824155194
Arunachal Pradesh,TIRAP,2014,Rabi,Wheat,106,357,3.367924528
Arunachal Pradesh,TIRAP,2014,Whole Year,Dry chillies,46,246,5.347826087
Arunachal Pradesh,TIRAP,2014,Whole Year,Dry ginger,28,180,6.428571429
Arunachal Pradesh,TIRAP,2014,Whole Year,Oilseeds total,255,297,1.164705882
Arunachal Pradesh,TIRAP,2014,Whole Year,Potato,43,165,3.837209302
Arunachal Pradesh,UPPER SIANG,1997,Kharif,Maize,668,2014,3.01497006
Arunachal Pradesh,UPPER SIANG,1997,Kharif,Rice,6200,5800,0.935483871
Arunachal Pradesh,UPPER SIANG,1997,Kharif,Sesamum,3,2,0.666666667
Arunachal Pradesh,UPPER SIANG,1997,Kharif,Small millets,1200,1300,1.083333333
Arunachal Pradesh,UPPER SIANG,1997,Kharif,Soyabean,10,13,1.3
Arunachal Pradesh,UPPER SIANG,1997,Kharif,Sunflower,4,2,0.5
Arunachal Pradesh,UPPER SIANG,1997,Rabi,Groundnut,5,3,0.6
Arunachal Pradesh,UPPER SIANG,1997,Rabi,Rapeseed &Mustard,10,10,1
Arunachal Pradesh,UPPER SIANG,1997,Rabi,Sugarcane,23,150,6.52173913
Arunachal Pradesh,UPPER SIANG,1997,Whole Year,Oilseeds total,32,30,0.9375
Arunachal Pradesh,UPPER SIANG,1998,Kharif,Maize,735,1213,1.650340136
Arunachal Pradesh,UPPER SIANG,1998,Kharif,Rice,6210,2890,0.465378422
Arunachal Pradesh,UPPER SIANG,1998,Kharif,Sesamum,4,3,0.75
Arunachal Pradesh,UPPER SIANG,1998,Kharif,Small millets,1200,1320,1.1
Arunachal Pradesh,UPPER SIANG,1998,Kharif,Soyabean,13,16,1.230769231
Arunachal Pradesh,UPPER SIANG,1998,Kharif,Sunflower,3,2,0.666666667
Arunachal Pradesh,UPPER SIANG,1998,Rabi,Groundnut,3,3,1
Arunachal Pradesh,UPPER SIANG,1998,Rabi,Rapeseed &Mustard,10,12,1.2
Arunachal Pradesh,UPPER SIANG,1998,Whole Year,Dry chillies,100,100,1
Arunachal Pradesh,UPPER SIANG,1998,Whole Year,Oilseeds total,33,36,1.090909091
Arunachal Pradesh,UPPER SIANG,1998,Whole Year,Potato,60,480,8
Arunachal Pradesh,UPPER SIANG,1998,Whole Year,Sugarcane,25,140,5.6
Arunachal Pradesh,UPPER SIANG,1999,Kharif,Maize,800,1400,1.75
Arunachal Pradesh,UPPER SIANG,1999,Kharif,Rice,6250,5650,0.904
Arunachal Pradesh,UPPER SIANG,1999,Kharif,Small millets,1250,1335,1.068
Arunachal Pradesh,UPPER SIANG,1999,Whole Year,Dry chillies,130,110,0.846153846
Arunachal Pradesh,UPPER SIANG,1999,Whole Year,Oilseeds total,65,40,0.615384615
Arunachal Pradesh,UPPER SIANG,1999,Whole Year,Potato,65,273,4.2
Arunachal Pradesh,UPPER SIANG,1999,Whole Year,Pulses total,90,50,0.555555556
Arunachal Pradesh,UPPER SIANG,2000,Kharif,Maize,800,900,1.125
Arunachal Pradesh,UPPER SIANG,2000,Kharif,Rice,5420,3850,0.710332103
Arunachal Pradesh,UPPER SIANG,2000,Kharif,Small millets,1250,850,0.68
Arunachal Pradesh,UPPER SIANG,2000,Whole Year,Dry chillies,130,110,0.846153846
Arunachal Pradesh,UPPER SIANG,2000,Whole Year,Oilseeds total,65,40,0.615384615
Arunachal Pradesh,UPPER SIANG,2000,Whole Year,Potato,5,40,8
Arunachal Pradesh,UPPER SIANG,2000,Whole Year,Pulses total,80,30,0.375
Arunachal Pradesh,UPPER SIANG,2001,Kharif,Maize,8230,9299,1.129890644
Arunachal Pradesh,UPPER SIANG,2001,Kharif,Rice,11450,16030,1.4
Arunachal Pradesh,UPPER SIANG,2001,Kharif,Small millets,530,503,0.949056604
Arunachal Pradesh,UPPER SIANG,2001,Rabi,Wheat,300,510,1.7
Arunachal Pradesh,UPPER SIANG,2001,Whole Year,Dry chillies,170,210,1.235294118
Arunachal Pradesh,UPPER SIANG,2001,Whole Year,Oilseeds total,75,70,0.933333333
Arunachal Pradesh,UPPER SIANG,2001,Whole Year,Potato,50,250,5
Arunachal Pradesh,UPPER SIANG,2001,Whole Year,Pulses total,1390,1570,1.129496403
Arunachal Pradesh,UPPER SIANG,2002,Kharif,Maize,950,1100,1.157894737
Arunachal Pradesh,UPPER SIANG,2002,Kharif,Rice,5500,5400,0.981818182
Arunachal Pradesh,UPPER SIANG,2002,Kharif,Small millets,1500,1200,0.8
Arunachal Pradesh,UPPER SIANG,2002,Whole Year,Dry chillies,175,220,1.257142857
Arunachal Pradesh,UPPER SIANG,2002,Whole Year,Oilseeds total,80,79,0.9875
Arunachal Pradesh,UPPER SIANG,2002,Whole Year,Potato,55,260,4.727272727
Arunachal Pradesh,UPPER SIANG,2002,Whole Year,Pulses total,135,110,0.814814815
Arunachal Pradesh,UPPER SIANG,2003,Kharif,Maize,950,1100,1.157894737
Arunachal Pradesh,UPPER SIANG,2003,Kharif,Rice,5500,5400,0.981818182
Arunachal Pradesh,UPPER SIANG,2003,Kharif,Small millets,1500,1200,0.8
Arunachal Pradesh,UPPER SIANG,2003,Whole Year,Dry chillies,175,220,1.257142857
Arunachal Pradesh,UPPER SIANG,2003,Whole Year,Dry ginger,15,100,6.666666667
Arunachal Pradesh,UPPER SIANG,2003,Whole Year,Oilseeds total,80,79,0.9875
Arunachal Pradesh,UPPER SIANG,2003,Whole Year,Potato,55,260,4.727272727
Arunachal Pradesh,UPPER SIANG,2003,Whole Year,Pulses total,135,110,0.814814815
Arunachal Pradesh,UPPER SIANG,2004,Kharif,Maize,1152,2305,2.000868056
Arunachal Pradesh,UPPER SIANG,2004,Kharif,Rice,6139,7669,1.249226258
Arunachal Pradesh,UPPER SIANG,2004,Kharif,Small millets,1058,1058,1
Arunachal Pradesh,UPPER SIANG,2004,Whole Year,Dry chillies,18,25,1.388888889
Arunachal Pradesh,UPPER SIANG,2004,Whole Year,Dry ginger,5,4,0.8
Arunachal Pradesh,UPPER SIANG,2004,Whole Year,Oilseeds total,8307,9968,1.199951848
Arunachal Pradesh,UPPER SIANG,2004,Whole Year,Potato,26,144,5.538461538
Arunachal Pradesh,UPPER SIANG,2005,Kharif,Maize,1300,2600,2
Arunachal Pradesh,UPPER SIANG,2005,Kharif,Rice,6200,7667,1.236612903
Arunachal Pradesh,UPPER SIANG,2005,Kharif,Small millets,1100,1100,1
Arunachal Pradesh,UPPER SIANG,2005,Whole Year,Dry chillies,225,112,0.497777778
Arunachal Pradesh,UPPER SIANG,2005,Whole Year,Dry ginger,220,1100,5
Arunachal Pradesh,UPPER SIANG,2005,Whole Year,Oilseeds total,85,51,0.6
Arunachal Pradesh,UPPER SIANG,2005,Whole Year,Potato,75,375,5
Arunachal Pradesh,UPPER SIANG,2005,Whole Year,Sugarcane,85,400,4.705882353
Arunachal Pradesh,UPPER SIANG,2006,Kharif,Maize,1320,2640,2
Arunachal Pradesh,UPPER SIANG,2006,Kharif,Rice,6375,8087,1.26854902
Arunachal Pradesh,UPPER SIANG,2006,Kharif,Small millets,1100,1100,1
Arunachal Pradesh,UPPER SIANG,2006,Whole Year,Dry chillies,225,112,0.497777778
Arunachal Pradesh,UPPER SIANG,2006,Whole Year,Dry ginger,240,1200,5
Arunachal Pradesh,UPPER SIANG,2006,Whole Year,Oilseeds total,85,50,0.588235294
Arunachal Pradesh,UPPER SIANG,2006,Whole Year,Potato,80,400,5
Arunachal Pradesh,UPPER SIANG,2006,Whole Year,Sugarcane,100,500,5
Arunachal Pradesh,UPPER SIANG,2007,Kharif,Maize,1320,2020,1.53030303
Arunachal Pradesh,UPPER SIANG,2007,Kharif,Rice,6300,7514,1.192698413
Arunachal Pradesh,UPPER SIANG,2007,Kharif,Small millets,1110,860,0.774774775
Arunachal Pradesh,UPPER SIANG,2007,Whole Year,Dry chillies,230,115,0.5
Arunachal Pradesh,UPPER SIANG,2007,Whole Year,Dry ginger,255,1275,5
Arunachal Pradesh,UPPER SIANG,2007,Whole Year,Oilseeds total,85,51,0.6
Arunachal Pradesh,UPPER SIANG,2007,Whole Year,Potato,85,425,5
Arunachal Pradesh,UPPER SIANG,2007,Whole Year,Sugarcane,110,550,5
Arunachal Pradesh,UPPER SIANG,2008,Kharif,Maize,1320,1584,1.2
Arunachal Pradesh,UPPER SIANG,2008,Kharif,Rice,6500,7501,1.154
Arunachal Pradesh,UPPER SIANG,2008,Kharif,Small millets,1110,555,0.5
Arunachal Pradesh,UPPER SIANG,2008,Whole Year,Dry chillies,230,115,0.5
Arunachal Pradesh,UPPER SIANG,2008,Whole Year,Dry ginger,255,1275,5
Arunachal Pradesh,UPPER SIANG,2008,Whole Year,Oilseeds total,63,51,0.80952381
Arunachal Pradesh,UPPER SIANG,2008,Whole Year,Potato,90,550,6.111111111
Arunachal Pradesh,UPPER SIANG,2008,Whole Year,Sugarcane,130,1040,8
Arunachal Pradesh,UPPER SIANG,2009,Kharif,Maize,1320,1502,1.137878788
Arunachal Pradesh,UPPER SIANG,2009,Kharif,Rice,6605,7718,1.168508706
Arunachal Pradesh,UPPER SIANG,2009,Kharif,Small millets,1110,666,0.6
Arunachal Pradesh,UPPER SIANG,2009,Whole Year,Dry chillies,230,138,0.6
Arunachal Pradesh,UPPER SIANG,2009,Whole Year,Dry ginger,200,1200,6
Arunachal Pradesh,UPPER SIANG,2009,Whole Year,Oilseeds total,6605,11577,1.752763058
Arunachal Pradesh,UPPER SIANG,2009,Whole Year,Potato,120,960,8
Arunachal Pradesh,UPPER SIANG,2009,Whole Year,Sugarcane,150,1275,8.5
Arunachal Pradesh,UPPER SIANG,2010,Kharif,Maize,1320,1502,1.137878788
Arunachal Pradesh,UPPER SIANG,2010,Kharif,Rice,6625,7742,1.168603774
Arunachal Pradesh,UPPER SIANG,2010,Kharif,Small millets,1110,666,0.6
Arunachal Pradesh,UPPER SIANG,2010,Whole Year,Dry chillies,230,138,0.6
Arunachal Pradesh,UPPER SIANG,2010,Whole Year,Dry ginger,210,1260,6
Arunachal Pradesh,UPPER SIANG,2010,Whole Year,Oilseeds total,85,51,0.6
Arunachal Pradesh,UPPER SIANG,2010,Whole Year,Potato,120,960,8
Arunachal Pradesh,UPPER SIANG,2010,Whole Year,Sugarcane,150,1275,8.5
Arunachal Pradesh,UPPER SIANG,2011,Kharif,Maize,1362,1590,1.167400881
Arunachal Pradesh,UPPER SIANG,2011,Kharif,Rice,6730,8436,1.253491828
Arunachal Pradesh,UPPER SIANG,2011,Kharif,Small millets,1110,731,0.658558559
Arunachal Pradesh,UPPER SIANG,2011,Whole Year,Dry chillies,259,163,0.629343629
Arunachal Pradesh,UPPER SIANG,2011,Whole Year,Dry ginger,215,1300,6.046511628
Arunachal Pradesh,UPPER SIANG,2011,Whole Year,Oilseeds total,87,58,0.666666667
Arunachal Pradesh,UPPER SIANG,2011,Whole Year,Potato,127,1072,8.440944882
Arunachal Pradesh,UPPER SIANG,2011,Whole Year,Sugarcane,150,1305,8.7
Arunachal Pradesh,UPPER SIANG,2012,Kharif,Maize,1510,1781,1.179470199
Arunachal Pradesh,UPPER SIANG,2012,Kharif,Rice,6590,8285,1.257207891
Arunachal Pradesh,UPPER SIANG,2012,Kharif,Small millets,1100,715,0.65
Arunachal Pradesh,UPPER SIANG,2012,Whole Year,Dry chillies,240,192,0.8
Arunachal Pradesh,UPPER SIANG,2012,Whole Year,Dry ginger,225,1463,6.502222222
Arunachal Pradesh,UPPER SIANG,2012,Whole Year,Oilseeds total,80,56,0.7
Arunachal Pradesh,UPPER SIANG,2012,Whole Year,Potato,125,1063,8.504
Arunachal Pradesh,UPPER SIANG,2012,Whole Year,Sugarcane,270,10136,37.54074074
Arunachal Pradesh,UPPER SIANG,2013,Kharif,Maize,1535,1845,1.201954397
Arunachal Pradesh,UPPER SIANG,2013,Kharif,Rice,6615,8510,1.286470144
Arunachal Pradesh,UPPER SIANG,2013,Kharif,Small millets,1140,975,0.855263158
Arunachal Pradesh,UPPER SIANG,2013,Whole Year,Dry chillies,246,1599,6.5
Arunachal Pradesh,UPPER SIANG,2013,Whole Year,Dry ginger,230,1518,6.6
Arunachal Pradesh,UPPER SIANG,2013,Whole Year,Oilseeds total,89,65,0.730337079
Arunachal Pradesh,UPPER SIANG,2013,Whole Year,Potato,140,1204,8.6
Arunachal Pradesh,UPPER SIANG,2013,Whole Year,Sugarcane,166,1599,9.63253012
Arunachal Pradesh,UPPER SIANG,2014,Kharif,Maize,1600,2147,1.341875
Arunachal Pradesh,UPPER SIANG,2014,Kharif,Rice,6615,8794,1.329402872
Arunachal Pradesh,UPPER SIANG,2014,Kharif,Small millets,1357,1187,0.874723655
Arunachal Pradesh,UPPER SIANG,2014,Whole Year,Dry chillies,257,1561,6.073929961
Arunachal Pradesh,UPPER SIANG,2014,Whole Year,Dry ginger,318,1808,5.685534591
Arunachal Pradesh,UPPER SIANG,2014,Whole Year,Oilseeds total,204,172,0.843137255
Arunachal Pradesh,UPPER SIANG,2014,Whole Year,Potato,149,1283,8.610738255
Arunachal Pradesh,UPPER SIANG,2014,Whole Year,Sugarcane,191,2116,11.07853403
Arunachal Pradesh,UPPER SUBANSIRI,1997,Kharif,Maize,796,1560,1.959798995
Arunachal Pradesh,UPPER SUBANSIRI,1997,Kharif,Rice,3915,2750,0.702426564
Arunachal Pradesh,UPPER SUBANSIRI,1997,Kharif,Sesamum,52,30,0.576923077
Arunachal Pradesh,UPPER SUBANSIRI,1997,Kharif,Small millets,852,978,1.147887324
Arunachal Pradesh,UPPER SUBANSIRI,1997,Kharif,Soyabean,71,170,2.394366197
Arunachal Pradesh,UPPER SUBANSIRI,1997,Kharif,Sunflower,17,10,0.588235294
Arunachal Pradesh,UPPER SUBANSIRI,1997,Rabi,Groundnut,33,50,1.515151515
Arunachal Pradesh,UPPER SUBANSIRI,1997,Rabi,Rapeseed &Mustard,40,50,1.25
Arunachal Pradesh,UPPER SUBANSIRI,1997,Rabi,Sugarcane,67,1820,27.1641791
Arunachal Pradesh,UPPER SUBANSIRI,1997,Rabi,Wheat,60,120,2
Arunachal Pradesh,UPPER SUBANSIRI,1997,Whole Year,Oilseeds total,195,270,1.384615385
Arunachal Pradesh,UPPER SUBANSIRI,1998,Kharif,Maize,890,1900,2.134831461
Arunachal Pradesh,UPPER SUBANSIRI,1998,Kharif,Rice,4015,1500,0.373599004
Arunachal Pradesh,UPPER SUBANSIRI,1998,Kharif,Sesamum,55,40,0.727272727
Arunachal Pradesh,UPPER SUBANSIRI,1998,Kharif,Small millets,875,1075,1.228571429
Arunachal Pradesh,UPPER SUBANSIRI,1998,Kharif,Soyabean,73,170,2.328767123
Arunachal Pradesh,UPPER SUBANSIRI,1998,Kharif,Sunflower,15,8,0.533333333
Arunachal Pradesh,UPPER SUBANSIRI,1998,Rabi,Groundnut,7,7,1
Arunachal Pradesh,UPPER SUBANSIRI,1998,Rabi,Rapeseed &Mustard,40,63,1.575
Arunachal Pradesh,UPPER SUBANSIRI,1998,Rabi,Wheat,15,30,2
Arunachal Pradesh,UPPER SUBANSIRI,1998,Whole Year,Dry chillies,35,87,2.485714286
Arunachal Pradesh,UPPER SUBANSIRI,1998,Whole Year,Dry ginger,80,160,2
Arunachal Pradesh,UPPER SUBANSIRI,1998,Whole Year,Oilseeds total,190,288,1.515789474
Arunachal Pradesh,UPPER SUBANSIRI,1998,Whole Year,Potato,749,4980,6.648865154
Arunachal Pradesh,UPPER SUBANSIRI,1998,Whole Year,Sugarcane,15,555,37
Arunachal Pradesh,UPPER SUBANSIRI,1998,Whole Year,Turmeric,20,150,7.5
Arunachal Pradesh,UPPER SUBANSIRI,1999,Kharif,Maize,970,1940,2
Arunachal Pradesh,UPPER SUBANSIRI,1999,Kharif,Rice,4300,2975,0.691860465
Arunachal Pradesh,UPPER SUBANSIRI,1999,Kharif,Small millets,900,980,1.088888889
Arunachal Pradesh,UPPER SUBANSIRI,1999,Rabi,Wheat,25,37,1.48
Arunachal Pradesh,UPPER SUBANSIRI,1999,Whole Year,Dry chillies,48,75,1.5625
Arunachal Pradesh,UPPER SUBANSIRI,1999,Whole Year,Dry ginger,184,179,0.972826087
Arunachal Pradesh,UPPER SUBANSIRI,1999,Whole Year,Oilseeds total,1210,1285,1.061983471
Arunachal Pradesh,UPPER SUBANSIRI,1999,Whole Year,Pulses total,482,508,1.053941909
Arunachal Pradesh,UPPER SUBANSIRI,1999,Whole Year,Sugarcane,90,520,5.777777778
Arunachal Pradesh,UPPER SUBANSIRI,1999,Whole Year,Turmeric,30,80,2.666666667
Arunachal Pradesh,UPPER SUBANSIRI,2000,Kharif,Maize,995,2089,2.099497487
Arunachal Pradesh,UPPER SUBANSIRI,2000,Kharif,Rice,4500,3600,0.8
Arunachal Pradesh,UPPER SUBANSIRI,2000,Kharif,Small millets,1200,1335,1.1125
Arunachal Pradesh,UPPER SUBANSIRI,2000,Rabi,Wheat,300,300,1
Arunachal Pradesh,UPPER SUBANSIRI,2000,Whole Year,Dry chillies,55,81,1.472727273
Arunachal Pradesh,UPPER SUBANSIRI,2000,Whole Year,Oilseeds total,260,310,1.192307692
Arunachal Pradesh,UPPER SUBANSIRI,2000,Whole Year,Potato,185,1578,8.52972973
Arunachal Pradesh,UPPER SUBANSIRI,2000,Whole Year,Pulses total,260,270,1.038461538
Arunachal Pradesh,UPPER SUBANSIRI,2001,Kharif,Maize,4500,5700,1.266666667
Arunachal Pradesh,UPPER SUBANSIRI,2001,Kharif,Rice,20500,16088,0.784780488
Arunachal Pradesh,UPPER SUBANSIRI,2001,Kharif,Small millets,1600,1750,1.09375
Arunachal Pradesh,UPPER SUBANSIRI,2001,Rabi,Wheat,60,75,1.25
Arunachal Pradesh,UPPER SUBANSIRI,2001,Whole Year,Dry chillies,75,100,1.333333333
Arunachal Pradesh,UPPER SUBANSIRI,2001,Whole Year,Dry ginger,55,275,5
Arunachal Pradesh,UPPER SUBANSIRI,2001,Whole Year,Oilseeds total,1300,1285,0.988461538
Arunachal Pradesh,UPPER SUBANSIRI,2001,Whole Year,Potato,800,6000,7.5
Arunachal Pradesh,UPPER SUBANSIRI,2001,Whole Year,Pulses total,350,450,1.285714286
Arunachal Pradesh,UPPER SUBANSIRI,2001,Whole Year,Sugarcane,100,1350,13.5
Arunachal Pradesh,UPPER SUBANSIRI,2001,Whole Year,Turmeric,60,430,7.166666667
Arunachal Pradesh,UPPER SUBANSIRI,2002,Kharif,Maize,1025,1942,1.894634146
Arunachal Pradesh,UPPER SUBANSIRI,2002,Kharif,Rice,4520,4695,1.038716814
Arunachal Pradesh,UPPER SUBANSIRI,2002,Kharif,Small millets,1050,1140,1.085714286
Arunachal Pradesh,UPPER SUBANSIRI,2002,Rabi,Wheat,18,22,1.222222222
Arunachal Pradesh,UPPER SUBANSIRI,2002,Whole Year,Dry chillies,80,106,1.325
Arunachal Pradesh,UPPER SUBANSIRI,2002,Whole Year,Dry ginger,60,303,5.05
Arunachal Pradesh,UPPER SUBANSIRI,2002,Whole Year,Oilseeds total,1000,865,0.865
Arunachal Pradesh,UPPER SUBANSIRI,2002,Whole Year,Potato,180,1503,8.35
Arunachal Pradesh,UPPER SUBANSIRI,2002,Whole Year,Pulses total,265,325,1.226415094
Arunachal Pradesh,UPPER SUBANSIRI,2002,Whole Year,Sugarcane,15,143,9.533333333
Arunachal Pradesh,UPPER SUBANSIRI,2002,Whole Year,Turmeric,5,14,2.8
Arunachal Pradesh,UPPER SUBANSIRI,2003,Kharif,Maize,1030,1947,1.890291262
Arunachal Pradesh,UPPER SUBANSIRI,2003,Kharif,Rice,4550,5295,1.163736264
Arunachal Pradesh,UPPER SUBANSIRI,2003,Kharif,Small millets,1055,1145,1.085308057
Arunachal Pradesh,UPPER SUBANSIRI,2003,Rabi,Wheat,23,27,1.173913043
Arunachal Pradesh,UPPER SUBANSIRI,2003,Whole Year,Dry chillies,85,111,1.305882353
Arunachal Pradesh,UPPER SUBANSIRI,2003,Whole Year,Dry ginger,65,308,4.738461538
Arunachal Pradesh,UPPER SUBANSIRI,2003,Whole Year,Oilseeds total,315,375,1.19047619
Arunachal Pradesh,UPPER SUBANSIRI,2003,Whole Year,Potato,185,1508,8.151351351
Arunachal Pradesh,UPPER SUBANSIRI,2003,Whole Year,Pulses total,465,476,1.023655914
Arunachal Pradesh,UPPER SUBANSIRI,2003,Whole Year,Sugarcane,20,148,7.4
Arunachal Pradesh,UPPER SUBANSIRI,2003,Whole Year,Turmeric,11,19,1.727272727
Arunachal Pradesh,UPPER SUBANSIRI,2004,Kharif,Maize,1031,1948,1.88942774
Arunachal Pradesh,UPPER SUBANSIRI,2004,Kharif,Rice,4555,5296,1.162678375
Arunachal Pradesh,UPPER SUBANSIRI,2004,Kharif,Small millets,1056,1146,1.085227273
Arunachal Pradesh,UPPER SUBANSIRI,2004,Rabi,Wheat,24,28,1.166666667
Arunachal Pradesh,UPPER SUBANSIRI,2004,Whole Year,Dry chillies,162,252,1.555555556
Arunachal Pradesh,UPPER SUBANSIRI,2004,Whole Year,Dry ginger,66,453,6.863636364
Arunachal Pradesh,UPPER SUBANSIRI,2004,Whole Year,Oilseeds total,1155,1444,1.25021645
Arunachal Pradesh,UPPER SUBANSIRI,2004,Whole Year,Potato,259,1583,6.111969112
Arunachal Pradesh,UPPER SUBANSIRI,2004,Whole Year,Sugarcane,92,2621,28.48913043
Arunachal Pradesh,UPPER SUBANSIRI,2004,Whole Year,Turmeric,47,191,4.063829787
Arunachal Pradesh,UPPER SUBANSIRI,2005,Kharif,Maize,977,981,1.004094166
Arunachal Pradesh,UPPER SUBANSIRI,2005,Kharif,Rice,4800,6708,1.3975
Arunachal Pradesh,UPPER SUBANSIRI,2005,Kharif,Small millets,1669,1575,0.94367885
Arunachal Pradesh,UPPER SUBANSIRI,2005,Rabi,Wheat,37,43,1.162162162
Arunachal Pradesh,UPPER SUBANSIRI,2005,Whole Year,Dry chillies,306,168,0.549019608
Arunachal Pradesh,UPPER SUBANSIRI,2005,Whole Year,Dry ginger,202,810,4.00990099
Arunachal Pradesh,UPPER SUBANSIRI,2005,Whole Year,Oilseeds total,237,142,0.599156118
Arunachal Pradesh,UPPER SUBANSIRI,2005,Whole Year,Potato,190,1240,6.526315789
Arunachal Pradesh,UPPER SUBANSIRI,2006,Kharif,Maize,969,1086,1.120743034
Arunachal Pradesh,UPPER SUBANSIRI,2006,Kharif,Rice,5164,5063,0.980441518
Arunachal Pradesh,UPPER SUBANSIRI,2006,Kharif,Small millets,1237,1113,0.899757478
Arunachal Pradesh,UPPER SUBANSIRI,2006,Rabi,Wheat,37,43,1.162162162
Arunachal Pradesh,UPPER SUBANSIRI,2006,Whole Year,Dry chillies,199,398,2
Arunachal Pradesh,UPPER SUBANSIRI,2006,Whole Year,Dry ginger,127,1160,9.133858268
Arunachal Pradesh,UPPER SUBANSIRI,2006,Whole Year,Oilseeds total,1800,1944,1.08
Arunachal Pradesh,UPPER SUBANSIRI,2006,Whole Year,Potato,187,2240,11.97860963
Arunachal Pradesh,UPPER SUBANSIRI,2006,Whole Year,Sugarcane,43,1077,25.04651163
Arunachal Pradesh,UPPER SUBANSIRI,2007,Kharif,Maize,986,1273,1.291075051
Arunachal Pradesh,UPPER SUBANSIRI,2007,Kharif,Rice,5100,11079,2.172352941
Arunachal Pradesh,UPPER SUBANSIRI,2007,Kharif,Small millets,1629,1938,1.189686924
Arunachal Pradesh,UPPER SUBANSIRI,2007,Rabi,Wheat,30,45,1.5
Arunachal Pradesh,UPPER SUBANSIRI,2007,Whole Year,Dry chillies,287,508,1.770034843
Arunachal Pradesh,UPPER SUBANSIRI,2007,Whole Year,Dry ginger,247,2866,11.60323887
Arunachal Pradesh,UPPER SUBANSIRI,2007,Whole Year,Oilseeds total,462,459,0.993506494
Arunachal Pradesh,UPPER SUBANSIRI,2007,Whole Year,Potato,101,1420,14.05940594
Arunachal Pradesh,UPPER SUBANSIRI,2007,Whole Year,Sugarcane,40,1008,25.2
Arunachal Pradesh,UPPER SUBANSIRI,2008,Kharif,Maize,1001,1252,1.250749251
Arunachal Pradesh,UPPER SUBANSIRI,2008,Kharif,Rice,5839,7739,1.325398185
Arunachal Pradesh,UPPER SUBANSIRI,2008,Kharif,Small millets,1477,1610,1.090047393
Arunachal Pradesh,UPPER SUBANSIRI,2008,Whole Year,Dry chillies,309,537,1.737864078
Arunachal Pradesh,UPPER SUBANSIRI,2008,Whole Year,Dry ginger,242,1378,5.694214876
Arunachal Pradesh,UPPER SUBANSIRI,2008,Whole Year,Oilseeds total,473,520,1.099365751
Arunachal Pradesh,UPPER SUBANSIRI,2008,Whole Year,Potato,189,1283,6.788359788
Arunachal Pradesh,UPPER SUBANSIRI,2008,Whole Year,Sugarcane,52,1298,24.96153846
Arunachal Pradesh,UPPER SUBANSIRI,2009,Kharif,Maize,928,1160,1.25
Arunachal Pradesh,UPPER SUBANSIRI,2009,Kharif,Rice,4328,5433.33,1.255390481
Arunachal Pradesh,UPPER SUBANSIRI,2009,Kharif,Small millets,1253,1366,1.090183559
Arunachal Pradesh,UPPER SUBANSIRI,2009,Whole Year,Dry chillies,179,312,1.74301676
Arunachal Pradesh,UPPER SUBANSIRI,2009,Whole Year,Dry ginger,121,688,5.685950413
Arunachal Pradesh,UPPER SUBANSIRI,2009,Whole Year,Oilseeds total,4328,8150,1.883086876
Arunachal Pradesh,UPPER SUBANSIRI,2009,Whole Year,Potato,215,1460,6.790697674
Arunachal Pradesh,UPPER SUBANSIRI,2009,Whole Year,Sugarcane,35,879,25.11428571
Arunachal Pradesh,UPPER SUBANSIRI,2010,Kharif,Maize,1025,1169,1.140487805
Arunachal Pradesh,UPPER SUBANSIRI,2010,Kharif,Rice,4169,5681,1.362676901
Arunachal Pradesh,UPPER SUBANSIRI,2010,Kharif,Small millets,1286,1658,1.289269051
Arunachal Pradesh,UPPER SUBANSIRI,2010,Whole Year,Dry chillies,166,266,1.602409639
Arunachal Pradesh,UPPER SUBANSIRI,2010,Whole Year,Dry ginger,133,1258,9.458646617
Arunachal Pradesh,UPPER SUBANSIRI,2010,Whole Year,Oilseeds total,209,275,1.315789474
Arunachal Pradesh,UPPER SUBANSIRI,2010,Whole Year,Potato,198,1749,8.833333333
Arunachal Pradesh,UPPER SUBANSIRI,2010,Whole Year,Sugarcane,21,681,32.42857143
Arunachal Pradesh,UPPER SUBANSIRI,2011,Kharif,Maize,1058,1237,1.169187146
Arunachal Pradesh,UPPER SUBANSIRI,2011,Kharif,Rice,4235,6190,1.46162928
Arunachal Pradesh,UPPER SUBANSIRI,2011,Kharif,Small millets,1295,1820,1.405405405
Arunachal Pradesh,UPPER SUBANSIRI,2011,Whole Year,Dry chillies,187,314,1.679144385
Arunachal Pradesh,UPPER SUBANSIRI,2011,Whole Year,Dry ginger,140,1298,9.271428571
Arunachal Pradesh,UPPER SUBANSIRI,2011,Whole Year,Oilseeds total,213,310,1.455399061
Arunachal Pradesh,UPPER SUBANSIRI,2011,Whole Year,Potato,210,1952,9.295238095
Arunachal Pradesh,UPPER SUBANSIRI,2011,Whole Year,Sugarcane,32,795,24.84375
Arunachal Pradesh,UPPER SUBANSIRI,2012,Kharif,Maize,1072,1286,1.199626866
Arunachal Pradesh,UPPER SUBANSIRI,2012,Kharif,Rice,4425,5935,1.341242938
Arunachal Pradesh,UPPER SUBANSIRI,2012,Kharif,Small millets,1452,2015,1.387741047
Arunachal Pradesh,UPPER SUBANSIRI,2012,Whole Year,Dry chillies,197,368,1.868020305
Arunachal Pradesh,UPPER SUBANSIRI,2012,Whole Year,Dry ginger,145,1305,9
Arunachal Pradesh,UPPER SUBANSIRI,2012,Whole Year,Oilseeds total,224,320,1.428571429
Arunachal Pradesh,UPPER SUBANSIRI,2012,Whole Year,Potato,220,2081,9.459090909
Arunachal Pradesh,UPPER SUBANSIRI,2012,Whole Year,Sugarcane,35,928,26.51428571
Arunachal Pradesh,UPPER SUBANSIRI,2013,Kharif,Maize,1074,1360,1.266294227
Arunachal Pradesh,UPPER SUBANSIRI,2013,Kharif,Rice,5062,9280,1.833267483
Arunachal Pradesh,UPPER SUBANSIRI,2013,Kharif,Small millets,1570,2112,1.34522293
Arunachal Pradesh,UPPER SUBANSIRI,2013,Whole Year,Dry chillies,222,440,1.981981982
Arunachal Pradesh,UPPER SUBANSIRI,2013,Whole Year,Dry ginger,152,1402,9.223684211
Arunachal Pradesh,UPPER SUBANSIRI,2013,Whole Year,Oilseeds total,308,444,1.441558442
Arunachal Pradesh,UPPER SUBANSIRI,2013,Whole Year,Potato,225,2346,10.42666667
Arunachal Pradesh,UPPER SUBANSIRI,2013,Whole Year,Sugarcane,38,1032,27.15789474
Arunachal Pradesh,UPPER SUBANSIRI,2014,Kharif,Maize,1139,1662,1.459174715
Arunachal Pradesh,UPPER SUBANSIRI,2014,Kharif,Rice,5062,9698,1.91584354
Arunachal Pradesh,UPPER SUBANSIRI,2014,Kharif,Small millets,1787,2324,1.300503637
Arunachal Pradesh,UPPER SUBANSIRI,2014,Whole Year,Dry chillies,233,402,1.725321888
Arunachal Pradesh,UPPER SUBANSIRI,2014,Whole Year,Dry ginger,238,1692,7.109243697
Arunachal Pradesh,UPPER SUBANSIRI,2014,Whole Year,Oilseeds total,423,551,1.302600473
Arunachal Pradesh,UPPER SUBANSIRI,2014,Whole Year,Potato,234,2425,10.36324786
Arunachal Pradesh,UPPER SUBANSIRI,2014,Whole Year,Sugarcane,63,1549,24.58730159
Arunachal Pradesh,WEST KAMENG,1997,Kharif,Maize,3651,5659,1.549986305
Arunachal Pradesh,WEST KAMENG,1997,Kharif,Rice,915,880,0.961748634
Arunachal Pradesh,WEST KAMENG,1997,Kharif,Small millets,1297,1258,0.969930609
Arunachal Pradesh,WEST KAMENG,1997,Kharif,Soyabean,25,51,2.04
Arunachal Pradesh,WEST KAMENG,1997,Kharif,Sunflower,28,16,0.571428571
Arunachal Pradesh,WEST KAMENG,1997,Rabi,Groundnut,35,28,0.8
Arunachal Pradesh,WEST KAMENG,1997,Rabi,Rapeseed &Mustard,95,95,1
Arunachal Pradesh,WEST KAMENG,1997,Rabi,Wheat,670,799,1.192537313
Arunachal Pradesh,WEST KAMENG,1997,Whole Year,Oilseeds total,183,190,1.038251366
Arunachal Pradesh,WEST KAMENG,1998,Kharif,Maize,3654,5664,1.550082102
Arunachal Pradesh,WEST KAMENG,1998,Kharif,Rice,913,806,0.882803943
Arunachal Pradesh,WEST KAMENG,1998,Kharif,Small millets,1297,1258,0.969930609
Arunachal Pradesh,WEST KAMENG,1998,Kharif,Soyabean,25,51,2.04
Arunachal Pradesh,WEST KAMENG,1998,Kharif,Sunflower,28,16,0.571428571
Arunachal Pradesh,WEST KAMENG,1998,Rabi,Groundnut,35,28,0.8
Arunachal Pradesh,WEST KAMENG,1998,Rabi,Rapeseed &Mustard,95,95,1
Arunachal Pradesh,WEST KAMENG,1998,Rabi,Wheat,677,765,1.129985229
Arunachal Pradesh,WEST KAMENG,1998,Whole Year,Dry chillies,43,147,3.418604651
Arunachal Pradesh,WEST KAMENG,1998,Whole Year,Dry ginger,45,68,1.511111111
Arunachal Pradesh,WEST KAMENG,1998,Whole Year,Oilseeds total,183,190,1.038251366
Arunachal Pradesh,WEST KAMENG,1998,Whole Year,Potato,370,3390,9.162162162
Arunachal Pradesh,WEST KAMENG,1999,Kharif,Maize,3654,4900,1.340996169
Arunachal Pradesh,WEST KAMENG,1999,Kharif,Rice,850,700,0.823529412
Arunachal Pradesh,WEST KAMENG,1999,Kharif,Small millets,1297,1000,0.771010023
Arunachal Pradesh,WEST KAMENG,1999,Rabi,Wheat,675,500,0.740740741
Arunachal Pradesh,WEST KAMENG,1999,Whole Year,Dry chillies,43,40,0.930232558
Arunachal Pradesh,WEST KAMENG,1999,Whole Year,Dry ginger,45,30,0.666666667
Arunachal Pradesh,WEST KAMENG,1999,Whole Year,Oilseeds total,177,150,0.847457627
Arunachal Pradesh,WEST KAMENG,1999,Whole Year,Potato,450,3000,6.666666667
Arunachal Pradesh,WEST KAMENG,1999,Whole Year,Pulses total,336,250,0.744047619
Arunachal Pradesh,WEST KAMENG,2000,Kharif,Maize,3664,5679,1.549945415
Arunachal Pradesh,WEST KAMENG,2000,Kharif,Rice,855,756,0.884210526
Arunachal Pradesh,WEST KAMENG,2000,Kharif,Small millets,1299,1260,0.969976905
Arunachal Pradesh,WEST KAMENG,2000,Rabi,Wheat,678,766,1.12979351
Arunachal Pradesh,WEST KAMENG,2000,Whole Year,Dry chillies,43,147,3.418604651
Arunachal Pradesh,WEST KAMENG,2000,Whole Year,Dry ginger,45,68,1.511111111
Arunachal Pradesh,WEST KAMENG,2000,Whole Year,Oilseeds total,179,186,1.039106145
Arunachal Pradesh,WEST KAMENG,2000,Whole Year,Potato,390,3510,9
Arunachal Pradesh,WEST KAMENG,2000,Whole Year,Pulses total,339,309,0.911504425
Arunachal Pradesh,WEST KAMENG,2001,Kharif,Maize,3667,5684,1.550040905
Arunachal Pradesh,WEST KAMENG,2001,Kharif,Rice,855,1163,1.360233918
Arunachal Pradesh,WEST KAMENG,2001,Kharif,Small millets,1299,1260,0.969976905
Arunachal Pradesh,WEST KAMENG,2001,Rabi,Wheat,410,385,0.93902439
Arunachal Pradesh,WEST KAMENG,2001,Whole Year,Dry chillies,43,146,3.395348837
Arunachal Pradesh,WEST KAMENG,2001,Whole Year,Dry ginger,45,68,1.511111111
Arunachal Pradesh,WEST KAMENG,2001,Whole Year,Oilseeds total,53,45,0.849056604
Arunachal Pradesh,WEST KAMENG,2001,Whole Year,Potato,390,3510,9
Arunachal Pradesh,WEST KAMENG,2001,Whole Year,Pulses total,249,210,0.843373494
Arunachal Pradesh,WEST KAMENG,2002,Kharif,Maize,3669,5690,1.550831289
Arunachal Pradesh,WEST KAMENG,2002,Kharif,Rice,855,1160,1.356725146
Arunachal Pradesh,WEST KAMENG,2002,Kharif,Small millets,1299,1260,0.969976905
Arunachal Pradesh,WEST KAMENG,2002,Rabi,Wheat,268,380,1.417910448
Arunachal Pradesh,WEST KAMENG,2002,Whole Year,Dry chillies,43,146,3.395348837
Arunachal Pradesh,WEST KAMENG,2002,Whole Year,Dry ginger,45,68,1.511111111
Arunachal Pradesh,WEST KAMENG,2002,Whole Year,Oilseeds total,163,173,1.061349693
Arunachal Pradesh,WEST KAMENG,2002,Whole Year,Potato,390,3510,9
Arunachal Pradesh,WEST KAMENG,2002,Whole Year,Pulses total,339,309,0.911504425
Arunachal Pradesh,WEST KAMENG,2003,Kharif,Maize,3670,5690,1.550408719
Arunachal Pradesh,WEST KAMENG,2003,Kharif,Rice,859,723,0.841676368
Arunachal Pradesh,WEST KAMENG,2003,Kharif,Small millets,1300,1261,0.97
Arunachal Pradesh,WEST KAMENG,2003,Rabi,Wheat,679,767,1.129602356
Arunachal Pradesh,WEST KAMENG,2003,Whole Year,Dry chillies,43,146,3.395348837
Arunachal Pradesh,WEST KAMENG,2003,Whole Year,Dry ginger,45,68,1.511111111
Arunachal Pradesh,WEST KAMENG,2003,Whole Year,Oilseeds total,163,173,1.061349693
Arunachal Pradesh,WEST KAMENG,2003,Whole Year,Potato,395,3555,9
Arunachal Pradesh,WEST KAMENG,2003,Whole Year,Pulses total,340,310,0.911764706
Arunachal Pradesh,WEST KAMENG,2004,Kharif,Maize,3671,5691,1.550258785
Arunachal Pradesh,WEST KAMENG,2004,Kharif,Rice,908,727,0.800660793
Arunachal Pradesh,WEST KAMENG,2004,Kharif,Small millets,1300,1262,0.970769231
Arunachal Pradesh,WEST KAMENG,2004,Rabi,Wheat,676,764,1.130177515
Arunachal Pradesh,WEST KAMENG,2004,Whole Year,Dry chillies,43,146,3.395348837
Arunachal Pradesh,WEST KAMENG,2004,Whole Year,Dry ginger,45,68,1.511111111
Arunachal Pradesh,WEST KAMENG,2004,Whole Year,Oilseeds total,161,171,1.062111801
Arunachal Pradesh,WEST KAMENG,2004,Whole Year,Potato,372,2902,7.801075269
Arunachal Pradesh,WEST KAMENG,2005,Kharif,Maize,2832,4377,1.545550847
Arunachal Pradesh,WEST KAMENG,2005,Kharif,Rice,860,760,0.88372093
Arunachal Pradesh,WEST KAMENG,2005,Kharif,Small millets,977,948,0.970317298
Arunachal Pradesh,WEST KAMENG,2005,Rabi,Wheat,676,764,1.130177515
Arunachal Pradesh,WEST KAMENG,2005,Whole Year,Dry chillies,43,146,3.395348837
Arunachal Pradesh,WEST KAMENG,2005,Whole Year,Dry ginger,45,68,1.511111111
Arunachal Pradesh,WEST KAMENG,2005,Whole Year,Oilseeds total,163,173,1.061349693
Arunachal Pradesh,WEST KAMENG,2005,Whole Year,Potato,341,2899,8.501466276
Arunachal Pradesh,WEST KAMENG,2006,Kharif,Maize,2835,4394,1.549911817
Arunachal Pradesh,WEST KAMENG,2006,Kharif,Rice,854,774,0.906323185
Arunachal Pradesh,WEST KAMENG,2006,Kharif,Small millets,972,943,0.970164609
Arunachal Pradesh,WEST KAMENG,2006,Rabi,Wheat,589,673,1.142614601
Arunachal Pradesh,WEST KAMENG,2006,Whole Year,Dry chillies,43,146,3.395348837
Arunachal Pradesh,WEST KAMENG,2006,Whole Year,Dry ginger,15,23,1.533333333
Arunachal Pradesh,WEST KAMENG,2006,Whole Year,Oilseeds total,163,235,1.441717791
Arunachal Pradesh,WEST KAMENG,2006,Whole Year,Potato,259,2021,7.803088803
Arunachal Pradesh,WEST KAMENG,2007,Kharif,Maize,2836,4538,1.600141044
Arunachal Pradesh,WEST KAMENG,2007,Kharif,Rice,861,809,0.93960511
Arunachal Pradesh,WEST KAMENG,2007,Kharif,Small millets,972,947,0.974279835
Arunachal Pradesh,WEST KAMENG,2007,Rabi,Wheat,589,673,1.142614601
Arunachal Pradesh,WEST KAMENG,2007,Whole Year,Dry chillies,44,153,3.477272727
Arunachal Pradesh,WEST KAMENG,2007,Whole Year,Dry ginger,45,70,1.555555556
Arunachal Pradesh,WEST KAMENG,2007,Whole Year,Oilseeds total,138,158,1.144927536
Arunachal Pradesh,WEST KAMENG,2007,Whole Year,Potato,343,1544,4.501457726
Arunachal Pradesh,WEST KAMENG,2008,Kharif,Maize,2851,4576,1.605050859
Arunachal Pradesh,WEST KAMENG,2008,Kharif,Rice,880,939,1.067045455
Arunachal Pradesh,WEST KAMENG,2008,Kharif,Small millets,958,1008,1.052192067
Arunachal Pradesh,WEST KAMENG,2008,Rabi,Wheat,601,717,1.193011647
Arunachal Pradesh,WEST KAMENG,2008,Whole Year,Dry chillies,52,188,3.615384615
Arunachal Pradesh,WEST KAMENG,2008,Whole Year,Dry ginger,32,77,2.40625
Arunachal Pradesh,WEST KAMENG,2008,Whole Year,Oilseeds total,146,166,1.136986301
Arunachal Pradesh,WEST KAMENG,2008,Whole Year,Potato,390,1958,5.020512821
Arunachal Pradesh,WEST KAMENG,2009,Kharif,Maize,2859,4653,1.62749213
Arunachal Pradesh,WEST KAMENG,2009,Kharif,Rice,865,798.66,0.923306358
Arunachal Pradesh,WEST KAMENG,2009,Kharif,Small millets,1011,998,0.987141444
Arunachal Pradesh,WEST KAMENG,2009,Rabi,Wheat,686,785,1.144314869
Arunachal Pradesh,WEST KAMENG,2009,Whole Year,Dry chillies,58,215,3.706896552
Arunachal Pradesh,WEST KAMENG,2009,Whole Year,Dry ginger,50,80,1.6
Arunachal Pradesh,WEST KAMENG,2009,Whole Year,Oilseeds total,865,1198,1.384971098
Arunachal Pradesh,WEST KAMENG,2009,Whole Year,Potato,402,3256,8.099502488
Arunachal Pradesh,WEST KAMENG,2010,Kharif,Maize,2860,4659,1.629020979
Arunachal Pradesh,WEST KAMENG,2010,Kharif,Rice,866,799,0.922632794
Arunachal Pradesh,WEST KAMENG,2010,Kharif,Small millets,1010,990,0.98019802
Arunachal Pradesh,WEST KAMENG,2010,Rabi,Wheat,685,790,1.153284672
Arunachal Pradesh,WEST KAMENG,2010,Whole Year,Dry chillies,57,210,3.684210526
Arunachal Pradesh,WEST KAMENG,2010,Whole Year,Dry ginger,51,185,3.62745098
Arunachal Pradesh,WEST KAMENG,2010,Whole Year,Oilseeds total,186,213,1.14516129
Arunachal Pradesh,WEST KAMENG,2010,Whole Year,Potato,403,3260,8.089330025
Arunachal Pradesh,WEST KAMENG,2011,Kharif,Maize,2952,4932,1.670731707
Arunachal Pradesh,WEST KAMENG,2011,Kharif,Rice,880,870,0.988636364
Arunachal Pradesh,WEST KAMENG,2011,Kharif,Small millets,1015,1087,1.070935961
Arunachal Pradesh,WEST KAMENG,2011,Rabi,Wheat,685,874,1.275912409
Arunachal Pradesh,WEST KAMENG,2011,Whole Year,Dry chillies,64,248,3.875
Arunachal Pradesh,WEST KAMENG,2011,Whole Year,Dry ginger,53,190,3.58490566
Arunachal Pradesh,WEST KAMENG,2011,Whole Year,Oilseeds total,189,240,1.26984127
Arunachal Pradesh,WEST KAMENG,2011,Whole Year,Potato,428,3639,8.502336449
Arunachal Pradesh,WEST KAMENG,2012,Kharif,Maize,2861,4834,1.689619014
Arunachal Pradesh,WEST KAMENG,2012,Kharif,Rice,867,890,1.026528258
Arunachal Pradesh,WEST KAMENG,2012,Kharif,Small millets,1010,990,0.98019802
Arunachal Pradesh,WEST KAMENG,2012,Rabi,Wheat,685,790,1.153284672
Arunachal Pradesh,WEST KAMENG,2012,Whole Year,Dry ginger,51,185,3.62745098
Arunachal Pradesh,WEST KAMENG,2012,Whole Year,Oilseeds total,189,214,1.132275132
Arunachal Pradesh,WEST KAMENG,2012,Whole Year,Potato,403,3260,8.089330025
Arunachal Pradesh,WEST KAMENG,2013,Kharif,Maize,2861,4864,1.700104858
Arunachal Pradesh,WEST KAMENG,2013,Kharif,Rice,880,891,1.0125
Arunachal Pradesh,WEST KAMENG,2013,Kharif,Small millets,1012,992,0.980237154
Arunachal Pradesh,WEST KAMENG,2013,Rabi,Wheat,696,805,1.156609195
Arunachal Pradesh,WEST KAMENG,2013,Whole Year,Dry chillies,58,220,3.793103448
Arunachal Pradesh,WEST KAMENG,2013,Whole Year,Dry ginger,50,186,3.72
Arunachal Pradesh,WEST KAMENG,2013,Whole Year,Oilseeds total,195,225,1.153846154
Arunachal Pradesh,WEST KAMENG,2013,Whole Year,Potato,404,3265,8.081683168
Arunachal Pradesh,WEST KAMENG,2014,Kharif,Maize,2926,5266,1.799726589
Arunachal Pradesh,WEST KAMENG,2014,Kharif,Rice,880,1256,1.427272727
Arunachal Pradesh,WEST KAMENG,2014,Kharif,Small millets,1229,1204,0.979658259
Arunachal Pradesh,WEST KAMENG,2014,Rabi,Wheat,789,1139,1.443599493
Arunachal Pradesh,WEST KAMENG,2014,Whole Year,Dry chillies,69,182,2.637681159
Arunachal Pradesh,WEST KAMENG,2014,Whole Year,Dry ginger,137,476,3.474452555
Arunachal Pradesh,WEST KAMENG,2014,Whole Year,Oilseeds total,310,332,1.070967742
Arunachal Pradesh,WEST KAMENG,2014,Whole Year,Potato,420,3344,7.961904762
Arunachal Pradesh,WEST SIANG,1997,Kharif,Maize,2930,3840,1.310580205
Arunachal Pradesh,WEST SIANG,1997,Kharif,Rice,18750,16500,0.88
Arunachal Pradesh,WEST SIANG,1997,Kharif,Sesamum,67,45,0.671641791
Arunachal Pradesh,WEST SIANG,1997,Kharif,Small millets,2380,2850,1.197478992
Arunachal Pradesh,WEST SIANG,1997,Kharif,Soyabean,186,219,1.177419355
Arunachal Pradesh,WEST SIANG,1997,Kharif,Sunflower,37,16,0.432432432
Arunachal Pradesh,WEST SIANG,1997,Rabi,Groundnut,40,35,0.875
Arunachal Pradesh,WEST SIANG,1997,Rabi,Rapeseed &Mustard,1250,1115,0.892
Arunachal Pradesh,WEST SIANG,1997,Rabi,Sugarcane,83,2219,26.73493976
Arunachal Pradesh,WEST SIANG,1997,Rabi,Wheat,65,65,1
Arunachal Pradesh,WEST SIANG,1997,Whole Year,Oilseeds total,1580,1430,0.905063291
Arunachal Pradesh,WEST SIANG,1998,Kharif,Maize,3165,3165,1
Arunachal Pradesh,WEST SIANG,1998,Kharif,Rice,19170,17714,0.924047992
Arunachal Pradesh,WEST SIANG,1998,Kharif,Sesamum,60,40,0.666666667
Arunachal Pradesh,WEST SIANG,1998,Kharif,Small millets,2520,1538,0.61031746
Arunachal Pradesh,WEST SIANG,1998,Kharif,Soyabean,200,228,1.14
Arunachal Pradesh,WEST SIANG,1998,Kharif,Sunflower,30,15,0.5
Arunachal Pradesh,WEST SIANG,1998,Rabi,Groundnut,20,12,0.6
Arunachal Pradesh,WEST SIANG,1998,Rabi,Rapeseed &Mustard,1270,1135,0.893700787
Arunachal Pradesh,WEST SIANG,1998,Rabi,Wheat,70,53,0.757142857
Arunachal Pradesh,WEST SIANG,1998,Whole Year,Dry chillies,75,58,0.773333333
Arunachal Pradesh,WEST SIANG,1998,Whole Year,Dry ginger,56,378,6.75
Arunachal Pradesh,WEST SIANG,1998,Whole Year,Oilseeds total,1580,1430,0.905063291
Arunachal Pradesh,WEST SIANG,1998,Whole Year,Potato,240,1270,5.291666667
Arunachal Pradesh,WEST SIANG,1998,Whole Year,Sugarcane,83,2219,26.73493976
Arunachal Pradesh,WEST SIANG,1998,Whole Year,Turmeric,35,79,2.257142857
Arunachal Pradesh,WEST SIANG,1999,Kharif,Maize,3305,4002,1.210892587
Arunachal Pradesh,WEST SIANG,1999,Kharif,Rice,19291,21816,1.130890052
Arunachal Pradesh,WEST SIANG,1999,Kharif,Small millets,2526,2053,0.812747427
Arunachal Pradesh,WEST SIANG,1999,Rabi,Wheat,90,125,1.388888889
Arunachal Pradesh,WEST SIANG,1999,Whole Year,Dry chillies,150,200,1.333333333
Arunachal Pradesh,WEST SIANG,1999,Whole Year,Dry ginger,60,400,6.666666667
Arunachal Pradesh,WEST SIANG,1999,Whole Year,Oilseeds total,1735,1745,1.005763689
Arunachal Pradesh,WEST SIANG,1999,Whole Year,Potato,240,2125,8.854166667
Arunachal Pradesh,WEST SIANG,1999,Whole Year,Pulses total,650,625,0.961538462
Arunachal Pradesh,WEST SIANG,1999,Whole Year,Sugarcane,85,2485,29.23529412
Arunachal Pradesh,WEST SIANG,1999,Whole Year,Turmeric,40,150,3.75
Arunachal Pradesh,WEST SIANG,2000,Kharif,Maize,3305,4002,1.210892587
Arunachal Pradesh,WEST SIANG,2000,Kharif,Rice,19291,21816,1.130890052
Arunachal Pradesh,WEST SIANG,2000,Kharif,Small millets,2526,2053,0.812747427
Arunachal Pradesh,WEST SIANG,2000,Rabi,Wheat,90,125,1.388888889
Arunachal Pradesh,WEST SIANG,2000,Whole Year,Dry chillies,150,200,1.333333333
Arunachal Pradesh,WEST SIANG,2000,Whole Year,Dry ginger,60,400,6.666666667
Arunachal Pradesh,WEST SIANG,2000,Whole Year,Oilseeds total,1735,1745,1.005763689
Arunachal Pradesh,WEST SIANG,2000,Whole Year,Potato,240,1335,5.5625
Arunachal Pradesh,WEST SIANG,2000,Whole Year,Pulses total,650,625,0.961538462
Arunachal Pradesh,WEST SIANG,2000,Whole Year,Sugarcane,85,2485,29.23529412
Arunachal Pradesh,WEST SIANG,2000,Whole Year,Turmeric,40,150,3.75
Arunachal Pradesh,WEST SIANG,2001,Kharif,Maize,3545,3825,1.078984485
Arunachal Pradesh,WEST SIANG,2001,Kharif,Rice,19291,21872,1.13379296
Arunachal Pradesh,WEST SIANG,2001,Kharif,Small millets,2538,2147,0.845941686
Arunachal Pradesh,WEST SIANG,2001,Rabi,Wheat,90,130,1.444444444
Arunachal Pradesh,WEST SIANG,2001,Whole Year,Dry chillies,240,235,0.979166667
Arunachal Pradesh,WEST SIANG,2001,Whole Year,Dry ginger,48,387,8.0625
Arunachal Pradesh,WEST SIANG,2001,Whole Year,Oilseeds total,1628,1772,1.088452088
Arunachal Pradesh,WEST SIANG,2001,Whole Year,Potato,240,1375,5.729166667
Arunachal Pradesh,WEST SIANG,2001,Whole Year,Pulses total,650,645,0.992307692
Arunachal Pradesh,WEST SIANG,2001,Whole Year,Sugarcane,85,2505,29.47058824
Arunachal Pradesh,WEST SIANG,2001,Whole Year,Turmeric,88,170,1.931818182
Arunachal Pradesh,WEST SIANG,2002,Kharif,Maize,3334,4073,1.221655669
Arunachal Pradesh,WEST SIANG,2002,Kharif,Rice,19953,22135,1.109356989
Arunachal Pradesh,WEST SIANG,2002,Kharif,Small millets,2553,2128,0.833529181
Arunachal Pradesh,WEST SIANG,2002,Rabi,Wheat,86,126,1.465116279
Arunachal Pradesh,WEST SIANG,2002,Whole Year,Dry chillies,154,238,1.545454545
Arunachal Pradesh,WEST SIANG,2002,Whole Year,Dry ginger,63,424,6.73015873
Arunachal Pradesh,WEST SIANG,2002,Whole Year,Oilseeds total,1745,1804,1.033810888
Arunachal Pradesh,WEST SIANG,2002,Whole Year,Potato,254,1546,6.086614173
Arunachal Pradesh,WEST SIANG,2002,Whole Year,Pulses total,655,643,0.981679389
Arunachal Pradesh,WEST SIANG,2002,Whole Year,Sugarcane,90,2559,28.43333333
Arunachal Pradesh,WEST SIANG,2002,Whole Year,Turmeric,42,162,3.857142857
Arunachal Pradesh,WEST SIANG,2003,Kharif,Maize,3335,4100,1.229385307
Arunachal Pradesh,WEST SIANG,2003,Kharif,Rice,19355,22345,1.154482046
Arunachal Pradesh,WEST SIANG,2003,Kharif,Small millets,2554,2148,0.841033673
Arunachal Pradesh,WEST SIANG,2003,Rabi,Wheat,75,96,1.28
Arunachal Pradesh,WEST SIANG,2003,Whole Year,Dry chillies,154,238,1.545454545
Arunachal Pradesh,WEST SIANG,2003,Whole Year,Dry ginger,63,420,6.666666667
Arunachal Pradesh,WEST SIANG,2003,Whole Year,Oilseeds total,1745,1804,1.033810888
Arunachal Pradesh,WEST SIANG,2003,Whole Year,Potato,254,1546,6.086614173
Arunachal Pradesh,WEST SIANG,2003,Whole Year,Pulses total,655,643,0.981679389
Arunachal Pradesh,WEST SIANG,2003,Whole Year,Sugarcane,90,2559,28.43333333
Arunachal Pradesh,WEST SIANG,2003,Whole Year,Turmeric,42,162,3.857142857
Arunachal Pradesh,WEST SIANG,2004,Kharif,Maize,3299,4071,1.234010306
Arunachal Pradesh,WEST SIANG,2004,Kharif,Rice,23857,18436,0.772771094
Arunachal Pradesh,WEST SIANG,2004,Kharif,Small millets,2576,2176,0.844720497
Arunachal Pradesh,WEST SIANG,2004,Rabi,Wheat,75,84,1.12
Arunachal Pradesh,WEST SIANG,2004,Whole Year,Dry chillies,220,110,0.5
Arunachal Pradesh,WEST SIANG,2004,Whole Year,Dry ginger,200,600,3
Arunachal Pradesh,WEST SIANG,2004,Whole Year,Oilseeds total,4400,4440,1.009090909
Arunachal Pradesh,WEST SIANG,2004,Whole Year,Potato,350,1750,5
Arunachal Pradesh,WEST SIANG,2004,Whole Year,Sugarcane,81,405,5
Arunachal Pradesh,WEST SIANG,2005,Kharif,Maize,3457,4384,1.268151577
Arunachal Pradesh,WEST SIANG,2005,Kharif,Rice,24000,22900,0.954166667
Arunachal Pradesh,WEST SIANG,2005,Kharif,Small millets,2622,2284,0.87109077
Arunachal Pradesh,WEST SIANG,2005,Rabi,Wheat,56,62,1.107142857
Arunachal Pradesh,WEST SIANG,2005,Whole Year,Dry chillies,162,232,1.432098765
Arunachal Pradesh,WEST SIANG,2005,Whole Year,Dry ginger,66,449,6.803030303
Arunachal Pradesh,WEST SIANG,2005,Whole Year,Oilseeds total,1751,1667,0.952027413
Arunachal Pradesh,WEST SIANG,2005,Whole Year,Potato,259,1543,5.957528958
Arunachal Pradesh,WEST SIANG,2005,Whole Year,Sugarcane,92,2621,28.48913043
Arunachal Pradesh,WEST SIANG,2006,Kharif,Maize,3359,4184,1.245608812
Arunachal Pradesh,WEST SIANG,2006,Kharif,Rice,24343,21275,0.873967876
Arunachal Pradesh,WEST SIANG,2006,Kharif,Small millets,2538,2166,0.853427896
Arunachal Pradesh,WEST SIANG,2006,Rabi,Wheat,76,95,1.25
Arunachal Pradesh,WEST SIANG,2006,Whole Year,Dry chillies,154,238,1.545454545
Arunachal Pradesh,WEST SIANG,2006,Whole Year,Dry ginger,177,1636,9.242937853
Arunachal Pradesh,WEST SIANG,2006,Whole Year,Oilseeds total,1735,1726,0.99481268
Arunachal Pradesh,WEST SIANG,2006,Whole Year,Potato,294,1801,6.12585034
Arunachal Pradesh,WEST SIANG,2006,Whole Year,Sugarcane,91,2607,28.64835165
Arunachal Pradesh,WEST SIANG,2006,Whole Year,Turmeric,54,218,4.037037037
Arunachal Pradesh,WEST SIANG,2007,Kharif,Maize,3442,4319,1.254793725
Arunachal Pradesh,WEST SIANG,2007,Kharif,Rice,24951,21935,0.879123081
Arunachal Pradesh,WEST SIANG,2007,Kharif,Small millets,2602,2203,0.846656418
Arunachal Pradesh,WEST SIANG,2007,Rabi,Wheat,77,96,1.246753247
Arunachal Pradesh,WEST SIANG,2007,Whole Year,Dry chillies,157,235,1.496815287
Arunachal Pradesh,WEST SIANG,2007,Whole Year,Dry ginger,273,2624,9.611721612
Arunachal Pradesh,WEST SIANG,2007,Whole Year,Oilseeds total,1754,1792,1.021664766
Arunachal Pradesh,WEST SIANG,2007,Whole Year,Potato,310,2015,6.5
Arunachal Pradesh,WEST SIANG,2007,Whole Year,Sugarcane,92,2663,28.94565217
Arunachal Pradesh,WEST SIANG,2007,Whole Year,Turmeric,55,234,4.254545455
Arunachal Pradesh,WEST SIANG,2008,Kharif,Maize,3461,4370,1.262640855
Arunachal Pradesh,WEST SIANG,2008,Kharif,Rice,25106,22309,0.888592368
Arunachal Pradesh,WEST SIANG,2008,Kharif,Small millets,2612,2234,0.855283308
Arunachal Pradesh,WEST SIANG,2008,Rabi,Wheat,77,96,1.246753247
Arunachal Pradesh,WEST SIANG,2008,Whole Year,Dry chillies,160,246,1.5375
Arunachal Pradesh,WEST SIANG,2008,Whole Year,Dry ginger,290,2776,9.572413793
Arunachal Pradesh,WEST SIANG,2008,Whole Year,Oilseeds total,1760,1831,1.040340909
Arunachal Pradesh,WEST SIANG,2008,Whole Year,Potato,332,2100,6.325301205
Arunachal Pradesh,WEST SIANG,2008,Whole Year,Sugarcane,94,2723,28.96808511
Arunachal Pradesh,WEST SIANG,2008,Whole Year,Turmeric,57,257,4.50877193
Arunachal Pradesh,WEST SIANG,2009,Kharif,Maize,4415,3476,0.787315968
Arunachal Pradesh,WEST SIANG,2009,Kharif,Rice,25136,22455.33,0.893353358
Arunachal Pradesh,WEST SIANG,2009,Kharif,Small millets,2620,2281,0.870610687
Arunachal Pradesh,WEST SIANG,2009,Rabi,Wheat,77,96,1.246753247
Arunachal Pradesh,WEST SIANG,2009,Whole Year,Dry chillies,163,260,1.595092025
Arunachal Pradesh,WEST SIANG,2009,Whole Year,Dry ginger,295,2832,9.6
Arunachal Pradesh,WEST SIANG,2009,Whole Year,Oilseeds total,25136,33683,1.340030236
Arunachal Pradesh,WEST SIANG,2009,Whole Year,Potato,345,2195,6.362318841
Arunachal Pradesh,WEST SIANG,2009,Whole Year,Sugarcane,95,2754,28.98947368
Arunachal Pradesh,WEST SIANG,2009,Whole Year,Turmeric,58,263,4.534482759
Arunachal Pradesh,WEST SIANG,2010,Kharif,Maize,3480,4443,1.276724138
Arunachal Pradesh,WEST SIANG,2010,Kharif,Rice,25148,22569,0.897447113
Arunachal Pradesh,WEST SIANG,2010,Kharif,Small millets,2622,2297,0.876048818
Arunachal Pradesh,WEST SIANG,2010,Rabi,Wheat,77,97,1.25974026
Arunachal Pradesh,WEST SIANG,2010,Whole Year,Dry chillies,166,264,1.590361446
Arunachal Pradesh,WEST SIANG,2010,Whole Year,Dry ginger,298,2867,9.620805369
Arunachal Pradesh,WEST SIANG,2010,Whole Year,Oilseeds total,1764,1863,1.056122449
Arunachal Pradesh,WEST SIANG,2010,Whole Year,Potato,363,2317,6.38292011
Arunachal Pradesh,WEST SIANG,2010,Whole Year,Sugarcane,96,2785,29.01041667
Arunachal Pradesh,WEST SIANG,2010,Whole Year,Turmeric,59,269,4.559322034
Arunachal Pradesh,WEST SIANG,2011,Kharif,Maize,3591,4703,1.309663047
Arunachal Pradesh,WEST SIANG,2011,Kharif,Rice,25547,24596,0.962774494
Arunachal Pradesh,WEST SIANG,2011,Kharif,Small millets,2563,2522,0.984003121
Arunachal Pradesh,WEST SIANG,2011,Rabi,Wheat,77,107,1.38961039
Arunachal Pradesh,WEST SIANG,2011,Whole Year,Dry chillies,187,311,1.663101604
Arunachal Pradesh,WEST SIANG,2011,Whole Year,Dry ginger,307,2960,9.641693811
Arunachal Pradesh,WEST SIANG,2011,Whole Year,Oilseeds total,1799,2102,1.168426904
Arunachal Pradesh,WEST SIANG,2011,Whole Year,Potato,385,2589,6.724675325
Arunachal Pradesh,WEST SIANG,2011,Whole Year,Sugarcane,96,2805,29.21875
Arunachal Pradesh,WEST SIANG,2011,Whole Year,Turmeric,60,277,4.616666667
Arunachal Pradesh,WEST SIANG,2012,Kharif,Maize,3319,4446,1.339560108
Arunachal Pradesh,WEST SIANG,2012,Kharif,Rice,25528,24632,0.964901285
Arunachal Pradesh,WEST SIANG,2012,Kharif,Small millets,2449,2006,0.819109841
Arunachal Pradesh,WEST SIANG,2012,Whole Year,Dry chillies,188,305,1.622340426
Arunachal Pradesh,WEST SIANG,2012,Whole Year,Dry ginger,317,3132,9.880126183
Arunachal Pradesh,WEST SIANG,2012,Whole Year,Oilseeds total,1747,1939,1.10990269
Arunachal Pradesh,WEST SIANG,2012,Whole Year,Potato,395,2621,6.635443038
Arunachal Pradesh,WEST SIANG,2012,Whole Year,Sugarcane,160,1520,9.5
Arunachal Pradesh,WEST SIANG,2012,Whole Year,Turmeric,64,306,4.78125
Arunachal Pradesh,WEST SIANG,2013,Kharif,Maize,3334,4487,1.345830834
Arunachal Pradesh,WEST SIANG,2013,Kharif,Rice,25561,24801,0.970267204
Arunachal Pradesh,WEST SIANG,2013,Kharif,Small millets,2454,2026,0.825590872
Arunachal Pradesh,WEST SIANG,2013,Whole Year,Dry chillies,190,309,1.626315789
Arunachal Pradesh,WEST SIANG,2013,Whole Year,Dry ginger,230,1462,6.356521739
Arunachal Pradesh,WEST SIANG,2013,Whole Year,Oilseeds total,1755,1958,1.115669516
Arunachal Pradesh,WEST SIANG,2013,Whole Year,Potato,405,2695,6.654320988
Arunachal Pradesh,WEST SIANG,2013,Whole Year,Sugarcane,98,2898,29.57142857
Arunachal Pradesh,WEST SIANG,2013,Whole Year,Turmeric,66,317,4.803030303
Arunachal Pradesh,WEST SIANG,2014,Kharif,Maize,3399,4689,1.379523389
Arunachal Pradesh,WEST SIANG,2014,Kharif,Rice,24811,25220,1.016484624
Arunachal Pradesh,WEST SIANG,2014,Kharif,Small millets,2671,2238,0.837888431
Arunachal Pradesh,WEST SIANG,2014,Whole Year,Dry chillies,201,271,1.348258706
Arunachal Pradesh,WEST SIANG,2014,Whole Year,Dry ginger,317,1952,6.157728707
Arunachal Pradesh,WEST SIANG,2014,Whole Year,Oilseeds total,1870,2665,1.42513369
Arunachal Pradesh,WEST SIANG,2014,Whole Year,Potato,414,2774,6.700483092
Arunachal Pradesh,WEST SIANG,2014,Whole Year,Sugarcane,123,3415,27.76422764
Arunachal Pradesh,WEST SIANG,2014,Whole Year,Turmeric,75,371,4.946666667
Assam,BAKSA,2005,Autumn,Rice,17083,15415,0.90235907
Assam,BAKSA,2005,Kharif,Arhar/Tur,191,115,0.602094241
Assam,BAKSA,2005,Kharif,Castor seed,22,11,0.5
Assam,BAKSA,2005,Kharif,Cotton(lint),8,4,0.5
Assam,BAKSA,2005,Kharif,Jute,382,3540,9.267015707
Assam,BAKSA,2005,Kharif,Maize,179,134,0.748603352
Assam,BAKSA,2005,Kharif,Mesta,98,381,3.887755102
Assam,BAKSA,2005,Kharif,Niger seed,518,269,0.519305019
Assam,BAKSA,2005,Kharif,Sesamum,509,266,0.52259332
Assam,BAKSA,2005,Kharif,Small millets,247,110,0.44534413
Assam,BAKSA,2005,Rabi,Gram,58,26,0.448275862
Assam,BAKSA,2005,Rabi,Linseed,728,422,0.57967033
Assam,BAKSA,2005,Rabi,Masoor,1973,1026,0.520020274
Assam,BAKSA,2005,Rabi,Moong(Green Gram),295,126,0.427118644
Assam,BAKSA,2005,Rabi,Other  Rabi pulses,5239,3217,0.614048483
Assam,BAKSA,2005,Rabi,Peas & beans (Pulses),1268,989,0.779968454
Assam,BAKSA,2005,Rabi,Rapeseed &Mustard,9254,4072,0.440025935
Assam,BAKSA,2005,Rabi,Urad,1322,733,0.554462935
Assam,BAKSA,2005,Rabi,Wheat,2159,2457,1.138026864
Assam,BAKSA,2005,Summer,Rice,12650,17027,1.346007905
Assam,BAKSA,2005,Whole Year,Banana,1191,17437,14.64063812
Assam,BAKSA,2005,Whole Year,Dry chillies,601,443,0.737104825
Assam,BAKSA,2005,Whole Year,Onion,279,279,1
Assam,BAKSA,2005,Whole Year,Potato,3501,17666,5.045986861
Assam,BAKSA,2005,Whole Year,Sugarcane,219,8110,37.03196347
Assam,BAKSA,2005,Whole Year,Sweet potato,137,771,5.627737226
Assam,BAKSA,2005,Whole Year,Tapioca,92,649,7.054347826
Assam,BAKSA,2005,Whole Year,Tobacco,10,4,0.4
Assam,BAKSA,2005,Whole Year,Turmeric,572,529,0.924825175
Assam,BAKSA,2005,Winter,Rice,66229,93287,1.408552145
Assam,BAKSA,2006,Autumn,Rice,26235,23208,0.884619783
Assam,BAKSA,2006,Kharif,Arhar/Tur,188,113,0.60106383
Assam,BAKSA,2006,Kharif,Castor seed,41,21,0.512195122
Assam,BAKSA,2006,Kharif,Cotton(lint),7,3,0.428571429
Assam,BAKSA,2006,Kharif,Jute,1478,14320,9.688768606
Assam,BAKSA,2006,Kharif,Maize,210,158,0.752380952
Assam,BAKSA,2006,Kharif,Mesta,150,583,3.886666667
Assam,BAKSA,2006,Kharif,Niger seed,550,286,0.52
Assam,BAKSA,2006,Kharif,Sesamum,471,246,0.522292994
Assam,BAKSA,2006,Kharif,Small millets,278,124,0.446043165
Assam,BAKSA,2006,Rabi,Gram,118,53,0.449152542
Assam,BAKSA,2006,Rabi,Linseed,768,445,0.579427083
Assam,BAKSA,2006,Rabi,Masoor,1890,983,0.52010582
Assam,BAKSA,2006,Rabi,Moong(Green Gram),322,137,0.425465839
Assam,BAKSA,2006,Rabi,Other  Rabi pulses,617,443,0.717990276
Assam,BAKSA,2006,Rabi,Peas & beans (Pulses),1174,916,0.780238501
Assam,BAKSA,2006,Rabi,Rapeseed &Mustard,10758,5228,0.485963934
Assam,BAKSA,2006,Rabi,Urad,1380,709,0.513768116
Assam,BAKSA,2006,Rabi,Wheat,2853,3230,1.132141605
Assam,BAKSA,2006,Summer,Rice,12737,25691,2.017036979
Assam,BAKSA,2006,Whole Year,Arecanut,4136,3174,0.767408124
Assam,BAKSA,2006,Whole Year,Banana,2131,31200,14.64101361
Assam,BAKSA,2006,Whole Year,Coconut,1456,11113000,7632.554945
Assam,BAKSA,2006,Whole Year,Dry chillies,681,502,0.737151248
Assam,BAKSA,2006,Whole Year,Onion,252,252,1
Assam,BAKSA,2006,Whole Year,Potato,4763,30926,6.492966618
Assam,BAKSA,2006,Whole Year,Sugarcane,340,13476,39.63529412
Assam,BAKSA,2006,Whole Year,Sweet potato,299,1683,5.628762542
Assam,BAKSA,2006,Whole Year,Tapioca,197,1389,7.050761421
Assam,BAKSA,2006,Whole Year,Tobacco,9,4,0.444444444
Assam,BAKSA,2006,Whole Year,Turmeric,576,533,0.925347222
Assam,BAKSA,2006,Winter,Rice,52195,67915,1.301178274
Assam,BAKSA,2007,Autumn,Rice,21551,20266,0.940373997
Assam,BAKSA,2007,Kharif,Arhar/Tur,165,99,0.6
Assam,BAKSA,2007,Kharif,Castor seed,27,14,0.518518519
Assam,BAKSA,2007,Kharif,Cotton(lint),6,3,0.5
Assam,BAKSA,2007,Kharif,Jute,1364,9533,6.989002933
Assam,BAKSA,2007,Kharif,Maize,205,154,0.751219512
Assam,BAKSA,2007,Kharif,Mesta,231,898,3.887445887
Assam,BAKSA,2007,Kharif,Niger seed,523,272,0.520076482
Assam,BAKSA,2007,Kharif,Sesamum,459,240,0.522875817
Assam,BAKSA,2007,Kharif,Small millets,284,127,0.447183099
Assam,BAKSA,2007,Rabi,Gram,97,44,0.453608247
Assam,BAKSA,2007,Rabi,Linseed,735,426,0.579591837
Assam,BAKSA,2007,Rabi,Masoor,1912,205,0.107217573
Assam,BAKSA,2007,Rabi,Moong(Green Gram),325,138,0.424615385
Assam,BAKSA,2007,Rabi,Other  Rabi pulses,519,373,0.718689788
Assam,BAKSA,2007,Rabi,Peas & beans (Pulses),1118,872,0.779964222
Assam,BAKSA,2007,Rabi,Rapeseed &Mustard,10587,6892,0.65098706
Assam,BAKSA,2007,Rabi,Urad,1401,656,0.468236974
Assam,BAKSA,2007,Rabi,Wheat,2419,3320,1.372467962
Assam,BAKSA,2007,Summer,Rice,7124,14341,2.013054464
Assam,BAKSA,2007,Whole Year,Arecanut,2768,2338,0.844653179
Assam,BAKSA,2007,Whole Year,Banana,2157,31581,14.64116829
Assam,BAKSA,2007,Whole Year,Black pepper,46,68,1.47826087
Assam,BAKSA,2007,Whole Year,Coconut,1288,10001000,7764.751553
Assam,BAKSA,2007,Whole Year,Dry chillies,688,311,0.452034884
Assam,BAKSA,2007,Whole Year,Dry ginger,529,3662,6.922495274
Assam,BAKSA,2007,Whole Year,Onion,250,250,1
Assam,BAKSA,2007,Whole Year,Potato,4535,34763,7.665490628
Assam,BAKSA,2007,Whole Year,Sugarcane,273,10394,38.07326007
Assam,BAKSA,2007,Whole Year,Sweet potato,295,1661,5.630508475
Assam,BAKSA,2007,Whole Year,Tapioca,142,1001,7.049295775
Assam,BAKSA,2007,Whole Year,Tobacco,8,3,0.375
Assam,BAKSA,2007,Whole Year,Turmeric,580,137,0.236206897
Assam,BAKSA,2007,Winter,Rice,58558,73246,1.250828239
Assam,BAKSA,2008,Autumn,Rice,13587,18640,1.37189961
Assam,BAKSA,2008,Kharif,Arhar/Tur,196,118,0.602040816
Assam,BAKSA,2008,Kharif,Castor seed,32,16,0.5
Assam,BAKSA,2008,Kharif,Cotton(lint),4,2,0.5
Assam,BAKSA,2008,Kharif,Jute,913,8087,8.857612267
Assam,BAKSA,2008,Kharif,Maize,197,148,0.751269036
Assam,BAKSA,2008,Kharif,Mesta,98,381,3.887755102
Assam,BAKSA,2008,Kharif,Niger seed,435,226,0.51954023
Assam,BAKSA,2008,Kharif,Sesamum,426,221,0.518779343
Assam,BAKSA,2008,Kharif,Small millets,267,131,0.490636704
Assam,BAKSA,2008,Rabi,Blackgram,1345,780,0.579925651
Assam,BAKSA,2008,Rabi,Gram,68,31,0.455882353
Assam,BAKSA,2008,Rabi,Linseed,516,316,0.612403101
Assam,BAKSA,2008,Rabi,Masoor,1579,576,0.36478784
Assam,BAKSA,2008,Rabi,Moong(Green Gram),180,75,0.416666667
Assam,BAKSA,2008,Rabi,Peas & beans (Pulses),845,667,0.789349112
Assam,BAKSA,2008,Rabi,Rapeseed &Mustard,7707,4601,0.59698975
Assam,BAKSA,2008,Rabi,Urad,1345,780,0.579925651
Assam,BAKSA,2008,Rabi,Wheat,1728,1291,0.747106481
Assam,BAKSA,2008,Summer,Rice,11712,20949,1.788678279
Assam,BAKSA,2008,Whole Year,Arecanut,2781,3015,1.084142395
Assam,BAKSA,2008,Whole Year,Banana,1712,25065,14.64077103
Assam,BAKSA,2008,Whole Year,Black pepper,91,171,1.879120879
Assam,BAKSA,2008,Whole Year,Coconut,1323,12408000,9378.684807
Assam,BAKSA,2008,Whole Year,Dry chillies,788,506,0.64213198
Assam,BAKSA,2008,Whole Year,Dry ginger,393,2721,6.923664122
Assam,BAKSA,2008,Whole Year,Onion,233,233,1
Assam,BAKSA,2008,Whole Year,Potato,5049,31571,6.252921371
Assam,BAKSA,2008,Whole Year,Sugarcane,491,18848,38.38696538
Assam,BAKSA,2008,Whole Year,Sweet potato,181,1019,5.629834254
Assam,BAKSA,2008,Whole Year,Tapioca,189,1332,7.047619048
Assam,BAKSA,2008,Whole Year,Tobacco,84,40,0.476190476
Assam,BAKSA,2008,Whole Year,Turmeric,608,563,0.925986842
Assam,BAKSA,2008,Winter,Rice,69495,124614,1.793136197
Assam,BAKSA,2009,Autumn,Rice,13217,21279,1.609972006
Assam,BAKSA,2009,Kharif,Arhar/Tur,196,118,0.602040816
Assam,BAKSA,2009,Kharif,Castor seed,33,17,0.515151515
Assam,BAKSA,2009,Kharif,Cotton(lint),4,2,0.5
Assam,BAKSA,2009,Kharif,Jute,906,8290,9.150110375
Assam,BAKSA,2009,Kharif,Maize,193,145,0.751295337
Assam,BAKSA,2009,Kharif,Mesta,94,366,3.893617021
Assam,BAKSA,2009,Kharif,Niger seed,503,262,0.520874751
Assam,BAKSA,2009,Kharif,Sesamum,452,236,0.522123894
Assam,BAKSA,2009,Kharif,Small millets,276,127,0.460144928
Assam,BAKSA,2009,Rabi,Banana,1733,25373,14.64108482
Assam,BAKSA,2009,Rabi,Gram,94,42,0.446808511
Assam,BAKSA,2009,Rabi,Linseed,673,398,0.591381872
Assam,BAKSA,2009,Rabi,Masoor,1794,594,0.331103679
Assam,BAKSA,2009,Rabi,Moong(Green Gram),276,117,0.423913043
Assam,BAKSA,2009,Rabi,Peas & beans (Pulses),1046,819,0.782982792
Assam,BAKSA,2009,Rabi,Rapeseed &Mustard,9684,2811,0.290272615
Assam,BAKSA,2009,Rabi,Urad,1375,807,0.586909091
Assam,BAKSA,2009,Rabi,Wheat,2333,2536,1.08701243
Assam,BAKSA,2009,Summer,Rice,10524,16463,1.564329152
Assam,BAKSA,2009,Whole Year,Arecanut,2500,2411,0.9644
Assam,BAKSA,2009,Whole Year,Banana,1733,25373,14.64108482
Assam,BAKSA,2009,Whole Year,Black pepper,69,116,1.68115942
Assam,BAKSA,2009,Whole Year,Coconut,1050,9634000,9175.238095
Assam,BAKSA,2009,Whole Year,Dry chillies,719,439,0.610570236
Assam,BAKSA,2009,Whole Year,Dry ginger,461,3192,6.924078091
Assam,BAKSA,2009,Whole Year,Onion,245,245,1
Assam,BAKSA,2009,Whole Year,Potato,4782,28022,5.859891259
Assam,BAKSA,2009,Whole Year,Sugarcane,550,21511,39.11090909
Assam,BAKSA,2009,Whole Year,Sweet potato,258,1453,5.631782946
Assam,BAKSA,2009,Whole Year,Tapioca,192,1354,7.052083333
Assam,BAKSA,2009,Whole Year,Tobacco,89,38,0.426966292
Assam,BAKSA,2009,Whole Year,Turmeric,588,544,0.925170068
Assam,BAKSA,2009,Winter,Rice,68453,109965,1.60643069
Assam,BAKSA,2010,Autumn,Rice,11562,13489,1.166666667
Assam,BAKSA,2010,Kharif,Arhar/Tur,338,203,0.600591716
Assam,BAKSA,2010,Kharif,Castor seed,27,14,0.518518519
Assam,BAKSA,2010,Kharif,Cotton(lint),26,10,0.384615385
Assam,BAKSA,2010,Kharif,Jute,570,8750,15.35087719
Assam,BAKSA,2010,Kharif,Maize,225,169,0.751111111
Assam,BAKSA,2010,Kharif,Mesta,126,490,3.888888889
Assam,BAKSA,2010,Kharif,Niger seed,540,281,0.52037037
Assam,BAKSA,2010,Kharif,Sesamum,450,235,0.522222222
Assam,BAKSA,2010,Kharif,Small millets,250,112,0.448
Assam,BAKSA,2010,Rabi,Arecanut,2500,2411,0.9644
Assam,BAKSA,2010,Rabi,Banana,680,9956,14.64117647
Assam,BAKSA,2010,Rabi,Gram,45,20,0.444444444
Assam,BAKSA,2010,Rabi,Linseed,680,402,0.591176471
Assam,BAKSA,2010,Rabi,Masoor,2045,532,0.260146699
Assam,BAKSA,2010,Rabi,Moong(Green Gram),259,110,0.424710425
Assam,BAKSA,2010,Rabi,Peas & beans (Pulses),1044,818,0.783524904
Assam,BAKSA,2010,Rabi,Rapeseed &Mustard,9500,3467,0.364947368
Assam,BAKSA,2010,Rabi,Urad,1615,817,0.505882353
Assam,BAKSA,2010,Rabi,Wheat,868,1276,1.470046083
Assam,BAKSA,2010,Summer,Rice,6000,13150,2.191666667
Assam,BAKSA,2010,Whole Year,Banana,680,9956,14.64117647
Assam,BAKSA,2010,Whole Year,Black pepper,85,147,1.729411765
Assam,BAKSA,2010,Whole Year,Coconut,1050,9634000,9175.238095
Assam,BAKSA,2010,Whole Year,Dry chillies,690,395,0.572463768
Assam,BAKSA,2010,Whole Year,Dry ginger,465,3219,6.922580645
Assam,BAKSA,2010,Whole Year,Onion,201,201,1
Assam,BAKSA,2010,Whole Year,Potato,3750,25359,6.7624
Assam,BAKSA,2010,Whole Year,Sugarcane,349,8202,23.50143266
Assam,BAKSA,2010,Whole Year,Sweet potato,116,653,5.629310345
Assam,BAKSA,2010,Whole Year,Tapioca,210,1481,7.052380952
Assam,BAKSA,2010,Whole Year,Tobacco,84,37,0.44047619
Assam,BAKSA,2010,Whole Year,Turmeric,700,648,0.925714286
Assam,BAKSA,2010,Winter,Rice,84168,134217,1.594632164
Assam,BAKSA,2011,Autumn,Paddy,10325,14340,1.388861985
Assam,BAKSA,2011,Autumn,Rice,10325,14340,1.388861985
Assam,BAKSA,2011,Kharif,Arhar/Tur,235,167,0.710638298
Assam,BAKSA,2011,Kharif,Castor seed,31,19,0.612903226
Assam,BAKSA,2011,Kharif,Cotton(lint),9,4,0.444444444
Assam,BAKSA,2011,Kharif,Jute,848,6365,7.505896226
Assam,BAKSA,2011,Kharif,Maize,555,472,0.85045045
Assam,BAKSA,2011,Kharif,Mesta,103,1065,10.33980583
Assam,BAKSA,2011,Kharif,Niger seed,493,261,0.529411765
Assam,BAKSA,2011,Kharif,Orange,280,2686,9.592857143
Assam,BAKSA,2011,Kharif,Papaya,301,5714,18.9833887
Assam,BAKSA,2011,Kharif,Sesamum,443,277,0.625282167
Assam,BAKSA,2011,Kharif,Small millets,264,128,0.484848485
Assam,BAKSA,2011,Kharif,Tapioca,275,2441,8.876363636
Assam,BAKSA,2011,Kharif,Tobacco,5,2,0.4
Assam,BAKSA,2011,Rabi,Arecanut,2600,2361,0.908076923
Assam,BAKSA,2011,Rabi,Black pepper,82,142,1.731707317
Assam,BAKSA,2011,Rabi,Dry chillies,732,353,0.482240437
Assam,BAKSA,2011,Rabi,Ginger,440,3075,6.988636364
Assam,BAKSA,2011,Rabi,Gram,69,31,0.449275362
Assam,BAKSA,2011,Rabi,Linseed,623,401,0.643659711
Assam,BAKSA,2011,Rabi,Masoor,2229,858,0.384925976
Assam,BAKSA,2011,Rabi,Moong(Green Gram),282,136,0.482269504
Assam,BAKSA,2011,Rabi,Peas & beans (Pulses),1138,924,0.811950791
Assam,BAKSA,2011,Rabi,Pineapple,325,5322,16.37538462
Assam,BAKSA,2011,Rabi,Rapeseed &Mustard,8535,4333,0.507674282
Assam,BAKSA,2011,Rabi,Sweet potato,185,1068,5.772972973
Assam,BAKSA,2011,Rabi,Urad,2088,1119,0.53591954
Assam,BAKSA,2011,Rabi,Wheat,380,576,1.515789474
Assam,BAKSA,2011,Summer,Paddy,2500,5595,2.238
Assam,BAKSA,2011,Summer,Rice,2500,5595,2.238
Assam,BAKSA,2011,Whole Year,Banana,1250,19425,15.54
Assam,BAKSA,2011,Whole Year,Coconut,1100,5183,4.711818182
Assam,BAKSA,2011,Whole Year,Onion,226,677,2.995575221
Assam,BAKSA,2011,Whole Year,Potato,3237,18544,5.728761199
Assam,BAKSA,2011,Whole Year,Sugarcane,325,9636,29.64923077
Assam,BAKSA,2011,Whole Year,Turmeric,632,785,1.242088608
Assam,BAKSA,2011,Winter,Paddy,85450,153149,1.792264482
Assam,BAKSA,2011,Winter,Rice,85450,153149,1.792264482
Assam,BAKSA,2012,Autumn,Paddy,11780,16636,1.412224109
Assam,BAKSA,2012,Autumn,Rice,11780,16636,1.412224109
Assam,BAKSA,2012,Kharif,Arhar/Tur,210,168,0.8
Assam,BAKSA,2012,Kharif,Castor seed,25,16,0.64
Assam,BAKSA,2012,Kharif,Cotton(lint),10,4,0.4
Assam,BAKSA,2012,Kharif,Jute,590,3372,5.715254237
Assam,BAKSA,2012,Kharif,Maize,285,272,0.954385965
Assam,BAKSA,2012,Kharif,Mesta,171,695,4.064327485
Assam,BAKSA,2012,Kharif,Niger seed,385,207,0.537662338
Assam,BAKSA,2012,Kharif,Orange,305,2958,9.698360656
Assam,BAKSA,2012,Kharif,Papaya,330,6562,19.88484848
Assam,BAKSA,2012,Kharif,Sesamum,275,185,0.672727273
Assam,BAKSA,2012,Kharif,Small millets,280,128,0.457142857
Assam,BAKSA,2012,Kharif,Tapioca,240,2156,8.983333333
Assam,BAKSA,2012,Kharif,Tobacco,7,3,0.428571429
Assam,BAKSA,2012,Rabi,Arecanut,2500,2036,0.8144
Assam,BAKSA,2012,Rabi,Black pepper,85,151,1.776470588
Assam,BAKSA,2012,Rabi,Dry chillies,750,443,0.590666667
Assam,BAKSA,2012,Rabi,Ginger,600,4797,7.995
Assam,BAKSA,2012,Rabi,Gram,72,35,0.486111111
Assam,BAKSA,2012,Rabi,Linseed,480,306,0.6375
Assam,BAKSA,2012,Rabi,Masoor,2267,973,0.429201588
Assam,BAKSA,2012,Rabi,Moong(Green Gram),288,155,0.538194444
Assam,BAKSA,2012,Rabi,Peas & beans (Pulses),1299,1069,0.822940724
Assam,BAKSA,2012,Rabi,Pineapple,285,4949,17.36491228
Assam,BAKSA,2012,Rabi,Rapeseed &Mustard,10200,5361,0.525588235
Assam,BAKSA,2012,Rabi,Sweet potato,110,745,6.772727273
Assam,BAKSA,2012,Rabi,Urad,2124,1109,0.52212806
Assam,BAKSA,2012,Rabi,Wheat,280,280,1
Assam,BAKSA,2012,Summer,Rice,2520,6137,2.43531746
Assam,BAKSA,2012,Whole Year,Banana,695,11495,16.53956835
Assam,BAKSA,2012,Whole Year,Coconut,550,3394,6.170909091
Assam,BAKSA,2012,Whole Year,Onion,205,667,3.253658537
Assam,BAKSA,2012,Whole Year,Potato,4200,32759,7.799761905
Assam,BAKSA,2012,Whole Year,Sugarcane,305,6400,20.98360656
Assam,BAKSA,2012,Whole Year,Turmeric,752,948,1.260638298
Assam,BAKSA,2012,Winter,Paddy,85485,157009,1.836684799
Assam,BAKSA,2012,Winter,Rice,85485,157009,1.836684799
Assam,BAKSA,2013,Autumn,Paddy,10200,16672,1.634509804
Assam,BAKSA,2013,Autumn,Rice,10200,16672,1.634509804
Assam,BAKSA,2013,Kharif,Arhar/Tur,230,221,0.960869565
Assam,BAKSA,2013,Kharif,Castor seed,25,14,0.56
Assam,BAKSA,2013,Kharif,Cotton(lint),10,4,0.4
Assam,BAKSA,2013,Kharif,Jute,816,5418,6.639705882
Assam,BAKSA,2013,Kharif,Maize,510,2351,4.609803922
Assam,BAKSA,2013,Kharif,Mesta,103,544,5.281553398
Assam,BAKSA,2013,Kharif,Niger seed,390,215,0.551282051
Assam,BAKSA,2013,Kharif,Orange,287,2783,9.696864111
Assam,BAKSA,2013,Kharif,Papaya,350,6960,19.88571429
Assam,BAKSA,2013,Kharif,Sesamum,310,192,0.619354839
Assam,BAKSA,2013,Kharif,Small millets,290,131,0.451724138
Assam,BAKSA,2013,Kharif,Tapioca,320,2875,8.984375
Assam,BAKSA,2013,Kharif,Tobacco,7,3,0.428571429
Assam,BAKSA,2013,Rabi,Arecanut,2650,1798,0.678490566
Assam,BAKSA,2013,Rabi,Black pepper,90,160,1.777777778
Assam,BAKSA,2013,Rabi,Dry chillies,760,448,0.589473684
Assam,BAKSA,2013,Rabi,Ginger,630,5037,7.995238095
Assam,BAKSA,2013,Rabi,Gram,80,40,0.5
Assam,BAKSA,2013,Rabi,Linseed,478,210,0.439330544
Assam,BAKSA,2013,Rabi,Masoor,2267,1904,0.839876489
Assam,BAKSA,2013,Rabi,Moong(Green Gram),288,210,0.729166667
Assam,BAKSA,2013,Rabi,Peas & beans (Pulses),1290,1251,0.969767442
Assam,BAKSA,2013,Rabi,Pineapple,315,5470,17.36507937
Assam,BAKSA,2013,Rabi,Rapeseed &Mustard,10375,6148,0.592578313
Assam,BAKSA,2013,Rabi,Sweet potato,84,569,6.773809524
Assam,BAKSA,2013,Rabi,Urad,2124,1210,0.569679849
Assam,BAKSA,2013,Rabi,Wheat,350,516,1.474285714
Assam,BAKSA,2013,Summer,Paddy,2750,5885,2.14
Assam,BAKSA,2013,Summer,Rice,2750,5885,2.14
Assam,BAKSA,2013,Whole Year,Banana,1250,20675,16.54
Assam,BAKSA,2013,Whole Year,Coconut,1150,7984,6.942608696
Assam,BAKSA,2013,Whole Year,Onion,215,700,3.255813953
Assam,BAKSA,2013,Whole Year,Potato,4205,19430,4.620689655
Assam,BAKSA,2013,Whole Year,Sugarcane,325,6106,18.78769231
Assam,BAKSA,2013,Whole Year,Turmeric,792,998,1.26010101
Assam,BAKSA,2013,Winter,Paddy,85730,161484,1.883634667
Assam,BAKSA,2013,Winter,Rice,85730,161484,1.883634667
Assam,BAKSA,2014,Autumn,Paddy,10800,18283,1.69287037
Assam,BAKSA,2014,Autumn,Rice,10800,18283,1.69287037
Assam,BAKSA,2014,Kharif,Arhar/Tur,225,205,0.911111111
Assam,BAKSA,2014,Kharif,Castor seed,27,19,0.703703704
Assam,BAKSA,2014,Kharif,Cotton(lint),11,5,0.454545455
Assam,BAKSA,2014,Kharif,Jute,540,2900,5.37037037
Assam,BAKSA,2014,Kharif,Maize,340,1183,3.479411765
Assam,BAKSA,2014,Kharif,Mesta,160,673,4.20625
Assam,BAKSA,2014,Kharif,Niger seed,415,241,0.580722892
Assam,BAKSA,2014,Kharif,Orange,315,3056,9.701587302
Assam,BAKSA,2014,Kharif,Papaya,325,6463,19.88615385
Assam,BAKSA,2014,Kharif,Sesamum,315,227,0.720634921
Assam,BAKSA,2014,Kharif,Small millets,300,171,0.57
Assam,BAKSA,2014,Kharif,Tapioca,320,2875,8.984375
Assam,BAKSA,2014,Kharif,Tobacco,6,3,0.5
Assam,BAKSA,2014,Rabi,Black pepper,92,165,1.793478261
Assam,BAKSA,2014,Rabi,Dry chillies,762,484,0.635170604
Assam,BAKSA,2014,Rabi,Ginger,650,5210,8.015384615
Assam,BAKSA,2014,Rabi,Gram,78,49,0.628205128
Assam,BAKSA,2014,Rabi,Linseed,455,339,0.745054945
Assam,BAKSA,2014,Rabi,Masoor,1996,1134,0.568136273
Assam,BAKSA,2014,Rabi,Moong(Green Gram),127,76,0.598425197
Assam,BAKSA,2014,Rabi,Peas & beans (Pulses),1519,1700,1.11915734
Assam,BAKSA,2014,Rabi,Pineapple,320,5557,17.365625
Assam,BAKSA,2014,Rabi,Rapeseed &Mustard,10380,5384,0.518689788
Assam,BAKSA,2014,Rabi,Sweet potato,70,475,6.785714286
Assam,BAKSA,2014,Rabi,Urad,1828,1151,0.629649891
Assam,BAKSA,2014,Rabi,Wheat,312,533,1.708333333
Assam,BAKSA,2014,Summer,Paddy,3050,6509,2.134098361
Assam,BAKSA,2014,Summer,Rice,3050,6509,2.134098361
Assam,BAKSA,2014,Whole Year,Banana,1250,20675,16.54
Assam,BAKSA,2014,Whole Year,Onion,210,686,3.266666667
Assam,BAKSA,2014,Whole Year,Potato,4250,23506,5.530823529
Assam,BAKSA,2014,Whole Year,Sugarcane,370,9032,24.41081081
Assam,BAKSA,2014,Whole Year,Turmeric,798,1009,1.264411028
Assam,BAKSA,2014,Winter,Paddy,86070,195027,2.265911467
Assam,BAKSA,2014,Winter,Rice,86070,195027,2.265911467
Assam,BARPETA,1997,Autumn,Rice,83560,43512,0.520727621
Assam,BARPETA,1997,Kharif,Arhar/Tur,292,239,0.818493151
Assam,BARPETA,1997,Kharif,Castor seed,10,5,0.5
Assam,BARPETA,1997,Kharif,Cotton(lint),8,4,0.5
Assam,BARPETA,1997,Kharif,Jute,8120,52544,6.470935961
Assam,BARPETA,1997,Kharif,Maize,46,30,0.652173913
Assam,BARPETA,1997,Kharif,Mesta,100,512,5.12
Assam,BARPETA,1997,Kharif,Small millets,3010,1505,0.5
Assam,BARPETA,1997,Kharif,Sugarcane,225,9250,41.11111111
Assam,BARPETA,1997,Rabi,Gram,255,102,0.4
Assam,BARPETA,1997,Rabi,Linseed,2600,1430,0.55
Assam,BARPETA,1997,Rabi,Other  Rabi pulses,12616,8305,0.658291059
Assam,BARPETA,1997,Rabi,Rapeseed &Mustard,25501,16865,0.661346614
Assam,BARPETA,1997,Rabi,Wheat,12675,15645,1.234319527
Assam,BARPETA,1997,Summer,Rice,8850,12831,1.449830508
Assam,BARPETA,1997,Whole Year,Arecanut,7160,5360,0.748603352
Assam,BARPETA,1997,Whole Year,Coconut,1122,8093,7.213012478
Assam,BARPETA,1997,Whole Year,Dry chillies,1815,1452,0.8
Assam,BARPETA,1997,Whole Year,Niger seed,955,497,0.520418848
Assam,BARPETA,1997,Whole Year,Onion,1245,1868,1.500401606
Assam,BARPETA,1997,Whole Year,Potato,10610,165586,15.60659755
Assam,BARPETA,1997,Whole Year,Sesamum,1420,852,0.6
Assam,BARPETA,1997,Whole Year,Sweet potato,849,2123,2.500588928
Assam,BARPETA,1997,Whole Year,Tapioca,42,210,5
Assam,BARPETA,1997,Whole Year,Turmeric,760,608,0.8
Assam,BARPETA,1997,Winter,Rice,103015,76589,0.743474251
Assam,BARPETA,1998,Autumn,Rice,83355,46436,0.557087157
Assam,BARPETA,1998,Kharif,Arhar/Tur,320,263,0.821875
Assam,BARPETA,1998,Kharif,Castor seed,10,6,0.6
Assam,BARPETA,1998,Kharif,Cotton(lint),8,4,0.5
Assam,BARPETA,1998,Kharif,Jute,8000,56138,7.01725
Assam,BARPETA,1998,Kharif,Maize,49,32,0.653061224
Assam,BARPETA,1998,Kharif,Mesta,97,496,5.113402062
Assam,BARPETA,1998,Kharif,Niger seed,955,497,0.520418848
Assam,BARPETA,1998,Kharif,Sesamum,1420,852,0.6
Assam,BARPETA,1998,Kharif,Small millets,3010,1505,0.5
Assam,BARPETA,1998,Rabi,Gram,255,102,0.4
Assam,BARPETA,1998,Rabi,Linseed,2600,1430,0.55
Assam,BARPETA,1998,Rabi,Other  Rabi pulses,17925,11828,0.65986053
Assam,BARPETA,1998,Rabi,Rapeseed &Mustard,25959,12658,0.487615085
Assam,BARPETA,1998,Rabi,Wheat,13620,13856,1.01732746
Assam,BARPETA,1998,Summer,Rice,16435,32739,1.992029206
Assam,BARPETA,1998,Whole Year,Arecanut,7160,6649,0.928631285
Assam,BARPETA,1998,Whole Year,Banana,5130,77207,15.05009747
Assam,BARPETA,1998,Whole Year,Coconut,1122,8065000,7188.057041
Assam,BARPETA,1998,Whole Year,Dry chillies,1815,1452,0.8
Assam,BARPETA,1998,Whole Year,Onion,1245,1868,1.500401606
Assam,BARPETA,1998,Whole Year,Potato,10990,120458,10.96069154
Assam,BARPETA,1998,Whole Year,Sugarcane,243,9726,40.02469136
Assam,BARPETA,1998,Whole Year,Sweet potato,849,2123,2.500588928
Assam,BARPETA,1998,Whole Year,Tapioca,42,210,5
Assam,BARPETA,1998,Whole Year,Tobacco,47,33,0.70212766
Assam,BARPETA,1998,Whole Year,Turmeric,760,608,0.8
Assam,BARPETA,1998,Winter,Rice,88835,93412,1.051522486
Assam,BARPETA,1999,Autumn,Rice,83830,59762,0.712895145
Assam,BARPETA,1999,Kharif,Arhar/Tur,300,246,0.82
Assam,BARPETA,1999,Kharif,Castor seed,10,6,0.6
Assam,BARPETA,1999,Kharif,Cotton(lint),8,4,0.5
Assam,BARPETA,1999,Kharif,Jute,8000,51600,6.45
Assam,BARPETA,1999,Kharif,Maize,46,30,0.652173913
Assam,BARPETA,1999,Kharif,Mesta,102,521,5.107843137
Assam,BARPETA,1999,Kharif,Niger seed,925,481,0.52
Assam,BARPETA,1999,Kharif,Sesamum,905,543,0.6
Assam,BARPETA,1999,Kharif,Small millets,2575,1288,0.500194175
Assam,BARPETA,1999,Rabi,Gram,229,92,0.401746725
Assam,BARPETA,1999,Rabi,Linseed,2645,1455,0.550094518
Assam,BARPETA,1999,Rabi,Other  Rabi pulses,12642,7399,0.585271318
Assam,BARPETA,1999,Rabi,Rapeseed &Mustard,25850,13599,0.526073501
Assam,BARPETA,1999,Rabi,Wheat,10104,10954,1.084125099
Assam,BARPETA,1999,Summer,Rice,18637,57626,3.092021248
Assam,BARPETA,1999,Whole Year,Arecanut,7170,5801,0.809065551
Assam,BARPETA,1999,Whole Year,Banana,5130,77207,15.05009747
Assam,BARPETA,1999,Whole Year,Coconut,1125,7929000,7048
Assam,BARPETA,1999,Whole Year,Dry chillies,1632,1306,0.800245098
Assam,BARPETA,1999,Whole Year,Onion,800,1200,1.5
Assam,BARPETA,1999,Whole Year,Potato,8920,122678,13.75313901
Assam,BARPETA,1999,Whole Year,Sugarcane,245,9719,39.66938776
Assam,BARPETA,1999,Whole Year,Sweet potato,650,1625,2.5
Assam,BARPETA,1999,Whole Year,Tapioca,42,210,5
Assam,BARPETA,1999,Whole Year,Tobacco,45,32,0.711111111
Assam,BARPETA,1999,Whole Year,Turmeric,765,612,0.8
Assam,BARPETA,1999,Winter,Rice,104375,121735,1.166323353
Assam,BARPETA,2000,Autumn,Rice,73675,60705,0.823956566
Assam,BARPETA,2000,Kharif,Arhar/Tur,280,230,0.821428571
Assam,BARPETA,2000,Kharif,Castor seed,11,6,0.545454545
Assam,BARPETA,2000,Kharif,Cotton(lint),8,4,0.5
Assam,BARPETA,2000,Kharif,Jute,5800,42670,7.356896552
Assam,BARPETA,2000,Kharif,Maize,40,26,0.65
Assam,BARPETA,2000,Kharif,Mesta,103,526,5.106796117
Assam,BARPETA,2000,Kharif,Niger seed,1005,523,0.52039801
Assam,BARPETA,2000,Kharif,Sesamum,860,516,0.6
Assam,BARPETA,2000,Kharif,Small millets,2590,1295,0.5
Assam,BARPETA,2000,Rabi,Gram,211,84,0.398104265
Assam,BARPETA,2000,Rabi,Linseed,2605,1433,0.550095969
Assam,BARPETA,2000,Rabi,Other  Rabi pulses,12137,7811,0.643569251
Assam,BARPETA,2000,Rabi,Rapeseed &Mustard,25865,15146,0.585578968
Assam,BARPETA,2000,Rabi,Wheat,10170,13127,1.290757129
Assam,BARPETA,2000,Summer,Rice,25005,58014,2.320095981
Assam,BARPETA,2000,Whole Year,Arecanut,7160,5895,0.823324022
Assam,BARPETA,2000,Whole Year,Banana,5131,77222,15.0500877
Assam,BARPETA,2000,Whole Year,Coconut,1125,8627000,7668.444444
Assam,BARPETA,2000,Whole Year,Dry chillies,1670,1336,0.8
Assam,BARPETA,2000,Whole Year,Onion,805,1208,1.500621118
Assam,BARPETA,2000,Whole Year,Potato,10675,113940,10.6735363
Assam,BARPETA,2000,Whole Year,Sugarcane,165,6088,36.8969697
Assam,BARPETA,2000,Whole Year,Sweet potato,645,1613,2.500775194
Assam,BARPETA,2000,Whole Year,Tapioca,41,205,5
Assam,BARPETA,2000,Whole Year,Tobacco,25,18,0.72
Assam,BARPETA,2000,Whole Year,Turmeric,960,768,0.8
Assam,BARPETA,2000,Winter,Rice,97175,120609,1.24115256
Assam,BARPETA,2001,Autumn,Rice,56482,40845,0.723150738
Assam,BARPETA,2001,Kharif,Arhar/Tur,327,268,0.819571865
Assam,BARPETA,2001,Kharif,Castor seed,10,6,0.6
Assam,BARPETA,2001,Kharif,Cotton(lint),9,4,0.444444444
Assam,BARPETA,2001,Kharif,Jute,7936,72412,9.124495968
Assam,BARPETA,2001,Kharif,Maize,45,29,0.644444444
Assam,BARPETA,2001,Kharif,Mesta,108,552,5.111111111
Assam,BARPETA,2001,Kharif,Niger seed,964,501,0.519709544
Assam,BARPETA,2001,Kharif,Sesamum,930,558,0.6
Assam,BARPETA,2001,Kharif,Small millets,1330,665,0.5
Assam,BARPETA,2001,Rabi,Gram,219,87,0.397260274
Assam,BARPETA,2001,Rabi,Linseed,2600,1431,0.550384615
Assam,BARPETA,2001,Rabi,Masoor,3015,1508,0.500165837
Assam,BARPETA,2001,Rabi,Moong(Green Gram),1142,548,0.479859895
Assam,BARPETA,2001,Rabi,Other  Rabi pulses,12327,7644,0.620102215
Assam,BARPETA,2001,Rabi,Peas & beans (Pulses),2135,1708,0.8
Assam,BARPETA,2001,Rabi,Rapeseed &Mustard,24045,7862,0.326970264
Assam,BARPETA,2001,Rabi,Urad,4355,2200,0.505166475
Assam,BARPETA,2001,Rabi,Wheat,10169,10477,1.030288131
Assam,BARPETA,2001,Summer,Rice,18510,39355,2.126148028
Assam,BARPETA,2001,Whole Year,Arecanut,6582,5326,0.809176542
Assam,BARPETA,2001,Whole Year,Banana,5134,77267,15.05005843
Assam,BARPETA,2001,Whole Year,Coconut,1130,8218000,7272.566372
Assam,BARPETA,2001,Whole Year,Dry chillies,1680,1344,0.8
Assam,BARPETA,2001,Whole Year,Onion,810,1215,1.5
Assam,BARPETA,2001,Whole Year,Potato,10805,94244,8.722258214
Assam,BARPETA,2001,Whole Year,Sugarcane,226,8414,37.2300885
Assam,BARPETA,2001,Whole Year,Sweet potato,650,1625,2.5
Assam,BARPETA,2001,Whole Year,Tapioca,46,230,5
Assam,BARPETA,2001,Whole Year,Tobacco,42,29,0.69047619
Assam,BARPETA,2001,Whole Year,Turmeric,965,772,0.8
Assam,BARPETA,2001,Winter,Rice,97500,119034,1.220861538
Assam,BARPETA,2002,Autumn,Rice,63725,38265,0.600470773
Assam,BARPETA,2002,Kharif,Arhar/Tur,317,260,0.820189274
Assam,BARPETA,2002,Kharif,Castor seed,10,6,0.6
Assam,BARPETA,2002,Kharif,Cotton(lint),7,3,0.428571429
Assam,BARPETA,2002,Kharif,Jute,7960,70985,8.917713568
Assam,BARPETA,2002,Kharif,Maize,45,29,0.644444444
Assam,BARPETA,2002,Kharif,Mesta,247,1262,5.109311741
Assam,BARPETA,2002,Kharif,Niger seed,1121,583,0.520071365
Assam,BARPETA,2002,Kharif,Sesamum,880,528,0.6
Assam,BARPETA,2002,Kharif,Small millets,1330,665,0.5
Assam,BARPETA,2002,Rabi,Gram,220,88,0.4
Assam,BARPETA,2002,Rabi,Linseed,2655,1461,0.550282486
Assam,BARPETA,2002,Rabi,Masoor,3005,1503,0.500166389
Assam,BARPETA,2002,Rabi,Moong(Green Gram),1067,512,0.479850047
Assam,BARPETA,2002,Rabi,Other  Rabi pulses,12087,7545,0.624224373
Assam,BARPETA,2002,Rabi,Peas & beans (Pulses),2105,1684,0.8
Assam,BARPETA,2002,Rabi,Rapeseed &Mustard,24040,12861,0.534983361
Assam,BARPETA,2002,Rabi,Urad,4225,2161,0.51147929
Assam,BARPETA,2002,Rabi,Wheat,9520,8825,0.926995798
Assam,BARPETA,2002,Summer,Rice,16000,35031,2.1894375
Assam,BARPETA,2002,Whole Year,Arecanut,6577,4671,0.71020222
Assam,BARPETA,2002,Whole Year,Banana,3170,47709,15.05015773
Assam,BARPETA,2002,Whole Year,Coconut,957,4997000,5221.525601
Assam,BARPETA,2002,Whole Year,Dry chillies,1705,1364,0.8
Assam,BARPETA,2002,Whole Year,Onion,820,1231,1.501219512
Assam,BARPETA,2002,Whole Year,Orange,124,1197,9.653225806
Assam,BARPETA,2002,Whole Year,Papaya,310,6046,19.50322581
Assam,BARPETA,2002,Whole Year,Pineapple,310,4989,16.09354839
Assam,BARPETA,2002,Whole Year,Potato,8750,73993,8.456342857
Assam,BARPETA,2002,Whole Year,Sugarcane,205,7467,36.42439024
Assam,BARPETA,2002,Whole Year,Sweet potato,650,1625,2.5
Assam,BARPETA,2002,Whole Year,Tapioca,86,430,5
Assam,BARPETA,2002,Whole Year,Tobacco,28,20,0.714285714
Assam,BARPETA,2002,Whole Year,Turmeric,1027,822,0.800389484
Assam,BARPETA,2002,Winter,Rice,99500,111714,1.122753769
Assam,BARPETA,2003,Autumn,Rice,58500,41992,0.717811966
Assam,BARPETA,2003,Kharif,Arhar/Tur,277,227,0.819494585
Assam,BARPETA,2003,Kharif,Castor seed,11,6,0.545454545
Assam,BARPETA,2003,Kharif,Cotton(lint),8,3,0.375
Assam,BARPETA,2003,Kharif,Jute,7775,77543,9.973376206
Assam,BARPETA,2003,Kharif,Maize,45,29,0.644444444
Assam,BARPETA,2003,Kharif,Mesta,550,2812,5.112727273
Assam,BARPETA,2003,Kharif,Niger seed,1121,583,0.520071365
Assam,BARPETA,2003,Kharif,Sesamum,1028,617,0.600194553
Assam,BARPETA,2003,Kharif,Small millets,1330,665,0.5
Assam,BARPETA,2003,Rabi,Gram,222,98,0.441441441
Assam,BARPETA,2003,Rabi,Linseed,2832,1558,0.550141243
Assam,BARPETA,2003,Rabi,Masoor,3070,1535,0.5
Assam,BARPETA,2003,Rabi,Moong(Green Gram),1070,514,0.480373832
Assam,BARPETA,2003,Rabi,other misc. pulses,1785,1785,1
Assam,BARPETA,2003,Rabi,Peas & beans (Pulses),2135,1708,0.8
Assam,BARPETA,2003,Rabi,Rapeseed &Mustard,28740,17948,0.624495477
Assam,BARPETA,2003,Rabi,Urad,4380,2321,0.529908676
Assam,BARPETA,2003,Rabi,Wheat,10125,9267,0.915259259
Assam,BARPETA,2003,Summer,Rice,17400,37888,2.177471264
Assam,BARPETA,2003,Whole Year,Arecanut,6610,7728,1.16913767
Assam,BARPETA,2003,Whole Year,Banana,3205,48235,15.049922
Assam,BARPETA,2003,Whole Year,Coconut,951,6010000,6319.663512
Assam,BARPETA,2003,Whole Year,Dry chillies,1708,1366,0.799765808
Assam,BARPETA,2003,Whole Year,Onion,830,1246,1.501204819
Assam,BARPETA,2003,Whole Year,Orange,124,1219,9.830645161
Assam,BARPETA,2003,Whole Year,Papaya,273,5324,19.5018315
Assam,BARPETA,2003,Whole Year,Pineapple,334,5423,16.23652695
Assam,BARPETA,2003,Whole Year,Potato,9520,83065,8.725315126
Assam,BARPETA,2003,Whole Year,Sugarcane,208,8026,38.58653846
Assam,BARPETA,2003,Whole Year,Sweet potato,670,1675,2.5
Assam,BARPETA,2003,Whole Year,Tapioca,56,280,5
Assam,BARPETA,2003,Whole Year,Tobacco,31,22,0.709677419
Assam,BARPETA,2003,Whole Year,Turmeric,1089,871,0.799816345
Assam,BARPETA,2003,Winter,Rice,99750,128640,1.28962406
Assam,BARPETA,2004,Autumn,Rice,60760,7597,0.125032916
Assam,BARPETA,2004,Kharif,Arhar/Tur,209,172,0.822966507
Assam,BARPETA,2004,Kharif,Castor seed,11,6,0.545454545
Assam,BARPETA,2004,Kharif,Cotton(lint),6,3,0.5
Assam,BARPETA,2004,Kharif,Jute,7580,5615,0.740765172
Assam,BARPETA,2004,Kharif,Mesta,500,2556,5.112
Assam,BARPETA,2004,Kharif,Niger seed,946,492,0.520084567
Assam,BARPETA,2004,Kharif,Sesamum,1005,603,0.6
Assam,BARPETA,2004,Kharif,Small millets,1320,660,0.5
Assam,BARPETA,2004,Rabi,Gram,212,88,0.41509434
Assam,BARPETA,2004,Rabi,Linseed,2780,1530,0.550359712
Assam,BARPETA,2004,Rabi,Masoor,3015,1508,0.500165837
Assam,BARPETA,2004,Rabi,Moong(Green Gram),820,394,0.480487805
Assam,BARPETA,2004,Rabi,Other  Rabi pulses,11490,7424,0.646127067
Assam,BARPETA,2004,Rabi,Peas & beans (Pulses),2110,1688,0.8
Assam,BARPETA,2004,Rabi,Rapeseed &Mustard,20740,11522,0.555544841
Assam,BARPETA,2004,Rabi,Urad,4195,2484,0.592133492
Assam,BARPETA,2004,Rabi,Wheat,10305,11773,1.142455119
Assam,BARPETA,2004,Summer,Rice,19645,33526,1.706592008
Assam,BARPETA,2004,Whole Year,Coconut,982,4264000,4342.158859
Assam,BARPETA,2004,Whole Year,Dry chillies,1760,1408,0.8
Assam,BARPETA,2004,Whole Year,Onion,805,1208,1.500621118
Assam,BARPETA,2004,Whole Year,Potato,8640,76249,8.825115741
Assam,BARPETA,2004,Whole Year,Sugarcane,218,8048,36.91743119
Assam,BARPETA,2004,Whole Year,Sweet potato,590,1475,2.5
Assam,BARPETA,2004,Whole Year,Tobacco,16,11,0.6875
Assam,BARPETA,2004,Whole Year,Turmeric,1091,873,0.800183318
Assam,BARPETA,2004,Winter,Rice,62225,74492,1.197139413
Assam,BARPETA,2005,Autumn,Rice,51500,39916,0.775067961
Assam,BARPETA,2005,Kharif,Arhar/Tur,160,99,0.61875
Assam,BARPETA,2005,Kharif,Castor seed,16,9,0.5625
Assam,BARPETA,2005,Kharif,Cotton(lint),5,2,0.4
Assam,BARPETA,2005,Kharif,Jute,7006,65703,9.378104482
Assam,BARPETA,2005,Kharif,Maize,38,25,0.657894737
Assam,BARPETA,2005,Kharif,Mesta,479,2448,5.110647182
Assam,BARPETA,2005,Kharif,Niger seed,555,288,0.518918919
Assam,BARPETA,2005,Kharif,Sesamum,801,481,0.600499376
Assam,BARPETA,2005,Kharif,Small millets,809,405,0.500618047
Assam,BARPETA,2005,Rabi,Gram,153,64,0.418300654
Assam,BARPETA,2005,Rabi,Linseed,2034,1119,0.550147493
Assam,BARPETA,2005,Rabi,Masoor,2479,1240,0.500201694
Assam,BARPETA,2005,Rabi,Moong(Green Gram),692,333,0.481213873
Assam,BARPETA,2005,Rabi,Other  Rabi pulses,9220,5779,0.626789588
Assam,BARPETA,2005,Rabi,Peas & beans (Pulses),1891,1513,0.800105764
Assam,BARPETA,2005,Rabi,Rapeseed &Mustard,14768,4279,0.289748104
Assam,BARPETA,2005,Rabi,Urad,3171,1737,0.547776727
Assam,BARPETA,2005,Rabi,Wheat,6051,6264,1.035200793
Assam,BARPETA,2005,Summer,Rice,13897,20379,1.466431604
Assam,BARPETA,2005,Whole Year,Arecanut,6610,7577,1.146293495
Assam,BARPETA,2005,Whole Year,Banana,2417,36376,15.05006206
Assam,BARPETA,2005,Whole Year,Dry chillies,1301,1041,0.800153728
Assam,BARPETA,2005,Whole Year,Onion,586,879,1.5
Assam,BARPETA,2005,Whole Year,Potato,5192,21463,4.133859784
Assam,BARPETA,2005,Whole Year,Sugarcane,315,11715,37.19047619
Assam,BARPETA,2005,Whole Year,Sweet potato,335,838,2.501492537
Assam,BARPETA,2005,Whole Year,Tapioca,33,165,5
Assam,BARPETA,2005,Whole Year,Tobacco,21,15,0.714285714
Assam,BARPETA,2005,Whole Year,Turmeric,893,715,0.800671892
Assam,BARPETA,2005,Winter,Rice,52755,75339,1.428092124
Assam,BARPETA,2006,Autumn,Rice,46504,29973,0.644525202
Assam,BARPETA,2006,Kharif,Arhar/Tur,181,136,0.751381215
Assam,BARPETA,2006,Kharif,Castor seed,15,8,0.533333333
Assam,BARPETA,2006,Kharif,Cotton(lint),7,3,0.428571429
Assam,BARPETA,2006,Kharif,Jute,6294,63576,10.10104862
Assam,BARPETA,2006,Kharif,Maize,42,27,0.642857143
Assam,BARPETA,2006,Kharif,Mesta,416,2126,5.110576923
Assam,BARPETA,2006,Kharif,Niger seed,837,435,0.519713262
Assam,BARPETA,2006,Kharif,Sesamum,797,478,0.599749059
Assam,BARPETA,2006,Kharif,Small millets,863,432,0.500579374
Assam,BARPETA,2006,Rabi,Gram,165,70,0.424242424
Assam,BARPETA,2006,Rabi,Linseed,2033,1118,0.549926217
Assam,BARPETA,2006,Rabi,Masoor,2613,1307,0.500191351
Assam,BARPETA,2006,Rabi,Moong(Green Gram),841,403,0.479191439
Assam,BARPETA,2006,Rabi,Other  Rabi pulses,1312,1312,1
Assam,BARPETA,2006,Rabi,Peas & beans (Pulses),1965,1572,0.8
Assam,BARPETA,2006,Rabi,Rapeseed &Mustard,18508,8561,0.462556732
Assam,BARPETA,2006,Rabi,Urad,3569,1941,0.543849818
Assam,BARPETA,2006,Rabi,Wheat,8788,9497,1.080678198
Assam,BARPETA,2006,Summer,Rice,15213,32963,2.166765267
Assam,BARPETA,2006,Whole Year,Arecanut,3740,2420,0.647058824
Assam,BARPETA,2006,Whole Year,Banana,2451,36888,15.0501836
Assam,BARPETA,2006,Whole Year,Coconut,609,4350000,7142.857143
Assam,BARPETA,2006,Whole Year,Dry chillies,1445,1156,0.8
Assam,BARPETA,2006,Whole Year,Onion,395,593,1.501265823
Assam,BARPETA,2006,Whole Year,Potato,7256,37566,5.177232635
Assam,BARPETA,2006,Whole Year,Sugarcane,324,12842,39.63580247
Assam,BARPETA,2006,Whole Year,Sweet potato,626,1565,2.5
Assam,BARPETA,2006,Whole Year,Tapioca,28,140,5
Assam,BARPETA,2006,Whole Year,Tobacco,19,13,0.684210526
Assam,BARPETA,2006,Whole Year,Turmeric,815,652,0.8
Assam,BARPETA,2006,Winter,Rice,50173,51355,1.023558488
Assam,BARPETA,2007,Autumn,Rice,33564,18202,0.542307234
Assam,BARPETA,2007,Kharif,Arhar/Tur,169,124,0.733727811
Assam,BARPETA,2007,Kharif,Castor seed,17,10,0.588235294
Assam,BARPETA,2007,Kharif,Cotton(lint),6,2,0.333333333
Assam,BARPETA,2007,Kharif,Jute,3774,39205,10.3881823
Assam,BARPETA,2007,Kharif,Maize,46,29,0.630434783
Assam,BARPETA,2007,Kharif,Mesta,566,2893,5.11130742
Assam,BARPETA,2007,Kharif,Niger seed,825,429,0.52
Assam,BARPETA,2007,Kharif,Sesamum,805,483,0.6
Assam,BARPETA,2007,Kharif,Small millets,892,446,0.5
Assam,BARPETA,2007,Rabi,Gram,165,69,0.418181818
Assam,BARPETA,2007,Rabi,Linseed,2034,1118,0.549655851
Assam,BARPETA,2007,Rabi,Masoor,2798,1400,0.500357398
Assam,BARPETA,2007,Rabi,Moong(Green Gram),855,411,0.480701754
Assam,BARPETA,2007,Rabi,Other  Rabi pulses,1331,1331,1
Assam,BARPETA,2007,Rabi,Peas & beans (Pulses),1965,1572,0.8
Assam,BARPETA,2007,Rabi,Rapeseed &Mustard,18766,9931,0.529201748
Assam,BARPETA,2007,Rabi,Urad,3672,2954,0.804466231
Assam,BARPETA,2007,Rabi,Wheat,7356,9480,1.288743883
Assam,BARPETA,2007,Summer,Rice,16829,37462,2.226038386
Assam,BARPETA,2007,Whole Year,Arecanut,3756,2862,0.761980831
Assam,BARPETA,2007,Whole Year,Banana,2300,34615,15.05
Assam,BARPETA,2007,Whole Year,Black pepper,52,73,1.403846154
Assam,BARPETA,2007,Whole Year,Coconut,1554,12058000,7759.330759
Assam,BARPETA,2007,Whole Year,Dry chillies,1497,1197,0.799599198
Assam,BARPETA,2007,Whole Year,Dry ginger,668,4355,6.519461078
Assam,BARPETA,2007,Whole Year,Onion,399,598,1.498746867
Assam,BARPETA,2007,Whole Year,Potato,6715,63012,9.383767684
Assam,BARPETA,2007,Whole Year,Sugarcane,337,12832,38.07715134
Assam,BARPETA,2007,Whole Year,Sweet potato,630,1575,2.5
Assam,BARPETA,2007,Whole Year,Tapioca,21,105,5
Assam,BARPETA,2007,Whole Year,Tobacco,19,13,0.684210526
Assam,BARPETA,2007,Whole Year,Turmeric,837,670,0.800477897
Assam,BARPETA,2007,Winter,Rice,53821,63911,1.187473291
Assam,BARPETA,2008,Autumn,Rice,48880,43134,0.882446809
Assam,BARPETA,2008,Kharif,Arhar/Tur,358,252,0.703910615
Assam,BARPETA,2008,Kharif,Castor seed,44,26,0.590909091
Assam,BARPETA,2008,Kharif,Cotton(lint),6,3,0.5
Assam,BARPETA,2008,Kharif,Jute,5667,46004,8.117875419
Assam,BARPETA,2008,Kharif,Maize,64,41,0.640625
Assam,BARPETA,2008,Kharif,Mesta,418,2136,5.110047847
Assam,BARPETA,2008,Kharif,Niger seed,769,400,0.520156047
Assam,BARPETA,2008,Kharif,Sesamum,939,562,0.598509052
Assam,BARPETA,2008,Kharif,Small millets,674,349,0.517804154
Assam,BARPETA,2008,Rabi,Blackgram,4391,2491,0.567296743
Assam,BARPETA,2008,Rabi,Gram,123,52,0.422764228
Assam,BARPETA,2008,Rabi,Linseed,1921,1057,0.550234253
Assam,BARPETA,2008,Rabi,Masoor,3981,1991,0.500125597
Assam,BARPETA,2008,Rabi,Moong(Green Gram),418,196,0.468899522
Assam,BARPETA,2008,Rabi,Peas & beans (Pulses),1382,1105,0.799565847
Assam,BARPETA,2008,Rabi,Rapeseed &Mustard,12607,7265,0.576267153
Assam,BARPETA,2008,Rabi,Urad,4391,2491,0.567296743
Assam,BARPETA,2008,Rabi,Wheat,6249,5226,0.836293807
Assam,BARPETA,2008,Summer,Rice,42937,85624,1.994177516
Assam,BARPETA,2008,Whole Year,Arecanut,3015,2210,0.733001658
Assam,BARPETA,2008,Whole Year,Banana,2210,33040,14.95022624
Assam,BARPETA,2008,Whole Year,Black pepper,30,42,1.4
Assam,BARPETA,2008,Whole Year,Coconut,1154,10949000,9487.868284
Assam,BARPETA,2008,Whole Year,Dry chillies,2428,1942,0.799835255
Assam,BARPETA,2008,Whole Year,Dry ginger,443,2888,6.519187359
Assam,BARPETA,2008,Whole Year,Onion,693,1040,1.500721501
Assam,BARPETA,2008,Whole Year,Potato,6689,54260,8.111825385
Assam,BARPETA,2008,Whole Year,Sugarcane,280,10748,38.38571429
Assam,BARPETA,2008,Whole Year,Sweet potato,436,1090,2.5
Assam,BARPETA,2008,Whole Year,Tapioca,81,405,5
Assam,BARPETA,2008,Whole Year,Tobacco,32,22,0.6875
Assam,BARPETA,2008,Whole Year,Turmeric,1453,1163,0.800412939
Assam,BARPETA,2008,Winter,Rice,72524,92763,1.27906624
Assam,BARPETA,2009,Autumn,Rice,50063,40476,0.808501288
Assam,BARPETA,2009,Kharif,Arhar/Tur,398,291,0.731155779
Assam,BARPETA,2009,Kharif,Castor seed,54,31,0.574074074
Assam,BARPETA,2009,Kharif,Cotton(lint),68,30,0.441176471
Assam,BARPETA,2009,Kharif,Jute,7182,61035,8.498329156
Assam,BARPETA,2009,Kharif,Maize,331,216,0.652567976
Assam,BARPETA,2009,Kharif,Mesta,402,2055,5.111940299
Assam,BARPETA,2009,Kharif,Niger seed,1409,733,0.520227111
Assam,BARPETA,2009,Kharif,Sesamum,781,469,0.600512164
Assam,BARPETA,2009,Kharif,Small millets,681,344,0.505139501
Assam,BARPETA,2009,Rabi,Banana,2329,34975,15.01717475
Assam,BARPETA,2009,Rabi,Gram,107,45,0.420560748
Assam,BARPETA,2009,Rabi,Linseed,1924,1058,0.54989605
Assam,BARPETA,2009,Rabi,Masoor,4308,2155,0.500232126
Assam,BARPETA,2009,Rabi,Moong(Green Gram),740,353,0.477027027
Assam,BARPETA,2009,Rabi,Peas & beans (Pulses),1404,1124,0.800569801
Assam,BARPETA,2009,Rabi,Rapeseed &Mustard,14241,7359,0.516747419
Assam,BARPETA,2009,Rabi,Urad,4739,2866,0.604768939
Assam,BARPETA,2009,Rabi,Wheat,7400,6216,0.84
Assam,BARPETA,2009,Summer,Rice,48309,121935,2.524063839
Assam,BARPETA,2009,Whole Year,Arecanut,3373,2307,0.683960866
Assam,BARPETA,2009,Whole Year,Banana,2329,34975,15.01717475
Assam,BARPETA,2009,Whole Year,Black pepper,39,55,1.41025641
Assam,BARPETA,2009,Whole Year,Coconut,1924,16993000,8832.120582
Assam,BARPETA,2009,Whole Year,Dry chillies,2776,2221,0.800072046
Assam,BARPETA,2009,Whole Year,Dry ginger,518,3378,6.521235521
Assam,BARPETA,2009,Whole Year,Onion,1145,1718,1.500436681
Assam,BARPETA,2009,Whole Year,Potato,6127,40179,6.557695446
Assam,BARPETA,2009,Whole Year,Sugarcane,325,12710,39.10769231
Assam,BARPETA,2009,Whole Year,Sweet potato,656,1640,2.5
Assam,BARPETA,2009,Whole Year,Tapioca,13,65,5
Assam,BARPETA,2009,Whole Year,Tobacco,95,67,0.705263158
Assam,BARPETA,2009,Whole Year,Turmeric,1026,821,0.800194932
Assam,BARPETA,2009,Winter,Rice,73690,104134,1.413136111
Assam,BARPETA,2010,Autumn,Rice,39756,33805,0.850311903
Assam,BARPETA,2010,Kharif,Arhar/Tur,434,312,0.718894009
Assam,BARPETA,2010,Kharif,Castor seed,34,20,0.588235294
Assam,BARPETA,2010,Kharif,Cotton(lint),9,4,0.444444444
Assam,BARPETA,2010,Kharif,Jute,6469,50524,7.810171588
Assam,BARPETA,2010,Kharif,Maize,76,49,0.644736842
Assam,BARPETA,2010,Kharif,Mesta,231,1181,5.112554113
Assam,BARPETA,2010,Kharif,Niger seed,1757,914,0.520204895
Assam,BARPETA,2010,Kharif,Sesamum,831,499,0.600481348
Assam,BARPETA,2010,Kharif,Small millets,667,338,0.506746627
Assam,BARPETA,2010,Rabi,Arecanut,3373,2307,0.683960866
Assam,BARPETA,2010,Rabi,Banana,1979,29697,15.00606367
Assam,BARPETA,2010,Rabi,Gram,90,38,0.422222222
Assam,BARPETA,2010,Rabi,Linseed,1872,1029,0.549679487
Assam,BARPETA,2010,Rabi,Masoor,4646,2328,0.501076195
Assam,BARPETA,2010,Rabi,Moong(Green Gram),393,188,0.478371501
Assam,BARPETA,2010,Rabi,Peas & beans (Pulses),1585,1268,0.8
Assam,BARPETA,2010,Rabi,Rapeseed &Mustard,16740,7385,0.441158901
Assam,BARPETA,2010,Rabi,Urad,5262,3076,0.584568605
Assam,BARPETA,2010,Rabi,Wheat,6654,10038,1.508566276
Assam,BARPETA,2010,Summer,Rice,51581,131465,2.548709796
Assam,BARPETA,2010,Whole Year,Banana,1979,29697,15.00606367
Assam,BARPETA,2010,Whole Year,Black pepper,58,81,1.396551724
Assam,BARPETA,2010,Whole Year,Coconut,1924,16993000,8832.120582
Assam,BARPETA,2010,Whole Year,Dry chillies,3021,2416,0.799735187
Assam,BARPETA,2010,Whole Year,Dry ginger,734,4786,6.520435967
Assam,BARPETA,2010,Whole Year,Onion,1277,1916,1.500391543
Assam,BARPETA,2010,Whole Year,Potato,7381,67994,9.21203089
Assam,BARPETA,2010,Whole Year,Sugarcane,356,12885,36.19382022
Assam,BARPETA,2010,Whole Year,Sweet potato,644,1611,2.501552795
Assam,BARPETA,2010,Whole Year,Tapioca,406,2030,5
Assam,BARPETA,2010,Whole Year,Tobacco,37,24,0.648648649
Assam,BARPETA,2010,Whole Year,Turmeric,1210,968,0.8
Assam,BARPETA,2010,Winter,Rice,74406,148961,2.002002527
Assam,BARPETA,2011,Autumn,Paddy,27987,13767,0.491906957
Assam,BARPETA,2011,Autumn,Rice,27987,13767,0.491906957
Assam,BARPETA,2011,Kharif,Arhar/Tur,301,253,0.840531561
Assam,BARPETA,2011,Kharif,Castor seed,14,10,0.714285714
Assam,BARPETA,2011,Kharif,Cotton(lint),5,2,0.4
Assam,BARPETA,2011,Kharif,Jute,6151,61441,9.988782312
Assam,BARPETA,2011,Kharif,Maize,58,44,0.75862069
Assam,BARPETA,2011,Kharif,Mesta,242,1945,8.037190083
Assam,BARPETA,2011,Kharif,Niger seed,1757,910,0.517928287
Assam,BARPETA,2011,Kharif,Orange,46,454,9.869565217
Assam,BARPETA,2011,Kharif,Papaya,488,11334,23.22540984
Assam,BARPETA,2011,Kharif,Sesamum,799,586,0.733416771
Assam,BARPETA,2011,Kharif,Small millets,658,357,0.542553191
Assam,BARPETA,2011,Kharif,Tapioca,28,230,8.214285714
Assam,BARPETA,2011,Kharif,Tobacco,32,19,0.59375
Assam,BARPETA,2011,Rabi,Arecanut,3351,3502,1.045061176
Assam,BARPETA,2011,Rabi,Black pepper,46,64,1.391304348
Assam,BARPETA,2011,Rabi,Dry chillies,3006,1975,0.657019295
Assam,BARPETA,2011,Rabi,Ginger,725,4813,6.63862069
Assam,BARPETA,2011,Rabi,Gram,114,50,0.438596491
Assam,BARPETA,2011,Rabi,Linseed,1888,1149,0.608580508
Assam,BARPETA,2011,Rabi,Masoor,4970,2494,0.501810865
Assam,BARPETA,2011,Rabi,Moong(Green Gram),374,202,0.540106952
Assam,BARPETA,2011,Rabi,Peas & beans (Pulses),1521,1260,0.828402367
Assam,BARPETA,2011,Rabi,Pineapple,236,3915,16.58898305
Assam,BARPETA,2011,Rabi,Rapeseed &Mustard,16500,10794,0.654181818
Assam,BARPETA,2011,Rabi,Sweet potato,653,1681,2.574272588
Assam,BARPETA,2011,Rabi,Urad,5438,2248,0.413387275
Assam,BARPETA,2011,Rabi,Wheat,6924,7634,1.102541883
Assam,BARPETA,2011,Summer,Paddy,51708,174318,3.371199814
Assam,BARPETA,2011,Summer,Rice,51708,174318,3.371199814
Assam,BARPETA,2011,Whole Year,Banana,2469,38079,15.42284326
Assam,BARPETA,2011,Whole Year,Coconut,1941,31488,16.22256569
Assam,BARPETA,2011,Whole Year,Onion,1284,4032,3.140186916
Assam,BARPETA,2011,Whole Year,Potato,8049,63643,7.906944962
Assam,BARPETA,2011,Whole Year,Sugarcane,380,14081,37.05526316
Assam,BARPETA,2011,Whole Year,Turmeric,1208,1003,0.830298013
Assam,BARPETA,2011,Winter,Paddy,78281,110441,1.410827659
Assam,BARPETA,2011,Winter,Rice,78281,110441,1.410827659
Assam,BARPETA,2012,Autumn,Paddy,6346,1075,0.169398046
Assam,BARPETA,2012,Autumn,Rice,6346,1075,0.169398046
Assam,BARPETA,2012,Kharif,Arhar/Tur,273,220,0.805860806
Assam,BARPETA,2012,Kharif,Castor seed,14,11,0.785714286
Assam,BARPETA,2012,Kharif,Cotton(lint),8,4,0.5
Assam,BARPETA,2012,Kharif,Jute,1294,5823,4.5
Assam,BARPETA,2012,Kharif,Maize,63,55,0.873015873
Assam,BARPETA,2012,Kharif,Mesta,70,382,5.457142857
Assam,BARPETA,2012,Kharif,Niger seed,1765,944,0.534844193
Assam,BARPETA,2012,Kharif,Orange,48,480,10
Assam,BARPETA,2012,Kharif,Papaya,435,10539,24.22758621
Assam,BARPETA,2012,Kharif,Sesamum,796,621,0.780150754
Assam,BARPETA,2012,Kharif,Small millets,572,296,0.517482517
Assam,BARPETA,2012,Kharif,Tapioca,22,183,8.318181818
Assam,BARPETA,2012,Kharif,Tobacco,13,9,0.692307692
Assam,BARPETA,2012,Rabi,Arecanut,3365,3781,1.123625557
Assam,BARPETA,2012,Rabi,Black pepper,46,70,1.52173913
Assam,BARPETA,2012,Rabi,Dry chillies,2975,2696,0.906218487
Assam,BARPETA,2012,Rabi,Ginger,687,5259,7.655021834
Assam,BARPETA,2012,Rabi,Gram,99,47,0.474747475
Assam,BARPETA,2012,Rabi,Linseed,1827,1199,0.656267105
Assam,BARPETA,2012,Rabi,Masoor,4905,2697,0.549847095
Assam,BARPETA,2012,Rabi,Moong(Green Gram),402,242,0.60199005
Assam,BARPETA,2012,Rabi,Peas & beans (Pulses),1565,1330,0.849840256
Assam,BARPETA,2012,Rabi,Pineapple,140,2373,16.95
Assam,BARPETA,2012,Rabi,Rapeseed &Mustard,18005,14813,0.822715912
Assam,BARPETA,2012,Rabi,Sweet potato,626,2235,3.57028754
Assam,BARPETA,2012,Rabi,Urad,5424,3387,0.624446903
Assam,BARPETA,2012,Rabi,Wheat,6318,8969,1.419594808
Assam,BARPETA,2012,Summer,Rice,52921,163375,3.087148769
Assam,BARPETA,2012,Whole Year,Banana,2280,35650,15.63596491
Assam,BARPETA,2012,Whole Year,Coconut,1945,8409,4.323393316
Assam,BARPETA,2012,Whole Year,Onion,1258,6748,5.364069952
Assam,BARPETA,2012,Whole Year,Potato,7885,84080,10.66328472
Assam,BARPETA,2012,Whole Year,Sugarcane,342,12179,35.61111111
Assam,BARPETA,2012,Whole Year,Turmeric,1071,937,0.874883287
Assam,BARPETA,2012,Winter,Paddy,66597,107022,1.607009325
Assam,BARPETA,2012,Winter,Rice,66597,107022,1.607009325
Assam,BARPETA,2013,Autumn,Paddy,19191,16796,0.875201918
Assam,BARPETA,2013,Autumn,Rice,19191,16796,0.875201918
Assam,BARPETA,2013,Kharif,Arhar/Tur,213,180,0.845070423
Assam,BARPETA,2013,Kharif,Castor seed,14,9,0.642857143
Assam,BARPETA,2013,Kharif,Cotton(lint),8,4,0.5
Assam,BARPETA,2013,Kharif,Jute,5829,50564,8.674558243
Assam,BARPETA,2013,Kharif,Maize,67,123,1.835820896
Assam,BARPETA,2013,Kharif,Mesta,169,1356,8.023668639
Assam,BARPETA,2013,Kharif,Niger seed,1678,849,0.505959476
Assam,BARPETA,2013,Kharif,Orange,49,490,10
Assam,BARPETA,2013,Kharif,Papaya,448,10854,24.22767857
Assam,BARPETA,2013,Kharif,Sesamum,771,554,0.718547341
Assam,BARPETA,2013,Kharif,Small millets,515,271,0.526213592
Assam,BARPETA,2013,Kharif,Tapioca,19,158,8.315789474
Assam,BARPETA,2013,Kharif,Tobacco,9,7,0.777777778
Assam,BARPETA,2013,Rabi,Arecanut,3321,2036,0.613068353
Assam,BARPETA,2013,Rabi,Black pepper,47,72,1.531914894
Assam,BARPETA,2013,Rabi,Dry chillies,2938,3693,1.256977536
Assam,BARPETA,2013,Rabi,Ginger,667,5106,7.655172414
Assam,BARPETA,2013,Rabi,Gram,83,39,0.469879518
Assam,BARPETA,2013,Rabi,Linseed,1688,1007,0.596563981
Assam,BARPETA,2013,Rabi,Masoor,4963,2461,0.495869434
Assam,BARPETA,2013,Rabi,Moong(Green Gram),378,197,0.521164021
Assam,BARPETA,2013,Rabi,Peas & beans (Pulses),1435,1222,0.851567944
Assam,BARPETA,2013,Rabi,Pineapple,153,2593,16.94771242
Assam,BARPETA,2013,Rabi,Rapeseed &Mustard,18601,10054,0.540508575
Assam,BARPETA,2013,Rabi,Sweet potato,579,2067,3.569948187
Assam,BARPETA,2013,Rabi,Urad,5333,2732,0.512282018
Assam,BARPETA,2013,Rabi,Wheat,5888,8731,1.482846467
Assam,BARPETA,2013,Summer,Paddy,47877,158072,3.301627086
Assam,BARPETA,2013,Summer,Rice,47877,158072,3.301627086
Assam,BARPETA,2013,Whole Year,Banana,2395,37448,15.63590814
Assam,BARPETA,2013,Whole Year,Coconut,1930,24996,12.95129534
Assam,BARPETA,2013,Whole Year,Onion,1249,7499,6.004003203
Assam,BARPETA,2013,Whole Year,Potato,8117,65353,8.05137366
Assam,BARPETA,2013,Whole Year,Sugarcane,364,13457,36.96978022
Assam,BARPETA,2013,Whole Year,Turmeric,1072,939,0.875932836
Assam,BARPETA,2013,Winter,Paddy,67630,123146,1.820878308
Assam,BARPETA,2013,Winter,Rice,67630,123146,1.820878308
Assam,BARPETA,2014,Autumn,Paddy,17551,18634,1.061705886
Assam,BARPETA,2014,Autumn,Rice,17551,18634,1.061705886
Assam,BARPETA,2014,Kharif,Arhar/Tur,231,212,0.917748918
Assam,BARPETA,2014,Kharif,Castor seed,13,10,0.769230769
Assam,BARPETA,2014,Kharif,Cotton(lint),5,3,0.6
Assam,BARPETA,2014,Kharif,Jute,6725,69594,10.34855019
Assam,BARPETA,2014,Kharif,Maize,70,221,3.157142857
Assam,BARPETA,2014,Kharif,Mesta,174,984,5.655172414
Assam,BARPETA,2014,Kharif,Niger seed,1620,820,0.50617284
Assam,BARPETA,2014,Kharif,Orange,53,530,10
Assam,BARPETA,2014,Kharif,Papaya,454,10999,24.22687225
Assam,BARPETA,2014,Kharif,Sesamum,766,642,0.838120104
Assam,BARPETA,2014,Kharif,Small millets,514,332,0.645914397
Assam,BARPETA,2014,Kharif,Tapioca,20,169,8.45
Assam,BARPETA,2014,Kharif,Tobacco,5,4,0.8
Assam,BARPETA,2014,Rabi,Black pepper,43,65,1.511627907
Assam,BARPETA,2014,Rabi,Dry chillies,2941,3706,1.260115607
Assam,BARPETA,2014,Rabi,Ginger,678,5197,7.66519174
Assam,BARPETA,2014,Rabi,Gram,83,51,0.614457831
Assam,BARPETA,2014,Rabi,Linseed,1665,1278,0.767567568
Assam,BARPETA,2014,Rabi,Masoor,4965,3615,0.728096677
Assam,BARPETA,2014,Rabi,Moong(Green Gram),385,256,0.664935065
Assam,BARPETA,2014,Rabi,Peas & beans (Pulses),1427,1647,1.154169587
Assam,BARPETA,2014,Rabi,Pineapple,140,2373,16.95
Assam,BARPETA,2014,Rabi,Rapeseed &Mustard,18263,9865,0.540163171
Assam,BARPETA,2014,Rabi,Sweet potato,570,2040,3.578947368
Assam,BARPETA,2014,Rabi,Urad,5412,3969,0.733370288
Assam,BARPETA,2014,Rabi,Wheat,5535,6533,1.180307136
Assam,BARPETA,2014,Summer,Paddy,49261,141830,2.879153895
Assam,BARPETA,2014,Summer,Rice,49261,141830,2.879153895
Assam,BARPETA,2014,Whole Year,Banana,2531,39575,15.63611221
Assam,BARPETA,2014,Whole Year,Onion,1272,7651,6.014937107
Assam,BARPETA,2014,Whole Year,Potato,8358,80924,9.682220627
Assam,BARPETA,2014,Whole Year,Sugarcane,394,14483,36.75888325
Assam,BARPETA,2014,Whole Year,Turmeric,1053,926,0.879392213
Assam,BARPETA,2014,Winter,Paddy,69154,102046,1.475634092
Assam,BARPETA,2014,Winter,Rice,69154,102046,1.475634092
Assam,BONGAIGAON,1997,Autumn,Rice,29514,14056,0.47624856
Assam,BONGAIGAON,1997,Kharif,Arhar/Tur,168,141,0.839285714
Assam,BONGAIGAON,1997,Kharif,Cotton(lint),11,4,0.363636364
Assam,BONGAIGAON,1997,Kharif,Jute,5925,63278,10.67983122
Assam,BONGAIGAON,1997,Kharif,Maize,375,228,0.608
Assam,BONGAIGAON,1997,Kharif,Mesta,780,4268,5.471794872
Assam,BONGAIGAON,1997,Kharif,Small millets,986,542,0.54969574
Assam,BONGAIGAON,1997,Kharif,Sugarcane,215,8838,41.10697674
Assam,BONGAIGAON,1997,Rabi,Gram,37,20,0.540540541
Assam,BONGAIGAON,1997,Rabi,Linseed,749,384,0.512683578
Assam,BONGAIGAON,1997,Rabi,Other  Rabi pulses,4168,2125,0.509836852
Assam,BONGAIGAON,1997,Rabi,Rapeseed &Mustard,13347,8304,0.622162284
Assam,BONGAIGAON,1997,Rabi,Wheat,5397,6458,1.196590699
Assam,BONGAIGAON,1997,Summer,Rice,6366,5462,0.857995602
Assam,BONGAIGAON,1997,Whole Year,Arecanut,2950,3521,1.193559322
Assam,BONGAIGAON,1997,Whole Year,Coconut,468,1156,2.47008547
Assam,BONGAIGAON,1997,Whole Year,Dry chillies,818,528,0.645476773
Assam,BONGAIGAON,1997,Whole Year,Niger seed,353,177,0.501416431
Assam,BONGAIGAON,1997,Whole Year,Onion,327,654,2
Assam,BONGAIGAON,1997,Whole Year,Potato,2720,21843,8.030514706
Assam,BONGAIGAON,1997,Whole Year,Sesamum,1029,552,0.536443149
Assam,BONGAIGAON,1997,Whole Year,Sweet potato,390,1170,3
Assam,BONGAIGAON,1997,Whole Year,Tapioca,130,554,4.261538462
Assam,BONGAIGAON,1997,Whole Year,Turmeric,516,302,0.585271318
Assam,BONGAIGAON,1997,Winter,Rice,56841,38596,0.679016907
Assam,BONGAIGAON,1998,Autumn,Rice,33335,28062,0.841817909
Assam,BONGAIGAON,1998,Kharif,Arhar/Tur,200,168,0.84
Assam,BONGAIGAON,1998,Kharif,Castor seed,43,17,0.395348837
Assam,BONGAIGAON,1998,Kharif,Cotton(lint),10,4,0.4
Assam,BONGAIGAON,1998,Kharif,Jute,4831,46317,9.587456013
Assam,BONGAIGAON,1998,Kharif,Maize,365,222,0.608219178
Assam,BONGAIGAON,1998,Kharif,Mesta,669,3792,5.668161435
Assam,BONGAIGAON,1998,Kharif,Niger seed,308,154,0.5
Assam,BONGAIGAON,1998,Kharif,Sesamum,918,503,0.547930283
Assam,BONGAIGAON,1998,Kharif,Small millets,851,470,0.552291422
Assam,BONGAIGAON,1998,Rabi,Gram,40,23,0.575
Assam,BONGAIGAON,1998,Rabi,Linseed,599,320,0.534223706
Assam,BONGAIGAON,1998,Rabi,Other  Rabi pulses,4532,2124,0.468667255
Assam,BONGAIGAON,1998,Rabi,Rapeseed &Mustard,14859,7847,0.528097449
Assam,BONGAIGAON,1998,Rabi,Wheat,5231,7278,1.391320971
Assam,BONGAIGAON,1998,Summer,Rice,6795,9580,1.409860191
Assam,BONGAIGAON,1998,Whole Year,Arecanut,2970,4020,1.353535354
Assam,BONGAIGAON,1998,Whole Year,Banana,882,10713,12.1462585
Assam,BONGAIGAON,1998,Whole Year,Coconut,482,1820000,3775.93361
Assam,BONGAIGAON,1998,Whole Year,Dry chillies,695,448,0.644604317
Assam,BONGAIGAON,1998,Whole Year,Onion,357,714,2
Assam,BONGAIGAON,1998,Whole Year,Potato,2508,22669,9.038676236
Assam,BONGAIGAON,1998,Whole Year,Sugarcane,227,9086,40.02643172
Assam,BONGAIGAON,1998,Whole Year,Sweet potato,380,1140,3
Assam,BONGAIGAON,1998,Whole Year,Tapioca,115,489,4.252173913
Assam,BONGAIGAON,1998,Whole Year,Tobacco,54,31,0.574074074
Assam,BONGAIGAON,1998,Whole Year,Turmeric,500,294,0.588
Assam,BONGAIGAON,1998,Winter,Rice,56133,54267,0.966757522
Assam,BONGAIGAON,1999,Autumn,Rice,32940,23441,0.711627201
Assam,BONGAIGAON,1999,Kharif,Arhar/Tur,210,176,0.838095238
Assam,BONGAIGAON,1999,Kharif,Castor seed,41,16,0.390243902
Assam,BONGAIGAON,1999,Kharif,Cotton(lint),11,5,0.454545455
Assam,BONGAIGAON,1999,Kharif,Jute,4735,56937,12.02470961
Assam,BONGAIGAON,1999,Kharif,Maize,372,226,0.607526882
Assam,BONGAIGAON,1999,Kharif,Mesta,689,3875,5.624092888
Assam,BONGAIGAON,1999,Kharif,Niger seed,306,153,0.5
Assam,BONGAIGAON,1999,Kharif,Sesamum,844,438,0.518957346
Assam,BONGAIGAON,1999,Kharif,Small millets,851,462,0.542890717
Assam,BONGAIGAON,1999,Rabi,Gram,47,25,0.531914894
Assam,BONGAIGAON,1999,Rabi,Linseed,585,286,0.488888889
Assam,BONGAIGAON,1999,Rabi,Other  Rabi pulses,4407,2473,0.561152712
Assam,BONGAIGAON,1999,Rabi,Rapeseed &Mustard,14792,6603,0.446389941
Assam,BONGAIGAON,1999,Rabi,Wheat,5273,8105,1.537075668
Assam,BONGAIGAON,1999,Summer,Rice,8414,12119,1.440337533
Assam,BONGAIGAON,1999,Whole Year,Arecanut,3132,4439,1.417305236
Assam,BONGAIGAON,1999,Whole Year,Banana,899,10927,12.15461624
Assam,BONGAIGAON,1999,Whole Year,Coconut,530,3200000,6037.735849
Assam,BONGAIGAON,1999,Whole Year,Dry chillies,674,433,0.642433234
Assam,BONGAIGAON,1999,Whole Year,Onion,359,718,2
Assam,BONGAIGAON,1999,Whole Year,Potato,2560,19715,7.701171875
Assam,BONGAIGAON,1999,Whole Year,Sugarcane,195,7735,39.66666667
Assam,BONGAIGAON,1999,Whole Year,Sweet potato,373,1119,3
Assam,BONGAIGAON,1999,Whole Year,Tapioca,119,506,4.25210084
Assam,BONGAIGAON,1999,Whole Year,Tobacco,51,29,0.568627451
Assam,BONGAIGAON,1999,Whole Year,Turmeric,507,298,0.587771203
Assam,BONGAIGAON,1999,Winter,Rice,57620,62814,1.090142312
Assam,BONGAIGAON,2000,Autumn,Rice,33157,30980,0.934342673
Assam,BONGAIGAON,2000,Kharif,Arhar/Tur,227,191,0.841409692
Assam,BONGAIGAON,2000,Kharif,Castor seed,37,15,0.405405405
Assam,BONGAIGAON,2000,Kharif,Cotton(lint),10,4,0.4
Assam,BONGAIGAON,2000,Kharif,Jute,4071,44144,10.84352739
Assam,BONGAIGAON,2000,Kharif,Maize,375,228,0.608
Assam,BONGAIGAON,2000,Kharif,Mesta,665,3739,5.622556391
Assam,BONGAIGAON,2000,Kharif,Niger seed,312,156,0.5
Assam,BONGAIGAON,2000,Kharif,Sesamum,678,355,0.52359882
Assam,BONGAIGAON,2000,Kharif,Small millets,853,463,0.542790152
Assam,BONGAIGAON,2000,Rabi,Gram,47,25,0.531914894
Assam,BONGAIGAON,2000,Rabi,Linseed,534,276,0.516853933
Assam,BONGAIGAON,2000,Rabi,Other  Rabi pulses,4461,2512,0.563102443
Assam,BONGAIGAON,2000,Rabi,Rapeseed &Mustard,15429,8534,0.553114265
Assam,BONGAIGAON,2000,Rabi,Wheat,4750,5884,1.238736842
Assam,BONGAIGAON,2000,Summer,Rice,9931,14064,1.416171584
Assam,BONGAIGAON,2000,Whole Year,Arecanut,3020,5016,1.660927152
Assam,BONGAIGAON,2000,Whole Year,Banana,867,10548,12.16608997
Assam,BONGAIGAON,2000,Whole Year,Coconut,598,3429000,5734.113712
Assam,BONGAIGAON,2000,Whole Year,Dry chillies,679,435,0.640648012
Assam,BONGAIGAON,2000,Whole Year,Onion,366,732,2
Assam,BONGAIGAON,2000,Whole Year,Potato,2985,31317,10.49145729
Assam,BONGAIGAON,2000,Whole Year,Sugarcane,206,7601,36.89805825
Assam,BONGAIGAON,2000,Whole Year,Sweet potato,375,1125,3
Assam,BONGAIGAON,2000,Whole Year,Tapioca,126,536,4.253968254
Assam,BONGAIGAON,2000,Whole Year,Tobacco,45,23,0.511111111
Assam,BONGAIGAON,2000,Whole Year,Turmeric,514,302,0.587548638
Assam,BONGAIGAON,2000,Winter,Rice,57625,58910,1.022299349
Assam,BONGAIGAON,2001,Autumn,Rice,33306,30266,0.908725155
Assam,BONGAIGAON,2001,Kharif,Arhar/Tur,255,214,0.839215686
Assam,BONGAIGAON,2001,Kharif,Castor seed,36,14,0.388888889
Assam,BONGAIGAON,2001,Kharif,Cotton(lint),14,5,0.357142857
Assam,BONGAIGAON,2001,Kharif,Jute,3895,40020,10.27471117
Assam,BONGAIGAON,2001,Kharif,Maize,394,240,0.609137056
Assam,BONGAIGAON,2001,Kharif,Mesta,635,3631,5.718110236
Assam,BONGAIGAON,2001,Kharif,Niger seed,399,200,0.501253133
Assam,BONGAIGAON,2001,Kharif,Sesamum,681,358,0.525697504
Assam,BONGAIGAON,2001,Kharif,Small millets,856,466,0.544392523
Assam,BONGAIGAON,2001,Rabi,Gram,38,22,0.578947368
Assam,BONGAIGAON,2001,Rabi,Linseed,580,293,0.505172414
Assam,BONGAIGAON,2001,Rabi,Masoor,1142,672,0.588441331
Assam,BONGAIGAON,2001,Rabi,Moong(Green Gram),273,118,0.432234432
Assam,BONGAIGAON,2001,Rabi,Other  Rabi pulses,4684,2485,0.530529462
Assam,BONGAIGAON,2001,Rabi,Peas & beans (Pulses),363,265,0.730027548
Assam,BONGAIGAON,2001,Rabi,Rapeseed &Mustard,15360,9794,0.637630208
Assam,BONGAIGAON,2001,Rabi,Urad,2680,1323,0.493656716
Assam,BONGAIGAON,2001,Rabi,Wheat,5844,6875,1.17642026
Assam,BONGAIGAON,2001,Summer,Rice,9967,16462,1.651650446
Assam,BONGAIGAON,2001,Whole Year,Arecanut,3034,4024,1.326301912
Assam,BONGAIGAON,2001,Whole Year,Banana,892,10843,12.1558296
Assam,BONGAIGAON,2001,Whole Year,Coconut,633,5006000,7908.372828
Assam,BONGAIGAON,2001,Whole Year,Dry chillies,686,440,0.641399417
Assam,BONGAIGAON,2001,Whole Year,Onion,368,736,2
Assam,BONGAIGAON,2001,Whole Year,Potato,3093,35886,11.60232784
Assam,BONGAIGAON,2001,Whole Year,Sugarcane,211,7855,37.22748815
Assam,BONGAIGAON,2001,Whole Year,Sweet potato,346,1038,3
Assam,BONGAIGAON,2001,Whole Year,Tapioca,140,596,4.257142857
Assam,BONGAIGAON,2001,Whole Year,Tobacco,45,24,0.533333333
Assam,BONGAIGAON,2001,Whole Year,Turmeric,527,309,0.586337761
Assam,BONGAIGAON,2001,Winter,Rice,57795,66814,1.156051562
Assam,BONGAIGAON,2002,Autumn,Rice,33750,29871,0.885066667
Assam,BONGAIGAON,2002,Kharif,Arhar/Tur,269,225,0.836431227
Assam,BONGAIGAON,2002,Kharif,Castor seed,31,12,0.387096774
Assam,BONGAIGAON,2002,Kharif,Cotton(lint),13,5,0.384615385
Assam,BONGAIGAON,2002,Kharif,Jute,3610,39439,10.92493075
Assam,BONGAIGAON,2002,Kharif,Maize,407,248,0.609336609
Assam,BONGAIGAON,2002,Kharif,Mesta,584,3428,5.869863014
Assam,BONGAIGAON,2002,Kharif,Niger seed,451,226,0.501108647
Assam,BONGAIGAON,2002,Kharif,Sesamum,613,317,0.517128874
Assam,BONGAIGAON,2002,Kharif,Small millets,782,432,0.552429668
Assam,BONGAIGAON,2002,Rabi,Gram,47,24,0.510638298
Assam,BONGAIGAON,2002,Rabi,Linseed,502,276,0.549800797
Assam,BONGAIGAON,2002,Rabi,Masoor,1991,1339,0.672526369
Assam,BONGAIGAON,2002,Rabi,Moong(Green Gram),330,146,0.442424242
Assam,BONGAIGAON,2002,Rabi,Other  Rabi pulses,6158,3536,0.574212407
Assam,BONGAIGAON,2002,Rabi,Peas & beans (Pulses),400,285,0.7125
Assam,BONGAIGAON,2002,Rabi,Rapeseed &Mustard,13987,8441,0.603488954
Assam,BONGAIGAON,2002,Rabi,Urad,2810,1477,0.525622776
Assam,BONGAIGAON,2002,Rabi,Wheat,5830,7419,1.272555746
Assam,BONGAIGAON,2002,Summer,Rice,9527,14838,1.557468248
Assam,BONGAIGAON,2002,Whole Year,Arecanut,3012,2785,0.924634794
Assam,BONGAIGAON,2002,Whole Year,Banana,906,11018,12.1611479
Assam,BONGAIGAON,2002,Whole Year,Coconut,661,5534000,8372.163389
Assam,BONGAIGAON,2002,Whole Year,Dry chillies,848,554,0.653301887
Assam,BONGAIGAON,2002,Whole Year,Onion,353,705,1.997167139
Assam,BONGAIGAON,2002,Whole Year,Orange,116,970,8.362068966
Assam,BONGAIGAON,2002,Whole Year,Papaya,255,3902,15.30196078
Assam,BONGAIGAON,2002,Whole Year,Pineapple,299,5563,18.60535117
Assam,BONGAIGAON,2002,Whole Year,Potato,3337,41324,12.38357806
Assam,BONGAIGAON,2002,Whole Year,Sugarcane,141,5135,36.41843972
Assam,BONGAIGAON,2002,Whole Year,Sweet potato,327,981,3
Assam,BONGAIGAON,2002,Whole Year,Tapioca,155,660,4.258064516
Assam,BONGAIGAON,2002,Whole Year,Tobacco,49,26,0.530612245
Assam,BONGAIGAON,2002,Whole Year,Turmeric,710,418,0.588732394
Assam,BONGAIGAON,2002,Winter,Rice,59640,78756,1.320523139
Assam,BONGAIGAON,2003,Autumn,Rice,34213,32358,0.945780844
Assam,BONGAIGAON,2003,Kharif,Arhar/Tur,239,200,0.836820084
Assam,BONGAIGAON,2003,Kharif,Castor seed,34,14,0.411764706
Assam,BONGAIGAON,2003,Kharif,Cotton(lint),15,6,0.4
Assam,BONGAIGAON,2003,Kharif,Jute,3440,35141,10.21540698
Assam,BONGAIGAON,2003,Kharif,Maize,359,219,0.610027855
Assam,BONGAIGAON,2003,Kharif,Mesta,607,3523,5.803953871
Assam,BONGAIGAON,2003,Kharif,Niger seed,441,221,0.501133787
Assam,BONGAIGAON,2003,Kharif,Sesamum,611,317,0.518821604
Assam,BONGAIGAON,2003,Kharif,Small millets,843,457,0.542111507
Assam,BONGAIGAON,2003,Rabi,Gram,38,21,0.552631579
Assam,BONGAIGAON,2003,Rabi,Linseed,603,305,0.505804312
Assam,BONGAIGAON,2003,Rabi,Masoor,2130,1371,0.643661972
Assam,BONGAIGAON,2003,Rabi,Moong(Green Gram),303,133,0.438943894
Assam,BONGAIGAON,2003,Rabi,other misc. pulses,609,306,0.502463054
Assam,BONGAIGAON,2003,Rabi,Peas & beans (Pulses),428,307,0.71728972
Assam,BONGAIGAON,2003,Rabi,Rapeseed &Mustard,13300,7054,0.53037594
Assam,BONGAIGAON,2003,Rabi,Urad,2795,1258,0.450089445
Assam,BONGAIGAON,2003,Rabi,Wheat,5770,5764,0.998960139
Assam,BONGAIGAON,2003,Summer,Rice,9569,12546,1.311108789
Assam,BONGAIGAON,2003,Whole Year,Arecanut,3385,4934,1.45760709
Assam,BONGAIGAON,2003,Whole Year,Banana,942,11458,12.16348195
Assam,BONGAIGAON,2003,Whole Year,Coconut,718,5925000,8252.089136
Assam,BONGAIGAON,2003,Whole Year,Dry chillies,850,554,0.651764706
Assam,BONGAIGAON,2003,Whole Year,Onion,337,674,2
Assam,BONGAIGAON,2003,Whole Year,Orange,162,1361,8.401234568
Assam,BONGAIGAON,2003,Whole Year,Papaya,254,3840,15.11811024
Assam,BONGAIGAON,2003,Whole Year,Pineapple,294,5448,18.53061224
Assam,BONGAIGAON,2003,Whole Year,Potato,3322,21423,6.448826008
Assam,BONGAIGAON,2003,Whole Year,Sugarcane,210,8104,38.59047619
Assam,BONGAIGAON,2003,Whole Year,Sweet potato,249,747,3
Assam,BONGAIGAON,2003,Whole Year,Tapioca,217,926,4.267281106
Assam,BONGAIGAON,2003,Whole Year,Tobacco,49,26,0.530612245
Assam,BONGAIGAON,2003,Whole Year,Turmeric,718,420,0.584958217
Assam,BONGAIGAON,2003,Winter,Rice,58844,74327,1.263119434
Assam,BONGAIGAON,2004,Autumn,Rice,34147,23886,0.699505081
Assam,BONGAIGAON,2004,Kharif,Arhar/Tur,227,190,0.837004405
Assam,BONGAIGAON,2004,Kharif,Castor seed,41,17,0.414634146
Assam,BONGAIGAON,2004,Kharif,Cotton(lint),7,4,0.571428571
Assam,BONGAIGAON,2004,Kharif,Jute,3002,30708,10.22918055
Assam,BONGAIGAON,2004,Kharif,Mesta,589,3453,5.862478778
Assam,BONGAIGAON,2004,Kharif,Niger seed,441,221,0.501133787
Assam,BONGAIGAON,2004,Kharif,Sesamum,583,301,0.516295026
Assam,BONGAIGAON,2004,Kharif,Small millets,822,443,0.53892944
Assam,BONGAIGAON,2004,Rabi,Gram,35,19,0.542857143
Assam,BONGAIGAON,2004,Rabi,Linseed,529,258,0.487712665
Assam,BONGAIGAON,2004,Rabi,Masoor,2473,1519,0.614233724
Assam,BONGAIGAON,2004,Rabi,Moong(Green Gram),282,122,0.432624113
Assam,BONGAIGAON,2004,Rabi,Other  Rabi pulses,6804,4388,0.644914756
Assam,BONGAIGAON,2004,Rabi,Peas & beans (Pulses),456,329,0.721491228
Assam,BONGAIGAON,2004,Rabi,Rapeseed &Mustard,13343,9215,0.690624297
Assam,BONGAIGAON,2004,Rabi,Urad,2718,1976,0.727005151
Assam,BONGAIGAON,2004,Rabi,Wheat,6086,8733,1.434932632
Assam,BONGAIGAON,2004,Summer,Rice,9997,13155,1.315894768
Assam,BONGAIGAON,2004,Whole Year,Coconut,694,4783000,6891.930836
Assam,BONGAIGAON,2004,Whole Year,Dry chillies,885,576,0.650847458
Assam,BONGAIGAON,2004,Whole Year,Onion,348,696,2
Assam,BONGAIGAON,2004,Whole Year,Potato,3440,33405,9.710755814
Assam,BONGAIGAON,2004,Whole Year,Sugarcane,205,7568,36.91707317
Assam,BONGAIGAON,2004,Whole Year,Sweet potato,308,924,3
Assam,BONGAIGAON,2004,Whole Year,Tobacco,41,23,0.56097561
Assam,BONGAIGAON,2004,Whole Year,Turmeric,578,338,0.584775087
Assam,BONGAIGAON,2004,Winter,Rice,58690,72659,1.23801329
Assam,BONGAIGAON,2005,Autumn,Rice,29128,27125,0.931234551
Assam,BONGAIGAON,2005,Kharif,Arhar/Tur,99,83,0.838383838
Assam,BONGAIGAON,2005,Kharif,Castor seed,16,6,0.375
Assam,BONGAIGAON,2005,Kharif,Jute,2838,25931,9.137068358
Assam,BONGAIGAON,2005,Kharif,Maize,270,164,0.607407407
Assam,BONGAIGAON,2005,Kharif,Mesta,540,3195,5.916666667
Assam,BONGAIGAON,2005,Kharif,Niger seed,262,131,0.5
Assam,BONGAIGAON,2005,Kharif,Sesamum,918,415,0.452069717
Assam,BONGAIGAON,2005,Kharif,Small millets,585,283,0.483760684
Assam,BONGAIGAON,2005,Rabi,Gram,21,10,0.476190476
Assam,BONGAIGAON,2005,Rabi,Linseed,363,152,0.418732782
Assam,BONGAIGAON,2005,Rabi,Masoor,1458,805,0.5521262
Assam,BONGAIGAON,2005,Rabi,Moong(Green Gram),202,84,0.415841584
Assam,BONGAIGAON,2005,Rabi,Other  Rabi pulses,4362,2378,0.545162769
Assam,BONGAIGAON,2005,Rabi,Peas & beans (Pulses),245,182,0.742857143
Assam,BONGAIGAON,2005,Rabi,Rapeseed &Mustard,8782,4402,0.501252562
Assam,BONGAIGAON,2005,Rabi,Urad,2021,911,0.450766947
Assam,BONGAIGAON,2005,Rabi,Wheat,4680,5850,1.25
Assam,BONGAIGAON,2005,Summer,Rice,7814,14947,1.912848733
Assam,BONGAIGAON,2005,Whole Year,Arecanut,3394,5552,1.635827932
Assam,BONGAIGAON,2005,Whole Year,Banana,817,9895,12.11138311
Assam,BONGAIGAON,2005,Whole Year,Dry chillies,528,336,0.636363636
Assam,BONGAIGAON,2005,Whole Year,Onion,259,518,2
Assam,BONGAIGAON,2005,Whole Year,Potato,2052,13244,6.454191033
Assam,BONGAIGAON,2005,Whole Year,Sugarcane,124,4611,37.18548387
Assam,BONGAIGAON,2005,Whole Year,Sweet potato,229,687,3
Assam,BONGAIGAON,2005,Whole Year,Tapioca,163,696,4.26993865
Assam,BONGAIGAON,2005,Whole Year,Tobacco,18,9,0.5
Assam,BONGAIGAON,2005,Whole Year,Turmeric,300,176,0.586666667
Assam,BONGAIGAON,2005,Winter,Rice,39572,45530,1.150561003
Assam,BONGAIGAON,2006,Autumn,Rice,23189,16774,0.723360214
Assam,BONGAIGAON,2006,Kharif,Arhar/Tur,116,97,0.836206897
Assam,BONGAIGAON,2006,Kharif,Castor seed,14,6,0.428571429
Assam,BONGAIGAON,2006,Kharif,Cotton(lint),1,1,1
Assam,BONGAIGAON,2006,Kharif,Jute,2156,22362,10.37198516
Assam,BONGAIGAON,2006,Kharif,Maize,147,89,0.605442177
Assam,BONGAIGAON,2006,Kharif,Mesta,419,2626,6.267303103
Assam,BONGAIGAON,2006,Kharif,Niger seed,315,158,0.501587302
Assam,BONGAIGAON,2006,Kharif,Sesamum,427,215,0.503512881
Assam,BONGAIGAON,2006,Kharif,Small millets,592,287,0.484797297
Assam,BONGAIGAON,2006,Rabi,Gram,20,9,0.45
Assam,BONGAIGAON,2006,Rabi,Linseed,359,150,0.417827298
Assam,BONGAIGAON,2006,Rabi,Masoor,1605,910,0.566978193
Assam,BONGAIGAON,2006,Rabi,Moong(Green Gram),201,82,0.407960199
Assam,BONGAIGAON,2006,Rabi,Other  Rabi pulses,506,251,0.496047431
Assam,BONGAIGAON,2006,Rabi,Peas & beans (Pulses),274,204,0.744525547
Assam,BONGAIGAON,2006,Rabi,Rapeseed &Mustard,6765,4558,0.67376201
Assam,BONGAIGAON,2006,Rabi,Urad,2047,1008,0.492427943
Assam,BONGAIGAON,2006,Rabi,Wheat,4748,5678,1.195871946
Assam,BONGAIGAON,2006,Summer,Rice,7818,12188,1.558966488
Assam,BONGAIGAON,2006,Whole Year,Arecanut,1738,1588,0.913693901
Assam,BONGAIGAON,2006,Whole Year,Banana,631,7629,12.09033281
Assam,BONGAIGAON,2006,Whole Year,Coconut,534,3715000,6956.928839
Assam,BONGAIGAON,2006,Whole Year,Dry chillies,577,370,0.641247834
Assam,BONGAIGAON,2006,Whole Year,Onion,268,536,2
Assam,BONGAIGAON,2006,Whole Year,Potato,1813,15067,8.310535025
Assam,BONGAIGAON,2006,Whole Year,Sugarcane,153,6063,39.62745098
Assam,BONGAIGAON,2006,Whole Year,Sweet potato,222,666,3
Assam,BONGAIGAON,2006,Whole Year,Tapioca,101,429,4.247524752
Assam,BONGAIGAON,2006,Whole Year,Tobacco,23,11,0.47826087
Assam,BONGAIGAON,2006,Whole Year,Turmeric,313,182,0.581469649
Assam,BONGAIGAON,2006,Winter,Rice,32545,31246,0.960086035
Assam,BONGAIGAON,2007,Autumn,Rice,22507,16954,0.753276758
Assam,BONGAIGAON,2007,Kharif,Arhar/Tur,108,90,0.833333333
Assam,BONGAIGAON,2007,Kharif,Castor seed,9,4,0.444444444
Assam,BONGAIGAON,2007,Kharif,Cotton(lint),2,1,0.5
Assam,BONGAIGAON,2007,Kharif,Jute,2250,20421,9.076
Assam,BONGAIGAON,2007,Kharif,Maize,157,95,0.605095541
Assam,BONGAIGAON,2007,Kharif,Mesta,409,2590,6.332518337
Assam,BONGAIGAON,2007,Kharif,Niger seed,335,169,0.504477612
Assam,BONGAIGAON,2007,Kharif,Sesamum,396,198,0.5
Assam,BONGAIGAON,2007,Kharif,Small millets,535,253,0.472897196
Assam,BONGAIGAON,2007,Rabi,Gram,23,11,0.47826087
Assam,BONGAIGAON,2007,Rabi,Linseed,376,161,0.428191489
Assam,BONGAIGAON,2007,Rabi,Masoor,1338,721,0.538863976
Assam,BONGAIGAON,2007,Rabi,Moong(Green Gram),195,80,0.41025641
Assam,BONGAIGAON,2007,Rabi,Other  Rabi pulses,387,189,0.488372093
Assam,BONGAIGAON,2007,Rabi,Peas & beans (Pulses),307,234,0.762214984
Assam,BONGAIGAON,2007,Rabi,Rapeseed &Mustard,7050,3320,0.470921986
Assam,BONGAIGAON,2007,Rabi,Urad,2100,1109,0.528095238
Assam,BONGAIGAON,2007,Rabi,Wheat,5812,8375,1.440984171
Assam,BONGAIGAON,2007,Summer,Rice,8132,19327,2.376660108
Assam,BONGAIGAON,2007,Whole Year,Arecanut,1557,1583,1.01669878
Assam,BONGAIGAON,2007,Whole Year,Banana,665,8050,12.10526316
Assam,BONGAIGAON,2007,Whole Year,Black pepper,18,33,1.833333333
Assam,BONGAIGAON,2007,Whole Year,Coconut,544,3566000,6555.147059
Assam,BONGAIGAON,2007,Whole Year,Dry chillies,589,375,0.636672326
Assam,BONGAIGAON,2007,Whole Year,Dry ginger,183,1127,6.158469945
Assam,BONGAIGAON,2007,Whole Year,Onion,249,498,2
Assam,BONGAIGAON,2007,Whole Year,Potato,2215,16888,7.624379233
Assam,BONGAIGAON,2007,Whole Year,Sugarcane,193,7349,38.07772021
Assam,BONGAIGAON,2007,Whole Year,Sweet potato,228,684,3
Assam,BONGAIGAON,2007,Whole Year,Tapioca,87,369,4.24137931
Assam,BONGAIGAON,2007,Whole Year,Tobacco,25,12,0.48
Assam,BONGAIGAON,2007,Whole Year,Turmeric,290,170,0.586206897
Assam,BONGAIGAON,2007,Winter,Rice,35410,33297,0.940327591
Assam,BONGAIGAON,2008,Autumn,Rice,22147,20617,0.930916151
Assam,BONGAIGAON,2008,Kharif,Arhar/Tur,95,79,0.831578947
Assam,BONGAIGAON,2008,Kharif,Castor seed,8,3,0.375
Assam,BONGAIGAON,2008,Kharif,Cotton(lint),1,1,1
Assam,BONGAIGAON,2008,Kharif,Jute,2222,24436,10.99729973
Assam,BONGAIGAON,2008,Kharif,Maize,175,105,0.6
Assam,BONGAIGAON,2008,Kharif,Mesta,393,2537,6.455470738
Assam,BONGAIGAON,2008,Kharif,Niger seed,330,164,0.496969697
Assam,BONGAIGAON,2008,Kharif,Sesamum,273,128,0.468864469
Assam,BONGAIGAON,2008,Kharif,Small millets,533,261,0.489681051
Assam,BONGAIGAON,2008,Rabi,Blackgram,2091,1457,0.696795791
Assam,BONGAIGAON,2008,Rabi,Gram,26,13,0.5
Assam,BONGAIGAON,2008,Rabi,Linseed,373,159,0.426273458
Assam,BONGAIGAON,2008,Rabi,Masoor,1288,686,0.532608696
Assam,BONGAIGAON,2008,Rabi,Moong(Green Gram),185,74,0.4
Assam,BONGAIGAON,2008,Rabi,Peas & beans (Pulses),300,226,0.753333333
Assam,BONGAIGAON,2008,Rabi,Rapeseed &Mustard,6784,4322,0.637087264
Assam,BONGAIGAON,2008,Rabi,Urad,2091,1457,0.696795791
Assam,BONGAIGAON,2008,Rabi,Wheat,5383,6636,1.232769831
Assam,BONGAIGAON,2008,Summer,Rice,9947,20907,2.101839751
Assam,BONGAIGAON,2008,Whole Year,Arecanut,1562,2024,1.295774648
Assam,BONGAIGAON,2008,Whole Year,Banana,647,8411,13
Assam,BONGAIGAON,2008,Whole Year,Black pepper,18,33,1.833333333
Assam,BONGAIGAON,2008,Whole Year,Coconut,554,3874000,6992.779783
Assam,BONGAIGAON,2008,Whole Year,Dry chillies,592,377,0.636824324
Assam,BONGAIGAON,2008,Whole Year,Dry ginger,186,1145,6.155913978
Assam,BONGAIGAON,2008,Whole Year,Onion,259,518,2
Assam,BONGAIGAON,2008,Whole Year,Potato,2302,14971,6.503475239
Assam,BONGAIGAON,2008,Whole Year,Sugarcane,174,6679,38.38505747
Assam,BONGAIGAON,2008,Whole Year,Sweet potato,204,612,3
Assam,BONGAIGAON,2008,Whole Year,Tapioca,153,653,4.267973856
Assam,BONGAIGAON,2008,Whole Year,Tobacco,23,11,0.47826087
Assam,BONGAIGAON,2008,Whole Year,Turmeric,248,146,0.588709677
Assam,BONGAIGAON,2008,Winter,Rice,36346,41200,1.133549772
Assam,BONGAIGAON,2009,Autumn,Rice,20782,14732,0.708882687
Assam,BONGAIGAON,2009,Kharif,Arhar/Tur,94,78,0.829787234
Assam,BONGAIGAON,2009,Kharif,Castor seed,7,3,0.428571429
Assam,BONGAIGAON,2009,Kharif,Cotton(lint),28,12,0.428571429
Assam,BONGAIGAON,2009,Kharif,Jute,2281,26333,11.54449803
Assam,BONGAIGAON,2009,Kharif,Maize,172,105,0.610465116
Assam,BONGAIGAON,2009,Kharif,Mesta,399,2583,6.473684211
Assam,BONGAIGAON,2009,Kharif,Niger seed,321,161,0.501557632
Assam,BONGAIGAON,2009,Kharif,Sesamum,267,126,0.471910112
Assam,BONGAIGAON,2009,Kharif,Small millets,541,258,0.47689464
Assam,BONGAIGAON,2009,Rabi,Banana,638,7940,12.44514107
Assam,BONGAIGAON,2009,Rabi,Gram,27,14,0.518518519
Assam,BONGAIGAON,2009,Rabi,Linseed,360,154,0.427777778
Assam,BONGAIGAON,2009,Rabi,Masoor,1390,759,0.546043165
Assam,BONGAIGAON,2009,Rabi,Moong(Green Gram),194,80,0.412371134
Assam,BONGAIGAON,2009,Rabi,Peas & beans (Pulses),307,230,0.749185668
Assam,BONGAIGAON,2009,Rabi,Rapeseed &Mustard,7026,4156,0.591517222
Assam,BONGAIGAON,2009,Rabi,Urad,2041,1148,0.562469378
Assam,BONGAIGAON,2009,Rabi,Wheat,5758,6581,1.142931573
Assam,BONGAIGAON,2009,Summer,Rice,10028,23102,2.303749501
Assam,BONGAIGAON,2009,Whole Year,Arecanut,1563,1721,1.101087652
Assam,BONGAIGAON,2009,Whole Year,Banana,638,7940,12.44514107
Assam,BONGAIGAON,2009,Whole Year,Black pepper,27,47,1.740740741
Assam,BONGAIGAON,2009,Whole Year,Coconut,554,3715000,6705.776173
Assam,BONGAIGAON,2009,Whole Year,Dry chillies,598,380,0.635451505
Assam,BONGAIGAON,2009,Whole Year,Dry ginger,171,1053,6.157894737
Assam,BONGAIGAON,2009,Whole Year,Onion,253,505,1.996047431
Assam,BONGAIGAON,2009,Whole Year,Potato,2351,19690,8.375159507
Assam,BONGAIGAON,2009,Whole Year,Sugarcane,191,7470,39.10994764
Assam,BONGAIGAON,2009,Whole Year,Sweet potato,202,606,3
Assam,BONGAIGAON,2009,Whole Year,Tapioca,59,249,4.220338983
Assam,BONGAIGAON,2009,Whole Year,Tobacco,21,11,0.523809524
Assam,BONGAIGAON,2009,Whole Year,Turmeric,242,143,0.590909091
Assam,BONGAIGAON,2009,Winter,Rice,34421,39073,1.135150054
Assam,BONGAIGAON,2010,Autumn,Rice,16142,12826,0.794573163
Assam,BONGAIGAON,2010,Kharif,Arhar/Tur,118,98,0.830508475
Assam,BONGAIGAON,2010,Kharif,Castor seed,6,2,0.333333333
Assam,BONGAIGAON,2010,Kharif,Cotton(lint),1,1,1
Assam,BONGAIGAON,2010,Kharif,Jute,2153,24657,11.45239201
Assam,BONGAIGAON,2010,Kharif,Maize,177,107,0.604519774
Assam,BONGAIGAON,2010,Kharif,Mesta,387,2499,6.457364341
Assam,BONGAIGAON,2010,Kharif,Niger seed,321,161,0.501557632
Assam,BONGAIGAON,2010,Kharif,Sesamum,256,119,0.46484375
Assam,BONGAIGAON,2010,Kharif,Small millets,539,256,0.474953618
Assam,BONGAIGAON,2010,Rabi,Arecanut,1563,1721,1.101087652
Assam,BONGAIGAON,2010,Rabi,Banana,660,8299,12.57424242
Assam,BONGAIGAON,2010,Rabi,Gram,28,14,0.5
Assam,BONGAIGAON,2010,Rabi,Linseed,270,121,0.448148148
Assam,BONGAIGAON,2010,Rabi,Masoor,1413,769,0.54423213
Assam,BONGAIGAON,2010,Rabi,Moong(Green Gram),188,76,0.404255319
Assam,BONGAIGAON,2010,Rabi,Peas & beans (Pulses),309,231,0.747572816
Assam,BONGAIGAON,2010,Rabi,Rapeseed &Mustard,6962,4640,0.666475151
Assam,BONGAIGAON,2010,Rabi,Urad,2107,1133,0.537731372
Assam,BONGAIGAON,2010,Rabi,Wheat,5555,6946,1.250405041
Assam,BONGAIGAON,2010,Summer,Rice,10680,35104,3.286891386
Assam,BONGAIGAON,2010,Whole Year,Banana,660,8299,12.57424242
Assam,BONGAIGAON,2010,Whole Year,Black pepper,27,50,1.851851852
Assam,BONGAIGAON,2010,Whole Year,Coconut,554,3715000,6705.776173
Assam,BONGAIGAON,2010,Whole Year,Dry chillies,584,372,0.636986301
Assam,BONGAIGAON,2010,Whole Year,Dry ginger,175,1077,6.154285714
Assam,BONGAIGAON,2010,Whole Year,Onion,265,530,2
Assam,BONGAIGAON,2010,Whole Year,Potato,2414,23453,9.715410108
Assam,BONGAIGAON,2010,Whole Year,Sugarcane,192,6949,36.19270833
Assam,BONGAIGAON,2010,Whole Year,Sweet potato,189,567,3
Assam,BONGAIGAON,2010,Whole Year,Tapioca,74,313,4.22972973
Assam,BONGAIGAON,2010,Whole Year,Tobacco,15,8,0.533333333
Assam,BONGAIGAON,2010,Whole Year,Turmeric,248,147,0.592741935
Assam,BONGAIGAON,2010,Winter,Rice,34806,52651,1.51269896
Assam,BONGAIGAON,2011,Autumn,Paddy,15953,17728,1.111264339
Assam,BONGAIGAON,2011,Autumn,Rice,15953,17728,1.111264339
Assam,BONGAIGAON,2011,Kharif,Arhar/Tur,125,117,0.936
Assam,BONGAIGAON,2011,Kharif,Castor seed,7,4,0.571428571
Assam,BONGAIGAON,2011,Kharif,Jute,2371,24965,10.52931253
Assam,BONGAIGAON,2011,Kharif,Maize,188,132,0.70212766
Assam,BONGAIGAON,2011,Kharif,Mesta,427,3262,7.639344262
Assam,BONGAIGAON,2011,Kharif,Niger seed,218,110,0.504587156
Assam,BONGAIGAON,2011,Kharif,Orange,284,2519,8.86971831
Assam,BONGAIGAON,2011,Kharif,Papaya,165,4180,25.33333333
Assam,BONGAIGAON,2011,Kharif,Sesamum,248,149,0.600806452
Assam,BONGAIGAON,2011,Kharif,Small millets,528,290,0.549242424
Assam,BONGAIGAON,2011,Kharif,Tapioca,78,731,9.371794872
Assam,BONGAIGAON,2011,Kharif,Tobacco,7,4,0.571428571
Assam,BONGAIGAON,2011,Rabi,Arecanut,1566,2330,1.487867178
Assam,BONGAIGAON,2011,Rabi,Black pepper,30,55,1.833333333
Assam,BONGAIGAON,2011,Rabi,Dry chillies,552,366,0.663043478
Assam,BONGAIGAON,2011,Rabi,Ginger,170,1067,6.276470588
Assam,BONGAIGAON,2011,Rabi,Gram,23,15,0.652173913
Assam,BONGAIGAON,2011,Rabi,Linseed,280,128,0.457142857
Assam,BONGAIGAON,2011,Rabi,Masoor,1348,821,0.609050445
Assam,BONGAIGAON,2011,Rabi,Moong(Green Gram),185,87,0.47027027
Assam,BONGAIGAON,2011,Rabi,Peas & beans (Pulses),289,224,0.775086505
Assam,BONGAIGAON,2011,Rabi,Pineapple,249,4643,18.64658635
Assam,BONGAIGAON,2011,Rabi,Rapeseed &Mustard,7211,4978,0.690334212
Assam,BONGAIGAON,2011,Rabi,Sweet potato,176,535,3.039772727
Assam,BONGAIGAON,2011,Rabi,Urad,2115,1628,0.769739953
Assam,BONGAIGAON,2011,Rabi,Wheat,5125,6680,1.303414634
Assam,BONGAIGAON,2011,Summer,Paddy,10507,31151,2.964785381
Assam,BONGAIGAON,2011,Summer,Rice,10507,31151,2.964785381
Assam,BONGAIGAON,2011,Whole Year,Banana,670,9016,13.45671642
Assam,BONGAIGAON,2011,Whole Year,Coconut,615,5002,8.133333333
Assam,BONGAIGAON,2011,Whole Year,Onion,260,563,2.165384615
Assam,BONGAIGAON,2011,Whole Year,Potato,2705,22665,8.378927911
Assam,BONGAIGAON,2011,Whole Year,Sugarcane,183,6781,37.05464481
Assam,BONGAIGAON,2011,Whole Year,Turmeric,257,178,0.692607004
Assam,BONGAIGAON,2011,Winter,Paddy,36205,48899,1.350614556
Assam,BONGAIGAON,2011,Winter,Rice,36205,48899,1.350614556
Assam,BONGAIGAON,2012,Autumn,Paddy,12922,16900,1.307847082
Assam,BONGAIGAON,2012,Autumn,Rice,12922,16900,1.307847082
Assam,BONGAIGAON,2012,Kharif,Arhar/Tur,120,111,0.925
Assam,BONGAIGAON,2012,Kharif,Castor seed,6,3,0.5
Assam,BONGAIGAON,2012,Kharif,Jute,2278,24694,10.84021071
Assam,BONGAIGAON,2012,Kharif,Maize,206,160,0.776699029
Assam,BONGAIGAON,2012,Kharif,Mesta,366,2422,6.617486339
Assam,BONGAIGAON,2012,Kharif,Niger seed,204,105,0.514705882
Assam,BONGAIGAON,2012,Kharif,Orange,329,3248,9.872340426
Assam,BONGAIGAON,2012,Kharif,Papaya,177,4507,25.46327684
Assam,BONGAIGAON,2012,Kharif,Sesamum,229,126,0.550218341
Assam,BONGAIGAON,2012,Kharif,Small millets,485,233,0.480412371
Assam,BONGAIGAON,2012,Kharif,Tapioca,78,755,9.679487179
Assam,BONGAIGAON,2012,Kharif,Tobacco,4,2,0.5
Assam,BONGAIGAON,2012,Rabi,Arecanut,1559,2155,1.382296344
Assam,BONGAIGAON,2012,Rabi,Black pepper,27,50,1.851851852
Assam,BONGAIGAON,2012,Rabi,Dry chillies,532,360,0.676691729
Assam,BONGAIGAON,2012,Rabi,Ginger,178,1155,6.488764045
Assam,BONGAIGAON,2012,Rabi,Gram,20,13,0.65
Assam,BONGAIGAON,2012,Rabi,Linseed,243,117,0.481481481
Assam,BONGAIGAON,2012,Rabi,Masoor,1331,899,0.675432006
Assam,BONGAIGAON,2012,Rabi,Moong(Green Gram),227,123,0.54185022
Assam,BONGAIGAON,2012,Rabi,Peas & beans (Pulses),277,216,0.779783394
Assam,BONGAIGAON,2012,Rabi,Pineapple,264,4948,18.74242424
Assam,BONGAIGAON,2012,Rabi,Rapeseed &Mustard,7495,4299,0.573582388
Assam,BONGAIGAON,2012,Rabi,Sweet potato,174,564,3.24137931
Assam,BONGAIGAON,2012,Rabi,Urad,2275,933,0.41010989
Assam,BONGAIGAON,2012,Rabi,Wheat,4675,5572,1.191871658
Assam,BONGAIGAON,2012,Summer,Rice,10740,31907,2.970856611
Assam,BONGAIGAON,2012,Whole Year,Banana,695,10050,14.46043165
Assam,BONGAIGAON,2012,Whole Year,Coconut,618,4394,7.110032362
Assam,BONGAIGAON,2012,Whole Year,Onion,257,610,2.373540856
Assam,BONGAIGAON,2012,Whole Year,Potato,2821,20780,7.366182205
Assam,BONGAIGAON,2012,Whole Year,Sugarcane,208,7407,35.61057692
Assam,BONGAIGAON,2012,Whole Year,Turmeric,265,211,0.796226415
Assam,BONGAIGAON,2012,Winter,Paddy,35931,57117,1.589630124
Assam,BONGAIGAON,2012,Winter,Rice,35931,57117,1.589630124
Assam,BONGAIGAON,2013,Autumn,Paddy,11021,17595,1.596497595
Assam,BONGAIGAON,2013,Autumn,Rice,11021,17595,1.596497595
Assam,BONGAIGAON,2013,Kharif,Arhar/Tur,149,141,0.946308725
Assam,BONGAIGAON,2013,Kharif,Castor seed,5,3,0.6
Assam,BONGAIGAON,2013,Kharif,Cotton(lint),3,1,0.333333333
Assam,BONGAIGAON,2013,Kharif,Jute,2203,29726,13.49341807
Assam,BONGAIGAON,2013,Kharif,Maize,421,1839,4.368171021
Assam,BONGAIGAON,2013,Kharif,Mesta,363,2402,6.61707989
Assam,BONGAIGAON,2013,Kharif,Niger seed,179,94,0.525139665
Assam,BONGAIGAON,2013,Kharif,Orange,355,3504,9.870422535
Assam,BONGAIGAON,2013,Kharif,Papaya,173,4405,25.46242775
Assam,BONGAIGAON,2013,Kharif,Sesamum,264,166,0.628787879
Assam,BONGAIGAON,2013,Kharif,Small millets,1110,499,0.44954955
Assam,BONGAIGAON,2013,Kharif,Tapioca,73,706,9.671232877
Assam,BONGAIGAON,2013,Rabi,Arecanut,1590,1387,0.872327044
Assam,BONGAIGAON,2013,Rabi,Black pepper,29,54,1.862068966
Assam,BONGAIGAON,2013,Rabi,Dry chillies,566,381,0.673144876
Assam,BONGAIGAON,2013,Rabi,Ginger,220,1428,6.490909091
Assam,BONGAIGAON,2013,Rabi,Gram,265,202,0.762264151
Assam,BONGAIGAON,2013,Rabi,Linseed,252,131,0.51984127
Assam,BONGAIGAON,2013,Rabi,Masoor,1514,1009,0.666446499
Assam,BONGAIGAON,2013,Rabi,Moong(Green Gram),481,317,0.659043659
Assam,BONGAIGAON,2013,Rabi,Peas & beans (Pulses),409,350,0.855745721
Assam,BONGAIGAON,2013,Rabi,Pineapple,265,4967,18.74339623
Assam,BONGAIGAON,2013,Rabi,Rapeseed &Mustard,7320,4603,0.628825137
Assam,BONGAIGAON,2013,Rabi,Sweet potato,187,605,3.235294118
Assam,BONGAIGAON,2013,Rabi,Urad,2127,1025,0.481899389
Assam,BONGAIGAON,2013,Rabi,Wheat,4360,5509,1.26353211
Assam,BONGAIGAON,2013,Summer,Paddy,13070,38727,2.963045142
Assam,BONGAIGAON,2013,Summer,Rice,13070,38727,2.963045142
Assam,BONGAIGAON,2013,Whole Year,Banana,708,10238,14.46045198
Assam,BONGAIGAON,2013,Whole Year,Coconut,630,6440,10.22222222
Assam,BONGAIGAON,2013,Whole Year,Onion,288,684,2.375
Assam,BONGAIGAON,2013,Whole Year,Potato,2609,18830,7.217324645
Assam,BONGAIGAON,2013,Whole Year,Sugarcane,191,7061,36.96858639
Assam,BONGAIGAON,2013,Whole Year,Turmeric,309,246,0.796116505
Assam,BONGAIGAON,2013,Winter,Paddy,32690,66164,2.023982869
Assam,BONGAIGAON,2013,Winter,Rice,32690,66164,2.023982869
Assam,BONGAIGAON,2014,Autumn,Paddy,5865,7909,1.348508099
Assam,BONGAIGAON,2014,Autumn,Rice,5865,7909,1.348508099
Assam,BONGAIGAON,2014,Kharif,Arhar/Tur,161,170,1.055900621
Assam,BONGAIGAON,2014,Kharif,Castor seed,7,4,0.571428571
Assam,BONGAIGAON,2014,Kharif,Cotton(lint),2,1,0.5
Assam,BONGAIGAON,2014,Kharif,Jute,2478,30228,12.19854722
Assam,BONGAIGAON,2014,Kharif,Maize,894,2598,2.906040268
Assam,BONGAIGAON,2014,Kharif,Mesta,359,2393,6.665738162
Assam,BONGAIGAON,2014,Kharif,Niger seed,189,98,0.518518519
Assam,BONGAIGAON,2014,Kharif,Orange,285,2815,9.877192982
Assam,BONGAIGAON,2014,Kharif,Papaya,207,5270,25.4589372
Assam,BONGAIGAON,2014,Kharif,Sesamum,260,153,0.588461538
Assam,BONGAIGAON,2014,Kharif,Small millets,1083,612,0.565096953
Assam,BONGAIGAON,2014,Kharif,Tapioca,73,699,9.575342466
Assam,BONGAIGAON,2014,Rabi,Black pepper,26,49,1.884615385
Assam,BONGAIGAON,2014,Rabi,Dry chillies,557,379,0.68043088
Assam,BONGAIGAON,2014,Rabi,Ginger,215,1397,6.497674419
Assam,BONGAIGAON,2014,Rabi,Gram,242,232,0.958677686
Assam,BONGAIGAON,2014,Rabi,Linseed,221,118,0.533936652
Assam,BONGAIGAON,2014,Rabi,Masoor,1535,1385,0.90228013
Assam,BONGAIGAON,2014,Rabi,Moong(Green Gram),431,256,0.593967517
Assam,BONGAIGAON,2014,Rabi,Peas & beans (Pulses),420,450,1.071428571
Assam,BONGAIGAON,2014,Rabi,Pineapple,257,4817,18.74319066
Assam,BONGAIGAON,2014,Rabi,Rapeseed &Mustard,7050,4002,0.567659574
Assam,BONGAIGAON,2014,Rabi,Sweet potato,161,524,3.254658385
Assam,BONGAIGAON,2014,Rabi,Urad,2090,1252,0.599043062
Assam,BONGAIGAON,2014,Rabi,Wheat,981,1221,1.244648318
Assam,BONGAIGAON,2014,Summer,Paddy,11685,38969,3.33495935
Assam,BONGAIGAON,2014,Summer,Rice,11685,38969,3.33495935
Assam,BONGAIGAON,2014,Whole Year,Banana,780,11279,14.46025641
Assam,BONGAIGAON,2014,Whole Year,Onion,292,697,2.386986301
Assam,BONGAIGAON,2014,Whole Year,Potato,2602,21320,8.193697156
Assam,BONGAIGAON,2014,Whole Year,Sugarcane,194,7132,36.7628866
Assam,BONGAIGAON,2014,Whole Year,Turmeric,302,245,0.811258278
Assam,BONGAIGAON,2014,Winter,Paddy,35299,69061,1.95645769
Assam,BONGAIGAON,2014,Winter,Rice,35299,69061,1.95645769
Assam,CACHAR,1997,Autumn,Rice,8278,7956,0.961101715
Assam,CACHAR,1997,Kharif,Arhar/Tur,130,92,0.707692308
Assam,CACHAR,1997,Kharif,Cotton(lint),115,43,0.373913043
Assam,CACHAR,1997,Kharif,Jute,96,917,9.552083333
Assam,CACHAR,1997,Kharif,Maize,65,33,0.507692308
Assam,CACHAR,1997,Kharif,Mesta,3,14,4.666666667
Assam,CACHAR,1997,Kharif,Small millets,20,8,0.4
Assam,CACHAR,1997,Kharif,Sugarcane,320,13210,41.28125
Assam,CACHAR,1997,Rabi,Gram,40,21,0.525
Assam,CACHAR,1997,Rabi,Linseed,38,16,0.421052632
Assam,CACHAR,1997,Rabi,Other  Rabi pulses,931,474,0.509129968
Assam,CACHAR,1997,Rabi,Rapeseed &Mustard,1020,641,0.628431373
Assam,CACHAR,1997,Rabi,Wheat,35,45,1.285714286
Assam,CACHAR,1997,Summer,Rice,7200,7843,1.089305556
Assam,CACHAR,1997,Whole Year,Arecanut,4505,1058,0.234850166
Assam,CACHAR,1997,Whole Year,Coconut,1400,2386,1.704285714
Assam,CACHAR,1997,Whole Year,Dry chillies,622,379,0.609324759
Assam,CACHAR,1997,Whole Year,Niger seed,10,4,0.4
Assam,CACHAR,1997,Whole Year,Onion,90,292,3.244444444
Assam,CACHAR,1997,Whole Year,Potato,1295,6695,5.16988417
Assam,CACHAR,1997,Whole Year,Sesamum,145,51,0.351724138
Assam,CACHAR,1997,Whole Year,Sweet potato,150,788,5.253333333
Assam,CACHAR,1997,Whole Year,Tapioca,30,122,4.066666667
Assam,CACHAR,1997,Whole Year,Tobacco,9,5,0.555555556
Assam,CACHAR,1997,Whole Year,Turmeric,88,84,0.954545455
Assam,CACHAR,1997,Winter,Rice,88000,94250,1.071022727
Assam,CACHAR,1998,Autumn,Rice,8500,11894,1.399294118
Assam,CACHAR,1998,Kharif,Arhar/Tur,102,72,0.705882353
Assam,CACHAR,1998,Kharif,Cotton(lint),115,43,0.373913043
Assam,CACHAR,1998,Kharif,Jute,61,533,8.737704918
Assam,CACHAR,1998,Kharif,Maize,65,32,0.492307692
Assam,CACHAR,1998,Kharif,Mesta,4,19,4.75
Assam,CACHAR,1998,Kharif,Niger seed,20,9,0.45
Assam,CACHAR,1998,Kharif,Sesamum,161,56,0.347826087
Assam,CACHAR,1998,Kharif,Small millets,22,9,0.409090909
Assam,CACHAR,1998,Rabi,Gram,42,22,0.523809524
Assam,CACHAR,1998,Rabi,Linseed,38,16,0.421052632
Assam,CACHAR,1998,Rabi,Other  Rabi pulses,1144,579,0.506118881
Assam,CACHAR,1998,Rabi,Rapeseed &Mustard,1329,661,0.497366441
Assam,CACHAR,1998,Rabi,Wheat,35,35,1
Assam,CACHAR,1998,Summer,Rice,6800,11220,1.65
Assam,CACHAR,1998,Whole Year,Arecanut,4515,2237,0.495459579
Assam,CACHAR,1998,Whole Year,Banana,2900,35409,12.21
Assam,CACHAR,1998,Whole Year,Coconut,1410,6666000,4727.659574
Assam,CACHAR,1998,Whole Year,Dry chillies,630,384,0.60952381
Assam,CACHAR,1998,Whole Year,Onion,116,376,3.24137931
Assam,CACHAR,1998,Whole Year,Potato,1510,5104,3.38013245
Assam,CACHAR,1998,Whole Year,Sugarcane,325,13266,40.81846154
Assam,CACHAR,1998,Whole Year,Sweet potato,155,814,5.251612903
Assam,CACHAR,1998,Whole Year,Tapioca,30,129,4.3
Assam,CACHAR,1998,Whole Year,Tobacco,9,6,0.666666667
Assam,CACHAR,1998,Whole Year,Turmeric,120,114,0.95
Assam,CACHAR,1998,Winter,Rice,87641,179644,2.049771226
Assam,CACHAR,1999,Autumn,Rice,7800,7199,0.922948718
Assam,CACHAR,1999,Kharif,Arhar/Tur,102,72,0.705882353
Assam,CACHAR,1999,Kharif,Cotton(lint),115,43,0.373913043
Assam,CACHAR,1999,Kharif,Jute,61,544,8.918032787
Assam,CACHAR,1999,Kharif,Maize,54,27,0.5
Assam,CACHAR,1999,Kharif,Mesta,5,23,4.6
Assam,CACHAR,1999,Kharif,Niger seed,20,8,0.4
Assam,CACHAR,1999,Kharif,Sesamum,161,56,0.347826087
Assam,CACHAR,1999,Kharif,Small millets,22,9,0.409090909
Assam,CACHAR,1999,Rabi,Gram,42,22,0.523809524
Assam,CACHAR,1999,Rabi,Linseed,38,16,0.421052632
Assam,CACHAR,1999,Rabi,Other  Rabi pulses,1059,573,0.541076487
Assam,CACHAR,1999,Rabi,Rapeseed &Mustard,1350,1284,0.951111111
Assam,CACHAR,1999,Rabi,Wheat,35,45,1.285714286
Assam,CACHAR,1999,Summer,Rice,7800,13416,1.72
Assam,CACHAR,1999,Whole Year,Arecanut,4520,858,0.189823009
Assam,CACHAR,1999,Whole Year,Banana,2400,29299,12.20791667
Assam,CACHAR,1999,Whole Year,Coconut,1425,2887000,2025.964912
Assam,CACHAR,1999,Whole Year,Dry chillies,650,397,0.610769231
Assam,CACHAR,1999,Whole Year,Onion,127,411,3.236220472
Assam,CACHAR,1999,Whole Year,Potato,1535,5939,3.869055375
Assam,CACHAR,1999,Whole Year,Sugarcane,325,12914,39.73538462
Assam,CACHAR,1999,Whole Year,Sweet potato,155,814,5.251612903
Assam,CACHAR,1999,Whole Year,Tapioca,30,129,4.3
Assam,CACHAR,1999,Whole Year,Tobacco,9,6,0.666666667
Assam,CACHAR,1999,Whole Year,Turmeric,200,183,0.915
Assam,CACHAR,1999,Winter,Rice,87864,161235,1.835051898
Assam,CACHAR,2000,Autumn,Rice,12000,26674,2.222833333
Assam,CACHAR,2000,Kharif,Arhar/Tur,112,79,0.705357143
Assam,CACHAR,2000,Kharif,Cotton(lint),115,43,0.373913043
Assam,CACHAR,2000,Kharif,Jute,67,644,9.611940299
Assam,CACHAR,2000,Kharif,Maize,62,31,0.5
Assam,CACHAR,2000,Kharif,Mesta,5,23,4.6
Assam,CACHAR,2000,Kharif,Niger seed,20,8,0.4
Assam,CACHAR,2000,Kharif,Sesamum,165,58,0.351515152
Assam,CACHAR,2000,Kharif,Small millets,24,10,0.416666667
Assam,CACHAR,2000,Rabi,Gram,42,22,0.523809524
Assam,CACHAR,2000,Rabi,Linseed,38,16,0.421052632
Assam,CACHAR,2000,Rabi,Other  Rabi pulses,1093,599,0.548032937
Assam,CACHAR,2000,Rabi,Rapeseed &Mustard,1597,993,0.621790858
Assam,CACHAR,2000,Rabi,Wheat,49,60,1.224489796
Assam,CACHAR,2000,Summer,Rice,8000,17616,2.202
Assam,CACHAR,2000,Whole Year,Arecanut,4565,3106,0.680394304
Assam,CACHAR,2000,Whole Year,Banana,3024,36911,12.20601852
Assam,CACHAR,2000,Whole Year,Coconut,1430,2948000,2061.538462
Assam,CACHAR,2000,Whole Year,Dry chillies,680,415,0.610294118
Assam,CACHAR,2000,Whole Year,Onion,140,454,3.242857143
Assam,CACHAR,2000,Whole Year,Potato,1654,7962,4.813784764
Assam,CACHAR,2000,Whole Year,Sugarcane,325,5070,15.6
Assam,CACHAR,2000,Whole Year,Sweet potato,155,814,5.251612903
Assam,CACHAR,2000,Whole Year,Tapioca,32,138,4.3125
Assam,CACHAR,2000,Whole Year,Tobacco,9,6,0.666666667
Assam,CACHAR,2000,Whole Year,Turmeric,220,206,0.936363636
Assam,CACHAR,2000,Winter,Rice,84000,177395,2.111845238
Assam,CACHAR,2001,Autumn,Rice,9000,18819,2.091
Assam,CACHAR,2001,Kharif,Arhar/Tur,112,79,0.705357143
Assam,CACHAR,2001,Kharif,Cotton(lint),115,43,0.373913043
Assam,CACHAR,2001,Kharif,Jute,70,693,9.9
Assam,CACHAR,2001,Kharif,Maize,62,31,0.5
Assam,CACHAR,2001,Kharif,Mesta,6,27,4.5
Assam,CACHAR,2001,Kharif,Niger seed,24,10,0.416666667
Assam,CACHAR,2001,Kharif,Sesamum,160,56,0.35
Assam,CACHAR,2001,Kharif,Small millets,25,10,0.4
Assam,CACHAR,2001,Rabi,Gram,43,22,0.511627907
Assam,CACHAR,2001,Rabi,Linseed,38,16,0.421052632
Assam,CACHAR,2001,Rabi,Masoor,13,7,0.538461538
Assam,CACHAR,2001,Rabi,Moong(Green Gram),19,8,0.421052632
Assam,CACHAR,2001,Rabi,Other  Rabi pulses,3588,1716,0.47826087
Assam,CACHAR,2001,Rabi,Peas & beans (Pulses),360,189,0.525
Assam,CACHAR,2001,Rabi,Rapeseed &Mustard,1620,750,0.462962963
Assam,CACHAR,2001,Rabi,Urad,700,389,0.555714286
Assam,CACHAR,2001,Rabi,Wheat,55,65,1.181818182
Assam,CACHAR,2001,Summer,Rice,9000,12015,1.335
Assam,CACHAR,2001,Whole Year,Arecanut,4575,2143,0.468415301
Assam,CACHAR,2001,Whole Year,Banana,3125,38150,12.208
Assam,CACHAR,2001,Whole Year,Coconut,1431,2553000,1784.067086
Assam,CACHAR,2001,Whole Year,Dry chillies,684,417,0.609649123
Assam,CACHAR,2001,Whole Year,Onion,140,454,3.242857143
Assam,CACHAR,2001,Whole Year,Potato,1680,6868,4.088095238
Assam,CACHAR,2001,Whole Year,Sugarcane,325,12008,36.94769231
Assam,CACHAR,2001,Whole Year,Sweet potato,155,814,5.251612903
Assam,CACHAR,2001,Whole Year,Tapioca,32,138,4.3125
Assam,CACHAR,2001,Whole Year,Tobacco,9,9,1
Assam,CACHAR,2001,Whole Year,Turmeric,230,219,0.952173913
Assam,CACHAR,2001,Winter,Rice,84093,193910,2.305899421
Assam,CACHAR,2002,Autumn,Rice,9010,17300,1.92008879
Assam,CACHAR,2002,Kharif,Arhar/Tur,110,78,0.709090909
Assam,CACHAR,2002,Kharif,Cotton(lint),115,43,0.373913043
Assam,CACHAR,2002,Kharif,Jute,70,712,10.17142857
Assam,CACHAR,2002,Kharif,Maize,70,35,0.5
Assam,CACHAR,2002,Kharif,Mesta,6,27,4.5
Assam,CACHAR,2002,Kharif,Niger seed,24,10,0.416666667
Assam,CACHAR,2002,Kharif,Sesamum,160,56,0.35
Assam,CACHAR,2002,Kharif,Small millets,26,11,0.423076923
Assam,CACHAR,2002,Rabi,Gram,44,23,0.522727273
Assam,CACHAR,2002,Rabi,Linseed,39,17,0.435897436
Assam,CACHAR,2002,Rabi,Masoor,14,7,0.5
Assam,CACHAR,2002,Rabi,Moong(Green Gram),21,10,0.476190476
Assam,CACHAR,2002,Rabi,Other  Rabi pulses,3625,1696,0.467862069
Assam,CACHAR,2002,Rabi,Peas & beans (Pulses),380,200,0.526315789
Assam,CACHAR,2002,Rabi,Rapeseed &Mustard,1600,654,0.40875
Assam,CACHAR,2002,Rabi,Urad,710,354,0.498591549
Assam,CACHAR,2002,Rabi,Wheat,59,67,1.13559322
Assam,CACHAR,2002,Summer,Rice,9110,15943,1.750054885
Assam,CACHAR,2002,Whole Year,Arecanut,4580,1566,0.341921397
Assam,CACHAR,2002,Whole Year,Banana,3130,38211,12.20798722
Assam,CACHAR,2002,Whole Year,Coconut,1450,1785000,1231.034483
Assam,CACHAR,2002,Whole Year,Dry chillies,694,423,0.609510086
Assam,CACHAR,2002,Whole Year,Onion,145,470,3.24137931
Assam,CACHAR,2002,Whole Year,Orange,34,272,8
Assam,CACHAR,2002,Whole Year,Papaya,370,4550,12.2972973
Assam,CACHAR,2002,Whole Year,Pineapple,1510,25764,17.06225166
Assam,CACHAR,2002,Whole Year,Potato,1696,8558,5.045990566
Assam,CACHAR,2002,Whole Year,Sugarcane,300,13140,43.8
Assam,CACHAR,2002,Whole Year,Sweet potato,160,840,5.25
Assam,CACHAR,2002,Whole Year,Tapioca,32,138,4.3125
Assam,CACHAR,2002,Whole Year,Tobacco,9,6,0.666666667
Assam,CACHAR,2002,Whole Year,Turmeric,245,230,0.93877551
Assam,CACHAR,2002,Winter,Rice,87000,186815,2.147298851
Assam,CACHAR,2003,Autumn,Rice,9250,18799,2.032324324
Assam,CACHAR,2003,Kharif,Arhar/Tur,120,85,0.708333333
Assam,CACHAR,2003,Kharif,Cotton(lint),120,44,0.366666667
Assam,CACHAR,2003,Kharif,Jute,75,779,10.38666667
Assam,CACHAR,2003,Kharif,Maize,75,38,0.506666667
Assam,CACHAR,2003,Kharif,Mesta,6,27,4.5
Assam,CACHAR,2003,Kharif,Niger seed,26,11,0.423076923
Assam,CACHAR,2003,Kharif,Sesamum,176,62,0.352272727
Assam,CACHAR,2003,Kharif,Small millets,28,12,0.428571429
Assam,CACHAR,2003,Rabi,Gram,48,25,0.520833333
Assam,CACHAR,2003,Rabi,Linseed,40,17,0.425
Assam,CACHAR,2003,Rabi,Masoor,15,8,0.533333333
Assam,CACHAR,2003,Rabi,Moong(Green Gram),23,11,0.47826087
Assam,CACHAR,2003,Rabi,other misc. pulses,2555,1155,0.452054795
Assam,CACHAR,2003,Rabi,Peas & beans (Pulses),418,219,0.523923445
Assam,CACHAR,2003,Rabi,Rapeseed &Mustard,1675,1446,0.863283582
Assam,CACHAR,2003,Rabi,Urad,780,408,0.523076923
Assam,CACHAR,2003,Rabi,Wheat,60,63,1.05
Assam,CACHAR,2003,Summer,Rice,9865,0,0
Assam,CACHAR,2003,Whole Year,Arecanut,4464,1222,0.27374552
Assam,CACHAR,2003,Whole Year,Banana,3145,37740,12
Assam,CACHAR,2003,Whole Year,Coconut,1400,2168000,1548.571429
Assam,CACHAR,2003,Whole Year,Dry chillies,763,467,0.612057667
Assam,CACHAR,2003,Whole Year,Onion,159,516,3.245283019
Assam,CACHAR,2003,Whole Year,Orange,110,660,6
Assam,CACHAR,2003,Whole Year,Papaya,370,4550,12.2972973
Assam,CACHAR,2003,Whole Year,Pineapple,1550,26207,16.90774194
Assam,CACHAR,2003,Whole Year,Potato,1715,7714,4.497959184
Assam,CACHAR,2003,Whole Year,Sugarcane,300,12140,40.46666667
Assam,CACHAR,2003,Whole Year,Sweet potato,176,924,5.25
Assam,CACHAR,2003,Whole Year,Tapioca,32,138,4.3125
Assam,CACHAR,2003,Whole Year,Tobacco,9,6,0.666666667
Assam,CACHAR,2003,Whole Year,Turmeric,260,244,0.938461538
Assam,CACHAR,2003,Winter,Rice,90081,215840,2.396065763
Assam,CACHAR,2004,Autumn,Rice,10174,2140,0.210340083
Assam,CACHAR,2004,Kharif,Arhar/Tur,125,89,0.712
Assam,CACHAR,2004,Kharif,Cotton(lint),103,38,0.368932039
Assam,CACHAR,2004,Kharif,Jute,81,574,7.086419753
Assam,CACHAR,2004,Kharif,Mesta,8,36,4.5
Assam,CACHAR,2004,Kharif,Niger seed,29,15,0.517241379
Assam,CACHAR,2004,Kharif,Sesamum,184,94,0.510869565
Assam,CACHAR,2004,Kharif,Small millets,26,12,0.461538462
Assam,CACHAR,2004,Rabi,Gram,52,27,0.519230769
Assam,CACHAR,2004,Rabi,Linseed,43,20,0.465116279
Assam,CACHAR,2004,Rabi,Masoor,19,10,0.526315789
Assam,CACHAR,2004,Rabi,Moong(Green Gram),31,17,0.548387097
Assam,CACHAR,2004,Rabi,Other  Rabi pulses,4001,2008,0.501874531
Assam,CACHAR,2004,Rabi,Peas & beans (Pulses),564,339,0.60106383
Assam,CACHAR,2004,Rabi,Rapeseed &Mustard,1982,1135,0.572653885
Assam,CACHAR,2004,Rabi,Urad,934,538,0.576017131
Assam,CACHAR,2004,Rabi,Wheat,83,88,1.060240964
Assam,CACHAR,2004,Summer,Rice,9990,14835,1.484984985
Assam,CACHAR,2004,Whole Year,Coconut,1325,2272000,1714.716981
Assam,CACHAR,2004,Whole Year,Dry chillies,839,536,0.638855781
Assam,CACHAR,2004,Whole Year,Onion,168,546,3.25
Assam,CACHAR,2004,Whole Year,Potato,1888,10408,5.512711864
Assam,CACHAR,2004,Whole Year,Sugarcane,285,10522,36.91929825
Assam,CACHAR,2004,Whole Year,Sweet potato,182,956,5.252747253
Assam,CACHAR,2004,Whole Year,Tobacco,10,7,0.7
Assam,CACHAR,2004,Whole Year,Turmeric,265,562,2.120754717
Assam,CACHAR,2004,Winter,Rice,82968,148467,1.789448944
Assam,CACHAR,2005,Autumn,Rice,9411,18157,1.929338009
Assam,CACHAR,2005,Kharif,Arhar/Tur,122,86,0.704918033
Assam,CACHAR,2005,Kharif,Cotton(lint),97,36,0.371134021
Assam,CACHAR,2005,Kharif,Jute,73,745,10.20547945
Assam,CACHAR,2005,Kharif,Maize,96,48,0.5
Assam,CACHAR,2005,Kharif,Mesta,6,27,4.5
Assam,CACHAR,2005,Kharif,Niger seed,30,15,0.5
Assam,CACHAR,2005,Kharif,Sesamum,198,101,0.51010101
Assam,CACHAR,2005,Kharif,Small millets,28,13,0.464285714
Assam,CACHAR,2005,Rabi,Gram,54,28,0.518518519
Assam,CACHAR,2005,Rabi,Linseed,44,20,0.454545455
Assam,CACHAR,2005,Rabi,Masoor,21,11,0.523809524
Assam,CACHAR,2005,Rabi,Moong(Green Gram),35,19,0.542857143
Assam,CACHAR,2005,Rabi,Other  Rabi pulses,4073,2042,0.501350356
Assam,CACHAR,2005,Rabi,Peas & beans (Pulses),544,324,0.595588235
Assam,CACHAR,2005,Rabi,Rapeseed &Mustard,2867,1656,0.577607255
Assam,CACHAR,2005,Rabi,Urad,896,439,0.489955357
Assam,CACHAR,2005,Rabi,Wheat,86,92,1.069767442
Assam,CACHAR,2005,Summer,Rice,10261,16722,1.629665725
Assam,CACHAR,2005,Whole Year,Arecanut,4184,1133,0.270793499
Assam,CACHAR,2005,Whole Year,Banana,2674,32460,12.13911743
Assam,CACHAR,2005,Whole Year,Dry chillies,939,600,0.638977636
Assam,CACHAR,2005,Whole Year,Onion,176,572,3.25
Assam,CACHAR,2005,Whole Year,Potato,1893,9261,4.892234548
Assam,CACHAR,2005,Whole Year,Sugarcane,275,10426,37.91272727
Assam,CACHAR,2005,Whole Year,Sweet potato,187,982,5.251336898
Assam,CACHAR,2005,Whole Year,Tapioca,30,129,4.3
Assam,CACHAR,2005,Whole Year,Tobacco,10,6,0.6
Assam,CACHAR,2005,Whole Year,Turmeric,282,588,2.085106383
Assam,CACHAR,2005,Winter,Rice,90194,183913,2.039082422
Assam,CACHAR,2006,Autumn,Rice,4070,6344,1.558722359
Assam,CACHAR,2006,Kharif,Arhar/Tur,139,98,0.705035971
Assam,CACHAR,2006,Kharif,Cotton(lint),100,38,0.38
Assam,CACHAR,2006,Kharif,Jute,49,474,9.673469388
Assam,CACHAR,2006,Kharif,Maize,105,52,0.495238095
Assam,CACHAR,2006,Kharif,Mesta,2,9,4.5
Assam,CACHAR,2006,Kharif,Niger seed,30,14,0.466666667
Assam,CACHAR,2006,Kharif,Sesamum,200,92,0.46
Assam,CACHAR,2006,Kharif,Small millets,31,15,0.483870968
Assam,CACHAR,2006,Rabi,Gram,60,31,0.516666667
Assam,CACHAR,2006,Rabi,Linseed,46,20,0.434782609
Assam,CACHAR,2006,Rabi,Masoor,36,19,0.527777778
Assam,CACHAR,2006,Rabi,Moong(Green Gram),38,19,0.5
Assam,CACHAR,2006,Rabi,Other  Rabi pulses,2783,1255,0.45095221
Assam,CACHAR,2006,Rabi,Peas & beans (Pulses),585,336,0.574358974
Assam,CACHAR,2006,Rabi,Rapeseed &Mustard,1929,1101,0.570762053
Assam,CACHAR,2006,Rabi,Urad,980,504,0.514285714
Assam,CACHAR,2006,Rabi,Wheat,93,105,1.129032258
Assam,CACHAR,2006,Summer,Rice,7819,8100,1.0359381
Assam,CACHAR,2006,Whole Year,Arecanut,4545,1037,0.228162816
Assam,CACHAR,2006,Whole Year,Banana,2662,32313,12.13861758
Assam,CACHAR,2006,Whole Year,Coconut,1404,2847000,2027.777778
Assam,CACHAR,2006,Whole Year,Dry chillies,998,628,0.629258517
Assam,CACHAR,2006,Whole Year,Onion,174,566,3.252873563
Assam,CACHAR,2006,Whole Year,Potato,1912,8359,4.371861925
Assam,CACHAR,2006,Whole Year,Sugarcane,276,11884,43.05797101
Assam,CACHAR,2006,Whole Year,Sweet potato,195,1024,5.251282051
Assam,CACHAR,2006,Whole Year,Tapioca,30,129,4.3
Assam,CACHAR,2006,Whole Year,Tobacco,10,7,0.7
Assam,CACHAR,2006,Whole Year,Turmeric,294,599,2.037414966
Assam,CACHAR,2006,Winter,Rice,89689,151116,1.684888894
Assam,CACHAR,2007,Autumn,Rice,10130,16238,1.6029615
Assam,CACHAR,2007,Kharif,Arhar/Tur,127,90,0.708661417
Assam,CACHAR,2007,Kharif,Cotton(lint),100,37,0.37
Assam,CACHAR,2007,Kharif,Jute,52,571,10.98076923
Assam,CACHAR,2007,Kharif,Maize,105,52,0.495238095
Assam,CACHAR,2007,Kharif,Mesta,10,45,4.5
Assam,CACHAR,2007,Kharif,Niger seed,16,7,0.4375
Assam,CACHAR,2007,Kharif,Sesamum,196,94,0.479591837
Assam,CACHAR,2007,Kharif,Small millets,28,14,0.5
Assam,CACHAR,2007,Rabi,Gram,56,29,0.517857143
Assam,CACHAR,2007,Rabi,Linseed,30,13,0.433333333
Assam,CACHAR,2007,Rabi,Masoor,26,13,0.5
Assam,CACHAR,2007,Rabi,Moong(Green Gram),37,18,0.486486486
Assam,CACHAR,2007,Rabi,Other  Rabi pulses,2374,1068,0.449873631
Assam,CACHAR,2007,Rabi,Peas & beans (Pulses),446,259,0.580717489
Assam,CACHAR,2007,Rabi,Rapeseed &Mustard,2065,1091,0.528329298
Assam,CACHAR,2007,Rabi,Urad,958,508,0.530271399
Assam,CACHAR,2007,Rabi,Wheat,255,322,1.262745098
Assam,CACHAR,2007,Summer,Rice,9680,18533,1.914566116
Assam,CACHAR,2007,Whole Year,Arecanut,4295,1805,0.420256112
Assam,CACHAR,2007,Whole Year,Banana,3128,37971,12.1390665
Assam,CACHAR,2007,Whole Year,Black pepper,39,76,1.948717949
Assam,CACHAR,2007,Whole Year,Coconut,999,980000,980.980981
Assam,CACHAR,2007,Whole Year,Dry chillies,1000,636,0.636
Assam,CACHAR,2007,Whole Year,Dry ginger,204,1416,6.941176471
Assam,CACHAR,2007,Whole Year,Onion,150,487,3.246666667
Assam,CACHAR,2007,Whole Year,Potato,1986,7675,3.864551863
Assam,CACHAR,2007,Whole Year,Sugarcane,166,7162,43.14457831
Assam,CACHAR,2007,Whole Year,Sweet potato,178,935,5.252808989
Assam,CACHAR,2007,Whole Year,Tapioca,31,133,4.290322581
Assam,CACHAR,2007,Whole Year,Tobacco,10,7,0.7
Assam,CACHAR,2007,Whole Year,Turmeric,281,537,1.911032028
Assam,CACHAR,2007,Winter,Rice,79842,64012,0.801733424
Assam,CACHAR,2008,Autumn,Rice,8350,13808,1.653652695
Assam,CACHAR,2008,Kharif,Arhar/Tur,122,86,0.704918033
Assam,CACHAR,2008,Kharif,Cotton(lint),95,35,0.368421053
Assam,CACHAR,2008,Kharif,Jute,53,571,10.77358491
Assam,CACHAR,2008,Kharif,Maize,104,50,0.480769231
Assam,CACHAR,2008,Kharif,Mesta,5,23,4.6
Assam,CACHAR,2008,Kharif,Niger seed,15,7,0.466666667
Assam,CACHAR,2008,Kharif,Sesamum,195,97,0.497435897
Assam,CACHAR,2008,Kharif,Small millets,30,14,0.466666667
Assam,CACHAR,2008,Rabi,Blackgram,897,521,0.580824972
Assam,CACHAR,2008,Rabi,Gram,54,28,0.518518519
Assam,CACHAR,2008,Rabi,Linseed,30,14,0.466666667
Assam,CACHAR,2008,Rabi,Masoor,26,11,0.423076923
Assam,CACHAR,2008,Rabi,Moong(Green Gram),34,17,0.5
Assam,CACHAR,2008,Rabi,Peas & beans (Pulses),380,224,0.589473684
Assam,CACHAR,2008,Rabi,Rapeseed &Mustard,2012,1341,0.666500994
Assam,CACHAR,2008,Rabi,Urad,897,521,0.580824972
Assam,CACHAR,2008,Rabi,Wheat,117,128,1.094017094
Assam,CACHAR,2008,Summer,Rice,9560,21126,2.209832636
Assam,CACHAR,2008,Whole Year,Arecanut,4446,2821,0.634502924
Assam,CACHAR,2008,Whole Year,Banana,2881,38893,13.49982645
Assam,CACHAR,2008,Whole Year,Black pepper,45,87,1.933333333
Assam,CACHAR,2008,Whole Year,Coconut,1049,3155000,3007.626311
Assam,CACHAR,2008,Whole Year,Dry chillies,995,632,0.635175879
Assam,CACHAR,2008,Whole Year,Dry ginger,212,1472,6.943396226
Assam,CACHAR,2008,Whole Year,Onion,87,283,3.252873563
Assam,CACHAR,2008,Whole Year,Potato,2063,12080,5.85555017
Assam,CACHAR,2008,Whole Year,Sugarcane,156,6668,42.74358974
Assam,CACHAR,2008,Whole Year,Sweet potato,174,914,5.252873563
Assam,CACHAR,2008,Whole Year,Tapioca,31,133,4.290322581
Assam,CACHAR,2008,Whole Year,Tobacco,7,5,0.714285714
Assam,CACHAR,2008,Whole Year,Turmeric,291,578,1.986254296
Assam,CACHAR,2008,Winter,Rice,93610,199711,2.133436599
Assam,CACHAR,2009,Autumn,Rice,8276,16457,1.988521025
Assam,CACHAR,2009,Kharif,Arhar/Tur,123,87,0.707317073
Assam,CACHAR,2009,Kharif,Cotton(lint),94,34,0.361702128
Assam,CACHAR,2009,Kharif,Jute,53,579,10.9245283
Assam,CACHAR,2009,Kharif,Maize,100,50,0.5
Assam,CACHAR,2009,Kharif,Mesta,7,31,4.428571429
Assam,CACHAR,2009,Kharif,Niger seed,18,9,0.5
Assam,CACHAR,2009,Kharif,Sesamum,189,95,0.502645503
Assam,CACHAR,2009,Kharif,Small millets,30,15,0.5
Assam,CACHAR,2009,Rabi,Banana,2970,37401,12.59292929
Assam,CACHAR,2009,Rabi,Gram,52,28,0.538461538
Assam,CACHAR,2009,Rabi,Linseed,31,14,0.451612903
Assam,CACHAR,2009,Rabi,Masoor,25,12,0.48
Assam,CACHAR,2009,Rabi,Moong(Green Gram),35,18,0.514285714
Assam,CACHAR,2009,Rabi,Peas & beans (Pulses),428,250,0.58411215
Assam,CACHAR,2009,Rabi,Rapeseed &Mustard,1955,1297,0.66342711
Assam,CACHAR,2009,Rabi,Urad,914,518,0.566739606
Assam,CACHAR,2009,Rabi,Wheat,154,168,1.090909091
Assam,CACHAR,2009,Summer,Rice,8902,6448,0.724331611
Assam,CACHAR,2009,Whole Year,Arecanut,4478,2435,0.54376954
Assam,CACHAR,2009,Whole Year,Banana,2970,37401,12.59292929
Assam,CACHAR,2009,Whole Year,Black pepper,26,50,1.923076923
Assam,CACHAR,2009,Whole Year,Coconut,1054,9711000,9213.472486
Assam,CACHAR,2009,Whole Year,Dry chillies,984,624,0.634146341
Assam,CACHAR,2009,Whole Year,Dry ginger,210,1458,6.942857143
Assam,CACHAR,2009,Whole Year,Onion,129,420,3.255813953
Assam,CACHAR,2009,Whole Year,Potato,2155,15290,7.09512761
Assam,CACHAR,2009,Whole Year,Sugarcane,218,9401,43.12385321
Assam,CACHAR,2009,Whole Year,Sweet potato,161,846,5.254658385
Assam,CACHAR,2009,Whole Year,Tapioca,30,129,4.3
Assam,CACHAR,2009,Whole Year,Tobacco,7,5,0.714285714
Assam,CACHAR,2009,Whole Year,Turmeric,259,505,1.94980695
Assam,CACHAR,2009,Winter,Rice,93082,204084,2.192518425
Assam,CACHAR,2010,Autumn,Rice,8359,16087,1.924512501
Assam,CACHAR,2010,Kharif,Arhar/Tur,115,82,0.713043478
Assam,CACHAR,2010,Kharif,Cotton(lint),92,34,0.369565217
Assam,CACHAR,2010,Kharif,Jute,52,522,10.03846154
Assam,CACHAR,2010,Kharif,Maize,98,49,0.5
Assam,CACHAR,2010,Kharif,Mesta,4,18,4.5
Assam,CACHAR,2010,Kharif,Niger seed,18,8,0.444444444
Assam,CACHAR,2010,Kharif,Sesamum,182,93,0.510989011
Assam,CACHAR,2010,Kharif,Small millets,20,10,0.5
Assam,CACHAR,2010,Rabi,Arecanut,4478,2435,0.54376954
Assam,CACHAR,2010,Rabi,Banana,2888,36756,12.72714681
Assam,CACHAR,2010,Rabi,Gram,56,29,0.517857143
Assam,CACHAR,2010,Rabi,Linseed,25,11,0.44
Assam,CACHAR,2010,Rabi,Masoor,26,12,0.461538462
Assam,CACHAR,2010,Rabi,Moong(Green Gram),34,17,0.5
Assam,CACHAR,2010,Rabi,Peas & beans (Pulses),360,211,0.586111111
Assam,CACHAR,2010,Rabi,Rapeseed &Mustard,1871,1250,0.668091929
Assam,CACHAR,2010,Rabi,Urad,850,475,0.558823529
Assam,CACHAR,2010,Rabi,Wheat,80,100,1.25
Assam,CACHAR,2010,Summer,Rice,7332,14228,1.940534643
Assam,CACHAR,2010,Whole Year,Banana,2888,36756,12.72714681
Assam,CACHAR,2010,Whole Year,Black pepper,38,74,1.947368421
Assam,CACHAR,2010,Whole Year,Coconut,1054,9711000,9213.472486
Assam,CACHAR,2010,Whole Year,Dry chillies,1055,671,0.636018957
Assam,CACHAR,2010,Whole Year,Dry ginger,232,1610,6.939655172
Assam,CACHAR,2010,Whole Year,Onion,77,250,3.246753247
Assam,CACHAR,2010,Whole Year,Potato,2052,15340,7.475633528
Assam,CACHAR,2010,Whole Year,Sugarcane,140,5762,41.15714286
Assam,CACHAR,2010,Whole Year,Sweet potato,151,793,5.251655629
Assam,CACHAR,2010,Whole Year,Tapioca,13,56,4.307692308
Assam,CACHAR,2010,Whole Year,Tobacco,6,4,0.666666667
Assam,CACHAR,2010,Whole Year,Turmeric,315,659,2.092063492
Assam,CACHAR,2010,Winter,Rice,88908,195008,2.193368426
Assam,CACHAR,2011,Autumn,Paddy,7700,13116,1.703376623
Assam,CACHAR,2011,Autumn,Rice,7700,13116,1.703376623
Assam,CACHAR,2011,Kharif,Arhar/Tur,115,87,0.756521739
Assam,CACHAR,2011,Kharif,Cotton(lint),91,34,0.373626374
Assam,CACHAR,2011,Kharif,Jute,51,472,9.254901961
Assam,CACHAR,2011,Kharif,Maize,91,51,0.56043956
Assam,CACHAR,2011,Kharif,Mesta,4,37,9.25
Assam,CACHAR,2011,Kharif,Niger seed,18,9,0.5
Assam,CACHAR,2011,Kharif,Orange,80,499,6.2375
Assam,CACHAR,2011,Kharif,Papaya,302,5878,19.46357616
Assam,CACHAR,2011,Kharif,Sesamum,189,104,0.55026455
Assam,CACHAR,2011,Kharif,Small millets,20,10,0.5
Assam,CACHAR,2011,Kharif,Tapioca,20,167,8.35
Assam,CACHAR,2011,Kharif,Tobacco,6,3,0.5
Assam,CACHAR,2011,Rabi,Arecanut,4293,2432,0.566503611
Assam,CACHAR,2011,Rabi,Black pepper,43,102,2.372093023
Assam,CACHAR,2011,Rabi,Dry chillies,1065,697,0.654460094
Assam,CACHAR,2011,Rabi,Ginger,238,1662,6.983193277
Assam,CACHAR,2011,Rabi,Gram,59,32,0.542372881
Assam,CACHAR,2011,Rabi,Linseed,25,14,0.56
Assam,CACHAR,2011,Rabi,Masoor,30,16,0.533333333
Assam,CACHAR,2011,Rabi,Moong(Green Gram),32,18,0.5625
Assam,CACHAR,2011,Rabi,Peas & beans (Pulses),365,219,0.6
Assam,CACHAR,2011,Rabi,Pineapple,1186,21187,17.86424958
Assam,CACHAR,2011,Rabi,Rapeseed &Mustard,1657,896,0.54073627
Assam,CACHAR,2011,Rabi,Sweet potato,160,1549,9.68125
Assam,CACHAR,2011,Rabi,Urad,815,453,0.555828221
Assam,CACHAR,2011,Rabi,Wheat,70,85,1.214285714
Assam,CACHAR,2011,Summer,Paddy,7990,14971,1.873717146
Assam,CACHAR,2011,Summer,Rice,7990,14971,1.873717146
Assam,CACHAR,2011,Whole Year,Banana,2832,49983,17.64936441
Assam,CACHAR,2011,Whole Year,Coconut,1005,2746,2.732338308
Assam,CACHAR,2011,Whole Year,Onion,82,275,3.353658537
Assam,CACHAR,2011,Whole Year,Potato,2063,8381,4.062530296
Assam,CACHAR,2011,Whole Year,Sugarcane,115,4261,37.05217391
Assam,CACHAR,2011,Whole Year,Turmeric,325,689,2.12
Assam,CACHAR,2011,Winter,Paddy,90682,177981,1.962693809
Assam,CACHAR,2011,Winter,Rice,90682,177981,1.962693809
Assam,CACHAR,2012,Autumn,Paddy,7680,15518,2.020572917
Assam,CACHAR,2012,Autumn,Rice,7680,15518,2.020572917
Assam,CACHAR,2012,Kharif,Arhar/Tur,117,99,0.846153846
Assam,CACHAR,2012,Kharif,Cotton(lint),94,35,0.372340426
Assam,CACHAR,2012,Kharif,Jute,52,445,8.557692308
Assam,CACHAR,2012,Kharif,Maize,95,60,0.631578947
Assam,CACHAR,2012,Kharif,Mesta,4,18,4.5
Assam,CACHAR,2012,Kharif,Niger seed,18,8,0.444444444
Assam,CACHAR,2012,Kharif,Orange,81,537,6.62962963
Assam,CACHAR,2012,Kharif,Papaya,291,5717,19.64604811
Assam,CACHAR,2012,Kharif,Sesamum,189,114,0.603174603
Assam,CACHAR,2012,Kharif,Small millets,22,12,0.545454545
Assam,CACHAR,2012,Kharif,Tapioca,22,203,9.227272727
Assam,CACHAR,2012,Kharif,Tobacco,7,4,0.571428571
Assam,CACHAR,2012,Rabi,Arecanut,4331,2233,0.515585315
Assam,CACHAR,2012,Rabi,Black pepper,44,88,2
Assam,CACHAR,2012,Rabi,Dry chillies,1078,717,0.665120594
Assam,CACHAR,2012,Rabi,Ginger,239,1672,6.9958159
Assam,CACHAR,2012,Rabi,Gram,61,35,0.573770492
Assam,CACHAR,2012,Rabi,Linseed,26,14,0.538461538
Assam,CACHAR,2012,Rabi,Masoor,29,15,0.517241379
Assam,CACHAR,2012,Rabi,Moong(Green Gram),33,19,0.575757576
Assam,CACHAR,2012,Rabi,Peas & beans (Pulses),378,232,0.613756614
Assam,CACHAR,2012,Rabi,Pineapple,1212,22743,18.76485149
Assam,CACHAR,2012,Rabi,Rapeseed &Mustard,1582,930,0.587863464
Assam,CACHAR,2012,Rabi,Sweet potato,160,1578,9.8625
Assam,CACHAR,2012,Rabi,Urad,835,460,0.550898204
Assam,CACHAR,2012,Rabi,Wheat,65,84,1.292307692
Assam,CACHAR,2012,Summer,Rice,7547,14736,1.952563933
Assam,CACHAR,2012,Whole Year,Banana,2892,51437,17.78596127
Assam,CACHAR,2012,Whole Year,Coconut,1058,2202,2.081285444
Assam,CACHAR,2012,Whole Year,Onion,82,298,3.634146341
Assam,CACHAR,2012,Whole Year,Potato,2009,9072,4.515679443
Assam,CACHAR,2012,Whole Year,Sugarcane,119,4238,35.61344538
Assam,CACHAR,2012,Whole Year,Turmeric,337,716,2.12462908
Assam,CACHAR,2012,Winter,Paddy,91912,202725,2.205642354
Assam,CACHAR,2012,Winter,Rice,91912,202725,2.205642354
Assam,CACHAR,2013,Autumn,Paddy,6430,10288,1.6
Assam,CACHAR,2013,Autumn,Rice,6430,10288,1.6
Assam,CACHAR,2013,Kharif,Arhar/Tur,123,105,0.853658537
Assam,CACHAR,2013,Kharif,Cotton(lint),94,34,0.361702128
Assam,CACHAR,2013,Kharif,Jute,56,575,10.26785714
Assam,CACHAR,2013,Kharif,Maize,99,297,3
Assam,CACHAR,2013,Kharif,Mesta,3,14,4.666666667
Assam,CACHAR,2013,Kharif,Niger seed,19,10,0.526315789
Assam,CACHAR,2013,Kharif,Orange,86,571,6.639534884
Assam,CACHAR,2013,Kharif,Papaya,294,5775,19.64285714
Assam,CACHAR,2013,Kharif,Sesamum,198,130,0.656565657
Assam,CACHAR,2013,Kharif,Small millets,26,13,0.5
Assam,CACHAR,2013,Kharif,Tapioca,23,212,9.217391304
Assam,CACHAR,2013,Kharif,Tobacco,10,6,0.6
Assam,CACHAR,2013,Rabi,Arecanut,4467,1605,0.359301545
Assam,CACHAR,2013,Rabi,Black pepper,45,90,2
Assam,CACHAR,2013,Rabi,Dry chillies,1102,733,0.665154265
Assam,CACHAR,2013,Rabi,Ginger,239,1672,6.9958159
Assam,CACHAR,2013,Rabi,Gram,64,38,0.59375
Assam,CACHAR,2013,Rabi,Linseed,26,13,0.5
Assam,CACHAR,2013,Rabi,Masoor,30,17,0.566666667
Assam,CACHAR,2013,Rabi,Moong(Green Gram),35,21,0.6
Assam,CACHAR,2013,Rabi,Peas & beans (Pulses),498,332,0.666666667
Assam,CACHAR,2013,Rabi,Pineapple,1219,22875,18.76538146
Assam,CACHAR,2013,Rabi,Rapeseed &Mustard,1620,863,0.532716049
Assam,CACHAR,2013,Rabi,Sweet potato,163,1608,9.865030675
Assam,CACHAR,2013,Rabi,Urad,847,491,0.579693034
Assam,CACHAR,2013,Rabi,Wheat,65,84,1.292307692
Assam,CACHAR,2013,Summer,Paddy,7700,12958,1.682857143
Assam,CACHAR,2013,Summer,Rice,7700,12958,1.682857143
Assam,CACHAR,2013,Whole Year,Banana,3075,54692,17.78601626
Assam,CACHAR,2013,Whole Year,Coconut,1123,1230,1.095280499
Assam,CACHAR,2013,Whole Year,Onion,84,290,3.452380952
Assam,CACHAR,2013,Whole Year,Potato,2046,8094,3.95601173
Assam,CACHAR,2013,Whole Year,Sugarcane,126,4263,33.83333333
Assam,CACHAR,2013,Whole Year,Turmeric,345,733,2.124637681
Assam,CACHAR,2013,Winter,Paddy,82347,153041,1.858489077
Assam,CACHAR,2013,Winter,Rice,82347,153041,1.858489077
Assam,CACHAR,2014,Autumn,Paddy,6752,13796,2.043246445
Assam,CACHAR,2014,Autumn,Rice,6752,13796,2.043246445
Assam,CACHAR,2014,Kharif,Arhar/Tur,146,141,0.965753425
Assam,CACHAR,2014,Kharif,Cotton(lint),96,35,0.364583333
Assam,CACHAR,2014,Kharif,Jute,49,533,10.87755102
Assam,CACHAR,2014,Kharif,Maize,102,236,2.31372549
Assam,CACHAR,2014,Kharif,Mesta,3,15,5
Assam,CACHAR,2014,Kharif,Niger seed,19,10,0.526315789
Assam,CACHAR,2014,Kharif,Orange,90,598,6.644444444
Assam,CACHAR,2014,Kharif,Papaya,307,6031,19.64495114
Assam,CACHAR,2014,Kharif,Sesamum,199,127,0.638190955
Assam,CACHAR,2014,Kharif,Small millets,27,17,0.62962963
Assam,CACHAR,2014,Kharif,Tapioca,25,231,9.24
Assam,CACHAR,2014,Kharif,Tobacco,7,4,0.571428571
Assam,CACHAR,2014,Rabi,Black pepper,47,94,2
Assam,CACHAR,2014,Rabi,Dry chillies,1125,752,0.668444444
Assam,CACHAR,2014,Rabi,Ginger,247,1760,7.125506073
Assam,CACHAR,2014,Rabi,Gram,61,46,0.754098361
Assam,CACHAR,2014,Rabi,Linseed,27,17,0.62962963
Assam,CACHAR,2014,Rabi,Masoor,33,22,0.666666667
Assam,CACHAR,2014,Rabi,Moong(Green Gram),36,23,0.638888889
Assam,CACHAR,2014,Rabi,Peas & beans (Pulses),422,353,0.836492891
Assam,CACHAR,2014,Rabi,Pineapple,1246,23381,18.76484751
Assam,CACHAR,2014,Rabi,Rapeseed &Mustard,1725,1133,0.656811594
Assam,CACHAR,2014,Rabi,Sweet potato,164,1585,9.664634146
Assam,CACHAR,2014,Rabi,Urad,917,595,0.648854962
Assam,CACHAR,2014,Rabi,Wheat,65,79,1.215384615
Assam,CACHAR,2014,Summer,Paddy,8235,16088,1.953612629
Assam,CACHAR,2014,Summer,Rice,8235,16088,1.953612629
Assam,CACHAR,2014,Whole Year,Banana,3144,55919,17.78594148
Assam,CACHAR,2014,Whole Year,Onion,94,325,3.457446809
Assam,CACHAR,2014,Whole Year,Potato,2102,14825,7.052806851
Assam,CACHAR,2014,Whole Year,Sugarcane,144,5100,35.41666667
Assam,CACHAR,2014,Whole Year,Turmeric,359,765,2.13091922
Assam,CACHAR,2014,Winter,Paddy,92895,216009,2.325302761
Assam,CACHAR,2014,Winter,Rice,92895,216009,2.325302761
Assam,CHIRANG,2005,Autumn,Rice,10417,8313,0.798022463
Assam,CHIRANG,2005,Kharif,Arhar/Tur,176,147,0.835227273
Assam,CHIRANG,2005,Kharif,Castor seed,28,12,0.428571429
Assam,CHIRANG,2005,Kharif,Cotton(lint),5,2,0.4
Assam,CHIRANG,2005,Kharif,Jute,1242,12379,9.966988728
Assam,CHIRANG,2005,Kharif,Maize,234,143,0.611111111
Assam,CHIRANG,2005,Kharif,Mesta,144,852,5.916666667
Assam,CHIRANG,2005,Kharif,Niger seed,13,7,0.538461538
Assam,CHIRANG,2005,Kharif,Sesamum,342,155,0.453216374
Assam,CHIRANG,2005,Kharif,Small millets,260,126,0.484615385
Assam,CHIRANG,2005,Rabi,Gram,21,10,0.476190476
Assam,CHIRANG,2005,Rabi,Linseed,247,103,0.417004049
Assam,CHIRANG,2005,Rabi,Masoor,1043,576,0.552253116
Assam,CHIRANG,2005,Rabi,Moong(Green Gram),156,64,0.41025641
Assam,CHIRANG,2005,Rabi,Other  Rabi pulses,2761,1505,0.545092358
Assam,CHIRANG,2005,Rabi,Peas & beans (Pulses),313,232,0.741214058
Assam,CHIRANG,2005,Rabi,Rapeseed &Mustard,7534,3933,0.522033448
Assam,CHIRANG,2005,Rabi,Urad,777,264,0.33976834
Assam,CHIRANG,2005,Rabi,Wheat,1577,1823,1.155992391
Assam,CHIRANG,2005,Summer,Rice,3438,5583,1.62390925
Assam,CHIRANG,2005,Whole Year,Banana,527,6382,12.11005693
Assam,CHIRANG,2005,Whole Year,Dry chillies,431,275,0.638051044
Assam,CHIRANG,2005,Whole Year,Onion,81,162,2
Assam,CHIRANG,2005,Whole Year,Potato,1789,11299,6.315818893
Assam,CHIRANG,2005,Whole Year,Sugarcane,95,3533,37.18947368
Assam,CHIRANG,2005,Whole Year,Sweet potato,136,408,3
Assam,CHIRANG,2005,Whole Year,Tapioca,130,556,4.276923077
Assam,CHIRANG,2005,Whole Year,Tobacco,37,19,0.513513514
Assam,CHIRANG,2005,Whole Year,Turmeric,313,183,0.584664537
Assam,CHIRANG,2005,Winter,Rice,29259,35506,1.213506955
Assam,CHIRANG,2006,Autumn,Rice,15038,13303,0.884625615
Assam,CHIRANG,2006,Kharif,Arhar/Tur,160,133,0.83125
Assam,CHIRANG,2006,Kharif,Castor seed,26,11,0.423076923
Assam,CHIRANG,2006,Kharif,Cotton(lint),3,1,0.333333333
Assam,CHIRANG,2006,Kharif,Jute,1209,11714,9.688999173
Assam,CHIRANG,2006,Kharif,Maize,442,269,0.608597285
Assam,CHIRANG,2006,Kharif,Mesta,215,1347,6.265116279
Assam,CHIRANG,2006,Kharif,Niger seed,267,134,0.501872659
Assam,CHIRANG,2006,Kharif,Sesamum,389,176,0.452442159
Assam,CHIRANG,2006,Kharif,Small millets,275,133,0.483636364
Assam,CHIRANG,2006,Rabi,Gram,19,9,0.473684211
Assam,CHIRANG,2006,Rabi,Linseed,244,102,0.418032787
Assam,CHIRANG,2006,Rabi,Masoor,1258,694,0.551669316
Assam,CHIRANG,2006,Rabi,Moong(Green Gram),94,39,0.414893617
Assam,CHIRANG,2006,Rabi,Other  Rabi pulses,534,261,0.488764045
Assam,CHIRANG,2006,Rabi,Peas & beans (Pulses),348,258,0.74137931
Assam,CHIRANG,2006,Rabi,Rapeseed &Mustard,10257,4985,0.486009554
Assam,CHIRANG,2006,Rabi,Urad,958,492,0.513569937
Assam,CHIRANG,2006,Rabi,Wheat,1814,2053,1.131753032
Assam,CHIRANG,2006,Summer,Rice,3757,7578,2.017034868
Assam,CHIRANG,2006,Whole Year,Arecanut,2008,1541,0.767430279
Assam,CHIRANG,2006,Whole Year,Banana,525,6347,12.08952381
Assam,CHIRANG,2006,Whole Year,Coconut,303,2313000,7633.663366
Assam,CHIRANG,2006,Whole Year,Dry chillies,501,319,0.636726547
Assam,CHIRANG,2006,Whole Year,Onion,140,280,2
Assam,CHIRANG,2006,Whole Year,Potato,2214,14376,6.493224932
Assam,CHIRANG,2006,Whole Year,Sugarcane,74,2933,39.63513514
Assam,CHIRANG,2006,Whole Year,Sweet potato,139,417,3
Assam,CHIRANG,2006,Whole Year,Tapioca,310,1313,4.235483871
Assam,CHIRANG,2006,Whole Year,Tobacco,38,19,0.5
Assam,CHIRANG,2006,Whole Year,Turmeric,331,194,0.586102719
Assam,CHIRANG,2006,Winter,Rice,32687,42532,1.301190076
Assam,CHIRANG,2007,Autumn,Rice,15899,12476,0.78470344
Assam,CHIRANG,2007,Kharif,Arhar/Tur,119,99,0.831932773
Assam,CHIRANG,2007,Kharif,Castor seed,16,7,0.4375
Assam,CHIRANG,2007,Kharif,Cotton(lint),3,1,0.333333333
Assam,CHIRANG,2007,Kharif,Jute,1385,14389,10.38916968
Assam,CHIRANG,2007,Kharif,Maize,329,200,0.607902736
Assam,CHIRANG,2007,Kharif,Mesta,209,1324,6.33492823
Assam,CHIRANG,2007,Kharif,Niger seed,191,96,0.502617801
Assam,CHIRANG,2007,Kharif,Sesamum,428,213,0.497663551
Assam,CHIRANG,2007,Kharif,Small millets,132,62,0.46969697
Assam,CHIRANG,2007,Rabi,Gram,15,7,0.466666667
Assam,CHIRANG,2007,Rabi,Linseed,247,105,0.425101215
Assam,CHIRANG,2007,Rabi,Masoor,1462,788,0.538987688
Assam,CHIRANG,2007,Rabi,Moong(Green Gram),110,45,0.409090909
Assam,CHIRANG,2007,Rabi,Other  Rabi pulses,703,342,0.486486486
Assam,CHIRANG,2007,Rabi,Peas & beans (Pulses),352,268,0.761363636
Assam,CHIRANG,2007,Rabi,Rapeseed &Mustard,10943,6072,0.554875263
Assam,CHIRANG,2007,Rabi,Urad,747,553,0.740294511
Assam,CHIRANG,2007,Rabi,Wheat,1316,2203,1.674012158
Assam,CHIRANG,2007,Summer,Rice,3182,5118,1.608422376
Assam,CHIRANG,2007,Whole Year,Arecanut,2207,1865,0.845038514
Assam,CHIRANG,2007,Whole Year,Banana,532,6440,12.10526316
Assam,CHIRANG,2007,Whole Year,Black pepper,15,22,1.466666667
Assam,CHIRANG,2007,Whole Year,Coconut,341,2648000,7765.395894
Assam,CHIRANG,2007,Whole Year,Dry chillies,460,293,0.636956522
Assam,CHIRANG,2007,Whole Year,Dry ginger,153,1065,6.960784314
Assam,CHIRANG,2007,Whole Year,Onion,145,290,2
Assam,CHIRANG,2007,Whole Year,Potato,1804,16412,9.097560976
Assam,CHIRANG,2007,Whole Year,Sugarcane,52,1980,38.07692308
Assam,CHIRANG,2007,Whole Year,Sweet potato,130,390,3
Assam,CHIRANG,2007,Whole Year,Tapioca,310,1315,4.241935484
Assam,CHIRANG,2007,Whole Year,Tobacco,37,18,0.486486486
Assam,CHIRANG,2007,Whole Year,Turmeric,340,200,0.588235294
Assam,CHIRANG,2007,Winter,Rice,34552,34188,0.989465154
Assam,CHIRANG,2008,Autumn,Rice,14608,8786,0.60145126
Assam,CHIRANG,2008,Kharif,Arhar/Tur,128,107,0.8359375
Assam,CHIRANG,2008,Kharif,Castor seed,14,4,0.285714286
Assam,CHIRANG,2008,Kharif,Cotton(lint),2,1,0.5
Assam,CHIRANG,2008,Kharif,Jute,1081,10879,10.06382979
Assam,CHIRANG,2008,Kharif,Maize,418,254,0.607655502
Assam,CHIRANG,2008,Kharif,Mesta,280,1600,5.714285714
Assam,CHIRANG,2008,Kharif,Niger seed,1013,507,0.500493583
Assam,CHIRANG,2008,Kharif,Sesamum,522,207,0.396551724
Assam,CHIRANG,2008,Kharif,Small millets,126,64,0.507936508
Assam,CHIRANG,2008,Rabi,Blackgram,727,430,0.591471802
Assam,CHIRANG,2008,Rabi,Gram,15,7,0.466666667
Assam,CHIRANG,2008,Rabi,Linseed,238,107,0.449579832
Assam,CHIRANG,2008,Rabi,Masoor,1364,662,0.485337243
Assam,CHIRANG,2008,Rabi,Moong(Green Gram),118,48,0.406779661
Assam,CHIRANG,2008,Rabi,Peas & beans (Pulses),365,273,0.747945205
Assam,CHIRANG,2008,Rabi,Rapeseed &Mustard,11056,7976,0.721418234
Assam,CHIRANG,2008,Rabi,Urad,727,430,0.591471802
Assam,CHIRANG,2008,Rabi,Wheat,1706,2044,1.198124267
Assam,CHIRANG,2008,Summer,Rice,3419,4668,1.365311495
Assam,CHIRANG,2008,Whole Year,Arecanut,2260,2451,1.084513274
Assam,CHIRANG,2008,Whole Year,Banana,571,7509,13.15061296
Assam,CHIRANG,2008,Whole Year,Black pepper,14,27,1.928571429
Assam,CHIRANG,2008,Whole Year,Coconut,359,3367000,9378.830084
Assam,CHIRANG,2008,Whole Year,Dry chillies,514,327,0.63618677
Assam,CHIRANG,2008,Whole Year,Dry ginger,273,1901,6.963369963
Assam,CHIRANG,2008,Whole Year,Onion,190,381,2.005263158
Assam,CHIRANG,2008,Whole Year,Potato,1950,15520,7.958974359
Assam,CHIRANG,2008,Whole Year,Sugarcane,61,2342,38.39344262
Assam,CHIRANG,2008,Whole Year,Sweet potato,118,354,3
Assam,CHIRANG,2008,Whole Year,Tapioca,333,1490,4.474474474
Assam,CHIRANG,2008,Whole Year,Tobacco,38,20,0.526315789
Assam,CHIRANG,2008,Whole Year,Turmeric,369,216,0.585365854
Assam,CHIRANG,2008,Winter,Rice,33354,35693,1.070126522
Assam,CHIRANG,2009,Autumn,Rice,14635,12473,0.852271951
Assam,CHIRANG,2009,Kharif,Arhar/Tur,137,114,0.832116788
Assam,CHIRANG,2009,Kharif,Castor seed,19,7,0.368421053
Assam,CHIRANG,2009,Kharif,Cotton(lint),2,1,0.5
Assam,CHIRANG,2009,Kharif,Jute,1101,11013,10.0027248
Assam,CHIRANG,2009,Kharif,Maize,406,247,0.608374384
Assam,CHIRANG,2009,Kharif,Mesta,176,1075,6.107954545
Assam,CHIRANG,2009,Kharif,Niger seed,490,249,0.508163265
Assam,CHIRANG,2009,Kharif,Sesamum,446,200,0.448430493
Assam,CHIRANG,2009,Kharif,Small millets,178,87,0.488764045
Assam,CHIRANG,2009,Rabi,Banana,578,7196,12.44982699
Assam,CHIRANG,2009,Rabi,Gram,16,8,0.5
Assam,CHIRANG,2009,Rabi,Linseed,343,148,0.43148688
Assam,CHIRANG,2009,Rabi,Masoor,1361,715,0.525349008
Assam,CHIRANG,2009,Rabi,Moong(Green Gram),145,59,0.406896552
Assam,CHIRANG,2009,Rabi,Peas & beans (Pulses),355,266,0.749295775
Assam,CHIRANG,2009,Rabi,Rapeseed &Mustard,10752,4730,0.439918155
Assam,CHIRANG,2009,Rabi,Urad,1064,286,0.268796992
Assam,CHIRANG,2009,Rabi,Wheat,1748,2426,1.387871854
Assam,CHIRANG,2009,Summer,Rice,3453,4995,1.446568202
Assam,CHIRANG,2009,Whole Year,Arecanut,2588,2496,0.964451314
Assam,CHIRANG,2009,Whole Year,Banana,578,7196,12.44982699
Assam,CHIRANG,2009,Whole Year,Black pepper,15,25,1.666666667
Assam,CHIRANG,2009,Whole Year,Coconut,323,2964000,9176.470588
Assam,CHIRANG,2009,Whole Year,Dry chillies,492,313,0.636178862
Assam,CHIRANG,2009,Whole Year,Dry ginger,213,1483,6.962441315
Assam,CHIRANG,2009,Whole Year,Onion,158,316,2
Assam,CHIRANG,2009,Whole Year,Potato,2080,18110,8.706730769
Assam,CHIRANG,2009,Whole Year,Sugarcane,62,2425,39.11290323
Assam,CHIRANG,2009,Whole Year,Sweet potato,129,387,3
Assam,CHIRANG,2009,Whole Year,Tapioca,331,1429,4.317220544
Assam,CHIRANG,2009,Whole Year,Tobacco,38,19,0.5
Assam,CHIRANG,2009,Whole Year,Turmeric,347,203,0.585014409
Assam,CHIRANG,2009,Winter,Rice,33708,52037,1.543758158
Assam,CHIRANG,2010,Autumn,Rice,15372,15765,1.025565964
Assam,CHIRANG,2010,Kharif,Arhar/Tur,329,274,0.832826748
Assam,CHIRANG,2010,Kharif,Castor seed,6,2,0.333333333
Assam,CHIRANG,2010,Kharif,Jute,1416,13329,9.413135593
Assam,CHIRANG,2010,Kharif,Maize,478,291,0.608786611
Assam,CHIRANG,2010,Kharif,Mesta,204,1376,6.745098039
Assam,CHIRANG,2010,Kharif,Niger seed,371,192,0.517520216
Assam,CHIRANG,2010,Kharif,Sesamum,383,171,0.446475196
Assam,CHIRANG,2010,Kharif,Small millets,61,28,0.459016393
Assam,CHIRANG,2010,Rabi,Arecanut,2588,2496,0.964451314
Assam,CHIRANG,2010,Rabi,Banana,418,5258,12.57894737
Assam,CHIRANG,2010,Rabi,Gram,213,100,0.469483568
Assam,CHIRANG,2010,Rabi,Linseed,227,100,0.440528634
Assam,CHIRANG,2010,Rabi,Masoor,1382,714,0.516642547
Assam,CHIRANG,2010,Rabi,Moong(Green Gram),143,58,0.405594406
Assam,CHIRANG,2010,Rabi,Peas & beans (Pulses),317,242,0.76340694
Assam,CHIRANG,2010,Rabi,Rapeseed &Mustard,8557,3438,0.401776323
Assam,CHIRANG,2010,Rabi,Urad,806,377,0.467741935
Assam,CHIRANG,2010,Rabi,Wheat,1064,1755,1.64943609
Assam,CHIRANG,2010,Summer,Rice,1713,4240,2.475189726
Assam,CHIRANG,2010,Whole Year,Banana,418,5258,12.57894737
Assam,CHIRANG,2010,Whole Year,Black pepper,12,20,1.666666667
Assam,CHIRANG,2010,Whole Year,Coconut,323,2964000,9176.470588
Assam,CHIRANG,2010,Whole Year,Dry chillies,540,344,0.637037037
Assam,CHIRANG,2010,Whole Year,Dry ginger,391,2722,6.961636829
Assam,CHIRANG,2010,Whole Year,Onion,195,390,2
Assam,CHIRANG,2010,Whole Year,Potato,2287,17200,7.520769567
Assam,CHIRANG,2010,Whole Year,Sugarcane,92,3330,36.19565217
Assam,CHIRANG,2010,Whole Year,Sweet potato,130,390,3
Assam,CHIRANG,2010,Whole Year,Tapioca,773,3361,4.347994825
Assam,CHIRANG,2010,Whole Year,Tobacco,50,26,0.52
Assam,CHIRANG,2010,Whole Year,Turmeric,468,274,0.585470085
Assam,CHIRANG,2010,Winter,Rice,35740,57482,1.608337997
Assam,CHIRANG,2011,Autumn,Paddy,15177,17161,1.130724122
Assam,CHIRANG,2011,Autumn,Rice,15177,17161,1.130724122
Assam,CHIRANG,2011,Kharif,Arhar/Tur,281,246,0.87544484
Assam,CHIRANG,2011,Kharif,Castor seed,13,7,0.538461538
Assam,CHIRANG,2011,Kharif,Cotton(lint),7,3,0.428571429
Assam,CHIRANG,2011,Kharif,Jute,1041,9749,9.365033622
Assam,CHIRANG,2011,Kharif,Maize,356,250,0.702247191
Assam,CHIRANG,2011,Kharif,Mesta,228,1119,4.907894737
Assam,CHIRANG,2011,Kharif,Niger seed,625,321,0.5136
Assam,CHIRANG,2011,Kharif,Orange,1117,13626,12.19874664
Assam,CHIRANG,2011,Kharif,Papaya,197,32,0.162436548
Assam,CHIRANG,2011,Kharif,Sesamum,450,249,0.553333333
Assam,CHIRANG,2011,Kharif,Small millets,122,63,0.516393443
Assam,CHIRANG,2011,Kharif,Tapioca,741,3594,4.850202429
Assam,CHIRANG,2011,Kharif,Tobacco,74,38,0.513513514
Assam,CHIRANG,2011,Rabi,Arecanut,2912,2524,0.866758242
Assam,CHIRANG,2011,Rabi,Black pepper,14,24,1.714285714
Assam,CHIRANG,2011,Rabi,Dry chillies,515,411,0.798058252
Assam,CHIRANG,2011,Rabi,Ginger,302,1510,5
Assam,CHIRANG,2011,Rabi,Gram,81,42,0.518518519
Assam,CHIRANG,2011,Rabi,Linseed,269,126,0.468401487
Assam,CHIRANG,2011,Rabi,Masoor,1170,621,0.530769231
Assam,CHIRANG,2011,Rabi,Moong(Green Gram),129,62,0.480620155
Assam,CHIRANG,2011,Rabi,Peas & beans (Pulses),249,192,0.771084337
Assam,CHIRANG,2011,Rabi,Pineapple,560,10505,18.75892857
Assam,CHIRANG,2011,Rabi,Rapeseed &Mustard,9196,4794,0.521313615
Assam,CHIRANG,2011,Rabi,Sweet potato,126,429,3.404761905
Assam,CHIRANG,2011,Rabi,Urad,770,368,0.477922078
Assam,CHIRANG,2011,Rabi,Wheat,966,990,1.02484472
Assam,CHIRANG,2011,Summer,Paddy,442,1106,2.502262443
Assam,CHIRANG,2011,Summer,Rice,442,1106,2.502262443
Assam,CHIRANG,2011,Whole Year,Banana,512,6912,13.5
Assam,CHIRANG,2011,Whole Year,Coconut,451,3748,8.310421286
Assam,CHIRANG,2011,Whole Year,Onion,181,547,3.022099448
Assam,CHIRANG,2011,Whole Year,Potato,2384,18118,7.599832215
Assam,CHIRANG,2011,Whole Year,Sugarcane,96,3557,37.05208333
Assam,CHIRANG,2011,Whole Year,Turmeric,395,259,0.655696203
Assam,CHIRANG,2011,Winter,Paddy,35480,42430,1.195885006
Assam,CHIRANG,2011,Winter,Rice,35480,42430,1.195885006
Assam,CHIRANG,2012,Autumn,Paddy,17722,22966,1.295903397
Assam,CHIRANG,2012,Autumn,Rice,17722,22966,1.295903397
Assam,CHIRANG,2012,Kharif,Arhar/Tur,368,342,0.929347826
Assam,CHIRANG,2012,Kharif,Castor seed,6,3,0.5
Assam,CHIRANG,2012,Kharif,Cotton(lint),34,15,0.441176471
Assam,CHIRANG,2012,Kharif,Jute,2165,18561,8.573210162
Assam,CHIRANG,2012,Kharif,Maize,516,410,0.794573643
Assam,CHIRANG,2012,Kharif,Mesta,253,1773,7.007905138
Assam,CHIRANG,2012,Kharif,Niger seed,195,103,0.528205128
Assam,CHIRANG,2012,Kharif,Orange,1188,14630,12.31481481
Assam,CHIRANG,2012,Kharif,Papaya,251,4096,16.3187251
Assam,CHIRANG,2012,Kharif,Sesamum,331,213,0.643504532
Assam,CHIRANG,2012,Kharif,Small millets,54,25,0.462962963
Assam,CHIRANG,2012,Kharif,Tapioca,705,3560,5.04964539
Assam,CHIRANG,2012,Kharif,Tobacco,77,39,0.506493506
Assam,CHIRANG,2012,Rabi,Arecanut,2267,2232,0.984561094
Assam,CHIRANG,2012,Rabi,Black pepper,17,29,1.705882353
Assam,CHIRANG,2012,Rabi,Dry chillies,412,356,0.86407767
Assam,CHIRANG,2012,Rabi,Ginger,371,1864,5.02425876
Assam,CHIRANG,2012,Rabi,Gram,133,69,0.518796992
Assam,CHIRANG,2012,Rabi,Linseed,203,102,0.502463054
Assam,CHIRANG,2012,Rabi,Masoor,1880,1114,0.592553191
Assam,CHIRANG,2012,Rabi,Moong(Green Gram),124,66,0.532258065
Assam,CHIRANG,2012,Rabi,Peas & beans (Pulses),241,194,0.804979253
Assam,CHIRANG,2012,Rabi,Pineapple,645,12171,18.86976744
Assam,CHIRANG,2012,Rabi,Rapeseed &Mustard,9245,3211,0.347322877
Assam,CHIRANG,2012,Rabi,Sweet potato,127,449,3.535433071
Assam,CHIRANG,2012,Rabi,Urad,756,265,0.350529101
Assam,CHIRANG,2012,Rabi,Wheat,614,616,1.003257329
Assam,CHIRANG,2012,Summer,Rice,3262,9672,2.965052115
Assam,CHIRANG,2012,Whole Year,Banana,647,10652,16.46367852
Assam,CHIRANG,2012,Whole Year,Coconut,478,2949,6.169456067
Assam,CHIRANG,2012,Whole Year,Onion,200,629,3.145
Assam,CHIRANG,2012,Whole Year,Potato,2854,21810,7.641906097
Assam,CHIRANG,2012,Whole Year,Sugarcane,193,6873,35.61139896
Assam,CHIRANG,2012,Whole Year,Turmeric,470,317,0.674468085
Assam,CHIRANG,2012,Winter,Paddy,36176,50867,1.406097966
Assam,CHIRANG,2012,Winter,Rice,36176,50867,1.406097966
Assam,CHIRANG,2013,Autumn,Paddy,8879,11707,1.318504336
Assam,CHIRANG,2013,Autumn,Rice,8879,11707,1.318504336
Assam,CHIRANG,2013,Kharif,Arhar/Tur,262,216,0.824427481
Assam,CHIRANG,2013,Kharif,Castor seed,4,2,0.5
Assam,CHIRANG,2013,Kharif,Cotton(lint),27,11,0.407407407
Assam,CHIRANG,2013,Kharif,Jute,1239,12727,10.27199354
Assam,CHIRANG,2013,Kharif,Maize,397,770,1.939546599
Assam,CHIRANG,2013,Kharif,Mesta,246,2660,10.81300813
Assam,CHIRANG,2013,Kharif,Niger seed,195,128,0.656410256
Assam,CHIRANG,2013,Kharif,Orange,1080,13300,12.31481481
Assam,CHIRANG,2013,Kharif,Papaya,257,4194,16.31906615
Assam,CHIRANG,2013,Kharif,Sesamum,383,218,0.569190601
Assam,CHIRANG,2013,Kharif,Small millets,63,50,0.793650794
Assam,CHIRANG,2013,Kharif,Tapioca,187,944,5.048128342
Assam,CHIRANG,2013,Kharif,Tobacco,79,40,0.506329114
Assam,CHIRANG,2013,Rabi,Arecanut,2291,1555,0.678742907
Assam,CHIRANG,2013,Rabi,Black pepper,16,28,1.75
Assam,CHIRANG,2013,Rabi,Dry chillies,424,367,0.865566038
Assam,CHIRANG,2013,Rabi,Ginger,348,1749,5.025862069
Assam,CHIRANG,2013,Rabi,Gram,141,75,0.531914894
Assam,CHIRANG,2013,Rabi,Linseed,197,131,0.664974619
Assam,CHIRANG,2013,Rabi,Masoor,1914,1599,0.835423197
Assam,CHIRANG,2013,Rabi,Moong(Green Gram),119,55,0.462184874
Assam,CHIRANG,2013,Rabi,Peas & beans (Pulses),397,272,0.685138539
Assam,CHIRANG,2013,Rabi,Pineapple,686,12945,18.87026239
Assam,CHIRANG,2013,Rabi,Rapeseed &Mustard,7791,3893,0.499679117
Assam,CHIRANG,2013,Rabi,Sweet potato,125,442,3.536
Assam,CHIRANG,2013,Rabi,Urad,1419,696,0.490486258
Assam,CHIRANG,2013,Rabi,Wheat,647,633,0.978361669
Assam,CHIRANG,2013,Summer,Paddy,2727,6025,2.209387605
Assam,CHIRANG,2013,Summer,Rice,2727,6025,2.209387605
Assam,CHIRANG,2013,Whole Year,Banana,763,12562,16.46395806
Assam,CHIRANG,2013,Whole Year,Coconut,583,4048,6.943396226
Assam,CHIRANG,2013,Whole Year,Onion,182,573,3.148351648
Assam,CHIRANG,2013,Whole Year,Potato,2801,22907,8.17815066
Assam,CHIRANG,2013,Whole Year,Sugarcane,209,7727,36.97129187
Assam,CHIRANG,2013,Whole Year,Turmeric,404,273,0.675742574
Assam,CHIRANG,2013,Winter,Paddy,35250,58207,1.651262411
Assam,CHIRANG,2013,Winter,Rice,35250,58207,1.651262411
Assam,CHIRANG,2014,Autumn,Paddy,6255,6553,1.047641886
Assam,CHIRANG,2014,Autumn,Rice,6255,6553,1.047641886
Assam,CHIRANG,2014,Kharif,Arhar/Tur,222,236,1.063063063
Assam,CHIRANG,2014,Kharif,Cotton(lint),24,10,0.416666667
Assam,CHIRANG,2014,Kharif,Jute,1020,8966,8.790196078
Assam,CHIRANG,2014,Kharif,Maize,297,864,2.909090909
Assam,CHIRANG,2014,Kharif,Mesta,152,1105,7.269736842
Assam,CHIRANG,2014,Kharif,Niger seed,211,138,0.654028436
Assam,CHIRANG,2014,Kharif,Orange,1100,13557,12.32454545
Assam,CHIRANG,2014,Kharif,Papaya,253,4129,16.3201581
Assam,CHIRANG,2014,Kharif,Sesamum,394,272,0.69035533
Assam,CHIRANG,2014,Kharif,Small millets,70,40,0.571428571
Assam,CHIRANG,2014,Kharif,Tapioca,208,1050,5.048076923
Assam,CHIRANG,2014,Kharif,Tobacco,99,51,0.515151515
Assam,CHIRANG,2014,Rabi,Black pepper,14,24,1.714285714
Assam,CHIRANG,2014,Rabi,Dry chillies,454,398,0.876651982
Assam,CHIRANG,2014,Rabi,Ginger,488,2457,5.034836066
Assam,CHIRANG,2014,Rabi,Gram,118,79,0.669491525
Assam,CHIRANG,2014,Rabi,Linseed,189,111,0.587301587
Assam,CHIRANG,2014,Rabi,Masoor,1994,1558,0.781344032
Assam,CHIRANG,2014,Rabi,Moong(Green Gram),127,76,0.598425197
Assam,CHIRANG,2014,Rabi,Peas & beans (Pulses),419,458,1.093078759
Assam,CHIRANG,2014,Rabi,Pineapple,712,13436,18.87078652
Assam,CHIRANG,2014,Rabi,Rapeseed &Mustard,11555,5606,0.48515794
Assam,CHIRANG,2014,Rabi,Sweet potato,239,846,3.539748954
Assam,CHIRANG,2014,Rabi,Urad,771,326,0.422827497
Assam,CHIRANG,2014,Rabi,Wheat,765,832,1.087581699
Assam,CHIRANG,2014,Summer,Paddy,3413,8114,2.377380604
Assam,CHIRANG,2014,Summer,Rice,3413,8114,2.377380604
Assam,CHIRANG,2014,Whole Year,Banana,872,14356,16.46330275
Assam,CHIRANG,2014,Whole Year,Onion,199,629,3.16080402
Assam,CHIRANG,2014,Whole Year,Potato,3536,32583,9.214649321
Assam,CHIRANG,2014,Whole Year,Sugarcane,147,5404,36.76190476
Assam,CHIRANG,2014,Whole Year,Turmeric,552,378,0.684782609
Assam,CHIRANG,2014,Winter,Paddy,35857,58189,1.622807262
Assam,CHIRANG,2014,Winter,Rice,35857,58189,1.622807262
Assam,DARRANG,1997,Autumn,Rice,68782,40252,0.585211247
Assam,DARRANG,1997,Kharif,Arhar/Tur,442,257,0.581447964
Assam,DARRANG,1997,Kharif,Cotton(lint),40,19,0.475
Assam,DARRANG,1997,Kharif,Jute,10650,93783,8.805915493
Assam,DARRANG,1997,Kharif,Maize,811,494,0.609124538
Assam,DARRANG,1997,Kharif,Mesta,737,3335,4.525101764
Assam,DARRANG,1997,Kharif,Small millets,250,164,0.656
Assam,DARRANG,1997,Kharif,Sugarcane,971,40521,41.73120494
Assam,DARRANG,1997,Rabi,Gram,339,221,0.651917404
Assam,DARRANG,1997,Rabi,Linseed,660,293,0.443939394
Assam,DARRANG,1997,Rabi,Other  Rabi pulses,9423,4766,0.505783721
Assam,DARRANG,1997,Rabi,Rapeseed &Mustard,24378,11522,0.472639265
Assam,DARRANG,1997,Rabi,Wheat,3665,4021,1.097135061
Assam,DARRANG,1997,Summer,Rice,7767,8937,1.150637312
Assam,DARRANG,1997,Whole Year,Arecanut,4325,1710,0.395375723
Assam,DARRANG,1997,Whole Year,Coconut,864,8766,10.14583333
Assam,DARRANG,1997,Whole Year,Dry chillies,1179,862,0.731128075
Assam,DARRANG,1997,Whole Year,Niger seed,140,70,0.5
Assam,DARRANG,1997,Whole Year,Onion,594,1485,2.5
Assam,DARRANG,1997,Whole Year,Potato,5196,29065,5.593725943
Assam,DARRANG,1997,Whole Year,Sesamum,928,572,0.61637931
Assam,DARRANG,1997,Whole Year,Sweet potato,424,1060,2.5
Assam,DARRANG,1997,Whole Year,Tapioca,235,933,3.970212766
Assam,DARRANG,1997,Whole Year,Turmeric,871,530,0.608495982
Assam,DARRANG,1997,Winter,Rice,93133,70404,0.755951167
Assam,DARRANG,1998,Autumn,Rice,68800,59143,0.859636628
Assam,DARRANG,1998,Kharif,Arhar/Tur,440,256,0.581818182
Assam,DARRANG,1998,Kharif,Castor seed,82,33,0.402439024
Assam,DARRANG,1998,Kharif,Cotton(lint),40,19,0.475
Assam,DARRANG,1998,Kharif,Jute,8600,80308,9.338139535
Assam,DARRANG,1998,Kharif,Maize,805,492,0.611180124
Assam,DARRANG,1998,Kharif,Mesta,697,3141,4.506456241
Assam,DARRANG,1998,Kharif,Niger seed,230,115,0.5
Assam,DARRANG,1998,Kharif,Sesamum,1045,645,0.61722488
Assam,DARRANG,1998,Kharif,Small millets,264,173,0.65530303
Assam,DARRANG,1998,Rabi,Gram,355,232,0.653521127
Assam,DARRANG,1998,Rabi,Linseed,670,291,0.434328358
Assam,DARRANG,1998,Rabi,Other  Rabi pulses,8663,4557,0.526030244
Assam,DARRANG,1998,Rabi,Rapeseed &Mustard,26486,9703,0.366344484
Assam,DARRANG,1998,Rabi,Wheat,3833,3947,1.029741717
Assam,DARRANG,1998,Summer,Rice,7795,10605,1.360487492
Assam,DARRANG,1998,Whole Year,Arecanut,4580,2050,0.447598253
Assam,DARRANG,1998,Whole Year,Banana,1810,23479,12.9718232
Assam,DARRANG,1998,Whole Year,Coconut,865,4899000,5663.583815
Assam,DARRANG,1998,Whole Year,Dry chillies,1347,968,0.718634001
Assam,DARRANG,1998,Whole Year,Onion,535,1338,2.500934579
Assam,DARRANG,1998,Whole Year,Potato,5594,30261,5.409545942
Assam,DARRANG,1998,Whole Year,Sugarcane,1118,44635,39.92397138
Assam,DARRANG,1998,Whole Year,Sweet potato,495,1238,2.501010101
Assam,DARRANG,1998,Whole Year,Tapioca,410,1678,4.092682927
Assam,DARRANG,1998,Whole Year,Tobacco,38,23,0.605263158
Assam,DARRANG,1998,Whole Year,Turmeric,925,562,0.607567568
Assam,DARRANG,1998,Winter,Rice,82291,104485,1.269701425
Assam,DARRANG,1999,Autumn,Rice,68700,61025,0.888282387
Assam,DARRANG,1999,Kharif,Arhar/Tur,515,301,0.584466019
Assam,DARRANG,1999,Kharif,Castor seed,77,30,0.38961039
Assam,DARRANG,1999,Kharif,Cotton(lint),37,17,0.459459459
Assam,DARRANG,1999,Kharif,Jute,8235,80944,9.829265331
Assam,DARRANG,1999,Kharif,Maize,821,501,0.610231425
Assam,DARRANG,1999,Kharif,Mesta,621,2792,4.495974235
Assam,DARRANG,1999,Kharif,Niger seed,245,123,0.502040816
Assam,DARRANG,1999,Kharif,Sesamum,1055,652,0.618009479
Assam,DARRANG,1999,Kharif,Small millets,250,166,0.664
Assam,DARRANG,1999,Rabi,Gram,255,166,0.650980392
Assam,DARRANG,1999,Rabi,Linseed,645,277,0.429457364
Assam,DARRANG,1999,Rabi,Other  Rabi pulses,10137,6233,0.614876196
Assam,DARRANG,1999,Rabi,Rapeseed &Mustard,30188,10619,0.35176229
Assam,DARRANG,1999,Rabi,Wheat,4350,5210,1.197701149
Assam,DARRANG,1999,Summer,Rice,13501,27841,2.062143545
Assam,DARRANG,1999,Whole Year,Arecanut,4733,3148,0.665117262
Assam,DARRANG,1999,Whole Year,Banana,1890,24511,12.96878307
Assam,DARRANG,1999,Whole Year,Coconut,955,6293000,6589.528796
Assam,DARRANG,1999,Whole Year,Dry chillies,1364,979,0.717741935
Assam,DARRANG,1999,Whole Year,Onion,550,1375,2.5
Assam,DARRANG,1999,Whole Year,Potato,7196,55405,7.699416342
Assam,DARRANG,1999,Whole Year,Sugarcane,1080,39488,36.56296296
Assam,DARRANG,1999,Whole Year,Sweet potato,500,1251,2.502
Assam,DARRANG,1999,Whole Year,Tapioca,412,1685,4.089805825
Assam,DARRANG,1999,Whole Year,Tobacco,46,28,0.608695652
Assam,DARRANG,1999,Whole Year,Turmeric,920,558,0.606521739
Assam,DARRANG,1999,Winter,Rice,104375,121213,1.161322156
Assam,DARRANG,2000,Autumn,Rice,80258,71065,0.885456901
Assam,DARRANG,2000,Kharif,Arhar/Tur,486,284,0.58436214
Assam,DARRANG,2000,Kharif,Castor seed,73,29,0.397260274
Assam,DARRANG,2000,Kharif,Cotton(lint),31,14,0.451612903
Assam,DARRANG,2000,Kharif,Jute,9960,75308,7.561044177
Assam,DARRANG,2000,Kharif,Maize,801,489,0.610486891
Assam,DARRANG,2000,Kharif,Mesta,1121,4870,4.344335415
Assam,DARRANG,2000,Kharif,Niger seed,350,175,0.5
Assam,DARRANG,2000,Kharif,Sesamum,1080,667,0.617592593
Assam,DARRANG,2000,Kharif,Small millets,240,157,0.654166667
Assam,DARRANG,2000,Rabi,Gram,179,116,0.648044693
Assam,DARRANG,2000,Rabi,Linseed,625,288,0.4608
Assam,DARRANG,2000,Rabi,Other  Rabi pulses,10870,6285,0.578196872
Assam,DARRANG,2000,Rabi,Rapeseed &Mustard,25642,11175,0.435808439
Assam,DARRANG,2000,Rabi,Wheat,3897,5110,1.311265076
Assam,DARRANG,2000,Summer,Rice,16100,23684,1.471055901
Assam,DARRANG,2000,Whole Year,Arecanut,4749,2976,0.626658244
Assam,DARRANG,2000,Whole Year,Banana,1950,25290,12.96923077
Assam,DARRANG,2000,Whole Year,Coconut,981,5192000,5292.558614
Assam,DARRANG,2000,Whole Year,Dry chillies,1420,1016,0.715492958
Assam,DARRANG,2000,Whole Year,Onion,560,1400,2.5
Assam,DARRANG,2000,Whole Year,Potato,8100,56533,6.979382716
Assam,DARRANG,2000,Whole Year,Sugarcane,1118,33668,30.11449016
Assam,DARRANG,2000,Whole Year,Sweet potato,430,1075,2.5
Assam,DARRANG,2000,Whole Year,Tapioca,398,1618,4.065326633
Assam,DARRANG,2000,Whole Year,Tobacco,46,28,0.608695652
Assam,DARRANG,2000,Whole Year,Turmeric,950,577,0.607368421
Assam,DARRANG,2000,Winter,Rice,104475,153306,1.467394113
Assam,DARRANG,2001,Autumn,Rice,77720,86816,1.117035512
Assam,DARRANG,2001,Kharif,Arhar/Tur,520,303,0.582692308
Assam,DARRANG,2001,Kharif,Castor seed,61,24,0.393442623
Assam,DARRANG,2001,Kharif,Cotton(lint),29,13,0.448275862
Assam,DARRANG,2001,Kharif,Jute,7900,84591,10.70772152
Assam,DARRANG,2001,Kharif,Maize,727,444,0.610729023
Assam,DARRANG,2001,Kharif,Mesta,899,3952,4.395995551
Assam,DARRANG,2001,Kharif,Niger seed,315,158,0.501587302
Assam,DARRANG,2001,Kharif,Sesamum,1097,677,0.617137648
Assam,DARRANG,2001,Kharif,Small millets,247,161,0.651821862
Assam,DARRANG,2001,Rabi,Gram,169,110,0.650887574
Assam,DARRANG,2001,Rabi,Linseed,855,367,0.429239766
Assam,DARRANG,2001,Rabi,Masoor,1172,820,0.699658703
Assam,DARRANG,2001,Rabi,Moong(Green Gram),885,449,0.507344633
Assam,DARRANG,2001,Rabi,Other  Rabi pulses,11182,6292,0.562690038
Assam,DARRANG,2001,Rabi,Peas & beans (Pulses),1535,894,0.582410423
Assam,DARRANG,2001,Rabi,Rapeseed &Mustard,24700,11623,0.470566802
Assam,DARRANG,2001,Rabi,Urad,4555,2584,0.567288694
Assam,DARRANG,2001,Rabi,Wheat,4483,5581,1.244925273
Assam,DARRANG,2001,Summer,Rice,16470,33010,2.004250152
Assam,DARRANG,2001,Whole Year,Arecanut,4800,3842,0.800416667
Assam,DARRANG,2001,Whole Year,Banana,1850,24001,12.97351351
Assam,DARRANG,2001,Whole Year,Coconut,1050,8639000,8227.619048
Assam,DARRANG,2001,Whole Year,Dry chillies,1523,1063,0.697964544
Assam,DARRANG,2001,Whole Year,Onion,605,1513,2.500826446
Assam,DARRANG,2001,Whole Year,Potato,8769,60969,6.952788231
Assam,DARRANG,2001,Whole Year,Sugarcane,1143,36145,31.62292213
Assam,DARRANG,2001,Whole Year,Sweet potato,440,1101,2.502272727
Assam,DARRANG,2001,Whole Year,Tapioca,456,1847,4.050438596
Assam,DARRANG,2001,Whole Year,Tobacco,35,21,0.6
Assam,DARRANG,2001,Whole Year,Turmeric,1006,611,0.607355865
Assam,DARRANG,2001,Winter,Rice,94000,148207,1.576670213
Assam,DARRANG,2002,Autumn,Rice,62722,62640,0.998692644
Assam,DARRANG,2002,Kharif,Arhar/Tur,500,291,0.582
Assam,DARRANG,2002,Kharif,Castor seed,56,22,0.392857143
Assam,DARRANG,2002,Kharif,Cotton(lint),17,8,0.470588235
Assam,DARRANG,2002,Kharif,Jute,8760,129727,14.80901826
Assam,DARRANG,2002,Kharif,Maize,731,446,0.610123119
Assam,DARRANG,2002,Kharif,Mesta,712,3098,4.351123596
Assam,DARRANG,2002,Kharif,Niger seed,801,401,0.50062422
Assam,DARRANG,2002,Kharif,Sesamum,1035,638,0.616425121
Assam,DARRANG,2002,Kharif,Small millets,262,171,0.652671756
Assam,DARRANG,2002,Rabi,Gram,186,121,0.650537634
Assam,DARRANG,2002,Rabi,Linseed,835,369,0.441916168
Assam,DARRANG,2002,Rabi,Masoor,915,641,0.700546448
Assam,DARRANG,2002,Rabi,Moong(Green Gram),880,447,0.507954545
Assam,DARRANG,2002,Rabi,Other  Rabi pulses,8390,4509,0.537425507
Assam,DARRANG,2002,Rabi,Peas & beans (Pulses),1525,893,0.58557377
Assam,DARRANG,2002,Rabi,Rapeseed &Mustard,23175,9385,0.404962244
Assam,DARRANG,2002,Rabi,Urad,4400,2190,0.497727273
Assam,DARRANG,2002,Rabi,Wheat,5607,6681,1.191546281
Assam,DARRANG,2002,Summer,Rice,16000,30154,1.884625
Assam,DARRANG,2002,Whole Year,Arecanut,5060,3052,0.603162055
Assam,DARRANG,2002,Whole Year,Banana,1950,25292,12.97025641
Assam,DARRANG,2002,Whole Year,Coconut,1048,2832000,2702.290076
Assam,DARRANG,2002,Whole Year,Dry chillies,1582,1106,0.699115044
Assam,DARRANG,2002,Whole Year,Onion,620,1550,2.5
Assam,DARRANG,2002,Whole Year,Orange,398,4102,10.30653266
Assam,DARRANG,2002,Whole Year,Papaya,349,4436,12.71060172
Assam,DARRANG,2002,Whole Year,Pineapple,520,7767,14.93653846
Assam,DARRANG,2002,Whole Year,Potato,8500,52357,6.159647059
Assam,DARRANG,2002,Whole Year,Sugarcane,1090,37462,34.36880734
Assam,DARRANG,2002,Whole Year,Sweet potato,460,1150,2.5
Assam,DARRANG,2002,Whole Year,Tapioca,331,1363,4.117824773
Assam,DARRANG,2002,Whole Year,Tobacco,13,8,0.615384615
Assam,DARRANG,2002,Whole Year,Turmeric,1025,623,0.607804878
Assam,DARRANG,2002,Winter,Rice,91815,112768,1.228208898
Assam,DARRANG,2003,Autumn,Rice,58340,60241,1.032584847
Assam,DARRANG,2003,Kharif,Arhar/Tur,505,295,0.584158416
Assam,DARRANG,2003,Kharif,Castor seed,23,9,0.391304348
Assam,DARRANG,2003,Kharif,Cotton(lint),7,3,0.428571429
Assam,DARRANG,2003,Kharif,Jute,11600,157129,13.54560345
Assam,DARRANG,2003,Kharif,Maize,713,435,0.610098177
Assam,DARRANG,2003,Kharif,Mesta,796,3454,4.33919598
Assam,DARRANG,2003,Kharif,Niger seed,756,392,0.518518519
Assam,DARRANG,2003,Kharif,Sesamum,1070,660,0.61682243
Assam,DARRANG,2003,Kharif,Small millets,246,160,0.650406504
Assam,DARRANG,2003,Rabi,Gram,187,121,0.647058824
Assam,DARRANG,2003,Rabi,Linseed,650,311,0.478461538
Assam,DARRANG,2003,Rabi,Masoor,1077,716,0.664809656
Assam,DARRANG,2003,Rabi,Moong(Green Gram),860,444,0.51627907
Assam,DARRANG,2003,Rabi,other misc. pulses,649,328,0.505392912
Assam,DARRANG,2003,Rabi,Peas & beans (Pulses),1841,1113,0.604562738
Assam,DARRANG,2003,Rabi,Rapeseed &Mustard,26550,11732,0.441883239
Assam,DARRANG,2003,Rabi,Urad,4400,2465,0.560227273
Assam,DARRANG,2003,Rabi,Wheat,6039,5490,0.909090909
Assam,DARRANG,2003,Summer,Rice,13159,21880,1.66274033
Assam,DARRANG,2003,Whole Year,Arecanut,5072,3036,0.598580442
Assam,DARRANG,2003,Whole Year,Banana,1920,24908,12.97291667
Assam,DARRANG,2003,Whole Year,Coconut,1070,7711000,7206.542056
Assam,DARRANG,2003,Whole Year,Dry chillies,1620,1129,0.69691358
Assam,DARRANG,2003,Whole Year,Onion,620,1550,2.5
Assam,DARRANG,2003,Whole Year,Orange,375,3983,10.62133333
Assam,DARRANG,2003,Whole Year,Papaya,380,4821,12.68684211
Assam,DARRANG,2003,Whole Year,Pineapple,605,9103,15.04628099
Assam,DARRANG,2003,Whole Year,Potato,9586,59982,6.257250156
Assam,DARRANG,2003,Whole Year,Sugarcane,990,40285,40.69191919
Assam,DARRANG,2003,Whole Year,Sweet potato,460,1150,2.5
Assam,DARRANG,2003,Whole Year,Tapioca,315,1297,4.117460317
Assam,DARRANG,2003,Whole Year,Tobacco,14,8,0.571428571
Assam,DARRANG,2003,Whole Year,Turmeric,1015,617,0.607881773
Assam,DARRANG,2003,Winter,Rice,85117,133238,1.565351222
Assam,DARRANG,2004,Autumn,Rice,60000,33992,0.566533333
Assam,DARRANG,2004,Kharif,Arhar/Tur,422,247,0.585308057
Assam,DARRANG,2004,Kharif,Castor seed,8,3,0.375
Assam,DARRANG,2004,Kharif,Cotton(lint),9,4,0.444444444
Assam,DARRANG,2004,Kharif,Jute,9445,69718,7.381471678
Assam,DARRANG,2004,Kharif,Mesta,740,3210,4.337837838
Assam,DARRANG,2004,Kharif,Niger seed,808,413,0.511138614
Assam,DARRANG,2004,Kharif,Sesamum,996,615,0.61746988
Assam,DARRANG,2004,Kharif,Small millets,150,96,0.64
Assam,DARRANG,2004,Rabi,Gram,155,101,0.651612903
Assam,DARRANG,2004,Rabi,Linseed,795,357,0.449056604
Assam,DARRANG,2004,Rabi,Masoor,900,622,0.691111111
Assam,DARRANG,2004,Rabi,Moong(Green Gram),1090,562,0.51559633
Assam,DARRANG,2004,Rabi,Other  Rabi pulses,9275,6449,0.695309973
Assam,DARRANG,2004,Rabi,Peas & beans (Pulses),1402,872,0.621968616
Assam,DARRANG,2004,Rabi,Rapeseed &Mustard,26336,12399,0.470800425
Assam,DARRANG,2004,Rabi,Urad,3983,3426,0.860155662
Assam,DARRANG,2004,Rabi,Wheat,6200,5439,0.877258065
Assam,DARRANG,2004,Summer,Rice,10581,18529,1.751157736
Assam,DARRANG,2004,Whole Year,Coconut,1082,8778000,8112.754159
Assam,DARRANG,2004,Whole Year,Dry chillies,1050,695,0.661904762
Assam,DARRANG,2004,Whole Year,Onion,625,1563,2.5008
Assam,DARRANG,2004,Whole Year,Potato,9781,96457,9.861670586
Assam,DARRANG,2004,Whole Year,Sugarcane,1080,37380,34.61111111
Assam,DARRANG,2004,Whole Year,Sweet potato,500,1250,2.5
Assam,DARRANG,2004,Whole Year,Tobacco,7,5,0.714285714
Assam,DARRANG,2004,Whole Year,Turmeric,878,535,0.609339408
Assam,DARRANG,2004,Winter,Rice,74305,103631,1.394670614
Assam,DARRANG,2005,Autumn,Rice,33000,43188,1.308727273
Assam,DARRANG,2005,Kharif,Arhar/Tur,235,135,0.574468085
Assam,DARRANG,2005,Kharif,Castor seed,4,2,0.5
Assam,DARRANG,2005,Kharif,Cotton(lint),6,3,0.5
Assam,DARRANG,2005,Kharif,Jute,4000,35067,8.76675
Assam,DARRANG,2005,Kharif,Maize,450,271,0.602222222
Assam,DARRANG,2005,Kharif,Mesta,205,958,4.673170732
Assam,DARRANG,2005,Kharif,Niger seed,195,98,0.502564103
Assam,DARRANG,2005,Kharif,Sesamum,336,207,0.616071429
Assam,DARRANG,2005,Kharif,Small millets,137,91,0.664233577
Assam,DARRANG,2005,Rabi,Gram,117,76,0.64957265
Assam,DARRANG,2005,Rabi,Linseed,266,139,0.522556391
Assam,DARRANG,2005,Rabi,Masoor,391,274,0.700767263
Assam,DARRANG,2005,Rabi,Moong(Green Gram),469,238,0.507462687
Assam,DARRANG,2005,Rabi,Other  Rabi pulses,3986,2420,0.607124937
Assam,DARRANG,2005,Rabi,Peas & beans (Pulses),625,444,0.7104
Assam,DARRANG,2005,Rabi,Rapeseed &Mustard,12504,4214,0.337012156
Assam,DARRANG,2005,Rabi,Urad,1954,586,0.299897646
Assam,DARRANG,2005,Rabi,Wheat,1527,2214,1.449901768
Assam,DARRANG,2005,Summer,Rice,1527,2692,1.762933857
Assam,DARRANG,2005,Whole Year,Arecanut,5080,3645,0.717519685
Assam,DARRANG,2005,Whole Year,Banana,1470,19110,13
Assam,DARRANG,2005,Whole Year,Dry chillies,610,454,0.744262295
Assam,DARRANG,2005,Whole Year,Onion,313,783,2.501597444
Assam,DARRANG,2005,Whole Year,Potato,1710,9441,5.521052632
Assam,DARRANG,2005,Whole Year,Sugarcane,469,13245,28.24093817
Assam,DARRANG,2005,Whole Year,Sweet potato,235,588,2.50212766
Assam,DARRANG,2005,Whole Year,Tapioca,50,194,3.88
Assam,DARRANG,2005,Whole Year,Tobacco,5,3,0.6
Assam,DARRANG,2005,Whole Year,Turmeric,344,208,0.604651163
Assam,DARRANG,2005,Winter,Rice,40639,62966,1.549398361
Assam,DARRANG,2006,Autumn,Rice,19861,22279,1.121746136
Assam,DARRANG,2006,Kharif,Arhar/Tur,137,79,0.576642336
Assam,DARRANG,2006,Kharif,Castor seed,4,2,0.5
Assam,DARRANG,2006,Kharif,Cotton(lint),1,1,1
Assam,DARRANG,2006,Kharif,Jute,3082,19982,6.483452304
Assam,DARRANG,2006,Kharif,Maize,274,165,0.602189781
Assam,DARRANG,2006,Kharif,Mesta,154,720,4.675324675
Assam,DARRANG,2006,Kharif,Niger seed,240,120,0.5
Assam,DARRANG,2006,Kharif,Sesamum,351,217,0.618233618
Assam,DARRANG,2006,Kharif,Small millets,103,68,0.660194175
Assam,DARRANG,2006,Rabi,Gram,45,29,0.644444444
Assam,DARRANG,2006,Rabi,Linseed,343,180,0.524781341
Assam,DARRANG,2006,Rabi,Masoor,274,192,0.700729927
Assam,DARRANG,2006,Rabi,Moong(Green Gram),240,122,0.508333333
Assam,DARRANG,2006,Rabi,Other  Rabi pulses,288,147,0.510416667
Assam,DARRANG,2006,Rabi,Peas & beans (Pulses),397,282,0.710327456
Assam,DARRANG,2006,Rabi,Rapeseed &Mustard,10958,3704,0.338017886
Assam,DARRANG,2006,Rabi,Urad,1507,451,0.299270073
Assam,DARRANG,2006,Rabi,Wheat,1438,1766,1.228094576
Assam,DARRANG,2006,Summer,Rice,4452,9153,2.055929919
Assam,DARRANG,2006,Whole Year,Arecanut,1781,2005,1.125772038
Assam,DARRANG,2006,Whole Year,Banana,257,3341,13
Assam,DARRANG,2006,Whole Year,Coconut,178,420000,2359.550562
Assam,DARRANG,2006,Whole Year,Dry chillies,699,521,0.745350501
Assam,DARRANG,2006,Whole Year,Onion,295,738,2.501694915
Assam,DARRANG,2006,Whole Year,Potato,2740,24408,8.908029197
Assam,DARRANG,2006,Whole Year,Sugarcane,240,7594,31.64166667
Assam,DARRANG,2006,Whole Year,Sweet potato,206,515,2.5
Assam,DARRANG,2006,Whole Year,Tapioca,34,132,3.882352941
Assam,DARRANG,2006,Whole Year,Turmeric,240,145,0.604166667
Assam,DARRANG,2006,Winter,Rice,26025,36479,1.401690682
Assam,DARRANG,2007,Autumn,Rice,13275,15832,1.192617702
Assam,DARRANG,2007,Kharif,Arhar/Tur,73,43,0.589041096
Assam,DARRANG,2007,Kharif,Castor seed,4,2,0.5
Assam,DARRANG,2007,Kharif,Jute,2534,17752,7.005524862
Assam,DARRANG,2007,Kharif,Maize,271,163,0.601476015
Assam,DARRANG,2007,Kharif,Mesta,171,799,4.67251462
Assam,DARRANG,2007,Kharif,Niger seed,204,102,0.5
Assam,DARRANG,2007,Kharif,Sesamum,394,243,0.616751269
Assam,DARRANG,2007,Kharif,Small millets,57,38,0.666666667
Assam,DARRANG,2007,Rabi,Gram,24,16,0.666666667
Assam,DARRANG,2007,Rabi,Linseed,325,170,0.523076923
Assam,DARRANG,2007,Rabi,Masoor,945,662,0.700529101
Assam,DARRANG,2007,Rabi,Moong(Green Gram),325,165,0.507692308
Assam,DARRANG,2007,Rabi,Other  Rabi pulses,295,150,0.508474576
Assam,DARRANG,2007,Rabi,Peas & beans (Pulses),932,662,0.710300429
Assam,DARRANG,2007,Rabi,Rapeseed &Mustard,7037,3075,0.436975984
Assam,DARRANG,2007,Rabi,Urad,1986,683,0.343907351
Assam,DARRANG,2007,Rabi,Wheat,2005,2109,1.051870324
Assam,DARRANG,2007,Summer,Rice,12328,29205,2.368997404
Assam,DARRANG,2007,Whole Year,Arecanut,1144,797,0.696678322
Assam,DARRANG,2007,Whole Year,Banana,1041,13533,13
Assam,DARRANG,2007,Whole Year,Black pepper,34,52,1.529411765
Assam,DARRANG,2007,Whole Year,Coconut,274,2086000,7613.138686
Assam,DARRANG,2007,Whole Year,Dry chillies,801,597,0.745318352
Assam,DARRANG,2007,Whole Year,Dry ginger,257,1703,6.626459144
Assam,DARRANG,2007,Whole Year,Onion,325,813,2.501538462
Assam,DARRANG,2007,Whole Year,Potato,3150,14090,4.473015873
Assam,DARRANG,2007,Whole Year,Sugarcane,337,11694,34.70029674
Assam,DARRANG,2007,Whole Year,Sweet potato,125,312,2.496
Assam,DARRANG,2007,Whole Year,Tapioca,14,54,3.857142857
Assam,DARRANG,2007,Whole Year,Tobacco,1,1,1
Assam,DARRANG,2007,Whole Year,Turmeric,329,199,0.604863222
Assam,DARRANG,2007,Winter,Rice,33086,51623,1.560267182
Assam,DARRANG,2008,Autumn,Rice,12362,16859,1.363776088
Assam,DARRANG,2008,Kharif,Arhar/Tur,103,60,0.582524272
Assam,DARRANG,2008,Kharif,Castor seed,5,2,0.4
Assam,DARRANG,2008,Kharif,Cotton(lint),6,3,0.5
Assam,DARRANG,2008,Kharif,Jute,3260,21371,6.555521472
Assam,DARRANG,2008,Kharif,Maize,277,167,0.602888087
Assam,DARRANG,2008,Kharif,Mesta,283,1322,4.671378092
Assam,DARRANG,2008,Kharif,Niger seed,309,155,0.501618123
Assam,DARRANG,2008,Kharif,Sesamum,640,394,0.615625
Assam,DARRANG,2008,Rabi,Blackgram,3200,1277,0.3990625
Assam,DARRANG,2008,Rabi,Gram,42,27,0.642857143
Assam,DARRANG,2008,Rabi,Linseed,523,274,0.523900574
Assam,DARRANG,2008,Rabi,Masoor,845,592,0.700591716
Assam,DARRANG,2008,Rabi,Moong(Green Gram),177,90,0.508474576
Assam,DARRANG,2008,Rabi,Peas & beans (Pulses),1313,932,0.709824829
Assam,DARRANG,2008,Rabi,Rapeseed &Mustard,11690,6301,0.539007699
Assam,DARRANG,2008,Rabi,Urad,3200,1277,0.3990625
Assam,DARRANG,2008,Rabi,Wheat,2341,2013,0.859888936
Assam,DARRANG,2008,Summer,Rice,19078,46016,2.411992871
Assam,DARRANG,2008,Whole Year,Arecanut,1685,673,0.399406528
Assam,DARRANG,2008,Whole Year,Banana,1031,14640,14.19980601
Assam,DARRANG,2008,Whole Year,Black pepper,45,69,1.533333333
Assam,DARRANG,2008,Whole Year,Coconut,410,2299000,5607.317073
Assam,DARRANG,2008,Whole Year,Dry chillies,651,484,0.743471582
Assam,DARRANG,2008,Whole Year,Dry ginger,415,2749,6.624096386
Assam,DARRANG,2008,Whole Year,Onion,275,688,2.501818182
Assam,DARRANG,2008,Whole Year,Potato,5257,27741,5.276964048
Assam,DARRANG,2008,Whole Year,Sugarcane,477,18441,38.66037736
Assam,DARRANG,2008,Whole Year,Sweet potato,185,463,2.502702703
Assam,DARRANG,2008,Whole Year,Tapioca,13,50,3.846153846
Assam,DARRANG,2008,Whole Year,Turmeric,558,338,0.605734767
Assam,DARRANG,2008,Winter,Rice,48213,81778,1.696181528
Assam,DARRANG,2009,Autumn,Rice,14624,10676,0.730032823
Assam,DARRANG,2009,Kharif,Arhar/Tur,60,35,0.583333333
Assam,DARRANG,2009,Kharif,Cotton(lint),3,1,0.333333333
Assam,DARRANG,2009,Kharif,Jute,4203,42217,10.04449203
Assam,DARRANG,2009,Kharif,Maize,1250,754,0.6032
Assam,DARRANG,2009,Kharif,Mesta,433,2023,4.672055427
Assam,DARRANG,2009,Kharif,Niger seed,286,143,0.5
Assam,DARRANG,2009,Kharif,Sesamum,656,405,0.617378049
Assam,DARRANG,2009,Kharif,Small millets,101,67,0.663366337
Assam,DARRANG,2009,Rabi,Banana,1487,19926,13.4001345
Assam,DARRANG,2009,Rabi,Gram,42,27,0.642857143
Assam,DARRANG,2009,Rabi,Linseed,525,275,0.523809524
Assam,DARRANG,2009,Rabi,Masoor,896,627,0.699776786
Assam,DARRANG,2009,Rabi,Moong(Green Gram),160,81,0.50625
Assam,DARRANG,2009,Rabi,Peas & beans (Pulses),1343,954,0.710349963
Assam,DARRANG,2009,Rabi,Rapeseed &Mustard,13413,8115,0.605010065
Assam,DARRANG,2009,Rabi,Urad,1956,839,0.428936605
Assam,DARRANG,2009,Rabi,Wheat,3027,2945,0.972910472
Assam,DARRANG,2009,Summer,Rice,19192,46521,2.423978741
Assam,DARRANG,2009,Whole Year,Arecanut,1807,1083,0.599335916
Assam,DARRANG,2009,Whole Year,Banana,1487,19926,13.4001345
Assam,DARRANG,2009,Whole Year,Black pepper,45,69,1.533333333
Assam,DARRANG,2009,Whole Year,Coconut,605,4304000,7114.049587
Assam,DARRANG,2009,Whole Year,Dry chillies,587,437,0.744463373
Assam,DARRANG,2009,Whole Year,Dry ginger,402,2663,6.624378109
Assam,DARRANG,2009,Whole Year,Onion,268,670,2.5
Assam,DARRANG,2009,Whole Year,Potato,5094,37981,7.456026698
Assam,DARRANG,2009,Whole Year,Sugarcane,563,22254,39.52753108
Assam,DARRANG,2009,Whole Year,Sweet potato,183,458,2.50273224
Assam,DARRANG,2009,Whole Year,Tobacco,1,1,1
Assam,DARRANG,2009,Whole Year,Turmeric,529,320,0.604914934
Assam,DARRANG,2009,Winter,Rice,45540,72682,1.596003513
Assam,DARRANG,2010,Autumn,Rice,14941,20783,1.391004618
Assam,DARRANG,2010,Kharif,Arhar/Tur,147,85,0.578231293
Assam,DARRANG,2010,Kharif,Castor seed,2,1,0.5
Assam,DARRANG,2010,Kharif,Cotton(lint),4,2,0.5
Assam,DARRANG,2010,Kharif,Jute,3115,23086,7.411235955
Assam,DARRANG,2010,Kharif,Maize,1745,1052,0.60286533
Assam,DARRANG,2010,Kharif,Mesta,434,2028,4.67281106
Assam,DARRANG,2010,Kharif,Niger seed,311,156,0.501607717
Assam,DARRANG,2010,Kharif,Sesamum,701,433,0.617689016
Assam,DARRANG,2010,Kharif,Small millets,45,30,0.666666667
Assam,DARRANG,2010,Rabi,Arecanut,1807,1083,0.599335916
Assam,DARRANG,2010,Rabi,Banana,1604,21678,13.51496259
Assam,DARRANG,2010,Rabi,Gram,47,31,0.659574468
Assam,DARRANG,2010,Rabi,Linseed,521,273,0.523992322
Assam,DARRANG,2010,Rabi,Masoor,1037,726,0.700096432
Assam,DARRANG,2010,Rabi,Moong(Green Gram),217,110,0.506912442
Assam,DARRANG,2010,Rabi,Peas & beans (Pulses),1949,1384,0.710107748
Assam,DARRANG,2010,Rabi,Rapeseed &Mustard,13413,6680,0.498024305
Assam,DARRANG,2010,Rabi,Urad,1940,662,0.341237113
Assam,DARRANG,2010,Rabi,Wheat,2917,5236,1.794994858
Assam,DARRANG,2010,Summer,Rice,21000,56679,2.699
Assam,DARRANG,2010,Whole Year,Banana,1604,21678,13.51496259
Assam,DARRANG,2010,Whole Year,Black pepper,38,59,1.552631579
Assam,DARRANG,2010,Whole Year,Coconut,605,4304000,7114.049587
Assam,DARRANG,2010,Whole Year,Dry chillies,680,507,0.745588235
Assam,DARRANG,2010,Whole Year,Dry ginger,390,2584,6.625641026
Assam,DARRANG,2010,Whole Year,Onion,302,755,2.5
Assam,DARRANG,2010,Whole Year,Potato,4989,37961,7.608939667
Assam,DARRANG,2010,Whole Year,Sugarcane,609,23402,38.42692939
Assam,DARRANG,2010,Whole Year,Sweet potato,200,500,2.5
Assam,DARRANG,2010,Whole Year,Tobacco,5,3,0.6
Assam,DARRANG,2010,Whole Year,Turmeric,566,342,0.604240283
Assam,DARRANG,2010,Winter,Rice,49360,110863,2.246008914
Assam,DARRANG,2011,Autumn,Paddy,11823,19359,1.637401675
Assam,DARRANG,2011,Autumn,Rice,11823,19359,1.637401675
Assam,DARRANG,2011,Kharif,Arhar/Tur,130,86,0.661538462
Assam,DARRANG,2011,Kharif,Castor seed,5,2,0.4
Assam,DARRANG,2011,Kharif,Cotton(lint),1,1,1
Assam,DARRANG,2011,Kharif,Jute,3874,38503,9.938822922
Assam,DARRANG,2011,Kharif,Maize,2237,1528,0.683057667
Assam,DARRANG,2011,Kharif,Mesta,343,1105,3.221574344
Assam,DARRANG,2011,Kharif,Niger seed,525,267,0.508571429
Assam,DARRANG,2011,Kharif,Orange,35,374,10.68571429
Assam,DARRANG,2011,Kharif,Papaya,221,2825,12.78280543
Assam,DARRANG,2011,Kharif,Sesamum,750,563,0.750666667
Assam,DARRANG,2011,Kharif,Small millets,42,29,0.69047619
Assam,DARRANG,2011,Rabi,Arecanut,1800,762,0.423333333
Assam,DARRANG,2011,Rabi,Black pepper,33,51,1.545454545
Assam,DARRANG,2011,Rabi,Dry chillies,868,672,0.774193548
Assam,DARRANG,2011,Rabi,Ginger,392,2643,6.742346939
Assam,DARRANG,2011,Rabi,Gram,40,26,0.65
Assam,DARRANG,2011,Rabi,Linseed,500,293,0.586
Assam,DARRANG,2011,Rabi,Masoor,1016,633,0.623031496
Assam,DARRANG,2011,Rabi,Moong(Green Gram),498,284,0.570281124
Assam,DARRANG,2011,Rabi,Peas & beans (Pulses),2049,1508,0.735968765
Assam,DARRANG,2011,Rabi,Pineapple,125,1909,15.272
Assam,DARRANG,2011,Rabi,Rapeseed &Mustard,11152,5743,0.514974892
Assam,DARRANG,2011,Rabi,Sweet potato,256,655,2.55859375
Assam,DARRANG,2011,Rabi,Urad,2010,675,0.335820896
Assam,DARRANG,2011,Rabi,Wheat,2082,2455,1.179154659
Assam,DARRANG,2011,Summer,Paddy,19394,56669,2.921986181
Assam,DARRANG,2011,Summer,Rice,19394,56669,2.921986181
Assam,DARRANG,2011,Whole Year,Banana,1610,23377,14.51987578
Assam,DARRANG,2011,Whole Year,Coconut,599,4389,7.32721202
Assam,DARRANG,2011,Whole Year,Onion,448,2076,4.633928571
Assam,DARRANG,2011,Whole Year,Potato,4586,40533,8.838421282
Assam,DARRANG,2011,Whole Year,Sugarcane,471,19800,42.03821656
Assam,DARRANG,2011,Whole Year,Turmeric,579,372,0.642487047
Assam,DARRANG,2011,Winter,Paddy,48505,105445,2.173899598
Assam,DARRANG,2011,Winter,Rice,48505,105445,2.173899598
Assam,DARRANG,2012,Autumn,Paddy,7620,10527,1.381496063
Assam,DARRANG,2012,Autumn,Rice,7620,10527,1.381496063
Assam,DARRANG,2012,Kharif,Arhar/Tur,188,122,0.64893617
Assam,DARRANG,2012,Kharif,Castor seed,2,1,0.5
Assam,DARRANG,2012,Kharif,Cotton(lint),3,1,0.333333333
Assam,DARRANG,2012,Kharif,Jute,3330,26789,8.044744745
Assam,DARRANG,2012,Kharif,Maize,2500,1920,0.768
Assam,DARRANG,2012,Kharif,Mesta,335,1636,4.88358209
Assam,DARRANG,2012,Kharif,Niger seed,660,342,0.518181818
Assam,DARRANG,2012,Kharif,Orange,40,428,10.7
Assam,DARRANG,2012,Kharif,Papaya,230,2961,12.87391304
Assam,DARRANG,2012,Kharif,Sesamum,785,629,0.801273885
Assam,DARRANG,2012,Kharif,Small millets,34,23,0.676470588
Assam,DARRANG,2012,Kharif,Tapioca,2,28,14
Assam,DARRANG,2012,Rabi,Arecanut,1840,1041,0.56576087
Assam,DARRANG,2012,Rabi,Black pepper,34,57,1.676470588
Assam,DARRANG,2012,Rabi,Dry chillies,911,770,0.845225027
Assam,DARRANG,2012,Rabi,Ginger,400,3100,7.75
Assam,DARRANG,2012,Rabi,Gram,11,8,0.727272727
Assam,DARRANG,2012,Rabi,Linseed,480,304,0.633333333
Assam,DARRANG,2012,Rabi,Masoor,2051,1598,0.779132131
Assam,DARRANG,2012,Rabi,Moong(Green Gram),474,269,0.567510549
Assam,DARRANG,2012,Rabi,Peas & beans (Pulses),2072,1602,0.773166023
Assam,DARRANG,2012,Rabi,Pineapple,120,1887,15.725
Assam,DARRANG,2012,Rabi,Rapeseed &Mustard,14540,7129,0.490302613
Assam,DARRANG,2012,Rabi,Sweet potato,160,425,2.65625
Assam,DARRANG,2012,Rabi,Urad,2066,797,0.385769603
Assam,DARRANG,2012,Rabi,Wheat,1050,1195,1.138095238
Assam,DARRANG,2012,Summer,Rice,19850,70825,3.568010076
Assam,DARRANG,2012,Whole Year,Banana,1626,23788,14.6297663
Assam,DARRANG,2012,Whole Year,Coconut,606,5060,8.349834983
Assam,DARRANG,2012,Whole Year,Onion,392,1856,4.734693878
Assam,DARRANG,2012,Whole Year,Potato,5280,34040,6.446969697
Assam,DARRANG,2012,Whole Year,Sugarcane,495,20037,40.47878788
Assam,DARRANG,2012,Whole Year,Turmeric,500,328,0.656
Assam,DARRANG,2012,Winter,Paddy,48808,97931,2.00645386
Assam,DARRANG,2012,Winter,Rice,48808,97931,2.00645386
Assam,DARRANG,2013,Autumn,Paddy,3616,4050,1.120022124
Assam,DARRANG,2013,Autumn,Rice,3616,4050,1.120022124
Assam,DARRANG,2013,Kharif,Arhar/Tur,187,393,2.101604278
Assam,DARRANG,2013,Kharif,Castor seed,3,2,0.666666667
Assam,DARRANG,2013,Kharif,Cotton(lint),2,1,0.5
Assam,DARRANG,2013,Kharif,Jute,4079,35805,8.777886737
Assam,DARRANG,2013,Kharif,Maize,1647,9882,6
Assam,DARRANG,2013,Kharif,Mesta,289,3613,12.5017301
Assam,DARRANG,2013,Kharif,Niger seed,613,582,0.949429038
Assam,DARRANG,2013,Kharif,Orange,40,428,10.7
Assam,DARRANG,2013,Kharif,Papaya,228,2936,12.87719298
Assam,DARRANG,2013,Kharif,Sesamum,778,739,0.949871465
Assam,DARRANG,2013,Kharif,Small millets,36,24,0.666666667
Assam,DARRANG,2013,Kharif,Tapioca,2,17,8.5
Assam,DARRANG,2013,Rabi,Arecanut,1671,1042,0.623578695
Assam,DARRANG,2013,Rabi,Black pepper,38,63,1.657894737
Assam,DARRANG,2013,Rabi,Dry chillies,923,780,0.845070423
Assam,DARRANG,2013,Rabi,Ginger,404,3131,7.75
Assam,DARRANG,2013,Rabi,Gram,15,11,0.733333333
Assam,DARRANG,2013,Rabi,Linseed,434,423,0.974654378
Assam,DARRANG,2013,Rabi,Masoor,1883,4519,2.399893787
Assam,DARRANG,2013,Rabi,Moong(Green Gram),426,383,0.899061033
Assam,DARRANG,2013,Rabi,Peas & beans (Pulses),2179,5556,2.549793483
Assam,DARRANG,2013,Rabi,Pineapple,125,1966,15.728
Assam,DARRANG,2013,Rabi,Rapeseed &Mustard,15490,7946,0.512976114
Assam,DARRANG,2013,Rabi,Sweet potato,154,409,2.655844156
Assam,DARRANG,2013,Rabi,Urad,2016,1101,0.546130952
Assam,DARRANG,2013,Rabi,Wheat,1493,1503,1.006697924
Assam,DARRANG,2013,Summer,Paddy,17837,64285,3.604025341
Assam,DARRANG,2013,Summer,Rice,17837,64285,3.604025341
Assam,DARRANG,2013,Whole Year,Banana,1800,26334,14.63
Assam,DARRANG,2013,Whole Year,Coconut,610,4403,7.218032787
Assam,DARRANG,2013,Whole Year,Onion,552,3543,6.418478261
Assam,DARRANG,2013,Whole Year,Potato,5245,42977,8.193898951
Assam,DARRANG,2013,Whole Year,Sugarcane,527,22015,41.77419355
Assam,DARRANG,2013,Whole Year,Turmeric,521,341,0.654510557
Assam,DARRANG,2013,Winter,Paddy,48236,92981,1.927626669
Assam,DARRANG,2013,Winter,Rice,48236,92981,1.927626669
Assam,DARRANG,2014,Autumn,Paddy,3304,4990,1.510290557
Assam,DARRANG,2014,Autumn,Rice,3304,4990,1.510290557
Assam,DARRANG,2014,Kharif,Arhar/Tur,169,126,0.74556213
Assam,DARRANG,2014,Kharif,Castor seed,1,1,1
Assam,DARRANG,2014,Kharif,Cotton(lint),2,1,0.5
Assam,DARRANG,2014,Kharif,Jute,4299,45878,10.67178414
Assam,DARRANG,2014,Kharif,Maize,5085,14207,2.793903638
Assam,DARRANG,2014,Kharif,Mesta,250,1263,5.052
Assam,DARRANG,2014,Kharif,Niger seed,550,523,0.950909091
Assam,DARRANG,2014,Kharif,Orange,38,409,10.76315789
Assam,DARRANG,2014,Kharif,Papaya,236,3039,12.87711864
Assam,DARRANG,2014,Kharif,Sesamum,780,672,0.861538462
Assam,DARRANG,2014,Kharif,Small millets,35,30,0.857142857
Assam,DARRANG,2014,Kharif,Tapioca,2,9,4.5
Assam,DARRANG,2014,Rabi,Black pepper,33,55,1.666666667
Assam,DARRANG,2014,Rabi,Dry chillies,902,776,0.860310421
Assam,DARRANG,2014,Rabi,Ginger,399,3096,7.759398496
Assam,DARRANG,2014,Rabi,Gram,17,15,0.882352941
Assam,DARRANG,2014,Rabi,Linseed,417,309,0.741007194
Assam,DARRANG,2014,Rabi,Masoor,1859,1918,1.031737493
Assam,DARRANG,2014,Rabi,Moong(Green Gram),397,249,0.62720403
Assam,DARRANG,2014,Rabi,Peas & beans (Pulses),2153,2263,1.0510915
Assam,DARRANG,2014,Rabi,Pineapple,128,2013,15.7265625
Assam,DARRANG,2014,Rabi,Rapeseed &Mustard,15205,9017,0.593028609
Assam,DARRANG,2014,Rabi,Sweet potato,133,355,2.669172932
Assam,DARRANG,2014,Rabi,Urad,2119,1127,0.531854648
Assam,DARRANG,2014,Rabi,Wheat,788,959,1.217005076
Assam,DARRANG,2014,Summer,Paddy,17356,65241,3.758988246
Assam,DARRANG,2014,Summer,Rice,17356,65241,3.758988246
Assam,DARRANG,2014,Whole Year,Banana,1638,23964,14.63003663
Assam,DARRANG,2014,Whole Year,Onion,632,4057,6.419303797
Assam,DARRANG,2014,Whole Year,Potato,5331,48437,9.085912587
Assam,DARRANG,2014,Whole Year,Sugarcane,516,22429,43.46705426
Assam,DARRANG,2014,Whole Year,Turmeric,523,348,0.665391969
Assam,DARRANG,2014,Winter,Paddy,48413,102861,2.1246566
Assam,DARRANG,2014,Winter,Rice,48413,102861,2.1246566
Assam,DHEMAJI,1997,Autumn,Rice,12750,7036,0.551843137
Assam,DHEMAJI,1997,Kharif,Arhar/Tur,45,34,0.755555556
Assam,DHEMAJI,1997,Kharif,Cotton(lint),12,5,0.416666667
Assam,DHEMAJI,1997,Kharif,Jute,205,1959,9.556097561
Assam,DHEMAJI,1997,Kharif,Maize,512,479,0.935546875
Assam,DHEMAJI,1997,Kharif,Mesta,12,40,3.333333333
Assam,DHEMAJI,1997,Kharif,Small millets,47,22,0.468085106
Assam,DHEMAJI,1997,Kharif,Sugarcane,90,3700,41.11111111
Assam,DHEMAJI,1997,Rabi,Gram,15,6,0.4
Assam,DHEMAJI,1997,Rabi,Linseed,12,4,0.333333333
Assam,DHEMAJI,1997,Rabi,Other  Rabi pulses,2222,1151,0.5180018
Assam,DHEMAJI,1997,Rabi,Rapeseed &Mustard,12525,5263,0.420199601
Assam,DHEMAJI,1997,Rabi,Wheat,3500,4463,1.275142857
Assam,DHEMAJI,1997,Summer,Rice,4525,3012,0.665635359
Assam,DHEMAJI,1997,Whole Year,Arecanut,835,756,0.905389222
Assam,DHEMAJI,1997,Whole Year,Coconut,114,267,2.342105263
Assam,DHEMAJI,1997,Whole Year,Dry chillies,310,232,0.748387097
Assam,DHEMAJI,1997,Whole Year,Niger seed,4,2,0.5
Assam,DHEMAJI,1997,Whole Year,Onion,154,409,2.655844156
Assam,DHEMAJI,1997,Whole Year,Potato,2744,16121,5.875
Assam,DHEMAJI,1997,Whole Year,Sesamum,165,89,0.539393939
Assam,DHEMAJI,1997,Whole Year,Sweet potato,160,512,3.2
Assam,DHEMAJI,1997,Whole Year,Tapioca,28,104,3.714285714
Assam,DHEMAJI,1997,Whole Year,Turmeric,362,233,0.643646409
Assam,DHEMAJI,1997,Winter,Rice,44725,38042,0.850575741
Assam,DHEMAJI,1998,Autumn,Rice,11900,7700,0.647058824
Assam,DHEMAJI,1998,Kharif,Arhar/Tur,35,26,0.742857143
Assam,DHEMAJI,1998,Kharif,Castor seed,179,79,0.441340782
Assam,DHEMAJI,1998,Kharif,Cotton(lint),10,5,0.5
Assam,DHEMAJI,1998,Kharif,Jute,175,1529,8.737142857
Assam,DHEMAJI,1998,Kharif,Maize,560,504,0.9
Assam,DHEMAJI,1998,Kharif,Mesta,12,34,2.833333333
Assam,DHEMAJI,1998,Kharif,Niger seed,5,2,0.4
Assam,DHEMAJI,1998,Kharif,Sesamum,155,74,0.477419355
Assam,DHEMAJI,1998,Kharif,Small millets,34,25,0.735294118
Assam,DHEMAJI,1998,Rabi,Gram,13,5,0.384615385
Assam,DHEMAJI,1998,Rabi,Linseed,12,8,0.666666667
Assam,DHEMAJI,1998,Rabi,Other  Rabi pulses,2016,1027,0.509424603
Assam,DHEMAJI,1998,Rabi,Rapeseed &Mustard,12659,7316,0.577928746
Assam,DHEMAJI,1998,Rabi,Wheat,3666,2476,0.675395526
Assam,DHEMAJI,1998,Summer,Rice,5891,7526,1.277542013
Assam,DHEMAJI,1998,Whole Year,Arecanut,838,882,1.052505967
Assam,DHEMAJI,1998,Whole Year,Banana,946,14941,15.79386892
Assam,DHEMAJI,1998,Whole Year,Coconut,113,580000,5132.743363
Assam,DHEMAJI,1998,Whole Year,Dry chillies,285,223,0.78245614
Assam,DHEMAJI,1998,Whole Year,Onion,176,472,2.681818182
Assam,DHEMAJI,1998,Whole Year,Potato,2538,11890,4.684791174
Assam,DHEMAJI,1998,Whole Year,Sugarcane,74,2962,40.02702703
Assam,DHEMAJI,1998,Whole Year,Sweet potato,166,539,3.246987952
Assam,DHEMAJI,1998,Whole Year,Tapioca,28,104,3.714285714
Assam,DHEMAJI,1998,Whole Year,Tobacco,30,19,0.633333333
Assam,DHEMAJI,1998,Whole Year,Turmeric,309,199,0.644012945
Assam,DHEMAJI,1998,Winter,Rice,33282,42704,1.283095968
Assam,DHEMAJI,1999,Autumn,Rice,14198,12823,0.903155374
Assam,DHEMAJI,1999,Kharif,Arhar/Tur,34,26,0.764705882
Assam,DHEMAJI,1999,Kharif,Castor seed,174,79,0.454022989
Assam,DHEMAJI,1999,Kharif,Cotton(lint),10,5,0.5
Assam,DHEMAJI,1999,Kharif,Jute,194,1730,8.917525773
Assam,DHEMAJI,1999,Kharif,Maize,550,500,0.909090909
Assam,DHEMAJI,1999,Kharif,Mesta,10,32,3.2
Assam,DHEMAJI,1999,Kharif,Niger seed,2,1,0.5
Assam,DHEMAJI,1999,Kharif,Sesamum,160,83,0.51875
Assam,DHEMAJI,1999,Kharif,Small millets,34,23,0.676470588
Assam,DHEMAJI,1999,Rabi,Gram,11,5,0.454545455
Assam,DHEMAJI,1999,Rabi,Linseed,10,4,0.4
Assam,DHEMAJI,1999,Rabi,Other  Rabi pulses,1781,944,0.530039304
Assam,DHEMAJI,1999,Rabi,Rapeseed &Mustard,11950,5667,0.474225941
Assam,DHEMAJI,1999,Rabi,Wheat,2977,2877,0.966409137
Assam,DHEMAJI,1999,Summer,Rice,6385,4277,0.669851214
Assam,DHEMAJI,1999,Whole Year,Arecanut,835,750,0.898203593
Assam,DHEMAJI,1999,Whole Year,Banana,949,14156,14.91675448
Assam,DHEMAJI,1999,Whole Year,Coconut,113,143000,1265.486726
Assam,DHEMAJI,1999,Whole Year,Dry chillies,285,220,0.771929825
Assam,DHEMAJI,1999,Whole Year,Onion,141,378,2.680851064
Assam,DHEMAJI,1999,Whole Year,Potato,2590,11533,4.452895753
Assam,DHEMAJI,1999,Whole Year,Sugarcane,76,3014,39.65789474
Assam,DHEMAJI,1999,Whole Year,Sweet potato,166,554,3.337349398
Assam,DHEMAJI,1999,Whole Year,Tapioca,30,112,3.733333333
Assam,DHEMAJI,1999,Whole Year,Tobacco,27,17,0.62962963
Assam,DHEMAJI,1999,Whole Year,Turmeric,300,194,0.646666667
Assam,DHEMAJI,1999,Winter,Rice,51348,78653,1.531763652
Assam,DHEMAJI,2000,Autumn,Rice,10633,7165,0.673845575
Assam,DHEMAJI,2000,Kharif,Arhar/Tur,30,23,0.766666667
Assam,DHEMAJI,2000,Kharif,Castor seed,130,58,0.446153846
Assam,DHEMAJI,2000,Kharif,Cotton(lint),8,3,0.375
Assam,DHEMAJI,2000,Kharif,Jute,171,1643,9.608187135
Assam,DHEMAJI,2000,Kharif,Maize,515,476,0.924271845
Assam,DHEMAJI,2000,Kharif,Mesta,8,25,3.125
Assam,DHEMAJI,2000,Kharif,Niger seed,1,1,1
Assam,DHEMAJI,2000,Kharif,Sesamum,146,74,0.506849315
Assam,DHEMAJI,2000,Kharif,Small millets,40,26,0.65
Assam,DHEMAJI,2000,Rabi,Gram,21,9,0.428571429
Assam,DHEMAJI,2000,Rabi,Linseed,21,10,0.476190476
Assam,DHEMAJI,2000,Rabi,Other  Rabi pulses,1603,784,0.489082969
Assam,DHEMAJI,2000,Rabi,Rapeseed &Mustard,11070,4396,0.397109304
Assam,DHEMAJI,2000,Rabi,Wheat,1156,1150,0.994809689
Assam,DHEMAJI,2000,Summer,Rice,7030,7007,0.996728307
Assam,DHEMAJI,2000,Whole Year,Arecanut,836,1130,1.351674641
Assam,DHEMAJI,2000,Whole Year,Banana,999,14958,14.97297297
Assam,DHEMAJI,2000,Whole Year,Coconut,114,688000,6035.087719
Assam,DHEMAJI,2000,Whole Year,Dry chillies,293,225,0.767918089
Assam,DHEMAJI,2000,Whole Year,Onion,145,389,2.682758621
Assam,DHEMAJI,2000,Whole Year,Potato,2670,12867,4.819101124
Assam,DHEMAJI,2000,Whole Year,Sugarcane,95,3505,36.89473684
Assam,DHEMAJI,2000,Whole Year,Sweet potato,155,503,3.24516129
Assam,DHEMAJI,2000,Whole Year,Tapioca,34,126,3.705882353
Assam,DHEMAJI,2000,Whole Year,Tobacco,23,15,0.652173913
Assam,DHEMAJI,2000,Whole Year,Turmeric,299,193,0.64548495
Assam,DHEMAJI,2000,Winter,Rice,54511,86567,1.588064794
Assam,DHEMAJI,2001,Autumn,Rice,12135,10022,0.825875567
Assam,DHEMAJI,2001,Kharif,Arhar/Tur,31,23,0.741935484
Assam,DHEMAJI,2001,Kharif,Castor seed,125,56,0.448
Assam,DHEMAJI,2001,Kharif,Cotton(lint),8,3,0.375
Assam,DHEMAJI,2001,Kharif,Jute,165,1633,9.896969697
Assam,DHEMAJI,2001,Kharif,Maize,517,476,0.920696325
Assam,DHEMAJI,2001,Kharif,Mesta,12,38,3.166666667
Assam,DHEMAJI,2001,Kharif,Niger seed,50,26,0.52
Assam,DHEMAJI,2001,Kharif,Sesamum,126,63,0.5
Assam,DHEMAJI,2001,Kharif,Small millets,38,26,0.684210526
Assam,DHEMAJI,2001,Rabi,Gram,8,3,0.375
Assam,DHEMAJI,2001,Rabi,Linseed,40,21,0.525
Assam,DHEMAJI,2001,Rabi,Masoor,315,140,0.444444444
Assam,DHEMAJI,2001,Rabi,Moong(Green Gram),53,27,0.509433962
Assam,DHEMAJI,2001,Rabi,Other  Rabi pulses,1193,635,0.532271584
Assam,DHEMAJI,2001,Rabi,Peas & beans (Pulses),225,144,0.64
Assam,DHEMAJI,2001,Rabi,Rapeseed &Mustard,9960,4711,0.472991968
Assam,DHEMAJI,2001,Rabi,Urad,570,305,0.535087719
Assam,DHEMAJI,2001,Rabi,Wheat,1140,1559,1.36754386
Assam,DHEMAJI,2001,Summer,Rice,7572,8705,1.149630217
Assam,DHEMAJI,2001,Whole Year,Arecanut,852,1588,1.863849765
Assam,DHEMAJI,2001,Whole Year,Banana,1010,15326,15.17425743
Assam,DHEMAJI,2001,Whole Year,Coconut,116,523000,4508.62069
Assam,DHEMAJI,2001,Whole Year,Dry chillies,299,231,0.772575251
Assam,DHEMAJI,2001,Whole Year,Onion,153,409,2.673202614
Assam,DHEMAJI,2001,Whole Year,Potato,2740,11257,4.108394161
Assam,DHEMAJI,2001,Whole Year,Sugarcane,82,3053,37.23170732
Assam,DHEMAJI,2001,Whole Year,Sweet potato,153,503,3.287581699
Assam,DHEMAJI,2001,Whole Year,Tapioca,33,80,2.424242424
Assam,DHEMAJI,2001,Whole Year,Tobacco,13,8,0.615384615
Assam,DHEMAJI,2001,Whole Year,Turmeric,305,198,0.649180328
Assam,DHEMAJI,2001,Winter,Rice,52550,72117,1.372350143
Assam,DHEMAJI,2002,Autumn,Rice,12770,9987,0.782067345
Assam,DHEMAJI,2002,Kharif,Arhar/Tur,30,23,0.766666667
Assam,DHEMAJI,2002,Kharif,Castor seed,123,55,0.447154472
Assam,DHEMAJI,2002,Kharif,Cotton(lint),8,3,0.375
Assam,DHEMAJI,2002,Kharif,Jute,173,1759,10.16763006
Assam,DHEMAJI,2002,Kharif,Maize,537,488,0.908752328
Assam,DHEMAJI,2002,Kharif,Mesta,12,39,3.25
Assam,DHEMAJI,2002,Kharif,Niger seed,50,26,0.52
Assam,DHEMAJI,2002,Kharif,Sesamum,128,69,0.5390625
Assam,DHEMAJI,2002,Kharif,Small millets,31,19,0.612903226
Assam,DHEMAJI,2002,Rabi,Gram,7,3,0.428571429
Assam,DHEMAJI,2002,Rabi,Linseed,20,10,0.5
Assam,DHEMAJI,2002,Rabi,Masoor,362,163,0.450276243
Assam,DHEMAJI,2002,Rabi,Moong(Green Gram),75,40,0.533333333
Assam,DHEMAJI,2002,Rabi,Other  Rabi pulses,1507,737,0.489051095
Assam,DHEMAJI,2002,Rabi,Peas & beans (Pulses),220,141,0.640909091
Assam,DHEMAJI,2002,Rabi,Rapeseed &Mustard,10045,3694,0.367745147
Assam,DHEMAJI,2002,Rabi,Urad,830,380,0.457831325
Assam,DHEMAJI,2002,Rabi,Wheat,1405,1728,1.229893238
Assam,DHEMAJI,2002,Summer,Rice,7270,6033,0.829848693
Assam,DHEMAJI,2002,Whole Year,Arecanut,852,765,0.897887324
Assam,DHEMAJI,2002,Whole Year,Banana,1042,15743,15.1084453
Assam,DHEMAJI,2002,Whole Year,Coconut,118,588000,4983.050847
Assam,DHEMAJI,2002,Whole Year,Dry chillies,302,232,0.768211921
Assam,DHEMAJI,2002,Whole Year,Onion,153,409,2.673202614
Assam,DHEMAJI,2002,Whole Year,Orange,36,341,9.472222222
Assam,DHEMAJI,2002,Whole Year,Papaya,30,451,15.03333333
Assam,DHEMAJI,2002,Whole Year,Pineapple,246,3420,13.90243902
Assam,DHEMAJI,2002,Whole Year,Potato,2985,13030,4.365159129
Assam,DHEMAJI,2002,Whole Year,Sugarcane,90,3278,36.42222222
Assam,DHEMAJI,2002,Whole Year,Sweet potato,143,468,3.272727273
Assam,DHEMAJI,2002,Whole Year,Tapioca,29,95,3.275862069
Assam,DHEMAJI,2002,Whole Year,Tobacco,10,6,0.6
Assam,DHEMAJI,2002,Whole Year,Turmeric,316,204,0.64556962
Assam,DHEMAJI,2002,Winter,Rice,50420,60603,1.201963507
Assam,DHEMAJI,2003,Autumn,Rice,12577,10108,0.803689274
Assam,DHEMAJI,2003,Kharif,Arhar/Tur,30,23,0.766666667
Assam,DHEMAJI,2003,Kharif,Castor seed,117,52,0.444444444
Assam,DHEMAJI,2003,Kharif,Cotton(lint),6,2,0.333333333
Assam,DHEMAJI,2003,Kharif,Jute,164,1704,10.3902439
Assam,DHEMAJI,2003,Kharif,Maize,540,490,0.907407407
Assam,DHEMAJI,2003,Kharif,Mesta,12,39,3.25
Assam,DHEMAJI,2003,Kharif,Niger seed,50,26,0.52
Assam,DHEMAJI,2003,Kharif,Sesamum,113,58,0.513274336
Assam,DHEMAJI,2003,Kharif,Small millets,29,20,0.689655172
Assam,DHEMAJI,2003,Rabi,Gram,7,3,0.428571429
Assam,DHEMAJI,2003,Rabi,Linseed,22,11,0.5
Assam,DHEMAJI,2003,Rabi,Masoor,550,256,0.465454545
Assam,DHEMAJI,2003,Rabi,Moong(Green Gram),76,40,0.526315789
Assam,DHEMAJI,2003,Rabi,other misc. pulses,45,28,0.622222222
Assam,DHEMAJI,2003,Rabi,Peas & beans (Pulses),331,209,0.63141994
Assam,DHEMAJI,2003,Rabi,Rapeseed &Mustard,10410,3420,0.328530259
Assam,DHEMAJI,2003,Rabi,Urad,853,364,0.426729191
Assam,DHEMAJI,2003,Rabi,Wheat,2210,1043,0.471945701
Assam,DHEMAJI,2003,Summer,Rice,7305,4722,0.646406571
Assam,DHEMAJI,2003,Whole Year,Arecanut,861,729,0.846689895
Assam,DHEMAJI,2003,Whole Year,Banana,1050,16006,15.24380952
Assam,DHEMAJI,2003,Whole Year,Coconut,118,517000,4381.355932
Assam,DHEMAJI,2003,Whole Year,Dry chillies,305,236,0.773770492
Assam,DHEMAJI,2003,Whole Year,Onion,158,423,2.67721519
Assam,DHEMAJI,2003,Whole Year,Orange,39,374,9.58974359
Assam,DHEMAJI,2003,Whole Year,Papaya,28,421,15.03571429
Assam,DHEMAJI,2003,Whole Year,Pineapple,242,3384,13.98347107
Assam,DHEMAJI,2003,Whole Year,Potato,4355,20651,4.741905855
Assam,DHEMAJI,2003,Whole Year,Sugarcane,87,3357,38.5862069
Assam,DHEMAJI,2003,Whole Year,Sweet potato,146,475,3.253424658
Assam,DHEMAJI,2003,Whole Year,Tapioca,28,87,3.107142857
Assam,DHEMAJI,2003,Whole Year,Tobacco,7,4,0.571428571
Assam,DHEMAJI,2003,Whole Year,Turmeric,323,209,0.647058824
Assam,DHEMAJI,2003,Winter,Rice,51920,60604,1.167257319
Assam,DHEMAJI,2004,Autumn,Rice,11500,5762,0.501043478
Assam,DHEMAJI,2004,Kharif,Arhar/Tur,30,23,0.766666667
Assam,DHEMAJI,2004,Kharif,Castor seed,109,49,0.449541284
Assam,DHEMAJI,2004,Kharif,Cotton(lint),7,3,0.428571429
Assam,DHEMAJI,2004,Kharif,Jute,161,1140,7.080745342
Assam,DHEMAJI,2004,Kharif,Mesta,13,42,3.230769231
Assam,DHEMAJI,2004,Kharif,Niger seed,55,28,0.509090909
Assam,DHEMAJI,2004,Kharif,Sesamum,118,61,0.516949153
Assam,DHEMAJI,2004,Kharif,Small millets,49,33,0.673469388
Assam,DHEMAJI,2004,Rabi,Gram,8,3,0.375
Assam,DHEMAJI,2004,Rabi,Linseed,20,10,0.5
Assam,DHEMAJI,2004,Rabi,Masoor,126,48,0.380952381
Assam,DHEMAJI,2004,Rabi,Moong(Green Gram),81,43,0.530864198
Assam,DHEMAJI,2004,Rabi,Peas & beans (Pulses),230,147,0.639130435
Assam,DHEMAJI,2004,Rabi,Rapeseed &Mustard,8052,2711,0.336686538
Assam,DHEMAJI,2004,Rabi,Urad,760,437,0.575
Assam,DHEMAJI,2004,Rabi,Wheat,815,802,0.98404908
Assam,DHEMAJI,2004,Summer,Rice,6282,4792,0.76281439
Assam,DHEMAJI,2004,Whole Year,Coconut,98,348000,3551.020408
Assam,DHEMAJI,2004,Whole Year,Dry chillies,201,153,0.76119403
Assam,DHEMAJI,2004,Whole Year,Onion,76,193,2.539473684
Assam,DHEMAJI,2004,Whole Year,Potato,4210,17713,4.20736342
Assam,DHEMAJI,2004,Whole Year,Sugarcane,35,1293,36.94285714
Assam,DHEMAJI,2004,Whole Year,Sweet potato,107,332,3.102803738
Assam,DHEMAJI,2004,Whole Year,Tobacco,7,4,0.571428571
Assam,DHEMAJI,2004,Whole Year,Turmeric,283,186,0.657243816
Assam,DHEMAJI,2004,Winter,Rice,56610,68235,1.205352411
Assam,DHEMAJI,2005,Autumn,Rice,11309,5010,0.443009992
Assam,DHEMAJI,2005,Kharif,Arhar/Tur,41,31,0.756097561
Assam,DHEMAJI,2005,Kharif,Castor seed,125,56,0.448
Assam,DHEMAJI,2005,Kharif,Cotton(lint),8,3,0.375
Assam,DHEMAJI,2005,Kharif,Jute,91,928,10.1978022
Assam,DHEMAJI,2005,Kharif,Maize,510,460,0.901960784
Assam,DHEMAJI,2005,Kharif,Mesta,6,19,3.166666667
Assam,DHEMAJI,2005,Kharif,Niger seed,58,30,0.517241379
Assam,DHEMAJI,2005,Kharif,Sesamum,159,82,0.51572327
Assam,DHEMAJI,2005,Kharif,Small millets,25,17,0.68
Assam,DHEMAJI,2005,Rabi,Gram,9,4,0.444444444
Assam,DHEMAJI,2005,Rabi,Linseed,25,12,0.48
Assam,DHEMAJI,2005,Rabi,Masoor,111,40,0.36036036
Assam,DHEMAJI,2005,Rabi,Moong(Green Gram),75,40,0.533333333
Assam,DHEMAJI,2005,Rabi,Other  Rabi pulses,1373,693,0.504734159
Assam,DHEMAJI,2005,Rabi,Peas & beans (Pulses),283,179,0.632508834
Assam,DHEMAJI,2005,Rabi,Rapeseed &Mustard,8900,3012,0.338426966
Assam,DHEMAJI,2005,Rabi,Urad,828,408,0.492753623
Assam,DHEMAJI,2005,Rabi,Wheat,210,67,0.319047619
Assam,DHEMAJI,2005,Summer,Rice,3394,2958,0.871538008
Assam,DHEMAJI,2005,Whole Year,Arecanut,978,1163,1.189161554
Assam,DHEMAJI,2005,Whole Year,Banana,937,14392,15.35965848
Assam,DHEMAJI,2005,Whole Year,Dry chillies,187,142,0.759358289
Assam,DHEMAJI,2005,Whole Year,Onion,124,328,2.64516129
Assam,DHEMAJI,2005,Whole Year,Potato,3883,16295,4.196497553
Assam,DHEMAJI,2005,Whole Year,Sugarcane,93,3459,37.19354839
Assam,DHEMAJI,2005,Whole Year,Sweet potato,139,447,3.215827338
Assam,DHEMAJI,2005,Whole Year,Tapioca,37,120,3.243243243
Assam,DHEMAJI,2005,Whole Year,Tobacco,13,8,0.615384615
Assam,DHEMAJI,2005,Whole Year,Turmeric,253,168,0.664031621
Assam,DHEMAJI,2005,Winter,Rice,67975,82536,1.214211107
Assam,DHEMAJI,2006,Autumn,Rice,9174,6822,0.743623283
Assam,DHEMAJI,2006,Kharif,Arhar/Tur,33,25,0.757575758
Assam,DHEMAJI,2006,Kharif,Castor seed,95,42,0.442105263
Assam,DHEMAJI,2006,Kharif,Cotton(lint),8,4,0.5
Assam,DHEMAJI,2006,Kharif,Jute,91,881,9.681318681
Assam,DHEMAJI,2006,Kharif,Maize,494,444,0.898785425
Assam,DHEMAJI,2006,Kharif,Mesta,5,16,3.2
Assam,DHEMAJI,2006,Kharif,Niger seed,50,26,0.52
Assam,DHEMAJI,2006,Kharif,Sesamum,116,60,0.517241379
Assam,DHEMAJI,2006,Kharif,Small millets,27,18,0.666666667
Assam,DHEMAJI,2006,Rabi,Gram,8,4,0.5
Assam,DHEMAJI,2006,Rabi,Linseed,20,10,0.5
Assam,DHEMAJI,2006,Rabi,Masoor,332,149,0.448795181
Assam,DHEMAJI,2006,Rabi,Moong(Green Gram),71,37,0.521126761
Assam,DHEMAJI,2006,Rabi,Other  Rabi pulses,20,13,0.65
Assam,DHEMAJI,2006,Rabi,Peas & beans (Pulses),270,171,0.633333333
Assam,DHEMAJI,2006,Rabi,Rapeseed &Mustard,11140,3667,0.329174147
Assam,DHEMAJI,2006,Rabi,Urad,730,375,0.51369863
Assam,DHEMAJI,2006,Rabi,Wheat,555,196,0.353153153
Assam,DHEMAJI,2006,Summer,Rice,3446,3573,1.036854324
Assam,DHEMAJI,2006,Whole Year,Arecanut,1420,1434,1.009859155
Assam,DHEMAJI,2006,Whole Year,Banana,1005,15749,15.67064677
Assam,DHEMAJI,2006,Whole Year,Coconut,114,242000,2122.807018
Assam,DHEMAJI,2006,Whole Year,Dry chillies,185,140,0.756756757
Assam,DHEMAJI,2006,Whole Year,Onion,100,263,2.63
Assam,DHEMAJI,2006,Whole Year,Potato,4340,21018,4.842857143
Assam,DHEMAJI,2006,Whole Year,Sugarcane,102,4042,39.62745098
Assam,DHEMAJI,2006,Whole Year,Sweet potato,106,326,3.075471698
Assam,DHEMAJI,2006,Whole Year,Tapioca,29,88,3.034482759
Assam,DHEMAJI,2006,Whole Year,Tobacco,13,8,0.615384615
Assam,DHEMAJI,2006,Whole Year,Turmeric,259,171,0.66023166
Assam,DHEMAJI,2006,Winter,Rice,65130,83114,1.276124674
Assam,DHEMAJI,2007,Autumn,Rice,7944,5711,0.718907351
Assam,DHEMAJI,2007,Kharif,Arhar/Tur,31,23,0.741935484
Assam,DHEMAJI,2007,Kharif,Castor seed,105,47,0.447619048
Assam,DHEMAJI,2007,Kharif,Cotton(lint),6,3,0.5
Assam,DHEMAJI,2007,Kharif,Jute,95,1043,10.97894737
Assam,DHEMAJI,2007,Kharif,Maize,316,272,0.860759494
Assam,DHEMAJI,2007,Kharif,Mesta,7,22,3.142857143
Assam,DHEMAJI,2007,Kharif,Niger seed,50,26,0.52
Assam,DHEMAJI,2007,Kharif,Sesamum,114,59,0.51754386
Assam,DHEMAJI,2007,Kharif,Small millets,24,16,0.666666667
Assam,DHEMAJI,2007,Rabi,Gram,7,4,0.571428571
Assam,DHEMAJI,2007,Rabi,Linseed,20,10,0.5
Assam,DHEMAJI,2007,Rabi,Masoor,130,50,0.384615385
Assam,DHEMAJI,2007,Rabi,Moong(Green Gram),75,40,0.533333333
Assam,DHEMAJI,2007,Rabi,Other  Rabi pulses,20,13,0.65
Assam,DHEMAJI,2007,Rabi,Peas & beans (Pulses),620,406,0.65483871
Assam,DHEMAJI,2007,Rabi,Rapeseed &Mustard,11255,5125,0.455353176
Assam,DHEMAJI,2007,Rabi,Urad,775,326,0.420645161
Assam,DHEMAJI,2007,Rabi,Wheat,506,358,0.707509881
Assam,DHEMAJI,2007,Summer,Rice,3195,7243,2.266979656
Assam,DHEMAJI,2007,Whole Year,Arecanut,960,795,0.828125
Assam,DHEMAJI,2007,Whole Year,Banana,983,15329,15.59409969
Assam,DHEMAJI,2007,Whole Year,Black pepper,68,87,1.279411765
Assam,DHEMAJI,2007,Whole Year,Coconut,117,247000,2111.111111
Assam,DHEMAJI,2007,Whole Year,Dry chillies,192,146,0.760416667
Assam,DHEMAJI,2007,Whole Year,Dry ginger,385,3346,8.690909091
Assam,DHEMAJI,2007,Whole Year,Onion,107,300,2.803738318
Assam,DHEMAJI,2007,Whole Year,Potato,4400,23857,5.422045455
Assam,DHEMAJI,2007,Whole Year,Sugarcane,102,3884,38.07843137
Assam,DHEMAJI,2007,Whole Year,Sweet potato,116,363,3.129310345
Assam,DHEMAJI,2007,Whole Year,Tapioca,28,84,3
Assam,DHEMAJI,2007,Whole Year,Tobacco,7,4,0.571428571
Assam,DHEMAJI,2007,Whole Year,Turmeric,332,214,0.644578313
Assam,DHEMAJI,2007,Winter,Rice,63270,81220,1.283704757
Assam,DHEMAJI,2008,Autumn,Rice,7202,4935,0.685226326
Assam,DHEMAJI,2008,Kharif,Arhar/Tur,31,23,0.741935484
Assam,DHEMAJI,2008,Kharif,Castor seed,75,34,0.453333333
Assam,DHEMAJI,2008,Kharif,Cotton(lint),6,3,0.5
Assam,DHEMAJI,2008,Kharif,Jute,80,862,10.775
Assam,DHEMAJI,2008,Kharif,Maize,195,159,0.815384615
Assam,DHEMAJI,2008,Kharif,Mesta,7,22,3.142857143
Assam,DHEMAJI,2008,Kharif,Niger seed,15,7,0.466666667
Assam,DHEMAJI,2008,Kharif,Sesamum,115,58,0.504347826
Assam,DHEMAJI,2008,Kharif,Small millets,10,7,0.7
Assam,DHEMAJI,2008,Rabi,Blackgram,685,698,1.018978102
Assam,DHEMAJI,2008,Rabi,Gram,7,4,0.571428571
Assam,DHEMAJI,2008,Rabi,Linseed,10,4,0.4
Assam,DHEMAJI,2008,Rabi,Masoor,111,47,0.423423423
Assam,DHEMAJI,2008,Rabi,Moong(Green Gram),73,39,0.534246575
Assam,DHEMAJI,2008,Rabi,Peas & beans (Pulses),650,427,0.656923077
Assam,DHEMAJI,2008,Rabi,Rapeseed &Mustard,16940,7475,0.441263282
Assam,DHEMAJI,2008,Rabi,Urad,685,698,1.018978102
Assam,DHEMAJI,2008,Rabi,Wheat,515,290,0.563106796
Assam,DHEMAJI,2008,Summer,Rice,1703,2317,1.360540223
Assam,DHEMAJI,2008,Whole Year,Arecanut,257,444,1.727626459
Assam,DHEMAJI,2008,Whole Year,Banana,1022,14350,14.04109589
Assam,DHEMAJI,2008,Whole Year,Black pepper,28,36,1.285714286
Assam,DHEMAJI,2008,Whole Year,Coconut,109,366000,3357.798165
Assam,DHEMAJI,2008,Whole Year,Dry chillies,213,160,0.751173709
Assam,DHEMAJI,2008,Whole Year,Dry ginger,380,3302,8.689473684
Assam,DHEMAJI,2008,Whole Year,Onion,107,300,2.803738318
Assam,DHEMAJI,2008,Whole Year,Potato,4510,16810,3.727272727
Assam,DHEMAJI,2008,Whole Year,Sugarcane,90,3455,38.38888889
Assam,DHEMAJI,2008,Whole Year,Sweet potato,117,365,3.11965812
Assam,DHEMAJI,2008,Whole Year,Tapioca,27,81,3
Assam,DHEMAJI,2008,Whole Year,Tobacco,8,5,0.625
Assam,DHEMAJI,2008,Whole Year,Turmeric,350,230,0.657142857
Assam,DHEMAJI,2008,Winter,Rice,63280,67130,1.060840708
Assam,DHEMAJI,2009,Autumn,Rice,7823,5733,0.732839064
Assam,DHEMAJI,2009,Kharif,Arhar/Tur,31,23,0.741935484
Assam,DHEMAJI,2009,Kharif,Castor seed,64,29,0.453125
Assam,DHEMAJI,2009,Kharif,Cotton(lint),5,2,0.4
Assam,DHEMAJI,2009,Kharif,Jute,101,1104,10.93069307
Assam,DHEMAJI,2009,Kharif,Maize,225,186,0.826666667
Assam,DHEMAJI,2009,Kharif,Mesta,7,22,3.142857143
Assam,DHEMAJI,2009,Kharif,Niger seed,33,17,0.515151515
Assam,DHEMAJI,2009,Kharif,Sesamum,110,57,0.518181818
Assam,DHEMAJI,2009,Kharif,Small millets,10,7,0.7
Assam,DHEMAJI,2009,Rabi,Banana,1308,20132,15.39143731
Assam,DHEMAJI,2009,Rabi,Gram,7,4,0.571428571
Assam,DHEMAJI,2009,Rabi,Linseed,10,5,0.5
Assam,DHEMAJI,2009,Rabi,Masoor,95,38,0.4
Assam,DHEMAJI,2009,Rabi,Moong(Green Gram),81,42,0.518518519
Assam,DHEMAJI,2009,Rabi,Peas & beans (Pulses),471,283,0.600849257
Assam,DHEMAJI,2009,Rabi,Rapeseed &Mustard,16810,9414,0.560023795
Assam,DHEMAJI,2009,Rabi,Urad,767,434,0.565840939
Assam,DHEMAJI,2009,Rabi,Wheat,505,594,1.176237624
Assam,DHEMAJI,2009,Summer,Rice,4462,3862,0.865531152
Assam,DHEMAJI,2009,Whole Year,Arecanut,960,747,0.778125
Assam,DHEMAJI,2009,Whole Year,Banana,1308,20132,15.39143731
Assam,DHEMAJI,2009,Whole Year,Black pepper,28,36,1.285714286
Assam,DHEMAJI,2009,Whole Year,Coconut,112,1204000,10750
Assam,DHEMAJI,2009,Whole Year,Dry chillies,215,162,0.753488372
Assam,DHEMAJI,2009,Whole Year,Dry ginger,380,3302,8.689473684
Assam,DHEMAJI,2009,Whole Year,Onion,105,289,2.752380952
Assam,DHEMAJI,2009,Whole Year,Potato,4360,24972,5.727522936
Assam,DHEMAJI,2009,Whole Year,Sugarcane,90,3520,39.11111111
Assam,DHEMAJI,2009,Whole Year,Sweet potato,105,324,3.085714286
Assam,DHEMAJI,2009,Whole Year,Tapioca,27,80,2.962962963
Assam,DHEMAJI,2009,Whole Year,Tobacco,7,4,0.571428571
Assam,DHEMAJI,2009,Whole Year,Turmeric,321,211,0.657320872
Assam,DHEMAJI,2009,Winter,Rice,59652,83373,1.397656407
Assam,DHEMAJI,2010,Autumn,Rice,8915,6964,0.781155356
Assam,DHEMAJI,2010,Kharif,Arhar/Tur,31,23,0.741935484
Assam,DHEMAJI,2010,Kharif,Castor seed,58,26,0.448275862
Assam,DHEMAJI,2010,Kharif,Cotton(lint),5,2,0.4
Assam,DHEMAJI,2010,Kharif,Jute,84,844,10.04761905
Assam,DHEMAJI,2010,Kharif,Maize,220,179,0.813636364
Assam,DHEMAJI,2010,Kharif,Mesta,7,22,3.142857143
Assam,DHEMAJI,2010,Kharif,Niger seed,50,25,0.5
Assam,DHEMAJI,2010,Kharif,Sesamum,115,60,0.52173913
Assam,DHEMAJI,2010,Kharif,Small millets,14,10,0.714285714
Assam,DHEMAJI,2010,Rabi,Arecanut,960,747,0.778125
Assam,DHEMAJI,2010,Rabi,Banana,1260,19040,15.11111111
Assam,DHEMAJI,2010,Rabi,Gram,6,2,0.333333333
Assam,DHEMAJI,2010,Rabi,Linseed,36,18,0.5
Assam,DHEMAJI,2010,Rabi,Masoor,92,38,0.413043478
Assam,DHEMAJI,2010,Rabi,Moong(Green Gram),229,128,0.558951965
Assam,DHEMAJI,2010,Rabi,Peas & beans (Pulses),474,301,0.635021097
Assam,DHEMAJI,2010,Rabi,Rapeseed &Mustard,16800,8214,0.488928571
Assam,DHEMAJI,2010,Rabi,Urad,760,424,0.557894737
Assam,DHEMAJI,2010,Rabi,Wheat,477,518,1.085953878
Assam,DHEMAJI,2010,Summer,Rice,3150,4446,1.411428571
Assam,DHEMAJI,2010,Whole Year,Banana,1260,19040,15.11111111
Assam,DHEMAJI,2010,Whole Year,Black pepper,32,41,1.28125
Assam,DHEMAJI,2010,Whole Year,Coconut,112,1204000,10750
Assam,DHEMAJI,2010,Whole Year,Dry chillies,229,172,0.751091703
Assam,DHEMAJI,2010,Whole Year,Dry ginger,425,3693,8.689411765
Assam,DHEMAJI,2010,Whole Year,Onion,105,289,2.752380952
Assam,DHEMAJI,2010,Whole Year,Potato,6374,42146,6.612174459
Assam,DHEMAJI,2010,Whole Year,Sugarcane,99,3584,36.2020202
Assam,DHEMAJI,2010,Whole Year,Sweet potato,108,331,3.064814815
Assam,DHEMAJI,2010,Whole Year,Tapioca,28,85,3.035714286
Assam,DHEMAJI,2010,Whole Year,Tobacco,7,4,0.571428571
Assam,DHEMAJI,2010,Whole Year,Turmeric,340,225,0.661764706
Assam,DHEMAJI,2010,Winter,Rice,64892,87301,1.345327621
Assam,DHEMAJI,2011,Autumn,Paddy,9305,7164,0.769908651
Assam,DHEMAJI,2011,Autumn,Rice,9305,7164,0.769908651
Assam,DHEMAJI,2011,Kharif,Arhar/Tur,35,29,0.828571429
Assam,DHEMAJI,2011,Kharif,Castor seed,40,22,0.55
Assam,DHEMAJI,2011,Kharif,Cotton(lint),5,1,0.2
Assam,DHEMAJI,2011,Kharif,Jute,87,807,9.275862069
Assam,DHEMAJI,2011,Kharif,Maize,245,216,0.881632653
Assam,DHEMAJI,2011,Kharif,Mesta,7,34,4.857142857
Assam,DHEMAJI,2011,Kharif,Niger seed,40,21,0.525
Assam,DHEMAJI,2011,Kharif,Orange,31,300,9.677419355
Assam,DHEMAJI,2011,Kharif,Papaya,182,3694,20.2967033
Assam,DHEMAJI,2011,Kharif,Sesamum,113,67,0.592920354
Assam,DHEMAJI,2011,Kharif,Small millets,17,11,0.647058824
Assam,DHEMAJI,2011,Kharif,Tapioca,30,166,5.533333333
Assam,DHEMAJI,2011,Kharif,Tobacco,7,4,0.571428571
Assam,DHEMAJI,2011,Rabi,Arecanut,975,952,0.976410256
Assam,DHEMAJI,2011,Rabi,Black pepper,29,36,1.24137931
Assam,DHEMAJI,2011,Rabi,Dry chillies,249,231,0.927710843
Assam,DHEMAJI,2011,Rabi,Ginger,433,3788,8.748267898
Assam,DHEMAJI,2011,Rabi,Gram,6,4,0.666666667
Assam,DHEMAJI,2011,Rabi,Linseed,20,12,0.6
Assam,DHEMAJI,2011,Rabi,Masoor,49,22,0.448979592
Assam,DHEMAJI,2011,Rabi,Moong(Green Gram),249,147,0.590361446
Assam,DHEMAJI,2011,Rabi,Peas & beans (Pulses),340,214,0.629411765
Assam,DHEMAJI,2011,Rabi,Pineapple,183,2726,14.89617486
Assam,DHEMAJI,2011,Rabi,Rapeseed &Mustard,16950,7945,0.468731563
Assam,DHEMAJI,2011,Rabi,Sweet potato,91,637,7
Assam,DHEMAJI,2011,Rabi,Urad,1185,659,0.556118143
Assam,DHEMAJI,2011,Rabi,Wheat,397,203,0.511335013
Assam,DHEMAJI,2011,Summer,Paddy,2172,3848,1.771639042
Assam,DHEMAJI,2011,Summer,Rice,2172,3848,1.771639042
Assam,DHEMAJI,2011,Whole Year,Banana,1238,10099,8.157512116
Assam,DHEMAJI,2011,Whole Year,Coconut,103,531,5.155339806
Assam,DHEMAJI,2011,Whole Year,Onion,110,165,1.5
Assam,DHEMAJI,2011,Whole Year,Potato,5820,24816,4.263917526
Assam,DHEMAJI,2011,Whole Year,Sugarcane,101,3743,37.05940594
Assam,DHEMAJI,2011,Whole Year,Turmeric,370,251,0.678378378
Assam,DHEMAJI,2011,Winter,Paddy,67265,96573,1.435709507
Assam,DHEMAJI,2011,Winter,Rice,67265,96573,1.435709507
Assam,DHEMAJI,2012,Autumn,Paddy,9075,12021,1.324628099
Assam,DHEMAJI,2012,Autumn,Rice,9075,12021,1.324628099
Assam,DHEMAJI,2012,Kharif,Arhar/Tur,33,27,0.818181818
Assam,DHEMAJI,2012,Kharif,Castor seed,38,22,0.578947368
Assam,DHEMAJI,2012,Kharif,Cotton(lint),5,2,0.4
Assam,DHEMAJI,2012,Kharif,Jute,86,739,8.593023256
Assam,DHEMAJI,2012,Kharif,Maize,269,332,1.234200743
Assam,DHEMAJI,2012,Kharif,Mesta,7,24,3.428571429
Assam,DHEMAJI,2012,Kharif,Niger seed,2,2,1
Assam,DHEMAJI,2012,Kharif,Orange,31,303,9.774193548
Assam,DHEMAJI,2012,Kharif,Papaya,172,3664,21.30232558
Assam,DHEMAJI,2012,Kharif,Sesamum,115,70,0.608695652
Assam,DHEMAJI,2012,Kharif,Small millets,12,9,0.75
Assam,DHEMAJI,2012,Kharif,Tapioca,31,175,5.64516129
Assam,DHEMAJI,2012,Kharif,Tobacco,6,3,0.5
Assam,DHEMAJI,2012,Rabi,Arecanut,990,967,0.976767677
Assam,DHEMAJI,2012,Rabi,Black pepper,25,35,1.4
Assam,DHEMAJI,2012,Rabi,Dry chillies,252,239,0.948412698
Assam,DHEMAJI,2012,Rabi,Ginger,500,4386,8.772
Assam,DHEMAJI,2012,Rabi,Gram,9,6,0.666666667
Assam,DHEMAJI,2012,Rabi,Linseed,19,12,0.631578947
Assam,DHEMAJI,2012,Rabi,Masoor,165,87,0.527272727
Assam,DHEMAJI,2012,Rabi,Moong(Green Gram),250,158,0.632
Assam,DHEMAJI,2012,Rabi,Peas & beans (Pulses),1690,1018,0.602366864
Assam,DHEMAJI,2012,Rabi,Pineapple,162,2424,14.96296296
Assam,DHEMAJI,2012,Rabi,Rapeseed &Mustard,17330,7123,0.41102135
Assam,DHEMAJI,2012,Rabi,Sweet potato,92,656,7.130434783
Assam,DHEMAJI,2012,Rabi,Urad,837,462,0.551971326
Assam,DHEMAJI,2012,Rabi,Wheat,402,523,1.300995025
Assam,DHEMAJI,2012,Summer,Rice,2915,5757,1.974957118
Assam,DHEMAJI,2012,Whole Year,Banana,800,13173,16.46625
Assam,DHEMAJI,2012,Whole Year,Coconut,102,444,4.352941176
Assam,DHEMAJI,2012,Whole Year,Onion,113,195,1.725663717
Assam,DHEMAJI,2012,Whole Year,Potato,5430,27502,5.064825046
Assam,DHEMAJI,2012,Whole Year,Sugarcane,103,3668,35.61165049
Assam,DHEMAJI,2012,Whole Year,Turmeric,388,301,0.775773196
Assam,DHEMAJI,2012,Winter,Paddy,68005,110152,1.619763253
Assam,DHEMAJI,2012,Winter,Rice,68005,110152,1.619763253
Assam,DHEMAJI,2013,Autumn,Paddy,9630,14723,1.52886812
Assam,DHEMAJI,2013,Autumn,Rice,9630,14723,1.52886812
Assam,DHEMAJI,2013,Kharif,Arhar/Tur,40,34,0.85
Assam,DHEMAJI,2013,Kharif,Castor seed,29,16,0.551724138
Assam,DHEMAJI,2013,Kharif,Cotton(lint),9,4,0.444444444
Assam,DHEMAJI,2013,Kharif,Jute,87,894,10.27586207
Assam,DHEMAJI,2013,Kharif,Maize,308,1739,5.646103896
Assam,DHEMAJI,2013,Kharif,Mesta,7,24,3.428571429
Assam,DHEMAJI,2013,Kharif,Niger seed,2,1,0.5
Assam,DHEMAJI,2013,Kharif,Orange,30,293,9.766666667
Assam,DHEMAJI,2013,Kharif,Papaya,161,3429,21.29813665
Assam,DHEMAJI,2013,Kharif,Sesamum,110,69,0.627272727
Assam,DHEMAJI,2013,Kharif,Small millets,16,11,0.6875
Assam,DHEMAJI,2013,Kharif,Tapioca,31,175,5.64516129
Assam,DHEMAJI,2013,Kharif,Tobacco,6,3,0.5
Assam,DHEMAJI,2013,Rabi,Arecanut,962,352,0.365904366
Assam,DHEMAJI,2013,Rabi,Black pepper,25,35,1.4
Assam,DHEMAJI,2013,Rabi,Dry chillies,294,280,0.952380952
Assam,DHEMAJI,2013,Rabi,Ginger,500,4386,8.772
Assam,DHEMAJI,2013,Rabi,Gram,6,4,0.666666667
Assam,DHEMAJI,2013,Rabi,Linseed,9,6,0.666666667
Assam,DHEMAJI,2013,Rabi,Masoor,154,85,0.551948052
Assam,DHEMAJI,2013,Rabi,Moong(Green Gram),367,235,0.640326975
Assam,DHEMAJI,2013,Rabi,Peas & beans (Pulses),2223,1535,0.690508322
Assam,DHEMAJI,2013,Rabi,Pineapple,171,2559,14.96491228
Assam,DHEMAJI,2013,Rabi,Rapeseed &Mustard,20095,8816,0.438716099
Assam,DHEMAJI,2013,Rabi,Sweet potato,185,1318,7.124324324
Assam,DHEMAJI,2013,Rabi,Urad,1066,618,0.579737336
Assam,DHEMAJI,2013,Rabi,Wheat,142,64,0.450704225
Assam,DHEMAJI,2013,Summer,Paddy,4420,8883,2.009728507
Assam,DHEMAJI,2013,Summer,Rice,4420,8883,2.009728507
Assam,DHEMAJI,2013,Whole Year,Banana,1455,23958,16.46597938
Assam,DHEMAJI,2013,Whole Year,Coconut,104,144,1.384615385
Assam,DHEMAJI,2013,Whole Year,Onion,118,204,1.728813559
Assam,DHEMAJI,2013,Whole Year,Potato,5895,24037,4.077523325
Assam,DHEMAJI,2013,Whole Year,Sugarcane,113,4178,36.97345133
Assam,DHEMAJI,2013,Whole Year,Turmeric,380,295,0.776315789
Assam,DHEMAJI,2013,Winter,Paddy,68300,105539,1.54522694
Assam,DHEMAJI,2013,Winter,Rice,68300,105539,1.54522694
Assam,DHEMAJI,2014,Autumn,Paddy,9379,12595,1.342893699
Assam,DHEMAJI,2014,Autumn,Rice,9379,12595,1.342893699
Assam,DHEMAJI,2014,Kharif,Arhar/Tur,34,32,0.941176471
Assam,DHEMAJI,2014,Kharif,Castor seed,30,19,0.633333333
Assam,DHEMAJI,2014,Kharif,Cotton(lint),11,4,0.363636364
Assam,DHEMAJI,2014,Kharif,Jute,82,895,10.91463415
Assam,DHEMAJI,2014,Kharif,Maize,304,1367,4.496710526
Assam,DHEMAJI,2014,Kharif,Mesta,9,31,3.444444444
Assam,DHEMAJI,2014,Kharif,Niger seed,2,1,0.5
Assam,DHEMAJI,2014,Kharif,Orange,29,284,9.793103448
Assam,DHEMAJI,2014,Kharif,Papaya,150,3194,21.29333333
Assam,DHEMAJI,2014,Kharif,Sesamum,111,86,0.774774775
Assam,DHEMAJI,2014,Kharif,Small millets,4,4,1
Assam,DHEMAJI,2014,Kharif,Tapioca,31,175,5.64516129
Assam,DHEMAJI,2014,Kharif,Tobacco,3,2,0.666666667
Assam,DHEMAJI,2014,Rabi,Black pepper,25,36,1.44
Assam,DHEMAJI,2014,Rabi,Dry chillies,275,266,0.967272727
Assam,DHEMAJI,2014,Rabi,Ginger,500,4388,8.776
Assam,DHEMAJI,2014,Rabi,Gram,5,4,0.8
Assam,DHEMAJI,2014,Rabi,Linseed,9,7,0.777777778
Assam,DHEMAJI,2014,Rabi,Masoor,404,289,0.715346535
Assam,DHEMAJI,2014,Rabi,Moong(Green Gram),581,391,0.672977625
Assam,DHEMAJI,2014,Rabi,Peas & beans (Pulses),1914,1832,0.957157785
Assam,DHEMAJI,2014,Rabi,Pineapple,178,2663,14.96067416
Assam,DHEMAJI,2014,Rabi,Rapeseed &Mustard,16930,17650,1.042528057
Assam,DHEMAJI,2014,Rabi,Sweet potato,57,407,7.140350877
Assam,DHEMAJI,2014,Rabi,Urad,1102,714,0.647912886
Assam,DHEMAJI,2014,Rabi,Wheat,92,40,0.434782609
Assam,DHEMAJI,2014,Summer,Paddy,8500,12823,1.508588235
Assam,DHEMAJI,2014,Summer,Rice,8500,12823,1.508588235
Assam,DHEMAJI,2014,Whole Year,Banana,1505,24781,16.46578073
Assam,DHEMAJI,2014,Whole Year,Onion,206,357,1.733009709
Assam,DHEMAJI,2014,Whole Year,Potato,7585,32482,4.282399473
Assam,DHEMAJI,2014,Whole Year,Sugarcane,171,6286,36.76023392
Assam,DHEMAJI,2014,Whole Year,Turmeric,370,291,0.786486486
Assam,DHEMAJI,2014,Winter,Paddy,67660,106274,1.570706474
Assam,DHEMAJI,2014,Winter,Rice,67660,106274,1.570706474
Assam,DHUBRI,1997,Autumn,Rice,62078,25030,0.403202423
Assam,DHUBRI,1997,Kharif,Arhar/Tur,185,133,0.718918919
Assam,DHUBRI,1997,Kharif,Cotton(lint),13,6,0.461538462
Assam,DHUBRI,1997,Kharif,Jute,22734,181165,7.968901205
Assam,DHUBRI,1997,Kharif,Maize,267,160,0.599250936
Assam,DHUBRI,1997,Kharif,Mesta,1323,6129,4.632653061
Assam,DHUBRI,1997,Kharif,Small millets,3850,2128,0.552727273
Assam,DHUBRI,1997,Kharif,Sugarcane,197,8099,41.11167513
Assam,DHUBRI,1997,Rabi,Gram,399,261,0.654135338
Assam,DHUBRI,1997,Rabi,Linseed,1138,626,0.550087873
Assam,DHUBRI,1997,Rabi,Other  Rabi pulses,8795,5028,0.571688459
Assam,DHUBRI,1997,Rabi,Rapeseed &Mustard,15510,7338,0.47311412
Assam,DHUBRI,1997,Rabi,Wheat,18270,25101,1.373891626
Assam,DHUBRI,1997,Summer,Rice,21085,15466,0.733507233
Assam,DHUBRI,1997,Whole Year,Arecanut,2210,979,0.442986425
Assam,DHUBRI,1997,Whole Year,Coconut,675,1325,1.962962963
Assam,DHUBRI,1997,Whole Year,Dry chillies,2046,1470,0.718475073
Assam,DHUBRI,1997,Whole Year,Niger seed,2260,1186,0.524778761
Assam,DHUBRI,1997,Whole Year,Onion,1092,2839,2.59981685
Assam,DHUBRI,1997,Whole Year,Potato,5896,48613,8.245081411
Assam,DHUBRI,1997,Whole Year,Sesamum,1823,912,0.500274273
Assam,DHUBRI,1997,Whole Year,Sweet potato,3009,12637,4.199734131
Assam,DHUBRI,1997,Whole Year,Tapioca,159,502,3.157232704
Assam,DHUBRI,1997,Whole Year,Turmeric,455,341,0.749450549
Assam,DHUBRI,1997,Winter,Rice,54249,34696,0.639569393
Assam,DHUBRI,1998,Autumn,Rice,61130,42143,0.68939964
Assam,DHUBRI,1998,Kharif,Arhar/Tur,387,281,0.726098191
Assam,DHUBRI,1998,Kharif,Castor seed,16,9,0.5625
Assam,DHUBRI,1998,Kharif,Cotton(lint),8,3,0.375
Assam,DHUBRI,1998,Kharif,Jute,17750,119815,6.750140845
Assam,DHUBRI,1998,Kharif,Maize,293,176,0.600682594
Assam,DHUBRI,1998,Kharif,Mesta,1074,4959,4.617318436
Assam,DHUBRI,1998,Kharif,Niger seed,2036,1069,0.525049116
Assam,DHUBRI,1998,Kharif,Sesamum,1830,915,0.5
Assam,DHUBRI,1998,Kharif,Small millets,3905,2160,0.553137004
Assam,DHUBRI,1998,Rabi,Gram,384,252,0.65625
Assam,DHUBRI,1998,Rabi,Linseed,1144,630,0.550699301
Assam,DHUBRI,1998,Rabi,Other  Rabi pulses,9097,4941,0.543146092
Assam,DHUBRI,1998,Rabi,Rapeseed &Mustard,17480,10600,0.606407323
Assam,DHUBRI,1998,Rabi,Wheat,17730,15397,0.868415116
Assam,DHUBRI,1998,Summer,Rice,32483,61865,1.90453468
Assam,DHUBRI,1998,Whole Year,Arecanut,2273,1512,0.665200176
Assam,DHUBRI,1998,Whole Year,Banana,1661,25438,15.31487056
Assam,DHUBRI,1998,Whole Year,Coconut,688,4457000,6478.197674
Assam,DHUBRI,1998,Whole Year,Dry chillies,2038,1465,0.718842002
Assam,DHUBRI,1998,Whole Year,Onion,1093,2841,2.59926807
Assam,DHUBRI,1998,Whole Year,Potato,5925,54530,9.203375527
Assam,DHUBRI,1998,Whole Year,Sugarcane,202,8085,40.02475248
Assam,DHUBRI,1998,Whole Year,Sweet potato,2839,11924,4.200070447
Assam,DHUBRI,1998,Whole Year,Tapioca,164,520,3.170731707
Assam,DHUBRI,1998,Whole Year,Tobacco,51,41,0.803921569
Assam,DHUBRI,1998,Whole Year,Turmeric,463,347,0.749460043
Assam,DHUBRI,1998,Winter,Rice,41378,34890,0.843201701
Assam,DHUBRI,1999,Autumn,Rice,53533,31885,0.59561392
Assam,DHUBRI,1999,Kharif,Arhar/Tur,334,244,0.730538922
Assam,DHUBRI,1999,Kharif,Castor seed,15,9,0.6
Assam,DHUBRI,1999,Kharif,Cotton(lint),4,2,0.5
Assam,DHUBRI,1999,Kharif,Jute,16196,122374,7.555816251
Assam,DHUBRI,1999,Kharif,Maize,275,165,0.6
Assam,DHUBRI,1999,Kharif,Mesta,1054,4864,4.614800759
Assam,DHUBRI,1999,Kharif,Niger seed,2255,1184,0.525055432
Assam,DHUBRI,1999,Kharif,Sesamum,1905,953,0.500262467
Assam,DHUBRI,1999,Kharif,Small millets,3922,2167,0.552524222
Assam,DHUBRI,1999,Rabi,Gram,386,253,0.655440415
Assam,DHUBRI,1999,Rabi,Linseed,1140,627,0.55
Assam,DHUBRI,1999,Rabi,Other  Rabi pulses,9049,5834,0.644712123
Assam,DHUBRI,1999,Rabi,Rapeseed &Mustard,13295,5392,0.405566002
Assam,DHUBRI,1999,Rabi,Wheat,13360,19467,1.457110778
Assam,DHUBRI,1999,Summer,Rice,42747,113070,2.645097902
Assam,DHUBRI,1999,Whole Year,Arecanut,2300,1685,0.732608696
Assam,DHUBRI,1999,Whole Year,Banana,1683,25776,15.31550802
Assam,DHUBRI,1999,Whole Year,Coconut,708,2702000,3816.384181
Assam,DHUBRI,1999,Whole Year,Dry chillies,2101,1526,0.7263208
Assam,DHUBRI,1999,Whole Year,Onion,1038,2699,2.600192678
Assam,DHUBRI,1999,Whole Year,Potato,6023,61149,10.15258177
Assam,DHUBRI,1999,Whole Year,Sugarcane,216,8567,39.66203704
Assam,DHUBRI,1999,Whole Year,Sweet potato,2765,11613,4.2
Assam,DHUBRI,1999,Whole Year,Tapioca,168,539,3.208333333
Assam,DHUBRI,1999,Whole Year,Tobacco,37,29,0.783783784
Assam,DHUBRI,1999,Whole Year,Turmeric,447,336,0.751677852
Assam,DHUBRI,1999,Winter,Rice,55397,75492,1.362745275
Assam,DHUBRI,2000,Autumn,Rice,34476,20677,0.599750551
Assam,DHUBRI,2000,Kharif,Arhar/Tur,326,238,0.73006135
Assam,DHUBRI,2000,Kharif,Castor seed,14,9,0.642857143
Assam,DHUBRI,2000,Kharif,Cotton(lint),3,1,0.333333333
Assam,DHUBRI,2000,Kharif,Jute,15634,142714,9.12843802
Assam,DHUBRI,2000,Kharif,Maize,269,161,0.598513011
Assam,DHUBRI,2000,Kharif,Mesta,1043,4812,4.613614573
Assam,DHUBRI,2000,Kharif,Niger seed,1993,1046,0.524836929
Assam,DHUBRI,2000,Kharif,Sesamum,1920,961,0.500520833
Assam,DHUBRI,2000,Kharif,Small millets,3970,2195,0.552896725
Assam,DHUBRI,2000,Rabi,Gram,370,242,0.654054054
Assam,DHUBRI,2000,Rabi,Linseed,1138,626,0.550087873
Assam,DHUBRI,2000,Rabi,Other  Rabi pulses,8930,5617,0.629003359
Assam,DHUBRI,2000,Rabi,Rapeseed &Mustard,12898,6201,0.480772213
Assam,DHUBRI,2000,Rabi,Wheat,13205,17608,1.333434305
Assam,DHUBRI,2000,Summer,Rice,42849,96283,2.247030269
Assam,DHUBRI,2000,Whole Year,Arecanut,2207,1837,0.832351609
Assam,DHUBRI,2000,Whole Year,Banana,1691,25930,15.33412182
Assam,DHUBRI,2000,Whole Year,Coconut,601,2453000,4081.530782
Assam,DHUBRI,2000,Whole Year,Dry chillies,2187,1579,0.721993599
Assam,DHUBRI,2000,Whole Year,Onion,962,2501,2.5997921
Assam,DHUBRI,2000,Whole Year,Potato,5920,58100,9.814189189
Assam,DHUBRI,2000,Whole Year,Sugarcane,307,11328,36.8990228
Assam,DHUBRI,2000,Whole Year,Sweet potato,2735,11487,4.2
Assam,DHUBRI,2000,Whole Year,Tapioca,131,428,3.267175573
Assam,DHUBRI,2000,Whole Year,Tobacco,11,9,0.818181818
Assam,DHUBRI,2000,Whole Year,Turmeric,484,363,0.75
Assam,DHUBRI,2000,Winter,Rice,55247,77761,1.40751534
Assam,DHUBRI,2001,Autumn,Rice,33201,25597,0.770970754
Assam,DHUBRI,2001,Kharif,Arhar/Tur,386,282,0.730569948
Assam,DHUBRI,2001,Kharif,Castor seed,15,9,0.6
Assam,DHUBRI,2001,Kharif,Cotton(lint),113,46,0.407079646
Assam,DHUBRI,2001,Kharif,Jute,16150,131068,8.115665635
Assam,DHUBRI,2001,Kharif,Maize,268,161,0.600746269
Assam,DHUBRI,2001,Kharif,Mesta,975,4482,4.596923077
Assam,DHUBRI,2001,Kharif,Niger seed,1654,868,0.524788392
Assam,DHUBRI,2001,Kharif,Sesamum,1725,863,0.500289855
Assam,DHUBRI,2001,Kharif,Small millets,3812,2108,0.552990556
Assam,DHUBRI,2001,Rabi,Gram,338,222,0.656804734
Assam,DHUBRI,2001,Rabi,Linseed,868,477,0.549539171
Assam,DHUBRI,2001,Rabi,Masoor,1553,1191,0.766902769
Assam,DHUBRI,2001,Rabi,Moong(Green Gram),243,131,0.53909465
Assam,DHUBRI,2001,Rabi,Other  Rabi pulses,8954,5722,0.639044003
Assam,DHUBRI,2001,Rabi,Peas & beans (Pulses),470,361,0.768085106
Assam,DHUBRI,2001,Rabi,Rapeseed &Mustard,12010,6162,0.51307244
Assam,DHUBRI,2001,Rabi,Urad,6048,3675,0.607638889
Assam,DHUBRI,2001,Rabi,Wheat,13455,15656,1.163582311
Assam,DHUBRI,2001,Summer,Rice,47775,119692,2.505327054
Assam,DHUBRI,2001,Whole Year,Arecanut,2264,1880,0.830388693
Assam,DHUBRI,2001,Whole Year,Banana,1329,20309,15.2814146
Assam,DHUBRI,2001,Whole Year,Coconut,635,986000,1552.755906
Assam,DHUBRI,2001,Whole Year,Dry chillies,1874,1357,0.72411953
Assam,DHUBRI,2001,Whole Year,Onion,825,2145,2.6
Assam,DHUBRI,2001,Whole Year,Potato,5685,54617,9.607211961
Assam,DHUBRI,2001,Whole Year,Sugarcane,184,6851,37.23369565
Assam,DHUBRI,2001,Whole Year,Sweet potato,2513,10554,4.199761242
Assam,DHUBRI,2001,Whole Year,Tapioca,114,378,3.315789474
Assam,DHUBRI,2001,Whole Year,Tobacco,6,5,0.833333333
Assam,DHUBRI,2001,Whole Year,Turmeric,370,278,0.751351351
Assam,DHUBRI,2001,Winter,Rice,50035,50854,1.016368542
Assam,DHUBRI,2002,Autumn,Rice,28160,24945,0.885830966
Assam,DHUBRI,2002,Kharif,Arhar/Tur,337,246,0.729970326
Assam,DHUBRI,2002,Kharif,Castor seed,15,9,0.6
Assam,DHUBRI,2002,Kharif,Cotton(lint),3,1,0.333333333
Assam,DHUBRI,2002,Kharif,Jute,15890,117473,7.392888609
Assam,DHUBRI,2002,Kharif,Maize,128,76,0.59375
Assam,DHUBRI,2002,Kharif,Mesta,1215,5679,4.674074074
Assam,DHUBRI,2002,Kharif,Niger seed,1660,872,0.525301205
Assam,DHUBRI,2002,Kharif,Sesamum,1700,850,0.5
Assam,DHUBRI,2002,Kharif,Small millets,3767,2083,0.552959915
Assam,DHUBRI,2002,Rabi,Gram,313,205,0.654952077
Assam,DHUBRI,2002,Rabi,Linseed,959,528,0.550573514
Assam,DHUBRI,2002,Rabi,Masoor,1435,1099,0.765853659
Assam,DHUBRI,2002,Rabi,Moong(Green Gram),220,119,0.540909091
Assam,DHUBRI,2002,Rabi,Other  Rabi pulses,8779,4710,0.536507575
Assam,DHUBRI,2002,Rabi,Peas & beans (Pulses),490,375,0.765306122
Assam,DHUBRI,2002,Rabi,Rapeseed &Mustard,10197,4732,0.464058056
Assam,DHUBRI,2002,Rabi,Urad,6024,2776,0.460823373
Assam,DHUBRI,2002,Rabi,Wheat,11695,13775,1.177853784
Assam,DHUBRI,2002,Summer,Rice,47608,101119,2.123991766
Assam,DHUBRI,2002,Whole Year,Arecanut,2003,2117,1.056914628
Assam,DHUBRI,2002,Whole Year,Banana,1371,20968,15.29394602
Assam,DHUBRI,2002,Whole Year,Coconut,538,2096000,3895.910781
Assam,DHUBRI,2002,Whole Year,Dry chillies,1957,1422,0.726622381
Assam,DHUBRI,2002,Whole Year,Onion,843,2192,2.600237248
Assam,DHUBRI,2002,Whole Year,Orange,3,27,9
Assam,DHUBRI,2002,Whole Year,Papaya,86,1290,15
Assam,DHUBRI,2002,Whole Year,Pineapple,109,1485,13.62385321
Assam,DHUBRI,2002,Whole Year,Potato,5410,48386,8.943807763
Assam,DHUBRI,2002,Whole Year,Sugarcane,174,6337,36.41954023
Assam,DHUBRI,2002,Whole Year,Sweet potato,2460,10332,4.2
Assam,DHUBRI,2002,Whole Year,Tapioca,122,403,3.303278689
Assam,DHUBRI,2002,Whole Year,Tobacco,6,5,0.833333333
Assam,DHUBRI,2002,Whole Year,Turmeric,390,293,0.751282051
Assam,DHUBRI,2002,Winter,Rice,53147,73955,1.391517866
Assam,DHUBRI,2003,Autumn,Rice,25280,18024,0.712974684
Assam,DHUBRI,2003,Kharif,Arhar/Tur,343,251,0.731778426
Assam,DHUBRI,2003,Kharif,Castor seed,12,7,0.583333333
Assam,DHUBRI,2003,Kharif,Cotton(lint),2,1,0.5
Assam,DHUBRI,2003,Kharif,Jute,13528,86626,6.403459491
Assam,DHUBRI,2003,Kharif,Maize,134,81,0.604477612
Assam,DHUBRI,2003,Kharif,Mesta,1165,5429,4.660085837
Assam,DHUBRI,2003,Kharif,Niger seed,1726,906,0.524913094
Assam,DHUBRI,2003,Kharif,Sesamum,1593,797,0.500313873
Assam,DHUBRI,2003,Kharif,Small millets,3725,2064,0.55409396
Assam,DHUBRI,2003,Rabi,Gram,310,203,0.65483871
Assam,DHUBRI,2003,Rabi,Linseed,897,494,0.550724638
Assam,DHUBRI,2003,Rabi,Masoor,1490,1145,0.768456376
Assam,DHUBRI,2003,Rabi,Moong(Green Gram),207,111,0.536231884
Assam,DHUBRI,2003,Rabi,other misc. pulses,635,653,1.028346457
Assam,DHUBRI,2003,Rabi,Peas & beans (Pulses),485,372,0.767010309
Assam,DHUBRI,2003,Rabi,Rapeseed &Mustard,10335,7460,0.721819061
Assam,DHUBRI,2003,Rabi,Urad,6180,3192,0.516504854
Assam,DHUBRI,2003,Rabi,Wheat,10700,14468,1.352149533
Assam,DHUBRI,2003,Summer,Rice,47908,104444,2.180095182
Assam,DHUBRI,2003,Whole Year,Arecanut,2110,1412,0.669194313
Assam,DHUBRI,2003,Whole Year,Banana,1223,18712,15.30008177
Assam,DHUBRI,2003,Whole Year,Coconut,590,2826000,4789.830508
Assam,DHUBRI,2003,Whole Year,Dry chillies,1967,1427,0.725470259
Assam,DHUBRI,2003,Whole Year,Onion,838,2179,2.600238663
Assam,DHUBRI,2003,Whole Year,Orange,3,28,9.333333333
Assam,DHUBRI,2003,Whole Year,Papaya,94,1410,15
Assam,DHUBRI,2003,Whole Year,Pineapple,89,1258,14.13483146
Assam,DHUBRI,2003,Whole Year,Potato,5140,45250,8.803501946
Assam,DHUBRI,2003,Whole Year,Sugarcane,106,4090,38.58490566
Assam,DHUBRI,2003,Whole Year,Sweet potato,2474,10391,4.200080841
Assam,DHUBRI,2003,Whole Year,Tapioca,102,342,3.352941176
Assam,DHUBRI,2003,Whole Year,Tobacco,7,6,0.857142857
Assam,DHUBRI,2003,Whole Year,Turmeric,400,301,0.7525
Assam,DHUBRI,2003,Winter,Rice,52703,68017,1.290571694
Assam,DHUBRI,2004,Autumn,Rice,24533,18005,0.733909428
Assam,DHUBRI,2004,Kharif,Arhar/Tur,307,224,0.729641694
Assam,DHUBRI,2004,Kharif,Castor seed,12,8,0.666666667
Assam,DHUBRI,2004,Kharif,Cotton(lint),2,1,0.5
Assam,DHUBRI,2004,Kharif,Jute,12170,73162,6.011668036
Assam,DHUBRI,2004,Kharif,Mesta,1050,4873,4.640952381
Assam,DHUBRI,2004,Kharif,Niger seed,1755,922,0.525356125
Assam,DHUBRI,2004,Kharif,Sesamum,1545,773,0.500323625
Assam,DHUBRI,2004,Kharif,Small millets,3598,1991,0.553362979
Assam,DHUBRI,2004,Rabi,Gram,293,192,0.655290102
Assam,DHUBRI,2004,Rabi,Linseed,883,486,0.550396376
Assam,DHUBRI,2004,Rabi,Masoor,1365,1047,0.767032967
Assam,DHUBRI,2004,Rabi,Moong(Green Gram),163,88,0.539877301
Assam,DHUBRI,2004,Rabi,Other  Rabi pulses,6859,3723,0.542790494
Assam,DHUBRI,2004,Rabi,Peas & beans (Pulses),435,334,0.767816092
Assam,DHUBRI,2004,Rabi,Rapeseed &Mustard,11140,7010,0.629263914
Assam,DHUBRI,2004,Rabi,Urad,4251,1895,0.445777464
Assam,DHUBRI,2004,Rabi,Wheat,8702,7373,0.847276488
Assam,DHUBRI,2004,Summer,Rice,47750,102224,2.140816754
Assam,DHUBRI,2004,Whole Year,Coconut,650,5957000,9164.615385
Assam,DHUBRI,2004,Whole Year,Dry chillies,1800,1305,0.725
Assam,DHUBRI,2004,Whole Year,Onion,850,2210,2.6
Assam,DHUBRI,2004,Whole Year,Potato,4866,44198,9.083025072
Assam,DHUBRI,2004,Whole Year,Sugarcane,93,3433,36.91397849
Assam,DHUBRI,2004,Whole Year,Sweet potato,2435,10227,4.2
Assam,DHUBRI,2004,Whole Year,Tobacco,4,4,1
Assam,DHUBRI,2004,Whole Year,Turmeric,418,314,0.751196172
Assam,DHUBRI,2004,Winter,Rice,33680,44188,1.311995249
Assam,DHUBRI,2005,Autumn,Rice,20905,24361,1.165319302
Assam,DHUBRI,2005,Kharif,Arhar/Tur,229,167,0.729257642
Assam,DHUBRI,2005,Kharif,Castor seed,14,9,0.642857143
Assam,DHUBRI,2005,Kharif,Cotton(lint),1,,
Assam,DHUBRI,2005,Kharif,Jute,10992,90619,8.244086608
Assam,DHUBRI,2005,Kharif,Maize,109,65,0.596330275
Assam,DHUBRI,2005,Kharif,Mesta,865,3991,4.613872832
Assam,DHUBRI,2005,Kharif,Niger seed,1222,642,0.525368249
Assam,DHUBRI,2005,Kharif,Sesamum,1131,566,0.500442087
Assam,DHUBRI,2005,Kharif,Small millets,3384,1871,0.552895981
Assam,DHUBRI,2005,Rabi,Gram,260,170,0.653846154
Assam,DHUBRI,2005,Rabi,Linseed,667,367,0.550224888
Assam,DHUBRI,2005,Rabi,Masoor,1109,851,0.76735798
Assam,DHUBRI,2005,Rabi,Moong(Green Gram),128,68,0.53125
Assam,DHUBRI,2005,Rabi,Other  Rabi pulses,5454,3008,0.551521819
Assam,DHUBRI,2005,Rabi,Peas & beans (Pulses),322,247,0.767080745
Assam,DHUBRI,2005,Rabi,Rapeseed &Mustard,7154,3395,0.474559687
Assam,DHUBRI,2005,Rabi,Urad,3371,1592,0.472263423
Assam,DHUBRI,2005,Rabi,Wheat,7894,7123,0.902330884
Assam,DHUBRI,2005,Summer,Rice,36775,77302,2.102025833
Assam,DHUBRI,2005,Whole Year,Arecanut,1830,3007,1.643169399
Assam,DHUBRI,2005,Whole Year,Banana,1100,16850,15.31818182
Assam,DHUBRI,2005,Whole Year,Dry chillies,1338,963,0.719730942
Assam,DHUBRI,2005,Whole Year,Onion,726,1888,2.600550964
Assam,DHUBRI,2005,Whole Year,Potato,3786,11329,2.992340201
Assam,DHUBRI,2005,Whole Year,Sugarcane,75,2789,37.18666667
Assam,DHUBRI,2005,Whole Year,Sweet potato,2167,9101,4.199815413
Assam,DHUBRI,2005,Whole Year,Tapioca,110,350,3.181818182
Assam,DHUBRI,2005,Whole Year,Tobacco,5,4,0.8
Assam,DHUBRI,2005,Whole Year,Turmeric,388,291,0.75
Assam,DHUBRI,2005,Winter,Rice,35593,44141,1.240159582
Assam,DHUBRI,2006,Autumn,Rice,18171,8264,0.4547906
Assam,DHUBRI,2006,Kharif,Arhar/Tur,148,108,0.72972973
Assam,DHUBRI,2006,Kharif,Castor seed,12,7,0.583333333
Assam,DHUBRI,2006,Kharif,Jute,10049,87318,8.689222808
Assam,DHUBRI,2006,Kharif,Maize,110,66,0.6
Assam,DHUBRI,2006,Kharif,Mesta,792,3661,4.622474747
Assam,DHUBRI,2006,Kharif,Niger seed,1141,599,0.524978089
Assam,DHUBRI,2006,Kharif,Sesamum,1119,560,0.500446828
Assam,DHUBRI,2006,Kharif,Small millets,3436,1901,0.553259604
Assam,DHUBRI,2006,Rabi,Gram,242,159,0.657024793
Assam,DHUBRI,2006,Rabi,Linseed,646,355,0.549535604
Assam,DHUBRI,2006,Rabi,Masoor,1174,900,0.766609881
Assam,DHUBRI,2006,Rabi,Moong(Green Gram),125,68,0.544
Assam,DHUBRI,2006,Rabi,Other  Rabi pulses,501,273,0.54491018
Assam,DHUBRI,2006,Rabi,Peas & beans (Pulses),410,314,0.765853659
Assam,DHUBRI,2006,Rabi,Rapeseed &Mustard,8332,3954,0.474555929
Assam,DHUBRI,2006,Rabi,Urad,3646,1799,0.493417444
Assam,DHUBRI,2006,Rabi,Wheat,7130,8917,1.250631136
Assam,DHUBRI,2006,Summer,Rice,37514,111806,2.980380658
Assam,DHUBRI,2006,Whole Year,Arecanut,1315,1138,0.86539924
Assam,DHUBRI,2006,Whole Year,Banana,921,14085,15.29315961
Assam,DHUBRI,2006,Whole Year,Coconut,415,3316000,7990.361446
Assam,DHUBRI,2006,Whole Year,Dry chillies,1362,980,0.719530103
Assam,DHUBRI,2006,Whole Year,Onion,722,1877,2.599722992
Assam,DHUBRI,2006,Whole Year,Potato,4058,42324,10.42976836
Assam,DHUBRI,2006,Whole Year,Sugarcane,75,2973,39.64
Assam,DHUBRI,2006,Whole Year,Sweet potato,2043,8581,4.200195791
Assam,DHUBRI,2006,Whole Year,Tapioca,83,263,3.168674699
Assam,DHUBRI,2006,Whole Year,Tobacco,6,5,0.833333333
Assam,DHUBRI,2006,Whole Year,Turmeric,405,304,0.750617284
Assam,DHUBRI,2006,Winter,Rice,33278,30927,0.929352726
Assam,DHUBRI,2007,Autumn,Rice,17727,15300,0.863090201
Assam,DHUBRI,2007,Kharif,Arhar/Tur,146,106,0.726027397
Assam,DHUBRI,2007,Kharif,Castor seed,13,8,0.615384615
Assam,DHUBRI,2007,Kharif,Jute,12202,114084,9.349614817
Assam,DHUBRI,2007,Kharif,Maize,95,56,0.589473684
Assam,DHUBRI,2007,Kharif,Mesta,855,3962,4.633918129
Assam,DHUBRI,2007,Kharif,Niger seed,603,317,0.525704809
Assam,DHUBRI,2007,Kharif,Sesamum,966,483,0.5
Assam,DHUBRI,2007,Kharif,Small millets,2962,1639,0.553342336
Assam,DHUBRI,2007,Rabi,Gram,243,159,0.654320988
Assam,DHUBRI,2007,Rabi,Linseed,420,230,0.547619048
Assam,DHUBRI,2007,Rabi,Masoor,1198,919,0.767111853
Assam,DHUBRI,2007,Rabi,Moong(Green Gram),147,79,0.537414966
Assam,DHUBRI,2007,Rabi,Other  Rabi pulses,459,248,0.540305011
Assam,DHUBRI,2007,Rabi,Peas & beans (Pulses),503,386,0.767395626
Assam,DHUBRI,2007,Rabi,Rapeseed &Mustard,8891,4219,0.4745248
Assam,DHUBRI,2007,Rabi,Urad,3903,1789,0.45836536
Assam,DHUBRI,2007,Rabi,Wheat,6722,9170,1.364177328
Assam,DHUBRI,2007,Summer,Rice,38443,110250,2.867882319
Assam,DHUBRI,2007,Whole Year,Arecanut,1327,1037,0.781461944
Assam,DHUBRI,2007,Whole Year,Banana,926,14163,15.29481641
Assam,DHUBRI,2007,Whole Year,Black pepper,3,6,2
Assam,DHUBRI,2007,Whole Year,Coconut,372,4470000,12016.12903
Assam,DHUBRI,2007,Whole Year,Dry chillies,1308,938,0.717125382
Assam,DHUBRI,2007,Whole Year,Dry ginger,137,1158,8.452554745
Assam,DHUBRI,2007,Whole Year,Onion,637,1656,2.599686028
Assam,DHUBRI,2007,Whole Year,Potato,3862,30755,7.963490419
Assam,DHUBRI,2007,Whole Year,Sugarcane,92,3503,38.07608696
Assam,DHUBRI,2007,Whole Year,Sweet potato,1397,5867,4.199713672
Assam,DHUBRI,2007,Whole Year,Tapioca,80,256,3.2
Assam,DHUBRI,2007,Whole Year,Tobacco,6,5,0.833333333
Assam,DHUBRI,2007,Whole Year,Turmeric,380,286,0.752631579
Assam,DHUBRI,2007,Winter,Rice,32955,35146,1.0664846
Assam,DHUBRI,2008,Autumn,Rice,16741,21135,1.262469387
Assam,DHUBRI,2008,Kharif,Arhar/Tur,138,100,0.724637681
Assam,DHUBRI,2008,Kharif,Castor seed,7,5,0.714285714
Assam,DHUBRI,2008,Kharif,Jute,11176,100813,9.020490336
Assam,DHUBRI,2008,Kharif,Maize,131,77,0.58778626
Assam,DHUBRI,2008,Kharif,Mesta,874,4041,4.623569794
Assam,DHUBRI,2008,Kharif,Niger seed,666,348,0.522522523
Assam,DHUBRI,2008,Kharif,Sesamum,965,482,0.499481865
Assam,DHUBRI,2008,Kharif,Small millets,1935,1108,0.572609819
Assam,DHUBRI,2008,Rabi,Blackgram,4280,2475,0.578271028
Assam,DHUBRI,2008,Rabi,Gram,255,167,0.654901961
Assam,DHUBRI,2008,Rabi,Linseed,381,209,0.54855643
Assam,DHUBRI,2008,Rabi,Masoor,1265,970,0.766798419
Assam,DHUBRI,2008,Rabi,Moong(Green Gram),138,72,0.52173913
Assam,DHUBRI,2008,Rabi,Peas & beans (Pulses),425,326,0.767058824
Assam,DHUBRI,2008,Rabi,Rapeseed &Mustard,11332,5969,0.52673844
Assam,DHUBRI,2008,Rabi,Urad,4280,2475,0.578271028
Assam,DHUBRI,2008,Rabi,Wheat,6485,8095,1.248265227
Assam,DHUBRI,2008,Summer,Rice,53404,111046,2.079357352
Assam,DHUBRI,2008,Whole Year,Arecanut,1080,1413,1.308333333
Assam,DHUBRI,2008,Whole Year,Banana,853,12218,14.32356389
Assam,DHUBRI,2008,Whole Year,Coconut,287,3135000,10923.34495
Assam,DHUBRI,2008,Whole Year,Dry chillies,1590,1138,0.71572327
Assam,DHUBRI,2008,Whole Year,Dry ginger,50,424,8.48
Assam,DHUBRI,2008,Whole Year,Onion,664,1726,2.59939759
Assam,DHUBRI,2008,Whole Year,Potato,4179,38972,9.325675999
Assam,DHUBRI,2008,Whole Year,Sugarcane,92,3532,38.39130435
Assam,DHUBRI,2008,Whole Year,Sweet potato,1491,6262,4.199865862
Assam,DHUBRI,2008,Whole Year,Tapioca,80,251,3.1375
Assam,DHUBRI,2008,Whole Year,Tobacco,5,4,0.8
Assam,DHUBRI,2008,Whole Year,Turmeric,305,229,0.750819672
Assam,DHUBRI,2008,Winter,Rice,29158,38985,1.337025859
Assam,DHUBRI,2009,Autumn,Rice,13235,7945,0.600302229
Assam,DHUBRI,2009,Kharif,Arhar/Tur,103,75,0.72815534
Assam,DHUBRI,2009,Kharif,Castor seed,7,4,0.571428571
Assam,DHUBRI,2009,Kharif,Jute,12725,107232,8.426876228
Assam,DHUBRI,2009,Kharif,Maize,146,88,0.602739726
Assam,DHUBRI,2009,Kharif,Mesta,817,3749,4.58873929
Assam,DHUBRI,2009,Kharif,Niger seed,643,338,0.525660964
Assam,DHUBRI,2009,Kharif,Sesamum,932,467,0.501072961
Assam,DHUBRI,2009,Kharif,Small millets,2748,1537,0.559315866
Assam,DHUBRI,2009,Rabi,Banana,870,13042,14.9908046
Assam,DHUBRI,2009,Rabi,Gram,224,146,0.651785714
Assam,DHUBRI,2009,Rabi,Linseed,459,252,0.549019608
Assam,DHUBRI,2009,Rabi,Masoor,1206,925,0.766998342
Assam,DHUBRI,2009,Rabi,Moong(Green Gram),104,56,0.538461538
Assam,DHUBRI,2009,Rabi,Peas & beans (Pulses),429,329,0.766899767
Assam,DHUBRI,2009,Rabi,Rapeseed &Mustard,12120,6269,0.517244224
Assam,DHUBRI,2009,Rabi,Urad,5440,3438,0.631985294
Assam,DHUBRI,2009,Rabi,Wheat,6770,7573,1.118611521
Assam,DHUBRI,2009,Summer,Rice,53822,120411,2.237207833
Assam,DHUBRI,2009,Whole Year,Arecanut,1186,602,0.507588533
Assam,DHUBRI,2009,Whole Year,Banana,870,13042,14.9908046
Assam,DHUBRI,2009,Whole Year,Black pepper,3,4,1.333333333
Assam,DHUBRI,2009,Whole Year,Coconut,330,4919000,14906.06061
Assam,DHUBRI,2009,Whole Year,Dry chillies,1376,986,0.716569767
Assam,DHUBRI,2009,Whole Year,Dry ginger,101,854,8.455445545
Assam,DHUBRI,2009,Whole Year,Onion,640,1663,2.5984375
Assam,DHUBRI,2009,Whole Year,Potato,4133,29199,7.064843939
Assam,DHUBRI,2009,Whole Year,Sugarcane,92,3598,39.10869565
Assam,DHUBRI,2009,Whole Year,Sweet potato,1590,6677,4.199371069
Assam,DHUBRI,2009,Whole Year,Tapioca,52,166,3.192307692
Assam,DHUBRI,2009,Whole Year,Tobacco,3,3,1
Assam,DHUBRI,2009,Whole Year,Turmeric,324,243,0.75
Assam,DHUBRI,2009,Winter,Rice,28871,33918,1.174812095
Assam,DHUBRI,2010,Autumn,Rice,7488,4629,0.618189103
Assam,DHUBRI,2010,Kharif,Arhar/Tur,97,71,0.731958763
Assam,DHUBRI,2010,Kharif,Castor seed,3,2,0.666666667
Assam,DHUBRI,2010,Kharif,Jute,12195,93229,7.644854449
Assam,DHUBRI,2010,Kharif,Maize,423,254,0.600472813
Assam,DHUBRI,2010,Kharif,Mesta,703,3217,4.576102418
Assam,DHUBRI,2010,Kharif,Niger seed,440,231,0.525
Assam,DHUBRI,2010,Kharif,Sesamum,750,375,0.5
Assam,DHUBRI,2010,Kharif,Small millets,1472,825,0.560461957
Assam,DHUBRI,2010,Rabi,Arecanut,1186,602,0.507588533
Assam,DHUBRI,2010,Rabi,Banana,965,14358,14.87875648
Assam,DHUBRI,2010,Rabi,Gram,165,108,0.654545455
Assam,DHUBRI,2010,Rabi,Linseed,305,167,0.547540984
Assam,DHUBRI,2010,Rabi,Masoor,1205,926,0.76846473
Assam,DHUBRI,2010,Rabi,Moong(Green Gram),95,51,0.536842105
Assam,DHUBRI,2010,Rabi,Peas & beans (Pulses),480,368,0.766666667
Assam,DHUBRI,2010,Rabi,Rapeseed &Mustard,14400,9803,0.680763889
Assam,DHUBRI,2010,Rabi,Urad,6500,4117,0.633384615
Assam,DHUBRI,2010,Rabi,Wheat,3690,3958,1.072628726
Assam,DHUBRI,2010,Summer,Rice,54200,172864,3.189372694
Assam,DHUBRI,2010,Whole Year,Banana,965,14358,14.87875648
Assam,DHUBRI,2010,Whole Year,Black pepper,2,4,2
Assam,DHUBRI,2010,Whole Year,Coconut,330,4919000,14906.06061
Assam,DHUBRI,2010,Whole Year,Dry chillies,1860,1325,0.712365591
Assam,DHUBRI,2010,Whole Year,Dry ginger,95,803,8.452631579
Assam,DHUBRI,2010,Whole Year,Onion,550,1430,2.6
Assam,DHUBRI,2010,Whole Year,Potato,3865,32299,8.356791721
Assam,DHUBRI,2010,Whole Year,Sugarcane,138,4996,36.20289855
Assam,DHUBRI,2010,Whole Year,Sweet potato,1230,5166,4.2
Assam,DHUBRI,2010,Whole Year,Tapioca,25,84,3.36
Assam,DHUBRI,2010,Whole Year,Turmeric,345,259,0.750724638
Assam,DHUBRI,2010,Winter,Rice,33097,49607,1.498836753
Assam,DHUBRI,2011,Autumn,Paddy,4380,2710,0.618721461
Assam,DHUBRI,2011,Autumn,Rice,4380,2710,0.618721461
Assam,DHUBRI,2011,Kharif,Arhar/Tur,83,69,0.831325301
Assam,DHUBRI,2011,Kharif,Castor seed,3,2,0.666666667
Assam,DHUBRI,2011,Kharif,Jute,12750,122184,9.583058824
Assam,DHUBRI,2011,Kharif,Maize,1148,752,0.655052265
Assam,DHUBRI,2011,Kharif,Mesta,670,3595,5.365671642
Assam,DHUBRI,2011,Kharif,Niger seed,460,245,0.532608696
Assam,DHUBRI,2011,Kharif,Papaya,73,1200,16.43835616
Assam,DHUBRI,2011,Kharif,Sesamum,730,444,0.608219178
Assam,DHUBRI,2011,Kharif,Small millets,135,79,0.585185185
Assam,DHUBRI,2011,Kharif,Tapioca,25,106,4.24
Assam,DHUBRI,2011,Rabi,Arecanut,1262,866,0.686212361
Assam,DHUBRI,2011,Rabi,Black pepper,2,4,2
Assam,DHUBRI,2011,Rabi,Dry chillies,2165,1593,0.735796767
Assam,DHUBRI,2011,Rabi,Ginger,118,1011,8.56779661
Assam,DHUBRI,2011,Rabi,Gram,155,102,0.658064516
Assam,DHUBRI,2011,Rabi,Linseed,290,186,0.64137931
Assam,DHUBRI,2011,Rabi,Masoor,1520,1130,0.743421053
Assam,DHUBRI,2011,Rabi,Moong(Green Gram),145,90,0.620689655
Assam,DHUBRI,2011,Rabi,Peas & beans (Pulses),410,326,0.795121951
Assam,DHUBRI,2011,Rabi,Pineapple,24,334,13.91666667
Assam,DHUBRI,2011,Rabi,Rapeseed &Mustard,15175,10116,0.666622735
Assam,DHUBRI,2011,Rabi,Sweet potato,1195,3689,3.087029289
Assam,DHUBRI,2011,Rabi,Urad,7310,4646,0.635567715
Assam,DHUBRI,2011,Rabi,Wheat,3355,4200,1.251862891
Assam,DHUBRI,2011,Summer,Paddy,52700,168047,3.188747628
Assam,DHUBRI,2011,Summer,Rice,52700,168047,3.188747628
Assam,DHUBRI,2011,Whole Year,Banana,1000,14539,14.539
Assam,DHUBRI,2011,Whole Year,Coconut,368,5634,15.30978261
Assam,DHUBRI,2011,Whole Year,Onion,550,1689,3.070909091
Assam,DHUBRI,2011,Whole Year,Potato,3945,33514,8.49531052
Assam,DHUBRI,2011,Whole Year,Sugarcane,142,5262,37.05633803
Assam,DHUBRI,2011,Whole Year,Turmeric,403,311,0.771712159
Assam,DHUBRI,2011,Winter,Paddy,35500,54327,1.530338028
Assam,DHUBRI,2011,Winter,Rice,35500,54327,1.530338028
Assam,DHUBRI,2012,Autumn,Paddy,4298,2341,0.54467194
Assam,DHUBRI,2012,Autumn,Rice,4298,2341,0.54467194
Assam,DHUBRI,2012,Kharif,Arhar/Tur,225,187,0.831111111
Assam,DHUBRI,2012,Kharif,Castor seed,3,3,1
Assam,DHUBRI,2012,Kharif,Jute,13075,108922,8.330554493
Assam,DHUBRI,2012,Kharif,Maize,1140,841,0.737719298
Assam,DHUBRI,2012,Kharif,Mesta,685,1415,2.065693431
Assam,DHUBRI,2012,Kharif,Niger seed,450,246,0.546666667
Assam,DHUBRI,2012,Kharif,Papaya,79,1307,16.5443038
Assam,DHUBRI,2012,Kharif,Sesamum,715,509,0.711888112
Assam,DHUBRI,2012,Kharif,Small millets,730,417,0.571232877
Assam,DHUBRI,2012,Kharif,Tapioca,22,116,5.272727273
Assam,DHUBRI,2012,Rabi,Arecanut,1253,2353,1.877893057
Assam,DHUBRI,2012,Rabi,Black pepper,2,4,2
Assam,DHUBRI,2012,Rabi,Dry chillies,1955,1826,0.934015345
Assam,DHUBRI,2012,Rabi,Ginger,105,912,8.685714286
Assam,DHUBRI,2012,Rabi,Gram,165,117,0.709090909
Assam,DHUBRI,2012,Rabi,Linseed,285,197,0.69122807
Assam,DHUBRI,2012,Rabi,Masoor,1220,973,0.797540984
Assam,DHUBRI,2012,Rabi,Moong(Green Gram),119,82,0.68907563
Assam,DHUBRI,2012,Rabi,Peas & beans (Pulses),361,296,0.819944598
Assam,DHUBRI,2012,Rabi,Pineapple,28,414,14.78571429
Assam,DHUBRI,2012,Rabi,Rapeseed &Mustard,15330,11387,0.742791911
Assam,DHUBRI,2012,Rabi,Sweet potato,1190,3073,2.582352941
Assam,DHUBRI,2012,Rabi,Urad,6235,3971,0.636888532
Assam,DHUBRI,2012,Rabi,Wheat,2860,3918,1.36993007
Assam,DHUBRI,2012,Summer,Rice,53050,190523,3.591385485
Assam,DHUBRI,2012,Whole Year,Banana,1108,17119,15.45036101
Assam,DHUBRI,2012,Whole Year,Coconut,364,3092,8.494505495
Assam,DHUBRI,2012,Whole Year,Onion,510,1671,3.276470588
Assam,DHUBRI,2012,Whole Year,Potato,3670,31082,8.469209809
Assam,DHUBRI,2012,Whole Year,Sugarcane,154,5484,35.61038961
Assam,DHUBRI,2012,Whole Year,Turmeric,355,279,0.785915493
Assam,DHUBRI,2012,Winter,Paddy,35600,56164,1.577640449
Assam,DHUBRI,2012,Winter,Rice,35600,56164,1.577640449
Assam,DHUBRI,2013,Autumn,Paddy,4169,5349,1.283041497
Assam,DHUBRI,2013,Autumn,Rice,4169,5349,1.283041497
Assam,DHUBRI,2013,Kharif,Arhar/Tur,80,67,0.8375
Assam,DHUBRI,2013,Kharif,Castor seed,3,3,1
Assam,DHUBRI,2013,Kharif,Jute,13800,140340,10.16956522
Assam,DHUBRI,2013,Kharif,Maize,1176,5098,4.335034014
Assam,DHUBRI,2013,Kharif,Mesta,600,2899,4.831666667
Assam,DHUBRI,2013,Kharif,Niger seed,425,235,0.552941176
Assam,DHUBRI,2013,Kharif,Papaya,80,1324,16.55
Assam,DHUBRI,2013,Kharif,Sesamum,705,516,0.731914894
Assam,DHUBRI,2013,Kharif,Small millets,732,415,0.566939891
Assam,DHUBRI,2013,Kharif,Tapioca,27,142,5.259259259
Assam,DHUBRI,2013,Rabi,Arecanut,1258,610,0.484896661
Assam,DHUBRI,2013,Rabi,Black pepper,2,4,2
Assam,DHUBRI,2013,Rabi,Dry chillies,1974,2561,1.297365755
Assam,DHUBRI,2013,Rabi,Ginger,101,877,8.683168317
Assam,DHUBRI,2013,Rabi,Gram,167,122,0.730538922
Assam,DHUBRI,2013,Rabi,Linseed,280,191,0.682142857
Assam,DHUBRI,2013,Rabi,Masoor,1186,961,0.810286678
Assam,DHUBRI,2013,Rabi,Moong(Green Gram),114,89,0.780701754
Assam,DHUBRI,2013,Rabi,Peas & beans (Pulses),338,287,0.849112426
Assam,DHUBRI,2013,Rabi,Pineapple,28,414,14.78571429
Assam,DHUBRI,2013,Rabi,Rapeseed &Mustard,15410,12329,0.800064893
Assam,DHUBRI,2013,Rabi,Sweet potato,1182,3052,2.582064298
Assam,DHUBRI,2013,Rabi,Urad,6231,4984,0.79987161
Assam,DHUBRI,2013,Rabi,Wheat,2545,2994,1.176424361
Assam,DHUBRI,2013,Summer,Paddy,47295,167391,3.539295909
Assam,DHUBRI,2013,Summer,Rice,47295,167391,3.539295909
Assam,DHUBRI,2013,Whole Year,Banana,1141,17629,15.45048203
Assam,DHUBRI,2013,Whole Year,Coconut,364,3827,10.51373626
Assam,DHUBRI,2013,Whole Year,Onion,515,1687,3.275728155
Assam,DHUBRI,2013,Whole Year,Potato,3799,39333,10.35351408
Assam,DHUBRI,2013,Whole Year,Sugarcane,145,5361,36.97241379
Assam,DHUBRI,2013,Whole Year,Turmeric,363,285,0.785123967
Assam,DHUBRI,2013,Winter,Paddy,35140,63545,1.808338076
Assam,DHUBRI,2013,Winter,Rice,35140,63545,1.808338076
Assam,DHUBRI,2014,Autumn,Paddy,4075,3852,0.945276074
Assam,DHUBRI,2014,Autumn,Rice,4075,3852,0.945276074
Assam,DHUBRI,2014,Kharif,Arhar/Tur,69,64,0.927536232
Assam,DHUBRI,2014,Kharif,Castor seed,3,3,1
Assam,DHUBRI,2014,Kharif,Jute,12690,128294,10.10985028
Assam,DHUBRI,2014,Kharif,Maize,1195,3209,2.685355649
Assam,DHUBRI,2014,Kharif,Mesta,600,2975,4.958333333
Assam,DHUBRI,2014,Kharif,Niger seed,445,245,0.550561798
Assam,DHUBRI,2014,Kharif,Papaya,82,1357,16.54878049
Assam,DHUBRI,2014,Kharif,Sesamum,717,549,0.765690377
Assam,DHUBRI,2014,Kharif,Small millets,532,379,0.712406015
Assam,DHUBRI,2014,Kharif,Tapioca,27,142,5.259259259
Assam,DHUBRI,2014,Rabi,Black pepper,2,4,2
Assam,DHUBRI,2014,Rabi,Dry chillies,2031,2636,1.297882816
Assam,DHUBRI,2014,Rabi,Ginger,107,930,8.691588785
Assam,DHUBRI,2014,Rabi,Gram,163,486,2.981595092
Assam,DHUBRI,2014,Rabi,Linseed,286,232,0.811188811
Assam,DHUBRI,2014,Rabi,Masoor,1309,1382,1.055767762
Assam,DHUBRI,2014,Rabi,Moong(Green Gram),126,97,0.76984127
Assam,DHUBRI,2014,Rabi,Peas & beans (Pulses),369,411,1.113821138
Assam,DHUBRI,2014,Rabi,Pineapple,28,414,14.78571429
Assam,DHUBRI,2014,Rabi,Rapeseed &Mustard,15305,12924,0.844429925
Assam,DHUBRI,2014,Rabi,Sweet potato,1189,3085,2.594617325
Assam,DHUBRI,2014,Rabi,Urad,6592,5247,0.795964806
Assam,DHUBRI,2014,Rabi,Wheat,2920,4325,1.481164384
Assam,DHUBRI,2014,Summer,Paddy,51015,193213,3.787376262
Assam,DHUBRI,2014,Summer,Rice,51015,193213,3.787376262
Assam,DHUBRI,2014,Whole Year,Banana,1161,17937,15.4496124
Assam,DHUBRI,2014,Whole Year,Onion,516,1693,3.281007752
Assam,DHUBRI,2014,Whole Year,Potato,3805,47139,12.38869908
Assam,DHUBRI,2014,Whole Year,Sugarcane,147,5403,36.75510204
Assam,DHUBRI,2014,Whole Year,Turmeric,391,308,0.787723785
Assam,DHUBRI,2014,Winter,Paddy,30968,39396,1.272151899
Assam,DHUBRI,2014,Winter,Rice,30968,39396,1.272151899
Assam,DIBRUGARH,1997,Autumn,Rice,10448,13674,1.308767228
Assam,DIBRUGARH,1997,Kharif,Arhar/Tur,57,43,0.754385965
Assam,DIBRUGARH,1997,Kharif,Cotton(lint),20,9,0.45
Assam,DIBRUGARH,1997,Kharif,Jute,26,248,9.538461538
Assam,DIBRUGARH,1997,Kharif,Maize,500,268,0.536
Assam,DIBRUGARH,1997,Kharif,Small millets,64,28,0.4375
Assam,DIBRUGARH,1997,Kharif,Sugarcane,262,10771,41.11068702
Assam,DIBRUGARH,1997,Rabi,Gram,159,75,0.471698113
Assam,DIBRUGARH,1997,Rabi,Linseed,18,6,0.333333333
Assam,DIBRUGARH,1997,Rabi,Other  Rabi pulses,4160,1895,0.455528846
Assam,DIBRUGARH,1997,Rabi,Rapeseed &Mustard,12911,11349,0.879017892
Assam,DIBRUGARH,1997,Rabi,Wheat,887,1040,1.172491545
Assam,DIBRUGARH,1997,Summer,Rice,314,376,1.197452229
Assam,DIBRUGARH,1997,Whole Year,Arecanut,3378,2615,0.774126702
Assam,DIBRUGARH,1997,Whole Year,Coconut,65,261,4.015384615
Assam,DIBRUGARH,1997,Whole Year,Dry chillies,232,161,0.693965517
Assam,DIBRUGARH,1997,Whole Year,Niger seed,6,3,0.5
Assam,DIBRUGARH,1997,Whole Year,Onion,33,51,1.545454545
Assam,DIBRUGARH,1997,Whole Year,Potato,2347,13028,5.550916063
Assam,DIBRUGARH,1997,Whole Year,Sesamum,288,157,0.545138889
Assam,DIBRUGARH,1997,Whole Year,Sweet potato,108,237,2.194444444
Assam,DIBRUGARH,1997,Whole Year,Tapioca,14,56,4
Assam,DIBRUGARH,1997,Whole Year,Tobacco,20,7,0.35
Assam,DIBRUGARH,1997,Whole Year,Turmeric,395,225,0.569620253
Assam,DIBRUGARH,1997,Winter,Rice,77456,88908,1.147851684
Assam,DIBRUGARH,1998,Autumn,Rice,8820,15544,1.762358277
Assam,DIBRUGARH,1998,Kharif,Arhar/Tur,75,56,0.746666667
Assam,DIBRUGARH,1998,Kharif,Castor seed,34,11,0.323529412
Assam,DIBRUGARH,1998,Kharif,Cotton(lint),30,13,0.433333333
Assam,DIBRUGARH,1998,Kharif,Jute,15,131,8.733333333
Assam,DIBRUGARH,1998,Kharif,Maize,472,253,0.536016949
Assam,DIBRUGARH,1998,Kharif,Mesta,3,15,5
Assam,DIBRUGARH,1998,Kharif,Sesamum,304,165,0.542763158
Assam,DIBRUGARH,1998,Kharif,Small millets,66,32,0.484848485
Assam,DIBRUGARH,1998,Rabi,Gram,175,83,0.474285714
Assam,DIBRUGARH,1998,Rabi,Linseed,15,6,0.4
Assam,DIBRUGARH,1998,Rabi,Other  Rabi pulses,3607,1667,0.462156917
Assam,DIBRUGARH,1998,Rabi,Rapeseed &Mustard,12250,7620,0.622040816
Assam,DIBRUGARH,1998,Rabi,Wheat,1916,1487,0.776096033
Assam,DIBRUGARH,1998,Summer,Rice,428,853,1.992990654
Assam,DIBRUGARH,1998,Whole Year,Arecanut,3380,2887,0.854142012
Assam,DIBRUGARH,1998,Whole Year,Banana,565,7427,13.14513274
Assam,DIBRUGARH,1998,Whole Year,Coconut,163,213000,1306.748466
Assam,DIBRUGARH,1998,Whole Year,Dry chillies,259,180,0.694980695
Assam,DIBRUGARH,1998,Whole Year,Onion,49,76,1.551020408
Assam,DIBRUGARH,1998,Whole Year,Potato,2878,19329,6.716122307
Assam,DIBRUGARH,1998,Whole Year,Sugarcane,160,6404,40.025
Assam,DIBRUGARH,1998,Whole Year,Sweet potato,138,302,2.188405797
Assam,DIBRUGARH,1998,Whole Year,Tapioca,22,91,4.136363636
Assam,DIBRUGARH,1998,Whole Year,Tobacco,16,10,0.625
Assam,DIBRUGARH,1998,Whole Year,Turmeric,345,197,0.571014493
Assam,DIBRUGARH,1998,Winter,Rice,75380,113898,1.510984346
Assam,DIBRUGARH,1999,Autumn,Rice,7271,12257,1.685737863
Assam,DIBRUGARH,1999,Kharif,Arhar/Tur,74,56,0.756756757
Assam,DIBRUGARH,1999,Kharif,Castor seed,34,12,0.352941176
Assam,DIBRUGARH,1999,Kharif,Cotton(lint),30,13,0.433333333
Assam,DIBRUGARH,1999,Kharif,Jute,19,169,8.894736842
Assam,DIBRUGARH,1999,Kharif,Maize,483,258,0.534161491
Assam,DIBRUGARH,1999,Kharif,Mesta,4,20,5
Assam,DIBRUGARH,1999,Kharif,Sesamum,295,157,0.53220339
Assam,DIBRUGARH,1999,Kharif,Small millets,65,31,0.476923077
Assam,DIBRUGARH,1999,Rabi,Gram,172,81,0.470930233
Assam,DIBRUGARH,1999,Rabi,Linseed,15,6,0.4
Assam,DIBRUGARH,1999,Rabi,Other  Rabi pulses,3657,1575,0.430680886
Assam,DIBRUGARH,1999,Rabi,Rapeseed &Mustard,12281,3905,0.317970849
Assam,DIBRUGARH,1999,Rabi,Wheat,1882,2533,1.345908608
Assam,DIBRUGARH,1999,Summer,Rice,446,990,2.219730942
Assam,DIBRUGARH,1999,Whole Year,Arecanut,3550,2354,0.663098592
Assam,DIBRUGARH,1999,Whole Year,Banana,517,6796,13.1450677
Assam,DIBRUGARH,1999,Whole Year,Coconut,163,1320000,8098.159509
Assam,DIBRUGARH,1999,Whole Year,Dry chillies,248,173,0.697580645
Assam,DIBRUGARH,1999,Whole Year,Onion,49,76,1.551020408
Assam,DIBRUGARH,1999,Whole Year,Potato,2781,24067,8.654081266
Assam,DIBRUGARH,1999,Whole Year,Sugarcane,154,6109,39.66883117
Assam,DIBRUGARH,1999,Whole Year,Sweet potato,134,293,2.186567164
Assam,DIBRUGARH,1999,Whole Year,Tapioca,22,90,4.090909091
Assam,DIBRUGARH,1999,Whole Year,Tobacco,14,6,0.428571429
Assam,DIBRUGARH,1999,Whole Year,Turmeric,331,189,0.570996979
Assam,DIBRUGARH,1999,Winter,Rice,77358,121536,1.571085085
Assam,DIBRUGARH,2000,Autumn,Rice,8990,13676,1.521245829
Assam,DIBRUGARH,2000,Kharif,Arhar/Tur,186,140,0.752688172
Assam,DIBRUGARH,2000,Kharif,Castor seed,29,9,0.310344828
Assam,DIBRUGARH,2000,Kharif,Cotton(lint),30,13,0.433333333
Assam,DIBRUGARH,2000,Kharif,Jute,19,183,9.631578947
Assam,DIBRUGARH,2000,Kharif,Maize,496,265,0.534274194
Assam,DIBRUGARH,2000,Kharif,Mesta,4,20,5
Assam,DIBRUGARH,2000,Kharif,Sesamum,305,163,0.53442623
Assam,DIBRUGARH,2000,Kharif,Small millets,40,19,0.475
Assam,DIBRUGARH,2000,Rabi,Gram,172,81,0.470930233
Assam,DIBRUGARH,2000,Rabi,Linseed,2,1,0.5
Assam,DIBRUGARH,2000,Rabi,Other  Rabi pulses,3507,1373,0.391502709
Assam,DIBRUGARH,2000,Rabi,Rapeseed &Mustard,12232,4942,0.404022237
Assam,DIBRUGARH,2000,Rabi,Wheat,942,934,0.991507431
Assam,DIBRUGARH,2000,Summer,Rice,438,906,2.068493151
Assam,DIBRUGARH,2000,Whole Year,Arecanut,3100,2545,0.820967742
Assam,DIBRUGARH,2000,Whole Year,Banana,614,8071,13.14495114
Assam,DIBRUGARH,2000,Whole Year,Coconut,170,561000,3300
Assam,DIBRUGARH,2000,Whole Year,Dry chillies,238,165,0.693277311
Assam,DIBRUGARH,2000,Whole Year,Onion,55,85,1.545454545
Assam,DIBRUGARH,2000,Whole Year,Potato,2470,13195,5.342105263
Assam,DIBRUGARH,2000,Whole Year,Sugarcane,154,5682,36.8961039
Assam,DIBRUGARH,2000,Whole Year,Sweet potato,165,361,2.187878788
Assam,DIBRUGARH,2000,Whole Year,Tapioca,22,90,4.090909091
Assam,DIBRUGARH,2000,Whole Year,Tobacco,4,2,0.5
Assam,DIBRUGARH,2000,Whole Year,Turmeric,605,345,0.570247934
Assam,DIBRUGARH,2000,Winter,Rice,77733,139429,1.793691225
Assam,DIBRUGARH,2001,Autumn,Rice,8661,8709,1.005542085
Assam,DIBRUGARH,2001,Kharif,Arhar/Tur,190,142,0.747368421
Assam,DIBRUGARH,2001,Kharif,Castor seed,32,11,0.34375
Assam,DIBRUGARH,2001,Kharif,Cotton(lint),24,10,0.416666667
Assam,DIBRUGARH,2001,Kharif,Jute,16,158,9.875
Assam,DIBRUGARH,2001,Kharif,Maize,455,243,0.534065934
Assam,DIBRUGARH,2001,Kharif,Mesta,3,15,5
Assam,DIBRUGARH,2001,Kharif,Sesamum,424,227,0.535377358
Assam,DIBRUGARH,2001,Kharif,Small millets,46,22,0.47826087
Assam,DIBRUGARH,2001,Rabi,Gram,170,80,0.470588235
Assam,DIBRUGARH,2001,Rabi,Linseed,2,1,0.5
Assam,DIBRUGARH,2001,Rabi,Masoor,563,251,0.445825933
Assam,DIBRUGARH,2001,Rabi,Moong(Green Gram),185,85,0.459459459
Assam,DIBRUGARH,2001,Rabi,Other  Rabi pulses,3638,1447,0.397746014
Assam,DIBRUGARH,2001,Rabi,Peas & beans (Pulses),1675,573,0.342089552
Assam,DIBRUGARH,2001,Rabi,Rapeseed &Mustard,12476,6338,0.50801539
Assam,DIBRUGARH,2001,Rabi,Urad,985,434,0.440609137
Assam,DIBRUGARH,2001,Rabi,Wheat,1334,2002,1.500749625
Assam,DIBRUGARH,2001,Summer,Rice,502,1006,2.003984064
Assam,DIBRUGARH,2001,Whole Year,Arecanut,3100,2469,0.796451613
Assam,DIBRUGARH,2001,Whole Year,Banana,1200,15774,13.145
Assam,DIBRUGARH,2001,Whole Year,Coconut,170,886000,5211.764706
Assam,DIBRUGARH,2001,Whole Year,Dry chillies,275,191,0.694545455
Assam,DIBRUGARH,2001,Whole Year,Onion,60,111,1.85
Assam,DIBRUGARH,2001,Whole Year,Potato,2567,19211,7.483833268
Assam,DIBRUGARH,2001,Whole Year,Sugarcane,125,4654,37.232
Assam,DIBRUGARH,2001,Whole Year,Sweet potato,100,29,0.29
Assam,DIBRUGARH,2001,Whole Year,Tapioca,22,90,4.090909091
Assam,DIBRUGARH,2001,Whole Year,Tobacco,4,2,0.5
Assam,DIBRUGARH,2001,Whole Year,Turmeric,605,345,0.570247934
Assam,DIBRUGARH,2001,Winter,Rice,76890,125269,1.629197555
Assam,DIBRUGARH,2002,Autumn,Rice,8576,10431,1.216301306
Assam,DIBRUGARH,2002,Kharif,Arhar/Tur,190,143,0.752631579
Assam,DIBRUGARH,2002,Kharif,Castor seed,23,8,0.347826087
Assam,DIBRUGARH,2002,Kharif,Cotton(lint),6,3,0.5
Assam,DIBRUGARH,2002,Kharif,Jute,15,153,10.2
Assam,DIBRUGARH,2002,Kharif,Maize,430,230,0.534883721
Assam,DIBRUGARH,2002,Kharif,Mesta,3,15,5
Assam,DIBRUGARH,2002,Kharif,Sesamum,421,225,0.534441805
Assam,DIBRUGARH,2002,Kharif,Small millets,46,22,0.47826087
Assam,DIBRUGARH,2002,Rabi,Gram,90,42,0.466666667
Assam,DIBRUGARH,2002,Rabi,Linseed,2,1,0.5
Assam,DIBRUGARH,2002,Rabi,Masoor,121,54,0.446280992
Assam,DIBRUGARH,2002,Rabi,Moong(Green Gram),106,48,0.452830189
Assam,DIBRUGARH,2002,Rabi,Other  Rabi pulses,3084,1206,0.391050584
Assam,DIBRUGARH,2002,Rabi,Peas & beans (Pulses),1673,572,0.341900777
Assam,DIBRUGARH,2002,Rabi,Rapeseed &Mustard,12071,5480,0.453980615
Assam,DIBRUGARH,2002,Rabi,Urad,998,448,0.448897796
Assam,DIBRUGARH,2002,Rabi,Wheat,946,1195,1.263213531
Assam,DIBRUGARH,2002,Summer,Rice,88,167,1.897727273
Assam,DIBRUGARH,2002,Whole Year,Arecanut,3105,2685,0.8647343
Assam,DIBRUGARH,2002,Whole Year,Banana,1210,15905,13.1446281
Assam,DIBRUGARH,2002,Whole Year,Coconut,172,821000,4773.255814
Assam,DIBRUGARH,2002,Whole Year,Dry chillies,281,195,0.693950178
Assam,DIBRUGARH,2002,Whole Year,Onion,56,92,1.642857143
Assam,DIBRUGARH,2002,Whole Year,Orange,325,4290,13.2
Assam,DIBRUGARH,2002,Whole Year,Papaya,132,1991,15.08333333
Assam,DIBRUGARH,2002,Whole Year,Pineapple,327,4656,14.23853211
Assam,DIBRUGARH,2002,Whole Year,Potato,2570,17309,6.735019455
Assam,DIBRUGARH,2002,Whole Year,Sugarcane,91,3314,36.41758242
Assam,DIBRUGARH,2002,Whole Year,Sweet potato,105,230,2.19047619
Assam,DIBRUGARH,2002,Whole Year,Tapioca,22,90,4.090909091
Assam,DIBRUGARH,2002,Whole Year,Tobacco,4,2,0.5
Assam,DIBRUGARH,2002,Whole Year,Turmeric,605,345,0.570247934
Assam,DIBRUGARH,2002,Winter,Rice,77726,116065,1.493258369
Assam,DIBRUGARH,2003,Autumn,Rice,5828,7163,1.229066575
Assam,DIBRUGARH,2003,Kharif,Arhar/Tur,190,143,0.752631579
Assam,DIBRUGARH,2003,Kharif,Castor seed,19,6,0.315789474
Assam,DIBRUGARH,2003,Kharif,Cotton(lint),6,3,0.5
Assam,DIBRUGARH,2003,Kharif,Jute,10,104,10.4
Assam,DIBRUGARH,2003,Kharif,Maize,432,231,0.534722222
Assam,DIBRUGARH,2003,Kharif,Mesta,2,10,5
Assam,DIBRUGARH,2003,Kharif,Sesamum,425,227,0.534117647
Assam,DIBRUGARH,2003,Kharif,Small millets,46,22,0.47826087
Assam,DIBRUGARH,2003,Rabi,Gram,94,44,0.468085106
Assam,DIBRUGARH,2003,Rabi,Linseed,2,1,0.5
Assam,DIBRUGARH,2003,Rabi,Masoor,127,57,0.448818898
Assam,DIBRUGARH,2003,Rabi,Moong(Green Gram),103,47,0.45631068
Assam,DIBRUGARH,2003,Rabi,other misc. pulses,250,113,0.452
Assam,DIBRUGARH,2003,Rabi,Peas & beans (Pulses),1446,495,0.342323651
Assam,DIBRUGARH,2003,Rabi,Rapeseed &Mustard,11075,7154,0.645959368
Assam,DIBRUGARH,2003,Rabi,Urad,1227,1294,1.054604727
Assam,DIBRUGARH,2003,Rabi,Wheat,415,410,0.987951807
Assam,DIBRUGARH,2003,Summer,Rice,90,161,1.788888889
Assam,DIBRUGARH,2003,Whole Year,Arecanut,2756,4280,1.552975327
Assam,DIBRUGARH,2003,Whole Year,Banana,1212,15932,13.14521452
Assam,DIBRUGARH,2003,Whole Year,Coconut,180,571000,3172.222222
Assam,DIBRUGARH,2003,Whole Year,Dry chillies,270,188,0.696296296
Assam,DIBRUGARH,2003,Whole Year,Onion,58,98,1.689655172
Assam,DIBRUGARH,2003,Whole Year,Orange,275,3708,13.48363636
Assam,DIBRUGARH,2003,Whole Year,Papaya,134,2021,15.08208955
Assam,DIBRUGARH,2003,Whole Year,Pineapple,328,4658,14.20121951
Assam,DIBRUGARH,2003,Whole Year,Potato,2500,13055,5.222
Assam,DIBRUGARH,2003,Whole Year,Sugarcane,91,3512,38.59340659
Assam,DIBRUGARH,2003,Whole Year,Sweet potato,110,241,2.190909091
Assam,DIBRUGARH,2003,Whole Year,Tapioca,12,49,4.083333333
Assam,DIBRUGARH,2003,Whole Year,Tobacco,4,2,0.5
Assam,DIBRUGARH,2003,Whole Year,Turmeric,600,342,0.57
Assam,DIBRUGARH,2003,Winter,Rice,77765,142704,1.83506719
Assam,DIBRUGARH,2004,Autumn,Rice,5828,5907,1.013555251
Assam,DIBRUGARH,2004,Kharif,Arhar/Tur,110,83,0.754545455
Assam,DIBRUGARH,2004,Kharif,Castor seed,8,3,0.375
Assam,DIBRUGARH,2004,Kharif,Cotton(lint),6,3,0.5
Assam,DIBRUGARH,2004,Kharif,Jute,10,71,7.1
Assam,DIBRUGARH,2004,Kharif,Mesta,2,10,5
Assam,DIBRUGARH,2004,Kharif,Sesamum,183,98,0.535519126
Assam,DIBRUGARH,2004,Kharif,Small millets,42,20,0.476190476
Assam,DIBRUGARH,2004,Rabi,Gram,28,13,0.464285714
Assam,DIBRUGARH,2004,Rabi,Linseed,1,1,1
Assam,DIBRUGARH,2004,Rabi,Masoor,135,60,0.444444444
Assam,DIBRUGARH,2004,Rabi,Moong(Green Gram),107,49,0.457943925
Assam,DIBRUGARH,2004,Rabi,Peas & beans (Pulses),1400,479,0.342142857
Assam,DIBRUGARH,2004,Rabi,Rapeseed &Mustard,11085,7748,0.698962562
Assam,DIBRUGARH,2004,Rabi,Urad,1220,752,0.616393443
Assam,DIBRUGARH,2004,Rabi,Wheat,375,236,0.629333333
Assam,DIBRUGARH,2004,Summer,Rice,70,137,1.957142857
Assam,DIBRUGARH,2004,Whole Year,Coconut,48,78000,1625
Assam,DIBRUGARH,2004,Whole Year,Dry chillies,280,195,0.696428571
Assam,DIBRUGARH,2004,Whole Year,Onion,52,90,1.730769231
Assam,DIBRUGARH,2004,Whole Year,Potato,2500,15383,6.1532
Assam,DIBRUGARH,2004,Whole Year,Sugarcane,70,2584,36.91428571
Assam,DIBRUGARH,2004,Whole Year,Sweet potato,55,120,2.181818182
Assam,DIBRUGARH,2004,Whole Year,Tobacco,4,2,0.5
Assam,DIBRUGARH,2004,Whole Year,Turmeric,600,342,0.57
Assam,DIBRUGARH,2004,Winter,Rice,76902,142103,1.84784531
Assam,DIBRUGARH,2005,Autumn,Rice,373,437,1.171581769
Assam,DIBRUGARH,2005,Kharif,Arhar/Tur,52,39,0.75
Assam,DIBRUGARH,2005,Kharif,Castor seed,13,4,0.307692308
Assam,DIBRUGARH,2005,Kharif,Cotton(lint),3,1,0.333333333
Assam,DIBRUGARH,2005,Kharif,Jute,26,265,10.19230769
Assam,DIBRUGARH,2005,Kharif,Maize,150,80,0.533333333
Assam,DIBRUGARH,2005,Kharif,Sesamum,47,16,0.340425532
Assam,DIBRUGARH,2005,Kharif,Small millets,26,12,0.461538462
Assam,DIBRUGARH,2005,Rabi,Gram,7,3,0.428571429
Assam,DIBRUGARH,2005,Rabi,Linseed,8,3,0.375
Assam,DIBRUGARH,2005,Rabi,Masoor,39,17,0.435897436
Assam,DIBRUGARH,2005,Rabi,Moong(Green Gram),13,6,0.461538462
Assam,DIBRUGARH,2005,Rabi,Other  Rabi pulses,746,372,0.498659517
Assam,DIBRUGARH,2005,Rabi,Peas & beans (Pulses),194,66,0.340206186
Assam,DIBRUGARH,2005,Rabi,Rapeseed &Mustard,670,366,0.546268657
Assam,DIBRUGARH,2005,Rabi,Urad,441,216,0.489795918
Assam,DIBRUGARH,2005,Rabi,Wheat,57,61,1.070175439
Assam,DIBRUGARH,2005,Summer,Rice,185,329,1.778378378
Assam,DIBRUGARH,2005,Whole Year,Arecanut,2137,2081,0.97379504
Assam,DIBRUGARH,2005,Whole Year,Banana,1184,15564,13.14527027
Assam,DIBRUGARH,2005,Whole Year,Dry chillies,142,99,0.697183099
Assam,DIBRUGARH,2005,Whole Year,Onion,62,105,1.693548387
Assam,DIBRUGARH,2005,Whole Year,Potato,680,4119,6.057352941
Assam,DIBRUGARH,2005,Whole Year,Sugarcane,71,2640,37.18309859
Assam,DIBRUGARH,2005,Whole Year,Sweet potato,113,247,2.185840708
Assam,DIBRUGARH,2005,Whole Year,Tapioca,14,57,4.071428571
Assam,DIBRUGARH,2005,Whole Year,Tobacco,3,2,0.666666667
Assam,DIBRUGARH,2005,Whole Year,Turmeric,131,75,0.572519084
Assam,DIBRUGARH,2005,Winter,Rice,79228,126425,1.595711112
Assam,DIBRUGARH,2006,Autumn,Rice,575,745,1.295652174
Assam,DIBRUGARH,2006,Kharif,Arhar/Tur,14,11,0.785714286
Assam,DIBRUGARH,2006,Kharif,Castor seed,3,1,0.333333333
Assam,DIBRUGARH,2006,Kharif,Cotton(lint),4,2,0.5
Assam,DIBRUGARH,2006,Kharif,Jute,18,174,9.666666667
Assam,DIBRUGARH,2006,Kharif,Mesta,2,10,5
Assam,DIBRUGARH,2006,Kharif,Niger seed,9,5,0.555555556
Assam,DIBRUGARH,2006,Kharif,Sesamum,40,19,0.475
Assam,DIBRUGARH,2006,Kharif,Small millets,9,4,0.444444444
Assam,DIBRUGARH,2006,Rabi,Gram,2,1,0.5
Assam,DIBRUGARH,2006,Rabi,Linseed,4,2,0.5
Assam,DIBRUGARH,2006,Rabi,Masoor,67,30,0.447761194
Assam,DIBRUGARH,2006,Rabi,Moong(Green Gram),20,9,0.45
Assam,DIBRUGARH,2006,Rabi,Other  Rabi pulses,50,23,0.46
Assam,DIBRUGARH,2006,Rabi,Peas & beans (Pulses),222,76,0.342342342
Assam,DIBRUGARH,2006,Rabi,Rapeseed &Mustard,578,339,0.58650519
Assam,DIBRUGARH,2006,Rabi,Urad,314,161,0.512738854
Assam,DIBRUGARH,2006,Rabi,Wheat,86,65,0.755813953
Assam,DIBRUGARH,2006,Summer,Rice,54,109,2.018518519
Assam,DIBRUGARH,2006,Whole Year,Arecanut,982,1461,1.487780041
Assam,DIBRUGARH,2006,Whole Year,Banana,1220,16037,13.14508197
Assam,DIBRUGARH,2006,Whole Year,Coconut,37,148000,4000
Assam,DIBRUGARH,2006,Whole Year,Dry chillies,134,93,0.694029851
Assam,DIBRUGARH,2006,Whole Year,Onion,46,78,1.695652174
Assam,DIBRUGARH,2006,Whole Year,Potato,588,4263,7.25
Assam,DIBRUGARH,2006,Whole Year,Sugarcane,62,2457,39.62903226
Assam,DIBRUGARH,2006,Whole Year,Sweet potato,71,155,2.183098592
Assam,DIBRUGARH,2006,Whole Year,Tapioca,17,70,4.117647059
Assam,DIBRUGARH,2006,Whole Year,Turmeric,102,58,0.568627451
Assam,DIBRUGARH,2006,Winter,Rice,71300,110192,1.545469846
Assam,DIBRUGARH,2007,Autumn,Rice,267,187,0.700374532
Assam,DIBRUGARH,2007,Kharif,Arhar/Tur,46,35,0.760869565
Assam,DIBRUGARH,2007,Kharif,Castor seed,3,1,0.333333333
Assam,DIBRUGARH,2007,Kharif,Jute,8,88,11
Assam,DIBRUGARH,2007,Kharif,Maize,116,62,0.534482759
Assam,DIBRUGARH,2007,Kharif,Sesamum,46,21,0.456521739
Assam,DIBRUGARH,2007,Kharif,Small millets,9,4,0.444444444
Assam,DIBRUGARH,2007,Rabi,Gram,2,1,0.5
Assam,DIBRUGARH,2007,Rabi,Linseed,4,2,0.5
Assam,DIBRUGARH,2007,Rabi,Moong(Green Gram),22,10,0.454545455
Assam,DIBRUGARH,2007,Rabi,Other  Rabi pulses,51,23,0.450980392
Assam,DIBRUGARH,2007,Rabi,Peas & beans (Pulses),467,160,0.34261242
Assam,DIBRUGARH,2007,Rabi,Rapeseed &Mustard,805,451,0.560248447
Assam,DIBRUGARH,2007,Rabi,Urad,467,248,0.531049251
Assam,DIBRUGARH,2007,Rabi,Wheat,128,162,1.265625
Assam,DIBRUGARH,2007,Summer,Rice,17,39,2.294117647
Assam,DIBRUGARH,2007,Whole Year,Arecanut,1000,1266,1.266
Assam,DIBRUGARH,2007,Whole Year,Banana,525,6901,13.1447619
Assam,DIBRUGARH,2007,Whole Year,Black pepper,61,103,1.68852459
Assam,DIBRUGARH,2007,Whole Year,Coconut,37,79000,2135.135135
Assam,DIBRUGARH,2007,Whole Year,Dry chillies,166,115,0.692771084
Assam,DIBRUGARH,2007,Whole Year,Dry ginger,107,594,5.551401869
Assam,DIBRUGARH,2007,Whole Year,Onion,30,51,1.7
Assam,DIBRUGARH,2007,Whole Year,Potato,618,2615,4.231391586
Assam,DIBRUGARH,2007,Whole Year,Sugarcane,64,2475,38.671875
Assam,DIBRUGARH,2007,Whole Year,Sweet potato,103,226,2.194174757
Assam,DIBRUGARH,2007,Whole Year,Tapioca,5,20,4
Assam,DIBRUGARH,2007,Whole Year,Turmeric,85,48,0.564705882
Assam,DIBRUGARH,2007,Winter,Rice,58562,93506,1.596700932
Assam,DIBRUGARH,2008,Autumn,Rice,258,203,0.786821705
Assam,DIBRUGARH,2008,Kharif,Arhar/Tur,18,14,0.777777778
Assam,DIBRUGARH,2008,Kharif,Jute,8,86,10.75
Assam,DIBRUGARH,2008,Kharif,Maize,75,28,0.373333333
Assam,DIBRUGARH,2008,Kharif,Sesamum,32,13,0.40625
Assam,DIBRUGARH,2008,Kharif,Small millets,12,6,0.5
Assam,DIBRUGARH,2008,Rabi,Blackgram,285,165,0.578947368
Assam,DIBRUGARH,2008,Rabi,Gram,2,1,0.5
Assam,DIBRUGARH,2008,Rabi,Linseed,4,1,0.25
Assam,DIBRUGARH,2008,Rabi,Masoor,1,1,1
Assam,DIBRUGARH,2008,Rabi,Moong(Green Gram),20,9,0.45
Assam,DIBRUGARH,2008,Rabi,Peas & beans (Pulses),276,94,0.34057971
Assam,DIBRUGARH,2008,Rabi,Rapeseed &Mustard,810,420,0.518518519
Assam,DIBRUGARH,2008,Rabi,Urad,285,165,0.578947368
Assam,DIBRUGARH,2008,Rabi,Wheat,156,170,1.08974359
Assam,DIBRUGARH,2008,Summer,Rice,18,38,2.111111111
Assam,DIBRUGARH,2008,Whole Year,Arecanut,1029,1096,1.065111759
Assam,DIBRUGARH,2008,Whole Year,Banana,516,8250,15.98837209
Assam,DIBRUGARH,2008,Whole Year,Black pepper,44,87,1.977272727
Assam,DIBRUGARH,2008,Whole Year,Coconut,30,50000,1666.666667
Assam,DIBRUGARH,2008,Whole Year,Dry chillies,157,109,0.694267516
Assam,DIBRUGARH,2008,Whole Year,Dry ginger,84,467,5.55952381
Assam,DIBRUGARH,2008,Whole Year,Onion,39,66,1.692307692
Assam,DIBRUGARH,2008,Whole Year,Potato,609,4010,6.58456486
Assam,DIBRUGARH,2008,Whole Year,Sugarcane,44,1689,38.38636364
Assam,DIBRUGARH,2008,Whole Year,Sweet potato,97,212,2.18556701
Assam,DIBRUGARH,2008,Whole Year,Tapioca,12,49,4.083333333
Assam,DIBRUGARH,2008,Whole Year,Turmeric,100,57,0.57
Assam,DIBRUGARH,2008,Winter,Rice,70268,135106,1.922724426
Assam,DIBRUGARH,2009,Autumn,Rice,107,93,0.869158879
Assam,DIBRUGARH,2009,Kharif,Arhar/Tur,55,41,0.745454545
Assam,DIBRUGARH,2009,Kharif,Castor seed,3,1,0.333333333
Assam,DIBRUGARH,2009,Kharif,Jute,6,66,11
Assam,DIBRUGARH,2009,Kharif,Maize,119,102,0.857142857
Assam,DIBRUGARH,2009,Kharif,Sesamum,53,23,0.433962264
Assam,DIBRUGARH,2009,Rabi,Banana,502,7075,14.0936255
Assam,DIBRUGARH,2009,Rabi,Gram,1,1,1
Assam,DIBRUGARH,2009,Rabi,Linseed,6,2,0.333333333
Assam,DIBRUGARH,2009,Rabi,Masoor,36,16,0.444444444
Assam,DIBRUGARH,2009,Rabi,Moong(Green Gram),59,27,0.457627119
Assam,DIBRUGARH,2009,Rabi,Peas & beans (Pulses),428,146,0.341121495
Assam,DIBRUGARH,2009,Rabi,Rapeseed &Mustard,992,693,0.69858871
Assam,DIBRUGARH,2009,Rabi,Urad,387,219,0.565891473
Assam,DIBRUGARH,2009,Rabi,Wheat,208,226,1.086538462
Assam,DIBRUGARH,2009,Summer,Rice,75,164,2.186666667
Assam,DIBRUGARH,2009,Whole Year,Arecanut,1100,1569,1.426363636
Assam,DIBRUGARH,2009,Whole Year,Banana,502,7075,14.0936255
Assam,DIBRUGARH,2009,Whole Year,Black pepper,47,87,1.85106383
Assam,DIBRUGARH,2009,Whole Year,Coconut,51,111000,2176.470588
Assam,DIBRUGARH,2009,Whole Year,Dry chillies,189,131,0.693121693
Assam,DIBRUGARH,2009,Whole Year,Dry ginger,123,684,5.56097561
Assam,DIBRUGARH,2009,Whole Year,Onion,47,80,1.70212766
Assam,DIBRUGARH,2009,Whole Year,Potato,719,5222,7.26286509
Assam,DIBRUGARH,2009,Whole Year,Sugarcane,47,1838,39.10638298
Assam,DIBRUGARH,2009,Whole Year,Sweet potato,111,243,2.189189189
Assam,DIBRUGARH,2009,Whole Year,Tapioca,12,49,4.083333333
Assam,DIBRUGARH,2009,Whole Year,Turmeric,104,59,0.567307692
Assam,DIBRUGARH,2009,Winter,Rice,74832,154678,2.067003421
Assam,DIBRUGARH,2010,Autumn,Rice,102,118,1.156862745
Assam,DIBRUGARH,2010,Kharif,Arhar/Tur,64,48,0.75
Assam,DIBRUGARH,2010,Kharif,Castor seed,7,2,0.285714286
Assam,DIBRUGARH,2010,Kharif,Jute,5,50,10
Assam,DIBRUGARH,2010,Kharif,Maize,103,64,0.621359223
Assam,DIBRUGARH,2010,Kharif,Niger seed,8,4,0.5
Assam,DIBRUGARH,2010,Kharif,Sesamum,51,22,0.431372549
Assam,DIBRUGARH,2010,Rabi,Arecanut,1100,1569,1.426363636
Assam,DIBRUGARH,2010,Rabi,Banana,646,9305,14.40402477
Assam,DIBRUGARH,2010,Rabi,Gram,1,1,1
Assam,DIBRUGARH,2010,Rabi,Linseed,8,3,0.375
Assam,DIBRUGARH,2010,Rabi,Masoor,18,8,0.444444444
Assam,DIBRUGARH,2010,Rabi,Moong(Green Gram),70,32,0.457142857
Assam,DIBRUGARH,2010,Rabi,Peas & beans (Pulses),468,160,0.341880342
Assam,DIBRUGARH,2010,Rabi,Rapeseed &Mustard,1132,695,0.613957597
Assam,DIBRUGARH,2010,Rabi,Urad,394,220,0.558375635
Assam,DIBRUGARH,2010,Rabi,Wheat,123,154,1.25203252
Assam,DIBRUGARH,2010,Summer,Rice,136,350,2.573529412
Assam,DIBRUGARH,2010,Whole Year,Banana,646,9305,14.40402477
Assam,DIBRUGARH,2010,Whole Year,Black pepper,64,117,1.828125
Assam,DIBRUGARH,2010,Whole Year,Coconut,51,111000,2176.470588
Assam,DIBRUGARH,2010,Whole Year,Dry chillies,246,171,0.695121951
Assam,DIBRUGARH,2010,Whole Year,Dry ginger,145,806,5.55862069
Assam,DIBRUGARH,2010,Whole Year,Onion,48,82,1.708333333
Assam,DIBRUGARH,2010,Whole Year,Potato,917,7093,7.735005453
Assam,DIBRUGARH,2010,Whole Year,Sugarcane,64,2317,36.203125
Assam,DIBRUGARH,2010,Whole Year,Sweet potato,120,263,2.191666667
Assam,DIBRUGARH,2010,Whole Year,Tapioca,5,20,4
Assam,DIBRUGARH,2010,Whole Year,Turmeric,270,154,0.57037037
Assam,DIBRUGARH,2010,Winter,Rice,75859,162490,2.14200029
Assam,DIBRUGARH,2011,Autumn,Paddy,95,116,1.221052632
Assam,DIBRUGARH,2011,Autumn,Rice,95,116,1.221052632
Assam,DIBRUGARH,2011,Kharif,Arhar/Tur,35,28,0.8
Assam,DIBRUGARH,2011,Kharif,Castor seed,4,2,0.5
Assam,DIBRUGARH,2011,Kharif,Jute,6,56,9.333333333
Assam,DIBRUGARH,2011,Kharif,Maize,142,100,0.704225352
Assam,DIBRUGARH,2011,Kharif,Mesta,2,13,6.5
Assam,DIBRUGARH,2011,Kharif,Orange,65,831,12.78461538
Assam,DIBRUGARH,2011,Kharif,Papaya,134,2260,16.86567164
Assam,DIBRUGARH,2011,Kharif,Sesamum,50,25,0.5
Assam,DIBRUGARH,2011,Kharif,Tapioca,5,50,10
Assam,DIBRUGARH,2011,Rabi,Arecanut,1400,1595,1.139285714
Assam,DIBRUGARH,2011,Rabi,Black pepper,65,119,1.830769231
Assam,DIBRUGARH,2011,Rabi,Dry chillies,266,168,0.631578947
Assam,DIBRUGARH,2011,Rabi,Ginger,148,1144,7.72972973
Assam,DIBRUGARH,2011,Rabi,Linseed,8,3,0.375
Assam,DIBRUGARH,2011,Rabi,Masoor,24,11,0.458333333
Assam,DIBRUGARH,2011,Rabi,Moong(Green Gram),75,39,0.52
Assam,DIBRUGARH,2011,Rabi,Peas & beans (Pulses),540,191,0.353703704
Assam,DIBRUGARH,2011,Rabi,Pineapple,87,1250,14.36781609
Assam,DIBRUGARH,2011,Rabi,Rapeseed &Mustard,2322,2294,0.98794143
Assam,DIBRUGARH,2011,Rabi,Sweet potato,121,392,3.239669421
Assam,DIBRUGARH,2011,Rabi,Urad,450,250,0.555555556
Assam,DIBRUGARH,2011,Rabi,Wheat,26,31,1.192307692
Assam,DIBRUGARH,2011,Summer,Paddy,310,851,2.74516129
Assam,DIBRUGARH,2011,Summer,Rice,310,851,2.74516129
Assam,DIBRUGARH,2011,Whole Year,Banana,621,10082,16.23510467
Assam,DIBRUGARH,2011,Whole Year,Coconut,65,38,0.584615385
Assam,DIBRUGARH,2011,Whole Year,Onion,55,163,2.963636364
Assam,DIBRUGARH,2011,Whole Year,Potato,1107,7725,6.978319783
Assam,DIBRUGARH,2011,Whole Year,Sugarcane,96,3557,37.05208333
Assam,DIBRUGARH,2011,Whole Year,Turmeric,300,205,0.683333333
Assam,DIBRUGARH,2011,Winter,Paddy,77004,104292,1.354371201
Assam,DIBRUGARH,2011,Winter,Rice,77004,104292,1.354371201
Assam,DIBRUGARH,2012,Autumn,Paddy,280,363,1.296428571
Assam,DIBRUGARH,2012,Autumn,Rice,280,363,1.296428571
Assam,DIBRUGARH,2012,Kharif,Arhar/Tur,39,33,0.846153846
Assam,DIBRUGARH,2012,Kharif,Castor seed,3,1,0.333333333
Assam,DIBRUGARH,2012,Kharif,Jute,8,67,8.375
Assam,DIBRUGARH,2012,Kharif,Maize,125,87,0.696
Assam,DIBRUGARH,2012,Kharif,Mesta,4,20,5
Assam,DIBRUGARH,2012,Kharif,Orange,73,940,12.87671233
Assam,DIBRUGARH,2012,Kharif,Papaya,150,2681,17.87333333
Assam,DIBRUGARH,2012,Kharif,Sesamum,56,31,0.553571429
Assam,DIBRUGARH,2012,Kharif,Tapioca,8,81,10.125
Assam,DIBRUGARH,2012,Rabi,Arecanut,1480,1866,1.260810811
Assam,DIBRUGARH,2012,Rabi,Black pepper,81,150,1.851851852
Assam,DIBRUGARH,2012,Rabi,Dry chillies,270,182,0.674074074
Assam,DIBRUGARH,2012,Rabi,Ginger,160,1255,7.84375
Assam,DIBRUGARH,2012,Rabi,Gram,1,1,1
Assam,DIBRUGARH,2012,Rabi,Linseed,8,3,0.375
Assam,DIBRUGARH,2012,Rabi,Masoor,25,12,0.48
Assam,DIBRUGARH,2012,Rabi,Moong(Green Gram),118,68,0.576271186
Assam,DIBRUGARH,2012,Rabi,Peas & beans (Pulses),1085,390,0.359447005
Assam,DIBRUGARH,2012,Rabi,Pineapple,104,1505,14.47115385
Assam,DIBRUGARH,2012,Rabi,Rapeseed &Mustard,2435,2161,0.887474333
Assam,DIBRUGARH,2012,Rabi,Sweet potato,118,404,3.423728814
Assam,DIBRUGARH,2012,Rabi,Urad,569,314,0.551845343
Assam,DIBRUGARH,2012,Rabi,Wheat,8,10,1.25
Assam,DIBRUGARH,2012,Summer,Rice,415,1230,2.963855422
Assam,DIBRUGARH,2012,Whole Year,Banana,720,12475,17.32638889
Assam,DIBRUGARH,2012,Whole Year,Coconut,80,255,3.1875
Assam,DIBRUGARH,2012,Whole Year,Onion,76,226,2.973684211
Assam,DIBRUGARH,2012,Whole Year,Potato,1150,8539,7.425217391
Assam,DIBRUGARH,2012,Whole Year,Sugarcane,120,4273,35.60833333
Assam,DIBRUGARH,2012,Whole Year,Turmeric,316,220,0.696202532
Assam,DIBRUGARH,2012,Winter,Paddy,76892,159734,2.077381262
Assam,DIBRUGARH,2012,Winter,Rice,76892,159734,2.077381262
Assam,DIBRUGARH,2013,Autumn,Paddy,188,325,1.728723404
Assam,DIBRUGARH,2013,Autumn,Rice,188,325,1.728723404
Assam,DIBRUGARH,2013,Kharif,Arhar/Tur,49,42,0.857142857
Assam,DIBRUGARH,2013,Kharif,Jute,5,51,10.2
Assam,DIBRUGARH,2013,Kharif,Maize,120,430,3.583333333
Assam,DIBRUGARH,2013,Kharif,Mesta,10,52,5.2
Assam,DIBRUGARH,2013,Kharif,Orange,73,940,12.87671233
Assam,DIBRUGARH,2013,Kharif,Papaya,174,3109,17.86781609
Assam,DIBRUGARH,2013,Kharif,Sesamum,53,31,0.58490566
Assam,DIBRUGARH,2013,Kharif,Tapioca,9,91,10.11111111
Assam,DIBRUGARH,2013,Rabi,Arecanut,1518,1187,0.781949934
Assam,DIBRUGARH,2013,Rabi,Black pepper,103,191,1.854368932
Assam,DIBRUGARH,2013,Rabi,Dry chillies,294,198,0.673469388
Assam,DIBRUGARH,2013,Rabi,Ginger,172,1349,7.843023256
Assam,DIBRUGARH,2013,Rabi,Masoor,12,7,0.583333333
Assam,DIBRUGARH,2013,Rabi,Moong(Green Gram),115,58,0.504347826
Assam,DIBRUGARH,2013,Rabi,Peas & beans (Pulses),1100,627,0.57
Assam,DIBRUGARH,2013,Rabi,Pineapple,68,984,14.47058824
Assam,DIBRUGARH,2013,Rabi,Rapeseed &Mustard,2819,1768,0.627172756
Assam,DIBRUGARH,2013,Rabi,Sweet potato,122,417,3.418032787
Assam,DIBRUGARH,2013,Rabi,Urad,580,336,0.579310345
Assam,DIBRUGARH,2013,Rabi,Wheat,8,10,1.25
Assam,DIBRUGARH,2013,Summer,Paddy,403,1201,2.980148883
Assam,DIBRUGARH,2013,Summer,Rice,403,1201,2.980148883
Assam,DIBRUGARH,2013,Whole Year,Banana,705,12215,17.32624113
Assam,DIBRUGARH,2013,Whole Year,Coconut,85,330,3.882352941
Assam,DIBRUGARH,2013,Whole Year,Onion,69,205,2.971014493
Assam,DIBRUGARH,2013,Whole Year,Potato,1217,8699,7.147904684
Assam,DIBRUGARH,2013,Whole Year,Sugarcane,89,3290,36.96629213
Assam,DIBRUGARH,2013,Whole Year,Turmeric,323,224,0.693498452
Assam,DIBRUGARH,2013,Winter,Paddy,77479,146528,1.891196324
Assam,DIBRUGARH,2013,Winter,Rice,77479,146528,1.891196324
Assam,DIBRUGARH,2014,Autumn,Paddy,333,477,1.432432432
Assam,DIBRUGARH,2014,Autumn,Rice,333,477,1.432432432
Assam,DIBRUGARH,2014,Kharif,Arhar/Tur,49,47,0.959183673
Assam,DIBRUGARH,2014,Kharif,Castor seed,3,1,0.333333333
Assam,DIBRUGARH,2014,Kharif,Cotton(lint),1,1,1
Assam,DIBRUGARH,2014,Kharif,Jute,7,78,11.14285714
Assam,DIBRUGARH,2014,Kharif,Maize,98,249,2.540816327
Assam,DIBRUGARH,2014,Kharif,Mesta,8,40,5
Assam,DIBRUGARH,2014,Kharif,Orange,75,966,12.88
Assam,DIBRUGARH,2014,Kharif,Papaya,185,3306,17.87027027
Assam,DIBRUGARH,2014,Kharif,Sesamum,41,24,0.585365854
Assam,DIBRUGARH,2014,Kharif,Tapioca,9,91,10.11111111
Assam,DIBRUGARH,2014,Rabi,Black pepper,95,177,1.863157895
Assam,DIBRUGARH,2014,Rabi,Dry chillies,287,197,0.68641115
Assam,DIBRUGARH,2014,Rabi,Ginger,164,1289,7.859756098
Assam,DIBRUGARH,2014,Rabi,Masoor,33,22,0.666666667
Assam,DIBRUGARH,2014,Rabi,Moong(Green Gram),91,58,0.637362637
Assam,DIBRUGARH,2014,Rabi,Peas & beans (Pulses),1044,509,0.487547893
Assam,DIBRUGARH,2014,Rabi,Pineapple,86,1245,14.47674419
Assam,DIBRUGARH,2014,Rabi,Rapeseed &Mustard,2750,1925,0.7
Assam,DIBRUGARH,2014,Rabi,Sweet potato,119,408,3.428571429
Assam,DIBRUGARH,2014,Rabi,Urad,521,338,0.648752399
Assam,DIBRUGARH,2014,Rabi,Wheat,34,41,1.205882353
Assam,DIBRUGARH,2014,Summer,Paddy,1256,3693,2.940286624
Assam,DIBRUGARH,2014,Summer,Rice,1256,3693,2.940286624
Assam,DIBRUGARH,2014,Whole Year,Banana,735,12735,17.32653061
Assam,DIBRUGARH,2014,Whole Year,Onion,81,242,2.987654321
Assam,DIBRUGARH,2014,Whole Year,Potato,1273,9546,7.498821681
Assam,DIBRUGARH,2014,Whole Year,Sugarcane,105,3860,36.76190476
Assam,DIBRUGARH,2014,Whole Year,Turmeric,333,270,0.810810811
Assam,DIBRUGARH,2014,Winter,Paddy,73139,124921,1.707994367
Assam,DIBRUGARH,2014,Winter,Rice,73139,124921,1.707994367
Assam,DIMA HASAO,1997,Autumn,Rice,5984,5393,0.901236631
Assam,DIMA HASAO,1997,Kharif,Arhar/Tur,251,181,0.721115538
Assam,DIMA HASAO,1997,Kharif,Cotton(lint),398,187,0.469849246
Assam,DIMA HASAO,1997,Kharif,Jute,150,1433,9.553333333
Assam,DIMA HASAO,1997,Kharif,Maize,1299,974,0.749807544
Assam,DIMA HASAO,1997,Kharif,Mesta,3,13,4.333333333
Assam,DIMA HASAO,1997,Kharif,Small millets,7,3,0.428571429
Assam,DIMA HASAO,1997,Kharif,Sugarcane,1268,42586,33.5851735
Assam,DIMA HASAO,1997,Rabi,Gram,26,8,0.307692308
Assam,DIMA HASAO,1997,Rabi,Linseed,7,4,0.571428571
Assam,DIMA HASAO,1997,Rabi,Other  Rabi pulses,399,199,0.498746867
Assam,DIMA HASAO,1997,Rabi,Rapeseed &Mustard,2100,867,0.412857143
Assam,DIMA HASAO,1997,Rabi,Wheat,56,73,1.303571429
Assam,DIMA HASAO,1997,Summer,Rice,52,62,1.192307692
Assam,DIMA HASAO,1997,Whole Year,Arecanut,360,264,0.733333333
Assam,DIMA HASAO,1997,Whole Year,Coconut,40,259,6.475
Assam,DIMA HASAO,1997,Whole Year,Dry chillies,286,164,0.573426573
Assam,DIMA HASAO,1997,Whole Year,Onion,14,20,1.428571429
Assam,DIMA HASAO,1997,Whole Year,Potato,220,1964,8.927272727
Assam,DIMA HASAO,1997,Whole Year,Sesamum,512,256,0.5
Assam,DIMA HASAO,1997,Whole Year,Sweet potato,40,196,4.9
Assam,DIMA HASAO,1997,Whole Year,Tapioca,65,325,5
Assam,DIMA HASAO,1997,Whole Year,Turmeric,211,108,0.511848341
Assam,DIMA HASAO,1997,Winter,Rice,8117,10606,1.306640384
Assam,DIMA HASAO,1998,Autumn,Rice,5886,8091,1.374617737
Assam,DIMA HASAO,1998,Kharif,Arhar/Tur,123,89,0.723577236
Assam,DIMA HASAO,1998,Kharif,Castor seed,86,39,0.453488372
Assam,DIMA HASAO,1998,Kharif,Cotton(lint),348,164,0.471264368
Assam,DIMA HASAO,1998,Kharif,Jute,138,1205,8.731884058
Assam,DIMA HASAO,1998,Kharif,Maize,1428,1071,0.75
Assam,DIMA HASAO,1998,Kharif,Mesta,3,13,4.333333333
Assam,DIMA HASAO,1998,Kharif,Sesamum,518,328,0.633204633
Assam,DIMA HASAO,1998,Kharif,Small millets,7,3,0.428571429
Assam,DIMA HASAO,1998,Rabi,Gram,16,5,0.3125
Assam,DIMA HASAO,1998,Rabi,Linseed,7,4,0.571428571
Assam,DIMA HASAO,1998,Rabi,Other  Rabi pulses,433,215,0.496535797
Assam,DIMA HASAO,1998,Rabi,Rapeseed &Mustard,2094,712,0.340019102
Assam,DIMA HASAO,1998,Rabi,Wheat,50,51,1.02
Assam,DIMA HASAO,1998,Summer,Rice,36,72,2
Assam,DIMA HASAO,1998,Whole Year,Arecanut,335,226,0.674626866
Assam,DIMA HASAO,1998,Whole Year,Banana,500,7250,14.5
Assam,DIMA HASAO,1998,Whole Year,Coconut,40,305000,7625
Assam,DIMA HASAO,1998,Whole Year,Dry chillies,286,164,0.573426573
Assam,DIMA HASAO,1998,Whole Year,Onion,14,20,1.428571429
Assam,DIMA HASAO,1998,Whole Year,Potato,252,2001,7.94047619
Assam,DIMA HASAO,1998,Whole Year,Sugarcane,1293,42002,32.4841454
Assam,DIMA HASAO,1998,Whole Year,Sweet potato,40,196,4.9
Assam,DIMA HASAO,1998,Whole Year,Tapioca,64,320,5
Assam,DIMA HASAO,1998,Whole Year,Tobacco,29,23,0.793103448
Assam,DIMA HASAO,1998,Whole Year,Turmeric,215,110,0.511627907
Assam,DIMA HASAO,1998,Winter,Rice,5938,11546,1.944425733
Assam,DIMA HASAO,1999,Autumn,Rice,5646,6945,1.230074389
Assam,DIMA HASAO,1999,Kharif,Arhar/Tur,221,159,0.719457014
Assam,DIMA HASAO,1999,Kharif,Castor seed,85,38,0.447058824
Assam,DIMA HASAO,1999,Kharif,Cotton(lint),345,162,0.469565217
Assam,DIMA HASAO,1999,Kharif,Jute,101,901,8.920792079
Assam,DIMA HASAO,1999,Kharif,Maize,1430,1073,0.75034965
Assam,DIMA HASAO,1999,Kharif,Mesta,2,9,4.5
Assam,DIMA HASAO,1999,Kharif,Niger seed,1,1,1
Assam,DIMA HASAO,1999,Kharif,Sesamum,500,272,0.544
Assam,DIMA HASAO,1999,Kharif,Small millets,4,2,0.5
Assam,DIMA HASAO,1999,Rabi,Gram,5,2,0.4
Assam,DIMA HASAO,1999,Rabi,Linseed,3,2,0.666666667
Assam,DIMA HASAO,1999,Rabi,Other  Rabi pulses,459,241,0.525054466
Assam,DIMA HASAO,1999,Rabi,Rapeseed &Mustard,2180,606,0.277981651
Assam,DIMA HASAO,1999,Rabi,Wheat,58,74,1.275862069
Assam,DIMA HASAO,1999,Summer,Rice,36,80,2.222222222
Assam,DIMA HASAO,1999,Whole Year,Arecanut,380,262,0.689473684
Assam,DIMA HASAO,1999,Whole Year,Banana,525,7613,14.50095238
Assam,DIMA HASAO,1999,Whole Year,Coconut,50,369000,7380
Assam,DIMA HASAO,1999,Whole Year,Dry chillies,289,166,0.574394464
Assam,DIMA HASAO,1999,Whole Year,Onion,20,28,1.4
Assam,DIMA HASAO,1999,Whole Year,Potato,190,1732,9.115789474
Assam,DIMA HASAO,1999,Whole Year,Sugarcane,1805,55630,30.8199446
Assam,DIMA HASAO,1999,Whole Year,Sweet potato,39,191,4.897435897
Assam,DIMA HASAO,1999,Whole Year,Tapioca,60,300,5
Assam,DIMA HASAO,1999,Whole Year,Tobacco,27,21,0.777777778
Assam,DIMA HASAO,1999,Whole Year,Turmeric,230,117,0.508695652
Assam,DIMA HASAO,1999,Winter,Rice,8147,15320,1.88044679
Assam,DIMA HASAO,2000,Autumn,Rice,5772,6345,1.099272349
Assam,DIMA HASAO,2000,Kharif,Arhar/Tur,258,186,0.720930233
Assam,DIMA HASAO,2000,Kharif,Castor seed,91,41,0.450549451
Assam,DIMA HASAO,2000,Kharif,Cotton(lint),370,174,0.47027027
Assam,DIMA HASAO,2000,Kharif,Jute,61,586,9.606557377
Assam,DIMA HASAO,2000,Kharif,Maize,1539,1154,0.749837557
Assam,DIMA HASAO,2000,Kharif,Mesta,2,9,4.5
Assam,DIMA HASAO,2000,Kharif,Niger seed,1,2,2
Assam,DIMA HASAO,2000,Kharif,Sesamum,543,304,0.55985267
Assam,DIMA HASAO,2000,Kharif,Small millets,8,4,0.5
Assam,DIMA HASAO,2000,Rabi,Gram,4,1,0.25
Assam,DIMA HASAO,2000,Rabi,Linseed,4,2,0.5
Assam,DIMA HASAO,2000,Rabi,Other  Rabi pulses,467,246,0.526766595
Assam,DIMA HASAO,2000,Rabi,Rapeseed &Mustard,2325,607,0.261075269
Assam,DIMA HASAO,2000,Rabi,Wheat,58,70,1.206896552
Assam,DIMA HASAO,2000,Summer,Rice,34,70,2.058823529
Assam,DIMA HASAO,2000,Whole Year,Arecanut,350,299,0.854285714
Assam,DIMA HASAO,2000,Whole Year,Banana,430,6235,14.5
Assam,DIMA HASAO,2000,Whole Year,Coconut,44,287000,6522.727273
Assam,DIMA HASAO,2000,Whole Year,Dry chillies,258,148,0.573643411
Assam,DIMA HASAO,2000,Whole Year,Onion,18,25,1.388888889
Assam,DIMA HASAO,2000,Whole Year,Potato,210,1733,8.252380952
Assam,DIMA HASAO,2000,Whole Year,Sugarcane,1777,56153,31.59988745
Assam,DIMA HASAO,2000,Whole Year,Sweet potato,39,191,4.897435897
Assam,DIMA HASAO,2000,Whole Year,Tapioca,65,325,5
Assam,DIMA HASAO,2000,Whole Year,Tobacco,27,21,0.777777778
Assam,DIMA HASAO,2000,Whole Year,Turmeric,240,122,0.508333333
Assam,DIMA HASAO,2000,Winter,Rice,8139,15601,1.916820248
Assam,DIMA HASAO,2001,Autumn,Rice,5777,7800,1.350181755
Assam,DIMA HASAO,2001,Kharif,Arhar/Tur,259,186,0.718146718
Assam,DIMA HASAO,2001,Kharif,Castor seed,91,41,0.450549451
Assam,DIMA HASAO,2001,Kharif,Cotton(lint),368,173,0.470108696
Assam,DIMA HASAO,2001,Kharif,Jute,62,613,9.887096774
Assam,DIMA HASAO,2001,Kharif,Maize,1545,1159,0.750161812
Assam,DIMA HASAO,2001,Kharif,Mesta,2,9,4.5
Assam,DIMA HASAO,2001,Kharif,Niger seed,1,1,1
Assam,DIMA HASAO,2001,Kharif,Sesamum,545,316,0.579816514
Assam,DIMA HASAO,2001,Kharif,Small millets,8,4,0.5
Assam,DIMA HASAO,2001,Rabi,Gram,4,1,0.25
Assam,DIMA HASAO,2001,Rabi,Linseed,4,2,0.5
Assam,DIMA HASAO,2001,Rabi,Masoor,6,2,0.333333333
Assam,DIMA HASAO,2001,Rabi,Moong(Green Gram),81,38,0.469135802
Assam,DIMA HASAO,2001,Rabi,Other  Rabi pulses,476,247,0.518907563
Assam,DIMA HASAO,2001,Rabi,Peas & beans (Pulses),128,64,0.5
Assam,DIMA HASAO,2001,Rabi,Rapeseed &Mustard,2327,742,0.318865492
Assam,DIMA HASAO,2001,Rabi,Urad,229,127,0.554585153
Assam,DIMA HASAO,2001,Rabi,Wheat,59,70,1.186440678
Assam,DIMA HASAO,2001,Summer,Rice,25,70,2.8
Assam,DIMA HASAO,2001,Whole Year,Arecanut,320,283,0.884375
Assam,DIMA HASAO,2001,Whole Year,Banana,537,7786,14.4990689
Assam,DIMA HASAO,2001,Whole Year,Coconut,40,309000,7725
Assam,DIMA HASAO,2001,Whole Year,Dry chillies,265,152,0.573584906
Assam,DIMA HASAO,2001,Whole Year,Onion,19,27,1.421052632
Assam,DIMA HASAO,2001,Whole Year,Potato,230,1783,7.752173913
Assam,DIMA HASAO,2001,Whole Year,Sugarcane,1780,59185,33.25
Assam,DIMA HASAO,2001,Whole Year,Sweet potato,41,201,4.902439024
Assam,DIMA HASAO,2001,Whole Year,Tapioca,64,320,5
Assam,DIMA HASAO,2001,Whole Year,Tobacco,29,23,0.793103448
Assam,DIMA HASAO,2001,Whole Year,Turmeric,243,139,0.572016461
Assam,DIMA HASAO,2001,Winter,Rice,8244,16256,1.971858321
Assam,DIMA HASAO,2002,Autumn,Rice,6015,8446,1.404156276
Assam,DIMA HASAO,2002,Kharif,Arhar/Tur,261,188,0.720306513
Assam,DIMA HASAO,2002,Kharif,Castor seed,88,40,0.454545455
Assam,DIMA HASAO,2002,Kharif,Cotton(lint),354,167,0.471751412
Assam,DIMA HASAO,2002,Kharif,Jute,58,590,10.17241379
Assam,DIMA HASAO,2002,Kharif,Maize,1554,1166,0.75032175
Assam,DIMA HASAO,2002,Kharif,Mesta,2,9,4.5
Assam,DIMA HASAO,2002,Kharif,Niger seed,1,1,1
Assam,DIMA HASAO,2002,Kharif,Sesamum,547,307,0.561243144
Assam,DIMA HASAO,2002,Kharif,Small millets,8,4,0.5
Assam,DIMA HASAO,2002,Rabi,Gram,4,1,0.25
Assam,DIMA HASAO,2002,Rabi,Linseed,4,2,0.5
Assam,DIMA HASAO,2002,Rabi,Masoor,4,2,0.5
Assam,DIMA HASAO,2002,Rabi,Moong(Green Gram),84,39,0.464285714
Assam,DIMA HASAO,2002,Rabi,Other  Rabi pulses,486,236,0.485596708
Assam,DIMA HASAO,2002,Rabi,Peas & beans (Pulses),126,59,0.468253968
Assam,DIMA HASAO,2002,Rabi,Rapeseed &Mustard,2328,801,0.344072165
Assam,DIMA HASAO,2002,Rabi,Urad,237,118,0.497890295
Assam,DIMA HASAO,2002,Rabi,Wheat,56,63,1.125
Assam,DIMA HASAO,2002,Summer,Rice,32,61,1.90625
Assam,DIMA HASAO,2002,Whole Year,Arecanut,350,233,0.665714286
Assam,DIMA HASAO,2002,Whole Year,Banana,550,7975,14.5
Assam,DIMA HASAO,2002,Whole Year,Coconut,43,327000,7604.651163
Assam,DIMA HASAO,2002,Whole Year,Dry chillies,271,155,0.57195572
Assam,DIMA HASAO,2002,Whole Year,Onion,20,28,1.4
Assam,DIMA HASAO,2002,Whole Year,Orange,1575,15734,9.98984127
Assam,DIMA HASAO,2002,Whole Year,Papaya,315,4803,15.24761905
Assam,DIMA HASAO,2002,Whole Year,Pineapple,1785,26109,14.62689076
Assam,DIMA HASAO,2002,Whole Year,Potato,250,1954,7.816
Assam,DIMA HASAO,2002,Whole Year,Sugarcane,1793,60804,33.91187953
Assam,DIMA HASAO,2002,Whole Year,Sweet potato,44,216,4.909090909
Assam,DIMA HASAO,2002,Whole Year,Tapioca,70,350,5
Assam,DIMA HASAO,2002,Whole Year,Tobacco,29,23,0.793103448
Assam,DIMA HASAO,2002,Whole Year,Turmeric,251,133,0.529880478
Assam,DIMA HASAO,2002,Winter,Rice,8400,15985,1.90297619
Assam,DIMA HASAO,2003,Autumn,Rice,4898,6131,1.251735402
Assam,DIMA HASAO,2003,Kharif,Arhar/Tur,237,171,0.721518987
Assam,DIMA HASAO,2003,Kharif,Castor seed,90,41,0.455555556
Assam,DIMA HASAO,2003,Kharif,Cotton(lint),248,117,0.471774194
Assam,DIMA HASAO,2003,Kharif,Jute,54,561,10.38888889
Assam,DIMA HASAO,2003,Kharif,Maize,1414,1061,0.750353607
Assam,DIMA HASAO,2003,Kharif,Mesta,2,9,4.5
Assam,DIMA HASAO,2003,Kharif,Niger seed,1,1,1
Assam,DIMA HASAO,2003,Kharif,Sesamum,528,299,0.566287879
Assam,DIMA HASAO,2003,Kharif,Small millets,8,4,0.5
Assam,DIMA HASAO,2003,Rabi,Gram,4,1,0.25
Assam,DIMA HASAO,2003,Rabi,Linseed,4,2,0.5
Assam,DIMA HASAO,2003,Rabi,Masoor,3,1,0.333333333
Assam,DIMA HASAO,2003,Rabi,Moong(Green Gram),84,39,0.464285714
Assam,DIMA HASAO,2003,Rabi,other misc. pulses,37,19,0.513513514
Assam,DIMA HASAO,2003,Rabi,Peas & beans (Pulses),126,62,0.492063492
Assam,DIMA HASAO,2003,Rabi,Rapeseed &Mustard,2333,1041,0.446206601
Assam,DIMA HASAO,2003,Rabi,Urad,239,125,0.523012552
Assam,DIMA HASAO,2003,Rabi,Wheat,56,59,1.053571429
Assam,DIMA HASAO,2003,Summer,Rice,27,48,1.777777778
Assam,DIMA HASAO,2003,Whole Year,Arecanut,395,443,1.121518987
Assam,DIMA HASAO,2003,Whole Year,Banana,600,8700,14.5
Assam,DIMA HASAO,2003,Whole Year,Coconut,46,334000,7260.869565
Assam,DIMA HASAO,2003,Whole Year,Dry chillies,275,158,0.574545455
Assam,DIMA HASAO,2003,Whole Year,Onion,21,29,1.380952381
Assam,DIMA HASAO,2003,Whole Year,Orange,1620,16253,10.03271605
Assam,DIMA HASAO,2003,Whole Year,Papaya,344,5245,15.24709302
Assam,DIMA HASAO,2003,Whole Year,Pineapple,1950,28731,14.73384615
Assam,DIMA HASAO,2003,Whole Year,Potato,260,1813,6.973076923
Assam,DIMA HASAO,2003,Whole Year,Sugarcane,1725,53737,31.15188406
Assam,DIMA HASAO,2003,Whole Year,Sweet potato,45,216,4.8
Assam,DIMA HASAO,2003,Whole Year,Tapioca,66,330,5
Assam,DIMA HASAO,2003,Whole Year,Tobacco,29,23,0.793103448
Assam,DIMA HASAO,2003,Whole Year,Turmeric,260,140,0.538461538
Assam,DIMA HASAO,2003,Winter,Rice,7900,13245,1.676582278
Assam,DIMA HASAO,2004,Autumn,Rice,6028,8329,1.381718646
Assam,DIMA HASAO,2004,Kharif,Arhar/Tur,250,180,0.72
Assam,DIMA HASAO,2004,Kharif,Castor seed,85,38,0.447058824
Assam,DIMA HASAO,2004,Kharif,Cotton(lint),254,120,0.472440945
Assam,DIMA HASAO,2004,Kharif,Jute,55,389,7.072727273
Assam,DIMA HASAO,2004,Kharif,Mesta,2,9,4.5
Assam,DIMA HASAO,2004,Kharif,Niger seed,1,1,1
Assam,DIMA HASAO,2004,Kharif,Sesamum,528,385,0.729166667
Assam,DIMA HASAO,2004,Kharif,Small millets,8,4,0.5
Assam,DIMA HASAO,2004,Rabi,Gram,4,1,0.25
Assam,DIMA HASAO,2004,Rabi,Linseed,4,2,0.5
Assam,DIMA HASAO,2004,Rabi,Masoor,3,1,0.333333333
Assam,DIMA HASAO,2004,Rabi,Moong(Green Gram),85,40,0.470588235
Assam,DIMA HASAO,2004,Rabi,Peas & beans (Pulses),129,63,0.488372093
Assam,DIMA HASAO,2004,Rabi,Rapeseed &Mustard,2335,890,0.381156317
Assam,DIMA HASAO,2004,Rabi,Urad,241,139,0.576763485
Assam,DIMA HASAO,2004,Rabi,Wheat,56,60,1.071428571
Assam,DIMA HASAO,2004,Summer,Rice,20,39,1.95
Assam,DIMA HASAO,2004,Whole Year,Coconut,45,483000,10733.33333
Assam,DIMA HASAO,2004,Whole Year,Dry chillies,265,152,0.573584906
Assam,DIMA HASAO,2004,Whole Year,Onion,22,45,2.045454545
Assam,DIMA HASAO,2004,Whole Year,Potato,255,2055,8.058823529
Assam,DIMA HASAO,2004,Whole Year,Sugarcane,1745,56810,32.55587393
Assam,DIMA HASAO,2004,Whole Year,Sweet potato,45,221,4.911111111
Assam,DIMA HASAO,2004,Whole Year,Tobacco,29,23,0.793103448
Assam,DIMA HASAO,2004,Whole Year,Turmeric,260,142,0.546153846
Assam,DIMA HASAO,2004,Winter,Rice,8350,16203,1.940479042
Assam,DIMA HASAO,2005,Autumn,Rice,6214,8530,1.372706791
Assam,DIMA HASAO,2005,Kharif,Arhar/Tur,250,180,0.72
Assam,DIMA HASAO,2005,Kharif,Castor seed,86,39,0.453488372
Assam,DIMA HASAO,2005,Kharif,Cotton(lint),242,114,0.47107438
Assam,DIMA HASAO,2005,Kharif,Jute,51,520,10.19607843
Assam,DIMA HASAO,2005,Kharif,Maize,1535,1151,0.749837134
Assam,DIMA HASAO,2005,Kharif,Mesta,2,9,4.5
Assam,DIMA HASAO,2005,Kharif,Niger seed,1,1,1
Assam,DIMA HASAO,2005,Kharif,Sesamum,533,330,0.619136961
Assam,DIMA HASAO,2005,Kharif,Small millets,8,4,0.5
Assam,DIMA HASAO,2005,Rabi,Gram,5,2,0.4
Assam,DIMA HASAO,2005,Rabi,Linseed,4,2,0.5
Assam,DIMA HASAO,2005,Rabi,Masoor,3,1,0.333333333
Assam,DIMA HASAO,2005,Rabi,Moong(Green Gram),85,40,0.470588235
Assam,DIMA HASAO,2005,Rabi,Other  Rabi pulses,497,251,0.505030181
Assam,DIMA HASAO,2005,Rabi,Peas & beans (Pulses),129,62,0.480620155
Assam,DIMA HASAO,2005,Rabi,Rapeseed &Mustard,2335,813,0.348179872
Assam,DIMA HASAO,2005,Rabi,Urad,241,118,0.489626556
Assam,DIMA HASAO,2005,Rabi,Wheat,47,51,1.085106383
Assam,DIMA HASAO,2005,Summer,Rice,19,34,1.789473684
Assam,DIMA HASAO,2005,Whole Year,Arecanut,387,357,0.92248062
Assam,DIMA HASAO,2005,Whole Year,Banana,605,8773,14.50082645
Assam,DIMA HASAO,2005,Whole Year,Dry chillies,266,152,0.571428571
Assam,DIMA HASAO,2005,Whole Year,Onion,29,47,1.620689655
Assam,DIMA HASAO,2005,Whole Year,Potato,250,1270,5.08
Assam,DIMA HASAO,2005,Whole Year,Sugarcane,1750,55846,31.912
Assam,DIMA HASAO,2005,Whole Year,Sweet potato,46,221,4.804347826
Assam,DIMA HASAO,2005,Whole Year,Tapioca,65,325,5
Assam,DIMA HASAO,2005,Whole Year,Tobacco,29,23,0.793103448
Assam,DIMA HASAO,2005,Whole Year,Turmeric,254,137,0.539370079
Assam,DIMA HASAO,2005,Winter,Rice,8255,15945,1.931556632
Assam,DIMA HASAO,2006,Autumn,Rice,6219,7679,1.234764432
Assam,DIMA HASAO,2006,Kharif,Arhar/Tur,250,180,0.72
Assam,DIMA HASAO,2006,Kharif,Castor seed,86,39,0.453488372
Assam,DIMA HASAO,2006,Kharif,Cotton(lint),238,112,0.470588235
Assam,DIMA HASAO,2006,Kharif,Jute,49,475,9.693877551
Assam,DIMA HASAO,2006,Kharif,Maize,1540,1155,0.75
Assam,DIMA HASAO,2006,Kharif,Mesta,2,9,4.5
Assam,DIMA HASAO,2006,Kharif,Niger seed,1,1,1
Assam,DIMA HASAO,2006,Kharif,Sesamum,533,340,0.637898687
Assam,DIMA HASAO,2006,Kharif,Small millets,8,4,0.5
Assam,DIMA HASAO,2006,Rabi,Gram,5,2,0.4
Assam,DIMA HASAO,2006,Rabi,Linseed,4,2,0.5
Assam,DIMA HASAO,2006,Rabi,Masoor,2,1,0.5
Assam,DIMA HASAO,2006,Rabi,Moong(Green Gram),85,40,0.470588235
Assam,DIMA HASAO,2006,Rabi,Other  Rabi pulses,44,23,0.522727273
Assam,DIMA HASAO,2006,Rabi,Peas & beans (Pulses),261,127,0.486590038
Assam,DIMA HASAO,2006,Rabi,Rapeseed &Mustard,2339,1055,0.451047456
Assam,DIMA HASAO,2006,Rabi,Urad,246,126,0.512195122
Assam,DIMA HASAO,2006,Rabi,Wheat,46,52,1.130434783
Assam,DIMA HASAO,2006,Summer,Rice,14,28,2
Assam,DIMA HASAO,2006,Whole Year,Arecanut,490,283,0.57755102
Assam,DIMA HASAO,2006,Whole Year,Banana,610,8845,14.5
Assam,DIMA HASAO,2006,Whole Year,Coconut,68,68000,1000
Assam,DIMA HASAO,2006,Whole Year,Dry chillies,270,155,0.574074074
Assam,DIMA HASAO,2006,Whole Year,Onion,23,39,1.695652174
Assam,DIMA HASAO,2006,Whole Year,Potato,260,1688,6.492307692
Assam,DIMA HASAO,2006,Whole Year,Sugarcane,2081,58992,28.34790966
Assam,DIMA HASAO,2006,Whole Year,Sweet potato,49,240,4.897959184
Assam,DIMA HASAO,2006,Whole Year,Tapioca,70,350,5
Assam,DIMA HASAO,2006,Whole Year,Tobacco,29,23,0.793103448
Assam,DIMA HASAO,2006,Whole Year,Turmeric,279,150,0.537634409
Assam,DIMA HASAO,2006,Winter,Rice,7755,10847,1.398710509
Assam,DIMA HASAO,2007,Autumn,Rice,6228,9106,1.462106615
Assam,DIMA HASAO,2007,Kharif,Arhar/Tur,260,187,0.719230769
Assam,DIMA HASAO,2007,Kharif,Castor seed,88,40,0.454545455
Assam,DIMA HASAO,2007,Kharif,Cotton(lint),232,109,0.469827586
Assam,DIMA HASAO,2007,Kharif,Jute,47,516,10.9787234
Assam,DIMA HASAO,2007,Kharif,Maize,1564,1173,0.75
Assam,DIMA HASAO,2007,Kharif,Mesta,2,9,4.5
Assam,DIMA HASAO,2007,Kharif,Niger seed,1,1,1
Assam,DIMA HASAO,2007,Kharif,Sesamum,546,343,0.628205128
Assam,DIMA HASAO,2007,Kharif,Small millets,10,5,0.5
Assam,DIMA HASAO,2007,Rabi,Gram,6,2,0.333333333
Assam,DIMA HASAO,2007,Rabi,Linseed,4,2,0.5
Assam,DIMA HASAO,2007,Rabi,Masoor,2,1,0.5
Assam,DIMA HASAO,2007,Rabi,Moong(Green Gram),87,41,0.471264368
Assam,DIMA HASAO,2007,Rabi,Other  Rabi pulses,45,23,0.511111111
Assam,DIMA HASAO,2007,Rabi,Peas & beans (Pulses),261,127,0.486590038
Assam,DIMA HASAO,2007,Rabi,Rapeseed &Mustard,2343,715,0.305164319
Assam,DIMA HASAO,2007,Rabi,Urad,251,133,0.529880478
Assam,DIMA HASAO,2007,Rabi,Wheat,40,51,1.275
Assam,DIMA HASAO,2007,Summer,Rice,11,25,2.272727273
Assam,DIMA HASAO,2007,Whole Year,Arecanut,482,181,0.375518672
Assam,DIMA HASAO,2007,Whole Year,Banana,730,10585,14.5
Assam,DIMA HASAO,2007,Whole Year,Black pepper,44,50,1.136363636
Assam,DIMA HASAO,2007,Whole Year,Coconut,63,112000,1777.777778
Assam,DIMA HASAO,2007,Whole Year,Dry chillies,273,156,0.571428571
Assam,DIMA HASAO,2007,Whole Year,Dry ginger,3129,20511,6.555129434
Assam,DIMA HASAO,2007,Whole Year,Onion,25,41,1.64
Assam,DIMA HASAO,2007,Whole Year,Potato,262,1815,6.927480916
Assam,DIMA HASAO,2007,Whole Year,Sugarcane,2081,61612,29.60691975
Assam,DIMA HASAO,2007,Whole Year,Sweet potato,57,279,4.894736842
Assam,DIMA HASAO,2007,Whole Year,Tapioca,86,430,5
Assam,DIMA HASAO,2007,Whole Year,Tobacco,29,23,0.793103448
Assam,DIMA HASAO,2007,Whole Year,Turmeric,282,152,0.539007092
Assam,DIMA HASAO,2007,Winter,Rice,8292,17594,2.121804149
Assam,DIMA HASAO,2008,Autumn,Rice,6224,8800,1.413881748
Assam,DIMA HASAO,2008,Kharif,Arhar/Tur,255,184,0.721568627
Assam,DIMA HASAO,2008,Kharif,Castor seed,85,36,0.423529412
Assam,DIMA HASAO,2008,Kharif,Cotton(lint),233,110,0.472103004
Assam,DIMA HASAO,2008,Kharif,Jute,48,517,10.77083333
Assam,DIMA HASAO,2008,Kharif,Maize,1560,1170,0.75
Assam,DIMA HASAO,2008,Kharif,Mesta,2,9,4.5
Assam,DIMA HASAO,2008,Kharif,Sesamum,546,312,0.571428571
Assam,DIMA HASAO,2008,Kharif,Small millets,9,4,0.444444444
Assam,DIMA HASAO,2008,Rabi,Blackgram,247,143,0.578947368
Assam,DIMA HASAO,2008,Rabi,Gram,6,2,0.333333333
Assam,DIMA HASAO,2008,Rabi,Linseed,3,1,0.333333333
Assam,DIMA HASAO,2008,Rabi,Masoor,3,1,0.333333333
Assam,DIMA HASAO,2008,Rabi,Moong(Green Gram),83,40,0.481927711
Assam,DIMA HASAO,2008,Rabi,Peas & beans (Pulses),260,126,0.484615385
Assam,DIMA HASAO,2008,Rabi,Rapeseed &Mustard,2340,700,0.299145299
Assam,DIMA HASAO,2008,Rabi,Urad,247,143,0.578947368
Assam,DIMA HASAO,2008,Rabi,Wheat,45,49,1.088888889
Assam,DIMA HASAO,2008,Summer,Rice,25,53,2.12
Assam,DIMA HASAO,2008,Whole Year,Arecanut,91,52,0.571428571
Assam,DIMA HASAO,2008,Whole Year,Banana,720,10440,14.5
Assam,DIMA HASAO,2008,Whole Year,Black pepper,44,73,1.659090909
Assam,DIMA HASAO,2008,Whole Year,Coconut,106,389000,3669.811321
Assam,DIMA HASAO,2008,Whole Year,Dry chillies,270,155,0.574074074
Assam,DIMA HASAO,2008,Whole Year,Dry ginger,3130,20517,6.554952077
Assam,DIMA HASAO,2008,Whole Year,Onion,27,44,1.62962963
Assam,DIMA HASAO,2008,Whole Year,Potato,259,1706,6.586872587
Assam,DIMA HASAO,2008,Whole Year,Sugarcane,2089,65735,31.46720919
Assam,DIMA HASAO,2008,Whole Year,Sweet potato,55,270,4.909090909
Assam,DIMA HASAO,2008,Whole Year,Tapioca,84,420,5
Assam,DIMA HASAO,2008,Whole Year,Tobacco,27,21,0.777777778
Assam,DIMA HASAO,2008,Whole Year,Turmeric,278,150,0.539568345
Assam,DIMA HASAO,2008,Winter,Rice,8290,16740,2.019300362
Assam,DIMA HASAO,2009,Autumn,Rice,6441,8947,1.38907002
Assam,DIMA HASAO,2009,Kharif,Arhar/Tur,340,245,0.720588235
Assam,DIMA HASAO,2009,Kharif,Castor seed,88,39,0.443181818
Assam,DIMA HASAO,2009,Kharif,Cotton(lint),232,109,0.469827586
Assam,DIMA HASAO,2009,Kharif,Jute,55,601,10.92727273
Assam,DIMA HASAO,2009,Kharif,Maize,1711,1283,0.749853887
Assam,DIMA HASAO,2009,Kharif,Mesta,2,9,4.5
Assam,DIMA HASAO,2009,Kharif,Niger seed,2,1,0.5
Assam,DIMA HASAO,2009,Kharif,Sesamum,568,349,0.61443662
Assam,DIMA HASAO,2009,Kharif,Small millets,10,5,0.5
Assam,DIMA HASAO,2009,Rabi,Banana,790,11455,14.5
Assam,DIMA HASAO,2009,Rabi,Gram,9,3,0.333333333
Assam,DIMA HASAO,2009,Rabi,Linseed,4,2,0.5
Assam,DIMA HASAO,2009,Rabi,Masoor,2,1,0.5
Assam,DIMA HASAO,2009,Rabi,Moong(Green Gram),90,42,0.466666667
Assam,DIMA HASAO,2009,Rabi,Peas & beans (Pulses),268,131,0.48880597
Assam,DIMA HASAO,2009,Rabi,Rapeseed &Mustard,2970,820,0.276094276
Assam,DIMA HASAO,2009,Rabi,Urad,1153,653,0.566348656
Assam,DIMA HASAO,2009,Rabi,Wheat,41,45,1.097560976
Assam,DIMA HASAO,2009,Summer,Rice,17,37,2.176470588
Assam,DIMA HASAO,2009,Whole Year,Arecanut,269,166,0.617100372
Assam,DIMA HASAO,2009,Whole Year,Banana,790,11455,14.5
Assam,DIMA HASAO,2009,Whole Year,Black pepper,46,64,1.391304348
Assam,DIMA HASAO,2009,Whole Year,Coconut,91,199000,2186.813187
Assam,DIMA HASAO,2009,Whole Year,Dry chillies,371,213,0.574123989
Assam,DIMA HASAO,2009,Whole Year,Dry ginger,3335,21861,6.555022489
Assam,DIMA HASAO,2009,Whole Year,Onion,36,60,1.666666667
Assam,DIMA HASAO,2009,Whole Year,Potato,4270,31013,7.262997658
Assam,DIMA HASAO,2009,Whole Year,Sugarcane,2147,61372,28.58500233
Assam,DIMA HASAO,2009,Whole Year,Sweet potato,60,294,4.9
Assam,DIMA HASAO,2009,Whole Year,Tapioca,534,2670,5
Assam,DIMA HASAO,2009,Whole Year,Tobacco,34,27,0.794117647
Assam,DIMA HASAO,2009,Whole Year,Turmeric,294,158,0.537414966
Assam,DIMA HASAO,2009,Winter,Rice,9520,19887,2.088970588
Assam,DIMA HASAO,2010,Autumn,Rice,6405,10363,1.617954723
Assam,DIMA HASAO,2010,Kharif,Arhar/Tur,283,204,0.720848057
Assam,DIMA HASAO,2010,Kharif,Castor seed,90,40,0.444444444
Assam,DIMA HASAO,2010,Kharif,Cotton(lint),220,103,0.468181818
Assam,DIMA HASAO,2010,Kharif,Jute,61,613,10.04918033
Assam,DIMA HASAO,2010,Kharif,Maize,1835,1376,0.74986376
Assam,DIMA HASAO,2010,Kharif,Mesta,2,9,4.5
Assam,DIMA HASAO,2010,Kharif,Niger seed,2,1,0.5
Assam,DIMA HASAO,2010,Kharif,Sesamum,581,321,0.552495697
Assam,DIMA HASAO,2010,Kharif,Small millets,10,5,0.5
Assam,DIMA HASAO,2010,Rabi,Arecanut,269,166,0.617100372
Assam,DIMA HASAO,2010,Rabi,Banana,875,12688,14.50057143
Assam,DIMA HASAO,2010,Rabi,Gram,7,2,0.285714286
Assam,DIMA HASAO,2010,Rabi,Linseed,4,2,0.5
Assam,DIMA HASAO,2010,Rabi,Masoor,2,1,0.5
Assam,DIMA HASAO,2010,Rabi,Moong(Green Gram),99,47,0.474747475
Assam,DIMA HASAO,2010,Rabi,Peas & beans (Pulses),284,138,0.485915493
Assam,DIMA HASAO,2010,Rabi,Rapeseed &Mustard,2886,918,0.318087318
Assam,DIMA HASAO,2010,Rabi,Urad,381,213,0.559055118
Assam,DIMA HASAO,2010,Rabi,Wheat,41,51,1.243902439
Assam,DIMA HASAO,2010,Summer,Rice,14,36,2.571428571
Assam,DIMA HASAO,2010,Whole Year,Banana,875,12688,14.50057143
Assam,DIMA HASAO,2010,Whole Year,Black pepper,46,64,1.391304348
Assam,DIMA HASAO,2010,Whole Year,Coconut,91,199000,2186.813187
Assam,DIMA HASAO,2010,Whole Year,Dry chillies,381,218,0.572178478
Assam,DIMA HASAO,2010,Whole Year,Dry ginger,3210,21042,6.555140187
Assam,DIMA HASAO,2010,Whole Year,Onion,29,48,1.655172414
Assam,DIMA HASAO,2010,Whole Year,Potato,4414,34142,7.7349343
Assam,DIMA HASAO,2010,Whole Year,Sugarcane,3625,127810,35.25793103
Assam,DIMA HASAO,2010,Whole Year,Sweet potato,73,358,4.904109589
Assam,DIMA HASAO,2010,Whole Year,Tapioca,570,2850,5
Assam,DIMA HASAO,2010,Whole Year,Tobacco,28,21,0.75
Assam,DIMA HASAO,2010,Whole Year,Turmeric,296,159,0.537162162
Assam,DIMA HASAO,2010,Winter,Rice,8828,11265,1.276053466
Assam,DIMA HASAO,2011,Autumn,Paddy,6590,8923,1.354021244
Assam,DIMA HASAO,2011,Autumn,Rice,6590,8923,1.354021244
Assam,DIMA HASAO,2011,Kharif,Arhar/Tur,262,200,0.763358779
Assam,DIMA HASAO,2011,Kharif,Castor seed,97,54,0.556701031
Assam,DIMA HASAO,2011,Kharif,Cotton(lint),219,103,0.470319635
Assam,DIMA HASAO,2011,Kharif,Jute,60,556,9.266666667
Assam,DIMA HASAO,2011,Kharif,Maize,1970,1675,0.850253807
Assam,DIMA HASAO,2011,Kharif,Mesta,2,11,5.5
Assam,DIMA HASAO,2011,Kharif,Niger seed,2,1,0.5
Assam,DIMA HASAO,2011,Kharif,Orange,3953,40162,10.15987857
Assam,DIMA HASAO,2011,Kharif,Papaya,605,9616,15.89421488
Assam,DIMA HASAO,2011,Kharif,Sesamum,678,523,0.771386431
Assam,DIMA HASAO,2011,Kharif,Small millets,10,5,0.5
Assam,DIMA HASAO,2011,Kharif,Tapioca,650,1793,2.758461538
Assam,DIMA HASAO,2011,Kharif,Tobacco,28,22,0.785714286
Assam,DIMA HASAO,2011,Rabi,Arecanut,1310,1308,0.998473282
Assam,DIMA HASAO,2011,Rabi,Black pepper,48,68,1.416666667
Assam,DIMA HASAO,2011,Rabi,Dry chillies,432,216,0.5
Assam,DIMA HASAO,2011,Rabi,Ginger,3726,25277,6.783950617
Assam,DIMA HASAO,2011,Rabi,Gram,7,2,0.285714286
Assam,DIMA HASAO,2011,Rabi,Linseed,4,2,0.5
Assam,DIMA HASAO,2011,Rabi,Masoor,7,3,0.428571429
Assam,DIMA HASAO,2011,Rabi,Moong(Green Gram),117,62,0.52991453
Assam,DIMA HASAO,2011,Rabi,Peas & beans (Pulses),770,389,0.505194805
Assam,DIMA HASAO,2011,Rabi,Pineapple,2215,35207,15.89480813
Assam,DIMA HASAO,2011,Rabi,Rapeseed &Mustard,2525,689,0.272871287
Assam,DIMA HASAO,2011,Rabi,Sweet potato,76,380,5
Assam,DIMA HASAO,2011,Rabi,Urad,507,282,0.556213018
Assam,DIMA HASAO,2011,Rabi,Wheat,25,30,1.2
Assam,DIMA HASAO,2011,Whole Year,Banana,876,13140,15
Assam,DIMA HASAO,2011,Whole Year,Coconut,93,114,1.225806452
Assam,DIMA HASAO,2011,Whole Year,Onion,32,102,3.1875
Assam,DIMA HASAO,2011,Whole Year,Potato,4300,30005,6.977906977
Assam,DIMA HASAO,2011,Whole Year,Sugarcane,2780,87253,31.38597122
Assam,DIMA HASAO,2011,Whole Year,Turmeric,345,185,0.536231884
Assam,DIMA HASAO,2011,Winter,Paddy,8980,27164,3.024944321
Assam,DIMA HASAO,2011,Winter,Rice,8980,27164,3.024944321
Assam,DIMA HASAO,2012,Autumn,Paddy,6548,11327,1.729841173
Assam,DIMA HASAO,2012,Autumn,Rice,6548,11327,1.729841173
Assam,DIMA HASAO,2012,Kharif,Arhar/Tur,387,313,0.80878553
Assam,DIMA HASAO,2012,Kharif,Castor seed,43,25,0.581395349
Assam,DIMA HASAO,2012,Kharif,Cotton(lint),221,104,0.470588235
Assam,DIMA HASAO,2012,Kharif,Jute,59,506,8.576271186
Assam,DIMA HASAO,2012,Kharif,Maize,3387,3238,0.956008267
Assam,DIMA HASAO,2012,Kharif,Mesta,2,9,4.5
Assam,DIMA HASAO,2012,Kharif,Niger seed,4,2,0.5
Assam,DIMA HASAO,2012,Kharif,Orange,5225,50170,9.601913876
Assam,DIMA HASAO,2012,Kharif,Papaya,1150,21557,18.74521739
Assam,DIMA HASAO,2012,Kharif,Sesamum,761,591,0.776609724
Assam,DIMA HASAO,2012,Kharif,Small millets,10,5,0.5
Assam,DIMA HASAO,2012,Kharif,Tapioca,585,3729,6.374358974
Assam,DIMA HASAO,2012,Kharif,Tobacco,21,16,0.761904762
Assam,DIMA HASAO,2012,Rabi,Arecanut,1588,903,0.568639798
Assam,DIMA HASAO,2012,Rabi,Black pepper,48,73,1.520833333
Assam,DIMA HASAO,2012,Rabi,Dry chillies,459,282,0.614379085
Assam,DIMA HASAO,2012,Rabi,Ginger,3970,30887,7.780100756
Assam,DIMA HASAO,2012,Rabi,Gram,8,3,0.375
Assam,DIMA HASAO,2012,Rabi,Linseed,4,2,0.5
Assam,DIMA HASAO,2012,Rabi,Masoor,16,7,0.4375
Assam,DIMA HASAO,2012,Rabi,Moong(Green Gram),105,62,0.59047619
Assam,DIMA HASAO,2012,Rabi,Peas & beans (Pulses),478,244,0.510460251
Assam,DIMA HASAO,2012,Rabi,Pineapple,2075,34731,16.73783133
Assam,DIMA HASAO,2012,Rabi,Rapeseed &Mustard,3678,1171,0.318379554
Assam,DIMA HASAO,2012,Rabi,Sweet potato,97,489,5.041237113
Assam,DIMA HASAO,2012,Rabi,Urad,532,293,0.55075188
Assam,DIMA HASAO,2012,Whole Year,Banana,847,13726,16.20543093
Assam,DIMA HASAO,2012,Whole Year,Coconut,93,46,0.494623656
Assam,DIMA HASAO,2012,Whole Year,Onion,55,188,3.418181818
Assam,DIMA HASAO,2012,Whole Year,Potato,1797,13343,7.425153033
Assam,DIMA HASAO,2012,Whole Year,Sugarcane,2998,90129,30.06304203
Assam,DIMA HASAO,2012,Whole Year,Turmeric,436,292,0.669724771
Assam,DIMA HASAO,2012,Winter,Paddy,9645,25631,2.657439088
Assam,DIMA HASAO,2012,Winter,Rice,9645,25631,2.657439088
Assam,DIMA HASAO,2013,Autumn,Paddy,6670,11477,1.720689655
Assam,DIMA HASAO,2013,Autumn,Rice,6670,11477,1.720689655
Assam,DIMA HASAO,2013,Kharif,Arhar/Tur,416,343,0.824519231
Assam,DIMA HASAO,2013,Kharif,Castor seed,47,29,0.617021277
Assam,DIMA HASAO,2013,Kharif,Cotton(lint),11,5,0.454545455
Assam,DIMA HASAO,2013,Kharif,Jute,27,277,10.25925926
Assam,DIMA HASAO,2013,Kharif,Maize,3441,11259,3.272013949
Assam,DIMA HASAO,2013,Kharif,Mesta,8,37,4.625
Assam,DIMA HASAO,2013,Kharif,Niger seed,7,4,0.571428571
Assam,DIMA HASAO,2013,Kharif,Orange,4225,49052,11.60994083
Assam,DIMA HASAO,2013,Kharif,Papaya,643,12053,18.74494557
Assam,DIMA HASAO,2013,Kharif,Sesamum,837,593,0.708482676
Assam,DIMA HASAO,2013,Kharif,Tapioca,313,1996,6.376996805
Assam,DIMA HASAO,2013,Kharif,Tobacco,19,15,0.789473684
Assam,DIMA HASAO,2013,Rabi,Arecanut,1742,583,0.33467279
Assam,DIMA HASAO,2013,Rabi,Black pepper,48,73,1.520833333
Assam,DIMA HASAO,2013,Rabi,Dry chillies,477,293,0.614255765
Assam,DIMA HASAO,2013,Rabi,Ginger,4283,30251,7.063039925
Assam,DIMA HASAO,2013,Rabi,Masoor,34,20,0.588235294
Assam,DIMA HASAO,2013,Rabi,Moong(Green Gram),115,69,0.6
Assam,DIMA HASAO,2013,Rabi,Peas & beans (Pulses),597,333,0.557788945
Assam,DIMA HASAO,2013,Rabi,Pineapple,3350,64233,19.17402985
Assam,DIMA HASAO,2013,Rabi,Rapeseed &Mustard,4136,1274,0.308027079
Assam,DIMA HASAO,2013,Rabi,Sweet potato,107,539,5.037383178
Assam,DIMA HASAO,2013,Rabi,Urad,587,340,0.579216354
Assam,DIMA HASAO,2013,Summer,Paddy,28,83,2.964285714
Assam,DIMA HASAO,2013,Summer,Rice,28,83,2.964285714
Assam,DIMA HASAO,2013,Whole Year,Banana,1653,26787,16.20508167
Assam,DIMA HASAO,2013,Whole Year,Coconut,164,599,3.652439024
Assam,DIMA HASAO,2013,Whole Year,Onion,78,266,3.41025641
Assam,DIMA HASAO,2013,Whole Year,Potato,1929,13788,7.147744946
Assam,DIMA HASAO,2013,Whole Year,Sugarcane,3420,124132,36.29590643
Assam,DIMA HASAO,2013,Whole Year,Turmeric,468,618,1.320512821
Assam,DIMA HASAO,2013,Winter,Paddy,9125,20277,2.222136986
Assam,DIMA HASAO,2013,Winter,Rice,9125,20277,2.222136986
Assam,DIMA HASAO,2014,Autumn,Paddy,5607,10300,1.836989477
Assam,DIMA HASAO,2014,Autumn,Rice,5607,10300,1.836989477
Assam,DIMA HASAO,2014,Kharif,Arhar/Tur,448,414,0.924107143
Assam,DIMA HASAO,2014,Kharif,Castor seed,46,29,0.630434783
Assam,DIMA HASAO,2014,Kharif,Cotton(lint),57,27,0.473684211
Assam,DIMA HASAO,2014,Kharif,Jute,27,294,10.88888889
Assam,DIMA HASAO,2014,Kharif,Maize,3405,11843,3.478120411
Assam,DIMA HASAO,2014,Kharif,Mesta,4,19,4.75
Assam,DIMA HASAO,2014,Kharif,Niger seed,68,37,0.544117647
Assam,DIMA HASAO,2014,Kharif,Orange,4225,57359,13.57609467
Assam,DIMA HASAO,2014,Kharif,Papaya,605,11341,18.74545455
Assam,DIMA HASAO,2014,Kharif,Sesamum,1037,865,0.834136933
Assam,DIMA HASAO,2014,Kharif,Tapioca,305,1945,6.37704918
Assam,DIMA HASAO,2014,Kharif,Tobacco,14,11,0.785714286
Assam,DIMA HASAO,2014,Rabi,Black pepper,44,68,1.545454545
Assam,DIMA HASAO,2014,Rabi,Dry chillies,477,328,0.687631027
Assam,DIMA HASAO,2014,Rabi,Ginger,4363,39258,8.997937199
Assam,DIMA HASAO,2014,Rabi,Masoor,7,4,0.571428571
Assam,DIMA HASAO,2014,Rabi,Moong(Green Gram),84,55,0.654761905
Assam,DIMA HASAO,2014,Rabi,Peas & beans (Pulses),462,321,0.694805195
Assam,DIMA HASAO,2014,Rabi,Pineapple,3507,67243,19.17393784
Assam,DIMA HASAO,2014,Rabi,Rapeseed &Mustard,3074,941,0.30611581
Assam,DIMA HASAO,2014,Rabi,Sweet potato,107,541,5.056074766
Assam,DIMA HASAO,2014,Rabi,Urad,397,257,0.647355164
Assam,DIMA HASAO,2014,Rabi,Wheat,11,13,1.181818182
Assam,DIMA HASAO,2014,Whole Year,Banana,1915,31033,16.20522193
Assam,DIMA HASAO,2014,Whole Year,Onion,7,24,3.428571429
Assam,DIMA HASAO,2014,Whole Year,Potato,1870,14023,7.498930481
Assam,DIMA HASAO,2014,Whole Year,Sugarcane,3597,142049,39.49096469
Assam,DIMA HASAO,2014,Whole Year,Turmeric,474,633,1.335443038
Assam,DIMA HASAO,2014,Winter,Paddy,9093,24211,2.662597603
Assam,DIMA HASAO,2014,Winter,Rice,9093,24211,2.662597603
Assam,GOALPARA,1997,Autumn,Rice,22550,17189,0.762261641
Assam,GOALPARA,1997,Kharif,Arhar/Tur,380,322,0.847368421
Assam,GOALPARA,1997,Kharif,Cotton(lint),12,4,0.333333333
Assam,GOALPARA,1997,Kharif,Jute,4000,36489,9.12225
Assam,GOALPARA,1997,Kharif,Maize,231,134,0.58008658
Assam,GOALPARA,1997,Kharif,Mesta,350,1701,4.86
Assam,GOALPARA,1997,Kharif,Small millets,750,295,0.393333333
Assam,GOALPARA,1997,Kharif,Sugarcane,146,5142,35.21917808
Assam,GOALPARA,1997,Rabi,Gram,180,72,0.4
Assam,GOALPARA,1997,Rabi,Linseed,560,280,0.5
Assam,GOALPARA,1997,Rabi,Other  Rabi pulses,5680,2622,0.461619718
Assam,GOALPARA,1997,Rabi,Rapeseed &Mustard,3710,2278,0.614016173
Assam,GOALPARA,1997,Rabi,Wheat,4720,7722,1.636016949
Assam,GOALPARA,1997,Summer,Rice,7416,9225,1.243932039
Assam,GOALPARA,1997,Whole Year,Arecanut,2296,1666,0.725609756
Assam,GOALPARA,1997,Whole Year,Coconut,589,2480,4.210526316
Assam,GOALPARA,1997,Whole Year,Dry chillies,380,265,0.697368421
Assam,GOALPARA,1997,Whole Year,Niger seed,1300,650,0.5
Assam,GOALPARA,1997,Whole Year,Onion,350,691,1.974285714
Assam,GOALPARA,1997,Whole Year,Potato,955,6936,7.262827225
Assam,GOALPARA,1997,Whole Year,Sesamum,595,225,0.378151261
Assam,GOALPARA,1997,Whole Year,Sweet potato,422,1379,3.267772512
Assam,GOALPARA,1997,Whole Year,Tapioca,155,744,4.8
Assam,GOALPARA,1997,Whole Year,Turmeric,272,135,0.496323529
Assam,GOALPARA,1997,Winter,Rice,41750,32789,0.785365269
Assam,GOALPARA,1998,Autumn,Rice,18194,19174,1.053863911
Assam,GOALPARA,1998,Kharif,Arhar/Tur,396,332,0.838383838
Assam,GOALPARA,1998,Kharif,Castor seed,50,18,0.36
Assam,GOALPARA,1998,Kharif,Cotton(lint),9,3,0.333333333
Assam,GOALPARA,1998,Kharif,Jute,4105,32862,8.005359318
Assam,GOALPARA,1998,Kharif,Maize,230,133,0.57826087
Assam,GOALPARA,1998,Kharif,Mesta,256,1240,4.84375
Assam,GOALPARA,1998,Kharif,Niger seed,900,450,0.5
Assam,GOALPARA,1998,Kharif,Sesamum,590,224,0.379661017
Assam,GOALPARA,1998,Kharif,Small millets,740,292,0.394594595
Assam,GOALPARA,1998,Rabi,Gram,170,68,0.4
Assam,GOALPARA,1998,Rabi,Linseed,565,285,0.504424779
Assam,GOALPARA,1998,Rabi,Other  Rabi pulses,5380,1980,0.36802974
Assam,GOALPARA,1998,Rabi,Rapeseed &Mustard,3400,1217,0.357941176
Assam,GOALPARA,1998,Rabi,Wheat,4000,4116,1.029
Assam,GOALPARA,1998,Summer,Rice,11000,26543,2.413
Assam,GOALPARA,1998,Whole Year,Arecanut,2598,1422,0.547344111
Assam,GOALPARA,1998,Whole Year,Banana,1585,24515,15.46687697
Assam,GOALPARA,1998,Whole Year,Coconut,590,3362000,5698.305085
Assam,GOALPARA,1998,Whole Year,Dry chillies,381,272,0.713910761
Assam,GOALPARA,1998,Whole Year,Onion,102,200,1.960784314
Assam,GOALPARA,1998,Whole Year,Potato,950,5661,5.958947368
Assam,GOALPARA,1998,Whole Year,Sugarcane,140,3770,26.92857143
Assam,GOALPARA,1998,Whole Year,Sweet potato,420,1410,3.357142857
Assam,GOALPARA,1998,Whole Year,Tapioca,246,1156,4.699186992
Assam,GOALPARA,1998,Whole Year,Tobacco,65,30,0.461538462
Assam,GOALPARA,1998,Whole Year,Turmeric,270,139,0.514814815
Assam,GOALPARA,1998,Winter,Rice,38285,45857,1.197779809
Assam,GOALPARA,1999,Autumn,Rice,18042,23239,1.288050105
Assam,GOALPARA,1999,Kharif,Arhar/Tur,380,312,0.821052632
Assam,GOALPARA,1999,Kharif,Castor seed,50,19,0.38
Assam,GOALPARA,1999,Kharif,Cotton(lint),9,3,0.333333333
Assam,GOALPARA,1999,Kharif,Jute,3812,21093,5.533315845
Assam,GOALPARA,1999,Kharif,Maize,230,133,0.57826087
Assam,GOALPARA,1999,Kharif,Mesta,238,1156,4.857142857
Assam,GOALPARA,1999,Kharif,Niger seed,950,475,0.5
Assam,GOALPARA,1999,Kharif,Sesamum,590,218,0.369491525
Assam,GOALPARA,1999,Kharif,Small millets,730,292,0.4
Assam,GOALPARA,1999,Rabi,Gram,172,83,0.48255814
Assam,GOALPARA,1999,Rabi,Linseed,564,316,0.560283688
Assam,GOALPARA,1999,Rabi,Other  Rabi pulses,5533,3204,0.579071028
Assam,GOALPARA,1999,Rabi,Rapeseed &Mustard,3500,1631,0.466
Assam,GOALPARA,1999,Rabi,Wheat,4100,5912,1.44195122
Assam,GOALPARA,1999,Summer,Rice,12000,29412,2.451
Assam,GOALPARA,1999,Whole Year,Arecanut,2800,1965,0.701785714
Assam,GOALPARA,1999,Whole Year,Banana,1632,25278,15.48897059
Assam,GOALPARA,1999,Whole Year,Coconut,590,3355000,5686.440678
Assam,GOALPARA,1999,Whole Year,Dry chillies,381,259,0.679790026
Assam,GOALPARA,1999,Whole Year,Onion,300,600,2
Assam,GOALPARA,1999,Whole Year,Potato,922,8228,8.924078091
Assam,GOALPARA,1999,Whole Year,Sugarcane,130,4728,36.36923077
Assam,GOALPARA,1999,Whole Year,Sweet potato,420,1344,3.2
Assam,GOALPARA,1999,Whole Year,Tapioca,164,782,4.768292683
Assam,GOALPARA,1999,Whole Year,Tobacco,60,28,0.466666667
Assam,GOALPARA,1999,Whole Year,Turmeric,270,138,0.511111111
Assam,GOALPARA,1999,Winter,Rice,41124,54644,1.328761794
Assam,GOALPARA,2000,Autumn,Rice,17000,20040,1.178823529
Assam,GOALPARA,2000,Kharif,Arhar/Tur,394,331,0.840101523
Assam,GOALPARA,2000,Kharif,Castor seed,50,18,0.36
Assam,GOALPARA,2000,Kharif,Cotton(lint),10,4,0.4
Assam,GOALPARA,2000,Kharif,Jute,3500,44431,12.69457143
Assam,GOALPARA,2000,Kharif,Maize,235,136,0.578723404
Assam,GOALPARA,2000,Kharif,Niger seed,960,480,0.5
Assam,GOALPARA,2000,Kharif,Sesamum,591,222,0.375634518
Assam,GOALPARA,2000,Kharif,Small millets,725,287,0.395862069
Assam,GOALPARA,2000,Rabi,Gram,164,70,0.426829268
Assam,GOALPARA,2000,Rabi,Linseed,560,292,0.521428571
Assam,GOALPARA,2000,Rabi,Other  Rabi pulses,5455,2751,0.504307974
Assam,GOALPARA,2000,Rabi,Rapeseed &Mustard,3510,1541,0.439031339
Assam,GOALPARA,2000,Rabi,Wheat,4000,7892,1.973
Assam,GOALPARA,2000,Summer,Rice,12600,30505,2.421031746
Assam,GOALPARA,2000,Whole Year,Arecanut,2850,5110,1.792982456
Assam,GOALPARA,2000,Whole Year,Banana,1632,25459,15.59987745
Assam,GOALPARA,2000,Whole Year,Coconut,590,4627000,7842.372881
Assam,GOALPARA,2000,Whole Year,Dry chillies,384,268,0.697916667
Assam,GOALPARA,2000,Whole Year,Onion,300,594,1.98
Assam,GOALPARA,2000,Whole Year,Potato,950,6980,7.347368421
Assam,GOALPARA,2000,Whole Year,Sugarcane,120,5720,47.66666667
Assam,GOALPARA,2000,Whole Year,Sweet potato,425,1391,3.272941176
Assam,GOALPARA,2000,Whole Year,Tapioca,158,664,4.202531646
Assam,GOALPARA,2000,Whole Year,Tobacco,60,28,0.466666667
Assam,GOALPARA,2000,Whole Year,Turmeric,274,140,0.510948905
Assam,GOALPARA,2000,Winter,Rice,40612,64925,1.598665419
Assam,GOALPARA,2001,Autumn,Rice,16692,19234,1.152288521
Assam,GOALPARA,2001,Kharif,Arhar/Tur,375,312,0.832
Assam,GOALPARA,2001,Kharif,Castor seed,44,16,0.363636364
Assam,GOALPARA,2001,Kharif,Cotton(lint),10,4,0.4
Assam,GOALPARA,2001,Kharif,Jute,3800,23940,6.3
Assam,GOALPARA,2001,Kharif,Maize,200,116,0.58
Assam,GOALPARA,2001,Kharif,Mesta,271,1310,4.833948339
Assam,GOALPARA,2001,Kharif,Niger seed,960,480,0.5
Assam,GOALPARA,2001,Kharif,Sesamum,466,175,0.375536481
Assam,GOALPARA,2001,Kharif,Small millets,600,238,0.396666667
Assam,GOALPARA,2001,Rabi,Gram,90,39,0.433333333
Assam,GOALPARA,2001,Rabi,Linseed,370,196,0.52972973
Assam,GOALPARA,2001,Rabi,Masoor,1100,508,0.461818182
Assam,GOALPARA,2001,Rabi,Moong(Green Gram),160,67,0.41875
Assam,GOALPARA,2001,Rabi,Other  Rabi pulses,4883,2471,0.506041368
Assam,GOALPARA,2001,Rabi,Peas & beans (Pulses),270,139,0.514814815
Assam,GOALPARA,2001,Rabi,Rapeseed &Mustard,3100,1271,0.41
Assam,GOALPARA,2001,Rabi,Urad,2853,1504,0.527164388
Assam,GOALPARA,2001,Rabi,Wheat,4000,6072,1.518
Assam,GOALPARA,2001,Summer,Rice,12600,26586,2.11
Assam,GOALPARA,2001,Whole Year,Arecanut,2860,1990,0.695804196
Assam,GOALPARA,2001,Whole Year,Banana,1713,26581,15.51722125
Assam,GOALPARA,2001,Whole Year,Coconut,601,7955000,13236.27288
Assam,GOALPARA,2001,Whole Year,Dry chillies,351,245,0.698005698
Assam,GOALPARA,2001,Whole Year,Onion,300,594,1.98
Assam,GOALPARA,2001,Whole Year,Potato,950,6453,6.792631579
Assam,GOALPARA,2001,Whole Year,Sugarcane,139,5175,37.23021583
Assam,GOALPARA,2001,Whole Year,Sweet potato,265,868,3.275471698
Assam,GOALPARA,2001,Whole Year,Tapioca,150,683,4.553333333
Assam,GOALPARA,2001,Whole Year,Tobacco,60,28,0.466666667
Assam,GOALPARA,2001,Whole Year,Turmeric,270,138,0.511111111
Assam,GOALPARA,2001,Winter,Rice,44000,74285,1.688295455
Assam,GOALPARA,2002,Autumn,Rice,15766,17221,1.0922872
Assam,GOALPARA,2002,Kharif,Arhar/Tur,270,224,0.82962963
Assam,GOALPARA,2002,Kharif,Castor seed,32,12,0.375
Assam,GOALPARA,2002,Kharif,Cotton(lint),10,4,0.4
Assam,GOALPARA,2002,Kharif,Jute,2500,18611,7.4444
Assam,GOALPARA,2002,Kharif,Maize,180,104,0.577777778
Assam,GOALPARA,2002,Kharif,Mesta,250,1207,4.828
Assam,GOALPARA,2002,Kharif,Niger seed,900,450,0.5
Assam,GOALPARA,2002,Kharif,Sesamum,452,169,0.373893805
Assam,GOALPARA,2002,Kharif,Small millets,510,203,0.398039216
Assam,GOALPARA,2002,Rabi,Gram,80,36,0.45
Assam,GOALPARA,2002,Rabi,Linseed,350,188,0.537142857
Assam,GOALPARA,2002,Rabi,Masoor,850,411,0.483529412
Assam,GOALPARA,2002,Rabi,Moong(Green Gram),160,69,0.43125
Assam,GOALPARA,2002,Rabi,Other  Rabi pulses,4197,2016,0.480343102
Assam,GOALPARA,2002,Rabi,Peas & beans (Pulses),248,132,0.532258065
Assam,GOALPARA,2002,Rabi,Rapeseed &Mustard,3100,1159,0.373870968
Assam,GOALPARA,2002,Rabi,Urad,2369,1106,0.466863656
Assam,GOALPARA,2002,Rabi,Wheat,3856,5622,1.457987552
Assam,GOALPARA,2002,Summer,Rice,12700,31077,2.447007874
Assam,GOALPARA,2002,Whole Year,Arecanut,2860,3028,1.058741259
Assam,GOALPARA,2002,Whole Year,Banana,1718,26689,15.53492433
Assam,GOALPARA,2002,Whole Year,Coconut,608,6378000,10490.13158
Assam,GOALPARA,2002,Whole Year,Dry chillies,286,198,0.692307692
Assam,GOALPARA,2002,Whole Year,Onion,300,596,1.986666667
Assam,GOALPARA,2002,Whole Year,Orange,300,2976,9.92
Assam,GOALPARA,2002,Whole Year,Papaya,169,2613,15.46153846
Assam,GOALPARA,2002,Whole Year,Pineapple,289,3424,11.84775087
Assam,GOALPARA,2002,Whole Year,Potato,870,7011,8.05862069
Assam,GOALPARA,2002,Whole Year,Sugarcane,102,3715,36.42156863
Assam,GOALPARA,2002,Whole Year,Sweet potato,265,861,3.249056604
Assam,GOALPARA,2002,Whole Year,Tapioca,150,676,4.506666667
Assam,GOALPARA,2002,Whole Year,Tobacco,55,26,0.472727273
Assam,GOALPARA,2002,Whole Year,Turmeric,270,138,0.511111111
Assam,GOALPARA,2002,Winter,Rice,43850,72390,1.650855188
Assam,GOALPARA,2003,Autumn,Rice,15567,16436,1.055823216
Assam,GOALPARA,2003,Kharif,Arhar/Tur,250,209,0.836
Assam,GOALPARA,2003,Kharif,Castor seed,41,15,0.365853659
Assam,GOALPARA,2003,Kharif,Cotton(lint),10,4,0.4
Assam,GOALPARA,2003,Kharif,Jute,2300,18055,7.85
Assam,GOALPARA,2003,Kharif,Maize,135,78,0.577777778
Assam,GOALPARA,2003,Kharif,Mesta,210,0,0
Assam,GOALPARA,2003,Kharif,Niger seed,912,456,0.5
Assam,GOALPARA,2003,Kharif,Sesamum,459,172,0.374727669
Assam,GOALPARA,2003,Kharif,Small millets,516,205,0.397286822
Assam,GOALPARA,2003,Rabi,Gram,83,36,0.43373494
Assam,GOALPARA,2003,Rabi,Linseed,355,188,0.529577465
Assam,GOALPARA,2003,Rabi,Masoor,1028,477,0.464007782
Assam,GOALPARA,2003,Rabi,Moong(Green Gram),170,72,0.423529412
Assam,GOALPARA,2003,Rabi,other misc. pulses,576,293,0.508680556
Assam,GOALPARA,2003,Rabi,Peas & beans (Pulses),251,130,0.517928287
Assam,GOALPARA,2003,Rabi,Rapeseed &Mustard,3150,1786,0.566984127
Assam,GOALPARA,2003,Rabi,Urad,2350,1394,0.593191489
Assam,GOALPARA,2003,Rabi,Wheat,3639,5269,1.447925254
Assam,GOALPARA,2003,Summer,Rice,12855,30518,2.374017892
Assam,GOALPARA,2003,Whole Year,Arecanut,2900,2896,0.99862069
Assam,GOALPARA,2003,Whole Year,Banana,1713,26639,15.55107998
Assam,GOALPARA,2003,Whole Year,Coconut,610,5685000,9319.672131
Assam,GOALPARA,2003,Whole Year,Dry chillies,280,195,0.696428571
Assam,GOALPARA,2003,Whole Year,Onion,250,496,1.984
Assam,GOALPARA,2003,Whole Year,Orange,330,3280,9.939393939
Assam,GOALPARA,2003,Whole Year,Papaya,160,2468,15.425
Assam,GOALPARA,2003,Whole Year,Pineapple,243,2844,11.7037037
Assam,GOALPARA,2003,Whole Year,Potato,875,7610,8.697142857
Assam,GOALPARA,2003,Whole Year,Sugarcane,119,4592,38.58823529
Assam,GOALPARA,2003,Whole Year,Sweet potato,270,882,3.266666667
Assam,GOALPARA,2003,Whole Year,Tapioca,150,663,4.42
Assam,GOALPARA,2003,Whole Year,Tobacco,32,15,0.46875
Assam,GOALPARA,2003,Whole Year,Turmeric,285,146,0.512280702
Assam,GOALPARA,2003,Winter,Rice,44213,56484,1.277542804
Assam,GOALPARA,2004,Autumn,Rice,15560,14578,0.93688946
Assam,GOALPARA,2004,Kharif,Arhar/Tur,270,225,0.833333333
Assam,GOALPARA,2004,Kharif,Castor seed,23,8,0.347826087
Assam,GOALPARA,2004,Kharif,Cotton(lint),6,2,0.333333333
Assam,GOALPARA,2004,Kharif,Jute,2300,22655,9.85
Assam,GOALPARA,2004,Kharif,Mesta,240,1159,4.829166667
Assam,GOALPARA,2004,Kharif,Niger seed,950,475,0.5
Assam,GOALPARA,2004,Kharif,Sesamum,423,159,0.375886525
Assam,GOALPARA,2004,Kharif,Small millets,478,190,0.39748954
Assam,GOALPARA,2004,Rabi,Gram,85,37,0.435294118
Assam,GOALPARA,2004,Rabi,Linseed,355,189,0.532394366
Assam,GOALPARA,2004,Rabi,Masoor,1000,470,0.47
Assam,GOALPARA,2004,Rabi,Moong(Green Gram),118,50,0.423728814
Assam,GOALPARA,2004,Rabi,Other  Rabi pulses,3181,1719,0.540396102
Assam,GOALPARA,2004,Rabi,Peas & beans (Pulses),223,116,0.520179372
Assam,GOALPARA,2004,Rabi,Rapeseed &Mustard,3500,1407,0.402
Assam,GOALPARA,2004,Rabi,Urad,1315,814,0.619011407
Assam,GOALPARA,2004,Rabi,Wheat,2468,3445,1.395867099
Assam,GOALPARA,2004,Summer,Rice,16320,37813,2.316973039
Assam,GOALPARA,2004,Whole Year,Coconut,625,5742000,9187.2
Assam,GOALPARA,2004,Whole Year,Dry chillies,280,194,0.692857143
Assam,GOALPARA,2004,Whole Year,Onion,226,448,1.982300885
Assam,GOALPARA,2004,Whole Year,Potato,875,5267,6.019428571
Assam,GOALPARA,2004,Whole Year,Sugarcane,118,4356,36.91525424
Assam,GOALPARA,2004,Whole Year,Sweet potato,350,1142,3.262857143
Assam,GOALPARA,2004,Whole Year,Tobacco,31,15,0.483870968
Assam,GOALPARA,2004,Whole Year,Turmeric,227,116,0.511013216
Assam,GOALPARA,2004,Winter,Rice,39497,53533,1.355368762
Assam,GOALPARA,2005,Autumn,Rice,15714,17937,1.141466208
Assam,GOALPARA,2005,Kharif,Arhar/Tur,275,229,0.832727273
Assam,GOALPARA,2005,Kharif,Castor seed,25,9,0.36
Assam,GOALPARA,2005,Kharif,Cotton(lint),8,3,0.375
Assam,GOALPARA,2005,Kharif,Jute,2371,23460,9.894559258
Assam,GOALPARA,2005,Kharif,Maize,132,77,0.583333333
Assam,GOALPARA,2005,Kharif,Mesta,215,1038,4.827906977
Assam,GOALPARA,2005,Kharif,Niger seed,950,475,0.5
Assam,GOALPARA,2005,Kharif,Sesamum,450,169,0.375555556
Assam,GOALPARA,2005,Kharif,Small millets,450,179,0.397777778
Assam,GOALPARA,2005,Rabi,Gram,86,38,0.441860465
Assam,GOALPARA,2005,Rabi,Linseed,340,181,0.532352941
Assam,GOALPARA,2005,Rabi,Masoor,1050,496,0.472380952
Assam,GOALPARA,2005,Rabi,Moong(Green Gram),200,85,0.425
Assam,GOALPARA,2005,Rabi,Other  Rabi pulses,4556,2369,0.519973661
Assam,GOALPARA,2005,Rabi,Peas & beans (Pulses),226,118,0.522123894
Assam,GOALPARA,2005,Rabi,Rapeseed &Mustard,3256,1228,0.377149877
Assam,GOALPARA,2005,Rabi,Urad,2500,1313,0.5252
Assam,GOALPARA,2005,Rabi,Wheat,2820,3745,1.328014184
Assam,GOALPARA,2005,Summer,Rice,15714,33927,2.159030164
Assam,GOALPARA,2005,Whole Year,Arecanut,3077,4028,1.309067273
Assam,GOALPARA,2005,Whole Year,Banana,2127,33054,15.54019746
Assam,GOALPARA,2005,Whole Year,Dry chillies,300,208,0.693333333
Assam,GOALPARA,2005,Whole Year,Onion,230,456,1.982608696
Assam,GOALPARA,2005,Whole Year,Potato,880,5424,6.163636364
Assam,GOALPARA,2005,Whole Year,Sugarcane,130,4835,37.19230769
Assam,GOALPARA,2005,Whole Year,Sweet potato,340,1108,3.258823529
Assam,GOALPARA,2005,Whole Year,Tapioca,145,649,4.475862069
Assam,GOALPARA,2005,Whole Year,Tobacco,24,11,0.458333333
Assam,GOALPARA,2005,Whole Year,Turmeric,231,118,0.510822511
Assam,GOALPARA,2005,Winter,Rice,46268,66766,1.443027578
Assam,GOALPARA,2006,Autumn,Rice,15213,15165,0.996844804
Assam,GOALPARA,2006,Kharif,Arhar/Tur,280,234,0.835714286
Assam,GOALPARA,2006,Kharif,Castor seed,25,9,0.36
Assam,GOALPARA,2006,Kharif,Cotton(lint),7,3,0.428571429
Assam,GOALPARA,2006,Kharif,Jute,2750,24964,9.077818182
Assam,GOALPARA,2006,Kharif,Maize,95,55,0.578947368
Assam,GOALPARA,2006,Kharif,Mesta,208,1003,4.822115385
Assam,GOALPARA,2006,Kharif,Niger seed,950,475,0.5
Assam,GOALPARA,2006,Kharif,Sesamum,445,200,0.449438202
Assam,GOALPARA,2006,Kharif,Small millets,345,137,0.397101449
Assam,GOALPARA,2006,Rabi,Gram,75,33,0.44
Assam,GOALPARA,2006,Rabi,Linseed,350,186,0.531428571
Assam,GOALPARA,2006,Rabi,Masoor,1050,492,0.468571429
Assam,GOALPARA,2006,Rabi,Moong(Green Gram),165,70,0.424242424
Assam,GOALPARA,2006,Rabi,Other  Rabi pulses,643,329,0.511664075
Assam,GOALPARA,2006,Rabi,Peas & beans (Pulses),150,78,0.52
Assam,GOALPARA,2006,Rabi,Rapeseed &Mustard,3460,1488,0.430057803
Assam,GOALPARA,2006,Rabi,Urad,2200,1034,0.47
Assam,GOALPARA,2006,Rabi,Wheat,2512,4175,1.662022293
Assam,GOALPARA,2006,Summer,Rice,17500,39900,2.28
Assam,GOALPARA,2006,Whole Year,Arecanut,3150,3976,1.262222222
Assam,GOALPARA,2006,Whole Year,Banana,2435,37842,15.54086242
Assam,GOALPARA,2006,Whole Year,Coconut,325,2859000,8796.923077
Assam,GOALPARA,2006,Whole Year,Dry chillies,270,187,0.692592593
Assam,GOALPARA,2006,Whole Year,Onion,284,563,1.982394366
Assam,GOALPARA,2006,Whole Year,Potato,900,6137,6.818888889
Assam,GOALPARA,2006,Whole Year,Sugarcane,130,5152,39.63076923
Assam,GOALPARA,2006,Whole Year,Sweet potato,350,1142,3.262857143
Assam,GOALPARA,2006,Whole Year,Tapioca,150,669,4.46
Assam,GOALPARA,2006,Whole Year,Tobacco,24,11,0.458333333
Assam,GOALPARA,2006,Whole Year,Turmeric,230,116,0.504347826
Assam,GOALPARA,2006,Winter,Rice,39500,45678,1.156405063
Assam,GOALPARA,2007,Autumn,Rice,15250,16777,1.100131148
Assam,GOALPARA,2007,Kharif,Arhar/Tur,455,379,0.832967033
Assam,GOALPARA,2007,Kharif,Castor seed,22,8,0.363636364
Assam,GOALPARA,2007,Kharif,Cotton(lint),9,3,0.333333333
Assam,GOALPARA,2007,Kharif,Jute,3000,38200,12.73333333
Assam,GOALPARA,2007,Kharif,Maize,125,73,0.584
Assam,GOALPARA,2007,Kharif,Mesta,185,893,4.827027027
Assam,GOALPARA,2007,Kharif,Niger seed,1010,505,0.5
Assam,GOALPARA,2007,Kharif,Sesamum,486,182,0.374485597
Assam,GOALPARA,2007,Kharif,Small millets,340,135,0.397058824
Assam,GOALPARA,2007,Rabi,Gram,116,51,0.439655172
Assam,GOALPARA,2007,Rabi,Linseed,360,192,0.533333333
Assam,GOALPARA,2007,Rabi,Masoor,1135,533,0.469603524
Assam,GOALPARA,2007,Rabi,Moong(Green Gram),220,94,0.427272727
Assam,GOALPARA,2007,Rabi,Other  Rabi pulses,650,333,0.512307692
Assam,GOALPARA,2007,Rabi,Peas & beans (Pulses),210,109,0.519047619
Assam,GOALPARA,2007,Rabi,Rapeseed &Mustard,3625,1359,0.374896552
Assam,GOALPARA,2007,Rabi,Urad,2590,1391,0.537065637
Assam,GOALPARA,2007,Rabi,Wheat,2468,3919,1.587925446
Assam,GOALPARA,2007,Summer,Rice,18100,52019,2.873977901
Assam,GOALPARA,2007,Whole Year,Arecanut,3155,3790,1.201267829
Assam,GOALPARA,2007,Whole Year,Banana,2235,34727,15.53780761
Assam,GOALPARA,2007,Whole Year,Black pepper,30,37,1.233333333
Assam,GOALPARA,2007,Whole Year,Coconut,355,4303000,12121.12676
Assam,GOALPARA,2007,Whole Year,Dry chillies,292,203,0.695205479
Assam,GOALPARA,2007,Whole Year,Dry ginger,380,2706,7.121052632
Assam,GOALPARA,2007,Whole Year,Onion,292,579,1.982876712
Assam,GOALPARA,2007,Whole Year,Potato,930,7017,7.54516129
Assam,GOALPARA,2007,Whole Year,Sugarcane,192,7310,38.07291667
Assam,GOALPARA,2007,Whole Year,Sweet potato,355,1158,3.261971831
Assam,GOALPARA,2007,Whole Year,Tapioca,185,828,4.475675676
Assam,GOALPARA,2007,Whole Year,Tobacco,20,9,0.45
Assam,GOALPARA,2007,Whole Year,Turmeric,240,123,0.5125
Assam,GOALPARA,2007,Winter,Rice,45050,56089,1.245038846
Assam,GOALPARA,2008,Autumn,Rice,15800,20569,1.301835443
Assam,GOALPARA,2008,Kharif,Arhar/Tur,455,379,0.832967033
Assam,GOALPARA,2008,Kharif,Castor seed,25,9,0.36
Assam,GOALPARA,2008,Kharif,Cotton(lint),13,5,0.384615385
Assam,GOALPARA,2008,Kharif,Jute,3370,51954,15.41661721
Assam,GOALPARA,2008,Kharif,Maize,130,75,0.576923077
Assam,GOALPARA,2008,Kharif,Mesta,250,1206,4.824
Assam,GOALPARA,2008,Kharif,Niger seed,1020,510,0.5
Assam,GOALPARA,2008,Kharif,Sesamum,490,183,0.373469388
Assam,GOALPARA,2008,Kharif,Small millets,345,144,0.417391304
Assam,GOALPARA,2008,Rabi,Blackgram,2650,1556,0.587169811
Assam,GOALPARA,2008,Rabi,Gram,125,49,0.392
Assam,GOALPARA,2008,Rabi,Linseed,360,211,0.586111111
Assam,GOALPARA,2008,Rabi,Masoor,1155,554,0.47965368
Assam,GOALPARA,2008,Rabi,Moong(Green Gram),225,94,0.417777778
Assam,GOALPARA,2008,Rabi,Peas & beans (Pulses),350,183,0.522857143
Assam,GOALPARA,2008,Rabi,Rapeseed &Mustard,4000,2096,0.524
Assam,GOALPARA,2008,Rabi,Urad,2650,1556,0.587169811
Assam,GOALPARA,2008,Rabi,Wheat,2410,4097,1.7
Assam,GOALPARA,2008,Summer,Rice,19500,53742,2.756
Assam,GOALPARA,2008,Whole Year,Arecanut,3160,4168,1.318987342
Assam,GOALPARA,2008,Whole Year,Banana,2240,31360,14
Assam,GOALPARA,2008,Whole Year,Black pepper,32,73,2.28125
Assam,GOALPARA,2008,Whole Year,Coconut,330,3177000,9627.272727
Assam,GOALPARA,2008,Whole Year,Dry chillies,340,235,0.691176471
Assam,GOALPARA,2008,Whole Year,Dry ginger,390,2778,7.123076923
Assam,GOALPARA,2008,Whole Year,Onion,300,613,2.043333333
Assam,GOALPARA,2008,Whole Year,Potato,970,8159,8.411340206
Assam,GOALPARA,2008,Whole Year,Sugarcane,192,7370,38.38541667
Assam,GOALPARA,2008,Whole Year,Sweet potato,380,1240,3.263157895
Assam,GOALPARA,2008,Whole Year,Tapioca,190,929,4.889473684
Assam,GOALPARA,2008,Whole Year,Tobacco,20,11,0.55
Assam,GOALPARA,2008,Whole Year,Turmeric,265,241,0.909433962
Assam,GOALPARA,2008,Winter,Rice,48010,75333,1.569110602
Assam,GOALPARA,2009,Autumn,Rice,12231,13356,1.091979397
Assam,GOALPARA,2009,Kharif,Arhar/Tur,455,379,0.832967033
Assam,GOALPARA,2009,Kharif,Castor seed,20,7,0.35
Assam,GOALPARA,2009,Kharif,Cotton(lint),10,4,0.4
Assam,GOALPARA,2009,Kharif,Jute,3200,43040,13.45
Assam,GOALPARA,2009,Kharif,Maize,145,84,0.579310345
Assam,GOALPARA,2009,Kharif,Mesta,210,1014,4.828571429
Assam,GOALPARA,2009,Kharif,Niger seed,920,460,0.5
Assam,GOALPARA,2009,Kharif,Sesamum,485,182,0.375257732
Assam,GOALPARA,2009,Kharif,Small millets,40,16,0.4
Assam,GOALPARA,2009,Rabi,Banana,2800,42092,15.03285714
Assam,GOALPARA,2009,Rabi,Gram,130,55,0.423076923
Assam,GOALPARA,2009,Rabi,Linseed,360,174,0.483333333
Assam,GOALPARA,2009,Rabi,Masoor,1300,615,0.473076923
Assam,GOALPARA,2009,Rabi,Moong(Green Gram),235,99,0.421276596
Assam,GOALPARA,2009,Rabi,Peas & beans (Pulses),378,197,0.521164021
Assam,GOALPARA,2009,Rabi,Rapeseed &Mustard,3545,1301,0.366995769
Assam,GOALPARA,2009,Rabi,Urad,2800,1604,0.572857143
Assam,GOALPARA,2009,Rabi,Wheat,2550,4292,1.683137255
Assam,GOALPARA,2009,Summer,Rice,22350,45371,2.030022371
Assam,GOALPARA,2009,Whole Year,Arecanut,3200,4609,1.4403125
Assam,GOALPARA,2009,Whole Year,Banana,2800,42092,15.03285714
Assam,GOALPARA,2009,Whole Year,Black pepper,82,144,1.756097561
Assam,GOALPARA,2009,Whole Year,Coconut,350,3166000,9045.714286
Assam,GOALPARA,2009,Whole Year,Dry chillies,375,260,0.693333333
Assam,GOALPARA,2009,Whole Year,Dry ginger,410,2920,7.12195122
Assam,GOALPARA,2009,Whole Year,Onion,320,641,2.003125
Assam,GOALPARA,2009,Whole Year,Potato,1250,9083,7.2664
Assam,GOALPARA,2009,Whole Year,Sugarcane,210,8213,39.10952381
Assam,GOALPARA,2009,Whole Year,Sweet potato,410,1338,3.263414634
Assam,GOALPARA,2009,Whole Year,Tapioca,190,876,4.610526316
Assam,GOALPARA,2009,Whole Year,Tobacco,15,7,0.466666667
Assam,GOALPARA,2009,Whole Year,Turmeric,320,206,0.64375
Assam,GOALPARA,2009,Winter,Rice,47127,81577,1.731003459
Assam,GOALPARA,2010,Autumn,Rice,10448,12715,1.216979326
Assam,GOALPARA,2010,Kharif,Arhar/Tur,450,375,0.833333333
Assam,GOALPARA,2010,Kharif,Castor seed,20,7,0.35
Assam,GOALPARA,2010,Kharif,Cotton(lint),5,1,0.2
Assam,GOALPARA,2010,Kharif,Jute,3010,48913,16.25016611
Assam,GOALPARA,2010,Kharif,Maize,150,87,0.58
Assam,GOALPARA,2010,Kharif,Mesta,215,1038,4.827906977
Assam,GOALPARA,2010,Kharif,Niger seed,1100,550,0.5
Assam,GOALPARA,2010,Kharif,Sesamum,500,188,0.376
Assam,GOALPARA,2010,Kharif,Small millets,255,104,0.407843137
Assam,GOALPARA,2010,Rabi,Arecanut,3200,4609,1.4403125
Assam,GOALPARA,2010,Rabi,Banana,3000,44628,14.876
Assam,GOALPARA,2010,Rabi,Gram,140,60,0.428571429
Assam,GOALPARA,2010,Rabi,Linseed,400,213,0.5325
Assam,GOALPARA,2010,Rabi,Masoor,1695,803,0.473746313
Assam,GOALPARA,2010,Rabi,Moong(Green Gram),300,126,0.42
Assam,GOALPARA,2010,Rabi,Peas & beans (Pulses),450,234,0.52
Assam,GOALPARA,2010,Rabi,Rapeseed &Mustard,4010,1893,0.472069825
Assam,GOALPARA,2010,Rabi,Urad,3025,1918,0.634049587
Assam,GOALPARA,2010,Rabi,Wheat,2200,2902,1.319090909
Assam,GOALPARA,2010,Summer,Rice,24524,68446,2.790980264
Assam,GOALPARA,2010,Whole Year,Banana,3000,44628,14.876
Assam,GOALPARA,2010,Whole Year,Black pepper,90,159,1.766666667
Assam,GOALPARA,2010,Whole Year,Coconut,350,3166000,9045.714286
Assam,GOALPARA,2010,Whole Year,Dry chillies,471,327,0.694267516
Assam,GOALPARA,2010,Whole Year,Dry ginger,450,3205,7.122222222
Assam,GOALPARA,2010,Whole Year,Onion,350,704,2.011428571
Assam,GOALPARA,2010,Whole Year,Potato,1265,17609,13.9201581
Assam,GOALPARA,2010,Whole Year,Sugarcane,238,8615,36.19747899
Assam,GOALPARA,2010,Whole Year,Sweet potato,450,1468,3.262222222
Assam,GOALPARA,2010,Whole Year,Tapioca,200,932,4.66
Assam,GOALPARA,2010,Whole Year,Tobacco,12,6,0.5
Assam,GOALPARA,2010,Whole Year,Turmeric,435,300,0.689655172
Assam,GOALPARA,2010,Winter,Rice,48167,115697,2.401997218
Assam,GOALPARA,2011,Autumn,Paddy,8690,10501,1.20840046
Assam,GOALPARA,2011,Autumn,Rice,8690,10501,1.20840046
Assam,GOALPARA,2011,Kharif,Arhar/Tur,250,219,0.876
Assam,GOALPARA,2011,Kharif,Castor seed,21,10,0.476190476
Assam,GOALPARA,2011,Kharif,Cotton(lint),5,2,0.4
Assam,GOALPARA,2011,Kharif,Jute,3300,31570,9.566666667
Assam,GOALPARA,2011,Kharif,Maize,114,75,0.657894737
Assam,GOALPARA,2011,Kharif,Mesta,138,606,4.391304348
Assam,GOALPARA,2011,Kharif,Niger seed,1200,611,0.509166667
Assam,GOALPARA,2011,Kharif,Orange,450,4489,9.975555556
Assam,GOALPARA,2011,Kharif,Papaya,280,7572,27.04285714
Assam,GOALPARA,2011,Kharif,Sesamum,345,168,0.486956522
Assam,GOALPARA,2011,Kharif,Small millets,257,113,0.439688716
Assam,GOALPARA,2011,Kharif,Tapioca,220,1531,6.959090909
Assam,GOALPARA,2011,Kharif,Tobacco,5,2,0.4
Assam,GOALPARA,2011,Rabi,Arecanut,2476,2995,1.209612278
Assam,GOALPARA,2011,Rabi,Black pepper,100,177,1.77
Assam,GOALPARA,2011,Rabi,Dry chillies,490,390,0.795918367
Assam,GOALPARA,2011,Rabi,Ginger,450,3264,7.253333333
Assam,GOALPARA,2011,Rabi,Gram,145,62,0.427586207
Assam,GOALPARA,2011,Rabi,Linseed,430,253,0.588372093
Assam,GOALPARA,2011,Rabi,Masoor,1688,830,0.491706161
Assam,GOALPARA,2011,Rabi,Moong(Green Gram),235,112,0.476595745
Assam,GOALPARA,2011,Rabi,Peas & beans (Pulses),470,252,0.536170213
Assam,GOALPARA,2011,Rabi,Pineapple,470,6968,14.82553191
Assam,GOALPARA,2011,Rabi,Rapeseed &Mustard,4500,1824,0.405333333
Assam,GOALPARA,2011,Rabi,Sweet potato,450,2546,5.657777778
Assam,GOALPARA,2011,Rabi,Urad,3025,2202,0.727933884
Assam,GOALPARA,2011,Rabi,Wheat,2250,3375,1.5
Assam,GOALPARA,2011,Summer,Paddy,19000,59394,3.126
Assam,GOALPARA,2011,Summer,Rice,19000,59394,3.126
Assam,GOALPARA,2011,Whole Year,Banana,3300,64043,19.4069697
Assam,GOALPARA,2011,Whole Year,Coconut,400,3147,7.8675
Assam,GOALPARA,2011,Whole Year,Onion,350,757,2.162857143
Assam,GOALPARA,2011,Whole Year,Potato,1265,10422,8.238735178
Assam,GOALPARA,2011,Whole Year,Sugarcane,210,7782,37.05714286
Assam,GOALPARA,2011,Whole Year,Turmeric,435,405,0.931034483
Assam,GOALPARA,2011,Winter,Paddy,49000,74569,1.521816327
Assam,GOALPARA,2011,Winter,Rice,49000,74569,1.521816327
Assam,GOALPARA,2012,Autumn,Paddy,8410,11552,1.373602854
Assam,GOALPARA,2012,Autumn,Rice,8410,11552,1.373602854
Assam,GOALPARA,2012,Kharif,Arhar/Tur,271,266,0.981549815
Assam,GOALPARA,2012,Kharif,Castor seed,26,12,0.461538462
Assam,GOALPARA,2012,Kharif,Cotton(lint),10,4,0.4
Assam,GOALPARA,2012,Kharif,Jute,4150,38828,9.356144578
Assam,GOALPARA,2012,Kharif,Maize,59,39,0.661016949
Assam,GOALPARA,2012,Kharif,Mesta,54,273,5.055555556
Assam,GOALPARA,2012,Kharif,Niger seed,960,496,0.516666667
Assam,GOALPARA,2012,Kharif,Orange,500,5133,10.266
Assam,GOALPARA,2012,Kharif,Papaya,300,8144,27.14666667
Assam,GOALPARA,2012,Kharif,Sesamum,350,177,0.505714286
Assam,GOALPARA,2012,Kharif,Small millets,268,111,0.414179104
Assam,GOALPARA,2012,Kharif,Tapioca,220,1595,7.25
Assam,GOALPARA,2012,Kharif,Tobacco,4,2,0.5
Assam,GOALPARA,2012,Rabi,Arecanut,2487,3354,1.348612786
Assam,GOALPARA,2012,Rabi,Black pepper,105,194,1.847619048
Assam,GOALPARA,2012,Rabi,Dry chillies,520,465,0.894230769
Assam,GOALPARA,2012,Rabi,Ginger,476,3511,7.37605042
Assam,GOALPARA,2012,Rabi,Gram,148,67,0.452702703
Assam,GOALPARA,2012,Rabi,Linseed,450,214,0.475555556
Assam,GOALPARA,2012,Rabi,Masoor,1695,895,0.528023599
Assam,GOALPARA,2012,Rabi,Moong(Green Gram),235,110,0.468085106
Assam,GOALPARA,2012,Rabi,Peas & beans (Pulses),480,263,0.547916667
Assam,GOALPARA,2012,Rabi,Pineapple,520,8021,15.425
Assam,GOALPARA,2012,Rabi,Rapeseed &Mustard,5000,2433,0.4866
Assam,GOALPARA,2012,Rabi,Sweet potato,468,2746,5.867521368
Assam,GOALPARA,2012,Rabi,Urad,2885,1460,0.506065858
Assam,GOALPARA,2012,Rabi,Wheat,2750,4389,1.596
Assam,GOALPARA,2012,Summer,Rice,25000,79375,3.175
Assam,GOALPARA,2012,Whole Year,Banana,3500,56396,16.11314286
Assam,GOALPARA,2012,Whole Year,Coconut,430,2294,5.334883721
Assam,GOALPARA,2012,Whole Year,Onion,365,1194,3.271232877
Assam,GOALPARA,2012,Whole Year,Potato,1320,11625,8.806818182
Assam,GOALPARA,2012,Whole Year,Sugarcane,230,8191,35.61304348
Assam,GOALPARA,2012,Whole Year,Turmeric,453,426,0.940397351
Assam,GOALPARA,2012,Winter,Paddy,49200,93968,1.909918699
Assam,GOALPARA,2012,Winter,Rice,49200,93968,1.909918699
Assam,GOALPARA,2013,Autumn,Paddy,8624,9625,1.116071429
Assam,GOALPARA,2013,Autumn,Rice,8624,9625,1.116071429
Assam,GOALPARA,2013,Kharif,Arhar/Tur,300,570,1.9
Assam,GOALPARA,2013,Kharif,Castor seed,28,39,1.392857143
Assam,GOALPARA,2013,Kharif,Cotton(lint),6,2,0.333333333
Assam,GOALPARA,2013,Kharif,Jute,4300,31318,7.283255814
Assam,GOALPARA,2013,Kharif,Maize,195,410,2.102564103
Assam,GOALPARA,2013,Kharif,Mesta,228,2508,11
Assam,GOALPARA,2013,Kharif,Niger seed,870,805,0.925287356
Assam,GOALPARA,2013,Kharif,Orange,460,4722,10.26521739
Assam,GOALPARA,2013,Kharif,Papaya,310,8415,27.14516129
Assam,GOALPARA,2013,Kharif,Sesamum,400,520,1.3
Assam,GOALPARA,2013,Kharif,Small millets,285,613,2.150877193
Assam,GOALPARA,2013,Kharif,Tapioca,250,1813,7.252
Assam,GOALPARA,2013,Kharif,Tobacco,9,4,0.444444444
Assam,GOALPARA,2013,Rabi,Arecanut,2500,2314,0.9256
Assam,GOALPARA,2013,Rabi,Black pepper,110,204,1.854545455
Assam,GOALPARA,2013,Rabi,Dry chillies,540,483,0.894444444
Assam,GOALPARA,2013,Rabi,Ginger,492,3629,7.37601626
Assam,GOALPARA,2013,Rabi,Gram,150,259,1.726666667
Assam,GOALPARA,2013,Rabi,Linseed,460,469,1.019565217
Assam,GOALPARA,2013,Rabi,Masoor,1760,1496,0.85
Assam,GOALPARA,2013,Rabi,Moong(Green Gram),298,276,0.926174497
Assam,GOALPARA,2013,Rabi,Peas & beans (Pulses),520,520,1
Assam,GOALPARA,2013,Rabi,Pineapple,500,7713,15.426
Assam,GOALPARA,2013,Rabi,Rapeseed &Mustard,5340,2419,0.452996255
Assam,GOALPARA,2013,Rabi,Sweet potato,446,2617,5.867713004
Assam,GOALPARA,2013,Rabi,Urad,3873,2541,0.656080558
Assam,GOALPARA,2013,Rabi,Wheat,2900,3895,1.343103448
Assam,GOALPARA,2013,Summer,Paddy,25290,82243,3.251996837
Assam,GOALPARA,2013,Summer,Rice,25290,82243,3.251996837
Assam,GOALPARA,2013,Whole Year,Banana,3800,74047,19.48605263
Assam,GOALPARA,2013,Whole Year,Coconut,575,4758,8.274782609
Assam,GOALPARA,2013,Whole Year,Onion,382,1249,3.269633508
Assam,GOALPARA,2013,Whole Year,Potato,1604,16141,10.06296758
Assam,GOALPARA,2013,Whole Year,Sugarcane,241,8910,36.97095436
Assam,GOALPARA,2013,Whole Year,Turmeric,450,423,0.94
Assam,GOALPARA,2013,Winter,Paddy,49245,116414,2.363976038
Assam,GOALPARA,2013,Winter,Rice,49245,116414,2.363976038
Assam,GOALPARA,2014,Autumn,Paddy,8062,7552,0.936740263
Assam,GOALPARA,2014,Autumn,Rice,8062,7552,0.936740263
Assam,GOALPARA,2014,Kharif,Arhar/Tur,421,473,1.123515439
Assam,GOALPARA,2014,Kharif,Castor seed,28,14,0.5
Assam,GOALPARA,2014,Kharif,Cotton(lint),9,3,0.333333333
Assam,GOALPARA,2014,Kharif,Jute,5233,46222,8.832791898
Assam,GOALPARA,2014,Kharif,Maize,245,582,2.375510204
Assam,GOALPARA,2014,Kharif,Mesta,343,1791,5.221574344
Assam,GOALPARA,2014,Kharif,Niger seed,890,823,0.924719101
Assam,GOALPARA,2014,Kharif,Orange,460,4727,10.27608696
Assam,GOALPARA,2014,Kharif,Papaya,305,8279,27.1442623
Assam,GOALPARA,2014,Kharif,Sesamum,448,243,0.542410714
Assam,GOALPARA,2014,Kharif,Small millets,350,181,0.517142857
Assam,GOALPARA,2014,Kharif,Tapioca,242,1757,7.260330579
Assam,GOALPARA,2014,Kharif,Tobacco,5,2,0.4
Assam,GOALPARA,2014,Rabi,Black pepper,115,214,1.860869565
Assam,GOALPARA,2014,Rabi,Dry chillies,580,529,0.912068966
Assam,GOALPARA,2014,Rabi,Ginger,550,4062,7.385454545
Assam,GOALPARA,2014,Rabi,Gram,186,109,0.586021505
Assam,GOALPARA,2014,Rabi,Linseed,257,173,0.673151751
Assam,GOALPARA,2014,Rabi,Masoor,1720,1202,0.698837209
Assam,GOALPARA,2014,Rabi,Moong(Green Gram),304,158,0.519736842
Assam,GOALPARA,2014,Rabi,Peas & beans (Pulses),650,483,0.743076923
Assam,GOALPARA,2014,Rabi,Pineapple,550,8484,15.42545455
Assam,GOALPARA,2014,Rabi,Rapeseed &Mustard,7791,3428,0.439994866
Assam,GOALPARA,2014,Rabi,Sweet potato,500,2935,5.87
Assam,GOALPARA,2014,Rabi,Urad,3083,1239,0.401881284
Assam,GOALPARA,2014,Rabi,Wheat,2512,1977,0.787022293
Assam,GOALPARA,2014,Summer,Paddy,25434,81058,3.186993788
Assam,GOALPARA,2014,Summer,Rice,25434,81058,3.186993788
Assam,GOALPARA,2014,Whole Year,Banana,3800,74047,19.48605263
Assam,GOALPARA,2014,Whole Year,Onion,350,1264,3.611428571
Assam,GOALPARA,2014,Whole Year,Potato,2101,17045,8.112803427
Assam,GOALPARA,2014,Whole Year,Sugarcane,267,9815,36.76029963
Assam,GOALPARA,2014,Whole Year,Turmeric,510,482,0.945098039
Assam,GOALPARA,2014,Winter,Paddy,50772,105221,2.072421807
Assam,GOALPARA,2014,Winter,Rice,50772,105221,2.072421807
Assam,GOLAGHAT,1997,Autumn,Rice,4427,3110,0.702507341
Assam,GOLAGHAT,1997,Kharif,Arhar/Tur,226,154,0.681415929
Assam,GOLAGHAT,1997,Kharif,Cotton(lint),10,4,0.4
Assam,GOLAGHAT,1997,Kharif,Jute,919,9629,10.47769314
Assam,GOLAGHAT,1997,Kharif,Maize,246,133,0.540650407
Assam,GOLAGHAT,1997,Kharif,Mesta,11,39,3.545454545
Assam,GOLAGHAT,1997,Kharif,Small millets,42,21,0.5
Assam,GOLAGHAT,1997,Kharif,Sugarcane,5018,219306,43.70386608
Assam,GOLAGHAT,1997,Rabi,Gram,16,8,0.5
Assam,GOLAGHAT,1997,Rabi,Linseed,13,7,0.538461538
Assam,GOLAGHAT,1997,Rabi,Other  Rabi pulses,4736,3408,0.719594595
Assam,GOLAGHAT,1997,Rabi,Rapeseed &Mustard,8752,5848,0.668190128
Assam,GOLAGHAT,1997,Rabi,Wheat,759,687,0.90513834
Assam,GOLAGHAT,1997,Summer,Rice,103,89,0.86407767
Assam,GOLAGHAT,1997,Whole Year,Arecanut,4731,2787,0.589093215
Assam,GOLAGHAT,1997,Whole Year,Coconut,545,3056,5.60733945
Assam,GOLAGHAT,1997,Whole Year,Dry chillies,161,105,0.652173913
Assam,GOLAGHAT,1997,Whole Year,Niger seed,10,5,0.5
Assam,GOLAGHAT,1997,Whole Year,Onion,163,518,3.17791411
Assam,GOLAGHAT,1997,Whole Year,Potato,1496,10059,6.723930481
Assam,GOLAGHAT,1997,Whole Year,Sesamum,186,94,0.505376344
Assam,GOLAGHAT,1997,Whole Year,Sweet potato,101,253,2.504950495
Assam,GOLAGHAT,1997,Whole Year,Tapioca,5,20,4
Assam,GOLAGHAT,1997,Whole Year,Turmeric,247,75,0.303643725
Assam,GOLAGHAT,1997,Winter,Rice,77675,100960,1.299774702
Assam,GOLAGHAT,1998,Autumn,Rice,6297,8565,1.36017151
Assam,GOLAGHAT,1998,Kharif,Arhar/Tur,270,184,0.681481481
Assam,GOLAGHAT,1998,Kharif,Castor seed,4,1,0.25
Assam,GOLAGHAT,1998,Kharif,Cotton(lint),12,5,0.416666667
Assam,GOLAGHAT,1998,Kharif,Jute,923,10961,11.87540628
Assam,GOLAGHAT,1998,Kharif,Maize,249,134,0.53815261
Assam,GOLAGHAT,1998,Kharif,Mesta,11,21,1.909090909
Assam,GOLAGHAT,1998,Kharif,Niger seed,8,5,0.625
Assam,GOLAGHAT,1998,Kharif,Sesamum,177,78,0.440677966
Assam,GOLAGHAT,1998,Kharif,Small millets,41,20,0.487804878
Assam,GOLAGHAT,1998,Rabi,Gram,18,9,0.5
Assam,GOLAGHAT,1998,Rabi,Linseed,14,7,0.5
Assam,GOLAGHAT,1998,Rabi,Other  Rabi pulses,5329,3475,0.652092325
Assam,GOLAGHAT,1998,Rabi,Rapeseed &Mustard,7175,4175,0.581881533
Assam,GOLAGHAT,1998,Rabi,Wheat,1202,993,0.826123128
Assam,GOLAGHAT,1998,Summer,Rice,346,689,1.99132948
Assam,GOLAGHAT,1998,Whole Year,Arecanut,4730,2244,0.474418605
Assam,GOLAGHAT,1998,Whole Year,Banana,2189,30342,13.8611238
Assam,GOLAGHAT,1998,Whole Year,Coconut,557,5041000,9050.2693
Assam,GOLAGHAT,1998,Whole Year,Dry chillies,183,119,0.650273224
Assam,GOLAGHAT,1998,Whole Year,Onion,166,528,3.180722892
Assam,GOLAGHAT,1998,Whole Year,Potato,1522,9827,6.456636005
Assam,GOLAGHAT,1998,Whole Year,Sugarcane,4293,193590,45.09433962
Assam,GOLAGHAT,1998,Whole Year,Sweet potato,108,271,2.509259259
Assam,GOLAGHAT,1998,Whole Year,Tapioca,7,28,4
Assam,GOLAGHAT,1998,Whole Year,Tobacco,19,14,0.736842105
Assam,GOLAGHAT,1998,Whole Year,Turmeric,264,79,0.299242424
Assam,GOLAGHAT,1998,Winter,Rice,75681,135873,1.795338328
Assam,GOLAGHAT,1999,Autumn,Rice,6595,7653,1.160424564
Assam,GOLAGHAT,1999,Kharif,Arhar/Tur,233,158,0.678111588
Assam,GOLAGHAT,1999,Kharif,Castor seed,8,4,0.5
Assam,GOLAGHAT,1999,Kharif,Cotton(lint),12,5,0.416666667
Assam,GOLAGHAT,1999,Kharif,Jute,905,9447,10.43867403
Assam,GOLAGHAT,1999,Kharif,Maize,254,137,0.539370079
Assam,GOLAGHAT,1999,Kharif,Mesta,6,21,3.5
Assam,GOLAGHAT,1999,Kharif,Niger seed,10,5,0.5
Assam,GOLAGHAT,1999,Kharif,Sesamum,168,75,0.446428571
Assam,GOLAGHAT,1999,Kharif,Small millets,34,17,0.5
Assam,GOLAGHAT,1999,Rabi,Gram,18,9,0.5
Assam,GOLAGHAT,1999,Rabi,Linseed,15,8,0.533333333
Assam,GOLAGHAT,1999,Rabi,Other  Rabi pulses,4746,3167,0.667298778
Assam,GOLAGHAT,1999,Rabi,Rapeseed &Mustard,7702,4603,0.597636977
Assam,GOLAGHAT,1999,Rabi,Wheat,1499,1169,0.779853235
Assam,GOLAGHAT,1999,Summer,Rice,1778,3945,2.218785152
Assam,GOLAGHAT,1999,Whole Year,Arecanut,4729,3106,0.656798477
Assam,GOLAGHAT,1999,Whole Year,Banana,2234,30966,13.86123545
Assam,GOLAGHAT,1999,Whole Year,Coconut,555,5849000,10538.73874
Assam,GOLAGHAT,1999,Whole Year,Dry chillies,195,127,0.651282051
Assam,GOLAGHAT,1999,Whole Year,Onion,171,544,3.18128655
Assam,GOLAGHAT,1999,Whole Year,Potato,1556,13735,8.827120823
Assam,GOLAGHAT,1999,Whole Year,Sugarcane,4799,209359,43.62554699
Assam,GOLAGHAT,1999,Whole Year,Sweet potato,106,265,2.5
Assam,GOLAGHAT,1999,Whole Year,Tapioca,9,36,4
Assam,GOLAGHAT,1999,Whole Year,Tobacco,17,12,0.705882353
Assam,GOLAGHAT,1999,Whole Year,Turmeric,280,85,0.303571429
Assam,GOLAGHAT,1999,Winter,Rice,76815,143633,1.869856148
Assam,GOLAGHAT,2000,Autumn,Rice,7633,10656,1.396043495
Assam,GOLAGHAT,2000,Kharif,Arhar/Tur,283,193,0.681978799
Assam,GOLAGHAT,2000,Kharif,Castor seed,9,4,0.444444444
Assam,GOLAGHAT,2000,Kharif,Cotton(lint),12,5,0.416666667
Assam,GOLAGHAT,2000,Kharif,Jute,929,9272,9.980624327
Assam,GOLAGHAT,2000,Kharif,Maize,322,173,0.537267081
Assam,GOLAGHAT,2000,Kharif,Mesta,6,22,3.666666667
Assam,GOLAGHAT,2000,Kharif,Niger seed,11,5,0.454545455
Assam,GOLAGHAT,2000,Kharif,Sesamum,171,74,0.432748538
Assam,GOLAGHAT,2000,Kharif,Small millets,40,19,0.475
Assam,GOLAGHAT,2000,Rabi,Gram,19,9,0.473684211
Assam,GOLAGHAT,2000,Rabi,Linseed,14,8,0.571428571
Assam,GOLAGHAT,2000,Rabi,Other  Rabi pulses,3934,2680,0.681240468
Assam,GOLAGHAT,2000,Rabi,Rapeseed &Mustard,7553,4605,0.609691513
Assam,GOLAGHAT,2000,Rabi,Wheat,1560,1505,0.96474359
Assam,GOLAGHAT,2000,Summer,Rice,3280,6783,2.067987805
Assam,GOLAGHAT,2000,Whole Year,Arecanut,4738,3573,0.754115661
Assam,GOLAGHAT,2000,Whole Year,Banana,2102,29136,13.86108468
Assam,GOLAGHAT,2000,Whole Year,Coconut,561,5185000,9242.424242
Assam,GOLAGHAT,2000,Whole Year,Dry chillies,198,129,0.651515152
Assam,GOLAGHAT,2000,Whole Year,Onion,164,522,3.182926829
Assam,GOLAGHAT,2000,Whole Year,Potato,1609,12298,7.643256681
Assam,GOLAGHAT,2000,Whole Year,Sugarcane,3575,147517,41.2634965
Assam,GOLAGHAT,2000,Whole Year,Sweet potato,108,270,2.5
Assam,GOLAGHAT,2000,Whole Year,Tapioca,8,32,4
Assam,GOLAGHAT,2000,Whole Year,Tobacco,18,13,0.722222222
Assam,GOLAGHAT,2000,Whole Year,Turmeric,285,86,0.301754386
Assam,GOLAGHAT,2000,Winter,Rice,79371,158994,2.003174963
Assam,GOLAGHAT,2001,Autumn,Rice,7184,10286,1.431792873
Assam,GOLAGHAT,2001,Kharif,Arhar/Tur,287,194,0.675958188
Assam,GOLAGHAT,2001,Kharif,Castor seed,9,5,0.555555556
Assam,GOLAGHAT,2001,Kharif,Cotton(lint),13,5,0.384615385
Assam,GOLAGHAT,2001,Kharif,Jute,935,8979,9.603208556
Assam,GOLAGHAT,2001,Kharif,Maize,326,176,0.539877301
Assam,GOLAGHAT,2001,Kharif,Mesta,7,24,3.428571429
Assam,GOLAGHAT,2001,Kharif,Niger seed,11,5,0.454545455
Assam,GOLAGHAT,2001,Kharif,Sesamum,143,57,0.398601399
Assam,GOLAGHAT,2001,Kharif,Small millets,39,17,0.435897436
Assam,GOLAGHAT,2001,Rabi,Gram,19,9,0.473684211
Assam,GOLAGHAT,2001,Rabi,Linseed,12,7,0.583333333
Assam,GOLAGHAT,2001,Rabi,Masoor,1236,766,0.6197411
Assam,GOLAGHAT,2001,Rabi,Moong(Green Gram),143,66,0.461538462
Assam,GOLAGHAT,2001,Rabi,Other  Rabi pulses,4050,2677,0.660987654
Assam,GOLAGHAT,2001,Rabi,Peas & beans (Pulses),1105,960,0.868778281
Assam,GOLAGHAT,2001,Rabi,Rapeseed &Mustard,7720,3918,0.507512953
Assam,GOLAGHAT,2001,Rabi,Urad,1345,792,0.588847584
Assam,GOLAGHAT,2001,Rabi,Wheat,1392,1049,0.753591954
Assam,GOLAGHAT,2001,Summer,Rice,3235,6482,2.003709428
Assam,GOLAGHAT,2001,Whole Year,Arecanut,4790,3361,0.701670146
Assam,GOLAGHAT,2001,Whole Year,Banana,2103,29150,13.86115074
Assam,GOLAGHAT,2001,Whole Year,Coconut,560,5109000,9123.214286
Assam,GOLAGHAT,2001,Whole Year,Dry chillies,198,129,0.651515152
Assam,GOLAGHAT,2001,Whole Year,Onion,166,535,3.222891566
Assam,GOLAGHAT,2001,Whole Year,Potato,1650,11740,7.115151515
Assam,GOLAGHAT,2001,Whole Year,Sugarcane,3605,131673,36.52510402
Assam,GOLAGHAT,2001,Whole Year,Sweet potato,109,273,2.504587156
Assam,GOLAGHAT,2001,Whole Year,Tapioca,8,31,3.875
Assam,GOLAGHAT,2001,Whole Year,Tobacco,19,13,0.684210526
Assam,GOLAGHAT,2001,Whole Year,Turmeric,290,88,0.303448276
Assam,GOLAGHAT,2001,Winter,Rice,72975,150900,2.067831449
Assam,GOLAGHAT,2002,Autumn,Rice,5016,7114,1.418261563
Assam,GOLAGHAT,2002,Kharif,Arhar/Tur,279,189,0.677419355
Assam,GOLAGHAT,2002,Kharif,Castor seed,8,5,0.625
Assam,GOLAGHAT,2002,Kharif,Cotton(lint),12,5,0.416666667
Assam,GOLAGHAT,2002,Kharif,Jute,701,6697,9.553495007
Assam,GOLAGHAT,2002,Kharif,Maize,312,169,0.541666667
Assam,GOLAGHAT,2002,Kharif,Mesta,6,25,4.166666667
Assam,GOLAGHAT,2002,Kharif,Niger seed,11,5,0.454545455
Assam,GOLAGHAT,2002,Kharif,Sesamum,141,57,0.404255319
Assam,GOLAGHAT,2002,Kharif,Small millets,40,18,0.45
Assam,GOLAGHAT,2002,Rabi,Gram,19,9,0.473684211
Assam,GOLAGHAT,2002,Rabi,Linseed,12,7,0.583333333
Assam,GOLAGHAT,2002,Rabi,Masoor,1125,698,0.620444444
Assam,GOLAGHAT,2002,Rabi,Moong(Green Gram),139,59,0.424460432
Assam,GOLAGHAT,2002,Rabi,Other  Rabi pulses,3961,2456,0.620045443
Assam,GOLAGHAT,2002,Rabi,Peas & beans (Pulses),1103,958,0.868540345
Assam,GOLAGHAT,2002,Rabi,Rapeseed &Mustard,7728,4137,0.535326087
Assam,GOLAGHAT,2002,Rabi,Urad,1369,645,0.471146822
Assam,GOLAGHAT,2002,Rabi,Wheat,1398,1274,0.91130186
Assam,GOLAGHAT,2002,Summer,Rice,3272,7369,2.252139364
Assam,GOLAGHAT,2002,Whole Year,Arecanut,4845,3557,0.734158927
Assam,GOLAGHAT,2002,Whole Year,Banana,2112,29274,13.86079545
Assam,GOLAGHAT,2002,Whole Year,Coconut,566,8169000,14432.86219
Assam,GOLAGHAT,2002,Whole Year,Dry chillies,198,128,0.646464646
Assam,GOLAGHAT,2002,Whole Year,Onion,162,523,3.228395062
Assam,GOLAGHAT,2002,Whole Year,Orange,56,567,10.125
Assam,GOLAGHAT,2002,Whole Year,Papaya,173,2432,14.05780347
Assam,GOLAGHAT,2002,Whole Year,Pineapple,227,2972,13.09251101
Assam,GOLAGHAT,2002,Whole Year,Potato,1600,14740,9.2125
Assam,GOLAGHAT,2002,Whole Year,Sugarcane,3291,123468,37.51686418
Assam,GOLAGHAT,2002,Whole Year,Sweet potato,109,273,2.504587156
Assam,GOLAGHAT,2002,Whole Year,Tapioca,9,36,4
Assam,GOLAGHAT,2002,Whole Year,Tobacco,19,13,0.684210526
Assam,GOLAGHAT,2002,Whole Year,Turmeric,300,91,0.303333333
Assam,GOLAGHAT,2002,Winter,Rice,77330,160604,2.076865382
Assam,GOLAGHAT,2003,Autumn,Rice,4820,8791,1.823858921
Assam,GOLAGHAT,2003,Kharif,Arhar/Tur,275,187,0.68
Assam,GOLAGHAT,2003,Kharif,Castor seed,9,5,0.555555556
Assam,GOLAGHAT,2003,Kharif,Cotton(lint),12,5,0.416666667
Assam,GOLAGHAT,2003,Kharif,Jute,687,5932,8.634643377
Assam,GOLAGHAT,2003,Kharif,Maize,303,164,0.541254125
Assam,GOLAGHAT,2003,Kharif,Mesta,6,22,3.666666667
Assam,GOLAGHAT,2003,Kharif,Niger seed,13,5,0.384615385
Assam,GOLAGHAT,2003,Kharif,Sesamum,156,62,0.397435897
Assam,GOLAGHAT,2003,Kharif,Small millets,40,18,0.45
Assam,GOLAGHAT,2003,Rabi,Gram,21,9,0.428571429
Assam,GOLAGHAT,2003,Rabi,Linseed,11,6,0.545454545
Assam,GOLAGHAT,2003,Rabi,Masoor,760,471,0.619736842
Assam,GOLAGHAT,2003,Rabi,Moong(Green Gram),146,62,0.424657534
Assam,GOLAGHAT,2003,Rabi,other misc. pulses,226,96,0.424778761
Assam,GOLAGHAT,2003,Rabi,Peas & beans (Pulses),1076,935,0.868959108
Assam,GOLAGHAT,2003,Rabi,Rapeseed &Mustard,3036,2144,0.706192358
Assam,GOLAGHAT,2003,Rabi,Urad,1209,631,0.521918941
Assam,GOLAGHAT,2003,Rabi,Wheat,1418,1904,1.342736248
Assam,GOLAGHAT,2003,Summer,Rice,3325,6340,1.906766917
Assam,GOLAGHAT,2003,Whole Year,Arecanut,5086,2940,0.578057413
Assam,GOLAGHAT,2003,Whole Year,Banana,2112,29274,13.86079545
Assam,GOLAGHAT,2003,Whole Year,Coconut,651,11006000,16906.298
Assam,GOLAGHAT,2003,Whole Year,Dry chillies,201,131,0.651741294
Assam,GOLAGHAT,2003,Whole Year,Onion,169,545,3.224852071
Assam,GOLAGHAT,2003,Whole Year,Orange,59,597,10.11864407
Assam,GOLAGHAT,2003,Whole Year,Papaya,177,2826,15.96610169
Assam,GOLAGHAT,2003,Whole Year,Pineapple,237,3102,13.08860759
Assam,GOLAGHAT,2003,Whole Year,Potato,1615,12535,7.761609907
Assam,GOLAGHAT,2003,Whole Year,Sugarcane,3278,133644,40.7699817
Assam,GOLAGHAT,2003,Whole Year,Sweet potato,115,288,2.504347826
Assam,GOLAGHAT,2003,Whole Year,Tapioca,9,36,4
Assam,GOLAGHAT,2003,Whole Year,Tobacco,20,14,0.7
Assam,GOLAGHAT,2003,Whole Year,Turmeric,311,94,0.302250804
Assam,GOLAGHAT,2003,Winter,Rice,77851,168733,2.167383849
Assam,GOLAGHAT,2004,Autumn,Rice,4855,5378,1.107723996
Assam,GOLAGHAT,2004,Kharif,Arhar/Tur,270,183,0.677777778
Assam,GOLAGHAT,2004,Kharif,Castor seed,8,5,0.625
Assam,GOLAGHAT,2004,Kharif,Cotton(lint),12,5,0.416666667
Assam,GOLAGHAT,2004,Kharif,Jute,685,5858,8.551824818
Assam,GOLAGHAT,2004,Kharif,Mesta,6,24,4
Assam,GOLAGHAT,2004,Kharif,Niger seed,10,5,0.5
Assam,GOLAGHAT,2004,Kharif,Sesamum,150,60,0.4
Assam,GOLAGHAT,2004,Kharif,Small millets,41,18,0.43902439
Assam,GOLAGHAT,2004,Rabi,Gram,20,9,0.45
Assam,GOLAGHAT,2004,Rabi,Linseed,9,5,0.555555556
Assam,GOLAGHAT,2004,Rabi,Masoor,953,591,0.620146905
Assam,GOLAGHAT,2004,Rabi,Moong(Green Gram),186,80,0.430107527
Assam,GOLAGHAT,2004,Rabi,Peas & beans (Pulses),1028,894,0.869649805
Assam,GOLAGHAT,2004,Rabi,Rapeseed &Mustard,3210,1415,0.440809969
Assam,GOLAGHAT,2004,Rabi,Urad,1416,527,0.372175141
Assam,GOLAGHAT,2004,Rabi,Wheat,1500,1526,1.017333333
Assam,GOLAGHAT,2004,Summer,Rice,3680,7498,2.0375
Assam,GOLAGHAT,2004,Whole Year,Coconut,658,16062000,24410.33435
Assam,GOLAGHAT,2004,Whole Year,Dry chillies,206,134,0.650485437
Assam,GOLAGHAT,2004,Whole Year,Onion,163,526,3.226993865
Assam,GOLAGHAT,2004,Whole Year,Potato,1591,12234,7.689503457
Assam,GOLAGHAT,2004,Whole Year,Sugarcane,3248,130577,40.20227833
Assam,GOLAGHAT,2004,Whole Year,Sweet potato,113,283,2.504424779
Assam,GOLAGHAT,2004,Whole Year,Tobacco,17,11,0.647058824
Assam,GOLAGHAT,2004,Whole Year,Turmeric,312,94,0.301282051
Assam,GOLAGHAT,2004,Winter,Rice,74870,154482,2.06333645
Assam,GOLAGHAT,2005,Autumn,Rice,2433,4349,1.787505138
Assam,GOLAGHAT,2005,Kharif,Arhar/Tur,272,185,0.680147059
Assam,GOLAGHAT,2005,Kharif,Castor seed,10,6,0.6
Assam,GOLAGHAT,2005,Kharif,Cotton(lint),15,7,0.466666667
Assam,GOLAGHAT,2005,Kharif,Jute,700,7712,11.01714286
Assam,GOLAGHAT,2005,Kharif,Maize,110,58,0.527272727
Assam,GOLAGHAT,2005,Kharif,Mesta,6,24,4
Assam,GOLAGHAT,2005,Kharif,Niger seed,11,5,0.454545455
Assam,GOLAGHAT,2005,Kharif,Sesamum,148,59,0.398648649
Assam,GOLAGHAT,2005,Kharif,Small millets,43,20,0.465116279
Assam,GOLAGHAT,2005,Rabi,Gram,25,11,0.44
Assam,GOLAGHAT,2005,Rabi,Linseed,8,4,0.5
Assam,GOLAGHAT,2005,Rabi,Masoor,856,531,0.620327103
Assam,GOLAGHAT,2005,Rabi,Moong(Green Gram),183,67,0.366120219
Assam,GOLAGHAT,2005,Rabi,Other  Rabi pulses,3643,1869,0.513038704
Assam,GOLAGHAT,2005,Rabi,Peas & beans (Pulses),1059,920,0.868744098
Assam,GOLAGHAT,2005,Rabi,Rapeseed &Mustard,3195,1985,0.621283255
Assam,GOLAGHAT,2005,Rabi,Urad,1348,714,0.529673591
Assam,GOLAGHAT,2005,Rabi,Wheat,1320,1249,0.946212121
Assam,GOLAGHAT,2005,Summer,Rice,3645,7814,2.143758573
Assam,GOLAGHAT,2005,Whole Year,Arecanut,5080,4060,0.799212598
Assam,GOLAGHAT,2005,Whole Year,Banana,2695,37324,13.84935065
Assam,GOLAGHAT,2005,Whole Year,Dry chillies,171,111,0.649122807
Assam,GOLAGHAT,2005,Whole Year,Onion,159,513,3.226415094
Assam,GOLAGHAT,2005,Whole Year,Potato,1648,13702,8.314320388
Assam,GOLAGHAT,2005,Whole Year,Sugarcane,2962,115863,39.11647535
Assam,GOLAGHAT,2005,Whole Year,Sweet potato,110,276,2.509090909
Assam,GOLAGHAT,2005,Whole Year,Tapioca,10,40,4
Assam,GOLAGHAT,2005,Whole Year,Tobacco,16,11,0.6875
Assam,GOLAGHAT,2005,Whole Year,Turmeric,370,112,0.302702703
Assam,GOLAGHAT,2005,Winter,Rice,74250,143902,1.938074074
Assam,GOLAGHAT,2006,Autumn,Rice,3947,6207,1.572586775
Assam,GOLAGHAT,2006,Kharif,Arhar/Tur,160,109,0.68125
Assam,GOLAGHAT,2006,Kharif,Castor seed,10,6,0.6
Assam,GOLAGHAT,2006,Kharif,Cotton(lint),14,6,0.428571429
Assam,GOLAGHAT,2006,Kharif,Jute,551,3608,6.548094374
Assam,GOLAGHAT,2006,Kharif,Maize,215,117,0.544186047
Assam,GOLAGHAT,2006,Kharif,Mesta,5,18,3.6
Assam,GOLAGHAT,2006,Kharif,Niger seed,9,4,0.444444444
Assam,GOLAGHAT,2006,Kharif,Sesamum,151,61,0.40397351
Assam,GOLAGHAT,2006,Kharif,Small millets,42,19,0.452380952
Assam,GOLAGHAT,2006,Rabi,Gram,23,11,0.47826087
Assam,GOLAGHAT,2006,Rabi,Linseed,7,4,0.571428571
Assam,GOLAGHAT,2006,Rabi,Masoor,948,588,0.620253165
Assam,GOLAGHAT,2006,Rabi,Moong(Green Gram),142,60,0.422535211
Assam,GOLAGHAT,2006,Rabi,Other  Rabi pulses,215,92,0.427906977
Assam,GOLAGHAT,2006,Rabi,Peas & beans (Pulses),945,821,0.868783069
Assam,GOLAGHAT,2006,Rabi,Rapeseed &Mustard,5161,3244,0.628560357
Assam,GOLAGHAT,2006,Rabi,Urad,1310,849,0.648091603
Assam,GOLAGHAT,2006,Rabi,Wheat,1550,1989,1.283225806
Assam,GOLAGHAT,2006,Summer,Rice,3802,7678,2.01946344
Assam,GOLAGHAT,2006,Whole Year,Arecanut,4398,3346,0.760800364
Assam,GOLAGHAT,2006,Whole Year,Banana,2762,38254,13.85010862
Assam,GOLAGHAT,2006,Whole Year,Coconut,612,13555000,22148.69281
Assam,GOLAGHAT,2006,Whole Year,Dry chillies,265,173,0.652830189
Assam,GOLAGHAT,2006,Whole Year,Onion,153,494,3.22875817
Assam,GOLAGHAT,2006,Whole Year,Potato,1710,15299,8.946783626
Assam,GOLAGHAT,2006,Whole Year,Sugarcane,3225,138071,42.81271318
Assam,GOLAGHAT,2006,Whole Year,Sweet potato,105,263,2.504761905
Assam,GOLAGHAT,2006,Whole Year,Tapioca,9,36,4
Assam,GOLAGHAT,2006,Whole Year,Tobacco,17,12,0.705882353
Assam,GOLAGHAT,2006,Whole Year,Turmeric,375,114,0.304
Assam,GOLAGHAT,2006,Winter,Rice,55037,86986,1.580500391
Assam,GOLAGHAT,2007,Autumn,Rice,2295,4131,1.8
Assam,GOLAGHAT,2007,Kharif,Arhar/Tur,175,119,0.68
Assam,GOLAGHAT,2007,Kharif,Castor seed,10,5,0.5
Assam,GOLAGHAT,2007,Kharif,Cotton(lint),11,5,0.454545455
Assam,GOLAGHAT,2007,Kharif,Jute,418,3741,8.949760766
Assam,GOLAGHAT,2007,Kharif,Maize,196,106,0.540816327
Assam,GOLAGHAT,2007,Kharif,Mesta,5,18,3.6
Assam,GOLAGHAT,2007,Kharif,Niger seed,7,4,0.571428571
Assam,GOLAGHAT,2007,Kharif,Sesamum,129,82,0.635658915
Assam,GOLAGHAT,2007,Kharif,Small millets,31,14,0.451612903
Assam,GOLAGHAT,2007,Rabi,Gram,21,9,0.428571429
Assam,GOLAGHAT,2007,Rabi,Linseed,7,4,0.571428571
Assam,GOLAGHAT,2007,Rabi,Masoor,805,500,0.621118012
Assam,GOLAGHAT,2007,Rabi,Moong(Green Gram),148,63,0.425675676
Assam,GOLAGHAT,2007,Rabi,Other  Rabi pulses,215,91,0.423255814
Assam,GOLAGHAT,2007,Rabi,Peas & beans (Pulses),997,866,0.868605817
Assam,GOLAGHAT,2007,Rabi,Rapeseed &Mustard,4570,2260,0.49452954
Assam,GOLAGHAT,2007,Rabi,Urad,1072,502,0.468283582
Assam,GOLAGHAT,2007,Rabi,Wheat,1596,1389,0.870300752
Assam,GOLAGHAT,2007,Summer,Rice,3510,6848,1.950997151
Assam,GOLAGHAT,2007,Whole Year,Arecanut,4565,4070,0.891566265
Assam,GOLAGHAT,2007,Whole Year,Banana,2625,36393,13.864
Assam,GOLAGHAT,2007,Whole Year,Black pepper,200,227,1.135
Assam,GOLAGHAT,2007,Whole Year,Coconut,639,14029000,21954.61659
Assam,GOLAGHAT,2007,Whole Year,Dry chillies,255,166,0.650980392
Assam,GOLAGHAT,2007,Whole Year,Dry ginger,623,4065,6.524879615
Assam,GOLAGHAT,2007,Whole Year,Onion,147,474,3.224489796
Assam,GOLAGHAT,2007,Whole Year,Potato,1664,13308,7.997596154
Assam,GOLAGHAT,2007,Whole Year,Sugarcane,1865,68555,36.75871314
Assam,GOLAGHAT,2007,Whole Year,Sweet potato,93,233,2.505376344
Assam,GOLAGHAT,2007,Whole Year,Tapioca,9,36,4
Assam,GOLAGHAT,2007,Whole Year,Tobacco,16,11,0.6875
Assam,GOLAGHAT,2007,Whole Year,Turmeric,388,116,0.298969072
Assam,GOLAGHAT,2007,Winter,Rice,73464,140343,1.91036426
Assam,GOLAGHAT,2008,Autumn,Rice,1480,2620,1.77027027
Assam,GOLAGHAT,2008,Kharif,Arhar/Tur,158,107,0.67721519
Assam,GOLAGHAT,2008,Kharif,Castor seed,12,5,0.416666667
Assam,GOLAGHAT,2008,Kharif,Cotton(lint),6,3,0.5
Assam,GOLAGHAT,2008,Kharif,Jute,303,2777,9.165016502
Assam,GOLAGHAT,2008,Kharif,Maize,151,82,0.543046358
Assam,GOLAGHAT,2008,Kharif,Mesta,5,18,3.6
Assam,GOLAGHAT,2008,Kharif,Niger seed,4,3,0.75
Assam,GOLAGHAT,2008,Kharif,Sesamum,135,64,0.474074074
Assam,GOLAGHAT,2008,Kharif,Small millets,94,42,0.446808511
Assam,GOLAGHAT,2008,Rabi,Blackgram,702,391,0.556980057
Assam,GOLAGHAT,2008,Rabi,Gram,13,6,0.461538462
Assam,GOLAGHAT,2008,Rabi,Linseed,10,5,0.5
Assam,GOLAGHAT,2008,Rabi,Masoor,633,392,0.619273302
Assam,GOLAGHAT,2008,Rabi,Moong(Green Gram),141,57,0.404255319
Assam,GOLAGHAT,2008,Rabi,Peas & beans (Pulses),888,789,0.888513514
Assam,GOLAGHAT,2008,Rabi,Rapeseed &Mustard,5390,2253,0.417996289
Assam,GOLAGHAT,2008,Rabi,Urad,702,391,0.556980057
Assam,GOLAGHAT,2008,Rabi,Wheat,975,464,0.475897436
Assam,GOLAGHAT,2008,Summer,Rice,3560,5973,1.677808989
Assam,GOLAGHAT,2008,Whole Year,Arecanut,6038,4733,0.783868831
Assam,GOLAGHAT,2008,Whole Year,Banana,2812,38957,13.85384068
Assam,GOLAGHAT,2008,Whole Year,Black pepper,218,248,1.137614679
Assam,GOLAGHAT,2008,Whole Year,Coconut,1057,22284000,21082.30842
Assam,GOLAGHAT,2008,Whole Year,Dry chillies,463,300,0.647948164
Assam,GOLAGHAT,2008,Whole Year,Dry ginger,1099,7172,6.525932666
Assam,GOLAGHAT,2008,Whole Year,Onion,174,561,3.224137931
Assam,GOLAGHAT,2008,Whole Year,Potato,1700,14879,8.752352941
Assam,GOLAGHAT,2008,Whole Year,Sugarcane,3014,100381,33.30491042
Assam,GOLAGHAT,2008,Whole Year,Sweet potato,135,337,2.496296296
Assam,GOLAGHAT,2008,Whole Year,Tapioca,10,40,4
Assam,GOLAGHAT,2008,Whole Year,Tobacco,14,9,0.642857143
Assam,GOLAGHAT,2008,Whole Year,Turmeric,1227,368,0.2999185
Assam,GOLAGHAT,2008,Winter,Rice,75000,147716,1.969546667
Assam,GOLAGHAT,2009,Autumn,Rice,2015,2651,1.315632754
Assam,GOLAGHAT,2009,Kharif,Arhar/Tur,132,90,0.681818182
Assam,GOLAGHAT,2009,Kharif,Castor seed,26,14,0.538461538
Assam,GOLAGHAT,2009,Kharif,Cotton(lint),15,6,0.4
Assam,GOLAGHAT,2009,Kharif,Jute,362,3956,10.9281768
Assam,GOLAGHAT,2009,Kharif,Maize,199,107,0.537688442
Assam,GOLAGHAT,2009,Kharif,Mesta,1,4,4
Assam,GOLAGHAT,2009,Kharif,Niger seed,17,8,0.470588235
Assam,GOLAGHAT,2009,Kharif,Sesamum,171,84,0.49122807
Assam,GOLAGHAT,2009,Kharif,Small millets,103,46,0.446601942
Assam,GOLAGHAT,2009,Rabi,Banana,2955,40945,13.85617597
Assam,GOLAGHAT,2009,Rabi,Gram,7,3,0.428571429
Assam,GOLAGHAT,2009,Rabi,Masoor,633,393,0.620853081
Assam,GOLAGHAT,2009,Rabi,Moong(Green Gram),237,101,0.426160338
Assam,GOLAGHAT,2009,Rabi,Peas & beans (Pulses),1195,1046,0.875313808
Assam,GOLAGHAT,2009,Rabi,Rapeseed &Mustard,7100,2879,0.405492958
Assam,GOLAGHAT,2009,Rabi,Urad,1074,401,0.373370577
Assam,GOLAGHAT,2009,Rabi,Wheat,1074,754,0.702048417
Assam,GOLAGHAT,2009,Summer,Rice,4832,10165,2.103683775
Assam,GOLAGHAT,2009,Whole Year,Arecanut,6061,5076,0.837485563
Assam,GOLAGHAT,2009,Whole Year,Banana,2955,40945,13.85617597
Assam,GOLAGHAT,2009,Whole Year,Black pepper,330,363,1.1
Assam,GOLAGHAT,2009,Whole Year,Coconut,1065,16598000,15584.97653
Assam,GOLAGHAT,2009,Whole Year,Dry chillies,733,477,0.650750341
Assam,GOLAGHAT,2009,Whole Year,Dry ginger,1206,7869,6.524875622
Assam,GOLAGHAT,2009,Whole Year,Onion,62,201,3.241935484
Assam,GOLAGHAT,2009,Whole Year,Potato,2391,21465,8.977415307
Assam,GOLAGHAT,2009,Whole Year,Sugarcane,1648,60846,36.9211165
Assam,GOLAGHAT,2009,Whole Year,Sweet potato,89,224,2.516853933
Assam,GOLAGHAT,2009,Whole Year,Tapioca,11,43,3.909090909
Assam,GOLAGHAT,2009,Whole Year,Tobacco,16,11,0.6875
Assam,GOLAGHAT,2009,Whole Year,Turmeric,1304,392,0.300613497
Assam,GOLAGHAT,2009,Winter,Rice,99859,209105,2.094002544
Assam,GOLAGHAT,2010,Autumn,Rice,2430,4750,1.95473251
Assam,GOLAGHAT,2010,Kharif,Arhar/Tur,155,106,0.683870968
Assam,GOLAGHAT,2010,Kharif,Castor seed,28,15,0.535714286
Assam,GOLAGHAT,2010,Kharif,Cotton(lint),15,6,0.4
Assam,GOLAGHAT,2010,Kharif,Jute,316,3175,10.04746835
Assam,GOLAGHAT,2010,Kharif,Maize,174,94,0.540229885
Assam,GOLAGHAT,2010,Kharif,Niger seed,6,3,0.5
Assam,GOLAGHAT,2010,Kharif,Sesamum,176,94,0.534090909
Assam,GOLAGHAT,2010,Kharif,Small millets,73,33,0.452054795
Assam,GOLAGHAT,2010,Rabi,Arecanut,6061,5076,0.837485563
Assam,GOLAGHAT,2010,Rabi,Banana,3135,43443,13.85741627
Assam,GOLAGHAT,2010,Rabi,Gram,2,1,0.5
Assam,GOLAGHAT,2010,Rabi,Masoor,558,346,0.620071685
Assam,GOLAGHAT,2010,Rabi,Moong(Green Gram),195,83,0.425641026
Assam,GOLAGHAT,2010,Rabi,Peas & beans (Pulses),1038,910,0.876685934
Assam,GOLAGHAT,2010,Rabi,Rapeseed &Mustard,7337,2815,0.3836718
Assam,GOLAGHAT,2010,Rabi,Urad,833,484,0.581032413
Assam,GOLAGHAT,2010,Rabi,Wheat,1051,725,0.68981922
Assam,GOLAGHAT,2010,Summer,Rice,3625,7156,1.974068966
Assam,GOLAGHAT,2010,Whole Year,Banana,3135,43443,13.85741627
Assam,GOLAGHAT,2010,Whole Year,Black pepper,359,414,1.153203343
Assam,GOLAGHAT,2010,Whole Year,Coconut,1065,16598000,15584.97653
Assam,GOLAGHAT,2010,Whole Year,Dry chillies,796,517,0.649497487
Assam,GOLAGHAT,2010,Whole Year,Dry ginger,1222,7974,6.525368249
Assam,GOLAGHAT,2010,Whole Year,Onion,61,197,3.229508197
Assam,GOLAGHAT,2010,Whole Year,Potato,2441,17433,7.141745186
Assam,GOLAGHAT,2010,Whole Year,Sugarcane,2491,83593,33.55800883
Assam,GOLAGHAT,2010,Whole Year,Sweet potato,76,190,2.5
Assam,GOLAGHAT,2010,Whole Year,Tapioca,41,161,3.926829268
Assam,GOLAGHAT,2010,Whole Year,Tobacco,10,7,0.7
Assam,GOLAGHAT,2010,Whole Year,Turmeric,1299,390,0.300230947
Assam,GOLAGHAT,2010,Winter,Rice,103460,234365,2.265271603
Assam,GOLAGHAT,2011,Autumn,Paddy,2489,4779,1.920048212
Assam,GOLAGHAT,2011,Autumn,Rice,2489,4779,1.920048212
Assam,GOLAGHAT,2011,Kharif,Arhar/Tur,138,101,0.731884058
Assam,GOLAGHAT,2011,Kharif,Castor seed,43,26,0.604651163
Assam,GOLAGHAT,2011,Kharif,Cotton(lint),26,11,0.423076923
Assam,GOLAGHAT,2011,Kharif,Jute,310,2875,9.274193548
Assam,GOLAGHAT,2011,Kharif,Maize,96,61,0.635416667
Assam,GOLAGHAT,2011,Kharif,Niger seed,1,1,1
Assam,GOLAGHAT,2011,Kharif,Orange,97,1004,10.35051546
Assam,GOLAGHAT,2011,Kharif,Papaya,201,5216,25.95024876
Assam,GOLAGHAT,2011,Kharif,Sesamum,285,149,0.522807018
Assam,GOLAGHAT,2011,Kharif,Small millets,105,49,0.466666667
Assam,GOLAGHAT,2011,Kharif,Tapioca,30,238,7.933333333
Assam,GOLAGHAT,2011,Kharif,Tobacco,10,6,0.6
Assam,GOLAGHAT,2011,Rabi,Arecanut,6306,5619,0.891056137
Assam,GOLAGHAT,2011,Rabi,Black pepper,370,495,1.337837838
Assam,GOLAGHAT,2011,Rabi,Dry chillies,844,706,0.836492891
Assam,GOLAGHAT,2011,Rabi,Ginger,1190,10637,8.938655462
Assam,GOLAGHAT,2011,Rabi,Gram,137,67,0.489051095
Assam,GOLAGHAT,2011,Rabi,Masoor,388,236,0.608247423
Assam,GOLAGHAT,2011,Rabi,Moong(Green Gram),236,111,0.470338983
Assam,GOLAGHAT,2011,Rabi,Peas & beans (Pulses),1024,928,0.90625
Assam,GOLAGHAT,2011,Rabi,Pineapple,296,3960,13.37837838
Assam,GOLAGHAT,2011,Rabi,Rapeseed &Mustard,7671,3200,0.417155521
Assam,GOLAGHAT,2011,Rabi,Sweet potato,92,308,3.347826087
Assam,GOLAGHAT,2011,Rabi,Urad,1289,718,0.557020946
Assam,GOLAGHAT,2011,Rabi,Wheat,422,511,1.210900474
Assam,GOLAGHAT,2011,Summer,Paddy,4555,11564,2.538748628
Assam,GOLAGHAT,2011,Summer,Rice,4555,11564,2.538748628
Assam,GOLAGHAT,2011,Whole Year,Banana,3126,41340,13.22456814
Assam,GOLAGHAT,2011,Whole Year,Coconut,1030,17737,17.22038835
Assam,GOLAGHAT,2011,Whole Year,Onion,87,291,3.344827586
Assam,GOLAGHAT,2011,Whole Year,Potato,2076,18020,8.680154143
Assam,GOLAGHAT,2011,Whole Year,Sugarcane,2276,81538,35.82513181
Assam,GOLAGHAT,2011,Whole Year,Turmeric,1286,1281,0.996111975
Assam,GOLAGHAT,2011,Winter,Paddy,100991,214747,2.126397402
Assam,GOLAGHAT,2011,Winter,Rice,100991,214747,2.126397402
Assam,GOLAGHAT,2012,Autumn,Paddy,1971,2460,1.248097412
Assam,GOLAGHAT,2012,Autumn,Rice,1971,2460,1.248097412
Assam,GOLAGHAT,2012,Kharif,Arhar/Tur,141,118,0.836879433
Assam,GOLAGHAT,2012,Kharif,Castor seed,36,23,0.638888889
Assam,GOLAGHAT,2012,Kharif,Cotton(lint),14,6,0.428571429
Assam,GOLAGHAT,2012,Kharif,Jute,350,3000,8.571428571
Assam,GOLAGHAT,2012,Kharif,Maize,7,5,0.714285714
Assam,GOLAGHAT,2012,Kharif,Mesta,1,5,5
Assam,GOLAGHAT,2012,Kharif,Niger seed,1,1,1
Assam,GOLAGHAT,2012,Kharif,Orange,88,1010,11.47727273
Assam,GOLAGHAT,2012,Kharif,Papaya,136,3534,25.98529412
Assam,GOLAGHAT,2012,Kharif,Sesamum,240,144,0.6
Assam,GOLAGHAT,2012,Kharif,Small millets,113,52,0.460176991
Assam,GOLAGHAT,2012,Kharif,Tapioca,25,218,8.72
Assam,GOLAGHAT,2012,Kharif,Tobacco,10,8,0.8
Assam,GOLAGHAT,2012,Rabi,Arecanut,6369,5061,0.79463024
Assam,GOLAGHAT,2012,Rabi,Black pepper,366,528,1.442622951
Assam,GOLAGHAT,2012,Rabi,Dry chillies,876,753,0.859589041
Assam,GOLAGHAT,2012,Rabi,Ginger,1171,10502,8.968403074
Assam,GOLAGHAT,2012,Rabi,Gram,4,2,0.5
Assam,GOLAGHAT,2012,Rabi,Masoor,381,260,0.682414698
Assam,GOLAGHAT,2012,Rabi,Moong(Green Gram),276,128,0.463768116
Assam,GOLAGHAT,2012,Rabi,Peas & beans (Pulses),1075,1013,0.942325581
Assam,GOLAGHAT,2012,Rabi,Pineapple,169,2505,14.82248521
Assam,GOLAGHAT,2012,Rabi,Rapeseed &Mustard,9511,3222,0.33876564
Assam,GOLAGHAT,2012,Rabi,Sweet potato,100,346,3.46
Assam,GOLAGHAT,2012,Rabi,Urad,1282,684,0.533541342
Assam,GOLAGHAT,2012,Rabi,Wheat,416,257,0.617788462
Assam,GOLAGHAT,2012,Summer,Rice,4435,11552,2.604735062
Assam,GOLAGHAT,2012,Whole Year,Banana,3230,60908,18.85696594
Assam,GOLAGHAT,2012,Whole Year,Coconut,1040,19075,18.34134615
Assam,GOLAGHAT,2012,Whole Year,Onion,96,332,3.458333333
Assam,GOLAGHAT,2012,Whole Year,Potato,2091,17573,8.404112865
Assam,GOLAGHAT,2012,Whole Year,Sugarcane,2244,76749,34.20187166
Assam,GOLAGHAT,2012,Whole Year,Turmeric,1403,2150,1.532430506
Assam,GOLAGHAT,2012,Winter,Paddy,117523,276307,2.351088723
Assam,GOLAGHAT,2012,Winter,Rice,117523,276307,2.351088723
Assam,GOLAGHAT,2013,Autumn,Paddy,1915,4432,2.314360313
Assam,GOLAGHAT,2013,Autumn,Rice,1915,4432,2.314360313
Assam,GOLAGHAT,2013,Kharif,Arhar/Tur,155,132,0.851612903
Assam,GOLAGHAT,2013,Kharif,Castor seed,34,23,0.676470588
Assam,GOLAGHAT,2013,Kharif,Cotton(lint),13,5,0.384615385
Assam,GOLAGHAT,2013,Kharif,Jute,332,3410,10.27108434
Assam,GOLAGHAT,2013,Kharif,Maize,328,1315,4.009146341
Assam,GOLAGHAT,2013,Kharif,Mesta,1,6,6
Assam,GOLAGHAT,2013,Kharif,Orange,93,1067,11.47311828
Assam,GOLAGHAT,2013,Kharif,Papaya,136,2174,15.98529412
Assam,GOLAGHAT,2013,Kharif,Sesamum,254,160,0.62992126
Assam,GOLAGHAT,2013,Kharif,Small millets,112,52,0.464285714
Assam,GOLAGHAT,2013,Kharif,Tapioca,25,218,8.72
Assam,GOLAGHAT,2013,Kharif,Tobacco,6,5,0.833333333
Assam,GOLAGHAT,2013,Rabi,Arecanut,6221,4344,0.698280019
Assam,GOLAGHAT,2013,Rabi,Black pepper,295,426,1.444067797
Assam,GOLAGHAT,2013,Rabi,Dry chillies,880,757,0.860227273
Assam,GOLAGHAT,2013,Rabi,Ginger,1151,10322,8.96785404
Assam,GOLAGHAT,2013,Rabi,Gram,4,2,0.5
Assam,GOLAGHAT,2013,Rabi,Masoor,280,201,0.717857143
Assam,GOLAGHAT,2013,Rabi,Moong(Green Gram),226,121,0.53539823
Assam,GOLAGHAT,2013,Rabi,Peas & beans (Pulses),1101,1044,0.948228883
Assam,GOLAGHAT,2013,Rabi,Pineapple,299,4434,14.82943144
Assam,GOLAGHAT,2013,Rabi,Rapeseed &Mustard,9634,4772,0.495329043
Assam,GOLAGHAT,2013,Rabi,Sweet potato,98,339,3.459183673
Assam,GOLAGHAT,2013,Rabi,Urad,1235,715,0.578947368
Assam,GOLAGHAT,2013,Rabi,Wheat,161,144,0.894409938
Assam,GOLAGHAT,2013,Summer,Paddy,4838,11716,2.421661844
Assam,GOLAGHAT,2013,Summer,Rice,4838,11716,2.421661844
Assam,GOLAGHAT,2013,Whole Year,Banana,3241,74679,23.04196236
Assam,GOLAGHAT,2013,Whole Year,Coconut,1053,11878,11.28015195
Assam,GOLAGHAT,2013,Whole Year,Onion,142,491,3.457746479
Assam,GOLAGHAT,2013,Whole Year,Potato,2263,15886,7.019885108
Assam,GOLAGHAT,2013,Whole Year,Sugarcane,2040,71526,35.06176471
Assam,GOLAGHAT,2013,Whole Year,Turmeric,1313,2012,1.532368621
Assam,GOLAGHAT,2013,Winter,Paddy,117398,278929,2.375926336
Assam,GOLAGHAT,2013,Winter,Rice,117398,278929,2.375926336
Assam,GOLAGHAT,2014,Autumn,Paddy,1798,3411,1.897107898
Assam,GOLAGHAT,2014,Autumn,Rice,1798,3411,1.897107898
Assam,GOLAGHAT,2014,Kharif,Arhar/Tur,142,133,0.936619718
Assam,GOLAGHAT,2014,Kharif,Castor seed,40,28,0.7
Assam,GOLAGHAT,2014,Kharif,Cotton(lint),11,5,0.454545455
Assam,GOLAGHAT,2014,Kharif,Jute,279,3039,10.89247312
Assam,GOLAGHAT,2014,Kharif,Maize,237,654,2.759493671
Assam,GOLAGHAT,2014,Kharif,Mesta,1,6,6
Assam,GOLAGHAT,2014,Kharif,Orange,93,1068,11.48387097
Assam,GOLAGHAT,2014,Kharif,Papaya,204,5301,25.98529412
Assam,GOLAGHAT,2014,Kharif,Sesamum,268,148,0.552238806
Assam,GOLAGHAT,2014,Kharif,Small millets,57,34,0.596491228
Assam,GOLAGHAT,2014,Kharif,Tapioca,17,148,8.705882353
Assam,GOLAGHAT,2014,Kharif,Tobacco,2,2,1
Assam,GOLAGHAT,2014,Rabi,Black pepper,335,806,2.405970149
Assam,GOLAGHAT,2014,Rabi,Dry chillies,838,725,0.865155131
Assam,GOLAGHAT,2014,Rabi,Ginger,1078,9669,8.969387755
Assam,GOLAGHAT,2014,Rabi,Gram,9,5,0.555555556
Assam,GOLAGHAT,2014,Rabi,Masoor,340,306,0.9
Assam,GOLAGHAT,2014,Rabi,Moong(Green Gram),209,109,0.5215311
Assam,GOLAGHAT,2014,Rabi,Peas & beans (Pulses),983,1259,1.280773143
Assam,GOLAGHAT,2014,Rabi,Pineapple,243,3604,14.83127572
Assam,GOLAGHAT,2014,Rabi,Rapeseed &Mustard,8729,4503,0.515866651
Assam,GOLAGHAT,2014,Rabi,Sweet potato,99,343,3.464646465
Assam,GOLAGHAT,2014,Rabi,Urad,1159,695,0.599654875
Assam,GOLAGHAT,2014,Rabi,Wheat,130,63,0.484615385
Assam,GOLAGHAT,2014,Summer,Paddy,7663,16840,2.197572752
Assam,GOLAGHAT,2014,Summer,Rice,7663,16840,2.197572752
Assam,GOLAGHAT,2014,Whole Year,Banana,3109,71637,23.04181409
Assam,GOLAGHAT,2014,Whole Year,Onion,187,648,3.465240642
Assam,GOLAGHAT,2014,Whole Year,Potato,2134,16343,7.658388004
Assam,GOLAGHAT,2014,Whole Year,Sugarcane,2236,76227,34.09078712
Assam,GOLAGHAT,2014,Whole Year,Turmeric,1355,2093,1.544649446
Assam,GOLAGHAT,2014,Winter,Paddy,114163,256004,2.242442823
Assam,GOLAGHAT,2014,Winter,Rice,114163,256004,2.242442823
Assam,HAILAKANDI,1997,Autumn,Rice,6500,8907,1.370307692
Assam,HAILAKANDI,1997,Kharif,Arhar/Tur,45,32,0.711111111
Assam,HAILAKANDI,1997,Kharif,Cotton(lint),60,23,0.383333333
Assam,HAILAKANDI,1997,Kharif,Jute,35,334,9.542857143
Assam,HAILAKANDI,1997,Kharif,Maize,12,5,0.416666667
Assam,HAILAKANDI,1997,Kharif,Small millets,5,3,0.6
Assam,HAILAKANDI,1997,Kharif,Sugarcane,300,10440,34.8
Assam,HAILAKANDI,1997,Rabi,Gram,5,2,0.4
Assam,HAILAKANDI,1997,Rabi,Linseed,20,7,0.35
Assam,HAILAKANDI,1997,Rabi,Other  Rabi pulses,1145,640,0.558951965
Assam,HAILAKANDI,1997,Rabi,Rapeseed &Mustard,1175,710,0.604255319
Assam,HAILAKANDI,1997,Summer,Rice,750,866,1.154666667
Assam,HAILAKANDI,1997,Whole Year,Arecanut,2400,2164,0.901666667
Assam,HAILAKANDI,1997,Whole Year,Coconut,115,89,0.773913043
Assam,HAILAKANDI,1997,Whole Year,Dry chillies,225,124,0.551111111
Assam,HAILAKANDI,1997,Whole Year,Onion,51,97,1.901960784
Assam,HAILAKANDI,1997,Whole Year,Potato,1250,3519,2.8152
Assam,HAILAKANDI,1997,Whole Year,Sesamum,50,20,0.4
Assam,HAILAKANDI,1997,Whole Year,Sweet potato,80,311,3.8875
Assam,HAILAKANDI,1997,Whole Year,Tapioca,5,22,4.4
Assam,HAILAKANDI,1997,Whole Year,Turmeric,115,58,0.504347826
Assam,HAILAKANDI,1997,Winter,Rice,35500,35504,1.000112676
Assam,HAILAKANDI,1998,Autumn,Rice,5000,9663,1.9326
Assam,HAILAKANDI,1998,Kharif,Arhar/Tur,45,31,0.688888889
Assam,HAILAKANDI,1998,Kharif,Castor seed,6,2,0.333333333
Assam,HAILAKANDI,1998,Kharif,Cotton(lint),90,34,0.377777778
Assam,HAILAKANDI,1998,Kharif,Jute,20,175,8.75
Assam,HAILAKANDI,1998,Kharif,Maize,5,2,0.4
Assam,HAILAKANDI,1998,Kharif,Sesamum,52,21,0.403846154
Assam,HAILAKANDI,1998,Kharif,Small millets,5,3,0.6
Assam,HAILAKANDI,1998,Rabi,Gram,5,2,0.4
Assam,HAILAKANDI,1998,Rabi,Linseed,20,10,0.5
Assam,HAILAKANDI,1998,Rabi,Other  Rabi pulses,1360,748,0.55
Assam,HAILAKANDI,1998,Rabi,Rapeseed &Mustard,830,503,0.606024096
Assam,HAILAKANDI,1998,Rabi,Wheat,15,15,1
Assam,HAILAKANDI,1998,Summer,Rice,900,1251,1.39
Assam,HAILAKANDI,1998,Whole Year,Arecanut,2400,4292,1.788333333
Assam,HAILAKANDI,1998,Whole Year,Banana,1080,13403,12.41018519
Assam,HAILAKANDI,1998,Whole Year,Coconut,105,614000,5847.619048
Assam,HAILAKANDI,1998,Whole Year,Dry chillies,230,127,0.552173913
Assam,HAILAKANDI,1998,Whole Year,Onion,50,95,1.9
Assam,HAILAKANDI,1998,Whole Year,Potato,1000,4143,4.143
Assam,HAILAKANDI,1998,Whole Year,Sugarcane,300,17400,58
Assam,HAILAKANDI,1998,Whole Year,Sweet potato,90,350,3.888888889
Assam,HAILAKANDI,1998,Whole Year,Tapioca,5,22,4.4
Assam,HAILAKANDI,1998,Whole Year,Turmeric,150,76,0.506666667
Assam,HAILAKANDI,1998,Winter,Rice,36500,54613,1.496246575
Assam,HAILAKANDI,1999,Autumn,Rice,6000,11105,1.850833333
Assam,HAILAKANDI,1999,Kharif,Arhar/Tur,60,41,0.683333333
Assam,HAILAKANDI,1999,Kharif,Castor seed,5,2,0.4
Assam,HAILAKANDI,1999,Kharif,Cotton(lint),90,34,0.377777778
Assam,HAILAKANDI,1999,Kharif,Jute,30,268,8.933333333
Assam,HAILAKANDI,1999,Kharif,Maize,20,10,0.5
Assam,HAILAKANDI,1999,Kharif,Sesamum,51,20,0.392156863
Assam,HAILAKANDI,1999,Kharif,Small millets,5,3,0.6
Assam,HAILAKANDI,1999,Rabi,Gram,5,2,0.4
Assam,HAILAKANDI,1999,Rabi,Linseed,20,10,0.5
Assam,HAILAKANDI,1999,Rabi,Other  Rabi pulses,1405,795,0.565836299
Assam,HAILAKANDI,1999,Rabi,Rapeseed &Mustard,830,520,0.626506024
Assam,HAILAKANDI,1999,Rabi,Wheat,10,13,1.3
Assam,HAILAKANDI,1999,Summer,Rice,1500,1952,1.301333333
Assam,HAILAKANDI,1999,Whole Year,Arecanut,2500,2689,1.0756
Assam,HAILAKANDI,1999,Whole Year,Banana,1060,13155,12.41037736
Assam,HAILAKANDI,1999,Whole Year,Coconut,150,290000,1933.333333
Assam,HAILAKANDI,1999,Whole Year,Dry chillies,245,135,0.551020408
Assam,HAILAKANDI,1999,Whole Year,Onion,50,75,1.5
Assam,HAILAKANDI,1999,Whole Year,Potato,1000,5178,5.178
Assam,HAILAKANDI,1999,Whole Year,Sugarcane,225,14940,66.4
Assam,HAILAKANDI,1999,Whole Year,Sweet potato,90,278,3.088888889
Assam,HAILAKANDI,1999,Whole Year,Tapioca,5,22,4.4
Assam,HAILAKANDI,1999,Whole Year,Tobacco,1,1,1
Assam,HAILAKANDI,1999,Whole Year,Turmeric,200,101,0.505
Assam,HAILAKANDI,1999,Winter,Rice,37500,54299,1.447973333
Assam,HAILAKANDI,2000,Autumn,Rice,6500,14212,2.186461538
Assam,HAILAKANDI,2000,Kharif,Arhar/Tur,70,48,0.685714286
Assam,HAILAKANDI,2000,Kharif,Castor seed,5,2,0.4
Assam,HAILAKANDI,2000,Kharif,Cotton(lint),90,34,0.377777778
Assam,HAILAKANDI,2000,Kharif,Jute,30,288,9.6
Assam,HAILAKANDI,2000,Kharif,Maize,20,8,0.4
Assam,HAILAKANDI,2000,Kharif,Sesamum,55,22,0.4
Assam,HAILAKANDI,2000,Kharif,Small millets,5,3,0.6
Assam,HAILAKANDI,2000,Rabi,Gram,5,2,0.4
Assam,HAILAKANDI,2000,Rabi,Linseed,10,5,0.5
Assam,HAILAKANDI,2000,Rabi,Other  Rabi pulses,1515,862,0.568976898
Assam,HAILAKANDI,2000,Rabi,Rapeseed &Mustard,800,420,0.525
Assam,HAILAKANDI,2000,Rabi,Wheat,5,6,1.2
Assam,HAILAKANDI,2000,Summer,Rice,3000,4866,1.622
Assam,HAILAKANDI,2000,Whole Year,Arecanut,2600,1601,0.615769231
Assam,HAILAKANDI,2000,Whole Year,Banana,1000,12410,12.41
Assam,HAILAKANDI,2000,Whole Year,Coconut,175,114000,651.4285714
Assam,HAILAKANDI,2000,Whole Year,Dry chillies,250,138,0.552
Assam,HAILAKANDI,2000,Whole Year,Onion,60,106,1.766666667
Assam,HAILAKANDI,2000,Whole Year,Potato,1050,3907,3.720952381
Assam,HAILAKANDI,2000,Whole Year,Sugarcane,228,10819,47.45175439
Assam,HAILAKANDI,2000,Whole Year,Sweet potato,5,19,3.8
Assam,HAILAKANDI,2000,Whole Year,Tapioca,5,22,4.4
Assam,HAILAKANDI,2000,Whole Year,Tobacco,1,1,1
Assam,HAILAKANDI,2000,Whole Year,Turmeric,180,91,0.505555556
Assam,HAILAKANDI,2000,Winter,Rice,35000,60607,1.731628571
Assam,HAILAKANDI,2001,Autumn,Rice,6500,13470,2.072307692
Assam,HAILAKANDI,2001,Kharif,Arhar/Tur,70,48,0.685714286
Assam,HAILAKANDI,2001,Kharif,Castor seed,5,2,0.4
Assam,HAILAKANDI,2001,Kharif,Cotton(lint),60,23,0.383333333
Assam,HAILAKANDI,2001,Kharif,Jute,30,297,9.9
Assam,HAILAKANDI,2001,Kharif,Maize,35,14,0.4
Assam,HAILAKANDI,2001,Kharif,Sesamum,55,22,0.4
Assam,HAILAKANDI,2001,Kharif,Small millets,5,3,0.6
Assam,HAILAKANDI,2001,Rabi,Gram,5,2,0.4
Assam,HAILAKANDI,2001,Rabi,Linseed,10,5,0.5
Assam,HAILAKANDI,2001,Rabi,Moong(Green Gram),10,5,0.5
Assam,HAILAKANDI,2001,Rabi,Other  Rabi pulses,1610,913,0.567080745
Assam,HAILAKANDI,2001,Rabi,Peas & beans (Pulses),350,200,0.571428571
Assam,HAILAKANDI,2001,Rabi,Rapeseed &Mustard,800,345,0.43125
Assam,HAILAKANDI,2001,Rabi,Urad,350,195,0.557142857
Assam,HAILAKANDI,2001,Rabi,Wheat,25,30,1.2
Assam,HAILAKANDI,2001,Summer,Rice,2000,2624,1.312
Assam,HAILAKANDI,2001,Whole Year,Arecanut,2650,4092,1.544150943
Assam,HAILAKANDI,2001,Whole Year,Banana,1030,12782,12.40970874
Assam,HAILAKANDI,2001,Whole Year,Coconut,178,740000,4157.303371
Assam,HAILAKANDI,2001,Whole Year,Dry chillies,250,135,0.54
Assam,HAILAKANDI,2001,Whole Year,Onion,50,85,1.7
Assam,HAILAKANDI,2001,Whole Year,Potato,1000,4569,4.569
Assam,HAILAKANDI,2001,Whole Year,Sugarcane,230,6624,28.8
Assam,HAILAKANDI,2001,Whole Year,Sweet potato,80,247,3.0875
Assam,HAILAKANDI,2001,Whole Year,Tapioca,5,22,4.4
Assam,HAILAKANDI,2001,Whole Year,Tobacco,1,1,1
Assam,HAILAKANDI,2001,Whole Year,Turmeric,170,86,0.505882353
Assam,HAILAKANDI,2001,Winter,Rice,39000,77291,1.981820513
Assam,HAILAKANDI,2002,Autumn,Rice,6500,12875,1.980769231
Assam,HAILAKANDI,2002,Kharif,Arhar/Tur,70,48,0.685714286
Assam,HAILAKANDI,2002,Kharif,Castor seed,5,2,0.4
Assam,HAILAKANDI,2002,Kharif,Cotton(lint),70,27,0.385714286
Assam,HAILAKANDI,2002,Kharif,Jute,30,305,10.16666667
Assam,HAILAKANDI,2002,Kharif,Maize,30,12,0.4
Assam,HAILAKANDI,2002,Kharif,Sesamum,60,24,0.4
Assam,HAILAKANDI,2002,Kharif,Small millets,5,3,0.6
Assam,HAILAKANDI,2002,Rabi,Gram,5,2,0.4
Assam,HAILAKANDI,2002,Rabi,Linseed,10,5,0.5
Assam,HAILAKANDI,2002,Rabi,Moong(Green Gram),10,5,0.5
Assam,HAILAKANDI,2002,Rabi,Other  Rabi pulses,1970,1096,0.556345178
Assam,HAILAKANDI,2002,Rabi,Peas & beans (Pulses),400,228,0.57
Assam,HAILAKANDI,2002,Rabi,Rapeseed &Mustard,900,417,0.463333333
Assam,HAILAKANDI,2002,Rabi,Urad,360,179,0.497222222
Assam,HAILAKANDI,2002,Rabi,Wheat,5,6,1.2
Assam,HAILAKANDI,2002,Summer,Rice,2000,3570,1.785
Assam,HAILAKANDI,2002,Whole Year,Arecanut,2700,916,0.339259259
Assam,HAILAKANDI,2002,Whole Year,Banana,1150,14272,12.41043478
Assam,HAILAKANDI,2002,Whole Year,Coconut,190,419000,2205.263158
Assam,HAILAKANDI,2002,Whole Year,Dry chillies,250,135,0.54
Assam,HAILAKANDI,2002,Whole Year,Onion,50,85,1.7
Assam,HAILAKANDI,2002,Whole Year,Orange,50,493,9.86
Assam,HAILAKANDI,2002,Whole Year,Papaya,70,1344,19.2
Assam,HAILAKANDI,2002,Whole Year,Pineapple,265,3845,14.50943396
Assam,HAILAKANDI,2002,Whole Year,Potato,1000,5620,5.62
Assam,HAILAKANDI,2002,Whole Year,Sugarcane,230,4922,21.4
Assam,HAILAKANDI,2002,Whole Year,Sweet potato,80,247,3.0875
Assam,HAILAKANDI,2002,Whole Year,Tapioca,7,31,4.428571429
Assam,HAILAKANDI,2002,Whole Year,Tobacco,1,1,1
Assam,HAILAKANDI,2002,Whole Year,Turmeric,200,101,0.505
Assam,HAILAKANDI,2002,Winter,Rice,38500,82103,2.132545455
Assam,HAILAKANDI,2003,Autumn,Rice,6000,10745,1.790833333
Assam,HAILAKANDI,2003,Kharif,Arhar/Tur,60,42,0.7
Assam,HAILAKANDI,2003,Kharif,Castor seed,6,2,0.333333333
Assam,HAILAKANDI,2003,Kharif,Cotton(lint),60,23,0.383333333
Assam,HAILAKANDI,2003,Kharif,Jute,30,512,17.06666667
Assam,HAILAKANDI,2003,Kharif,Maize,30,12,0.4
Assam,HAILAKANDI,2003,Kharif,Sesamum,60,24,0.4
Assam,HAILAKANDI,2003,Kharif,Small millets,5,3,0.6
Assam,HAILAKANDI,2003,Rabi,Gram,5,2,0.4
Assam,HAILAKANDI,2003,Rabi,Linseed,5,2,0.4
Assam,HAILAKANDI,2003,Rabi,Moong(Green Gram),5,2,0.4
Assam,HAILAKANDI,2003,Rabi,other misc. pulses,1205,687,0.570124481
Assam,HAILAKANDI,2003,Rabi,Peas & beans (Pulses),380,217,0.571052632
Assam,HAILAKANDI,2003,Rabi,Rapeseed &Mustard,1000,458,0.458
Assam,HAILAKANDI,2003,Rabi,Urad,355,186,0.523943662
Assam,HAILAKANDI,2003,Rabi,Wheat,4,4,1
Assam,HAILAKANDI,2003,Summer,Rice,2100,0,0
Assam,HAILAKANDI,2003,Whole Year,Arecanut,2690,548,0.203717472
Assam,HAILAKANDI,2003,Whole Year,Banana,1200,14899,12.41583333
Assam,HAILAKANDI,2003,Whole Year,Coconut,200,487000,2435
Assam,HAILAKANDI,2003,Whole Year,Dry chillies,255,138,0.541176471
Assam,HAILAKANDI,2003,Whole Year,Onion,50,86,1.72
Assam,HAILAKANDI,2003,Whole Year,Orange,50,493,9.86
Assam,HAILAKANDI,2003,Whole Year,Papaya,70,1344,19.2
Assam,HAILAKANDI,2003,Whole Year,Pineapple,265,3552,13.40377358
Assam,HAILAKANDI,2003,Whole Year,Potato,1050,4341,4.134285714
Assam,HAILAKANDI,2003,Whole Year,Sugarcane,220,4312,19.6
Assam,HAILAKANDI,2003,Whole Year,Sweet potato,70,235,3.357142857
Assam,HAILAKANDI,2003,Whole Year,Tapioca,7,31,4.428571429
Assam,HAILAKANDI,2003,Whole Year,Tobacco,1,1,1
Assam,HAILAKANDI,2003,Whole Year,Turmeric,210,106,0.504761905
Assam,HAILAKANDI,2003,Winter,Rice,39000,91082,2.335435897
Assam,HAILAKANDI,2004,Autumn,Rice,6000,9635,1.605833333
Assam,HAILAKANDI,2004,Kharif,Arhar/Tur,60,42,0.7
Assam,HAILAKANDI,2004,Kharif,Castor seed,5,2,0.4
Assam,HAILAKANDI,2004,Kharif,Cotton(lint),55,21,0.381818182
Assam,HAILAKANDI,2004,Kharif,Jute,25,177,7.08
Assam,HAILAKANDI,2004,Kharif,Sesamum,65,26,0.4
Assam,HAILAKANDI,2004,Kharif,Small millets,5,3,0.6
Assam,HAILAKANDI,2004,Rabi,Gram,5,2,0.4
Assam,HAILAKANDI,2004,Rabi,Linseed,5,2,0.4
Assam,HAILAKANDI,2004,Rabi,Moong(Green Gram),5,2,0.4
Assam,HAILAKANDI,2004,Rabi,Other  Rabi pulses,1975,1127,0.570632911
Assam,HAILAKANDI,2004,Rabi,Peas & beans (Pulses),370,211,0.57027027
Assam,HAILAKANDI,2004,Rabi,Rapeseed &Mustard,880,368,0.418181818
Assam,HAILAKANDI,2004,Rabi,Urad,350,201,0.574285714
Assam,HAILAKANDI,2004,Rabi,Wheat,7,7,1
Assam,HAILAKANDI,2004,Summer,Rice,2010,3938,1.95920398
Assam,HAILAKANDI,2004,Whole Year,Coconut,220,768000,3490.909091
Assam,HAILAKANDI,2004,Whole Year,Dry chillies,255,138,0.541176471
Assam,HAILAKANDI,2004,Whole Year,Onion,48,82,1.708333333
Assam,HAILAKANDI,2004,Whole Year,Potato,1070,4175,3.901869159
Assam,HAILAKANDI,2004,Whole Year,Sugarcane,230,9522,41.4
Assam,HAILAKANDI,2004,Whole Year,Sweet potato,80,254,3.175
Assam,HAILAKANDI,2004,Whole Year,Tobacco,1,1,1
Assam,HAILAKANDI,2004,Whole Year,Turmeric,200,101,0.505
Assam,HAILAKANDI,2004,Winter,Rice,38500,83658,2.172935065
Assam,HAILAKANDI,2005,Autumn,Rice,6000,12457,2.076166667
Assam,HAILAKANDI,2005,Kharif,Arhar/Tur,65,45,0.692307692
Assam,HAILAKANDI,2005,Kharif,Castor seed,5,2,0.4
Assam,HAILAKANDI,2005,Kharif,Cotton(lint),60,23,0.383333333
Assam,HAILAKANDI,2005,Kharif,Jute,25,255,10.2
Assam,HAILAKANDI,2005,Kharif,Maize,1,1,1
Assam,HAILAKANDI,2005,Kharif,Sesamum,60,24,0.4
Assam,HAILAKANDI,2005,Kharif,Small millets,5,3,0.6
Assam,HAILAKANDI,2005,Rabi,Gram,5,2,0.4
Assam,HAILAKANDI,2005,Rabi,Linseed,5,2,0.4
Assam,HAILAKANDI,2005,Rabi,Moong(Green Gram),3,1,0.333333333
Assam,HAILAKANDI,2005,Rabi,Other  Rabi pulses,2103,1182,0.562054208
Assam,HAILAKANDI,2005,Rabi,Peas & beans (Pulses),320,182,0.56875
Assam,HAILAKANDI,2005,Rabi,Rapeseed &Mustard,800,282,0.3525
Assam,HAILAKANDI,2005,Rabi,Urad,330,162,0.490909091
Assam,HAILAKANDI,2005,Rabi,Wheat,4,4,1
Assam,HAILAKANDI,2005,Summer,Rice,1800,3204,1.78
Assam,HAILAKANDI,2005,Whole Year,Arecanut,2695,1118,0.414842301
Assam,HAILAKANDI,2005,Whole Year,Banana,1250,15515,12.412
Assam,HAILAKANDI,2005,Whole Year,Dry chillies,255,138,0.541176471
Assam,HAILAKANDI,2005,Whole Year,Onion,50,86,1.72
Assam,HAILAKANDI,2005,Whole Year,Potato,950,3726,3.922105263
Assam,HAILAKANDI,2005,Whole Year,Sugarcane,225,8775,39
Assam,HAILAKANDI,2005,Whole Year,Sweet potato,60,192,3.2
Assam,HAILAKANDI,2005,Whole Year,Tapioca,3,13,4.333333333
Assam,HAILAKANDI,2005,Whole Year,Tobacco,1,,
Assam,HAILAKANDI,2005,Whole Year,Turmeric,200,101,0.505
Assam,HAILAKANDI,2005,Winter,Rice,39000,75562,1.937487179
Assam,HAILAKANDI,2006,Autumn,Rice,2200,4168,1.894545455
Assam,HAILAKANDI,2006,Kharif,Arhar/Tur,60,42,0.7
Assam,HAILAKANDI,2006,Kharif,Castor seed,5,2,0.4
Assam,HAILAKANDI,2006,Kharif,Cotton(lint),60,23,0.383333333
Assam,HAILAKANDI,2006,Kharif,Jute,35,339,9.685714286
Assam,HAILAKANDI,2006,Kharif,Niger seed,30,15,0.5
Assam,HAILAKANDI,2006,Kharif,Sesamum,65,20,0.307692308
Assam,HAILAKANDI,2006,Kharif,Small millets,7,4,0.571428571
Assam,HAILAKANDI,2006,Rabi,Gram,5,2,0.4
Assam,HAILAKANDI,2006,Rabi,Linseed,10,5,0.5
Assam,HAILAKANDI,2006,Rabi,Moong(Green Gram),3,1,0.333333333
Assam,HAILAKANDI,2006,Rabi,Other  Rabi pulses,2205,1257,0.570068027
Assam,HAILAKANDI,2006,Rabi,Peas & beans (Pulses),325,185,0.569230769
Assam,HAILAKANDI,2006,Rabi,Rapeseed &Mustard,815,337,0.413496933
Assam,HAILAKANDI,2006,Rabi,Urad,346,178,0.514450867
Assam,HAILAKANDI,2006,Rabi,Wheat,35,40,1.142857143
Assam,HAILAKANDI,2006,Summer,Rice,1350,2723,2.017037037
Assam,HAILAKANDI,2006,Whole Year,Arecanut,2900,1190,0.410344828
Assam,HAILAKANDI,2006,Whole Year,Banana,1350,16756,12.41185185
Assam,HAILAKANDI,2006,Whole Year,Coconut,265,641000,2418.867925
Assam,HAILAKANDI,2006,Whole Year,Dry chillies,265,144,0.543396226
Assam,HAILAKANDI,2006,Whole Year,Onion,65,112,1.723076923
Assam,HAILAKANDI,2006,Whole Year,Potato,1076,3799,3.530669145
Assam,HAILAKANDI,2006,Whole Year,Sugarcane,205,8125,39.63414634
Assam,HAILAKANDI,2006,Whole Year,Sweet potato,65,211,3.246153846
Assam,HAILAKANDI,2006,Whole Year,Tapioca,3,13,4.333333333
Assam,HAILAKANDI,2006,Whole Year,Tobacco,1,1,1
Assam,HAILAKANDI,2006,Whole Year,Turmeric,225,114,0.506666667
Assam,HAILAKANDI,2006,Winter,Rice,39000,76523,1.962128205
Assam,HAILAKANDI,2007,Autumn,Rice,6010,10823,1.800831947
Assam,HAILAKANDI,2007,Kharif,Arhar/Tur,55,38,0.690909091
Assam,HAILAKANDI,2007,Kharif,Castor seed,5,2,0.4
Assam,HAILAKANDI,2007,Kharif,Cotton(lint),55,21,0.381818182
Assam,HAILAKANDI,2007,Kharif,Jute,30,329,10.96666667
Assam,HAILAKANDI,2007,Kharif,Maize,25,10,0.4
Assam,HAILAKANDI,2007,Kharif,Niger seed,7,4,0.571428571
Assam,HAILAKANDI,2007,Kharif,Sesamum,65,24,0.369230769
Assam,HAILAKANDI,2007,Kharif,Small millets,7,4,0.571428571
Assam,HAILAKANDI,2007,Rabi,Gram,4,2,0.5
Assam,HAILAKANDI,2007,Rabi,Linseed,10,5,0.5
Assam,HAILAKANDI,2007,Rabi,Moong(Green Gram),3,1,0.333333333
Assam,HAILAKANDI,2007,Rabi,Other  Rabi pulses,2100,1197,0.57
Assam,HAILAKANDI,2007,Rabi,Peas & beans (Pulses),350,200,0.571428571
Assam,HAILAKANDI,2007,Rabi,Rapeseed &Mustard,855,317,0.370760234
Assam,HAILAKANDI,2007,Rabi,Urad,360,191,0.530555556
Assam,HAILAKANDI,2007,Rabi,Wheat,70,88,1.257142857
Assam,HAILAKANDI,2007,Summer,Rice,3500,6458,1.845142857
Assam,HAILAKANDI,2007,Whole Year,Arecanut,2850,783,0.274736842
Assam,HAILAKANDI,2007,Whole Year,Banana,1400,17375,12.41071429
Assam,HAILAKANDI,2007,Whole Year,Black pepper,58,112,1.931034483
Assam,HAILAKANDI,2007,Whole Year,Coconut,280,1288000,4600
Assam,HAILAKANDI,2007,Whole Year,Dry chillies,270,146,0.540740741
Assam,HAILAKANDI,2007,Whole Year,Dry ginger,299,1509,5.046822742
Assam,HAILAKANDI,2007,Whole Year,Onion,55,94,1.709090909
Assam,HAILAKANDI,2007,Whole Year,Potato,950,3256,3.427368421
Assam,HAILAKANDI,2007,Whole Year,Sugarcane,210,7996,38.07619048
Assam,HAILAKANDI,2007,Whole Year,Sweet potato,50,160,3.2
Assam,HAILAKANDI,2007,Whole Year,Tapioca,2,9,4.5
Assam,HAILAKANDI,2007,Whole Year,Turmeric,230,116,0.504347826
Assam,HAILAKANDI,2007,Winter,Rice,37650,75097,1.994608234
Assam,HAILAKANDI,2008,Autumn,Rice,5806,11100,1.911815363
Assam,HAILAKANDI,2008,Kharif,Arhar/Tur,60,42,0.7
Assam,HAILAKANDI,2008,Kharif,Castor seed,5,2,0.4
Assam,HAILAKANDI,2008,Kharif,Cotton(lint),55,21,0.381818182
Assam,HAILAKANDI,2008,Kharif,Jute,35,377,10.77142857
Assam,HAILAKANDI,2008,Kharif,Maize,21,8,0.380952381
Assam,HAILAKANDI,2008,Kharif,Niger seed,5,2,0.4
Assam,HAILAKANDI,2008,Kharif,Sesamum,70,25,0.357142857
Assam,HAILAKANDI,2008,Kharif,Small millets,5,3,0.6
Assam,HAILAKANDI,2008,Rabi,Blackgram,370,215,0.581081081
Assam,HAILAKANDI,2008,Rabi,Gram,6,3,0.5
Assam,HAILAKANDI,2008,Rabi,Linseed,15,8,0.533333333
Assam,HAILAKANDI,2008,Rabi,Moong(Green Gram),2,1,0.5
Assam,HAILAKANDI,2008,Rabi,Peas & beans (Pulses),350,199,0.568571429
Assam,HAILAKANDI,2008,Rabi,Rapeseed &Mustard,730,278,0.380821918
Assam,HAILAKANDI,2008,Rabi,Urad,370,215,0.581081081
Assam,HAILAKANDI,2008,Summer,Rice,3900,7952,2.038974359
Assam,HAILAKANDI,2008,Whole Year,Arecanut,2805,1425,0.50802139
Assam,HAILAKANDI,2008,Whole Year,Banana,1587,19996,12.59987398
Assam,HAILAKANDI,2008,Whole Year,Black pepper,20,39,1.95
Assam,HAILAKANDI,2008,Whole Year,Coconut,282,899000,3187.943262
Assam,HAILAKANDI,2008,Whole Year,Dry chillies,260,140,0.538461538
Assam,HAILAKANDI,2008,Whole Year,Dry ginger,130,656,5.046153846
Assam,HAILAKANDI,2008,Whole Year,Onion,50,85,1.7
Assam,HAILAKANDI,2008,Whole Year,Potato,860,3410,3.965116279
Assam,HAILAKANDI,2008,Whole Year,Sugarcane,205,5535,27
Assam,HAILAKANDI,2008,Whole Year,Sweet potato,40,129,3.225
Assam,HAILAKANDI,2008,Whole Year,Tapioca,3,14,4.666666667
Assam,HAILAKANDI,2008,Whole Year,Tobacco,1,1,1
Assam,HAILAKANDI,2008,Whole Year,Turmeric,230,116,0.504347826
Assam,HAILAKANDI,2008,Winter,Rice,40150,96576,2.405379826
Assam,HAILAKANDI,2009,Autumn,Rice,5619,12351,2.19807795
Assam,HAILAKANDI,2009,Kharif,Arhar/Tur,65,45,0.692307692
Assam,HAILAKANDI,2009,Kharif,Castor seed,5,2,0.4
Assam,HAILAKANDI,2009,Kharif,Cotton(lint),55,21,0.381818182
Assam,HAILAKANDI,2009,Kharif,Jute,35,382,10.91428571
Assam,HAILAKANDI,2009,Kharif,Maize,42,17,0.404761905
Assam,HAILAKANDI,2009,Kharif,Niger seed,14,7,0.5
Assam,HAILAKANDI,2009,Kharif,Sesamum,67,23,0.343283582
Assam,HAILAKANDI,2009,Kharif,Small millets,6,3,0.5
Assam,HAILAKANDI,2009,Rabi,Banana,1665,20769,12.47387387
Assam,HAILAKANDI,2009,Rabi,Gram,5,2,0.4
Assam,HAILAKANDI,2009,Rabi,Linseed,12,6,0.5
Assam,HAILAKANDI,2009,Rabi,Masoor,25,11,0.44
Assam,HAILAKANDI,2009,Rabi,Moong(Green Gram),55,25,0.454545455
Assam,HAILAKANDI,2009,Rabi,Peas & beans (Pulses),342,195,0.570175439
Assam,HAILAKANDI,2009,Rabi,Rapeseed &Mustard,835,331,0.396407186
Assam,HAILAKANDI,2009,Rabi,Urad,359,203,0.56545961
Assam,HAILAKANDI,2009,Rabi,Wheat,35,38,1.085714286
Assam,HAILAKANDI,2009,Summer,Rice,2916,6357,2.180041152
Assam,HAILAKANDI,2009,Whole Year,Arecanut,2800,2015,0.719642857
Assam,HAILAKANDI,2009,Whole Year,Banana,1665,20769,12.47387387
Assam,HAILAKANDI,2009,Whole Year,Black pepper,39,75,1.923076923
Assam,HAILAKANDI,2009,Whole Year,Coconut,280,1536000,5485.714286
Assam,HAILAKANDI,2009,Whole Year,Dry chillies,265,143,0.539622642
Assam,HAILAKANDI,2009,Whole Year,Dry ginger,215,1085,5.046511628
Assam,HAILAKANDI,2009,Whole Year,Onion,57,98,1.719298246
Assam,HAILAKANDI,2009,Whole Year,Potato,962,3949,4.104989605
Assam,HAILAKANDI,2009,Whole Year,Sugarcane,210,8211,39.1
Assam,HAILAKANDI,2009,Whole Year,Sweet potato,52,168,3.230769231
Assam,HAILAKANDI,2009,Whole Year,Tapioca,4,18,4.5
Assam,HAILAKANDI,2009,Whole Year,Tobacco,1,1,1
Assam,HAILAKANDI,2009,Whole Year,Turmeric,208,105,0.504807692
Assam,HAILAKANDI,2009,Winter,Rice,38474,98301,2.554998181
Assam,HAILAKANDI,2010,Autumn,Rice,6012,12776,2.125083167
Assam,HAILAKANDI,2010,Kharif,Arhar/Tur,170,118,0.694117647
Assam,HAILAKANDI,2010,Kharif,Castor seed,4,1,0.25
Assam,HAILAKANDI,2010,Kharif,Cotton(lint),55,20,0.363636364
Assam,HAILAKANDI,2010,Kharif,Jute,40,402,10.05
Assam,HAILAKANDI,2010,Kharif,Maize,45,18,0.4
Assam,HAILAKANDI,2010,Kharif,Niger seed,25,13,0.52
Assam,HAILAKANDI,2010,Kharif,Sesamum,60,22,0.366666667
Assam,HAILAKANDI,2010,Kharif,Small millets,5,3,0.6
Assam,HAILAKANDI,2010,Rabi,Arecanut,2800,2015,0.719642857
Assam,HAILAKANDI,2010,Rabi,Banana,1650,20622,12.49818182
Assam,HAILAKANDI,2010,Rabi,Gram,6,2,0.333333333
Assam,HAILAKANDI,2010,Rabi,Linseed,15,8,0.533333333
Assam,HAILAKANDI,2010,Rabi,Moong(Green Gram),55,26,0.472727273
Assam,HAILAKANDI,2010,Rabi,Peas & beans (Pulses),125,71,0.568
Assam,HAILAKANDI,2010,Rabi,Rapeseed &Mustard,780,308,0.394871795
Assam,HAILAKANDI,2010,Rabi,Urad,235,131,0.557446809
Assam,HAILAKANDI,2010,Rabi,Wheat,50,63,1.26
Assam,HAILAKANDI,2010,Summer,Rice,4050,7574,1.870123457
Assam,HAILAKANDI,2010,Whole Year,Banana,1650,20622,12.49818182
Assam,HAILAKANDI,2010,Whole Year,Black pepper,100,193,1.93
Assam,HAILAKANDI,2010,Whole Year,Coconut,280,1536000,5485.714286
Assam,HAILAKANDI,2010,Whole Year,Dry chillies,315,170,0.53968254
Assam,HAILAKANDI,2010,Whole Year,Dry ginger,185,934,5.048648649
Assam,HAILAKANDI,2010,Whole Year,Onion,15,26,1.733333333
Assam,HAILAKANDI,2010,Whole Year,Potato,830,3483,4.196385542
Assam,HAILAKANDI,2010,Whole Year,Sugarcane,200,7239,36.195
Assam,HAILAKANDI,2010,Whole Year,Sweet potato,50,161,3.22
Assam,HAILAKANDI,2010,Whole Year,Tapioca,4,18,4.5
Assam,HAILAKANDI,2010,Whole Year,Tobacco,1,1,1
Assam,HAILAKANDI,2010,Whole Year,Turmeric,250,126,0.504
Assam,HAILAKANDI,2010,Winter,Rice,38011,88109,2.317986899
Assam,HAILAKANDI,2011,Autumn,Paddy,5800,13264,2.286896552
Assam,HAILAKANDI,2011,Autumn,Rice,5800,13264,2.286896552
Assam,HAILAKANDI,2011,Kharif,Arhar/Tur,150,111,0.74
Assam,HAILAKANDI,2011,Kharif,Cotton(lint),50,19,0.38
Assam,HAILAKANDI,2011,Kharif,Jute,35,325,9.285714286
Assam,HAILAKANDI,2011,Kharif,Maize,20,9,0.45
Assam,HAILAKANDI,2011,Kharif,Orange,50,499,9.98
Assam,HAILAKANDI,2011,Kharif,Papaya,75,1465,19.53333333
Assam,HAILAKANDI,2011,Kharif,Sesamum,45,18,0.4
Assam,HAILAKANDI,2011,Kharif,Tapioca,4,32,8
Assam,HAILAKANDI,2011,Kharif,Tobacco,1,1,1
Assam,HAILAKANDI,2011,Rabi,Arecanut,3000,1611,0.537
Assam,HAILAKANDI,2011,Rabi,Black pepper,22,43,1.954545455
Assam,HAILAKANDI,2011,Rabi,Dry chillies,205,115,0.56097561
Assam,HAILAKANDI,2011,Rabi,Ginger,205,1058,5.16097561
Assam,HAILAKANDI,2011,Rabi,Gram,1,1,1
Assam,HAILAKANDI,2011,Rabi,Moong(Green Gram),320,249,0.778125
Assam,HAILAKANDI,2011,Rabi,Peas & beans (Pulses),90,53,0.588888889
Assam,HAILAKANDI,2011,Rabi,Pineapple,1060,14573,13.74811321
Assam,HAILAKANDI,2011,Rabi,Rapeseed &Mustard,280,109,0.389285714
Assam,HAILAKANDI,2011,Rabi,Sweet potato,45,151,3.355555556
Assam,HAILAKANDI,2011,Rabi,Urad,650,361,0.555384615
Assam,HAILAKANDI,2011,Summer,Paddy,3450,8684,2.517101449
Assam,HAILAKANDI,2011,Summer,Rice,3450,8684,2.517101449
Assam,HAILAKANDI,2011,Whole Year,Banana,1600,31763,19.851875
Assam,HAILAKANDI,2011,Whole Year,Coconut,315,689,2.187301587
Assam,HAILAKANDI,2011,Whole Year,Onion,2,3,1.5
Assam,HAILAKANDI,2011,Whole Year,Potato,1065,5822,5.466666667
Assam,HAILAKANDI,2011,Whole Year,Sugarcane,265,9820,37.05660377
Assam,HAILAKANDI,2011,Whole Year,Turmeric,141,86,0.609929078
Assam,HAILAKANDI,2011,Winter,Paddy,41350,90257,2.182756953
Assam,HAILAKANDI,2011,Winter,Rice,41350,90257,2.182756953
Assam,HAILAKANDI,2012,Autumn,Paddy,3500,6940,1.982857143
Assam,HAILAKANDI,2012,Autumn,Rice,3500,6940,1.982857143
Assam,HAILAKANDI,2012,Kharif,Arhar/Tur,70,55,0.785714286
Assam,HAILAKANDI,2012,Kharif,Cotton(lint),40,15,0.375
Assam,HAILAKANDI,2012,Kharif,Jute,25,217,8.68
Assam,HAILAKANDI,2012,Kharif,Maize,20,9,0.45
Assam,HAILAKANDI,2012,Kharif,Niger seed,5,3,0.6
Assam,HAILAKANDI,2012,Kharif,Orange,68,699,10.27941176
Assam,HAILAKANDI,2012,Kharif,Papaya,75,1479,19.72
Assam,HAILAKANDI,2012,Kharif,Sesamum,45,20,0.444444444
Assam,HAILAKANDI,2012,Kharif,Small millets,7,4,0.571428571
Assam,HAILAKANDI,2012,Kharif,Tapioca,2,18,9
Assam,HAILAKANDI,2012,Kharif,Tobacco,1,1,1
Assam,HAILAKANDI,2012,Rabi,Arecanut,2925,1294,0.442393162
Assam,HAILAKANDI,2012,Rabi,Black pepper,33,65,1.96969697
Assam,HAILAKANDI,2012,Rabi,Dry chillies,210,136,0.647619048
Assam,HAILAKANDI,2012,Rabi,Ginger,210,1285,6.119047619
Assam,HAILAKANDI,2012,Rabi,Gram,1,1,1
Assam,HAILAKANDI,2012,Rabi,Linseed,5,3,0.6
Assam,HAILAKANDI,2012,Rabi,Moong(Green Gram),320,242,0.75625
Assam,HAILAKANDI,2012,Rabi,Peas & beans (Pulses),205,123,0.6
Assam,HAILAKANDI,2012,Rabi,Pineapple,1263,18286,14.47822644
Assam,HAILAKANDI,2012,Rabi,Rapeseed &Mustard,460,189,0.410869565
Assam,HAILAKANDI,2012,Rabi,Sweet potato,50,182,3.64
Assam,HAILAKANDI,2012,Rabi,Urad,550,303,0.550909091
Assam,HAILAKANDI,2012,Whole Year,Banana,1850,21125,11.41891892
Assam,HAILAKANDI,2012,Whole Year,Coconut,325,1762,5.421538462
Assam,HAILAKANDI,2012,Whole Year,Onion,7,12,1.714285714
Assam,HAILAKANDI,2012,Whole Year,Potato,1150,6698,5.824347826
Assam,HAILAKANDI,2012,Whole Year,Sugarcane,175,6232,35.61142857
Assam,HAILAKANDI,2012,Whole Year,Turmeric,250,178,0.712
Assam,HAILAKANDI,2012,Winter,Paddy,42100,104709,2.487149644
Assam,HAILAKANDI,2012,Winter,Rice,42100,104709,2.487149644
Assam,HAILAKANDI,2013,Autumn,Paddy,3090,3287,1.063754045
Assam,HAILAKANDI,2013,Autumn,Rice,3090,3287,1.063754045
Assam,HAILAKANDI,2013,Kharif,Arhar/Tur,80,63,0.7875
Assam,HAILAKANDI,2013,Kharif,Cotton(lint),20,8,0.4
Assam,HAILAKANDI,2013,Kharif,Jute,50,514,10.28
Assam,HAILAKANDI,2013,Kharif,Maize,35,40,1.142857143
Assam,HAILAKANDI,2013,Kharif,Mesta,5,25,5
Assam,HAILAKANDI,2013,Kharif,Niger seed,5,3,0.6
Assam,HAILAKANDI,2013,Kharif,Orange,55,566,10.29090909
Assam,HAILAKANDI,2013,Kharif,Papaya,76,1499,19.72368421
Assam,HAILAKANDI,2013,Kharif,Sesamum,41,18,0.43902439
Assam,HAILAKANDI,2013,Kharif,Small millets,8,5,0.625
Assam,HAILAKANDI,2013,Kharif,Tobacco,1,1,1
Assam,HAILAKANDI,2013,Rabi,Arecanut,2687,7944,2.956457015
Assam,HAILAKANDI,2013,Rabi,Black pepper,34,67,1.970588235
Assam,HAILAKANDI,2013,Rabi,Dry chillies,155,100,0.64516129
Assam,HAILAKANDI,2013,Rabi,Ginger,210,1285,6.119047619
Assam,HAILAKANDI,2013,Rabi,Gram,2,1,0.5
Assam,HAILAKANDI,2013,Rabi,Linseed,5,3,0.6
Assam,HAILAKANDI,2013,Rabi,Moong(Green Gram),330,243,0.736363636
Assam,HAILAKANDI,2013,Rabi,Peas & beans (Pulses),35,38,1.085714286
Assam,HAILAKANDI,2013,Rabi,Pineapple,1650,23889,14.47818182
Assam,HAILAKANDI,2013,Rabi,Rapeseed &Mustard,448,73,0.162946429
Assam,HAILAKANDI,2013,Rabi,Sweet potato,45,163,3.622222222
Assam,HAILAKANDI,2013,Rabi,Urad,650,377,0.58
Assam,HAILAKANDI,2013,Summer,Paddy,2035,3596,1.767076167
Assam,HAILAKANDI,2013,Summer,Rice,2035,3596,1.767076167
Assam,HAILAKANDI,2013,Whole Year,Banana,1820,20783,11.41923077
Assam,HAILAKANDI,2013,Whole Year,Coconut,269,631,2.345724907
Assam,HAILAKANDI,2013,Whole Year,Onion,8,14,1.75
Assam,HAILAKANDI,2013,Whole Year,Potato,1200,5786,4.821666667
Assam,HAILAKANDI,2013,Whole Year,Sugarcane,175,6470,36.97142857
Assam,HAILAKANDI,2013,Whole Year,Turmeric,180,128,0.711111111
Assam,HAILAKANDI,2013,Winter,Paddy,41550,106983,2.574801444
Assam,HAILAKANDI,2013,Winter,Rice,41550,106983,2.574801444
Assam,HAILAKANDI,2014,Autumn,Paddy,1973,5173,2.62189559
Assam,HAILAKANDI,2014,Autumn,Rice,1973,5173,2.62189559
Assam,HAILAKANDI,2014,Kharif,Arhar/Tur,70,62,0.885714286
Assam,HAILAKANDI,2014,Kharif,Cotton(lint),10,4,0.4
Assam,HAILAKANDI,2014,Kharif,Jute,30,328,10.93333333
Assam,HAILAKANDI,2014,Kharif,Maize,20,34,1.7
Assam,HAILAKANDI,2014,Kharif,Niger seed,3,2,0.666666667
Assam,HAILAKANDI,2014,Kharif,Orange,60,618,10.3
Assam,HAILAKANDI,2014,Kharif,Papaya,84,1657,19.72619048
Assam,HAILAKANDI,2014,Kharif,Sesamum,40,19,0.475
Assam,HAILAKANDI,2014,Kharif,Small millets,6,4,0.666666667
Assam,HAILAKANDI,2014,Kharif,Tapioca,1,9,9
Assam,HAILAKANDI,2014,Kharif,Tobacco,1,1,1
Assam,HAILAKANDI,2014,Rabi,Black pepper,36,71,1.972222222
Assam,HAILAKANDI,2014,Rabi,Dry chillies,158,104,0.658227848
Assam,HAILAKANDI,2014,Rabi,Ginger,205,1258,6.136585366
Assam,HAILAKANDI,2014,Rabi,Gram,2,1,0.5
Assam,HAILAKANDI,2014,Rabi,Linseed,5,3,0.6
Assam,HAILAKANDI,2014,Rabi,Masoor,10,5,0.5
Assam,HAILAKANDI,2014,Rabi,Moong(Green Gram),300,251,0.836666667
Assam,HAILAKANDI,2014,Rabi,Peas & beans (Pulses),41,33,0.804878049
Assam,HAILAKANDI,2014,Rabi,Pineapple,1410,20414,14.47801418
Assam,HAILAKANDI,2014,Rabi,Rapeseed &Mustard,375,140,0.373333333
Assam,HAILAKANDI,2014,Rabi,Sweet potato,40,146,3.65
Assam,HAILAKANDI,2014,Rabi,Urad,600,389,0.648333333
Assam,HAILAKANDI,2014,Summer,Paddy,2120,3744,1.766037736
Assam,HAILAKANDI,2014,Summer,Rice,2120,3744,1.766037736
Assam,HAILAKANDI,2014,Whole Year,Banana,1539,17574,11.41910331
Assam,HAILAKANDI,2014,Whole Year,Onion,12,21,1.75
Assam,HAILAKANDI,2014,Whole Year,Potato,1150,5864,5.099130435
Assam,HAILAKANDI,2014,Whole Year,Sugarcane,148,5440,36.75675676
Assam,HAILAKANDI,2014,Whole Year,Turmeric,185,132,0.713513514
Assam,HAILAKANDI,2014,Winter,Paddy,41250,117383,2.845648485
Assam,HAILAKANDI,2014,Winter,Rice,41250,117383,2.845648485
Assam,JORHAT,1997,Autumn,Rice,5370,4670,0.869646182
Assam,JORHAT,1997,Kharif,Arhar/Tur,20,12,0.6
Assam,JORHAT,1997,Kharif,Cotton(lint),3,1,0.333333333
Assam,JORHAT,1997,Kharif,Jute,125,1195,9.56
Assam,JORHAT,1997,Kharif,Maize,52,27,0.519230769
Assam,JORHAT,1997,Kharif,Small millets,25,9,0.36
Assam,JORHAT,1997,Kharif,Sugarcane,600,26467,44.11166667
Assam,JORHAT,1997,Rabi,Gram,11,4,0.363636364
Assam,JORHAT,1997,Rabi,Other  Rabi pulses,3762,1542,0.409888357
Assam,JORHAT,1997,Rabi,Rapeseed &Mustard,9950,6313,0.634472362
Assam,JORHAT,1997,Rabi,Wheat,2100,2540,1.20952381
Assam,JORHAT,1997,Summer,Rice,9560,11452,1.19790795
Assam,JORHAT,1997,Whole Year,Arecanut,2700,3135,1.161111111
Assam,JORHAT,1997,Whole Year,Coconut,415,1446,3.484337349
Assam,JORHAT,1997,Whole Year,Dry chillies,174,92,0.528735632
Assam,JORHAT,1997,Whole Year,Onion,140,308,2.2
Assam,JORHAT,1997,Whole Year,Potato,2950,16651,5.64440678
Assam,JORHAT,1997,Whole Year,Sesamum,125,56,0.448
Assam,JORHAT,1997,Whole Year,Sweet potato,60,174,2.9
Assam,JORHAT,1997,Whole Year,Tapioca,5,25,5
Assam,JORHAT,1997,Whole Year,Tobacco,10,5,0.5
Assam,JORHAT,1997,Whole Year,Turmeric,260,164,0.630769231
Assam,JORHAT,1997,Winter,Rice,84250,85639,1.016486647
Assam,JORHAT,1998,Autumn,Rice,5100,5570,1.092156863
Assam,JORHAT,1998,Kharif,Arhar/Tur,25,16,0.64
Assam,JORHAT,1998,Kharif,Castor seed,18,7,0.388888889
Assam,JORHAT,1998,Kharif,Cotton(lint),3,1,0.333333333
Assam,JORHAT,1998,Kharif,Jute,78,681,8.730769231
Assam,JORHAT,1998,Kharif,Maize,39,20,0.512820513
Assam,JORHAT,1998,Kharif,Sesamum,90,43,0.477777778
Assam,JORHAT,1998,Kharif,Small millets,130,66,0.507692308
Assam,JORHAT,1998,Rabi,Gram,4,1,0.25
Assam,JORHAT,1998,Rabi,Other  Rabi pulses,4817,1979,0.41083662
Assam,JORHAT,1998,Rabi,Rapeseed &Mustard,12982,5129,0.395085503
Assam,JORHAT,1998,Rabi,Wheat,4110,3742,0.910462287
Assam,JORHAT,1998,Summer,Rice,4195,7623,1.81716329
Assam,JORHAT,1998,Whole Year,Arecanut,2766,1059,0.382863341
Assam,JORHAT,1998,Whole Year,Banana,2170,29193,13.45299539
Assam,JORHAT,1998,Whole Year,Coconut,605,2212000,3656.198347
Assam,JORHAT,1998,Whole Year,Dry chillies,160,85,0.53125
Assam,JORHAT,1998,Whole Year,Onion,270,594,2.2
Assam,JORHAT,1998,Whole Year,Potato,3621,31541,8.710577189
Assam,JORHAT,1998,Whole Year,Sugarcane,610,18772,30.77377049
Assam,JORHAT,1998,Whole Year,Sweet potato,70,203,2.9
Assam,JORHAT,1998,Whole Year,Tapioca,5,25,5
Assam,JORHAT,1998,Whole Year,Tobacco,14,8,0.571428571
Assam,JORHAT,1998,Whole Year,Turmeric,244,154,0.631147541
Assam,JORHAT,1998,Winter,Rice,72235,124990,1.730324635
Assam,JORHAT,1999,Autumn,Rice,13709,11854,0.864687432
Assam,JORHAT,1999,Kharif,Arhar/Tur,26,16,0.615384615
Assam,JORHAT,1999,Kharif,Castor seed,14,5,0.357142857
Assam,JORHAT,1999,Kharif,Cotton(lint),3,1,0.333333333
Assam,JORHAT,1999,Kharif,Jute,100,892,8.92
Assam,JORHAT,1999,Kharif,Maize,45,24,0.533333333
Assam,JORHAT,1999,Kharif,Sesamum,79,37,0.46835443
Assam,JORHAT,1999,Kharif,Small millets,136,68,0.5
Assam,JORHAT,1999,Rabi,Gram,5,2,0.4
Assam,JORHAT,1999,Rabi,Other  Rabi pulses,4012,1716,0.427716849
Assam,JORHAT,1999,Rabi,Rapeseed &Mustard,13125,6985,0.532190476
Assam,JORHAT,1999,Rabi,Wheat,1387,1702,1.227108868
Assam,JORHAT,1999,Summer,Rice,9430,20229,2.145174973
Assam,JORHAT,1999,Whole Year,Arecanut,2235,749,0.335123043
Assam,JORHAT,1999,Whole Year,Banana,2414,32484,13.45650373
Assam,JORHAT,1999,Whole Year,Coconut,610,4138000,6783.606557
Assam,JORHAT,1999,Whole Year,Dry chillies,135,72,0.533333333
Assam,JORHAT,1999,Whole Year,Onion,177,389,2.197740113
Assam,JORHAT,1999,Whole Year,Potato,3668,34177,9.317611778
Assam,JORHAT,1999,Whole Year,Sugarcane,580,16655,28.71551724
Assam,JORHAT,1999,Whole Year,Sweet potato,70,204,2.914285714
Assam,JORHAT,1999,Whole Year,Tapioca,4,20,5
Assam,JORHAT,1999,Whole Year,Tobacco,15,9,0.6
Assam,JORHAT,1999,Whole Year,Turmeric,264,166,0.628787879
Assam,JORHAT,1999,Winter,Rice,87876,161627,1.839262142
Assam,JORHAT,2000,Autumn,Rice,6540,6712,1.026299694
Assam,JORHAT,2000,Kharif,Arhar/Tur,30,19,0.633333333
Assam,JORHAT,2000,Kharif,Castor seed,13,5,0.384615385
Assam,JORHAT,2000,Kharif,Cotton(lint),5,2,0.4
Assam,JORHAT,2000,Kharif,Jute,113,1086,9.610619469
Assam,JORHAT,2000,Kharif,Maize,68,35,0.514705882
Assam,JORHAT,2000,Kharif,Sesamum,81,38,0.469135802
Assam,JORHAT,2000,Kharif,Small millets,13,6,0.461538462
Assam,JORHAT,2000,Rabi,Gram,5,2,0.4
Assam,JORHAT,2000,Rabi,Other  Rabi pulses,2402,975,0.40591174
Assam,JORHAT,2000,Rabi,Rapeseed &Mustard,10359,4318,0.416835602
Assam,JORHAT,2000,Rabi,Wheat,1395,1663,1.192114695
Assam,JORHAT,2000,Summer,Rice,1203,1798,1.494596841
Assam,JORHAT,2000,Whole Year,Arecanut,2286,688,0.30096238
Assam,JORHAT,2000,Whole Year,Banana,2208,29713,13.45697464
Assam,JORHAT,2000,Whole Year,Coconut,608,7087000,11656.25
Assam,JORHAT,2000,Whole Year,Dry chillies,136,72,0.529411765
Assam,JORHAT,2000,Whole Year,Onion,118,260,2.203389831
Assam,JORHAT,2000,Whole Year,Potato,4080,39828,9.761764706
Assam,JORHAT,2000,Whole Year,Sugarcane,421,14222,33.78147268
Assam,JORHAT,2000,Whole Year,Sweet potato,67,194,2.895522388
Assam,JORHAT,2000,Whole Year,Tapioca,5,25,5
Assam,JORHAT,2000,Whole Year,Tobacco,13,8,0.615384615
Assam,JORHAT,2000,Whole Year,Turmeric,257,162,0.630350195
Assam,JORHAT,2000,Winter,Rice,84000,156115,1.858511905
Assam,JORHAT,2001,Autumn,Rice,8312,7157,0.861044273
Assam,JORHAT,2001,Kharif,Arhar/Tur,32,19,0.59375
Assam,JORHAT,2001,Kharif,Castor seed,15,6,0.4
Assam,JORHAT,2001,Kharif,Cotton(lint),6,2,0.333333333
Assam,JORHAT,2001,Kharif,Jute,163,1613,9.895705521
Assam,JORHAT,2001,Kharif,Maize,65,34,0.523076923
Assam,JORHAT,2001,Kharif,Sesamum,101,47,0.465346535
Assam,JORHAT,2001,Kharif,Small millets,31,12,0.387096774
Assam,JORHAT,2001,Rabi,Gram,5,2,0.4
Assam,JORHAT,2001,Rabi,Masoor,367,182,0.495912807
Assam,JORHAT,2001,Rabi,Moong(Green Gram),1020,490,0.480392157
Assam,JORHAT,2001,Rabi,Other  Rabi pulses,6404,2684,0.419113054
Assam,JORHAT,2001,Rabi,Peas & beans (Pulses),852,356,0.417840376
Assam,JORHAT,2001,Rabi,Rapeseed &Mustard,10136,5882,0.580307814
Assam,JORHAT,2001,Rabi,Urad,3989,1584,0.397092003
Assam,JORHAT,2001,Rabi,Wheat,1690,2176,1.287573964
Assam,JORHAT,2001,Summer,Rice,765,1360,1.777777778
Assam,JORHAT,2001,Whole Year,Arecanut,2415,2291,0.948654244
Assam,JORHAT,2001,Whole Year,Banana,2168,29176,13.45756458
Assam,JORHAT,2001,Whole Year,Coconut,548,6034000,11010.94891
Assam,JORHAT,2001,Whole Year,Dry chillies,124,68,0.548387097
Assam,JORHAT,2001,Whole Year,Onion,310,682,2.2
Assam,JORHAT,2001,Whole Year,Potato,3294,23326,7.081360049
Assam,JORHAT,2001,Whole Year,Sugarcane,420,14428,34.35238095
Assam,JORHAT,2001,Whole Year,Sweet potato,79,228,2.886075949
Assam,JORHAT,2001,Whole Year,Tapioca,5,25,5
Assam,JORHAT,2001,Whole Year,Tobacco,12,7,0.583333333
Assam,JORHAT,2001,Whole Year,Turmeric,261,164,0.62835249
Assam,JORHAT,2001,Winter,Rice,89852,159611,1.776376708
Assam,JORHAT,2002,Autumn,Rice,4774,3002,0.62882279
Assam,JORHAT,2002,Kharif,Arhar/Tur,23,13,0.565217391
Assam,JORHAT,2002,Kharif,Castor seed,14,6,0.428571429
Assam,JORHAT,2002,Kharif,Cotton(lint),8,3,0.375
Assam,JORHAT,2002,Kharif,Jute,135,1373,10.17037037
Assam,JORHAT,2002,Kharif,Maize,22,11,0.5
Assam,JORHAT,2002,Kharif,Mesta,6,30,5
Assam,JORHAT,2002,Kharif,Sesamum,102,47,0.460784314
Assam,JORHAT,2002,Kharif,Small millets,28,10,0.357142857
Assam,JORHAT,2002,Rabi,Gram,2,1,0.5
Assam,JORHAT,2002,Rabi,Masoor,240,118,0.491666667
Assam,JORHAT,2002,Rabi,Moong(Green Gram),285,137,0.480701754
Assam,JORHAT,2002,Rabi,Other  Rabi pulses,4516,1878,0.415854739
Assam,JORHAT,2002,Rabi,Peas & beans (Pulses),425,183,0.430588235
Assam,JORHAT,2002,Rabi,Rapeseed &Mustard,8790,6166,0.701478953
Assam,JORHAT,2002,Rabi,Urad,3440,1389,0.40377907
Assam,JORHAT,2002,Rabi,Wheat,760,1003,1.319736842
Assam,JORHAT,2002,Summer,Rice,376,664,1.765957447
Assam,JORHAT,2002,Whole Year,Arecanut,2500,1374,0.5496
Assam,JORHAT,2002,Whole Year,Banana,2640,35523,13.45568182
Assam,JORHAT,2002,Whole Year,Coconut,600,5894000,9823.333333
Assam,JORHAT,2002,Whole Year,Dry chillies,126,68,0.53968254
Assam,JORHAT,2002,Whole Year,Onion,300,660,2.2
Assam,JORHAT,2002,Whole Year,Orange,77,913,11.85714286
Assam,JORHAT,2002,Whole Year,Papaya,234,3627,15.5
Assam,JORHAT,2002,Whole Year,Pineapple,185,2871,15.51891892
Assam,JORHAT,2002,Whole Year,Potato,1440,8587,5.963194444
Assam,JORHAT,2002,Whole Year,Sugarcane,185,6095,32.94594595
Assam,JORHAT,2002,Whole Year,Sweet potato,77,221,2.87012987
Assam,JORHAT,2002,Whole Year,Tapioca,7,35,5
Assam,JORHAT,2002,Whole Year,Tobacco,8,4,0.5
Assam,JORHAT,2002,Whole Year,Turmeric,163,102,0.625766871
Assam,JORHAT,2002,Winter,Rice,72700,118514,1.630178817
Assam,JORHAT,2003,Autumn,Rice,3723,2812,0.755304862
Assam,JORHAT,2003,Kharif,Arhar/Tur,18,11,0.611111111
Assam,JORHAT,2003,Kharif,Castor seed,15,6,0.4
Assam,JORHAT,2003,Kharif,Cotton(lint),11,5,0.454545455
Assam,JORHAT,2003,Kharif,Jute,143,1485,10.38461538
Assam,JORHAT,2003,Kharif,Maize,23,12,0.52173913
Assam,JORHAT,2003,Kharif,Mesta,2,10,5
Assam,JORHAT,2003,Kharif,Sesamum,99,46,0.464646465
Assam,JORHAT,2003,Kharif,Small millets,34,14,0.411764706
Assam,JORHAT,2003,Rabi,Gram,2,1,0.5
Assam,JORHAT,2003,Rabi,Masoor,965,477,0.494300518
Assam,JORHAT,2003,Rabi,Moong(Green Gram),790,379,0.479746835
Assam,JORHAT,2003,Rabi,other misc. pulses,112,46,0.410714286
Assam,JORHAT,2003,Rabi,Peas & beans (Pulses),2185,956,0.437528604
Assam,JORHAT,2003,Rabi,Rapeseed &Mustard,8098,3231,0.398987404
Assam,JORHAT,2003,Rabi,Urad,2260,609,0.269469027
Assam,JORHAT,2003,Rabi,Wheat,1090,1378,1.264220183
Assam,JORHAT,2003,Summer,Rice,566,1015,1.793286219
Assam,JORHAT,2003,Whole Year,Arecanut,2325,992,0.426666667
Assam,JORHAT,2003,Whole Year,Banana,2670,35927,13.45580524
Assam,JORHAT,2003,Whole Year,Coconut,606,3414000,5633.663366
Assam,JORHAT,2003,Whole Year,Dry chillies,131,71,0.541984733
Assam,JORHAT,2003,Whole Year,Onion,185,407,2.2
Assam,JORHAT,2003,Whole Year,Orange,23,275,11.95652174
Assam,JORHAT,2003,Whole Year,Papaya,245,3798,15.50204082
Assam,JORHAT,2003,Whole Year,Pineapple,190,2925,15.39473684
Assam,JORHAT,2003,Whole Year,Potato,1495,8550,5.719063545
Assam,JORHAT,2003,Whole Year,Sugarcane,219,7494,34.21917808
Assam,JORHAT,2003,Whole Year,Sweet potato,75,214,2.853333333
Assam,JORHAT,2003,Whole Year,Tapioca,7,35,5
Assam,JORHAT,2003,Whole Year,Tobacco,9,5,0.555555556
Assam,JORHAT,2003,Whole Year,Turmeric,165,104,0.63030303
Assam,JORHAT,2003,Winter,Rice,80909,139740,1.727125536
Assam,JORHAT,2004,Autumn,Rice,3512,2225,0.633542141
Assam,JORHAT,2004,Kharif,Arhar/Tur,17,10,0.588235294
Assam,JORHAT,2004,Kharif,Castor seed,18,7,0.388888889
Assam,JORHAT,2004,Kharif,Cotton(lint),9,5,0.555555556
Assam,JORHAT,2004,Kharif,Jute,109,772,7.082568807
Assam,JORHAT,2004,Kharif,Sesamum,99,45,0.454545455
Assam,JORHAT,2004,Kharif,Small millets,32,12,0.375
Assam,JORHAT,2004,Rabi,Gram,5,2,0.4
Assam,JORHAT,2004,Rabi,Masoor,315,156,0.495238095
Assam,JORHAT,2004,Rabi,Moong(Green Gram),771,370,0.479896239
Assam,JORHAT,2004,Rabi,Peas & beans (Pulses),872,373,0.427752294
Assam,JORHAT,2004,Rabi,Rapeseed &Mustard,7230,4130,0.571230982
Assam,JORHAT,2004,Rabi,Urad,2532,859,0.339257504
Assam,JORHAT,2004,Rabi,Wheat,745,875,1.174496644
Assam,JORHAT,2004,Summer,Rice,474,712,1.502109705
Assam,JORHAT,2004,Whole Year,Coconut,607,2662000,4385.502471
Assam,JORHAT,2004,Whole Year,Dry chillies,240,130,0.541666667
Assam,JORHAT,2004,Whole Year,Onion,182,400,2.197802198
Assam,JORHAT,2004,Whole Year,Potato,1315,8008,6.08973384
Assam,JORHAT,2004,Whole Year,Sugarcane,205,6640,32.3902439
Assam,JORHAT,2004,Whole Year,Sweet potato,65,187,2.876923077
Assam,JORHAT,2004,Whole Year,Tobacco,7,4,0.571428571
Assam,JORHAT,2004,Whole Year,Turmeric,169,106,0.627218935
Assam,JORHAT,2004,Winter,Rice,77555,131732,1.698562311
Assam,JORHAT,2005,Autumn,Rice,4775,3786,0.792879581
Assam,JORHAT,2005,Kharif,Arhar/Tur,18,11,0.611111111
Assam,JORHAT,2005,Kharif,Castor seed,13,5,0.384615385
Assam,JORHAT,2005,Kharif,Cotton(lint),9,4,0.444444444
Assam,JORHAT,2005,Kharif,Jute,145,1479,10.2
Assam,JORHAT,2005,Kharif,Maize,26,14,0.538461538
Assam,JORHAT,2005,Kharif,Sesamum,179,84,0.469273743
Assam,JORHAT,2005,Kharif,Small millets,65,25,0.384615385
Assam,JORHAT,2005,Rabi,Gram,1,,
Assam,JORHAT,2005,Rabi,Masoor,207,103,0.497584541
Assam,JORHAT,2005,Rabi,Moong(Green Gram),668,320,0.479041916
Assam,JORHAT,2005,Rabi,Other  Rabi pulses,5301,2120,0.399924543
Assam,JORHAT,2005,Rabi,Peas & beans (Pulses),1164,498,0.427835052
Assam,JORHAT,2005,Rabi,Rapeseed &Mustard,1765,830,0.470254958
Assam,JORHAT,2005,Rabi,Urad,3057,1083,0.354268891
Assam,JORHAT,2005,Rabi,Wheat,1301,1404,1.079169869
Assam,JORHAT,2005,Summer,Rice,6894,5140,0.745575863
Assam,JORHAT,2005,Whole Year,Arecanut,2329,1117,0.479604981
Assam,JORHAT,2005,Whole Year,Banana,2565,34515,13.45614035
Assam,JORHAT,2005,Whole Year,Dry chillies,115,62,0.539130435
Assam,JORHAT,2005,Whole Year,Onion,172,378,2.197674419
Assam,JORHAT,2005,Whole Year,Potato,2245,11766,5.240979955
Assam,JORHAT,2005,Whole Year,Sugarcane,240,7802,32.50833333
Assam,JORHAT,2005,Whole Year,Sweet potato,53,151,2.849056604
Assam,JORHAT,2005,Whole Year,Tapioca,9,45,5
Assam,JORHAT,2005,Whole Year,Tobacco,10,6,0.6
Assam,JORHAT,2005,Whole Year,Turmeric,167,105,0.628742515
Assam,JORHAT,2005,Winter,Rice,76530,131911,1.723650856
Assam,JORHAT,2006,Autumn,Rice,4228,2557,0.604777673
Assam,JORHAT,2006,Kharif,Arhar/Tur,19,11,0.578947368
Assam,JORHAT,2006,Kharif,Castor seed,11,5,0.454545455
Assam,JORHAT,2006,Kharif,Cotton(lint),5,3,0.6
Assam,JORHAT,2006,Kharif,Jute,136,1317,9.683823529
Assam,JORHAT,2006,Kharif,Maize,17,9,0.529411765
Assam,JORHAT,2006,Kharif,Mesta,1,5,5
Assam,JORHAT,2006,Kharif,Sesamum,81,38,0.469135802
Assam,JORHAT,2006,Kharif,Small millets,40,16,0.4
Assam,JORHAT,2006,Rabi,Gram,3,2,0.666666667
Assam,JORHAT,2006,Rabi,Masoor,422,209,0.495260664
Assam,JORHAT,2006,Rabi,Moong(Green Gram),632,308,0.487341772
Assam,JORHAT,2006,Rabi,Other  Rabi pulses,135,56,0.414814815
Assam,JORHAT,2006,Rabi,Peas & beans (Pulses),587,249,0.424190801
Assam,JORHAT,2006,Rabi,Rapeseed &Mustard,8477,5227,0.61660965
Assam,JORHAT,2006,Rabi,Urad,2786,983,0.352835607
Assam,JORHAT,2006,Rabi,Wheat,341,472,1.384164223
Assam,JORHAT,2006,Summer,Rice,767,1277,1.664928292
Assam,JORHAT,2006,Whole Year,Arecanut,2504,1423,0.568290735
Assam,JORHAT,2006,Whole Year,Banana,2411,32441,13.45541269
Assam,JORHAT,2006,Whole Year,Coconut,569,2257000,3966.608084
Assam,JORHAT,2006,Whole Year,Dry chillies,145,78,0.537931034
Assam,JORHAT,2006,Whole Year,Onion,170,374,2.2
Assam,JORHAT,2006,Whole Year,Potato,1966,10825,5.506103764
Assam,JORHAT,2006,Whole Year,Sugarcane,231,7717,33.40692641
Assam,JORHAT,2006,Whole Year,Sweet potato,36,102,2.833333333
Assam,JORHAT,2006,Whole Year,Tapioca,6,30,5
Assam,JORHAT,2006,Whole Year,Tobacco,8,5,0.625
Assam,JORHAT,2006,Whole Year,Turmeric,172,108,0.627906977
Assam,JORHAT,2006,Winter,Rice,70121,82755,1.18017427
Assam,JORHAT,2007,Autumn,Rice,4520,4281,0.947123894
Assam,JORHAT,2007,Kharif,Arhar/Tur,7,5,0.714285714
Assam,JORHAT,2007,Kharif,Castor seed,11,5,0.454545455
Assam,JORHAT,2007,Kharif,Cotton(lint),4,3,0.75
Assam,JORHAT,2007,Kharif,Jute,121,1328,10.97520661
Assam,JORHAT,2007,Kharif,Maize,26,14,0.538461538
Assam,JORHAT,2007,Kharif,Mesta,1,5,5
Assam,JORHAT,2007,Kharif,Sesamum,80,36,0.45
Assam,JORHAT,2007,Kharif,Small millets,42,16,0.380952381
Assam,JORHAT,2007,Rabi,Masoor,416,206,0.495192308
Assam,JORHAT,2007,Rabi,Moong(Green Gram),897,432,0.481605351
Assam,JORHAT,2007,Rabi,Other  Rabi pulses,142,59,0.415492958
Assam,JORHAT,2007,Rabi,Peas & beans (Pulses),1153,504,0.437120555
Assam,JORHAT,2007,Rabi,Rapeseed &Mustard,8479,7291,0.859889138
Assam,JORHAT,2007,Rabi,Urad,3260,1178,0.361349693
Assam,JORHAT,2007,Rabi,Wheat,338,472,1.396449704
Assam,JORHAT,2007,Summer,Rice,745,1370,1.838926174
Assam,JORHAT,2007,Whole Year,Arecanut,2540,1653,0.650787402
Assam,JORHAT,2007,Whole Year,Banana,2306,31028,13.45533391
Assam,JORHAT,2007,Whole Year,Black pepper,419,522,1.245823389
Assam,JORHAT,2007,Whole Year,Coconut,345,3122000,9049.275362
Assam,JORHAT,2007,Whole Year,Dry chillies,146,80,0.547945205
Assam,JORHAT,2007,Whole Year,Dry ginger,30,204,6.8
Assam,JORHAT,2007,Whole Year,Onion,181,398,2.198895028
Assam,JORHAT,2007,Whole Year,Potato,1495,5833,3.901672241
Assam,JORHAT,2007,Whole Year,Sugarcane,362,12066,33.33149171
Assam,JORHAT,2007,Whole Year,Sweet potato,42,118,2.80952381
Assam,JORHAT,2007,Whole Year,Tapioca,6,30,5
Assam,JORHAT,2007,Whole Year,Tobacco,7,5,0.714285714
Assam,JORHAT,2007,Whole Year,Turmeric,165,104,0.63030303
Assam,JORHAT,2007,Winter,Rice,81319,110464,1.358403325
Assam,JORHAT,2008,Autumn,Rice,6175,5561,0.900566802
Assam,JORHAT,2008,Kharif,Arhar/Tur,12,7,0.583333333
Assam,JORHAT,2008,Kharif,Castor seed,17,6,0.352941176
Assam,JORHAT,2008,Kharif,Cotton(lint),6,3,0.5
Assam,JORHAT,2008,Kharif,Jute,140,1508,10.77142857
Assam,JORHAT,2008,Kharif,Maize,24,13,0.541666667
Assam,JORHAT,2008,Kharif,Mesta,4,20,5
Assam,JORHAT,2008,Kharif,Niger seed,15,7,0.466666667
Assam,JORHAT,2008,Kharif,Sesamum,72,31,0.430555556
Assam,JORHAT,2008,Kharif,Small millets,10,4,0.4
Assam,JORHAT,2008,Rabi,Blackgram,1890,877,0.464021164
Assam,JORHAT,2008,Rabi,Gram,1,1,1
Assam,JORHAT,2008,Rabi,Masoor,108,53,0.490740741
Assam,JORHAT,2008,Rabi,Moong(Green Gram),280,132,0.471428571
Assam,JORHAT,2008,Rabi,Peas & beans (Pulses),1415,593,0.419081272
Assam,JORHAT,2008,Rabi,Rapeseed &Mustard,11419,7699,0.674227165
Assam,JORHAT,2008,Rabi,Urad,1890,877,0.464021164
Assam,JORHAT,2008,Rabi,Wheat,349,405,1.160458453
Assam,JORHAT,2008,Summer,Rice,349,369,1.05730659
Assam,JORHAT,2008,Whole Year,Arecanut,2959,2481,0.838458939
Assam,JORHAT,2008,Whole Year,Banana,2137,30543,14.29246607
Assam,JORHAT,2008,Whole Year,Black pepper,647,807,1.247295209
Assam,JORHAT,2008,Whole Year,Coconut,345,1425000,4130.434783
Assam,JORHAT,2008,Whole Year,Dry chillies,136,73,0.536764706
Assam,JORHAT,2008,Whole Year,Dry ginger,433,2949,6.810623557
Assam,JORHAT,2008,Whole Year,Onion,77,169,2.194805195
Assam,JORHAT,2008,Whole Year,Potato,2027,10719,5.288110508
Assam,JORHAT,2008,Whole Year,Sugarcane,367,11337,30.89100817
Assam,JORHAT,2008,Whole Year,Sweet potato,55,155,2.818181818
Assam,JORHAT,2008,Whole Year,Tapioca,11,54,4.909090909
Assam,JORHAT,2008,Whole Year,Tobacco,8,5,0.625
Assam,JORHAT,2008,Whole Year,Turmeric,210,132,0.628571429
Assam,JORHAT,2008,Winter,Rice,80328,131090,1.63193407
Assam,JORHAT,2009,Autumn,Rice,5443,6369,1.170126768
Assam,JORHAT,2009,Kharif,Arhar/Tur,41,24,0.585365854
Assam,JORHAT,2009,Kharif,Castor seed,15,6,0.4
Assam,JORHAT,2009,Kharif,Cotton(lint),6,2,0.333333333
Assam,JORHAT,2009,Kharif,Jute,93,1016,10.92473118
Assam,JORHAT,2009,Kharif,Maize,62,32,0.516129032
Assam,JORHAT,2009,Kharif,Mesta,4,20,5
Assam,JORHAT,2009,Kharif,Sesamum,71,32,0.450704225
Assam,JORHAT,2009,Kharif,Small millets,2,13,6.5
Assam,JORHAT,2009,Rabi,Banana,2408,33073,13.73463455
Assam,JORHAT,2009,Rabi,Gram,4,2,0.5
Assam,JORHAT,2009,Rabi,Linseed,3,2,0.666666667
Assam,JORHAT,2009,Rabi,Masoor,66,33,0.5
Assam,JORHAT,2009,Rabi,Moong(Green Gram),1475,707,0.479322034
Assam,JORHAT,2009,Rabi,Peas & beans (Pulses),1548,670,0.432816537
Assam,JORHAT,2009,Rabi,Rapeseed &Mustard,10634,6804,0.639834493
Assam,JORHAT,2009,Rabi,Urad,5125,2216,0.432390244
Assam,JORHAT,2009,Rabi,Wheat,242,311,1.285123967
Assam,JORHAT,2009,Summer,Rice,3930,4290,1.091603053
Assam,JORHAT,2009,Whole Year,Arecanut,2980,1881,0.631208054
Assam,JORHAT,2009,Whole Year,Banana,2408,33073,13.73463455
Assam,JORHAT,2009,Whole Year,Black pepper,107,133,1.242990654
Assam,JORHAT,2009,Whole Year,Coconut,317,3089000,9744.479495
Assam,JORHAT,2009,Whole Year,Dry chillies,120,65,0.541666667
Assam,JORHAT,2009,Whole Year,Dry ginger,191,1300,6.806282723
Assam,JORHAT,2009,Whole Year,Onion,136,299,2.198529412
Assam,JORHAT,2009,Whole Year,Potato,1727,7533,4.361899247
Assam,JORHAT,2009,Whole Year,Sugarcane,332,11039,33.25
Assam,JORHAT,2009,Whole Year,Sweet potato,67,190,2.835820896
Assam,JORHAT,2009,Whole Year,Tapioca,4,20,5
Assam,JORHAT,2009,Whole Year,Tobacco,8,5,0.625
Assam,JORHAT,2009,Whole Year,Turmeric,377,237,0.628647215
Assam,JORHAT,2009,Winter,Rice,87672,177520,2.024819783
Assam,JORHAT,2010,Autumn,Rice,3353,3205,0.955860424
Assam,JORHAT,2010,Kharif,Arhar/Tur,49,29,0.591836735
Assam,JORHAT,2010,Kharif,Castor seed,23,9,0.391304348
Assam,JORHAT,2010,Kharif,Cotton(lint),7,3,0.428571429
Assam,JORHAT,2010,Kharif,Jute,73,734,10.05479452
Assam,JORHAT,2010,Kharif,Maize,69,36,0.52173913
Assam,JORHAT,2010,Kharif,Mesta,3,15,5
Assam,JORHAT,2010,Kharif,Sesamum,72,39,0.541666667
Assam,JORHAT,2010,Kharif,Small millets,55,27,0.490909091
Assam,JORHAT,2010,Rabi,Arecanut,2980,1881,0.631208054
Assam,JORHAT,2010,Rabi,Banana,2152,29727,13.81366171
Assam,JORHAT,2010,Rabi,Gram,2,1,0.5
Assam,JORHAT,2010,Rabi,Linseed,1,1,1
Assam,JORHAT,2010,Rabi,Masoor,76,37,0.486842105
Assam,JORHAT,2010,Rabi,Moong(Green Gram),1950,937,0.480512821
Assam,JORHAT,2010,Rabi,Peas & beans (Pulses),1664,721,0.433293269
Assam,JORHAT,2010,Rabi,Rapeseed &Mustard,10600,4615,0.435377358
Assam,JORHAT,2010,Rabi,Urad,7549,2282,0.302291694
Assam,JORHAT,2010,Rabi,Wheat,115,100,0.869565217
Assam,JORHAT,2010,Summer,Rice,3864,3597,0.930900621
Assam,JORHAT,2010,Whole Year,Banana,2152,29727,13.81366171
Assam,JORHAT,2010,Whole Year,Black pepper,119,148,1.243697479
Assam,JORHAT,2010,Whole Year,Coconut,317,3089000,9744.479495
Assam,JORHAT,2010,Whole Year,Dry chillies,131,70,0.534351145
Assam,JORHAT,2010,Whole Year,Dry ginger,286,1947,6.807692308
Assam,JORHAT,2010,Whole Year,Onion,162,356,2.197530864
Assam,JORHAT,2010,Whole Year,Potato,2178,10986,5.044077135
Assam,JORHAT,2010,Whole Year,Sugarcane,510,14060,27.56862745
Assam,JORHAT,2010,Whole Year,Sweet potato,63,179,2.841269841
Assam,JORHAT,2010,Whole Year,Tapioca,3,15,5
Assam,JORHAT,2010,Whole Year,Tobacco,7,4,0.571428571
Assam,JORHAT,2010,Whole Year,Turmeric,360,226,0.627777778
Assam,JORHAT,2010,Winter,Rice,85597,175077,2.045363739
Assam,JORHAT,2011,Autumn,Paddy,3083,2195,0.711968861
Assam,JORHAT,2011,Autumn,Rice,3083,2195,0.711968861
Assam,JORHAT,2011,Kharif,Arhar/Tur,28,20,0.714285714
Assam,JORHAT,2011,Kharif,Castor seed,14,6,0.428571429
Assam,JORHAT,2011,Kharif,Cotton(lint),4,3,0.75
Assam,JORHAT,2011,Kharif,Jute,89,832,9.348314607
Assam,JORHAT,2011,Kharif,Maize,22,13,0.590909091
Assam,JORHAT,2011,Kharif,Mesta,5,27,5.4
Assam,JORHAT,2011,Kharif,Orange,169,2027,11.99408284
Assam,JORHAT,2011,Kharif,Papaya,306,4829,15.78104575
Assam,JORHAT,2011,Kharif,Sesamum,58,33,0.568965517
Assam,JORHAT,2011,Kharif,Tapioca,4,40,10
Assam,JORHAT,2011,Kharif,Tobacco,6,3,0.5
Assam,JORHAT,2011,Rabi,Arecanut,2737,2017,0.736938254
Assam,JORHAT,2011,Rabi,Black pepper,95,117,1.231578947
Assam,JORHAT,2011,Rabi,Dry chillies,151,104,0.688741722
Assam,JORHAT,2011,Rabi,Ginger,168,1318,7.845238095
Assam,JORHAT,2011,Rabi,Linseed,3,2,0.666666667
Assam,JORHAT,2011,Rabi,Masoor,57,30,0.526315789
Assam,JORHAT,2011,Rabi,Moong(Green Gram),2110,1143,0.541706161
Assam,JORHAT,2011,Rabi,Peas & beans (Pulses),1271,564,0.443745083
Assam,JORHAT,2011,Rabi,Pineapple,97,1521,15.68041237
Assam,JORHAT,2011,Rabi,Rapeseed &Mustard,8852,4634,0.523497515
Assam,JORHAT,2011,Rabi,Sweet potato,74,244,3.297297297
Assam,JORHAT,2011,Rabi,Urad,7228,2960,0.409518539
Assam,JORHAT,2011,Rabi,Wheat,22,22,1
Assam,JORHAT,2011,Summer,Paddy,4035,4968,1.231226766
Assam,JORHAT,2011,Summer,Rice,4035,4968,1.231226766
Assam,JORHAT,2011,Whole Year,Banana,2284,33108,14.49562172
Assam,JORHAT,2011,Whole Year,Coconut,407,6525,16.03194103
Assam,JORHAT,2011,Whole Year,Onion,171,388,2.269005848
Assam,JORHAT,2011,Whole Year,Potato,2464,17467,7.08887987
Assam,JORHAT,2011,Whole Year,Sugarcane,464,14809,31.91594828
Assam,JORHAT,2011,Whole Year,Turmeric,293,86,0.293515358
Assam,JORHAT,2011,Winter,Paddy,85627,160882,1.878869983
Assam,JORHAT,2011,Winter,Rice,85627,160882,1.878869983
Assam,JORHAT,2012,Autumn,Paddy,3272,2652,0.810513447
Assam,JORHAT,2012,Autumn,Rice,3272,2652,0.810513447
Assam,JORHAT,2012,Kharif,Arhar/Tur,32,25,0.78125
Assam,JORHAT,2012,Kharif,Castor seed,19,9,0.473684211
Assam,JORHAT,2012,Kharif,Cotton(lint),7,3,0.428571429
Assam,JORHAT,2012,Kharif,Jute,55,472,8.581818182
Assam,JORHAT,2012,Kharif,Maize,28,20,0.714285714
Assam,JORHAT,2012,Kharif,Mesta,2,10,5
Assam,JORHAT,2012,Kharif,Orange,104,1336,12.84615385
Assam,JORHAT,2012,Kharif,Papaya,294,4666,15.8707483
Assam,JORHAT,2012,Kharif,Sesamum,59,36,0.610169492
Assam,JORHAT,2012,Kharif,Small millets,40,16,0.4
Assam,JORHAT,2012,Kharif,Tapioca,5,52,10.4
Assam,JORHAT,2012,Kharif,Tobacco,3,2,0.666666667
Assam,JORHAT,2012,Rabi,Arecanut,2532,1610,0.635860979
Assam,JORHAT,2012,Rabi,Black pepper,122,178,1.459016393
Assam,JORHAT,2012,Rabi,Dry chillies,212,154,0.726415094
Assam,JORHAT,2012,Rabi,Ginger,248,1951,7.866935484
Assam,JORHAT,2012,Rabi,Gram,10,6,0.6
Assam,JORHAT,2012,Rabi,Linseed,6,3,0.5
Assam,JORHAT,2012,Rabi,Masoor,175,101,0.577142857
Assam,JORHAT,2012,Rabi,Moong(Green Gram),1341,812,0.60551827
Assam,JORHAT,2012,Rabi,Peas & beans (Pulses),4710,2227,0.472823779
Assam,JORHAT,2012,Rabi,Pineapple,112,1858,16.58928571
Assam,JORHAT,2012,Rabi,Rapeseed &Mustard,11195,7817,0.698258151
Assam,JORHAT,2012,Rabi,Sweet potato,70,238,3.4
Assam,JORHAT,2012,Rabi,Urad,4644,1628,0.350559862
Assam,JORHAT,2012,Rabi,Wheat,39,51,1.307692308
Assam,JORHAT,2012,Summer,Rice,4953,7657,1.545931759
Assam,JORHAT,2012,Whole Year,Banana,1967,30478,15.49466192
Assam,JORHAT,2012,Whole Year,Coconut,404,4278,10.58910891
Assam,JORHAT,2012,Whole Year,Onion,149,341,2.288590604
Assam,JORHAT,2012,Whole Year,Potato,1612,10601,6.57630273
Assam,JORHAT,2012,Whole Year,Sugarcane,823,22877,27.79708384
Assam,JORHAT,2012,Whole Year,Turmeric,361,171,0.473684211
Assam,JORHAT,2012,Winter,Paddy,72092,165955,2.301989125
Assam,JORHAT,2012,Winter,Rice,72092,165955,2.301989125
Assam,JORHAT,2013,Autumn,Paddy,3267,3282,1.004591368
Assam,JORHAT,2013,Autumn,Rice,3267,3282,1.004591368
Assam,JORHAT,2013,Kharif,Arhar/Tur,38,31,0.815789474
Assam,JORHAT,2013,Kharif,Castor seed,18,9,0.5
Assam,JORHAT,2013,Kharif,Cotton(lint),8,4,0.5
Assam,JORHAT,2013,Kharif,Jute,54,555,10.27777778
Assam,JORHAT,2013,Kharif,Maize,29,117,4.034482759
Assam,JORHAT,2013,Kharif,Mesta,3,15,5
Assam,JORHAT,2013,Kharif,Orange,71,912,12.84507042
Assam,JORHAT,2013,Kharif,Papaya,277,4397,15.87364621
Assam,JORHAT,2013,Kharif,Sesamum,63,42,0.666666667
Assam,JORHAT,2013,Kharif,Small millets,322,164,0.50931677
Assam,JORHAT,2013,Kharif,Tapioca,7,72,10.28571429
Assam,JORHAT,2013,Kharif,Tobacco,4,2,0.5
Assam,JORHAT,2013,Rabi,Arecanut,2856,1885,0.660014006
Assam,JORHAT,2013,Rabi,Black pepper,103,151,1.466019417
Assam,JORHAT,2013,Rabi,Dry chillies,210,153,0.728571429
Assam,JORHAT,2013,Rabi,Ginger,218,1714,7.862385321
Assam,JORHAT,2013,Rabi,Gram,8,4,0.5
Assam,JORHAT,2013,Rabi,Linseed,8,5,0.625
Assam,JORHAT,2013,Rabi,Masoor,179,106,0.592178771
Assam,JORHAT,2013,Rabi,Moong(Green Gram),2062,1271,0.616391853
Assam,JORHAT,2013,Rabi,Peas & beans (Pulses),1993,1339,0.67185148
Assam,JORHAT,2013,Rabi,Pineapple,94,1560,16.59574468
Assam,JORHAT,2013,Rabi,Rapeseed &Mustard,11362,9118,0.80249956
Assam,JORHAT,2013,Rabi,Sweet potato,63,214,3.396825397
Assam,JORHAT,2013,Rabi,Urad,4893,1709,0.349274474
Assam,JORHAT,2013,Rabi,Wheat,41,54,1.317073171
Assam,JORHAT,2013,Summer,Paddy,4663,7233,1.55114733
Assam,JORHAT,2013,Summer,Rice,4663,7233,1.55114733
Assam,JORHAT,2013,Whole Year,Banana,1845,28588,15.49485095
Assam,JORHAT,2013,Whole Year,Coconut,474,3098,6.535864979
Assam,JORHAT,2013,Whole Year,Onion,168,384,2.285714286
Assam,JORHAT,2013,Whole Year,Potato,1569,9871,6.291268324
Assam,JORHAT,2013,Whole Year,Sugarcane,829,23795,28.70325694
Assam,JORHAT,2013,Whole Year,Turmeric,332,157,0.472891566
Assam,JORHAT,2013,Winter,Paddy,86181,178210,2.067857184
Assam,JORHAT,2013,Winter,Rice,86181,178210,2.067857184
Assam,JORHAT,2014,Autumn,Paddy,3396,4569,1.34540636
Assam,JORHAT,2014,Autumn,Rice,3396,4569,1.34540636
Assam,JORHAT,2014,Kharif,Arhar/Tur,32,29,0.90625
Assam,JORHAT,2014,Kharif,Castor seed,15,8,0.533333333
Assam,JORHAT,2014,Kharif,Cotton(lint),15,6,0.4
Assam,JORHAT,2014,Kharif,Jute,53,577,10.88679245
Assam,JORHAT,2014,Kharif,Maize,25,63,2.52
Assam,JORHAT,2014,Kharif,Mesta,6,33,5.5
Assam,JORHAT,2014,Kharif,Orange,73,939,12.8630137
Assam,JORHAT,2014,Kharif,Papaya,255,4047,15.87058824
Assam,JORHAT,2014,Kharif,Sesamum,60,39,0.65
Assam,JORHAT,2014,Kharif,Small millets,98,63,0.642857143
Assam,JORHAT,2014,Kharif,Tapioca,6,63,10.5
Assam,JORHAT,2014,Kharif,Tobacco,3,2,0.666666667
Assam,JORHAT,2014,Rabi,Black pepper,108,158,1.462962963
Assam,JORHAT,2014,Rabi,Dry chillies,215,159,0.739534884
Assam,JORHAT,2014,Rabi,Ginger,235,1853,7.885106383
Assam,JORHAT,2014,Rabi,Gram,8,6,0.75
Assam,JORHAT,2014,Rabi,Linseed,5,3,0.6
Assam,JORHAT,2014,Rabi,Masoor,185,142,0.767567568
Assam,JORHAT,2014,Rabi,Moong(Green Gram),1320,887,0.671969697
Assam,JORHAT,2014,Rabi,Peas & beans (Pulses),2051,1288,0.627986348
Assam,JORHAT,2014,Rabi,Pineapple,130,2157,16.59230769
Assam,JORHAT,2014,Rabi,Rapeseed &Mustard,10365,8129,0.784273999
Assam,JORHAT,2014,Rabi,Sweet potato,58,197,3.396551724
Assam,JORHAT,2014,Rabi,Urad,5005,1739,0.347452547
Assam,JORHAT,2014,Rabi,Wheat,14,17,1.214285714
Assam,JORHAT,2014,Summer,Paddy,4632,7242,1.563471503
Assam,JORHAT,2014,Summer,Rice,4632,7242,1.563471503
Assam,JORHAT,2014,Whole Year,Banana,2236,34646,15.49463327
Assam,JORHAT,2014,Whole Year,Onion,176,403,2.289772727
Assam,JORHAT,2014,Whole Year,Potato,1661,11875,7.149307646
Assam,JORHAT,2014,Whole Year,Sugarcane,833,24712,29.66626651
Assam,JORHAT,2014,Whole Year,Turmeric,351,200,0.56980057
Assam,JORHAT,2014,Winter,Paddy,83865,164739,1.964335539
Assam,JORHAT,2014,Winter,Rice,83865,164739,1.964335539
Assam,KAMRUP,1997,Autumn,Rice,52303,38310,0.732462765
Assam,KAMRUP,1997,Kharif,Arhar/Tur,411,329,0.800486618
Assam,KAMRUP,1997,Kharif,Cotton(lint),100,48,0.48
Assam,KAMRUP,1997,Kharif,Jute,6445,48996,7.602172227
Assam,KAMRUP,1997,Kharif,Maize,400,248,0.62
Assam,KAMRUP,1997,Kharif,Mesta,332,1597,4.810240964
Assam,KAMRUP,1997,Kharif,Sugarcane,608,45594,74.99013158
Assam,KAMRUP,1997,Rabi,Gram,308,95,0.308441558
Assam,KAMRUP,1997,Rabi,Linseed,841,370,0.439952438
Assam,KAMRUP,1997,Rabi,Other  Rabi pulses,9267,4553,0.491313262
Assam,KAMRUP,1997,Rabi,Rapeseed &Mustard,14704,7479,0.508637106
Assam,KAMRUP,1997,Rabi,Wheat,6442,7614,1.181931077
Assam,KAMRUP,1997,Summer,Rice,20849,27883,1.337378292
Assam,KAMRUP,1997,Whole Year,Arecanut,5611,3395,0.605061486
Assam,KAMRUP,1997,Whole Year,Coconut,1866,12892,6.908896034
Assam,KAMRUP,1997,Whole Year,Dry chillies,958,427,0.445720251
Assam,KAMRUP,1997,Whole Year,Niger seed,761,381,0.50065703
Assam,KAMRUP,1997,Whole Year,Onion,528,1454,2.753787879
Assam,KAMRUP,1997,Whole Year,Potato,8059,84763,10.51780618
Assam,KAMRUP,1997,Whole Year,Sesamum,1674,687,0.410394265
Assam,KAMRUP,1997,Whole Year,Sweet potato,806,2009,2.492555831
Assam,KAMRUP,1997,Whole Year,Tapioca,237,853,3.599156118
Assam,KAMRUP,1997,Whole Year,Tobacco,368,1,0.002717391
Assam,KAMRUP,1997,Whole Year,Turmeric,913,793,0.86856517
Assam,KAMRUP,1997,Winter,Rice,104645,108106,1.033073725
Assam,KAMRUP,1998,Autumn,Rice,47321,42284,0.893556772
Assam,KAMRUP,1998,Kharif,Arhar/Tur,456,366,0.802631579
Assam,KAMRUP,1998,Kharif,Castor seed,221,72,0.325791855
Assam,KAMRUP,1998,Kharif,Cotton(lint),104,49,0.471153846
Assam,KAMRUP,1998,Kharif,Jute,5313,46994,8.845096932
Assam,KAMRUP,1998,Kharif,Maize,313,194,0.619808307
Assam,KAMRUP,1998,Kharif,Mesta,270,1299,4.811111111
Assam,KAMRUP,1998,Kharif,Niger seed,888,445,0.501126126
Assam,KAMRUP,1998,Kharif,Sesamum,1683,691,0.410576352
Assam,KAMRUP,1998,Kharif,Small millets,32,14,0.4375
Assam,KAMRUP,1998,Rabi,Gram,305,95,0.31147541
Assam,KAMRUP,1998,Rabi,Linseed,836,367,0.438995215
Assam,KAMRUP,1998,Rabi,Other  Rabi pulses,9540,5879,0.616247379
Assam,KAMRUP,1998,Rabi,Rapeseed &Mustard,15417,6455,0.41869365
Assam,KAMRUP,1998,Rabi,Wheat,6431,6940,1.079147877
Assam,KAMRUP,1998,Summer,Rice,21860,43305,1.981015554
Assam,KAMRUP,1998,Whole Year,Arecanut,5400,3011,0.557592593
Assam,KAMRUP,1998,Whole Year,Banana,3342,43192,12.92399761
Assam,KAMRUP,1998,Whole Year,Coconut,1875,18578000,9908.266667
Assam,KAMRUP,1998,Whole Year,Dry chillies,961,434,0.451612903
Assam,KAMRUP,1998,Whole Year,Onion,414,1110,2.68115942
Assam,KAMRUP,1998,Whole Year,Potato,8082,55071,6.81403118
Assam,KAMRUP,1998,Whole Year,Sugarcane,639,27561,43.1314554
Assam,KAMRUP,1998,Whole Year,Sweet potato,778,1939,2.492287918
Assam,KAMRUP,1998,Whole Year,Tapioca,160,576,3.6
Assam,KAMRUP,1998,Whole Year,Tobacco,345,120,0.347826087
Assam,KAMRUP,1998,Whole Year,Turmeric,953,828,0.868835257
Assam,KAMRUP,1998,Winter,Rice,104737,139738,1.334179898
Assam,KAMRUP,1999,Autumn,Rice,34903,41783,1.197117726
Assam,KAMRUP,1999,Kharif,Arhar/Tur,447,358,0.800894855
Assam,KAMRUP,1999,Kharif,Castor seed,204,61,0.299019608
Assam,KAMRUP,1999,Kharif,Cotton(lint),102,48,0.470588235
Assam,KAMRUP,1999,Kharif,Jute,4842,27435,5.666047088
Assam,KAMRUP,1999,Kharif,Maize,302,187,0.619205298
Assam,KAMRUP,1999,Kharif,Mesta,247,1190,4.817813765
Assam,KAMRUP,1999,Kharif,Niger seed,735,368,0.500680272
Assam,KAMRUP,1999,Kharif,Sesamum,1800,751,0.417222222
Assam,KAMRUP,1999,Kharif,Small millets,642,276,0.429906542
Assam,KAMRUP,1999,Rabi,Gram,282,89,0.315602837
Assam,KAMRUP,1999,Rabi,Linseed,805,354,0.439751553
Assam,KAMRUP,1999,Rabi,Other  Rabi pulses,8462,4656,0.550224533
Assam,KAMRUP,1999,Rabi,Rapeseed &Mustard,15444,7790,0.504403004
Assam,KAMRUP,1999,Rabi,Wheat,6729,8325,1.237182345
Assam,KAMRUP,1999,Summer,Rice,31307,51066,1.631136806
Assam,KAMRUP,1999,Whole Year,Arecanut,5217,3355,0.643089898
Assam,KAMRUP,1999,Whole Year,Banana,2785,35978,12.91849192
Assam,KAMRUP,1999,Whole Year,Coconut,1973,14462000,7329.954384
Assam,KAMRUP,1999,Whole Year,Dry chillies,922,416,0.451193059
Assam,KAMRUP,1999,Whole Year,Onion,548,1511,2.75729927
Assam,KAMRUP,1999,Whole Year,Potato,7577,70935,9.361884651
Assam,KAMRUP,1999,Whole Year,Sugarcane,744,26418,35.50806452
Assam,KAMRUP,1999,Whole Year,Sweet potato,604,1505,2.491721854
Assam,KAMRUP,1999,Whole Year,Tapioca,159,572,3.597484277
Assam,KAMRUP,1999,Whole Year,Tobacco,307,109,0.35504886
Assam,KAMRUP,1999,Whole Year,Turmeric,955,821,0.859685864
Assam,KAMRUP,1999,Winter,Rice,103004,147321,1.430245427
Assam,KAMRUP,2000,Autumn,Rice,31958,39817,1.245916515
Assam,KAMRUP,2000,Kharif,Arhar/Tur,457,366,0.800875274
Assam,KAMRUP,2000,Kharif,Castor seed,200,64,0.32
Assam,KAMRUP,2000,Kharif,Cotton(lint),107,50,0.46728972
Assam,KAMRUP,2000,Kharif,Jute,4559,48442,10.62557578
Assam,KAMRUP,2000,Kharif,Maize,355,220,0.61971831
Assam,KAMRUP,2000,Kharif,Mesta,227,1094,4.81938326
Assam,KAMRUP,2000,Kharif,Niger seed,953,477,0.500524659
Assam,KAMRUP,2000,Kharif,Sesamum,1805,752,0.416620499
Assam,KAMRUP,2000,Kharif,Small millets,644,277,0.430124224
Assam,KAMRUP,2000,Rabi,Gram,282,89,0.315602837
Assam,KAMRUP,2000,Rabi,Linseed,771,336,0.435797665
Assam,KAMRUP,2000,Rabi,Other  Rabi pulses,8280,4683,0.56557971
Assam,KAMRUP,2000,Rabi,Rapeseed &Mustard,15849,7792,0.491639851
Assam,KAMRUP,2000,Rabi,Wheat,6790,6675,0.983063328
Assam,KAMRUP,2000,Summer,Rice,44053,88127,2.000476699
Assam,KAMRUP,2000,Whole Year,Arecanut,5256,4407,0.83847032
Assam,KAMRUP,2000,Whole Year,Banana,2656,34308,12.91716867
Assam,KAMRUP,2000,Whole Year,Coconut,2072,15504000,7482.625483
Assam,KAMRUP,2000,Whole Year,Dry chillies,925,416,0.44972973
Assam,KAMRUP,2000,Whole Year,Onion,558,1539,2.758064516
Assam,KAMRUP,2000,Whole Year,Potato,7619,61509,8.073106707
Assam,KAMRUP,2000,Whole Year,Sugarcane,744,27452,36.89784946
Assam,KAMRUP,2000,Whole Year,Sweet potato,617,1536,2.489465154
Assam,KAMRUP,2000,Whole Year,Tapioca,152,547,3.598684211
Assam,KAMRUP,2000,Whole Year,Tobacco,279,100,0.358422939
Assam,KAMRUP,2000,Whole Year,Turmeric,960,831,0.865625
Assam,KAMRUP,2000,Winter,Rice,102850,141287,1.373719008
Assam,KAMRUP,2001,Autumn,Rice,28748,28186,0.980450814
Assam,KAMRUP,2001,Kharif,Arhar/Tur,427,342,0.800936768
Assam,KAMRUP,2001,Kharif,Castor seed,197,62,0.314720812
Assam,KAMRUP,2001,Kharif,Cotton(lint),100,47,0.47
Assam,KAMRUP,2001,Kharif,Jute,3646,38726,10.62150302
Assam,KAMRUP,2001,Kharif,Maize,317,197,0.621451104
Assam,KAMRUP,2001,Kharif,Mesta,218,1050,4.816513761
Assam,KAMRUP,2001,Kharif,Niger seed,1648,824,0.5
Assam,KAMRUP,2001,Kharif,Sesamum,1822,763,0.418770582
Assam,KAMRUP,2001,Kharif,Small millets,38,16,0.421052632
Assam,KAMRUP,2001,Rabi,Gram,270,86,0.318518519
Assam,KAMRUP,2001,Rabi,Linseed,747,324,0.43373494
Assam,KAMRUP,2001,Rabi,Masoor,2867,1294,0.451342867
Assam,KAMRUP,2001,Rabi,Moong(Green Gram),766,271,0.353785901
Assam,KAMRUP,2001,Rabi,Other  Rabi pulses,9634,5842,0.606394021
Assam,KAMRUP,2001,Rabi,Peas & beans (Pulses),2683,2083,0.776369735
Assam,KAMRUP,2001,Rabi,Rapeseed &Mustard,17176,8937,0.52031905
Assam,KAMRUP,2001,Rabi,Urad,3248,2163,0.665948276
Assam,KAMRUP,2001,Rabi,Wheat,6282,8253,1.313753582
Assam,KAMRUP,2001,Summer,Rice,44836,97006,2.163573914
Assam,KAMRUP,2001,Whole Year,Arecanut,5316,3505,0.659330324
Assam,KAMRUP,2001,Whole Year,Banana,2690,34747,12.91710037
Assam,KAMRUP,2001,Whole Year,Coconut,2091,23123000,11058.34529
Assam,KAMRUP,2001,Whole Year,Dry chillies,874,394,0.450800915
Assam,KAMRUP,2001,Whole Year,Onion,570,1570,2.754385965
Assam,KAMRUP,2001,Whole Year,Potato,7559,50456,6.674957005
Assam,KAMRUP,2001,Whole Year,Sugarcane,781,33882,43.38284251
Assam,KAMRUP,2001,Whole Year,Sweet potato,624,1552,2.487179487
Assam,KAMRUP,2001,Whole Year,Tapioca,114,417,3.657894737
Assam,KAMRUP,2001,Whole Year,Tobacco,258,95,0.368217054
Assam,KAMRUP,2001,Whole Year,Turmeric,944,818,0.866525424
Assam,KAMRUP,2001,Winter,Rice,98378,139064,1.413568074
Assam,KAMRUP,2002,Autumn,Rice,28235,26504,0.938693111
Assam,KAMRUP,2002,Kharif,Arhar/Tur,370,296,0.8
Assam,KAMRUP,2002,Kharif,Castor seed,167,52,0.311377246
Assam,KAMRUP,2002,Kharif,Cotton(lint),93,43,0.462365591
Assam,KAMRUP,2002,Kharif,Jute,3459,32223,9.315698179
Assam,KAMRUP,2002,Kharif,Maize,287,178,0.620209059
Assam,KAMRUP,2002,Kharif,Mesta,212,1020,4.811320755
Assam,KAMRUP,2002,Kharif,Niger seed,1666,833,0.5
Assam,KAMRUP,2002,Kharif,Sesamum,1736,727,0.418778802
Assam,KAMRUP,2002,Kharif,Small millets,38,16,0.421052632
Assam,KAMRUP,2002,Rabi,Gram,245,78,0.318367347
Assam,KAMRUP,2002,Rabi,Linseed,547,245,0.447897623
Assam,KAMRUP,2002,Rabi,Masoor,2331,1073,0.46031746
Assam,KAMRUP,2002,Rabi,Moong(Green Gram),732,259,0.353825137
Assam,KAMRUP,2002,Rabi,Other  Rabi pulses,8780,5158,0.587471526
Assam,KAMRUP,2002,Rabi,Peas & beans (Pulses),2645,2048,0.774291115
Assam,KAMRUP,2002,Rabi,Rapeseed &Mustard,16869,10676,0.632876875
Assam,KAMRUP,2002,Rabi,Urad,3005,1748,0.581697171
Assam,KAMRUP,2002,Rabi,Wheat,5983,5452,0.911248538
Assam,KAMRUP,2002,Summer,Rice,44981,75907,1.687534737
Assam,KAMRUP,2002,Whole Year,Arecanut,5325,2232,0.41915493
Assam,KAMRUP,2002,Whole Year,Banana,2847,36779,12.91851071
Assam,KAMRUP,2002,Whole Year,Coconut,2101,22559000,10737.26797
Assam,KAMRUP,2002,Whole Year,Dry chillies,856,386,0.450934579
Assam,KAMRUP,2002,Whole Year,Onion,551,1528,2.773139746
Assam,KAMRUP,2002,Whole Year,Orange,295,2988,10.12881356
Assam,KAMRUP,2002,Whole Year,Papaya,426,7923,18.59859155
Assam,KAMRUP,2002,Whole Year,Pineapple,1935,33710,17.42118863
Assam,KAMRUP,2002,Whole Year,Potato,7534,49528,6.57393151
Assam,KAMRUP,2002,Whole Year,Sugarcane,739,32098,43.43437077
Assam,KAMRUP,2002,Whole Year,Sweet potato,608,1513,2.488486842
Assam,KAMRUP,2002,Whole Year,Tapioca,110,396,3.6
Assam,KAMRUP,2002,Whole Year,Tobacco,238,87,0.365546218
Assam,KAMRUP,2002,Whole Year,Turmeric,939,811,0.863684771
Assam,KAMRUP,2002,Winter,Rice,95669,142919,1.493890393
Assam,KAMRUP,2003,Autumn,Rice,28029,30147,1.075564594
Assam,KAMRUP,2003,Kharif,Arhar/Tur,357,285,0.798319328
Assam,KAMRUP,2003,Kharif,Castor seed,108,34,0.314814815
Assam,KAMRUP,2003,Kharif,Cotton(lint),64,30,0.46875
Assam,KAMRUP,2003,Kharif,Jute,3351,28204,8.416592062
Assam,KAMRUP,2003,Kharif,Maize,260,161,0.619230769
Assam,KAMRUP,2003,Kharif,Mesta,196,943,4.81122449
Assam,KAMRUP,2003,Kharif,Niger seed,1537,769,0.500325309
Assam,KAMRUP,2003,Kharif,Sesamum,1477,608,0.411645227
Assam,KAMRUP,2003,Kharif,Small millets,38,20,0.526315789
Assam,KAMRUP,2003,Rabi,Gram,222,70,0.315315315
Assam,KAMRUP,2003,Rabi,Linseed,515,231,0.448543689
Assam,KAMRUP,2003,Rabi,Masoor,2674,1213,0.453627524
Assam,KAMRUP,2003,Rabi,Moong(Green Gram),712,252,0.353932584
Assam,KAMRUP,2003,Rabi,other misc. pulses,69,30,0.434782609
Assam,KAMRUP,2003,Rabi,Peas & beans (Pulses),2602,2046,0.786318217
Assam,KAMRUP,2003,Rabi,Rapeseed &Mustard,16971,11365,0.669671793
Assam,KAMRUP,2003,Rabi,Urad,2986,1720,0.576021433
Assam,KAMRUP,2003,Rabi,Wheat,5775,4773,0.826493506
Assam,KAMRUP,2003,Summer,Rice,39805,79105,1.987313152
Assam,KAMRUP,2003,Whole Year,Arecanut,5375,6073,1.129860465
Assam,KAMRUP,2003,Whole Year,Banana,2863,36986,12.91861684
Assam,KAMRUP,2003,Whole Year,Coconut,2343,19029000,8121.638924
Assam,KAMRUP,2003,Whole Year,Dry chillies,882,398,0.451247166
Assam,KAMRUP,2003,Whole Year,Onion,560,1557,2.780357143
Assam,KAMRUP,2003,Whole Year,Orange,1363,14130,10.36683786
Assam,KAMRUP,2003,Whole Year,Papaya,432,8051,18.63657407
Assam,KAMRUP,2003,Whole Year,Pineapple,1939,34714,17.90304281
Assam,KAMRUP,2003,Whole Year,Potato,7157,66596,9.305016068
Assam,KAMRUP,2003,Whole Year,Sugarcane,744,30699,41.26209677
Assam,KAMRUP,2003,Whole Year,Sweet potato,592,1471,2.484797297
Assam,KAMRUP,2003,Whole Year,Tapioca,101,366,3.623762376
Assam,KAMRUP,2003,Whole Year,Tobacco,200,69,0.345
Assam,KAMRUP,2003,Whole Year,Turmeric,937,811,0.865528282
Assam,KAMRUP,2003,Winter,Rice,97142,147425,1.517623685
Assam,KAMRUP,2004,Autumn,Rice,28014,11482,0.409866495
Assam,KAMRUP,2004,Kharif,Arhar/Tur,397,317,0.798488665
Assam,KAMRUP,2004,Kharif,Castor seed,20,7,0.35
Assam,KAMRUP,2004,Kharif,Cotton(lint),46,21,0.456521739
Assam,KAMRUP,2004,Kharif,Jute,3335,18463,5.536131934
Assam,KAMRUP,2004,Kharif,Mesta,173,833,4.815028902
Assam,KAMRUP,2004,Kharif,Niger seed,558,279,0.5
Assam,KAMRUP,2004,Kharif,Sesamum,654,272,0.415902141
Assam,KAMRUP,2004,Kharif,Small millets,24,11,0.458333333
Assam,KAMRUP,2004,Rabi,Gram,163,49,0.300613497
Assam,KAMRUP,2004,Rabi,Linseed,441,206,0.467120181
Assam,KAMRUP,2004,Rabi,Masoor,2199,1027,0.467030468
Assam,KAMRUP,2004,Rabi,Moong(Green Gram),594,211,0.355218855
Assam,KAMRUP,2004,Rabi,Other  Rabi pulses,6664,4109,0.616596639
Assam,KAMRUP,2004,Rabi,Peas & beans (Pulses),1851,1542,0.833063209
Assam,KAMRUP,2004,Rabi,Rapeseed &Mustard,8516,5993,0.703734147
Assam,KAMRUP,2004,Rabi,Urad,1911,1271,0.665096808
Assam,KAMRUP,2004,Rabi,Wheat,4106,5093,1.240379932
Assam,KAMRUP,2004,Summer,Rice,24210,63293,2.61433292
Assam,KAMRUP,2004,Whole Year,Coconut,2026,57405000,28334.15597
Assam,KAMRUP,2004,Whole Year,Dry chillies,851,384,0.451233843
Assam,KAMRUP,2004,Whole Year,Onion,567,1674,2.952380952
Assam,KAMRUP,2004,Whole Year,Potato,3101,23400,7.545952918
Assam,KAMRUP,2004,Whole Year,Sugarcane,580,23378,40.30689655
Assam,KAMRUP,2004,Whole Year,Sweet potato,423,1050,2.482269504
Assam,KAMRUP,2004,Whole Year,Tobacco,40,14,0.35
Assam,KAMRUP,2004,Whole Year,Turmeric,813,703,0.864698647
Assam,KAMRUP,2004,Winter,Rice,93947,146500,1.559389869
Assam,KAMRUP,2005,Autumn,Rice,12256,15507,1.265257833
Assam,KAMRUP,2005,Kharif,Arhar/Tur,298,239,0.802013423
Assam,KAMRUP,2005,Kharif,Castor seed,19,6,0.315789474
Assam,KAMRUP,2005,Kharif,Cotton(lint),2,1,0.5
Assam,KAMRUP,2005,Kharif,Jute,3322,45923,13.82390126
Assam,KAMRUP,2005,Kharif,Maize,171,106,0.619883041
Assam,KAMRUP,2005,Kharif,Mesta,199,957,4.809045226
Assam,KAMRUP,2005,Kharif,Niger seed,567,284,0.500881834
Assam,KAMRUP,2005,Kharif,Sesamum,685,281,0.410218978
Assam,KAMRUP,2005,Kharif,Small millets,189,89,0.470899471
Assam,KAMRUP,2005,Rabi,Gram,104,31,0.298076923
Assam,KAMRUP,2005,Rabi,Linseed,378,183,0.484126984
Assam,KAMRUP,2005,Rabi,Masoor,1554,723,0.465250965
Assam,KAMRUP,2005,Rabi,Moong(Green Gram),347,123,0.354466859
Assam,KAMRUP,2005,Rabi,Other  Rabi pulses,5175,3175,0.61352657
Assam,KAMRUP,2005,Rabi,Peas & beans (Pulses),1148,945,0.823170732
Assam,KAMRUP,2005,Rabi,Rapeseed &Mustard,6535,3798,0.581178271
Assam,KAMRUP,2005,Rabi,Urad,1942,1282,0.660144181
Assam,KAMRUP,2005,Rabi,Wheat,2503,2846,1.137035557
Assam,KAMRUP,2005,Summer,Rice,32020,64501,2.014397252
Assam,KAMRUP,2005,Whole Year,Arecanut,4880,6140,1.258196721
Assam,KAMRUP,2005,Whole Year,Banana,2472,31923,12.91383495
Assam,KAMRUP,2005,Whole Year,Dry chillies,862,389,0.451276102
Assam,KAMRUP,2005,Whole Year,Onion,568,1647,2.899647887
Assam,KAMRUP,2005,Whole Year,Potato,3357,21974,6.54572535
Assam,KAMRUP,2005,Whole Year,Sugarcane,748,36227,48.43181818
Assam,KAMRUP,2005,Whole Year,Sweet potato,292,720,2.465753425
Assam,KAMRUP,2005,Whole Year,Tapioca,50,181,3.62
Assam,KAMRUP,2005,Whole Year,Tobacco,11,4,0.363636364
Assam,KAMRUP,2005,Whole Year,Turmeric,777,673,0.866151866
Assam,KAMRUP,2005,Winter,Rice,80078,131306,1.639726267
Assam,KAMRUP,2006,Autumn,Rice,16532,14828,0.896927172
Assam,KAMRUP,2006,Kharif,Arhar/Tur,635,508,0.8
Assam,KAMRUP,2006,Kharif,Castor seed,37,11,0.297297297
Assam,KAMRUP,2006,Kharif,Cotton(lint),7,3,0.428571429
Assam,KAMRUP,2006,Kharif,Jute,3401,49780,14.63687151
Assam,KAMRUP,2006,Kharif,Maize,149,93,0.624161074
Assam,KAMRUP,2006,Kharif,Mesta,109,524,4.80733945
Assam,KAMRUP,2006,Kharif,Niger seed,654,327,0.5
Assam,KAMRUP,2006,Kharif,Sesamum,412,172,0.417475728
Assam,KAMRUP,2006,Kharif,Small millets,164,77,0.469512195
Assam,KAMRUP,2006,Rabi,Gram,81,28,0.345679012
Assam,KAMRUP,2006,Rabi,Linseed,156,74,0.474358974
Assam,KAMRUP,2006,Rabi,Masoor,1452,667,0.459366391
Assam,KAMRUP,2006,Rabi,Moong(Green Gram),584,207,0.354452055
Assam,KAMRUP,2006,Rabi,Other  Rabi pulses,218,109,0.5
Assam,KAMRUP,2006,Rabi,Peas & beans (Pulses),802,629,0.784289277
Assam,KAMRUP,2006,Rabi,Rapeseed &Mustard,7218,3996,0.55361596
Assam,KAMRUP,2006,Rabi,Urad,1130,617,0.546017699
Assam,KAMRUP,2006,Rabi,Wheat,2689,4985,1.853849015
Assam,KAMRUP,2006,Summer,Rice,29985,66485,2.217275304
Assam,KAMRUP,2006,Whole Year,Arecanut,4522,2786,0.616099071
Assam,KAMRUP,2006,Whole Year,Banana,2422,31304,12.92485549
Assam,KAMRUP,2006,Whole Year,Coconut,1479,13771000,9311.02096
Assam,KAMRUP,2006,Whole Year,Dry chillies,763,344,0.4508519
Assam,KAMRUP,2006,Whole Year,Onion,460,1340,2.913043478
Assam,KAMRUP,2006,Whole Year,Potato,3505,33816,9.647931526
Assam,KAMRUP,2006,Whole Year,Sugarcane,779,37928,48.68806162
Assam,KAMRUP,2006,Whole Year,Sweet potato,657,1635,2.488584475
Assam,KAMRUP,2006,Whole Year,Tapioca,33,118,3.575757576
Assam,KAMRUP,2006,Whole Year,Tobacco,3,1,0.333333333
Assam,KAMRUP,2006,Whole Year,Turmeric,734,633,0.86239782
Assam,KAMRUP,2006,Winter,Rice,43658,56663,1.297883549
Assam,KAMRUP,2007,Autumn,Rice,14686,16767,1.141699578
Assam,KAMRUP,2007,Kharif,Arhar/Tur,181,145,0.801104972
Assam,KAMRUP,2007,Kharif,Castor seed,11,4,0.363636364
Assam,KAMRUP,2007,Kharif,Cotton(lint),4,2,0.5
Assam,KAMRUP,2007,Kharif,Jute,3616,54942,15.19413717
Assam,KAMRUP,2007,Kharif,Maize,292,181,0.619863014
Assam,KAMRUP,2007,Kharif,Mesta,171,822,4.807017544
Assam,KAMRUP,2007,Kharif,Niger seed,735,368,0.500680272
Assam,KAMRUP,2007,Kharif,Sesamum,435,180,0.413793103
Assam,KAMRUP,2007,Kharif,Small millets,150,70,0.466666667
Assam,KAMRUP,2007,Rabi,Gram,79,27,0.341772152
Assam,KAMRUP,2007,Rabi,Linseed,283,138,0.487632509
Assam,KAMRUP,2007,Rabi,Masoor,2605,1232,0.47293666
Assam,KAMRUP,2007,Rabi,Moong(Green Gram),517,183,0.353965184
Assam,KAMRUP,2007,Rabi,Other  Rabi pulses,467,242,0.518201285
Assam,KAMRUP,2007,Rabi,Peas & beans (Pulses),1238,1003,0.810177706
Assam,KAMRUP,2007,Rabi,Rapeseed &Mustard,8092,4311,0.532748393
Assam,KAMRUP,2007,Rabi,Urad,1131,683,0.603890363
Assam,KAMRUP,2007,Rabi,Wheat,3013,4352,1.444407567
Assam,KAMRUP,2007,Summer,Rice,34128,97160,2.846929208
Assam,KAMRUP,2007,Whole Year,Arecanut,4527,5780,1.276783742
Assam,KAMRUP,2007,Whole Year,Banana,2845,36767,12.92337434
Assam,KAMRUP,2007,Whole Year,Black pepper,76,115,1.513157895
Assam,KAMRUP,2007,Whole Year,Coconut,1466,13951000,9516.371078
Assam,KAMRUP,2007,Whole Year,Dry chillies,1800,927,0.515
Assam,KAMRUP,2007,Whole Year,Dry ginger,274,2033,7.419708029
Assam,KAMRUP,2007,Whole Year,Onion,800,2350,2.9375
Assam,KAMRUP,2007,Whole Year,Potato,3990,41854,10.48972431
Assam,KAMRUP,2007,Whole Year,Sugarcane,889,30713,34.54780652
Assam,KAMRUP,2007,Whole Year,Sweet potato,160,396,2.475
Assam,KAMRUP,2007,Whole Year,Tapioca,49,177,3.612244898
Assam,KAMRUP,2007,Whole Year,Tobacco,2,1,0.5
Assam,KAMRUP,2007,Whole Year,Turmeric,742,641,0.863881402
Assam,KAMRUP,2007,Winter,Rice,69425,104504,1.505279078
Assam,KAMRUP,2008,Autumn,Rice,14055,17151,1.220277481
Assam,KAMRUP,2008,Kharif,Arhar/Tur,146,117,0.801369863
Assam,KAMRUP,2008,Kharif,Castor seed,12,4,0.333333333
Assam,KAMRUP,2008,Kharif,Cotton(lint),1,1,1
Assam,KAMRUP,2008,Kharif,Jute,3449,52748,15.29370832
Assam,KAMRUP,2008,Kharif,Maize,198,122,0.616161616
Assam,KAMRUP,2008,Kharif,Mesta,154,740,4.805194805
Assam,KAMRUP,2008,Kharif,Niger seed,627,314,0.500797448
Assam,KAMRUP,2008,Kharif,Sesamum,292,123,0.421232877
Assam,KAMRUP,2008,Kharif,Small millets,161,75,0.465838509
Assam,KAMRUP,2008,Rabi,Blackgram,1196,725,0.606187291
Assam,KAMRUP,2008,Rabi,Gram,94,32,0.340425532
Assam,KAMRUP,2008,Rabi,Linseed,262,127,0.484732824
Assam,KAMRUP,2008,Rabi,Masoor,2660,1253,0.471052632
Assam,KAMRUP,2008,Rabi,Moong(Green Gram),266,89,0.334586466
Assam,KAMRUP,2008,Rabi,Peas & beans (Pulses),1357,1105,0.814296242
Assam,KAMRUP,2008,Rabi,Rapeseed &Mustard,7957,3408,0.428302124
Assam,KAMRUP,2008,Rabi,Urad,1196,725,0.606187291
Assam,KAMRUP,2008,Rabi,Wheat,2836,3533,1.245768688
Assam,KAMRUP,2008,Summer,Rice,35868,92515,2.579318613
Assam,KAMRUP,2008,Whole Year,Arecanut,3566,4634,1.299495233
Assam,KAMRUP,2008,Whole Year,Banana,2903,39046,13.45022391
Assam,KAMRUP,2008,Whole Year,Black pepper,83,126,1.518072289
Assam,KAMRUP,2008,Whole Year,Coconut,1534,22786000,14853.97653
Assam,KAMRUP,2008,Whole Year,Dry chillies,2065,974,0.471670702
Assam,KAMRUP,2008,Whole Year,Dry ginger,266,1974,7.421052632
Assam,KAMRUP,2008,Whole Year,Onion,760,2226,2.928947368
Assam,KAMRUP,2008,Whole Year,Potato,3831,42838,11.18193683
Assam,KAMRUP,2008,Whole Year,Sugarcane,842,30736,36.50356295
Assam,KAMRUP,2008,Whole Year,Sweet potato,185,456,2.464864865
Assam,KAMRUP,2008,Whole Year,Tapioca,51,184,3.607843137
Assam,KAMRUP,2008,Whole Year,Tobacco,1,1,1
Assam,KAMRUP,2008,Whole Year,Turmeric,735,636,0.865306122
Assam,KAMRUP,2008,Winter,Rice,72315,118305,1.635967642
Assam,KAMRUP,2009,Autumn,Rice,13757,11950,0.868648688
Assam,KAMRUP,2009,Kharif,Arhar/Tur,171,136,0.795321637
Assam,KAMRUP,2009,Kharif,Castor seed,11,4,0.363636364
Assam,KAMRUP,2009,Kharif,Cotton(lint),3,1,0.333333333
Assam,KAMRUP,2009,Kharif,Jute,3077,44012,14.30354241
Assam,KAMRUP,2009,Kharif,Maize,208,129,0.620192308
Assam,KAMRUP,2009,Kharif,Mesta,45,216,4.8
Assam,KAMRUP,2009,Kharif,Niger seed,455,228,0.501098901
Assam,KAMRUP,2009,Kharif,Sesamum,336,141,0.419642857
Assam,KAMRUP,2009,Kharif,Small millets,195,92,0.471794872
Assam,KAMRUP,2009,Rabi,Banana,2530,33101,13.08339921
Assam,KAMRUP,2009,Rabi,Gram,82,28,0.341463415
Assam,KAMRUP,2009,Rabi,Linseed,182,88,0.483516484
Assam,KAMRUP,2009,Rabi,Masoor,2646,1249,0.472033258
Assam,KAMRUP,2009,Rabi,Moong(Green Gram),312,108,0.346153846
Assam,KAMRUP,2009,Rabi,Peas & beans (Pulses),1596,1273,0.797619048
Assam,KAMRUP,2009,Rabi,Rapeseed &Mustard,8931,5282,0.591423133
Assam,KAMRUP,2009,Rabi,Urad,1281,900,0.702576112
Assam,KAMRUP,2009,Rabi,Wheat,2566,3348,1.304754482
Assam,KAMRUP,2009,Summer,Rice,34853,88386,2.53596534
Assam,KAMRUP,2009,Whole Year,Arecanut,4284,7428,1.733893557
Assam,KAMRUP,2009,Whole Year,Banana,2530,33101,13.08339921
Assam,KAMRUP,2009,Whole Year,Black pepper,97,147,1.515463918
Assam,KAMRUP,2009,Whole Year,Coconut,1548,7273000,4698.320413
Assam,KAMRUP,2009,Whole Year,Dry chillies,1961,1178,0.600713921
Assam,KAMRUP,2009,Whole Year,Dry ginger,384,2849,7.419270833
Assam,KAMRUP,2009,Whole Year,Onion,583,1701,2.917667238
Assam,KAMRUP,2009,Whole Year,Potato,3062,37366,12.20313521
Assam,KAMRUP,2009,Whole Year,Sugarcane,921,32300,35.07057546
Assam,KAMRUP,2009,Whole Year,Sweet potato,164,409,2.493902439
Assam,KAMRUP,2009,Whole Year,Tapioca,81,292,3.604938272
Assam,KAMRUP,2009,Whole Year,Tobacco,1,1,1
Assam,KAMRUP,2009,Whole Year,Turmeric,723,626,0.865836791
Assam,KAMRUP,2009,Winter,Rice,69798,127917,1.832674289
Assam,KAMRUP,2010,Autumn,Rice,14012,23004,1.641735655
Assam,KAMRUP,2010,Kharif,Arhar/Tur,160,128,0.8
Assam,KAMRUP,2010,Kharif,Castor seed,10,3,0.3
Assam,KAMRUP,2010,Kharif,Cotton(lint),1,1,1
Assam,KAMRUP,2010,Kharif,Jute,3359,51505,15.33343257
Assam,KAMRUP,2010,Kharif,Maize,217,134,0.617511521
Assam,KAMRUP,2010,Kharif,Mesta,61,293,4.803278689
Assam,KAMRUP,2010,Kharif,Niger seed,394,197,0.5
Assam,KAMRUP,2010,Kharif,Sesamum,305,127,0.416393443
Assam,KAMRUP,2010,Kharif,Small millets,166,78,0.469879518
Assam,KAMRUP,2010,Rabi,Arecanut,4284,7428,1.733893557
Assam,KAMRUP,2010,Rabi,Banana,2597,34169,13.15710435
Assam,KAMRUP,2010,Rabi,Gram,85,30,0.352941176
Assam,KAMRUP,2010,Rabi,Linseed,162,82,0.50617284
Assam,KAMRUP,2010,Rabi,Masoor,2354,1138,0.483432455
Assam,KAMRUP,2010,Rabi,Moong(Green Gram),335,116,0.346268657
Assam,KAMRUP,2010,Rabi,Peas & beans (Pulses),1608,1289,0.801616915
Assam,KAMRUP,2010,Rabi,Rapeseed &Mustard,8874,4554,0.513184584
Assam,KAMRUP,2010,Rabi,Urad,1348,967,0.71735905
Assam,KAMRUP,2010,Rabi,Wheat,2110,2773,1.314218009
Assam,KAMRUP,2010,Summer,Rice,35022,96010,2.741419679
Assam,KAMRUP,2010,Whole Year,Banana,2597,34169,13.15710435
Assam,KAMRUP,2010,Whole Year,Black pepper,92,139,1.510869565
Assam,KAMRUP,2010,Whole Year,Coconut,1548,7273000,4698.320413
Assam,KAMRUP,2010,Whole Year,Dry chillies,1976,964,0.487854251
Assam,KAMRUP,2010,Whole Year,Dry ginger,314,2329,7.417197452
Assam,KAMRUP,2010,Whole Year,Onion,588,1716,2.918367347
Assam,KAMRUP,2010,Whole Year,Potato,3112,42397,13.62371465
Assam,KAMRUP,2010,Whole Year,Sugarcane,1047,40288,38.47946514
Assam,KAMRUP,2010,Whole Year,Sweet potato,159,396,2.490566038
Assam,KAMRUP,2010,Whole Year,Tapioca,40,144,3.6
Assam,KAMRUP,2010,Whole Year,Tobacco,1,1,1
Assam,KAMRUP,2010,Whole Year,Turmeric,720,623,0.865277778
Assam,KAMRUP,2010,Winter,Rice,69839,161411,2.311187159
Assam,KAMRUP,2011,Autumn,Paddy,13835,18773,1.356920853
Assam,KAMRUP,2011,Autumn,Rice,13835,18773,1.356920853
Assam,KAMRUP,2011,Kharif,Arhar/Tur,157,145,0.923566879
Assam,KAMRUP,2011,Kharif,Castor seed,9,4,0.444444444
Assam,KAMRUP,2011,Kharif,Cotton(lint),1,1,1
Assam,KAMRUP,2011,Kharif,Jute,3843,31855,8.28909706
Assam,KAMRUP,2011,Kharif,Maize,241,172,0.713692946
Assam,KAMRUP,2011,Kharif,Mesta,76,453,5.960526316
Assam,KAMRUP,2011,Kharif,Niger seed,389,199,0.511568123
Assam,KAMRUP,2011,Kharif,Orange,2224,30197,13.57778777
Assam,KAMRUP,2011,Kharif,Papaya,451,10020,22.2172949
Assam,KAMRUP,2011,Kharif,Sesamum,277,143,0.516245487
Assam,KAMRUP,2011,Kharif,Small millets,162,85,0.524691358
Assam,KAMRUP,2011,Kharif,Tapioca,41,318,7.756097561
Assam,KAMRUP,2011,Kharif,Tobacco,2,1,0.5
Assam,KAMRUP,2011,Rabi,Arecanut,4250,4802,1.129882353
Assam,KAMRUP,2011,Rabi,Black pepper,102,155,1.519607843
Assam,KAMRUP,2011,Rabi,Dry chillies,1993,1187,0.595584546
Assam,KAMRUP,2011,Rabi,Ginger,320,2419,7.559375
Assam,KAMRUP,2011,Rabi,Gram,67,23,0.343283582
Assam,KAMRUP,2011,Rabi,Linseed,158,83,0.525316456
Assam,KAMRUP,2011,Rabi,Masoor,2274,1156,0.508355321
Assam,KAMRUP,2011,Rabi,Moong(Green Gram),320,145,0.453125
Assam,KAMRUP,2011,Rabi,Peas & beans (Pulses),1512,1274,0.842592593
Assam,KAMRUP,2011,Rabi,Pineapple,1456,25984,17.84615385
Assam,KAMRUP,2011,Rabi,Rapeseed &Mustard,8890,5371,0.60416198
Assam,KAMRUP,2011,Rabi,Sweet potato,165,425,2.575757576
Assam,KAMRUP,2011,Rabi,Urad,1344,692,0.514880952
Assam,KAMRUP,2011,Rabi,Wheat,1903,1935,1.016815554
Assam,KAMRUP,2011,Summer,Paddy,34899,93425,2.677010803
Assam,KAMRUP,2011,Summer,Rice,34899,93425,2.677010803
Assam,KAMRUP,2011,Whole Year,Banana,2616,37736,14.42507645
Assam,KAMRUP,2011,Whole Year,Coconut,1430,8496,5.941258741
Assam,KAMRUP,2011,Whole Year,Onion,588,1987,3.379251701
Assam,KAMRUP,2011,Whole Year,Potato,3740,35239,9.422192513
Assam,KAMRUP,2011,Whole Year,Sugarcane,968,38287,39.55268595
Assam,KAMRUP,2011,Whole Year,Turmeric,734,712,0.970027248
Assam,KAMRUP,2011,Winter,Paddy,73996,123666,1.6712525
Assam,KAMRUP,2011,Winter,Rice,73996,123666,1.6712525
Assam,KAMRUP,2012,Autumn,Paddy,13284,10189,0.767012948
Assam,KAMRUP,2012,Autumn,Rice,13284,10189,0.767012948
Assam,KAMRUP,2012,Kharif,Arhar/Tur,187,168,0.898395722
Assam,KAMRUP,2012,Kharif,Castor seed,9,4,0.444444444
Assam,KAMRUP,2012,Kharif,Cotton(lint),3,2,0.666666667
Assam,KAMRUP,2012,Kharif,Jute,3987,25533,6.404063205
Assam,KAMRUP,2012,Kharif,Maize,246,197,0.800813008
Assam,KAMRUP,2012,Kharif,Mesta,75,377,5.026666667
Assam,KAMRUP,2012,Kharif,Niger seed,431,221,0.512761021
Assam,KAMRUP,2012,Kharif,Orange,2269,26592,11.71970031
Assam,KAMRUP,2012,Kharif,Papaya,403,9033,22.41439206
Assam,KAMRUP,2012,Kharif,Sesamum,294,178,0.605442177
Assam,KAMRUP,2012,Kharif,Small millets,163,78,0.478527607
Assam,KAMRUP,2012,Kharif,Tapioca,39,178,4.564102564
Assam,KAMRUP,2012,Kharif,Tobacco,4,2,0.5
Assam,KAMRUP,2012,Rabi,Arecanut,4318,4716,1.092172302
Assam,KAMRUP,2012,Rabi,Black pepper,130,211,1.623076923
Assam,KAMRUP,2012,Rabi,Dry chillies,2025,1397,0.689876543
Assam,KAMRUP,2012,Rabi,Ginger,368,2823,7.671195652
Assam,KAMRUP,2012,Rabi,Gram,72,37,0.513888889
Assam,KAMRUP,2012,Rabi,Linseed,158,86,0.544303797
Assam,KAMRUP,2012,Rabi,Masoor,2797,1562,0.558455488
Assam,KAMRUP,2012,Rabi,Moong(Green Gram),490,248,0.506122449
Assam,KAMRUP,2012,Rabi,Peas & beans (Pulses),1755,1470,0.837606838
Assam,KAMRUP,2012,Rabi,Pineapple,1370,25682,18.7459854
Assam,KAMRUP,2012,Rabi,Rapeseed &Mustard,9924,6066,0.611245466
Assam,KAMRUP,2012,Rabi,Sweet potato,177,681,3.847457627
Assam,KAMRUP,2012,Rabi,Urad,1295,726,0.560617761
Assam,KAMRUP,2012,Rabi,Wheat,1846,2052,1.111592633
Assam,KAMRUP,2012,Summer,Rice,36866,85371,2.315710953
Assam,KAMRUP,2012,Whole Year,Banana,2736,39771,14.53618421
Assam,KAMRUP,2012,Whole Year,Coconut,1435,7425,5.174216028
Assam,KAMRUP,2012,Whole Year,Onion,557,1941,3.484739677
Assam,KAMRUP,2012,Whole Year,Potato,3870,27047,6.988888889
Assam,KAMRUP,2012,Whole Year,Sugarcane,916,36472,39.81659389
Assam,KAMRUP,2012,Whole Year,Turmeric,776,765,0.985824742
Assam,KAMRUP,2012,Winter,Paddy,66688,142467,2.136321377
Assam,KAMRUP,2012,Winter,Rice,66688,142467,2.136321377
Assam,KAMRUP,2013,Autumn,Paddy,13511,15175,1.123158908
Assam,KAMRUP,2013,Autumn,Rice,13511,15175,1.123158908
Assam,KAMRUP,2013,Kharif,Arhar/Tur,198,183,0.924242424
Assam,KAMRUP,2013,Kharif,Castor seed,10,5,0.5
Assam,KAMRUP,2013,Kharif,Cotton(lint),3,1,0.333333333
Assam,KAMRUP,2013,Kharif,Jute,3912,27363,6.994631902
Assam,KAMRUP,2013,Kharif,Maize,245,889,3.628571429
Assam,KAMRUP,2013,Kharif,Mesta,64,324,5.0625
Assam,KAMRUP,2013,Kharif,Niger seed,446,239,0.535874439
Assam,KAMRUP,2013,Kharif,Orange,2263,26522,11.71984092
Assam,KAMRUP,2013,Kharif,Papaya,398,8921,22.41457286
Assam,KAMRUP,2013,Kharif,Sesamum,275,175,0.636363636
Assam,KAMRUP,2013,Kharif,Small millets,152,72,0.473684211
Assam,KAMRUP,2013,Kharif,Tapioca,43,196,4.558139535
Assam,KAMRUP,2013,Kharif,Tobacco,4,2,0.5
Assam,KAMRUP,2013,Rabi,Arecanut,3978,3720,0.935143288
Assam,KAMRUP,2013,Rabi,Black pepper,119,193,1.621848739
Assam,KAMRUP,2013,Rabi,Dry chillies,1991,1374,0.690105475
Assam,KAMRUP,2013,Rabi,Ginger,412,3160,7.669902913
Assam,KAMRUP,2013,Rabi,Gram,68,35,0.514705882
Assam,KAMRUP,2013,Rabi,Linseed,157,89,0.566878981
Assam,KAMRUP,2013,Rabi,Masoor,2630,1540,0.585551331
Assam,KAMRUP,2013,Rabi,Moong(Green Gram),290,131,0.451724138
Assam,KAMRUP,2013,Rabi,Peas & beans (Pulses),1624,1399,0.861453202
Assam,KAMRUP,2013,Rabi,Pineapple,1658,31081,18.74607961
Assam,KAMRUP,2013,Rabi,Rapeseed &Mustard,10562,9268,0.877485325
Assam,KAMRUP,2013,Rabi,Sweet potato,171,658,3.847953216
Assam,KAMRUP,2013,Rabi,Urad,1356,727,0.536135693
Assam,KAMRUP,2013,Rabi,Wheat,1963,2313,1.178298523
Assam,KAMRUP,2013,Summer,Paddy,36808,107079,2.909123017
Assam,KAMRUP,2013,Summer,Rice,36808,107079,2.909123017
Assam,KAMRUP,2013,Whole Year,Banana,3081,44786,14.53618955
Assam,KAMRUP,2013,Whole Year,Coconut,1253,12547,10.01356744
Assam,KAMRUP,2013,Whole Year,Onion,470,1638,3.485106383
Assam,KAMRUP,2013,Whole Year,Potato,3824,29656,7.755230126
Assam,KAMRUP,2013,Whole Year,Sugarcane,982,39736,40.46435845
Assam,KAMRUP,2013,Whole Year,Turmeric,681,671,0.985315712
Assam,KAMRUP,2013,Winter,Paddy,71020,152006,2.140326669
Assam,KAMRUP,2013,Winter,Rice,71020,152006,2.140326669
Assam,KAMRUP,2014,Autumn,Paddy,9246,13988,1.51287043
Assam,KAMRUP,2014,Autumn,Rice,9246,13988,1.51287043
Assam,KAMRUP,2014,Kharif,Arhar/Tur,169,173,1.023668639
Assam,KAMRUP,2014,Kharif,Castor seed,7,3,0.428571429
Assam,KAMRUP,2014,Kharif,Cotton(lint),2,1,0.5
Assam,KAMRUP,2014,Kharif,Jute,5006,49501,9.888333999
Assam,KAMRUP,2014,Kharif,Maize,246,713,2.898373984
Assam,KAMRUP,2014,Kharif,Mesta,80,416,5.2
Assam,KAMRUP,2014,Kharif,Niger seed,398,213,0.535175879
Assam,KAMRUP,2014,Kharif,Orange,2300,26967,11.72478261
Assam,KAMRUP,2014,Kharif,Papaya,346,7755,22.4132948
Assam,KAMRUP,2014,Kharif,Sesamum,273,175,0.641025641
Assam,KAMRUP,2014,Kharif,Small millets,161,90,0.559006211
Assam,KAMRUP,2014,Kharif,Tapioca,44,201,4.568181818
Assam,KAMRUP,2014,Kharif,Tobacco,1,1,1
Assam,KAMRUP,2014,Rabi,Black pepper,158,258,1.632911392
Assam,KAMRUP,2014,Rabi,Dry chillies,1998,1499,0.75025025
Assam,KAMRUP,2014,Rabi,Ginger,474,3640,7.679324895
Assam,KAMRUP,2014,Rabi,Gram,92,59,0.641304348
Assam,KAMRUP,2014,Rabi,Linseed,159,101,0.635220126
Assam,KAMRUP,2014,Rabi,Masoor,2037,1514,0.743249877
Assam,KAMRUP,2014,Rabi,Moong(Green Gram),262,147,0.561068702
Assam,KAMRUP,2014,Rabi,Peas & beans (Pulses),1516,1731,1.14182058
Assam,KAMRUP,2014,Rabi,Pineapple,1614,30256,18.74597274
Assam,KAMRUP,2014,Rabi,Rapeseed &Mustard,10740,6404,0.596275605
Assam,KAMRUP,2014,Rabi,Sweet potato,176,679,3.857954545
Assam,KAMRUP,2014,Rabi,Urad,968,478,0.493801653
Assam,KAMRUP,2014,Rabi,Wheat,1335,1392,1.042696629
Assam,KAMRUP,2014,Summer,Paddy,36661,106170,2.895993017
Assam,KAMRUP,2014,Summer,Rice,36661,106170,2.895993017
Assam,KAMRUP,2014,Whole Year,Banana,2961,43041,14.53596758
Assam,KAMRUP,2014,Whole Year,Onion,517,1806,3.493230174
Assam,KAMRUP,2014,Whole Year,Potato,3808,46038,12.08981092
Assam,KAMRUP,2014,Whole Year,Sugarcane,783,31722,40.51340996
Assam,KAMRUP,2014,Whole Year,Turmeric,697,794,1.139167862
Assam,KAMRUP,2014,Winter,Paddy,67720,140739,2.078248671
Assam,KAMRUP,2014,Winter,Rice,67720,140739,2.078248671
Assam,KAMRUP METRO,2005,Autumn,Rice,1121,1450,1.293487957
Assam,KAMRUP METRO,2005,Kharif,Arhar/Tur,12,10,0.833333333
Assam,KAMRUP METRO,2005,Kharif,Castor seed,4,1,0.25
Assam,KAMRUP METRO,2005,Kharif,Jute,69,969,14.04347826
Assam,KAMRUP METRO,2005,Kharif,Maize,43,27,0.627906977
Assam,KAMRUP METRO,2005,Kharif,Mesta,12,58,4.833333333
Assam,KAMRUP METRO,2005,Kharif,Niger seed,19,10,0.526315789
Assam,KAMRUP METRO,2005,Kharif,Sesamum,42,17,0.404761905
Assam,KAMRUP METRO,2005,Kharif,Small millets,26,12,0.461538462
Assam,KAMRUP METRO,2005,Rabi,Linseed,35,18,0.514285714
Assam,KAMRUP METRO,2005,Rabi,Masoor,36,18,0.5
Assam,KAMRUP METRO,2005,Rabi,Moong(Green Gram),18,6,0.333333333
Assam,KAMRUP METRO,2005,Rabi,Other  Rabi pulses,214,139,0.64953271
Assam,KAMRUP METRO,2005,Rabi,Peas & beans (Pulses),79,68,0.860759494
Assam,KAMRUP METRO,2005,Rabi,Rapeseed &Mustard,946,580,0.613107822
Assam,KAMRUP METRO,2005,Rabi,Urad,68,44,0.647058824
Assam,KAMRUP METRO,2005,Rabi,Wheat,103,120,1.165048544
Assam,KAMRUP METRO,2005,Summer,Rice,7063,14486,2.050969843
Assam,KAMRUP METRO,2005,Whole Year,Banana,380,4907,12.91315789
Assam,KAMRUP METRO,2005,Whole Year,Dry chillies,157,71,0.452229299
Assam,KAMRUP METRO,2005,Whole Year,Onion,47,141,3
Assam,KAMRUP METRO,2005,Whole Year,Potato,392,2261,5.767857143
Assam,KAMRUP METRO,2005,Whole Year,Sugarcane,34,1871,55.02941176
Assam,KAMRUP METRO,2005,Whole Year,Sweet potato,17,43,2.529411765
Assam,KAMRUP METRO,2005,Whole Year,Tapioca,8,29,3.625
Assam,KAMRUP METRO,2005,Whole Year,Tobacco,1,,
Assam,KAMRUP METRO,2005,Whole Year,Turmeric,118,103,0.872881356
Assam,KAMRUP METRO,2005,Winter,Rice,10982,18335,1.669550173
Assam,KAMRUP METRO,2006,Autumn,Rice,1421,1257,0.884588318
Assam,KAMRUP METRO,2006,Kharif,Arhar/Tur,275,220,0.8
Assam,KAMRUP METRO,2006,Kharif,Castor seed,2,1,0.5
Assam,KAMRUP METRO,2006,Kharif,Cotton(lint),2,1,0.5
Assam,KAMRUP METRO,2006,Kharif,Jute,67,649,9.686567164
Assam,KAMRUP METRO,2006,Kharif,Maize,40,25,0.625
Assam,KAMRUP METRO,2006,Kharif,Mesta,30,144,4.8
Assam,KAMRUP METRO,2006,Kharif,Niger seed,27,14,0.518518519
Assam,KAMRUP METRO,2006,Kharif,Sesamum,86,34,0.395348837
Assam,KAMRUP METRO,2006,Kharif,Small millets,25,12,0.48
Assam,KAMRUP METRO,2006,Rabi,Gram,2,1,0.5
Assam,KAMRUP METRO,2006,Rabi,Linseed,20,10,0.5
Assam,KAMRUP METRO,2006,Rabi,Masoor,185,90,0.486486486
Assam,KAMRUP METRO,2006,Rabi,Moong(Green Gram),50,18,0.36
Assam,KAMRUP METRO,2006,Rabi,Other  Rabi pulses,230,124,0.539130435
Assam,KAMRUP METRO,2006,Rabi,Peas & beans (Pulses),190,164,0.863157895
Assam,KAMRUP METRO,2006,Rabi,Rapeseed &Mustard,995,574,0.576884422
Assam,KAMRUP METRO,2006,Rabi,Urad,200,117,0.585
Assam,KAMRUP METRO,2006,Rabi,Wheat,797,1543,1.936010038
Assam,KAMRUP METRO,2006,Summer,Rice,7667,17580,2.292943785
Assam,KAMRUP METRO,2006,Whole Year,Arecanut,519,304,0.585741811
Assam,KAMRUP METRO,2006,Whole Year,Banana,500,6462,12.924
Assam,KAMRUP METRO,2006,Whole Year,Coconut,196,1800000,9183.673469
Assam,KAMRUP METRO,2006,Whole Year,Dry chillies,181,81,0.447513812
Assam,KAMRUP METRO,2006,Whole Year,Onion,56,168,3
Assam,KAMRUP METRO,2006,Whole Year,Potato,468,4258,9.098290598
Assam,KAMRUP METRO,2006,Whole Year,Sugarcane,67,3600,53.73134328
Assam,KAMRUP METRO,2006,Whole Year,Sweet potato,10,25,2.5
Assam,KAMRUP METRO,2006,Whole Year,Tapioca,10,37,3.7
Assam,KAMRUP METRO,2006,Whole Year,Tobacco,1,1,1
Assam,KAMRUP METRO,2006,Whole Year,Turmeric,133,116,0.872180451
Assam,KAMRUP METRO,2006,Winter,Rice,14195,18372,1.294258542
Assam,KAMRUP METRO,2007,Autumn,Rice,1984,3510,1.769153226
Assam,KAMRUP METRO,2007,Kharif,Arhar/Tur,75,60,0.8
Assam,KAMRUP METRO,2007,Kharif,Castor seed,2,1,0.5
Assam,KAMRUP METRO,2007,Kharif,Cotton(lint),2,1,0.5
Assam,KAMRUP METRO,2007,Kharif,Jute,139,1526,10.97841727
Assam,KAMRUP METRO,2007,Kharif,Maize,34,21,0.617647059
Assam,KAMRUP METRO,2007,Kharif,Mesta,13,62,4.769230769
Assam,KAMRUP METRO,2007,Kharif,Niger seed,41,21,0.512195122
Assam,KAMRUP METRO,2007,Kharif,Sesamum,130,54,0.415384615
Assam,KAMRUP METRO,2007,Kharif,Small millets,31,15,0.483870968
Assam,KAMRUP METRO,2007,Rabi,Gram,2,1,0.5
Assam,KAMRUP METRO,2007,Rabi,Linseed,40,20,0.5
Assam,KAMRUP METRO,2007,Rabi,Masoor,176,83,0.471590909
Assam,KAMRUP METRO,2007,Rabi,Moong(Green Gram),51,18,0.352941176
Assam,KAMRUP METRO,2007,Rabi,Other  Rabi pulses,80,41,0.5125
Assam,KAMRUP METRO,2007,Rabi,Peas & beans (Pulses),171,139,0.812865497
Assam,KAMRUP METRO,2007,Rabi,Rapeseed &Mustard,1093,685,0.626715462
Assam,KAMRUP METRO,2007,Rabi,Urad,189,100,0.529100529
Assam,KAMRUP METRO,2007,Rabi,Wheat,250,279,1.116
Assam,KAMRUP METRO,2007,Summer,Rice,7890,17618,2.232953105
Assam,KAMRUP METRO,2007,Whole Year,Arecanut,540,456,0.844444444
Assam,KAMRUP METRO,2007,Whole Year,Banana,420,5428,12.92380952
Assam,KAMRUP METRO,2007,Whole Year,Black pepper,34,50,1.470588235
Assam,KAMRUP METRO,2007,Whole Year,Coconut,198,1882000,9505.050505
Assam,KAMRUP METRO,2007,Whole Year,Dry chillies,150,77,0.513333333
Assam,KAMRUP METRO,2007,Whole Year,Dry ginger,100,583,5.83
Assam,KAMRUP METRO,2007,Whole Year,Onion,63,185,2.936507937
Assam,KAMRUP METRO,2007,Whole Year,Potato,470,3255,6.925531915
Assam,KAMRUP METRO,2007,Whole Year,Sugarcane,117,4455,38.07692308
Assam,KAMRUP METRO,2007,Whole Year,Sweet potato,28,69,2.464285714
Assam,KAMRUP METRO,2007,Whole Year,Tapioca,12,43,3.583333333
Assam,KAMRUP METRO,2007,Whole Year,Tobacco,2,1,0.5
Assam,KAMRUP METRO,2007,Whole Year,Turmeric,165,143,0.866666667
Assam,KAMRUP METRO,2007,Winter,Rice,15281,25047,1.6390943
Assam,KAMRUP METRO,2008,Autumn,Rice,1250,823,0.6584
Assam,KAMRUP METRO,2008,Kharif,Arhar/Tur,46,37,0.804347826
Assam,KAMRUP METRO,2008,Kharif,Castor seed,2,1,0.5
Assam,KAMRUP METRO,2008,Kharif,Cotton(lint),2,1,0.5
Assam,KAMRUP METRO,2008,Kharif,Jute,145,1562,10.77241379
Assam,KAMRUP METRO,2008,Kharif,Maize,48,30,0.625
Assam,KAMRUP METRO,2008,Kharif,Mesta,11,52,4.727272727
Assam,KAMRUP METRO,2008,Kharif,Niger seed,26,13,0.5
Assam,KAMRUP METRO,2008,Kharif,Sesamum,85,34,0.4
Assam,KAMRUP METRO,2008,Kharif,Small millets,34,16,0.470588235
Assam,KAMRUP METRO,2008,Rabi,Blackgram,192,111,0.578125
Assam,KAMRUP METRO,2008,Rabi,Gram,2,1,0.5
Assam,KAMRUP METRO,2008,Rabi,Linseed,52,28,0.538461538
Assam,KAMRUP METRO,2008,Rabi,Masoor,112,49,0.4375
Assam,KAMRUP METRO,2008,Rabi,Moong(Green Gram),45,16,0.355555556
Assam,KAMRUP METRO,2008,Rabi,Peas & beans (Pulses),172,145,0.843023256
Assam,KAMRUP METRO,2008,Rabi,Rapeseed &Mustard,1112,578,0.519784173
Assam,KAMRUP METRO,2008,Rabi,Urad,192,111,0.578125
Assam,KAMRUP METRO,2008,Rabi,Wheat,170,179,1.052941176
Assam,KAMRUP METRO,2008,Summer,Rice,7960,15880,1.994974874
Assam,KAMRUP METRO,2008,Whole Year,Arecanut,650,831,1.278461538
Assam,KAMRUP METRO,2008,Whole Year,Banana,455,6334,13.92087912
Assam,KAMRUP METRO,2008,Whole Year,Black pepper,37,74,2
Assam,KAMRUP METRO,2008,Whole Year,Coconut,201,2975000,14800.99502
Assam,KAMRUP METRO,2008,Whole Year,Dry chillies,156,73,0.467948718
Assam,KAMRUP METRO,2008,Whole Year,Dry ginger,95,554,5.831578947
Assam,KAMRUP METRO,2008,Whole Year,Onion,63,187,2.968253968
Assam,KAMRUP METRO,2008,Whole Year,Potato,474,3121,6.584388186
Assam,KAMRUP METRO,2008,Whole Year,Sugarcane,73,2802,38.38356164
Assam,KAMRUP METRO,2008,Whole Year,Sweet potato,16,40,2.5
Assam,KAMRUP METRO,2008,Whole Year,Tapioca,12,46,3.833333333
Assam,KAMRUP METRO,2008,Whole Year,Tobacco,2,1,0.5
Assam,KAMRUP METRO,2008,Whole Year,Turmeric,165,199,1.206060606
Assam,KAMRUP METRO,2008,Winter,Rice,20255,35593,1.757245125
Assam,KAMRUP METRO,2009,Autumn,Rice,1132,1013,0.894876325
Assam,KAMRUP METRO,2009,Kharif,Arhar/Tur,35,28,0.8
Assam,KAMRUP METRO,2009,Kharif,Castor seed,3,1,0.333333333
Assam,KAMRUP METRO,2009,Kharif,Cotton(lint),1,1,1
Assam,KAMRUP METRO,2009,Kharif,Jute,60,656,10.93333333
Assam,KAMRUP METRO,2009,Kharif,Maize,45,28,0.622222222
Assam,KAMRUP METRO,2009,Kharif,Mesta,10,48,4.8
Assam,KAMRUP METRO,2009,Kharif,Niger seed,27,14,0.518518519
Assam,KAMRUP METRO,2009,Kharif,Sesamum,88,36,0.409090909
Assam,KAMRUP METRO,2009,Kharif,Small millets,34,16,0.470588235
Assam,KAMRUP METRO,2009,Rabi,Banana,500,6628,13.256
Assam,KAMRUP METRO,2009,Rabi,Gram,3,1,0.333333333
Assam,KAMRUP METRO,2009,Rabi,Linseed,53,27,0.509433962
Assam,KAMRUP METRO,2009,Rabi,Masoor,153,71,0.464052288
Assam,KAMRUP METRO,2009,Rabi,Moong(Green Gram),55,19,0.345454545
Assam,KAMRUP METRO,2009,Rabi,Peas & beans (Pulses),165,139,0.842424242
Assam,KAMRUP METRO,2009,Rabi,Rapeseed &Mustard,1114,444,0.398563734
Assam,KAMRUP METRO,2009,Rabi,Urad,181,102,0.563535912
Assam,KAMRUP METRO,2009,Rabi,Wheat,155,168,1.083870968
Assam,KAMRUP METRO,2009,Summer,Rice,7960,16660,2.092964824
Assam,KAMRUP METRO,2009,Whole Year,Arecanut,850,1393,1.638823529
Assam,KAMRUP METRO,2009,Whole Year,Banana,500,6628,13.256
Assam,KAMRUP METRO,2009,Whole Year,Black pepper,33,57,1.727272727
Assam,KAMRUP METRO,2009,Whole Year,Coconut,251,1166000,4645.418327
Assam,KAMRUP METRO,2009,Whole Year,Dry chillies,161,77,0.47826087
Assam,KAMRUP METRO,2009,Whole Year,Dry ginger,104,606,5.826923077
Assam,KAMRUP METRO,2009,Whole Year,Onion,66,196,2.96969697
Assam,KAMRUP METRO,2009,Whole Year,Potato,470,3414,7.263829787
Assam,KAMRUP METRO,2009,Whole Year,Sugarcane,72,2816,39.11111111
Assam,KAMRUP METRO,2009,Whole Year,Sweet potato,24,60,2.5
Assam,KAMRUP METRO,2009,Whole Year,Tapioca,15,55,3.666666667
Assam,KAMRUP METRO,2009,Whole Year,Tobacco,2,1,0.5
Assam,KAMRUP METRO,2009,Whole Year,Turmeric,173,170,0.98265896
Assam,KAMRUP METRO,2009,Winter,Rice,18715,38478,2.055997863
Assam,KAMRUP METRO,2010,Autumn,Rice,1120,2212,1.975
Assam,KAMRUP METRO,2010,Kharif,Arhar/Tur,47,38,0.808510638
Assam,KAMRUP METRO,2010,Kharif,Castor seed,3,1,0.333333333
Assam,KAMRUP METRO,2010,Kharif,Cotton(lint),2,1,0.5
Assam,KAMRUP METRO,2010,Kharif,Jute,51,512,10.03921569
Assam,KAMRUP METRO,2010,Kharif,Maize,58,36,0.620689655
Assam,KAMRUP METRO,2010,Kharif,Mesta,15,72,4.8
Assam,KAMRUP METRO,2010,Kharif,Niger seed,30,15,0.5
Assam,KAMRUP METRO,2010,Kharif,Sesamum,87,36,0.413793103
Assam,KAMRUP METRO,2010,Kharif,Small millets,34,16,0.470588235
Assam,KAMRUP METRO,2010,Rabi,Arecanut,850,1393,1.638823529
Assam,KAMRUP METRO,2010,Rabi,Banana,563,7530,13.37477798
Assam,KAMRUP METRO,2010,Rabi,Gram,3,1,0.333333333
Assam,KAMRUP METRO,2010,Rabi,Linseed,50,26,0.52
Assam,KAMRUP METRO,2010,Rabi,Masoor,155,72,0.464516129
Assam,KAMRUP METRO,2010,Rabi,Moong(Green Gram),56,20,0.357142857
Assam,KAMRUP METRO,2010,Rabi,Peas & beans (Pulses),185,154,0.832432432
Assam,KAMRUP METRO,2010,Rabi,Rapeseed &Mustard,145,62,0.427586207
Assam,KAMRUP METRO,2010,Rabi,Urad,228,127,0.557017544
Assam,KAMRUP METRO,2010,Rabi,Wheat,160,201,1.25625
Assam,KAMRUP METRO,2010,Summer,Rice,8020,19833,2.472942643
Assam,KAMRUP METRO,2010,Whole Year,Banana,563,7530,13.37477798
Assam,KAMRUP METRO,2010,Whole Year,Black pepper,47,81,1.723404255
Assam,KAMRUP METRO,2010,Whole Year,Coconut,251,1166000,4645.418327
Assam,KAMRUP METRO,2010,Whole Year,Dry chillies,158,77,0.487341772
Assam,KAMRUP METRO,2010,Whole Year,Dry ginger,107,623,5.822429907
Assam,KAMRUP METRO,2010,Whole Year,Onion,70,207,2.957142857
Assam,KAMRUP METRO,2010,Whole Year,Potato,505,3906,7.734653465
Assam,KAMRUP METRO,2010,Whole Year,Sugarcane,85,3077,36.2
Assam,KAMRUP METRO,2010,Whole Year,Sweet potato,24,60,2.5
Assam,KAMRUP METRO,2010,Whole Year,Tapioca,15,56,3.733333333
Assam,KAMRUP METRO,2010,Whole Year,Tobacco,3,1,0.333333333
Assam,KAMRUP METRO,2010,Whole Year,Turmeric,199,202,1.015075377
Assam,KAMRUP METRO,2010,Winter,Rice,20193,48564,2.404991829
Assam,KAMRUP METRO,2011,Autumn,Paddy,1211,1480,1.222130471
Assam,KAMRUP METRO,2011,Autumn,Rice,1211,1480,1.222130471
Assam,KAMRUP METRO,2011,Kharif,Arhar/Tur,38,32,0.842105263
Assam,KAMRUP METRO,2011,Kharif,Castor seed,3,1,0.333333333
Assam,KAMRUP METRO,2011,Kharif,Cotton(lint),2,1,0.5
Assam,KAMRUP METRO,2011,Kharif,Jute,47,436,9.276595745
Assam,KAMRUP METRO,2011,Kharif,Maize,60,42,0.7
Assam,KAMRUP METRO,2011,Kharif,Mesta,14,95,6.785714286
Assam,KAMRUP METRO,2011,Kharif,Niger seed,29,15,0.517241379
Assam,KAMRUP METRO,2011,Kharif,Orange,1638,21122,12.89499389
Assam,KAMRUP METRO,2011,Kharif,Papaya,40,611,15.275
Assam,KAMRUP METRO,2011,Kharif,Sesamum,90,45,0.5
Assam,KAMRUP METRO,2011,Kharif,Small millets,35,17,0.485714286
Assam,KAMRUP METRO,2011,Kharif,Tapioca,14,131,9.357142857
Assam,KAMRUP METRO,2011,Kharif,Tobacco,1,1,1
Assam,KAMRUP METRO,2011,Rabi,Arecanut,662,704,1.063444109
Assam,KAMRUP METRO,2011,Rabi,Black pepper,48,84,1.75
Assam,KAMRUP METRO,2011,Rabi,Dry chillies,145,90,0.620689655
Assam,KAMRUP METRO,2011,Rabi,Ginger,110,1085,9.863636364
Assam,KAMRUP METRO,2011,Rabi,Gram,3,1,0.333333333
Assam,KAMRUP METRO,2011,Rabi,Linseed,38,22,0.578947368
Assam,KAMRUP METRO,2011,Rabi,Masoor,155,75,0.483870968
Assam,KAMRUP METRO,2011,Rabi,Moong(Green Gram),62,26,0.419354839
Assam,KAMRUP METRO,2011,Rabi,Peas & beans (Pulses),188,163,0.867021277
Assam,KAMRUP METRO,2011,Rabi,Pineapple,220,4129,18.76818182
Assam,KAMRUP METRO,2011,Rabi,Rapeseed &Mustard,1153,785,0.680832611
Assam,KAMRUP METRO,2011,Rabi,Sweet potato,24,64,2.666666667
Assam,KAMRUP METRO,2011,Rabi,Urad,233,130,0.557939914
Assam,KAMRUP METRO,2011,Rabi,Wheat,141,170,1.205673759
Assam,KAMRUP METRO,2011,Summer,Paddy,8050,23417,2.908944099
Assam,KAMRUP METRO,2011,Summer,Rice,8050,23417,2.908944099
Assam,KAMRUP METRO,2011,Whole Year,Banana,551,7912,14.35934664
Assam,KAMRUP METRO,2011,Whole Year,Coconut,208,1314,6.317307692
Assam,KAMRUP METRO,2011,Whole Year,Onion,67,257,3.835820896
Assam,KAMRUP METRO,2011,Whole Year,Potato,550,3838,6.978181818
Assam,KAMRUP METRO,2011,Whole Year,Sugarcane,87,3224,37.05747126
Assam,KAMRUP METRO,2011,Whole Year,Turmeric,208,362,1.740384615
Assam,KAMRUP METRO,2011,Winter,Paddy,20500,40122,1.957170732
Assam,KAMRUP METRO,2011,Winter,Rice,20500,40122,1.957170732
Assam,KAMRUP METRO,2012,Autumn,Paddy,1200,1169,0.974166667
Assam,KAMRUP METRO,2012,Autumn,Rice,1200,1169,0.974166667
Assam,KAMRUP METRO,2012,Kharif,Arhar/Tur,40,36,0.9
Assam,KAMRUP METRO,2012,Kharif,Castor seed,3,1,0.333333333
Assam,KAMRUP METRO,2012,Kharif,Cotton(lint),2,1,0.5
Assam,KAMRUP METRO,2012,Kharif,Jute,50,428,8.56
Assam,KAMRUP METRO,2012,Kharif,Maize,60,42,0.7
Assam,KAMRUP METRO,2012,Kharif,Mesta,12,60,5
Assam,KAMRUP METRO,2012,Kharif,Niger seed,25,13,0.52
Assam,KAMRUP METRO,2012,Kharif,Orange,1454,14315,9.84525447
Assam,KAMRUP METRO,2012,Kharif,Papaya,46,769,16.7173913
Assam,KAMRUP METRO,2012,Kharif,Sesamum,95,50,0.526315789
Assam,KAMRUP METRO,2012,Kharif,Small millets,34,16,0.470588235
Assam,KAMRUP METRO,2012,Kharif,Tapioca,15,143,9.533333333
Assam,KAMRUP METRO,2012,Kharif,Tobacco,1,1,1
Assam,KAMRUP METRO,2012,Rabi,Arecanut,675,91,0.134814815
Assam,KAMRUP METRO,2012,Rabi,Black pepper,53,98,1.849056604
Assam,KAMRUP METRO,2012,Rabi,Dry chillies,152,98,0.644736842
Assam,KAMRUP METRO,2012,Rabi,Ginger,125,1246,9.968
Assam,KAMRUP METRO,2012,Rabi,Gram,5,2,0.4
Assam,KAMRUP METRO,2012,Rabi,Linseed,39,22,0.564102564
Assam,KAMRUP METRO,2012,Rabi,Masoor,212,109,0.514150943
Assam,KAMRUP METRO,2012,Rabi,Moong(Green Gram),60,28,0.466666667
Assam,KAMRUP METRO,2012,Rabi,Peas & beans (Pulses),342,302,0.883040936
Assam,KAMRUP METRO,2012,Rabi,Pineapple,217,4289,19.76497696
Assam,KAMRUP METRO,2012,Rabi,Rapeseed &Mustard,1610,671,0.416770186
Assam,KAMRUP METRO,2012,Rabi,Sweet potato,25,89,3.56
Assam,KAMRUP METRO,2012,Rabi,Urad,234,129,0.551282051
Assam,KAMRUP METRO,2012,Rabi,Wheat,129,168,1.302325581
Assam,KAMRUP METRO,2012,Summer,Rice,8040,19095,2.375
Assam,KAMRUP METRO,2012,Whole Year,Banana,558,8722,15.63082437
Assam,KAMRUP METRO,2012,Whole Year,Coconut,210,1630,7.761904762
Assam,KAMRUP METRO,2012,Whole Year,Onion,65,159,2.446153846
Assam,KAMRUP METRO,2012,Whole Year,Potato,581,3151,5.423407917
Assam,KAMRUP METRO,2012,Whole Year,Sugarcane,98,3490,35.6122449
Assam,KAMRUP METRO,2012,Whole Year,Turmeric,175,307,1.754285714
Assam,KAMRUP METRO,2012,Winter,Paddy,20348,48404,2.378808728
Assam,KAMRUP METRO,2012,Winter,Rice,20348,48404,2.378808728
Assam,KAMRUP METRO,2013,Autumn,Paddy,895,1181,1.319553073
Assam,KAMRUP METRO,2013,Autumn,Rice,895,1181,1.319553073
Assam,KAMRUP METRO,2013,Kharif,Arhar/Tur,40,36,0.9
Assam,KAMRUP METRO,2013,Kharif,Castor seed,3,1,0.333333333
Assam,KAMRUP METRO,2013,Kharif,Cotton(lint),3,1,0.333333333
Assam,KAMRUP METRO,2013,Kharif,Jute,46,473,10.2826087
Assam,KAMRUP METRO,2013,Kharif,Maize,64,228,3.5625
Assam,KAMRUP METRO,2013,Kharif,Mesta,13,69,5.307692308
Assam,KAMRUP METRO,2013,Kharif,Niger seed,29,16,0.551724138
Assam,KAMRUP METRO,2013,Kharif,Orange,1689,16628,9.844878626
Assam,KAMRUP METRO,2013,Kharif,Papaya,53,887,16.73584906
Assam,KAMRUP METRO,2013,Kharif,Sesamum,90,49,0.544444444
Assam,KAMRUP METRO,2013,Kharif,Small millets,36,17,0.472222222
Assam,KAMRUP METRO,2013,Kharif,Tapioca,13,124,9.538461538
Assam,KAMRUP METRO,2013,Kharif,Tobacco,1,1,1
Assam,KAMRUP METRO,2013,Rabi,Arecanut,684,692,1.011695906
Assam,KAMRUP METRO,2013,Rabi,Black pepper,53,98,1.849056604
Assam,KAMRUP METRO,2013,Rabi,Dry chillies,160,103,0.64375
Assam,KAMRUP METRO,2013,Rabi,Ginger,105,1047,9.971428571
Assam,KAMRUP METRO,2013,Rabi,Gram,4,2,0.5
Assam,KAMRUP METRO,2013,Rabi,Linseed,42,24,0.571428571
Assam,KAMRUP METRO,2013,Rabi,Masoor,201,113,0.562189055
Assam,KAMRUP METRO,2013,Rabi,Moong(Green Gram),67,30,0.447761194
Assam,KAMRUP METRO,2013,Rabi,Peas & beans (Pulses),284,254,0.894366197
Assam,KAMRUP METRO,2013,Rabi,Pineapple,234,4625,19.76495726
Assam,KAMRUP METRO,2013,Rabi,Rapeseed &Mustard,1616,827,0.511757426
Assam,KAMRUP METRO,2013,Rabi,Sweet potato,26,93,3.576923077
Assam,KAMRUP METRO,2013,Rabi,Urad,224,130,0.580357143
Assam,KAMRUP METRO,2013,Rabi,Wheat,125,162,1.296
Assam,KAMRUP METRO,2013,Summer,Paddy,7990,23626,2.956946183
Assam,KAMRUP METRO,2013,Summer,Rice,7990,23626,2.956946183
Assam,KAMRUP METRO,2013,Whole Year,Banana,610,9534,15.6295082
Assam,KAMRUP METRO,2013,Whole Year,Coconut,210,1727,8.223809524
Assam,KAMRUP METRO,2013,Whole Year,Onion,93,228,2.451612903
Assam,KAMRUP METRO,2013,Whole Year,Potato,585,9193,15.71452991
Assam,KAMRUP METRO,2013,Whole Year,Sugarcane,107,3956,36.97196262
Assam,KAMRUP METRO,2013,Whole Year,Turmeric,144,253,1.756944444
Assam,KAMRUP METRO,2013,Winter,Paddy,20343,44745,2.199528093
Assam,KAMRUP METRO,2013,Winter,Rice,20343,44745,2.199528093
Assam,KAMRUP METRO,2014,Autumn,Paddy,845,1208,1.429585799
Assam,KAMRUP METRO,2014,Autumn,Rice,845,1208,1.429585799
Assam,KAMRUP METRO,2014,Kharif,Arhar/Tur,39,40,1.025641026
Assam,KAMRUP METRO,2014,Kharif,Castor seed,3,1,0.333333333
Assam,KAMRUP METRO,2014,Kharif,Cotton(lint),4,2,0.5
Assam,KAMRUP METRO,2014,Kharif,Jute,42,458,10.9047619
Assam,KAMRUP METRO,2014,Kharif,Maize,66,167,2.53030303
Assam,KAMRUP METRO,2014,Kharif,Mesta,10,52,5.2
Assam,KAMRUP METRO,2014,Kharif,Niger seed,26,14,0.538461538
Assam,KAMRUP METRO,2014,Kharif,Orange,1751,17256,9.854940034
Assam,KAMRUP METRO,2014,Kharif,Papaya,56,937,16.73214286
Assam,KAMRUP METRO,2014,Kharif,Sesamum,96,55,0.572916667
Assam,KAMRUP METRO,2014,Kharif,Small millets,37,22,0.594594595
Assam,KAMRUP METRO,2014,Kharif,Tapioca,12,115,9.583333333
Assam,KAMRUP METRO,2014,Rabi,Black pepper,50,93,1.86
Assam,KAMRUP METRO,2014,Rabi,Dry chillies,166,110,0.662650602
Assam,KAMRUP METRO,2014,Rabi,Ginger,101,1007,9.97029703
Assam,KAMRUP METRO,2014,Rabi,Gram,4,2,0.5
Assam,KAMRUP METRO,2014,Rabi,Linseed,44,29,0.659090909
Assam,KAMRUP METRO,2014,Rabi,Masoor,187,128,0.684491979
Assam,KAMRUP METRO,2014,Rabi,Moong(Green Gram),76,40,0.526315789
Assam,KAMRUP METRO,2014,Rabi,Peas & beans (Pulses),275,330,1.2
Assam,KAMRUP METRO,2014,Rabi,Pineapple,265,5238,19.76603774
Assam,KAMRUP METRO,2014,Rabi,Rapeseed &Mustard,1651,1037,0.628104179
Assam,KAMRUP METRO,2014,Rabi,Sweet potato,28,100,3.571428571
Assam,KAMRUP METRO,2014,Rabi,Urad,229,148,0.64628821
Assam,KAMRUP METRO,2014,Rabi,Wheat,120,146,1.216666667
Assam,KAMRUP METRO,2014,Summer,Paddy,7967,23766,2.983055102
Assam,KAMRUP METRO,2014,Summer,Rice,7967,23766,2.983055102
Assam,KAMRUP METRO,2014,Whole Year,Banana,715,11175,15.62937063
Assam,KAMRUP METRO,2014,Whole Year,Onion,96,236,2.458333333
Assam,KAMRUP METRO,2014,Whole Year,Potato,583,6200,10.63464837
Assam,KAMRUP METRO,2014,Whole Year,Sugarcane,117,4301,36.76068376
Assam,KAMRUP METRO,2014,Whole Year,Turmeric,146,257,1.760273973
Assam,KAMRUP METRO,2014,Winter,Paddy,20398,39782,1.950289244
Assam,KAMRUP METRO,2014,Winter,Rice,20398,39782,1.950289244
Assam,KARBI ANGLONG,1997,Autumn,Rice,10354,7833,0.75651922
Assam,KARBI ANGLONG,1997,Kharif,Arhar/Tur,1004,682,0.679282869
Assam,KARBI ANGLONG,1997,Kharif,Castor seed,515,2,0.003883495
Assam,KARBI ANGLONG,1997,Kharif,Cotton(lint),694,336,0.484149856
Assam,KARBI ANGLONG,1997,Kharif,Jute,2093,28710,13.71715241
Assam,KARBI ANGLONG,1997,Kharif,Maize,10585,9222,0.871232877
Assam,KARBI ANGLONG,1997,Kharif,Mesta,65,338,5.2
Assam,KARBI ANGLONG,1997,Kharif,Small millets,212,72,0.339622642
Assam,KARBI ANGLONG,1997,Kharif,Sugarcane,4210,180797,42.94465558
Assam,KARBI ANGLONG,1997,Rabi,Gram,543,266,0.489871087
Assam,KARBI ANGLONG,1997,Rabi,Linseed,79,33,0.417721519
Assam,KARBI ANGLONG,1997,Rabi,Other  Rabi pulses,1730,876,0.506358382
Assam,KARBI ANGLONG,1997,Rabi,Rapeseed &Mustard,16975,8939,0.526597938
Assam,KARBI ANGLONG,1997,Rabi,Wheat,1797,2706,1.505843072
Assam,KARBI ANGLONG,1997,Summer,Rice,160,192,1.2
Assam,KARBI ANGLONG,1997,Whole Year,Arecanut,1213,988,0.814509481
Assam,KARBI ANGLONG,1997,Whole Year,Coconut,370,1672,4.518918919
Assam,KARBI ANGLONG,1997,Whole Year,Dry chillies,274,140,0.510948905
Assam,KARBI ANGLONG,1997,Whole Year,Niger seed,29,10,0.344827586
Assam,KARBI ANGLONG,1997,Whole Year,Onion,192,398,2.072916667
Assam,KARBI ANGLONG,1997,Whole Year,Potato,836,7463,8.927033493
Assam,KARBI ANGLONG,1997,Whole Year,Sesamum,2313,1413,0.610894942
Assam,KARBI ANGLONG,1997,Whole Year,Sweet potato,236,786,3.330508475
Assam,KARBI ANGLONG,1997,Whole Year,Tapioca,279,1480,5.304659498
Assam,KARBI ANGLONG,1997,Whole Year,Turmeric,361,263,0.728531856
Assam,KARBI ANGLONG,1997,Winter,Rice,110191,110704,1.004655553
Assam,KARBI ANGLONG,1998,Autumn,Rice,11471,13492,1.176183419
Assam,KARBI ANGLONG,1998,Kharif,Arhar/Tur,1016,692,0.681102362
Assam,KARBI ANGLONG,1998,Kharif,Castor seed,520,211,0.405769231
Assam,KARBI ANGLONG,1998,Kharif,Cotton(lint),659,318,0.482549317
Assam,KARBI ANGLONG,1998,Kharif,Jute,2023,17668,8.733564014
Assam,KARBI ANGLONG,1998,Kharif,Maize,10561,8038,0.761102168
Assam,KARBI ANGLONG,1998,Kharif,Mesta,69,358,5.188405797
Assam,KARBI ANGLONG,1998,Kharif,Niger seed,36,14,0.388888889
Assam,KARBI ANGLONG,1998,Kharif,Sesamum,2413,1331,0.551595524
Assam,KARBI ANGLONG,1998,Kharif,Small millets,207,70,0.338164251
Assam,KARBI ANGLONG,1998,Rabi,Gram,548,268,0.489051095
Assam,KARBI ANGLONG,1998,Rabi,Linseed,85,35,0.411764706
Assam,KARBI ANGLONG,1998,Rabi,Other  Rabi pulses,1801,937,0.520266519
Assam,KARBI ANGLONG,1998,Rabi,Rapeseed &Mustard,17092,6312,0.369295577
Assam,KARBI ANGLONG,1998,Rabi,Wheat,1845,2670,1.447154472
Assam,KARBI ANGLONG,1998,Summer,Rice,1319,1515,1.148597422
Assam,KARBI ANGLONG,1998,Whole Year,Arecanut,1213,509,0.419620775
Assam,KARBI ANGLONG,1998,Whole Year,Banana,1687,22634,13.41671606
Assam,KARBI ANGLONG,1998,Whole Year,Coconut,370,1603000,4332.432432
Assam,KARBI ANGLONG,1998,Whole Year,Dry chillies,277,152,0.548736462
Assam,KARBI ANGLONG,1998,Whole Year,Onion,202,406,2.00990099
Assam,KARBI ANGLONG,1998,Whole Year,Potato,828,7240,8.743961353
Assam,KARBI ANGLONG,1998,Whole Year,Sugarcane,4209,191700,45.54526016
Assam,KARBI ANGLONG,1998,Whole Year,Sweet potato,233,728,3.124463519
Assam,KARBI ANGLONG,1998,Whole Year,Tapioca,280,1485,5.303571429
Assam,KARBI ANGLONG,1998,Whole Year,Tobacco,100,40,0.4
Assam,KARBI ANGLONG,1998,Whole Year,Turmeric,372,275,0.739247312
Assam,KARBI ANGLONG,1998,Winter,Rice,99094,139145,1.404171796
Assam,KARBI ANGLONG,1999,Autumn,Rice,11471,13905,1.212187255
Assam,KARBI ANGLONG,1999,Kharif,Arhar/Tur,1021,692,0.677766895
Assam,KARBI ANGLONG,1999,Kharif,Castor seed,525,213,0.405714286
Assam,KARBI ANGLONG,1999,Kharif,Cotton(lint),662,320,0.483383686
Assam,KARBI ANGLONG,1999,Kharif,Jute,2023,23549,11.64063272
Assam,KARBI ANGLONG,1999,Kharif,Maize,10561,8219,0.778240697
Assam,KARBI ANGLONG,1999,Kharif,Mesta,69,358,5.188405797
Assam,KARBI ANGLONG,1999,Kharif,Niger seed,40,14,0.35
Assam,KARBI ANGLONG,1999,Kharif,Sesamum,2420,1444,0.596694215
Assam,KARBI ANGLONG,1999,Kharif,Small millets,208,67,0.322115385
Assam,KARBI ANGLONG,1999,Rabi,Gram,113,47,0.415929204
Assam,KARBI ANGLONG,1999,Rabi,Linseed,88,38,0.431818182
Assam,KARBI ANGLONG,1999,Rabi,Other  Rabi pulses,2254,1210,0.536823425
Assam,KARBI ANGLONG,1999,Rabi,Rapeseed &Mustard,17115,7284,0.425591586
Assam,KARBI ANGLONG,1999,Rabi,Wheat,1375,2056,1.495272727
Assam,KARBI ANGLONG,1999,Summer,Rice,1481,3286,2.218771101
Assam,KARBI ANGLONG,1999,Whole Year,Arecanut,1234,766,0.620745543
Assam,KARBI ANGLONG,1999,Whole Year,Banana,1687,22635,13.41730883
Assam,KARBI ANGLONG,1999,Whole Year,Coconut,122,600000,4918.032787
Assam,KARBI ANGLONG,1999,Whole Year,Dry chillies,283,157,0.554770318
Assam,KARBI ANGLONG,1999,Whole Year,Onion,211,426,2.018957346
Assam,KARBI ANGLONG,1999,Whole Year,Potato,830,6279,7.565060241
Assam,KARBI ANGLONG,1999,Whole Year,Sugarcane,4230,198174,46.84964539
Assam,KARBI ANGLONG,1999,Whole Year,Sweet potato,243,764,3.144032922
Assam,KARBI ANGLONG,1999,Whole Year,Tapioca,280,1457,5.203571429
Assam,KARBI ANGLONG,1999,Whole Year,Tobacco,95,38,0.4
Assam,KARBI ANGLONG,1999,Whole Year,Turmeric,385,288,0.748051948
Assam,KARBI ANGLONG,1999,Winter,Rice,101518,153253,1.509614059
Assam,KARBI ANGLONG,2000,Autumn,Rice,11498,12962,1.127326492
Assam,KARBI ANGLONG,2000,Kharif,Arhar/Tur,1024,696,0.6796875
Assam,KARBI ANGLONG,2000,Kharif,Castor seed,526,214,0.406844106
Assam,KARBI ANGLONG,2000,Kharif,Cotton(lint),664,320,0.481927711
Assam,KARBI ANGLONG,2000,Kharif,Jute,2012,26182,13.01292247
Assam,KARBI ANGLONG,2000,Kharif,Maize,10622,8505,0.800696667
Assam,KARBI ANGLONG,2000,Kharif,Mesta,74,386,5.216216216
Assam,KARBI ANGLONG,2000,Kharif,Niger seed,42,22,0.523809524
Assam,KARBI ANGLONG,2000,Kharif,Sesamum,2426,1749,0.720939819
Assam,KARBI ANGLONG,2000,Kharif,Small millets,206,66,0.32038835
Assam,KARBI ANGLONG,2000,Rabi,Gram,547,272,0.49725777
Assam,KARBI ANGLONG,2000,Rabi,Linseed,91,39,0.428571429
Assam,KARBI ANGLONG,2000,Rabi,Other  Rabi pulses,2875,1547,0.538086957
Assam,KARBI ANGLONG,2000,Rabi,Rapeseed &Mustard,17138,8932,0.521181001
Assam,KARBI ANGLONG,2000,Rabi,Wheat,1364,2146,1.573313783
Assam,KARBI ANGLONG,2000,Summer,Rice,1559,1713,1.09878127
Assam,KARBI ANGLONG,2000,Whole Year,Arecanut,1198,739,0.616861436
Assam,KARBI ANGLONG,2000,Whole Year,Banana,1700,22817,13.42176471
Assam,KARBI ANGLONG,2000,Whole Year,Coconut,391,1440000,3682.86445
Assam,KARBI ANGLONG,2000,Whole Year,Dry chillies,291,162,0.556701031
Assam,KARBI ANGLONG,2000,Whole Year,Onion,221,447,2.022624434
Assam,KARBI ANGLONG,2000,Whole Year,Potato,824,6623,8.037621359
Assam,KARBI ANGLONG,2000,Whole Year,Sugarcane,4267,175995,41.24560581
Assam,KARBI ANGLONG,2000,Whole Year,Sweet potato,246,775,3.150406504
Assam,KARBI ANGLONG,2000,Whole Year,Tapioca,293,1546,5.276450512
Assam,KARBI ANGLONG,2000,Whole Year,Tobacco,97,39,0.402061856
Assam,KARBI ANGLONG,2000,Whole Year,Turmeric,394,297,0.753807107
Assam,KARBI ANGLONG,2000,Winter,Rice,112691,168993,1.499613989
Assam,KARBI ANGLONG,2001,Autumn,Rice,11507,11107,0.96523855
Assam,KARBI ANGLONG,2001,Kharif,Arhar/Tur,958,657,0.685803758
Assam,KARBI ANGLONG,2001,Kharif,Castor seed,530,215,0.405660377
Assam,KARBI ANGLONG,2001,Kharif,Cotton(lint),800,391,0.48875
Assam,KARBI ANGLONG,2001,Kharif,Jute,2003,21717,10.84223665
Assam,KARBI ANGLONG,2001,Kharif,Maize,10206,7952,0.77914952
Assam,KARBI ANGLONG,2001,Kharif,Mesta,81,425,5.24691358
Assam,KARBI ANGLONG,2001,Kharif,Niger seed,45,26,0.577777778
Assam,KARBI ANGLONG,2001,Kharif,Sesamum,2437,1799,0.738202708
Assam,KARBI ANGLONG,2001,Kharif,Small millets,207,67,0.323671498
Assam,KARBI ANGLONG,2001,Rabi,Gram,538,317,0.589219331
Assam,KARBI ANGLONG,2001,Rabi,Linseed,103,44,0.427184466
Assam,KARBI ANGLONG,2001,Rabi,Masoor,219,119,0.543378995
Assam,KARBI ANGLONG,2001,Rabi,Moong(Green Gram),408,190,0.465686275
Assam,KARBI ANGLONG,2001,Rabi,Other  Rabi pulses,2243,1260,0.561747659
Assam,KARBI ANGLONG,2001,Rabi,Peas & beans (Pulses),552,314,0.56884058
Assam,KARBI ANGLONG,2001,Rabi,Rapeseed &Mustard,17163,11135,0.648779351
Assam,KARBI ANGLONG,2001,Rabi,Urad,649,360,0.554699538
Assam,KARBI ANGLONG,2001,Rabi,Wheat,1352,2077,1.536242604
Assam,KARBI ANGLONG,2001,Summer,Rice,1580,2048,1.296202532
Assam,KARBI ANGLONG,2001,Whole Year,Arecanut,1209,1142,0.944582299
Assam,KARBI ANGLONG,2001,Whole Year,Banana,1703,22866,13.42689372
Assam,KARBI ANGLONG,2001,Whole Year,Coconut,396,3038000,7671.717172
Assam,KARBI ANGLONG,2001,Whole Year,Dry chillies,296,165,0.557432432
Assam,KARBI ANGLONG,2001,Whole Year,Onion,229,467,2.03930131
Assam,KARBI ANGLONG,2001,Whole Year,Potato,829,7289,8.79252111
Assam,KARBI ANGLONG,2001,Whole Year,Sugarcane,4723,208591,44.16493754
Assam,KARBI ANGLONG,2001,Whole Year,Sweet potato,248,782,3.153225806
Assam,KARBI ANGLONG,2001,Whole Year,Tapioca,299,1503,5.026755853
Assam,KARBI ANGLONG,2001,Whole Year,Tobacco,96,39,0.40625
Assam,KARBI ANGLONG,2001,Whole Year,Turmeric,408,308,0.754901961
Assam,KARBI ANGLONG,2001,Winter,Rice,111755,162309,1.452364547
Assam,KARBI ANGLONG,2002,Autumn,Rice,11542,13203,1.143909201
Assam,KARBI ANGLONG,2002,Kharif,Arhar/Tur,959,660,0.688216893
Assam,KARBI ANGLONG,2002,Kharif,Castor seed,534,216,0.404494382
Assam,KARBI ANGLONG,2002,Kharif,Cotton(lint),661,326,0.493192133
Assam,KARBI ANGLONG,2002,Kharif,Jute,1997,24007,12.0215323
Assam,KARBI ANGLONG,2002,Kharif,Maize,10646,8373,0.786492579
Assam,KARBI ANGLONG,2002,Kharif,Mesta,83,438,5.277108434
Assam,KARBI ANGLONG,2002,Kharif,Niger seed,41,21,0.512195122
Assam,KARBI ANGLONG,2002,Kharif,Sesamum,2449,1765,0.720702327
Assam,KARBI ANGLONG,2002,Kharif,Small millets,207,65,0.314009662
Assam,KARBI ANGLONG,2002,Rabi,Gram,531,263,0.495291902
Assam,KARBI ANGLONG,2002,Rabi,Linseed,100,43,0.43
Assam,KARBI ANGLONG,2002,Rabi,Masoor,213,103,0.483568075
Assam,KARBI ANGLONG,2002,Rabi,Moong(Green Gram),427,239,0.55971897
Assam,KARBI ANGLONG,2002,Rabi,Other  Rabi pulses,1865,996,0.534048257
Assam,KARBI ANGLONG,2002,Rabi,Peas & beans (Pulses),567,326,0.574955908
Assam,KARBI ANGLONG,2002,Rabi,Rapeseed &Mustard,17183,8633,0.502415178
Assam,KARBI ANGLONG,2002,Rabi,Urad,658,328,0.498480243
Assam,KARBI ANGLONG,2002,Rabi,Wheat,1358,1890,1.391752577
Assam,KARBI ANGLONG,2002,Summer,Rice,1747,2361,1.351459645
Assam,KARBI ANGLONG,2002,Whole Year,Arecanut,1216,582,0.478618421
Assam,KARBI ANGLONG,2002,Whole Year,Banana,1711,23806,13.91350088
Assam,KARBI ANGLONG,2002,Whole Year,Coconut,402,1921000,4778.606965
Assam,KARBI ANGLONG,2002,Whole Year,Dry chillies,311,175,0.562700965
Assam,KARBI ANGLONG,2002,Whole Year,Onion,243,496,2.041152263
Assam,KARBI ANGLONG,2002,Whole Year,Orange,898,8816,9.817371938
Assam,KARBI ANGLONG,2002,Whole Year,Papaya,509,7773,15.27111984
Assam,KARBI ANGLONG,2002,Whole Year,Pineapple,1710,26820,15.68421053
Assam,KARBI ANGLONG,2002,Whole Year,Potato,832,8031,9.652644231
Assam,KARBI ANGLONG,2002,Whole Year,Sugarcane,4317,170002,39.3796618
Assam,KARBI ANGLONG,2002,Whole Year,Sweet potato,256,809,3.16015625
Assam,KARBI ANGLONG,2002,Whole Year,Tapioca,306,1542,5.039215686
Assam,KARBI ANGLONG,2002,Whole Year,Tobacco,94,38,0.404255319
Assam,KARBI ANGLONG,2002,Whole Year,Turmeric,434,333,0.767281106
Assam,KARBI ANGLONG,2002,Winter,Rice,112663,172850,1.534221528
Assam,KARBI ANGLONG,2003,Autumn,Rice,10451,12052,1.153191082
Assam,KARBI ANGLONG,2003,Kharif,Arhar/Tur,1165,778,0.667811159
Assam,KARBI ANGLONG,2003,Kharif,Castor seed,548,222,0.405109489
Assam,KARBI ANGLONG,2003,Kharif,Cotton(lint),691,339,0.490593343
Assam,KARBI ANGLONG,2003,Kharif,Jute,1951,23390,11.98872373
Assam,KARBI ANGLONG,2003,Kharif,Maize,10730,8457,0.788164026
Assam,KARBI ANGLONG,2003,Kharif,Mesta,95,504,5.305263158
Assam,KARBI ANGLONG,2003,Kharif,Niger seed,59,31,0.525423729
Assam,KARBI ANGLONG,2003,Kharif,Sesamum,2586,1890,0.730858469
Assam,KARBI ANGLONG,2003,Kharif,Small millets,207,66,0.31884058
Assam,KARBI ANGLONG,2003,Rabi,Gram,505,281,0.556435644
Assam,KARBI ANGLONG,2003,Rabi,Linseed,127,54,0.42519685
Assam,KARBI ANGLONG,2003,Rabi,Masoor,194,100,0.515463918
Assam,KARBI ANGLONG,2003,Rabi,Moong(Green Gram),460,245,0.532608696
Assam,KARBI ANGLONG,2003,Rabi,Peas & beans (Pulses),481,291,0.604989605
Assam,KARBI ANGLONG,2003,Rabi,Rapeseed &Mustard,16902,6941,0.41066146
Assam,KARBI ANGLONG,2003,Rabi,Urad,633,331,0.522906793
Assam,KARBI ANGLONG,2003,Rabi,Wheat,1276,1712,1.34169279
Assam,KARBI ANGLONG,2003,Summer,Rice,1764,2049,1.161564626
Assam,KARBI ANGLONG,2003,Whole Year,Arecanut,1226,1536,1.252854812
Assam,KARBI ANGLONG,2003,Whole Year,Banana,1731,24204,13.98266898
Assam,KARBI ANGLONG,2003,Whole Year,Coconut,408,1595000,3909.313725
Assam,KARBI ANGLONG,2003,Whole Year,Dry chillies,316,178,0.563291139
Assam,KARBI ANGLONG,2003,Whole Year,Onion,249,507,2.036144578
Assam,KARBI ANGLONG,2003,Whole Year,Orange,906,8966,9.896247241
Assam,KARBI ANGLONG,2003,Whole Year,Papaya,577,7921,13.72790295
Assam,KARBI ANGLONG,2003,Whole Year,Pineapple,1724,26596,15.42691415
Assam,KARBI ANGLONG,2003,Whole Year,Potato,770,4482,5.820779221
Assam,KARBI ANGLONG,2003,Whole Year,Sugarcane,5239,231290,44.14773812
Assam,KARBI ANGLONG,2003,Whole Year,Sweet potato,258,809,3.135658915
Assam,KARBI ANGLONG,2003,Whole Year,Tapioca,315,1588,5.041269841
Assam,KARBI ANGLONG,2003,Whole Year,Tobacco,71,28,0.394366197
Assam,KARBI ANGLONG,2003,Whole Year,Turmeric,453,347,0.766004415
Assam,KARBI ANGLONG,2003,Winter,Rice,119704,167676,1.400755196
Assam,KARBI ANGLONG,2004,Autumn,Rice,10477,10152,0.96897967
Assam,KARBI ANGLONG,2004,Kharif,Arhar/Tur,1154,782,0.677642981
Assam,KARBI ANGLONG,2004,Kharif,Castor seed,556,225,0.404676259
Assam,KARBI ANGLONG,2004,Kharif,Cotton(lint),740,365,0.493243243
Assam,KARBI ANGLONG,2004,Kharif,Jute,1989,14078,7.077928607
Assam,KARBI ANGLONG,2004,Kharif,Mesta,104,554,5.326923077
Assam,KARBI ANGLONG,2004,Kharif,Niger seed,56,29,0.517857143
Assam,KARBI ANGLONG,2004,Kharif,Sesamum,2617,1931,0.737867788
Assam,KARBI ANGLONG,2004,Kharif,Small millets,211,70,0.331753555
Assam,KARBI ANGLONG,2004,Rabi,Gram,489,248,0.507157464
Assam,KARBI ANGLONG,2004,Rabi,Linseed,125,52,0.416
Assam,KARBI ANGLONG,2004,Rabi,Masoor,213,97,0.455399061
Assam,KARBI ANGLONG,2004,Rabi,Moong(Green Gram),422,262,0.620853081
Assam,KARBI ANGLONG,2004,Rabi,Peas & beans (Pulses),509,323,0.634577603
Assam,KARBI ANGLONG,2004,Rabi,Rapeseed &Mustard,16716,7582,0.453577411
Assam,KARBI ANGLONG,2004,Rabi,Urad,553,318,0.575045208
Assam,KARBI ANGLONG,2004,Rabi,Wheat,1418,2070,1.459802539
Assam,KARBI ANGLONG,2004,Summer,Rice,1824,2135,1.170504386
Assam,KARBI ANGLONG,2004,Whole Year,Coconut,416,3830000,9206.730769
Assam,KARBI ANGLONG,2004,Whole Year,Dry chillies,336,278,0.827380952
Assam,KARBI ANGLONG,2004,Whole Year,Onion,260,617,2.373076923
Assam,KARBI ANGLONG,2004,Whole Year,Potato,830,8737,10.52650602
Assam,KARBI ANGLONG,2004,Whole Year,Sugarcane,4382,180342,41.15518028
Assam,KARBI ANGLONG,2004,Whole Year,Sweet potato,269,878,3.26394052
Assam,KARBI ANGLONG,2004,Whole Year,Tobacco,93,37,0.397849462
Assam,KARBI ANGLONG,2004,Whole Year,Turmeric,483,388,0.803312629
Assam,KARBI ANGLONG,2004,Winter,Rice,116951,171521,1.466605672
Assam,KARBI ANGLONG,2005,Autumn,Rice,10498,12339,1.175366737
Assam,KARBI ANGLONG,2005,Kharif,Arhar/Tur,1185,801,0.675949367
Assam,KARBI ANGLONG,2005,Kharif,Castor seed,556,225,0.404676259
Assam,KARBI ANGLONG,2005,Kharif,Cotton(lint),771,381,0.494163424
Assam,KARBI ANGLONG,2005,Kharif,Jute,1036,13248,12.78764479
Assam,KARBI ANGLONG,2005,Kharif,Maize,10782,8473,0.785846782
Assam,KARBI ANGLONG,2005,Kharif,Mesta,127,682,5.37007874
Assam,KARBI ANGLONG,2005,Kharif,Niger seed,305,153,0.501639344
Assam,KARBI ANGLONG,2005,Kharif,Sesamum,2614,1915,0.732593726
Assam,KARBI ANGLONG,2005,Kharif,Small millets,211,69,0.327014218
Assam,KARBI ANGLONG,2005,Rabi,Gram,489,253,0.517382413
Assam,KARBI ANGLONG,2005,Rabi,Linseed,125,53,0.424
Assam,KARBI ANGLONG,2005,Rabi,Masoor,214,102,0.476635514
Assam,KARBI ANGLONG,2005,Rabi,Moong(Green Gram),428,250,0.58411215
Assam,KARBI ANGLONG,2005,Rabi,Other  Rabi pulses,1730,982,0.567630058
Assam,KARBI ANGLONG,2005,Rabi,Peas & beans (Pulses),522,323,0.618773946
Assam,KARBI ANGLONG,2005,Rabi,Rapeseed &Mustard,16779,6571,0.391620478
Assam,KARBI ANGLONG,2005,Rabi,Urad,566,277,0.489399293
Assam,KARBI ANGLONG,2005,Rabi,Wheat,1131,1451,1.282935455
Assam,KARBI ANGLONG,2005,Summer,Rice,1780,2021,1.135393258
Assam,KARBI ANGLONG,2005,Whole Year,Arecanut,1240,689,0.555645161
Assam,KARBI ANGLONG,2005,Whole Year,Banana,1778,24742,13.91563555
Assam,KARBI ANGLONG,2005,Whole Year,Dry chillies,333,238,0.714714715
Assam,KARBI ANGLONG,2005,Whole Year,Onion,1186,2453,2.068296796
Assam,KARBI ANGLONG,2005,Whole Year,Potato,773,5698,7.371280724
Assam,KARBI ANGLONG,2005,Whole Year,Sugarcane,4428,179704,40.58355917
Assam,KARBI ANGLONG,2005,Whole Year,Sweet potato,239,764,3.19665272
Assam,KARBI ANGLONG,2005,Whole Year,Tapioca,339,1709,5.041297935
Assam,KARBI ANGLONG,2005,Whole Year,Tobacco,93,37,0.397849462
Assam,KARBI ANGLONG,2005,Whole Year,Turmeric,483,383,0.792960663
Assam,KARBI ANGLONG,2005,Winter,Rice,114930,170915,1.487122596
Assam,KARBI ANGLONG,2006,Autumn,Rice,10498,13150,1.252619547
Assam,KARBI ANGLONG,2006,Kharif,Arhar/Tur,1219,821,0.673502871
Assam,KARBI ANGLONG,2006,Kharif,Castor seed,565,229,0.405309735
Assam,KARBI ANGLONG,2006,Kharif,Cotton(lint),791,391,0.494310999
Assam,KARBI ANGLONG,2006,Kharif,Jute,1866,20067,10.75401929
Assam,KARBI ANGLONG,2006,Kharif,Maize,10782,8473,0.785846782
Assam,KARBI ANGLONG,2006,Kharif,Mesta,130,699,5.376923077
Assam,KARBI ANGLONG,2006,Kharif,Niger seed,296,149,0.503378378
Assam,KARBI ANGLONG,2006,Kharif,Sesamum,2654,1953,0.735870384
Assam,KARBI ANGLONG,2006,Kharif,Small millets,216,72,0.333333333
Assam,KARBI ANGLONG,2006,Rabi,Gram,470,247,0.525531915
Assam,KARBI ANGLONG,2006,Rabi,Linseed,113,48,0.424778761
Assam,KARBI ANGLONG,2006,Rabi,Masoor,205,98,0.47804878
Assam,KARBI ANGLONG,2006,Rabi,Moong(Green Gram),459,260,0.566448802
Assam,KARBI ANGLONG,2006,Rabi,Peas & beans (Pulses),535,332,0.620560748
Assam,KARBI ANGLONG,2006,Rabi,Rapeseed &Mustard,16832,9435,0.560539449
Assam,KARBI ANGLONG,2006,Rabi,Urad,669,344,0.514200299
Assam,KARBI ANGLONG,2006,Rabi,Wheat,1330,1693,1.272932331
Assam,KARBI ANGLONG,2006,Summer,Rice,1709,1985,1.161497952
Assam,KARBI ANGLONG,2006,Whole Year,Arecanut,1302,1310,1.006144393
Assam,KARBI ANGLONG,2006,Whole Year,Banana,1842,26153,14.19815418
Assam,KARBI ANGLONG,2006,Whole Year,Coconut,394,2057000,5220.812183
Assam,KARBI ANGLONG,2006,Whole Year,Dry chillies,365,258,0.706849315
Assam,KARBI ANGLONG,2006,Whole Year,Onion,289,656,2.269896194
Assam,KARBI ANGLONG,2006,Whole Year,Potato,838,7935,9.468973747
Assam,KARBI ANGLONG,2006,Whole Year,Sugarcane,6865,320041,46.61922797
Assam,KARBI ANGLONG,2006,Whole Year,Sweet potato,373,1199,3.214477212
Assam,KARBI ANGLONG,2006,Whole Year,Tapioca,354,1807,5.104519774
Assam,KARBI ANGLONG,2006,Whole Year,Tobacco,92,36,0.391304348
Assam,KARBI ANGLONG,2006,Whole Year,Turmeric,578,465,0.80449827
Assam,KARBI ANGLONG,2006,Winter,Rice,111966,164323,1.467615169
Assam,KARBI ANGLONG,2007,Autumn,Rice,10465,13524,1.292307692
Assam,KARBI ANGLONG,2007,Kharif,Arhar/Tur,1214,818,0.673805601
Assam,KARBI ANGLONG,2007,Kharif,Castor seed,565,229,0.405309735
Assam,KARBI ANGLONG,2007,Kharif,Cotton(lint),791,391,0.494310999
Assam,KARBI ANGLONG,2007,Kharif,Jute,1711,18783,10.97779077
Assam,KARBI ANGLONG,2007,Kharif,Maize,10782,8465,0.785104804
Assam,KARBI ANGLONG,2007,Kharif,Mesta,142,766,5.394366197
Assam,KARBI ANGLONG,2007,Kharif,Niger seed,296,149,0.503378378
Assam,KARBI ANGLONG,2007,Kharif,Sesamum,2684,1973,0.73509687
Assam,KARBI ANGLONG,2007,Kharif,Small millets,216,72,0.333333333
Assam,KARBI ANGLONG,2007,Rabi,Gram,470,242,0.514893617
Assam,KARBI ANGLONG,2007,Rabi,Linseed,113,48,0.424778761
Assam,KARBI ANGLONG,2007,Rabi,Masoor,205,96,0.468292683
Assam,KARBI ANGLONG,2007,Rabi,Moong(Green Gram),459,266,0.579520697
Assam,KARBI ANGLONG,2007,Rabi,Peas & beans (Pulses),526,332,0.631178707
Assam,KARBI ANGLONG,2007,Rabi,Rapeseed &Mustard,16831,7305,0.434020557
Assam,KARBI ANGLONG,2007,Rabi,Urad,669,356,0.532137519
Assam,KARBI ANGLONG,2007,Rabi,Wheat,1249,1735,1.389111289
Assam,KARBI ANGLONG,2007,Summer,Rice,1648,2186,1.326456311
Assam,KARBI ANGLONG,2007,Whole Year,Arecanut,1287,984,0.764568765
Assam,KARBI ANGLONG,2007,Whole Year,Banana,1879,26303,13.99840341
Assam,KARBI ANGLONG,2007,Whole Year,Black pepper,299,482,1.612040134
Assam,KARBI ANGLONG,2007,Whole Year,Coconut,385,2713000,7046.753247
Assam,KARBI ANGLONG,2007,Whole Year,Dry chillies,369,277,0.750677507
Assam,KARBI ANGLONG,2007,Whole Year,Dry ginger,1894,13321,7.033262936
Assam,KARBI ANGLONG,2007,Whole Year,Onion,289,666,2.30449827
Assam,KARBI ANGLONG,2007,Whole Year,Potato,838,7069,8.435560859
Assam,KARBI ANGLONG,2007,Whole Year,Sugarcane,6877,324727,47.21928166
Assam,KARBI ANGLONG,2007,Whole Year,Sweet potato,373,1196,3.206434316
Assam,KARBI ANGLONG,2007,Whole Year,Tapioca,359,1817,5.061281337
Assam,KARBI ANGLONG,2007,Whole Year,Tobacco,92,36,0.391304348
Assam,KARBI ANGLONG,2007,Whole Year,Turmeric,578,467,0.807958478
Assam,KARBI ANGLONG,2007,Winter,Rice,110593,174753,1.580145217
Assam,KARBI ANGLONG,2008,Autumn,Rice,10465,13415,1.281892021
Assam,KARBI ANGLONG,2008,Kharif,Arhar/Tur,1241,838,0.675261886
Assam,KARBI ANGLONG,2008,Kharif,Castor seed,577,234,0.405545927
Assam,KARBI ANGLONG,2008,Kharif,Cotton(lint),793,391,0.493064313
Assam,KARBI ANGLONG,2008,Kharif,Jute,1711,19011,11.11104617
Assam,KARBI ANGLONG,2008,Kharif,Maize,10582,8328,0.786996787
Assam,KARBI ANGLONG,2008,Kharif,Mesta,142,766,5.394366197
Assam,KARBI ANGLONG,2008,Kharif,Niger seed,282,141,0.5
Assam,KARBI ANGLONG,2008,Kharif,Sesamum,2800,1987,0.709642857
Assam,KARBI ANGLONG,2008,Kharif,Small millets,206,67,0.325242718
Assam,KARBI ANGLONG,2008,Rabi,Blackgram,699,406,0.580829757
Assam,KARBI ANGLONG,2008,Rabi,Gram,472,247,0.523305085
Assam,KARBI ANGLONG,2008,Rabi,Linseed,114,49,0.429824561
Assam,KARBI ANGLONG,2008,Rabi,Masoor,222,106,0.477477477
Assam,KARBI ANGLONG,2008,Rabi,Moong(Green Gram),472,270,0.572033898
Assam,KARBI ANGLONG,2008,Rabi,Peas & beans (Pulses),532,333,0.62593985
Assam,KARBI ANGLONG,2008,Rabi,Rapeseed &Mustard,17112,9035,0.527992052
Assam,KARBI ANGLONG,2008,Rabi,Urad,699,406,0.580829757
Assam,KARBI ANGLONG,2008,Rabi,Wheat,1225,1664,1.358367347
Assam,KARBI ANGLONG,2008,Summer,Rice,2057,2390,1.161886242
Assam,KARBI ANGLONG,2008,Whole Year,Arecanut,1332,894,0.671171171
Assam,KARBI ANGLONG,2008,Whole Year,Banana,1842,25858,14.03800217
Assam,KARBI ANGLONG,2008,Whole Year,Black pepper,303,489,1.613861386
Assam,KARBI ANGLONG,2008,Whole Year,Coconut,435,1366000,3140.229885
Assam,KARBI ANGLONG,2008,Whole Year,Dry chillies,393,270,0.687022901
Assam,KARBI ANGLONG,2008,Whole Year,Dry ginger,1916,13475,7.032881002
Assam,KARBI ANGLONG,2008,Whole Year,Onion,331,733,2.214501511
Assam,KARBI ANGLONG,2008,Whole Year,Potato,841,7184,8.542211653
Assam,KARBI ANGLONG,2008,Whole Year,Sugarcane,7268,332869,45.79925702
Assam,KARBI ANGLONG,2008,Whole Year,Sweet potato,311,988,3.176848875
Assam,KARBI ANGLONG,2008,Whole Year,Tapioca,359,1820,5.069637883
Assam,KARBI ANGLONG,2008,Whole Year,Tobacco,89,38,0.426966292
Assam,KARBI ANGLONG,2008,Whole Year,Turmeric,682,551,0.807917889
Assam,KARBI ANGLONG,2008,Winter,Rice,113375,173493,1.530257993
Assam,KARBI ANGLONG,2009,Autumn,Rice,10891,14104,1.295014232
Assam,KARBI ANGLONG,2009,Kharif,Arhar/Tur,1257,900,0.715990453
Assam,KARBI ANGLONG,2009,Kharif,Castor seed,581,236,0.406196213
Assam,KARBI ANGLONG,2009,Kharif,Cotton(lint),1002,502,0.500998004
Assam,KARBI ANGLONG,2009,Kharif,Jute,1744,17610,10.09747706
Assam,KARBI ANGLONG,2009,Kharif,Maize,10607,8348,0.787027435
Assam,KARBI ANGLONG,2009,Kharif,Mesta,175,949,5.422857143
Assam,KARBI ANGLONG,2009,Kharif,Niger seed,292,147,0.503424658
Assam,KARBI ANGLONG,2009,Kharif,Sesamum,2812,2048,0.728307255
Assam,KARBI ANGLONG,2009,Kharif,Small millets,206,67,0.325242718
Assam,KARBI ANGLONG,2009,Rabi,Banana,1936,27311,14.10692149
Assam,KARBI ANGLONG,2009,Rabi,Gram,479,251,0.524008351
Assam,KARBI ANGLONG,2009,Rabi,Linseed,111,48,0.432432432
Assam,KARBI ANGLONG,2009,Rabi,Masoor,230,111,0.482608696
Assam,KARBI ANGLONG,2009,Rabi,Moong(Green Gram),480,300,0.625
Assam,KARBI ANGLONG,2009,Rabi,Peas & beans (Pulses),550,345,0.627272727
Assam,KARBI ANGLONG,2009,Rabi,Rapeseed &Mustard,17158,7788,0.453899056
Assam,KARBI ANGLONG,2009,Rabi,Urad,713,403,0.565217391
Assam,KARBI ANGLONG,2009,Rabi,Wheat,1247,1940,1.555733761
Assam,KARBI ANGLONG,2009,Summer,Rice,2083,3011,1.445511282
Assam,KARBI ANGLONG,2009,Whole Year,Arecanut,1346,1861,1.382615156
Assam,KARBI ANGLONG,2009,Whole Year,Banana,1936,27311,14.10692149
Assam,KARBI ANGLONG,2009,Whole Year,Black pepper,316,510,1.613924051
Assam,KARBI ANGLONG,2009,Whole Year,Coconut,451,2850000,6319.290466
Assam,KARBI ANGLONG,2009,Whole Year,Dry chillies,418,340,0.813397129
Assam,KARBI ANGLONG,2009,Whole Year,Dry ginger,2481,17448,7.032648126
Assam,KARBI ANGLONG,2009,Whole Year,Onion,340,760,2.235294118
Assam,KARBI ANGLONG,2009,Whole Year,Potato,874,9204,10.53089245
Assam,KARBI ANGLONG,2009,Whole Year,Sugarcane,7191,329934,45.88151856
Assam,KARBI ANGLONG,2009,Whole Year,Sweet potato,305,972,3.186885246
Assam,KARBI ANGLONG,2009,Whole Year,Tapioca,388,1971,5.079896907
Assam,KARBI ANGLONG,2009,Whole Year,Tobacco,88,36,0.409090909
Assam,KARBI ANGLONG,2009,Whole Year,Turmeric,721,585,0.811373093
Assam,KARBI ANGLONG,2009,Winter,Rice,111539,232902,2.088076816
Assam,KARBI ANGLONG,2010,Autumn,Rice,10991,15825,1.439814394
Assam,KARBI ANGLONG,2010,Kharif,Arhar/Tur,1270,910,0.716535433
Assam,KARBI ANGLONG,2010,Kharif,Castor seed,391,159,0.406649616
Assam,KARBI ANGLONG,2010,Kharif,Cotton(lint),822,406,0.493917275
Assam,KARBI ANGLONG,2010,Kharif,Jute,1757,16734,9.524188958
Assam,KARBI ANGLONG,2010,Kharif,Maize,10230,8076,0.789442815
Assam,KARBI ANGLONG,2010,Kharif,Mesta,179,1375,7.681564246
Assam,KARBI ANGLONG,2010,Kharif,Niger seed,186,94,0.505376344
Assam,KARBI ANGLONG,2010,Kharif,Sesamum,3123,2218,0.710214537
Assam,KARBI ANGLONG,2010,Kharif,Small millets,207,81,0.391304348
Assam,KARBI ANGLONG,2010,Rabi,Arecanut,1346,1861,1.382615156
Assam,KARBI ANGLONG,2010,Rabi,Banana,1934,27253,14.09152017
Assam,KARBI ANGLONG,2010,Rabi,Gram,471,246,0.522292994
Assam,KARBI ANGLONG,2010,Rabi,Linseed,62,26,0.419354839
Assam,KARBI ANGLONG,2010,Rabi,Masoor,208,102,0.490384615
Assam,KARBI ANGLONG,2010,Rabi,Moong(Green Gram),469,358,0.763326226
Assam,KARBI ANGLONG,2010,Rabi,Peas & beans (Pulses),550,445,0.809090909
Assam,KARBI ANGLONG,2010,Rabi,Rapeseed &Mustard,17839,10436,0.585010371
Assam,KARBI ANGLONG,2010,Rabi,Urad,717,400,0.557880056
Assam,KARBI ANGLONG,2010,Rabi,Wheat,1204,1512,1.255813953
Assam,KARBI ANGLONG,2010,Summer,Rice,2058,5304,2.577259475
Assam,KARBI ANGLONG,2010,Whole Year,Banana,1934,27253,14.09152017
Assam,KARBI ANGLONG,2010,Whole Year,Black pepper,302,486,1.609271523
Assam,KARBI ANGLONG,2010,Whole Year,Coconut,451,2850000,6319.290466
Assam,KARBI ANGLONG,2010,Whole Year,Dry chillies,418,409,0.9784689
Assam,KARBI ANGLONG,2010,Whole Year,Dry ginger,2498,17569,7.033226581
Assam,KARBI ANGLONG,2010,Whole Year,Onion,253,483,1.909090909
Assam,KARBI ANGLONG,2010,Whole Year,Potato,796,9434,11.85175879
Assam,KARBI ANGLONG,2010,Whole Year,Sugarcane,7217,261226,36.19592629
Assam,KARBI ANGLONG,2010,Whole Year,Sweet potato,265,846,3.19245283
Assam,KARBI ANGLONG,2010,Whole Year,Tapioca,387,1963,5.072351421
Assam,KARBI ANGLONG,2010,Whole Year,Tobacco,65,26,0.4
Assam,KARBI ANGLONG,2010,Whole Year,Turmeric,764,610,0.798429319
Assam,KARBI ANGLONG,2010,Winter,Rice,113051,216219,1.912579278
Assam,KARBI ANGLONG,2011,Autumn,Paddy,10876,14964,1.375873483
Assam,KARBI ANGLONG,2011,Autumn,Rice,10876,14964,1.375873483
Assam,KARBI ANGLONG,2011,Kharif,Arhar/Tur,1091,828,0.758936755
Assam,KARBI ANGLONG,2011,Kharif,Castor seed,403,202,0.501240695
Assam,KARBI ANGLONG,2011,Kharif,Cotton(lint),715,354,0.495104895
Assam,KARBI ANGLONG,2011,Kharif,Jute,1711,15865,9.272355348
Assam,KARBI ANGLONG,2011,Kharif,Maize,10269,9187,0.894634336
Assam,KARBI ANGLONG,2011,Kharif,Mesta,175,461,2.634285714
Assam,KARBI ANGLONG,2011,Kharif,Niger seed,66,34,0.515151515
Assam,KARBI ANGLONG,2011,Kharif,Orange,1067,10617,9.950328022
Assam,KARBI ANGLONG,2011,Kharif,Papaya,570,9801,17.19473684
Assam,KARBI ANGLONG,2011,Kharif,Sesamum,3118,2484,0.796664529
Assam,KARBI ANGLONG,2011,Kharif,Small millets,205,73,0.356097561
Assam,KARBI ANGLONG,2011,Kharif,Tapioca,350,3999,11.42571429
Assam,KARBI ANGLONG,2011,Kharif,Tobacco,61,26,0.426229508
Assam,KARBI ANGLONG,2011,Rabi,Arecanut,1440,1091,0.757638889
Assam,KARBI ANGLONG,2011,Rabi,Black pepper,320,199,0.621875
Assam,KARBI ANGLONG,2011,Rabi,Dry chillies,361,277,0.767313019
Assam,KARBI ANGLONG,2011,Rabi,Ginger,2343,17021,7.264618011
Assam,KARBI ANGLONG,2011,Rabi,Gram,470,253,0.538297872
Assam,KARBI ANGLONG,2011,Rabi,Linseed,62,30,0.483870968
Assam,KARBI ANGLONG,2011,Rabi,Masoor,212,107,0.504716981
Assam,KARBI ANGLONG,2011,Rabi,Moong(Green Gram),1210,877,0.724793388
Assam,KARBI ANGLONG,2011,Rabi,Peas & beans (Pulses),581,380,0.65404475
Assam,KARBI ANGLONG,2011,Rabi,Pineapple,1899,26640,14.02843602
Assam,KARBI ANGLONG,2011,Rabi,Rapeseed &Mustard,19337,8652,0.447432384
Assam,KARBI ANGLONG,2011,Rabi,Sweet potato,309,1044,3.378640777
Assam,KARBI ANGLONG,2011,Rabi,Urad,1366,760,0.55636896
Assam,KARBI ANGLONG,2011,Rabi,Wheat,1233,1811,1.468775345
Assam,KARBI ANGLONG,2011,Summer,Paddy,2237,3768,1.684398748
Assam,KARBI ANGLONG,2011,Summer,Rice,2237,3768,1.684398748
Assam,KARBI ANGLONG,2011,Whole Year,Banana,1703,26772,15.72049325
Assam,KARBI ANGLONG,2011,Whole Year,Coconut,474,2472,5.215189873
Assam,KARBI ANGLONG,2011,Whole Year,Onion,257,514,2
Assam,KARBI ANGLONG,2011,Whole Year,Potato,902,8433,9.349223947
Assam,KARBI ANGLONG,2011,Whole Year,Sugarcane,7155,258881,36.18183089
Assam,KARBI ANGLONG,2011,Whole Year,Turmeric,852,873,1.024647887
Assam,KARBI ANGLONG,2011,Winter,Paddy,108452,155670,1.435381551
Assam,KARBI ANGLONG,2011,Winter,Rice,108452,155670,1.435381551
Assam,KARBI ANGLONG,2012,Autumn,Paddy,9170,12544,1.367938931
Assam,KARBI ANGLONG,2012,Autumn,Rice,9170,12544,1.367938931
Assam,KARBI ANGLONG,2012,Kharif,Arhar/Tur,1088,874,0.803308824
Assam,KARBI ANGLONG,2012,Kharif,Castor seed,410,217,0.529268293
Assam,KARBI ANGLONG,2012,Kharif,Cotton(lint),1164,579,0.49742268
Assam,KARBI ANGLONG,2012,Kharif,Jute,1713,14684,8.572095738
Assam,KARBI ANGLONG,2012,Kharif,Maize,10285,10354,1.006708799
Assam,KARBI ANGLONG,2012,Kharif,Mesta,181,1455,8.038674033
Assam,KARBI ANGLONG,2012,Kharif,Niger seed,122,63,0.516393443
Assam,KARBI ANGLONG,2012,Kharif,Orange,1094,10907,9.969835466
Assam,KARBI ANGLONG,2012,Kharif,Papaya,556,9618,17.29856115
Assam,KARBI ANGLONG,2012,Kharif,Sesamum,3006,2334,0.776447106
Assam,KARBI ANGLONG,2012,Kharif,Small millets,211,80,0.379146919
Assam,KARBI ANGLONG,2012,Kharif,Tapioca,294,3390,11.53061224
Assam,KARBI ANGLONG,2012,Kharif,Tobacco,59,24,0.406779661
Assam,KARBI ANGLONG,2012,Rabi,Arecanut,1447,1418,0.979958535
Assam,KARBI ANGLONG,2012,Rabi,Black pepper,243,362,1.489711934
Assam,KARBI ANGLONG,2012,Rabi,Dry chillies,367,315,0.858310627
Assam,KARBI ANGLONG,2012,Rabi,Ginger,2442,18010,7.375102375
Assam,KARBI ANGLONG,2012,Rabi,Gram,485,272,0.560824742
Assam,KARBI ANGLONG,2012,Rabi,Linseed,77,37,0.480519481
Assam,KARBI ANGLONG,2012,Rabi,Masoor,220,126,0.572727273
Assam,KARBI ANGLONG,2012,Rabi,Moong(Green Gram),1064,866,0.813909774
Assam,KARBI ANGLONG,2012,Rabi,Peas & beans (Pulses),587,363,0.618398637
Assam,KARBI ANGLONG,2012,Rabi,Pineapple,1961,28092,14.32534421
Assam,KARBI ANGLONG,2012,Rabi,Rapeseed &Mustard,19697,13460,0.683352795
Assam,KARBI ANGLONG,2012,Rabi,Sweet potato,314,1094,3.484076433
Assam,KARBI ANGLONG,2012,Rabi,Urad,1174,647,0.551107325
Assam,KARBI ANGLONG,2012,Rabi,Wheat,1172,1514,1.291808874
Assam,KARBI ANGLONG,2012,Summer,Rice,1572,4661,2.965012723
Assam,KARBI ANGLONG,2012,Whole Year,Banana,1813,29572,16.3110866
Assam,KARBI ANGLONG,2012,Whole Year,Coconut,466,2653,5.693133047
Assam,KARBI ANGLONG,2012,Whole Year,Onion,252,536,2.126984127
Assam,KARBI ANGLONG,2012,Whole Year,Potato,796,5911,7.425879397
Assam,KARBI ANGLONG,2012,Whole Year,Sugarcane,7285,284415,39.04118051
Assam,KARBI ANGLONG,2012,Whole Year,Turmeric,1236,1304,1.055016181
Assam,KARBI ANGLONG,2012,Winter,Paddy,117679,181966,1.546291182
Assam,KARBI ANGLONG,2012,Winter,Rice,117679,181966,1.546291182
Assam,KARBI ANGLONG,2013,Autumn,Paddy,9103,12411,1.363396682
Assam,KARBI ANGLONG,2013,Autumn,Rice,9103,12411,1.363396682
Assam,KARBI ANGLONG,2013,Kharif,Arhar/Tur,1231,934,0.758732738
Assam,KARBI ANGLONG,2013,Kharif,Castor seed,426,167,0.392018779
Assam,KARBI ANGLONG,2013,Kharif,Cotton(lint),817,405,0.495716034
Assam,KARBI ANGLONG,2013,Kharif,Jute,1701,17473,10.27219283
Assam,KARBI ANGLONG,2013,Kharif,Maize,10601,23450,2.212055466
Assam,KARBI ANGLONG,2013,Kharif,Mesta,176,929,5.278409091
Assam,KARBI ANGLONG,2013,Kharif,Niger seed,22,11,0.5
Assam,KARBI ANGLONG,2013,Kharif,Orange,1108,19143,17.27707581
Assam,KARBI ANGLONG,2013,Kharif,Papaya,571,9991,17.49737303
Assam,KARBI ANGLONG,2013,Kharif,Sesamum,3072,2321,0.755533854
Assam,KARBI ANGLONG,2013,Kharif,Small millets,211,75,0.355450237
Assam,KARBI ANGLONG,2013,Kharif,Tapioca,321,3702,11.53271028
Assam,KARBI ANGLONG,2013,Kharif,Tobacco,57,23,0.403508772
Assam,KARBI ANGLONG,2013,Rabi,Arecanut,1487,460,0.30934768
Assam,KARBI ANGLONG,2013,Rabi,Black pepper,264,393,1.488636364
Assam,KARBI ANGLONG,2013,Rabi,Dry chillies,388,334,0.860824742
Assam,KARBI ANGLONG,2013,Rabi,Ginger,1566,12728,8.127713921
Assam,KARBI ANGLONG,2013,Rabi,Gram,453,236,0.520971302
Assam,KARBI ANGLONG,2013,Rabi,Linseed,68,28,0.411764706
Assam,KARBI ANGLONG,2013,Rabi,Masoor,227,138,0.607929515
Assam,KARBI ANGLONG,2013,Rabi,Moong(Green Gram),1107,766,0.691960253
Assam,KARBI ANGLONG,2013,Rabi,Peas & beans (Pulses),590,417,0.706779661
Assam,KARBI ANGLONG,2013,Rabi,Pineapple,1962,35028,17.85321101
Assam,KARBI ANGLONG,2013,Rabi,Rapeseed &Mustard,19704,10009,0.507967925
Assam,KARBI ANGLONG,2013,Rabi,Sweet potato,296,1032,3.486486486
Assam,KARBI ANGLONG,2013,Rabi,Urad,1213,704,0.580379225
Assam,KARBI ANGLONG,2013,Rabi,Wheat,1170,1512,1.292307692
Assam,KARBI ANGLONG,2013,Summer,Paddy,2256,4257,1.886968085
Assam,KARBI ANGLONG,2013,Summer,Rice,2256,4257,1.886968085
Assam,KARBI ANGLONG,2013,Whole Year,Banana,1796,29294,16.31069042
Assam,KARBI ANGLONG,2013,Whole Year,Coconut,499,676,1.354709419
Assam,KARBI ANGLONG,2013,Whole Year,Onion,264,561,2.125
Assam,KARBI ANGLONG,2013,Whole Year,Potato,789,7619,9.65652725
Assam,KARBI ANGLONG,2013,Whole Year,Sugarcane,7639,301787,39.50608718
Assam,KARBI ANGLONG,2013,Whole Year,Turmeric,1243,1243,1
Assam,KARBI ANGLONG,2013,Winter,Paddy,118841,203249,1.710259927
Assam,KARBI ANGLONG,2013,Winter,Rice,118841,203249,1.710259927
Assam,KARBI ANGLONG,2014,Autumn,Paddy,6829,9986,1.462293162
Assam,KARBI ANGLONG,2014,Autumn,Rice,6829,9986,1.462293162
Assam,KARBI ANGLONG,2014,Kharif,Arhar/Tur,1100,1011,0.919090909
Assam,KARBI ANGLONG,2014,Kharif,Castor seed,433,246,0.56812933
Assam,KARBI ANGLONG,2014,Kharif,Cotton(lint),567,280,0.49382716
Assam,KARBI ANGLONG,2014,Kharif,Jute,1395,15205,10.89964158
Assam,KARBI ANGLONG,2014,Kharif,Maize,10375,37969,3.659662651
Assam,KARBI ANGLONG,2014,Kharif,Mesta,179,1483,8.284916201
Assam,KARBI ANGLONG,2014,Kharif,Niger seed,24,12,0.5
Assam,KARBI ANGLONG,2014,Kharif,Orange,1148,19843,17.28484321
Assam,KARBI ANGLONG,2014,Kharif,Papaya,584,10219,17.49828767
Assam,KARBI ANGLONG,2014,Kharif,Sesamum,3075,2561,0.832845528
Assam,KARBI ANGLONG,2014,Kharif,Small millets,222,107,0.481981982
Assam,KARBI ANGLONG,2014,Kharif,Tapioca,354,4083,11.53389831
Assam,KARBI ANGLONG,2014,Kharif,Tobacco,63,26,0.412698413
Assam,KARBI ANGLONG,2014,Rabi,Black pepper,269,402,1.494423792
Assam,KARBI ANGLONG,2014,Rabi,Dry chillies,396,343,0.866161616
Assam,KARBI ANGLONG,2014,Rabi,Ginger,1588,16971,10.68702771
Assam,KARBI ANGLONG,2014,Rabi,Gram,465,337,0.724731183
Assam,KARBI ANGLONG,2014,Rabi,Linseed,69,39,0.565217391
Assam,KARBI ANGLONG,2014,Rabi,Masoor,245,186,0.759183673
Assam,KARBI ANGLONG,2014,Rabi,Moong(Green Gram),1127,1006,0.892635315
Assam,KARBI ANGLONG,2014,Rabi,Peas & beans (Pulses),624,525,0.841346154
Assam,KARBI ANGLONG,2014,Rabi,Pineapple,2025,36153,17.85333333
Assam,KARBI ANGLONG,2014,Rabi,Rapeseed &Mustard,19713,11316,0.574037437
Assam,KARBI ANGLONG,2014,Rabi,Sweet potato,306,1708,5.581699346
Assam,KARBI ANGLONG,2014,Rabi,Urad,1221,792,0.648648649
Assam,KARBI ANGLONG,2014,Rabi,Wheat,1178,1434,1.217317487
Assam,KARBI ANGLONG,2014,Summer,Paddy,2334,3981,1.705655527
Assam,KARBI ANGLONG,2014,Summer,Rice,2334,3981,1.705655527
Assam,KARBI ANGLONG,2014,Whole Year,Banana,1838,29980,16.31120783
Assam,KARBI ANGLONG,2014,Whole Year,Onion,269,680,2.527881041
Assam,KARBI ANGLONG,2014,Whole Year,Potato,849,7717,9.089517079
Assam,KARBI ANGLONG,2014,Whole Year,Sugarcane,7683,289809,37.72081218
Assam,KARBI ANGLONG,2014,Whole Year,Turmeric,1121,1133,1.010704728
Assam,KARBI ANGLONG,2014,Winter,Paddy,118833,204222,1.718563025
Assam,KARBI ANGLONG,2014,Winter,Rice,118833,204222,1.718563025
Assam,KARIMGANJ,1997,Autumn,Rice,7332,8936,1.218767049
Assam,KARIMGANJ,1997,Kharif,Arhar/Tur,58,40,0.689655172
Assam,KARIMGANJ,1997,Kharif,Cotton(lint),36,15,0.416666667
Assam,KARIMGANJ,1997,Kharif,Jute,64,612,9.5625
Assam,KARIMGANJ,1997,Kharif,Maize,5,3,0.6
Assam,KARIMGANJ,1997,Kharif,Sugarcane,3526,129626,36.76290414
Assam,KARIMGANJ,1997,Rabi,Gram,10,5,0.5
Assam,KARIMGANJ,1997,Rabi,Linseed,250,101,0.404
Assam,KARIMGANJ,1997,Rabi,Other  Rabi pulses,1914,769,0.401776385
Assam,KARIMGANJ,1997,Rabi,Rapeseed &Mustard,652,361,0.553680982
Assam,KARIMGANJ,1997,Summer,Rice,4552,2983,0.655316344
Assam,KARIMGANJ,1997,Whole Year,Arecanut,2035,1330,0.653562654
Assam,KARIMGANJ,1997,Whole Year,Coconut,432,1038,2.402777778
Assam,KARIMGANJ,1997,Whole Year,Dry chillies,185,103,0.556756757
Assam,KARIMGANJ,1997,Whole Year,Onion,36,111,3.083333333
Assam,KARIMGANJ,1997,Whole Year,Potato,2000,9308,4.654
Assam,KARIMGANJ,1997,Whole Year,Sesamum,42,19,0.452380952
Assam,KARIMGANJ,1997,Whole Year,Sweet potato,66,251,3.803030303
Assam,KARIMGANJ,1997,Whole Year,Tapioca,7,30,4.285714286
Assam,KARIMGANJ,1997,Whole Year,Turmeric,120,55,0.458333333
Assam,KARIMGANJ,1997,Winter,Rice,61520,71060,1.155071521
Assam,KARIMGANJ,1998,Autumn,Rice,7400,7646,1.033243243
Assam,KARIMGANJ,1998,Kharif,Arhar/Tur,60,41,0.683333333
Assam,KARIMGANJ,1998,Kharif,Cotton(lint),15,6,0.4
Assam,KARIMGANJ,1998,Kharif,Jute,65,568,8.738461538
Assam,KARIMGANJ,1998,Kharif,Maize,5,3,0.6
Assam,KARIMGANJ,1998,Kharif,Niger seed,1,1,1
Assam,KARIMGANJ,1998,Kharif,Sesamum,20,9,0.45
Assam,KARIMGANJ,1998,Rabi,Gram,10,5,0.5
Assam,KARIMGANJ,1998,Rabi,Linseed,40,16,0.4
Assam,KARIMGANJ,1998,Rabi,Other  Rabi pulses,1189,446,0.37510513
Assam,KARIMGANJ,1998,Rabi,Rapeseed &Mustard,200,76,0.38
Assam,KARIMGANJ,1998,Summer,Rice,3623,3811,1.051890698
Assam,KARIMGANJ,1998,Whole Year,Arecanut,2100,925,0.44047619
Assam,KARIMGANJ,1998,Whole Year,Banana,938,11896,12.68230277
Assam,KARIMGANJ,1998,Whole Year,Coconut,450,897000,1993.333333
Assam,KARIMGANJ,1998,Whole Year,Dry chillies,190,105,0.552631579
Assam,KARIMGANJ,1998,Whole Year,Onion,4,12,3
Assam,KARIMGANJ,1998,Whole Year,Potato,1680,7762,4.620238095
Assam,KARIMGANJ,1998,Whole Year,Sugarcane,3600,148158,41.155
Assam,KARIMGANJ,1998,Whole Year,Sweet potato,60,228,3.8
Assam,KARIMGANJ,1998,Whole Year,Tapioca,7,30,4.285714286
Assam,KARIMGANJ,1998,Whole Year,Tobacco,2,1,0.5
Assam,KARIMGANJ,1998,Whole Year,Turmeric,270,124,0.459259259
Assam,KARIMGANJ,1998,Winter,Rice,63930,106421,1.664648835
Assam,KARIMGANJ,1999,Autumn,Rice,5600,10546,1.883214286
Assam,KARIMGANJ,1999,Kharif,Arhar/Tur,70,48,0.685714286
Assam,KARIMGANJ,1999,Kharif,Cotton(lint),12,5,0.416666667
Assam,KARIMGANJ,1999,Kharif,Jute,65,580,8.923076923
Assam,KARIMGANJ,1999,Kharif,Maize,10,6,0.6
Assam,KARIMGANJ,1999,Kharif,Mesta,4,20,5
Assam,KARIMGANJ,1999,Kharif,Niger seed,1,1,1
Assam,KARIMGANJ,1999,Kharif,Sesamum,20,9,0.45
Assam,KARIMGANJ,1999,Rabi,Gram,5,2,0.4
Assam,KARIMGANJ,1999,Rabi,Linseed,60,24,0.4
Assam,KARIMGANJ,1999,Rabi,Other  Rabi pulses,1238,471,0.380452342
Assam,KARIMGANJ,1999,Rabi,Rapeseed &Mustard,220,104,0.472727273
Assam,KARIMGANJ,1999,Summer,Rice,5000,6155,1.231
Assam,KARIMGANJ,1999,Whole Year,Arecanut,2175,1003,0.461149425
Assam,KARIMGANJ,1999,Whole Year,Banana,900,11415,12.68333333
Assam,KARIMGANJ,1999,Whole Year,Coconut,465,3136000,6744.086022
Assam,KARIMGANJ,1999,Whole Year,Dry chillies,150,83,0.553333333
Assam,KARIMGANJ,1999,Whole Year,Onion,20,62,3.1
Assam,KARIMGANJ,1999,Whole Year,Potato,1950,9042,4.636923077
Assam,KARIMGANJ,1999,Whole Year,Sugarcane,1050,46425,44.21428571
Assam,KARIMGANJ,1999,Whole Year,Sweet potato,60,228,3.8
Assam,KARIMGANJ,1999,Whole Year,Tapioca,8,34,4.25
Assam,KARIMGANJ,1999,Whole Year,Tobacco,2,1,0.5
Assam,KARIMGANJ,1999,Whole Year,Turmeric,290,134,0.462068966
Assam,KARIMGANJ,1999,Winter,Rice,63400,107038,1.68829653
Assam,KARIMGANJ,2000,Autumn,Rice,7000,13411,1.915857143
Assam,KARIMGANJ,2000,Kharif,Arhar/Tur,55,38,0.690909091
Assam,KARIMGANJ,2000,Kharif,Cotton(lint),20,8,0.4
Assam,KARIMGANJ,2000,Kharif,Jute,60,577,9.616666667
Assam,KARIMGANJ,2000,Kharif,Maize,8,4,0.5
Assam,KARIMGANJ,2000,Kharif,Niger seed,1,1,1
Assam,KARIMGANJ,2000,Kharif,Sesamum,22,9,0.409090909
Assam,KARIMGANJ,2000,Rabi,Linseed,50,20,0.4
Assam,KARIMGANJ,2000,Rabi,Other  Rabi pulses,1295,494,0.381467181
Assam,KARIMGANJ,2000,Rabi,Rapeseed &Mustard,240,113,0.470833333
Assam,KARIMGANJ,2000,Summer,Rice,5200,8960,1.723076923
Assam,KARIMGANJ,2000,Whole Year,Arecanut,2196,827,0.376593807
Assam,KARIMGANJ,2000,Whole Year,Banana,950,12050,12.68421053
Assam,KARIMGANJ,2000,Whole Year,Coconut,470,1262000,2685.106383
Assam,KARIMGANJ,2000,Whole Year,Dry chillies,175,97,0.554285714
Assam,KARIMGANJ,2000,Whole Year,Onion,25,77,3.08
Assam,KARIMGANJ,2000,Whole Year,Potato,2070,10644,5.142028986
Assam,KARIMGANJ,2000,Whole Year,Sugarcane,895,31991,35.74413408
Assam,KARIMGANJ,2000,Whole Year,Sweet potato,65,247,3.8
Assam,KARIMGANJ,2000,Whole Year,Tapioca,6,26,4.333333333
Assam,KARIMGANJ,2000,Whole Year,Tobacco,4,2,0.5
Assam,KARIMGANJ,2000,Whole Year,Turmeric,295,136,0.461016949
Assam,KARIMGANJ,2000,Winter,Rice,55600,122895,2.210341727
Assam,KARIMGANJ,2001,Autumn,Rice,6000,10804,1.800666667
Assam,KARIMGANJ,2001,Kharif,Arhar/Tur,55,38,0.690909091
Assam,KARIMGANJ,2001,Kharif,Cotton(lint),27,11,0.407407407
Assam,KARIMGANJ,2001,Kharif,Jute,60,594,9.9
Assam,KARIMGANJ,2001,Kharif,Maize,12,7,0.583333333
Assam,KARIMGANJ,2001,Kharif,Sesamum,21,9,0.428571429
Assam,KARIMGANJ,2001,Kharif,Small millets,6,3,0.5
Assam,KARIMGANJ,2001,Rabi,Linseed,29,12,0.413793103
Assam,KARIMGANJ,2001,Rabi,Moong(Green Gram),6,2,0.333333333
Assam,KARIMGANJ,2001,Rabi,Other  Rabi pulses,566,219,0.386925795
Assam,KARIMGANJ,2001,Rabi,Peas & beans (Pulses),20,7,0.35
Assam,KARIMGANJ,2001,Rabi,Rapeseed &Mustard,230,91,0.395652174
Assam,KARIMGANJ,2001,Rabi,Urad,40,22,0.55
Assam,KARIMGANJ,2001,Rabi,Wheat,44,52,1.181818182
Assam,KARIMGANJ,2001,Summer,Rice,3191,5667,1.77593231
Assam,KARIMGANJ,2001,Whole Year,Arecanut,2200,2127,0.966818182
Assam,KARIMGANJ,2001,Whole Year,Banana,950,12049,12.68315789
Assam,KARIMGANJ,2001,Whole Year,Coconut,472,1489000,3154.661017
Assam,KARIMGANJ,2001,Whole Year,Dry chillies,185,102,0.551351351
Assam,KARIMGANJ,2001,Whole Year,Onion,30,92,3.066666667
Assam,KARIMGANJ,2001,Whole Year,Potato,2050,10838,5.286829268
Assam,KARIMGANJ,2001,Whole Year,Sugarcane,797,35120,44.06524467
Assam,KARIMGANJ,2001,Whole Year,Sweet potato,66,251,3.803030303
Assam,KARIMGANJ,2001,Whole Year,Tapioca,6,26,4.333333333
Assam,KARIMGANJ,2001,Whole Year,Tobacco,5,3,0.6
Assam,KARIMGANJ,2001,Whole Year,Turmeric,285,131,0.459649123
Assam,KARIMGANJ,2001,Winter,Rice,63500,145362,2.289165354
Assam,KARIMGANJ,2002,Autumn,Rice,7597,14389,1.89403712
Assam,KARIMGANJ,2002,Kharif,Arhar/Tur,55,38,0.690909091
Assam,KARIMGANJ,2002,Kharif,Cotton(lint),18,7,0.388888889
Assam,KARIMGANJ,2002,Kharif,Jute,62,630,10.16129032
Assam,KARIMGANJ,2002,Kharif,Maize,12,7,0.583333333
Assam,KARIMGANJ,2002,Kharif,Sesamum,24,11,0.458333333
Assam,KARIMGANJ,2002,Rabi,Gram,1,1,1
Assam,KARIMGANJ,2002,Rabi,Linseed,28,11,0.392857143
Assam,KARIMGANJ,2002,Rabi,Moong(Green Gram),7,3,0.428571429
Assam,KARIMGANJ,2002,Rabi,Other  Rabi pulses,799,301,0.376720901
Assam,KARIMGANJ,2002,Rabi,Peas & beans (Pulses),100,33,0.33
Assam,KARIMGANJ,2002,Rabi,Rapeseed &Mustard,240,80,0.333333333
Assam,KARIMGANJ,2002,Rabi,Urad,42,21,0.5
Assam,KARIMGANJ,2002,Summer,Rice,6100,12670,2.07704918
Assam,KARIMGANJ,2002,Whole Year,Arecanut,2215,739,0.333634312
Assam,KARIMGANJ,2002,Whole Year,Banana,952,12074,12.68277311
Assam,KARIMGANJ,2002,Whole Year,Coconut,474,2682000,5658.227848
Assam,KARIMGANJ,2002,Whole Year,Dry chillies,200,111,0.555
Assam,KARIMGANJ,2002,Whole Year,Onion,30,92,3.066666667
Assam,KARIMGANJ,2002,Whole Year,Orange,18,154,8.555555556
Assam,KARIMGANJ,2002,Whole Year,Papaya,48,710,14.79166667
Assam,KARIMGANJ,2002,Whole Year,Pineapple,205,2969,14.48292683
Assam,KARIMGANJ,2002,Whole Year,Potato,1687,6672,3.954949615
Assam,KARIMGANJ,2002,Whole Year,Sugarcane,587,28299,48.20954003
Assam,KARIMGANJ,2002,Whole Year,Sweet potato,75,285,3.8
Assam,KARIMGANJ,2002,Whole Year,Tobacco,4,2,0.5
Assam,KARIMGANJ,2002,Whole Year,Turmeric,325,150,0.461538462
Assam,KARIMGANJ,2002,Winter,Rice,63958,141811,2.217251947
Assam,KARIMGANJ,2003,Autumn,Rice,4000,7360,1.84
Assam,KARIMGANJ,2003,Kharif,Arhar/Tur,45,31,0.688888889
Assam,KARIMGANJ,2003,Kharif,Cotton(lint),27,11,0.407407407
Assam,KARIMGANJ,2003,Kharif,Jute,55,571,10.38181818
Assam,KARIMGANJ,2003,Kharif,Maize,12,7,0.583333333
Assam,KARIMGANJ,2003,Kharif,Sesamum,48,22,0.458333333
Assam,KARIMGANJ,2003,Kharif,Small millets,5,3,0.6
Assam,KARIMGANJ,2003,Rabi,Gram,1,1,1
Assam,KARIMGANJ,2003,Rabi,Linseed,30,12,0.4
Assam,KARIMGANJ,2003,Rabi,Moong(Green Gram),8,3,0.375
Assam,KARIMGANJ,2003,Rabi,other misc. pulses,800,300,0.375
Assam,KARIMGANJ,2003,Rabi,Peas & beans (Pulses),200,65,0.325
Assam,KARIMGANJ,2003,Rabi,Rapeseed &Mustard,260,85,0.326923077
Assam,KARIMGANJ,2003,Rabi,Urad,45,24,0.533333333
Assam,KARIMGANJ,2003,Summer,Rice,4500,1224,0.272
Assam,KARIMGANJ,2003,Whole Year,Arecanut,2231,992,0.444643658
Assam,KARIMGANJ,2003,Whole Year,Banana,965,12239,12.68290155
Assam,KARIMGANJ,2003,Whole Year,Coconut,480,1032000,2150
Assam,KARIMGANJ,2003,Whole Year,Dry chillies,214,118,0.551401869
Assam,KARIMGANJ,2003,Whole Year,Onion,42,129,3.071428571
Assam,KARIMGANJ,2003,Whole Year,Orange,22,187,8.5
Assam,KARIMGANJ,2003,Whole Year,Papaya,60,887,14.78333333
Assam,KARIMGANJ,2003,Whole Year,Pineapple,220,3136,14.25454545
Assam,KARIMGANJ,2003,Whole Year,Potato,1827,6745,3.691844554
Assam,KARIMGANJ,2003,Whole Year,Sugarcane,615,22866,37.1804878
Assam,KARIMGANJ,2003,Whole Year,Sweet potato,100,380,3.8
Assam,KARIMGANJ,2003,Whole Year,Tobacco,4,2,0.5
Assam,KARIMGANJ,2003,Whole Year,Turmeric,355,164,0.461971831
Assam,KARIMGANJ,2003,Winter,Rice,63900,128905,2.017292645
Assam,KARIMGANJ,2004,Autumn,Rice,6500,6230,0.958461538
Assam,KARIMGANJ,2004,Kharif,Arhar/Tur,42,29,0.69047619
Assam,KARIMGANJ,2004,Kharif,Cotton(lint),30,21,0.7
Assam,KARIMGANJ,2004,Kharif,Jute,80,566,7.075
Assam,KARIMGANJ,2004,Kharif,Mesta,10,50,5
Assam,KARIMGANJ,2004,Kharif,Sesamum,36,16,0.444444444
Assam,KARIMGANJ,2004,Kharif,Small millets,5,3,0.6
Assam,KARIMGANJ,2004,Rabi,Gram,2,1,0.5
Assam,KARIMGANJ,2004,Rabi,Linseed,30,12,0.4
Assam,KARIMGANJ,2004,Rabi,Moong(Green Gram),3,1,0.333333333
Assam,KARIMGANJ,2004,Rabi,Other  Rabi pulses,1091,413,0.378551787
Assam,KARIMGANJ,2004,Rabi,Peas & beans (Pulses),140,46,0.328571429
Assam,KARIMGANJ,2004,Rabi,Rapeseed &Mustard,263,105,0.399239544
Assam,KARIMGANJ,2004,Rabi,Urad,48,28,0.583333333
Assam,KARIMGANJ,2004,Rabi,Wheat,13,14,1.076923077
Assam,KARIMGANJ,2004,Summer,Rice,6200,9368,1.510967742
Assam,KARIMGANJ,2004,Whole Year,Coconut,480,1421000,2960.416667
Assam,KARIMGANJ,2004,Whole Year,Dry chillies,205,113,0.551219512
Assam,KARIMGANJ,2004,Whole Year,Onion,40,123,3.075
Assam,KARIMGANJ,2004,Whole Year,Potato,1630,5950,3.650306748
Assam,KARIMGANJ,2004,Whole Year,Sugarcane,700,31877,45.53857143
Assam,KARIMGANJ,2004,Whole Year,Sweet potato,125,475,3.8
Assam,KARIMGANJ,2004,Whole Year,Tobacco,5,3,0.6
Assam,KARIMGANJ,2004,Whole Year,Turmeric,377,174,0.461538462
Assam,KARIMGANJ,2004,Winter,Rice,61309,121010,1.973772203
Assam,KARIMGANJ,2005,Autumn,Rice,6500,11474,1.765230769
Assam,KARIMGANJ,2005,Kharif,Arhar/Tur,40,28,0.7
Assam,KARIMGANJ,2005,Kharif,Cotton(lint),25,10,0.4
Assam,KARIMGANJ,2005,Kharif,Jute,80,816,10.2
Assam,KARIMGANJ,2005,Kharif,Maize,13,7,0.538461538
Assam,KARIMGANJ,2005,Kharif,Sesamum,36,16,0.444444444
Assam,KARIMGANJ,2005,Kharif,Small millets,3,2,0.666666667
Assam,KARIMGANJ,2005,Rabi,Gram,2,1,0.5
Assam,KARIMGANJ,2005,Rabi,Linseed,26,11,0.423076923
Assam,KARIMGANJ,2005,Rabi,Moong(Green Gram),3,1,0.333333333
Assam,KARIMGANJ,2005,Rabi,Other  Rabi pulses,1018,380,0.373280943
Assam,KARIMGANJ,2005,Rabi,Peas & beans (Pulses),70,23,0.328571429
Assam,KARIMGANJ,2005,Rabi,Rapeseed &Mustard,145,64,0.44137931
Assam,KARIMGANJ,2005,Rabi,Urad,45,22,0.488888889
Assam,KARIMGANJ,2005,Summer,Rice,4750,7686,1.618105263
Assam,KARIMGANJ,2005,Whole Year,Arecanut,2231,1009,0.452263559
Assam,KARIMGANJ,2005,Whole Year,Banana,970,12302,12.68247423
Assam,KARIMGANJ,2005,Whole Year,Dry chillies,205,113,0.551219512
Assam,KARIMGANJ,2005,Whole Year,Onion,45,139,3.088888889
Assam,KARIMGANJ,2005,Whole Year,Potato,1500,2682,1.788
Assam,KARIMGANJ,2005,Whole Year,Sugarcane,450,15044,33.43111111
Assam,KARIMGANJ,2005,Whole Year,Sweet potato,120,456,3.8
Assam,KARIMGANJ,2005,Whole Year,Tapioca,5,22,4.4
Assam,KARIMGANJ,2005,Whole Year,Tobacco,4,2,0.5
Assam,KARIMGANJ,2005,Whole Year,Turmeric,376,241,0.640957447
Assam,KARIMGANJ,2005,Winter,Rice,64100,101338,1.580936037
Assam,KARIMGANJ,2006,Autumn,Rice,5800,8971,1.546724138
Assam,KARIMGANJ,2006,Kharif,Arhar/Tur,47,32,0.680851064
Assam,KARIMGANJ,2006,Kharif,Cotton(lint),40,16,0.4
Assam,KARIMGANJ,2006,Kharif,Jute,70,678,9.685714286
Assam,KARIMGANJ,2006,Kharif,Maize,13,7,0.538461538
Assam,KARIMGANJ,2006,Kharif,Sesamum,2,1,0.5
Assam,KARIMGANJ,2006,Rabi,Gram,7,3,0.428571429
Assam,KARIMGANJ,2006,Rabi,Linseed,30,12,0.4
Assam,KARIMGANJ,2006,Rabi,Moong(Green Gram),4,2,0.5
Assam,KARIMGANJ,2006,Rabi,Other  Rabi pulses,715,268,0.374825175
Assam,KARIMGANJ,2006,Rabi,Peas & beans (Pulses),125,41,0.328
Assam,KARIMGANJ,2006,Rabi,Rapeseed &Mustard,250,119,0.476
Assam,KARIMGANJ,2006,Rabi,Urad,35,18,0.514285714
Assam,KARIMGANJ,2006,Rabi,Wheat,60,68,1.133333333
Assam,KARIMGANJ,2006,Summer,Rice,4826,7804,1.617074182
Assam,KARIMGANJ,2006,Whole Year,Arecanut,2285,906,0.396498906
Assam,KARIMGANJ,2006,Whole Year,Banana,1610,20419,12.6826087
Assam,KARIMGANJ,2006,Whole Year,Coconut,680,1519000,2233.823529
Assam,KARIMGANJ,2006,Whole Year,Dry chillies,100,55,0.55
Assam,KARIMGANJ,2006,Whole Year,Onion,50,154,3.08
Assam,KARIMGANJ,2006,Whole Year,Potato,1600,6562,4.10125
Assam,KARIMGANJ,2006,Whole Year,Sugarcane,498,16235,32.60040161
Assam,KARIMGANJ,2006,Whole Year,Sweet potato,130,494,3.8
Assam,KARIMGANJ,2006,Whole Year,Tobacco,4,2,0.5
Assam,KARIMGANJ,2006,Whole Year,Turmeric,390,203,0.520512821
Assam,KARIMGANJ,2006,Winter,Rice,63500,126660,1.994645669
Assam,KARIMGANJ,2007,Autumn,Rice,5900,8657,1.467288136
Assam,KARIMGANJ,2007,Kharif,Arhar/Tur,47,32,0.680851064
Assam,KARIMGANJ,2007,Kharif,Cotton(lint),43,18,0.418604651
Assam,KARIMGANJ,2007,Kharif,Jute,75,823,10.97333333
Assam,KARIMGANJ,2007,Kharif,Maize,15,8,0.533333333
Assam,KARIMGANJ,2007,Kharif,Sesamum,10,5,0.5
Assam,KARIMGANJ,2007,Rabi,Gram,3,1,0.333333333
Assam,KARIMGANJ,2007,Rabi,Linseed,32,13,0.40625
Assam,KARIMGANJ,2007,Rabi,Moong(Green Gram),3,1,0.333333333
Assam,KARIMGANJ,2007,Rabi,Other  Rabi pulses,724,272,0.375690608
Assam,KARIMGANJ,2007,Rabi,Peas & beans (Pulses),210,68,0.323809524
Assam,KARIMGANJ,2007,Rabi,Rapeseed &Mustard,410,163,0.397560976
Assam,KARIMGANJ,2007,Rabi,Urad,40,21,0.525
Assam,KARIMGANJ,2007,Rabi,Wheat,38,48,1.263157895
Assam,KARIMGANJ,2007,Summer,Rice,5306,10973,2.068036185
Assam,KARIMGANJ,2007,Whole Year,Arecanut,2299,1071,0.465854719
Assam,KARIMGANJ,2007,Whole Year,Banana,1254,15904,12.68261563
Assam,KARIMGANJ,2007,Whole Year,Black pepper,75,86,1.146666667
Assam,KARIMGANJ,2007,Whole Year,Coconut,699,766000,1095.851216
Assam,KARIMGANJ,2007,Whole Year,Dry chillies,90,50,0.555555556
Assam,KARIMGANJ,2007,Whole Year,Dry ginger,105,780,7.428571429
Assam,KARIMGANJ,2007,Whole Year,Onion,47,143,3.042553191
Assam,KARIMGANJ,2007,Whole Year,Potato,1608,5551,3.452114428
Assam,KARIMGANJ,2007,Whole Year,Sugarcane,428,10021,23.4135514
Assam,KARIMGANJ,2007,Whole Year,Sweet potato,130,494,3.8
Assam,KARIMGANJ,2007,Whole Year,Tobacco,7,4,0.571428571
Assam,KARIMGANJ,2007,Whole Year,Turmeric,330,179,0.542424242
Assam,KARIMGANJ,2007,Winter,Rice,65225,98940,1.516903028
Assam,KARIMGANJ,2008,Autumn,Rice,5243,8683,1.656112912
Assam,KARIMGANJ,2008,Kharif,Arhar/Tur,47,32,0.680851064
Assam,KARIMGANJ,2008,Kharif,Cotton(lint),37,15,0.405405405
Assam,KARIMGANJ,2008,Kharif,Jute,61,657,10.7704918
Assam,KARIMGANJ,2008,Kharif,Maize,10,5,0.5
Assam,KARIMGANJ,2008,Kharif,Sesamum,12,5,0.416666667
Assam,KARIMGANJ,2008,Kharif,Small millets,3,2,0.666666667
Assam,KARIMGANJ,2008,Rabi,Blackgram,29,17,0.586206897
Assam,KARIMGANJ,2008,Rabi,Gram,4,2,0.5
Assam,KARIMGANJ,2008,Rabi,Linseed,21,9,0.428571429
Assam,KARIMGANJ,2008,Rabi,Moong(Green Gram),3,1,0.333333333
Assam,KARIMGANJ,2008,Rabi,Peas & beans (Pulses),280,91,0.325
Assam,KARIMGANJ,2008,Rabi,Rapeseed &Mustard,323,62,0.191950464
Assam,KARIMGANJ,2008,Rabi,Urad,29,17,0.586206897
Assam,KARIMGANJ,2008,Rabi,Wheat,6,7,1.166666667
Assam,KARIMGANJ,2008,Summer,Rice,5768,9817,1.701976422
Assam,KARIMGANJ,2008,Whole Year,Arecanut,2070,786,0.379710145
Assam,KARIMGANJ,2008,Whole Year,Banana,1298,16614,12.79969183
Assam,KARIMGANJ,2008,Whole Year,Black pepper,222,408,1.837837838
Assam,KARIMGANJ,2008,Whole Year,Coconut,325,1276000,3926.153846
Assam,KARIMGANJ,2008,Whole Year,Dry chillies,167,92,0.550898204
Assam,KARIMGANJ,2008,Whole Year,Dry ginger,115,855,7.434782609
Assam,KARIMGANJ,2008,Whole Year,Onion,32,98,3.0625
Assam,KARIMGANJ,2008,Whole Year,Potato,1766,6008,3.402038505
Assam,KARIMGANJ,2008,Whole Year,Sugarcane,285,7463,26.18596491
Assam,KARIMGANJ,2008,Whole Year,Sweet potato,143,601,4.202797203
Assam,KARIMGANJ,2008,Whole Year,Tobacco,7,4,0.571428571
Assam,KARIMGANJ,2008,Whole Year,Turmeric,252,143,0.567460317
Assam,KARIMGANJ,2008,Winter,Rice,65300,162218,2.484196018
Assam,KARIMGANJ,2009,Autumn,Rice,5064,8700,1.718009479
Assam,KARIMGANJ,2009,Kharif,Arhar/Tur,51,36,0.705882353
Assam,KARIMGANJ,2009,Kharif,Cotton(lint),34,17,0.5
Assam,KARIMGANJ,2009,Kharif,Jute,65,710,10.92307692
Assam,KARIMGANJ,2009,Kharif,Maize,16,7,0.4375
Assam,KARIMGANJ,2009,Kharif,Sesamum,12,5,0.416666667
Assam,KARIMGANJ,2009,Kharif,Small millets,2,1,0.5
Assam,KARIMGANJ,2009,Rabi,Banana,1169,14872,12.7219846
Assam,KARIMGANJ,2009,Rabi,Gram,5,2,0.4
Assam,KARIMGANJ,2009,Rabi,Linseed,21,9,0.428571429
Assam,KARIMGANJ,2009,Rabi,Masoor,15,7,0.466666667
Assam,KARIMGANJ,2009,Rabi,Moong(Green Gram),3,1,0.333333333
Assam,KARIMGANJ,2009,Rabi,Peas & beans (Pulses),300,98,0.326666667
Assam,KARIMGANJ,2009,Rabi,Rapeseed &Mustard,323,170,0.526315789
Assam,KARIMGANJ,2009,Rabi,Urad,35,20,0.571428571
Assam,KARIMGANJ,2009,Rabi,Wheat,5,5,1
Assam,KARIMGANJ,2009,Summer,Rice,5968,6147,1.029993298
Assam,KARIMGANJ,2009,Whole Year,Arecanut,2120,641,0.302358491
Assam,KARIMGANJ,2009,Whole Year,Banana,1169,14872,12.7219846
Assam,KARIMGANJ,2009,Whole Year,Black pepper,230,343,1.491304348
Assam,KARIMGANJ,2009,Whole Year,Coconut,687,9816000,14288.20961
Assam,KARIMGANJ,2009,Whole Year,Dry chillies,167,92,0.550898204
Assam,KARIMGANJ,2009,Whole Year,Dry ginger,115,854,7.426086957
Assam,KARIMGANJ,2009,Whole Year,Onion,29,89,3.068965517
Assam,KARIMGANJ,2009,Whole Year,Potato,1942,7826,4.029866117
Assam,KARIMGANJ,2009,Whole Year,Sugarcane,300,11696,38.98666667
Assam,KARIMGANJ,2009,Whole Year,Sweet potato,157,618,3.936305732
Assam,KARIMGANJ,2009,Whole Year,Tapioca,1,4,4
Assam,KARIMGANJ,2009,Whole Year,Tobacco,6,3,0.5
Assam,KARIMGANJ,2009,Whole Year,Turmeric,252,137,0.543650794
Assam,KARIMGANJ,2009,Winter,Rice,64633,161518,2.499002058
Assam,KARIMGANJ,2010,Autumn,Rice,4451,7580,1.702988093
Assam,KARIMGANJ,2010,Kharif,Arhar/Tur,78,54,0.692307692
Assam,KARIMGANJ,2010,Kharif,Cotton(lint),28,10,0.357142857
Assam,KARIMGANJ,2010,Kharif,Jute,61,613,10.04918033
Assam,KARIMGANJ,2010,Kharif,Maize,20,10,0.5
Assam,KARIMGANJ,2010,Kharif,Mesta,3,15,5
Assam,KARIMGANJ,2010,Kharif,Sesamum,12,5,0.416666667
Assam,KARIMGANJ,2010,Kharif,Small millets,2,1,0.5
Assam,KARIMGANJ,2010,Rabi,Arecanut,2120,641,0.302358491
Assam,KARIMGANJ,2010,Rabi,Banana,1186,15105,12.73608769
Assam,KARIMGANJ,2010,Rabi,Gram,5,2,0.4
Assam,KARIMGANJ,2010,Rabi,Linseed,23,10,0.434782609
Assam,KARIMGANJ,2010,Rabi,Masoor,16,7,0.4375
Assam,KARIMGANJ,2010,Rabi,Moong(Green Gram),18,7,0.388888889
Assam,KARIMGANJ,2010,Rabi,Peas & beans (Pulses),315,165,0.523809524
Assam,KARIMGANJ,2010,Rabi,Rapeseed &Mustard,323,143,0.442724458
Assam,KARIMGANJ,2010,Rabi,Urad,37,21,0.567567568
Assam,KARIMGANJ,2010,Rabi,Wheat,5,6,1.2
Assam,KARIMGANJ,2010,Summer,Rice,5980,12175,2.035953177
Assam,KARIMGANJ,2010,Whole Year,Banana,1186,15105,12.73608769
Assam,KARIMGANJ,2010,Whole Year,Black pepper,253,402,1.588932806
Assam,KARIMGANJ,2010,Whole Year,Coconut,687,9816000,14288.20961
Assam,KARIMGANJ,2010,Whole Year,Dry chillies,180,100,0.555555556
Assam,KARIMGANJ,2010,Whole Year,Dry ginger,126,936,7.428571429
Assam,KARIMGANJ,2010,Whole Year,Onion,30,92,3.066666667
Assam,KARIMGANJ,2010,Whole Year,Potato,1965,6718,3.418829517
Assam,KARIMGANJ,2010,Whole Year,Sugarcane,285,8186,28.72280702
Assam,KARIMGANJ,2010,Whole Year,Sweet potato,167,665,3.982035928
Assam,KARIMGANJ,2010,Whole Year,Tobacco,6,3,0.5
Assam,KARIMGANJ,2010,Whole Year,Turmeric,275,151,0.549090909
Assam,KARIMGANJ,2010,Winter,Rice,63143,130832,2.071995312
Assam,KARIMGANJ,2011,Autumn,Paddy,2240,4223,1.885267857
Assam,KARIMGANJ,2011,Autumn,Rice,2240,4223,1.885267857
Assam,KARIMGANJ,2011,Kharif,Arhar/Tur,85,66,0.776470588
Assam,KARIMGANJ,2011,Kharif,Cotton(lint),28,13,0.464285714
Assam,KARIMGANJ,2011,Kharif,Jute,66,612,9.272727273
Assam,KARIMGANJ,2011,Kharif,Maize,22,13,0.590909091
Assam,KARIMGANJ,2011,Kharif,Mesta,1,7,7
Assam,KARIMGANJ,2011,Kharif,Orange,82,732,8.926829268
Assam,KARIMGANJ,2011,Kharif,Papaya,73,1151,15.76712329
Assam,KARIMGANJ,2011,Kharif,Sesamum,13,7,0.538461538
Assam,KARIMGANJ,2011,Kharif,Tapioca,1,10,10
Assam,KARIMGANJ,2011,Kharif,Tobacco,7,3,0.428571429
Assam,KARIMGANJ,2011,Rabi,Arecanut,2242,803,0.358162355
Assam,KARIMGANJ,2011,Rabi,Black pepper,275,439,1.596363636
Assam,KARIMGANJ,2011,Rabi,Dry chillies,187,107,0.572192513
Assam,KARIMGANJ,2011,Rabi,Ginger,138,1046,7.579710145
Assam,KARIMGANJ,2011,Rabi,Gram,6,2,0.333333333
Assam,KARIMGANJ,2011,Rabi,Linseed,25,12,0.48
Assam,KARIMGANJ,2011,Rabi,Moong(Green Gram),20,9,0.45
Assam,KARIMGANJ,2011,Rabi,Peas & beans (Pulses),215,72,0.334883721
Assam,KARIMGANJ,2011,Rabi,Pineapple,315,4586,14.55873016
Assam,KARIMGANJ,2011,Rabi,Rapeseed &Mustard,365,136,0.37260274
Assam,KARIMGANJ,2011,Rabi,Sweet potato,137,582,4.248175182
Assam,KARIMGANJ,2011,Rabi,Urad,40,22,0.55
Assam,KARIMGANJ,2011,Rabi,Wheat,6,7,1.166666667
Assam,KARIMGANJ,2011,Summer,Paddy,6578,12544,1.906962603
Assam,KARIMGANJ,2011,Summer,Rice,6578,12544,1.906962603
Assam,KARIMGANJ,2011,Whole Year,Banana,1204,15607,12.96262458
Assam,KARIMGANJ,2011,Whole Year,Coconut,711,1469,2.066104079
Assam,KARIMGANJ,2011,Whole Year,Onion,24,76,3.166666667
Assam,KARIMGANJ,2011,Whole Year,Potato,2152,6990,3.248141264
Assam,KARIMGANJ,2011,Whole Year,Sugarcane,291,10148,34.87285223
Assam,KARIMGANJ,2011,Whole Year,Turmeric,275,162,0.589090909
Assam,KARIMGANJ,2011,Winter,Paddy,65617,182975,2.788530411
Assam,KARIMGANJ,2011,Winter,Rice,65617,182975,2.788530411
Assam,KARIMGANJ,2012,Autumn,Paddy,2260,4148,1.83539823
Assam,KARIMGANJ,2012,Autumn,Rice,2260,4148,1.83539823
Assam,KARIMGANJ,2012,Kharif,Arhar/Tur,86,67,0.779069767
Assam,KARIMGANJ,2012,Kharif,Castor seed,1,1,1
Assam,KARIMGANJ,2012,Kharif,Cotton(lint),28,13,0.464285714
Assam,KARIMGANJ,2012,Kharif,Jute,60,517,8.616666667
Assam,KARIMGANJ,2012,Kharif,Maize,22,13,0.590909091
Assam,KARIMGANJ,2012,Kharif,Mesta,1,5,5
Assam,KARIMGANJ,2012,Kharif,Orange,90,884,9.822222222
Assam,KARIMGANJ,2012,Kharif,Papaya,80,1270,15.875
Assam,KARIMGANJ,2012,Kharif,Sesamum,14,8,0.571428571
Assam,KARIMGANJ,2012,Kharif,Small millets,1,1,1
Assam,KARIMGANJ,2012,Kharif,Tapioca,1,9,9
Assam,KARIMGANJ,2012,Kharif,Tobacco,7,4,0.571428571
Assam,KARIMGANJ,2012,Rabi,Arecanut,2292,784,0.342059337
Assam,KARIMGANJ,2012,Rabi,Black pepper,279,465,1.666666667
Assam,KARIMGANJ,2012,Rabi,Dry chillies,188,128,0.680851064
Assam,KARIMGANJ,2012,Rabi,Ginger,151,1160,7.682119205
Assam,KARIMGANJ,2012,Rabi,Gram,6,3,0.5
Assam,KARIMGANJ,2012,Rabi,Linseed,27,14,0.518518519
Assam,KARIMGANJ,2012,Rabi,Moong(Green Gram),20,10,0.5
Assam,KARIMGANJ,2012,Rabi,Peas & beans (Pulses),122,42,0.344262295
Assam,KARIMGANJ,2012,Rabi,Pineapple,315,4615,14.65079365
Assam,KARIMGANJ,2012,Rabi,Rapeseed &Mustard,329,162,0.492401216
Assam,KARIMGANJ,2012,Rabi,Sweet potato,138,627,4.543478261
Assam,KARIMGANJ,2012,Rabi,Urad,41,23,0.56097561
Assam,KARIMGANJ,2012,Rabi,Wheat,6,8,1.333333333
Assam,KARIMGANJ,2012,Summer,Rice,6650,12874,1.93593985
Assam,KARIMGANJ,2012,Whole Year,Banana,1284,17507,13.6347352
Assam,KARIMGANJ,2012,Whole Year,Coconut,717,2185,3.047419805
Assam,KARIMGANJ,2012,Whole Year,Onion,25,85,3.4
Assam,KARIMGANJ,2012,Whole Year,Potato,2265,15037,6.638852097
Assam,KARIMGANJ,2012,Whole Year,Sugarcane,262,9543,36.42366412
Assam,KARIMGANJ,2012,Whole Year,Turmeric,276,173,0.626811594
Assam,KARIMGANJ,2012,Winter,Paddy,69735,136279,1.954241055
Assam,KARIMGANJ,2012,Winter,Rice,69735,136279,1.954241055
Assam,KARIMGANJ,2013,Autumn,Paddy,1255,1576,1.255776892
Assam,KARIMGANJ,2013,Autumn,Rice,1255,1576,1.255776892
Assam,KARIMGANJ,2013,Kharif,Arhar/Tur,77,58,0.753246753
Assam,KARIMGANJ,2013,Kharif,Castor seed,1,1,1
Assam,KARIMGANJ,2013,Kharif,Cotton(lint),32,14,0.4375
Assam,KARIMGANJ,2013,Kharif,Jute,65,668,10.27692308
Assam,KARIMGANJ,2013,Kharif,Maize,32,73,2.28125
Assam,KARIMGANJ,2013,Kharif,Mesta,2,10,5
Assam,KARIMGANJ,2013,Kharif,Orange,95,933,9.821052632
Assam,KARIMGANJ,2013,Kharif,Papaya,88,1397,15.875
Assam,KARIMGANJ,2013,Kharif,Sesamum,15,10,0.666666667
Assam,KARIMGANJ,2013,Kharif,Small millets,2,1,0.5
Assam,KARIMGANJ,2013,Kharif,Tobacco,7,4,0.571428571
Assam,KARIMGANJ,2013,Rabi,Arecanut,2338,938,0.401197605
Assam,KARIMGANJ,2013,Rabi,Black pepper,279,465,1.666666667
Assam,KARIMGANJ,2013,Rabi,Dry chillies,199,135,0.67839196
Assam,KARIMGANJ,2013,Rabi,Ginger,151,1160,7.682119205
Assam,KARIMGANJ,2013,Rabi,Gram,7,4,0.571428571
Assam,KARIMGANJ,2013,Rabi,Linseed,27,15,0.555555556
Assam,KARIMGANJ,2013,Rabi,Moong(Green Gram),20,11,0.55
Assam,KARIMGANJ,2013,Rabi,Peas & beans (Pulses),156,99,0.634615385
Assam,KARIMGANJ,2013,Rabi,Pineapple,75,1099,14.65333333
Assam,KARIMGANJ,2013,Rabi,Rapeseed &Mustard,329,215,0.653495441
Assam,KARIMGANJ,2013,Rabi,Sweet potato,136,618,4.544117647
Assam,KARIMGANJ,2013,Rabi,Urad,45,26,0.577777778
Assam,KARIMGANJ,2013,Rabi,Wheat,6,8,1.333333333
Assam,KARIMGANJ,2013,Summer,Paddy,6850,13501,1.970948905
Assam,KARIMGANJ,2013,Summer,Rice,6850,13501,1.970948905
Assam,KARIMGANJ,2013,Whole Year,Banana,1230,16771,13.63495935
Assam,KARIMGANJ,2013,Whole Year,Coconut,723,2429,3.359612725
Assam,KARIMGANJ,2013,Whole Year,Onion,23,78,3.391304348
Assam,KARIMGANJ,2013,Whole Year,Potato,2265,10351,4.569977925
Assam,KARIMGANJ,2013,Whole Year,Sugarcane,236,8419,35.67372881
Assam,KARIMGANJ,2013,Whole Year,Turmeric,276,173,0.626811594
Assam,KARIMGANJ,2013,Winter,Paddy,69394,138893,2.001513099
Assam,KARIMGANJ,2013,Winter,Rice,69394,138893,2.001513099
Assam,KARIMGANJ,2014,Autumn,Paddy,982,1616,1.645621181
Assam,KARIMGANJ,2014,Autumn,Rice,982,1616,1.645621181
Assam,KARIMGANJ,2014,Kharif,Arhar/Tur,75,66,0.88
Assam,KARIMGANJ,2014,Kharif,Castor seed,1,1,1
Assam,KARIMGANJ,2014,Kharif,Cotton(lint),27,12,0.444444444
Assam,KARIMGANJ,2014,Kharif,Jute,55,600,10.90909091
Assam,KARIMGANJ,2014,Kharif,Maize,35,74,2.114285714
Assam,KARIMGANJ,2014,Kharif,Mesta,2,11,5.5
Assam,KARIMGANJ,2014,Kharif,Orange,95,934,9.831578947
Assam,KARIMGANJ,2014,Kharif,Papaya,80,1270,15.875
Assam,KARIMGANJ,2014,Kharif,Sesamum,16,10,0.625
Assam,KARIMGANJ,2014,Kharif,Small millets,2,1,0.5
Assam,KARIMGANJ,2014,Kharif,Tobacco,8,4,0.5
Assam,KARIMGANJ,2014,Rabi,Black pepper,283,473,1.671378092
Assam,KARIMGANJ,2014,Rabi,Dry chillies,199,137,0.688442211
Assam,KARIMGANJ,2014,Rabi,Ginger,160,1230,7.6875
Assam,KARIMGANJ,2014,Rabi,Gram,7,5,0.714285714
Assam,KARIMGANJ,2014,Rabi,Linseed,27,16,0.592592593
Assam,KARIMGANJ,2014,Rabi,Masoor,20,13,0.65
Assam,KARIMGANJ,2014,Rabi,Moong(Green Gram),20,11,0.55
Assam,KARIMGANJ,2014,Rabi,Peas & beans (Pulses),171,79,0.461988304
Assam,KARIMGANJ,2014,Rabi,Pineapple,68,996,14.64705882
Assam,KARIMGANJ,2014,Rabi,Rapeseed &Mustard,188,130,0.691489362
Assam,KARIMGANJ,2014,Rabi,Sweet potato,121,552,4.561983471
Assam,KARIMGANJ,2014,Rabi,Urad,59,38,0.644067797
Assam,KARIMGANJ,2014,Rabi,Wheat,6,7,1.166666667
Assam,KARIMGANJ,2014,Summer,Paddy,6895,11087,1.607976795
Assam,KARIMGANJ,2014,Summer,Rice,6895,11087,1.607976795
Assam,KARIMGANJ,2014,Whole Year,Banana,1280,17453,13.63515625
Assam,KARIMGANJ,2014,Whole Year,Onion,20,68,3.4
Assam,KARIMGANJ,2014,Whole Year,Potato,2405,11840,4.923076923
Assam,KARIMGANJ,2014,Whole Year,Sugarcane,209,6055,28.97129187
Assam,KARIMGANJ,2014,Whole Year,Turmeric,275,173,0.629090909
Assam,KARIMGANJ,2014,Winter,Paddy,69525,130527,1.877411003
Assam,KARIMGANJ,2014,Winter,Rice,69525,130527,1.877411003
Assam,KOKRAJHAR,1997,Autumn,Rice,31005,16292,0.525463635
Assam,KOKRAJHAR,1997,Kharif,Arhar/Tur,227,148,0.651982379
Assam,KOKRAJHAR,1997,Kharif,Cotton(lint),10,4,0.4
Assam,KOKRAJHAR,1997,Kharif,Jute,5225,52072,9.965933014
Assam,KOKRAJHAR,1997,Kharif,Maize,770,400,0.519480519
Assam,KOKRAJHAR,1997,Kharif,Mesta,1150,6236,5.422608696
Assam,KOKRAJHAR,1997,Kharif,Small millets,420,239,0.569047619
Assam,KOKRAJHAR,1997,Kharif,Sugarcane,70,2878,41.11428571
Assam,KOKRAJHAR,1997,Rabi,Gram,27,14,0.518518519
Assam,KOKRAJHAR,1997,Rabi,Linseed,275,138,0.501818182
Assam,KOKRAJHAR,1997,Rabi,Other  Rabi pulses,1903,965,0.507094062
Assam,KOKRAJHAR,1997,Rabi,Rapeseed &Mustard,18910,11361,0.600793231
Assam,KOKRAJHAR,1997,Rabi,Wheat,1545,2234,1.445954693
Assam,KOKRAJHAR,1997,Summer,Rice,3730,3120,0.836461126
Assam,KOKRAJHAR,1997,Whole Year,Arecanut,1345,2344,1.742750929
Assam,KOKRAJHAR,1997,Whole Year,Coconut,260,1048,4.030769231
Assam,KOKRAJHAR,1997,Whole Year,Dry chillies,667,478,0.716641679
Assam,KOKRAJHAR,1997,Whole Year,Niger seed,850,426,0.501176471
Assam,KOKRAJHAR,1997,Whole Year,Onion,290,812,2.8
Assam,KOKRAJHAR,1997,Whole Year,Potato,2455,24623,10.02973523
Assam,KOKRAJHAR,1997,Whole Year,Sesamum,595,351,0.589915966
Assam,KOKRAJHAR,1997,Whole Year,Sweet potato,395,1478,3.741772152
Assam,KOKRAJHAR,1997,Whole Year,Tapioca,585,2799,4.784615385
Assam,KOKRAJHAR,1997,Whole Year,Turmeric,375,293,0.781333333
Assam,KOKRAJHAR,1997,Winter,Rice,57430,44832,0.780637298
Assam,KOKRAJHAR,1998,Autumn,Rice,31872,28510,0.894515562
Assam,KOKRAJHAR,1998,Kharif,Arhar/Tur,304,197,0.648026316
Assam,KOKRAJHAR,1998,Kharif,Castor seed,55,26,0.472727273
Assam,KOKRAJHAR,1998,Kharif,Cotton(lint),10,4,0.4
Assam,KOKRAJHAR,1998,Kharif,Jute,3926,39338,10.01986755
Assam,KOKRAJHAR,1998,Kharif,Maize,920,478,0.519565217
Assam,KOKRAJHAR,1998,Kharif,Mesta,1055,5743,5.443601896
Assam,KOKRAJHAR,1998,Kharif,Niger seed,785,393,0.500636943
Assam,KOKRAJHAR,1998,Kharif,Sesamum,620,369,0.59516129
Assam,KOKRAJHAR,1998,Kharif,Small millets,400,228,0.57
Assam,KOKRAJHAR,1998,Rabi,Gram,25,13,0.52
Assam,KOKRAJHAR,1998,Rabi,Linseed,290,144,0.496551724
Assam,KOKRAJHAR,1998,Rabi,Other  Rabi pulses,1766,883,0.5
Assam,KOKRAJHAR,1998,Rabi,Rapeseed &Mustard,14980,8054,0.5376502
Assam,KOKRAJHAR,1998,Rabi,Wheat,1540,1914,1.242857143
Assam,KOKRAJHAR,1998,Summer,Rice,3192,3414,1.069548872
Assam,KOKRAJHAR,1998,Whole Year,Arecanut,1356,1706,1.258112094
Assam,KOKRAJHAR,1998,Whole Year,Banana,925,15236,16.47135135
Assam,KOKRAJHAR,1998,Whole Year,Coconut,295,1820000,6169.491525
Assam,KOKRAJHAR,1998,Whole Year,Dry chillies,665,476,0.715789474
Assam,KOKRAJHAR,1998,Whole Year,Onion,270,756,2.8
Assam,KOKRAJHAR,1998,Whole Year,Potato,2535,21408,8.444970414
Assam,KOKRAJHAR,1998,Whole Year,Sugarcane,65,2601,40.01538462
Assam,KOKRAJHAR,1998,Whole Year,Sweet potato,405,1514,3.738271605
Assam,KOKRAJHAR,1998,Whole Year,Tapioca,720,3445,4.784722222
Assam,KOKRAJHAR,1998,Whole Year,Tobacco,110,55,0.5
Assam,KOKRAJHAR,1998,Whole Year,Turmeric,367,288,0.784741144
Assam,KOKRAJHAR,1998,Winter,Rice,60226,66081,1.097217149
Assam,KOKRAJHAR,1999,Autumn,Rice,32802,22398,0.682824218
Assam,KOKRAJHAR,1999,Kharif,Arhar/Tur,278,181,0.651079137
Assam,KOKRAJHAR,1999,Kharif,Castor seed,76,33,0.434210526
Assam,KOKRAJHAR,1999,Kharif,Cotton(lint),8,4,0.5
Assam,KOKRAJHAR,1999,Kharif,Jute,4350,40674,9.350344828
Assam,KOKRAJHAR,1999,Kharif,Maize,993,517,0.520644512
Assam,KOKRAJHAR,1999,Kharif,Mesta,1065,5792,5.438497653
Assam,KOKRAJHAR,1999,Kharif,Niger seed,830,415,0.5
Assam,KOKRAJHAR,1999,Kharif,Sesamum,630,377,0.598412698
Assam,KOKRAJHAR,1999,Kharif,Small millets,415,236,0.568674699
Assam,KOKRAJHAR,1999,Rabi,Gram,39,20,0.512820513
Assam,KOKRAJHAR,1999,Rabi,Linseed,295,147,0.498305085
Assam,KOKRAJHAR,1999,Rabi,Other  Rabi pulses,2036,1062,0.521611002
Assam,KOKRAJHAR,1999,Rabi,Rapeseed &Mustard,18040,8364,0.463636364
Assam,KOKRAJHAR,1999,Rabi,Wheat,1700,1857,1.092352941
Assam,KOKRAJHAR,1999,Summer,Rice,6500,16962,2.609538462
Assam,KOKRAJHAR,1999,Whole Year,Arecanut,1310,1702,1.299236641
Assam,KOKRAJHAR,1999,Whole Year,Banana,900,14745,16.38333333
Assam,KOKRAJHAR,1999,Whole Year,Coconut,285,655000,2298.245614
Assam,KOKRAJHAR,1999,Whole Year,Dry chillies,705,505,0.716312057
Assam,KOKRAJHAR,1999,Whole Year,Onion,310,868,2.8
Assam,KOKRAJHAR,1999,Whole Year,Potato,2550,26006,10.19843137
Assam,KOKRAJHAR,1999,Whole Year,Sugarcane,71,2816,39.66197183
Assam,KOKRAJHAR,1999,Whole Year,Sweet potato,392,1457,3.716836735
Assam,KOKRAJHAR,1999,Whole Year,Tapioca,807,3862,4.785625774
Assam,KOKRAJHAR,1999,Whole Year,Tobacco,105,52,0.495238095
Assam,KOKRAJHAR,1999,Whole Year,Turmeric,380,297,0.781578947
Assam,KOKRAJHAR,1999,Winter,Rice,60314,71134,1.179394502
Assam,KOKRAJHAR,2000,Autumn,Rice,29790,24281,0.815072172
Assam,KOKRAJHAR,2000,Kharif,Arhar/Tur,274,178,0.649635036
Assam,KOKRAJHAR,2000,Kharif,Castor seed,77,34,0.441558442
Assam,KOKRAJHAR,2000,Kharif,Cotton(lint),10,4,0.4
Assam,KOKRAJHAR,2000,Kharif,Jute,3025,23809,7.870743802
Assam,KOKRAJHAR,2000,Kharif,Maize,1025,533,0.52
Assam,KOKRAJHAR,2000,Kharif,Mesta,744,4038,5.427419355
Assam,KOKRAJHAR,2000,Kharif,Niger seed,951,476,0.500525762
Assam,KOKRAJHAR,2000,Kharif,Sesamum,645,383,0.59379845
Assam,KOKRAJHAR,2000,Kharif,Small millets,416,237,0.569711538
Assam,KOKRAJHAR,2000,Rabi,Gram,43,22,0.511627907
Assam,KOKRAJHAR,2000,Rabi,Linseed,325,162,0.498461538
Assam,KOKRAJHAR,2000,Rabi,Other  Rabi pulses,2069,1089,0.526341228
Assam,KOKRAJHAR,2000,Rabi,Rapeseed &Mustard,18020,10510,0.583240844
Assam,KOKRAJHAR,2000,Rabi,Wheat,1715,1889,1.101457726
Assam,KOKRAJHAR,2000,Summer,Rice,7094,14680,2.069354384
Assam,KOKRAJHAR,2000,Whole Year,Arecanut,1341,3671,2.737509321
Assam,KOKRAJHAR,2000,Whole Year,Banana,935,15370,16.43850267
Assam,KOKRAJHAR,2000,Whole Year,Coconut,315,1732000,5498.412698
Assam,KOKRAJHAR,2000,Whole Year,Dry chillies,708,508,0.717514124
Assam,KOKRAJHAR,2000,Whole Year,Onion,327,916,2.801223242
Assam,KOKRAJHAR,2000,Whole Year,Potato,2660,24222,9.106015038
Assam,KOKRAJHAR,2000,Whole Year,Sugarcane,69,2545,36.88405797
Assam,KOKRAJHAR,2000,Whole Year,Sweet potato,393,1463,3.72264631
Assam,KOKRAJHAR,2000,Whole Year,Tapioca,852,4077,4.785211268
Assam,KOKRAJHAR,2000,Whole Year,Tobacco,108,53,0.490740741
Assam,KOKRAJHAR,2000,Whole Year,Turmeric,386,302,0.78238342
Assam,KOKRAJHAR,2000,Winter,Rice,59105,70645,1.195245749
Assam,KOKRAJHAR,2001,Autumn,Rice,27526,22681,0.823984596
Assam,KOKRAJHAR,2001,Kharif,Arhar/Tur,283,184,0.650176678
Assam,KOKRAJHAR,2001,Kharif,Castor seed,80,36,0.45
Assam,KOKRAJHAR,2001,Kharif,Cotton(lint),10,4,0.4
Assam,KOKRAJHAR,2001,Kharif,Jute,2525,21072,8.345346535
Assam,KOKRAJHAR,2001,Kharif,Maize,1045,543,0.519617225
Assam,KOKRAJHAR,2001,Kharif,Mesta,897,4912,5.476031215
Assam,KOKRAJHAR,2001,Kharif,Niger seed,595,298,0.500840336
Assam,KOKRAJHAR,2001,Kharif,Sesamum,668,397,0.594311377
Assam,KOKRAJHAR,2001,Kharif,Small millets,405,231,0.57037037
Assam,KOKRAJHAR,2001,Rabi,Gram,41,21,0.512195122
Assam,KOKRAJHAR,2001,Rabi,Linseed,390,193,0.494871795
Assam,KOKRAJHAR,2001,Rabi,Masoor,825,402,0.487272727
Assam,KOKRAJHAR,2001,Rabi,Moong(Green Gram),102,51,0.5
Assam,KOKRAJHAR,2001,Rabi,Other  Rabi pulses,2240,1160,0.517857143
Assam,KOKRAJHAR,2001,Rabi,Peas & beans (Pulses),314,166,0.52866242
Assam,KOKRAJHAR,2001,Rabi,Rapeseed &Mustard,18000,9257,0.514277778
Assam,KOKRAJHAR,2001,Rabi,Urad,847,471,0.556080283
Assam,KOKRAJHAR,2001,Rabi,Wheat,1855,2132,1.149326146
Assam,KOKRAJHAR,2001,Summer,Rice,7200,11467,1.592638889
Assam,KOKRAJHAR,2001,Whole Year,Arecanut,1433,1331,0.928820656
Assam,KOKRAJHAR,2001,Whole Year,Banana,1002,16527,16.49401198
Assam,KOKRAJHAR,2001,Whole Year,Coconut,325,1722000,5298.461538
Assam,KOKRAJHAR,2001,Whole Year,Dry chillies,739,529,0.715832206
Assam,KOKRAJHAR,2001,Whole Year,Onion,346,969,2.800578035
Assam,KOKRAJHAR,2001,Whole Year,Potato,2675,32315,12.08037383
Assam,KOKRAJHAR,2001,Whole Year,Sugarcane,66,2458,37.24242424
Assam,KOKRAJHAR,2001,Whole Year,Sweet potato,350,1333,3.808571429
Assam,KOKRAJHAR,2001,Whole Year,Tapioca,885,4235,4.785310734
Assam,KOKRAJHAR,2001,Whole Year,Tobacco,96,49,0.510416667
Assam,KOKRAJHAR,2001,Whole Year,Turmeric,398,311,0.781407035
Assam,KOKRAJHAR,2001,Winter,Rice,56296,64595,1.147417223
Assam,KOKRAJHAR,2002,Autumn,Rice,26827,29067,1.083497968
Assam,KOKRAJHAR,2002,Kharif,Arhar/Tur,300,195,0.65
Assam,KOKRAJHAR,2002,Kharif,Castor seed,82,37,0.451219512
Assam,KOKRAJHAR,2002,Kharif,Cotton(lint),10,4,0.4
Assam,KOKRAJHAR,2002,Kharif,Jute,2451,26312,10.73521012
Assam,KOKRAJHAR,2002,Kharif,Maize,1065,554,0.520187793
Assam,KOKRAJHAR,2002,Kharif,Mesta,978,5373,5.493865031
Assam,KOKRAJHAR,2002,Kharif,Niger seed,1050,525,0.5
Assam,KOKRAJHAR,2002,Kharif,Sesamum,700,414,0.591428571
Assam,KOKRAJHAR,2002,Kharif,Small millets,424,241,0.568396226
Assam,KOKRAJHAR,2002,Rabi,Gram,51,26,0.509803922
Assam,KOKRAJHAR,2002,Rabi,Linseed,430,213,0.495348837
Assam,KOKRAJHAR,2002,Rabi,Masoor,813,398,0.489544895
Assam,KOKRAJHAR,2002,Rabi,Moong(Green Gram),105,51,0.485714286
Assam,KOKRAJHAR,2002,Rabi,Other  Rabi pulses,2258,1123,0.497342781
Assam,KOKRAJHAR,2002,Rabi,Peas & beans (Pulses),320,170,0.53125
Assam,KOKRAJHAR,2002,Rabi,Rapeseed &Mustard,18600,9561,0.514032258
Assam,KOKRAJHAR,2002,Rabi,Urad,890,443,0.497752809
Assam,KOKRAJHAR,2002,Rabi,Wheat,1998,2563,1.282782783
Assam,KOKRAJHAR,2002,Summer,Rice,7800,15814,2.027435897
Assam,KOKRAJHAR,2002,Whole Year,Arecanut,1455,1484,1.019931271
Assam,KOKRAJHAR,2002,Whole Year,Banana,945,15503,16.40529101
Assam,KOKRAJHAR,2002,Whole Year,Coconut,330,1672000,5066.666667
Assam,KOKRAJHAR,2002,Whole Year,Dry chillies,711,510,0.717299578
Assam,KOKRAJHAR,2002,Whole Year,Onion,347,972,2.801152738
Assam,KOKRAJHAR,2002,Whole Year,Orange,93,840,9.032258065
Assam,KOKRAJHAR,2002,Whole Year,Papaya,340,5093,14.97941176
Assam,KOKRAJHAR,2002,Whole Year,Pineapple,303,4552,15.02310231
Assam,KOKRAJHAR,2002,Whole Year,Potato,2725,34105,12.51559633
Assam,KOKRAJHAR,2002,Whole Year,Sugarcane,66,2403,36.40909091
Assam,KOKRAJHAR,2002,Whole Year,Sweet potato,357,1356,3.798319328
Assam,KOKRAJHAR,2002,Whole Year,Tapioca,869,4158,4.784810127
Assam,KOKRAJHAR,2002,Whole Year,Tobacco,98,50,0.510204082
Assam,KOKRAJHAR,2002,Whole Year,Turmeric,390,305,0.782051282
Assam,KOKRAJHAR,2002,Winter,Rice,57350,77089,1.34418483
Assam,KOKRAJHAR,2003,Autumn,Rice,27658,24235,0.87623834
Assam,KOKRAJHAR,2003,Kharif,Arhar/Tur,307,199,0.648208469
Assam,KOKRAJHAR,2003,Kharif,Castor seed,81,36,0.444444444
Assam,KOKRAJHAR,2003,Kharif,Cotton(lint),11,5,0.454545455
Assam,KOKRAJHAR,2003,Kharif,Jute,2491,26316,10.56443196
Assam,KOKRAJHAR,2003,Kharif,Maize,1085,564,0.519815668
Assam,KOKRAJHAR,2003,Kharif,Mesta,995,5467,5.494472362
Assam,KOKRAJHAR,2003,Kharif,Niger seed,990,495,0.5
Assam,KOKRAJHAR,2003,Kharif,Sesamum,705,417,0.591489362
Assam,KOKRAJHAR,2003,Kharif,Small millets,404,230,0.569306931
Assam,KOKRAJHAR,2003,Rabi,Gram,67,34,0.507462687
Assam,KOKRAJHAR,2003,Rabi,Linseed,450,224,0.497777778
Assam,KOKRAJHAR,2003,Rabi,Masoor,760,370,0.486842105
Assam,KOKRAJHAR,2003,Rabi,Moong(Green Gram),105,52,0.495238095
Assam,KOKRAJHAR,2003,Rabi,other misc. pulses,170,80,0.470588235
Assam,KOKRAJHAR,2003,Rabi,Peas & beans (Pulses),332,176,0.530120482
Assam,KOKRAJHAR,2003,Rabi,Rapeseed &Mustard,17900,9178,0.51273743
Assam,KOKRAJHAR,2003,Rabi,Urad,960,502,0.522916667
Assam,KOKRAJHAR,2003,Rabi,Wheat,2120,2727,1.286320755
Assam,KOKRAJHAR,2003,Summer,Rice,8000,13866,1.73325
Assam,KOKRAJHAR,2003,Whole Year,Arecanut,1466,3105,2.118008186
Assam,KOKRAJHAR,2003,Whole Year,Banana,848,13683,16.13561321
Assam,KOKRAJHAR,2003,Whole Year,Coconut,335,1976000,5898.507463
Assam,KOKRAJHAR,2003,Whole Year,Dry chillies,682,488,0.715542522
Assam,KOKRAJHAR,2003,Whole Year,Onion,338,946,2.798816568
Assam,KOKRAJHAR,2003,Whole Year,Orange,93,862,9.268817204
Assam,KOKRAJHAR,2003,Whole Year,Papaya,405,6078,15.00740741
Assam,KOKRAJHAR,2003,Whole Year,Pineapple,315,4725,15
Assam,KOKRAJHAR,2003,Whole Year,Potato,2672,28335,10.60441617
Assam,KOKRAJHAR,2003,Whole Year,Sugarcane,72,2779,38.59722222
Assam,KOKRAJHAR,2003,Whole Year,Sweet potato,363,1377,3.79338843
Assam,KOKRAJHAR,2003,Whole Year,Tapioca,903,4321,4.785160576
Assam,KOKRAJHAR,2003,Whole Year,Tobacco,93,48,0.516129032
Assam,KOKRAJHAR,2003,Whole Year,Turmeric,391,306,0.782608696
Assam,KOKRAJHAR,2003,Winter,Rice,59700,81227,1.360586265
Assam,KOKRAJHAR,2004,Autumn,Rice,26393,22415,0.849278218
Assam,KOKRAJHAR,2004,Kharif,Arhar/Tur,322,209,0.649068323
Assam,KOKRAJHAR,2004,Kharif,Castor seed,75,34,0.453333333
Assam,KOKRAJHAR,2004,Kharif,Cotton(lint),7,4,0.571428571
Assam,KOKRAJHAR,2004,Kharif,Jute,2445,20828,8.518609407
Assam,KOKRAJHAR,2004,Kharif,Mesta,990,5439,5.493939394
Assam,KOKRAJHAR,2004,Kharif,Niger seed,995,496,0.498492462
Assam,KOKRAJHAR,2004,Kharif,Sesamum,710,421,0.592957746
Assam,KOKRAJHAR,2004,Kharif,Small millets,396,227,0.573232323
Assam,KOKRAJHAR,2004,Rabi,Gram,55,28,0.509090909
Assam,KOKRAJHAR,2004,Rabi,Linseed,419,207,0.494033413
Assam,KOKRAJHAR,2004,Rabi,Masoor,826,403,0.487893462
Assam,KOKRAJHAR,2004,Rabi,Moong(Green Gram),100,49,0.49
Assam,KOKRAJHAR,2004,Rabi,Other  Rabi pulses,2406,1268,0.527015794
Assam,KOKRAJHAR,2004,Rabi,Peas & beans (Pulses),340,180,0.529411765
Assam,KOKRAJHAR,2004,Rabi,Rapeseed &Mustard,18051,10229,0.566672207
Assam,KOKRAJHAR,2004,Rabi,Urad,949,545,0.574288725
Assam,KOKRAJHAR,2004,Rabi,Wheat,2123,2481,1.168629298
Assam,KOKRAJHAR,2004,Summer,Rice,8110,15955,1.967324291
Assam,KOKRAJHAR,2004,Whole Year,Coconut,344,2436000,7081.395349
Assam,KOKRAJHAR,2004,Whole Year,Dry chillies,718,514,0.715877437
Assam,KOKRAJHAR,2004,Whole Year,Onion,348,974,2.798850575
Assam,KOKRAJHAR,2004,Whole Year,Potato,2721,30139,11.07644248
Assam,KOKRAJHAR,2004,Whole Year,Sugarcane,78,2880,36.92307692
Assam,KOKRAJHAR,2004,Whole Year,Sweet potato,361,1373,3.8033241
Assam,KOKRAJHAR,2004,Whole Year,Tobacco,94,48,0.510638298
Assam,KOKRAJHAR,2004,Whole Year,Turmeric,403,315,0.781637717
Assam,KOKRAJHAR,2004,Winter,Rice,54496,69621,1.277543306
Assam,KOKRAJHAR,2005,Autumn,Rice,26303,20301,0.771813101
Assam,KOKRAJHAR,2005,Kharif,Arhar/Tur,288,187,0.649305556
Assam,KOKRAJHAR,2005,Kharif,Castor seed,63,27,0.428571429
Assam,KOKRAJHAR,2005,Kharif,Cotton(lint),7,3,0.428571429
Assam,KOKRAJHAR,2005,Kharif,Jute,3071,29221,9.515141648
Assam,KOKRAJHAR,2005,Kharif,Maize,967,503,0.52016546
Assam,KOKRAJHAR,2005,Kharif,Mesta,952,5238,5.50210084
Assam,KOKRAJHAR,2005,Kharif,Niger seed,863,432,0.500579374
Assam,KOKRAJHAR,2005,Kharif,Sesamum,974,577,0.592402464
Assam,KOKRAJHAR,2005,Kharif,Small millets,461,264,0.572668113
Assam,KOKRAJHAR,2005,Rabi,Gram,87,44,0.505747126
Assam,KOKRAJHAR,2005,Rabi,Linseed,566,280,0.494699647
Assam,KOKRAJHAR,2005,Rabi,Masoor,806,394,0.488833747
Assam,KOKRAJHAR,2005,Rabi,Moong(Green Gram),329,181,0.550151976
Assam,KOKRAJHAR,2005,Rabi,Other  Rabi pulses,3706,1889,0.509713977
Assam,KOKRAJHAR,2005,Rabi,Peas & beans (Pulses),389,209,0.537275064
Assam,KOKRAJHAR,2005,Rabi,Rapeseed &Mustard,19453,11133,0.572302473
Assam,KOKRAJHAR,2005,Rabi,Urad,1796,884,0.4922049
Assam,KOKRAJHAR,2005,Rabi,Wheat,2584,3032,1.173374613
Assam,KOKRAJHAR,2005,Summer,Rice,18588,35101,1.88836884
Assam,KOKRAJHAR,2005,Whole Year,Arecanut,1473,935,0.634758995
Assam,KOKRAJHAR,2005,Whole Year,Banana,846,14444,17.07328605
Assam,KOKRAJHAR,2005,Whole Year,Dry chillies,1049,751,0.715919924
Assam,KOKRAJHAR,2005,Whole Year,Onion,269,753,2.799256506
Assam,KOKRAJHAR,2005,Whole Year,Potato,3346,18575,5.551404662
Assam,KOKRAJHAR,2005,Whole Year,Sugarcane,78,2901,37.19230769
Assam,KOKRAJHAR,2005,Whole Year,Sweet potato,539,2035,3.775510204
Assam,KOKRAJHAR,2005,Whole Year,Tapioca,802,3837,4.784289277
Assam,KOKRAJHAR,2005,Whole Year,Tobacco,80,40,0.5
Assam,KOKRAJHAR,2005,Whole Year,Turmeric,414,323,0.780193237
Assam,KOKRAJHAR,2005,Winter,Rice,64917,75161,1.1578015
Assam,KOKRAJHAR,2006,Autumn,Rice,28316,26479,0.935125018
Assam,KOKRAJHAR,2006,Kharif,Arhar/Tur,280,182,0.65
Assam,KOKRAJHAR,2006,Kharif,Castor seed,60,25,0.416666667
Assam,KOKRAJHAR,2006,Kharif,Cotton(lint),8,4,0.5
Assam,KOKRAJHAR,2006,Kharif,Jute,4138,41783,10.09739004
Assam,KOKRAJHAR,2006,Kharif,Maize,933,485,0.51982851
Assam,KOKRAJHAR,2006,Kharif,Mesta,1116,6102,5.467741935
Assam,KOKRAJHAR,2006,Kharif,Niger seed,1218,610,0.500821018
Assam,KOKRAJHAR,2006,Kharif,Sesamum,834,488,0.585131894
Assam,KOKRAJHAR,2006,Kharif,Small millets,428,246,0.574766355
Assam,KOKRAJHAR,2006,Rabi,Gram,80,40,0.5
Assam,KOKRAJHAR,2006,Rabi,Linseed,554,275,0.496389892
Assam,KOKRAJHAR,2006,Rabi,Masoor,828,402,0.485507246
Assam,KOKRAJHAR,2006,Rabi,Moong(Green Gram),127,64,0.503937008
Assam,KOKRAJHAR,2006,Rabi,Other  Rabi pulses,322,153,0.47515528
Assam,KOKRAJHAR,2006,Rabi,Peas & beans (Pulses),423,227,0.536643026
Assam,KOKRAJHAR,2006,Rabi,Rapeseed &Mustard,18107,11151,0.615839178
Assam,KOKRAJHAR,2006,Rabi,Urad,2368,1217,0.513935811
Assam,KOKRAJHAR,2006,Rabi,Wheat,2824,3607,1.277266289
Assam,KOKRAJHAR,2006,Summer,Rice,18920,24574,1.298837209
Assam,KOKRAJHAR,2006,Whole Year,Arecanut,1719,2201,1.280395579
Assam,KOKRAJHAR,2006,Whole Year,Banana,1166,18852,16.16809605
Assam,KOKRAJHAR,2006,Whole Year,Coconut,401,2653000,6615.9601
Assam,KOKRAJHAR,2006,Whole Year,Dry chillies,1021,730,0.714985309
Assam,KOKRAJHAR,2006,Whole Year,Onion,436,1221,2.800458716
Assam,KOKRAJHAR,2006,Whole Year,Potato,3054,26172,8.569744597
Assam,KOKRAJHAR,2006,Whole Year,Sugarcane,96,3805,39.63541667
Assam,KOKRAJHAR,2006,Whole Year,Sweet potato,540,2034,3.766666667
Assam,KOKRAJHAR,2006,Whole Year,Tapioca,726,3474,4.785123967
Assam,KOKRAJHAR,2006,Whole Year,Tobacco,72,36,0.5
Assam,KOKRAJHAR,2006,Whole Year,Turmeric,417,326,0.78177458
Assam,KOKRAJHAR,2006,Winter,Rice,50971,61633,1.209177768
Assam,KOKRAJHAR,2007,Autumn,Rice,28744,24649,0.857535486
Assam,KOKRAJHAR,2007,Kharif,Arhar/Tur,273,177,0.648351648
Assam,KOKRAJHAR,2007,Kharif,Castor seed,62,26,0.419354839
Assam,KOKRAJHAR,2007,Kharif,Cotton(lint),11,4,0.363636364
Assam,KOKRAJHAR,2007,Kharif,Jute,4953,57158,11.54007672
Assam,KOKRAJHAR,2007,Kharif,Maize,624,324,0.519230769
Assam,KOKRAJHAR,2007,Kharif,Mesta,1211,6621,5.467382329
Assam,KOKRAJHAR,2007,Kharif,Niger seed,704,352,0.5
Assam,KOKRAJHAR,2007,Kharif,Sesamum,847,501,0.59149941
Assam,KOKRAJHAR,2007,Kharif,Small millets,467,268,0.573875803
Assam,KOKRAJHAR,2007,Rabi,Gram,92,47,0.510869565
Assam,KOKRAJHAR,2007,Rabi,Linseed,460,228,0.495652174
Assam,KOKRAJHAR,2007,Rabi,Masoor,782,381,0.487212276
Assam,KOKRAJHAR,2007,Rabi,Moong(Green Gram),209,110,0.526315789
Assam,KOKRAJHAR,2007,Rabi,Other  Rabi pulses,591,285,0.482233503
Assam,KOKRAJHAR,2007,Rabi,Peas & beans (Pulses),552,347,0.628623188
Assam,KOKRAJHAR,2007,Rabi,Rapeseed &Mustard,18469,12832,0.694785857
Assam,KOKRAJHAR,2007,Rabi,Urad,2025,1065,0.525925926
Assam,KOKRAJHAR,2007,Rabi,Wheat,2759,3546,1.285248278
Assam,KOKRAJHAR,2007,Summer,Rice,19313,33543,1.736809403
Assam,KOKRAJHAR,2007,Whole Year,Arecanut,1668,3546,2.125899281
Assam,KOKRAJHAR,2007,Whole Year,Banana,1271,20165,15.86546027
Assam,KOKRAJHAR,2007,Whole Year,Black pepper,15,24,1.6
Assam,KOKRAJHAR,2007,Whole Year,Coconut,380,3453000,9086.842105
Assam,KOKRAJHAR,2007,Whole Year,Dry chillies,977,699,0.715455476
Assam,KOKRAJHAR,2007,Whole Year,Dry ginger,231,1480,6.406926407
Assam,KOKRAJHAR,2007,Whole Year,Onion,335,938,2.8
Assam,KOKRAJHAR,2007,Whole Year,Potato,3091,24894,8.053704303
Assam,KOKRAJHAR,2007,Whole Year,Sugarcane,102,3884,38.07843137
Assam,KOKRAJHAR,2007,Whole Year,Sweet potato,453,1707,3.768211921
Assam,KOKRAJHAR,2007,Whole Year,Tapioca,736,3522,4.785326087
Assam,KOKRAJHAR,2007,Whole Year,Tobacco,77,38,0.493506494
Assam,KOKRAJHAR,2007,Whole Year,Turmeric,453,353,0.779249448
Assam,KOKRAJHAR,2007,Winter,Rice,60422,72843,1.205570819
Assam,KOKRAJHAR,2008,Autumn,Rice,28265,23163,0.819494074
Assam,KOKRAJHAR,2008,Kharif,Arhar/Tur,265,173,0.652830189
Assam,KOKRAJHAR,2008,Kharif,Castor seed,70,30,0.428571429
Assam,KOKRAJHAR,2008,Kharif,Cotton(lint),11,5,0.454545455
Assam,KOKRAJHAR,2008,Kharif,Jute,4481,39842,8.891318902
Assam,KOKRAJHAR,2008,Kharif,Maize,668,346,0.517964072
Assam,KOKRAJHAR,2008,Kharif,Mesta,1246,6825,5.47752809
Assam,KOKRAJHAR,2008,Kharif,Niger seed,820,410,0.5
Assam,KOKRAJHAR,2008,Kharif,Sesamum,719,421,0.585535466
Assam,KOKRAJHAR,2008,Kharif,Small millets,338,193,0.571005917
Assam,KOKRAJHAR,2008,Rabi,Blackgram,3397,1617,0.476008243
Assam,KOKRAJHAR,2008,Rabi,Gram,56,29,0.517857143
Assam,KOKRAJHAR,2008,Rabi,Linseed,395,169,0.427848101
Assam,KOKRAJHAR,2008,Rabi,Masoor,543,265,0.488029466
Assam,KOKRAJHAR,2008,Rabi,Moong(Green Gram),165,84,0.509090909
Assam,KOKRAJHAR,2008,Rabi,Peas & beans (Pulses),597,363,0.608040201
Assam,KOKRAJHAR,2008,Rabi,Rapeseed &Mustard,16345,8486,0.519180177
Assam,KOKRAJHAR,2008,Rabi,Urad,3397,1617,0.476008243
Assam,KOKRAJHAR,2008,Rabi,Wheat,2507,3106,1.238930993
Assam,KOKRAJHAR,2008,Summer,Rice,10551,25008,2.370201877
Assam,KOKRAJHAR,2008,Whole Year,Arecanut,1681,3143,1.869720405
Assam,KOKRAJHAR,2008,Whole Year,Banana,1260,18657,14.80714286
Assam,KOKRAJHAR,2008,Whole Year,Black pepper,34,56,1.647058824
Assam,KOKRAJHAR,2008,Whole Year,Coconut,383,2468000,6443.86423
Assam,KOKRAJHAR,2008,Whole Year,Dry chillies,616,441,0.715909091
Assam,KOKRAJHAR,2008,Whole Year,Dry ginger,377,2416,6.408488064
Assam,KOKRAJHAR,2008,Whole Year,Onion,348,975,2.801724138
Assam,KOKRAJHAR,2008,Whole Year,Potato,2900,28504,9.828965517
Assam,KOKRAJHAR,2008,Whole Year,Sugarcane,119,4567,38.37815126
Assam,KOKRAJHAR,2008,Whole Year,Sweet potato,371,1399,3.770889488
Assam,KOKRAJHAR,2008,Whole Year,Tapioca,736,3522,4.785326087
Assam,KOKRAJHAR,2008,Whole Year,Tobacco,81,41,0.50617284
Assam,KOKRAJHAR,2008,Whole Year,Turmeric,722,567,0.78531856
Assam,KOKRAJHAR,2008,Winter,Rice,54989,63960,1.163141719
Assam,KOKRAJHAR,2009,Autumn,Rice,27619,26333,0.953437851
Assam,KOKRAJHAR,2009,Kharif,Arhar/Tur,418,273,0.653110048
Assam,KOKRAJHAR,2009,Kharif,Castor seed,75,31,0.413333333
Assam,KOKRAJHAR,2009,Kharif,Cotton(lint),15,6,0.4
Assam,KOKRAJHAR,2009,Kharif,Jute,4766,54186,11.36928242
Assam,KOKRAJHAR,2009,Kharif,Maize,1055,549,0.520379147
Assam,KOKRAJHAR,2009,Kharif,Mesta,1285,7035,5.474708171
Assam,KOKRAJHAR,2009,Kharif,Niger seed,989,501,0.506572295
Assam,KOKRAJHAR,2009,Kharif,Sesamum,314,190,0.605095541
Assam,KOKRAJHAR,2009,Kharif,Small millets,346,204,0.589595376
Assam,KOKRAJHAR,2009,Rabi,Banana,1298,20053,15.44915254
Assam,KOKRAJHAR,2009,Rabi,Gram,62,32,0.516129032
Assam,KOKRAJHAR,2009,Rabi,Linseed,435,204,0.468965517
Assam,KOKRAJHAR,2009,Rabi,Masoor,691,333,0.481910275
Assam,KOKRAJHAR,2009,Rabi,Moong(Green Gram),60,33,0.55
Assam,KOKRAJHAR,2009,Rabi,Peas & beans (Pulses),695,384,0.552517986
Assam,KOKRAJHAR,2009,Rabi,Rapeseed &Mustard,24571,15812,0.643522852
Assam,KOKRAJHAR,2009,Rabi,Urad,1103,558,0.505893019
Assam,KOKRAJHAR,2009,Rabi,Wheat,2873,3416,1.189001044
Assam,KOKRAJHAR,2009,Summer,Rice,16849,29136,1.729242092
Assam,KOKRAJHAR,2009,Whole Year,Arecanut,1568,2552,1.62755102
Assam,KOKRAJHAR,2009,Whole Year,Banana,1298,20053,15.44915254
Assam,KOKRAJHAR,2009,Whole Year,Black pepper,335,545,1.626865672
Assam,KOKRAJHAR,2009,Whole Year,Coconut,380,4104000,10800
Assam,KOKRAJHAR,2009,Whole Year,Dry chillies,463,330,0.712742981
Assam,KOKRAJHAR,2009,Whole Year,Dry ginger,351,2249,6.407407407
Assam,KOKRAJHAR,2009,Whole Year,Onion,324,907,2.799382716
Assam,KOKRAJHAR,2009,Whole Year,Potato,3460,33292,9.621965318
Assam,KOKRAJHAR,2009,Whole Year,Sugarcane,172,6727,39.11046512
Assam,KOKRAJHAR,2009,Whole Year,Sweet potato,418,1556,3.722488038
Assam,KOKRAJHAR,2009,Whole Year,Tapioca,746,3570,4.785522788
Assam,KOKRAJHAR,2009,Whole Year,Tobacco,104,53,0.509615385
Assam,KOKRAJHAR,2009,Whole Year,Turmeric,542,428,0.789667897
Assam,KOKRAJHAR,2009,Winter,Rice,58548,102804,1.755892601
Assam,KOKRAJHAR,2010,Autumn,Rice,24663,28902,1.171876901
Assam,KOKRAJHAR,2010,Kharif,Arhar/Tur,536,350,0.652985075
Assam,KOKRAJHAR,2010,Kharif,Castor seed,63,29,0.46031746
Assam,KOKRAJHAR,2010,Kharif,Cotton(lint),46,18,0.391304348
Assam,KOKRAJHAR,2010,Kharif,Jute,5803,51019,8.791831811
Assam,KOKRAJHAR,2010,Kharif,Maize,768,399,0.51953125
Assam,KOKRAJHAR,2010,Kharif,Mesta,1343,7318,5.448994788
Assam,KOKRAJHAR,2010,Kharif,Niger seed,853,435,0.50996483
Assam,KOKRAJHAR,2010,Kharif,Sesamum,320,196,0.6125
Assam,KOKRAJHAR,2010,Kharif,Small millets,350,204,0.582857143
Assam,KOKRAJHAR,2010,Rabi,Arecanut,1568,2552,1.62755102
Assam,KOKRAJHAR,2010,Rabi,Banana,1386,20733,14.95887446
Assam,KOKRAJHAR,2010,Rabi,Gram,65,33,0.507692308
Assam,KOKRAJHAR,2010,Rabi,Linseed,526,281,0.534220532
Assam,KOKRAJHAR,2010,Rabi,Masoor,1165,564,0.484120172
Assam,KOKRAJHAR,2010,Rabi,Moong(Green Gram),1106,582,0.526220615
Assam,KOKRAJHAR,2010,Rabi,Peas & beans (Pulses),543,327,0.602209945
Assam,KOKRAJHAR,2010,Rabi,Rapeseed &Mustard,25667,17413,0.678419761
Assam,KOKRAJHAR,2010,Rabi,Urad,2131,1029,0.482871891
Assam,KOKRAJHAR,2010,Rabi,Wheat,3751,5876,1.566515596
Assam,KOKRAJHAR,2010,Summer,Rice,17392,38470,2.211936523
Assam,KOKRAJHAR,2010,Whole Year,Banana,1386,20733,14.95887446
Assam,KOKRAJHAR,2010,Whole Year,Black pepper,250,407,1.628
Assam,KOKRAJHAR,2010,Whole Year,Coconut,380,4104000,10800
Assam,KOKRAJHAR,2010,Whole Year,Dry chillies,672,480,0.714285714
Assam,KOKRAJHAR,2010,Whole Year,Dry ginger,586,3754,6.406143345
Assam,KOKRAJHAR,2010,Whole Year,Onion,335,938,2.8
Assam,KOKRAJHAR,2010,Whole Year,Potato,4063,39147,9.634998769
Assam,KOKRAJHAR,2010,Whole Year,Sugarcane,156,5647,36.19871795
Assam,KOKRAJHAR,2010,Whole Year,Sweet potato,485,1835,3.783505155
Assam,KOKRAJHAR,2010,Whole Year,Tapioca,736,3522,4.785326087
Assam,KOKRAJHAR,2010,Whole Year,Tobacco,117,57,0.487179487
Assam,KOKRAJHAR,2010,Whole Year,Turmeric,548,431,0.78649635
Assam,KOKRAJHAR,2010,Winter,Rice,67368,125366,1.860913193
Assam,KOKRAJHAR,2011,Autumn,Paddy,20698,32540,1.572132573
Assam,KOKRAJHAR,2011,Autumn,Rice,20698,32540,1.572132573
Assam,KOKRAJHAR,2011,Kharif,Arhar/Tur,470,364,0.774468085
Assam,KOKRAJHAR,2011,Kharif,Castor seed,145,78,0.537931034
Assam,KOKRAJHAR,2011,Kharif,Cotton(lint),20,9,0.45
Assam,KOKRAJHAR,2011,Kharif,Jute,4300,46651,10.84906977
Assam,KOKRAJHAR,2011,Kharif,Maize,925,512,0.553513514
Assam,KOKRAJHAR,2011,Kharif,Mesta,1270,7943,6.254330709
Assam,KOKRAJHAR,2011,Kharif,Niger seed,1043,536,0.513902205
Assam,KOKRAJHAR,2011,Kharif,Orange,485,4547,9.375257732
Assam,KOKRAJHAR,2011,Kharif,Papaya,360,9609,26.69166667
Assam,KOKRAJHAR,2011,Kharif,Sesamum,290,205,0.706896552
Assam,KOKRAJHAR,2011,Kharif,Small millets,340,207,0.608823529
Assam,KOKRAJHAR,2011,Kharif,Tapioca,730,7297,9.995890411
Assam,KOKRAJHAR,2011,Kharif,Tobacco,46,23,0.5
Assam,KOKRAJHAR,2011,Rabi,Arecanut,1650,2788,1.68969697
Assam,KOKRAJHAR,2011,Rabi,Black pepper,344,395,1.148255814
Assam,KOKRAJHAR,2011,Rabi,Dry chillies,485,353,0.727835052
Assam,KOKRAJHAR,2011,Rabi,Ginger,373,2444,6.55227882
Assam,KOKRAJHAR,2011,Rabi,Gram,74,39,0.527027027
Assam,KOKRAJHAR,2011,Rabi,Linseed,471,254,0.539278132
Assam,KOKRAJHAR,2011,Rabi,Masoor,1235,639,0.517408907
Assam,KOKRAJHAR,2011,Rabi,Moong(Green Gram),1150,693,0.602608696
Assam,KOKRAJHAR,2011,Rabi,Peas & beans (Pulses),532,286,0.537593985
Assam,KOKRAJHAR,2011,Rabi,Pineapple,522,7420,14.21455939
Assam,KOKRAJHAR,2011,Rabi,Rapeseed &Mustard,25130,17149,0.68241146
Assam,KOKRAJHAR,2011,Rabi,Sweet potato,473,1795,3.794926004
Assam,KOKRAJHAR,2011,Rabi,Urad,1870,1062,0.567914439
Assam,KOKRAJHAR,2011,Rabi,Wheat,2640,4433,1.679166667
Assam,KOKRAJHAR,2011,Summer,Paddy,22644,55774,2.463080728
Assam,KOKRAJHAR,2011,Summer,Rice,22644,55774,2.463080728
Assam,KOKRAJHAR,2011,Whole Year,Banana,1390,23604,16.98129496
Assam,KOKRAJHAR,2011,Whole Year,Coconut,400,3118,7.795
Assam,KOKRAJHAR,2011,Whole Year,Onion,358,1015,2.835195531
Assam,KOKRAJHAR,2011,Whole Year,Potato,4448,36474,8.200089928
Assam,KOKRAJHAR,2011,Whole Year,Sugarcane,185,6855,37.05405405
Assam,KOKRAJHAR,2011,Whole Year,Turmeric,640,509,0.7953125
Assam,KOKRAJHAR,2011,Winter,Paddy,62725,97134,1.548569151
Assam,KOKRAJHAR,2011,Winter,Rice,62725,97134,1.548569151
Assam,KOKRAJHAR,2012,Autumn,Paddy,21910,28393,1.295892287
Assam,KOKRAJHAR,2012,Autumn,Rice,21910,28393,1.295892287
Assam,KOKRAJHAR,2012,Kharif,Arhar/Tur,439,381,0.867881549
Assam,KOKRAJHAR,2012,Kharif,Castor seed,90,52,0.577777778
Assam,KOKRAJHAR,2012,Kharif,Cotton(lint),20,9,0.45
Assam,KOKRAJHAR,2012,Kharif,Jute,3884,33294,8.572090628
Assam,KOKRAJHAR,2012,Kharif,Maize,935,613,0.655614973
Assam,KOKRAJHAR,2012,Kharif,Mesta,1298,9707,7.478428351
Assam,KOKRAJHAR,2012,Kharif,Niger seed,1045,549,0.525358852
Assam,KOKRAJHAR,2012,Kharif,Orange,498,4774,9.586345382
Assam,KOKRAJHAR,2012,Kharif,Papaya,375,10049,26.79733333
Assam,KOKRAJHAR,2012,Kharif,Sesamum,380,267,0.702631579
Assam,KOKRAJHAR,2012,Kharif,Small millets,325,192,0.590769231
Assam,KOKRAJHAR,2012,Kharif,Tapioca,785,8046,10.24968153
Assam,KOKRAJHAR,2012,Kharif,Tobacco,20,9,0.45
Assam,KOKRAJHAR,2012,Rabi,Arecanut,1630,31459,19.3
Assam,KOKRAJHAR,2012,Rabi,Black pepper,345,435,1.260869565
Assam,KOKRAJHAR,2012,Rabi,Dry chillies,487,400,0.821355236
Assam,KOKRAJHAR,2012,Rabi,Ginger,360,2724,7.566666667
Assam,KOKRAJHAR,2012,Rabi,Gram,76,42,0.552631579
Assam,KOKRAJHAR,2012,Rabi,Linseed,470,269,0.572340426
Assam,KOKRAJHAR,2012,Rabi,Masoor,1183,675,0.570583263
Assam,KOKRAJHAR,2012,Rabi,Moong(Green Gram),495,317,0.64040404
Assam,KOKRAJHAR,2012,Rabi,Peas & beans (Pulses),705,419,0.594326241
Assam,KOKRAJHAR,2012,Rabi,Pineapple,550,8536,15.52
Assam,KOKRAJHAR,2012,Rabi,Rapeseed &Mustard,25135,16243,0.646230356
Assam,KOKRAJHAR,2012,Rabi,Sweet potato,475,1889,3.976842105
Assam,KOKRAJHAR,2012,Rabi,Urad,2165,1051,0.485450346
Assam,KOKRAJHAR,2012,Rabi,Wheat,1513,4093,2.705221414
Assam,KOKRAJHAR,2012,Summer,Rice,20960,51092,2.43759542
Assam,KOKRAJHAR,2012,Whole Year,Banana,1215,21848,17.981893
Assam,KOKRAJHAR,2012,Whole Year,Coconut,385,1666,4.327272727
Assam,KOKRAJHAR,2012,Whole Year,Onion,360,1060,2.944444444
Assam,KOKRAJHAR,2012,Whole Year,Potato,4800,69427,14.46395833
Assam,KOKRAJHAR,2012,Whole Year,Sugarcane,196,6980,35.6122449
Assam,KOKRAJHAR,2012,Whole Year,Turmeric,645,580,0.899224806
Assam,KOKRAJHAR,2012,Winter,Paddy,66580,101640,1.52658456
Assam,KOKRAJHAR,2012,Winter,Rice,66580,101640,1.52658456
Assam,KOKRAJHAR,2013,Autumn,Paddy,21800,25856,1.186055046
Assam,KOKRAJHAR,2013,Autumn,Rice,21800,25856,1.186055046
Assam,KOKRAJHAR,2013,Kharif,Arhar/Tur,429,372,0.867132867
Assam,KOKRAJHAR,2013,Kharif,Castor seed,98,58,0.591836735
Assam,KOKRAJHAR,2013,Kharif,Cotton(lint),22,10,0.454545455
Assam,KOKRAJHAR,2013,Kharif,Jute,4205,56853,13.52033294
Assam,KOKRAJHAR,2013,Kharif,Maize,930,2753,2.960215054
Assam,KOKRAJHAR,2013,Kharif,Mesta,1250,7192,5.7536
Assam,KOKRAJHAR,2013,Kharif,Niger seed,970,522,0.53814433
Assam,KOKRAJHAR,2013,Kharif,Orange,503,4821,9.584493042
Assam,KOKRAJHAR,2013,Kharif,Papaya,360,9646,26.79444444
Assam,KOKRAJHAR,2013,Kharif,Sesamum,519,411,0.791907514
Assam,KOKRAJHAR,2013,Kharif,Small millets,335,199,0.594029851
Assam,KOKRAJHAR,2013,Kharif,Tapioca,748,7668,10.2513369
Assam,KOKRAJHAR,2013,Kharif,Tobacco,17,9,0.529411765
Assam,KOKRAJHAR,2013,Rabi,Arecanut,1790,1441,0.805027933
Assam,KOKRAJHAR,2013,Rabi,Black pepper,348,439,1.261494253
Assam,KOKRAJHAR,2013,Rabi,Dry chillies,544,446,0.819852941
Assam,KOKRAJHAR,2013,Rabi,Ginger,385,2912,7.563636364
Assam,KOKRAJHAR,2013,Rabi,Gram,62,35,0.564516129
Assam,KOKRAJHAR,2013,Rabi,Linseed,473,283,0.598308668
Assam,KOKRAJHAR,2013,Rabi,Masoor,1323,772,0.583522298
Assam,KOKRAJHAR,2013,Rabi,Moong(Green Gram),474,290,0.611814346
Assam,KOKRAJHAR,2013,Rabi,Peas & beans (Pulses),710,459,0.646478873
Assam,KOKRAJHAR,2013,Rabi,Pineapple,522,8101,15.51915709
Assam,KOKRAJHAR,2013,Rabi,Rapeseed &Mustard,28595,18170,0.635425774
Assam,KOKRAJHAR,2013,Rabi,Sweet potato,344,1367,3.973837209
Assam,KOKRAJHAR,2013,Rabi,Urad,2209,1282,0.580353101
Assam,KOKRAJHAR,2013,Rabi,Wheat,900,1969,2.187777778
Assam,KOKRAJHAR,2013,Summer,Paddy,23056,69796,3.027238029
Assam,KOKRAJHAR,2013,Summer,Rice,23056,69796,3.027238029
Assam,KOKRAJHAR,2013,Whole Year,Banana,1239,22280,17.98224374
Assam,KOKRAJHAR,2013,Whole Year,Coconut,414,2513,6.070048309
Assam,KOKRAJHAR,2013,Whole Year,Onion,443,1304,2.943566591
Assam,KOKRAJHAR,2013,Whole Year,Potato,5904,71431,12.09874661
Assam,KOKRAJHAR,2013,Whole Year,Sugarcane,261,9649,36.96934866
Assam,KOKRAJHAR,2013,Whole Year,Turmeric,915,822,0.898360656
Assam,KOKRAJHAR,2013,Winter,Paddy,64633,127450,1.971902898
Assam,KOKRAJHAR,2013,Winter,Rice,64633,127450,1.971902898
Assam,KOKRAJHAR,2014,Autumn,Paddy,19867,31130,1.566920018
Assam,KOKRAJHAR,2014,Autumn,Rice,19867,31130,1.566920018
Assam,KOKRAJHAR,2014,Kharif,Arhar/Tur,440,437,0.993181818
Assam,KOKRAJHAR,2014,Kharif,Castor seed,89,58,0.651685393
Assam,KOKRAJHAR,2014,Kharif,Cotton(lint),17,7,0.411764706
Assam,KOKRAJHAR,2014,Kharif,Jute,4079,48411,11.86835009
Assam,KOKRAJHAR,2014,Kharif,Maize,935,2230,2.385026738
Assam,KOKRAJHAR,2014,Kharif,Mesta,1244,7293,5.862540193
Assam,KOKRAJHAR,2014,Kharif,Niger seed,981,527,0.537206932
Assam,KOKRAJHAR,2014,Kharif,Orange,530,5086,9.596226415
Assam,KOKRAJHAR,2014,Kharif,Papaya,286,7663,26.79370629
Assam,KOKRAJHAR,2014,Kharif,Sesamum,560,429,0.766071429
Assam,KOKRAJHAR,2014,Kharif,Small millets,354,262,0.740112994
Assam,KOKRAJHAR,2014,Kharif,Tapioca,825,9224,11.18060606
Assam,KOKRAJHAR,2014,Kharif,Tobacco,16,8,0.5
Assam,KOKRAJHAR,2014,Rabi,Black pepper,337,430,1.275964392
Assam,KOKRAJHAR,2014,Rabi,Dry chillies,584,488,0.835616438
Assam,KOKRAJHAR,2014,Rabi,Ginger,406,3074,7.571428571
Assam,KOKRAJHAR,2014,Rabi,Gram,52,36,0.692307692
Assam,KOKRAJHAR,2014,Rabi,Linseed,483,327,0.677018634
Assam,KOKRAJHAR,2014,Rabi,Masoor,1325,1001,0.755471698
Assam,KOKRAJHAR,2014,Rabi,Moong(Green Gram),466,326,0.699570815
Assam,KOKRAJHAR,2014,Rabi,Peas & beans (Pulses),705,583,0.826950355
Assam,KOKRAJHAR,2014,Rabi,Pineapple,597,9265,15.51926298
Assam,KOKRAJHAR,2014,Rabi,Rapeseed &Mustard,25991,18025,0.693509292
Assam,KOKRAJHAR,2014,Rabi,Sweet potato,329,1310,3.981762918
Assam,KOKRAJHAR,2014,Rabi,Urad,2301,1601,0.695784442
Assam,KOKRAJHAR,2014,Rabi,Wheat,850,2084,2.451764706
Assam,KOKRAJHAR,2014,Summer,Paddy,23065,62820,2.723607197
Assam,KOKRAJHAR,2014,Summer,Rice,23065,62820,2.723607197
Assam,KOKRAJHAR,2014,Whole Year,Banana,1318,23700,17.98179059
Assam,KOKRAJHAR,2014,Whole Year,Onion,451,1337,2.964523282
Assam,KOKRAJHAR,2014,Whole Year,Potato,6057,63088,10.41571735
Assam,KOKRAJHAR,2014,Whole Year,Sugarcane,269,9888,36.75836431
Assam,KOKRAJHAR,2014,Whole Year,Turmeric,644,574,0.891304348
Assam,KOKRAJHAR,2014,Winter,Paddy,65450,119039,1.818777693
Assam,KOKRAJHAR,2014,Winter,Rice,65450,119039,1.818777693
Assam,LAKHIMPUR,1997,Autumn,Rice,18325,11793,0.643547067
Assam,LAKHIMPUR,1997,Kharif,Arhar/Tur,72,50,0.694444444
Assam,LAKHIMPUR,1997,Kharif,Castor seed,225,1,0.004444444
Assam,LAKHIMPUR,1997,Kharif,Cotton(lint),45,19,0.422222222
Assam,LAKHIMPUR,1997,Kharif,Jute,625,8455,13.528
Assam,LAKHIMPUR,1997,Kharif,Maize,258,154,0.596899225
Assam,LAKHIMPUR,1997,Kharif,Mesta,18,71,3.944444444
Assam,LAKHIMPUR,1997,Kharif,Small millets,35,19,0.542857143
Assam,LAKHIMPUR,1997,Kharif,Sugarcane,283,10946,38.67844523
Assam,LAKHIMPUR,1997,Rabi,Gram,6,2,0.333333333
Assam,LAKHIMPUR,1997,Rabi,Linseed,9,3,0.333333333
Assam,LAKHIMPUR,1997,Rabi,Other  Rabi pulses,2793,1022,0.365914787
Assam,LAKHIMPUR,1997,Rabi,Rapeseed &Mustard,19630,6914,0.352215996
Assam,LAKHIMPUR,1997,Rabi,Wheat,880,751,0.853409091
Assam,LAKHIMPUR,1997,Summer,Rice,3820,2121,0.555235602
Assam,LAKHIMPUR,1997,Whole Year,Arecanut,2235,1337,0.598210291
Assam,LAKHIMPUR,1997,Whole Year,Coconut,154,2072,13.45454545
Assam,LAKHIMPUR,1997,Whole Year,Dry chillies,547,304,0.555758684
Assam,LAKHIMPUR,1997,Whole Year,Onion,188,504,2.680851064
Assam,LAKHIMPUR,1997,Whole Year,Potato,3791,21485,5.667370087
Assam,LAKHIMPUR,1997,Whole Year,Sesamum,344,132,0.38372093
Assam,LAKHIMPUR,1997,Whole Year,Sweet potato,351,1088,3.0997151
Assam,LAKHIMPUR,1997,Whole Year,Tapioca,25,106,4.24
Assam,LAKHIMPUR,1997,Whole Year,Turmeric,485,315,0.649484536
Assam,LAKHIMPUR,1997,Winter,Rice,85239,74456,0.873496873
Assam,LAKHIMPUR,1998,Autumn,Rice,18100,5844,0.322872928
Assam,LAKHIMPUR,1998,Kharif,Arhar/Tur,77,54,0.701298701
Assam,LAKHIMPUR,1998,Kharif,Castor seed,221,99,0.447963801
Assam,LAKHIMPUR,1998,Kharif,Cotton(lint),47,20,0.425531915
Assam,LAKHIMPUR,1998,Kharif,Jute,620,4617,7.446774194
Assam,LAKHIMPUR,1998,Kharif,Maize,267,160,0.599250936
Assam,LAKHIMPUR,1998,Kharif,Mesta,18,79,4.388888889
Assam,LAKHIMPUR,1998,Kharif,Niger seed,27,14,0.518518519
Assam,LAKHIMPUR,1998,Kharif,Sesamum,365,124,0.339726027
Assam,LAKHIMPUR,1998,Kharif,Small millets,53,29,0.547169811
Assam,LAKHIMPUR,1998,Rabi,Gram,8,3,0.375
Assam,LAKHIMPUR,1998,Rabi,Linseed,20,6,0.3
Assam,LAKHIMPUR,1998,Rabi,Other  Rabi pulses,3109,1402,0.450948858
Assam,LAKHIMPUR,1998,Rabi,Rapeseed &Mustard,17507,5470,0.31244645
Assam,LAKHIMPUR,1998,Rabi,Wheat,1000,507,0.507
Assam,LAKHIMPUR,1998,Summer,Rice,8822,7094,0.804126049
Assam,LAKHIMPUR,1998,Whole Year,Arecanut,2242,2767,1.234165923
Assam,LAKHIMPUR,1998,Whole Year,Banana,1110,14430,13
Assam,LAKHIMPUR,1998,Whole Year,Coconut,167,937000,5610.778443
Assam,LAKHIMPUR,1998,Whole Year,Dry chillies,564,314,0.556737589
Assam,LAKHIMPUR,1998,Whole Year,Onion,206,550,2.669902913
Assam,LAKHIMPUR,1998,Whole Year,Potato,3676,18954,5.156147987
Assam,LAKHIMPUR,1998,Whole Year,Sugarcane,245,9200,37.55102041
Assam,LAKHIMPUR,1998,Whole Year,Sweet potato,358,1110,3.100558659
Assam,LAKHIMPUR,1998,Whole Year,Tapioca,27,115,4.259259259
Assam,LAKHIMPUR,1998,Whole Year,Tobacco,209,130,0.622009569
Assam,LAKHIMPUR,1998,Whole Year,Turmeric,485,315,0.649484536
Assam,LAKHIMPUR,1998,Winter,Rice,74100,88195,1.190215924
Assam,LAKHIMPUR,1999,Autumn,Rice,19125,16422,0.858666667
Assam,LAKHIMPUR,1999,Kharif,Arhar/Tur,70,49,0.7
Assam,LAKHIMPUR,1999,Kharif,Castor seed,225,101,0.448888889
Assam,LAKHIMPUR,1999,Kharif,Cotton(lint),46,20,0.434782609
Assam,LAKHIMPUR,1999,Kharif,Jute,670,4453,6.646268657
Assam,LAKHIMPUR,1999,Kharif,Maize,265,159,0.6
Assam,LAKHIMPUR,1999,Kharif,Mesta,17,67,3.941176471
Assam,LAKHIMPUR,1999,Kharif,Niger seed,25,13,0.52
Assam,LAKHIMPUR,1999,Kharif,Sesamum,361,133,0.368421053
Assam,LAKHIMPUR,1999,Kharif,Small millets,56,30,0.535714286
Assam,LAKHIMPUR,1999,Rabi,Gram,10,4,0.4
Assam,LAKHIMPUR,1999,Rabi,Linseed,22,7,0.318181818
Assam,LAKHIMPUR,1999,Rabi,Other  Rabi pulses,2935,1205,0.410562181
Assam,LAKHIMPUR,1999,Rabi,Rapeseed &Mustard,17365,5811,0.334638641
Assam,LAKHIMPUR,1999,Rabi,Wheat,925,951,1.028108108
Assam,LAKHIMPUR,1999,Summer,Rice,17523,16059,0.916452662
Assam,LAKHIMPUR,1999,Whole Year,Arecanut,2290,2513,1.097379913
Assam,LAKHIMPUR,1999,Whole Year,Banana,1195,15535,13
Assam,LAKHIMPUR,1999,Whole Year,Coconut,181,281000,1552.486188
Assam,LAKHIMPUR,1999,Whole Year,Dry chillies,568,317,0.558098592
Assam,LAKHIMPUR,1999,Whole Year,Onion,210,561,2.671428571
Assam,LAKHIMPUR,1999,Whole Year,Potato,3669,19115,5.209866449
Assam,LAKHIMPUR,1999,Whole Year,Sugarcane,275,11292,41.06181818
Assam,LAKHIMPUR,1999,Whole Year,Sweet potato,361,1119,3.099722992
Assam,LAKHIMPUR,1999,Whole Year,Tapioca,26,111,4.269230769
Assam,LAKHIMPUR,1999,Whole Year,Tobacco,190,119,0.626315789
Assam,LAKHIMPUR,1999,Whole Year,Turmeric,490,319,0.651020408
Assam,LAKHIMPUR,1999,Winter,Rice,87750,105101,1.197732194
Assam,LAKHIMPUR,2000,Autumn,Rice,19850,15228,0.767153652
Assam,LAKHIMPUR,2000,Kharif,Arhar/Tur,80,56,0.7
Assam,LAKHIMPUR,2000,Kharif,Castor seed,224,101,0.450892857
Assam,LAKHIMPUR,2000,Kharif,Cotton(lint),54,23,0.425925926
Assam,LAKHIMPUR,2000,Kharif,Jute,543,5565,10.24861878
Assam,LAKHIMPUR,2000,Kharif,Maize,259,155,0.598455598
Assam,LAKHIMPUR,2000,Kharif,Mesta,230,1087,4.726086957
Assam,LAKHIMPUR,2000,Kharif,Niger seed,12,6,0.5
Assam,LAKHIMPUR,2000,Kharif,Sesamum,377,138,0.366047745
Assam,LAKHIMPUR,2000,Kharif,Small millets,50,27,0.54
Assam,LAKHIMPUR,2000,Rabi,Gram,10,4,0.4
Assam,LAKHIMPUR,2000,Rabi,Linseed,21,7,0.333333333
Assam,LAKHIMPUR,2000,Rabi,Other  Rabi pulses,2951,1257,0.425957303
Assam,LAKHIMPUR,2000,Rabi,Rapeseed &Mustard,16711,8622,0.515947579
Assam,LAKHIMPUR,2000,Rabi,Wheat,935,568,0.607486631
Assam,LAKHIMPUR,2000,Summer,Rice,16668,14841,0.890388769
Assam,LAKHIMPUR,2000,Whole Year,Arecanut,2319,1649,0.711082363
Assam,LAKHIMPUR,2000,Whole Year,Banana,1456,18928,13
Assam,LAKHIMPUR,2000,Whole Year,Coconut,187,1663000,8893.048128
Assam,LAKHIMPUR,2000,Whole Year,Dry chillies,560,312,0.557142857
Assam,LAKHIMPUR,2000,Whole Year,Onion,210,561,2.671428571
Assam,LAKHIMPUR,2000,Whole Year,Potato,3715,17583,4.732974428
Assam,LAKHIMPUR,2000,Whole Year,Sugarcane,276,9688,35.10144928
Assam,LAKHIMPUR,2000,Whole Year,Sweet potato,360,1116,3.1
Assam,LAKHIMPUR,2000,Whole Year,Tapioca,30,128,4.266666667
Assam,LAKHIMPUR,2000,Whole Year,Tobacco,193,121,0.626943005
Assam,LAKHIMPUR,2000,Whole Year,Turmeric,490,319,0.651020408
Assam,LAKHIMPUR,2000,Winter,Rice,92855,102477,1.10362393
Assam,LAKHIMPUR,2001,Autumn,Rice,16203,11865,0.732271802
Assam,LAKHIMPUR,2001,Kharif,Arhar/Tur,68,47,0.691176471
Assam,LAKHIMPUR,2001,Kharif,Castor seed,218,98,0.449541284
Assam,LAKHIMPUR,2001,Kharif,Cotton(lint),54,23,0.425925926
Assam,LAKHIMPUR,2001,Kharif,Jute,555,3810,6.864864865
Assam,LAKHIMPUR,2001,Kharif,Maize,263,158,0.600760456
Assam,LAKHIMPUR,2001,Kharif,Mesta,19,75,3.947368421
Assam,LAKHIMPUR,2001,Kharif,Niger seed,12,6,0.5
Assam,LAKHIMPUR,2001,Kharif,Sesamum,363,130,0.358126722
Assam,LAKHIMPUR,2001,Kharif,Small millets,59,32,0.542372881
Assam,LAKHIMPUR,2001,Rabi,Gram,15,6,0.4
Assam,LAKHIMPUR,2001,Rabi,Linseed,22,7,0.318181818
Assam,LAKHIMPUR,2001,Rabi,Masoor,408,188,0.460784314
Assam,LAKHIMPUR,2001,Rabi,Moong(Green Gram),389,175,0.449871465
Assam,LAKHIMPUR,2001,Rabi,Other  Rabi pulses,2901,1256,0.432954154
Assam,LAKHIMPUR,2001,Rabi,Peas & beans (Pulses),578,240,0.415224913
Assam,LAKHIMPUR,2001,Rabi,Rapeseed &Mustard,16747,5021,0.299814892
Assam,LAKHIMPUR,2001,Rabi,Urad,1345,568,0.422304833
Assam,LAKHIMPUR,2001,Rabi,Wheat,844,439,0.52014218
Assam,LAKHIMPUR,2001,Summer,Rice,18886,13019,0.689346606
Assam,LAKHIMPUR,2001,Whole Year,Arecanut,2291,1781,0.777389786
Assam,LAKHIMPUR,2001,Whole Year,Banana,1469,19097,13
Assam,LAKHIMPUR,2001,Whole Year,Coconut,192,5044000,26270.83333
Assam,LAKHIMPUR,2001,Whole Year,Dry chillies,593,330,0.556492411
Assam,LAKHIMPUR,2001,Whole Year,Onion,232,619,2.668103448
Assam,LAKHIMPUR,2001,Whole Year,Potato,3813,21996,5.768686074
Assam,LAKHIMPUR,2001,Whole Year,Sugarcane,274,10565,38.55839416
Assam,LAKHIMPUR,2001,Whole Year,Sweet potato,367,1138,3.100817439
Assam,LAKHIMPUR,2001,Whole Year,Tapioca,28,119,4.25
Assam,LAKHIMPUR,2001,Whole Year,Tobacco,167,104,0.622754491
Assam,LAKHIMPUR,2001,Whole Year,Turmeric,505,328,0.64950495
Assam,LAKHIMPUR,2001,Winter,Rice,84084,96065,1.142488464
Assam,LAKHIMPUR,2002,Autumn,Rice,15969,8326,0.521385184
Assam,LAKHIMPUR,2002,Kharif,Arhar/Tur,59,42,0.711864407
Assam,LAKHIMPUR,2002,Kharif,Castor seed,219,99,0.452054795
Assam,LAKHIMPUR,2002,Kharif,Cotton(lint),37,16,0.432432432
Assam,LAKHIMPUR,2002,Kharif,Jute,557,3183,5.71454219
Assam,LAKHIMPUR,2002,Kharif,Maize,267,160,0.599250936
Assam,LAKHIMPUR,2002,Kharif,Mesta,18,71,3.944444444
Assam,LAKHIMPUR,2002,Kharif,Niger seed,8,4,0.5
Assam,LAKHIMPUR,2002,Kharif,Sesamum,368,133,0.361413043
Assam,LAKHIMPUR,2002,Kharif,Small millets,53,29,0.547169811
Assam,LAKHIMPUR,2002,Rabi,Gram,13,6,0.461538462
Assam,LAKHIMPUR,2002,Rabi,Linseed,21,7,0.333333333
Assam,LAKHIMPUR,2002,Rabi,Masoor,179,82,0.458100559
Assam,LAKHIMPUR,2002,Rabi,Moong(Green Gram),310,139,0.448387097
Assam,LAKHIMPUR,2002,Rabi,Other  Rabi pulses,2305,1084,0.470281996
Assam,LAKHIMPUR,2002,Rabi,Peas & beans (Pulses),375,156,0.416
Assam,LAKHIMPUR,2002,Rabi,Rapeseed &Mustard,15973,5018,0.314155137
Assam,LAKHIMPUR,2002,Rabi,Urad,1274,628,0.492935636
Assam,LAKHIMPUR,2002,Rabi,Wheat,743,559,0.752355316
Assam,LAKHIMPUR,2002,Summer,Rice,16840,14556,0.864370546
Assam,LAKHIMPUR,2002,Whole Year,Arecanut,2322,1064,0.458225668
Assam,LAKHIMPUR,2002,Whole Year,Banana,1485,19305,13
Assam,LAKHIMPUR,2002,Whole Year,Coconut,200,1800000,9000
Assam,LAKHIMPUR,2002,Whole Year,Dry chillies,588,327,0.556122449
Assam,LAKHIMPUR,2002,Whole Year,Onion,222,592,2.666666667
Assam,LAKHIMPUR,2002,Whole Year,Orange,83,830,10
Assam,LAKHIMPUR,2002,Whole Year,Papaya,188,2829,15.04787234
Assam,LAKHIMPUR,2002,Whole Year,Pineapple,366,5087,13.8989071
Assam,LAKHIMPUR,2002,Whole Year,Potato,3807,25414,6.675597583
Assam,LAKHIMPUR,2002,Whole Year,Sugarcane,279,10666,38.22939068
Assam,LAKHIMPUR,2002,Whole Year,Sweet potato,362,1123,3.102209945
Assam,LAKHIMPUR,2002,Whole Year,Tapioca,28,119,4.25
Assam,LAKHIMPUR,2002,Whole Year,Tobacco,150,93,0.62
Assam,LAKHIMPUR,2002,Whole Year,Turmeric,514,334,0.649805447
Assam,LAKHIMPUR,2002,Winter,Rice,87296,86294,0.988521811
Assam,LAKHIMPUR,2003,Autumn,Rice,16275,10900,0.669738863
Assam,LAKHIMPUR,2003,Kharif,Arhar/Tur,63,44,0.698412698
Assam,LAKHIMPUR,2003,Kharif,Castor seed,219,99,0.452054795
Assam,LAKHIMPUR,2003,Kharif,Cotton(lint),31,13,0.419354839
Assam,LAKHIMPUR,2003,Kharif,Jute,464,2683,5.782327586
Assam,LAKHIMPUR,2003,Kharif,Maize,269,161,0.598513011
Assam,LAKHIMPUR,2003,Kharif,Mesta,15,59,3.933333333
Assam,LAKHIMPUR,2003,Kharif,Niger seed,7,6,0.857142857
Assam,LAKHIMPUR,2003,Kharif,Sesamum,374,135,0.360962567
Assam,LAKHIMPUR,2003,Kharif,Small millets,57,31,0.543859649
Assam,LAKHIMPUR,2003,Rabi,Gram,14,7,0.5
Assam,LAKHIMPUR,2003,Rabi,Linseed,19,6,0.315789474
Assam,LAKHIMPUR,2003,Rabi,Masoor,187,86,0.459893048
Assam,LAKHIMPUR,2003,Rabi,Moong(Green Gram),328,148,0.451219512
Assam,LAKHIMPUR,2003,Rabi,other misc. pulses,173,82,0.473988439
Assam,LAKHIMPUR,2003,Rabi,Peas & beans (Pulses),375,156,0.416
Assam,LAKHIMPUR,2003,Rabi,Rapeseed &Mustard,16405,7053,0.429929899
Assam,LAKHIMPUR,2003,Rabi,Urad,1315,581,0.441825095
Assam,LAKHIMPUR,2003,Rabi,Wheat,1040,748,0.719230769
Assam,LAKHIMPUR,2003,Summer,Rice,17225,13057,0.758026125
Assam,LAKHIMPUR,2003,Whole Year,Arecanut,2893,2788,0.963705496
Assam,LAKHIMPUR,2003,Whole Year,Banana,1498,19474,13
Assam,LAKHIMPUR,2003,Whole Year,Coconut,229,2697000,11777.29258
Assam,LAKHIMPUR,2003,Whole Year,Dry chillies,603,335,0.555555556
Assam,LAKHIMPUR,2003,Whole Year,Onion,225,600,2.666666667
Assam,LAKHIMPUR,2003,Whole Year,Orange,87,872,10.02298851
Assam,LAKHIMPUR,2003,Whole Year,Papaya,185,2785,15.05405405
Assam,LAKHIMPUR,2003,Whole Year,Pineapple,372,5148,13.83870968
Assam,LAKHIMPUR,2003,Whole Year,Potato,3920,20702,5.281122449
Assam,LAKHIMPUR,2003,Whole Year,Sugarcane,280,9382,33.50714286
Assam,LAKHIMPUR,2003,Whole Year,Sweet potato,368,1141,3.100543478
Assam,LAKHIMPUR,2003,Whole Year,Tapioca,25,107,4.28
Assam,LAKHIMPUR,2003,Whole Year,Tobacco,124,76,0.612903226
Assam,LAKHIMPUR,2003,Whole Year,Turmeric,546,355,0.65018315
Assam,LAKHIMPUR,2003,Winter,Rice,80660,85947,1.065546739
Assam,LAKHIMPUR,2004,Autumn,Rice,16105,9635,0.59826141
Assam,LAKHIMPUR,2004,Kharif,Arhar/Tur,70,49,0.7
Assam,LAKHIMPUR,2004,Kharif,Castor seed,219,99,0.452054795
Assam,LAKHIMPUR,2004,Kharif,Cotton(lint),15,8,0.533333333
Assam,LAKHIMPUR,2004,Kharif,Jute,403,2833,7.029776675
Assam,LAKHIMPUR,2004,Kharif,Mesta,20,79,3.95
Assam,LAKHIMPUR,2004,Kharif,Niger seed,7,4,0.571428571
Assam,LAKHIMPUR,2004,Kharif,Sesamum,372,134,0.360215054
Assam,LAKHIMPUR,2004,Kharif,Small millets,57,32,0.561403509
Assam,LAKHIMPUR,2004,Rabi,Gram,14,7,0.5
Assam,LAKHIMPUR,2004,Rabi,Linseed,19,7,0.368421053
Assam,LAKHIMPUR,2004,Rabi,Masoor,185,85,0.459459459
Assam,LAKHIMPUR,2004,Rabi,Moong(Green Gram),325,146,0.449230769
Assam,LAKHIMPUR,2004,Rabi,Peas & beans (Pulses),388,167,0.430412371
Assam,LAKHIMPUR,2004,Rabi,Rapeseed &Mustard,18535,9433,0.508929053
Assam,LAKHIMPUR,2004,Rabi,Urad,1318,967,0.733687405
Assam,LAKHIMPUR,2004,Rabi,Wheat,810,550,0.679012346
Assam,LAKHIMPUR,2004,Summer,Rice,16412,15839,0.965086522
Assam,LAKHIMPUR,2004,Whole Year,Coconut,229,2062000,9004.366812
Assam,LAKHIMPUR,2004,Whole Year,Dry chillies,615,342,0.556097561
Assam,LAKHIMPUR,2004,Whole Year,Onion,227,605,2.665198238
Assam,LAKHIMPUR,2004,Whole Year,Potato,3965,27097,6.834047919
Assam,LAKHIMPUR,2004,Whole Year,Sugarcane,298,11224,37.66442953
Assam,LAKHIMPUR,2004,Whole Year,Sweet potato,368,1141,3.100543478
Assam,LAKHIMPUR,2004,Whole Year,Tobacco,117,71,0.606837607
Assam,LAKHIMPUR,2004,Whole Year,Turmeric,545,355,0.651376147
Assam,LAKHIMPUR,2004,Winter,Rice,85910,104400,1.215225236
Assam,LAKHIMPUR,2005,Autumn,Rice,16115,11862,0.736084393
Assam,LAKHIMPUR,2005,Kharif,Arhar/Tur,59,41,0.694915254
Assam,LAKHIMPUR,2005,Kharif,Castor seed,219,99,0.452054795
Assam,LAKHIMPUR,2005,Kharif,Cotton(lint),15,6,0.4
Assam,LAKHIMPUR,2005,Kharif,Jute,404,3304,8.178217822
Assam,LAKHIMPUR,2005,Kharif,Maize,233,139,0.596566524
Assam,LAKHIMPUR,2005,Kharif,Mesta,20,79,3.95
Assam,LAKHIMPUR,2005,Kharif,Niger seed,7,4,0.571428571
Assam,LAKHIMPUR,2005,Kharif,Sesamum,260,94,0.361538462
Assam,LAKHIMPUR,2005,Kharif,Small millets,55,30,0.545454545
Assam,LAKHIMPUR,2005,Rabi,Gram,14,7,0.5
Assam,LAKHIMPUR,2005,Rabi,Linseed,19,7,0.368421053
Assam,LAKHIMPUR,2005,Rabi,Masoor,105,48,0.457142857
Assam,LAKHIMPUR,2005,Rabi,Moong(Green Gram),314,141,0.449044586
Assam,LAKHIMPUR,2005,Rabi,Other  Rabi pulses,2362,1191,0.5042337
Assam,LAKHIMPUR,2005,Rabi,Peas & beans (Pulses),432,180,0.416666667
Assam,LAKHIMPUR,2005,Rabi,Rapeseed &Mustard,18725,10058,0.537142857
Assam,LAKHIMPUR,2005,Rabi,Urad,1336,531,0.39745509
Assam,LAKHIMPUR,2005,Rabi,Wheat,211,188,0.890995261
Assam,LAKHIMPUR,2005,Summer,Rice,16520,12899,0.780811138
Assam,LAKHIMPUR,2005,Whole Year,Arecanut,2893,2880,0.995506395
Assam,LAKHIMPUR,2005,Whole Year,Banana,1943,25259,13
Assam,LAKHIMPUR,2005,Whole Year,Dry chillies,617,343,0.555915721
Assam,LAKHIMPUR,2005,Whole Year,Onion,227,605,2.665198238
Assam,LAKHIMPUR,2005,Whole Year,Potato,4015,18008,4.485180573
Assam,LAKHIMPUR,2005,Whole Year,Sugarcane,303,11805,38.96039604
Assam,LAKHIMPUR,2005,Whole Year,Sweet potato,74,230,3.108108108
Assam,LAKHIMPUR,2005,Whole Year,Tapioca,31,131,4.225806452
Assam,LAKHIMPUR,2005,Whole Year,Tobacco,102,62,0.607843137
Assam,LAKHIMPUR,2005,Whole Year,Turmeric,545,355,0.651376147
Assam,LAKHIMPUR,2005,Winter,Rice,88764,101508,1.143571718
Assam,LAKHIMPUR,2006,Autumn,Rice,18650,13872,0.743806971
Assam,LAKHIMPUR,2006,Kharif,Arhar/Tur,59,41,0.694915254
Assam,LAKHIMPUR,2006,Kharif,Castor seed,190,86,0.452631579
Assam,LAKHIMPUR,2006,Kharif,Cotton(lint),14,6,0.428571429
Assam,LAKHIMPUR,2006,Kharif,Jute,395,2213,5.602531646
Assam,LAKHIMPUR,2006,Kharif,Maize,243,145,0.596707819
Assam,LAKHIMPUR,2006,Kharif,Mesta,16,63,3.9375
Assam,LAKHIMPUR,2006,Kharif,Niger seed,7,4,0.571428571
Assam,LAKHIMPUR,2006,Kharif,Sesamum,354,129,0.36440678
Assam,LAKHIMPUR,2006,Kharif,Small millets,35,20,0.571428571
Assam,LAKHIMPUR,2006,Rabi,Gram,13,6,0.461538462
Assam,LAKHIMPUR,2006,Rabi,Linseed,24,9,0.375
Assam,LAKHIMPUR,2006,Rabi,Masoor,348,160,0.459770115
Assam,LAKHIMPUR,2006,Rabi,Moong(Green Gram),518,233,0.44980695
Assam,LAKHIMPUR,2006,Rabi,Other  Rabi pulses,103,45,0.436893204
Assam,LAKHIMPUR,2006,Rabi,Peas & beans (Pulses),1297,538,0.414803392
Assam,LAKHIMPUR,2006,Rabi,Rapeseed &Mustard,20475,8450,0.412698413
Assam,LAKHIMPUR,2006,Rabi,Urad,1340,602,0.449253731
Assam,LAKHIMPUR,2006,Rabi,Wheat,440,320,0.727272727
Assam,LAKHIMPUR,2006,Summer,Rice,11962,8992,0.75171376
Assam,LAKHIMPUR,2006,Whole Year,Arecanut,3307,3507,1.060477774
Assam,LAKHIMPUR,2006,Whole Year,Banana,2120,27560,13
Assam,LAKHIMPUR,2006,Whole Year,Coconut,312,2228000,7141.025641
Assam,LAKHIMPUR,2006,Whole Year,Dry chillies,627,349,0.55661882
Assam,LAKHIMPUR,2006,Whole Year,Onion,216,578,2.675925926
Assam,LAKHIMPUR,2006,Whole Year,Potato,4093,22320,5.453212802
Assam,LAKHIMPUR,2006,Whole Year,Sugarcane,315,12017,38.14920635
Assam,LAKHIMPUR,2006,Whole Year,Sweet potato,174,540,3.103448276
Assam,LAKHIMPUR,2006,Whole Year,Tapioca,31,132,4.258064516
Assam,LAKHIMPUR,2006,Whole Year,Tobacco,101,62,0.613861386
Assam,LAKHIMPUR,2006,Whole Year,Turmeric,629,409,0.650238474
Assam,LAKHIMPUR,2006,Winter,Rice,91203,61231,0.671370459
Assam,LAKHIMPUR,2007,Autumn,Rice,18730,11722,0.625840897
Assam,LAKHIMPUR,2007,Kharif,Arhar/Tur,60,42,0.7
Assam,LAKHIMPUR,2007,Kharif,Castor seed,123,54,0.43902439
Assam,LAKHIMPUR,2007,Kharif,Cotton(lint),13,5,0.384615385
Assam,LAKHIMPUR,2007,Kharif,Jute,372,2023,5.438172043
Assam,LAKHIMPUR,2007,Kharif,Maize,243,145,0.596707819
Assam,LAKHIMPUR,2007,Kharif,Mesta,16,63,3.9375
Assam,LAKHIMPUR,2007,Kharif,Niger seed,7,4,0.571428571
Assam,LAKHIMPUR,2007,Kharif,Sesamum,257,92,0.357976654
Assam,LAKHIMPUR,2007,Kharif,Small millets,30,17,0.566666667
Assam,LAKHIMPUR,2007,Rabi,Gram,10,4,0.4
Assam,LAKHIMPUR,2007,Rabi,Linseed,10,4,0.4
Assam,LAKHIMPUR,2007,Rabi,Masoor,1556,715,0.459511568
Assam,LAKHIMPUR,2007,Rabi,Moong(Green Gram),408,184,0.450980392
Assam,LAKHIMPUR,2007,Rabi,Other  Rabi pulses,110,49,0.445454545
Assam,LAKHIMPUR,2007,Rabi,Peas & beans (Pulses),2982,1238,0.415157612
Assam,LAKHIMPUR,2007,Rabi,Rapeseed &Mustard,24820,11974,0.482433521
Assam,LAKHIMPUR,2007,Rabi,Urad,1578,664,0.420785805
Assam,LAKHIMPUR,2007,Rabi,Wheat,926,639,0.690064795
Assam,LAKHIMPUR,2007,Summer,Rice,16266,11302,0.694823558
Assam,LAKHIMPUR,2007,Whole Year,Arecanut,3009,2900,0.963775341
Assam,LAKHIMPUR,2007,Whole Year,Banana,2276,29588,13
Assam,LAKHIMPUR,2007,Whole Year,Black pepper,64,97,1.515625
Assam,LAKHIMPUR,2007,Whole Year,Coconut,293,1495000,5102.389078
Assam,LAKHIMPUR,2007,Whole Year,Dry chillies,640,355,0.5546875
Assam,LAKHIMPUR,2007,Whole Year,Dry ginger,405,3096,7.644444444
Assam,LAKHIMPUR,2007,Whole Year,Onion,180,482,2.677777778
Assam,LAKHIMPUR,2007,Whole Year,Potato,5035,31131,6.182919563
Assam,LAKHIMPUR,2007,Whole Year,Sugarcane,317,10588,33.40063091
Assam,LAKHIMPUR,2007,Whole Year,Sweet potato,210,652,3.104761905
Assam,LAKHIMPUR,2007,Whole Year,Tapioca,27,115,4.259259259
Assam,LAKHIMPUR,2007,Whole Year,Tobacco,22,13,0.590909091
Assam,LAKHIMPUR,2007,Whole Year,Turmeric,685,445,0.649635036
Assam,LAKHIMPUR,2007,Winter,Rice,86648,68736,0.793278552
Assam,LAKHIMPUR,2008,Autumn,Rice,15278,4248,0.278046865
Assam,LAKHIMPUR,2008,Kharif,Arhar/Tur,54,37,0.685185185
Assam,LAKHIMPUR,2008,Kharif,Castor seed,128,58,0.453125
Assam,LAKHIMPUR,2008,Kharif,Cotton(lint),13,5,0.384615385
Assam,LAKHIMPUR,2008,Kharif,Jute,412,2459,5.968446602
Assam,LAKHIMPUR,2008,Kharif,Maize,155,93,0.6
Assam,LAKHIMPUR,2008,Kharif,Mesta,14,55,3.928571429
Assam,LAKHIMPUR,2008,Kharif,Niger seed,6,3,0.5
Assam,LAKHIMPUR,2008,Kharif,Sesamum,277,98,0.353790614
Assam,LAKHIMPUR,2008,Kharif,Small millets,32,18,0.5625
Assam,LAKHIMPUR,2008,Rabi,Blackgram,1515,1079,0.712211221
Assam,LAKHIMPUR,2008,Rabi,Gram,9,4,0.444444444
Assam,LAKHIMPUR,2008,Rabi,Linseed,15,5,0.333333333
Assam,LAKHIMPUR,2008,Rabi,Masoor,1282,590,0.460218409
Assam,LAKHIMPUR,2008,Rabi,Moong(Green Gram),307,136,0.442996743
Assam,LAKHIMPUR,2008,Rabi,Peas & beans (Pulses),2130,991,0.465258216
Assam,LAKHIMPUR,2008,Rabi,Rapeseed &Mustard,24670,13257,0.537373328
Assam,LAKHIMPUR,2008,Rabi,Urad,1515,1079,0.712211221
Assam,LAKHIMPUR,2008,Rabi,Wheat,456,346,0.75877193
Assam,LAKHIMPUR,2008,Summer,Rice,17070,14008,0.820620972
Assam,LAKHIMPUR,2008,Whole Year,Arecanut,2791,2563,0.91830885
Assam,LAKHIMPUR,2008,Whole Year,Banana,4095,56514,13.8007326
Assam,LAKHIMPUR,2008,Whole Year,Black pepper,70,107,1.528571429
Assam,LAKHIMPUR,2008,Whole Year,Coconut,288,3006000,10437.5
Assam,LAKHIMPUR,2008,Whole Year,Dry chillies,681,379,0.556534508
Assam,LAKHIMPUR,2008,Whole Year,Dry ginger,420,3211,7.645238095
Assam,LAKHIMPUR,2008,Whole Year,Onion,206,548,2.660194175
Assam,LAKHIMPUR,2008,Whole Year,Potato,5008,25012,4.994408946
Assam,LAKHIMPUR,2008,Whole Year,Sugarcane,334,12043,36.05688623
Assam,LAKHIMPUR,2008,Whole Year,Sweet potato,117,363,3.102564103
Assam,LAKHIMPUR,2008,Whole Year,Tapioca,207,879,4.246376812
Assam,LAKHIMPUR,2008,Whole Year,Tobacco,20,12,0.6
Assam,LAKHIMPUR,2008,Whole Year,Turmeric,785,511,0.650955414
Assam,LAKHIMPUR,2008,Winter,Rice,91240,56370,0.617821131
Assam,LAKHIMPUR,2009,Autumn,Rice,15547,12263,0.788769538
Assam,LAKHIMPUR,2009,Kharif,Arhar/Tur,50,35,0.7
Assam,LAKHIMPUR,2009,Kharif,Castor seed,50,22,0.44
Assam,LAKHIMPUR,2009,Kharif,Cotton(lint),30,13,0.433333333
Assam,LAKHIMPUR,2009,Kharif,Jute,378,2476,6.55026455
Assam,LAKHIMPUR,2009,Kharif,Maize,150,90,0.6
Assam,LAKHIMPUR,2009,Kharif,Mesta,11,43,3.909090909
Assam,LAKHIMPUR,2009,Kharif,Niger seed,6,3,0.5
Assam,LAKHIMPUR,2009,Kharif,Sesamum,255,92,0.360784314
Assam,LAKHIMPUR,2009,Kharif,Small millets,8,5,0.625
Assam,LAKHIMPUR,2009,Rabi,Banana,1668,22130,13.26738609
Assam,LAKHIMPUR,2009,Rabi,Gram,30,12,0.4
Assam,LAKHIMPUR,2009,Rabi,Linseed,12,4,0.333333333
Assam,LAKHIMPUR,2009,Rabi,Masoor,1324,609,0.459969789
Assam,LAKHIMPUR,2009,Rabi,Moong(Green Gram),372,166,0.446236559
Assam,LAKHIMPUR,2009,Rabi,Peas & beans (Pulses),2040,882,0.432352941
Assam,LAKHIMPUR,2009,Rabi,Rapeseed &Mustard,23428,11252,0.480280007
Assam,LAKHIMPUR,2009,Rabi,Urad,1513,734,0.485128883
Assam,LAKHIMPUR,2009,Rabi,Wheat,422,118,0.279620853
Assam,LAKHIMPUR,2009,Summer,Rice,15572,11320,0.7269458
Assam,LAKHIMPUR,2009,Whole Year,Arecanut,3013,3964,1.31563226
Assam,LAKHIMPUR,2009,Whole Year,Banana,1668,22130,13.26738609
Assam,LAKHIMPUR,2009,Whole Year,Black pepper,73,110,1.506849315
Assam,LAKHIMPUR,2009,Whole Year,Coconut,298,2440000,8187.919463
Assam,LAKHIMPUR,2009,Whole Year,Dry chillies,617,343,0.555915721
Assam,LAKHIMPUR,2009,Whole Year,Dry ginger,420,3211,7.645238095
Assam,LAKHIMPUR,2009,Whole Year,Onion,210,559,2.661904762
Assam,LAKHIMPUR,2009,Whole Year,Potato,5177,27940,5.396948039
Assam,LAKHIMPUR,2009,Whole Year,Sugarcane,341,12731,37.33431085
Assam,LAKHIMPUR,2009,Whole Year,Sweet potato,93,289,3.107526882
Assam,LAKHIMPUR,2009,Whole Year,Tapioca,26,111,4.269230769
Assam,LAKHIMPUR,2009,Whole Year,Tobacco,11,7,0.636363636
Assam,LAKHIMPUR,2009,Whole Year,Turmeric,863,561,0.650057937
Assam,LAKHIMPUR,2009,Winter,Rice,104655,153688,1.468520376
Assam,LAKHIMPUR,2010,Autumn,Rice,15557,11121,0.714855049
Assam,LAKHIMPUR,2010,Kharif,Arhar/Tur,218,153,0.701834862
Assam,LAKHIMPUR,2010,Kharif,Castor seed,133,59,0.443609023
Assam,LAKHIMPUR,2010,Kharif,Cotton(lint),10,4,0.4
Assam,LAKHIMPUR,2010,Kharif,Jute,360,2365,6.569444444
Assam,LAKHIMPUR,2010,Kharif,Maize,155,93,0.6
Assam,LAKHIMPUR,2010,Kharif,Mesta,8,32,4
Assam,LAKHIMPUR,2010,Kharif,Niger seed,20,10,0.5
Assam,LAKHIMPUR,2010,Kharif,Sesamum,275,98,0.356363636
Assam,LAKHIMPUR,2010,Kharif,Small millets,35,20,0.571428571
Assam,LAKHIMPUR,2010,Rabi,Arecanut,3013,3964,1.31563226
Assam,LAKHIMPUR,2010,Rabi,Banana,3970,53002,13.35062972
Assam,LAKHIMPUR,2010,Rabi,Gram,23,9,0.391304348
Assam,LAKHIMPUR,2010,Rabi,Linseed,20,7,0.35
Assam,LAKHIMPUR,2010,Rabi,Masoor,1222,563,0.460720131
Assam,LAKHIMPUR,2010,Rabi,Moong(Green Gram),326,145,0.444785276
Assam,LAKHIMPUR,2010,Rabi,Peas & beans (Pulses),1942,847,0.436148301
Assam,LAKHIMPUR,2010,Rabi,Rapeseed &Mustard,23830,21793,0.914519513
Assam,LAKHIMPUR,2010,Rabi,Urad,1586,821,0.517654477
Assam,LAKHIMPUR,2010,Rabi,Wheat,83,45,0.542168675
Assam,LAKHIMPUR,2010,Summer,Rice,16675,17622,1.056791604
Assam,LAKHIMPUR,2010,Whole Year,Banana,3970,53002,13.35062972
Assam,LAKHIMPUR,2010,Whole Year,Black pepper,178,271,1.52247191
Assam,LAKHIMPUR,2010,Whole Year,Coconut,298,2440000,8187.919463
Assam,LAKHIMPUR,2010,Whole Year,Dry chillies,600,333,0.555
Assam,LAKHIMPUR,2010,Whole Year,Dry ginger,366,2798,7.644808743
Assam,LAKHIMPUR,2010,Whole Year,Onion,220,585,2.659090909
Assam,LAKHIMPUR,2010,Whole Year,Potato,4588,24417,5.321926765
Assam,LAKHIMPUR,2010,Whole Year,Sugarcane,345,15817,45.84637681
Assam,LAKHIMPUR,2010,Whole Year,Sweet potato,125,388,3.104
Assam,LAKHIMPUR,2010,Whole Year,Tapioca,127,540,4.251968504
Assam,LAKHIMPUR,2010,Whole Year,Tobacco,8,5,0.625
Assam,LAKHIMPUR,2010,Whole Year,Turmeric,845,550,0.650887574
Assam,LAKHIMPUR,2010,Winter,Rice,108330,217671,2.009332595
Assam,LAKHIMPUR,2011,Autumn,Paddy,14499,13871,0.956686668
Assam,LAKHIMPUR,2011,Autumn,Rice,14499,13871,0.956686668
Assam,LAKHIMPUR,2011,Kharif,Arhar/Tur,121,92,0.760330579
Assam,LAKHIMPUR,2011,Kharif,Castor seed,101,56,0.554455446
Assam,LAKHIMPUR,2011,Kharif,Cotton(lint),5,2,0.4
Assam,LAKHIMPUR,2011,Kharif,Jute,143,1062,7.426573427
Assam,LAKHIMPUR,2011,Kharif,Maize,140,95,0.678571429
Assam,LAKHIMPUR,2011,Kharif,Mesta,25,142,5.68
Assam,LAKHIMPUR,2011,Kharif,Niger seed,2,3,1.5
Assam,LAKHIMPUR,2011,Kharif,Orange,97,993,10.2371134
Assam,LAKHIMPUR,2011,Kharif,Papaya,184,3780,20.54347826
Assam,LAKHIMPUR,2011,Kharif,Sesamum,253,111,0.438735178
Assam,LAKHIMPUR,2011,Kharif,Small millets,58,38,0.655172414
Assam,LAKHIMPUR,2011,Kharif,Tapioca,53,455,8.58490566
Assam,LAKHIMPUR,2011,Kharif,Tobacco,10,6,0.6
Assam,LAKHIMPUR,2011,Rabi,Arecanut,2457,1654,0.673178673
Assam,LAKHIMPUR,2011,Rabi,Black pepper,554,865,1.561371841
Assam,LAKHIMPUR,2011,Rabi,Dry chillies,480,375,0.78125
Assam,LAKHIMPUR,2011,Rabi,Ginger,441,3393,7.693877551
Assam,LAKHIMPUR,2011,Rabi,Gram,20,9,0.45
Assam,LAKHIMPUR,2011,Rabi,Linseed,25,9,0.36
Assam,LAKHIMPUR,2011,Rabi,Masoor,153,78,0.509803922
Assam,LAKHIMPUR,2011,Rabi,Moong(Green Gram),842,428,0.508313539
Assam,LAKHIMPUR,2011,Rabi,Peas & beans (Pulses),990,443,0.447474747
Assam,LAKHIMPUR,2011,Rabi,Pineapple,328,4680,14.26829268
Assam,LAKHIMPUR,2011,Rabi,Rapeseed &Mustard,25453,14265,0.560444741
Assam,LAKHIMPUR,2011,Rabi,Sweet potato,245,798,3.257142857
Assam,LAKHIMPUR,2011,Rabi,Urad,2343,1253,0.534784464
Assam,LAKHIMPUR,2011,Rabi,Wheat,79,83,1.050632911
Assam,LAKHIMPUR,2011,Summer,Paddy,21815,36479,1.672198029
Assam,LAKHIMPUR,2011,Summer,Rice,21815,36479,1.672198029
Assam,LAKHIMPUR,2011,Whole Year,Banana,2425,35028,14.44453608
Assam,LAKHIMPUR,2011,Whole Year,Coconut,278,2417,8.694244604
Assam,LAKHIMPUR,2011,Whole Year,Onion,226,640,2.831858407
Assam,LAKHIMPUR,2011,Whole Year,Potato,14075,87584,6.222664298
Assam,LAKHIMPUR,2011,Whole Year,Sugarcane,311,19136,61.53054662
Assam,LAKHIMPUR,2011,Whole Year,Turmeric,890,616,0.692134831
Assam,LAKHIMPUR,2011,Winter,Paddy,114250,210176,1.83961488
Assam,LAKHIMPUR,2011,Winter,Rice,114250,210176,1.83961488
Assam,LAKHIMPUR,2012,Autumn,Paddy,14829,16891,1.139051858
Assam,LAKHIMPUR,2012,Autumn,Rice,14829,16891,1.139051858
Assam,LAKHIMPUR,2012,Kharif,Arhar/Tur,48,41,0.854166667
Assam,LAKHIMPUR,2012,Kharif,Castor seed,84,49,0.583333333
Assam,LAKHIMPUR,2012,Kharif,Cotton(lint),20,9,0.45
Assam,LAKHIMPUR,2012,Kharif,Jute,98,839,8.56122449
Assam,LAKHIMPUR,2012,Kharif,Maize,165,125,0.757575758
Assam,LAKHIMPUR,2012,Kharif,Mesta,21,87,4.142857143
Assam,LAKHIMPUR,2012,Kharif,Niger seed,8,5,0.625
Assam,LAKHIMPUR,2012,Kharif,Orange,118,1329,11.26271186
Assam,LAKHIMPUR,2012,Kharif,Papaya,186,3991,21.45698925
Assam,LAKHIMPUR,2012,Kharif,Sesamum,250,105,0.42
Assam,LAKHIMPUR,2012,Kharif,Small millets,73,48,0.657534247
Assam,LAKHIMPUR,2012,Kharif,Tapioca,49,426,8.693877551
Assam,LAKHIMPUR,2012,Kharif,Tobacco,5,3,0.6
Assam,LAKHIMPUR,2012,Rabi,Arecanut,2675,1743,0.651588785
Assam,LAKHIMPUR,2012,Rabi,Black pepper,537,899,1.674115456
Assam,LAKHIMPUR,2012,Rabi,Dry chillies,510,444,0.870588235
Assam,LAKHIMPUR,2012,Rabi,Ginger,467,3641,7.796573876
Assam,LAKHIMPUR,2012,Rabi,Gram,39,18,0.461538462
Assam,LAKHIMPUR,2012,Rabi,Linseed,11,4,0.363636364
Assam,LAKHIMPUR,2012,Rabi,Masoor,515,286,0.555339806
Assam,LAKHIMPUR,2012,Rabi,Moong(Green Gram),575,326,0.566956522
Assam,LAKHIMPUR,2012,Rabi,Peas & beans (Pulses),1808,835,0.461836283
Assam,LAKHIMPUR,2012,Rabi,Pineapple,333,5118,15.36936937
Assam,LAKHIMPUR,2012,Rabi,Rapeseed &Mustard,37900,25954,0.684802111
Assam,LAKHIMPUR,2012,Rabi,Sweet potato,245,887,3.620408163
Assam,LAKHIMPUR,2012,Rabi,Urad,1566,1060,0.67688378
Assam,LAKHIMPUR,2012,Rabi,Wheat,12,16,1.333333333
Assam,LAKHIMPUR,2012,Summer,Rice,19372,44526,2.298472021
Assam,LAKHIMPUR,2012,Whole Year,Banana,2310,37988,16.44502165
Assam,LAKHIMPUR,2012,Whole Year,Coconut,292,1641,5.619863014
Assam,LAKHIMPUR,2012,Whole Year,Onion,215,633,2.944186047
Assam,LAKHIMPUR,2012,Whole Year,Potato,11837,87633,7.40331165
Assam,LAKHIMPUR,2012,Whole Year,Sugarcane,330,16394,49.67878788
Assam,LAKHIMPUR,2012,Whole Year,Turmeric,888,677,0.762387387
Assam,LAKHIMPUR,2012,Winter,Paddy,111100,249676,2.247308731
Assam,LAKHIMPUR,2012,Winter,Rice,111100,249676,2.247308731
Assam,LAKHIMPUR,2013,Autumn,Paddy,13000,19615,1.508846154
Assam,LAKHIMPUR,2013,Autumn,Rice,13000,19615,1.508846154
Assam,LAKHIMPUR,2013,Kharif,Arhar/Tur,34,29,0.852941176
Assam,LAKHIMPUR,2013,Kharif,Castor seed,80,43,0.5375
Assam,LAKHIMPUR,2013,Kharif,Cotton(lint),18,7,0.388888889
Assam,LAKHIMPUR,2013,Kharif,Jute,110,1130,10.27272727
Assam,LAKHIMPUR,2013,Kharif,Maize,165,565,3.424242424
Assam,LAKHIMPUR,2013,Kharif,Mesta,10,41,4.1
Assam,LAKHIMPUR,2013,Kharif,Niger seed,3,2,0.666666667
Assam,LAKHIMPUR,2013,Kharif,Orange,73,822,11.26027397
Assam,LAKHIMPUR,2013,Kharif,Papaya,237,5085,21.4556962
Assam,LAKHIMPUR,2013,Kharif,Sesamum,160,75,0.46875
Assam,LAKHIMPUR,2013,Kharif,Small millets,45,26,0.577777778
Assam,LAKHIMPUR,2013,Kharif,Tapioca,42,365,8.69047619
Assam,LAKHIMPUR,2013,Kharif,Tobacco,5,3,0.6
Assam,LAKHIMPUR,2013,Rabi,Arecanut,2677,1818,0.679118416
Assam,LAKHIMPUR,2013,Rabi,Black pepper,534,1428,2.674157303
Assam,LAKHIMPUR,2013,Rabi,Dry chillies,345,301,0.872463768
Assam,LAKHIMPUR,2013,Rabi,Ginger,472,3680,7.796610169
Assam,LAKHIMPUR,2013,Rabi,Gram,7,3,0.428571429
Assam,LAKHIMPUR,2013,Rabi,Linseed,10,5,0.5
Assam,LAKHIMPUR,2013,Rabi,Masoor,200,111,0.555
Assam,LAKHIMPUR,2013,Rabi,Moong(Green Gram),328,188,0.573170732
Assam,LAKHIMPUR,2013,Rabi,Peas & beans (Pulses),1478,910,0.615696888
Assam,LAKHIMPUR,2013,Rabi,Pineapple,279,4288,15.36917563
Assam,LAKHIMPUR,2013,Rabi,Rapeseed &Mustard,22999,16701,0.726162007
Assam,LAKHIMPUR,2013,Rabi,Sweet potato,178,645,3.623595506
Assam,LAKHIMPUR,2013,Rabi,Urad,2744,1678,0.611516035
Assam,LAKHIMPUR,2013,Rabi,Wheat,13,12,0.923076923
Assam,LAKHIMPUR,2013,Summer,Paddy,16400,25187,1.535792683
Assam,LAKHIMPUR,2013,Summer,Rice,16400,25187,1.535792683
Assam,LAKHIMPUR,2013,Whole Year,Banana,2717,44681,16.44497608
Assam,LAKHIMPUR,2013,Whole Year,Coconut,292,995,3.407534247
Assam,LAKHIMPUR,2013,Whole Year,Onion,160,471,2.94375
Assam,LAKHIMPUR,2013,Whole Year,Potato,10148,70412,6.938510051
Assam,LAKHIMPUR,2013,Whole Year,Sugarcane,310,14494,46.75483871
Assam,LAKHIMPUR,2013,Whole Year,Turmeric,900,685,0.761111111
Assam,LAKHIMPUR,2013,Winter,Paddy,111700,215763,1.931629364
Assam,LAKHIMPUR,2013,Winter,Rice,111700,215763,1.931629364
Assam,LAKHIMPUR,2014,Autumn,Paddy,6861,10015,1.459699752
Assam,LAKHIMPUR,2014,Autumn,Rice,6861,10015,1.459699752
Assam,LAKHIMPUR,2014,Kharif,Arhar/Tur,30,36,1.2
Assam,LAKHIMPUR,2014,Kharif,Castor seed,75,47,0.626666667
Assam,LAKHIMPUR,2014,Kharif,Cotton(lint),8,3,0.375
Assam,LAKHIMPUR,2014,Kharif,Jute,37,406,10.97297297
Assam,LAKHIMPUR,2014,Kharif,Maize,103,462,4.485436893
Assam,LAKHIMPUR,2014,Kharif,Mesta,4,18,4.5
Assam,LAKHIMPUR,2014,Kharif,Niger seed,3,2,0.666666667
Assam,LAKHIMPUR,2014,Kharif,Orange,63,710,11.26984127
Assam,LAKHIMPUR,2014,Kharif,Papaya,165,3541,21.46060606
Assam,LAKHIMPUR,2014,Kharif,Sesamum,165,116,0.703030303
Assam,LAKHIMPUR,2014,Kharif,Small millets,40,33,0.825
Assam,LAKHIMPUR,2014,Kharif,Tapioca,22,191,8.681818182
Assam,LAKHIMPUR,2014,Kharif,Tobacco,6,4,0.666666667
Assam,LAKHIMPUR,2014,Rabi,Black pepper,485,817,1.684536082
Assam,LAKHIMPUR,2014,Rabi,Dry chillies,395,347,0.878481013
Assam,LAKHIMPUR,2014,Rabi,Ginger,500,3906,7.812
Assam,LAKHIMPUR,2014,Rabi,Gram,7,4,0.571428571
Assam,LAKHIMPUR,2014,Rabi,Linseed,20,13,0.65
Assam,LAKHIMPUR,2014,Rabi,Masoor,348,348,1
Assam,LAKHIMPUR,2014,Rabi,Moong(Green Gram),510,510,1
Assam,LAKHIMPUR,2014,Rabi,Peas & beans (Pulses),1590,1431,0.9
Assam,LAKHIMPUR,2014,Rabi,Pineapple,140,2151,15.36428571
Assam,LAKHIMPUR,2014,Rabi,Rapeseed &Mustard,25020,19582,0.782653877
Assam,LAKHIMPUR,2014,Rabi,Sweet potato,230,835,3.630434783
Assam,LAKHIMPUR,2014,Rabi,Urad,2910,2213,0.7604811
Assam,LAKHIMPUR,2014,Rabi,Wheat,15,18,1.2
Assam,LAKHIMPUR,2014,Summer,Paddy,14700,26717,1.817482993
Assam,LAKHIMPUR,2014,Summer,Rice,14700,26717,1.817482993
Assam,LAKHIMPUR,2014,Whole Year,Banana,2718,44697,16.44481236
Assam,LAKHIMPUR,2014,Whole Year,Onion,400,1186,2.965
Assam,LAKHIMPUR,2014,Whole Year,Potato,9623,42574,4.42419204
Assam,LAKHIMPUR,2014,Whole Year,Sugarcane,326,15488,47.50920245
Assam,LAKHIMPUR,2014,Whole Year,Turmeric,900,689,0.765555556
Assam,LAKHIMPUR,2014,Winter,Paddy,102605,224011,2.183236684
Assam,LAKHIMPUR,2014,Winter,Rice,102605,224011,2.183236684
Assam,MARIGAON,1997,Autumn,Rice,27010,14050,0.520177712
Assam,MARIGAON,1997,Kharif,Arhar/Tur,180,120,0.666666667
Assam,MARIGAON,1997,Kharif,Castor seed,20,4,0.2
Assam,MARIGAON,1997,Kharif,Cotton(lint),16,6,0.375
Assam,MARIGAON,1997,Kharif,Jute,6660,66045,9.916666667
Assam,MARIGAON,1997,Kharif,Maize,79,32,0.405063291
Assam,MARIGAON,1997,Kharif,Mesta,320,1209,3.778125
Assam,MARIGAON,1997,Kharif,Small millets,325,139,0.427692308
Assam,MARIGAON,1997,Kharif,Sugarcane,670,30606,45.68059701
Assam,MARIGAON,1997,Rabi,Gram,200,65,0.325
Assam,MARIGAON,1997,Rabi,Linseed,600,285,0.475
Assam,MARIGAON,1997,Rabi,Other  Rabi pulses,4950,3241,0.654747475
Assam,MARIGAON,1997,Rabi,Rapeseed &Mustard,12250,4312,0.352
Assam,MARIGAON,1997,Rabi,Wheat,8000,12288,1.536
Assam,MARIGAON,1997,Summer,Rice,32500,48230,1.484
Assam,MARIGAON,1997,Whole Year,Arecanut,1403,821,0.585174626
Assam,MARIGAON,1997,Whole Year,Coconut,1330,15948,11.99097744
Assam,MARIGAON,1997,Whole Year,Dry chillies,700,420,0.6
Assam,MARIGAON,1997,Whole Year,Niger seed,600,300,0.5
Assam,MARIGAON,1997,Whole Year,Onion,550,1540,2.8
Assam,MARIGAON,1997,Whole Year,Potato,1100,7000,6.363636364
Assam,MARIGAON,1997,Whole Year,Sesamum,920,460,0.5
Assam,MARIGAON,1997,Whole Year,Sweet potato,300,900,3
Assam,MARIGAON,1997,Whole Year,Tapioca,10,50,5
Assam,MARIGAON,1997,Whole Year,Tobacco,20,4,0.2
Assam,MARIGAON,1997,Whole Year,Turmeric,350,280,0.8
Assam,MARIGAON,1997,Winter,Rice,38500,30515,0.792597403
Assam,MARIGAON,1998,Autumn,Rice,25500,14804,0.58054902
Assam,MARIGAON,1998,Kharif,Arhar/Tur,180,120,0.666666667
Assam,MARIGAON,1998,Kharif,Castor seed,20,4,0.2
Assam,MARIGAON,1998,Kharif,Cotton(lint),17,7,0.411764706
Assam,MARIGAON,1998,Kharif,Jute,6000,59867,9.977833333
Assam,MARIGAON,1998,Kharif,Maize,79,32,0.405063291
Assam,MARIGAON,1998,Kharif,Mesta,279,961,3.444444444
Assam,MARIGAON,1998,Kharif,Niger seed,350,175,0.5
Assam,MARIGAON,1998,Kharif,Sesamum,920,400,0.434782609
Assam,MARIGAON,1998,Kharif,Small millets,350,155,0.442857143
Assam,MARIGAON,1998,Rabi,Gram,250,69,0.276
Assam,MARIGAON,1998,Rabi,Linseed,600,285,0.475
Assam,MARIGAON,1998,Rabi,Other  Rabi pulses,4440,2634,0.593243243
Assam,MARIGAON,1998,Rabi,Rapeseed &Mustard,12500,4975,0.398
Assam,MARIGAON,1998,Rabi,Wheat,8500,11254,1.324
Assam,MARIGAON,1998,Summer,Rice,40000,103600,2.59
Assam,MARIGAON,1998,Whole Year,Arecanut,1403,1239,0.883107627
Assam,MARIGAON,1998,Whole Year,Banana,460,5520,12
Assam,MARIGAON,1998,Whole Year,Coconut,1360,9382000,6898.529412
Assam,MARIGAON,1998,Whole Year,Dry chillies,680,408,0.6
Assam,MARIGAON,1998,Whole Year,Onion,600,1680,2.8
Assam,MARIGAON,1998,Whole Year,Potato,800,3727,4.65875
Assam,MARIGAON,1998,Whole Year,Sugarcane,670,30856,46.05373134
Assam,MARIGAON,1998,Whole Year,Sweet potato,350,1050,3
Assam,MARIGAON,1998,Whole Year,Tapioca,10,50,5
Assam,MARIGAON,1998,Whole Year,Tobacco,20,5,0.25
Assam,MARIGAON,1998,Whole Year,Turmeric,350,280,0.8
Assam,MARIGAON,1998,Winter,Rice,45000,51151,1.136688889
Assam,MARIGAON,1999,Autumn,Rice,19600,14812,0.755714286
Assam,MARIGAON,1999,Kharif,Arhar/Tur,300,200,0.666666667
Assam,MARIGAON,1999,Kharif,Castor seed,20,4,0.2
Assam,MARIGAON,1999,Kharif,Cotton(lint),14,6,0.428571429
Assam,MARIGAON,1999,Kharif,Jute,6000,62333,10.38883333
Assam,MARIGAON,1999,Kharif,Maize,80,32,0.4
Assam,MARIGAON,1999,Kharif,Mesta,272,967,3.555147059
Assam,MARIGAON,1999,Kharif,Niger seed,300,150,0.5
Assam,MARIGAON,1999,Kharif,Sesamum,500,250,0.5
Assam,MARIGAON,1999,Kharif,Small millets,350,157,0.448571429
Assam,MARIGAON,1999,Rabi,Gram,150,41,0.273333333
Assam,MARIGAON,1999,Rabi,Linseed,250,119,0.476
Assam,MARIGAON,1999,Rabi,Other  Rabi pulses,2800,1746,0.623571429
Assam,MARIGAON,1999,Rabi,Rapeseed &Mustard,7500,2438,0.325066667
Assam,MARIGAON,1999,Rabi,Wheat,6000,6984,1.164
Assam,MARIGAON,1999,Summer,Rice,45000,129060,2.868
Assam,MARIGAON,1999,Whole Year,Arecanut,1400,1214,0.867142857
Assam,MARIGAON,1999,Whole Year,Banana,470,5640,12
Assam,MARIGAON,1999,Whole Year,Coconut,1300,6070000,4669.230769
Assam,MARIGAON,1999,Whole Year,Dry chillies,600,360,0.6
Assam,MARIGAON,1999,Whole Year,Onion,400,1060,2.65
Assam,MARIGAON,1999,Whole Year,Potato,650,3173,4.881538462
Assam,MARIGAON,1999,Whole Year,Sugarcane,670,28354,42.31940299
Assam,MARIGAON,1999,Whole Year,Sweet potato,360,1152,3.2
Assam,MARIGAON,1999,Whole Year,Tapioca,15,75,5
Assam,MARIGAON,1999,Whole Year,Tobacco,20,5,0.25
Assam,MARIGAON,1999,Whole Year,Turmeric,350,280,0.8
Assam,MARIGAON,1999,Winter,Rice,50000,77667,1.55334
Assam,MARIGAON,2000,Autumn,Rice,15000,11350,0.756666667
Assam,MARIGAON,2000,Kharif,Arhar/Tur,300,200,0.666666667
Assam,MARIGAON,2000,Kharif,Castor seed,20,4,0.2
Assam,MARIGAON,2000,Kharif,Cotton(lint),14,6,0.428571429
Assam,MARIGAON,2000,Kharif,Jute,5000,48439,9.6878
Assam,MARIGAON,2000,Kharif,Maize,80,32,0.4
Assam,MARIGAON,2000,Kharif,Mesta,200,719,3.595
Assam,MARIGAON,2000,Kharif,Niger seed,250,125,0.5
Assam,MARIGAON,2000,Kharif,Sesamum,400,200,0.5
Assam,MARIGAON,2000,Kharif,Small millets,350,154,0.44
Assam,MARIGAON,2000,Rabi,Gram,150,41,0.273333333
Assam,MARIGAON,2000,Rabi,Linseed,250,119,0.476
Assam,MARIGAON,2000,Rabi,Other  Rabi pulses,1550,870,0.561290323
Assam,MARIGAON,2000,Rabi,Rapeseed &Mustard,4500,2291,0.509111111
Assam,MARIGAON,2000,Rabi,Wheat,5000,5760,1.152
Assam,MARIGAON,2000,Summer,Rice,42000,115206,2.743
Assam,MARIGAON,2000,Whole Year,Arecanut,1400,478,0.341428571
Assam,MARIGAON,2000,Whole Year,Banana,500,6000,12
Assam,MARIGAON,2000,Whole Year,Coconut,1300,7307000,5620.769231
Assam,MARIGAON,2000,Whole Year,Dry chillies,600,360,0.6
Assam,MARIGAON,2000,Whole Year,Onion,400,1060,2.65
Assam,MARIGAON,2000,Whole Year,Potato,630,3140,4.984126984
Assam,MARIGAON,2000,Whole Year,Sugarcane,650,27404,42.16
Assam,MARIGAON,2000,Whole Year,Sweet potato,300,960,3.2
Assam,MARIGAON,2000,Whole Year,Tapioca,10,50,5
Assam,MARIGAON,2000,Whole Year,Tobacco,20,2,0.1
Assam,MARIGAON,2000,Whole Year,Turmeric,300,240,0.8
Assam,MARIGAON,2000,Winter,Rice,47000,80044,1.70306383
Assam,MARIGAON,2001,Autumn,Rice,13500,7572,0.560888889
Assam,MARIGAON,2001,Kharif,Arhar/Tur,240,160,0.666666667
Assam,MARIGAON,2001,Kharif,Castor seed,20,4,0.2
Assam,MARIGAON,2001,Kharif,Cotton(lint),14,6,0.428571429
Assam,MARIGAON,2001,Kharif,Jute,4000,41111,10.27775
Assam,MARIGAON,2001,Kharif,Maize,60,24,0.4
Assam,MARIGAON,2001,Kharif,Mesta,200,707,3.535
Assam,MARIGAON,2001,Kharif,Niger seed,120,60,0.5
Assam,MARIGAON,2001,Kharif,Sesamum,252,126,0.5
Assam,MARIGAON,2001,Kharif,Small millets,350,154,0.44
Assam,MARIGAON,2001,Rabi,Gram,100,27,0.27
Assam,MARIGAON,2001,Rabi,Linseed,200,94,0.47
Assam,MARIGAON,2001,Rabi,Masoor,430,295,0.686046512
Assam,MARIGAON,2001,Rabi,Moong(Green Gram),173,33,0.190751445
Assam,MARIGAON,2001,Rabi,Other  Rabi pulses,1563,947,0.605886116
Assam,MARIGAON,2001,Rabi,Peas & beans (Pulses),400,400,1
Assam,MARIGAON,2001,Rabi,Rapeseed &Mustard,4820,1697,0.352074689
Assam,MARIGAON,2001,Rabi,Urad,310,166,0.535483871
Assam,MARIGAON,2001,Rabi,Wheat,4000,4200,1.05
Assam,MARIGAON,2001,Summer,Rice,37565,87226,2.322001863
Assam,MARIGAON,2001,Whole Year,Arecanut,1400,1148,0.82
Assam,MARIGAON,2001,Whole Year,Banana,460,5520,12
Assam,MARIGAON,2001,Whole Year,Coconut,1310,7514000,5735.877863
Assam,MARIGAON,2001,Whole Year,Dry chillies,580,348,0.6
Assam,MARIGAON,2001,Whole Year,Onion,300,795,2.65
Assam,MARIGAON,2001,Whole Year,Potato,723,4561,6.308437068
Assam,MARIGAON,2001,Whole Year,Sugarcane,650,25956,39.93230769
Assam,MARIGAON,2001,Whole Year,Sweet potato,250,800,3.2
Assam,MARIGAON,2001,Whole Year,Tapioca,10,50,5
Assam,MARIGAON,2001,Whole Year,Tobacco,10,1,0.1
Assam,MARIGAON,2001,Whole Year,Turmeric,215,172,0.8
Assam,MARIGAON,2001,Winter,Rice,40000,59652,1.4913
Assam,MARIGAON,2002,Autumn,Rice,12270,2922,0.238141809
Assam,MARIGAON,2002,Kharif,Arhar/Tur,250,166,0.664
Assam,MARIGAON,2002,Kharif,Castor seed,20,4,0.2
Assam,MARIGAON,2002,Kharif,Cotton(lint),14,6,0.428571429
Assam,MARIGAON,2002,Kharif,Jute,4800,46960,9.783333333
Assam,MARIGAON,2002,Kharif,Maize,80,32,0.4
Assam,MARIGAON,2002,Kharif,Mesta,210,748,3.561904762
Assam,MARIGAON,2002,Kharif,Niger seed,120,60,0.5
Assam,MARIGAON,2002,Kharif,Sesamum,252,126,0.5
Assam,MARIGAON,2002,Kharif,Small millets,350,155,0.442857143
Assam,MARIGAON,2002,Rabi,Gram,140,38,0.271428571
Assam,MARIGAON,2002,Rabi,Linseed,200,94,0.47
Assam,MARIGAON,2002,Rabi,Masoor,500,345,0.69
Assam,MARIGAON,2002,Rabi,Moong(Green Gram),180,34,0.188888889
Assam,MARIGAON,2002,Rabi,Other  Rabi pulses,2280,1318,0.578070175
Assam,MARIGAON,2002,Rabi,Peas & beans (Pulses),600,600,1
Assam,MARIGAON,2002,Rabi,Rapeseed &Mustard,5000,1965,0.393
Assam,MARIGAON,2002,Rabi,Urad,700,277,0.395714286
Assam,MARIGAON,2002,Rabi,Wheat,4250,4229,0.995058824
Assam,MARIGAON,2002,Summer,Rice,40000,89600,2.24
Assam,MARIGAON,2002,Whole Year,Arecanut,1400,734,0.524285714
Assam,MARIGAON,2002,Whole Year,Banana,460,5566,12.1
Assam,MARIGAON,2002,Whole Year,Coconut,1310,9199000,7022.137405
Assam,MARIGAON,2002,Whole Year,Dry chillies,520,312,0.6
Assam,MARIGAON,2002,Whole Year,Onion,300,795,2.65
Assam,MARIGAON,2002,Whole Year,Orange,17,178,10.47058824
Assam,MARIGAON,2002,Whole Year,Papaya,90,1328,14.75555556
Assam,MARIGAON,2002,Whole Year,Pineapple,80,1065,13.3125
Assam,MARIGAON,2002,Whole Year,Potato,700,3053,4.361428571
Assam,MARIGAON,2002,Whole Year,Sugarcane,670,27580,41.1641791
Assam,MARIGAON,2002,Whole Year,Sweet potato,250,800,3.2
Assam,MARIGAON,2002,Whole Year,Tapioca,15,75,5
Assam,MARIGAON,2002,Whole Year,Tobacco,12,2,0.166666667
Assam,MARIGAON,2002,Whole Year,Turmeric,220,176,0.8
Assam,MARIGAON,2002,Winter,Rice,36000,45176,1.254888889
Assam,MARIGAON,2003,Autumn,Rice,11000,2587,0.235181818
Assam,MARIGAON,2003,Kharif,Arhar/Tur,200,120,0.6
Assam,MARIGAON,2003,Kharif,Castor seed,18,3,0.166666667
Assam,MARIGAON,2003,Kharif,Cotton(lint),14,8,0.571428571
Assam,MARIGAON,2003,Kharif,Jute,2800,25760,9.2
Assam,MARIGAON,2003,Kharif,Maize,80,32,0.4
Assam,MARIGAON,2003,Kharif,Mesta,200,712,3.56
Assam,MARIGAON,2003,Kharif,Niger seed,135,68,0.503703704
Assam,MARIGAON,2003,Kharif,Sesamum,250,130,0.52
Assam,MARIGAON,2003,Kharif,Small millets,350,154,0.44
Assam,MARIGAON,2003,Rabi,Gram,150,41,0.273333333
Assam,MARIGAON,2003,Rabi,Linseed,205,96,0.468292683
Assam,MARIGAON,2003,Rabi,Masoor,1000,680,0.68
Assam,MARIGAON,2003,Rabi,Moong(Green Gram),154,29,0.188311688
Assam,MARIGAON,2003,Rabi,other misc. pulses,250,52,0.208
Assam,MARIGAON,2003,Rabi,Peas & beans (Pulses),700,700,1
Assam,MARIGAON,2003,Rabi,Rapeseed &Mustard,6000,2004,0.334
Assam,MARIGAON,2003,Rabi,Urad,600,236,0.393333333
Assam,MARIGAON,2003,Rabi,Wheat,4000,3472,0.868
Assam,MARIGAON,2003,Summer,Rice,36000,65484,1.819
Assam,MARIGAON,2003,Whole Year,Arecanut,1400,1358,0.97
Assam,MARIGAON,2003,Whole Year,Banana,460,5566,12.1
Assam,MARIGAON,2003,Whole Year,Coconut,1300,9085000,6988.461538
Assam,MARIGAON,2003,Whole Year,Dry chillies,420,252,0.6
Assam,MARIGAON,2003,Whole Year,Onion,315,835,2.650793651
Assam,MARIGAON,2003,Whole Year,Orange,17,181,10.64705882
Assam,MARIGAON,2003,Whole Year,Papaya,90,1323,14.7
Assam,MARIGAON,2003,Whole Year,Pineapple,80,1040,13
Assam,MARIGAON,2003,Whole Year,Potato,650,3666,5.64
Assam,MARIGAON,2003,Whole Year,Sugarcane,670,23755,35.45522388
Assam,MARIGAON,2003,Whole Year,Sweet potato,250,813,3.252
Assam,MARIGAON,2003,Whole Year,Tapioca,15,72,4.8
Assam,MARIGAON,2003,Whole Year,Tobacco,12,1,0.083333333
Assam,MARIGAON,2003,Whole Year,Turmeric,260,208,0.8
Assam,MARIGAON,2003,Winter,Rice,36450,55757,1.529684499
Assam,MARIGAON,2004,Autumn,Rice,8000,142,0.01775
Assam,MARIGAON,2004,Kharif,Arhar/Tur,200,129,0.645
Assam,MARIGAON,2004,Kharif,Castor seed,20,4,0.2
Assam,MARIGAON,2004,Kharif,Cotton(lint),10,5,0.5
Assam,MARIGAON,2004,Kharif,Jute,2300,14388,6.255652174
Assam,MARIGAON,2004,Kharif,Mesta,150,533,3.553333333
Assam,MARIGAON,2004,Kharif,Niger seed,120,60,0.5
Assam,MARIGAON,2004,Kharif,Sesamum,250,127,0.508
Assam,MARIGAON,2004,Kharif,Small millets,340,150,0.441176471
Assam,MARIGAON,2004,Rabi,Gram,140,38,0.271428571
Assam,MARIGAON,2004,Rabi,Linseed,200,94,0.47
Assam,MARIGAON,2004,Rabi,Masoor,1000,685,0.685
Assam,MARIGAON,2004,Rabi,Moong(Green Gram),150,29,0.193333333
Assam,MARIGAON,2004,Rabi,Other  Rabi pulses,2295,1440,0.62745098
Assam,MARIGAON,2004,Rabi,Peas & beans (Pulses),550,550,1
Assam,MARIGAON,2004,Rabi,Rapeseed &Mustard,6000,2340,0.39
Assam,MARIGAON,2004,Rabi,Urad,475,151,0.317894737
Assam,MARIGAON,2004,Rabi,Wheat,4400,3507,0.797045455
Assam,MARIGAON,2004,Summer,Rice,38000,85196,2.242
Assam,MARIGAON,2004,Whole Year,Coconut,1310,8132000,6207.633588
Assam,MARIGAON,2004,Whole Year,Dry chillies,400,240,0.6
Assam,MARIGAON,2004,Whole Year,Onion,300,795,2.65
Assam,MARIGAON,2004,Whole Year,Potato,640,3530,5.515625
Assam,MARIGAON,2004,Whole Year,Sugarcane,670,25274,37.72238806
Assam,MARIGAON,2004,Whole Year,Sweet potato,250,804,3.216
Assam,MARIGAON,2004,Whole Year,Tobacco,14,2,0.142857143
Assam,MARIGAON,2004,Whole Year,Turmeric,225,180,0.8
Assam,MARIGAON,2004,Winter,Rice,27000,19069,0.706259259
Assam,MARIGAON,2005,Autumn,Rice,7000,3589,0.512714286
Assam,MARIGAON,2005,Kharif,Arhar/Tur,140,89,0.635714286
Assam,MARIGAON,2005,Kharif,Castor seed,20,4,0.2
Assam,MARIGAON,2005,Kharif,Cotton(lint),14,7,0.5
Assam,MARIGAON,2005,Kharif,Jute,3000,25267,8.422333333
Assam,MARIGAON,2005,Kharif,Maize,40,16,0.4
Assam,MARIGAON,2005,Kharif,Mesta,180,640,3.555555556
Assam,MARIGAON,2005,Kharif,Niger seed,135,68,0.503703704
Assam,MARIGAON,2005,Kharif,Sesamum,250,127,0.508
Assam,MARIGAON,2005,Kharif,Small millets,300,132,0.44
Assam,MARIGAON,2005,Rabi,Gram,120,32,0.266666667
Assam,MARIGAON,2005,Rabi,Linseed,540,254,0.47037037
Assam,MARIGAON,2005,Rabi,Masoor,673,461,0.684992571
Assam,MARIGAON,2005,Rabi,Moong(Green Gram),550,105,0.190909091
Assam,MARIGAON,2005,Rabi,Other  Rabi pulses,2263,1383,0.611135661
Assam,MARIGAON,2005,Rabi,Peas & beans (Pulses),460,460,1
Assam,MARIGAON,2005,Rabi,Rapeseed &Mustard,3700,1262,0.341081081
Assam,MARIGAON,2005,Rabi,Urad,450,156,0.346666667
Assam,MARIGAON,2005,Rabi,Wheat,2000,1760,0.88
Assam,MARIGAON,2005,Summer,Rice,29500,59000,2
Assam,MARIGAON,2005,Whole Year,Arecanut,1398,1460,1.04434907
Assam,MARIGAON,2005,Whole Year,Banana,460,5566,12.1
Assam,MARIGAON,2005,Whole Year,Dry chillies,400,240,0.6
Assam,MARIGAON,2005,Whole Year,Onion,325,861,2.649230769
Assam,MARIGAON,2005,Whole Year,Potato,500,2664,5.328
Assam,MARIGAON,2005,Whole Year,Sugarcane,520,19905,38.27884615
Assam,MARIGAON,2005,Whole Year,Sweet potato,230,741,3.22173913
Assam,MARIGAON,2005,Whole Year,Tapioca,20,97,4.85
Assam,MARIGAON,2005,Whole Year,Tobacco,20,3,0.15
Assam,MARIGAON,2005,Whole Year,Turmeric,170,136,0.8
Assam,MARIGAON,2005,Winter,Rice,22000,26611,1.209590909
Assam,MARIGAON,2006,Autumn,Rice,4749,3136,0.660349547
Assam,MARIGAON,2006,Kharif,Arhar/Tur,55,34,0.618181818
Assam,MARIGAON,2006,Kharif,Castor seed,13,2,0.153846154
Assam,MARIGAON,2006,Kharif,Cotton(lint),12,6,0.5
Assam,MARIGAON,2006,Kharif,Jute,3088,33024,10.69430052
Assam,MARIGAON,2006,Kharif,Maize,25,10,0.4
Assam,MARIGAON,2006,Kharif,Mesta,131,466,3.557251908
Assam,MARIGAON,2006,Kharif,Niger seed,149,75,0.503355705
Assam,MARIGAON,2006,Kharif,Sesamum,236,121,0.512711864
Assam,MARIGAON,2006,Kharif,Small millets,223,98,0.439461883
Assam,MARIGAON,2006,Rabi,Gram,120,32,0.266666667
Assam,MARIGAON,2006,Rabi,Linseed,589,277,0.470288625
Assam,MARIGAON,2006,Rabi,Masoor,588,402,0.683673469
Assam,MARIGAON,2006,Rabi,Moong(Green Gram),195,37,0.18974359
Assam,MARIGAON,2006,Rabi,Other  Rabi pulses,103,21,0.203883495
Assam,MARIGAON,2006,Rabi,Peas & beans (Pulses),670,670,1
Assam,MARIGAON,2006,Rabi,Rapeseed &Mustard,6535,2719,0.41606733
Assam,MARIGAON,2006,Rabi,Urad,655,229,0.349618321
Assam,MARIGAON,2006,Rabi,Wheat,4336,4085,0.942112546
Assam,MARIGAON,2006,Summer,Rice,36745,71910,1.957000953
Assam,MARIGAON,2006,Whole Year,Arecanut,1250,848,0.6784
Assam,MARIGAON,2006,Whole Year,Banana,500,6050,12.1
Assam,MARIGAON,2006,Whole Year,Coconut,1225,9437000,7703.673469
Assam,MARIGAON,2006,Whole Year,Dry chillies,389,233,0.598971722
Assam,MARIGAON,2006,Whole Year,Onion,350,928,2.651428571
Assam,MARIGAON,2006,Whole Year,Potato,610,2985,4.893442623
Assam,MARIGAON,2006,Whole Year,Sugarcane,670,24158,36.05671642
Assam,MARIGAON,2006,Whole Year,Sweet potato,227,733,3.22907489
Assam,MARIGAON,2006,Whole Year,Tapioca,6,28,4.666666667
Assam,MARIGAON,2006,Whole Year,Tobacco,12,2,0.166666667
Assam,MARIGAON,2006,Whole Year,Turmeric,166,133,0.801204819
Assam,MARIGAON,2006,Winter,Rice,32687,17664,0.540398323
Assam,MARIGAON,2007,Autumn,Rice,4872,1755,0.360221675
Assam,MARIGAON,2007,Kharif,Arhar/Tur,51,32,0.62745098
Assam,MARIGAON,2007,Kharif,Castor seed,10,2,0.2
Assam,MARIGAON,2007,Kharif,Cotton(lint),16,8,0.5
Assam,MARIGAON,2007,Kharif,Jute,4350,44518,10.23402299
Assam,MARIGAON,2007,Kharif,Maize,21,8,0.380952381
Assam,MARIGAON,2007,Kharif,Mesta,110,391,3.554545455
Assam,MARIGAON,2007,Kharif,Niger seed,150,75,0.5
Assam,MARIGAON,2007,Kharif,Sesamum,190,97,0.510526316
Assam,MARIGAON,2007,Kharif,Small millets,200,88,0.44
Assam,MARIGAON,2007,Rabi,Gram,120,32,0.266666667
Assam,MARIGAON,2007,Rabi,Linseed,573,269,0.469458988
Assam,MARIGAON,2007,Rabi,Masoor,550,376,0.683636364
Assam,MARIGAON,2007,Rabi,Moong(Green Gram),239,45,0.188284519
Assam,MARIGAON,2007,Rabi,Other  Rabi pulses,183,38,0.207650273
Assam,MARIGAON,2007,Rabi,Peas & beans (Pulses),701,701,1
Assam,MARIGAON,2007,Rabi,Rapeseed &Mustard,5500,2107,0.383090909
Assam,MARIGAON,2007,Rabi,Urad,550,393,0.714545455
Assam,MARIGAON,2007,Rabi,Wheat,4500,4446,0.988
Assam,MARIGAON,2007,Summer,Rice,37950,87854,2.314993412
Assam,MARIGAON,2007,Whole Year,Arecanut,1250,945,0.756
Assam,MARIGAON,2007,Whole Year,Banana,700,8470,12.1
Assam,MARIGAON,2007,Whole Year,Black pepper,131,224,1.709923664
Assam,MARIGAON,2007,Whole Year,Coconut,1005,6710000,6676.616915
Assam,MARIGAON,2007,Whole Year,Dry chillies,390,234,0.6
Assam,MARIGAON,2007,Whole Year,Dry ginger,200,1752,8.76
Assam,MARIGAON,2007,Whole Year,Onion,250,662,2.648
Assam,MARIGAON,2007,Whole Year,Potato,590,3562,6.037288136
Assam,MARIGAON,2007,Whole Year,Sugarcane,655,24148,36.86717557
Assam,MARIGAON,2007,Whole Year,Sweet potato,200,645,3.225
Assam,MARIGAON,2007,Whole Year,Tapioca,6,29,4.833333333
Assam,MARIGAON,2007,Whole Year,Tobacco,9,1,0.111111111
Assam,MARIGAON,2007,Whole Year,Turmeric,166,133,0.801204819
Assam,MARIGAON,2007,Winter,Rice,41205,25083,0.608736804
Assam,MARIGAON,2008,Autumn,Rice,6000,4304,0.717333333
Assam,MARIGAON,2008,Kharif,Arhar/Tur,51,35,0.68627451
Assam,MARIGAON,2008,Kharif,Castor seed,8,1,0.125
Assam,MARIGAON,2008,Kharif,Cotton(lint),7,4,0.571428571
Assam,MARIGAON,2008,Kharif,Jute,4000,48089,12.02225
Assam,MARIGAON,2008,Kharif,Maize,21,8,0.380952381
Assam,MARIGAON,2008,Kharif,Mesta,120,427,3.558333333
Assam,MARIGAON,2008,Kharif,Niger seed,139,69,0.496402878
Assam,MARIGAON,2008,Kharif,Sesamum,196,99,0.505102041
Assam,MARIGAON,2008,Kharif,Small millets,170,75,0.441176471
Assam,MARIGAON,2008,Rabi,Blackgram,600,325,0.541666667
Assam,MARIGAON,2008,Rabi,Gram,92,25,0.27173913
Assam,MARIGAON,2008,Rabi,Linseed,554,284,0.512635379
Assam,MARIGAON,2008,Rabi,Masoor,555,380,0.684684685
Assam,MARIGAON,2008,Rabi,Moong(Green Gram),190,35,0.184210526
Assam,MARIGAON,2008,Rabi,Peas & beans (Pulses),670,670,1
Assam,MARIGAON,2008,Rabi,Rapeseed &Mustard,5500,2684,0.488
Assam,MARIGAON,2008,Rabi,Urad,600,325,0.541666667
Assam,MARIGAON,2008,Rabi,Wheat,4146,3906,0.94211288
Assam,MARIGAON,2008,Summer,Rice,32806,84738,2.583003109
Assam,MARIGAON,2008,Whole Year,Arecanut,1296,1480,1.141975309
Assam,MARIGAON,2008,Whole Year,Banana,838,11145,13.29952267
Assam,MARIGAON,2008,Whole Year,Black pepper,81,138,1.703703704
Assam,MARIGAON,2008,Whole Year,Coconut,1428,10239000,7170.168067
Assam,MARIGAON,2008,Whole Year,Dry chillies,413,247,0.598062954
Assam,MARIGAON,2008,Whole Year,Dry ginger,216,1892,8.759259259
Assam,MARIGAON,2008,Whole Year,Onion,300,795,2.65
Assam,MARIGAON,2008,Whole Year,Potato,800,4366,5.4575
Assam,MARIGAON,2008,Whole Year,Sugarcane,600,23696,39.49333333
Assam,MARIGAON,2008,Whole Year,Sweet potato,227,732,3.224669604
Assam,MARIGAON,2008,Whole Year,Tapioca,3,15,5
Assam,MARIGAON,2008,Whole Year,Tobacco,6,1,0.166666667
Assam,MARIGAON,2008,Whole Year,Turmeric,162,275,1.697530864
Assam,MARIGAON,2008,Winter,Rice,37920,51320,1.353375527
Assam,MARIGAON,2009,Autumn,Rice,4526,1720,0.380026513
Assam,MARIGAON,2009,Kharif,Arhar/Tur,70,47,0.671428571
Assam,MARIGAON,2009,Kharif,Castor seed,8,1,0.125
Assam,MARIGAON,2009,Kharif,Cotton(lint),6,3,0.5
Assam,MARIGAON,2009,Kharif,Jute,4100,40499,9.877804878
Assam,MARIGAON,2009,Kharif,Maize,25,10,0.4
Assam,MARIGAON,2009,Kharif,Mesta,113,402,3.557522124
Assam,MARIGAON,2009,Kharif,Niger seed,128,64,0.5
Assam,MARIGAON,2009,Kharif,Sesamum,200,102,0.51
Assam,MARIGAON,2009,Kharif,Small millets,250,110,0.44
Assam,MARIGAON,2009,Rabi,Banana,1250,15625,12.5
Assam,MARIGAON,2009,Rabi,Gram,77,21,0.272727273
Assam,MARIGAON,2009,Rabi,Linseed,428,207,0.48364486
Assam,MARIGAON,2009,Rabi,Masoor,568,389,0.684859155
Assam,MARIGAON,2009,Rabi,Moong(Green Gram),400,76,0.19
Assam,MARIGAON,2009,Rabi,Peas & beans (Pulses),588,588,1
Assam,MARIGAON,2009,Rabi,Rapeseed &Mustard,8335,4393,0.527054589
Assam,MARIGAON,2009,Rabi,Urad,700,437,0.624285714
Assam,MARIGAON,2009,Rabi,Wheat,9200,8952,0.973043478
Assam,MARIGAON,2009,Summer,Rice,42252,106729,2.526010603
Assam,MARIGAON,2009,Whole Year,Arecanut,1331,1347,1.012021037
Assam,MARIGAON,2009,Whole Year,Banana,1250,15625,12.5
Assam,MARIGAON,2009,Whole Year,Black pepper,106,181,1.70754717
Assam,MARIGAON,2009,Whole Year,Coconut,1400,7988000,5705.714286
Assam,MARIGAON,2009,Whole Year,Dry chillies,405,243,0.6
Assam,MARIGAON,2009,Whole Year,Dry ginger,223,1953,8.757847534
Assam,MARIGAON,2009,Whole Year,Onion,296,784,2.648648649
Assam,MARIGAON,2009,Whole Year,Potato,986,6569,6.662271805
Assam,MARIGAON,2009,Whole Year,Sugarcane,620,23566,38.00967742
Assam,MARIGAON,2009,Whole Year,Sweet potato,193,620,3.212435233
Assam,MARIGAON,2009,Whole Year,Tapioca,3,14,4.666666667
Assam,MARIGAON,2009,Whole Year,Tobacco,9,1,0.111111111
Assam,MARIGAON,2009,Whole Year,Turmeric,157,173,1.101910828
Assam,MARIGAON,2009,Winter,Rice,31617,44801,1.416990859
Assam,MARIGAON,2010,Autumn,Rice,4084,2434,0.595984329
Assam,MARIGAON,2010,Kharif,Arhar/Tur,79,59,0.746835443
Assam,MARIGAON,2010,Kharif,Castor seed,12,2,0.166666667
Assam,MARIGAON,2010,Kharif,Cotton(lint),6,3,0.5
Assam,MARIGAON,2010,Kharif,Jute,3656,28029,7.666575492
Assam,MARIGAON,2010,Kharif,Maize,45,18,0.4
Assam,MARIGAON,2010,Kharif,Mesta,97,345,3.556701031
Assam,MARIGAON,2010,Kharif,Niger seed,140,70,0.5
Assam,MARIGAON,2010,Kharif,Sesamum,217,111,0.511520737
Assam,MARIGAON,2010,Kharif,Small millets,463,204,0.440604752
Assam,MARIGAON,2010,Rabi,Arecanut,1331,1347,1.012021037
Assam,MARIGAON,2010,Rabi,Banana,1692,21387,12.64007092
Assam,MARIGAON,2010,Rabi,Gram,75,20,0.266666667
Assam,MARIGAON,2010,Rabi,Linseed,440,215,0.488636364
Assam,MARIGAON,2010,Rabi,Masoor,593,406,0.6846543
Assam,MARIGAON,2010,Rabi,Moong(Green Gram),517,97,0.18762089
Assam,MARIGAON,2010,Rabi,Peas & beans (Pulses),601,60,0.099833611
Assam,MARIGAON,2010,Rabi,Rapeseed &Mustard,5365,2784,0.518918919
Assam,MARIGAON,2010,Rabi,Urad,765,367,0.479738562
Assam,MARIGAON,2010,Rabi,Wheat,5252,4664,0.88804265
Assam,MARIGAON,2010,Summer,Rice,44104,108364,2.457010702
Assam,MARIGAON,2010,Whole Year,Banana,1692,21387,12.64007092
Assam,MARIGAON,2010,Whole Year,Black pepper,107,183,1.710280374
Assam,MARIGAON,2010,Whole Year,Coconut,1400,7988000,5705.714286
Assam,MARIGAON,2010,Whole Year,Dry chillies,408,245,0.600490196
Assam,MARIGAON,2010,Whole Year,Dry ginger,229,2006,8.759825328
Assam,MARIGAON,2010,Whole Year,Onion,308,816,2.649350649
Assam,MARIGAON,2010,Whole Year,Potato,950,4411,4.643157895
Assam,MARIGAON,2010,Whole Year,Sugarcane,571,21260,37.23292469
Assam,MARIGAON,2010,Whole Year,Sweet potato,190,612,3.221052632
Assam,MARIGAON,2010,Whole Year,Tapioca,4,19,4.75
Assam,MARIGAON,2010,Whole Year,Tobacco,11,1,0.090909091
Assam,MARIGAON,2010,Whole Year,Turmeric,180,216,1.2
Assam,MARIGAON,2010,Winter,Rice,41813,80281,1.920000957
Assam,MARIGAON,2011,Autumn,Paddy,3736,2864,0.766595289
Assam,MARIGAON,2011,Autumn,Rice,3736,2864,0.766595289
Assam,MARIGAON,2011,Kharif,Arhar/Tur,103,74,0.718446602
Assam,MARIGAON,2011,Kharif,Castor seed,12,3,0.25
Assam,MARIGAON,2011,Kharif,Jute,4336,31316,7.222324723
Assam,MARIGAON,2011,Kharif,Maize,66,30,0.454545455
Assam,MARIGAON,2011,Kharif,Mesta,214,801,3.742990654
Assam,MARIGAON,2011,Kharif,Niger seed,337,171,0.507418398
Assam,MARIGAON,2011,Kharif,Orange,177,2073,11.71186441
Assam,MARIGAON,2011,Kharif,Papaya,109,1730,15.87155963
Assam,MARIGAON,2011,Kharif,Sesamum,239,144,0.60251046
Assam,MARIGAON,2011,Kharif,Small millets,508,237,0.466535433
Assam,MARIGAON,2011,Kharif,Tapioca,4,28,7
Assam,MARIGAON,2011,Kharif,Tobacco,3,1,0.333333333
Assam,MARIGAON,2011,Rabi,Arecanut,1385,1014,0.732129964
Assam,MARIGAON,2011,Rabi,Black pepper,83,143,1.722891566
Assam,MARIGAON,2011,Rabi,Dry chillies,393,259,0.659033079
Assam,MARIGAON,2011,Rabi,Ginger,271,2403,8.867158672
Assam,MARIGAON,2011,Rabi,Gram,82,34,0.414634146
Assam,MARIGAON,2011,Rabi,Linseed,395,206,0.521518987
Assam,MARIGAON,2011,Rabi,Masoor,660,414,0.627272727
Assam,MARIGAON,2011,Rabi,Moong(Green Gram),547,166,0.303473492
Assam,MARIGAON,2011,Rabi,Peas & beans (Pulses),710,698,0.983098592
Assam,MARIGAON,2011,Rabi,Pineapple,82,1298,15.82926829
Assam,MARIGAON,2011,Rabi,Rapeseed &Mustard,5620,2543,0.452491103
Assam,MARIGAON,2011,Rabi,Sweet potato,205,666,3.248780488
Assam,MARIGAON,2011,Rabi,Urad,814,456,0.56019656
Assam,MARIGAON,2011,Rabi,Wheat,5312,6497,1.223079819
Assam,MARIGAON,2011,Summer,Paddy,43516,122715,2.819997242
Assam,MARIGAON,2011,Summer,Rice,43516,122715,2.819997242
Assam,MARIGAON,2011,Whole Year,Banana,1756,26902,15.32004556
Assam,MARIGAON,2011,Whole Year,Coconut,810,7609,9.39382716
Assam,MARIGAON,2011,Whole Year,Onion,301,644,2.139534884
Assam,MARIGAON,2011,Whole Year,Potato,1240,9621,7.758870968
Assam,MARIGAON,2011,Whole Year,Sugarcane,761,30415,39.96714849
Assam,MARIGAON,2011,Whole Year,Turmeric,267,307,1.149812734
Assam,MARIGAON,2011,Winter,Paddy,42745,80418,1.881342847
Assam,MARIGAON,2011,Winter,Rice,42745,80418,1.881342847
Assam,MARIGAON,2012,Autumn,Paddy,3645,5291,1.451577503
Assam,MARIGAON,2012,Autumn,Rice,3645,5291,1.451577503
Assam,MARIGAON,2012,Kharif,Arhar/Tur,117,98,0.837606838
Assam,MARIGAON,2012,Kharif,Castor seed,12,3,0.25
Assam,MARIGAON,2012,Kharif,Cotton(lint),7,4,0.571428571
Assam,MARIGAON,2012,Kharif,Jute,6345,61861,9.749566588
Assam,MARIGAON,2012,Kharif,Maize,250,113,0.452
Assam,MARIGAON,2012,Kharif,Mesta,150,558,3.72
Assam,MARIGAON,2012,Kharif,Niger seed,192,98,0.510416667
Assam,MARIGAON,2012,Kharif,Orange,187,2217,11.85561497
Assam,MARIGAON,2012,Kharif,Papaya,142,2383,16.78169014
Assam,MARIGAON,2012,Kharif,Sesamum,221,144,0.65158371
Assam,MARIGAON,2012,Kharif,Small millets,506,227,0.448616601
Assam,MARIGAON,2012,Kharif,Tapioca,3,23,7.666666667
Assam,MARIGAON,2012,Kharif,Tobacco,4,1,0.25
Assam,MARIGAON,2012,Rabi,Arecanut,1438,856,0.59527121
Assam,MARIGAON,2012,Rabi,Black pepper,85,157,1.847058824
Assam,MARIGAON,2012,Rabi,Dry chillies,451,304,0.67405765
Assam,MARIGAON,2012,Rabi,Ginger,304,2729,8.976973684
Assam,MARIGAON,2012,Rabi,Gram,81,36,0.444444444
Assam,MARIGAON,2012,Rabi,Linseed,439,231,0.5261959
Assam,MARIGAON,2012,Rabi,Masoor,627,478,0.762360447
Assam,MARIGAON,2012,Rabi,Moong(Green Gram),430,146,0.339534884
Assam,MARIGAON,2012,Rabi,Peas & beans (Pulses),927,957,1.03236246
Assam,MARIGAON,2012,Rabi,Pineapple,83,1360,16.38554217
Assam,MARIGAON,2012,Rabi,Rapeseed &Mustard,7057,3311,0.469179538
Assam,MARIGAON,2012,Rabi,Sweet potato,211,707,3.3507109
Assam,MARIGAON,2012,Rabi,Urad,820,510,0.62195122
Assam,MARIGAON,2012,Rabi,Wheat,3800,4279,1.126052632
Assam,MARIGAON,2012,Summer,Rice,37729,112357,2.978001007
Assam,MARIGAON,2012,Whole Year,Banana,1953,31873,16.32002048
Assam,MARIGAON,2012,Whole Year,Coconut,935,9230,9.871657754
Assam,MARIGAON,2012,Whole Year,Onion,317,764,2.410094637
Assam,MARIGAON,2012,Whole Year,Potato,1421,10037,7.063335679
Assam,MARIGAON,2012,Whole Year,Sugarcane,1243,42840,34.46500402
Assam,MARIGAON,2012,Whole Year,Turmeric,274,319,1.164233577
Assam,MARIGAON,2012,Winter,Paddy,39830,77445,1.944388652
Assam,MARIGAON,2012,Winter,Rice,39830,77445,1.944388652
Assam,MARIGAON,2013,Autumn,Paddy,2500,4133,1.6532
Assam,MARIGAON,2013,Autumn,Rice,2500,4133,1.6532
Assam,MARIGAON,2013,Kharif,Arhar/Tur,127,109,0.858267717
Assam,MARIGAON,2013,Kharif,Castor seed,10,3,0.3
Assam,MARIGAON,2013,Kharif,Cotton(lint),4,1,0.25
Assam,MARIGAON,2013,Kharif,Jute,5177,49210,9.505505119
Assam,MARIGAON,2013,Kharif,Maize,186,803,4.317204301
Assam,MARIGAON,2013,Kharif,Mesta,100,374,3.74
Assam,MARIGAON,2013,Kharif,Niger seed,195,102,0.523076923
Assam,MARIGAON,2013,Kharif,Orange,281,3331,11.85409253
Assam,MARIGAON,2013,Kharif,Papaya,130,2181,16.77692308
Assam,MARIGAON,2013,Kharif,Sesamum,240,163,0.679166667
Assam,MARIGAON,2013,Kharif,Small millets,428,191,0.446261682
Assam,MARIGAON,2013,Kharif,Tapioca,2,16,8
Assam,MARIGAON,2013,Kharif,Tobacco,2,1,0.5
Assam,MARIGAON,2013,Rabi,Arecanut,1451,1073,0.739490007
Assam,MARIGAON,2013,Rabi,Black pepper,90,166,1.844444444
Assam,MARIGAON,2013,Rabi,Dry chillies,466,315,0.675965665
Assam,MARIGAON,2013,Rabi,Ginger,197,1769,8.979695431
Assam,MARIGAON,2013,Rabi,Gram,34,16,0.470588235
Assam,MARIGAON,2013,Rabi,Linseed,210,115,0.547619048
Assam,MARIGAON,2013,Rabi,Masoor,680,543,0.798529412
Assam,MARIGAON,2013,Rabi,Moong(Green Gram),494,171,0.346153846
Assam,MARIGAON,2013,Rabi,Peas & beans (Pulses),842,825,0.979809976
Assam,MARIGAON,2013,Rabi,Pineapple,50,819,16.38
Assam,MARIGAON,2013,Rabi,Rapeseed &Mustard,7500,3773,0.503066667
Assam,MARIGAON,2013,Rabi,Sweet potato,183,613,3.349726776
Assam,MARIGAON,2013,Rabi,Urad,850,521,0.612941176
Assam,MARIGAON,2013,Rabi,Wheat,3500,4393,1.255142857
Assam,MARIGAON,2013,Summer,Paddy,41120,134956,3.282003891
Assam,MARIGAON,2013,Summer,Rice,41120,134956,3.282003891
Assam,MARIGAON,2013,Whole Year,Banana,2010,39860,19.83084577
Assam,MARIGAON,2013,Whole Year,Coconut,750,5130,6.84
Assam,MARIGAON,2013,Whole Year,Onion,345,831,2.408695652
Assam,MARIGAON,2013,Whole Year,Potato,1355,7041,5.196309963
Assam,MARIGAON,2013,Whole Year,Sugarcane,950,31631,33.29578947
Assam,MARIGAON,2013,Whole Year,Turmeric,302,352,1.165562914
Assam,MARIGAON,2013,Winter,Paddy,46495,109410,2.353156253
Assam,MARIGAON,2013,Winter,Rice,46495,109410,2.353156253
Assam,MARIGAON,2014,Autumn,Paddy,3272,7554,2.308679707
Assam,MARIGAON,2014,Autumn,Rice,3272,7554,2.308679707
Assam,MARIGAON,2014,Kharif,Arhar/Tur,111,106,0.954954955
Assam,MARIGAON,2014,Kharif,Castor seed,6,2,0.333333333
Assam,MARIGAON,2014,Kharif,Cotton(lint),4,2,0.5
Assam,MARIGAON,2014,Kharif,Jute,6805,59733,8.777810434
Assam,MARIGAON,2014,Kharif,Maize,200,330,1.65
Assam,MARIGAON,2014,Kharif,Mesta,178,684,3.842696629
Assam,MARIGAON,2014,Kharif,Niger seed,174,91,0.522988506
Assam,MARIGAON,2014,Kharif,Orange,175,2076,11.86285714
Assam,MARIGAON,2014,Kharif,Papaya,132,2215,16.78030303
Assam,MARIGAON,2014,Kharif,Sesamum,249,174,0.698795181
Assam,MARIGAON,2014,Kharif,Small millets,167,94,0.562874251
Assam,MARIGAON,2014,Kharif,Tapioca,27,210,7.777777778
Assam,MARIGAON,2014,Kharif,Tobacco,2,1,0.5
Assam,MARIGAON,2014,Rabi,Black pepper,66,123,1.863636364
Assam,MARIGAON,2014,Rabi,Dry chillies,441,337,0.764172336
Assam,MARIGAON,2014,Rabi,Ginger,320,2875,8.984375
Assam,MARIGAON,2014,Rabi,Gram,37,21,0.567567568
Assam,MARIGAON,2014,Rabi,Linseed,206,130,0.631067961
Assam,MARIGAON,2014,Rabi,Masoor,597,602,1.008375209
Assam,MARIGAON,2014,Rabi,Moong(Green Gram),514,193,0.375486381
Assam,MARIGAON,2014,Rabi,Peas & beans (Pulses),761,1068,1.403416557
Assam,MARIGAON,2014,Rabi,Pineapple,52,852,16.38461538
Assam,MARIGAON,2014,Rabi,Rapeseed &Mustard,8250,4447,0.539030303
Assam,MARIGAON,2014,Rabi,Sweet potato,179,604,3.374301676
Assam,MARIGAON,2014,Rabi,Urad,670,423,0.631343284
Assam,MARIGAON,2014,Rabi,Wheat,2050,2440,1.190243902
Assam,MARIGAON,2014,Summer,Paddy,42535,132411,3.112989303
Assam,MARIGAON,2014,Summer,Rice,42535,132411,3.112989303
Assam,MARIGAON,2014,Whole Year,Banana,1957,38809,19.83086357
Assam,MARIGAON,2014,Whole Year,Onion,325,787,2.421538462
Assam,MARIGAON,2014,Whole Year,Potato,2856,14414,5.046918768
Assam,MARIGAON,2014,Whole Year,Sugarcane,789,31468,39.8833967
Assam,MARIGAON,2014,Whole Year,Turmeric,285,333,1.168421053
Assam,MARIGAON,2014,Winter,Paddy,44115,74261,1.683350334
Assam,MARIGAON,2014,Winter,Rice,44115,74261,1.683350334
Assam,NAGAON,1997,Autumn,Rice,57555,54868,0.953314221
Assam,NAGAON,1997,Kharif,Arhar/Tur,1646,1110,0.67436209
Assam,NAGAON,1997,Kharif,Cotton(lint),78,31,0.397435897
Assam,NAGAON,1997,Kharif,Jute,15530,206793,13.31571153
Assam,NAGAON,1997,Kharif,Maize,481,321,0.667359667
Assam,NAGAON,1997,Kharif,Mesta,226,779,3.446902655
Assam,NAGAON,1997,Kharif,Small millets,120,44,0.366666667
Assam,NAGAON,1997,Kharif,Sugarcane,10043,397881,39.6177437
Assam,NAGAON,1997,Rabi,Gram,122,53,0.43442623
Assam,NAGAON,1997,Rabi,Linseed,530,235,0.443396226
Assam,NAGAON,1997,Rabi,Other  Rabi pulses,10679,4702,0.440303399
Assam,NAGAON,1997,Rabi,Rapeseed &Mustard,22838,14837,0.649662843
Assam,NAGAON,1997,Rabi,Wheat,5764,5661,0.982130465
Assam,NAGAON,1997,Summer,Rice,28013,43668,1.558847678
Assam,NAGAON,1997,Whole Year,Arecanut,5979,4768,0.797457769
Assam,NAGAON,1997,Whole Year,Coconut,4953,42061,8.492025035
Assam,NAGAON,1997,Whole Year,Dry chillies,938,571,0.608742004
Assam,NAGAON,1997,Whole Year,Niger seed,334,171,0.511976048
Assam,NAGAON,1997,Whole Year,Onion,1032,2168,2.100775194
Assam,NAGAON,1997,Whole Year,Potato,5943,70299,11.82887431
Assam,NAGAON,1997,Whole Year,Sesamum,906,394,0.434878587
Assam,NAGAON,1997,Whole Year,Sweet potato,470,1500,3.191489362
Assam,NAGAON,1997,Whole Year,Tapioca,18,62,3.444444444
Assam,NAGAON,1997,Whole Year,Turmeric,1251,803,0.641886491
Assam,NAGAON,1997,Winter,Rice,142724,136887,0.959102884
Assam,NAGAON,1998,Autumn,Rice,55191,72760,1.318330887
Assam,NAGAON,1998,Kharif,Arhar/Tur,2394,1614,0.674185464
Assam,NAGAON,1998,Kharif,Castor seed,42,17,0.404761905
Assam,NAGAON,1998,Kharif,Cotton(lint),60,25,0.416666667
Assam,NAGAON,1998,Kharif,Jute,11274,115891,10.27949264
Assam,NAGAON,1998,Kharif,Maize,475,316,0.665263158
Assam,NAGAON,1998,Kharif,Mesta,179,618,3.452513966
Assam,NAGAON,1998,Kharif,Niger seed,360,184,0.511111111
Assam,NAGAON,1998,Kharif,Sesamum,964,419,0.434647303
Assam,NAGAON,1998,Kharif,Small millets,133,55,0.413533835
Assam,NAGAON,1998,Rabi,Gram,98,42,0.428571429
Assam,NAGAON,1998,Rabi,Linseed,634,281,0.443217666
Assam,NAGAON,1998,Rabi,Other  Rabi pulses,12614,5588,0.442999841
Assam,NAGAON,1998,Rabi,Rapeseed &Mustard,26229,13525,0.515650616
Assam,NAGAON,1998,Rabi,Wheat,6189,4730,0.764259169
Assam,NAGAON,1998,Summer,Rice,41679,100330,2.407207467
Assam,NAGAON,1998,Whole Year,Arecanut,5934,3767,0.634816313
Assam,NAGAON,1998,Whole Year,Banana,3755,56002,14.91398136
Assam,NAGAON,1998,Whole Year,Coconut,5023,49772000,9908.819431
Assam,NAGAON,1998,Whole Year,Dry chillies,1228,765,0.622964169
Assam,NAGAON,1998,Whole Year,Onion,1134,2381,2.099647266
Assam,NAGAON,1998,Whole Year,Potato,6123,65322,10.66829985
Assam,NAGAON,1998,Whole Year,Sugarcane,9779,350024,35.79343491
Assam,NAGAON,1998,Whole Year,Sweet potato,494,1580,3.198380567
Assam,NAGAON,1998,Whole Year,Tapioca,19,69,3.631578947
Assam,NAGAON,1998,Whole Year,Tobacco,49,23,0.469387755
Assam,NAGAON,1998,Whole Year,Turmeric,1296,833,0.642746914
Assam,NAGAON,1998,Winter,Rice,144667,211380,1.461148707
Assam,NAGAON,1999,Autumn,Rice,42006,51215,1.219230586
Assam,NAGAON,1999,Kharif,Arhar/Tur,1819,1226,0.673996701
Assam,NAGAON,1999,Kharif,Castor seed,40,16,0.4
Assam,NAGAON,1999,Kharif,Cotton(lint),59,24,0.406779661
Assam,NAGAON,1999,Kharif,Jute,9079,104176,11.47439145
Assam,NAGAON,1999,Kharif,Maize,500,332,0.664
Assam,NAGAON,1999,Kharif,Mesta,139,481,3.460431655
Assam,NAGAON,1999,Kharif,Niger seed,302,154,0.509933775
Assam,NAGAON,1999,Kharif,Sesamum,998,435,0.435871743
Assam,NAGAON,1999,Kharif,Small millets,122,49,0.401639344
Assam,NAGAON,1999,Rabi,Gram,100,42,0.42
Assam,NAGAON,1999,Rabi,Linseed,642,286,0.445482866
Assam,NAGAON,1999,Rabi,Other  Rabi pulses,11345,4165,0.36712208
Assam,NAGAON,1999,Rabi,Rapeseed &Mustard,26406,12278,0.464970083
Assam,NAGAON,1999,Rabi,Wheat,6199,6993,1.128085175
Assam,NAGAON,1999,Summer,Rice,52650,127398,2.4197151
Assam,NAGAON,1999,Whole Year,Arecanut,6273,5916,0.943089431
Assam,NAGAON,1999,Whole Year,Banana,4370,65268,14.93546911
Assam,NAGAON,1999,Whole Year,Coconut,5035,60719000,12059.38431
Assam,NAGAON,1999,Whole Year,Dry chillies,1213,758,0.62489695
Assam,NAGAON,1999,Whole Year,Onion,1016,2134,2.100393701
Assam,NAGAON,1999,Whole Year,Potato,6209,57272,9.224029634
Assam,NAGAON,1999,Whole Year,Sugarcane,9979,353543,35.42870027
Assam,NAGAON,1999,Whole Year,Sweet potato,504,1612,3.198412698
Assam,NAGAON,1999,Whole Year,Tapioca,21,74,3.523809524
Assam,NAGAON,1999,Whole Year,Tobacco,50,24,0.48
Assam,NAGAON,1999,Whole Year,Turmeric,1301,836,0.642582629
Assam,NAGAON,1999,Winter,Rice,152987,278662,1.821475027
Assam,NAGAON,2000,Autumn,Rice,48434,67115,1.385700128
Assam,NAGAON,2000,Kharif,Arhar/Tur,1591,1073,0.674418605
Assam,NAGAON,2000,Kharif,Castor seed,39,16,0.41025641
Assam,NAGAON,2000,Kharif,Cotton(lint),50,20,0.4
Assam,NAGAON,2000,Kharif,Jute,10316,118047,11.4430981
Assam,NAGAON,2000,Kharif,Maize,520,343,0.659615385
Assam,NAGAON,2000,Kharif,Mesta,142,491,3.457746479
Assam,NAGAON,2000,Kharif,Niger seed,297,152,0.511784512
Assam,NAGAON,2000,Kharif,Sesamum,1041,453,0.435158501
Assam,NAGAON,2000,Kharif,Small millets,118,45,0.381355932
Assam,NAGAON,2000,Rabi,Gram,110,47,0.427272727
Assam,NAGAON,2000,Rabi,Linseed,695,313,0.450359712
Assam,NAGAON,2000,Rabi,Other  Rabi pulses,9910,3795,0.382946519
Assam,NAGAON,2000,Rabi,Rapeseed &Mustard,26327,13951,0.529912257
Assam,NAGAON,2000,Rabi,Wheat,5343,4567,0.854763242
Assam,NAGAON,2000,Summer,Rice,57976,145532,2.510211122
Assam,NAGAON,2000,Whole Year,Arecanut,6288,6305,1.002703562
Assam,NAGAON,2000,Whole Year,Banana,4502,67236,14.93469569
Assam,NAGAON,2000,Whole Year,Coconut,5036,39771000,7897.339158
Assam,NAGAON,2000,Whole Year,Dry chillies,1289,805,0.624515128
Assam,NAGAON,2000,Whole Year,Onion,1055,2216,2.100473934
Assam,NAGAON,2000,Whole Year,Potato,6630,69718,10.51553544
Assam,NAGAON,2000,Whole Year,Sugarcane,9097,317766,34.93085633
Assam,NAGAON,2000,Whole Year,Sweet potato,503,1609,3.198807157
Assam,NAGAON,2000,Whole Year,Tapioca,20,71,3.55
Assam,NAGAON,2000,Whole Year,Tobacco,47,22,0.468085106
Assam,NAGAON,2000,Whole Year,Turmeric,1357,871,0.641857038
Assam,NAGAON,2000,Winter,Rice,141632,232291,1.640102519
Assam,NAGAON,2001,Autumn,Rice,45551,53449,1.173388071
Assam,NAGAON,2001,Kharif,Arhar/Tur,1542,1039,0.673800259
Assam,NAGAON,2001,Kharif,Castor seed,37,15,0.405405405
Assam,NAGAON,2001,Kharif,Cotton(lint),48,19,0.395833333
Assam,NAGAON,2001,Kharif,Jute,10666,148168,13.89161823
Assam,NAGAON,2001,Kharif,Maize,559,367,0.656529517
Assam,NAGAON,2001,Kharif,Mesta,158,546,3.455696203
Assam,NAGAON,2001,Kharif,Niger seed,294,150,0.510204082
Assam,NAGAON,2001,Kharif,Sesamum,1038,451,0.434489403
Assam,NAGAON,2001,Kharif,Small millets,114,45,0.394736842
Assam,NAGAON,2001,Rabi,Gram,106,46,0.433962264
Assam,NAGAON,2001,Rabi,Linseed,685,306,0.446715328
Assam,NAGAON,2001,Rabi,Masoor,1434,513,0.357740586
Assam,NAGAON,2001,Rabi,Moong(Green Gram),994,401,0.403420523
Assam,NAGAON,2001,Rabi,Other  Rabi pulses,10043,4556,0.453649308
Assam,NAGAON,2001,Rabi,Peas & beans (Pulses),4164,1352,0.3246878
Assam,NAGAON,2001,Rabi,Rapeseed &Mustard,28758,13287,0.462027957
Assam,NAGAON,2001,Rabi,Urad,2828,2070,0.731966054
Assam,NAGAON,2001,Rabi,Wheat,5699,5955,1.044920161
Assam,NAGAON,2001,Summer,Rice,57920,135561,2.340486878
Assam,NAGAON,2001,Whole Year,Arecanut,6309,8944,1.417657315
Assam,NAGAON,2001,Whole Year,Banana,4504,67266,14.93472469
Assam,NAGAON,2001,Whole Year,Coconut,5036,41786000,8297.4583
Assam,NAGAON,2001,Whole Year,Dry chillies,1266,792,0.625592417
Assam,NAGAON,2001,Whole Year,Onion,1042,2189,2.100767754
Assam,NAGAON,2001,Whole Year,Potato,6074,58879,9.693612117
Assam,NAGAON,2001,Whole Year,Sugarcane,9142,313633,34.30682564
Assam,NAGAON,2001,Whole Year,Sweet potato,501,1603,3.199600798
Assam,NAGAON,2001,Whole Year,Tapioca,20,78,3.9
Assam,NAGAON,2001,Whole Year,Tobacco,48,23,0.479166667
Assam,NAGAON,2001,Whole Year,Turmeric,1367,879,0.643013899
Assam,NAGAON,2001,Winter,Rice,128485,224962,1.750881426
Assam,NAGAON,2002,Autumn,Rice,40558,43600,1.075003698
Assam,NAGAON,2002,Kharif,Arhar/Tur,1530,1031,0.673856209
Assam,NAGAON,2002,Kharif,Castor seed,37,15,0.405405405
Assam,NAGAON,2002,Kharif,Cotton(lint),45,18,0.4
Assam,NAGAON,2002,Kharif,Jute,11329,137782,12.16188543
Assam,NAGAON,2002,Kharif,Maize,532,348,0.654135338
Assam,NAGAON,2002,Kharif,Mesta,158,547,3.462025316
Assam,NAGAON,2002,Kharif,Niger seed,295,150,0.508474576
Assam,NAGAON,2002,Kharif,Sesamum,845,370,0.437869822
Assam,NAGAON,2002,Kharif,Small millets,112,44,0.392857143
Assam,NAGAON,2002,Rabi,Gram,107,45,0.420560748
Assam,NAGAON,2002,Rabi,Linseed,654,293,0.448012232
Assam,NAGAON,2002,Rabi,Masoor,1709,607,0.355178467
Assam,NAGAON,2002,Rabi,Moong(Green Gram),927,375,0.404530744
Assam,NAGAON,2002,Rabi,Other  Rabi pulses,9845,3823,0.388318944
Assam,NAGAON,2002,Rabi,Peas & beans (Pulses),4164,1352,0.3246878
Assam,NAGAON,2002,Rabi,Rapeseed &Mustard,28808,13774,0.478131075
Assam,NAGAON,2002,Rabi,Urad,2269,1217,0.53635963
Assam,NAGAON,2002,Rabi,Wheat,5536,5120,0.924855491
Assam,NAGAON,2002,Summer,Rice,59833,131010,2.189594371
Assam,NAGAON,2002,Whole Year,Arecanut,6350,4947,0.779055118
Assam,NAGAON,2002,Whole Year,Banana,4552,67988,14.93585237
Assam,NAGAON,2002,Whole Year,Coconut,5062,52993000,10468.78704
Assam,NAGAON,2002,Whole Year,Dry chillies,1282,802,0.625585023
Assam,NAGAON,2002,Whole Year,Onion,1062,2231,2.100753296
Assam,NAGAON,2002,Whole Year,Orange,166,1644,9.903614458
Assam,NAGAON,2002,Whole Year,Papaya,1835,23022,12.54604905
Assam,NAGAON,2002,Whole Year,Pineapple,1801,25228,14.00777346
Assam,NAGAON,2002,Whole Year,Potato,5845,65311,11.17382378
Assam,NAGAON,2002,Whole Year,Sugarcane,8596,286102,33.28315496
Assam,NAGAON,2002,Whole Year,Sweet potato,466,1487,3.190987124
Assam,NAGAON,2002,Whole Year,Tapioca,20,73,3.65
Assam,NAGAON,2002,Whole Year,Tobacco,46,22,0.47826087
Assam,NAGAON,2002,Whole Year,Turmeric,1381,887,0.642288197
Assam,NAGAON,2002,Winter,Rice,150888,255670,1.694435608
Assam,NAGAON,2003,Autumn,Rice,42149,46490,1.102991767
Assam,NAGAON,2003,Kharif,Arhar/Tur,1527,1029,0.673870334
Assam,NAGAON,2003,Kharif,Castor seed,36,14,0.388888889
Assam,NAGAON,2003,Kharif,Cotton(lint),42,17,0.404761905
Assam,NAGAON,2003,Kharif,Jute,9682,140453,14.5066102
Assam,NAGAON,2003,Kharif,Maize,604,385,0.637417219
Assam,NAGAON,2003,Kharif,Mesta,134,463,3.455223881
Assam,NAGAON,2003,Kharif,Niger seed,264,134,0.507575758
Assam,NAGAON,2003,Kharif,Sesamum,1000,435,0.435
Assam,NAGAON,2003,Kharif,Small millets,117,46,0.393162393
Assam,NAGAON,2003,Rabi,Gram,113,49,0.433628319
Assam,NAGAON,2003,Rabi,Linseed,466,209,0.448497854
Assam,NAGAON,2003,Rabi,Masoor,1204,431,0.357973422
Assam,NAGAON,2003,Rabi,Moong(Green Gram),859,347,0.403958091
Assam,NAGAON,2003,Rabi,other misc. pulses,495,175,0.353535354
Assam,NAGAON,2003,Rabi,Peas & beans (Pulses),3644,1182,0.324368825
Assam,NAGAON,2003,Rabi,Rapeseed &Mustard,27873,14263,0.511713845
Assam,NAGAON,2003,Rabi,Urad,1890,902,0.477248677
Assam,NAGAON,2003,Rabi,Wheat,5732,4582,0.799371947
Assam,NAGAON,2003,Summer,Rice,57686,131458,2.278854488
Assam,NAGAON,2003,Whole Year,Arecanut,6137,7606,1.239367769
Assam,NAGAON,2003,Whole Year,Banana,4618,68957,14.93222174
Assam,NAGAON,2003,Whole Year,Coconut,5050,43216000,8557.623762
Assam,NAGAON,2003,Whole Year,Dry chillies,1238,776,0.626817447
Assam,NAGAON,2003,Whole Year,Onion,1047,2199,2.100286533
Assam,NAGAON,2003,Whole Year,Orange,166,1646,9.915662651
Assam,NAGAON,2003,Whole Year,Papaya,1852,23235,12.54589633
Assam,NAGAON,2003,Whole Year,Pineapple,1807,27887,15.43276148
Assam,NAGAON,2003,Whole Year,Potato,5663,42018,7.419742186
Assam,NAGAON,2003,Whole Year,Sugarcane,8044,290766,36.14694182
Assam,NAGAON,2003,Whole Year,Sweet potato,431,1377,3.194895592
Assam,NAGAON,2003,Whole Year,Tapioca,20,74,3.7
Assam,NAGAON,2003,Whole Year,Tobacco,43,21,0.488372093
Assam,NAGAON,2003,Whole Year,Turmeric,1377,884,0.641975309
Assam,NAGAON,2003,Winter,Rice,152890,275309,1.80069985
Assam,NAGAON,2004,Autumn,Rice,34348,35752,1.040875742
Assam,NAGAON,2004,Kharif,Arhar/Tur,1345,906,0.673605948
Assam,NAGAON,2004,Kharif,Castor seed,34,13,0.382352941
Assam,NAGAON,2004,Kharif,Cotton(lint),14,6,0.428571429
Assam,NAGAON,2004,Kharif,Jute,8548,106883,12.50386055
Assam,NAGAON,2004,Kharif,Mesta,91,315,3.461538462
Assam,NAGAON,2004,Kharif,Niger seed,191,97,0.507853403
Assam,NAGAON,2004,Kharif,Sesamum,969,421,0.434468524
Assam,NAGAON,2004,Kharif,Small millets,118,46,0.389830508
Assam,NAGAON,2004,Rabi,Gram,111,48,0.432432432
Assam,NAGAON,2004,Rabi,Linseed,460,206,0.447826087
Assam,NAGAON,2004,Rabi,Masoor,1433,513,0.35799023
Assam,NAGAON,2004,Rabi,Moong(Green Gram),850,343,0.403529412
Assam,NAGAON,2004,Rabi,Other  Rabi pulses,10018,3844,0.383709323
Assam,NAGAON,2004,Rabi,Peas & beans (Pulses),3720,1207,0.324462366
Assam,NAGAON,2004,Rabi,Rapeseed &Mustard,27057,12349,0.456406845
Assam,NAGAON,2004,Rabi,Urad,3508,1601,0.456385405
Assam,NAGAON,2004,Rabi,Wheat,5760,4900,0.850694444
Assam,NAGAON,2004,Summer,Rice,58736,134682,2.293005993
Assam,NAGAON,2004,Whole Year,Coconut,3224,39277000,12182.69231
Assam,NAGAON,2004,Whole Year,Dry chillies,1281,802,0.62607338
Assam,NAGAON,2004,Whole Year,Onion,1018,2139,2.101178782
Assam,NAGAON,2004,Whole Year,Potato,5426,54698,10.08072245
Assam,NAGAON,2004,Whole Year,Sugarcane,6871,226775,33.00465726
Assam,NAGAON,2004,Whole Year,Sweet potato,449,1432,3.189309577
Assam,NAGAON,2004,Whole Year,Tobacco,34,16,0.470588235
Assam,NAGAON,2004,Whole Year,Turmeric,1362,874,0.641703377
Assam,NAGAON,2004,Winter,Rice,135354,229848,1.698124917
Assam,NAGAON,2005,Autumn,Rice,26300,24868,0.945551331
Assam,NAGAON,2005,Kharif,Arhar/Tur,1249,842,0.674139311
Assam,NAGAON,2005,Kharif,Castor seed,29,11,0.379310345
Assam,NAGAON,2005,Kharif,Cotton(lint),12,5,0.416666667
Assam,NAGAON,2005,Kharif,Jute,7744,98315,12.69563533
Assam,NAGAON,2005,Kharif,Maize,485,322,0.663917526
Assam,NAGAON,2005,Kharif,Mesta,70,241,3.442857143
Assam,NAGAON,2005,Kharif,Niger seed,288,147,0.510416667
Assam,NAGAON,2005,Kharif,Sesamum,1182,518,0.438240271
Assam,NAGAON,2005,Kharif,Small millets,113,43,0.380530973
Assam,NAGAON,2005,Rabi,Gram,110,48,0.436363636
Assam,NAGAON,2005,Rabi,Linseed,525,236,0.44952381
Assam,NAGAON,2005,Rabi,Masoor,1417,509,0.359209598
Assam,NAGAON,2005,Rabi,Moong(Green Gram),757,307,0.405548217
Assam,NAGAON,2005,Rabi,Other  Rabi pulses,6729,2618,0.389062268
Assam,NAGAON,2005,Rabi,Peas & beans (Pulses),1698,550,0.323910483
Assam,NAGAON,2005,Rabi,Rapeseed &Mustard,16172,8722,0.539327232
Assam,NAGAON,2005,Rabi,Urad,1713,934,0.545242265
Assam,NAGAON,2005,Rabi,Wheat,3627,3940,1.086297215
Assam,NAGAON,2005,Summer,Rice,51349,108538,2.113731523
Assam,NAGAON,2005,Whole Year,Arecanut,5026,6622,1.317548747
Assam,NAGAON,2005,Whole Year,Banana,2790,41365,14.82616487
Assam,NAGAON,2005,Whole Year,Dry chillies,1307,822,0.628921194
Assam,NAGAON,2005,Whole Year,Onion,842,1769,2.100950119
Assam,NAGAON,2005,Whole Year,Potato,4090,31466,7.693398533
Assam,NAGAON,2005,Whole Year,Sugarcane,6130,205987,33.60309951
Assam,NAGAON,2005,Whole Year,Sweet potato,327,1028,3.143730887
Assam,NAGAON,2005,Whole Year,Tapioca,21,78,3.714285714
Assam,NAGAON,2005,Whole Year,Tobacco,24,10,0.416666667
Assam,NAGAON,2005,Whole Year,Turmeric,1302,834,0.640552995
Assam,NAGAON,2005,Winter,Rice,136033,205340,1.509486669
Assam,NAGAON,2006,Autumn,Rice,24677,30536,1.237427564
Assam,NAGAON,2006,Kharif,Arhar/Tur,1250,843,0.6744
Assam,NAGAON,2006,Kharif,Castor seed,36,15,0.416666667
Assam,NAGAON,2006,Kharif,Cotton(lint),13,5,0.384615385
Assam,NAGAON,2006,Kharif,Jute,8465,103023,12.17046663
Assam,NAGAON,2006,Kharif,Maize,410,275,0.670731707
Assam,NAGAON,2006,Kharif,Mesta,70,242,3.457142857
Assam,NAGAON,2006,Kharif,Niger seed,399,203,0.50877193
Assam,NAGAON,2006,Kharif,Sesamum,1258,553,0.439586645
Assam,NAGAON,2006,Kharif,Small millets,79,30,0.379746835
Assam,NAGAON,2006,Rabi,Gram,118,52,0.440677966
Assam,NAGAON,2006,Rabi,Linseed,489,219,0.447852761
Assam,NAGAON,2006,Rabi,Masoor,1900,680,0.357894737
Assam,NAGAON,2006,Rabi,Moong(Green Gram),873,351,0.402061856
Assam,NAGAON,2006,Rabi,Other  Rabi pulses,1209,426,0.35235732
Assam,NAGAON,2006,Rabi,Peas & beans (Pulses),2219,719,0.324019829
Assam,NAGAON,2006,Rabi,Rapeseed &Mustard,18315,9980,0.544908545
Assam,NAGAON,2006,Rabi,Urad,2184,1200,0.549450549
Assam,NAGAON,2006,Rabi,Wheat,4205,4476,1.064447087
Assam,NAGAON,2006,Summer,Rice,50412,109513,2.172359756
Assam,NAGAON,2006,Whole Year,Arecanut,5413,5061,0.934971365
Assam,NAGAON,2006,Whole Year,Banana,2874,42625,14.83124565
Assam,NAGAON,2006,Whole Year,Coconut,3195,35328000,11057.277
Assam,NAGAON,2006,Whole Year,Dry chillies,1328,835,0.62876506
Assam,NAGAON,2006,Whole Year,Onion,848,1781,2.100235849
Assam,NAGAON,2006,Whole Year,Potato,4920,29735,6.043699187
Assam,NAGAON,2006,Whole Year,Sugarcane,6121,214489,35.04149649
Assam,NAGAON,2006,Whole Year,Sweet potato,305,963,3.157377049
Assam,NAGAON,2006,Whole Year,Tapioca,20,76,3.8
Assam,NAGAON,2006,Whole Year,Tobacco,18,8,0.444444444
Assam,NAGAON,2006,Whole Year,Turmeric,1354,867,0.640324963
Assam,NAGAON,2006,Winter,Rice,94209,131624,1.397148892
Assam,NAGAON,2007,Autumn,Rice,19065,25429,1.333805403
Assam,NAGAON,2007,Kharif,Arhar/Tur,1214,831,0.684514003
Assam,NAGAON,2007,Kharif,Castor seed,38,16,0.421052632
Assam,NAGAON,2007,Kharif,Cotton(lint),16,6,0.375
Assam,NAGAON,2007,Kharif,Jute,9548,138175,14.47161709
Assam,NAGAON,2007,Kharif,Maize,398,269,0.675879397
Assam,NAGAON,2007,Kharif,Mesta,84,290,3.452380952
Assam,NAGAON,2007,Kharif,Niger seed,358,183,0.511173184
Assam,NAGAON,2007,Kharif,Sesamum,1077,473,0.439182916
Assam,NAGAON,2007,Kharif,Small millets,220,92,0.418181818
Assam,NAGAON,2007,Rabi,Gram,104,45,0.432692308
Assam,NAGAON,2007,Rabi,Linseed,501,225,0.449101796
Assam,NAGAON,2007,Rabi,Masoor,1682,603,0.358501784
Assam,NAGAON,2007,Rabi,Moong(Green Gram),1016,412,0.405511811
Assam,NAGAON,2007,Rabi,Other  Rabi pulses,958,340,0.354906054
Assam,NAGAON,2007,Rabi,Peas & beans (Pulses),1448,468,0.32320442
Assam,NAGAON,2007,Rabi,Rapeseed &Mustard,16167,9412,0.582173563
Assam,NAGAON,2007,Rabi,Urad,1898,956,0.503688093
Assam,NAGAON,2007,Rabi,Wheat,3100,2868,0.92516129
Assam,NAGAON,2007,Summer,Rice,42793,104808,2.449185614
Assam,NAGAON,2007,Whole Year,Arecanut,5463,5398,0.988101776
Assam,NAGAON,2007,Whole Year,Banana,3148,46755,14.85228717
Assam,NAGAON,2007,Whole Year,Black pepper,141,201,1.425531915
Assam,NAGAON,2007,Whole Year,Coconut,3222,27760000,8615.766605
Assam,NAGAON,2007,Whole Year,Dry chillies,1311,823,0.627765065
Assam,NAGAON,2007,Whole Year,Dry ginger,678,6536,9.640117994
Assam,NAGAON,2007,Whole Year,Onion,812,1705,2.099753695
Assam,NAGAON,2007,Whole Year,Potato,5147,29911,5.811346415
Assam,NAGAON,2007,Whole Year,Sugarcane,6296,221502,35.18138501
Assam,NAGAON,2007,Whole Year,Sweet potato,458,1460,3.187772926
Assam,NAGAON,2007,Whole Year,Tapioca,22,87,3.954545455
Assam,NAGAON,2007,Whole Year,Tobacco,21,9,0.428571429
Assam,NAGAON,2007,Whole Year,Turmeric,1902,1224,0.643533123
Assam,NAGAON,2007,Winter,Rice,130754,186523,1.4265185
Assam,NAGAON,2008,Autumn,Rice,18656,27553,1.476897513
Assam,NAGAON,2008,Kharif,Arhar/Tur,449,303,0.674832962
Assam,NAGAON,2008,Kharif,Castor seed,51,20,0.392156863
Assam,NAGAON,2008,Kharif,Cotton(lint),29,11,0.379310345
Assam,NAGAON,2008,Kharif,Jute,9506,138944,14.61645277
Assam,NAGAON,2008,Kharif,Maize,88,50,0.568181818
Assam,NAGAON,2008,Kharif,Mesta,90,311,3.455555556
Assam,NAGAON,2008,Kharif,Niger seed,397,212,0.534005038
Assam,NAGAON,2008,Kharif,Sesamum,1083,525,0.484764543
Assam,NAGAON,2008,Kharif,Small millets,225,94,0.417777778
Assam,NAGAON,2008,Rabi,Blackgram,1939,1274,0.657039711
Assam,NAGAON,2008,Rabi,Gram,68,30,0.441176471
Assam,NAGAON,2008,Rabi,Linseed,481,215,0.446985447
Assam,NAGAON,2008,Rabi,Masoor,1160,416,0.35862069
Assam,NAGAON,2008,Rabi,Moong(Green Gram),750,303,0.404
Assam,NAGAON,2008,Rabi,Peas & beans (Pulses),1485,481,0.323905724
Assam,NAGAON,2008,Rabi,Rapeseed &Mustard,12910,6747,0.522618125
Assam,NAGAON,2008,Rabi,Urad,1939,1274,0.657039711
Assam,NAGAON,2008,Rabi,Wheat,3565,3291,0.923141655
Assam,NAGAON,2008,Summer,Rice,40344,84363,2.091091612
Assam,NAGAON,2008,Whole Year,Arecanut,5544,7708,1.39033189
Assam,NAGAON,2008,Whole Year,Banana,3098,42605,13.75242092
Assam,NAGAON,2008,Whole Year,Black pepper,268,383,1.429104478
Assam,NAGAON,2008,Whole Year,Coconut,3223,34655000,10752.40459
Assam,NAGAON,2008,Whole Year,Dry chillies,1213,757,0.624072547
Assam,NAGAON,2008,Whole Year,Dry ginger,264,2546,9.643939394
Assam,NAGAON,2008,Whole Year,Onion,886,1971,2.224604966
Assam,NAGAON,2008,Whole Year,Potato,4844,24844,5.128819158
Assam,NAGAON,2008,Whole Year,Sugarcane,7772,283905,36.52920741
Assam,NAGAON,2008,Whole Year,Sweet potato,411,1311,3.189781022
Assam,NAGAON,2008,Whole Year,Tapioca,27,109,4.037037037
Assam,NAGAON,2008,Whole Year,Tobacco,8,5,0.625
Assam,NAGAON,2008,Whole Year,Turmeric,2084,1345,0.645393474
Assam,NAGAON,2008,Winter,Rice,136199,201910,1.482463161
Assam,NAGAON,2009,Autumn,Rice,18811,26630,1.415661049
Assam,NAGAON,2009,Kharif,Arhar/Tur,968,654,0.675619835
Assam,NAGAON,2009,Kharif,Castor seed,52,21,0.403846154
Assam,NAGAON,2009,Kharif,Cotton(lint),22,9,0.409090909
Assam,NAGAON,2009,Kharif,Jute,9955,146932,14.75961828
Assam,NAGAON,2009,Kharif,Maize,415,278,0.669879518
Assam,NAGAON,2009,Kharif,Mesta,84,290,3.452380952
Assam,NAGAON,2009,Kharif,Niger seed,455,236,0.518681319
Assam,NAGAON,2009,Kharif,Sesamum,1043,456,0.437200384
Assam,NAGAON,2009,Kharif,Small millets,266,112,0.421052632
Assam,NAGAON,2009,Rabi,Banana,3078,44583,14.48440546
Assam,NAGAON,2009,Rabi,Gram,92,39,0.423913043
Assam,NAGAON,2009,Rabi,Linseed,331,148,0.447129909
Assam,NAGAON,2009,Rabi,Masoor,1583,568,0.358812382
Assam,NAGAON,2009,Rabi,Moong(Green Gram),771,312,0.404669261
Assam,NAGAON,2009,Rabi,Peas & beans (Pulses),1741,565,0.324526134
Assam,NAGAON,2009,Rabi,Rapeseed &Mustard,16941,10552,0.622867599
Assam,NAGAON,2009,Rabi,Urad,2301,1613,0.700999565
Assam,NAGAON,2009,Rabi,Wheat,3655,3631,0.993433653
Assam,NAGAON,2009,Summer,Rice,48829,126120,2.582891315
Assam,NAGAON,2009,Whole Year,Arecanut,5276,6516,1.235026535
Assam,NAGAON,2009,Whole Year,Banana,3078,44583,14.48440546
Assam,NAGAON,2009,Whole Year,Black pepper,249,356,1.429718876
Assam,NAGAON,2009,Whole Year,Coconut,3242,37901000,11690.62307
Assam,NAGAON,2009,Whole Year,Dry chillies,1190,747,0.627731092
Assam,NAGAON,2009,Whole Year,Dry ginger,511,4925,9.637964775
Assam,NAGAON,2009,Whole Year,Onion,495,1060,2.141414141
Assam,NAGAON,2009,Whole Year,Potato,4899,28342,5.785262298
Assam,NAGAON,2009,Whole Year,Sugarcane,7198,270596,37.59322034
Assam,NAGAON,2009,Whole Year,Sweet potato,374,1183,3.163101604
Assam,NAGAON,2009,Whole Year,Tapioca,20,96,4.8
Assam,NAGAON,2009,Whole Year,Tobacco,19,9,0.473684211
Assam,NAGAON,2009,Whole Year,Turmeric,1750,1126,0.643428571
Assam,NAGAON,2009,Winter,Rice,114219,228143,1.997417242
Assam,NAGAON,2010,Autumn,Rice,16005,24301,1.518338019
Assam,NAGAON,2010,Kharif,Arhar/Tur,975,662,0.678974359
Assam,NAGAON,2010,Kharif,Castor seed,32,12,0.375
Assam,NAGAON,2010,Kharif,Cotton(lint),19,7,0.368421053
Assam,NAGAON,2010,Kharif,Jute,9273,115965,12.5056616
Assam,NAGAON,2010,Kharif,Maize,435,294,0.675862069
Assam,NAGAON,2010,Kharif,Mesta,78,269,3.448717949
Assam,NAGAON,2010,Kharif,Niger seed,401,211,0.526184539
Assam,NAGAON,2010,Kharif,Sesamum,976,447,0.457991803
Assam,NAGAON,2010,Kharif,Small millets,218,94,0.431192661
Assam,NAGAON,2010,Rabi,Arecanut,5276,6516,1.235026535
Assam,NAGAON,2010,Rabi,Banana,3238,46535,14.37152563
Assam,NAGAON,2010,Rabi,Gram,89,39,0.438202247
Assam,NAGAON,2010,Rabi,Linseed,568,255,0.448943662
Assam,NAGAON,2010,Rabi,Masoor,1370,490,0.357664234
Assam,NAGAON,2010,Rabi,Moong(Green Gram),800,323,0.40375
Assam,NAGAON,2010,Rabi,Peas & beans (Pulses),1711,554,0.323787259
Assam,NAGAON,2010,Rabi,Rapeseed &Mustard,13638,7762,0.569145036
Assam,NAGAON,2010,Rabi,Urad,2140,1474,0.688785047
Assam,NAGAON,2010,Rabi,Wheat,3226,3333,1.03316801
Assam,NAGAON,2010,Summer,Rice,47125,126538,2.685156499
Assam,NAGAON,2010,Whole Year,Banana,3238,46535,14.37152563
Assam,NAGAON,2010,Whole Year,Black pepper,77,111,1.441558442
Assam,NAGAON,2010,Whole Year,Coconut,3242,37901000,11690.62307
Assam,NAGAON,2010,Whole Year,Dry chillies,1218,756,0.620689655
Assam,NAGAON,2010,Whole Year,Dry ginger,491,4734,9.641547862
Assam,NAGAON,2010,Whole Year,Onion,608,1314,2.161184211
Assam,NAGAON,2010,Whole Year,Potato,4449,37539,8.437626433
Assam,NAGAON,2010,Whole Year,Sugarcane,6950,246982,35.53697842
Assam,NAGAON,2010,Whole Year,Sweet potato,251,801,3.19123506
Assam,NAGAON,2010,Whole Year,Tapioca,26,110,4.230769231
Assam,NAGAON,2010,Whole Year,Tobacco,6,4,0.666666667
Assam,NAGAON,2010,Whole Year,Turmeric,1720,1103,0.64127907
Assam,NAGAON,2010,Winter,Rice,121017,201940,1.668691176
Assam,NAGAON,2011,Autumn,Paddy,14540,22093,1.519463549
Assam,NAGAON,2011,Autumn,Rice,14540,22093,1.519463549
Assam,NAGAON,2011,Kharif,Arhar/Tur,530,425,0.801886792
Assam,NAGAON,2011,Kharif,Castor seed,23,11,0.47826087
Assam,NAGAON,2011,Kharif,Cotton(lint),29,11,0.379310345
Assam,NAGAON,2011,Kharif,Jute,9860,94952,9.630020284
Assam,NAGAON,2011,Kharif,Maize,428,331,0.773364486
Assam,NAGAON,2011,Kharif,Mesta,98,347,3.540816327
Assam,NAGAON,2011,Kharif,Niger seed,520,275,0.528846154
Assam,NAGAON,2011,Kharif,Orange,40,477,11.925
Assam,NAGAON,2011,Kharif,Papaya,715,15556,21.75664336
Assam,NAGAON,2011,Kharif,Sesamum,1131,607,0.536693192
Assam,NAGAON,2011,Kharif,Small millets,252,111,0.44047619
Assam,NAGAON,2011,Kharif,Tapioca,96,889,9.260416667
Assam,NAGAON,2011,Kharif,Tobacco,11,6,0.545454545
Assam,NAGAON,2011,Rabi,Arecanut,5473,7264,1.327242828
Assam,NAGAON,2011,Rabi,Black pepper,276,479,1.735507246
Assam,NAGAON,2011,Rabi,Dry chillies,1644,1192,0.725060827
Assam,NAGAON,2011,Rabi,Ginger,554,5462,9.859205776
Assam,NAGAON,2011,Rabi,Gram,99,43,0.434343434
Assam,NAGAON,2011,Rabi,Linseed,599,298,0.497495826
Assam,NAGAON,2011,Rabi,Masoor,1063,442,0.415804327
Assam,NAGAON,2011,Rabi,Moong(Green Gram),989,460,0.465116279
Assam,NAGAON,2011,Rabi,Peas & beans (Pulses),1632,546,0.334558824
Assam,NAGAON,2011,Rabi,Pineapple,368,5700,15.48913043
Assam,NAGAON,2011,Rabi,Rapeseed &Mustard,13010,8157,0.626979247
Assam,NAGAON,2011,Rabi,Sweet potato,434,1370,3.156682028
Assam,NAGAON,2011,Rabi,Urad,2741,1733,0.632251003
Assam,NAGAON,2011,Rabi,Wheat,3172,3234,1.019546028
Assam,NAGAON,2011,Summer,Paddy,41332,93853,2.270710345
Assam,NAGAON,2011,Summer,Rice,41332,93853,2.270710345
Assam,NAGAON,2011,Whole Year,Banana,2821,37399,13.25735555
Assam,NAGAON,2011,Whole Year,Coconut,3323,23547,7.086066807
Assam,NAGAON,2011,Whole Year,Onion,702,1604,2.284900285
Assam,NAGAON,2011,Whole Year,Potato,5504,41893,7.611373547
Assam,NAGAON,2011,Whole Year,Sugarcane,6750,247924,36.72948148
Assam,NAGAON,2011,Whole Year,Turmeric,2028,1744,0.859960552
Assam,NAGAON,2011,Winter,Paddy,136220,208257,1.528828366
Assam,NAGAON,2011,Winter,Rice,136220,208257,1.528828366
Assam,NAGAON,2012,Autumn,Paddy,12985,19932,1.535001925
Assam,NAGAON,2012,Autumn,Rice,12985,19932,1.535001925
Assam,NAGAON,2012,Kharif,Arhar/Tur,486,375,0.771604938
Assam,NAGAON,2012,Kharif,Castor seed,21,11,0.523809524
Assam,NAGAON,2012,Kharif,Cotton(lint),16,6,0.375
Assam,NAGAON,2012,Kharif,Jute,9670,87962,9.096380558
Assam,NAGAON,2012,Kharif,Maize,453,392,0.865342163
Assam,NAGAON,2012,Kharif,Mesta,91,358,3.934065934
Assam,NAGAON,2012,Kharif,Niger seed,515,279,0.541747573
Assam,NAGAON,2012,Kharif,Orange,42,527,12.54761905
Assam,NAGAON,2012,Kharif,Papaya,714,10250,14.3557423
Assam,NAGAON,2012,Kharif,Sesamum,1138,714,0.62741652
Assam,NAGAON,2012,Kharif,Small millets,253,108,0.42687747
Assam,NAGAON,2012,Kharif,Tapioca,93,880,9.462365591
Assam,NAGAON,2012,Kharif,Tobacco,8,4,0.5
Assam,NAGAON,2012,Rabi,Arecanut,4889,4753,0.97218245
Assam,NAGAON,2012,Rabi,Black pepper,275,436,1.585454545
Assam,NAGAON,2012,Rabi,Dry chillies,1469,1072,0.729748128
Assam,NAGAON,2012,Rabi,Ginger,486,4848,9.975308642
Assam,NAGAON,2012,Rabi,Gram,101,47,0.465346535
Assam,NAGAON,2012,Rabi,Linseed,471,253,0.537154989
Assam,NAGAON,2012,Rabi,Masoor,1288,599,0.465062112
Assam,NAGAON,2012,Rabi,Moong(Green Gram),999,520,0.520520521
Assam,NAGAON,2012,Rabi,Peas & beans (Pulses),1920,801,0.4171875
Assam,NAGAON,2012,Rabi,Pineapple,365,5813,15.9260274
Assam,NAGAON,2012,Rabi,Rapeseed &Mustard,13585,9180,0.675745307
Assam,NAGAON,2012,Rabi,Sweet potato,433,1414,3.265588915
Assam,NAGAON,2012,Rabi,Urad,2791,1772,0.634897886
Assam,NAGAON,2012,Rabi,Wheat,2840,3164,1.114084507
Assam,NAGAON,2012,Summer,Rice,33914,103130,3.040927051
Assam,NAGAON,2012,Whole Year,Banana,2805,50137,17.8741533
Assam,NAGAON,2012,Whole Year,Coconut,3156,19952,6.321926489
Assam,NAGAON,2012,Whole Year,Onion,731,2402,3.285909713
Assam,NAGAON,2012,Whole Year,Potato,5791,42685,7.370920394
Assam,NAGAON,2012,Whole Year,Sugarcane,6249,209771,33.568731
Assam,NAGAON,2012,Whole Year,Turmeric,2014,1753,0.87040715
Assam,NAGAON,2012,Winter,Paddy,131456,246466,1.8748935
Assam,NAGAON,2012,Winter,Rice,131456,246466,1.8748935
Assam,NAGAON,2013,Autumn,Paddy,12088,18018,1.490569159
Assam,NAGAON,2013,Autumn,Rice,12088,18018,1.490569159
Assam,NAGAON,2013,Kharif,Arhar/Tur,539,419,0.777365492
Assam,NAGAON,2013,Kharif,Castor seed,17,9,0.529411765
Assam,NAGAON,2013,Kharif,Cotton(lint),16,7,0.4375
Assam,NAGAON,2013,Kharif,Jute,10255,148484,14.47918089
Assam,NAGAON,2013,Kharif,Maize,529,2074,3.920604915
Assam,NAGAON,2013,Kharif,Mesta,132,499,3.78030303
Assam,NAGAON,2013,Kharif,Niger seed,494,271,0.548582996
Assam,NAGAON,2013,Kharif,Orange,40,503,12.575
Assam,NAGAON,2013,Kharif,Papaya,753,11089,14.72642762
Assam,NAGAON,2013,Kharif,Sesamum,1114,705,0.632854578
Assam,NAGAON,2013,Kharif,Small millets,457,196,0.428884026
Assam,NAGAON,2013,Kharif,Tapioca,93,879,9.451612903
Assam,NAGAON,2013,Kharif,Tobacco,6,2,0.333333333
Assam,NAGAON,2013,Rabi,Arecanut,5340,8605,1.611423221
Assam,NAGAON,2013,Rabi,Black pepper,280,443,1.582142857
Assam,NAGAON,2013,Rabi,Dry chillies,1457,1064,0.730267673
Assam,NAGAON,2013,Rabi,Ginger,511,5098,9.976516634
Assam,NAGAON,2013,Rabi,Gram,105,51,0.485714286
Assam,NAGAON,2013,Rabi,Linseed,589,356,0.604414261
Assam,NAGAON,2013,Rabi,Masoor,1260,583,0.462698413
Assam,NAGAON,2013,Rabi,Moong(Green Gram),1013,560,0.552813425
Assam,NAGAON,2013,Rabi,Peas & beans (Pulses),2062,1128,0.547041707
Assam,NAGAON,2013,Rabi,Pineapple,933,14858,15.9249732
Assam,NAGAON,2013,Rabi,Rapeseed &Mustard,14462,10209,0.70591896
Assam,NAGAON,2013,Rabi,Sweet potato,465,5352,11.50967742
Assam,NAGAON,2013,Rabi,Urad,2783,1935,0.695292849
Assam,NAGAON,2013,Rabi,Wheat,2765,3100,1.121157324
Assam,NAGAON,2013,Summer,Paddy,44319,122928,2.773708793
Assam,NAGAON,2013,Summer,Rice,44319,122928,2.773708793
Assam,NAGAON,2013,Whole Year,Banana,2901,51853,17.87418132
Assam,NAGAON,2013,Whole Year,Coconut,3345,15117,4.519282511
Assam,NAGAON,2013,Whole Year,Onion,768,2523,3.28515625
Assam,NAGAON,2013,Whole Year,Potato,5967,63312,10.61035696
Assam,NAGAON,2013,Whole Year,Sugarcane,6124,219193,35.79245591
Assam,NAGAON,2013,Whole Year,Turmeric,1982,1724,0.869828456
Assam,NAGAON,2013,Winter,Paddy,140244,295177,2.104738884
Assam,NAGAON,2013,Winter,Rice,140244,295177,2.104738884
Assam,NAGAON,2014,Autumn,Paddy,11711,19345,1.651865767
Assam,NAGAON,2014,Autumn,Rice,11711,19345,1.651865767
Assam,NAGAON,2014,Kharif,Arhar/Tur,560,492,0.878571429
Assam,NAGAON,2014,Kharif,Castor seed,20,11,0.55
Assam,NAGAON,2014,Kharif,Cotton(lint),14,7,0.5
Assam,NAGAON,2014,Kharif,Jute,9771,165838,16.97246955
Assam,NAGAON,2014,Kharif,Maize,593,1826,3.07925801
Assam,NAGAON,2014,Kharif,Mesta,141,589,4.177304965
Assam,NAGAON,2014,Kharif,Niger seed,443,244,0.550790068
Assam,NAGAON,2014,Kharif,Orange,51,641,12.56862745
Assam,NAGAON,2014,Kharif,Papaya,762,11222,14.72703412
Assam,NAGAON,2014,Kharif,Sesamum,1075,722,0.671627907
Assam,NAGAON,2014,Kharif,Small millets,619,334,0.539579968
Assam,NAGAON,2014,Kharif,Tapioca,95,898,9.452631579
Assam,NAGAON,2014,Kharif,Tobacco,6,3,0.5
Assam,NAGAON,2014,Rabi,Black pepper,282,450,1.595744681
Assam,NAGAON,2014,Rabi,Dry chillies,1453,1068,0.73503097
Assam,NAGAON,2014,Rabi,Ginger,451,4503,9.984478936
Assam,NAGAON,2014,Rabi,Gram,103,62,0.601941748
Assam,NAGAON,2014,Rabi,Linseed,511,321,0.628180039
Assam,NAGAON,2014,Rabi,Masoor,1012,621,0.613636364
Assam,NAGAON,2014,Rabi,Moong(Green Gram),903,524,0.580287929
Assam,NAGAON,2014,Rabi,Peas & beans (Pulses),1888,1075,0.569385593
Assam,NAGAON,2014,Rabi,Pineapple,341,5225,15.32258065
Assam,NAGAON,2014,Rabi,Rapeseed &Mustard,14882,10177,0.683846257
Assam,NAGAON,2014,Rabi,Sweet potato,502,5783,11.51992032
Assam,NAGAON,2014,Rabi,Urad,2904,1646,0.566804408
Assam,NAGAON,2014,Rabi,Wheat,2047,2063,1.007816317
Assam,NAGAON,2014,Summer,Paddy,43088,120369,2.793562013
Assam,NAGAON,2014,Summer,Rice,43088,120369,2.793562013
Assam,NAGAON,2014,Whole Year,Banana,3001,53640,17.87404199
Assam,NAGAON,2014,Whole Year,Onion,816,2689,3.295343137
Assam,NAGAON,2014,Whole Year,Potato,6238,58400,9.361974992
Assam,NAGAON,2014,Whole Year,Sugarcane,6072,203639,33.53738472
Assam,NAGAON,2014,Whole Year,Turmeric,1910,1671,0.87486911
Assam,NAGAON,2014,Winter,Paddy,146934,270857,1.843392271
Assam,NAGAON,2014,Winter,Rice,146934,270857,1.843392271
Assam,NALBARI,1997,Autumn,Rice,41500,24528,0.591036145
Assam,NALBARI,1997,Kharif,Arhar/Tur,325,195,0.6
Assam,NALBARI,1997,Kharif,Cotton(lint),18,8,0.444444444
Assam,NALBARI,1997,Kharif,Jute,1890,21273,11.25555556
Assam,NALBARI,1997,Kharif,Maize,350,263,0.751428571
Assam,NALBARI,1997,Kharif,Mesta,150,583,3.886666667
Assam,NALBARI,1997,Kharif,Small millets,130,55,0.423076923
Assam,NALBARI,1997,Kharif,Sugarcane,225,9747,43.32
Assam,NALBARI,1997,Rabi,Gram,30,14,0.466666667
Assam,NALBARI,1997,Rabi,Linseed,1450,815,0.562068966
Assam,NALBARI,1997,Rabi,Other  Rabi pulses,6425,4092,0.63688716
Assam,NALBARI,1997,Rabi,Rapeseed &Mustard,11500,7970,0.693043478
Assam,NALBARI,1997,Rabi,Wheat,4000,6392,1.598
Assam,NALBARI,1997,Summer,Rice,1280,1009,0.78828125
Assam,NALBARI,1997,Whole Year,Arecanut,3980,3795,0.953517588
Assam,NALBARI,1997,Whole Year,Coconut,2000,9214,4.607
Assam,NALBARI,1997,Whole Year,Dry chillies,710,525,0.73943662
Assam,NALBARI,1997,Whole Year,Niger seed,2260,1175,0.519911504
Assam,NALBARI,1997,Whole Year,Onion,300,300,1
Assam,NALBARI,1997,Whole Year,Potato,3800,36237,9.536052632
Assam,NALBARI,1997,Whole Year,Sesamum,700,365,0.521428571
Assam,NALBARI,1997,Whole Year,Sweet potato,200,1126,5.63
Assam,NALBARI,1997,Whole Year,Tapioca,315,2221,7.050793651
Assam,NALBARI,1997,Whole Year,Turmeric,600,560,0.933333333
Assam,NALBARI,1997,Winter,Rice,105000,88738,0.84512381
Assam,NALBARI,1998,Autumn,Rice,41282,26769,0.64844242
Assam,NALBARI,1998,Kharif,Arhar/Tur,310,186,0.6
Assam,NALBARI,1998,Kharif,Castor seed,50,25,0.5
Assam,NALBARI,1998,Kharif,Cotton(lint),18,8,0.444444444
Assam,NALBARI,1998,Kharif,Jute,1800,18270,10.15
Assam,NALBARI,1998,Kharif,Maize,535,401,0.74953271
Assam,NALBARI,1998,Kharif,Mesta,180,700,3.888888889
Assam,NALBARI,1998,Kharif,Niger seed,1550,806,0.52
Assam,NALBARI,1998,Kharif,Sesamum,750,392,0.522666667
Assam,NALBARI,1998,Kharif,Small millets,120,52,0.433333333
Assam,NALBARI,1998,Rabi,Gram,40,18,0.45
Assam,NALBARI,1998,Rabi,Linseed,1500,843,0.562
Assam,NALBARI,1998,Rabi,Other  Rabi pulses,6804,4196,0.616696061
Assam,NALBARI,1998,Rabi,Rapeseed &Mustard,11200,6720,0.6
Assam,NALBARI,1998,Rabi,Wheat,4000,4776,1.194
Assam,NALBARI,1998,Summer,Rice,3000,4413,1.471
Assam,NALBARI,1998,Whole Year,Arecanut,3990,3071,0.769674185
Assam,NALBARI,1998,Whole Year,Banana,2000,29288,14.644
Assam,NALBARI,1998,Whole Year,Coconut,2002,12167000,6077.422577
Assam,NALBARI,1998,Whole Year,Dry chillies,700,511,0.73
Assam,NALBARI,1998,Whole Year,Onion,530,530,1
Assam,NALBARI,1998,Whole Year,Potato,4100,32763,7.99097561
Assam,NALBARI,1998,Whole Year,Sugarcane,225,8883,39.48
Assam,NALBARI,1998,Whole Year,Sweet potato,147,828,5.632653061
Assam,NALBARI,1998,Whole Year,Tapioca,305,2150,7.049180328
Assam,NALBARI,1998,Whole Year,Tobacco,150,48,0.32
Assam,NALBARI,1998,Whole Year,Turmeric,600,557,0.928333333
Assam,NALBARI,1998,Winter,Rice,99200,109535,1.104183468
Assam,NALBARI,1999,Autumn,Rice,36770,32093,0.872803916
Assam,NALBARI,1999,Kharif,Arhar/Tur,304,182,0.598684211
Assam,NALBARI,1999,Kharif,Castor seed,50,25,0.5
Assam,NALBARI,1999,Kharif,Cotton(lint),19,8,0.421052632
Assam,NALBARI,1999,Kharif,Jute,1750,17549,10.028
Assam,NALBARI,1999,Kharif,Maize,399,299,0.749373434
Assam,NALBARI,1999,Kharif,Mesta,302,1174,3.887417219
Assam,NALBARI,1999,Kharif,Niger seed,1650,858,0.52
Assam,NALBARI,1999,Kharif,Sesamum,750,392,0.522666667
Assam,NALBARI,1999,Kharif,Small millets,130,60,0.461538462
Assam,NALBARI,1999,Rabi,Gram,50,23,0.46
Assam,NALBARI,1999,Rabi,Linseed,1800,1076,0.597777778
Assam,NALBARI,1999,Rabi,Other  Rabi pulses,6940,4358,0.62795389
Assam,NALBARI,1999,Rabi,Rapeseed &Mustard,11660,5597,0.480017153
Assam,NALBARI,1999,Rabi,Wheat,4125,5676,1.376
Assam,NALBARI,1999,Summer,Rice,3075,5882,1.912845528
Assam,NALBARI,1999,Whole Year,Arecanut,3990,1337,0.335087719
Assam,NALBARI,1999,Whole Year,Banana,2000,29284,14.642
Assam,NALBARI,1999,Whole Year,Coconut,2002,12462000,6224.775225
Assam,NALBARI,1999,Whole Year,Dry chillies,740,548,0.740540541
Assam,NALBARI,1999,Whole Year,Onion,350,350,1
Assam,NALBARI,1999,Whole Year,Potato,4270,41893,9.811007026
Assam,NALBARI,1999,Whole Year,Sugarcane,207,8211,39.66666667
Assam,NALBARI,1999,Whole Year,Sweet potato,120,676,5.633333333
Assam,NALBARI,1999,Whole Year,Tapioca,310,2186,7.051612903
Assam,NALBARI,1999,Whole Year,Tobacco,150,60,0.4
Assam,NALBARI,1999,Whole Year,Turmeric,660,607,0.91969697
Assam,NALBARI,1999,Winter,Rice,106972,136977,1.280493961
Assam,NALBARI,2000,Autumn,Rice,33000,31628,0.958424242
Assam,NALBARI,2000,Kharif,Arhar/Tur,304,182,0.598684211
Assam,NALBARI,2000,Kharif,Castor seed,50,25,0.5
Assam,NALBARI,2000,Kharif,Cotton(lint),19,8,0.421052632
Assam,NALBARI,2000,Kharif,Jute,1340,11003,8.21119403
Assam,NALBARI,2000,Kharif,Maize,399,299,0.749373434
Assam,NALBARI,2000,Kharif,Mesta,150,583,3.886666667
Assam,NALBARI,2000,Kharif,Niger seed,1585,824,0.519873817
Assam,NALBARI,2000,Kharif,Sesamum,675,352,0.521481481
Assam,NALBARI,2000,Kharif,Small millets,125,55,0.44
Assam,NALBARI,2000,Rabi,Gram,40,18,0.45
Assam,NALBARI,2000,Rabi,Linseed,1850,1062,0.574054054
Assam,NALBARI,2000,Rabi,Other  Rabi pulses,7037,4413,0.627113827
Assam,NALBARI,2000,Rabi,Rapeseed &Mustard,10950,5825,0.53196347
Assam,NALBARI,2000,Rabi,Wheat,3950,4598,1.164050633
Assam,NALBARI,2000,Summer,Rice,15115,15780,1.04399603
Assam,NALBARI,2000,Whole Year,Arecanut,3998,4548,1.137568784
Assam,NALBARI,2000,Whole Year,Banana,1900,27816,14.64
Assam,NALBARI,2000,Whole Year,Coconut,2200,12752000,5796.363636
Assam,NALBARI,2000,Whole Year,Dry chillies,700,516,0.737142857
Assam,NALBARI,2000,Whole Year,Onion,345,345,1
Assam,NALBARI,2000,Whole Year,Potato,3900,31567,8.094102564
Assam,NALBARI,2000,Whole Year,Sugarcane,210,8070,38.42857143
Assam,NALBARI,2000,Whole Year,Sweet potato,120,676,5.633333333
Assam,NALBARI,2000,Whole Year,Tapioca,310,2186,7.051612903
Assam,NALBARI,2000,Whole Year,Tobacco,145,58,0.4
Assam,NALBARI,2000,Whole Year,Turmeric,670,621,0.926865672
Assam,NALBARI,2000,Winter,Rice,106972,125387,1.172147852
Assam,NALBARI,2001,Autumn,Rice,31500,24642,0.782285714
Assam,NALBARI,2001,Kharif,Arhar/Tur,295,177,0.6
Assam,NALBARI,2001,Kharif,Castor seed,50,25,0.5
Assam,NALBARI,2001,Kharif,Cotton(lint),18,8,0.444444444
Assam,NALBARI,2001,Kharif,Jute,1315,12113,9.211406844
Assam,NALBARI,2001,Kharif,Maize,399,299,0.749373434
Assam,NALBARI,2001,Kharif,Mesta,145,564,3.889655172
Assam,NALBARI,2001,Kharif,Niger seed,1580,822,0.520253165
Assam,NALBARI,2001,Kharif,Sesamum,670,350,0.52238806
Assam,NALBARI,2001,Kharif,Small millets,125,56,0.448
Assam,NALBARI,2001,Rabi,Gram,45,20,0.444444444
Assam,NALBARI,2001,Rabi,Linseed,1850,1069,0.577837838
Assam,NALBARI,2001,Rabi,Masoor,2940,1529,0.520068027
Assam,NALBARI,2001,Rabi,Moong(Green Gram),340,145,0.426470588
Assam,NALBARI,2001,Rabi,Other  Rabi pulses,7235,4532,0.626399447
Assam,NALBARI,2001,Rabi,Peas & beans (Pulses),2800,2184,0.78
Assam,NALBARI,2001,Rabi,Rapeseed &Mustard,10850,7042,0.649032258
Assam,NALBARI,2001,Rabi,Urad,805,423,0.525465839
Assam,NALBARI,2001,Rabi,Wheat,3975,4571,1.149937107
Assam,NALBARI,2001,Summer,Rice,15175,17497,1.153014827
Assam,NALBARI,2001,Whole Year,Arecanut,3998,3788,0.947473737
Assam,NALBARI,2001,Whole Year,Banana,2000,29284,14.642
Assam,NALBARI,2001,Whole Year,Coconut,2200,14836000,6743.636364
Assam,NALBARI,2001,Whole Year,Dry chillies,700,515,0.735714286
Assam,NALBARI,2001,Whole Year,Onion,340,340,1
Assam,NALBARI,2001,Whole Year,Potato,3800,28986,7.627894737
Assam,NALBARI,2001,Whole Year,Sugarcane,200,7446,37.23
Assam,NALBARI,2001,Whole Year,Sweet potato,120,676,5.633333333
Assam,NALBARI,2001,Whole Year,Tapioca,300,2115,7.05
Assam,NALBARI,2001,Whole Year,Tobacco,140,56,0.4
Assam,NALBARI,2001,Whole Year,Turmeric,680,629,0.925
Assam,NALBARI,2001,Winter,Rice,110000,138146,1.255872727
Assam,NALBARI,2002,Autumn,Rice,21800,17954,0.823577982
Assam,NALBARI,2002,Kharif,Arhar/Tur,300,180,0.6
Assam,NALBARI,2002,Kharif,Castor seed,48,24,0.5
Assam,NALBARI,2002,Kharif,Cotton(lint),18,8,0.444444444
Assam,NALBARI,2002,Kharif,Jute,1310,12278,9.372519084
Assam,NALBARI,2002,Kharif,Maize,350,263,0.751428571
Assam,NALBARI,2002,Kharif,Mesta,145,564,3.889655172
Assam,NALBARI,2002,Kharif,Niger seed,1480,770,0.52027027
Assam,NALBARI,2002,Kharif,Sesamum,650,339,0.521538462
Assam,NALBARI,2002,Kharif,Small millets,125,56,0.448
Assam,NALBARI,2002,Rabi,Gram,42,19,0.452380952
Assam,NALBARI,2002,Rabi,Linseed,1850,1079,0.583243243
Assam,NALBARI,2002,Rabi,Masoor,2900,1508,0.52
Assam,NALBARI,2002,Rabi,Moong(Green Gram),330,141,0.427272727
Assam,NALBARI,2002,Rabi,Other  Rabi pulses,6755,4169,0.617172465
Assam,NALBARI,2002,Rabi,Peas & beans (Pulses),2400,1872,0.78
Assam,NALBARI,2002,Rabi,Rapeseed &Mustard,10700,5810,0.542990654
Assam,NALBARI,2002,Rabi,Urad,810,422,0.520987654
Assam,NALBARI,2002,Rabi,Wheat,3940,5146,1.306091371
Assam,NALBARI,2002,Summer,Rice,13815,17586,1.272964169
Assam,NALBARI,2002,Whole Year,Arecanut,3950,3910,0.989873418
Assam,NALBARI,2002,Whole Year,Banana,2000,29282,14.641
Assam,NALBARI,2002,Whole Year,Coconut,2110,8101000,3839.336493
Assam,NALBARI,2002,Whole Year,Dry chillies,710,524,0.738028169
Assam,NALBARI,2002,Whole Year,Onion,350,350,1
Assam,NALBARI,2002,Whole Year,Orange,15,138,9.2
Assam,NALBARI,2002,Whole Year,Papaya,300,5675,18.91666667
Assam,NALBARI,2002,Whole Year,Pineapple,300,4100,13.66666667
Assam,NALBARI,2002,Whole Year,Potato,3790,27459,7.245118734
Assam,NALBARI,2002,Whole Year,Sugarcane,185,6970,37.67567568
Assam,NALBARI,2002,Whole Year,Sweet potato,110,619,5.627272727
Assam,NALBARI,2002,Whole Year,Tapioca,295,2080,7.050847458
Assam,NALBARI,2002,Whole Year,Tobacco,130,52,0.4
Assam,NALBARI,2002,Whole Year,Turmeric,730,675,0.924657534
Assam,NALBARI,2002,Winter,Rice,109990,138892,1.262769343
Assam,NALBARI,2003,Autumn,Rice,20500,18014,0.878731707
Assam,NALBARI,2003,Kharif,Arhar/Tur,190,114,0.6
Assam,NALBARI,2003,Kharif,Castor seed,45,23,0.511111111
Assam,NALBARI,2003,Kharif,Cotton(lint),18,8,0.444444444
Assam,NALBARI,2003,Kharif,Jute,1300,11917,9.166923077
Assam,NALBARI,2003,Kharif,Maize,340,255,0.75
Assam,NALBARI,2003,Kharif,Mesta,145,564,3.889655172
Assam,NALBARI,2003,Kharif,Niger seed,1480,770,0.52027027
Assam,NALBARI,2003,Kharif,Sesamum,650,339,0.521538462
Assam,NALBARI,2003,Kharif,Small millets,125,56,0.448
Assam,NALBARI,2003,Rabi,Gram,45,20,0.444444444
Assam,NALBARI,2003,Rabi,Linseed,1815,1049,0.577961433
Assam,NALBARI,2003,Rabi,Masoor,2900,1508,0.52
Assam,NALBARI,2003,Rabi,Moong(Green Gram),335,143,0.426865672
Assam,NALBARI,2003,Rabi,other misc. pulses,320,230,0.71875
Assam,NALBARI,2003,Rabi,Peas & beans (Pulses),2420,1888,0.780165289
Assam,NALBARI,2003,Rabi,Rapeseed &Mustard,11210,6715,0.599018733
Assam,NALBARI,2003,Rabi,Urad,810,363,0.448148148
Assam,NALBARI,2003,Rabi,Wheat,4100,5490,1.33902439
Assam,NALBARI,2003,Summer,Rice,17100,25103,1.468011696
Assam,NALBARI,2003,Whole Year,Arecanut,3945,6073,1.539416984
Assam,NALBARI,2003,Whole Year,Banana,2000,29282,14.641
Assam,NALBARI,2003,Whole Year,Coconut,2050,11673000,5694.146341
Assam,NALBARI,2003,Whole Year,Dry chillies,700,516,0.737142857
Assam,NALBARI,2003,Whole Year,Onion,340,340,1
Assam,NALBARI,2003,Whole Year,Orange,27,256,9.481481481
Assam,NALBARI,2003,Whole Year,Papaya,310,5855,18.88709677
Assam,NALBARI,2003,Whole Year,Pineapple,300,4067,13.55666667
Assam,NALBARI,2003,Whole Year,Potato,4050,25944,6.405925926
Assam,NALBARI,2003,Whole Year,Sugarcane,180,7182,39.9
Assam,NALBARI,2003,Whole Year,Sweet potato,110,619,5.627272727
Assam,NALBARI,2003,Whole Year,Tapioca,270,1904,7.051851852
Assam,NALBARI,2003,Whole Year,Tobacco,12,5,0.416666667
Assam,NALBARI,2003,Whole Year,Turmeric,640,593,0.9265625
Assam,NALBARI,2003,Winter,Rice,110000,142264,1.293309091
Assam,NALBARI,2004,Autumn,Rice,20500,10752,0.524487805
Assam,NALBARI,2004,Kharif,Arhar/Tur,320,192,0.6
Assam,NALBARI,2004,Kharif,Castor seed,43,22,0.511627907
Assam,NALBARI,2004,Kharif,Cotton(lint),18,8,0.444444444
Assam,NALBARI,2004,Kharif,Jute,1260,4165,3.305555556
Assam,NALBARI,2004,Kharif,Mesta,140,544,3.885714286
Assam,NALBARI,2004,Kharif,Niger seed,1500,780,0.52
Assam,NALBARI,2004,Kharif,Sesamum,645,337,0.52248062
Assam,NALBARI,2004,Kharif,Small millets,130,58,0.446153846
Assam,NALBARI,2004,Rabi,Gram,43,19,0.441860465
Assam,NALBARI,2004,Rabi,Linseed,1790,1038,0.579888268
Assam,NALBARI,2004,Rabi,Masoor,2950,1534,0.52
Assam,NALBARI,2004,Rabi,Moong(Green Gram),340,145,0.426470588
Assam,NALBARI,2004,Rabi,Other  Rabi pulses,6883,4255,0.618189743
Assam,NALBARI,2004,Rabi,Peas & beans (Pulses),2460,1919,0.780081301
Assam,NALBARI,2004,Rabi,Rapeseed &Mustard,11270,6108,0.541969831
Assam,NALBARI,2004,Rabi,Urad,815,429,0.526380368
Assam,NALBARI,2004,Rabi,Wheat,4080,5773,1.41495098
Assam,NALBARI,2004,Summer,Rice,17900,26743,1.494022346
Assam,NALBARI,2004,Whole Year,Coconut,2045,18031000,8817.114914
Assam,NALBARI,2004,Whole Year,Dry chillies,685,299,0.43649635
Assam,NALBARI,2004,Whole Year,Onion,345,345,1
Assam,NALBARI,2004,Whole Year,Potato,4120,30076,7.3
Assam,NALBARI,2004,Whole Year,Sugarcane,180,6903,38.35
Assam,NALBARI,2004,Whole Year,Sweet potato,112,631,5.633928571
Assam,NALBARI,2004,Whole Year,Tobacco,12,5,0.416666667
Assam,NALBARI,2004,Whole Year,Turmeric,650,601,0.924615385
Assam,NALBARI,2004,Winter,Rice,103000,130877,1.270650485
Assam,NALBARI,2005,Autumn,Rice,13285,10824,0.814753481
Assam,NALBARI,2005,Kharif,Arhar/Tur,173,104,0.601156069
Assam,NALBARI,2005,Kharif,Castor seed,20,10,0.5
Assam,NALBARI,2005,Kharif,Cotton(lint),10,4,0.4
Assam,NALBARI,2005,Kharif,Jute,1046,8908,8.51625239
Assam,NALBARI,2005,Kharif,Maize,167,125,0.748502994
Assam,NALBARI,2005,Kharif,Mesta,40,156,3.9
Assam,NALBARI,2005,Kharif,Niger seed,362,188,0.519337017
Assam,NALBARI,2005,Kharif,Sesamum,339,177,0.522123894
Assam,NALBARI,2005,Kharif,Small millets,67,30,0.447761194
Assam,NALBARI,2005,Rabi,Gram,28,13,0.464285714
Assam,NALBARI,2005,Rabi,Linseed,312,181,0.580128205
Assam,NALBARI,2005,Rabi,Masoor,1585,824,0.519873817
Assam,NALBARI,2005,Rabi,Moong(Green Gram),173,74,0.427745665
Assam,NALBARI,2005,Rabi,Other  Rabi pulses,3460,2124,0.613872832
Assam,NALBARI,2005,Rabi,Peas & beans (Pulses),1029,803,0.780369291
Assam,NALBARI,2005,Rabi,Rapeseed &Mustard,6213,3510,0.564944471
Assam,NALBARI,2005,Rabi,Urad,495,234,0.472727273
Assam,NALBARI,2005,Rabi,Wheat,556,950,1.708633094
Assam,NALBARI,2005,Summer,Rice,10012,14217,1.419996005
Assam,NALBARI,2005,Whole Year,Arecanut,3950,4114,1.041518987
Assam,NALBARI,2005,Whole Year,Banana,1440,21083,14.64097222
Assam,NALBARI,2005,Whole Year,Dry chillies,384,283,0.736979167
Assam,NALBARI,2005,Whole Year,Onion,167,167,1
Assam,NALBARI,2005,Whole Year,Potato,2347,12331,5.253941202
Assam,NALBARI,2005,Whole Year,Sugarcane,94,3698,39.34042553
Assam,NALBARI,2005,Whole Year,Sweet potato,64,360,5.625
Assam,NALBARI,2005,Whole Year,Tapioca,203,1431,7.049261084
Assam,NALBARI,2005,Whole Year,Tobacco,6,2,0.333333333
Assam,NALBARI,2005,Whole Year,Turmeric,395,365,0.924050633
Assam,NALBARI,2005,Winter,Rice,57959,79926,1.3790093
Assam,NALBARI,2006,Autumn,Rice,7567,6024,0.796088278
Assam,NALBARI,2006,Kharif,Arhar/Tur,143,86,0.601398601
Assam,NALBARI,2006,Kharif,Castor seed,8,4,0.5
Assam,NALBARI,2006,Kharif,Cotton(lint),2,1,0.5
Assam,NALBARI,2006,Kharif,Jute,929,7824,8.421959096
Assam,NALBARI,2006,Kharif,Maize,90,68,0.755555556
Assam,NALBARI,2006,Kharif,Mesta,60,233,3.883333333
Assam,NALBARI,2006,Kharif,Niger seed,1470,764,0.519727891
Assam,NALBARI,2006,Kharif,Sesamum,425,222,0.522352941
Assam,NALBARI,2006,Kharif,Small millets,83,37,0.445783133
Assam,NALBARI,2006,Rabi,Gram,12,5,0.416666667
Assam,NALBARI,2006,Rabi,Linseed,330,191,0.578787879
Assam,NALBARI,2006,Rabi,Masoor,1048,545,0.520038168
Assam,NALBARI,2006,Rabi,Moong(Green Gram),238,101,0.424369748
Assam,NALBARI,2006,Rabi,Other  Rabi pulses,767,551,0.718383312
Assam,NALBARI,2006,Rabi,Peas & beans (Pulses),980,764,0.779591837
Assam,NALBARI,2006,Rabi,Rapeseed &Mustard,5600,3276,0.585
Assam,NALBARI,2006,Rabi,Urad,637,340,0.533751962
Assam,NALBARI,2006,Rabi,Wheat,950,986,1.037894737
Assam,NALBARI,2006,Summer,Rice,9000,17433,1.937
Assam,NALBARI,2006,Whole Year,Arecanut,1900,1853,0.975263158
Assam,NALBARI,2006,Whole Year,Banana,1200,17569,14.64083333
Assam,NALBARI,2006,Whole Year,Coconut,1340,6840000,5104.477612
Assam,NALBARI,2006,Whole Year,Dry chillies,380,242,0.636842105
Assam,NALBARI,2006,Whole Year,Onion,180,180,1
Assam,NALBARI,2006,Whole Year,Potato,2073,12361,5.962855765
Assam,NALBARI,2006,Whole Year,Sugarcane,97,3667,37.80412371
Assam,NALBARI,2006,Whole Year,Sweet potato,80,450,5.625
Assam,NALBARI,2006,Whole Year,Tapioca,20,141,7.05
Assam,NALBARI,2006,Whole Year,Tobacco,3,1,0.333333333
Assam,NALBARI,2006,Whole Year,Turmeric,380,352,0.926315789
Assam,NALBARI,2006,Winter,Rice,65000,84577,1.301184615
Assam,NALBARI,2007,Autumn,Rice,7300,7521,1.030273973
Assam,NALBARI,2007,Kharif,Arhar/Tur,130,78,0.6
Assam,NALBARI,2007,Kharif,Castor seed,6,3,0.5
Assam,NALBARI,2007,Kharif,Cotton(lint),2,1,0.5
Assam,NALBARI,2007,Kharif,Jute,900,8565,9.516666667
Assam,NALBARI,2007,Kharif,Maize,85,64,0.752941176
Assam,NALBARI,2007,Kharif,Mesta,70,272,3.885714286
Assam,NALBARI,2007,Kharif,Niger seed,1325,689,0.52
Assam,NALBARI,2007,Kharif,Sesamum,383,200,0.522193211
Assam,NALBARI,2007,Kharif,Small millets,75,33,0.44
Assam,NALBARI,2007,Rabi,Gram,12,5,0.416666667
Assam,NALBARI,2007,Rabi,Linseed,330,191,0.578787879
Assam,NALBARI,2007,Rabi,Masoor,1052,113,0.107414449
Assam,NALBARI,2007,Rabi,Moong(Green Gram),213,91,0.427230047
Assam,NALBARI,2007,Rabi,Other  Rabi pulses,451,324,0.718403548
Assam,NALBARI,2007,Rabi,Peas & beans (Pulses),1000,780,0.78
Assam,NALBARI,2007,Rabi,Rapeseed &Mustard,5050,2475,0.49009901
Assam,NALBARI,2007,Rabi,Urad,615,287,0.466666667
Assam,NALBARI,2007,Rabi,Wheat,860,1060,1.23255814
Assam,NALBARI,2007,Summer,Rice,8200,13300,1.62195122
Assam,NALBARI,2007,Whole Year,Arecanut,1950,1965,1.007692308
Assam,NALBARI,2007,Whole Year,Banana,1210,17716,14.64132231
Assam,NALBARI,2007,Whole Year,Black pepper,10,19,1.9
Assam,NALBARI,2007,Whole Year,Coconut,1350,7150000,5296.296296
Assam,NALBARI,2007,Whole Year,Dry chillies,375,170,0.453333333
Assam,NALBARI,2007,Whole Year,Dry ginger,166,1154,6.951807229
Assam,NALBARI,2007,Whole Year,Onion,180,180,1
Assam,NALBARI,2007,Whole Year,Potato,2250,17717,7.874222222
Assam,NALBARI,2007,Whole Year,Sugarcane,75,2856,38.08
Assam,NALBARI,2007,Whole Year,Sweet potato,80,450,5.625
Assam,NALBARI,2007,Whole Year,Tapioca,18,127,7.055555556
Assam,NALBARI,2007,Whole Year,Tobacco,1,1,1
Assam,NALBARI,2007,Whole Year,Turmeric,390,361,0.925641026
Assam,NALBARI,2007,Winter,Rice,65000,109227,1.680415385
Assam,NALBARI,2008,Autumn,Rice,6600,6819,1.033181818
Assam,NALBARI,2008,Kharif,Arhar/Tur,91,55,0.604395604
Assam,NALBARI,2008,Kharif,Castor seed,3,2,0.666666667
Assam,NALBARI,2008,Kharif,Cotton(lint),1,1,1
Assam,NALBARI,2008,Kharif,Jute,950,8191,8.622105263
Assam,NALBARI,2008,Kharif,Maize,30,22,0.733333333
Assam,NALBARI,2008,Kharif,Mesta,60,234,3.9
Assam,NALBARI,2008,Kharif,Niger seed,102,53,0.519607843
Assam,NALBARI,2008,Kharif,Sesamum,330,172,0.521212121
Assam,NALBARI,2008,Kharif,Small millets,70,31,0.442857143
Assam,NALBARI,2008,Rabi,Blackgram,600,328,0.546666667
Assam,NALBARI,2008,Rabi,Gram,12,6,0.5
Assam,NALBARI,2008,Rabi,Linseed,249,146,0.586345382
Assam,NALBARI,2008,Rabi,Masoor,1000,450,0.45
Assam,NALBARI,2008,Rabi,Moong(Green Gram),185,77,0.416216216
Assam,NALBARI,2008,Rabi,Peas & beans (Pulses),742,573,0.772237197
Assam,NALBARI,2008,Rabi,Rapeseed &Mustard,5000,2555,0.511
Assam,NALBARI,2008,Rabi,Urad,600,328,0.546666667
Assam,NALBARI,2008,Rabi,Wheat,660,622,0.942424242
Assam,NALBARI,2008,Summer,Rice,8750,22479,2.569028571
Assam,NALBARI,2008,Whole Year,Arecanut,1960,1828,0.932653061
Assam,NALBARI,2008,Whole Year,Banana,1250,17312,13.8496
Assam,NALBARI,2008,Whole Year,Black pepper,25,48,1.92
Assam,NALBARI,2008,Whole Year,Coconut,1380,10547000,7642.753623
Assam,NALBARI,2008,Whole Year,Dry chillies,309,188,0.608414239
Assam,NALBARI,2008,Whole Year,Dry ginger,190,1321,6.952631579
Assam,NALBARI,2008,Whole Year,Onion,175,175,1
Assam,NALBARI,2008,Whole Year,Potato,2200,14656,6.661818182
Assam,NALBARI,2008,Whole Year,Sugarcane,80,3125,39.0625
Assam,NALBARI,2008,Whole Year,Sweet potato,50,282,5.64
Assam,NALBARI,2008,Whole Year,Tapioca,15,115,7.666666667
Assam,NALBARI,2008,Whole Year,Tobacco,1,1,1
Assam,NALBARI,2008,Whole Year,Turmeric,390,361,0.925641026
Assam,NALBARI,2008,Winter,Rice,65000,109675,1.687307692
Assam,NALBARI,2009,Autumn,Rice,5904,2769,0.469004065
Assam,NALBARI,2009,Kharif,Arhar/Tur,95,57,0.6
Assam,NALBARI,2009,Kharif,Castor seed,5,3,0.6
Assam,NALBARI,2009,Kharif,Cotton(lint),1,1,1
Assam,NALBARI,2009,Kharif,Jute,900,6420,7.133333333
Assam,NALBARI,2009,Kharif,Maize,35,26,0.742857143
Assam,NALBARI,2009,Kharif,Mesta,45,175,3.888888889
Assam,NALBARI,2009,Kharif,Niger seed,105,55,0.523809524
Assam,NALBARI,2009,Kharif,Sesamum,330,172,0.521212121
Assam,NALBARI,2009,Kharif,Small millets,75,34,0.453333333
Assam,NALBARI,2009,Rabi,Banana,1280,18403,14.37734375
Assam,NALBARI,2009,Rabi,Gram,9,4,0.444444444
Assam,NALBARI,2009,Rabi,Linseed,200,116,0.58
Assam,NALBARI,2009,Rabi,Masoor,960,345,0.359375
Assam,NALBARI,2009,Rabi,Moong(Green Gram),196,83,0.423469388
Assam,NALBARI,2009,Rabi,Peas & beans (Pulses),740,575,0.777027027
Assam,NALBARI,2009,Rabi,Rapeseed &Mustard,5000,3260,0.652
Assam,NALBARI,2009,Rabi,Urad,600,355,0.591666667
Assam,NALBARI,2009,Rabi,Wheat,502,547,1.089641434
Assam,NALBARI,2009,Summer,Rice,6750,18482,2.738074074
Assam,NALBARI,2009,Whole Year,Arecanut,1980,2147,1.084343434
Assam,NALBARI,2009,Whole Year,Banana,1280,18403,14.37734375
Assam,NALBARI,2009,Whole Year,Black pepper,10,19,1.9
Assam,NALBARI,2009,Whole Year,Coconut,1390,8049000,5790.647482
Assam,NALBARI,2009,Whole Year,Dry chillies,300,215,0.716666667
Assam,NALBARI,2009,Whole Year,Dry ginger,166,1154,6.951807229
Assam,NALBARI,2009,Whole Year,Onion,150,150,1
Assam,NALBARI,2009,Whole Year,Potato,1550,13604,8.776774194
Assam,NALBARI,2009,Whole Year,Sugarcane,84,3276,39
Assam,NALBARI,2009,Whole Year,Sweet potato,80,450,5.625
Assam,NALBARI,2009,Whole Year,Tapioca,5,36,7.2
Assam,NALBARI,2009,Whole Year,Tobacco,1,1,1
Assam,NALBARI,2009,Whole Year,Turmeric,316,292,0.924050633
Assam,NALBARI,2009,Winter,Rice,64025,110123,1.72
Assam,NALBARI,2010,Autumn,Rice,5117,4790,0.936095368
Assam,NALBARI,2010,Kharif,Arhar/Tur,96,58,0.604166667
Assam,NALBARI,2010,Kharif,Castor seed,5,3,0.6
Assam,NALBARI,2010,Kharif,Cotton(lint),1,1,1
Assam,NALBARI,2010,Kharif,Jute,890,8420,9.460674157
Assam,NALBARI,2010,Kharif,Maize,35,26,0.742857143
Assam,NALBARI,2010,Kharif,Mesta,35,136,3.885714286
Assam,NALBARI,2010,Kharif,Niger seed,130,68,0.523076923
Assam,NALBARI,2010,Kharif,Sesamum,385,201,0.522077922
Assam,NALBARI,2010,Kharif,Small millets,80,37,0.4625
Assam,NALBARI,2010,Rabi,Arecanut,1980,2147,1.084343434
Assam,NALBARI,2010,Rabi,Banana,1300,18572,14.28615385
Assam,NALBARI,2010,Rabi,Gram,10,5,0.5
Assam,NALBARI,2010,Rabi,Linseed,300,175,0.583333333
Assam,NALBARI,2010,Rabi,Masoor,960,289,0.301041667
Assam,NALBARI,2010,Rabi,Moong(Green Gram),200,84,0.42
Assam,NALBARI,2010,Rabi,Peas & beans (Pulses),750,583,0.777333333
Assam,NALBARI,2010,Rabi,Rapeseed &Mustard,5000,2960,0.592
Assam,NALBARI,2010,Rabi,Urad,600,423,0.705
Assam,NALBARI,2010,Rabi,Wheat,575,705,1.226086957
Assam,NALBARI,2010,Summer,Rice,6950,18529,2.666043165
Assam,NALBARI,2010,Whole Year,Banana,1300,18572,14.28615385
Assam,NALBARI,2010,Whole Year,Black pepper,26,50,1.923076923
Assam,NALBARI,2010,Whole Year,Coconut,1390,8049000,5790.647482
Assam,NALBARI,2010,Whole Year,Dry chillies,380,221,0.581578947
Assam,NALBARI,2010,Whole Year,Dry ginger,195,1356,6.953846154
Assam,NALBARI,2010,Whole Year,Onion,180,180,1
Assam,NALBARI,2010,Whole Year,Potato,2150,17667,8.217209302
Assam,NALBARI,2010,Whole Year,Sugarcane,90,3518,39.08888889
Assam,NALBARI,2010,Whole Year,Sweet potato,80,450,5.625
Assam,NALBARI,2010,Whole Year,Tapioca,10,73,7.3
Assam,NALBARI,2010,Whole Year,Tobacco,1,1,1
Assam,NALBARI,2010,Whole Year,Turmeric,390,361,0.925641026
Assam,NALBARI,2010,Winter,Rice,64025,143672,2.243998438
Assam,NALBARI,2011,Autumn,Paddy,4525,3860,0.853038674
Assam,NALBARI,2011,Autumn,Rice,4525,3860,0.853038674
Assam,NALBARI,2011,Kharif,Arhar/Tur,98,60,0.612244898
Assam,NALBARI,2011,Kharif,Castor seed,4,2,0.5
Assam,NALBARI,2011,Kharif,Cotton(lint),1,1,1
Assam,NALBARI,2011,Kharif,Jute,2724,24667,9.055433186
Assam,NALBARI,2011,Kharif,Maize,46,39,0.847826087
Assam,NALBARI,2011,Kharif,Mesta,45,234,5.2
Assam,NALBARI,2011,Kharif,Niger seed,131,69,0.526717557
Assam,NALBARI,2011,Kharif,Orange,1,10,10
Assam,NALBARI,2011,Kharif,Papaya,215,5343,24.85116279
Assam,NALBARI,2011,Kharif,Sesamum,340,216,0.635294118
Assam,NALBARI,2011,Kharif,Small millets,76,37,0.486842105
Assam,NALBARI,2011,Kharif,Tapioca,7,68,9.714285714
Assam,NALBARI,2011,Kharif,Tobacco,1,1,1
Assam,NALBARI,2011,Rabi,Arecanut,2010,1604,0.79800995
Assam,NALBARI,2011,Rabi,Black pepper,28,54,1.928571429
Assam,NALBARI,2011,Rabi,Dry chillies,406,265,0.65270936
Assam,NALBARI,2011,Rabi,Ginger,230,1833,7.969565217
Assam,NALBARI,2011,Rabi,Gram,19,9,0.473684211
Assam,NALBARI,2011,Rabi,Linseed,305,196,0.642622951
Assam,NALBARI,2011,Rabi,Masoor,960,437,0.455208333
Assam,NALBARI,2011,Rabi,Moong(Green Gram),220,105,0.477272727
Assam,NALBARI,2011,Rabi,Peas & beans (Pulses),800,642,0.8025
Assam,NALBARI,2011,Rabi,Pineapple,67,917,13.68656716
Assam,NALBARI,2011,Rabi,Rapeseed &Mustard,6510,4034,0.619662058
Assam,NALBARI,2011,Rabi,Sweet potato,81,467,5.765432099
Assam,NALBARI,2011,Rabi,Urad,610,400,0.655737705
Assam,NALBARI,2011,Rabi,Wheat,570,533,0.935087719
Assam,NALBARI,2011,Summer,Paddy,10200,26653,2.613039216
Assam,NALBARI,2011,Summer,Rice,10200,26653,2.613039216
Assam,NALBARI,2011,Whole Year,Banana,1280,19169,14.97578125
Assam,NALBARI,2011,Whole Year,Coconut,1390,7818,5.624460432
Assam,NALBARI,2011,Whole Year,Onion,190,859,4.521052632
Assam,NALBARI,2011,Whole Year,Potato,2520,15749,6.249603175
Assam,NALBARI,2011,Whole Year,Sugarcane,100,3428,34.28
Assam,NALBARI,2011,Whole Year,Turmeric,400,385,0.9625
Assam,NALBARI,2011,Winter,Paddy,65000,110443,1.699123077
Assam,NALBARI,2011,Winter,Rice,65000,110443,1.699123077
Assam,NALBARI,2012,Autumn,Paddy,4930,6864,1.392292089
Assam,NALBARI,2012,Autumn,Rice,4930,6864,1.392292089
Assam,NALBARI,2012,Kharif,Arhar/Tur,100,67,0.67
Assam,NALBARI,2012,Kharif,Castor seed,2,1,0.5
Assam,NALBARI,2012,Kharif,Cotton(lint),2,1,0.5
Assam,NALBARI,2012,Kharif,Jute,4660,46494,9.977253219
Assam,NALBARI,2012,Kharif,Maize,110,93,0.845454545
Assam,NALBARI,2012,Kharif,Mesta,41,167,4.073170732
Assam,NALBARI,2012,Kharif,Niger seed,180,96,0.533333333
Assam,NALBARI,2012,Kharif,Orange,1,10,10
Assam,NALBARI,2012,Kharif,Papaya,190,4931,25.95263158
Assam,NALBARI,2012,Kharif,Sesamum,320,217,0.678125
Assam,NALBARI,2012,Kharif,Small millets,40,19,0.475
Assam,NALBARI,2012,Kharif,Tapioca,7,69,9.857142857
Assam,NALBARI,2012,Kharif,Tobacco,2,1,0.5
Assam,NALBARI,2012,Rabi,Arecanut,1450,1433,0.988275862
Assam,NALBARI,2012,Rabi,Black pepper,28,55,1.964285714
Assam,NALBARI,2012,Rabi,Dry chillies,406,272,0.669950739
Assam,NALBARI,2012,Rabi,Ginger,230,1835,7.97826087
Assam,NALBARI,2012,Rabi,Gram,19,9,0.473684211
Assam,NALBARI,2012,Rabi,Linseed,310,215,0.693548387
Assam,NALBARI,2012,Rabi,Masoor,4000,2028,0.507
Assam,NALBARI,2012,Rabi,Moong(Green Gram),200,106,0.53
Assam,NALBARI,2012,Rabi,Peas & beans (Pulses),2700,2203,0.815925926
Assam,NALBARI,2012,Rabi,Pineapple,61,907,14.86885246
Assam,NALBARI,2012,Rabi,Rapeseed &Mustard,8020,6713,0.837032419
Assam,NALBARI,2012,Rabi,Sweet potato,80,541,6.7625
Assam,NALBARI,2012,Rabi,Urad,519,339,0.653179191
Assam,NALBARI,2012,Rabi,Wheat,574,450,0.783972125
Assam,NALBARI,2012,Summer,Rice,10932,30336,2.774972558
Assam,NALBARI,2012,Whole Year,Banana,1280,20448,15.975
Assam,NALBARI,2012,Whole Year,Coconut,1390,10397,7.479856115
Assam,NALBARI,2012,Whole Year,Onion,160,742,4.6375
Assam,NALBARI,2012,Whole Year,Potato,4000,24076,6.019
Assam,NALBARI,2012,Whole Year,Sugarcane,224,7509,33.52232143
Assam,NALBARI,2012,Whole Year,Turmeric,425,412,0.969411765
Assam,NALBARI,2012,Winter,Paddy,65200,131912,2.023190184
Assam,NALBARI,2012,Winter,Rice,65200,131912,2.023190184
Assam,NALBARI,2013,Autumn,Paddy,4930,5701,1.156389452
Assam,NALBARI,2013,Autumn,Rice,4930,5701,1.156389452
Assam,NALBARI,2013,Kharif,Arhar/Tur,96,67,0.697916667
Assam,NALBARI,2013,Kharif,Castor seed,1,1,1
Assam,NALBARI,2013,Kharif,Cotton(lint),1,1,1
Assam,NALBARI,2013,Kharif,Jute,4704,41735,8.872236395
Assam,NALBARI,2013,Kharif,Maize,115,496,4.313043478
Assam,NALBARI,2013,Kharif,Mesta,40,164,4.1
Assam,NALBARI,2013,Kharif,Niger seed,221,121,0.547511312
Assam,NALBARI,2013,Kharif,Orange,1,10,10
Assam,NALBARI,2013,Kharif,Papaya,170,4412,25.95294118
Assam,NALBARI,2013,Kharif,Sesamum,324,225,0.694444444
Assam,NALBARI,2013,Kharif,Small millets,41,19,0.463414634
Assam,NALBARI,2013,Kharif,Tapioca,4,40,10
Assam,NALBARI,2013,Kharif,Tobacco,1,1,1
Assam,NALBARI,2013,Rabi,Arecanut,1390,1413,1.016546763
Assam,NALBARI,2013,Rabi,Black pepper,28,55,1.964285714
Assam,NALBARI,2013,Rabi,Dry chillies,408,273,0.669117647
Assam,NALBARI,2013,Rabi,Ginger,350,2793,7.98
Assam,NALBARI,2013,Rabi,Gram,20,10,0.5
Assam,NALBARI,2013,Rabi,Linseed,225,147,0.653333333
Assam,NALBARI,2013,Rabi,Masoor,4150,2154,0.519036145
Assam,NALBARI,2013,Rabi,Moong(Green Gram),250,133,0.532
Assam,NALBARI,2013,Rabi,Peas & beans (Pulses),3000,2505,0.835
Assam,NALBARI,2013,Rabi,Pineapple,60,892,14.86666667
Assam,NALBARI,2013,Rabi,Rapeseed &Mustard,8650,6029,0.69699422
Assam,NALBARI,2013,Rabi,Sweet potato,100,677,6.77
Assam,NALBARI,2013,Rabi,Urad,475,313,0.658947368
Assam,NALBARI,2013,Rabi,Wheat,700,640,0.914285714
Assam,NALBARI,2013,Summer,Paddy,11000,31823,2.893
Assam,NALBARI,2013,Summer,Rice,11000,31823,2.893
Assam,NALBARI,2013,Whole Year,Banana,1280,20448,15.975
Assam,NALBARI,2013,Whole Year,Coconut,1380,9945,7.206521739
Assam,NALBARI,2013,Whole Year,Onion,170,788,4.635294118
Assam,NALBARI,2013,Whole Year,Potato,4300,27617,6.42255814
Assam,NALBARI,2013,Whole Year,Sugarcane,250,8507,34.028
Assam,NALBARI,2013,Whole Year,Turmeric,410,398,0.970731707
Assam,NALBARI,2013,Winter,Paddy,62000,115850,1.868548387
Assam,NALBARI,2013,Winter,Rice,62000,115850,1.868548387
Assam,NALBARI,2014,Autumn,Paddy,2000,3167,1.5835
Assam,NALBARI,2014,Autumn,Rice,2000,3167,1.5835
Assam,NALBARI,2014,Kharif,Arhar/Tur,90,69,0.766666667
Assam,NALBARI,2014,Kharif,Castor seed,1,1,1
Assam,NALBARI,2014,Kharif,Cotton(lint),1,1,1
Assam,NALBARI,2014,Kharif,Jute,2010,16406,8.162189055
Assam,NALBARI,2014,Kharif,Maize,70,215,3.071428571
Assam,NALBARI,2014,Kharif,Mesta,36,151,4.194444444
Assam,NALBARI,2014,Kharif,Niger seed,182,100,0.549450549
Assam,NALBARI,2014,Kharif,Orange,1,10,10
Assam,NALBARI,2014,Kharif,Papaya,180,4671,25.95
Assam,NALBARI,2014,Kharif,Sesamum,305,222,0.727868852
Assam,NALBARI,2014,Kharif,Small millets,20,12,0.6
Assam,NALBARI,2014,Kharif,Tapioca,2,20,10
Assam,NALBARI,2014,Kharif,Tobacco,1,1,1
Assam,NALBARI,2014,Rabi,Black pepper,22,44,2
Assam,NALBARI,2014,Rabi,Dry chillies,432,292,0.675925926
Assam,NALBARI,2014,Rabi,Ginger,382,3050,7.984293194
Assam,NALBARI,2014,Rabi,Gram,17,11,0.647058824
Assam,NALBARI,2014,Rabi,Linseed,185,150,0.810810811
Assam,NALBARI,2014,Rabi,Masoor,3825,2567,0.671111111
Assam,NALBARI,2014,Rabi,Moong(Green Gram),345,203,0.588405797
Assam,NALBARI,2014,Rabi,Peas & beans (Pulses),2720,3016,1.108823529
Assam,NALBARI,2014,Rabi,Pineapple,60,892,14.86666667
Assam,NALBARI,2014,Rabi,Rapeseed &Mustard,8655,6985,0.807047949
Assam,NALBARI,2014,Rabi,Sweet potato,78,528,6.769230769
Assam,NALBARI,2014,Rabi,Urad,517,346,0.669245648
Assam,NALBARI,2014,Rabi,Wheat,390,467,1.197435897
Assam,NALBARI,2014,Summer,Paddy,12375,36420,2.943030303
Assam,NALBARI,2014,Summer,Rice,12375,36420,2.943030303
Assam,NALBARI,2014,Whole Year,Banana,1074,17157,15.97486034
Assam,NALBARI,2014,Whole Year,Onion,245,1139,4.648979592
Assam,NALBARI,2014,Whole Year,Potato,4500,29183,6.485111111
Assam,NALBARI,2014,Whole Year,Sugarcane,220,7385,33.56818182
Assam,NALBARI,2014,Whole Year,Turmeric,425,414,0.974117647
Assam,NALBARI,2014,Winter,Paddy,62000,144858,2.336419355
Assam,NALBARI,2014,Winter,Rice,62000,144858,2.336419355
Assam,SIVASAGAR,1997,Autumn,Rice,2512,2408,0.958598726
Assam,SIVASAGAR,1997,Kharif,Arhar/Tur,22,13,0.590909091
Assam,SIVASAGAR,1997,Kharif,Castor seed,20,8,0.4
Assam,SIVASAGAR,1997,Kharif,Cotton(lint),9,4,0.444444444
Assam,SIVASAGAR,1997,Kharif,Jute,61,582,9.540983607
Assam,SIVASAGAR,1997,Kharif,Maize,55,37,0.672727273
Assam,SIVASAGAR,1997,Kharif,Mesta,13,61,4.692307692
Assam,SIVASAGAR,1997,Kharif,Sugarcane,114,4687,41.11403509
Assam,SIVASAGAR,1997,Rabi,Gram,13,6,0.461538462
Assam,SIVASAGAR,1997,Rabi,Linseed,4,2,0.5
Assam,SIVASAGAR,1997,Rabi,Other  Rabi pulses,1752,849,0.484589041
Assam,SIVASAGAR,1997,Rabi,Rapeseed &Mustard,2107,1188,0.563834836
Assam,SIVASAGAR,1997,Rabi,Wheat,251,326,1.298804781
Assam,SIVASAGAR,1997,Summer,Rice,10,12,1.2
Assam,SIVASAGAR,1997,Whole Year,Arecanut,5930,6372,1.074536256
Assam,SIVASAGAR,1997,Whole Year,Coconut,567,3149,5.553791887
Assam,SIVASAGAR,1997,Whole Year,Dry chillies,212,181,0.853773585
Assam,SIVASAGAR,1997,Whole Year,Onion,83,201,2.421686747
Assam,SIVASAGAR,1997,Whole Year,Potato,1279,9683,7.570758405
Assam,SIVASAGAR,1997,Whole Year,Sesamum,61,20,0.327868852
Assam,SIVASAGAR,1997,Whole Year,Sweet potato,110,415,3.772727273
Assam,SIVASAGAR,1997,Whole Year,Tapioca,12,47,3.916666667
Assam,SIVASAGAR,1997,Whole Year,Turmeric,225,207,0.92
Assam,SIVASAGAR,1997,Winter,Rice,102181,103028,1.008289212
Assam,SIVASAGAR,1998,Autumn,Rice,1443,1986,1.376299376
Assam,SIVASAGAR,1998,Kharif,Arhar/Tur,23,13,0.565217391
Assam,SIVASAGAR,1998,Kharif,Castor seed,19,8,0.421052632
Assam,SIVASAGAR,1998,Kharif,Cotton(lint),7,2,0.285714286
Assam,SIVASAGAR,1998,Kharif,Jute,57,497,8.719298246
Assam,SIVASAGAR,1998,Kharif,Maize,50,34,0.68
Assam,SIVASAGAR,1998,Kharif,Mesta,3,52,17.33333333
Assam,SIVASAGAR,1998,Kharif,Sesamum,70,25,0.357142857
Assam,SIVASAGAR,1998,Kharif,Small millets,1,1,1
Assam,SIVASAGAR,1998,Rabi,Gram,13,6,0.461538462
Assam,SIVASAGAR,1998,Rabi,Linseed,4,2,0.5
Assam,SIVASAGAR,1998,Rabi,Other  Rabi pulses,1670,842,0.504191617
Assam,SIVASAGAR,1998,Rabi,Rapeseed &Mustard,2761,1465,0.530604853
Assam,SIVASAGAR,1998,Rabi,Wheat,488,493,1.010245902
Assam,SIVASAGAR,1998,Summer,Rice,74,147,1.986486486
Assam,SIVASAGAR,1998,Whole Year,Arecanut,6020,4597,0.763621262
Assam,SIVASAGAR,1998,Whole Year,Banana,1920,27412,14.27708333
Assam,SIVASAGAR,1998,Whole Year,Coconut,565,4186000,7408.849558
Assam,SIVASAGAR,1998,Whole Year,Dry chillies,221,187,0.846153846
Assam,SIVASAGAR,1998,Whole Year,Onion,80,198,2.475
Assam,SIVASAGAR,1998,Whole Year,Potato,1187,13571,11.43302443
Assam,SIVASAGAR,1998,Whole Year,Sugarcane,102,4083,40.02941176
Assam,SIVASAGAR,1998,Whole Year,Sweet potato,135,511,3.785185185
Assam,SIVASAGAR,1998,Whole Year,Tapioca,8,33,4.125
Assam,SIVASAGAR,1998,Whole Year,Tobacco,15,9,0.6
Assam,SIVASAGAR,1998,Whole Year,Turmeric,303,250,0.825082508
Assam,SIVASAGAR,1998,Winter,Rice,88425,145785,1.648685327
Assam,SIVASAGAR,1999,Autumn,Rice,1835,2345,1.277929155
Assam,SIVASAGAR,1999,Kharif,Arhar/Tur,14,8,0.571428571
Assam,SIVASAGAR,1999,Kharif,Castor seed,20,8,0.4
Assam,SIVASAGAR,1999,Kharif,Cotton(lint),6,2,0.333333333
Assam,SIVASAGAR,1999,Kharif,Jute,50,446,8.92
Assam,SIVASAGAR,1999,Kharif,Maize,52,35,0.673076923
Assam,SIVASAGAR,1999,Kharif,Mesta,10,47,4.7
Assam,SIVASAGAR,1999,Kharif,Sesamum,77,25,0.324675325
Assam,SIVASAGAR,1999,Kharif,Small millets,5,3,0.6
Assam,SIVASAGAR,1999,Rabi,Gram,12,6,0.5
Assam,SIVASAGAR,1999,Rabi,Linseed,2,2,1
Assam,SIVASAGAR,1999,Rabi,Other  Rabi pulses,1744,812,0.46559633
Assam,SIVASAGAR,1999,Rabi,Rapeseed &Mustard,2084,1259,0.604126679
Assam,SIVASAGAR,1999,Rabi,Wheat,366,469,1.281420765
Assam,SIVASAGAR,1999,Summer,Rice,126,280,2.222222222
Assam,SIVASAGAR,1999,Whole Year,Arecanut,4335,2492,0.574855825
Assam,SIVASAGAR,1999,Whole Year,Banana,1962,27841,14.19011213
Assam,SIVASAGAR,1999,Whole Year,Coconut,566,2372000,4190.812721
Assam,SIVASAGAR,1999,Whole Year,Dry chillies,231,196,0.848484848
Assam,SIVASAGAR,1999,Whole Year,Onion,86,210,2.441860465
Assam,SIVASAGAR,1999,Whole Year,Potato,1224,8745,7.144607843
Assam,SIVASAGAR,1999,Whole Year,Sugarcane,98,3888,39.67346939
Assam,SIVASAGAR,1999,Whole Year,Sweet potato,144,553,3.840277778
Assam,SIVASAGAR,1999,Whole Year,Tapioca,9,35,3.888888889
Assam,SIVASAGAR,1999,Whole Year,Tobacco,13,7,0.538461538
Assam,SIVASAGAR,1999,Whole Year,Turmeric,243,211,0.868312757
Assam,SIVASAGAR,1999,Winter,Rice,96019,175077,1.823357877
Assam,SIVASAGAR,2000,Autumn,Rice,2245,3378,1.50467706
Assam,SIVASAGAR,2000,Kharif,Arhar/Tur,14,9,0.642857143
Assam,SIVASAGAR,2000,Kharif,Castor seed,12,5,0.416666667
Assam,SIVASAGAR,2000,Kharif,Cotton(lint),8,4,0.5
Assam,SIVASAGAR,2000,Kharif,Jute,53,509,9.603773585
Assam,SIVASAGAR,2000,Kharif,Maize,53,36,0.679245283
Assam,SIVASAGAR,2000,Kharif,Mesta,9,47,5.222222222
Assam,SIVASAGAR,2000,Kharif,Sesamum,76,25,0.328947368
Assam,SIVASAGAR,2000,Kharif,Small millets,5,3,0.6
Assam,SIVASAGAR,2000,Rabi,Gram,12,6,0.5
Assam,SIVASAGAR,2000,Rabi,Linseed,2,2,1
Assam,SIVASAGAR,2000,Rabi,Other  Rabi pulses,1250,529,0.4232
Assam,SIVASAGAR,2000,Rabi,Rapeseed &Mustard,1968,988,0.50203252
Assam,SIVASAGAR,2000,Rabi,Wheat,134,163,1.21641791
Assam,SIVASAGAR,2000,Summer,Rice,444,918,2.067567568
Assam,SIVASAGAR,2000,Whole Year,Arecanut,4347,7385,1.698872786
Assam,SIVASAGAR,2000,Whole Year,Banana,1980,26977,13.62474747
Assam,SIVASAGAR,2000,Whole Year,Coconut,575,3693000,6422.608696
Assam,SIVASAGAR,2000,Whole Year,Dry chillies,210,180,0.857142857
Assam,SIVASAGAR,2000,Whole Year,Onion,92,224,2.434782609
Assam,SIVASAGAR,2000,Whole Year,Potato,1123,7468,6.650044524
Assam,SIVASAGAR,2000,Whole Year,Sugarcane,106,3911,36.89622642
Assam,SIVASAGAR,2000,Whole Year,Sweet potato,153,575,3.758169935
Assam,SIVASAGAR,2000,Whole Year,Tapioca,8,32,4
Assam,SIVASAGAR,2000,Whole Year,Tobacco,12,6,0.5
Assam,SIVASAGAR,2000,Whole Year,Turmeric,248,213,0.858870968
Assam,SIVASAGAR,2000,Winter,Rice,97210,183026,1.882789836
Assam,SIVASAGAR,2001,Autumn,Rice,2014,3015,1.497020854
Assam,SIVASAGAR,2001,Kharif,Arhar/Tur,16,10,0.625
Assam,SIVASAGAR,2001,Kharif,Castor seed,12,5,0.416666667
Assam,SIVASAGAR,2001,Kharif,Cotton(lint),8,4,0.5
Assam,SIVASAGAR,2001,Kharif,Jute,46,455,9.891304348
Assam,SIVASAGAR,2001,Kharif,Maize,56,38,0.678571429
Assam,SIVASAGAR,2001,Kharif,Mesta,9,44,4.888888889
Assam,SIVASAGAR,2001,Kharif,Sesamum,71,23,0.323943662
Assam,SIVASAGAR,2001,Kharif,Small millets,5,3,0.6
Assam,SIVASAGAR,2001,Rabi,Gram,10,5,0.5
Assam,SIVASAGAR,2001,Rabi,Linseed,2,2,1
Assam,SIVASAGAR,2001,Rabi,Masoor,268,111,0.414179104
Assam,SIVASAGAR,2001,Rabi,Moong(Green Gram),69,27,0.391304348
Assam,SIVASAGAR,2001,Rabi,Other  Rabi pulses,1176,575,0.488945578
Assam,SIVASAGAR,2001,Rabi,Peas & beans (Pulses),265,153,0.577358491
Assam,SIVASAGAR,2001,Rabi,Rapeseed &Mustard,1864,787,0.4222103
Assam,SIVASAGAR,2001,Rabi,Urad,399,222,0.556390977
Assam,SIVASAGAR,2001,Rabi,Wheat,373,441,1.18230563
Assam,SIVASAGAR,2001,Summer,Rice,283,573,2.024734982
Assam,SIVASAGAR,2001,Whole Year,Arecanut,4356,4795,1.100780533
Assam,SIVASAGAR,2001,Whole Year,Banana,2035,28543,14.02604423
Assam,SIVASAGAR,2001,Whole Year,Coconut,579,5039000,8702.936097
Assam,SIVASAGAR,2001,Whole Year,Dry chillies,228,195,0.855263158
Assam,SIVASAGAR,2001,Whole Year,Onion,92,229,2.489130435
Assam,SIVASAGAR,2001,Whole Year,Potato,1104,7325,6.634963768
Assam,SIVASAGAR,2001,Whole Year,Sugarcane,111,4132,37.22522523
Assam,SIVASAGAR,2001,Whole Year,Sweet potato,162,609,3.759259259
Assam,SIVASAGAR,2001,Whole Year,Tapioca,8,32,4
Assam,SIVASAGAR,2001,Whole Year,Tobacco,12,6,0.5
Assam,SIVASAGAR,2001,Whole Year,Turmeric,260,225,0.865384615
Assam,SIVASAGAR,2001,Winter,Rice,97255,198095,2.036861858
Assam,SIVASAGAR,2002,Autumn,Rice,2023,1940,0.958971824
Assam,SIVASAGAR,2002,Kharif,Arhar/Tur,19,12,0.631578947
Assam,SIVASAGAR,2002,Kharif,Castor seed,13,5,0.384615385
Assam,SIVASAGAR,2002,Kharif,Cotton(lint),9,4,0.444444444
Assam,SIVASAGAR,2002,Kharif,Jute,47,479,10.19148936
Assam,SIVASAGAR,2002,Kharif,Maize,61,42,0.68852459
Assam,SIVASAGAR,2002,Kharif,Mesta,9,45,5
Assam,SIVASAGAR,2002,Kharif,Sesamum,68,23,0.338235294
Assam,SIVASAGAR,2002,Kharif,Small millets,10,6,0.6
Assam,SIVASAGAR,2002,Rabi,Gram,10,5,0.5
Assam,SIVASAGAR,2002,Rabi,Linseed,2,2,1
Assam,SIVASAGAR,2002,Rabi,Masoor,25,11,0.44
Assam,SIVASAGAR,2002,Rabi,Moong(Green Gram),54,20,0.37037037
Assam,SIVASAGAR,2002,Rabi,Other  Rabi pulses,952,459,0.482142857
Assam,SIVASAGAR,2002,Rabi,Peas & beans (Pulses),297,167,0.562289562
Assam,SIVASAGAR,2002,Rabi,Rapeseed &Mustard,1695,867,0.511504425
Assam,SIVASAGAR,2002,Rabi,Urad,400,199,0.4975
Assam,SIVASAGAR,2002,Rabi,Wheat,246,278,1.130081301
Assam,SIVASAGAR,2002,Summer,Rice,180,343,1.905555556
Assam,SIVASAGAR,2002,Whole Year,Arecanut,4353,2752,0.632207673
Assam,SIVASAGAR,2002,Whole Year,Banana,2091,28479,13.61979914
Assam,SIVASAGAR,2002,Whole Year,Coconut,597,4578000,7668.341709
Assam,SIVASAGAR,2002,Whole Year,Dry chillies,226,193,0.853982301
Assam,SIVASAGAR,2002,Whole Year,Onion,98,241,2.459183673
Assam,SIVASAGAR,2002,Whole Year,Orange,81,729,9
Assam,SIVASAGAR,2002,Whole Year,Papaya,171,2504,14.64327485
Assam,SIVASAGAR,2002,Whole Year,Pineapple,218,2852,13.08256881
Assam,SIVASAGAR,2002,Whole Year,Potato,1210,8086,6.682644628
Assam,SIVASAGAR,2002,Whole Year,Sugarcane,109,3970,36.42201835
Assam,SIVASAGAR,2002,Whole Year,Sweet potato,163,610,3.742331288
Assam,SIVASAGAR,2002,Whole Year,Tapioca,8,31,3.875
Assam,SIVASAGAR,2002,Whole Year,Tobacco,12,6,0.5
Assam,SIVASAGAR,2002,Whole Year,Turmeric,281,240,0.854092527
Assam,SIVASAGAR,2002,Winter,Rice,97649,185655,1.901248349
Assam,SIVASAGAR,2003,Autumn,Rice,1485,2035,1.37037037
Assam,SIVASAGAR,2003,Kharif,Arhar/Tur,22,13,0.590909091
Assam,SIVASAGAR,2003,Kharif,Castor seed,10,4,0.4
Assam,SIVASAGAR,2003,Kharif,Cotton(lint),9,5,0.555555556
Assam,SIVASAGAR,2003,Kharif,Jute,45,468,10.4
Assam,SIVASAGAR,2003,Kharif,Maize,67,46,0.686567164
Assam,SIVASAGAR,2003,Kharif,Mesta,10,50,5
Assam,SIVASAGAR,2003,Kharif,Sesamum,64,19,0.296875
Assam,SIVASAGAR,2003,Kharif,Small millets,3,2,0.666666667
Assam,SIVASAGAR,2003,Rabi,Gram,8,4,0.5
Assam,SIVASAGAR,2003,Rabi,Linseed,2,2,1
Assam,SIVASAGAR,2003,Rabi,Masoor,78,28,0.358974359
Assam,SIVASAGAR,2003,Rabi,Moong(Green Gram),27,10,0.37037037
Assam,SIVASAGAR,2003,Rabi,other misc. pulses,172,60,0.348837209
Assam,SIVASAGAR,2003,Rabi,Peas & beans (Pulses),281,149,0.53024911
Assam,SIVASAGAR,2003,Rabi,Rapeseed &Mustard,1047,439,0.419293219
Assam,SIVASAGAR,2003,Rabi,Urad,358,187,0.522346369
Assam,SIVASAGAR,2003,Rabi,Wheat,333,272,0.816816817
Assam,SIVASAGAR,2003,Summer,Rice,252,452,1.793650794
Assam,SIVASAGAR,2003,Whole Year,Arecanut,3913,3301,0.843598262
Assam,SIVASAGAR,2003,Whole Year,Banana,2062,28023,13.59020369
Assam,SIVASAGAR,2003,Whole Year,Coconut,581,3786000,6516.351119
Assam,SIVASAGAR,2003,Whole Year,Dry chillies,118,88,0.745762712
Assam,SIVASAGAR,2003,Whole Year,Onion,94,228,2.425531915
Assam,SIVASAGAR,2003,Whole Year,Orange,79,735,9.303797468
Assam,SIVASAGAR,2003,Whole Year,Papaya,174,2529,14.53448276
Assam,SIVASAGAR,2003,Whole Year,Pineapple,247,3280,13.27935223
Assam,SIVASAGAR,2003,Whole Year,Potato,958,5056,5.277661795
Assam,SIVASAGAR,2003,Whole Year,Sugarcane,111,4283,38.58558559
Assam,SIVASAGAR,2003,Whole Year,Sweet potato,145,542,3.737931034
Assam,SIVASAGAR,2003,Whole Year,Tapioca,12,42,3.5
Assam,SIVASAGAR,2003,Whole Year,Tobacco,10,5,0.5
Assam,SIVASAGAR,2003,Whole Year,Turmeric,282,233,0.826241135
Assam,SIVASAGAR,2003,Winter,Rice,97710,219623,2.247702385
Assam,SIVASAGAR,2004,Autumn,Rice,1614,2159,1.337670384
Assam,SIVASAGAR,2004,Kharif,Arhar/Tur,20,12,0.6
Assam,SIVASAGAR,2004,Kharif,Castor seed,8,3,0.375
Assam,SIVASAGAR,2004,Kharif,Cotton(lint),9,5,0.555555556
Assam,SIVASAGAR,2004,Kharif,Jute,48,339,7.0625
Assam,SIVASAGAR,2004,Kharif,Mesta,6,29,4.833333333
Assam,SIVASAGAR,2004,Kharif,Sesamum,65,20,0.307692308
Assam,SIVASAGAR,2004,Kharif,Small millets,2,2,1
Assam,SIVASAGAR,2004,Rabi,Gram,9,5,0.555555556
Assam,SIVASAGAR,2004,Rabi,Linseed,3,1,0.333333333
Assam,SIVASAGAR,2004,Rabi,Masoor,14,6,0.428571429
Assam,SIVASAGAR,2004,Rabi,Moong(Green Gram),34,13,0.382352941
Assam,SIVASAGAR,2004,Rabi,Peas & beans (Pulses),313,176,0.562300319
Assam,SIVASAGAR,2004,Rabi,Rapeseed &Mustard,1024,675,0.659179688
Assam,SIVASAGAR,2004,Rabi,Urad,354,203,0.573446328
Assam,SIVASAGAR,2004,Rabi,Wheat,301,322,1.069767442
Assam,SIVASAGAR,2004,Summer,Rice,198,388,1.95959596
Assam,SIVASAGAR,2004,Whole Year,Coconut,546,4373000,8009.157509
Assam,SIVASAGAR,2004,Whole Year,Dry chillies,117,88,0.752136752
Assam,SIVASAGAR,2004,Whole Year,Onion,97,239,2.463917526
Assam,SIVASAGAR,2004,Whole Year,Potato,895,8766,9.794413408
Assam,SIVASAGAR,2004,Whole Year,Sugarcane,120,4430,36.91666667
Assam,SIVASAGAR,2004,Whole Year,Sweet potato,137,513,3.744525547
Assam,SIVASAGAR,2004,Whole Year,Tobacco,8,4,0.5
Assam,SIVASAGAR,2004,Whole Year,Turmeric,275,228,0.829090909
Assam,SIVASAGAR,2004,Winter,Rice,98450,221214,2.246968004
Assam,SIVASAGAR,2005,Autumn,Rice,719,1224,1.702364395
Assam,SIVASAGAR,2005,Kharif,Arhar/Tur,31,20,0.64516129
Assam,SIVASAGAR,2005,Kharif,Castor seed,9,4,0.444444444
Assam,SIVASAGAR,2005,Kharif,Cotton(lint),9,4,0.444444444
Assam,SIVASAGAR,2005,Kharif,Jute,42,429,10.21428571
Assam,SIVASAGAR,2005,Kharif,Maize,98,68,0.693877551
Assam,SIVASAGAR,2005,Kharif,Mesta,4,20,5
Assam,SIVASAGAR,2005,Kharif,Sesamum,41,12,0.292682927
Assam,SIVASAGAR,2005,Kharif,Small millets,3,2,0.666666667
Assam,SIVASAGAR,2005,Rabi,Gram,14,6,0.428571429
Assam,SIVASAGAR,2005,Rabi,Linseed,1,1,1
Assam,SIVASAGAR,2005,Rabi,Masoor,7,3,0.428571429
Assam,SIVASAGAR,2005,Rabi,Moong(Green Gram),38,14,0.368421053
Assam,SIVASAGAR,2005,Rabi,Other  Rabi pulses,579,291,0.502590674
Assam,SIVASAGAR,2005,Rabi,Peas & beans (Pulses),225,129,0.573333333
Assam,SIVASAGAR,2005,Rabi,Rapeseed &Mustard,882,561,0.636054422
Assam,SIVASAGAR,2005,Rabi,Urad,215,106,0.493023256
Assam,SIVASAGAR,2005,Rabi,Wheat,31,33,1.064516129
Assam,SIVASAGAR,2005,Summer,Rice,78,139,1.782051282
Assam,SIVASAGAR,2005,Whole Year,Arecanut,3532,2884,0.816534541
Assam,SIVASAGAR,2005,Whole Year,Banana,1858,24663,13.27395048
Assam,SIVASAGAR,2005,Whole Year,Dry chillies,140,107,0.764285714
Assam,SIVASAGAR,2005,Whole Year,Onion,85,214,2.517647059
Assam,SIVASAGAR,2005,Whole Year,Potato,833,3875,4.651860744
Assam,SIVASAGAR,2005,Whole Year,Sugarcane,124,4611,37.18548387
Assam,SIVASAGAR,2005,Whole Year,Sweet potato,130,487,3.746153846
Assam,SIVASAGAR,2005,Whole Year,Tapioca,12,50,4.166666667
Assam,SIVASAGAR,2005,Whole Year,Tobacco,3,2,0.666666667
Assam,SIVASAGAR,2005,Whole Year,Turmeric,381,297,0.779527559
Assam,SIVASAGAR,2005,Winter,Rice,100494,184184,1.832786037
Assam,SIVASAGAR,2006,Autumn,Rice,994,1655,1.66498994
Assam,SIVASAGAR,2006,Kharif,Arhar/Tur,26,16,0.615384615
Assam,SIVASAGAR,2006,Kharif,Castor seed,5,3,0.6
Assam,SIVASAGAR,2006,Kharif,Cotton(lint),10,5,0.5
Assam,SIVASAGAR,2006,Kharif,Jute,47,455,9.680851064
Assam,SIVASAGAR,2006,Kharif,Maize,65,44,0.676923077
Assam,SIVASAGAR,2006,Kharif,Mesta,3,15,5
Assam,SIVASAGAR,2006,Kharif,Niger seed,105,53,0.504761905
Assam,SIVASAGAR,2006,Kharif,Sesamum,45,14,0.311111111
Assam,SIVASAGAR,2006,Kharif,Small millets,4,3,0.75
Assam,SIVASAGAR,2006,Rabi,Gram,4,1,0.25
Assam,SIVASAGAR,2006,Rabi,Masoor,74,27,0.364864865
Assam,SIVASAGAR,2006,Rabi,Moong(Green Gram),36,13,0.361111111
Assam,SIVASAGAR,2006,Rabi,Other  Rabi pulses,38,13,0.342105263
Assam,SIVASAGAR,2006,Rabi,Peas & beans (Pulses),203,126,0.620689655
Assam,SIVASAGAR,2006,Rabi,Rapeseed &Mustard,960,390,0.40625
Assam,SIVASAGAR,2006,Rabi,Urad,217,111,0.511520737
Assam,SIVASAGAR,2006,Rabi,Wheat,105,95,0.904761905
Assam,SIVASAGAR,2006,Summer,Rice,76,153,2.013157895
Assam,SIVASAGAR,2006,Whole Year,Arecanut,3441,2288,0.664922988
Assam,SIVASAGAR,2006,Whole Year,Banana,1769,23435,13.24759751
Assam,SIVASAGAR,2006,Whole Year,Coconut,558,4233000,7586.021505
Assam,SIVASAGAR,2006,Whole Year,Dry chillies,128,99,0.7734375
Assam,SIVASAGAR,2006,Whole Year,Onion,80,202,2.525
Assam,SIVASAGAR,2006,Whole Year,Potato,861,5054,5.869918699
Assam,SIVASAGAR,2006,Whole Year,Sugarcane,112,4439,39.63392857
Assam,SIVASAGAR,2006,Whole Year,Sweet potato,98,373,3.806122449
Assam,SIVASAGAR,2006,Whole Year,Tapioca,12,42,3.5
Assam,SIVASAGAR,2006,Whole Year,Tobacco,3,2,0.666666667
Assam,SIVASAGAR,2006,Whole Year,Turmeric,324,260,0.802469136
Assam,SIVASAGAR,2006,Winter,Rice,96103,143528,1.493480953
Assam,SIVASAGAR,2007,Autumn,Rice,229,248,1.082969432
Assam,SIVASAGAR,2007,Kharif,Arhar/Tur,27,17,0.62962963
Assam,SIVASAGAR,2007,Kharif,Castor seed,10,5,0.5
Assam,SIVASAGAR,2007,Kharif,Cotton(lint),20,8,0.4
Assam,SIVASAGAR,2007,Kharif,Jute,53,582,10.98113208
Assam,SIVASAGAR,2007,Kharif,Maize,73,50,0.684931507
Assam,SIVASAGAR,2007,Kharif,Mesta,1,5,5
Assam,SIVASAGAR,2007,Kharif,Sesamum,36,11,0.305555556
Assam,SIVASAGAR,2007,Kharif,Small millets,5,3,0.6
Assam,SIVASAGAR,2007,Rabi,Gram,11,4,0.363636364
Assam,SIVASAGAR,2007,Rabi,Linseed,1,1,1
Assam,SIVASAGAR,2007,Rabi,Masoor,19,7,0.368421053
Assam,SIVASAGAR,2007,Rabi,Moong(Green Gram),45,16,0.355555556
Assam,SIVASAGAR,2007,Rabi,Other  Rabi pulses,136,47,0.345588235
Assam,SIVASAGAR,2007,Rabi,Peas & beans (Pulses),469,304,0.648187633
Assam,SIVASAGAR,2007,Rabi,Rapeseed &Mustard,1619,876,0.541074737
Assam,SIVASAGAR,2007,Rabi,Urad,236,126,0.533898305
Assam,SIVASAGAR,2007,Rabi,Wheat,116,146,1.25862069
Assam,SIVASAGAR,2007,Summer,Rice,16,37,2.3125
Assam,SIVASAGAR,2007,Whole Year,Arecanut,3435,2574,0.749344978
Assam,SIVASAGAR,2007,Whole Year,Banana,1528,20450,13.38350785
Assam,SIVASAGAR,2007,Whole Year,Black pepper,292,532,1.821917808
Assam,SIVASAGAR,2007,Whole Year,Coconut,506,5598000,11063.24111
Assam,SIVASAGAR,2007,Whole Year,Dry chillies,192,157,0.817708333
Assam,SIVASAGAR,2007,Whole Year,Dry ginger,808,4570,5.655940594
Assam,SIVASAGAR,2007,Whole Year,Onion,81,205,2.530864198
Assam,SIVASAGAR,2007,Whole Year,Potato,892,4945,5.543721973
Assam,SIVASAGAR,2007,Whole Year,Sugarcane,127,4835,38.07086614
Assam,SIVASAGAR,2007,Whole Year,Sweet potato,130,459,3.530769231
Assam,SIVASAGAR,2007,Whole Year,Tapioca,11,41,3.727272727
Assam,SIVASAGAR,2007,Whole Year,Tobacco,5,3,0.6
Assam,SIVASAGAR,2007,Whole Year,Turmeric,408,316,0.774509804
Assam,SIVASAGAR,2007,Winter,Rice,93249,157967,1.694034252
Assam,SIVASAGAR,2008,Autumn,Rice,405,356,0.879012346
Assam,SIVASAGAR,2008,Kharif,Arhar/Tur,15,9,0.6
Assam,SIVASAGAR,2008,Kharif,Castor seed,8,4,0.5
Assam,SIVASAGAR,2008,Kharif,Cotton(lint),9,4,0.444444444
Assam,SIVASAGAR,2008,Kharif,Jute,69,744,10.7826087
Assam,SIVASAGAR,2008,Kharif,Maize,36,25,0.694444444
Assam,SIVASAGAR,2008,Kharif,Sesamum,42,12,0.285714286
Assam,SIVASAGAR,2008,Kharif,Small millets,5,2,0.4
Assam,SIVASAGAR,2008,Rabi,Blackgram,267,155,0.580524345
Assam,SIVASAGAR,2008,Rabi,Gram,3,1,0.333333333
Assam,SIVASAGAR,2008,Rabi,Masoor,7,4,0.571428571
Assam,SIVASAGAR,2008,Rabi,Moong(Green Gram),40,14,0.35
Assam,SIVASAGAR,2008,Rabi,Peas & beans (Pulses),327,246,0.752293578
Assam,SIVASAGAR,2008,Rabi,Rapeseed &Mustard,1104,636,0.576086957
Assam,SIVASAGAR,2008,Rabi,Urad,267,155,0.580524345
Assam,SIVASAGAR,2008,Rabi,Wheat,85,92,1.082352941
Assam,SIVASAGAR,2008,Summer,Rice,85,181,2.129411765
Assam,SIVASAGAR,2008,Whole Year,Arecanut,3175,2438,0.767874016
Assam,SIVASAGAR,2008,Whole Year,Banana,1576,22194,14.08248731
Assam,SIVASAGAR,2008,Whole Year,Black pepper,296,539,1.820945946
Assam,SIVASAGAR,2008,Whole Year,Coconut,493,4225000,8569.979716
Assam,SIVASAGAR,2008,Whole Year,Dry chillies,107,83,0.775700935
Assam,SIVASAGAR,2008,Whole Year,Dry ginger,267,1511,5.65917603
Assam,SIVASAGAR,2008,Whole Year,Onion,72,184,2.555555556
Assam,SIVASAGAR,2008,Whole Year,Potato,622,2987,4.802250804
Assam,SIVASAGAR,2008,Whole Year,Sugarcane,124,4760,38.38709677
Assam,SIVASAGAR,2008,Whole Year,Sweet potato,80,296,3.7
Assam,SIVASAGAR,2008,Whole Year,Tapioca,11,39,3.545454545
Assam,SIVASAGAR,2008,Whole Year,Tobacco,2,1,0.5
Assam,SIVASAGAR,2008,Whole Year,Turmeric,156,152,0.974358974
Assam,SIVASAGAR,2008,Winter,Rice,105920,259099,2.44617636
Assam,SIVASAGAR,2009,Autumn,Rice,439,588,1.339407745
Assam,SIVASAGAR,2009,Kharif,Arhar/Tur,29,18,0.620689655
Assam,SIVASAGAR,2009,Kharif,Castor seed,5,3,0.6
Assam,SIVASAGAR,2009,Kharif,Cotton(lint),8,3,0.375
Assam,SIVASAGAR,2009,Kharif,Jute,59,645,10.93220339
Assam,SIVASAGAR,2009,Kharif,Maize,66,45,0.681818182
Assam,SIVASAGAR,2009,Kharif,Sesamum,42,14,0.333333333
Assam,SIVASAGAR,2009,Kharif,Small millets,5,5,1
Assam,SIVASAGAR,2009,Rabi,Banana,1487,20148,13.54942838
Assam,SIVASAGAR,2009,Rabi,Gram,3,2,0.666666667
Assam,SIVASAGAR,2009,Rabi,Masoor,42,18,0.428571429
Assam,SIVASAGAR,2009,Rabi,Moong(Green Gram),34,13,0.382352941
Assam,SIVASAGAR,2009,Rabi,Peas & beans (Pulses),333,243,0.72972973
Assam,SIVASAGAR,2009,Rabi,Rapeseed &Mustard,1263,696,0.551068884
Assam,SIVASAGAR,2009,Rabi,Urad,250,141,0.564
Assam,SIVASAGAR,2009,Rabi,Wheat,84,91,1.083333333
Assam,SIVASAGAR,2009,Summer,Rice,13,28,2.153846154
Assam,SIVASAGAR,2009,Whole Year,Arecanut,3108,2266,0.729086229
Assam,SIVASAGAR,2009,Whole Year,Banana,1487,20148,13.54942838
Assam,SIVASAGAR,2009,Whole Year,Black pepper,42,76,1.80952381
Assam,SIVASAGAR,2009,Whole Year,Coconut,481,5036000,10469.85447
Assam,SIVASAGAR,2009,Whole Year,Dry chillies,100,78,0.78
Assam,SIVASAGAR,2009,Whole Year,Dry ginger,196,1109,5.658163265
Assam,SIVASAGAR,2009,Whole Year,Onion,81,198,2.444444444
Assam,SIVASAGAR,2009,Whole Year,Potato,945,5791,6.128042328
Assam,SIVASAGAR,2009,Whole Year,Sugarcane,101,3950,39.10891089
Assam,SIVASAGAR,2009,Whole Year,Sweet potato,74,277,3.743243243
Assam,SIVASAGAR,2009,Whole Year,Tapioca,3,9,3
Assam,SIVASAGAR,2009,Whole Year,Tobacco,2,1,0.5
Assam,SIVASAGAR,2009,Whole Year,Turmeric,230,196,0.852173913
Assam,SIVASAGAR,2009,Winter,Rice,101185,238091,2.353026634
Assam,SIVASAGAR,2010,Autumn,Rice,198,205,1.035353535
Assam,SIVASAGAR,2010,Kharif,Arhar/Tur,63,37,0.587301587
Assam,SIVASAGAR,2010,Kharif,Castor seed,5,3,0.6
Assam,SIVASAGAR,2010,Kharif,Cotton(lint),4,3,0.75
Assam,SIVASAGAR,2010,Kharif,Jute,38,381,10.02631579
Assam,SIVASAGAR,2010,Kharif,Maize,72,50,0.694444444
Assam,SIVASAGAR,2010,Kharif,Niger seed,1,1,1
Assam,SIVASAGAR,2010,Kharif,Sesamum,43,14,0.325581395
Assam,SIVASAGAR,2010,Kharif,Small millets,2,1,0.5
Assam,SIVASAGAR,2010,Rabi,Arecanut,3108,2266,0.729086229
Assam,SIVASAGAR,2010,Rabi,Banana,1363,18798,13.7916361
Assam,SIVASAGAR,2010,Rabi,Gram,3,2,0.666666667
Assam,SIVASAGAR,2010,Rabi,Masoor,22,9,0.409090909
Assam,SIVASAGAR,2010,Rabi,Moong(Green Gram),39,12,0.307692308
Assam,SIVASAGAR,2010,Rabi,Peas & beans (Pulses),212,134,0.632075472
Assam,SIVASAGAR,2010,Rabi,Rapeseed &Mustard,1216,464,0.381578947
Assam,SIVASAGAR,2010,Rabi,Urad,280,156,0.557142857
Assam,SIVASAGAR,2010,Rabi,Wheat,65,81,1.246153846
Assam,SIVASAGAR,2010,Summer,Rice,53,137,2.58490566
Assam,SIVASAGAR,2010,Whole Year,Banana,1363,18798,13.7916361
Assam,SIVASAGAR,2010,Whole Year,Black pepper,55,99,1.8
Assam,SIVASAGAR,2010,Whole Year,Coconut,481,5036000,10469.85447
Assam,SIVASAGAR,2010,Whole Year,Dry chillies,142,107,0.753521127
Assam,SIVASAGAR,2010,Whole Year,Dry ginger,182,1030,5.659340659
Assam,SIVASAGAR,2010,Whole Year,Onion,60,140,2.333333333
Assam,SIVASAGAR,2010,Whole Year,Potato,1028,7536,7.3307393
Assam,SIVASAGAR,2010,Whole Year,Sugarcane,92,3331,36.20652174
Assam,SIVASAGAR,2010,Whole Year,Sweet potato,99,362,3.656565657
Assam,SIVASAGAR,2010,Whole Year,Tapioca,9,37,4.111111111
Assam,SIVASAGAR,2010,Whole Year,Tobacco,1,1,1
Assam,SIVASAGAR,2010,Whole Year,Turmeric,242,184,0.760330579
Assam,SIVASAGAR,2010,Winter,Rice,92927,222177,2.39087671
Assam,SIVASAGAR,2011,Autumn,Paddy,62,52,0.838709677
Assam,SIVASAGAR,2011,Autumn,Rice,62,52,0.838709677
Assam,SIVASAGAR,2011,Kharif,Arhar/Tur,38,21,0.552631579
Assam,SIVASAGAR,2011,Kharif,Castor seed,5,3,0.6
Assam,SIVASAGAR,2011,Kharif,Cotton(lint),4,3,0.75
Assam,SIVASAGAR,2011,Kharif,Jute,43,398,9.255813953
Assam,SIVASAGAR,2011,Kharif,Maize,44,35,0.795454545
Assam,SIVASAGAR,2011,Kharif,Mesta,2,13,6.5
Assam,SIVASAGAR,2011,Kharif,Niger seed,1,1,1
Assam,SIVASAGAR,2011,Kharif,Orange,275,2629,9.56
Assam,SIVASAGAR,2011,Kharif,Papaya,160,3837,23.98125
Assam,SIVASAGAR,2011,Kharif,Sesamum,39,17,0.435897436
Assam,SIVASAGAR,2011,Kharif,Small millets,6,3,0.5
Assam,SIVASAGAR,2011,Kharif,Tapioca,13,126,9.692307692
Assam,SIVASAGAR,2011,Rabi,Arecanut,2271,1274,0.56098635
Assam,SIVASAGAR,2011,Rabi,Black pepper,69,125,1.811594203
Assam,SIVASAGAR,2011,Rabi,Dry chillies,159,91,0.572327044
Assam,SIVASAGAR,2011,Rabi,Ginger,147,981,6.673469388
Assam,SIVASAGAR,2011,Rabi,Gram,3,2,0.666666667
Assam,SIVASAGAR,2011,Rabi,Masoor,7,4,0.571428571
Assam,SIVASAGAR,2011,Rabi,Moong(Green Gram),39,17,0.435897436
Assam,SIVASAGAR,2011,Rabi,Peas & beans (Pulses),167,142,0.850299401
Assam,SIVASAGAR,2011,Rabi,Pineapple,164,2177,13.27439024
Assam,SIVASAGAR,2011,Rabi,Rapeseed &Mustard,1455,737,0.50652921
Assam,SIVASAGAR,2011,Rabi,Sweet potato,110,423,3.845454545
Assam,SIVASAGAR,2011,Rabi,Urad,239,134,0.560669456
Assam,SIVASAGAR,2011,Rabi,Wheat,18,22,1.222222222
Assam,SIVASAGAR,2011,Summer,Paddy,336,922,2.744047619
Assam,SIVASAGAR,2011,Summer,Rice,336,922,2.744047619
Assam,SIVASAGAR,2011,Whole Year,Banana,1559,23984,15.38422065
Assam,SIVASAGAR,2011,Whole Year,Coconut,532,2778,5.221804511
Assam,SIVASAGAR,2011,Whole Year,Onion,57,153,2.684210526
Assam,SIVASAGAR,2011,Whole Year,Potato,1059,6633,6.263456091
Assam,SIVASAGAR,2011,Whole Year,Sugarcane,96,3557,37.05208333
Assam,SIVASAGAR,2011,Whole Year,Turmeric,249,167,0.670682731
Assam,SIVASAGAR,2011,Winter,Paddy,96696,213241,2.205272193
Assam,SIVASAGAR,2011,Winter,Rice,96696,213241,2.205272193
Assam,SIVASAGAR,2012,Autumn,Paddy,129,150,1.162790698
Assam,SIVASAGAR,2012,Autumn,Rice,129,150,1.162790698
Assam,SIVASAGAR,2012,Kharif,Arhar/Tur,40,26,0.65
Assam,SIVASAGAR,2012,Kharif,Castor seed,3,1,0.333333333
Assam,SIVASAGAR,2012,Kharif,Cotton(lint),4,3,0.75
Assam,SIVASAGAR,2012,Kharif,Jute,25,211,8.44
Assam,SIVASAGAR,2012,Kharif,Maize,38,34,0.894736842
Assam,SIVASAGAR,2012,Kharif,Mesta,4,21,5.25
Assam,SIVASAGAR,2012,Kharif,Orange,293,2867,9.784982935
Assam,SIVASAGAR,2012,Kharif,Papaya,158,3847,24.34810127
Assam,SIVASAGAR,2012,Kharif,Sesamum,36,19,0.527777778
Assam,SIVASAGAR,2012,Kharif,Small millets,6,4,0.666666667
Assam,SIVASAGAR,2012,Kharif,Tapioca,15,149,9.933333333
Assam,SIVASAGAR,2012,Rabi,Arecanut,2299,1693,0.736407134
Assam,SIVASAGAR,2012,Rabi,Black pepper,78,144,1.846153846
Assam,SIVASAGAR,2012,Rabi,Dry chillies,112,75,0.669642857
Assam,SIVASAGAR,2012,Rabi,Ginger,191,1469,7.691099476
Assam,SIVASAGAR,2012,Rabi,Gram,4,3,0.75
Assam,SIVASAGAR,2012,Rabi,Linseed,1,1,1
Assam,SIVASAGAR,2012,Rabi,Masoor,7,3,0.428571429
Assam,SIVASAGAR,2012,Rabi,Moong(Green Gram),108,48,0.444444444
Assam,SIVASAGAR,2012,Rabi,Peas & beans (Pulses),414,275,0.664251208
Assam,SIVASAGAR,2012,Rabi,Pineapple,137,1990,14.52554745
Assam,SIVASAGAR,2012,Rabi,Rapeseed &Mustard,1887,932,0.49390567
Assam,SIVASAGAR,2012,Rabi,Sweet potato,90,437,4.855555556
Assam,SIVASAGAR,2012,Rabi,Urad,278,153,0.550359712
Assam,SIVASAGAR,2012,Rabi,Wheat,9,12,1.333333333
Assam,SIVASAGAR,2012,Summer,Rice,172,510,2.965116279
Assam,SIVASAGAR,2012,Whole Year,Banana,1569,25708,16.38495857
Assam,SIVASAGAR,2012,Whole Year,Coconut,521,3154,6.053742802
Assam,SIVASAGAR,2012,Whole Year,Onion,55,153,2.781818182
Assam,SIVASAGAR,2012,Whole Year,Potato,745,3296,4.424161074
Assam,SIVASAGAR,2012,Whole Year,Sugarcane,84,2992,35.61904762
Assam,SIVASAGAR,2012,Whole Year,Turmeric,242,166,0.685950413
Assam,SIVASAGAR,2012,Winter,Paddy,95535,236386,2.474339247
Assam,SIVASAGAR,2012,Winter,Rice,95535,236386,2.474339247
Assam,SIVASAGAR,2013,Autumn,Paddy,200,300,1.5
Assam,SIVASAGAR,2013,Autumn,Rice,200,300,1.5
Assam,SIVASAGAR,2013,Kharif,Arhar/Tur,31,20,0.64516129
Assam,SIVASAGAR,2013,Kharif,Castor seed,2,1,0.5
Assam,SIVASAGAR,2013,Kharif,Cotton(lint),4,3,0.75
Assam,SIVASAGAR,2013,Kharif,Jute,28,287,10.25
Assam,SIVASAGAR,2013,Kharif,Maize,36,97,2.694444444
Assam,SIVASAGAR,2013,Kharif,Mesta,9,48,5.333333333
Assam,SIVASAGAR,2013,Kharif,Niger seed,35,19,0.542857143
Assam,SIVASAGAR,2013,Kharif,Orange,268,2622,9.78358209
Assam,SIVASAGAR,2013,Kharif,Papaya,157,3822,24.34394904
Assam,SIVASAGAR,2013,Kharif,Sesamum,31,17,0.548387097
Assam,SIVASAGAR,2013,Kharif,Small millets,5,3,0.6
Assam,SIVASAGAR,2013,Kharif,Tapioca,14,139,9.928571429
Assam,SIVASAGAR,2013,Rabi,Arecanut,2268,1802,0.794532628
Assam,SIVASAGAR,2013,Rabi,Black pepper,72,134,1.861111111
Assam,SIVASAGAR,2013,Rabi,Dry chillies,199,133,0.668341709
Assam,SIVASAGAR,2013,Rabi,Ginger,172,1322,7.686046512
Assam,SIVASAGAR,2013,Rabi,Gram,8,5,0.625
Assam,SIVASAGAR,2013,Rabi,Linseed,1,1,1
Assam,SIVASAGAR,2013,Rabi,Masoor,37,18,0.486486486
Assam,SIVASAGAR,2013,Rabi,Moong(Green Gram),115,74,0.643478261
Assam,SIVASAGAR,2013,Rabi,Peas & beans (Pulses),980,611,0.623469388
Assam,SIVASAGAR,2013,Rabi,Pineapple,134,1947,14.52985075
Assam,SIVASAGAR,2013,Rabi,Rapeseed &Mustard,1950,1348,0.691282051
Assam,SIVASAGAR,2013,Rabi,Sweet potato,88,427,4.852272727
Assam,SIVASAGAR,2013,Rabi,Urad,396,229,0.578282828
Assam,SIVASAGAR,2013,Rabi,Wheat,8,10,1.25
Assam,SIVASAGAR,2013,Summer,Paddy,553,1649,2.981916817
Assam,SIVASAGAR,2013,Summer,Rice,553,1649,2.981916817
Assam,SIVASAGAR,2013,Whole Year,Banana,1510,24741,16.38476821
Assam,SIVASAGAR,2013,Whole Year,Coconut,489,1685,3.445807771
Assam,SIVASAGAR,2013,Whole Year,Onion,66,184,2.787878788
Assam,SIVASAGAR,2013,Whole Year,Potato,840,5133,6.110714286
Assam,SIVASAGAR,2013,Whole Year,Sugarcane,81,2995,36.97530864
Assam,SIVASAGAR,2013,Whole Year,Turmeric,272,187,0.6875
Assam,SIVASAGAR,2013,Winter,Paddy,95779,205295,2.143423924
Assam,SIVASAGAR,2013,Winter,Rice,95779,205295,2.143423924
Assam,SIVASAGAR,2014,Autumn,Paddy,86,134,1.558139535
Assam,SIVASAGAR,2014,Autumn,Rice,86,134,1.558139535
Assam,SIVASAGAR,2014,Kharif,Arhar/Tur,32,26,0.8125
Assam,SIVASAGAR,2014,Kharif,Castor seed,2,2,1
Assam,SIVASAGAR,2014,Kharif,Cotton(lint),3,3,1
Assam,SIVASAGAR,2014,Kharif,Jute,25,271,10.84
Assam,SIVASAGAR,2014,Kharif,Maize,32,105,3.28125
Assam,SIVASAGAR,2014,Kharif,Mesta,6,32,5.333333333
Assam,SIVASAGAR,2014,Kharif,Orange,265,2596,9.796226415
Assam,SIVASAGAR,2014,Kharif,Papaya,158,3847,24.34810127
Assam,SIVASAGAR,2014,Kharif,Sesamum,32,18,0.5625
Assam,SIVASAGAR,2014,Kharif,Small millets,8,5,0.625
Assam,SIVASAGAR,2014,Kharif,Tapioca,14,139,9.928571429
Assam,SIVASAGAR,2014,Rabi,Black pepper,78,145,1.858974359
Assam,SIVASAGAR,2014,Rabi,Dry chillies,222,148,0.666666667
Assam,SIVASAGAR,2014,Rabi,Ginger,180,1385,7.694444444
Assam,SIVASAGAR,2014,Rabi,Gram,6,5,0.833333333
Assam,SIVASAGAR,2014,Rabi,Linseed,1,1,1
Assam,SIVASAGAR,2014,Rabi,Masoor,57,36,0.631578947
Assam,SIVASAGAR,2014,Rabi,Moong(Green Gram),87,44,0.505747126
Assam,SIVASAGAR,2014,Rabi,Peas & beans (Pulses),565,475,0.840707965
Assam,SIVASAGAR,2014,Rabi,Pineapple,137,1991,14.53284672
Assam,SIVASAGAR,2014,Rabi,Rapeseed &Mustard,1998,1126,0.563563564
Assam,SIVASAGAR,2014,Rabi,Sweet potato,91,442,4.857142857
Assam,SIVASAGAR,2014,Rabi,Urad,458,296,0.64628821
Assam,SIVASAGAR,2014,Rabi,Wheat,10,12,1.2
Assam,SIVASAGAR,2014,Summer,Paddy,2099,6171,2.939971415
Assam,SIVASAGAR,2014,Summer,Rice,2099,6171,2.939971415
Assam,SIVASAGAR,2014,Whole Year,Banana,1454,23823,16.38445667
Assam,SIVASAGAR,2014,Whole Year,Onion,90,251,2.788888889
Assam,SIVASAGAR,2014,Whole Year,Potato,660,4226,6.403030303
Assam,SIVASAGAR,2014,Whole Year,Sugarcane,83,3051,36.75903614
Assam,SIVASAGAR,2014,Whole Year,Turmeric,295,205,0.694915254
Assam,SIVASAGAR,2014,Winter,Paddy,95674,199785,2.088184878
Assam,SIVASAGAR,2014,Winter,Rice,95674,199785,2.088184878
Assam,SONITPUR,1997,Autumn,Rice,31431,20768,0.660748942
Assam,SONITPUR,1997,Kharif,Arhar/Tur,291,239,0.821305842
Assam,SONITPUR,1997,Kharif,Cotton(lint),31,14,0.451612903
Assam,SONITPUR,1997,Kharif,Jute,2925,27421,9.374700855
Assam,SONITPUR,1997,Kharif,Maize,760,442,0.581578947
Assam,SONITPUR,1997,Kharif,Mesta,319,2064,6.470219436
Assam,SONITPUR,1997,Kharif,Small millets,27,12,0.444444444
Assam,SONITPUR,1997,Kharif,Sugarcane,1473,56462,38.33129667
Assam,SONITPUR,1997,Rabi,Gram,238,187,0.785714286
Assam,SONITPUR,1997,Rabi,Linseed,239,116,0.485355649
Assam,SONITPUR,1997,Rabi,Other  Rabi pulses,5976,3645,0.609939759
Assam,SONITPUR,1997,Rabi,Rapeseed &Mustard,19810,10992,0.554871277
Assam,SONITPUR,1997,Rabi,Wheat,3325,3468,1.043007519
Assam,SONITPUR,1997,Summer,Rice,6000,4698,0.783
Assam,SONITPUR,1997,Whole Year,Arecanut,4151,4070,0.98048663
Assam,SONITPUR,1997,Whole Year,Coconut,1243,8118,6.530973451
Assam,SONITPUR,1997,Whole Year,Niger seed,30,14,0.466666667
Assam,SONITPUR,1997,Whole Year,Onion,320,1103,3.446875
Assam,SONITPUR,1997,Whole Year,Potato,5980,48746,8.151505017
Assam,SONITPUR,1997,Whole Year,Sesamum,868,548,0.631336406
Assam,SONITPUR,1997,Whole Year,Sweet potato,435,1497,3.44137931
Assam,SONITPUR,1997,Whole Year,Tapioca,75,347,4.626666667
Assam,SONITPUR,1997,Whole Year,Turmeric,452,330,0.730088496
Assam,SONITPUR,1997,Winter,Rice,115686,129041,1.115441799
Assam,SONITPUR,1998,Autumn,Rice,31657,34097,1.07707616
Assam,SONITPUR,1998,Kharif,Arhar/Tur,334,269,0.805389222
Assam,SONITPUR,1998,Kharif,Castor seed,46,21,0.456521739
Assam,SONITPUR,1998,Kharif,Cotton(lint),31,14,0.451612903
Assam,SONITPUR,1998,Kharif,Jute,2914,32685,11.21654084
Assam,SONITPUR,1998,Kharif,Maize,965,590,0.611398964
Assam,SONITPUR,1998,Kharif,Mesta,316,2074,6.563291139
Assam,SONITPUR,1998,Kharif,Niger seed,284,141,0.496478873
Assam,SONITPUR,1998,Kharif,Sesamum,818,520,0.635696822
Assam,SONITPUR,1998,Kharif,Small millets,30,14,0.466666667
Assam,SONITPUR,1998,Rabi,Gram,228,180,0.789473684
Assam,SONITPUR,1998,Rabi,Linseed,523,223,0.426386233
Assam,SONITPUR,1998,Rabi,Other  Rabi pulses,6557,3504,0.534390727
Assam,SONITPUR,1998,Rabi,Rapeseed &Mustard,25190,11326,0.449622866
Assam,SONITPUR,1998,Rabi,Wheat,3840,3497,0.910677083
Assam,SONITPUR,1998,Summer,Rice,7035,7511,1.067661692
Assam,SONITPUR,1998,Whole Year,Arecanut,4158,2616,0.629148629
Assam,SONITPUR,1998,Whole Year,Banana,2580,32947,12.77015504
Assam,SONITPUR,1998,Whole Year,Coconut,1255,11966000,9534.661355
Assam,SONITPUR,1998,Whole Year,Dry chillies,720,325,0.451388889
Assam,SONITPUR,1998,Whole Year,Onion,430,1515,3.523255814
Assam,SONITPUR,1998,Whole Year,Potato,6356,51564,8.112649465
Assam,SONITPUR,1998,Whole Year,Sugarcane,1559,64371,41.28992944
Assam,SONITPUR,1998,Whole Year,Sweet potato,560,1899,3.391071429
Assam,SONITPUR,1998,Whole Year,Tapioca,90,400,4.444444444
Assam,SONITPUR,1998,Whole Year,Tobacco,90,61,0.677777778
Assam,SONITPUR,1998,Whole Year,Turmeric,820,599,0.730487805
Assam,SONITPUR,1998,Winter,Rice,104814,146465,1.397380121
Assam,SONITPUR,1999,Autumn,Rice,27023,29050,1.075010177
Assam,SONITPUR,1999,Kharif,Arhar/Tur,367,286,0.779291553
Assam,SONITPUR,1999,Kharif,Castor seed,47,20,0.425531915
Assam,SONITPUR,1999,Kharif,Cotton(lint),34,15,0.441176471
Assam,SONITPUR,1999,Kharif,Jute,2318,29353,12.66307161
Assam,SONITPUR,1999,Kharif,Maize,1036,628,0.606177606
Assam,SONITPUR,1999,Kharif,Mesta,320,2101,6.565625
Assam,SONITPUR,1999,Kharif,Niger seed,297,173,0.582491582
Assam,SONITPUR,1999,Kharif,Sesamum,820,522,0.636585366
Assam,SONITPUR,1999,Kharif,Small millets,50,23,0.46
Assam,SONITPUR,1999,Rabi,Gram,228,180,0.789473684
Assam,SONITPUR,1999,Rabi,Linseed,600,261,0.435
Assam,SONITPUR,1999,Rabi,Other  Rabi pulses,6141,3733,0.607881453
Assam,SONITPUR,1999,Rabi,Rapeseed &Mustard,25064,13427,0.535708586
Assam,SONITPUR,1999,Rabi,Wheat,3580,5859,1.636592179
Assam,SONITPUR,1999,Summer,Rice,9076,12141,1.337703834
Assam,SONITPUR,1999,Whole Year,Arecanut,4254,3403,0.799952985
Assam,SONITPUR,1999,Whole Year,Banana,2585,33069,12.7926499
Assam,SONITPUR,1999,Whole Year,Coconut,1266,10486000,8282.780411
Assam,SONITPUR,1999,Whole Year,Dry chillies,675,303,0.448888889
Assam,SONITPUR,1999,Whole Year,Onion,414,1456,3.516908213
Assam,SONITPUR,1999,Whole Year,Potato,6381,72919,11.4275192
Assam,SONITPUR,1999,Whole Year,Sugarcane,1603,72752,45.38490331
Assam,SONITPUR,1999,Whole Year,Sweet potato,538,1829,3.399628253
Assam,SONITPUR,1999,Whole Year,Tapioca,100,463,4.63
Assam,SONITPUR,1999,Whole Year,Tobacco,90,61,0.677777778
Assam,SONITPUR,1999,Whole Year,Turmeric,849,620,0.730270907
Assam,SONITPUR,1999,Winter,Rice,123492,179333,1.452183137
Assam,SONITPUR,2000,Autumn,Rice,35186,36473,1.036577048
Assam,SONITPUR,2000,Kharif,Arhar/Tur,379,309,0.81530343
Assam,SONITPUR,2000,Kharif,Castor seed,47,20,0.425531915
Assam,SONITPUR,2000,Kharif,Cotton(lint),33,15,0.454545455
Assam,SONITPUR,2000,Kharif,Jute,2239,22792,10.17954444
Assam,SONITPUR,2000,Kharif,Maize,1101,661,0.600363306
Assam,SONITPUR,2000,Kharif,Mesta,315,2061,6.542857143
Assam,SONITPUR,2000,Kharif,Niger seed,295,172,0.583050847
Assam,SONITPUR,2000,Kharif,Sesamum,840,535,0.636904762
Assam,SONITPUR,2000,Kharif,Small millets,55,25,0.454545455
Assam,SONITPUR,2000,Rabi,Gram,228,167,0.73245614
Assam,SONITPUR,2000,Rabi,Linseed,600,261,0.435
Assam,SONITPUR,2000,Rabi,Other  Rabi pulses,6191,3909,0.63140042
Assam,SONITPUR,2000,Rabi,Rapeseed &Mustard,25259,15234,0.603111762
Assam,SONITPUR,2000,Rabi,Wheat,3690,4085,1.10704607
Assam,SONITPUR,2000,Summer,Rice,9276,12847,1.384971971
Assam,SONITPUR,2000,Whole Year,Arecanut,4313,2785,0.645722235
Assam,SONITPUR,2000,Whole Year,Banana,2584,33073,12.79914861
Assam,SONITPUR,2000,Whole Year,Coconut,1301,9493000,7296.69485
Assam,SONITPUR,2000,Whole Year,Dry chillies,695,313,0.450359712
Assam,SONITPUR,2000,Whole Year,Onion,414,1457,3.519323671
Assam,SONITPUR,2000,Whole Year,Potato,6441,58304,9.052010557
Assam,SONITPUR,2000,Whole Year,Sugarcane,1613,64728,40.12895226
Assam,SONITPUR,2000,Whole Year,Sweet potato,538,1829,3.399628253
Assam,SONITPUR,2000,Whole Year,Tapioca,109,498,4.568807339
Assam,SONITPUR,2000,Whole Year,Tobacco,90,48,0.533333333
Assam,SONITPUR,2000,Whole Year,Turmeric,879,642,0.730375427
Assam,SONITPUR,2000,Winter,Rice,124248,176965,1.42428852
Assam,SONITPUR,2001,Autumn,Rice,29710,23987,0.807371255
Assam,SONITPUR,2001,Kharif,Arhar/Tur,388,312,0.804123711
Assam,SONITPUR,2001,Kharif,Castor seed,47,20,0.425531915
Assam,SONITPUR,2001,Kharif,Cotton(lint),33,15,0.454545455
Assam,SONITPUR,2001,Kharif,Jute,2227,20691,9.290974405
Assam,SONITPUR,2001,Kharif,Maize,1150,696,0.605217391
Assam,SONITPUR,2001,Kharif,Mesta,323,2116,6.551083591
Assam,SONITPUR,2001,Kharif,Niger seed,240,131,0.545833333
Assam,SONITPUR,2001,Kharif,Sesamum,880,559,0.635227273
Assam,SONITPUR,2001,Kharif,Small millets,65,30,0.461538462
Assam,SONITPUR,2001,Rabi,Gram,230,168,0.730434783
Assam,SONITPUR,2001,Rabi,Linseed,565,247,0.437168142
Assam,SONITPUR,2001,Rabi,Masoor,1143,599,0.524059493
Assam,SONITPUR,2001,Rabi,Moong(Green Gram),696,393,0.564655172
Assam,SONITPUR,2001,Rabi,Other  Rabi pulses,6321,3567,0.564309445
Assam,SONITPUR,2001,Rabi,Peas & beans (Pulses),2546,1314,0.516103692
Assam,SONITPUR,2001,Rabi,Rapeseed &Mustard,24307,16878,0.694367878
Assam,SONITPUR,2001,Rabi,Urad,1716,1144,0.666666667
Assam,SONITPUR,2001,Rabi,Wheat,3670,4972,1.354768392
Assam,SONITPUR,2001,Summer,Rice,10865,15475,1.424298205
Assam,SONITPUR,2001,Whole Year,Arecanut,4335,5187,1.196539792
Assam,SONITPUR,2001,Whole Year,Banana,2923,38835,13.28600753
Assam,SONITPUR,2001,Whole Year,Coconut,1303,12864000,9872.601688
Assam,SONITPUR,2001,Whole Year,Dry chillies,891,401,0.450056117
Assam,SONITPUR,2001,Whole Year,Onion,465,1626,3.496774194
Assam,SONITPUR,2001,Whole Year,Potato,6361,50229,7.896399937
Assam,SONITPUR,2001,Whole Year,Sugarcane,1609,60781,37.77563704
Assam,SONITPUR,2001,Whole Year,Sweet potato,560,1899,3.391071429
Assam,SONITPUR,2001,Whole Year,Tapioca,108,491,4.546296296
Assam,SONITPUR,2001,Whole Year,Tobacco,87,46,0.528735632
Assam,SONITPUR,2001,Whole Year,Turmeric,1055,770,0.72985782
Assam,SONITPUR,2001,Winter,Rice,101663,132143,1.299814092
Assam,SONITPUR,2002,Autumn,Rice,32361,34672,1.071413121
Assam,SONITPUR,2002,Kharif,Arhar/Tur,411,336,0.817518248
Assam,SONITPUR,2002,Kharif,Castor seed,47,20,0.425531915
Assam,SONITPUR,2002,Kharif,Cotton(lint),26,11,0.423076923
Assam,SONITPUR,2002,Kharif,Jute,1989,18819,9.461538462
Assam,SONITPUR,2002,Kharif,Maize,1053,615,0.584045584
Assam,SONITPUR,2002,Kharif,Mesta,275,1795,6.527272727
Assam,SONITPUR,2002,Kharif,Niger seed,222,122,0.54954955
Assam,SONITPUR,2002,Kharif,Sesamum,882,560,0.634920635
Assam,SONITPUR,2002,Kharif,Small millets,80,37,0.4625
Assam,SONITPUR,2002,Rabi,Gram,230,168,0.730434783
Assam,SONITPUR,2002,Rabi,Linseed,495,219,0.442424242
Assam,SONITPUR,2002,Rabi,Masoor,940,506,0.538297872
Assam,SONITPUR,2002,Rabi,Moong(Green Gram),630,361,0.573015873
Assam,SONITPUR,2002,Rabi,Other  Rabi pulses,5489,3180,0.579340499
Assam,SONITPUR,2002,Rabi,Peas & beans (Pulses),1919,1007,0.524752475
Assam,SONITPUR,2002,Rabi,Rapeseed &Mustard,20407,11988,0.587445484
Assam,SONITPUR,2002,Rabi,Urad,1779,1189,0.668353007
Assam,SONITPUR,2002,Rabi,Wheat,3758,4931,1.312134114
Assam,SONITPUR,2002,Summer,Rice,12050,16221,1.346141079
Assam,SONITPUR,2002,Whole Year,Arecanut,4490,4141,0.922271715
Assam,SONITPUR,2002,Whole Year,Banana,2876,38047,13.22913769
Assam,SONITPUR,2002,Whole Year,Coconut,1307,14242000,10896.71002
Assam,SONITPUR,2002,Whole Year,Dry chillies,840,378,0.45
Assam,SONITPUR,2002,Whole Year,Onion,452,1582,3.5
Assam,SONITPUR,2002,Whole Year,Orange,115,1236,10.74782609
Assam,SONITPUR,2002,Whole Year,Papaya,360,4472,12.42222222
Assam,SONITPUR,2002,Whole Year,Pineapple,542,8746,16.13653137
Assam,SONITPUR,2002,Whole Year,Potato,6368,45348,7.121231156
Assam,SONITPUR,2002,Whole Year,Sugarcane,1620,62214,38.4037037
Assam,SONITPUR,2002,Whole Year,Sweet potato,560,1899,3.391071429
Assam,SONITPUR,2002,Whole Year,Tapioca,110,504,4.581818182
Assam,SONITPUR,2002,Whole Year,Tobacco,87,46,0.528735632
Assam,SONITPUR,2002,Whole Year,Turmeric,915,668,0.730054645
Assam,SONITPUR,2002,Winter,Rice,119234,163235,1.369030646
Assam,SONITPUR,2003,Autumn,Rice,33235,32795,0.986760945
Assam,SONITPUR,2003,Kharif,Arhar/Tur,499,413,0.827655311
Assam,SONITPUR,2003,Kharif,Castor seed,46,19,0.413043478
Assam,SONITPUR,2003,Kharif,Cotton(lint),24,11,0.458333333
Assam,SONITPUR,2003,Kharif,Jute,2070,19810,9.570048309
Assam,SONITPUR,2003,Kharif,Maize,1000,582,0.582
Assam,SONITPUR,2003,Kharif,Mesta,270,1760,6.518518519
Assam,SONITPUR,2003,Kharif,Niger seed,226,126,0.557522124
Assam,SONITPUR,2003,Kharif,Sesamum,917,583,0.635768811
Assam,SONITPUR,2003,Kharif,Small millets,71,32,0.450704225
Assam,SONITPUR,2003,Rabi,Gram,272,184,0.676470588
Assam,SONITPUR,2003,Rabi,Linseed,553,242,0.43761302
Assam,SONITPUR,2003,Rabi,Masoor,1428,751,0.525910364
Assam,SONITPUR,2003,Rabi,Moong(Green Gram),683,395,0.578330893
Assam,SONITPUR,2003,Rabi,other misc. pulses,233,126,0.540772532
Assam,SONITPUR,2003,Rabi,Peas & beans (Pulses),2334,1219,0.522279349
Assam,SONITPUR,2003,Rabi,Rapeseed &Mustard,20785,11424,0.549627135
Assam,SONITPUR,2003,Rabi,Urad,2158,1242,0.575532901
Assam,SONITPUR,2003,Rabi,Wheat,3915,4148,1.059514687
Assam,SONITPUR,2003,Summer,Rice,12840,21580,1.680685358
Assam,SONITPUR,2003,Whole Year,Arecanut,4600,3411,0.741521739
Assam,SONITPUR,2003,Whole Year,Banana,3105,42611,13.72334944
Assam,SONITPUR,2003,Whole Year,Coconut,1319,12879000,9764.215315
Assam,SONITPUR,2003,Whole Year,Dry chillies,855,385,0.450292398
Assam,SONITPUR,2003,Whole Year,Onion,425,1507,3.545882353
Assam,SONITPUR,2003,Whole Year,Orange,121,1302,10.76033058
Assam,SONITPUR,2003,Whole Year,Papaya,381,4745,12.45406824
Assam,SONITPUR,2003,Whole Year,Pineapple,569,9267,16.28646749
Assam,SONITPUR,2003,Whole Year,Potato,6254,41357,6.612887752
Assam,SONITPUR,2003,Whole Year,Sugarcane,1625,63565,39.11692308
Assam,SONITPUR,2003,Whole Year,Sweet potato,561,1902,3.390374332
Assam,SONITPUR,2003,Whole Year,Tapioca,141,645,4.574468085
Assam,SONITPUR,2003,Whole Year,Tobacco,45,28,0.622222222
Assam,SONITPUR,2003,Whole Year,Turmeric,935,683,0.730481283
Assam,SONITPUR,2003,Winter,Rice,123888,195673,1.579434651
Assam,SONITPUR,2004,Autumn,Rice,34266,30749,0.897361816
Assam,SONITPUR,2004,Kharif,Arhar/Tur,495,405,0.818181818
Assam,SONITPUR,2004,Kharif,Castor seed,41,17,0.414634146
Assam,SONITPUR,2004,Kharif,Cotton(lint),22,10,0.454545455
Assam,SONITPUR,2004,Kharif,Jute,1930,16886,8.749222798
Assam,SONITPUR,2004,Kharif,Mesta,259,1696,6.548262548
Assam,SONITPUR,2004,Kharif,Niger seed,305,169,0.554098361
Assam,SONITPUR,2004,Kharif,Sesamum,896,570,0.636160714
Assam,SONITPUR,2004,Kharif,Small millets,55,26,0.472727273
Assam,SONITPUR,2004,Rabi,Gram,188,134,0.712765957
Assam,SONITPUR,2004,Rabi,Linseed,350,158,0.451428571
Assam,SONITPUR,2004,Rabi,Masoor,1200,636,0.53
Assam,SONITPUR,2004,Rabi,Moong(Green Gram),648,378,0.583333333
Assam,SONITPUR,2004,Rabi,Other  Rabi pulses,6003,3301,0.549891721
Assam,SONITPUR,2004,Rabi,Peas & beans (Pulses),2192,1157,0.527828467
Assam,SONITPUR,2004,Rabi,Rapeseed &Mustard,18925,11120,0.587582563
Assam,SONITPUR,2004,Rabi,Urad,1726,1003,0.581112399
Assam,SONITPUR,2004,Rabi,Wheat,3382,2889,0.854228267
Assam,SONITPUR,2004,Summer,Rice,13023,19329,1.484220226
Assam,SONITPUR,2004,Whole Year,Coconut,1325,15452000,11661.88679
Assam,SONITPUR,2004,Whole Year,Dry chillies,869,391,0.449942463
Assam,SONITPUR,2004,Whole Year,Onion,338,1232,3.644970414
Assam,SONITPUR,2004,Whole Year,Potato,6780,53910,7.951327434
Assam,SONITPUR,2004,Whole Year,Sugarcane,2239,81329,36.32380527
Assam,SONITPUR,2004,Whole Year,Sweet potato,545,1844,3.383486239
Assam,SONITPUR,2004,Whole Year,Tobacco,85,54,0.635294118
Assam,SONITPUR,2004,Whole Year,Turmeric,937,684,0.729989328
Assam,SONITPUR,2004,Winter,Rice,121436,185799,1.530015811
Assam,SONITPUR,2005,Autumn,Rice,34197,36121,1.056262245
Assam,SONITPUR,2005,Kharif,Arhar/Tur,498,414,0.831325301
Assam,SONITPUR,2005,Kharif,Castor seed,38,16,0.421052632
Assam,SONITPUR,2005,Kharif,Cotton(lint),14,6,0.428571429
Assam,SONITPUR,2005,Kharif,Jute,1940,18060,9.309278351
Assam,SONITPUR,2005,Kharif,Maize,1005,587,0.584079602
Assam,SONITPUR,2005,Kharif,Mesta,263,1660,6.311787072
Assam,SONITPUR,2005,Kharif,Niger seed,237,142,0.599156118
Assam,SONITPUR,2005,Kharif,Sesamum,807,516,0.639405204
Assam,SONITPUR,2005,Kharif,Small millets,56,27,0.482142857
Assam,SONITPUR,2005,Rabi,Gram,167,121,0.724550898
Assam,SONITPUR,2005,Rabi,Linseed,346,157,0.453757225
Assam,SONITPUR,2005,Rabi,Masoor,1009,546,0.541129832
Assam,SONITPUR,2005,Rabi,Moong(Green Gram),623,367,0.589085072
Assam,SONITPUR,2005,Rabi,Other  Rabi pulses,5446,3033,0.556922512
Assam,SONITPUR,2005,Rabi,Peas & beans (Pulses),1866,1022,0.547695606
Assam,SONITPUR,2005,Rabi,Rapeseed &Mustard,18619,8165,0.438530533
Assam,SONITPUR,2005,Rabi,Urad,1714,1358,0.792298716
Assam,SONITPUR,2005,Rabi,Wheat,3212,3048,0.948941469
Assam,SONITPUR,2005,Summer,Rice,13002,15401,1.184510075
Assam,SONITPUR,2005,Whole Year,Arecanut,4620,4133,0.894588745
Assam,SONITPUR,2005,Whole Year,Banana,3042,40944,13.45956607
Assam,SONITPUR,2005,Whole Year,Dry chillies,914,411,0.449671772
Assam,SONITPUR,2005,Whole Year,Onion,342,1611,4.710526316
Assam,SONITPUR,2005,Whole Year,Potato,6815,48876,7.171826853
Assam,SONITPUR,2005,Whole Year,Sugarcane,2502,96360,38.51318945
Assam,SONITPUR,2005,Whole Year,Sweet potato,530,1795,3.386792453
Assam,SONITPUR,2005,Whole Year,Tapioca,144,658,4.569444444
Assam,SONITPUR,2005,Whole Year,Tobacco,69,43,0.623188406
Assam,SONITPUR,2005,Whole Year,Turmeric,922,673,0.729934924
Assam,SONITPUR,2005,Winter,Rice,122067,185147,1.516765383
Assam,SONITPUR,2006,Autumn,Rice,31664,30187,0.953353967
Assam,SONITPUR,2006,Kharif,Arhar/Tur,501,417,0.832335329
Assam,SONITPUR,2006,Kharif,Castor seed,32,13,0.40625
Assam,SONITPUR,2006,Kharif,Cotton(lint),17,8,0.470588235
Assam,SONITPUR,2006,Kharif,Jute,1639,9827,5.995729103
Assam,SONITPUR,2006,Kharif,Maize,866,507,0.585450346
Assam,SONITPUR,2006,Kharif,Mesta,258,1688,6.542635659
Assam,SONITPUR,2006,Kharif,Niger seed,295,171,0.579661017
Assam,SONITPUR,2006,Kharif,Sesamum,956,618,0.646443515
Assam,SONITPUR,2006,Kharif,Small millets,49,23,0.469387755
Assam,SONITPUR,2006,Rabi,Gram,166,122,0.734939759
Assam,SONITPUR,2006,Rabi,Linseed,318,154,0.48427673
Assam,SONITPUR,2006,Rabi,Masoor,1118,601,0.537567084
Assam,SONITPUR,2006,Rabi,Moong(Green Gram),617,363,0.588330632
Assam,SONITPUR,2006,Rabi,Other  Rabi pulses,228,119,0.521929825
Assam,SONITPUR,2006,Rabi,Peas & beans (Pulses),2225,1188,0.533932584
Assam,SONITPUR,2006,Rabi,Rapeseed &Mustard,19925,9331,0.468306148
Assam,SONITPUR,2006,Rabi,Urad,2730,2174,0.796336996
Assam,SONITPUR,2006,Rabi,Wheat,3993,3652,0.914600551
Assam,SONITPUR,2006,Summer,Rice,12827,20358,1.587120917
Assam,SONITPUR,2006,Whole Year,Arecanut,4624,5758,1.245242215
Assam,SONITPUR,2006,Whole Year,Banana,3365,46850,13.92273403
Assam,SONITPUR,2006,Whole Year,Coconut,1350,4869000,3606.666667
Assam,SONITPUR,2006,Whole Year,Dry chillies,975,438,0.449230769
Assam,SONITPUR,2006,Whole Year,Onion,342,1618,4.730994152
Assam,SONITPUR,2006,Whole Year,Potato,7660,53985,7.047650131
Assam,SONITPUR,2006,Whole Year,Sugarcane,2520,98510,39.09126984
Assam,SONITPUR,2006,Whole Year,Sweet potato,521,1765,3.387715931
Assam,SONITPUR,2006,Whole Year,Tapioca,139,635,4.568345324
Assam,SONITPUR,2006,Whole Year,Tobacco,54,29,0.537037037
Assam,SONITPUR,2006,Whole Year,Turmeric,973,710,0.729701953
Assam,SONITPUR,2006,Winter,Rice,82779,79018,0.954565772
Assam,SONITPUR,2007,Autumn,Rice,32409,37223,1.148538986
Assam,SONITPUR,2007,Kharif,Arhar/Tur,442,403,0.911764706
Assam,SONITPUR,2007,Kharif,Castor seed,27,12,0.444444444
Assam,SONITPUR,2007,Kharif,Cotton(lint),5,2,0.4
Assam,SONITPUR,2007,Kharif,Jute,1890,12840,6.793650794
Assam,SONITPUR,2007,Kharif,Maize,901,524,0.581576027
Assam,SONITPUR,2007,Kharif,Mesta,211,1758,8.331753555
Assam,SONITPUR,2007,Kharif,Niger seed,342,187,0.546783626
Assam,SONITPUR,2007,Kharif,Sesamum,941,600,0.637619554
Assam,SONITPUR,2007,Kharif,Small millets,66,32,0.484848485
Assam,SONITPUR,2007,Rabi,Gram,145,107,0.737931034
Assam,SONITPUR,2007,Rabi,Linseed,319,149,0.467084639
Assam,SONITPUR,2007,Rabi,Masoor,756,411,0.543650794
Assam,SONITPUR,2007,Rabi,Moong(Green Gram),520,309,0.594230769
Assam,SONITPUR,2007,Rabi,Other  Rabi pulses,202,106,0.524752475
Assam,SONITPUR,2007,Rabi,Peas & beans (Pulses),2140,1150,0.537383178
Assam,SONITPUR,2007,Rabi,Rapeseed &Mustard,19895,9781,0.491631063
Assam,SONITPUR,2007,Rabi,Urad,2807,1694,0.603491272
Assam,SONITPUR,2007,Rabi,Wheat,4829,6769,1.401739491
Assam,SONITPUR,2007,Summer,Rice,13469,23032,1.710000742
Assam,SONITPUR,2007,Whole Year,Arecanut,4604,3344,0.726324935
Assam,SONITPUR,2007,Whole Year,Banana,3320,45885,13.82078313
Assam,SONITPUR,2007,Whole Year,Black pepper,369,579,1.569105691
Assam,SONITPUR,2007,Whole Year,Coconut,1328,11417000,8597.138554
Assam,SONITPUR,2007,Whole Year,Dry chillies,896,404,0.450892857
Assam,SONITPUR,2007,Whole Year,Dry ginger,1263,8168,6.467141726
Assam,SONITPUR,2007,Whole Year,Onion,335,1458,4.352238806
Assam,SONITPUR,2007,Whole Year,Potato,7827,50403,6.439632043
Assam,SONITPUR,2007,Whole Year,Sugarcane,2450,86350,35.24489796
Assam,SONITPUR,2007,Whole Year,Sweet potato,479,1635,3.413361169
Assam,SONITPUR,2007,Whole Year,Tapioca,139,636,4.575539568
Assam,SONITPUR,2007,Whole Year,Tobacco,74,45,0.608108108
Assam,SONITPUR,2007,Whole Year,Turmeric,989,722,0.730030334
Assam,SONITPUR,2007,Winter,Rice,121200,159787,1.318374587
Assam,SONITPUR,2008,Autumn,Rice,33082,34022,1.028414243
Assam,SONITPUR,2008,Kharif,Arhar/Tur,388,339,0.87371134
Assam,SONITPUR,2008,Kharif,Castor seed,2,1,0.5
Assam,SONITPUR,2008,Kharif,Cotton(lint),1,1,1
Assam,SONITPUR,2008,Kharif,Jute,1903,15873,8.341040462
Assam,SONITPUR,2008,Kharif,Maize,642,373,0.580996885
Assam,SONITPUR,2008,Kharif,Mesta,205,1481,7.224390244
Assam,SONITPUR,2008,Kharif,Niger seed,247,143,0.578947368
Assam,SONITPUR,2008,Kharif,Sesamum,781,501,0.641485275
Assam,SONITPUR,2008,Kharif,Small millets,71,34,0.478873239
Assam,SONITPUR,2008,Rabi,Blackgram,2410,1999,0.829460581
Assam,SONITPUR,2008,Rabi,Gram,151,111,0.735099338
Assam,SONITPUR,2008,Rabi,Linseed,301,143,0.475083056
Assam,SONITPUR,2008,Rabi,Masoor,981,524,0.534148828
Assam,SONITPUR,2008,Rabi,Moong(Green Gram),569,333,0.585237258
Assam,SONITPUR,2008,Rabi,Peas & beans (Pulses),1920,1037,0.540104167
Assam,SONITPUR,2008,Rabi,Rapeseed &Mustard,16309,11452,0.702188975
Assam,SONITPUR,2008,Rabi,Urad,2410,1999,0.829460581
Assam,SONITPUR,2008,Rabi,Wheat,4246,5552,1.307583608
Assam,SONITPUR,2008,Summer,Rice,16476,30152,1.830055839
Assam,SONITPUR,2008,Whole Year,Arecanut,4649,5268,1.133146913
Assam,SONITPUR,2008,Whole Year,Banana,3238,40559,12.52594194
Assam,SONITPUR,2008,Whole Year,Black pepper,376,590,1.569148936
Assam,SONITPUR,2008,Whole Year,Coconut,1350,13732000,10171.85185
Assam,SONITPUR,2008,Whole Year,Dry chillies,885,406,0.458757062
Assam,SONITPUR,2008,Whole Year,Dry ginger,1263,8196,6.489311164
Assam,SONITPUR,2008,Whole Year,Onion,329,1518,4.613981763
Assam,SONITPUR,2008,Whole Year,Potato,8464,63066,7.451086957
Assam,SONITPUR,2008,Whole Year,Sugarcane,2385,85080,35.67295597
Assam,SONITPUR,2008,Whole Year,Sweet potato,455,1557,3.421978022
Assam,SONITPUR,2008,Whole Year,Tapioca,146,667,4.568493151
Assam,SONITPUR,2008,Whole Year,Tobacco,8,6,0.75
Assam,SONITPUR,2008,Whole Year,Turmeric,1041,760,0.730067243
Assam,SONITPUR,2008,Winter,Rice,123826,188776,1.524526351
Assam,SONITPUR,2009,Autumn,Rice,30182,27550,0.912795706
Assam,SONITPUR,2009,Kharif,Arhar/Tur,389,306,0.786632391
Assam,SONITPUR,2009,Kharif,Castor seed,2,1,0.5
Assam,SONITPUR,2009,Kharif,Cotton(lint),1,1,1
Assam,SONITPUR,2009,Kharif,Jute,2145,16927,7.891375291
Assam,SONITPUR,2009,Kharif,Maize,444,253,0.56981982
Assam,SONITPUR,2009,Kharif,Mesta,152,1126,7.407894737
Assam,SONITPUR,2009,Kharif,Niger seed,247,143,0.578947368
Assam,SONITPUR,2009,Kharif,Sesamum,788,508,0.644670051
Assam,SONITPUR,2009,Kharif,Small millets,73,36,0.493150685
Assam,SONITPUR,2009,Rabi,Banana,3354,44869,13.3777579
Assam,SONITPUR,2009,Rabi,Gram,145,107,0.737931034
Assam,SONITPUR,2009,Rabi,Linseed,286,138,0.482517483
Assam,SONITPUR,2009,Rabi,Masoor,1049,559,0.532888465
Assam,SONITPUR,2009,Rabi,Moong(Green Gram),538,319,0.592936803
Assam,SONITPUR,2009,Rabi,Peas & beans (Pulses),2428,1280,0.527182867
Assam,SONITPUR,2009,Rabi,Rapeseed &Mustard,16710,8780,0.525433872
Assam,SONITPUR,2009,Rabi,Urad,2487,1802,0.724567752
Assam,SONITPUR,2009,Rabi,Wheat,4822,5454,1.131065948
Assam,SONITPUR,2009,Summer,Rice,16384,37213,2.27130127
Assam,SONITPUR,2009,Whole Year,Arecanut,4927,6473,1.313781206
Assam,SONITPUR,2009,Whole Year,Banana,3354,44869,13.3777579
Assam,SONITPUR,2009,Whole Year,Black pepper,255,400,1.568627451
Assam,SONITPUR,2009,Whole Year,Coconut,1386,17691000,12764.06926
Assam,SONITPUR,2009,Whole Year,Dry chillies,899,845,0.939933259
Assam,SONITPUR,2009,Whole Year,Dry ginger,961,6226,6.478668054
Assam,SONITPUR,2009,Whole Year,Onion,331,1513,4.570996979
Assam,SONITPUR,2009,Whole Year,Potato,8458,76340,9.025774415
Assam,SONITPUR,2009,Whole Year,Sugarcane,2452,95694,39.0269168
Assam,SONITPUR,2009,Whole Year,Sweet potato,452,1548,3.424778761
Assam,SONITPUR,2009,Whole Year,Tapioca,147,672,4.571428571
Assam,SONITPUR,2009,Whole Year,Tobacco,6,4,0.666666667
Assam,SONITPUR,2009,Whole Year,Turmeric,1051,767,0.729781161
Assam,SONITPUR,2009,Winter,Rice,109672,176703,1.6111952
Assam,SONITPUR,2010,Autumn,Rice,25932,30104,1.160882308
Assam,SONITPUR,2010,Kharif,Arhar/Tur,470,386,0.821276596
Assam,SONITPUR,2010,Kharif,Castor seed,2,1,0.5
Assam,SONITPUR,2010,Kharif,Cotton(lint),17,8,0.470588235
Assam,SONITPUR,2010,Kharif,Jute,2314,18194,7.862575627
Assam,SONITPUR,2010,Kharif,Maize,504,287,0.569444444
Assam,SONITPUR,2010,Kharif,Mesta,205,1575,7.682926829
Assam,SONITPUR,2010,Kharif,Niger seed,309,175,0.566343042
Assam,SONITPUR,2010,Kharif,Sesamum,856,538,0.628504673
Assam,SONITPUR,2010,Kharif,Small millets,70,34,0.485714286
Assam,SONITPUR,2010,Rabi,Arecanut,4927,6473,1.313781206
Assam,SONITPUR,2010,Rabi,Banana,4035,51514,12.76679058
Assam,SONITPUR,2010,Rabi,Gram,152,112,0.736842105
Assam,SONITPUR,2010,Rabi,Linseed,307,259,0.843648208
Assam,SONITPUR,2010,Rabi,Masoor,958,514,0.536534447
Assam,SONITPUR,2010,Rabi,Moong(Green Gram),610,355,0.581967213
Assam,SONITPUR,2010,Rabi,Peas & beans (Pulses),2284,1204,0.527145359
Assam,SONITPUR,2010,Rabi,Rapeseed &Mustard,15425,11147,0.722658023
Assam,SONITPUR,2010,Rabi,Urad,2610,2146,0.822222222
Assam,SONITPUR,2010,Rabi,Wheat,1989,1970,0.990447461
Assam,SONITPUR,2010,Summer,Rice,18365,56819,3.093874217
Assam,SONITPUR,2010,Whole Year,Banana,4035,51514,12.76679058
Assam,SONITPUR,2010,Whole Year,Black pepper,255,399,1.564705882
Assam,SONITPUR,2010,Whole Year,Coconut,1386,17691000,12764.06926
Assam,SONITPUR,2010,Whole Year,Dry chillies,932,423,0.453862661
Assam,SONITPUR,2010,Whole Year,Dry ginger,974,6310,6.478439425
Assam,SONITPUR,2010,Whole Year,Onion,333,1074,3.225225225
Assam,SONITPUR,2010,Whole Year,Potato,8679,67257,7.749395092
Assam,SONITPUR,2010,Whole Year,Sugarcane,2724,107699,39.53707783
Assam,SONITPUR,2010,Whole Year,Sweet potato,440,1503,3.415909091
Assam,SONITPUR,2010,Whole Year,Tapioca,163,745,4.570552147
Assam,SONITPUR,2010,Whole Year,Tobacco,5,3,0.6
Assam,SONITPUR,2010,Whole Year,Turmeric,1052,768,0.730038023
Assam,SONITPUR,2010,Winter,Rice,123978,272644,2.199132104
Assam,SONITPUR,2011,Autumn,Paddy,26281,38519,1.465659602
Assam,SONITPUR,2011,Autumn,Rice,26281,38519,1.465659602
Assam,SONITPUR,2011,Kharif,Arhar/Tur,464,384,0.827586207
Assam,SONITPUR,2011,Kharif,Castor seed,2,1,0.5
Assam,SONITPUR,2011,Kharif,Cotton(lint),1,1,1
Assam,SONITPUR,2011,Kharif,Jute,2504,21039,8.40215655
Assam,SONITPUR,2011,Kharif,Maize,521,338,0.648752399
Assam,SONITPUR,2011,Kharif,Mesta,199,1680,8.442211055
Assam,SONITPUR,2011,Kharif,Niger seed,268,156,0.582089552
Assam,SONITPUR,2011,Kharif,Orange,260,2800,10.76923077
Assam,SONITPUR,2011,Kharif,Papaya,436,10143,23.26376147
Assam,SONITPUR,2011,Kharif,Sesamum,669,519,0.775784753
Assam,SONITPUR,2011,Kharif,Small millets,119,60,0.504201681
Assam,SONITPUR,2011,Kharif,Tapioca,157,1363,8.681528662
Assam,SONITPUR,2011,Kharif,Tobacco,16,12,0.75
Assam,SONITPUR,2011,Rabi,Arecanut,4880,3367,0.689959016
Assam,SONITPUR,2011,Rabi,Black pepper,229,358,1.563318777
Assam,SONITPUR,2011,Rabi,Dry chillies,1041,498,0.478386167
Assam,SONITPUR,2011,Rabi,Ginger,1124,8412,7.483985765
Assam,SONITPUR,2011,Rabi,Gram,129,97,0.751937984
Assam,SONITPUR,2011,Rabi,Linseed,255,135,0.529411765
Assam,SONITPUR,2011,Rabi,Masoor,1059,583,0.550519358
Assam,SONITPUR,2011,Rabi,Moong(Green Gram),681,456,0.669603524
Assam,SONITPUR,2011,Rabi,Peas & beans (Pulses),2329,1259,0.540575354
Assam,SONITPUR,2011,Rabi,Pineapple,750,12354,16.472
Assam,SONITPUR,2011,Rabi,Rapeseed &Mustard,18364,9778,0.532454803
Assam,SONITPUR,2011,Rabi,Sweet potato,385,1981,5.145454545
Assam,SONITPUR,2011,Rabi,Urad,2729,2076,0.760718212
Assam,SONITPUR,2011,Rabi,Wheat,1122,1152,1.026737968
Assam,SONITPUR,2011,Summer,Paddy,17394,58427,3.35903185
Assam,SONITPUR,2011,Summer,Rice,17394,58427,3.35903185
Assam,SONITPUR,2011,Whole Year,Banana,4158,72340,17.3977874
Assam,SONITPUR,2011,Whole Year,Coconut,1928,25296,13.12033195
Assam,SONITPUR,2011,Whole Year,Onion,478,2218,4.640167364
Assam,SONITPUR,2011,Whole Year,Potato,8927,69203,7.75210037
Assam,SONITPUR,2011,Whole Year,Sugarcane,2797,120187,42.96996782
Assam,SONITPUR,2011,Whole Year,Turmeric,1038,913,0.879576108
Assam,SONITPUR,2011,Winter,Paddy,129240,212781,1.646402043
Assam,SONITPUR,2011,Winter,Rice,129240,212781,1.646402043
Assam,SONITPUR,2012,Autumn,Paddy,21466,32422,1.510388521
Assam,SONITPUR,2012,Autumn,Rice,21466,32422,1.510388521
Assam,SONITPUR,2012,Kharif,Arhar/Tur,517,476,0.920696325
Assam,SONITPUR,2012,Kharif,Castor seed,21,10,0.476190476
Assam,SONITPUR,2012,Kharif,Cotton(lint),87,41,0.471264368
Assam,SONITPUR,2012,Kharif,Jute,2646,22383,8.459183673
Assam,SONITPUR,2012,Kharif,Maize,1151,828,0.719374457
Assam,SONITPUR,2012,Kharif,Mesta,212,1702,8.028301887
Assam,SONITPUR,2012,Kharif,Niger seed,187,108,0.577540107
Assam,SONITPUR,2012,Kharif,Orange,392,4618,11.78061224
Assam,SONITPUR,2012,Kharif,Papaya,480,11484,23.925
Assam,SONITPUR,2012,Kharif,Sesamum,547,397,0.725776965
Assam,SONITPUR,2012,Kharif,Small millets,123,60,0.487804878
Assam,SONITPUR,2012,Kharif,Tapioca,309,2714,8.783171521
Assam,SONITPUR,2012,Kharif,Tobacco,15,10,0.666666667
Assam,SONITPUR,2012,Rabi,Arecanut,4757,5628,1.183098592
Assam,SONITPUR,2012,Rabi,Black pepper,99,166,1.676767677
Assam,SONITPUR,2012,Rabi,Dry chillies,729,420,0.576131687
Assam,SONITPUR,2012,Rabi,Ginger,737,5593,7.588873813
Assam,SONITPUR,2012,Rabi,Gram,98,78,0.795918367
Assam,SONITPUR,2012,Rabi,Linseed,88,51,0.579545455
Assam,SONITPUR,2012,Rabi,Masoor,1280,779,0.60859375
Assam,SONITPUR,2012,Rabi,Moong(Green Gram),807,528,0.654275093
Assam,SONITPUR,2012,Rabi,Peas & beans (Pulses),2262,1235,0.545977011
Assam,SONITPUR,2012,Rabi,Pineapple,822,14502,17.64233577
Assam,SONITPUR,2012,Rabi,Rapeseed &Mustard,16805,10533,0.626777745
Assam,SONITPUR,2012,Rabi,Sweet potato,228,1222,5.359649123
Assam,SONITPUR,2012,Rabi,Urad,3036,2252,0.741765481
Assam,SONITPUR,2012,Rabi,Wheat,831,982,1.181708785
Assam,SONITPUR,2012,Summer,Rice,19365,79652,4.113193907
Assam,SONITPUR,2012,Whole Year,Banana,3974,71453,17.98012079
Assam,SONITPUR,2012,Whole Year,Coconut,1891,15988,8.454785828
Assam,SONITPUR,2012,Whole Year,Onion,336,1596,4.75
Assam,SONITPUR,2012,Whole Year,Potato,7071,47886,6.77216801
Assam,SONITPUR,2012,Whole Year,Sugarcane,2512,91503,36.4263535
Assam,SONITPUR,2012,Whole Year,Turmeric,1034,998,0.965183752
Assam,SONITPUR,2012,Winter,Paddy,122123,237845,1.947585631
Assam,SONITPUR,2012,Winter,Rice,122123,237845,1.947585631
Assam,SONITPUR,2013,Autumn,Paddy,20669,32904,1.591949296
Assam,SONITPUR,2013,Autumn,Rice,20669,32904,1.591949296
Assam,SONITPUR,2013,Kharif,Arhar/Tur,619,576,0.930533118
Assam,SONITPUR,2013,Kharif,Castor seed,13,6,0.461538462
Assam,SONITPUR,2013,Kharif,Cotton(lint),8,3,0.375
Assam,SONITPUR,2013,Kharif,Jute,2926,19090,6.524265208
Assam,SONITPUR,2013,Kharif,Maize,866,4560,5.265588915
Assam,SONITPUR,2013,Kharif,Mesta,202,1684,8.336633663
Assam,SONITPUR,2013,Kharif,Niger seed,113,67,0.592920354
Assam,SONITPUR,2013,Kharif,Orange,402,4735,11.77860697
Assam,SONITPUR,2013,Kharif,Papaya,508,12154,23.92519685
Assam,SONITPUR,2013,Kharif,Sesamum,500,328,0.656
Assam,SONITPUR,2013,Kharif,Small millets,147,249,1.693877551
Assam,SONITPUR,2013,Kharif,Tapioca,294,2582,8.782312925
Assam,SONITPUR,2013,Kharif,Tobacco,9,7,0.777777778
Assam,SONITPUR,2013,Rabi,Arecanut,4783,3108,0.64980138
Assam,SONITPUR,2013,Rabi,Black pepper,111,187,1.684684685
Assam,SONITPUR,2013,Rabi,Dry chillies,651,374,0.574500768
Assam,SONITPUR,2013,Rabi,Ginger,542,4113,7.588560886
Assam,SONITPUR,2013,Rabi,Gram,285,228,0.8
Assam,SONITPUR,2013,Rabi,Linseed,80,53,0.6625
Assam,SONITPUR,2013,Rabi,Masoor,2368,1461,0.616976351
Assam,SONITPUR,2013,Rabi,Moong(Green Gram),2084,1483,0.711612284
Assam,SONITPUR,2013,Rabi,Peas & beans (Pulses),3234,1788,0.552875696
Assam,SONITPUR,2013,Rabi,Pineapple,845,14907,17.64142012
Assam,SONITPUR,2013,Rabi,Rapeseed &Mustard,18764,11220,0.597953528
Assam,SONITPUR,2013,Rabi,Sweet potato,218,2616,12
Assam,SONITPUR,2013,Rabi,Urad,4793,2856,0.595868976
Assam,SONITPUR,2013,Rabi,Wheat,472,663,1.404661017
Assam,SONITPUR,2013,Summer,Paddy,21493,67738,3.151630764
Assam,SONITPUR,2013,Summer,Rice,21493,67738,3.151630764
Assam,SONITPUR,2013,Whole Year,Banana,4041,72658,17.98020292
Assam,SONITPUR,2013,Whole Year,Coconut,1882,13879,7.374601488
Assam,SONITPUR,2013,Whole Year,Onion,325,1544,4.750769231
Assam,SONITPUR,2013,Whole Year,Potato,7838,57143,7.290507783
Assam,SONITPUR,2013,Whole Year,Sugarcane,2452,93272,38.03915171
Assam,SONITPUR,2013,Whole Year,Turmeric,1025,989,0.964878049
Assam,SONITPUR,2013,Winter,Paddy,123892,240086,1.937865237
Assam,SONITPUR,2013,Winter,Rice,123892,240086,1.937865237
Assam,SONITPUR,2014,Autumn,Paddy,18027,32220,1.787319021
Assam,SONITPUR,2014,Autumn,Rice,18027,32220,1.787319021
Assam,SONITPUR,2014,Kharif,Arhar/Tur,641,660,1.029641186
Assam,SONITPUR,2014,Kharif,Castor seed,11,4,0.363636364
Assam,SONITPUR,2014,Kharif,Cotton(lint),10,4,0.4
Assam,SONITPUR,2014,Kharif,Jute,3142,24944,7.938892425
Assam,SONITPUR,2014,Kharif,Maize,1420,7323,5.157042254
Assam,SONITPUR,2014,Kharif,Mesta,193,1602,8.300518135
Assam,SONITPUR,2014,Kharif,Niger seed,148,90,0.608108108
Assam,SONITPUR,2014,Kharif,Orange,440,5185,11.78409091
Assam,SONITPUR,2014,Kharif,Papaya,519,12417,23.92485549
Assam,SONITPUR,2014,Kharif,Sesamum,646,496,0.767801858
Assam,SONITPUR,2014,Kharif,Small millets,174,98,0.563218391
Assam,SONITPUR,2014,Kharif,Tapioca,292,2568,8.794520548
Assam,SONITPUR,2014,Kharif,Tobacco,12,8,0.666666667
Assam,SONITPUR,2014,Rabi,Black pepper,125,211,1.688
Assam,SONITPUR,2014,Rabi,Dry chillies,1105,646,0.584615385
Assam,SONITPUR,2014,Rabi,Ginger,626,6075,9.704472843
Assam,SONITPUR,2014,Rabi,Gram,310,314,1.012903226
Assam,SONITPUR,2014,Rabi,Linseed,111,76,0.684684685
Assam,SONITPUR,2014,Rabi,Masoor,2251,1821,0.808973789
Assam,SONITPUR,2014,Rabi,Moong(Green Gram),2022,1539,0.761127596
Assam,SONITPUR,2014,Rabi,Peas & beans (Pulses),3053,2276,0.745496233
Assam,SONITPUR,2014,Rabi,Pineapple,841,14837,17.64209275
Assam,SONITPUR,2014,Rabi,Rapeseed &Mustard,20152,12307,0.610708615
Assam,SONITPUR,2014,Rabi,Sweet potato,361,4338,12.0166205
Assam,SONITPUR,2014,Rabi,Urad,5032,4056,0.806041335
Assam,SONITPUR,2014,Rabi,Wheat,400,465,1.1625
Assam,SONITPUR,2014,Summer,Paddy,25008,81831,3.272192898
Assam,SONITPUR,2014,Summer,Rice,25008,81831,3.272192898
Assam,SONITPUR,2014,Whole Year,Banana,3933,70716,17.98016781
Assam,SONITPUR,2014,Whole Year,Onion,565,2692,4.76460177
Assam,SONITPUR,2014,Whole Year,Potato,8858,62136,7.014675999
Assam,SONITPUR,2014,Whole Year,Sugarcane,3090,120077,38.85987055
Assam,SONITPUR,2014,Whole Year,Turmeric,1013,854,0.843040474
Assam,SONITPUR,2014,Winter,Paddy,130052,266895,2.052217575
Assam,SONITPUR,2014,Winter,Rice,130052,266895,2.052217575
Assam,TINSUKIA,1997,Autumn,Rice,7790,7740,0.993581515
Assam,TINSUKIA,1997,Kharif,Arhar/Tur,160,119,0.74375
Assam,TINSUKIA,1997,Kharif,Castor seed,6,2,0.333333333
Assam,TINSUKIA,1997,Kharif,Jute,17,162,9.529411765
Assam,TINSUKIA,1997,Kharif,Maize,1057,634,0.599810785
Assam,TINSUKIA,1997,Kharif,Mesta,3,14,4.666666667
Assam,TINSUKIA,1997,Kharif,Small millets,165,83,0.503030303
Assam,TINSUKIA,1997,Kharif,Sugarcane,484,19897,41.10950413
Assam,TINSUKIA,1997,Rabi,Linseed,6,3,0.5
Assam,TINSUKIA,1997,Rabi,Other  Rabi pulses,2871,1403,0.488679902
Assam,TINSUKIA,1997,Rabi,Rapeseed &Mustard,9037,3121,0.345357973
Assam,TINSUKIA,1997,Rabi,Wheat,630,819,1.3
Assam,TINSUKIA,1997,Summer,Rice,72,86,1.194444444
Assam,TINSUKIA,1997,Whole Year,Arecanut,2082,1473,0.707492795
Assam,TINSUKIA,1997,Whole Year,Coconut,69,109,1.579710145
Assam,TINSUKIA,1997,Whole Year,Dry chillies,148,90,0.608108108
Assam,TINSUKIA,1997,Whole Year,Niger seed,12,5,0.416666667
Assam,TINSUKIA,1997,Whole Year,Onion,60,120,2
Assam,TINSUKIA,1997,Whole Year,Potato,2337,12184,5.213521609
Assam,TINSUKIA,1997,Whole Year,Sesamum,76,32,0.421052632
Assam,TINSUKIA,1997,Whole Year,Sweet potato,218,728,3.339449541
Assam,TINSUKIA,1997,Whole Year,Tapioca,29,116,4
Assam,TINSUKIA,1997,Whole Year,Tobacco,6,4,0.666666667
Assam,TINSUKIA,1997,Whole Year,Turmeric,387,212,0.547803618
Assam,TINSUKIA,1997,Winter,Rice,55494,42946,0.773885465
Assam,TINSUKIA,1998,Autumn,Rice,7425,10428,1.404444444
Assam,TINSUKIA,1998,Kharif,Arhar/Tur,85,63,0.741176471
Assam,TINSUKIA,1998,Kharif,Castor seed,6,3,0.5
Assam,TINSUKIA,1998,Kharif,Cotton(lint),1,,
Assam,TINSUKIA,1998,Kharif,Jute,14,123,8.785714286
Assam,TINSUKIA,1998,Kharif,Maize,1080,648,0.6
Assam,TINSUKIA,1998,Kharif,Mesta,65,9,0.138461538
Assam,TINSUKIA,1998,Kharif,Niger seed,10,4,0.4
Assam,TINSUKIA,1998,Kharif,Sesamum,57,26,0.456140351
Assam,TINSUKIA,1998,Kharif,Small millets,146,74,0.506849315
Assam,TINSUKIA,1998,Rabi,Linseed,6,3,0.5
Assam,TINSUKIA,1998,Rabi,Other  Rabi pulses,2348,899,0.382879046
Assam,TINSUKIA,1998,Rabi,Rapeseed &Mustard,8250,3112,0.377212121
Assam,TINSUKIA,1998,Rabi,Wheat,350,335,0.957142857
Assam,TINSUKIA,1998,Summer,Rice,205,408,1.990243902
Assam,TINSUKIA,1998,Whole Year,Arecanut,2096,1667,0.795324427
Assam,TINSUKIA,1998,Whole Year,Banana,1750,24010,13.72
Assam,TINSUKIA,1998,Whole Year,Coconut,64,324000,5062.5
Assam,TINSUKIA,1998,Whole Year,Dry chillies,209,126,0.602870813
Assam,TINSUKIA,1998,Whole Year,Onion,40,81,2.025
Assam,TINSUKIA,1998,Whole Year,Potato,2303,16281,7.069474598
Assam,TINSUKIA,1998,Whole Year,Sugarcane,493,16443,33.35294118
Assam,TINSUKIA,1998,Whole Year,Sweet potato,163,540,3.312883436
Assam,TINSUKIA,1998,Whole Year,Tapioca,34,136,4
Assam,TINSUKIA,1998,Whole Year,Tobacco,3,2,0.666666667
Assam,TINSUKIA,1998,Whole Year,Turmeric,348,188,0.540229885
Assam,TINSUKIA,1998,Winter,Rice,57458,88039,1.532232239
Assam,TINSUKIA,1999,Autumn,Rice,7821,10399,1.329625368
Assam,TINSUKIA,1999,Kharif,Arhar/Tur,87,65,0.747126437
Assam,TINSUKIA,1999,Kharif,Castor seed,6,3,0.5
Assam,TINSUKIA,1999,Kharif,Cotton(lint),1,,
Assam,TINSUKIA,1999,Kharif,Jute,10,90,9
Assam,TINSUKIA,1999,Kharif,Maize,930,558,0.6
Assam,TINSUKIA,1999,Kharif,Mesta,1,5,5
Assam,TINSUKIA,1999,Kharif,Niger seed,10,5,0.5
Assam,TINSUKIA,1999,Kharif,Sesamum,54,24,0.444444444
Assam,TINSUKIA,1999,Kharif,Small millets,75,38,0.506666667
Assam,TINSUKIA,1999,Rabi,Linseed,4,2,0.5
Assam,TINSUKIA,1999,Rabi,Other  Rabi pulses,1794,818,0.455964326
Assam,TINSUKIA,1999,Rabi,Rapeseed &Mustard,8300,3659,0.440843373
Assam,TINSUKIA,1999,Rabi,Wheat,276,352,1.275362319
Assam,TINSUKIA,1999,Summer,Rice,242,537,2.219008264
Assam,TINSUKIA,1999,Whole Year,Arecanut,2102,1417,0.674119886
Assam,TINSUKIA,1999,Whole Year,Banana,1735,23805,13.7204611
Assam,TINSUKIA,1999,Whole Year,Coconut,69,344000,4985.507246
Assam,TINSUKIA,1999,Whole Year,Dry chillies,132,80,0.606060606
Assam,TINSUKIA,1999,Whole Year,Onion,18,36,2
Assam,TINSUKIA,1999,Whole Year,Potato,2497,20829,8.341609932
Assam,TINSUKIA,1999,Whole Year,Sugarcane,350,13884,39.66857143
Assam,TINSUKIA,1999,Whole Year,Sweet potato,161,533,3.310559006
Assam,TINSUKIA,1999,Whole Year,Tapioca,36,144,4
Assam,TINSUKIA,1999,Whole Year,Tobacco,2,1,0.5
Assam,TINSUKIA,1999,Whole Year,Turmeric,363,196,0.539944904
Assam,TINSUKIA,1999,Winter,Rice,58739,88945,1.514240964
Assam,TINSUKIA,2000,Autumn,Rice,9070,13214,1.456890849
Assam,TINSUKIA,2000,Kharif,Arhar/Tur,120,90,0.75
Assam,TINSUKIA,2000,Kharif,Castor seed,5,2,0.4
Assam,TINSUKIA,2000,Kharif,Cotton(lint),2,1,0.5
Assam,TINSUKIA,2000,Kharif,Jute,11,105,9.545454545
Assam,TINSUKIA,2000,Kharif,Maize,1077,646,0.599814299
Assam,TINSUKIA,2000,Kharif,Mesta,1,5,5
Assam,TINSUKIA,2000,Kharif,Niger seed,5,2,0.4
Assam,TINSUKIA,2000,Kharif,Sesamum,58,26,0.448275862
Assam,TINSUKIA,2000,Kharif,Small millets,74,37,0.5
Assam,TINSUKIA,2000,Rabi,Other  Rabi pulses,1692,671,0.396572104
Assam,TINSUKIA,2000,Rabi,Rapeseed &Mustard,8217,4095,0.498357065
Assam,TINSUKIA,2000,Rabi,Wheat,193,235,1.21761658
Assam,TINSUKIA,2000,Summer,Rice,400,827,2.0675
Assam,TINSUKIA,2000,Whole Year,Arecanut,2120,1691,0.797641509
Assam,TINSUKIA,2000,Whole Year,Banana,1723,23637,13.71851422
Assam,TINSUKIA,2000,Whole Year,Coconut,69,95000,1376.811594
Assam,TINSUKIA,2000,Whole Year,Dry chillies,142,86,0.605633803
Assam,TINSUKIA,2000,Whole Year,Onion,19,38,2
Assam,TINSUKIA,2000,Whole Year,Potato,2519,19019,7.550218341
Assam,TINSUKIA,2000,Whole Year,Sugarcane,350,10773,30.78
Assam,TINSUKIA,2000,Whole Year,Sweet potato,158,522,3.303797468
Assam,TINSUKIA,2000,Whole Year,Tapioca,44,176,4
Assam,TINSUKIA,2000,Whole Year,Tobacco,1,1,1
Assam,TINSUKIA,2000,Whole Year,Turmeric,379,205,0.540897098
Assam,TINSUKIA,2000,Winter,Rice,59206,85423,1.44280985
Assam,TINSUKIA,2001,Autumn,Rice,8469,11390,1.344904947
Assam,TINSUKIA,2001,Kharif,Arhar/Tur,120,89,0.741666667
Assam,TINSUKIA,2001,Kharif,Castor seed,2,1,0.5
Assam,TINSUKIA,2001,Kharif,Cotton(lint),1,1,1
Assam,TINSUKIA,2001,Kharif,Jute,13,129,9.923076923
Assam,TINSUKIA,2001,Kharif,Maize,894,536,0.599552573
Assam,TINSUKIA,2001,Kharif,Mesta,1,5,5
Assam,TINSUKIA,2001,Kharif,Niger seed,2,1,0.5
Assam,TINSUKIA,2001,Kharif,Sesamum,63,28,0.444444444
Assam,TINSUKIA,2001,Kharif,Small millets,69,34,0.492753623
Assam,TINSUKIA,2001,Rabi,Masoor,292,120,0.410958904
Assam,TINSUKIA,2001,Rabi,Moong(Green Gram),49,20,0.408163265
Assam,TINSUKIA,2001,Rabi,Other  Rabi pulses,1907,921,0.482957525
Assam,TINSUKIA,2001,Rabi,Peas & beans (Pulses),585,239,0.408547009
Assam,TINSUKIA,2001,Rabi,Rapeseed &Mustard,8154,3526,0.432425803
Assam,TINSUKIA,2001,Rabi,Urad,939,522,0.555910543
Assam,TINSUKIA,2001,Rabi,Wheat,505,596,1.18019802
Assam,TINSUKIA,2001,Summer,Rice,65,130,2
Assam,TINSUKIA,2001,Whole Year,Arecanut,2134,2626,1.230552952
Assam,TINSUKIA,2001,Whole Year,Banana,1773,24313,13.71291596
Assam,TINSUKIA,2001,Whole Year,Coconut,71,184000,2591.549296
Assam,TINSUKIA,2001,Whole Year,Dry chillies,171,104,0.608187135
Assam,TINSUKIA,2001,Whole Year,Onion,24,51,2.125
Assam,TINSUKIA,2001,Whole Year,Potato,2605,16774,6.43915547
Assam,TINSUKIA,2001,Whole Year,Sugarcane,343,12769,37.22740525
Assam,TINSUKIA,2001,Whole Year,Sweet potato,164,541,3.298780488
Assam,TINSUKIA,2001,Whole Year,Tapioca,51,204,4
Assam,TINSUKIA,2001,Whole Year,Tobacco,1,1,1
Assam,TINSUKIA,2001,Whole Year,Turmeric,453,246,0.543046358
Assam,TINSUKIA,2001,Winter,Rice,56386,98552,1.74780974
Assam,TINSUKIA,2002,Autumn,Rice,8531,10210,1.196811628
Assam,TINSUKIA,2002,Kharif,Arhar/Tur,104,77,0.740384615
Assam,TINSUKIA,2002,Kharif,Castor seed,5,2,0.4
Assam,TINSUKIA,2002,Kharif,Cotton(lint),2,1,0.5
Assam,TINSUKIA,2002,Kharif,Jute,12,122,10.16666667
Assam,TINSUKIA,2002,Kharif,Maize,1013,608,0.600197433
Assam,TINSUKIA,2002,Kharif,Mesta,2,9,4.5
Assam,TINSUKIA,2002,Kharif,Niger seed,3,1,0.333333333
Assam,TINSUKIA,2002,Kharif,Sesamum,77,34,0.441558442
Assam,TINSUKIA,2002,Kharif,Small millets,76,38,0.5
Assam,TINSUKIA,2002,Rabi,Gram,1,1,1
Assam,TINSUKIA,2002,Rabi,Linseed,2,1,0.5
Assam,TINSUKIA,2002,Rabi,Masoor,58,26,0.448275862
Assam,TINSUKIA,2002,Rabi,Moong(Green Gram),82,33,0.402439024
Assam,TINSUKIA,2002,Rabi,Other  Rabi pulses,1577,735,0.466074826
Assam,TINSUKIA,2002,Rabi,Peas & beans (Pulses),595,243,0.408403361
Assam,TINSUKIA,2002,Rabi,Rapeseed &Mustard,7873,3485,0.442652102
Assam,TINSUKIA,2002,Rabi,Urad,782,405,0.517902813
Assam,TINSUKIA,2002,Rabi,Wheat,112,126,1.125
Assam,TINSUKIA,2002,Summer,Rice,139,264,1.899280576
Assam,TINSUKIA,2002,Whole Year,Arecanut,2144,2297,1.07136194
Assam,TINSUKIA,2002,Whole Year,Banana,1763,24187,13.71922859
Assam,TINSUKIA,2002,Whole Year,Coconut,75,690000,9200
Assam,TINSUKIA,2002,Whole Year,Dry chillies,141,86,0.609929078
Assam,TINSUKIA,2002,Whole Year,Onion,23,47,2.043478261
Assam,TINSUKIA,2002,Whole Year,Orange,1085,17431,16.06543779
Assam,TINSUKIA,2002,Whole Year,Papaya,182,2714,14.91208791
Assam,TINSUKIA,2002,Whole Year,Pineapple,361,4567,12.65096953
Assam,TINSUKIA,2002,Whole Year,Potato,2580,24040,9.317829457
Assam,TINSUKIA,2002,Whole Year,Sugarcane,292,10635,36.42123288
Assam,TINSUKIA,2002,Whole Year,Sweet potato,156,515,3.301282051
Assam,TINSUKIA,2002,Whole Year,Tapioca,54,216,4
Assam,TINSUKIA,2002,Whole Year,Tobacco,2,1,0.5
Assam,TINSUKIA,2002,Whole Year,Turmeric,435,236,0.542528736
Assam,TINSUKIA,2002,Winter,Rice,57990,70697,1.219123987
Assam,TINSUKIA,2003,Autumn,Rice,7365,10159,1.379361847
Assam,TINSUKIA,2003,Kharif,Arhar/Tur,93,70,0.752688172
Assam,TINSUKIA,2003,Kharif,Castor seed,5,2,0.4
Assam,TINSUKIA,2003,Kharif,Cotton(lint),2,1,0.5
Assam,TINSUKIA,2003,Kharif,Jute,12,125,10.41666667
Assam,TINSUKIA,2003,Kharif,Maize,919,551,0.599564744
Assam,TINSUKIA,2003,Kharif,Mesta,2,10,5
Assam,TINSUKIA,2003,Kharif,Niger seed,3,1,0.333333333
Assam,TINSUKIA,2003,Kharif,Sesamum,76,34,0.447368421
Assam,TINSUKIA,2003,Kharif,Small millets,72,36,0.5
Assam,TINSUKIA,2003,Rabi,Gram,1,1,1
Assam,TINSUKIA,2003,Rabi,Linseed,1,1,1
Assam,TINSUKIA,2003,Rabi,Masoor,96,40,0.416666667
Assam,TINSUKIA,2003,Rabi,Moong(Green Gram),87,35,0.402298851
Assam,TINSUKIA,2003,Rabi,other misc. pulses,60,28,0.466666667
Assam,TINSUKIA,2003,Rabi,Peas & beans (Pulses),662,271,0.409365559
Assam,TINSUKIA,2003,Rabi,Rapeseed &Mustard,9048,3955,0.437113174
Assam,TINSUKIA,2003,Rabi,Urad,805,361,0.448447205
Assam,TINSUKIA,2003,Rabi,Wheat,137,143,1.04379562
Assam,TINSUKIA,2003,Summer,Rice,139,249,1.791366906
Assam,TINSUKIA,2003,Whole Year,Arecanut,2161,3011,1.393336418
Assam,TINSUKIA,2003,Whole Year,Banana,1840,25190,13.69021739
Assam,TINSUKIA,2003,Whole Year,Coconut,74,662000,8945.945946
Assam,TINSUKIA,2003,Whole Year,Dry chillies,155,94,0.606451613
Assam,TINSUKIA,2003,Whole Year,Onion,22,45,2.045454545
Assam,TINSUKIA,2003,Whole Year,Orange,1335,21343,15.98726592
Assam,TINSUKIA,2003,Whole Year,Papaya,183,2728,14.90710383
Assam,TINSUKIA,2003,Whole Year,Pineapple,545,4404,8.080733945
Assam,TINSUKIA,2003,Whole Year,Potato,2540,12180,4.795275591
Assam,TINSUKIA,2003,Whole Year,Sugarcane,298,11500,38.59060403
Assam,TINSUKIA,2003,Whole Year,Sweet potato,156,515,3.301282051
Assam,TINSUKIA,2003,Whole Year,Tapioca,70,280,4
Assam,TINSUKIA,2003,Whole Year,Tobacco,2,1,0.5
Assam,TINSUKIA,2003,Whole Year,Turmeric,437,242,0.553775744
Assam,TINSUKIA,2003,Winter,Rice,61106,84911,1.389568946
Assam,TINSUKIA,2004,Autumn,Rice,7130,9428,1.32230014
Assam,TINSUKIA,2004,Kharif,Arhar/Tur,71,53,0.746478873
Assam,TINSUKIA,2004,Kharif,Castor seed,5,2,0.4
Assam,TINSUKIA,2004,Kharif,Cotton(lint),2,1,0.5
Assam,TINSUKIA,2004,Kharif,Jute,20,141,7.05
Assam,TINSUKIA,2004,Kharif,Mesta,2,10,5
Assam,TINSUKIA,2004,Kharif,Niger seed,3,1,0.333333333
Assam,TINSUKIA,2004,Kharif,Sesamum,66,29,0.439393939
Assam,TINSUKIA,2004,Kharif,Small millets,73,38,0.520547945
Assam,TINSUKIA,2004,Rabi,Gram,25,13,0.52
Assam,TINSUKIA,2004,Rabi,Linseed,1,1,1
Assam,TINSUKIA,2004,Rabi,Masoor,62,23,0.370967742
Assam,TINSUKIA,2004,Rabi,Moong(Green Gram),88,35,0.397727273
Assam,TINSUKIA,2004,Rabi,Peas & beans (Pulses),556,227,0.408273381
Assam,TINSUKIA,2004,Rabi,Rapeseed &Mustard,8758,3511,0.400890614
Assam,TINSUKIA,2004,Rabi,Urad,795,350,0.440251572
Assam,TINSUKIA,2004,Rabi,Wheat,119,127,1.067226891
Assam,TINSUKIA,2004,Summer,Rice,5,10,2
Assam,TINSUKIA,2004,Whole Year,Coconut,78,321000,4115.384615
Assam,TINSUKIA,2004,Whole Year,Dry chillies,145,88,0.606896552
Assam,TINSUKIA,2004,Whole Year,Onion,17,36,2.117647059
Assam,TINSUKIA,2004,Whole Year,Potato,2565,17215,6.711500975
Assam,TINSUKIA,2004,Whole Year,Sugarcane,292,10780,36.91780822
Assam,TINSUKIA,2004,Whole Year,Sweet potato,157,518,3.299363057
Assam,TINSUKIA,2004,Whole Year,Tobacco,2,1,0.5
Assam,TINSUKIA,2004,Whole Year,Turmeric,346,190,0.549132948
Assam,TINSUKIA,2004,Winter,Rice,54045,81042,1.499528171
Assam,TINSUKIA,2005,Autumn,Rice,4010,5005,1.248129676
Assam,TINSUKIA,2005,Kharif,Arhar/Tur,93,69,0.741935484
Assam,TINSUKIA,2005,Kharif,Castor seed,5,2,0.4
Assam,TINSUKIA,2005,Kharif,Cotton(lint),2,1,0.5
Assam,TINSUKIA,2005,Kharif,Jute,19,193,10.15789474
Assam,TINSUKIA,2005,Kharif,Maize,892,535,0.599775785
Assam,TINSUKIA,2005,Kharif,Mesta,1,5,5
Assam,TINSUKIA,2005,Kharif,Niger seed,3,1,0.333333333
Assam,TINSUKIA,2005,Kharif,Sesamum,61,27,0.442622951
Assam,TINSUKIA,2005,Kharif,Small millets,67,33,0.492537313
Assam,TINSUKIA,2005,Rabi,Gram,25,13,0.52
Assam,TINSUKIA,2005,Rabi,Linseed,2,1,0.5
Assam,TINSUKIA,2005,Rabi,Masoor,28,10,0.357142857
Assam,TINSUKIA,2005,Rabi,Moong(Green Gram),78,31,0.397435897
Assam,TINSUKIA,2005,Rabi,Other  Rabi pulses,1484,653,0.440026954
Assam,TINSUKIA,2005,Rabi,Peas & beans (Pulses),548,224,0.408759124
Assam,TINSUKIA,2005,Rabi,Rapeseed &Mustard,8145,4018,0.493308778
Assam,TINSUKIA,2005,Rabi,Urad,785,298,0.379617834
Assam,TINSUKIA,2005,Rabi,Wheat,110,119,1.081818182
Assam,TINSUKIA,2005,Whole Year,Arecanut,2152,1074,0.499070632
Assam,TINSUKIA,2005,Whole Year,Banana,1879,25773,13.71633848
Assam,TINSUKIA,2005,Whole Year,Dry chillies,151,91,0.602649007
Assam,TINSUKIA,2005,Whole Year,Onion,16,34,2.125
Assam,TINSUKIA,2005,Whole Year,Potato,2565,13856,5.401949318
Assam,TINSUKIA,2005,Whole Year,Sugarcane,295,10972,37.19322034
Assam,TINSUKIA,2005,Whole Year,Sweet potato,160,529,3.30625
Assam,TINSUKIA,2005,Whole Year,Tapioca,66,264,4
Assam,TINSUKIA,2005,Whole Year,Tobacco,40,24,0.6
Assam,TINSUKIA,2005,Whole Year,Turmeric,304,168,0.552631579
Assam,TINSUKIA,2005,Winter,Rice,55274,74903,1.355121757
Assam,TINSUKIA,2006,Autumn,Rice,4890,4997,1.021881391
Assam,TINSUKIA,2006,Kharif,Arhar/Tur,89,66,0.741573034
Assam,TINSUKIA,2006,Kharif,Castor seed,7,3,0.428571429
Assam,TINSUKIA,2006,Kharif,Cotton(lint),2,1,0.5
Assam,TINSUKIA,2006,Kharif,Jute,17,164,9.647058824
Assam,TINSUKIA,2006,Kharif,Maize,967,580,0.599793175
Assam,TINSUKIA,2006,Kharif,Mesta,1,5,5
Assam,TINSUKIA,2006,Kharif,Niger seed,65,31,0.476923077
Assam,TINSUKIA,2006,Kharif,Sesamum,83,36,0.43373494
Assam,TINSUKIA,2006,Kharif,Small millets,30,14,0.466666667
Assam,TINSUKIA,2006,Rabi,Gram,3,2,0.666666667
Assam,TINSUKIA,2006,Rabi,Masoor,20,7,0.35
Assam,TINSUKIA,2006,Rabi,Moong(Green Gram),82,33,0.402439024
Assam,TINSUKIA,2006,Rabi,Other  Rabi pulses,70,34,0.485714286
Assam,TINSUKIA,2006,Rabi,Peas & beans (Pulses),620,254,0.409677419
Assam,TINSUKIA,2006,Rabi,Rapeseed &Mustard,9135,4420,0.483853311
Assam,TINSUKIA,2006,Rabi,Urad,795,377,0.474213836
Assam,TINSUKIA,2006,Rabi,Wheat,280,317,1.132142857
Assam,TINSUKIA,2006,Summer,Rice,10,20,2
Assam,TINSUKIA,2006,Whole Year,Arecanut,1720,1160,0.674418605
Assam,TINSUKIA,2006,Whole Year,Banana,1793,24589,13.71388734
Assam,TINSUKIA,2006,Whole Year,Coconut,62,87000,1403.225806
Assam,TINSUKIA,2006,Whole Year,Dry chillies,168,102,0.607142857
Assam,TINSUKIA,2006,Whole Year,Onion,16,34,2.125
Assam,TINSUKIA,2006,Whole Year,Potato,2585,12646,4.892069632
Assam,TINSUKIA,2006,Whole Year,Sugarcane,302,11969,39.63245033
Assam,TINSUKIA,2006,Whole Year,Sweet potato,160,529,3.30625
Assam,TINSUKIA,2006,Whole Year,Tapioca,56,224,4
Assam,TINSUKIA,2006,Whole Year,Tobacco,2,1,0.5
Assam,TINSUKIA,2006,Whole Year,Turmeric,227,124,0.546255507
Assam,TINSUKIA,2006,Winter,Rice,55537,70706,1.273133226
Assam,TINSUKIA,2007,Autumn,Rice,6333,6315,0.997157745
Assam,TINSUKIA,2007,Kharif,Arhar/Tur,80,60,0.75
Assam,TINSUKIA,2007,Kharif,Castor seed,7,3,0.428571429
Assam,TINSUKIA,2007,Kharif,Cotton(lint),2,1,0.5
Assam,TINSUKIA,2007,Kharif,Jute,12,132,11
Assam,TINSUKIA,2007,Kharif,Maize,985,591,0.6
Assam,TINSUKIA,2007,Kharif,Mesta,2,10,5
Assam,TINSUKIA,2007,Kharif,Niger seed,60,28,0.466666667
Assam,TINSUKIA,2007,Kharif,Sesamum,83,36,0.43373494
Assam,TINSUKIA,2007,Kharif,Small millets,42,19,0.452380952
Assam,TINSUKIA,2007,Rabi,Gram,2,1,0.5
Assam,TINSUKIA,2007,Rabi,Masoor,94,37,0.393617021
Assam,TINSUKIA,2007,Rabi,Moong(Green Gram),90,36,0.4
Assam,TINSUKIA,2007,Rabi,Other  Rabi pulses,72,35,0.486111111
Assam,TINSUKIA,2007,Rabi,Peas & beans (Pulses),630,258,0.40952381
Assam,TINSUKIA,2007,Rabi,Rapeseed &Mustard,9475,4972,0.52474934
Assam,TINSUKIA,2007,Rabi,Urad,822,439,0.53406326
Assam,TINSUKIA,2007,Rabi,Wheat,310,392,1.264516129
Assam,TINSUKIA,2007,Summer,Rice,12,28,2.333333333
Assam,TINSUKIA,2007,Whole Year,Arecanut,1646,1229,0.746658566
Assam,TINSUKIA,2007,Whole Year,Banana,1430,19598,13.7048951
Assam,TINSUKIA,2007,Whole Year,Black pepper,58,62,1.068965517
Assam,TINSUKIA,2007,Whole Year,Coconut,63,92000,1460.31746
Assam,TINSUKIA,2007,Whole Year,Dry chillies,165,100,0.606060606
Assam,TINSUKIA,2007,Whole Year,Dry ginger,1590,10872,6.837735849
Assam,TINSUKIA,2007,Whole Year,Onion,28,58,2.071428571
Assam,TINSUKIA,2007,Whole Year,Potato,2163,11661,5.39112344
Assam,TINSUKIA,2007,Whole Year,Sugarcane,282,10737,38.07446809
Assam,TINSUKIA,2007,Whole Year,Sweet potato,163,539,3.306748466
Assam,TINSUKIA,2007,Whole Year,Tapioca,37,148,4
Assam,TINSUKIA,2007,Whole Year,Tobacco,2,1,0.5
Assam,TINSUKIA,2007,Whole Year,Turmeric,217,119,0.548387097
Assam,TINSUKIA,2007,Winter,Rice,56528,80593,1.425718228
Assam,TINSUKIA,2008,Autumn,Rice,6860,7806,1.137900875
Assam,TINSUKIA,2008,Kharif,Arhar/Tur,77,57,0.74025974
Assam,TINSUKIA,2008,Kharif,Castor seed,7,3,0.428571429
Assam,TINSUKIA,2008,Kharif,Cotton(lint),2,1,0.5
Assam,TINSUKIA,2008,Kharif,Jute,12,130,10.83333333
Assam,TINSUKIA,2008,Kharif,Maize,935,561,0.6
Assam,TINSUKIA,2008,Kharif,Mesta,4,18,4.5
Assam,TINSUKIA,2008,Kharif,Niger seed,35,16,0.457142857
Assam,TINSUKIA,2008,Kharif,Sesamum,82,35,0.426829268
Assam,TINSUKIA,2008,Kharif,Small millets,55,24,0.436363636
Assam,TINSUKIA,2008,Rabi,Blackgram,825,603,0.730909091
Assam,TINSUKIA,2008,Rabi,Gram,7,4,0.571428571
Assam,TINSUKIA,2008,Rabi,Masoor,25,11,0.44
Assam,TINSUKIA,2008,Rabi,Moong(Green Gram),71,28,0.394366197
Assam,TINSUKIA,2008,Rabi,Peas & beans (Pulses),560,230,0.410714286
Assam,TINSUKIA,2008,Rabi,Rapeseed &Mustard,7697,5253,0.682473691
Assam,TINSUKIA,2008,Rabi,Urad,825,603,0.730909091
Assam,TINSUKIA,2008,Rabi,Wheat,49,53,1.081632653
Assam,TINSUKIA,2008,Whole Year,Arecanut,2092,1292,0.617590822
Assam,TINSUKIA,2008,Whole Year,Banana,1625,22270,13.70461538
Assam,TINSUKIA,2008,Whole Year,Black pepper,268,287,1.070895522
Assam,TINSUKIA,2008,Whole Year,Coconut,70,66000,942.8571429
Assam,TINSUKIA,2008,Whole Year,Dry chillies,131,79,0.603053435
Assam,TINSUKIA,2008,Whole Year,Dry ginger,1612,11023,6.83808933
Assam,TINSUKIA,2008,Whole Year,Onion,33,66,2
Assam,TINSUKIA,2008,Whole Year,Potato,1962,7646,3.897043833
Assam,TINSUKIA,2008,Whole Year,Sugarcane,247,9482,38.38866397
Assam,TINSUKIA,2008,Whole Year,Sweet potato,150,509,3.393333333
Assam,TINSUKIA,2008,Whole Year,Tapioca,38,152,4
Assam,TINSUKIA,2008,Whole Year,Tobacco,1,1,1
Assam,TINSUKIA,2008,Whole Year,Turmeric,235,130,0.553191489
Assam,TINSUKIA,2008,Winter,Rice,58870,84930,1.44267029
Assam,TINSUKIA,2009,Autumn,Rice,3953,3829,0.968631419
Assam,TINSUKIA,2009,Kharif,Arhar/Tur,112,83,0.741071429
Assam,TINSUKIA,2009,Kharif,Castor seed,6,2,0.333333333
Assam,TINSUKIA,2009,Kharif,Cotton(lint),1,1,1
Assam,TINSUKIA,2009,Kharif,Jute,13,142,10.92307692
Assam,TINSUKIA,2009,Kharif,Maize,755,453,0.6
Assam,TINSUKIA,2009,Kharif,Mesta,5,23,4.6
Assam,TINSUKIA,2009,Kharif,Niger seed,35,17,0.485714286
Assam,TINSUKIA,2009,Kharif,Sesamum,82,35,0.426829268
Assam,TINSUKIA,2009,Kharif,Small millets,30,12,0.4
Assam,TINSUKIA,2009,Rabi,Banana,1856,25455,13.71497845
Assam,TINSUKIA,2009,Rabi,Gram,6,4,0.666666667
Assam,TINSUKIA,2009,Rabi,Masoor,79,32,0.405063291
Assam,TINSUKIA,2009,Rabi,Moong(Green Gram),98,39,0.397959184
Assam,TINSUKIA,2009,Rabi,Peas & beans (Pulses),587,240,0.408858603
Assam,TINSUKIA,2009,Rabi,Rapeseed &Mustard,7705,4477,0.581051265
Assam,TINSUKIA,2009,Rabi,Urad,877,773,0.881413911
Assam,TINSUKIA,2009,Rabi,Wheat,102,111,1.088235294
Assam,TINSUKIA,2009,Summer,Rice,61,132,2.163934426
Assam,TINSUKIA,2009,Whole Year,Arecanut,2079,1009,0.485329485
Assam,TINSUKIA,2009,Whole Year,Banana,1856,25455,13.71497845
Assam,TINSUKIA,2009,Whole Year,Black pepper,255,273,1.070588235
Assam,TINSUKIA,2009,Whole Year,Coconut,70,579000,8271.428571
Assam,TINSUKIA,2009,Whole Year,Dry chillies,138,83,0.601449275
Assam,TINSUKIA,2009,Whole Year,Dry ginger,893,6106,6.83762598
Assam,TINSUKIA,2009,Whole Year,Onion,39,79,2.025641026
Assam,TINSUKIA,2009,Whole Year,Potato,2225,8291,3.726292135
Assam,TINSUKIA,2009,Whole Year,Sugarcane,255,9973,39.10980392
Assam,TINSUKIA,2009,Whole Year,Sweet potato,163,549,3.36809816
Assam,TINSUKIA,2009,Whole Year,Tapioca,54,216,4
Assam,TINSUKIA,2009,Whole Year,Tobacco,2,1,0.5
Assam,TINSUKIA,2009,Whole Year,Turmeric,256,141,0.55078125
Assam,TINSUKIA,2009,Winter,Rice,62459,91080,1.458236603
Assam,TINSUKIA,2010,Autumn,Rice,6278,12549,1.998884995
Assam,TINSUKIA,2010,Kharif,Arhar/Tur,114,85,0.745614035
Assam,TINSUKIA,2010,Kharif,Castor seed,7,3,0.428571429
Assam,TINSUKIA,2010,Kharif,Cotton(lint),2,1,0.5
Assam,TINSUKIA,2010,Kharif,Jute,8,80,10
Assam,TINSUKIA,2010,Kharif,Maize,888,533,0.600225225
Assam,TINSUKIA,2010,Kharif,Mesta,2,10,5
Assam,TINSUKIA,2010,Kharif,Niger seed,26,13,0.5
Assam,TINSUKIA,2010,Kharif,Sesamum,77,33,0.428571429
Assam,TINSUKIA,2010,Kharif,Small millets,46,21,0.456521739
Assam,TINSUKIA,2010,Rabi,Arecanut,2079,1009,0.485329485
Assam,TINSUKIA,2010,Rabi,Banana,1860,25510,13.71505376
Assam,TINSUKIA,2010,Rabi,Gram,6,3,0.5
Assam,TINSUKIA,2010,Rabi,Masoor,19,9,0.473684211
Assam,TINSUKIA,2010,Rabi,Moong(Green Gram),83,33,0.397590361
Assam,TINSUKIA,2010,Rabi,Peas & beans (Pulses),525,214,0.407619048
Assam,TINSUKIA,2010,Rabi,Rapeseed &Mustard,7645,5426,0.709744931
Assam,TINSUKIA,2010,Rabi,Urad,1780,1962,1.102247191
Assam,TINSUKIA,2010,Rabi,Wheat,52,65,1.25
Assam,TINSUKIA,2010,Summer,Rice,71,183,2.577464789
Assam,TINSUKIA,2010,Whole Year,Banana,1860,25510,13.71505376
Assam,TINSUKIA,2010,Whole Year,Black pepper,270,289,1.07037037
Assam,TINSUKIA,2010,Whole Year,Coconut,70,579000,8271.428571
Assam,TINSUKIA,2010,Whole Year,Dry chillies,187,113,0.604278075
Assam,TINSUKIA,2010,Whole Year,Dry ginger,985,6735,6.837563452
Assam,TINSUKIA,2010,Whole Year,Onion,43,86,2
Assam,TINSUKIA,2010,Whole Year,Potato,1926,9195,4.774143302
Assam,TINSUKIA,2010,Whole Year,Sugarcane,179,6480,36.20111732
Assam,TINSUKIA,2010,Whole Year,Sweet potato,83,285,3.43373494
Assam,TINSUKIA,2010,Whole Year,Tapioca,44,176,4
Assam,TINSUKIA,2010,Whole Year,Tobacco,2,1,0.5
Assam,TINSUKIA,2010,Whole Year,Turmeric,305,168,0.550819672
Assam,TINSUKIA,2010,Winter,Rice,58281,115844,1.987680376
Assam,TINSUKIA,2011,Autumn,Paddy,6202,11704,1.887133183
Assam,TINSUKIA,2011,Autumn,Rice,6202,11704,1.887133183
Assam,TINSUKIA,2011,Kharif,Arhar/Tur,94,74,0.787234043
Assam,TINSUKIA,2011,Kharif,Castor seed,7,4,0.571428571
Assam,TINSUKIA,2011,Kharif,Cotton(lint),1,1,1
Assam,TINSUKIA,2011,Kharif,Jute,9,83,9.222222222
Assam,TINSUKIA,2011,Kharif,Maize,763,528,0.692005242
Assam,TINSUKIA,2011,Kharif,Mesta,1,5,5
Assam,TINSUKIA,2011,Kharif,Niger seed,19,10,0.526315789
Assam,TINSUKIA,2011,Kharif,Orange,1189,18710,15.73591253
Assam,TINSUKIA,2011,Kharif,Papaya,167,2505,15
Assam,TINSUKIA,2011,Kharif,Sesamum,68,36,0.529411765
Assam,TINSUKIA,2011,Kharif,Small millets,35,16,0.457142857
Assam,TINSUKIA,2011,Kharif,Tapioca,23,207,9
Assam,TINSUKIA,2011,Kharif,Tobacco,1,1,1
Assam,TINSUKIA,2011,Rabi,Arecanut,1881,1563,0.830940989
Assam,TINSUKIA,2011,Rabi,Black pepper,285,310,1.087719298
Assam,TINSUKIA,2011,Rabi,Dry chillies,200,153,0.765
Assam,TINSUKIA,2011,Rabi,Ginger,759,5301,6.984189723
Assam,TINSUKIA,2011,Rabi,Gram,7,5,0.714285714
Assam,TINSUKIA,2011,Rabi,Masoor,30,16,0.533333333
Assam,TINSUKIA,2011,Rabi,Moong(Green Gram),230,97,0.42173913
Assam,TINSUKIA,2011,Rabi,Peas & beans (Pulses),576,242,0.420138889
Assam,TINSUKIA,2011,Rabi,Pineapple,256,3465,13.53515625
Assam,TINSUKIA,2011,Rabi,Rapeseed &Mustard,5766,3032,0.525841138
Assam,TINSUKIA,2011,Rabi,Sweet potato,87,207,2.379310345
Assam,TINSUKIA,2011,Rabi,Urad,2020,1123,0.555940594
Assam,TINSUKIA,2011,Rabi,Wheat,34,41,1.205882353
Assam,TINSUKIA,2011,Summer,Paddy,86,236,2.744186047
Assam,TINSUKIA,2011,Summer,Rice,85,236,2.776470588
Assam,TINSUKIA,2011,Whole Year,Banana,2112,29022,13.74147727
Assam,TINSUKIA,2011,Whole Year,Coconut,54,246,4.555555556
Assam,TINSUKIA,2011,Whole Year,Onion,41,222,5.414634146
Assam,TINSUKIA,2011,Whole Year,Potato,2442,19581,8.018427518
Assam,TINSUKIA,2011,Whole Year,Sugarcane,197,7300,37.05583756
Assam,TINSUKIA,2011,Whole Year,Turmeric,302,203,0.67218543
Assam,TINSUKIA,2011,Winter,Paddy,58355,106084,1.817907634
Assam,TINSUKIA,2011,Winter,Rice,58355,106084,1.817907634
Assam,TINSUKIA,2012,Autumn,Paddy,5806,7964,1.371684464
Assam,TINSUKIA,2012,Autumn,Rice,5806,7964,1.371684464
Assam,TINSUKIA,2012,Kharif,Arhar/Tur,96,80,0.833333333
Assam,TINSUKIA,2012,Kharif,Castor seed,9,5,0.555555556
Assam,TINSUKIA,2012,Kharif,Cotton(lint),2,1,0.5
Assam,TINSUKIA,2012,Kharif,Jute,9,77,8.555555556
Assam,TINSUKIA,2012,Kharif,Maize,773,602,0.778783959
Assam,TINSUKIA,2012,Kharif,Mesta,1,9,9
Assam,TINSUKIA,2012,Kharif,Niger seed,19,10,0.526315789
Assam,TINSUKIA,2012,Kharif,Orange,1191,19860,16.67506297
Assam,TINSUKIA,2012,Kharif,Papaya,154,2313,15.01948052
Assam,TINSUKIA,2012,Kharif,Sesamum,68,35,0.514705882
Assam,TINSUKIA,2012,Kharif,Small millets,29,13,0.448275862
Assam,TINSUKIA,2012,Kharif,Tapioca,19,158,8.315789474
Assam,TINSUKIA,2012,Rabi,Arecanut,1896,1705,0.899261603
Assam,TINSUKIA,2012,Rabi,Black pepper,288,344,1.194444444
Assam,TINSUKIA,2012,Rabi,Dry chillies,214,167,0.780373832
Assam,TINSUKIA,2012,Rabi,Ginger,768,6052,7.880208333
Assam,TINSUKIA,2012,Rabi,Gram,6,4,0.666666667
Assam,TINSUKIA,2012,Rabi,Masoor,34,18,0.529411765
Assam,TINSUKIA,2012,Rabi,Moong(Green Gram),257,120,0.46692607
Assam,TINSUKIA,2012,Rabi,Peas & beans (Pulses),1066,468,0.43902439
Assam,TINSUKIA,2012,Rabi,Pineapple,269,3887,14.44981413
Assam,TINSUKIA,2012,Rabi,Rapeseed &Mustard,6778,4583,0.676158159
Assam,TINSUKIA,2012,Rabi,Sweet potato,88,298,3.386363636
Assam,TINSUKIA,2012,Rabi,Urad,1448,798,0.551104972
Assam,TINSUKIA,2012,Rabi,Wheat,35,45,1.285714286
Assam,TINSUKIA,2012,Summer,Rice,250,741,2.964
Assam,TINSUKIA,2012,Whole Year,Banana,2101,30402,14.47025226
Assam,TINSUKIA,2012,Whole Year,Coconut,72,309,4.291666667
Assam,TINSUKIA,2012,Whole Year,Onion,41,224,5.463414634
Assam,TINSUKIA,2012,Whole Year,Potato,2459,11254,4.576657178
Assam,TINSUKIA,2012,Whole Year,Sugarcane,201,7158,35.6119403
Assam,TINSUKIA,2012,Whole Year,Turmeric,366,249,0.680327869
Assam,TINSUKIA,2012,Winter,Paddy,53003,86946,1.640397713
Assam,TINSUKIA,2012,Winter,Rice,53003,86946,1.640397713
Assam,TINSUKIA,2013,Autumn,Paddy,5346,7595,1.420688365
Assam,TINSUKIA,2013,Autumn,Rice,5346,7595,1.420688365
Assam,TINSUKIA,2013,Kharif,Arhar/Tur,97,91,0.93814433
Assam,TINSUKIA,2013,Kharif,Castor seed,6,3,0.5
Assam,TINSUKIA,2013,Kharif,Cotton(lint),1,1,1
Assam,TINSUKIA,2013,Kharif,Jute,7,72,10.28571429
Assam,TINSUKIA,2013,Kharif,Maize,921,3455,3.75135722
Assam,TINSUKIA,2013,Kharif,Mesta,1,5,5
Assam,TINSUKIA,2013,Kharif,Niger seed,19,10,0.526315789
Assam,TINSUKIA,2013,Kharif,Orange,1197,19960,16.67502089
Assam,TINSUKIA,2013,Kharif,Papaya,173,2599,15.02312139
Assam,TINSUKIA,2013,Kharif,Sesamum,64,36,0.5625
Assam,TINSUKIA,2013,Kharif,Small millets,25,13,0.52
Assam,TINSUKIA,2013,Kharif,Tapioca,28,234,8.357142857
Assam,TINSUKIA,2013,Rabi,Arecanut,1903,1784,0.937467157
Assam,TINSUKIA,2013,Rabi,Black pepper,287,343,1.195121951
Assam,TINSUKIA,2013,Rabi,Dry chillies,201,157,0.781094527
Assam,TINSUKIA,2013,Rabi,Ginger,556,4381,7.879496403
Assam,TINSUKIA,2013,Rabi,Gram,6,4,0.666666667
Assam,TINSUKIA,2013,Rabi,Masoor,3,1,0.333333333
Assam,TINSUKIA,2013,Rabi,Moong(Green Gram),238,196,0.823529412
Assam,TINSUKIA,2013,Rabi,Peas & beans (Pulses),1564,1063,0.679667519
Assam,TINSUKIA,2013,Rabi,Pineapple,265,3830,14.45283019
Assam,TINSUKIA,2013,Rabi,Rapeseed &Mustard,6783,4680,0.689960195
Assam,TINSUKIA,2013,Rabi,Sweet potato,94,318,3.382978723
Assam,TINSUKIA,2013,Rabi,Urad,2000,1160,0.58
Assam,TINSUKIA,2013,Rabi,Wheat,27,35,1.296296296
Assam,TINSUKIA,2013,Summer,Paddy,85,253,2.976470588
Assam,TINSUKIA,2013,Summer,Rice,85,253,2.976470588
Assam,TINSUKIA,2013,Whole Year,Banana,2136,30908,14.47003745
Assam,TINSUKIA,2013,Whole Year,Coconut,76,981,12.90789474
Assam,TINSUKIA,2013,Whole Year,Onion,50,273,5.46
Assam,TINSUKIA,2013,Whole Year,Potato,2458,8486,3.452400325
Assam,TINSUKIA,2013,Whole Year,Sugarcane,205,7579,36.97073171
Assam,TINSUKIA,2013,Whole Year,Turmeric,302,205,0.678807947
Assam,TINSUKIA,2013,Winter,Paddy,56890,97987,1.722394094
Assam,TINSUKIA,2013,Winter,Rice,56890,97987,1.722394094
Assam,TINSUKIA,2014,Autumn,Paddy,5670,7682,1.354850088
Assam,TINSUKIA,2014,Autumn,Rice,5670,7682,1.354850088
Assam,TINSUKIA,2014,Kharif,Arhar/Tur,82,79,0.963414634
Assam,TINSUKIA,2014,Kharif,Castor seed,5,3,0.6
Assam,TINSUKIA,2014,Kharif,Cotton(lint),1,1,1
Assam,TINSUKIA,2014,Kharif,Jute,8,88,11
Assam,TINSUKIA,2014,Kharif,Maize,966,2732,2.82815735
Assam,TINSUKIA,2014,Kharif,Mesta,1,5,5
Assam,TINSUKIA,2014,Kharif,Niger seed,18,9,0.5
Assam,TINSUKIA,2014,Kharif,Orange,1185,23829,20.10886076
Assam,TINSUKIA,2014,Kharif,Papaya,174,2614,15.02298851
Assam,TINSUKIA,2014,Kharif,Sesamum,69,38,0.550724638
Assam,TINSUKIA,2014,Kharif,Small millets,418,261,0.624401914
Assam,TINSUKIA,2014,Kharif,Tapioca,31,258,8.322580645
Assam,TINSUKIA,2014,Kharif,Tobacco,1,1,1
Assam,TINSUKIA,2014,Rabi,Black pepper,288,345,1.197916667
Assam,TINSUKIA,2014,Rabi,Dry chillies,243,191,0.78600823
Assam,TINSUKIA,2014,Rabi,Ginger,929,7326,7.885898816
Assam,TINSUKIA,2014,Rabi,Gram,7,5,0.714285714
Assam,TINSUKIA,2014,Rabi,Masoor,19,14,0.736842105
Assam,TINSUKIA,2014,Rabi,Moong(Green Gram),213,111,0.521126761
Assam,TINSUKIA,2014,Rabi,Peas & beans (Pulses),1645,1661,1.009726444
Assam,TINSUKIA,2014,Rabi,Pineapple,261,3771,14.44827586
Assam,TINSUKIA,2014,Rabi,Rapeseed &Mustard,7233,5487,0.758606387
Assam,TINSUKIA,2014,Rabi,Sweet potato,99,336,3.393939394
Assam,TINSUKIA,2014,Rabi,Urad,2033,1318,0.648303
Assam,TINSUKIA,2014,Rabi,Wheat,20,24,1.2
Assam,TINSUKIA,2014,Summer,Paddy,201,590,2.935323383
Assam,TINSUKIA,2014,Summer,Rice,201,590,2.935323383
Assam,TINSUKIA,2014,Whole Year,Banana,2147,31066,14.46949231
Assam,TINSUKIA,2014,Whole Year,Onion,46,251,5.456521739
Assam,TINSUKIA,2014,Whole Year,Potato,2782,18098,6.505391804
Assam,TINSUKIA,2014,Whole Year,Sugarcane,200,7353,36.765
Assam,TINSUKIA,2014,Whole Year,Turmeric,372,254,0.682795699
Assam,TINSUKIA,2014,Winter,Paddy,57642,97271,1.687502169
Assam,TINSUKIA,2014,Winter,Rice,57642,97271,1.687502169
Assam,UDALGURI,2005,Autumn,Rice,21750,14532,0.668137931
Assam,UDALGURI,2005,Kharif,Arhar/Tur,222,133,0.599099099
Assam,UDALGURI,2005,Kharif,Castor seed,5,2,0.4
Assam,UDALGURI,2005,Kharif,Cotton(lint),4,2,0.5
Assam,UDALGURI,2005,Kharif,Jute,5042,65602,13.0111067
Assam,UDALGURI,2005,Kharif,Maize,233,146,0.626609442
Assam,UDALGURI,2005,Kharif,Mesta,480,2000,4.166666667
Assam,UDALGURI,2005,Kharif,Niger seed,773,397,0.513583441
Assam,UDALGURI,2005,Kharif,Sesamum,762,470,0.6167979
Assam,UDALGURI,2005,Kharif,Small millets,91,55,0.604395604
Assam,UDALGURI,2005,Rabi,Gram,38,23,0.605263158
Assam,UDALGURI,2005,Rabi,Linseed,558,223,0.399641577
Assam,UDALGURI,2005,Rabi,Masoor,409,268,0.655256724
Assam,UDALGURI,2005,Rabi,Moong(Green Gram),650,337,0.518461538
Assam,UDALGURI,2005,Rabi,Other  Rabi pulses,4465,2621,0.587010078
Assam,UDALGURI,2005,Rabi,Peas & beans (Pulses),826,417,0.504842615
Assam,UDALGURI,2005,Rabi,Rapeseed &Mustard,12373,4083,0.329992726
Assam,UDALGURI,2005,Rabi,Urad,1994,929,0.465897693
Assam,UDALGURI,2005,Rabi,Wheat,4160,3844,0.924038462
Assam,UDALGURI,2005,Summer,Rice,11996,17922,1.493997999
Assam,UDALGURI,2005,Whole Year,Banana,550,7095,12.9
Assam,UDALGURI,2005,Whole Year,Dry chillies,985,611,0.620304569
Assam,UDALGURI,2005,Whole Year,Onion,361,903,2.501385042
Assam,UDALGURI,2005,Whole Year,Potato,8646,21425,2.47802452
Assam,UDALGURI,2005,Whole Year,Sugarcane,677,28485,42.07533235
Assam,UDALGURI,2005,Whole Year,Sweet potato,260,653,2.511538462
Assam,UDALGURI,2005,Whole Year,Tapioca,185,786,4.248648649
Assam,UDALGURI,2005,Whole Year,Tobacco,2,1,0.5
Assam,UDALGURI,2005,Whole Year,Turmeric,726,443,0.610192837
Assam,UDALGURI,2005,Winter,Rice,43995,55989,1.272621889
Assam,UDALGURI,2006,Autumn,Rice,29059,17128,0.589421522
Assam,UDALGURI,2006,Kharif,Arhar/Tur,212,127,0.599056604
Assam,UDALGURI,2006,Kharif,Castor seed,1,1,1
Assam,UDALGURI,2006,Kharif,Cotton(lint),1,1,1
Assam,UDALGURI,2006,Kharif,Jute,5594,37573,6.716660708
Assam,UDALGURI,2006,Kharif,Maize,383,239,0.624020888
Assam,UDALGURI,2006,Kharif,Mesta,565,2354,4.166371681
Assam,UDALGURI,2006,Kharif,Niger seed,915,474,0.518032787
Assam,UDALGURI,2006,Kharif,Sesamum,848,523,0.616745283
Assam,UDALGURI,2006,Kharif,Small millets,81,49,0.604938272
Assam,UDALGURI,2006,Rabi,Gram,29,17,0.586206897
Assam,UDALGURI,2006,Rabi,Linseed,712,294,0.412921348
Assam,UDALGURI,2006,Rabi,Masoor,700,449,0.641428571
Assam,UDALGURI,2006,Rabi,Moong(Green Gram),612,318,0.519607843
Assam,UDALGURI,2006,Rabi,Other  Rabi pulses,630,318,0.504761905
Assam,UDALGURI,2006,Rabi,Peas & beans (Pulses),941,475,0.504782147
Assam,UDALGURI,2006,Rabi,Rapeseed &Mustard,14602,4585,0.313998082
Assam,UDALGURI,2006,Rabi,Urad,2100,1100,0.523809524
Assam,UDALGURI,2006,Rabi,Wheat,5575,3351,0.601076233
Assam,UDALGURI,2006,Summer,Rice,12089,20588,1.703035818
Assam,UDALGURI,2006,Whole Year,Arecanut,1995,1046,0.524310777
Assam,UDALGURI,2006,Whole Year,Banana,718,9262,12.89972145
Assam,UDALGURI,2006,Whole Year,Coconut,514,3059000,5951.361868
Assam,UDALGURI,2006,Whole Year,Dry chillies,1231,763,0.619821284
Assam,UDALGURI,2006,Whole Year,Onion,460,1150,2.5
Assam,UDALGURI,2006,Whole Year,Potato,9849,50673,5.144989339
Assam,UDALGURI,2006,Whole Year,Sugarcane,667,22158,33.22038981
Assam,UDALGURI,2006,Whole Year,Sweet potato,325,813,2.501538462
Assam,UDALGURI,2006,Whole Year,Tapioca,197,837,4.248730964
Assam,UDALGURI,2006,Whole Year,Tobacco,1,1,1
Assam,UDALGURI,2006,Whole Year,Turmeric,820,500,0.609756098
Assam,UDALGURI,2006,Winter,Rice,38404,26480,0.689511509
Assam,UDALGURI,2007,Autumn,Rice,26231,24388,0.929739621
Assam,UDALGURI,2007,Kharif,Arhar/Tur,163,98,0.601226994
Assam,UDALGURI,2007,Kharif,Castor seed,2,1,0.5
Assam,UDALGURI,2007,Kharif,Jute,4943,55554,11.23892373
Assam,UDALGURI,2007,Kharif,Maize,333,208,0.624624625
Assam,UDALGURI,2007,Kharif,Mesta,571,2379,4.166374781
Assam,UDALGURI,2007,Kharif,Niger seed,837,432,0.516129032
Assam,UDALGURI,2007,Kharif,Sesamum,511,315,0.616438356
Assam,UDALGURI,2007,Kharif,Small millets,64,39,0.609375
Assam,UDALGURI,2007,Rabi,Gram,42,25,0.595238095
Assam,UDALGURI,2007,Rabi,Linseed,398,162,0.407035176
Assam,UDALGURI,2007,Rabi,Masoor,825,540,0.654545455
Assam,UDALGURI,2007,Rabi,Moong(Green Gram),503,262,0.520874751
Assam,UDALGURI,2007,Rabi,Other  Rabi pulses,1039,525,0.505293551
Assam,UDALGURI,2007,Rabi,Peas & beans (Pulses),766,387,0.505221932
Assam,UDALGURI,2007,Rabi,Rapeseed &Mustard,10112,3886,0.384295886
Assam,UDALGURI,2007,Rabi,Urad,2188,1337,0.611060329
Assam,UDALGURI,2007,Rabi,Wheat,3088,3099,1.003562176
Assam,UDALGURI,2007,Summer,Rice,11102,21772,1.961088092
Assam,UDALGURI,2007,Whole Year,Arecanut,1951,1648,0.844695028
Assam,UDALGURI,2007,Whole Year,Banana,1165,15029,12.90042918
Assam,UDALGURI,2007,Whole Year,Black pepper,172,273,1.587209302
Assam,UDALGURI,2007,Whole Year,Coconut,709,5103000,7197.461213
Assam,UDALGURI,2007,Whole Year,Dry chillies,809,502,0.620519159
Assam,UDALGURI,2007,Whole Year,Dry ginger,826,5310,6.428571429
Assam,UDALGURI,2007,Whole Year,Onion,305,762,2.498360656
Assam,UDALGURI,2007,Whole Year,Potato,6710,47582,7.091207154
Assam,UDALGURI,2007,Whole Year,Sugarcane,793,26232,33.07944515
Assam,UDALGURI,2007,Whole Year,Sweet potato,255,638,2.501960784
Assam,UDALGURI,2007,Whole Year,Tapioca,187,795,4.251336898
Assam,UDALGURI,2007,Whole Year,Tobacco,2,1,0.5
Assam,UDALGURI,2007,Whole Year,Turmeric,745,454,0.609395973
Assam,UDALGURI,2007,Winter,Rice,35631,45026,1.26367489
Assam,UDALGURI,2008,Autumn,Rice,24870,28900,1.162042622
Assam,UDALGURI,2008,Kharif,Arhar/Tur,369,221,0.598915989
Assam,UDALGURI,2008,Kharif,Castor seed,28,11,0.392857143
Assam,UDALGURI,2008,Kharif,Cotton(lint),1,1,1
Assam,UDALGURI,2008,Kharif,Jute,5056,48963,9.684137658
Assam,UDALGURI,2008,Kharif,Maize,447,279,0.624161074
Assam,UDALGURI,2008,Kharif,Mesta,620,2583,4.166129032
Assam,UDALGURI,2008,Kharif,Niger seed,216,111,0.513888889
Assam,UDALGURI,2008,Kharif,Sesamum,78,78,1
Assam,UDALGURI,2008,Kharif,Small millets,20,12,0.6
Assam,UDALGURI,2008,Rabi,Blackgram,2294,943,0.411072363
Assam,UDALGURI,2008,Rabi,Gram,6,4,0.666666667
Assam,UDALGURI,2008,Rabi,Linseed,556,254,0.456834532
Assam,UDALGURI,2008,Rabi,Masoor,820,500,0.609756098
Assam,UDALGURI,2008,Rabi,Moong(Green Gram),497,256,0.515090543
Assam,UDALGURI,2008,Rabi,Peas & beans (Pulses),972,535,0.550411523
Assam,UDALGURI,2008,Rabi,Rapeseed &Mustard,5529,1839,0.332609875
Assam,UDALGURI,2008,Rabi,Urad,2294,943,0.411072363
Assam,UDALGURI,2008,Rabi,Wheat,1643,1292,0.786366403
Assam,UDALGURI,2008,Summer,Rice,3419,6271,1.834162036
Assam,UDALGURI,2008,Whole Year,Arecanut,2098,2024,0.964728313
Assam,UDALGURI,2008,Whole Year,Banana,1163,16270,13.98968186
Assam,UDALGURI,2008,Whole Year,Black pepper,54,107,1.981481481
Assam,UDALGURI,2008,Whole Year,Coconut,630,5043000,8004.761905
Assam,UDALGURI,2008,Whole Year,Dry chillies,477,295,0.618448637
Assam,UDALGURI,2008,Whole Year,Dry ginger,591,3800,6.429780034
Assam,UDALGURI,2008,Whole Year,Onion,253,633,2.501976285
Assam,UDALGURI,2008,Whole Year,Potato,6181,30700,4.966833846
Assam,UDALGURI,2008,Whole Year,Sugarcane,788,36461,46.27030457
Assam,UDALGURI,2008,Whole Year,Sweet potato,154,385,2.5
Assam,UDALGURI,2008,Whole Year,Tapioca,223,948,4.251121076
Assam,UDALGURI,2008,Whole Year,Turmeric,558,340,0.609318996
Assam,UDALGURI,2008,Winter,Rice,59976,75759,1.263155262
Assam,UDALGURI,2009,Autumn,Rice,28494,23668,0.83063101
Assam,UDALGURI,2009,Kharif,Arhar/Tur,316,190,0.601265823
Assam,UDALGURI,2009,Kharif,Castor seed,18,7,0.388888889
Assam,UDALGURI,2009,Kharif,Jute,5705,75215,13.18404908
Assam,UDALGURI,2009,Kharif,Maize,559,349,0.624329159
Assam,UDALGURI,2009,Kharif,Mesta,523,2179,4.166347992
Assam,UDALGURI,2009,Kharif,Niger seed,250,129,0.516
Assam,UDALGURI,2009,Kharif,Sesamum,91,56,0.615384615
Assam,UDALGURI,2009,Kharif,Small millets,44,27,0.613636364
Assam,UDALGURI,2009,Rabi,Banana,541,7175,13.26247689
Assam,UDALGURI,2009,Rabi,Gram,7,4,0.571428571
Assam,UDALGURI,2009,Rabi,Linseed,234,99,0.423076923
Assam,UDALGURI,2009,Rabi,Masoor,750,476,0.634666667
Assam,UDALGURI,2009,Rabi,Moong(Green Gram),314,163,0.51910828
Assam,UDALGURI,2009,Rabi,Peas & beans (Pulses),308,160,0.519480519
Assam,UDALGURI,2009,Rabi,Rapeseed &Mustard,5144,1608,0.312597201
Assam,UDALGURI,2009,Rabi,Urad,2118,1088,0.513692162
Assam,UDALGURI,2009,Rabi,Wheat,2589,2815,1.087292391
Assam,UDALGURI,2009,Summer,Rice,4056,6305,1.554487179
Assam,UDALGURI,2009,Whole Year,Arecanut,2200,1841,0.836818182
Assam,UDALGURI,2009,Whole Year,Banana,541,7175,13.26247689
Assam,UDALGURI,2009,Whole Year,Black pepper,63,113,1.793650794
Assam,UDALGURI,2009,Whole Year,Coconut,678,2926000,4315.634218
Assam,UDALGURI,2009,Whole Year,Dry chillies,492,305,0.619918699
Assam,UDALGURI,2009,Whole Year,Dry ginger,949,6101,6.428872497
Assam,UDALGURI,2009,Whole Year,Onion,240,600,2.5
Assam,UDALGURI,2009,Whole Year,Potato,6180,50466,8.166019417
Assam,UDALGURI,2009,Whole Year,Sugarcane,773,24751,32.01940492
Assam,UDALGURI,2009,Whole Year,Sweet potato,236,590,2.5
Assam,UDALGURI,2009,Whole Year,Tapioca,257,1092,4.249027237
Assam,UDALGURI,2009,Whole Year,Tobacco,5,3,0.6
Assam,UDALGURI,2009,Whole Year,Turmeric,606,370,0.610561056
Assam,UDALGURI,2009,Winter,Rice,56358,67397,1.195872813
Assam,UDALGURI,2010,Autumn,Rice,28295,24523,0.866690228
Assam,UDALGURI,2010,Kharif,Arhar/Tur,251,150,0.597609562
Assam,UDALGURI,2010,Kharif,Castor seed,7,3,0.428571429
Assam,UDALGURI,2010,Kharif,Cotton(lint),1,1,1
Assam,UDALGURI,2010,Kharif,Jute,5138,62930,12.2479564
Assam,UDALGURI,2010,Kharif,Maize,527,329,0.624288425
Assam,UDALGURI,2010,Kharif,Mesta,628,2617,4.167197452
Assam,UDALGURI,2010,Kharif,Niger seed,372,192,0.516129032
Assam,UDALGURI,2010,Kharif,Sesamum,104,64,0.615384615
Assam,UDALGURI,2010,Kharif,Small millets,47,28,0.595744681
Assam,UDALGURI,2010,Rabi,Arecanut,2200,1841,0.836818182
Assam,UDALGURI,2010,Rabi,Banana,592,7939,13.41047297
Assam,UDALGURI,2010,Rabi,Gram,7,4,0.571428571
Assam,UDALGURI,2010,Rabi,Linseed,303,131,0.432343234
Assam,UDALGURI,2010,Rabi,Masoor,658,417,0.633738602
Assam,UDALGURI,2010,Rabi,Moong(Green Gram),236,122,0.516949153
Assam,UDALGURI,2010,Rabi,Peas & beans (Pulses),628,332,0.52866242
Assam,UDALGURI,2010,Rabi,Rapeseed &Mustard,3860,1596,0.413471503
Assam,UDALGURI,2010,Rabi,Urad,2317,994,0.429003021
Assam,UDALGURI,2010,Rabi,Wheat,1415,1163,0.821908127
Assam,UDALGURI,2010,Summer,Rice,5101,8256,1.618506175
Assam,UDALGURI,2010,Whole Year,Banana,592,7939,13.41047297
Assam,UDALGURI,2010,Whole Year,Black pepper,59,101,1.711864407
Assam,UDALGURI,2010,Whole Year,Coconut,678,2926000,4315.634218
Assam,UDALGURI,2010,Whole Year,Dry chillies,538,334,0.620817844
Assam,UDALGURI,2010,Whole Year,Dry ginger,928,5966,6.42887931
Assam,UDALGURI,2010,Whole Year,Onion,241,603,2.502074689
Assam,UDALGURI,2010,Whole Year,Potato,5655,35505,6.278514589
Assam,UDALGURI,2010,Whole Year,Sugarcane,892,40077,44.9293722
Assam,UDALGURI,2010,Whole Year,Sweet potato,218,545,2.5
Assam,UDALGURI,2010,Whole Year,Tapioca,266,1131,4.251879699
Assam,UDALGURI,2010,Whole Year,Tobacco,2,1,0.5
Assam,UDALGURI,2010,Whole Year,Turmeric,621,379,0.610305958
Assam,UDALGURI,2010,Winter,Rice,61418,89415,1.455843564
Assam,UDALGURI,2011,Autumn,Paddy,28384,27949,0.984674464
Assam,UDALGURI,2011,Autumn,Rice,28384,27949,0.984674464
Assam,UDALGURI,2011,Kharif,Arhar/Tur,240,169,0.704166667
Assam,UDALGURI,2011,Kharif,Castor seed,18,9,0.5
Assam,UDALGURI,2011,Kharif,Cotton(lint),1,1,1
Assam,UDALGURI,2011,Kharif,Jute,5001,38387,7.675864827
Assam,UDALGURI,2011,Kharif,Maize,530,375,0.70754717
Assam,UDALGURI,2011,Kharif,Mesta,586,2718,4.638225256
Assam,UDALGURI,2011,Kharif,Niger seed,279,146,0.523297491
Assam,UDALGURI,2011,Kharif,Orange,746,8124,10.89008043
Assam,UDALGURI,2011,Kharif,Papaya,311,5550,17.84565916
Assam,UDALGURI,2011,Kharif,Sesamum,91,68,0.747252747
Assam,UDALGURI,2011,Kharif,Small millets,37,23,0.621621622
Assam,UDALGURI,2011,Kharif,Tapioca,276,2271,8.22826087
Assam,UDALGURI,2011,Kharif,Tobacco,1,1,1
Assam,UDALGURI,2011,Rabi,Arecanut,2110,1273,0.603317536
Assam,UDALGURI,2011,Rabi,Black pepper,55,95,1.727272727
Assam,UDALGURI,2011,Rabi,Dry chillies,492,27,0.054878049
Assam,UDALGURI,2011,Rabi,Ginger,823,7302,8.872417983
Assam,UDALGURI,2011,Rabi,Gram,7,4,0.571428571
Assam,UDALGURI,2011,Rabi,Linseed,364,167,0.458791209
Assam,UDALGURI,2011,Rabi,Masoor,240,142,0.591666667
Assam,UDALGURI,2011,Rabi,Moong(Green Gram),215,126,0.586046512
Assam,UDALGURI,2011,Rabi,Peas & beans (Pulses),393,211,0.536895674
Assam,UDALGURI,2011,Rabi,Pineapple,618,10254,16.59223301
Assam,UDALGURI,2011,Rabi,Rapeseed &Mustard,4370,1659,0.379633867
Assam,UDALGURI,2011,Rabi,Sweet potato,203,1683,8.290640394
Assam,UDALGURI,2011,Rabi,Urad,2440,1422,0.582786885
Assam,UDALGURI,2011,Rabi,Wheat,1920,1882,0.980208333
Assam,UDALGURI,2011,Summer,Paddy,5770,10693,1.853206239
Assam,UDALGURI,2011,Summer,Rice,5770,10693,1.853206239
Assam,UDALGURI,2011,Whole Year,Banana,600,8721,14.535
Assam,UDALGURI,2011,Whole Year,Coconut,680,2062,3.032352941
Assam,UDALGURI,2011,Whole Year,Onion,245,678,2.767346939
Assam,UDALGURI,2011,Whole Year,Potato,5191,21684,4.177229821
Assam,UDALGURI,2011,Whole Year,Sugarcane,802,31292,39.01745636
Assam,UDALGURI,2011,Whole Year,Turmeric,595,393,0.660504202
Assam,UDALGURI,2011,Winter,Paddy,61485,95468,1.552703912
Assam,UDALGURI,2011,Winter,Rice,61485,95468,1.552703912
Assam,UDALGURI,2012,Autumn,Paddy,25140,29510,1.173826571
Assam,UDALGURI,2012,Autumn,Rice,25140,29510,1.173826571
Assam,UDALGURI,2012,Kharif,Arhar/Tur,240,162,0.675
Assam,UDALGURI,2012,Kharif,Castor seed,16,8,0.5
Assam,UDALGURI,2012,Kharif,Cotton(lint),1,1,1
Assam,UDALGURI,2012,Kharif,Jute,4428,31272,7.062330623
Assam,UDALGURI,2012,Kharif,Maize,507,404,0.796844181
Assam,UDALGURI,2012,Kharif,Mesta,438,1908,4.356164384
Assam,UDALGURI,2012,Kharif,Niger seed,296,158,0.533783784
Assam,UDALGURI,2012,Kharif,Orange,740,8865,11.97972973
Assam,UDALGURI,2012,Kharif,Papaya,295,5530,18.74576271
Assam,UDALGURI,2012,Kharif,Sesamum,98,78,0.795918367
Assam,UDALGURI,2012,Kharif,Small millets,38,23,0.605263158
Assam,UDALGURI,2012,Kharif,Tapioca,270,2252,8.340740741
Assam,UDALGURI,2012,Rabi,Arecanut,2075,1834,0.883855422
Assam,UDALGURI,2012,Rabi,Black pepper,56,97,1.732142857
Assam,UDALGURI,2012,Rabi,Dry chillies,452,294,0.650442478
Assam,UDALGURI,2012,Rabi,Ginger,774,7639,9.869509044
Assam,UDALGURI,2012,Rabi,Gram,8,5,0.625
Assam,UDALGURI,2012,Rabi,Linseed,339,168,0.495575221
Assam,UDALGURI,2012,Rabi,Masoor,620,437,0.70483871
Assam,UDALGURI,2012,Rabi,Moong(Green Gram),235,154,0.655319149
Assam,UDALGURI,2012,Rabi,Peas & beans (Pulses),428,234,0.546728972
Assam,UDALGURI,2012,Rabi,Pineapple,610,10767,17.65081967
Assam,UDALGURI,2012,Rabi,Rapeseed &Mustard,4763,1328,0.278815872
Assam,UDALGURI,2012,Rabi,Sweet potato,231,1939,8.393939394
Assam,UDALGURI,2012,Rabi,Urad,2146,1209,0.563373719
Assam,UDALGURI,2012,Rabi,Wheat,1740,1543,0.886781609
Assam,UDALGURI,2012,Summer,Rice,5710,18786,3.290017513
Assam,UDALGURI,2012,Whole Year,Banana,608,9333,15.35032895
Assam,UDALGURI,2012,Whole Year,Coconut,670,2756,4.113432836
Assam,UDALGURI,2012,Whole Year,Onion,220,631,2.868181818
Assam,UDALGURI,2012,Whole Year,Potato,6531,31688,4.851936916
Assam,UDALGURI,2012,Whole Year,Sugarcane,762,34357,45.08792651
Assam,UDALGURI,2012,Whole Year,Turmeric,601,406,0.675540765
Assam,UDALGURI,2012,Winter,Paddy,62167,112707,1.812971512
Assam,UDALGURI,2012,Winter,Rice,62167,112707,1.812971512
Assam,UDALGURI,2013,Autumn,Paddy,21145,20367,0.963206432
Assam,UDALGURI,2013,Autumn,Rice,21145,20367,0.963206432
Assam,UDALGURI,2013,Kharif,Arhar/Tur,290,210,0.724137931
Assam,UDALGURI,2013,Kharif,Jute,3809,42249,11.09188763
Assam,UDALGURI,2013,Kharif,Maize,605,1885,3.115702479
Assam,UDALGURI,2013,Kharif,Mesta,410,1799,4.387804878
Assam,UDALGURI,2013,Kharif,Niger seed,343,187,0.545189504
Assam,UDALGURI,2013,Kharif,Orange,845,10123,11.97988166
Assam,UDALGURI,2013,Kharif,Papaya,290,5436,18.74482759
Assam,UDALGURI,2013,Kharif,Sesamum,132,108,0.818181818
Assam,UDALGURI,2013,Kharif,Small millets,45,28,0.622222222
Assam,UDALGURI,2013,Kharif,Tapioca,240,2278,9.491666667
Assam,UDALGURI,2013,Rabi,Arecanut,2215,1503,0.678555305
Assam,UDALGURI,2013,Rabi,Black pepper,70,121,1.728571429
Assam,UDALGURI,2013,Rabi,Dry chillies,369,240,0.650406504
Assam,UDALGURI,2013,Rabi,Ginger,629,6208,9.86963434
Assam,UDALGURI,2013,Rabi,Gram,9,6,0.666666667
Assam,UDALGURI,2013,Rabi,Linseed,267,149,0.558052434
Assam,UDALGURI,2013,Rabi,Masoor,738,545,0.738482385
Assam,UDALGURI,2013,Rabi,Moong(Green Gram),350,229,0.654285714
Assam,UDALGURI,2013,Rabi,Peas & beans (Pulses),607,345,0.568369028
Assam,UDALGURI,2013,Rabi,Pineapple,596,10519,17.64932886
Assam,UDALGURI,2013,Rabi,Rapeseed &Mustard,6831,2452,0.358951837
Assam,UDALGURI,2013,Rabi,Sweet potato,207,1738,8.396135266
Assam,UDALGURI,2013,Rabi,Urad,1932,883,0.457039337
Assam,UDALGURI,2013,Rabi,Wheat,1045,1490,1.425837321
Assam,UDALGURI,2013,Summer,Paddy,6269,18767,2.993619397
Assam,UDALGURI,2013,Summer,Rice,6269,18767,2.993619397
Assam,UDALGURI,2013,Whole Year,Banana,604,9271,15.34933775
Assam,UDALGURI,2013,Whole Year,Coconut,714,4957,6.942577031
Assam,UDALGURI,2013,Whole Year,Onion,209,600,2.870813397
Assam,UDALGURI,2013,Whole Year,Potato,7184,21618,3.009187082
Assam,UDALGURI,2013,Whole Year,Sugarcane,692,25662,37.08381503
Assam,UDALGURI,2013,Whole Year,Turmeric,605,408,0.674380165
Assam,UDALGURI,2013,Winter,Paddy,63205,91722,1.45118266
Assam,UDALGURI,2013,Winter,Rice,63205,91722,1.45118266
Assam,UDALGURI,2014,Autumn,Paddy,25642,24554,0.957569612
Assam,UDALGURI,2014,Autumn,Rice,25642,24554,0.957569612
Assam,UDALGURI,2014,Kharif,Arhar/Tur,259,199,0.768339768
Assam,UDALGURI,2014,Kharif,Castor seed,75,41,0.546666667
Assam,UDALGURI,2014,Kharif,Jute,4516,47861,10.59809566
Assam,UDALGURI,2014,Kharif,Maize,595,1723,2.895798319
Assam,UDALGURI,2014,Kharif,Mesta,456,2052,4.5
Assam,UDALGURI,2014,Kharif,Niger seed,343,187,0.545189504
Assam,UDALGURI,2014,Kharif,Orange,861,10319,11.98490128
Assam,UDALGURI,2014,Kharif,Papaya,324,6073,18.74382716
Assam,UDALGURI,2014,Kharif,Sesamum,175,150,0.857142857
Assam,UDALGURI,2014,Kharif,Small millets,45,35,0.777777778
Assam,UDALGURI,2014,Kharif,Tapioca,297,2820,9.494949495
Assam,UDALGURI,2014,Rabi,Black pepper,70,121,1.728571429
Assam,UDALGURI,2014,Rabi,Dry chillies,369,242,0.655826558
Assam,UDALGURI,2014,Rabi,Ginger,529,5227,9.880907372
Assam,UDALGURI,2014,Rabi,Gram,15,12,0.8
Assam,UDALGURI,2014,Rabi,Linseed,267,155,0.580524345
Assam,UDALGURI,2014,Rabi,Masoor,738,689,0.933604336
Assam,UDALGURI,2014,Rabi,Moong(Green Gram),222,161,0.725225225
Assam,UDALGURI,2014,Rabi,Peas & beans (Pulses),565,419,0.74159292
Assam,UDALGURI,2014,Rabi,Pineapple,671,11843,17.64977645
Assam,UDALGURI,2014,Rabi,Rapeseed &Mustard,7036,5852,0.83172257
Assam,UDALGURI,2014,Rabi,Sweet potato,207,1756,8.483091787
Assam,UDALGURI,2014,Rabi,Urad,1932,1844,0.954451346
Assam,UDALGURI,2014,Rabi,Wheat,1066,1584,1.485928705
Assam,UDALGURI,2014,Summer,Paddy,5805,16349,2.816365202
Assam,UDALGURI,2014,Summer,Rice,5805,16349,2.816365202
Assam,UDALGURI,2014,Whole Year,Banana,668,10254,15.3502994
Assam,UDALGURI,2014,Whole Year,Onion,209,602,2.880382775
Assam,UDALGURI,2014,Whole Year,Potato,7544,43942,5.8247614
Assam,UDALGURI,2014,Whole Year,Sugarcane,790,31526,39.90632911
Assam,UDALGURI,2014,Whole Year,Turmeric,605,475,0.785123967
Assam,UDALGURI,2014,Winter,Paddy,63210,124317,1.966729948
Assam,UDALGURI,2014,Winter,Rice,63210,124317,1.966729948
Bihar,ARARIA,1997,Autumn,Rice,17876,21397,1.196968002
Bihar,ARARIA,1997,Kharif,Arhar/Tur,354,426,1.203389831
Bihar,ARARIA,1997,Kharif,Dry ginger,78,110,1.41025641
Bihar,ARARIA,1997,Kharif,Groundnut,8,10,1.25
Bihar,ARARIA,1997,Kharif,Jute,39159,493403,12.59998979
Bihar,ARARIA,1997,Kharif,Maize,3919,8691,2.217657566
Bihar,ARARIA,1997,Kharif,Mesta,2852,19346,6.783309958
Bihar,ARARIA,1997,Kharif,Other Kharif pulses,342,172,0.502923977
Bihar,ARARIA,1997,Kharif,Sesamum,4,2,0.5
Bihar,ARARIA,1997,Rabi,Barley,84,87,1.035714286
Bihar,ARARIA,1997,Rabi,Gram,1145,444,0.387772926
Bihar,ARARIA,1997,Rabi,Linseed,1946,1092,0.561151079
Bihar,ARARIA,1997,Rabi,Maize,3250,7543,2.320923077
Bihar,ARARIA,1997,Rabi,Other  Rabi pulses,126,66,0.523809524
Bihar,ARARIA,1997,Rabi,Rapeseed &Mustard,3060,2084,0.681045752
Bihar,ARARIA,1997,Rabi,Sunflower,62,35,0.564516129
Bihar,ARARIA,1997,Rabi,Wheat,41719,70134,1.681104533
Bihar,ARARIA,1997,Summer,Maize,6134,18485,3.013531138
Bihar,ARARIA,1997,Summer,Rice,8479,13993,1.650312537
Bihar,ARARIA,1997,Whole Year,Banana,386,11611,30.08031088
Bihar,ARARIA,1997,Whole Year,Coriander,119,58,0.487394958
Bihar,ARARIA,1997,Whole Year,Dry chillies,135,128,0.948148148
Bihar,ARARIA,1997,Whole Year,Garlic,350,467,1.334285714
Bihar,ARARIA,1997,Whole Year,Onion,343,1955,5.699708455
Bihar,ARARIA,1997,Whole Year,Potato,3964,27739,6.997729566
Bihar,ARARIA,1997,Whole Year,Ragi,1546,1333,0.862225097
Bihar,ARARIA,1997,Whole Year,Sannhamp,8,3,0.375
Bihar,ARARIA,1997,Whole Year,Sugarcane,162,7434,45.88888889
Bihar,ARARIA,1997,Whole Year,Sweet potato,743,7344,9.884253028
Bihar,ARARIA,1997,Whole Year,Turmeric,101,204,2.01980198
Bihar,ARARIA,1997,Winter,Rice,93975,121063,1.288246874
Bihar,ARARIA,1998,Kharif,Arhar/Tur,546,822,1.505494505
Bihar,ARARIA,1998,Kharif,Blackgram,1174,881,0.750425894
Bihar,ARARIA,1998,Kharif,Jute,35091,188322,5.366675216
Bihar,ARARIA,1998,Kharif,Maize,5759,7097,1.232332002
Bihar,ARARIA,1998,Kharif,Mesta,3019,18835,6.238820802
Bihar,ARARIA,1998,Kharif,Other Kharif pulses,4789,3103,0.647943203
Bihar,ARARIA,1998,Kharif,Ragi,1209,744,0.615384615
Bihar,ARARIA,1998,Kharif,Sesamum,4,2,0.5
Bihar,ARARIA,1998,Kharif,Small millets,313,292,0.932907348
Bihar,ARARIA,1998,Kharif,Sunflower,2316,1297,0.560017271
Bihar,ARARIA,1998,Rabi,Barley,52,60,1.153846154
Bihar,ARARIA,1998,Rabi,Gram,1052,1129,1.073193916
Bihar,ARARIA,1998,Rabi,Linseed,2267,1428,0.629907367
Bihar,ARARIA,1998,Rabi,Maize,3205,7936,2.476131045
Bihar,ARARIA,1998,Rabi,Other  Rabi pulses,14638,5334,0.364394043
Bihar,ARARIA,1998,Rabi,Rapeseed &Mustard,3794,2337,0.615972588
Bihar,ARARIA,1998,Rabi,Wheat,46331,77310,1.668645184
Bihar,ARARIA,1998,Summer,Maize,6905,9059,1.311947864
Bihar,ARARIA,1998,Summer,Rice,9936,13613,1.370068438
Bihar,ARARIA,1998,Whole Year,Banana,381,6347,16.65879265
Bihar,ARARIA,1998,Whole Year,Coriander,163,100,0.613496933
Bihar,ARARIA,1998,Whole Year,Dry chillies,219,184,0.840182648
Bihar,ARARIA,1998,Whole Year,Dry ginger,48,67,1.395833333
Bihar,ARARIA,1998,Whole Year,Garlic,194,282,1.453608247
Bihar,ARARIA,1998,Whole Year,Onion,451,4032,8.940133038
Bihar,ARARIA,1998,Whole Year,Potato,4187,33232,7.936947695
Bihar,ARARIA,1998,Whole Year,Sannhamp,10,5,0.5
Bihar,ARARIA,1998,Whole Year,Sugarcane,77,3146,40.85714286
Bihar,ARARIA,1998,Whole Year,Sweet potato,1143,12356,10.81014873
Bihar,ARARIA,1998,Whole Year,Turmeric,88,141,1.602272727
Bihar,ARARIA,1998,Winter,Rice,93100,90299,0.969914071
Bihar,ARARIA,1999,Kharif,Arhar/Tur,973,1225,1.258992806
Bihar,ARARIA,1999,Kharif,Bajra,305,187,0.613114754
Bihar,ARARIA,1999,Kharif,Dry ginger,315,459,1.457142857
Bihar,ARARIA,1999,Kharif,Groundnut,77,94,1.220779221
Bihar,ARARIA,1999,Kharif,Horse-gram,2427,2398,0.988051092
Bihar,ARARIA,1999,Kharif,Jowar,96,116,1.208333333
Bihar,ARARIA,1999,Kharif,Jute,32986,240798,7.300006063
Bihar,ARARIA,1999,Kharif,Maize,6572,12074,1.837188071
Bihar,ARARIA,1999,Kharif,Mesta,2654,20347,7.66654107
Bihar,ARARIA,1999,Kharif,Moong(Green Gram),1822,905,0.496706915
Bihar,ARARIA,1999,Kharif,Ragi,1272,876,0.688679245
Bihar,ARARIA,1999,Kharif,Rice,24619,23238,0.943905114
Bihar,ARARIA,1999,Kharif,Sesamum,67,25,0.373134328
Bihar,ARARIA,1999,Kharif,Sunflower,1859,1964,1.05648198
Bihar,ARARIA,1999,Kharif,Urad,1251,923,0.737809752
Bihar,ARARIA,1999,Rabi,Gram,933,711,0.762057878
Bihar,ARARIA,1999,Rabi,Khesari,5693,4924,0.864921834
Bihar,ARARIA,1999,Rabi,Linseed,3221,1991,0.618131015
Bihar,ARARIA,1999,Rabi,Maize,4857,10302,2.121062384
Bihar,ARARIA,1999,Rabi,Masoor,2806,1855,0.661083393
Bihar,ARARIA,1999,Rabi,Moong(Green Gram),7390,4072,0.551014885
Bihar,ARARIA,1999,Rabi,Other  Rabi pulses,531,431,0.811676083
Bihar,ARARIA,1999,Rabi,Peas & beans (Pulses),1464,1047,0.715163934
Bihar,ARARIA,1999,Rabi,Rapeseed &Mustard,3607,1949,0.540338231
Bihar,ARARIA,1999,Rabi,Wheat,50636,117438,2.319259025
Bihar,ARARIA,1999,Summer,Maize,8272,9814,1.186411992
Bihar,ARARIA,1999,Summer,Rice,13776,24727,1.794933217
Bihar,ARARIA,1999,Whole Year,Banana,132,936,7.090909091
Bihar,ARARIA,1999,Whole Year,Coriander,434,226,0.520737327
Bihar,ARARIA,1999,Whole Year,Dry chillies,688,654,0.950581395
Bihar,ARARIA,1999,Whole Year,Garlic,184,261,1.418478261
Bihar,ARARIA,1999,Whole Year,Onion,1688,12626,7.47985782
Bihar,ARARIA,1999,Whole Year,Potato,6790,50606,7.453019146
Bihar,ARARIA,1999,Whole Year,Sugarcane,72,1820,25.27777778
Bihar,ARARIA,1999,Whole Year,Sweet potato,703,9585,13.6344239
Bihar,ARARIA,1999,Whole Year,Turmeric,98,193,1.969387755
Bihar,ARARIA,2000,Autumn,Rice,88865,84685,0.952962359
Bihar,ARARIA,2000,Kharif,Arhar/Tur,2829,2826,0.998939555
Bihar,ARARIA,2000,Kharif,Bajra,23,19,0.826086957
Bihar,ARARIA,2000,Kharif,Dry ginger,57,78,1.368421053
Bihar,ARARIA,2000,Kharif,Horse-gram,2872,2838,0.98816156
Bihar,ARARIA,2000,Kharif,Jute,31452,302289,9.611121709
Bihar,ARARIA,2000,Kharif,Maize,6964,9450,1.356978748
Bihar,ARARIA,2000,Kharif,Mesta,4437,56301,12.68897904
Bihar,ARARIA,2000,Kharif,Moong(Green Gram),1532,917,0.598563969
Bihar,ARARIA,2000,Kharif,Other Kharif pulses,20,10,0.5
Bihar,ARARIA,2000,Kharif,Ragi,839,2179,2.597139452
Bihar,ARARIA,2000,Kharif,Rice,24075,31507,1.308701973
Bihar,ARARIA,2000,Kharif,Sesamum,30,15,0.5
Bihar,ARARIA,2000,Kharif,Small millets,224,118,0.526785714
Bihar,ARARIA,2000,Kharif,Sunflower,1912,3320,1.736401674
Bihar,ARARIA,2000,Kharif,Urad,1069,528,0.493919551
Bihar,ARARIA,2000,Rabi,Barley,173,203,1.173410405
Bihar,ARARIA,2000,Rabi,Gram,5961,5365,0.900016776
Bihar,ARARIA,2000,Rabi,Khesari,5336,2439,0.457083958
Bihar,ARARIA,2000,Rabi,Linseed,1949,1263,0.648024628
Bihar,ARARIA,2000,Rabi,Maize,4239,6986,1.648030196
Bihar,ARARIA,2000,Rabi,Masoor,2551,2247,0.880831047
Bihar,ARARIA,2000,Rabi,Moong(Green Gram),8736,8684,0.994047619
Bihar,ARARIA,2000,Rabi,Other  Rabi pulses,127,72,0.566929134
Bihar,ARARIA,2000,Rabi,Peas & beans (Pulses),798,883,1.106516291
Bihar,ARARIA,2000,Rabi,Rapeseed &Mustard,2912,1054,0.361950549
Bihar,ARARIA,2000,Rabi,Wheat,44915,93956,2.091862407
Bihar,ARARIA,2000,Summer,Maize,7239,18465,2.55076668
Bihar,ARARIA,2000,Summer,Rice,14317,22609,1.579171614
Bihar,ARARIA,2000,Whole Year,Banana,615,2491,4.050406504
Bihar,ARARIA,2000,Whole Year,Coriander,123,58,0.471544715
Bihar,ARARIA,2000,Whole Year,Dry chillies,173,111,0.641618497
Bihar,ARARIA,2000,Whole Year,Garlic,201,248,1.233830846
Bihar,ARARIA,2000,Whole Year,Onion,342,2712,7.929824561
Bihar,ARARIA,2000,Whole Year,Potato,5569,44194,7.935715568
Bihar,ARARIA,2000,Whole Year,Sugarcane,671,26118,38.92399404
Bihar,ARARIA,2000,Whole Year,Sweet potato,182,2068,11.36263736
Bihar,ARARIA,2000,Whole Year,Turmeric,162,157,0.969135802
Bihar,ARARIA,2001,Autumn,Maize,9151,15664,1.711725494
Bihar,ARARIA,2001,Autumn,Rice,80515,87320,1.084518413
Bihar,ARARIA,2001,Kharif,Arhar/Tur,483,677,1.401656315
Bihar,ARARIA,2001,Kharif,Dry ginger,18,25,1.388888889
Bihar,ARARIA,2001,Kharif,Horse-gram,1979,2005,1.013137948
Bihar,ARARIA,2001,Kharif,Jowar,2696,1998,0.741097923
Bihar,ARARIA,2001,Kharif,Jute,34089,224987,6.599988266
Bihar,ARARIA,2001,Kharif,Mesta,2533,18069,7.13343861
Bihar,ARARIA,2001,Kharif,Moong(Green Gram),1370,934,0.681751825
Bihar,ARARIA,2001,Kharif,Other Kharif pulses,50,28,0.56
Bihar,ARARIA,2001,Kharif,Ragi,661,494,0.747352496
Bihar,ARARIA,2001,Kharif,Rice,15573,33183,2.130803313
Bihar,ARARIA,2001,Kharif,Sesamum,32,16,0.5
Bihar,ARARIA,2001,Kharif,Small millets,299,224,0.74916388
Bihar,ARARIA,2001,Kharif,Sunflower,1984,2444,1.231854839
Bihar,ARARIA,2001,Kharif,Urad,1307,727,0.556235654
Bihar,ARARIA,2001,Rabi,Barley,20,25,1.25
Bihar,ARARIA,2001,Rabi,Gram,442,270,0.610859729
Bihar,ARARIA,2001,Rabi,Khesari,4017,1904,0.473985561
Bihar,ARARIA,2001,Rabi,Linseed,1552,858,0.552835052
Bihar,ARARIA,2001,Rabi,Maize,3336,7476,2.241007194
Bihar,ARARIA,2001,Rabi,Masoor,2957,1434,0.484950964
Bihar,ARARIA,2001,Rabi,Peas & beans (Pulses),1044,1059,1.014367816
Bihar,ARARIA,2001,Rabi,Rapeseed &Mustard,3542,2943,0.830886505
Bihar,ARARIA,2001,Rabi,Wheat,60210,108136,1.795980734
Bihar,ARARIA,2001,Summer,Maize,5954,16500,2.771246221
Bihar,ARARIA,2001,Summer,Rice,29135,21611,0.741753904
Bihar,ARARIA,2001,Whole Year,Banana,504,14329,28.43055556
Bihar,ARARIA,2001,Whole Year,Coriander,106,59,0.556603774
Bihar,ARARIA,2001,Whole Year,Dry chillies,177,168,0.949152542
Bihar,ARARIA,2001,Whole Year,Garlic,191,280,1.465968586
Bihar,ARARIA,2001,Whole Year,Onion,458,3792,8.279475983
Bihar,ARARIA,2001,Whole Year,Potato,4447,35347,7.94850461
Bihar,ARARIA,2001,Whole Year,Sugarcane,71,3289,46.32394366
Bihar,ARARIA,2001,Whole Year,Sweet potato,632,7118,11.26265823
Bihar,ARARIA,2001,Whole Year,Turmeric,157,306,1.949044586
Bihar,ARARIA,2002,Autumn,Maize,3040,5521,1.816118421
Bihar,ARARIA,2002,Autumn,Rice,24475,20930,0.855158325
Bihar,ARARIA,2002,Kharif,Arhar/Tur,302,369,1.221854305
Bihar,ARARIA,2002,Kharif,Groundnut,32,16,0.5
Bihar,ARARIA,2002,Kharif,Horse-gram,2578,2052,0.795965865
Bihar,ARARIA,2002,Kharif,Jowar,2696,2723,1.010014837
Bihar,ARARIA,2002,Kharif,Jute,29233,203657,6.96668149
Bihar,ARARIA,2002,Kharif,Mesta,3354,15298,4.561121049
Bihar,ARARIA,2002,Kharif,Moong(Green Gram),1148,329,0.286585366
Bihar,ARARIA,2002,Kharif,Other Kharif pulses,4545,2513,0.552915292
Bihar,ARARIA,2002,Kharif,Ragi,1025,870,0.848780488
Bihar,ARARIA,2002,Kharif,Sesamum,29,15,0.517241379
Bihar,ARARIA,2002,Kharif,Small millets,65,48,0.738461538
Bihar,ARARIA,2002,Kharif,Sunflower,2307,3171,1.374512354
Bihar,ARARIA,2002,Kharif,Urad,1174,881,0.750425894
Bihar,ARARIA,2002,Rabi,Barley,23,27,1.173913043
Bihar,ARARIA,2002,Rabi,Gram,509,264,0.518664047
Bihar,ARARIA,2002,Rabi,Khesari,3863,1785,0.462076107
Bihar,ARARIA,2002,Rabi,Linseed,1627,1237,0.760295022
Bihar,ARARIA,2002,Rabi,Maize,3651,6389,1.749931526
Bihar,ARARIA,2002,Rabi,Masoor,2956,2046,0.692151556
Bihar,ARARIA,2002,Rabi,Peas & beans (Pulses),493,440,0.892494929
Bihar,ARARIA,2002,Rabi,Rapeseed &Mustard,2965,1646,0.555143339
Bihar,ARARIA,2002,Rabi,Wheat,55849,86810,1.554369819
Bihar,ARARIA,2002,Summer,Maize,6878,13040,1.895899971
Bihar,ARARIA,2002,Summer,Moong(Green Gram),8690,5509,0.633947066
Bihar,ARARIA,2002,Summer,Rice,14783,20669,1.398160049
Bihar,ARARIA,2002,Whole Year,Banana,431,3741,8.679814385
Bihar,ARARIA,2002,Whole Year,Coriander,80,49,0.6125
Bihar,ARARIA,2002,Whole Year,Dry chillies,267,179,0.670411985
Bihar,ARARIA,2002,Whole Year,Dry ginger,60,89,1.483333333
Bihar,ARARIA,2002,Whole Year,Garlic,246,363,1.475609756
Bihar,ARARIA,2002,Whole Year,Onion,488,4138,8.479508197
Bihar,ARARIA,2002,Whole Year,Potato,5887,63445,10.77713606
Bihar,ARARIA,2002,Whole Year,Sannhamp,1289,916,0.710628394
Bihar,ARARIA,2002,Whole Year,Sugarcane,173,7126,41.19075145
Bihar,ARARIA,2002,Whole Year,Sweet potato,642,7932,12.35514019
Bihar,ARARIA,2002,Whole Year,Turmeric,306,302,0.986928105
Bihar,ARARIA,2002,Winter,Rice,82299,95520,1.160645937
Bihar,ARARIA,2003,Autumn,Rice,25038,28924,1.15520409
Bihar,ARARIA,2003,Kharif,Arhar/Tur,2901,3522,1.214064116
Bihar,ARARIA,2003,Kharif,Dry ginger,45,69,1.533333333
Bihar,ARARIA,2003,Kharif,Groundnut,63,31,0.492063492
Bihar,ARARIA,2003,Kharif,Horse-gram,2428,1792,0.738056013
Bihar,ARARIA,2003,Kharif,Jowar,23,23,1
Bihar,ARARIA,2003,Kharif,Jute,35497,241380,6.800011269
Bihar,ARARIA,2003,Kharif,Maize,3077,6389,2.076373091
Bihar,ARARIA,2003,Kharif,Mesta,2321,15628,6.73330461
Bihar,ARARIA,2003,Kharif,Moong(Green Gram),927,460,0.49622438
Bihar,ARARIA,2003,Kharif,Other Kharif pulses,64,16,0.25
Bihar,ARARIA,2003,Kharif,Ragi,881,209,0.23723042
Bihar,ARARIA,2003,Kharif,Sesamum,30,22,0.733333333
Bihar,ARARIA,2003,Kharif,Small millets,262,203,0.77480916
Bihar,ARARIA,2003,Kharif,Sunflower,2044,3003,1.469178082
Bihar,ARARIA,2003,Kharif,Urad,1122,836,0.745098039
Bihar,ARARIA,2003,Rabi,Barley,104,116,1.115384615
Bihar,ARARIA,2003,Rabi,Gram,5556,2850,0.512958963
Bihar,ARARIA,2003,Rabi,Khesari,4409,2196,0.498072125
Bihar,ARARIA,2003,Rabi,Linseed,1709,1340,0.78408426
Bihar,ARARIA,2003,Rabi,Maize,3949,13040,3.302101798
Bihar,ARARIA,2003,Rabi,Masoor,285,103,0.361403509
Bihar,ARARIA,2003,Rabi,Other  Rabi pulses,127,94,0.74015748
Bihar,ARARIA,2003,Rabi,Peas & beans (Pulses),778,727,0.934447301
Bihar,ARARIA,2003,Rabi,Rapeseed &Mustard,3153,1454,0.461148113
Bihar,ARARIA,2003,Rabi,Wheat,53697,52118,0.97059426
Bihar,ARARIA,2003,Summer,Maize,5190,11754,2.264739884
Bihar,ARARIA,2003,Summer,Moong(Green Gram),7953,4812,0.605054696
Bihar,ARARIA,2003,Summer,Rice,13862,21226,1.531236474
Bihar,ARARIA,2003,Whole Year,Banana,516,4933,9.560077519
Bihar,ARARIA,2003,Whole Year,Coriander,103,71,0.689320388
Bihar,ARARIA,2003,Whole Year,Dry chillies,252,116,0.46031746
Bihar,ARARIA,2003,Whole Year,Garlic,222,334,1.504504505
Bihar,ARARIA,2003,Whole Year,Onion,468,3510,7.5
Bihar,ARARIA,2003,Whole Year,Potato,5665,43615,7.699029126
Bihar,ARARIA,2003,Whole Year,Sannhamp,1094,784,0.716636197
Bihar,ARARIA,2003,Whole Year,Sugarcane,155,6153,39.69677419
Bihar,ARARIA,2003,Whole Year,Sweet potato,845,12261,14.51005917
Bihar,ARARIA,2003,Whole Year,Turmeric,208,206,0.990384615
Bihar,ARARIA,2003,Winter,Rice,83394,118046,1.4155215
Bihar,ARARIA,2004,Autumn,Rice,24655,15306,0.620807139
Bihar,ARARIA,2004,Kharif,Arhar/Tur,1181,1457,1.233700254
Bihar,ARARIA,2004,Kharif,Dry ginger,41,62,1.512195122
Bihar,ARARIA,2004,Kharif,Groundnut,47,23,0.489361702
Bihar,ARARIA,2004,Kharif,Horse-gram,2335,2052,0.878800857
Bihar,ARARIA,2004,Kharif,Jowar,1805,1830,1.013850416
Bihar,ARARIA,2004,Kharif,Jute,28458,223553,7.8555415
Bihar,ARARIA,2004,Kharif,Maize,7001,19755,2.821739751
Bihar,ARARIA,2004,Kharif,Mesta,2241,17886,7.981258367
Bihar,ARARIA,2004,Kharif,Moong(Green Gram),1148,500,0.43554007
Bihar,ARARIA,2004,Kharif,Other Kharif pulses,4574,2514,0.549628334
Bihar,ARARIA,2004,Kharif,Ragi,856,733,0.856308411
Bihar,ARARIA,2004,Kharif,Sesamum,32,25,0.78125
Bihar,ARARIA,2004,Kharif,Small millets,262,209,0.797709924
Bihar,ARARIA,2004,Kharif,Sunflower,1218,1734,1.42364532
Bihar,ARARIA,2004,Kharif,Urad,1210,911,0.752892562
Bihar,ARARIA,2004,Rabi,Barley,56,59,1.053571429
Bihar,ARARIA,2004,Rabi,Gram,2142,1786,0.833800187
Bihar,ARARIA,2004,Rabi,Khesari,4303,1351,0.313967
Bihar,ARARIA,2004,Rabi,Linseed,1616,1193,0.738242574
Bihar,ARARIA,2004,Rabi,Maize,3645,11223,3.079012346
Bihar,ARARIA,2004,Rabi,Masoor,2832,1495,0.52789548
Bihar,ARARIA,2004,Rabi,Other  Rabi pulses,127,96,0.755905512
Bihar,ARARIA,2004,Rabi,Peas & beans (Pulses),772,679,0.879533679
Bihar,ARARIA,2004,Rabi,Rapeseed &Mustard,3220,3304,1.026086957
Bihar,ARARIA,2004,Rabi,Wheat,53828,33278,0.618228431
Bihar,ARARIA,2004,Summer,Maize,4915,13384,2.723092574
Bihar,ARARIA,2004,Summer,Moong(Green Gram),7692,4092,0.531981279
Bihar,ARARIA,2004,Summer,Rice,13657,19415,1.421615289
Bihar,ARARIA,2004,Whole Year,Banana,484,3964,8.190082645
Bihar,ARARIA,2004,Whole Year,Coriander,96,63,0.65625
Bihar,ARARIA,2004,Whole Year,Dry chillies,232,160,0.689655172
Bihar,ARARIA,2004,Whole Year,Dry ginger,71,107,1.507042254
Bihar,ARARIA,2004,Whole Year,Garlic,186,280,1.505376344
Bihar,ARARIA,2004,Whole Year,Onion,471,3749,7.959660297
Bihar,ARARIA,2004,Whole Year,Potato,5513,44718,8.111373118
Bihar,ARARIA,2004,Whole Year,Sannhamp,1192,960,0.805369128
Bihar,ARARIA,2004,Whole Year,Sugarcane,144,5254,36.48611111
Bihar,ARARIA,2004,Whole Year,Sweet potato,706,8503,12.04390935
Bihar,ARARIA,2004,Whole Year,Tobacco,4,5,1.25
Bihar,ARARIA,2004,Whole Year,Turmeric,224,221,0.986607143
Bihar,ARARIA,2004,Winter,Rice,77652,39165,0.504365631
Bihar,ARARIA,2005,Autumn,Rice,25554,34078,1.33356813
Bihar,ARARIA,2005,Kharif,Arhar/Tur,258,279,1.081395349
Bihar,ARARIA,2005,Kharif,Groundnut,116,57,0.49137931
Bihar,ARARIA,2005,Kharif,Horse-gram,1786,1590,0.890257559
Bihar,ARARIA,2005,Kharif,Jute,31127,315939,10.14999839
Bihar,ARARIA,2005,Kharif,Maize,8066,22393,2.776221175
Bihar,ARARIA,2005,Kharif,Mesta,3392,42720,12.59433962
Bihar,ARARIA,2005,Kharif,Moong(Green Gram),2198,1350,0.614194722
Bihar,ARARIA,2005,Kharif,Other Kharif pulses,9,5,0.555555556
Bihar,ARARIA,2005,Kharif,Ragi,792,611,0.771464646
Bihar,ARARIA,2005,Kharif,Small millets,62,46,0.741935484
Bihar,ARARIA,2005,Kharif,Sunflower,3033,4417,1.456313881
Bihar,ARARIA,2005,Kharif,Urad,1026,634,0.617933723
Bihar,ARARIA,2005,Rabi,Barley,28,29,1.035714286
Bihar,ARARIA,2005,Rabi,Gram,740,696,0.940540541
Bihar,ARARIA,2005,Rabi,Khesari,3026,1861,0.615003305
Bihar,ARARIA,2005,Rabi,Linseed,1414,1210,0.85572843
Bihar,ARARIA,2005,Rabi,Maize,9283,16970,1.828072821
Bihar,ARARIA,2005,Rabi,Masoor,2470,1228,0.497165992
Bihar,ARARIA,2005,Rabi,Peas & beans (Pulses),1242,1143,0.920289855
Bihar,ARARIA,2005,Rabi,Rapeseed &Mustard,2903,1994,0.686875646
Bihar,ARARIA,2005,Rabi,Wheat,50729,32091,0.63259674
Bihar,ARARIA,2005,Summer,Maize,7117,21252,2.986089645
Bihar,ARARIA,2005,Summer,Moong(Green Gram),5964,3364,0.564050973
Bihar,ARARIA,2005,Summer,Rice,13933,15994,1.147922199
Bihar,ARARIA,2005,Whole Year,Banana,401,5730,14.28927681
Bihar,ARARIA,2005,Whole Year,Coriander,192,151,0.786458333
Bihar,ARARIA,2005,Whole Year,Dry chillies,309,204,0.660194175
Bihar,ARARIA,2005,Whole Year,Dry ginger,39,59,1.512820513
Bihar,ARARIA,2005,Whole Year,Garlic,311,459,1.475884244
Bihar,ARARIA,2005,Whole Year,Onion,954,8510,8.92033543
Bihar,ARARIA,2005,Whole Year,Potato,7467,77822,10.42212401
Bihar,ARARIA,2005,Whole Year,Sannhamp,774,670,0.865633075
Bihar,ARARIA,2005,Whole Year,Sweet potato,665,10416,15.66315789
Bihar,ARARIA,2005,Whole Year,Turmeric,266,259,0.973684211
Bihar,ARARIA,2005,Winter,Rice,82557,43894,0.531681142
Bihar,ARARIA,2006,Autumn,Rice,27718,30645,1.10559925
Bihar,ARARIA,2006,Kharif,Arhar/Tur,325,401,1.233846154
Bihar,ARARIA,2006,Kharif,Jowar,23,24,1.043478261
Bihar,ARARIA,2006,Kharif,Jute,33713,332260,9.855545339
Bihar,ARARIA,2006,Kharif,Maize,8602,21676,2.519879098
Bihar,ARARIA,2006,Kharif,Mesta,3042,22190,7.294543064
Bihar,ARARIA,2006,Kharif,Moong(Green Gram),1097,553,0.504102097
Bihar,ARARIA,2006,Kharif,Ragi,824,491,0.595873786
Bihar,ARARIA,2006,Kharif,Sannhamp,849,734,0.864546525
Bihar,ARARIA,2006,Kharif,Sesamum,12,9,0.75
Bihar,ARARIA,2006,Kharif,Urad,257,200,0.778210117
Bihar,ARARIA,2006,Rabi,Barley,55,59,1.072727273
Bihar,ARARIA,2006,Rabi,Gram,524,498,0.950381679
Bihar,ARARIA,2006,Rabi,Khesari,3522,1983,0.563032368
Bihar,ARARIA,2006,Rabi,Linseed,1635,1388,0.848929664
Bihar,ARARIA,2006,Rabi,Maize,864,2477,2.866898148
Bihar,ARARIA,2006,Rabi,Masoor,2828,1326,0.468882603
Bihar,ARARIA,2006,Rabi,Peas & beans (Pulses),1044,971,0.930076628
Bihar,ARARIA,2006,Rabi,Rapeseed &Mustard,3346,2436,0.728033473
Bihar,ARARIA,2006,Rabi,Sunflower,2870,4163,1.450522648
Bihar,ARARIA,2006,Rabi,Wheat,57551,40153,0.697694219
Bihar,ARARIA,2006,Summer,Maize,8099,38893,4.802197802
Bihar,ARARIA,2006,Summer,Moong(Green Gram),7716,4074,0.527993779
Bihar,ARARIA,2006,Summer,Rice,15555,23189,1.490774671
Bihar,ARARIA,2006,Winter,Rice,95366,88707,0.930174276
Bihar,ARARIA,2007,Autumn,Maize,6671,21639,3.243741568
Bihar,ARARIA,2007,Autumn,Rice,20016,19467,0.972571942
Bihar,ARARIA,2007,Kharif,Arhar/Tur,371,394,1.061994609
Bihar,ARARIA,2007,Kharif,Dry ginger,72,109,1.513888889
Bihar,ARARIA,2007,Kharif,Groundnut,295,219,0.742372881
Bihar,ARARIA,2007,Kharif,Jute,36430,381530,10.47296184
Bihar,ARARIA,2007,Kharif,Mesta,2441,19447,7.966816878
Bihar,ARARIA,2007,Kharif,Moong(Green Gram),1029,595,0.578231293
Bihar,ARARIA,2007,Kharif,Ragi,824,529,0.641990291
Bihar,ARARIA,2007,Kharif,Sannhamp,1036,4733.33,4.568851351
Bihar,ARARIA,2007,Kharif,Sesamum,27,21,0.777777778
Bihar,ARARIA,2007,Kharif,Urad,187,150,0.802139037
Bihar,ARARIA,2007,Rabi,Barley,47,56,1.191489362
Bihar,ARARIA,2007,Rabi,Gram,1216,1172,0.963815789
Bihar,ARARIA,2007,Rabi,Khesari,4335,2909,0.671049596
Bihar,ARARIA,2007,Rabi,Linseed,1957,1693,0.865099642
Bihar,ARARIA,2007,Rabi,Maize,9583,44456,4.639048315
Bihar,ARARIA,2007,Rabi,Masoor,2745,1342,0.488888889
Bihar,ARARIA,2007,Rabi,Peas & beans (Pulses),1586,2744,1.730138714
Bihar,ARARIA,2007,Rabi,Rapeseed &Mustard,2817,2220,0.788072417
Bihar,ARARIA,2007,Rabi,Sunflower,3812,5451,1.429958027
Bihar,ARARIA,2007,Rabi,Wheat,50635,91612,1.809262368
Bihar,ARARIA,2007,Summer,Maize,9808,37820,3.856035889
Bihar,ARARIA,2007,Summer,Moong(Green Gram),6076,3226,0.530941409
Bihar,ARARIA,2007,Summer,Rice,15660,22803,1.456130268
Bihar,ARARIA,2007,Whole Year,Banana,375,4391,11.70933333
Bihar,ARARIA,2007,Whole Year,Coriander,192,139,0.723958333
Bihar,ARARIA,2007,Whole Year,Dry chillies,261,183,0.701149425
Bihar,ARARIA,2007,Whole Year,Garlic,416,601,1.444711538
Bihar,ARARIA,2007,Whole Year,Onion,844,8533,10.11018957
Bihar,ARARIA,2007,Whole Year,Potato,7342,75585,10.29487878
Bihar,ARARIA,2007,Whole Year,Sweet potato,693,8832,12.74458874
Bihar,ARARIA,2007,Whole Year,Turmeric,302,287,0.950331126
Bihar,ARARIA,2007,Winter,Rice,91513,18339,0.200397758
Bihar,ARARIA,2008,Autumn,Maize,7321,24450,3.33970769
Bihar,ARARIA,2008,Autumn,Rice,21378,23999,1.122602676
Bihar,ARARIA,2008,Kharif,Arhar/Tur,419,482,1.150357995
Bihar,ARARIA,2008,Kharif,Dry ginger,72,119,1.652777778
Bihar,ARARIA,2008,Kharif,Groundnut,231,114,0.493506494
Bihar,ARARIA,2008,Kharif,Jute,39258,418316,10.65556065
Bihar,ARARIA,2008,Kharif,Mesta,2609,19140,7.336144117
Bihar,ARARIA,2008,Kharif,Moong(Green Gram),1985,1261,0.635264484
Bihar,ARARIA,2008,Kharif,Other Kharif pulses,41,24,0.585365854
Bihar,ARARIA,2008,Kharif,Potato,3454,37614,10.88998263
Bihar,ARARIA,2008,Kharif,Ragi,799,650,0.813516896
Bihar,ARARIA,2008,Kharif,Sannhamp,918,4194.44,4.569106754
Bihar,ARARIA,2008,Kharif,Sesamum,23,17,0.739130435
Bihar,ARARIA,2008,Kharif,Small millets,62,46,0.741935484
Bihar,ARARIA,2008,Kharif,Sweet potato,300,4071,13.57
Bihar,ARARIA,2008,Kharif,Urad,783,677,0.864623244
Bihar,ARARIA,2008,Rabi,Barley,27,30,1.111111111
Bihar,ARARIA,2008,Rabi,Gram,1296,721,0.55632716
Bihar,ARARIA,2008,Rabi,Khesari,4787,3423,0.715061625
Bihar,ARARIA,2008,Rabi,Linseed,1957,1656,0.846193153
Bihar,ARARIA,2008,Rabi,Maize,9583,45404,4.737973495
Bihar,ARARIA,2008,Rabi,Masoor,3204,2124,0.662921348
Bihar,ARARIA,2008,Rabi,Peas & beans (Pulses),1359,1307,0.961736571
Bihar,ARARIA,2008,Rabi,Potato,4629,13702,2.960034565
Bihar,ARARIA,2008,Rabi,Rapeseed &Mustard,2775,2148,0.774054054
Bihar,ARARIA,2008,Rabi,Sunflower,3812,5451,1.429958027
Bihar,ARARIA,2008,Rabi,Sweet potato,416,6119,14.70913462
Bihar,ARARIA,2008,Rabi,Wheat,57959,64655,1.115529944
Bihar,ARARIA,2008,Summer,Maize,8439,30053,3.561203934
Bihar,ARARIA,2008,Summer,Moong(Green Gram),6396,3326,0.520012508
Bihar,ARARIA,2008,Summer,Rice,13735,22993,1.674044412
Bihar,ARARIA,2008,Whole Year,Dry chillies,284,202,0.711267606
Bihar,ARARIA,2008,Whole Year,Garlic,416,575,1.382211538
Bihar,ARARIA,2008,Whole Year,Onion,794,8139,10.25062972
Bihar,ARARIA,2008,Whole Year,Turmeric,271,343,1.265682657
Bihar,ARARIA,2008,Winter,Rice,97100,112440,1.157981462
Bihar,ARARIA,2009,Autumn,Maize,2891,12127,4.194742304
Bihar,ARARIA,2009,Autumn,Rice,26474,24843,0.938392385
Bihar,ARARIA,2009,Kharif,Arhar/Tur,321,432,1.345794393
Bihar,ARARIA,2009,Kharif,Horse-gram,902,868,0.962305987
Bihar,ARARIA,2009,Kharif,Jute,35159,248262,7.06112233
Bihar,ARARIA,2009,Kharif,Mesta,2761,12501,4.527707352
Bihar,ARARIA,2009,Kharif,Moong(Green Gram),1225,812,0.662857143
Bihar,ARARIA,2009,Kharif,Ragi,382,227,0.594240838
Bihar,ARARIA,2009,Kharif,Sannhamp,72,59,0.819444444
Bihar,ARARIA,2009,Kharif,Urad,202,200,0.99009901
Bihar,ARARIA,2009,Rabi,Gram,96,55,0.572916667
Bihar,ARARIA,2009,Rabi,Khesari,2833,2935,1.036004236
Bihar,ARARIA,2009,Rabi,Linseed,1659,1404,0.846292948
Bihar,ARARIA,2009,Rabi,Maize,4985,13160,2.639919759
Bihar,ARARIA,2009,Rabi,Masoor,2129,1169,0.549084077
Bihar,ARARIA,2009,Rabi,Peas & beans (Pulses),131,131,1
Bihar,ARARIA,2009,Rabi,Rapeseed &Mustard,2186,1672,0.764867338
Bihar,ARARIA,2009,Rabi,Sunflower,1911,2685,1.405023548
Bihar,ARARIA,2009,Rabi,Wheat,59203,101912,1.721399253
Bihar,ARARIA,2009,Summer,Maize,13795,41213,2.987531714
Bihar,ARARIA,2009,Summer,Moong(Green Gram),3395,1670,0.491899853
Bihar,ARARIA,2009,Summer,Rice,12097,16099,1.330825825
Bihar,ARARIA,2009,Winter,Rice,97533,119322,1.22340131
Bihar,ARARIA,2010,Autumn,Maize,3646,12875,3.531267142
Bihar,ARARIA,2010,Autumn,Rice,20215,25762,1.274400198
Bihar,ARARIA,2010,Kharif,Arhar/Tur,122,70,0.573770492
Bihar,ARARIA,2010,Kharif,Groundnut,46,47,1.02173913
Bihar,ARARIA,2010,Kharif,Horse-gram,1454,1373,0.944291609
Bihar,ARARIA,2010,Kharif,Jute,41697,282613,6.777777778
Bihar,ARARIA,2010,Kharif,Mesta,2850,16087,5.644561404
Bihar,ARARIA,2010,Kharif,Moong(Green Gram),1724,1127,0.653712297
Bihar,ARARIA,2010,Kharif,Ragi,267,252,0.943820225
Bihar,ARARIA,2010,Kharif,Urad,146,127,0.869863014
Bihar,ARARIA,2010,Rabi,Barley,17,22,1.294117647
Bihar,ARARIA,2010,Rabi,Gram,72,40,0.555555556
Bihar,ARARIA,2010,Rabi,Khesari,2631,2589,0.984036488
Bihar,ARARIA,2010,Rabi,Linseed,1977,1617,0.817905918
Bihar,ARARIA,2010,Rabi,Maize,6808,44177,6.488983549
Bihar,ARARIA,2010,Rabi,Masoor,2385,1729,0.724947589
Bihar,ARARIA,2010,Rabi,Peas & beans (Pulses),474,491,1.035864979
Bihar,ARARIA,2010,Rabi,Rapeseed &Mustard,2416,2493,1.031870861
Bihar,ARARIA,2010,Rabi,Sunflower,2400,3442,1.434166667
Bihar,ARARIA,2010,Rabi,Wheat,57406,139820,2.435633906
Bihar,ARARIA,2010,Summer,Maize,10025,52599,5.246783042
Bihar,ARARIA,2010,Summer,Moong(Green Gram),5492,3394,0.617989803
Bihar,ARARIA,2010,Summer,Rice,13075,25603,1.958164436
Bihar,ARARIA,2010,Whole Year,Sugarcane,147,7377,50.18367347
Bihar,ARARIA,2010,Winter,Rice,97335,96492,0.991339189
Bihar,ARARIA,2011,Autumn,Maize,3661,13186,3.601748156
Bihar,ARARIA,2011,Autumn,Rice,12416,14834,1.194748711
Bihar,ARARIA,2011,Kharif,Arhar/Tur,118,224,1.898305085
Bihar,ARARIA,2011,Kharif,Horse-gram,1178,1121,0.951612903
Bihar,ARARIA,2011,Kharif,Jute,43055,332480,7.722215771
Bihar,ARARIA,2011,Kharif,Mesta,2746,14783,5.383466861
Bihar,ARARIA,2011,Kharif,Moong(Green Gram),1475,543,0.368135593
Bihar,ARARIA,2011,Kharif,Ragi,344,528,1.534883721
Bihar,ARARIA,2011,Kharif,Safflower,1,1,1
Bihar,ARARIA,2011,Kharif,Sesamum,115,102,0.886956522
Bihar,ARARIA,2011,Kharif,Urad,174,148,0.850574713
Bihar,ARARIA,2011,Rabi,Barley,5,8,1.6
Bihar,ARARIA,2011,Rabi,Gram,62,43,0.693548387
Bihar,ARARIA,2011,Rabi,Khesari,2590,3276,1.264864865
Bihar,ARARIA,2011,Rabi,Linseed,1823,1577,0.865057597
Bihar,ARARIA,2011,Rabi,Maize,5897,21984,3.727997287
Bihar,ARARIA,2011,Rabi,Masoor,2458,4557,1.853946298
Bihar,ARARIA,2011,Rabi,Peas & beans (Pulses),303,312,1.02970297
Bihar,ARARIA,2011,Rabi,Rapeseed &Mustard,2301,1818,0.790091265
Bihar,ARARIA,2011,Rabi,Sunflower,2063,2991,1.449830344
Bihar,ARARIA,2011,Rabi,Wheat,59272,147022,2.48046295
Bihar,ARARIA,2011,Summer,Maize,17530,74853,4.269994295
Bihar,ARARIA,2011,Summer,Moong(Green Gram),5297,2919,0.551066641
Bihar,ARARIA,2011,Summer,Rice,29978,63083,2.104309827
Bihar,ARARIA,2011,Winter,Rice,96434,193191,2.003349441
Bihar,ARARIA,2012,Autumn,Maize,3661,23707,6.475553128
Bihar,ARARIA,2012,Autumn,Rice,12416,23732,1.911404639
Bihar,ARARIA,2012,Kharif,Arhar/Tur,118,117,0.991525424
Bihar,ARARIA,2012,Kharif,Horse-gram,1178,1140,0.967741935
Bihar,ARARIA,2012,Kharif,Jute,43055,52613,1.221995123
Bihar,ARARIA,2012,Kharif,Mesta,2746,1895,0.690094683
Bihar,ARARIA,2012,Kharif,Moong(Green Gram),1475,1956,1.326101695
Bihar,ARARIA,2012,Kharif,Ragi,344,406,1.180232558
Bihar,ARARIA,2012,Kharif,Sesamum,46,40,0.869565217
Bihar,ARARIA,2012,Kharif,Urad,174,148,0.850574713
Bihar,ARARIA,2012,Rabi,Barley,5,7,1.4
Bihar,ARARIA,2012,Rabi,Gram,62,226,3.64516129
Bihar,ARARIA,2012,Rabi,Khesari,2590,3048,1.176833977
Bihar,ARARIA,2012,Rabi,Linseed,1873,1624,0.867058195
Bihar,ARARIA,2012,Rabi,Maize,5897,17573,2.979989825
Bihar,ARARIA,2012,Rabi,Masoor,2458,1772,0.72091131
Bihar,ARARIA,2012,Rabi,Peas & beans (Pulses),474,493,1.040084388
Bihar,ARARIA,2012,Rabi,Rapeseed &Mustard,2301,2032,0.883094307
Bihar,ARARIA,2012,Rabi,Safflower,1,1,1
Bihar,ARARIA,2012,Rabi,Sunflower,1193,1682,1.409891031
Bihar,ARARIA,2012,Rabi,Wheat,59272,220848,3.726008908
Bihar,ARARIA,2012,Summer,Maize,17530,67718,3.862977752
Bihar,ARARIA,2012,Summer,Moong(Green Gram),5297,3549,0.670001888
Bihar,ARARIA,2012,Summer,Rice,29978,103334,3.446994463
Bihar,ARARIA,2012,Winter,Rice,96434,212341,2.201930854
Bihar,ARARIA,2013,Autumn,Maize,9917,55868,5.633558536
Bihar,ARARIA,2013,Autumn,Rice,31941,67848,2.124166432
Bihar,ARARIA,2013,Kharif,Arhar/Tur,279,465,1.666666667
Bihar,ARARIA,2013,Kharif,Horse-gram,1059,1008,0.95184136
Bihar,ARARIA,2013,Kharif,Jute,21231,159822,7.527766003
Bihar,ARARIA,2013,Kharif,Mesta,854,13560,15.87822014
Bihar,ARARIA,2013,Kharif,Moong(Green Gram),1312,1458,1.111280488
Bihar,ARARIA,2013,Kharif,Ragi,249,253,1.016064257
Bihar,ARARIA,2013,Kharif,Sesamum,20,18,0.9
Bihar,ARARIA,2013,Kharif,Small millets,84,63,0.75
Bihar,ARARIA,2013,Kharif,Urad,271,247,0.911439114
Bihar,ARARIA,2013,Rabi,Gram,151,173,1.145695364
Bihar,ARARIA,2013,Rabi,Khesari,1063,931,0.875823142
Bihar,ARARIA,2013,Rabi,Linseed,138,117,0.847826087
Bihar,ARARIA,2013,Rabi,Maize,19069,116073,6.086999843
Bihar,ARARIA,2013,Rabi,Masoor,1322,1186,0.897125567
Bihar,ARARIA,2013,Rabi,Peas & beans (Pulses),22,23,1.045454545
Bihar,ARARIA,2013,Rabi,Rapeseed &Mustard,1817,2053,1.129884425
Bihar,ARARIA,2013,Rabi,Sunflower,537,782,1.456238361
Bihar,ARARIA,2013,Rabi,Wheat,43539,121430,2.788993776
Bihar,ARARIA,2013,Summer,Maize,23476,125245,5.335023002
Bihar,ARARIA,2013,Summer,Moong(Green Gram),3710,3343,0.901078167
Bihar,ARARIA,2013,Summer,Rice,8019,19242,2.399551066
Bihar,ARARIA,2013,Whole Year,Tobacco,38,72,1.894736842
Bihar,ARARIA,2013,Winter,Rice,94418,272074,2.881590375
Bihar,ARARIA,2014,Autumn,Maize,7437,33584,4.515799381
Bihar,ARARIA,2014,Autumn,Rice,23955,32840,1.370903778
Bihar,ARARIA,2014,Kharif,Arhar/Tur,5,7,1.4
Bihar,ARARIA,2014,Kharif,Horse-gram,1087,1040,0.95676173
Bihar,ARARIA,2014,Kharif,Jute,15924,144997,9.105563929
Bihar,ARARIA,2014,Kharif,Mesta,640,5479,8.5609375
Bihar,ARARIA,2014,Kharif,Moong(Green Gram),3817,4443,1.164003144
Bihar,ARARIA,2014,Kharif,Ragi,187,276,1.475935829
Bihar,ARARIA,2014,Kharif,Sesamum,17,15,0.882352941
Bihar,ARARIA,2014,Kharif,Urad,159,145,0.911949686
Bihar,ARARIA,2014,Rabi,Gram,322,308,0.956521739
Bihar,ARARIA,2014,Rabi,Maize,18346,81365,4.435026709
Bihar,ARARIA,2014,Rabi,Masoor,7,3,0.428571429
Bihar,ARARIA,2014,Rabi,Sunflower,264,337,1.276515152
Bihar,ARARIA,2014,Rabi,Wheat,39141,45703,1.16765029
Bihar,ARARIA,2014,Summer,Maize,18525,74348,4.013387314
Bihar,ARARIA,2014,Summer,Moong(Green Gram),4684,2468,0.526900085
Bihar,ARARIA,2014,Summer,Rice,8369,17229,2.058668897
Bihar,ARARIA,2014,Winter,Rice,88961,216846,2.437540046
Bihar,ARWAL,2003,Autumn,Rice,10,13,1.3
Bihar,ARWAL,2003,Kharif,Arhar/Tur,76,96,1.263157895
Bihar,ARWAL,2003,Kharif,Groundnut,21,10,0.476190476
Bihar,ARWAL,2003,Kharif,Horse-gram,20,15,0.75
Bihar,ARWAL,2003,Kharif,Maize,250,428,1.712
Bihar,ARWAL,2003,Kharif,Moong(Green Gram),120,66,0.55
Bihar,ARWAL,2003,Kharif,Other Kharif pulses,18,10,0.555555556
Bihar,ARWAL,2003,Kharif,Ragi,17,11,0.647058824
Bihar,ARWAL,2003,Kharif,Sesamum,69,54,0.782608696
Bihar,ARWAL,2003,Kharif,Sunflower,8,11,1.375
Bihar,ARWAL,2003,Kharif,Urad,17,13,0.764705882
Bihar,ARWAL,2003,Rabi,Barley,222,228,1.027027027
Bihar,ARWAL,2003,Rabi,Gram,992,1061,1.069556452
Bihar,ARWAL,2003,Rabi,Khesari,3413,5017,1.46996777
Bihar,ARWAL,2003,Rabi,Linseed,128,100,0.78125
Bihar,ARWAL,2003,Rabi,Maize,34,103,3.029411765
Bihar,ARWAL,2003,Rabi,Masoor,3043,2468,0.811041735
Bihar,ARWAL,2003,Rabi,Peas & beans (Pulses),1143,1068,0.934383202
Bihar,ARWAL,2003,Rabi,Rapeseed &Mustard,102,90,0.882352941
Bihar,ARWAL,2003,Rabi,Wheat,14770,40533,2.744278944
Bihar,ARWAL,2003,Summer,Maize,112,322,2.875
Bihar,ARWAL,2003,Summer,Moong(Green Gram),37,18,0.486486486
Bihar,ARWAL,2003,Summer,Rice,10,13,1.3
Bihar,ARWAL,2003,Whole Year,Banana,7,116,16.57142857
Bihar,ARWAL,2003,Whole Year,Coriander,3,2,0.666666667
Bihar,ARWAL,2003,Whole Year,Dry chillies,3,2,0.666666667
Bihar,ARWAL,2003,Whole Year,Onion,95,726,7.642105263
Bihar,ARWAL,2003,Whole Year,Potato,738,6391,8.659891599
Bihar,ARWAL,2003,Whole Year,Sannhamp,18,14,0.777777778
Bihar,ARWAL,2003,Whole Year,Sugarcane,86,3625,42.15116279
Bihar,ARWAL,2003,Whole Year,Sweet potato,10,81,8.1
Bihar,ARWAL,2003,Whole Year,Turmeric,7,7,1
Bihar,ARWAL,2003,Winter,Rice,31836,54058,1.698014826
Bihar,ARWAL,2004,Kharif,Arhar/Tur,24,24,1
Bihar,ARWAL,2004,Kharif,Groundnut,28,14,0.5
Bihar,ARWAL,2004,Kharif,Horse-gram,16,13,0.8125
Bihar,ARWAL,2004,Kharif,Maize,632,840,1.329113924
Bihar,ARWAL,2004,Kharif,Mesta,4,32,8
Bihar,ARWAL,2004,Kharif,Moong(Green Gram),83,45,0.542168675
Bihar,ARWAL,2004,Kharif,Other Kharif pulses,30,15,0.5
Bihar,ARWAL,2004,Kharif,Ragi,45,30,0.666666667
Bihar,ARWAL,2004,Kharif,Sesamum,61,43,0.704918033
Bihar,ARWAL,2004,Kharif,Sunflower,18,18,1
Bihar,ARWAL,2004,Kharif,Urad,15,12,0.8
Bihar,ARWAL,2004,Rabi,Barley,160,139,0.86875
Bihar,ARWAL,2004,Rabi,Gram,869,615,0.707710012
Bihar,ARWAL,2004,Rabi,Khesari,3075,1885,0.61300813
Bihar,ARWAL,2004,Rabi,Linseed,165,139,0.842424242
Bihar,ARWAL,2004,Rabi,Maize,50,155,3.1
Bihar,ARWAL,2004,Rabi,Masoor,3090,1934,0.625889968
Bihar,ARWAL,2004,Rabi,Peas & beans (Pulses),1142,1005,0.880035026
Bihar,ARWAL,2004,Rabi,Rapeseed &Mustard,271,249,0.918819188
Bihar,ARWAL,2004,Rabi,Wheat,11622,21265,1.829719498
Bihar,ARWAL,2004,Summer,Maize,116,328,2.827586207
Bihar,ARWAL,2004,Summer,Moong(Green Gram),17,9,0.529411765
Bihar,ARWAL,2004,Whole Year,Coriander,10,7,0.7
Bihar,ARWAL,2004,Whole Year,Dry chillies,10,7,0.7
Bihar,ARWAL,2004,Whole Year,Garlic,10,15,1.5
Bihar,ARWAL,2004,Whole Year,Onion,120,869,7.241666667
Bihar,ARWAL,2004,Whole Year,Potato,1058,6808,6.434782609
Bihar,ARWAL,2004,Whole Year,Sannhamp,1,1,1
Bihar,ARWAL,2004,Whole Year,Sugarcane,49,1762,35.95918367
Bihar,ARWAL,2004,Whole Year,Sweet potato,5,41,8.2
Bihar,ARWAL,2004,Winter,Rice,24656,19357,0.785082738
Bihar,ARWAL,2005,Autumn,Rice,58,51,0.879310345
Bihar,ARWAL,2005,Kharif,Arhar/Tur,148,149,1.006756757
Bihar,ARWAL,2005,Kharif,Groundnut,69,34,0.492753623
Bihar,ARWAL,2005,Kharif,Horse-gram,45,39,0.866666667
Bihar,ARWAL,2005,Kharif,Maize,397,533,1.34256927
Bihar,ARWAL,2005,Kharif,Mesta,4,39,9.75
Bihar,ARWAL,2005,Kharif,Moong(Green Gram),121,67,0.553719008
Bihar,ARWAL,2005,Kharif,Other Kharif pulses,6,3,0.5
Bihar,ARWAL,2005,Kharif,Ragi,47,42,0.893617021
Bihar,ARWAL,2005,Kharif,Sesamum,117,110,0.94017094
Bihar,ARWAL,2005,Kharif,Sunflower,2,2,1
Bihar,ARWAL,2005,Kharif,Urad,52,40,0.769230769
Bihar,ARWAL,2005,Rabi,Barley,241,171,0.709543568
Bihar,ARWAL,2005,Rabi,Gram,379,262,0.691292876
Bihar,ARWAL,2005,Rabi,Khesari,1886,1128,0.598091198
Bihar,ARWAL,2005,Rabi,Linseed,253,217,0.85770751
Bihar,ARWAL,2005,Rabi,Maize,277,844,3.046931408
Bihar,ARWAL,2005,Rabi,Masoor,2185,1623,0.742791762
Bihar,ARWAL,2005,Rabi,Peas & beans (Pulses),1095,1007,0.919634703
Bihar,ARWAL,2005,Rabi,Rapeseed &Mustard,315,242,0.768253968
Bihar,ARWAL,2005,Rabi,Wheat,11266,22471,1.994585478
Bihar,ARWAL,2005,Summer,Maize,113,268,2.371681416
Bihar,ARWAL,2005,Summer,Moong(Green Gram),24,14,0.583333333
Bihar,ARWAL,2005,Whole Year,Coriander,8,7,0.875
Bihar,ARWAL,2005,Whole Year,Dry chillies,9,9,1
Bihar,ARWAL,2005,Whole Year,Dry ginger,3,4,1.333333333
Bihar,ARWAL,2005,Whole Year,Garlic,21,31,1.476190476
Bihar,ARWAL,2005,Whole Year,Onion,107,786,7.345794393
Bihar,ARWAL,2005,Whole Year,Potato,964,5761,5.976141079
Bihar,ARWAL,2005,Whole Year,Sannhamp,7,6,0.857142857
Bihar,ARWAL,2005,Whole Year,Sugarcane,65,1710,26.30769231
Bihar,ARWAL,2005,Whole Year,Sweet potato,3,45,15
Bihar,ARWAL,2005,Whole Year,Turmeric,11,10,0.909090909
Bihar,ARWAL,2005,Winter,Rice,26814,42672,1.591407474
Bihar,ARWAL,2007,Autumn,Maize,459,619,1.348583878
Bihar,ARWAL,2007,Autumn,Rice,10,8,0.8
Bihar,ARWAL,2007,Kharif,Arhar/Tur,60,68,1.133333333
Bihar,ARWAL,2007,Kharif,Groundnut,2,1,0.5
Bihar,ARWAL,2007,Kharif,Mesta,6,56,9.333333333
Bihar,ARWAL,2007,Kharif,Moong(Green Gram),53,42,0.79245283
Bihar,ARWAL,2007,Kharif,Ragi,55,33,0.6
Bihar,ARWAL,2007,Kharif,Sannhamp,8,33.33,4.16625
Bihar,ARWAL,2007,Kharif,Sesamum,27,22,0.814814815
Bihar,ARWAL,2007,Kharif,Urad,20,16,0.8
Bihar,ARWAL,2007,Rabi,Barley,141,146,1.035460993
Bihar,ARWAL,2007,Rabi,Gram,763,613,0.803407602
Bihar,ARWAL,2007,Rabi,Khesari,1982,1510,0.76185671
Bihar,ARWAL,2007,Rabi,Linseed,128,106,0.828125
Bihar,ARWAL,2007,Rabi,Maize,216,864,4
Bihar,ARWAL,2007,Rabi,Masoor,2814,2445,0.868869936
Bihar,ARWAL,2007,Rabi,Peas & beans (Pulses),1248,1344,1.076923077
Bihar,ARWAL,2007,Rabi,Rapeseed &Mustard,243,505,2.0781893
Bihar,ARWAL,2007,Rabi,Sunflower,13,19,1.461538462
Bihar,ARWAL,2007,Rabi,Wheat,11120,26290,2.364208633
Bihar,ARWAL,2007,Summer,Maize,178,627,3.52247191
Bihar,ARWAL,2007,Summer,Moong(Green Gram),53,32,0.603773585
Bihar,ARWAL,2007,Summer,Rice,19,22,1.157894737
Bihar,ARWAL,2007,Whole Year,Coriander,12,9,0.75
Bihar,ARWAL,2007,Whole Year,Garlic,20,29,1.45
Bihar,ARWAL,2007,Whole Year,Onion,120,1043,8.691666667
Bihar,ARWAL,2007,Whole Year,Potato,1326,6597,4.975113122
Bihar,ARWAL,2007,Whole Year,Sugarcane,99,3671,37.08080808
Bihar,ARWAL,2007,Whole Year,Sweet potato,1,13,13
Bihar,ARWAL,2007,Winter,Rice,33445,62371,1.864882643
Bihar,ARWAL,2008,Autumn,Maize,450,519,1.153333333
Bihar,ARWAL,2008,Autumn,Rice,10,13,1.3
Bihar,ARWAL,2008,Kharif,Arhar/Tur,120,118,0.983333333
Bihar,ARWAL,2008,Kharif,Dry ginger,3,5,1.666666667
Bihar,ARWAL,2008,Kharif,Groundnut,2,1,0.5
Bihar,ARWAL,2008,Kharif,Mesta,6,52,8.666666667
Bihar,ARWAL,2008,Kharif,Moong(Green Gram),83,56,0.674698795
Bihar,ARWAL,2008,Kharif,Other Kharif pulses,4,2,0.5
Bihar,ARWAL,2008,Kharif,Potato,814,6105,7.5
Bihar,ARWAL,2008,Kharif,Ragi,50,41,0.82
Bihar,ARWAL,2008,Kharif,Sannhamp,8,33.33,4.16625
Bihar,ARWAL,2008,Kharif,Sesamum,75,61,0.813333333
Bihar,ARWAL,2008,Kharif,Sweet potato,1,14,14
Bihar,ARWAL,2008,Kharif,Urad,49,30,0.612244898
Bihar,ARWAL,2008,Rabi,Barley,155,114,0.735483871
Bihar,ARWAL,2008,Rabi,Gram,589,490,0.831918506
Bihar,ARWAL,2008,Rabi,Khesari,2345,1548,0.660127932
Bihar,ARWAL,2008,Rabi,Linseed,167,141,0.844311377
Bihar,ARWAL,2008,Rabi,Maize,199,701,3.522613065
Bihar,ARWAL,2008,Rabi,Masoor,2673,2213,0.827908717
Bihar,ARWAL,2008,Rabi,Other  Rabi pulses,33,24,0.727272727
Bihar,ARWAL,2008,Rabi,Peas & beans (Pulses),1128,1085,0.961879433
Bihar,ARWAL,2008,Rabi,Potato,405,2454,6.059259259
Bihar,ARWAL,2008,Rabi,Rapeseed &Mustard,270,605,2.240740741
Bihar,ARWAL,2008,Rabi,Sunflower,13,19,1.461538462
Bihar,ARWAL,2008,Rabi,Wheat,11172,20000,1.79018976
Bihar,ARWAL,2008,Summer,Maize,149,480,3.22147651
Bihar,ARWAL,2008,Summer,Moong(Green Gram),39,26,0.666666667
Bihar,ARWAL,2008,Whole Year,Dry chillies,9,13,1.444444444
Bihar,ARWAL,2008,Whole Year,Garlic,18,29,1.611111111
Bihar,ARWAL,2008,Whole Year,Onion,106,729,6.877358491
Bihar,ARWAL,2008,Whole Year,Sugarcane,11,385,35
Bihar,ARWAL,2008,Winter,Rice,35594,62202,1.747541721
Bihar,ARWAL,2009,Autumn,Maize,278,406,1.460431655
Bihar,ARWAL,2009,Kharif,Arhar/Tur,453,647,1.428256071
Bihar,ARWAL,2009,Kharif,Mesta,3,22,7.333333333
Bihar,ARWAL,2009,Kharif,Moong(Green Gram),43,29,0.674418605
Bihar,ARWAL,2009,Kharif,Other Kharif pulses,2,1,0.5
Bihar,ARWAL,2009,Kharif,Ragi,37,30,0.810810811
Bihar,ARWAL,2009,Kharif,Sannhamp,6,5,0.833333333
Bihar,ARWAL,2009,Kharif,Urad,22,22,1
Bihar,ARWAL,2009,Rabi,Barley,140,113,0.807142857
Bihar,ARWAL,2009,Rabi,Gram,910,774,0.850549451
Bihar,ARWAL,2009,Rabi,Khesari,1725,1240,0.71884058
Bihar,ARWAL,2009,Rabi,Linseed,184,156,0.847826087
Bihar,ARWAL,2009,Rabi,Maize,291,757,2.60137457
Bihar,ARWAL,2009,Rabi,Masoor,2755,2777,1.007985481
Bihar,ARWAL,2009,Rabi,Peas & beans (Pulses),578,579,1.001730104
Bihar,ARWAL,2009,Rabi,Rapeseed &Mustard,378,452,1.195767196
Bihar,ARWAL,2009,Rabi,Sunflower,33,46,1.393939394
Bihar,ARWAL,2009,Rabi,Wheat,9417,17603,1.869278964
Bihar,ARWAL,2009,Summer,Maize,174,538,3.091954023
Bihar,ARWAL,2009,Summer,Moong(Green Gram),74,34,0.459459459
Bihar,ARWAL,2009,Whole Year,Sugarcane,27,1317,48.77777778
Bihar,ARWAL,2009,Winter,Rice,25148,34966,1.39040878
Bihar,ARWAL,2010,Autumn,Maize,325,587,1.806153846
Bihar,ARWAL,2010,Kharif,Arhar/Tur,451,518,1.148558758
Bihar,ARWAL,2010,Kharif,Mesta,4,34,8.5
Bihar,ARWAL,2010,Kharif,Moong(Green Gram),43,28,0.651162791
Bihar,ARWAL,2010,Kharif,Ragi,37,36,0.972972973
Bihar,ARWAL,2010,Kharif,Sesamum,58,46,0.793103448
Bihar,ARWAL,2010,Kharif,Urad,21,18,0.857142857
Bihar,ARWAL,2010,Rabi,Barley,134,122,0.910447761
Bihar,ARWAL,2010,Rabi,Gram,913,789,0.864184009
Bihar,ARWAL,2010,Rabi,Khesari,1128,953,0.844858156
Bihar,ARWAL,2010,Rabi,Linseed,170,139,0.817647059
Bihar,ARWAL,2010,Rabi,Maize,282,1094,3.879432624
Bihar,ARWAL,2010,Rabi,Masoor,2158,1213,0.562094532
Bihar,ARWAL,2010,Rabi,Peas & beans (Pulses),575,595,1.034782609
Bihar,ARWAL,2010,Rabi,Rapeseed &Mustard,386,447,1.158031088
Bihar,ARWAL,2010,Rabi,Sunflower,32,46,1.4375
Bihar,ARWAL,2010,Rabi,Wheat,11051,19217,1.738937653
Bihar,ARWAL,2010,Summer,Maize,168,671,3.994047619
Bihar,ARWAL,2010,Summer,Moong(Green Gram),77,46,0.597402597
Bihar,ARWAL,2010,Whole Year,Sugarcane,32,2148,67.125
Bihar,ARWAL,2010,Winter,Rice,25797,46049,1.785052525
Bihar,ARWAL,2011,Autumn,Maize,351,718,2.045584046
Bihar,ARWAL,2011,Autumn,Rice,6,9,1.5
Bihar,ARWAL,2011,Kharif,Arhar/Tur,442,655,1.481900452
Bihar,ARWAL,2011,Kharif,Castor seed,1,1,1
Bihar,ARWAL,2011,Kharif,Groundnut,1,1,1
Bihar,ARWAL,2011,Kharif,Horse-gram,18,17,0.944444444
Bihar,ARWAL,2011,Kharif,Jute,4,46,11.5
Bihar,ARWAL,2011,Kharif,Mesta,7,87,12.42857143
Bihar,ARWAL,2011,Kharif,Moong(Green Gram),59,50,0.847457627
Bihar,ARWAL,2011,Kharif,Other Kharif pulses,279,209,0.749103943
Bihar,ARWAL,2011,Kharif,Ragi,40,49,1.225
Bihar,ARWAL,2011,Kharif,Sesamum,58,51,0.879310345
Bihar,ARWAL,2011,Kharif,Urad,21,19,0.904761905
Bihar,ARWAL,2011,Rabi,Barley,141,128,0.907801418
Bihar,ARWAL,2011,Rabi,Gram,701,902,1.286733238
Bihar,ARWAL,2011,Rabi,Khesari,1078,1522,1.41187384
Bihar,ARWAL,2011,Rabi,Linseed,160,138,0.8625
Bihar,ARWAL,2011,Rabi,Maize,205,940,4.585365854
Bihar,ARWAL,2011,Rabi,Masoor,2241,1887,0.842034806
Bihar,ARWAL,2011,Rabi,Peas & beans (Pulses),769,793,1.031209363
Bihar,ARWAL,2011,Rabi,Rapeseed &Mustard,335,501,1.495522388
Bihar,ARWAL,2011,Rabi,Sunflower,34,49,1.441176471
Bihar,ARWAL,2011,Rabi,Wheat,10698,27017,2.525425313
Bihar,ARWAL,2011,Summer,Maize,201,898,4.467661692
Bihar,ARWAL,2011,Summer,Moong(Green Gram),68,36,0.529411765
Bihar,ARWAL,2011,Winter,Rice,26272,80558,3.066306334
Bihar,ARWAL,2012,Autumn,Maize,351,1236,3.521367521
Bihar,ARWAL,2012,Autumn,Rice,6,11,1.833333333
Bihar,ARWAL,2012,Kharif,Arhar/Tur,442,529,1.196832579
Bihar,ARWAL,2012,Kharif,Castor seed,1,1,1
Bihar,ARWAL,2012,Kharif,Groundnut,1,1,1
Bihar,ARWAL,2012,Kharif,Horse-gram,18,17,0.944444444
Bihar,ARWAL,2012,Kharif,Jute,4,9,2.25
Bihar,ARWAL,2012,Kharif,Mesta,7,16,2.285714286
Bihar,ARWAL,2012,Kharif,Moong(Green Gram),59,57,0.966101695
Bihar,ARWAL,2012,Kharif,Ragi,40,47,1.175
Bihar,ARWAL,2012,Kharif,Sannhamp,7,6,0.857142857
Bihar,ARWAL,2012,Kharif,Sesamum,42,37,0.880952381
Bihar,ARWAL,2012,Rabi,Barley,141,189,1.340425532
Bihar,ARWAL,2012,Rabi,Gram,701,978,1.395149786
Bihar,ARWAL,2012,Rabi,Khesari,1078,1227,1.138218924
Bihar,ARWAL,2012,Rabi,Linseed,160,139,0.86875
Bihar,ARWAL,2012,Rabi,Maize,205,669,3.263414634
Bihar,ARWAL,2012,Rabi,Masoor,2241,2465,1.099955377
Bihar,ARWAL,2012,Rabi,Peas & beans (Pulses),578,602,1.041522491
Bihar,ARWAL,2012,Rabi,Rapeseed &Mustard,335,353,1.053731343
Bihar,ARWAL,2012,Rabi,Wheat,10698,26385,2.46634885
Bihar,ARWAL,2012,Summer,Maize,201,1095,5.447761194
Bihar,ARWAL,2012,Summer,Moong(Green Gram),68,60,0.882352941
Bihar,ARWAL,2012,Whole Year,Sugarcane,75,4535,60.46666667
Bihar,ARWAL,2012,Winter,Rice,26272,80434,3.06158648
Bihar,ARWAL,2013,Autumn,Maize,327,860,2.629969419
Bihar,ARWAL,2013,Kharif,Arhar/Tur,425,548,1.289411765
Bihar,ARWAL,2013,Kharif,Mesta,4,61,15.25
Bihar,ARWAL,2013,Kharif,Moong(Green Gram),57,56,0.98245614
Bihar,ARWAL,2013,Kharif,Ragi,39,40,1.025641026
Bihar,ARWAL,2013,Kharif,Sannhamp,6,5,0.833333333
Bihar,ARWAL,2013,Kharif,Sesamum,51,45,0.882352941
Bihar,ARWAL,2013,Kharif,Urad,18,16,0.888888889
Bihar,ARWAL,2013,Rabi,Barley,114,129,1.131578947
Bihar,ARWAL,2013,Rabi,Gram,916,1022,1.115720524
Bihar,ARWAL,2013,Rabi,Khesari,1513,1684,1.113020489
Bihar,ARWAL,2013,Rabi,Linseed,165,140,0.848484848
Bihar,ARWAL,2013,Rabi,Maize,269,1224,4.550185874
Bihar,ARWAL,2013,Rabi,Masoor,2212,1962,0.886980108
Bihar,ARWAL,2013,Rabi,Peas & beans (Pulses),576,432,0.75
Bihar,ARWAL,2013,Rabi,Rapeseed &Mustard,344,442,1.284883721
Bihar,ARWAL,2013,Rabi,Wheat,10910,22567,2.068469294
Bihar,ARWAL,2013,Summer,Maize,211,1017,4.819905213
Bihar,ARWAL,2013,Summer,Moong(Green Gram),86,104,1.209302326
Bihar,ARWAL,2013,Whole Year,Sugarcane,38,940,24.73684211
Bihar,ARWAL,2013,Winter,Rice,26580,77450,2.913844996
Bihar,ARWAL,2014,Autumn,Maize,227,569,2.50660793
Bihar,ARWAL,2014,Kharif,Arhar/Tur,82,69,0.841463415
Bihar,ARWAL,2014,Kharif,Moong(Green Gram),51,46,0.901960784
Bihar,ARWAL,2014,Kharif,Other Kharif pulses,38,29,0.763157895
Bihar,ARWAL,2014,Kharif,Ragi,38,56,1.473684211
Bihar,ARWAL,2014,Kharif,Sesamum,16,14,0.875
Bihar,ARWAL,2014,Kharif,Small millets,1,1,1
Bihar,ARWAL,2014,Kharif,Urad,18,16,0.888888889
Bihar,ARWAL,2014,Rabi,Barley,102,112,1.098039216
Bihar,ARWAL,2014,Rabi,Gram,797,880,1.104140527
Bihar,ARWAL,2014,Rabi,Khesari,273,351,1.285714286
Bihar,ARWAL,2014,Rabi,Linseed,375,323,0.861333333
Bihar,ARWAL,2014,Rabi,Maize,277,1006,3.631768953
Bihar,ARWAL,2014,Rabi,Masoor,3624,3196,0.881898455
Bihar,ARWAL,2014,Rabi,Peas & beans (Pulses),861,870,1.010452962
Bihar,ARWAL,2014,Rabi,Rapeseed &Mustard,289,372,1.287197232
Bihar,ARWAL,2014,Rabi,Wheat,10776,18373,1.704992576
Bihar,ARWAL,2014,Summer,Maize,137,577,4.211678832
Bihar,ARWAL,2014,Summer,Moong(Green Gram),80,46,0.575
Bihar,ARWAL,2014,Whole Year,Sugarcane,28,3172,113.2857143
Bihar,ARWAL,2014,Winter,Rice,26045,114539,4.39773469
Bihar,AURANGABAD,1997,Kharif,Arhar/Tur,745,531,0.712751678
Bihar,AURANGABAD,1997,Kharif,Dry ginger,8,11,1.375
Bihar,AURANGABAD,1997,Kharif,Groundnut,1,1,1
Bihar,AURANGABAD,1997,Kharif,Maize,222,274,1.234234234
Bihar,AURANGABAD,1997,Kharif,Other Kharif pulses,2,1,0.5
Bihar,AURANGABAD,1997,Kharif,Sesamum,35,21,0.6
Bihar,AURANGABAD,1997,Rabi,Barley,2004,1400,0.698602794
Bihar,AURANGABAD,1997,Rabi,Gram,6087,4748,0.780023
Bihar,AURANGABAD,1997,Rabi,Linseed,6807,3819,0.561040106
Bihar,AURANGABAD,1997,Rabi,Maize,6,18,3
Bihar,AURANGABAD,1997,Rabi,Other  Rabi pulses,309,211,0.682847896
Bihar,AURANGABAD,1997,Rabi,Rapeseed &Mustard,1213,536,0.441879637
Bihar,AURANGABAD,1997,Rabi,Sunflower,4,4,1
Bihar,AURANGABAD,1997,Rabi,Wheat,35874,63942,1.782405084
Bihar,AURANGABAD,1997,Summer,Maize,25,47,1.88
Bihar,AURANGABAD,1997,Summer,Rice,10,19,1.9
Bihar,AURANGABAD,1997,Whole Year,Coriander,20,10,0.5
Bihar,AURANGABAD,1997,Whole Year,Dry chillies,13,10,0.769230769
Bihar,AURANGABAD,1997,Whole Year,Onion,256,1956,7.640625
Bihar,AURANGABAD,1997,Whole Year,Potato,1554,13567,8.73037323
Bihar,AURANGABAD,1997,Whole Year,Ragi,21,18,0.857142857
Bihar,AURANGABAD,1997,Whole Year,Sugarcane,393,8344,21.23155216
Bihar,AURANGABAD,1997,Whole Year,Sweet potato,26,343,13.19230769
Bihar,AURANGABAD,1997,Whole Year,Turmeric,15,18,1.2
Bihar,AURANGABAD,1997,Winter,Rice,185191,382670,2.066353117
Bihar,AURANGABAD,1998,Kharif,Arhar/Tur,542,1446,2.667896679
Bihar,AURANGABAD,1998,Kharif,Blackgram,26,18,0.692307692
Bihar,AURANGABAD,1998,Kharif,Maize,530,613,1.156603774
Bihar,AURANGABAD,1998,Kharif,Other Kharif pulses,72,39,0.541666667
Bihar,AURANGABAD,1998,Kharif,Ragi,31,26,0.838709677
Bihar,AURANGABAD,1998,Kharif,Sesamum,345,180,0.52173913
Bihar,AURANGABAD,1998,Kharif,Sunflower,6,6,1
Bihar,AURANGABAD,1998,Rabi,Barley,1889,1683,0.890947591
Bihar,AURANGABAD,1998,Rabi,Gram,7026,7925,1.127953316
Bihar,AURANGABAD,1998,Rabi,Linseed,6668,4201,0.630023995
Bihar,AURANGABAD,1998,Rabi,Maize,11,33,3
Bihar,AURANGABAD,1998,Rabi,Other  Rabi pulses,29032,28035,0.965658584
Bihar,AURANGABAD,1998,Rabi,Rapeseed &Mustard,987,1046,1.059777102
Bihar,AURANGABAD,1998,Rabi,Wheat,52265,120615,2.307758538
Bihar,AURANGABAD,1998,Summer,Maize,24,46,1.916666667
Bihar,AURANGABAD,1998,Summer,Rice,6,13,2.166666667
Bihar,AURANGABAD,1998,Whole Year,Coriander,11,7,0.636363636
Bihar,AURANGABAD,1998,Whole Year,Dry chillies,9,7,0.777777778
Bihar,AURANGABAD,1998,Whole Year,Dry ginger,3,4,1.333333333
Bihar,AURANGABAD,1998,Whole Year,Garlic,3,4,1.333333333
Bihar,AURANGABAD,1998,Whole Year,Onion,204,1895,9.289215686
Bihar,AURANGABAD,1998,Whole Year,Potato,1098,13389,12.19398907
Bihar,AURANGABAD,1998,Whole Year,Sannhamp,4,1,0.25
Bihar,AURANGABAD,1998,Whole Year,Sugarcane,556,28873,51.92985612
Bihar,AURANGABAD,1998,Whole Year,Sweet potato,92,995,10.81521739
Bihar,AURANGABAD,1998,Whole Year,Turmeric,3,3,1
Bihar,AURANGABAD,1998,Winter,Rice,147064,288927,1.964634445
Bihar,AURANGABAD,1999,Kharif,Arhar/Tur,768,896,1.166666667
Bihar,AURANGABAD,1999,Kharif,Groundnut,1,1,1
Bihar,AURANGABAD,1999,Kharif,Horse-gram,26,21,0.807692308
Bihar,AURANGABAD,1999,Kharif,Jowar,2062,2837,1.375848691
Bihar,AURANGABAD,1999,Kharif,Maize,364,494,1.357142857
Bihar,AURANGABAD,1999,Kharif,Moong(Green Gram),11,6,0.545454545
Bihar,AURANGABAD,1999,Kharif,Ragi,18,18,1
Bihar,AURANGABAD,1999,Kharif,Sesamum,17,9,0.529411765
Bihar,AURANGABAD,1999,Kharif,Sunflower,325,586,1.803076923
Bihar,AURANGABAD,1999,Kharif,Urad,16,11,0.6875
Bihar,AURANGABAD,1999,Rabi,Gram,5746,6757,1.175948486
Bihar,AURANGABAD,1999,Rabi,Khesari,19524,24503,1.255019463
Bihar,AURANGABAD,1999,Rabi,Linseed,6776,3801,0.560950413
Bihar,AURANGABAD,1999,Rabi,Maize,1,3,3
Bihar,AURANGABAD,1999,Rabi,Masoor,13857,15728,1.135022011
Bihar,AURANGABAD,1999,Rabi,Peas & beans (Pulses),1178,842,0.714770798
Bihar,AURANGABAD,1999,Rabi,Rapeseed &Mustard,760,378,0.497368421
Bihar,AURANGABAD,1999,Rabi,Wheat,44423,92523,2.082772438
Bihar,AURANGABAD,1999,Summer,Maize,13,30,2.307692308
Bihar,AURANGABAD,1999,Whole Year,Coriander,11,6,0.545454545
Bihar,AURANGABAD,1999,Whole Year,Dry chillies,11,10,0.909090909
Bihar,AURANGABAD,1999,Whole Year,Onion,266,3261,12.2593985
Bihar,AURANGABAD,1999,Whole Year,Potato,1225,8356,6.82122449
Bihar,AURANGABAD,1999,Whole Year,Sugarcane,487,20574,42.24640657
Bihar,AURANGABAD,1999,Whole Year,Sweet potato,20,273,13.65
Bihar,AURANGABAD,2000,Autumn,Rice,131312,257321,1.959615267
Bihar,AURANGABAD,2000,Kharif,Arhar/Tur,553,381,0.688969259
Bihar,AURANGABAD,2000,Kharif,Groundnut,1,1,1
Bihar,AURANGABAD,2000,Kharif,Horse-gram,12,9,0.75
Bihar,AURANGABAD,2000,Kharif,Maize,522,376,0.720306513
Bihar,AURANGABAD,2000,Kharif,Mesta,2,15,7.5
Bihar,AURANGABAD,2000,Kharif,Moong(Green Gram),7,3,0.428571429
Bihar,AURANGABAD,2000,Kharif,Other Kharif pulses,9,5,0.555555556
Bihar,AURANGABAD,2000,Kharif,Ragi,33,36,1.090909091
Bihar,AURANGABAD,2000,Kharif,Rice,4,5,1.25
Bihar,AURANGABAD,2000,Kharif,Sesamum,130,72,0.553846154
Bihar,AURANGABAD,2000,Kharif,Sunflower,51,75,1.470588235
Bihar,AURANGABAD,2000,Kharif,Urad,27,13,0.481481481
Bihar,AURANGABAD,2000,Rabi,Barley,2101,2214,1.053783912
Bihar,AURANGABAD,2000,Rabi,Gram,6729,6749,1.00297221
Bihar,AURANGABAD,2000,Rabi,Khesari,20834,17371,0.833781319
Bihar,AURANGABAD,2000,Rabi,Linseed,7426,4701,0.633046054
Bihar,AURANGABAD,2000,Rabi,Maize,3,8,2.666666667
Bihar,AURANGABAD,2000,Rabi,Masoor,15477,15291,0.987982167
Bihar,AURANGABAD,2000,Rabi,Other  Rabi pulses,20,11,0.55
Bihar,AURANGABAD,2000,Rabi,Peas & beans (Pulses),1180,1134,0.961016949
Bihar,AURANGABAD,2000,Rabi,Rapeseed &Mustard,498,261,0.524096386
Bihar,AURANGABAD,2000,Rabi,Wheat,55516,113367,2.042059947
Bihar,AURANGABAD,2000,Summer,Maize,4,12,3
Bihar,AURANGABAD,2000,Whole Year,Coriander,14,9,0.642857143
Bihar,AURANGABAD,2000,Whole Year,Dry chillies,3,3,1
Bihar,AURANGABAD,2000,Whole Year,Garlic,3,4,1.333333333
Bihar,AURANGABAD,2000,Whole Year,Onion,366,3148,8.601092896
Bihar,AURANGABAD,2000,Whole Year,Potato,1212,8153,6.72689769
Bihar,AURANGABAD,2000,Whole Year,Sugarcane,522,23498,45.01532567
Bihar,AURANGABAD,2000,Whole Year,Sweet potato,9,108,12
Bihar,AURANGABAD,2001,Autumn,Maize,384,456,1.1875
Bihar,AURANGABAD,2001,Autumn,Rice,163366,344089,2.106246098
Bihar,AURANGABAD,2001,Kharif,Arhar/Tur,562,724,1.288256228
Bihar,AURANGABAD,2001,Kharif,Dry ginger,3,4,1.333333333
Bihar,AURANGABAD,2001,Kharif,Horse-gram,17,14,0.823529412
Bihar,AURANGABAD,2001,Kharif,Moong(Green Gram),19,13,0.684210526
Bihar,AURANGABAD,2001,Kharif,Other Kharif pulses,82,41,0.5
Bihar,AURANGABAD,2001,Kharif,Ragi,28,25,0.892857143
Bihar,AURANGABAD,2001,Kharif,Sesamum,123,89,0.723577236
Bihar,AURANGABAD,2001,Kharif,Small millets,1,1,1
Bihar,AURANGABAD,2001,Kharif,Sunflower,30,44,1.466666667
Bihar,AURANGABAD,2001,Rabi,Barley,1775,1798,1.012957746
Bihar,AURANGABAD,2001,Rabi,Gram,6347,7737,1.219001103
Bihar,AURANGABAD,2001,Rabi,Khesari,20875,16617,0.796023952
Bihar,AURANGABAD,2001,Rabi,Linseed,6957,4939,0.709932442
Bihar,AURANGABAD,2001,Rabi,Maize,3,10,3.333333333
Bihar,AURANGABAD,2001,Rabi,Masoor,15494,13464,0.868981541
Bihar,AURANGABAD,2001,Rabi,Other  Rabi pulses,20,14,0.7
Bihar,AURANGABAD,2001,Rabi,Peas & beans (Pulses),1003,987,0.984047856
Bihar,AURANGABAD,2001,Rabi,Rapeseed &Mustard,748,448,0.598930481
Bihar,AURANGABAD,2001,Rabi,Safflower,3,2,0.666666667
Bihar,AURANGABAD,2001,Rabi,Wheat,55528,110171,1.984062095
Bihar,AURANGABAD,2001,Summer,Maize,4,10,2.5
Bihar,AURANGABAD,2001,Summer,Rice,743,971,1.306864065
Bihar,AURANGABAD,2001,Whole Year,Coriander,12,7,0.583333333
Bihar,AURANGABAD,2001,Whole Year,Dry chillies,8,8,1
Bihar,AURANGABAD,2001,Whole Year,Garlic,3,4,1.333333333
Bihar,AURANGABAD,2001,Whole Year,Onion,279,3130,11.21863799
Bihar,AURANGABAD,2001,Whole Year,Potato,1729,15141,8.75708502
Bihar,AURANGABAD,2001,Whole Year,Sugarcane,478,21267,44.4916318
Bihar,AURANGABAD,2001,Whole Year,Sweet potato,11,129,11.72727273
Bihar,AURANGABAD,2001,Whole Year,Turmeric,3,4,1.333333333
Bihar,AURANGABAD,2002,Autumn,Maize,505,548,1.085148515
Bihar,AURANGABAD,2002,Kharif,Arhar/Tur,837,1154,1.378733572
Bihar,AURANGABAD,2002,Kharif,Castor seed,219,216,0.98630137
Bihar,AURANGABAD,2002,Kharif,Horse-gram,52,41,0.788461538
Bihar,AURANGABAD,2002,Kharif,Moong(Green Gram),25,8,0.32
Bihar,AURANGABAD,2002,Kharif,Other Kharif pulses,109,60,0.550458716
Bihar,AURANGABAD,2002,Kharif,Ragi,47,32,0.680851064
Bihar,AURANGABAD,2002,Kharif,Sesamum,17,15,0.882352941
Bihar,AURANGABAD,2002,Kharif,Small millets,6,4,0.666666667
Bihar,AURANGABAD,2002,Kharif,Sunflower,3,4,1.333333333
Bihar,AURANGABAD,2002,Kharif,Urad,26,18,0.692307692
Bihar,AURANGABAD,2002,Rabi,Barley,2280,2503,1.097807018
Bihar,AURANGABAD,2002,Rabi,Gram,7279,6355,0.873059486
Bihar,AURANGABAD,2002,Rabi,Khesari,17897,12349,0.690003911
Bihar,AURANGABAD,2002,Rabi,Linseed,4176,3174,0.760057471
Bihar,AURANGABAD,2002,Rabi,Maize,35,91,2.6
Bihar,AURANGABAD,2002,Rabi,Masoor,12720,10405,0.818003145
Bihar,AURANGABAD,2002,Rabi,Peas & beans (Pulses),1154,1031,0.893414211
Bihar,AURANGABAD,2002,Rabi,Rapeseed &Mustard,494,282,0.570850202
Bihar,AURANGABAD,2002,Rabi,Wheat,57409,121475,2.115957428
Bihar,AURANGABAD,2002,Summer,Maize,3,9,3
Bihar,AURANGABAD,2002,Summer,Moong(Green Gram),1,1,1
Bihar,AURANGABAD,2002,Whole Year,Coriander,6,4,0.666666667
Bihar,AURANGABAD,2002,Whole Year,Dry chillies,8,5,0.625
Bihar,AURANGABAD,2002,Whole Year,Dry ginger,1,1,1
Bihar,AURANGABAD,2002,Whole Year,Garlic,3,4,1.333333333
Bihar,AURANGABAD,2002,Whole Year,Onion,226,1058,4.681415929
Bihar,AURANGABAD,2002,Whole Year,Potato,1554,14384,9.256113256
Bihar,AURANGABAD,2002,Whole Year,Sugarcane,413,19058,46.14527845
Bihar,AURANGABAD,2002,Whole Year,Sweet potato,51,591,11.58823529
Bihar,AURANGABAD,2002,Winter,Rice,176397,334134,1.894215888
Bihar,AURANGABAD,2003,Kharif,Arhar/Tur,436,579,1.327981651
Bihar,AURANGABAD,2003,Kharif,Horse-gram,18,13,0.722222222
Bihar,AURANGABAD,2003,Kharif,Maize,418,714,1.708133971
Bihar,AURANGABAD,2003,Kharif,Moong(Green Gram),9,6,0.666666667
Bihar,AURANGABAD,2003,Kharif,Other Kharif pulses,32,7,0.21875
Bihar,AURANGABAD,2003,Kharif,Ragi,35,24,0.685714286
Bihar,AURANGABAD,2003,Kharif,Sesamum,25,12,0.48
Bihar,AURANGABAD,2003,Kharif,Small millets,1,1,1
Bihar,AURANGABAD,2003,Kharif,Sunflower,4,6,1.5
Bihar,AURANGABAD,2003,Kharif,Urad,5,4,0.8
Bihar,AURANGABAD,2003,Rabi,Barley,2461,2284,0.928078017
Bihar,AURANGABAD,2003,Rabi,Gram,6689,6348,0.94902078
Bihar,AURANGABAD,2003,Rabi,Khesari,17440,15086,0.865022936
Bihar,AURANGABAD,2003,Rabi,Linseed,8273,6486,0.783996132
Bihar,AURANGABAD,2003,Rabi,Maize,20,61,3.05
Bihar,AURANGABAD,2003,Rabi,Masoor,14759,12693,0.860017616
Bihar,AURANGABAD,2003,Rabi,Peas & beans (Pulses),1181,1103,0.933954276
Bihar,AURANGABAD,2003,Rabi,Rapeseed &Mustard,710,483,0.68028169
Bihar,AURANGABAD,2003,Rabi,Wheat,53655,111218,2.07283571
Bihar,AURANGABAD,2003,Summer,Maize,20,55,2.75
Bihar,AURANGABAD,2003,Whole Year,Coriander,6,4,0.666666667
Bihar,AURANGABAD,2003,Whole Year,Dry chillies,2,1,0.5
Bihar,AURANGABAD,2003,Whole Year,Garlic,4,6,1.5
Bihar,AURANGABAD,2003,Whole Year,Onion,434,3702,8.529953917
Bihar,AURANGABAD,2003,Whole Year,Potato,955,8740,9.151832461
Bihar,AURANGABAD,2003,Whole Year,Sugarcane,230,9815,42.67391304
Bihar,AURANGABAD,2003,Whole Year,Sweet potato,1,8,8
Bihar,AURANGABAD,2003,Winter,Rice,173050,312702,1.807003756
Bihar,AURANGABAD,2004,Kharif,Arhar/Tur,765,1169,1.528104575
Bihar,AURANGABAD,2004,Kharif,Groundnut,10,5,0.5
Bihar,AURANGABAD,2004,Kharif,Maize,431,501,1.162412993
Bihar,AURANGABAD,2004,Kharif,Moong(Green Gram),15,6,0.4
Bihar,AURANGABAD,2004,Kharif,Other Kharif pulses,73,40,0.547945205
Bihar,AURANGABAD,2004,Kharif,Ragi,36,24,0.666666667
Bihar,AURANGABAD,2004,Kharif,Sesamum,38,24,0.631578947
Bihar,AURANGABAD,2004,Kharif,Small millets,1,1,1
Bihar,AURANGABAD,2004,Kharif,Urad,5,4,0.8
Bihar,AURANGABAD,2004,Rabi,Barley,1224,1264,1.032679739
Bihar,AURANGABAD,2004,Rabi,Gram,5455,4113,0.753987168
Bihar,AURANGABAD,2004,Rabi,Khesari,14451,9090,0.629022213
Bihar,AURANGABAD,2004,Rabi,Linseed,5440,4586,0.843014706
Bihar,AURANGABAD,2004,Rabi,Maize,7,22,3.142857143
Bihar,AURANGABAD,2004,Rabi,Masoor,12719,8216,0.645962733
Bihar,AURANGABAD,2004,Rabi,Other  Rabi pulses,1,1,1
Bihar,AURANGABAD,2004,Rabi,Peas & beans (Pulses),1269,1117,0.880220646
Bihar,AURANGABAD,2004,Rabi,Rapeseed &Mustard,622,349,0.561093248
Bihar,AURANGABAD,2004,Rabi,Wheat,52479,74460,1.418853256
Bihar,AURANGABAD,2004,Summer,Maize,12,40,3.333333333
Bihar,AURANGABAD,2004,Whole Year,Coriander,2,1,0.5
Bihar,AURANGABAD,2004,Whole Year,Dry chillies,2,1,0.5
Bihar,AURANGABAD,2004,Whole Year,Onion,246,2044,8.308943089
Bihar,AURANGABAD,2004,Whole Year,Potato,1163,7484,6.435081685
Bihar,AURANGABAD,2004,Whole Year,Sugarcane,231,8306,35.95670996
Bihar,AURANGABAD,2004,Whole Year,Sweet potato,4,38,9.5
Bihar,AURANGABAD,2004,Winter,Rice,105259,120193,1.141878604
Bihar,AURANGABAD,2005,Kharif,Arhar/Tur,950,973,1.024210526
Bihar,AURANGABAD,2005,Kharif,Bajra,4,4,1
Bihar,AURANGABAD,2005,Kharif,Horse-gram,13,11,0.846153846
Bihar,AURANGABAD,2005,Kharif,Maize,787,1112,1.41296061
Bihar,AURANGABAD,2005,Kharif,Mesta,1,10,10
Bihar,AURANGABAD,2005,Kharif,Moong(Green Gram),9,3,0.333333333
Bihar,AURANGABAD,2005,Kharif,Other Kharif pulses,223,129,0.578475336
Bihar,AURANGABAD,2005,Kharif,Ragi,15,14,0.933333333
Bihar,AURANGABAD,2005,Kharif,Sesamum,15,12,0.8
Bihar,AURANGABAD,2005,Kharif,Urad,30,23,0.766666667
Bihar,AURANGABAD,2005,Rabi,Barley,1100,562,0.510909091
Bihar,AURANGABAD,2005,Rabi,Gram,5843,3962,0.678076331
Bihar,AURANGABAD,2005,Rabi,Khesari,13644,7900,0.579009088
Bihar,AURANGABAD,2005,Rabi,Linseed,4319,3697,0.855985182
Bihar,AURANGABAD,2005,Rabi,Maize,10,30,3
Bihar,AURANGABAD,2005,Rabi,Masoor,10780,5627,0.521985158
Bihar,AURANGABAD,2005,Rabi,Peas & beans (Pulses),1258,1157,0.919713831
Bihar,AURANGABAD,2005,Rabi,Rapeseed &Mustard,593,439,0.740303541
Bihar,AURANGABAD,2005,Rabi,Wheat,47871,55319,1.155584801
Bihar,AURANGABAD,2005,Summer,Moong(Green Gram),15,9,0.6
Bihar,AURANGABAD,2005,Whole Year,Coriander,4,3,0.75
Bihar,AURANGABAD,2005,Whole Year,Dry chillies,7,7,1
Bihar,AURANGABAD,2005,Whole Year,Dry ginger,1,2,2
Bihar,AURANGABAD,2005,Whole Year,Garlic,6,9,1.5
Bihar,AURANGABAD,2005,Whole Year,Onion,1317,10352,7.860288535
Bihar,AURANGABAD,2005,Whole Year,Potato,1497,9143,6.10754843
Bihar,AURANGABAD,2005,Whole Year,Sannhamp,2,2,1
Bihar,AURANGABAD,2005,Whole Year,Sugarcane,223,5866,26.30493274
Bihar,AURANGABAD,2005,Whole Year,Sweet potato,4,60,15
Bihar,AURANGABAD,2005,Whole Year,Turmeric,2,2,1
Bihar,AURANGABAD,2005,Winter,Rice,118145,158354,1.340336028
Bihar,AURANGABAD,2006,Kharif,Arhar/Tur,1145,2252,1.966812227
Bihar,AURANGABAD,2006,Kharif,Maize,572,935,1.634615385
Bihar,AURANGABAD,2006,Kharif,Moong(Green Gram),17,12,0.705882353
Bihar,AURANGABAD,2006,Kharif,Ragi,13,11,0.846153846
Bihar,AURANGABAD,2006,Kharif,Sannhamp,1,1,1
Bihar,AURANGABAD,2006,Kharif,Sesamum,24,18,0.75
Bihar,AURANGABAD,2006,Kharif,Urad,3,2,0.666666667
Bihar,AURANGABAD,2006,Rabi,Barley,1562,1250,0.800256082
Bihar,AURANGABAD,2006,Rabi,Gram,6294,7144,1.135049253
Bihar,AURANGABAD,2006,Rabi,Khesari,15190,12699,0.836010533
Bihar,AURANGABAD,2006,Rabi,Linseed,5312,4510,0.849021084
Bihar,AURANGABAD,2006,Rabi,Maize,7,25,3.571428571
Bihar,AURANGABAD,2006,Rabi,Masoor,14345,12451,0.867967933
Bihar,AURANGABAD,2006,Rabi,Peas & beans (Pulses),1194,1110,0.929648241
Bihar,AURANGABAD,2006,Rabi,Rapeseed &Mustard,825,695,0.842424242
Bihar,AURANGABAD,2006,Rabi,Wheat,61320,124774,2.034801044
Bihar,AURANGABAD,2006,Summer,Maize,12,39,3.25
Bihar,AURANGABAD,2006,Summer,Moong(Green Gram),15,8,0.533333333
Bihar,AURANGABAD,2006,Winter,Rice,171133,444650,2.59827152
Bihar,AURANGABAD,2007,Autumn,Maize,500,729,1.458
Bihar,AURANGABAD,2007,Kharif,Arhar/Tur,1258,1372,1.090620032
Bihar,AURANGABAD,2007,Kharif,Moong(Green Gram),20,16,0.8
Bihar,AURANGABAD,2007,Kharif,Other Kharif pulses,18,11,0.611111111
Bihar,AURANGABAD,2007,Kharif,Ragi,14,8,0.571428571
Bihar,AURANGABAD,2007,Kharif,Sesamum,31,25,0.806451613
Bihar,AURANGABAD,2007,Kharif,Small millets,30,22,0.733333333
Bihar,AURANGABAD,2007,Kharif,Urad,1,1,1
Bihar,AURANGABAD,2007,Rabi,Barley,1252,1368,1.092651757
Bihar,AURANGABAD,2007,Rabi,Gram,6814,7352,1.078955092
Bihar,AURANGABAD,2007,Rabi,Khesari,14481,11237,0.775982322
Bihar,AURANGABAD,2007,Rabi,Linseed,5631,4645,0.824897887
Bihar,AURANGABAD,2007,Rabi,Maize,1,4,4
Bihar,AURANGABAD,2007,Rabi,Masoor,14082,11322,0.804005113
Bihar,AURANGABAD,2007,Rabi,Peas & beans (Pulses),1454,1566,1.077028886
Bihar,AURANGABAD,2007,Rabi,Rapeseed &Mustard,967,830,0.858324716
Bihar,AURANGABAD,2007,Rabi,Sunflower,3,5,1.666666667
Bihar,AURANGABAD,2007,Rabi,Wheat,64344,121554,1.889127191
Bihar,AURANGABAD,2007,Summer,Maize,8,27,3.375
Bihar,AURANGABAD,2007,Summer,Moong(Green Gram),16,10,0.625
Bihar,AURANGABAD,2007,Whole Year,Coriander,7,5,0.714285714
Bihar,AURANGABAD,2007,Whole Year,Dry chillies,5,7,1.4
Bihar,AURANGABAD,2007,Whole Year,Garlic,13,19,1.461538462
Bihar,AURANGABAD,2007,Whole Year,Onion,374,4507,12.05080214
Bihar,AURANGABAD,2007,Whole Year,Potato,2431,12337,5.07486631
Bihar,AURANGABAD,2007,Whole Year,Sugarcane,279,10190,36.52329749
Bihar,AURANGABAD,2007,Whole Year,Sweet potato,3,39,13
Bihar,AURANGABAD,2007,Whole Year,Turmeric,1,1,1
Bihar,AURANGABAD,2007,Winter,Rice,169057,425365,2.516104036
Bihar,AURANGABAD,2008,Autumn,Maize,77,88,1.142857143
Bihar,AURANGABAD,2008,Kharif,Arhar/Tur,1256,1451,1.155254777
Bihar,AURANGABAD,2008,Kharif,Moong(Green Gram),20,11,0.55
Bihar,AURANGABAD,2008,Kharif,Other Kharif pulses,18,10,0.555555556
Bihar,AURANGABAD,2008,Kharif,Potato,764,5730,7.5
Bihar,AURANGABAD,2008,Kharif,Ragi,14,11,0.785714286
Bihar,AURANGABAD,2008,Kharif,Sesamum,30,24,0.8
Bihar,AURANGABAD,2008,Kharif,Small millets,30,22,0.733333333
Bihar,AURANGABAD,2008,Kharif,Urad,1,,
Bihar,AURANGABAD,2008,Rabi,Barley,1229,805,0.655004068
Bihar,AURANGABAD,2008,Rabi,Gram,6789,5390,0.79393136
Bihar,AURANGABAD,2008,Rabi,Khesari,14486,7562,0.522021262
Bihar,AURANGABAD,2008,Rabi,Linseed,4889,4136,0.845980773
Bihar,AURANGABAD,2008,Rabi,Maize,1,4,4
Bihar,AURANGABAD,2008,Rabi,Masoor,14082,8125,0.576977702
Bihar,AURANGABAD,2008,Rabi,Peas & beans (Pulses),1439,1384,0.961779013
Bihar,AURANGABAD,2008,Rabi,Potato,1568,9502,6.05994898
Bihar,AURANGABAD,2008,Rabi,Rapeseed &Mustard,851,621,0.72972973
Bihar,AURANGABAD,2008,Rabi,Sunflower,3,5,1.666666667
Bihar,AURANGABAD,2008,Rabi,Sweet potato,3,44,14.66666667
Bihar,AURANGABAD,2008,Rabi,Wheat,95363,107196,1.124083764
Bihar,AURANGABAD,2008,Summer,Maize,3,10,3.333333333
Bihar,AURANGABAD,2008,Summer,Moong(Green Gram),5,3,0.6
Bihar,AURANGABAD,2008,Whole Year,Dry chillies,4,6,1.5
Bihar,AURANGABAD,2008,Whole Year,Garlic,13,21,1.615384615
Bihar,AURANGABAD,2008,Whole Year,Onion,374,2745,7.339572193
Bihar,AURANGABAD,2008,Whole Year,Sugarcane,279,10745,38.5125448
Bihar,AURANGABAD,2008,Whole Year,Turmeric,2,2,1
Bihar,AURANGABAD,2008,Winter,Rice,165979,240569,1.4493942
Bihar,AURANGABAD,2009,Autumn,Maize,300,394,1.313333333
Bihar,AURANGABAD,2009,Kharif,Arhar/Tur,809,1264,1.562422744
Bihar,AURANGABAD,2009,Kharif,Moong(Green Gram),1,1,1
Bihar,AURANGABAD,2009,Kharif,Other Kharif pulses,8,6,0.75
Bihar,AURANGABAD,2009,Kharif,Ragi,3,2,0.666666667
Bihar,AURANGABAD,2009,Kharif,Urad,1,1,1
Bihar,AURANGABAD,2009,Rabi,Barley,844,577,0.683649289
Bihar,AURANGABAD,2009,Rabi,Gram,7726,7139,0.92402278
Bihar,AURANGABAD,2009,Rabi,Khesari,14096,9247,0.656001703
Bihar,AURANGABAD,2009,Rabi,Linseed,5519,4669,0.845986592
Bihar,AURANGABAD,2009,Rabi,Masoor,16277,11329,0.696012779
Bihar,AURANGABAD,2009,Rabi,Peas & beans (Pulses),979,980,1.00102145
Bihar,AURANGABAD,2009,Rabi,Rapeseed &Mustard,1141,1193,1.045574058
Bihar,AURANGABAD,2009,Rabi,Sunflower,2,3,1.5
Bihar,AURANGABAD,2009,Rabi,Wheat,62504,93299,1.492688468
Bihar,AURANGABAD,2009,Summer,Maize,9,28,3.111111111
Bihar,AURANGABAD,2009,Summer,Moong(Green Gram),7,3,0.428571429
Bihar,AURANGABAD,2009,Whole Year,Sugarcane,91,4423,48.6043956
Bihar,AURANGABAD,2009,Winter,Rice,141357,199191,1.409134319
Bihar,AURANGABAD,2010,Autumn,Maize,275,480,1.745454545
Bihar,AURANGABAD,2010,Kharif,Arhar/Tur,401,766,1.910224439
Bihar,AURANGABAD,2010,Kharif,Moong(Green Gram),1,1,1
Bihar,AURANGABAD,2010,Kharif,Ragi,2,2,1
Bihar,AURANGABAD,2010,Kharif,Sesamum,11,9,0.818181818
Bihar,AURANGABAD,2010,Rabi,Barley,1062,818,0.770244821
Bihar,AURANGABAD,2010,Rabi,Gram,6346,5381,0.847935708
Bihar,AURANGABAD,2010,Rabi,Khesari,13888,10916,0.786002304
Bihar,AURANGABAD,2010,Rabi,Linseed,4000,3272,0.818
Bihar,AURANGABAD,2010,Rabi,Masoor,14073,14495,1.029986499
Bihar,AURANGABAD,2010,Rabi,Peas & beans (Pulses),698,722,1.034383954
Bihar,AURANGABAD,2010,Rabi,Rapeseed &Mustard,1155,908,0.786147186
Bihar,AURANGABAD,2010,Rabi,Wheat,56136,113009,2.01312883
Bihar,AURANGABAD,2010,Summer,Maize,9,36,4
Bihar,AURANGABAD,2010,Summer,Moong(Green Gram),6,4,0.666666667
Bihar,AURANGABAD,2010,Whole Year,Sugarcane,895,60075,67.12290503
Bihar,AURANGABAD,2010,Winter,Rice,125655,178033,1.41683976
Bihar,AURANGABAD,2011,Autumn,Maize,490,889,1.814285714
Bihar,AURANGABAD,2011,Kharif,Arhar/Tur,1490,2543,1.706711409
Bihar,AURANGABAD,2011,Kharif,Other Kharif pulses,113,85,0.752212389
Bihar,AURANGABAD,2011,Kharif,Ragi,1,1,1
Bihar,AURANGABAD,2011,Kharif,Sesamum,7,6,0.857142857
Bihar,AURANGABAD,2011,Rabi,Barley,1132,876,0.77385159
Bihar,AURANGABAD,2011,Rabi,Gram,7719,9819,1.272055966
Bihar,AURANGABAD,2011,Rabi,Khesari,14838,16203,1.09199353
Bihar,AURANGABAD,2011,Rabi,Linseed,6837,5914,0.864999269
Bihar,AURANGABAD,2011,Rabi,Masoor,17237,17030,0.98799095
Bihar,AURANGABAD,2011,Rabi,Peas & beans (Pulses),966,996,1.031055901
Bihar,AURANGABAD,2011,Rabi,Rapeseed &Mustard,1635,1630,0.996941896
Bihar,AURANGABAD,2011,Rabi,Wheat,73196,165751,2.264481666
Bihar,AURANGABAD,2011,Winter,Rice,176162,581968,3.303595554
Bihar,AURANGABAD,2012,Autumn,Maize,477,1592,3.337526205
Bihar,AURANGABAD,2012,Kharif,Arhar/Tur,1177,2275,1.932880204
Bihar,AURANGABAD,2012,Kharif,Horse-gram,1,1,1
Bihar,AURANGABAD,2012,Kharif,Moong(Green Gram),186,112,0.602150538
Bihar,AURANGABAD,2012,Kharif,Other Kharif pulses,2,2,1
Bihar,AURANGABAD,2012,Kharif,Ragi,10,12,1.2
Bihar,AURANGABAD,2012,Kharif,Sesamum,13,12,0.923076923
Bihar,AURANGABAD,2012,Kharif,Small millets,7,5,0.714285714
Bihar,AURANGABAD,2012,Kharif,Urad,41,35,0.853658537
Bihar,AURANGABAD,2012,Rabi,Barley,1122,1164,1.037433155
Bihar,AURANGABAD,2012,Rabi,Gram,7474,7212,0.964945143
Bihar,AURANGABAD,2012,Rabi,Khesari,12814,13391,1.045028875
Bihar,AURANGABAD,2012,Rabi,Linseed,5301,4596,0.867006225
Bihar,AURANGABAD,2012,Rabi,Maize,3,10,3.333333333
Bihar,AURANGABAD,2012,Rabi,Masoor,16311,15495,0.949972411
Bihar,AURANGABAD,2012,Rabi,Peas & beans (Pulses),1584,1649,1.041035354
Bihar,AURANGABAD,2012,Rabi,Rapeseed &Mustard,2134,1829,0.857075914
Bihar,AURANGABAD,2012,Rabi,Wheat,97579,209517,2.147152564
Bihar,AURANGABAD,2012,Summer,Maize,5,19,3.8
Bihar,AURANGABAD,2012,Summer,Moong(Green Gram),2,2,1
Bihar,AURANGABAD,2012,Whole Year,Sugarcane,157,9492,60.45859873
Bihar,AURANGABAD,2012,Winter,Rice,179922,615087,3.418631407
Bihar,AURANGABAD,2013,Autumn,Maize,338,781,2.310650888
Bihar,AURANGABAD,2013,Kharif,Arhar/Tur,1174,2179,1.8560477
Bihar,AURANGABAD,2013,Kharif,Horse-gram,2,2,1
Bihar,AURANGABAD,2013,Kharif,Moong(Green Gram),199,122,0.613065327
Bihar,AURANGABAD,2013,Kharif,Other Kharif pulses,1,1,1
Bihar,AURANGABAD,2013,Kharif,Ragi,9,9,1
Bihar,AURANGABAD,2013,Kharif,Sesamum,9,8,0.888888889
Bihar,AURANGABAD,2013,Kharif,Small millets,5,4,0.8
Bihar,AURANGABAD,2013,Kharif,Urad,37,34,0.918918919
Bihar,AURANGABAD,2013,Rabi,Barley,936,1234,1.318376068
Bihar,AURANGABAD,2013,Rabi,Gram,7063,5523,0.781962339
Bihar,AURANGABAD,2013,Rabi,Khesari,11580,7122,0.615025907
Bihar,AURANGABAD,2013,Rabi,Linseed,5649,4802,0.850061958
Bihar,AURANGABAD,2013,Rabi,Masoor,15502,11192,0.721971359
Bihar,AURANGABAD,2013,Rabi,Peas & beans (Pulses),1513,1135,0.750165235
Bihar,AURANGABAD,2013,Rabi,Rapeseed &Mustard,1832,1931,1.054039301
Bihar,AURANGABAD,2013,Rabi,Wheat,76219,229422,3.010036867
Bihar,AURANGABAD,2013,Summer,Maize,5,24,4.8
Bihar,AURANGABAD,2013,Summer,Moong(Green Gram),4,5,1.25
Bihar,AURANGABAD,2013,Whole Year,Sugarcane,143,3537,24.73426573
Bihar,AURANGABAD,2013,Winter,Rice,139722,514563,3.682762915
Bihar,AURANGABAD,2014,Autumn,Maize,339,672,1.982300885
Bihar,AURANGABAD,2014,Kharif,Arhar/Tur,1175,2520,2.144680851
Bihar,AURANGABAD,2014,Kharif,Horse-gram,7,7,1
Bihar,AURANGABAD,2014,Kharif,Other Kharif pulses,5,4,0.8
Bihar,AURANGABAD,2014,Kharif,Ragi,9,13,1.444444444
Bihar,AURANGABAD,2014,Kharif,Sesamum,27,23,0.851851852
Bihar,AURANGABAD,2014,Kharif,Small millets,4,3,0.75
Bihar,AURANGABAD,2014,Rabi,Barley,1159,1320,1.138912856
Bihar,AURANGABAD,2014,Rabi,Gram,7599,6543,0.861034347
Bihar,AURANGABAD,2014,Rabi,Khesari,12126,9216,0.760019792
Bihar,AURANGABAD,2014,Rabi,Linseed,4036,3475,0.861000991
Bihar,AURANGABAD,2014,Rabi,Maize,8,29,3.625
Bihar,AURANGABAD,2014,Rabi,Masoor,13612,9474,0.696003526
Bihar,AURANGABAD,2014,Rabi,Peas & beans (Pulses),1053,1064,1.010446344
Bihar,AURANGABAD,2014,Rabi,Rapeseed &Mustard,2281,1679,0.736080666
Bihar,AURANGABAD,2014,Rabi,Wheat,79123,160183,2.024480872
Bihar,AURANGABAD,2014,Summer,Maize,2,9,4.5
Bihar,AURANGABAD,2014,Summer,Moong(Green Gram),3,2,0.666666667
Bihar,AURANGABAD,2014,Whole Year,Sugarcane,132,14896,112.8484848
Bihar,AURANGABAD,2014,Winter,Rice,164023,619195,3.775049841
Bihar,BANKA,1997,Autumn,Rice,38,59,1.552631579
Bihar,BANKA,1997,Kharif,Arhar/Tur,691,495,0.716353111
Bihar,BANKA,1997,Kharif,Castor seed,20,16,0.8
Bihar,BANKA,1997,Kharif,Maize,9135,6725,0.736179529
Bihar,BANKA,1997,Kharif,Mesta,160,1087,6.79375
Bihar,BANKA,1997,Kharif,Other Kharif pulses,300,140,0.466666667
Bihar,BANKA,1997,Kharif,Sesamum,26,16,0.615384615
Bihar,BANKA,1997,Rabi,Barley,1974,1913,0.969098278
Bihar,BANKA,1997,Rabi,Gram,4176,2359,0.564894636
Bihar,BANKA,1997,Rabi,Linseed,1716,963,0.561188811
Bihar,BANKA,1997,Rabi,Maize,1362,3295,2.419236417
Bihar,BANKA,1997,Rabi,Other  Rabi pulses,47,26,0.553191489
Bihar,BANKA,1997,Rabi,Rapeseed &Mustard,848,684,0.806603774
Bihar,BANKA,1997,Rabi,Sunflower,1,1,1
Bihar,BANKA,1997,Rabi,Wheat,24063,36121,1.501101276
Bihar,BANKA,1997,Summer,Maize,1475,3060,2.074576271
Bihar,BANKA,1997,Summer,Rice,480,808,1.683333333
Bihar,BANKA,1997,Whole Year,Dry chillies,12,10,0.833333333
Bihar,BANKA,1997,Whole Year,Garlic,2,3,1.5
Bihar,BANKA,1997,Whole Year,Onion,111,847,7.630630631
Bihar,BANKA,1997,Whole Year,Potato,1501,11656,7.765489674
Bihar,BANKA,1997,Whole Year,Ragi,112,98,0.875
Bihar,BANKA,1997,Whole Year,Sannhamp,237,141,0.594936709
Bihar,BANKA,1997,Whole Year,Sugarcane,1305,66105,50.65517241
Bihar,BANKA,1997,Winter,Rice,98943,159067,1.607662998
Bihar,BANKA,1998,Kharif,Arhar/Tur,1214,1827,1.504942339
Bihar,BANKA,1998,Kharif,Bajra,44,26,0.590909091
Bihar,BANKA,1998,Kharif,Blackgram,6,5,0.833333333
Bihar,BANKA,1998,Kharif,Maize,7782,7888,1.013621177
Bihar,BANKA,1998,Kharif,Mesta,8,50,6.25
Bihar,BANKA,1998,Kharif,Other Kharif pulses,3453,1959,0.567332754
Bihar,BANKA,1998,Kharif,Sesamum,35,18,0.514285714
Bihar,BANKA,1998,Kharif,Small millets,9,5,0.555555556
Bihar,BANKA,1998,Rabi,Barley,1772,3340,1.884875847
Bihar,BANKA,1998,Rabi,Gram,3193,2309,0.723144378
Bihar,BANKA,1998,Rabi,Linseed,1063,670,0.630291627
Bihar,BANKA,1998,Rabi,Maize,2523,4014,1.590963139
Bihar,BANKA,1998,Rabi,Other  Rabi pulses,2818,1670,0.592618879
Bihar,BANKA,1998,Rabi,Rapeseed &Mustard,624,597,0.956730769
Bihar,BANKA,1998,Rabi,Safflower,5,3,0.6
Bihar,BANKA,1998,Rabi,Wheat,27786,37804,1.36054128
Bihar,BANKA,1998,Summer,Maize,2108,2650,1.25711575
Bihar,BANKA,1998,Summer,Rice,378,743,1.965608466
Bihar,BANKA,1998,Whole Year,Dry chillies,3,3,1
Bihar,BANKA,1998,Whole Year,Onion,130,1162,8.938461538
Bihar,BANKA,1998,Whole Year,Potato,2564,21898,8.540561622
Bihar,BANKA,1998,Whole Year,Sannhamp,603,342,0.567164179
Bihar,BANKA,1998,Whole Year,Sugarcane,945,46902,49.63174603
Bihar,BANKA,1998,Winter,Rice,110968,163419,1.472667796
Bihar,BANKA,1999,Kharif,Arhar/Tur,1895,1675,0.883905013
Bihar,BANKA,1999,Kharif,Horse-gram,1215,961,0.790946502
Bihar,BANKA,1999,Kharif,Jowar,1073,725,0.675675676
Bihar,BANKA,1999,Kharif,Maize,10021,11632,1.160762399
Bihar,BANKA,1999,Kharif,Moong(Green Gram),576,292,0.506944444
Bihar,BANKA,1999,Kharif,Rice,89,114,1.280898876
Bihar,BANKA,1999,Kharif,Sesamum,20,10,0.5
Bihar,BANKA,1999,Kharif,Urad,338,259,0.766272189
Bihar,BANKA,1999,Rabi,Gram,4251,3443,0.809927076
Bihar,BANKA,1999,Rabi,Khesari,1451,1148,0.791178498
Bihar,BANKA,1999,Rabi,Linseed,1245,698,0.56064257
Bihar,BANKA,1999,Rabi,Maize,3238,4135,1.277022854
Bihar,BANKA,1999,Rabi,Masoor,2882,1620,0.562109646
Bihar,BANKA,1999,Rabi,Moong(Green Gram),1288,710,0.551242236
Bihar,BANKA,1999,Rabi,Other  Rabi pulses,4,3,0.75
Bihar,BANKA,1999,Rabi,Peas & beans (Pulses),198,142,0.717171717
Bihar,BANKA,1999,Rabi,Rapeseed &Mustard,915,810,0.885245902
Bihar,BANKA,1999,Rabi,Safflower,3,2,0.666666667
Bihar,BANKA,1999,Rabi,Wheat,40698,60233,1.479999017
Bihar,BANKA,1999,Summer,Maize,3429,8486,2.474773987
Bihar,BANKA,1999,Summer,Rice,65,121,1.861538462
Bihar,BANKA,1999,Whole Year,Onion,156,1623,10.40384615
Bihar,BANKA,1999,Whole Year,Potato,2156,19844,9.204081633
Bihar,BANKA,1999,Whole Year,Sugarcane,1044,42407,40.6197318
Bihar,BANKA,2000,Autumn,Rice,121873,138302,1.134804263
Bihar,BANKA,2000,Kharif,Arhar/Tur,1055,704,0.667298578
Bihar,BANKA,2000,Kharif,Bajra,2,2,1
Bihar,BANKA,2000,Kharif,Horse-gram,2157,1667,0.772832638
Bihar,BANKA,2000,Kharif,Maize,11579,15486,1.337421194
Bihar,BANKA,2000,Kharif,Moong(Green Gram),605,613,1.01322314
Bihar,BANKA,2000,Kharif,Other Kharif pulses,542,277,0.511070111
Bihar,BANKA,2000,Kharif,Rice,1,2,2
Bihar,BANKA,2000,Kharif,Sesamum,50,28,0.56
Bihar,BANKA,2000,Kharif,Urad,291,185,0.635738832
Bihar,BANKA,2000,Rabi,Barley,1083,1369,1.264081256
Bihar,BANKA,2000,Rabi,Gram,2938,2256,0.767869299
Bihar,BANKA,2000,Rabi,Khesari,420,384,0.914285714
Bihar,BANKA,2000,Rabi,Linseed,1212,827,0.682343234
Bihar,BANKA,2000,Rabi,Maize,2166,5976,2.75900277
Bihar,BANKA,2000,Rabi,Masoor,1538,1055,0.685955787
Bihar,BANKA,2000,Rabi,Moong(Green Gram),713,414,0.580645161
Bihar,BANKA,2000,Rabi,Other  Rabi pulses,350,479,1.368571429
Bihar,BANKA,2000,Rabi,Peas & beans (Pulses),198,191,0.964646465
Bihar,BANKA,2000,Rabi,Rapeseed &Mustard,980,999,1.019387755
Bihar,BANKA,2000,Rabi,Safflower,12,10,0.833333333
Bihar,BANKA,2000,Rabi,Wheat,36107,47416,1.313207965
Bihar,BANKA,2000,Summer,Maize,2580,8887,3.444573643
Bihar,BANKA,2000,Summer,Rice,48,89,1.854166667
Bihar,BANKA,2000,Whole Year,Coriander,2,1,0.5
Bihar,BANKA,2000,Whole Year,Dry chillies,5,5,1
Bihar,BANKA,2000,Whole Year,Garlic,2,3,1.5
Bihar,BANKA,2000,Whole Year,Onion,87,888,10.20689655
Bihar,BANKA,2000,Whole Year,Potato,2672,21571,8.072979042
Bihar,BANKA,2000,Whole Year,Sugarcane,1112,33538,30.16007194
Bihar,BANKA,2000,Whole Year,Turmeric,1,1,1
Bihar,BANKA,2001,Autumn,Maize,7921,13007,1.642090645
Bihar,BANKA,2001,Autumn,Rice,102989,130687,1.268941343
Bihar,BANKA,2001,Kharif,Arhar/Tur,1073,1556,1.450139795
Bihar,BANKA,2001,Kharif,Horse-gram,1362,1094,0.803230543
Bihar,BANKA,2001,Kharif,Jute,1,7,7
Bihar,BANKA,2001,Kharif,Moong(Green Gram),452,232,0.513274336
Bihar,BANKA,2001,Kharif,Other Kharif pulses,166,96,0.578313253
Bihar,BANKA,2001,Kharif,Rice,52,106,2.038461538
Bihar,BANKA,2001,Kharif,Sesamum,35,25,0.714285714
Bihar,BANKA,2001,Kharif,Small millets,588,290,0.493197279
Bihar,BANKA,2001,Kharif,Urad,23,14,0.608695652
Bihar,BANKA,2001,Rabi,Barley,1111,1102,0.99189919
Bihar,BANKA,2001,Rabi,Gram,2866,1854,0.646894627
Bihar,BANKA,2001,Rabi,Khesari,383,313,0.817232376
Bihar,BANKA,2001,Rabi,Linseed,1173,833,0.710144928
Bihar,BANKA,2001,Rabi,Maize,2642,3025,1.144965935
Bihar,BANKA,2001,Rabi,Masoor,1478,1024,0.692828146
Bihar,BANKA,2001,Rabi,Other  Rabi pulses,1258,782,0.621621622
Bihar,BANKA,2001,Rabi,Peas & beans (Pulses),167,164,0.982035928
Bihar,BANKA,2001,Rabi,Rapeseed &Mustard,840,685,0.81547619
Bihar,BANKA,2001,Rabi,Safflower,8,6,0.75
Bihar,BANKA,2001,Rabi,Wheat,35815,55872,1.560016753
Bihar,BANKA,2001,Summer,Maize,2779,8954,3.22202231
Bihar,BANKA,2001,Whole Year,Coriander,2,1,0.5
Bihar,BANKA,2001,Whole Year,Dry chillies,4,4,1
Bihar,BANKA,2001,Whole Year,Garlic,2,3,1.5
Bihar,BANKA,2001,Whole Year,Onion,124,1184,9.548387097
Bihar,BANKA,2001,Whole Year,Potato,2545,25617,10.06561886
Bihar,BANKA,2001,Whole Year,Sugarcane,1231,59878,48.64175467
Bihar,BANKA,2001,Whole Year,Turmeric,1,1,1
Bihar,BANKA,2002,Autumn,Maize,9526,11735,1.231891665
Bihar,BANKA,2002,Kharif,Arhar/Tur,474,760,1.603375527
Bihar,BANKA,2002,Kharif,Bajra,9,9,1
Bihar,BANKA,2002,Kharif,Horse-gram,1155,919,0.795670996
Bihar,BANKA,2002,Kharif,Mesta,102,613,6.009803922
Bihar,BANKA,2002,Kharif,Moong(Green Gram),482,154,0.319502075
Bihar,BANKA,2002,Kharif,Other Kharif pulses,485,268,0.55257732
Bihar,BANKA,2002,Kharif,Ragi,1,1,1
Bihar,BANKA,2002,Kharif,Small millets,1,1,1
Bihar,BANKA,2002,Kharif,Urad,6,5,0.833333333
Bihar,BANKA,2002,Rabi,Barley,1113,578,0.519317161
Bihar,BANKA,2002,Rabi,Gram,3352,1575,0.469868735
Bihar,BANKA,2002,Rabi,Khesari,578,468,0.809688581
Bihar,BANKA,2002,Rabi,Linseed,766,582,0.759791123
Bihar,BANKA,2002,Rabi,Maize,1624,3501,2.155788177
Bihar,BANKA,2002,Rabi,Masoor,1777,665,0.374226224
Bihar,BANKA,2002,Rabi,Other  Rabi pulses,47,34,0.723404255
Bihar,BANKA,2002,Rabi,Peas & beans (Pulses),67,60,0.895522388
Bihar,BANKA,2002,Rabi,Rapeseed &Mustard,508,282,0.55511811
Bihar,BANKA,2002,Rabi,Wheat,26260,36958,1.407387662
Bihar,BANKA,2002,Summer,Maize,2449,6383,2.606369947
Bihar,BANKA,2002,Summer,Moong(Green Gram),1153,702,0.608846487
Bihar,BANKA,2002,Whole Year,Dry chillies,16,11,0.6875
Bihar,BANKA,2002,Whole Year,Onion,13,112,8.615384615
Bihar,BANKA,2002,Whole Year,Potato,1923,15034,7.81799272
Bihar,BANKA,2002,Whole Year,Sannhamp,1054,749,0.710626186
Bihar,BANKA,2002,Whole Year,Sugarcane,1092,55692,51
Bihar,BANKA,2002,Whole Year,Sweet potato,10,147,14.7
Bihar,BANKA,2002,Winter,Rice,103299,145882,1.412230515
Bihar,BANKA,2003,Kharif,Arhar/Tur,552,829,1.501811594
Bihar,BANKA,2003,Kharif,Bajra,17,18,1.058823529
Bihar,BANKA,2003,Kharif,Horse-gram,1163,862,0.741186586
Bihar,BANKA,2003,Kharif,Jute,332,2464,7.421686747
Bihar,BANKA,2003,Kharif,Maize,8371,19547,2.335085414
Bihar,BANKA,2003,Kharif,Moong(Green Gram),778,490,0.629820051
Bihar,BANKA,2003,Kharif,Other Kharif pulses,306,164,0.535947712
Bihar,BANKA,2003,Kharif,Ragi,1,1,1
Bihar,BANKA,2003,Kharif,Rice,100564,150537,1.49692733
Bihar,BANKA,2003,Kharif,Small millets,8,6,0.75
Bihar,BANKA,2003,Kharif,Urad,114,85,0.745614035
Bihar,BANKA,2003,Rabi,Barley,863,886,1.026651217
Bihar,BANKA,2003,Rabi,Gram,3760,2561,0.681117021
Bihar,BANKA,2003,Rabi,Khesari,632,582,0.920886076
Bihar,BANKA,2003,Rabi,Linseed,967,758,0.783867632
Bihar,BANKA,2003,Rabi,Maize,1484,4642,3.128032345
Bihar,BANKA,2003,Rabi,Masoor,1858,1169,0.629171152
Bihar,BANKA,2003,Rabi,Moong(Green Gram),1317,645,0.489749431
Bihar,BANKA,2003,Rabi,Other  Rabi pulses,47,35,0.744680851
Bihar,BANKA,2003,Rabi,Peas & beans (Pulses),132,123,0.931818182
Bihar,BANKA,2003,Rabi,Rapeseed &Mustard,519,286,0.55105973
Bihar,BANKA,2003,Rabi,Wheat,27157,42013,1.547041278
Bihar,BANKA,2003,Summer,Maize,3281,8938,2.724169461
Bihar,BANKA,2003,Summer,Moong(Green Gram),1317,645,0.489749431
Bihar,BANKA,2003,Whole Year,Dry chillies,2,1,0.5
Bihar,BANKA,2003,Whole Year,Onion,29,275,9.482758621
Bihar,BANKA,2003,Whole Year,Potato,2436,22857,9.383004926
Bihar,BANKA,2003,Whole Year,Sannhamp,694,498,0.717579251
Bihar,BANKA,2003,Whole Year,Sugarcane,1110,39862,35.91171171
Bihar,BANKA,2003,Winter,Rice,100564,150537,1.49692733
Bihar,BANKA,2004,Kharif,Arhar/Tur,518,791,1.527027027
Bihar,BANKA,2004,Kharif,Bajra,9,10,1.111111111
Bihar,BANKA,2004,Kharif,Horse-gram,1222,906,0.741407529
Bihar,BANKA,2004,Kharif,Maize,8011,7782,0.971414305
Bihar,BANKA,2004,Kharif,Moong(Green Gram),649,382,0.588597843
Bihar,BANKA,2004,Kharif,Other Kharif pulses,508,274,0.539370079
Bihar,BANKA,2004,Kharif,Small millets,588,436,0.741496599
Bihar,BANKA,2004,Kharif,Urad,111,83,0.747747748
Bihar,BANKA,2004,Rabi,Barley,595,344,0.578151261
Bihar,BANKA,2004,Rabi,Gram,2998,1994,0.665110073
Bihar,BANKA,2004,Rabi,Khesari,421,229,0.543942993
Bihar,BANKA,2004,Rabi,Linseed,847,714,0.842975207
Bihar,BANKA,2004,Rabi,Maize,1487,4772,3.209145931
Bihar,BANKA,2004,Rabi,Masoor,1378,956,0.693759071
Bihar,BANKA,2004,Rabi,Other  Rabi pulses,47,36,0.765957447
Bihar,BANKA,2004,Rabi,Peas & beans (Pulses),82,72,0.87804878
Bihar,BANKA,2004,Rabi,Rapeseed &Mustard,511,317,0.62035225
Bihar,BANKA,2004,Rabi,Wheat,21538,27735,1.287724023
Bihar,BANKA,2004,Summer,Maize,3105,10058,3.239291465
Bihar,BANKA,2004,Summer,Moong(Green Gram),1253,692,0.552274541
Bihar,BANKA,2004,Whole Year,Dry chillies,9,6,0.666666667
Bihar,BANKA,2004,Whole Year,Onion,15,113,7.533333333
Bihar,BANKA,2004,Whole Year,Potato,2072,15549,7.504343629
Bihar,BANKA,2004,Whole Year,Sannhamp,1025,825,0.804878049
Bihar,BANKA,2004,Whole Year,Sugarcane,850,35264,41.48705882
Bihar,BANKA,2004,Whole Year,Sweet potato,10,159,15.9
Bihar,BANKA,2004,Winter,Rice,71841,97758,1.360755001
Bihar,BANKA,2005,Kharif,Arhar/Tur,747,617,0.825970549
Bihar,BANKA,2005,Kharif,Horse-gram,701,603,0.860199715
Bihar,BANKA,2005,Kharif,Maize,7008,6833,0.975028539
Bihar,BANKA,2005,Kharif,Mesta,189,2452,12.97354497
Bihar,BANKA,2005,Kharif,Moong(Green Gram),477,283,0.593291405
Bihar,BANKA,2005,Kharif,Other Kharif pulses,224,124,0.553571429
Bihar,BANKA,2005,Kharif,Sesamum,14,12,0.857142857
Bihar,BANKA,2005,Kharif,Urad,170,147,0.864705882
Bihar,BANKA,2005,Rabi,Barley,1257,919,0.731105807
Bihar,BANKA,2005,Rabi,Gram,3925,3485,0.887898089
Bihar,BANKA,2005,Rabi,Khesari,513,320,0.623781676
Bihar,BANKA,2005,Rabi,Linseed,860,744,0.865116279
Bihar,BANKA,2005,Rabi,Maize,2126,3304,1.554092192
Bihar,BANKA,2005,Rabi,Masoor,1958,1145,0.584780388
Bihar,BANKA,2005,Rabi,Other  Rabi pulses,50,38,0.76
Bihar,BANKA,2005,Rabi,Peas & beans (Pulses),138,119,0.862318841
Bihar,BANKA,2005,Rabi,Rapeseed &Mustard,981,938,0.956167176
Bihar,BANKA,2005,Rabi,Wheat,23311,27807,1.192870319
Bihar,BANKA,2005,Summer,Maize,3310,9123,2.756193353
Bihar,BANKA,2005,Summer,Moong(Green Gram),1427,818,0.573230554
Bihar,BANKA,2005,Whole Year,Dry chillies,3,3,1
Bihar,BANKA,2005,Whole Year,Onion,18,157,8.722222222
Bihar,BANKA,2005,Whole Year,Potato,2472,20621,8.341828479
Bihar,BANKA,2005,Whole Year,Sannhamp,1100,892,0.810909091
Bihar,BANKA,2005,Whole Year,Sugarcane,1260,48510,38.5
Bihar,BANKA,2005,Winter,Rice,96920,133263,1.374979364
Bihar,BANKA,2006,Kharif,Arhar/Tur,1151,1725,1.498696785
Bihar,BANKA,2006,Kharif,Maize,6652,8940,1.343956705
Bihar,BANKA,2006,Kharif,Mesta,186,1587,8.532258065
Bihar,BANKA,2006,Kharif,Moong(Green Gram),653,540,0.826952527
Bihar,BANKA,2006,Kharif,Sannhamp,1069,879,0.822263798
Bihar,BANKA,2006,Kharif,Urad,6346,5118,0.806492279
Bihar,BANKA,2006,Rabi,Barley,9,10,1.111111111
Bihar,BANKA,2006,Rabi,Gram,3715,3072,0.8269179
Bihar,BANKA,2006,Rabi,Khesari,695,412,0.592805755
Bihar,BANKA,2006,Rabi,Linseed,918,779,0.848583878
Bihar,BANKA,2006,Rabi,Maize,1836,7726,4.208061002
Bihar,BANKA,2006,Rabi,Masoor,2969,1971,0.663859885
Bihar,BANKA,2006,Rabi,Peas & beans (Pulses),82,76,0.926829268
Bihar,BANKA,2006,Rabi,Rapeseed &Mustard,1225,1259,1.027755102
Bihar,BANKA,2006,Rabi,Wheat,28781,53142,1.846426462
Bihar,BANKA,2006,Summer,Maize,3726,13113,3.519323671
Bihar,BANKA,2006,Summer,Moong(Green Gram),1461,768,0.525667351
Bihar,BANKA,2006,Winter,Rice,99429,258065,2.595470134
Bihar,BANKA,2007,Autumn,Maize,9978,13789,1.381940269
Bihar,BANKA,2007,Kharif,Arhar/Tur,1293,2863,2.214230472
Bihar,BANKA,2007,Kharif,Groundnut,63,45,0.714285714
Bihar,BANKA,2007,Kharif,Moong(Green Gram),777,820,1.055341055
Bihar,BANKA,2007,Kharif,Other Kharif pulses,296,205,0.692567568
Bihar,BANKA,2007,Kharif,Sannhamp,983,4355.55,4.430874873
Bihar,BANKA,2007,Kharif,Sesamum,14,10,0.714285714
Bihar,BANKA,2007,Rabi,Barley,1469,1206,0.820966644
Bihar,BANKA,2007,Rabi,Gram,3704,3285,0.88687905
Bihar,BANKA,2007,Rabi,Khesari,1243,1043,0.839098954
Bihar,BANKA,2007,Rabi,Linseed,848,700,0.825471698
Bihar,BANKA,2007,Rabi,Maize,1697,18126,10.68120212
Bihar,BANKA,2007,Rabi,Masoor,2638,1939,0.735026535
Bihar,BANKA,2007,Rabi,Other  Rabi pulses,45,33,0.733333333
Bihar,BANKA,2007,Rabi,Peas & beans (Pulses),99,107,1.080808081
Bihar,BANKA,2007,Rabi,Rapeseed &Mustard,1201,784,0.652789342
Bihar,BANKA,2007,Rabi,Wheat,31950,78351,2.452300469
Bihar,BANKA,2007,Summer,Maize,4666,17871,3.83004715
Bihar,BANKA,2007,Summer,Moong(Green Gram),1504,902,0.599734043
Bihar,BANKA,2007,Whole Year,Dry chillies,3,4,1.333333333
Bihar,BANKA,2007,Whole Year,Garlic,3,4,1.333333333
Bihar,BANKA,2007,Whole Year,Onion,36,324,9
Bihar,BANKA,2007,Whole Year,Potato,5904,47749,8.087567751
Bihar,BANKA,2007,Whole Year,Sugarcane,1464,72813,49.73565574
Bihar,BANKA,2007,Winter,Rice,100545,241087,2.397801979
Bihar,BANKA,2008,Autumn,Maize,9782,15789,1.614087099
Bihar,BANKA,2008,Kharif,Arhar/Tur,1007,1527,1.516385303
Bihar,BANKA,2008,Kharif,Groundnut,63,31,0.492063492
Bihar,BANKA,2008,Kharif,Moong(Green Gram),645,605,0.937984496
Bihar,BANKA,2008,Kharif,Other Kharif pulses,180,104,0.577777778
Bihar,BANKA,2008,Kharif,Potato,2017,15128,7.500247893
Bihar,BANKA,2008,Kharif,Sannhamp,1055,4688.88,4.444436019
Bihar,BANKA,2008,Kharif,Sesamum,17,14,0.823529412
Bihar,BANKA,2008,Kharif,Urad,170,147,0.864705882
Bihar,BANKA,2008,Rabi,Barley,1284,1220,0.950155763
Bihar,BANKA,2008,Rabi,Gram,3653,3679,1.007117438
Bihar,BANKA,2008,Rabi,Khesari,1249,884,0.707766213
Bihar,BANKA,2008,Rabi,Linseed,875,740,0.845714286
Bihar,BANKA,2008,Rabi,Maize,1886,16039,8.504241782
Bihar,BANKA,2008,Rabi,Masoor,2717,2622,0.965034965
Bihar,BANKA,2008,Rabi,Other  Rabi pulses,48,36,0.75
Bihar,BANKA,2008,Rabi,Peas & beans (Pulses),106,102,0.962264151
Bihar,BANKA,2008,Rabi,Potato,4229,22541,5.330101679
Bihar,BANKA,2008,Rabi,Rapeseed &Mustard,1136,1086,0.955985915
Bihar,BANKA,2008,Rabi,Wheat,31503,88029,2.794305304
Bihar,BANKA,2008,Summer,Maize,3829,6982,1.823452599
Bihar,BANKA,2008,Summer,Moong(Green Gram),1448,967,0.66781768
Bihar,BANKA,2008,Whole Year,Dry chillies,3,4,1.333333333
Bihar,BANKA,2008,Whole Year,Garlic,3,5,1.666666667
Bihar,BANKA,2008,Whole Year,Onion,24,223,9.291666667
Bihar,BANKA,2008,Whole Year,Sugarcane,1697,65103,38.36358279
Bihar,BANKA,2008,Winter,Rice,97023,215838,2.224606537
Bihar,BANKA,2009,Autumn,Maize,6478,18194,2.808582896
Bihar,BANKA,2009,Kharif,Arhar/Tur,836,1238,1.480861244
Bihar,BANKA,2009,Kharif,Horse-gram,1040,1002,0.963461538
Bihar,BANKA,2009,Kharif,Mesta,92,661,7.184782609
Bihar,BANKA,2009,Kharif,Moong(Green Gram),607,402,0.662273476
Bihar,BANKA,2009,Kharif,Other Kharif pulses,94,69,0.734042553
Bihar,BANKA,2009,Kharif,Sannhamp,602,491,0.815614618
Bihar,BANKA,2009,Kharif,Urad,42,42,1
Bihar,BANKA,2009,Rabi,Barley,621,548,0.882447665
Bihar,BANKA,2009,Rabi,Gram,2667,2312,0.866891639
Bihar,BANKA,2009,Rabi,Khesari,262,334,1.27480916
Bihar,BANKA,2009,Rabi,Linseed,388,328,0.845360825
Bihar,BANKA,2009,Rabi,Maize,1361,3329,2.445995591
Bihar,BANKA,2009,Rabi,Masoor,1540,990,0.642857143
Bihar,BANKA,2009,Rabi,Other  Rabi pulses,236,176,0.745762712
Bihar,BANKA,2009,Rabi,Peas & beans (Pulses),4,4,1
Bihar,BANKA,2009,Rabi,Rapeseed &Mustard,363,278,0.76584022
Bihar,BANKA,2009,Rabi,Wheat,27209,50735,1.864640376
Bihar,BANKA,2009,Summer,Maize,3538,10071,2.84652346
Bihar,BANKA,2009,Summer,Moong(Green Gram),995,431,0.433165829
Bihar,BANKA,2009,Summer,Rice,1,1,1
Bihar,BANKA,2009,Whole Year,Sugarcane,451,32781,72.68514412
Bihar,BANKA,2009,Winter,Rice,101999,211103,2.069657546
Bihar,BANKA,2010,Autumn,Maize,7036,17091,2.429079022
Bihar,BANKA,2010,Kharif,Arhar/Tur,607,529,0.871499176
Bihar,BANKA,2010,Kharif,Horse-gram,787,743,0.944091487
Bihar,BANKA,2010,Kharif,Moong(Green Gram),517,338,0.65377176
Bihar,BANKA,2010,Kharif,Other Kharif pulses,362,246,0.679558011
Bihar,BANKA,2010,Kharif,Sesamum,3,2,0.666666667
Bihar,BANKA,2010,Rabi,Barley,365,409,1.120547945
Bihar,BANKA,2010,Rabi,Gram,1966,1319,0.670905392
Bihar,BANKA,2010,Rabi,Khesari,300,123,0.41
Bihar,BANKA,2010,Rabi,Linseed,297,243,0.818181818
Bihar,BANKA,2010,Rabi,Maize,980,2879,2.937755102
Bihar,BANKA,2010,Rabi,Masoor,1019,660,0.647693817
Bihar,BANKA,2010,Rabi,Other  Rabi pulses,48,36,0.75
Bihar,BANKA,2010,Rabi,Peas & beans (Pulses),13,13,1
Bihar,BANKA,2010,Rabi,Rapeseed &Mustard,299,231,0.772575251
Bihar,BANKA,2010,Rabi,Wheat,23643,42535,1.799052574
Bihar,BANKA,2010,Summer,Maize,3258,15645,4.802025783
Bihar,BANKA,2010,Summer,Moong(Green Gram),1014,547,0.539447732
Bihar,BANKA,2010,Whole Year,Sugarcane,3256,232950,71.54484029
Bihar,BANKA,2010,Winter,Rice,80170,159926,1.994835974
Bihar,BANKA,2011,Autumn,Maize,6857,18941,2.762286714
Bihar,BANKA,2011,Kharif,Arhar/Tur,678,487,0.718289086
Bihar,BANKA,2011,Kharif,Horse-gram,783,745,0.95146871
Bihar,BANKA,2011,Kharif,Moong(Green Gram),689,530,0.769230769
Bihar,BANKA,2011,Kharif,Other Kharif pulses,225,185,0.822222222
Bihar,BANKA,2011,Rabi,Barley,502,728,1.450199203
Bihar,BANKA,2011,Rabi,Gram,2398,2209,0.92118432
Bihar,BANKA,2011,Rabi,Khesari,217,141,0.649769585
Bihar,BANKA,2011,Rabi,Linseed,375,324,0.864
Bihar,BANKA,2011,Rabi,Maize,999,5331,5.336336336
Bihar,BANKA,2011,Rabi,Masoor,1461,1121,0.767282683
Bihar,BANKA,2011,Rabi,Other  Rabi pulses,153,170,1.111111111
Bihar,BANKA,2011,Rabi,Peas & beans (Pulses),5,5,1
Bihar,BANKA,2011,Rabi,Rapeseed &Mustard,273,229,0.838827839
Bihar,BANKA,2011,Rabi,Wheat,24050,73092,3.039168399
Bihar,BANKA,2011,Summer,Maize,3348,18585,5.551075269
Bihar,BANKA,2011,Summer,Moong(Green Gram),709,425,0.599435825
Bihar,BANKA,2011,Winter,Rice,99780,390622,3.914832632
Bihar,BANKA,2012,Autumn,Maize,6568,20380,3.102923264
Bihar,BANKA,2012,Kharif,Arhar/Tur,775,502,0.647741935
Bihar,BANKA,2012,Kharif,Horse-gram,413,400,0.968523002
Bihar,BANKA,2012,Kharif,Moong(Green Gram),367,188,0.51226158
Bihar,BANKA,2012,Kharif,Other Kharif pulses,18,18,1
Bihar,BANKA,2012,Kharif,Sannhamp,337,271,0.804154303
Bihar,BANKA,2012,Rabi,Barley,374,354,0.946524064
Bihar,BANKA,2012,Rabi,Gram,2131,2037,0.955889254
Bihar,BANKA,2012,Rabi,Khesari,241,123,0.510373444
Bihar,BANKA,2012,Rabi,Linseed,172,149,0.86627907
Bihar,BANKA,2012,Rabi,Maize,874,4068,4.654462243
Bihar,BANKA,2012,Rabi,Masoor,1257,1156,0.91964996
Bihar,BANKA,2012,Rabi,Other  Rabi pulses,237,261,1.101265823
Bihar,BANKA,2012,Rabi,Peas & beans (Pulses),3,3,1
Bihar,BANKA,2012,Rabi,Rapeseed &Mustard,310,213,0.687096774
Bihar,BANKA,2012,Rabi,Wheat,22943,58485,2.54914353
Bihar,BANKA,2012,Summer,Maize,3059,18840,6.158875449
Bihar,BANKA,2012,Summer,Moong(Green Gram),820,512,0.624390244
Bihar,BANKA,2012,Whole Year,Sugarcane,2365,135379,57.24270613
Bihar,BANKA,2012,Winter,Rice,96359,291074,3.020724582
Bihar,BANKA,2013,Autumn,Maize,7003,19433,2.774953591
Bihar,BANKA,2013,Kharif,Arhar/Tur,948,2248,2.371308017
Bihar,BANKA,2013,Kharif,Horse-gram,811,772,0.951911221
Bihar,BANKA,2013,Kharif,Moong(Green Gram),370,199,0.537837838
Bihar,BANKA,2013,Kharif,Other Kharif pulses,27,27,1
Bihar,BANKA,2013,Kharif,Sannhamp,385,310,0.805194805
Bihar,BANKA,2013,Kharif,Urad,19,17,0.894736842
Bihar,BANKA,2013,Rabi,Barley,364,775,2.129120879
Bihar,BANKA,2013,Rabi,Gram,2439,3102,1.271832718
Bihar,BANKA,2013,Rabi,Khesari,303,221,0.729372937
Bihar,BANKA,2013,Rabi,Linseed,165,140,0.848484848
Bihar,BANKA,2013,Rabi,Maize,868,3532,4.069124424
Bihar,BANKA,2013,Rabi,Masoor,1253,1465,1.169193935
Bihar,BANKA,2013,Rabi,Other  Rabi pulses,362,366,1.011049724
Bihar,BANKA,2013,Rabi,Peas & beans (Pulses),3,3,1
Bihar,BANKA,2013,Rabi,Rapeseed &Mustard,466,370,0.793991416
Bihar,BANKA,2013,Rabi,Wheat,25627,69260,2.702618332
Bihar,BANKA,2013,Summer,Maize,3233,16869,5.217754408
Bihar,BANKA,2013,Summer,Moong(Green Gram),907,610,0.672546858
Bihar,BANKA,2013,Whole Year,Sugarcane,2440,179615,73.61270492
Bihar,BANKA,2013,Winter,Rice,95524,284394,2.977199447
Bihar,BANKA,2014,Autumn,Maize,7070,20688,2.926166902
Bihar,BANKA,2014,Kharif,Arhar/Tur,667,350,0.524737631
Bihar,BANKA,2014,Kharif,Horse-gram,753,721,0.95750332
Bihar,BANKA,2014,Kharif,Moong(Green Gram),350,132,0.377142857
Bihar,BANKA,2014,Kharif,Other Kharif pulses,56,49,0.875
Bihar,BANKA,2014,Kharif,Sannhamp,369,297,0.804878049
Bihar,BANKA,2014,Rabi,Barley,180,56,0.311111111
Bihar,BANKA,2014,Rabi,Gram,2207,2090,0.94698686
Bihar,BANKA,2014,Rabi,Khesari,317,122,0.384858044
Bihar,BANKA,2014,Rabi,Linseed,137,118,0.861313869
Bihar,BANKA,2014,Rabi,Maize,683,1679,2.458272328
Bihar,BANKA,2014,Rabi,Masoor,1116,963,0.862903226
Bihar,BANKA,2014,Rabi,Peas & beans (Pulses),25,24,0.96
Bihar,BANKA,2014,Rabi,Rapeseed &Mustard,328,229,0.698170732
Bihar,BANKA,2014,Rabi,Wheat,25854,45675,1.766651195
Bihar,BANKA,2014,Summer,Maize,3280,13565,4.135670732
Bihar,BANKA,2014,Summer,Moong(Green Gram),909,526,0.578657866
Bihar,BANKA,2014,Whole Year,Sugarcane,2960,202907,68.54966216
Bihar,BANKA,2014,Winter,Rice,91863,323625,3.522909115
Bihar,BEGUSARAI,1997,Autumn,Rice,7812,11698,1.497439836
Bihar,BEGUSARAI,1997,Kharif,Arhar/Tur,1395,1572,1.12688172
Bihar,BEGUSARAI,1997,Kharif,Castor seed,544,442,0.8125
Bihar,BEGUSARAI,1997,Kharif,Groundnut,3,4,1.333333333
Bihar,BEGUSARAI,1997,Kharif,Maize,50431,18500,0.366837858
Bihar,BEGUSARAI,1997,Kharif,Mesta,6,408,68
Bihar,BEGUSARAI,1997,Kharif,Other Kharif pulses,150,94,0.626666667
Bihar,BEGUSARAI,1997,Kharif,Sesamum,34,20,0.588235294
Bihar,BEGUSARAI,1997,Kharif,Small millets,607,549,0.904448105
Bihar,BEGUSARAI,1997,Rabi,Barley,77,26,0.337662338
Bihar,BEGUSARAI,1997,Rabi,Gram,250,208,0.832
Bihar,BEGUSARAI,1997,Rabi,Linseed,63,29,0.46031746
Bihar,BEGUSARAI,1997,Rabi,Maize,16685,62869,3.767995205
Bihar,BEGUSARAI,1997,Rabi,Other  Rabi pulses,34,19,0.558823529
Bihar,BEGUSARAI,1997,Rabi,Rapeseed &Mustard,7792,9171,1.176976386
Bihar,BEGUSARAI,1997,Rabi,Safflower,71,24,0.338028169
Bihar,BEGUSARAI,1997,Rabi,Sunflower,752,393,0.522606383
Bihar,BEGUSARAI,1997,Rabi,Tobacco,51,36,0.705882353
Bihar,BEGUSARAI,1997,Rabi,Wheat,59668,109241,1.830813837
Bihar,BEGUSARAI,1997,Summer,Maize,407,738,1.813267813
Bihar,BEGUSARAI,1997,Summer,Rice,144,210,1.458333333
Bihar,BEGUSARAI,1997,Whole Year,Banana,253,16324,64.52173913
Bihar,BEGUSARAI,1997,Whole Year,Coriander,302,202,0.668874172
Bihar,BEGUSARAI,1997,Whole Year,Dry chillies,2260,1921,0.85
Bihar,BEGUSARAI,1997,Whole Year,Garlic,8,11,1.375
Bihar,BEGUSARAI,1997,Whole Year,Onion,289,2575,8.910034602
Bihar,BEGUSARAI,1997,Whole Year,Potato,4270,49130,11.5058548
Bihar,BEGUSARAI,1997,Whole Year,Ragi,1022,897,0.877690802
Bihar,BEGUSARAI,1997,Whole Year,Sannhamp,69,53,0.768115942
Bihar,BEGUSARAI,1997,Whole Year,Sugarcane,2057,112359,54.62275158
Bihar,BEGUSARAI,1997,Whole Year,Sweet potato,413,5446,13.18644068
Bihar,BEGUSARAI,1997,Whole Year,Turmeric,419,242,0.577565632
Bihar,BEGUSARAI,1997,Winter,Rice,12907,12172,0.943054157
Bihar,BEGUSARAI,1998,Kharif,Arhar/Tur,1204,1607,1.334717608
Bihar,BEGUSARAI,1998,Kharif,Blackgram,587,412,0.701873935
Bihar,BEGUSARAI,1998,Kharif,Castor seed,485,403,0.830927835
Bihar,BEGUSARAI,1998,Kharif,Jowar,135,127,0.940740741
Bihar,BEGUSARAI,1998,Kharif,Jute,19,90,4.736842105
Bihar,BEGUSARAI,1998,Kharif,Maize,51968,21217,0.408270474
Bihar,BEGUSARAI,1998,Kharif,Mesta,46,286,6.217391304
Bihar,BEGUSARAI,1998,Kharif,Other Kharif pulses,1663,1200,0.721587492
Bihar,BEGUSARAI,1998,Kharif,Ragi,166,141,0.84939759
Bihar,BEGUSARAI,1998,Kharif,Sesamum,16,8,0.5
Bihar,BEGUSARAI,1998,Kharif,Small millets,229,194,0.847161572
Bihar,BEGUSARAI,1998,Kharif,Sunflower,940,867,0.922340426
Bihar,BEGUSARAI,1998,Rabi,Barley,75,74,0.986666667
Bihar,BEGUSARAI,1998,Rabi,Gram,301,280,0.930232558
Bihar,BEGUSARAI,1998,Rabi,Linseed,223,113,0.506726457
Bihar,BEGUSARAI,1998,Rabi,Maize,17542,58783,3.350986205
Bihar,BEGUSARAI,1998,Rabi,Other  Rabi pulses,3427,2600,0.758681062
Bihar,BEGUSARAI,1998,Rabi,Rapeseed &Mustard,9343,10361,1.108958579
Bihar,BEGUSARAI,1998,Rabi,Safflower,83,29,0.34939759
Bihar,BEGUSARAI,1998,Rabi,Wheat,57520,118548,2.060987483
Bihar,BEGUSARAI,1998,Summer,Maize,465,1092,2.348387097
Bihar,BEGUSARAI,1998,Summer,Rice,23,87,3.782608696
Bihar,BEGUSARAI,1998,Whole Year,Banana,250,11923,47.692
Bihar,BEGUSARAI,1998,Whole Year,Coriander,255,235,0.921568627
Bihar,BEGUSARAI,1998,Whole Year,Dry chillies,2783,2727,0.97987783
Bihar,BEGUSARAI,1998,Whole Year,Garlic,12,17,1.416666667
Bihar,BEGUSARAI,1998,Whole Year,Onion,357,5405,15.14005602
Bihar,BEGUSARAI,1998,Whole Year,Potato,4405,43998,9.988195233
Bihar,BEGUSARAI,1998,Whole Year,Sannhamp,100,86,0.86
Bihar,BEGUSARAI,1998,Whole Year,Sugarcane,1876,93948,50.07889126
Bihar,BEGUSARAI,1998,Whole Year,Sweet potato,413,5712,13.83050847
Bihar,BEGUSARAI,1998,Whole Year,Tobacco,35,52,1.485714286
Bihar,BEGUSARAI,1998,Whole Year,Turmeric,332,192,0.578313253
Bihar,BEGUSARAI,1998,Winter,Rice,14762,8186,0.554531906
Bihar,BEGUSARAI,1999,Kharif,Arhar/Tur,1093,2117,1.936870997
Bihar,BEGUSARAI,1999,Kharif,Dry ginger,1,1,1
Bihar,BEGUSARAI,1999,Kharif,Horse-gram,361,286,0.792243767
Bihar,BEGUSARAI,1999,Kharif,Jowar,26,31,1.192307692
Bihar,BEGUSARAI,1999,Kharif,Maize,46412,60399,1.301366026
Bihar,BEGUSARAI,1999,Kharif,Mesta,27,183,6.777777778
Bihar,BEGUSARAI,1999,Kharif,Moong(Green Gram),197,118,0.598984772
Bihar,BEGUSARAI,1999,Kharif,Ragi,141,139,0.985815603
Bihar,BEGUSARAI,1999,Kharif,Rice,6783,10626,1.566563467
Bihar,BEGUSARAI,1999,Kharif,Sesamum,5,3,0.6
Bihar,BEGUSARAI,1999,Kharif,Sunflower,599,368,0.614357262
Bihar,BEGUSARAI,1999,Kharif,Urad,1398,1078,0.771101574
Bihar,BEGUSARAI,1999,Rabi,Gram,371,344,0.92722372
Bihar,BEGUSARAI,1999,Rabi,Khesari,45,48,1.066666667
Bihar,BEGUSARAI,1999,Rabi,Linseed,35,20,0.571428571
Bihar,BEGUSARAI,1999,Rabi,Maize,17116,42140,2.462023837
Bihar,BEGUSARAI,1999,Rabi,Masoor,730,531,0.72739726
Bihar,BEGUSARAI,1999,Rabi,Moong(Green Gram),513,387,0.754385965
Bihar,BEGUSARAI,1999,Rabi,Other  Rabi pulses,39,32,0.820512821
Bihar,BEGUSARAI,1999,Rabi,Peas & beans (Pulses),1541,1102,0.715120052
Bihar,BEGUSARAI,1999,Rabi,Rapeseed &Mustard,6739,8902,1.320967503
Bihar,BEGUSARAI,1999,Rabi,Safflower,35,12,0.342857143
Bihar,BEGUSARAI,1999,Rabi,Wheat,61704,129568,2.099831453
Bihar,BEGUSARAI,1999,Summer,Maize,1121,3721,3.319357716
Bihar,BEGUSARAI,1999,Summer,Rice,112,234,2.089285714
Bihar,BEGUSARAI,1999,Whole Year,Banana,240,3238,13.49166667
Bihar,BEGUSARAI,1999,Whole Year,Coriander,57,30,0.526315789
Bihar,BEGUSARAI,1999,Whole Year,Dry chillies,1662,1413,0.850180505
Bihar,BEGUSARAI,1999,Whole Year,Garlic,5,7,1.4
Bihar,BEGUSARAI,1999,Whole Year,Onion,201,2088,10.3880597
Bihar,BEGUSARAI,1999,Whole Year,Potato,4456,52038,11.67818671
Bihar,BEGUSARAI,1999,Whole Year,Sugarcane,1751,74252,42.40548258
Bihar,BEGUSARAI,1999,Whole Year,Sweet potato,190,2628,13.83157895
Bihar,BEGUSARAI,1999,Whole Year,Tobacco,15,15,1
Bihar,BEGUSARAI,1999,Whole Year,Turmeric,231,134,0.58008658
Bihar,BEGUSARAI,2000,Autumn,Rice,15608,15420,0.987954895
Bihar,BEGUSARAI,2000,Kharif,Arhar/Tur,1241,2487,2.004029009
Bihar,BEGUSARAI,2000,Kharif,Dry ginger,1,1,1
Bihar,BEGUSARAI,2000,Kharif,Horse-gram,335,259,0.773134328
Bihar,BEGUSARAI,2000,Kharif,Maize,52503,68182,1.298630554
Bihar,BEGUSARAI,2000,Kharif,Moong(Green Gram),5,4,0.8
Bihar,BEGUSARAI,2000,Kharif,Other Kharif pulses,15,8,0.533333333
Bihar,BEGUSARAI,2000,Kharif,Ragi,41,45,1.097560976
Bihar,BEGUSARAI,2000,Kharif,Rice,7127,7590,1.064964221
Bihar,BEGUSARAI,2000,Kharif,Sesamum,27,5,0.185185185
Bihar,BEGUSARAI,2000,Kharif,Small millets,420,142,0.338095238
Bihar,BEGUSARAI,2000,Kharif,Sunflower,167,277,1.658682635
Bihar,BEGUSARAI,2000,Kharif,Urad,1171,729,0.622544833
Bihar,BEGUSARAI,2000,Rabi,Barley,60,57,0.95
Bihar,BEGUSARAI,2000,Rabi,Gram,575,601,1.045217391
Bihar,BEGUSARAI,2000,Rabi,Khesari,42,40,0.952380952
Bihar,BEGUSARAI,2000,Rabi,Maize,17669,47229,2.672986587
Bihar,BEGUSARAI,2000,Rabi,Masoor,1063,1124,1.05738476
Bihar,BEGUSARAI,2000,Rabi,Moong(Green Gram),651,318,0.488479263
Bihar,BEGUSARAI,2000,Rabi,Other  Rabi pulses,123,69,0.56097561
Bihar,BEGUSARAI,2000,Rabi,Peas & beans (Pulses),1108,876,0.790613718
Bihar,BEGUSARAI,2000,Rabi,Rapeseed &Mustard,5766,7738,1.342004856
Bihar,BEGUSARAI,2000,Rabi,Safflower,1,1,1
Bihar,BEGUSARAI,2000,Rabi,Wheat,60737,145269,2.391771079
Bihar,BEGUSARAI,2000,Summer,Maize,3735,10647,2.85060241
Bihar,BEGUSARAI,2000,Summer,Rice,368,511,1.388586957
Bihar,BEGUSARAI,2000,Whole Year,Banana,280,6835,24.41071429
Bihar,BEGUSARAI,2000,Whole Year,Coriander,26,12,0.461538462
Bihar,BEGUSARAI,2000,Whole Year,Dry chillies,1081,843,0.779833488
Bihar,BEGUSARAI,2000,Whole Year,Garlic,2,3,1.5
Bihar,BEGUSARAI,2000,Whole Year,Onion,187,2102,11.24064171
Bihar,BEGUSARAI,2000,Whole Year,Potato,3296,38071,11.55066748
Bihar,BEGUSARAI,2000,Whole Year,Sugarcane,1871,75355,40.27525387
Bihar,BEGUSARAI,2000,Whole Year,Sweet potato,100,1208,12.08
Bihar,BEGUSARAI,2000,Whole Year,Tobacco,15,17,1.133333333
Bihar,BEGUSARAI,2000,Whole Year,Turmeric,195,190,0.974358974
Bihar,BEGUSARAI,2001,Autumn,Maize,41334,66483,1.608433735
Bihar,BEGUSARAI,2001,Autumn,Rice,22536,29097,1.291134185
Bihar,BEGUSARAI,2001,Kharif,Arhar/Tur,1288,1826,1.417701863
Bihar,BEGUSARAI,2001,Kharif,Horse-gram,326,262,0.803680982
Bihar,BEGUSARAI,2001,Kharif,Jute,5,33,6.6
Bihar,BEGUSARAI,2001,Kharif,Mesta,13,85,6.538461538
Bihar,BEGUSARAI,2001,Kharif,Moong(Green Gram),12,11,0.916666667
Bihar,BEGUSARAI,2001,Kharif,Other Kharif pulses,110,57,0.518181818
Bihar,BEGUSARAI,2001,Kharif,Ragi,73,64,0.876712329
Bihar,BEGUSARAI,2001,Kharif,Rice,342,570,1.666666667
Bihar,BEGUSARAI,2001,Kharif,Sesamum,25,16,0.64
Bihar,BEGUSARAI,2001,Kharif,Small millets,205,157,0.765853659
Bihar,BEGUSARAI,2001,Kharif,Sunflower,463,526,1.136069114
Bihar,BEGUSARAI,2001,Kharif,Urad,975,717,0.735384615
Bihar,BEGUSARAI,2001,Rabi,Barley,461,275,0.596529284
Bihar,BEGUSARAI,2001,Rabi,Gram,88,62,0.704545455
Bihar,BEGUSARAI,2001,Rabi,Khesari,48,36,0.75
Bihar,BEGUSARAI,2001,Rabi,Linseed,4,3,0.75
Bihar,BEGUSARAI,2001,Rabi,Maize,17557,51266,2.919974939
Bihar,BEGUSARAI,2001,Rabi,Masoor,976,607,0.62192623
Bihar,BEGUSARAI,2001,Rabi,Other  Rabi pulses,472,329,0.697033898
Bihar,BEGUSARAI,2001,Rabi,Peas & beans (Pulses),1277,1257,0.984338293
Bihar,BEGUSARAI,2001,Rabi,Rapeseed &Mustard,5518,4188,0.758970642
Bihar,BEGUSARAI,2001,Rabi,Wheat,56277,107892,1.917159763
Bihar,BEGUSARAI,2001,Summer,Maize,3557,8637,2.428169806
Bihar,BEGUSARAI,2001,Summer,Rice,5489,2996,0.545818911
Bihar,BEGUSARAI,2001,Whole Year,Banana,278,23786,85.56115108
Bihar,BEGUSARAI,2001,Whole Year,Coriander,42,24,0.571428571
Bihar,BEGUSARAI,2001,Whole Year,Dry chillies,771,540,0.700389105
Bihar,BEGUSARAI,2001,Whole Year,Garlic,7,10,1.428571429
Bihar,BEGUSARAI,2001,Whole Year,Onion,143,1594,11.14685315
Bihar,BEGUSARAI,2001,Whole Year,Potato,3442,34946,10.15281813
Bihar,BEGUSARAI,2001,Whole Year,Sugarcane,3227,149672,46.38115897
Bihar,BEGUSARAI,2001,Whole Year,Sweet potato,52,626,12.03846154
Bihar,BEGUSARAI,2001,Whole Year,Tobacco,5,7,1.4
Bihar,BEGUSARAI,2001,Whole Year,Turmeric,160,93,0.58125
Bihar,BEGUSARAI,2002,Autumn,Maize,40819,54458,1.334133614
Bihar,BEGUSARAI,2002,Autumn,Rice,4958,5188,1.046389673
Bihar,BEGUSARAI,2002,Kharif,Arhar/Tur,1327,1839,1.385832705
Bihar,BEGUSARAI,2002,Kharif,Castor seed,23,23,1
Bihar,BEGUSARAI,2002,Kharif,Horse-gram,324,258,0.796296296
Bihar,BEGUSARAI,2002,Kharif,Mesta,16,96,6
Bihar,BEGUSARAI,2002,Kharif,Moong(Green Gram),98,49,0.5
Bihar,BEGUSARAI,2002,Kharif,Other Kharif pulses,4,2,0.5
Bihar,BEGUSARAI,2002,Kharif,Ragi,51,35,0.68627451
Bihar,BEGUSARAI,2002,Kharif,Sesamum,36,22,0.611111111
Bihar,BEGUSARAI,2002,Kharif,Small millets,260,201,0.773076923
Bihar,BEGUSARAI,2002,Kharif,Sunflower,46,60,1.304347826
Bihar,BEGUSARAI,2002,Kharif,Urad,587,412,0.701873935
Bihar,BEGUSARAI,2002,Rabi,Barley,11,10,0.909090909
Bihar,BEGUSARAI,2002,Rabi,Gram,72,69,0.958333333
Bihar,BEGUSARAI,2002,Rabi,Khesari,40,35,0.875
Bihar,BEGUSARAI,2002,Rabi,Maize,18009,33299,1.849019934
Bihar,BEGUSARAI,2002,Rabi,Masoor,882,432,0.489795918
Bihar,BEGUSARAI,2002,Rabi,Peas & beans (Pulses),1159,1035,0.893011217
Bihar,BEGUSARAI,2002,Rabi,Rapeseed &Mustard,5074,3704,0.729996058
Bihar,BEGUSARAI,2002,Rabi,Wheat,56065,103343,1.843271203
Bihar,BEGUSARAI,2002,Summer,Maize,3641,9901,2.719307882
Bihar,BEGUSARAI,2002,Summer,Moong(Green Gram),582,290,0.498281787
Bihar,BEGUSARAI,2002,Summer,Rice,353,521,1.47592068
Bihar,BEGUSARAI,2002,Whole Year,Banana,306,24560,80.26143791
Bihar,BEGUSARAI,2002,Whole Year,Coriander,14,9,0.642857143
Bihar,BEGUSARAI,2002,Whole Year,Dry chillies,865,502,0.580346821
Bihar,BEGUSARAI,2002,Whole Year,Dry ginger,3,4,1.333333333
Bihar,BEGUSARAI,2002,Whole Year,Garlic,1,1,1
Bihar,BEGUSARAI,2002,Whole Year,Onion,101,868,8.594059406
Bihar,BEGUSARAI,2002,Whole Year,Potato,3619,38291,10.58054711
Bihar,BEGUSARAI,2002,Whole Year,Sannhamp,87,62,0.712643678
Bihar,BEGUSARAI,2002,Whole Year,Sugarcane,3024,119578,39.54298942
Bihar,BEGUSARAI,2002,Whole Year,Sweet potato,49,721,14.71428571
Bihar,BEGUSARAI,2002,Whole Year,Tobacco,5,6,1.2
Bihar,BEGUSARAI,2002,Whole Year,Turmeric,178,176,0.988764045
Bihar,BEGUSARAI,2002,Winter,Rice,23986,22764,0.949053615
Bihar,BEGUSARAI,2003,Autumn,Rice,4742,6530,1.377056094
Bihar,BEGUSARAI,2003,Kharif,Arhar/Tur,1228,1006,0.819218241
Bihar,BEGUSARAI,2003,Kharif,Castor seed,75,74,0.986666667
Bihar,BEGUSARAI,2003,Kharif,Horse-gram,220,163,0.740909091
Bihar,BEGUSARAI,2003,Kharif,Jowar,29,29,1
Bihar,BEGUSARAI,2003,Kharif,Maize,40362,76611,1.89809722
Bihar,BEGUSARAI,2003,Kharif,Moong(Green Gram),67,38,0.567164179
Bihar,BEGUSARAI,2003,Kharif,Other Kharif pulses,74,41,0.554054054
Bihar,BEGUSARAI,2003,Kharif,Ragi,25,17,0.68
Bihar,BEGUSARAI,2003,Kharif,Sesamum,96,73,0.760416667
Bihar,BEGUSARAI,2003,Kharif,Small millets,230,181,0.786956522
Bihar,BEGUSARAI,2003,Kharif,Sunflower,3,4,1.333333333
Bihar,BEGUSARAI,2003,Kharif,Urad,979,728,0.743615935
Bihar,BEGUSARAI,2003,Rabi,Barley,34,30,0.882352941
Bihar,BEGUSARAI,2003,Rabi,Gram,70,67,0.957142857
Bihar,BEGUSARAI,2003,Rabi,Khesari,53,53,1
Bihar,BEGUSARAI,2003,Rabi,Linseed,9,7,0.777777778
Bihar,BEGUSARAI,2003,Rabi,Maize,16840,37284,2.214014252
Bihar,BEGUSARAI,2003,Rabi,Masoor,850,711,0.836470588
Bihar,BEGUSARAI,2003,Rabi,Other  Rabi pulses,158,117,0.740506329
Bihar,BEGUSARAI,2003,Rabi,Peas & beans (Pulses),1373,1282,0.933721777
Bihar,BEGUSARAI,2003,Rabi,Rapeseed &Mustard,5076,5360,1.055949567
Bihar,BEGUSARAI,2003,Rabi,Safflower,1,1,1
Bihar,BEGUSARAI,2003,Rabi,Wheat,55379,107492,1.941024576
Bihar,BEGUSARAI,2003,Summer,Maize,3675,11057,3.008707483
Bihar,BEGUSARAI,2003,Summer,Moong(Green Gram),575,279,0.485217391
Bihar,BEGUSARAI,2003,Summer,Rice,328,436,1.329268293
Bihar,BEGUSARAI,2003,Whole Year,Banana,323,25039,77.52012384
Bihar,BEGUSARAI,2003,Whole Year,Coriander,15,10,0.666666667
Bihar,BEGUSARAI,2003,Whole Year,Dry chillies,901,649,0.720310766
Bihar,BEGUSARAI,2003,Whole Year,Garlic,8,12,1.5
Bihar,BEGUSARAI,2003,Whole Year,Onion,161,1528,9.49068323
Bihar,BEGUSARAI,2003,Whole Year,Potato,3772,41363,10.96580064
Bihar,BEGUSARAI,2003,Whole Year,Sannhamp,56,35,0.625
Bihar,BEGUSARAI,2003,Whole Year,Sugarcane,3357,146746,43.71343461
Bihar,BEGUSARAI,2003,Whole Year,Sweet potato,72,1004,13.94444444
Bihar,BEGUSARAI,2003,Whole Year,Turmeric,194,192,0.989690722
Bihar,BEGUSARAI,2003,Winter,Rice,21832,29364,1.344998168
Bihar,BEGUSARAI,2004,Autumn,Rice,4922,4406,0.895164567
Bihar,BEGUSARAI,2004,Kharif,Arhar/Tur,1136,1844,1.623239437
Bihar,BEGUSARAI,2004,Kharif,Castor seed,81,76,0.938271605
Bihar,BEGUSARAI,2004,Kharif,Jowar,27,27,1
Bihar,BEGUSARAI,2004,Kharif,Jute,3,24,8
Bihar,BEGUSARAI,2004,Kharif,Maize,40164,60514,1.506672642
Bihar,BEGUSARAI,2004,Kharif,Mesta,125,997,7.976
Bihar,BEGUSARAI,2004,Kharif,Moong(Green Gram),74,43,0.581081081
Bihar,BEGUSARAI,2004,Kharif,Other Kharif pulses,177,98,0.553672316
Bihar,BEGUSARAI,2004,Kharif,Ragi,31,21,0.677419355
Bihar,BEGUSARAI,2004,Kharif,Sesamum,89,68,0.764044944
Bihar,BEGUSARAI,2004,Kharif,Small millets,233,191,0.819742489
Bihar,BEGUSARAI,2004,Kharif,Sunflower,104,144,1.384615385
Bihar,BEGUSARAI,2004,Kharif,Urad,938,696,0.742004264
Bihar,BEGUSARAI,2004,Rabi,Barley,39,41,1.051282051
Bihar,BEGUSARAI,2004,Rabi,Gram,67,41,0.611940299
Bihar,BEGUSARAI,2004,Rabi,Khesari,53,27,0.509433962
Bihar,BEGUSARAI,2004,Rabi,Linseed,9,8,0.888888889
Bihar,BEGUSARAI,2004,Rabi,Maize,16845,39788,2.36200653
Bihar,BEGUSARAI,2004,Rabi,Masoor,795,684,0.860377358
Bihar,BEGUSARAI,2004,Rabi,Other  Rabi pulses,175,132,0.754285714
Bihar,BEGUSARAI,2004,Rabi,Peas & beans (Pulses),948,834,0.879746835
Bihar,BEGUSARAI,2004,Rabi,Rapeseed &Mustard,4894,7522,1.536984062
Bihar,BEGUSARAI,2004,Rabi,Wheat,52639,88559,1.682383784
Bihar,BEGUSARAI,2004,Summer,Maize,3239,7065,2.181228774
Bihar,BEGUSARAI,2004,Summer,Moong(Green Gram),559,255,0.456171735
Bihar,BEGUSARAI,2004,Summer,Rice,376,595,1.582446809
Bihar,BEGUSARAI,2004,Whole Year,Banana,282,3615,12.81914894
Bihar,BEGUSARAI,2004,Whole Year,Coriander,38,25,0.657894737
Bihar,BEGUSARAI,2004,Whole Year,Dry chillies,831,590,0.709987966
Bihar,BEGUSARAI,2004,Whole Year,Garlic,10,15,1.5
Bihar,BEGUSARAI,2004,Whole Year,Onion,164,956,5.829268293
Bihar,BEGUSARAI,2004,Whole Year,Potato,3770,37732,10.00848806
Bihar,BEGUSARAI,2004,Whole Year,Sannhamp,42,34,0.80952381
Bihar,BEGUSARAI,2004,Whole Year,Sugarcane,2937,79407,27.03677222
Bihar,BEGUSARAI,2004,Whole Year,Sweet potato,95,1471,15.48421053
Bihar,BEGUSARAI,2004,Whole Year,Tobacco,2,2,1
Bihar,BEGUSARAI,2004,Whole Year,Turmeric,196,194,0.989795918
Bihar,BEGUSARAI,2004,Winter,Rice,19600,7591,0.387295918
Bihar,BEGUSARAI,2005,Autumn,Rice,5453,4384,0.803961122
Bihar,BEGUSARAI,2005,Kharif,Arhar/Tur,1097,1644,1.498632634
Bihar,BEGUSARAI,2005,Kharif,Castor seed,90,84,0.933333333
Bihar,BEGUSARAI,2005,Kharif,Horse-gram,229,197,0.860262009
Bihar,BEGUSARAI,2005,Kharif,Jowar,24,25,1.041666667
Bihar,BEGUSARAI,2005,Kharif,Jute,3,30,10
Bihar,BEGUSARAI,2005,Kharif,Maize,40910,61138,1.494451234
Bihar,BEGUSARAI,2005,Kharif,Moong(Green Gram),144,85,0.590277778
Bihar,BEGUSARAI,2005,Kharif,Other Kharif pulses,77,44,0.571428571
Bihar,BEGUSARAI,2005,Kharif,Ragi,48,43,0.895833333
Bihar,BEGUSARAI,2005,Kharif,Sesamum,63,50,0.793650794
Bihar,BEGUSARAI,2005,Kharif,Small millets,212,161,0.759433962
Bihar,BEGUSARAI,2005,Kharif,Sunflower,79,107,1.35443038
Bihar,BEGUSARAI,2005,Kharif,Urad,1208,888,0.735099338
Bihar,BEGUSARAI,2005,Rabi,Barley,29,25,0.862068966
Bihar,BEGUSARAI,2005,Rabi,Gram,56,49,0.875
Bihar,BEGUSARAI,2005,Rabi,Khesari,58,70,1.206896552
Bihar,BEGUSARAI,2005,Rabi,Linseed,14,11,0.785714286
Bihar,BEGUSARAI,2005,Rabi,Maize,16733,56089,3.351999044
Bihar,BEGUSARAI,2005,Rabi,Masoor,801,507,0.632958801
Bihar,BEGUSARAI,2005,Rabi,Peas & beans (Pulses),1020,989,0.969607843
Bihar,BEGUSARAI,2005,Rabi,Rapeseed &Mustard,4840,8872,1.833057851
Bihar,BEGUSARAI,2005,Rabi,Safflower,4,3,0.75
Bihar,BEGUSARAI,2005,Rabi,Wheat,52421,90970,1.735373228
Bihar,BEGUSARAI,2005,Summer,Maize,3251,6974,2.145186097
Bihar,BEGUSARAI,2005,Summer,Moong(Green Gram),534,327,0.612359551
Bihar,BEGUSARAI,2005,Summer,Rice,327,266,0.813455657
Bihar,BEGUSARAI,2005,Whole Year,Banana,295,10829,36.70847458
Bihar,BEGUSARAI,2005,Whole Year,Coriander,54,35,0.648148148
Bihar,BEGUSARAI,2005,Whole Year,Dry chillies,839,696,0.829558999
Bihar,BEGUSARAI,2005,Whole Year,Dry ginger,1,2,2
Bihar,BEGUSARAI,2005,Whole Year,Garlic,15,22,1.466666667
Bihar,BEGUSARAI,2005,Whole Year,Onion,180,1571,8.727777778
Bihar,BEGUSARAI,2005,Whole Year,Potato,3757,32943,8.76843226
Bihar,BEGUSARAI,2005,Whole Year,Sannhamp,46,37,0.804347826
Bihar,BEGUSARAI,2005,Whole Year,Sugarcane,2035,77770,38.21621622
Bihar,BEGUSARAI,2005,Whole Year,Sweet potato,236,3706,15.70338983
Bihar,BEGUSARAI,2005,Whole Year,Tobacco,3,3,1
Bihar,BEGUSARAI,2005,Whole Year,Turmeric,300,292,0.973333333
Bihar,BEGUSARAI,2005,Winter,Rice,18763,3636,0.193785642
Bihar,BEGUSARAI,2006,Autumn,Rice,5554,4432,0.797983435
Bihar,BEGUSARAI,2006,Kharif,Arhar/Tur,1052,1205,1.145437262
Bihar,BEGUSARAI,2006,Kharif,Jowar,24,25,1.041666667
Bihar,BEGUSARAI,2006,Kharif,Jute,3,31,10.33333333
Bihar,BEGUSARAI,2006,Kharif,Maize,42678,51721,1.211889029
Bihar,BEGUSARAI,2006,Kharif,Mesta,97,828,8.536082474
Bihar,BEGUSARAI,2006,Kharif,Moong(Green Gram),130,82,0.630769231
Bihar,BEGUSARAI,2006,Kharif,Ragi,41,36,0.87804878
Bihar,BEGUSARAI,2006,Kharif,Sannhamp,48,40,0.833333333
Bihar,BEGUSARAI,2006,Kharif,Sesamum,67,51,0.76119403
Bihar,BEGUSARAI,2006,Kharif,Urad,1209,888,0.734491315
Bihar,BEGUSARAI,2006,Rabi,Barley,27,41,1.518518519
Bihar,BEGUSARAI,2006,Rabi,Gram,51,38,0.745098039
Bihar,BEGUSARAI,2006,Rabi,Khesari,167,206,1.233532934
Bihar,BEGUSARAI,2006,Rabi,Linseed,10,8,0.8
Bihar,BEGUSARAI,2006,Rabi,Maize,17164,68175,3.971976229
Bihar,BEGUSARAI,2006,Rabi,Masoor,818,658,0.804400978
Bihar,BEGUSARAI,2006,Rabi,Peas & beans (Pulses),1026,954,0.929824561
Bihar,BEGUSARAI,2006,Rabi,Rapeseed &Mustard,5053,7079,1.400949931
Bihar,BEGUSARAI,2006,Rabi,Sunflower,138,176,1.275362319
Bihar,BEGUSARAI,2006,Rabi,Wheat,52751,114505,2.17066975
Bihar,BEGUSARAI,2006,Summer,Maize,3445,11863,3.443541364
Bihar,BEGUSARAI,2006,Summer,Moong(Green Gram),546,287,0.525641026
Bihar,BEGUSARAI,2006,Summer,Rice,321,407,1.267912773
Bihar,BEGUSARAI,2006,Winter,Rice,18576,29080,1.56546081
Bihar,BEGUSARAI,2007,Autumn,Maize,44761,44492,0.993990304
Bihar,BEGUSARAI,2007,Autumn,Rice,5990,677,0.113021703
Bihar,BEGUSARAI,2007,Kharif,Arhar/Tur,1057,1869,1.768211921
Bihar,BEGUSARAI,2007,Kharif,Groundnut,16,12,0.75
Bihar,BEGUSARAI,2007,Kharif,Jowar,253,277,1.09486166
Bihar,BEGUSARAI,2007,Kharif,Jute,3,28,9.333333333
Bihar,BEGUSARAI,2007,Kharif,Mesta,86,796,9.255813953
Bihar,BEGUSARAI,2007,Kharif,Moong(Green Gram),296,196,0.662162162
Bihar,BEGUSARAI,2007,Kharif,Other Kharif pulses,17,11,0.647058824
Bihar,BEGUSARAI,2007,Kharif,Ragi,40,24,0.6
Bihar,BEGUSARAI,2007,Kharif,Sannhamp,45,200,4.444444444
Bihar,BEGUSARAI,2007,Kharif,Sesamum,52,43,0.826923077
Bihar,BEGUSARAI,2007,Kharif,Small millets,282,217,0.769503546
Bihar,BEGUSARAI,2007,Kharif,Urad,1410,946,0.670921986
Bihar,BEGUSARAI,2007,Rabi,Barley,17,19,1.117647059
Bihar,BEGUSARAI,2007,Rabi,Gram,18,20,1.111111111
Bihar,BEGUSARAI,2007,Rabi,Khesari,162,156,0.962962963
Bihar,BEGUSARAI,2007,Rabi,Maize,17595,63008,3.581017334
Bihar,BEGUSARAI,2007,Rabi,Masoor,778,806,1.035989717
Bihar,BEGUSARAI,2007,Rabi,Peas & beans (Pulses),696,688,0.988505747
Bihar,BEGUSARAI,2007,Rabi,Rapeseed &Mustard,5010,4138,0.825948104
Bihar,BEGUSARAI,2007,Rabi,Sunflower,38,52,1.368421053
Bihar,BEGUSARAI,2007,Rabi,Wheat,53049,119495,2.252540104
Bihar,BEGUSARAI,2007,Summer,Maize,3680,13072,3.552173913
Bihar,BEGUSARAI,2007,Summer,Moong(Green Gram),517,493,0.953578337
Bihar,BEGUSARAI,2007,Summer,Rice,317,375,1.1829653
Bihar,BEGUSARAI,2007,Whole Year,Banana,299,3908,13.07023411
Bihar,BEGUSARAI,2007,Whole Year,Coriander,45,33,0.733333333
Bihar,BEGUSARAI,2007,Whole Year,Dry chillies,657,1235,1.879756469
Bihar,BEGUSARAI,2007,Whole Year,Onion,196,1676,8.551020408
Bihar,BEGUSARAI,2007,Whole Year,Potato,4565,40159,8.797152245
Bihar,BEGUSARAI,2007,Whole Year,Sugarcane,1905,1228,0.644619423
Bihar,BEGUSARAI,2007,Whole Year,Sweet potato,41,546,13.31707317
Bihar,BEGUSARAI,2007,Whole Year,Turmeric,235,230,0.978723404
Bihar,BEGUSARAI,2007,Winter,Rice,19020,637,0.033491062
Bihar,BEGUSARAI,2008,Autumn,Maize,38775,44479,1.147105093
Bihar,BEGUSARAI,2008,Autumn,Rice,5473,7304,1.334551434
Bihar,BEGUSARAI,2008,Kharif,Arhar/Tur,919,1599,1.739934712
Bihar,BEGUSARAI,2008,Kharif,Moong(Green Gram),162,90,0.555555556
Bihar,BEGUSARAI,2008,Kharif,Other Kharif pulses,146,85,0.582191781
Bihar,BEGUSARAI,2008,Kharif,Potato,203,1523,7.502463054
Bihar,BEGUSARAI,2008,Kharif,Ragi,13,11,0.846153846
Bihar,BEGUSARAI,2008,Kharif,Small millets,193,152,0.787564767
Bihar,BEGUSARAI,2008,Kharif,Urad,777,599,0.770913771
Bihar,BEGUSARAI,2008,Rabi,Barley,14,9,0.642857143
Bihar,BEGUSARAI,2008,Rabi,Gram,26,23,0.884615385
Bihar,BEGUSARAI,2008,Rabi,Khesari,146,141,0.965753425
Bihar,BEGUSARAI,2008,Rabi,Maize,14549,30611,2.103993402
Bihar,BEGUSARAI,2008,Rabi,Masoor,492,385,0.782520325
Bihar,BEGUSARAI,2008,Rabi,Peas & beans (Pulses),1165,1121,0.96223176
Bihar,BEGUSARAI,2008,Rabi,Potato,865,1220,1.410404624
Bihar,BEGUSARAI,2008,Rabi,Rapeseed &Mustard,4185,8387,2.004062127
Bihar,BEGUSARAI,2008,Rabi,Sunflower,38,52,1.368421053
Bihar,BEGUSARAI,2008,Rabi,Wheat,53410,105190,1.969481371
Bihar,BEGUSARAI,2008,Summer,Maize,3007,9719,3.232125042
Bihar,BEGUSARAI,2008,Summer,Moong(Green Gram),523,350,0.669216061
Bihar,BEGUSARAI,2008,Summer,Rice,282,456,1.617021277
Bihar,BEGUSARAI,2008,Whole Year,Dry chillies,324,758,2.339506173
Bihar,BEGUSARAI,2008,Whole Year,Sugarcane,943,15973,16.93849417
Bihar,BEGUSARAI,2008,Winter,Rice,15398,16859,1.094882452
Bihar,BEGUSARAI,2009,Autumn,Maize,40914,34429,0.841496798
Bihar,BEGUSARAI,2009,Autumn,Rice,10431,7045,0.675390662
Bihar,BEGUSARAI,2009,Kharif,Arhar/Tur,717,895,1.248256625
Bihar,BEGUSARAI,2009,Kharif,Horse-gram,259,249,0.961389961
Bihar,BEGUSARAI,2009,Kharif,Jowar,93,96,1.032258065
Bihar,BEGUSARAI,2009,Kharif,Mesta,11,79,7.181818182
Bihar,BEGUSARAI,2009,Kharif,Moong(Green Gram),217,144,0.66359447
Bihar,BEGUSARAI,2009,Kharif,Other Kharif pulses,27,20,0.740740741
Bihar,BEGUSARAI,2009,Kharif,Ragi,26,21,0.807692308
Bihar,BEGUSARAI,2009,Kharif,Sannhamp,25,20,0.8
Bihar,BEGUSARAI,2009,Kharif,Small millets,221,171,0.773755656
Bihar,BEGUSARAI,2009,Kharif,Urad,1113,1102,0.990116801
Bihar,BEGUSARAI,2009,Rabi,Barley,38,30,0.789473684
Bihar,BEGUSARAI,2009,Rabi,Gram,21,27,1.285714286
Bihar,BEGUSARAI,2009,Rabi,Khesari,52,52,1
Bihar,BEGUSARAI,2009,Rabi,Linseed,46,39,0.847826087
Bihar,BEGUSARAI,2009,Rabi,Maize,16621,10072,0.605980386
Bihar,BEGUSARAI,2009,Rabi,Masoor,675,427,0.632592593
Bihar,BEGUSARAI,2009,Rabi,Other  Rabi pulses,4,3,0.75
Bihar,BEGUSARAI,2009,Rabi,Peas & beans (Pulses),1319,1320,1.00075815
Bihar,BEGUSARAI,2009,Rabi,Rapeseed &Mustard,6308,9367,1.484939759
Bihar,BEGUSARAI,2009,Rabi,Sunflower,6,8,1.333333333
Bihar,BEGUSARAI,2009,Rabi,Wheat,56831,108181,1.903556158
Bihar,BEGUSARAI,2009,Summer,Maize,4051,9790,2.416687238
Bihar,BEGUSARAI,2009,Summer,Moong(Green Gram),457,474,1.037199125
Bihar,BEGUSARAI,2009,Summer,Rice,870,1459,1.677011494
Bihar,BEGUSARAI,2009,Whole Year,Sugarcane,1112,35679,32.08543165
Bihar,BEGUSARAI,2009,Whole Year,Tobacco,1,2,2
Bihar,BEGUSARAI,2009,Winter,Rice,18393,7370,0.400695917
Bihar,BEGUSARAI,2010,Autumn,Maize,37501,69047,1.841204235
Bihar,BEGUSARAI,2010,Autumn,Rice,10512,4902,0.466324201
Bihar,BEGUSARAI,2010,Kharif,Arhar/Tur,601,983,1.635607321
Bihar,BEGUSARAI,2010,Kharif,Horse-gram,252,238,0.944444444
Bihar,BEGUSARAI,2010,Kharif,Jowar,89,94,1.056179775
Bihar,BEGUSARAI,2010,Kharif,Mesta,21,177,8.428571429
Bihar,BEGUSARAI,2010,Kharif,Moong(Green Gram),140,92,0.657142857
Bihar,BEGUSARAI,2010,Kharif,Other Kharif pulses,25,17,0.68
Bihar,BEGUSARAI,2010,Kharif,Ragi,38,37,0.973684211
Bihar,BEGUSARAI,2010,Kharif,Sesamum,17,13,0.764705882
Bihar,BEGUSARAI,2010,Kharif,Small millets,96,75,0.78125
Bihar,BEGUSARAI,2010,Kharif,Urad,941,821,0.872476089
Bihar,BEGUSARAI,2010,Rabi,Barley,32,30,0.9375
Bihar,BEGUSARAI,2010,Rabi,Gram,15,14,0.933333333
Bihar,BEGUSARAI,2010,Rabi,Khesari,64,50,0.78125
Bihar,BEGUSARAI,2010,Rabi,Linseed,1,1,1
Bihar,BEGUSARAI,2010,Rabi,Maize,16654,59455,3.57001321
Bihar,BEGUSARAI,2010,Rabi,Masoor,740,625,0.844594595
Bihar,BEGUSARAI,2010,Rabi,Other  Rabi pulses,4,3,0.75
Bihar,BEGUSARAI,2010,Rabi,Peas & beans (Pulses),1332,1379,1.035285285
Bihar,BEGUSARAI,2010,Rabi,Rapeseed &Mustard,9017,16438,1.823000998
Bihar,BEGUSARAI,2010,Rabi,Sunflower,64,92,1.4375
Bihar,BEGUSARAI,2010,Rabi,Wheat,52684,139906,2.655569053
Bihar,BEGUSARAI,2010,Summer,Maize,2944,9051,3.074388587
Bihar,BEGUSARAI,2010,Summer,Moong(Green Gram),300,301,1.003333333
Bihar,BEGUSARAI,2010,Summer,Rice,1070,2062,1.927102804
Bihar,BEGUSARAI,2010,Whole Year,Sugarcane,6256,509782,81.48689258
Bihar,BEGUSARAI,2010,Whole Year,Tobacco,6,11,1.833333333
Bihar,BEGUSARAI,2010,Winter,Rice,18175,5027,0.276588721
Bihar,BEGUSARAI,2011,Autumn,Maize,38014,26167,0.68835166
Bihar,BEGUSARAI,2011,Autumn,Rice,10530,13383,1.270940171
Bihar,BEGUSARAI,2011,Kharif,Arhar/Tur,592,1455,2.45777027
Bihar,BEGUSARAI,2011,Kharif,Castor seed,8,8,1
Bihar,BEGUSARAI,2011,Kharif,Groundnut,9,9,1
Bihar,BEGUSARAI,2011,Kharif,Horse-gram,254,242,0.952755906
Bihar,BEGUSARAI,2011,Kharif,Jowar,93,99,1.064516129
Bihar,BEGUSARAI,2011,Kharif,Mesta,21,260,12.38095238
Bihar,BEGUSARAI,2011,Kharif,Moong(Green Gram),139,84,0.604316547
Bihar,BEGUSARAI,2011,Kharif,Other Kharif pulses,27,21,0.777777778
Bihar,BEGUSARAI,2011,Kharif,Ragi,39,47,1.205128205
Bihar,BEGUSARAI,2011,Kharif,Sesamum,9,8,0.888888889
Bihar,BEGUSARAI,2011,Kharif,Small millets,702,552,0.786324786
Bihar,BEGUSARAI,2011,Kharif,Urad,953,835,0.876180483
Bihar,BEGUSARAI,2011,Rabi,Barley,31,21,0.677419355
Bihar,BEGUSARAI,2011,Rabi,Gram,15,16,1.066666667
Bihar,BEGUSARAI,2011,Rabi,Khesari,46,42,0.913043478
Bihar,BEGUSARAI,2011,Rabi,Linseed,1,1,1
Bihar,BEGUSARAI,2011,Rabi,Maize,16269,102234,6.283975659
Bihar,BEGUSARAI,2011,Rabi,Masoor,730,1112,1.523287671
Bihar,BEGUSARAI,2011,Rabi,Other  Rabi pulses,4,4,1
Bihar,BEGUSARAI,2011,Rabi,Peas & beans (Pulses),1219,1257,1.031173093
Bihar,BEGUSARAI,2011,Rabi,Rapeseed &Mustard,10400,20561,1.977019231
Bihar,BEGUSARAI,2011,Rabi,Sunflower,35,50,1.428571429
Bihar,BEGUSARAI,2011,Rabi,Wheat,52432,196892,3.755187672
Bihar,BEGUSARAI,2011,Summer,Maize,3442,11460,3.329459617
Bihar,BEGUSARAI,2011,Summer,Moong(Green Gram),399,441,1.105263158
Bihar,BEGUSARAI,2011,Summer,Rice,256,449,1.75390625
Bihar,BEGUSARAI,2011,Whole Year,Tobacco,6,11,1.833333333
Bihar,BEGUSARAI,2011,Winter,Rice,18447,37271,2.020436927
Bihar,BEGUSARAI,2012,Autumn,Maize,40917,112788,2.756507075
Bihar,BEGUSARAI,2012,Autumn,Rice,10446,20333,1.946486693
Bihar,BEGUSARAI,2012,Kharif,Arhar/Tur,919,2524,2.746463547
Bihar,BEGUSARAI,2012,Kharif,Groundnut,9,9,1
Bihar,BEGUSARAI,2012,Kharif,Horse-gram,261,253,0.969348659
Bihar,BEGUSARAI,2012,Kharif,Jowar,96,103,1.072916667
Bihar,BEGUSARAI,2012,Kharif,Mesta,11,26,2.363636364
Bihar,BEGUSARAI,2012,Kharif,Moong(Green Gram),232,151,0.650862069
Bihar,BEGUSARAI,2012,Kharif,Other Kharif pulses,30,23,0.766666667
Bihar,BEGUSARAI,2012,Kharif,Ragi,26,31,1.192307692
Bihar,BEGUSARAI,2012,Kharif,Sannhamp,26,21,0.807692308
Bihar,BEGUSARAI,2012,Kharif,Sesamum,11,10,0.909090909
Bihar,BEGUSARAI,2012,Kharif,Small millets,222,175,0.788288288
Bihar,BEGUSARAI,2012,Kharif,Urad,1138,1000,0.878734622
Bihar,BEGUSARAI,2012,Rabi,Barley,14,20,1.428571429
Bihar,BEGUSARAI,2012,Rabi,Gram,26,28,1.076923077
Bihar,BEGUSARAI,2012,Rabi,Khesari,146,206,1.410958904
Bihar,BEGUSARAI,2012,Rabi,Maize,14549,49758,3.420028868
Bihar,BEGUSARAI,2012,Rabi,Masoor,492,698,1.418699187
Bihar,BEGUSARAI,2012,Rabi,Peas & beans (Pulses),1165,1213,1.041201717
Bihar,BEGUSARAI,2012,Rabi,Rapeseed &Mustard,4242,12136,2.860914663
Bihar,BEGUSARAI,2012,Rabi,Sunflower,4,6,1.5
Bihar,BEGUSARAI,2012,Rabi,Wheat,52977,155436,2.934027974
Bihar,BEGUSARAI,2012,Summer,Maize,4051,20238,4.995803505
Bihar,BEGUSARAI,2012,Summer,Moong(Green Gram),457,285,0.623632385
Bihar,BEGUSARAI,2012,Summer,Rice,870,2262,2.6
Bihar,BEGUSARAI,2012,Whole Year,Sugarcane,8166,736812,90.2292432
Bihar,BEGUSARAI,2012,Winter,Rice,16597,33263,2.004157378
Bihar,BEGUSARAI,2013,Autumn,Maize,37500,50191,1.338426667
Bihar,BEGUSARAI,2013,Autumn,Rice,10512,8367,0.795947489
Bihar,BEGUSARAI,2013,Kharif,Arhar/Tur,576,582,1.010416667
Bihar,BEGUSARAI,2013,Kharif,Groundnut,9,9,1
Bihar,BEGUSARAI,2013,Kharif,Horse-gram,249,237,0.951807229
Bihar,BEGUSARAI,2013,Kharif,Jowar,92,98,1.065217391
Bihar,BEGUSARAI,2013,Kharif,Mesta,21,320,15.23809524
Bihar,BEGUSARAI,2013,Kharif,Moong(Green Gram),138,94,0.68115942
Bihar,BEGUSARAI,2013,Kharif,Other Kharif pulses,24,19,0.791666667
Bihar,BEGUSARAI,2013,Kharif,Ragi,38,39,1.026315789
Bihar,BEGUSARAI,2013,Kharif,Sannhamp,13,10,0.769230769
Bihar,BEGUSARAI,2013,Kharif,Sesamum,16,14,0.875
Bihar,BEGUSARAI,2013,Kharif,Small millets,35,27,0.771428571
Bihar,BEGUSARAI,2013,Kharif,Urad,892,814,0.912556054
Bihar,BEGUSARAI,2013,Rabi,Barley,46,64,1.391304348
Bihar,BEGUSARAI,2013,Rabi,Gram,13,19,1.461538462
Bihar,BEGUSARAI,2013,Rabi,Khesari,51,76,1.490196078
Bihar,BEGUSARAI,2013,Rabi,Linseed,2,2,1
Bihar,BEGUSARAI,2013,Rabi,Maize,16134,71877,4.455001859
Bihar,BEGUSARAI,2013,Rabi,Masoor,741,1123,1.515519568
Bihar,BEGUSARAI,2013,Rabi,Other  Rabi pulses,6,6,1
Bihar,BEGUSARAI,2013,Rabi,Peas & beans (Pulses),1281,1358,1.06010929
Bihar,BEGUSARAI,2013,Rabi,Rapeseed &Mustard,8117,17167,2.114943945
Bihar,BEGUSARAI,2013,Rabi,Sunflower,76,109,1.434210526
Bihar,BEGUSARAI,2013,Rabi,Wheat,55148,185865,3.37029448
Bihar,BEGUSARAI,2013,Summer,Maize,2516,7041,2.798489666
Bihar,BEGUSARAI,2013,Summer,Moong(Green Gram),602,697,1.157807309
Bihar,BEGUSARAI,2013,Summer,Rice,1023,2386,2.332355816
Bihar,BEGUSARAI,2013,Whole Year,Sugarcane,1394,100907,72.3866571
Bihar,BEGUSARAI,2013,Whole Year,Tobacco,6,11,1.833333333
Bihar,BEGUSARAI,2013,Winter,Rice,18040,21989,1.218902439
Bihar,BEGUSARAI,2014,Autumn,Maize,30672,61233,1.996381064
Bihar,BEGUSARAI,2014,Autumn,Rice,4515,6340,1.404208195
Bihar,BEGUSARAI,2014,Kharif,Arhar/Tur,576,1132,1.965277778
Bihar,BEGUSARAI,2014,Kharif,Groundnut,10,10,1
Bihar,BEGUSARAI,2014,Kharif,Horse-gram,249,238,0.955823293
Bihar,BEGUSARAI,2014,Kharif,Jowar,92,98,1.065217391
Bihar,BEGUSARAI,2014,Kharif,Mesta,9,120,13.33333333
Bihar,BEGUSARAI,2014,Kharif,Moong(Green Gram),147,106,0.721088435
Bihar,BEGUSARAI,2014,Kharif,Other Kharif pulses,24,19,0.791666667
Bihar,BEGUSARAI,2014,Kharif,Ragi,36,53,1.472222222
Bihar,BEGUSARAI,2014,Kharif,Sannhamp,12,10,0.833333333
Bihar,BEGUSARAI,2014,Kharif,Sesamum,17,15,0.882352941
Bihar,BEGUSARAI,2014,Kharif,Small millets,28,22,0.785714286
Bihar,BEGUSARAI,2014,Kharif,Urad,885,808,0.91299435
Bihar,BEGUSARAI,2014,Rabi,Barley,45,50,1.111111111
Bihar,BEGUSARAI,2014,Rabi,Gram,14,12,0.857142857
Bihar,BEGUSARAI,2014,Rabi,Khesari,50,34,0.68
Bihar,BEGUSARAI,2014,Rabi,Linseed,2,2,1
Bihar,BEGUSARAI,2014,Rabi,Maize,15264,51684,3.386006289
Bihar,BEGUSARAI,2014,Rabi,Masoor,740,424,0.572972973
Bihar,BEGUSARAI,2014,Rabi,Other  Rabi pulses,11,11,1
Bihar,BEGUSARAI,2014,Rabi,Peas & beans (Pulses),1241,1253,1.009669621
Bihar,BEGUSARAI,2014,Rabi,Rapeseed &Mustard,7600,11157,1.468026316
Bihar,BEGUSARAI,2014,Rabi,Sunflower,71,102,1.436619718
Bihar,BEGUSARAI,2014,Rabi,Wheat,53924,64159,1.189804169
Bihar,BEGUSARAI,2014,Summer,Maize,2057,8742,4.249878464
Bihar,BEGUSARAI,2014,Summer,Moong(Green Gram),561,325,0.579322638
Bihar,BEGUSARAI,2014,Whole Year,Sugarcane,2556,154941,60.6185446
Bihar,BEGUSARAI,2014,Whole Year,Tobacco,6,11,1.833333333
Bihar,BEGUSARAI,2014,Winter,Rice,17817,31110,1.7460852
Bihar,BHAGALPUR,1997,Autumn,Rice,1215,1867,1.536625514
Bihar,BHAGALPUR,1997,Kharif,Arhar/Tur,1185,978,0.825316456
Bihar,BHAGALPUR,1997,Kharif,Castor seed,41,32,0.780487805
Bihar,BHAGALPUR,1997,Kharif,Dry ginger,3,4,1.333333333
Bihar,BHAGALPUR,1997,Kharif,Groundnut,34,9,0.264705882
Bihar,BHAGALPUR,1997,Kharif,Maize,33950,34935,1.029013255
Bihar,BHAGALPUR,1997,Kharif,Mesta,58,394,6.793103448
Bihar,BHAGALPUR,1997,Kharif,Other Kharif pulses,1025,617,0.60195122
Bihar,BHAGALPUR,1997,Kharif,Sesamum,11,7,0.636363636
Bihar,BHAGALPUR,1997,Kharif,Small millets,1125,569,0.505777778
Bihar,BHAGALPUR,1997,Rabi,Barley,2650,2377,0.896981132
Bihar,BHAGALPUR,1997,Rabi,Gram,6131,4418,0.720600228
Bihar,BHAGALPUR,1997,Rabi,Linseed,1531,853,0.557152188
Bihar,BHAGALPUR,1997,Rabi,Maize,8820,23990,2.719954649
Bihar,BHAGALPUR,1997,Rabi,Other  Rabi pulses,82,67,0.817073171
Bihar,BHAGALPUR,1997,Rabi,Rapeseed &Mustard,2550,2609,1.023137255
Bihar,BHAGALPUR,1997,Rabi,Safflower,8,5,0.625
Bihar,BHAGALPUR,1997,Rabi,Sunflower,789,594,0.752851711
Bihar,BHAGALPUR,1997,Rabi,Tobacco,24,17,0.708333333
Bihar,BHAGALPUR,1997,Rabi,Wheat,38622,71874,1.860960075
Bihar,BHAGALPUR,1997,Summer,Maize,9135,18249,1.997701149
Bihar,BHAGALPUR,1997,Summer,Rice,248,438,1.766129032
Bihar,BHAGALPUR,1997,Whole Year,Banana,2716,42288,15.56995582
Bihar,BHAGALPUR,1997,Whole Year,Coriander,55,27,0.490909091
Bihar,BHAGALPUR,1997,Whole Year,Dry chillies,43,37,0.860465116
Bihar,BHAGALPUR,1997,Whole Year,Garlic,17,23,1.352941176
Bihar,BHAGALPUR,1997,Whole Year,Onion,136,1038,7.632352941
Bihar,BHAGALPUR,1997,Whole Year,Potato,1870,14409,7.705347594
Bihar,BHAGALPUR,1997,Whole Year,Sannhamp,202,120,0.594059406
Bihar,BHAGALPUR,1997,Whole Year,Sugarcane,1636,64609,39.49205379
Bihar,BHAGALPUR,1997,Whole Year,Sweet potato,66,870,13.18181818
Bihar,BHAGALPUR,1997,Whole Year,Turmeric,33,37,1.121212121
Bihar,BHAGALPUR,1997,Winter,Rice,51405,81057,1.576831048
Bihar,BHAGALPUR,1998,Kharif,Arhar/Tur,1573,2367,1.504767959
Bihar,BHAGALPUR,1998,Kharif,Bajra,47,28,0.595744681
Bihar,BHAGALPUR,1998,Kharif,Blackgram,6682,5025,0.752020353
Bihar,BHAGALPUR,1998,Kharif,Castor seed,23,19,0.826086957
Bihar,BHAGALPUR,1998,Kharif,Jowar,104,98,0.942307692
Bihar,BHAGALPUR,1998,Kharif,Maize,28131,37257,1.324410792
Bihar,BHAGALPUR,1998,Kharif,Other Kharif pulses,9727,7342,0.75480621
Bihar,BHAGALPUR,1998,Kharif,Sesamum,12,6,0.5
Bihar,BHAGALPUR,1998,Kharif,Small millets,182,170,0.934065934
Bihar,BHAGALPUR,1998,Kharif,Sunflower,759,599,0.789196311
Bihar,BHAGALPUR,1998,Rabi,Barley,3262,4110,1.259963213
Bihar,BHAGALPUR,1998,Rabi,Gram,5167,5544,1.072963035
Bihar,BHAGALPUR,1998,Rabi,Linseed,1281,807,0.629976581
Bihar,BHAGALPUR,1998,Rabi,Maize,8536,2787,0.326499531
Bihar,BHAGALPUR,1998,Rabi,Other  Rabi pulses,6534,5327,0.815273952
Bihar,BHAGALPUR,1998,Rabi,Rapeseed &Mustard,2504,2394,0.956070288
Bihar,BHAGALPUR,1998,Rabi,Safflower,5,3,0.6
Bihar,BHAGALPUR,1998,Rabi,Wheat,43106,92403,2.143622698
Bihar,BHAGALPUR,1998,Summer,Maize,7751,10695,1.379821958
Bihar,BHAGALPUR,1998,Summer,Rice,307,576,1.876221498
Bihar,BHAGALPUR,1998,Whole Year,Banana,2367,25682,10.85002112
Bihar,BHAGALPUR,1998,Whole Year,Coriander,182,111,0.60989011
Bihar,BHAGALPUR,1998,Whole Year,Dry chillies,27,25,0.925925926
Bihar,BHAGALPUR,1998,Whole Year,Dry ginger,4,6,1.5
Bihar,BHAGALPUR,1998,Whole Year,Garlic,39,57,1.461538462
Bihar,BHAGALPUR,1998,Whole Year,Onion,184,1645,8.940217391
Bihar,BHAGALPUR,1998,Whole Year,Potato,2405,19510,8.112266112
Bihar,BHAGALPUR,1998,Whole Year,Sannhamp,181,103,0.569060773
Bihar,BHAGALPUR,1998,Whole Year,Sugarcane,2231,90256,40.45540117
Bihar,BHAGALPUR,1998,Whole Year,Sweet potato,20,216,10.8
Bihar,BHAGALPUR,1998,Whole Year,Tobacco,25,19,0.76
Bihar,BHAGALPUR,1998,Whole Year,Turmeric,85,91,1.070588235
Bihar,BHAGALPUR,1998,Winter,Rice,49104,60757,1.237312643
Bihar,BHAGALPUR,1999,Kharif,Arhar/Tur,771,709,0.919584955
Bihar,BHAGALPUR,1999,Kharif,Bajra,1,1,1
Bihar,BHAGALPUR,1999,Kharif,Dry ginger,12,17,1.416666667
Bihar,BHAGALPUR,1999,Kharif,Horse-gram,906,717,0.791390728
Bihar,BHAGALPUR,1999,Kharif,Jowar,1458,1334,0.914951989
Bihar,BHAGALPUR,1999,Kharif,Maize,26084,28002,1.073531667
Bihar,BHAGALPUR,1999,Kharif,Moong(Green Gram),101,54,0.534653465
Bihar,BHAGALPUR,1999,Kharif,Rice,1068,1216,1.138576779
Bihar,BHAGALPUR,1999,Kharif,Sesamum,44,22,0.5
Bihar,BHAGALPUR,1999,Kharif,Sunflower,212,266,1.254716981
Bihar,BHAGALPUR,1999,Kharif,Urad,7934,6180,0.778926141
Bihar,BHAGALPUR,1999,Rabi,Gram,3823,3288,0.860057546
Bihar,BHAGALPUR,1999,Rabi,Khesari,2293,1814,0.791103358
Bihar,BHAGALPUR,1999,Rabi,Linseed,1063,596,0.560677328
Bihar,BHAGALPUR,1999,Rabi,Maize,8649,22885,2.645970632
Bihar,BHAGALPUR,1999,Rabi,Masoor,2618,1079,0.412146677
Bihar,BHAGALPUR,1999,Rabi,Moong(Green Gram),356,196,0.550561798
Bihar,BHAGALPUR,1999,Rabi,Peas & beans (Pulses),1235,883,0.714979757
Bihar,BHAGALPUR,1999,Rabi,Rapeseed &Mustard,2206,2155,0.976881233
Bihar,BHAGALPUR,1999,Rabi,Safflower,8,5,0.625
Bihar,BHAGALPUR,1999,Rabi,Wheat,42279,79926,1.890442063
Bihar,BHAGALPUR,1999,Summer,Maize,7680,18791,2.446744792
Bihar,BHAGALPUR,1999,Summer,Rice,383,697,1.819843342
Bihar,BHAGALPUR,1999,Whole Year,Banana,1109,21980,19.81965735
Bihar,BHAGALPUR,1999,Whole Year,Coriander,143,75,0.524475524
Bihar,BHAGALPUR,1999,Whole Year,Dry chillies,20,10,0.5
Bihar,BHAGALPUR,1999,Whole Year,Garlic,39,55,1.41025641
Bihar,BHAGALPUR,1999,Whole Year,Onion,196,2042,10.41836735
Bihar,BHAGALPUR,1999,Whole Year,Potato,2833,26284,9.277797388
Bihar,BHAGALPUR,1999,Whole Year,Sugarcane,1946,78523,40.35097636
Bihar,BHAGALPUR,1999,Whole Year,Sweet potato,39,532,13.64102564
Bihar,BHAGALPUR,1999,Whole Year,Turmeric,37,39,1.054054054
Bihar,BHAGALPUR,2000,Autumn,Rice,44858,49556,1.104730483
Bihar,BHAGALPUR,2000,Kharif,Arhar/Tur,771,1257,1.630350195
Bihar,BHAGALPUR,2000,Kharif,Bajra,100,83,0.83
Bihar,BHAGALPUR,2000,Kharif,Dry ginger,7,10,1.428571429
Bihar,BHAGALPUR,2000,Kharif,Horse-gram,858,663,0.772727273
Bihar,BHAGALPUR,2000,Kharif,Maize,28826,56725,1.967841532
Bihar,BHAGALPUR,2000,Kharif,Mesta,66,509,7.712121212
Bihar,BHAGALPUR,2000,Kharif,Moong(Green Gram),186,188,1.010752688
Bihar,BHAGALPUR,2000,Kharif,Other Kharif pulses,118,65,0.550847458
Bihar,BHAGALPUR,2000,Kharif,Rice,1130,1432,1.267256637
Bihar,BHAGALPUR,2000,Kharif,Sesamum,14,8,0.571428571
Bihar,BHAGALPUR,2000,Kharif,Small millets,198,103,0.52020202
Bihar,BHAGALPUR,2000,Kharif,Sunflower,258,381,1.476744186
Bihar,BHAGALPUR,2000,Kharif,Urad,9593,6035,0.629104555
Bihar,BHAGALPUR,2000,Rabi,Barley,2480,2465,0.993951613
Bihar,BHAGALPUR,2000,Rabi,Gram,4093,3594,0.878084535
Bihar,BHAGALPUR,2000,Rabi,Khesari,2695,2466,0.915027829
Bihar,BHAGALPUR,2000,Rabi,Linseed,949,647,0.681770285
Bihar,BHAGALPUR,2000,Rabi,Maize,7486,23199,3.098984772
Bihar,BHAGALPUR,2000,Rabi,Masoor,2759,2326,0.843059079
Bihar,BHAGALPUR,2000,Rabi,Moong(Green Gram),426,248,0.582159624
Bihar,BHAGALPUR,2000,Rabi,Other  Rabi pulses,306,173,0.565359477
Bihar,BHAGALPUR,2000,Rabi,Peas & beans (Pulses),2329,2247,0.964791756
Bihar,BHAGALPUR,2000,Rabi,Rapeseed &Mustard,2516,2106,0.837042925
Bihar,BHAGALPUR,2000,Rabi,Wheat,42251,87814,2.078388677
Bihar,BHAGALPUR,2000,Summer,Maize,7598,24404,3.211897868
Bihar,BHAGALPUR,2000,Summer,Rice,460,788,1.713043478
Bihar,BHAGALPUR,2000,Whole Year,Banana,1089,10171,9.339761249
Bihar,BHAGALPUR,2000,Whole Year,Coriander,67,32,0.47761194
Bihar,BHAGALPUR,2000,Whole Year,Dry chillies,19,20,1.052631579
Bihar,BHAGALPUR,2000,Whole Year,Garlic,35,49,1.4
Bihar,BHAGALPUR,2000,Whole Year,Onion,229,2338,10.20960699
Bihar,BHAGALPUR,2000,Whole Year,Potato,2569,20743,8.074347995
Bihar,BHAGALPUR,2000,Whole Year,Sugarcane,1931,67999,35.21439669
Bihar,BHAGALPUR,2000,Whole Year,Sweet potato,42,507,12.07142857
Bihar,BHAGALPUR,2000,Whole Year,Tobacco,24,28,1.166666667
Bihar,BHAGALPUR,2000,Whole Year,Turmeric,42,41,0.976190476
Bihar,BHAGALPUR,2001,Autumn,Maize,27953,65591,2.346474439
Bihar,BHAGALPUR,2001,Autumn,Rice,43555,53843,1.236207094
Bihar,BHAGALPUR,2001,Kharif,Arhar/Tur,645,935,1.449612403
Bihar,BHAGALPUR,2001,Kharif,Dry ginger,8,11,1.375
Bihar,BHAGALPUR,2001,Kharif,Horse-gram,698,560,0.802292264
Bihar,BHAGALPUR,2001,Kharif,Jowar,102,86,0.843137255
Bihar,BHAGALPUR,2001,Kharif,Mesta,199,1294,6.502512563
Bihar,BHAGALPUR,2001,Kharif,Moong(Green Gram),140,85,0.607142857
Bihar,BHAGALPUR,2001,Kharif,Other Kharif pulses,223,127,0.569506726
Bihar,BHAGALPUR,2001,Kharif,Rice,496,946,1.907258065
Bihar,BHAGALPUR,2001,Kharif,Sesamum,19,14,0.736842105
Bihar,BHAGALPUR,2001,Kharif,Small millets,650,487,0.749230769
Bihar,BHAGALPUR,2001,Kharif,Sunflower,499,697,1.396793587
Bihar,BHAGALPUR,2001,Kharif,Urad,9950,6759,0.679296482
Bihar,BHAGALPUR,2001,Rabi,Barley,2091,1901,0.909134385
Bihar,BHAGALPUR,2001,Rabi,Gram,3443,3033,0.880917804
Bihar,BHAGALPUR,2001,Rabi,Khesari,3403,2780,0.816926242
Bihar,BHAGALPUR,2001,Rabi,Linseed,1098,780,0.710382514
Bihar,BHAGALPUR,2001,Rabi,Maize,8224,36087,4.3880107
Bihar,BHAGALPUR,2001,Rabi,Masoor,3258,2258,0.693063229
Bihar,BHAGALPUR,2001,Rabi,Other  Rabi pulses,306,214,0.699346405
Bihar,BHAGALPUR,2001,Rabi,Peas & beans (Pulses),1841,1812,0.984247691
Bihar,BHAGALPUR,2001,Rabi,Rapeseed &Mustard,2409,1966,0.816106268
Bihar,BHAGALPUR,2001,Rabi,Wheat,42781,69488,1.624272457
Bihar,BHAGALPUR,2001,Summer,Maize,7364,23749,3.22501358
Bihar,BHAGALPUR,2001,Summer,Rice,1990,2228,1.11959799
Bihar,BHAGALPUR,2001,Whole Year,Banana,875,7228,8.260571429
Bihar,BHAGALPUR,2001,Whole Year,Coriander,131,76,0.580152672
Bihar,BHAGALPUR,2001,Whole Year,Dry chillies,22,22,1
Bihar,BHAGALPUR,2001,Whole Year,Garlic,38,56,1.473684211
Bihar,BHAGALPUR,2001,Whole Year,Onion,203,1939,9.551724138
Bihar,BHAGALPUR,2001,Whole Year,Potato,2487,25232,10.1455569
Bihar,BHAGALPUR,2001,Whole Year,Sugarcane,2003,93952,46.90564154
Bihar,BHAGALPUR,2001,Whole Year,Sweet potato,45,505,11.22222222
Bihar,BHAGALPUR,2001,Whole Year,Tobacco,25,28,1.12
Bihar,BHAGALPUR,2001,Whole Year,Turmeric,55,57,1.036363636
Bihar,BHAGALPUR,2002,Autumn,Maize,27812,51263,1.843197181
Bihar,BHAGALPUR,2002,Autumn,Rice,1162,1330,1.144578313
Bihar,BHAGALPUR,2002,Kharif,Arhar/Tur,775,803,1.036129032
Bihar,BHAGALPUR,2002,Kharif,Bajra,12,12,1
Bihar,BHAGALPUR,2002,Kharif,Horse-gram,743,591,0.795423957
Bihar,BHAGALPUR,2002,Kharif,Jute,5,33,6.6
Bihar,BHAGALPUR,2002,Kharif,Moong(Green Gram),829,402,0.484921592
Bihar,BHAGALPUR,2002,Kharif,Other Kharif pulses,18,10,0.555555556
Bihar,BHAGALPUR,2002,Kharif,Sesamum,2,1,0.5
Bihar,BHAGALPUR,2002,Kharif,Small millets,547,407,0.744058501
Bihar,BHAGALPUR,2002,Kharif,Sunflower,423,571,1.349881797
Bihar,BHAGALPUR,2002,Kharif,Urad,6682,5025,0.752020353
Bihar,BHAGALPUR,2002,Rabi,Barley,2018,1568,0.777006938
Bihar,BHAGALPUR,2002,Rabi,Gram,2952,2161,0.73204607
Bihar,BHAGALPUR,2002,Rabi,Khesari,2485,2013,0.810060362
Bihar,BHAGALPUR,2002,Rabi,Linseed,1005,764,0.760199005
Bihar,BHAGALPUR,2002,Rabi,Maize,8737,16059,1.838045096
Bihar,BHAGALPUR,2002,Rabi,Masoor,3426,2131,0.622008173
Bihar,BHAGALPUR,2002,Rabi,Peas & beans (Pulses),1448,1293,0.892955801
Bihar,BHAGALPUR,2002,Rabi,Rapeseed &Mustard,2271,729,0.321003963
Bihar,BHAGALPUR,2002,Rabi,Safflower,10,8,0.8
Bihar,BHAGALPUR,2002,Rabi,Wheat,42187,63061,1.494796975
Bihar,BHAGALPUR,2002,Summer,Maize,9522,24636,2.587271582
Bihar,BHAGALPUR,2002,Summer,Moong(Green Gram),406,247,0.608374384
Bihar,BHAGALPUR,2002,Summer,Rice,360,551,1.530555556
Bihar,BHAGALPUR,2002,Whole Year,Banana,998,2236,2.240480962
Bihar,BHAGALPUR,2002,Whole Year,Coriander,24,16,0.666666667
Bihar,BHAGALPUR,2002,Whole Year,Dry chillies,3,2,0.666666667
Bihar,BHAGALPUR,2002,Whole Year,Dry ginger,4,6,1.5
Bihar,BHAGALPUR,2002,Whole Year,Garlic,21,31,1.476190476
Bihar,BHAGALPUR,2002,Whole Year,Onion,163,1400,8.588957055
Bihar,BHAGALPUR,2002,Whole Year,Potato,2498,21387,8.561649319
Bihar,BHAGALPUR,2002,Whole Year,Sannhamp,216,154,0.712962963
Bihar,BHAGALPUR,2002,Whole Year,Sugarcane,1880,83147,44.22712766
Bihar,BHAGALPUR,2002,Whole Year,Sweet potato,22,324,14.72727273
Bihar,BHAGALPUR,2002,Whole Year,Tobacco,8,9,1.125
Bihar,BHAGALPUR,2002,Whole Year,Turmeric,50,49,0.98
Bihar,BHAGALPUR,2002,Winter,Rice,44438,49677,1.117894595
Bihar,BHAGALPUR,2003,Autumn,Rice,1094,1345,1.229433272
Bihar,BHAGALPUR,2003,Kharif,Arhar/Tur,795,1076,1.353459119
Bihar,BHAGALPUR,2003,Kharif,Castor seed,7,7,1
Bihar,BHAGALPUR,2003,Kharif,Dry ginger,10,15,1.5
Bihar,BHAGALPUR,2003,Kharif,Horse-gram,1418,1051,0.741184767
Bihar,BHAGALPUR,2003,Kharif,Jowar,87,88,1.011494253
Bihar,BHAGALPUR,2003,Kharif,Jute,4,30,7.5
Bihar,BHAGALPUR,2003,Kharif,Maize,29353,51402,1.751166831
Bihar,BHAGALPUR,2003,Kharif,Mesta,32,222,6.9375
Bihar,BHAGALPUR,2003,Kharif,Moong(Green Gram),561,310,0.55258467
Bihar,BHAGALPUR,2003,Kharif,Other Kharif pulses,21,12,0.571428571
Bihar,BHAGALPUR,2003,Kharif,Sesamum,6,4,0.666666667
Bihar,BHAGALPUR,2003,Kharif,Small millets,622,463,0.74437299
Bihar,BHAGALPUR,2003,Kharif,Sunflower,338,471,1.393491124
Bihar,BHAGALPUR,2003,Kharif,Urad,6825,5085,0.745054945
Bihar,BHAGALPUR,2003,Rabi,Barley,2284,2206,0.965849387
Bihar,BHAGALPUR,2003,Rabi,Gram,3626,3013,0.830943188
Bihar,BHAGALPUR,2003,Rabi,Khesari,2743,2526,0.920889537
Bihar,BHAGALPUR,2003,Rabi,Linseed,968,759,0.784090909
Bihar,BHAGALPUR,2003,Rabi,Maize,10882,23157,2.128009557
Bihar,BHAGALPUR,2003,Rabi,Masoor,3248,2410,0.741995074
Bihar,BHAGALPUR,2003,Rabi,Other  Rabi pulses,165,123,0.745454545
Bihar,BHAGALPUR,2003,Rabi,Peas & beans (Pulses),1760,1644,0.934090909
Bihar,BHAGALPUR,2003,Rabi,Rapeseed &Mustard,2425,2236,0.922061856
Bihar,BHAGALPUR,2003,Rabi,Safflower,11,9,0.818181818
Bihar,BHAGALPUR,2003,Rabi,Wheat,43502,76853,1.766654407
Bihar,BHAGALPUR,2003,Summer,Maize,9383,25896,2.759884898
Bihar,BHAGALPUR,2003,Summer,Moong(Green Gram),410,201,0.490243902
Bihar,BHAGALPUR,2003,Summer,Rice,406,567,1.396551724
Bihar,BHAGALPUR,2003,Whole Year,Banana,840,2041,2.429761905
Bihar,BHAGALPUR,2003,Whole Year,Coriander,48,33,0.6875
Bihar,BHAGALPUR,2003,Whole Year,Dry chillies,9,6,0.666666667
Bihar,BHAGALPUR,2003,Whole Year,Garlic,29,43,1.482758621
Bihar,BHAGALPUR,2003,Whole Year,Onion,189,1794,9.492063492
Bihar,BHAGALPUR,2003,Whole Year,Potato,3027,28466,9.404030393
Bihar,BHAGALPUR,2003,Whole Year,Sannhamp,196,141,0.719387755
Bihar,BHAGALPUR,2003,Whole Year,Sugarcane,2068,103245,49.92504836
Bihar,BHAGALPUR,2003,Whole Year,Sweet potato,39,539,13.82051282
Bihar,BHAGALPUR,2003,Whole Year,Tobacco,17,19,1.117647059
Bihar,BHAGALPUR,2003,Whole Year,Turmeric,45,44,0.977777778
Bihar,BHAGALPUR,2003,Winter,Rice,43555,55133,1.265824819
Bihar,BHAGALPUR,2004,Autumn,Rice,1505,1341,0.8910299
Bihar,BHAGALPUR,2004,Kharif,Arhar/Tur,746,1139,1.526809651
Bihar,BHAGALPUR,2004,Kharif,Bajra,4,4,1
Bihar,BHAGALPUR,2004,Kharif,Castor seed,7,7,1
Bihar,BHAGALPUR,2004,Kharif,Horse-gram,1842,1365,0.741042345
Bihar,BHAGALPUR,2004,Kharif,Jowar,8,8,1
Bihar,BHAGALPUR,2004,Kharif,Jute,3,24,8
Bihar,BHAGALPUR,2004,Kharif,Maize,25109,37755,1.503644112
Bihar,BHAGALPUR,2004,Kharif,Mesta,29,231,7.965517241
Bihar,BHAGALPUR,2004,Kharif,Moong(Green Gram),528,368,0.696969697
Bihar,BHAGALPUR,2004,Kharif,Other Kharif pulses,152,75,0.493421053
Bihar,BHAGALPUR,2004,Kharif,Sesamum,23,18,0.782608696
Bihar,BHAGALPUR,2004,Kharif,Small millets,76,62,0.815789474
Bihar,BHAGALPUR,2004,Kharif,Sunflower,427,626,1.466042155
Bihar,BHAGALPUR,2004,Kharif,Urad,6361,4771,0.750039302
Bihar,BHAGALPUR,2004,Rabi,Barley,1849,1069,0.578150352
Bihar,BHAGALPUR,2004,Rabi,Gram,2908,1934,0.665061898
Bihar,BHAGALPUR,2004,Rabi,Khesari,2957,1612,0.545147109
Bihar,BHAGALPUR,2004,Rabi,Linseed,672,566,0.842261905
Bihar,BHAGALPUR,2004,Rabi,Maize,10399,31103,2.990960669
Bihar,BHAGALPUR,2004,Rabi,Masoor,3171,2201,0.694102807
Bihar,BHAGALPUR,2004,Rabi,Other  Rabi pulses,5,4,0.8
Bihar,BHAGALPUR,2004,Rabi,Peas & beans (Pulses),1460,1285,0.880136986
Bihar,BHAGALPUR,2004,Rabi,Rapeseed &Mustard,1886,1169,0.619830329
Bihar,BHAGALPUR,2004,Rabi,Safflower,3,3,1
Bihar,BHAGALPUR,2004,Rabi,Wheat,56392,72898,1.292701092
Bihar,BHAGALPUR,2004,Summer,Maize,9480,29551,3.117194093
Bihar,BHAGALPUR,2004,Summer,Moong(Green Gram),392,216,0.551020408
Bihar,BHAGALPUR,2004,Summer,Rice,408,614,1.504901961
Bihar,BHAGALPUR,2004,Whole Year,Banana,851,1889,2.219741481
Bihar,BHAGALPUR,2004,Whole Year,Coriander,46,30,0.652173913
Bihar,BHAGALPUR,2004,Whole Year,Dry chillies,8,6,0.75
Bihar,BHAGALPUR,2004,Whole Year,Garlic,53,80,1.509433962
Bihar,BHAGALPUR,2004,Whole Year,Onion,127,959,7.551181102
Bihar,BHAGALPUR,2004,Whole Year,Potato,1876,14154,7.544776119
Bihar,BHAGALPUR,2004,Whole Year,Sannhamp,224,180,0.803571429
Bihar,BHAGALPUR,2004,Whole Year,Sugarcane,2341,84534,36.11020931
Bihar,BHAGALPUR,2004,Whole Year,Sweet potato,32,507,15.84375
Bihar,BHAGALPUR,2004,Whole Year,Tobacco,14,16,1.142857143
Bihar,BHAGALPUR,2004,Whole Year,Turmeric,35,34,0.971428571
Bihar,BHAGALPUR,2004,Winter,Rice,39780,18457,0.463976873
Bihar,BHAGALPUR,2005,Autumn,Rice,1301,1152,0.885472713
Bihar,BHAGALPUR,2005,Kharif,Arhar/Tur,762,1362,1.787401575
Bihar,BHAGALPUR,2005,Kharif,Bajra,10,11,1.1
Bihar,BHAGALPUR,2005,Kharif,Castor seed,8,8,1
Bihar,BHAGALPUR,2005,Kharif,Horse-gram,586,504,0.860068259
Bihar,BHAGALPUR,2005,Kharif,Maize,26201,38811,1.48127934
Bihar,BHAGALPUR,2005,Kharif,Moong(Green Gram),583,392,0.67238422
Bihar,BHAGALPUR,2005,Kharif,Other Kharif pulses,77,40,0.519480519
Bihar,BHAGALPUR,2005,Kharif,Sesamum,19,15,0.789473684
Bihar,BHAGALPUR,2005,Kharif,Small millets,311,232,0.745980707
Bihar,BHAGALPUR,2005,Kharif,Sunflower,1026,1487,1.449317739
Bihar,BHAGALPUR,2005,Kharif,Urad,7287,6290,0.863181007
Bihar,BHAGALPUR,2005,Rabi,Barley,1567,1042,0.664964901
Bihar,BHAGALPUR,2005,Rabi,Gram,2899,1432,0.493963436
Bihar,BHAGALPUR,2005,Rabi,Khesari,2535,1582,0.624063116
Bihar,BHAGALPUR,2005,Rabi,Linseed,741,641,0.865047233
Bihar,BHAGALPUR,2005,Rabi,Maize,10516,22357,2.125998479
Bihar,BHAGALPUR,2005,Rabi,Masoor,3156,1849,0.585868188
Bihar,BHAGALPUR,2005,Rabi,Other  Rabi pulses,8,6,0.75
Bihar,BHAGALPUR,2005,Rabi,Peas & beans (Pulses),1470,1272,0.865306122
Bihar,BHAGALPUR,2005,Rabi,Rapeseed &Mustard,2330,1878,0.806008584
Bihar,BHAGALPUR,2005,Rabi,Safflower,8,6,0.75
Bihar,BHAGALPUR,2005,Rabi,Wheat,46010,55096,1.197478809
Bihar,BHAGALPUR,2005,Summer,Maize,10328,28602,2.769364833
Bihar,BHAGALPUR,2005,Summer,Moong(Green Gram),196,112,0.571428571
Bihar,BHAGALPUR,2005,Summer,Rice,267,392,1.468164794
Bihar,BHAGALPUR,2005,Whole Year,Banana,1098,2580,2.349726776
Bihar,BHAGALPUR,2005,Whole Year,Coriander,109,86,0.788990826
Bihar,BHAGALPUR,2005,Whole Year,Dry chillies,34,33,0.970588235
Bihar,BHAGALPUR,2005,Whole Year,Dry ginger,15,22,1.466666667
Bihar,BHAGALPUR,2005,Whole Year,Garlic,39,58,1.487179487
Bihar,BHAGALPUR,2005,Whole Year,Onion,214,1868,8.728971963
Bihar,BHAGALPUR,2005,Whole Year,Potato,2921,24541,8.401574803
Bihar,BHAGALPUR,2005,Whole Year,Sannhamp,224,182,0.8125
Bihar,BHAGALPUR,2005,Whole Year,Sugarcane,2052,82616,40.26120858
Bihar,BHAGALPUR,2005,Whole Year,Sweet potato,31,463,14.93548387
Bihar,BHAGALPUR,2005,Whole Year,Tobacco,28,32,1.142857143
Bihar,BHAGALPUR,2005,Whole Year,Turmeric,42,41,0.976190476
Bihar,BHAGALPUR,2005,Winter,Rice,46288,50466,1.090260975
Bihar,BHAGALPUR,2006,Autumn,Rice,1560,1560,1
Bihar,BHAGALPUR,2006,Kharif,Arhar/Tur,840,968,1.152380952
Bihar,BHAGALPUR,2006,Kharif,Jowar,7,7,1
Bihar,BHAGALPUR,2006,Kharif,Maize,25812,35553,1.377382613
Bihar,BHAGALPUR,2006,Kharif,Mesta,19,162,8.526315789
Bihar,BHAGALPUR,2006,Kharif,Moong(Green Gram),121,100,0.826446281
Bihar,BHAGALPUR,2006,Kharif,Sannhamp,215,177,0.823255814
Bihar,BHAGALPUR,2006,Kharif,Sesamum,12,9,0.75
Bihar,BHAGALPUR,2006,Kharif,Urad,2877,2099,0.729579423
Bihar,BHAGALPUR,2006,Rabi,Barley,1990,1739,0.873869347
Bihar,BHAGALPUR,2006,Rabi,Gram,3493,2113,0.604924134
Bihar,BHAGALPUR,2006,Rabi,Khesari,3059,1814,0.59300425
Bihar,BHAGALPUR,2006,Rabi,Linseed,818,694,0.848410758
Bihar,BHAGALPUR,2006,Rabi,Maize,10838,42691,3.939010888
Bihar,BHAGALPUR,2006,Rabi,Masoor,3161,1748,0.55298956
Bihar,BHAGALPUR,2006,Rabi,Peas & beans (Pulses),1434,1334,0.930264993
Bihar,BHAGALPUR,2006,Rabi,Rapeseed &Mustard,1864,1916,1.027896996
Bihar,BHAGALPUR,2006,Rabi,Sunflower,545,759,1.39266055
Bihar,BHAGALPUR,2006,Rabi,Wheat,44159,73965,1.674969995
Bihar,BHAGALPUR,2006,Summer,Maize,7788,26655,3.42257319
Bihar,BHAGALPUR,2006,Summer,Moong(Green Gram),431,227,0.526682135
Bihar,BHAGALPUR,2006,Summer,Rice,351,488,1.39031339
Bihar,BHAGALPUR,2006,Winter,Rice,46289,112180,2.423469939
Bihar,BHAGALPUR,2007,Autumn,Maize,25146,21413,0.851546966
Bihar,BHAGALPUR,2007,Autumn,Rice,1550,918,0.592258065
Bihar,BHAGALPUR,2007,Kharif,Arhar/Tur,747,657,0.879518072
Bihar,BHAGALPUR,2007,Kharif,Bajra,4,4,1
Bihar,BHAGALPUR,2007,Kharif,Castor seed,7,7,1
Bihar,BHAGALPUR,2007,Kharif,Jowar,8,9,1.125
Bihar,BHAGALPUR,2007,Kharif,Mesta,29,269,9.275862069
Bihar,BHAGALPUR,2007,Kharif,Moong(Green Gram),528,364,0.689393939
Bihar,BHAGALPUR,2007,Kharif,Other Kharif pulses,8,5,0.625
Bihar,BHAGALPUR,2007,Kharif,Sannhamp,224,994.44,4.439464286
Bihar,BHAGALPUR,2007,Kharif,Sesamum,23,19,0.826086957
Bihar,BHAGALPUR,2007,Kharif,Small millets,45,35,0.777777778
Bihar,BHAGALPUR,2007,Kharif,Urad,6361,4967,0.780852067
Bihar,BHAGALPUR,2007,Rabi,Barley,1846,1357,0.735102925
Bihar,BHAGALPUR,2007,Rabi,Gram,2896,2042,0.705110497
Bihar,BHAGALPUR,2007,Rabi,Khesari,2955,2479,0.83891709
Bihar,BHAGALPUR,2007,Rabi,Linseed,672,554,0.824404762
Bihar,BHAGALPUR,2007,Rabi,Maize,10402,42894,4.123630071
Bihar,BHAGALPUR,2007,Rabi,Masoor,3170,2162,0.682018927
Bihar,BHAGALPUR,2007,Rabi,Other  Rabi pulses,5,4,0.8
Bihar,BHAGALPUR,2007,Rabi,Peas & beans (Pulses),1463,1576,1.077238551
Bihar,BHAGALPUR,2007,Rabi,Rapeseed &Mustard,1887,3334,1.766825649
Bihar,BHAGALPUR,2007,Rabi,Safflower,3,2,0.666666667
Bihar,BHAGALPUR,2007,Rabi,Sunflower,477,682,1.429769392
Bihar,BHAGALPUR,2007,Rabi,Wheat,47055,94468,2.007608118
Bihar,BHAGALPUR,2007,Summer,Maize,7103,26205,3.689286217
Bihar,BHAGALPUR,2007,Summer,Moong(Green Gram),436,262,0.600917431
Bihar,BHAGALPUR,2007,Summer,Rice,350,484,1.382857143
Bihar,BHAGALPUR,2007,Whole Year,Banana,851,1949,2.290246769
Bihar,BHAGALPUR,2007,Whole Year,Coriander,42,31,0.738095238
Bihar,BHAGALPUR,2007,Whole Year,Dry chillies,8,11,1.375
Bihar,BHAGALPUR,2007,Whole Year,Garlic,29,42,1.448275862
Bihar,BHAGALPUR,2007,Whole Year,Onion,127,1142,8.992125984
Bihar,BHAGALPUR,2007,Whole Year,Potato,1874,15141,8.079509072
Bihar,BHAGALPUR,2007,Whole Year,Sugarcane,2341,112134,47.90004272
Bihar,BHAGALPUR,2007,Whole Year,Sweet potato,32,426,13.3125
Bihar,BHAGALPUR,2007,Whole Year,Tobacco,14,24,1.714285714
Bihar,BHAGALPUR,2007,Whole Year,Turmeric,35,35,1
Bihar,BHAGALPUR,2007,Winter,Rice,39780,41303,1.038285571
Bihar,BHAGALPUR,2008,Autumn,Maize,22636,21247,0.938637568
Bihar,BHAGALPUR,2008,Autumn,Rice,1355,1735,1.280442804
Bihar,BHAGALPUR,2008,Kharif,Arhar/Tur,282,509,1.804964539
Bihar,BHAGALPUR,2008,Kharif,Bajra,4,4,1
Bihar,BHAGALPUR,2008,Kharif,Castor seed,7,7,1
Bihar,BHAGALPUR,2008,Kharif,Jowar,7,7,1
Bihar,BHAGALPUR,2008,Kharif,Jute,24,192,8
Bihar,BHAGALPUR,2008,Kharif,Mesta,825,7173,8.694545455
Bihar,BHAGALPUR,2008,Kharif,Moong(Green Gram),92,87,0.945652174
Bihar,BHAGALPUR,2008,Kharif,Other Kharif pulses,117,68,0.581196581
Bihar,BHAGALPUR,2008,Kharif,Potato,932,6990,7.5
Bihar,BHAGALPUR,2008,Kharif,Sannhamp,347,1544.44,4.450835735
Bihar,BHAGALPUR,2008,Kharif,Sesamum,56,46,0.821428571
Bihar,BHAGALPUR,2008,Kharif,Small millets,99,76,0.767676768
Bihar,BHAGALPUR,2008,Kharif,Sweet potato,27,366,13.55555556
Bihar,BHAGALPUR,2008,Kharif,Urad,6720,5790,0.861607143
Bihar,BHAGALPUR,2008,Rabi,Barley,1846,1754,0.950162514
Bihar,BHAGALPUR,2008,Rabi,Gram,2896,2821,0.97410221
Bihar,BHAGALPUR,2008,Rabi,Khesari,2955,2092,0.707952623
Bihar,BHAGALPUR,2008,Rabi,Linseed,673,569,0.845468053
Bihar,BHAGALPUR,2008,Rabi,Maize,8020,56068,6.991022444
Bihar,BHAGALPUR,2008,Rabi,Masoor,3202,2462,0.768894441
Bihar,BHAGALPUR,2008,Rabi,Other  Rabi pulses,5,4,0.8
Bihar,BHAGALPUR,2008,Rabi,Peas & beans (Pulses),1447,1395,0.96406358
Bihar,BHAGALPUR,2008,Rabi,Potato,923,4920,5.330444204
Bihar,BHAGALPUR,2008,Rabi,Rapeseed &Mustard,1961,3281,1.673125956
Bihar,BHAGALPUR,2008,Rabi,Safflower,3,2,0.666666667
Bihar,BHAGALPUR,2008,Rabi,Sunflower,477,682,1.429769392
Bihar,BHAGALPUR,2008,Rabi,Sweet potato,1,15,15
Bihar,BHAGALPUR,2008,Rabi,Wheat,41888,79825,1.905677044
Bihar,BHAGALPUR,2008,Summer,Maize,5146,9269,1.801204819
Bihar,BHAGALPUR,2008,Summer,Moong(Green Gram),398,267,0.670854271
Bihar,BHAGALPUR,2008,Summer,Rice,350,581,1.66
Bihar,BHAGALPUR,2008,Whole Year,Dry chillies,8,11,1.375
Bihar,BHAGALPUR,2008,Whole Year,Garlic,29,47,1.620689655
Bihar,BHAGALPUR,2008,Whole Year,Onion,127,1182,9.307086614
Bihar,BHAGALPUR,2008,Whole Year,Sugarcane,2285,82310,36.02188184
Bihar,BHAGALPUR,2008,Whole Year,Turmeric,6,7,1.166666667
Bihar,BHAGALPUR,2008,Winter,Rice,39799,53877,1.353727481
Bihar,BHAGALPUR,2009,Autumn,Maize,20456,29309,1.432782558
Bihar,BHAGALPUR,2009,Autumn,Rice,1273,1132,0.88923802
Bihar,BHAGALPUR,2009,Kharif,Arhar/Tur,750,2127,2.836
Bihar,BHAGALPUR,2009,Kharif,Bajra,4,4,1
Bihar,BHAGALPUR,2009,Kharif,Horse-gram,1842,1774,0.963083605
Bihar,BHAGALPUR,2009,Kharif,Jowar,7,7,1
Bihar,BHAGALPUR,2009,Kharif,Jute,22,202,9.181818182
Bihar,BHAGALPUR,2009,Kharif,Mesta,402,2888,7.184079602
Bihar,BHAGALPUR,2009,Kharif,Moong(Green Gram),85,56,0.658823529
Bihar,BHAGALPUR,2009,Kharif,Other Kharif pulses,200,158,0.79
Bihar,BHAGALPUR,2009,Kharif,Sannhamp,329,268,0.814589666
Bihar,BHAGALPUR,2009,Kharif,Small millets,94,73,0.776595745
Bihar,BHAGALPUR,2009,Kharif,Urad,6283,6220,0.989972943
Bihar,BHAGALPUR,2009,Rabi,Barley,1482,1356,0.914979757
Bihar,BHAGALPUR,2009,Rabi,Gram,2548,2153,0.844976452
Bihar,BHAGALPUR,2009,Rabi,Khesari,2854,3636,1.274001402
Bihar,BHAGALPUR,2009,Rabi,Linseed,641,542,0.845553822
Bihar,BHAGALPUR,2009,Rabi,Maize,7784,20308,2.608941418
Bihar,BHAGALPUR,2009,Rabi,Masoor,3181,2052,0.645080163
Bihar,BHAGALPUR,2009,Rabi,Other  Rabi pulses,6,4,0.666666667
Bihar,BHAGALPUR,2009,Rabi,Peas & beans (Pulses),1390,1391,1.000719424
Bihar,BHAGALPUR,2009,Rabi,Rapeseed &Mustard,1522,2746,1.804204993
Bihar,BHAGALPUR,2009,Rabi,Sunflower,421,591,1.403800475
Bihar,BHAGALPUR,2009,Rabi,Wheat,41716,88621,2.124388724
Bihar,BHAGALPUR,2009,Summer,Maize,7038,20237,2.875390736
Bihar,BHAGALPUR,2009,Summer,Moong(Green Gram),346,150,0.433526012
Bihar,BHAGALPUR,2009,Summer,Rice,327,569,1.740061162
Bihar,BHAGALPUR,2009,Whole Year,Sugarcane,2111,82359,39.01421127
Bihar,BHAGALPUR,2009,Whole Year,Tobacco,11,21,1.909090909
Bihar,BHAGALPUR,2009,Winter,Rice,38889,57493,1.478387205
Bihar,BHAGALPUR,2010,Autumn,Maize,20751,47041,2.266926895
Bihar,BHAGALPUR,2010,Autumn,Rice,1185,1034,0.87257384
Bihar,BHAGALPUR,2010,Kharif,Arhar/Tur,751,940,1.251664447
Bihar,BHAGALPUR,2010,Kharif,Bajra,5,6,1.2
Bihar,BHAGALPUR,2010,Kharif,Castor seed,7,7,1
Bihar,BHAGALPUR,2010,Kharif,Horse-gram,1151,1087,0.944396177
Bihar,BHAGALPUR,2010,Kharif,Jowar,7,7,1
Bihar,BHAGALPUR,2010,Kharif,Jute,20,182,9.1
Bihar,BHAGALPUR,2010,Kharif,Moong(Green Gram),508,332,0.653543307
Bihar,BHAGALPUR,2010,Kharif,Other Kharif pulses,405,290,0.716049383
Bihar,BHAGALPUR,2010,Kharif,Sesamum,55,43,0.781818182
Bihar,BHAGALPUR,2010,Kharif,Small millets,93,72,0.774193548
Bihar,BHAGALPUR,2010,Kharif,Urad,2771,2416,0.871887405
Bihar,BHAGALPUR,2010,Rabi,Barley,1372,1597,1.163994169
Bihar,BHAGALPUR,2010,Rabi,Gram,2173,2323,1.069028992
Bihar,BHAGALPUR,2010,Rabi,Khesari,2258,928,0.410983171
Bihar,BHAGALPUR,2010,Rabi,Linseed,865,708,0.81849711
Bihar,BHAGALPUR,2010,Rabi,Maize,12613,61060,4.841037025
Bihar,BHAGALPUR,2010,Rabi,Masoor,2235,1189,0.531991051
Bihar,BHAGALPUR,2010,Rabi,Other  Rabi pulses,7,5,0.714285714
Bihar,BHAGALPUR,2010,Rabi,Peas & beans (Pulses),1249,1293,1.035228183
Bihar,BHAGALPUR,2010,Rabi,Rapeseed &Mustard,1904,1872,0.983193277
Bihar,BHAGALPUR,2010,Rabi,Sunflower,385,552,1.433766234
Bihar,BHAGALPUR,2010,Rabi,Wheat,43700,112592,2.576475973
Bihar,BHAGALPUR,2010,Summer,Maize,6103,29759,4.876126495
Bihar,BHAGALPUR,2010,Summer,Moong(Green Gram),342,184,0.538011696
Bihar,BHAGALPUR,2010,Summer,Rice,322,619,1.922360248
Bihar,BHAGALPUR,2010,Whole Year,Sugarcane,6607,651325,98.5810504
Bihar,BHAGALPUR,2010,Whole Year,Tobacco,12,21,1.75
Bihar,BHAGALPUR,2010,Winter,Rice,29266,27793,0.949668557
Bihar,BHAGALPUR,2011,Autumn,Maize,22869,64879,2.836984564
Bihar,BHAGALPUR,2011,Autumn,Rice,589,947,1.607809847
Bihar,BHAGALPUR,2011,Kharif,Arhar/Tur,397,543,1.367758186
Bihar,BHAGALPUR,2011,Kharif,Bajra,6,7,1.166666667
Bihar,BHAGALPUR,2011,Kharif,Horse-gram,461,439,0.952277657
Bihar,BHAGALPUR,2011,Kharif,Jowar,7,7,1
Bihar,BHAGALPUR,2011,Kharif,Jute,23,266,11.56521739
Bihar,BHAGALPUR,2011,Kharif,Mesta,316,3908,12.36708861
Bihar,BHAGALPUR,2011,Kharif,Moong(Green Gram),699,532,0.761087268
Bihar,BHAGALPUR,2011,Kharif,Other Kharif pulses,201,161,0.800995025
Bihar,BHAGALPUR,2011,Kharif,Sesamum,48,42,0.875
Bihar,BHAGALPUR,2011,Kharif,Small millets,218,163,0.747706422
Bihar,BHAGALPUR,2011,Kharif,Urad,2522,2160,0.856463125
Bihar,BHAGALPUR,2011,Rabi,Barley,1292,2067,1.599845201
Bihar,BHAGALPUR,2011,Rabi,Gram,1980,2033,1.026767677
Bihar,BHAGALPUR,2011,Rabi,Khesari,988,641,0.648785425
Bihar,BHAGALPUR,2011,Rabi,Linseed,647,560,0.86553323
Bihar,BHAGALPUR,2011,Rabi,Maize,16580,88471,5.336007238
Bihar,BHAGALPUR,2011,Rabi,Masoor,2076,2126,1.024084778
Bihar,BHAGALPUR,2011,Rabi,Other  Rabi pulses,14,16,1.142857143
Bihar,BHAGALPUR,2011,Rabi,Peas & beans (Pulses),695,717,1.031654676
Bihar,BHAGALPUR,2011,Rabi,Rapeseed &Mustard,1607,2057,1.280024891
Bihar,BHAGALPUR,2011,Rabi,Sunflower,442,642,1.452488688
Bihar,BHAGALPUR,2011,Rabi,Wheat,41222,128255,3.11132405
Bihar,BHAGALPUR,2011,Summer,Maize,9476,50628,5.342760659
Bihar,BHAGALPUR,2011,Summer,Moong(Green Gram),364,218,0.598901099
Bihar,BHAGALPUR,2011,Summer,Rice,276,503,1.822463768
Bihar,BHAGALPUR,2011,Whole Year,Tobacco,10,19,1.9
Bihar,BHAGALPUR,2011,Winter,Rice,25788,79647,3.088529549
Bihar,BHAGALPUR,2012,Autumn,Maize,18193,104118,5.722970373
Bihar,BHAGALPUR,2012,Autumn,Rice,983,1743,1.773143438
Bihar,BHAGALPUR,2012,Kharif,Arhar/Tur,621,633,1.019323671
Bihar,BHAGALPUR,2012,Kharif,Bajra,8,9,1.125
Bihar,BHAGALPUR,2012,Kharif,Castor seed,7,7,1
Bihar,BHAGALPUR,2012,Kharif,Horse-gram,498,482,0.967871486
Bihar,BHAGALPUR,2012,Kharif,Jowar,9,10,1.111111111
Bihar,BHAGALPUR,2012,Kharif,Mesta,262,776,2.961832061
Bihar,BHAGALPUR,2012,Kharif,Moong(Green Gram),988,750,0.759109312
Bihar,BHAGALPUR,2012,Kharif,Other Kharif pulses,296,230,0.777027027
Bihar,BHAGALPUR,2012,Kharif,Sannhamp,102,82,0.803921569
Bihar,BHAGALPUR,2012,Kharif,Sesamum,34,30,0.882352941
Bihar,BHAGALPUR,2012,Kharif,Small millets,146,111,0.760273973
Bihar,BHAGALPUR,2012,Kharif,Urad,2006,1714,0.85443669
Bihar,BHAGALPUR,2012,Rabi,Barley,1210,1153,0.952892562
Bihar,BHAGALPUR,2012,Rabi,Gram,4095,4324,1.055921856
Bihar,BHAGALPUR,2012,Rabi,Khesari,1641,839,0.511273614
Bihar,BHAGALPUR,2012,Rabi,Linseed,506,439,0.867588933
Bihar,BHAGALPUR,2012,Rabi,Maize,17135,115576,6.745024803
Bihar,BHAGALPUR,2012,Rabi,Masoor,2029,1213,0.597831444
Bihar,BHAGALPUR,2012,Rabi,Other  Rabi pulses,244,269,1.102459016
Bihar,BHAGALPUR,2012,Rabi,Peas & beans (Pulses),1176,1224,1.040816327
Bihar,BHAGALPUR,2012,Rabi,Rapeseed &Mustard,2146,1989,0.926840634
Bihar,BHAGALPUR,2012,Rabi,Sunflower,285,415,1.456140351
Bihar,BHAGALPUR,2012,Rabi,Wheat,42909,104065,2.425248782
Bihar,BHAGALPUR,2012,Summer,Maize,9476,53733,5.670430561
Bihar,BHAGALPUR,2012,Summer,Moong(Green Gram),364,227,0.623626374
Bihar,BHAGALPUR,2012,Summer,Rice,276,726,2.630434783
Bihar,BHAGALPUR,2012,Whole Year,Sugarcane,5515,379537,68.81903898
Bihar,BHAGALPUR,2012,Whole Year,Tobacco,23,43,1.869565217
Bihar,BHAGALPUR,2012,Winter,Rice,33883,64834,1.91346693
Bihar,BHAGALPUR,2013,Autumn,Maize,16197,79763,4.92455393
Bihar,BHAGALPUR,2013,Autumn,Rice,1086,1603,1.476058932
Bihar,BHAGALPUR,2013,Kharif,Arhar/Tur,819,1079,1.317460317
Bihar,BHAGALPUR,2013,Kharif,Bajra,8,9,1.125
Bihar,BHAGALPUR,2013,Kharif,Castor seed,8,8,1
Bihar,BHAGALPUR,2013,Kharif,Horse-gram,476,453,0.951680672
Bihar,BHAGALPUR,2013,Kharif,Jowar,8,9,1.125
Bihar,BHAGALPUR,2013,Kharif,Mesta,141,3518,24.95035461
Bihar,BHAGALPUR,2013,Kharif,Moong(Green Gram),1080,833,0.771296296
Bihar,BHAGALPUR,2013,Kharif,Other Kharif pulses,299,232,0.775919732
Bihar,BHAGALPUR,2013,Kharif,Sannhamp,109,88,0.80733945
Bihar,BHAGALPUR,2013,Kharif,Sesamum,37,33,0.891891892
Bihar,BHAGALPUR,2013,Kharif,Small millets,157,118,0.751592357
Bihar,BHAGALPUR,2013,Kharif,Urad,1981,1808,0.912670369
Bihar,BHAGALPUR,2013,Rabi,Barley,1341,1997,1.489187174
Bihar,BHAGALPUR,2013,Rabi,Gram,4489,5800,1.292047227
Bihar,BHAGALPUR,2013,Rabi,Khesari,1838,1338,0.72796518
Bihar,BHAGALPUR,2013,Rabi,Linseed,566,481,0.849823322
Bihar,BHAGALPUR,2013,Rabi,Maize,18475,141167,7.64097429
Bihar,BHAGALPUR,2013,Rabi,Masoor,2227,2416,1.084867535
Bihar,BHAGALPUR,2013,Rabi,Peas & beans (Pulses),1261,1337,1.060269627
Bihar,BHAGALPUR,2013,Rabi,Rapeseed &Mustard,2354,3858,1.638912489
Bihar,BHAGALPUR,2013,Rabi,Sunflower,292,424,1.452054795
Bihar,BHAGALPUR,2013,Rabi,Wheat,46947,127388,2.713442818
Bihar,BHAGALPUR,2013,Summer,Maize,9971,51908,5.205897102
Bihar,BHAGALPUR,2013,Summer,Moong(Green Gram),456,306,0.671052632
Bihar,BHAGALPUR,2013,Summer,Rice,590,1372,2.325423729
Bihar,BHAGALPUR,2013,Whole Year,Sugarcane,5578,400664,71.82932951
Bihar,BHAGALPUR,2013,Whole Year,Tobacco,25,48,1.92
Bihar,BHAGALPUR,2013,Winter,Rice,27843,53722,1.929461624
Bihar,BHAGALPUR,2014,Autumn,Maize,17559,69304,3.946921806
Bihar,BHAGALPUR,2014,Autumn,Rice,1192,2073,1.73909396
Bihar,BHAGALPUR,2014,Kharif,Arhar/Tur,822,473,0.575425791
Bihar,BHAGALPUR,2014,Kharif,Bajra,9,10,1.111111111
Bihar,BHAGALPUR,2014,Kharif,Castor seed,7,7,1
Bihar,BHAGALPUR,2014,Kharif,Horse-gram,524,501,0.95610687
Bihar,BHAGALPUR,2014,Kharif,Jowar,9,10,1.111111111
Bihar,BHAGALPUR,2014,Kharif,Mesta,107,1593,14.88785047
Bihar,BHAGALPUR,2014,Kharif,Moong(Green Gram),1182,427,0.361252115
Bihar,BHAGALPUR,2014,Kharif,Other Kharif pulses,327,256,0.782874618
Bihar,BHAGALPUR,2014,Kharif,Sannhamp,119,96,0.806722689
Bihar,BHAGALPUR,2014,Kharif,Sesamum,38,33,0.868421053
Bihar,BHAGALPUR,2014,Kharif,Small millets,172,129,0.75
Bihar,BHAGALPUR,2014,Kharif,Urad,2177,1990,0.914101975
Bihar,BHAGALPUR,2014,Rabi,Barley,1239,384,0.309927361
Bihar,BHAGALPUR,2014,Rabi,Gram,4614,3248,0.703944517
Bihar,BHAGALPUR,2014,Rabi,Khesari,1838,708,0.385201306
Bihar,BHAGALPUR,2014,Rabi,Linseed,563,485,0.861456483
Bihar,BHAGALPUR,2014,Rabi,Maize,18452,45355,2.457999133
Bihar,BHAGALPUR,2014,Rabi,Masoor,2126,595,0.279868297
Bihar,BHAGALPUR,2014,Rabi,Peas & beans (Pulses),1142,1115,0.976357268
Bihar,BHAGALPUR,2014,Rabi,Rapeseed &Mustard,2396,2813,1.174040067
Bihar,BHAGALPUR,2014,Rabi,Sunflower,260,378,1.453846154
Bihar,BHAGALPUR,2014,Rabi,Wheat,46378,52831,1.139139247
Bihar,BHAGALPUR,2014,Summer,Maize,10051,41149,4.094020495
Bihar,BHAGALPUR,2014,Summer,Moong(Green Gram),467,270,0.578158458
Bihar,BHAGALPUR,2014,Summer,Rice,536,1139,2.125
Bihar,BHAGALPUR,2014,Whole Year,Sugarcane,5932,399316,67.31557653
Bihar,BHAGALPUR,2014,Whole Year,Tobacco,26,46,1.769230769
Bihar,BHAGALPUR,2014,Winter,Rice,30623,92619,3.024491395
Bihar,BHOJPUR,1997,Autumn,Rice,682,733,1.074780059
Bihar,BHOJPUR,1997,Kharif,Arhar/Tur,1323,1152,0.870748299
Bihar,BHOJPUR,1997,Kharif,Bajra,828,513,0.619565217
Bihar,BHOJPUR,1997,Kharif,Jowar,849,705,0.830388693
Bihar,BHOJPUR,1997,Kharif,Maize,1887,1384,0.733439322
Bihar,BHOJPUR,1997,Kharif,Other Kharif pulses,5,2,0.4
Bihar,BHOJPUR,1997,Kharif,Sesamum,58,35,0.603448276
Bihar,BHOJPUR,1997,Kharif,Small millets,44,49,1.113636364
Bihar,BHOJPUR,1997,Rabi,Barley,1694,1879,1.109208973
Bihar,BHOJPUR,1997,Rabi,Gram,10364,6757,0.651968352
Bihar,BHOJPUR,1997,Rabi,Linseed,1599,1185,0.74108818
Bihar,BHOJPUR,1997,Rabi,Maize,25,39,1.56
Bihar,BHOJPUR,1997,Rabi,Other  Rabi pulses,233,244,1.0472103
Bihar,BHOJPUR,1997,Rabi,Rapeseed &Mustard,1267,1043,0.82320442
Bihar,BHOJPUR,1997,Rabi,Safflower,10,6,0.6
Bihar,BHOJPUR,1997,Rabi,Wheat,81288,163581,2.012363448
Bihar,BHOJPUR,1997,Summer,Maize,101,208,2.059405941
Bihar,BHOJPUR,1997,Summer,Rice,54,93,1.722222222
Bihar,BHOJPUR,1997,Whole Year,Coriander,33,17,0.515151515
Bihar,BHOJPUR,1997,Whole Year,Dry chillies,2,2,1
Bihar,BHOJPUR,1997,Whole Year,Garlic,4,5,1.25
Bihar,BHOJPUR,1997,Whole Year,Onion,493,3895,7.900608519
Bihar,BHOJPUR,1997,Whole Year,Potato,3228,33525,10.38568773
Bihar,BHOJPUR,1997,Whole Year,Ragi,19,17,0.894736842
Bihar,BHOJPUR,1997,Whole Year,Sannhamp,9,4,0.444444444
Bihar,BHOJPUR,1997,Whole Year,Sugarcane,319,16154,50.63949843
Bihar,BHOJPUR,1997,Winter,Rice,106982,205530,1.921164308
Bihar,BHOJPUR,1998,Kharif,Arhar/Tur,797,941,1.180677541
Bihar,BHOJPUR,1998,Kharif,Bajra,997,587,0.588766299
Bihar,BHOJPUR,1998,Kharif,Jowar,387,426,1.100775194
Bihar,BHOJPUR,1998,Kharif,Maize,1900,1996,1.050526316
Bihar,BHOJPUR,1998,Kharif,Other Kharif pulses,227,137,0.603524229
Bihar,BHOJPUR,1998,Kharif,Ragi,41,35,0.853658537
Bihar,BHOJPUR,1998,Kharif,Sesamum,133,82,0.616541353
Bihar,BHOJPUR,1998,Kharif,Small millets,43,22,0.511627907
Bihar,BHOJPUR,1998,Rabi,Barley,1077,1682,1.56174559
Bihar,BHOJPUR,1998,Rabi,Gram,8838,13699,1.550011315
Bihar,BHOJPUR,1998,Rabi,Linseed,1098,542,0.493624772
Bihar,BHOJPUR,1998,Rabi,Maize,27,81,3
Bihar,BHOJPUR,1998,Rabi,Other  Rabi pulses,19518,19356,0.991699969
Bihar,BHOJPUR,1998,Rabi,Rapeseed &Mustard,1567,1218,0.777281429
Bihar,BHOJPUR,1998,Rabi,Wheat,70699,160409,2.26890055
Bihar,BHOJPUR,1998,Summer,Maize,140,370,2.642857143
Bihar,BHOJPUR,1998,Whole Year,Coriander,29,18,0.620689655
Bihar,BHOJPUR,1998,Whole Year,Dry chillies,1,1,1
Bihar,BHOJPUR,1998,Whole Year,Garlic,6,9,1.5
Bihar,BHOJPUR,1998,Whole Year,Onion,358,2714,7.581005587
Bihar,BHOJPUR,1998,Whole Year,Potato,2661,31845,11.96730552
Bihar,BHOJPUR,1998,Whole Year,Sugarcane,310,7073,22.81612903
Bihar,BHOJPUR,1998,Whole Year,Sweet potato,1,11,11
Bihar,BHOJPUR,1998,Winter,Rice,102606,220745,2.151384909
Bihar,BHOJPUR,1999,Kharif,Arhar/Tur,729,843,1.156378601
Bihar,BHOJPUR,1999,Kharif,Bajra,261,160,0.61302682
Bihar,BHOJPUR,1999,Kharif,Jowar,945,1276,1.35026455
Bihar,BHOJPUR,1999,Kharif,Maize,2508,2280,0.909090909
Bihar,BHOJPUR,1999,Kharif,Moong(Green Gram),33,17,0.515151515
Bihar,BHOJPUR,1999,Kharif,Ragi,3,3,1
Bihar,BHOJPUR,1999,Kharif,Rice,581,656,1.12908778
Bihar,BHOJPUR,1999,Kharif,Sesamum,1,1,1
Bihar,BHOJPUR,1999,Kharif,Urad,3,2,0.666666667
Bihar,BHOJPUR,1999,Rabi,Gram,6314,5588,0.885017422
Bihar,BHOJPUR,1999,Rabi,Khesari,10050,8613,0.857014925
Bihar,BHOJPUR,1999,Rabi,Linseed,329,171,0.519756839
Bihar,BHOJPUR,1999,Rabi,Maize,39,117,3
Bihar,BHOJPUR,1999,Rabi,Masoor,7654,8167,1.067023778
Bihar,BHOJPUR,1999,Rabi,Other  Rabi pulses,13,11,0.846153846
Bihar,BHOJPUR,1999,Rabi,Peas & beans (Pulses),2008,1365,0.679780876
Bihar,BHOJPUR,1999,Rabi,Rapeseed &Mustard,96,65,0.677083333
Bihar,BHOJPUR,1999,Rabi,Wheat,64742,171797,2.653563375
Bihar,BHOJPUR,1999,Summer,Maize,139,330,2.374100719
Bihar,BHOJPUR,1999,Whole Year,Dry chillies,25,36,1.44
Bihar,BHOJPUR,1999,Whole Year,Garlic,6,9,1.5
Bihar,BHOJPUR,1999,Whole Year,Onion,495,4133,8.349494949
Bihar,BHOJPUR,1999,Whole Year,Potato,3664,39309,10.72843886
Bihar,BHOJPUR,1999,Whole Year,Sugarcane,231,4981,21.56277056
Bihar,BHOJPUR,2000,Autumn,Rice,108068,251834,2.330329052
Bihar,BHOJPUR,2000,Kharif,Arhar/Tur,918,1098,1.196078431
Bihar,BHOJPUR,2000,Kharif,Bajra,297,259,0.872053872
Bihar,BHOJPUR,2000,Kharif,Jowar,368,336,0.913043478
Bihar,BHOJPUR,2000,Kharif,Maize,2510,2876,1.145816733
Bihar,BHOJPUR,2000,Kharif,Moong(Green Gram),32,20,0.625
Bihar,BHOJPUR,2000,Kharif,Other Kharif pulses,11,5,0.454545455
Bihar,BHOJPUR,2000,Kharif,Ragi,3,3,1
Bihar,BHOJPUR,2000,Kharif,Rice,606,785,1.295379538
Bihar,BHOJPUR,2000,Kharif,Sesamum,61,35,0.573770492
Bihar,BHOJPUR,2000,Kharif,Small millets,1,1,1
Bihar,BHOJPUR,2000,Kharif,Urad,3,2,0.666666667
Bihar,BHOJPUR,2000,Rabi,Barley,1173,1546,1.317988065
Bihar,BHOJPUR,2000,Rabi,Gram,5130,4699,0.915984405
Bihar,BHOJPUR,2000,Rabi,Khesari,8982,11165,1.243041639
Bihar,BHOJPUR,2000,Rabi,Linseed,970,679,0.7
Bihar,BHOJPUR,2000,Rabi,Maize,68,105,1.544117647
Bihar,BHOJPUR,2000,Rabi,Masoor,8108,8866,1.093487913
Bihar,BHOJPUR,2000,Rabi,Moong(Green Gram),2,1,0.5
Bihar,BHOJPUR,2000,Rabi,Peas & beans (Pulses),2037,1960,0.962199313
Bihar,BHOJPUR,2000,Rabi,Rapeseed &Mustard,1834,1016,0.553980371
Bihar,BHOJPUR,2000,Rabi,Wheat,67312,171824,2.552650345
Bihar,BHOJPUR,2000,Summer,Maize,199,511,2.567839196
Bihar,BHOJPUR,2000,Summer,Rice,175,243,1.388571429
Bihar,BHOJPUR,2000,Whole Year,Onion,318,3387,10.6509434
Bihar,BHOJPUR,2000,Whole Year,Potato,3965,43197,10.89457755
Bihar,BHOJPUR,2000,Whole Year,Sugarcane,209,4824,23.08133971
Bihar,BHOJPUR,2001,Autumn,Maize,2573,3174,1.233579479
Bihar,BHOJPUR,2001,Autumn,Rice,110652,242677,2.193155117
Bihar,BHOJPUR,2001,Kharif,Arhar/Tur,1060,1290,1.216981132
Bihar,BHOJPUR,2001,Kharif,Bajra,152,110,0.723684211
Bihar,BHOJPUR,2001,Kharif,Jowar,692,727,1.050578035
Bihar,BHOJPUR,2001,Kharif,Moong(Green Gram),29,16,0.551724138
Bihar,BHOJPUR,2001,Kharif,Other Kharif pulses,13,7,0.538461538
Bihar,BHOJPUR,2001,Kharif,Rice,9,15,1.666666667
Bihar,BHOJPUR,2001,Kharif,Sesamum,82,68,0.829268293
Bihar,BHOJPUR,2001,Rabi,Barley,1220,2062,1.690163934
Bihar,BHOJPUR,2001,Rabi,Gram,4854,6543,1.347960445
Bihar,BHOJPUR,2001,Rabi,Khesari,12040,12184,1.011960133
Bihar,BHOJPUR,2001,Rabi,Linseed,642,533,0.830218069
Bihar,BHOJPUR,2001,Rabi,Maize,6,9,1.5
Bihar,BHOJPUR,2001,Rabi,Masoor,8265,9009,1.090018149
Bihar,BHOJPUR,2001,Rabi,Other  Rabi pulses,20,14,0.7
Bihar,BHOJPUR,2001,Rabi,Peas & beans (Pulses),2110,2076,0.983886256
Bihar,BHOJPUR,2001,Rabi,Rapeseed &Mustard,2454,2307,0.9400978
Bihar,BHOJPUR,2001,Rabi,Wheat,82212,205799,2.503272028
Bihar,BHOJPUR,2001,Summer,Maize,244,503,2.06147541
Bihar,BHOJPUR,2001,Summer,Rice,957,1149,1.200626959
Bihar,BHOJPUR,2001,Whole Year,Coriander,2,1,0.5
Bihar,BHOJPUR,2001,Whole Year,Garlic,2,3,1.5
Bihar,BHOJPUR,2001,Whole Year,Onion,317,2663,8.400630915
Bihar,BHOJPUR,2001,Whole Year,Potato,3053,42886,14.04716672
Bihar,BHOJPUR,2001,Whole Year,Sugarcane,162,6437,39.7345679
Bihar,BHOJPUR,2002,Autumn,Maize,2549,4722,1.852491173
Bihar,BHOJPUR,2002,Autumn,Rice,994,1190,1.197183099
Bihar,BHOJPUR,2002,Kharif,Arhar/Tur,1060,1375,1.297169811
Bihar,BHOJPUR,2002,Kharif,Bajra,151,149,0.986754967
Bihar,BHOJPUR,2002,Kharif,Jowar,684,676,0.988304094
Bihar,BHOJPUR,2002,Kharif,Moong(Green Gram),29,17,0.586206897
Bihar,BHOJPUR,2002,Kharif,Sesamum,82,61,0.743902439
Bihar,BHOJPUR,2002,Rabi,Barley,1229,1753,1.426362897
Bihar,BHOJPUR,2002,Rabi,Gram,5368,5212,0.970938897
Bihar,BHOJPUR,2002,Rabi,Khesari,11820,11371,0.962013536
Bihar,BHOJPUR,2002,Rabi,Linseed,633,517,0.816745656
Bihar,BHOJPUR,2002,Rabi,Maize,6,13,2.166666667
Bihar,BHOJPUR,2002,Rabi,Masoor,8261,8079,0.977968769
Bihar,BHOJPUR,2002,Rabi,Peas & beans (Pulses),2082,1903,0.914024976
Bihar,BHOJPUR,2002,Rabi,Rapeseed &Mustard,2440,1767,0.724180328
Bihar,BHOJPUR,2002,Rabi,Wheat,82037,164475,2.004888038
Bihar,BHOJPUR,2002,Summer,Maize,244,695,2.848360656
Bihar,BHOJPUR,2002,Summer,Moong(Green Gram),4,2,0.5
Bihar,BHOJPUR,2002,Summer,Rice,9,15,1.666666667
Bihar,BHOJPUR,2002,Whole Year,Coriander,2,2,1
Bihar,BHOJPUR,2002,Whole Year,Garlic,2,3,1.5
Bihar,BHOJPUR,2002,Whole Year,Onion,326,2621,8.039877301
Bihar,BHOJPUR,2002,Whole Year,Potato,3048,32074,10.52296588
Bihar,BHOJPUR,2002,Whole Year,Sugarcane,152,5628,37.02631579
Bihar,BHOJPUR,2002,Winter,Rice,110682,206288,1.863789957
Bihar,BHOJPUR,2003,Autumn,Rice,1001,1255,1.253746254
Bihar,BHOJPUR,2003,Kharif,Arhar/Tur,924,802,0.867965368
Bihar,BHOJPUR,2003,Kharif,Bajra,466,460,0.987124464
Bihar,BHOJPUR,2003,Kharif,Jowar,614,620,1.009771987
Bihar,BHOJPUR,2003,Kharif,Maize,2538,2016,0.794326241
Bihar,BHOJPUR,2003,Kharif,Moong(Green Gram),70,38,0.542857143
Bihar,BHOJPUR,2003,Kharif,Other Kharif pulses,12,7,0.583333333
Bihar,BHOJPUR,2003,Kharif,Sesamum,1,1,1
Bihar,BHOJPUR,2003,Kharif,Small millets,28,22,0.785714286
Bihar,BHOJPUR,2003,Kharif,Urad,29,22,0.75862069
Bihar,BHOJPUR,2003,Rabi,Barley,1062,884,0.832391714
Bihar,BHOJPUR,2003,Rabi,Gram,4762,5676,1.191936161
Bihar,BHOJPUR,2003,Rabi,Khesari,8322,7923,0.952054795
Bihar,BHOJPUR,2003,Rabi,Linseed,655,517,0.789312977
Bihar,BHOJPUR,2003,Rabi,Maize,7,18,2.571428571
Bihar,BHOJPUR,2003,Rabi,Masoor,6780,6705,0.988938053
Bihar,BHOJPUR,2003,Rabi,Peas & beans (Pulses),1681,1582,0.941106484
Bihar,BHOJPUR,2003,Rabi,Rapeseed &Mustard,1572,788,0.501272265
Bihar,BHOJPUR,2003,Rabi,Wheat,76500,185606,2.426222222
Bihar,BHOJPUR,2003,Summer,Maize,755,2163,2.864900662
Bihar,BHOJPUR,2003,Summer,Moong(Green Gram),19,9,0.473684211
Bihar,BHOJPUR,2003,Summer,Rice,7,9,1.285714286
Bihar,BHOJPUR,2003,Whole Year,Coriander,4,3,0.75
Bihar,BHOJPUR,2003,Whole Year,Dry chillies,4,4,1
Bihar,BHOJPUR,2003,Whole Year,Garlic,5,7,1.4
Bihar,BHOJPUR,2003,Whole Year,Onion,376,3042,8.090425532
Bihar,BHOJPUR,2003,Whole Year,Potato,2997,36595,12.21054388
Bihar,BHOJPUR,2003,Whole Year,Sugarcane,151,5431,35.96688742
Bihar,BHOJPUR,2003,Winter,Rice,105425,223506,2.120047427
Bihar,BHOJPUR,2004,Autumn,Rice,1453,1295,0.891259463
Bihar,BHOJPUR,2004,Kharif,Arhar/Tur,1181,1892,1.602032176
Bihar,BHOJPUR,2004,Kharif,Bajra,129,127,0.984496124
Bihar,BHOJPUR,2004,Kharif,Horse-gram,5,4,0.8
Bihar,BHOJPUR,2004,Kharif,Jowar,566,559,0.987632509
Bihar,BHOJPUR,2004,Kharif,Maize,3543,5878,1.659046006
Bihar,BHOJPUR,2004,Kharif,Mesta,5,40,8
Bihar,BHOJPUR,2004,Kharif,Moong(Green Gram),55,43,0.781818182
Bihar,BHOJPUR,2004,Kharif,Other Kharif pulses,1,,
Bihar,BHOJPUR,2004,Kharif,Sesamum,32,25,0.78125
Bihar,BHOJPUR,2004,Kharif,Small millets,29,24,0.827586207
Bihar,BHOJPUR,2004,Kharif,Urad,34,32,0.941176471
Bihar,BHOJPUR,2004,Rabi,Barley,2073,2838,1.369030391
Bihar,BHOJPUR,2004,Rabi,Gram,3134,2821,0.900127632
Bihar,BHOJPUR,2004,Rabi,Khesari,5587,4492,0.804009307
Bihar,BHOJPUR,2004,Rabi,Linseed,452,428,0.946902655
Bihar,BHOJPUR,2004,Rabi,Maize,57,279,4.894736842
Bihar,BHOJPUR,2004,Rabi,Masoor,6775,5867,0.86597786
Bihar,BHOJPUR,2004,Rabi,Peas & beans (Pulses),1397,1203,0.861130995
Bihar,BHOJPUR,2004,Rabi,Rapeseed &Mustard,1112,737,0.662769784
Bihar,BHOJPUR,2004,Rabi,Wheat,49786,91356,1.834973687
Bihar,BHOJPUR,2004,Summer,Maize,791,2267,2.865992415
Bihar,BHOJPUR,2004,Summer,Moong(Green Gram),21,12,0.571428571
Bihar,BHOJPUR,2004,Summer,Rice,43,64,1.488372093
Bihar,BHOJPUR,2004,Whole Year,Coriander,4,3,0.75
Bihar,BHOJPUR,2004,Whole Year,Garlic,2,3,1.5
Bihar,BHOJPUR,2004,Whole Year,Onion,387,2825,7.299741602
Bihar,BHOJPUR,2004,Whole Year,Potato,2684,23028,8.579731744
Bihar,BHOJPUR,2004,Whole Year,Sannhamp,1,1,1
Bihar,BHOJPUR,2004,Whole Year,Sugarcane,233,9563,41.04291845
Bihar,BHOJPUR,2004,Winter,Rice,95267,30416,0.319271101
Bihar,BHOJPUR,2005,Autumn,Rice,453,460,1.015452539
Bihar,BHOJPUR,2005,Kharif,Arhar/Tur,1349,2374,1.75982209
Bihar,BHOJPUR,2005,Kharif,Bajra,1175,1161,0.988085106
Bihar,BHOJPUR,2005,Kharif,Jowar,1012,1032,1.019762846
Bihar,BHOJPUR,2005,Kharif,Maize,2920,4924,1.68630137
Bihar,BHOJPUR,2005,Kharif,Mesta,11,108,9.818181818
Bihar,BHOJPUR,2005,Kharif,Moong(Green Gram),155,104,0.670967742
Bihar,BHOJPUR,2005,Kharif,Other Kharif pulses,25,12,0.48
Bihar,BHOJPUR,2005,Kharif,Ragi,17,15,0.882352941
Bihar,BHOJPUR,2005,Kharif,Sesamum,84,78,0.928571429
Bihar,BHOJPUR,2005,Kharif,Small millets,45,34,0.755555556
Bihar,BHOJPUR,2005,Kharif,Urad,29,25,0.862068966
Bihar,BHOJPUR,2005,Rabi,Barley,1597,2111,1.321853475
Bihar,BHOJPUR,2005,Rabi,Gram,4813,5602,1.16393102
Bihar,BHOJPUR,2005,Rabi,Khesari,7121,5576,0.78303609
Bihar,BHOJPUR,2005,Rabi,Linseed,650,554,0.852307692
Bihar,BHOJPUR,2005,Rabi,Maize,47,115,2.446808511
Bihar,BHOJPUR,2005,Rabi,Masoor,7705,5740,0.744970798
Bihar,BHOJPUR,2005,Rabi,Other  Rabi pulses,4,3,0.75
Bihar,BHOJPUR,2005,Rabi,Peas & beans (Pulses),1304,1192,0.914110429
Bihar,BHOJPUR,2005,Rabi,Rapeseed &Mustard,1770,2634,1.488135593
Bihar,BHOJPUR,2005,Rabi,Wheat,54956,142452,2.592110052
Bihar,BHOJPUR,2005,Summer,Maize,756,1895,2.506613757
Bihar,BHOJPUR,2005,Summer,Moong(Green Gram),45,26,0.577777778
Bihar,BHOJPUR,2005,Summer,Rice,70,98,1.4
Bihar,BHOJPUR,2005,Whole Year,Coriander,20,16,0.8
Bihar,BHOJPUR,2005,Whole Year,Dry chillies,30,26,0.866666667
Bihar,BHOJPUR,2005,Whole Year,Garlic,5,7,1.4
Bihar,BHOJPUR,2005,Whole Year,Onion,534,4560,8.539325843
Bihar,BHOJPUR,2005,Whole Year,Potato,3639,32523,8.937345425
Bihar,BHOJPUR,2005,Whole Year,Sannhamp,2,1,0.5
Bihar,BHOJPUR,2005,Whole Year,Sugarcane,126,5278,41.88888889
Bihar,BHOJPUR,2005,Whole Year,Sweet potato,13,195,15
Bihar,BHOJPUR,2005,Whole Year,Turmeric,3,3,1
Bihar,BHOJPUR,2005,Winter,Rice,84677,200611,2.369132114
Bihar,BHOJPUR,2006,Autumn,Rice,551,585,1.061705989
Bihar,BHOJPUR,2006,Kharif,Arhar/Tur,1626,2441,1.501230012
Bihar,BHOJPUR,2006,Kharif,Bajra,590,583,0.988135593
Bihar,BHOJPUR,2006,Kharif,Jowar,735,750,1.020408163
Bihar,BHOJPUR,2006,Kharif,Maize,2870,4497,1.566898955
Bihar,BHOJPUR,2006,Kharif,Mesta,10,85,8.5
Bihar,BHOJPUR,2006,Kharif,Moong(Green Gram),50,29,0.58
Bihar,BHOJPUR,2006,Kharif,Ragi,17,15,0.882352941
Bihar,BHOJPUR,2006,Kharif,Sannhamp,2,1,0.5
Bihar,BHOJPUR,2006,Kharif,Sesamum,128,101,0.7890625
Bihar,BHOJPUR,2006,Kharif,Urad,49,38,0.775510204
Bihar,BHOJPUR,2006,Rabi,Barley,1533,1815,1.183953033
Bihar,BHOJPUR,2006,Rabi,Gram,4445,3845,0.865016873
Bihar,BHOJPUR,2006,Rabi,Khesari,8046,6815,0.847004723
Bihar,BHOJPUR,2006,Rabi,Linseed,586,500,0.853242321
Bihar,BHOJPUR,2006,Rabi,Maize,53,119,2.245283019
Bihar,BHOJPUR,2006,Rabi,Masoor,9533,5825,0.611035351
Bihar,BHOJPUR,2006,Rabi,Peas & beans (Pulses),1461,1354,0.926762491
Bihar,BHOJPUR,2006,Rabi,Rapeseed &Mustard,1471,1141,0.775662814
Bihar,BHOJPUR,2006,Rabi,Wheat,75252,190165,2.527042471
Bihar,BHOJPUR,2006,Summer,Maize,728,2386,3.277472527
Bihar,BHOJPUR,2006,Summer,Moong(Green Gram),28,15,0.535714286
Bihar,BHOJPUR,2006,Summer,Rice,76,99,1.302631579
Bihar,BHOJPUR,2006,Winter,Rice,84827,226118,2.66563712
Bihar,BHOJPUR,2007,Autumn,Maize,3990,4530,1.135338346
Bihar,BHOJPUR,2007,Autumn,Rice,563,393,0.698046181
Bihar,BHOJPUR,2007,Kharif,Arhar/Tur,1458,2428,1.665294925
Bihar,BHOJPUR,2007,Kharif,Bajra,1089,1211,1.112029385
Bihar,BHOJPUR,2007,Kharif,Jowar,968,1076,1.111570248
Bihar,BHOJPUR,2007,Kharif,Mesta,16,148,9.25
Bihar,BHOJPUR,2007,Kharif,Moong(Green Gram),160,112,0.7
Bihar,BHOJPUR,2007,Kharif,Other Kharif pulses,22,13,0.590909091
Bihar,BHOJPUR,2007,Kharif,Ragi,29,18,0.620689655
Bihar,BHOJPUR,2007,Kharif,Sannhamp,4,16.66,4.165
Bihar,BHOJPUR,2007,Kharif,Sesamum,152,114,0.75
Bihar,BHOJPUR,2007,Kharif,Small millets,159,118,0.742138365
Bihar,BHOJPUR,2007,Kharif,Urad,140,119,0.85
Bihar,BHOJPUR,2007,Rabi,Barley,1712,2503,1.46203271
Bihar,BHOJPUR,2007,Rabi,Gram,4960,5952,1.2
Bihar,BHOJPUR,2007,Rabi,Khesari,6443,5000,0.776036008
Bihar,BHOJPUR,2007,Rabi,Linseed,347,296,0.853025937
Bihar,BHOJPUR,2007,Rabi,Maize,58,138,2.379310345
Bihar,BHOJPUR,2007,Rabi,Masoor,10897,9666,0.887033128
Bihar,BHOJPUR,2007,Rabi,Other  Rabi pulses,6,4,0.666666667
Bihar,BHOJPUR,2007,Rabi,Peas & beans (Pulses),1840,1706,0.927173913
Bihar,BHOJPUR,2007,Rabi,Rapeseed &Mustard,1840,2456,1.334782609
Bihar,BHOJPUR,2007,Rabi,Wheat,76141,250751,3.293245426
Bihar,BHOJPUR,2007,Summer,Maize,852,2839,3.332159624
Bihar,BHOJPUR,2007,Summer,Moong(Green Gram),55,33,0.6
Bihar,BHOJPUR,2007,Summer,Rice,58,76,1.310344828
Bihar,BHOJPUR,2007,Whole Year,Coriander,15,11,0.733333333
Bihar,BHOJPUR,2007,Whole Year,Onion,673,4772,7.09063893
Bihar,BHOJPUR,2007,Whole Year,Potato,4757,37156,7.810805129
Bihar,BHOJPUR,2007,Whole Year,Sugarcane,250,9573,38.292
Bihar,BHOJPUR,2007,Whole Year,Sweet potato,10,148,14.8
Bihar,BHOJPUR,2007,Winter,Rice,105904,271903,2.567447877
Bihar,BHOJPUR,2008,Autumn,Maize,3955,2318,0.586093552
Bihar,BHOJPUR,2008,Autumn,Rice,150,200,1.333333333
Bihar,BHOJPUR,2008,Kharif,Arhar/Tur,1450,1885,1.3
Bihar,BHOJPUR,2008,Kharif,Bajra,1176,1424,1.210884354
Bihar,BHOJPUR,2008,Kharif,Jowar,836,854,1.0215311
Bihar,BHOJPUR,2008,Kharif,Mesta,16,139,8.6875
Bihar,BHOJPUR,2008,Kharif,Moong(Green Gram),166,119,0.71686747
Bihar,BHOJPUR,2008,Kharif,Other Kharif pulses,23,13,0.565217391
Bihar,BHOJPUR,2008,Kharif,Potato,2149,16655,7.750116333
Bihar,BHOJPUR,2008,Kharif,Ragi,31,25,0.806451613
Bihar,BHOJPUR,2008,Kharif,Sannhamp,4,16.66,4.165
Bihar,BHOJPUR,2008,Kharif,Sesamum,144,119,0.826388889
Bihar,BHOJPUR,2008,Kharif,Small millets,164,123,0.75
Bihar,BHOJPUR,2008,Kharif,Sweet potato,44,640,14.54545455
Bihar,BHOJPUR,2008,Kharif,Urad,139,116,0.834532374
Bihar,BHOJPUR,2008,Rabi,Barley,1663,2125,1.277811185
Bihar,BHOJPUR,2008,Rabi,Gram,4807,5244,1.090909091
Bihar,BHOJPUR,2008,Rabi,Khesari,6581,6245,0.948943929
Bihar,BHOJPUR,2008,Rabi,Linseed,461,393,0.852494577
Bihar,BHOJPUR,2008,Rabi,Maize,53,50,0.943396226
Bihar,BHOJPUR,2008,Rabi,Masoor,10887,9853,0.905024341
Bihar,BHOJPUR,2008,Rabi,Other  Rabi pulses,4,3,0.75
Bihar,BHOJPUR,2008,Rabi,Peas & beans (Pulses),1597,1536,0.961803381
Bihar,BHOJPUR,2008,Rabi,Potato,2619,15897,6.069873998
Bihar,BHOJPUR,2008,Rabi,Rapeseed &Mustard,1769,2623,1.482758621
Bihar,BHOJPUR,2008,Rabi,Sweet potato,1,15,15
Bihar,BHOJPUR,2008,Rabi,Wheat,77721,211131,2.716524491
Bihar,BHOJPUR,2008,Summer,Maize,835,2696,3.228742515
Bihar,BHOJPUR,2008,Summer,Moong(Green Gram),49,33,0.673469388
Bihar,BHOJPUR,2008,Whole Year,Dry chillies,18,12,0.666666667
Bihar,BHOJPUR,2008,Whole Year,Garlic,6,9,1.5
Bihar,BHOJPUR,2008,Whole Year,Onion,622,4976,8
Bihar,BHOJPUR,2008,Whole Year,Sugarcane,255,11782,46.20392157
Bihar,BHOJPUR,2008,Whole Year,Turmeric,3,4,1.333333333
Bihar,BHOJPUR,2008,Winter,Rice,106010,314018,2.962154514
Bihar,BHOJPUR,2009,Autumn,Maize,3969,8423,2.122197027
Bihar,BHOJPUR,2009,Autumn,Rice,482,435,0.902489627
Bihar,BHOJPUR,2009,Kharif,Arhar/Tur,1635,4364,2.66911315
Bihar,BHOJPUR,2009,Kharif,Bajra,1176,1307,1.111394558
Bihar,BHOJPUR,2009,Kharif,Horse-gram,10,10,1
Bihar,BHOJPUR,2009,Kharif,Jowar,833,864,1.037214886
Bihar,BHOJPUR,2009,Kharif,Mesta,17,122,7.176470588
Bihar,BHOJPUR,2009,Kharif,Moong(Green Gram),165,109,0.660606061
Bihar,BHOJPUR,2009,Kharif,Other Kharif pulses,50,40,0.8
Bihar,BHOJPUR,2009,Kharif,Ragi,31,25,0.806451613
Bihar,BHOJPUR,2009,Kharif,Sannhamp,16,13,0.8125
Bihar,BHOJPUR,2009,Kharif,Small millets,172,131,0.761627907
Bihar,BHOJPUR,2009,Kharif,Urad,142,141,0.992957746
Bihar,BHOJPUR,2009,Rabi,Barley,1303,2103,1.613967767
Bihar,BHOJPUR,2009,Rabi,Gram,5178,8766,1.692931634
Bihar,BHOJPUR,2009,Rabi,Khesari,5274,8908,1.689040576
Bihar,BHOJPUR,2009,Rabi,Linseed,266,225,0.845864662
Bihar,BHOJPUR,2009,Rabi,Maize,68,92,1.352941176
Bihar,BHOJPUR,2009,Rabi,Masoor,11757,16965,1.442970145
Bihar,BHOJPUR,2009,Rabi,Other  Rabi pulses,7,5,0.714285714
Bihar,BHOJPUR,2009,Rabi,Peas & beans (Pulses),1652,1654,1.001210654
Bihar,BHOJPUR,2009,Rabi,Rapeseed &Mustard,2089,4519,2.163235998
Bihar,BHOJPUR,2009,Rabi,Wheat,76961,256474,3.332519068
Bihar,BHOJPUR,2009,Summer,Maize,889,2744,3.086614173
Bihar,BHOJPUR,2009,Summer,Moong(Green Gram),65,28,0.430769231
Bihar,BHOJPUR,2009,Summer,Rice,19,25,1.315789474
Bihar,BHOJPUR,2009,Whole Year,Sugarcane,251,11231,44.74501992
Bihar,BHOJPUR,2009,Winter,Rice,106010,141405,1.333883596
Bihar,BHOJPUR,2010,Autumn,Maize,3973,9703,2.442235087
Bihar,BHOJPUR,2010,Autumn,Rice,482,431,0.894190871
Bihar,BHOJPUR,2010,Kharif,Arhar/Tur,1632,2313,1.417279412
Bihar,BHOJPUR,2010,Kharif,Bajra,1338,1496,1.118086697
Bihar,BHOJPUR,2010,Kharif,Horse-gram,10,9,0.9
Bihar,BHOJPUR,2010,Kharif,Jowar,831,881,1.060168472
Bihar,BHOJPUR,2010,Kharif,Mesta,17,143,8.411764706
Bihar,BHOJPUR,2010,Kharif,Moong(Green Gram),148,97,0.655405405
Bihar,BHOJPUR,2010,Kharif,Other Kharif pulses,48,36,0.75
Bihar,BHOJPUR,2010,Kharif,Ragi,31,30,0.967741935
Bihar,BHOJPUR,2010,Kharif,Sesamum,120,95,0.791666667
Bihar,BHOJPUR,2010,Kharif,Small millets,173,134,0.774566474
Bihar,BHOJPUR,2010,Kharif,Urad,142,124,0.873239437
Bihar,BHOJPUR,2010,Rabi,Barley,1699,2573,1.514420247
Bihar,BHOJPUR,2010,Rabi,Gram,5561,7518,1.351915123
Bihar,BHOJPUR,2010,Rabi,Khesari,5269,6987,1.326058076
Bihar,BHOJPUR,2010,Rabi,Linseed,266,218,0.819548872
Bihar,BHOJPUR,2010,Rabi,Maize,71,213,3
Bihar,BHOJPUR,2010,Rabi,Masoor,11714,14736,1.257981902
Bihar,BHOJPUR,2010,Rabi,Other  Rabi pulses,7,5,0.714285714
Bihar,BHOJPUR,2010,Rabi,Peas & beans (Pulses),900,932,1.035555556
Bihar,BHOJPUR,2010,Rabi,Rapeseed &Mustard,2091,2457,1.175035868
Bihar,BHOJPUR,2010,Rabi,Wheat,77138,200441,2.598472867
Bihar,BHOJPUR,2010,Summer,Maize,884,3566,4.033936652
Bihar,BHOJPUR,2010,Summer,Moong(Green Gram),67,36,0.537313433
Bihar,BHOJPUR,2010,Summer,Rice,19,36,1.894736842
Bihar,BHOJPUR,2010,Whole Year,Sugarcane,251,11528,45.92828685
Bihar,BHOJPUR,2010,Winter,Rice,105877,215955,2.039678117
Bihar,BHOJPUR,2011,Autumn,Maize,3967,5483,1.38215276
Bihar,BHOJPUR,2011,Autumn,Rice,436,699,1.603211009
Bihar,BHOJPUR,2011,Kharif,Arhar/Tur,1689,3452,2.043812907
Bihar,BHOJPUR,2011,Kharif,Bajra,1318,1483,1.125189681
Bihar,BHOJPUR,2011,Kharif,Horse-gram,10,10,1
Bihar,BHOJPUR,2011,Kharif,Jowar,826,880,1.065375303
Bihar,BHOJPUR,2011,Kharif,Mesta,17,210,12.35294118
Bihar,BHOJPUR,2011,Kharif,Moong(Green Gram),173,104,0.601156069
Bihar,BHOJPUR,2011,Kharif,Other Kharif pulses,78,70,0.897435897
Bihar,BHOJPUR,2011,Kharif,Ragi,30,36,1.2
Bihar,BHOJPUR,2011,Kharif,Sesamum,120,105,0.875
Bihar,BHOJPUR,2011,Kharif,Small millets,169,127,0.75147929
Bihar,BHOJPUR,2011,Kharif,Urad,141,126,0.893617021
Bihar,BHOJPUR,2011,Rabi,Barley,1259,1993,1.583002383
Bihar,BHOJPUR,2011,Rabi,Gram,5166,9433,1.825977545
Bihar,BHOJPUR,2011,Rabi,Khesari,5055,8710,1.723046489
Bihar,BHOJPUR,2011,Rabi,Linseed,260,225,0.865384615
Bihar,BHOJPUR,2011,Rabi,Maize,71,227,3.197183099
Bihar,BHOJPUR,2011,Rabi,Masoor,11673,13284,1.138010794
Bihar,BHOJPUR,2011,Rabi,Other  Rabi pulses,8,9,1.125
Bihar,BHOJPUR,2011,Rabi,Peas & beans (Pulses),902,930,1.031042129
Bihar,BHOJPUR,2011,Rabi,Rapeseed &Mustard,2048,2736,1.3359375
Bihar,BHOJPUR,2011,Rabi,Wheat,77372,233961,3.023845836
Bihar,BHOJPUR,2011,Summer,Maize,906,4014,4.430463576
Bihar,BHOJPUR,2011,Summer,Moong(Green Gram),62,37,0.596774194
Bihar,BHOJPUR,2011,Summer,Rice,8,12,1.5
Bihar,BHOJPUR,2011,Winter,Rice,105902,349737,3.302458877
Bihar,BHOJPUR,2012,Autumn,Maize,2852,7393,2.592215989
Bihar,BHOJPUR,2012,Autumn,Rice,350,624,1.782857143
Bihar,BHOJPUR,2012,Kharif,Arhar/Tur,1604,9268,5.778054863
Bihar,BHOJPUR,2012,Kharif,Bajra,881,1004,1.139614075
Bihar,BHOJPUR,2012,Kharif,Horse-gram,8,8,1
Bihar,BHOJPUR,2012,Kharif,Jowar,677,725,1.070901034
Bihar,BHOJPUR,2012,Kharif,Moong(Green Gram),118,83,0.703389831
Bihar,BHOJPUR,2012,Kharif,Other Kharif pulses,73,73,1
Bihar,BHOJPUR,2012,Kharif,Ragi,8,9,1.125
Bihar,BHOJPUR,2012,Kharif,Sesamum,66,59,0.893939394
Bihar,BHOJPUR,2012,Kharif,Small millets,164,126,0.768292683
Bihar,BHOJPUR,2012,Kharif,Urad,73,67,0.917808219
Bihar,BHOJPUR,2012,Rabi,Barley,1250,1903,1.5224
Bihar,BHOJPUR,2012,Rabi,Gram,4647,7082,1.523993975
Bihar,BHOJPUR,2012,Rabi,Khesari,3574,5300,1.482932289
Bihar,BHOJPUR,2012,Rabi,Linseed,420,364,0.866666667
Bihar,BHOJPUR,2012,Rabi,Maize,67,257,3.835820896
Bihar,BHOJPUR,2012,Rabi,Masoor,10417,13792,1.323989632
Bihar,BHOJPUR,2012,Rabi,Peas & beans (Pulses),820,854,1.041463415
Bihar,BHOJPUR,2012,Rabi,Wheat,74136,192024,2.590158627
Bihar,BHOJPUR,2012,Summer,Maize,906,4690,5.176600442
Bihar,BHOJPUR,2012,Summer,Moong(Green Gram),62,39,0.629032258
Bihar,BHOJPUR,2012,Summer,Rice,8,19,2.375
Bihar,BHOJPUR,2012,Whole Year,Sugarcane,353,13953,39.52691218
Bihar,BHOJPUR,2012,Winter,Rice,104976,359335,3.4230205
Bihar,BHOJPUR,2013,Autumn,Maize,2609,3955,1.515906478
Bihar,BHOJPUR,2013,Autumn,Rice,164,224,1.365853659
Bihar,BHOJPUR,2013,Kharif,Arhar/Tur,1046,2321,2.218929254
Bihar,BHOJPUR,2013,Kharif,Bajra,443,504,1.137697517
Bihar,BHOJPUR,2013,Kharif,Horse-gram,8,8,1
Bihar,BHOJPUR,2013,Kharif,Jowar,417,444,1.064748201
Bihar,BHOJPUR,2013,Kharif,Moong(Green Gram),121,89,0.73553719
Bihar,BHOJPUR,2013,Kharif,Other Kharif pulses,72,72,1
Bihar,BHOJPUR,2013,Kharif,Ragi,1,1,1
Bihar,BHOJPUR,2013,Kharif,Sesamum,46,41,0.891304348
Bihar,BHOJPUR,2013,Kharif,Small millets,244,184,0.754098361
Bihar,BHOJPUR,2013,Kharif,Urad,86,78,0.906976744
Bihar,BHOJPUR,2013,Rabi,Barley,1231,1290,1.047928513
Bihar,BHOJPUR,2013,Rabi,Gram,6580,8593,1.305927052
Bihar,BHOJPUR,2013,Rabi,Khesari,3499,3184,0.909974278
Bihar,BHOJPUR,2013,Rabi,Linseed,172,146,0.848837209
Bihar,BHOJPUR,2013,Rabi,Maize,66,249,3.772727273
Bihar,BHOJPUR,2013,Rabi,Masoor,9702,10381,1.06998557
Bihar,BHOJPUR,2013,Rabi,Peas & beans (Pulses),827,1034,1.250302297
Bihar,BHOJPUR,2013,Rabi,Rapeseed &Mustard,1081,1583,1.464384829
Bihar,BHOJPUR,2013,Rabi,Wheat,74643,211555,2.834224241
Bihar,BHOJPUR,2013,Summer,Maize,872,4203,4.819954128
Bihar,BHOJPUR,2013,Summer,Moong(Green Gram),97,65,0.670103093
Bihar,BHOJPUR,2013,Whole Year,Sugarcane,280,14576,52.05714286
Bihar,BHOJPUR,2013,Winter,Rice,99679,283162,2.840738771
Bihar,BHOJPUR,2014,Autumn,Maize,2558,5069,1.981626271
Bihar,BHOJPUR,2014,Autumn,Rice,41,71,1.731707317
Bihar,BHOJPUR,2014,Kharif,Arhar/Tur,1051,1928,1.834443387
Bihar,BHOJPUR,2014,Kharif,Bajra,253,287,1.134387352
Bihar,BHOJPUR,2014,Kharif,Horse-gram,8,8,1
Bihar,BHOJPUR,2014,Kharif,Jowar,406,434,1.068965517
Bihar,BHOJPUR,2014,Kharif,Moong(Green Gram),112,84,0.75
Bihar,BHOJPUR,2014,Kharif,Other Kharif pulses,71,71,1
Bihar,BHOJPUR,2014,Kharif,Ragi,1,1,1
Bihar,BHOJPUR,2014,Kharif,Sesamum,36,32,0.888888889
Bihar,BHOJPUR,2014,Kharif,Small millets,228,171,0.75
Bihar,BHOJPUR,2014,Kharif,Urad,76,69,0.907894737
Bihar,BHOJPUR,2014,Rabi,Barley,1072,1004,0.936567164
Bihar,BHOJPUR,2014,Rabi,Gram,4149,3452,0.832007713
Bihar,BHOJPUR,2014,Rabi,Khesari,3203,3229,1.00811739
Bihar,BHOJPUR,2014,Rabi,Linseed,130,112,0.861538462
Bihar,BHOJPUR,2014,Rabi,Maize,57,151,2.649122807
Bihar,BHOJPUR,2014,Rabi,Masoor,9625,7902,0.820987013
Bihar,BHOJPUR,2014,Rabi,Peas & beans (Pulses),815,823,1.009815951
Bihar,BHOJPUR,2014,Rabi,Rapeseed &Mustard,1009,1358,1.345887017
Bihar,BHOJPUR,2014,Rabi,Wheat,74572,136534,1.830901679
Bihar,BHOJPUR,2014,Summer,Maize,839,3493,4.163289631
Bihar,BHOJPUR,2014,Summer,Moong(Green Gram),64,37,0.578125
Bihar,BHOJPUR,2014,Whole Year,Sugarcane,542,36117,66.63653137
Bihar,BHOJPUR,2014,Winter,Rice,99721,287766,2.885711134
Bihar,BUXAR,1997,Kharif,Arhar/Tur,956,935,0.978033473
Bihar,BUXAR,1997,Kharif,Bajra,359,222,0.618384401
Bihar,BUXAR,1997,Kharif,Jowar,817,678,0.829865361
Bihar,BUXAR,1997,Kharif,Maize,1132,593,0.52385159
Bihar,BUXAR,1997,Kharif,Other Kharif pulses,14,6,0.428571429
Bihar,BUXAR,1997,Kharif,Sesamum,1,1,1
Bihar,BUXAR,1997,Rabi,Barley,1837,2774,1.510070768
Bihar,BUXAR,1997,Rabi,Gram,4359,3805,0.87290663
Bihar,BUXAR,1997,Rabi,Linseed,1384,1026,0.74132948
Bihar,BUXAR,1997,Rabi,Other  Rabi pulses,188,149,0.792553191
Bihar,BUXAR,1997,Rabi,Rapeseed &Mustard,1765,740,0.419263456
Bihar,BUXAR,1997,Rabi,Safflower,35,29,0.828571429
Bihar,BUXAR,1997,Rabi,Sunflower,35,26,0.742857143
Bihar,BUXAR,1997,Rabi,Wheat,68053,170609,2.507001896
Bihar,BUXAR,1997,Summer,Maize,69,130,1.884057971
Bihar,BUXAR,1997,Summer,Rice,4,6,1.5
Bihar,BUXAR,1997,Whole Year,Coriander,27,14,0.518518519
Bihar,BUXAR,1997,Whole Year,Garlic,7,9,1.285714286
Bihar,BUXAR,1997,Whole Year,Onion,193,1525,7.901554404
Bihar,BUXAR,1997,Whole Year,Potato,2565,26647,10.38869396
Bihar,BUXAR,1997,Whole Year,Ragi,1,1,1
Bihar,BUXAR,1997,Whole Year,Sugarcane,59,29529,500.4915254
Bihar,BUXAR,1997,Winter,Rice,91783,215629,2.349334844
Bihar,BUXAR,1998,Kharif,Arhar/Tur,710,1111,1.564788732
Bihar,BUXAR,1998,Kharif,Bajra,786,463,0.589058524
Bihar,BUXAR,1998,Kharif,Jowar,543,597,1.099447514
Bihar,BUXAR,1998,Kharif,Maize,966,1786,1.848861284
Bihar,BUXAR,1998,Kharif,Other Kharif pulses,279,159,0.569892473
Bihar,BUXAR,1998,Kharif,Ragi,1,1,1
Bihar,BUXAR,1998,Kharif,Sunflower,39,31,0.794871795
Bihar,BUXAR,1998,Rabi,Barley,1661,2991,1.800722456
Bihar,BUXAR,1998,Rabi,Gram,2904,4127,1.421143251
Bihar,BUXAR,1998,Rabi,Linseed,1340,662,0.494029851
Bihar,BUXAR,1998,Rabi,Maize,10,30,3
Bihar,BUXAR,1998,Rabi,Other  Rabi pulses,18000,15656,0.869777778
Bihar,BUXAR,1998,Rabi,Rapeseed &Mustard,3846,3704,0.963078523
Bihar,BUXAR,1998,Rabi,Safflower,76,63,0.828947368
Bihar,BUXAR,1998,Rabi,Wheat,66625,156956,2.355812383
Bihar,BUXAR,1998,Whole Year,Coriander,11,7,0.636363636
Bihar,BUXAR,1998,Whole Year,Dry chillies,4,3,0.75
Bihar,BUXAR,1998,Whole Year,Garlic,3,4,1.333333333
Bihar,BUXAR,1998,Whole Year,Onion,290,2535,8.74137931
Bihar,BUXAR,1998,Whole Year,Potato,4727,56634,11.98096044
Bihar,BUXAR,1998,Whole Year,Sugarcane,396,9752,24.62626263
Bihar,BUXAR,1998,Winter,Rice,90730,221735,2.443899482
Bihar,BUXAR,1999,Kharif,Arhar/Tur,993,1375,1.38469285
Bihar,BUXAR,1999,Kharif,Bajra,640,392,0.6125
Bihar,BUXAR,1999,Kharif,Jowar,2084,3091,1.483205374
Bihar,BUXAR,1999,Kharif,Maize,1121,2236,1.994647636
Bihar,BUXAR,1999,Kharif,Moong(Green Gram),96,55,0.572916667
Bihar,BUXAR,1999,Kharif,Sesamum,77,39,0.506493506
Bihar,BUXAR,1999,Kharif,Sunflower,56,39,0.696428571
Bihar,BUXAR,1999,Rabi,Gram,3713,4378,1.179100458
Bihar,BUXAR,1999,Rabi,Khesari,9626,7345,0.763037606
Bihar,BUXAR,1999,Rabi,Linseed,1112,577,0.518884892
Bihar,BUXAR,1999,Rabi,Maize,11,33,3
Bihar,BUXAR,1999,Rabi,Masoor,8279,7236,0.874018601
Bihar,BUXAR,1999,Rabi,Peas & beans (Pulses),712,484,0.679775281
Bihar,BUXAR,1999,Rabi,Rapeseed &Mustard,3626,1936,0.533921677
Bihar,BUXAR,1999,Rabi,Safflower,69,57,0.826086957
Bihar,BUXAR,1999,Rabi,Wheat,66418,165816,2.496552139
Bihar,BUXAR,1999,Whole Year,Coriander,10,5,0.5
Bihar,BUXAR,1999,Whole Year,Dry chillies,5,7,1.4
Bihar,BUXAR,1999,Whole Year,Garlic,5,7,1.4
Bihar,BUXAR,1999,Whole Year,Onion,237,4074,17.18987342
Bihar,BUXAR,1999,Whole Year,Potato,4262,47319,11.10253402
Bihar,BUXAR,1999,Whole Year,Sugarcane,328,7072,21.56097561
Bihar,BUXAR,2000,Autumn,Rice,84153,225068,2.674509524
Bihar,BUXAR,2000,Kharif,Arhar/Tur,590,838,1.420338983
Bihar,BUXAR,2000,Kharif,Bajra,643,560,0.870917574
Bihar,BUXAR,2000,Kharif,Jowar,633,579,0.914691943
Bihar,BUXAR,2000,Kharif,Maize,1168,2396,2.051369863
Bihar,BUXAR,2000,Kharif,Moong(Green Gram),98,75,0.765306122
Bihar,BUXAR,2000,Kharif,Other Kharif pulses,2,1,0.5
Bihar,BUXAR,2000,Kharif,Sunflower,53,82,1.547169811
Bihar,BUXAR,2000,Rabi,Barley,1580,2582,1.634177215
Bihar,BUXAR,2000,Rabi,Gram,2292,2808,1.22513089
Bihar,BUXAR,2000,Rabi,Khesari,10135,7338,0.724025654
Bihar,BUXAR,2000,Rabi,Linseed,841,589,0.700356718
Bihar,BUXAR,2000,Rabi,Maize,11,17,1.545454545
Bihar,BUXAR,2000,Rabi,Masoor,9222,9941,1.077965734
Bihar,BUXAR,2000,Rabi,Peas & beans (Pulses),716,689,0.962290503
Bihar,BUXAR,2000,Rabi,Rapeseed &Mustard,1197,700,0.584795322
Bihar,BUXAR,2000,Rabi,Safflower,69,55,0.797101449
Bihar,BUXAR,2000,Rabi,Wheat,45742,131621,2.877464912
Bihar,BUXAR,2000,Summer,Maize,15,38,2.533333333
Bihar,BUXAR,2000,Whole Year,Coriander,7,4,0.571428571
Bihar,BUXAR,2000,Whole Year,Dry chillies,2,4,2
Bihar,BUXAR,2000,Whole Year,Garlic,2,3,1.5
Bihar,BUXAR,2000,Whole Year,Onion,174,2102,12.08045977
Bihar,BUXAR,2000,Whole Year,Potato,1993,23376,11.72905168
Bihar,BUXAR,2000,Whole Year,Sugarcane,330,7617,23.08181818
Bihar,BUXAR,2000,Whole Year,Sweet potato,7,85,12.14285714
Bihar,BUXAR,2001,Autumn,Maize,1295,2195,1.694980695
Bihar,BUXAR,2001,Autumn,Rice,73347,183073,2.495984839
Bihar,BUXAR,2001,Kharif,Arhar/Tur,594,557,0.937710438
Bihar,BUXAR,2001,Kharif,Bajra,359,259,0.721448468
Bihar,BUXAR,2001,Kharif,Jowar,557,585,1.0502693
Bihar,BUXAR,2001,Kharif,Moong(Green Gram),104,57,0.548076923
Bihar,BUXAR,2001,Kharif,Other Kharif pulses,2,1,0.5
Bihar,BUXAR,2001,Kharif,Sunflower,35,40,1.142857143
Bihar,BUXAR,2001,Rabi,Barley,1421,2646,1.862068966
Bihar,BUXAR,2001,Rabi,Gram,1893,1849,0.976756471
Bihar,BUXAR,2001,Rabi,Khesari,10266,15409,1.500974089
Bihar,BUXAR,2001,Rabi,Linseed,1098,911,0.829690346
Bihar,BUXAR,2001,Rabi,Maize,11,16,1.454545455
Bihar,BUXAR,2001,Rabi,Masoor,9051,9911,1.095017125
Bihar,BUXAR,2001,Rabi,Other  Rabi pulses,991,692,0.698284561
Bihar,BUXAR,2001,Rabi,Peas & beans (Pulses),723,711,0.98340249
Bihar,BUXAR,2001,Rabi,Rapeseed &Mustard,2890,2063,0.71384083
Bihar,BUXAR,2001,Rabi,Safflower,71,59,0.830985915
Bihar,BUXAR,2001,Rabi,Wheat,46633,113817,2.440696502
Bihar,BUXAR,2001,Summer,Maize,16,33,2.0625
Bihar,BUXAR,2001,Whole Year,Coriander,9,5,0.555555556
Bihar,BUXAR,2001,Whole Year,Dry chillies,4,6,1.5
Bihar,BUXAR,2001,Whole Year,Garlic,3,4,1.333333333
Bihar,BUXAR,2001,Whole Year,Onion,234,2476,10.58119658
Bihar,BUXAR,2001,Whole Year,Potato,1925,18883,9.809350649
Bihar,BUXAR,2001,Whole Year,Sugarcane,485,17969,37.04948454
Bihar,BUXAR,2001,Whole Year,Sweet potato,12,124,10.33333333
Bihar,BUXAR,2002,Autumn,Maize,1216,1897,1.560032895
Bihar,BUXAR,2002,Kharif,Arhar/Tur,544,1023,1.880514706
Bihar,BUXAR,2002,Kharif,Bajra,310,335,1.080645161
Bihar,BUXAR,2002,Kharif,Jowar,571,591,1.03502627
Bihar,BUXAR,2002,Kharif,Moong(Green Gram),96,56,0.583333333
Bihar,BUXAR,2002,Kharif,Small millets,2,1,0.5
Bihar,BUXAR,2002,Kharif,Sunflower,34,45,1.323529412
Bihar,BUXAR,2002,Rabi,Barley,1321,1877,1.420893263
Bihar,BUXAR,2002,Rabi,Gram,1618,1891,1.168726823
Bihar,BUXAR,2002,Rabi,Khesari,9722,7340,0.754988685
Bihar,BUXAR,2002,Rabi,Linseed,770,629,0.816883117
Bihar,BUXAR,2002,Rabi,Maize,15,32,2.133333333
Bihar,BUXAR,2002,Rabi,Masoor,8896,11885,1.335993705
Bihar,BUXAR,2002,Rabi,Other  Rabi pulses,21,15,0.714285714
Bihar,BUXAR,2002,Rabi,Peas & beans (Pulses),617,536,0.868719611
Bihar,BUXAR,2002,Rabi,Rapeseed &Mustard,839,665,0.79261025
Bihar,BUXAR,2002,Rabi,Safflower,2,2,1
Bihar,BUXAR,2002,Rabi,Wheat,46647,127040,2.723433447
Bihar,BUXAR,2002,Summer,Maize,16,37,2.3125
Bihar,BUXAR,2002,Whole Year,Coriander,6,4,0.666666667
Bihar,BUXAR,2002,Whole Year,Dry chillies,2,1,0.5
Bihar,BUXAR,2002,Whole Year,Garlic,2,3,1.5
Bihar,BUXAR,2002,Whole Year,Onion,134,1292,9.641791045
Bihar,BUXAR,2002,Whole Year,Potato,1781,16520,9.275687816
Bihar,BUXAR,2002,Whole Year,Sugarcane,524,16737,31.94083969
Bihar,BUXAR,2002,Winter,Rice,67949,170384,2.507527705
Bihar,BUXAR,2003,Autumn,Rice,5,6,1.2
Bihar,BUXAR,2003,Kharif,Arhar/Tur,537,1254,2.335195531
Bihar,BUXAR,2003,Kharif,Bajra,303,337,1.112211221
Bihar,BUXAR,2003,Kharif,Jowar,522,527,1.009578544
Bihar,BUXAR,2003,Kharif,Maize,1300,1599,1.23
Bihar,BUXAR,2003,Kharif,Moong(Green Gram),96,55,0.572916667
Bihar,BUXAR,2003,Kharif,Small millets,1,1,1
Bihar,BUXAR,2003,Kharif,Sunflower,29,36,1.24137931
Bihar,BUXAR,2003,Rabi,Barley,1315,1861,1.415209125
Bihar,BUXAR,2003,Rabi,Gram,1571,1935,1.231699554
Bihar,BUXAR,2003,Rabi,Khesari,9352,9773,1.045017109
Bihar,BUXAR,2003,Rabi,Linseed,716,565,0.789106145
Bihar,BUXAR,2003,Rabi,Maize,12,31,2.583333333
Bihar,BUXAR,2003,Rabi,Masoor,8457,16432,1.943005794
Bihar,BUXAR,2003,Rabi,Peas & beans (Pulses),556,523,0.940647482
Bihar,BUXAR,2003,Rabi,Rapeseed &Mustard,753,611,0.811420983
Bihar,BUXAR,2003,Rabi,Safflower,2,2,1
Bihar,BUXAR,2003,Rabi,Wheat,45684,126276,2.764118729
Bihar,BUXAR,2003,Summer,Maize,142,413,2.908450704
Bihar,BUXAR,2003,Whole Year,Coriander,6,4,0.666666667
Bihar,BUXAR,2003,Whole Year,Dry chillies,3,3,1
Bihar,BUXAR,2003,Whole Year,Garlic,1,2,2
Bihar,BUXAR,2003,Whole Year,Onion,124,1586,12.79032258
Bihar,BUXAR,2003,Whole Year,Potato,1737,20627,11.87507196
Bihar,BUXAR,2003,Whole Year,Sugarcane,521,17915,34.38579655
Bihar,BUXAR,2003,Winter,Rice,67873,154414,2.275043095
Bihar,BUXAR,2004,Kharif,Arhar/Tur,700,1167,1.667142857
Bihar,BUXAR,2004,Kharif,Bajra,809,887,1.096415328
Bihar,BUXAR,2004,Kharif,Jowar,927,946,1.020496224
Bihar,BUXAR,2004,Kharif,Maize,3908,5026,1.286079836
Bihar,BUXAR,2004,Kharif,Moong(Green Gram),53,29,0.547169811
Bihar,BUXAR,2004,Kharif,Other Kharif pulses,11,6,0.545454545
Bihar,BUXAR,2004,Kharif,Sesamum,2,2,1
Bihar,BUXAR,2004,Kharif,Sunflower,28,41,1.464285714
Bihar,BUXAR,2004,Kharif,Urad,216,160,0.740740741
Bihar,BUXAR,2004,Rabi,Barley,1281,1610,1.256830601
Bihar,BUXAR,2004,Rabi,Gram,2777,3080,1.109110551
Bihar,BUXAR,2004,Rabi,Khesari,7606,5210,0.684985538
Bihar,BUXAR,2004,Rabi,Linseed,592,561,0.947635135
Bihar,BUXAR,2004,Rabi,Masoor,8830,6614,0.749037373
Bihar,BUXAR,2004,Rabi,Peas & beans (Pulses),902,777,0.861419069
Bihar,BUXAR,2004,Rabi,Rapeseed &Mustard,786,1164,1.480916031
Bihar,BUXAR,2004,Rabi,Wheat,65969,123090,1.865876396
Bihar,BUXAR,2004,Summer,Maize,134,358,2.671641791
Bihar,BUXAR,2004,Whole Year,Onion,203,1918,9.448275862
Bihar,BUXAR,2004,Whole Year,Potato,2132,18412,8.636022514
Bihar,BUXAR,2004,Whole Year,Sugarcane,379,15885,41.91292876
Bihar,BUXAR,2004,Winter,Rice,58545,22366,0.382030916
Bihar,BUXAR,2005,Kharif,Arhar/Tur,1122,1365,1.21657754
Bihar,BUXAR,2005,Kharif,Bajra,2389,2621,1.097111762
Bihar,BUXAR,2005,Kharif,Jowar,2107,2151,1.020882772
Bihar,BUXAR,2005,Kharif,Maize,3436,4287,1.247671711
Bihar,BUXAR,2005,Kharif,Moong(Green Gram),58,34,0.586206897
Bihar,BUXAR,2005,Kharif,Other Kharif pulses,7,3,0.428571429
Bihar,BUXAR,2005,Kharif,Small millets,16,12,0.75
Bihar,BUXAR,2005,Kharif,Urad,279,286,1.025089606
Bihar,BUXAR,2005,Rabi,Barley,1266,1213,0.958135861
Bihar,BUXAR,2005,Rabi,Gram,2025,2009,0.992098765
Bihar,BUXAR,2005,Rabi,Khesari,4211,4948,1.17501781
Bihar,BUXAR,2005,Rabi,Linseed,899,767,0.853170189
Bihar,BUXAR,2005,Rabi,Maize,82,201,2.451219512
Bihar,BUXAR,2005,Rabi,Masoor,5884,5978,1.015975527
Bihar,BUXAR,2005,Rabi,Peas & beans (Pulses),945,864,0.914285714
Bihar,BUXAR,2005,Rabi,Rapeseed &Mustard,1328,1056,0.795180723
Bihar,BUXAR,2005,Rabi,Wheat,62194,121865,1.959433386
Bihar,BUXAR,2005,Summer,Maize,87,206,2.367816092
Bihar,BUXAR,2005,Summer,Moong(Green Gram),15,9,0.6
Bihar,BUXAR,2005,Whole Year,Coriander,6,5,0.833333333
Bihar,BUXAR,2005,Whole Year,Onion,871,7438,8.539609644
Bihar,BUXAR,2005,Whole Year,Potato,2705,24332,8.995194085
Bihar,BUXAR,2005,Whole Year,Sugarcane,370,15580,42.10810811
Bihar,BUXAR,2005,Winter,Rice,78344,183080,2.336873277
Bihar,BUXAR,2006,Autumn,Rice,79,75,0.949367089
Bihar,BUXAR,2006,Kharif,Arhar/Tur,838,422,0.503579952
Bihar,BUXAR,2006,Kharif,Bajra,3064,3361,1.096932115
Bihar,BUXAR,2006,Kharif,Jowar,1897,1937,1.021085925
Bihar,BUXAR,2006,Kharif,Maize,4117,4408,1.070682536
Bihar,BUXAR,2006,Kharif,Moong(Green Gram),51,30,0.588235294
Bihar,BUXAR,2006,Kharif,Ragi,12,10,0.833333333
Bihar,BUXAR,2006,Kharif,Sannhamp,4,2,0.5
Bihar,BUXAR,2006,Kharif,Urad,298,231,0.775167785
Bihar,BUXAR,2006,Rabi,Barley,1373,1546,1.126001457
Bihar,BUXAR,2006,Rabi,Gram,1852,1200,0.647948164
Bihar,BUXAR,2006,Rabi,Khesari,4110,3054,0.743065693
Bihar,BUXAR,2006,Rabi,Linseed,787,671,0.852604828
Bihar,BUXAR,2006,Rabi,Maize,81,182,2.24691358
Bihar,BUXAR,2006,Rabi,Masoor,6113,4420,0.723049239
Bihar,BUXAR,2006,Rabi,Peas & beans (Pulses),794,736,0.926952141
Bihar,BUXAR,2006,Rabi,Rapeseed &Mustard,1089,845,0.77594123
Bihar,BUXAR,2006,Rabi,Wheat,60699,123162,2.029061434
Bihar,BUXAR,2006,Summer,Maize,88,265,3.011363636
Bihar,BUXAR,2006,Summer,Moong(Green Gram),15,8,0.533333333
Bihar,BUXAR,2006,Winter,Rice,82457,186996,2.267800187
Bihar,BUXAR,2007,Autumn,Maize,3786,4127,1.090068674
Bihar,BUXAR,2007,Kharif,Arhar/Tur,703,974,1.385490754
Bihar,BUXAR,2007,Kharif,Bajra,1639,1823,1.112263575
Bihar,BUXAR,2007,Kharif,Jowar,844,938,1.111374408
Bihar,BUXAR,2007,Kharif,Moong(Green Gram),59,38,0.644067797
Bihar,BUXAR,2007,Kharif,Sannhamp,5,16.66,3.332
Bihar,BUXAR,2007,Kharif,Urad,183,162,0.885245902
Bihar,BUXAR,2007,Rabi,Barley,1571,2993,1.905155952
Bihar,BUXAR,2007,Rabi,Gram,2158,2266,1.050046339
Bihar,BUXAR,2007,Rabi,Khesari,4487,3778,0.841987965
Bihar,BUXAR,2007,Rabi,Linseed,1118,954,0.853309481
Bihar,BUXAR,2007,Rabi,Maize,84,200,2.380952381
Bihar,BUXAR,2007,Rabi,Masoor,5587,5827,1.042956864
Bihar,BUXAR,2007,Rabi,Other  Rabi pulses,49,36,0.734693878
Bihar,BUXAR,2007,Rabi,Peas & beans (Pulses),1090,1010,0.926605505
Bihar,BUXAR,2007,Rabi,Rapeseed &Mustard,1275,895,0.701960784
Bihar,BUXAR,2007,Rabi,Wheat,82686,245100,2.964226108
Bihar,BUXAR,2007,Summer,Maize,101,294,2.910891089
Bihar,BUXAR,2007,Whole Year,Coriander,7,5,0.714285714
Bihar,BUXAR,2007,Whole Year,Garlic,5,7,1.4
Bihar,BUXAR,2007,Whole Year,Onion,1071,10678,9.970121382
Bihar,BUXAR,2007,Whole Year,Potato,3462,27223,7.863373772
Bihar,BUXAR,2007,Whole Year,Sugarcane,572,29592,51.73426573
Bihar,BUXAR,2007,Winter,Rice,86540,247613,2.861254911
Bihar,BUXAR,2008,Autumn,Maize,114,150,1.315789474
Bihar,BUXAR,2008,Kharif,Arhar/Tur,405,360,0.888888889
Bihar,BUXAR,2008,Kharif,Bajra,1214,1490,1.227347611
Bihar,BUXAR,2008,Kharif,Jowar,432,441,1.020833333
Bihar,BUXAR,2008,Kharif,Jute,3,24,8
Bihar,BUXAR,2008,Kharif,Moong(Green Gram),4,3,0.75
Bihar,BUXAR,2008,Kharif,Potato,1788,22958,12.84004474
Bihar,BUXAR,2008,Kharif,Small millets,10,8,0.8
Bihar,BUXAR,2008,Kharif,Urad,11,9,0.818181818
Bihar,BUXAR,2008,Rabi,Barley,1141,2056,1.801928133
Bihar,BUXAR,2008,Rabi,Gram,2778,3122,1.123830094
Bihar,BUXAR,2008,Rabi,Khesari,3132,3204,1.022988506
Bihar,BUXAR,2008,Rabi,Linseed,991,845,0.852674067
Bihar,BUXAR,2008,Rabi,Maize,62,59,0.951612903
Bihar,BUXAR,2008,Rabi,Masoor,4522,4508,0.996904025
Bihar,BUXAR,2008,Rabi,Other  Rabi pulses,42,31,0.738095238
Bihar,BUXAR,2008,Rabi,Peas & beans (Pulses),698,671,0.961318052
Bihar,BUXAR,2008,Rabi,Potato,1237,7509,6.070331447
Bihar,BUXAR,2008,Rabi,Rapeseed &Mustard,1115,792,0.710313901
Bihar,BUXAR,2008,Rabi,Wheat,77606,221389,2.852730459
Bihar,BUXAR,2008,Summer,Maize,104,333,3.201923077
Bihar,BUXAR,2008,Summer,Moong(Green Gram),15,10,0.666666667
Bihar,BUXAR,2008,Whole Year,Garlic,1,2,2
Bihar,BUXAR,2008,Whole Year,Onion,844,7216,8.549763033
Bihar,BUXAR,2008,Whole Year,Sugarcane,416,20510,49.30288462
Bihar,BUXAR,2008,Winter,Rice,76664,180533,2.354860169
Bihar,BUXAR,2009,Autumn,Maize,1500,1436,0.957333333
Bihar,BUXAR,2009,Kharif,Arhar/Tur,423,439,1.037825059
Bihar,BUXAR,2009,Kharif,Bajra,1553,1725,1.110753381
Bihar,BUXAR,2009,Kharif,Jowar,418,433,1.035885167
Bihar,BUXAR,2009,Kharif,Moong(Green Gram),52,34,0.653846154
Bihar,BUXAR,2009,Kharif,Sannhamp,4,3,0.75
Bihar,BUXAR,2009,Kharif,Urad,141,140,0.992907801
Bihar,BUXAR,2009,Rabi,Barley,1390,1657,1.192086331
Bihar,BUXAR,2009,Rabi,Gram,2352,2142,0.910714286
Bihar,BUXAR,2009,Rabi,Khesari,2914,5032,1.726835964
Bihar,BUXAR,2009,Rabi,Linseed,772,653,0.845854922
Bihar,BUXAR,2009,Rabi,Maize,38,52,1.368421053
Bihar,BUXAR,2009,Rabi,Masoor,4462,3146,0.705064993
Bihar,BUXAR,2009,Rabi,Other  Rabi pulses,165,123,0.745454545
Bihar,BUXAR,2009,Rabi,Peas & beans (Pulses),811,812,1.001233046
Bihar,BUXAR,2009,Rabi,Rapeseed &Mustard,1369,1754,1.281227173
Bihar,BUXAR,2009,Rabi,Sunflower,3,4,1.333333333
Bihar,BUXAR,2009,Rabi,Wheat,76182,171685,2.25361634
Bihar,BUXAR,2009,Summer,Maize,26,81,3.115384615
Bihar,BUXAR,2009,Whole Year,Sugarcane,233,6690,28.71244635
Bihar,BUXAR,2009,Winter,Rice,62254,95620,1.53596556
Bihar,BUXAR,2010,Autumn,Maize,1847,2749,1.488359502
Bihar,BUXAR,2010,Kharif,Arhar/Tur,412,597,1.449029126
Bihar,BUXAR,2010,Kharif,Bajra,3371,3769,1.118065856
Bihar,BUXAR,2010,Kharif,Jowar,1650,1749,1.06
Bihar,BUXAR,2010,Kharif,Moong(Green Gram),47,31,0.659574468
Bihar,BUXAR,2010,Kharif,Other Kharif pulses,3,2,0.666666667
Bihar,BUXAR,2010,Kharif,Urad,6,5,0.833333333
Bihar,BUXAR,2010,Rabi,Barley,1684,2763,1.640736342
Bihar,BUXAR,2010,Rabi,Gram,2048,2623,1.280761719
Bihar,BUXAR,2010,Rabi,Khesari,1991,2083,1.046207936
Bihar,BUXAR,2010,Rabi,Linseed,597,488,0.817420436
Bihar,BUXAR,2010,Rabi,Maize,3,9,3
Bihar,BUXAR,2010,Rabi,Masoor,3620,4054,1.119889503
Bihar,BUXAR,2010,Rabi,Other  Rabi pulses,9,7,0.777777778
Bihar,BUXAR,2010,Rabi,Peas & beans (Pulses),767,794,1.035202086
Bihar,BUXAR,2010,Rabi,Rapeseed &Mustard,1346,870,0.646359584
Bihar,BUXAR,2010,Rabi,Wheat,82831,242903,2.93251319
Bihar,BUXAR,2010,Summer,Maize,29,116,4
Bihar,BUXAR,2010,Whole Year,Sugarcane,502,12428,24.75697211
Bihar,BUXAR,2010,Winter,Rice,54724,95829,1.751132958
Bihar,BUXAR,2011,Autumn,Maize,2101,4530,2.156116135
Bihar,BUXAR,2011,Autumn,Rice,6,9,1.5
Bihar,BUXAR,2011,Kharif,Arhar/Tur,337,845,2.507418398
Bihar,BUXAR,2011,Kharif,Bajra,2953,3322,1.12495767
Bihar,BUXAR,2011,Kharif,Jowar,1054,1123,1.065464896
Bihar,BUXAR,2011,Kharif,Moong(Green Gram),2,1,0.5
Bihar,BUXAR,2011,Rabi,Barley,1606,2912,1.813200498
Bihar,BUXAR,2011,Rabi,Gram,2226,3820,1.716082659
Bihar,BUXAR,2011,Rabi,Khesari,1825,2225,1.219178082
Bihar,BUXAR,2011,Rabi,Linseed,569,492,0.864674868
Bihar,BUXAR,2011,Rabi,Maize,11,35,3.181818182
Bihar,BUXAR,2011,Rabi,Masoor,3895,5297,1.359948652
Bihar,BUXAR,2011,Rabi,Other  Rabi pulses,63,70,1.111111111
Bihar,BUXAR,2011,Rabi,Peas & beans (Pulses),852,878,1.030516432
Bihar,BUXAR,2011,Rabi,Rapeseed &Mustard,1231,2009,1.632006499
Bihar,BUXAR,2011,Rabi,Sunflower,3,4,1.333333333
Bihar,BUXAR,2011,Rabi,Wheat,81678,248254,3.0394231
Bihar,BUXAR,2011,Summer,Maize,27,119,4.407407407
Bihar,BUXAR,2011,Summer,Moong(Green Gram),131,79,0.603053435
Bihar,BUXAR,2011,Winter,Rice,73252,258125,3.523794572
Bihar,BUXAR,2012,Autumn,Maize,2399,7404,3.086285952
Bihar,BUXAR,2012,Kharif,Arhar/Tur,341,451,1.322580645
Bihar,BUXAR,2012,Kharif,Bajra,3185,3631,1.140031397
Bihar,BUXAR,2012,Kharif,Jowar,1151,1233,1.071242398
Bihar,BUXAR,2012,Kharif,Moong(Green Gram),1,1,1
Bihar,BUXAR,2012,Rabi,Barley,1475,1965,1.33220339
Bihar,BUXAR,2012,Rabi,Gram,2571,2887,1.122909374
Bihar,BUXAR,2012,Rabi,Khesari,1873,2120,1.131873999
Bihar,BUXAR,2012,Rabi,Linseed,326,283,0.86809816
Bihar,BUXAR,2012,Rabi,Maize,10,38,3.8
Bihar,BUXAR,2012,Rabi,Masoor,3717,4156,1.118105999
Bihar,BUXAR,2012,Rabi,Other  Rabi pulses,34,37,1.088235294
Bihar,BUXAR,2012,Rabi,Peas & beans (Pulses),862,897,1.040603248
Bihar,BUXAR,2012,Rabi,Rapeseed &Mustard,1396,1836,1.315186246
Bihar,BUXAR,2012,Rabi,Sunflower,2,3,1.5
Bihar,BUXAR,2012,Rabi,Wheat,80302,218296,2.718437897
Bihar,BUXAR,2012,Summer,Maize,19,119,6.263157895
Bihar,BUXAR,2012,Summer,Moong(Green Gram),76,47,0.618421053
Bihar,BUXAR,2012,Whole Year,Sugarcane,698,25726,36.85673352
Bihar,BUXAR,2012,Winter,Rice,72105,253840,3.520421607
Bihar,BUXAR,2013,Autumn,Maize,2093,2776,1.326325848
Bihar,BUXAR,2013,Autumn,Rice,2,3,1.5
Bihar,BUXAR,2013,Kharif,Arhar/Tur,403,965,2.394540943
Bihar,BUXAR,2013,Kharif,Bajra,1904,2167,1.138130252
Bihar,BUXAR,2013,Kharif,Jowar,601,640,1.064891847
Bihar,BUXAR,2013,Kharif,Small millets,217,163,0.751152074
Bihar,BUXAR,2013,Rabi,Barley,1430,2106,1.472727273
Bihar,BUXAR,2013,Rabi,Gram,2434,2955,1.214050945
Bihar,BUXAR,2013,Rabi,Khesari,1836,2444,1.331154684
Bihar,BUXAR,2013,Rabi,Linseed,455,387,0.850549451
Bihar,BUXAR,2013,Rabi,Maize,11,42,3.818181818
Bihar,BUXAR,2013,Rabi,Masoor,3981,5625,1.412961567
Bihar,BUXAR,2013,Rabi,Other  Rabi pulses,44,44,1
Bihar,BUXAR,2013,Rabi,Peas & beans (Pulses),909,1136,1.249724972
Bihar,BUXAR,2013,Rabi,Rapeseed &Mustard,1760,1658,0.942045455
Bihar,BUXAR,2013,Rabi,Sunflower,3,4,1.333333333
Bihar,BUXAR,2013,Rabi,Wheat,76680,229524,2.993270736
Bihar,BUXAR,2013,Summer,Maize,27,130,4.814814815
Bihar,BUXAR,2013,Summer,Moong(Green Gram),131,88,0.671755725
Bihar,BUXAR,2013,Whole Year,Sugarcane,611,36025,58.96072013
Bihar,BUXAR,2013,Winter,Rice,81390,250241,3.074591473
Bihar,BUXAR,2014,Autumn,Maize,1317,1873,1.422171602
Bihar,BUXAR,2014,Autumn,Rice,2,3,1.5
Bihar,BUXAR,2014,Kharif,Arhar/Tur,345,689,1.997101449
Bihar,BUXAR,2014,Kharif,Bajra,2912,3302,1.133928571
Bihar,BUXAR,2014,Kharif,Jowar,740,790,1.067567568
Bihar,BUXAR,2014,Kharif,Other Kharif pulses,3,3,1
Bihar,BUXAR,2014,Kharif,Small millets,235,176,0.74893617
Bihar,BUXAR,2014,Rabi,Barley,1398,1264,0.904148784
Bihar,BUXAR,2014,Rabi,Gram,2552,1848,0.724137931
Bihar,BUXAR,2014,Rabi,Khesari,4965,2085,0.419939577
Bihar,BUXAR,2014,Rabi,Linseed,321,276,0.859813084
Bihar,BUXAR,2014,Rabi,Maize,8,21,2.625
Bihar,BUXAR,2014,Rabi,Masoor,3670,1688,0.459945504
Bihar,BUXAR,2014,Rabi,Other  Rabi pulses,28,28,1
Bihar,BUXAR,2014,Rabi,Peas & beans (Pulses),734,741,1.009536785
Bihar,BUXAR,2014,Rabi,Rapeseed &Mustard,1267,982,0.775059195
Bihar,BUXAR,2014,Rabi,Sunflower,1,1,1
Bihar,BUXAR,2014,Rabi,Wheat,79483,125280,1.576186103
Bihar,BUXAR,2014,Summer,Maize,34,132,3.882352941
Bihar,BUXAR,2014,Summer,Moong(Green Gram),29,17,0.586206897
Bihar,BUXAR,2014,Whole Year,Sugarcane,590,39315,66.63559322
Bihar,BUXAR,2014,Winter,Rice,82231,228890,2.78350014
Bihar,DARBHANGA,1997,Autumn,Rice,19578,19904,1.016651343
Bihar,DARBHANGA,1997,Kharif,Arhar/Tur,1017,1665,1.637168142
Bihar,DARBHANGA,1997,Kharif,Groundnut,3,4,1.333333333
Bihar,DARBHANGA,1997,Kharif,Maize,1514,2095,1.383751651
Bihar,DARBHANGA,1997,Kharif,Mesta,49,271,5.530612245
Bihar,DARBHANGA,1997,Kharif,Other Kharif pulses,104,62,0.596153846
Bihar,DARBHANGA,1997,Kharif,Sesamum,10,9,0.9
Bihar,DARBHANGA,1997,Kharif,Small millets,60,28,0.466666667
Bihar,DARBHANGA,1997,Rabi,Barley,335,345,1.029850746
Bihar,DARBHANGA,1997,Rabi,Gram,1772,1627,0.918171558
Bihar,DARBHANGA,1997,Rabi,Linseed,1366,880,0.644216691
Bihar,DARBHANGA,1997,Rabi,Maize,5615,9113,1.622974176
Bihar,DARBHANGA,1997,Rabi,Other  Rabi pulses,185,115,0.621621622
Bihar,DARBHANGA,1997,Rabi,Rapeseed &Mustard,2243,1613,0.71912617
Bihar,DARBHANGA,1997,Rabi,Sunflower,21,13,0.619047619
Bihar,DARBHANGA,1997,Rabi,Tobacco,15,11,0.733333333
Bihar,DARBHANGA,1997,Rabi,Wheat,59241,97972,1.653787073
Bihar,DARBHANGA,1997,Summer,Maize,3218,6008,1.866998135
Bihar,DARBHANGA,1997,Summer,Rice,1472,2017,1.370244565
Bihar,DARBHANGA,1997,Whole Year,Banana,86,402,4.674418605
Bihar,DARBHANGA,1997,Whole Year,Coriander,64,23,0.359375
Bihar,DARBHANGA,1997,Whole Year,Dry chillies,97,65,0.670103093
Bihar,DARBHANGA,1997,Whole Year,Garlic,6,8,1.333333333
Bihar,DARBHANGA,1997,Whole Year,Onion,237,1808,7.628691983
Bihar,DARBHANGA,1997,Whole Year,Potato,3597,39577,11.00278009
Bihar,DARBHANGA,1997,Whole Year,Ragi,2349,2279,0.970200085
Bihar,DARBHANGA,1997,Whole Year,Sannhamp,1,1,1
Bihar,DARBHANGA,1997,Whole Year,Sugarcane,767,16554,21.58279009
Bihar,DARBHANGA,1997,Whole Year,Sweet potato,225,3553,15.79111111
Bihar,DARBHANGA,1997,Whole Year,Turmeric,5,3,0.6
Bihar,DARBHANGA,1997,Winter,Rice,65936,71543,1.085037006
Bihar,DARBHANGA,1998,Kharif,Arhar/Tur,959,1106,1.153284672
Bihar,DARBHANGA,1998,Kharif,Blackgram,112,83,0.741071429
Bihar,DARBHANGA,1998,Kharif,Maize,1246,1915,1.536918138
Bihar,DARBHANGA,1998,Kharif,Mesta,28,142,5.071428571
Bihar,DARBHANGA,1998,Kharif,Other Kharif pulses,297,214,0.720538721
Bihar,DARBHANGA,1998,Kharif,Ragi,2115,1648,0.779196217
Bihar,DARBHANGA,1998,Kharif,Sesamum,11,11,1
Bihar,DARBHANGA,1998,Kharif,Small millets,2,2,1
Bihar,DARBHANGA,1998,Rabi,Barley,274,317,1.156934307
Bihar,DARBHANGA,1998,Rabi,Gram,1538,1529,0.994148244
Bihar,DARBHANGA,1998,Rabi,Linseed,1409,1169,0.82966643
Bihar,DARBHANGA,1998,Rabi,Maize,5709,13884,2.431949553
Bihar,DARBHANGA,1998,Rabi,Other  Rabi pulses,19073,12269,0.643265349
Bihar,DARBHANGA,1998,Rabi,Rapeseed &Mustard,2345,1576,0.67206823
Bihar,DARBHANGA,1998,Rabi,Wheat,60417,105933,1.753364119
Bihar,DARBHANGA,1998,Summer,Maize,2779,4594,1.65311263
Bihar,DARBHANGA,1998,Summer,Rice,1122,1328,1.183600713
Bihar,DARBHANGA,1998,Whole Year,Banana,89,743,8.348314607
Bihar,DARBHANGA,1998,Whole Year,Coriander,26,16,0.615384615
Bihar,DARBHANGA,1998,Whole Year,Dry chillies,100,80,0.8
Bihar,DARBHANGA,1998,Whole Year,Garlic,8,12,1.5
Bihar,DARBHANGA,1998,Whole Year,Onion,248,3085,12.43951613
Bihar,DARBHANGA,1998,Whole Year,Potato,3199,40227,12.57486715
Bihar,DARBHANGA,1998,Whole Year,Sugarcane,1492,33580,22.50670241
Bihar,DARBHANGA,1998,Whole Year,Sweet potato,236,2551,10.80932203
Bihar,DARBHANGA,1998,Whole Year,Tobacco,18,14,0.777777778
Bihar,DARBHANGA,1998,Whole Year,Turmeric,7,4,0.571428571
Bihar,DARBHANGA,1998,Winter,Rice,113070,101851,0.900778279
Bihar,DARBHANGA,1999,Kharif,Arhar/Tur,872,901,1.033256881
Bihar,DARBHANGA,1999,Kharif,Horse-gram,173,96,0.554913295
Bihar,DARBHANGA,1999,Kharif,Jowar,117,142,1.213675214
Bihar,DARBHANGA,1999,Kharif,Maize,1184,2430,2.052364865
Bihar,DARBHANGA,1999,Kharif,Mesta,19,93,4.894736842
Bihar,DARBHANGA,1999,Kharif,Ragi,1825,1506,0.825205479
Bihar,DARBHANGA,1999,Kharif,Rice,18926,11073,0.58506816
Bihar,DARBHANGA,1999,Kharif,Sesamum,9,6,0.666666667
Bihar,DARBHANGA,1999,Kharif,Urad,128,75,0.5859375
Bihar,DARBHANGA,1999,Rabi,Gram,932,747,0.801502146
Bihar,DARBHANGA,1999,Rabi,Khesari,3347,1550,0.463101285
Bihar,DARBHANGA,1999,Rabi,Linseed,1413,793,0.561217268
Bihar,DARBHANGA,1999,Rabi,Maize,5484,14302,2.607950401
Bihar,DARBHANGA,1999,Rabi,Masoor,2976,1640,0.551075269
Bihar,DARBHANGA,1999,Rabi,Moong(Green Gram),12212,6973,0.570995742
Bihar,DARBHANGA,1999,Rabi,Peas & beans (Pulses),279,206,0.738351254
Bihar,DARBHANGA,1999,Rabi,Rapeseed &Mustard,2032,1437,0.707185039
Bihar,DARBHANGA,1999,Rabi,Wheat,60431,111786,1.849812182
Bihar,DARBHANGA,1999,Summer,Maize,2411,5801,2.406055579
Bihar,DARBHANGA,1999,Summer,Rice,1081,2169,2.006475486
Bihar,DARBHANGA,1999,Whole Year,Banana,89,1072,12.04494382
Bihar,DARBHANGA,1999,Whole Year,Coriander,56,22,0.392857143
Bihar,DARBHANGA,1999,Whole Year,Dry chillies,103,83,0.805825243
Bihar,DARBHANGA,1999,Whole Year,Garlic,8,11,1.375
Bihar,DARBHANGA,1999,Whole Year,Onion,243,2107,8.670781893
Bihar,DARBHANGA,1999,Whole Year,Potato,3296,32004,9.709951456
Bihar,DARBHANGA,1999,Whole Year,Sugarcane,1822,41168,22.5949506
Bihar,DARBHANGA,1999,Whole Year,Sweet potato,230,3737,16.24782609
Bihar,DARBHANGA,1999,Whole Year,Tobacco,17,17,1
Bihar,DARBHANGA,1999,Whole Year,Turmeric,7,4,0.571428571
Bihar,DARBHANGA,2000,Autumn,Rice,72415,68231,0.942221915
Bihar,DARBHANGA,2000,Kharif,Arhar/Tur,907,1248,1.375964719
Bihar,DARBHANGA,2000,Kharif,Horse-gram,173,117,0.676300578
Bihar,DARBHANGA,2000,Kharif,Maize,1106,1899,1.716998192
Bihar,DARBHANGA,2000,Kharif,Mesta,18,78,4.333333333
Bihar,DARBHANGA,2000,Kharif,Ragi,1736,1389,0.800115207
Bihar,DARBHANGA,2000,Kharif,Rice,19440,20077,1.03276749
Bihar,DARBHANGA,2000,Kharif,Urad,122,82,0.672131148
Bihar,DARBHANGA,2000,Rabi,Barley,116,136,1.172413793
Bihar,DARBHANGA,2000,Rabi,Gram,868,500,0.576036866
Bihar,DARBHANGA,2000,Rabi,Khesari,3234,2432,0.752009895
Bihar,DARBHANGA,2000,Rabi,Linseed,1412,1048,0.742209632
Bihar,DARBHANGA,2000,Rabi,Maize,5452,10446,1.915994131
Bihar,DARBHANGA,2000,Rabi,Masoor,3102,2019,0.650870406
Bihar,DARBHANGA,2000,Rabi,Moong(Green Gram),11314,4876,0.430970479
Bihar,DARBHANGA,2000,Rabi,Peas & beans (Pulses),246,237,0.963414634
Bihar,DARBHANGA,2000,Rabi,Rapeseed &Mustard,2163,2072,0.957928803
Bihar,DARBHANGA,2000,Rabi,Wheat,60446,99524,1.646494392
Bihar,DARBHANGA,2000,Summer,Maize,2344,7074,3.017918089
Bihar,DARBHANGA,2000,Summer,Rice,846,979,1.157210402
Bihar,DARBHANGA,2000,Whole Year,Banana,86,825,9.593023256
Bihar,DARBHANGA,2000,Whole Year,Coriander,58,22,0.379310345
Bihar,DARBHANGA,2000,Whole Year,Dry chillies,110,116,1.054545455
Bihar,DARBHANGA,2000,Whole Year,Garlic,11,16,1.454545455
Bihar,DARBHANGA,2000,Whole Year,Onion,262,4496,17.16030534
Bihar,DARBHANGA,2000,Whole Year,Potato,3357,39917,11.8906762
Bihar,DARBHANGA,2000,Whole Year,Sugarcane,498,23363,46.91365462
Bihar,DARBHANGA,2000,Whole Year,Sweet potato,206,2598,12.61165049
Bihar,DARBHANGA,2000,Whole Year,Tobacco,21,24,1.142857143
Bihar,DARBHANGA,2001,Autumn,Maize,876,1537,1.75456621
Bihar,DARBHANGA,2001,Autumn,Rice,56659,48341,0.853191902
Bihar,DARBHANGA,2001,Kharif,Arhar/Tur,881,537,0.60953462
Bihar,DARBHANGA,2001,Kharif,Horse-gram,163,120,0.736196319
Bihar,DARBHANGA,2001,Kharif,Mesta,16,104,6.5
Bihar,DARBHANGA,2001,Kharif,Ragi,1738,1783,1.02589183
Bihar,DARBHANGA,2001,Kharif,Rice,933,1063,1.139335477
Bihar,DARBHANGA,2001,Kharif,Urad,115,80,0.695652174
Bihar,DARBHANGA,2001,Rabi,Barley,119,149,1.25210084
Bihar,DARBHANGA,2001,Rabi,Gram,747,409,0.547523427
Bihar,DARBHANGA,2001,Rabi,Khesari,3030,1579,0.521122112
Bihar,DARBHANGA,2001,Rabi,Linseed,1453,885,0.609084652
Bihar,DARBHANGA,2001,Rabi,Maize,5572,8759,1.571966978
Bihar,DARBHANGA,2001,Rabi,Masoor,3233,2198,0.679863903
Bihar,DARBHANGA,2001,Rabi,Rapeseed &Mustard,2183,989,0.453046267
Bihar,DARBHANGA,2001,Rabi,Wheat,59395,65825,1.108258271
Bihar,DARBHANGA,2001,Summer,Maize,2497,3992,1.598718462
Bihar,DARBHANGA,2001,Summer,Rice,15146,15757,1.040340684
Bihar,DARBHANGA,2001,Whole Year,Banana,88,717,8.147727273
Bihar,DARBHANGA,2001,Whole Year,Coriander,63,38,0.603174603
Bihar,DARBHANGA,2001,Whole Year,Dry chillies,116,119,1.025862069
Bihar,DARBHANGA,2001,Whole Year,Garlic,13,19,1.461538462
Bihar,DARBHANGA,2001,Whole Year,Onion,274,1652,6.02919708
Bihar,DARBHANGA,2001,Whole Year,Potato,3397,39047,11.49455402
Bihar,DARBHANGA,2001,Whole Year,Sugarcane,431,15375,35.67285383
Bihar,DARBHANGA,2001,Whole Year,Sweet potato,209,1542,7.377990431
Bihar,DARBHANGA,2001,Whole Year,Tobacco,23,25,1.086956522
Bihar,DARBHANGA,2001,Whole Year,Turmeric,9,6,0.666666667
Bihar,DARBHANGA,2002,Autumn,Maize,1049,1606,1.530981888
Bihar,DARBHANGA,2002,Autumn,Rice,26770,14628,0.546432574
Bihar,DARBHANGA,2002,Kharif,Arhar/Tur,371,467,1.258760108
Bihar,DARBHANGA,2002,Kharif,Bajra,49,51,1.040816327
Bihar,DARBHANGA,2002,Kharif,Horse-gram,104,83,0.798076923
Bihar,DARBHANGA,2002,Kharif,Moong(Green Gram),563,296,0.525754885
Bihar,DARBHANGA,2002,Kharif,Other Kharif pulses,17,9,0.529411765
Bihar,DARBHANGA,2002,Kharif,Ragi,2358,1127,0.477947413
Bihar,DARBHANGA,2002,Kharif,Sesamum,1,,
Bihar,DARBHANGA,2002,Kharif,Small millets,54,40,0.740740741
Bihar,DARBHANGA,2002,Kharif,Sunflower,56,78,1.392857143
Bihar,DARBHANGA,2002,Kharif,Urad,112,83,0.741071429
Bihar,DARBHANGA,2002,Rabi,Barley,242,164,0.67768595
Bihar,DARBHANGA,2002,Rabi,Gram,425,223,0.524705882
Bihar,DARBHANGA,2002,Rabi,Khesari,1922,1115,0.58012487
Bihar,DARBHANGA,2002,Rabi,Linseed,737,441,0.598371777
Bihar,DARBHANGA,2002,Rabi,Maize,7044,18822,2.672061329
Bihar,DARBHANGA,2002,Rabi,Masoor,3476,2110,0.607019563
Bihar,DARBHANGA,2002,Rabi,Other  Rabi pulses,17,12,0.705882353
Bihar,DARBHANGA,2002,Rabi,Peas & beans (Pulses),296,267,0.902027027
Bihar,DARBHANGA,2002,Rabi,Rapeseed &Mustard,1923,750,0.390015601
Bihar,DARBHANGA,2002,Rabi,Wheat,66303,99172,1.495739258
Bihar,DARBHANGA,2002,Summer,Maize,1835,4243,2.31226158
Bihar,DARBHANGA,2002,Summer,Moong(Green Gram),9902,5476,0.553019592
Bihar,DARBHANGA,2002,Summer,Rice,2657,3841,1.445615356
Bihar,DARBHANGA,2002,Whole Year,Banana,352,6530,18.55113636
Bihar,DARBHANGA,2002,Whole Year,Coriander,125,83,0.664
Bihar,DARBHANGA,2002,Whole Year,Dry chillies,18,12,0.666666667
Bihar,DARBHANGA,2002,Whole Year,Garlic,39,58,1.487179487
Bihar,DARBHANGA,2002,Whole Year,Onion,180,1816,10.08888889
Bihar,DARBHANGA,2002,Whole Year,Potato,2559,23361,9.128956624
Bihar,DARBHANGA,2002,Whole Year,Sugarcane,689,24354,35.34687954
Bihar,DARBHANGA,2002,Whole Year,Sweet potato,38,386,10.15789474
Bihar,DARBHANGA,2002,Whole Year,Tobacco,19,21,1.105263158
Bihar,DARBHANGA,2002,Whole Year,Turmeric,12,12,1
Bihar,DARBHANGA,2002,Winter,Rice,64638,51628,0.798725208
Bihar,DARBHANGA,2003,Autumn,Rice,26026,16740,0.643202951
Bihar,DARBHANGA,2003,Kharif,Arhar/Tur,419,194,0.46300716
Bihar,DARBHANGA,2003,Kharif,Horse-gram,24,18,0.75
Bihar,DARBHANGA,2003,Kharif,Maize,727,854,1.174690509
Bihar,DARBHANGA,2003,Kharif,Moong(Green Gram),140,72,0.514285714
Bihar,DARBHANGA,2003,Kharif,Ragi,846,648,0.765957447
Bihar,DARBHANGA,2003,Kharif,Sesamum,33,24,0.727272727
Bihar,DARBHANGA,2003,Kharif,Small millets,7,6,0.857142857
Bihar,DARBHANGA,2003,Kharif,Sunflower,78,114,1.461538462
Bihar,DARBHANGA,2003,Rabi,Barley,203,227,1.118226601
Bihar,DARBHANGA,2003,Rabi,Gram,988,800,0.809716599
Bihar,DARBHANGA,2003,Rabi,Khesari,1294,617,0.476816074
Bihar,DARBHANGA,2003,Rabi,Linseed,370,290,0.783783784
Bihar,DARBHANGA,2003,Rabi,Maize,8048,16273,2.021993042
Bihar,DARBHANGA,2003,Rabi,Masoor,3251,2822,0.868040603
Bihar,DARBHANGA,2003,Rabi,Other  Rabi pulses,90,67,0.744444444
Bihar,DARBHANGA,2003,Rabi,Peas & beans (Pulses),435,381,0.875862069
Bihar,DARBHANGA,2003,Rabi,Rapeseed &Mustard,1741,2004,1.151062608
Bihar,DARBHANGA,2003,Rabi,Wheat,73492,97345,1.324565939
Bihar,DARBHANGA,2003,Summer,Maize,2050,3928,1.916097561
Bihar,DARBHANGA,2003,Summer,Moong(Green Gram),7429,3202,0.431013595
Bihar,DARBHANGA,2003,Summer,Rice,3705,5241,1.414574899
Bihar,DARBHANGA,2003,Whole Year,Banana,91,894,9.824175824
Bihar,DARBHANGA,2003,Whole Year,Coriander,79,55,0.696202532
Bihar,DARBHANGA,2003,Whole Year,Dry chillies,37,19,0.513513514
Bihar,DARBHANGA,2003,Whole Year,Garlic,30,45,1.5
Bihar,DARBHANGA,2003,Whole Year,Onion,283,2638,9.32155477
Bihar,DARBHANGA,2003,Whole Year,Potato,2291,20072,8.761239633
Bihar,DARBHANGA,2003,Whole Year,Sugarcane,221,9816,44.41628959
Bihar,DARBHANGA,2003,Whole Year,Sweet potato,81,1115,13.7654321
Bihar,DARBHANGA,2003,Whole Year,Tobacco,3,3,1
Bihar,DARBHANGA,2003,Winter,Rice,70987,80021,1.127262738
Bihar,DARBHANGA,2004,Autumn,Rice,31226,5893,0.188720938
Bihar,DARBHANGA,2004,Kharif,Arhar/Tur,273,321,1.175824176
Bihar,DARBHANGA,2004,Kharif,Horse-gram,20,10,0.5
Bihar,DARBHANGA,2004,Kharif,Jute,5,39,7.8
Bihar,DARBHANGA,2004,Kharif,Maize,1885,2464,1.307161804
Bihar,DARBHANGA,2004,Kharif,Moong(Green Gram),631,246,0.389857369
Bihar,DARBHANGA,2004,Kharif,Ragi,1866,481,0.257770632
Bihar,DARBHANGA,2004,Kharif,Sesamum,33,26,0.787878788
Bihar,DARBHANGA,2004,Kharif,Small millets,5,4,0.8
Bihar,DARBHANGA,2004,Kharif,Sunflower,813,1194,1.468634686
Bihar,DARBHANGA,2004,Kharif,Urad,99,70,0.707070707
Bihar,DARBHANGA,2004,Rabi,Barley,176,186,1.056818182
Bihar,DARBHANGA,2004,Rabi,Gram,401,365,0.910224439
Bihar,DARBHANGA,2004,Rabi,Khesari,1156,755,0.653114187
Bihar,DARBHANGA,2004,Rabi,Linseed,180,152,0.844444444
Bihar,DARBHANGA,2004,Rabi,Maize,7220,15133,2.09598338
Bihar,DARBHANGA,2004,Rabi,Masoor,2690,2020,0.750929368
Bihar,DARBHANGA,2004,Rabi,Other  Rabi pulses,48,50,1.041666667
Bihar,DARBHANGA,2004,Rabi,Peas & beans (Pulses),387,406,1.049095607
Bihar,DARBHANGA,2004,Rabi,Rapeseed &Mustard,1768,1369,0.774321267
Bihar,DARBHANGA,2004,Rabi,Wheat,69647,120068,1.72395078
Bihar,DARBHANGA,2004,Summer,Maize,2006,4126,2.056829511
Bihar,DARBHANGA,2004,Summer,Moong(Green Gram),9578,3707,0.387032783
Bihar,DARBHANGA,2004,Summer,Rice,3189,4700,1.473816243
Bihar,DARBHANGA,2004,Whole Year,Banana,100,2372,23.72
Bihar,DARBHANGA,2004,Whole Year,Coriander,122,80,0.655737705
Bihar,DARBHANGA,2004,Whole Year,Dry chillies,35,43,1.228571429
Bihar,DARBHANGA,2004,Whole Year,Garlic,25,38,1.52
Bihar,DARBHANGA,2004,Whole Year,Onion,182,1434,7.879120879
Bihar,DARBHANGA,2004,Whole Year,Potato,2214,16485,7.445799458
Bihar,DARBHANGA,2004,Whole Year,Sannhamp,2,2,1
Bihar,DARBHANGA,2004,Whole Year,Sugarcane,152,2024,13.31578947
Bihar,DARBHANGA,2004,Whole Year,Sweet potato,68,1081,15.89705882
Bihar,DARBHANGA,2004,Whole Year,Tobacco,3,3,1
Bihar,DARBHANGA,2004,Whole Year,Turmeric,1,1,1
Bihar,DARBHANGA,2004,Winter,Rice,59280,30463,0.513883266
Bihar,DARBHANGA,2005,Autumn,Rice,28005,30023,1.072058561
Bihar,DARBHANGA,2005,Kharif,Arhar/Tur,331,276,0.833836858
Bihar,DARBHANGA,2005,Kharif,Horse-gram,11,7,0.636363636
Bihar,DARBHANGA,2005,Kharif,Maize,2212,2885,1.304249548
Bihar,DARBHANGA,2005,Kharif,Mesta,51,256,5.019607843
Bihar,DARBHANGA,2005,Kharif,Moong(Green Gram),756,475,0.628306878
Bihar,DARBHANGA,2005,Kharif,Ragi,1537,1660,1.080026025
Bihar,DARBHANGA,2005,Kharif,Sesamum,42,30,0.714285714
Bihar,DARBHANGA,2005,Kharif,Sunflower,67,98,1.462686567
Bihar,DARBHANGA,2005,Kharif,Urad,77,50,0.649350649
Bihar,DARBHANGA,2005,Rabi,Barley,146,151,1.034246575
Bihar,DARBHANGA,2005,Rabi,Gram,403,625,1.550868486
Bihar,DARBHANGA,2005,Rabi,Khesari,961,564,0.586888658
Bihar,DARBHANGA,2005,Rabi,Linseed,186,159,0.85483871
Bihar,DARBHANGA,2005,Rabi,Maize,7544,15179,2.012062566
Bihar,DARBHANGA,2005,Rabi,Masoor,2568,1715,0.667834891
Bihar,DARBHANGA,2005,Rabi,Other  Rabi pulses,41,55,1.341463415
Bihar,DARBHANGA,2005,Rabi,Peas & beans (Pulses),361,332,0.91966759
Bihar,DARBHANGA,2005,Rabi,Rapeseed &Mustard,2243,1622,0.723138654
Bihar,DARBHANGA,2005,Rabi,Wheat,64028,71660,1.119197851
Bihar,DARBHANGA,2005,Summer,Maize,3421,8687,2.539315989
Bihar,DARBHANGA,2005,Summer,Moong(Green Gram),6222,4548,0.730954677
Bihar,DARBHANGA,2005,Summer,Rice,2840,4619,1.626408451
Bihar,DARBHANGA,2005,Whole Year,Banana,90,863,9.588888889
Bihar,DARBHANGA,2005,Whole Year,Coriander,57,45,0.789473684
Bihar,DARBHANGA,2005,Whole Year,Dry chillies,34,22,0.647058824
Bihar,DARBHANGA,2005,Whole Year,Garlic,26,38,1.461538462
Bihar,DARBHANGA,2005,Whole Year,Onion,160,1147,7.16875
Bihar,DARBHANGA,2005,Whole Year,Potato,3250,33115,10.18923077
Bihar,DARBHANGA,2005,Whole Year,Sugarcane,105,3068,29.21904762
Bihar,DARBHANGA,2005,Whole Year,Sweet potato,57,926,16.24561404
Bihar,DARBHANGA,2005,Winter,Rice,55678,55900,1.003987212
Bihar,DARBHANGA,2006,Autumn,Rice,27721,25533,0.921070668
Bihar,DARBHANGA,2006,Kharif,Arhar/Tur,356,265,0.744382022
Bihar,DARBHANGA,2006,Kharif,Maize,2198,3424,1.5577798
Bihar,DARBHANGA,2006,Kharif,Moong(Green Gram),470,322,0.685106383
Bihar,DARBHANGA,2006,Kharif,Ragi,1416,1082,0.764124294
Bihar,DARBHANGA,2006,Kharif,Sesamum,2,1,0.5
Bihar,DARBHANGA,2006,Kharif,Urad,40,31,0.775
Bihar,DARBHANGA,2006,Rabi,Barley,147,157,1.068027211
Bihar,DARBHANGA,2006,Rabi,Gram,68,57,0.838235294
Bihar,DARBHANGA,2006,Rabi,Khesari,944,551,0.583686441
Bihar,DARBHANGA,2006,Rabi,Linseed,118,100,0.847457627
Bihar,DARBHANGA,2006,Rabi,Maize,7871,22424,2.848939144
Bihar,DARBHANGA,2006,Rabi,Masoor,3168,2344,0.73989899
Bihar,DARBHANGA,2006,Rabi,Peas & beans (Pulses),267,248,0.928838951
Bihar,DARBHANGA,2006,Rabi,Rapeseed &Mustard,1988,1390,0.699195171
Bihar,DARBHANGA,2006,Rabi,Wheat,67181,126518,1.883240797
Bihar,DARBHANGA,2006,Summer,Maize,3349,10519,3.140937593
Bihar,DARBHANGA,2006,Summer,Moong(Green Gram),6894,3916,0.568030171
Bihar,DARBHANGA,2006,Summer,Rice,2572,3875,1.506609642
Bihar,DARBHANGA,2006,Winter,Rice,44562,36021,0.808334455
Bihar,DARBHANGA,2007,Autumn,Maize,2607,780,0.299194476
Bihar,DARBHANGA,2007,Autumn,Rice,32989,10431,0.316196308
Bihar,DARBHANGA,2007,Kharif,Arhar/Tur,191,187,0.979057592
Bihar,DARBHANGA,2007,Kharif,Jowar,21,23,1.095238095
Bihar,DARBHANGA,2007,Kharif,Moong(Green Gram),698,129,0.184813754
Bihar,DARBHANGA,2007,Kharif,Ragi,988,191,0.193319838
Bihar,DARBHANGA,2007,Kharif,Urad,28,22,0.785714286
Bihar,DARBHANGA,2007,Rabi,Barley,129,155,1.201550388
Bihar,DARBHANGA,2007,Rabi,Gram,251,248,0.988047809
Bihar,DARBHANGA,2007,Rabi,Khesari,773,447,0.578266494
Bihar,DARBHANGA,2007,Rabi,Linseed,119,98,0.823529412
Bihar,DARBHANGA,2007,Rabi,Maize,7553,26496,3.508010062
Bihar,DARBHANGA,2007,Rabi,Masoor,3540,2503,0.707062147
Bihar,DARBHANGA,2007,Rabi,Other  Rabi pulses,53,39,0.735849057
Bihar,DARBHANGA,2007,Rabi,Peas & beans (Pulses),192,207,1.078125
Bihar,DARBHANGA,2007,Rabi,Rapeseed &Mustard,1940,1426,0.735051546
Bihar,DARBHANGA,2007,Rabi,Safflower,4,3,0.75
Bihar,DARBHANGA,2007,Rabi,Sunflower,17,25,1.470588235
Bihar,DARBHANGA,2007,Rabi,Wheat,81120,217799,2.684898915
Bihar,DARBHANGA,2007,Summer,Maize,3305,10011,3.029046899
Bihar,DARBHANGA,2007,Summer,Moong(Green Gram),7289,3994,0.547948964
Bihar,DARBHANGA,2007,Summer,Rice,2618,5196,1.984721161
Bihar,DARBHANGA,2007,Whole Year,Banana,84,1800,21.42857143
Bihar,DARBHANGA,2007,Whole Year,Coriander,68,49,0.720588235
Bihar,DARBHANGA,2007,Whole Year,Garlic,8,12,1.5
Bihar,DARBHANGA,2007,Whole Year,Onion,138,1072,7.768115942
Bihar,DARBHANGA,2007,Whole Year,Potato,2558,22083,8.632916341
Bihar,DARBHANGA,2007,Whole Year,Sugarcane,95,1824,19.2
Bihar,DARBHANGA,2007,Whole Year,Sweet potato,8,105,13.125
Bihar,DARBHANGA,2007,Whole Year,Turmeric,1,1,1
Bihar,DARBHANGA,2007,Winter,Rice,61112,26996,0.441746302
Bihar,DARBHANGA,2008,Autumn,Maize,2027,2181,1.075974346
Bihar,DARBHANGA,2008,Autumn,Rice,29180,30022,1.02885538
Bihar,DARBHANGA,2008,Kharif,Arhar/Tur,141,137,0.971631206
Bihar,DARBHANGA,2008,Kharif,Jowar,18,20,1.111111111
Bihar,DARBHANGA,2008,Kharif,Moong(Green Gram),284,208,0.732394366
Bihar,DARBHANGA,2008,Kharif,Potato,285,1824,6.4
Bihar,DARBHANGA,2008,Kharif,Ragi,961,1212,1.261186264
Bihar,DARBHANGA,2008,Kharif,Sesamum,1,1,1
Bihar,DARBHANGA,2008,Kharif,Urad,24,18,0.75
Bihar,DARBHANGA,2008,Rabi,Barley,26,28,1.076923077
Bihar,DARBHANGA,2008,Rabi,Gram,147,136,0.925170068
Bihar,DARBHANGA,2008,Rabi,Khesari,650,534,0.821538462
Bihar,DARBHANGA,2008,Rabi,Linseed,46,39,0.847826087
Bihar,DARBHANGA,2008,Rabi,Maize,7671,30178,3.934037283
Bihar,DARBHANGA,2008,Rabi,Masoor,3450,2194,0.635942029
Bihar,DARBHANGA,2008,Rabi,Other  Rabi pulses,105,78,0.742857143
Bihar,DARBHANGA,2008,Rabi,Peas & beans (Pulses),183,176,0.961748634
Bihar,DARBHANGA,2008,Rabi,Potato,1635,3728,2.280122324
Bihar,DARBHANGA,2008,Rabi,Rapeseed &Mustard,1671,1313,0.785757032
Bihar,DARBHANGA,2008,Rabi,Safflower,4,3,0.75
Bihar,DARBHANGA,2008,Rabi,Sunflower,17,25,1.470588235
Bihar,DARBHANGA,2008,Rabi,Sweet potato,8,39,4.875
Bihar,DARBHANGA,2008,Rabi,Wheat,79760,184301,2.310694584
Bihar,DARBHANGA,2008,Summer,Maize,2197,7096,3.229858898
Bihar,DARBHANGA,2008,Summer,Moong(Green Gram),6421,496,0.077246535
Bihar,DARBHANGA,2008,Summer,Rice,1917,2826,1.474178404
Bihar,DARBHANGA,2008,Whole Year,Onion,67,573,8.552238806
Bihar,DARBHANGA,2008,Whole Year,Sugarcane,94,3327,35.39361702
Bihar,DARBHANGA,2008,Winter,Rice,69407,96740,1.393807541
Bihar,DARBHANGA,2009,Autumn,Maize,1799,2617,1.454697054
Bihar,DARBHANGA,2009,Autumn,Rice,28901,31533,1.091069513
Bihar,DARBHANGA,2009,Kharif,Arhar/Tur,140,87,0.621428571
Bihar,DARBHANGA,2009,Kharif,Horse-gram,6,6,1
Bihar,DARBHANGA,2009,Kharif,Jowar,111,115,1.036036036
Bihar,DARBHANGA,2009,Kharif,Moong(Green Gram),182,121,0.664835165
Bihar,DARBHANGA,2009,Kharif,Other Kharif pulses,6,5,0.833333333
Bihar,DARBHANGA,2009,Kharif,Ragi,756,624,0.825396825
Bihar,DARBHANGA,2009,Kharif,Urad,24,24,1
Bihar,DARBHANGA,2009,Rabi,Barley,61,69,1.131147541
Bihar,DARBHANGA,2009,Rabi,Gram,137,149,1.087591241
Bihar,DARBHANGA,2009,Rabi,Khesari,546,566,1.036630037
Bihar,DARBHANGA,2009,Rabi,Linseed,27,23,0.851851852
Bihar,DARBHANGA,2009,Rabi,Maize,8959,30272,3.378948543
Bihar,DARBHANGA,2009,Rabi,Masoor,3199,1913,0.597999375
Bihar,DARBHANGA,2009,Rabi,Other  Rabi pulses,111,83,0.747747748
Bihar,DARBHANGA,2009,Rabi,Peas & beans (Pulses),17,17,1
Bihar,DARBHANGA,2009,Rabi,Rapeseed &Mustard,1771,1886,1.064935065
Bihar,DARBHANGA,2009,Rabi,Sunflower,16,22,1.375
Bihar,DARBHANGA,2009,Rabi,Wheat,81686,172113,2.107007321
Bihar,DARBHANGA,2009,Summer,Maize,2629,8109,3.084442754
Bihar,DARBHANGA,2009,Summer,Moong(Green Gram),6634,3849,0.580192945
Bihar,DARBHANGA,2009,Summer,Rice,1606,2058,1.281444583
Bihar,DARBHANGA,2009,Whole Year,Sugarcane,88,3436,39.04545455
Bihar,DARBHANGA,2009,Winter,Rice,77036,84537,1.097370061
Bihar,DARBHANGA,2010,Autumn,Maize,2407,5122,2.127960116
Bihar,DARBHANGA,2010,Autumn,Rice,32930,32889,0.998754935
Bihar,DARBHANGA,2010,Kharif,Arhar/Tur,299,397,1.327759197
Bihar,DARBHANGA,2010,Kharif,Moong(Green Gram),70,46,0.657142857
Bihar,DARBHANGA,2010,Kharif,Ragi,719,812,1.129346314
Bihar,DARBHANGA,2010,Kharif,Safflower,4,3,0.75
Bihar,DARBHANGA,2010,Kharif,Sesamum,11,9,0.818181818
Bihar,DARBHANGA,2010,Kharif,Urad,16,14,0.875
Bihar,DARBHANGA,2010,Rabi,Barley,14,19,1.357142857
Bihar,DARBHANGA,2010,Rabi,Gram,66,69,1.045454545
Bihar,DARBHANGA,2010,Rabi,Khesari,281,277,0.985765125
Bihar,DARBHANGA,2010,Rabi,Linseed,13,11,0.846153846
Bihar,DARBHANGA,2010,Rabi,Maize,15746,47269,3.001968754
Bihar,DARBHANGA,2010,Rabi,Masoor,2195,1681,0.765831435
Bihar,DARBHANGA,2010,Rabi,Peas & beans (Pulses),3,3,1
Bihar,DARBHANGA,2010,Rabi,Rapeseed &Mustard,1115,1092,0.979372197
Bihar,DARBHANGA,2010,Rabi,Sunflower,9,13,1.444444444
Bihar,DARBHANGA,2010,Rabi,Wheat,60982,142408,2.335246466
Bihar,DARBHANGA,2010,Summer,Maize,2353,10476,4.452188695
Bihar,DARBHANGA,2010,Summer,Moong(Green Gram),8439,4827,0.571987202
Bihar,DARBHANGA,2010,Summer,Rice,2317,3819,1.64825205
Bihar,DARBHANGA,2010,Whole Year,Sugarcane,1443,62694,43.44698545
Bihar,DARBHANGA,2010,Winter,Rice,42986,38326,0.891592612
Bihar,DARBHANGA,2011,Autumn,Maize,1837,4398,2.394120849
Bihar,DARBHANGA,2011,Autumn,Rice,37063,61962,1.671802067
Bihar,DARBHANGA,2011,Kharif,Arhar/Tur,295,474,1.606779661
Bihar,DARBHANGA,2011,Kharif,Moong(Green Gram),271,162,0.597785978
Bihar,DARBHANGA,2011,Kharif,Ragi,630,745,1.182539683
Bihar,DARBHANGA,2011,Kharif,Safflower,101,81,0.801980198
Bihar,DARBHANGA,2011,Kharif,Sesamum,1,1,1
Bihar,DARBHANGA,2011,Kharif,Urad,17,15,0.882352941
Bihar,DARBHANGA,2011,Rabi,Barley,12,19,1.583333333
Bihar,DARBHANGA,2011,Rabi,Gram,65,84,1.292307692
Bihar,DARBHANGA,2011,Rabi,Khesari,303,383,1.264026403
Bihar,DARBHANGA,2011,Rabi,Linseed,14,12,0.857142857
Bihar,DARBHANGA,2011,Rabi,Maize,15478,38045,2.45800491
Bihar,DARBHANGA,2011,Rabi,Masoor,2076,1542,0.742774566
Bihar,DARBHANGA,2011,Rabi,Peas & beans (Pulses),5,5,1
Bihar,DARBHANGA,2011,Rabi,Rapeseed &Mustard,1883,1915,1.016994158
Bihar,DARBHANGA,2011,Rabi,Sunflower,9,13,1.444444444
Bihar,DARBHANGA,2011,Rabi,Wheat,59947,222606,3.713380152
Bihar,DARBHANGA,2011,Summer,Maize,2287,7920,3.463052033
Bihar,DARBHANGA,2011,Summer,Moong(Green Gram),8453,9366,1.108008991
Bihar,DARBHANGA,2011,Summer,Rice,2299,3709,1.613310135
Bihar,DARBHANGA,2011,Winter,Rice,24121,48821,2.02400398
Bihar,DARBHANGA,2012,Autumn,Maize,1794,8149,4.542363434
Bihar,DARBHANGA,2012,Autumn,Rice,36524,58586,1.604041178
Bihar,DARBHANGA,2012,Kharif,Arhar/Tur,286,609,2.129370629
Bihar,DARBHANGA,2012,Kharif,Moong(Green Gram),220,132,0.6
Bihar,DARBHANGA,2012,Kharif,Ragi,616,756,1.227272727
Bihar,DARBHANGA,2012,Kharif,Sesamum,1,1,1
Bihar,DARBHANGA,2012,Kharif,Urad,16,14,0.875
Bihar,DARBHANGA,2012,Rabi,Barley,13,19,1.461538462
Bihar,DARBHANGA,2012,Rabi,Gram,72,101,1.402777778
Bihar,DARBHANGA,2012,Rabi,Khesari,295,347,1.176271186
Bihar,DARBHANGA,2012,Rabi,Linseed,14,12,0.857142857
Bihar,DARBHANGA,2012,Rabi,Maize,15620,50968,3.262996159
Bihar,DARBHANGA,2012,Rabi,Masoor,2065,2575,1.246973366
Bihar,DARBHANGA,2012,Rabi,Peas & beans (Pulses),4,4,1
Bihar,DARBHANGA,2012,Rabi,Rapeseed &Mustard,1851,3980,2.150189087
Bihar,DARBHANGA,2012,Rabi,Safflower,101,81,0.801980198
Bihar,DARBHANGA,2012,Rabi,Sunflower,8,12,1.5
Bihar,DARBHANGA,2012,Rabi,Wheat,59403,143121,2.409322761
Bihar,DARBHANGA,2012,Summer,Maize,2238,11040,4.932975871
Bihar,DARBHANGA,2012,Summer,Moong(Green Gram),7145,2215,0.310006998
Bihar,DARBHANGA,2012,Summer,Rice,2292,4609,2.010907504
Bihar,DARBHANGA,2012,Whole Year,Sugarcane,2189,101789,46.50022841
Bihar,DARBHANGA,2012,Winter,Rice,25511,41262,1.617419936
Bihar,DARBHANGA,2013,Autumn,Maize,1593,5141,3.227244193
Bihar,DARBHANGA,2013,Autumn,Rice,33995,58523,1.72151787
Bihar,DARBHANGA,2013,Kharif,Arhar/Tur,249,374,1.502008032
Bihar,DARBHANGA,2013,Kharif,Moong(Green Gram),287,177,0.616724739
Bihar,DARBHANGA,2013,Kharif,Ragi,604,714,1.182119205
Bihar,DARBHANGA,2013,Kharif,Sesamum,1,1,1
Bihar,DARBHANGA,2013,Kharif,Urad,17,16,0.941176471
Bihar,DARBHANGA,2013,Rabi,Barley,4,6,1.5
Bihar,DARBHANGA,2013,Rabi,Gram,73,84,1.150684932
Bihar,DARBHANGA,2013,Rabi,Khesari,300,335,1.116666667
Bihar,DARBHANGA,2013,Rabi,Linseed,15,13,0.866666667
Bihar,DARBHANGA,2013,Rabi,Maize,15538,35706,2.297979148
Bihar,DARBHANGA,2013,Rabi,Masoor,2025,1727,0.852839506
Bihar,DARBHANGA,2013,Rabi,Peas & beans (Pulses),6,6,1
Bihar,DARBHANGA,2013,Rabi,Rapeseed &Mustard,1882,1893,1.005844846
Bihar,DARBHANGA,2013,Rabi,Safflower,102,82,0.803921569
Bihar,DARBHANGA,2013,Rabi,Sunflower,10,15,1.5
Bihar,DARBHANGA,2013,Rabi,Wheat,59394,156206,2.629996296
Bihar,DARBHANGA,2013,Summer,Maize,2291,11044,4.820602357
Bihar,DARBHANGA,2013,Summer,Moong(Green Gram),8454,7127,0.843032884
Bihar,DARBHANGA,2013,Summer,Rice,2302,4198,1.823631625
Bihar,DARBHANGA,2013,Whole Year,Sugarcane,2189,115141,52.59981727
Bihar,DARBHANGA,2013,Winter,Rice,43366,62268,1.43587142
Bihar,DARBHANGA,2014,Autumn,Maize,1655,4394,2.654984894
Bihar,DARBHANGA,2014,Autumn,Rice,33535,51141,1.525003727
Bihar,DARBHANGA,2014,Kharif,Arhar/Tur,248,283,1.141129032
Bihar,DARBHANGA,2014,Kharif,Moong(Green Gram),812,503,0.619458128
Bihar,DARBHANGA,2014,Kharif,Ragi,646,968,1.498452012
Bihar,DARBHANGA,2014,Kharif,Sesamum,1,1,1
Bihar,DARBHANGA,2014,Kharif,Urad,34,31,0.911764706
Bihar,DARBHANGA,2014,Rabi,Barley,4,4,1
Bihar,DARBHANGA,2014,Rabi,Gram,73,70,0.95890411
Bihar,DARBHANGA,2014,Rabi,Khesari,301,298,0.990033223
Bihar,DARBHANGA,2014,Rabi,Maize,12522,37140,2.965979875
Bihar,DARBHANGA,2014,Rabi,Masoor,2024,2259,1.116106719
Bihar,DARBHANGA,2014,Rabi,Peas & beans (Pulses),6,6,1
Bihar,DARBHANGA,2014,Rabi,Rapeseed &Mustard,1880,1662,0.884042553
Bihar,DARBHANGA,2014,Rabi,Safflower,101,81,0.801980198
Bihar,DARBHANGA,2014,Rabi,Sunflower,10,15,1.5
Bihar,DARBHANGA,2014,Rabi,Wheat,59395,89175,1.501389006
Bihar,DARBHANGA,2014,Summer,Maize,581,1708,2.939759036
Bihar,DARBHANGA,2014,Summer,Moong(Green Gram),8450,10901,1.290059172
Bihar,DARBHANGA,2014,Summer,Rice,2301,3889,1.690134724
Bihar,DARBHANGA,2014,Whole Year,Sugarcane,2486,102325,41.16049879
Bihar,DARBHANGA,2014,Winter,Rice,43145,79747,1.848348592
Bihar,GAYA,1997,Autumn,Rice,2816,4607,1.636008523
Bihar,GAYA,1997,Kharif,Arhar/Tur,2358,2587,1.0971162
Bihar,GAYA,1997,Kharif,Bajra,53,33,0.622641509
Bihar,GAYA,1997,Kharif,Castor seed,36,20,0.555555556
Bihar,GAYA,1997,Kharif,Groundnut,60,72,1.2
Bihar,GAYA,1997,Kharif,Jowar,1,1,1
Bihar,GAYA,1997,Kharif,Jute,8,72,9
Bihar,GAYA,1997,Kharif,Maize,8977,11257,1.253982399
Bihar,GAYA,1997,Kharif,Mesta,7,48,6.857142857
Bihar,GAYA,1997,Kharif,Other Kharif pulses,221,124,0.561085973
Bihar,GAYA,1997,Kharif,Sesamum,434,260,0.599078341
Bihar,GAYA,1997,Kharif,Small millets,5,4,0.8
Bihar,GAYA,1997,Rabi,Barley,2103,3106,1.476937708
Bihar,GAYA,1997,Rabi,Gram,6589,6853,1.040066778
Bihar,GAYA,1997,Rabi,Linseed,3589,2013,0.560880468
Bihar,GAYA,1997,Rabi,Maize,110,330,3
Bihar,GAYA,1997,Rabi,Other  Rabi pulses,131,103,0.786259542
Bihar,GAYA,1997,Rabi,Rapeseed &Mustard,1759,1047,0.595224559
Bihar,GAYA,1997,Rabi,Safflower,12,9,0.75
Bihar,GAYA,1997,Rabi,Sunflower,31,29,0.935483871
Bihar,GAYA,1997,Rabi,Wheat,55542,98825,1.779284145
Bihar,GAYA,1997,Summer,Maize,986,2017,2.045638945
Bihar,GAYA,1997,Summer,Rice,359,698,1.944289694
Bihar,GAYA,1997,Whole Year,Coriander,22,11,0.5
Bihar,GAYA,1997,Whole Year,Dry chillies,111,85,0.765765766
Bihar,GAYA,1997,Whole Year,Garlic,48,64,1.333333333
Bihar,GAYA,1997,Whole Year,Onion,646,4935,7.639318885
Bihar,GAYA,1997,Whole Year,Potato,6368,51940,8.156407035
Bihar,GAYA,1997,Whole Year,Ragi,451,396,0.87804878
Bihar,GAYA,1997,Whole Year,Sannhamp,48,16,0.333333333
Bihar,GAYA,1997,Whole Year,Sugarcane,1911,40572,21.23076923
Bihar,GAYA,1997,Whole Year,Sweet potato,19,251,13.21052632
Bihar,GAYA,1997,Whole Year,Turmeric,4,5,1.25
Bihar,GAYA,1997,Winter,Rice,99537,149409,1.501039814
Bihar,GAYA,1998,Kharif,Arhar/Tur,2801,2896,1.033916458
Bihar,GAYA,1998,Kharif,Blackgram,242,168,0.694214876
Bihar,GAYA,1998,Kharif,Castor seed,16,13,0.8125
Bihar,GAYA,1998,Kharif,Groundnut,50,60,1.2
Bihar,GAYA,1998,Kharif,Jowar,62,58,0.935483871
Bihar,GAYA,1998,Kharif,Jute,10,48,4.8
Bihar,GAYA,1998,Kharif,Maize,9751,8243,0.845349195
Bihar,GAYA,1998,Kharif,Other Kharif pulses,2021,1179,0.583374567
Bihar,GAYA,1998,Kharif,Ragi,291,248,0.852233677
Bihar,GAYA,1998,Kharif,Sesamum,490,256,0.52244898
Bihar,GAYA,1998,Kharif,Sunflower,31,29,0.935483871
Bihar,GAYA,1998,Rabi,Barley,1974,829,0.419959473
Bihar,GAYA,1998,Rabi,Gram,5563,4278,0.769009527
Bihar,GAYA,1998,Rabi,Linseed,3032,1910,0.62994723
Bihar,GAYA,1998,Rabi,Maize,56,167,2.982142857
Bihar,GAYA,1998,Rabi,Other  Rabi pulses,14576,12154,0.833836443
Bihar,GAYA,1998,Rabi,Rapeseed &Mustard,1299,1205,0.927636644
Bihar,GAYA,1998,Rabi,Wheat,49192,101350,2.060294357
Bihar,GAYA,1998,Summer,Maize,712,1577,2.21488764
Bihar,GAYA,1998,Summer,Rice,103,214,2.077669903
Bihar,GAYA,1998,Whole Year,Coriander,21,13,0.619047619
Bihar,GAYA,1998,Whole Year,Dry chillies,87,61,0.701149425
Bihar,GAYA,1998,Whole Year,Garlic,41,60,1.463414634
Bihar,GAYA,1998,Whole Year,Onion,497,3111,6.259557344
Bihar,GAYA,1998,Whole Year,Potato,6158,54886,8.912958753
Bihar,GAYA,1998,Whole Year,Sannhamp,66,21,0.318181818
Bihar,GAYA,1998,Whole Year,Sugarcane,2155,111909,51.92993039
Bihar,GAYA,1998,Whole Year,Sweet potato,14,151,10.78571429
Bihar,GAYA,1998,Winter,Rice,143425,227073,1.58321771
Bihar,GAYA,1999,Kharif,Arhar/Tur,2828,2995,1.059052334
Bihar,GAYA,1999,Kharif,Groundnut,13,16,1.230769231
Bihar,GAYA,1999,Kharif,Horse-gram,1008,797,0.790674603
Bihar,GAYA,1999,Kharif,Jowar,1658,1945,1.173100121
Bihar,GAYA,1999,Kharif,Maize,4027,4961,1.231934443
Bihar,GAYA,1999,Kharif,Moong(Green Gram),119,62,0.521008403
Bihar,GAYA,1999,Kharif,Ragi,266,262,0.984962406
Bihar,GAYA,1999,Kharif,Rice,410,506,1.234146341
Bihar,GAYA,1999,Kharif,Sesamum,269,136,0.505576208
Bihar,GAYA,1999,Kharif,Sunflower,27,18,0.666666667
Bihar,GAYA,1999,Kharif,Urad,138,96,0.695652174
Bihar,GAYA,1999,Rabi,Gram,5190,4277,0.824084778
Bihar,GAYA,1999,Rabi,Khesari,4160,1402,0.337019231
Bihar,GAYA,1999,Rabi,Linseed,3132,1757,0.560983397
Bihar,GAYA,1999,Rabi,Maize,136,409,3.007352941
Bihar,GAYA,1999,Rabi,Masoor,6231,4954,0.795056973
Bihar,GAYA,1999,Rabi,Moong(Green Gram),706,436,0.617563739
Bihar,GAYA,1999,Rabi,Other  Rabi pulses,5,4,0.8
Bihar,GAYA,1999,Rabi,Peas & beans (Pulses),644,460,0.714285714
Bihar,GAYA,1999,Rabi,Rapeseed &Mustard,1059,1052,0.993389991
Bihar,GAYA,1999,Rabi,Wheat,51657,96092,1.860193197
Bihar,GAYA,1999,Summer,Maize,842,1997,2.371733967
Bihar,GAYA,1999,Whole Year,Coriander,10,5,0.5
Bihar,GAYA,1999,Whole Year,Dry chillies,16,14,0.875
Bihar,GAYA,1999,Whole Year,Garlic,28,40,1.428571429
Bihar,GAYA,1999,Whole Year,Onion,513,6326,12.33138402
Bihar,GAYA,1999,Whole Year,Potato,6760,42016,6.215384615
Bihar,GAYA,1999,Whole Year,Sugarcane,824,34812,42.24757282
Bihar,GAYA,1999,Whole Year,Sweet potato,7,95,13.57142857
Bihar,GAYA,1999,Whole Year,Turmeric,2,2,1
Bihar,GAYA,2000,Autumn,Rice,143640,229890,1.600459482
Bihar,GAYA,2000,Kharif,Arhar/Tur,2769,2708,0.977970386
Bihar,GAYA,2000,Kharif,Groundnut,7,8,1.142857143
Bihar,GAYA,2000,Kharif,Horse-gram,768,594,0.7734375
Bihar,GAYA,2000,Kharif,Maize,3983,3005,0.75445644
Bihar,GAYA,2000,Kharif,Moong(Green Gram),124,51,0.411290323
Bihar,GAYA,2000,Kharif,Other Kharif pulses,39,20,0.512820513
Bihar,GAYA,2000,Kharif,Ragi,361,397,1.099722992
Bihar,GAYA,2000,Kharif,Rice,1,2,2
Bihar,GAYA,2000,Kharif,Sesamum,247,137,0.55465587
Bihar,GAYA,2000,Kharif,Small millets,12,7,0.583333333
Bihar,GAYA,2000,Kharif,Sunflower,39,59,1.512820513
Bihar,GAYA,2000,Kharif,Urad,132,68,0.515151515
Bihar,GAYA,2000,Rabi,Barley,1485,1693,1.14006734
Bihar,GAYA,2000,Rabi,Gram,4814,3134,0.651017865
Bihar,GAYA,2000,Rabi,Khesari,3425,4233,1.235912409
Bihar,GAYA,2000,Rabi,Linseed,3225,2041,0.632868217
Bihar,GAYA,2000,Rabi,Maize,94,274,2.914893617
Bihar,GAYA,2000,Rabi,Masoor,6082,5681,0.934067741
Bihar,GAYA,2000,Rabi,Moong(Green Gram),624,363,0.581730769
Bihar,GAYA,2000,Rabi,Other  Rabi pulses,5,3,0.6
Bihar,GAYA,2000,Rabi,Peas & beans (Pulses),629,607,0.965023847
Bihar,GAYA,2000,Rabi,Rapeseed &Mustard,1259,1104,0.876886418
Bihar,GAYA,2000,Rabi,Wheat,51685,95283,1.84353294
Bihar,GAYA,2000,Summer,Maize,974,2671,2.742299795
Bihar,GAYA,2000,Summer,Rice,7,10,1.428571429
Bihar,GAYA,2000,Whole Year,Banana,30,630,21
Bihar,GAYA,2000,Whole Year,Coriander,17,10,0.588235294
Bihar,GAYA,2000,Whole Year,Dry chillies,36,38,1.055555556
Bihar,GAYA,2000,Whole Year,Garlic,33,48,1.454545455
Bihar,GAYA,2000,Whole Year,Onion,694,4074,5.870317003
Bihar,GAYA,2000,Whole Year,Potato,5167,35727,6.914457132
Bihar,GAYA,2000,Whole Year,Sugarcane,853,38398,45.01524033
Bihar,GAYA,2000,Whole Year,Sweet potato,13,158,12.15384615
Bihar,GAYA,2000,Whole Year,Turmeric,6,6,1
Bihar,GAYA,2001,Autumn,Maize,3244,3931,1.211775586
Bihar,GAYA,2001,Autumn,Rice,152978,257711,1.684627855
Bihar,GAYA,2001,Kharif,Arhar/Tur,2786,4552,1.633883704
Bihar,GAYA,2001,Kharif,Groundnut,20,11,0.55
Bihar,GAYA,2001,Kharif,Horse-gram,697,560,0.803443329
Bihar,GAYA,2001,Kharif,Moong(Green Gram),139,93,0.669064748
Bihar,GAYA,2001,Kharif,Other Kharif pulses,6,4,0.666666667
Bihar,GAYA,2001,Kharif,Ragi,277,243,0.877256318
Bihar,GAYA,2001,Kharif,Rice,7,12,1.714285714
Bihar,GAYA,2001,Kharif,Sesamum,164,99,0.603658537
Bihar,GAYA,2001,Kharif,Sunflower,29,33,1.137931034
Bihar,GAYA,2001,Kharif,Urad,151,96,0.635761589
Bihar,GAYA,2001,Rabi,Barley,1351,1808,1.33826795
Bihar,GAYA,2001,Rabi,Gram,4598,3830,0.832970857
Bihar,GAYA,2001,Rabi,Khesari,3239,2491,0.769064526
Bihar,GAYA,2001,Rabi,Linseed,3032,2153,0.710092348
Bihar,GAYA,2001,Rabi,Masoor,5968,5240,0.878016086
Bihar,GAYA,2001,Rabi,Peas & beans (Pulses),536,527,0.983208955
Bihar,GAYA,2001,Rabi,Rapeseed &Mustard,1203,1109,0.921862012
Bihar,GAYA,2001,Rabi,Wheat,51878,147132,2.836115502
Bihar,GAYA,2001,Summer,Maize,991,2289,2.309788093
Bihar,GAYA,2001,Whole Year,Banana,29,651,22.44827586
Bihar,GAYA,2001,Whole Year,Coriander,9,5,0.555555556
Bihar,GAYA,2001,Whole Year,Dry chillies,2,2,1
Bihar,GAYA,2001,Whole Year,Garlic,5,7,1.4
Bihar,GAYA,2001,Whole Year,Onion,661,7416,11.2193646
Bihar,GAYA,2001,Whole Year,Potato,5131,40859,7.963165075
Bihar,GAYA,2001,Whole Year,Sugarcane,916,40755,44.49235808
Bihar,GAYA,2001,Whole Year,Turmeric,3,4,1.333333333
Bihar,GAYA,2002,Autumn,Maize,3071,3775,1.229241289
Bihar,GAYA,2002,Kharif,Arhar/Tur,2001,2371,1.184907546
Bihar,GAYA,2002,Kharif,Groundnut,12,6,0.5
Bihar,GAYA,2002,Kharif,Horse-gram,437,348,0.796338673
Bihar,GAYA,2002,Kharif,Moong(Green Gram),115,44,0.382608696
Bihar,GAYA,2002,Kharif,Other Kharif pulses,60,33,0.55
Bihar,GAYA,2002,Kharif,Ragi,222,153,0.689189189
Bihar,GAYA,2002,Kharif,Sesamum,153,109,0.712418301
Bihar,GAYA,2002,Kharif,Small millets,1,1,1
Bihar,GAYA,2002,Kharif,Sunflower,95,128,1.347368421
Bihar,GAYA,2002,Kharif,Urad,242,168,0.694214876
Bihar,GAYA,2002,Rabi,Barley,2113,1557,0.736867014
Bihar,GAYA,2002,Rabi,Gram,8396,9135,1.088018104
Bihar,GAYA,2002,Rabi,Khesari,7345,5288,0.719945541
Bihar,GAYA,2002,Rabi,Linseed,2974,2260,0.759919301
Bihar,GAYA,2002,Rabi,Maize,381,994,2.608923885
Bihar,GAYA,2002,Rabi,Masoor,10091,7316,0.725002477
Bihar,GAYA,2002,Rabi,Other  Rabi pulses,426,304,0.713615023
Bihar,GAYA,2002,Rabi,Peas & beans (Pulses),903,806,0.892580288
Bihar,GAYA,2002,Rabi,Rapeseed &Mustard,2455,2436,0.992260692
Bihar,GAYA,2002,Rabi,Safflower,4,3,0.75
Bihar,GAYA,2002,Rabi,Wheat,71524,143891,2.011786254
Bihar,GAYA,2002,Summer,Maize,1702,5492,3.226792009
Bihar,GAYA,2002,Summer,Moong(Green Gram),851,518,0.608695652
Bihar,GAYA,2002,Summer,Rice,143,219,1.531468531
Bihar,GAYA,2002,Whole Year,Banana,3,59,19.66666667
Bihar,GAYA,2002,Whole Year,Coriander,30,20,0.666666667
Bihar,GAYA,2002,Whole Year,Dry chillies,45,30,0.666666667
Bihar,GAYA,2002,Whole Year,Dry ginger,1,1,1
Bihar,GAYA,2002,Whole Year,Garlic,42,61,1.452380952
Bihar,GAYA,2002,Whole Year,Onion,456,2134,4.679824561
Bihar,GAYA,2002,Whole Year,Potato,6286,56435,8.977887369
Bihar,GAYA,2002,Whole Year,Sannhamp,25,18,0.72
Bihar,GAYA,2002,Whole Year,Sugarcane,1009,46483,46.06838454
Bihar,GAYA,2002,Whole Year,Sweet potato,7,74,10.57142857
Bihar,GAYA,2002,Whole Year,Turmeric,2,2,1
Bihar,GAYA,2002,Winter,Rice,147292,243850,1.655554952
Bihar,GAYA,2003,Autumn,Rice,1720,2124,1.234883721
Bihar,GAYA,2003,Kharif,Arhar/Tur,2187,2272,1.038866027
Bihar,GAYA,2003,Kharif,Bajra,55,57,1.036363636
Bihar,GAYA,2003,Kharif,Castor seed,1,1,1
Bihar,GAYA,2003,Kharif,Groundnut,63,31,0.492063492
Bihar,GAYA,2003,Kharif,Horse-gram,658,486,0.738601824
Bihar,GAYA,2003,Kharif,Maize,4855,8303,1.710195675
Bihar,GAYA,2003,Kharif,Mesta,12,83,6.916666667
Bihar,GAYA,2003,Kharif,Moong(Green Gram),312,189,0.605769231
Bihar,GAYA,2003,Kharif,Other Kharif pulses,80,41,0.5125
Bihar,GAYA,2003,Kharif,Ragi,340,229,0.673529412
Bihar,GAYA,2003,Kharif,Sesamum,490,361,0.736734694
Bihar,GAYA,2003,Kharif,Small millets,7,5,0.714285714
Bihar,GAYA,2003,Kharif,Sunflower,21,29,1.380952381
Bihar,GAYA,2003,Kharif,Urad,289,214,0.740484429
Bihar,GAYA,2003,Rabi,Barley,1609,1660,1.031696706
Bihar,GAYA,2003,Rabi,Gram,8598,10404,1.210048849
Bihar,GAYA,2003,Rabi,Khesari,5348,4952,0.925953628
Bihar,GAYA,2003,Rabi,Linseed,2030,1592,0.784236453
Bihar,GAYA,2003,Rabi,Maize,238,721,3.029411765
Bihar,GAYA,2003,Rabi,Masoor,7131,5398,0.756976581
Bihar,GAYA,2003,Rabi,Other  Rabi pulses,37,27,0.72972973
Bihar,GAYA,2003,Rabi,Peas & beans (Pulses),648,605,0.933641975
Bihar,GAYA,2003,Rabi,Rapeseed &Mustard,777,750,0.965250965
Bihar,GAYA,2003,Rabi,Wheat,63367,127641,2.014313444
Bihar,GAYA,2003,Summer,Maize,2004,5572,2.780439122
Bihar,GAYA,2003,Summer,Moong(Green Gram),1481,726,0.490209318
Bihar,GAYA,2003,Summer,Rice,144,194,1.347222222
Bihar,GAYA,2003,Whole Year,Banana,2,33,16.5
Bihar,GAYA,2003,Whole Year,Coriander,31,21,0.677419355
Bihar,GAYA,2003,Whole Year,Dry chillies,51,35,0.68627451
Bihar,GAYA,2003,Whole Year,Garlic,54,78,1.444444444
Bihar,GAYA,2003,Whole Year,Onion,827,5930,7.170495768
Bihar,GAYA,2003,Whole Year,Potato,6324,50140,7.928526249
Bihar,GAYA,2003,Whole Year,Sannhamp,228,164,0.719298246
Bihar,GAYA,2003,Whole Year,Sugarcane,1266,53179,42.00552923
Bihar,GAYA,2003,Whole Year,Sweet potato,11,94,8.545454545
Bihar,GAYA,2003,Whole Year,Turmeric,8,8,1
Bihar,GAYA,2003,Winter,Rice,159125,244150,1.534328358
Bihar,GAYA,2004,Autumn,Rice,13,12,0.923076923
Bihar,GAYA,2004,Kharif,Arhar/Tur,2042,2152,1.053868756
Bihar,GAYA,2004,Kharif,Groundnut,6,3,0.5
Bihar,GAYA,2004,Kharif,Horse-gram,734,593,0.807901907
Bihar,GAYA,2004,Kharif,Jowar,2,2,1
Bihar,GAYA,2004,Kharif,Maize,6506,9265,1.424070089
Bihar,GAYA,2004,Kharif,Mesta,1,8,8
Bihar,GAYA,2004,Kharif,Moong(Green Gram),287,86,0.299651568
Bihar,GAYA,2004,Kharif,Other Kharif pulses,10,4,0.4
Bihar,GAYA,2004,Kharif,Ragi,324,219,0.675925926
Bihar,GAYA,2004,Kharif,Sesamum,199,155,0.778894472
Bihar,GAYA,2004,Kharif,Small millets,7,5,0.714285714
Bihar,GAYA,2004,Kharif,Sunflower,42,57,1.357142857
Bihar,GAYA,2004,Kharif,Urad,193,141,0.730569948
Bihar,GAYA,2004,Rabi,Barley,1320,1012,0.766666667
Bihar,GAYA,2004,Rabi,Gram,4091,2127,0.51992178
Bihar,GAYA,2004,Rabi,Khesari,2421,1152,0.475836431
Bihar,GAYA,2004,Rabi,Linseed,2039,1719,0.843060324
Bihar,GAYA,2004,Rabi,Maize,151,467,3.092715232
Bihar,GAYA,2004,Rabi,Masoor,4489,2972,0.66206282
Bihar,GAYA,2004,Rabi,Peas & beans (Pulses),342,301,0.880116959
Bihar,GAYA,2004,Rabi,Rapeseed &Mustard,530,371,0.7
Bihar,GAYA,2004,Rabi,Wheat,48810,54608,1.118787134
Bihar,GAYA,2004,Summer,Maize,1628,4908,3.014742015
Bihar,GAYA,2004,Summer,Moong(Green Gram),1056,583,0.552083333
Bihar,GAYA,2004,Summer,Rice,147,230,1.56462585
Bihar,GAYA,2004,Whole Year,Coriander,37,24,0.648648649
Bihar,GAYA,2004,Whole Year,Dry chillies,62,45,0.725806452
Bihar,GAYA,2004,Whole Year,Garlic,47,68,1.446808511
Bihar,GAYA,2004,Whole Year,Onion,479,2778,5.799582463
Bihar,GAYA,2004,Whole Year,Potato,5095,30222,5.931697743
Bihar,GAYA,2004,Whole Year,Sannhamp,108,87,0.805555556
Bihar,GAYA,2004,Whole Year,Sugarcane,922,33154,35.95878525
Bihar,GAYA,2004,Whole Year,Sweet potato,8,82,10.25
Bihar,GAYA,2004,Whole Year,Turmeric,8,8,1
Bihar,GAYA,2004,Winter,Rice,72244,13260,0.183544654
Bihar,GAYA,2005,Autumn,Rice,1253,1281,1.022346369
Bihar,GAYA,2005,Kharif,Arhar/Tur,2328,2500,1.073883162
Bihar,GAYA,2005,Kharif,Bajra,6,6,1
Bihar,GAYA,2005,Kharif,Horse-gram,725,624,0.860689655
Bihar,GAYA,2005,Kharif,Jowar,7,7,1
Bihar,GAYA,2005,Kharif,Maize,4925,6267,1.27248731
Bihar,GAYA,2005,Kharif,Mesta,9,89,9.888888889
Bihar,GAYA,2005,Kharif,Moong(Green Gram),142,53,0.373239437
Bihar,GAYA,2005,Kharif,Other Kharif pulses,150,84,0.56
Bihar,GAYA,2005,Kharif,Ragi,230,207,0.9
Bihar,GAYA,2005,Kharif,Sesamum,163,149,0.914110429
Bihar,GAYA,2005,Kharif,Small millets,546,405,0.741758242
Bihar,GAYA,2005,Kharif,Sunflower,25,33,1.32
Bihar,GAYA,2005,Kharif,Urad,146,111,0.760273973
Bihar,GAYA,2005,Rabi,Barley,1237,1055,0.852869846
Bihar,GAYA,2005,Rabi,Gram,3755,2407,0.641011984
Bihar,GAYA,2005,Rabi,Khesari,2260,1464,0.647787611
Bihar,GAYA,2005,Rabi,Linseed,1710,1464,0.856140351
Bihar,GAYA,2005,Rabi,Maize,98,299,3.051020408
Bihar,GAYA,2005,Rabi,Masoor,4672,2897,0.620077055
Bihar,GAYA,2005,Rabi,Other  Rabi pulses,7,5,0.714285714
Bihar,GAYA,2005,Rabi,Peas & beans (Pulses),598,550,0.919732441
Bihar,GAYA,2005,Rabi,Rapeseed &Mustard,541,424,0.783733826
Bihar,GAYA,2005,Rabi,Safflower,2,2,1
Bihar,GAYA,2005,Rabi,Wheat,60217,71760,1.191690054
Bihar,GAYA,2005,Summer,Maize,1216,2997,2.464638158
Bihar,GAYA,2005,Summer,Moong(Green Gram),934,535,0.572805139
Bihar,GAYA,2005,Summer,Rice,29,41,1.413793103
Bihar,GAYA,2005,Whole Year,Coriander,19,16,0.842105263
Bihar,GAYA,2005,Whole Year,Dry chillies,47,46,0.978723404
Bihar,GAYA,2005,Whole Year,Dry ginger,4,6,1.5
Bihar,GAYA,2005,Whole Year,Garlic,33,49,1.484848485
Bihar,GAYA,2005,Whole Year,Onion,503,3068,6.099403579
Bihar,GAYA,2005,Whole Year,Potato,5429,32360,5.960582059
Bihar,GAYA,2005,Whole Year,Sannhamp,67,54,0.805970149
Bihar,GAYA,2005,Whole Year,Sugarcane,825,22228,26.9430303
Bihar,GAYA,2005,Whole Year,Sweet potato,14,223,15.92857143
Bihar,GAYA,2005,Whole Year,Turmeric,10,9,0.9
Bihar,GAYA,2005,Winter,Rice,53066,15466,0.291448385
Bihar,GAYA,2006,Autumn,Rice,1209,1158,0.957816377
Bihar,GAYA,2006,Kharif,Arhar/Tur,1750,2452,1.401142857
Bihar,GAYA,2006,Kharif,Bajra,32,34,1.0625
Bihar,GAYA,2006,Kharif,Jowar,5,5,1
Bihar,GAYA,2006,Kharif,Maize,4940,6723,1.360931174
Bihar,GAYA,2006,Kharif,Moong(Green Gram),325,248,0.763076923
Bihar,GAYA,2006,Kharif,Ragi,298,260,0.872483221
Bihar,GAYA,2006,Kharif,Sannhamp,134,110,0.820895522
Bihar,GAYA,2006,Kharif,Sesamum,307,238,0.7752443
Bihar,GAYA,2006,Kharif,Urad,366,284,0.775956284
Bihar,GAYA,2006,Rabi,Barley,856,1175,1.372663551
Bihar,GAYA,2006,Rabi,Gram,3986,3149,0.790015053
Bihar,GAYA,2006,Rabi,Khesari,2302,1135,0.493049522
Bihar,GAYA,2006,Rabi,Linseed,1926,1635,0.848909657
Bihar,GAYA,2006,Rabi,Maize,90,325,3.611111111
Bihar,GAYA,2006,Rabi,Masoor,4775,3452,0.722931937
Bihar,GAYA,2006,Rabi,Peas & beans (Pulses),593,551,0.929173693
Bihar,GAYA,2006,Rabi,Rapeseed &Mustard,616,480,0.779220779
Bihar,GAYA,2006,Rabi,Sunflower,22,28,1.272727273
Bihar,GAYA,2006,Rabi,Wheat,73663,156981,2.131069872
Bihar,GAYA,2006,Summer,Maize,1226,4177,3.407014682
Bihar,GAYA,2006,Summer,Moong(Green Gram),1148,603,0.525261324
Bihar,GAYA,2006,Summer,Rice,33,45,1.363636364
Bihar,GAYA,2006,Winter,Rice,53353,79414,1.488463629
Bihar,GAYA,2007,Autumn,Maize,4626,6634,1.43406831
Bihar,GAYA,2007,Autumn,Rice,321,184,0.573208723
Bihar,GAYA,2007,Kharif,Arhar/Tur,2190,2967,1.354794521
Bihar,GAYA,2007,Kharif,Dry ginger,1,2,2
Bihar,GAYA,2007,Kharif,Groundnut,16,12,0.75
Bihar,GAYA,2007,Kharif,Jowar,10,11,1.1
Bihar,GAYA,2007,Kharif,Jute,8,76,9.5
Bihar,GAYA,2007,Kharif,Mesta,7,65,9.285714286
Bihar,GAYA,2007,Kharif,Moong(Green Gram),238,192,0.806722689
Bihar,GAYA,2007,Kharif,Other Kharif pulses,198,116,0.585858586
Bihar,GAYA,2007,Kharif,Ragi,295,176,0.596610169
Bihar,GAYA,2007,Kharif,Sannhamp,82,366.66,4.471463415
Bihar,GAYA,2007,Kharif,Sesamum,162,130,0.802469136
Bihar,GAYA,2007,Kharif,Small millets,3,2,0.666666667
Bihar,GAYA,2007,Kharif,Urad,160,125,0.78125
Bihar,GAYA,2007,Rabi,Barley,991,949,0.957618567
Bihar,GAYA,2007,Rabi,Gram,4433,4358,0.983081435
Bihar,GAYA,2007,Rabi,Khesari,2304,1493,0.648003472
Bihar,GAYA,2007,Rabi,Linseed,1938,1599,0.825077399
Bihar,GAYA,2007,Rabi,Maize,66,264,4
Bihar,GAYA,2007,Rabi,Masoor,4611,3398,0.73693342
Bihar,GAYA,2007,Rabi,Other  Rabi pulses,203,150,0.738916256
Bihar,GAYA,2007,Rabi,Peas & beans (Pulses),316,340,1.075949367
Bihar,GAYA,2007,Rabi,Rapeseed &Mustard,1193,512,0.429170159
Bihar,GAYA,2007,Rabi,Safflower,2,2,1
Bihar,GAYA,2007,Rabi,Sunflower,16,23,1.4375
Bihar,GAYA,2007,Rabi,Wheat,59211,141548,2.39056932
Bihar,GAYA,2007,Summer,Maize,1172,4218,3.598976109
Bihar,GAYA,2007,Summer,Moong(Green Gram),788,473,0.600253807
Bihar,GAYA,2007,Summer,Rice,39,48,1.230769231
Bihar,GAYA,2007,Whole Year,Coriander,24,17,0.708333333
Bihar,GAYA,2007,Whole Year,Dry chillies,55,73,1.327272727
Bihar,GAYA,2007,Whole Year,Garlic,44,64,1.454545455
Bihar,GAYA,2007,Whole Year,Onion,322,1542,4.788819876
Bihar,GAYA,2007,Whole Year,Potato,6419,31710,4.94002181
Bihar,GAYA,2007,Whole Year,Sugarcane,892,33007,37.00336323
Bihar,GAYA,2007,Whole Year,Sweet potato,1,13,13
Bihar,GAYA,2007,Whole Year,Turmeric,7,7,1
Bihar,GAYA,2007,Winter,Rice,133599,294252,2.202501516
Bihar,GAYA,2008,Autumn,Maize,3862,4598,1.190574832
Bihar,GAYA,2008,Autumn,Rice,34,45,1.323529412
Bihar,GAYA,2008,Kharif,Arhar/Tur,2154,2115,0.98189415
Bihar,GAYA,2008,Kharif,Dry ginger,3,5,1.666666667
Bihar,GAYA,2008,Kharif,Groundnut,1130,558,0.49380531
Bihar,GAYA,2008,Kharif,Jute,8,64,8
Bihar,GAYA,2008,Kharif,Mesta,6,52,8.666666667
Bihar,GAYA,2008,Kharif,Moong(Green Gram),246,174,0.707317073
Bihar,GAYA,2008,Kharif,Other Kharif pulses,95,55,0.578947368
Bihar,GAYA,2008,Kharif,Potato,4086,30645,7.5
Bihar,GAYA,2008,Kharif,Ragi,313,254,0.811501597
Bihar,GAYA,2008,Kharif,Sannhamp,96,427.77,4.4559375
Bihar,GAYA,2008,Kharif,Sesamum,190,148,0.778947368
Bihar,GAYA,2008,Kharif,Small millets,56,41,0.732142857
Bihar,GAYA,2008,Kharif,Sweet potato,1,14,14
Bihar,GAYA,2008,Kharif,Urad,65,26,0.4
Bihar,GAYA,2008,Rabi,Barley,892,752,0.843049327
Bihar,GAYA,2008,Rabi,Gram,3505,4136,1.180028531
Bihar,GAYA,2008,Rabi,Khesari,2246,2073,0.922974176
Bihar,GAYA,2008,Rabi,Linseed,2003,1695,0.846230654
Bihar,GAYA,2008,Rabi,Maize,88,310,3.522727273
Bihar,GAYA,2008,Rabi,Masoor,4819,5686,1.179912845
Bihar,GAYA,2008,Rabi,Other  Rabi pulses,7,5,0.714285714
Bihar,GAYA,2008,Rabi,Peas & beans (Pulses),502,483,0.962151394
Bihar,GAYA,2008,Rabi,Potato,2076,12581,6.060211946
Bihar,GAYA,2008,Rabi,Rapeseed &Mustard,848,734,0.865566038
Bihar,GAYA,2008,Rabi,Safflower,2,2,1
Bihar,GAYA,2008,Rabi,Sunflower,16,23,1.4375
Bihar,GAYA,2008,Rabi,Wheat,60225,132550,2.200913242
Bihar,GAYA,2008,Summer,Maize,747,2417,3.235609103
Bihar,GAYA,2008,Summer,Moong(Green Gram),873,585,0.670103093
Bihar,GAYA,2008,Whole Year,Dry chillies,57,80,1.403508772
Bihar,GAYA,2008,Whole Year,Garlic,40,64,1.6
Bihar,GAYA,2008,Whole Year,Onion,437,2836,6.489702517
Bihar,GAYA,2008,Whole Year,Sugarcane,717,25311,35.30125523
Bihar,GAYA,2008,Whole Year,Turmeric,11,13,1.181818182
Bihar,GAYA,2008,Winter,Rice,124534,220352,1.769412369
Bihar,GAYA,2009,Autumn,Maize,4941,7168,1.450718478
Bihar,GAYA,2009,Autumn,Rice,884,830,0.938914027
Bihar,GAYA,2009,Kharif,Arhar/Tur,1369,1880,1.373265157
Bihar,GAYA,2009,Kharif,Horse-gram,620,597,0.962903226
Bihar,GAYA,2009,Kharif,Mesta,3,22,7.333333333
Bihar,GAYA,2009,Kharif,Moong(Green Gram),304,202,0.664473684
Bihar,GAYA,2009,Kharif,Other Kharif pulses,86,63,0.73255814
Bihar,GAYA,2009,Kharif,Ragi,207,166,0.801932367
Bihar,GAYA,2009,Kharif,Sannhamp,65,53,0.815384615
Bihar,GAYA,2009,Kharif,Urad,199,197,0.989949749
Bihar,GAYA,2009,Rabi,Barley,573,561,0.979057592
Bihar,GAYA,2009,Rabi,Gram,3893,5933,1.524017467
Bihar,GAYA,2009,Rabi,Khesari,862,995,1.154292343
Bihar,GAYA,2009,Rabi,Linseed,1099,930,0.84622384
Bihar,GAYA,2009,Rabi,Maize,62,161,2.596774194
Bihar,GAYA,2009,Rabi,Masoor,4318,2992,0.692913386
Bihar,GAYA,2009,Rabi,Other  Rabi pulses,333,249,0.747747748
Bihar,GAYA,2009,Rabi,Peas & beans (Pulses),568,569,1.001760563
Bihar,GAYA,2009,Rabi,Rapeseed &Mustard,1376,1958,1.422965116
Bihar,GAYA,2009,Rabi,Sunflower,43,60,1.395348837
Bihar,GAYA,2009,Rabi,Wheat,46676,102177,2.189069329
Bihar,GAYA,2009,Summer,Maize,657,2036,3.098934551
Bihar,GAYA,2009,Summer,Moong(Green Gram),762,353,0.463254593
Bihar,GAYA,2009,Whole Year,Sugarcane,518,25251,48.74710425
Bihar,GAYA,2009,Winter,Rice,53204,66286,1.245883768
Bihar,GAYA,2010,Autumn,Maize,2863,6080,2.123646525
Bihar,GAYA,2010,Autumn,Rice,28,27,0.964285714
Bihar,GAYA,2010,Kharif,Arhar/Tur,1040,1013,0.974038462
Bihar,GAYA,2010,Kharif,Bajra,1,,
Bihar,GAYA,2010,Kharif,Groundnut,1,1,1
Bihar,GAYA,2010,Kharif,Horse-gram,638,602,0.943573668
Bihar,GAYA,2010,Kharif,Jowar,2,2,1
Bihar,GAYA,2010,Kharif,Moong(Green Gram),436,285,0.653669725
Bihar,GAYA,2010,Kharif,Other Kharif pulses,844,572,0.677725118
Bihar,GAYA,2010,Kharif,Ragi,106,104,0.981132075
Bihar,GAYA,2010,Kharif,Sesamum,163,128,0.785276074
Bihar,GAYA,2010,Kharif,Small millets,900,690,0.766666667
Bihar,GAYA,2010,Kharif,Urad,120,105,0.875
Bihar,GAYA,2010,Rabi,Barley,611,704,1.152209493
Bihar,GAYA,2010,Rabi,Gram,3429,3515,1.025080198
Bihar,GAYA,2010,Rabi,Khesari,581,492,0.846815835
Bihar,GAYA,2010,Rabi,Linseed,1621,1326,0.818013572
Bihar,GAYA,2010,Rabi,Maize,173,671,3.878612717
Bihar,GAYA,2010,Rabi,Masoor,4590,5379,1.171895425
Bihar,GAYA,2010,Rabi,Other  Rabi pulses,11,8,0.727272727
Bihar,GAYA,2010,Rabi,Peas & beans (Pulses),338,350,1.035502959
Bihar,GAYA,2010,Rabi,Rapeseed &Mustard,980,1071,1.092857143
Bihar,GAYA,2010,Rabi,Sunflower,14,20,1.428571429
Bihar,GAYA,2010,Rabi,Wheat,50861,111787,2.197892295
Bihar,GAYA,2010,Summer,Maize,508,2140,4.212598425
Bihar,GAYA,2010,Summer,Moong(Green Gram),709,423,0.596614951
Bihar,GAYA,2010,Summer,Rice,15,28,1.866666667
Bihar,GAYA,2010,Whole Year,Sugarcane,320,15568,48.65
Bihar,GAYA,2010,Winter,Rice,48819,53247,1.09070239
Bihar,GAYA,2011,Autumn,Maize,4374,8933,2.042295382
Bihar,GAYA,2011,Autumn,Rice,33,53,1.606060606
Bihar,GAYA,2011,Kharif,Arhar/Tur,1057,1553,1.469252602
Bihar,GAYA,2011,Kharif,Bajra,2,2,1
Bihar,GAYA,2011,Kharif,Groundnut,16,16,1
Bihar,GAYA,2011,Kharif,Horse-gram,408,388,0.950980392
Bihar,GAYA,2011,Kharif,Jowar,2,2,1
Bihar,GAYA,2011,Kharif,Mesta,1,12,12
Bihar,GAYA,2011,Kharif,Moong(Green Gram),829,646,0.779252111
Bihar,GAYA,2011,Kharif,Other Kharif pulses,1072,805,0.750932836
Bihar,GAYA,2011,Kharif,Ragi,176,214,1.215909091
Bihar,GAYA,2011,Kharif,Sesamum,63,55,0.873015873
Bihar,GAYA,2011,Kharif,Small millets,61,46,0.754098361
Bihar,GAYA,2011,Kharif,Urad,200,182,0.91
Bihar,GAYA,2011,Rabi,Barley,647,740,1.14374034
Bihar,GAYA,2011,Rabi,Gram,3973,3989,1.004027183
Bihar,GAYA,2011,Rabi,Khesari,689,732,1.062409289
Bihar,GAYA,2011,Rabi,Linseed,1629,1409,0.864947821
Bihar,GAYA,2011,Rabi,Maize,94,431,4.585106383
Bihar,GAYA,2011,Rabi,Masoor,4716,5334,1.131043257
Bihar,GAYA,2011,Rabi,Peas & beans (Pulses),383,395,1.031331593
Bihar,GAYA,2011,Rabi,Rapeseed &Mustard,1146,1732,1.511343805
Bihar,GAYA,2011,Rabi,Sunflower,2,2,1
Bihar,GAYA,2011,Rabi,Wheat,65902,183403,2.782965616
Bihar,GAYA,2011,Summer,Maize,689,3073,4.460087083
Bihar,GAYA,2011,Summer,Moong(Green Gram),1035,545,0.526570048
Bihar,GAYA,2011,Summer,Rice,13,19,1.461538462
Bihar,GAYA,2011,Winter,Rice,88194,284176,3.222169309
Bihar,GAYA,2012,Autumn,Maize,5476,20827,3.803323594
Bihar,GAYA,2012,Autumn,Rice,360,640,1.777777778
Bihar,GAYA,2012,Kharif,Arhar/Tur,1057,1566,1.481551561
Bihar,GAYA,2012,Kharif,Bajra,18,21,1.166666667
Bihar,GAYA,2012,Kharif,Groundnut,81,83,1.024691358
Bihar,GAYA,2012,Kharif,Horse-gram,558,540,0.967741935
Bihar,GAYA,2012,Kharif,Jowar,469,502,1.070362473
Bihar,GAYA,2012,Kharif,Mesta,1,2,2
Bihar,GAYA,2012,Kharif,Moong(Green Gram),1840,1314,0.714130435
Bihar,GAYA,2012,Kharif,Other Kharif pulses,620,525,0.846774194
Bihar,GAYA,2012,Kharif,Ragi,224,265,1.183035714
Bihar,GAYA,2012,Kharif,Sannhamp,79,63,0.797468354
Bihar,GAYA,2012,Kharif,Sesamum,70,62,0.885714286
Bihar,GAYA,2012,Kharif,Small millets,31,24,0.774193548
Bihar,GAYA,2012,Kharif,Urad,645,561,0.869767442
Bihar,GAYA,2012,Rabi,Barley,647,1210,1.870170015
Bihar,GAYA,2012,Rabi,Gram,3973,8971,2.257991442
Bihar,GAYA,2012,Rabi,Khesari,689,784,1.137880987
Bihar,GAYA,2012,Rabi,Linseed,1629,1412,0.866789441
Bihar,GAYA,2012,Rabi,Maize,94,307,3.265957447
Bihar,GAYA,2012,Rabi,Masoor,4716,5758,1.220949958
Bihar,GAYA,2012,Rabi,Peas & beans (Pulses),383,399,1.041775457
Bihar,GAYA,2012,Rabi,Rapeseed &Mustard,1146,1728,1.507853403
Bihar,GAYA,2012,Rabi,Sunflower,16,23,1.4375
Bihar,GAYA,2012,Rabi,Wheat,65863,161967,2.459150054
Bihar,GAYA,2012,Summer,Maize,689,3734,5.419448476
Bihar,GAYA,2012,Summer,Moong(Green Gram),1035,910,0.879227053
Bihar,GAYA,2012,Summer,Rice,13,30,2.307692308
Bihar,GAYA,2012,Whole Year,Sugarcane,500,30432,60.864
Bihar,GAYA,2012,Winter,Rice,124432,407456,3.274527453
Bihar,GAYA,2013,Autumn,Maize,6430,16687,2.595178849
Bihar,GAYA,2013,Autumn,Rice,196,302,1.540816327
Bihar,GAYA,2013,Kharif,Arhar/Tur,1535,1589,1.035179153
Bihar,GAYA,2013,Kharif,Castor seed,27,26,0.962962963
Bihar,GAYA,2013,Kharif,Groundnut,89,91,1.02247191
Bihar,GAYA,2013,Kharif,Horse-gram,528,503,0.952651515
Bihar,GAYA,2013,Kharif,Jute,1,14,14
Bihar,GAYA,2013,Kharif,Moong(Green Gram),1601,1174,0.733291693
Bihar,GAYA,2013,Kharif,Other Kharif pulses,271,210,0.774907749
Bihar,GAYA,2013,Kharif,Ragi,71,72,1.014084507
Bihar,GAYA,2013,Kharif,Sannhamp,7,6,0.857142857
Bihar,GAYA,2013,Kharif,Sesamum,156,135,0.865384615
Bihar,GAYA,2013,Kharif,Small millets,27,20,0.740740741
Bihar,GAYA,2013,Kharif,Urad,223,203,0.910313901
Bihar,GAYA,2013,Rabi,Barley,889,828,0.931383577
Bihar,GAYA,2013,Rabi,Gram,4922,4656,0.945956928
Bihar,GAYA,2013,Rabi,Khesari,480,379,0.789583333
Bihar,GAYA,2013,Rabi,Linseed,1322,1124,0.850226929
Bihar,GAYA,2013,Rabi,Maize,258,1174,4.550387597
Bihar,GAYA,2013,Rabi,Masoor,6525,4906,0.751877395
Bihar,GAYA,2013,Rabi,Peas & beans (Pulses),191,143,0.748691099
Bihar,GAYA,2013,Rabi,Rapeseed &Mustard,1086,801,0.737569061
Bihar,GAYA,2013,Rabi,Sunflower,1394,2016,1.446197991
Bihar,GAYA,2013,Rabi,Wheat,58783,112206,1.908817175
Bihar,GAYA,2013,Summer,Maize,1165,5616,4.820600858
Bihar,GAYA,2013,Summer,Moong(Green Gram),3856,4673,1.211877593
Bihar,GAYA,2013,Whole Year,Sugarcane,459,13140,28.62745098
Bihar,GAYA,2013,Winter,Rice,60920,120922,1.984931057
Bihar,GAYA,2014,Autumn,Maize,6357,12382,1.947774107
Bihar,GAYA,2014,Autumn,Rice,1351,2349,1.738712065
Bihar,GAYA,2014,Kharif,Arhar/Tur,1702,2716,1.595769683
Bihar,GAYA,2014,Kharif,Bajra,14,16,1.142857143
Bihar,GAYA,2014,Kharif,Groundnut,103,105,1.019417476
Bihar,GAYA,2014,Kharif,Horse-gram,532,509,0.956766917
Bihar,GAYA,2014,Kharif,Jute,3,45,15
Bihar,GAYA,2014,Kharif,Moong(Green Gram),1270,960,0.755905512
Bihar,GAYA,2014,Kharif,Other Kharif pulses,849,659,0.776207303
Bihar,GAYA,2014,Kharif,Ragi,166,245,1.475903614
Bihar,GAYA,2014,Kharif,Sannhamp,27,22,0.814814815
Bihar,GAYA,2014,Kharif,Sesamum,279,245,0.878136201
Bihar,GAYA,2014,Kharif,Small millets,113,85,0.752212389
Bihar,GAYA,2014,Kharif,Urad,872,796,0.912844037
Bihar,GAYA,2014,Rabi,Barley,714,743,1.040616246
Bihar,GAYA,2014,Rabi,Gram,5058,5093,1.006919731
Bihar,GAYA,2014,Rabi,Khesari,422,396,0.938388626
Bihar,GAYA,2014,Rabi,Linseed,959,826,0.861313869
Bihar,GAYA,2014,Rabi,Maize,226,820,3.628318584
Bihar,GAYA,2014,Rabi,Masoor,6948,5308,0.763960852
Bihar,GAYA,2014,Rabi,Peas & beans (Pulses),174,176,1.011494253
Bihar,GAYA,2014,Rabi,Rapeseed &Mustard,1313,2085,1.587966489
Bihar,GAYA,2014,Rabi,Sunflower,471,682,1.447983015
Bihar,GAYA,2014,Rabi,Wheat,72154,178508,2.473986196
Bihar,GAYA,2014,Summer,Maize,848,3480,4.103773585
Bihar,GAYA,2014,Summer,Moong(Green Gram),1975,1144,0.579240506
Bihar,GAYA,2014,Whole Year,Sugarcane,313,24774,79.15015974
Bihar,GAYA,2014,Winter,Rice,104005,335997,3.230585068
Bihar,GOPALGANJ,1997,Autumn,Rice,73672,119083,1.616394288
Bihar,GOPALGANJ,1997,Kharif,Arhar/Tur,2521,3708,1.470844903
Bihar,GOPALGANJ,1997,Kharif,Bajra,23,14,0.608695652
Bihar,GOPALGANJ,1997,Kharif,Jowar,1,1,1
Bihar,GOPALGANJ,1997,Kharif,Jute,8,72,9
Bihar,GOPALGANJ,1997,Kharif,Maize,9381,17890,1.907046157
Bihar,GOPALGANJ,1997,Kharif,Mesta,51,347,6.803921569
Bihar,GOPALGANJ,1997,Kharif,Other Kharif pulses,58,32,0.551724138
Bihar,GOPALGANJ,1997,Kharif,Small millets,1299,1168,0.899153195
Bihar,GOPALGANJ,1997,Rabi,Barley,82,129,1.573170732
Bihar,GOPALGANJ,1997,Rabi,Gram,56,67,1.196428571
Bihar,GOPALGANJ,1997,Rabi,Linseed,57,38,0.666666667
Bihar,GOPALGANJ,1997,Rabi,Maize,8109,22973,2.833025034
Bihar,GOPALGANJ,1997,Rabi,Other  Rabi pulses,33,25,0.757575758
Bihar,GOPALGANJ,1997,Rabi,Rapeseed &Mustard,2031,1931,0.950763171
Bihar,GOPALGANJ,1997,Rabi,Sunflower,8,6,0.75
Bihar,GOPALGANJ,1997,Rabi,Tobacco,399,287,0.719298246
Bihar,GOPALGANJ,1997,Rabi,Wheat,88342,202916,2.296936904
Bihar,GOPALGANJ,1997,Summer,Maize,2724,5497,2.017988253
Bihar,GOPALGANJ,1997,Summer,Rice,27,49,1.814814815
Bihar,GOPALGANJ,1997,Whole Year,Banana,28,678,24.21428571
Bihar,GOPALGANJ,1997,Whole Year,Coriander,59,29,0.491525424
Bihar,GOPALGANJ,1997,Whole Year,Dry chillies,2,2,1
Bihar,GOPALGANJ,1997,Whole Year,Garlic,46,28,0.608695652
Bihar,GOPALGANJ,1997,Whole Year,Onion,80,663,8.2875
Bihar,GOPALGANJ,1997,Whole Year,Potato,3329,31327,9.410333433
Bihar,GOPALGANJ,1997,Whole Year,Ragi,541,478,0.883548983
Bihar,GOPALGANJ,1997,Whole Year,Sannhamp,56,41,0.732142857
Bihar,GOPALGANJ,1997,Whole Year,Sugarcane,12954,362502,27.98378879
Bihar,GOPALGANJ,1997,Whole Year,Sweet potato,162,2136,13.18518519
Bihar,GOPALGANJ,1997,Whole Year,Turmeric,4,5,1.25
Bihar,GOPALGANJ,1997,Winter,Rice,30205,52009,1.721867241
Bihar,GOPALGANJ,1998,Kharif,Arhar/Tur,2324,2519,1.083907057
Bihar,GOPALGANJ,1998,Kharif,Blackgram,332,247,0.743975904
Bihar,GOPALGANJ,1998,Kharif,Jute,1,5,5
Bihar,GOPALGANJ,1998,Kharif,Maize,9734,8933,0.917711116
Bihar,GOPALGANJ,1998,Kharif,Mesta,16,100,6.25
Bihar,GOPALGANJ,1998,Kharif,Other Kharif pulses,257,135,0.525291829
Bihar,GOPALGANJ,1998,Kharif,Ragi,732,595,0.81284153
Bihar,GOPALGANJ,1998,Kharif,Sesamum,2,1,0.5
Bihar,GOPALGANJ,1998,Kharif,Small millets,1056,1127,1.067234848
Bihar,GOPALGANJ,1998,Kharif,Sunflower,8,6,0.75
Bihar,GOPALGANJ,1998,Rabi,Barley,202,262,1.297029703
Bihar,GOPALGANJ,1998,Rabi,Gram,28,28,1
Bihar,GOPALGANJ,1998,Rabi,Linseed,205,152,0.741463415
Bihar,GOPALGANJ,1998,Rabi,Maize,7096,18513,2.608934611
Bihar,GOPALGANJ,1998,Rabi,Other  Rabi pulses,3145,2434,0.773926868
Bihar,GOPALGANJ,1998,Rabi,Rapeseed &Mustard,1205,860,0.713692946
Bihar,GOPALGANJ,1998,Rabi,Safflower,153,87,0.568627451
Bihar,GOPALGANJ,1998,Rabi,Wheat,90266,209423,2.320065141
Bihar,GOPALGANJ,1998,Summer,Maize,2125,2326,1.094588235
Bihar,GOPALGANJ,1998,Summer,Rice,21,41,1.952380952
Bihar,GOPALGANJ,1998,Whole Year,Banana,20,364,18.2
Bihar,GOPALGANJ,1998,Whole Year,Garlic,9,6,0.666666667
Bihar,GOPALGANJ,1998,Whole Year,Onion,165,1155,7
Bihar,GOPALGANJ,1998,Whole Year,Potato,3873,25643,6.62096566
Bihar,GOPALGANJ,1998,Whole Year,Sannhamp,129,96,0.744186047
Bihar,GOPALGANJ,1998,Whole Year,Sugarcane,15562,798697,51.32354453
Bihar,GOPALGANJ,1998,Whole Year,Sweet potato,179,1935,10.81005587
Bihar,GOPALGANJ,1998,Whole Year,Tobacco,73,50,0.684931507
Bihar,GOPALGANJ,1998,Whole Year,Turmeric,4,5,1.25
Bihar,GOPALGANJ,1998,Winter,Rice,29348,42463,1.446878833
Bihar,GOPALGANJ,1999,Kharif,Arhar/Tur,2516,2304,0.915739269
Bihar,GOPALGANJ,1999,Kharif,Jowar,150,209,1.393333333
Bihar,GOPALGANJ,1999,Kharif,Jute,5,37,7.4
Bihar,GOPALGANJ,1999,Kharif,Maize,9323,13056,1.400407594
Bihar,GOPALGANJ,1999,Kharif,Ragi,394,323,0.819796954
Bihar,GOPALGANJ,1999,Kharif,Rice,60993,82444,1.351696096
Bihar,GOPALGANJ,1999,Kharif,Sesamum,1,1,1
Bihar,GOPALGANJ,1999,Kharif,Sunflower,14,10,0.714285714
Bihar,GOPALGANJ,1999,Kharif,Urad,27,21,0.777777778
Bihar,GOPALGANJ,1999,Rabi,Gram,18,17,0.944444444
Bihar,GOPALGANJ,1999,Rabi,Linseed,6,4,0.666666667
Bihar,GOPALGANJ,1999,Rabi,Maize,5321,14931,2.806051494
Bihar,GOPALGANJ,1999,Rabi,Masoor,412,388,0.941747573
Bihar,GOPALGANJ,1999,Rabi,Moong(Green Gram),1526,841,0.551114024
Bihar,GOPALGANJ,1999,Rabi,Other  Rabi pulses,31,25,0.806451613
Bihar,GOPALGANJ,1999,Rabi,Peas & beans (Pulses),714,511,0.715686275
Bihar,GOPALGANJ,1999,Rabi,Rapeseed &Mustard,1190,1163,0.977310924
Bihar,GOPALGANJ,1999,Rabi,Safflower,148,77,0.52027027
Bihar,GOPALGANJ,1999,Rabi,Wheat,85551,205380,2.400673283
Bihar,GOPALGANJ,1999,Summer,Maize,2179,5440,2.496558054
Bihar,GOPALGANJ,1999,Summer,Rice,40,106,2.65
Bihar,GOPALGANJ,1999,Whole Year,Banana,13,175,13.46153846
Bihar,GOPALGANJ,1999,Whole Year,Garlic,4,2,0.5
Bihar,GOPALGANJ,1999,Whole Year,Onion,167,1030,6.167664671
Bihar,GOPALGANJ,1999,Whole Year,Potato,3410,21790,6.390029326
Bihar,GOPALGANJ,1999,Whole Year,Sugarcane,16912,605247,35.78802034
Bihar,GOPALGANJ,1999,Whole Year,Sweet potato,125,1704,13.632
Bihar,GOPALGANJ,1999,Whole Year,Tobacco,172,174,1.011627907
Bihar,GOPALGANJ,2000,Autumn,Rice,33539,44197,1.317779302
Bihar,GOPALGANJ,2000,Kharif,Arhar/Tur,2567,2431,0.947019868
Bihar,GOPALGANJ,2000,Kharif,Bajra,27,13,0.481481481
Bihar,GOPALGANJ,2000,Kharif,Maize,10607,27203,2.564627133
Bihar,GOPALGANJ,2000,Kharif,Mesta,144,1111,7.715277778
Bihar,GOPALGANJ,2000,Kharif,Moong(Green Gram),145,9,0.062068966
Bihar,GOPALGANJ,2000,Kharif,Other Kharif pulses,32,17,0.53125
Bihar,GOPALGANJ,2000,Kharif,Ragi,696,930,1.336206897
Bihar,GOPALGANJ,2000,Kharif,Rice,58693,68344,1.164431874
Bihar,GOPALGANJ,2000,Kharif,Sesamum,10,6,0.6
Bihar,GOPALGANJ,2000,Kharif,Small millets,882,532,0.603174603
Bihar,GOPALGANJ,2000,Kharif,Sunflower,8,11,1.375
Bihar,GOPALGANJ,2000,Kharif,Urad,352,254,0.721590909
Bihar,GOPALGANJ,2000,Rabi,Barley,167,281,1.682634731
Bihar,GOPALGANJ,2000,Rabi,Gram,40,48,1.2
Bihar,GOPALGANJ,2000,Rabi,Khesari,52,48,0.923076923
Bihar,GOPALGANJ,2000,Rabi,Linseed,177,175,0.988700565
Bihar,GOPALGANJ,2000,Rabi,Maize,5886,20236,3.437988447
Bihar,GOPALGANJ,2000,Rabi,Masoor,529,364,0.688090737
Bihar,GOPALGANJ,2000,Rabi,Moong(Green Gram),1733,135,0.077899596
Bihar,GOPALGANJ,2000,Rabi,Other  Rabi pulses,37,37,1
Bihar,GOPALGANJ,2000,Rabi,Peas & beans (Pulses),907,896,0.987872106
Bihar,GOPALGANJ,2000,Rabi,Rapeseed &Mustard,1879,1962,1.044172432
Bihar,GOPALGANJ,2000,Rabi,Safflower,150,120,0.8
Bihar,GOPALGANJ,2000,Rabi,Wheat,78256,193138,2.468028011
Bihar,GOPALGANJ,2000,Summer,Maize,2014,4051,2.01142006
Bihar,GOPALGANJ,2000,Summer,Rice,33,61,1.848484848
Bihar,GOPALGANJ,2000,Whole Year,Banana,18,378,21
Bihar,GOPALGANJ,2000,Whole Year,Coriander,43,20,0.465116279
Bihar,GOPALGANJ,2000,Whole Year,Dry chillies,2,2,1
Bihar,GOPALGANJ,2000,Whole Year,Garlic,47,46,0.978723404
Bihar,GOPALGANJ,2000,Whole Year,Onion,218,1583,7.26146789
Bihar,GOPALGANJ,2000,Whole Year,Potato,4197,40551,9.661901358
Bihar,GOPALGANJ,2000,Whole Year,Sugarcane,16608,701339,42.22898603
Bihar,GOPALGANJ,2000,Whole Year,Sweet potato,132,708,5.363636364
Bihar,GOPALGANJ,2000,Whole Year,Tobacco,277,322,1.162454874
Bihar,GOPALGANJ,2001,Autumn,Maize,7234,12278,1.697262925
Bihar,GOPALGANJ,2001,Autumn,Rice,30016,50185,1.671941631
Bihar,GOPALGANJ,2001,Kharif,Arhar/Tur,2370,3031,1.278902954
Bihar,GOPALGANJ,2001,Kharif,Bajra,5,4,0.8
Bihar,GOPALGANJ,2001,Kharif,Jowar,112,95,0.848214286
Bihar,GOPALGANJ,2001,Kharif,Jute,5,33,6.6
Bihar,GOPALGANJ,2001,Kharif,Mesta,25,162,6.48
Bihar,GOPALGANJ,2001,Kharif,Moong(Green Gram),5,3,0.6
Bihar,GOPALGANJ,2001,Kharif,Other Kharif pulses,51,28,0.549019608
Bihar,GOPALGANJ,2001,Kharif,Ragi,324,438,1.351851852
Bihar,GOPALGANJ,2001,Kharif,Rice,35,72,2.057142857
Bihar,GOPALGANJ,2001,Kharif,Sesamum,4,2,0.5
Bihar,GOPALGANJ,2001,Kharif,Small millets,776,597,0.769329897
Bihar,GOPALGANJ,2001,Kharif,Sunflower,8,9,1.125
Bihar,GOPALGANJ,2001,Kharif,Urad,226,122,0.539823009
Bihar,GOPALGANJ,2001,Rabi,Barley,134,143,1.067164179
Bihar,GOPALGANJ,2001,Rabi,Gram,10,13,1.3
Bihar,GOPALGANJ,2001,Rabi,Khesari,78,64,0.820512821
Bihar,GOPALGANJ,2001,Rabi,Linseed,29,29,1
Bihar,GOPALGANJ,2001,Rabi,Maize,5798,18948,3.268023456
Bihar,GOPALGANJ,2001,Rabi,Masoor,392,424,1.081632653
Bihar,GOPALGANJ,2001,Rabi,Other  Rabi pulses,71,70,0.985915493
Bihar,GOPALGANJ,2001,Rabi,Peas & beans (Pulses),881,870,0.987514188
Bihar,GOPALGANJ,2001,Rabi,Rapeseed &Mustard,2579,2832,1.098100039
Bihar,GOPALGANJ,2001,Rabi,Wheat,86361,283784,3.28602031
Bihar,GOPALGANJ,2001,Summer,Maize,2018,4902,2.42913776
Bihar,GOPALGANJ,2001,Summer,Rice,64232,74536,1.160418483
Bihar,GOPALGANJ,2001,Whole Year,Banana,53,1190,22.45283019
Bihar,GOPALGANJ,2001,Whole Year,Coriander,21,12,0.571428571
Bihar,GOPALGANJ,2001,Whole Year,Dry chillies,6,6,1
Bihar,GOPALGANJ,2001,Whole Year,Garlic,52,51,0.980769231
Bihar,GOPALGANJ,2001,Whole Year,Onion,212,1586,7.481132075
Bihar,GOPALGANJ,2001,Whole Year,Potato,3731,41080,11.01045296
Bihar,GOPALGANJ,2001,Whole Year,Sugarcane,18896,877320,46.42887384
Bihar,GOPALGANJ,2001,Whole Year,Sweet potato,104,1369,13.16346154
Bihar,GOPALGANJ,2001,Whole Year,Tobacco,442,487,1.101809955
Bihar,GOPALGANJ,2001,Whole Year,Turmeric,3,3,1
Bihar,GOPALGANJ,2002,Autumn,Maize,8686,10853,1.249481925
Bihar,GOPALGANJ,2002,Autumn,Rice,63321,78016,1.232071509
Bihar,GOPALGANJ,2002,Kharif,Arhar/Tur,2079,1100,0.529100529
Bihar,GOPALGANJ,2002,Kharif,Bajra,5,4,0.8
Bihar,GOPALGANJ,2002,Kharif,Groundnut,19,9,0.473684211
Bihar,GOPALGANJ,2002,Kharif,Jute,2,13,6.5
Bihar,GOPALGANJ,2002,Kharif,Mesta,139,835,6.007194245
Bihar,GOPALGANJ,2002,Kharif,Moong(Green Gram),5,,
Bihar,GOPALGANJ,2002,Kharif,Other Kharif pulses,53,29,0.547169811
Bihar,GOPALGANJ,2002,Kharif,Ragi,433,334,0.771362587
Bihar,GOPALGANJ,2002,Kharif,Sesamum,16,11,0.6875
Bihar,GOPALGANJ,2002,Kharif,Small millets,364,283,0.777472527
Bihar,GOPALGANJ,2002,Kharif,Sunflower,32,38,1.1875
Bihar,GOPALGANJ,2002,Kharif,Urad,332,247,0.743975904
Bihar,GOPALGANJ,2002,Rabi,Barley,164,199,1.213414634
Bihar,GOPALGANJ,2002,Rabi,Gram,13,13,1
Bihar,GOPALGANJ,2002,Rabi,Khesari,59,48,0.813559322
Bihar,GOPALGANJ,2002,Rabi,Linseed,66,49,0.742424242
Bihar,GOPALGANJ,2002,Rabi,Maize,6349,7822,1.23200504
Bihar,GOPALGANJ,2002,Rabi,Masoor,526,397,0.754752852
Bihar,GOPALGANJ,2002,Rabi,Other  Rabi pulses,113,112,0.991150442
Bihar,GOPALGANJ,2002,Rabi,Peas & beans (Pulses),951,940,0.988433228
Bihar,GOPALGANJ,2002,Rabi,Rapeseed &Mustard,2372,1824,0.768971332
Bihar,GOPALGANJ,2002,Rabi,Wheat,87218,163081,1.869808984
Bihar,GOPALGANJ,2002,Summer,Maize,2001,5216,2.606696652
Bihar,GOPALGANJ,2002,Summer,Moong(Green Gram),1681,632,0.375966686
Bihar,GOPALGANJ,2002,Summer,Rice,11,19,1.727272727
Bihar,GOPALGANJ,2002,Whole Year,Banana,15,295,19.66666667
Bihar,GOPALGANJ,2002,Whole Year,Coriander,3,2,0.666666667
Bihar,GOPALGANJ,2002,Whole Year,Dry chillies,4,3,0.75
Bihar,GOPALGANJ,2002,Whole Year,Garlic,56,83,1.482142857
Bihar,GOPALGANJ,2002,Whole Year,Onion,267,2152,8.059925094
Bihar,GOPALGANJ,2002,Whole Year,Potato,3717,33557,9.027979553
Bihar,GOPALGANJ,2002,Whole Year,Sannhamp,74,46,0.621621622
Bihar,GOPALGANJ,2002,Whole Year,Sugarcane,20155,673298,33.40600347
Bihar,GOPALGANJ,2002,Whole Year,Sweet potato,149,1478,9.919463087
Bihar,GOPALGANJ,2002,Whole Year,Tobacco,407,457,1.122850123
Bihar,GOPALGANJ,2002,Winter,Rice,30865,32083,1.039462174
Bihar,GOPALGANJ,2003,Autumn,Rice,61274,91873,1.499379835
Bihar,GOPALGANJ,2003,Kharif,Arhar/Tur,2031,1302,0.641063516
Bihar,GOPALGANJ,2003,Kharif,Bajra,76,79,1.039473684
Bihar,GOPALGANJ,2003,Kharif,Groundnut,19,10,0.526315789
Bihar,GOPALGANJ,2003,Kharif,Jute,2,15,7.5
Bihar,GOPALGANJ,2003,Kharif,Maize,11069,13453,1.215376276
Bihar,GOPALGANJ,2003,Kharif,Mesta,9,62,6.888888889
Bihar,GOPALGANJ,2003,Kharif,Moong(Green Gram),5,2,0.4
Bihar,GOPALGANJ,2003,Kharif,Other Kharif pulses,102,6,0.058823529
Bihar,GOPALGANJ,2003,Kharif,Ragi,389,351,0.902313625
Bihar,GOPALGANJ,2003,Kharif,Sesamum,12,10,0.833333333
Bihar,GOPALGANJ,2003,Kharif,Small millets,307,241,0.785016287
Bihar,GOPALGANJ,2003,Kharif,Sunflower,19,25,1.315789474
Bihar,GOPALGANJ,2003,Kharif,Urad,378,280,0.740740741
Bihar,GOPALGANJ,2003,Rabi,Barley,150,254,1.693333333
Bihar,GOPALGANJ,2003,Rabi,Gram,355,347,0.977464789
Bihar,GOPALGANJ,2003,Rabi,Khesari,82,76,0.926829268
Bihar,GOPALGANJ,2003,Rabi,Linseed,53,42,0.79245283
Bihar,GOPALGANJ,2003,Rabi,Maize,6407,21130,3.297955361
Bihar,GOPALGANJ,2003,Rabi,Masoor,475,444,0.934736842
Bihar,GOPALGANJ,2003,Rabi,Other  Rabi pulses,114,113,0.99122807
Bihar,GOPALGANJ,2003,Rabi,Peas & beans (Pulses),680,635,0.933823529
Bihar,GOPALGANJ,2003,Rabi,Rapeseed &Mustard,2532,2679,1.058056872
Bihar,GOPALGANJ,2003,Rabi,Wheat,85212,199739,2.344024316
Bihar,GOPALGANJ,2003,Summer,Maize,1957,7595,3.880940215
Bihar,GOPALGANJ,2003,Summer,Moong(Green Gram),1774,781,0.440248027
Bihar,GOPALGANJ,2003,Summer,Rice,11,16,1.454545455
Bihar,GOPALGANJ,2003,Whole Year,Banana,13,215,16.53846154
Bihar,GOPALGANJ,2003,Whole Year,Coriander,2,1,0.5
Bihar,GOPALGANJ,2003,Whole Year,Dry chillies,3,2,0.666666667
Bihar,GOPALGANJ,2003,Whole Year,Garlic,43,65,1.511627907
Bihar,GOPALGANJ,2003,Whole Year,Onion,181,1529,8.447513812
Bihar,GOPALGANJ,2003,Whole Year,Potato,3620,31071,8.583149171
Bihar,GOPALGANJ,2003,Whole Year,Sannhamp,136,98,0.720588235
Bihar,GOPALGANJ,2003,Whole Year,Sugarcane,18006,709340,39.39464623
Bihar,GOPALGANJ,2003,Whole Year,Sweet potato,106,1512,14.26415094
Bihar,GOPALGANJ,2003,Whole Year,Tobacco,474,527,1.111814346
Bihar,GOPALGANJ,2003,Winter,Rice,29840,42543,1.425703753
Bihar,GOPALGANJ,2004,Autumn,Rice,61615,79645,1.292623549
Bihar,GOPALGANJ,2004,Kharif,Arhar/Tur,1725,2196,1.273043478
Bihar,GOPALGANJ,2004,Kharif,Bajra,100,108,1.08
Bihar,GOPALGANJ,2004,Kharif,Jowar,83,84,1.012048193
Bihar,GOPALGANJ,2004,Kharif,Jute,2,16,8
Bihar,GOPALGANJ,2004,Kharif,Maize,8631,13984,1.620206233
Bihar,GOPALGANJ,2004,Kharif,Mesta,19,152,8
Bihar,GOPALGANJ,2004,Kharif,Moong(Green Gram),451,180,0.399113082
Bihar,GOPALGANJ,2004,Kharif,Other Kharif pulses,83,73,0.879518072
Bihar,GOPALGANJ,2004,Kharif,Ragi,323,311,0.962848297
Bihar,GOPALGANJ,2004,Kharif,Small millets,639,501,0.784037559
Bihar,GOPALGANJ,2004,Kharif,Sunflower,28,40,1.428571429
Bihar,GOPALGANJ,2004,Kharif,Urad,372,271,0.728494624
Bihar,GOPALGANJ,2004,Rabi,Barley,213,318,1.492957746
Bihar,GOPALGANJ,2004,Rabi,Gram,74,62,0.837837838
Bihar,GOPALGANJ,2004,Rabi,Khesari,129,87,0.674418605
Bihar,GOPALGANJ,2004,Rabi,Linseed,40,34,0.85
Bihar,GOPALGANJ,2004,Rabi,Maize,6206,16551,2.666935224
Bihar,GOPALGANJ,2004,Rabi,Masoor,302,215,0.71192053
Bihar,GOPALGANJ,2004,Rabi,Other  Rabi pulses,63,62,0.984126984
Bihar,GOPALGANJ,2004,Rabi,Peas & beans (Pulses),662,583,0.880664653
Bihar,GOPALGANJ,2004,Rabi,Rapeseed &Mustard,2193,2182,0.99498404
Bihar,GOPALGANJ,2004,Rabi,Wheat,84361,115719,1.371712047
Bihar,GOPALGANJ,2004,Summer,Maize,1876,6112,3.257995736
Bihar,GOPALGANJ,2004,Summer,Moong(Green Gram),1664,639,0.384014423
Bihar,GOPALGANJ,2004,Summer,Rice,13,18,1.384615385
Bihar,GOPALGANJ,2004,Whole Year,Banana,13,167,12.84615385
Bihar,GOPALGANJ,2004,Whole Year,Coriander,2,1,0.5
Bihar,GOPALGANJ,2004,Whole Year,Dry chillies,4,3,0.75
Bihar,GOPALGANJ,2004,Whole Year,Garlic,65,98,1.507692308
Bihar,GOPALGANJ,2004,Whole Year,Onion,194,1740,8.969072165
Bihar,GOPALGANJ,2004,Whole Year,Potato,3610,33829,9.370914127
Bihar,GOPALGANJ,2004,Whole Year,Sannhamp,239,163,0.682008368
Bihar,GOPALGANJ,2004,Whole Year,Sugarcane,19279,765619,39.71258883
Bihar,GOPALGANJ,2004,Whole Year,Sweet potato,134,1359,10.14179104
Bihar,GOPALGANJ,2004,Whole Year,Tobacco,482,560,1.161825726
Bihar,GOPALGANJ,2004,Winter,Rice,28210,42968,1.52314782
Bihar,GOPALGANJ,2005,Autumn,Rice,58317,39129,0.670970729
Bihar,GOPALGANJ,2005,Kharif,Arhar/Tur,1871,3130,1.672902191
Bihar,GOPALGANJ,2005,Kharif,Maize,8009,13036,1.627668873
Bihar,GOPALGANJ,2005,Kharif,Mesta,12,118,9.833333333
Bihar,GOPALGANJ,2005,Kharif,Moong(Green Gram),24,16,0.666666667
Bihar,GOPALGANJ,2005,Kharif,Other Kharif pulses,79,40,0.506329114
Bihar,GOPALGANJ,2005,Kharif,Ragi,497,421,0.847082495
Bihar,GOPALGANJ,2005,Kharif,Small millets,1072,795,0.741604478
Bihar,GOPALGANJ,2005,Kharif,Urad,165,126,0.763636364
Bihar,GOPALGANJ,2005,Rabi,Barley,92,140,1.52173913
Bihar,GOPALGANJ,2005,Rabi,Gram,6,6,1
Bihar,GOPALGANJ,2005,Rabi,Khesari,64,51,0.796875
Bihar,GOPALGANJ,2005,Rabi,Linseed,205,175,0.853658537
Bihar,GOPALGANJ,2005,Rabi,Maize,6405,11209,1.750039032
Bihar,GOPALGANJ,2005,Rabi,Masoor,359,265,0.73816156
Bihar,GOPALGANJ,2005,Rabi,Other  Rabi pulses,18,18,1
Bihar,GOPALGANJ,2005,Rabi,Peas & beans (Pulses),541,498,0.92051756
Bihar,GOPALGANJ,2005,Rabi,Rapeseed &Mustard,2565,3301,1.286939571
Bihar,GOPALGANJ,2005,Rabi,Wheat,82462,133690,1.621231598
Bihar,GOPALGANJ,2005,Summer,Maize,1906,3174,1.665267576
Bihar,GOPALGANJ,2005,Summer,Moong(Green Gram),1353,879,0.649667406
Bihar,GOPALGANJ,2005,Whole Year,Banana,19,291,15.31578947
Bihar,GOPALGANJ,2005,Whole Year,Coriander,1,1,1
Bihar,GOPALGANJ,2005,Whole Year,Dry chillies,2,2,1
Bihar,GOPALGANJ,2005,Whole Year,Garlic,26,38,1.461538462
Bihar,GOPALGANJ,2005,Whole Year,Onion,91,784,8.615384615
Bihar,GOPALGANJ,2005,Whole Year,Potato,3892,44747,11.49717369
Bihar,GOPALGANJ,2005,Whole Year,Sannhamp,43,35,0.813953488
Bihar,GOPALGANJ,2005,Whole Year,Sugarcane,17759,856202,48.21228673
Bihar,GOPALGANJ,2005,Whole Year,Sweet potato,20,303,15.15
Bihar,GOPALGANJ,2005,Whole Year,Tobacco,597,691,1.157453936
Bihar,GOPALGANJ,2005,Winter,Rice,32678,13309,0.407277067
Bihar,GOPALGANJ,2006,Autumn,Rice,51736,64795,1.252416113
Bihar,GOPALGANJ,2006,Kharif,Arhar/Tur,1478,1344,0.909336942
Bihar,GOPALGANJ,2006,Kharif,Bajra,28,30,1.071428571
Bihar,GOPALGANJ,2006,Kharif,Jowar,81,84,1.037037037
Bihar,GOPALGANJ,2006,Kharif,Jute,2,20,10
Bihar,GOPALGANJ,2006,Kharif,Maize,7592,11414,1.503424658
Bihar,GOPALGANJ,2006,Kharif,Mesta,13,111,8.538461538
Bihar,GOPALGANJ,2006,Kharif,Ragi,96,73,0.760416667
Bihar,GOPALGANJ,2006,Kharif,Sannhamp,49,40,0.816326531
Bihar,GOPALGANJ,2006,Kharif,Sesamum,1,1,1
Bihar,GOPALGANJ,2006,Kharif,Urad,89,69,0.775280899
Bihar,GOPALGANJ,2006,Rabi,Barley,82,87,1.06097561
Bihar,GOPALGANJ,2006,Rabi,Khesari,68,54,0.794117647
Bihar,GOPALGANJ,2006,Rabi,Linseed,43,37,0.860465116
Bihar,GOPALGANJ,2006,Rabi,Maize,5626,11134,1.979025951
Bihar,GOPALGANJ,2006,Rabi,Masoor,149,108,0.724832215
Bihar,GOPALGANJ,2006,Rabi,Peas & beans (Pulses),727,676,0.929848693
Bihar,GOPALGANJ,2006,Rabi,Rapeseed &Mustard,2318,2383,1.028041415
Bihar,GOPALGANJ,2006,Rabi,Wheat,83202,208168,2.501959088
Bihar,GOPALGANJ,2006,Summer,Maize,1707,5611,3.28705331
Bihar,GOPALGANJ,2006,Summer,Moong(Green Gram),1099,578,0.525932666
Bihar,GOPALGANJ,2006,Winter,Rice,24065,25164,1.045667983
Bihar,GOPALGANJ,2007,Autumn,Maize,7375,3850,0.522033898
Bihar,GOPALGANJ,2007,Autumn,Rice,54485,47243,0.867082683
Bihar,GOPALGANJ,2007,Kharif,Arhar/Tur,1345,1576,1.171747212
Bihar,GOPALGANJ,2007,Kharif,Bajra,97,107,1.103092784
Bihar,GOPALGANJ,2007,Kharif,Jute,2,19,9.5
Bihar,GOPALGANJ,2007,Kharif,Mesta,11,102,9.272727273
Bihar,GOPALGANJ,2007,Kharif,Moong(Green Gram),45,37,0.822222222
Bihar,GOPALGANJ,2007,Kharif,Ragi,151,114,0.754966887
Bihar,GOPALGANJ,2007,Kharif,Sannhamp,45,188.88,4.197333333
Bihar,GOPALGANJ,2007,Kharif,Small millets,185,141,0.762162162
Bihar,GOPALGANJ,2007,Kharif,Urad,20,16,0.8
Bihar,GOPALGANJ,2007,Rabi,Barley,112,165,1.473214286
Bihar,GOPALGANJ,2007,Rabi,Gram,43,97,2.255813953
Bihar,GOPALGANJ,2007,Rabi,Khesari,23,19,0.826086957
Bihar,GOPALGANJ,2007,Rabi,Linseed,29,24,0.827586207
Bihar,GOPALGANJ,2007,Rabi,Maize,5702,11849,2.078042792
Bihar,GOPALGANJ,2007,Rabi,Masoor,177,141,0.796610169
Bihar,GOPALGANJ,2007,Rabi,Other  Rabi pulses,17,13,0.764705882
Bihar,GOPALGANJ,2007,Rabi,Peas & beans (Pulses),472,508,1.076271186
Bihar,GOPALGANJ,2007,Rabi,Rapeseed &Mustard,2449,2733,1.1159657
Bihar,GOPALGANJ,2007,Rabi,Wheat,81749,157895,1.931460935
Bihar,GOPALGANJ,2007,Summer,Maize,1998,3660,1.831831832
Bihar,GOPALGANJ,2007,Summer,Moong(Green Gram),1199,605,0.504587156
Bihar,GOPALGANJ,2007,Whole Year,Banana,23,301,13.08695652
Bihar,GOPALGANJ,2007,Whole Year,Coriander,4,3,0.75
Bihar,GOPALGANJ,2007,Whole Year,Dry chillies,1,1,1
Bihar,GOPALGANJ,2007,Whole Year,Garlic,20,29,1.45
Bihar,GOPALGANJ,2007,Whole Year,Onion,49,464,9.469387755
Bihar,GOPALGANJ,2007,Whole Year,Potato,3105,20499,6.601932367
Bihar,GOPALGANJ,2007,Whole Year,Sugarcane,23361,847132,36.26265999
Bihar,GOPALGANJ,2007,Whole Year,Sweet potato,12,160,13.33333333
Bihar,GOPALGANJ,2007,Whole Year,Tobacco,132,222,1.681818182
Bihar,GOPALGANJ,2007,Winter,Rice,27285,25321,0.928019058
Bihar,GOPALGANJ,2008,Autumn,Maize,7727,9680,1.252750097
Bihar,GOPALGANJ,2008,Autumn,Rice,59512,74978,1.25988036
Bihar,GOPALGANJ,2008,Kharif,Arhar/Tur,1094,1234,1.12797075
Bihar,GOPALGANJ,2008,Kharif,Bajra,94,113,1.20212766
Bihar,GOPALGANJ,2008,Kharif,Jute,1,8,8
Bihar,GOPALGANJ,2008,Kharif,Mesta,11,96,8.727272727
Bihar,GOPALGANJ,2008,Kharif,Moong(Green Gram),92,63,0.684782609
Bihar,GOPALGANJ,2008,Kharif,Potato,96,720,7.5
Bihar,GOPALGANJ,2008,Kharif,Ragi,138,54,0.391304348
Bihar,GOPALGANJ,2008,Kharif,Sannhamp,43,183.33,4.263488372
Bihar,GOPALGANJ,2008,Kharif,Sesamum,1,1,1
Bihar,GOPALGANJ,2008,Kharif,Small millets,147,113,0.768707483
Bihar,GOPALGANJ,2008,Kharif,Urad,50,37,0.74
Bihar,GOPALGANJ,2008,Rabi,Barley,72,79,1.097222222
Bihar,GOPALGANJ,2008,Rabi,Gram,4,7,1.75
Bihar,GOPALGANJ,2008,Rabi,Khesari,1,1,1
Bihar,GOPALGANJ,2008,Rabi,Linseed,46,39,0.847826087
Bihar,GOPALGANJ,2008,Rabi,Maize,5378,9159,1.703049461
Bihar,GOPALGANJ,2008,Rabi,Masoor,196,159,0.81122449
Bihar,GOPALGANJ,2008,Rabi,Other  Rabi pulses,17,13,0.764705882
Bihar,GOPALGANJ,2008,Rabi,Peas & beans (Pulses),437,420,0.961098398
Bihar,GOPALGANJ,2008,Rabi,Potato,2647,13156,4.970154892
Bihar,GOPALGANJ,2008,Rabi,Rapeseed &Mustard,2434,2084,0.85620378
Bihar,GOPALGANJ,2008,Rabi,Safflower,11,9,0.818181818
Bihar,GOPALGANJ,2008,Rabi,Wheat,78765,123121,1.563143528
Bihar,GOPALGANJ,2008,Summer,Maize,1495,4879,3.263545151
Bihar,GOPALGANJ,2008,Summer,Moong(Green Gram),906,607,0.669977925
Bihar,GOPALGANJ,2008,Whole Year,Dry chillies,1,1,1
Bihar,GOPALGANJ,2008,Whole Year,Garlic,22,35,1.590909091
Bihar,GOPALGANJ,2008,Whole Year,Onion,17,158,9.294117647
Bihar,GOPALGANJ,2008,Whole Year,Sugarcane,27037,1193615,44.14746459
Bihar,GOPALGANJ,2008,Winter,Rice,26995,30848,1.142730135
Bihar,GOPALGANJ,2009,Autumn,Maize,8102,9425,1.163293014
Bihar,GOPALGANJ,2009,Autumn,Rice,60987,53444,0.876317904
Bihar,GOPALGANJ,2009,Kharif,Arhar/Tur,1172,1499,1.279010239
Bihar,GOPALGANJ,2009,Kharif,Bajra,96,107,1.114583333
Bihar,GOPALGANJ,2009,Kharif,Jute,1,9,9
Bihar,GOPALGANJ,2009,Kharif,Mesta,12,86,7.166666667
Bihar,GOPALGANJ,2009,Kharif,Moong(Green Gram),97,64,0.659793814
Bihar,GOPALGANJ,2009,Kharif,Ragi,134,42,0.313432836
Bihar,GOPALGANJ,2009,Kharif,Sannhamp,45,37,0.822222222
Bihar,GOPALGANJ,2009,Kharif,Small millets,157,121,0.770700637
Bihar,GOPALGANJ,2009,Kharif,Urad,53,52,0.981132075
Bihar,GOPALGANJ,2009,Rabi,Barley,77,87,1.12987013
Bihar,GOPALGANJ,2009,Rabi,Gram,4,5,1.25
Bihar,GOPALGANJ,2009,Rabi,Khesari,1,1,1
Bihar,GOPALGANJ,2009,Rabi,Linseed,49,41,0.836734694
Bihar,GOPALGANJ,2009,Rabi,Maize,5789,29692,5.12903783
Bihar,GOPALGANJ,2009,Rabi,Masoor,203,181,0.891625616
Bihar,GOPALGANJ,2009,Rabi,Other  Rabi pulses,16,12,0.75
Bihar,GOPALGANJ,2009,Rabi,Peas & beans (Pulses),453,453,1
Bihar,GOPALGANJ,2009,Rabi,Rapeseed &Mustard,2721,3124,1.148107313
Bihar,GOPALGANJ,2009,Rabi,Wheat,83878,169769,2.023999142
Bihar,GOPALGANJ,2009,Summer,Maize,1587,2727,1.718336484
Bihar,GOPALGANJ,2009,Summer,Moong(Green Gram),956,263,0.275104603
Bihar,GOPALGANJ,2009,Whole Year,Sugarcane,26926,1255002,46.60929956
Bihar,GOPALGANJ,2009,Whole Year,Tobacco,140,261,1.864285714
Bihar,GOPALGANJ,2009,Winter,Rice,29026,25563,0.880693172
Bihar,GOPALGANJ,2010,Autumn,Maize,8468,4286,0.506140765
Bihar,GOPALGANJ,2010,Autumn,Rice,62233,62637,1.006491733
Bihar,GOPALGANJ,2010,Kharif,Arhar/Tur,1080,1469,1.360185185
Bihar,GOPALGANJ,2010,Kharif,Bajra,14,16,1.142857143
Bihar,GOPALGANJ,2010,Kharif,Jute,1,9,9
Bihar,GOPALGANJ,2010,Kharif,Mesta,12,101,8.416666667
Bihar,GOPALGANJ,2010,Kharif,Moong(Green Gram),59,39,0.661016949
Bihar,GOPALGANJ,2010,Kharif,Ragi,138,119,0.862318841
Bihar,GOPALGANJ,2010,Kharif,Sesamum,32,25,0.78125
Bihar,GOPALGANJ,2010,Kharif,Small millets,218,169,0.775229358
Bihar,GOPALGANJ,2010,Kharif,Urad,53,46,0.867924528
Bihar,GOPALGANJ,2010,Rabi,Barley,25,33,1.32
Bihar,GOPALGANJ,2010,Rabi,Khesari,18,18,1
Bihar,GOPALGANJ,2010,Rabi,Linseed,15,12,0.8
Bihar,GOPALGANJ,2010,Rabi,Maize,5964,29331,4.918008048
Bihar,GOPALGANJ,2010,Rabi,Masoor,204,192,0.941176471
Bihar,GOPALGANJ,2010,Rabi,Other  Rabi pulses,5,4,0.8
Bihar,GOPALGANJ,2010,Rabi,Peas & beans (Pulses),482,499,1.03526971
Bihar,GOPALGANJ,2010,Rabi,Rapeseed &Mustard,2622,3233,1.233028223
Bihar,GOPALGANJ,2010,Rabi,Wheat,83427,282764,3.389358361
Bihar,GOPALGANJ,2010,Summer,Maize,1934,5699,2.946742503
Bihar,GOPALGANJ,2010,Summer,Moong(Green Gram),1218,1946,1.597701149
Bihar,GOPALGANJ,2010,Whole Year,Sugarcane,30872,1234820,39.99805649
Bihar,GOPALGANJ,2010,Whole Year,Tobacco,256,456,1.78125
Bihar,GOPALGANJ,2010,Winter,Rice,26336,21453,0.814588396
Bihar,GOPALGANJ,2011,Autumn,Maize,6775,13228,1.952472325
Bihar,GOPALGANJ,2011,Autumn,Rice,60607,111917,1.846601878
Bihar,GOPALGANJ,2011,Kharif,Arhar/Tur,529,687,1.298676749
Bihar,GOPALGANJ,2011,Kharif,Bajra,11,12,1.090909091
Bihar,GOPALGANJ,2011,Kharif,Moong(Green Gram),13,8,0.615384615
Bihar,GOPALGANJ,2011,Kharif,Other Kharif pulses,392,294,0.75
Bihar,GOPALGANJ,2011,Kharif,Ragi,54,99,1.833333333
Bihar,GOPALGANJ,2011,Kharif,Small millets,453,340,0.750551876
Bihar,GOPALGANJ,2011,Kharif,Urad,49,45,0.918367347
Bihar,GOPALGANJ,2011,Rabi,Barley,15,23,1.533333333
Bihar,GOPALGANJ,2011,Rabi,Khesari,5,6,1.2
Bihar,GOPALGANJ,2011,Rabi,Linseed,15,13,0.866666667
Bihar,GOPALGANJ,2011,Rabi,Maize,5193,18456,3.55401502
Bihar,GOPALGANJ,2011,Rabi,Masoor,246,250,1.016260163
Bihar,GOPALGANJ,2011,Rabi,Peas & beans (Pulses),504,520,1.031746032
Bihar,GOPALGANJ,2011,Rabi,Rapeseed &Mustard,2290,2645,1.155021834
Bihar,GOPALGANJ,2011,Rabi,Wheat,83865,275971,3.290657604
Bihar,GOPALGANJ,2011,Summer,Maize,1899,7023,3.698262243
Bihar,GOPALGANJ,2011,Summer,Moong(Green Gram),1332,817,0.613363363
Bihar,GOPALGANJ,2011,Whole Year,Tobacco,298,562,1.88590604
Bihar,GOPALGANJ,2011,Winter,Rice,29790,72625,2.437898624
Bihar,GOPALGANJ,2012,Autumn,Maize,6758,22279,3.29668541
Bihar,GOPALGANJ,2012,Autumn,Rice,58866,127353,2.163438997
Bihar,GOPALGANJ,2012,Kharif,Arhar/Tur,681,975,1.431718062
Bihar,GOPALGANJ,2012,Kharif,Bajra,40,46,1.15
Bihar,GOPALGANJ,2012,Kharif,Moong(Green Gram),44,40,0.909090909
Bihar,GOPALGANJ,2012,Kharif,Ragi,61,74,1.213114754
Bihar,GOPALGANJ,2012,Kharif,Sannhamp,7,6,0.857142857
Bihar,GOPALGANJ,2012,Kharif,Small millets,21,17,0.80952381
Bihar,GOPALGANJ,2012,Kharif,Urad,12,11,0.916666667
Bihar,GOPALGANJ,2012,Rabi,Linseed,15,13,0.866666667
Bihar,GOPALGANJ,2012,Rabi,Maize,5461,18698,3.423915034
Bihar,GOPALGANJ,2012,Rabi,Masoor,167,192,1.149700599
Bihar,GOPALGANJ,2012,Rabi,Peas & beans (Pulses),432,450,1.041666667
Bihar,GOPALGANJ,2012,Rabi,Rapeseed &Mustard,2455,2993,1.219144603
Bihar,GOPALGANJ,2012,Rabi,Wheat,84690,291749,3.444904947
Bihar,GOPALGANJ,2012,Summer,Maize,2018,5731,2.839940535
Bihar,GOPALGANJ,2012,Summer,Moong(Green Gram),1816,1037,0.571035242
Bihar,GOPALGANJ,2012,Whole Year,Sugarcane,22724,1123865,49.45718183
Bihar,GOPALGANJ,2012,Whole Year,Tobacco,268,507,1.891791045
Bihar,GOPALGANJ,2012,Winter,Rice,28816,82729,2.870939756
Bihar,GOPALGANJ,2013,Autumn,Maize,6044,15786,2.611846459
Bihar,GOPALGANJ,2013,Autumn,Rice,54642,87882,1.608323268
Bihar,GOPALGANJ,2013,Kharif,Arhar/Tur,416,570,1.370192308
Bihar,GOPALGANJ,2013,Kharif,Moong(Green Gram),30,27,0.9
Bihar,GOPALGANJ,2013,Kharif,Other Kharif pulses,23,17,0.739130435
Bihar,GOPALGANJ,2013,Kharif,Ragi,36,31,0.861111111
Bihar,GOPALGANJ,2013,Kharif,Small millets,70,55,0.785714286
Bihar,GOPALGANJ,2013,Kharif,Urad,24,22,0.916666667
Bihar,GOPALGANJ,2013,Rabi,Maize,4578,12425,2.714067278
Bihar,GOPALGANJ,2013,Rabi,Masoor,141,179,1.269503546
Bihar,GOPALGANJ,2013,Rabi,Peas & beans (Pulses),455,569,1.250549451
Bihar,GOPALGANJ,2013,Rabi,Rapeseed &Mustard,2525,3439,1.361980198
Bihar,GOPALGANJ,2013,Rabi,Wheat,78549,250842,3.193446129
Bihar,GOPALGANJ,2013,Summer,Maize,1392,6708,4.818965517
Bihar,GOPALGANJ,2013,Summer,Moong(Green Gram),1303,876,0.672294705
Bihar,GOPALGANJ,2013,Whole Year,Sugarcane,27119,1475256,54.39935101
Bihar,GOPALGANJ,2013,Whole Year,Tobacco,270,513,1.9
Bihar,GOPALGANJ,2013,Winter,Rice,30239,45090,1.491120738
Bihar,GOPALGANJ,2014,Autumn,Maize,5803,14214,2.449422712
Bihar,GOPALGANJ,2014,Autumn,Rice,55887,104540,1.870560238
Bihar,GOPALGANJ,2014,Kharif,Arhar/Tur,486,605,1.244855967
Bihar,GOPALGANJ,2014,Kharif,Moong(Green Gram),2,2,1
Bihar,GOPALGANJ,2014,Kharif,Other Kharif pulses,7,5,0.714285714
Bihar,GOPALGANJ,2014,Kharif,Ragi,39,57,1.461538462
Bihar,GOPALGANJ,2014,Kharif,Small millets,35,28,0.8
Bihar,GOPALGANJ,2014,Kharif,Urad,110,100,0.909090909
Bihar,GOPALGANJ,2014,Rabi,Maize,9399,25819,2.746994361
Bihar,GOPALGANJ,2014,Rabi,Masoor,61,89,1.459016393
Bihar,GOPALGANJ,2014,Rabi,Peas & beans (Pulses),411,514,1.250608273
Bihar,GOPALGANJ,2014,Rabi,Rapeseed &Mustard,2628,3511,1.335996956
Bihar,GOPALGANJ,2014,Rabi,Wheat,73939,71480,0.966742856
Bihar,GOPALGANJ,2014,Summer,Maize,1488,5162,3.469086022
Bihar,GOPALGANJ,2014,Summer,Moong(Green Gram),1063,1101,1.035747883
Bihar,GOPALGANJ,2014,Whole Year,Sugarcane,24795,1432537,57.77523694
Bihar,GOPALGANJ,2014,Whole Year,Tobacco,249,436,1.751004016
Bihar,GOPALGANJ,2014,Winter,Rice,28891,61283,2.121179606
Bihar,JAMUI,1997,Kharif,Arhar/Tur,306,229,0.748366013
Bihar,JAMUI,1997,Kharif,Maize,4680,5800,1.239316239
Bihar,JAMUI,1997,Kharif,Other Kharif pulses,205,128,0.624390244
Bihar,JAMUI,1997,Rabi,Barley,1024,346,0.337890625
Bihar,JAMUI,1997,Rabi,Gram,2799,1010,0.360843158
Bihar,JAMUI,1997,Rabi,Linseed,439,202,0.460136674
Bihar,JAMUI,1997,Rabi,Maize,388,1465,3.775773196
Bihar,JAMUI,1997,Rabi,Other  Rabi pulses,34,24,0.705882353
Bihar,JAMUI,1997,Rabi,Rapeseed &Mustard,425,328,0.771764706
Bihar,JAMUI,1997,Rabi,Wheat,19299,24094,1.248458469
Bihar,JAMUI,1997,Summer,Maize,297,647,2.178451178
Bihar,JAMUI,1997,Summer,Rice,112,226,2.017857143
Bihar,JAMUI,1997,Whole Year,Onion,153,1363,8.908496732
Bihar,JAMUI,1997,Whole Year,Potato,1070,10640,9.943925234
Bihar,JAMUI,1997,Whole Year,Ragi,227,199,0.876651982
Bihar,JAMUI,1997,Whole Year,Sugarcane,530,29361,55.39811321
Bihar,JAMUI,1997,Winter,Rice,31966,36808,1.151473441
Bihar,JAMUI,1998,Kharif,Arhar/Tur,443,591,1.334085779
Bihar,JAMUI,1998,Kharif,Bajra,38,22,0.578947368
Bihar,JAMUI,1998,Kharif,Blackgram,16,11,0.6875
Bihar,JAMUI,1998,Kharif,Maize,3634,617,0.16978536
Bihar,JAMUI,1998,Kharif,Other Kharif pulses,2038,1157,0.567713445
Bihar,JAMUI,1998,Kharif,Ragi,206,175,0.849514563
Bihar,JAMUI,1998,Rabi,Barley,1423,1409,0.99016163
Bihar,JAMUI,1998,Rabi,Gram,1661,1546,0.9307646
Bihar,JAMUI,1998,Rabi,Linseed,247,136,0.550607287
Bihar,JAMUI,1998,Rabi,Maize,173,619,3.578034682
Bihar,JAMUI,1998,Rabi,Other  Rabi pulses,2822,2333,0.826718639
Bihar,JAMUI,1998,Rabi,Rapeseed &Mustard,321,356,1.109034268
Bihar,JAMUI,1998,Rabi,Wheat,20253,24345,1.202044142
Bihar,JAMUI,1998,Summer,Maize,370,919,2.483783784
Bihar,JAMUI,1998,Summer,Rice,91,203,2.230769231
Bihar,JAMUI,1998,Whole Year,Onion,278,4209,15.14028777
Bihar,JAMUI,1998,Whole Year,Potato,1560,15110,9.685897436
Bihar,JAMUI,1998,Whole Year,Sugarcane,626,30927,49.40415335
Bihar,JAMUI,1998,Winter,Rice,43790,46941,1.071957068
Bihar,JAMUI,1999,Kharif,Arhar/Tur,489,443,0.90593047
Bihar,JAMUI,1999,Kharif,Horse-gram,1716,1357,0.790792541
Bihar,JAMUI,1999,Kharif,Jowar,1367,1623,1.187271397
Bihar,JAMUI,1999,Kharif,Maize,5070,8085,1.594674556
Bihar,JAMUI,1999,Kharif,Moong(Green Gram),236,120,0.508474576
Bihar,JAMUI,1999,Kharif,Ragi,198,195,0.984848485
Bihar,JAMUI,1999,Kharif,Urad,15,11,0.733333333
Bihar,JAMUI,1999,Rabi,Gram,1589,1567,0.986154814
Bihar,JAMUI,1999,Rabi,Khesari,152,164,1.078947368
Bihar,JAMUI,1999,Rabi,Linseed,301,169,0.561461794
Bihar,JAMUI,1999,Rabi,Maize,215,786,3.655813953
Bihar,JAMUI,1999,Rabi,Masoor,194,131,0.675257732
Bihar,JAMUI,1999,Rabi,Moong(Green Gram),1141,859,0.752848379
Bihar,JAMUI,1999,Rabi,Peas & beans (Pulses),174,124,0.712643678
Bihar,JAMUI,1999,Rabi,Rapeseed &Mustard,356,264,0.741573034
Bihar,JAMUI,1999,Rabi,Wheat,18210,23381,1.283964854
Bihar,JAMUI,1999,Summer,Maize,833,2922,3.507803121
Bihar,JAMUI,1999,Summer,Rice,61,132,2.163934426
Bihar,JAMUI,1999,Whole Year,Onion,493,5231,10.61054767
Bihar,JAMUI,1999,Whole Year,Potato,1489,16204,10.88247146
Bihar,JAMUI,1999,Whole Year,Sugarcane,303,13642,45.02310231
Bihar,JAMUI,2000,Autumn,Rice,47556,50836,1.068971318
Bihar,JAMUI,2000,Kharif,Arhar/Tur,315,394,1.250793651
Bihar,JAMUI,2000,Kharif,Horse-gram,1515,1171,0.772937294
Bihar,JAMUI,2000,Kharif,Jowar,19,17,0.894736842
Bihar,JAMUI,2000,Kharif,Maize,5758,7525,1.306877388
Bihar,JAMUI,2000,Kharif,Moong(Green Gram),289,201,0.69550173
Bihar,JAMUI,2000,Kharif,Other Kharif pulses,162,84,0.518518519
Bihar,JAMUI,2000,Kharif,Ragi,217,238,1.096774194
Bihar,JAMUI,2000,Kharif,Sunflower,3,4,1.333333333
Bihar,JAMUI,2000,Kharif,Urad,28,17,0.607142857
Bihar,JAMUI,2000,Rabi,Barley,691,658,0.952243126
Bihar,JAMUI,2000,Rabi,Gram,1176,1148,0.976190476
Bihar,JAMUI,2000,Rabi,Khesari,1388,1319,0.950288184
Bihar,JAMUI,2000,Rabi,Linseed,264,180,0.681818182
Bihar,JAMUI,2000,Rabi,Maize,125,458,3.664
Bihar,JAMUI,2000,Rabi,Masoor,541,541,1
Bihar,JAMUI,2000,Rabi,Moong(Green Gram),228,111,0.486842105
Bihar,JAMUI,2000,Rabi,Peas & beans (Pulses),59,47,0.796610169
Bihar,JAMUI,2000,Rabi,Rapeseed &Mustard,489,347,0.709611452
Bihar,JAMUI,2000,Rabi,Wheat,20851,23128,1.109203396
Bihar,JAMUI,2000,Summer,Maize,345,957,2.773913043
Bihar,JAMUI,2000,Summer,Rice,41,57,1.390243902
Bihar,JAMUI,2000,Whole Year,Onion,249,1962,7.879518072
Bihar,JAMUI,2000,Whole Year,Potato,1496,16289,10.88836898
Bihar,JAMUI,2000,Whole Year,Sugarcane,617,28946,46.91410049
Bihar,JAMUI,2001,Autumn,Maize,5382,9965,1.851542178
Bihar,JAMUI,2001,Autumn,Rice,37942,27533,0.725660218
Bihar,JAMUI,2001,Kharif,Arhar/Tur,235,274,1.165957447
Bihar,JAMUI,2001,Kharif,Horse-gram,977,785,0.803480041
Bihar,JAMUI,2001,Kharif,Moong(Green Gram),283,350,1.236749117
Bihar,JAMUI,2001,Kharif,Ragi,6,5,0.833333333
Bihar,JAMUI,2001,Kharif,Rice,39,65,1.666666667
Bihar,JAMUI,2001,Kharif,Urad,19,15,0.789473684
Bihar,JAMUI,2001,Rabi,Barley,668,399,0.597305389
Bihar,JAMUI,2001,Rabi,Gram,1043,834,0.799616491
Bihar,JAMUI,2001,Rabi,Khesari,1150,859,0.746956522
Bihar,JAMUI,2001,Rabi,Linseed,271,192,0.708487085
Bihar,JAMUI,2001,Rabi,Maize,171,646,3.777777778
Bihar,JAMUI,2001,Rabi,Masoor,454,282,0.621145374
Bihar,JAMUI,2001,Rabi,Other  Rabi pulses,724,387,0.534530387
Bihar,JAMUI,2001,Rabi,Peas & beans (Pulses),109,107,0.981651376
Bihar,JAMUI,2001,Rabi,Rapeseed &Mustard,389,147,0.377892031
Bihar,JAMUI,2001,Rabi,Wheat,20490,27920,1.36261591
Bihar,JAMUI,2001,Summer,Maize,341,803,2.35483871
Bihar,JAMUI,2001,Whole Year,Onion,340,4954,14.57058824
Bihar,JAMUI,2001,Whole Year,Potato,1458,14594,10.00960219
Bihar,JAMUI,2001,Whole Year,Sugarcane,657,34314,52.2283105
Bihar,JAMUI,2001,Whole Year,Tobacco,4,5,1.25
Bihar,JAMUI,2002,Autumn,Maize,5949,6331,1.064212473
Bihar,JAMUI,2002,Kharif,Arhar/Tur,493,341,0.69168357
Bihar,JAMUI,2002,Kharif,Castor seed,12,12,1
Bihar,JAMUI,2002,Kharif,Mesta,30,180,6
Bihar,JAMUI,2002,Kharif,Moong(Green Gram),194,70,0.360824742
Bihar,JAMUI,2002,Kharif,Ragi,54,37,0.685185185
Bihar,JAMUI,2002,Kharif,Urad,16,11,0.6875
Bihar,JAMUI,2002,Rabi,Barley,1313,1142,0.869763899
Bihar,JAMUI,2002,Rabi,Gram,1613,1413,0.87600744
Bihar,JAMUI,2002,Rabi,Khesari,954,835,0.875262055
Bihar,JAMUI,2002,Rabi,Linseed,304,231,0.759868421
Bihar,JAMUI,2002,Rabi,Maize,273,616,2.256410256
Bihar,JAMUI,2002,Rabi,Masoor,1263,991,0.784639747
Bihar,JAMUI,2002,Rabi,Other  Rabi pulses,6,4,0.666666667
Bihar,JAMUI,2002,Rabi,Peas & beans (Pulses),51,46,0.901960784
Bihar,JAMUI,2002,Rabi,Rapeseed &Mustard,373,250,0.670241287
Bihar,JAMUI,2002,Rabi,Wheat,17278,19868,1.149901609
Bihar,JAMUI,2002,Summer,Maize,311,613,1.971061093
Bihar,JAMUI,2002,Summer,Moong(Green Gram),346,173,0.5
Bihar,JAMUI,2002,Whole Year,Garlic,1,1,1
Bihar,JAMUI,2002,Whole Year,Onion,186,1598,8.591397849
Bihar,JAMUI,2002,Whole Year,Potato,1688,16815,9.961492891
Bihar,JAMUI,2002,Whole Year,Sugarcane,613,29480,48.091354
Bihar,JAMUI,2002,Winter,Rice,53386,70195,1.314857828
Bihar,JAMUI,2003,Kharif,Arhar/Tur,863,1231,1.426419467
Bihar,JAMUI,2003,Kharif,Horse-gram,1673,1236,0.738792588
Bihar,JAMUI,2003,Kharif,Maize,6101,8309,1.361907884
Bihar,JAMUI,2003,Kharif,Mesta,76,527,6.934210526
Bihar,JAMUI,2003,Kharif,Moong(Green Gram),191,111,0.581151832
Bihar,JAMUI,2003,Kharif,Other Kharif pulses,19,10,0.526315789
Bihar,JAMUI,2003,Kharif,Ragi,9,6,0.666666667
Bihar,JAMUI,2003,Kharif,Sunflower,2,3,1.5
Bihar,JAMUI,2003,Rabi,Barley,1335,1179,0.883146067
Bihar,JAMUI,2003,Rabi,Gram,1639,1310,0.799267846
Bihar,JAMUI,2003,Rabi,Khesari,1330,1334,1.003007519
Bihar,JAMUI,2003,Rabi,Linseed,290,215,0.74137931
Bihar,JAMUI,2003,Rabi,Maize,226,742,3.283185841
Bihar,JAMUI,2003,Rabi,Masoor,1149,1066,0.927763272
Bihar,JAMUI,2003,Rabi,Other  Rabi pulses,3,2,0.666666667
Bihar,JAMUI,2003,Rabi,Peas & beans (Pulses),60,56,0.933333333
Bihar,JAMUI,2003,Rabi,Rapeseed &Mustard,368,192,0.52173913
Bihar,JAMUI,2003,Rabi,Wheat,16972,22120,1.30332312
Bihar,JAMUI,2003,Summer,Maize,323,1077,3.334365325
Bihar,JAMUI,2003,Summer,Moong(Green Gram),340,165,0.485294118
Bihar,JAMUI,2003,Whole Year,Garlic,1,2,2
Bihar,JAMUI,2003,Whole Year,Onion,141,1338,9.489361702
Bihar,JAMUI,2003,Whole Year,Potato,2161,23642,10.94030541
Bihar,JAMUI,2003,Whole Year,Sugarcane,482,22253,46.16804979
Bihar,JAMUI,2003,Winter,Rice,52784,60080,1.138223704
Bihar,JAMUI,2004,Kharif,Arhar/Tur,795,1215,1.528301887
Bihar,JAMUI,2004,Kharif,Horse-gram,1183,956,0.808114962
Bihar,JAMUI,2004,Kharif,Maize,5633,2980,0.529025386
Bihar,JAMUI,2004,Kharif,Mesta,67,535,7.985074627
Bihar,JAMUI,2004,Kharif,Moong(Green Gram),239,135,0.564853556
Bihar,JAMUI,2004,Kharif,Other Kharif pulses,37,19,0.513513514
Bihar,JAMUI,2004,Kharif,Ragi,40,27,0.675
Bihar,JAMUI,2004,Rabi,Barley,1263,1331,1.053840063
Bihar,JAMUI,2004,Rabi,Gram,1559,959,0.615137909
Bihar,JAMUI,2004,Rabi,Khesari,908,459,0.505506608
Bihar,JAMUI,2004,Rabi,Linseed,268,226,0.843283582
Bihar,JAMUI,2004,Rabi,Maize,216,682,3.157407407
Bihar,JAMUI,2004,Rabi,Masoor,1081,531,0.491211841
Bihar,JAMUI,2004,Rabi,Other  Rabi pulses,3,2,0.666666667
Bihar,JAMUI,2004,Rabi,Peas & beans (Pulses),57,50,0.877192982
Bihar,JAMUI,2004,Rabi,Rapeseed &Mustard,350,430,1.228571429
Bihar,JAMUI,2004,Rabi,Wheat,15177,17409,1.147064637
Bihar,JAMUI,2004,Summer,Maize,349,771,2.209169054
Bihar,JAMUI,2004,Summer,Moong(Green Gram),356,163,0.457865169
Bihar,JAMUI,2004,Whole Year,Garlic,1,2,2
Bihar,JAMUI,2004,Whole Year,Onion,135,787,5.82962963
Bihar,JAMUI,2004,Whole Year,Potato,1764,16560,9.387755102
Bihar,JAMUI,2004,Whole Year,Sugarcane,491,23159,47.16700611
Bihar,JAMUI,2004,Winter,Rice,48284,20970,0.43430536
Bihar,JAMUI,2005,Kharif,Arhar/Tur,395,660,1.670886076
Bihar,JAMUI,2005,Kharif,Horse-gram,1228,1056,0.859934853
Bihar,JAMUI,2005,Kharif,Maize,5330,2896,0.543339587
Bihar,JAMUI,2005,Kharif,Moong(Green Gram),146,85,0.582191781
Bihar,JAMUI,2005,Kharif,Ragi,8,7,0.875
Bihar,JAMUI,2005,Kharif,Urad,1,1,1
Bihar,JAMUI,2005,Rabi,Barley,291,251,0.862542955
Bihar,JAMUI,2005,Rabi,Gram,931,681,0.731471536
Bihar,JAMUI,2005,Rabi,Khesari,378,454,1.201058201
Bihar,JAMUI,2005,Rabi,Linseed,224,184,0.821428571
Bihar,JAMUI,2005,Rabi,Maize,56,221,3.946428571
Bihar,JAMUI,2005,Rabi,Masoor,512,515,1.005859375
Bihar,JAMUI,2005,Rabi,Other  Rabi pulses,2,2,1
Bihar,JAMUI,2005,Rabi,Peas & beans (Pulses),84,81,0.964285714
Bihar,JAMUI,2005,Rabi,Rapeseed &Mustard,243,238,0.979423868
Bihar,JAMUI,2005,Rabi,Wheat,9610,9443,0.982622268
Bihar,JAMUI,2005,Summer,Maize,164,342,2.085365854
Bihar,JAMUI,2005,Summer,Moong(Green Gram),133,81,0.609022556
Bihar,JAMUI,2005,Whole Year,Onion,48,419,8.729166667
Bihar,JAMUI,2005,Whole Year,Potato,1254,10759,8.579744817
Bihar,JAMUI,2005,Whole Year,Sugarcane,287,4747,16.54006969
Bihar,JAMUI,2005,Winter,Rice,38706,16931,0.437425722
Bihar,JAMUI,2006,Kharif,Arhar/Tur,450,185,0.411111111
Bihar,JAMUI,2006,Kharif,Maize,4725,4495,0.951322751
Bihar,JAMUI,2006,Kharif,Moong(Green Gram),76,48,0.631578947
Bihar,JAMUI,2006,Kharif,Ragi,17,15,0.882352941
Bihar,JAMUI,2006,Kharif,Urad,1,1,1
Bihar,JAMUI,2006,Rabi,Barley,462,705,1.525974026
Bihar,JAMUI,2006,Rabi,Gram,901,119,0.132075472
Bihar,JAMUI,2006,Rabi,Khesari,387,478,1.235142119
Bihar,JAMUI,2006,Rabi,Linseed,246,202,0.821138211
Bihar,JAMUI,2006,Rabi,Maize,92,455,4.945652174
Bihar,JAMUI,2006,Rabi,Masoor,553,234,0.423146474
Bihar,JAMUI,2006,Rabi,Peas & beans (Pulses),23,21,0.913043478
Bihar,JAMUI,2006,Rabi,Rapeseed &Mustard,118,165,1.398305085
Bihar,JAMUI,2006,Rabi,Sunflower,2,3,1.5
Bihar,JAMUI,2006,Rabi,Wheat,11777,17647,1.498429142
Bihar,JAMUI,2006,Summer,Maize,216,661,3.060185185
Bihar,JAMUI,2006,Summer,Moong(Green Gram),125,66,0.528
Bihar,JAMUI,2006,Winter,Rice,50289,88727,1.764342103
Bihar,JAMUI,2007,Autumn,Maize,4135,14158,3.423941959
Bihar,JAMUI,2007,Autumn,Rice,7,,
Bihar,JAMUI,2007,Kharif,Arhar/Tur,354,143,0.403954802
Bihar,JAMUI,2007,Kharif,Moong(Green Gram),128,67,0.5234375
Bihar,JAMUI,2007,Kharif,Ragi,4,2,0.5
Bihar,JAMUI,2007,Kharif,Urad,1,1,1
Bihar,JAMUI,2007,Rabi,Barley,537,612,1.139664804
Bihar,JAMUI,2007,Rabi,Gram,1200,574,0.478333333
Bihar,JAMUI,2007,Rabi,Khesari,187,180,0.962566845
Bihar,JAMUI,2007,Rabi,Linseed,164,134,0.817073171
Bihar,JAMUI,2007,Rabi,Maize,211,1063,5.037914692
Bihar,JAMUI,2007,Rabi,Masoor,506,321,0.634387352
Bihar,JAMUI,2007,Rabi,Other  Rabi pulses,16,12,0.75
Bihar,JAMUI,2007,Rabi,Peas & beans (Pulses),37,37,1
Bihar,JAMUI,2007,Rabi,Rapeseed &Mustard,229,39,0.170305677
Bihar,JAMUI,2007,Rabi,Wheat,13801,24261,1.757916093
Bihar,JAMUI,2007,Summer,Maize,202,596,2.95049505
Bihar,JAMUI,2007,Summer,Moong(Green Gram),147,140,0.952380952
Bihar,JAMUI,2007,Whole Year,Potato,1449,12784,8.822636301
Bihar,JAMUI,2007,Whole Year,Sugarcane,671,9551,14.23397914
Bihar,JAMUI,2007,Winter,Rice,43788,81148,1.85320179
Bihar,JAMUI,2008,Autumn,Maize,3967,5977,1.506680111
Bihar,JAMUI,2008,Kharif,Arhar/Tur,385,670,1.74025974
Bihar,JAMUI,2008,Kharif,Moong(Green Gram),104,58,0.557692308
Bihar,JAMUI,2008,Kharif,Potato,600,4500,7.5
Bihar,JAMUI,2008,Kharif,Urad,1,1,1
Bihar,JAMUI,2008,Rabi,Barley,562,371,0.660142349
Bihar,JAMUI,2008,Rabi,Gram,1188,652,0.548821549
Bihar,JAMUI,2008,Rabi,Khesari,207,200,0.966183575
Bihar,JAMUI,2008,Rabi,Linseed,211,173,0.819905213
Bihar,JAMUI,2008,Rabi,Maize,211,793,3.758293839
Bihar,JAMUI,2008,Rabi,Masoor,541,283,0.52310536
Bihar,JAMUI,2008,Rabi,Other  Rabi pulses,13,10,0.769230769
Bihar,JAMUI,2008,Rabi,Peas & beans (Pulses),48,46,0.958333333
Bihar,JAMUI,2008,Rabi,Potato,922,1300,1.409978308
Bihar,JAMUI,2008,Rabi,Rapeseed &Mustard,197,321,1.629441624
Bihar,JAMUI,2008,Rabi,Wheat,14107,13100,0.928616999
Bihar,JAMUI,2008,Summer,Maize,225,720,3.2
Bihar,JAMUI,2008,Summer,Moong(Green Gram),1,1,1
Bihar,JAMUI,2008,Whole Year,Onion,51,449,8.803921569
Bihar,JAMUI,2008,Whole Year,Sugarcane,619,10028,16.2003231
Bihar,JAMUI,2008,Winter,Rice,41565,71441,1.718777818
Bihar,JAMUI,2009,Autumn,Maize,2753,4614,1.675989829
Bihar,JAMUI,2009,Autumn,Rice,23,22,0.956521739
Bihar,JAMUI,2009,Kharif,Arhar/Tur,77,205,2.662337662
Bihar,JAMUI,2009,Kharif,Horse-gram,635,611,0.962204724
Bihar,JAMUI,2009,Kharif,Moong(Green Gram),29,19,0.655172414
Bihar,JAMUI,2009,Kharif,Other Kharif pulses,26,22,0.846153846
Bihar,JAMUI,2009,Kharif,Urad,1,1,1
Bihar,JAMUI,2009,Rabi,Barley,24,19,0.791666667
Bihar,JAMUI,2009,Rabi,Gram,376,415,1.103723404
Bihar,JAMUI,2009,Rabi,Khesari,88,88,1
Bihar,JAMUI,2009,Rabi,Linseed,78,66,0.846153846
Bihar,JAMUI,2009,Rabi,Maize,15,39,2.6
Bihar,JAMUI,2009,Rabi,Masoor,220,216,0.981818182
Bihar,JAMUI,2009,Rabi,Rapeseed &Mustard,14,21,1.5
Bihar,JAMUI,2009,Rabi,Wheat,6859,6780,0.988482286
Bihar,JAMUI,2009,Summer,Maize,32,48,1.5
Bihar,JAMUI,2009,Summer,Moong(Green Gram),40,41,1.025
Bihar,JAMUI,2009,Whole Year,Sugarcane,76,2852,37.52631579
Bihar,JAMUI,2009,Winter,Rice,37662,34745,0.922547926
Bihar,JAMUI,2010,Autumn,Maize,2746,7008,2.552075747
Bihar,JAMUI,2010,Autumn,Rice,24,26,1.083333333
Bihar,JAMUI,2010,Kharif,Arhar/Tur,77,150,1.948051948
Bihar,JAMUI,2010,Kharif,Horse-gram,607,573,0.94398682
Bihar,JAMUI,2010,Kharif,Moong(Green Gram),36,24,0.666666667
Bihar,JAMUI,2010,Kharif,Other Kharif pulses,14,12,0.857142857
Bihar,JAMUI,2010,Kharif,Urad,1,1,1
Bihar,JAMUI,2010,Rabi,Barley,51,47,0.921568627
Bihar,JAMUI,2010,Rabi,Gram,458,490,1.069868996
Bihar,JAMUI,2010,Rabi,Khesari,83,65,0.78313253
Bihar,JAMUI,2010,Rabi,Linseed,90,74,0.822222222
Bihar,JAMUI,2010,Rabi,Maize,20,84,4.2
Bihar,JAMUI,2010,Rabi,Masoor,243,192,0.790123457
Bihar,JAMUI,2010,Rabi,Peas & beans (Pulses),1,1,1
Bihar,JAMUI,2010,Rabi,Rapeseed &Mustard,46,57,1.239130435
Bihar,JAMUI,2010,Rabi,Wheat,7552,11303,1.496689619
Bihar,JAMUI,2010,Summer,Maize,34,79,2.323529412
Bihar,JAMUI,2010,Summer,Moong(Green Gram),39,39,1
Bihar,JAMUI,2010,Whole Year,Sugarcane,2390,161588,67.61004184
Bihar,JAMUI,2010,Winter,Rice,35742,14950,0.418275418
Bihar,JAMUI,2011,Autumn,Maize,2754,6743,2.448438635
Bihar,JAMUI,2011,Autumn,Rice,27,43,1.592592593
Bihar,JAMUI,2011,Kharif,Arhar/Tur,88,173,1.965909091
Bihar,JAMUI,2011,Kharif,Horse-gram,626,596,0.952076677
Bihar,JAMUI,2011,Kharif,Moong(Green Gram),36,22,0.611111111
Bihar,JAMUI,2011,Kharif,Other Kharif pulses,546,420,0.769230769
Bihar,JAMUI,2011,Kharif,Urad,1,1,1
Bihar,JAMUI,2011,Rabi,Barley,51,35,0.68627451
Bihar,JAMUI,2011,Rabi,Gram,467,587,1.256959315
Bihar,JAMUI,2011,Rabi,Khesari,81,74,0.913580247
Bihar,JAMUI,2011,Rabi,Linseed,87,75,0.862068966
Bihar,JAMUI,2011,Rabi,Maize,20,126,6.3
Bihar,JAMUI,2011,Rabi,Masoor,237,237,1
Bihar,JAMUI,2011,Rabi,Peas & beans (Pulses),1,1,1
Bihar,JAMUI,2011,Rabi,Rapeseed &Mustard,54,113,2.092592593
Bihar,JAMUI,2011,Rabi,Wheat,7516,20486,2.725651943
Bihar,JAMUI,2011,Summer,Maize,37,135,3.648648649
Bihar,JAMUI,2011,Summer,Moong(Green Gram),37,41,1.108108108
Bihar,JAMUI,2011,Winter,Rice,49101,102308,2.083623551
Bihar,JAMUI,2012,Autumn,Maize,2602,3433,1.319369716
Bihar,JAMUI,2012,Autumn,Rice,24,30,1.25
Bihar,JAMUI,2012,Kharif,Arhar/Tur,90,172,1.911111111
Bihar,JAMUI,2012,Kharif,Horse-gram,634,614,0.968454259
Bihar,JAMUI,2012,Kharif,Moong(Green Gram),32,22,0.6875
Bihar,JAMUI,2012,Kharif,Other Kharif pulses,549,418,0.761384335
Bihar,JAMUI,2012,Kharif,Urad,2,2,1
Bihar,JAMUI,2012,Rabi,Barley,47,69,1.468085106
Bihar,JAMUI,2012,Rabi,Gram,469,435,0.92750533
Bihar,JAMUI,2012,Rabi,Khesari,81,114,1.407407407
Bihar,JAMUI,2012,Rabi,Linseed,88,76,0.863636364
Bihar,JAMUI,2012,Rabi,Maize,20,68,3.4
Bihar,JAMUI,2012,Rabi,Masoor,227,304,1.339207048
Bihar,JAMUI,2012,Rabi,Peas & beans (Pulses),1,1,1
Bihar,JAMUI,2012,Rabi,Rapeseed &Mustard,55,112,2.036363636
Bihar,JAMUI,2012,Rabi,Wheat,7523,15722,2.08985777
Bihar,JAMUI,2012,Summer,Maize,39,235,6.025641026
Bihar,JAMUI,2012,Summer,Moong(Green Gram),45,28,0.622222222
Bihar,JAMUI,2012,Whole Year,Sugarcane,646,42224,65.3622291
Bihar,JAMUI,2012,Winter,Rice,49939,73285,1.467490338
Bihar,JAMUI,2013,Autumn,Maize,2672,3981,1.48989521
Bihar,JAMUI,2013,Autumn,Rice,23,28,1.217391304
Bihar,JAMUI,2013,Kharif,Arhar/Tur,217,420,1.935483871
Bihar,JAMUI,2013,Kharif,Horse-gram,669,637,0.952167414
Bihar,JAMUI,2013,Kharif,Moong(Green Gram),52,41,0.788461538
Bihar,JAMUI,2013,Kharif,Other Kharif pulses,414,311,0.751207729
Bihar,JAMUI,2013,Kharif,Sesamum,3,3,1
Bihar,JAMUI,2013,Kharif,Urad,2,2,1
Bihar,JAMUI,2013,Rabi,Barley,44,62,1.409090909
Bihar,JAMUI,2013,Rabi,Gram,1006,853,0.847912525
Bihar,JAMUI,2013,Rabi,Khesari,79,118,1.493670886
Bihar,JAMUI,2013,Rabi,Linseed,66,56,0.848484848
Bihar,JAMUI,2013,Rabi,Maize,24,106,4.416666667
Bihar,JAMUI,2013,Rabi,Masoor,217,329,1.516129032
Bihar,JAMUI,2013,Rabi,Peas & beans (Pulses),19,20,1.052631579
Bihar,JAMUI,2013,Rabi,Rapeseed &Mustard,211,175,0.829383886
Bihar,JAMUI,2013,Rabi,Wheat,8673,17453,2.012337138
Bihar,JAMUI,2013,Summer,Maize,85,167,1.964705882
Bihar,JAMUI,2013,Summer,Moong(Green Gram),72,83,1.152777778
Bihar,JAMUI,2013,Whole Year,Sugarcane,1003,48804,48.65802592
Bihar,JAMUI,2013,Winter,Rice,50321,91599,1.820293714
Bihar,JAMUI,2014,Autumn,Maize,2065,3597,1.74188862
Bihar,JAMUI,2014,Kharif,Arhar/Tur,505,954,1.889108911
Bihar,JAMUI,2014,Kharif,Horse-gram,1201,1149,0.956702748
Bihar,JAMUI,2014,Kharif,Moong(Green Gram),61,55,0.901639344
Bihar,JAMUI,2014,Kharif,Other Kharif pulses,1,1,1
Bihar,JAMUI,2014,Kharif,Sesamum,3,3,1
Bihar,JAMUI,2014,Rabi,Barley,141,156,1.106382979
Bihar,JAMUI,2014,Rabi,Gram,2140,950,0.443925234
Bihar,JAMUI,2014,Rabi,Khesari,222,149,0.671171171
Bihar,JAMUI,2014,Rabi,Linseed,261,225,0.862068966
Bihar,JAMUI,2014,Rabi,Maize,227,785,3.45814978
Bihar,JAMUI,2014,Rabi,Masoor,1553,1407,0.90598841
Bihar,JAMUI,2014,Rabi,Peas & beans (Pulses),2,2,1
Bihar,JAMUI,2014,Rabi,Rapeseed &Mustard,693,938,1.353535354
Bihar,JAMUI,2014,Rabi,Wheat,11332,13236,1.168019767
Bihar,JAMUI,2014,Summer,Maize,506,1968,3.889328063
Bihar,JAMUI,2014,Summer,Moong(Green Gram),634,367,0.578864353
Bihar,JAMUI,2014,Whole Year,Sugarcane,610,34770,57
Bihar,JAMUI,2014,Winter,Rice,42837,87453,2.041529519
Bihar,JEHANABAD,1997,Autumn,Rice,3,3,1
Bihar,JEHANABAD,1997,Kharif,Arhar/Tur,201,302,1.502487562
Bihar,JEHANABAD,1997,Kharif,Dry ginger,2,3,1.5
Bihar,JEHANABAD,1997,Kharif,Groundnut,7,8,1.142857143
Bihar,JEHANABAD,1997,Kharif,Maize,8,10,1.25
Bihar,JEHANABAD,1997,Kharif,Other Kharif pulses,4,2,0.5
Bihar,JEHANABAD,1997,Kharif,Sesamum,29,17,0.586206897
Bihar,JEHANABAD,1997,Kharif,Small millets,9,4,0.444444444
Bihar,JEHANABAD,1997,Rabi,Barley,699,487,0.696709585
Bihar,JEHANABAD,1997,Rabi,Gram,2222,787,0.354185419
Bihar,JEHANABAD,1997,Rabi,Linseed,645,362,0.56124031
Bihar,JEHANABAD,1997,Rabi,Maize,670,2011,3.001492537
Bihar,JEHANABAD,1997,Rabi,Other  Rabi pulses,181,129,0.712707182
Bihar,JEHANABAD,1997,Rabi,Rapeseed &Mustard,593,433,0.730185497
Bihar,JEHANABAD,1997,Rabi,Sunflower,83,78,0.939759036
Bihar,JEHANABAD,1997,Rabi,Wheat,44404,80116,1.804251869
Bihar,JEHANABAD,1997,Summer,Maize,214,452,2.112149533
Bihar,JEHANABAD,1997,Summer,Rice,124,250,2.016129032
Bihar,JEHANABAD,1997,Whole Year,Coriander,25,12,0.48
Bihar,JEHANABAD,1997,Whole Year,Dry chillies,30,23,0.766666667
Bihar,JEHANABAD,1997,Whole Year,Garlic,7,9,1.285714286
Bihar,JEHANABAD,1997,Whole Year,Onion,180,1375,7.638888889
Bihar,JEHANABAD,1997,Whole Year,Potato,1747,14740,8.437321122
Bihar,JEHANABAD,1997,Whole Year,Ragi,1,1,1
Bihar,JEHANABAD,1997,Whole Year,Sannhamp,2,1,0.5
Bihar,JEHANABAD,1997,Whole Year,Sugarcane,331,7027,21.22960725
Bihar,JEHANABAD,1997,Winter,Rice,90101,125150,1.388996792
Bihar,JEHANABAD,1998,Kharif,Arhar/Tur,207,274,1.323671498
Bihar,JEHANABAD,1998,Kharif,Blackgram,62,46,0.741935484
Bihar,JEHANABAD,1998,Kharif,Groundnut,7,8,1.142857143
Bihar,JEHANABAD,1998,Kharif,Maize,8,8,1
Bihar,JEHANABAD,1998,Kharif,Other Kharif pulses,41,26,0.634146341
Bihar,JEHANABAD,1998,Kharif,Ragi,1,1,1
Bihar,JEHANABAD,1998,Kharif,Sesamum,30,16,0.533333333
Bihar,JEHANABAD,1998,Kharif,Small millets,8,4,0.5
Bihar,JEHANABAD,1998,Kharif,Sunflower,48,45,0.9375
Bihar,JEHANABAD,1998,Rabi,Barley,681,639,0.938325991
Bihar,JEHANABAD,1998,Rabi,Gram,2104,1786,0.848859316
Bihar,JEHANABAD,1998,Rabi,Linseed,616,388,0.62987013
Bihar,JEHANABAD,1998,Rabi,Maize,464,1384,2.982758621
Bihar,JEHANABAD,1998,Rabi,Other  Rabi pulses,18614,23581,1.266842162
Bihar,JEHANABAD,1998,Rabi,Rapeseed &Mustard,716,763,1.065642458
Bihar,JEHANABAD,1998,Rabi,Wheat,42421,103444,2.438509229
Bihar,JEHANABAD,1998,Summer,Maize,204,475,2.328431373
Bihar,JEHANABAD,1998,Summer,Rice,121,270,2.231404959
Bihar,JEHANABAD,1998,Whole Year,Coriander,15,9,0.6
Bihar,JEHANABAD,1998,Whole Year,Dry chillies,22,18,0.818181818
Bihar,JEHANABAD,1998,Whole Year,Dry ginger,2,3,1.5
Bihar,JEHANABAD,1998,Whole Year,Garlic,8,12,1.5
Bihar,JEHANABAD,1998,Whole Year,Onion,231,1261,5.458874459
Bihar,JEHANABAD,1998,Whole Year,Potato,1858,18832,10.13562971
Bihar,JEHANABAD,1998,Whole Year,Sannhamp,3,1,0.333333333
Bihar,JEHANABAD,1998,Whole Year,Sugarcane,330,17137,51.93030303
Bihar,JEHANABAD,1998,Winter,Rice,87698,154640,1.763324135
Bihar,JEHANABAD,1999,Kharif,Arhar/Tur,170,179,1.052941176
Bihar,JEHANABAD,1999,Kharif,Horse-gram,36,28,0.777777778
Bihar,JEHANABAD,1999,Kharif,Jowar,819,1085,1.324786325
Bihar,JEHANABAD,1999,Kharif,Maize,9,12,1.333333333
Bihar,JEHANABAD,1999,Kharif,Ragi,1,1,1
Bihar,JEHANABAD,1999,Kharif,Rice,3,3,1
Bihar,JEHANABAD,1999,Kharif,Sesamum,13,7,0.538461538
Bihar,JEHANABAD,1999,Kharif,Sunflower,19,11,0.578947368
Bihar,JEHANABAD,1999,Kharif,Urad,12,9,0.75
Bihar,JEHANABAD,1999,Rabi,Gram,3113,3191,1.025056216
Bihar,JEHANABAD,1999,Rabi,Khesari,12960,13258,1.022993827
Bihar,JEHANABAD,1999,Rabi,Linseed,293,164,0.559726962
Bihar,JEHANABAD,1999,Rabi,Maize,291,876,3.010309278
Bihar,JEHANABAD,1999,Rabi,Masoor,7770,8500,1.093951094
Bihar,JEHANABAD,1999,Rabi,Peas & beans (Pulses),1857,1328,0.715131933
Bihar,JEHANABAD,1999,Rabi,Rapeseed &Mustard,633,603,0.952606635
Bihar,JEHANABAD,1999,Rabi,Wheat,38028,77884,2.048069843
Bihar,JEHANABAD,1999,Summer,Maize,181,435,2.403314917
Bihar,JEHANABAD,1999,Summer,Rice,52,66,1.269230769
Bihar,JEHANABAD,1999,Whole Year,Coriander,30,16,0.533333333
Bihar,JEHANABAD,1999,Whole Year,Dry chillies,68,61,0.897058824
Bihar,JEHANABAD,1999,Whole Year,Garlic,16,23,1.4375
Bihar,JEHANABAD,1999,Whole Year,Onion,148,1814,12.25675676
Bihar,JEHANABAD,1999,Whole Year,Potato,1793,11183,6.237032906
Bihar,JEHANABAD,1999,Whole Year,Sugarcane,338,14279,42.24556213
Bihar,JEHANABAD,1999,Whole Year,Sweet potato,1,14,14
Bihar,JEHANABAD,1999,Whole Year,Tobacco,4,4,1
Bihar,JEHANABAD,2000,Autumn,Rice,86255,134076,1.554414237
Bihar,JEHANABAD,2000,Kharif,Arhar/Tur,243,185,0.761316872
Bihar,JEHANABAD,2000,Kharif,Horse-gram,36,28,0.777777778
Bihar,JEHANABAD,2000,Kharif,Maize,284,212,0.746478873
Bihar,JEHANABAD,2000,Kharif,Moong(Green Gram),21,10,0.476190476
Bihar,JEHANABAD,2000,Kharif,Other Kharif pulses,1,0,0
Bihar,JEHANABAD,2000,Kharif,Ragi,23,85,3.695652174
Bihar,JEHANABAD,2000,Kharif,Rice,3,4,1.333333333
Bihar,JEHANABAD,2000,Kharif,Sesamum,31,17,0.548387097
Bihar,JEHANABAD,2000,Kharif,Sunflower,61,102,1.672131148
Bihar,JEHANABAD,2000,Kharif,Urad,42,24,0.571428571
Bihar,JEHANABAD,2000,Rabi,Barley,703,766,1.089615932
Bihar,JEHANABAD,2000,Rabi,Gram,2707,2103,0.776874769
Bihar,JEHANABAD,2000,Rabi,Khesari,12785,10343,0.808994916
Bihar,JEHANABAD,2000,Rabi,Linseed,367,232,0.632152589
Bihar,JEHANABAD,2000,Rabi,Maize,243,710,2.9218107
Bihar,JEHANABAD,2000,Rabi,Masoor,8104,8112,1.000987167
Bihar,JEHANABAD,2000,Rabi,Moong(Green Gram),14,8,0.571428571
Bihar,JEHANABAD,2000,Rabi,Peas & beans (Pulses),1783,1721,0.965227145
Bihar,JEHANABAD,2000,Rabi,Rapeseed &Mustard,366,412,1.12568306
Bihar,JEHANABAD,2000,Rabi,Wheat,35570,66411,1.867050886
Bihar,JEHANABAD,2000,Summer,Maize,290,789,2.720689655
Bihar,JEHANABAD,2000,Summer,Rice,37,53,1.432432432
Bihar,JEHANABAD,2000,Whole Year,Coriander,20,12,0.6
Bihar,JEHANABAD,2000,Whole Year,Dry chillies,61,65,1.06557377
Bihar,JEHANABAD,2000,Whole Year,Garlic,17,25,1.470588235
Bihar,JEHANABAD,2000,Whole Year,Onion,191,1643,8.602094241
Bihar,JEHANABAD,2000,Whole Year,Potato,1927,15149,7.861442657
Bihar,JEHANABAD,2000,Whole Year,Sugarcane,341,15350,45.01466276
Bihar,JEHANABAD,2000,Whole Year,Sweet potato,1,12,12
Bihar,JEHANABAD,2000,Whole Year,Tobacco,4,5,1.25
Bihar,JEHANABAD,2001,Autumn,Maize,673,6807,10.11441308
Bihar,JEHANABAD,2001,Autumn,Rice,84038,163470,1.945191461
Bihar,JEHANABAD,2001,Kharif,Arhar/Tur,408,469,1.149509804
Bihar,JEHANABAD,2001,Kharif,Groundnut,11,6,0.545454545
Bihar,JEHANABAD,2001,Kharif,Horse-gram,50,40,0.8
Bihar,JEHANABAD,2001,Kharif,Moong(Green Gram),32,22,0.6875
Bihar,JEHANABAD,2001,Kharif,Other Kharif pulses,1,1,1
Bihar,JEHANABAD,2001,Kharif,Ragi,53,47,0.886792453
Bihar,JEHANABAD,2001,Kharif,Rice,2,3,1.5
Bihar,JEHANABAD,2001,Kharif,Sesamum,13,8,0.615384615
Bihar,JEHANABAD,2001,Kharif,Sunflower,92,107,1.163043478
Bihar,JEHANABAD,2001,Kharif,Urad,29,19,0.655172414
Bihar,JEHANABAD,2001,Rabi,Barley,457,527,1.153172867
Bihar,JEHANABAD,2001,Rabi,Gram,2647,2499,0.944087646
Bihar,JEHANABAD,2001,Rabi,Khesari,12644,9154,0.723979753
Bihar,JEHANABAD,2001,Rabi,Linseed,469,333,0.710021322
Bihar,JEHANABAD,2001,Rabi,Maize,178,591,3.320224719
Bihar,JEHANABAD,2001,Rabi,Masoor,7223,6125,0.847985602
Bihar,JEHANABAD,2001,Rabi,Other  Rabi pulses,93,65,0.698924731
Bihar,JEHANABAD,2001,Rabi,Peas & beans (Pulses),1026,1010,0.984405458
Bihar,JEHANABAD,2001,Rabi,Rapeseed &Mustard,451,466,1.033259424
Bihar,JEHANABAD,2001,Rabi,Wheat,36250,77882,2.148468966
Bihar,JEHANABAD,2001,Summer,Maize,362,900,2.486187845
Bihar,JEHANABAD,2001,Summer,Rice,3,3,1
Bihar,JEHANABAD,2001,Whole Year,Coriander,26,15,0.576923077
Bihar,JEHANABAD,2001,Whole Year,Dry chillies,14,14,1
Bihar,JEHANABAD,2001,Whole Year,Garlic,18,26,1.444444444
Bihar,JEHANABAD,2001,Whole Year,Onion,202,2266,11.21782178
Bihar,JEHANABAD,2001,Whole Year,Potato,2506,19513,7.78651237
Bihar,JEHANABAD,2001,Whole Year,Sugarcane,460,20466,44.49130435
Bihar,JEHANABAD,2001,Whole Year,Sweet potato,2,18,9
Bihar,JEHANABAD,2001,Whole Year,Tobacco,4,8,2
Bihar,JEHANABAD,2001,Whole Year,Turmeric,1,1,1
Bihar,JEHANABAD,2002,Autumn,Maize,705,813,1.153191489
Bihar,JEHANABAD,2002,Autumn,Rice,177,194,1.096045198
Bihar,JEHANABAD,2002,Kharif,Arhar/Tur,231,278,1.203463203
Bihar,JEHANABAD,2002,Kharif,Bajra,1,1,1
Bihar,JEHANABAD,2002,Kharif,Jowar,1,1,1
Bihar,JEHANABAD,2002,Kharif,Moong(Green Gram),95,35,0.368421053
Bihar,JEHANABAD,2002,Kharif,Ragi,169,116,0.686390533
Bihar,JEHANABAD,2002,Kharif,Sesamum,36,31,0.861111111
Bihar,JEHANABAD,2002,Kharif,Sunflower,49,62,1.265306122
Bihar,JEHANABAD,2002,Kharif,Urad,62,46,0.741935484
Bihar,JEHANABAD,2002,Rabi,Barley,1212,1116,0.920792079
Bihar,JEHANABAD,2002,Rabi,Gram,2846,4095,1.43886156
Bihar,JEHANABAD,2002,Rabi,Khesari,10750,6267,0.582976744
Bihar,JEHANABAD,2002,Rabi,Linseed,317,241,0.760252366
Bihar,JEHANABAD,2002,Rabi,Maize,219,572,2.611872146
Bihar,JEHANABAD,2002,Rabi,Masoor,7329,8795,1.200027289
Bihar,JEHANABAD,2002,Rabi,Other  Rabi pulses,100,71,0.71
Bihar,JEHANABAD,2002,Rabi,Peas & beans (Pulses),961,858,0.892819979
Bihar,JEHANABAD,2002,Rabi,Rapeseed &Mustard,397,384,0.967254408
Bihar,JEHANABAD,2002,Rabi,Wheat,34230,80656,2.356295647
Bihar,JEHANABAD,2002,Summer,Maize,249,684,2.746987952
Bihar,JEHANABAD,2002,Summer,Moong(Green Gram),22,13,0.590909091
Bihar,JEHANABAD,2002,Summer,Rice,2,3,1.5
Bihar,JEHANABAD,2002,Whole Year,Coriander,33,21,0.636363636
Bihar,JEHANABAD,2002,Whole Year,Dry chillies,17,11,0.647058824
Bihar,JEHANABAD,2002,Whole Year,Garlic,17,25,1.470588235
Bihar,JEHANABAD,2002,Whole Year,Onion,250,1170,4.68
Bihar,JEHANABAD,2002,Whole Year,Potato,1840,16904,9.186956522
Bihar,JEHANABAD,2002,Whole Year,Sugarcane,382,17628,46.14659686
Bihar,JEHANABAD,2002,Whole Year,Sweet potato,11,128,11.63636364
Bihar,JEHANABAD,2002,Winter,Rice,61161,100482,1.642909697
Bihar,JEHANABAD,2003,Kharif,Arhar/Tur,411,558,1.357664234
Bihar,JEHANABAD,2003,Kharif,Bajra,1,1,1
Bihar,JEHANABAD,2003,Kharif,Castor seed,2,2,1
Bihar,JEHANABAD,2003,Kharif,Dry ginger,1,2,2
Bihar,JEHANABAD,2003,Kharif,Groundnut,1,0,0
Bihar,JEHANABAD,2003,Kharif,Jowar,1,1,1
Bihar,JEHANABAD,2003,Kharif,Maize,354,605,1.709039548
Bihar,JEHANABAD,2003,Kharif,Moong(Green Gram),21,13,0.619047619
Bihar,JEHANABAD,2003,Kharif,Other Kharif pulses,5,3,0.6
Bihar,JEHANABAD,2003,Kharif,Ragi,36,24,0.666666667
Bihar,JEHANABAD,2003,Kharif,Sesamum,6,3,0.5
Bihar,JEHANABAD,2003,Kharif,Sunflower,43,59,1.372093023
Bihar,JEHANABAD,2003,Kharif,Urad,23,17,0.739130435
Bihar,JEHANABAD,2003,Rabi,Barley,195,200,1.025641026
Bihar,JEHANABAD,2003,Rabi,Gram,977,1113,1.139201638
Bihar,JEHANABAD,2003,Rabi,Khesari,5390,4193,0.777922078
Bihar,JEHANABAD,2003,Rabi,Linseed,314,246,0.78343949
Bihar,JEHANABAD,2003,Rabi,Maize,139,421,3.028776978
Bihar,JEHANABAD,2003,Rabi,Masoor,4516,3970,0.879096546
Bihar,JEHANABAD,2003,Rabi,Peas & beans (Pulses),217,203,0.935483871
Bihar,JEHANABAD,2003,Rabi,Rapeseed &Mustard,383,342,0.892950392
Bihar,JEHANABAD,2003,Rabi,Wheat,19220,47494,2.4710718
Bihar,JEHANABAD,2003,Summer,Maize,185,516,2.789189189
Bihar,JEHANABAD,2003,Summer,Moong(Green Gram),64,31,0.484375
Bihar,JEHANABAD,2003,Whole Year,Coriander,23,16,0.695652174
Bihar,JEHANABAD,2003,Whole Year,Dry chillies,18,12,0.666666667
Bihar,JEHANABAD,2003,Whole Year,Garlic,10,15,1.5
Bihar,JEHANABAD,2003,Whole Year,Onion,219,1673,7.639269406
Bihar,JEHANABAD,2003,Whole Year,Potato,1518,17228,11.34914361
Bihar,JEHANABAD,2003,Whole Year,Sannhamp,9,6,0.666666667
Bihar,JEHANABAD,2003,Whole Year,Sugarcane,136,5783,42.52205882
Bihar,JEHANABAD,2003,Whole Year,Sweet potato,10,116,11.6
Bihar,JEHANABAD,2003,Whole Year,Turmeric,3,3,1
Bihar,JEHANABAD,2003,Winter,Rice,44571,80925,1.815642458
Bihar,JEHANABAD,2004,Kharif,Arhar/Tur,122,124,1.016393443
Bihar,JEHANABAD,2004,Kharif,Groundnut,4,2,0.5
Bihar,JEHANABAD,2004,Kharif,Maize,353,470,1.331444759
Bihar,JEHANABAD,2004,Kharif,Moong(Green Gram),47,13,0.276595745
Bihar,JEHANABAD,2004,Kharif,Other Kharif pulses,7,3,0.428571429
Bihar,JEHANABAD,2004,Kharif,Ragi,69,47,0.68115942
Bihar,JEHANABAD,2004,Kharif,Sesamum,10,5,0.5
Bihar,JEHANABAD,2004,Kharif,Sunflower,23,34,1.47826087
Bihar,JEHANABAD,2004,Kharif,Urad,46,34,0.739130435
Bihar,JEHANABAD,2004,Rabi,Barley,215,126,0.586046512
Bihar,JEHANABAD,2004,Rabi,Gram,1829,1295,0.708037179
Bihar,JEHANABAD,2004,Rabi,Khesari,6775,4248,0.62701107
Bihar,JEHANABAD,2004,Rabi,Linseed,195,164,0.841025641
Bihar,JEHANABAD,2004,Rabi,Maize,168,520,3.095238095
Bihar,JEHANABAD,2004,Rabi,Masoor,6260,3430,0.547923323
Bihar,JEHANABAD,2004,Rabi,Peas & beans (Pulses),179,158,0.882681564
Bihar,JEHANABAD,2004,Rabi,Rapeseed &Mustard,170,156,0.917647059
Bihar,JEHANABAD,2004,Rabi,Wheat,22710,43974,1.936327609
Bihar,JEHANABAD,2004,Summer,Maize,158,493,3.120253165
Bihar,JEHANABAD,2004,Summer,Moong(Green Gram),48,26,0.541666667
Bihar,JEHANABAD,2004,Whole Year,Coriander,28,18,0.642857143
Bihar,JEHANABAD,2004,Whole Year,Dry chillies,24,17,0.708333333
Bihar,JEHANABAD,2004,Whole Year,Garlic,6,9,1.5
Bihar,JEHANABAD,2004,Whole Year,Onion,100,724,7.24
Bihar,JEHANABAD,2004,Whole Year,Potato,1205,7778,6.454771784
Bihar,JEHANABAD,2004,Whole Year,Sannhamp,18,14,0.777777778
Bihar,JEHANABAD,2004,Whole Year,Sugarcane,157,5645,35.95541401
Bihar,JEHANABAD,2004,Whole Year,Sweet potato,1,14,14
Bihar,JEHANABAD,2004,Winter,Rice,34334,13230,0.385332324
Bihar,JEHANABAD,2005,Kharif,Arhar/Tur,255,381,1.494117647
Bihar,JEHANABAD,2005,Kharif,Groundnut,213,105,0.492957746
Bihar,JEHANABAD,2005,Kharif,Horse-gram,10,9,0.9
Bihar,JEHANABAD,2005,Kharif,Jowar,7,7,1
Bihar,JEHANABAD,2005,Kharif,Maize,308,330,1.071428571
Bihar,JEHANABAD,2005,Kharif,Moong(Green Gram),39,25,0.641025641
Bihar,JEHANABAD,2005,Kharif,Other Kharif pulses,1,,
Bihar,JEHANABAD,2005,Kharif,Ragi,52,47,0.903846154
Bihar,JEHANABAD,2005,Kharif,Sesamum,12,13,1.083333333
Bihar,JEHANABAD,2005,Kharif,Sunflower,55,77,1.4
Bihar,JEHANABAD,2005,Kharif,Urad,10,8,0.8
Bihar,JEHANABAD,2005,Rabi,Barley,295,253,0.857627119
Bihar,JEHANABAD,2005,Rabi,Gram,1914,1520,0.79414838
Bihar,JEHANABAD,2005,Rabi,Khesari,4066,2570,0.632070831
Bihar,JEHANABAD,2005,Rabi,Linseed,201,172,0.855721393
Bihar,JEHANABAD,2005,Rabi,Maize,134,408,3.044776119
Bihar,JEHANABAD,2005,Rabi,Masoor,4793,3791,0.790945128
Bihar,JEHANABAD,2005,Rabi,Peas & beans (Pulses),236,217,0.919491525
Bihar,JEHANABAD,2005,Rabi,Rapeseed &Mustard,207,252,1.217391304
Bihar,JEHANABAD,2005,Rabi,Wheat,20714,30539,1.474316887
Bihar,JEHANABAD,2005,Summer,Maize,148,362,2.445945946
Bihar,JEHANABAD,2005,Summer,Moong(Green Gram),43,25,0.581395349
Bihar,JEHANABAD,2005,Whole Year,Coriander,23,19,0.826086957
Bihar,JEHANABAD,2005,Whole Year,Dry chillies,30,29,0.966666667
Bihar,JEHANABAD,2005,Whole Year,Garlic,24,35,1.458333333
Bihar,JEHANABAD,2005,Whole Year,Onion,115,845,7.347826087
Bihar,JEHANABAD,2005,Whole Year,Potato,1608,9599,5.969527363
Bihar,JEHANABAD,2005,Whole Year,Sannhamp,52,42,0.807692308
Bihar,JEHANABAD,2005,Whole Year,Sugarcane,262,6892,26.30534351
Bihar,JEHANABAD,2005,Whole Year,Turmeric,1,1,1
Bihar,JEHANABAD,2005,Winter,Rice,46362,41425,0.893511928
Bihar,JEHANABAD,2006,Kharif,Arhar/Tur,452,466,1.030973451
Bihar,JEHANABAD,2006,Kharif,Jute,4,41,10.25
Bihar,JEHANABAD,2006,Kharif,Maize,690,959,1.389855072
Bihar,JEHANABAD,2006,Kharif,Mesta,4,34,8.5
Bihar,JEHANABAD,2006,Kharif,Moong(Green Gram),65,45,0.692307692
Bihar,JEHANABAD,2006,Kharif,Ragi,90,79,0.877777778
Bihar,JEHANABAD,2006,Kharif,Sannhamp,29,24,0.827586207
Bihar,JEHANABAD,2006,Kharif,Sesamum,54,42,0.777777778
Bihar,JEHANABAD,2006,Kharif,Urad,77,60,0.779220779
Bihar,JEHANABAD,2006,Rabi,Barley,330,394,1.193939394
Bihar,JEHANABAD,2006,Rabi,Gram,2517,2870,1.140246325
Bihar,JEHANABAD,2006,Rabi,Khesari,8428,7992,0.948267679
Bihar,JEHANABAD,2006,Rabi,Linseed,254,216,0.850393701
Bihar,JEHANABAD,2006,Rabi,Maize,195,705,3.615384615
Bihar,JEHANABAD,2006,Rabi,Masoor,9165,9203,1.004146208
Bihar,JEHANABAD,2006,Rabi,Peas & beans (Pulses),1854,1724,0.929881338
Bihar,JEHANABAD,2006,Rabi,Rapeseed &Mustard,524,739,1.410305344
Bihar,JEHANABAD,2006,Rabi,Sunflower,49,67,1.367346939
Bihar,JEHANABAD,2006,Rabi,Wheat,32803,72142,2.199250069
Bihar,JEHANABAD,2006,Summer,Maize,395,1403,3.551898734
Bihar,JEHANABAD,2006,Summer,Moong(Green Gram),59,31,0.525423729
Bihar,JEHANABAD,2006,Summer,Rice,7,9,1.285714286
Bihar,JEHANABAD,2006,Winter,Rice,84713,156034,1.841913284
Bihar,JEHANABAD,2007,Autumn,Maize,1192,1510,1.266778523
Bihar,JEHANABAD,2007,Kharif,Arhar/Tur,200,273,1.365
Bihar,JEHANABAD,2007,Kharif,Groundnut,178,128,0.719101124
Bihar,JEHANABAD,2007,Kharif,Jowar,7,8,1.142857143
Bihar,JEHANABAD,2007,Kharif,Mesta,2,19,9.5
Bihar,JEHANABAD,2007,Kharif,Moong(Green Gram),14,12,0.857142857
Bihar,JEHANABAD,2007,Kharif,Ragi,156,94,0.602564103
Bihar,JEHANABAD,2007,Kharif,Sannhamp,25,111.11,4.4444
Bihar,JEHANABAD,2007,Kharif,Sesamum,12,10,0.833333333
Bihar,JEHANABAD,2007,Kharif,Urad,24,19,0.791666667
Bihar,JEHANABAD,2007,Rabi,Barley,266,275,1.033834586
Bihar,JEHANABAD,2007,Rabi,Gram,1854,1845,0.995145631
Bihar,JEHANABAD,2007,Rabi,Khesari,4902,3794,0.773969808
Bihar,JEHANABAD,2007,Rabi,Linseed,60,50,0.833333333
Bihar,JEHANABAD,2007,Rabi,Maize,60,240,4
Bihar,JEHANABAD,2007,Rabi,Masoor,4159,3747,0.900937725
Bihar,JEHANABAD,2007,Rabi,Peas & beans (Pulses),419,451,1.076372315
Bihar,JEHANABAD,2007,Rabi,Rapeseed &Mustard,255,278,1.090196078
Bihar,JEHANABAD,2007,Rabi,Sunflower,14,20,1.428571429
Bihar,JEHANABAD,2007,Rabi,Wheat,28075,66322,2.362315227
Bihar,JEHANABAD,2007,Summer,Maize,187,665,3.556149733
Bihar,JEHANABAD,2007,Summer,Moong(Green Gram),69,41,0.594202899
Bihar,JEHANABAD,2007,Summer,Rice,2,2,1
Bihar,JEHANABAD,2007,Whole Year,Coriander,19,14,0.736842105
Bihar,JEHANABAD,2007,Whole Year,Dry chillies,4,5,1.25
Bihar,JEHANABAD,2007,Whole Year,Garlic,4,6,1.5
Bihar,JEHANABAD,2007,Whole Year,Onion,104,904,8.692307692
Bihar,JEHANABAD,2007,Whole Year,Potato,1271,6269,4.932336743
Bihar,JEHANABAD,2007,Whole Year,Sugarcane,304,11271,37.07565789
Bihar,JEHANABAD,2007,Winter,Rice,52706,91399,1.734128942
Bihar,JEHANABAD,2008,Autumn,Maize,561,645,1.14973262
Bihar,JEHANABAD,2008,Kharif,Arhar/Tur,130,128,0.984615385
Bihar,JEHANABAD,2008,Kharif,Moong(Green Gram),12,8,0.666666667
Bihar,JEHANABAD,2008,Kharif,Potato,870,6525,7.5
Bihar,JEHANABAD,2008,Kharif,Ragi,64,52,0.8125
Bihar,JEHANABAD,2008,Kharif,Sannhamp,2,11.11,5.555
Bihar,JEHANABAD,2008,Kharif,Sesamum,3,2,0.666666667
Bihar,JEHANABAD,2008,Kharif,Urad,7,2,0.285714286
Bihar,JEHANABAD,2008,Rabi,Barley,94,69,0.734042553
Bihar,JEHANABAD,2008,Rabi,Gram,2151,1837,0.854021385
Bihar,JEHANABAD,2008,Rabi,Khesari,6502,5689,0.87496155
Bihar,JEHANABAD,2008,Rabi,Linseed,104,88,0.846153846
Bihar,JEHANABAD,2008,Rabi,Maize,37,130,3.513513514
Bihar,JEHANABAD,2008,Rabi,Masoor,6091,4775,0.783943523
Bihar,JEHANABAD,2008,Rabi,Peas & beans (Pulses),930,895,0.962365591
Bihar,JEHANABAD,2008,Rabi,Potato,291,1763,6.058419244
Bihar,JEHANABAD,2008,Rabi,Rapeseed &Mustard,201,230,1.144278607
Bihar,JEHANABAD,2008,Rabi,Sunflower,14,20,1.428571429
Bihar,JEHANABAD,2008,Rabi,Sweet potato,2,29,14.5
Bihar,JEHANABAD,2008,Rabi,Wheat,32754,72287,2.206967088
Bihar,JEHANABAD,2008,Summer,Maize,193,626,3.243523316
Bihar,JEHANABAD,2008,Summer,Moong(Green Gram),48,32,0.666666667
Bihar,JEHANABAD,2008,Whole Year,Garlic,2,3,1.5
Bihar,JEHANABAD,2008,Whole Year,Onion,130,894,6.876923077
Bihar,JEHANABAD,2008,Whole Year,Sugarcane,215,7525,35
Bihar,JEHANABAD,2008,Whole Year,Turmeric,1,1,1
Bihar,JEHANABAD,2008,Winter,Rice,57835,145344,2.513080315
Bihar,JEHANABAD,2009,Autumn,Maize,538,783,1.455390335
Bihar,JEHANABAD,2009,Kharif,Arhar/Tur,138,197,1.427536232
Bihar,JEHANABAD,2009,Kharif,Moong(Green Gram),16,11,0.6875
Bihar,JEHANABAD,2009,Kharif,Other Kharif pulses,2,2,1
Bihar,JEHANABAD,2009,Kharif,Ragi,64,51,0.796875
Bihar,JEHANABAD,2009,Kharif,Sannhamp,2,2,1
Bihar,JEHANABAD,2009,Kharif,Urad,7,7,1
Bihar,JEHANABAD,2009,Rabi,Barley,93,749,8.053763441
Bihar,JEHANABAD,2009,Rabi,Gram,1998,2340,1.171171171
Bihar,JEHANABAD,2009,Rabi,Khesari,6568,5241,0.797959805
Bihar,JEHANABAD,2009,Rabi,Linseed,101,85,0.841584158
Bihar,JEHANABAD,2009,Rabi,Maize,40,104,2.6
Bihar,JEHANABAD,2009,Rabi,Masoor,6342,6164,0.971933144
Bihar,JEHANABAD,2009,Rabi,Peas & beans (Pulses),928,929,1.001077586
Bihar,JEHANABAD,2009,Rabi,Rapeseed &Mustard,184,149,0.809782609
Bihar,JEHANABAD,2009,Rabi,Sunflower,12,17,1.416666667
Bihar,JEHANABAD,2009,Rabi,Wheat,33410,63843,1.910894942
Bihar,JEHANABAD,2009,Summer,Maize,190,590,3.105263158
Bihar,JEHANABAD,2009,Summer,Moong(Green Gram),109,50,0.458715596
Bihar,JEHANABAD,2009,Whole Year,Sugarcane,216,10536,48.77777778
Bihar,JEHANABAD,2009,Winter,Rice,11333,19179,1.69231448
Bihar,JEHANABAD,2010,Autumn,Maize,518,938,1.810810811
Bihar,JEHANABAD,2010,Kharif,Arhar/Tur,145,166,1.144827586
Bihar,JEHANABAD,2010,Kharif,Mesta,1,8,8
Bihar,JEHANABAD,2010,Kharif,Moong(Green Gram),15,10,0.666666667
Bihar,JEHANABAD,2010,Kharif,Other Kharif pulses,2,2,1
Bihar,JEHANABAD,2010,Kharif,Ragi,51,50,0.980392157
Bihar,JEHANABAD,2010,Kharif,Sesamum,3,2,0.666666667
Bihar,JEHANABAD,2010,Rabi,Barley,88,80,0.909090909
Bihar,JEHANABAD,2010,Rabi,Gram,1905,1817,0.953805774
Bihar,JEHANABAD,2010,Rabi,Khesari,6667,6460,0.968951552
Bihar,JEHANABAD,2010,Rabi,Linseed,102,83,0.81372549
Bihar,JEHANABAD,2010,Rabi,Maize,51,198,3.882352941
Bihar,JEHANABAD,2010,Rabi,Masoor,6538,5923,0.905934537
Bihar,JEHANABAD,2010,Rabi,Peas & beans (Pulses),890,921,1.034831461
Bihar,JEHANABAD,2010,Rabi,Rapeseed &Mustard,181,201,1.110497238
Bihar,JEHANABAD,2010,Rabi,Wheat,34044,67143,1.972241805
Bihar,JEHANABAD,2010,Summer,Maize,197,769,3.903553299
Bihar,JEHANABAD,2010,Summer,Moong(Green Gram),110,66,0.6
Bihar,JEHANABAD,2010,Whole Year,Sugarcane,202,17522,86.74257426
Bihar,JEHANABAD,2010,Winter,Rice,11502,15067,1.309946096
Bihar,JEHANABAD,2011,Autumn,Maize,1015,2063,2.032512315
Bihar,JEHANABAD,2011,Kharif,Arhar/Tur,156,231,1.480769231
Bihar,JEHANABAD,2011,Kharif,Horse-gram,1,1,1
Bihar,JEHANABAD,2011,Kharif,Moong(Green Gram),176,155,0.880681818
Bihar,JEHANABAD,2011,Kharif,Ragi,197,239,1.21319797
Bihar,JEHANABAD,2011,Kharif,Sesamum,121,106,0.876033058
Bihar,JEHANABAD,2011,Kharif,Urad,154,141,0.915584416
Bihar,JEHANABAD,2011,Rabi,Barley,108,98,0.907407407
Bihar,JEHANABAD,2011,Rabi,Gram,1962,2023,1.031090724
Bihar,JEHANABAD,2011,Rabi,Khesari,6706,6324,0.943036087
Bihar,JEHANABAD,2011,Rabi,Linseed,107,93,0.869158879
Bihar,JEHANABAD,2011,Rabi,Maize,56,257,4.589285714
Bihar,JEHANABAD,2011,Rabi,Masoor,6588,6937,1.052975106
Bihar,JEHANABAD,2011,Rabi,Peas & beans (Pulses),976,1006,1.030737705
Bihar,JEHANABAD,2011,Rabi,Rapeseed &Mustard,186,233,1.252688172
Bihar,JEHANABAD,2011,Rabi,Sunflower,3,4,1.333333333
Bihar,JEHANABAD,2011,Rabi,Wheat,34810,128275,3.685004309
Bihar,JEHANABAD,2011,Summer,Maize,215,974,4.530232558
Bihar,JEHANABAD,2011,Summer,Moong(Green Gram),119,63,0.529411765
Bihar,JEHANABAD,2011,Winter,Rice,53698,151552,2.822302507
Bihar,JEHANABAD,2012,Autumn,Maize,1027,3608,3.513145083
Bihar,JEHANABAD,2012,Kharif,Arhar/Tur,161,243,1.50931677
Bihar,JEHANABAD,2012,Kharif,Horse-gram,1,1,1
Bihar,JEHANABAD,2012,Kharif,Moong(Green Gram),184,188,1.02173913
Bihar,JEHANABAD,2012,Kharif,Other Kharif pulses,281,211,0.75088968
Bihar,JEHANABAD,2012,Kharif,Ragi,202,239,1.183168317
Bihar,JEHANABAD,2012,Kharif,Sannhamp,169,137,0.810650888
Bihar,JEHANABAD,2012,Kharif,Sesamum,123,108,0.87804878
Bihar,JEHANABAD,2012,Kharif,Urad,160,146,0.9125
Bihar,JEHANABAD,2012,Rabi,Barley,114,153,1.342105263
Bihar,JEHANABAD,2012,Rabi,Gram,2003,2960,1.477783325
Bihar,JEHANABAD,2012,Rabi,Khesari,6776,8897,1.313016529
Bihar,JEHANABAD,2012,Rabi,Linseed,114,99,0.868421053
Bihar,JEHANABAD,2012,Rabi,Maize,67,219,3.268656716
Bihar,JEHANABAD,2012,Rabi,Masoor,6753,9191,1.36102473
Bihar,JEHANABAD,2012,Rabi,Peas & beans (Pulses),1014,1056,1.041420118
Bihar,JEHANABAD,2012,Rabi,Rapeseed &Mustard,200,237,1.185
Bihar,JEHANABAD,2012,Rabi,Sunflower,4,6,1.5
Bihar,JEHANABAD,2012,Rabi,Wheat,35343,119700,3.386809269
Bihar,JEHANABAD,2012,Summer,Maize,216,1299,6.013888889
Bihar,JEHANABAD,2012,Summer,Moong(Green Gram),122,107,0.87704918
Bihar,JEHANABAD,2012,Whole Year,Sugarcane,195,11790,60.46153846
Bihar,JEHANABAD,2012,Winter,Rice,54368,207869,3.823370365
Bihar,JEHANABAD,2013,Autumn,Maize,1115,3069,2.752466368
Bihar,JEHANABAD,2013,Kharif,Arhar/Tur,160,206,1.2875
Bihar,JEHANABAD,2013,Kharif,Horse-gram,1,1,1
Bihar,JEHANABAD,2013,Kharif,Moong(Green Gram),167,163,0.976047904
Bihar,JEHANABAD,2013,Kharif,Other Kharif pulses,291,219,0.75257732
Bihar,JEHANABAD,2013,Kharif,Ragi,209,212,1.014354067
Bihar,JEHANABAD,2013,Kharif,Sannhamp,183,147,0.803278689
Bihar,JEHANABAD,2013,Kharif,Sesamum,135,117,0.866666667
Bihar,JEHANABAD,2013,Kharif,Urad,165,151,0.915151515
Bihar,JEHANABAD,2013,Rabi,Barley,114,129,1.131578947
Bihar,JEHANABAD,2013,Rabi,Gram,2017,2295,1.137828458
Bihar,JEHANABAD,2013,Rabi,Khesari,6928,7004,1.010969977
Bihar,JEHANABAD,2013,Rabi,Linseed,119,101,0.848739496
Bihar,JEHANABAD,2013,Rabi,Maize,60,273,4.55
Bihar,JEHANABAD,2013,Rabi,Masoor,6679,10252,1.534960323
Bihar,JEHANABAD,2013,Rabi,Peas & beans (Pulses),994,746,0.750503018
Bihar,JEHANABAD,2013,Rabi,Rapeseed &Mustard,200,455,2.275
Bihar,JEHANABAD,2013,Rabi,Sunflower,4,6,1.5
Bihar,JEHANABAD,2013,Rabi,Wheat,23656,67566,2.856188705
Bihar,JEHANABAD,2013,Summer,Maize,224,1080,4.821428571
Bihar,JEHANABAD,2013,Summer,Moong(Green Gram),126,153,1.214285714
Bihar,JEHANABAD,2013,Whole Year,Sugarcane,210,5194,24.73333333
Bihar,JEHANABAD,2013,Winter,Rice,42526,118972,2.797629685
Bihar,JEHANABAD,2014,Autumn,Maize,178,412,2.314606742
Bihar,JEHANABAD,2014,Kharif,Arhar/Tur,148,231,1.560810811
Bihar,JEHANABAD,2014,Kharif,Mesta,2,27,13.5
Bihar,JEHANABAD,2014,Kharif,Moong(Green Gram),15,13,0.866666667
Bihar,JEHANABAD,2014,Kharif,Ragi,9,13,1.444444444
Bihar,JEHANABAD,2014,Kharif,Sannhamp,5,4,0.8
Bihar,JEHANABAD,2014,Kharif,Urad,1,1,1
Bihar,JEHANABAD,2014,Rabi,Barley,104,115,1.105769231
Bihar,JEHANABAD,2014,Rabi,Gram,2043,2811,1.375917768
Bihar,JEHANABAD,2014,Rabi,Khesari,6176,7868,1.273963731
Bihar,JEHANABAD,2014,Rabi,Linseed,107,92,0.859813084
Bihar,JEHANABAD,2014,Rabi,Maize,54,196,3.62962963
Bihar,JEHANABAD,2014,Rabi,Masoor,6152,6127,0.995936281
Bihar,JEHANABAD,2014,Rabi,Peas & beans (Pulses),897,906,1.010033445
Bihar,JEHANABAD,2014,Rabi,Rapeseed &Mustard,192,190,0.989583333
Bihar,JEHANABAD,2014,Rabi,Sunflower,3,4,1.333333333
Bihar,JEHANABAD,2014,Rabi,Wheat,23385,66850,2.858670088
Bihar,JEHANABAD,2014,Summer,Maize,219,922,4.210045662
Bihar,JEHANABAD,2014,Summer,Moong(Green Gram),121,70,0.578512397
Bihar,JEHANABAD,2014,Whole Year,Sugarcane,18,2039,113.2777778
Bihar,JEHANABAD,2014,Winter,Rice,35877,118140,3.292917468
Bihar,KAIMUR (BHABUA),1997,Autumn,Rice,367,395,1.076294278
Bihar,KAIMUR (BHABUA),1997,Kharif,Arhar/Tur,1342,2114,1.575260805
Bihar,KAIMUR (BHABUA),1997,Kharif,Bajra,190,118,0.621052632
Bihar,KAIMUR (BHABUA),1997,Kharif,Jowar,67,56,0.835820896
Bihar,KAIMUR (BHABUA),1997,Kharif,Maize,263,134,0.509505703
Bihar,KAIMUR (BHABUA),1997,Kharif,Other Kharif pulses,62,31,0.5
Bihar,KAIMUR (BHABUA),1997,Kharif,Sesamum,122,73,0.598360656
Bihar,KAIMUR (BHABUA),1997,Kharif,Small millets,399,444,1.112781955
Bihar,KAIMUR (BHABUA),1997,Rabi,Barley,1003,1103,1.099700897
Bihar,KAIMUR (BHABUA),1997,Rabi,Gram,8473,6278,0.740941815
Bihar,KAIMUR (BHABUA),1997,Rabi,Linseed,3337,2473,0.741084807
Bihar,KAIMUR (BHABUA),1997,Rabi,Other  Rabi pulses,142,94,0.661971831
Bihar,KAIMUR (BHABUA),1997,Rabi,Rapeseed &Mustard,1716,494,0.287878788
Bihar,KAIMUR (BHABUA),1997,Rabi,Safflower,9,7,0.777777778
Bihar,KAIMUR (BHABUA),1997,Rabi,Tobacco,16,11,0.6875
Bihar,KAIMUR (BHABUA),1997,Rabi,Wheat,65746,142102,2.161378639
Bihar,KAIMUR (BHABUA),1997,Summer,Maize,12,23,1.916666667
Bihar,KAIMUR (BHABUA),1997,Whole Year,Coriander,122,63,0.516393443
Bihar,KAIMUR (BHABUA),1997,Whole Year,Dry chillies,38,32,0.842105263
Bihar,KAIMUR (BHABUA),1997,Whole Year,Garlic,2,3,1.5
Bihar,KAIMUR (BHABUA),1997,Whole Year,Onion,50,395,7.9
Bihar,KAIMUR (BHABUA),1997,Whole Year,Potato,620,6412,10.34193548
Bihar,KAIMUR (BHABUA),1997,Whole Year,Ragi,110,97,0.881818182
Bihar,KAIMUR (BHABUA),1997,Whole Year,Sannhamp,33,17,0.515151515
Bihar,KAIMUR (BHABUA),1997,Whole Year,Sugarcane,1024,51855,50.63964844
Bihar,KAIMUR (BHABUA),1997,Whole Year,Sweet potato,3,40,13.33333333
Bihar,KAIMUR (BHABUA),1997,Whole Year,Turmeric,14,15,1.071428571
Bihar,KAIMUR (BHABUA),1997,Winter,Rice,108363,216228,1.995404335
Bihar,KAIMUR (BHABUA),1998,Kharif,Arhar/Tur,1305,2061,1.579310345
Bihar,KAIMUR (BHABUA),1998,Kharif,Bajra,185,109,0.589189189
Bihar,KAIMUR (BHABUA),1998,Kharif,Blackgram,147,128,0.870748299
Bihar,KAIMUR (BHABUA),1998,Kharif,Jowar,67,74,1.104477612
Bihar,KAIMUR (BHABUA),1998,Kharif,Maize,240,446,1.858333333
Bihar,KAIMUR (BHABUA),1998,Kharif,Mesta,27,168,6.222222222
Bihar,KAIMUR (BHABUA),1998,Kharif,Other Kharif pulses,548,317,0.578467153
Bihar,KAIMUR (BHABUA),1998,Kharif,Ragi,116,99,0.853448276
Bihar,KAIMUR (BHABUA),1998,Kharif,Sesamum,104,64,0.615384615
Bihar,KAIMUR (BHABUA),1998,Kharif,Small millets,366,190,0.519125683
Bihar,KAIMUR (BHABUA),1998,Kharif,Sunflower,7,6,0.857142857
Bihar,KAIMUR (BHABUA),1998,Rabi,Barley,1112,1006,0.904676259
Bihar,KAIMUR (BHABUA),1998,Rabi,Gram,8460,11438,1.352009456
Bihar,KAIMUR (BHABUA),1998,Rabi,Linseed,3783,1869,0.494052339
Bihar,KAIMUR (BHABUA),1998,Rabi,Other  Rabi pulses,15069,13208,0.876501427
Bihar,KAIMUR (BHABUA),1998,Rabi,Rapeseed &Mustard,1825,1270,0.695890411
Bihar,KAIMUR (BHABUA),1998,Rabi,Safflower,7,6,0.857142857
Bihar,KAIMUR (BHABUA),1998,Rabi,Wheat,63164,150192,2.377810145
Bihar,KAIMUR (BHABUA),1998,Summer,Maize,11,24,2.181818182
Bihar,KAIMUR (BHABUA),1998,Whole Year,Coriander,91,56,0.615384615
Bihar,KAIMUR (BHABUA),1998,Whole Year,Dry chillies,36,45,1.25
Bihar,KAIMUR (BHABUA),1998,Whole Year,Garlic,2,3,1.5
Bihar,KAIMUR (BHABUA),1998,Whole Year,Onion,63,551,8.746031746
Bihar,KAIMUR (BHABUA),1998,Whole Year,Potato,584,7370,12.61986301
Bihar,KAIMUR (BHABUA),1998,Whole Year,Sugarcane,889,19504,21.93925759
Bihar,KAIMUR (BHABUA),1998,Whole Year,Sweet potato,3,32,10.66666667
Bihar,KAIMUR (BHABUA),1998,Whole Year,Tobacco,15,11,0.733333333
Bihar,KAIMUR (BHABUA),1998,Whole Year,Turmeric,13,14,1.076923077
Bihar,KAIMUR (BHABUA),1998,Winter,Rice,105981,252765,2.385002972
Bihar,KAIMUR (BHABUA),1999,Kharif,Arhar/Tur,1535,1253,0.816286645
Bihar,KAIMUR (BHABUA),1999,Kharif,Bajra,185,113,0.610810811
Bihar,KAIMUR (BHABUA),1999,Kharif,Jowar,1118,1482,1.325581395
Bihar,KAIMUR (BHABUA),1999,Kharif,Maize,274,610,2.226277372
Bihar,KAIMUR (BHABUA),1999,Kharif,Moong(Green Gram),91,48,0.527472527
Bihar,KAIMUR (BHABUA),1999,Kharif,Ragi,104,102,0.980769231
Bihar,KAIMUR (BHABUA),1999,Kharif,Rice,400,426,1.065
Bihar,KAIMUR (BHABUA),1999,Kharif,Sesamum,77,39,0.506493506
Bihar,KAIMUR (BHABUA),1999,Kharif,Sunflower,10,18,1.8
Bihar,KAIMUR (BHABUA),1999,Kharif,Urad,157,114,0.72611465
Bihar,KAIMUR (BHABUA),1999,Rabi,Gram,8528,9807,1.149976548
Bihar,KAIMUR (BHABUA),1999,Rabi,Khesari,7013,7090,1.010979609
Bihar,KAIMUR (BHABUA),1999,Rabi,Linseed,3935,2042,0.518932656
Bihar,KAIMUR (BHABUA),1999,Rabi,Masoor,7447,11044,1.483013294
Bihar,KAIMUR (BHABUA),1999,Rabi,Moong(Green Gram),22,9,0.409090909
Bihar,KAIMUR (BHABUA),1999,Rabi,Peas & beans (Pulses),707,481,0.680339463
Bihar,KAIMUR (BHABUA),1999,Rabi,Rapeseed &Mustard,1858,814,0.43810549
Bihar,KAIMUR (BHABUA),1999,Rabi,Wheat,65340,166590,2.549586777
Bihar,KAIMUR (BHABUA),1999,Summer,Maize,12,28,2.333333333
Bihar,KAIMUR (BHABUA),1999,Whole Year,Coriander,96,50,0.520833333
Bihar,KAIMUR (BHABUA),1999,Whole Year,Dry chillies,37,53,1.432432432
Bihar,KAIMUR (BHABUA),1999,Whole Year,Garlic,1,1,1
Bihar,KAIMUR (BHABUA),1999,Whole Year,Onion,93,1699,18.2688172
Bihar,KAIMUR (BHABUA),1999,Whole Year,Potato,610,6716,11.00983607
Bihar,KAIMUR (BHABUA),1999,Whole Year,Sugarcane,1406,30554,21.7311522
Bihar,KAIMUR (BHABUA),1999,Whole Year,Sweet potato,2,27,13.5
Bihar,KAIMUR (BHABUA),1999,Whole Year,Tobacco,16,16,1
Bihar,KAIMUR (BHABUA),1999,Whole Year,Turmeric,16,17,1.0625
Bihar,KAIMUR (BHABUA),2000,Autumn,Rice,99126,192768,1.944676472
Bihar,KAIMUR (BHABUA),2000,Kharif,Arhar/Tur,2010,1966,0.978109453
Bihar,KAIMUR (BHABUA),2000,Kharif,Bajra,145,127,0.875862069
Bihar,KAIMUR (BHABUA),2000,Kharif,Jowar,63,58,0.920634921
Bihar,KAIMUR (BHABUA),2000,Kharif,Maize,266,580,2.180451128
Bihar,KAIMUR (BHABUA),2000,Kharif,Moong(Green Gram),99,46,0.464646465
Bihar,KAIMUR (BHABUA),2000,Kharif,Ragi,106,116,1.094339623
Bihar,KAIMUR (BHABUA),2000,Kharif,Rice,374,461,1.232620321
Bihar,KAIMUR (BHABUA),2000,Kharif,Sesamum,77,44,0.571428571
Bihar,KAIMUR (BHABUA),2000,Kharif,Small millets,196,121,0.617346939
Bihar,KAIMUR (BHABUA),2000,Kharif,Urad,149,95,0.637583893
Bihar,KAIMUR (BHABUA),2000,Rabi,Barley,951,990,1.041009464
Bihar,KAIMUR (BHABUA),2000,Rabi,Gram,6171,6301,1.021066278
Bihar,KAIMUR (BHABUA),2000,Rabi,Khesari,7267,6875,0.94605752
Bihar,KAIMUR (BHABUA),2000,Rabi,Linseed,2174,1804,0.829806808
Bihar,KAIMUR (BHABUA),2000,Rabi,Masoor,5554,5732,1.032048974
Bihar,KAIMUR (BHABUA),2000,Rabi,Moong(Green Gram),17,10,0.588235294
Bihar,KAIMUR (BHABUA),2000,Rabi,Peas & beans (Pulses),933,898,0.962486602
Bihar,KAIMUR (BHABUA),2000,Rabi,Rapeseed &Mustard,1120,775,0.691964286
Bihar,KAIMUR (BHABUA),2000,Rabi,Wheat,66012,162507,2.461779676
Bihar,KAIMUR (BHABUA),2000,Summer,Maize,9,26,2.888888889
Bihar,KAIMUR (BHABUA),2000,Whole Year,Banana,5,105,21
Bihar,KAIMUR (BHABUA),2000,Whole Year,Coriander,91,53,0.582417582
Bihar,KAIMUR (BHABUA),2000,Whole Year,Dry chillies,53,96,1.811320755
Bihar,KAIMUR (BHABUA),2000,Whole Year,Garlic,1,1,1
Bihar,KAIMUR (BHABUA),2000,Whole Year,Onion,97,1216,12.53608247
Bihar,KAIMUR (BHABUA),2000,Whole Year,Potato,1134,12440,10.97001764
Bihar,KAIMUR (BHABUA),2000,Whole Year,Sugarcane,1143,26384,23.08311461
Bihar,KAIMUR (BHABUA),2000,Whole Year,Tobacco,16,19,1.1875
Bihar,KAIMUR (BHABUA),2001,Autumn,Maize,269,452,1.680297398
Bihar,KAIMUR (BHABUA),2001,Autumn,Rice,108386,271151,2.501716089
Bihar,KAIMUR (BHABUA),2001,Kharif,Arhar/Tur,2024,1826,0.902173913
Bihar,KAIMUR (BHABUA),2001,Kharif,Bajra,157,113,0.719745223
Bihar,KAIMUR (BHABUA),2001,Kharif,Jowar,134,141,1.052238806
Bihar,KAIMUR (BHABUA),2001,Kharif,Ragi,83,73,0.879518072
Bihar,KAIMUR (BHABUA),2001,Kharif,Sesamum,76,63,0.828947368
Bihar,KAIMUR (BHABUA),2001,Kharif,Sunflower,7,10,1.428571429
Bihar,KAIMUR (BHABUA),2001,Kharif,Urad,94,64,0.680851064
Bihar,KAIMUR (BHABUA),2001,Rabi,Barley,1123,1280,1.139804096
Bihar,KAIMUR (BHABUA),2001,Rabi,Gram,7079,7136,1.008051985
Bihar,KAIMUR (BHABUA),2001,Rabi,Khesari,5539,4930,0.890052356
Bihar,KAIMUR (BHABUA),2001,Rabi,Linseed,2870,2382,0.829965157
Bihar,KAIMUR (BHABUA),2001,Rabi,Masoor,5706,5929,1.039081668
Bihar,KAIMUR (BHABUA),2001,Rabi,Peas & beans (Pulses),1041,1024,0.983669549
Bihar,KAIMUR (BHABUA),2001,Rabi,Rapeseed &Mustard,1244,867,0.696945338
Bihar,KAIMUR (BHABUA),2001,Rabi,Wheat,69409,175141,2.523318302
Bihar,KAIMUR (BHABUA),2001,Summer,Maize,32,66,2.0625
Bihar,KAIMUR (BHABUA),2001,Summer,Rice,287,327,1.139372822
Bihar,KAIMUR (BHABUA),2001,Whole Year,Coriander,146,85,0.582191781
Bihar,KAIMUR (BHABUA),2001,Whole Year,Dry chillies,37,55,1.486486486
Bihar,KAIMUR (BHABUA),2001,Whole Year,Onion,78,825,10.57692308
Bihar,KAIMUR (BHABUA),2001,Whole Year,Potato,1105,16034,14.51040724
Bihar,KAIMUR (BHABUA),2001,Whole Year,Sugarcane,1013,36951,36.47680158
Bihar,KAIMUR (BHABUA),2002,Autumn,Maize,383,601,1.569190601
Bihar,KAIMUR (BHABUA),2002,Autumn,Rice,129,141,1.093023256
Bihar,KAIMUR (BHABUA),2002,Kharif,Arhar/Tur,2108,2049,0.972011385
Bihar,KAIMUR (BHABUA),2002,Kharif,Horse-gram,3,2,0.666666667
Bihar,KAIMUR (BHABUA),2002,Kharif,Jowar,120,121,1.008333333
Bihar,KAIMUR (BHABUA),2002,Kharif,Moong(Green Gram),105,63,0.6
Bihar,KAIMUR (BHABUA),2002,Kharif,Other Kharif pulses,136,75,0.551470588
Bihar,KAIMUR (BHABUA),2002,Kharif,Ragi,45,31,0.688888889
Bihar,KAIMUR (BHABUA),2002,Kharif,Sesamum,235,178,0.757446809
Bihar,KAIMUR (BHABUA),2002,Kharif,Small millets,161,119,0.739130435
Bihar,KAIMUR (BHABUA),2002,Kharif,Urad,147,128,0.870748299
Bihar,KAIMUR (BHABUA),2002,Rabi,Barley,1886,2897,1.536055143
Bihar,KAIMUR (BHABUA),2002,Rabi,Gram,6563,7876,1.200060948
Bihar,KAIMUR (BHABUA),2002,Rabi,Khesari,4037,4981,1.233837008
Bihar,KAIMUR (BHABUA),2002,Rabi,Linseed,2602,2160,0.830130669
Bihar,KAIMUR (BHABUA),2002,Rabi,Maize,1,2,2
Bihar,KAIMUR (BHABUA),2002,Rabi,Masoor,5640,5555,0.984929078
Bihar,KAIMUR (BHABUA),2002,Rabi,Peas & beans (Pulses),914,841,0.920131291
Bihar,KAIMUR (BHABUA),2002,Rabi,Rapeseed &Mustard,1300,867,0.666923077
Bihar,KAIMUR (BHABUA),2002,Rabi,Wheat,60977,162476,2.664545648
Bihar,KAIMUR (BHABUA),2002,Summer,Maize,25,71,2.84
Bihar,KAIMUR (BHABUA),2002,Whole Year,Coriander,51,33,0.647058824
Bihar,KAIMUR (BHABUA),2002,Whole Year,Dry chillies,29,17,0.586206897
Bihar,KAIMUR (BHABUA),2002,Whole Year,Garlic,10,15,1.5
Bihar,KAIMUR (BHABUA),2002,Whole Year,Onion,167,1610,9.640718563
Bihar,KAIMUR (BHABUA),2002,Whole Year,Potato,990,15008,15.15959596
Bihar,KAIMUR (BHABUA),2002,Whole Year,Sannhamp,14,10,0.714285714
Bihar,KAIMUR (BHABUA),2002,Whole Year,Sugarcane,331,13604,41.09969789
Bihar,KAIMUR (BHABUA),2002,Winter,Rice,93964,246742,2.625920565
Bihar,KAIMUR (BHABUA),2003,Autumn,Rice,150,181,1.206666667
Bihar,KAIMUR (BHABUA),2003,Kharif,Arhar/Tur,2106,1697,0.805792972
Bihar,KAIMUR (BHABUA),2003,Kharif,Jowar,119,120,1.008403361
Bihar,KAIMUR (BHABUA),2003,Kharif,Maize,332,408,1.228915663
Bihar,KAIMUR (BHABUA),2003,Kharif,Moong(Green Gram),53,31,0.58490566
Bihar,KAIMUR (BHABUA),2003,Kharif,Other Kharif pulses,180,97,0.538888889
Bihar,KAIMUR (BHABUA),2003,Kharif,Ragi,79,53,0.670886076
Bihar,KAIMUR (BHABUA),2003,Kharif,Sesamum,176,154,0.875
Bihar,KAIMUR (BHABUA),2003,Kharif,Small millets,169,125,0.73964497
Bihar,KAIMUR (BHABUA),2003,Kharif,Urad,217,154,0.709677419
Bihar,KAIMUR (BHABUA),2003,Rabi,Barley,1151,1485,1.29018245
Bihar,KAIMUR (BHABUA),2003,Rabi,Gram,6990,8710,1.246065808
Bihar,KAIMUR (BHABUA),2003,Rabi,Khesari,4921,4857,0.986994513
Bihar,KAIMUR (BHABUA),2003,Rabi,Linseed,2602,2053,0.789008455
Bihar,KAIMUR (BHABUA),2003,Rabi,Maize,197,513,2.604060914
Bihar,KAIMUR (BHABUA),2003,Rabi,Masoor,6188,6615,1.069004525
Bihar,KAIMUR (BHABUA),2003,Rabi,Peas & beans (Pulses),968,1116,1.152892562
Bihar,KAIMUR (BHABUA),2003,Rabi,Rapeseed &Mustard,1430,1108,0.774825175
Bihar,KAIMUR (BHABUA),2003,Rabi,Wheat,63927,144491,2.260249973
Bihar,KAIMUR (BHABUA),2003,Summer,Maize,25,67,2.68
Bihar,KAIMUR (BHABUA),2003,Whole Year,Coriander,49,34,0.693877551
Bihar,KAIMUR (BHABUA),2003,Whole Year,Dry chillies,28,28,1
Bihar,KAIMUR (BHABUA),2003,Whole Year,Garlic,9,14,1.555555556
Bihar,KAIMUR (BHABUA),2003,Whole Year,Onion,174,2225,12.78735632
Bihar,KAIMUR (BHABUA),2003,Whole Year,Potato,1146,14343,12.51570681
Bihar,KAIMUR (BHABUA),2003,Whole Year,Sugarcane,418,14751,35.28947368
Bihar,KAIMUR (BHABUA),2003,Winter,Rice,109797,341697,3.112079565
Bihar,KAIMUR (BHABUA),2004,Autumn,Rice,122,108,0.885245902
Bihar,KAIMUR (BHABUA),2004,Kharif,Arhar/Tur,3917,3737,0.954046464
Bihar,KAIMUR (BHABUA),2004,Kharif,Jowar,109,110,1.009174312
Bihar,KAIMUR (BHABUA),2004,Kharif,Maize,338,436,1.289940828
Bihar,KAIMUR (BHABUA),2004,Kharif,Moong(Green Gram),80,38,0.475
Bihar,KAIMUR (BHABUA),2004,Kharif,Other Kharif pulses,63,35,0.555555556
Bihar,KAIMUR (BHABUA),2004,Kharif,Ragi,57,38,0.666666667
Bihar,KAIMUR (BHABUA),2004,Kharif,Sesamum,209,184,0.880382775
Bihar,KAIMUR (BHABUA),2004,Kharif,Small millets,69,51,0.739130435
Bihar,KAIMUR (BHABUA),2004,Kharif,Urad,161,124,0.770186335
Bihar,KAIMUR (BHABUA),2004,Rabi,Barley,1132,1138,1.005300353
Bihar,KAIMUR (BHABUA),2004,Rabi,Gram,6652,5388,0.80998196
Bihar,KAIMUR (BHABUA),2004,Rabi,Khesari,3340,2565,0.767964072
Bihar,KAIMUR (BHABUA),2004,Rabi,Linseed,1249,1142,0.914331465
Bihar,KAIMUR (BHABUA),2004,Rabi,Maize,5,25,5
Bihar,KAIMUR (BHABUA),2004,Rabi,Masoor,5686,4139,0.727928245
Bihar,KAIMUR (BHABUA),2004,Rabi,Peas & beans (Pulses),729,703,0.964334705
Bihar,KAIMUR (BHABUA),2004,Rabi,Rapeseed &Mustard,1283,906,0.706157443
Bihar,KAIMUR (BHABUA),2004,Rabi,Wheat,64511,105395,1.633752383
Bihar,KAIMUR (BHABUA),2004,Summer,Maize,24,82,3.416666667
Bihar,KAIMUR (BHABUA),2004,Whole Year,Coriander,13,9,0.692307692
Bihar,KAIMUR (BHABUA),2004,Whole Year,Dry chillies,24,13,0.541666667
Bihar,KAIMUR (BHABUA),2004,Whole Year,Onion,175,1654,9.451428571
Bihar,KAIMUR (BHABUA),2004,Whole Year,Potato,987,8614,8.72745694
Bihar,KAIMUR (BHABUA),2004,Whole Year,Sugarcane,359,15046,41.91086351
Bihar,KAIMUR (BHABUA),2004,Winter,Rice,95185,137737,1.447045228
Bihar,KAIMUR (BHABUA),2005,Autumn,Rice,15,17,1.133333333
Bihar,KAIMUR (BHABUA),2005,Kharif,Arhar/Tur,640,731,1.1421875
Bihar,KAIMUR (BHABUA),2005,Kharif,Bajra,143,151,1.055944056
Bihar,KAIMUR (BHABUA),2005,Kharif,Horse-gram,40,36,0.9
Bihar,KAIMUR (BHABUA),2005,Kharif,Jowar,143,144,1.006993007
Bihar,KAIMUR (BHABUA),2005,Kharif,Maize,498,701,1.407630522
Bihar,KAIMUR (BHABUA),2005,Kharif,Moong(Green Gram),70,43,0.614285714
Bihar,KAIMUR (BHABUA),2005,Kharif,Other Kharif pulses,93,52,0.559139785
Bihar,KAIMUR (BHABUA),2005,Kharif,Ragi,43,39,0.906976744
Bihar,KAIMUR (BHABUA),2005,Kharif,Sesamum,177,180,1.016949153
Bihar,KAIMUR (BHABUA),2005,Kharif,Small millets,73,54,0.739726027
Bihar,KAIMUR (BHABUA),2005,Kharif,Urad,207,208,1.004830918
Bihar,KAIMUR (BHABUA),2005,Rabi,Barley,1012,1187,1.172924901
Bihar,KAIMUR (BHABUA),2005,Rabi,Gram,4587,4656,1.015042511
Bihar,KAIMUR (BHABUA),2005,Rabi,Khesari,4136,2982,0.72098646
Bihar,KAIMUR (BHABUA),2005,Rabi,Linseed,2271,1937,0.852928225
Bihar,KAIMUR (BHABUA),2005,Rabi,Masoor,5846,5162,0.882996921
Bihar,KAIMUR (BHABUA),2005,Rabi,Peas & beans (Pulses),1196,1093,0.913879599
Bihar,KAIMUR (BHABUA),2005,Rabi,Rapeseed &Mustard,1484,1146,0.772237197
Bihar,KAIMUR (BHABUA),2005,Rabi,Wheat,65727,132221,2.011669481
Bihar,KAIMUR (BHABUA),2005,Summer,Maize,26,62,2.384615385
Bihar,KAIMUR (BHABUA),2005,Whole Year,Coriander,2,2,1
Bihar,KAIMUR (BHABUA),2005,Whole Year,Onion,184,1571,8.538043478
Bihar,KAIMUR (BHABUA),2005,Whole Year,Potato,739,7803,10.55886333
Bihar,KAIMUR (BHABUA),2005,Whole Year,Sannhamp,2,1,0.5
Bihar,KAIMUR (BHABUA),2005,Whole Year,Sugarcane,285,12001,42.10877193
Bihar,KAIMUR (BHABUA),2005,Winter,Rice,108086,225392,2.085302444
Bihar,KAIMUR (BHABUA),2006,Kharif,Arhar/Tur,2696,2793,1.035979228
Bihar,KAIMUR (BHABUA),2006,Kharif,Maize,356,470,1.320224719
Bihar,KAIMUR (BHABUA),2006,Kharif,Moong(Green Gram),43,25,0.581395349
Bihar,KAIMUR (BHABUA),2006,Kharif,Ragi,42,37,0.880952381
Bihar,KAIMUR (BHABUA),2006,Kharif,Sesamum,182,164,0.901098901
Bihar,KAIMUR (BHABUA),2006,Kharif,Urad,119,92,0.773109244
Bihar,KAIMUR (BHABUA),2006,Rabi,Barley,907,1400,1.543550165
Bihar,KAIMUR (BHABUA),2006,Rabi,Gram,8937,6435,0.720040282
Bihar,KAIMUR (BHABUA),2006,Rabi,Khesari,3660,1706,0.466120219
Bihar,KAIMUR (BHABUA),2006,Rabi,Linseed,2233,1905,0.853112405
Bihar,KAIMUR (BHABUA),2006,Rabi,Masoor,5224,3119,0.597052067
Bihar,KAIMUR (BHABUA),2006,Rabi,Peas & beans (Pulses),1062,984,0.926553672
Bihar,KAIMUR (BHABUA),2006,Rabi,Rapeseed &Mustard,2176,1832,0.841911765
Bihar,KAIMUR (BHABUA),2006,Rabi,Wheat,61071,131927,2.160223347
Bihar,KAIMUR (BHABUA),2006,Winter,Rice,133136,310928,2.335416416
Bihar,KAIMUR (BHABUA),2007,Autumn,Maize,380,195,0.513157895
Bihar,KAIMUR (BHABUA),2007,Autumn,Rice,82,58,0.707317073
Bihar,KAIMUR (BHABUA),2007,Kharif,Arhar/Tur,1362,1889,1.386930984
Bihar,KAIMUR (BHABUA),2007,Kharif,Moong(Green Gram),55,32,0.581818182
Bihar,KAIMUR (BHABUA),2007,Kharif,Other Kharif pulses,6,4,0.666666667
Bihar,KAIMUR (BHABUA),2007,Kharif,Ragi,3,2,0.666666667
Bihar,KAIMUR (BHABUA),2007,Kharif,Sesamum,190,160,0.842105263
Bihar,KAIMUR (BHABUA),2007,Kharif,Small millets,5,4,0.8
Bihar,KAIMUR (BHABUA),2007,Kharif,Urad,115,102,0.886956522
Bihar,KAIMUR (BHABUA),2007,Rabi,Barley,633,699,1.104265403
Bihar,KAIMUR (BHABUA),2007,Rabi,Gram,7383,5035,0.681972098
Bihar,KAIMUR (BHABUA),2007,Rabi,Khesari,4249,3735,0.87903036
Bihar,KAIMUR (BHABUA),2007,Rabi,Linseed,2323,1982,0.85320706
Bihar,KAIMUR (BHABUA),2007,Rabi,Masoor,4751,3582,0.753946538
Bihar,KAIMUR (BHABUA),2007,Rabi,Peas & beans (Pulses),671,622,0.926974665
Bihar,KAIMUR (BHABUA),2007,Rabi,Rapeseed &Mustard,1381,949,0.687183201
Bihar,KAIMUR (BHABUA),2007,Rabi,Wheat,64891,137395,2.117319813
Bihar,KAIMUR (BHABUA),2007,Whole Year,Onion,169,1685,9.970414201
Bihar,KAIMUR (BHABUA),2007,Whole Year,Potato,820,6299,7.681707317
Bihar,KAIMUR (BHABUA),2007,Whole Year,Sugarcane,320,8651,27.034375
Bihar,KAIMUR (BHABUA),2007,Winter,Rice,133060,318882,2.396527882
Bihar,KAIMUR (BHABUA),2008,Autumn,Maize,85,47,0.552941176
Bihar,KAIMUR (BHABUA),2008,Autumn,Rice,530,707,1.333962264
Bihar,KAIMUR (BHABUA),2008,Kharif,Arhar/Tur,1618,2455,1.517305315
Bihar,KAIMUR (BHABUA),2008,Kharif,Moong(Green Gram),28,16,0.571428571
Bihar,KAIMUR (BHABUA),2008,Kharif,Potato,131,1015,7.748091603
Bihar,KAIMUR (BHABUA),2008,Kharif,Sesamum,59,55,0.93220339
Bihar,KAIMUR (BHABUA),2008,Kharif,Urad,18,15,0.833333333
Bihar,KAIMUR (BHABUA),2008,Rabi,Barley,1053,960,0.911680912
Bihar,KAIMUR (BHABUA),2008,Rabi,Gram,7737,5385,0.696006204
Bihar,KAIMUR (BHABUA),2008,Rabi,Khesari,3687,2957,0.802007052
Bihar,KAIMUR (BHABUA),2008,Rabi,Linseed,2012,1716,0.852882704
Bihar,KAIMUR (BHABUA),2008,Rabi,Masoor,4657,3032,0.651062916
Bihar,KAIMUR (BHABUA),2008,Rabi,Peas & beans (Pulses),1196,1151,0.962374582
Bihar,KAIMUR (BHABUA),2008,Rabi,Potato,1054,6398,6.070208729
Bihar,KAIMUR (BHABUA),2008,Rabi,Rapeseed &Mustard,1654,1315,0.795042322
Bihar,KAIMUR (BHABUA),2008,Rabi,Wheat,58520,125813,2.149914559
Bihar,KAIMUR (BHABUA),2008,Whole Year,Garlic,2,3,1.5
Bihar,KAIMUR (BHABUA),2008,Whole Year,Onion,353,4017,11.3796034
Bihar,KAIMUR (BHABUA),2008,Whole Year,Sugarcane,472,20766,43.99576271
Bihar,KAIMUR (BHABUA),2008,Winter,Rice,135952,266528,1.960456632
Bihar,KAIMUR (BHABUA),2009,Autumn,Maize,79,83,1.050632911
Bihar,KAIMUR (BHABUA),2009,Autumn,Rice,703,668,0.950213371
Bihar,KAIMUR (BHABUA),2009,Kharif,Arhar/Tur,1974,3020,1.529888551
Bihar,KAIMUR (BHABUA),2009,Kharif,Moong(Green Gram),35,23,0.657142857
Bihar,KAIMUR (BHABUA),2009,Kharif,Urad,26,26,1
Bihar,KAIMUR (BHABUA),2009,Rabi,Barley,788,750,0.95177665
Bihar,KAIMUR (BHABUA),2009,Rabi,Gram,6378,4197,0.658043274
Bihar,KAIMUR (BHABUA),2009,Rabi,Khesari,3032,1916,0.631926121
Bihar,KAIMUR (BHABUA),2009,Rabi,Linseed,1356,1147,0.845870206
Bihar,KAIMUR (BHABUA),2009,Rabi,Masoor,4777,2584,0.540925267
Bihar,KAIMUR (BHABUA),2009,Rabi,Peas & beans (Pulses),997,998,1.001003009
Bihar,KAIMUR (BHABUA),2009,Rabi,Rapeseed &Mustard,1413,1494,1.057324841
Bihar,KAIMUR (BHABUA),2009,Rabi,Wheat,68351,160869,2.353572003
Bihar,KAIMUR (BHABUA),2009,Summer,Moong(Green Gram),5,2,0.4
Bihar,KAIMUR (BHABUA),2009,Whole Year,Sugarcane,365,10286,28.18082192
Bihar,KAIMUR (BHABUA),2009,Winter,Rice,80977,89046,1.099645578
Bihar,KAIMUR (BHABUA),2010,Autumn,Maize,225,252,1.12
Bihar,KAIMUR (BHABUA),2010,Autumn,Rice,213,221,1.037558685
Bihar,KAIMUR (BHABUA),2010,Kharif,Arhar/Tur,1937,2904,1.499225607
Bihar,KAIMUR (BHABUA),2010,Kharif,Moong(Green Gram),8,5,0.625
Bihar,KAIMUR (BHABUA),2010,Kharif,Other Kharif pulses,7,5,0.714285714
Bihar,KAIMUR (BHABUA),2010,Kharif,Sesamum,3,2,0.666666667
Bihar,KAIMUR (BHABUA),2010,Kharif,Small millets,6,5,0.833333333
Bihar,KAIMUR (BHABUA),2010,Kharif,Urad,20,17,0.85
Bihar,KAIMUR (BHABUA),2010,Rabi,Barley,964,1118,1.159751037
Bihar,KAIMUR (BHABUA),2010,Rabi,Gram,6716,5688,0.846932698
Bihar,KAIMUR (BHABUA),2010,Rabi,Khesari,2971,2552,0.858970044
Bihar,KAIMUR (BHABUA),2010,Rabi,Linseed,1342,1098,0.818181818
Bihar,KAIMUR (BHABUA),2010,Rabi,Masoor,4811,3810,0.791935149
Bihar,KAIMUR (BHABUA),2010,Rabi,Peas & beans (Pulses),626,648,1.03514377
Bihar,KAIMUR (BHABUA),2010,Rabi,Rapeseed &Mustard,1313,1355,1.031987814
Bihar,KAIMUR (BHABUA),2010,Rabi,Wheat,69459,167720,2.414661887
Bihar,KAIMUR (BHABUA),2010,Summer,Moong(Green Gram),5,3,0.6
Bihar,KAIMUR (BHABUA),2010,Whole Year,Sugarcane,317,7848,24.75709779
Bihar,KAIMUR (BHABUA),2010,Winter,Rice,94628,171037,1.807467134
Bihar,KAIMUR (BHABUA),2011,Autumn,Maize,215,476,2.213953488
Bihar,KAIMUR (BHABUA),2011,Kharif,Arhar/Tur,1533,2361,1.540117417
Bihar,KAIMUR (BHABUA),2011,Kharif,Moong(Green Gram),4,2,0.5
Bihar,KAIMUR (BHABUA),2011,Kharif,Other Kharif pulses,11,8,0.727272727
Bihar,KAIMUR (BHABUA),2011,Kharif,Sesamum,5,4,0.8
Bihar,KAIMUR (BHABUA),2011,Kharif,Urad,13,12,0.923076923
Bihar,KAIMUR (BHABUA),2011,Rabi,Barley,530,659,1.243396226
Bihar,KAIMUR (BHABUA),2011,Rabi,Gram,6615,6172,0.93303099
Bihar,KAIMUR (BHABUA),2011,Rabi,Khesari,2407,2003,0.832156211
Bihar,KAIMUR (BHABUA),2011,Rabi,Linseed,1178,1019,0.865025467
Bihar,KAIMUR (BHABUA),2011,Rabi,Masoor,4919,5101,1.03699939
Bihar,KAIMUR (BHABUA),2011,Rabi,Peas & beans (Pulses),610,629,1.031147541
Bihar,KAIMUR (BHABUA),2011,Rabi,Rapeseed &Mustard,1341,1456,1.085756898
Bihar,KAIMUR (BHABUA),2011,Rabi,Wheat,69015,207544,3.007230312
Bihar,KAIMUR (BHABUA),2011,Summer,Maize,24,110,4.583333333
Bihar,KAIMUR (BHABUA),2011,Summer,Moong(Green Gram),81,49,0.604938272
Bihar,KAIMUR (BHABUA),2011,Winter,Rice,110903,387340,3.492601643
Bihar,KAIMUR (BHABUA),2012,Autumn,Maize,424,923,2.176886792
Bihar,KAIMUR (BHABUA),2012,Kharif,Arhar/Tur,1800,3472,1.928888889
Bihar,KAIMUR (BHABUA),2012,Kharif,Moong(Green Gram),9,8,0.888888889
Bihar,KAIMUR (BHABUA),2012,Kharif,Urad,1,1,1
Bihar,KAIMUR (BHABUA),2012,Rabi,Barley,1390,2018,1.451798561
Bihar,KAIMUR (BHABUA),2012,Rabi,Gram,4453,4818,1.081967213
Bihar,KAIMUR (BHABUA),2012,Rabi,Khesari,1746,1636,0.936998855
Bihar,KAIMUR (BHABUA),2012,Rabi,Linseed,1104,957,0.866847826
Bihar,KAIMUR (BHABUA),2012,Rabi,Masoor,4975,6418,1.290050251
Bihar,KAIMUR (BHABUA),2012,Rabi,Peas & beans (Pulses),577,601,1.041594454
Bihar,KAIMUR (BHABUA),2012,Rabi,Rapeseed &Mustard,1622,1645,1.014180025
Bihar,KAIMUR (BHABUA),2012,Rabi,Wheat,81719,203507,2.490326607
Bihar,KAIMUR (BHABUA),2012,Summer,Maize,35,220,6.285714286
Bihar,KAIMUR (BHABUA),2012,Summer,Moong(Green Gram),118,74,0.627118644
Bihar,KAIMUR (BHABUA),2012,Whole Year,Sugarcane,297,14533,48.93265993
Bihar,KAIMUR (BHABUA),2012,Winter,Rice,102114,393863,3.857091094
Bihar,KAIMUR (BHABUA),2013,Autumn,Maize,383,984,2.569190601
Bihar,KAIMUR (BHABUA),2013,Kharif,Arhar/Tur,1791,2919,1.629815745
Bihar,KAIMUR (BHABUA),2013,Kharif,Moong(Green Gram),6,5,0.833333333
Bihar,KAIMUR (BHABUA),2013,Kharif,Urad,6,5,0.833333333
Bihar,KAIMUR (BHABUA),2013,Rabi,Barley,1319,2013,1.526156179
Bihar,KAIMUR (BHABUA),2013,Rabi,Gram,4590,3677,0.801089325
Bihar,KAIMUR (BHABUA),2013,Rabi,Khesari,1156,1169,1.011245675
Bihar,KAIMUR (BHABUA),2013,Rabi,Linseed,1668,1418,0.850119904
Bihar,KAIMUR (BHABUA),2013,Rabi,Masoor,4667,3561,0.763016927
Bihar,KAIMUR (BHABUA),2013,Rabi,Peas & beans (Pulses),732,915,1.25
Bihar,KAIMUR (BHABUA),2013,Rabi,Rapeseed &Mustard,1747,1700,0.973096737
Bihar,KAIMUR (BHABUA),2013,Rabi,Wheat,81171,166655,2.05313474
Bihar,KAIMUR (BHABUA),2013,Summer,Maize,41,198,4.829268293
Bihar,KAIMUR (BHABUA),2013,Summer,Moong(Green Gram),131,88,0.671755725
Bihar,KAIMUR (BHABUA),2013,Whole Year,Sugarcane,323,12644,39.14551084
Bihar,KAIMUR (BHABUA),2013,Winter,Rice,115422,380460,3.296252014
Bihar,KAIMUR (BHABUA),2014,Autumn,Maize,330,259,0.784848485
Bihar,KAIMUR (BHABUA),2014,Kharif,Arhar/Tur,1837,2432,1.323897659
Bihar,KAIMUR (BHABUA),2014,Kharif,Moong(Green Gram),8,7,0.875
Bihar,KAIMUR (BHABUA),2014,Kharif,Urad,6,5,0.833333333
Bihar,KAIMUR (BHABUA),2014,Rabi,Barley,1416,1424,1.005649718
Bihar,KAIMUR (BHABUA),2014,Rabi,Gram,4580,3110,0.679039301
Bihar,KAIMUR (BHABUA),2014,Rabi,Khesari,516,388,0.751937984
Bihar,KAIMUR (BHABUA),2014,Rabi,Linseed,1482,1276,0.86099865
Bihar,KAIMUR (BHABUA),2014,Rabi,Masoor,4888,12880,2.63502455
Bihar,KAIMUR (BHABUA),2014,Rabi,Peas & beans (Pulses),642,648,1.009345794
Bihar,KAIMUR (BHABUA),2014,Rabi,Rapeseed &Mustard,1762,1519,0.862088536
Bihar,KAIMUR (BHABUA),2014,Rabi,Wheat,84502,188249,2.227746089
Bihar,KAIMUR (BHABUA),2014,Summer,Maize,45,191,4.244444444
Bihar,KAIMUR (BHABUA),2014,Summer,Moong(Green Gram),115,67,0.582608696
Bihar,KAIMUR (BHABUA),2014,Whole Year,Sugarcane,153,10195,66.63398693
Bihar,KAIMUR (BHABUA),2014,Winter,Rice,102380,281879,2.753262356
Bihar,KATIHAR,1997,Autumn,Rice,21370,24893,1.164857277
Bihar,KATIHAR,1997,Kharif,Arhar/Tur,336,356,1.05952381
Bihar,KATIHAR,1997,Kharif,Bajra,36,22,0.611111111
Bihar,KATIHAR,1997,Kharif,Dry ginger,15,21,1.4
Bihar,KATIHAR,1997,Kharif,Jowar,103,89,0.86407767
Bihar,KATIHAR,1997,Kharif,Jute,32886,268204,8.155567719
Bihar,KATIHAR,1997,Kharif,Maize,11884,20742,1.745371929
Bihar,KATIHAR,1997,Kharif,Mesta,996,4476,4.493975904
Bihar,KATIHAR,1997,Kharif,Niger seed,384,243,0.6328125
Bihar,KATIHAR,1997,Kharif,Other Kharif pulses,648,374,0.577160494
Bihar,KATIHAR,1997,Kharif,Sesamum,59,27,0.457627119
Bihar,KATIHAR,1997,Kharif,Small millets,2175,1745,0.802298851
Bihar,KATIHAR,1997,Rabi,Barley,578,596,1.031141869
Bihar,KATIHAR,1997,Rabi,Gram,1456,954,0.65521978
Bihar,KATIHAR,1997,Rabi,Linseed,1184,664,0.560810811
Bihar,KATIHAR,1997,Rabi,Maize,8169,27864,3.410943812
Bihar,KATIHAR,1997,Rabi,Other  Rabi pulses,57,37,0.649122807
Bihar,KATIHAR,1997,Rabi,Rapeseed &Mustard,5501,3240,0.588983821
Bihar,KATIHAR,1997,Rabi,Safflower,18,12,0.666666667
Bihar,KATIHAR,1997,Rabi,Sunflower,85,43,0.505882353
Bihar,KATIHAR,1997,Rabi,Tobacco,122,88,0.721311475
Bihar,KATIHAR,1997,Rabi,Wheat,45582,83310,1.827695143
Bihar,KATIHAR,1997,Summer,Maize,7967,25248,3.169072424
Bihar,KATIHAR,1997,Summer,Rice,36882,74067,2.00821539
Bihar,KATIHAR,1997,Whole Year,Banana,3608,85401,23.66990022
Bihar,KATIHAR,1997,Whole Year,Coriander,37,18,0.486486486
Bihar,KATIHAR,1997,Whole Year,Dry chillies,41,39,0.951219512
Bihar,KATIHAR,1997,Whole Year,Garlic,67,89,1.328358209
Bihar,KATIHAR,1997,Whole Year,Onion,230,1311,5.7
Bihar,KATIHAR,1997,Whole Year,Potato,5810,29159,5.018760757
Bihar,KATIHAR,1997,Whole Year,Ragi,44,38,0.863636364
Bihar,KATIHAR,1997,Whole Year,Sannhamp,3,1,0.333333333
Bihar,KATIHAR,1997,Whole Year,Sugarcane,158,7251,45.89240506
Bihar,KATIHAR,1997,Whole Year,Sweet potato,104,1028,9.884615385
Bihar,KATIHAR,1997,Whole Year,Turmeric,54,107,1.981481481
Bihar,KATIHAR,1997,Winter,Rice,70067,82310,1.174732756
Bihar,KATIHAR,1998,Kharif,Arhar/Tur,296,445,1.503378378
Bihar,KATIHAR,1998,Kharif,Bajra,53,31,0.58490566
Bihar,KATIHAR,1998,Kharif,Blackgram,4107,3092,0.752860969
Bihar,KATIHAR,1998,Kharif,Jute,30463,113052,3.711124971
Bihar,KATIHAR,1998,Kharif,Maize,9092,5817,0.639793225
Bihar,KATIHAR,1998,Kharif,Mesta,2753,8901,3.233200145
Bihar,KATIHAR,1998,Kharif,Other Kharif pulses,4470,3291,0.736241611
Bihar,KATIHAR,1998,Kharif,Ragi,61,38,0.62295082
Bihar,KATIHAR,1998,Kharif,Sesamum,25,13,0.52
Bihar,KATIHAR,1998,Kharif,Small millets,99,92,0.929292929
Bihar,KATIHAR,1998,Kharif,Sunflower,1334,714,0.535232384
Bihar,KATIHAR,1998,Rabi,Barley,341,394,1.15542522
Bihar,KATIHAR,1998,Rabi,Gram,424,221,0.521226415
Bihar,KATIHAR,1998,Rabi,Linseed,481,303,0.62993763
Bihar,KATIHAR,1998,Rabi,Maize,8051,22808,2.832940007
Bihar,KATIHAR,1998,Rabi,Other  Rabi pulses,3151,1674,0.531259917
Bihar,KATIHAR,1998,Rabi,Rapeseed &Mustard,4557,3468,0.761026991
Bihar,KATIHAR,1998,Rabi,Wheat,36282,73436,2.024033956
Bihar,KATIHAR,1998,Summer,Maize,6073,24262,3.995060102
Bihar,KATIHAR,1998,Summer,Rice,44803,120495,2.689440439
Bihar,KATIHAR,1998,Whole Year,Banana,3619,60293,16.66012711
Bihar,KATIHAR,1998,Whole Year,Coriander,29,18,0.620689655
Bihar,KATIHAR,1998,Whole Year,Dry chillies,38,32,0.842105263
Bihar,KATIHAR,1998,Whole Year,Dry ginger,1,1,1
Bihar,KATIHAR,1998,Whole Year,Garlic,65,94,1.446153846
Bihar,KATIHAR,1998,Whole Year,Onion,50,447,8.94
Bihar,KATIHAR,1998,Whole Year,Potato,5964,50592,8.482897384
Bihar,KATIHAR,1998,Whole Year,Sugarcane,2,82,41
Bihar,KATIHAR,1998,Whole Year,Sweet potato,38,411,10.81578947
Bihar,KATIHAR,1998,Whole Year,Tobacco,126,96,0.761904762
Bihar,KATIHAR,1998,Whole Year,Turmeric,12,23,1.916666667
Bihar,KATIHAR,1998,Winter,Rice,60879,41742,0.685655152
Bihar,KATIHAR,1999,Kharif,Arhar/Tur,151,179,1.185430464
Bihar,KATIHAR,1999,Kharif,Bajra,9,6,0.666666667
Bihar,KATIHAR,1999,Kharif,Groundnut,168,196,1.166666667
Bihar,KATIHAR,1999,Kharif,Horse-gram,1058,942,0.890359168
Bihar,KATIHAR,1999,Kharif,Jowar,605,733,1.211570248
Bihar,KATIHAR,1999,Kharif,Jute,33377,207679,6.222218893
Bihar,KATIHAR,1999,Kharif,Maize,18878,17509,0.927481725
Bihar,KATIHAR,1999,Kharif,Mesta,2646,16288,6.155706727
Bihar,KATIHAR,1999,Kharif,Ragi,30,21,0.7
Bihar,KATIHAR,1999,Kharif,Rice,17168,9117,0.531046132
Bihar,KATIHAR,1999,Kharif,Sesamum,5,2,0.4
Bihar,KATIHAR,1999,Kharif,Sunflower,555,657,1.183783784
Bihar,KATIHAR,1999,Kharif,Urad,4151,3063,0.737894483
Bihar,KATIHAR,1999,Rabi,Gram,723,528,0.730290456
Bihar,KATIHAR,1999,Rabi,Khesari,1033,894,0.865440465
Bihar,KATIHAR,1999,Rabi,Linseed,303,187,0.617161716
Bihar,KATIHAR,1999,Rabi,Maize,7741,27364,3.534943806
Bihar,KATIHAR,1999,Rabi,Masoor,1956,1187,0.606850716
Bihar,KATIHAR,1999,Rabi,Moong(Green Gram),599,330,0.550918197
Bihar,KATIHAR,1999,Rabi,Other  Rabi pulses,10,8,0.8
Bihar,KATIHAR,1999,Rabi,Peas & beans (Pulses),314,225,0.71656051
Bihar,KATIHAR,1999,Rabi,Rapeseed &Mustard,4290,2085,0.486013986
Bihar,KATIHAR,1999,Rabi,Wheat,44939,89865,1.999710719
Bihar,KATIHAR,1999,Summer,Maize,11101,27750,2.499774795
Bihar,KATIHAR,1999,Summer,Rice,42647,106762,2.503388281
Bihar,KATIHAR,1999,Whole Year,Banana,2924,21141,7.230164159
Bihar,KATIHAR,1999,Whole Year,Coriander,30,16,0.533333333
Bihar,KATIHAR,1999,Whole Year,Dry chillies,53,50,0.943396226
Bihar,KATIHAR,1999,Whole Year,Garlic,42,60,1.428571429
Bihar,KATIHAR,1999,Whole Year,Onion,78,583,7.474358974
Bihar,KATIHAR,1999,Whole Year,Potato,7057,44213,6.265126824
Bihar,KATIHAR,1999,Whole Year,Sugarcane,3,76,25.33333333
Bihar,KATIHAR,1999,Whole Year,Sweet potato,36,491,13.63888889
Bihar,KATIHAR,1999,Whole Year,Tobacco,70,71,1.014285714
Bihar,KATIHAR,1999,Whole Year,Turmeric,14,28,2
Bihar,KATIHAR,2000,Autumn,Rice,72621,73068,1.006155244
Bihar,KATIHAR,2000,Kharif,Arhar/Tur,163,138,0.846625767
Bihar,KATIHAR,2000,Kharif,Dry ginger,20,28,1.4
Bihar,KATIHAR,2000,Kharif,Horse-gram,1202,1071,0.891014975
Bihar,KATIHAR,2000,Kharif,Jute,33673,239640,7.11668102
Bihar,KATIHAR,2000,Kharif,Maize,5133,9284,1.808688876
Bihar,KATIHAR,2000,Kharif,Mesta,1602,8633,5.388888889
Bihar,KATIHAR,2000,Kharif,Moong(Green Gram),110,46,0.418181818
Bihar,KATIHAR,2000,Kharif,Ragi,143,371,2.594405594
Bihar,KATIHAR,2000,Kharif,Rice,12469,12868,1.031999358
Bihar,KATIHAR,2000,Kharif,Sesamum,14,6,0.428571429
Bihar,KATIHAR,2000,Kharif,Small millets,102,53,0.519607843
Bihar,KATIHAR,2000,Kharif,Sunflower,201,304,1.512437811
Bihar,KATIHAR,2000,Kharif,Urad,4554,2912,0.639437857
Bihar,KATIHAR,2000,Rabi,Barley,152,178,1.171052632
Bihar,KATIHAR,2000,Rabi,Gram,474,468,0.987341772
Bihar,KATIHAR,2000,Rabi,Khesari,1356,746,0.550147493
Bihar,KATIHAR,2000,Rabi,Linseed,271,173,0.638376384
Bihar,KATIHAR,2000,Rabi,Maize,9308,30623,3.289965621
Bihar,KATIHAR,2000,Rabi,Masoor,1221,825,0.675675676
Bihar,KATIHAR,2000,Rabi,Moong(Green Gram),306,164,0.535947712
Bihar,KATIHAR,2000,Rabi,Peas & beans (Pulses),277,307,1.108303249
Bihar,KATIHAR,2000,Rabi,Rapeseed &Mustard,10836,4724,0.435954227
Bihar,KATIHAR,2000,Rabi,Wheat,43144,94508,2.190524754
Bihar,KATIHAR,2000,Summer,Maize,7999,21083,2.635704463
Bihar,KATIHAR,2000,Summer,Rice,40107,74376,1.854439375
Bihar,KATIHAR,2000,Whole Year,Banana,3543,166379,46.95992097
Bihar,KATIHAR,2000,Whole Year,Coriander,53,25,0.471698113
Bihar,KATIHAR,2000,Whole Year,Dry chillies,50,36,0.72
Bihar,KATIHAR,2000,Whole Year,Garlic,32,40,1.25
Bihar,KATIHAR,2000,Whole Year,Onion,113,888,7.85840708
Bihar,KATIHAR,2000,Whole Year,Potato,7453,36190,4.85576278
Bihar,KATIHAR,2000,Whole Year,Sugarcane,140,5900,42.14285714
Bihar,KATIHAR,2000,Whole Year,Sweet potato,94,1360,14.46808511
Bihar,KATIHAR,2000,Whole Year,Tobacco,165,192,1.163636364
Bihar,KATIHAR,2000,Whole Year,Turmeric,38,37,0.973684211
Bihar,KATIHAR,2001,Autumn,Maize,7003,11935,1.704269599
Bihar,KATIHAR,2001,Autumn,Rice,74419,86446,1.161611954
Bihar,KATIHAR,2001,Kharif,Arhar/Tur,194,134,0.690721649
Bihar,KATIHAR,2001,Kharif,Dry ginger,11,15,1.363636364
Bihar,KATIHAR,2001,Kharif,Horse-gram,726,694,0.955922865
Bihar,KATIHAR,2001,Kharif,Jute,34803,232600,6.683331897
Bihar,KATIHAR,2001,Kharif,Mesta,1400,9504,6.788571429
Bihar,KATIHAR,2001,Kharif,Moong(Green Gram),69,34,0.492753623
Bihar,KATIHAR,2001,Kharif,Ragi,98,73,0.744897959
Bihar,KATIHAR,2001,Kharif,Rice,39998,80525,2.013225661
Bihar,KATIHAR,2001,Kharif,Sesamum,26,10,0.384615385
Bihar,KATIHAR,2001,Kharif,Small millets,110,87,0.790909091
Bihar,KATIHAR,2001,Kharif,Sunflower,92,102,1.108695652
Bihar,KATIHAR,2001,Kharif,Urad,3902,2498,0.640184521
Bihar,KATIHAR,2001,Rabi,Barley,165,207,1.254545455
Bihar,KATIHAR,2001,Rabi,Gram,458,287,0.626637555
Bihar,KATIHAR,2001,Rabi,Khesari,1257,596,0.474144789
Bihar,KATIHAR,2001,Rabi,Linseed,352,175,0.497159091
Bihar,KATIHAR,2001,Rabi,Maize,8367,23645,2.825983029
Bihar,KATIHAR,2001,Rabi,Masoor,937,501,0.534685165
Bihar,KATIHAR,2001,Rabi,Other  Rabi pulses,10,7,0.7
Bihar,KATIHAR,2001,Rabi,Peas & beans (Pulses),274,278,1.01459854
Bihar,KATIHAR,2001,Rabi,Rapeseed &Mustard,6561,3221,0.49093126
Bihar,KATIHAR,2001,Rabi,Wheat,47809,83436,1.745194419
Bihar,KATIHAR,2001,Summer,Maize,8103,18777,2.317289893
Bihar,KATIHAR,2001,Summer,Rice,11394,9235,0.810514306
Bihar,KATIHAR,2001,Whole Year,Banana,3362,163360,48.59012493
Bihar,KATIHAR,2001,Whole Year,Coriander,37,21,0.567567568
Bihar,KATIHAR,2001,Whole Year,Dry chillies,47,58,1.234042553
Bihar,KATIHAR,2001,Whole Year,Garlic,46,68,1.47826087
Bihar,KATIHAR,2001,Whole Year,Onion,80,646,8.075
Bihar,KATIHAR,2001,Whole Year,Potato,7408,44359,5.987985961
Bihar,KATIHAR,2001,Whole Year,Sugarcane,1,46,46
Bihar,KATIHAR,2001,Whole Year,Sweet potato,92,1032,11.2173913
Bihar,KATIHAR,2001,Whole Year,Tobacco,120,139,1.158333333
Bihar,KATIHAR,2001,Whole Year,Turmeric,38,74,1.947368421
Bihar,KATIHAR,2002,Autumn,Maize,7311,15676,2.144166325
Bihar,KATIHAR,2002,Autumn,Rice,11413,10710,0.938403575
Bihar,KATIHAR,2002,Kharif,Arhar/Tur,132,97,0.734848485
Bihar,KATIHAR,2002,Kharif,Castor seed,3,3,1
Bihar,KATIHAR,2002,Kharif,Horse-gram,1034,823,0.795938104
Bihar,KATIHAR,2002,Kharif,Jute,35307,233026,6.599994335
Bihar,KATIHAR,2002,Kharif,Mesta,1466,6149,4.194406548
Bihar,KATIHAR,2002,Kharif,Moong(Green Gram),22,13,0.590909091
Bihar,KATIHAR,2002,Kharif,Ragi,99,84,0.848484848
Bihar,KATIHAR,2002,Kharif,Sesamum,27,18,0.666666667
Bihar,KATIHAR,2002,Kharif,Small millets,212,165,0.778301887
Bihar,KATIHAR,2002,Kharif,Sunflower,183,259,1.415300546
Bihar,KATIHAR,2002,Kharif,Urad,4107,3092,0.752860969
Bihar,KATIHAR,2002,Rabi,Barley,115,133,1.156521739
Bihar,KATIHAR,2002,Rabi,Gram,399,252,0.631578947
Bihar,KATIHAR,2002,Rabi,Khesari,1131,523,0.462422635
Bihar,KATIHAR,2002,Rabi,Linseed,297,226,0.760942761
Bihar,KATIHAR,2002,Rabi,Maize,9209,21896,2.377674015
Bihar,KATIHAR,2002,Rabi,Masoor,1245,605,0.485943775
Bihar,KATIHAR,2002,Rabi,Peas & beans (Pulses),133,119,0.894736842
Bihar,KATIHAR,2002,Rabi,Rapeseed &Mustard,4607,1751,0.380073801
Bihar,KATIHAR,2002,Rabi,Wheat,43461,69677,1.603207473
Bihar,KATIHAR,2002,Summer,Maize,9050,15891,1.755911602
Bihar,KATIHAR,2002,Summer,Moong(Green Gram),327,248,0.758409786
Bihar,KATIHAR,2002,Summer,Rice,43555,78797,1.809137872
Bihar,KATIHAR,2002,Whole Year,Banana,4552,120400,26.44991213
Bihar,KATIHAR,2002,Whole Year,Coriander,43,27,0.627906977
Bihar,KATIHAR,2002,Whole Year,Dry chillies,45,32,0.711111111
Bihar,KATIHAR,2002,Whole Year,Dry ginger,14,21,1.5
Bihar,KATIHAR,2002,Whole Year,Garlic,60,88,1.466666667
Bihar,KATIHAR,2002,Whole Year,Onion,171,1383,8.087719298
Bihar,KATIHAR,2002,Whole Year,Potato,7497,46821,6.245298119
Bihar,KATIHAR,2002,Whole Year,Sugarcane,1,40,40
Bihar,KATIHAR,2002,Whole Year,Sweet potato,122,1607,13.17213115
Bihar,KATIHAR,2002,Whole Year,Tobacco,154,173,1.123376623
Bihar,KATIHAR,2002,Whole Year,Turmeric,41,41,1
Bihar,KATIHAR,2002,Winter,Rice,75881,78968,1.040682121
Bihar,KATIHAR,2003,Autumn,Rice,11522,6698,0.581322687
Bihar,KATIHAR,2003,Kharif,Arhar/Tur,87,106,1.218390805
Bihar,KATIHAR,2003,Kharif,Dry ginger,2,3,1.5
Bihar,KATIHAR,2003,Kharif,Horse-gram,936,691,0.738247863
Bihar,KATIHAR,2003,Kharif,Jute,34794,253416,7.283324711
Bihar,KATIHAR,2003,Kharif,Maize,9700,23350,2.407216495
Bihar,KATIHAR,2003,Kharif,Mesta,3457,20915,6.05004339
Bihar,KATIHAR,2003,Kharif,Moong(Green Gram),343,152,0.443148688
Bihar,KATIHAR,2003,Kharif,Other Kharif pulses,10,23,2.3
Bihar,KATIHAR,2003,Kharif,Ragi,41,10,0.243902439
Bihar,KATIHAR,2003,Kharif,Small millets,370,289,0.781081081
Bihar,KATIHAR,2003,Kharif,Sunflower,668,980,1.467065868
Bihar,KATIHAR,2003,Kharif,Urad,2765,2059,0.744665461
Bihar,KATIHAR,2003,Rabi,Barley,50,56,1.12
Bihar,KATIHAR,2003,Rabi,Gram,304,151,0.496710526
Bihar,KATIHAR,2003,Rabi,Khesari,877,437,0.498289624
Bihar,KATIHAR,2003,Rabi,Linseed,441,346,0.784580499
Bihar,KATIHAR,2003,Rabi,Maize,13331,31341,2.350986423
Bihar,KATIHAR,2003,Rabi,Masoor,1546,942,0.60931436
Bihar,KATIHAR,2003,Rabi,Other  Rabi pulses,165,123,0.745454545
Bihar,KATIHAR,2003,Rabi,Peas & beans (Pulses),277,259,0.935018051
Bihar,KATIHAR,2003,Rabi,Rapeseed &Mustard,3223,1338,0.415141173
Bihar,KATIHAR,2003,Rabi,Wheat,46803,56043,1.197423242
Bihar,KATIHAR,2003,Summer,Maize,10402,24990,2.402422611
Bihar,KATIHAR,2003,Summer,Moong(Green Gram),1959,1363,0.695763144
Bihar,KATIHAR,2003,Summer,Rice,39255,65936,1.679684117
Bihar,KATIHAR,2003,Whole Year,Banana,1391,27375,19.68008627
Bihar,KATIHAR,2003,Whole Year,Dry chillies,54,30,0.555555556
Bihar,KATIHAR,2003,Whole Year,Garlic,36,54,1.5
Bihar,KATIHAR,2003,Whole Year,Onion,238,1690,7.100840336
Bihar,KATIHAR,2003,Whole Year,Potato,7163,46806,6.534412955
Bihar,KATIHAR,2003,Whole Year,Sugarcane,96,3811,39.69791667
Bihar,KATIHAR,2003,Whole Year,Sweet potato,84,1244,14.80952381
Bihar,KATIHAR,2003,Whole Year,Tobacco,43,48,1.11627907
Bihar,KATIHAR,2003,Whole Year,Turmeric,25,25,1
Bihar,KATIHAR,2003,Winter,Rice,76062,82863,1.089413899
Bihar,KATIHAR,2004,Autumn,Rice,11095,6285,0.566471384
Bihar,KATIHAR,2004,Kharif,Arhar/Tur,75,93,1.24
Bihar,KATIHAR,2004,Kharif,Dry ginger,4,6,1.5
Bihar,KATIHAR,2004,Kharif,Horse-gram,1065,936,0.878873239
Bihar,KATIHAR,2004,Kharif,Jute,26256,199108,7.583333333
Bihar,KATIHAR,2004,Kharif,Maize,13194,27227,2.06358951
Bihar,KATIHAR,2004,Kharif,Mesta,1704,12269,7.200117371
Bihar,KATIHAR,2004,Kharif,Moong(Green Gram),689,321,0.465892598
Bihar,KATIHAR,2004,Kharif,Sesamum,41,31,0.756097561
Bihar,KATIHAR,2004,Kharif,Small millets,374,296,0.79144385
Bihar,KATIHAR,2004,Kharif,Sunflower,2030,2654,1.307389163
Bihar,KATIHAR,2004,Kharif,Urad,2577,1951,0.757081878
Bihar,KATIHAR,2004,Rabi,Barley,99,104,1.050505051
Bihar,KATIHAR,2004,Rabi,Gram,5020,4187,0.834063745
Bihar,KATIHAR,2004,Rabi,Khesari,852,268,0.314553991
Bihar,KATIHAR,2004,Rabi,Linseed,688,508,0.738372093
Bihar,KATIHAR,2004,Rabi,Maize,13496,41554,3.078986366
Bihar,KATIHAR,2004,Rabi,Masoor,1412,774,0.54815864
Bihar,KATIHAR,2004,Rabi,Other  Rabi pulses,95,72,0.757894737
Bihar,KATIHAR,2004,Rabi,Peas & beans (Pulses),332,292,0.879518072
Bihar,KATIHAR,2004,Rabi,Rapeseed &Mustard,3674,2649,0.72101252
Bihar,KATIHAR,2004,Rabi,Wheat,36216,42603,1.176358516
Bihar,KATIHAR,2004,Summer,Maize,9822,25634,2.609855427
Bihar,KATIHAR,2004,Summer,Moong(Green Gram),828,440,0.531400966
Bihar,KATIHAR,2004,Summer,Rice,39516,63239,1.600339103
Bihar,KATIHAR,2004,Whole Year,Banana,3437,23475,6.830084376
Bihar,KATIHAR,2004,Whole Year,Coriander,10,7,0.7
Bihar,KATIHAR,2004,Whole Year,Dry chillies,35,25,0.714285714
Bihar,KATIHAR,2004,Whole Year,Dry ginger,4,6,1.5
Bihar,KATIHAR,2004,Whole Year,Garlic,79,119,1.506329114
Bihar,KATIHAR,2004,Whole Year,Onion,117,943,8.05982906
Bihar,KATIHAR,2004,Whole Year,Potato,6793,43393,6.387899308
Bihar,KATIHAR,2004,Whole Year,Sannhamp,4,3,0.75
Bihar,KATIHAR,2004,Whole Year,Sugarcane,39,1423,36.48717949
Bihar,KATIHAR,2004,Whole Year,Sweet potato,44,537,12.20454545
Bihar,KATIHAR,2004,Whole Year,Tobacco,159,185,1.163522013
Bihar,KATIHAR,2004,Whole Year,Turmeric,15,15,1
Bihar,KATIHAR,2004,Winter,Rice,65993,36149,0.547770218
Bihar,KATIHAR,2005,Autumn,Rice,11574,7743,0.668999482
Bihar,KATIHAR,2005,Kharif,Arhar/Tur,54,58,1.074074074
Bihar,KATIHAR,2005,Kharif,Horse-gram,437,389,0.890160183
Bihar,KATIHAR,2005,Kharif,Jute,23490,277704,11.82222222
Bihar,KATIHAR,2005,Kharif,Maize,18941,43069,2.273850377
Bihar,KATIHAR,2005,Kharif,Moong(Green Gram),402,234,0.582089552
Bihar,KATIHAR,2005,Kharif,Other Kharif pulses,6,3,0.5
Bihar,KATIHAR,2005,Kharif,Sesamum,36,28,0.777777778
Bihar,KATIHAR,2005,Kharif,Small millets,417,316,0.757793765
Bihar,KATIHAR,2005,Kharif,Sunflower,1767,2488,1.40803622
Bihar,KATIHAR,2005,Kharif,Urad,4323,3004,0.694887809
Bihar,KATIHAR,2005,Rabi,Barley,92,95,1.032608696
Bihar,KATIHAR,2005,Rabi,Gram,278,261,0.938848921
Bihar,KATIHAR,2005,Rabi,Khesari,960,590,0.614583333
Bihar,KATIHAR,2005,Rabi,Linseed,715,612,0.855944056
Bihar,KATIHAR,2005,Rabi,Maize,15753,48094,3.053005777
Bihar,KATIHAR,2005,Rabi,Masoor,1712,586,0.34228972
Bihar,KATIHAR,2005,Rabi,Other  Rabi pulses,109,83,0.76146789
Bihar,KATIHAR,2005,Rabi,Peas & beans (Pulses),205,189,0.92195122
Bihar,KATIHAR,2005,Rabi,Rapeseed &Mustard,2798,1729,0.617941387
Bihar,KATIHAR,2005,Rabi,Safflower,5,4,0.8
Bihar,KATIHAR,2005,Rabi,Wheat,44709,20463,0.457693082
Bihar,KATIHAR,2005,Summer,Maize,15706,32161,2.047688781
Bihar,KATIHAR,2005,Summer,Moong(Green Gram),3479,1625,0.467088244
Bihar,KATIHAR,2005,Summer,Rice,36111,79751,2.208496026
Bihar,KATIHAR,2005,Whole Year,Banana,3553,48108,13.54010695
Bihar,KATIHAR,2005,Whole Year,Coriander,19,15,0.789473684
Bihar,KATIHAR,2005,Whole Year,Dry chillies,67,43,0.641791045
Bihar,KATIHAR,2005,Whole Year,Garlic,66,97,1.46969697
Bihar,KATIHAR,2005,Whole Year,Onion,147,1217,8.278911565
Bihar,KATIHAR,2005,Whole Year,Potato,4204,34957,8.315176023
Bihar,KATIHAR,2005,Whole Year,Sannhamp,17,15,0.882352941
Bihar,KATIHAR,2005,Whole Year,Sugarcane,8,327,40.875
Bihar,KATIHAR,2005,Whole Year,Sweet potato,53,786,14.83018868
Bihar,KATIHAR,2005,Whole Year,Tobacco,96,111,1.15625
Bihar,KATIHAR,2005,Whole Year,Turmeric,24,23,0.958333333
Bihar,KATIHAR,2005,Winter,Rice,65032,59736,0.918563169
Bihar,KATIHAR,2006,Autumn,Rice,9166,7342,0.801003709
Bihar,KATIHAR,2006,Kharif,Arhar/Tur,47,58,1.234042553
Bihar,KATIHAR,2006,Kharif,Jute,30111,375551,12.47221945
Bihar,KATIHAR,2006,Kharif,Maize,10681,21259,1.990356708
Bihar,KATIHAR,2006,Kharif,Mesta,2834,26592,9.383203952
Bihar,KATIHAR,2006,Kharif,Moong(Green Gram),198,84,0.424242424
Bihar,KATIHAR,2006,Kharif,Ragi,1084,606,0.55904059
Bihar,KATIHAR,2006,Kharif,Sannhamp,107,93,0.869158879
Bihar,KATIHAR,2006,Kharif,Sesamum,15,11,0.733333333
Bihar,KATIHAR,2006,Kharif,Urad,1546,1203,0.778137128
Bihar,KATIHAR,2006,Rabi,Barley,161,246,1.527950311
Bihar,KATIHAR,2006,Rabi,Gram,125,119,0.952
Bihar,KATIHAR,2006,Rabi,Khesari,736,414,0.5625
Bihar,KATIHAR,2006,Rabi,Linseed,415,352,0.848192771
Bihar,KATIHAR,2006,Rabi,Maize,15519,48931,3.152973774
Bihar,KATIHAR,2006,Rabi,Masoor,1627,623,0.382913337
Bihar,KATIHAR,2006,Rabi,Peas & beans (Pulses),231,215,0.930735931
Bihar,KATIHAR,2006,Rabi,Rapeseed &Mustard,4968,2673,0.538043478
Bihar,KATIHAR,2006,Rabi,Sunflower,1846,2725,1.47616468
Bihar,KATIHAR,2006,Rabi,Wheat,35316,44389,1.25690905
Bihar,KATIHAR,2006,Summer,Maize,14890,71515,4.802887844
Bihar,KATIHAR,2006,Summer,Moong(Green Gram),2720,1436,0.527941176
Bihar,KATIHAR,2006,Summer,Rice,33284,47014,1.412510516
Bihar,KATIHAR,2006,Winter,Rice,64041,84543,1.320138661
Bihar,KATIHAR,2007,Autumn,Maize,10610,21253,2.003110273
Bihar,KATIHAR,2007,Autumn,Rice,8779,6005,0.684018681
Bihar,KATIHAR,2007,Kharif,Arhar/Tur,25,27,1.08
Bihar,KATIHAR,2007,Kharif,Dry ginger,5,8,1.6
Bihar,KATIHAR,2007,Kharif,Groundnut,12,9,0.75
Bihar,KATIHAR,2007,Kharif,Jute,28536,243507,8.533326325
Bihar,KATIHAR,2007,Kharif,Mesta,2884,22159,7.683425798
Bihar,KATIHAR,2007,Kharif,Moong(Green Gram),219,122,0.557077626
Bihar,KATIHAR,2007,Kharif,Other Kharif pulses,7,4,0.571428571
Bihar,KATIHAR,2007,Kharif,Ragi,1085,729,0.671889401
Bihar,KATIHAR,2007,Kharif,Sannhamp,107,488.88,4.568971963
Bihar,KATIHAR,2007,Kharif,Sesamum,15,12,0.8
Bihar,KATIHAR,2007,Kharif,Small millets,422,325,0.77014218
Bihar,KATIHAR,2007,Kharif,Urad,4344,3427,0.788904236
Bihar,KATIHAR,2007,Rabi,Barley,58,70,1.206896552
Bihar,KATIHAR,2007,Rabi,Gram,154,148,0.961038961
Bihar,KATIHAR,2007,Rabi,Khesari,763,512,0.671035387
Bihar,KATIHAR,2007,Rabi,Linseed,469,372,0.793176972
Bihar,KATIHAR,2007,Rabi,Maize,15991,52003,3.252016759
Bihar,KATIHAR,2007,Rabi,Masoor,1645,834,0.506990881
Bihar,KATIHAR,2007,Rabi,Other  Rabi pulses,99,73,0.737373737
Bihar,KATIHAR,2007,Rabi,Peas & beans (Pulses),279,483,1.731182796
Bihar,KATIHAR,2007,Rabi,Rapeseed &Mustard,5489,3941,0.717981417
Bihar,KATIHAR,2007,Rabi,Sunflower,1606,2299,1.431506849
Bihar,KATIHAR,2007,Rabi,Wheat,35638,60112,1.686738874
Bihar,KATIHAR,2007,Summer,Maize,16594,59126,3.563095095
Bihar,KATIHAR,2007,Summer,Moong(Green Gram),3443,1880,0.546035434
Bihar,KATIHAR,2007,Summer,Rice,35272,61735,1.75025516
Bihar,KATIHAR,2007,Whole Year,Banana,5862,56979,9.720061412
Bihar,KATIHAR,2007,Whole Year,Coriander,10,7,0.7
Bihar,KATIHAR,2007,Whole Year,Dry chillies,31,31,1
Bihar,KATIHAR,2007,Whole Year,Garlic,49,68,1.387755102
Bihar,KATIHAR,2007,Whole Year,Onion,204,1893,9.279411765
Bihar,KATIHAR,2007,Whole Year,Potato,7068,52989,7.497028862
Bihar,KATIHAR,2007,Whole Year,Sugarcane,189,7851,41.53968254
Bihar,KATIHAR,2007,Whole Year,Sweet potato,26,342,13.15384615
Bihar,KATIHAR,2007,Whole Year,Tobacco,20,24,1.2
Bihar,KATIHAR,2007,Whole Year,Turmeric,3,3,1
Bihar,KATIHAR,2007,Winter,Rice,62044,21406,0.345013216
Bihar,KATIHAR,2008,Autumn,Maize,11319,18548,1.638660659
Bihar,KATIHAR,2008,Autumn,Rice,9546,8285,0.867902787
Bihar,KATIHAR,2008,Kharif,Arhar/Tur,28,32,1.142857143
Bihar,KATIHAR,2008,Kharif,Dry ginger,5,8,1.6
Bihar,KATIHAR,2008,Kharif,Jute,27002,256219,9.488889712
Bihar,KATIHAR,2008,Kharif,Mesta,2910,25592,8.794501718
Bihar,KATIHAR,2008,Kharif,Moong(Green Gram),195,117,0.6
Bihar,KATIHAR,2008,Kharif,Other Kharif pulses,6,3,0.5
Bihar,KATIHAR,2008,Kharif,Potato,4110,29880,7.270072993
Bihar,KATIHAR,2008,Kharif,Sannhamp,98,450,4.591836735
Bihar,KATIHAR,2008,Kharif,Sesamum,7,6,0.857142857
Bihar,KATIHAR,2008,Kharif,Small millets,319,250,0.78369906
Bihar,KATIHAR,2008,Kharif,Sweet potato,18,244,13.55555556
Bihar,KATIHAR,2008,Kharif,Urad,4407,3767,0.854776492
Bihar,KATIHAR,2008,Rabi,Barley,61,67,1.098360656
Bihar,KATIHAR,2008,Rabi,Gram,168,93,0.553571429
Bihar,KATIHAR,2008,Rabi,Khesari,692,495,0.715317919
Bihar,KATIHAR,2008,Rabi,Linseed,499,422,0.845691383
Bihar,KATIHAR,2008,Rabi,Maize,16997,63569,3.740012943
Bihar,KATIHAR,2008,Rabi,Masoor,1800,819,0.455
Bihar,KATIHAR,2008,Rabi,Other  Rabi pulses,105,78,0.742857143
Bihar,KATIHAR,2008,Rabi,Peas & beans (Pulses),269,259,0.962825279
Bihar,KATIHAR,2008,Rabi,Potato,2676,4977,1.859865471
Bihar,KATIHAR,2008,Rabi,Rapeseed &Mustard,4682,3880,0.828705681
Bihar,KATIHAR,2008,Rabi,Sunflower,1606,2299,1.431506849
Bihar,KATIHAR,2008,Rabi,Sweet potato,16,235,14.6875
Bihar,KATIHAR,2008,Rabi,Wheat,38426,67713,1.762166242
Bihar,KATIHAR,2008,Summer,Maize,18068,54992,3.043613017
Bihar,KATIHAR,2008,Summer,Moong(Green Gram),3709,1706,0.459962254
Bihar,KATIHAR,2008,Summer,Rice,32726,60737,1.855924953
Bihar,KATIHAR,2008,Whole Year,Dry chillies,29,24,0.827586207
Bihar,KATIHAR,2008,Whole Year,Garlic,51,71,1.392156863
Bihar,KATIHAR,2008,Whole Year,Onion,191,1738,9.09947644
Bihar,KATIHAR,2008,Whole Year,Sugarcane,361,16337,45.25484765
Bihar,KATIHAR,2008,Whole Year,Turmeric,11,14,1.272727273
Bihar,KATIHAR,2008,Winter,Rice,62048,75183,1.211690949
Bihar,KATIHAR,2009,Autumn,Maize,11031,18572,1.683618892
Bihar,KATIHAR,2009,Autumn,Rice,9617,10355,1.076739108
Bihar,KATIHAR,2009,Kharif,Arhar/Tur,29,39,1.344827586
Bihar,KATIHAR,2009,Kharif,Horse-gram,426,410,0.962441315
Bihar,KATIHAR,2009,Kharif,Jute,26949,277490,10.29685703
Bihar,KATIHAR,2009,Kharif,Mesta,2889,26563,9.19453098
Bihar,KATIHAR,2009,Kharif,Moong(Green Gram),197,131,0.664974619
Bihar,KATIHAR,2009,Kharif,Other Kharif pulses,6,4,0.666666667
Bihar,KATIHAR,2009,Kharif,Sannhamp,98,80,0.816326531
Bihar,KATIHAR,2009,Kharif,Small millets,137,108,0.788321168
Bihar,KATIHAR,2009,Kharif,Urad,4362,4318,0.989912884
Bihar,KATIHAR,2009,Rabi,Barley,60,64,1.066666667
Bihar,KATIHAR,2009,Rabi,Gram,166,93,0.560240964
Bihar,KATIHAR,2009,Rabi,Khesari,644,667,1.035714286
Bihar,KATIHAR,2009,Rabi,Linseed,491,415,0.845213849
Bihar,KATIHAR,2009,Rabi,Maize,19041,62017,3.257024316
Bihar,KATIHAR,2009,Rabi,Masoor,1742,1028,0.590126292
Bihar,KATIHAR,2009,Rabi,Other  Rabi pulses,11,8,0.727272727
Bihar,KATIHAR,2009,Rabi,Peas & beans (Pulses),257,257,1
Bihar,KATIHAR,2009,Rabi,Rapeseed &Mustard,4149,3771,0.908893709
Bihar,KATIHAR,2009,Rabi,Sunflower,760,1068,1.405263158
Bihar,KATIHAR,2009,Rabi,Wheat,35219,68556,1.946562935
Bihar,KATIHAR,2009,Summer,Maize,17516,60843,3.473567024
Bihar,KATIHAR,2009,Summer,Moong(Green Gram),3883,2160,0.556270925
Bihar,KATIHAR,2009,Summer,Rice,32337,83316,2.576491326
Bihar,KATIHAR,2009,Whole Year,Sugarcane,37,1613,43.59459459
Bihar,KATIHAR,2009,Whole Year,Tobacco,21,39,1.857142857
Bihar,KATIHAR,2009,Winter,Rice,59594,77367,1.298234722
Bihar,KATIHAR,2010,Autumn,Maize,10230,34885,3.410068426
Bihar,KATIHAR,2010,Autumn,Rice,11293,12850,1.137873019
Bihar,KATIHAR,2010,Kharif,Arhar/Tur,30,17,0.566666667
Bihar,KATIHAR,2010,Kharif,Horse-gram,285,269,0.943859649
Bihar,KATIHAR,2010,Kharif,Jute,26879,283275,10.53889654
Bihar,KATIHAR,2010,Kharif,Mesta,2912,24752,8.5
Bihar,KATIHAR,2010,Kharif,Moong(Green Gram),219,143,0.652968037
Bihar,KATIHAR,2010,Kharif,Small millets,1927,1475,0.765438505
Bihar,KATIHAR,2010,Kharif,Urad,3395,2960,0.871870398
Bihar,KATIHAR,2010,Rabi,Barley,76,100,1.315789474
Bihar,KATIHAR,2010,Rabi,Gram,76,42,0.552631579
Bihar,KATIHAR,2010,Rabi,Khesari,171,168,0.98245614
Bihar,KATIHAR,2010,Rabi,Linseed,410,335,0.817073171
Bihar,KATIHAR,2010,Rabi,Maize,24458,90079,3.683007605
Bihar,KATIHAR,2010,Rabi,Masoor,1209,1094,0.904880066
Bihar,KATIHAR,2010,Rabi,Other  Rabi pulses,10,7,0.7
Bihar,KATIHAR,2010,Rabi,Peas & beans (Pulses),388,402,1.036082474
Bihar,KATIHAR,2010,Rabi,Rapeseed &Mustard,3374,3516,1.042086544
Bihar,KATIHAR,2010,Rabi,Sunflower,1086,1557,1.433701657
Bihar,KATIHAR,2010,Rabi,Wheat,30304,92648,3.057286167
Bihar,KATIHAR,2010,Summer,Maize,16849,67432,4.002136625
Bihar,KATIHAR,2010,Summer,Moong(Green Gram),2911,2410,0.827894194
Bihar,KATIHAR,2010,Summer,Rice,28956,59206,2.044688493
Bihar,KATIHAR,2010,Whole Year,Sugarcane,161,7220,44.8447205
Bihar,KATIHAR,2010,Whole Year,Tobacco,43,77,1.790697674
Bihar,KATIHAR,2010,Winter,Rice,54686,77074,1.4093918
Bihar,KATIHAR,2011,Autumn,Maize,12898,43239,3.352380214
Bihar,KATIHAR,2011,Autumn,Rice,13886,24471,1.762278554
Bihar,KATIHAR,2011,Kharif,Arhar/Tur,62,118,1.903225806
Bihar,KATIHAR,2011,Kharif,Horse-gram,280,267,0.953571429
Bihar,KATIHAR,2011,Kharif,Jute,24047,411070,17.09444005
Bihar,KATIHAR,2011,Kharif,Mesta,2102,35816,17.03901047
Bihar,KATIHAR,2011,Kharif,Moong(Green Gram),489,235,0.480572597
Bihar,KATIHAR,2011,Kharif,Sesamum,6,5,0.833333333
Bihar,KATIHAR,2011,Kharif,Small millets,2171,1644,0.757254721
Bihar,KATIHAR,2011,Kharif,Urad,3074,2623,0.853285621
Bihar,KATIHAR,2011,Rabi,Barley,83,128,1.542168675
Bihar,KATIHAR,2011,Rabi,Gram,91,64,0.703296703
Bihar,KATIHAR,2011,Rabi,Khesari,143,181,1.265734266
Bihar,KATIHAR,2011,Rabi,Linseed,434,375,0.8640553
Bihar,KATIHAR,2011,Rabi,Maize,25043,109889,4.388012618
Bihar,KATIHAR,2011,Rabi,Masoor,1156,1177,1.01816609
Bihar,KATIHAR,2011,Rabi,Other  Rabi pulses,70,78,1.114285714
Bihar,KATIHAR,2011,Rabi,Peas & beans (Pulses),210,217,1.033333333
Bihar,KATIHAR,2011,Rabi,Rapeseed &Mustard,4200,3717,0.885
Bihar,KATIHAR,2011,Rabi,Sunflower,503,733,1.457256461
Bihar,KATIHAR,2011,Rabi,Wheat,37298,108852,2.918440667
Bihar,KATIHAR,2011,Summer,Maize,21853,70885,3.243719398
Bihar,KATIHAR,2011,Summer,Moong(Green Gram),2905,1743,0.6
Bihar,KATIHAR,2011,Summer,Rice,27002,50404,1.866676542
Bihar,KATIHAR,2011,Whole Year,Tobacco,20,38,1.9
Bihar,KATIHAR,2011,Winter,Rice,62759,134098,2.136713459
Bihar,KATIHAR,2012,Autumn,Maize,11994,84806,7.070702018
Bihar,KATIHAR,2012,Autumn,Rice,13609,32194,2.365640385
Bihar,KATIHAR,2012,Kharif,Arhar/Tur,77,76,0.987012987
Bihar,KATIHAR,2012,Kharif,Horse-gram,232,225,0.969827586
Bihar,KATIHAR,2012,Kharif,Jute,24721,76858,3.109016626
Bihar,KATIHAR,2012,Kharif,Mesta,2087,5664,2.71394346
Bihar,KATIHAR,2012,Kharif,Moong(Green Gram),380,398,1.047368421
Bihar,KATIHAR,2012,Kharif,Sesamum,2,2,1
Bihar,KATIHAR,2012,Kharif,Small millets,85,64,0.752941176
Bihar,KATIHAR,2012,Kharif,Urad,3066,2607,0.850293542
Bihar,KATIHAR,2012,Rabi,Barley,73,107,1.465753425
Bihar,KATIHAR,2012,Rabi,Gram,94,343,3.64893617
Bihar,KATIHAR,2012,Rabi,Khesari,143,168,1.174825175
Bihar,KATIHAR,2012,Rabi,Linseed,393,341,0.867684478
Bihar,KATIHAR,2012,Rabi,Maize,24879,74139,2.979983118
Bihar,KATIHAR,2012,Rabi,Masoor,1214,1227,1.010708402
Bihar,KATIHAR,2012,Rabi,Other  Rabi pulses,75,83,1.106666667
Bihar,KATIHAR,2012,Rabi,Peas & beans (Pulses),365,380,1.04109589
Bihar,KATIHAR,2012,Rabi,Rapeseed &Mustard,4196,3877,0.923975214
Bihar,KATIHAR,2012,Rabi,Sunflower,777,1143,1.471042471
Bihar,KATIHAR,2012,Rabi,Wheat,36423,121672,3.34052659
Bihar,KATIHAR,2012,Summer,Maize,21332,134494,6.3048003
Bihar,KATIHAR,2012,Summer,Moong(Green Gram),3725,4585,1.230872483
Bihar,KATIHAR,2012,Summer,Rice,28859,86172,2.98596625
Bihar,KATIHAR,2012,Whole Year,Sugarcane,222,12594,56.72972973
Bihar,KATIHAR,2012,Whole Year,Tobacco,38,72,1.894736842
Bihar,KATIHAR,2012,Winter,Rice,58252,204658,3.513321431
Bihar,KATIHAR,2013,Autumn,Maize,12026,89311,7.426492599
Bihar,KATIHAR,2013,Autumn,Rice,13686,33142,2.421598714
Bihar,KATIHAR,2013,Kharif,Arhar/Tur,75,125,1.666666667
Bihar,KATIHAR,2013,Kharif,Horse-gram,234,223,0.952991453
Bihar,KATIHAR,2013,Kharif,Jute,24829,525271,21.15554392
Bihar,KATIHAR,2013,Kharif,Mesta,2069,31035,15
Bihar,KATIHAR,2013,Kharif,Moong(Green Gram),381,359,0.942257218
Bihar,KATIHAR,2013,Kharif,Sesamum,2,2,1
Bihar,KATIHAR,2013,Kharif,Urad,3107,2837,0.913099453
Bihar,KATIHAR,2013,Rabi,Barley,73,102,1.397260274
Bihar,KATIHAR,2013,Rabi,Gram,96,110,1.145833333
Bihar,KATIHAR,2013,Rabi,Khesari,142,124,0.873239437
Bihar,KATIHAR,2013,Rabi,Linseed,392,333,0.849489796
Bihar,KATIHAR,2013,Rabi,Maize,24859,180178,7.247998713
Bihar,KATIHAR,2013,Rabi,Masoor,1214,1338,1.10214168
Bihar,KATIHAR,2013,Rabi,Other  Rabi pulses,77,78,1.012987013
Bihar,KATIHAR,2013,Rabi,Peas & beans (Pulses),364,386,1.06043956
Bihar,KATIHAR,2013,Rabi,Rapeseed &Mustard,4206,5602,1.3319068
Bihar,KATIHAR,2013,Rabi,Wheat,36617,116900,3.192506213
Bihar,KATIHAR,2013,Summer,Maize,21292,103951,4.882162314
Bihar,KATIHAR,2013,Summer,Moong(Green Gram),3731,3806,1.020101849
Bihar,KATIHAR,2013,Summer,Rice,29028,76672,2.641311837
Bihar,KATIHAR,2013,Whole Year,Sugarcane,224,11903,53.13839286
Bihar,KATIHAR,2013,Winter,Rice,58294,172303,2.95575874
Bihar,KATIHAR,2014,Autumn,Maize,12063,54963,4.556329271
Bihar,KATIHAR,2014,Autumn,Rice,20966,56210,2.681007345
Bihar,KATIHAR,2014,Kharif,Arhar/Tur,23,33,1.434782609
Bihar,KATIHAR,2014,Kharif,Horse-gram,227,217,0.955947137
Bihar,KATIHAR,2014,Kharif,Jute,24361,395596,16.23890645
Bihar,KATIHAR,2014,Kharif,Mesta,2059,23804,11.56095192
Bihar,KATIHAR,2014,Kharif,Moong(Green Gram),364,290,0.796703297
Bihar,KATIHAR,2014,Kharif,Small millets,81,61,0.75308642
Bihar,KATIHAR,2014,Kharif,Urad,3028,2771,0.915125495
Bihar,KATIHAR,2014,Rabi,Barley,30,33,1.1
Bihar,KATIHAR,2014,Rabi,Gram,174,167,0.959770115
Bihar,KATIHAR,2014,Rabi,Khesari,868,859,0.989631336
Bihar,KATIHAR,2014,Rabi,Linseed,482,415,0.860995851
Bihar,KATIHAR,2014,Rabi,Maize,14582,140089,9.60698121
Bihar,KATIHAR,2014,Rabi,Masoor,1803,1462,0.810870771
Bihar,KATIHAR,2014,Rabi,Other  Rabi pulses,75,75,1
Bihar,KATIHAR,2014,Rabi,Peas & beans (Pulses),193,195,1.010362694
Bihar,KATIHAR,2014,Rabi,Rapeseed &Mustard,2895,3596,1.242141623
Bihar,KATIHAR,2014,Rabi,Sunflower,964,1401,1.453319502
Bihar,KATIHAR,2014,Rabi,Wheat,39459,69873,1.770774728
Bihar,KATIHAR,2014,Summer,Maize,20299,110570,5.447066358
Bihar,KATIHAR,2014,Summer,Moong(Green Gram),3512,4060,1.156036446
Bihar,KATIHAR,2014,Summer,Rice,28477,69243,2.431541244
Bihar,KATIHAR,2014,Whole Year,Sugarcane,230,13481,58.61304348
Bihar,KATIHAR,2014,Whole Year,Tobacco,51,90,1.764705882
Bihar,KATIHAR,2014,Winter,Rice,56511,154124,2.727327423
Bihar,KHAGARIA,1997,Autumn,Rice,6967,4272,0.613176403
Bihar,KHAGARIA,1997,Kharif,Arhar/Tur,486,494,1.016460905
Bihar,KHAGARIA,1997,Kharif,Castor seed,94,70,0.744680851
Bihar,KHAGARIA,1997,Kharif,Jowar,122,105,0.860655738
Bihar,KHAGARIA,1997,Kharif,Maize,16789,11680,0.695693609
Bihar,KHAGARIA,1997,Kharif,Mesta,243,1651,6.794238683
Bihar,KHAGARIA,1997,Kharif,Other Kharif pulses,369,231,0.62601626
Bihar,KHAGARIA,1997,Kharif,Sesamum,6,4,0.666666667
Bihar,KHAGARIA,1997,Kharif,Small millets,1437,1323,0.920668058
Bihar,KHAGARIA,1997,Rabi,Barley,276,93,0.336956522
Bihar,KHAGARIA,1997,Rabi,Gram,1042,774,0.742802303
Bihar,KHAGARIA,1997,Rabi,Linseed,132,61,0.462121212
Bihar,KHAGARIA,1997,Rabi,Maize,27790,105102,3.782007917
Bihar,KHAGARIA,1997,Rabi,Other  Rabi pulses,56,41,0.732142857
Bihar,KHAGARIA,1997,Rabi,Rapeseed &Mustard,2510,2317,0.92310757
Bihar,KHAGARIA,1997,Rabi,Safflower,6,2,0.333333333
Bihar,KHAGARIA,1997,Rabi,Sunflower,1469,839,0.571136828
Bihar,KHAGARIA,1997,Rabi,Wheat,24565,61886,2.519275392
Bihar,KHAGARIA,1997,Summer,Maize,2467,3399,1.377786786
Bihar,KHAGARIA,1997,Summer,Rice,302,521,1.725165563
Bihar,KHAGARIA,1997,Whole Year,Banana,1376,88780,64.52034884
Bihar,KHAGARIA,1997,Whole Year,Coriander,123,91,0.739837398
Bihar,KHAGARIA,1997,Whole Year,Dry chillies,474,403,0.85021097
Bihar,KHAGARIA,1997,Whole Year,Garlic,25,33,1.32
Bihar,KHAGARIA,1997,Whole Year,Onion,311,2771,8.909967846
Bihar,KHAGARIA,1997,Whole Year,Potato,848,8949,10.55306604
Bihar,KHAGARIA,1997,Whole Year,Ragi,31,27,0.870967742
Bihar,KHAGARIA,1997,Whole Year,Sannhamp,145,41,0.282758621
Bihar,KHAGARIA,1997,Whole Year,Sugarcane,207,11455,55.33816425
Bihar,KHAGARIA,1997,Whole Year,Sweet potato,25,330,13.2
Bihar,KHAGARIA,1997,Whole Year,Turmeric,50,29,0.58
Bihar,KHAGARIA,1997,Winter,Rice,16316,18960,1.162049522
Bihar,KHAGARIA,1998,Kharif,Arhar/Tur,426,569,1.335680751
Bihar,KHAGARIA,1998,Kharif,Blackgram,3829,2787,0.727866284
Bihar,KHAGARIA,1998,Kharif,Castor seed,66,55,0.833333333
Bihar,KHAGARIA,1998,Kharif,Jowar,201,189,0.940298507
Bihar,KHAGARIA,1998,Kharif,Maize,14835,7373,0.497000337
Bihar,KHAGARIA,1998,Kharif,Mesta,124,772,6.225806452
Bihar,KHAGARIA,1998,Kharif,Other Kharif pulses,3912,2822,0.721370143
Bihar,KHAGARIA,1998,Kharif,Ragi,27,23,0.851851852
Bihar,KHAGARIA,1998,Kharif,Sesamum,7,4,0.571428571
Bihar,KHAGARIA,1998,Kharif,Small millets,1914,998,0.521421108
Bihar,KHAGARIA,1998,Kharif,Sunflower,2382,2196,0.921914358
Bihar,KHAGARIA,1998,Rabi,Barley,114,113,0.99122807
Bihar,KHAGARIA,1998,Rabi,Gram,864,1165,1.34837963
Bihar,KHAGARIA,1998,Rabi,Linseed,99,64,0.646464646
Bihar,KHAGARIA,1998,Rabi,Maize,29522,109674,3.714992209
Bihar,KHAGARIA,1998,Rabi,Other  Rabi pulses,4711,3789,0.804287837
Bihar,KHAGARIA,1998,Rabi,Rapeseed &Mustard,2232,2475,1.108870968
Bihar,KHAGARIA,1998,Rabi,Safflower,13,4,0.307692308
Bihar,KHAGARIA,1998,Rabi,Wheat,33653,62533,1.858170148
Bihar,KHAGARIA,1998,Summer,Maize,2358,4518,1.916030534
Bihar,KHAGARIA,1998,Summer,Rice,441,670,1.519274376
Bihar,KHAGARIA,1998,Whole Year,Banana,1420,67720,47.69014085
Bihar,KHAGARIA,1998,Whole Year,Coriander,113,104,0.920353982
Bihar,KHAGARIA,1998,Whole Year,Dry chillies,347,264,0.760806916
Bihar,KHAGARIA,1998,Whole Year,Garlic,31,45,1.451612903
Bihar,KHAGARIA,1998,Whole Year,Onion,301,4557,15.13953488
Bihar,KHAGARIA,1998,Whole Year,Potato,748,7369,9.851604278
Bihar,KHAGARIA,1998,Whole Year,Sannhamp,155,44,0.283870968
Bihar,KHAGARIA,1998,Whole Year,Sugarcane,144,7272,50.5
Bihar,KHAGARIA,1998,Whole Year,Sweet potato,106,1466,13.83018868
Bihar,KHAGARIA,1998,Whole Year,Turmeric,41,24,0.585365854
Bihar,KHAGARIA,1998,Winter,Rice,20347,4533,0.222784686
Bihar,KHAGARIA,1999,Kharif,Arhar/Tur,296,307,1.037162162
Bihar,KHAGARIA,1999,Kharif,Groundnut,18,22,1.222222222
Bihar,KHAGARIA,1999,Kharif,Horse-gram,250,198,0.792
Bihar,KHAGARIA,1999,Kharif,Jowar,161,191,1.186335404
Bihar,KHAGARIA,1999,Kharif,Maize,15520,19676,1.267783505
Bihar,KHAGARIA,1999,Kharif,Mesta,14,95,6.785714286
Bihar,KHAGARIA,1999,Kharif,Moong(Green Gram),489,298,0.609406953
Bihar,KHAGARIA,1999,Kharif,Ragi,42,41,0.976190476
Bihar,KHAGARIA,1999,Kharif,Rice,6720,5465,0.813244048
Bihar,KHAGARIA,1999,Kharif,Sesamum,7,4,0.571428571
Bihar,KHAGARIA,1999,Kharif,Sunflower,1055,1589,1.506161137
Bihar,KHAGARIA,1999,Kharif,Urad,2571,1996,0.776351614
Bihar,KHAGARIA,1999,Rabi,Gram,304,333,1.095394737
Bihar,KHAGARIA,1999,Rabi,Khesari,1226,1319,1.075856444
Bihar,KHAGARIA,1999,Rabi,Linseed,61,34,0.557377049
Bihar,KHAGARIA,1999,Rabi,Maize,32782,140241,4.27798792
Bihar,KHAGARIA,1999,Rabi,Masoor,1035,899,0.868599034
Bihar,KHAGARIA,1999,Rabi,Moong(Green Gram),1397,1055,0.755189692
Bihar,KHAGARIA,1999,Rabi,Other  Rabi pulses,293,238,0.812286689
Bihar,KHAGARIA,1999,Rabi,Peas & beans (Pulses),1027,734,0.714703019
Bihar,KHAGARIA,1999,Rabi,Rapeseed &Mustard,2983,2720,0.911833724
Bihar,KHAGARIA,1999,Rabi,Safflower,4,1,0.25
Bihar,KHAGARIA,1999,Rabi,Wheat,37288,77213,2.070719803
Bihar,KHAGARIA,1999,Summer,Maize,2660,8515,3.20112782
Bihar,KHAGARIA,1999,Summer,Rice,917,1387,1.512540894
Bihar,KHAGARIA,1999,Whole Year,Banana,1044,14084,13.49042146
Bihar,KHAGARIA,1999,Whole Year,Coriander,71,37,0.521126761
Bihar,KHAGARIA,1999,Whole Year,Dry chillies,340,289,0.85
Bihar,KHAGARIA,1999,Whole Year,Garlic,20,28,1.4
Bihar,KHAGARIA,1999,Whole Year,Onion,192,2037,10.609375
Bihar,KHAGARIA,1999,Whole Year,Potato,1089,12599,11.56932966
Bihar,KHAGARIA,1999,Whole Year,Sugarcane,159,6664,41.91194969
Bihar,KHAGARIA,1999,Whole Year,Sweet potato,33,456,13.81818182
Bihar,KHAGARIA,1999,Whole Year,Turmeric,43,25,0.581395349
Bihar,KHAGARIA,2000,Autumn,Rice,17414,8412,0.483059607
Bihar,KHAGARIA,2000,Kharif,Arhar/Tur,342,496,1.450292398
Bihar,KHAGARIA,2000,Kharif,Horse-gram,166,128,0.771084337
Bihar,KHAGARIA,2000,Kharif,Maize,11870,13046,1.099073294
Bihar,KHAGARIA,2000,Kharif,Mesta,49,378,7.714285714
Bihar,KHAGARIA,2000,Kharif,Moong(Green Gram),110,72,0.654545455
Bihar,KHAGARIA,2000,Kharif,Other Kharif pulses,58,30,0.517241379
Bihar,KHAGARIA,2000,Kharif,Ragi,40,44,1.1
Bihar,KHAGARIA,2000,Kharif,Rice,4379,1819,0.415391642
Bihar,KHAGARIA,2000,Kharif,Sesamum,1,1,1
Bihar,KHAGARIA,2000,Kharif,Small millets,182,37,0.203296703
Bihar,KHAGARIA,2000,Kharif,Sunflower,1010,1144,1.132673267
Bihar,KHAGARIA,2000,Kharif,Urad,2492,1491,0.598314607
Bihar,KHAGARIA,2000,Rabi,Barley,126,120,0.952380952
Bihar,KHAGARIA,2000,Rabi,Gram,208,168,0.807692308
Bihar,KHAGARIA,2000,Rabi,Khesari,897,852,0.949832776
Bihar,KHAGARIA,2000,Rabi,Linseed,36,25,0.694444444
Bihar,KHAGARIA,2000,Rabi,Maize,24577,112317,4.570004476
Bihar,KHAGARIA,2000,Rabi,Masoor,618,473,0.765372168
Bihar,KHAGARIA,2000,Rabi,Moong(Green Gram),1374,672,0.489082969
Bihar,KHAGARIA,2000,Rabi,Other  Rabi pulses,74,42,0.567567568
Bihar,KHAGARIA,2000,Rabi,Peas & beans (Pulses),1063,841,0.791157103
Bihar,KHAGARIA,2000,Rabi,Rapeseed &Mustard,2375,1900,0.8
Bihar,KHAGARIA,2000,Rabi,Safflower,3,2,0.666666667
Bihar,KHAGARIA,2000,Rabi,Wheat,35783,63733,1.781097169
Bihar,KHAGARIA,2000,Summer,Maize,8106,22765,2.808413521
Bihar,KHAGARIA,2000,Summer,Rice,3092,4484,1.450194049
Bihar,KHAGARIA,2000,Whole Year,Banana,428,10447,24.4088785
Bihar,KHAGARIA,2000,Whole Year,Coriander,63,30,0.476190476
Bihar,KHAGARIA,2000,Whole Year,Dry chillies,334,287,0.859281437
Bihar,KHAGARIA,2000,Whole Year,Garlic,21,30,1.428571429
Bihar,KHAGARIA,2000,Whole Year,Onion,214,1057,4.939252336
Bihar,KHAGARIA,2000,Whole Year,Potato,797,9041,11.34378921
Bihar,KHAGARIA,2000,Whole Year,Sugarcane,87,3499,40.2183908
Bihar,KHAGARIA,2000,Whole Year,Sweet potato,18,217,12.05555556
Bihar,KHAGARIA,2000,Whole Year,Turmeric,21,20,0.952380952
Bihar,KHAGARIA,2001,Autumn,Maize,12738,17981,1.411603077
Bihar,KHAGARIA,2001,Autumn,Rice,19260,8781,0.455919003
Bihar,KHAGARIA,2001,Kharif,Arhar/Tur,246,408,1.658536585
Bihar,KHAGARIA,2001,Kharif,Horse-gram,442,355,0.803167421
Bihar,KHAGARIA,2001,Kharif,Moong(Green Gram),37,33,0.891891892
Bihar,KHAGARIA,2001,Kharif,Other Kharif pulses,30,17,0.566666667
Bihar,KHAGARIA,2001,Kharif,Ragi,38,33,0.868421053
Bihar,KHAGARIA,2001,Kharif,Rice,1001,1670,1.668331668
Bihar,KHAGARIA,2001,Kharif,Small millets,6,5,0.833333333
Bihar,KHAGARIA,2001,Kharif,Sunflower,964,1317,1.366182573
Bihar,KHAGARIA,2001,Kharif,Urad,3571,2779,0.778213386
Bihar,KHAGARIA,2001,Rabi,Barley,98,59,0.602040816
Bihar,KHAGARIA,2001,Rabi,Gram,212,150,0.70754717
Bihar,KHAGARIA,2001,Rabi,Khesari,509,380,0.746561886
Bihar,KHAGARIA,2001,Rabi,Linseed,79,56,0.708860759
Bihar,KHAGARIA,2001,Rabi,Maize,23532,105659,4.490013599
Bihar,KHAGARIA,2001,Rabi,Masoor,720,323,0.448611111
Bihar,KHAGARIA,2001,Rabi,Other  Rabi pulses,49,34,0.693877551
Bihar,KHAGARIA,2001,Rabi,Peas & beans (Pulses),1274,1254,0.984301413
Bihar,KHAGARIA,2001,Rabi,Rapeseed &Mustard,3194,2568,0.804007514
Bihar,KHAGARIA,2001,Rabi,Safflower,90,69,0.766666667
Bihar,KHAGARIA,2001,Rabi,Wheat,41772,60395,1.445824955
Bihar,KHAGARIA,2001,Summer,Maize,7371,17664,2.396418396
Bihar,KHAGARIA,2001,Summer,Rice,8029,4368,0.544027899
Bihar,KHAGARIA,2001,Whole Year,Banana,142,2150,15.14084507
Bihar,KHAGARIA,2001,Whole Year,Coriander,58,34,0.586206897
Bihar,KHAGARIA,2001,Whole Year,Dry chillies,213,375,1.76056338
Bihar,KHAGARIA,2001,Whole Year,Garlic,22,32,1.454545455
Bihar,KHAGARIA,2001,Whole Year,Onion,141,2054,14.56737589
Bihar,KHAGARIA,2001,Whole Year,Potato,913,9314,10.20153341
Bihar,KHAGARIA,2001,Whole Year,Sugarcane,203,9405,46.33004926
Bihar,KHAGARIA,2001,Whole Year,Sweet potato,6,80,13.33333333
Bihar,KHAGARIA,2001,Whole Year,Turmeric,19,11,0.578947368
Bihar,KHAGARIA,2002,Autumn,Maize,14099,11386,0.807575005
Bihar,KHAGARIA,2002,Autumn,Rice,8408,2289,0.272240723
Bihar,KHAGARIA,2002,Kharif,Arhar/Tur,240,156,0.65
Bihar,KHAGARIA,2002,Kharif,Horse-gram,396,315,0.795454545
Bihar,KHAGARIA,2002,Kharif,Jute,5,33,6.6
Bihar,KHAGARIA,2002,Kharif,Moong(Green Gram),134,62,0.462686567
Bihar,KHAGARIA,2002,Kharif,Ragi,42,29,0.69047619
Bihar,KHAGARIA,2002,Kharif,Small millets,1068,791,0.740636704
Bihar,KHAGARIA,2002,Kharif,Sunflower,979,1351,1.379979571
Bihar,KHAGARIA,2002,Kharif,Urad,3829,2787,0.727866284
Bihar,KHAGARIA,2002,Rabi,Barley,87,76,0.873563218
Bihar,KHAGARIA,2002,Rabi,Gram,130,125,0.961538462
Bihar,KHAGARIA,2002,Rabi,Khesari,800,700,0.875
Bihar,KHAGARIA,2002,Rabi,Linseed,71,54,0.76056338
Bihar,KHAGARIA,2002,Rabi,Maize,25400,65049,2.560984252
Bihar,KHAGARIA,2002,Rabi,Masoor,935,473,0.505882353
Bihar,KHAGARIA,2002,Rabi,Other  Rabi pulses,39,28,0.717948718
Bihar,KHAGARIA,2002,Rabi,Peas & beans (Pulses),1299,1160,0.892994611
Bihar,KHAGARIA,2002,Rabi,Rapeseed &Mustard,3272,929,0.283924205
Bihar,KHAGARIA,2002,Rabi,Safflower,84,69,0.821428571
Bihar,KHAGARIA,2002,Rabi,Wheat,41069,52928,1.288757944
Bihar,KHAGARIA,2002,Summer,Maize,8948,21179,2.366897631
Bihar,KHAGARIA,2002,Summer,Moong(Green Gram),1350,674,0.499259259
Bihar,KHAGARIA,2002,Summer,Rice,1806,2626,1.454042082
Bihar,KHAGARIA,2002,Whole Year,Banana,55,4414,80.25454545
Bihar,KHAGARIA,2002,Whole Year,Coriander,108,70,0.648148148
Bihar,KHAGARIA,2002,Whole Year,Dry chillies,129,177,1.372093023
Bihar,KHAGARIA,2002,Whole Year,Garlic,33,49,1.484848485
Bihar,KHAGARIA,2002,Whole Year,Onion,148,1271,8.587837838
Bihar,KHAGARIA,2002,Whole Year,Potato,943,9427,9.996818664
Bihar,KHAGARIA,2002,Whole Year,Sannhamp,219,156,0.712328767
Bihar,KHAGARIA,2002,Whole Year,Sugarcane,138,5443,39.44202899
Bihar,KHAGARIA,2002,Whole Year,Sweet potato,5,70,14
Bihar,KHAGARIA,2002,Whole Year,Turmeric,17,17,1
Bihar,KHAGARIA,2002,Winter,Rice,16069,1062,0.066089987
Bihar,KHAGARIA,2003,Autumn,Rice,6549,4869,0.743472286
Bihar,KHAGARIA,2003,Kharif,Arhar/Tur,225,258,1.146666667
Bihar,KHAGARIA,2003,Kharif,Castor seed,10,10,1
Bihar,KHAGARIA,2003,Kharif,Horse-gram,410,303,0.73902439
Bihar,KHAGARIA,2003,Kharif,Jute,5,37,7.4
Bihar,KHAGARIA,2003,Kharif,Maize,15298,21589,1.411230226
Bihar,KHAGARIA,2003,Kharif,Moong(Green Gram),66,37,0.560606061
Bihar,KHAGARIA,2003,Kharif,Other Kharif pulses,62,35,0.564516129
Bihar,KHAGARIA,2003,Kharif,Ragi,43,29,0.674418605
Bihar,KHAGARIA,2003,Kharif,Small millets,897,664,0.740245262
Bihar,KHAGARIA,2003,Kharif,Sunflower,1201,1719,1.431307244
Bihar,KHAGARIA,2003,Kharif,Urad,3297,2456,0.744919624
Bihar,KHAGARIA,2003,Rabi,Barley,80,71,0.8875
Bihar,KHAGARIA,2003,Rabi,Gram,123,119,0.967479675
Bihar,KHAGARIA,2003,Rabi,Khesari,795,797,1.002515723
Bihar,KHAGARIA,2003,Rabi,Linseed,73,54,0.739726027
Bihar,KHAGARIA,2003,Rabi,Maize,24745,101380,4.096989291
Bihar,KHAGARIA,2003,Rabi,Masoor,908,682,0.751101322
Bihar,KHAGARIA,2003,Rabi,Other  Rabi pulses,31,23,0.741935484
Bihar,KHAGARIA,2003,Rabi,Peas & beans (Pulses),1255,1172,0.933864542
Bihar,KHAGARIA,2003,Rabi,Rapeseed &Mustard,3138,3386,1.07903123
Bihar,KHAGARIA,2003,Rabi,Safflower,85,69,0.811764706
Bihar,KHAGARIA,2003,Rabi,Wheat,40787,61432,1.50616618
Bihar,KHAGARIA,2003,Summer,Maize,9543,30586,3.20507178
Bihar,KHAGARIA,2003,Summer,Moong(Green Gram),1350,656,0.485925926
Bihar,KHAGARIA,2003,Summer,Rice,1987,2664,1.340714645
Bihar,KHAGARIA,2003,Whole Year,Banana,317,24574,77.52050473
Bihar,KHAGARIA,2003,Whole Year,Coriander,99,69,0.696969697
Bihar,KHAGARIA,2003,Whole Year,Dry chillies,94,68,0.723404255
Bihar,KHAGARIA,2003,Whole Year,Garlic,35,53,1.514285714
Bihar,KHAGARIA,2003,Whole Year,Onion,167,1585,9.491017964
Bihar,KHAGARIA,2003,Whole Year,Potato,803,9279,11.55541719
Bihar,KHAGARIA,2003,Whole Year,Sannhamp,184,135,0.733695652
Bihar,KHAGARIA,2003,Whole Year,Sugarcane,152,6640,43.68421053
Bihar,KHAGARIA,2003,Whole Year,Turmeric,17,17,1
Bihar,KHAGARIA,2003,Winter,Rice,15032,14635,0.973589675
Bihar,KHAGARIA,2004,Autumn,Rice,7308,501,0.068555008
Bihar,KHAGARIA,2004,Kharif,Arhar/Tur,230,243,1.056521739
Bihar,KHAGARIA,2004,Kharif,Castor seed,22,21,0.954545455
Bihar,KHAGARIA,2004,Kharif,Horse-gram,407,329,0.808353808
Bihar,KHAGARIA,2004,Kharif,Jute,6,47,7.833333333
Bihar,KHAGARIA,2004,Kharif,Maize,15003,23592,1.572485503
Bihar,KHAGARIA,2004,Kharif,Moong(Green Gram),79,46,0.582278481
Bihar,KHAGARIA,2004,Kharif,Other Kharif pulses,8,4,0.5
Bihar,KHAGARIA,2004,Kharif,Ragi,41,28,0.682926829
Bihar,KHAGARIA,2004,Kharif,Small millets,1002,743,0.741516966
Bihar,KHAGARIA,2004,Kharif,Sunflower,23,33,1.434782609
Bihar,KHAGARIA,2004,Kharif,Urad,3174,2382,0.75047259
Bihar,KHAGARIA,2004,Rabi,Barley,86,91,1.058139535
Bihar,KHAGARIA,2004,Rabi,Gram,135,83,0.614814815
Bihar,KHAGARIA,2004,Rabi,Khesari,784,397,0.506377551
Bihar,KHAGARIA,2004,Rabi,Linseed,74,62,0.837837838
Bihar,KHAGARIA,2004,Rabi,Maize,24559,93963,3.826010831
Bihar,KHAGARIA,2004,Rabi,Masoor,935,564,0.603208556
Bihar,KHAGARIA,2004,Rabi,Other  Rabi pulses,40,30,0.75
Bihar,KHAGARIA,2004,Rabi,Peas & beans (Pulses),1276,1123,0.880094044
Bihar,KHAGARIA,2004,Rabi,Rapeseed &Mustard,3201,3009,0.940018744
Bihar,KHAGARIA,2004,Rabi,Safflower,86,69,0.802325581
Bihar,KHAGARIA,2004,Rabi,Wheat,41286,70979,1.719202635
Bihar,KHAGARIA,2004,Summer,Maize,8836,19467,2.20314622
Bihar,KHAGARIA,2004,Summer,Moong(Green Gram),1318,602,0.456752656
Bihar,KHAGARIA,2004,Summer,Rice,1909,2998,1.570455736
Bihar,KHAGARIA,2004,Whole Year,Banana,344,4410,12.81976744
Bihar,KHAGARIA,2004,Whole Year,Coriander,88,58,0.659090909
Bihar,KHAGARIA,2004,Whole Year,Dry chillies,145,141,0.972413793
Bihar,KHAGARIA,2004,Whole Year,Garlic,30,45,1.5
Bihar,KHAGARIA,2004,Whole Year,Onion,152,886,5.828947368
Bihar,KHAGARIA,2004,Whole Year,Potato,933,10076,10.79957128
Bihar,KHAGARIA,2004,Whole Year,Sannhamp,202,163,0.806930693
Bihar,KHAGARIA,2004,Whole Year,Sugarcane,142,3780,26.61971831
Bihar,KHAGARIA,2004,Whole Year,Sweet potato,1,14,14
Bihar,KHAGARIA,2004,Whole Year,Turmeric,18,18,1
Bihar,KHAGARIA,2004,Winter,Rice,11059,1657,0.149832715
Bihar,KHAGARIA,2005,Autumn,Rice,7528,7310,0.971041445
Bihar,KHAGARIA,2005,Kharif,Arhar/Tur,172,275,1.598837209
Bihar,KHAGARIA,2005,Kharif,Horse-gram,395,340,0.860759494
Bihar,KHAGARIA,2005,Kharif,Maize,15202,23911,1.572885147
Bihar,KHAGARIA,2005,Kharif,Mesta,21,207,9.857142857
Bihar,KHAGARIA,2005,Kharif,Moong(Green Gram),85,52,0.611764706
Bihar,KHAGARIA,2005,Kharif,Other Kharif pulses,24,12,0.5
Bihar,KHAGARIA,2005,Kharif,Ragi,40,36,0.9
Bihar,KHAGARIA,2005,Kharif,Sesamum,1,1,1
Bihar,KHAGARIA,2005,Kharif,Small millets,934,692,0.740899358
Bihar,KHAGARIA,2005,Kharif,Sunflower,1257,1812,1.441527446
Bihar,KHAGARIA,2005,Kharif,Urad,2762,2014,0.729181752
Bihar,KHAGARIA,2005,Rabi,Barley,117,101,0.863247863
Bihar,KHAGARIA,2005,Rabi,Gram,253,223,0.881422925
Bihar,KHAGARIA,2005,Rabi,Khesari,543,653,1.202578269
Bihar,KHAGARIA,2005,Rabi,Linseed,86,71,0.825581395
Bihar,KHAGARIA,2005,Rabi,Maize,29868,129448,4.334002946
Bihar,KHAGARIA,2005,Rabi,Masoor,696,568,0.816091954
Bihar,KHAGARIA,2005,Rabi,Other  Rabi pulses,13,10,0.769230769
Bihar,KHAGARIA,2005,Rabi,Peas & beans (Pulses),1101,1068,0.970027248
Bihar,KHAGARIA,2005,Rabi,Rapeseed &Mustard,3111,5615,1.804885889
Bihar,KHAGARIA,2005,Rabi,Wheat,37401,61111,1.633940269
Bihar,KHAGARIA,2005,Summer,Maize,7104,14281,2.010275901
Bihar,KHAGARIA,2005,Summer,Moong(Green Gram),1430,875,0.611888112
Bihar,KHAGARIA,2005,Summer,Rice,294,333,1.132653061
Bihar,KHAGARIA,2005,Whole Year,Banana,855,31387,36.70994152
Bihar,KHAGARIA,2005,Whole Year,Coriander,99,64,0.646464646
Bihar,KHAGARIA,2005,Whole Year,Dry chillies,87,114,1.310344828
Bihar,KHAGARIA,2005,Whole Year,Garlic,40,59,1.475
Bihar,KHAGARIA,2005,Whole Year,Onion,220,1921,8.731818182
Bihar,KHAGARIA,2005,Whole Year,Potato,897,7950,8.862876254
Bihar,KHAGARIA,2005,Whole Year,Sannhamp,195,158,0.81025641
Bihar,KHAGARIA,2005,Whole Year,Sugarcane,142,5550,39.08450704
Bihar,KHAGARIA,2005,Whole Year,Sweet potato,46,750,16.30434783
Bihar,KHAGARIA,2005,Whole Year,Turmeric,25,24,0.96
Bihar,KHAGARIA,2005,Winter,Rice,11431,12223,1.069285277
Bihar,KHAGARIA,2006,Autumn,Rice,8648,7371,0.8523358
Bihar,KHAGARIA,2006,Kharif,Arhar/Tur,171,158,0.923976608
Bihar,KHAGARIA,2006,Kharif,Bajra,4,4,1
Bihar,KHAGARIA,2006,Kharif,Jute,1,10,10
Bihar,KHAGARIA,2006,Kharif,Maize,14828,17810,1.201106016
Bihar,KHAGARIA,2006,Kharif,Moong(Green Gram),7,4,0.571428571
Bihar,KHAGARIA,2006,Kharif,Ragi,68,59,0.867647059
Bihar,KHAGARIA,2006,Kharif,Sannhamp,151,124,0.821192053
Bihar,KHAGARIA,2006,Kharif,Sesamum,1,1,1
Bihar,KHAGARIA,2006,Kharif,Urad,4603,3580,0.777753639
Bihar,KHAGARIA,2006,Rabi,Barley,1950,1496,0.767179487
Bihar,KHAGARIA,2006,Rabi,Gram,248,186,0.75
Bihar,KHAGARIA,2006,Rabi,Khesari,462,571,1.235930736
Bihar,KHAGARIA,2006,Rabi,Linseed,31,25,0.806451613
Bihar,KHAGARIA,2006,Rabi,Maize,32400,181926,5.615
Bihar,KHAGARIA,2006,Rabi,Masoor,658,545,0.828267477
Bihar,KHAGARIA,2006,Rabi,Peas & beans (Pulses),1260,1172,0.93015873
Bihar,KHAGARIA,2006,Rabi,Rapeseed &Mustard,2533,4851,1.915120411
Bihar,KHAGARIA,2006,Rabi,Sunflower,947,1362,1.438225977
Bihar,KHAGARIA,2006,Rabi,Wheat,32229,47665,1.478947532
Bihar,KHAGARIA,2006,Summer,Maize,7509,25139,3.347849248
Bihar,KHAGARIA,2006,Summer,Moong(Green Gram),1376,724,0.526162791
Bihar,KHAGARIA,2006,Summer,Rice,288,396,1.375
Bihar,KHAGARIA,2006,Winter,Rice,13281,11365,0.855733755
Bihar,KHAGARIA,2007,Autumn,Maize,16294,21966,1.348103596
Bihar,KHAGARIA,2007,Autumn,Rice,9673,527,0.054481547
Bihar,KHAGARIA,2007,Kharif,Arhar/Tur,181,258,1.425414365
Bihar,KHAGARIA,2007,Kharif,Moong(Green Gram),90,61,0.677777778
Bihar,KHAGARIA,2007,Kharif,Other Kharif pulses,4,3,0.75
Bihar,KHAGARIA,2007,Kharif,Ragi,38,23,0.605263158
Bihar,KHAGARIA,2007,Kharif,Sannhamp,142,622.22,4.381830986
Bihar,KHAGARIA,2007,Kharif,Sesamum,51,42,0.823529412
Bihar,KHAGARIA,2007,Kharif,Small millets,890,651,0.731460674
Bihar,KHAGARIA,2007,Kharif,Urad,2944,2332,0.792119565
Bihar,KHAGARIA,2007,Rabi,Barley,154,175,1.136363636
Bihar,KHAGARIA,2007,Rabi,Gram,128,141,1.1015625
Bihar,KHAGARIA,2007,Rabi,Khesari,495,478,0.965656566
Bihar,KHAGARIA,2007,Rabi,Linseed,29,24,0.827586207
Bihar,KHAGARIA,2007,Rabi,Maize,33411,196223,5.873005896
Bihar,KHAGARIA,2007,Rabi,Masoor,604,622,1.029801325
Bihar,KHAGARIA,2007,Rabi,Other  Rabi pulses,28,21,0.75
Bihar,KHAGARIA,2007,Rabi,Peas & beans (Pulses),1394,1377,0.987804878
Bihar,KHAGARIA,2007,Rabi,Rapeseed &Mustard,2899,5734,1.977923422
Bihar,KHAGARIA,2007,Rabi,Sunflower,903,1267,1.403100775
Bihar,KHAGARIA,2007,Rabi,Wheat,34101,73116,2.144101346
Bihar,KHAGARIA,2007,Summer,Maize,6904,24725,3.581257242
Bihar,KHAGARIA,2007,Summer,Moong(Green Gram),1640,1563,0.95304878
Bihar,KHAGARIA,2007,Summer,Rice,77,89,1.155844156
Bihar,KHAGARIA,2007,Whole Year,Banana,719,9397,13.06954103
Bihar,KHAGARIA,2007,Whole Year,Coriander,115,84,0.730434783
Bihar,KHAGARIA,2007,Whole Year,Dry chillies,80,46,0.575
Bihar,KHAGARIA,2007,Whole Year,Garlic,51,74,1.450980392
Bihar,KHAGARIA,2007,Whole Year,Onion,237,2026,8.548523207
Bihar,KHAGARIA,2007,Whole Year,Potato,803,7318,9.113325031
Bihar,KHAGARIA,2007,Whole Year,Sweet potato,15,197,13.13333333
Bihar,KHAGARIA,2007,Whole Year,Turmeric,26,25,0.961538462
Bihar,KHAGARIA,2007,Winter,Rice,15832,3532,0.223092471
Bihar,KHAGARIA,2008,Autumn,Maize,16308,15966,0.979028698
Bihar,KHAGARIA,2008,Autumn,Rice,9388,6678,0.711333617
Bihar,KHAGARIA,2008,Kharif,Arhar/Tur,187,325,1.737967914
Bihar,KHAGARIA,2008,Kharif,Jowar,17,19,1.117647059
Bihar,KHAGARIA,2008,Kharif,Jute,1,8,8
Bihar,KHAGARIA,2008,Kharif,Moong(Green Gram),92,67,0.72826087
Bihar,KHAGARIA,2008,Kharif,Other Kharif pulses,2,1,0.5
Bihar,KHAGARIA,2008,Kharif,Potato,150,1125,7.5
Bihar,KHAGARIA,2008,Kharif,Ragi,45,37,0.822222222
Bihar,KHAGARIA,2008,Kharif,Sannhamp,145,638.88,4.406068966
Bihar,KHAGARIA,2008,Kharif,Sesamum,49,42,0.857142857
Bihar,KHAGARIA,2008,Kharif,Small millets,895,664,0.741899441
Bihar,KHAGARIA,2008,Kharif,Sweet potato,3,41,13.66666667
Bihar,KHAGARIA,2008,Kharif,Urad,2727,2337,0.856985699
Bihar,KHAGARIA,2008,Rabi,Barley,134,88,0.656716418
Bihar,KHAGARIA,2008,Rabi,Gram,252,224,0.888888889
Bihar,KHAGARIA,2008,Rabi,Khesari,436,422,0.967889908
Bihar,KHAGARIA,2008,Rabi,Linseed,27,22,0.814814815
Bihar,KHAGARIA,2008,Rabi,Maize,32130,145485,4.528011204
Bihar,KHAGARIA,2008,Rabi,Masoor,505,433,0.857425743
Bihar,KHAGARIA,2008,Rabi,Other  Rabi pulses,29,21,0.724137931
Bihar,KHAGARIA,2008,Rabi,Peas & beans (Pulses),1169,1125,0.962360992
Bihar,KHAGARIA,2008,Rabi,Potato,648,914,1.410493827
Bihar,KHAGARIA,2008,Rabi,Rapeseed &Mustard,2677,4192,1.565932013
Bihar,KHAGARIA,2008,Rabi,Sunflower,903,1267,1.403100775
Bihar,KHAGARIA,2008,Rabi,Sweet potato,15,221,14.73333333
Bihar,KHAGARIA,2008,Rabi,Wheat,34300,26845,0.782653061
Bihar,KHAGARIA,2008,Summer,Maize,5612,18138,3.232002851
Bihar,KHAGARIA,2008,Summer,Moong(Green Gram),1576,1056,0.670050761
Bihar,KHAGARIA,2008,Summer,Rice,70,113,1.614285714
Bihar,KHAGARIA,2008,Whole Year,Dry chillies,100,94,0.94
Bihar,KHAGARIA,2008,Whole Year,Garlic,51,81,1.588235294
Bihar,KHAGARIA,2008,Whole Year,Onion,241,2123,8.809128631
Bihar,KHAGARIA,2008,Whole Year,Sugarcane,1,17,17
Bihar,KHAGARIA,2008,Whole Year,Turmeric,27,31,1.148148148
Bihar,KHAGARIA,2008,Winter,Rice,14170,5434,0.383486239
Bihar,KHAGARIA,2009,Autumn,Maize,16328,17571,1.076126899
Bihar,KHAGARIA,2009,Autumn,Rice,9400,6779,0.721170213
Bihar,KHAGARIA,2009,Kharif,Arhar/Tur,173,304,1.757225434
Bihar,KHAGARIA,2009,Kharif,Horse-gram,316,304,0.962025316
Bihar,KHAGARIA,2009,Kharif,Jute,1,9,9
Bihar,KHAGARIA,2009,Kharif,Moong(Green Gram),93,62,0.666666667
Bihar,KHAGARIA,2009,Kharif,Other Kharif pulses,32,27,0.84375
Bihar,KHAGARIA,2009,Kharif,Ragi,45,36,0.8
Bihar,KHAGARIA,2009,Kharif,Sannhamp,112,91,0.8125
Bihar,KHAGARIA,2009,Kharif,Small millets,892,676,0.757847534
Bihar,KHAGARIA,2009,Kharif,Urad,2724,2697,0.990088106
Bihar,KHAGARIA,2009,Rabi,Barley,147,116,0.789115646
Bihar,KHAGARIA,2009,Rabi,Gram,251,311,1.239043825
Bihar,KHAGARIA,2009,Rabi,Khesari,459,459,1
Bihar,KHAGARIA,2009,Rabi,Linseed,29,25,0.862068966
Bihar,KHAGARIA,2009,Rabi,Maize,32412,118433,3.653986178
Bihar,KHAGARIA,2009,Rabi,Masoor,660,607,0.91969697
Bihar,KHAGARIA,2009,Rabi,Other  Rabi pulses,30,22,0.733333333
Bihar,KHAGARIA,2009,Rabi,Peas & beans (Pulses),1259,1260,1.000794281
Bihar,KHAGARIA,2009,Rabi,Rapeseed &Mustard,2527,4334,1.715077167
Bihar,KHAGARIA,2009,Rabi,Sunflower,1074,1509,1.405027933
Bihar,KHAGARIA,2009,Rabi,Wheat,32785,121351,3.701418332
Bihar,KHAGARIA,2009,Summer,Maize,6765,16259,2.403399852
Bihar,KHAGARIA,2009,Summer,Moong(Green Gram),1636,1697,1.037286064
Bihar,KHAGARIA,2009,Summer,Rice,74,96,1.297297297
Bihar,KHAGARIA,2009,Whole Year,Sugarcane,1,31,31
Bihar,KHAGARIA,2009,Winter,Rice,14841,2314,0.155919412
Bihar,KHAGARIA,2010,Autumn,Maize,16310,30374,1.862293072
Bihar,KHAGARIA,2010,Autumn,Rice,9487,7594,0.800463793
Bihar,KHAGARIA,2010,Kharif,Arhar/Tur,180,301,1.672222222
Bihar,KHAGARIA,2010,Kharif,Horse-gram,346,327,0.945086705
Bihar,KHAGARIA,2010,Kharif,Jowar,6,6,1
Bihar,KHAGARIA,2010,Kharif,Jute,1,9,9
Bihar,KHAGARIA,2010,Kharif,Mesta,370,3122,8.437837838
Bihar,KHAGARIA,2010,Kharif,Moong(Green Gram),92,60,0.652173913
Bihar,KHAGARIA,2010,Kharif,Other Kharif pulses,37,30,0.810810811
Bihar,KHAGARIA,2010,Kharif,Ragi,43,42,0.976744186
Bihar,KHAGARIA,2010,Kharif,Sesamum,18,14,0.777777778
Bihar,KHAGARIA,2010,Kharif,Small millets,892,683,0.765695067
Bihar,KHAGARIA,2010,Kharif,Urad,2798,2440,0.872051465
Bihar,KHAGARIA,2010,Rabi,Barley,156,145,0.929487179
Bihar,KHAGARIA,2010,Rabi,Gram,221,205,0.92760181
Bihar,KHAGARIA,2010,Rabi,Khesari,463,361,0.779697624
Bihar,KHAGARIA,2010,Rabi,Linseed,29,24,0.827586207
Bihar,KHAGARIA,2010,Rabi,Maize,32643,149864,4.590999602
Bihar,KHAGARIA,2010,Rabi,Masoor,590,553,0.937288136
Bihar,KHAGARIA,2010,Rabi,Other  Rabi pulses,29,22,0.75862069
Bihar,KHAGARIA,2010,Rabi,Peas & beans (Pulses),1274,1319,1.035321821
Bihar,KHAGARIA,2010,Rabi,Rapeseed &Mustard,2667,3462,1.298087739
Bihar,KHAGARIA,2010,Rabi,Sunflower,1001,1435,1.433566434
Bihar,KHAGARIA,2010,Rabi,Wheat,33893,58335,1.72115186
Bihar,KHAGARIA,2010,Summer,Maize,6782,21639,3.190651725
Bihar,KHAGARIA,2010,Summer,Moong(Green Gram),1637,1640,1.001832621
Bihar,KHAGARIA,2010,Summer,Rice,73,138,1.890410959
Bihar,KHAGARIA,2010,Whole Year,Sugarcane,221,18613,84.22171946
Bihar,KHAGARIA,2010,Winter,Rice,15034,5670,0.377145138
Bihar,KHAGARIA,2011,Autumn,Maize,16317,26335,1.6139609
Bihar,KHAGARIA,2011,Autumn,Rice,9386,9263,0.986895376
Bihar,KHAGARIA,2011,Kharif,Arhar/Tur,166,326,1.963855422
Bihar,KHAGARIA,2011,Kharif,Horse-gram,476,453,0.951680672
Bihar,KHAGARIA,2011,Kharif,Jowar,17,18,1.058823529
Bihar,KHAGARIA,2011,Kharif,Jute,1,12,12
Bihar,KHAGARIA,2011,Kharif,Moong(Green Gram),193,116,0.601036269
Bihar,KHAGARIA,2011,Kharif,Other Kharif pulses,22,20,0.909090909
Bihar,KHAGARIA,2011,Kharif,Ragi,44,53,1.204545455
Bihar,KHAGARIA,2011,Kharif,Sesamum,1,1,1
Bihar,KHAGARIA,2011,Kharif,Small millets,891,665,0.746352413
Bihar,KHAGARIA,2011,Kharif,Urad,2435,2087,0.857084189
Bihar,KHAGARIA,2011,Rabi,Barley,49,34,0.693877551
Bihar,KHAGARIA,2011,Rabi,Gram,268,283,1.055970149
Bihar,KHAGARIA,2011,Rabi,Khesari,432,394,0.912037037
Bihar,KHAGARIA,2011,Rabi,Linseed,39,34,0.871794872
Bihar,KHAGARIA,2011,Rabi,Maize,33708,215765,6.401002729
Bihar,KHAGARIA,2011,Rabi,Masoor,528,513,0.971590909
Bihar,KHAGARIA,2011,Rabi,Other  Rabi pulses,29,32,1.103448276
Bihar,KHAGARIA,2011,Rabi,Peas & beans (Pulses),1410,1454,1.031205674
Bihar,KHAGARIA,2011,Rabi,Rapeseed &Mustard,2829,3593,1.270060092
Bihar,KHAGARIA,2011,Rabi,Sunflower,936,1361,1.454059829
Bihar,KHAGARIA,2011,Rabi,Wheat,30115,114671,3.807770214
Bihar,KHAGARIA,2011,Summer,Maize,7213,24576,3.407181478
Bihar,KHAGARIA,2011,Summer,Moong(Green Gram),1637,1809,1.10507025
Bihar,KHAGARIA,2011,Summer,Rice,91,137,1.505494505
Bihar,KHAGARIA,2011,Whole Year,Tobacco,1,2,2
Bihar,KHAGARIA,2011,Winter,Rice,10968,20628,1.880743982
Bihar,KHAGARIA,2012,Autumn,Maize,17666,36185,2.048284841
Bihar,KHAGARIA,2012,Autumn,Rice,7524,9400,1.24933546
Bihar,KHAGARIA,2012,Kharif,Arhar/Tur,166,474,2.855421687
Bihar,KHAGARIA,2012,Kharif,Horse-gram,540,523,0.968518519
Bihar,KHAGARIA,2012,Kharif,Mesta,3,7,2.333333333
Bihar,KHAGARIA,2012,Kharif,Moong(Green Gram),239,149,0.623430962
Bihar,KHAGARIA,2012,Kharif,Other Kharif pulses,35,27,0.771428571
Bihar,KHAGARIA,2012,Kharif,Ragi,9,11,1.222222222
Bihar,KHAGARIA,2012,Kharif,Sannhamp,46,37,0.804347826
Bihar,KHAGARIA,2012,Kharif,Small millets,796,601,0.755025126
Bihar,KHAGARIA,2012,Kharif,Urad,2249,1922,0.854602045
Bihar,KHAGARIA,2012,Rabi,Barley,49,72,1.469387755
Bihar,KHAGARIA,2012,Rabi,Gram,268,171,0.638059701
Bihar,KHAGARIA,2012,Rabi,Khesari,432,609,1.409722222
Bihar,KHAGARIA,2012,Rabi,Linseed,39,34,0.871794872
Bihar,KHAGARIA,2012,Rabi,Maize,33708,115281,3.41998932
Bihar,KHAGARIA,2012,Rabi,Masoor,528,618,1.170454545
Bihar,KHAGARIA,2012,Rabi,Other  Rabi pulses,29,32,1.103448276
Bihar,KHAGARIA,2012,Rabi,Peas & beans (Pulses),1410,1468,1.041134752
Bihar,KHAGARIA,2012,Rabi,Rapeseed &Mustard,2829,4580,1.618946624
Bihar,KHAGARIA,2012,Rabi,Sunflower,912,1324,1.451754386
Bihar,KHAGARIA,2012,Rabi,Wheat,29900,90153,3.015150502
Bihar,KHAGARIA,2012,Summer,Maize,7213,34835,4.82947456
Bihar,KHAGARIA,2012,Summer,Moong(Green Gram),1637,1021,0.623701894
Bihar,KHAGARIA,2012,Summer,Rice,91,209,2.296703297
Bihar,KHAGARIA,2012,Whole Year,Sugarcane,73,7289,99.84931507
Bihar,KHAGARIA,2012,Whole Year,Tobacco,1,2,2
Bihar,KHAGARIA,2012,Winter,Rice,12914,28515,2.208068763
Bihar,KHAGARIA,2013,Autumn,Maize,17906,8020,0.44789456
Bihar,KHAGARIA,2013,Autumn,Rice,10098,6789,0.672311349
Bihar,KHAGARIA,2013,Kharif,Arhar/Tur,191,370,1.937172775
Bihar,KHAGARIA,2013,Kharif,Horse-gram,629,599,0.952305246
Bihar,KHAGARIA,2013,Kharif,Jowar,17,18,1.058823529
Bihar,KHAGARIA,2013,Kharif,Jute,2,29,14.5
Bihar,KHAGARIA,2013,Kharif,Mesta,3,46,15.33333333
Bihar,KHAGARIA,2013,Kharif,Moong(Green Gram),262,178,0.679389313
Bihar,KHAGARIA,2013,Kharif,Other Kharif pulses,51,43,0.843137255
Bihar,KHAGARIA,2013,Kharif,Ragi,32,32,1
Bihar,KHAGARIA,2013,Kharif,Sannhamp,104,84,0.807692308
Bihar,KHAGARIA,2013,Kharif,Sesamum,15,13,0.866666667
Bihar,KHAGARIA,2013,Kharif,Small millets,864,648,0.75
Bihar,KHAGARIA,2013,Kharif,Urad,2602,2375,0.912759416
Bihar,KHAGARIA,2013,Rabi,Barley,121,169,1.396694215
Bihar,KHAGARIA,2013,Rabi,Gram,232,347,1.495689655
Bihar,KHAGARIA,2013,Rabi,Khesari,381,569,1.49343832
Bihar,KHAGARIA,2013,Rabi,Linseed,29,25,0.862068966
Bihar,KHAGARIA,2013,Rabi,Maize,34158,151491,4.435007904
Bihar,KHAGARIA,2013,Rabi,Masoor,589,893,1.516129032
Bihar,KHAGARIA,2013,Rabi,Other  Rabi pulses,65,66,1.015384615
Bihar,KHAGARIA,2013,Rabi,Peas & beans (Pulses),1433,1519,1.060013957
Bihar,KHAGARIA,2013,Rabi,Rapeseed &Mustard,2748,5271,1.918122271
Bihar,KHAGARIA,2013,Rabi,Sunflower,953,1386,1.454354669
Bihar,KHAGARIA,2013,Rabi,Wheat,30366,98125,3.23141013
Bihar,KHAGARIA,2013,Summer,Maize,8092,25518,3.153484923
Bihar,KHAGARIA,2013,Summer,Moong(Green Gram),1539,1781,1.157244964
Bihar,KHAGARIA,2013,Summer,Rice,206,477,2.315533981
Bihar,KHAGARIA,2013,Whole Year,Sugarcane,74,5498,74.2972973
Bihar,KHAGARIA,2013,Whole Year,Tobacco,1,2,2
Bihar,KHAGARIA,2013,Winter,Rice,11452,15872,1.385958784
Bihar,KHAGARIA,2014,Autumn,Maize,17899,62173,3.473546008
Bihar,KHAGARIA,2014,Autumn,Rice,10094,9540,0.94511591
Bihar,KHAGARIA,2014,Kharif,Arhar/Tur,190,359,1.889473684
Bihar,KHAGARIA,2014,Kharif,Horse-gram,630,603,0.957142857
Bihar,KHAGARIA,2014,Kharif,Jowar,17,18,1.058823529
Bihar,KHAGARIA,2014,Kharif,Jute,2,30,15
Bihar,KHAGARIA,2014,Kharif,Mesta,3,40,13.33333333
Bihar,KHAGARIA,2014,Kharif,Moong(Green Gram),262,190,0.72519084
Bihar,KHAGARIA,2014,Kharif,Other Kharif pulses,52,44,0.846153846
Bihar,KHAGARIA,2014,Kharif,Ragi,27,40,1.481481481
Bihar,KHAGARIA,2014,Kharif,Sannhamp,103,83,0.805825243
Bihar,KHAGARIA,2014,Kharif,Sesamum,13,11,0.846153846
Bihar,KHAGARIA,2014,Kharif,Small millets,863,649,0.75202781
Bihar,KHAGARIA,2014,Kharif,Urad,2590,2368,0.914285714
Bihar,KHAGARIA,2014,Rabi,Barley,120,133,1.108333333
Bihar,KHAGARIA,2014,Rabi,Gram,232,207,0.892241379
Bihar,KHAGARIA,2014,Rabi,Khesari,382,256,0.670157068
Bihar,KHAGARIA,2014,Rabi,Linseed,29,25,0.862068966
Bihar,KHAGARIA,2014,Rabi,Maize,34162,119465,3.497014226
Bihar,KHAGARIA,2014,Rabi,Masoor,592,536,0.905405405
Bihar,KHAGARIA,2014,Rabi,Other  Rabi pulses,66,66,1
Bihar,KHAGARIA,2014,Rabi,Peas & beans (Pulses),1432,1446,1.009776536
Bihar,KHAGARIA,2014,Rabi,Rapeseed &Mustard,2749,3722,1.35394689
Bihar,KHAGARIA,2014,Rabi,Sunflower,956,1390,1.453974895
Bihar,KHAGARIA,2014,Rabi,Wheat,30369,33954,1.118048009
Bihar,KHAGARIA,2014,Summer,Maize,8096,33196,4.100296443
Bihar,KHAGARIA,2014,Summer,Moong(Green Gram),1417,820,0.578687368
Bihar,KHAGARIA,2014,Summer,Rice,208,427,2.052884615
Bihar,KHAGARIA,2014,Whole Year,Sugarcane,74,4110,55.54054054
Bihar,KHAGARIA,2014,Whole Year,Tobacco,1,2,2
Bihar,KHAGARIA,2014,Winter,Rice,13476,29511,2.189893143
Bihar,KISHANGANJ,1997,Autumn,Rice,12838,10254,0.798722542
Bihar,KISHANGANJ,1997,Kharif,Arhar/Tur,71,84,1.183098592
Bihar,KISHANGANJ,1997,Kharif,Dry ginger,193,273,1.414507772
Bihar,KISHANGANJ,1997,Kharif,Jute,28356,176122,6.211101707
Bihar,KISHANGANJ,1997,Kharif,Maize,252,449,1.781746032
Bihar,KISHANGANJ,1997,Kharif,Mesta,1707,10100,5.916813122
Bihar,KISHANGANJ,1997,Kharif,Other Kharif pulses,242,124,0.512396694
Bihar,KISHANGANJ,1997,Kharif,Sesamum,510,235,0.460784314
Bihar,KISHANGANJ,1997,Kharif,Small millets,14,8,0.571428571
Bihar,KISHANGANJ,1997,Rabi,Barley,40,41,1.025
Bihar,KISHANGANJ,1997,Rabi,Gram,146,77,0.52739726
Bihar,KISHANGANJ,1997,Rabi,Linseed,1875,1052,0.561066667
Bihar,KISHANGANJ,1997,Rabi,Maize,195,576,2.953846154
Bihar,KISHANGANJ,1997,Rabi,Other  Rabi pulses,47,34,0.723404255
Bihar,KISHANGANJ,1997,Rabi,Rapeseed &Mustard,2494,1200,0.481154771
Bihar,KISHANGANJ,1997,Rabi,Safflower,21,14,0.666666667
Bihar,KISHANGANJ,1997,Rabi,Sunflower,29,15,0.517241379
Bihar,KISHANGANJ,1997,Rabi,Tobacco,813,584,0.718327183
Bihar,KISHANGANJ,1997,Rabi,Wheat,19589,34718,1.772321201
Bihar,KISHANGANJ,1997,Summer,Maize,318,847,2.663522013
Bihar,KISHANGANJ,1997,Summer,Rice,9144,20521,2.24420385
Bihar,KISHANGANJ,1997,Whole Year,Banana,165,3906,23.67272727
Bihar,KISHANGANJ,1997,Whole Year,Coriander,21,10,0.476190476
Bihar,KISHANGANJ,1997,Whole Year,Dry chillies,25,24,0.96
Bihar,KISHANGANJ,1997,Whole Year,Garlic,120,160,1.333333333
Bihar,KISHANGANJ,1997,Whole Year,Onion,434,2474,5.700460829
Bihar,KISHANGANJ,1997,Whole Year,Potato,2503,15945,6.370355573
Bihar,KISHANGANJ,1997,Whole Year,Ragi,429,370,0.862470862
Bihar,KISHANGANJ,1997,Whole Year,Sugarcane,2,92,46
Bihar,KISHANGANJ,1997,Whole Year,Sweet potato,119,1176,9.882352941
Bihar,KISHANGANJ,1997,Whole Year,Turmeric,119,229,1.924369748
Bihar,KISHANGANJ,1997,Winter,Rice,75467,86418,1.145109783
Bihar,KISHANGANJ,1998,Kharif,Arhar/Tur,68,102,1.5
Bihar,KISHANGANJ,1998,Kharif,Blackgram,473,356,0.752642706
Bihar,KISHANGANJ,1998,Kharif,Jute,24800,85560,3.45
Bihar,KISHANGANJ,1998,Kharif,Maize,286,246,0.86013986
Bihar,KISHANGANJ,1998,Kharif,Mesta,1071,4760,4.444444444
Bihar,KISHANGANJ,1998,Kharif,Niger seed,253,154,0.608695652
Bihar,KISHANGANJ,1998,Kharif,Other Kharif pulses,2323,1383,0.595350839
Bihar,KISHANGANJ,1998,Kharif,Ragi,823,506,0.614823815
Bihar,KISHANGANJ,1998,Kharif,Sesamum,1085,566,0.521658986
Bihar,KISHANGANJ,1998,Kharif,Small millets,35,21,0.6
Bihar,KISHANGANJ,1998,Kharif,Sunflower,26,14,0.538461538
Bihar,KISHANGANJ,1998,Rabi,Barley,84,97,1.154761905
Bihar,KISHANGANJ,1998,Rabi,Gram,267,244,0.913857678
Bihar,KISHANGANJ,1998,Rabi,Linseed,2692,1696,0.630014859
Bihar,KISHANGANJ,1998,Rabi,Maize,164,406,2.475609756
Bihar,KISHANGANJ,1998,Rabi,Other  Rabi pulses,4421,2339,0.529065822
Bihar,KISHANGANJ,1998,Rabi,Rapeseed &Mustard,2425,1433,0.590927835
Bihar,KISHANGANJ,1998,Rabi,Wheat,19240,35172,1.828066528
Bihar,KISHANGANJ,1998,Summer,Maize,342,988,2.888888889
Bihar,KISHANGANJ,1998,Summer,Rice,9147,18918,2.068219088
Bihar,KISHANGANJ,1998,Whole Year,Banana,159,2649,16.66037736
Bihar,KISHANGANJ,1998,Whole Year,Coriander,30,18,0.6
Bihar,KISHANGANJ,1998,Whole Year,Dry chillies,55,52,0.945454545
Bihar,KISHANGANJ,1998,Whole Year,Dry ginger,359,502,1.398328691
Bihar,KISHANGANJ,1998,Whole Year,Garlic,118,171,1.449152542
Bihar,KISHANGANJ,1998,Whole Year,Onion,513,4586,8.93957115
Bihar,KISHANGANJ,1998,Whole Year,Potato,2880,21794,7.567361111
Bihar,KISHANGANJ,1998,Whole Year,Sannhamp,103,49,0.475728155
Bihar,KISHANGANJ,1998,Whole Year,Sugarcane,19,776,40.84210526
Bihar,KISHANGANJ,1998,Whole Year,Sweet potato,115,1243,10.80869565
Bihar,KISHANGANJ,1998,Whole Year,Tobacco,257,196,0.762645914
Bihar,KISHANGANJ,1998,Whole Year,Turmeric,147,279,1.897959184
Bihar,KISHANGANJ,1998,Winter,Rice,75297,65786,0.873686867
Bihar,KISHANGANJ,1999,Kharif,Arhar/Tur,66,78,1.181818182
Bihar,KISHANGANJ,1999,Kharif,Dry ginger,242,253,1.045454545
Bihar,KISHANGANJ,1999,Kharif,Horse-gram,1553,1146,0.737926594
Bihar,KISHANGANJ,1999,Kharif,Jowar,4133,5005,1.210984757
Bihar,KISHANGANJ,1999,Kharif,Jute,30381,219756,7.233336625
Bihar,KISHANGANJ,1999,Kharif,Maize,245,325,1.326530612
Bihar,KISHANGANJ,1999,Kharif,Mesta,1409,6826,4.844570617
Bihar,KISHANGANJ,1999,Kharif,Moong(Green Gram),372,187,0.502688172
Bihar,KISHANGANJ,1999,Kharif,Ragi,734,506,0.689373297
Bihar,KISHANGANJ,1999,Kharif,Rice,8165,7408,0.907287201
Bihar,KISHANGANJ,1999,Kharif,Sesamum,735,339,0.46122449
Bihar,KISHANGANJ,1999,Kharif,Sunflower,146,135,0.924657534
Bihar,KISHANGANJ,1999,Kharif,Urad,722,529,0.732686981
Bihar,KISHANGANJ,1999,Rabi,Gram,1385,1036,0.74801444
Bihar,KISHANGANJ,1999,Rabi,Khesari,380,329,0.865789474
Bihar,KISHANGANJ,1999,Rabi,Linseed,1169,722,0.617621899
Bihar,KISHANGANJ,1999,Rabi,Maize,3677,11737,3.192004351
Bihar,KISHANGANJ,1999,Rabi,Masoor,1051,536,0.509990485
Bihar,KISHANGANJ,1999,Rabi,Moong(Green Gram),3014,1661,0.551094891
Bihar,KISHANGANJ,1999,Rabi,Other  Rabi pulses,19,15,0.789473684
Bihar,KISHANGANJ,1999,Rabi,Peas & beans (Pulses),51,36,0.705882353
Bihar,KISHANGANJ,1999,Rabi,Rapeseed &Mustard,1107,984,0.888888889
Bihar,KISHANGANJ,1999,Rabi,Safflower,3,2,0.666666667
Bihar,KISHANGANJ,1999,Rabi,Wheat,15159,30606,2.018998615
Bihar,KISHANGANJ,1999,Summer,Maize,333,643,1.930930931
Bihar,KISHANGANJ,1999,Summer,Rice,10291,17542,1.704596249
Bihar,KISHANGANJ,1999,Whole Year,Banana,74,525,7.094594595
Bihar,KISHANGANJ,1999,Whole Year,Coriander,15,8,0.533333333
Bihar,KISHANGANJ,1999,Whole Year,Dry chillies,53,22,0.41509434
Bihar,KISHANGANJ,1999,Whole Year,Garlic,243,345,1.419753086
Bihar,KISHANGANJ,1999,Whole Year,Onion,292,2140,7.328767123
Bihar,KISHANGANJ,1999,Whole Year,Potato,1766,14197,8.039071348
Bihar,KISHANGANJ,1999,Whole Year,Sugarcane,23,582,25.30434783
Bihar,KISHANGANJ,1999,Whole Year,Sweet potato,79,1077,13.63291139
Bihar,KISHANGANJ,1999,Whole Year,Tobacco,12,12,1
Bihar,KISHANGANJ,1999,Whole Year,Turmeric,72,138,1.916666667
Bihar,KISHANGANJ,2000,Autumn,Rice,82062,94270,1.148765567
Bihar,KISHANGANJ,2000,Kharif,Arhar/Tur,51,53,1.039215686
Bihar,KISHANGANJ,2000,Kharif,Dry ginger,436,600,1.376146789
Bihar,KISHANGANJ,2000,Kharif,Horse-gram,2058,1519,0.738095238
Bihar,KISHANGANJ,2000,Kharif,Jute,34321,291156,8.483319251
Bihar,KISHANGANJ,2000,Kharif,Maize,163,312,1.914110429
Bihar,KISHANGANJ,2000,Kharif,Mesta,1204,8603,7.145348837
Bihar,KISHANGANJ,2000,Kharif,Moong(Green Gram),213,99,0.464788732
Bihar,KISHANGANJ,2000,Kharif,Other Kharif pulses,80,45,0.5625
Bihar,KISHANGANJ,2000,Kharif,Ragi,902,2342,2.596452328
Bihar,KISHANGANJ,2000,Kharif,Rice,19197,20153,1.049799448
Bihar,KISHANGANJ,2000,Kharif,Sesamum,990,456,0.460606061
Bihar,KISHANGANJ,2000,Kharif,Urad,1241,800,0.644641418
Bihar,KISHANGANJ,2000,Rabi,Barley,18,21,1.166666667
Bihar,KISHANGANJ,2000,Rabi,Gram,537,487,0.90689013
Bihar,KISHANGANJ,2000,Rabi,Khesari,570,314,0.550877193
Bihar,KISHANGANJ,2000,Rabi,Linseed,2943,1875,0.637104995
Bihar,KISHANGANJ,2000,Rabi,Maize,217,640,2.949308756
Bihar,KISHANGANJ,2000,Rabi,Masoor,1169,545,0.466210436
Bihar,KISHANGANJ,2000,Rabi,Moong(Green Gram),3950,1943,0.491898734
Bihar,KISHANGANJ,2000,Rabi,Rapeseed &Mustard,1768,640,0.36199095
Bihar,KISHANGANJ,2000,Rabi,Wheat,25552,40741,1.594434878
Bihar,KISHANGANJ,2000,Summer,Maize,202,512,2.534653465
Bihar,KISHANGANJ,2000,Summer,Rice,11716,16161,1.379395698
Bihar,KISHANGANJ,2000,Whole Year,Banana,561,17935,31.96969697
Bihar,KISHANGANJ,2000,Whole Year,Coriander,16,8,0.5
Bihar,KISHANGANJ,2000,Whole Year,Dry chillies,18,13,0.722222222
Bihar,KISHANGANJ,2000,Whole Year,Garlic,295,364,1.233898305
Bihar,KISHANGANJ,2000,Whole Year,Onion,555,4340,7.81981982
Bihar,KISHANGANJ,2000,Whole Year,Potato,2981,22770,7.638376384
Bihar,KISHANGANJ,2000,Whole Year,Sugarcane,3,87,29
Bihar,KISHANGANJ,2000,Whole Year,Sweet potato,49,904,18.44897959
Bihar,KISHANGANJ,2000,Whole Year,Tobacco,189,220,1.164021164
Bihar,KISHANGANJ,2000,Whole Year,Turmeric,109,106,0.972477064
Bihar,KISHANGANJ,2001,Autumn,Maize,202,346,1.712871287
Bihar,KISHANGANJ,2001,Autumn,Rice,76335,71635,0.938429292
Bihar,KISHANGANJ,2001,Kharif,Arhar/Tur,283,339,1.197879859
Bihar,KISHANGANJ,2001,Kharif,Dry ginger,81,113,1.395061728
Bihar,KISHANGANJ,2001,Kharif,Groundnut,24,13,0.541666667
Bihar,KISHANGANJ,2001,Kharif,Horse-gram,1610,1393,0.865217391
Bihar,KISHANGANJ,2001,Kharif,Jute,30897,210100,6.800012946
Bihar,KISHANGANJ,2001,Kharif,Mesta,1566,9587,6.121966794
Bihar,KISHANGANJ,2001,Kharif,Moong(Green Gram),295,121,0.410169492
Bihar,KISHANGANJ,2001,Kharif,Other Kharif pulses,140,81,0.578571429
Bihar,KISHANGANJ,2001,Kharif,Ragi,838,626,0.747016706
Bihar,KISHANGANJ,2001,Kharif,Rice,11836,21144,1.786414329
Bihar,KISHANGANJ,2001,Kharif,Sesamum,599,361,0.602671119
Bihar,KISHANGANJ,2001,Kharif,Small millets,2,2,1
Bihar,KISHANGANJ,2001,Kharif,Sunflower,275,409,1.487272727
Bihar,KISHANGANJ,2001,Kharif,Urad,698,556,0.796561605
Bihar,KISHANGANJ,2001,Rabi,Gram,3337,2066,0.619118969
Bihar,KISHANGANJ,2001,Rabi,Khesari,358,170,0.474860335
Bihar,KISHANGANJ,2001,Rabi,Linseed,1892,1052,0.55602537
Bihar,KISHANGANJ,2001,Rabi,Maize,510,1348,2.643137255
Bihar,KISHANGANJ,2001,Rabi,Masoor,680,562,0.826470588
Bihar,KISHANGANJ,2001,Rabi,Other  Rabi pulses,286,200,0.699300699
Bihar,KISHANGANJ,2001,Rabi,Peas & beans (Pulses),23,23,1
Bihar,KISHANGANJ,2001,Rabi,Rapeseed &Mustard,2367,2194,0.926911703
Bihar,KISHANGANJ,2001,Rabi,Wheat,28459,44737,1.571980744
Bihar,KISHANGANJ,2001,Summer,Maize,177,433,2.446327684
Bihar,KISHANGANJ,2001,Summer,Rice,7712,5563,0.721343361
Bihar,KISHANGANJ,2001,Whole Year,Banana,570,16205,28.42982456
Bihar,KISHANGANJ,2001,Whole Year,Coriander,43,24,0.558139535
Bihar,KISHANGANJ,2001,Whole Year,Dry chillies,12,11,0.916666667
Bihar,KISHANGANJ,2001,Whole Year,Garlic,108,159,1.472222222
Bihar,KISHANGANJ,2001,Whole Year,Onion,816,6463,7.920343137
Bihar,KISHANGANJ,2001,Whole Year,Potato,4071,30370,7.460083518
Bihar,KISHANGANJ,2001,Whole Year,Sugarcane,38,1760,46.31578947
Bihar,KISHANGANJ,2001,Whole Year,Sweet potato,91,1020,11.20879121
Bihar,KISHANGANJ,2001,Whole Year,Turmeric,28,53,1.892857143
Bihar,KISHANGANJ,2002,Autumn,Maize,885,1753,1.98079096
Bihar,KISHANGANJ,2002,Autumn,Rice,5944,4360,0.733512786
Bihar,KISHANGANJ,2002,Kharif,Arhar/Tur,235,313,1.331914894
Bihar,KISHANGANJ,2002,Kharif,Castor seed,21,21,1
Bihar,KISHANGANJ,2002,Kharif,Horse-gram,961,765,0.796045786
Bihar,KISHANGANJ,2002,Kharif,Jute,31873,213903,6.711103442
Bihar,KISHANGANJ,2002,Kharif,Mesta,1601,9161,5.72204872
Bihar,KISHANGANJ,2002,Kharif,Moong(Green Gram),44,26,0.590909091
Bihar,KISHANGANJ,2002,Kharif,Ragi,779,661,0.848523748
Bihar,KISHANGANJ,2002,Kharif,Sesamum,657,514,0.782343988
Bihar,KISHANGANJ,2002,Kharif,Small millets,203,150,0.738916256
Bihar,KISHANGANJ,2002,Kharif,Urad,473,356,0.752642706
Bihar,KISHANGANJ,2002,Rabi,Barley,39,45,1.153846154
Bihar,KISHANGANJ,2002,Rabi,Gram,370,210,0.567567568
Bihar,KISHANGANJ,2002,Rabi,Khesari,758,350,0.461741425
Bihar,KISHANGANJ,2002,Rabi,Linseed,1568,1192,0.760204082
Bihar,KISHANGANJ,2002,Rabi,Maize,512,1195,2.333984375
Bihar,KISHANGANJ,2002,Rabi,Masoor,694,354,0.510086455
Bihar,KISHANGANJ,2002,Rabi,Peas & beans (Pulses),13,12,0.923076923
Bihar,KISHANGANJ,2002,Rabi,Rapeseed &Mustard,2242,883,0.393844781
Bihar,KISHANGANJ,2002,Rabi,Wheat,29190,47913,1.641418294
Bihar,KISHANGANJ,2002,Summer,Maize,198,418,2.111111111
Bihar,KISHANGANJ,2002,Summer,Moong(Green Gram),5750,3973,0.690956522
Bihar,KISHANGANJ,2002,Summer,Rice,11262,17451,1.54954715
Bihar,KISHANGANJ,2002,Whole Year,Banana,464,8904,19.18965517
Bihar,KISHANGANJ,2002,Whole Year,Coriander,12,7,0.583333333
Bihar,KISHANGANJ,2002,Whole Year,Dry chillies,52,36,0.692307692
Bihar,KISHANGANJ,2002,Whole Year,Dry ginger,183,272,1.486338798
Bihar,KISHANGANJ,2002,Whole Year,Garlic,62,92,1.483870968
Bihar,KISHANGANJ,2002,Whole Year,Onion,699,5431,7.769670959
Bihar,KISHANGANJ,2002,Whole Year,Potato,3087,25922,8.397149336
Bihar,KISHANGANJ,2002,Whole Year,Sweet potato,3,37,12.33333333
Bihar,KISHANGANJ,2002,Whole Year,Tobacco,344,387,1.125
Bihar,KISHANGANJ,2002,Whole Year,Turmeric,48,47,0.979166667
Bihar,KISHANGANJ,2002,Winter,Rice,70170,71989,1.025922759
Bihar,KISHANGANJ,2003,Autumn,Rice,5554,4586,0.825711199
Bihar,KISHANGANJ,2003,Kharif,Arhar/Tur,214,260,1.214953271
Bihar,KISHANGANJ,2003,Kharif,Castor seed,17,17,1
Bihar,KISHANGANJ,2003,Kharif,Dry ginger,184,283,1.538043478
Bihar,KISHANGANJ,2003,Kharif,Horse-gram,1458,1076,0.737997257
Bihar,KISHANGANJ,2003,Kharif,Jute,34330,238021,6.933323624
Bihar,KISHANGANJ,2003,Kharif,Maize,173,434,2.50867052
Bihar,KISHANGANJ,2003,Kharif,Mesta,2362,14526,6.149872989
Bihar,KISHANGANJ,2003,Kharif,Moong(Green Gram),11,7,0.636363636
Bihar,KISHANGANJ,2003,Kharif,Other Kharif pulses,4,0,0
Bihar,KISHANGANJ,2003,Kharif,Ragi,588,139,0.236394558
Bihar,KISHANGANJ,2003,Kharif,Sesamum,596,454,0.761744966
Bihar,KISHANGANJ,2003,Kharif,Small millets,246,182,0.739837398
Bihar,KISHANGANJ,2003,Kharif,Urad,429,320,0.745920746
Bihar,KISHANGANJ,2003,Rabi,Barley,39,44,1.128205128
Bihar,KISHANGANJ,2003,Rabi,Gram,328,72,0.219512195
Bihar,KISHANGANJ,2003,Rabi,Khesari,733,365,0.497953615
Bihar,KISHANGANJ,2003,Rabi,Linseed,1478,1159,0.784167794
Bihar,KISHANGANJ,2003,Rabi,Maize,272,441,1.621323529
Bihar,KISHANGANJ,2003,Rabi,Masoor,736,283,0.38451087
Bihar,KISHANGANJ,2003,Rabi,Other  Rabi pulses,20,15,0.75
Bihar,KISHANGANJ,2003,Rabi,Peas & beans (Pulses),16,15,0.9375
Bihar,KISHANGANJ,2003,Rabi,Rapeseed &Mustard,1878,1910,1.017039404
Bihar,KISHANGANJ,2003,Rabi,Wheat,27750,22669,0.816900901
Bihar,KISHANGANJ,2003,Summer,Maize,209,465,2.224880383
Bihar,KISHANGANJ,2003,Summer,Moong(Green Gram),5452,2410,0.442039618
Bihar,KISHANGANJ,2003,Summer,Rice,11110,13473,1.212691269
Bihar,KISHANGANJ,2003,Whole Year,Banana,427,3484,8.159250585
Bihar,KISHANGANJ,2003,Whole Year,Coriander,8,6,0.75
Bihar,KISHANGANJ,2003,Whole Year,Dry chillies,54,30,0.555555556
Bihar,KISHANGANJ,2003,Whole Year,Garlic,85,128,1.505882353
Bihar,KISHANGANJ,2003,Whole Year,Onion,688,5201,7.559593023
Bihar,KISHANGANJ,2003,Whole Year,Potato,2896,23693,8.18128453
Bihar,KISHANGANJ,2003,Whole Year,Sweet potato,125,1828,14.624
Bihar,KISHANGANJ,2003,Whole Year,Tobacco,343,381,1.110787172
Bihar,KISHANGANJ,2003,Whole Year,Turmeric,55,54,0.981818182
Bihar,KISHANGANJ,2003,Winter,Rice,86029,128719,1.496228016
Bihar,KISHANGANJ,2004,Autumn,Rice,5045,4865,0.96432111
Bihar,KISHANGANJ,2004,Kharif,Arhar/Tur,202,249,1.232673267
Bihar,KISHANGANJ,2004,Kharif,Castor seed,16,15,0.9375
Bihar,KISHANGANJ,2004,Kharif,Dry ginger,183,278,1.519125683
Bihar,KISHANGANJ,2004,Kharif,Horse-gram,1003,804,0.801595214
Bihar,KISHANGANJ,2004,Kharif,Jute,32983,257634,7.811114817
Bihar,KISHANGANJ,2004,Kharif,Maize,161,296,1.838509317
Bihar,KISHANGANJ,2004,Kharif,Mesta,2265,15352,6.777924945
Bihar,KISHANGANJ,2004,Kharif,Moong(Green Gram),10,4,0.4
Bihar,KISHANGANJ,2004,Kharif,Other Kharif pulses,4,2,0.5
Bihar,KISHANGANJ,2004,Kharif,Ragi,548,469,0.855839416
Bihar,KISHANGANJ,2004,Kharif,Sesamum,585,454,0.776068376
Bihar,KISHANGANJ,2004,Kharif,Small millets,223,165,0.739910314
Bihar,KISHANGANJ,2004,Kharif,Urad,409,307,0.750611247
Bihar,KISHANGANJ,2004,Rabi,Barley,39,41,1.051282051
Bihar,KISHANGANJ,2004,Rabi,Gram,321,268,0.834890966
Bihar,KISHANGANJ,2004,Rabi,Khesari,735,231,0.314285714
Bihar,KISHANGANJ,2004,Rabi,Linseed,1458,1076,0.737997257
Bihar,KISHANGANJ,2004,Rabi,Maize,271,834,3.077490775
Bihar,KISHANGANJ,2004,Rabi,Masoor,737,360,0.488466757
Bihar,KISHANGANJ,2004,Rabi,Other  Rabi pulses,19,14,0.736842105
Bihar,KISHANGANJ,2004,Rabi,Peas & beans (Pulses),15,13,0.866666667
Bihar,KISHANGANJ,2004,Rabi,Rapeseed &Mustard,1892,1871,0.988900634
Bihar,KISHANGANJ,2004,Rabi,Wheat,28121,37283,1.325806337
Bihar,KISHANGANJ,2004,Summer,Maize,192,533,2.776041667
Bihar,KISHANGANJ,2004,Summer,Moong(Green Gram),5343,4087,0.764926071
Bihar,KISHANGANJ,2004,Summer,Rice,10919,15127,1.385383277
Bihar,KISHANGANJ,2004,Whole Year,Banana,415,3386,8.159036145
Bihar,KISHANGANJ,2004,Whole Year,Coriander,14,9,0.642857143
Bihar,KISHANGANJ,2004,Whole Year,Dry chillies,55,39,0.709090909
Bihar,KISHANGANJ,2004,Whole Year,Dry ginger,183,277,1.513661202
Bihar,KISHANGANJ,2004,Whole Year,Garlic,89,134,1.505617978
Bihar,KISHANGANJ,2004,Whole Year,Onion,705,6007,8.520567376
Bihar,KISHANGANJ,2004,Whole Year,Potato,2927,21521,7.352579433
Bihar,KISHANGANJ,2004,Whole Year,Sweet potato,39,469,12.02564103
Bihar,KISHANGANJ,2004,Whole Year,Tobacco,331,384,1.160120846
Bihar,KISHANGANJ,2004,Whole Year,Turmeric,59,58,0.983050847
Bihar,KISHANGANJ,2004,Winter,Rice,86634,51261,0.591696101
Bihar,KISHANGANJ,2005,Autumn,Rice,3915,3947,1.008173691
Bihar,KISHANGANJ,2005,Kharif,Arhar/Tur,270,292,1.081481481
Bihar,KISHANGANJ,2005,Kharif,Horse-gram,1008,897,0.889880952
Bihar,KISHANGANJ,2005,Kharif,Jute,33698,229146,6.79998813
Bihar,KISHANGANJ,2005,Kharif,Maize,151,283,1.874172185
Bihar,KISHANGANJ,2005,Kharif,Mesta,2663,20683,7.766804356
Bihar,KISHANGANJ,2005,Kharif,Moong(Green Gram),17,10,0.588235294
Bihar,KISHANGANJ,2005,Kharif,Other Kharif pulses,4,2,0.5
Bihar,KISHANGANJ,2005,Kharif,Ragi,519,401,0.772639692
Bihar,KISHANGANJ,2005,Kharif,Sesamum,441,330,0.74829932
Bihar,KISHANGANJ,2005,Kharif,Small millets,218,162,0.743119266
Bihar,KISHANGANJ,2005,Kharif,Urad,410,355,0.865853659
Bihar,KISHANGANJ,2005,Rabi,Barley,2,2,1
Bihar,KISHANGANJ,2005,Rabi,Gram,474,446,0.94092827
Bihar,KISHANGANJ,2005,Rabi,Khesari,638,392,0.614420063
Bihar,KISHANGANJ,2005,Rabi,Linseed,2399,2054,0.856190079
Bihar,KISHANGANJ,2005,Rabi,Maize,922,2507,2.719088937
Bihar,KISHANGANJ,2005,Rabi,Masoor,1369,820,0.598977356
Bihar,KISHANGANJ,2005,Rabi,Peas & beans (Pulses),118,109,0.923728814
Bihar,KISHANGANJ,2005,Rabi,Rapeseed &Mustard,1778,1968,1.106861642
Bihar,KISHANGANJ,2005,Rabi,Wheat,22607,16627,0.735480161
Bihar,KISHANGANJ,2005,Summer,Maize,213,427,2.004694836
Bihar,KISHANGANJ,2005,Summer,Moong(Green Gram),5481,3168,0.577996716
Bihar,KISHANGANJ,2005,Summer,Rice,11507,16005,1.3908925
Bihar,KISHANGANJ,2005,Whole Year,Banana,422,7516,17.81042654
Bihar,KISHANGANJ,2005,Whole Year,Coriander,47,37,0.787234043
Bihar,KISHANGANJ,2005,Whole Year,Dry chillies,83,53,0.638554217
Bihar,KISHANGANJ,2005,Whole Year,Dry ginger,530,799,1.50754717
Bihar,KISHANGANJ,2005,Whole Year,Garlic,267,394,1.475655431
Bihar,KISHANGANJ,2005,Whole Year,Onion,681,5325,7.81938326
Bihar,KISHANGANJ,2005,Whole Year,Potato,2831,23743,8.38678912
Bihar,KISHANGANJ,2005,Whole Year,Sweet potato,29,439,15.13793103
Bihar,KISHANGANJ,2005,Whole Year,Tobacco,170,197,1.158823529
Bihar,KISHANGANJ,2005,Whole Year,Turmeric,456,443,0.971491228
Bihar,KISHANGANJ,2005,Winter,Rice,87123,77932,0.894505469
Bihar,KISHANGANJ,2006,Autumn,Rice,3127,2219,0.709625839
Bihar,KISHANGANJ,2006,Kharif,Arhar/Tur,59,73,1.237288136
Bihar,KISHANGANJ,2006,Kharif,Jute,26248,179507,6.838882963
Bihar,KISHANGANJ,2006,Kharif,Maize,441,952,2.158730159
Bihar,KISHANGANJ,2006,Kharif,Mesta,2037,13569,6.661266568
Bihar,KISHANGANJ,2006,Kharif,Moong(Green Gram),1166,574,0.492281304
Bihar,KISHANGANJ,2006,Kharif,Ragi,179,107,0.597765363
Bihar,KISHANGANJ,2006,Kharif,Sesamum,331,251,0.758308157
Bihar,KISHANGANJ,2006,Kharif,Urad,280,213,0.760714286
Bihar,KISHANGANJ,2006,Rabi,Barley,2,2,1
Bihar,KISHANGANJ,2006,Rabi,Gram,312,296,0.948717949
Bihar,KISHANGANJ,2006,Rabi,Khesari,1008,568,0.563492063
Bihar,KISHANGANJ,2006,Rabi,Linseed,1778,1510,0.849268841
Bihar,KISHANGANJ,2006,Rabi,Maize,4064,14135,3.478100394
Bihar,KISHANGANJ,2006,Rabi,Masoor,1096,689,0.628649635
Bihar,KISHANGANJ,2006,Rabi,Peas & beans (Pulses),110,102,0.927272727
Bihar,KISHANGANJ,2006,Rabi,Rapeseed &Mustard,1849,1346,0.72796106
Bihar,KISHANGANJ,2006,Rabi,Wheat,21676,27904,1.287322384
Bihar,KISHANGANJ,2006,Summer,Maize,244,1230,5.040983607
Bihar,KISHANGANJ,2006,Summer,Moong(Green Gram),5425,4622,0.851981567
Bihar,KISHANGANJ,2006,Summer,Rice,10881,14764,1.356860583
Bihar,KISHANGANJ,2006,Winter,Rice,68760,58612,0.852414194
Bihar,KISHANGANJ,2007,Autumn,Maize,411,834,2.02919708
Bihar,KISHANGANJ,2007,Autumn,Rice,3003,1986,0.661338661
Bihar,KISHANGANJ,2007,Kharif,Arhar/Tur,53,56,1.056603774
Bihar,KISHANGANJ,2007,Kharif,Dry ginger,455,692,1.520879121
Bihar,KISHANGANJ,2007,Kharif,Jute,24927,168548,6.761664059
Bihar,KISHANGANJ,2007,Kharif,Mesta,1930,12577,6.516580311
Bihar,KISHANGANJ,2007,Kharif,Moong(Green Gram),1051,486,0.462416746
Bihar,KISHANGANJ,2007,Kharif,Other Kharif pulses,19,11,0.578947368
Bihar,KISHANGANJ,2007,Kharif,Ragi,174,142,0.816091954
Bihar,KISHANGANJ,2007,Kharif,Sesamum,243,195,0.802469136
Bihar,KISHANGANJ,2007,Kharif,Urad,200,160,0.8
Bihar,KISHANGANJ,2007,Rabi,Gram,266,256,0.962406015
Bihar,KISHANGANJ,2007,Rabi,Khesari,886,595,0.671557562
Bihar,KISHANGANJ,2007,Rabi,Linseed,2736,2027,0.740862573
Bihar,KISHANGANJ,2007,Rabi,Maize,784,2596,3.31122449
Bihar,KISHANGANJ,2007,Rabi,Masoor,1047,610,0.582617001
Bihar,KISHANGANJ,2007,Rabi,Peas & beans (Pulses),108,187,1.731481481
Bihar,KISHANGANJ,2007,Rabi,Rapeseed &Mustard,1625,1534,0.944
Bihar,KISHANGANJ,2007,Rabi,Wheat,21466,21955,1.022780211
Bihar,KISHANGANJ,2007,Summer,Maize,221,895,4.049773756
Bihar,KISHANGANJ,2007,Summer,Moong(Green Gram),6197,3024,0.487978054
Bihar,KISHANGANJ,2007,Summer,Rice,11538,9955,0.862801179
Bihar,KISHANGANJ,2007,Whole Year,Banana,507,6236,12.29980276
Bihar,KISHANGANJ,2007,Whole Year,Coriander,32,23,0.71875
Bihar,KISHANGANJ,2007,Whole Year,Dry chillies,79,46,0.582278481
Bihar,KISHANGANJ,2007,Whole Year,Garlic,256,355,1.38671875
Bihar,KISHANGANJ,2007,Whole Year,Onion,474,3697,7.799578059
Bihar,KISHANGANJ,2007,Whole Year,Potato,3285,25145,7.654490107
Bihar,KISHANGANJ,2007,Whole Year,Sugarcane,76,2709,35.64473684
Bihar,KISHANGANJ,2007,Whole Year,Sweet potato,42,559,13.30952381
Bihar,KISHANGANJ,2007,Whole Year,Tobacco,88,148,1.681818182
Bihar,KISHANGANJ,2007,Whole Year,Turmeric,444,422,0.95045045
Bihar,KISHANGANJ,2007,Winter,Rice,66305,48788,0.735811779
Bihar,KISHANGANJ,2008,Autumn,Maize,402,1014,2.52238806
Bihar,KISHANGANJ,2008,Autumn,Rice,2877,2385,0.82898853
Bihar,KISHANGANJ,2008,Kharif,Arhar/Tur,44,51,1.159090909
Bihar,KISHANGANJ,2008,Kharif,Dry ginger,510,845,1.656862745
Bihar,KISHANGANJ,2008,Kharif,Groundnut,2,1,0.5
Bihar,KISHANGANJ,2008,Kharif,Jute,24681,162620,6.588874033
Bihar,KISHANGANJ,2008,Kharif,Mesta,1927,12504,6.488842761
Bihar,KISHANGANJ,2008,Kharif,Moong(Green Gram),1124,489,0.435053381
Bihar,KISHANGANJ,2008,Kharif,Other Kharif pulses,60,35,0.583333333
Bihar,KISHANGANJ,2008,Kharif,Potato,2151,17380,8.079962808
Bihar,KISHANGANJ,2008,Kharif,Ragi,177,144,0.813559322
Bihar,KISHANGANJ,2008,Kharif,Sesamum,224,173,0.772321429
Bihar,KISHANGANJ,2008,Kharif,Small millets,222,165,0.743243243
Bihar,KISHANGANJ,2008,Kharif,Sweet potato,72,977,13.56944444
Bihar,KISHANGANJ,2008,Kharif,Urad,298,257,0.862416107
Bihar,KISHANGANJ,2008,Rabi,Gram,250,139,0.556
Bihar,KISHANGANJ,2008,Rabi,Khesari,799,571,0.714643304
Bihar,KISHANGANJ,2008,Rabi,Linseed,2668,2257,0.845952024
Bihar,KISHANGANJ,2008,Rabi,Maize,857,3420,3.990665111
Bihar,KISHANGANJ,2008,Rabi,Masoor,1135,589,0.518942731
Bihar,KISHANGANJ,2008,Rabi,Peas & beans (Pulses),112,108,0.964285714
Bihar,KISHANGANJ,2008,Rabi,Potato,1132,3566,3.150176678
Bihar,KISHANGANJ,2008,Rabi,Rapeseed &Mustard,1971,1963,0.995941147
Bihar,KISHANGANJ,2008,Rabi,Safflower,9,7,0.777777778
Bihar,KISHANGANJ,2008,Rabi,Sweet potato,13,191,14.69230769
Bihar,KISHANGANJ,2008,Rabi,Wheat,22063,26467,1.199610207
Bihar,KISHANGANJ,2008,Summer,Maize,1550,5634,3.63483871
Bihar,KISHANGANJ,2008,Summer,Moong(Green Gram),6041,2851,0.471941732
Bihar,KISHANGANJ,2008,Summer,Rice,13499,21753,1.6114527
Bihar,KISHANGANJ,2008,Whole Year,Dry chillies,78,47,0.602564103
Bihar,KISHANGANJ,2008,Whole Year,Garlic,263,364,1.384030418
Bihar,KISHANGANJ,2008,Whole Year,Onion,561,4185,7.459893048
Bihar,KISHANGANJ,2008,Whole Year,Sugarcane,71,3124,44
Bihar,KISHANGANJ,2008,Whole Year,Turmeric,445,563,1.265168539
Bihar,KISHANGANJ,2008,Winter,Rice,67638,67085,0.991824123
Bihar,KISHANGANJ,2009,Autumn,Maize,532,1484,2.789473684
Bihar,KISHANGANJ,2009,Autumn,Rice,2375,1109,0.466947368
Bihar,KISHANGANJ,2009,Kharif,Arhar/Tur,44,60,1.363636364
Bihar,KISHANGANJ,2009,Kharif,Horse-gram,574,553,0.963414634
Bihar,KISHANGANJ,2009,Kharif,Jute,22609,162785,7.200008846
Bihar,KISHANGANJ,2009,Kharif,Mesta,1808,10798,5.972345133
Bihar,KISHANGANJ,2009,Kharif,Moong(Green Gram),834,553,0.663069544
Bihar,KISHANGANJ,2009,Kharif,Ragi,184,109,0.592391304
Bihar,KISHANGANJ,2009,Kharif,Urad,250,247,0.988
Bihar,KISHANGANJ,2009,Rabi,Gram,203,114,0.561576355
Bihar,KISHANGANJ,2009,Rabi,Khesari,506,524,1.035573123
Bihar,KISHANGANJ,2009,Rabi,Linseed,2422,2049,0.845995045
Bihar,KISHANGANJ,2009,Rabi,Maize,743,824,1.109017497
Bihar,KISHANGANJ,2009,Rabi,Masoor,1100,745,0.677272727
Bihar,KISHANGANJ,2009,Rabi,Peas & beans (Pulses),95,95,1
Bihar,KISHANGANJ,2009,Rabi,Rapeseed &Mustard,1557,1468,0.942838793
Bihar,KISHANGANJ,2009,Rabi,Wheat,20434,25262,1.236272879
Bihar,KISHANGANJ,2009,Summer,Maize,1519,5658,3.72481896
Bihar,KISHANGANJ,2009,Summer,Moong(Green Gram),5739,2353,0.410001742
Bihar,KISHANGANJ,2009,Summer,Rice,12618,18956,1.502298304
Bihar,KISHANGANJ,2009,Whole Year,Sugarcane,69,3314,48.02898551
Bihar,KISHANGANJ,2009,Whole Year,Tobacco,71,133,1.873239437
Bihar,KISHANGANJ,2009,Winter,Rice,63223,35636,0.563655632
Bihar,KISHANGANJ,2010,Autumn,Maize,483,1657,3.430641822
Bihar,KISHANGANJ,2010,Autumn,Rice,2356,1239,0.525891341
Bihar,KISHANGANJ,2010,Kharif,Arhar/Tur,45,26,0.577777778
Bihar,KISHANGANJ,2010,Kharif,Horse-gram,578,546,0.944636678
Bihar,KISHANGANJ,2010,Kharif,Jute,22782,165043,7.244447371
Bihar,KISHANGANJ,2010,Kharif,Mesta,1761,8815,5.005678592
Bihar,KISHANGANJ,2010,Kharif,Moong(Green Gram),788,515,0.653553299
Bihar,KISHANGANJ,2010,Kharif,Ragi,137,129,0.941605839
Bihar,KISHANGANJ,2010,Kharif,Sesamum,244,192,0.786885246
Bihar,KISHANGANJ,2010,Kharif,Urad,233,203,0.871244635
Bihar,KISHANGANJ,2010,Rabi,Gram,200,110,0.55
Bihar,KISHANGANJ,2010,Rabi,Khesari,487,479,0.983572895
Bihar,KISHANGANJ,2010,Rabi,Linseed,2181,1784,0.817973407
Bihar,KISHANGANJ,2010,Rabi,Maize,747,1312,1.756358768
Bihar,KISHANGANJ,2010,Rabi,Masoor,1082,645,0.596118299
Bihar,KISHANGANJ,2010,Rabi,Peas & beans (Pulses),88,91,1.034090909
Bihar,KISHANGANJ,2010,Rabi,Rapeseed &Mustard,1510,621,0.411258278
Bihar,KISHANGANJ,2010,Rabi,Wheat,20445,24875,1.216678895
Bihar,KISHANGANJ,2010,Summer,Maize,1515,5370,3.544554455
Bihar,KISHANGANJ,2010,Summer,Moong(Green Gram),5746,3321,0.577967282
Bihar,KISHANGANJ,2010,Summer,Rice,12618,24030,1.904422254
Bihar,KISHANGANJ,2010,Whole Year,Sugarcane,70,3513,50.18571429
Bihar,KISHANGANJ,2010,Whole Year,Tobacco,72,128,1.777777778
Bihar,KISHANGANJ,2010,Winter,Rice,63423,56438,0.889866452
Bihar,KISHANGANJ,2011,Autumn,Maize,443,1072,2.41986456
Bihar,KISHANGANJ,2011,Autumn,Rice,2165,2133,0.9852194
Bihar,KISHANGANJ,2011,Kharif,Arhar/Tur,43,82,1.906976744
Bihar,KISHANGANJ,2011,Kharif,Horse-gram,565,538,0.952212389
Bihar,KISHANGANJ,2011,Kharif,Jute,22183,219242,9.883334085
Bihar,KISHANGANJ,2011,Kharif,Mesta,1637,14169,8.655467318
Bihar,KISHANGANJ,2011,Kharif,Ragi,124,190,1.532258065
Bihar,KISHANGANJ,2011,Kharif,Sesamum,227,199,0.876651982
Bihar,KISHANGANJ,2011,Kharif,Urad,209,185,0.885167464
Bihar,KISHANGANJ,2011,Rabi,Gram,177,124,0.700564972
Bihar,KISHANGANJ,2011,Rabi,Khesari,443,560,1.264108352
Bihar,KISHANGANJ,2011,Rabi,Linseed,1966,1701,0.865208545
Bihar,KISHANGANJ,2011,Rabi,Maize,831,1244,1.496991576
Bihar,KISHANGANJ,2011,Rabi,Masoor,976,669,0.68545082
Bihar,KISHANGANJ,2011,Rabi,Peas & beans (Pulses),80,82,1.025
Bihar,KISHANGANJ,2011,Rabi,Rapeseed &Mustard,1363,485,0.355832722
Bihar,KISHANGANJ,2011,Rabi,Wheat,18403,28178,1.531163397
Bihar,KISHANGANJ,2011,Summer,Maize,1552,5935,3.824097938
Bihar,KISHANGANJ,2011,Summer,Moong(Green Gram),5740,8444,1.471080139
Bihar,KISHANGANJ,2011,Summer,Rice,12599,23704,1.88141916
Bihar,KISHANGANJ,2011,Whole Year,Tobacco,69,130,1.884057971
Bihar,KISHANGANJ,2011,Winter,Rice,64174,142553,2.221351326
Bihar,KISHANGANJ,2012,Autumn,Maize,373,2816,7.549597855
Bihar,KISHANGANJ,2012,Autumn,Rice,1955,898,0.459335038
Bihar,KISHANGANJ,2012,Kharif,Arhar/Tur,39,39,1
Bihar,KISHANGANJ,2012,Kharif,Horse-gram,611,591,0.967266776
Bihar,KISHANGANJ,2012,Kharif,Jute,20366,30875,1.516007071
Bihar,KISHANGANJ,2012,Kharif,Mesta,1534,3019,1.968057366
Bihar,KISHANGANJ,2012,Kharif,Other Kharif pulses,48,46,0.958333333
Bihar,KISHANGANJ,2012,Kharif,Ragi,110,130,1.181818182
Bihar,KISHANGANJ,2012,Kharif,Sesamum,227,200,0.881057269
Bihar,KISHANGANJ,2012,Kharif,Urad,214,189,0.88317757
Bihar,KISHANGANJ,2012,Rabi,Gram,175,638,3.645714286
Bihar,KISHANGANJ,2012,Rabi,Khesari,402,473,1.176616915
Bihar,KISHANGANJ,2012,Rabi,Linseed,1777,1541,0.867191896
Bihar,KISHANGANJ,2012,Rabi,Maize,915,2727,2.980327869
Bihar,KISHANGANJ,2012,Rabi,Masoor,884,712,0.805429864
Bihar,KISHANGANJ,2012,Rabi,Peas & beans (Pulses),74,77,1.040540541
Bihar,KISHANGANJ,2012,Rabi,Rapeseed &Mustard,1345,538,0.4
Bihar,KISHANGANJ,2012,Rabi,Wheat,16671,31195,1.871213484
Bihar,KISHANGANJ,2012,Summer,Maize,1652,7050,4.267554479
Bihar,KISHANGANJ,2012,Summer,Moong(Green Gram),6025,5290,0.878008299
Bihar,KISHANGANJ,2012,Summer,Rice,12896,28017,2.172534119
Bihar,KISHANGANJ,2012,Whole Year,Sugarcane,75,4851,64.68
Bihar,KISHANGANJ,2012,Whole Year,Tobacco,68,129,1.897058824
Bihar,KISHANGANJ,2012,Winter,Rice,68045,85570,1.257550151
Bihar,KISHANGANJ,2013,Autumn,Maize,349,1406,4.028653295
Bihar,KISHANGANJ,2013,Autumn,Rice,1797,4422,2.460767947
Bihar,KISHANGANJ,2013,Kharif,Arhar/Tur,36,60,1.666666667
Bihar,KISHANGANJ,2013,Kharif,Horse-gram,676,644,0.952662722
Bihar,KISHANGANJ,2013,Kharif,Jute,16996,243893,14.35002353
Bihar,KISHANGANJ,2013,Kharif,Mesta,1398,22197,15.8776824
Bihar,KISHANGANJ,2013,Kharif,Other Kharif pulses,61,58,0.950819672
Bihar,KISHANGANJ,2013,Kharif,Ragi,98,99,1.010204082
Bihar,KISHANGANJ,2013,Kharif,Sesamum,225,195,0.866666667
Bihar,KISHANGANJ,2013,Kharif,Urad,128,117,0.9140625
Bihar,KISHANGANJ,2013,Rabi,Gram,166,190,1.144578313
Bihar,KISHANGANJ,2013,Rabi,Khesari,372,326,0.876344086
Bihar,KISHANGANJ,2013,Rabi,Linseed,1611,1369,0.849782744
Bihar,KISHANGANJ,2013,Rabi,Maize,981,5902,6.016309888
Bihar,KISHANGANJ,2013,Rabi,Masoor,849,762,0.897526502
Bihar,KISHANGANJ,2013,Rabi,Peas & beans (Pulses),70,74,1.057142857
Bihar,KISHANGANJ,2013,Rabi,Rapeseed &Mustard,1305,1623,1.243678161
Bihar,KISHANGANJ,2013,Rabi,Sunflower,424,552,1.301886792
Bihar,KISHANGANJ,2013,Rabi,Wheat,15914,45283,2.845481966
Bihar,KISHANGANJ,2013,Summer,Maize,1708,8013,4.691451991
Bihar,KISHANGANJ,2013,Summer,Moong(Green Gram),6164,5554,0.901038287
Bihar,KISHANGANJ,2013,Summer,Rice,13122,32701,2.492074379
Bihar,KISHANGANJ,2013,Whole Year,Sugarcane,81,4634,57.20987654
Bihar,KISHANGANJ,2013,Whole Year,Tobacco,66,125,1.893939394
Bihar,KISHANGANJ,2013,Winter,Rice,69208,170130,2.458241822
Bihar,KISHANGANJ,2014,Autumn,Maize,337,654,1.940652819
Bihar,KISHANGANJ,2014,Autumn,Rice,1771,2787,1.573687182
Bihar,KISHANGANJ,2014,Kharif,Arhar/Tur,37,53,1.432432432
Bihar,KISHANGANJ,2014,Kharif,Horse-gram,662,634,0.957703927
Bihar,KISHANGANJ,2014,Kharif,Jute,15010,222815,14.84443704
Bihar,KISHANGANJ,2014,Kharif,Mesta,1386,13560,9.783549784
Bihar,KISHANGANJ,2014,Kharif,Moong(Green Gram),722,801,1.109418283
Bihar,KISHANGANJ,2014,Kharif,Other Kharif pulses,67,64,0.955223881
Bihar,KISHANGANJ,2014,Kharif,Ragi,91,134,1.472527473
Bihar,KISHANGANJ,2014,Kharif,Sesamum,213,185,0.868544601
Bihar,KISHANGANJ,2014,Kharif,Urad,115,105,0.913043478
Bihar,KISHANGANJ,2014,Rabi,Gram,162,155,0.956790123
Bihar,KISHANGANJ,2014,Rabi,Khesari,375,371,0.989333333
Bihar,KISHANGANJ,2014,Rabi,Linseed,1696,1460,0.860849057
Bihar,KISHANGANJ,2014,Rabi,Maize,995,1805,1.814070352
Bihar,KISHANGANJ,2014,Rabi,Masoor,864,632,0.731481481
Bihar,KISHANGANJ,2014,Rabi,Peas & beans (Pulses),69,70,1.014492754
Bihar,KISHANGANJ,2014,Rabi,Rapeseed &Mustard,1409,1122,0.796309439
Bihar,KISHANGANJ,2014,Rabi,Wheat,14080,16658,1.183096591
Bihar,KISHANGANJ,2014,Summer,Maize,1701,7006,4.118753674
Bihar,KISHANGANJ,2014,Summer,Moong(Green Gram),6128,6943,1.132996084
Bihar,KISHANGANJ,2014,Summer,Rice,13010,34113,2.622059954
Bihar,KISHANGANJ,2014,Whole Year,Sugarcane,78,4332,55.53846154
Bihar,KISHANGANJ,2014,Whole Year,Tobacco,68,120,1.764705882
Bihar,KISHANGANJ,2014,Winter,Rice,62836,184220,2.931758864
Bihar,LAKHISARAI,1997,Kharif,Arhar/Tur,77,57,0.74025974
Bihar,LAKHISARAI,1997,Kharif,Other Kharif pulses,5,3,0.6
Bihar,LAKHISARAI,1997,Kharif,Small millets,2,2,1
Bihar,LAKHISARAI,1997,Rabi,Barley,106,36,0.339622642
Bihar,LAKHISARAI,1997,Rabi,Gram,5732,5463,0.953070482
Bihar,LAKHISARAI,1997,Rabi,Linseed,261,120,0.459770115
Bihar,LAKHISARAI,1997,Rabi,Maize,20,76,3.8
Bihar,LAKHISARAI,1997,Rabi,Other  Rabi pulses,147,91,0.619047619
Bihar,LAKHISARAI,1997,Rabi,Rapeseed &Mustard,1023,1087,1.062561095
Bihar,LAKHISARAI,1997,Rabi,Wheat,24969,40890,1.637630662
Bihar,LAKHISARAI,1997,Summer,Maize,32,33,1.03125
Bihar,LAKHISARAI,1997,Whole Year,Dry chillies,83,71,0.855421687
Bihar,LAKHISARAI,1997,Whole Year,Onion,1622,14452,8.90998767
Bihar,LAKHISARAI,1997,Whole Year,Potato,212,2584,12.18867925
Bihar,LAKHISARAI,1997,Winter,Rice,31361,38025,1.212493224
Bihar,LAKHISARAI,1998,Kharif,Arhar/Tur,100,134,1.34
Bihar,LAKHISARAI,1998,Kharif,Maize,3049,2515,0.82486061
Bihar,LAKHISARAI,1998,Kharif,Small millets,28,16,0.571428571
Bihar,LAKHISARAI,1998,Rabi,Barley,296,293,0.989864865
Bihar,LAKHISARAI,1998,Rabi,Gram,4465,3871,0.866965286
Bihar,LAKHISARAI,1998,Rabi,Linseed,66,36,0.545454545
Bihar,LAKHISARAI,1998,Rabi,Other  Rabi pulses,13416,14262,1.063059034
Bihar,LAKHISARAI,1998,Rabi,Rapeseed &Mustard,535,593,1.108411215
Bihar,LAKHISARAI,1998,Rabi,Wheat,27765,37702,1.357896632
Bihar,LAKHISARAI,1998,Whole Year,Dry chillies,114,86,0.754385965
Bihar,LAKHISARAI,1998,Whole Year,Onion,746,11294,15.13941019
Bihar,LAKHISARAI,1998,Whole Year,Potato,74,757,10.22972973
Bihar,LAKHISARAI,1998,Whole Year,Sweet potato,23,318,13.82608696
Bihar,LAKHISARAI,1998,Winter,Rice,35725,27522,0.770384885
Bihar,LAKHISARAI,1999,Kharif,Arhar/Tur,103,157,1.524271845
Bihar,LAKHISARAI,1999,Kharif,Horse-gram,9,7,0.777777778
Bihar,LAKHISARAI,1999,Kharif,Jowar,317,376,1.186119874
Bihar,LAKHISARAI,1999,Kharif,Maize,4043,4151,1.026712837
Bihar,LAKHISARAI,1999,Kharif,Moong(Green Gram),102,60,0.588235294
Bihar,LAKHISARAI,1999,Rabi,Gram,3226,3145,0.974891507
Bihar,LAKHISARAI,1999,Rabi,Khesari,5067,5452,1.075981843
Bihar,LAKHISARAI,1999,Rabi,Linseed,149,84,0.563758389
Bihar,LAKHISARAI,1999,Rabi,Maize,5,18,3.6
Bihar,LAKHISARAI,1999,Rabi,Masoor,5968,4201,0.703920912
Bihar,LAKHISARAI,1999,Rabi,Moong(Green Gram),81,64,0.790123457
Bihar,LAKHISARAI,1999,Rabi,Peas & beans (Pulses),256,183,0.71484375
Bihar,LAKHISARAI,1999,Rabi,Rapeseed &Mustard,511,360,0.704500978
Bihar,LAKHISARAI,1999,Rabi,Wheat,20479,34290,1.674398164
Bihar,LAKHISARAI,1999,Summer,Maize,45,171,3.8
Bihar,LAKHISARAI,1999,Whole Year,Onion,900,9549,10.61
Bihar,LAKHISARAI,1999,Whole Year,Potato,157,1941,12.36305732
Bihar,LAKHISARAI,2000,Autumn,Rice,31295,47188,1.507844704
Bihar,LAKHISARAI,2000,Kharif,Arhar/Tur,93,165,1.774193548
Bihar,LAKHISARAI,2000,Kharif,Horse-gram,8,6,0.75
Bihar,LAKHISARAI,2000,Kharif,Maize,3849,7550,1.961548454
Bihar,LAKHISARAI,2000,Kharif,Moong(Green Gram),3,2,0.666666667
Bihar,LAKHISARAI,2000,Rabi,Barley,1181,1124,0.951735817
Bihar,LAKHISARAI,2000,Rabi,Gram,3312,3898,1.176932367
Bihar,LAKHISARAI,2000,Rabi,Khesari,3326,3160,0.950090198
Bihar,LAKHISARAI,2000,Rabi,Linseed,151,103,0.682119205
Bihar,LAKHISARAI,2000,Rabi,Masoor,7207,7553,1.04800888
Bihar,LAKHISARAI,2000,Rabi,Peas & beans (Pulses),46,36,0.782608696
Bihar,LAKHISARAI,2000,Rabi,Rapeseed &Mustard,225,129,0.573333333
Bihar,LAKHISARAI,2000,Rabi,Wheat,23133,50877,2.199325639
Bihar,LAKHISARAI,2000,Summer,Maize,80,204,2.55
Bihar,LAKHISARAI,2000,Whole Year,Dry chillies,65,52,0.8
Bihar,LAKHISARAI,2000,Whole Year,Onion,218,1718,7.880733945
Bihar,LAKHISARAI,2000,Whole Year,Potato,215,2516,11.70232558
Bihar,LAKHISARAI,2001,Autumn,Maize,3455,6996,2.024891462
Bihar,LAKHISARAI,2001,Autumn,Rice,29093,41233,1.417282508
Bihar,LAKHISARAI,2001,Kharif,Arhar/Tur,169,240,1.420118343
Bihar,LAKHISARAI,2001,Kharif,Small millets,2,2,1
Bihar,LAKHISARAI,2001,Rabi,Gram,3734,2659,0.712104981
Bihar,LAKHISARAI,2001,Rabi,Khesari,5045,3769,0.747076313
Bihar,LAKHISARAI,2001,Rabi,Linseed,38,27,0.710526316
Bihar,LAKHISARAI,2001,Rabi,Masoor,9267,6005,0.647998273
Bihar,LAKHISARAI,2001,Rabi,Peas & beans (Pulses),381,375,0.984251969
Bihar,LAKHISARAI,2001,Rabi,Rapeseed &Mustard,515,439,0.852427184
Bihar,LAKHISARAI,2001,Rabi,Wheat,20020,30104,1.503696304
Bihar,LAKHISARAI,2001,Summer,Maize,78,161,2.064102564
Bihar,LAKHISARAI,2001,Whole Year,Dry chillies,2,2,1
Bihar,LAKHISARAI,2001,Whole Year,Onion,60,874,14.56666667
Bihar,LAKHISARAI,2001,Whole Year,Potato,119,1235,10.37815126
Bihar,LAKHISARAI,2002,Autumn,Maize,4444,8921,2.007425743
Bihar,LAKHISARAI,2002,Autumn,Rice,143,79,0.552447552
Bihar,LAKHISARAI,2002,Kharif,Arhar/Tur,179,203,1.134078212
Bihar,LAKHISARAI,2002,Kharif,Horse-gram,71,57,0.802816901
Bihar,LAKHISARAI,2002,Kharif,Other Kharif pulses,81,45,0.555555556
Bihar,LAKHISARAI,2002,Rabi,Barley,68,59,0.867647059
Bihar,LAKHISARAI,2002,Rabi,Gram,5089,5466,1.074081352
Bihar,LAKHISARAI,2002,Rabi,Khesari,4946,4328,0.875050546
Bihar,LAKHISARAI,2002,Rabi,Linseed,172,131,0.761627907
Bihar,LAKHISARAI,2002,Rabi,Maize,122,275,2.254098361
Bihar,LAKHISARAI,2002,Rabi,Masoor,8431,7470,0.886015894
Bihar,LAKHISARAI,2002,Rabi,Peas & beans (Pulses),220,196,0.890909091
Bihar,LAKHISARAI,2002,Rabi,Rapeseed &Mustard,572,342,0.597902098
Bihar,LAKHISARAI,2002,Rabi,Wheat,25035,56500,2.256840423
Bihar,LAKHISARAI,2002,Summer,Maize,112,221,1.973214286
Bihar,LAKHISARAI,2002,Summer,Moong(Green Gram),50,25,0.5
Bihar,LAKHISARAI,2002,Whole Year,Coriander,14,9,0.642857143
Bihar,LAKHISARAI,2002,Whole Year,Dry chillies,38,26,0.684210526
Bihar,LAKHISARAI,2002,Whole Year,Onion,149,1280,8.590604027
Bihar,LAKHISARAI,2002,Whole Year,Potato,189,1888,9.989417989
Bihar,LAKHISARAI,2002,Whole Year,Sannhamp,1,1,1
Bihar,LAKHISARAI,2002,Winter,Rice,33330,48018,1.440684068
Bihar,LAKHISARAI,2003,Kharif,Arhar/Tur,134,144,1.074626866
Bihar,LAKHISARAI,2003,Kharif,Horse-gram,119,88,0.739495798
Bihar,LAKHISARAI,2003,Kharif,Maize,5205,8495,1.632084534
Bihar,LAKHISARAI,2003,Kharif,Moong(Green Gram),68,38,0.558823529
Bihar,LAKHISARAI,2003,Kharif,Ragi,26,18,0.692307692
Bihar,LAKHISARAI,2003,Kharif,Urad,45,34,0.755555556
Bihar,LAKHISARAI,2003,Rabi,Barley,21,19,0.904761905
Bihar,LAKHISARAI,2003,Rabi,Gram,4652,4503,0.967970765
Bihar,LAKHISARAI,2003,Rabi,Khesari,4581,4595,1.003056101
Bihar,LAKHISARAI,2003,Rabi,Linseed,146,108,0.739726027
Bihar,LAKHISARAI,2003,Rabi,Maize,475,1560,3.284210526
Bihar,LAKHISARAI,2003,Rabi,Masoor,6331,6135,0.969041226
Bihar,LAKHISARAI,2003,Rabi,Peas & beans (Pulses),395,369,0.934177215
Bihar,LAKHISARAI,2003,Rabi,Rapeseed &Mustard,641,659,1.028081123
Bihar,LAKHISARAI,2003,Rabi,Wheat,23938,51182,2.138106776
Bihar,LAKHISARAI,2003,Summer,Maize,48,174,3.625
Bihar,LAKHISARAI,2003,Summer,Moong(Green Gram),17,8,0.470588235
Bihar,LAKHISARAI,2003,Whole Year,Dry chillies,25,18,0.72
Bihar,LAKHISARAI,2003,Whole Year,Onion,115,1091,9.486956522
Bihar,LAKHISARAI,2003,Whole Year,Potato,311,3079,9.900321543
Bihar,LAKHISARAI,2003,Whole Year,Sannhamp,4,3,0.75
Bihar,LAKHISARAI,2003,Winter,Rice,30314,42299,1.395361879
Bihar,LAKHISARAI,2004,Kharif,Arhar/Tur,188,287,1.526595745
Bihar,LAKHISARAI,2004,Kharif,Maize,7075,8288,1.171448763
Bihar,LAKHISARAI,2004,Kharif,Moong(Green Gram),3,2,0.666666667
Bihar,LAKHISARAI,2004,Kharif,Other Kharif pulses,212,117,0.551886792
Bihar,LAKHISARAI,2004,Rabi,Barley,35,37,1.057142857
Bihar,LAKHISARAI,2004,Rabi,Gram,4068,1912,0.470009833
Bihar,LAKHISARAI,2004,Rabi,Khesari,4096,2073,0.506103516
Bihar,LAKHISARAI,2004,Rabi,Linseed,43,36,0.837209302
Bihar,LAKHISARAI,2004,Rabi,Maize,841,2657,3.159334126
Bihar,LAKHISARAI,2004,Rabi,Masoor,8835,3940,0.445953594
Bihar,LAKHISARAI,2004,Rabi,Peas & beans (Pulses),294,259,0.880952381
Bihar,LAKHISARAI,2004,Rabi,Rapeseed &Mustard,873,711,0.81443299
Bihar,LAKHISARAI,2004,Rabi,Wheat,21137,27249,1.289161187
Bihar,LAKHISARAI,2004,Summer,Maize,46,103,2.239130435
Bihar,LAKHISARAI,2004,Summer,Moong(Green Gram),16,7,0.4375
Bihar,LAKHISARAI,2004,Whole Year,Dry chillies,8,6,0.75
Bihar,LAKHISARAI,2004,Whole Year,Onion,61,356,5.836065574
Bihar,LAKHISARAI,2004,Whole Year,Potato,294,2188,7.442176871
Bihar,LAKHISARAI,2004,Winter,Rice,28204,15913,0.56421075
Bihar,LAKHISARAI,2005,Kharif,Arhar/Tur,180,279,1.55
Bihar,LAKHISARAI,2005,Kharif,Horse-gram,116,100,0.862068966
Bihar,LAKHISARAI,2005,Kharif,Maize,9473,11624,1.227066399
Bihar,LAKHISARAI,2005,Kharif,Mesta,39,384,9.846153846
Bihar,LAKHISARAI,2005,Rabi,Barley,22,19,0.863636364
Bihar,LAKHISARAI,2005,Rabi,Gram,3643,3133,0.86000549
Bihar,LAKHISARAI,2005,Rabi,Khesari,3091,3715,1.201876415
Bihar,LAKHISARAI,2005,Rabi,Linseed,37,30,0.810810811
Bihar,LAKHISARAI,2005,Rabi,Maize,541,2137,3.950092421
Bihar,LAKHISARAI,2005,Rabi,Masoor,6294,7213,1.146012075
Bihar,LAKHISARAI,2005,Rabi,Peas & beans (Pulses),158,153,0.96835443
Bihar,LAKHISARAI,2005,Rabi,Rapeseed &Mustard,689,1207,1.751814224
Bihar,LAKHISARAI,2005,Rabi,Wheat,21364,34960,1.636397678
Bihar,LAKHISARAI,2005,Summer,Moong(Green Gram),1,1,1
Bihar,LAKHISARAI,2005,Whole Year,Onion,59,515,8.728813559
Bihar,LAKHISARAI,2005,Whole Year,Potato,215,1803,8.386046512
Bihar,LAKHISARAI,2005,Winter,Rice,31615,26340,0.833148822
Bihar,LAKHISARAI,2006,Kharif,Arhar/Tur,309,286,0.925566343
Bihar,LAKHISARAI,2006,Kharif,Maize,7601,9496,1.249309301
Bihar,LAKHISARAI,2006,Kharif,Sannhamp,3,2,0.666666667
Bihar,LAKHISARAI,2006,Rabi,Barley,67,102,1.52238806
Bihar,LAKHISARAI,2006,Rabi,Gram,904,1235,1.366150442
Bihar,LAKHISARAI,2006,Rabi,Khesari,4283,5748,1.342049965
Bihar,LAKHISARAI,2006,Rabi,Linseed,76,62,0.815789474
Bihar,LAKHISARAI,2006,Rabi,Maize,541,2673,4.940850277
Bihar,LAKHISARAI,2006,Rabi,Masoor,7673,6108,0.796038056
Bihar,LAKHISARAI,2006,Rabi,Peas & beans (Pulses),310,288,0.929032258
Bihar,LAKHISARAI,2006,Rabi,Rapeseed &Mustard,1004,682,0.679282869
Bihar,LAKHISARAI,2006,Rabi,Wheat,30061,74091,2.464688467
Bihar,LAKHISARAI,2006,Summer,Maize,10,34,3.4
Bihar,LAKHISARAI,2006,Summer,Moong(Green Gram),11,6,0.545454545
Bihar,LAKHISARAI,2006,Winter,Rice,24520,56289,2.295636215
Bihar,LAKHISARAI,2007,Autumn,Maize,6007,3655,0.6084568
Bihar,LAKHISARAI,2007,Kharif,Arhar/Tur,200,285,1.425
Bihar,LAKHISARAI,2007,Rabi,Gram,3194,2871,0.898872887
Bihar,LAKHISARAI,2007,Rabi,Khesari,2959,2710,0.915849949
Bihar,LAKHISARAI,2007,Rabi,Linseed,25,21,0.84
Bihar,LAKHISARAI,2007,Rabi,Maize,486,2450,5.041152263
Bihar,LAKHISARAI,2007,Rabi,Masoor,4986,4358,0.874047333
Bihar,LAKHISARAI,2007,Rabi,Peas & beans (Pulses),474,468,0.987341772
Bihar,LAKHISARAI,2007,Rabi,Rapeseed &Mustard,799,932,1.166458073
Bihar,LAKHISARAI,2007,Rabi,Wheat,28099,74152,2.638955123
Bihar,LAKHISARAI,2007,Summer,Maize,4,11,2.75
Bihar,LAKHISARAI,2007,Whole Year,Onion,86,735,8.546511628
Bihar,LAKHISARAI,2007,Whole Year,Potato,27,225,8.333333333
Bihar,LAKHISARAI,2007,Winter,Rice,37238,115589,3.104060368
Bihar,LAKHISARAI,2008,Autumn,Maize,4619,3142,0.680233817
Bihar,LAKHISARAI,2008,Kharif,Arhar/Tur,193,366,1.896373057
Bihar,LAKHISARAI,2008,Kharif,Potato,21,158,7.523809524
Bihar,LAKHISARAI,2008,Rabi,Gram,3325,2544,0.765112782
Bihar,LAKHISARAI,2008,Rabi,Khesari,4018,2837,0.706072673
Bihar,LAKHISARAI,2008,Rabi,Linseed,24,20,0.833333333
Bihar,LAKHISARAI,2008,Rabi,Maize,486,1827,3.759259259
Bihar,LAKHISARAI,2008,Rabi,Masoor,5304,4805,0.90592006
Bihar,LAKHISARAI,2008,Rabi,Peas & beans (Pulses),494,475,0.961538462
Bihar,LAKHISARAI,2008,Rabi,Rapeseed &Mustard,1084,1315,1.213099631
Bihar,LAKHISARAI,2008,Rabi,Wheat,30720,55830,1.817382813
Bihar,LAKHISARAI,2008,Whole Year,Onion,86,758,8.813953488
Bihar,LAKHISARAI,2008,Winter,Rice,39639,80603,2.033426676
Bihar,LAKHISARAI,2009,Autumn,Maize,3969,4512,1.13681028
Bihar,LAKHISARAI,2009,Kharif,Arhar/Tur,184,323,1.755434783
Bihar,LAKHISARAI,2009,Rabi,Gram,3072,3481,1.133138021
Bihar,LAKHISARAI,2009,Rabi,Khesari,3942,3244,0.822932522
Bihar,LAKHISARAI,2009,Rabi,Linseed,22,19,0.863636364
Bihar,LAKHISARAI,2009,Rabi,Maize,490,1280,2.612244898
Bihar,LAKHISARAI,2009,Rabi,Masoor,4911,6198,1.262064753
Bihar,LAKHISARAI,2009,Rabi,Peas & beans (Pulses),466,466,1
Bihar,LAKHISARAI,2009,Rabi,Rapeseed &Mustard,793,394,0.496847415
Bihar,LAKHISARAI,2009,Rabi,Wheat,27384,51210,1.870070114
Bihar,LAKHISARAI,2009,Summer,Maize,6,8,1.333333333
Bihar,LAKHISARAI,2009,Winter,Rice,36454,51519,1.413260548
Bihar,LAKHISARAI,2010,Autumn,Maize,2709,5078,1.874492433
Bihar,LAKHISARAI,2010,Kharif,Arhar/Tur,377,630,1.671087533
Bihar,LAKHISARAI,2010,Kharif,Moong(Green Gram),19,12,0.631578947
Bihar,LAKHISARAI,2010,Kharif,Urad,22,19,0.863636364
Bihar,LAKHISARAI,2010,Rabi,Gram,5092,4506,0.884917518
Bihar,LAKHISARAI,2010,Rabi,Khesari,5918,4504,0.761067928
Bihar,LAKHISARAI,2010,Rabi,Linseed,24,20,0.833333333
Bihar,LAKHISARAI,2010,Rabi,Masoor,8260,5658,0.684987893
Bihar,LAKHISARAI,2010,Rabi,Peas & beans (Pulses),1126,1165,1.034635879
Bihar,LAKHISARAI,2010,Rabi,Rapeseed &Mustard,2478,,
Bihar,LAKHISARAI,2010,Rabi,Wheat,49743,87684,1.762740486
Bihar,LAKHISARAI,2010,Summer,Maize,5,11,2.2
Bihar,LAKHISARAI,2010,Whole Year,Sugarcane,60,5053,84.21666667
Bihar,LAKHISARAI,2010,Winter,Rice,3483,1545,0.443583118
Bihar,LAKHISARAI,2011,Autumn,Maize,7663,24878,3.2465092
Bihar,LAKHISARAI,2011,Kharif,Arhar/Tur,414,521,1.258454106
Bihar,LAKHISARAI,2011,Kharif,Moong(Green Gram),4,2,0.5
Bihar,LAKHISARAI,2011,Kharif,Other Kharif pulses,190,143,0.752631579
Bihar,LAKHISARAI,2011,Rabi,Gram,6165,6171,1.000973236
Bihar,LAKHISARAI,2011,Rabi,Khesari,6240,4817,0.771955128
Bihar,LAKHISARAI,2011,Rabi,Linseed,53,46,0.867924528
Bihar,LAKHISARAI,2011,Rabi,Masoor,9476,9666,1.020050654
Bihar,LAKHISARAI,2011,Rabi,Peas & beans (Pulses),1228,1266,1.030944625
Bihar,LAKHISARAI,2011,Rabi,Rapeseed &Mustard,3010,5319,1.767109635
Bihar,LAKHISARAI,2011,Rabi,Wheat,52615,131384,2.497082581
Bihar,LAKHISARAI,2011,Winter,Rice,17115,32877,1.920946538
Bihar,LAKHISARAI,2012,Autumn,Maize,6186,5520,0.892337536
Bihar,LAKHISARAI,2012,Kharif,Arhar/Tur,419,1381,3.295942721
Bihar,LAKHISARAI,2012,Kharif,Moong(Green Gram),5,3,0.6
Bihar,LAKHISARAI,2012,Kharif,Other Kharif pulses,204,153,0.75
Bihar,LAKHISARAI,2012,Rabi,Barley,9,13,1.444444444
Bihar,LAKHISARAI,2012,Rabi,Gram,6481,7071,1.091035334
Bihar,LAKHISARAI,2012,Rabi,Khesari,6381,9393,1.472026328
Bihar,LAKHISARAI,2012,Rabi,Linseed,55,48,0.872727273
Bihar,LAKHISARAI,2012,Rabi,Masoor,9794,14436,1.473963651
Bihar,LAKHISARAI,2012,Rabi,Peas & beans (Pulses),1273,1325,1.04084839
Bihar,LAKHISARAI,2012,Rabi,Rapeseed &Mustard,3089,5057,1.637099385
Bihar,LAKHISARAI,2012,Rabi,Wheat,52762,153199,2.903585914
Bihar,LAKHISARAI,2012,Summer,Maize,37,232,6.27027027
Bihar,LAKHISARAI,2012,Winter,Rice,13525,47383,3.50336414
Bihar,LAKHISARAI,2013,Autumn,Maize,4703,9674,2.056984903
Bihar,LAKHISARAI,2013,Kharif,Arhar/Tur,366,1242,3.393442623
Bihar,LAKHISARAI,2013,Kharif,Moong(Green Gram),19,15,0.789473684
Bihar,LAKHISARAI,2013,Kharif,Urad,2244,2042,0.909982175
Bihar,LAKHISARAI,2013,Rabi,Gram,4482,7924,1.767960732
Bihar,LAKHISARAI,2013,Rabi,Khesari,3215,5655,1.758942457
Bihar,LAKHISARAI,2013,Rabi,Masoor,5200,9792,1.883076923
Bihar,LAKHISARAI,2013,Rabi,Peas & beans (Pulses),644,683,1.060559006
Bihar,LAKHISARAI,2013,Rabi,Rapeseed &Mustard,2465,4141,1.679918864
Bihar,LAKHISARAI,2013,Rabi,Wheat,33708,110465,3.277115225
Bihar,LAKHISARAI,2013,Winter,Rice,15654,33472,2.138239428
Bihar,LAKHISARAI,2014,Autumn,Maize,5106,11620,2.275754015
Bihar,LAKHISARAI,2014,Kharif,Arhar/Tur,82,128,1.56097561
Bihar,LAKHISARAI,2014,Kharif,Moong(Green Gram),21,19,0.904761905
Bihar,LAKHISARAI,2014,Kharif,Urad,2040,1852,0.907843137
Bihar,LAKHISARAI,2014,Rabi,Gram,3729,4039,1.083132207
Bihar,LAKHISARAI,2014,Rabi,Khesari,2374,1045,0.440185341
Bihar,LAKHISARAI,2014,Rabi,Linseed,270,232,0.859259259
Bihar,LAKHISARAI,2014,Rabi,Masoor,4128,3212,0.778100775
Bihar,LAKHISARAI,2014,Rabi,Peas & beans (Pulses),817,825,1.009791922
Bihar,LAKHISARAI,2014,Rabi,Rapeseed &Mustard,2609,2933,1.124185512
Bihar,LAKHISARAI,2014,Rabi,Wheat,29699,67329,2.267046028
Bihar,LAKHISARAI,2014,Winter,Rice,15866,58519,3.688327241
Bihar,MADHEPURA,1997,Autumn,Rice,18452,26003,1.409223932
Bihar,MADHEPURA,1997,Kharif,Arhar/Tur,141,144,1.021276596
Bihar,MADHEPURA,1997,Kharif,Dry ginger,20,28,1.4
Bihar,MADHEPURA,1997,Kharif,Groundnut,2,2,1
Bihar,MADHEPURA,1997,Kharif,Jute,6259,39432,6.300047931
Bihar,MADHEPURA,1997,Kharif,Maize,6783,19207,2.831637918
Bihar,MADHEPURA,1997,Kharif,Mesta,1442,11256,7.805825243
Bihar,MADHEPURA,1997,Kharif,Other Kharif pulses,284,163,0.573943662
Bihar,MADHEPURA,1997,Kharif,Sesamum,55,33,0.6
Bihar,MADHEPURA,1997,Kharif,Small millets,327,177,0.541284404
Bihar,MADHEPURA,1997,Rabi,Barley,261,269,1.030651341
Bihar,MADHEPURA,1997,Rabi,Gram,48,36,0.75
Bihar,MADHEPURA,1997,Rabi,Linseed,1359,537,0.395143488
Bihar,MADHEPURA,1997,Rabi,Maize,14658,42332,2.88797926
Bihar,MADHEPURA,1997,Rabi,Other  Rabi pulses,275,102,0.370909091
Bihar,MADHEPURA,1997,Rabi,Rapeseed &Mustard,4137,3583,0.866086536
Bihar,MADHEPURA,1997,Rabi,Sunflower,3028,2619,0.864927345
Bihar,MADHEPURA,1997,Rabi,Wheat,39999,63679,1.5920148
Bihar,MADHEPURA,1997,Summer,Maize,16361,40492,2.474909847
Bihar,MADHEPURA,1997,Summer,Rice,7162,15213,2.124127339
Bihar,MADHEPURA,1997,Whole Year,Banana,324,5965,18.41049383
Bihar,MADHEPURA,1997,Whole Year,Coriander,21,10,0.476190476
Bihar,MADHEPURA,1997,Whole Year,Dry chillies,58,49,0.844827586
Bihar,MADHEPURA,1997,Whole Year,Garlic,92,123,1.336956522
Bihar,MADHEPURA,1997,Whole Year,Onion,183,1396,7.628415301
Bihar,MADHEPURA,1997,Whole Year,Potato,3955,44628,11.28394437
Bihar,MADHEPURA,1997,Whole Year,Ragi,2207,2181,0.988219302
Bihar,MADHEPURA,1997,Whole Year,Sannhamp,341,152,0.445747801
Bihar,MADHEPURA,1997,Whole Year,Sweet potato,801,10563,13.18726592
Bihar,MADHEPURA,1997,Whole Year,Turmeric,67,74,1.104477612
Bihar,MADHEPURA,1997,Winter,Rice,58064,100533,1.731417057
Bihar,MADHEPURA,1998,Kharif,Arhar/Tur,106,138,1.301886792
Bihar,MADHEPURA,1998,Kharif,Blackgram,422,318,0.753554502
Bihar,MADHEPURA,1998,Kharif,Jute,5167,33873,6.555641572
Bihar,MADHEPURA,1998,Kharif,Maize,6349,7672,1.208379272
Bihar,MADHEPURA,1998,Kharif,Mesta,1469,10675,7.266848196
Bihar,MADHEPURA,1998,Kharif,Other Kharif pulses,3224,2368,0.734491315
Bihar,MADHEPURA,1998,Kharif,Ragi,2155,2237,1.038051044
Bihar,MADHEPURA,1998,Kharif,Sesamum,32,17,0.53125
Bihar,MADHEPURA,1998,Kharif,Small millets,208,131,0.629807692
Bihar,MADHEPURA,1998,Kharif,Sunflower,4094,3541,0.864924279
Bihar,MADHEPURA,1998,Rabi,Barley,173,200,1.156069364
Bihar,MADHEPURA,1998,Rabi,Gram,15,16,1.066666667
Bihar,MADHEPURA,1998,Rabi,Linseed,1445,1104,0.764013841
Bihar,MADHEPURA,1998,Rabi,Maize,10342,30757,2.973989557
Bihar,MADHEPURA,1998,Rabi,Other  Rabi pulses,30390,17974,0.591444554
Bihar,MADHEPURA,1998,Rabi,Rapeseed &Mustard,4003,2006,0.501124157
Bihar,MADHEPURA,1998,Rabi,Wheat,37702,75206,1.994748289
Bihar,MADHEPURA,1998,Summer,Maize,24638,91273,3.704562059
Bihar,MADHEPURA,1998,Summer,Rice,2906,5193,1.786992429
Bihar,MADHEPURA,1998,Whole Year,Banana,490,3655,7.459183673
Bihar,MADHEPURA,1998,Whole Year,Coriander,77,52,0.675324675
Bihar,MADHEPURA,1998,Whole Year,Dry chillies,15,14,0.933333333
Bihar,MADHEPURA,1998,Whole Year,Dry ginger,9,13,1.444444444
Bihar,MADHEPURA,1998,Whole Year,Garlic,56,83,1.482142857
Bihar,MADHEPURA,1998,Whole Year,Onion,256,2289,8.94140625
Bihar,MADHEPURA,1998,Whole Year,Potato,3567,25361,7.109896271
Bihar,MADHEPURA,1998,Whole Year,Sannhamp,192,85,0.442708333
Bihar,MADHEPURA,1998,Whole Year,Sugarcane,618,29932,48.43365696
Bihar,MADHEPURA,1998,Whole Year,Sweet potato,1555,15370,9.884244373
Bihar,MADHEPURA,1998,Whole Year,Turmeric,44,47,1.068181818
Bihar,MADHEPURA,1998,Winter,Rice,66359,82864,1.248722856
Bihar,MADHEPURA,1999,Kharif,Arhar/Tur,45,155,3.444444444
Bihar,MADHEPURA,1999,Kharif,Dry ginger,4,5,1.25
Bihar,MADHEPURA,1999,Kharif,Horse-gram,761,282,0.370565046
Bihar,MADHEPURA,1999,Kharif,Jowar,67,81,1.208955224
Bihar,MADHEPURA,1999,Kharif,Jute,4438,57546,12.96665164
Bihar,MADHEPURA,1999,Kharif,Maize,5990,19571,3.267278798
Bihar,MADHEPURA,1999,Kharif,Mesta,1141,9401,8.239263804
Bihar,MADHEPURA,1999,Kharif,Ragi,2000,1984,0.992
Bihar,MADHEPURA,1999,Kharif,Rice,18823,22287,1.184030176
Bihar,MADHEPURA,1999,Kharif,Sunflower,2908,2689,0.924690509
Bihar,MADHEPURA,1999,Kharif,Urad,876,860,0.98173516
Bihar,MADHEPURA,1999,Rabi,Gram,11,11,1
Bihar,MADHEPURA,1999,Rabi,Khesari,2584,2444,0.945820433
Bihar,MADHEPURA,1999,Rabi,Linseed,787,428,0.543837357
Bihar,MADHEPURA,1999,Rabi,Maize,10439,29354,2.811955168
Bihar,MADHEPURA,1999,Rabi,Masoor,964,657,0.68153527
Bihar,MADHEPURA,1999,Rabi,Moong(Green Gram),18934,10433,0.55101933
Bihar,MADHEPURA,1999,Rabi,Peas & beans (Pulses),714,529,0.740896359
Bihar,MADHEPURA,1999,Rabi,Rapeseed &Mustard,2083,2770,1.32981277
Bihar,MADHEPURA,1999,Rabi,Wheat,38204,83202,2.177834782
Bihar,MADHEPURA,1999,Summer,Maize,16678,50331,3.017807891
Bihar,MADHEPURA,1999,Summer,Rice,2046,3935,1.923264907
Bihar,MADHEPURA,1999,Whole Year,Banana,407,1783,4.380835381
Bihar,MADHEPURA,1999,Whole Year,Coriander,22,17,0.772727273
Bihar,MADHEPURA,1999,Whole Year,Dry chillies,3,3,1
Bihar,MADHEPURA,1999,Whole Year,Garlic,23,40,1.739130435
Bihar,MADHEPURA,1999,Whole Year,Onion,62,667,10.75806452
Bihar,MADHEPURA,1999,Whole Year,Potato,2885,27707,9.603812825
Bihar,MADHEPURA,1999,Whole Year,Sugarcane,619,24573,39.69789984
Bihar,MADHEPURA,1999,Whole Year,Sweet potato,638,6306,9.884012539
Bihar,MADHEPURA,2000,Autumn,Rice,64176,82545,1.286228497
Bihar,MADHEPURA,2000,Kharif,Arhar/Tur,16,22,1.375
Bihar,MADHEPURA,2000,Kharif,Dry ginger,4,4,1
Bihar,MADHEPURA,2000,Kharif,Horse-gram,678,335,0.494100295
Bihar,MADHEPURA,2000,Kharif,Jute,4365,45275,10.3722795
Bihar,MADHEPURA,2000,Kharif,Maize,9613,24471,2.545615313
Bihar,MADHEPURA,2000,Kharif,Mesta,1110,10237,9.222522523
Bihar,MADHEPURA,2000,Kharif,Ragi,1541,1673,1.085658663
Bihar,MADHEPURA,2000,Kharif,Rice,20343,27435,1.348621147
Bihar,MADHEPURA,2000,Kharif,Sesamum,3,2,0.666666667
Bihar,MADHEPURA,2000,Kharif,Sunflower,1394,2235,1.603299857
Bihar,MADHEPURA,2000,Kharif,Urad,381,226,0.593175853
Bihar,MADHEPURA,2000,Rabi,Barley,16,19,1.1875
Bihar,MADHEPURA,2000,Rabi,Gram,21,22,1.047619048
Bihar,MADHEPURA,2000,Rabi,Khesari,3484,2986,0.85706085
Bihar,MADHEPURA,2000,Rabi,Linseed,1248,925,0.741185897
Bihar,MADHEPURA,2000,Rabi,Maize,12251,57825,4.720022855
Bihar,MADHEPURA,2000,Rabi,Masoor,1776,1606,0.904279279
Bihar,MADHEPURA,2000,Rabi,Moong(Green Gram),20982,15086,0.718997236
Bihar,MADHEPURA,2000,Rabi,Other  Rabi pulses,139,103,0.741007194
Bihar,MADHEPURA,2000,Rabi,Peas & beans (Pulses),1232,1279,1.038149351
Bihar,MADHEPURA,2000,Rabi,Rapeseed &Mustard,6488,9979,1.538070284
Bihar,MADHEPURA,2000,Rabi,Wheat,51512,120800,2.34508464
Bihar,MADHEPURA,2000,Summer,Maize,22545,89149,3.954269239
Bihar,MADHEPURA,2000,Summer,Rice,551,822,1.491833031
Bihar,MADHEPURA,2000,Whole Year,Banana,327,13855,42.37003058
Bihar,MADHEPURA,2000,Whole Year,Coriander,4,2,0.5
Bihar,MADHEPURA,2000,Whole Year,Dry chillies,4,4,1
Bihar,MADHEPURA,2000,Whole Year,Garlic,71,107,1.507042254
Bihar,MADHEPURA,2000,Whole Year,Onion,236,2919,12.36864407
Bihar,MADHEPURA,2000,Whole Year,Potato,3796,46760,12.31822972
Bihar,MADHEPURA,2000,Whole Year,Sugarcane,325,13227,40.69846154
Bihar,MADHEPURA,2000,Whole Year,Sweet potato,317,1886,5.949526814
Bihar,MADHEPURA,2001,Autumn,Maize,6404,8492,1.326046221
Bihar,MADHEPURA,2001,Autumn,Rice,67682,74326,1.098164948
Bihar,MADHEPURA,2001,Kharif,Arhar/Tur,17,22,1.294117647
Bihar,MADHEPURA,2001,Kharif,Horse-gram,570,282,0.494736842
Bihar,MADHEPURA,2001,Kharif,Jute,6161,41176,6.683330628
Bihar,MADHEPURA,2001,Kharif,Mesta,1591,10342,6.500314268
Bihar,MADHEPURA,2001,Kharif,Other Kharif pulses,22,12,0.545454545
Bihar,MADHEPURA,2001,Kharif,Ragi,1404,859,0.611823362
Bihar,MADHEPURA,2001,Kharif,Rice,1388,2035,1.466138329
Bihar,MADHEPURA,2001,Kharif,Sesamum,22,14,0.636363636
Bihar,MADHEPURA,2001,Kharif,Small millets,37,29,0.783783784
Bihar,MADHEPURA,2001,Kharif,Sunflower,1910,2285,1.196335079
Bihar,MADHEPURA,2001,Kharif,Urad,234,133,0.568376068
Bihar,MADHEPURA,2001,Rabi,Barley,11,14,1.272727273
Bihar,MADHEPURA,2001,Rabi,Gram,22,21,0.954545455
Bihar,MADHEPURA,2001,Rabi,Khesari,3765,3140,0.833997344
Bihar,MADHEPURA,2001,Rabi,Linseed,1201,890,0.741049126
Bihar,MADHEPURA,2001,Rabi,Maize,12789,52614,4.114004222
Bihar,MADHEPURA,2001,Rabi,Masoor,1826,2133,1.168127054
Bihar,MADHEPURA,2001,Rabi,Peas & beans (Pulses),1185,1171,0.988185654
Bihar,MADHEPURA,2001,Rabi,Rapeseed &Mustard,2079,3755,1.806156806
Bihar,MADHEPURA,2001,Rabi,Wheat,51601,98516,1.909187806
Bihar,MADHEPURA,2001,Summer,Maize,19568,58528,2.991005724
Bihar,MADHEPURA,2001,Summer,Rice,20395,19326,0.947585192
Bihar,MADHEPURA,2001,Whole Year,Banana,436,5768,13.2293578
Bihar,MADHEPURA,2001,Whole Year,Coriander,6,3,0.5
Bihar,MADHEPURA,2001,Whole Year,Onion,228,3167,13.89035088
Bihar,MADHEPURA,2001,Whole Year,Potato,3727,46449,12.46283874
Bihar,MADHEPURA,2001,Whole Year,Sugarcane,369,17715,48.00813008
Bihar,MADHEPURA,2001,Whole Year,Sweet potato,254,1877,7.38976378
Bihar,MADHEPURA,2001,Whole Year,Turmeric,6,6,1
Bihar,MADHEPURA,2002,Autumn,Maize,7303,19313,2.644529645
Bihar,MADHEPURA,2002,Autumn,Rice,18530,25397,1.370588235
Bihar,MADHEPURA,2002,Kharif,Arhar/Tur,2,2,1
Bihar,MADHEPURA,2002,Kharif,Bajra,5,5,1
Bihar,MADHEPURA,2002,Kharif,Horse-gram,652,519,0.79601227
Bihar,MADHEPURA,2002,Kharif,Jowar,81,82,1.012345679
Bihar,MADHEPURA,2002,Kharif,Jute,5947,53953,9.072305364
Bihar,MADHEPURA,2002,Kharif,Mesta,2885,23577,8.172270364
Bihar,MADHEPURA,2002,Kharif,Moong(Green Gram),547,301,0.550274223
Bihar,MADHEPURA,2002,Kharif,Ragi,1354,733,0.541358936
Bihar,MADHEPURA,2002,Kharif,Sesamum,37,27,0.72972973
Bihar,MADHEPURA,2002,Kharif,Small millets,44,34,0.772727273
Bihar,MADHEPURA,2002,Kharif,Sunflower,3057,3735,1.221786065
Bihar,MADHEPURA,2002,Kharif,Urad,422,318,0.753554502
Bihar,MADHEPURA,2002,Rabi,Barley,36,42,1.166666667
Bihar,MADHEPURA,2002,Rabi,Khesari,2702,1916,0.709104367
Bihar,MADHEPURA,2002,Rabi,Linseed,595,441,0.741176471
Bihar,MADHEPURA,2002,Rabi,Maize,13208,59344,4.493034525
Bihar,MADHEPURA,2002,Rabi,Masoor,1999,876,0.43821911
Bihar,MADHEPURA,2002,Rabi,Peas & beans (Pulses),903,781,0.864894795
Bihar,MADHEPURA,2002,Rabi,Rapeseed &Mustard,2249,2242,0.996887506
Bihar,MADHEPURA,2002,Rabi,Wheat,50082,81820,1.633720698
Bihar,MADHEPURA,2002,Summer,Maize,15783,63342,4.013305455
Bihar,MADHEPURA,2002,Summer,Moong(Green Gram),18057,11466,0.634989201
Bihar,MADHEPURA,2002,Summer,Rice,1084,1713,1.580258303
Bihar,MADHEPURA,2002,Whole Year,Banana,491,3167,6.450101833
Bihar,MADHEPURA,2002,Whole Year,Coriander,33,21,0.636363636
Bihar,MADHEPURA,2002,Whole Year,Dry chillies,5,3,0.6
Bihar,MADHEPURA,2002,Whole Year,Dry ginger,5,8,1.6
Bihar,MADHEPURA,2002,Whole Year,Garlic,12,18,1.5
Bihar,MADHEPURA,2002,Whole Year,Onion,115,1494,12.99130435
Bihar,MADHEPURA,2002,Whole Year,Potato,3900,45839,11.75358974
Bihar,MADHEPURA,2002,Whole Year,Sannhamp,43,31,0.720930233
Bihar,MADHEPURA,2002,Whole Year,Sugarcane,617,25017,40.54619125
Bihar,MADHEPURA,2002,Whole Year,Sweet potato,273,2200,8.058608059
Bihar,MADHEPURA,2002,Whole Year,Turmeric,7,7,1
Bihar,MADHEPURA,2002,Winter,Rice,67055,88118,1.314115279
Bihar,MADHEPURA,2003,Autumn,Rice,19287,28937,1.500337015
Bihar,MADHEPURA,2003,Kharif,Arhar/Tur,33,41,1.242424242
Bihar,MADHEPURA,2003,Kharif,Jute,5775,77898,13.48883117
Bihar,MADHEPURA,2003,Kharif,Maize,6350,17027,2.681417323
Bihar,MADHEPURA,2003,Kharif,Mesta,2427,25403,10.46683148
Bihar,MADHEPURA,2003,Kharif,Moong(Green Gram),110,25,0.227272727
Bihar,MADHEPURA,2003,Kharif,Ragi,816,652,0.799019608
Bihar,MADHEPURA,2003,Kharif,Sesamum,31,24,0.774193548
Bihar,MADHEPURA,2003,Kharif,Small millets,291,226,0.776632302
Bihar,MADHEPURA,2003,Kharif,Sunflower,3158,4272,1.352754908
Bihar,MADHEPURA,2003,Kharif,Urad,308,229,0.743506494
Bihar,MADHEPURA,2003,Rabi,Khesari,2310,991,0.429004329
Bihar,MADHEPURA,2003,Rabi,Linseed,750,588,0.784
Bihar,MADHEPURA,2003,Rabi,Maize,14487,73391,5.065990198
Bihar,MADHEPURA,2003,Rabi,Masoor,1449,545,0.376121463
Bihar,MADHEPURA,2003,Rabi,Peas & beans (Pulses),811,757,0.933415536
Bihar,MADHEPURA,2003,Rabi,Rapeseed &Mustard,2189,2787,1.273184102
Bihar,MADHEPURA,2003,Rabi,Wheat,38948,40681,1.044495224
Bihar,MADHEPURA,2003,Summer,Maize,17366,60828,3.502706438
Bihar,MADHEPURA,2003,Summer,Moong(Green Gram),17595,7513,0.426996306
Bihar,MADHEPURA,2003,Summer,Rice,1503,2726,1.813705921
Bihar,MADHEPURA,2003,Whole Year,Banana,551,8673,15.74047187
Bihar,MADHEPURA,2003,Whole Year,Coriander,54,37,0.685185185
Bihar,MADHEPURA,2003,Whole Year,Dry chillies,19,15,0.789473684
Bihar,MADHEPURA,2003,Whole Year,Garlic,453,79,0.174392936
Bihar,MADHEPURA,2003,Whole Year,Onion,79,841,10.64556962
Bihar,MADHEPURA,2003,Whole Year,Potato,3565,40505,11.36185133
Bihar,MADHEPURA,2003,Whole Year,Sannhamp,62,44,0.709677419
Bihar,MADHEPURA,2003,Whole Year,Sugarcane,169,6709,39.69822485
Bihar,MADHEPURA,2003,Whole Year,Sweet potato,16,210,13.125
Bihar,MADHEPURA,2003,Whole Year,Turmeric,9,9,1
Bihar,MADHEPURA,2003,Winter,Rice,58335,85354,1.463169624
Bihar,MADHEPURA,2004,Autumn,Rice,17137,15145,0.883760285
Bihar,MADHEPURA,2004,Kharif,Arhar/Tur,35,43,1.228571429
Bihar,MADHEPURA,2004,Kharif,Horse-gram,602,486,0.80730897
Bihar,MADHEPURA,2004,Kharif,Jute,5132,40315,7.855611847
Bihar,MADHEPURA,2004,Kharif,Maize,4076,10953,2.687193327
Bihar,MADHEPURA,2004,Kharif,Mesta,2063,16458,7.977702375
Bihar,MADHEPURA,2004,Kharif,Moong(Green Gram),19,5,0.263157895
Bihar,MADHEPURA,2004,Kharif,Ragi,843,1055,1.2514828
Bihar,MADHEPURA,2004,Kharif,Sesamum,23,17,0.739130435
Bihar,MADHEPURA,2004,Kharif,Small millets,33,24,0.727272727
Bihar,MADHEPURA,2004,Kharif,Sunflower,3506,4991,1.423559612
Bihar,MADHEPURA,2004,Kharif,Urad,361,271,0.750692521
Bihar,MADHEPURA,2004,Rabi,Barley,5,5,1
Bihar,MADHEPURA,2004,Rabi,Gram,65,54,0.830769231
Bihar,MADHEPURA,2004,Rabi,Khesari,2343,1560,0.66581306
Bihar,MADHEPURA,2004,Rabi,Linseed,502,423,0.842629482
Bihar,MADHEPURA,2004,Rabi,Maize,13536,51586,3.811022459
Bihar,MADHEPURA,2004,Rabi,Masoor,1370,748,0.545985401
Bihar,MADHEPURA,2004,Rabi,Peas & beans (Pulses),1053,927,0.88034188
Bihar,MADHEPURA,2004,Rabi,Rapeseed &Mustard,2107,2756,1.308020883
Bihar,MADHEPURA,2004,Rabi,Wheat,38450,70831,1.842158648
Bihar,MADHEPURA,2004,Summer,Maize,18225,84483,4.635555556
Bihar,MADHEPURA,2004,Summer,Moong(Green Gram),16464,8825,0.536017979
Bihar,MADHEPURA,2004,Summer,Rice,1706,2431,1.424970692
Bihar,MADHEPURA,2004,Whole Year,Banana,439,16296,37.12072893
Bihar,MADHEPURA,2004,Whole Year,Coriander,31,20,0.64516129
Bihar,MADHEPURA,2004,Whole Year,Dry chillies,20,14,0.7
Bihar,MADHEPURA,2004,Whole Year,Garlic,58,86,1.482758621
Bihar,MADHEPURA,2004,Whole Year,Onion,87,657,7.551724138
Bihar,MADHEPURA,2004,Whole Year,Potato,2129,16691,7.839830907
Bihar,MADHEPURA,2004,Whole Year,Sannhamp,76,66,0.868421053
Bihar,MADHEPURA,2004,Whole Year,Sugarcane,179,6531,36.48603352
Bihar,MADHEPURA,2004,Whole Year,Sweet potato,95,863,9.084210526
Bihar,MADHEPURA,2004,Whole Year,Turmeric,14,14,1
Bihar,MADHEPURA,2004,Winter,Rice,57958,68465,1.181286449
Bihar,MADHEPURA,2005,Autumn,Rice,16933,18111,1.069568299
Bihar,MADHEPURA,2005,Kharif,Arhar/Tur,23,30,1.304347826
Bihar,MADHEPURA,2005,Kharif,Horse-gram,515,443,0.860194175
Bihar,MADHEPURA,2005,Kharif,Jute,4547,62496,13.74444689
Bihar,MADHEPURA,2005,Kharif,Maize,4120,11466,2.783009709
Bihar,MADHEPURA,2005,Kharif,Mesta,695,4622,6.650359712
Bihar,MADHEPURA,2005,Kharif,Moong(Green Gram),18,10,0.555555556
Bihar,MADHEPURA,2005,Kharif,Ragi,800,448,0.56
Bihar,MADHEPURA,2005,Kharif,Sesamum,25,21,0.84
Bihar,MADHEPURA,2005,Kharif,Small millets,66,49,0.742424242
Bihar,MADHEPURA,2005,Kharif,Sunflower,3561,4582,1.286717214
Bihar,MADHEPURA,2005,Kharif,Urad,597,461,0.772194305
Bihar,MADHEPURA,2005,Rabi,Barley,27,28,1.037037037
Bihar,MADHEPURA,2005,Rabi,Khesari,2081,1346,0.646804421
Bihar,MADHEPURA,2005,Rabi,Linseed,536,464,0.865671642
Bihar,MADHEPURA,2005,Rabi,Maize,14976,47025,3.140024038
Bihar,MADHEPURA,2005,Rabi,Masoor,1293,760,0.587780356
Bihar,MADHEPURA,2005,Rabi,Peas & beans (Pulses),983,904,0.919633774
Bihar,MADHEPURA,2005,Rabi,Rapeseed &Mustard,1972,2207,1.119168357
Bihar,MADHEPURA,2005,Rabi,Wheat,36221,36022,0.99450595
Bihar,MADHEPURA,2005,Summer,Maize,18530,52644,2.841014571
Bihar,MADHEPURA,2005,Summer,Moong(Green Gram),15986,11782,0.737019892
Bihar,MADHEPURA,2005,Summer,Rice,2394,3704,1.547201337
Bihar,MADHEPURA,2005,Whole Year,Banana,409,14209,34.7408313
Bihar,MADHEPURA,2005,Whole Year,Coriander,25,22,0.88
Bihar,MADHEPURA,2005,Whole Year,Dry chillies,17,11,0.647058824
Bihar,MADHEPURA,2005,Whole Year,Dry ginger,1,1,1
Bihar,MADHEPURA,2005,Whole Year,Garlic,58,86,1.482758621
Bihar,MADHEPURA,2005,Whole Year,Onion,62,386,6.225806452
Bihar,MADHEPURA,2005,Whole Year,Potato,3358,36679,10.92287076
Bihar,MADHEPURA,2005,Whole Year,Sannhamp,67,54,0.805970149
Bihar,MADHEPURA,2005,Whole Year,Sugarcane,273,11353,41.58608059
Bihar,MADHEPURA,2005,Whole Year,Sweet potato,100,1537,15.37
Bihar,MADHEPURA,2005,Whole Year,Turmeric,46,45,0.97826087
Bihar,MADHEPURA,2005,Winter,Rice,59073,75289,1.274507812
Bihar,MADHEPURA,2006,Autumn,Rice,16832,19775,1.174845532
Bihar,MADHEPURA,2006,Kharif,Arhar/Tur,61,76,1.245901639
Bihar,MADHEPURA,2006,Kharif,Jute,4865,61029,12.54450154
Bihar,MADHEPURA,2006,Kharif,Maize,3748,9840,2.625400213
Bihar,MADHEPURA,2006,Kharif,Mesta,2049,18976,9.261102977
Bihar,MADHEPURA,2006,Kharif,Moong(Green Gram),361,210,0.581717452
Bihar,MADHEPURA,2006,Kharif,Ragi,652,529,0.811349693
Bihar,MADHEPURA,2006,Kharif,Sannhamp,16,13,0.8125
Bihar,MADHEPURA,2006,Kharif,Sesamum,7,5,0.714285714
Bihar,MADHEPURA,2006,Kharif,Urad,545,424,0.777981651
Bihar,MADHEPURA,2006,Rabi,Barley,4,4,1
Bihar,MADHEPURA,2006,Rabi,Khesari,1788,1393,0.779082774
Bihar,MADHEPURA,2006,Rabi,Linseed,621,527,0.84863124
Bihar,MADHEPURA,2006,Rabi,Maize,16579,47946,2.891971772
Bihar,MADHEPURA,2006,Rabi,Masoor,1298,659,0.50770416
Bihar,MADHEPURA,2006,Rabi,Peas & beans (Pulses),917,853,0.930207197
Bihar,MADHEPURA,2006,Rabi,Rapeseed &Mustard,1982,2343,1.182139253
Bihar,MADHEPURA,2006,Rabi,Sunflower,3373,4323,1.281648384
Bihar,MADHEPURA,2006,Rabi,Wheat,36629,53177,1.451773185
Bihar,MADHEPURA,2006,Summer,Maize,19483,57051,2.928245137
Bihar,MADHEPURA,2006,Summer,Moong(Green Gram),13805,11016,0.797971749
Bihar,MADHEPURA,2006,Summer,Rice,1767,2822,1.597057159
Bihar,MADHEPURA,2006,Winter,Rice,59682,67092,1.124158038
Bihar,MADHEPURA,2007,Autumn,Maize,3827,11382,2.974131173
Bihar,MADHEPURA,2007,Autumn,Rice,16198,21114,1.303494259
Bihar,MADHEPURA,2007,Kharif,Arhar/Tur,37,51,1.378378378
Bihar,MADHEPURA,2007,Kharif,Dry ginger,2,3,1.5
Bihar,MADHEPURA,2007,Kharif,Jute,5534,71358,12.89447055
Bihar,MADHEPURA,2007,Kharif,Mesta,2312,31713,13.7166955
Bihar,MADHEPURA,2007,Kharif,Moong(Green Gram),286,195,0.681818182
Bihar,MADHEPURA,2007,Kharif,Ragi,590,645,1.093220339
Bihar,MADHEPURA,2007,Kharif,Sannhamp,114,505.55,4.434649123
Bihar,MADHEPURA,2007,Kharif,Sesamum,61,49,0.803278689
Bihar,MADHEPURA,2007,Kharif,Small millets,70,51,0.728571429
Bihar,MADHEPURA,2007,Kharif,Urad,656,513,0.782012195
Bihar,MADHEPURA,2007,Rabi,Barley,5,6,1.2
Bihar,MADHEPURA,2007,Rabi,Gram,40,40,1
Bihar,MADHEPURA,2007,Rabi,Khesari,1893,1204,0.63602747
Bihar,MADHEPURA,2007,Rabi,Linseed,571,471,0.824868651
Bihar,MADHEPURA,2007,Rabi,Maize,18295,56495,3.088002186
Bihar,MADHEPURA,2007,Rabi,Masoor,1082,658,0.608133087
Bihar,MADHEPURA,2007,Rabi,Peas & beans (Pulses),976,1051,1.076844262
Bihar,MADHEPURA,2007,Rabi,Rapeseed &Mustard,1822,1306,0.716794731
Bihar,MADHEPURA,2007,Rabi,Safflower,72,57,0.791666667
Bihar,MADHEPURA,2007,Rabi,Sunflower,5345,7100,1.328344247
Bihar,MADHEPURA,2007,Rabi,Wheat,41435,66837,1.613056595
Bihar,MADHEPURA,2007,Summer,Maize,19760,96793,4.898431174
Bihar,MADHEPURA,2007,Summer,Moong(Green Gram),19893,10523,0.528980043
Bihar,MADHEPURA,2007,Summer,Rice,2258,3647,1.615146147
Bihar,MADHEPURA,2007,Whole Year,Banana,457,16420,35.92997812
Bihar,MADHEPURA,2007,Whole Year,Coriander,31,24,0.774193548
Bihar,MADHEPURA,2007,Whole Year,Dry chillies,35,25,0.714285714
Bihar,MADHEPURA,2007,Whole Year,Garlic,86,128,1.488372093
Bihar,MADHEPURA,2007,Whole Year,Onion,172,1130,6.569767442
Bihar,MADHEPURA,2007,Whole Year,Potato,3994,54208,13.57235854
Bihar,MADHEPURA,2007,Whole Year,Sugarcane,655,23350,35.64885496
Bihar,MADHEPURA,2007,Whole Year,Sweet potato,82,1087,13.25609756
Bihar,MADHEPURA,2007,Whole Year,Tobacco,4,7,1.75
Bihar,MADHEPURA,2007,Whole Year,Turmeric,61,61,1
Bihar,MADHEPURA,2007,Winter,Rice,66418,98708,1.486163389
Bihar,MADHEPURA,2008,Autumn,Maize,3743,9665,2.582153353
Bihar,MADHEPURA,2008,Autumn,Rice,16424,19867,1.209632245
Bihar,MADHEPURA,2008,Kharif,Arhar/Tur,7,8,1.142857143
Bihar,MADHEPURA,2008,Kharif,Castor seed,3,3,1
Bihar,MADHEPURA,2008,Kharif,Dry ginger,2,3,1.5
Bihar,MADHEPURA,2008,Kharif,Jute,5559,88326,15.88882893
Bihar,MADHEPURA,2008,Kharif,Mesta,2152,24509,11.38894052
Bihar,MADHEPURA,2008,Kharif,Moong(Green Gram),329,298,0.905775076
Bihar,MADHEPURA,2008,Kharif,Potato,754,5655,7.5
Bihar,MADHEPURA,2008,Kharif,Ragi,681,652,0.957415565
Bihar,MADHEPURA,2008,Kharif,Sannhamp,99,438.88,4.433131313
Bihar,MADHEPURA,2008,Kharif,Sesamum,65,51,0.784615385
Bihar,MADHEPURA,2008,Kharif,Small millets,70,52,0.742857143
Bihar,MADHEPURA,2008,Kharif,Sweet potato,3,41,13.66666667
Bihar,MADHEPURA,2008,Kharif,Urad,664,560,0.843373494
Bihar,MADHEPURA,2008,Rabi,Khesari,1218,1161,0.95320197
Bihar,MADHEPURA,2008,Rabi,Linseed,211,179,0.848341232
Bihar,MADHEPURA,2008,Rabi,Maize,15051,45379,3.015015614
Bihar,MADHEPURA,2008,Rabi,Masoor,740,533,0.72027027
Bihar,MADHEPURA,2008,Rabi,Peas & beans (Pulses),1083,1042,0.962142198
Bihar,MADHEPURA,2008,Rabi,Potato,1734,9242,5.329873126
Bihar,MADHEPURA,2008,Rabi,Rapeseed &Mustard,1387,1387,1
Bihar,MADHEPURA,2008,Rabi,Safflower,67,57,0.850746269
Bihar,MADHEPURA,2008,Rabi,Sunflower,5345,7100,1.328344247
Bihar,MADHEPURA,2008,Rabi,Wheat,35652,79031,2.216733984
Bihar,MADHEPURA,2008,Summer,Maize,20919,65057,3.109947894
Bihar,MADHEPURA,2008,Summer,Moong(Green Gram),18498,14854,0.80300573
Bihar,MADHEPURA,2008,Summer,Rice,1710,3125,1.82748538
Bihar,MADHEPURA,2008,Whole Year,Dry chillies,21,30,1.428571429
Bihar,MADHEPURA,2008,Whole Year,Garlic,84,125,1.488095238
Bihar,MADHEPURA,2008,Whole Year,Onion,143,1000,6.993006993
Bihar,MADHEPURA,2008,Whole Year,Sugarcane,731,32160,43.99452804
Bihar,MADHEPURA,2008,Whole Year,Turmeric,57,66,1.157894737
Bihar,MADHEPURA,2008,Winter,Rice,35005,22786,0.650935581
Bihar,MADHEPURA,2009,Autumn,Maize,7348,20379,2.77340773
Bihar,MADHEPURA,2009,Autumn,Rice,19658,21337,1.08541052
Bihar,MADHEPURA,2009,Kharif,Arhar/Tur,10,13,1.3
Bihar,MADHEPURA,2009,Kharif,Horse-gram,441,425,0.963718821
Bihar,MADHEPURA,2009,Kharif,Jute,4727,23714,5.016712503
Bihar,MADHEPURA,2009,Kharif,Mesta,1809,9115,5.038695412
Bihar,MADHEPURA,2009,Kharif,Moong(Green Gram),405,268,0.661728395
Bihar,MADHEPURA,2009,Kharif,Ragi,403,334,0.828784119
Bihar,MADHEPURA,2009,Kharif,Sannhamp,41,33,0.804878049
Bihar,MADHEPURA,2009,Kharif,Small millets,33,25,0.757575758
Bihar,MADHEPURA,2009,Kharif,Urad,588,582,0.989795918
Bihar,MADHEPURA,2009,Rabi,Khesari,828,331,0.399758454
Bihar,MADHEPURA,2009,Rabi,Linseed,193,163,0.844559585
Bihar,MADHEPURA,2009,Rabi,Maize,17627,36171,2.052022466
Bihar,MADHEPURA,2009,Rabi,Masoor,660,319,0.483333333
Bihar,MADHEPURA,2009,Rabi,Peas & beans (Pulses),1116,1117,1.000896057
Bihar,MADHEPURA,2009,Rabi,Rapeseed &Mustard,1430,1057,0.739160839
Bihar,MADHEPURA,2009,Rabi,Sunflower,6276,8818,1.405035054
Bihar,MADHEPURA,2009,Rabi,Wheat,38874,95831,2.465169522
Bihar,MADHEPURA,2009,Summer,Maize,22640,61373,2.710821555
Bihar,MADHEPURA,2009,Summer,Moong(Green Gram),17862,7859,0.439984324
Bihar,MADHEPURA,2009,Summer,Rice,424,466,1.099056604
Bihar,MADHEPURA,2009,Whole Year,Sugarcane,268,12873,48.03358209
Bihar,MADHEPURA,2009,Winter,Rice,62948,81285,1.291303933
Bihar,MADHEPURA,2010,Autumn,Maize,6885,12644,1.836456064
Bihar,MADHEPURA,2010,Autumn,Rice,16993,18868,1.110339552
Bihar,MADHEPURA,2010,Kharif,Arhar/Tur,11,17,1.545454545
Bihar,MADHEPURA,2010,Kharif,Horse-gram,374,353,0.943850267
Bihar,MADHEPURA,2010,Kharif,Jute,4892,22884,4.677841374
Bihar,MADHEPURA,2010,Kharif,Mesta,2105,10619,5.044655582
Bihar,MADHEPURA,2010,Kharif,Moong(Green Gram),400,262,0.655
Bihar,MADHEPURA,2010,Kharif,Ragi,352,198,0.5625
Bihar,MADHEPURA,2010,Kharif,Sesamum,49,39,0.795918367
Bihar,MADHEPURA,2010,Kharif,Small millets,13,10,0.769230769
Bihar,MADHEPURA,2010,Kharif,Urad,698,609,0.872492837
Bihar,MADHEPURA,2010,Rabi,Khesari,810,439,0.541975309
Bihar,MADHEPURA,2010,Rabi,Linseed,194,159,0.819587629
Bihar,MADHEPURA,2010,Rabi,Maize,13753,49194,3.576965026
Bihar,MADHEPURA,2010,Rabi,Masoor,679,353,0.51988218
Bihar,MADHEPURA,2010,Rabi,Peas & beans (Pulses),1029,1065,1.034985423
Bihar,MADHEPURA,2010,Rabi,Rapeseed &Mustard,1212,1410,1.163366337
Bihar,MADHEPURA,2010,Rabi,Sunflower,5648,8099,1.433958924
Bihar,MADHEPURA,2010,Rabi,Wheat,35530,68470,1.927103856
Bihar,MADHEPURA,2010,Summer,Maize,21556,67764,3.143625905
Bihar,MADHEPURA,2010,Summer,Moong(Green Gram),17836,8436,0.472976004
Bihar,MADHEPURA,2010,Summer,Rice,475,837,1.762105263
Bihar,MADHEPURA,2010,Whole Year,Sugarcane,5060,253921,50.18201581
Bihar,MADHEPURA,2010,Winter,Rice,59202,41664,0.703760008
Bihar,MADHEPURA,2011,Autumn,Maize,6527,25479,3.903631071
Bihar,MADHEPURA,2011,Autumn,Rice,12134,10601,0.873660788
Bihar,MADHEPURA,2011,Kharif,Arhar/Tur,11,21,1.909090909
Bihar,MADHEPURA,2011,Kharif,Horse-gram,325,309,0.950769231
Bihar,MADHEPURA,2011,Kharif,Jute,4534,45214,9.972209969
Bihar,MADHEPURA,2011,Kharif,Mesta,1920,13867,7.222395833
Bihar,MADHEPURA,2011,Kharif,Moong(Green Gram),229,120,0.524017467
Bihar,MADHEPURA,2011,Kharif,Ragi,261,230,0.881226054
Bihar,MADHEPURA,2011,Kharif,Sesamum,30,26,0.866666667
Bihar,MADHEPURA,2011,Kharif,Urad,479,409,0.853862213
Bihar,MADHEPURA,2011,Rabi,Khesari,505,298,0.59009901
Bihar,MADHEPURA,2011,Rabi,Linseed,97,84,0.865979381
Bihar,MADHEPURA,2011,Rabi,Maize,16207,112882,6.965015117
Bihar,MADHEPURA,2011,Rabi,Masoor,578,465,0.80449827
Bihar,MADHEPURA,2011,Rabi,Peas & beans (Pulses),803,828,1.03113325
Bihar,MADHEPURA,2011,Rabi,Rapeseed &Mustard,1597,2664,1.66812774
Bihar,MADHEPURA,2011,Rabi,Sunflower,5420,7659,1.413099631
Bihar,MADHEPURA,2011,Rabi,Wheat,38673,127666,3.301166188
Bihar,MADHEPURA,2011,Summer,Maize,20622,137680,6.676365047
Bihar,MADHEPURA,2011,Summer,Moong(Green Gram),18867,10886,0.576986272
Bihar,MADHEPURA,2011,Summer,Rice,914,1495,1.635667396
Bihar,MADHEPURA,2011,Winter,Rice,58184,88064,1.513543242
Bihar,MADHEPURA,2012,Autumn,Maize,7023,55929,7.96369073
Bihar,MADHEPURA,2012,Autumn,Rice,11434,18153,1.587633374
Bihar,MADHEPURA,2012,Kharif,Arhar/Tur,11,23,2.090909091
Bihar,MADHEPURA,2012,Kharif,Horse-gram,261,253,0.969348659
Bihar,MADHEPURA,2012,Kharif,Jute,5022,11375,2.265033851
Bihar,MADHEPURA,2012,Kharif,Mesta,2131,3094,1.451900516
Bihar,MADHEPURA,2012,Kharif,Moong(Green Gram),128,62,0.484375
Bihar,MADHEPURA,2012,Kharif,Ragi,292,269,0.921232877
Bihar,MADHEPURA,2012,Kharif,Sesamum,37,32,0.864864865
Bihar,MADHEPURA,2012,Kharif,Urad,449,382,0.85077951
Bihar,MADHEPURA,2012,Rabi,Khesari,505,342,0.677227723
Bihar,MADHEPURA,2012,Rabi,Linseed,97,84,0.865979381
Bihar,MADHEPURA,2012,Rabi,Maize,16207,52883,3.26297279
Bihar,MADHEPURA,2012,Rabi,Masoor,578,402,0.69550173
Bihar,MADHEPURA,2012,Rabi,Peas & beans (Pulses),803,836,1.04109589
Bihar,MADHEPURA,2012,Rabi,Rapeseed &Mustard,1597,1396,0.874139011
Bihar,MADHEPURA,2012,Rabi,Sunflower,5077,7196,1.417372464
Bihar,MADHEPURA,2012,Rabi,Wheat,38673,97885,2.531094045
Bihar,MADHEPURA,2012,Summer,Maize,20622,161037,7.808990399
Bihar,MADHEPURA,2012,Summer,Moong(Green Gram),18867,10698,0.567021784
Bihar,MADHEPURA,2012,Summer,Rice,914,1685,1.843544858
Bihar,MADHEPURA,2012,Whole Year,Sugarcane,3920,253526,64.675
Bihar,MADHEPURA,2012,Winter,Rice,56918,149734,2.630696792
Bihar,MADHEPURA,2013,Autumn,Maize,8751,37137,4.243743572
Bihar,MADHEPURA,2013,Autumn,Rice,18873,28752,1.523446193
Bihar,MADHEPURA,2013,Kharif,Arhar/Tur,47,78,1.659574468
Bihar,MADHEPURA,2013,Kharif,Castor seed,4,4,1
Bihar,MADHEPURA,2013,Kharif,Horse-gram,525,500,0.952380952
Bihar,MADHEPURA,2013,Kharif,Jute,4058,56406,13.89995071
Bihar,MADHEPURA,2013,Kharif,Mesta,4153,61626,14.83891163
Bihar,MADHEPURA,2013,Kharif,Moong(Green Gram),186,144,0.774193548
Bihar,MADHEPURA,2013,Kharif,Other Kharif pulses,1,1,1
Bihar,MADHEPURA,2013,Kharif,Ragi,206,191,0.927184466
Bihar,MADHEPURA,2013,Kharif,Sannhamp,77,62,0.805194805
Bihar,MADHEPURA,2013,Kharif,Sesamum,53,46,0.867924528
Bihar,MADHEPURA,2013,Kharif,Small millets,31,23,0.741935484
Bihar,MADHEPURA,2013,Kharif,Urad,606,553,0.912541254
Bihar,MADHEPURA,2013,Rabi,Khesari,264,220,0.833333333
Bihar,MADHEPURA,2013,Rabi,Linseed,41,35,0.853658537
Bihar,MADHEPURA,2013,Rabi,Maize,18702,108546,5.803978184
Bihar,MADHEPURA,2013,Rabi,Masoor,639,799,1.250391236
Bihar,MADHEPURA,2013,Rabi,Peas & beans (Pulses),661,701,1.060514372
Bihar,MADHEPURA,2013,Rabi,Rapeseed &Mustard,2255,2650,1.175166297
Bihar,MADHEPURA,2013,Rabi,Safflower,1,1,1
Bihar,MADHEPURA,2013,Rabi,Sunflower,3737,5323,1.424404603
Bihar,MADHEPURA,2013,Rabi,Wheat,30031,86182,2.869767906
Bihar,MADHEPURA,2013,Summer,Maize,18101,102008,5.635489752
Bihar,MADHEPURA,2013,Summer,Moong(Green Gram),16456,4822,0.293023821
Bihar,MADHEPURA,2013,Summer,Rice,1930,3905,2.023316062
Bihar,MADHEPURA,2013,Whole Year,Sugarcane,385,22028,57.21558442
Bihar,MADHEPURA,2013,Winter,Rice,53961,78394,1.452789978
Bihar,MADHEPURA,2014,Autumn,Maize,5832,20358,3.490740741
Bihar,MADHEPURA,2014,Autumn,Rice,17032,34849,2.046089713
Bihar,MADHEPURA,2014,Kharif,Arhar/Tur,12,17,1.416666667
Bihar,MADHEPURA,2014,Kharif,Bajra,12,14,1.166666667
Bihar,MADHEPURA,2014,Kharif,Castor seed,4,4,1
Bihar,MADHEPURA,2014,Kharif,Groundnut,12,12,1
Bihar,MADHEPURA,2014,Kharif,Horse-gram,456,436,0.956140351
Bihar,MADHEPURA,2014,Kharif,Jute,3537,53468,15.11676562
Bihar,MADHEPURA,2014,Kharif,Mesta,5707,78661,13.78324864
Bihar,MADHEPURA,2014,Kharif,Moong(Green Gram),145,74,0.510344828
Bihar,MADHEPURA,2014,Kharif,Other Kharif pulses,6,5,0.833333333
Bihar,MADHEPURA,2014,Kharif,Ragi,201,291,1.447761194
Bihar,MADHEPURA,2014,Kharif,Sannhamp,82,66,0.804878049
Bihar,MADHEPURA,2014,Kharif,Sesamum,44,39,0.886363636
Bihar,MADHEPURA,2014,Kharif,Small millets,30,23,0.766666667
Bihar,MADHEPURA,2014,Kharif,Urad,413,378,0.915254237
Bihar,MADHEPURA,2014,Rabi,Khesari,376,250,0.664893617
Bihar,MADHEPURA,2014,Rabi,Linseed,113,97,0.85840708
Bihar,MADHEPURA,2014,Rabi,Maize,17807,102444,5.753018476
Bihar,MADHEPURA,2014,Rabi,Masoor,656,407,0.620426829
Bihar,MADHEPURA,2014,Rabi,Peas & beans (Pulses),799,807,1.010012516
Bihar,MADHEPURA,2014,Rabi,Rapeseed &Mustard,1939,1419,0.731820526
Bihar,MADHEPURA,2014,Rabi,Sunflower,3683,5251,1.425739886
Bihar,MADHEPURA,2014,Rabi,Wheat,31094,71460,2.298192577
Bihar,MADHEPURA,2014,Summer,Maize,19781,106664,5.392245084
Bihar,MADHEPURA,2014,Summer,Moong(Green Gram),18064,7388,0.408990257
Bihar,MADHEPURA,2014,Summer,Rice,1254,1727,1.377192982
Bihar,MADHEPURA,2014,Whole Year,Sugarcane,593,35822,60.40809444
Bihar,MADHEPURA,2014,Winter,Rice,52568,117196,2.229417136
Bihar,MADHUBANI,1997,Autumn,Rice,25274,32983,1.305017014
Bihar,MADHUBANI,1997,Kharif,Arhar/Tur,1227,1344,1.095354523
Bihar,MADHUBANI,1997,Kharif,Bajra,11,8,0.727272727
Bihar,MADHUBANI,1997,Kharif,Dry ginger,1,1,1
Bihar,MADHUBANI,1997,Kharif,Maize,851,1241,1.458284371
Bihar,MADHUBANI,1997,Kharif,Mesta,179,991,5.536312849
Bihar,MADHUBANI,1997,Kharif,Other Kharif pulses,187,146,0.780748663
Bihar,MADHUBANI,1997,Kharif,Sesamum,67,62,0.925373134
Bihar,MADHUBANI,1997,Kharif,Small millets,5,3,0.6
Bihar,MADHUBANI,1997,Rabi,Barley,396,408,1.03030303
Bihar,MADHUBANI,1997,Rabi,Gram,700,734,1.048571429
Bihar,MADHUBANI,1997,Rabi,Linseed,1167,861,0.737789203
Bihar,MADHUBANI,1997,Rabi,Maize,256,801,3.12890625
Bihar,MADHUBANI,1997,Rabi,Other  Rabi pulses,162,102,0.62962963
Bihar,MADHUBANI,1997,Rabi,Rapeseed &Mustard,834,652,0.78177458
Bihar,MADHUBANI,1997,Rabi,Safflower,1,1,1
Bihar,MADHUBANI,1997,Rabi,Sunflower,7,4,0.571428571
Bihar,MADHUBANI,1997,Rabi,Tobacco,14,10,0.714285714
Bihar,MADHUBANI,1997,Rabi,Wheat,64513,105523,1.635685831
Bihar,MADHUBANI,1997,Summer,Maize,1019,1910,1.874386654
Bihar,MADHUBANI,1997,Summer,Rice,5198,11149,2.144863409
Bihar,MADHUBANI,1997,Whole Year,Banana,659,8020,12.16995448
Bihar,MADHUBANI,1997,Whole Year,Coriander,17,6,0.352941176
Bihar,MADHUBANI,1997,Whole Year,Dry chillies,19,13,0.684210526
Bihar,MADHUBANI,1997,Whole Year,Garlic,33,44,1.333333333
Bihar,MADHUBANI,1997,Whole Year,Onion,734,5600,7.629427793
Bihar,MADHUBANI,1997,Whole Year,Potato,5079,50534,9.949596377
Bihar,MADHUBANI,1997,Whole Year,Ragi,5300,3387,0.639056604
Bihar,MADHUBANI,1997,Whole Year,Sannhamp,210,219,1.042857143
Bihar,MADHUBANI,1997,Whole Year,Sugarcane,1058,36188,34.20415879
Bihar,MADHUBANI,1997,Whole Year,Sweet potato,711,13111,18.44022504
Bihar,MADHUBANI,1997,Whole Year,Turmeric,13,13,1
Bihar,MADHUBANI,1997,Winter,Rice,141257,151364,1.071550436
Bihar,MADHUBANI,1998,Kharif,Arhar/Tur,968,1116,1.152892562
Bihar,MADHUBANI,1998,Kharif,Bajra,206,152,0.737864078
Bihar,MADHUBANI,1998,Kharif,Blackgram,914,678,0.741794311
Bihar,MADHUBANI,1998,Kharif,Maize,2477,3526,1.423496165
Bihar,MADHUBANI,1998,Kharif,Other Kharif pulses,3556,1931,0.543025872
Bihar,MADHUBANI,1998,Kharif,Ragi,5327,7724,1.449971842
Bihar,MADHUBANI,1998,Kharif,Sesamum,85,86,1.011764706
Bihar,MADHUBANI,1998,Kharif,Small millets,208,209,1.004807692
Bihar,MADHUBANI,1998,Kharif,Sunflower,8,5,0.625
Bihar,MADHUBANI,1998,Rabi,Barley,239,276,1.154811715
Bihar,MADHUBANI,1998,Rabi,Gram,821,900,1.096224117
Bihar,MADHUBANI,1998,Rabi,Linseed,2146,1781,0.829916123
Bihar,MADHUBANI,1998,Rabi,Maize,206,757,3.674757282
Bihar,MADHUBANI,1998,Rabi,Other  Rabi pulses,19933,14051,0.704911453
Bihar,MADHUBANI,1998,Rabi,Rapeseed &Mustard,823,596,0.72417983
Bihar,MADHUBANI,1998,Rabi,Wheat,64510,105388,1.633669199
Bihar,MADHUBANI,1998,Summer,Maize,1066,1819,1.706378987
Bihar,MADHUBANI,1998,Summer,Rice,4869,5691,1.168823167
Bihar,MADHUBANI,1998,Whole Year,Banana,453,3783,8.350993377
Bihar,MADHUBANI,1998,Whole Year,Coriander,23,14,0.608695652
Bihar,MADHUBANI,1998,Whole Year,Dry chillies,62,45,0.725806452
Bihar,MADHUBANI,1998,Whole Year,Garlic,42,61,1.452380952
Bihar,MADHUBANI,1998,Whole Year,Onion,796,9902,12.43969849
Bihar,MADHUBANI,1998,Whole Year,Potato,4925,60516,12.28751269
Bihar,MADHUBANI,1998,Whole Year,Sugarcane,1188,34972,29.43771044
Bihar,MADHUBANI,1998,Whole Year,Sweet potato,698,7545,10.80945559
Bihar,MADHUBANI,1998,Whole Year,Tobacco,50,38,0.76
Bihar,MADHUBANI,1998,Whole Year,Turmeric,9,9,1
Bihar,MADHUBANI,1998,Winter,Rice,135024,119136,0.88233203
Bihar,MADHUBANI,1999,Kharif,Arhar/Tur,1204,1509,1.253322259
Bihar,MADHUBANI,1999,Kharif,Horse-gram,456,252,0.552631579
Bihar,MADHUBANI,1999,Kharif,Jowar,292,354,1.212328767
Bihar,MADHUBANI,1999,Kharif,Jute,1,7,7
Bihar,MADHUBANI,1999,Kharif,Maize,1385,2864,2.067870036
Bihar,MADHUBANI,1999,Kharif,Mesta,24,117,4.875
Bihar,MADHUBANI,1999,Kharif,Moong(Green Gram),96,74,0.770833333
Bihar,MADHUBANI,1999,Kharif,Ragi,4196,6378,1.520019066
Bihar,MADHUBANI,1999,Kharif,Rice,31979,43125,1.34854123
Bihar,MADHUBANI,1999,Kharif,Sesamum,10,6,0.6
Bihar,MADHUBANI,1999,Kharif,Sunflower,68,27,0.397058824
Bihar,MADHUBANI,1999,Kharif,Urad,1045,650,0.622009569
Bihar,MADHUBANI,1999,Rabi,Gram,411,315,0.766423358
Bihar,MADHUBANI,1999,Rabi,Khesari,2604,1763,0.67703533
Bihar,MADHUBANI,1999,Rabi,Linseed,923,518,0.561213434
Bihar,MADHUBANI,1999,Rabi,Maize,209,622,2.976076555
Bihar,MADHUBANI,1999,Rabi,Masoor,6409,6326,0.987049462
Bihar,MADHUBANI,1999,Rabi,Moong(Green Gram),10179,8530,0.837999804
Bihar,MADHUBANI,1999,Rabi,Other  Rabi pulses,39,32,0.820512821
Bihar,MADHUBANI,1999,Rabi,Peas & beans (Pulses),161,119,0.739130435
Bihar,MADHUBANI,1999,Rabi,Rapeseed &Mustard,861,404,0.469221835
Bihar,MADHUBANI,1999,Rabi,Safflower,4,2,0.5
Bihar,MADHUBANI,1999,Rabi,Wheat,68292,125780,1.841796989
Bihar,MADHUBANI,1999,Summer,Maize,755,1787,2.366887417
Bihar,MADHUBANI,1999,Summer,Rice,4846,6815,1.406314486
Bihar,MADHUBANI,1999,Whole Year,Banana,416,5009,12.04086538
Bihar,MADHUBANI,1999,Whole Year,Coriander,42,17,0.404761905
Bihar,MADHUBANI,1999,Whole Year,Dry chillies,40,50,1.25
Bihar,MADHUBANI,1999,Whole Year,Garlic,41,58,1.414634146
Bihar,MADHUBANI,1999,Whole Year,Onion,812,7795,9.599753695
Bihar,MADHUBANI,1999,Whole Year,Potato,5445,49545,9.099173554
Bihar,MADHUBANI,1999,Whole Year,Sugarcane,961,31597,32.8792924
Bihar,MADHUBANI,1999,Whole Year,Sweet potato,707,13299,18.81046676
Bihar,MADHUBANI,1999,Whole Year,Tobacco,33,33,1
Bihar,MADHUBANI,1999,Whole Year,Turmeric,44,42,0.954545455
Bihar,MADHUBANI,2000,Autumn,Rice,150336,175310,1.166121222
Bihar,MADHUBANI,2000,Kharif,Arhar/Tur,1072,1420,1.324626866
Bihar,MADHUBANI,2000,Kharif,Bajra,72,53,0.736111111
Bihar,MADHUBANI,2000,Kharif,Dry ginger,7,7,1
Bihar,MADHUBANI,2000,Kharif,Horse-gram,637,418,0.656200942
Bihar,MADHUBANI,2000,Kharif,Maize,1048,1802,1.719465649
Bihar,MADHUBANI,2000,Kharif,Mesta,50,216,4.32
Bihar,MADHUBANI,2000,Kharif,Moong(Green Gram),25,13,0.52
Bihar,MADHUBANI,2000,Kharif,Other Kharif pulses,17,9,0.529411765
Bihar,MADHUBANI,2000,Kharif,Ragi,4784,4286,0.89590301
Bihar,MADHUBANI,2000,Kharif,Rice,37328,37013,0.991561294
Bihar,MADHUBANI,2000,Kharif,Sesamum,15,8,0.533333333
Bihar,MADHUBANI,2000,Kharif,Small millets,180,141,0.783333333
Bihar,MADHUBANI,2000,Kharif,Sunflower,7,7,1
Bihar,MADHUBANI,2000,Kharif,Urad,1289,805,0.624515128
Bihar,MADHUBANI,2000,Rabi,Barley,204,239,1.171568627
Bihar,MADHUBANI,2000,Rabi,Gram,442,315,0.712669683
Bihar,MADHUBANI,2000,Rabi,Khesari,2845,2785,0.978910369
Bihar,MADHUBANI,2000,Rabi,Linseed,900,747,0.83
Bihar,MADHUBANI,2000,Rabi,Maize,157,341,2.171974522
Bihar,MADHUBANI,2000,Rabi,Masoor,8101,6708,0.82804592
Bihar,MADHUBANI,2000,Rabi,Moong(Green Gram),6905,4875,0.706010138
Bihar,MADHUBANI,2000,Rabi,Other  Rabi pulses,74,42,0.567567568
Bihar,MADHUBANI,2000,Rabi,Peas & beans (Pulses),131,126,0.961832061
Bihar,MADHUBANI,2000,Rabi,Rapeseed &Mustard,617,571,0.925445705
Bihar,MADHUBANI,2000,Rabi,Wheat,69182,106501,1.539432222
Bihar,MADHUBANI,2000,Summer,Maize,773,2137,2.764553687
Bihar,MADHUBANI,2000,Summer,Rice,3418,4589,1.342598011
Bihar,MADHUBANI,2000,Whole Year,Banana,549,5265,9.590163934
Bihar,MADHUBANI,2000,Whole Year,Coriander,21,8,0.380952381
Bihar,MADHUBANI,2000,Whole Year,Dry chillies,13,14,1.076923077
Bihar,MADHUBANI,2000,Whole Year,Garlic,44,66,1.5
Bihar,MADHUBANI,2000,Whole Year,Onion,589,10107,17.15959253
Bihar,MADHUBANI,2000,Whole Year,Potato,5845,88310,15.10863986
Bihar,MADHUBANI,2000,Whole Year,Sugarcane,934,36118,38.67023555
Bihar,MADHUBANI,2000,Whole Year,Sweet potato,424,7540,17.78301887
Bihar,MADHUBANI,2000,Whole Year,Tobacco,14,16,1.142857143
Bihar,MADHUBANI,2000,Whole Year,Turmeric,51,47,0.921568627
Bihar,MADHUBANI,2001,Autumn,Maize,398,727,1.826633166
Bihar,MADHUBANI,2001,Autumn,Rice,144032,139005,0.965098034
Bihar,MADHUBANI,2001,Kharif,Arhar/Tur,957,589,0.615464995
Bihar,MADHUBANI,2001,Kharif,Bajra,23,15,0.652173913
Bihar,MADHUBANI,2001,Kharif,Horse-gram,871,643,0.738231917
Bihar,MADHUBANI,2001,Kharif,Jute,5,33,6.6
Bihar,MADHUBANI,2001,Kharif,Mesta,32,208,6.5
Bihar,MADHUBANI,2001,Kharif,Moong(Green Gram),94,29,0.308510638
Bihar,MADHUBANI,2001,Kharif,Other Kharif pulses,3,2,0.666666667
Bihar,MADHUBANI,2001,Kharif,Ragi,3677,3773,1.02610824
Bihar,MADHUBANI,2001,Kharif,Rice,3362,4879,1.451219512
Bihar,MADHUBANI,2001,Kharif,Sesamum,56,38,0.678571429
Bihar,MADHUBANI,2001,Kharif,Small millets,45,36,0.8
Bihar,MADHUBANI,2001,Kharif,Sunflower,29,33,1.137931034
Bihar,MADHUBANI,2001,Kharif,Urad,1630,1068,0.655214724
Bihar,MADHUBANI,2001,Rabi,Barley,187,234,1.251336898
Bihar,MADHUBANI,2001,Rabi,Gram,247,135,0.546558704
Bihar,MADHUBANI,2001,Rabi,Khesari,2699,1406,0.520933679
Bihar,MADHUBANI,2001,Rabi,Linseed,908,587,0.646475771
Bihar,MADHUBANI,2001,Rabi,Maize,170,413,2.429411765
Bihar,MADHUBANI,2001,Rabi,Masoor,7862,7249,0.922030018
Bihar,MADHUBANI,2001,Rabi,Other  Rabi pulses,51,36,0.705882353
Bihar,MADHUBANI,2001,Rabi,Peas & beans (Pulses),128,77,0.6015625
Bihar,MADHUBANI,2001,Rabi,Rapeseed &Mustard,926,765,0.826133909
Bihar,MADHUBANI,2001,Rabi,Wheat,72068,94980,1.317921963
Bihar,MADHUBANI,2001,Summer,Maize,799,1620,2.027534418
Bihar,MADHUBANI,2001,Summer,Rice,32460,29175,0.898798521
Bihar,MADHUBANI,2001,Whole Year,Banana,379,3089,8.150395778
Bihar,MADHUBANI,2001,Whole Year,Coriander,28,17,0.607142857
Bihar,MADHUBANI,2001,Whole Year,Dry chillies,28,21,0.75
Bihar,MADHUBANI,2001,Whole Year,Garlic,28,41,1.464285714
Bihar,MADHUBANI,2001,Whole Year,Onion,533,3214,6.030018762
Bihar,MADHUBANI,2001,Whole Year,Potato,4585,100372,21.89138495
Bihar,MADHUBANI,2001,Whole Year,Sugarcane,877,31748,36.20068415
Bihar,MADHUBANI,2001,Whole Year,Sweet potato,297,3712,12.4983165
Bihar,MADHUBANI,2001,Whole Year,Tobacco,13,14,1.076923077
Bihar,MADHUBANI,2001,Whole Year,Turmeric,17,16,0.941176471
Bihar,MADHUBANI,2002,Autumn,Maize,1038,1840,1.772639692
Bihar,MADHUBANI,2002,Autumn,Rice,33310,29550,0.887120985
Bihar,MADHUBANI,2002,Kharif,Arhar/Tur,1209,1279,1.05789909
Bihar,MADHUBANI,2002,Kharif,Horse-gram,361,287,0.79501385
Bihar,MADHUBANI,2002,Kharif,Jute,2,13,6.5
Bihar,MADHUBANI,2002,Kharif,Mesta,114,750,6.578947368
Bihar,MADHUBANI,2002,Kharif,Moong(Green Gram),914,494,0.5404814
Bihar,MADHUBANI,2002,Kharif,Other Kharif pulses,27,15,0.555555556
Bihar,MADHUBANI,2002,Kharif,Ragi,3980,3204,0.805025126
Bihar,MADHUBANI,2002,Kharif,Sesamum,143,102,0.713286713
Bihar,MADHUBANI,2002,Kharif,Small millets,1,1,1
Bihar,MADHUBANI,2002,Kharif,Sunflower,15,15,1
Bihar,MADHUBANI,2002,Kharif,Urad,914,678,0.741794311
Bihar,MADHUBANI,2002,Rabi,Barley,86,99,1.151162791
Bihar,MADHUBANI,2002,Rabi,Gram,346,181,0.523121387
Bihar,MADHUBANI,2002,Rabi,Khesari,2461,1427,0.579845591
Bihar,MADHUBANI,2002,Rabi,Linseed,638,382,0.598746082
Bihar,MADHUBANI,2002,Rabi,Maize,434,1300,2.995391705
Bihar,MADHUBANI,2002,Rabi,Masoor,8172,6399,0.783039648
Bihar,MADHUBANI,2002,Rabi,Other  Rabi pulses,258,184,0.713178295
Bihar,MADHUBANI,2002,Rabi,Peas & beans (Pulses),203,183,0.901477833
Bihar,MADHUBANI,2002,Rabi,Rapeseed &Mustard,887,263,0.296505073
Bihar,MADHUBANI,2002,Rabi,Wheat,87324,114682,1.313293024
Bihar,MADHUBANI,2002,Summer,Maize,468,1080,2.307692308
Bihar,MADHUBANI,2002,Summer,Moong(Green Gram),8112,4591,0.565951677
Bihar,MADHUBANI,2002,Summer,Rice,3284,4775,1.454019488
Bihar,MADHUBANI,2002,Whole Year,Banana,222,2178,9.810810811
Bihar,MADHUBANI,2002,Whole Year,Coriander,106,71,0.669811321
Bihar,MADHUBANI,2002,Whole Year,Dry chillies,53,34,0.641509434
Bihar,MADHUBANI,2002,Whole Year,Dry ginger,3,4,1.333333333
Bihar,MADHUBANI,2002,Whole Year,Garlic,24,35,1.458333333
Bihar,MADHUBANI,2002,Whole Year,Onion,772,8523,11.04015544
Bihar,MADHUBANI,2002,Whole Year,Potato,7557,100597,13.31176393
Bihar,MADHUBANI,2002,Whole Year,Sannhamp,362,281,0.776243094
Bihar,MADHUBANI,2002,Whole Year,Sugarcane,695,12378,17.81007194
Bihar,MADHUBANI,2002,Whole Year,Sweet potato,564,7574,13.42907801
Bihar,MADHUBANI,2002,Whole Year,Turmeric,39,39,1
Bihar,MADHUBANI,2002,Winter,Rice,145967,106955,0.732734111
Bihar,MADHUBANI,2003,Autumn,Rice,37220,34390,0.92396561
Bihar,MADHUBANI,2003,Kharif,Arhar/Tur,1062,647,0.609227872
Bihar,MADHUBANI,2003,Kharif,Dry ginger,3,3,1
Bihar,MADHUBANI,2003,Kharif,Horse-gram,400,296,0.74
Bihar,MADHUBANI,2003,Kharif,Jute,7,52,7.428571429
Bihar,MADHUBANI,2003,Kharif,Maize,2371,3181,1.341628005
Bihar,MADHUBANI,2003,Kharif,Mesta,55,293,5.327272727
Bihar,MADHUBANI,2003,Kharif,Moong(Green Gram),181,91,0.502762431
Bihar,MADHUBANI,2003,Kharif,Other Kharif pulses,21,11,0.523809524
Bihar,MADHUBANI,2003,Kharif,Ragi,2891,1576,0.54514009
Bihar,MADHUBANI,2003,Kharif,Sesamum,70,48,0.685714286
Bihar,MADHUBANI,2003,Kharif,Small millets,1,1,1
Bihar,MADHUBANI,2003,Kharif,Sunflower,18,19,1.055555556
Bihar,MADHUBANI,2003,Kharif,Urad,763,541,0.70904325
Bihar,MADHUBANI,2003,Rabi,Barley,67,75,1.119402985
Bihar,MADHUBANI,2003,Rabi,Gram,446,361,0.80941704
Bihar,MADHUBANI,2003,Rabi,Khesari,1740,830,0.477011494
Bihar,MADHUBANI,2003,Rabi,Linseed,474,372,0.784810127
Bihar,MADHUBANI,2003,Rabi,Maize,117,285,2.435897436
Bihar,MADHUBANI,2003,Rabi,Masoor,6954,2490,0.358067299
Bihar,MADHUBANI,2003,Rabi,Other  Rabi pulses,40,30,0.75
Bihar,MADHUBANI,2003,Rabi,Peas & beans (Pulses),133,117,0.879699248
Bihar,MADHUBANI,2003,Rabi,Rapeseed &Mustard,805,395,0.49068323
Bihar,MADHUBANI,2003,Rabi,Wheat,82822,65802,0.794499046
Bihar,MADHUBANI,2003,Summer,Maize,1017,1842,1.81120944
Bihar,MADHUBANI,2003,Summer,Moong(Green Gram),10598,5023,0.47395735
Bihar,MADHUBANI,2003,Summer,Rice,4106,5840,1.422308816
Bihar,MADHUBANI,2003,Whole Year,Banana,209,1747,8.358851675
Bihar,MADHUBANI,2003,Whole Year,Coriander,53,37,0.698113208
Bihar,MADHUBANI,2003,Whole Year,Dry chillies,58,35,0.603448276
Bihar,MADHUBANI,2003,Whole Year,Garlic,19,29,1.526315789
Bihar,MADHUBANI,2003,Whole Year,Onion,754,8060,10.68965517
Bihar,MADHUBANI,2003,Whole Year,Potato,6559,93320,14.22777862
Bihar,MADHUBANI,2003,Whole Year,Sannhamp,70,50,0.714285714
Bihar,MADHUBANI,2003,Whole Year,Sugarcane,635,11678,18.39055118
Bihar,MADHUBANI,2003,Whole Year,Sweet potato,344,4838,14.06395349
Bihar,MADHUBANI,2003,Whole Year,Tobacco,58,64,1.103448276
Bihar,MADHUBANI,2003,Whole Year,Turmeric,15,15,1
Bihar,MADHUBANI,2003,Winter,Rice,135156,136088,1.006895735
Bihar,MADHUBANI,2004,Autumn,Rice,36084,9734,0.26975945
Bihar,MADHUBANI,2004,Kharif,Arhar/Tur,932,859,0.92167382
Bihar,MADHUBANI,2004,Kharif,Dry ginger,8,8,1
Bihar,MADHUBANI,2004,Kharif,Horse-gram,475,235,0.494736842
Bihar,MADHUBANI,2004,Kharif,Maize,1769,2318,1.310344828
Bihar,MADHUBANI,2004,Kharif,Mesta,48,383,7.979166667
Bihar,MADHUBANI,2004,Kharif,Moong(Green Gram),431,221,0.512761021
Bihar,MADHUBANI,2004,Kharif,Other Kharif pulses,4,2,0.5
Bihar,MADHUBANI,2004,Kharif,Ragi,3340,3009,0.900898204
Bihar,MADHUBANI,2004,Kharif,Sesamum,71,51,0.718309859
Bihar,MADHUBANI,2004,Kharif,Sunflower,8,12,1.5
Bihar,MADHUBANI,2004,Kharif,Urad,934,693,0.741970021
Bihar,MADHUBANI,2004,Rabi,Barley,95,100,1.052631579
Bihar,MADHUBANI,2004,Rabi,Gram,101,92,0.910891089
Bihar,MADHUBANI,2004,Rabi,Khesari,1732,1131,0.653002309
Bihar,MADHUBANI,2004,Rabi,Linseed,619,522,0.843295638
Bihar,MADHUBANI,2004,Rabi,Maize,50,138,2.76
Bihar,MADHUBANI,2004,Rabi,Masoor,6997,4604,0.657996284
Bihar,MADHUBANI,2004,Rabi,Other  Rabi pulses,156,163,1.044871795
Bihar,MADHUBANI,2004,Rabi,Peas & beans (Pulses),56,59,1.053571429
Bihar,MADHUBANI,2004,Rabi,Rapeseed &Mustard,1039,838,0.806544755
Bihar,MADHUBANI,2004,Rabi,Wheat,92281,74322,0.805387891
Bihar,MADHUBANI,2004,Summer,Maize,240,532,2.216666667
Bihar,MADHUBANI,2004,Summer,Moong(Green Gram),10725,6199,0.577995338
Bihar,MADHUBANI,2004,Summer,Rice,1824,2710,1.485745614
Bihar,MADHUBANI,2004,Whole Year,Banana,232,1861,8.021551724
Bihar,MADHUBANI,2004,Whole Year,Coriander,29,19,0.655172414
Bihar,MADHUBANI,2004,Whole Year,Dry chillies,14,12,0.857142857
Bihar,MADHUBANI,2004,Whole Year,Dry ginger,8,8,1
Bihar,MADHUBANI,2004,Whole Year,Garlic,22,33,1.5
Bihar,MADHUBANI,2004,Whole Year,Onion,735,8225,11.19047619
Bihar,MADHUBANI,2004,Whole Year,Potato,6049,66681,11.02347495
Bihar,MADHUBANI,2004,Whole Year,Sannhamp,70,56,0.8
Bihar,MADHUBANI,2004,Whole Year,Sugarcane,713,9399,13.18232819
Bihar,MADHUBANI,2004,Whole Year,Sweet potato,427,7454,17.45667447
Bihar,MADHUBANI,2004,Whole Year,Tobacco,6,7,1.166666667
Bihar,MADHUBANI,2004,Whole Year,Turmeric,19,19,1
Bihar,MADHUBANI,2004,Winter,Rice,131724,34402,0.261167289
Bihar,MADHUBANI,2005,Autumn,Rice,33625,23206,0.690141264
Bihar,MADHUBANI,2005,Kharif,Arhar/Tur,702,647,0.921652422
Bihar,MADHUBANI,2005,Kharif,Horse-gram,490,303,0.618367347
Bihar,MADHUBANI,2005,Kharif,Maize,1871,2449,1.308925708
Bihar,MADHUBANI,2005,Kharif,Mesta,695,3494,5.027338129
Bihar,MADHUBANI,2005,Kharif,Moong(Green Gram),389,258,0.663239075
Bihar,MADHUBANI,2005,Kharif,Other Kharif pulses,5,2,0.4
Bihar,MADHUBANI,2005,Kharif,Ragi,3078,3250,1.055880442
Bihar,MADHUBANI,2005,Kharif,Sesamum,67,45,0.671641791
Bihar,MADHUBANI,2005,Kharif,Small millets,4,4,1
Bihar,MADHUBANI,2005,Kharif,Sunflower,3,4,1.333333333
Bihar,MADHUBANI,2005,Kharif,Urad,1073,777,0.724137931
Bihar,MADHUBANI,2005,Rabi,Barley,74,77,1.040540541
Bihar,MADHUBANI,2005,Rabi,Gram,39,60,1.538461538
Bihar,MADHUBANI,2005,Rabi,Khesari,1801,1057,0.586896169
Bihar,MADHUBANI,2005,Rabi,Linseed,515,441,0.85631068
Bihar,MADHUBANI,2005,Rabi,Maize,101,276,2.732673267
Bihar,MADHUBANI,2005,Rabi,Masoor,6934,2732,0.394000577
Bihar,MADHUBANI,2005,Rabi,Other  Rabi pulses,108,118,1.092592593
Bihar,MADHUBANI,2005,Rabi,Peas & beans (Pulses),179,165,0.921787709
Bihar,MADHUBANI,2005,Rabi,Rapeseed &Mustard,1077,764,0.709377902
Bihar,MADHUBANI,2005,Rabi,Wheat,87652,59946,0.683909095
Bihar,MADHUBANI,2005,Summer,Maize,271,630,2.324723247
Bihar,MADHUBANI,2005,Summer,Moong(Green Gram),8574,5753,0.670982039
Bihar,MADHUBANI,2005,Summer,Rice,2135,2747,1.286651054
Bihar,MADHUBANI,2005,Whole Year,Banana,290,2781,9.589655172
Bihar,MADHUBANI,2005,Whole Year,Coriander,25,20,0.8
Bihar,MADHUBANI,2005,Whole Year,Dry chillies,36,23,0.638888889
Bihar,MADHUBANI,2005,Whole Year,Dry ginger,41,62,1.512195122
Bihar,MADHUBANI,2005,Whole Year,Garlic,14,21,1.5
Bihar,MADHUBANI,2005,Whole Year,Onion,742,6248,8.420485175
Bihar,MADHUBANI,2005,Whole Year,Potato,6416,70886,11.04831671
Bihar,MADHUBANI,2005,Whole Year,Sannhamp,30,23,0.766666667
Bihar,MADHUBANI,2005,Whole Year,Sugarcane,586,18392,31.38566553
Bihar,MADHUBANI,2005,Whole Year,Sweet potato,572,10799,18.87937063
Bihar,MADHUBANI,2005,Whole Year,Tobacco,4,5,1.25
Bihar,MADHUBANI,2005,Whole Year,Turmeric,14,14,1
Bihar,MADHUBANI,2005,Winter,Rice,133256,51407,0.38577625
Bihar,MADHUBANI,2006,Autumn,Rice,29615,29439,0.994057066
Bihar,MADHUBANI,2006,Kharif,Arhar/Tur,548,589,1.074817518
Bihar,MADHUBANI,2006,Kharif,Maize,650,1011,1.555384615
Bihar,MADHUBANI,2006,Kharif,Mesta,26,111,4.269230769
Bihar,MADHUBANI,2006,Kharif,Moong(Green Gram),73,50,0.684931507
Bihar,MADHUBANI,2006,Kharif,Ragi,2808,3662,1.304131054
Bihar,MADHUBANI,2006,Kharif,Sannhamp,19,15,0.789473684
Bihar,MADHUBANI,2006,Kharif,Sesamum,63,42,0.666666667
Bihar,MADHUBANI,2006,Kharif,Urad,1292,1005,0.777863777
Bihar,MADHUBANI,2006,Rabi,Barley,84,90,1.071428571
Bihar,MADHUBANI,2006,Rabi,Gram,25,21,0.84
Bihar,MADHUBANI,2006,Rabi,Khesari,1781,1040,0.583941606
Bihar,MADHUBANI,2006,Rabi,Linseed,608,516,0.848684211
Bihar,MADHUBANI,2006,Rabi,Maize,302,1286,4.258278146
Bihar,MADHUBANI,2006,Rabi,Masoor,6794,3193,0.469973506
Bihar,MADHUBANI,2006,Rabi,Peas & beans (Pulses),236,219,0.927966102
Bihar,MADHUBANI,2006,Rabi,Rapeseed &Mustard,1202,1325,1.102329451
Bihar,MADHUBANI,2006,Rabi,Sunflower,12,16,1.333333333
Bihar,MADHUBANI,2006,Rabi,Wheat,82150,131494,1.600657334
Bihar,MADHUBANI,2006,Summer,Maize,265,981,3.701886792
Bihar,MADHUBANI,2006,Summer,Moong(Green Gram),9966,4525,0.454043749
Bihar,MADHUBANI,2006,Summer,Rice,2137,2743,1.283575105
Bihar,MADHUBANI,2006,Winter,Rice,127177,109211,0.858732318
Bihar,MADHUBANI,2007,Autumn,Maize,280,93,0.332142857
Bihar,MADHUBANI,2007,Autumn,Rice,37150,22198,0.597523553
Bihar,MADHUBANI,2007,Kharif,Arhar/Tur,173,221,1.277456647
Bihar,MADHUBANI,2007,Kharif,Castor seed,164,156,0.951219512
Bihar,MADHUBANI,2007,Kharif,Dry ginger,62,95,1.532258065
Bihar,MADHUBANI,2007,Kharif,Jowar,81,89,1.098765432
Bihar,MADHUBANI,2007,Kharif,Mesta,27,74,2.740740741
Bihar,MADHUBANI,2007,Kharif,Moong(Green Gram),310,200,0.64516129
Bihar,MADHUBANI,2007,Kharif,Other Kharif pulses,45,31,0.688888889
Bihar,MADHUBANI,2007,Kharif,Ragi,2710,1209,0.446125461
Bihar,MADHUBANI,2007,Kharif,Sannhamp,38,166.66,4.385789474
Bihar,MADHUBANI,2007,Kharif,Sesamum,148,122,0.824324324
Bihar,MADHUBANI,2007,Kharif,Small millets,4,3,0.75
Bihar,MADHUBANI,2007,Kharif,Urad,1032,807,0.781976744
Bihar,MADHUBANI,2007,Rabi,Barley,48,58,1.208333333
Bihar,MADHUBANI,2007,Rabi,Gram,7,7,1
Bihar,MADHUBANI,2007,Rabi,Khesari,1601,925,0.577763898
Bihar,MADHUBANI,2007,Rabi,Linseed,484,399,0.824380165
Bihar,MADHUBANI,2007,Rabi,Maize,697,2897,4.156384505
Bihar,MADHUBANI,2007,Rabi,Masoor,7372,4438,0.602007596
Bihar,MADHUBANI,2007,Rabi,Other  Rabi pulses,215,159,0.739534884
Bihar,MADHUBANI,2007,Rabi,Peas & beans (Pulses),318,342,1.075471698
Bihar,MADHUBANI,2007,Rabi,Rapeseed &Mustard,1195,1128,0.943933054
Bihar,MADHUBANI,2007,Rabi,Sunflower,2,3,1.5
Bihar,MADHUBANI,2007,Rabi,Wheat,89409,164670,1.841760897
Bihar,MADHUBANI,2007,Summer,Maize,725,2487,3.430344828
Bihar,MADHUBANI,2007,Summer,Moong(Green Gram),6440,3156,0.490062112
Bihar,MADHUBANI,2007,Summer,Rice,2286,2874,1.257217848
Bihar,MADHUBANI,2007,Whole Year,Banana,250,2005,8.02
Bihar,MADHUBANI,2007,Whole Year,Coriander,35,25,0.714285714
Bihar,MADHUBANI,2007,Whole Year,Dry chillies,73,45,0.616438356
Bihar,MADHUBANI,2007,Whole Year,Garlic,42,61,1.452380952
Bihar,MADHUBANI,2007,Whole Year,Onion,622,5455,8.770096463
Bihar,MADHUBANI,2007,Whole Year,Potato,5883,58648,9.969063403
Bihar,MADHUBANI,2007,Whole Year,Sugarcane,195,6558,33.63076923
Bihar,MADHUBANI,2007,Whole Year,Sweet potato,310,5221,16.84193548
Bihar,MADHUBANI,2007,Whole Year,Turmeric,13,13,1
Bihar,MADHUBANI,2007,Winter,Rice,141004,60677,0.430321126
Bihar,MADHUBANI,2008,Autumn,Maize,279,723,2.591397849
Bihar,MADHUBANI,2008,Autumn,Rice,44990,44498,0.989064236
Bihar,MADHUBANI,2008,Kharif,Arhar/Tur,5,6,1.2
Bihar,MADHUBANI,2008,Kharif,Castor seed,164,156,0.951219512
Bihar,MADHUBANI,2008,Kharif,Dry ginger,63,86,1.365079365
Bihar,MADHUBANI,2008,Kharif,Jowar,81,90,1.111111111
Bihar,MADHUBANI,2008,Kharif,Mesta,25,145,5.8
Bihar,MADHUBANI,2008,Kharif,Moong(Green Gram),304,228,0.75
Bihar,MADHUBANI,2008,Kharif,Other Kharif pulses,6,3,0.5
Bihar,MADHUBANI,2008,Kharif,Potato,2888,20909,7.239958449
Bihar,MADHUBANI,2008,Kharif,Ragi,2722,1669,0.613152094
Bihar,MADHUBANI,2008,Kharif,Sannhamp,36,161.11,4.475277778
Bihar,MADHUBANI,2008,Kharif,Sesamum,146,113,0.773972603
Bihar,MADHUBANI,2008,Kharif,Small millets,4,3,0.75
Bihar,MADHUBANI,2008,Kharif,Sweet potato,109,2007,18.41284404
Bihar,MADHUBANI,2008,Kharif,Urad,1018,856,0.84086444
Bihar,MADHUBANI,2008,Rabi,Barley,46,50,1.086956522
Bihar,MADHUBANI,2008,Rabi,Gram,15,14,0.933333333
Bihar,MADHUBANI,2008,Rabi,Khesari,1422,1167,0.820675105
Bihar,MADHUBANI,2008,Rabi,Linseed,490,415,0.846938776
Bihar,MADHUBANI,2008,Rabi,Maize,750,3002,4.002666667
Bihar,MADHUBANI,2008,Rabi,Masoor,7985,3785,0.474013776
Bihar,MADHUBANI,2008,Rabi,Other  Rabi pulses,200,148,0.74
Bihar,MADHUBANI,2008,Rabi,Peas & beans (Pulses),324,312,0.962962963
Bihar,MADHUBANI,2008,Rabi,Potato,3923,29932,7.629875096
Bihar,MADHUBANI,2008,Rabi,Rapeseed &Mustard,1265,1300,1.027667984
Bihar,MADHUBANI,2008,Rabi,Sunflower,2,3,1.5
Bihar,MADHUBANI,2008,Rabi,Sweet potato,194,4473,23.05670103
Bihar,MADHUBANI,2008,Rabi,Wheat,94052,148258,1.576340748
Bihar,MADHUBANI,2008,Summer,Maize,657,2121,3.228310502
Bihar,MADHUBANI,2008,Summer,Moong(Green Gram),6336,2085,0.32907197
Bihar,MADHUBANI,2008,Summer,Rice,2097,3613,1.72293753
Bihar,MADHUBANI,2008,Whole Year,Dry chillies,72,45,0.625
Bihar,MADHUBANI,2008,Whole Year,Garlic,71,113,1.591549296
Bihar,MADHUBANI,2008,Whole Year,Onion,727,6710,9.229711142
Bihar,MADHUBANI,2008,Whole Year,Sugarcane,195,6902,35.39487179
Bihar,MADHUBANI,2008,Whole Year,Turmeric,13,14,1.076923077
Bihar,MADHUBANI,2008,Winter,Rice,143906,172002,1.195238559
Bihar,MADHUBANI,2009,Autumn,Maize,310,534,1.722580645
Bihar,MADHUBANI,2009,Autumn,Rice,44464,42806,0.962711407
Bihar,MADHUBANI,2009,Kharif,Arhar/Tur,4,2,0.5
Bihar,MADHUBANI,2009,Kharif,Horse-gram,335,323,0.964179104
Bihar,MADHUBANI,2009,Kharif,Jowar,83,87,1.048192771
Bihar,MADHUBANI,2009,Kharif,Mesta,22,172,7.818181818
Bihar,MADHUBANI,2009,Kharif,Moong(Green Gram),279,185,0.663082437
Bihar,MADHUBANI,2009,Kharif,Other Kharif pulses,41,29,0.707317073
Bihar,MADHUBANI,2009,Kharif,Ragi,2622,2368,0.903127384
Bihar,MADHUBANI,2009,Kharif,Sannhamp,34,28,0.823529412
Bihar,MADHUBANI,2009,Kharif,Small millets,3,2,0.666666667
Bihar,MADHUBANI,2009,Kharif,Urad,976,966,0.989754098
Bihar,MADHUBANI,2009,Rabi,Barley,47,53,1.127659574
Bihar,MADHUBANI,2009,Rabi,Gram,11,12,1.090909091
Bihar,MADHUBANI,2009,Rabi,Khesari,1214,1258,1.036243822
Bihar,MADHUBANI,2009,Rabi,Linseed,429,363,0.846153846
Bihar,MADHUBANI,2009,Rabi,Maize,747,1736,2.323962517
Bihar,MADHUBANI,2009,Rabi,Masoor,8274,5544,0.670050761
Bihar,MADHUBANI,2009,Rabi,Other  Rabi pulses,176,132,0.75
Bihar,MADHUBANI,2009,Rabi,Peas & beans (Pulses),303,303,1
Bihar,MADHUBANI,2009,Rabi,Rapeseed &Mustard,1311,1068,0.814645309
Bihar,MADHUBANI,2009,Rabi,Wheat,95278,203052,2.131153047
Bihar,MADHUBANI,2009,Summer,Maize,886,2725,3.075620767
Bihar,MADHUBANI,2009,Summer,Moong(Green Gram),8071,3648,0.451988601
Bihar,MADHUBANI,2009,Summer,Rice,2092,2223,1.062619503
Bihar,MADHUBANI,2009,Whole Year,Sugarcane,198,7732,39.05050505
Bihar,MADHUBANI,2009,Winter,Rice,141813,234669,1.654777771
Bihar,MADHUBANI,2010,Autumn,Maize,307,540,1.758957655
Bihar,MADHUBANI,2010,Autumn,Rice,42514,28004,0.658700663
Bihar,MADHUBANI,2010,Kharif,Arhar/Tur,5,7,1.4
Bihar,MADHUBANI,2010,Kharif,Castor seed,166,159,0.957831325
Bihar,MADHUBANI,2010,Kharif,Horse-gram,323,305,0.944272446
Bihar,MADHUBANI,2010,Kharif,Jute,5,46,9.2
Bihar,MADHUBANI,2010,Kharif,Mesta,11,93,8.454545455
Bihar,MADHUBANI,2010,Kharif,Moong(Green Gram),134,88,0.656716418
Bihar,MADHUBANI,2010,Kharif,Other Kharif pulses,40,27,0.675
Bihar,MADHUBANI,2010,Kharif,Ragi,2287,1791,0.783121994
Bihar,MADHUBANI,2010,Kharif,Sesamum,242,191,0.789256198
Bihar,MADHUBANI,2010,Kharif,Urad,1041,908,0.872238232
Bihar,MADHUBANI,2010,Rabi,Barley,47,62,1.319148936
Bihar,MADHUBANI,2010,Rabi,Gram,9,9,1
Bihar,MADHUBANI,2010,Rabi,Khesari,1456,1433,0.984203297
Bihar,MADHUBANI,2010,Rabi,Linseed,410,335,0.817073171
Bihar,MADHUBANI,2010,Rabi,Maize,744,3299,4.434139785
Bihar,MADHUBANI,2010,Rabi,Masoor,8485,5821,0.686034178
Bihar,MADHUBANI,2010,Rabi,Other  Rabi pulses,100,74,0.74
Bihar,MADHUBANI,2010,Rabi,Peas & beans (Pulses),295,305,1.033898305
Bihar,MADHUBANI,2010,Rabi,Rapeseed &Mustard,1209,1178,0.974358974
Bihar,MADHUBANI,2010,Rabi,Sunflower,4,6,1.5
Bihar,MADHUBANI,2010,Rabi,Wheat,95184,225941,2.373728778
Bihar,MADHUBANI,2010,Summer,Maize,545,2452,4.499082569
Bihar,MADHUBANI,2010,Summer,Moong(Green Gram),6387,2746,0.429935807
Bihar,MADHUBANI,2010,Summer,Rice,2091,3811,1.822572932
Bihar,MADHUBANI,2010,Whole Year,Sugarcane,173,9441,54.57225434
Bihar,MADHUBANI,2010,Winter,Rice,135046,69524,0.514817173
Bihar,MADHUBANI,2011,Autumn,Maize,325,758,2.332307692
Bihar,MADHUBANI,2011,Autumn,Rice,43649,76386,1.750005728
Bihar,MADHUBANI,2011,Kharif,Arhar/Tur,10,17,1.7
Bihar,MADHUBANI,2011,Kharif,Castor seed,93,89,0.956989247
Bihar,MADHUBANI,2011,Kharif,Horse-gram,371,353,0.95148248
Bihar,MADHUBANI,2011,Kharif,Jute,2,23,11.5
Bihar,MADHUBANI,2011,Kharif,Mesta,5,62,12.4
Bihar,MADHUBANI,2011,Kharif,Moong(Green Gram),246,167,0.678861789
Bihar,MADHUBANI,2011,Kharif,Other Kharif pulses,39,29,0.743589744
Bihar,MADHUBANI,2011,Kharif,Ragi,1755,1845,1.051282051
Bihar,MADHUBANI,2011,Kharif,Sesamum,223,199,0.892376682
Bihar,MADHUBANI,2011,Kharif,Urad,824,713,0.865291262
Bihar,MADHUBANI,2011,Rabi,Barley,69,106,1.536231884
Bihar,MADHUBANI,2011,Rabi,Gram,9,12,1.333333333
Bihar,MADHUBANI,2011,Rabi,Khesari,1080,1366,1.264814815
Bihar,MADHUBANI,2011,Rabi,Linseed,387,335,0.865633075
Bihar,MADHUBANI,2011,Rabi,Maize,203,499,2.458128079
Bihar,MADHUBANI,2011,Rabi,Masoor,7212,5726,0.79395452
Bihar,MADHUBANI,2011,Rabi,Other  Rabi pulses,100,111,1.11
Bihar,MADHUBANI,2011,Rabi,Peas & beans (Pulses),171,176,1.029239766
Bihar,MADHUBANI,2011,Rabi,Rapeseed &Mustard,1227,702,0.572127139
Bihar,MADHUBANI,2011,Rabi,Sunflower,7,9,1.285714286
Bihar,MADHUBANI,2011,Rabi,Wheat,89940,195171,2.170013342
Bihar,MADHUBANI,2011,Summer,Maize,562,2088,3.715302491
Bihar,MADHUBANI,2011,Summer,Moong(Green Gram),6931,4671,0.673928726
Bihar,MADHUBANI,2011,Summer,Rice,2067,3772,1.824866957
Bihar,MADHUBANI,2011,Winter,Rice,133334,212613,1.594589527
Bihar,MADHUBANI,2012,Autumn,Maize,322,2180,6.770186335
Bihar,MADHUBANI,2012,Autumn,Rice,43215,58130,1.345134791
Bihar,MADHUBANI,2012,Kharif,Arhar/Tur,25,53,2.12
Bihar,MADHUBANI,2012,Kharif,Castor seed,92,88,0.956521739
Bihar,MADHUBANI,2012,Kharif,Horse-gram,389,377,0.969151671
Bihar,MADHUBANI,2012,Kharif,Jute,2,4,2
Bihar,MADHUBANI,2012,Kharif,Moong(Green Gram),246,55,0.223577236
Bihar,MADHUBANI,2012,Kharif,Ragi,1736,2130,1.226958525
Bihar,MADHUBANI,2012,Kharif,Sannhamp,3,2,0.666666667
Bihar,MADHUBANI,2012,Kharif,Sesamum,218,195,0.894495413
Bihar,MADHUBANI,2012,Kharif,Urad,957,824,0.861024033
Bihar,MADHUBANI,2012,Rabi,Barley,88,128,1.454545455
Bihar,MADHUBANI,2012,Rabi,Gram,35,49,1.4
Bihar,MADHUBANI,2012,Rabi,Khesari,958,1128,1.177453027
Bihar,MADHUBANI,2012,Rabi,Linseed,350,303,0.865714286
Bihar,MADHUBANI,2012,Rabi,Maize,239,780,3.263598326
Bihar,MADHUBANI,2012,Rabi,Masoor,6947,6704,0.965020872
Bihar,MADHUBANI,2012,Rabi,Other  Rabi pulses,76,84,1.105263158
Bihar,MADHUBANI,2012,Rabi,Peas & beans (Pulses),108,112,1.037037037
Bihar,MADHUBANI,2012,Rabi,Rapeseed &Mustard,1192,132,0.110738255
Bihar,MADHUBANI,2012,Rabi,Sunflower,4,5,1.25
Bihar,MADHUBANI,2012,Rabi,Wheat,92442,191560,2.072218256
Bihar,MADHUBANI,2012,Summer,Maize,244,1035,4.241803279
Bihar,MADHUBANI,2012,Summer,Moong(Green Gram),5424,3504,0.646017699
Bihar,MADHUBANI,2012,Summer,Rice,7504,16052,2.1391258
Bihar,MADHUBANI,2012,Whole Year,Sugarcane,67,3236,48.29850746
Bihar,MADHUBANI,2012,Winter,Rice,122955,115615,0.940303363
Bihar,MADHUBANI,2013,Autumn,Rice,43805,34844,0.795434311
Bihar,MADHUBANI,2013,Kharif,Arhar/Tur,28,42,1.5
Bihar,MADHUBANI,2013,Kharif,Castor seed,94,89,0.946808511
Bihar,MADHUBANI,2013,Kharif,Horse-gram,343,327,0.95335277
Bihar,MADHUBANI,2013,Kharif,Jute,3,43,14.33333333
Bihar,MADHUBANI,2013,Kharif,Moong(Green Gram),281,253,0.900355872
Bihar,MADHUBANI,2013,Kharif,Other Kharif pulses,1,1,1
Bihar,MADHUBANI,2013,Kharif,Ragi,1755,2074,1.181766382
Bihar,MADHUBANI,2013,Kharif,Sannhamp,3,2,0.666666667
Bihar,MADHUBANI,2013,Kharif,Sesamum,230,204,0.886956522
Bihar,MADHUBANI,2013,Kharif,Urad,991,905,0.913218971
Bihar,MADHUBANI,2013,Rabi,Barley,74,103,1.391891892
Bihar,MADHUBANI,2013,Rabi,Gram,32,37,1.15625
Bihar,MADHUBANI,2013,Rabi,Khesari,956,1067,1.116108787
Bihar,MADHUBANI,2013,Rabi,Linseed,349,297,0.851002865
Bihar,MADHUBANI,2013,Rabi,Maize,259,656,2.532818533
Bihar,MADHUBANI,2013,Rabi,Masoor,7273,6319,0.868829919
Bihar,MADHUBANI,2013,Rabi,Other  Rabi pulses,78,79,1.012820513
Bihar,MADHUBANI,2013,Rabi,Peas & beans (Pulses),78,83,1.064102564
Bihar,MADHUBANI,2013,Rabi,Rapeseed &Mustard,1260,1448,1.149206349
Bihar,MADHUBANI,2013,Rabi,Sunflower,4,5,1.25
Bihar,MADHUBANI,2013,Rabi,Wheat,94002,199232,2.119444267
Bihar,MADHUBANI,2013,Summer,Maize,250,1206,4.824
Bihar,MADHUBANI,2013,Summer,Moong(Green Gram),4952,3496,0.705977383
Bihar,MADHUBANI,2013,Summer,Rice,6908,14024,2.030110017
Bihar,MADHUBANI,2013,Whole Year,Sugarcane,73,4144,56.76712329
Bihar,MADHUBANI,2013,Winter,Rice,125361,112720,0.899163217
Bihar,MADHUBANI,2014,Autumn,Maize,192,473,2.463541667
Bihar,MADHUBANI,2014,Autumn,Rice,85245,123515,1.448941287
Bihar,MADHUBANI,2014,Kharif,Arhar/Tur,81,92,1.135802469
Bihar,MADHUBANI,2014,Kharif,Castor seed,84,80,0.952380952
Bihar,MADHUBANI,2014,Kharif,Horse-gram,321,307,0.956386293
Bihar,MADHUBANI,2014,Kharif,Mesta,32,427,13.34375
Bihar,MADHUBANI,2014,Kharif,Moong(Green Gram),102,67,0.656862745
Bihar,MADHUBANI,2014,Kharif,Other Kharif pulses,1,1,1
Bihar,MADHUBANI,2014,Kharif,Ragi,1635,1305,0.798165138
Bihar,MADHUBANI,2014,Kharif,Sannhamp,6,5,0.833333333
Bihar,MADHUBANI,2014,Kharif,Sesamum,186,167,0.897849462
Bihar,MADHUBANI,2014,Kharif,Urad,665,607,0.912781955
Bihar,MADHUBANI,2014,Rabi,Barley,101,112,1.108910891
Bihar,MADHUBANI,2014,Rabi,Gram,30,29,0.966666667
Bihar,MADHUBANI,2014,Rabi,Khesari,887,878,0.989853439
Bihar,MADHUBANI,2014,Rabi,Linseed,366,315,0.860655738
Bihar,MADHUBANI,2014,Rabi,Maize,212,600,2.830188679
Bihar,MADHUBANI,2014,Rabi,Masoor,7537,4273,0.566936447
Bihar,MADHUBANI,2014,Rabi,Other  Rabi pulses,63,63,1
Bihar,MADHUBANI,2014,Rabi,Peas & beans (Pulses),35,35,1
Bihar,MADHUBANI,2014,Rabi,Rapeseed &Mustard,1089,676,0.620752984
Bihar,MADHUBANI,2014,Rabi,Wheat,90053,70787,0.786059321
Bihar,MADHUBANI,2014,Summer,Maize,214,613,2.864485981
Bihar,MADHUBANI,2014,Summer,Moong(Green Gram),5289,3300,0.623936472
Bihar,MADHUBANI,2014,Summer,Rice,7230,12606,1.743568465
Bihar,MADHUBANI,2014,Whole Year,Sugarcane,94,3361,35.75531915
Bihar,MADHUBANI,2014,Winter,Rice,115911,188450,1.625816359
Bihar,MUNGER,1997,Autumn,Rice,5,5,1
Bihar,MUNGER,1997,Kharif,Arhar/Tur,371,270,0.727762803
Bihar,MUNGER,1997,Kharif,Maize,8227,6116,0.743405859
Bihar,MUNGER,1997,Kharif,Other Kharif pulses,78,50,0.641025641
Bihar,MUNGER,1997,Kharif,Small millets,6,6,1
Bihar,MUNGER,1997,Rabi,Barley,392,132,0.336734694
Bihar,MUNGER,1997,Rabi,Gram,5061,3517,0.694921952
Bihar,MUNGER,1997,Rabi,Linseed,112,52,0.464285714
Bihar,MUNGER,1997,Rabi,Maize,696,2629,3.777298851
Bihar,MUNGER,1997,Rabi,Other  Rabi pulses,20,12,0.6
Bihar,MUNGER,1997,Rabi,Rapeseed &Mustard,627,461,0.735247209
Bihar,MUNGER,1997,Rabi,Sunflower,5,3,0.6
Bihar,MUNGER,1997,Rabi,Wheat,15315,23850,1.557296768
Bihar,MUNGER,1997,Summer,Maize,507,836,1.648915187
Bihar,MUNGER,1997,Summer,Rice,23,46,2
Bihar,MUNGER,1997,Whole Year,Coriander,10,7,0.7
Bihar,MUNGER,1997,Whole Year,Dry chillies,3,3,1
Bihar,MUNGER,1997,Whole Year,Onion,58,517,8.913793103
Bihar,MUNGER,1997,Whole Year,Potato,803,9188,11.44209215
Bihar,MUNGER,1997,Whole Year,Ragi,8,7,0.875
Bihar,MUNGER,1997,Whole Year,Sannhamp,13,6,0.461538462
Bihar,MUNGER,1997,Whole Year,Sweet potato,276,3640,13.1884058
Bihar,MUNGER,1997,Winter,Rice,32374,51041,1.576604683
Bihar,MUNGER,1998,Kharif,Arhar/Tur,261,348,1.333333333
Bihar,MUNGER,1998,Kharif,Blackgram,113,80,0.707964602
Bihar,MUNGER,1998,Kharif,Maize,6392,10246,1.602941176
Bihar,MUNGER,1998,Kharif,Other Kharif pulses,513,321,0.625730994
Bihar,MUNGER,1998,Kharif,Ragi,5,4,0.8
Bihar,MUNGER,1998,Kharif,Small millets,6,3,0.5
Bihar,MUNGER,1998,Kharif,Sunflower,6,6,1
Bihar,MUNGER,1998,Rabi,Barley,350,347,0.991428571
Bihar,MUNGER,1998,Rabi,Gram,3496,3164,0.905034325
Bihar,MUNGER,1998,Rabi,Linseed,96,53,0.552083333
Bihar,MUNGER,1998,Rabi,Maize,777,2781,3.579150579
Bihar,MUNGER,1998,Rabi,Other  Rabi pulses,1869,1288,0.689138577
Bihar,MUNGER,1998,Rabi,Rapeseed &Mustard,632,701,1.109177215
Bihar,MUNGER,1998,Rabi,Wheat,16727,25236,1.508698511
Bihar,MUNGER,1998,Summer,Maize,814,1446,1.776412776
Bihar,MUNGER,1998,Whole Year,Coriander,15,14,0.933333333
Bihar,MUNGER,1998,Whole Year,Dry chillies,5,4,0.8
Bihar,MUNGER,1998,Whole Year,Garlic,2,3,1.5
Bihar,MUNGER,1998,Whole Year,Onion,130,1968,15.13846154
Bihar,MUNGER,1998,Whole Year,Potato,1853,18779,10.13437669
Bihar,MUNGER,1998,Whole Year,Sannhamp,22,6,0.272727273
Bihar,MUNGER,1998,Whole Year,Sugarcane,12,591,49.25
Bihar,MUNGER,1998,Whole Year,Sweet potato,168,2323,13.82738095
Bihar,MUNGER,1998,Winter,Rice,28598,36210,1.26617246
Bihar,MUNGER,1999,Kharif,Arhar/Tur,54,82,1.518518519
Bihar,MUNGER,1999,Kharif,Horse-gram,105,83,0.79047619
Bihar,MUNGER,1999,Kharif,Jowar,76,90,1.184210526
Bihar,MUNGER,1999,Kharif,Maize,7897,8922,1.129796125
Bihar,MUNGER,1999,Kharif,Moong(Green Gram),131,97,0.740458015
Bihar,MUNGER,1999,Kharif,Ragi,8,8,1
Bihar,MUNGER,1999,Kharif,Sunflower,8,8,1
Bihar,MUNGER,1999,Kharif,Urad,332,259,0.780120482
Bihar,MUNGER,1999,Rabi,Gram,1451,1123,0.773949001
Bihar,MUNGER,1999,Rabi,Khesari,316,340,1.075949367
Bihar,MUNGER,1999,Rabi,Linseed,54,30,0.555555556
Bihar,MUNGER,1999,Rabi,Maize,2284,8348,3.654991243
Bihar,MUNGER,1999,Rabi,Masoor,730,550,0.753424658
Bihar,MUNGER,1999,Rabi,Moong(Green Gram),183,138,0.754098361
Bihar,MUNGER,1999,Rabi,Other  Rabi pulses,157,127,0.808917197
Bihar,MUNGER,1999,Rabi,Peas & beans (Pulses),188,134,0.712765957
Bihar,MUNGER,1999,Rabi,Rapeseed &Mustard,246,195,0.792682927
Bihar,MUNGER,1999,Rabi,Wheat,19020,35893,1.887118822
Bihar,MUNGER,1999,Summer,Maize,759,2218,2.92226614
Bihar,MUNGER,1999,Summer,Rice,7,9,1.285714286
Bihar,MUNGER,1999,Whole Year,Onion,84,5994,71.35714286
Bihar,MUNGER,1999,Whole Year,Potato,546,6171,11.3021978
Bihar,MUNGER,1999,Whole Year,Sweet potato,11,152,13.81818182
Bihar,MUNGER,2000,Autumn,Rice,30952,46531,1.503327733
Bihar,MUNGER,2000,Kharif,Arhar/Tur,41,73,1.780487805
Bihar,MUNGER,2000,Kharif,Horse-gram,87,67,0.770114943
Bihar,MUNGER,2000,Kharif,Maize,7713,9783,1.268378063
Bihar,MUNGER,2000,Kharif,Moong(Green Gram),149,95,0.637583893
Bihar,MUNGER,2000,Kharif,Other Kharif pulses,10,5,0.5
Bihar,MUNGER,2000,Kharif,Ragi,5,5,1
Bihar,MUNGER,2000,Kharif,Sunflower,4,4,1
Bihar,MUNGER,2000,Kharif,Urad,230,139,0.604347826
Bihar,MUNGER,2000,Rabi,Barley,82,78,0.951219512
Bihar,MUNGER,2000,Rabi,Gram,912,635,0.69627193
Bihar,MUNGER,2000,Rabi,Khesari,191,181,0.947643979
Bihar,MUNGER,2000,Rabi,Linseed,56,38,0.678571429
Bihar,MUNGER,2000,Rabi,Maize,2157,3138,1.454798331
Bihar,MUNGER,2000,Rabi,Masoor,430,455,1.058139535
Bihar,MUNGER,2000,Rabi,Moong(Green Gram),144,70,0.486111111
Bihar,MUNGER,2000,Rabi,Peas & beans (Pulses),178,141,0.792134831
Bihar,MUNGER,2000,Rabi,Rapeseed &Mustard,212,181,0.853773585
Bihar,MUNGER,2000,Rabi,Wheat,22802,38970,1.709060609
Bihar,MUNGER,2000,Summer,Maize,1293,3677,2.843774169
Bihar,MUNGER,2000,Summer,Rice,175,243,1.388571429
Bihar,MUNGER,2000,Whole Year,Onion,68,536,7.882352941
Bihar,MUNGER,2000,Whole Year,Potato,549,6306,11.4863388
Bihar,MUNGER,2000,Whole Year,Sweet potato,33,402,12.18181818
Bihar,MUNGER,2001,Autumn,Maize,4858,7518,1.547550432
Bihar,MUNGER,2001,Autumn,Rice,26296,37781,1.436758442
Bihar,MUNGER,2001,Kharif,Arhar/Tur,51,72,1.411764706
Bihar,MUNGER,2001,Kharif,Horse-gram,187,150,0.802139037
Bihar,MUNGER,2001,Kharif,Moong(Green Gram),154,129,0.837662338
Bihar,MUNGER,2001,Kharif,Rice,167,279,1.670658683
Bihar,MUNGER,2001,Kharif,Sunflower,10,12,1.2
Bihar,MUNGER,2001,Kharif,Urad,274,210,0.766423358
Bihar,MUNGER,2001,Rabi,Barley,84,50,0.595238095
Bihar,MUNGER,2001,Rabi,Gram,1318,911,0.691198786
Bihar,MUNGER,2001,Rabi,Khesari,147,110,0.74829932
Bihar,MUNGER,2001,Rabi,Linseed,64,45,0.703125
Bihar,MUNGER,2001,Rabi,Maize,1814,5183,2.85722161
Bihar,MUNGER,2001,Rabi,Masoor,789,514,0.651457541
Bihar,MUNGER,2001,Rabi,Peas & beans (Pulses),117,119,1.017094017
Bihar,MUNGER,2001,Rabi,Rapeseed &Mustard,240,246,1.025
Bihar,MUNGER,2001,Rabi,Wheat,21320,31234,1.465009381
Bihar,MUNGER,2001,Summer,Maize,1285,3141,2.444357977
Bihar,MUNGER,2001,Summer,Rice,352,465,1.321022727
Bihar,MUNGER,2001,Whole Year,Onion,73,1064,14.57534247
Bihar,MUNGER,2001,Whole Year,Potato,406,4121,10.15024631
Bihar,MUNGER,2001,Whole Year,Sweet potato,55,736,13.38181818
Bihar,MUNGER,2002,Autumn,Maize,5135,7907,1.539824732
Bihar,MUNGER,2002,Kharif,Arhar/Tur,92,104,1.130434783
Bihar,MUNGER,2002,Kharif,Horse-gram,228,181,0.793859649
Bihar,MUNGER,2002,Kharif,Moong(Green Gram),111,40,0.36036036
Bihar,MUNGER,2002,Kharif,Urad,113,80,0.707964602
Bihar,MUNGER,2002,Rabi,Barley,91,79,0.868131868
Bihar,MUNGER,2002,Rabi,Gram,845,496,0.586982249
Bihar,MUNGER,2002,Rabi,Khesari,108,95,0.87962963
Bihar,MUNGER,2002,Rabi,Linseed,93,71,0.76344086
Bihar,MUNGER,2002,Rabi,Maize,495,731,1.476767677
Bihar,MUNGER,2002,Rabi,Masoor,516,405,0.784883721
Bihar,MUNGER,2002,Rabi,Other  Rabi pulses,15,11,0.733333333
Bihar,MUNGER,2002,Rabi,Peas & beans (Pulses),108,96,0.888888889
Bihar,MUNGER,2002,Rabi,Rapeseed &Mustard,230,163,0.708695652
Bihar,MUNGER,2002,Rabi,Wheat,19350,22678,1.171989664
Bihar,MUNGER,2002,Summer,Maize,1065,2624,2.463849765
Bihar,MUNGER,2002,Summer,Moong(Green Gram),182,91,0.5
Bihar,MUNGER,2002,Whole Year,Onion,19,163,8.578947368
Bihar,MUNGER,2002,Whole Year,Potato,580,6099,10.51551724
Bihar,MUNGER,2002,Whole Year,Sannhamp,10,7,0.7
Bihar,MUNGER,2002,Whole Year,Sweet potato,69,1016,14.72463768
Bihar,MUNGER,2002,Winter,Rice,23411,27926,1.192858058
Bihar,MUNGER,2003,Kharif,Arhar/Tur,56,60,1.071428571
Bihar,MUNGER,2003,Kharif,Horse-gram,344,254,0.738372093
Bihar,MUNGER,2003,Kharif,Maize,10374,12105,1.166859456
Bihar,MUNGER,2003,Kharif,Moong(Green Gram),194,102,0.525773196
Bihar,MUNGER,2003,Kharif,Small millets,45,35,0.777777778
Bihar,MUNGER,2003,Kharif,Sunflower,16,23,1.4375
Bihar,MUNGER,2003,Kharif,Urad,318,236,0.742138365
Bihar,MUNGER,2003,Rabi,Barley,49,43,0.87755102
Bihar,MUNGER,2003,Rabi,Gram,1119,942,0.841823056
Bihar,MUNGER,2003,Rabi,Khesari,133,133,1
Bihar,MUNGER,2003,Rabi,Linseed,70,52,0.742857143
Bihar,MUNGER,2003,Rabi,Maize,2260,5327,2.357079646
Bihar,MUNGER,2003,Rabi,Masoor,544,278,0.511029412
Bihar,MUNGER,2003,Rabi,Other  Rabi pulses,16,12,0.75
Bihar,MUNGER,2003,Rabi,Peas & beans (Pulses),266,248,0.932330827
Bihar,MUNGER,2003,Rabi,Rapeseed &Mustard,336,345,1.026785714
Bihar,MUNGER,2003,Rabi,Wheat,22780,41423,1.818393327
Bihar,MUNGER,2003,Summer,Maize,1171,3681,3.143467122
Bihar,MUNGER,2003,Summer,Moong(Green Gram),113,55,0.486725664
Bihar,MUNGER,2003,Summer,Rice,1,1,1
Bihar,MUNGER,2003,Whole Year,Onion,39,370,9.487179487
Bihar,MUNGER,2003,Whole Year,Potato,621,6717,10.81642512
Bihar,MUNGER,2003,Whole Year,Sannhamp,10,7,0.7
Bihar,MUNGER,2003,Whole Year,Sweet potato,261,3531,13.52873563
Bihar,MUNGER,2003,Winter,Rice,25974,38980,1.500731501
Bihar,MUNGER,2004,Kharif,Arhar/Tur,78,119,1.525641026
Bihar,MUNGER,2004,Kharif,Horse-gram,360,291,0.808333333
Bihar,MUNGER,2004,Kharif,Maize,8676,13003,1.498732135
Bihar,MUNGER,2004,Kharif,Moong(Green Gram),122,70,0.573770492
Bihar,MUNGER,2004,Kharif,Small millets,40,33,0.825
Bihar,MUNGER,2004,Kharif,Sunflower,37,50,1.351351351
Bihar,MUNGER,2004,Kharif,Urad,203,152,0.748768473
Bihar,MUNGER,2004,Rabi,Barley,38,40,1.052631579
Bihar,MUNGER,2004,Rabi,Gram,985,830,0.842639594
Bihar,MUNGER,2004,Rabi,Khesari,74,37,0.5
Bihar,MUNGER,2004,Rabi,Linseed,146,123,0.842465753
Bihar,MUNGER,2004,Rabi,Maize,2009,3397,1.690890991
Bihar,MUNGER,2004,Rabi,Masoor,661,325,0.491679274
Bihar,MUNGER,2004,Rabi,Peas & beans (Pulses),637,561,0.880690738
Bihar,MUNGER,2004,Rabi,Rapeseed &Mustard,345,273,0.791304348
Bihar,MUNGER,2004,Rabi,Wheat,18418,34678,1.882832012
Bihar,MUNGER,2004,Summer,Maize,1182,2609,2.207275804
Bihar,MUNGER,2004,Summer,Moong(Green Gram),100,46,0.46
Bihar,MUNGER,2004,Whole Year,Onion,63,367,5.825396825
Bihar,MUNGER,2004,Whole Year,Potato,605,5956,9.844628099
Bihar,MUNGER,2004,Whole Year,Sannhamp,10,8,0.8
Bihar,MUNGER,2004,Whole Year,Sweet potato,349,5139,14.72492837
Bihar,MUNGER,2004,Winter,Rice,25617,38474,1.501893274
Bihar,MUNGER,2005,Autumn,Rice,10,9,0.9
Bihar,MUNGER,2005,Kharif,Arhar/Tur,98,152,1.551020408
Bihar,MUNGER,2005,Kharif,Horse-gram,454,390,0.859030837
Bihar,MUNGER,2005,Kharif,Maize,8378,12545,1.497374075
Bihar,MUNGER,2005,Kharif,Moong(Green Gram),152,89,0.585526316
Bihar,MUNGER,2005,Kharif,Small millets,20,15,0.75
Bihar,MUNGER,2005,Kharif,Sunflower,4,5,1.25
Bihar,MUNGER,2005,Kharif,Urad,292,214,0.732876712
Bihar,MUNGER,2005,Rabi,Barley,26,22,0.846153846
Bihar,MUNGER,2005,Rabi,Gram,790,749,0.948101266
Bihar,MUNGER,2005,Rabi,Khesari,87,105,1.206896552
Bihar,MUNGER,2005,Rabi,Linseed,140,115,0.821428571
Bihar,MUNGER,2005,Rabi,Maize,756,1510,1.997354497
Bihar,MUNGER,2005,Rabi,Masoor,464,466,1.004310345
Bihar,MUNGER,2005,Rabi,Peas & beans (Pulses),172,167,0.970930233
Bihar,MUNGER,2005,Rabi,Rapeseed &Mustard,220,140,0.636363636
Bihar,MUNGER,2005,Rabi,Wheat,19181,26752,1.394713519
Bihar,MUNGER,2005,Summer,Maize,1825,3190,1.747945205
Bihar,MUNGER,2005,Summer,Moong(Green Gram),68,42,0.617647059
Bihar,MUNGER,2005,Summer,Rice,103,112,1.087378641
Bihar,MUNGER,2005,Whole Year,Onion,50,437,8.74
Bihar,MUNGER,2005,Whole Year,Potato,549,4758,8.666666667
Bihar,MUNGER,2005,Whole Year,Sannhamp,10,8,0.8
Bihar,MUNGER,2005,Whole Year,Sweet potato,75,1119,14.92
Bihar,MUNGER,2005,Winter,Rice,24716,34856,1.41026056
Bihar,MUNGER,2006,Autumn,Rice,695,614,0.883453237
Bihar,MUNGER,2006,Kharif,Arhar/Tur,167,154,0.922155689
Bihar,MUNGER,2006,Kharif,Maize,4200,5863,1.395952381
Bihar,MUNGER,2006,Kharif,Moong(Green Gram),132,83,0.628787879
Bihar,MUNGER,2006,Kharif,Sannhamp,55,45,0.818181818
Bihar,MUNGER,2006,Kharif,Urad,485,355,0.731958763
Bihar,MUNGER,2006,Rabi,Barley,13,20,1.538461538
Bihar,MUNGER,2006,Rabi,Gram,602,502,0.833887043
Bihar,MUNGER,2006,Rabi,Khesari,97,120,1.237113402
Bihar,MUNGER,2006,Rabi,Linseed,216,177,0.819444444
Bihar,MUNGER,2006,Rabi,Maize,1820,3802,2.089010989
Bihar,MUNGER,2006,Rabi,Masoor,599,508,0.848080134
Bihar,MUNGER,2006,Rabi,Peas & beans (Pulses),166,154,0.927710843
Bihar,MUNGER,2006,Rabi,Rapeseed &Mustard,299,164,0.548494983
Bihar,MUNGER,2006,Rabi,Sunflower,31,44,1.419354839
Bihar,MUNGER,2006,Rabi,Wheat,18205,33736,1.853117275
Bihar,MUNGER,2006,Summer,Maize,1768,5796,3.278280543
Bihar,MUNGER,2006,Summer,Moong(Green Gram),98,52,0.530612245
Bihar,MUNGER,2006,Winter,Rice,29332,59079,2.01414837
Bihar,MUNGER,2007,Autumn,Maize,4109,4365,1.062302263
Bihar,MUNGER,2007,Autumn,Rice,40,31,0.775
Bihar,MUNGER,2007,Kharif,Arhar/Tur,121,173,1.429752066
Bihar,MUNGER,2007,Kharif,Jute,14,132,9.428571429
Bihar,MUNGER,2007,Kharif,Moong(Green Gram),133,72,0.541353383
Bihar,MUNGER,2007,Kharif,Other Kharif pulses,244,151,0.618852459
Bihar,MUNGER,2007,Kharif,Sannhamp,46,200,4.347826087
Bihar,MUNGER,2007,Kharif,Urad,399,317,0.794486216
Bihar,MUNGER,2007,Rabi,Barley,12,14,1.166666667
Bihar,MUNGER,2007,Rabi,Gram,860,1022,1.188372093
Bihar,MUNGER,2007,Rabi,Khesari,158,152,0.962025316
Bihar,MUNGER,2007,Rabi,Linseed,260,213,0.819230769
Bihar,MUNGER,2007,Rabi,Maize,817,1983,2.427172583
Bihar,MUNGER,2007,Rabi,Masoor,804,704,0.875621891
Bihar,MUNGER,2007,Rabi,Peas & beans (Pulses),202,200,0.99009901
Bihar,MUNGER,2007,Rabi,Rapeseed &Mustard,267,194,0.72659176
Bihar,MUNGER,2007,Rabi,Sunflower,28,42,1.5
Bihar,MUNGER,2007,Rabi,Wheat,18746,42369,2.260162168
Bihar,MUNGER,2007,Summer,Maize,1507,4893,3.246848042
Bihar,MUNGER,2007,Summer,Moong(Green Gram),98,93,0.948979592
Bihar,MUNGER,2007,Whole Year,Onion,67,573,8.552238806
Bihar,MUNGER,2007,Whole Year,Potato,602,5249,8.719269103
Bihar,MUNGER,2007,Whole Year,Sugarcane,9,130,14.44444444
Bihar,MUNGER,2007,Whole Year,Sweet potato,219,2917,13.3196347
Bihar,MUNGER,2007,Winter,Rice,31467,56952,1.809896082
Bihar,MUNGER,2008,Autumn,Maize,3547,3437,0.968987877
Bihar,MUNGER,2008,Kharif,Arhar/Tur,136,237,1.742647059
Bihar,MUNGER,2008,Kharif,Jute,30,240,8
Bihar,MUNGER,2008,Kharif,Moong(Green Gram),149,85,0.570469799
Bihar,MUNGER,2008,Kharif,Potato,280,2100,7.5
Bihar,MUNGER,2008,Kharif,Small millets,20,16,0.8
Bihar,MUNGER,2008,Kharif,Sweet potato,255,3460,13.56862745
Bihar,MUNGER,2008,Kharif,Urad,247,209,0.846153846
Bihar,MUNGER,2008,Rabi,Barley,24,16,0.666666667
Bihar,MUNGER,2008,Rabi,Gram,1018,841,0.826129666
Bihar,MUNGER,2008,Rabi,Khesari,293,284,0.969283276
Bihar,MUNGER,2008,Rabi,Linseed,369,303,0.821138211
Bihar,MUNGER,2008,Rabi,Maize,833,2546,3.056422569
Bihar,MUNGER,2008,Rabi,Masoor,845,472,0.558579882
Bihar,MUNGER,2008,Rabi,Peas & beans (Pulses),212,204,0.962264151
Bihar,MUNGER,2008,Rabi,Potato,281,396,1.409252669
Bihar,MUNGER,2008,Rabi,Rapeseed &Mustard,617,477,0.773095624
Bihar,MUNGER,2008,Rabi,Sunflower,28,42,1.5
Bihar,MUNGER,2008,Rabi,Wheat,19131,34392,1.797710522
Bihar,MUNGER,2008,Summer,Maize,1617,5210,3.222016079
Bihar,MUNGER,2008,Summer,Moong(Green Gram),183,123,0.672131148
Bihar,MUNGER,2008,Whole Year,Onion,48,423,8.8125
Bihar,MUNGER,2008,Winter,Rice,31713,46881,1.47828966
Bihar,MUNGER,2009,Autumn,Maize,3736,6787,1.816648822
Bihar,MUNGER,2009,Kharif,Arhar/Tur,146,256,1.753424658
Bihar,MUNGER,2009,Kharif,Horse-gram,305,294,0.963934426
Bihar,MUNGER,2009,Kharif,Moong(Green Gram),333,221,0.663663664
Bihar,MUNGER,2009,Kharif,Sannhamp,47,38,0.808510638
Bihar,MUNGER,2009,Kharif,Urad,164,162,0.987804878
Bihar,MUNGER,2009,Rabi,Barley,49,39,0.795918367
Bihar,MUNGER,2009,Rabi,Gram,993,1367,1.376636455
Bihar,MUNGER,2009,Rabi,Khesari,186,186,1
Bihar,MUNGER,2009,Rabi,Linseed,146,124,0.849315068
Bihar,MUNGER,2009,Rabi,Maize,522,915,1.752873563
Bihar,MUNGER,2009,Rabi,Masoor,828,686,0.828502415
Bihar,MUNGER,2009,Rabi,Peas & beans (Pulses),289,289,1
Bihar,MUNGER,2009,Rabi,Rapeseed &Mustard,295,383,1.298305085
Bihar,MUNGER,2009,Rabi,Wheat,17462,37844,2.16722025
Bihar,MUNGER,2009,Summer,Maize,1583,2951,1.864181933
Bihar,MUNGER,2009,Summer,Moong(Green Gram),107,111,1.037383178
Bihar,MUNGER,2009,Summer,Rice,119,209,1.756302521
Bihar,MUNGER,2009,Winter,Rice,29454,30874,1.048210769
Bihar,MUNGER,2010,Autumn,Maize,3318,4554,1.372513562
Bihar,MUNGER,2010,Kharif,Arhar/Tur,187,312,1.668449198
Bihar,MUNGER,2010,Kharif,Groundnut,9,9,1
Bihar,MUNGER,2010,Kharif,Horse-gram,409,386,0.943765281
Bihar,MUNGER,2010,Kharif,Moong(Green Gram),184,120,0.652173913
Bihar,MUNGER,2010,Kharif,Other Kharif pulses,45,30,0.666666667
Bihar,MUNGER,2010,Kharif,Safflower,21,17,0.80952381
Bihar,MUNGER,2010,Kharif,Small millets,1,1,1
Bihar,MUNGER,2010,Kharif,Urad,85,74,0.870588235
Bihar,MUNGER,2010,Rabi,Barley,39,36,0.923076923
Bihar,MUNGER,2010,Rabi,Gram,1188,1192,1.003367003
Bihar,MUNGER,2010,Rabi,Khesari,109,85,0.779816514
Bihar,MUNGER,2010,Rabi,Linseed,146,119,0.815068493
Bihar,MUNGER,2010,Rabi,Maize,896,1458,1.627232143
Bihar,MUNGER,2010,Rabi,Masoor,971,766,0.788877446
Bihar,MUNGER,2010,Rabi,Peas & beans (Pulses),411,425,1.03406326
Bihar,MUNGER,2010,Rabi,Rapeseed &Mustard,694,1092,1.573487032
Bihar,MUNGER,2010,Rabi,Wheat,15438,27927,1.808977847
Bihar,MUNGER,2010,Summer,Maize,1499,3787,2.526350901
Bihar,MUNGER,2010,Summer,Moong(Green Gram),125,125,1
Bihar,MUNGER,2010,Summer,Rice,89,170,1.91011236
Bihar,MUNGER,2010,Whole Year,Sugarcane,266,17984,67.60902256
Bihar,MUNGER,2010,Winter,Rice,25936,11615,0.447833128
Bihar,MUNGER,2011,Autumn,Maize,2941,2495,0.848350901
Bihar,MUNGER,2011,Kharif,Arhar/Tur,190,373,1.963157895
Bihar,MUNGER,2011,Kharif,Horse-gram,123,117,0.951219512
Bihar,MUNGER,2011,Kharif,Moong(Green Gram),101,62,0.613861386
Bihar,MUNGER,2011,Kharif,Other Kharif pulses,88,66,0.75
Bihar,MUNGER,2011,Kharif,Ragi,28,34,1.214285714
Bihar,MUNGER,2011,Rabi,Barley,41,28,0.682926829
Bihar,MUNGER,2011,Rabi,Gram,1294,1316,1.017001546
Bihar,MUNGER,2011,Rabi,Khesari,119,109,0.915966387
Bihar,MUNGER,2011,Rabi,Linseed,144,125,0.868055556
Bihar,MUNGER,2011,Rabi,Maize,1018,2440,2.396856582
Bihar,MUNGER,2011,Rabi,Masoor,1032,839,0.812984496
Bihar,MUNGER,2011,Rabi,Peas & beans (Pulses),423,436,1.030732861
Bihar,MUNGER,2011,Rabi,Rapeseed &Mustard,674,699,1.037091988
Bihar,MUNGER,2011,Rabi,Wheat,15447,44174,2.85971386
Bihar,MUNGER,2011,Summer,Maize,1486,5326,3.584118439
Bihar,MUNGER,2011,Summer,Moong(Green Gram),125,138,1.104
Bihar,MUNGER,2011,Summer,Rice,91,160,1.758241758
Bihar,MUNGER,2011,Winter,Rice,29276,62158,2.123172565
Bihar,MUNGER,2012,Autumn,Maize,3643,7262,1.993412023
Bihar,MUNGER,2012,Autumn,Rice,1,2,2
Bihar,MUNGER,2012,Kharif,Arhar/Tur,117,334,2.854700855
Bihar,MUNGER,2012,Kharif,Horse-gram,120,116,0.966666667
Bihar,MUNGER,2012,Kharif,Moong(Green Gram),130,90,0.692307692
Bihar,MUNGER,2012,Kharif,Other Kharif pulses,81,61,0.75308642
Bihar,MUNGER,2012,Kharif,Ragi,25,30,1.2
Bihar,MUNGER,2012,Kharif,Sannhamp,1,1,1
Bihar,MUNGER,2012,Kharif,Urad,2,2,1
Bihar,MUNGER,2012,Rabi,Barley,118,172,1.457627119
Bihar,MUNGER,2012,Rabi,Gram,872,1080,1.23853211
Bihar,MUNGER,2012,Rabi,Khesari,84,118,1.404761905
Bihar,MUNGER,2012,Rabi,Linseed,196,170,0.867346939
Bihar,MUNGER,2012,Rabi,Maize,307,1050,3.42019544
Bihar,MUNGER,2012,Rabi,Masoor,571,597,1.045534151
Bihar,MUNGER,2012,Rabi,Peas & beans (Pulses),141,147,1.042553191
Bihar,MUNGER,2012,Rabi,Rapeseed &Mustard,545,802,1.471559633
Bihar,MUNGER,2012,Rabi,Wheat,12645,33198,2.625385528
Bihar,MUNGER,2012,Summer,Maize,1486,5469,3.680349933
Bihar,MUNGER,2012,Summer,Moong(Green Gram),125,78,0.624
Bihar,MUNGER,2012,Summer,Rice,91,233,2.56043956
Bihar,MUNGER,2012,Whole Year,Sugarcane,238,16453,69.1302521
Bihar,MUNGER,2012,Winter,Rice,26687,75051,2.812268146
Bihar,MUNGER,2013,Autumn,Maize,2017,3284,1.628160635
Bihar,MUNGER,2013,Autumn,Rice,10,9,0.9
Bihar,MUNGER,2013,Kharif,Arhar/Tur,47,91,1.936170213
Bihar,MUNGER,2013,Kharif,Horse-gram,119,113,0.949579832
Bihar,MUNGER,2013,Kharif,Moong(Green Gram),69,54,0.782608696
Bihar,MUNGER,2013,Kharif,Sannhamp,1,1,1
Bihar,MUNGER,2013,Kharif,Small millets,2,2,1
Bihar,MUNGER,2013,Kharif,Urad,1,1,1
Bihar,MUNGER,2013,Rabi,Barley,1,1,1
Bihar,MUNGER,2013,Rabi,Gram,847,929,1.096812279
Bihar,MUNGER,2013,Rabi,Khesari,63,94,1.492063492
Bihar,MUNGER,2013,Rabi,Linseed,144,122,0.847222222
Bihar,MUNGER,2013,Rabi,Maize,289,964,3.335640138
Bihar,MUNGER,2013,Rabi,Masoor,650,776,1.193846154
Bihar,MUNGER,2013,Rabi,Peas & beans (Pulses),228,242,1.061403509
Bihar,MUNGER,2013,Rabi,Rapeseed &Mustard,502,721,1.43625498
Bihar,MUNGER,2013,Rabi,Wheat,15903,39516,2.484814186
Bihar,MUNGER,2013,Summer,Maize,1028,4461,4.339494163
Bihar,MUNGER,2013,Summer,Moong(Green Gram),108,125,1.157407407
Bihar,MUNGER,2013,Summer,Rice,270,630,2.333333333
Bihar,MUNGER,2013,Whole Year,Sugarcane,201,9780,48.65671642
Bihar,MUNGER,2013,Whole Year,Tobacco,5,10,2
Bihar,MUNGER,2013,Winter,Rice,25361,65571,2.585505303
Bihar,MUNGER,2014,Autumn,Maize,3111,7673,2.466409515
Bihar,MUNGER,2014,Autumn,Rice,24,42,1.75
Bihar,MUNGER,2014,Kharif,Arhar/Tur,47,72,1.531914894
Bihar,MUNGER,2014,Kharif,Horse-gram,89,85,0.95505618
Bihar,MUNGER,2014,Kharif,Moong(Green Gram),92,83,0.902173913
Bihar,MUNGER,2014,Kharif,Other Kharif pulses,47,36,0.765957447
Bihar,MUNGER,2014,Kharif,Sannhamp,15,12,0.8
Bihar,MUNGER,2014,Kharif,Small millets,1,1,1
Bihar,MUNGER,2014,Rabi,Barley,1,1,1
Bihar,MUNGER,2014,Rabi,Gram,801,686,0.856429463
Bihar,MUNGER,2014,Rabi,Khesari,92,62,0.673913043
Bihar,MUNGER,2014,Rabi,Linseed,121,104,0.859504132
Bihar,MUNGER,2014,Rabi,Maize,506,1413,2.792490119
Bihar,MUNGER,2014,Rabi,Masoor,690,533,0.772463768
Bihar,MUNGER,2014,Rabi,Peas & beans (Pulses),254,257,1.011811024
Bihar,MUNGER,2014,Rabi,Rapeseed &Mustard,491,683,1.391038697
Bihar,MUNGER,2014,Rabi,Wheat,14170,23133,1.632533522
Bihar,MUNGER,2014,Summer,Maize,1027,4056,3.949367089
Bihar,MUNGER,2014,Summer,Moong(Green Gram),108,63,0.583333333
Bihar,MUNGER,2014,Summer,Rice,270,583,2.159259259
Bihar,MUNGER,2014,Whole Year,Sugarcane,91,5472,60.13186813
Bihar,MUNGER,2014,Whole Year,Tobacco,5,9,1.8
Bihar,MUNGER,2014,Winter,Rice,21962,61164,2.784992259
Bihar,MUZAFFARPUR,1997,Autumn,Rice,28848,34285,1.188470605
Bihar,MUZAFFARPUR,1997,Kharif,Arhar/Tur,2197,3058,1.391898043
Bihar,MUZAFFARPUR,1997,Kharif,Bajra,126,78,0.619047619
Bihar,MUZAFFARPUR,1997,Kharif,Castor seed,7,6,0.857142857
Bihar,MUZAFFARPUR,1997,Kharif,Dry ginger,12,17,1.416666667
Bihar,MUZAFFARPUR,1997,Kharif,Groundnut,38,45,1.184210526
Bihar,MUZAFFARPUR,1997,Kharif,Jowar,50,43,0.86
Bihar,MUZAFFARPUR,1997,Kharif,Jute,144,1296,9
Bihar,MUZAFFARPUR,1997,Kharif,Maize,7546,10677,1.414921813
Bihar,MUZAFFARPUR,1997,Kharif,Mesta,413,1852,4.484261501
Bihar,MUZAFFARPUR,1997,Kharif,Other Kharif pulses,162,94,0.580246914
Bihar,MUZAFFARPUR,1997,Kharif,Sesamum,95,57,0.6
Bihar,MUZAFFARPUR,1997,Kharif,Small millets,96,42,0.4375
Bihar,MUZAFFARPUR,1997,Rabi,Barley,1255,1839,1.465338645
Bihar,MUZAFFARPUR,1997,Rabi,Gram,147,125,0.850340136
Bihar,MUZAFFARPUR,1997,Rabi,Linseed,544,269,0.494485294
Bihar,MUZAFFARPUR,1997,Rabi,Maize,9880,17843,1.80597166
Bihar,MUZAFFARPUR,1997,Rabi,Other  Rabi pulses,261,146,0.559386973
Bihar,MUZAFFARPUR,1997,Rabi,Rapeseed &Mustard,4106,3884,0.945932781
Bihar,MUZAFFARPUR,1997,Rabi,Safflower,35,22,0.628571429
Bihar,MUZAFFARPUR,1997,Rabi,Sunflower,10,13,1.3
Bihar,MUZAFFARPUR,1997,Rabi,Tobacco,1294,929,0.717928903
Bihar,MUZAFFARPUR,1997,Rabi,Wheat,77880,150376,1.930868002
Bihar,MUZAFFARPUR,1997,Summer,Maize,8531,13645,1.59946079
Bihar,MUZAFFARPUR,1997,Summer,Rice,1584,2438,1.539141414
Bihar,MUZAFFARPUR,1997,Whole Year,Banana,744,25653,34.47983871
Bihar,MUZAFFARPUR,1997,Whole Year,Coriander,112,47,0.419642857
Bihar,MUZAFFARPUR,1997,Whole Year,Dry chillies,92,155,1.684782609
Bihar,MUZAFFARPUR,1997,Whole Year,Garlic,146,223,1.52739726
Bihar,MUZAFFARPUR,1997,Whole Year,Onion,280,1932,6.9
Bihar,MUZAFFARPUR,1997,Whole Year,Potato,4541,44955,9.899801806
Bihar,MUZAFFARPUR,1997,Whole Year,Ragi,1463,1375,0.939849624
Bihar,MUZAFFARPUR,1997,Whole Year,Sannhamp,10,5,0.5
Bihar,MUZAFFARPUR,1997,Whole Year,Sugarcane,2748,113706,41.37772926
Bihar,MUZAFFARPUR,1997,Whole Year,Sweet potato,464,6119,13.1875
Bihar,MUZAFFARPUR,1997,Whole Year,Turmeric,158,172,1.088607595
Bihar,MUZAFFARPUR,1997,Winter,Rice,103795,137271,1.322520353
Bihar,MUZAFFARPUR,1998,Kharif,Arhar/Tur,1905,2153,1.130183727
Bihar,MUZAFFARPUR,1998,Kharif,Bajra,48,28,0.583333333
Bihar,MUZAFFARPUR,1998,Kharif,Blackgram,653,419,0.641653905
Bihar,MUZAFFARPUR,1998,Kharif,Castor seed,2,2,1
Bihar,MUZAFFARPUR,1998,Kharif,Jowar,3,3,1
Bihar,MUZAFFARPUR,1998,Kharif,Jute,1,5,5
Bihar,MUZAFFARPUR,1998,Kharif,Maize,6478,10391,1.604044458
Bihar,MUZAFFARPUR,1998,Kharif,Mesta,128,1015,7.9296875
Bihar,MUZAFFARPUR,1998,Kharif,Other Kharif pulses,890,603,0.67752809
Bihar,MUZAFFARPUR,1998,Kharif,Ragi,1139,959,0.841966637
Bihar,MUZAFFARPUR,1998,Kharif,Sesamum,21,11,0.523809524
Bihar,MUZAFFARPUR,1998,Kharif,Small millets,16,8,0.5
Bihar,MUZAFFARPUR,1998,Kharif,Sunflower,23,30,1.304347826
Bihar,MUZAFFARPUR,1998,Rabi,Barley,738,1057,1.432249322
Bihar,MUZAFFARPUR,1998,Rabi,Gram,24,26,1.083333333
Bihar,MUZAFFARPUR,1998,Rabi,Linseed,505,281,0.556435644
Bihar,MUZAFFARPUR,1998,Rabi,Maize,14464,24488,1.693030973
Bihar,MUZAFFARPUR,1998,Rabi,Other  Rabi pulses,23184,16258,0.701259489
Bihar,MUZAFFARPUR,1998,Rabi,Rapeseed &Mustard,4221,5943,1.407960199
Bihar,MUZAFFARPUR,1998,Rabi,Safflower,275,157,0.570909091
Bihar,MUZAFFARPUR,1998,Rabi,Wheat,86637,206699,2.385805141
Bihar,MUZAFFARPUR,1998,Summer,Maize,12868,27893,2.167625117
Bihar,MUZAFFARPUR,1998,Summer,Rice,2253,1422,0.631158455
Bihar,MUZAFFARPUR,1998,Whole Year,Banana,804,16088,20.00995025
Bihar,MUZAFFARPUR,1998,Whole Year,Coriander,120,52,0.433333333
Bihar,MUZAFFARPUR,1998,Whole Year,Dry chillies,111,162,1.459459459
Bihar,MUZAFFARPUR,1998,Whole Year,Dry ginger,34,46,1.352941176
Bihar,MUZAFFARPUR,1998,Whole Year,Garlic,147,214,1.455782313
Bihar,MUZAFFARPUR,1998,Whole Year,Onion,384,2984,7.770833333
Bihar,MUZAFFARPUR,1998,Whole Year,Potato,4946,67175,13.58168217
Bihar,MUZAFFARPUR,1998,Whole Year,Sannhamp,5,2,0.4
Bihar,MUZAFFARPUR,1998,Whole Year,Sugarcane,1557,59183,38.01091843
Bihar,MUZAFFARPUR,1998,Whole Year,Sweet potato,480,5189,10.81041667
Bihar,MUZAFFARPUR,1998,Whole Year,Tobacco,755,576,0.762913907
Bihar,MUZAFFARPUR,1998,Whole Year,Turmeric,145,141,0.972413793
Bihar,MUZAFFARPUR,1998,Winter,Rice,98422,100414,1.020239377
Bihar,MUZAFFARPUR,1999,Kharif,Arhar/Tur,2135,3115,1.459016393
Bihar,MUZAFFARPUR,1999,Kharif,Dry ginger,29,43,1.482758621
Bihar,MUZAFFARPUR,1999,Kharif,Jowar,837,2831,3.382317802
Bihar,MUZAFFARPUR,1999,Kharif,Maize,6506,8059,1.238702736
Bihar,MUZAFFARPUR,1999,Kharif,Mesta,232,1005,4.331896552
Bihar,MUZAFFARPUR,1999,Kharif,Moong(Green Gram),42,21,0.5
Bihar,MUZAFFARPUR,1999,Kharif,Ragi,1051,1213,1.154138915
Bihar,MUZAFFARPUR,1999,Kharif,Rice,25290,20166,0.797390273
Bihar,MUZAFFARPUR,1999,Kharif,Sesamum,19,10,0.526315789
Bihar,MUZAFFARPUR,1999,Kharif,Sunflower,25,29,1.16
Bihar,MUZAFFARPUR,1999,Kharif,Urad,484,326,0.673553719
Bihar,MUZAFFARPUR,1999,Rabi,Gram,36,35,0.972222222
Bihar,MUZAFFARPUR,1999,Rabi,Khesari,1134,688,0.60670194
Bihar,MUZAFFARPUR,1999,Rabi,Linseed,333,181,0.543543544
Bihar,MUZAFFARPUR,1999,Rabi,Maize,13541,26094,1.927036408
Bihar,MUZAFFARPUR,1999,Rabi,Masoor,1343,932,0.693968727
Bihar,MUZAFFARPUR,1999,Rabi,Moong(Green Gram),21423,11119,0.519021612
Bihar,MUZAFFARPUR,1999,Rabi,Other  Rabi pulses,274,230,0.839416058
Bihar,MUZAFFARPUR,1999,Rabi,Peas & beans (Pulses),269,216,0.802973978
Bihar,MUZAFFARPUR,1999,Rabi,Rapeseed &Mustard,5127,4614,0.899941486
Bihar,MUZAFFARPUR,1999,Rabi,Safflower,43,24,0.558139535
Bihar,MUZAFFARPUR,1999,Rabi,Wheat,96730,191550,1.980254316
Bihar,MUZAFFARPUR,1999,Summer,Maize,11453,25561,2.231816991
Bihar,MUZAFFARPUR,1999,Summer,Rice,327,147,0.449541284
Bihar,MUZAFFARPUR,1999,Whole Year,Banana,715,5527,7.73006993
Bihar,MUZAFFARPUR,1999,Whole Year,Coriander,157,83,0.52866242
Bihar,MUZAFFARPUR,1999,Whole Year,Dry chillies,64,116,1.8125
Bihar,MUZAFFARPUR,1999,Whole Year,Garlic,196,291,1.484693878
Bihar,MUZAFFARPUR,1999,Whole Year,Onion,498,2669,5.359437751
Bihar,MUZAFFARPUR,1999,Whole Year,Potato,5799,87482,15.08570443
Bihar,MUZAFFARPUR,1999,Whole Year,Sugarcane,908,36609,40.31828194
Bihar,MUZAFFARPUR,1999,Whole Year,Sweet potato,423,5767,13.63356974
Bihar,MUZAFFARPUR,1999,Whole Year,Tobacco,1175,1190,1.012765957
Bihar,MUZAFFARPUR,1999,Whole Year,Turmeric,153,160,1.045751634
Bihar,MUZAFFARPUR,2000,Autumn,Rice,98446,127720,1.29736099
Bihar,MUZAFFARPUR,2000,Kharif,Arhar/Tur,1542,2230,1.4461738
Bihar,MUZAFFARPUR,2000,Kharif,Dry ginger,41,37,0.902439024
Bihar,MUZAFFARPUR,2000,Kharif,Maize,10096,16230,1.607567353
Bihar,MUZAFFARPUR,2000,Kharif,Mesta,220,1165,5.295454545
Bihar,MUZAFFARPUR,2000,Kharif,Moong(Green Gram),77,66,0.857142857
Bihar,MUZAFFARPUR,2000,Kharif,Other Kharif pulses,80,42,0.525
Bihar,MUZAFFARPUR,2000,Kharif,Ragi,932,1104,1.184549356
Bihar,MUZAFFARPUR,2000,Kharif,Rice,30980,35774,1.154744997
Bihar,MUZAFFARPUR,2000,Kharif,Sesamum,1,1,1
Bihar,MUZAFFARPUR,2000,Kharif,Sunflower,49,81,1.653061224
Bihar,MUZAFFARPUR,2000,Kharif,Urad,530,333,0.628301887
Bihar,MUZAFFARPUR,2000,Rabi,Barley,456,757,1.660087719
Bihar,MUZAFFARPUR,2000,Rabi,Gram,6,6,1
Bihar,MUZAFFARPUR,2000,Rabi,Khesari,1314,805,0.612633181
Bihar,MUZAFFARPUR,2000,Rabi,Linseed,264,122,0.462121212
Bihar,MUZAFFARPUR,2000,Rabi,Maize,15571,28071,1.802774388
Bihar,MUZAFFARPUR,2000,Rabi,Masoor,1688,1634,0.968009479
Bihar,MUZAFFARPUR,2000,Rabi,Moong(Green Gram),25145,11441,0.455000994
Bihar,MUZAFFARPUR,2000,Rabi,Other  Rabi pulses,600,296,0.493333333
Bihar,MUZAFFARPUR,2000,Rabi,Peas & beans (Pulses),165,159,0.963636364
Bihar,MUZAFFARPUR,2000,Rabi,Rapeseed &Mustard,3751,2888,0.769928019
Bihar,MUZAFFARPUR,2000,Rabi,Wheat,85586,185053,2.162187741
Bihar,MUZAFFARPUR,2000,Summer,Maize,9616,19680,2.046589018
Bihar,MUZAFFARPUR,2000,Summer,Rice,804,1473,1.832089552
Bihar,MUZAFFARPUR,2000,Whole Year,Banana,753,3517,4.67065073
Bihar,MUZAFFARPUR,2000,Whole Year,Coriander,69,33,0.47826087
Bihar,MUZAFFARPUR,2000,Whole Year,Dry chillies,51,30,0.588235294
Bihar,MUZAFFARPUR,2000,Whole Year,Garlic,114,173,1.51754386
Bihar,MUZAFFARPUR,2000,Whole Year,Onion,416,3083,7.411057692
Bihar,MUZAFFARPUR,2000,Whole Year,Potato,6198,50314,8.117779929
Bihar,MUZAFFARPUR,2000,Whole Year,Sugarcane,323,15753,48.77089783
Bihar,MUZAFFARPUR,2000,Whole Year,Sweet potato,319,3857,12.09090909
Bihar,MUZAFFARPUR,2000,Whole Year,Tobacco,534,621,1.162921348
Bihar,MUZAFFARPUR,2000,Whole Year,Turmeric,101,87,0.861386139
Bihar,MUZAFFARPUR,2001,Autumn,Maize,7287,7193,0.987100316
Bihar,MUZAFFARPUR,2001,Autumn,Rice,100084,104783,1.046950562
Bihar,MUZAFFARPUR,2001,Kharif,Arhar/Tur,1763,4563,2.588201929
Bihar,MUZAFFARPUR,2001,Kharif,Dry ginger,24,26,1.083333333
Bihar,MUZAFFARPUR,2001,Kharif,Jute,5,3,0.6
Bihar,MUZAFFARPUR,2001,Kharif,Mesta,178,581,3.264044944
Bihar,MUZAFFARPUR,2001,Kharif,Other Kharif pulses,19,9,0.473684211
Bihar,MUZAFFARPUR,2001,Kharif,Ragi,811,630,0.776818742
Bihar,MUZAFFARPUR,2001,Kharif,Rice,800,1464,1.83
Bihar,MUZAFFARPUR,2001,Kharif,Sesamum,27,18,0.666666667
Bihar,MUZAFFARPUR,2001,Kharif,Small millets,178,134,0.752808989
Bihar,MUZAFFARPUR,2001,Kharif,Sunflower,39,49,1.256410256
Bihar,MUZAFFARPUR,2001,Kharif,Urad,849,538,0.63368669
Bihar,MUZAFFARPUR,2001,Rabi,Barley,508,913,1.797244094
Bihar,MUZAFFARPUR,2001,Rabi,Gram,1,1,1
Bihar,MUZAFFARPUR,2001,Rabi,Khesari,1081,883,0.816836263
Bihar,MUZAFFARPUR,2001,Rabi,Linseed,165,117,0.709090909
Bihar,MUZAFFARPUR,2001,Rabi,Maize,16355,64913,3.969000306
Bihar,MUZAFFARPUR,2001,Rabi,Masoor,1457,1252,0.859299931
Bihar,MUZAFFARPUR,2001,Rabi,Other  Rabi pulses,117,80,0.683760684
Bihar,MUZAFFARPUR,2001,Rabi,Peas & beans (Pulses),304,299,0.983552632
Bihar,MUZAFFARPUR,2001,Rabi,Rapeseed &Mustard,5686,5032,0.884980654
Bihar,MUZAFFARPUR,2001,Rabi,Wheat,85827,179819,2.095133233
Bihar,MUZAFFARPUR,2001,Summer,Maize,9045,23228,2.568048646
Bihar,MUZAFFARPUR,2001,Summer,Rice,33832,38296,1.131946087
Bihar,MUZAFFARPUR,2001,Whole Year,Coriander,86,50,0.581395349
Bihar,MUZAFFARPUR,2001,Whole Year,Dry chillies,75,44,0.586666667
Bihar,MUZAFFARPUR,2001,Whole Year,Garlic,133,201,1.511278195
Bihar,MUZAFFARPUR,2001,Whole Year,Onion,313,3135,10.01597444
Bihar,MUZAFFARPUR,2001,Whole Year,Potato,6068,48896,8.058009229
Bihar,MUZAFFARPUR,2001,Whole Year,Sugarcane,718,32257,44.92618384
Bihar,MUZAFFARPUR,2001,Whole Year,Sweet potato,202,2264,11.20792079
Bihar,MUZAFFARPUR,2001,Whole Year,Tobacco,444,489,1.101351351
Bihar,MUZAFFARPUR,2001,Whole Year,Turmeric,114,106,0.929824561
Bihar,MUZAFFARPUR,2002,Autumn,Maize,7335,13113,1.787730061
Bihar,MUZAFFARPUR,2002,Autumn,Rice,37639,42214,1.121549457
Bihar,MUZAFFARPUR,2002,Kharif,Arhar/Tur,1307,2354,1.801071155
Bihar,MUZAFFARPUR,2002,Kharif,Jowar,114,115,1.00877193
Bihar,MUZAFFARPUR,2002,Kharif,Mesta,153,717,4.68627451
Bihar,MUZAFFARPUR,2002,Kharif,Other Kharif pulses,30,17,0.566666667
Bihar,MUZAFFARPUR,2002,Kharif,Ragi,767,657,0.856584094
Bihar,MUZAFFARPUR,2002,Kharif,Sesamum,6,3,0.5
Bihar,MUZAFFARPUR,2002,Kharif,Small millets,75,56,0.746666667
Bihar,MUZAFFARPUR,2002,Kharif,Sunflower,25,32,1.28
Bihar,MUZAFFARPUR,2002,Kharif,Urad,653,419,0.641653905
Bihar,MUZAFFARPUR,2002,Rabi,Barley,245,398,1.624489796
Bihar,MUZAFFARPUR,2002,Rabi,Gram,5,5,1
Bihar,MUZAFFARPUR,2002,Rabi,Khesari,1348,825,0.612017804
Bihar,MUZAFFARPUR,2002,Rabi,Linseed,407,309,0.759213759
Bihar,MUZAFFARPUR,2002,Rabi,Maize,12586,19622,1.559033847
Bihar,MUZAFFARPUR,2002,Rabi,Masoor,1883,1322,0.702071163
Bihar,MUZAFFARPUR,2002,Rabi,Other  Rabi pulses,125,84,0.672
Bihar,MUZAFFARPUR,2002,Rabi,Peas & beans (Pulses),265,237,0.894339623
Bihar,MUZAFFARPUR,2002,Rabi,Rapeseed &Mustard,4453,4328,0.971929037
Bihar,MUZAFFARPUR,2002,Rabi,Wheat,86840,162133,1.867031322
Bihar,MUZAFFARPUR,2002,Summer,Maize,13544,31603,2.333357944
Bihar,MUZAFFARPUR,2002,Summer,Moong(Green Gram),27279,15494,0.567982697
Bihar,MUZAFFARPUR,2002,Summer,Rice,50,101,2.02
Bihar,MUZAFFARPUR,2002,Whole Year,Banana,605,5971,9.869421488
Bihar,MUZAFFARPUR,2002,Whole Year,Coriander,29,19,0.655172414
Bihar,MUZAFFARPUR,2002,Whole Year,Dry chillies,160,102,0.6375
Bihar,MUZAFFARPUR,2002,Whole Year,Dry ginger,10,15,1.5
Bihar,MUZAFFARPUR,2002,Whole Year,Garlic,110,162,1.472727273
Bihar,MUZAFFARPUR,2002,Whole Year,Onion,110,796,7.236363636
Bihar,MUZAFFARPUR,2002,Whole Year,Potato,5969,50757,8.503434411
Bihar,MUZAFFARPUR,2002,Whole Year,Sannhamp,3,2,0.666666667
Bihar,MUZAFFARPUR,2002,Whole Year,Sugarcane,481,20904,43.45945946
Bihar,MUZAFFARPUR,2002,Whole Year,Sweet potato,395,5110,12.93670886
Bihar,MUZAFFARPUR,2002,Whole Year,Tobacco,402,452,1.124378109
Bihar,MUZAFFARPUR,2002,Whole Year,Turmeric,89,88,0.988764045
Bihar,MUZAFFARPUR,2002,Winter,Rice,108985,116345,1.067532229
Bihar,MUZAFFARPUR,2003,Autumn,Rice,36908,42681,1.156415953
Bihar,MUZAFFARPUR,2003,Kharif,Arhar/Tur,1729,3992,2.308849046
Bihar,MUZAFFARPUR,2003,Kharif,Dry ginger,13,13,1
Bihar,MUZAFFARPUR,2003,Kharif,Maize,6853,11179,1.631256384
Bihar,MUZAFFARPUR,2003,Kharif,Mesta,153,683,4.464052288
Bihar,MUZAFFARPUR,2003,Kharif,Ragi,693,368,0.531024531
Bihar,MUZAFFARPUR,2003,Kharif,Sesamum,16,12,0.75
Bihar,MUZAFFARPUR,2003,Kharif,Small millets,43,32,0.744186047
Bihar,MUZAFFARPUR,2003,Kharif,Sunflower,4,5,1.25
Bihar,MUZAFFARPUR,2003,Kharif,Urad,727,549,0.755158184
Bihar,MUZAFFARPUR,2003,Rabi,Barley,661,1013,1.532526475
Bihar,MUZAFFARPUR,2003,Rabi,Gram,90,88,0.977777778
Bihar,MUZAFFARPUR,2003,Rabi,Khesari,1045,882,0.844019139
Bihar,MUZAFFARPUR,2003,Rabi,Linseed,474,372,0.784810127
Bihar,MUZAFFARPUR,2003,Rabi,Maize,11749,22687,1.930972849
Bihar,MUZAFFARPUR,2003,Rabi,Masoor,1887,5718,3.030206677
Bihar,MUZAFFARPUR,2003,Rabi,Other  Rabi pulses,142,97,0.683098592
Bihar,MUZAFFARPUR,2003,Rabi,Peas & beans (Pulses),224,209,0.933035714
Bihar,MUZAFFARPUR,2003,Rabi,Rapeseed &Mustard,3957,4155,1.050037908
Bihar,MUZAFFARPUR,2003,Rabi,Safflower,43,34,0.790697674
Bihar,MUZAFFARPUR,2003,Rabi,Wheat,90699,129362,1.426278129
Bihar,MUZAFFARPUR,2003,Summer,Maize,11633,25960,2.231582567
Bihar,MUZAFFARPUR,2003,Summer,Moong(Green Gram),29632,15142,0.51100162
Bihar,MUZAFFARPUR,2003,Summer,Rice,834,848,1.016786571
Bihar,MUZAFFARPUR,2003,Whole Year,Banana,673,4011,5.959881129
Bihar,MUZAFFARPUR,2003,Whole Year,Coriander,65,45,0.692307692
Bihar,MUZAFFARPUR,2003,Whole Year,Dry chillies,83,45,0.542168675
Bihar,MUZAFFARPUR,2003,Whole Year,Garlic,155,234,1.509677419
Bihar,MUZAFFARPUR,2003,Whole Year,Onion,445,3360,7.550561798
Bihar,MUZAFFARPUR,2003,Whole Year,Potato,4879,40672,8.336134454
Bihar,MUZAFFARPUR,2003,Whole Year,Sannhamp,3,2,0.666666667
Bihar,MUZAFFARPUR,2003,Whole Year,Sugarcane,401,16024,39.96009975
Bihar,MUZAFFARPUR,2003,Whole Year,Sweet potato,349,4661,13.35530086
Bihar,MUZAFFARPUR,2003,Whole Year,Tobacco,921,1024,1.111834962
Bihar,MUZAFFARPUR,2003,Whole Year,Turmeric,115,114,0.991304348
Bihar,MUZAFFARPUR,2003,Winter,Rice,116374,121729,1.046015433
Bihar,MUZAFFARPUR,2004,Autumn,Rice,39093,26568,0.67961016
Bihar,MUZAFFARPUR,2004,Kharif,Arhar/Tur,1578,2728,1.728770596
Bihar,MUZAFFARPUR,2004,Kharif,Dry ginger,5,5,1
Bihar,MUZAFFARPUR,2004,Kharif,Maize,9077,16664,1.835848849
Bihar,MUZAFFARPUR,2004,Kharif,Mesta,136,1085,7.977941176
Bihar,MUZAFFARPUR,2004,Kharif,Moong(Green Gram),98,30,0.306122449
Bihar,MUZAFFARPUR,2004,Kharif,Ragi,619,217,0.350565428
Bihar,MUZAFFARPUR,2004,Kharif,Sesamum,25,19,0.76
Bihar,MUZAFFARPUR,2004,Kharif,Sunflower,11,16,1.454545455
Bihar,MUZAFFARPUR,2004,Kharif,Urad,210,152,0.723809524
Bihar,MUZAFFARPUR,2004,Rabi,Barley,239,305,1.276150628
Bihar,MUZAFFARPUR,2004,Rabi,Gram,42,35,0.833333333
Bihar,MUZAFFARPUR,2004,Rabi,Khesari,771,400,0.518806744
Bihar,MUZAFFARPUR,2004,Rabi,Linseed,141,119,0.843971631
Bihar,MUZAFFARPUR,2004,Rabi,Maize,12218,35151,2.876984777
Bihar,MUZAFFARPUR,2004,Rabi,Masoor,1894,1023,0.540126716
Bihar,MUZAFFARPUR,2004,Rabi,Other  Rabi pulses,115,78,0.67826087
Bihar,MUZAFFARPUR,2004,Rabi,Peas & beans (Pulses),162,143,0.882716049
Bihar,MUZAFFARPUR,2004,Rabi,Rapeseed &Mustard,3519,3783,1.075021313
Bihar,MUZAFFARPUR,2004,Rabi,Safflower,43,34,0.790697674
Bihar,MUZAFFARPUR,2004,Rabi,Wheat,92891,144180,1.552141758
Bihar,MUZAFFARPUR,2004,Summer,Maize,12105,49283,4.071292854
Bihar,MUZAFFARPUR,2004,Summer,Moong(Green Gram),25144,10208,0.405981546
Bihar,MUZAFFARPUR,2004,Summer,Rice,830,1218,1.46746988
Bihar,MUZAFFARPUR,2004,Whole Year,Banana,553,5016,9.070524412
Bihar,MUZAFFARPUR,2004,Whole Year,Coriander,49,32,0.653061224
Bihar,MUZAFFARPUR,2004,Whole Year,Dry chillies,51,33,0.647058824
Bihar,MUZAFFARPUR,2004,Whole Year,Dry ginger,5,5,1
Bihar,MUZAFFARPUR,2004,Whole Year,Garlic,108,163,1.509259259
Bihar,MUZAFFARPUR,2004,Whole Year,Onion,776,4415,5.68943299
Bihar,MUZAFFARPUR,2004,Whole Year,Potato,5739,51412,8.958355114
Bihar,MUZAFFARPUR,2004,Whole Year,Sannhamp,3,2,0.666666667
Bihar,MUZAFFARPUR,2004,Whole Year,Sugarcane,730,28014,38.37534247
Bihar,MUZAFFARPUR,2004,Whole Year,Sweet potato,326,4651,14.26687117
Bihar,MUZAFFARPUR,2004,Whole Year,Tobacco,1051,1220,1.160799239
Bihar,MUZAFFARPUR,2004,Whole Year,Turmeric,107,106,0.990654206
Bihar,MUZAFFARPUR,2004,Winter,Rice,111406,15281,0.137164964
Bihar,MUZAFFARPUR,2005,Autumn,Rice,28377,23614,0.8321528
Bihar,MUZAFFARPUR,2005,Kharif,Arhar/Tur,1195,1901,1.590794979
Bihar,MUZAFFARPUR,2005,Kharif,Jowar,2,2,1
Bihar,MUZAFFARPUR,2005,Kharif,Maize,3506,5482,1.563605248
Bihar,MUZAFFARPUR,2005,Kharif,Mesta,125,738,5.904
Bihar,MUZAFFARPUR,2005,Kharif,Moong(Green Gram),70,27,0.385714286
Bihar,MUZAFFARPUR,2005,Kharif,Ragi,473,187,0.395348837
Bihar,MUZAFFARPUR,2005,Kharif,Sesamum,40,32,0.8
Bihar,MUZAFFARPUR,2005,Kharif,Small millets,25,18,0.72
Bihar,MUZAFFARPUR,2005,Kharif,Sunflower,31,45,1.451612903
Bihar,MUZAFFARPUR,2005,Kharif,Urad,260,198,0.761538462
Bihar,MUZAFFARPUR,2005,Rabi,Barley,300,271,0.903333333
Bihar,MUZAFFARPUR,2005,Rabi,Gram,78,73,0.935897436
Bihar,MUZAFFARPUR,2005,Rabi,Khesari,1233,593,0.480940795
Bihar,MUZAFFARPUR,2005,Rabi,Linseed,75,64,0.853333333
Bihar,MUZAFFARPUR,2005,Rabi,Maize,10146,39356,3.878967081
Bihar,MUZAFFARPUR,2005,Rabi,Masoor,1394,892,0.639885222
Bihar,MUZAFFARPUR,2005,Rabi,Other  Rabi pulses,196,133,0.678571429
Bihar,MUZAFFARPUR,2005,Rabi,Peas & beans (Pulses),563,518,0.920071048
Bihar,MUZAFFARPUR,2005,Rabi,Rapeseed &Mustard,3748,4580,1.221985059
Bihar,MUZAFFARPUR,2005,Rabi,Safflower,43,34,0.790697674
Bihar,MUZAFFARPUR,2005,Rabi,Wheat,85854,111618,1.300090852
Bihar,MUZAFFARPUR,2005,Summer,Maize,13138,26196,1.993910793
Bihar,MUZAFFARPUR,2005,Summer,Moong(Green Gram),27827,22568,0.811010889
Bihar,MUZAFFARPUR,2005,Whole Year,Banana,329,2109,6.410334347
Bihar,MUZAFFARPUR,2005,Whole Year,Coriander,30,23,0.766666667
Bihar,MUZAFFARPUR,2005,Whole Year,Dry chillies,40,25,0.625
Bihar,MUZAFFARPUR,2005,Whole Year,Dry ginger,20,21,1.05
Bihar,MUZAFFARPUR,2005,Whole Year,Garlic,93,137,1.47311828
Bihar,MUZAFFARPUR,2005,Whole Year,Onion,499,3653,7.320641283
Bihar,MUZAFFARPUR,2005,Whole Year,Potato,4397,26599,6.049351831
Bihar,MUZAFFARPUR,2005,Whole Year,Sannhamp,3,2,0.666666667
Bihar,MUZAFFARPUR,2005,Whole Year,Sugarcane,354,14017,39.5960452
Bihar,MUZAFFARPUR,2005,Whole Year,Sweet potato,315,4997,15.86349206
Bihar,MUZAFFARPUR,2005,Whole Year,Tobacco,524,604,1.152671756
Bihar,MUZAFFARPUR,2005,Whole Year,Turmeric,79,77,0.974683544
Bihar,MUZAFFARPUR,2005,Winter,Rice,96615,56773,0.58762097
Bihar,MUZAFFARPUR,2006,Autumn,Rice,27766,18120,0.652596701
Bihar,MUZAFFARPUR,2006,Kharif,Arhar/Tur,815,1442,1.769325153
Bihar,MUZAFFARPUR,2006,Kharif,Maize,3031,4059,1.339161993
Bihar,MUZAFFARPUR,2006,Kharif,Mesta,113,706,6.247787611
Bihar,MUZAFFARPUR,2006,Kharif,Ragi,200,175,0.875
Bihar,MUZAFFARPUR,2006,Kharif,Sannhamp,3,2,0.666666667
Bihar,MUZAFFARPUR,2006,Kharif,Sesamum,29,23,0.793103448
Bihar,MUZAFFARPUR,2006,Kharif,Urad,212,165,0.778301887
Bihar,MUZAFFARPUR,2006,Rabi,Barley,424,354,0.83490566
Bihar,MUZAFFARPUR,2006,Rabi,Gram,4703,3965,0.843078886
Bihar,MUZAFFARPUR,2006,Rabi,Khesari,724,571,0.788674033
Bihar,MUZAFFARPUR,2006,Rabi,Linseed,67,57,0.850746269
Bihar,MUZAFFARPUR,2006,Rabi,Maize,8549,22484,2.630015206
Bihar,MUZAFFARPUR,2006,Rabi,Masoor,1143,817,0.714785652
Bihar,MUZAFFARPUR,2006,Rabi,Peas & beans (Pulses),295,277,0.938983051
Bihar,MUZAFFARPUR,2006,Rabi,Rapeseed &Mustard,3247,5413,1.667077302
Bihar,MUZAFFARPUR,2006,Rabi,Sunflower,33,48,1.454545455
Bihar,MUZAFFARPUR,2006,Rabi,Wheat,85448,163884,1.917938395
Bihar,MUZAFFARPUR,2006,Summer,Maize,10963,22255,2.030010034
Bihar,MUZAFFARPUR,2006,Summer,Moong(Green Gram),27810,14489,0.52099964
Bihar,MUZAFFARPUR,2006,Winter,Rice,111611,77439,0.693829461
Bihar,MUZAFFARPUR,2007,Autumn,Maize,2993,187,0.062479118
Bihar,MUZAFFARPUR,2007,Autumn,Rice,33173,3348,0.100925451
Bihar,MUZAFFARPUR,2007,Kharif,Arhar/Tur,390,453,1.161538462
Bihar,MUZAFFARPUR,2007,Kharif,Jute,30,283,9.433333333
Bihar,MUZAFFARPUR,2007,Kharif,Mesta,128,822,6.421875
Bihar,MUZAFFARPUR,2007,Kharif,Ragi,356,215,0.603932584
Bihar,MUZAFFARPUR,2007,Kharif,Sannhamp,3,11.11,3.703333333
Bihar,MUZAFFARPUR,2007,Kharif,Sesamum,17,14,0.823529412
Bihar,MUZAFFARPUR,2007,Kharif,Small millets,1,1,1
Bihar,MUZAFFARPUR,2007,Kharif,Urad,204,149,0.730392157
Bihar,MUZAFFARPUR,2007,Rabi,Barley,136,183,1.345588235
Bihar,MUZAFFARPUR,2007,Rabi,Khesari,673,565,0.839524517
Bihar,MUZAFFARPUR,2007,Rabi,Linseed,265,223,0.841509434
Bihar,MUZAFFARPUR,2007,Rabi,Maize,8917,25306,2.837949983
Bihar,MUZAFFARPUR,2007,Rabi,Masoor,1694,1160,0.684769776
Bihar,MUZAFFARPUR,2007,Rabi,Other  Rabi pulses,432,320,0.740740741
Bihar,MUZAFFARPUR,2007,Rabi,Peas & beans (Pulses),324,311,0.959876543
Bihar,MUZAFFARPUR,2007,Rabi,Rapeseed &Mustard,3599,4639,1.288969158
Bihar,MUZAFFARPUR,2007,Rabi,Sunflower,17,23,1.352941176
Bihar,MUZAFFARPUR,2007,Rabi,Wheat,100927,269550,2.67074222
Bihar,MUZAFFARPUR,2007,Summer,Maize,8489,9290,1.094357404
Bihar,MUZAFFARPUR,2007,Summer,Moong(Green Gram),21515,13576,0.631001627
Bihar,MUZAFFARPUR,2007,Whole Year,Banana,446,2997,6.719730942
Bihar,MUZAFFARPUR,2007,Whole Year,Coriander,9,6,0.666666667
Bihar,MUZAFFARPUR,2007,Whole Year,Dry chillies,16,7,0.4375
Bihar,MUZAFFARPUR,2007,Whole Year,Garlic,20,29,1.45
Bihar,MUZAFFARPUR,2007,Whole Year,Onion,417,3970,9.520383693
Bihar,MUZAFFARPUR,2007,Whole Year,Potato,5220,43698,8.371264368
Bihar,MUZAFFARPUR,2007,Whole Year,Sugarcane,1409,53512,37.9787083
Bihar,MUZAFFARPUR,2007,Whole Year,Sweet potato,70,917,13.1
Bihar,MUZAFFARPUR,2007,Whole Year,Tobacco,1210,2766,2.285950413
Bihar,MUZAFFARPUR,2007,Whole Year,Turmeric,130,143,1.1
Bihar,MUZAFFARPUR,2007,Winter,Rice,126492,11450,0.090519559
Bihar,MUZAFFARPUR,2008,Autumn,Maize,4260,6352,1.491079812
Bihar,MUZAFFARPUR,2008,Autumn,Rice,29924,37584,1.255981821
Bihar,MUZAFFARPUR,2008,Kharif,Arhar/Tur,460,708,1.539130435
Bihar,MUZAFFARPUR,2008,Kharif,Dry ginger,10,16,1.6
Bihar,MUZAFFARPUR,2008,Kharif,Mesta,314,2079,6.621019108
Bihar,MUZAFFARPUR,2008,Kharif,Moong(Green Gram),30,17,0.566666667
Bihar,MUZAFFARPUR,2008,Kharif,Potato,1286,9774,7.600311042
Bihar,MUZAFFARPUR,2008,Kharif,Ragi,309,251,0.812297735
Bihar,MUZAFFARPUR,2008,Kharif,Sannhamp,7,33.33,4.761428571
Bihar,MUZAFFARPUR,2008,Kharif,Sesamum,21,16,0.761904762
Bihar,MUZAFFARPUR,2008,Kharif,Small millets,3,2,0.666666667
Bihar,MUZAFFARPUR,2008,Kharif,Sweet potato,65,787,12.10769231
Bihar,MUZAFFARPUR,2008,Kharif,Urad,104,85,0.817307692
Bihar,MUZAFFARPUR,2008,Rabi,Barley,31,34,1.096774194
Bihar,MUZAFFARPUR,2008,Rabi,Gram,4,4,1
Bihar,MUZAFFARPUR,2008,Rabi,Khesari,719,590,0.820584145
Bihar,MUZAFFARPUR,2008,Rabi,Linseed,266,223,0.838345865
Bihar,MUZAFFARPUR,2008,Rabi,Maize,7557,18447,2.441048035
Bihar,MUZAFFARPUR,2008,Rabi,Masoor,1552,937,0.603737113
Bihar,MUZAFFARPUR,2008,Rabi,Other  Rabi pulses,409,303,0.740831296
Bihar,MUZAFFARPUR,2008,Rabi,Peas & beans (Pulses),121,120,0.991735537
Bihar,MUZAFFARPUR,2008,Rabi,Potato,5523,21264,3.850081477
Bihar,MUZAFFARPUR,2008,Rabi,Rapeseed &Mustard,3459,3307,0.956056664
Bihar,MUZAFFARPUR,2008,Rabi,Sunflower,17,23,1.352941176
Bihar,MUZAFFARPUR,2008,Rabi,Sweet potato,84,1011,12.03571429
Bihar,MUZAFFARPUR,2008,Rabi,Wheat,97796,190356,1.946459978
Bihar,MUZAFFARPUR,2008,Summer,Maize,8783,28762,3.274735284
Bihar,MUZAFFARPUR,2008,Summer,Moong(Green Gram),24110,13044,0.541020324
Bihar,MUZAFFARPUR,2008,Summer,Rice,199,339,1.703517588
Bihar,MUZAFFARPUR,2008,Whole Year,Dry chillies,101,95,0.940594059
Bihar,MUZAFFARPUR,2008,Whole Year,Garlic,82,144,1.756097561
Bihar,MUZAFFARPUR,2008,Whole Year,Onion,359,2143,5.969359331
Bihar,MUZAFFARPUR,2008,Whole Year,Sugarcane,1033,18217,17.63504356
Bihar,MUZAFFARPUR,2008,Whole Year,Turmeric,110,134,1.218181818
Bihar,MUZAFFARPUR,2008,Winter,Rice,126639,167272,1.320856924
Bihar,MUZAFFARPUR,2009,Autumn,Maize,5226,10697,2.04688098
Bihar,MUZAFFARPUR,2009,Autumn,Rice,29506,13146,0.445536501
Bihar,MUZAFFARPUR,2009,Kharif,Arhar/Tur,1299,1485,1.143187067
Bihar,MUZAFFARPUR,2009,Kharif,Mesta,168,1188,7.071428571
Bihar,MUZAFFARPUR,2009,Kharif,Other Kharif pulses,37,26,0.702702703
Bihar,MUZAFFARPUR,2009,Kharif,Ragi,325,225,0.692307692
Bihar,MUZAFFARPUR,2009,Kharif,Small millets,105,79,0.752380952
Bihar,MUZAFFARPUR,2009,Kharif,Urad,40,40,1
Bihar,MUZAFFARPUR,2009,Rabi,Barley,5,6,1.2
Bihar,MUZAFFARPUR,2009,Rabi,Khesari,186,193,1.037634409
Bihar,MUZAFFARPUR,2009,Rabi,Maize,9812,24550,2.50203832
Bihar,MUZAFFARPUR,2009,Rabi,Masoor,1197,1233,1.030075188
Bihar,MUZAFFARPUR,2009,Rabi,Peas & beans (Pulses),191,191,1
Bihar,MUZAFFARPUR,2009,Rabi,Rapeseed &Mustard,3715,3615,0.9730821
Bihar,MUZAFFARPUR,2009,Rabi,Sunflower,1,1,1
Bihar,MUZAFFARPUR,2009,Rabi,Wheat,102522,169143,1.649821502
Bihar,MUZAFFARPUR,2009,Summer,Maize,8924,16207,1.81611385
Bihar,MUZAFFARPUR,2009,Summer,Moong(Green Gram),24262,9399,0.387395928
Bihar,MUZAFFARPUR,2009,Summer,Rice,235,343,1.459574468
Bihar,MUZAFFARPUR,2009,Whole Year,Sugarcane,1123,32458,28.90293856
Bihar,MUZAFFARPUR,2009,Whole Year,Tobacco,435,812,1.866666667
Bihar,MUZAFFARPUR,2009,Winter,Rice,103429,32887,0.317966915
Bihar,MUZAFFARPUR,2010,Autumn,Maize,1977,2716,1.373798685
Bihar,MUZAFFARPUR,2010,Autumn,Rice,16857,11821,0.701251706
Bihar,MUZAFFARPUR,2010,Kharif,Arhar/Tur,1882,3322,1.765143464
Bihar,MUZAFFARPUR,2010,Kharif,Mesta,124,2131,17.18548387
Bihar,MUZAFFARPUR,2010,Kharif,Ragi,313,488,1.559105431
Bihar,MUZAFFARPUR,2010,Kharif,Safflower,6,5,0.833333333
Bihar,MUZAFFARPUR,2010,Kharif,Sesamum,31,24,0.774193548
Bihar,MUZAFFARPUR,2010,Kharif,Small millets,2,2,1
Bihar,MUZAFFARPUR,2010,Kharif,Urad,9,8,0.888888889
Bihar,MUZAFFARPUR,2010,Rabi,Barley,885,1336,1.50960452
Bihar,MUZAFFARPUR,2010,Rabi,Gram,70,73,1.042857143
Bihar,MUZAFFARPUR,2010,Rabi,Khesari,736,724,0.983695652
Bihar,MUZAFFARPUR,2010,Rabi,Linseed,186,152,0.817204301
Bihar,MUZAFFARPUR,2010,Rabi,Maize,19445,51918,2.669992286
Bihar,MUZAFFARPUR,2010,Rabi,Masoor,2170,1543,0.711059908
Bihar,MUZAFFARPUR,2010,Rabi,Other  Rabi pulses,372,276,0.741935484
Bihar,MUZAFFARPUR,2010,Rabi,Peas & beans (Pulses),215,223,1.037209302
Bihar,MUZAFFARPUR,2010,Rabi,Rapeseed &Mustard,6578,6381,0.970051687
Bihar,MUZAFFARPUR,2010,Rabi,Sunflower,35,50,1.428571429
Bihar,MUZAFFARPUR,2010,Rabi,Wheat,94060,231452,2.460684669
Bihar,MUZAFFARPUR,2010,Summer,Maize,7741,20329,2.626146493
Bihar,MUZAFFARPUR,2010,Summer,Moong(Green Gram),23438,10125,0.431990784
Bihar,MUZAFFARPUR,2010,Summer,Rice,260,439,1.688461538
Bihar,MUZAFFARPUR,2010,Whole Year,Sugarcane,4952,250383,50.56199515
Bihar,MUZAFFARPUR,2010,Whole Year,Tobacco,837,1492,1.78255675
Bihar,MUZAFFARPUR,2010,Winter,Rice,103038,48254,0.468312661
Bihar,MUZAFFARPUR,2011,Autumn,Maize,1978,4514,2.282103134
Bihar,MUZAFFARPUR,2011,Autumn,Rice,16700,27957,1.674071856
Bihar,MUZAFFARPUR,2011,Kharif,Arhar/Tur,1771,1952,1.102202146
Bihar,MUZAFFARPUR,2011,Kharif,Mesta,124,1533,12.36290323
Bihar,MUZAFFARPUR,2011,Kharif,Ragi,310,539,1.738709677
Bihar,MUZAFFARPUR,2011,Kharif,Safflower,2,2,1
Bihar,MUZAFFARPUR,2011,Kharif,Sesamum,34,31,0.911764706
Bihar,MUZAFFARPUR,2011,Kharif,Small millets,2,2,1
Bihar,MUZAFFARPUR,2011,Rabi,Barley,834,1714,2.055155875
Bihar,MUZAFFARPUR,2011,Rabi,Gram,87,113,1.298850575
Bihar,MUZAFFARPUR,2011,Rabi,Khesari,547,414,0.756855576
Bihar,MUZAFFARPUR,2011,Rabi,Linseed,142,123,0.866197183
Bihar,MUZAFFARPUR,2011,Rabi,Maize,14982,57066,3.808970765
Bihar,MUZAFFARPUR,2011,Rabi,Masoor,1767,1295,0.732880589
Bihar,MUZAFFARPUR,2011,Rabi,Other  Rabi pulses,249,276,1.108433735
Bihar,MUZAFFARPUR,2011,Rabi,Peas & beans (Pulses),157,162,1.031847134
Bihar,MUZAFFARPUR,2011,Rabi,Rapeseed &Mustard,5968,7878,1.320040214
Bihar,MUZAFFARPUR,2011,Rabi,Sunflower,16,23,1.4375
Bihar,MUZAFFARPUR,2011,Rabi,Wheat,87490,354034,4.046565322
Bihar,MUZAFFARPUR,2011,Summer,Maize,8283,31403,3.791259206
Bihar,MUZAFFARPUR,2011,Summer,Moong(Green Gram),23632,9193,0.389006432
Bihar,MUZAFFARPUR,2011,Summer,Rice,69,125,1.811594203
Bihar,MUZAFFARPUR,2011,Whole Year,Tobacco,831,1566,1.884476534
Bihar,MUZAFFARPUR,2011,Winter,Rice,115913,274156,2.365187684
Bihar,MUZAFFARPUR,2012,Autumn,Maize,2036,4210,2.067779961
Bihar,MUZAFFARPUR,2012,Autumn,Rice,16688,33833,2.027384947
Bihar,MUZAFFARPUR,2012,Kharif,Arhar/Tur,1666,2809,1.68607443
Bihar,MUZAFFARPUR,2012,Kharif,Mesta,119,402,3.378151261
Bihar,MUZAFFARPUR,2012,Kharif,Ragi,323,613,1.897832817
Bihar,MUZAFFARPUR,2012,Kharif,Sesamum,19,17,0.894736842
Bihar,MUZAFFARPUR,2012,Kharif,Small millets,16,13,0.8125
Bihar,MUZAFFARPUR,2012,Rabi,Barley,214,327,1.528037383
Bihar,MUZAFFARPUR,2012,Rabi,Gram,4,6,1.5
Bihar,MUZAFFARPUR,2012,Rabi,Linseed,75,65,0.866666667
Bihar,MUZAFFARPUR,2012,Rabi,Maize,15235,29784,1.954972104
Bihar,MUZAFFARPUR,2012,Rabi,Masoor,1867,1673,0.896089984
Bihar,MUZAFFARPUR,2012,Rabi,Peas & beans (Pulses),20,21,1.05
Bihar,MUZAFFARPUR,2012,Rabi,Rapeseed &Mustard,7784,25205,3.238052415
Bihar,MUZAFFARPUR,2012,Rabi,Sunflower,15,22,1.466666667
Bihar,MUZAFFARPUR,2012,Rabi,Wheat,93837,284587,3.032780247
Bihar,MUZAFFARPUR,2012,Summer,Maize,7826,47146,6.024278048
Bihar,MUZAFFARPUR,2012,Summer,Moong(Green Gram),23418,14613,0.624007174
Bihar,MUZAFFARPUR,2012,Summer,Rice,219,502,2.292237443
Bihar,MUZAFFARPUR,2012,Whole Year,Sugarcane,5863,455919,77.7620672
Bihar,MUZAFFARPUR,2012,Whole Year,Tobacco,848,1603,1.890330189
Bihar,MUZAFFARPUR,2012,Winter,Rice,100602,221794,2.204667899
Bihar,MUZAFFARPUR,2013,Autumn,Maize,3187,8996,2.822717289
Bihar,MUZAFFARPUR,2013,Autumn,Rice,19698,6775,0.343943548
Bihar,MUZAFFARPUR,2013,Kharif,Arhar/Tur,591,599,1.013536379
Bihar,MUZAFFARPUR,2013,Kharif,Mesta,44,290,6.590909091
Bihar,MUZAFFARPUR,2013,Kharif,Ragi,141,132,0.936170213
Bihar,MUZAFFARPUR,2013,Kharif,Sesamum,17,15,0.882352941
Bihar,MUZAFFARPUR,2013,Kharif,Small millets,2,2,1
Bihar,MUZAFFARPUR,2013,Kharif,Urad,1,1,1
Bihar,MUZAFFARPUR,2013,Rabi,Barley,2,3,1.5
Bihar,MUZAFFARPUR,2013,Rabi,Linseed,52,44,0.846153846
Bihar,MUZAFFARPUR,2013,Rabi,Maize,14641,43293,2.956970152
Bihar,MUZAFFARPUR,2013,Rabi,Masoor,1325,708,0.534339623
Bihar,MUZAFFARPUR,2013,Rabi,Peas & beans (Pulses),81,86,1.061728395
Bihar,MUZAFFARPUR,2013,Rabi,Rapeseed &Mustard,5636,4672,0.828956707
Bihar,MUZAFFARPUR,2013,Rabi,Sunflower,15,22,1.466666667
Bihar,MUZAFFARPUR,2013,Rabi,Wheat,92734,330375,3.562609183
Bihar,MUZAFFARPUR,2013,Summer,Maize,8483,41910,4.940469174
Bihar,MUZAFFARPUR,2013,Summer,Moong(Green Gram),24943,13694,0.549011747
Bihar,MUZAFFARPUR,2013,Summer,Rice,241,567,2.352697095
Bihar,MUZAFFARPUR,2013,Whole Year,Sugarcane,4462,171653,38.46996862
Bihar,MUZAFFARPUR,2013,Whole Year,Tobacco,797,1515,1.900878294
Bihar,MUZAFFARPUR,2013,Winter,Rice,111168,92726,0.834106937
Bihar,MUZAFFARPUR,2014,Autumn,Maize,29025,133734,4.60754522
Bihar,MUZAFFARPUR,2014,Autumn,Rice,31319,69515,2.219579169
Bihar,MUZAFFARPUR,2014,Kharif,Arhar/Tur,1235,1103,0.893117409
Bihar,MUZAFFARPUR,2014,Kharif,Mesta,16,207,12.9375
Bihar,MUZAFFARPUR,2014,Kharif,Ragi,36,17,0.472222222
Bihar,MUZAFFARPUR,2014,Kharif,Sesamum,15,13,0.866666667
Bihar,MUZAFFARPUR,2014,Kharif,Small millets,6,5,0.833333333
Bihar,MUZAFFARPUR,2014,Kharif,Urad,90,82,0.911111111
Bihar,MUZAFFARPUR,2014,Rabi,Barley,568,558,0.982394366
Bihar,MUZAFFARPUR,2014,Rabi,Gram,395,378,0.956962025
Bihar,MUZAFFARPUR,2014,Rabi,Khesari,196,194,0.989795918
Bihar,MUZAFFARPUR,2014,Rabi,Linseed,23,20,0.869565217
Bihar,MUZAFFARPUR,2014,Rabi,Maize,11519,24535,2.129959198
Bihar,MUZAFFARPUR,2014,Rabi,Masoor,2132,1170,0.548780488
Bihar,MUZAFFARPUR,2014,Rabi,Other  Rabi pulses,66,66,1
Bihar,MUZAFFARPUR,2014,Rabi,Peas & beans (Pulses),123,95,0.772357724
Bihar,MUZAFFARPUR,2014,Rabi,Rapeseed &Mustard,5677,4899,0.862955787
Bihar,MUZAFFARPUR,2014,Rabi,Safflower,1,1,1
Bihar,MUZAFFARPUR,2014,Rabi,Sunflower,6,9,1.5
Bihar,MUZAFFARPUR,2014,Rabi,Wheat,88358,129818,1.469227461
Bihar,MUZAFFARPUR,2014,Summer,Maize,8224,33616,4.087548638
Bihar,MUZAFFARPUR,2014,Summer,Moong(Green Gram),24487,12635,0.515988075
Bihar,MUZAFFARPUR,2014,Summer,Rice,160,361,2.25625
Bihar,MUZAFFARPUR,2014,Whole Year,Sugarcane,3004,151408,50.40213049
Bihar,MUZAFFARPUR,2014,Whole Year,Tobacco,462,815,1.764069264
Bihar,MUZAFFARPUR,2014,Winter,Rice,108886,215461,1.978775968
Bihar,NALANDA,1997,Kharif,Arhar/Tur,359,745,2.075208914
Bihar,NALANDA,1997,Kharif,Groundnut,5,2,0.4
Bihar,NALANDA,1997,Kharif,Maize,1793,172,0.095928611
Bihar,NALANDA,1997,Kharif,Other Kharif pulses,2,1,0.5
Bihar,NALANDA,1997,Kharif,Sesamum,12,7,0.583333333
Bihar,NALANDA,1997,Kharif,Small millets,18,15,0.833333333
Bihar,NALANDA,1997,Rabi,Barley,283,352,1.243816254
Bihar,NALANDA,1997,Rabi,Gram,6695,2196,0.328005975
Bihar,NALANDA,1997,Rabi,Linseed,243,180,0.740740741
Bihar,NALANDA,1997,Rabi,Maize,1077,1681,1.560817084
Bihar,NALANDA,1997,Rabi,Other  Rabi pulses,275,157,0.570909091
Bihar,NALANDA,1997,Rabi,Rapeseed &Mustard,1954,1512,0.773797339
Bihar,NALANDA,1997,Rabi,Sunflower,161,121,0.751552795
Bihar,NALANDA,1997,Rabi,Wheat,81934,160425,1.957978373
Bihar,NALANDA,1997,Summer,Maize,1812,4052,2.236203091
Bihar,NALANDA,1997,Summer,Rice,83,167,2.012048193
Bihar,NALANDA,1997,Whole Year,Coriander,347,180,0.518731988
Bihar,NALANDA,1997,Whole Year,Dry chillies,45,38,0.844444444
Bihar,NALANDA,1997,Whole Year,Garlic,8,11,1.375
Bihar,NALANDA,1997,Whole Year,Onion,909,7181,7.899889989
Bihar,NALANDA,1997,Whole Year,Potato,3955,40895,10.34007585
Bihar,NALANDA,1997,Whole Year,Ragi,66,58,0.878787879
Bihar,NALANDA,1997,Whole Year,Sannhamp,106,52,0.490566038
Bihar,NALANDA,1997,Whole Year,Sugarcane,148,7180,48.51351351
Bihar,NALANDA,1997,Winter,Rice,107219,118067,1.101176098
Bihar,NALANDA,1998,Kharif,Arhar/Tur,505,789,1.562376238
Bihar,NALANDA,1998,Kharif,Groundnut,22,11,0.5
Bihar,NALANDA,1998,Kharif,Maize,2331,4554,1.953667954
Bihar,NALANDA,1998,Kharif,Other Kharif pulses,37,18,0.486486486
Bihar,NALANDA,1998,Kharif,Ragi,101,86,0.851485149
Bihar,NALANDA,1998,Kharif,Sesamum,12,7,0.583333333
Bihar,NALANDA,1998,Kharif,Small millets,3,3,1
Bihar,NALANDA,1998,Kharif,Sunflower,250,197,0.788
Bihar,NALANDA,1998,Rabi,Barley,267,391,1.464419476
Bihar,NALANDA,1998,Rabi,Gram,5902,5831,0.98797018
Bihar,NALANDA,1998,Rabi,Linseed,394,195,0.494923858
Bihar,NALANDA,1998,Rabi,Maize,931,2777,2.982814178
Bihar,NALANDA,1998,Rabi,Other  Rabi pulses,20095,17768,0.88420005
Bihar,NALANDA,1998,Rabi,Rapeseed &Mustard,1938,1202,0.620227038
Bihar,NALANDA,1998,Rabi,Wheat,85011,211283,2.485360718
Bihar,NALANDA,1998,Summer,Maize,1636,5477,3.347799511
Bihar,NALANDA,1998,Summer,Rice,17,38,2.235294118
Bihar,NALANDA,1998,Whole Year,Coriander,405,248,0.612345679
Bihar,NALANDA,1998,Whole Year,Dry chillies,51,63,1.235294118
Bihar,NALANDA,1998,Whole Year,Garlic,33,48,1.454545455
Bihar,NALANDA,1998,Whole Year,Onion,1639,14308,8.72971324
Bihar,NALANDA,1998,Whole Year,Potato,4922,54276,11.02722471
Bihar,NALANDA,1998,Whole Year,Sannhamp,193,95,0.492227979
Bihar,NALANDA,1998,Whole Year,Sugarcane,85,2387,28.08235294
Bihar,NALANDA,1998,Winter,Rice,113571,200705,1.767220505
Bihar,NALANDA,1999,Kharif,Arhar/Tur,375,365,0.973333333
Bihar,NALANDA,1999,Kharif,Groundnut,6,3,0.5
Bihar,NALANDA,1999,Kharif,Jowar,257,376,1.463035019
Bihar,NALANDA,1999,Kharif,Maize,2144,3925,1.830690299
Bihar,NALANDA,1999,Kharif,Moong(Green Gram),135,75,0.555555556
Bihar,NALANDA,1999,Kharif,Ragi,112,110,0.982142857
Bihar,NALANDA,1999,Kharif,Sesamum,19,10,0.526315789
Bihar,NALANDA,1999,Kharif,Sunflower,304,273,0.898026316
Bihar,NALANDA,1999,Rabi,Gram,3939,4187,1.062960142
Bihar,NALANDA,1999,Rabi,Khesari,6229,4254,0.68293466
Bihar,NALANDA,1999,Rabi,Linseed,313,162,0.517571885
Bihar,NALANDA,1999,Rabi,Maize,916,2756,3.008733624
Bihar,NALANDA,1999,Rabi,Masoor,11333,15708,1.386040766
Bihar,NALANDA,1999,Rabi,Moong(Green Gram),161,64,0.397515528
Bihar,NALANDA,1999,Rabi,Peas & beans (Pulses),272,185,0.680147059
Bihar,NALANDA,1999,Rabi,Rapeseed &Mustard,1795,1501,0.836211699
Bihar,NALANDA,1999,Rabi,Wheat,83946,203217,2.420806233
Bihar,NALANDA,1999,Summer,Maize,2011,4880,2.426653406
Bihar,NALANDA,1999,Summer,Rice,1,2,2
Bihar,NALANDA,1999,Whole Year,Coriander,77,40,0.519480519
Bihar,NALANDA,1999,Whole Year,Dry chillies,90,129,1.433333333
Bihar,NALANDA,1999,Whole Year,Garlic,16,23,1.4375
Bihar,NALANDA,1999,Whole Year,Onion,1621,33198,20.47995065
Bihar,NALANDA,1999,Whole Year,Potato,4225,46299,10.9583432
Bihar,NALANDA,1999,Whole Year,Sugarcane,126,4213,33.43650794
Bihar,NALANDA,2000,Autumn,Rice,123926,116419,0.939423527
Bihar,NALANDA,2000,Kharif,Arhar/Tur,404,1052,2.603960396
Bihar,NALANDA,2000,Kharif,Groundnut,15,17,1.133333333
Bihar,NALANDA,2000,Kharif,Maize,2195,3077,1.401822323
Bihar,NALANDA,2000,Kharif,Moong(Green Gram),170,121,0.711764706
Bihar,NALANDA,2000,Kharif,Ragi,90,99,1.1
Bihar,NALANDA,2000,Kharif,Sesamum,32,18,0.5625
Bihar,NALANDA,2000,Kharif,Small millets,12,7,0.583333333
Bihar,NALANDA,2000,Kharif,Sunflower,43,69,1.604651163
Bihar,NALANDA,2000,Rabi,Barley,410,524,1.27804878
Bihar,NALANDA,2000,Rabi,Gram,5493,5301,0.965046423
Bihar,NALANDA,2000,Rabi,Khesari,11940,10865,0.909966499
Bihar,NALANDA,2000,Rabi,Linseed,340,184,0.541176471
Bihar,NALANDA,2000,Rabi,Maize,443,684,1.544018059
Bihar,NALANDA,2000,Rabi,Masoor,11947,13058,1.092994057
Bihar,NALANDA,2000,Rabi,Moong(Green Gram),162,94,0.580246914
Bihar,NALANDA,2000,Rabi,Peas & beans (Pulses),204,126,0.617647059
Bihar,NALANDA,2000,Rabi,Rapeseed &Mustard,1304,1878,1.440184049
Bihar,NALANDA,2000,Rabi,Wheat,88154,177138,2.009415341
Bihar,NALANDA,2000,Summer,Maize,1369,4292,3.135135135
Bihar,NALANDA,2000,Whole Year,Coriander,104,61,0.586538462
Bihar,NALANDA,2000,Whole Year,Dry chillies,35,64,1.828571429
Bihar,NALANDA,2000,Whole Year,Garlic,25,31,1.24
Bihar,NALANDA,2000,Whole Year,Onion,1383,13885,10.03976862
Bihar,NALANDA,2000,Whole Year,Potato,3983,54247,13.61963344
Bihar,NALANDA,2000,Whole Year,Sugarcane,101,3309,32.76237624
Bihar,NALANDA,2001,Autumn,Maize,1904,4448,2.336134454
Bihar,NALANDA,2001,Autumn,Rice,87819,132648,1.510470399
Bihar,NALANDA,2001,Kharif,Arhar/Tur,366,366,1
Bihar,NALANDA,2001,Kharif,Groundnut,33,16,0.484848485
Bihar,NALANDA,2001,Kharif,Moong(Green Gram),77,47,0.61038961
Bihar,NALANDA,2001,Kharif,Ragi,49,43,0.87755102
Bihar,NALANDA,2001,Kharif,Sesamum,20,11,0.55
Bihar,NALANDA,2001,Kharif,Small millets,16,13,0.8125
Bihar,NALANDA,2001,Kharif,Sunflower,136,155,1.139705882
Bihar,NALANDA,2001,Rabi,Barley,385,547,1.420779221
Bihar,NALANDA,2001,Rabi,Gram,4831,2623,0.54295177
Bihar,NALANDA,2001,Rabi,Khesari,11616,4263,0.366993802
Bihar,NALANDA,2001,Rabi,Linseed,215,178,0.827906977
Bihar,NALANDA,2001,Rabi,Maize,536,785,1.464552239
Bihar,NALANDA,2001,Rabi,Masoor,12508,4103,0.328030061
Bihar,NALANDA,2001,Rabi,Peas & beans (Pulses),197,194,0.984771574
Bihar,NALANDA,2001,Rabi,Rapeseed &Mustard,1306,1346,1.030627871
Bihar,NALANDA,2001,Rabi,Wheat,101255,189805,1.874524715
Bihar,NALANDA,2001,Summer,Maize,1285,3604,2.804669261
Bihar,NALANDA,2001,Whole Year,Coriander,42,24,0.571428571
Bihar,NALANDA,2001,Whole Year,Dry chillies,71,106,1.492957746
Bihar,NALANDA,2001,Whole Year,Garlic,16,23,1.4375
Bihar,NALANDA,2001,Whole Year,Onion,1022,6878,6.729941292
Bihar,NALANDA,2001,Whole Year,Potato,4134,60960,14.74600871
Bihar,NALANDA,2001,Whole Year,Sugarcane,129,5205,40.34883721
Bihar,NALANDA,2002,Autumn,Maize,2010,2463,1.225373134
Bihar,NALANDA,2002,Kharif,Arhar/Tur,379,304,0.802110818
Bihar,NALANDA,2002,Kharif,Groundnut,35,17,0.485714286
Bihar,NALANDA,2002,Kharif,Moong(Green Gram),69,44,0.637681159
Bihar,NALANDA,2002,Kharif,Ragi,54,37,0.685185185
Bihar,NALANDA,2002,Kharif,Sesamum,49,37,0.755102041
Bihar,NALANDA,2002,Kharif,Small millets,26,20,0.769230769
Bihar,NALANDA,2002,Kharif,Sunflower,39,50,1.282051282
Bihar,NALANDA,2002,Rabi,Barley,391,631,1.613810742
Bihar,NALANDA,2002,Rabi,Gram,5023,4224,0.840931714
Bihar,NALANDA,2002,Rabi,Khesari,11188,7630,0.681980694
Bihar,NALANDA,2002,Rabi,Linseed,200,163,0.815
Bihar,NALANDA,2002,Rabi,Maize,583,1235,2.118353345
Bihar,NALANDA,2002,Rabi,Masoor,13068,11408,0.872972146
Bihar,NALANDA,2002,Rabi,Peas & beans (Pulses),200,174,0.87
Bihar,NALANDA,2002,Rabi,Rapeseed &Mustard,1393,1007,0.722900215
Bihar,NALANDA,2002,Rabi,Wheat,83416,157880,1.892682459
Bihar,NALANDA,2002,Summer,Maize,1557,4375,2.809890816
Bihar,NALANDA,2002,Summer,Moong(Green Gram),174,106,0.609195402
Bihar,NALANDA,2002,Whole Year,Coriander,58,37,0.637931034
Bihar,NALANDA,2002,Whole Year,Dry chillies,67,48,0.71641791
Bihar,NALANDA,2002,Whole Year,Dry ginger,4,6,1.5
Bihar,NALANDA,2002,Whole Year,Garlic,20,30,1.5
Bihar,NALANDA,2002,Whole Year,Onion,1136,9667,8.509683099
Bihar,NALANDA,2002,Whole Year,Potato,4517,85810,18.99712198
Bihar,NALANDA,2002,Whole Year,Sannhamp,140,100,0.714285714
Bihar,NALANDA,2002,Whole Year,Sugarcane,153,5746,37.55555556
Bihar,NALANDA,2002,Whole Year,Turmeric,2,2,1
Bihar,NALANDA,2002,Winter,Rice,93295,83225,0.892062812
Bihar,NALANDA,2003,Autumn,Rice,2,2,1
Bihar,NALANDA,2003,Kharif,Arhar/Tur,426,413,0.969483568
Bihar,NALANDA,2003,Kharif,Groundnut,57,28,0.49122807
Bihar,NALANDA,2003,Kharif,Horse-gram,5,4,0.8
Bihar,NALANDA,2003,Kharif,Maize,2205,2936,1.331519274
Bihar,NALANDA,2003,Kharif,Moong(Green Gram),73,41,0.561643836
Bihar,NALANDA,2003,Kharif,Other Kharif pulses,11,6,0.545454545
Bihar,NALANDA,2003,Kharif,Ragi,55,37,0.672727273
Bihar,NALANDA,2003,Kharif,Sesamum,56,44,0.785714286
Bihar,NALANDA,2003,Kharif,Small millets,25,20,0.8
Bihar,NALANDA,2003,Kharif,Sunflower,53,72,1.358490566
Bihar,NALANDA,2003,Kharif,Urad,26,19,0.730769231
Bihar,NALANDA,2003,Rabi,Barley,387,437,1.129198966
Bihar,NALANDA,2003,Rabi,Gram,5197,3804,0.731960747
Bihar,NALANDA,2003,Rabi,Khesari,11191,12691,1.134036279
Bihar,NALANDA,2003,Rabi,Linseed,208,164,0.788461538
Bihar,NALANDA,2003,Rabi,Maize,662,1723,2.602719033
Bihar,NALANDA,2003,Rabi,Masoor,12418,10369,0.834997584
Bihar,NALANDA,2003,Rabi,Peas & beans (Pulses),192,181,0.942708333
Bihar,NALANDA,2003,Rabi,Rapeseed &Mustard,958,709,0.740083507
Bihar,NALANDA,2003,Rabi,Wheat,83849,124225,1.481532278
Bihar,NALANDA,2003,Summer,Maize,1581,4225,2.672359266
Bihar,NALANDA,2003,Summer,Moong(Green Gram),150,74,0.493333333
Bihar,NALANDA,2003,Whole Year,Coriander,30,21,0.7
Bihar,NALANDA,2003,Whole Year,Dry chillies,11,11,1
Bihar,NALANDA,2003,Whole Year,Garlic,3,4,1.333333333
Bihar,NALANDA,2003,Whole Year,Onion,1189,21414,18.01009251
Bihar,NALANDA,2003,Whole Year,Potato,4450,66876,15.02831461
Bihar,NALANDA,2003,Whole Year,Sannhamp,137,98,0.715328467
Bihar,NALANDA,2003,Whole Year,Sugarcane,172,5978,34.75581395
Bihar,NALANDA,2003,Whole Year,Turmeric,2,2,1
Bihar,NALANDA,2003,Winter,Rice,99064,96889,0.978044496
Bihar,NALANDA,2004,Autumn,Rice,2,2,1
Bihar,NALANDA,2004,Kharif,Arhar/Tur,404,323,0.79950495
Bihar,NALANDA,2004,Kharif,Groundnut,74,37,0.5
Bihar,NALANDA,2004,Kharif,Maize,2257,857,0.379707576
Bihar,NALANDA,2004,Kharif,Moong(Green Gram),73,47,0.643835616
Bihar,NALANDA,2004,Kharif,Other Kharif pulses,9,5,0.555555556
Bihar,NALANDA,2004,Kharif,Ragi,51,34,0.666666667
Bihar,NALANDA,2004,Kharif,Sesamum,54,44,0.814814815
Bihar,NALANDA,2004,Kharif,Small millets,26,21,0.807692308
Bihar,NALANDA,2004,Kharif,Sunflower,46,67,1.456521739
Bihar,NALANDA,2004,Kharif,Urad,29,27,0.931034483
Bihar,NALANDA,2004,Rabi,Barley,333,397,1.192192192
Bihar,NALANDA,2004,Rabi,Gram,4751,4661,0.98105662
Bihar,NALANDA,2004,Rabi,Khesari,11224,5578,0.496970777
Bihar,NALANDA,2004,Rabi,Linseed,204,193,0.946078431
Bihar,NALANDA,2004,Rabi,Maize,666,3263,4.899399399
Bihar,NALANDA,2004,Rabi,Masoor,12704,6301,0.495985516
Bihar,NALANDA,2004,Rabi,Peas & beans (Pulses),191,164,0.858638743
Bihar,NALANDA,2004,Rabi,Rapeseed &Mustard,900,383,0.425555556
Bihar,NALANDA,2004,Rabi,Wheat,81480,67059,0.823011782
Bihar,NALANDA,2004,Summer,Maize,1628,5528,3.395577396
Bihar,NALANDA,2004,Summer,Moong(Green Gram),148,82,0.554054054
Bihar,NALANDA,2004,Whole Year,Coriander,30,20,0.666666667
Bihar,NALANDA,2004,Whole Year,Dry chillies,11,6,0.545454545
Bihar,NALANDA,2004,Whole Year,Garlic,3,5,1.666666667
Bihar,NALANDA,2004,Whole Year,Onion,1209,13480,11.1497105
Bihar,NALANDA,2004,Whole Year,Potato,4292,39855,9.285880708
Bihar,NALANDA,2004,Whole Year,Sannhamp,140,113,0.807142857
Bihar,NALANDA,2004,Whole Year,Sugarcane,169,7021,41.5443787
Bihar,NALANDA,2004,Whole Year,Turmeric,2,2,1
Bihar,NALANDA,2004,Winter,Rice,94059,17097,0.18176889
Bihar,NALANDA,2005,Autumn,Rice,44,45,1.022727273
Bihar,NALANDA,2005,Kharif,Arhar/Tur,268,503,1.876865672
Bihar,NALANDA,2005,Kharif,Groundnut,169,84,0.49704142
Bihar,NALANDA,2005,Kharif,Maize,2462,934,0.379366369
Bihar,NALANDA,2005,Kharif,Moong(Green Gram),41,23,0.56097561
Bihar,NALANDA,2005,Kharif,Other Kharif pulses,80,46,0.575
Bihar,NALANDA,2005,Kharif,Ragi,56,50,0.892857143
Bihar,NALANDA,2005,Kharif,Sesamum,29,26,0.896551724
Bihar,NALANDA,2005,Kharif,Small millets,25,19,0.76
Bihar,NALANDA,2005,Kharif,Sunflower,74,97,1.310810811
Bihar,NALANDA,2005,Rabi,Barley,284,379,1.334507042
Bihar,NALANDA,2005,Rabi,Gram,4019,3372,0.83901468
Bihar,NALANDA,2005,Rabi,Khesari,5423,3097,0.571086115
Bihar,NALANDA,2005,Rabi,Linseed,94,80,0.85106383
Bihar,NALANDA,2005,Rabi,Maize,924,2265,2.451298701
Bihar,NALANDA,2005,Rabi,Masoor,11930,8124,0.680972339
Bihar,NALANDA,2005,Rabi,Peas & beans (Pulses),173,158,0.913294798
Bihar,NALANDA,2005,Rabi,Rapeseed &Mustard,1183,450,0.380388842
Bihar,NALANDA,2005,Rabi,Wheat,82342,130284,1.582230211
Bihar,NALANDA,2005,Summer,Maize,1378,3275,2.376632801
Bihar,NALANDA,2005,Summer,Moong(Green Gram),185,106,0.572972973
Bihar,NALANDA,2005,Whole Year,Coriander,45,35,0.777777778
Bihar,NALANDA,2005,Whole Year,Dry chillies,66,56,0.848484848
Bihar,NALANDA,2005,Whole Year,Garlic,4,6,1.5
Bihar,NALANDA,2005,Whole Year,Onion,739,8122,10.99052774
Bihar,NALANDA,2005,Whole Year,Potato,4196,38849,9.2585796
Bihar,NALANDA,2005,Whole Year,Sannhamp,150,85,0.566666667
Bihar,NALANDA,2005,Whole Year,Sugarcane,182,7651,42.03846154
Bihar,NALANDA,2005,Whole Year,Turmeric,2,2,1
Bihar,NALANDA,2005,Winter,Rice,102788,47541,0.46251508
Bihar,NALANDA,2006,Autumn,Rice,35,38,1.085714286
Bihar,NALANDA,2006,Kharif,Arhar/Tur,263,399,1.517110266
Bihar,NALANDA,2006,Kharif,Maize,2858,936,0.327501749
Bihar,NALANDA,2006,Kharif,Moong(Green Gram),76,44,0.578947368
Bihar,NALANDA,2006,Kharif,Ragi,54,47,0.87037037
Bihar,NALANDA,2006,Kharif,Sannhamp,142,81,0.570422535
Bihar,NALANDA,2006,Kharif,Sesamum,115,92,0.8
Bihar,NALANDA,2006,Rabi,Barley,271,320,1.180811808
Bihar,NALANDA,2006,Rabi,Gram,3321,3165,0.953026197
Bihar,NALANDA,2006,Rabi,Khesari,4610,3388,0.734924078
Bihar,NALANDA,2006,Rabi,Linseed,169,144,0.852071006
Bihar,NALANDA,2006,Rabi,Maize,751,1912,2.545938748
Bihar,NALANDA,2006,Rabi,Masoor,11436,8291,0.724991256
Bihar,NALANDA,2006,Rabi,Peas & beans (Pulses),185,171,0.924324324
Bihar,NALANDA,2006,Rabi,Rapeseed &Mustard,1014,787,0.776134122
Bihar,NALANDA,2006,Rabi,Sunflower,62,80,1.290322581
Bihar,NALANDA,2006,Rabi,Wheat,82238,157209,1.911634524
Bihar,NALANDA,2006,Summer,Maize,1364,4999,3.664956012
Bihar,NALANDA,2006,Summer,Moong(Green Gram),161,85,0.527950311
Bihar,NALANDA,2006,Winter,Rice,95350,227208,2.382884111
Bihar,NALANDA,2007,Autumn,Maize,4222,2998,0.710090005
Bihar,NALANDA,2007,Autumn,Rice,50,29,0.58
Bihar,NALANDA,2007,Kharif,Arhar/Tur,1463,3058,2.090225564
Bihar,NALANDA,2007,Kharif,Groundnut,92,62,0.673913043
Bihar,NALANDA,2007,Kharif,Mesta,1,9,9
Bihar,NALANDA,2007,Kharif,Moong(Green Gram),109,60,0.550458716
Bihar,NALANDA,2007,Kharif,Other Kharif pulses,39,27,0.692307692
Bihar,NALANDA,2007,Kharif,Ragi,58,35,0.603448276
Bihar,NALANDA,2007,Kharif,Sannhamp,124,477.77,3.852983871
Bihar,NALANDA,2007,Kharif,Sesamum,79,56,0.708860759
Bihar,NALANDA,2007,Kharif,Small millets,6,5,0.833333333
Bihar,NALANDA,2007,Rabi,Barley,451,709,1.572062084
Bihar,NALANDA,2007,Rabi,Gram,5612,5180,0.923022096
Bihar,NALANDA,2007,Rabi,Khesari,2940,2955,1.005102041
Bihar,NALANDA,2007,Rabi,Linseed,24,20,0.833333333
Bihar,NALANDA,2007,Rabi,Maize,987,2259,2.288753799
Bihar,NALANDA,2007,Rabi,Masoor,12340,9897,0.802025932
Bihar,NALANDA,2007,Rabi,Peas & beans (Pulses),394,365,0.926395939
Bihar,NALANDA,2007,Rabi,Rapeseed &Mustard,1620,1740,1.074074074
Bihar,NALANDA,2007,Rabi,Sunflower,189,267,1.412698413
Bihar,NALANDA,2007,Rabi,Wheat,67321,136626,2.029470745
Bihar,NALANDA,2007,Summer,Maize,2538,10139,3.994877857
Bihar,NALANDA,2007,Summer,Moong(Green Gram),300,180,0.6
Bihar,NALANDA,2007,Summer,Rice,85,122,1.435294118
Bihar,NALANDA,2007,Whole Year,Coriander,54,39,0.722222222
Bihar,NALANDA,2007,Whole Year,Dry chillies,53,24,0.452830189
Bihar,NALANDA,2007,Whole Year,Garlic,3,4,1.333333333
Bihar,NALANDA,2007,Whole Year,Onion,1216,16915,13.91036184
Bihar,NALANDA,2007,Whole Year,Potato,4446,29845,6.712775529
Bihar,NALANDA,2007,Whole Year,Sugarcane,171,7251,42.40350877
Bihar,NALANDA,2007,Winter,Rice,90072,118522,1.315858424
Bihar,NALANDA,2008,Autumn,Maize,4617,2086,0.451808534
Bihar,NALANDA,2008,Autumn,Rice,50,67,1.34
Bihar,NALANDA,2008,Kharif,Arhar/Tur,1585,2552,1.610094637
Bihar,NALANDA,2008,Kharif,Groundnut,74,37,0.5
Bihar,NALANDA,2008,Kharif,Moong(Green Gram),107,71,0.663551402
Bihar,NALANDA,2008,Kharif,Other Kharif pulses,54,31,0.574074074
Bihar,NALANDA,2008,Kharif,Potato,1295,6048,4.67027027
Bihar,NALANDA,2008,Kharif,Ragi,63,51,0.80952381
Bihar,NALANDA,2008,Kharif,Sannhamp,140,538.88,3.849142857
Bihar,NALANDA,2008,Kharif,Sesamum,98,81,0.826530612
Bihar,NALANDA,2008,Kharif,Small millets,29,22,0.75862069
Bihar,NALANDA,2008,Rabi,Barley,503,706,1.403578529
Bihar,NALANDA,2008,Rabi,Gram,4390,3710,0.845102506
Bihar,NALANDA,2008,Rabi,Khesari,3074,2496,0.811971373
Bihar,NALANDA,2008,Rabi,Linseed,70,60,0.857142857
Bihar,NALANDA,2008,Rabi,Maize,877,832,0.948688712
Bihar,NALANDA,2008,Rabi,Masoor,13303,12146,0.913027137
Bihar,NALANDA,2008,Rabi,Other  Rabi pulses,16,12,0.75
Bihar,NALANDA,2008,Rabi,Peas & beans (Pulses),394,379,0.961928934
Bihar,NALANDA,2008,Rabi,Potato,3071,11639,3.789970694
Bihar,NALANDA,2008,Rabi,Rapeseed &Mustard,1354,1068,0.788774003
Bihar,NALANDA,2008,Rabi,Sunflower,189,267,1.412698413
Bihar,NALANDA,2008,Rabi,Wheat,67000,108442,1.618537313
Bihar,NALANDA,2008,Summer,Maize,2730,8896,3.258608059
Bihar,NALANDA,2008,Summer,Moong(Green Gram),300,201,0.67
Bihar,NALANDA,2008,Whole Year,Dry chillies,57,36,0.631578947
Bihar,NALANDA,2008,Whole Year,Garlic,6,9,1.5
Bihar,NALANDA,2008,Whole Year,Onion,1216,23517,19.33963816
Bihar,NALANDA,2008,Whole Year,Sugarcane,190,10438,54.93684211
Bihar,NALANDA,2008,Whole Year,Turmeric,2,2,1
Bihar,NALANDA,2008,Winter,Rice,87248,121433,1.391814139
Bihar,NALANDA,2009,Autumn,Maize,3662,5490,1.499180776
Bihar,NALANDA,2009,Autumn,Rice,186,178,0.956989247
Bihar,NALANDA,2009,Kharif,Arhar/Tur,266,390,1.466165414
Bihar,NALANDA,2009,Kharif,Moong(Green Gram),124,82,0.661290323
Bihar,NALANDA,2009,Kharif,Other Kharif pulses,12,8,0.666666667
Bihar,NALANDA,2009,Kharif,Ragi,28,23,0.821428571
Bihar,NALANDA,2009,Kharif,Small millets,1,1,1
Bihar,NALANDA,2009,Kharif,Urad,35,35,1
Bihar,NALANDA,2009,Rabi,Barley,140,189,1.35
Bihar,NALANDA,2009,Rabi,Gram,3729,4143,1.111021722
Bihar,NALANDA,2009,Rabi,Khesari,3393,4034,1.188918361
Bihar,NALANDA,2009,Rabi,Linseed,11,9,0.818181818
Bihar,NALANDA,2009,Rabi,Maize,963,728,0.755970924
Bihar,NALANDA,2009,Rabi,Masoor,21156,19294,0.911987143
Bihar,NALANDA,2009,Rabi,Peas & beans (Pulses),465,465,1
Bihar,NALANDA,2009,Rabi,Rapeseed &Mustard,1775,2107,1.187042254
Bihar,NALANDA,2009,Rabi,Sunflower,115,162,1.408695652
Bihar,NALANDA,2009,Rabi,Wheat,82913,128208,1.546295515
Bihar,NALANDA,2009,Summer,Maize,1718,5330,3.102444703
Bihar,NALANDA,2009,Summer,Moong(Green Gram),372,161,0.432795699
Bihar,NALANDA,2009,Summer,Rice,17,33,1.941176471
Bihar,NALANDA,2009,Whole Year,Sugarcane,112,3434,30.66071429
Bihar,NALANDA,2009,Winter,Rice,60375,56135,0.929772257
Bihar,NALANDA,2010,Autumn,Maize,4070,5316,1.306142506
Bihar,NALANDA,2010,Kharif,Arhar/Tur,292,680,2.328767123
Bihar,NALANDA,2010,Kharif,Groundnut,14,14,1
Bihar,NALANDA,2010,Kharif,Moong(Green Gram),395,258,0.653164557
Bihar,NALANDA,2010,Kharif,Ragi,16,16,1
Bihar,NALANDA,2010,Kharif,Urad,47,41,0.872340426
Bihar,NALANDA,2010,Rabi,Barley,256,378,1.4765625
Bihar,NALANDA,2010,Rabi,Gram,4386,5061,1.153898769
Bihar,NALANDA,2010,Rabi,Khesari,2539,2973,1.170933438
Bihar,NALANDA,2010,Rabi,Maize,942,2824,2.997876858
Bihar,NALANDA,2010,Rabi,Masoor,15175,16677,1.098978583
Bihar,NALANDA,2010,Rabi,Peas & beans (Pulses),349,361,1.034383954
Bihar,NALANDA,2010,Rabi,Rapeseed &Mustard,2027,4263,2.103108041
Bihar,NALANDA,2010,Rabi,Sunflower,152,218,1.434210526
Bihar,NALANDA,2010,Rabi,Wheat,69087,144613,2.093201326
Bihar,NALANDA,2010,Summer,Maize,2347,9138,3.89348104
Bihar,NALANDA,2010,Summer,Moong(Green Gram),636,343,0.539308176
Bihar,NALANDA,2010,Summer,Rice,90,175,1.944444444
Bihar,NALANDA,2010,Whole Year,Sugarcane,203,5026,24.75862069
Bihar,NALANDA,2010,Winter,Rice,68335,74082,1.084100388
Bihar,NALANDA,2011,Autumn,Maize,3029,10889,3.594915814
Bihar,NALANDA,2011,Autumn,Rice,303,482,1.590759076
Bihar,NALANDA,2011,Kharif,Arhar/Tur,336,581,1.729166667
Bihar,NALANDA,2011,Kharif,Groundnut,82,84,1.024390244
Bihar,NALANDA,2011,Kharif,Moong(Green Gram),46,28,0.608695652
Bihar,NALANDA,2011,Kharif,Other Kharif pulses,22,21,0.954545455
Bihar,NALANDA,2011,Kharif,Ragi,14,17,1.214285714
Bihar,NALANDA,2011,Kharif,Safflower,152,122,0.802631579
Bihar,NALANDA,2011,Kharif,Urad,14,12,0.857142857
Bihar,NALANDA,2011,Rabi,Barley,99,167,1.686868687
Bihar,NALANDA,2011,Rabi,Gram,3576,3397,0.949944072
Bihar,NALANDA,2011,Rabi,Khesari,3230,5717,1.76996904
Bihar,NALANDA,2011,Rabi,Linseed,5,4,0.8
Bihar,NALANDA,2011,Rabi,Maize,1023,3274,3.200391007
Bihar,NALANDA,2011,Rabi,Masoor,15150,9135,0.602970297
Bihar,NALANDA,2011,Rabi,Other  Rabi pulses,20,22,1.1
Bihar,NALANDA,2011,Rabi,Peas & beans (Pulses),839,865,1.030989273
Bihar,NALANDA,2011,Rabi,Rapeseed &Mustard,2340,3435,1.467948718
Bihar,NALANDA,2011,Rabi,Sunflower,155,225,1.451612903
Bihar,NALANDA,2011,Rabi,Wheat,78592,222124,2.826292752
Bihar,NALANDA,2011,Summer,Maize,2050,9357,4.564390244
Bihar,NALANDA,2011,Summer,Moong(Green Gram),798,479,0.600250627
Bihar,NALANDA,2011,Winter,Rice,126188,347211,2.751537389
Bihar,NALANDA,2012,Autumn,Maize,3778,9291,2.459237692
Bihar,NALANDA,2012,Kharif,Arhar/Tur,460,607,1.319565217
Bihar,NALANDA,2012,Kharif,Groundnut,60,61,1.016666667
Bihar,NALANDA,2012,Kharif,Moong(Green Gram),344,313,0.909883721
Bihar,NALANDA,2012,Kharif,Other Kharif pulses,2,2,1
Bihar,NALANDA,2012,Kharif,Ragi,28,33,1.178571429
Bihar,NALANDA,2012,Kharif,Urad,9,8,0.888888889
Bihar,NALANDA,2012,Rabi,Barley,99,162,1.636363636
Bihar,NALANDA,2012,Rabi,Gram,3929,6165,1.569101553
Bihar,NALANDA,2012,Rabi,Khesari,3014,3138,1.04114134
Bihar,NALANDA,2012,Rabi,Maize,1089,4180,3.838383838
Bihar,NALANDA,2012,Rabi,Masoor,11895,15273,1.283984868
Bihar,NALANDA,2012,Rabi,Peas & beans (Pulses),589,613,1.040747029
Bihar,NALANDA,2012,Rabi,Rapeseed &Mustard,1834,3446,1.878953108
Bihar,NALANDA,2012,Rabi,Sunflower,92,134,1.456521739
Bihar,NALANDA,2012,Rabi,Wheat,84550,233793,2.765144885
Bihar,NALANDA,2012,Summer,Maize,2352,13687,5.819302721
Bihar,NALANDA,2012,Summer,Moong(Green Gram),705,440,0.624113475
Bihar,NALANDA,2012,Whole Year,Sugarcane,312,15526,49.76282051
Bihar,NALANDA,2012,Winter,Rice,112084,281071,2.507681739
Bihar,NALANDA,2013,Autumn,Maize,2494,6652,2.667201283
Bihar,NALANDA,2013,Kharif,Arhar/Tur,463,874,1.887688985
Bihar,NALANDA,2013,Kharif,Groundnut,7,7,1
Bihar,NALANDA,2013,Kharif,Moong(Green Gram),270,238,0.881481481
Bihar,NALANDA,2013,Kharif,Ragi,1,1,1
Bihar,NALANDA,2013,Kharif,Urad,8,7,0.875
Bihar,NALANDA,2013,Rabi,Barley,91,130,1.428571429
Bihar,NALANDA,2013,Rabi,Gram,4808,4471,0.929908486
Bihar,NALANDA,2013,Rabi,Khesari,3743,3230,0.862944162
Bihar,NALANDA,2013,Rabi,Linseed,17,14,0.823529412
Bihar,NALANDA,2013,Rabi,Maize,886,3346,3.776523702
Bihar,NALANDA,2013,Rabi,Masoor,12551,15438,1.230021512
Bihar,NALANDA,2013,Rabi,Peas & beans (Pulses),514,643,1.250972763
Bihar,NALANDA,2013,Rabi,Rapeseed &Mustard,2206,6781,3.073889393
Bihar,NALANDA,2013,Rabi,Sunflower,65,91,1.4
Bihar,NALANDA,2013,Rabi,Wheat,83861,234903,2.801099438
Bihar,NALANDA,2013,Summer,Maize,1990,9590,4.819095477
Bihar,NALANDA,2013,Summer,Moong(Green Gram),686,461,0.672011662
Bihar,NALANDA,2013,Whole Year,Sugarcane,162,8557,52.82098765
Bihar,NALANDA,2013,Winter,Rice,49395,112398,2.275493471
Bihar,NALANDA,2014,Autumn,Maize,2711,6046,2.230173368
Bihar,NALANDA,2014,Autumn,Rice,12,21,1.75
Bihar,NALANDA,2014,Kharif,Arhar/Tur,213,373,1.751173709
Bihar,NALANDA,2014,Kharif,Castor seed,1,1,1
Bihar,NALANDA,2014,Kharif,Groundnut,50,51,1.02
Bihar,NALANDA,2014,Kharif,Moong(Green Gram),167,148,0.886227545
Bihar,NALANDA,2014,Kharif,Other Kharif pulses,2,2,1
Bihar,NALANDA,2014,Kharif,Ragi,2,3,1.5
Bihar,NALANDA,2014,Kharif,Urad,2,2,1
Bihar,NALANDA,2014,Rabi,Barley,51,50,0.980392157
Bihar,NALANDA,2014,Rabi,Gram,5293,5589,1.055922917
Bihar,NALANDA,2014,Rabi,Khesari,3750,3803,1.014133333
Bihar,NALANDA,2014,Rabi,Linseed,59,51,0.86440678
Bihar,NALANDA,2014,Rabi,Maize,878,2321,2.643507973
Bihar,NALANDA,2014,Rabi,Masoor,12013,12145,1.010988096
Bihar,NALANDA,2014,Rabi,Other  Rabi pulses,41,41,1
Bihar,NALANDA,2014,Rabi,Peas & beans (Pulses),505,510,1.00990099
Bihar,NALANDA,2014,Rabi,Rapeseed &Mustard,2403,2985,1.242197253
Bihar,NALANDA,2014,Rabi,Sunflower,55,77,1.4
Bihar,NALANDA,2014,Rabi,Wheat,89262,184641,2.068528601
Bihar,NALANDA,2014,Summer,Maize,2307,9632,4.175119202
Bihar,NALANDA,2014,Summer,Moong(Green Gram),630,365,0.579365079
Bihar,NALANDA,2014,Whole Year,Sugarcane,133,8718,65.54887218
Bihar,NALANDA,2014,Winter,Rice,83935,217083,2.58632275
Bihar,NAWADA,1997,Autumn,Rice,2,2,1
Bihar,NAWADA,1997,Kharif,Arhar/Tur,689,679,0.985486212
Bihar,NAWADA,1997,Kharif,Groundnut,32,38,1.1875
Bihar,NAWADA,1997,Kharif,Maize,908,1133,1.247797357
Bihar,NAWADA,1997,Kharif,Other Kharif pulses,87,51,0.586206897
Bihar,NAWADA,1997,Kharif,Sesamum,121,73,0.603305785
Bihar,NAWADA,1997,Kharif,Small millets,6,3,0.5
Bihar,NAWADA,1997,Rabi,Barley,587,611,1.04088586
Bihar,NAWADA,1997,Rabi,Gram,2546,1752,0.688138256
Bihar,NAWADA,1997,Rabi,Linseed,1732,972,0.561200924
Bihar,NAWADA,1997,Rabi,Maize,74,222,3
Bihar,NAWADA,1997,Rabi,Other  Rabi pulses,65,41,0.630769231
Bihar,NAWADA,1997,Rabi,Rapeseed &Mustard,578,271,0.468858131
Bihar,NAWADA,1997,Rabi,Safflower,12,9,0.75
Bihar,NAWADA,1997,Rabi,Sunflower,33,31,0.939393939
Bihar,NAWADA,1997,Rabi,Wheat,48271,100425,2.080441673
Bihar,NAWADA,1997,Summer,Maize,159,344,2.163522013
Bihar,NAWADA,1997,Summer,Rice,145,260,1.793103448
Bihar,NAWADA,1997,Whole Year,Coriander,3,1,0.333333333
Bihar,NAWADA,1997,Whole Year,Dry chillies,14,11,0.785714286
Bihar,NAWADA,1997,Whole Year,Garlic,8,11,1.375
Bihar,NAWADA,1997,Whole Year,Onion,298,2277,7.640939597
Bihar,NAWADA,1997,Whole Year,Potato,1658,15098,9.10615199
Bihar,NAWADA,1997,Whole Year,Ragi,448,393,0.877232143
Bihar,NAWADA,1997,Whole Year,Sannhamp,23,7,0.304347826
Bihar,NAWADA,1997,Whole Year,Sugarcane,261,5563,21.31417625
Bihar,NAWADA,1997,Whole Year,Sweet potato,5,66,13.2
Bihar,NAWADA,1997,Winter,Rice,84042,126323,1.503093691
Bihar,NAWADA,1998,Kharif,Arhar/Tur,738,1114,1.509485095
Bihar,NAWADA,1998,Kharif,Bajra,6,4,0.666666667
Bihar,NAWADA,1998,Kharif,Blackgram,141,96,0.680851064
Bihar,NAWADA,1998,Kharif,Castor seed,35,29,0.828571429
Bihar,NAWADA,1998,Kharif,Groundnut,43,51,1.186046512
Bihar,NAWADA,1998,Kharif,Maize,1562,2861,1.83162612
Bihar,NAWADA,1998,Kharif,Other Kharif pulses,811,508,0.626387176
Bihar,NAWADA,1998,Kharif,Ragi,483,411,0.850931677
Bihar,NAWADA,1998,Kharif,Sesamum,69,36,0.52173913
Bihar,NAWADA,1998,Kharif,Small millets,1,1,1
Bihar,NAWADA,1998,Kharif,Sunflower,132,125,0.946969697
Bihar,NAWADA,1998,Rabi,Barley,580,402,0.693103448
Bihar,NAWADA,1998,Rabi,Gram,2922,3468,1.186858316
Bihar,NAWADA,1998,Rabi,Linseed,1595,1005,0.630094044
Bihar,NAWADA,1998,Rabi,Maize,62,185,2.983870968
Bihar,NAWADA,1998,Rabi,Other  Rabi pulses,6873,5918,0.861050487
Bihar,NAWADA,1998,Rabi,Rapeseed &Mustard,538,477,0.8866171
Bihar,NAWADA,1998,Rabi,Safflower,3,2,0.666666667
Bihar,NAWADA,1998,Rabi,Wheat,47841,100549,2.101732823
Bihar,NAWADA,1998,Summer,Maize,271,601,2.217712177
Bihar,NAWADA,1998,Summer,Rice,80,174,2.175
Bihar,NAWADA,1998,Whole Year,Coriander,3,2,0.666666667
Bihar,NAWADA,1998,Whole Year,Dry chillies,8,4,0.5
Bihar,NAWADA,1998,Whole Year,Garlic,14,20,1.428571429
Bihar,NAWADA,1998,Whole Year,Onion,389,6675,17.15938303
Bihar,NAWADA,1998,Whole Year,Potato,1756,23104,13.1571754
Bihar,NAWADA,1998,Whole Year,Sannhamp,49,16,0.326530612
Bihar,NAWADA,1998,Whole Year,Sugarcane,190,9867,51.93157895
Bihar,NAWADA,1998,Whole Year,Sweet potato,7,76,10.85714286
Bihar,NAWADA,1998,Winter,Rice,82155,142253,1.731519688
Bihar,NAWADA,1999,Kharif,Arhar/Tur,891,838,0.940516274
Bihar,NAWADA,1999,Kharif,Dry ginger,1,1,1
Bihar,NAWADA,1999,Kharif,Groundnut,47,57,1.212765957
Bihar,NAWADA,1999,Kharif,Horse-gram,474,375,0.791139241
Bihar,NAWADA,1999,Kharif,Jowar,877,1311,1.494868871
Bihar,NAWADA,1999,Kharif,Maize,1400,2314,1.652857143
Bihar,NAWADA,1999,Kharif,Moong(Green Gram),126,66,0.523809524
Bihar,NAWADA,1999,Kharif,Ragi,401,395,0.985037406
Bihar,NAWADA,1999,Kharif,Rice,54,57,1.055555556
Bihar,NAWADA,1999,Kharif,Sesamum,94,47,0.5
Bihar,NAWADA,1999,Kharif,Sunflower,61,56,0.918032787
Bihar,NAWADA,1999,Kharif,Urad,98,66,0.673469388
Bihar,NAWADA,1999,Rabi,Gram,2882,3130,1.086051353
Bihar,NAWADA,1999,Rabi,Khesari,2951,3155,1.069129109
Bihar,NAWADA,1999,Rabi,Linseed,2047,1148,0.560820713
Bihar,NAWADA,1999,Rabi,Maize,121,364,3.008264463
Bihar,NAWADA,1999,Rabi,Masoor,3613,4090,1.132023249
Bihar,NAWADA,1999,Rabi,Moong(Green Gram),650,402,0.618461538
Bihar,NAWADA,1999,Rabi,Other  Rabi pulses,2,2,1
Bihar,NAWADA,1999,Rabi,Peas & beans (Pulses),329,235,0.714285714
Bihar,NAWADA,1999,Rabi,Rapeseed &Mustard,559,304,0.543828265
Bihar,NAWADA,1999,Rabi,Wheat,50066,122614,2.449047258
Bihar,NAWADA,1999,Summer,Maize,260,616,2.369230769
Bihar,NAWADA,1999,Summer,Rice,59,125,2.118644068
Bihar,NAWADA,1999,Whole Year,Coriander,12,6,0.5
Bihar,NAWADA,1999,Whole Year,Dry chillies,16,14,0.875
Bihar,NAWADA,1999,Whole Year,Garlic,18,26,1.444444444
Bihar,NAWADA,1999,Whole Year,Onion,279,3421,12.26164875
Bihar,NAWADA,1999,Whole Year,Potato,1652,10802,6.53874092
Bihar,NAWADA,1999,Whole Year,Sugarcane,213,8987,42.19248826
Bihar,NAWADA,1999,Whole Year,Sweet potato,5,68,13.6
Bihar,NAWADA,2000,Autumn,Rice,82394,91033,1.104849868
Bihar,NAWADA,2000,Kharif,Arhar/Tur,649,591,0.910631741
Bihar,NAWADA,2000,Kharif,Groundnut,48,52,1.083333333
Bihar,NAWADA,2000,Kharif,Horse-gram,463,358,0.773218143
Bihar,NAWADA,2000,Kharif,Maize,1570,1181,0.752229299
Bihar,NAWADA,2000,Kharif,Moong(Green Gram),74,40,0.540540541
Bihar,NAWADA,2000,Kharif,Ragi,407,447,1.098280098
Bihar,NAWADA,2000,Kharif,Rice,46,57,1.239130435
Bihar,NAWADA,2000,Kharif,Sesamum,86,50,0.581395349
Bihar,NAWADA,2000,Kharif,Small millets,87,45,0.517241379
Bihar,NAWADA,2000,Kharif,Sunflower,111,162,1.459459459
Bihar,NAWADA,2000,Kharif,Urad,133,67,0.503759398
Bihar,NAWADA,2000,Rabi,Barley,486,530,1.090534979
Bihar,NAWADA,2000,Rabi,Gram,2143,1764,0.823145124
Bihar,NAWADA,2000,Rabi,Khesari,2548,2217,0.870094192
Bihar,NAWADA,2000,Rabi,Linseed,1480,937,0.633108108
Bihar,NAWADA,2000,Rabi,Maize,68,199,2.926470588
Bihar,NAWADA,2000,Rabi,Masoor,3534,2340,0.662139219
Bihar,NAWADA,2000,Rabi,Moong(Green Gram),827,480,0.580411125
Bihar,NAWADA,2000,Rabi,Peas & beans (Pulses),125,121,0.968
Bihar,NAWADA,2000,Rabi,Rapeseed &Mustard,851,344,0.404230317
Bihar,NAWADA,2000,Rabi,Safflower,4,3,0.75
Bihar,NAWADA,2000,Rabi,Wheat,45237,75350,1.665671906
Bihar,NAWADA,2000,Summer,Maize,233,665,2.854077253
Bihar,NAWADA,2000,Summer,Rice,43,76,1.76744186
Bihar,NAWADA,2000,Whole Year,Coriander,12,7,0.583333333
Bihar,NAWADA,2000,Whole Year,Dry chillies,25,27,1.08
Bihar,NAWADA,2000,Whole Year,Garlic,19,28,1.473684211
Bihar,NAWADA,2000,Whole Year,Onion,358,4976,13.89944134
Bihar,NAWADA,2000,Whole Year,Potato,1728,11953,6.91724537
Bihar,NAWADA,2000,Whole Year,Sugarcane,195,8778,45.01538462
Bihar,NAWADA,2000,Whole Year,Sweet potato,3,36,12
Bihar,NAWADA,2001,Autumn,Maize,1581,1912,1.209361164
Bihar,NAWADA,2001,Autumn,Rice,80793,131486,1.627442972
Bihar,NAWADA,2001,Kharif,Arhar/Tur,897,915,1.02006689
Bihar,NAWADA,2001,Kharif,Groundnut,115,65,0.565217391
Bihar,NAWADA,2001,Kharif,Horse-gram,609,489,0.802955665
Bihar,NAWADA,2001,Kharif,Moong(Green Gram),118,79,0.669491525
Bihar,NAWADA,2001,Kharif,Ragi,308,270,0.876623377
Bihar,NAWADA,2001,Kharif,Rice,41,75,1.829268293
Bihar,NAWADA,2001,Kharif,Sesamum,98,58,0.591836735
Bihar,NAWADA,2001,Kharif,Small millets,42,33,0.785714286
Bihar,NAWADA,2001,Kharif,Sunflower,37,43,1.162162162
Bihar,NAWADA,2001,Kharif,Urad,197,129,0.654822335
Bihar,NAWADA,2001,Rabi,Barley,375,433,1.154666667
Bihar,NAWADA,2001,Rabi,Gram,2647,2377,0.897997733
Bihar,NAWADA,2001,Rabi,Khesari,2020,1553,0.768811881
Bihar,NAWADA,2001,Rabi,Linseed,1288,914,0.709627329
Bihar,NAWADA,2001,Rabi,Maize,94,312,3.319148936
Bihar,NAWADA,2001,Rabi,Masoor,3384,2819,0.833037825
Bihar,NAWADA,2001,Rabi,Peas & beans (Pulses),127,123,0.968503937
Bihar,NAWADA,2001,Rabi,Rapeseed &Mustard,712,976,1.370786517
Bihar,NAWADA,2001,Rabi,Safflower,4,3,0.75
Bihar,NAWADA,2001,Rabi,Wheat,45680,82304,1.801751313
Bihar,NAWADA,2001,Summer,Maize,292,724,2.479452055
Bihar,NAWADA,2001,Whole Year,Coriander,3,2,0.666666667
Bihar,NAWADA,2001,Whole Year,Dry chillies,9,9,1
Bihar,NAWADA,2001,Whole Year,Garlic,8,12,1.5
Bihar,NAWADA,2001,Whole Year,Onion,263,2951,11.22053232
Bihar,NAWADA,2001,Whole Year,Potato,2455,19052,7.760488798
Bihar,NAWADA,2001,Whole Year,Sugarcane,157,6989,44.51592357
Bihar,NAWADA,2001,Whole Year,Sweet potato,9,115,12.77777778
Bihar,NAWADA,2002,Autumn,Maize,1500,1651,1.100666667
Bihar,NAWADA,2002,Kharif,Arhar/Tur,870,978,1.124137931
Bihar,NAWADA,2002,Kharif,Groundnut,159,79,0.496855346
Bihar,NAWADA,2002,Kharif,Horse-gram,474,377,0.79535865
Bihar,NAWADA,2002,Kharif,Moong(Green Gram),271,98,0.361623616
Bihar,NAWADA,2002,Kharif,Other Kharif pulses,166,92,0.554216867
Bihar,NAWADA,2002,Kharif,Ragi,367,252,0.686648501
Bihar,NAWADA,2002,Kharif,Sesamum,164,135,0.823170732
Bihar,NAWADA,2002,Kharif,Small millets,4,3,0.75
Bihar,NAWADA,2002,Kharif,Sunflower,90,109,1.211111111
Bihar,NAWADA,2002,Kharif,Urad,141,96,0.680851064
Bihar,NAWADA,2002,Rabi,Barley,393,363,0.923664122
Bihar,NAWADA,2002,Rabi,Gram,2614,1929,0.737949503
Bihar,NAWADA,2002,Rabi,Khesari,1988,1431,0.719818913
Bihar,NAWADA,2002,Rabi,Linseed,1220,927,0.759836066
Bihar,NAWADA,2002,Rabi,Maize,92,240,2.608695652
Bihar,NAWADA,2002,Rabi,Masoor,3690,1491,0.404065041
Bihar,NAWADA,2002,Rabi,Peas & beans (Pulses),203,181,0.891625616
Bihar,NAWADA,2002,Rabi,Rapeseed &Mustard,744,388,0.521505376
Bihar,NAWADA,2002,Rabi,Safflower,4,3,0.75
Bihar,NAWADA,2002,Rabi,Wheat,49407,99484,2.013560831
Bihar,NAWADA,2002,Summer,Maize,391,1071,2.739130435
Bihar,NAWADA,2002,Summer,Moong(Green Gram),971,591,0.608650875
Bihar,NAWADA,2002,Summer,Rice,44,75,1.704545455
Bihar,NAWADA,2002,Whole Year,Coriander,5,3,0.6
Bihar,NAWADA,2002,Whole Year,Dry chillies,10,7,0.7
Bihar,NAWADA,2002,Whole Year,Garlic,10,15,1.5
Bihar,NAWADA,2002,Whole Year,Onion,315,1474,4.679365079
Bihar,NAWADA,2002,Whole Year,Potato,2647,22929,8.662259161
Bihar,NAWADA,2002,Whole Year,Sannhamp,92,65,0.706521739
Bihar,NAWADA,2002,Whole Year,Sugarcane,170,7845,46.14705882
Bihar,NAWADA,2002,Whole Year,Sweet potato,20,291,14.55
Bihar,NAWADA,2002,Winter,Rice,81062,123521,1.523784264
Bihar,NAWADA,2003,Autumn,Rice,33,40,1.212121212
Bihar,NAWADA,2003,Kharif,Arhar/Tur,797,821,1.030112923
Bihar,NAWADA,2003,Kharif,Groundnut,139,69,0.496402878
Bihar,NAWADA,2003,Kharif,Horse-gram,482,356,0.738589212
Bihar,NAWADA,2003,Kharif,Maize,1836,3138,1.709150327
Bihar,NAWADA,2003,Kharif,Mesta,6,42,7
Bihar,NAWADA,2003,Kharif,Moong(Green Gram),248,155,0.625
Bihar,NAWADA,2003,Kharif,Other Kharif pulses,7,4,0.571428571
Bihar,NAWADA,2003,Kharif,Ragi,259,175,0.675675676
Bihar,NAWADA,2003,Kharif,Sesamum,134,72,0.537313433
Bihar,NAWADA,2003,Kharif,Small millets,21,16,0.761904762
Bihar,NAWADA,2003,Kharif,Sunflower,21,28,1.333333333
Bihar,NAWADA,2003,Kharif,Urad,82,61,0.743902439
Bihar,NAWADA,2003,Rabi,Barley,358,349,0.974860335
Bihar,NAWADA,2003,Rabi,Gram,2491,2205,0.885186672
Bihar,NAWADA,2003,Rabi,Khesari,1828,1693,0.926148796
Bihar,NAWADA,2003,Rabi,Linseed,1147,899,0.783783784
Bihar,NAWADA,2003,Rabi,Maize,96,291,3.03125
Bihar,NAWADA,2003,Rabi,Masoor,4142,2709,0.654031869
Bihar,NAWADA,2003,Rabi,Peas & beans (Pulses),139,130,0.935251799
Bihar,NAWADA,2003,Rabi,Rapeseed &Mustard,716,289,0.403631285
Bihar,NAWADA,2003,Rabi,Wheat,49812,95080,1.908777002
Bihar,NAWADA,2003,Summer,Maize,574,1618,2.818815331
Bihar,NAWADA,2003,Summer,Moong(Green Gram),915,448,0.489617486
Bihar,NAWADA,2003,Summer,Rice,47,65,1.382978723
Bihar,NAWADA,2003,Whole Year,Coriander,2,1,0.5
Bihar,NAWADA,2003,Whole Year,Dry chillies,4,3,0.75
Bihar,NAWADA,2003,Whole Year,Garlic,11,16,1.454545455
Bihar,NAWADA,2003,Whole Year,Onion,311,2376,7.639871383
Bihar,NAWADA,2003,Whole Year,Potato,1747,14899,8.528334287
Bihar,NAWADA,2003,Whole Year,Sannhamp,68,49,0.720588235
Bihar,NAWADA,2003,Whole Year,Sugarcane,140,5963,42.59285714
Bihar,NAWADA,2003,Whole Year,Sweet potato,20,162,8.1
Bihar,NAWADA,2003,Winter,Rice,78394,127325,1.624167666
Bihar,NAWADA,2004,Kharif,Arhar/Tur,1091,880,0.80659945
Bihar,NAWADA,2004,Kharif,Groundnut,206,101,0.490291262
Bihar,NAWADA,2004,Kharif,Horse-gram,573,463,0.808027923
Bihar,NAWADA,2004,Kharif,Maize,1099,1326,1.20655141
Bihar,NAWADA,2004,Kharif,Moong(Green Gram),102,23,0.225490196
Bihar,NAWADA,2004,Kharif,Ragi,255,172,0.674509804
Bihar,NAWADA,2004,Kharif,Sesamum,162,127,0.783950617
Bihar,NAWADA,2004,Kharif,Small millets,19,14,0.736842105
Bihar,NAWADA,2004,Kharif,Sunflower,45,66,1.466666667
Bihar,NAWADA,2004,Kharif,Urad,76,56,0.736842105
Bihar,NAWADA,2004,Rabi,Barley,178,155,0.870786517
Bihar,NAWADA,2004,Rabi,Gram,1811,1460,0.806184428
Bihar,NAWADA,2004,Rabi,Khesari,1098,673,0.612932605
Bihar,NAWADA,2004,Rabi,Linseed,583,491,0.84219554
Bihar,NAWADA,2004,Rabi,Maize,136,421,3.095588235
Bihar,NAWADA,2004,Rabi,Masoor,2775,1820,0.655855856
Bihar,NAWADA,2004,Rabi,Peas & beans (Pulses),301,265,0.880398671
Bihar,NAWADA,2004,Rabi,Rapeseed &Mustard,334,259,0.775449102
Bihar,NAWADA,2004,Rabi,Wheat,43423,40440,0.931303687
Bihar,NAWADA,2004,Summer,Maize,467,1384,2.96359743
Bihar,NAWADA,2004,Summer,Moong(Green Gram),844,466,0.552132701
Bihar,NAWADA,2004,Summer,Rice,19,26,1.368421053
Bihar,NAWADA,2004,Whole Year,Coriander,2,1,0.5
Bihar,NAWADA,2004,Whole Year,Dry chillies,7,5,0.714285714
Bihar,NAWADA,2004,Whole Year,Dry ginger,1,2,2
Bihar,NAWADA,2004,Whole Year,Garlic,6,9,1.5
Bihar,NAWADA,2004,Whole Year,Onion,223,2043,9.161434978
Bihar,NAWADA,2004,Whole Year,Potato,2173,13413,6.17257248
Bihar,NAWADA,2004,Whole Year,Sannhamp,27,22,0.814814815
Bihar,NAWADA,2004,Whole Year,Sugarcane,84,3020,35.95238095
Bihar,NAWADA,2004,Whole Year,Sweet potato,8,65,8.125
Bihar,NAWADA,2004,Whole Year,Turmeric,1,1,1
Bihar,NAWADA,2004,Winter,Rice,37533,12996,0.346255295
Bihar,NAWADA,2005,Kharif,Arhar/Tur,1073,798,0.743709226
Bihar,NAWADA,2005,Kharif,Bajra,17,18,1.058823529
Bihar,NAWADA,2005,Kharif,Castor seed,33,31,0.939393939
Bihar,NAWADA,2005,Kharif,Groundnut,192,94,0.489583333
Bihar,NAWADA,2005,Kharif,Horse-gram,236,203,0.860169492
Bihar,NAWADA,2005,Kharif,Maize,1007,1274,1.265143992
Bihar,NAWADA,2005,Kharif,Moong(Green Gram),28,13,0.464285714
Bihar,NAWADA,2005,Kharif,Ragi,352,317,0.900568182
Bihar,NAWADA,2005,Kharif,Sesamum,203,165,0.812807882
Bihar,NAWADA,2005,Kharif,Small millets,14,10,0.714285714
Bihar,NAWADA,2005,Kharif,Sunflower,32,41,1.28125
Bihar,NAWADA,2005,Kharif,Urad,139,106,0.762589928
Bihar,NAWADA,2005,Rabi,Barley,141,100,0.709219858
Bihar,NAWADA,2005,Rabi,Gram,1474,1029,0.698100407
Bihar,NAWADA,2005,Rabi,Khesari,633,379,0.598736177
Bihar,NAWADA,2005,Rabi,Linseed,571,489,0.856392294
Bihar,NAWADA,2005,Rabi,Maize,112,341,3.044642857
Bihar,NAWADA,2005,Rabi,Masoor,2064,1038,0.502906977
Bihar,NAWADA,2005,Rabi,Peas & beans (Pulses),309,284,0.919093851
Bihar,NAWADA,2005,Rabi,Rapeseed &Mustard,400,223,0.5575
Bihar,NAWADA,2005,Rabi,Wheat,38801,49192,1.267802376
Bihar,NAWADA,2005,Summer,Maize,948,2370,2.5
Bihar,NAWADA,2005,Summer,Moong(Green Gram),951,545,0.573080967
Bihar,NAWADA,2005,Whole Year,Coriander,6,5,0.833333333
Bihar,NAWADA,2005,Whole Year,Dry chillies,5,5,1
Bihar,NAWADA,2005,Whole Year,Dry ginger,2,3,1.5
Bihar,NAWADA,2005,Whole Year,Garlic,267,393,1.471910112
Bihar,NAWADA,2005,Whole Year,Onion,260,1859,7.15
Bihar,NAWADA,2005,Whole Year,Potato,2085,12177,5.84028777
Bihar,NAWADA,2005,Whole Year,Sannhamp,69,56,0.811594203
Bihar,NAWADA,2005,Whole Year,Sugarcane,118,3192,27.05084746
Bihar,NAWADA,2005,Whole Year,Sweet potato,65,1039,15.98461538
Bihar,NAWADA,2005,Whole Year,Turmeric,5,5,1
Bihar,NAWADA,2005,Winter,Rice,44737,28687,0.64123656
Bihar,NAWADA,2006,Kharif,Arhar/Tur,846,588,0.695035461
Bihar,NAWADA,2006,Kharif,Maize,1509,2116,1.402253148
Bihar,NAWADA,2006,Kharif,Moong(Green Gram),179,101,0.56424581
Bihar,NAWADA,2006,Kharif,Ragi,376,329,0.875
Bihar,NAWADA,2006,Kharif,Sannhamp,46,38,0.826086957
Bihar,NAWADA,2006,Kharif,Sesamum,255,197,0.77254902
Bihar,NAWADA,2006,Kharif,Urad,273,212,0.776556777
Bihar,NAWADA,2006,Rabi,Barley,283,290,1.024734982
Bihar,NAWADA,2006,Rabi,Gram,1874,1456,0.776947705
Bihar,NAWADA,2006,Rabi,Khesari,976,822,0.842213115
Bihar,NAWADA,2006,Rabi,Linseed,772,655,0.848445596
Bihar,NAWADA,2006,Rabi,Maize,148,535,3.614864865
Bihar,NAWADA,2006,Rabi,Masoor,2461,1656,0.672897196
Bihar,NAWADA,2006,Rabi,Peas & beans (Pulses),324,301,0.929012346
Bihar,NAWADA,2006,Rabi,Rapeseed &Mustard,893,494,0.553191489
Bihar,NAWADA,2006,Rabi,Sunflower,48,65,1.354166667
Bihar,NAWADA,2006,Rabi,Wheat,45191,97142,2.149587307
Bihar,NAWADA,2006,Summer,Maize,1021,3334,3.265426053
Bihar,NAWADA,2006,Summer,Moong(Green Gram),1277,672,0.526233359
Bihar,NAWADA,2006,Summer,Rice,2,3,1.5
Bihar,NAWADA,2006,Winter,Rice,73306,147686,2.014650915
Bihar,NAWADA,2007,Autumn,Maize,1095,1404,1.282191781
Bihar,NAWADA,2007,Kharif,Arhar/Tur,1015,701,0.690640394
Bihar,NAWADA,2007,Kharif,Bajra,20,22,1.1
Bihar,NAWADA,2007,Kharif,Groundnut,256,184,0.71875
Bihar,NAWADA,2007,Kharif,Jowar,5,5,1
Bihar,NAWADA,2007,Kharif,Moong(Green Gram),124,99,0.798387097
Bihar,NAWADA,2007,Kharif,Other Kharif pulses,141,98,0.695035461
Bihar,NAWADA,2007,Kharif,Ragi,298,180,0.604026846
Bihar,NAWADA,2007,Kharif,Sannhamp,81,361.11,4.458148148
Bihar,NAWADA,2007,Kharif,Sesamum,101,85,0.841584158
Bihar,NAWADA,2007,Kharif,Small millets,2,1,0.5
Bihar,NAWADA,2007,Kharif,Urad,133,105,0.789473684
Bihar,NAWADA,2007,Rabi,Barley,124,128,1.032258065
Bihar,NAWADA,2007,Rabi,Gram,2200,1806,0.820909091
Bihar,NAWADA,2007,Rabi,Khesari,1013,772,0.762092794
Bihar,NAWADA,2007,Rabi,Linseed,652,538,0.825153374
Bihar,NAWADA,2007,Rabi,Maize,172,688,4
Bihar,NAWADA,2007,Rabi,Masoor,2720,1871,0.687867647
Bihar,NAWADA,2007,Rabi,Other  Rabi pulses,32,24,0.75
Bihar,NAWADA,2007,Rabi,Peas & beans (Pulses),252,271,1.075396825
Bihar,NAWADA,2007,Rabi,Rapeseed &Mustard,915,546,0.596721311
Bihar,NAWADA,2007,Rabi,Sunflower,49,64,1.306122449
Bihar,NAWADA,2007,Rabi,Wheat,51655,131380,2.543413029
Bihar,NAWADA,2007,Summer,Maize,1072,3535,3.297574627
Bihar,NAWADA,2007,Summer,Moong(Green Gram),1066,640,0.600375235
Bihar,NAWADA,2007,Whole Year,Banana,1,13,13
Bihar,NAWADA,2007,Whole Year,Coriander,2,2,1
Bihar,NAWADA,2007,Whole Year,Dry chillies,4,5,1.25
Bihar,NAWADA,2007,Whole Year,Garlic,2,3,1.5
Bihar,NAWADA,2007,Whole Year,Onion,253,2199,8.691699605
Bihar,NAWADA,2007,Whole Year,Potato,2868,14167,4.939679219
Bihar,NAWADA,2007,Whole Year,Sugarcane,139,5142,36.99280576
Bihar,NAWADA,2007,Whole Year,Sweet potato,8,105,13.125
Bihar,NAWADA,2007,Winter,Rice,74970,153323,2.045124717
Bihar,NAWADA,2008,Autumn,Maize,1014,1135,1.119329389
Bihar,NAWADA,2008,Kharif,Arhar/Tur,881,648,0.735527809
Bihar,NAWADA,2008,Kharif,Bajra,50,60,1.2
Bihar,NAWADA,2008,Kharif,Groundnut,167,83,0.497005988
Bihar,NAWADA,2008,Kharif,Moong(Green Gram),120,73,0.608333333
Bihar,NAWADA,2008,Kharif,Other Kharif pulses,1,1,1
Bihar,NAWADA,2008,Kharif,Potato,3512,26340,7.5
Bihar,NAWADA,2008,Kharif,Ragi,254,207,0.81496063
Bihar,NAWADA,2008,Kharif,Sannhamp,94,416.66,4.432553191
Bihar,NAWADA,2008,Kharif,Sesamum,85,66,0.776470588
Bihar,NAWADA,2008,Kharif,Small millets,18,13,0.722222222
Bihar,NAWADA,2008,Kharif,Sweet potato,4,54,13.5
Bihar,NAWADA,2008,Kharif,Urad,147,74,0.503401361
Bihar,NAWADA,2008,Rabi,Barley,124,91,0.733870968
Bihar,NAWADA,2008,Rabi,Gram,2057,1746,0.848808945
Bihar,NAWADA,2008,Rabi,Khesari,1055,698,0.661611374
Bihar,NAWADA,2008,Rabi,Linseed,640,541,0.8453125
Bihar,NAWADA,2008,Rabi,Maize,155,546,3.522580645
Bihar,NAWADA,2008,Rabi,Masoor,2803,2226,0.794149126
Bihar,NAWADA,2008,Rabi,Peas & beans (Pulses),204,196,0.960784314
Bihar,NAWADA,2008,Rabi,Potato,1128,6836,6.060283688
Bihar,NAWADA,2008,Rabi,Rapeseed &Mustard,962,522,0.542619543
Bihar,NAWADA,2008,Rabi,Sunflower,49,64,1.306122449
Bihar,NAWADA,2008,Rabi,Sweet potato,6,88,14.66666667
Bihar,NAWADA,2008,Rabi,Wheat,51949,112704,2.169512406
Bihar,NAWADA,2008,Summer,Maize,1039,3346,3.220404235
Bihar,NAWADA,2008,Summer,Moong(Green Gram),1049,703,0.670162059
Bihar,NAWADA,2008,Whole Year,Dry chillies,1,1,1
Bihar,NAWADA,2008,Whole Year,Garlic,9,14,1.555555556
Bihar,NAWADA,2008,Whole Year,Onion,233,1603,6.879828326
Bihar,NAWADA,2008,Whole Year,Sugarcane,106,3710,35
Bihar,NAWADA,2008,Winter,Rice,74990,148475,1.979930657
Bihar,NAWADA,2009,Autumn,Maize,1052,1630,1.549429658
Bihar,NAWADA,2009,Kharif,Arhar/Tur,811,1127,1.389642417
Bihar,NAWADA,2009,Kharif,Bajra,31,35,1.129032258
Bihar,NAWADA,2009,Kharif,Horse-gram,411,396,0.96350365
Bihar,NAWADA,2009,Kharif,Moong(Green Gram),60,40,0.666666667
Bihar,NAWADA,2009,Kharif,Other Kharif pulses,171,121,0.707602339
Bihar,NAWADA,2009,Kharif,Ragi,202,162,0.801980198
Bihar,NAWADA,2009,Kharif,Sannhamp,88,72,0.818181818
Bihar,NAWADA,2009,Kharif,Urad,128,127,0.9921875
Bihar,NAWADA,2009,Rabi,Barley,187,151,0.807486631
Bihar,NAWADA,2009,Rabi,Khesari,1026,738,0.719298246
Bihar,NAWADA,2009,Rabi,Linseed,592,501,0.846283784
Bihar,NAWADA,2009,Rabi,Maize,59,153,2.593220339
Bihar,NAWADA,2009,Rabi,Masoor,3375,2879,0.853037037
Bihar,NAWADA,2009,Rabi,Peas & beans (Pulses),225,225,1
Bihar,NAWADA,2009,Rabi,Rapeseed &Mustard,855,756,0.884210526
Bihar,NAWADA,2009,Rabi,Sunflower,2,3,1.5
Bihar,NAWADA,2009,Rabi,Wheat,54636,100204,1.834028845
Bihar,NAWADA,2009,Summer,Maize,1016,3131,3.081692913
Bihar,NAWADA,2009,Summer,Moong(Green Gram),1486,688,0.462987887
Bihar,NAWADA,2009,Whole Year,Sugarcane,92,4488,48.7826087
Bihar,NAWADA,2009,Winter,Rice,51211,61319,1.197379469
Bihar,NAWADA,2010,Autumn,Maize,1424,1587,1.114466292
Bihar,NAWADA,2010,Kharif,Arhar/Tur,1319,1389,1.053070508
Bihar,NAWADA,2010,Kharif,Groundnut,80,82,1.025
Bihar,NAWADA,2010,Kharif,Horse-gram,226,213,0.942477876
Bihar,NAWADA,2010,Kharif,Jowar,462,490,1.060606061
Bihar,NAWADA,2010,Kharif,Moong(Green Gram),68,44,0.647058824
Bihar,NAWADA,2010,Kharif,Other Kharif pulses,268,183,0.682835821
Bihar,NAWADA,2010,Kharif,Ragi,227,223,0.982378855
Bihar,NAWADA,2010,Kharif,Sesamum,16,13,0.8125
Bihar,NAWADA,2010,Kharif,Urad,42,37,0.880952381
Bihar,NAWADA,2010,Rabi,Barley,8,7,0.875
Bihar,NAWADA,2010,Rabi,Gram,2786,2945,1.05707107
Bihar,NAWADA,2010,Rabi,Khesari,1130,955,0.845132743
Bihar,NAWADA,2010,Rabi,Linseed,603,493,0.817578773
Bihar,NAWADA,2010,Rabi,Maize,40,155,3.875
Bihar,NAWADA,2010,Rabi,Masoor,4300,5590,1.3
Bihar,NAWADA,2010,Rabi,Peas & beans (Pulses),301,312,1.03654485
Bihar,NAWADA,2010,Rabi,Rapeseed &Mustard,1364,1566,1.148093842
Bihar,NAWADA,2010,Rabi,Sunflower,27,39,1.444444444
Bihar,NAWADA,2010,Rabi,Wheat,59357,120220,2.025371902
Bihar,NAWADA,2010,Summer,Maize,952,3935,4.133403361
Bihar,NAWADA,2010,Summer,Moong(Green Gram),1605,957,0.596261682
Bihar,NAWADA,2010,Whole Year,Sugarcane,673,33772,50.18127786
Bihar,NAWADA,2010,Winter,Rice,44412,45968,1.035035576
Bihar,NAWADA,2011,Autumn,Maize,1817,3227,1.776004403
Bihar,NAWADA,2011,Kharif,Arhar/Tur,1110,1319,1.188288288
Bihar,NAWADA,2011,Kharif,Groundnut,500,511,1.022
Bihar,NAWADA,2011,Kharif,Horse-gram,432,411,0.951388889
Bihar,NAWADA,2011,Kharif,Moong(Green Gram),259,213,0.822393822
Bihar,NAWADA,2011,Kharif,Ragi,262,318,1.213740458
Bihar,NAWADA,2011,Kharif,Sesamum,200,175,0.875
Bihar,NAWADA,2011,Kharif,Urad,127,116,0.913385827
Bihar,NAWADA,2011,Rabi,Barley,45,41,0.911111111
Bihar,NAWADA,2011,Rabi,Gram,1921,2803,1.459135867
Bihar,NAWADA,2011,Rabi,Khesari,798,848,1.062656642
Bihar,NAWADA,2011,Rabi,Linseed,813,703,0.864698647
Bihar,NAWADA,2011,Rabi,Maize,39,179,4.58974359
Bihar,NAWADA,2011,Rabi,Masoor,3756,3114,0.829073482
Bihar,NAWADA,2011,Rabi,Peas & beans (Pulses),277,286,1.032490975
Bihar,NAWADA,2011,Rabi,Rapeseed &Mustard,1085,1140,1.050691244
Bihar,NAWADA,2011,Rabi,Sunflower,15,22,1.466666667
Bihar,NAWADA,2011,Rabi,Wheat,49082,127201,2.591601809
Bihar,NAWADA,2011,Summer,Maize,1045,4532,4.336842105
Bihar,NAWADA,2011,Summer,Moong(Green Gram),1546,815,0.527166882
Bihar,NAWADA,2011,Winter,Rice,66269,194741,2.938644012
Bihar,NAWADA,2012,Autumn,Maize,1279,2223,1.738076622
Bihar,NAWADA,2012,Kharif,Arhar/Tur,1085,1299,1.197235023
Bihar,NAWADA,2012,Kharif,Groundnut,394,403,1.02284264
Bihar,NAWADA,2012,Kharif,Horse-gram,202,196,0.97029703
Bihar,NAWADA,2012,Kharif,Moong(Green Gram),250,234,0.936
Bihar,NAWADA,2012,Kharif,Other Kharif pulses,10,10,1
Bihar,NAWADA,2012,Kharif,Ragi,295,348,1.179661017
Bihar,NAWADA,2012,Kharif,Sannhamp,49,39,0.795918367
Bihar,NAWADA,2012,Kharif,Sesamum,167,147,0.880239521
Bihar,NAWADA,2012,Kharif,Urad,224,199,0.888392857
Bihar,NAWADA,2012,Rabi,Barley,41,55,1.341463415
Bihar,NAWADA,2012,Rabi,Gram,1768,2092,1.183257919
Bihar,NAWADA,2012,Rabi,Khesari,793,902,1.137452711
Bihar,NAWADA,2012,Rabi,Linseed,794,688,0.866498741
Bihar,NAWADA,2012,Rabi,Maize,10,33,3.3
Bihar,NAWADA,2012,Rabi,Masoor,3727,4223,1.133082909
Bihar,NAWADA,2012,Rabi,Peas & beans (Pulses),253,263,1.039525692
Bihar,NAWADA,2012,Rabi,Rapeseed &Mustard,690,600,0.869565217
Bihar,NAWADA,2012,Rabi,Sunflower,10,15,1.5
Bihar,NAWADA,2012,Rabi,Wheat,47017,117296,2.494757215
Bihar,NAWADA,2012,Summer,Maize,350,1352,3.862857143
Bihar,NAWADA,2012,Summer,Moong(Green Gram),1636,1438,0.878973105
Bihar,NAWADA,2012,Whole Year,Sugarcane,74,4474,60.45945946
Bihar,NAWADA,2012,Winter,Rice,64792,187882,2.899771577
Bihar,NAWADA,2013,Autumn,Maize,1671,3293,1.970676242
Bihar,NAWADA,2013,Autumn,Rice,2560,3528,1.378125
Bihar,NAWADA,2013,Kharif,Arhar/Tur,933,932,0.998928189
Bihar,NAWADA,2013,Kharif,Bajra,155,176,1.135483871
Bihar,NAWADA,2013,Kharif,Groundnut,577,591,1.024263432
Bihar,NAWADA,2013,Kharif,Horse-gram,169,161,0.952662722
Bihar,NAWADA,2013,Kharif,Jowar,67,71,1.059701493
Bihar,NAWADA,2013,Kharif,Jute,8,114,14.25
Bihar,NAWADA,2013,Kharif,Mesta,2,31,15.5
Bihar,NAWADA,2013,Kharif,Moong(Green Gram),796,564,0.708542714
Bihar,NAWADA,2013,Kharif,Other Kharif pulses,51,46,0.901960784
Bihar,NAWADA,2013,Kharif,Ragi,184,187,1.016304348
Bihar,NAWADA,2013,Kharif,Sannhamp,53,43,0.811320755
Bihar,NAWADA,2013,Kharif,Sesamum,278,241,0.866906475
Bihar,NAWADA,2013,Kharif,Small millets,261,195,0.747126437
Bihar,NAWADA,2013,Kharif,Urad,179,163,0.910614525
Bihar,NAWADA,2013,Rabi,Barley,34,38,1.117647059
Bihar,NAWADA,2013,Rabi,Gram,2426,1696,0.699093157
Bihar,NAWADA,2013,Rabi,Khesari,780,616,0.78974359
Bihar,NAWADA,2013,Rabi,Linseed,833,708,0.849939976
Bihar,NAWADA,2013,Rabi,Maize,7,32,4.571428571
Bihar,NAWADA,2013,Rabi,Masoor,3812,2485,0.651888772
Bihar,NAWADA,2013,Rabi,Peas & beans (Pulses),242,182,0.752066116
Bihar,NAWADA,2013,Rabi,Rapeseed &Mustard,734,567,0.772479564
Bihar,NAWADA,2013,Rabi,Sunflower,67,85,1.268656716
Bihar,NAWADA,2013,Rabi,Wheat,45493,110926,2.43830919
Bihar,NAWADA,2013,Summer,Maize,386,1860,4.81865285
Bihar,NAWADA,2013,Summer,Moong(Green Gram),1698,2058,1.212014134
Bihar,NAWADA,2013,Whole Year,Sugarcane,58,1435,24.74137931
Bihar,NAWADA,2013,Winter,Rice,60716,128628,2.118519007
Bihar,NAWADA,2014,Autumn,Maize,1474,3150,2.137042062
Bihar,NAWADA,2014,Autumn,Rice,174,302,1.735632184
Bihar,NAWADA,2014,Kharif,Arhar/Tur,887,691,0.77903044
Bihar,NAWADA,2014,Kharif,Groundnut,207,212,1.024154589
Bihar,NAWADA,2014,Kharif,Horse-gram,200,191,0.955
Bihar,NAWADA,2014,Kharif,Mesta,7,93,13.28571429
Bihar,NAWADA,2014,Kharif,Moong(Green Gram),294,243,0.826530612
Bihar,NAWADA,2014,Kharif,Other Kharif pulses,10,10,1
Bihar,NAWADA,2014,Kharif,Ragi,200,295,1.475
Bihar,NAWADA,2014,Kharif,Sannhamp,66,53,0.803030303
Bihar,NAWADA,2014,Kharif,Sesamum,180,156,0.866666667
Bihar,NAWADA,2014,Kharif,Urad,153,139,0.908496732
Bihar,NAWADA,2014,Rabi,Barley,22,24,1.090909091
Bihar,NAWADA,2014,Rabi,Gram,2041,1221,0.598236159
Bihar,NAWADA,2014,Rabi,Khesari,717,673,0.938633194
Bihar,NAWADA,2014,Rabi,Linseed,720,620,0.861111111
Bihar,NAWADA,2014,Rabi,Masoor,3706,1846,0.498111171
Bihar,NAWADA,2014,Rabi,Peas & beans (Pulses),219,221,1.00913242
Bihar,NAWADA,2014,Rabi,Rapeseed &Mustard,703,401,0.570412518
Bihar,NAWADA,2014,Rabi,Sunflower,5,7,1.4
Bihar,NAWADA,2014,Rabi,Wheat,45527,81587,1.79205746
Bihar,NAWADA,2014,Summer,Maize,455,1882,4.136263736
Bihar,NAWADA,2014,Summer,Moong(Green Gram),1689,978,0.579040853
Bihar,NAWADA,2014,Whole Year,Sugarcane,23,2605,113.2608696
Bihar,NAWADA,2014,Winter,Rice,77055,236713,3.072000519
Bihar,PASHCHIM CHAMPARAN,1997,Autumn,Rice,80375,147314,1.832833593
Bihar,PASHCHIM CHAMPARAN,1997,Kharif,Arhar/Tur,6119,9527,1.556953751
Bihar,PASHCHIM CHAMPARAN,1997,Kharif,Dry ginger,56,82,1.464285714
Bihar,PASHCHIM CHAMPARAN,1997,Kharif,Groundnut,29,70,2.413793103
Bihar,PASHCHIM CHAMPARAN,1997,Kharif,Jute,53,477,9
Bihar,PASHCHIM CHAMPARAN,1997,Kharif,Maize,4345,6667,1.534407365
Bihar,PASHCHIM CHAMPARAN,1997,Kharif,Mesta,310,1390,4.483870968
Bihar,PASHCHIM CHAMPARAN,1997,Kharif,Other Kharif pulses,30,15,0.5
Bihar,PASHCHIM CHAMPARAN,1997,Kharif,Sesamum,92,55,0.597826087
Bihar,PASHCHIM CHAMPARAN,1997,Kharif,Small millets,705,221,0.313475177
Bihar,PASHCHIM CHAMPARAN,1997,Rabi,Barley,953,1397,1.465897167
Bihar,PASHCHIM CHAMPARAN,1997,Rabi,Gram,158,134,0.848101266
Bihar,PASHCHIM CHAMPARAN,1997,Rabi,Linseed,6897,3407,0.493982891
Bihar,PASHCHIM CHAMPARAN,1997,Rabi,Maize,5494,13499,2.457044048
Bihar,PASHCHIM CHAMPARAN,1997,Rabi,Other  Rabi pulses,157,94,0.598726115
Bihar,PASHCHIM CHAMPARAN,1997,Rabi,Rapeseed &Mustard,11230,10118,0.900979519
Bihar,PASHCHIM CHAMPARAN,1997,Rabi,Safflower,18,11,0.611111111
Bihar,PASHCHIM CHAMPARAN,1997,Rabi,Sunflower,14,18,1.285714286
Bihar,PASHCHIM CHAMPARAN,1997,Rabi,Wheat,84056,197197,2.34601932
Bihar,PASHCHIM CHAMPARAN,1997,Summer,Maize,4608,9094,1.973524306
Bihar,PASHCHIM CHAMPARAN,1997,Summer,Rice,10460,16108,1.539961759
Bihar,PASHCHIM CHAMPARAN,1997,Whole Year,Banana,314,1416,4.50955414
Bihar,PASHCHIM CHAMPARAN,1997,Whole Year,Coriander,172,72,0.418604651
Bihar,PASHCHIM CHAMPARAN,1997,Whole Year,Dry chillies,115,127,1.104347826
Bihar,PASHCHIM CHAMPARAN,1997,Whole Year,Garlic,257,392,1.525291829
Bihar,PASHCHIM CHAMPARAN,1997,Whole Year,Onion,665,5101,7.670676692
Bihar,PASHCHIM CHAMPARAN,1997,Whole Year,Potato,5262,38383,7.294374762
Bihar,PASHCHIM CHAMPARAN,1997,Whole Year,Ragi,69,65,0.942028986
Bihar,PASHCHIM CHAMPARAN,1997,Whole Year,Sannhamp,94,43,0.457446809
Bihar,PASHCHIM CHAMPARAN,1997,Whole Year,Sugarcane,48028,2702830,56.27613059
Bihar,PASHCHIM CHAMPARAN,1997,Whole Year,Turmeric,75,82,1.093333333
Bihar,PASHCHIM CHAMPARAN,1997,Winter,Rice,121516,224254,1.845468909
Bihar,PASHCHIM CHAMPARAN,1998,Kharif,Arhar/Tur,5748,14905,2.593075852
Bihar,PASHCHIM CHAMPARAN,1998,Kharif,Blackgram,217,189,0.870967742
Bihar,PASHCHIM CHAMPARAN,1998,Kharif,Jute,67,319,4.76119403
Bihar,PASHCHIM CHAMPARAN,1998,Kharif,Maize,4700,8949,1.904042553
Bihar,PASHCHIM CHAMPARAN,1998,Kharif,Ragi,8,10,1.25
Bihar,PASHCHIM CHAMPARAN,1998,Kharif,Sesamum,98,51,0.520408163
Bihar,PASHCHIM CHAMPARAN,1998,Kharif,Small millets,213,66,0.309859155
Bihar,PASHCHIM CHAMPARAN,1998,Kharif,Sunflower,113,147,1.300884956
Bihar,PASHCHIM CHAMPARAN,1998,Rabi,Barley,1152,1650,1.432291667
Bihar,PASHCHIM CHAMPARAN,1998,Rabi,Gram,193,210,1.088082902
Bihar,PASHCHIM CHAMPARAN,1998,Rabi,Linseed,5462,3037,0.556023435
Bihar,PASHCHIM CHAMPARAN,1998,Rabi,Maize,4824,14269,2.95791874
Bihar,PASHCHIM CHAMPARAN,1998,Rabi,Other  Rabi pulses,20790,16923,0.813997114
Bihar,PASHCHIM CHAMPARAN,1998,Rabi,Rapeseed &Mustard,13540,10764,0.794977843
Bihar,PASHCHIM CHAMPARAN,1998,Rabi,Safflower,23,13,0.565217391
Bihar,PASHCHIM CHAMPARAN,1998,Rabi,Wheat,81329,191380,2.35315816
Bihar,PASHCHIM CHAMPARAN,1998,Summer,Maize,4980,10425,2.093373494
Bihar,PASHCHIM CHAMPARAN,1998,Summer,Rice,10322,15100,1.462894788
Bihar,PASHCHIM CHAMPARAN,1998,Whole Year,Banana,294,2211,7.520408163
Bihar,PASHCHIM CHAMPARAN,1998,Whole Year,Coriander,197,85,0.431472081
Bihar,PASHCHIM CHAMPARAN,1998,Whole Year,Dry chillies,231,337,1.458874459
Bihar,PASHCHIM CHAMPARAN,1998,Whole Year,Dry ginger,68,92,1.352941176
Bihar,PASHCHIM CHAMPARAN,1998,Whole Year,Garlic,287,418,1.456445993
Bihar,PASHCHIM CHAMPARAN,1998,Whole Year,Onion,855,8413,9.839766082
Bihar,PASHCHIM CHAMPARAN,1998,Whole Year,Potato,4832,45300,9.375
Bihar,PASHCHIM CHAMPARAN,1998,Whole Year,Sannhamp,112,52,0.464285714
Bihar,PASHCHIM CHAMPARAN,1998,Whole Year,Sugarcane,45575,2401131,52.68526604
Bihar,PASHCHIM CHAMPARAN,1998,Whole Year,Turmeric,83,81,0.975903614
Bihar,PASHCHIM CHAMPARAN,1998,Winter,Rice,114373,184682,1.614734247
Bihar,PASHCHIM CHAMPARAN,1999,Kharif,Arhar/Tur,5566,7603,1.365971973
Bihar,PASHCHIM CHAMPARAN,1999,Kharif,Bajra,63,39,0.619047619
Bihar,PASHCHIM CHAMPARAN,1999,Kharif,Dry ginger,101,150,1.485148515
Bihar,PASHCHIM CHAMPARAN,1999,Kharif,Jowar,941,1520,1.615302869
Bihar,PASHCHIM CHAMPARAN,1999,Kharif,Jute,15,111,7.4
Bihar,PASHCHIM CHAMPARAN,1999,Kharif,Maize,1984,5248,2.64516129
Bihar,PASHCHIM CHAMPARAN,1999,Kharif,Moong(Green Gram),4,2,0.5
Bihar,PASHCHIM CHAMPARAN,1999,Kharif,Ragi,13,18,1.384615385
Bihar,PASHCHIM CHAMPARAN,1999,Kharif,Rice,57964,121964,2.1041336
Bihar,PASHCHIM CHAMPARAN,1999,Kharif,Sesamum,173,87,0.502890173
Bihar,PASHCHIM CHAMPARAN,1999,Kharif,Sunflower,235,272,1.157446809
Bihar,PASHCHIM CHAMPARAN,1999,Kharif,Urad,39,28,0.717948718
Bihar,PASHCHIM CHAMPARAN,1999,Rabi,Gram,133,130,0.977443609
Bihar,PASHCHIM CHAMPARAN,1999,Rabi,Khesari,316,192,0.607594937
Bihar,PASHCHIM CHAMPARAN,1999,Rabi,Linseed,629,342,0.543720191
Bihar,PASHCHIM CHAMPARAN,1999,Rabi,Maize,7003,14888,2.125946023
Bihar,PASHCHIM CHAMPARAN,1999,Rabi,Masoor,10049,5537,0.5510001
Bihar,PASHCHIM CHAMPARAN,1999,Rabi,Moong(Green Gram),314,163,0.51910828
Bihar,PASHCHIM CHAMPARAN,1999,Rabi,Other  Rabi pulses,1041,875,0.840537944
Bihar,PASHCHIM CHAMPARAN,1999,Rabi,Peas & beans (Pulses),1278,1026,0.802816901
Bihar,PASHCHIM CHAMPARAN,1999,Rabi,Rapeseed &Mustard,13793,7931,0.575001813
Bihar,PASHCHIM CHAMPARAN,1999,Rabi,Safflower,31,18,0.580645161
Bihar,PASHCHIM CHAMPARAN,1999,Rabi,Wheat,81846,207552,2.535884466
Bihar,PASHCHIM CHAMPARAN,1999,Summer,Maize,5399,9845,1.823485831
Bihar,PASHCHIM CHAMPARAN,1999,Summer,Rice,10631,15327,1.441727025
Bihar,PASHCHIM CHAMPARAN,1999,Whole Year,Banana,351,3648,10.39316239
Bihar,PASHCHIM CHAMPARAN,1999,Whole Year,Coriander,390,207,0.530769231
Bihar,PASHCHIM CHAMPARAN,1999,Whole Year,Dry chillies,515,618,1.2
Bihar,PASHCHIM CHAMPARAN,1999,Whole Year,Garlic,700,1038,1.482857143
Bihar,PASHCHIM CHAMPARAN,1999,Whole Year,Onion,914,7988,8.739606127
Bihar,PASHCHIM CHAMPARAN,1999,Whole Year,Potato,4575,41909,9.160437158
Bihar,PASHCHIM CHAMPARAN,1999,Whole Year,Sugarcane,35276,1676134,47.51485429
Bihar,PASHCHIM CHAMPARAN,1999,Whole Year,Sweet potato,52,709,13.63461538
Bihar,PASHCHIM CHAMPARAN,1999,Whole Year,Turmeric,177,186,1.050847458
Bihar,PASHCHIM CHAMPARAN,2000,Autumn,Rice,110973,215438,1.941355104
Bihar,PASHCHIM CHAMPARAN,2000,Kharif,Arhar/Tur,5553,9290,1.672969566
Bihar,PASHCHIM CHAMPARAN,2000,Kharif,Bajra,135,88,0.651851852
Bihar,PASHCHIM CHAMPARAN,2000,Kharif,Dry ginger,84,151,1.797619048
Bihar,PASHCHIM CHAMPARAN,2000,Kharif,Jute,34,285,8.382352941
Bihar,PASHCHIM CHAMPARAN,2000,Kharif,Maize,1212,2214,1.826732673
Bihar,PASHCHIM CHAMPARAN,2000,Kharif,Moong(Green Gram),118,96,0.813559322
Bihar,PASHCHIM CHAMPARAN,2000,Kharif,Ragi,30,27,0.9
Bihar,PASHCHIM CHAMPARAN,2000,Kharif,Rice,64857,153081,2.360284935
Bihar,PASHCHIM CHAMPARAN,2000,Kharif,Sesamum,311,218,0.70096463
Bihar,PASHCHIM CHAMPARAN,2000,Kharif,Small millets,101,52,0.514851485
Bihar,PASHCHIM CHAMPARAN,2000,Kharif,Sunflower,291,404,1.388316151
Bihar,PASHCHIM CHAMPARAN,2000,Kharif,Urad,107,71,0.663551402
Bihar,PASHCHIM CHAMPARAN,2000,Rabi,Barley,939,809,0.861554846
Bihar,PASHCHIM CHAMPARAN,2000,Rabi,Gram,77,80,1.038961039
Bihar,PASHCHIM CHAMPARAN,2000,Rabi,Khesari,348,213,0.612068966
Bihar,PASHCHIM CHAMPARAN,2000,Rabi,Linseed,668,618,0.925149701
Bihar,PASHCHIM CHAMPARAN,2000,Rabi,Maize,5761,10111,1.755077244
Bihar,PASHCHIM CHAMPARAN,2000,Rabi,Masoor,12359,10740,0.869002346
Bihar,PASHCHIM CHAMPARAN,2000,Rabi,Moong(Green Gram),308,164,0.532467532
Bihar,PASHCHIM CHAMPARAN,2000,Rabi,Other  Rabi pulses,1028,508,0.494163424
Bihar,PASHCHIM CHAMPARAN,2000,Rabi,Peas & beans (Pulses),1156,1116,0.965397924
Bihar,PASHCHIM CHAMPARAN,2000,Rabi,Rapeseed &Mustard,18206,10050,0.552015819
Bihar,PASHCHIM CHAMPARAN,2000,Rabi,Safflower,32,25,0.78125
Bihar,PASHCHIM CHAMPARAN,2000,Rabi,Wheat,83236,246107,2.956737469
Bihar,PASHCHIM CHAMPARAN,2000,Summer,Maize,5767,14698,2.548638807
Bihar,PASHCHIM CHAMPARAN,2000,Summer,Rice,10438,20323,1.947020502
Bihar,PASHCHIM CHAMPARAN,2000,Whole Year,Banana,296,1246,4.209459459
Bihar,PASHCHIM CHAMPARAN,2000,Whole Year,Coriander,657,263,0.400304414
Bihar,PASHCHIM CHAMPARAN,2000,Whole Year,Dry chillies,558,391,0.700716846
Bihar,PASHCHIM CHAMPARAN,2000,Whole Year,Garlic,666,1008,1.513513514
Bihar,PASHCHIM CHAMPARAN,2000,Whole Year,Onion,1001,9189,9.17982018
Bihar,PASHCHIM CHAMPARAN,2000,Whole Year,Potato,5968,53481,8.961293566
Bihar,PASHCHIM CHAMPARAN,2000,Whole Year,Sugarcane,40723,1997675,49.05520222
Bihar,PASHCHIM CHAMPARAN,2000,Whole Year,Sweet potato,24,293,12.20833333
Bihar,PASHCHIM CHAMPARAN,2000,Whole Year,Turmeric,174,218,1.252873563
Bihar,PASHCHIM CHAMPARAN,2001,Autumn,Maize,1753,2524,1.439817456
Bihar,PASHCHIM CHAMPARAN,2001,Autumn,Rice,82008,154952,1.889474198
Bihar,PASHCHIM CHAMPARAN,2001,Kharif,Arhar/Tur,5594,8201,1.466035038
Bihar,PASHCHIM CHAMPARAN,2001,Kharif,Bajra,73,53,0.726027397
Bihar,PASHCHIM CHAMPARAN,2001,Kharif,Dry ginger,84,130,1.547619048
Bihar,PASHCHIM CHAMPARAN,2001,Kharif,Groundnut,15,13,0.866666667
Bihar,PASHCHIM CHAMPARAN,2001,Kharif,Jowar,80,68,0.85
Bihar,PASHCHIM CHAMPARAN,2001,Kharif,Jute,53,354,6.679245283
Bihar,PASHCHIM CHAMPARAN,2001,Kharif,Moong(Green Gram),42,27,0.642857143
Bihar,PASHCHIM CHAMPARAN,2001,Kharif,Ragi,12,11,0.916666667
Bihar,PASHCHIM CHAMPARAN,2001,Kharif,Rice,10612,20316,1.914436487
Bihar,PASHCHIM CHAMPARAN,2001,Kharif,Sesamum,335,218,0.650746269
Bihar,PASHCHIM CHAMPARAN,2001,Kharif,Small millets,152,120,0.789473684
Bihar,PASHCHIM CHAMPARAN,2001,Kharif,Sunflower,195,255,1.307692308
Bihar,PASHCHIM CHAMPARAN,2001,Kharif,Urad,174,148,0.850574713
Bihar,PASHCHIM CHAMPARAN,2001,Rabi,Barley,957,2006,2.096133751
Bihar,PASHCHIM CHAMPARAN,2001,Rabi,Gram,71,67,0.943661972
Bihar,PASHCHIM CHAMPARAN,2001,Rabi,Khesari,352,288,0.818181818
Bihar,PASHCHIM CHAMPARAN,2001,Rabi,Linseed,2253,1600,0.710164225
Bihar,PASHCHIM CHAMPARAN,2001,Rabi,Maize,5863,24877,4.243049633
Bihar,PASHCHIM CHAMPARAN,2001,Rabi,Masoor,12130,5374,0.4430338
Bihar,PASHCHIM CHAMPARAN,2001,Rabi,Other  Rabi pulses,1166,793,0.680102916
Bihar,PASHCHIM CHAMPARAN,2001,Rabi,Peas & beans (Pulses),1519,1495,0.984200132
Bihar,PASHCHIM CHAMPARAN,2001,Rabi,Rapeseed &Mustard,15180,8653,0.57002635
Bihar,PASHCHIM CHAMPARAN,2001,Rabi,Safflower,29,23,0.793103448
Bihar,PASHCHIM CHAMPARAN,2001,Rabi,Wheat,84041,212254,2.5256006
Bihar,PASHCHIM CHAMPARAN,2001,Summer,Maize,5786,15456,2.671275493
Bihar,PASHCHIM CHAMPARAN,2001,Summer,Rice,65505,95564,1.458881001
Bihar,PASHCHIM CHAMPARAN,2001,Whole Year,Banana,194,2732,14.08247423
Bihar,PASHCHIM CHAMPARAN,2001,Whole Year,Coriander,415,241,0.580722892
Bihar,PASHCHIM CHAMPARAN,2001,Whole Year,Dry chillies,435,330,0.75862069
Bihar,PASHCHIM CHAMPARAN,2001,Whole Year,Garlic,551,833,1.511796733
Bihar,PASHCHIM CHAMPARAN,2001,Whole Year,Onion,923,8501,9.210184182
Bihar,PASHCHIM CHAMPARAN,2001,Whole Year,Potato,5399,47727,8.839970365
Bihar,PASHCHIM CHAMPARAN,2001,Whole Year,Sugarcane,66527,3406845,51.20995987
Bihar,PASHCHIM CHAMPARAN,2001,Whole Year,Sweet potato,52,456,8.769230769
Bihar,PASHCHIM CHAMPARAN,2001,Whole Year,Turmeric,145,158,1.089655172
Bihar,PASHCHIM CHAMPARAN,2002,Autumn,Maize,2917,13195,4.523483031
Bihar,PASHCHIM CHAMPARAN,2002,Autumn,Rice,60600,107736,1.777821782
Bihar,PASHCHIM CHAMPARAN,2002,Kharif,Arhar/Tur,5622,4925,0.876022768
Bihar,PASHCHIM CHAMPARAN,2002,Kharif,Bajra,43,44,1.023255814
Bihar,PASHCHIM CHAMPARAN,2002,Kharif,Jowar,80,81,1.0125
Bihar,PASHCHIM CHAMPARAN,2002,Kharif,Mesta,94,440,4.680851064
Bihar,PASHCHIM CHAMPARAN,2002,Kharif,Moong(Green Gram),45,24,0.533333333
Bihar,PASHCHIM CHAMPARAN,2002,Kharif,Ragi,32,26,0.8125
Bihar,PASHCHIM CHAMPARAN,2002,Kharif,Sesamum,368,213,0.578804348
Bihar,PASHCHIM CHAMPARAN,2002,Kharif,Small millets,155,119,0.767741935
Bihar,PASHCHIM CHAMPARAN,2002,Kharif,Sunflower,180,230,1.277777778
Bihar,PASHCHIM CHAMPARAN,2002,Kharif,Urad,217,189,0.870967742
Bihar,PASHCHIM CHAMPARAN,2002,Rabi,Barley,8,13,1.625
Bihar,PASHCHIM CHAMPARAN,2002,Rabi,Gram,44,44,1
Bihar,PASHCHIM CHAMPARAN,2002,Rabi,Khesari,358,219,0.611731844
Bihar,PASHCHIM CHAMPARAN,2002,Rabi,Linseed,657,499,0.759512938
Bihar,PASHCHIM CHAMPARAN,2002,Rabi,Maize,5801,20530,3.539044992
Bihar,PASHCHIM CHAMPARAN,2002,Rabi,Masoor,12607,6770,0.537003252
Bihar,PASHCHIM CHAMPARAN,2002,Rabi,Other  Rabi pulses,1108,743,0.670577617
Bihar,PASHCHIM CHAMPARAN,2002,Rabi,Peas & beans (Pulses),1115,996,0.893273543
Bihar,PASHCHIM CHAMPARAN,2002,Rabi,Rapeseed &Mustard,17685,8471,0.478993497
Bihar,PASHCHIM CHAMPARAN,2002,Rabi,Safflower,36,29,0.805555556
Bihar,PASHCHIM CHAMPARAN,2002,Rabi,Wheat,80092,170399,2.127540828
Bihar,PASHCHIM CHAMPARAN,2002,Summer,Maize,5953,17072,2.867797749
Bihar,PASHCHIM CHAMPARAN,2002,Summer,Moong(Green Gram),286,157,0.548951049
Bihar,PASHCHIM CHAMPARAN,2002,Summer,Rice,10346,21144,2.043688382
Bihar,PASHCHIM CHAMPARAN,2002,Whole Year,Banana,170,2467,14.51176471
Bihar,PASHCHIM CHAMPARAN,2002,Whole Year,Coriander,649,422,0.650231125
Bihar,PASHCHIM CHAMPARAN,2002,Whole Year,Dry chillies,565,373,0.660176991
Bihar,PASHCHIM CHAMPARAN,2002,Whole Year,Dry ginger,89,132,1.483146067
Bihar,PASHCHIM CHAMPARAN,2002,Whole Year,Garlic,636,939,1.476415094
Bihar,PASHCHIM CHAMPARAN,2002,Whole Year,Onion,1008,7661,7.600198413
Bihar,PASHCHIM CHAMPARAN,2002,Whole Year,Potato,6579,55574,8.447180423
Bihar,PASHCHIM CHAMPARAN,2002,Whole Year,Sugarcane,53658,2599815,48.45158224
Bihar,PASHCHIM CHAMPARAN,2002,Whole Year,Sweet potato,21,309,14.71428571
Bihar,PASHCHIM CHAMPARAN,2002,Whole Year,Turmeric,167,165,0.988023952
Bihar,PASHCHIM CHAMPARAN,2002,Winter,Rice,90031,167491,1.860370317
Bihar,PASHCHIM CHAMPARAN,2003,Autumn,Rice,60482,101979,1.686104957
Bihar,PASHCHIM CHAMPARAN,2003,Kharif,Arhar/Tur,5372,6613,1.231012658
Bihar,PASHCHIM CHAMPARAN,2003,Kharif,Bajra,43,45,1.046511628
Bihar,PASHCHIM CHAMPARAN,2003,Kharif,Dry ginger,80,134,1.675
Bihar,PASHCHIM CHAMPARAN,2003,Kharif,Jowar,79,80,1.012658228
Bihar,PASHCHIM CHAMPARAN,2003,Kharif,Maize,2919,3756,1.286742035
Bihar,PASHCHIM CHAMPARAN,2003,Kharif,Moong(Green Gram),34,18,0.529411765
Bihar,PASHCHIM CHAMPARAN,2003,Kharif,Ragi,33,24,0.727272727
Bihar,PASHCHIM CHAMPARAN,2003,Kharif,Sesamum,359,261,0.727019499
Bihar,PASHCHIM CHAMPARAN,2003,Kharif,Small millets,113,89,0.787610619
Bihar,PASHCHIM CHAMPARAN,2003,Kharif,Sunflower,175,258,1.474285714
Bihar,PASHCHIM CHAMPARAN,2003,Kharif,Urad,217,184,0.847926267
Bihar,PASHCHIM CHAMPARAN,2003,Rabi,Barley,79,122,1.544303797
Bihar,PASHCHIM CHAMPARAN,2003,Rabi,Gram,41,48,1.170731707
Bihar,PASHCHIM CHAMPARAN,2003,Rabi,Khesari,349,295,0.845272206
Bihar,PASHCHIM CHAMPARAN,2003,Rabi,Linseed,640,502,0.784375
Bihar,PASHCHIM CHAMPARAN,2003,Rabi,Maize,5860,10132,1.729010239
Bihar,PASHCHIM CHAMPARAN,2003,Rabi,Masoor,11912,7195,0.60401276
Bihar,PASHCHIM CHAMPARAN,2003,Rabi,Other  Rabi pulses,763,519,0.680209699
Bihar,PASHCHIM CHAMPARAN,2003,Rabi,Peas & beans (Pulses),1092,1020,0.934065934
Bihar,PASHCHIM CHAMPARAN,2003,Rabi,Rapeseed &Mustard,16540,11776,0.711970979
Bihar,PASHCHIM CHAMPARAN,2003,Rabi,Safflower,36,29,0.805555556
Bihar,PASHCHIM CHAMPARAN,2003,Rabi,Wheat,79151,141538,1.788202297
Bihar,PASHCHIM CHAMPARAN,2003,Summer,Maize,6039,12684,2.10034774
Bihar,PASHCHIM CHAMPARAN,2003,Summer,Moong(Green Gram),275,137,0.498181818
Bihar,PASHCHIM CHAMPARAN,2003,Summer,Rice,7660,7992,1.043342037
Bihar,PASHCHIM CHAMPARAN,2003,Whole Year,Banana,171,2103,12.29824561
Bihar,PASHCHIM CHAMPARAN,2003,Whole Year,Coriander,637,441,0.692307692
Bihar,PASHCHIM CHAMPARAN,2003,Whole Year,Dry chillies,544,245,0.450367647
Bihar,PASHCHIM CHAMPARAN,2003,Whole Year,Garlic,628,950,1.512738854
Bihar,PASHCHIM CHAMPARAN,2003,Whole Year,Onion,985,8254,8.379695431
Bihar,PASHCHIM CHAMPARAN,2003,Whole Year,Potato,6400,55872,8.73
Bihar,PASHCHIM CHAMPARAN,2003,Whole Year,Sugarcane,54503,2366010,43.41063795
Bihar,PASHCHIM CHAMPARAN,2003,Whole Year,Sweet potato,20,291,14.55
Bihar,PASHCHIM CHAMPARAN,2003,Whole Year,Turmeric,157,155,0.987261146
Bihar,PASHCHIM CHAMPARAN,2003,Winter,Rice,89790,117144,1.30464417
Bihar,PASHCHIM CHAMPARAN,2004,Autumn,Rice,62896,90637,1.441061435
Bihar,PASHCHIM CHAMPARAN,2004,Kharif,Arhar/Tur,5308,6757,1.272984175
Bihar,PASHCHIM CHAMPARAN,2004,Kharif,Bajra,49,53,1.081632653
Bihar,PASHCHIM CHAMPARAN,2004,Kharif,Dry ginger,85,137,1.611764706
Bihar,PASHCHIM CHAMPARAN,2004,Kharif,Jowar,87,97,1.114942529
Bihar,PASHCHIM CHAMPARAN,2004,Kharif,Maize,4085,2283,0.558873929
Bihar,PASHCHIM CHAMPARAN,2004,Kharif,Moong(Green Gram),31,23,0.741935484
Bihar,PASHCHIM CHAMPARAN,2004,Kharif,Ragi,35,10,0.285714286
Bihar,PASHCHIM CHAMPARAN,2004,Kharif,Sesamum,408,318,0.779411765
Bihar,PASHCHIM CHAMPARAN,2004,Kharif,Small millets,104,103,0.990384615
Bihar,PASHCHIM CHAMPARAN,2004,Kharif,Sunflower,179,247,1.379888268
Bihar,PASHCHIM CHAMPARAN,2004,Kharif,Urad,227,160,0.704845815
Bihar,PASHCHIM CHAMPARAN,2004,Rabi,Barley,78,100,1.282051282
Bihar,PASHCHIM CHAMPARAN,2004,Rabi,Khesari,345,179,0.51884058
Bihar,PASHCHIM CHAMPARAN,2004,Rabi,Linseed,619,522,0.843295638
Bihar,PASHCHIM CHAMPARAN,2004,Rabi,Maize,5911,17136,2.899001861
Bihar,PASHCHIM CHAMPARAN,2004,Rabi,Masoor,15974,11869,0.743019907
Bihar,PASHCHIM CHAMPARAN,2004,Rabi,Other  Rabi pulses,771,524,0.679636835
Bihar,PASHCHIM CHAMPARAN,2004,Rabi,Peas & beans (Pulses),1437,1265,0.880306193
Bihar,PASHCHIM CHAMPARAN,2004,Rabi,Rapeseed &Mustard,16142,3745,0.232003469
Bihar,PASHCHIM CHAMPARAN,2004,Rabi,Safflower,35,28,0.8
Bihar,PASHCHIM CHAMPARAN,2004,Rabi,Wheat,80131,177609,2.216483009
Bihar,PASHCHIM CHAMPARAN,2004,Summer,Maize,5996,22119,3.688959306
Bihar,PASHCHIM CHAMPARAN,2004,Summer,Moong(Green Gram),273,110,0.402930403
Bihar,PASHCHIM CHAMPARAN,2004,Summer,Rice,10496,14985,1.427686738
Bihar,PASHCHIM CHAMPARAN,2004,Whole Year,Banana,175,1593,9.102857143
Bihar,PASHCHIM CHAMPARAN,2004,Whole Year,Coriander,638,418,0.655172414
Bihar,PASHCHIM CHAMPARAN,2004,Whole Year,Dry chillies,536,391,0.729477612
Bihar,PASHCHIM CHAMPARAN,2004,Whole Year,Dry ginger,83,133,1.602409639
Bihar,PASHCHIM CHAMPARAN,2004,Whole Year,Garlic,745,1126,1.511409396
Bihar,PASHCHIM CHAMPARAN,2004,Whole Year,Onion,986,1528,1.54969574
Bihar,PASHCHIM CHAMPARAN,2004,Whole Year,Potato,6572,48476,7.376141205
Bihar,PASHCHIM CHAMPARAN,2004,Whole Year,Sugarcane,55330,2349844,42.46961865
Bihar,PASHCHIM CHAMPARAN,2004,Whole Year,Sweet potato,23,366,15.91304348
Bihar,PASHCHIM CHAMPARAN,2004,Winter,Rice,95647,22242,0.232542578
Bihar,PASHCHIM CHAMPARAN,2005,Autumn,Rice,60970,75796,1.243168772
Bihar,PASHCHIM CHAMPARAN,2005,Kharif,Arhar/Tur,7330,11288,1.539972715
Bihar,PASHCHIM CHAMPARAN,2005,Kharif,Bajra,137,145,1.058394161
Bihar,PASHCHIM CHAMPARAN,2005,Kharif,Jowar,136,151,1.110294118
Bihar,PASHCHIM CHAMPARAN,2005,Kharif,Maize,3956,2187,0.552831143
Bihar,PASHCHIM CHAMPARAN,2005,Kharif,Moong(Green Gram),92,67,0.72826087
Bihar,PASHCHIM CHAMPARAN,2005,Kharif,Ragi,40,16,0.4
Bihar,PASHCHIM CHAMPARAN,2005,Kharif,Sesamum,384,309,0.8046875
Bihar,PASHCHIM CHAMPARAN,2005,Kharif,Small millets,150,118,0.786666667
Bihar,PASHCHIM CHAMPARAN,2005,Kharif,Sunflower,187,260,1.390374332
Bihar,PASHCHIM CHAMPARAN,2005,Kharif,Urad,253,195,0.770750988
Bihar,PASHCHIM CHAMPARAN,2005,Rabi,Barley,83,61,0.734939759
Bihar,PASHCHIM CHAMPARAN,2005,Rabi,Gram,96,90,0.9375
Bihar,PASHCHIM CHAMPARAN,2005,Rabi,Khesari,349,168,0.481375358
Bihar,PASHCHIM CHAMPARAN,2005,Rabi,Linseed,633,542,0.856240126
Bihar,PASHCHIM CHAMPARAN,2005,Rabi,Maize,5984,14278,2.386029412
Bihar,PASHCHIM CHAMPARAN,2005,Rabi,Masoor,15326,2989,0.195028057
Bihar,PASHCHIM CHAMPARAN,2005,Rabi,Other  Rabi pulses,772,525,0.680051813
Bihar,PASHCHIM CHAMPARAN,2005,Rabi,Peas & beans (Pulses),2060,1895,0.919902913
Bihar,PASHCHIM CHAMPARAN,2005,Rabi,Rapeseed &Mustard,16780,11461,0.683015495
Bihar,PASHCHIM CHAMPARAN,2005,Rabi,Safflower,36,29,0.805555556
Bihar,PASHCHIM CHAMPARAN,2005,Rabi,Wheat,78669,83330,1.059248243
Bihar,PASHCHIM CHAMPARAN,2005,Summer,Maize,6101,19200,3.147025078
Bihar,PASHCHIM CHAMPARAN,2005,Summer,Moong(Green Gram),284,194,0.683098592
Bihar,PASHCHIM CHAMPARAN,2005,Summer,Rice,9461,6911,0.730472466
Bihar,PASHCHIM CHAMPARAN,2005,Whole Year,Banana,216,1754,8.12037037
Bihar,PASHCHIM CHAMPARAN,2005,Whole Year,Coriander,636,499,0.784591195
Bihar,PASHCHIM CHAMPARAN,2005,Whole Year,Dry chillies,520,993,1.909615385
Bihar,PASHCHIM CHAMPARAN,2005,Whole Year,Dry ginger,86,140,1.627906977
Bihar,PASHCHIM CHAMPARAN,2005,Whole Year,Garlic,630,931,1.477777778
Bihar,PASHCHIM CHAMPARAN,2005,Whole Year,Onion,989,7744,7.830131446
Bihar,PASHCHIM CHAMPARAN,2005,Whole Year,Potato,6689,59892,8.953804754
Bihar,PASHCHIM CHAMPARAN,2005,Whole Year,Sugarcane,55993,2377461,42.45996821
Bihar,PASHCHIM CHAMPARAN,2005,Whole Year,Sweet potato,23,343,14.91304348
Bihar,PASHCHIM CHAMPARAN,2005,Whole Year,Turmeric,157,153,0.974522293
Bihar,PASHCHIM CHAMPARAN,2005,Winter,Rice,96830,123681,1.277300423
Bihar,PASHCHIM CHAMPARAN,2006,Autumn,Rice,62429,82929,1.328373032
Bihar,PASHCHIM CHAMPARAN,2006,Kharif,Arhar/Tur,6966,12553,1.802038473
Bihar,PASHCHIM CHAMPARAN,2006,Kharif,Bajra,51,55,1.078431373
Bihar,PASHCHIM CHAMPARAN,2006,Kharif,Jowar,99,110,1.111111111
Bihar,PASHCHIM CHAMPARAN,2006,Kharif,Maize,4116,6821,1.657191448
Bihar,PASHCHIM CHAMPARAN,2006,Kharif,Ragi,39,34,0.871794872
Bihar,PASHCHIM CHAMPARAN,2006,Kharif,Sesamum,389,304,0.781491003
Bihar,PASHCHIM CHAMPARAN,2006,Kharif,Urad,230,190,0.826086957
Bihar,PASHCHIM CHAMPARAN,2006,Rabi,Barley,92,92,1
Bihar,PASHCHIM CHAMPARAN,2006,Rabi,Gram,106,89,0.839622642
Bihar,PASHCHIM CHAMPARAN,2006,Rabi,Khesari,363,286,0.787878788
Bihar,PASHCHIM CHAMPARAN,2006,Rabi,Linseed,639,545,0.852895149
Bihar,PASHCHIM CHAMPARAN,2006,Rabi,Maize,6045,4256,0.704052936
Bihar,PASHCHIM CHAMPARAN,2006,Rabi,Masoor,16742,14214,0.849002509
Bihar,PASHCHIM CHAMPARAN,2006,Rabi,Peas & beans (Pulses),1571,1475,0.938892425
Bihar,PASHCHIM CHAMPARAN,2006,Rabi,Rapeseed &Mustard,16870,19654,1.165026675
Bihar,PASHCHIM CHAMPARAN,2006,Rabi,Sunflower,205,286,1.395121951
Bihar,PASHCHIM CHAMPARAN,2006,Rabi,Wheat,83627,159715,1.90984969
Bihar,PASHCHIM CHAMPARAN,2006,Summer,Maize,6459,13734,2.126335346
Bihar,PASHCHIM CHAMPARAN,2006,Summer,Moong(Green Gram),277,125,0.451263538
Bihar,PASHCHIM CHAMPARAN,2006,Summer,Rice,9780,14722,1.505316973
Bihar,PASHCHIM CHAMPARAN,2006,Winter,Rice,96711,70258,0.726473721
Bihar,PASHCHIM CHAMPARAN,2007,Autumn,Maize,4119,8573,2.08133042
Bihar,PASHCHIM CHAMPARAN,2007,Autumn,Rice,62292,36370,0.583863096
Bihar,PASHCHIM CHAMPARAN,2007,Kharif,Arhar/Tur,5914,10438,1.764964491
Bihar,PASHCHIM CHAMPARAN,2007,Kharif,Bajra,51,53,1.039215686
Bihar,PASHCHIM CHAMPARAN,2007,Kharif,Dry ginger,78,127,1.628205128
Bihar,PASHCHIM CHAMPARAN,2007,Kharif,Jowar,99,105,1.060606061
Bihar,PASHCHIM CHAMPARAN,2007,Kharif,Moong(Green Gram),104,90,0.865384615
Bihar,PASHCHIM CHAMPARAN,2007,Kharif,Ragi,39,24,0.615384615
Bihar,PASHCHIM CHAMPARAN,2007,Kharif,Sesamum,352,273,0.775568182
Bihar,PASHCHIM CHAMPARAN,2007,Kharif,Small millets,105,82,0.780952381
Bihar,PASHCHIM CHAMPARAN,2007,Kharif,Urad,206,179,0.868932039
Bihar,PASHCHIM CHAMPARAN,2007,Rabi,Barley,756,786,1.03968254
Bihar,PASHCHIM CHAMPARAN,2007,Rabi,Gram,81,80,0.987654321
Bihar,PASHCHIM CHAMPARAN,2007,Rabi,Khesari,233,195,0.836909871
Bihar,PASHCHIM CHAMPARAN,2007,Rabi,Linseed,644,541,0.840062112
Bihar,PASHCHIM CHAMPARAN,2007,Rabi,Maize,6048,43842,7.249007937
Bihar,PASHCHIM CHAMPARAN,2007,Rabi,Masoor,12925,2546,0.196982592
Bihar,PASHCHIM CHAMPARAN,2007,Rabi,Other  Rabi pulses,1088,806,0.740808824
Bihar,PASHCHIM CHAMPARAN,2007,Rabi,Peas & beans (Pulses),1068,1068,1
Bihar,PASHCHIM CHAMPARAN,2007,Rabi,Rapeseed &Mustard,18435,19025,1.03200434
Bihar,PASHCHIM CHAMPARAN,2007,Rabi,Safflower,22,18,0.818181818
Bihar,PASHCHIM CHAMPARAN,2007,Rabi,Sunflower,194,262,1.350515464
Bihar,PASHCHIM CHAMPARAN,2007,Rabi,Wheat,80507,199060,2.472580024
Bihar,PASHCHIM CHAMPARAN,2007,Summer,Maize,6251,13739,2.197888338
Bihar,PASHCHIM CHAMPARAN,2007,Summer,Moong(Green Gram),318,179,0.562893082
Bihar,PASHCHIM CHAMPARAN,2007,Summer,Rice,10428,16090,1.542961258
Bihar,PASHCHIM CHAMPARAN,2007,Whole Year,Banana,188,1587,8.441489362
Bihar,PASHCHIM CHAMPARAN,2007,Whole Year,Coriander,639,454,0.710485133
Bihar,PASHCHIM CHAMPARAN,2007,Whole Year,Dry chillies,577,1050,1.819757366
Bihar,PASHCHIM CHAMPARAN,2007,Whole Year,Garlic,614,893,1.454397394
Bihar,PASHCHIM CHAMPARAN,2007,Whole Year,Onion,1214,9591,7.900329489
Bihar,PASHCHIM CHAMPARAN,2007,Whole Year,Potato,7030,61838,8.796301565
Bihar,PASHCHIM CHAMPARAN,2007,Whole Year,Sugarcane,54386,2203815,40.52173353
Bihar,PASHCHIM CHAMPARAN,2007,Whole Year,Sweet potato,55,725,13.18181818
Bihar,PASHCHIM CHAMPARAN,2007,Whole Year,Turmeric,142,154,1.084507042
Bihar,PASHCHIM CHAMPARAN,2007,Winter,Rice,96996,36374,0.375005155
Bihar,PASHCHIM CHAMPARAN,2008,Autumn,Maize,4062,24815,6.109059577
Bihar,PASHCHIM CHAMPARAN,2008,Autumn,Rice,64203,135787,2.114963475
Bihar,PASHCHIM CHAMPARAN,2008,Kharif,Arhar/Tur,5917,6473,1.093966537
Bihar,PASHCHIM CHAMPARAN,2008,Kharif,Bajra,48,52,1.083333333
Bihar,PASHCHIM CHAMPARAN,2008,Kharif,Dry ginger,82,134,1.634146341
Bihar,PASHCHIM CHAMPARAN,2008,Kharif,Jowar,110,122,1.109090909
Bihar,PASHCHIM CHAMPARAN,2008,Kharif,Moong(Green Gram),111,95,0.855855856
Bihar,PASHCHIM CHAMPARAN,2008,Kharif,Potato,3230,28812,8.920123839
Bihar,PASHCHIM CHAMPARAN,2008,Kharif,Ragi,32,26,0.8125
Bihar,PASHCHIM CHAMPARAN,2008,Kharif,Sesamum,409,332,0.811735941
Bihar,PASHCHIM CHAMPARAN,2008,Kharif,Small millets,122,96,0.786885246
Bihar,PASHCHIM CHAMPARAN,2008,Kharif,Sweet potato,30,363,12.1
Bihar,PASHCHIM CHAMPARAN,2008,Kharif,Urad,240,204,0.85
Bihar,PASHCHIM CHAMPARAN,2008,Rabi,Barley,803,874,1.088418431
Bihar,PASHCHIM CHAMPARAN,2008,Rabi,Gram,82,76,0.926829268
Bihar,PASHCHIM CHAMPARAN,2008,Rabi,Khesari,237,195,0.82278481
Bihar,PASHCHIM CHAMPARAN,2008,Rabi,Linseed,650,546,0.84
Bihar,PASHCHIM CHAMPARAN,2008,Rabi,Maize,6106,10173,1.666066164
Bihar,PASHCHIM CHAMPARAN,2008,Rabi,Masoor,12938,10868,0.840006183
Bihar,PASHCHIM CHAMPARAN,2008,Rabi,Other  Rabi pulses,1103,817,0.740707162
Bihar,PASHCHIM CHAMPARAN,2008,Rabi,Peas & beans (Pulses),1092,1049,0.960622711
Bihar,PASHCHIM CHAMPARAN,2008,Rabi,Potato,3754,40806,10.87000533
Bihar,PASHCHIM CHAMPARAN,2008,Rabi,Rapeseed &Mustard,18469,14018,0.75900157
Bihar,PASHCHIM CHAMPARAN,2008,Rabi,Safflower,23,18,0.782608696
Bihar,PASHCHIM CHAMPARAN,2008,Rabi,Sunflower,194,262,1.350515464
Bihar,PASHCHIM CHAMPARAN,2008,Rabi,Sweet potato,26,313,12.03846154
Bihar,PASHCHIM CHAMPARAN,2008,Rabi,Wheat,80578,230611,2.86195984
Bihar,PASHCHIM CHAMPARAN,2008,Summer,Maize,6519,21342,3.273815002
Bihar,PASHCHIM CHAMPARAN,2008,Summer,Moong(Green Gram),297,155,0.521885522
Bihar,PASHCHIM CHAMPARAN,2008,Summer,Rice,9681,16297,1.683400475
Bihar,PASHCHIM CHAMPARAN,2008,Whole Year,Dry chillies,590,1033,1.750847458
Bihar,PASHCHIM CHAMPARAN,2008,Whole Year,Garlic,628,1106,1.761146497
Bihar,PASHCHIM CHAMPARAN,2008,Whole Year,Onion,1224,9878,8.070261438
Bihar,PASHCHIM CHAMPARAN,2008,Whole Year,Sugarcane,57413,2653512,46.21796457
Bihar,PASHCHIM CHAMPARAN,2008,Whole Year,Turmeric,147,179,1.217687075
Bihar,PASHCHIM CHAMPARAN,2008,Winter,Rice,104422,200558,1.920648905
Bihar,PASHCHIM CHAMPARAN,2009,Autumn,Maize,2378,2179,0.916316232
Bihar,PASHCHIM CHAMPARAN,2009,Autumn,Rice,29293,47967,1.637490185
Bihar,PASHCHIM CHAMPARAN,2009,Kharif,Arhar/Tur,5926,4593,0.775059062
Bihar,PASHCHIM CHAMPARAN,2009,Kharif,Bajra,55,61,1.109090909
Bihar,PASHCHIM CHAMPARAN,2009,Kharif,Jute,82,752,9.170731707
Bihar,PASHCHIM CHAMPARAN,2009,Kharif,Mesta,7,50,7.142857143
Bihar,PASHCHIM CHAMPARAN,2009,Kharif,Moong(Green Gram),88,58,0.659090909
Bihar,PASHCHIM CHAMPARAN,2009,Kharif,Other Kharif pulses,400,283,0.7075
Bihar,PASHCHIM CHAMPARAN,2009,Kharif,Ragi,17,12,0.705882353
Bihar,PASHCHIM CHAMPARAN,2009,Kharif,Small millets,103,81,0.786407767
Bihar,PASHCHIM CHAMPARAN,2009,Kharif,Urad,117,116,0.991452991
Bihar,PASHCHIM CHAMPARAN,2009,Rabi,Barley,755,942,1.247682119
Bihar,PASHCHIM CHAMPARAN,2009,Rabi,Khesari,233,241,1.034334764
Bihar,PASHCHIM CHAMPARAN,2009,Rabi,Linseed,644,545,0.846273292
Bihar,PASHCHIM CHAMPARAN,2009,Rabi,Maize,5967,22096,3.70303335
Bihar,PASHCHIM CHAMPARAN,2009,Rabi,Masoor,12925,8479,0.656015474
Bihar,PASHCHIM CHAMPARAN,2009,Rabi,Other  Rabi pulses,1088,812,0.746323529
Bihar,PASHCHIM CHAMPARAN,2009,Rabi,Peas & beans (Pulses),1067,1068,1.000937207
Bihar,PASHCHIM CHAMPARAN,2009,Rabi,Rapeseed &Mustard,18435,9918,0.537998373
Bihar,PASHCHIM CHAMPARAN,2009,Rabi,Sunflower,154,216,1.402597403
Bihar,PASHCHIM CHAMPARAN,2009,Rabi,Wheat,82065,172678,2.104161336
Bihar,PASHCHIM CHAMPARAN,2009,Summer,Maize,6030,14784,2.451741294
Bihar,PASHCHIM CHAMPARAN,2009,Summer,Moong(Green Gram),347,143,0.412103746
Bihar,PASHCHIM CHAMPARAN,2009,Summer,Rice,6712,8850,1.318533969
Bihar,PASHCHIM CHAMPARAN,2009,Whole Year,Sugarcane,21226,672568,31.68604542
Bihar,PASHCHIM CHAMPARAN,2009,Winter,Rice,94368,119367,1.264909715
Bihar,PASHCHIM CHAMPARAN,2010,Autumn,Maize,2036,2956,1.451866405
Bihar,PASHCHIM CHAMPARAN,2010,Autumn,Rice,33623,38155,1.134788686
Bihar,PASHCHIM CHAMPARAN,2010,Kharif,Arhar/Tur,4511,5540,1.228109067
Bihar,PASHCHIM CHAMPARAN,2010,Kharif,Jute,79,721,9.126582278
Bihar,PASHCHIM CHAMPARAN,2010,Kharif,Mesta,7,120,17.14285714
Bihar,PASHCHIM CHAMPARAN,2010,Kharif,Moong(Green Gram),98,64,0.653061224
Bihar,PASHCHIM CHAMPARAN,2010,Kharif,Other Kharif pulses,63,43,0.682539683
Bihar,PASHCHIM CHAMPARAN,2010,Kharif,Ragi,9,14,1.555555556
Bihar,PASHCHIM CHAMPARAN,2010,Kharif,Safflower,21,17,0.80952381
Bihar,PASHCHIM CHAMPARAN,2010,Kharif,Sesamum,172,136,0.790697674
Bihar,PASHCHIM CHAMPARAN,2010,Kharif,Small millets,55,43,0.781818182
Bihar,PASHCHIM CHAMPARAN,2010,Kharif,Urad,90,78,0.866666667
Bihar,PASHCHIM CHAMPARAN,2010,Rabi,Barley,806,1056,1.310173697
Bihar,PASHCHIM CHAMPARAN,2010,Rabi,Gram,75,78,1.04
Bihar,PASHCHIM CHAMPARAN,2010,Rabi,Khesari,387,381,0.984496124
Bihar,PASHCHIM CHAMPARAN,2010,Rabi,Linseed,650,532,0.818461538
Bihar,PASHCHIM CHAMPARAN,2010,Rabi,Maize,5175,16306,3.150917874
Bihar,PASHCHIM CHAMPARAN,2010,Rabi,Masoor,15145,9738,0.642984483
Bihar,PASHCHIM CHAMPARAN,2010,Rabi,Other  Rabi pulses,945,702,0.742857143
Bihar,PASHCHIM CHAMPARAN,2010,Rabi,Peas & beans (Pulses),896,927,1.034598214
Bihar,PASHCHIM CHAMPARAN,2010,Rabi,Rapeseed &Mustard,16116,13312,0.826011417
Bihar,PASHCHIM CHAMPARAN,2010,Rabi,Sunflower,130,186,1.430769231
Bihar,PASHCHIM CHAMPARAN,2010,Rabi,Wheat,71592,192215,2.684867024
Bihar,PASHCHIM CHAMPARAN,2010,Summer,Maize,3949,11683,2.958470499
Bihar,PASHCHIM CHAMPARAN,2010,Summer,Moong(Green Gram),236,121,0.512711864
Bihar,PASHCHIM CHAMPARAN,2010,Summer,Rice,2447,4320,1.765427054
Bihar,PASHCHIM CHAMPARAN,2010,Whole Year,Sugarcane,125208,4873470,38.92299214
Bihar,PASHCHIM CHAMPARAN,2010,Winter,Rice,93308,117436,1.258584473
Bihar,PASHCHIM CHAMPARAN,2011,Autumn,Maize,2122,6880,3.242224317
Bihar,PASHCHIM CHAMPARAN,2011,Autumn,Rice,52990,104671,1.975297226
Bihar,PASHCHIM CHAMPARAN,2011,Kharif,Arhar/Tur,851,2266,2.662749706
Bihar,PASHCHIM CHAMPARAN,2011,Kharif,Bajra,57,64,1.122807018
Bihar,PASHCHIM CHAMPARAN,2011,Kharif,Groundnut,184,188,1.02173913
Bihar,PASHCHIM CHAMPARAN,2011,Kharif,Horse-gram,47,45,0.957446809
Bihar,PASHCHIM CHAMPARAN,2011,Kharif,Moong(Green Gram),98,55,0.56122449
Bihar,PASHCHIM CHAMPARAN,2011,Kharif,Other Kharif pulses,8,6,0.75
Bihar,PASHCHIM CHAMPARAN,2011,Kharif,Ragi,9,16,1.777777778
Bihar,PASHCHIM CHAMPARAN,2011,Kharif,Safflower,3,2,0.666666667
Bihar,PASHCHIM CHAMPARAN,2011,Kharif,Sesamum,64,57,0.890625
Bihar,PASHCHIM CHAMPARAN,2011,Kharif,Urad,192,169,0.880208333
Bihar,PASHCHIM CHAMPARAN,2011,Rabi,Barley,164,337,2.054878049
Bihar,PASHCHIM CHAMPARAN,2011,Rabi,Gram,26,34,1.307692308
Bihar,PASHCHIM CHAMPARAN,2011,Rabi,Khesari,1002,759,0.75748503
Bihar,PASHCHIM CHAMPARAN,2011,Rabi,Linseed,894,773,0.864653244
Bihar,PASHCHIM CHAMPARAN,2011,Rabi,Maize,4467,14151,3.167897918
Bihar,PASHCHIM CHAMPARAN,2011,Rabi,Masoor,14105,19465,1.38000709
Bihar,PASHCHIM CHAMPARAN,2011,Rabi,Other  Rabi pulses,144,160,1.111111111
Bihar,PASHCHIM CHAMPARAN,2011,Rabi,Peas & beans (Pulses),789,813,1.030418251
Bihar,PASHCHIM CHAMPARAN,2011,Rabi,Rapeseed &Mustard,6478,10119,1.56205619
Bihar,PASHCHIM CHAMPARAN,2011,Rabi,Sunflower,53,79,1.490566038
Bihar,PASHCHIM CHAMPARAN,2011,Rabi,Wheat,71144,230808,3.24423704
Bihar,PASHCHIM CHAMPARAN,2011,Summer,Maize,3409,11029,3.235259607
Bihar,PASHCHIM CHAMPARAN,2011,Summer,Moong(Green Gram),850,333,0.391764706
Bihar,PASHCHIM CHAMPARAN,2011,Summer,Rice,273,447,1.637362637
Bihar,PASHCHIM CHAMPARAN,2011,Winter,Rice,119953,311459,2.596508633
Bihar,PASHCHIM CHAMPARAN,2012,Autumn,Maize,2129,7558,3.550023485
Bihar,PASHCHIM CHAMPARAN,2012,Autumn,Rice,47432,91581,1.930785124
Bihar,PASHCHIM CHAMPARAN,2012,Kharif,Arhar/Tur,617,766,1.241491086
Bihar,PASHCHIM CHAMPARAN,2012,Kharif,Bajra,17,19,1.117647059
Bihar,PASHCHIM CHAMPARAN,2012,Kharif,Groundnut,196,201,1.025510204
Bihar,PASHCHIM CHAMPARAN,2012,Kharif,Horse-gram,42,41,0.976190476
Bihar,PASHCHIM CHAMPARAN,2012,Kharif,Moong(Green Gram),45,21,0.466666667
Bihar,PASHCHIM CHAMPARAN,2012,Kharif,Other Kharif pulses,196,148,0.755102041
Bihar,PASHCHIM CHAMPARAN,2012,Kharif,Ragi,8,15,1.875
Bihar,PASHCHIM CHAMPARAN,2012,Kharif,Sesamum,57,50,0.877192982
Bihar,PASHCHIM CHAMPARAN,2012,Kharif,Urad,166,146,0.879518072
Bihar,PASHCHIM CHAMPARAN,2012,Rabi,Barley,127,194,1.527559055
Bihar,PASHCHIM CHAMPARAN,2012,Rabi,Gram,31,43,1.387096774
Bihar,PASHCHIM CHAMPARAN,2012,Rabi,Khesari,1281,1006,0.785323966
Bihar,PASHCHIM CHAMPARAN,2012,Rabi,Linseed,2049,1776,0.866764275
Bihar,PASHCHIM CHAMPARAN,2012,Rabi,Maize,5422,10600,1.954998156
Bihar,PASHCHIM CHAMPARAN,2012,Rabi,Masoor,10862,9493,0.873964279
Bihar,PASHCHIM CHAMPARAN,2012,Rabi,Other  Rabi pulses,111,122,1.099099099
Bihar,PASHCHIM CHAMPARAN,2012,Rabi,Peas & beans (Pulses),486,506,1.041152263
Bihar,PASHCHIM CHAMPARAN,2012,Rabi,Rapeseed &Mustard,8209,11731,1.429041296
Bihar,PASHCHIM CHAMPARAN,2012,Rabi,Safflower,2,2,1
Bihar,PASHCHIM CHAMPARAN,2012,Rabi,Sunflower,55,82,1.490909091
Bihar,PASHCHIM CHAMPARAN,2012,Rabi,Wheat,69523,178203,2.563223681
Bihar,PASHCHIM CHAMPARAN,2012,Summer,Maize,3506,17490,4.988590987
Bihar,PASHCHIM CHAMPARAN,2012,Summer,Moong(Green Gram),883,551,0.62400906
Bihar,PASHCHIM CHAMPARAN,2012,Summer,Rice,1581,3634,2.298545225
Bihar,PASHCHIM CHAMPARAN,2012,Whole Year,Sugarcane,151761,7030930,46.32896462
Bihar,PASHCHIM CHAMPARAN,2012,Winter,Rice,114897,265446,2.310295308
Bihar,PASHCHIM CHAMPARAN,2013,Autumn,Maize,2239,6449,2.880303707
Bihar,PASHCHIM CHAMPARAN,2013,Autumn,Rice,48010,93968,1.957258904
Bihar,PASHCHIM CHAMPARAN,2013,Kharif,Arhar/Tur,528,714,1.352272727
Bihar,PASHCHIM CHAMPARAN,2013,Kharif,Bajra,32,36,1.125
Bihar,PASHCHIM CHAMPARAN,2013,Kharif,Groundnut,183,188,1.027322404
Bihar,PASHCHIM CHAMPARAN,2013,Kharif,Horse-gram,38,36,0.947368421
Bihar,PASHCHIM CHAMPARAN,2013,Kharif,Jowar,2,2,1
Bihar,PASHCHIM CHAMPARAN,2013,Kharif,Mesta,14,92,6.571428571
Bihar,PASHCHIM CHAMPARAN,2013,Kharif,Moong(Green Gram),11,6,0.545454545
Bihar,PASHCHIM CHAMPARAN,2013,Kharif,Other Kharif pulses,146,110,0.753424658
Bihar,PASHCHIM CHAMPARAN,2013,Kharif,Ragi,7,7,1
Bihar,PASHCHIM CHAMPARAN,2013,Kharif,Sannhamp,1,1,1
Bihar,PASHCHIM CHAMPARAN,2013,Kharif,Sesamum,69,60,0.869565217
Bihar,PASHCHIM CHAMPARAN,2013,Kharif,Urad,176,161,0.914772727
Bihar,PASHCHIM CHAMPARAN,2013,Rabi,Barley,120,174,1.45
Bihar,PASHCHIM CHAMPARAN,2013,Rabi,Gram,26,30,1.153846154
Bihar,PASHCHIM CHAMPARAN,2013,Rabi,Khesari,1224,1366,1.116013072
Bihar,PASHCHIM CHAMPARAN,2013,Rabi,Linseed,1857,1578,0.849757674
Bihar,PASHCHIM CHAMPARAN,2013,Rabi,Maize,5081,14435,2.840976186
Bihar,PASHCHIM CHAMPARAN,2013,Rabi,Masoor,10493,29905,2.849995235
Bihar,PASHCHIM CHAMPARAN,2013,Rabi,Other  Rabi pulses,102,103,1.009803922
Bihar,PASHCHIM CHAMPARAN,2013,Rabi,Peas & beans (Pulses),490,519,1.059183673
Bihar,PASHCHIM CHAMPARAN,2013,Rabi,Rapeseed &Mustard,7838,8167,1.041974994
Bihar,PASHCHIM CHAMPARAN,2013,Rabi,Sunflower,21,30,1.428571429
Bihar,PASHCHIM CHAMPARAN,2013,Rabi,Wheat,67961,195217,2.87248569
Bihar,PASHCHIM CHAMPARAN,2013,Summer,Maize,3423,11637,3.39964943
Bihar,PASHCHIM CHAMPARAN,2013,Summer,Moong(Green Gram),854,492,0.576112412
Bihar,PASHCHIM CHAMPARAN,2013,Summer,Rice,189,437,2.312169312
Bihar,PASHCHIM CHAMPARAN,2013,Whole Year,Sugarcane,149977,7288132,48.5949979
Bihar,PASHCHIM CHAMPARAN,2013,Winter,Rice,114420,239053,2.089258871
Bihar,PASHCHIM CHAMPARAN,2014,Autumn,Maize,2073,4874,2.351181862
Bihar,PASHCHIM CHAMPARAN,2014,Autumn,Rice,43085,78658,1.825646977
Bihar,PASHCHIM CHAMPARAN,2014,Kharif,Arhar/Tur,494,750,1.518218623
Bihar,PASHCHIM CHAMPARAN,2014,Kharif,Bajra,1,1,1
Bihar,PASHCHIM CHAMPARAN,2014,Kharif,Groundnut,166,170,1.024096386
Bihar,PASHCHIM CHAMPARAN,2014,Kharif,Horse-gram,34,33,0.970588235
Bihar,PASHCHIM CHAMPARAN,2014,Kharif,Mesta,12,155,12.91666667
Bihar,PASHCHIM CHAMPARAN,2014,Kharif,Moong(Green Gram),8,4,0.5
Bihar,PASHCHIM CHAMPARAN,2014,Kharif,Other Kharif pulses,133,101,0.759398496
Bihar,PASHCHIM CHAMPARAN,2014,Kharif,Ragi,7,9,1.285714286
Bihar,PASHCHIM CHAMPARAN,2014,Kharif,Sannhamp,1,1,1
Bihar,PASHCHIM CHAMPARAN,2014,Kharif,Sesamum,66,58,0.878787879
Bihar,PASHCHIM CHAMPARAN,2014,Kharif,Urad,160,146,0.9125
Bihar,PASHCHIM CHAMPARAN,2014,Rabi,Barley,2127,4043,1.900799248
Bihar,PASHCHIM CHAMPARAN,2014,Rabi,Gram,24,23,0.958333333
Bihar,PASHCHIM CHAMPARAN,2014,Rabi,Khesari,1110,1099,0.99009009
Bihar,PASHCHIM CHAMPARAN,2014,Rabi,Linseed,1730,1490,0.861271676
Bihar,PASHCHIM CHAMPARAN,2014,Rabi,Maize,4641,13083,2.819004525
Bihar,PASHCHIM CHAMPARAN,2014,Rabi,Masoor,10238,4525,0.441980856
Bihar,PASHCHIM CHAMPARAN,2014,Rabi,Other  Rabi pulses,90,90,1
Bihar,PASHCHIM CHAMPARAN,2014,Rabi,Peas & beans (Pulses),454,352,0.775330396
Bihar,PASHCHIM CHAMPARAN,2014,Rabi,Rapeseed &Mustard,7341,6871,0.935976025
Bihar,PASHCHIM CHAMPARAN,2014,Rabi,Sunflower,19,28,1.473684211
Bihar,PASHCHIM CHAMPARAN,2014,Rabi,Wheat,65585,80074,1.220919418
Bihar,PASHCHIM CHAMPARAN,2014,Summer,Maize,3111,10365,3.331726133
Bihar,PASHCHIM CHAMPARAN,2014,Summer,Moong(Green Gram),832,431,0.518028846
Bihar,PASHCHIM CHAMPARAN,2014,Summer,Rice,172,353,2.052325581
Bihar,PASHCHIM CHAMPARAN,2014,Whole Year,Sugarcane,149624,9614539,64.25800005
Bihar,PASHCHIM CHAMPARAN,2014,Winter,Rice,109718,289137,2.635274066
Bihar,PATNA,1997,Autumn,Rice,1179,1594,1.351993215
Bihar,PATNA,1997,Kharif,Arhar/Tur,810,1136,1.402469136
Bihar,PATNA,1997,Kharif,Castor seed,36,28,0.777777778
Bihar,PATNA,1997,Kharif,Maize,5545,2878,0.51902615
Bihar,PATNA,1997,Kharif,Other Kharif pulses,2,1,0.5
Bihar,PATNA,1997,Kharif,Small millets,496,408,0.822580645
Bihar,PATNA,1997,Rabi,Barley,963,1197,1.242990654
Bihar,PATNA,1997,Rabi,Gram,9567,8783,0.918051636
Bihar,PATNA,1997,Rabi,Linseed,354,262,0.740112994
Bihar,PATNA,1997,Rabi,Maize,855,1335,1.561403509
Bihar,PATNA,1997,Rabi,Other  Rabi pulses,505,520,1.02970297
Bihar,PATNA,1997,Rabi,Rapeseed &Mustard,1530,1506,0.984313725
Bihar,PATNA,1997,Rabi,Safflower,71,55,0.774647887
Bihar,PATNA,1997,Rabi,Sunflower,92,69,0.75
Bihar,PATNA,1997,Rabi,Wheat,60566,168132,2.776012945
Bihar,PATNA,1997,Summer,Maize,1835,3756,2.046866485
Bihar,PATNA,1997,Summer,Rice,146,286,1.95890411
Bihar,PATNA,1997,Whole Year,Coriander,92,42,0.456521739
Bihar,PATNA,1997,Whole Year,Dry chillies,91,77,0.846153846
Bihar,PATNA,1997,Whole Year,Garlic,5,7,1.4
Bihar,PATNA,1997,Whole Year,Onion,575,4543,7.900869565
Bihar,PATNA,1997,Whole Year,Potato,4799,52436,10.92644301
Bihar,PATNA,1997,Whole Year,Ragi,69,61,0.884057971
Bihar,PATNA,1997,Whole Year,Sannhamp,13,7,0.538461538
Bihar,PATNA,1997,Whole Year,Sugarcane,375,18990,50.64
Bihar,PATNA,1997,Whole Year,Sweet potato,30,396,13.2
Bihar,PATNA,1997,Winter,Rice,95558,182653,1.911435987
Bihar,PATNA,1998,Kharif,Arhar/Tur,1697,2579,1.519740719
Bihar,PATNA,1998,Kharif,Blackgram,5,5,1
Bihar,PATNA,1998,Kharif,Castor seed,50,42,0.84
Bihar,PATNA,1998,Kharif,Jowar,7,8,1.142857143
Bihar,PATNA,1998,Kharif,Maize,4727,10375,2.194838164
Bihar,PATNA,1998,Kharif,Other Kharif pulses,26,14,0.538461538
Bihar,PATNA,1998,Kharif,Ragi,620,528,0.851612903
Bihar,PATNA,1998,Kharif,Small millets,5,5,1
Bihar,PATNA,1998,Kharif,Sunflower,42,33,0.785714286
Bihar,PATNA,1998,Rabi,Barley,897,1683,1.876254181
Bihar,PATNA,1998,Rabi,Gram,9802,16644,1.698020812
Bihar,PATNA,1998,Rabi,Linseed,265,131,0.494339623
Bihar,PATNA,1998,Rabi,Maize,674,2011,2.983679525
Bihar,PATNA,1998,Rabi,Other  Rabi pulses,56102,83142,1.481979252
Bihar,PATNA,1998,Rabi,Rapeseed &Mustard,1771,1612,0.910220215
Bihar,PATNA,1998,Rabi,Wheat,62838,157981,2.514099749
Bihar,PATNA,1998,Summer,Maize,2276,7410,3.255711775
Bihar,PATNA,1998,Summer,Rice,25,56,2.24
Bihar,PATNA,1998,Whole Year,Coriander,140,86,0.614285714
Bihar,PATNA,1998,Whole Year,Dry chillies,410,640,1.56097561
Bihar,PATNA,1998,Whole Year,Garlic,4,6,1.5
Bihar,PATNA,1998,Whole Year,Onion,1324,12406,9.370090634
Bihar,PATNA,1998,Whole Year,Potato,7147,86719,12.1336225
Bihar,PATNA,1998,Whole Year,Sannhamp,5,3,0.6
Bihar,PATNA,1998,Whole Year,Sugarcane,380,8930,23.5
Bihar,PATNA,1998,Whole Year,Sweet potato,5,54,10.8
Bihar,PATNA,1998,Winter,Rice,112521,286139,2.542983088
Bihar,PATNA,1999,Kharif,Arhar/Tur,1844,2803,1.520065076
Bihar,PATNA,1999,Kharif,Jowar,814,1687,2.072481572
Bihar,PATNA,1999,Kharif,Maize,9850,28053,2.848020305
Bihar,PATNA,1999,Kharif,Moong(Green Gram),9,5,0.555555556
Bihar,PATNA,1999,Kharif,Ragi,110,108,0.981818182
Bihar,PATNA,1999,Kharif,Rice,658,700,1.063829787
Bihar,PATNA,1999,Kharif,Sunflower,35,50,1.428571429
Bihar,PATNA,1999,Kharif,Urad,2,1,0.5
Bihar,PATNA,1999,Rabi,Gram,11690,13619,1.165012831
Bihar,PATNA,1999,Rabi,Khesari,31129,43643,1.402004562
Bihar,PATNA,1999,Rabi,Linseed,469,243,0.518123667
Bihar,PATNA,1999,Rabi,Maize,848,2552,3.009433962
Bihar,PATNA,1999,Rabi,Masoor,32763,39217,1.196990508
Bihar,PATNA,1999,Rabi,Moong(Green Gram),34,13,0.382352941
Bihar,PATNA,1999,Rabi,Peas & beans (Pulses),2976,2024,0.680107527
Bihar,PATNA,1999,Rabi,Rapeseed &Mustard,2555,1699,0.664970646
Bihar,PATNA,1999,Rabi,Wheat,71387,186317,2.609956995
Bihar,PATNA,1999,Summer,Maize,5797,14062,2.42573745
Bihar,PATNA,1999,Summer,Rice,22,47,2.136363636
Bihar,PATNA,1999,Whole Year,Coriander,162,84,0.518518519
Bihar,PATNA,1999,Whole Year,Dry chillies,438,566,1.292237443
Bihar,PATNA,1999,Whole Year,Garlic,4,6,1.5
Bihar,PATNA,1999,Whole Year,Onion,1313,22295,16.98019802
Bihar,PATNA,1999,Whole Year,Potato,6209,73892,11.90078918
Bihar,PATNA,1999,Whole Year,Sugarcane,497,10792,21.71428571
Bihar,PATNA,1999,Whole Year,Sweet potato,12,164,13.66666667
Bihar,PATNA,2000,Autumn,Rice,99073,201703,2.035902819
Bihar,PATNA,2000,Kharif,Arhar/Tur,1326,2392,1.803921569
Bihar,PATNA,2000,Kharif,Maize,6605,18274,2.7666919
Bihar,PATNA,2000,Kharif,Moong(Green Gram),276,174,0.630434783
Bihar,PATNA,2000,Kharif,Ragi,103,113,1.097087379
Bihar,PATNA,2000,Kharif,Rice,679,840,1.237113402
Bihar,PATNA,2000,Kharif,Small millets,32,18,0.5625
Bihar,PATNA,2000,Kharif,Sunflower,40,58,1.45
Bihar,PATNA,2000,Kharif,Urad,4,3,0.75
Bihar,PATNA,2000,Rabi,Barley,846,1411,1.6678487
Bihar,PATNA,2000,Rabi,Gram,12301,20112,1.634989025
Bihar,PATNA,2000,Rabi,Khesari,21193,28780,1.357995565
Bihar,PATNA,2000,Rabi,Linseed,3384,2369,0.700059102
Bihar,PATNA,2000,Rabi,Maize,1435,2216,1.544250871
Bihar,PATNA,2000,Rabi,Masoor,28266,35248,1.247010543
Bihar,PATNA,2000,Rabi,Moong(Green Gram),96,56,0.583333333
Bihar,PATNA,2000,Rabi,Peas & beans (Pulses),3363,3235,0.961938745
Bihar,PATNA,2000,Rabi,Rapeseed &Mustard,3098,3730,1.204002582
Bihar,PATNA,2000,Rabi,Wheat,61360,162834,2.65374837
Bihar,PATNA,2000,Summer,Maize,2127,5739,2.698166432
Bihar,PATNA,2000,Summer,Rice,174,247,1.41954023
Bihar,PATNA,2000,Whole Year,Coriander,78,46,0.58974359
Bihar,PATNA,2000,Whole Year,Dry chillies,671,1436,2.140089419
Bihar,PATNA,2000,Whole Year,Garlic,5,6,1.2
Bihar,PATNA,2000,Whole Year,Onion,570,9080,15.92982456
Bihar,PATNA,2000,Whole Year,Potato,7021,83639,11.9126905
Bihar,PATNA,2000,Whole Year,Sugarcane,614,17263,28.11563518
Bihar,PATNA,2000,Whole Year,Sweet potato,134,1630,12.1641791
Bihar,PATNA,2001,Autumn,Maize,2370,3930,1.658227848
Bihar,PATNA,2001,Autumn,Rice,100152,198176,1.978752297
Bihar,PATNA,2001,Kharif,Arhar/Tur,1105,800,0.7239819
Bihar,PATNA,2001,Kharif,Moong(Green Gram),9,5,0.555555556
Bihar,PATNA,2001,Kharif,Ragi,22,19,0.863636364
Bihar,PATNA,2001,Kharif,Rice,163,276,1.693251534
Bihar,PATNA,2001,Kharif,Small millets,19,15,0.789473684
Bihar,PATNA,2001,Kharif,Sunflower,35,51,1.457142857
Bihar,PATNA,2001,Kharif,Urad,3,2,0.666666667
Bihar,PATNA,2001,Rabi,Barley,785,1410,1.796178344
Bihar,PATNA,2001,Rabi,Gram,11216,13863,1.23600214
Bihar,PATNA,2001,Rabi,Khesari,20146,19743,0.979996029
Bihar,PATNA,2001,Rabi,Linseed,1373,1140,0.830298616
Bihar,PATNA,2001,Rabi,Maize,886,1297,1.463882619
Bihar,PATNA,2001,Rabi,Masoor,25155,29633,1.178016299
Bihar,PATNA,2001,Rabi,Peas & beans (Pulses),3091,3042,0.984147525
Bihar,PATNA,2001,Rabi,Rapeseed &Mustard,2475,2069,0.835959596
Bihar,PATNA,2001,Rabi,Wheat,61484,145488,2.366274153
Bihar,PATNA,2001,Summer,Maize,2177,4883,2.242994947
Bihar,PATNA,2001,Summer,Rice,4423,5090,1.150802623
Bihar,PATNA,2001,Whole Year,Coriander,127,74,0.582677165
Bihar,PATNA,2001,Whole Year,Dry chillies,506,840,1.660079051
Bihar,PATNA,2001,Whole Year,Garlic,4,6,1.5
Bihar,PATNA,2001,Whole Year,Onion,1069,15928,14.89990645
Bihar,PATNA,2001,Whole Year,Potato,6835,89650,13.11631309
Bihar,PATNA,2001,Whole Year,Sugarcane,268,10755,40.13059701
Bihar,PATNA,2001,Whole Year,Sweet potato,25,284,11.36
Bihar,PATNA,2002,Autumn,Maize,6905,11013,1.594931209
Bihar,PATNA,2002,Autumn,Rice,47,54,1.14893617
Bihar,PATNA,2002,Kharif,Arhar/Tur,455,823,1.808791209
Bihar,PATNA,2002,Kharif,Bajra,310,319,1.029032258
Bihar,PATNA,2002,Kharif,Castor seed,11,11,1
Bihar,PATNA,2002,Kharif,Moong(Green Gram),21,11,0.523809524
Bihar,PATNA,2002,Kharif,Ragi,29,20,0.689655172
Bihar,PATNA,2002,Kharif,Small millets,65,51,0.784615385
Bihar,PATNA,2002,Kharif,Sunflower,9,13,1.444444444
Bihar,PATNA,2002,Kharif,Urad,5,5,1
Bihar,PATNA,2002,Rabi,Barley,564,931,1.65070922
Bihar,PATNA,2002,Rabi,Gram,8183,10892,1.331052181
Bihar,PATNA,2002,Rabi,Khesari,19360,24568,1.269008264
Bihar,PATNA,2002,Rabi,Linseed,404,240,0.594059406
Bihar,PATNA,2002,Rabi,Maize,765,1607,2.100653595
Bihar,PATNA,2002,Rabi,Masoor,29355,38631,1.315993868
Bihar,PATNA,2002,Rabi,Peas & beans (Pulses),2669,2175,0.814911952
Bihar,PATNA,2002,Rabi,Rapeseed &Mustard,3067,3803,1.239973916
Bihar,PATNA,2002,Rabi,Wheat,63403,163022,2.571203255
Bihar,PATNA,2002,Summer,Maize,3012,7385,2.45185923
Bihar,PATNA,2002,Summer,Moong(Green Gram),86,54,0.627906977
Bihar,PATNA,2002,Summer,Rice,139,205,1.474820144
Bihar,PATNA,2002,Whole Year,Coriander,117,75,0.641025641
Bihar,PATNA,2002,Whole Year,Dry chillies,96,49,0.510416667
Bihar,PATNA,2002,Whole Year,Garlic,14,21,1.5
Bihar,PATNA,2002,Whole Year,Onion,1091,12328,11.29972502
Bihar,PATNA,2002,Whole Year,Potato,6501,73039,11.23504076
Bihar,PATNA,2002,Whole Year,Sannhamp,9,6,0.666666667
Bihar,PATNA,2002,Whole Year,Sugarcane,604,22898,37.91059603
Bihar,PATNA,2002,Whole Year,Sweet potato,75,866,11.54666667
Bihar,PATNA,2002,Winter,Rice,108208,217917,2.013871433
Bihar,PATNA,2003,Kharif,Arhar/Tur,398,414,1.040201005
Bihar,PATNA,2003,Kharif,Bajra,459,487,1.061002179
Bihar,PATNA,2003,Kharif,Maize,7598,10168,1.338246907
Bihar,PATNA,2003,Kharif,Moong(Green Gram),164,87,0.530487805
Bihar,PATNA,2003,Kharif,Other Kharif pulses,74,41,0.554054054
Bihar,PATNA,2003,Kharif,Ragi,17,11,0.647058824
Bihar,PATNA,2003,Kharif,Small millets,35,27,0.771428571
Bihar,PATNA,2003,Kharif,Sunflower,3,4,1.333333333
Bihar,PATNA,2003,Kharif,Urad,3,2,0.666666667
Bihar,PATNA,2003,Rabi,Barley,582,588,1.010309278
Bihar,PATNA,2003,Rabi,Gram,9204,10667,1.158952629
Bihar,PATNA,2003,Rabi,Khesari,18553,23117,1.245997952
Bihar,PATNA,2003,Rabi,Linseed,574,300,0.522648084
Bihar,PATNA,2003,Rabi,Maize,546,1421,2.602564103
Bihar,PATNA,2003,Rabi,Masoor,28899,36471,1.262015987
Bihar,PATNA,2003,Rabi,Peas & beans (Pulses),2160,1827,0.845833333
Bihar,PATNA,2003,Rabi,Rapeseed &Mustard,2258,1603,0.709920283
Bihar,PATNA,2003,Rabi,Wheat,61820,158649,2.566305403
Bihar,PATNA,2003,Summer,Maize,2755,7869,2.856261343
Bihar,PATNA,2003,Summer,Moong(Green Gram),176,86,0.488636364
Bihar,PATNA,2003,Summer,Rice,212,309,1.45754717
Bihar,PATNA,2003,Whole Year,Coriander,119,82,0.68907563
Bihar,PATNA,2003,Whole Year,Dry chillies,93,133,1.430107527
Bihar,PATNA,2003,Whole Year,Onion,1273,11839,9.300078555
Bihar,PATNA,2003,Whole Year,Potato,4981,47831,9.602690223
Bihar,PATNA,2003,Whole Year,Sannhamp,3,2,0.666666667
Bihar,PATNA,2003,Whole Year,Sugarcane,468,17650,37.71367521
Bihar,PATNA,2003,Whole Year,Sweet potato,57,560,9.824561404
Bihar,PATNA,2003,Winter,Rice,100766,230257,2.285066391
Bihar,PATNA,2004,Kharif,Arhar/Tur,398,344,0.864321608
Bihar,PATNA,2004,Kharif,Castor seed,11,10,0.909090909
Bihar,PATNA,2004,Kharif,Maize,7689,11400,1.482637534
Bihar,PATNA,2004,Kharif,Moong(Green Gram),9,3,0.333333333
Bihar,PATNA,2004,Kharif,Ragi,5,3,0.6
Bihar,PATNA,2004,Kharif,Small millets,50,41,0.82
Bihar,PATNA,2004,Kharif,Sunflower,16,21,1.3125
Bihar,PATNA,2004,Kharif,Urad,2,1,0.5
Bihar,PATNA,2004,Rabi,Barley,375,628,1.674666667
Bihar,PATNA,2004,Rabi,Gram,7056,7635,1.082057823
Bihar,PATNA,2004,Rabi,Khesari,17230,18453,1.070980847
Bihar,PATNA,2004,Rabi,Linseed,457,433,0.947483589
Bihar,PATNA,2004,Rabi,Maize,770,3773,4.9
Bihar,PATNA,2004,Rabi,Masoor,29018,31978,1.102005652
Bihar,PATNA,2004,Rabi,Peas & beans (Pulses),2262,1948,0.861184792
Bihar,PATNA,2004,Rabi,Rapeseed &Mustard,2779,2643,0.951061533
Bihar,PATNA,2004,Rabi,Wheat,59857,111277,1.859047396
Bihar,PATNA,2004,Summer,Maize,2065,5949,2.880871671
Bihar,PATNA,2004,Summer,Moong(Green Gram),141,78,0.553191489
Bihar,PATNA,2004,Summer,Rice,209,297,1.421052632
Bihar,PATNA,2004,Whole Year,Coriander,87,57,0.655172414
Bihar,PATNA,2004,Whole Year,Dry chillies,247,101,0.408906883
Bihar,PATNA,2004,Whole Year,Garlic,14,21,1.5
Bihar,PATNA,2004,Whole Year,Onion,1053,8729,8.289648623
Bihar,PATNA,2004,Whole Year,Potato,5363,44017,8.207533097
Bihar,PATNA,2004,Whole Year,Sannhamp,3,2,0.666666667
Bihar,PATNA,2004,Whole Year,Sugarcane,452,17156,37.95575221
Bihar,PATNA,2004,Whole Year,Sweet potato,49,685,13.97959184
Bihar,PATNA,2004,Winter,Rice,76049,43077,0.566437429
Bihar,PATNA,2005,Autumn,Rice,1682,1881,1.118311534
Bihar,PATNA,2005,Kharif,Arhar/Tur,409,276,0.674816626
Bihar,PATNA,2005,Kharif,Bajra,353,364,1.031161473
Bihar,PATNA,2005,Kharif,Jowar,356,363,1.019662921
Bihar,PATNA,2005,Kharif,Maize,9072,14022,1.545634921
Bihar,PATNA,2005,Kharif,Moong(Green Gram),251,136,0.541832669
Bihar,PATNA,2005,Kharif,Other Kharif pulses,79,46,0.582278481
Bihar,PATNA,2005,Kharif,Sunflower,110,146,1.327272727
Bihar,PATNA,2005,Kharif,Urad,3,3,1
Bihar,PATNA,2005,Rabi,Barley,1078,2112,1.959183673
Bihar,PATNA,2005,Rabi,Gram,11343,13861,1.221987129
Bihar,PATNA,2005,Rabi,Khesari,15098,17952,1.18903166
Bihar,PATNA,2005,Rabi,Linseed,256,218,0.8515625
Bihar,PATNA,2005,Rabi,Maize,678,1662,2.451327434
Bihar,PATNA,2005,Rabi,Masoor,24279,32097,1.322006672
Bihar,PATNA,2005,Rabi,Other  Rabi pulses,1,1,1
Bihar,PATNA,2005,Rabi,Peas & beans (Pulses),2064,1886,0.91375969
Bihar,PATNA,2005,Rabi,Rapeseed &Mustard,2949,2241,0.759918616
Bihar,PATNA,2005,Rabi,Wheat,59992,127171,2.119799307
Bihar,PATNA,2005,Summer,Maize,3816,9328,2.444444444
Bihar,PATNA,2005,Summer,Moong(Green Gram),52,30,0.576923077
Bihar,PATNA,2005,Summer,Rice,133,195,1.466165414
Bihar,PATNA,2005,Whole Year,Coriander,97,76,0.783505155
Bihar,PATNA,2005,Whole Year,Dry chillies,43,21,0.488372093
Bihar,PATNA,2005,Whole Year,Garlic,10,15,1.5
Bihar,PATNA,2005,Whole Year,Onion,1141,7941,6.959684487
Bihar,PATNA,2005,Whole Year,Potato,4967,37270,7.503523253
Bihar,PATNA,2005,Whole Year,Sannhamp,4,2,0.5
Bihar,PATNA,2005,Whole Year,Sugarcane,422,17445,41.33886256
Bihar,PATNA,2005,Winter,Rice,83217,133879,1.608793876
Bihar,PATNA,2006,Autumn,Rice,21,20,0.952380952
Bihar,PATNA,2006,Kharif,Arhar/Tur,761,460,0.604467806
Bihar,PATNA,2006,Kharif,Bajra,270,278,1.02962963
Bihar,PATNA,2006,Kharif,Jowar,191,195,1.020942408
Bihar,PATNA,2006,Kharif,Maize,7569,14350,1.895891135
Bihar,PATNA,2006,Kharif,Moong(Green Gram),46,27,0.586956522
Bihar,PATNA,2006,Kharif,Sannhamp,4,2,0.5
Bihar,PATNA,2006,Kharif,Sesamum,19,15,0.789473684
Bihar,PATNA,2006,Kharif,Urad,3,2,0.666666667
Bihar,PATNA,2006,Rabi,Barley,540,383,0.709259259
Bihar,PATNA,2006,Rabi,Gram,7336,5744,0.782988004
Bihar,PATNA,2006,Rabi,Khesari,13922,10497,0.753986496
Bihar,PATNA,2006,Rabi,Linseed,505,431,0.853465347
Bihar,PATNA,2006,Rabi,Maize,582,1072,1.841924399
Bihar,PATNA,2006,Rabi,Masoor,23584,17216,0.729986431
Bihar,PATNA,2006,Rabi,Peas & beans (Pulses),1760,1632,0.927272727
Bihar,PATNA,2006,Rabi,Rapeseed &Mustard,2257,1609,0.712893221
Bihar,PATNA,2006,Rabi,Sunflower,150,205,1.366666667
Bihar,PATNA,2006,Rabi,Wheat,57643,123775,2.147268532
Bihar,PATNA,2006,Summer,Maize,3814,13123,3.440744625
Bihar,PATNA,2006,Summer,Moong(Green Gram),102,54,0.529411765
Bihar,PATNA,2006,Winter,Rice,88459,145330,1.642908014
Bihar,PATNA,2007,Autumn,Maize,10380,3656,0.3522158
Bihar,PATNA,2007,Kharif,Arhar/Tur,198,292,1.474747475
Bihar,PATNA,2007,Kharif,Bajra,223,248,1.112107623
Bihar,PATNA,2007,Kharif,Jowar,177,197,1.11299435
Bihar,PATNA,2007,Kharif,Moong(Green Gram),2,1,0.5
Bihar,PATNA,2007,Kharif,Small millets,2,1,0.5
Bihar,PATNA,2007,Rabi,Barley,425,434,1.021176471
Bihar,PATNA,2007,Rabi,Gram,6408,6978,1.088951311
Bihar,PATNA,2007,Rabi,Khesari,16886,17055,1.010008291
Bihar,PATNA,2007,Rabi,Linseed,124,106,0.85483871
Bihar,PATNA,2007,Rabi,Maize,590,1487,2.520338983
Bihar,PATNA,2007,Rabi,Masoor,19753,19081,0.965979851
Bihar,PATNA,2007,Rabi,Peas & beans (Pulses),1462,1355,0.926812585
Bihar,PATNA,2007,Rabi,Rapeseed &Mustard,2171,1086,0.500230309
Bihar,PATNA,2007,Rabi,Sunflower,24,43,1.791666667
Bihar,PATNA,2007,Rabi,Wheat,60188,148762,2.47162225
Bihar,PATNA,2007,Summer,Maize,3916,14283,3.647344229
Bihar,PATNA,2007,Summer,Moong(Green Gram),10,6,0.6
Bihar,PATNA,2007,Whole Year,Coriander,79,57,0.721518987
Bihar,PATNA,2007,Whole Year,Dry chillies,22,13,0.590909091
Bihar,PATNA,2007,Whole Year,Garlic,2,3,1.5
Bihar,PATNA,2007,Whole Year,Onion,1026,7377,7.19005848
Bihar,PATNA,2007,Whole Year,Potato,4512,39830,8.827570922
Bihar,PATNA,2007,Whole Year,Sugarcane,257,9162,35.64980545
Bihar,PATNA,2007,Whole Year,Sweet potato,23,339,14.73913043
Bihar,PATNA,2007,Winter,Rice,86036,90805,1.055430285
Bihar,PATNA,2008,Autumn,Maize,4416,3021,0.684103261
Bihar,PATNA,2008,Autumn,Rice,1541,2045,1.32706035
Bihar,PATNA,2008,Kharif,Arhar/Tur,195,268,1.374358974
Bihar,PATNA,2008,Kharif,Moong(Green Gram),6,3,0.5
Bihar,PATNA,2008,Kharif,Potato,2567,14786,5.760031165
Bihar,PATNA,2008,Kharif,Sannhamp,2,5.55,2.775
Bihar,PATNA,2008,Kharif,Sesamum,28,25,0.892857143
Bihar,PATNA,2008,Kharif,Sweet potato,24,349,14.54166667
Bihar,PATNA,2008,Kharif,Urad,1,1,1
Bihar,PATNA,2008,Rabi,Barley,359,504,1.403899721
Bihar,PATNA,2008,Rabi,Gram,6238,6992,1.120872074
Bihar,PATNA,2008,Rabi,Khesari,16129,14758,0.91499783
Bihar,PATNA,2008,Rabi,Linseed,295,252,0.854237288
Bihar,PATNA,2008,Rabi,Maize,616,585,0.949675325
Bihar,PATNA,2008,Rabi,Masoor,21461,19744,0.919994408
Bihar,PATNA,2008,Rabi,Other  Rabi pulses,1,1,1
Bihar,PATNA,2008,Rabi,Peas & beans (Pulses),1720,1655,0.962209302
Bihar,PATNA,2008,Rabi,Potato,2857,21885,7.660133007
Bihar,PATNA,2008,Rabi,Rapeseed &Mustard,2459,2171,0.882879219
Bihar,PATNA,2008,Rabi,Sunflower,24,43,1.791666667
Bihar,PATNA,2008,Rabi,Wheat,56603,146854,2.594456124
Bihar,PATNA,2008,Summer,Maize,3178,10326,3.249213342
Bihar,PATNA,2008,Summer,Moong(Green Gram),54,36,0.666666667
Bihar,PATNA,2008,Whole Year,Dry chillies,30,14,0.466666667
Bihar,PATNA,2008,Whole Year,Garlic,5,7,1.4
Bihar,PATNA,2008,Whole Year,Onion,926,5334,5.760259179
Bihar,PATNA,2008,Whole Year,Sugarcane,224,9855,43.99553571
Bihar,PATNA,2008,Winter,Rice,86746,133393,1.537742374
Bihar,PATNA,2009,Autumn,Maize,5160,5218,1.01124031
Bihar,PATNA,2009,Autumn,Rice,29,25,0.862068966
Bihar,PATNA,2009,Kharif,Arhar/Tur,494,679,1.374493927
Bihar,PATNA,2009,Kharif,Moong(Green Gram),4,3,0.75
Bihar,PATNA,2009,Kharif,Other Kharif pulses,5,3,0.6
Bihar,PATNA,2009,Rabi,Barley,187,269,1.438502674
Bihar,PATNA,2009,Rabi,Gram,6819,7139,1.046927702
Bihar,PATNA,2009,Rabi,Khesari,10526,13179,1.252042561
Bihar,PATNA,2009,Rabi,Linseed,93,79,0.849462366
Bihar,PATNA,2009,Rabi,Maize,432,1169,2.706018519
Bihar,PATNA,2009,Rabi,Masoor,28840,36223,1.255998613
Bihar,PATNA,2009,Rabi,Peas & beans (Pulses),747,748,1.001338688
Bihar,PATNA,2009,Rabi,Rapeseed &Mustard,2461,3832,1.557090614
Bihar,PATNA,2009,Rabi,Sunflower,111,156,1.405405405
Bihar,PATNA,2009,Rabi,Wheat,60276,129250,2.144302873
Bihar,PATNA,2009,Summer,Maize,1151,3565,3.09730669
Bihar,PATNA,2009,Summer,Moong(Green Gram),109,47,0.431192661
Bihar,PATNA,2009,Summer,Rice,25,33,1.32
Bihar,PATNA,2009,Whole Year,Sugarcane,303,13316,43.94719472
Bihar,PATNA,2009,Winter,Rice,45862,47662,1.039248179
Bihar,PATNA,2010,Autumn,Maize,5515,4540,0.823209429
Bihar,PATNA,2010,Autumn,Rice,67,69,1.029850746
Bihar,PATNA,2010,Kharif,Arhar/Tur,848,1905,2.246462264
Bihar,PATNA,2010,Kharif,Other Kharif pulses,12,8,0.666666667
Bihar,PATNA,2010,Rabi,Barley,83,101,1.21686747
Bihar,PATNA,2010,Rabi,Gram,6055,7411,1.223947151
Bihar,PATNA,2010,Rabi,Khesari,9469,13550,1.430985321
Bihar,PATNA,2010,Rabi,Linseed,1873,1532,0.817939135
Bihar,PATNA,2010,Rabi,Maize,398,1193,2.997487437
Bihar,PATNA,2010,Rabi,Masoor,28331,30626,1.081006671
Bihar,PATNA,2010,Rabi,Peas & beans (Pulses),1192,1234,1.035234899
Bihar,PATNA,2010,Rabi,Rapeseed &Mustard,809,1349,1.667490729
Bihar,PATNA,2010,Rabi,Sunflower,7,10,1.428571429
Bihar,PATNA,2010,Rabi,Wheat,61504,143612,2.335002601
Bihar,PATNA,2010,Summer,Maize,1195,4844,4.053556485
Bihar,PATNA,2010,Summer,Moong(Green Gram),154,83,0.538961039
Bihar,PATNA,2010,Whole Year,Sugarcane,1865,68520,36.73994638
Bihar,PATNA,2010,Winter,Rice,47600,61184,1.285378151
Bihar,PATNA,2011,Autumn,Maize,6078,9735,1.601678184
Bihar,PATNA,2011,Autumn,Rice,142,227,1.598591549
Bihar,PATNA,2011,Kharif,Arhar/Tur,721,2182,3.026352288
Bihar,PATNA,2011,Kharif,Other Kharif pulses,148,111,0.75
Bihar,PATNA,2011,Kharif,Sesamum,4,4,1
Bihar,PATNA,2011,Rabi,Barley,153,258,1.68627451
Bihar,PATNA,2011,Rabi,Gram,6533,12341,1.88902495
Bihar,PATNA,2011,Rabi,Khesari,9675,20076,2.07503876
Bihar,PATNA,2011,Rabi,Linseed,242,209,0.863636364
Bihar,PATNA,2011,Rabi,Maize,369,1181,3.200542005
Bihar,PATNA,2011,Rabi,Masoor,27045,29966,1.108005177
Bihar,PATNA,2011,Rabi,Peas & beans (Pulses),778,802,1.030848329
Bihar,PATNA,2011,Rabi,Rapeseed &Mustard,2483,4176,1.681836488
Bihar,PATNA,2011,Rabi,Sunflower,2,3,1.5
Bihar,PATNA,2011,Rabi,Wheat,60262,220389,3.657180313
Bihar,PATNA,2011,Summer,Maize,1620,7055,4.354938272
Bihar,PATNA,2011,Summer,Moong(Green Gram),234,140,0.598290598
Bihar,PATNA,2011,Winter,Rice,59972,167097,2.78625025
Bihar,PATNA,2012,Autumn,Maize,4799,11809,2.460720984
Bihar,PATNA,2012,Autumn,Rice,79,142,1.797468354
Bihar,PATNA,2012,Kharif,Arhar/Tur,619,2050,3.311793215
Bihar,PATNA,2012,Kharif,Jowar,8,9,1.125
Bihar,PATNA,2012,Kharif,Other Kharif pulses,90,68,0.755555556
Bihar,PATNA,2012,Kharif,Ragi,72,85,1.180555556
Bihar,PATNA,2012,Kharif,Sannhamp,4,3,0.75
Bihar,PATNA,2012,Kharif,Sesamum,48,43,0.895833333
Bihar,PATNA,2012,Kharif,Small millets,309,232,0.750809061
Bihar,PATNA,2012,Rabi,Barley,224,367,1.638392857
Bihar,PATNA,2012,Rabi,Gram,5766,10575,1.834027055
Bihar,PATNA,2012,Rabi,Khesari,11453,14969,1.306993801
Bihar,PATNA,2012,Rabi,Linseed,298,258,0.865771812
Bihar,PATNA,2012,Rabi,Maize,430,1650,3.837209302
Bihar,PATNA,2012,Rabi,Masoor,28736,39857,1.387005846
Bihar,PATNA,2012,Rabi,Peas & beans (Pulses),734,764,1.040871935
Bihar,PATNA,2012,Rabi,Rapeseed &Mustard,3779,7675,2.030960572
Bihar,PATNA,2012,Rabi,Sunflower,38,55,1.447368421
Bihar,PATNA,2012,Rabi,Wheat,59310,211571,3.567206205
Bihar,PATNA,2012,Summer,Maize,1202,5301,4.41014975
Bihar,PATNA,2012,Summer,Moong(Green Gram),196,122,0.62244898
Bihar,PATNA,2012,Summer,Rice,8,19,2.375
Bihar,PATNA,2012,Whole Year,Sugarcane,116,6396,55.13793103
Bihar,PATNA,2012,Winter,Rice,59749,191817,3.21038009
Bihar,PATNA,2013,Autumn,Maize,3736,14003,3.748126338
Bihar,PATNA,2013,Autumn,Rice,334,514,1.538922156
Bihar,PATNA,2013,Kharif,Arhar/Tur,721,1663,2.306518724
Bihar,PATNA,2013,Kharif,Jowar,8,9,1.125
Bihar,PATNA,2013,Kharif,Other Kharif pulses,134,101,0.753731343
Bihar,PATNA,2013,Kharif,Ragi,3,3,1
Bihar,PATNA,2013,Kharif,Sesamum,1,1,1
Bihar,PATNA,2013,Rabi,Barley,154,220,1.428571429
Bihar,PATNA,2013,Rabi,Gram,6448,9304,1.44292804
Bihar,PATNA,2013,Rabi,Khesari,10381,18354,1.768037761
Bihar,PATNA,2013,Rabi,Linseed,238,202,0.848739496
Bihar,PATNA,2013,Rabi,Maize,399,1507,3.776942356
Bihar,PATNA,2013,Rabi,Masoor,28297,45417,1.605011132
Bihar,PATNA,2013,Rabi,Peas & beans (Pulses),767,959,1.250325945
Bihar,PATNA,2013,Rabi,Rapeseed &Mustard,3029,7191,2.374050842
Bihar,PATNA,2013,Rabi,Sunflower,16,23,1.4375
Bihar,PATNA,2013,Rabi,Wheat,60663,170661,2.813263439
Bihar,PATNA,2013,Summer,Maize,1376,6634,4.82122093
Bihar,PATNA,2013,Summer,Moong(Green Gram),194,130,0.670103093
Bihar,PATNA,2013,Whole Year,Sugarcane,128,7252,56.65625
Bihar,PATNA,2013,Winter,Rice,56400,136956,2.428297872
Bihar,PATNA,2014,Autumn,Maize,4989,15289,3.064541992
Bihar,PATNA,2014,Autumn,Rice,185,321,1.735135135
Bihar,PATNA,2014,Kharif,Arhar/Tur,687,1450,2.11062591
Bihar,PATNA,2014,Kharif,Jowar,187,200,1.069518717
Bihar,PATNA,2014,Kharif,Other Kharif pulses,124,94,0.758064516
Bihar,PATNA,2014,Kharif,Ragi,25,37,1.48
Bihar,PATNA,2014,Kharif,Sesamum,1,1,1
Bihar,PATNA,2014,Kharif,Small millets,103,79,0.766990291
Bihar,PATNA,2014,Rabi,Barley,180,175,0.972222222
Bihar,PATNA,2014,Rabi,Gram,6338,10027,1.582044809
Bihar,PATNA,2014,Rabi,Khesari,10670,17573,1.646954077
Bihar,PATNA,2014,Rabi,Linseed,251,216,0.860557769
Bihar,PATNA,2014,Rabi,Maize,391,1034,2.644501279
Bihar,PATNA,2014,Rabi,Masoor,27722,41278,1.488997908
Bihar,PATNA,2014,Rabi,Peas & beans (Pulses),750,758,1.010666667
Bihar,PATNA,2014,Rabi,Rapeseed &Mustard,3137,6224,1.984061205
Bihar,PATNA,2014,Rabi,Sunflower,19,28,1.473684211
Bihar,PATNA,2014,Rabi,Wheat,60595,170076,2.806766235
Bihar,PATNA,2014,Summer,Maize,1399,5587,3.993566833
Bihar,PATNA,2014,Summer,Moong(Green Gram),208,120,0.576923077
Bihar,PATNA,2014,Whole Year,Sugarcane,112,6541,58.40178571
Bihar,PATNA,2014,Winter,Rice,63475,162800,2.564789287
Bihar,PURBI CHAMPARAN,1997,Autumn,Rice,65949,83328,1.263521812
Bihar,PURBI CHAMPARAN,1997,Kharif,Arhar/Tur,2581,4475,1.733824099
Bihar,PURBI CHAMPARAN,1997,Kharif,Bajra,47,29,0.617021277
Bihar,PURBI CHAMPARAN,1997,Kharif,Dry ginger,96,140,1.458333333
Bihar,PURBI CHAMPARAN,1997,Kharif,Jowar,22,19,0.863636364
Bihar,PURBI CHAMPARAN,1997,Kharif,Jute,393,3537,9
Bihar,PURBI CHAMPARAN,1997,Kharif,Maize,10864,25143,2.314340943
Bihar,PURBI CHAMPARAN,1997,Kharif,Mesta,607,2721,4.482701812
Bihar,PURBI CHAMPARAN,1997,Kharif,Other Kharif pulses,160,81,0.50625
Bihar,PURBI CHAMPARAN,1997,Kharif,Sesamum,770,464,0.602597403
Bihar,PURBI CHAMPARAN,1997,Kharif,Small millets,82,63,0.768292683
Bihar,PURBI CHAMPARAN,1997,Rabi,Barley,2218,3254,1.467087466
Bihar,PURBI CHAMPARAN,1997,Rabi,Gram,700,594,0.848571429
Bihar,PURBI CHAMPARAN,1997,Rabi,Linseed,1688,834,0.494075829
Bihar,PURBI CHAMPARAN,1997,Rabi,Maize,6414,24450,3.811973807
Bihar,PURBI CHAMPARAN,1997,Rabi,Other  Rabi pulses,118,136,1.152542373
Bihar,PURBI CHAMPARAN,1997,Rabi,Rapeseed &Mustard,2628,3824,1.455098935
Bihar,PURBI CHAMPARAN,1997,Rabi,Sunflower,106,138,1.301886792
Bihar,PURBI CHAMPARAN,1997,Rabi,Tobacco,30,22,0.733333333
Bihar,PURBI CHAMPARAN,1997,Rabi,Wheat,95178,217655,2.286820484
Bihar,PURBI CHAMPARAN,1997,Summer,Maize,5905,12084,2.046401355
Bihar,PURBI CHAMPARAN,1997,Summer,Rice,1322,1944,1.470499244
Bihar,PURBI CHAMPARAN,1997,Whole Year,Banana,506,13500,26.6798419
Bihar,PURBI CHAMPARAN,1997,Whole Year,Coriander,225,95,0.422222222
Bihar,PURBI CHAMPARAN,1997,Whole Year,Dry chillies,124,83,0.669354839
Bihar,PURBI CHAMPARAN,1997,Whole Year,Garlic,364,556,1.527472527
Bihar,PURBI CHAMPARAN,1997,Whole Year,Onion,525,2846,5.420952381
Bihar,PURBI CHAMPARAN,1997,Whole Year,Potato,6655,45614,6.854094666
Bihar,PURBI CHAMPARAN,1997,Whole Year,Ragi,417,390,0.935251799
Bihar,PURBI CHAMPARAN,1997,Whole Year,Sannhamp,20,9,0.45
Bihar,PURBI CHAMPARAN,1997,Whole Year,Sugarcane,8891,425718,47.88190305
Bihar,PURBI CHAMPARAN,1997,Whole Year,Sweet potato,563,7424,13.18650089
Bihar,PURBI CHAMPARAN,1997,Whole Year,Turmeric,368,400,1.086956522
Bihar,PURBI CHAMPARAN,1997,Winter,Rice,108623,154298,1.420491056
Bihar,PURBI CHAMPARAN,1998,Kharif,Arhar/Tur,2905,3315,1.141135972
Bihar,PURBI CHAMPARAN,1998,Kharif,Bajra,45,27,0.6
Bihar,PURBI CHAMPARAN,1998,Kharif,Blackgram,82,52,0.634146341
Bihar,PURBI CHAMPARAN,1998,Kharif,Jowar,10,9,0.9
Bihar,PURBI CHAMPARAN,1998,Kharif,Jute,245,1165,4.755102041
Bihar,PURBI CHAMPARAN,1998,Kharif,Maize,8942,16363,1.829903825
Bihar,PURBI CHAMPARAN,1998,Kharif,Mesta,651,5161,7.927803379
Bihar,PURBI CHAMPARAN,1998,Kharif,Other Kharif pulses,690,428,0.620289855
Bihar,PURBI CHAMPARAN,1998,Kharif,Ragi,767,982,1.280312907
Bihar,PURBI CHAMPARAN,1998,Kharif,Sesamum,373,195,0.522788204
Bihar,PURBI CHAMPARAN,1998,Kharif,Small millets,69,53,0.768115942
Bihar,PURBI CHAMPARAN,1998,Kharif,Sunflower,136,177,1.301470588
Bihar,PURBI CHAMPARAN,1998,Rabi,Barley,1779,2548,1.432265318
Bihar,PURBI CHAMPARAN,1998,Rabi,Gram,117,128,1.094017094
Bihar,PURBI CHAMPARAN,1998,Rabi,Linseed,2217,1233,0.556156969
Bihar,PURBI CHAMPARAN,1998,Rabi,Maize,7217,26631,3.690037412
Bihar,PURBI CHAMPARAN,1998,Rabi,Other  Rabi pulses,13524,12381,0.915483585
Bihar,PURBI CHAMPARAN,1998,Rabi,Rapeseed &Mustard,2912,1872,0.642857143
Bihar,PURBI CHAMPARAN,1998,Rabi,Wheat,112284,219833,1.957830145
Bihar,PURBI CHAMPARAN,1998,Summer,Maize,5881,13751,2.338207788
Bihar,PURBI CHAMPARAN,1998,Summer,Rice,1254,1326,1.057416268
Bihar,PURBI CHAMPARAN,1998,Whole Year,Banana,494,10137,20.52024291
Bihar,PURBI CHAMPARAN,1998,Whole Year,Coriander,206,89,0.432038835
Bihar,PURBI CHAMPARAN,1998,Whole Year,Dry chillies,115,168,1.460869565
Bihar,PURBI CHAMPARAN,1998,Whole Year,Dry ginger,93,125,1.344086022
Bihar,PURBI CHAMPARAN,1998,Whole Year,Garlic,367,535,1.457765668
Bihar,PURBI CHAMPARAN,1998,Whole Year,Onion,823,5868,7.130012151
Bihar,PURBI CHAMPARAN,1998,Whole Year,Potato,7840,68563,8.745280612
Bihar,PURBI CHAMPARAN,1998,Whole Year,Sannhamp,49,23,0.469387755
Bihar,PURBI CHAMPARAN,1998,Whole Year,Sugarcane,10705,497233,46.44866885
Bihar,PURBI CHAMPARAN,1998,Whole Year,Sweet potato,503,5437,10.80914513
Bihar,PURBI CHAMPARAN,1998,Whole Year,Turmeric,362,352,0.972375691
Bihar,PURBI CHAMPARAN,1998,Winter,Rice,97628,109999,1.126715696
Bihar,PURBI CHAMPARAN,1999,Kharif,Arhar/Tur,2657,3079,1.158825743
Bihar,PURBI CHAMPARAN,1999,Kharif,Dry ginger,36,53,1.472222222
Bihar,PURBI CHAMPARAN,1999,Kharif,Jowar,1705,1857,1.08914956
Bihar,PURBI CHAMPARAN,1999,Kharif,Jute,242,1783,7.367768595
Bihar,PURBI CHAMPARAN,1999,Kharif,Maize,8656,14022,1.619916821
Bihar,PURBI CHAMPARAN,1999,Kharif,Mesta,624,3463,5.549679487
Bihar,PURBI CHAMPARAN,1999,Kharif,Moong(Green Gram),39,20,0.512820513
Bihar,PURBI CHAMPARAN,1999,Kharif,Ragi,603,853,1.414593698
Bihar,PURBI CHAMPARAN,1999,Kharif,Rice,79613,124729,1.566691369
Bihar,PURBI CHAMPARAN,1999,Kharif,Sesamum,350,176,0.502857143
Bihar,PURBI CHAMPARAN,1999,Kharif,Sunflower,115,144,1.252173913
Bihar,PURBI CHAMPARAN,1999,Kharif,Urad,454,312,0.68722467
Bihar,PURBI CHAMPARAN,1999,Rabi,Gram,1,1,1
Bihar,PURBI CHAMPARAN,1999,Rabi,Khesari,660,401,0.607575758
Bihar,PURBI CHAMPARAN,1999,Rabi,Linseed,2443,1329,0.544003275
Bihar,PURBI CHAMPARAN,1999,Rabi,Maize,7100,17537,2.47
Bihar,PURBI CHAMPARAN,1999,Rabi,Masoor,9227,11801,1.27896391
Bihar,PURBI CHAMPARAN,1999,Rabi,Moong(Green Gram),3657,1898,0.519004649
Bihar,PURBI CHAMPARAN,1999,Rabi,Other  Rabi pulses,715,601,0.840559441
Bihar,PURBI CHAMPARAN,1999,Rabi,Peas & beans (Pulses),557,447,0.802513465
Bihar,PURBI CHAMPARAN,1999,Rabi,Rapeseed &Mustard,3247,2513,0.77394518
Bihar,PURBI CHAMPARAN,1999,Rabi,Wheat,115329,274041,2.376167313
Bihar,PURBI CHAMPARAN,1999,Summer,Maize,7034,15973,2.27082741
Bihar,PURBI CHAMPARAN,1999,Summer,Rice,1394,1592,1.142037303
Bihar,PURBI CHAMPARAN,1999,Whole Year,Banana,537,5311,9.890130354
Bihar,PURBI CHAMPARAN,1999,Whole Year,Coriander,484,257,0.530991736
Bihar,PURBI CHAMPARAN,1999,Whole Year,Dry chillies,136,214,1.573529412
Bihar,PURBI CHAMPARAN,1999,Whole Year,Garlic,367,544,1.482288828
Bihar,PURBI CHAMPARAN,1999,Whole Year,Onion,956,8145,8.519874477
Bihar,PURBI CHAMPARAN,1999,Whole Year,Potato,7102,72736,10.24162208
Bihar,PURBI CHAMPARAN,1999,Whole Year,Sugarcane,10679,520891,48.77713269
Bihar,PURBI CHAMPARAN,1999,Whole Year,Sweet potato,499,6803,13.63326653
Bihar,PURBI CHAMPARAN,1999,Whole Year,Turmeric,351,368,1.048433048
Bihar,PURBI CHAMPARAN,2000,Autumn,Rice,108680,148078,1.362513802
Bihar,PURBI CHAMPARAN,2000,Kharif,Arhar/Tur,3706,6612,1.784133837
Bihar,PURBI CHAMPARAN,2000,Kharif,Jute,186,1558,8.376344086
Bihar,PURBI CHAMPARAN,2000,Kharif,Maize,4396,8569,1.949272066
Bihar,PURBI CHAMPARAN,2000,Kharif,Moong(Green Gram),1,0.1,0.1
Bihar,PURBI CHAMPARAN,2000,Kharif,Ragi,144,129,0.895833333
Bihar,PURBI CHAMPARAN,2000,Kharif,Rice,82641,88200,1.067266853
Bihar,PURBI CHAMPARAN,2000,Kharif,Sesamum,340,238,0.7
Bihar,PURBI CHAMPARAN,2000,Kharif,Small millets,15,8,0.533333333
Bihar,PURBI CHAMPARAN,2000,Kharif,Sunflower,10,14,1.4
Bihar,PURBI CHAMPARAN,2000,Kharif,Urad,23,16,0.695652174
Bihar,PURBI CHAMPARAN,2000,Rabi,Barley,546,621,1.137362637
Bihar,PURBI CHAMPARAN,2000,Rabi,Khesari,529,324,0.612476371
Bihar,PURBI CHAMPARAN,2000,Rabi,Linseed,161,132,0.819875776
Bihar,PURBI CHAMPARAN,2000,Rabi,Maize,7101,11397,1.604985213
Bihar,PURBI CHAMPARAN,2000,Rabi,Masoor,6995,7380,1.055039314
Bihar,PURBI CHAMPARAN,2000,Rabi,Moong(Green Gram),143,159,1.111888112
Bihar,PURBI CHAMPARAN,2000,Rabi,Peas & beans (Pulses),443,427,0.963882619
Bihar,PURBI CHAMPARAN,2000,Rabi,Rapeseed &Mustard,205,193,0.941463415
Bihar,PURBI CHAMPARAN,2000,Rabi,Wheat,113956,255835,2.245033171
Bihar,PURBI CHAMPARAN,2000,Summer,Maize,5241,14840,2.831520702
Bihar,PURBI CHAMPARAN,2000,Summer,Rice,688,962,1.398255814
Bihar,PURBI CHAMPARAN,2000,Whole Year,Banana,359,1145,3.189415042
Bihar,PURBI CHAMPARAN,2000,Whole Year,Coriander,53,22,0.41509434
Bihar,PURBI CHAMPARAN,2000,Whole Year,Dry chillies,41,21,0.512195122
Bihar,PURBI CHAMPARAN,2000,Whole Year,Garlic,115,174,1.513043478
Bihar,PURBI CHAMPARAN,2000,Whole Year,Onion,516,4438,8.600775194
Bihar,PURBI CHAMPARAN,2000,Whole Year,Potato,6657,72350,10.86825898
Bihar,PURBI CHAMPARAN,2000,Whole Year,Sugarcane,6754,226158,33.4850459
Bihar,PURBI CHAMPARAN,2000,Whole Year,Sweet potato,47,573,12.19148936
Bihar,PURBI CHAMPARAN,2000,Whole Year,Turmeric,146,162,1.109589041
Bihar,PURBI CHAMPARAN,2001,Autumn,Maize,5087,365,0.071751523
Bihar,PURBI CHAMPARAN,2001,Autumn,Rice,118353,143365,1.211333891
Bihar,PURBI CHAMPARAN,2001,Kharif,Arhar/Tur,4021,4391,1.092016911
Bihar,PURBI CHAMPARAN,2001,Kharif,Dry ginger,43,62,1.441860465
Bihar,PURBI CHAMPARAN,2001,Kharif,Jute,165,1103,6.684848485
Bihar,PURBI CHAMPARAN,2001,Kharif,Mesta,6,20,3.333333333
Bihar,PURBI CHAMPARAN,2001,Kharif,Ragi,248,232,0.935483871
Bihar,PURBI CHAMPARAN,2001,Kharif,Rice,722,1466,2.030470914
Bihar,PURBI CHAMPARAN,2001,Kharif,Sesamum,305,192,0.629508197
Bihar,PURBI CHAMPARAN,2001,Kharif,Small millets,55,44,0.8
Bihar,PURBI CHAMPARAN,2001,Kharif,Sunflower,134,176,1.313432836
Bihar,PURBI CHAMPARAN,2001,Kharif,Urad,140,93,0.664285714
Bihar,PURBI CHAMPARAN,2001,Rabi,Barley,497,609,1.225352113
Bihar,PURBI CHAMPARAN,2001,Rabi,Khesari,564,461,0.817375887
Bihar,PURBI CHAMPARAN,2001,Rabi,Linseed,1607,1141,0.710018668
Bihar,PURBI CHAMPARAN,2001,Rabi,Maize,7139,29356,4.112060513
Bihar,PURBI CHAMPARAN,2001,Rabi,Masoor,7259,6206,0.854938697
Bihar,PURBI CHAMPARAN,2001,Rabi,Other  Rabi pulses,688,468,0.680232558
Bihar,PURBI CHAMPARAN,2001,Rabi,Peas & beans (Pulses),614,604,0.983713355
Bihar,PURBI CHAMPARAN,2001,Rabi,Rapeseed &Mustard,2121,2113,0.996228194
Bihar,PURBI CHAMPARAN,2001,Rabi,Wheat,114857,233874,2.036218951
Bihar,PURBI CHAMPARAN,2001,Summer,Maize,6096,15934,2.613845144
Bihar,PURBI CHAMPARAN,2001,Summer,Rice,82215,131105,1.594660342
Bihar,PURBI CHAMPARAN,2001,Whole Year,Banana,346,4872,14.08092486
Bihar,PURBI CHAMPARAN,2001,Whole Year,Coriander,248,144,0.580645161
Bihar,PURBI CHAMPARAN,2001,Whole Year,Dry chillies,97,71,0.731958763
Bihar,PURBI CHAMPARAN,2001,Whole Year,Garlic,283,428,1.512367491
Bihar,PURBI CHAMPARAN,2001,Whole Year,Onion,765,6610,8.640522876
Bihar,PURBI CHAMPARAN,2001,Whole Year,Potato,6864,81920,11.93473193
Bihar,PURBI CHAMPARAN,2001,Whole Year,Sugarcane,6000,217564,36.26066667
Bihar,PURBI CHAMPARAN,2001,Whole Year,Sweet potato,531,4887,9.203389831
Bihar,PURBI CHAMPARAN,2001,Whole Year,Turmeric,290,296,1.020689655
Bihar,PURBI CHAMPARAN,2002,Autumn,Maize,7140,18234,2.553781513
Bihar,PURBI CHAMPARAN,2002,Autumn,Rice,81372,120629,1.482438677
Bihar,PURBI CHAMPARAN,2002,Kharif,Arhar/Tur,2766,3037,1.097975416
Bihar,PURBI CHAMPARAN,2002,Kharif,Bajra,70,72,1.028571429
Bihar,PURBI CHAMPARAN,2002,Kharif,Jowar,47,47,1
Bihar,PURBI CHAMPARAN,2002,Kharif,Jute,59,389,6.593220339
Bihar,PURBI CHAMPARAN,2002,Kharif,Mesta,12,56,4.666666667
Bihar,PURBI CHAMPARAN,2002,Kharif,Moong(Green Gram),45,25,0.555555556
Bihar,PURBI CHAMPARAN,2002,Kharif,Other Kharif pulses,10,6,0.6
Bihar,PURBI CHAMPARAN,2002,Kharif,Ragi,296,236,0.797297297
Bihar,PURBI CHAMPARAN,2002,Kharif,Sesamum,134,68,0.507462687
Bihar,PURBI CHAMPARAN,2002,Kharif,Small millets,32,24,0.75
Bihar,PURBI CHAMPARAN,2002,Kharif,Sunflower,30,31,1.033333333
Bihar,PURBI CHAMPARAN,2002,Kharif,Urad,82,52,0.634146341
Bihar,PURBI CHAMPARAN,2002,Rabi,Barley,391,361,0.923273657
Bihar,PURBI CHAMPARAN,2002,Rabi,Maize,6242,24244,3.884011535
Bihar,PURBI CHAMPARAN,2002,Rabi,Masoor,7511,4214,0.561043802
Bihar,PURBI CHAMPARAN,2002,Rabi,Peas & beans (Pulses),385,344,0.893506494
Bihar,PURBI CHAMPARAN,2002,Rabi,Rapeseed &Mustard,1346,1256,0.933135215
Bihar,PURBI CHAMPARAN,2002,Rabi,Wheat,81431,143375,1.760693102
Bihar,PURBI CHAMPARAN,2002,Summer,Maize,4700,14418,3.067659574
Bihar,PURBI CHAMPARAN,2002,Summer,Moong(Green Gram),1406,772,0.549075391
Bihar,PURBI CHAMPARAN,2002,Summer,Rice,413,859,2.079903148
Bihar,PURBI CHAMPARAN,2002,Whole Year,Banana,393,4740,12.0610687
Bihar,PURBI CHAMPARAN,2002,Whole Year,Dry chillies,76,82,1.078947368
Bihar,PURBI CHAMPARAN,2002,Whole Year,Onion,733,6018,8.210095498
Bihar,PURBI CHAMPARAN,2002,Whole Year,Potato,6970,75388,10.81606887
Bihar,PURBI CHAMPARAN,2002,Whole Year,Sannhamp,192,137,0.713541667
Bihar,PURBI CHAMPARAN,2002,Whole Year,Sugarcane,6621,235853,35.62196043
Bihar,PURBI CHAMPARAN,2002,Whole Year,Sweet potato,263,3872,14.72243346
Bihar,PURBI CHAMPARAN,2002,Winter,Rice,107882,143059,1.326069224
Bihar,PURBI CHAMPARAN,2003,Autumn,Rice,62815,91437,1.455655496
Bihar,PURBI CHAMPARAN,2003,Kharif,Arhar/Tur,2324,3242,1.395008606
Bihar,PURBI CHAMPARAN,2003,Kharif,Dry ginger,1,2,2
Bihar,PURBI CHAMPARAN,2003,Kharif,Jowar,2,2,1
Bihar,PURBI CHAMPARAN,2003,Kharif,Jute,15,111,7.4
Bihar,PURBI CHAMPARAN,2003,Kharif,Maize,5548,15742,2.83741889
Bihar,PURBI CHAMPARAN,2003,Kharif,Mesta,10,45,4.5
Bihar,PURBI CHAMPARAN,2003,Kharif,Moong(Green Gram),25,15,0.6
Bihar,PURBI CHAMPARAN,2003,Kharif,Other Kharif pulses,8,0,0
Bihar,PURBI CHAMPARAN,2003,Kharif,Ragi,23,17,0.739130435
Bihar,PURBI CHAMPARAN,2003,Kharif,Sesamum,12,9,0.75
Bihar,PURBI CHAMPARAN,2003,Kharif,Small millets,13,10,0.769230769
Bihar,PURBI CHAMPARAN,2003,Kharif,Sunflower,18,25,1.388888889
Bihar,PURBI CHAMPARAN,2003,Kharif,Urad,13,10,0.769230769
Bihar,PURBI CHAMPARAN,2003,Rabi,Barley,500,535,1.07
Bihar,PURBI CHAMPARAN,2003,Rabi,Gram,193,189,0.979274611
Bihar,PURBI CHAMPARAN,2003,Rabi,Khesari,267,225,0.842696629
Bihar,PURBI CHAMPARAN,2003,Rabi,Linseed,581,456,0.784853701
Bihar,PURBI CHAMPARAN,2003,Rabi,Maize,8570,46012,5.368961494
Bihar,PURBI CHAMPARAN,2003,Rabi,Masoor,8238,7060,0.857004127
Bihar,PURBI CHAMPARAN,2003,Rabi,Other  Rabi pulses,109,74,0.678899083
Bihar,PURBI CHAMPARAN,2003,Rabi,Peas & beans (Pulses),45,42,0.933333333
Bihar,PURBI CHAMPARAN,2003,Rabi,Rapeseed &Mustard,1135,729,0.642290749
Bihar,PURBI CHAMPARAN,2003,Rabi,Wheat,91390,143031,1.565061823
Bihar,PURBI CHAMPARAN,2003,Summer,Maize,4994,11242,2.251101322
Bihar,PURBI CHAMPARAN,2003,Summer,Moong(Green Gram),1276,637,0.499216301
Bihar,PURBI CHAMPARAN,2003,Summer,Rice,317,347,1.094637224
Bihar,PURBI CHAMPARAN,2003,Whole Year,Banana,392,4822,12.30102041
Bihar,PURBI CHAMPARAN,2003,Whole Year,Coriander,46,32,0.695652174
Bihar,PURBI CHAMPARAN,2003,Whole Year,Dry chillies,70,87,1.242857143
Bihar,PURBI CHAMPARAN,2003,Whole Year,Garlic,50,76,1.52
Bihar,PURBI CHAMPARAN,2003,Whole Year,Onion,758,5549,7.320580475
Bihar,PURBI CHAMPARAN,2003,Whole Year,Potato,7042,82482,11.71286566
Bihar,PURBI CHAMPARAN,2003,Whole Year,Sannhamp,5,4,0.8
Bihar,PURBI CHAMPARAN,2003,Whole Year,Sugarcane,5577,245372,43.99713107
Bihar,PURBI CHAMPARAN,2003,Whole Year,Sweet potato,237,3434,14.48945148
Bihar,PURBI CHAMPARAN,2003,Whole Year,Turmeric,25,25,1
Bihar,PURBI CHAMPARAN,2003,Winter,Rice,107849,150395,1.394496008
Bihar,PURBI CHAMPARAN,2004,Autumn,Rice,62587,78058,1.247191909
Bihar,PURBI CHAMPARAN,2004,Kharif,Arhar/Tur,1359,1730,1.272994849
Bihar,PURBI CHAMPARAN,2004,Kharif,Castor seed,7,7,1
Bihar,PURBI CHAMPARAN,2004,Kharif,Dry ginger,15,24,1.6
Bihar,PURBI CHAMPARAN,2004,Kharif,Jowar,5,6,1.2
Bihar,PURBI CHAMPARAN,2004,Kharif,Jute,17,134,7.882352941
Bihar,PURBI CHAMPARAN,2004,Kharif,Maize,6100,14145,2.318852459
Bihar,PURBI CHAMPARAN,2004,Kharif,Mesta,9,72,8
Bihar,PURBI CHAMPARAN,2004,Kharif,Moong(Green Gram),318,106,0.333333333
Bihar,PURBI CHAMPARAN,2004,Kharif,Other Kharif pulses,34,17,0.5
Bihar,PURBI CHAMPARAN,2004,Kharif,Ragi,15,4,0.266666667
Bihar,PURBI CHAMPARAN,2004,Kharif,Sesamum,85,65,0.764705882
Bihar,PURBI CHAMPARAN,2004,Kharif,Small millets,12,10,0.833333333
Bihar,PURBI CHAMPARAN,2004,Kharif,Sunflower,35,47,1.342857143
Bihar,PURBI CHAMPARAN,2004,Kharif,Urad,199,143,0.718592965
Bihar,PURBI CHAMPARAN,2004,Rabi,Barley,626,799,1.276357827
Bihar,PURBI CHAMPARAN,2004,Rabi,Gram,140,117,0.835714286
Bihar,PURBI CHAMPARAN,2004,Rabi,Khesari,588,305,0.518707483
Bihar,PURBI CHAMPARAN,2004,Rabi,Linseed,996,840,0.843373494
Bihar,PURBI CHAMPARAN,2004,Rabi,Maize,6644,17361,2.613034317
Bihar,PURBI CHAMPARAN,2004,Rabi,Masoor,8114,5217,0.64296278
Bihar,PURBI CHAMPARAN,2004,Rabi,Other  Rabi pulses,169,115,0.680473373
Bihar,PURBI CHAMPARAN,2004,Rabi,Peas & beans (Pulses),142,125,0.88028169
Bihar,PURBI CHAMPARAN,2004,Rabi,Rapeseed &Mustard,1525,1069,0.700983607
Bihar,PURBI CHAMPARAN,2004,Rabi,Wheat,98001,208865,2.131253763
Bihar,PURBI CHAMPARAN,2004,Summer,Maize,4662,17212,3.691977692
Bihar,PURBI CHAMPARAN,2004,Summer,Moong(Green Gram),966,389,0.402691511
Bihar,PURBI CHAMPARAN,2004,Summer,Rice,269,370,1.375464684
Bihar,PURBI CHAMPARAN,2004,Whole Year,Banana,377,980,2.599469496
Bihar,PURBI CHAMPARAN,2004,Whole Year,Coriander,73,48,0.657534247
Bihar,PURBI CHAMPARAN,2004,Whole Year,Dry chillies,82,59,0.719512195
Bihar,PURBI CHAMPARAN,2004,Whole Year,Dry ginger,15,23,1.533333333
Bihar,PURBI CHAMPARAN,2004,Whole Year,Garlic,133,201,1.511278195
Bihar,PURBI CHAMPARAN,2004,Whole Year,Onion,781,6881,8.81049936
Bihar,PURBI CHAMPARAN,2004,Whole Year,Potato,6853,70976,10.35692397
Bihar,PURBI CHAMPARAN,2004,Whole Year,Sannhamp,1,1,1
Bihar,PURBI CHAMPARAN,2004,Whole Year,Sugarcane,6152,246419,40.05510403
Bihar,PURBI CHAMPARAN,2004,Whole Year,Sweet potato,122,1861,15.25409836
Bihar,PURBI CHAMPARAN,2004,Whole Year,Tobacco,6,7,1.166666667
Bihar,PURBI CHAMPARAN,2004,Whole Year,Turmeric,146,144,0.98630137
Bihar,PURBI CHAMPARAN,2004,Winter,Rice,124724,39295,0.315055643
Bihar,PURBI CHAMPARAN,2005,Autumn,Rice,60672,72241,1.190681039
Bihar,PURBI CHAMPARAN,2005,Kharif,Arhar/Tur,1347,2139,1.587973274
Bihar,PURBI CHAMPARAN,2005,Kharif,Castor seed,7,7,1
Bihar,PURBI CHAMPARAN,2005,Kharif,Jute,17,172,10.11764706
Bihar,PURBI CHAMPARAN,2005,Kharif,Maize,6179,14145,2.289205373
Bihar,PURBI CHAMPARAN,2005,Kharif,Mesta,9,53,5.888888889
Bihar,PURBI CHAMPARAN,2005,Kharif,Moong(Green Gram),324,131,0.404320988
Bihar,PURBI CHAMPARAN,2005,Kharif,Other Kharif pulses,35,18,0.514285714
Bihar,PURBI CHAMPARAN,2005,Kharif,Ragi,16,6,0.375
Bihar,PURBI CHAMPARAN,2005,Kharif,Sesamum,85,69,0.811764706
Bihar,PURBI CHAMPARAN,2005,Kharif,Small millets,1,1,1
Bihar,PURBI CHAMPARAN,2005,Kharif,Sunflower,40,53,1.325
Bihar,PURBI CHAMPARAN,2005,Kharif,Urad,269,206,0.765799257
Bihar,PURBI CHAMPARAN,2005,Rabi,Barley,611,403,0.659574468
Bihar,PURBI CHAMPARAN,2005,Rabi,Gram,23,22,0.956521739
Bihar,PURBI CHAMPARAN,2005,Rabi,Khesari,561,270,0.481283422
Bihar,PURBI CHAMPARAN,2005,Rabi,Linseed,966,827,0.85610766
Bihar,PURBI CHAMPARAN,2005,Rabi,Maize,6656,22724,3.4140625
Bihar,PURBI CHAMPARAN,2005,Rabi,Masoor,8039,4831,0.600945391
Bihar,PURBI CHAMPARAN,2005,Rabi,Other  Rabi pulses,168,114,0.678571429
Bihar,PURBI CHAMPARAN,2005,Rabi,Peas & beans (Pulses),144,132,0.916666667
Bihar,PURBI CHAMPARAN,2005,Rabi,Rapeseed &Mustard,1526,636,0.416775885
Bihar,PURBI CHAMPARAN,2005,Rabi,Wheat,98368,105735,1.074892241
Bihar,PURBI CHAMPARAN,2005,Summer,Maize,4851,12025,2.478870336
Bihar,PURBI CHAMPARAN,2005,Summer,Moong(Green Gram),1186,810,0.68296796
Bihar,PURBI CHAMPARAN,2005,Summer,Rice,115,75,0.652173913
Bihar,PURBI CHAMPARAN,2005,Whole Year,Banana,415,6167,14.86024096
Bihar,PURBI CHAMPARAN,2005,Whole Year,Coriander,75,59,0.786666667
Bihar,PURBI CHAMPARAN,2005,Whole Year,Dry chillies,86,53,0.61627907
Bihar,PURBI CHAMPARAN,2005,Whole Year,Dry ginger,16,24,1.5
Bihar,PURBI CHAMPARAN,2005,Whole Year,Garlic,136,201,1.477941176
Bihar,PURBI CHAMPARAN,2005,Whole Year,Onion,791,4192,5.299620733
Bihar,PURBI CHAMPARAN,2005,Whole Year,Potato,6580,59394,9.026443769
Bihar,PURBI CHAMPARAN,2005,Whole Year,Sannhamp,1,1,1
Bihar,PURBI CHAMPARAN,2005,Whole Year,Sugarcane,6238,206380,33.0843219
Bihar,PURBI CHAMPARAN,2005,Whole Year,Sweet potato,117,1795,15.34188034
Bihar,PURBI CHAMPARAN,2005,Whole Year,Tobacco,7,8,1.142857143
Bihar,PURBI CHAMPARAN,2005,Whole Year,Turmeric,142,138,0.971830986
Bihar,PURBI CHAMPARAN,2005,Winter,Rice,132496,114410,0.863497766
Bihar,PURBI CHAMPARAN,2006,Autumn,Rice,75418,69697,0.924142778
Bihar,PURBI CHAMPARAN,2006,Kharif,Arhar/Tur,1419,1721,1.212825934
Bihar,PURBI CHAMPARAN,2006,Kharif,Jute,15,153,10.2
Bihar,PURBI CHAMPARAN,2006,Kharif,Maize,6143,6175,1.005209181
Bihar,PURBI CHAMPARAN,2006,Kharif,Mesta,9,56,6.222222222
Bihar,PURBI CHAMPARAN,2006,Kharif,Moong(Green Gram),546,277,0.507326007
Bihar,PURBI CHAMPARAN,2006,Kharif,Ragi,18,16,0.888888889
Bihar,PURBI CHAMPARAN,2006,Kharif,Sannhamp,1,1,1
Bihar,PURBI CHAMPARAN,2006,Kharif,Sesamum,66,51,0.772727273
Bihar,PURBI CHAMPARAN,2006,Kharif,Urad,515,404,0.784466019
Bihar,PURBI CHAMPARAN,2006,Rabi,Barley,580,655,1.129310345
Bihar,PURBI CHAMPARAN,2006,Rabi,Gram,22,19,0.863636364
Bihar,PURBI CHAMPARAN,2006,Rabi,Khesari,1021,806,0.789422135
Bihar,PURBI CHAMPARAN,2006,Rabi,Linseed,848,720,0.849056604
Bihar,PURBI CHAMPARAN,2006,Rabi,Maize,6235,3520,0.564554932
Bihar,PURBI CHAMPARAN,2006,Rabi,Masoor,7628,4317,0.565941269
Bihar,PURBI CHAMPARAN,2006,Rabi,Peas & beans (Pulses),110,103,0.936363636
Bihar,PURBI CHAMPARAN,2006,Rabi,Rapeseed &Mustard,1395,1448,1.037992832
Bihar,PURBI CHAMPARAN,2006,Rabi,Sunflower,32,42,1.3125
Bihar,PURBI CHAMPARAN,2006,Rabi,Wheat,98681,199138,2.017997386
Bihar,PURBI CHAMPARAN,2006,Summer,Maize,4806,10163,2.114648356
Bihar,PURBI CHAMPARAN,2006,Summer,Moong(Green Gram),1217,551,0.452752671
Bihar,PURBI CHAMPARAN,2006,Summer,Rice,113,175,1.548672566
Bihar,PURBI CHAMPARAN,2006,Winter,Rice,137344,96228,0.700634902
Bihar,PURBI CHAMPARAN,2007,Autumn,Maize,7024,2642,0.376138952
Bihar,PURBI CHAMPARAN,2007,Autumn,Rice,74512,29957,0.402042624
Bihar,PURBI CHAMPARAN,2007,Kharif,Arhar/Tur,1412,1843,1.305240793
Bihar,PURBI CHAMPARAN,2007,Kharif,Castor seed,7,7,1
Bihar,PURBI CHAMPARAN,2007,Kharif,Dry ginger,16,26,1.625
Bihar,PURBI CHAMPARAN,2007,Kharif,Jute,14,132,9.428571429
Bihar,PURBI CHAMPARAN,2007,Kharif,Mesta,9,58,6.444444444
Bihar,PURBI CHAMPARAN,2007,Kharif,Moong(Green Gram),519,278,0.535645472
Bihar,PURBI CHAMPARAN,2007,Kharif,Other Kharif pulses,1,1,1
Bihar,PURBI CHAMPARAN,2007,Kharif,Ragi,31,19,0.612903226
Bihar,PURBI CHAMPARAN,2007,Kharif,Sannhamp,1,5.55,5.55
Bihar,PURBI CHAMPARAN,2007,Kharif,Sesamum,73,59,0.808219178
Bihar,PURBI CHAMPARAN,2007,Kharif,Small millets,1,1,1
Bihar,PURBI CHAMPARAN,2007,Kharif,Urad,504,383,0.759920635
Bihar,PURBI CHAMPARAN,2007,Rabi,Barley,587,569,0.969335605
Bihar,PURBI CHAMPARAN,2007,Rabi,Gram,130,129,0.992307692
Bihar,PURBI CHAMPARAN,2007,Rabi,Khesari,537,451,0.839851024
Bihar,PURBI CHAMPARAN,2007,Rabi,Linseed,989,831,0.840242669
Bihar,PURBI CHAMPARAN,2007,Rabi,Maize,6807,40052,5.883943
Bihar,PURBI CHAMPARAN,2007,Rabi,Masoor,8296,6496,0.783027965
Bihar,PURBI CHAMPARAN,2007,Rabi,Other  Rabi pulses,171,127,0.742690058
Bihar,PURBI CHAMPARAN,2007,Rabi,Peas & beans (Pulses),97,96,0.989690722
Bihar,PURBI CHAMPARAN,2007,Rabi,Rapeseed &Mustard,1635,443,0.270948012
Bihar,PURBI CHAMPARAN,2007,Rabi,Sunflower,34,45,1.323529412
Bihar,PURBI CHAMPARAN,2007,Rabi,Wheat,105060,293624,2.794822006
Bihar,PURBI CHAMPARAN,2007,Summer,Maize,4846,10746,2.217498968
Bihar,PURBI CHAMPARAN,2007,Summer,Moong(Green Gram),1183,666,0.562975486
Bihar,PURBI CHAMPARAN,2007,Summer,Rice,115,188,1.634782609
Bihar,PURBI CHAMPARAN,2007,Whole Year,Banana,414,6997,16.90096618
Bihar,PURBI CHAMPARAN,2007,Whole Year,Coriander,82,59,0.719512195
Bihar,PURBI CHAMPARAN,2007,Whole Year,Dry chillies,91,228,2.505494505
Bihar,PURBI CHAMPARAN,2007,Whole Year,Garlic,141,205,1.453900709
Bihar,PURBI CHAMPARAN,2007,Whole Year,Onion,835,7381,8.839520958
Bihar,PURBI CHAMPARAN,2007,Whole Year,Potato,7083,37045,5.230128477
Bihar,PURBI CHAMPARAN,2007,Whole Year,Sugarcane,6621,243817,36.82479988
Bihar,PURBI CHAMPARAN,2007,Whole Year,Sweet potato,170,2149,12.64117647
Bihar,PURBI CHAMPARAN,2007,Whole Year,Tobacco,6,14,2.333333333
Bihar,PURBI CHAMPARAN,2007,Whole Year,Turmeric,152,165,1.085526316
Bihar,PURBI CHAMPARAN,2007,Winter,Rice,139043,22890,0.164625332
Bihar,PURBI CHAMPARAN,2008,Autumn,Maize,7148,9115,1.275181869
Bihar,PURBI CHAMPARAN,2008,Autumn,Rice,75706,115126,1.520698492
Bihar,PURBI CHAMPARAN,2008,Kharif,Arhar/Tur,1329,1239,0.93227991
Bihar,PURBI CHAMPARAN,2008,Kharif,Castor seed,7,7,1
Bihar,PURBI CHAMPARAN,2008,Kharif,Dry ginger,16,26,1.625
Bihar,PURBI CHAMPARAN,2008,Kharif,Jute,16,128,8
Bihar,PURBI CHAMPARAN,2008,Kharif,Mesta,9,60,6.666666667
Bihar,PURBI CHAMPARAN,2008,Kharif,Moong(Green Gram),473,269,0.568710359
Bihar,PURBI CHAMPARAN,2008,Kharif,Other Kharif pulses,1,1,1
Bihar,PURBI CHAMPARAN,2008,Kharif,Potato,2209,12286,5.561792666
Bihar,PURBI CHAMPARAN,2008,Kharif,Ragi,29,24,0.827586207
Bihar,PURBI CHAMPARAN,2008,Kharif,Sannhamp,1,55.55,55.55
Bihar,PURBI CHAMPARAN,2008,Kharif,Sesamum,76,60,0.789473684
Bihar,PURBI CHAMPARAN,2008,Kharif,Small millets,1,1,1
Bihar,PURBI CHAMPARAN,2008,Kharif,Sweet potato,140,1695,12.10714286
Bihar,PURBI CHAMPARAN,2008,Kharif,Urad,484,396,0.818181818
Bihar,PURBI CHAMPARAN,2008,Rabi,Barley,452,492,1.088495575
Bihar,PURBI CHAMPARAN,2008,Rabi,Gram,134,124,0.925373134
Bihar,PURBI CHAMPARAN,2008,Rabi,Khesari,519,426,0.820809249
Bihar,PURBI CHAMPARAN,2008,Rabi,Linseed,979,822,0.839632278
Bihar,PURBI CHAMPARAN,2008,Rabi,Maize,7163,6074,0.847968728
Bihar,PURBI CHAMPARAN,2008,Rabi,Masoor,8237,7644,0.92800777
Bihar,PURBI CHAMPARAN,2008,Rabi,Other  Rabi pulses,559,414,0.740608229
Bihar,PURBI CHAMPARAN,2008,Rabi,Peas & beans (Pulses),100,96,0.96
Bihar,PURBI CHAMPARAN,2008,Rabi,Potato,5075,44508,8.770049261
Bihar,PURBI CHAMPARAN,2008,Rabi,Rapeseed &Mustard,1677,765,0.456171735
Bihar,PURBI CHAMPARAN,2008,Rabi,Sunflower,34,45,1.323529412
Bihar,PURBI CHAMPARAN,2008,Rabi,Sweet potato,33,397,12.03030303
Bihar,PURBI CHAMPARAN,2008,Rabi,Wheat,107855,157272,1.458179964
Bihar,PURBI CHAMPARAN,2008,Summer,Maize,4862,15939,3.278280543
Bihar,PURBI CHAMPARAN,2008,Summer,Moong(Green Gram),1143,597,0.522309711
Bihar,PURBI CHAMPARAN,2008,Summer,Rice,112,191,1.705357143
Bihar,PURBI CHAMPARAN,2008,Whole Year,Dry chillies,93,169,1.817204301
Bihar,PURBI CHAMPARAN,2008,Whole Year,Garlic,145,252,1.737931034
Bihar,PURBI CHAMPARAN,2008,Whole Year,Onion,821,7323,8.919610231
Bihar,PURBI CHAMPARAN,2008,Whole Year,Sugarcane,6561,292613,44.59884164
Bihar,PURBI CHAMPARAN,2008,Whole Year,Turmeric,149,184,1.234899329
Bihar,PURBI CHAMPARAN,2008,Winter,Rice,140554,184656,1.313772643
Bihar,PURBI CHAMPARAN,2009,Autumn,Maize,6394,5929,0.927275571
Bihar,PURBI CHAMPARAN,2009,Autumn,Rice,74950,61782,0.82430954
Bihar,PURBI CHAMPARAN,2009,Kharif,Arhar/Tur,1336,3134,2.345808383
Bihar,PURBI CHAMPARAN,2009,Kharif,Jute,14,128,9.142857143
Bihar,PURBI CHAMPARAN,2009,Kharif,Mesta,4,28,7
Bihar,PURBI CHAMPARAN,2009,Kharif,Moong(Green Gram),444,294,0.662162162
Bihar,PURBI CHAMPARAN,2009,Kharif,Other Kharif pulses,193,168,0.870466321
Bihar,PURBI CHAMPARAN,2009,Kharif,Ragi,36,25,0.694444444
Bihar,PURBI CHAMPARAN,2009,Kharif,Sannhamp,1,1,1
Bihar,PURBI CHAMPARAN,2009,Kharif,Small millets,9,7,0.777777778
Bihar,PURBI CHAMPARAN,2009,Kharif,Urad,227,225,0.991189427
Bihar,PURBI CHAMPARAN,2009,Rabi,Barley,629,785,1.248012719
Bihar,PURBI CHAMPARAN,2009,Rabi,Gram,140,155,1.107142857
Bihar,PURBI CHAMPARAN,2009,Rabi,Khesari,588,609,1.035714286
Bihar,PURBI CHAMPARAN,2009,Rabi,Linseed,996,843,0.846385542
Bihar,PURBI CHAMPARAN,2009,Rabi,Maize,6632,14179,2.137967431
Bihar,PURBI CHAMPARAN,2009,Rabi,Masoor,8114,6483,0.798989401
Bihar,PURBI CHAMPARAN,2009,Rabi,Other  Rabi pulses,169,126,0.74556213
Bihar,PURBI CHAMPARAN,2009,Rabi,Peas & beans (Pulses),142,142,1
Bihar,PURBI CHAMPARAN,2009,Rabi,Rapeseed &Mustard,1525,354,0.232131148
Bihar,PURBI CHAMPARAN,2009,Rabi,Sunflower,33,46,1.393939394
Bihar,PURBI CHAMPARAN,2009,Rabi,Wheat,98334,57828,0.588077369
Bihar,PURBI CHAMPARAN,2009,Summer,Maize,4845,11979,2.47244582
Bihar,PURBI CHAMPARAN,2009,Summer,Moong(Green Gram),1183,487,0.411665258
Bihar,PURBI CHAMPARAN,2009,Summer,Rice,116,169,1.456896552
Bihar,PURBI CHAMPARAN,2009,Whole Year,Sugarcane,5540,715943,129.2315884
Bihar,PURBI CHAMPARAN,2009,Winter,Rice,140233,50772,0.362054581
Bihar,PURBI CHAMPARAN,2010,Autumn,Maize,7024,6076,0.865034169
Bihar,PURBI CHAMPARAN,2010,Autumn,Rice,72657,45367,0.624399576
Bihar,PURBI CHAMPARAN,2010,Kharif,Arhar/Tur,1569,4572,2.913957935
Bihar,PURBI CHAMPARAN,2010,Kharif,Jute,14,128,9.142857143
Bihar,PURBI CHAMPARAN,2010,Kharif,Mesta,7,120,17.14285714
Bihar,PURBI CHAMPARAN,2010,Kharif,Moong(Green Gram),476,311,0.653361345
Bihar,PURBI CHAMPARAN,2010,Kharif,Other Kharif pulses,24,20,0.833333333
Bihar,PURBI CHAMPARAN,2010,Kharif,Ragi,31,48,1.548387097
Bihar,PURBI CHAMPARAN,2010,Kharif,Sesamum,73,58,0.794520548
Bihar,PURBI CHAMPARAN,2010,Kharif,Small millets,15,11,0.733333333
Bihar,PURBI CHAMPARAN,2010,Kharif,Urad,439,383,0.872437358
Bihar,PURBI CHAMPARAN,2010,Rabi,Barley,143,377,2.636363636
Bihar,PURBI CHAMPARAN,2010,Rabi,Gram,32,33,1.03125
Bihar,PURBI CHAMPARAN,2010,Rabi,Khesari,429,422,0.983682984
Bihar,PURBI CHAMPARAN,2010,Rabi,Linseed,334,273,0.817365269
Bihar,PURBI CHAMPARAN,2010,Rabi,Maize,3996,13187,3.30005005
Bihar,PURBI CHAMPARAN,2010,Rabi,Masoor,7069,8186,1.158013863
Bihar,PURBI CHAMPARAN,2010,Rabi,Other  Rabi pulses,165,123,0.745454545
Bihar,PURBI CHAMPARAN,2010,Rabi,Peas & beans (Pulses),100,104,1.04
Bihar,PURBI CHAMPARAN,2010,Rabi,Rapeseed &Mustard,1890,3151,1.667195767
Bihar,PURBI CHAMPARAN,2010,Rabi,Sunflower,36,52,1.444444444
Bihar,PURBI CHAMPARAN,2010,Rabi,Wheat,102596,310691,3.02829545
Bihar,PURBI CHAMPARAN,2010,Summer,Maize,4846,13880,2.864217912
Bihar,PURBI CHAMPARAN,2010,Summer,Moong(Green Gram),1183,607,0.513102282
Bihar,PURBI CHAMPARAN,2010,Summer,Rice,116,196,1.689655172
Bihar,PURBI CHAMPARAN,2010,Whole Year,Sugarcane,16264,660936,40.63797344
Bihar,PURBI CHAMPARAN,2010,Winter,Rice,59497,36874,0.619762341
Bihar,PURBI CHAMPARAN,2011,Autumn,Maize,43626,154451,3.540342915
Bihar,PURBI CHAMPARAN,2011,Autumn,Rice,104312,149366,1.431915791
Bihar,PURBI CHAMPARAN,2011,Kharif,Arhar/Tur,1496,6030,4.030748663
Bihar,PURBI CHAMPARAN,2011,Kharif,Bajra,2,2,1
Bihar,PURBI CHAMPARAN,2011,Kharif,Jute,29,335,11.55172414
Bihar,PURBI CHAMPARAN,2011,Kharif,Mesta,2,25,12.5
Bihar,PURBI CHAMPARAN,2011,Kharif,Moong(Green Gram),81,38,0.469135802
Bihar,PURBI CHAMPARAN,2011,Kharif,Ragi,18,31,1.722222222
Bihar,PURBI CHAMPARAN,2011,Kharif,Sesamum,35,31,0.885714286
Bihar,PURBI CHAMPARAN,2011,Kharif,Urad,296,265,0.89527027
Bihar,PURBI CHAMPARAN,2011,Rabi,Barley,19,39,2.052631579
Bihar,PURBI CHAMPARAN,2011,Rabi,Gram,5,6,1.2
Bihar,PURBI CHAMPARAN,2011,Rabi,Khesari,362,274,0.756906077
Bihar,PURBI CHAMPARAN,2011,Rabi,Linseed,134,116,0.865671642
Bihar,PURBI CHAMPARAN,2011,Rabi,Maize,4066,15284,3.758976881
Bihar,PURBI CHAMPARAN,2011,Rabi,Masoor,8318,7070,0.849963934
Bihar,PURBI CHAMPARAN,2011,Rabi,Other  Rabi pulses,37,41,1.108108108
Bihar,PURBI CHAMPARAN,2011,Rabi,Peas & beans (Pulses),133,137,1.030075188
Bihar,PURBI CHAMPARAN,2011,Rabi,Rapeseed &Mustard,2705,4791,1.77116451
Bihar,PURBI CHAMPARAN,2011,Rabi,Sunflower,14,21,1.5
Bihar,PURBI CHAMPARAN,2011,Rabi,Wheat,110989,359055,3.23505032
Bihar,PURBI CHAMPARAN,2011,Summer,Maize,3754,14460,3.851891316
Bihar,PURBI CHAMPARAN,2011,Summer,Moong(Green Gram),835,327,0.391616766
Bihar,PURBI CHAMPARAN,2011,Winter,Rice,89030,235226,2.642098169
Bihar,PURBI CHAMPARAN,2012,Autumn,Maize,39003,129982,3.33261544
Bihar,PURBI CHAMPARAN,2012,Autumn,Rice,98697,191087,1.936097348
Bihar,PURBI CHAMPARAN,2012,Kharif,Arhar/Tur,1342,2298,1.712369598
Bihar,PURBI CHAMPARAN,2012,Kharif,Mesta,1,3,3
Bihar,PURBI CHAMPARAN,2012,Kharif,Moong(Green Gram),195,81,0.415384615
Bihar,PURBI CHAMPARAN,2012,Kharif,Ragi,13,25,1.923076923
Bihar,PURBI CHAMPARAN,2012,Kharif,Sesamum,15,13,0.866666667
Bihar,PURBI CHAMPARAN,2012,Kharif,Urad,334,300,0.898203593
Bihar,PURBI CHAMPARAN,2012,Rabi,Khesari,1232,967,0.784902597
Bihar,PURBI CHAMPARAN,2012,Rabi,Linseed,125,108,0.864
Bihar,PURBI CHAMPARAN,2012,Rabi,Maize,3982,7785,1.955047715
Bihar,PURBI CHAMPARAN,2012,Rabi,Masoor,8756,8581,0.980013705
Bihar,PURBI CHAMPARAN,2012,Rabi,Other  Rabi pulses,33,36,1.090909091
Bihar,PURBI CHAMPARAN,2012,Rabi,Peas & beans (Pulses),107,111,1.037383178
Bihar,PURBI CHAMPARAN,2012,Rabi,Rapeseed &Mustard,2594,3014,1.161912105
Bihar,PURBI CHAMPARAN,2012,Rabi,Sunflower,16,23,1.4375
Bihar,PURBI CHAMPARAN,2012,Rabi,Wheat,115137,304215,2.642200162
Bihar,PURBI CHAMPARAN,2012,Summer,Maize,3742,21969,5.870924639
Bihar,PURBI CHAMPARAN,2012,Summer,Moong(Green Gram),834,520,0.623501199
Bihar,PURBI CHAMPARAN,2012,Whole Year,Sugarcane,21079,1002703,47.56881256
Bihar,PURBI CHAMPARAN,2012,Winter,Rice,90111,162854,1.807259935
Bihar,PURBI CHAMPARAN,2013,Autumn,Maize,43507,73259,1.683843979
Bihar,PURBI CHAMPARAN,2013,Autumn,Rice,99601,144040,1.446170219
Bihar,PURBI CHAMPARAN,2013,Kharif,Arhar/Tur,1673,3389,2.025702331
Bihar,PURBI CHAMPARAN,2013,Kharif,Moong(Green Gram),157,47,0.299363057
Bihar,PURBI CHAMPARAN,2013,Rabi,Khesari,688,768,1.11627907
Bihar,PURBI CHAMPARAN,2013,Rabi,Linseed,74,63,0.851351351
Bihar,PURBI CHAMPARAN,2013,Rabi,Maize,4222,8267,1.958076741
Bihar,PURBI CHAMPARAN,2013,Rabi,Masoor,7676,9204,1.199062011
Bihar,PURBI CHAMPARAN,2013,Rabi,Other  Rabi pulses,43,43,1
Bihar,PURBI CHAMPARAN,2013,Rabi,Peas & beans (Pulses),95,100,1.052631579
Bihar,PURBI CHAMPARAN,2013,Rabi,Rapeseed &Mustard,2212,2615,1.182188065
Bihar,PURBI CHAMPARAN,2013,Rabi,Sunflower,17,25,1.470588235
Bihar,PURBI CHAMPARAN,2013,Rabi,Wheat,114743,313157,2.729203524
Bihar,PURBI CHAMPARAN,2013,Summer,Maize,3875,19107,4.93083871
Bihar,PURBI CHAMPARAN,2013,Summer,Moong(Green Gram),1565,901,0.57571885
Bihar,PURBI CHAMPARAN,2013,Whole Year,Sugarcane,22789,954904,41.90197025
Bihar,PURBI CHAMPARAN,2013,Winter,Rice,89883,91745,1.020715819
Bihar,PURBI CHAMPARAN,2014,Autumn,Maize,41750,82553,1.977317365
Bihar,PURBI CHAMPARAN,2014,Autumn,Rice,103184,166134,1.610075205
Bihar,PURBI CHAMPARAN,2014,Kharif,Arhar/Tur,1415,2389,1.688339223
Bihar,PURBI CHAMPARAN,2014,Kharif,Moong(Green Gram),172,85,0.494186047
Bihar,PURBI CHAMPARAN,2014,Kharif,Sesamum,97,87,0.896907216
Bihar,PURBI CHAMPARAN,2014,Kharif,Small millets,8,6,0.75
Bihar,PURBI CHAMPARAN,2014,Kharif,Urad,3,3,1
Bihar,PURBI CHAMPARAN,2014,Rabi,Barley,302,516,1.708609272
Bihar,PURBI CHAMPARAN,2014,Rabi,Khesari,642,636,0.990654206
Bihar,PURBI CHAMPARAN,2014,Rabi,Linseed,176,152,0.863636364
Bihar,PURBI CHAMPARAN,2014,Rabi,Maize,6487,4534,0.698936334
Bihar,PURBI CHAMPARAN,2014,Rabi,Masoor,9691,2849,0.293984109
Bihar,PURBI CHAMPARAN,2014,Rabi,Other  Rabi pulses,180,180,1
Bihar,PURBI CHAMPARAN,2014,Rabi,Peas & beans (Pulses),548,425,0.775547445
Bihar,PURBI CHAMPARAN,2014,Rabi,Rapeseed &Mustard,3066,1950,0.636007828
Bihar,PURBI CHAMPARAN,2014,Rabi,Sunflower,28,40,1.428571429
Bihar,PURBI CHAMPARAN,2014,Rabi,Wheat,128684,87581,0.680589661
Bihar,PURBI CHAMPARAN,2014,Summer,Maize,3994,15495,3.879569354
Bihar,PURBI CHAMPARAN,2014,Summer,Moong(Green Gram),1039,538,0.517805582
Bihar,PURBI CHAMPARAN,2014,Whole Year,Sugarcane,23723,1205280,50.80639042
Bihar,PURBI CHAMPARAN,2014,Winter,Rice,96376,181633,1.884628953
Bihar,PURNIA,1997,Autumn,Rice,19065,23419,1.228376606
Bihar,PURNIA,1997,Kharif,Arhar/Tur,324,420,1.296296296
Bihar,PURNIA,1997,Kharif,Bajra,4,2,0.5
Bihar,PURNIA,1997,Kharif,Dry ginger,21,30,1.428571429
Bihar,PURNIA,1997,Kharif,Jute,26517,250438,9.444431874
Bihar,PURNIA,1997,Kharif,Maize,6900,11375,1.648550725
Bihar,PURNIA,1997,Kharif,Mesta,2465,22555,9.15010142
Bihar,PURNIA,1997,Kharif,Other Kharif pulses,361,202,0.559556787
Bihar,PURNIA,1997,Kharif,Sesamum,46,21,0.456521739
Bihar,PURNIA,1997,Rabi,Barley,55,57,1.036363636
Bihar,PURNIA,1997,Rabi,Gram,232,92,0.396551724
Bihar,PURNIA,1997,Rabi,Linseed,1252,702,0.560702875
Bihar,PURNIA,1997,Rabi,Maize,8231,22635,2.749969627
Bihar,PURNIA,1997,Rabi,Other  Rabi pulses,155,93,0.6
Bihar,PURNIA,1997,Rabi,Rapeseed &Mustard,4476,2927,0.653932082
Bihar,PURNIA,1997,Rabi,Safflower,6,4,0.666666667
Bihar,PURNIA,1997,Rabi,Sunflower,2165,1091,0.503926097
Bihar,PURNIA,1997,Rabi,Tobacco,151,108,0.715231788
Bihar,PURNIA,1997,Rabi,Wheat,57876,101786,1.758690995
Bihar,PURNIA,1997,Summer,Maize,15110,37952,2.511714097
Bihar,PURNIA,1997,Summer,Rice,18502,40311,2.178737434
Bihar,PURNIA,1997,Whole Year,Banana,1683,37363,22.20023767
Bihar,PURNIA,1997,Whole Year,Coriander,81,40,0.49382716
Bihar,PURNIA,1997,Whole Year,Dry chillies,124,118,0.951612903
Bihar,PURNIA,1997,Whole Year,Garlic,135,180,1.333333333
Bihar,PURNIA,1997,Whole Year,Onion,438,2497,5.700913242
Bihar,PURNIA,1997,Whole Year,Potato,7916,55431,7.002400202
Bihar,PURNIA,1997,Whole Year,Ragi,112,97,0.866071429
Bihar,PURNIA,1997,Whole Year,Sannhamp,39,15,0.384615385
Bihar,PURNIA,1997,Whole Year,Sugarcane,473,21720,45.91966173
Bihar,PURNIA,1997,Whole Year,Sweet potato,204,2016,9.882352941
Bihar,PURNIA,1997,Whole Year,Turmeric,162,324,2
Bihar,PURNIA,1997,Winter,Rice,92010,99948,1.086273231
Bihar,PURNIA,1998,Kharif,Arhar/Tur,247,372,1.506072874
Bihar,PURNIA,1998,Kharif,Blackgram,118,89,0.754237288
Bihar,PURNIA,1998,Kharif,Jute,35627,168634,4.733320235
Bihar,PURNIA,1998,Kharif,Maize,6927,5692,0.821712141
Bihar,PURNIA,1998,Kharif,Mesta,2463,15448,6.272025985
Bihar,PURNIA,1998,Kharif,Niger seed,34,21,0.617647059
Bihar,PURNIA,1998,Kharif,Other Kharif pulses,4099,2616,0.63820444
Bihar,PURNIA,1998,Kharif,Ragi,44,27,0.613636364
Bihar,PURNIA,1998,Kharif,Sesamum,42,22,0.523809524
Bihar,PURNIA,1998,Kharif,Sunflower,1927,971,0.50389206
Bihar,PURNIA,1998,Rabi,Barley,88,102,1.159090909
Bihar,PURNIA,1998,Rabi,Gram,142,130,0.915492958
Bihar,PURNIA,1998,Rabi,Linseed,1423,896,0.629655657
Bihar,PURNIA,1998,Rabi,Maize,9224,19970,2.165004337
Bihar,PURNIA,1998,Rabi,Other  Rabi pulses,14989,8828,0.588965241
Bihar,PURNIA,1998,Rabi,Rapeseed &Mustard,4068,2900,0.712881023
Bihar,PURNIA,1998,Rabi,Wheat,54728,103573,1.892504751
Bihar,PURNIA,1998,Summer,Maize,14976,47497,3.171541132
Bihar,PURNIA,1998,Summer,Rice,18535,45627,2.461667116
Bihar,PURNIA,1998,Whole Year,Banana,1622,27023,16.66029593
Bihar,PURNIA,1998,Whole Year,Coriander,67,41,0.611940299
Bihar,PURNIA,1998,Whole Year,Dry chillies,79,74,0.936708861
Bihar,PURNIA,1998,Whole Year,Dry ginger,17,24,1.411764706
Bihar,PURNIA,1998,Whole Year,Garlic,124,180,1.451612903
Bihar,PURNIA,1998,Whole Year,Onion,377,3370,8.938992042
Bihar,PURNIA,1998,Whole Year,Potato,6523,54020,8.281465583
Bihar,PURNIA,1998,Whole Year,Sugarcane,292,11930,40.85616438
Bihar,PURNIA,1998,Whole Year,Sweet potato,105,1135,10.80952381
Bihar,PURNIA,1998,Whole Year,Tobacco,133,101,0.759398496
Bihar,PURNIA,1998,Whole Year,Turmeric,142,282,1.985915493
Bihar,PURNIA,1998,Winter,Rice,80680,84100,1.042389688
Bihar,PURNIA,1999,Kharif,Arhar/Tur,200,168,0.84
Bihar,PURNIA,1999,Kharif,Dry ginger,16,23,1.4375
Bihar,PURNIA,1999,Kharif,Horse-gram,1330,1184,0.890225564
Bihar,PURNIA,1999,Kharif,Jowar,43,52,1.209302326
Bihar,PURNIA,1999,Kharif,Jute,33278,242560,7.288899573
Bihar,PURNIA,1999,Kharif,Maize,7394,12554,1.697863132
Bihar,PURNIA,1999,Kharif,Mesta,9878,62067,6.283356955
Bihar,PURNIA,1999,Kharif,Moong(Green Gram),3164,1631,0.515486726
Bihar,PURNIA,1999,Kharif,Ragi,172,119,0.691860465
Bihar,PURNIA,1999,Kharif,Rice,21361,17118,0.801366977
Bihar,PURNIA,1999,Kharif,Sesamum,54,25,0.462962963
Bihar,PURNIA,1999,Kharif,Sunflower,4868,2518,0.517255546
Bihar,PURNIA,1999,Kharif,Urad,3262,2515,0.770999387
Bihar,PURNIA,1999,Rabi,Gram,83,62,0.746987952
Bihar,PURNIA,1999,Rabi,Khesari,2148,1858,0.864990689
Bihar,PURNIA,1999,Rabi,Linseed,1606,993,0.618306351
Bihar,PURNIA,1999,Rabi,Maize,9211,31944,3.468027359
Bihar,PURNIA,1999,Rabi,Masoor,2386,1109,0.464794635
Bihar,PURNIA,1999,Rabi,Moong(Green Gram),7728,4258,0.550983437
Bihar,PURNIA,1999,Rabi,Peas & beans (Pulses),295,211,0.715254237
Bihar,PURNIA,1999,Rabi,Rapeseed &Mustard,3491,1903,0.545116013
Bihar,PURNIA,1999,Rabi,Wheat,50304,96274,1.91384383
Bihar,PURNIA,1999,Summer,Maize,15101,30160,1.997218727
Bihar,PURNIA,1999,Summer,Rice,16966,34911,2.057703643
Bihar,PURNIA,1999,Whole Year,Banana,1495,10181,6.810033445
Bihar,PURNIA,1999,Whole Year,Coriander,64,33,0.515625
Bihar,PURNIA,1999,Whole Year,Dry chillies,398,378,0.949748744
Bihar,PURNIA,1999,Whole Year,Garlic,200,284,1.42
Bihar,PURNIA,1999,Whole Year,Onion,430,3264,7.590697674
Bihar,PURNIA,1999,Whole Year,Potato,11658,95441,8.18673872
Bihar,PURNIA,1999,Whole Year,Sugarcane,7,177,25.28571429
Bihar,PURNIA,1999,Whole Year,Sweet potato,97,1322,13.62886598
Bihar,PURNIA,1999,Whole Year,Tobacco,65,66,1.015384615
Bihar,PURNIA,1999,Whole Year,Turmeric,128,255,1.9921875
Bihar,PURNIA,2000,Autumn,Rice,69489,84160,1.211126941
Bihar,PURNIA,2000,Kharif,Arhar/Tur,182,318,1.747252747
Bihar,PURNIA,2000,Kharif,Dry ginger,11,15,1.363636364
Bihar,PURNIA,2000,Kharif,Horse-gram,1147,1058,0.922406277
Bihar,PURNIA,2000,Kharif,Jute,20577,167588,8.144433105
Bihar,PURNIA,2000,Kharif,Maize,9296,21693,2.333584337
Bihar,PURNIA,2000,Kharif,Mesta,14794,98216,6.638907665
Bihar,PURNIA,2000,Kharif,Moong(Green Gram),3788,1651,0.435850053
Bihar,PURNIA,2000,Kharif,Other Kharif pulses,77,40,0.519480519
Bihar,PURNIA,2000,Kharif,Ragi,175,454,2.594285714
Bihar,PURNIA,2000,Kharif,Rice,25315,45343,1.791151491
Bihar,PURNIA,2000,Kharif,Sesamum,9,4,0.444444444
Bihar,PURNIA,2000,Kharif,Small millets,143,74,0.517482517
Bihar,PURNIA,2000,Kharif,Sunflower,3190,4581,1.436050157
Bihar,PURNIA,2000,Kharif,Urad,3042,2105,0.691978961
Bihar,PURNIA,2000,Rabi,Barley,14,16,1.142857143
Bihar,PURNIA,2000,Rabi,Gram,46,42,0.913043478
Bihar,PURNIA,2000,Rabi,Khesari,2067,1635,0.791001451
Bihar,PURNIA,2000,Rabi,Linseed,1147,789,0.68788143
Bihar,PURNIA,2000,Rabi,Maize,14411,44847,3.111997779
Bihar,PURNIA,2000,Rabi,Masoor,3811,3304,0.866964051
Bihar,PURNIA,2000,Rabi,Moong(Green Gram),9605,8135,0.846954711
Bihar,PURNIA,2000,Rabi,Peas & beans (Pulses),390,432,1.107692308
Bihar,PURNIA,2000,Rabi,Rapeseed &Mustard,3292,4790,1.455042527
Bihar,PURNIA,2000,Rabi,Wheat,52485,94510,1.800704963
Bihar,PURNIA,2000,Summer,Maize,17740,51450,2.900225479
Bihar,PURNIA,2000,Summer,Rice,19963,35896,1.798126534
Bihar,PURNIA,2000,Whole Year,Banana,1232,3474,2.819805195
Bihar,PURNIA,2000,Whole Year,Coriander,36,17,0.472222222
Bihar,PURNIA,2000,Whole Year,Dry chillies,105,90,0.857142857
Bihar,PURNIA,2000,Whole Year,Garlic,59,73,1.237288136
Bihar,PURNIA,2000,Whole Year,Onion,336,2644,7.869047619
Bihar,PURNIA,2000,Whole Year,Potato,10786,87102,8.0754682
Bihar,PURNIA,2000,Whole Year,Sugarcane,26,750,28.84615385
Bihar,PURNIA,2000,Whole Year,Sweet potato,16,273,17.0625
Bihar,PURNIA,2000,Whole Year,Tobacco,48,56,1.166666667
Bihar,PURNIA,2000,Whole Year,Turmeric,8,8,1
Bihar,PURNIA,2001,Autumn,Maize,10708,18554,1.732723198
Bihar,PURNIA,2001,Autumn,Rice,77801,63333,0.81403838
Bihar,PURNIA,2001,Kharif,Arhar/Tur,156,187,1.198717949
Bihar,PURNIA,2001,Kharif,Dry ginger,3,4,1.333333333
Bihar,PURNIA,2001,Kharif,Horse-gram,1038,1026,0.988439306
Bihar,PURNIA,2001,Kharif,Jute,20734,137766,6.644448732
Bihar,PURNIA,2001,Kharif,Mesta,3724,25468,6.838882922
Bihar,PURNIA,2001,Kharif,Moong(Green Gram),3997,1888,0.472354266
Bihar,PURNIA,2001,Kharif,Other Kharif pulses,215,125,0.581395349
Bihar,PURNIA,2001,Kharif,Ragi,99,74,0.747474747
Bihar,PURNIA,2001,Kharif,Rice,20748,43473,2.095286293
Bihar,PURNIA,2001,Kharif,Small millets,143,113,0.79020979
Bihar,PURNIA,2001,Kharif,Sunflower,3208,3752,1.16957606
Bihar,PURNIA,2001,Kharif,Urad,1499,960,0.640426951
Bihar,PURNIA,2001,Rabi,Barley,225,282,1.253333333
Bihar,PURNIA,2001,Rabi,Gram,39,24,0.615384615
Bihar,PURNIA,2001,Rabi,Khesari,2393,1134,0.473882156
Bihar,PURNIA,2001,Rabi,Linseed,1090,337,0.309174312
Bihar,PURNIA,2001,Rabi,Maize,11327,29756,2.62699744
Bihar,PURNIA,2001,Rabi,Masoor,3919,2297,0.586118908
Bihar,PURNIA,2001,Rabi,Peas & beans (Pulses),777,788,1.014157014
Bihar,PURNIA,2001,Rabi,Rapeseed &Mustard,4010,2434,0.606982544
Bihar,PURNIA,2001,Rabi,Wheat,58812,91884,1.562334218
Bihar,PURNIA,2001,Summer,Maize,17807,45659,2.564104004
Bihar,PURNIA,2001,Summer,Rice,21846,38924,1.781744942
Bihar,PURNIA,2001,Whole Year,Banana,2573,5352,2.080062184
Bihar,PURNIA,2001,Whole Year,Coriander,40,22,0.55
Bihar,PURNIA,2001,Whole Year,Dry chillies,85,68,0.8
Bihar,PURNIA,2001,Whole Year,Garlic,84,123,1.464285714
Bihar,PURNIA,2001,Whole Year,Onion,436,3549,8.139908257
Bihar,PURNIA,2001,Whole Year,Potato,11866,94470,7.961402326
Bihar,PURNIA,2001,Whole Year,Sugarcane,274,12694,46.32846715
Bihar,PURNIA,2001,Whole Year,Sweet potato,97,1058,10.90721649
Bihar,PURNIA,2001,Whole Year,Tobacco,10,12,1.2
Bihar,PURNIA,2001,Whole Year,Turmeric,34,68,2
Bihar,PURNIA,2002,Autumn,Maize,10609,19894,1.875200302
Bihar,PURNIA,2002,Autumn,Rice,20792,24332,1.170257791
Bihar,PURNIA,2002,Kharif,Arhar/Tur,157,322,2.050955414
Bihar,PURNIA,2002,Kharif,Groundnut,73,36,0.493150685
Bihar,PURNIA,2002,Kharif,Horse-gram,1362,1084,0.795888399
Bihar,PURNIA,2002,Kharif,Jute,29362,195910,6.672229412
Bihar,PURNIA,2002,Kharif,Mesta,4942,29460,5.961149332
Bihar,PURNIA,2002,Kharif,Moong(Green Gram),4156,2811,0.676371511
Bihar,PURNIA,2002,Kharif,Other Kharif pulses,149,82,0.55033557
Bihar,PURNIA,2002,Kharif,Ragi,31,26,0.838709677
Bihar,PURNIA,2002,Kharif,Sesamum,75,58,0.773333333
Bihar,PURNIA,2002,Kharif,Sunflower,3280,4323,1.317987805
Bihar,PURNIA,2002,Kharif,Urad,118,89,0.754237288
Bihar,PURNIA,2002,Rabi,Barley,10,12,1.2
Bihar,PURNIA,2002,Rabi,Gram,75,43,0.573333333
Bihar,PURNIA,2002,Rabi,Khesari,1668,771,0.462230216
Bihar,PURNIA,2002,Rabi,Linseed,989,752,0.760364004
Bihar,PURNIA,2002,Rabi,Maize,10266,25603,2.493960647
Bihar,PURNIA,2002,Rabi,Masoor,5377,4275,0.795053004
Bihar,PURNIA,2002,Rabi,Other  Rabi pulses,416,297,0.713942308
Bihar,PURNIA,2002,Rabi,Peas & beans (Pulses),675,603,0.893333333
Bihar,PURNIA,2002,Rabi,Rapeseed &Mustard,4067,3986,0.9800836
Bihar,PURNIA,2002,Rabi,Wheat,57017,84862,1.48836312
Bihar,PURNIA,2002,Summer,Maize,18214,39762,2.183046009
Bihar,PURNIA,2002,Summer,Moong(Green Gram),12999,11322,0.870990076
Bihar,PURNIA,2002,Summer,Rice,17486,25878,1.479926799
Bihar,PURNIA,2002,Whole Year,Banana,2502,19466,7.780175859
Bihar,PURNIA,2002,Whole Year,Coriander,3,2,0.666666667
Bihar,PURNIA,2002,Whole Year,Dry chillies,166,125,0.753012048
Bihar,PURNIA,2002,Whole Year,Dry ginger,1,1,1
Bihar,PURNIA,2002,Whole Year,Garlic,67,99,1.47761194
Bihar,PURNIA,2002,Whole Year,Onion,366,3001,8.199453552
Bihar,PURNIA,2002,Whole Year,Potato,9236,77254,8.364443482
Bihar,PURNIA,2002,Whole Year,Sugarcane,153,6141,40.1372549
Bihar,PURNIA,2002,Whole Year,Sweet potato,98,1211,12.35714286
Bihar,PURNIA,2002,Whole Year,Turmeric,13,13,1
Bihar,PURNIA,2002,Winter,Rice,89089,95548,1.072500533
Bihar,PURNIA,2003,Autumn,Rice,18467,20512,1.110738073
Bihar,PURNIA,2003,Kharif,Arhar/Tur,7,8,1.142857143
Bihar,PURNIA,2003,Kharif,Dry ginger,3,5,1.666666667
Bihar,PURNIA,2003,Kharif,Groundnut,62,31,0.5
Bihar,PURNIA,2003,Kharif,Horse-gram,1126,831,0.738010657
Bihar,PURNIA,2003,Kharif,Jute,30825,219543,7.122238443
Bihar,PURNIA,2003,Kharif,Maize,11319,24395,2.155225727
Bihar,PURNIA,2003,Kharif,Mesta,4254,29164,6.855665256
Bihar,PURNIA,2003,Kharif,Moong(Green Gram),2847,1253,0.440112399
Bihar,PURNIA,2003,Kharif,Ragi,22,5,0.227272727
Bihar,PURNIA,2003,Kharif,Sesamum,7,5,0.714285714
Bihar,PURNIA,2003,Kharif,Small millets,442,328,0.742081448
Bihar,PURNIA,2003,Kharif,Sunflower,4276,6387,1.493685688
Bihar,PURNIA,2003,Kharif,Urad,120,89,0.741666667
Bihar,PURNIA,2003,Rabi,Barley,10,11,1.1
Bihar,PURNIA,2003,Rabi,Gram,251,125,0.498007968
Bihar,PURNIA,2003,Rabi,Khesari,1587,790,0.497794581
Bihar,PURNIA,2003,Rabi,Linseed,1081,848,0.784458834
Bihar,PURNIA,2003,Rabi,Maize,11326,30410,2.684972629
Bihar,PURNIA,2003,Rabi,Masoor,4263,3027,0.710063336
Bihar,PURNIA,2003,Rabi,Other  Rabi pulses,403,299,0.741935484
Bihar,PURNIA,2003,Rabi,Peas & beans (Pulses),452,422,0.933628319
Bihar,PURNIA,2003,Rabi,Rapeseed &Mustard,3043,3408,1.11994742
Bihar,PURNIA,2003,Rabi,Wheat,58778,71463,1.215812039
Bihar,PURNIA,2003,Summer,Maize,17616,40942,2.324137148
Bihar,PURNIA,2003,Summer,Moong(Green Gram),12078,10520,0.871005133
Bihar,PURNIA,2003,Summer,Rice,20481,28023,1.368243738
Bihar,PURNIA,2003,Whole Year,Banana,2065,21765,10.53995157
Bihar,PURNIA,2003,Whole Year,Coriander,3,2,0.666666667
Bihar,PURNIA,2003,Whole Year,Dry chillies,92,76,0.826086957
Bihar,PURNIA,2003,Whole Year,Garlic,79,119,1.506329114
Bihar,PURNIA,2003,Whole Year,Onion,98,904,9.224489796
Bihar,PURNIA,2003,Whole Year,Potato,9268,75155,8.109085024
Bihar,PURNIA,2003,Whole Year,Sweet potato,154,2283,14.82467532
Bihar,PURNIA,2003,Whole Year,Tobacco,14,16,1.142857143
Bihar,PURNIA,2003,Whole Year,Turmeric,69,68,0.985507246
Bihar,PURNIA,2003,Winter,Rice,81449,139874,1.717320041
Bihar,PURNIA,2004,Autumn,Rice,17051,10409,0.610462729
Bihar,PURNIA,2004,Kharif,Arhar/Tur,9,11,1.222222222
Bihar,PURNIA,2004,Kharif,Dry ginger,2,3,1.5
Bihar,PURNIA,2004,Kharif,Groundnut,78,39,0.5
Bihar,PURNIA,2004,Kharif,Horse-gram,703,695,0.988620199
Bihar,PURNIA,2004,Kharif,Jowar,111,113,1.018018018
Bihar,PURNIA,2004,Kharif,Jute,30490,248154,8.138865202
Bihar,PURNIA,2004,Kharif,Maize,10013,20488,2.046140018
Bihar,PURNIA,2004,Kharif,Mesta,3348,30746,9.18339307
Bihar,PURNIA,2004,Kharif,Moong(Green Gram),543,404,0.744014733
Bihar,PURNIA,2004,Kharif,Ragi,100,86,0.86
Bihar,PURNIA,2004,Kharif,Sesamum,40,30,0.75
Bihar,PURNIA,2004,Kharif,Small millets,441,327,0.741496599
Bihar,PURNIA,2004,Kharif,Sunflower,3707,5157,1.391151875
Bihar,PURNIA,2004,Kharif,Urad,225,172,0.764444444
Bihar,PURNIA,2004,Rabi,Barley,13,14,1.076923077
Bihar,PURNIA,2004,Rabi,Gram,374,312,0.834224599
Bihar,PURNIA,2004,Rabi,Khesari,1122,352,0.31372549
Bihar,PURNIA,2004,Rabi,Linseed,1097,810,0.738377393
Bihar,PURNIA,2004,Rabi,Maize,10774,33173,3.078986449
Bihar,PURNIA,2004,Rabi,Masoor,3892,2055,0.528006166
Bihar,PURNIA,2004,Rabi,Peas & beans (Pulses),491,432,0.879837067
Bihar,PURNIA,2004,Rabi,Rapeseed &Mustard,2900,4165,1.436206897
Bihar,PURNIA,2004,Rabi,Wheat,51855,59646,1.150245878
Bihar,PURNIA,2004,Summer,Maize,13556,37216,2.745352611
Bihar,PURNIA,2004,Summer,Moong(Green Gram),12564,5440,0.432983126
Bihar,PURNIA,2004,Summer,Rice,19250,21959,1.140727273
Bihar,PURNIA,2004,Whole Year,Banana,1923,20422,10.61986479
Bihar,PURNIA,2004,Whole Year,Coriander,9,6,0.666666667
Bihar,PURNIA,2004,Whole Year,Dry chillies,88,67,0.761363636
Bihar,PURNIA,2004,Whole Year,Dry ginger,2,3,1.5
Bihar,PURNIA,2004,Whole Year,Garlic,60,90,1.5
Bihar,PURNIA,2004,Whole Year,Onion,108,594,5.5
Bihar,PURNIA,2004,Whole Year,Potato,9519,70457,7.40172287
Bihar,PURNIA,2004,Whole Year,Sweet potato,186,2530,13.60215054
Bihar,PURNIA,2004,Whole Year,Tobacco,35,41,1.171428571
Bihar,PURNIA,2004,Whole Year,Turmeric,85,84,0.988235294
Bihar,PURNIA,2004,Winter,Rice,77293,58444,0.756135743
Bihar,PURNIA,2005,Autumn,Rice,18128,16977,0.936507061
Bihar,PURNIA,2005,Kharif,Arhar/Tur,80,86,1.075
Bihar,PURNIA,2005,Kharif,Groundnut,24,12,0.5
Bihar,PURNIA,2005,Kharif,Horse-gram,546,486,0.89010989
Bihar,PURNIA,2005,Kharif,Jute,24202,187431,7.744442608
Bihar,PURNIA,2005,Kharif,Maize,15584,31267,2.006352669
Bihar,PURNIA,2005,Kharif,Mesta,2114,14281,6.755439924
Bihar,PURNIA,2005,Kharif,Moong(Green Gram),457,299,0.654266958
Bihar,PURNIA,2005,Kharif,Other Kharif pulses,4,2,0.5
Bihar,PURNIA,2005,Kharif,Ragi,36,28,0.777777778
Bihar,PURNIA,2005,Kharif,Sesamum,8,6,0.75
Bihar,PURNIA,2005,Kharif,Small millets,361,267,0.739612188
Bihar,PURNIA,2005,Kharif,Sunflower,5050,6831,1.352673267
Bihar,PURNIA,2005,Kharif,Urad,66,45,0.681818182
Bihar,PURNIA,2005,Rabi,Barley,7,7,1
Bihar,PURNIA,2005,Rabi,Gram,1075,1011,0.940465116
Bihar,PURNIA,2005,Rabi,Khesari,1258,774,0.615262321
Bihar,PURNIA,2005,Rabi,Linseed,883,756,0.85617214
Bihar,PURNIA,2005,Rabi,Maize,11859,27110,2.28602749
Bihar,PURNIA,2005,Rabi,Masoor,2097,864,0.412017167
Bihar,PURNIA,2005,Rabi,Peas & beans (Pulses),482,443,0.919087137
Bihar,PURNIA,2005,Rabi,Rapeseed &Mustard,3496,3255,0.931064073
Bihar,PURNIA,2005,Rabi,Safflower,74,59,0.797297297
Bihar,PURNIA,2005,Rabi,Wheat,46606,39460,0.846672102
Bihar,PURNIA,2005,Summer,Maize,18603,30936,1.662957587
Bihar,PURNIA,2005,Summer,Moong(Green Gram),6294,1750,0.27804258
Bihar,PURNIA,2005,Summer,Rice,21144,34378,1.6258986
Bihar,PURNIA,2005,Whole Year,Banana,1896,49505,26.11023207
Bihar,PURNIA,2005,Whole Year,Coriander,3,2,0.666666667
Bihar,PURNIA,2005,Whole Year,Dry chillies,103,59,0.572815534
Bihar,PURNIA,2005,Whole Year,Dry ginger,1,2,2
Bihar,PURNIA,2005,Whole Year,Garlic,60,89,1.483333333
Bihar,PURNIA,2005,Whole Year,Onion,276,1984,7.188405797
Bihar,PURNIA,2005,Whole Year,Potato,9665,86120,8.910501811
Bihar,PURNIA,2005,Whole Year,Sugarcane,2,82,41
Bihar,PURNIA,2005,Whole Year,Sweet potato,185,2767,14.95675676
Bihar,PURNIA,2005,Whole Year,Tobacco,60,69,1.15
Bihar,PURNIA,2005,Whole Year,Turmeric,71,69,0.971830986
Bihar,PURNIA,2005,Winter,Rice,80977,72978,0.901218865
Bihar,PURNIA,2006,Autumn,Rice,15085,11359,0.752999669
Bihar,PURNIA,2006,Kharif,Arhar/Tur,64,79,1.234375
Bihar,PURNIA,2006,Kharif,Jute,26897,225337,8.377774473
Bihar,PURNIA,2006,Kharif,Maize,13795,38097,2.761652773
Bihar,PURNIA,2006,Kharif,Mesta,3314,21872,6.5998793
Bihar,PURNIA,2006,Kharif,Moong(Green Gram),575,283,0.492173913
Bihar,PURNIA,2006,Kharif,Ragi,53,32,0.603773585
Bihar,PURNIA,2006,Kharif,Sesamum,7,5,0.714285714
Bihar,PURNIA,2006,Kharif,Urad,837,651,0.777777778
Bihar,PURNIA,2006,Rabi,Barley,18,19,1.055555556
Bihar,PURNIA,2006,Rabi,Gram,350,333,0.951428571
Bihar,PURNIA,2006,Rabi,Khesari,1139,641,0.562774363
Bihar,PURNIA,2006,Rabi,Linseed,1020,866,0.849019608
Bihar,PURNIA,2006,Rabi,Maize,11399,25750,2.258970085
Bihar,PURNIA,2006,Rabi,Masoor,1942,1138,0.585993821
Bihar,PURNIA,2006,Rabi,Peas & beans (Pulses),475,442,0.930526316
Bihar,PURNIA,2006,Rabi,Rapeseed &Mustard,3146,3234,1.027972028
Bihar,PURNIA,2006,Rabi,Sunflower,5112,6894,1.348591549
Bihar,PURNIA,2006,Rabi,Wheat,46296,62224,1.344047002
Bihar,PURNIA,2006,Summer,Maize,17774,86824,4.884888039
Bihar,PURNIA,2006,Summer,Moong(Green Gram),9717,3372,0.347020685
Bihar,PURNIA,2006,Summer,Rice,20552,36418,1.771992993
Bihar,PURNIA,2006,Winter,Rice,88214,70460,0.798739429
Bihar,PURNIA,2007,Autumn,Maize,11811,36953,3.128693591
Bihar,PURNIA,2007,Autumn,Rice,14324,9249,0.645699525
Bihar,PURNIA,2007,Kharif,Arhar/Tur,118,125,1.059322034
Bihar,PURNIA,2007,Kharif,Jute,26418,252585,9.561094708
Bihar,PURNIA,2007,Kharif,Mesta,2564,18959,7.394305772
Bihar,PURNIA,2007,Kharif,Moong(Green Gram),370,184,0.497297297
Bihar,PURNIA,2007,Kharif,Other Kharif pulses,206,143,0.694174757
Bihar,PURNIA,2007,Kharif,Sesamum,7,7,1
Bihar,PURNIA,2007,Kharif,Small millets,235,169,0.719148936
Bihar,PURNIA,2007,Kharif,Urad,266,214,0.804511278
Bihar,PURNIA,2007,Rabi,Gram,231,223,0.965367965
Bihar,PURNIA,2007,Rabi,Khesari,1126,756,0.671403197
Bihar,PURNIA,2007,Rabi,Linseed,560,444,0.792857143
Bihar,PURNIA,2007,Rabi,Maize,11123,15127,1.359974827
Bihar,PURNIA,2007,Rabi,Masoor,2173,1517,0.698113208
Bihar,PURNIA,2007,Rabi,Peas & beans (Pulses),176,304,1.727272727
Bihar,PURNIA,2007,Rabi,Rapeseed &Mustard,3859,5075,1.315107541
Bihar,PURNIA,2007,Rabi,Sunflower,3441,4711,1.369078756
Bihar,PURNIA,2007,Rabi,Wheat,42029,67018,1.594565657
Bihar,PURNIA,2007,Summer,Maize,17235,77404,4.491093705
Bihar,PURNIA,2007,Summer,Moong(Green Gram),6069,7343,1.209919262
Bihar,PURNIA,2007,Summer,Rice,18529,33267,1.795401803
Bihar,PURNIA,2007,Whole Year,Banana,1712,31449,18.36974299
Bihar,PURNIA,2007,Whole Year,Coriander,5,4,0.8
Bihar,PURNIA,2007,Whole Year,Dry chillies,37,21,0.567567568
Bihar,PURNIA,2007,Whole Year,Garlic,35,50,1.428571429
Bihar,PURNIA,2007,Whole Year,Onion,204,1893,9.279411765
Bihar,PURNIA,2007,Whole Year,Potato,11072,60930,5.503070809
Bihar,PURNIA,2007,Whole Year,Sweet potato,208,2770,13.31730769
Bihar,PURNIA,2007,Whole Year,Tobacco,51,86,1.68627451
Bihar,PURNIA,2007,Whole Year,Turmeric,53,50,0.943396226
Bihar,PURNIA,2007,Winter,Rice,83709,72722,0.868747685
Bihar,PURNIA,2008,Autumn,Maize,11384,27076,2.378425861
Bihar,PURNIA,2008,Autumn,Rice,12909,13872,1.074599117
Bihar,PURNIA,2008,Kharif,Arhar/Tur,149,171,1.147651007
Bihar,PURNIA,2008,Kharif,Dry ginger,1,2,2
Bihar,PURNIA,2008,Kharif,Jute,24825,40685,1.638872105
Bihar,PURNIA,2008,Kharif,Mesta,2275,17480,7.683516484
Bihar,PURNIA,2008,Kharif,Moong(Green Gram),614,320,0.521172638
Bihar,PURNIA,2008,Kharif,Other Kharif pulses,217,126,0.580645161
Bihar,PURNIA,2008,Kharif,Potato,7050,44133,6.26
Bihar,PURNIA,2008,Kharif,Sesamum,8,6,0.75
Bihar,PURNIA,2008,Kharif,Small millets,287,213,0.742160279
Bihar,PURNIA,2008,Kharif,Sweet potato,224,3039,13.56696429
Bihar,PURNIA,2008,Kharif,Urad,130,112,0.861538462
Bihar,PURNIA,2008,Rabi,Gram,9,5,0.555555556
Bihar,PURNIA,2008,Rabi,Khesari,1166,834,0.715265866
Bihar,PURNIA,2008,Rabi,Linseed,676,572,0.846153846
Bihar,PURNIA,2008,Rabi,Maize,11460,41657,3.634991274
Bihar,PURNIA,2008,Rabi,Masoor,2141,1527,0.713218122
Bihar,PURNIA,2008,Rabi,Peas & beans (Pulses),281,270,0.960854093
Bihar,PURNIA,2008,Rabi,Potato,3249,14556,4.480147738
Bihar,PURNIA,2008,Rabi,Rapeseed &Mustard,3719,3440,0.924979833
Bihar,PURNIA,2008,Rabi,Safflower,74,59,0.797297297
Bihar,PURNIA,2008,Rabi,Sunflower,3441,4711,1.369078756
Bihar,PURNIA,2008,Rabi,Sweet potato,16,235,14.6875
Bihar,PURNIA,2008,Rabi,Wheat,39096,62793,1.606123389
Bihar,PURNIA,2008,Summer,Maize,18079,72714,4.022014492
Bihar,PURNIA,2008,Summer,Moong(Green Gram),6461,3870,0.598978486
Bihar,PURNIA,2008,Summer,Rice,19116,31102,1.62701402
Bihar,PURNIA,2008,Whole Year,Dry chillies,60,97,1.616666667
Bihar,PURNIA,2008,Whole Year,Garlic,44,61,1.386363636
Bihar,PURNIA,2008,Whole Year,Onion,231,2102,9.0995671
Bihar,PURNIA,2008,Whole Year,Turmeric,60,76,1.266666667
Bihar,PURNIA,2008,Winter,Rice,80292,92801,1.155793852
Bihar,PURNIA,2009,Autumn,Maize,12340,45779,3.709805511
Bihar,PURNIA,2009,Autumn,Rice,15152,15996,1.055702218
Bihar,PURNIA,2009,Kharif,Arhar/Tur,104,140,1.346153846
Bihar,PURNIA,2009,Kharif,Horse-gram,783,754,0.962962963
Bihar,PURNIA,2009,Kharif,Jute,26723,303009,11.33888411
Bihar,PURNIA,2009,Kharif,Mesta,3001,22041,7.344551816
Bihar,PURNIA,2009,Kharif,Moong(Green Gram),823,546,0.663426488
Bihar,PURNIA,2009,Kharif,Urad,258,255,0.988372093
Bihar,PURNIA,2009,Rabi,Gram,35,20,0.571428571
Bihar,PURNIA,2009,Rabi,Khesari,1161,1203,1.036175711
Bihar,PURNIA,2009,Rabi,Linseed,554,469,0.846570397
Bihar,PURNIA,2009,Rabi,Maize,10748,14198,1.320989952
Bihar,PURNIA,2009,Rabi,Masoor,1917,1336,0.696922274
Bihar,PURNIA,2009,Rabi,Peas & beans (Pulses),154,154,1
Bihar,PURNIA,2009,Rabi,Rapeseed &Mustard,4078,4155,1.018881805
Bihar,PURNIA,2009,Rabi,Sunflower,1987,2792,1.405133367
Bihar,PURNIA,2009,Rabi,Wheat,42230,89106,2.110016576
Bihar,PURNIA,2009,Summer,Maize,16669,77661,4.659007739
Bihar,PURNIA,2009,Summer,Moong(Green Gram),5152,2767,0.537072981
Bihar,PURNIA,2009,Summer,Rice,16086,28923,1.798023126
Bihar,PURNIA,2009,Winter,Rice,78043,108366,1.388542214
Bihar,PURNIA,2010,Autumn,Maize,10276,34313,3.339139743
Bihar,PURNIA,2010,Autumn,Rice,15293,24455,1.599097626
Bihar,PURNIA,2010,Kharif,Arhar/Tur,146,83,0.568493151
Bihar,PURNIA,2010,Kharif,Horse-gram,391,369,0.943734015
Bihar,PURNIA,2010,Kharif,Jute,21289,244350,11.47775847
Bihar,PURNIA,2010,Kharif,Mesta,3053,21490,7.038978054
Bihar,PURNIA,2010,Kharif,Moong(Green Gram),812,531,0.653940887
Bihar,PURNIA,2010,Kharif,Sesamum,12,9,0.75
Bihar,PURNIA,2010,Kharif,Urad,171,149,0.871345029
Bihar,PURNIA,2010,Rabi,Barley,1,1,1
Bihar,PURNIA,2010,Rabi,Gram,251,138,0.549800797
Bihar,PURNIA,2010,Rabi,Khesari,1210,1191,0.984297521
Bihar,PURNIA,2010,Rabi,Linseed,594,486,0.818181818
Bihar,PURNIA,2010,Rabi,Maize,11530,19128,1.658976583
Bihar,PURNIA,2010,Rabi,Masoor,2206,1394,0.631912965
Bihar,PURNIA,2010,Rabi,Peas & beans (Pulses),193,200,1.03626943
Bihar,PURNIA,2010,Rabi,Rapeseed &Mustard,3726,3704,0.994095545
Bihar,PURNIA,2010,Rabi,Sunflower,1886,2705,1.434252386
Bihar,PURNIA,2010,Rabi,Wheat,42075,82666,1.964729649
Bihar,PURNIA,2010,Summer,Maize,16307,40963,2.511988717
Bihar,PURNIA,2010,Summer,Moong(Green Gram),5006,2713,0.54194966
Bihar,PURNIA,2010,Summer,Rice,10256,19056,1.858034321
Bihar,PURNIA,2010,Whole Year,Sugarcane,471,20519,43.56475584
Bihar,PURNIA,2010,Whole Year,Tobacco,41,73,1.780487805
Bihar,PURNIA,2010,Winter,Rice,66641,73480,1.10262451
Bihar,PURNIA,2011,Autumn,Maize,10921,17950,1.643622379
Bihar,PURNIA,2011,Autumn,Rice,13084,15026,1.148425558
Bihar,PURNIA,2011,Kharif,Arhar/Tur,140,266,1.9
Bihar,PURNIA,2011,Kharif,Horse-gram,485,462,0.95257732
Bihar,PURNIA,2011,Kharif,Jute,24977,305413,12.22776955
Bihar,PURNIA,2011,Kharif,Mesta,3011,45165,15
Bihar,PURNIA,2011,Kharif,Moong(Green Gram),599,333,0.555926544
Bihar,PURNIA,2011,Kharif,Sesamum,13,11,0.846153846
Bihar,PURNIA,2011,Kharif,Urad,173,148,0.855491329
Bihar,PURNIA,2011,Rabi,Gram,256,179,0.69921875
Bihar,PURNIA,2011,Rabi,Khesari,896,1133,1.264508929
Bihar,PURNIA,2011,Rabi,Linseed,601,520,0.865224626
Bihar,PURNIA,2011,Rabi,Maize,11623,28662,2.46597264
Bihar,PURNIA,2011,Rabi,Masoor,2191,1361,0.621177545
Bihar,PURNIA,2011,Rabi,Peas & beans (Pulses),190,196,1.031578947
Bihar,PURNIA,2011,Rabi,Rapeseed &Mustard,3762,4326,1.149920255
Bihar,PURNIA,2011,Rabi,Sunflower,1055,1512,1.433175355
Bihar,PURNIA,2011,Rabi,Wheat,43088,112880,2.61975492
Bihar,PURNIA,2011,Summer,Maize,16164,51036,3.157386785
Bihar,PURNIA,2011,Summer,Moong(Green Gram),3816,4316,1.131027254
Bihar,PURNIA,2011,Summer,Rice,10918,19585,1.793826708
Bihar,PURNIA,2011,Winter,Rice,74027,160944,2.174125657
Bihar,PURNIA,2012,Autumn,Maize,11416,50379,4.413016819
Bihar,PURNIA,2012,Autumn,Rice,10937,14470,1.32303191
Bihar,PURNIA,2012,Kharif,Arhar/Tur,118,117,0.991525424
Bihar,PURNIA,2012,Kharif,Horse-gram,472,457,0.968220339
Bihar,PURNIA,2012,Kharif,Jute,19616,62850,3.204017129
Bihar,PURNIA,2012,Kharif,Mesta,841,2355,2.800237812
Bihar,PURNIA,2012,Kharif,Moong(Green Gram),495,493,0.995959596
Bihar,PURNIA,2012,Kharif,Sesamum,1,1,1
Bihar,PURNIA,2012,Kharif,Urad,167,142,0.850299401
Bihar,PURNIA,2012,Rabi,Gram,231,842,3.645021645
Bihar,PURNIA,2012,Rabi,Khesari,1126,1325,1.176731794
Bihar,PURNIA,2012,Rabi,Linseed,560,486,0.867857143
Bihar,PURNIA,2012,Rabi,Maize,11123,33147,2.980041356
Bihar,PURNIA,2012,Rabi,Masoor,2173,1595,0.734008283
Bihar,PURNIA,2012,Rabi,Peas & beans (Pulses),176,183,1.039772727
Bihar,PURNIA,2012,Rabi,Rapeseed &Mustard,3799,4525,1.191102922
Bihar,PURNIA,2012,Rabi,Sunflower,1388,1947,1.402737752
Bihar,PURNIA,2012,Rabi,Wheat,42029,112973,2.687977349
Bihar,PURNIA,2012,Summer,Maize,16095,45967,2.855980118
Bihar,PURNIA,2012,Summer,Moong(Green Gram),3747,4987,1.330931412
Bihar,PURNIA,2012,Summer,Rice,10674,21399,2.004777965
Bihar,PURNIA,2012,Whole Year,Sugarcane,31,1447,46.67741935
Bihar,PURNIA,2012,Whole Year,Tobacco,51,96,1.882352941
Bihar,PURNIA,2012,Winter,Rice,73753,152083,2.062058493
Bihar,PURNIA,2013,Autumn,Maize,10186,27499,2.699685843
Bihar,PURNIA,2013,Autumn,Rice,10583,19861,1.87668903
Bihar,PURNIA,2013,Kharif,Arhar/Tur,108,180,1.666666667
Bihar,PURNIA,2013,Kharif,Horse-gram,472,449,0.951271186
Bihar,PURNIA,2013,Kharif,Jute,24841,332455,13.3833179
Bihar,PURNIA,2013,Kharif,Mesta,2881,47569,16.51128081
Bihar,PURNIA,2013,Kharif,Moong(Green Gram),519,458,0.882466281
Bihar,PURNIA,2013,Kharif,Sesamum,1,1,1
Bihar,PURNIA,2013,Kharif,Urad,167,152,0.910179641
Bihar,PURNIA,2013,Rabi,Gram,50,57,1.14
Bihar,PURNIA,2013,Rabi,Khesari,827,724,0.875453446
Bihar,PURNIA,2013,Rabi,Linseed,266,226,0.84962406
Bihar,PURNIA,2013,Rabi,Maize,11064,34597,3.126988431
Bihar,PURNIA,2013,Rabi,Masoor,1834,1396,0.761177754
Bihar,PURNIA,2013,Rabi,Peas & beans (Pulses),158,167,1.056962025
Bihar,PURNIA,2013,Rabi,Rapeseed &Mustard,991,1068,1.077699294
Bihar,PURNIA,2013,Rabi,Sunflower,2019,2936,1.45418524
Bihar,PURNIA,2013,Rabi,Wheat,40319,106836,2.649768099
Bihar,PURNIA,2013,Summer,Maize,16653,49076,2.946976521
Bihar,PURNIA,2013,Summer,Moong(Green Gram),4459,3576,0.801973537
Bihar,PURNIA,2013,Summer,Rice,10247,21956,2.142675905
Bihar,PURNIA,2013,Whole Year,Sugarcane,48,2304,48
Bihar,PURNIA,2013,Winter,Rice,73753,135463,1.836711727
Bihar,PURNIA,2014,Autumn,Maize,7813,20794,2.661461666
Bihar,PURNIA,2014,Autumn,Rice,9483,18508,1.951703048
Bihar,PURNIA,2014,Kharif,Arhar/Tur,118,170,1.440677966
Bihar,PURNIA,2014,Kharif,Horse-gram,242,232,0.958677686
Bihar,PURNIA,2014,Kharif,Jute,21183,405654,19.14997876
Bihar,PURNIA,2014,Kharif,Mesta,1501,27226,18.13857428
Bihar,PURNIA,2014,Kharif,Moong(Green Gram),379,157,0.414248021
Bihar,PURNIA,2014,Kharif,Sesamum,2,2,1
Bihar,PURNIA,2014,Kharif,Urad,122,112,0.918032787
Bihar,PURNIA,2014,Rabi,Gram,28,27,0.964285714
Bihar,PURNIA,2014,Rabi,Khesari,117,116,0.991452991
Bihar,PURNIA,2014,Rabi,Maize,11323,20563,1.816038152
Bihar,PURNIA,2014,Rabi,Masoor,1576,1461,0.927030457
Bihar,PURNIA,2014,Rabi,Peas & beans (Pulses),165,167,1.012121212
Bihar,PURNIA,2014,Rabi,Rapeseed &Mustard,1223,1464,1.197056419
Bihar,PURNIA,2014,Rabi,Sunflower,1627,2366,1.454210203
Bihar,PURNIA,2014,Rabi,Wheat,39726,23947,0.602804209
Bihar,PURNIA,2014,Summer,Maize,16468,36213,2.198991984
Bihar,PURNIA,2014,Summer,Moong(Green Gram),4424,2769,0.625904159
Bihar,PURNIA,2014,Summer,Rice,9893,24699,2.496613767
Bihar,PURNIA,2014,Whole Year,Sugarcane,49,3055,62.34693878
Bihar,PURNIA,2014,Winter,Rice,66101,185906,2.812453669
Bihar,ROHTAS,1997,Autumn,Rice,1047,1637,1.563514804
Bihar,ROHTAS,1997,Kharif,Arhar/Tur,1229,1395,1.135069162
Bihar,ROHTAS,1997,Kharif,Bajra,18,11,0.611111111
Bihar,ROHTAS,1997,Kharif,Cotton(lint),200,400,2
Bihar,ROHTAS,1997,Kharif,Groundnut,19,9,0.473684211
Bihar,ROHTAS,1997,Kharif,Jowar,19,16,0.842105263
Bihar,ROHTAS,1997,Kharif,Maize,294,141,0.479591837
Bihar,ROHTAS,1997,Kharif,Mesta,14,95,6.785714286
Bihar,ROHTAS,1997,Kharif,Other Kharif pulses,38,20,0.526315789
Bihar,ROHTAS,1997,Kharif,Sesamum,315,189,0.6
Bihar,ROHTAS,1997,Kharif,Small millets,4,4,1
Bihar,ROHTAS,1997,Rabi,Barley,2694,3230,1.198960653
Bihar,ROHTAS,1997,Rabi,Gram,5544,4274,0.770923521
Bihar,ROHTAS,1997,Rabi,Linseed,2882,2136,0.741151978
Bihar,ROHTAS,1997,Rabi,Maize,6,9,1.5
Bihar,ROHTAS,1997,Rabi,Other  Rabi pulses,193,147,0.761658031
Bihar,ROHTAS,1997,Rabi,Rapeseed &Mustard,3275,2800,0.854961832
Bihar,ROHTAS,1997,Rabi,Sunflower,17,13,0.764705882
Bihar,ROHTAS,1997,Rabi,Wheat,110613,178489,1.613634925
Bihar,ROHTAS,1997,Summer,Maize,20,45,2.25
Bihar,ROHTAS,1997,Summer,Rice,483,896,1.855072464
Bihar,ROHTAS,1997,Whole Year,Coriander,47,24,0.510638298
Bihar,ROHTAS,1997,Whole Year,Dry chillies,250,213,0.852
Bihar,ROHTAS,1997,Whole Year,Garlic,39,52,1.333333333
Bihar,ROHTAS,1997,Whole Year,Onion,282,2228,7.90070922
Bihar,ROHTAS,1997,Whole Year,Potato,2163,19762,9.136384651
Bihar,ROHTAS,1997,Whole Year,Ragi,60,53,0.883333333
Bihar,ROHTAS,1997,Whole Year,Sannhamp,3,3,1
Bihar,ROHTAS,1997,Whole Year,Sugarcane,722,36562,50.6398892
Bihar,ROHTAS,1997,Whole Year,Sweet potato,76,1002,13.18421053
Bihar,ROHTAS,1997,Winter,Rice,203149,360295,1.773550448
Bihar,ROHTAS,1998,Kharif,Arhar/Tur,1330,2201,1.654887218
Bihar,ROHTAS,1998,Kharif,Bajra,38,22,0.578947368
Bihar,ROHTAS,1998,Kharif,Blackgram,63,54,0.857142857
Bihar,ROHTAS,1998,Kharif,Groundnut,6,3,0.5
Bihar,ROHTAS,1998,Kharif,Jowar,13,14,1.076923077
Bihar,ROHTAS,1998,Kharif,Maize,254,492,1.937007874
Bihar,ROHTAS,1998,Kharif,Mesta,21,131,6.238095238
Bihar,ROHTAS,1998,Kharif,Other Kharif pulses,406,234,0.57635468
Bihar,ROHTAS,1998,Kharif,Ragi,61,52,0.852459016
Bihar,ROHTAS,1998,Kharif,Sesamum,172,106,0.61627907
Bihar,ROHTAS,1998,Kharif,Small millets,7,4,0.571428571
Bihar,ROHTAS,1998,Kharif,Sunflower,10,8,0.8
Bihar,ROHTAS,1998,Rabi,Barley,2702,3545,1.311991118
Bihar,ROHTAS,1998,Rabi,Gram,5767,5069,0.878966534
Bihar,ROHTAS,1998,Rabi,Linseed,2962,1463,0.493923025
Bihar,ROHTAS,1998,Rabi,Maize,5,15,3
Bihar,ROHTAS,1998,Rabi,Other  Rabi pulses,18219,12393,0.680223942
Bihar,ROHTAS,1998,Rabi,Rapeseed &Mustard,2992,1622,0.542112299
Bihar,ROHTAS,1998,Rabi,Wheat,121036,266360,2.20066757
Bihar,ROHTAS,1998,Summer,Maize,21,70,3.333333333
Bihar,ROHTAS,1998,Summer,Rice,504,976,1.936507937
Bihar,ROHTAS,1998,Whole Year,Coriander,45,28,0.622222222
Bihar,ROHTAS,1998,Whole Year,Dry chillies,262,296,1.129770992
Bihar,ROHTAS,1998,Whole Year,Garlic,40,58,1.45
Bihar,ROHTAS,1998,Whole Year,Onion,288,2517,8.739583333
Bihar,ROHTAS,1998,Whole Year,Potato,2461,35485,14.41893539
Bihar,ROHTAS,1998,Whole Year,Sannhamp,5,5,1
Bihar,ROHTAS,1998,Whole Year,Sugarcane,597,13696,22.94137353
Bihar,ROHTAS,1998,Whole Year,Sweet potato,13,141,10.84615385
Bihar,ROHTAS,1998,Whole Year,Turmeric,1,1,1
Bihar,ROHTAS,1998,Winter,Rice,209869,508689,2.423840586
Bihar,ROHTAS,1999,Kharif,Arhar/Tur,1101,1018,0.924613987
Bihar,ROHTAS,1999,Kharif,Bajra,47,29,0.617021277
Bihar,ROHTAS,1999,Kharif,Groundnut,6,3,0.5
Bihar,ROHTAS,1999,Kharif,Horse-gram,156,123,0.788461538
Bihar,ROHTAS,1999,Kharif,Jowar,2642,3590,1.358819076
Bihar,ROHTAS,1999,Kharif,Jute,2,15,7.5
Bihar,ROHTAS,1999,Kharif,Maize,641,1405,2.191887676
Bihar,ROHTAS,1999,Kharif,Mesta,1,8,8
Bihar,ROHTAS,1999,Kharif,Moong(Green Gram),171,94,0.549707602
Bihar,ROHTAS,1999,Kharif,Ragi,68,67,0.985294118
Bihar,ROHTAS,1999,Kharif,Rice,575,775,1.347826087
Bihar,ROHTAS,1999,Kharif,Sesamum,314,158,0.503184713
Bihar,ROHTAS,1999,Kharif,Sunflower,27,20,0.740740741
Bihar,ROHTAS,1999,Kharif,Urad,80,57,0.7125
Bihar,ROHTAS,1999,Rabi,Gram,5636,4903,0.869943222
Bihar,ROHTAS,1999,Rabi,Khesari,11633,11237,0.96595891
Bihar,ROHTAS,1999,Rabi,Linseed,2863,1486,0.519035976
Bihar,ROHTAS,1999,Rabi,Maize,6,18,3
Bihar,ROHTAS,1999,Rabi,Masoor,5285,5449,1.03103122
Bihar,ROHTAS,1999,Rabi,Moong(Green Gram),162,64,0.395061728
Bihar,ROHTAS,1999,Rabi,Other  Rabi pulses,4,3,0.75
Bihar,ROHTAS,1999,Rabi,Peas & beans (Pulses),909,618,0.679867987
Bihar,ROHTAS,1999,Rabi,Rapeseed &Mustard,3022,2662,0.880873594
Bihar,ROHTAS,1999,Rabi,Wheat,124731,312791,2.507724623
Bihar,ROHTAS,1999,Summer,Maize,22,53,2.409090909
Bihar,ROHTAS,1999,Summer,Rice,498,919,1.845381526
Bihar,ROHTAS,1999,Whole Year,Coriander,60,33,0.55
Bihar,ROHTAS,1999,Whole Year,Dry chillies,66,55,0.833333333
Bihar,ROHTAS,1999,Whole Year,Garlic,61,87,1.426229508
Bihar,ROHTAS,1999,Whole Year,Onion,313,4701,15.01916933
Bihar,ROHTAS,1999,Whole Year,Potato,2111,23618,11.18806253
Bihar,ROHTAS,1999,Whole Year,Sugarcane,501,12630,25.20958084
Bihar,ROHTAS,1999,Whole Year,Sweet potato,10,136,13.6
Bihar,ROHTAS,2000,Autumn,Rice,212760,542692,2.55072382
Bihar,ROHTAS,2000,Kharif,Arhar/Tur,1306,1618,1.238897397
Bihar,ROHTAS,2000,Kharif,Bajra,49,42,0.857142857
Bihar,ROHTAS,2000,Kharif,Horse-gram,155,120,0.774193548
Bihar,ROHTAS,2000,Kharif,Jute,2,17,8.5
Bihar,ROHTAS,2000,Kharif,Maize,618,1349,2.182847896
Bihar,ROHTAS,2000,Kharif,Moong(Green Gram),169,139,0.822485207
Bihar,ROHTAS,2000,Kharif,Other Kharif pulses,67,35,0.52238806
Bihar,ROHTAS,2000,Kharif,Ragi,65,71,1.092307692
Bihar,ROHTAS,2000,Kharif,Rice,548,792,1.445255474
Bihar,ROHTAS,2000,Kharif,Sesamum,238,136,0.571428571
Bihar,ROHTAS,2000,Kharif,Small millets,2,1,0.5
Bihar,ROHTAS,2000,Kharif,Sunflower,5,5,1
Bihar,ROHTAS,2000,Kharif,Urad,73,47,0.643835616
Bihar,ROHTAS,2000,Rabi,Barley,2386,2334,0.978206203
Bihar,ROHTAS,2000,Rabi,Gram,4788,4118,0.860066834
Bihar,ROHTAS,2000,Rabi,Khesari,11661,8862,0.759969128
Bihar,ROHTAS,2000,Rabi,Linseed,2657,1364,0.513360933
Bihar,ROHTAS,2000,Rabi,Maize,5,8,1.6
Bihar,ROHTAS,2000,Rabi,Masoor,5253,3982,0.758043023
Bihar,ROHTAS,2000,Rabi,Moong(Green Gram),226,131,0.579646018
Bihar,ROHTAS,2000,Rabi,Other  Rabi pulses,9,5,0.555555556
Bihar,ROHTAS,2000,Rabi,Peas & beans (Pulses),803,843,1.0498132
Bihar,ROHTAS,2000,Rabi,Rapeseed &Mustard,3098,1685,0.54389929
Bihar,ROHTAS,2000,Rabi,Wheat,119690,253865,2.121020971
Bihar,ROHTAS,2000,Summer,Maize,31,98,3.161290323
Bihar,ROHTAS,2000,Summer,Rice,340,582,1.711764706
Bihar,ROHTAS,2000,Whole Year,Coriander,66,39,0.590909091
Bihar,ROHTAS,2000,Whole Year,Dry chillies,266,274,1.030075188
Bihar,ROHTAS,2000,Whole Year,Garlic,49,61,1.244897959
Bihar,ROHTAS,2000,Whole Year,Onion,231,3816,16.51948052
Bihar,ROHTAS,2000,Whole Year,Potato,2073,27440,13.2368548
Bihar,ROHTAS,2000,Whole Year,Sugarcane,528,12188,23.08333333
Bihar,ROHTAS,2000,Whole Year,Sweet potato,3,36,12
Bihar,ROHTAS,2000,Whole Year,Turmeric,4,4,1
Bihar,ROHTAS,2001,Autumn,Maize,580,982,1.693103448
Bihar,ROHTAS,2001,Autumn,Rice,196946,490823,2.492170443
Bihar,ROHTAS,2001,Kharif,Arhar/Tur,1580,1537,0.97278481
Bihar,ROHTAS,2001,Kharif,Bajra,7,5,0.714285714
Bihar,ROHTAS,2001,Kharif,Groundnut,27,13,0.481481481
Bihar,ROHTAS,2001,Kharif,Horse-gram,112,90,0.803571429
Bihar,ROHTAS,2001,Kharif,Jowar,8,8,1
Bihar,ROHTAS,2001,Kharif,Mesta,6,39,6.5
Bihar,ROHTAS,2001,Kharif,Moong(Green Gram),42,23,0.547619048
Bihar,ROHTAS,2001,Kharif,Other Kharif pulses,64,32,0.5
Bihar,ROHTAS,2001,Kharif,Ragi,4,4,1
Bihar,ROHTAS,2001,Kharif,Rice,497,1011,2.034205231
Bihar,ROHTAS,2001,Kharif,Sesamum,188,142,0.755319149
Bihar,ROHTAS,2001,Kharif,Urad,32,20,0.625
Bihar,ROHTAS,2001,Rabi,Barley,2936,3235,1.101839237
Bihar,ROHTAS,2001,Rabi,Gram,5777,5222,0.903929375
Bihar,ROHTAS,2001,Rabi,Khesari,14869,12758,0.858026767
Bihar,ROHTAS,2001,Rabi,Linseed,2824,2344,0.830028329
Bihar,ROHTAS,2001,Rabi,Maize,5,7,1.4
Bihar,ROHTAS,2001,Rabi,Masoor,6318,5301,0.839031339
Bihar,ROHTAS,2001,Rabi,Other  Rabi pulses,6,4,0.666666667
Bihar,ROHTAS,2001,Rabi,Peas & beans (Pulses),890,876,0.984269663
Bihar,ROHTAS,2001,Rabi,Rapeseed &Mustard,3037,2275,0.749094501
Bihar,ROHTAS,2001,Rabi,Wheat,150461,326907,2.172702561
Bihar,ROHTAS,2001,Summer,Maize,36,102,2.833333333
Bihar,ROHTAS,2001,Summer,Rice,282,341,1.209219858
Bihar,ROHTAS,2001,Whole Year,Coriander,58,34,0.586206897
Bihar,ROHTAS,2001,Whole Year,Dry chillies,198,212,1.070707071
Bihar,ROHTAS,2001,Whole Year,Garlic,50,73,1.46
Bihar,ROHTAS,2001,Whole Year,Onion,277,2931,10.58122744
Bihar,ROHTAS,2001,Whole Year,Potato,2692,36437,13.53528975
Bihar,ROHTAS,2001,Whole Year,Sugarcane,285,10662,37.41052632
Bihar,ROHTAS,2001,Whole Year,Turmeric,3,3,1
Bihar,ROHTAS,2002,Autumn,Maize,611,960,1.571194763
Bihar,ROHTAS,2002,Autumn,Rice,256,298,1.1640625
Bihar,ROHTAS,2002,Kharif,Arhar/Tur,1320,1725,1.306818182
Bihar,ROHTAS,2002,Kharif,Bajra,8,13,1.625
Bihar,ROHTAS,2002,Kharif,Groundnut,41,20,0.487804878
Bihar,ROHTAS,2002,Kharif,Horse-gram,197,157,0.796954315
Bihar,ROHTAS,2002,Kharif,Jowar,8,9,1.125
Bihar,ROHTAS,2002,Kharif,Mesta,2,12,6
Bihar,ROHTAS,2002,Kharif,Moong(Green Gram),134,82,0.611940299
Bihar,ROHTAS,2002,Kharif,Ragi,67,46,0.686567164
Bihar,ROHTAS,2002,Kharif,Sesamum,389,356,0.915167095
Bihar,ROHTAS,2002,Kharif,Small millets,5,4,0.8
Bihar,ROHTAS,2002,Kharif,Sunflower,19,21,1.105263158
Bihar,ROHTAS,2002,Kharif,Urad,63,54,0.857142857
Bihar,ROHTAS,2002,Rabi,Barley,1481,2999,2.02498312
Bihar,ROHTAS,2002,Rabi,Gram,5280,6172,1.168939394
Bihar,ROHTAS,2002,Rabi,Khesari,7973,6235,0.782014298
Bihar,ROHTAS,2002,Rabi,Linseed,1290,1109,0.859689922
Bihar,ROHTAS,2002,Rabi,Maize,5,11,2.2
Bihar,ROHTAS,2002,Rabi,Masoor,3651,3151,0.863051219
Bihar,ROHTAS,2002,Rabi,Other  Rabi pulses,31,22,0.709677419
Bihar,ROHTAS,2002,Rabi,Peas & beans (Pulses),698,606,0.868194842
Bihar,ROHTAS,2002,Rabi,Rapeseed &Mustard,1612,1506,0.934243176
Bihar,ROHTAS,2002,Rabi,Wheat,132763,322003,2.425397136
Bihar,ROHTAS,2002,Summer,Maize,12,34,2.833333333
Bihar,ROHTAS,2002,Summer,Moong(Green Gram),369,225,0.609756098
Bihar,ROHTAS,2002,Summer,Rice,245,365,1.489795918
Bihar,ROHTAS,2002,Whole Year,Coriander,43,28,0.651162791
Bihar,ROHTAS,2002,Whole Year,Dry chillies,147,88,0.598639456
Bihar,ROHTAS,2002,Whole Year,Garlic,29,43,1.482758621
Bihar,ROHTAS,2002,Whole Year,Onion,305,2940,9.639344262
Bihar,ROHTAS,2002,Whole Year,Potato,3104,52731,16.9880799
Bihar,ROHTAS,2002,Whole Year,Sannhamp,1,1,1
Bihar,ROHTAS,2002,Whole Year,Sugarcane,330,10233,31.00909091
Bihar,ROHTAS,2002,Whole Year,Sweet potato,6,76,12.66666667
Bihar,ROHTAS,2002,Whole Year,Turmeric,2,2,1
Bihar,ROHTAS,2002,Winter,Rice,192790,464920,2.411535868
Bihar,ROHTAS,2003,Autumn,Rice,323,404,1.250773994
Bihar,ROHTAS,2003,Kharif,Arhar/Tur,1211,1376,1.136251032
Bihar,ROHTAS,2003,Kharif,Bajra,30,31,1.033333333
Bihar,ROHTAS,2003,Kharif,Groundnut,43,21,0.488372093
Bihar,ROHTAS,2003,Kharif,Horse-gram,180,133,0.738888889
Bihar,ROHTAS,2003,Kharif,Jowar,10,10,1
Bihar,ROHTAS,2003,Kharif,Maize,554,668,1.205776173
Bihar,ROHTAS,2003,Kharif,Mesta,5,35,7
Bihar,ROHTAS,2003,Kharif,Moong(Green Gram),179,101,0.56424581
Bihar,ROHTAS,2003,Kharif,Other Kharif pulses,13,7,0.538461538
Bihar,ROHTAS,2003,Kharif,Ragi,75,51,0.68
Bihar,ROHTAS,2003,Kharif,Sesamum,569,509,0.894551845
Bihar,ROHTAS,2003,Kharif,Sunflower,18,29,1.611111111
Bihar,ROHTAS,2003,Kharif,Urad,94,66,0.70212766
Bihar,ROHTAS,2003,Rabi,Barley,2206,2310,1.047144152
Bihar,ROHTAS,2003,Rabi,Gram,5188,4763,0.918080185
Bihar,ROHTAS,2003,Rabi,Khesari,9557,5706,0.597049283
Bihar,ROHTAS,2003,Rabi,Linseed,2676,2264,0.846038864
Bihar,ROHTAS,2003,Rabi,Masoor,6074,3742,0.616068489
Bihar,ROHTAS,2003,Rabi,Peas & beans (Pulses),1023,963,0.941348974
Bihar,ROHTAS,2003,Rabi,Rapeseed &Mustard,3579,3228,0.901927913
Bihar,ROHTAS,2003,Rabi,Safflower,22,18,0.818181818
Bihar,ROHTAS,2003,Rabi,Wheat,128102,322248,2.515557915
Bihar,ROHTAS,2003,Summer,Maize,156,451,2.891025641
Bihar,ROHTAS,2003,Summer,Moong(Green Gram),287,141,0.491289199
Bihar,ROHTAS,2003,Summer,Rice,16,24,1.5
Bihar,ROHTAS,2003,Whole Year,Coriander,70,48,0.685714286
Bihar,ROHTAS,2003,Whole Year,Dry chillies,264,224,0.848484848
Bihar,ROHTAS,2003,Whole Year,Garlic,7,11,1.571428571
Bihar,ROHTAS,2003,Whole Year,Onion,229,2929,12.79039301
Bihar,ROHTAS,2003,Whole Year,Potato,3243,39699,12.24144311
Bihar,ROHTAS,2003,Whole Year,Sannhamp,6,4,0.666666667
Bihar,ROHTAS,2003,Whole Year,Sugarcane,325,11148,34.30153846
Bihar,ROHTAS,2003,Whole Year,Sweet potato,7,90,12.85714286
Bihar,ROHTAS,2003,Whole Year,Turmeric,1,1,1
Bihar,ROHTAS,2003,Winter,Rice,195387,516983,2.645943691
Bihar,ROHTAS,2004,Autumn,Rice,145,130,0.896551724
Bihar,ROHTAS,2004,Kharif,Arhar/Tur,1022,923,0.903131115
Bihar,ROHTAS,2004,Kharif,Bajra,24,26,1.083333333
Bihar,ROHTAS,2004,Kharif,Castor seed,1,1,1
Bihar,ROHTAS,2004,Kharif,Groundnut,86,42,0.488372093
Bihar,ROHTAS,2004,Kharif,Horse-gram,211,170,0.805687204
Bihar,ROHTAS,2004,Kharif,Maize,511,664,1.299412916
Bihar,ROHTAS,2004,Kharif,Moong(Green Gram),56,21,0.375
Bihar,ROHTAS,2004,Kharif,Other Kharif pulses,1,1,1
Bihar,ROHTAS,2004,Kharif,Ragi,49,33,0.673469388
Bihar,ROHTAS,2004,Kharif,Sesamum,373,349,0.935656836
Bihar,ROHTAS,2004,Kharif,Small millets,5,4,0.8
Bihar,ROHTAS,2004,Kharif,Sunflower,1,1,1
Bihar,ROHTAS,2004,Kharif,Urad,29,21,0.724137931
Bihar,ROHTAS,2004,Rabi,Barley,2099,2074,0.988089566
Bihar,ROHTAS,2004,Rabi,Gram,8641,8788,1.01701192
Bihar,ROHTAS,2004,Rabi,Khesari,9072,8764,0.966049383
Bihar,ROHTAS,2004,Rabi,Linseed,1919,1861,0.969775925
Bihar,ROHTAS,2004,Rabi,Masoor,8464,6543,0.773038752
Bihar,ROHTAS,2004,Rabi,Peas & beans (Pulses),981,769,0.783893986
Bihar,ROHTAS,2004,Rabi,Rapeseed &Mustard,3811,2759,0.723956967
Bihar,ROHTAS,2004,Rabi,Safflower,18,15,0.833333333
Bihar,ROHTAS,2004,Rabi,Wheat,119130,245078,2.057231596
Bihar,ROHTAS,2004,Summer,Maize,146,398,2.726027397
Bihar,ROHTAS,2004,Summer,Moong(Green Gram),286,158,0.552447552
Bihar,ROHTAS,2004,Summer,Rice,16,22,1.375
Bihar,ROHTAS,2004,Whole Year,Coriander,53,35,0.660377358
Bihar,ROHTAS,2004,Whole Year,Dry chillies,121,100,0.826446281
Bihar,ROHTAS,2004,Whole Year,Garlic,11,17,1.545454545
Bihar,ROHTAS,2004,Whole Year,Onion,196,1852,9.448979592
Bihar,ROHTAS,2004,Whole Year,Potato,4577,39747,8.684072537
Bihar,ROHTAS,2004,Whole Year,Sugarcane,118,4948,41.93220339
Bihar,ROHTAS,2004,Whole Year,Sweet potato,16,251,15.6875
Bihar,ROHTAS,2004,Whole Year,Turmeric,1,1,1
Bihar,ROHTAS,2004,Winter,Rice,178136,465494,2.613138276
Bihar,ROHTAS,2005,Autumn,Rice,223,217,0.97309417
Bihar,ROHTAS,2005,Kharif,Arhar/Tur,1508,1244,0.824933687
Bihar,ROHTAS,2005,Kharif,Bajra,24,25,1.041666667
Bihar,ROHTAS,2005,Kharif,Groundnut,64,32,0.5
Bihar,ROHTAS,2005,Kharif,Horse-gram,191,170,0.890052356
Bihar,ROHTAS,2005,Kharif,Maize,578,968,1.674740484
Bihar,ROHTAS,2005,Kharif,Moong(Green Gram),95,51,0.536842105
Bihar,ROHTAS,2005,Kharif,Other Kharif pulses,16,8,0.5
Bihar,ROHTAS,2005,Kharif,Ragi,74,67,0.905405405
Bihar,ROHTAS,2005,Kharif,Sesamum,255,255,1
Bihar,ROHTAS,2005,Kharif,Sunflower,18,20,1.111111111
Bihar,ROHTAS,2005,Kharif,Urad,62,66,1.064516129
Bihar,ROHTAS,2005,Rabi,Barley,1768,2339,1.322963801
Bihar,ROHTAS,2005,Rabi,Gram,4092,4460,1.089931574
Bihar,ROHTAS,2005,Rabi,Khesari,5825,4980,0.854935622
Bihar,ROHTAS,2005,Rabi,Linseed,1299,1108,0.852963818
Bihar,ROHTAS,2005,Rabi,Masoor,5328,5333,1.000938438
Bihar,ROHTAS,2005,Rabi,Peas & beans (Pulses),1067,975,0.913776945
Bihar,ROHTAS,2005,Rabi,Rapeseed &Mustard,2764,1902,0.68813314
Bihar,ROHTAS,2005,Rabi,Wheat,130262,283932,2.179699375
Bihar,ROHTAS,2005,Summer,Maize,16,38,2.375
Bihar,ROHTAS,2005,Summer,Moong(Green Gram),49,28,0.571428571
Bihar,ROHTAS,2005,Summer,Rice,127,192,1.511811024
Bihar,ROHTAS,2005,Whole Year,Coriander,6,5,0.833333333
Bihar,ROHTAS,2005,Whole Year,Dry chillies,106,106,1
Bihar,ROHTAS,2005,Whole Year,Garlic,4,6,1.5
Bihar,ROHTAS,2005,Whole Year,Onion,441,3766,8.53968254
Bihar,ROHTAS,2005,Whole Year,Potato,2694,42649,15.83110616
Bihar,ROHTAS,2005,Whole Year,Sannhamp,7,4,0.571428571
Bihar,ROHTAS,2005,Whole Year,Sugarcane,178,7485,42.0505618
Bihar,ROHTAS,2005,Whole Year,Sweet potato,14,209,14.92857143
Bihar,ROHTAS,2005,Winter,Rice,195296,479713,2.456338071
Bihar,ROHTAS,2006,Autumn,Rice,10,9,0.9
Bihar,ROHTAS,2006,Kharif,Arhar/Tur,1521,2247,1.477317554
Bihar,ROHTAS,2006,Kharif,Maize,574,953,1.660278746
Bihar,ROHTAS,2006,Kharif,Moong(Green Gram),86,50,0.581395349
Bihar,ROHTAS,2006,Kharif,Ragi,66,58,0.878787879
Bihar,ROHTAS,2006,Kharif,Sannhamp,7,4,0.571428571
Bihar,ROHTAS,2006,Kharif,Sesamum,271,235,0.867158672
Bihar,ROHTAS,2006,Kharif,Urad,51,39,0.764705882
Bihar,ROHTAS,2006,Rabi,Barley,2848,3366,1.181882022
Bihar,ROHTAS,2006,Rabi,Gram,4140,3974,0.959903382
Bihar,ROHTAS,2006,Rabi,Khesari,5791,4187,0.723018477
Bihar,ROHTAS,2006,Rabi,Linseed,1965,1676,0.852926209
Bihar,ROHTAS,2006,Rabi,Maize,2,4,2
Bihar,ROHTAS,2006,Rabi,Masoor,5631,3300,0.586041556
Bihar,ROHTAS,2006,Rabi,Peas & beans (Pulses),1024,949,0.926757813
Bihar,ROHTAS,2006,Rabi,Rapeseed &Mustard,3385,2627,0.776070901
Bihar,ROHTAS,2006,Rabi,Sunflower,1,2,2
Bihar,ROHTAS,2006,Rabi,Wheat,135644,330444,2.436112176
Bihar,ROHTAS,2006,Summer,Maize,15,53,3.533333333
Bihar,ROHTAS,2006,Summer,Moong(Green Gram),143,75,0.524475524
Bihar,ROHTAS,2006,Summer,Rice,125,175,1.4
Bihar,ROHTAS,2006,Winter,Rice,166546,467883,2.809331956
Bihar,ROHTAS,2007,Autumn,Maize,94,40,0.425531915
Bihar,ROHTAS,2007,Autumn,Rice,12,7,0.583333333
Bihar,ROHTAS,2007,Kharif,Arhar/Tur,848,1141,1.345518868
Bihar,ROHTAS,2007,Kharif,Groundnut,57,38,0.666666667
Bihar,ROHTAS,2007,Kharif,Moong(Green Gram),69,36,0.52173913
Bihar,ROHTAS,2007,Kharif,Sesamum,56,51,0.910714286
Bihar,ROHTAS,2007,Kharif,Urad,42,37,0.880952381
Bihar,ROHTAS,2007,Rabi,Barley,886,1582,1.785553047
Bihar,ROHTAS,2007,Rabi,Gram,3936,4448,1.130081301
Bihar,ROHTAS,2007,Rabi,Khesari,5753,5695,0.989918303
Bihar,ROHTAS,2007,Rabi,Linseed,1291,1101,0.852827266
Bihar,ROHTAS,2007,Rabi,Masoor,5228,5442,1.040933435
Bihar,ROHTAS,2007,Rabi,Peas & beans (Pulses),1051,974,0.926736441
Bihar,ROHTAS,2007,Rabi,Rapeseed &Mustard,1215,1126,0.926748971
Bihar,ROHTAS,2007,Rabi,Wheat,125967,345829,2.745393635
Bihar,ROHTAS,2007,Summer,Moong(Green Gram),40,36,0.9
Bihar,ROHTAS,2007,Whole Year,Coriander,29,21,0.724137931
Bihar,ROHTAS,2007,Whole Year,Dry chillies,92,40,0.434782609
Bihar,ROHTAS,2007,Whole Year,Onion,305,3041,9.970491803
Bihar,ROHTAS,2007,Whole Year,Potato,2697,21042,7.802002225
Bihar,ROHTAS,2007,Whole Year,Sweet potato,14,207,14.78571429
Bihar,ROHTAS,2007,Winter,Rice,165837,441966,2.665062682
Bihar,ROHTAS,2008,Autumn,Maize,84,47,0.55952381
Bihar,ROHTAS,2008,Autumn,Rice,58,77,1.327586207
Bihar,ROHTAS,2008,Kharif,Arhar/Tur,778,762,0.979434447
Bihar,ROHTAS,2008,Kharif,Groundnut,65,32,0.492307692
Bihar,ROHTAS,2008,Kharif,Jowar,6,6,1
Bihar,ROHTAS,2008,Kharif,Moong(Green Gram),73,42,0.575342466
Bihar,ROHTAS,2008,Kharif,Potato,1180,9145,7.75
Bihar,ROHTAS,2008,Kharif,Sesamum,82,77,0.93902439
Bihar,ROHTAS,2008,Kharif,Sweet potato,13,189,14.53846154
Bihar,ROHTAS,2008,Kharif,Urad,43,35,0.813953488
Bihar,ROHTAS,2008,Rabi,Barley,830,1439,1.73373494
Bihar,ROHTAS,2008,Rabi,Gram,3806,3760,0.98791382
Bihar,ROHTAS,2008,Rabi,Khesari,5545,5246,0.946077547
Bihar,ROHTAS,2008,Rabi,Linseed,1178,1005,0.853140917
Bihar,ROHTAS,2008,Rabi,Masoor,5002,4327,0.865053978
Bihar,ROHTAS,2008,Rabi,Peas & beans (Pulses),1004,966,0.962151394
Bihar,ROHTAS,2008,Rabi,Potato,1634,16912,10.3500612
Bihar,ROHTAS,2008,Rabi,Rapeseed &Mustard,869,845,0.972382048
Bihar,ROHTAS,2008,Rabi,Wheat,131069,336553,2.567754389
Bihar,ROHTAS,2008,Summer,Maize,9,29,3.222222222
Bihar,ROHTAS,2008,Summer,Moong(Green Gram),39,26,0.666666667
Bihar,ROHTAS,2008,Whole Year,Dry chillies,95,66,0.694736842
Bihar,ROHTAS,2008,Whole Year,Onion,79,899,11.37974684
Bihar,ROHTAS,2008,Winter,Rice,166110,459898,2.768635242
Bihar,ROHTAS,2009,Autumn,Maize,94,99,1.053191489
Bihar,ROHTAS,2009,Autumn,Rice,72,68,0.944444444
Bihar,ROHTAS,2009,Kharif,Arhar/Tur,480,1066,2.220833333
Bihar,ROHTAS,2009,Kharif,Bajra,7,8,1.142857143
Bihar,ROHTAS,2009,Kharif,Horse-gram,94,91,0.968085106
Bihar,ROHTAS,2009,Kharif,Jowar,6,6,1
Bihar,ROHTAS,2009,Kharif,Moong(Green Gram),45,30,0.666666667
Bihar,ROHTAS,2009,Kharif,Urad,42,41,0.976190476
Bihar,ROHTAS,2009,Rabi,Barley,784,554,0.706632653
Bihar,ROHTAS,2009,Rabi,Gram,3348,2625,0.784050179
Bihar,ROHTAS,2009,Rabi,Khesari,5320,8762,1.646992481
Bihar,ROHTAS,2009,Rabi,Linseed,1223,1035,0.84627964
Bihar,ROHTAS,2009,Rabi,Masoor,4644,2670,0.574935401
Bihar,ROHTAS,2009,Rabi,Peas & beans (Pulses),573,574,1.001745201
Bihar,ROHTAS,2009,Rabi,Rapeseed &Mustard,969,1409,1.454076367
Bihar,ROHTAS,2009,Rabi,Wheat,111012,256218,2.308020755
Bihar,ROHTAS,2009,Summer,Maize,9,28,3.111111111
Bihar,ROHTAS,2009,Summer,Moong(Green Gram),38,16,0.421052632
Bihar,ROHTAS,2009,Whole Year,Sugarcane,23,712,30.95652174
Bihar,ROHTAS,2009,Winter,Rice,150483,388307,2.580404431
Bihar,ROHTAS,2010,Autumn,Maize,178,277,1.556179775
Bihar,ROHTAS,2010,Autumn,Rice,107,105,0.981308411
Bihar,ROHTAS,2010,Kharif,Arhar/Tur,496,725,1.461693548
Bihar,ROHTAS,2010,Kharif,Bajra,7,8,1.142857143
Bihar,ROHTAS,2010,Kharif,Groundnut,35,36,1.028571429
Bihar,ROHTAS,2010,Kharif,Horse-gram,97,92,0.948453608
Bihar,ROHTAS,2010,Kharif,Jowar,6,6,1
Bihar,ROHTAS,2010,Kharif,Mesta,2,17,8.5
Bihar,ROHTAS,2010,Kharif,Moong(Green Gram),56,37,0.660714286
Bihar,ROHTAS,2010,Kharif,Other Kharif pulses,106,73,0.688679245
Bihar,ROHTAS,2010,Kharif,Ragi,2,2,1
Bihar,ROHTAS,2010,Kharif,Sesamum,8,6,0.75
Bihar,ROHTAS,2010,Kharif,Urad,45,39,0.866666667
Bihar,ROHTAS,2010,Rabi,Barley,895,1312,1.465921788
Bihar,ROHTAS,2010,Rabi,Gram,3607,4842,1.342389798
Bihar,ROHTAS,2010,Rabi,Khesari,4871,6420,1.318004517
Bihar,ROHTAS,2010,Rabi,Linseed,1492,1220,0.81769437
Bihar,ROHTAS,2010,Rabi,Masoor,5225,4943,0.946028708
Bihar,ROHTAS,2010,Rabi,Other  Rabi pulses,6,4,0.666666667
Bihar,ROHTAS,2010,Rabi,Peas & beans (Pulses),536,555,1.035447761
Bihar,ROHTAS,2010,Rabi,Rapeseed &Mustard,2052,2503,1.219785575
Bihar,ROHTAS,2010,Rabi,Wheat,131899,387783,2.939999545
Bihar,ROHTAS,2010,Summer,Maize,3,12,4
Bihar,ROHTAS,2010,Summer,Moong(Green Gram),95,51,0.536842105
Bihar,ROHTAS,2010,Summer,Rice,20,38,1.9
Bihar,ROHTAS,2010,Whole Year,Sugarcane,1027,29239,28.47030185
Bihar,ROHTAS,2010,Winter,Rice,173199,286390,1.653531487
Bihar,ROHTAS,2011,Autumn,Maize,92,207,2.25
Bihar,ROHTAS,2011,Autumn,Rice,68,108,1.588235294
Bihar,ROHTAS,2011,Kharif,Arhar/Tur,1078,2608,2.419294991
Bihar,ROHTAS,2011,Kharif,Groundnut,10,10,1
Bihar,ROHTAS,2011,Kharif,Horse-gram,43,41,0.953488372
Bihar,ROHTAS,2011,Kharif,Moong(Green Gram),41,25,0.609756098
Bihar,ROHTAS,2011,Kharif,Sesamum,15,13,0.866666667
Bihar,ROHTAS,2011,Kharif,Urad,40,37,0.925
Bihar,ROHTAS,2011,Rabi,Barley,1240,2248,1.812903226
Bihar,ROHTAS,2011,Rabi,Gram,4506,7367,1.634931203
Bihar,ROHTAS,2011,Rabi,Khesari,4648,7525,1.618975904
Bihar,ROHTAS,2011,Rabi,Linseed,1420,1228,0.864788732
Bihar,ROHTAS,2011,Rabi,Masoor,3570,4648,1.301960784
Bihar,ROHTAS,2011,Rabi,Peas & beans (Pulses),675,696,1.031111111
Bihar,ROHTAS,2011,Rabi,Rapeseed &Mustard,2743,2148,0.783084214
Bihar,ROHTAS,2011,Rabi,Wheat,142800,392918,2.751526611
Bihar,ROHTAS,2011,Summer,Maize,3,14,4.666666667
Bihar,ROHTAS,2011,Summer,Moong(Green Gram),96,58,0.604166667
Bihar,ROHTAS,2011,Summer,Rice,21,31,1.476190476
Bihar,ROHTAS,2011,Winter,Rice,170103,736122,4.327507451
Bihar,ROHTAS,2012,Autumn,Maize,145,365,2.517241379
Bihar,ROHTAS,2012,Autumn,Rice,71,125,1.76056338
Bihar,ROHTAS,2012,Kharif,Arhar/Tur,1078,2856,2.649350649
Bihar,ROHTAS,2012,Kharif,Groundnut,11,11,1
Bihar,ROHTAS,2012,Kharif,Horse-gram,94,91,0.968085106
Bihar,ROHTAS,2012,Kharif,Mesta,3,7,2.333333333
Bihar,ROHTAS,2012,Kharif,Moong(Green Gram),31,28,0.903225806
Bihar,ROHTAS,2012,Kharif,Other Kharif pulses,8,7,0.875
Bihar,ROHTAS,2012,Kharif,Ragi,1,1,1
Bihar,ROHTAS,2012,Kharif,Sesamum,10,9,0.9
Bihar,ROHTAS,2012,Kharif,Urad,2,2,1
Bihar,ROHTAS,2012,Rabi,Barley,1240,2893,2.333064516
Bihar,ROHTAS,2012,Rabi,Gram,4506,8742,1.940079893
Bihar,ROHTAS,2012,Rabi,Khesari,4648,6345,1.36510327
Bihar,ROHTAS,2012,Rabi,Linseed,1420,1231,0.866901408
Bihar,ROHTAS,2012,Rabi,Masoor,3570,4220,1.182072829
Bihar,ROHTAS,2012,Rabi,Peas & beans (Pulses),675,703,1.041481481
Bihar,ROHTAS,2012,Rabi,Rapeseed &Mustard,2743,3388,1.235144003
Bihar,ROHTAS,2012,Rabi,Wheat,142786,457110,3.201364279
Bihar,ROHTAS,2012,Summer,Maize,3,14,4.666666667
Bihar,ROHTAS,2012,Summer,Moong(Green Gram),96,60,0.625
Bihar,ROHTAS,2012,Summer,Rice,21,48,2.285714286
Bihar,ROHTAS,2012,Whole Year,Sugarcane,157,6734,42.89171975
Bihar,ROHTAS,2012,Winter,Rice,179105,718964,4.014203959
Bihar,ROHTAS,2013,Autumn,Maize,238,592,2.487394958
Bihar,ROHTAS,2013,Autumn,Rice,18,24,1.333333333
Bihar,ROHTAS,2013,Kharif,Arhar/Tur,1116,1710,1.532258065
Bihar,ROHTAS,2013,Kharif,Groundnut,11,11,1
Bihar,ROHTAS,2013,Kharif,Horse-gram,57,54,0.947368421
Bihar,ROHTAS,2013,Kharif,Moong(Green Gram),26,19,0.730769231
Bihar,ROHTAS,2013,Kharif,Other Kharif pulses,19,14,0.736842105
Bihar,ROHTAS,2013,Kharif,Sesamum,12,10,0.833333333
Bihar,ROHTAS,2013,Rabi,Barley,781,1404,1.797695262
Bihar,ROHTAS,2013,Rabi,Gram,3470,4542,1.308933718
Bihar,ROHTAS,2013,Rabi,Khesari,3972,5684,1.43101712
Bihar,ROHTAS,2013,Rabi,Linseed,708,602,0.850282486
Bihar,ROHTAS,2013,Rabi,Masoor,3548,3569,1.005918828
Bihar,ROHTAS,2013,Rabi,Peas & beans (Pulses),515,644,1.250485437
Bihar,ROHTAS,2013,Rabi,Rapeseed &Mustard,2777,2927,1.054015124
Bihar,ROHTAS,2013,Rabi,Wheat,145337,424008,2.917412634
Bihar,ROHTAS,2013,Summer,Maize,7,34,4.857142857
Bihar,ROHTAS,2013,Summer,Moong(Green Gram),405,272,0.671604938
Bihar,ROHTAS,2013,Whole Year,Sugarcane,13,677,52.07692308
Bihar,ROHTAS,2013,Winter,Rice,197127,776174,3.937431199
Bihar,ROHTAS,2014,Autumn,Maize,47,114,2.425531915
Bihar,ROHTAS,2014,Kharif,Arhar/Tur,838,1053,1.256563246
Bihar,ROHTAS,2014,Kharif,Moong(Green Gram),6,5,0.833333333
Bihar,ROHTAS,2014,Kharif,Other Kharif pulses,241,182,0.755186722
Bihar,ROHTAS,2014,Rabi,Barley,761,825,1.084099869
Bihar,ROHTAS,2014,Rabi,Gram,3187,2961,0.929086916
Bihar,ROHTAS,2014,Rabi,Khesari,2561,3163,1.235064428
Bihar,ROHTAS,2014,Rabi,Linseed,642,553,0.861370717
Bihar,ROHTAS,2014,Rabi,Masoor,3069,4020,1.309872923
Bihar,ROHTAS,2014,Rabi,Peas & beans (Pulses),338,341,1.00887574
Bihar,ROHTAS,2014,Rabi,Rapeseed &Mustard,2590,2505,0.967181467
Bihar,ROHTAS,2014,Rabi,Wheat,144730,300101,2.073523112
Bihar,ROHTAS,2014,Summer,Maize,4,16,4
Bihar,ROHTAS,2014,Summer,Moong(Green Gram),199,115,0.577889447
Bihar,ROHTAS,2014,Whole Year,Sugarcane,77,5086,66.05194805
Bihar,ROHTAS,2014,Winter,Rice,196508,820981,4.177850266
Bihar,SAHARSA,1997,Autumn,Rice,12672,12324,0.972537879
Bihar,SAHARSA,1997,Kharif,Arhar/Tur,5,5,1
Bihar,SAHARSA,1997,Kharif,Dry ginger,3,4,1.333333333
Bihar,SAHARSA,1997,Kharif,Jute,403,2684,6.660049628
Bihar,SAHARSA,1997,Kharif,Maize,5111,13931,2.725689689
Bihar,SAHARSA,1997,Kharif,Mesta,276,2058,7.456521739
Bihar,SAHARSA,1997,Kharif,Other Kharif pulses,293,169,0.576791809
Bihar,SAHARSA,1997,Kharif,Sesamum,8,5,0.625
Bihar,SAHARSA,1997,Kharif,Small millets,421,188,0.446555819
Bihar,SAHARSA,1997,Rabi,Barley,146,151,1.034246575
Bihar,SAHARSA,1997,Rabi,Gram,184,138,0.75
Bihar,SAHARSA,1997,Rabi,Linseed,1618,639,0.394932015
Bihar,SAHARSA,1997,Rabi,Maize,9176,26500,2.887968614
Bihar,SAHARSA,1997,Rabi,Other  Rabi pulses,294,148,0.503401361
Bihar,SAHARSA,1997,Rabi,Rapeseed &Mustard,965,904,0.936787565
Bihar,SAHARSA,1997,Rabi,Sunflower,1829,1582,0.864953527
Bihar,SAHARSA,1997,Rabi,Wheat,44543,59456,1.334800081
Bihar,SAHARSA,1997,Summer,Maize,21207,38617,1.820955345
Bihar,SAHARSA,1997,Summer,Rice,6102,10280,1.684693543
Bihar,SAHARSA,1997,Whole Year,Banana,19,350,18.42105263
Bihar,SAHARSA,1997,Whole Year,Coriander,114,56,0.49122807
Bihar,SAHARSA,1997,Whole Year,Dry chillies,28,24,0.857142857
Bihar,SAHARSA,1997,Whole Year,Garlic,77,103,1.337662338
Bihar,SAHARSA,1997,Whole Year,Onion,126,961,7.626984127
Bihar,SAHARSA,1997,Whole Year,Potato,1706,19301,11.31359906
Bihar,SAHARSA,1997,Whole Year,Ragi,2191,1965,0.896850753
Bihar,SAHARSA,1997,Whole Year,Sannhamp,185,82,0.443243243
Bihar,SAHARSA,1997,Whole Year,Sugarcane,26,1117,42.96153846
Bihar,SAHARSA,1997,Whole Year,Sweet potato,27,356,13.18518519
Bihar,SAHARSA,1997,Whole Year,Turmeric,52,58,1.115384615
Bihar,SAHARSA,1997,Winter,Rice,71371,71488,1.001639321
Bihar,SAHARSA,1998,Kharif,Arhar/Tur,8,10,1.25
Bihar,SAHARSA,1998,Kharif,Blackgram,1397,1040,0.744452398
Bihar,SAHARSA,1998,Kharif,Jute,279,1945,6.971326165
Bihar,SAHARSA,1998,Kharif,Maize,9009,11279,1.251970252
Bihar,SAHARSA,1998,Kharif,Mesta,237,1809,7.632911392
Bihar,SAHARSA,1998,Kharif,Other Kharif pulses,1998,1429,0.715215215
Bihar,SAHARSA,1998,Kharif,Ragi,1701,1488,0.874779541
Bihar,SAHARSA,1998,Kharif,Sesamum,5,3,0.6
Bihar,SAHARSA,1998,Kharif,Small millets,128,67,0.5234375
Bihar,SAHARSA,1998,Kharif,Sunflower,2165,1873,0.865127021
Bihar,SAHARSA,1998,Rabi,Barley,130,150,1.153846154
Bihar,SAHARSA,1998,Rabi,Gram,10,11,1.1
Bihar,SAHARSA,1998,Rabi,Linseed,1035,791,0.764251208
Bihar,SAHARSA,1998,Rabi,Maize,10910,18165,1.664986251
Bihar,SAHARSA,1998,Rabi,Other  Rabi pulses,32313,24581,0.760715502
Bihar,SAHARSA,1998,Rabi,Rapeseed &Mustard,654,328,0.501529052
Bihar,SAHARSA,1998,Rabi,Wheat,50608,83620,1.652307936
Bihar,SAHARSA,1998,Summer,Maize,18254,38449,2.106332859
Bihar,SAHARSA,1998,Summer,Rice,9563,12907,1.349681062
Bihar,SAHARSA,1998,Whole Year,Banana,35,261,7.457142857
Bihar,SAHARSA,1998,Whole Year,Coriander,48,33,0.6875
Bihar,SAHARSA,1998,Whole Year,Dry chillies,6,8,1.333333333
Bihar,SAHARSA,1998,Whole Year,Dry ginger,1,1,1
Bihar,SAHARSA,1998,Whole Year,Garlic,24,36,1.5
Bihar,SAHARSA,1998,Whole Year,Onion,187,1672,8.941176471
Bihar,SAHARSA,1998,Whole Year,Potato,857,4646,5.421236873
Bihar,SAHARSA,1998,Whole Year,Sannhamp,112,50,0.446428571
Bihar,SAHARSA,1998,Whole Year,Sugarcane,51,2452,48.07843137
Bihar,SAHARSA,1998,Whole Year,Sweet potato,20,198,9.9
Bihar,SAHARSA,1998,Whole Year,Turmeric,10,11,1.1
Bihar,SAHARSA,1998,Winter,Rice,76392,71261,0.932833281
Bihar,SAHARSA,1999,Kharif,Arhar/Tur,3,10,3.333333333
Bihar,SAHARSA,1999,Kharif,Horse-gram,827,307,0.371221282
Bihar,SAHARSA,1999,Kharif,Jowar,119,144,1.210084034
Bihar,SAHARSA,1999,Kharif,Jute,3,30,10
Bihar,SAHARSA,1999,Kharif,Maize,10351,21369,2.064438219
Bihar,SAHARSA,1999,Kharif,Mesta,56,486,8.678571429
Bihar,SAHARSA,1999,Kharif,Ragi,1947,1902,0.976887519
Bihar,SAHARSA,1999,Kharif,Rice,16497,17285,1.047766261
Bihar,SAHARSA,1999,Kharif,Sesamum,2,1,0.5
Bihar,SAHARSA,1999,Kharif,Sunflower,1290,2192,1.699224806
Bihar,SAHARSA,1999,Kharif,Urad,1164,1118,0.9604811
Bihar,SAHARSA,1999,Rabi,Khesari,4005,2083,0.520099875
Bihar,SAHARSA,1999,Rabi,Linseed,710,439,0.618309859
Bihar,SAHARSA,1999,Rabi,Maize,11730,41407,3.530008525
Bihar,SAHARSA,1999,Rabi,Masoor,1231,769,0.62469537
Bihar,SAHARSA,1999,Rabi,Moong(Green Gram),18780,10348,0.551011715
Bihar,SAHARSA,1999,Rabi,Peas & beans (Pulses),577,428,0.741767764
Bihar,SAHARSA,1999,Rabi,Rapeseed &Mustard,844,1079,1.278436019
Bihar,SAHARSA,1999,Rabi,Wheat,52129,123112,2.361679679
Bihar,SAHARSA,1999,Summer,Maize,14152,39824,2.81401922
Bihar,SAHARSA,1999,Summer,Rice,6346,11693,1.842578002
Bihar,SAHARSA,1999,Whole Year,Banana,13,289,22.23076923
Bihar,SAHARSA,1999,Whole Year,Coriander,64,39,0.609375
Bihar,SAHARSA,1999,Whole Year,Garlic,1,2,2
Bihar,SAHARSA,1999,Whole Year,Onion,117,1259,10.76068376
Bihar,SAHARSA,1999,Whole Year,Potato,521,7721,14.81957774
Bihar,SAHARSA,1999,Whole Year,Sugarcane,153,6099,39.8627451
Bihar,SAHARSA,2000,Autumn,Rice,74013,101373,1.369664789
Bihar,SAHARSA,2000,Kharif,Arhar/Tur,12,16,1.333333333
Bihar,SAHARSA,2000,Kharif,Horse-gram,680,336,0.494117647
Bihar,SAHARSA,2000,Kharif,Jute,2,17,8.5
Bihar,SAHARSA,2000,Kharif,Maize,7816,24396,3.121289662
Bihar,SAHARSA,2000,Kharif,Mesta,100,831,8.31
Bihar,SAHARSA,2000,Kharif,Ragi,2201,1798,0.816901408
Bihar,SAHARSA,2000,Kharif,Rice,21618,38797,1.794661856
Bihar,SAHARSA,2000,Kharif,Sesamum,2,1,0.5
Bihar,SAHARSA,2000,Kharif,Small millets,170,90,0.529411765
Bihar,SAHARSA,2000,Kharif,Sunflower,972,1774,1.825102881
Bihar,SAHARSA,2000,Kharif,Urad,1357,806,0.593957259
Bihar,SAHARSA,2000,Rabi,Barley,13,15,1.153846154
Bihar,SAHARSA,2000,Rabi,Khesari,4203,4186,0.99595527
Bihar,SAHARSA,2000,Rabi,Linseed,1148,737,0.641986063
Bihar,SAHARSA,2000,Rabi,Maize,7528,28539,3.791046759
Bihar,SAHARSA,2000,Rabi,Masoor,1270,842,0.662992126
Bihar,SAHARSA,2000,Rabi,Moong(Green Gram),24615,14991,0.609018891
Bihar,SAHARSA,2000,Rabi,Peas & beans (Pulses),870,903,1.037931034
Bihar,SAHARSA,2000,Rabi,Rapeseed &Mustard,844,1183,1.401658768
Bihar,SAHARSA,2000,Rabi,Safflower,2,2,1
Bihar,SAHARSA,2000,Rabi,Wheat,54469,149817,2.750500285
Bihar,SAHARSA,2000,Summer,Maize,12609,45178,3.582996273
Bihar,SAHARSA,2000,Summer,Rice,7185,13689,1.905219207
Bihar,SAHARSA,2000,Whole Year,Banana,139,6080,43.74100719
Bihar,SAHARSA,2000,Whole Year,Coriander,99,61,0.616161616
Bihar,SAHARSA,2000,Whole Year,Garlic,2,3,1.5
Bihar,SAHARSA,2000,Whole Year,Onion,108,1336,12.37037037
Bihar,SAHARSA,2000,Whole Year,Potato,1292,16354,12.65789474
Bihar,SAHARSA,2000,Whole Year,Sugarcane,4,162,40.5
Bihar,SAHARSA,2000,Whole Year,Sweet potato,17,204,12
Bihar,SAHARSA,2001,Autumn,Maize,6394,8912,1.393806694
Bihar,SAHARSA,2001,Autumn,Rice,69810,63710,0.912619968
Bihar,SAHARSA,2001,Kharif,Arhar/Tur,12,15,1.25
Bihar,SAHARSA,2001,Kharif,Horse-gram,591,292,0.494077834
Bihar,SAHARSA,2001,Kharif,Jute,33,221,6.696969697
Bihar,SAHARSA,2001,Kharif,Mesta,117,761,6.504273504
Bihar,SAHARSA,2001,Kharif,Ragi,2096,1958,0.934160305
Bihar,SAHARSA,2001,Kharif,Rice,7388,12350,1.67162967
Bihar,SAHARSA,2001,Kharif,Sesamum,5,3,0.6
Bihar,SAHARSA,2001,Kharif,Small millets,88,70,0.795454545
Bihar,SAHARSA,2001,Kharif,Sunflower,775,1127,1.454193548
Bihar,SAHARSA,2001,Kharif,Urad,2487,1413,0.568154403
Bihar,SAHARSA,2001,Rabi,Barley,93,117,1.258064516
Bihar,SAHARSA,2001,Rabi,Khesari,3100,2167,0.699032258
Bihar,SAHARSA,2001,Rabi,Linseed,710,526,0.74084507
Bihar,SAHARSA,2001,Rabi,Maize,7772,24124,3.103962944
Bihar,SAHARSA,2001,Rabi,Masoor,1409,1203,0.853797019
Bihar,SAHARSA,2001,Rabi,Peas & beans (Pulses),801,791,0.987515605
Bihar,SAHARSA,2001,Rabi,Rapeseed &Mustard,754,976,1.294429708
Bihar,SAHARSA,2001,Rabi,Safflower,3,2,0.666666667
Bihar,SAHARSA,2001,Rabi,Wheat,49963,94601,1.893421132
Bihar,SAHARSA,2001,Summer,Maize,12577,33349,2.651586229
Bihar,SAHARSA,2001,Summer,Rice,16831,16934,1.00611966
Bihar,SAHARSA,2001,Whole Year,Banana,42,1178,28.04761905
Bihar,SAHARSA,2001,Whole Year,Coriander,68,39,0.573529412
Bihar,SAHARSA,2001,Whole Year,Onion,189,2625,13.88888889
Bihar,SAHARSA,2001,Whole Year,Potato,946,12391,13.09830867
Bihar,SAHARSA,2001,Whole Year,Sugarcane,106,4911,46.33018868
Bihar,SAHARSA,2001,Whole Year,Sweet potato,36,284,7.888888889
Bihar,SAHARSA,2002,Autumn,Maize,6371,10944,1.717783707
Bihar,SAHARSA,2002,Autumn,Rice,23605,24062,1.019360305
Bihar,SAHARSA,2002,Kharif,Arhar/Tur,19,22,1.157894737
Bihar,SAHARSA,2002,Kharif,Horse-gram,512,408,0.796875
Bihar,SAHARSA,2002,Kharif,Jute,33,190,5.757575758
Bihar,SAHARSA,2002,Kharif,Mesta,160,1182,7.3875
Bihar,SAHARSA,2002,Kharif,Moong(Green Gram),10,5,0.5
Bihar,SAHARSA,2002,Kharif,Ragi,1296,889,0.68595679
Bihar,SAHARSA,2002,Kharif,Sesamum,55,38,0.690909091
Bihar,SAHARSA,2002,Kharif,Small millets,96,72,0.75
Bihar,SAHARSA,2002,Kharif,Sunflower,588,748,1.272108844
Bihar,SAHARSA,2002,Kharif,Urad,1397,1040,0.744452398
Bihar,SAHARSA,2002,Rabi,Barley,81,93,1.148148148
Bihar,SAHARSA,2002,Rabi,Gram,7,7,1
Bihar,SAHARSA,2002,Rabi,Khesari,2858,1340,0.468859342
Bihar,SAHARSA,2002,Rabi,Linseed,807,598,0.741016109
Bihar,SAHARSA,2002,Rabi,Maize,8554,56561,6.612228197
Bihar,SAHARSA,2002,Rabi,Masoor,1061,512,0.482563619
Bihar,SAHARSA,2002,Rabi,Peas & beans (Pulses),700,606,0.865714286
Bihar,SAHARSA,2002,Rabi,Rapeseed &Mustard,894,817,0.913870246
Bihar,SAHARSA,2002,Rabi,Wheat,50013,93821,1.875932258
Bihar,SAHARSA,2002,Summer,Maize,14029,35470,2.528334165
Bihar,SAHARSA,2002,Summer,Moong(Green Gram),23959,20725,0.865019408
Bihar,SAHARSA,2002,Summer,Rice,3875,5844,1.508129032
Bihar,SAHARSA,2002,Whole Year,Banana,52,1599,30.75
Bihar,SAHARSA,2002,Whole Year,Coriander,116,76,0.655172414
Bihar,SAHARSA,2002,Whole Year,Dry chillies,9,6,0.666666667
Bihar,SAHARSA,2002,Whole Year,Garlic,13,19,1.461538462
Bihar,SAHARSA,2002,Whole Year,Onion,140,1819,12.99285714
Bihar,SAHARSA,2002,Whole Year,Potato,1722,21386,12.41927991
Bihar,SAHARSA,2002,Whole Year,Sannhamp,113,80,0.707964602
Bihar,SAHARSA,2002,Whole Year,Sugarcane,134,5776,43.10447761
Bihar,SAHARSA,2002,Whole Year,Sweet potato,179,1575,8.798882682
Bihar,SAHARSA,2002,Whole Year,Turmeric,8,8,1
Bihar,SAHARSA,2002,Winter,Rice,67206,64183,0.955018897
Bihar,SAHARSA,2003,Autumn,Rice,19051,22362,1.173796651
Bihar,SAHARSA,2003,Kharif,Arhar/Tur,2,2,1
Bihar,SAHARSA,2003,Kharif,Horse-gram,393,290,0.737913486
Bihar,SAHARSA,2003,Kharif,Jute,57,586,10.28070175
Bihar,SAHARSA,2003,Kharif,Maize,5093,12338,2.422540742
Bihar,SAHARSA,2003,Kharif,Mesta,233,1951,8.373390558
Bihar,SAHARSA,2003,Kharif,Other Kharif pulses,12,7,0.583333333
Bihar,SAHARSA,2003,Kharif,Ragi,1001,973,0.972027972
Bihar,SAHARSA,2003,Kharif,Sesamum,79,59,0.746835443
Bihar,SAHARSA,2003,Kharif,Small millets,240,178,0.741666667
Bihar,SAHARSA,2003,Kharif,Sunflower,927,1273,1.373247033
Bihar,SAHARSA,2003,Kharif,Urad,1784,1327,0.743834081
Bihar,SAHARSA,2003,Rabi,Barley,24,27,1.125
Bihar,SAHARSA,2003,Rabi,Gram,7,7,1
Bihar,SAHARSA,2003,Rabi,Khesari,2457,1774,0.722018722
Bihar,SAHARSA,2003,Rabi,Linseed,937,735,0.784418356
Bihar,SAHARSA,2003,Rabi,Maize,9944,36196,3.63998391
Bihar,SAHARSA,2003,Rabi,Masoor,1142,794,0.695271454
Bihar,SAHARSA,2003,Rabi,Peas & beans (Pulses),838,783,0.934367542
Bihar,SAHARSA,2003,Rabi,Rapeseed &Mustard,912,507,0.555921053
Bihar,SAHARSA,2003,Rabi,Wheat,43708,79240,1.812940423
Bihar,SAHARSA,2003,Summer,Maize,13419,39285,2.927565392
Bihar,SAHARSA,2003,Summer,Moong(Green Gram),17796,4983,0.280006743
Bihar,SAHARSA,2003,Summer,Rice,2615,3809,1.456596558
Bihar,SAHARSA,2003,Whole Year,Banana,38,1062,27.94736842
Bihar,SAHARSA,2003,Whole Year,Coriander,136,94,0.691176471
Bihar,SAHARSA,2003,Whole Year,Dry chillies,12,9,0.75
Bihar,SAHARSA,2003,Whole Year,Garlic,23,34,1.47826087
Bihar,SAHARSA,2003,Whole Year,Onion,204,2173,10.65196078
Bihar,SAHARSA,2003,Whole Year,Potato,1420,16820,11.84507042
Bihar,SAHARSA,2003,Whole Year,Sannhamp,111,80,0.720720721
Bihar,SAHARSA,2003,Whole Year,Sugarcane,101,4120,40.79207921
Bihar,SAHARSA,2003,Whole Year,Sweet potato,111,1509,13.59459459
Bihar,SAHARSA,2003,Whole Year,Turmeric,12,12,1
Bihar,SAHARSA,2003,Winter,Rice,66477,81344,1.223641259
Bihar,SAHARSA,2004,Autumn,Rice,16959,14577,0.859543605
Bihar,SAHARSA,2004,Kharif,Arhar/Tur,1,1,1
Bihar,SAHARSA,2004,Kharif,Dry ginger,3,5,1.666666667
Bihar,SAHARSA,2004,Kharif,Horse-gram,565,457,0.808849558
Bihar,SAHARSA,2004,Kharif,Jute,53,416,7.849056604
Bihar,SAHARSA,2004,Kharif,Maize,5397,18828,3.48860478
Bihar,SAHARSA,2004,Kharif,Mesta,210,1675,7.976190476
Bihar,SAHARSA,2004,Kharif,Other Kharif pulses,68,34,0.5
Bihar,SAHARSA,2004,Kharif,Ragi,1120,833,0.74375
Bihar,SAHARSA,2004,Kharif,Sesamum,39,31,0.794871795
Bihar,SAHARSA,2004,Kharif,Small millets,97,73,0.75257732
Bihar,SAHARSA,2004,Kharif,Sunflower,396,575,1.452020202
Bihar,SAHARSA,2004,Kharif,Urad,2120,1579,0.744811321
Bihar,SAHARSA,2004,Rabi,Barley,7,7,1
Bihar,SAHARSA,2004,Rabi,Gram,6,5,0.833333333
Bihar,SAHARSA,2004,Rabi,Khesari,2412,1184,0.490878939
Bihar,SAHARSA,2004,Rabi,Linseed,673,567,0.842496285
Bihar,SAHARSA,2004,Rabi,Maize,9411,36853,3.915949421
Bihar,SAHARSA,2004,Rabi,Masoor,1369,561,0.409788167
Bihar,SAHARSA,2004,Rabi,Other  Rabi pulses,13,10,0.769230769
Bihar,SAHARSA,2004,Rabi,Peas & beans (Pulses),613,539,0.879282219
Bihar,SAHARSA,2004,Rabi,Rapeseed &Mustard,946,425,0.449260042
Bihar,SAHARSA,2004,Rabi,Wheat,44093,71703,1.626176491
Bihar,SAHARSA,2004,Summer,Maize,14222,38099,2.678877795
Bihar,SAHARSA,2004,Summer,Moong(Green Gram),21069,17234,0.817979021
Bihar,SAHARSA,2004,Summer,Rice,2658,4457,1.67682468
Bihar,SAHARSA,2004,Whole Year,Banana,11,408,37.09090909
Bihar,SAHARSA,2004,Whole Year,Coriander,108,71,0.657407407
Bihar,SAHARSA,2004,Whole Year,Dry chillies,4,3,0.75
Bihar,SAHARSA,2004,Whole Year,Dry ginger,3,5,1.666666667
Bihar,SAHARSA,2004,Whole Year,Garlic,37,55,1.486486486
Bihar,SAHARSA,2004,Whole Year,Onion,206,1555,7.548543689
Bihar,SAHARSA,2004,Whole Year,Potato,1477,11357,7.689234936
Bihar,SAHARSA,2004,Whole Year,Sannhamp,91,79,0.868131868
Bihar,SAHARSA,2004,Whole Year,Sugarcane,22,1056,48
Bihar,SAHARSA,2004,Whole Year,Sweet potato,48,491,10.22916667
Bihar,SAHARSA,2004,Whole Year,Turmeric,6,6,1
Bihar,SAHARSA,2004,Winter,Rice,59712,51359,0.86011187
Bihar,SAHARSA,2005,Autumn,Rice,18525,18464,0.996707152
Bihar,SAHARSA,2005,Kharif,Horse-gram,340,292,0.858823529
Bihar,SAHARSA,2005,Kharif,Jute,73,1394,19.09589041
Bihar,SAHARSA,2005,Kharif,Maize,3567,12891,3.613961312
Bihar,SAHARSA,2005,Kharif,Mesta,1709,29926,17.51082504
Bihar,SAHARSA,2005,Kharif,Other Kharif pulses,45,22,0.488888889
Bihar,SAHARSA,2005,Kharif,Ragi,1655,2322,1.403021148
Bihar,SAHARSA,2005,Kharif,Sesamum,3,2,0.666666667
Bihar,SAHARSA,2005,Kharif,Small millets,52,40,0.769230769
Bihar,SAHARSA,2005,Kharif,Sunflower,563,796,1.413854352
Bihar,SAHARSA,2005,Kharif,Urad,810,627,0.774074074
Bihar,SAHARSA,2005,Rabi,Barley,13,13,1
Bihar,SAHARSA,2005,Rabi,Gram,3,3,1
Bihar,SAHARSA,2005,Rabi,Khesari,2497,1206,0.482979575
Bihar,SAHARSA,2005,Rabi,Linseed,912,789,0.865131579
Bihar,SAHARSA,2005,Rabi,Maize,12100,39095,3.230991736
Bihar,SAHARSA,2005,Rabi,Masoor,1027,499,0.485881207
Bihar,SAHARSA,2005,Rabi,Peas & beans (Pulses),1080,994,0.92037037
Bihar,SAHARSA,2005,Rabi,Rapeseed &Mustard,1089,475,0.436179982
Bihar,SAHARSA,2005,Rabi,Wheat,42617,29229,0.685853063
Bihar,SAHARSA,2005,Summer,Maize,16024,51460,3.211432851
Bihar,SAHARSA,2005,Summer,Moong(Green Gram),18259,7979,0.436989978
Bihar,SAHARSA,2005,Summer,Rice,4100,6411,1.563658537
Bihar,SAHARSA,2005,Whole Year,Banana,11,382,34.72727273
Bihar,SAHARSA,2005,Whole Year,Coriander,101,87,0.861386139
Bihar,SAHARSA,2005,Whole Year,Dry chillies,1,1,1
Bihar,SAHARSA,2005,Whole Year,Garlic,11,16,1.454545455
Bihar,SAHARSA,2005,Whole Year,Onion,206,1281,6.218446602
Bihar,SAHARSA,2005,Whole Year,Potato,1341,16686,12.44295302
Bihar,SAHARSA,2005,Whole Year,Sannhamp,54,44,0.814814815
Bihar,SAHARSA,2005,Whole Year,Sugarcane,29,1291,44.51724138
Bihar,SAHARSA,2005,Whole Year,Sweet potato,85,1385,16.29411765
Bihar,SAHARSA,2005,Whole Year,Turmeric,1,1,1
Bihar,SAHARSA,2005,Winter,Rice,61613,66657,1.08186584
Bihar,SAHARSA,2006,Autumn,Rice,19854,18604,0.937040395
Bihar,SAHARSA,2006,Kharif,Jute,47,720,15.31914894
Bihar,SAHARSA,2006,Kharif,Maize,3995,11317,2.832790989
Bihar,SAHARSA,2006,Kharif,Mesta,131,1507,11.50381679
Bihar,SAHARSA,2006,Kharif,Ragi,1194,993,0.831658291
Bihar,SAHARSA,2006,Kharif,Sannhamp,42,35,0.833333333
Bihar,SAHARSA,2006,Kharif,Sesamum,17,13,0.764705882
Bihar,SAHARSA,2006,Kharif,Urad,66,53,0.803030303
Bihar,SAHARSA,2006,Rabi,Barley,3,3,1
Bihar,SAHARSA,2006,Rabi,Khesari,2491,1572,0.631071859
Bihar,SAHARSA,2006,Rabi,Linseed,841,714,0.848989298
Bihar,SAHARSA,2006,Rabi,Maize,10485,45390,4.329041488
Bihar,SAHARSA,2006,Rabi,Masoor,1027,545,0.53067186
Bihar,SAHARSA,2006,Rabi,Peas & beans (Pulses),844,785,0.930094787
Bihar,SAHARSA,2006,Rabi,Rapeseed &Mustard,982,1161,1.182281059
Bihar,SAHARSA,2006,Rabi,Sunflower,556,774,1.392086331
Bihar,SAHARSA,2006,Rabi,Wheat,42621,82012,1.924215762
Bihar,SAHARSA,2006,Summer,Maize,15999,53394,3.337333583
Bihar,SAHARSA,2006,Summer,Moong(Green Gram),18266,8786,0.481002956
Bihar,SAHARSA,2006,Summer,Rice,4280,5427,1.267990654
Bihar,SAHARSA,2006,Winter,Rice,63606,62401,0.981055246
Bihar,SAHARSA,2007,Autumn,Maize,5629,20334,3.612364541
Bihar,SAHARSA,2007,Autumn,Rice,18985,16090,0.847511193
Bihar,SAHARSA,2007,Kharif,Arhar/Tur,2,3,1.5
Bihar,SAHARSA,2007,Kharif,Bajra,5,4,0.8
Bihar,SAHARSA,2007,Kharif,Dry ginger,1,2,2
Bihar,SAHARSA,2007,Kharif,Jute,13,167,12.84615385
Bihar,SAHARSA,2007,Kharif,Mesta,98,1120,11.42857143
Bihar,SAHARSA,2007,Kharif,Ragi,990,760,0.767676768
Bihar,SAHARSA,2007,Kharif,Sannhamp,54,238.88,4.423703704
Bihar,SAHARSA,2007,Kharif,Sesamum,1,1,1
Bihar,SAHARSA,2007,Kharif,Urad,8,6,0.75
Bihar,SAHARSA,2007,Rabi,Khesari,1178,749,0.63582343
Bihar,SAHARSA,2007,Rabi,Linseed,600,495,0.825
Bihar,SAHARSA,2007,Rabi,Maize,9878,38099,3.856954849
Bihar,SAHARSA,2007,Rabi,Masoor,931,594,0.638023631
Bihar,SAHARSA,2007,Rabi,Peas & beans (Pulses),964,1038,1.076763485
Bihar,SAHARSA,2007,Rabi,Rapeseed &Mustard,986,551,0.558823529
Bihar,SAHARSA,2007,Rabi,Sunflower,293,416,1.419795222
Bihar,SAHARSA,2007,Rabi,Wheat,42814,84659,1.977367216
Bihar,SAHARSA,2007,Summer,Maize,17848,74364,4.166517257
Bihar,SAHARSA,2007,Summer,Moong(Green Gram),17547,9247,0.52698467
Bihar,SAHARSA,2007,Summer,Rice,3101,4497,1.450177362
Bihar,SAHARSA,2007,Whole Year,Banana,11,395,35.90909091
Bihar,SAHARSA,2007,Whole Year,Coriander,63,48,0.761904762
Bihar,SAHARSA,2007,Whole Year,Dry chillies,2,1,0.5
Bihar,SAHARSA,2007,Whole Year,Garlic,6,9,1.5
Bihar,SAHARSA,2007,Whole Year,Onion,82,539,6.573170732
Bihar,SAHARSA,2007,Whole Year,Potato,1275,17391,13.64
Bihar,SAHARSA,2007,Whole Year,Sugarcane,138,6291,45.58695652
Bihar,SAHARSA,2007,Whole Year,Sweet potato,11,145,13.18181818
Bihar,SAHARSA,2007,Whole Year,Turmeric,2,2,1
Bihar,SAHARSA,2007,Winter,Rice,59972,52795,0.880327486
Bihar,SAHARSA,2008,Autumn,Maize,4986,16045,3.218010429
Bihar,SAHARSA,2008,Autumn,Rice,17253,12597,0.73013389
Bihar,SAHARSA,2008,Kharif,Jowar,17,18,1.058823529
Bihar,SAHARSA,2008,Kharif,Jute,9,96,10.66666667
Bihar,SAHARSA,2008,Kharif,Mesta,33,352,10.66666667
Bihar,SAHARSA,2008,Kharif,Potato,423,3173,7.501182033
Bihar,SAHARSA,2008,Kharif,Ragi,729,499,0.684499314
Bihar,SAHARSA,2008,Kharif,Sannhamp,90,400,4.444444444
Bihar,SAHARSA,2008,Kharif,Sesamum,4,4,1
Bihar,SAHARSA,2008,Kharif,Small millets,51,40,0.784313725
Bihar,SAHARSA,2008,Kharif,Sweet potato,2,27,13.5
Bihar,SAHARSA,2008,Kharif,Urad,5,4,0.8
Bihar,SAHARSA,2008,Rabi,Khesari,1273,1213,0.952867243
Bihar,SAHARSA,2008,Rabi,Linseed,330,279,0.845454545
Bihar,SAHARSA,2008,Rabi,Maize,9439,35878,3.801038246
Bihar,SAHARSA,2008,Rabi,Masoor,1045,515,0.492822967
Bihar,SAHARSA,2008,Rabi,Peas & beans (Pulses),422,406,0.962085308
Bihar,SAHARSA,2008,Rabi,Potato,432,2303,5.331018519
Bihar,SAHARSA,2008,Rabi,Rapeseed &Mustard,1009,672,0.666005946
Bihar,SAHARSA,2008,Rabi,Sunflower,293,416,1.419795222
Bihar,SAHARSA,2008,Rabi,Wheat,41008,70401,1.716762583
Bihar,SAHARSA,2008,Summer,Maize,17785,58798,3.306044419
Bihar,SAHARSA,2008,Summer,Moong(Green Gram),17937,11408,0.636003791
Bihar,SAHARSA,2008,Summer,Rice,3290,3982,1.210334347
Bihar,SAHARSA,2008,Whole Year,Dry chillies,31,44,1.419354839
Bihar,SAHARSA,2008,Whole Year,Sugarcane,21,923,43.95238095
Bihar,SAHARSA,2008,Winter,Rice,57118,54784,0.959137225
Bihar,SAHARSA,2009,Autumn,Maize,9288,24368,2.623600345
Bihar,SAHARSA,2009,Autumn,Rice,24659,26306,1.06679103
Bihar,SAHARSA,2009,Kharif,Arhar/Tur,8,11,1.375
Bihar,SAHARSA,2009,Kharif,Horse-gram,643,619,0.962674961
Bihar,SAHARSA,2009,Kharif,Jute,9,103,11.44444444
Bihar,SAHARSA,2009,Kharif,Mesta,186,1452,7.806451613
Bihar,SAHARSA,2009,Kharif,Ragi,882,1021,1.157596372
Bihar,SAHARSA,2009,Kharif,Sannhamp,106,86,0.811320755
Bihar,SAHARSA,2009,Kharif,Urad,97,96,0.989690722
Bihar,SAHARSA,2009,Rabi,Khesari,1073,651,0.606710158
Bihar,SAHARSA,2009,Rabi,Linseed,355,300,0.845070423
Bihar,SAHARSA,2009,Rabi,Maize,11220,32134,2.86399287
Bihar,SAHARSA,2009,Rabi,Masoor,844,407,0.482227488
Bihar,SAHARSA,2009,Rabi,Peas & beans (Pulses),433,433,1
Bihar,SAHARSA,2009,Rabi,Rapeseed &Mustard,932,906,0.972103004
Bihar,SAHARSA,2009,Rabi,Sunflower,34,48,1.411764706
Bihar,SAHARSA,2009,Rabi,Wheat,38927,79795,2.049862563
Bihar,SAHARSA,2009,Summer,Maize,18035,62854,3.485112282
Bihar,SAHARSA,2009,Summer,Moong(Green Gram),14608,5624,0.384994524
Bihar,SAHARSA,2009,Summer,Rice,5346,6997,1.308829031
Bihar,SAHARSA,2009,Whole Year,Sugarcane,6,288,48
Bihar,SAHARSA,2009,Winter,Rice,63436,79929,1.259994325
Bihar,SAHARSA,2010,Autumn,Maize,9710,34346,3.537178167
Bihar,SAHARSA,2010,Autumn,Rice,21563,28162,1.306033483
Bihar,SAHARSA,2010,Kharif,Arhar/Tur,63,97,1.53968254
Bihar,SAHARSA,2010,Kharif,Horse-gram,655,618,0.94351145
Bihar,SAHARSA,2010,Kharif,Jute,44,555,12.61363636
Bihar,SAHARSA,2010,Kharif,Mesta,365,3934,10.77808219
Bihar,SAHARSA,2010,Kharif,Ragi,874,852,0.974828375
Bihar,SAHARSA,2010,Kharif,Safflower,5,4,0.8
Bihar,SAHARSA,2010,Kharif,Sesamum,11,9,0.818181818
Bihar,SAHARSA,2010,Kharif,Urad,3,3,1
Bihar,SAHARSA,2010,Rabi,Khesari,405,138,0.340740741
Bihar,SAHARSA,2010,Rabi,Linseed,207,169,0.816425121
Bihar,SAHARSA,2010,Rabi,Maize,13183,63595,4.824015778
Bihar,SAHARSA,2010,Rabi,Masoor,421,206,0.489311164
Bihar,SAHARSA,2010,Rabi,Other  Rabi pulses,16,12,0.75
Bihar,SAHARSA,2010,Rabi,Peas & beans (Pulses),249,258,1.036144578
Bihar,SAHARSA,2010,Rabi,Rapeseed &Mustard,1102,755,0.685117967
Bihar,SAHARSA,2010,Rabi,Sunflower,101,145,1.435643564
Bihar,SAHARSA,2010,Rabi,Wheat,44179,101694,2.301862876
Bihar,SAHARSA,2010,Summer,Maize,23196,148595,6.40606139
Bihar,SAHARSA,2010,Summer,Moong(Green Gram),14649,9302,0.63499215
Bihar,SAHARSA,2010,Summer,Rice,2615,4710,1.801147228
Bihar,SAHARSA,2010,Whole Year,Sugarcane,4,201,50.25
Bihar,SAHARSA,2010,Winter,Rice,68140,67724,0.993894922
Bihar,SAHARSA,2011,Autumn,Maize,7740,33584,4.339018088
Bihar,SAHARSA,2011,Autumn,Rice,26055,44660,1.714066398
Bihar,SAHARSA,2011,Kharif,Arhar/Tur,68,129,1.897058824
Bihar,SAHARSA,2011,Kharif,Horse-gram,663,631,0.95173454
Bihar,SAHARSA,2011,Kharif,Jowar,17,18,1.058823529
Bihar,SAHARSA,2011,Kharif,Jute,5,75,15
Bihar,SAHARSA,2011,Kharif,Mesta,80,1053,13.1625
Bihar,SAHARSA,2011,Kharif,Ragi,546,443,0.811355311
Bihar,SAHARSA,2011,Kharif,Sesamum,18,16,0.888888889
Bihar,SAHARSA,2011,Kharif,Urad,4,4,1
Bihar,SAHARSA,2011,Rabi,Khesari,420,248,0.59047619
Bihar,SAHARSA,2011,Rabi,Linseed,297,257,0.865319865
Bihar,SAHARSA,2011,Rabi,Maize,11281,84709,7.508997429
Bihar,SAHARSA,2011,Rabi,Masoor,382,262,0.685863874
Bihar,SAHARSA,2011,Rabi,Peas & beans (Pulses),368,379,1.029891304
Bihar,SAHARSA,2011,Rabi,Rapeseed &Mustard,1014,1399,1.379684418
Bihar,SAHARSA,2011,Rabi,Sunflower,89,130,1.460674157
Bihar,SAHARSA,2011,Rabi,Wheat,48471,148816,3.070206928
Bihar,SAHARSA,2011,Summer,Maize,23290,122736,5.269901245
Bihar,SAHARSA,2011,Summer,Moong(Green Gram),14629,9509,0.650010254
Bihar,SAHARSA,2011,Summer,Rice,2654,5187,1.95440844
Bihar,SAHARSA,2011,Winter,Rice,69733,140957,2.021381555
Bihar,SAHARSA,2012,Autumn,Maize,10096,52632,5.213153724
Bihar,SAHARSA,2012,Autumn,Rice,22565,19541,0.865987148
Bihar,SAHARSA,2012,Kharif,Horse-gram,353,342,0.968838527
Bihar,SAHARSA,2012,Kharif,Jute,51,150,2.941176471
Bihar,SAHARSA,2012,Kharif,Moong(Green Gram),8,5,0.625
Bihar,SAHARSA,2012,Kharif,Ragi,735,526,0.715646259
Bihar,SAHARSA,2012,Kharif,Sannhamp,68,54,0.794117647
Bihar,SAHARSA,2012,Kharif,Sesamum,2,2,1
Bihar,SAHARSA,2012,Kharif,Urad,3,3,1
Bihar,SAHARSA,2012,Rabi,Khesari,108,73,0.675925926
Bihar,SAHARSA,2012,Rabi,Linseed,87,75,0.862068966
Bihar,SAHARSA,2012,Rabi,Maize,12473,40699,3.262968011
Bihar,SAHARSA,2012,Rabi,Masoor,657,188,0.286149163
Bihar,SAHARSA,2012,Rabi,Peas & beans (Pulses),153,159,1.039215686
Bihar,SAHARSA,2012,Rabi,Rapeseed &Mustard,1420,1092,0.769014085
Bihar,SAHARSA,2012,Rabi,Sunflower,23,33,1.434782609
Bihar,SAHARSA,2012,Rabi,Wheat,45443,111396,2.451334639
Bihar,SAHARSA,2012,Summer,Maize,21637,141502,6.539816056
Bihar,SAHARSA,2012,Summer,Moong(Green Gram),13665,5124,0.374972558
Bihar,SAHARSA,2012,Summer,Rice,2182,3887,1.781393217
Bihar,SAHARSA,2012,Whole Year,Sugarcane,229,12471,54.45851528
Bihar,SAHARSA,2012,Winter,Rice,75385,168440,2.234396763
Bihar,SAHARSA,2013,Autumn,Maize,9490,45930,4.839831401
Bihar,SAHARSA,2013,Autumn,Rice,21084,35767,1.696404857
Bihar,SAHARSA,2013,Kharif,Horse-gram,364,347,0.953296703
Bihar,SAHARSA,2013,Kharif,Jute,52,723,13.90384615
Bihar,SAHARSA,2013,Kharif,Moong(Green Gram),8,7,0.875
Bihar,SAHARSA,2013,Kharif,Ragi,560,455,0.8125
Bihar,SAHARSA,2013,Kharif,Sannhamp,65,52,0.8
Bihar,SAHARSA,2013,Kharif,Sesamum,5,4,0.8
Bihar,SAHARSA,2013,Kharif,Urad,5,5,1
Bihar,SAHARSA,2013,Rabi,Linseed,96,82,0.854166667
Bihar,SAHARSA,2013,Rabi,Maize,11818,68592,5.804027754
Bihar,SAHARSA,2013,Rabi,Masoor,450,302,0.671111111
Bihar,SAHARSA,2013,Rabi,Peas & beans (Pulses),169,179,1.059171598
Bihar,SAHARSA,2013,Rabi,Rapeseed &Mustard,1069,1682,1.573433115
Bihar,SAHARSA,2013,Rabi,Sunflower,164,236,1.43902439
Bihar,SAHARSA,2013,Rabi,Wheat,42972,117765,2.740505445
Bihar,SAHARSA,2013,Summer,Maize,19351,103034,5.324479355
Bihar,SAHARSA,2013,Summer,Moong(Green Gram),14404,7980,0.554012774
Bihar,SAHARSA,2013,Summer,Rice,2303,5164,2.242292662
Bihar,SAHARSA,2013,Whole Year,Sugarcane,168,8404,50.02380952
Bihar,SAHARSA,2013,Winter,Rice,74061,107811,1.455705432
Bihar,SAHARSA,2014,Autumn,Maize,1173,5217,4.447570332
Bihar,SAHARSA,2014,Autumn,Rice,22635,34881,1.541020543
Bihar,SAHARSA,2014,Kharif,Horse-gram,283,271,0.957597173
Bihar,SAHARSA,2014,Kharif,Jute,2,27,13.5
Bihar,SAHARSA,2014,Kharif,Mesta,82,1133,13.81707317
Bihar,SAHARSA,2014,Kharif,Moong(Green Gram),21,9,0.428571429
Bihar,SAHARSA,2014,Kharif,Ragi,253,501,1.980237154
Bihar,SAHARSA,2014,Kharif,Sannhamp,7,6,0.857142857
Bihar,SAHARSA,2014,Kharif,Sesamum,2,2,1
Bihar,SAHARSA,2014,Rabi,Barley,70,78,1.114285714
Bihar,SAHARSA,2014,Rabi,Khesari,125,83,0.664
Bihar,SAHARSA,2014,Rabi,Linseed,205,177,0.863414634
Bihar,SAHARSA,2014,Rabi,Maize,11939,50574,4.236033169
Bihar,SAHARSA,2014,Rabi,Masoor,547,276,0.504570384
Bihar,SAHARSA,2014,Rabi,Peas & beans (Pulses),194,196,1.010309278
Bihar,SAHARSA,2014,Rabi,Rapeseed &Mustard,1484,1920,1.293800539
Bihar,SAHARSA,2014,Rabi,Sunflower,68,97,1.426470588
Bihar,SAHARSA,2014,Rabi,Wheat,50216,110990,2.210251713
Bihar,SAHARSA,2014,Summer,Maize,15128,72319,4.780473295
Bihar,SAHARSA,2014,Summer,Moong(Green Gram),19277,4954,0.256990196
Bihar,SAHARSA,2014,Summer,Rice,816,1055,1.292892157
Bihar,SAHARSA,2014,Whole Year,Sugarcane,68,4240,62.35294118
Bihar,SAHARSA,2014,Winter,Rice,66869,130436,1.950619869
Bihar,SAMASTIPUR,1997,Autumn,Rice,30879,41438,1.341947602
Bihar,SAMASTIPUR,1997,Kharif,Arhar/Tur,1970,1515,0.769035533
Bihar,SAMASTIPUR,1997,Kharif,Castor seed,22,17,0.772727273
Bihar,SAMASTIPUR,1997,Kharif,Dry ginger,11,8,0.727272727
Bihar,SAMASTIPUR,1997,Kharif,Jute,65,585,9
Bihar,SAMASTIPUR,1997,Kharif,Maize,18103,21621,1.194332431
Bihar,SAMASTIPUR,1997,Kharif,Mesta,1182,6547,5.53891709
Bihar,SAMASTIPUR,1997,Kharif,Other Kharif pulses,169,99,0.585798817
Bihar,SAMASTIPUR,1997,Kharif,Sesamum,344,317,0.921511628
Bihar,SAMASTIPUR,1997,Kharif,Small millets,216,99,0.458333333
Bihar,SAMASTIPUR,1997,Rabi,Barley,162,167,1.030864198
Bihar,SAMASTIPUR,1997,Rabi,Gram,3224,2389,0.741004963
Bihar,SAMASTIPUR,1997,Rabi,Linseed,404,150,0.371287129
Bihar,SAMASTIPUR,1997,Rabi,Maize,23115,80741,3.493013195
Bihar,SAMASTIPUR,1997,Rabi,Other  Rabi pulses,152,81,0.532894737
Bihar,SAMASTIPUR,1997,Rabi,Rapeseed &Mustard,5637,5113,0.907042753
Bihar,SAMASTIPUR,1997,Rabi,Safflower,69,43,0.623188406
Bihar,SAMASTIPUR,1997,Rabi,Sunflower,249,152,0.610441767
Bihar,SAMASTIPUR,1997,Rabi,Tobacco,7383,5301,0.718000813
Bihar,SAMASTIPUR,1997,Rabi,Wheat,49883,102673,2.058276367
Bihar,SAMASTIPUR,1997,Summer,Maize,4842,9007,1.860181743
Bihar,SAMASTIPUR,1997,Summer,Rice,1178,2021,1.715619694
Bihar,SAMASTIPUR,1997,Whole Year,Banana,1273,993,0.780047133
Bihar,SAMASTIPUR,1997,Whole Year,Coriander,118,43,0.36440678
Bihar,SAMASTIPUR,1997,Whole Year,Dry chillies,270,181,0.67037037
Bihar,SAMASTIPUR,1997,Whole Year,Garlic,320,427,1.334375
Bihar,SAMASTIPUR,1997,Whole Year,Onion,172,1312,7.627906977
Bihar,SAMASTIPUR,1997,Whole Year,Potato,7946,97001,12.2075258
Bihar,SAMASTIPUR,1997,Whole Year,Ragi,878,1064,1.211845103
Bihar,SAMASTIPUR,1997,Whole Year,Sannhamp,17,18,1.058823529
Bihar,SAMASTIPUR,1997,Whole Year,Sugarcane,3399,135273,39.79788173
Bihar,SAMASTIPUR,1997,Whole Year,Sweet potato,548,6771,12.35583942
Bihar,SAMASTIPUR,1997,Whole Year,Turmeric,1046,1033,0.987571702
Bihar,SAMASTIPUR,1997,Winter,Rice,55892,66154,1.183604094
Bihar,SAMASTIPUR,1998,Kharif,Arhar/Tur,2100,2421,1.152857143
Bihar,SAMASTIPUR,1998,Kharif,Blackgram,1255,891,0.709960159
Bihar,SAMASTIPUR,1998,Kharif,Castor seed,167,139,0.832335329
Bihar,SAMASTIPUR,1998,Kharif,Jute,73,347,4.753424658
Bihar,SAMASTIPUR,1998,Kharif,Maize,16592,25239,1.521154773
Bihar,SAMASTIPUR,1998,Kharif,Mesta,1193,6064,5.082984074
Bihar,SAMASTIPUR,1998,Kharif,Niger seed,14,9,0.642857143
Bihar,SAMASTIPUR,1998,Kharif,Other Kharif pulses,2013,1453,0.721808246
Bihar,SAMASTIPUR,1998,Kharif,Ragi,1015,937,0.923152709
Bihar,SAMASTIPUR,1998,Kharif,Sesamum,445,451,1.013483146
Bihar,SAMASTIPUR,1998,Kharif,Small millets,187,143,0.764705882
Bihar,SAMASTIPUR,1998,Kharif,Sunflower,354,217,0.61299435
Bihar,SAMASTIPUR,1998,Rabi,Barley,148,171,1.155405405
Bihar,SAMASTIPUR,1998,Rabi,Gram,3228,3622,1.122057001
Bihar,SAMASTIPUR,1998,Rabi,Linseed,389,323,0.83033419
Bihar,SAMASTIPUR,1998,Rabi,Maize,25204,99682,3.955007142
Bihar,SAMASTIPUR,1998,Rabi,Other  Rabi pulses,14287,8095,0.566599006
Bihar,SAMASTIPUR,1998,Rabi,Rapeseed &Mustard,5822,5207,0.894366197
Bihar,SAMASTIPUR,1998,Rabi,Safflower,13,7,0.538461538
Bihar,SAMASTIPUR,1998,Rabi,Wheat,51874,108796,2.097312719
Bihar,SAMASTIPUR,1998,Summer,Maize,5243,8340,1.590692352
Bihar,SAMASTIPUR,1998,Summer,Rice,2188,2574,1.176416819
Bihar,SAMASTIPUR,1998,Whole Year,Banana,1609,13435,8.349906774
Bihar,SAMASTIPUR,1998,Whole Year,Coriander,138,84,0.608695652
Bihar,SAMASTIPUR,1998,Whole Year,Dry chillies,327,239,0.73088685
Bihar,SAMASTIPUR,1998,Whole Year,Dry ginger,6,8,1.333333333
Bihar,SAMASTIPUR,1998,Whole Year,Garlic,239,347,1.451882845
Bihar,SAMASTIPUR,1998,Whole Year,Onion,634,7887,12.44006309
Bihar,SAMASTIPUR,1998,Whole Year,Potato,9689,123677,12.7646816
Bihar,SAMASTIPUR,1998,Whole Year,Sannhamp,65,56,0.861538462
Bihar,SAMASTIPUR,1998,Whole Year,Sugarcane,2914,78806,27.04392588
Bihar,SAMASTIPUR,1998,Whole Year,Sweet potato,691,7470,10.81041968
Bihar,SAMASTIPUR,1998,Whole Year,Tobacco,7506,5727,0.762989608
Bihar,SAMASTIPUR,1998,Whole Year,Turmeric,1292,1276,0.987616099
Bihar,SAMASTIPUR,1998,Winter,Rice,56336,53033,0.941369639
Bihar,SAMASTIPUR,1999,Kharif,Arhar/Tur,2658,2926,1.10082769
Bihar,SAMASTIPUR,1999,Kharif,Dry ginger,9,13,1.444444444
Bihar,SAMASTIPUR,1999,Kharif,Horse-gram,93,51,0.548387097
Bihar,SAMASTIPUR,1999,Kharif,Jowar,79,96,1.215189873
Bihar,SAMASTIPUR,1999,Kharif,Maize,16065,33315,2.073762838
Bihar,SAMASTIPUR,1999,Kharif,Mesta,1164,5678,4.878006873
Bihar,SAMASTIPUR,1999,Kharif,Moong(Green Gram),46,28,0.608695652
Bihar,SAMASTIPUR,1999,Kharif,Ragi,318,225,0.70754717
Bihar,SAMASTIPUR,1999,Kharif,Rice,31846,40533,1.272781511
Bihar,SAMASTIPUR,1999,Kharif,Sesamum,411,254,0.618004866
Bihar,SAMASTIPUR,1999,Kharif,Sunflower,186,154,0.827956989
Bihar,SAMASTIPUR,1999,Kharif,Urad,1287,629,0.488733489
Bihar,SAMASTIPUR,1999,Rabi,Gram,312,345,1.105769231
Bihar,SAMASTIPUR,1999,Rabi,Khesari,404,225,0.556930693
Bihar,SAMASTIPUR,1999,Rabi,Linseed,987,554,0.561296859
Bihar,SAMASTIPUR,1999,Rabi,Maize,24693,75437,3.054995343
Bihar,SAMASTIPUR,1999,Rabi,Masoor,933,638,0.683815648
Bihar,SAMASTIPUR,1999,Rabi,Moong(Green Gram),11805,4026,0.341041931
Bihar,SAMASTIPUR,1999,Rabi,Other  Rabi pulses,116,94,0.810344828
Bihar,SAMASTIPUR,1999,Rabi,Peas & beans (Pulses),270,199,0.737037037
Bihar,SAMASTIPUR,1999,Rabi,Rapeseed &Mustard,5590,5092,0.910912343
Bihar,SAMASTIPUR,1999,Rabi,Safflower,228,128,0.561403509
Bihar,SAMASTIPUR,1999,Rabi,Wheat,53573,108325,2.022007354
Bihar,SAMASTIPUR,1999,Summer,Maize,5637,13426,2.381763349
Bihar,SAMASTIPUR,1999,Summer,Rice,1820,2589,1.422527473
Bihar,SAMASTIPUR,1999,Whole Year,Banana,1531,18433,12.03984324
Bihar,SAMASTIPUR,1999,Whole Year,Coriander,146,58,0.397260274
Bihar,SAMASTIPUR,1999,Whole Year,Dry chillies,425,570,1.341176471
Bihar,SAMASTIPUR,1999,Whole Year,Garlic,185,263,1.421621622
Bihar,SAMASTIPUR,1999,Whole Year,Onion,444,4169,9.38963964
Bihar,SAMASTIPUR,1999,Whole Year,Potato,11550,139349,12.06484848
Bihar,SAMASTIPUR,1999,Whole Year,Sugarcane,2974,115903,38.97209146
Bihar,SAMASTIPUR,1999,Whole Year,Sweet potato,494,6213,12.57692308
Bihar,SAMASTIPUR,1999,Whole Year,Tobacco,7514,7611,1.012909236
Bihar,SAMASTIPUR,1999,Whole Year,Turmeric,1514,1452,0.959048877
Bihar,SAMASTIPUR,2000,Autumn,Rice,53701,57594,1.072493995
Bihar,SAMASTIPUR,2000,Kharif,Arhar/Tur,2396,3695,1.542153589
Bihar,SAMASTIPUR,2000,Kharif,Dry ginger,35,35,1
Bihar,SAMASTIPUR,2000,Kharif,Horse-gram,65,56,0.861538462
Bihar,SAMASTIPUR,2000,Kharif,Jute,32,268,8.375
Bihar,SAMASTIPUR,2000,Kharif,Maize,16844,28958,1.719187841
Bihar,SAMASTIPUR,2000,Kharif,Mesta,1028,4432,4.311284047
Bihar,SAMASTIPUR,2000,Kharif,Moong(Green Gram),114,78,0.684210526
Bihar,SAMASTIPUR,2000,Kharif,Other Kharif pulses,222,163,0.734234234
Bihar,SAMASTIPUR,2000,Kharif,Ragi,129,144,1.11627907
Bihar,SAMASTIPUR,2000,Kharif,Rice,32802,35235,1.074172307
Bihar,SAMASTIPUR,2000,Kharif,Sesamum,494,269,0.544534413
Bihar,SAMASTIPUR,2000,Kharif,Small millets,8,7,0.875
Bihar,SAMASTIPUR,2000,Kharif,Sunflower,52,35,0.673076923
Bihar,SAMASTIPUR,2000,Kharif,Urad,1388,977,0.70389049
Bihar,SAMASTIPUR,2000,Rabi,Barley,96,113,1.177083333
Bihar,SAMASTIPUR,2000,Rabi,Gram,225,141,0.626666667
Bihar,SAMASTIPUR,2000,Rabi,Khesari,754,647,0.858090186
Bihar,SAMASTIPUR,2000,Rabi,Linseed,261,119,0.455938697
Bihar,SAMASTIPUR,2000,Rabi,Maize,24329,54181,2.22701303
Bihar,SAMASTIPUR,2000,Rabi,Masoor,1629,1463,0.898096992
Bihar,SAMASTIPUR,2000,Rabi,Moong(Green Gram),11879,6189,0.521003451
Bihar,SAMASTIPUR,2000,Rabi,Other  Rabi pulses,120,68,0.566666667
Bihar,SAMASTIPUR,2000,Rabi,Peas & beans (Pulses),317,306,0.965299685
Bihar,SAMASTIPUR,2000,Rabi,Rapeseed &Mustard,6088,8310,1.364980289
Bihar,SAMASTIPUR,2000,Rabi,Wheat,55149,122104,2.214074598
Bihar,SAMASTIPUR,2000,Summer,Maize,5840,17536,3.002739726
Bihar,SAMASTIPUR,2000,Summer,Rice,1349,1512,1.120830245
Bihar,SAMASTIPUR,2000,Whole Year,Banana,1652,15843,9.590193705
Bihar,SAMASTIPUR,2000,Whole Year,Coriander,187,72,0.385026738
Bihar,SAMASTIPUR,2000,Whole Year,Dry chillies,428,449,1.049065421
Bihar,SAMASTIPUR,2000,Whole Year,Garlic,273,408,1.494505495
Bihar,SAMASTIPUR,2000,Whole Year,Onion,490,8408,17.15918367
Bihar,SAMASTIPUR,2000,Whole Year,Potato,11460,117601,10.26186736
Bihar,SAMASTIPUR,2000,Whole Year,Sugarcane,3454,133228,38.57209033
Bihar,SAMASTIPUR,2000,Whole Year,Sweet potato,717,15002,20.92329149
Bihar,SAMASTIPUR,2000,Whole Year,Tobacco,5927,6893,1.162982959
Bihar,SAMASTIPUR,2000,Whole Year,Turmeric,1825,1692,0.927123288
Bihar,SAMASTIPUR,2001,Autumn,Maize,14857,25279,1.701487514
Bihar,SAMASTIPUR,2001,Autumn,Rice,51940,55261,1.063939161
Bihar,SAMASTIPUR,2001,Kharif,Arhar/Tur,2484,3199,1.28784219
Bihar,SAMASTIPUR,2001,Kharif,Dry ginger,18,17,0.944444444
Bihar,SAMASTIPUR,2001,Kharif,Jowar,7,4,0.571428571
Bihar,SAMASTIPUR,2001,Kharif,Jute,10,67,6.7
Bihar,SAMASTIPUR,2001,Kharif,Mesta,872,5668,6.5
Bihar,SAMASTIPUR,2001,Kharif,Moong(Green Gram),20,9,0.45
Bihar,SAMASTIPUR,2001,Kharif,Other Kharif pulses,3,2,0.666666667
Bihar,SAMASTIPUR,2001,Kharif,Rice,1273,1651,1.296936371
Bihar,SAMASTIPUR,2001,Kharif,Sesamum,418,218,0.5215311
Bihar,SAMASTIPUR,2001,Kharif,Small millets,59,47,0.796610169
Bihar,SAMASTIPUR,2001,Kharif,Sunflower,149,166,1.11409396
Bihar,SAMASTIPUR,2001,Kharif,Urad,1550,1187,0.765806452
Bihar,SAMASTIPUR,2001,Rabi,Barley,72,90,1.25
Bihar,SAMASTIPUR,2001,Rabi,Gram,127,69,0.543307087
Bihar,SAMASTIPUR,2001,Rabi,Khesari,598,312,0.52173913
Bihar,SAMASTIPUR,2001,Rabi,Linseed,245,115,0.469387755
Bihar,SAMASTIPUR,2001,Rabi,Maize,25156,65884,2.619017332
Bihar,SAMASTIPUR,2001,Rabi,Masoor,1502,1041,0.693075899
Bihar,SAMASTIPUR,2001,Rabi,Other  Rabi pulses,118,82,0.694915254
Bihar,SAMASTIPUR,2001,Rabi,Peas & beans (Pulses),238,200,0.840336134
Bihar,SAMASTIPUR,2001,Rabi,Rapeseed &Mustard,6497,7186,1.106048946
Bihar,SAMASTIPUR,2001,Rabi,Safflower,17,7,0.411764706
Bihar,SAMASTIPUR,2001,Rabi,Wheat,54766,122758,2.241500201
Bihar,SAMASTIPUR,2001,Summer,Maize,5851,11685,1.997094514
Bihar,SAMASTIPUR,2001,Summer,Rice,31385,33879,1.079464712
Bihar,SAMASTIPUR,2001,Whole Year,Banana,1682,13708,8.149821641
Bihar,SAMASTIPUR,2001,Whole Year,Coriander,102,62,0.607843137
Bihar,SAMASTIPUR,2001,Whole Year,Dry chillies,340,218,0.641176471
Bihar,SAMASTIPUR,2001,Whole Year,Garlic,298,438,1.469798658
Bihar,SAMASTIPUR,2001,Whole Year,Onion,923,5566,6.030335861
Bihar,SAMASTIPUR,2001,Whole Year,Potato,10344,95823,9.26363109
Bihar,SAMASTIPUR,2001,Whole Year,Sugarcane,2455,87575,35.67209776
Bihar,SAMASTIPUR,2001,Whole Year,Sweet potato,623,12991,20.85232745
Bihar,SAMASTIPUR,2001,Whole Year,Tobacco,6181,6793,1.099013105
Bihar,SAMASTIPUR,2001,Whole Year,Turmeric,1614,1549,0.959727385
Bihar,SAMASTIPUR,2002,Autumn,Maize,14628,19305,1.319729286
Bihar,SAMASTIPUR,2002,Autumn,Rice,31792,21335,0.671080775
Bihar,SAMASTIPUR,2002,Kharif,Arhar/Tur,2111,2333,1.10516343
Bihar,SAMASTIPUR,2002,Kharif,Castor seed,27,26,0.962962963
Bihar,SAMASTIPUR,2002,Kharif,Horse-gram,4,3,0.75
Bihar,SAMASTIPUR,2002,Kharif,Mesta,846,5565,6.578014184
Bihar,SAMASTIPUR,2002,Kharif,Moong(Green Gram),42,23,0.547619048
Bihar,SAMASTIPUR,2002,Kharif,Sesamum,569,363,0.637961336
Bihar,SAMASTIPUR,2002,Kharif,Sunflower,29,29,1
Bihar,SAMASTIPUR,2002,Kharif,Urad,1255,891,0.709960159
Bihar,SAMASTIPUR,2002,Rabi,Barley,109,126,1.155963303
Bihar,SAMASTIPUR,2002,Rabi,Gram,151,79,0.523178808
Bihar,SAMASTIPUR,2002,Rabi,Khesari,654,379,0.579510703
Bihar,SAMASTIPUR,2002,Rabi,Linseed,282,169,0.59929078
Bihar,SAMASTIPUR,2002,Rabi,Maize,23642,73077,3.09098215
Bihar,SAMASTIPUR,2002,Rabi,Masoor,1488,1161,0.780241935
Bihar,SAMASTIPUR,2002,Rabi,Other  Rabi pulses,107,76,0.710280374
Bihar,SAMASTIPUR,2002,Rabi,Peas & beans (Pulses),254,229,0.901574803
Bihar,SAMASTIPUR,2002,Rabi,Rapeseed &Mustard,6146,5355,0.871298405
Bihar,SAMASTIPUR,2002,Rabi,Wheat,52095,87958,1.688415395
Bihar,SAMASTIPUR,2002,Summer,Maize,5141,11890,2.312779615
Bihar,SAMASTIPUR,2002,Summer,Moong(Green Gram),11204,4549,0.406015709
Bihar,SAMASTIPUR,2002,Summer,Rice,1490,2172,1.457718121
Bihar,SAMASTIPUR,2002,Whole Year,Banana,1635,32275,19.74006116
Bihar,SAMASTIPUR,2002,Whole Year,Coriander,151,101,0.668874172
Bihar,SAMASTIPUR,2002,Whole Year,Dry chillies,266,170,0.639097744
Bihar,SAMASTIPUR,2002,Whole Year,Dry ginger,4,6,1.5
Bihar,SAMASTIPUR,2002,Whole Year,Garlic,268,396,1.47761194
Bihar,SAMASTIPUR,2002,Whole Year,Onion,815,7490,9.190184049
Bihar,SAMASTIPUR,2002,Whole Year,Potato,13366,114080,8.535089032
Bihar,SAMASTIPUR,2002,Whole Year,Sannhamp,14,11,0.785714286
Bihar,SAMASTIPUR,2002,Whole Year,Sugarcane,2674,107459,40.18661182
Bihar,SAMASTIPUR,2002,Whole Year,Sweet potato,652,14980,22.97546012
Bihar,SAMASTIPUR,2002,Whole Year,Tobacco,7104,7985,1.12401464
Bihar,SAMASTIPUR,2002,Whole Year,Turmeric,1666,1646,0.987995198
Bihar,SAMASTIPUR,2002,Winter,Rice,51695,43373,0.839017313
Bihar,SAMASTIPUR,2003,Autumn,Rice,31888,34327,1.076486453
Bihar,SAMASTIPUR,2003,Kharif,Arhar/Tur,2034,1229,0.604228122
Bihar,SAMASTIPUR,2003,Kharif,Castor seed,29,29,1
Bihar,SAMASTIPUR,2003,Kharif,Dry ginger,4,4,1
Bihar,SAMASTIPUR,2003,Kharif,Horse-gram,4,3,0.75
Bihar,SAMASTIPUR,2003,Kharif,Maize,7196,9743,1.353946637
Bihar,SAMASTIPUR,2003,Kharif,Mesta,788,4203,5.333756345
Bihar,SAMASTIPUR,2003,Kharif,Moong(Green Gram),43,21,0.488372093
Bihar,SAMASTIPUR,2003,Kharif,Sesamum,557,351,0.63016158
Bihar,SAMASTIPUR,2003,Kharif,Sunflower,33,33,1
Bihar,SAMASTIPUR,2003,Kharif,Urad,1219,883,0.724364233
Bihar,SAMASTIPUR,2003,Rabi,Barley,113,126,1.115044248
Bihar,SAMASTIPUR,2003,Rabi,Gram,134,109,0.813432836
Bihar,SAMASTIPUR,2003,Rabi,Khesari,620,296,0.477419355
Bihar,SAMASTIPUR,2003,Rabi,Linseed,272,213,0.783088235
Bihar,SAMASTIPUR,2003,Rabi,Maize,23836,61521,2.581011915
Bihar,SAMASTIPUR,2003,Rabi,Masoor,1536,923,0.600911458
Bihar,SAMASTIPUR,2003,Rabi,Other  Rabi pulses,114,85,0.745614035
Bihar,SAMASTIPUR,2003,Rabi,Peas & beans (Pulses),260,228,0.876923077
Bihar,SAMASTIPUR,2003,Rabi,Rapeseed &Mustard,6156,3811,0.619070825
Bihar,SAMASTIPUR,2003,Rabi,Wheat,52112,59571,1.143134019
Bihar,SAMASTIPUR,2003,Summer,Maize,5129,8857,1.726847339
Bihar,SAMASTIPUR,2003,Summer,Moong(Green Gram),11306,6049,0.53502565
Bihar,SAMASTIPUR,2003,Summer,Rice,1483,2147,1.447741065
Bihar,SAMASTIPUR,2003,Whole Year,Banana,1641,16426,10.00975015
Bihar,SAMASTIPUR,2003,Whole Year,Coriander,161,111,0.689440994
Bihar,SAMASTIPUR,2003,Whole Year,Dry chillies,263,163,0.619771863
Bihar,SAMASTIPUR,2003,Whole Year,Garlic,248,373,1.504032258
Bihar,SAMASTIPUR,2003,Whole Year,Onion,852,6901,8.099765258
Bihar,SAMASTIPUR,2003,Whole Year,Potato,13641,90552,6.638223004
Bihar,SAMASTIPUR,2003,Whole Year,Sannhamp,15,11,0.733333333
Bihar,SAMASTIPUR,2003,Whole Year,Sugarcane,2676,93482,34.93348281
Bihar,SAMASTIPUR,2003,Whole Year,Sweet potato,605,8710,14.39669421
Bihar,SAMASTIPUR,2003,Whole Year,Tobacco,7233,8043,1.111986727
Bihar,SAMASTIPUR,2003,Whole Year,Turmeric,1706,1686,0.988276671
Bihar,SAMASTIPUR,2003,Winter,Rice,50432,31522,0.625039657
Bihar,SAMASTIPUR,2004,Autumn,Rice,11645,2217,0.190382138
Bihar,SAMASTIPUR,2004,Kharif,Arhar/Tur,1985,2749,1.38488665
Bihar,SAMASTIPUR,2004,Kharif,Castor seed,26,24,0.923076923
Bihar,SAMASTIPUR,2004,Kharif,Dry ginger,4,4,1
Bihar,SAMASTIPUR,2004,Kharif,Horse-gram,3,2,0.666666667
Bihar,SAMASTIPUR,2004,Kharif,Maize,14939,19246,1.288305777
Bihar,SAMASTIPUR,2004,Kharif,Mesta,742,5920,7.978436658
Bihar,SAMASTIPUR,2004,Kharif,Moong(Green Gram),45,14,0.311111111
Bihar,SAMASTIPUR,2004,Kharif,Sesamum,542,343,0.632841328
Bihar,SAMASTIPUR,2004,Kharif,Sunflower,34,50,1.470588235
Bihar,SAMASTIPUR,2004,Kharif,Urad,1157,834,0.720829732
Bihar,SAMASTIPUR,2004,Rabi,Barley,111,117,1.054054054
Bihar,SAMASTIPUR,2004,Rabi,Gram,126,115,0.912698413
Bihar,SAMASTIPUR,2004,Rabi,Khesari,606,396,0.653465347
Bihar,SAMASTIPUR,2004,Rabi,Linseed,268,226,0.843283582
Bihar,SAMASTIPUR,2004,Rabi,Maize,23964,70981,2.961984644
Bihar,SAMASTIPUR,2004,Rabi,Masoor,1541,766,0.497079818
Bihar,SAMASTIPUR,2004,Rabi,Other  Rabi pulses,109,114,1.04587156
Bihar,SAMASTIPUR,2004,Rabi,Peas & beans (Pulses),260,273,1.05
Bihar,SAMASTIPUR,2004,Rabi,Rapeseed &Mustard,6145,4007,0.652074858
Bihar,SAMASTIPUR,2004,Rabi,Wheat,52126,96491,1.85111077
Bihar,SAMASTIPUR,2004,Summer,Maize,5172,9886,1.911446249
Bihar,SAMASTIPUR,2004,Summer,Moong(Green Gram),11364,6966,0.612988384
Bihar,SAMASTIPUR,2004,Summer,Rice,1507,2136,1.417385534
Bihar,SAMASTIPUR,2004,Whole Year,Banana,1650,42785,25.93030303
Bihar,SAMASTIPUR,2004,Whole Year,Coriander,151,99,0.655629139
Bihar,SAMASTIPUR,2004,Whole Year,Dry chillies,271,214,0.789667897
Bihar,SAMASTIPUR,2004,Whole Year,Dry ginger,4,4,1
Bihar,SAMASTIPUR,2004,Whole Year,Garlic,245,369,1.506122449
Bihar,SAMASTIPUR,2004,Whole Year,Onion,868,4401,5.070276498
Bihar,SAMASTIPUR,2004,Whole Year,Potato,14223,48925,3.439850946
Bihar,SAMASTIPUR,2004,Whole Year,Sannhamp,16,13,0.8125
Bihar,SAMASTIPUR,2004,Whole Year,Sugarcane,2707,36187,13.36793498
Bihar,SAMASTIPUR,2004,Whole Year,Sweet potato,677,15725,23.22747415
Bihar,SAMASTIPUR,2004,Whole Year,Tobacco,7235,8400,1.161022806
Bihar,SAMASTIPUR,2004,Whole Year,Turmeric,1725,1704,0.987826087
Bihar,SAMASTIPUR,2004,Winter,Rice,50545,7759,0.153506776
Bihar,SAMASTIPUR,2005,Autumn,Rice,31324,10096,0.322308773
Bihar,SAMASTIPUR,2005,Kharif,Arhar/Tur,1909,2138,1.119958093
Bihar,SAMASTIPUR,2005,Kharif,Castor seed,25,23,0.92
Bihar,SAMASTIPUR,2005,Kharif,Horse-gram,3,2,0.666666667
Bihar,SAMASTIPUR,2005,Kharif,Maize,14933,19240,1.288421617
Bihar,SAMASTIPUR,2005,Kharif,Mesta,112,1103,9.848214286
Bihar,SAMASTIPUR,2005,Kharif,Moong(Green Gram),45,27,0.6
Bihar,SAMASTIPUR,2005,Kharif,Sesamum,538,322,0.598513011
Bihar,SAMASTIPUR,2005,Kharif,Sunflower,36,47,1.305555556
Bihar,SAMASTIPUR,2005,Kharif,Urad,1135,758,0.66784141
Bihar,SAMASTIPUR,2005,Rabi,Barley,106,110,1.037735849
Bihar,SAMASTIPUR,2005,Rabi,Gram,122,189,1.549180328
Bihar,SAMASTIPUR,2005,Rabi,Khesari,577,339,0.587521664
Bihar,SAMASTIPUR,2005,Rabi,Linseed,270,231,0.855555556
Bihar,SAMASTIPUR,2005,Rabi,Maize,24938,73442,2.944983559
Bihar,SAMASTIPUR,2005,Rabi,Masoor,1599,1110,0.694183865
Bihar,SAMASTIPUR,2005,Rabi,Other  Rabi pulses,115,126,1.095652174
Bihar,SAMASTIPUR,2005,Rabi,Peas & beans (Pulses),265,244,0.920754717
Bihar,SAMASTIPUR,2005,Rabi,Rapeseed &Mustard,6284,5455,0.868077658
Bihar,SAMASTIPUR,2005,Rabi,Wheat,51870,91481,1.763659148
Bihar,SAMASTIPUR,2005,Summer,Maize,5054,10500,2.077562327
Bihar,SAMASTIPUR,2005,Summer,Moong(Green Gram),10468,6448,0.615972488
Bihar,SAMASTIPUR,2005,Summer,Rice,1368,955,0.698099415
Bihar,SAMASTIPUR,2005,Whole Year,Banana,1676,16073,9.590095465
Bihar,SAMASTIPUR,2005,Whole Year,Coriander,155,122,0.787096774
Bihar,SAMASTIPUR,2005,Whole Year,Dry chillies,274,175,0.638686131
Bihar,SAMASTIPUR,2005,Whole Year,Dry ginger,4,6,1.5
Bihar,SAMASTIPUR,2005,Whole Year,Garlic,152,225,1.480263158
Bihar,SAMASTIPUR,2005,Whole Year,Onion,829,5015,6.049457177
Bihar,SAMASTIPUR,2005,Whole Year,Potato,13884,97846,7.047392682
Bihar,SAMASTIPUR,2005,Whole Year,Sannhamp,16,12,0.75
Bihar,SAMASTIPUR,2005,Whole Year,Sugarcane,2719,78762,28.96726738
Bihar,SAMASTIPUR,2005,Whole Year,Sweet potato,661,8294,12.54765507
Bihar,SAMASTIPUR,2005,Whole Year,Tobacco,7259,8428,1.161041466
Bihar,SAMASTIPUR,2005,Whole Year,Turmeric,1733,1684,0.971725332
Bihar,SAMASTIPUR,2005,Winter,Rice,50595,14480,0.286194288
Bihar,SAMASTIPUR,2006,Autumn,Rice,28709,22918,0.798286252
Bihar,SAMASTIPUR,2006,Kharif,Arhar/Tur,1821,1615,0.886875343
Bihar,SAMASTIPUR,2006,Kharif,Maize,14158,20932,1.478457409
Bihar,SAMASTIPUR,2006,Kharif,Mesta,628,2676,4.261146497
Bihar,SAMASTIPUR,2006,Kharif,Moong(Green Gram),33,23,0.696969697
Bihar,SAMASTIPUR,2006,Kharif,Sesamum,525,367,0.699047619
Bihar,SAMASTIPUR,2006,Kharif,Urad,1075,834,0.775813953
Bihar,SAMASTIPUR,2006,Rabi,Barley,103,110,1.067961165
Bihar,SAMASTIPUR,2006,Rabi,Gram,9,8,0.888888889
Bihar,SAMASTIPUR,2006,Rabi,Khesari,554,324,0.584837545
Bihar,SAMASTIPUR,2006,Rabi,Linseed,266,226,0.84962406
Bihar,SAMASTIPUR,2006,Rabi,Maize,25263,118660,4.69698769
Bihar,SAMASTIPUR,2006,Rabi,Masoor,1657,1326,0.8002414
Bihar,SAMASTIPUR,2006,Rabi,Peas & beans (Pulses),259,241,0.930501931
Bihar,SAMASTIPUR,2006,Rabi,Rapeseed &Mustard,6397,6845,1.070032828
Bihar,SAMASTIPUR,2006,Rabi,Sunflower,39,50,1.282051282
Bihar,SAMASTIPUR,2006,Rabi,Wheat,51367,143248,2.788716491
Bihar,SAMASTIPUR,2006,Summer,Maize,5147,22237,4.320380804
Bihar,SAMASTIPUR,2006,Summer,Moong(Green Gram),10449,5799,0.554981338
Bihar,SAMASTIPUR,2006,Summer,Rice,1250,2189,1.7512
Bihar,SAMASTIPUR,2006,Winter,Rice,40279,16582,0.411678542
Bihar,SAMASTIPUR,2007,Autumn,Maize,13808,4397,0.318438586
Bihar,SAMASTIPUR,2007,Autumn,Rice,28019,4800,0.171312324
Bihar,SAMASTIPUR,2007,Kharif,Arhar/Tur,1807,1903,1.053126729
Bihar,SAMASTIPUR,2007,Kharif,Castor seed,25,24,0.96
Bihar,SAMASTIPUR,2007,Kharif,Dry ginger,4,6,1.5
Bihar,SAMASTIPUR,2007,Kharif,Mesta,575,1134,1.972173913
Bihar,SAMASTIPUR,2007,Kharif,Moong(Green Gram),27,1,0.037037037
Bihar,SAMASTIPUR,2007,Kharif,Sesamum,488,374,0.766393443
Bihar,SAMASTIPUR,2007,Kharif,Urad,992,780,0.786290323
Bihar,SAMASTIPUR,2007,Rabi,Barley,111,133,1.198198198
Bihar,SAMASTIPUR,2007,Rabi,Gram,120,119,0.991666667
Bihar,SAMASTIPUR,2007,Rabi,Khesari,581,336,0.578313253
Bihar,SAMASTIPUR,2007,Rabi,Linseed,271,224,0.826568266
Bihar,SAMASTIPUR,2007,Rabi,Maize,25731,111827,4.346002876
Bihar,SAMASTIPUR,2007,Rabi,Masoor,1675,1529,0.912835821
Bihar,SAMASTIPUR,2007,Rabi,Other  Rabi pulses,121,90,0.743801653
Bihar,SAMASTIPUR,2007,Rabi,Peas & beans (Pulses),296,319,1.077702703
Bihar,SAMASTIPUR,2007,Rabi,Rapeseed &Mustard,6061,7304,1.20508167
Bihar,SAMASTIPUR,2007,Rabi,Sunflower,38,56,1.473684211
Bihar,SAMASTIPUR,2007,Rabi,Wheat,51533,136565,2.650049483
Bihar,SAMASTIPUR,2007,Summer,Maize,5128,19711,3.843798752
Bihar,SAMASTIPUR,2007,Summer,Moong(Green Gram),9165,9522,1.038952537
Bihar,SAMASTIPUR,2007,Summer,Rice,1273,2043,1.604870385
Bihar,SAMASTIPUR,2007,Whole Year,Banana,1663,38997,23.44978954
Bihar,SAMASTIPUR,2007,Whole Year,Coriander,176,128,0.727272727
Bihar,SAMASTIPUR,2007,Whole Year,Dry chillies,280,174,0.621428571
Bihar,SAMASTIPUR,2007,Whole Year,Garlic,276,400,1.449275362
Bihar,SAMASTIPUR,2007,Whole Year,Onion,864,6091,7.049768519
Bihar,SAMASTIPUR,2007,Whole Year,Potato,12917,103637,8.023302624
Bihar,SAMASTIPUR,2007,Whole Year,Sugarcane,2278,37515,16.46839333
Bihar,SAMASTIPUR,2007,Whole Year,Sweet potato,630,8077,12.82063492
Bihar,SAMASTIPUR,2007,Whole Year,Tobacco,6849,7842,1.144984669
Bihar,SAMASTIPUR,2007,Whole Year,Turmeric,1787,1783,0.997761612
Bihar,SAMASTIPUR,2007,Winter,Rice,39969,2414,0.060396808
Bihar,SAMASTIPUR,2008,Autumn,Maize,13866,39942,2.880571181
Bihar,SAMASTIPUR,2008,Autumn,Rice,43475,58704,1.350293272
Bihar,SAMASTIPUR,2008,Kharif,Arhar/Tur,873,1055,1.208476518
Bihar,SAMASTIPUR,2008,Kharif,Castor seed,4,4,1
Bihar,SAMASTIPUR,2008,Kharif,Dry ginger,2,3,1.5
Bihar,SAMASTIPUR,2008,Kharif,Jowar,200,222,1.11
Bihar,SAMASTIPUR,2008,Kharif,Mesta,559,3242,5.799642218
Bihar,SAMASTIPUR,2008,Kharif,Moong(Green Gram),379,211,0.556728232
Bihar,SAMASTIPUR,2008,Kharif,Other Kharif pulses,117,68,0.581196581
Bihar,SAMASTIPUR,2008,Kharif,Potato,2767,15274,5.520057824
Bihar,SAMASTIPUR,2008,Kharif,Ragi,20,15,0.75
Bihar,SAMASTIPUR,2008,Kharif,Sannhamp,6,27.77,4.628333333
Bihar,SAMASTIPUR,2008,Kharif,Sesamum,198,143,0.722222222
Bihar,SAMASTIPUR,2008,Kharif,Small millets,282,220,0.780141844
Bihar,SAMASTIPUR,2008,Kharif,Sweet potato,170,3145,18.5
Bihar,SAMASTIPUR,2008,Kharif,Urad,722,570,0.789473684
Bihar,SAMASTIPUR,2008,Rabi,Barley,223,244,1.094170404
Bihar,SAMASTIPUR,2008,Rabi,Gram,32,30,0.9375
Bihar,SAMASTIPUR,2008,Rabi,Khesari,489,401,0.8200409
Bihar,SAMASTIPUR,2008,Rabi,Linseed,198,168,0.848484848
Bihar,SAMASTIPUR,2008,Rabi,Maize,28314,113851,4.021014339
Bihar,SAMASTIPUR,2008,Rabi,Masoor,1666,1433,0.860144058
Bihar,SAMASTIPUR,2008,Rabi,Other  Rabi pulses,34,25,0.735294118
Bihar,SAMASTIPUR,2008,Rabi,Peas & beans (Pulses),602,579,0.96179402
Bihar,SAMASTIPUR,2008,Rabi,Potato,11577,5413,0.467565
Bihar,SAMASTIPUR,2008,Rabi,Rapeseed &Mustard,6733,5454,0.810040101
Bihar,SAMASTIPUR,2008,Rabi,Safflower,4,3,0.75
Bihar,SAMASTIPUR,2008,Rabi,Sunflower,38,56,1.473684211
Bihar,SAMASTIPUR,2008,Rabi,Sweet potato,112,1428,12.75
Bihar,SAMASTIPUR,2008,Rabi,Wheat,61115,140866,2.304933322
Bihar,SAMASTIPUR,2008,Summer,Maize,16728,54398,3.25191296
Bihar,SAMASTIPUR,2008,Summer,Moong(Green Gram),12908,21027,1.628989774
Bihar,SAMASTIPUR,2008,Summer,Rice,1555,2742,1.763344051
Bihar,SAMASTIPUR,2008,Whole Year,Dry chillies,111,69,0.621621622
Bihar,SAMASTIPUR,2008,Whole Year,Garlic,197,314,1.593908629
Bihar,SAMASTIPUR,2008,Whole Year,Onion,278,1879,6.758992806
Bihar,SAMASTIPUR,2008,Whole Year,Sugarcane,2646,94697,35.78873772
Bihar,SAMASTIPUR,2008,Whole Year,Turmeric,1252,1346,1.075079872
Bihar,SAMASTIPUR,2008,Winter,Rice,58942,95848,1.626140952
Bihar,SAMASTIPUR,2009,Autumn,Maize,12147,23714,1.952251585
Bihar,SAMASTIPUR,2009,Autumn,Rice,38777,30856,0.795729427
Bihar,SAMASTIPUR,2009,Kharif,Arhar/Tur,870,538,0.618390805
Bihar,SAMASTIPUR,2009,Kharif,Bajra,4,4,1
Bihar,SAMASTIPUR,2009,Kharif,Jute,45,413,9.177777778
Bihar,SAMASTIPUR,2009,Kharif,Mesta,519,4066,7.834296724
Bihar,SAMASTIPUR,2009,Kharif,Moong(Green Gram),302,200,0.662251656
Bihar,SAMASTIPUR,2009,Kharif,Other Kharif pulses,6,5,0.833333333
Bihar,SAMASTIPUR,2009,Kharif,Ragi,158,140,0.886075949
Bihar,SAMASTIPUR,2009,Kharif,Sannhamp,22,18,0.818181818
Bihar,SAMASTIPUR,2009,Kharif,Small millets,56,44,0.785714286
Bihar,SAMASTIPUR,2009,Kharif,Urad,631,625,0.990491284
Bihar,SAMASTIPUR,2009,Rabi,Barley,17,19,1.117647059
Bihar,SAMASTIPUR,2009,Rabi,Gram,25,27,1.08
Bihar,SAMASTIPUR,2009,Rabi,Khesari,236,244,1.033898305
Bihar,SAMASTIPUR,2009,Rabi,Linseed,38,32,0.842105263
Bihar,SAMASTIPUR,2009,Rabi,Maize,25564,49952,1.953997809
Bihar,SAMASTIPUR,2009,Rabi,Masoor,2089,1939,0.928195309
Bihar,SAMASTIPUR,2009,Rabi,Other  Rabi pulses,8,6,0.75
Bihar,SAMASTIPUR,2009,Rabi,Peas & beans (Pulses),593,594,1.001686341
Bihar,SAMASTIPUR,2009,Rabi,Rapeseed &Mustard,7946,8931,1.123961742
Bihar,SAMASTIPUR,2009,Rabi,Sunflower,31,44,1.419354839
Bihar,SAMASTIPUR,2009,Rabi,Wheat,60483,165560,2.737298084
Bihar,SAMASTIPUR,2009,Summer,Maize,20306,62957,3.100413671
Bihar,SAMASTIPUR,2009,Summer,Moong(Green Gram),11391,7017,0.616012642
Bihar,SAMASTIPUR,2009,Whole Year,Sugarcane,2957,115478,39.05241799
Bihar,SAMASTIPUR,2009,Whole Year,Tobacco,3691,6891,1.86697372
Bihar,SAMASTIPUR,2009,Winter,Rice,55112,58368,1.059079692
Bihar,SAMASTIPUR,2010,Autumn,Maize,11869,20968,1.766618923
Bihar,SAMASTIPUR,2010,Autumn,Rice,35239,24730,0.701779279
Bihar,SAMASTIPUR,2010,Kharif,Arhar/Tur,592,860,1.452702703
Bihar,SAMASTIPUR,2010,Kharif,Jute,22,201,9.136363636
Bihar,SAMASTIPUR,2010,Kharif,Mesta,238,2008,8.43697479
Bihar,SAMASTIPUR,2010,Kharif,Moong(Green Gram),386,252,0.652849741
Bihar,SAMASTIPUR,2010,Kharif,Other Kharif pulses,3,2,0.666666667
Bihar,SAMASTIPUR,2010,Kharif,Ragi,17,15,0.882352941
Bihar,SAMASTIPUR,2010,Kharif,Sesamum,834,657,0.787769784
Bihar,SAMASTIPUR,2010,Kharif,Small millets,489,384,0.785276074
Bihar,SAMASTIPUR,2010,Kharif,Urad,725,632,0.871724138
Bihar,SAMASTIPUR,2010,Rabi,Barley,18,24,1.333333333
Bihar,SAMASTIPUR,2010,Rabi,Gram,26,27,1.038461538
Bihar,SAMASTIPUR,2010,Rabi,Khesari,131,129,0.984732824
Bihar,SAMASTIPUR,2010,Rabi,Linseed,64,52,0.8125
Bihar,SAMASTIPUR,2010,Rabi,Maize,28564,149180,5.222657891
Bihar,SAMASTIPUR,2010,Rabi,Masoor,1665,1841,1.105705706
Bihar,SAMASTIPUR,2010,Rabi,Peas & beans (Pulses),623,645,1.035313002
Bihar,SAMASTIPUR,2010,Rabi,Rapeseed &Mustard,1674,2407,1.437873357
Bihar,SAMASTIPUR,2010,Rabi,Sunflower,53,76,1.433962264
Bihar,SAMASTIPUR,2010,Rabi,Wheat,61695,163780,2.654672178
Bihar,SAMASTIPUR,2010,Summer,Maize,12351,56046,4.537770221
Bihar,SAMASTIPUR,2010,Summer,Moong(Green Gram),10017,7072,0.7059998
Bihar,SAMASTIPUR,2010,Summer,Rice,893,773,0.865621501
Bihar,SAMASTIPUR,2010,Whole Year,Sugarcane,4980,243750,48.94578313
Bihar,SAMASTIPUR,2010,Whole Year,Tobacco,3268,5827,1.783047736
Bihar,SAMASTIPUR,2010,Winter,Rice,52302,21553,0.412087492
Bihar,SAMASTIPUR,2011,Autumn,Rice,52016,100877,1.939345586
Bihar,SAMASTIPUR,2011,Kharif,Arhar/Tur,956,1672,1.748953975
Bihar,SAMASTIPUR,2011,Kharif,Moong(Green Gram),423,270,0.638297872
Bihar,SAMASTIPUR,2011,Kharif,Sesamum,476,415,0.871848739
Bihar,SAMASTIPUR,2011,Kharif,Small millets,267,210,0.786516854
Bihar,SAMASTIPUR,2011,Kharif,Urad,659,581,0.881638847
Bihar,SAMASTIPUR,2011,Rabi,Barley,132,204,1.545454545
Bihar,SAMASTIPUR,2011,Rabi,Gram,19,25,1.315789474
Bihar,SAMASTIPUR,2011,Rabi,Khesari,198,250,1.262626263
Bihar,SAMASTIPUR,2011,Rabi,Linseed,468,405,0.865384615
Bihar,SAMASTIPUR,2011,Rabi,Maize,30039,73836,2.458004594
Bihar,SAMASTIPUR,2011,Rabi,Masoor,1399,1915,1.368834882
Bihar,SAMASTIPUR,2011,Rabi,Other  Rabi pulses,62,69,1.112903226
Bihar,SAMASTIPUR,2011,Rabi,Peas & beans (Pulses),592,610,1.030405405
Bihar,SAMASTIPUR,2011,Rabi,Rapeseed &Mustard,7578,17740,2.340987068
Bihar,SAMASTIPUR,2011,Rabi,Sunflower,35,51,1.457142857
Bihar,SAMASTIPUR,2011,Rabi,Wheat,59182,227237,3.839630293
Bihar,SAMASTIPUR,2011,Summer,Maize,10246,41009,4.002439977
Bihar,SAMASTIPUR,2011,Summer,Moong(Green Gram),11439,6795,0.594020456
Bihar,SAMASTIPUR,2011,Whole Year,Tobacco,3228,6085,1.885068154
Bihar,SAMASTIPUR,2011,Winter,Rice,57253,122096,2.132569472
Bihar,SAMASTIPUR,2012,Autumn,Rice,52016,77603,1.491906337
Bihar,SAMASTIPUR,2012,Kharif,Arhar/Tur,956,2037,2.130753138
Bihar,SAMASTIPUR,2012,Kharif,Horse-gram,3,3,1
Bihar,SAMASTIPUR,2012,Kharif,Moong(Green Gram),206,46,0.223300971
Bihar,SAMASTIPUR,2012,Kharif,Sesamum,468,410,0.876068376
Bihar,SAMASTIPUR,2012,Kharif,Small millets,267,207,0.775280899
Bihar,SAMASTIPUR,2012,Kharif,Urad,795,696,0.875471698
Bihar,SAMASTIPUR,2012,Rabi,Barley,132,193,1.462121212
Bihar,SAMASTIPUR,2012,Rabi,Gram,19,27,1.421052632
Bihar,SAMASTIPUR,2012,Rabi,Khesari,198,233,1.176767677
Bihar,SAMASTIPUR,2012,Rabi,Linseed,468,406,0.867521368
Bihar,SAMASTIPUR,2012,Rabi,Maize,30039,98017,3.262991444
Bihar,SAMASTIPUR,2012,Rabi,Masoor,1399,1898,1.356683345
Bihar,SAMASTIPUR,2012,Rabi,Other  Rabi pulses,62,68,1.096774194
Bihar,SAMASTIPUR,2012,Rabi,Peas & beans (Pulses),592,616,1.040540541
Bihar,SAMASTIPUR,2012,Rabi,Rapeseed &Mustard,7578,16497,2.17695962
Bihar,SAMASTIPUR,2012,Rabi,Sunflower,39,57,1.461538462
Bihar,SAMASTIPUR,2012,Rabi,Wheat,59182,206847,3.495099861
Bihar,SAMASTIPUR,2012,Summer,Maize,10246,56149,5.480089791
Bihar,SAMASTIPUR,2012,Summer,Moong(Green Gram),11439,5205,0.455022292
Bihar,SAMASTIPUR,2012,Whole Year,Sugarcane,361,16817,46.58448753
Bihar,SAMASTIPUR,2012,Whole Year,Tobacco,3228,6101,1.890024783
Bihar,SAMASTIPUR,2012,Winter,Rice,40544,88148,2.174131807
Bihar,SAMASTIPUR,2013,Autumn,Maize,11086,34824,3.141259246
Bihar,SAMASTIPUR,2013,Autumn,Rice,37527,45971,1.225011325
Bihar,SAMASTIPUR,2013,Kharif,Arhar/Tur,1836,2756,1.501089325
Bihar,SAMASTIPUR,2013,Kharif,Castor seed,25,24,0.96
Bihar,SAMASTIPUR,2013,Kharif,Jute,1220,17426,14.28360656
Bihar,SAMASTIPUR,2013,Kharif,Mesta,265,4043,15.25660377
Bihar,SAMASTIPUR,2013,Kharif,Moong(Green Gram),131,118,0.900763359
Bihar,SAMASTIPUR,2013,Kharif,Other Kharif pulses,4,3,0.75
Bihar,SAMASTIPUR,2013,Kharif,Ragi,9,11,1.222222222
Bihar,SAMASTIPUR,2013,Kharif,Sannhamp,147,118,0.802721088
Bihar,SAMASTIPUR,2013,Kharif,Sesamum,388,337,0.868556701
Bihar,SAMASTIPUR,2013,Kharif,Small millets,204,153,0.75
Bihar,SAMASTIPUR,2013,Kharif,Urad,488,445,0.911885246
Bihar,SAMASTIPUR,2013,Rabi,Barley,725,1014,1.39862069
Bihar,SAMASTIPUR,2013,Rabi,Gram,100,115,1.15
Bihar,SAMASTIPUR,2013,Rabi,Khesari,359,401,1.116991643
Bihar,SAMASTIPUR,2013,Rabi,Linseed,249,212,0.851405622
Bihar,SAMASTIPUR,2013,Rabi,Maize,33107,87568,2.644999547
Bihar,SAMASTIPUR,2013,Rabi,Masoor,1597,1377,0.862241703
Bihar,SAMASTIPUR,2013,Rabi,Other  Rabi pulses,43,43,1
Bihar,SAMASTIPUR,2013,Rabi,Peas & beans (Pulses),535,567,1.059813084
Bihar,SAMASTIPUR,2013,Rabi,Rapeseed &Mustard,8150,9633,1.18196319
Bihar,SAMASTIPUR,2013,Rabi,Safflower,1541,1241,0.80532122
Bihar,SAMASTIPUR,2013,Rabi,Sunflower,42,61,1.452380952
Bihar,SAMASTIPUR,2013,Rabi,Wheat,64032,239464,3.739755122
Bihar,SAMASTIPUR,2013,Summer,Maize,13715,66098,4.819394823
Bihar,SAMASTIPUR,2013,Summer,Moong(Green Gram),12923,7961,0.616033429
Bihar,SAMASTIPUR,2013,Summer,Rice,1210,2070,1.710743802
Bihar,SAMASTIPUR,2013,Whole Year,Sugarcane,5954,339815,57.07339604
Bihar,SAMASTIPUR,2013,Whole Year,Tobacco,4531,8613,1.900904878
Bihar,SAMASTIPUR,2013,Winter,Rice,55454,64958,1.171385292
Bihar,SAMASTIPUR,2014,Autumn,Maize,12114,29411,2.427852072
Bihar,SAMASTIPUR,2014,Autumn,Rice,33234,69706,2.097430342
Bihar,SAMASTIPUR,2014,Kharif,Arhar/Tur,958,1092,1.139874739
Bihar,SAMASTIPUR,2014,Kharif,Jute,132,1976,14.96969697
Bihar,SAMASTIPUR,2014,Kharif,Mesta,1070,14279,13.34485981
Bihar,SAMASTIPUR,2014,Kharif,Moong(Green Gram),294,203,0.69047619
Bihar,SAMASTIPUR,2014,Kharif,Other Kharif pulses,355,269,0.757746479
Bihar,SAMASTIPUR,2014,Kharif,Ragi,115,115,1
Bihar,SAMASTIPUR,2014,Kharif,Sannhamp,172,138,0.802325581
Bihar,SAMASTIPUR,2014,Kharif,Sesamum,448,391,0.872767857
Bihar,SAMASTIPUR,2014,Kharif,Small millets,78,61,0.782051282
Bihar,SAMASTIPUR,2014,Kharif,Urad,719,657,0.913769124
Bihar,SAMASTIPUR,2014,Rabi,Barley,20,22,1.1
Bihar,SAMASTIPUR,2014,Rabi,Gram,81,78,0.962962963
Bihar,SAMASTIPUR,2014,Rabi,Khesari,402,398,0.990049751
Bihar,SAMASTIPUR,2014,Rabi,Linseed,139,120,0.863309353
Bihar,SAMASTIPUR,2014,Rabi,Maize,33998,94548,2.780987117
Bihar,SAMASTIPUR,2014,Rabi,Masoor,1267,807,0.636937648
Bihar,SAMASTIPUR,2014,Rabi,Other  Rabi pulses,20,20,1
Bihar,SAMASTIPUR,2014,Rabi,Peas & beans (Pulses),663,670,1.010558069
Bihar,SAMASTIPUR,2014,Rabi,Rapeseed &Mustard,8689,7855,0.904016573
Bihar,SAMASTIPUR,2014,Rabi,Sunflower,571,854,1.495621716
Bihar,SAMASTIPUR,2014,Rabi,Wheat,55741,116642,2.092570998
Bihar,SAMASTIPUR,2014,Summer,Maize,10774,32041,2.973918693
Bihar,SAMASTIPUR,2014,Summer,Moong(Green Gram),11023,5952,0.539961898
Bihar,SAMASTIPUR,2014,Summer,Rice,2768,4214,1.522398844
Bihar,SAMASTIPUR,2014,Whole Year,Sugarcane,4085,147043,35.99583843
Bihar,SAMASTIPUR,2014,Whole Year,Tobacco,4585,8079,1.762050164
Bihar,SAMASTIPUR,2014,Winter,Rice,52867,112523,2.128416593
Bihar,SARAN,1997,Autumn,Rice,20955,29940,1.428775948
Bihar,SARAN,1997,Kharif,Arhar/Tur,2388,2983,1.249162479
Bihar,SARAN,1997,Kharif,Bajra,20,12,0.6
Bihar,SARAN,1997,Kharif,Castor seed,11,8,0.727272727
Bihar,SARAN,1997,Kharif,Jute,153,1377,9
Bihar,SARAN,1997,Kharif,Maize,13564,12462,0.918755529
Bihar,SARAN,1997,Kharif,Mesta,5,34,6.8
Bihar,SARAN,1997,Kharif,Other Kharif pulses,24,15,0.625
Bihar,SARAN,1997,Kharif,Small millets,101,1030,10.1980198
Bihar,SARAN,1997,Rabi,Barley,438,687,1.568493151
Bihar,SARAN,1997,Rabi,Gram,755,618,0.818543046
Bihar,SARAN,1997,Rabi,Linseed,361,241,0.667590028
Bihar,SARAN,1997,Rabi,Maize,5260,9289,1.765969582
Bihar,SARAN,1997,Rabi,Other  Rabi pulses,52,27,0.519230769
Bihar,SARAN,1997,Rabi,Rapeseed &Mustard,2894,2648,0.914996545
Bihar,SARAN,1997,Rabi,Tobacco,19,23,1.210526316
Bihar,SARAN,1997,Rabi,Wheat,90921,200986,2.210556417
Bihar,SARAN,1997,Summer,Maize,3648,7380,2.023026316
Bihar,SARAN,1997,Whole Year,Banana,212,5135,24.22169811
Bihar,SARAN,1997,Whole Year,Garlic,10,6,0.6
Bihar,SARAN,1997,Whole Year,Onion,359,2158,6.011142061
Bihar,SARAN,1997,Whole Year,Potato,5521,33573,6.080963594
Bihar,SARAN,1997,Whole Year,Ragi,611,464,0.759410802
Bihar,SARAN,1997,Whole Year,Sannhamp,109,81,0.743119266
Bihar,SARAN,1997,Whole Year,Sugarcane,520,17579,33.80576923
Bihar,SARAN,1997,Whole Year,Sweet potato,20,264,13.2
Bihar,SARAN,1997,Winter,Rice,69464,95925,1.38093113
Bihar,SARAN,1998,Kharif,Arhar/Tur,1798,2391,1.329810901
Bihar,SARAN,1998,Kharif,Bajra,27,7,0.259259259
Bihar,SARAN,1998,Kharif,Blackgram,179,133,0.74301676
Bihar,SARAN,1998,Kharif,Maize,18179,8284,0.455690632
Bihar,SARAN,1998,Kharif,Mesta,22,137,6.227272727
Bihar,SARAN,1998,Kharif,Other Kharif pulses,540,323,0.598148148
Bihar,SARAN,1998,Kharif,Ragi,618,336,0.54368932
Bihar,SARAN,1998,Kharif,Small millets,1185,1117,0.942616034
Bihar,SARAN,1998,Kharif,Sunflower,4,3,0.75
Bihar,SARAN,1998,Rabi,Barley,463,601,1.298056156
Bihar,SARAN,1998,Rabi,Gram,272,208,0.764705882
Bihar,SARAN,1998,Rabi,Linseed,104,77,0.740384615
Bihar,SARAN,1998,Rabi,Maize,5294,17507,3.306951266
Bihar,SARAN,1998,Rabi,Other  Rabi pulses,5522,4136,0.749003984
Bihar,SARAN,1998,Rabi,Rapeseed &Mustard,3144,3597,1.144083969
Bihar,SARAN,1998,Rabi,Wheat,88696,220061,2.481070172
Bihar,SARAN,1998,Summer,Maize,4688,4871,1.039035836
Bihar,SARAN,1998,Summer,Rice,45,100,2.222222222
Bihar,SARAN,1998,Whole Year,Banana,46,838,18.2173913
Bihar,SARAN,1998,Whole Year,Coriander,3,2,0.666666667
Bihar,SARAN,1998,Whole Year,Dry chillies,6,6,1
Bihar,SARAN,1998,Whole Year,Garlic,24,15,0.625
Bihar,SARAN,1998,Whole Year,Onion,297,2079,7
Bihar,SARAN,1998,Whole Year,Potato,6544,44399,6.784688264
Bihar,SARAN,1998,Whole Year,Sugarcane,286,9789,34.22727273
Bihar,SARAN,1998,Whole Year,Sweet potato,68,735,10.80882353
Bihar,SARAN,1998,Winter,Rice,77562,97032,1.251024986
Bihar,SARAN,1999,Kharif,Arhar/Tur,2296,2971,1.293989547
Bihar,SARAN,1999,Kharif,Bajra,28,14,0.5
Bihar,SARAN,1999,Kharif,Jowar,282,394,1.397163121
Bihar,SARAN,1999,Kharif,Jute,18,133,7.388888889
Bihar,SARAN,1999,Kharif,Maize,18472,34915,1.890158077
Bihar,SARAN,1999,Kharif,Mesta,14,95,6.785714286
Bihar,SARAN,1999,Kharif,Moong(Green Gram),4,2,0.5
Bihar,SARAN,1999,Kharif,Ragi,646,388,0.600619195
Bihar,SARAN,1999,Kharif,Rice,21058,24905,1.182685915
Bihar,SARAN,1999,Kharif,Sunflower,3,2,0.666666667
Bihar,SARAN,1999,Kharif,Urad,268,181,0.675373134
Bihar,SARAN,1999,Rabi,Gram,324,329,1.015432099
Bihar,SARAN,1999,Rabi,Khesari,245,244,0.995918367
Bihar,SARAN,1999,Rabi,Linseed,110,68,0.618181818
Bihar,SARAN,1999,Rabi,Maize,6435,14987,2.328982129
Bihar,SARAN,1999,Rabi,Masoor,657,606,0.922374429
Bihar,SARAN,1999,Rabi,Moong(Green Gram),3844,2118,0.550988554
Bihar,SARAN,1999,Rabi,Other  Rabi pulses,22,18,0.818181818
Bihar,SARAN,1999,Rabi,Peas & beans (Pulses),423,302,0.713947991
Bihar,SARAN,1999,Rabi,Rapeseed &Mustard,2728,2362,0.865835777
Bihar,SARAN,1999,Rabi,Wheat,84219,194202,2.305916717
Bihar,SARAN,1999,Summer,Maize,4968,12458,2.507648953
Bihar,SARAN,1999,Summer,Rice,13,28,2.153846154
Bihar,SARAN,1999,Whole Year,Banana,51,688,13.49019608
Bihar,SARAN,1999,Whole Year,Garlic,32,20,0.625
Bihar,SARAN,1999,Whole Year,Onion,466,2875,6.169527897
Bihar,SARAN,1999,Whole Year,Potato,5324,35723,6.709804658
Bihar,SARAN,1999,Whole Year,Sugarcane,660,27273,41.32272727
Bihar,SARAN,1999,Whole Year,Sweet potato,85,1159,13.63529412
Bihar,SARAN,2000,Autumn,Rice,71859,106034,1.47558413
Bihar,SARAN,2000,Kharif,Arhar/Tur,2664,3674,1.379129129
Bihar,SARAN,2000,Kharif,Bajra,28,14,0.5
Bihar,SARAN,2000,Kharif,Jute,18,151,8.388888889
Bihar,SARAN,2000,Kharif,Maize,18804,35588,1.892576048
Bihar,SARAN,2000,Kharif,Mesta,21,162,7.714285714
Bihar,SARAN,2000,Kharif,Ragi,674,1456,2.160237389
Bihar,SARAN,2000,Kharif,Rice,20631,25234,1.223110853
Bihar,SARAN,2000,Kharif,Small millets,1620,929,0.57345679
Bihar,SARAN,2000,Kharif,Urad,362,259,0.715469613
Bihar,SARAN,2000,Rabi,Barley,233,392,1.682403433
Bihar,SARAN,2000,Rabi,Gram,390,557,1.428205128
Bihar,SARAN,2000,Rabi,Khesari,370,339,0.916216216
Bihar,SARAN,2000,Rabi,Linseed,31,31,1
Bihar,SARAN,2000,Rabi,Maize,5021,12447,2.478988249
Bihar,SARAN,2000,Rabi,Masoor,770,480,0.623376623
Bihar,SARAN,2000,Rabi,Moong(Green Gram),3391,1329,0.391919788
Bihar,SARAN,2000,Rabi,Other  Rabi pulses,229,226,0.986899563
Bihar,SARAN,2000,Rabi,Peas & beans (Pulses),328,324,0.987804878
Bihar,SARAN,2000,Rabi,Rapeseed &Mustard,2802,3360,1.199143469
Bihar,SARAN,2000,Rabi,Wheat,91452,219828,2.403752788
Bihar,SARAN,2000,Summer,Maize,4875,9094,1.865435897
Bihar,SARAN,2000,Summer,Rice,33,61,1.848484848
Bihar,SARAN,2000,Whole Year,Banana,55,1155,21
Bihar,SARAN,2000,Whole Year,Garlic,8,8,1
Bihar,SARAN,2000,Whole Year,Onion,317,2080,6.561514196
Bihar,SARAN,2000,Whole Year,Potato,5866,44611,7.605011933
Bihar,SARAN,2000,Whole Year,Sugarcane,517,13969,27.01934236
Bihar,SARAN,2000,Whole Year,Sweet potato,407,2051,5.039312039
Bihar,SARAN,2001,Autumn,Maize,18821,29542,1.569629669
Bihar,SARAN,2001,Autumn,Rice,61033,77754,1.273966543
Bihar,SARAN,2001,Kharif,Arhar/Tur,1881,2583,1.373205742
Bihar,SARAN,2001,Kharif,Bajra,25,19,0.76
Bihar,SARAN,2001,Kharif,Jute,18,120,6.666666667
Bihar,SARAN,2001,Kharif,Mesta,17,110,6.470588235
Bihar,SARAN,2001,Kharif,Ragi,610,824,1.350819672
Bihar,SARAN,2001,Kharif,Rice,9,18,2
Bihar,SARAN,2001,Kharif,Small millets,1267,991,0.782162589
Bihar,SARAN,2001,Kharif,Urad,232,121,0.521551724
Bihar,SARAN,2001,Rabi,Barley,820,876,1.068292683
Bihar,SARAN,2001,Rabi,Gram,252,237,0.94047619
Bihar,SARAN,2001,Rabi,Khesari,293,239,0.815699659
Bihar,SARAN,2001,Rabi,Linseed,80,79,0.9875
Bihar,SARAN,2001,Rabi,Maize,5184,12680,2.445987654
Bihar,SARAN,2001,Rabi,Masoor,499,540,1.082164329
Bihar,SARAN,2001,Rabi,Other  Rabi pulses,89,88,0.988764045
Bihar,SARAN,2001,Rabi,Peas & beans (Pulses),387,382,0.987080103
Bihar,SARAN,2001,Rabi,Rapeseed &Mustard,3320,4299,1.294879518
Bihar,SARAN,2001,Rabi,Wheat,90027,212755,2.363235474
Bihar,SARAN,2001,Summer,Maize,6936,17548,2.529988466
Bihar,SARAN,2001,Summer,Rice,19132,20200,1.055822705
Bihar,SARAN,2001,Whole Year,Banana,56,1257,22.44642857
Bihar,SARAN,2001,Whole Year,Dry chillies,9,9,1
Bihar,SARAN,2001,Whole Year,Garlic,42,41,0.976190476
Bihar,SARAN,2001,Whole Year,Onion,405,2730,6.740740741
Bihar,SARAN,2001,Whole Year,Potato,6227,47681,7.657138269
Bihar,SARAN,2001,Whole Year,Sugarcane,530,26897,50.7490566
Bihar,SARAN,2001,Whole Year,Sweet potato,13,174,13.38461538
Bihar,SARAN,2002,Autumn,Maize,18851,35764,1.897193783
Bihar,SARAN,2002,Autumn,Rice,16954,16564,0.976996579
Bihar,SARAN,2002,Kharif,Arhar/Tur,1841,2592,1.407930473
Bihar,SARAN,2002,Kharif,Bajra,25,19,0.76
Bihar,SARAN,2002,Kharif,Jute,18,119,6.611111111
Bihar,SARAN,2002,Kharif,Mesta,38,228,6
Bihar,SARAN,2002,Kharif,Moong(Green Gram),32,16,0.5
Bihar,SARAN,2002,Kharif,Ragi,831,642,0.772563177
Bihar,SARAN,2002,Kharif,Sesamum,1,1,1
Bihar,SARAN,2002,Kharif,Small millets,1126,869,0.771758437
Bihar,SARAN,2002,Kharif,Sunflower,5,6,1.2
Bihar,SARAN,2002,Kharif,Urad,179,133,0.74301676
Bihar,SARAN,2002,Rabi,Barley,250,304,1.216
Bihar,SARAN,2002,Rabi,Gram,675,682,1.01037037
Bihar,SARAN,2002,Rabi,Khesari,186,151,0.811827957
Bihar,SARAN,2002,Rabi,Linseed,81,60,0.740740741
Bihar,SARAN,2002,Rabi,Maize,4956,8742,1.763922518
Bihar,SARAN,2002,Rabi,Masoor,648,489,0.75462963
Bihar,SARAN,2002,Rabi,Other  Rabi pulses,146,144,0.98630137
Bihar,SARAN,2002,Rabi,Peas & beans (Pulses),419,414,0.988066826
Bihar,SARAN,2002,Rabi,Rapeseed &Mustard,2936,3162,1.076975477
Bihar,SARAN,2002,Rabi,Wheat,98192,188654,1.921276682
Bihar,SARAN,2002,Summer,Maize,5815,15276,2.62699914
Bihar,SARAN,2002,Summer,Moong(Green Gram),4307,3049,0.707917344
Bihar,SARAN,2002,Summer,Rice,427,724,1.695550351
Bihar,SARAN,2002,Whole Year,Banana,88,1730,19.65909091
Bihar,SARAN,2002,Whole Year,Garlic,24,35,1.458333333
Bihar,SARAN,2002,Whole Year,Onion,291,2302,7.910652921
Bihar,SARAN,2002,Whole Year,Potato,5837,41960,7.188624293
Bihar,SARAN,2002,Whole Year,Sannhamp,39,24,0.615384615
Bihar,SARAN,2002,Whole Year,Sugarcane,507,20136,39.71597633
Bihar,SARAN,2002,Whole Year,Sweet potato,47,486,10.34042553
Bihar,SARAN,2002,Whole Year,Tobacco,13,14,1.076923077
Bihar,SARAN,2002,Winter,Rice,69929,81950,1.17190293
Bihar,SARAN,2003,Autumn,Rice,8705,7434,0.853991959
Bihar,SARAN,2003,Kharif,Arhar/Tur,1832,2420,1.320960699
Bihar,SARAN,2003,Kharif,Bajra,97,101,1.041237113
Bihar,SARAN,2003,Kharif,Jowar,27,27,1
Bihar,SARAN,2003,Kharif,Jute,18,134,7.444444444
Bihar,SARAN,2003,Kharif,Maize,17975,22654,1.260305981
Bihar,SARAN,2003,Kharif,Mesta,142,985,6.936619718
Bihar,SARAN,2003,Kharif,Ragi,762,687,0.901574803
Bihar,SARAN,2003,Kharif,Sesamum,9,7,0.777777778
Bihar,SARAN,2003,Kharif,Small millets,616,479,0.777597403
Bihar,SARAN,2003,Kharif,Urad,155,115,0.741935484
Bihar,SARAN,2003,Rabi,Barley,318,539,1.694968553
Bihar,SARAN,2003,Rabi,Gram,195,191,0.979487179
Bihar,SARAN,2003,Rabi,Khesari,204,188,0.921568627
Bihar,SARAN,2003,Rabi,Linseed,114,89,0.780701754
Bihar,SARAN,2003,Rabi,Maize,4463,9917,2.22204795
Bihar,SARAN,2003,Rabi,Masoor,613,573,0.934747145
Bihar,SARAN,2003,Rabi,Other  Rabi pulses,260,257,0.988461538
Bihar,SARAN,2003,Rabi,Peas & beans (Pulses),376,351,0.933510638
Bihar,SARAN,2003,Rabi,Rapeseed &Mustard,2813,3463,1.231070032
Bihar,SARAN,2003,Rabi,Wheat,94593,208739,2.206706627
Bihar,SARAN,2003,Summer,Maize,7183,29034,4.042043714
Bihar,SARAN,2003,Summer,Moong(Green Gram),3498,1459,0.417095483
Bihar,SARAN,2003,Summer,Rice,360,539,1.497222222
Bihar,SARAN,2003,Whole Year,Banana,26,430,16.53846154
Bihar,SARAN,2003,Whole Year,Dry chillies,5,3,0.6
Bihar,SARAN,2003,Whole Year,Garlic,51,77,1.509803922
Bihar,SARAN,2003,Whole Year,Onion,392,3383,8.630102041
Bihar,SARAN,2003,Whole Year,Potato,5499,55944,10.17348609
Bihar,SARAN,2003,Whole Year,Sannhamp,10,7,0.7
Bihar,SARAN,2003,Whole Year,Sugarcane,429,17371,40.49184149
Bihar,SARAN,2003,Whole Year,Sweet potato,14,202,14.42857143
Bihar,SARAN,2003,Winter,Rice,69859,133513,1.91117823
Bihar,SARAN,2004,Autumn,Rice,8505,5324,0.625984715
Bihar,SARAN,2004,Kharif,Arhar/Tur,1596,1995,1.25
Bihar,SARAN,2004,Kharif,Bajra,5,5,1
Bihar,SARAN,2004,Kharif,Maize,16583,31709,1.912138937
Bihar,SARAN,2004,Kharif,Mesta,32,255,7.96875
Bihar,SARAN,2004,Kharif,Moong(Green Gram),4,2,0.5
Bihar,SARAN,2004,Kharif,Other Kharif pulses,1,,
Bihar,SARAN,2004,Kharif,Ragi,575,554,0.963478261
Bihar,SARAN,2004,Kharif,Sesamum,3,2,0.666666667
Bihar,SARAN,2004,Kharif,Small millets,758,617,0.813984169
Bihar,SARAN,2004,Kharif,Sunflower,3,4,1.333333333
Bihar,SARAN,2004,Kharif,Urad,292,213,0.729452055
Bihar,SARAN,2004,Rabi,Barley,285,426,1.494736842
Bihar,SARAN,2004,Rabi,Gram,962,802,0.833679834
Bihar,SARAN,2004,Rabi,Khesari,215,145,0.674418605
Bihar,SARAN,2004,Rabi,Linseed,27,23,0.851851852
Bihar,SARAN,2004,Rabi,Maize,5210,13067,2.50806142
Bihar,SARAN,2004,Rabi,Masoor,376,267,0.710106383
Bihar,SARAN,2004,Rabi,Other  Rabi pulses,49,48,0.979591837
Bihar,SARAN,2004,Rabi,Peas & beans (Pulses),354,312,0.881355932
Bihar,SARAN,2004,Rabi,Rapeseed &Mustard,2858,3295,1.152904129
Bihar,SARAN,2004,Rabi,Wheat,94074,200718,2.133618215
Bihar,SARAN,2004,Summer,Maize,6806,22808,3.351160741
Bihar,SARAN,2004,Summer,Moong(Green Gram),3782,1433,0.378900053
Bihar,SARAN,2004,Summer,Rice,351,483,1.376068376
Bihar,SARAN,2004,Whole Year,Banana,57,731,12.8245614
Bihar,SARAN,2004,Whole Year,Coriander,2,1,0.5
Bihar,SARAN,2004,Whole Year,Garlic,39,59,1.512820513
Bihar,SARAN,2004,Whole Year,Onion,462,4625,10.01082251
Bihar,SARAN,2004,Whole Year,Potato,4461,41416,9.284017037
Bihar,SARAN,2004,Whole Year,Sannhamp,1,1,1
Bihar,SARAN,2004,Whole Year,Sugarcane,283,10434,36.86925795
Bihar,SARAN,2004,Whole Year,Sweet potato,5,54,10.8
Bihar,SARAN,2004,Whole Year,Tobacco,3,3,1
Bihar,SARAN,2004,Winter,Rice,72581,53015,0.730425318
Bihar,SARAN,2005,Autumn,Rice,9609,14702,1.530023936
Bihar,SARAN,2005,Kharif,Arhar/Tur,1473,1309,0.888662593
Bihar,SARAN,2005,Kharif,Bajra,53,56,1.056603774
Bihar,SARAN,2005,Kharif,Maize,18368,35224,1.917682927
Bihar,SARAN,2005,Kharif,Mesta,67,660,9.850746269
Bihar,SARAN,2005,Kharif,Moong(Green Gram),26,15,0.576923077
Bihar,SARAN,2005,Kharif,Other Kharif pulses,7,4,0.571428571
Bihar,SARAN,2005,Kharif,Ragi,566,445,0.786219081
Bihar,SARAN,2005,Kharif,Small millets,1017,754,0.741396264
Bihar,SARAN,2005,Kharif,Sunflower,10,15,1.5
Bihar,SARAN,2005,Kharif,Urad,306,234,0.764705882
Bihar,SARAN,2005,Rabi,Barley,207,375,1.811594203
Bihar,SARAN,2005,Rabi,Gram,201,189,0.940298507
Bihar,SARAN,2005,Rabi,Khesari,214,170,0.794392523
Bihar,SARAN,2005,Rabi,Linseed,34,29,0.852941176
Bihar,SARAN,2005,Rabi,Maize,4967,9149,1.841956916
Bihar,SARAN,2005,Rabi,Masoor,500,370,0.74
Bihar,SARAN,2005,Rabi,Other  Rabi pulses,290,287,0.989655172
Bihar,SARAN,2005,Rabi,Peas & beans (Pulses),301,277,0.920265781
Bihar,SARAN,2005,Rabi,Rapeseed &Mustard,3197,3245,1.015014076
Bihar,SARAN,2005,Rabi,Safflower,1,1,1
Bihar,SARAN,2005,Rabi,Wheat,87669,149922,1.710091366
Bihar,SARAN,2005,Summer,Maize,4931,7429,1.506590955
Bihar,SARAN,2005,Summer,Moong(Green Gram),2875,1343,0.467130435
Bihar,SARAN,2005,Summer,Rice,340,561,1.65
Bihar,SARAN,2005,Whole Year,Banana,45,690,15.33333333
Bihar,SARAN,2005,Whole Year,Garlic,40,59,1.475
Bihar,SARAN,2005,Whole Year,Onion,450,4703,10.45111111
Bihar,SARAN,2005,Whole Year,Potato,4610,47006,10.19652928
Bihar,SARAN,2005,Whole Year,Sannhamp,30,24,0.8
Bihar,SARAN,2005,Whole Year,Sugarcane,283,11965,42.27915194
Bihar,SARAN,2005,Whole Year,Sweet potato,30,471,15.7
Bihar,SARAN,2005,Winter,Rice,77499,102693,1.325088066
Bihar,SARAN,2006,Autumn,Rice,10028,13946,1.390706023
Bihar,SARAN,2006,Kharif,Arhar/Tur,1479,1781,1.204192022
Bihar,SARAN,2006,Kharif,Bajra,35,38,1.085714286
Bihar,SARAN,2006,Kharif,Jowar,27,28,1.037037037
Bihar,SARAN,2006,Kharif,Maize,17974,26446,1.471347502
Bihar,SARAN,2006,Kharif,Moong(Green Gram),3,2,0.666666667
Bihar,SARAN,2006,Kharif,Ragi,634,470,0.741324921
Bihar,SARAN,2006,Kharif,Sannhamp,14,12,0.857142857
Bihar,SARAN,2006,Kharif,Sesamum,4,3,0.75
Bihar,SARAN,2006,Kharif,Urad,305,236,0.773770492
Bihar,SARAN,2006,Rabi,Barley,277,296,1.068592058
Bihar,SARAN,2006,Rabi,Gram,89,75,0.842696629
Bihar,SARAN,2006,Rabi,Khesari,213,168,0.788732394
Bihar,SARAN,2006,Rabi,Linseed,58,49,0.844827586
Bihar,SARAN,2006,Rabi,Maize,4850,10942,2.256082474
Bihar,SARAN,2006,Rabi,Masoor,414,301,0.72705314
Bihar,SARAN,2006,Rabi,Peas & beans (Pulses),344,320,0.930232558
Bihar,SARAN,2006,Rabi,Rapeseed &Mustard,2956,3039,1.028078484
Bihar,SARAN,2006,Rabi,Sunflower,7,10,1.428571429
Bihar,SARAN,2006,Rabi,Wheat,88112,206367,2.342098693
Bihar,SARAN,2006,Summer,Maize,4953,16447,3.320613769
Bihar,SARAN,2006,Summer,Moong(Green Gram),3325,2850,0.857142857
Bihar,SARAN,2006,Summer,Rice,332,508,1.530120482
Bihar,SARAN,2006,Winter,Rice,76392,83215,1.089315635
Bihar,SARAN,2007,Autumn,Maize,13197,13502,1.023111313
Bihar,SARAN,2007,Autumn,Rice,9320,12405,1.331008584
Bihar,SARAN,2007,Kharif,Arhar/Tur,1176,954,0.81122449
Bihar,SARAN,2007,Kharif,Bajra,4,4,1
Bihar,SARAN,2007,Kharif,Jowar,293,322,1.098976109
Bihar,SARAN,2007,Kharif,Mesta,38,352,9.263157895
Bihar,SARAN,2007,Kharif,Moong(Green Gram),30,17,0.566666667
Bihar,SARAN,2007,Kharif,Ragi,367,293,0.798365123
Bihar,SARAN,2007,Kharif,Sannhamp,29,122.22,4.214482759
Bihar,SARAN,2007,Kharif,Small millets,415,315,0.759036145
Bihar,SARAN,2007,Kharif,Urad,334,263,0.78742515
Bihar,SARAN,2007,Rabi,Barley,256,377,1.47265625
Bihar,SARAN,2007,Rabi,Gram,1129,2535,2.245349867
Bihar,SARAN,2007,Rabi,Khesari,180,151,0.838888889
Bihar,SARAN,2007,Rabi,Linseed,56,46,0.821428571
Bihar,SARAN,2007,Rabi,Maize,5416,8877,1.639032496
Bihar,SARAN,2007,Rabi,Masoor,435,335,0.770114943
Bihar,SARAN,2007,Rabi,Other  Rabi pulses,4,3,0.75
Bihar,SARAN,2007,Rabi,Peas & beans (Pulses),354,381,1.076271186
Bihar,SARAN,2007,Rabi,Rapeseed &Mustard,2772,3088,1.113997114
Bihar,SARAN,2007,Rabi,Sunflower,13,18,1.384615385
Bihar,SARAN,2007,Rabi,Wheat,93092,236066,2.535835518
Bihar,SARAN,2007,Summer,Maize,6733,12187,1.810040101
Bihar,SARAN,2007,Summer,Moong(Green Gram),2703,1789,0.661857196
Bihar,SARAN,2007,Summer,Rice,313,362,1.156549521
Bihar,SARAN,2007,Whole Year,Banana,91,1189,13.06593407
Bihar,SARAN,2007,Whole Year,Dry chillies,13,17,1.307692308
Bihar,SARAN,2007,Whole Year,Garlic,41,59,1.43902439
Bihar,SARAN,2007,Whole Year,Onion,479,4733,9.881002088
Bihar,SARAN,2007,Whole Year,Potato,5510,57789,10.48802178
Bihar,SARAN,2007,Whole Year,Sugarcane,312,10732,34.3974359
Bihar,SARAN,2007,Whole Year,Sweet potato,28,371,13.25
Bihar,SARAN,2007,Winter,Rice,72478,109428,1.509809873
Bihar,SARAN,2008,Autumn,Maize,16821,7951,0.472682956
Bihar,SARAN,2008,Autumn,Rice,8752,11920,1.361974406
Bihar,SARAN,2008,Kharif,Arhar/Tur,955,1112,1.164397906
Bihar,SARAN,2008,Kharif,Bajra,4,4,1
Bihar,SARAN,2008,Kharif,Jowar,15,16,1.066666667
Bihar,SARAN,2008,Kharif,Jute,13,104,8
Bihar,SARAN,2008,Kharif,Mesta,41,356,8.682926829
Bihar,SARAN,2008,Kharif,Moong(Green Gram),41,23,0.56097561
Bihar,SARAN,2008,Kharif,Potato,862,6465,7.5
Bihar,SARAN,2008,Kharif,Ragi,262,87,0.332061069
Bihar,SARAN,2008,Kharif,Sannhamp,2,11.11,5.555
Bihar,SARAN,2008,Kharif,Small millets,493,378,0.76673428
Bihar,SARAN,2008,Kharif,Urad,160,121,0.75625
Bihar,SARAN,2008,Rabi,Barley,233,255,1.094420601
Bihar,SARAN,2008,Rabi,Gram,102,174,1.705882353
Bihar,SARAN,2008,Rabi,Khesari,102,84,0.823529412
Bihar,SARAN,2008,Rabi,Linseed,55,47,0.854545455
Bihar,SARAN,2008,Rabi,Maize,5503,12563,2.28293658
Bihar,SARAN,2008,Rabi,Masoor,425,345,0.811764706
Bihar,SARAN,2008,Rabi,Other  Rabi pulses,271,201,0.741697417
Bihar,SARAN,2008,Rabi,Peas & beans (Pulses),374,360,0.962566845
Bihar,SARAN,2008,Rabi,Potato,5231,48073,9.190021028
Bihar,SARAN,2008,Rabi,Rapeseed &Mustard,2694,2966,1.100965108
Bihar,SARAN,2008,Rabi,Safflower,4,3,0.75
Bihar,SARAN,2008,Rabi,Sunflower,13,18,1.384615385
Bihar,SARAN,2008,Rabi,Sweet potato,17,250,14.70588235
Bihar,SARAN,2008,Rabi,Wheat,95363,235876,2.473454065
Bihar,SARAN,2008,Summer,Maize,6890,22509,3.266908563
Bihar,SARAN,2008,Summer,Moong(Green Gram),3009,2016,0.66999003
Bihar,SARAN,2008,Summer,Rice,333,536,1.60960961
Bihar,SARAN,2008,Whole Year,Dry chillies,16,23,1.4375
Bihar,SARAN,2008,Whole Year,Garlic,46,73,1.586956522
Bihar,SARAN,2008,Whole Year,Onion,368,3426,9.309782609
Bihar,SARAN,2008,Winter,Rice,72442,105005,1.449504431
Bihar,SARAN,2009,Autumn,Maize,13282,19565,1.473046228
Bihar,SARAN,2009,Autumn,Rice,11259,13364,1.186961542
Bihar,SARAN,2009,Kharif,Arhar/Tur,970,866,0.892783505
Bihar,SARAN,2009,Kharif,Bajra,5,6,1.2
Bihar,SARAN,2009,Kharif,Jute,13,119,9.153846154
Bihar,SARAN,2009,Kharif,Mesta,24,172,7.166666667
Bihar,SARAN,2009,Kharif,Moong(Green Gram),23,15,0.652173913
Bihar,SARAN,2009,Kharif,Other Kharif pulses,7,5,0.714285714
Bihar,SARAN,2009,Kharif,Ragi,327,102,0.311926606
Bihar,SARAN,2009,Kharif,Small millets,163,125,0.766871166
Bihar,SARAN,2009,Kharif,Urad,229,225,0.982532751
Bihar,SARAN,2009,Rabi,Barley,154,174,1.12987013
Bihar,SARAN,2009,Rabi,Gram,122,166,1.360655738
Bihar,SARAN,2009,Rabi,Khesari,139,144,1.035971223
Bihar,SARAN,2009,Rabi,Linseed,7,6,0.857142857
Bihar,SARAN,2009,Rabi,Maize,6099,10454,1.714051484
Bihar,SARAN,2009,Rabi,Masoor,308,275,0.892857143
Bihar,SARAN,2009,Rabi,Peas & beans (Pulses),298,298,1
Bihar,SARAN,2009,Rabi,Rapeseed &Mustard,3333,3476,1.04290429
Bihar,SARAN,2009,Rabi,Wheat,92333,213911,2.316733995
Bihar,SARAN,2009,Summer,Maize,5842,9563,1.636939404
Bihar,SARAN,2009,Summer,Moong(Green Gram),2501,688,0.275089964
Bihar,SARAN,2009,Summer,Rice,88,172,1.954545455
Bihar,SARAN,2009,Whole Year,Sugarcane,112,5207,46.49107143
Bihar,SARAN,2009,Winter,Rice,65010,69763,1.073111829
Bihar,SARAN,2010,Autumn,Maize,17483,25111,1.436309558
Bihar,SARAN,2010,Autumn,Rice,5872,6406,1.090940054
Bihar,SARAN,2010,Kharif,Arhar/Tur,731,998,1.365253078
Bihar,SARAN,2010,Kharif,Mesta,35,295,8.428571429
Bihar,SARAN,2010,Kharif,Ragi,244,210,0.860655738
Bihar,SARAN,2010,Kharif,Small millets,143,110,0.769230769
Bihar,SARAN,2010,Kharif,Urad,90,78,0.866666667
Bihar,SARAN,2010,Rabi,Gram,63,51,0.80952381
Bihar,SARAN,2010,Rabi,Khesari,83,82,0.987951807
Bihar,SARAN,2010,Rabi,Linseed,3,2,0.666666667
Bihar,SARAN,2010,Rabi,Maize,5388,13917,2.582962138
Bihar,SARAN,2010,Rabi,Masoor,154,145,0.941558442
Bihar,SARAN,2010,Rabi,Other  Rabi pulses,8,6,0.75
Bihar,SARAN,2010,Rabi,Peas & beans (Pulses),59,61,1.033898305
Bihar,SARAN,2010,Rabi,Rapeseed &Mustard,2784,2450,0.880028736
Bihar,SARAN,2010,Rabi,Sunflower,2,3,1.5
Bihar,SARAN,2010,Rabi,Wheat,78359,217875,2.78047193
Bihar,SARAN,2010,Summer,Maize,5563,15473,2.781412907
Bihar,SARAN,2010,Summer,Moong(Green Gram),2398,1235,0.51501251
Bihar,SARAN,2010,Summer,Rice,286,556,1.944055944
Bihar,SARAN,2010,Whole Year,Sugarcane,3566,148664,41.68928772
Bihar,SARAN,2010,Winter,Rice,65124,82372,1.264848597
Bihar,SARAN,2011,Autumn,Maize,17843,29572,1.657344617
Bihar,SARAN,2011,Autumn,Rice,2913,4948,1.698592516
Bihar,SARAN,2011,Kharif,Arhar/Tur,876,1031,1.176940639
Bihar,SARAN,2011,Kharif,Moong(Green Gram),7,5,0.714285714
Bihar,SARAN,2011,Kharif,Other Kharif pulses,39,29,0.743589744
Bihar,SARAN,2011,Kharif,Ragi,273,499,1.827838828
Bihar,SARAN,2011,Kharif,Sesamum,2,2,1
Bihar,SARAN,2011,Kharif,Small millets,208,159,0.764423077
Bihar,SARAN,2011,Kharif,Urad,98,90,0.918367347
Bihar,SARAN,2011,Rabi,Barley,66,102,1.545454545
Bihar,SARAN,2011,Rabi,Gram,21,27,1.285714286
Bihar,SARAN,2011,Rabi,Khesari,104,132,1.269230769
Bihar,SARAN,2011,Rabi,Linseed,3,3,1
Bihar,SARAN,2011,Rabi,Maize,6727,28200,4.19206184
Bihar,SARAN,2011,Rabi,Masoor,222,226,1.018018018
Bihar,SARAN,2011,Rabi,Peas & beans (Pulses),163,168,1.030674847
Bihar,SARAN,2011,Rabi,Rapeseed &Mustard,3444,3451,1.00203252
Bihar,SARAN,2011,Rabi,Sunflower,2,3,1.5
Bihar,SARAN,2011,Rabi,Wheat,83609,276473,3.306737313
Bihar,SARAN,2011,Summer,Maize,4615,17303,3.749295775
Bihar,SARAN,2011,Summer,Moong(Green Gram),2507,1101,0.439170323
Bihar,SARAN,2011,Summer,Rice,273,547,2.003663004
Bihar,SARAN,2011,Winter,Rice,74486,130617,1.753577854
Bihar,SARAN,2012,Autumn,Maize,16787,34940,2.081372491
Bihar,SARAN,2012,Autumn,Rice,479,1008,2.104384134
Bihar,SARAN,2012,Kharif,Arhar/Tur,863,999,1.157589803
Bihar,SARAN,2012,Kharif,Jowar,221,237,1.07239819
Bihar,SARAN,2012,Kharif,Mesta,8,19,2.375
Bihar,SARAN,2012,Kharif,Ragi,201,245,1.218905473
Bihar,SARAN,2012,Kharif,Sesamum,8,7,0.875
Bihar,SARAN,2012,Kharif,Small millets,236,181,0.766949153
Bihar,SARAN,2012,Kharif,Urad,140,128,0.914285714
Bihar,SARAN,2012,Rabi,Barley,7,10,1.428571429
Bihar,SARAN,2012,Rabi,Gram,8,11,1.375
Bihar,SARAN,2012,Rabi,Khesari,126,148,1.174603175
Bihar,SARAN,2012,Rabi,Maize,6054,16679,2.755037991
Bihar,SARAN,2012,Rabi,Masoor,184,211,1.14673913
Bihar,SARAN,2012,Rabi,Other  Rabi pulses,3,3,1
Bihar,SARAN,2012,Rabi,Peas & beans (Pulses),154,160,1.038961039
Bihar,SARAN,2012,Rabi,Rapeseed &Mustard,2912,1319,0.452953297
Bihar,SARAN,2012,Rabi,Wheat,81527,233254,2.861064433
Bihar,SARAN,2012,Summer,Maize,4615,13529,2.931527627
Bihar,SARAN,2012,Summer,Moong(Green Gram),2507,1359,0.54208217
Bihar,SARAN,2012,Summer,Rice,273,772,2.827838828
Bihar,SARAN,2012,Whole Year,Sugarcane,518,24912,48.09266409
Bihar,SARAN,2012,Winter,Rice,70129,164814,2.350154715
Bihar,SARAN,2013,Autumn,Maize,15762,43669,2.770524045
Bihar,SARAN,2013,Autumn,Rice,1261,2075,1.645519429
Bihar,SARAN,2013,Kharif,Arhar/Tur,756,1662,2.198412698
Bihar,SARAN,2013,Kharif,Ragi,388,332,0.855670103
Bihar,SARAN,2013,Kharif,Sannhamp,31,25,0.806451613
Bihar,SARAN,2013,Kharif,Sesamum,19,16,0.842105263
Bihar,SARAN,2013,Kharif,Small millets,136,103,0.757352941
Bihar,SARAN,2013,Kharif,Urad,84,76,0.904761905
Bihar,SARAN,2013,Rabi,Barley,8,11,1.375
Bihar,SARAN,2013,Rabi,Gram,7,8,1.142857143
Bihar,SARAN,2013,Rabi,Khesari,117,131,1.11965812
Bihar,SARAN,2013,Rabi,Maize,7754,22378,2.885994326
Bihar,SARAN,2013,Rabi,Masoor,100,127,1.27
Bihar,SARAN,2013,Rabi,Peas & beans (Pulses),194,243,1.25257732
Bihar,SARAN,2013,Rabi,Rapeseed &Mustard,2576,3264,1.267080745
Bihar,SARAN,2013,Rabi,Wheat,86869,273098,3.143791226
Bihar,SARAN,2013,Summer,Maize,4846,23354,4.819232357
Bihar,SARAN,2013,Summer,Moong(Green Gram),1749,1175,0.671812464
Bihar,SARAN,2013,Summer,Rice,2855,6653,2.330297723
Bihar,SARAN,2013,Whole Year,Sugarcane,546,29708,54.41025641
Bihar,SARAN,2013,Winter,Rice,70608,121823,1.725342737
Bihar,SARAN,2014,Autumn,Maize,15387,40056,2.603236498
Bihar,SARAN,2014,Autumn,Rice,910,1831,2.012087912
Bihar,SARAN,2014,Kharif,Arhar/Tur,789,963,1.220532319
Bihar,SARAN,2014,Kharif,Mesta,24,320,13.33333333
Bihar,SARAN,2014,Kharif,Moong(Green Gram),3,2,0.666666667
Bihar,SARAN,2014,Kharif,Ragi,314,460,1.464968153
Bihar,SARAN,2014,Kharif,Sannhamp,31,25,0.806451613
Bihar,SARAN,2014,Kharif,Sesamum,81,70,0.864197531
Bihar,SARAN,2014,Kharif,Small millets,236,178,0.754237288
Bihar,SARAN,2014,Kharif,Urad,92,84,0.913043478
Bihar,SARAN,2014,Rabi,Barley,16,18,1.125
Bihar,SARAN,2014,Rabi,Gram,22,21,0.954545455
Bihar,SARAN,2014,Rabi,Khesari,118,117,0.991525424
Bihar,SARAN,2014,Rabi,Linseed,16,14,0.875
Bihar,SARAN,2014,Rabi,Maize,6309,19394,3.074021239
Bihar,SARAN,2014,Rabi,Masoor,112,163,1.455357143
Bihar,SARAN,2014,Rabi,Other  Rabi pulses,31,31,1
Bihar,SARAN,2014,Rabi,Peas & beans (Pulses),180,225,1.25
Bihar,SARAN,2014,Rabi,Rapeseed &Mustard,3608,2883,0.79905765
Bihar,SARAN,2014,Rabi,Sunflower,55,68,1.236363636
Bihar,SARAN,2014,Rabi,Wheat,84456,170369,2.017251587
Bihar,SARAN,2014,Summer,Maize,6120,21308,3.481699346
Bihar,SARAN,2014,Summer,Moong(Green Gram),2027,2143,1.05722743
Bihar,SARAN,2014,Whole Year,Sugarcane,417,23948,57.42925659
Bihar,SARAN,2014,Winter,Rice,71635,162891,2.273902422
Bihar,SHEIKHPURA,1997,Kharif,Arhar/Tur,85,61,0.717647059
Bihar,SHEIKHPURA,1997,Kharif,Maize,887,450,0.507328072
Bihar,SHEIKHPURA,1997,Kharif,Small millets,3,2,0.666666667
Bihar,SHEIKHPURA,1997,Rabi,Barley,12,4,0.333333333
Bihar,SHEIKHPURA,1997,Rabi,Gram,1121,453,0.404103479
Bihar,SHEIKHPURA,1997,Rabi,Linseed,562,259,0.460854093
Bihar,SHEIKHPURA,1997,Rabi,Maize,65,246,3.784615385
Bihar,SHEIKHPURA,1997,Rabi,Other  Rabi pulses,50,37,0.74
Bihar,SHEIKHPURA,1997,Rabi,Rapeseed &Mustard,899,743,0.82647386
Bihar,SHEIKHPURA,1997,Rabi,Sunflower,18,10,0.555555556
Bihar,SHEIKHPURA,1997,Rabi,Wheat,19402,39713,2.04685084
Bihar,SHEIKHPURA,1997,Summer,Maize,121,272,2.247933884
Bihar,SHEIKHPURA,1997,Summer,Rice,12,24,2
Bihar,SHEIKHPURA,1997,Whole Year,Onion,267,2379,8.91011236
Bihar,SHEIKHPURA,1997,Whole Year,Potato,403,4374,10.85359801
Bihar,SHEIKHPURA,1997,Whole Year,Sannhamp,18,8,0.444444444
Bihar,SHEIKHPURA,1997,Whole Year,Sugarcane,16,866,54.125
Bihar,SHEIKHPURA,1997,Winter,Rice,30284,44202,1.459582618
Bihar,SHEIKHPURA,1998,Kharif,Arhar/Tur,115,154,1.339130435
Bihar,SHEIKHPURA,1998,Kharif,Maize,507,242,0.477317554
Bihar,SHEIKHPURA,1998,Kharif,Other Kharif pulses,2,2,1
Bihar,SHEIKHPURA,1998,Kharif,Small millets,8,4,0.5
Bihar,SHEIKHPURA,1998,Kharif,Sunflower,15,14,0.933333333
Bihar,SHEIKHPURA,1998,Rabi,Barley,60,59,0.983333333
Bihar,SHEIKHPURA,1998,Rabi,Gram,950,903,0.950526316
Bihar,SHEIKHPURA,1998,Rabi,Linseed,135,74,0.548148148
Bihar,SHEIKHPURA,1998,Rabi,Maize,71,254,3.577464789
Bihar,SHEIKHPURA,1998,Rabi,Other  Rabi pulses,3384,3075,0.908687943
Bihar,SHEIKHPURA,1998,Rabi,Rapeseed &Mustard,374,415,1.109625668
Bihar,SHEIKHPURA,1998,Rabi,Wheat,21487,44376,2.065248755
Bihar,SHEIKHPURA,1998,Summer,Maize,74,128,1.72972973
Bihar,SHEIKHPURA,1998,Whole Year,Onion,647,9796,15.14064915
Bihar,SHEIKHPURA,1998,Whole Year,Potato,823,7860,9.550425273
Bihar,SHEIKHPURA,1998,Whole Year,Sannhamp,32,9,0.28125
Bihar,SHEIKHPURA,1998,Whole Year,Sugarcane,64,3227,50.421875
Bihar,SHEIKHPURA,1998,Winter,Rice,22716,31641,1.392894876
Bihar,SHEIKHPURA,1999,Kharif,Arhar/Tur,58,89,1.534482759
Bihar,SHEIKHPURA,1999,Kharif,Jowar,33,39,1.181818182
Bihar,SHEIKHPURA,1999,Kharif,Maize,4097,5350,1.305833537
Bihar,SHEIKHPURA,1999,Kharif,Moong(Green Gram),9,5,0.555555556
Bihar,SHEIKHPURA,1999,Rabi,Gram,806,667,0.827543424
Bihar,SHEIKHPURA,1999,Rabi,Khesari,1736,1868,1.076036866
Bihar,SHEIKHPURA,1999,Rabi,Linseed,235,132,0.561702128
Bihar,SHEIKHPURA,1999,Rabi,Maize,18,66,3.666666667
Bihar,SHEIKHPURA,1999,Rabi,Masoor,1672,1202,0.718899522
Bihar,SHEIKHPURA,1999,Rabi,Peas & beans (Pulses),26,19,0.730769231
Bihar,SHEIKHPURA,1999,Rabi,Rapeseed &Mustard,351,147,0.418803419
Bihar,SHEIKHPURA,1999,Rabi,Wheat,17720,32755,1.848476298
Bihar,SHEIKHPURA,1999,Summer,Maize,46,174,3.782608696
Bihar,SHEIKHPURA,1999,Whole Year,Onion,499,5994,12.01202405
Bihar,SHEIKHPURA,1999,Whole Year,Potato,420,4707,11.20714286
Bihar,SHEIKHPURA,1999,Whole Year,Sugarcane,238,10752,45.17647059
Bihar,SHEIKHPURA,2000,Autumn,Rice,23987,31950,1.331971485
Bihar,SHEIKHPURA,2000,Kharif,Arhar/Tur,94,167,1.776595745
Bihar,SHEIKHPURA,2000,Kharif,Maize,907,1174,1.294377067
Bihar,SHEIKHPURA,2000,Kharif,Sunflower,1,1,1
Bihar,SHEIKHPURA,2000,Rabi,Barley,136,129,0.948529412
Bihar,SHEIKHPURA,2000,Rabi,Gram,841,887,1.05469679
Bihar,SHEIKHPURA,2000,Rabi,Khesari,2509,2384,0.950179354
Bihar,SHEIKHPURA,2000,Rabi,Linseed,339,231,0.681415929
Bihar,SHEIKHPURA,2000,Rabi,Maize,53,194,3.660377358
Bihar,SHEIKHPURA,2000,Rabi,Masoor,2367,2776,1.172792564
Bihar,SHEIKHPURA,2000,Rabi,Moong(Green Gram),1,,
Bihar,SHEIKHPURA,2000,Rabi,Peas & beans (Pulses),7,6,0.857142857
Bihar,SHEIKHPURA,2000,Rabi,Rapeseed &Mustard,403,177,0.439205955
Bihar,SHEIKHPURA,2000,Rabi,Wheat,20234,38098,1.882870416
Bihar,SHEIKHPURA,2000,Summer,Maize,145,369,2.544827586
Bihar,SHEIKHPURA,2000,Whole Year,Onion,54,426,7.888888889
Bihar,SHEIKHPURA,2000,Whole Year,Potato,505,5266,10.42772277
Bihar,SHEIKHPURA,2000,Whole Year,Sugarcane,228,10677,46.82894737
Bihar,SHEIKHPURA,2001,Autumn,Maize,832,1375,1.652644231
Bihar,SHEIKHPURA,2001,Autumn,Rice,13046,20193,1.547830753
Bihar,SHEIKHPURA,2001,Kharif,Arhar/Tur,289,410,1.418685121
Bihar,SHEIKHPURA,2001,Rabi,Gram,589,326,0.553480475
Bihar,SHEIKHPURA,2001,Rabi,Khesari,1341,1002,0.747203579
Bihar,SHEIKHPURA,2001,Rabi,Linseed,285,202,0.70877193
Bihar,SHEIKHPURA,2001,Rabi,Masoor,1709,926,0.541837332
Bihar,SHEIKHPURA,2001,Rabi,Rapeseed &Mustard,461,244,0.529284165
Bihar,SHEIKHPURA,2001,Rabi,Wheat,19323,30904,1.599337577
Bihar,SHEIKHPURA,2001,Summer,Maize,146,413,2.828767123
Bihar,SHEIKHPURA,2001,Whole Year,Onion,51,1233,24.17647059
Bihar,SHEIKHPURA,2001,Whole Year,Potato,354,3543,10.00847458
Bihar,SHEIKHPURA,2001,Whole Year,Sugarcane,244,12744,52.2295082
Bihar,SHEIKHPURA,2002,Autumn,Maize,865,1049,1.212716763
Bihar,SHEIKHPURA,2002,Kharif,Arhar/Tur,89,101,1.134831461
Bihar,SHEIKHPURA,2002,Rabi,Gram,766,612,0.798955614
Bihar,SHEIKHPURA,2002,Rabi,Khesari,2386,2088,0.875104778
Bihar,SHEIKHPURA,2002,Rabi,Linseed,380,289,0.760526316
Bihar,SHEIKHPURA,2002,Rabi,Maize,2,5,2.5
Bihar,SHEIKHPURA,2002,Rabi,Masoor,2790,1858,0.665949821
Bihar,SHEIKHPURA,2002,Rabi,Rapeseed &Mustard,446,167,0.374439462
Bihar,SHEIKHPURA,2002,Rabi,Wheat,17486,31902,1.824430973
Bihar,SHEIKHPURA,2002,Summer,Maize,82,162,1.975609756
Bihar,SHEIKHPURA,2002,Summer,Moong(Green Gram),2,1,0.5
Bihar,SHEIKHPURA,2002,Summer,Rice,33,47,1.424242424
Bihar,SHEIKHPURA,2002,Whole Year,Onion,59,507,8.593220339
Bihar,SHEIKHPURA,2002,Whole Year,Potato,271,2755,10.16605166
Bihar,SHEIKHPURA,2002,Whole Year,Sugarcane,70,2848,40.68571429
Bihar,SHEIKHPURA,2002,Winter,Rice,30340,57000,1.878707976
Bihar,SHEIKHPURA,2003,Kharif,Arhar/Tur,74,80,1.081081081
Bihar,SHEIKHPURA,2003,Kharif,Maize,845,1369,1.620118343
Bihar,SHEIKHPURA,2003,Kharif,Small millets,8,6,0.75
Bihar,SHEIKHPURA,2003,Rabi,Gram,2393,2692,1.124947764
Bihar,SHEIKHPURA,2003,Rabi,Khesari,2895,2904,1.003108808
Bihar,SHEIKHPURA,2003,Rabi,Linseed,316,234,0.740506329
Bihar,SHEIKHPURA,2003,Rabi,Maize,15,49,3.266666667
Bihar,SHEIKHPURA,2003,Rabi,Masoor,2468,2493,1.01012966
Bihar,SHEIKHPURA,2003,Rabi,Rapeseed &Mustard,359,256,0.713091922
Bihar,SHEIKHPURA,2003,Rabi,Wheat,22287,39392,1.767487773
Bihar,SHEIKHPURA,2003,Summer,Maize,194,712,3.670103093
Bihar,SHEIKHPURA,2003,Summer,Moong(Green Gram),6,3,0.5
Bihar,SHEIKHPURA,2003,Whole Year,Onion,226,2145,9.491150442
Bihar,SHEIKHPURA,2003,Whole Year,Potato,631,5958,9.442155309
Bihar,SHEIKHPURA,2003,Whole Year,Sannhamp,10,7,0.7
Bihar,SHEIKHPURA,2003,Whole Year,Sugarcane,20,923,46.15
Bihar,SHEIKHPURA,2003,Winter,Rice,29386,38431,1.307799632
Bihar,SHEIKHPURA,2004,Kharif,Arhar/Tur,122,186,1.524590164
Bihar,SHEIKHPURA,2004,Kharif,Maize,580,830,1.431034483
Bihar,SHEIKHPURA,2004,Kharif,Small millets,3,2,0.666666667
Bihar,SHEIKHPURA,2004,Kharif,Urad,3,2,0.666666667
Bihar,SHEIKHPURA,2004,Rabi,Gram,1223,1115,0.911692559
Bihar,SHEIKHPURA,2004,Rabi,Khesari,3330,1685,0.506006006
Bihar,SHEIKHPURA,2004,Rabi,Linseed,303,255,0.841584158
Bihar,SHEIKHPURA,2004,Rabi,Masoor,4202,2063,0.490956687
Bihar,SHEIKHPURA,2004,Rabi,Rapeseed &Mustard,571,626,1.096322242
Bihar,SHEIKHPURA,2004,Rabi,Wheat,15893,23427,1.474045177
Bihar,SHEIKHPURA,2004,Summer,Maize,182,408,2.241758242
Bihar,SHEIKHPURA,2004,Summer,Moong(Green Gram),3,1,0.333333333
Bihar,SHEIKHPURA,2004,Whole Year,Onion,405,2361,5.82962963
Bihar,SHEIKHPURA,2004,Whole Year,Potato,94,676,7.191489362
Bihar,SHEIKHPURA,2004,Whole Year,Sannhamp,2,2,1
Bihar,SHEIKHPURA,2004,Whole Year,Sugarcane,38,1824,48
Bihar,SHEIKHPURA,2004,Winter,Rice,8511,2844,0.334155798
Bihar,SHEIKHPURA,2005,Kharif,Arhar/Tur,156,242,1.551282051
Bihar,SHEIKHPURA,2005,Kharif,Maize,2131,3010,1.412482403
Bihar,SHEIKHPURA,2005,Kharif,Moong(Green Gram),2,1,0.5
Bihar,SHEIKHPURA,2005,Kharif,Ragi,13,12,0.923076923
Bihar,SHEIKHPURA,2005,Kharif,Small millets,2,1,0.5
Bihar,SHEIKHPURA,2005,Kharif,Urad,3,2,0.666666667
Bihar,SHEIKHPURA,2005,Rabi,Barley,1,1,1
Bihar,SHEIKHPURA,2005,Rabi,Gram,1530,1510,0.986928105
Bihar,SHEIKHPURA,2005,Rabi,Khesari,5732,6890,1.202023726
Bihar,SHEIKHPURA,2005,Rabi,Linseed,264,216,0.818181818
Bihar,SHEIKHPURA,2005,Rabi,Maize,16,63,3.9375
Bihar,SHEIKHPURA,2005,Rabi,Masoor,4678,4238,0.905942711
Bihar,SHEIKHPURA,2005,Rabi,Peas & beans (Pulses),173,168,0.971098266
Bihar,SHEIKHPURA,2005,Rabi,Rapeseed &Mustard,457,348,0.761487965
Bihar,SHEIKHPURA,2005,Rabi,Wheat,15813,28123,1.778473408
Bihar,SHEIKHPURA,2005,Summer,Maize,53,120,2.264150943
Bihar,SHEIKHPURA,2005,Whole Year,Onion,987,8617,8.730496454
Bihar,SHEIKHPURA,2005,Whole Year,Potato,368,3160,8.586956522
Bihar,SHEIKHPURA,2005,Whole Year,Sannhamp,8,6,0.75
Bihar,SHEIKHPURA,2005,Whole Year,Sugarcane,18,234,13
Bihar,SHEIKHPURA,2005,Winter,Rice,22472,21219,0.944241723
Bihar,SHEIKHPURA,2006,Kharif,Arhar/Tur,137,127,0.927007299
Bihar,SHEIKHPURA,2006,Kharif,Maize,1361,1632,1.199118295
Bihar,SHEIKHPURA,2006,Kharif,Sesamum,269,213,0.791821561
Bihar,SHEIKHPURA,2006,Kharif,Urad,2,1,0.5
Bihar,SHEIKHPURA,2006,Rabi,Gram,3271,2404,0.734943442
Bihar,SHEIKHPURA,2006,Rabi,Khesari,3736,4162,1.114025696
Bihar,SHEIKHPURA,2006,Rabi,Linseed,269,221,0.821561338
Bihar,SHEIKHPURA,2006,Rabi,Maize,13,64,4.923076923
Bihar,SHEIKHPURA,2006,Rabi,Masoor,3208,3397,1.058915212
Bihar,SHEIKHPURA,2006,Rabi,Peas & beans (Pulses),40,37,0.925
Bihar,SHEIKHPURA,2006,Rabi,Rapeseed &Mustard,471,337,0.715498938
Bihar,SHEIKHPURA,2006,Rabi,Wheat,20530,41845,2.038236727
Bihar,SHEIKHPURA,2006,Summer,Maize,57,210,3.684210526
Bihar,SHEIKHPURA,2006,Winter,Rice,39302,94300,2.399368989
Bihar,SHEIKHPURA,2007,Autumn,Maize,564,860,1.524822695
Bihar,SHEIKHPURA,2007,Kharif,Arhar/Tur,81,116,1.432098765
Bihar,SHEIKHPURA,2007,Kharif,Groundnut,2,1,0.5
Bihar,SHEIKHPURA,2007,Kharif,Ragi,1,1,1
Bihar,SHEIKHPURA,2007,Kharif,Urad,3,2,0.666666667
Bihar,SHEIKHPURA,2007,Rabi,Barley,96,109,1.135416667
Bihar,SHEIKHPURA,2007,Rabi,Gram,1603,2106,1.31378665
Bihar,SHEIKHPURA,2007,Rabi,Khesari,4492,4483,0.997996438
Bihar,SHEIKHPURA,2007,Rabi,Linseed,238,195,0.819327731
Bihar,SHEIKHPURA,2007,Rabi,Maize,50,252,5.04
Bihar,SHEIKHPURA,2007,Rabi,Masoor,4163,3564,0.85611338
Bihar,SHEIKHPURA,2007,Rabi,Peas & beans (Pulses),209,206,0.985645933
Bihar,SHEIKHPURA,2007,Rabi,Rapeseed &Mustard,470,446,0.94893617
Bihar,SHEIKHPURA,2007,Rabi,Wheat,20793,45699,2.197806954
Bihar,SHEIKHPURA,2007,Summer,Maize,53,195,3.679245283
Bihar,SHEIKHPURA,2007,Whole Year,Coriander,10,7,0.7
Bihar,SHEIKHPURA,2007,Whole Year,Onion,541,4626,8.550831793
Bihar,SHEIKHPURA,2007,Whole Year,Potato,609,5308,8.71592775
Bihar,SHEIKHPURA,2007,Whole Year,Sugarcane,42,58,1.380952381
Bihar,SHEIKHPURA,2007,Winter,Rice,32229,57099,1.77166527
Bihar,SHEIKHPURA,2008,Autumn,Maize,198,247,1.247474747
Bihar,SHEIKHPURA,2008,Kharif,Arhar/Tur,115,200,1.739130435
Bihar,SHEIKHPURA,2008,Kharif,Potato,212,1590,7.5
Bihar,SHEIKHPURA,2008,Rabi,Barley,97,64,0.659793814
Bihar,SHEIKHPURA,2008,Rabi,Gram,1523,2230,1.464215364
Bihar,SHEIKHPURA,2008,Rabi,Khesari,3967,4895,1.233929922
Bihar,SHEIKHPURA,2008,Rabi,Linseed,201,165,0.820895522
Bihar,SHEIKHPURA,2008,Rabi,Maize,29,109,3.75862069
Bihar,SHEIKHPURA,2008,Rabi,Masoor,5212,5144,0.986953185
Bihar,SHEIKHPURA,2008,Rabi,Peas & beans (Pulses),278,267,0.960431655
Bihar,SHEIKHPURA,2008,Rabi,Potato,315,444,1.40952381
Bihar,SHEIKHPURA,2008,Rabi,Rapeseed &Mustard,449,304,0.677060134
Bihar,SHEIKHPURA,2008,Rabi,Wheat,19959,42394,2.124054311
Bihar,SHEIKHPURA,2008,Summer,Maize,41,134,3.268292683
Bihar,SHEIKHPURA,2008,Whole Year,Onion,598,5268,8.809364548
Bihar,SHEIKHPURA,2008,Whole Year,Sugarcane,35,566,16.17142857
Bihar,SHEIKHPURA,2008,Winter,Rice,30563,69650,2.278899323
Bihar,SHEIKHPURA,2009,Autumn,Maize,125,165,1.32
Bihar,SHEIKHPURA,2009,Autumn,Rice,1,1,1
Bihar,SHEIKHPURA,2009,Kharif,Arhar/Tur,192,337,1.755208333
Bihar,SHEIKHPURA,2009,Kharif,Jowar,51,53,1.039215686
Bihar,SHEIKHPURA,2009,Rabi,Barley,6,5,0.833333333
Bihar,SHEIKHPURA,2009,Rabi,Gram,1271,1979,1.557041699
Bihar,SHEIKHPURA,2009,Rabi,Khesari,1651,2354,1.425802544
Bihar,SHEIKHPURA,2009,Rabi,Linseed,292,247,0.845890411
Bihar,SHEIKHPURA,2009,Rabi,Maize,128,334,2.609375
Bihar,SHEIKHPURA,2009,Rabi,Masoor,2980,3811,1.27885906
Bihar,SHEIKHPURA,2009,Rabi,Peas & beans (Pulses),16,16,1
Bihar,SHEIKHPURA,2009,Rabi,Rapeseed &Mustard,857,855,0.997666278
Bihar,SHEIKHPURA,2009,Rabi,Wheat,22380,53213,2.377703307
Bihar,SHEIKHPURA,2009,Summer,Maize,53,165,3.113207547
Bihar,SHEIKHPURA,2009,Summer,Moong(Green Gram),18,19,1.055555556
Bihar,SHEIKHPURA,2009,Whole Year,Sugarcane,31,1263,40.74193548
Bihar,SHEIKHPURA,2009,Winter,Rice,13953,12578,0.901454884
Bihar,SHEIKHPURA,2010,Autumn,Maize,257,290,1.128404669
Bihar,SHEIKHPURA,2010,Kharif,Arhar/Tur,232,388,1.672413793
Bihar,SHEIKHPURA,2010,Kharif,Sesamum,2,2,1
Bihar,SHEIKHPURA,2010,Rabi,Barley,5,5,1
Bihar,SHEIKHPURA,2010,Rabi,Gram,976,967,0.990778689
Bihar,SHEIKHPURA,2010,Rabi,Khesari,1762,1475,0.837116913
Bihar,SHEIKHPURA,2010,Rabi,Linseed,661,541,0.818456884
Bihar,SHEIKHPURA,2010,Rabi,Maize,135,567,4.2
Bihar,SHEIKHPURA,2010,Rabi,Masoor,3004,2316,0.770972037
Bihar,SHEIKHPURA,2010,Rabi,Peas & beans (Pulses),30,31,1.033333333
Bihar,SHEIKHPURA,2010,Rabi,Rapeseed &Mustard,711,454,0.638537271
Bihar,SHEIKHPURA,2010,Rabi,Wheat,21138,34343,1.624704324
Bihar,SHEIKHPURA,2010,Summer,Maize,50,193,3.86
Bihar,SHEIKHPURA,2010,Whole Year,Sugarcane,739,50113,67.81190798
Bihar,SHEIKHPURA,2010,Winter,Rice,8856,4205,0.474819332
Bihar,SHEIKHPURA,2011,Autumn,Maize,401,541,1.349127182
Bihar,SHEIKHPURA,2011,Autumn,Rice,63,95,1.507936508
Bihar,SHEIKHPURA,2011,Kharif,Arhar/Tur,147,289,1.965986395
Bihar,SHEIKHPURA,2011,Kharif,Urad,1,1,1
Bihar,SHEIKHPURA,2011,Rabi,Barley,1,1,1
Bihar,SHEIKHPURA,2011,Rabi,Gram,832,1166,1.401442308
Bihar,SHEIKHPURA,2011,Rabi,Khesari,2081,2784,1.337818357
Bihar,SHEIKHPURA,2011,Rabi,Linseed,359,311,0.866295265
Bihar,SHEIKHPURA,2011,Rabi,Maize,70,440,6.285714286
Bihar,SHEIKHPURA,2011,Rabi,Masoor,3200,2832,0.885
Bihar,SHEIKHPURA,2011,Rabi,Peas & beans (Pulses),28,29,1.035714286
Bihar,SHEIKHPURA,2011,Rabi,Rapeseed &Mustard,646,446,0.690402477
Bihar,SHEIKHPURA,2011,Rabi,Wheat,21961,62714,2.855698739
Bihar,SHEIKHPURA,2011,Summer,Maize,41,133,3.243902439
Bihar,SHEIKHPURA,2011,Summer,Moong(Green Gram),7,8,1.142857143
Bihar,SHEIKHPURA,2011,Winter,Rice,30870,69605,2.254778102
Bihar,SHEIKHPURA,2012,Autumn,Maize,251,569,2.266932271
Bihar,SHEIKHPURA,2012,Kharif,Arhar/Tur,181,517,2.856353591
Bihar,SHEIKHPURA,2012,Kharif,Horse-gram,25,24,0.96
Bihar,SHEIKHPURA,2012,Kharif,Moong(Green Gram),15,10,0.666666667
Bihar,SHEIKHPURA,2012,Kharif,Sannhamp,8,6,0.75
Bihar,SHEIKHPURA,2012,Rabi,Gram,944,1134,1.201271186
Bihar,SHEIKHPURA,2012,Rabi,Khesari,2110,2583,1.224170616
Bihar,SHEIKHPURA,2012,Rabi,Linseed,240,208,0.866666667
Bihar,SHEIKHPURA,2012,Rabi,Maize,68,233,3.426470588
Bihar,SHEIKHPURA,2012,Rabi,Masoor,2669,2490,0.932933683
Bihar,SHEIKHPURA,2012,Rabi,Peas & beans (Pulses),62,65,1.048387097
Bihar,SHEIKHPURA,2012,Rabi,Rapeseed &Mustard,476,224,0.470588235
Bihar,SHEIKHPURA,2012,Rabi,Wheat,21917,57849,2.639457955
Bihar,SHEIKHPURA,2012,Summer,Moong(Green Gram),5,3,0.6
Bihar,SHEIKHPURA,2012,Whole Year,Sugarcane,165,10854,65.78181818
Bihar,SHEIKHPURA,2012,Winter,Rice,22773,70540,3.097527774
Bihar,SHEIKHPURA,2013,Autumn,Maize,601,629,1.046589018
Bihar,SHEIKHPURA,2013,Kharif,Arhar/Tur,220,426,1.936363636
Bihar,SHEIKHPURA,2013,Rabi,Gram,1183,1530,1.293322063
Bihar,SHEIKHPURA,2013,Rabi,Khesari,2588,3007,1.161901082
Bihar,SHEIKHPURA,2013,Rabi,Linseed,396,337,0.851010101
Bihar,SHEIKHPURA,2013,Rabi,Maize,78,346,4.435897436
Bihar,SHEIKHPURA,2013,Rabi,Masoor,3681,3880,1.054061396
Bihar,SHEIKHPURA,2013,Rabi,Peas & beans (Pulses),64,68,1.0625
Bihar,SHEIKHPURA,2013,Rabi,Rapeseed &Mustard,418,261,0.624401914
Bihar,SHEIKHPURA,2013,Rabi,Wheat,20636,59604,2.888350456
Bihar,SHEIKHPURA,2013,Summer,Maize,37,73,1.972972973
Bihar,SHEIKHPURA,2013,Summer,Moong(Green Gram),11,13,1.181818182
Bihar,SHEIKHPURA,2013,Whole Year,Sugarcane,156,7591,48.66025641
Bihar,SHEIKHPURA,2013,Winter,Rice,14782,36825,2.49120552
Bihar,SHEIKHPURA,2014,Autumn,Maize,561,683,1.217468806
Bihar,SHEIKHPURA,2014,Kharif,Arhar/Tur,115,217,1.886956522
Bihar,SHEIKHPURA,2014,Rabi,Gram,1092,1251,1.145604396
Bihar,SHEIKHPURA,2014,Rabi,Khesari,1971,1872,0.949771689
Bihar,SHEIKHPURA,2014,Rabi,Linseed,143,123,0.86013986
Bihar,SHEIKHPURA,2014,Rabi,Maize,77,266,3.454545455
Bihar,SHEIKHPURA,2014,Rabi,Masoor,2996,3580,1.194926569
Bihar,SHEIKHPURA,2014,Rabi,Peas & beans (Pulses),130,131,1.007692308
Bihar,SHEIKHPURA,2014,Rabi,Rapeseed &Mustard,438,308,0.703196347
Bihar,SHEIKHPURA,2014,Rabi,Wheat,25250,55174,2.185108911
Bihar,SHEIKHPURA,2014,Summer,Maize,25,106,4.24
Bihar,SHEIKHPURA,2014,Summer,Moong(Green Gram),8,5,0.625
Bihar,SHEIKHPURA,2014,Whole Year,Sugarcane,167,10093,60.43712575
Bihar,SHEIKHPURA,2014,Winter,Rice,26738,101864,3.809709028
Bihar,SHEOHAR,1997,Autumn,Rice,5376,8612,1.601934524
Bihar,SHEOHAR,1997,Kharif,Arhar/Tur,362,425,1.174033149
Bihar,SHEOHAR,1997,Kharif,Groundnut,1,1,1
Bihar,SHEOHAR,1997,Kharif,Maize,23,44,1.913043478
Bihar,SHEOHAR,1997,Kharif,Sesamum,4,2,0.5
Bihar,SHEOHAR,1997,Kharif,Small millets,10,4,0.4
Bihar,SHEOHAR,1997,Rabi,Barley,38,56,1.473684211
Bihar,SHEOHAR,1997,Rabi,Linseed,467,231,0.494646681
Bihar,SHEOHAR,1997,Rabi,Maize,1197,3147,2.629072682
Bihar,SHEOHAR,1997,Rabi,Other  Rabi pulses,28,22,0.785714286
Bihar,SHEOHAR,1997,Rabi,Rapeseed &Mustard,371,320,0.862533693
Bihar,SHEOHAR,1997,Rabi,Safflower,9,6,0.666666667
Bihar,SHEOHAR,1997,Rabi,Sunflower,21,27,1.285714286
Bihar,SHEOHAR,1997,Rabi,Tobacco,34,24,0.705882353
Bihar,SHEOHAR,1997,Rabi,Wheat,11844,21103,1.781746032
Bihar,SHEOHAR,1997,Summer,Maize,799,1521,1.903629537
Bihar,SHEOHAR,1997,Summer,Rice,56,91,1.625
Bihar,SHEOHAR,1997,Whole Year,Banana,100,2539,25.39
Bihar,SHEOHAR,1997,Whole Year,Coriander,28,12,0.428571429
Bihar,SHEOHAR,1997,Whole Year,Dry chillies,1,1,1
Bihar,SHEOHAR,1997,Whole Year,Garlic,24,37,1.541666667
Bihar,SHEOHAR,1997,Whole Year,Onion,110,647,5.881818182
Bihar,SHEOHAR,1997,Whole Year,Potato,452,3413,7.550884956
Bihar,SHEOHAR,1997,Whole Year,Ragi,106,99,0.933962264
Bihar,SHEOHAR,1997,Whole Year,Sugarcane,1539,76247,49.54320988
Bihar,SHEOHAR,1997,Whole Year,Sweet potato,119,1569,13.18487395
Bihar,SHEOHAR,1997,Whole Year,Turmeric,1,1,1
Bihar,SHEOHAR,1997,Winter,Rice,19439,28654,1.474047019
Bihar,SHEOHAR,1998,Kharif,Arhar/Tur,317,559,1.76340694
Bihar,SHEOHAR,1998,Kharif,Groundnut,140,167,1.192857143
Bihar,SHEOHAR,1998,Kharif,Maize,318,545,1.713836478
Bihar,SHEOHAR,1998,Kharif,Ragi,35,45,1.285714286
Bihar,SHEOHAR,1998,Kharif,Sesamum,37,19,0.513513514
Bihar,SHEOHAR,1998,Kharif,Small millets,10,4,0.4
Bihar,SHEOHAR,1998,Rabi,Barley,37,53,1.432432432
Bihar,SHEOHAR,1998,Rabi,Linseed,537,299,0.55679702
Bihar,SHEOHAR,1998,Rabi,Maize,830,1529,1.842168675
Bihar,SHEOHAR,1998,Rabi,Other  Rabi pulses,2077,1210,0.582571016
Bihar,SHEOHAR,1998,Rabi,Rapeseed &Mustard,398,186,0.467336683
Bihar,SHEOHAR,1998,Rabi,Wheat,11874,19040,1.603503453
Bihar,SHEOHAR,1998,Summer,Maize,807,1721,2.132589839
Bihar,SHEOHAR,1998,Summer,Rice,62,115,1.85483871
Bihar,SHEOHAR,1998,Whole Year,Banana,170,4029,23.7
Bihar,SHEOHAR,1998,Whole Year,Coriander,17,7,0.411764706
Bihar,SHEOHAR,1998,Whole Year,Garlic,19,28,1.473684211
Bihar,SHEOHAR,1998,Whole Year,Onion,86,423,4.918604651
Bihar,SHEOHAR,1998,Whole Year,Potato,436,3462,7.940366972
Bihar,SHEOHAR,1998,Whole Year,Sugarcane,1347,64049,47.54936897
Bihar,SHEOHAR,1998,Whole Year,Sweet potato,56,605,10.80357143
Bihar,SHEOHAR,1998,Whole Year,Tobacco,54,41,0.759259259
Bihar,SHEOHAR,1998,Whole Year,Turmeric,8,8,1
Bihar,SHEOHAR,1998,Winter,Rice,18449,15898,0.861726923
Bihar,SHEOHAR,1999,Kharif,Arhar/Tur,309,316,1.022653722
Bihar,SHEOHAR,1999,Kharif,Jowar,13,23,1.769230769
Bihar,SHEOHAR,1999,Kharif,Maize,498,1029,2.06626506
Bihar,SHEOHAR,1999,Kharif,Ragi,17,24,1.411764706
Bihar,SHEOHAR,1999,Kharif,Rice,5171,6655,1.286985109
Bihar,SHEOHAR,1999,Rabi,Khesari,544,330,0.606617647
Bihar,SHEOHAR,1999,Rabi,Linseed,533,290,0.544090056
Bihar,SHEOHAR,1999,Rabi,Maize,837,2370,2.831541219
Bihar,SHEOHAR,1999,Rabi,Masoor,644,471,0.73136646
Bihar,SHEOHAR,1999,Rabi,Moong(Green Gram),352,183,0.519886364
Bihar,SHEOHAR,1999,Rabi,Other  Rabi pulses,268,225,0.839552239
Bihar,SHEOHAR,1999,Rabi,Peas & beans (Pulses),45,36,0.8
Bihar,SHEOHAR,1999,Rabi,Rapeseed &Mustard,409,292,0.71393643
Bihar,SHEOHAR,1999,Rabi,Wheat,11963,22647,1.893087018
Bihar,SHEOHAR,1999,Summer,Maize,750,1648,2.197333333
Bihar,SHEOHAR,1999,Summer,Rice,62,123,1.983870968
Bihar,SHEOHAR,1999,Whole Year,Banana,156,2510,16.08974359
Bihar,SHEOHAR,1999,Whole Year,Coriander,15,8,0.533333333
Bihar,SHEOHAR,1999,Whole Year,Garlic,29,43,1.482758621
Bihar,SHEOHAR,1999,Whole Year,Onion,87,634,7.287356322
Bihar,SHEOHAR,1999,Whole Year,Potato,440,4541,10.32045455
Bihar,SHEOHAR,1999,Whole Year,Sugarcane,1321,52119,39.45420136
Bihar,SHEOHAR,1999,Whole Year,Sweet potato,97,1322,13.62886598
Bihar,SHEOHAR,1999,Whole Year,Tobacco,76,77,1.013157895
Bihar,SHEOHAR,1999,Whole Year,Turmeric,10,10,1
Bihar,SHEOHAR,2000,Autumn,Rice,11339,15937,1.405503131
Bihar,SHEOHAR,2000,Kharif,Arhar/Tur,296,222,0.75
Bihar,SHEOHAR,2000,Kharif,Maize,142,227,1.598591549
Bihar,SHEOHAR,2000,Kharif,Rice,4746,5577,1.175094817
Bihar,SHEOHAR,2000,Kharif,Small millets,9,5,0.555555556
Bihar,SHEOHAR,2000,Rabi,Barley,11,12,1.090909091
Bihar,SHEOHAR,2000,Rabi,Khesari,473,290,0.613107822
Bihar,SHEOHAR,2000,Rabi,Linseed,484,397,0.820247934
Bihar,SHEOHAR,2000,Rabi,Maize,748,2509,3.354278075
Bihar,SHEOHAR,2000,Rabi,Masoor,632,573,0.90664557
Bihar,SHEOHAR,2000,Rabi,Moong(Green Gram),266,141,0.530075188
Bihar,SHEOHAR,2000,Rabi,Other  Rabi pulses,233,115,0.493562232
Bihar,SHEOHAR,2000,Rabi,Peas & beans (Pulses),55,53,0.963636364
Bihar,SHEOHAR,2000,Rabi,Rapeseed &Mustard,396,233,0.588383838
Bihar,SHEOHAR,2000,Rabi,Wheat,11962,22211,1.856796522
Bihar,SHEOHAR,2000,Summer,Maize,577,1486,2.575389948
Bihar,SHEOHAR,2000,Summer,Rice,56,130,2.321428571
Bihar,SHEOHAR,2000,Whole Year,Banana,148,623,4.209459459
Bihar,SHEOHAR,2000,Whole Year,Coriander,12,5,0.416666667
Bihar,SHEOHAR,2000,Whole Year,Garlic,25,38,1.52
Bihar,SHEOHAR,2000,Whole Year,Onion,83,715,8.614457831
Bihar,SHEOHAR,2000,Whole Year,Potato,405,3297,8.140740741
Bihar,SHEOHAR,2000,Whole Year,Sugarcane,1243,41815,33.64038616
Bihar,SHEOHAR,2000,Whole Year,Sweet potato,92,1110,12.06521739
Bihar,SHEOHAR,2000,Whole Year,Tobacco,74,86,1.162162162
Bihar,SHEOHAR,2000,Whole Year,Turmeric,8,9,1.125
Bihar,SHEOHAR,2001,Autumn,Maize,130,210,1.615384615
Bihar,SHEOHAR,2001,Autumn,Rice,18507,21857,1.18101259
Bihar,SHEOHAR,2001,Kharif,Arhar/Tur,257,373,1.451361868
Bihar,SHEOHAR,2001,Kharif,Bajra,8,6,0.75
Bihar,SHEOHAR,2001,Kharif,Rice,53,108,2.037735849
Bihar,SHEOHAR,2001,Kharif,Small millets,9,7,0.777777778
Bihar,SHEOHAR,2001,Rabi,Khesari,203,166,0.81773399
Bihar,SHEOHAR,2001,Rabi,Linseed,435,309,0.710344828
Bihar,SHEOHAR,2001,Rabi,Maize,830,3294,3.968674699
Bihar,SHEOHAR,2001,Rabi,Masoor,576,355,0.616319444
Bihar,SHEOHAR,2001,Rabi,Other  Rabi pulses,165,112,0.678787879
Bihar,SHEOHAR,2001,Rabi,Rapeseed &Mustard,355,243,0.684507042
Bihar,SHEOHAR,2001,Rabi,Wheat,10936,25480,2.329919532
Bihar,SHEOHAR,2001,Summer,Maize,493,1309,2.655172414
Bihar,SHEOHAR,2001,Summer,Rice,8400,10920,1.3
Bihar,SHEOHAR,2001,Whole Year,Banana,138,1943,14.07971014
Bihar,SHEOHAR,2001,Whole Year,Coriander,10,6,0.6
Bihar,SHEOHAR,2001,Whole Year,Dry chillies,2,1,0.5
Bihar,SHEOHAR,2001,Whole Year,Garlic,20,30,1.5
Bihar,SHEOHAR,2001,Whole Year,Onion,75,665,8.866666667
Bihar,SHEOHAR,2001,Whole Year,Potato,327,3005,9.189602446
Bihar,SHEOHAR,2001,Whole Year,Sugarcane,1244,58655,47.15032154
Bihar,SHEOHAR,2001,Whole Year,Sweet potato,73,850,11.64383562
Bihar,SHEOHAR,2001,Whole Year,Tobacco,66,73,1.106060606
Bihar,SHEOHAR,2001,Whole Year,Turmeric,8,8,1
Bihar,SHEOHAR,2002,Autumn,Maize,126,336,2.666666667
Bihar,SHEOHAR,2002,Autumn,Rice,5671,7764,1.369070711
Bihar,SHEOHAR,2002,Kharif,Arhar/Tur,255,156,0.611764706
Bihar,SHEOHAR,2002,Kharif,Small millets,10,8,0.8
Bihar,SHEOHAR,2002,Rabi,Khesari,203,124,0.610837438
Bihar,SHEOHAR,2002,Rabi,Linseed,434,330,0.760368664
Bihar,SHEOHAR,2002,Rabi,Maize,826,2205,2.669491525
Bihar,SHEOHAR,2002,Rabi,Masoor,544,306,0.5625
Bihar,SHEOHAR,2002,Rabi,Other  Rabi pulses,165,111,0.672727273
Bihar,SHEOHAR,2002,Rabi,Rapeseed &Mustard,356,214,0.601123596
Bihar,SHEOHAR,2002,Rabi,Wheat,10944,19140,1.748903509
Bihar,SHEOHAR,2002,Summer,Maize,480,1502,3.129166667
Bihar,SHEOHAR,2002,Summer,Moong(Green Gram),270,148,0.548148148
Bihar,SHEOHAR,2002,Summer,Rice,52,109,2.096153846
Bihar,SHEOHAR,2002,Whole Year,Banana,134,1944,14.50746269
Bihar,SHEOHAR,2002,Whole Year,Coriander,10,7,0.7
Bihar,SHEOHAR,2002,Whole Year,Dry chillies,2,1,0.5
Bihar,SHEOHAR,2002,Whole Year,Garlic,20,30,1.5
Bihar,SHEOHAR,2002,Whole Year,Onion,75,565,7.533333333
Bihar,SHEOHAR,2002,Whole Year,Potato,327,2776,8.489296636
Bihar,SHEOHAR,2002,Whole Year,Sugarcane,1270,27066,21.31181102
Bihar,SHEOHAR,2002,Whole Year,Sweet potato,45,474,10.53333333
Bihar,SHEOHAR,2002,Whole Year,Tobacco,65,73,1.123076923
Bihar,SHEOHAR,2002,Whole Year,Turmeric,8,8,1
Bihar,SHEOHAR,2002,Winter,Rice,17801,21667,1.21717881
Bihar,SHEOHAR,2003,Autumn,Rice,5670,4218,0.743915344
Bihar,SHEOHAR,2003,Kharif,Arhar/Tur,159,233,1.465408805
Bihar,SHEOHAR,2003,Kharif,Maize,124,153,1.233870968
Bihar,SHEOHAR,2003,Kharif,Small millets,11,9,0.818181818
Bihar,SHEOHAR,2003,Rabi,Khesari,203,171,0.842364532
Bihar,SHEOHAR,2003,Rabi,Linseed,589,462,0.784380306
Bihar,SHEOHAR,2003,Rabi,Maize,593,2461,4.150084317
Bihar,SHEOHAR,2003,Rabi,Masoor,689,599,0.869375907
Bihar,SHEOHAR,2003,Rabi,Other  Rabi pulses,396,269,0.679292929
Bihar,SHEOHAR,2003,Rabi,Rapeseed &Mustard,222,167,0.752252252
Bihar,SHEOHAR,2003,Rabi,Wheat,10838,18893,1.743218306
Bihar,SHEOHAR,2003,Summer,Maize,494,1115,2.25708502
Bihar,SHEOHAR,2003,Summer,Moong(Green Gram),275,137,0.498181818
Bihar,SHEOHAR,2003,Summer,Rice,53,58,1.094339623
Bihar,SHEOHAR,2003,Whole Year,Banana,139,1710,12.30215827
Bihar,SHEOHAR,2003,Whole Year,Coriander,17,12,0.705882353
Bihar,SHEOHAR,2003,Whole Year,Garlic,22,33,1.5
Bihar,SHEOHAR,2003,Whole Year,Onion,65,528,8.123076923
Bihar,SHEOHAR,2003,Whole Year,Potato,375,3236,8.629333333
Bihar,SHEOHAR,2003,Whole Year,Sugarcane,1269,22987,18.1142632
Bihar,SHEOHAR,2003,Whole Year,Sweet potato,6,79,13.16666667
Bihar,SHEOHAR,2003,Whole Year,Tobacco,49,54,1.102040816
Bihar,SHEOHAR,2003,Whole Year,Turmeric,9,9,1
Bihar,SHEOHAR,2003,Winter,Rice,19587,7795,0.39796804
Bihar,SHEOHAR,2004,Autumn,Rice,5599,6019,1.075013395
Bihar,SHEOHAR,2004,Kharif,Arhar/Tur,156,151,0.967948718
Bihar,SHEOHAR,2004,Kharif,Bajra,8,9,1.125
Bihar,SHEOHAR,2004,Kharif,Moong(Green Gram),4,1,0.25
Bihar,SHEOHAR,2004,Kharif,Small millets,10,8,0.8
Bihar,SHEOHAR,2004,Rabi,Khesari,198,103,0.52020202
Bihar,SHEOHAR,2004,Rabi,Linseed,486,410,0.843621399
Bihar,SHEOHAR,2004,Rabi,Maize,748,2152,2.877005348
Bihar,SHEOHAR,2004,Rabi,Masoor,692,465,0.671965318
Bihar,SHEOHAR,2004,Rabi,Other  Rabi pulses,242,165,0.681818182
Bihar,SHEOHAR,2004,Rabi,Rapeseed &Mustard,311,137,0.440514469
Bihar,SHEOHAR,2004,Rabi,Wheat,10942,16571,1.514439773
Bihar,SHEOHAR,2004,Summer,Maize,468,1749,3.737179487
Bihar,SHEOHAR,2004,Summer,Moong(Green Gram),272,110,0.404411765
Bihar,SHEOHAR,2004,Summer,Rice,52,71,1.365384615
Bihar,SHEOHAR,2004,Whole Year,Banana,147,1330,9.047619048
Bihar,SHEOHAR,2004,Whole Year,Coriander,12,8,0.666666667
Bihar,SHEOHAR,2004,Whole Year,Dry chillies,2,1,0.5
Bihar,SHEOHAR,2004,Whole Year,Garlic,21,32,1.523809524
Bihar,SHEOHAR,2004,Whole Year,Onion,72,410,5.694444444
Bihar,SHEOHAR,2004,Whole Year,Potato,366,3159,8.631147541
Bihar,SHEOHAR,2004,Whole Year,Sugarcane,1174,40092,34.14991482
Bihar,SHEOHAR,2004,Whole Year,Sweet potato,57,832,14.59649123
Bihar,SHEOHAR,2004,Whole Year,Tobacco,63,73,1.158730159
Bihar,SHEOHAR,2004,Whole Year,Turmeric,8,8,1
Bihar,SHEOHAR,2004,Winter,Rice,18513,4776,0.257980878
Bihar,SHEOHAR,2005,Autumn,Rice,3880,3530,0.909793814
Bihar,SHEOHAR,2005,Kharif,Arhar/Tur,59,91,1.542372881
Bihar,SHEOHAR,2005,Kharif,Maize,23,44,1.913043478
Bihar,SHEOHAR,2005,Kharif,Mesta,439,2590,5.89977221
Bihar,SHEOHAR,2005,Kharif,Sunflower,1,1,1
Bihar,SHEOHAR,2005,Rabi,Barley,2,1,0.5
Bihar,SHEOHAR,2005,Rabi,Khesari,235,113,0.480851064
Bihar,SHEOHAR,2005,Rabi,Linseed,190,163,0.857894737
Bihar,SHEOHAR,2005,Rabi,Maize,768,1484,1.932291667
Bihar,SHEOHAR,2005,Rabi,Masoor,918,346,0.376906318
Bihar,SHEOHAR,2005,Rabi,Other  Rabi pulses,73,50,0.684931507
Bihar,SHEOHAR,2005,Rabi,Peas & beans (Pulses),5,5,1
Bihar,SHEOHAR,2005,Rabi,Rapeseed &Mustard,256,73,0.28515625
Bihar,SHEOHAR,2005,Rabi,Wheat,15504,5873,0.37880547
Bihar,SHEOHAR,2005,Summer,Maize,279,693,2.483870968
Bihar,SHEOHAR,2005,Summer,Moong(Green Gram),885,604,0.682485876
Bihar,SHEOHAR,2005,Whole Year,Banana,95,771,8.115789474
Bihar,SHEOHAR,2005,Whole Year,Coriander,33,26,0.787878788
Bihar,SHEOHAR,2005,Whole Year,Dry chillies,12,20,1.666666667
Bihar,SHEOHAR,2005,Whole Year,Garlic,24,35,1.458333333
Bihar,SHEOHAR,2005,Whole Year,Onion,79,850,10.75949367
Bihar,SHEOHAR,2005,Whole Year,Potato,429,3140,7.319347319
Bihar,SHEOHAR,2005,Whole Year,Sannhamp,3,2,0.666666667
Bihar,SHEOHAR,2005,Whole Year,Sugarcane,1923,76145,39.59698388
Bihar,SHEOHAR,2005,Whole Year,Sweet potato,40,642,16.05
Bihar,SHEOHAR,2005,Whole Year,Tobacco,5,6,1.2
Bihar,SHEOHAR,2005,Winter,Rice,17951,11660,0.649545986
Bihar,SHEOHAR,2006,Autumn,Rice,3770,2042,0.541644562
Bihar,SHEOHAR,2006,Kharif,Arhar/Tur,27,42,1.555555556
Bihar,SHEOHAR,2006,Kharif,Jute,1,10,10
Bihar,SHEOHAR,2006,Kharif,Maize,29,31,1.068965517
Bihar,SHEOHAR,2006,Kharif,Mesta,3,19,6.333333333
Bihar,SHEOHAR,2006,Kharif,Moong(Green Gram),45,23,0.511111111
Bihar,SHEOHAR,2006,Kharif,Ragi,41,10,0.243902439
Bihar,SHEOHAR,2006,Kharif,Sannhamp,4,3,0.75
Bihar,SHEOHAR,2006,Rabi,Barley,5,5,1
Bihar,SHEOHAR,2006,Rabi,Khesari,188,148,0.787234043
Bihar,SHEOHAR,2006,Rabi,Linseed,153,130,0.849673203
Bihar,SHEOHAR,2006,Rabi,Maize,668,2940,4.401197605
Bihar,SHEOHAR,2006,Rabi,Masoor,754,572,0.75862069
Bihar,SHEOHAR,2006,Rabi,Peas & beans (Pulses),12,11,0.916666667
Bihar,SHEOHAR,2006,Rabi,Rapeseed &Mustard,300,350,1.166666667
Bihar,SHEOHAR,2006,Rabi,Sunflower,1,1,1
Bihar,SHEOHAR,2006,Rabi,Wheat,14075,19128,1.359005329
Bihar,SHEOHAR,2006,Summer,Maize,275,626,2.276363636
Bihar,SHEOHAR,2006,Summer,Moong(Green Gram),501,227,0.453093812
Bihar,SHEOHAR,2006,Winter,Rice,19901,10309,0.51801417
Bihar,SHEOHAR,2007,Autumn,Maize,7,2,0.285714286
Bihar,SHEOHAR,2007,Autumn,Rice,2949,1269,0.430315361
Bihar,SHEOHAR,2007,Kharif,Arhar/Tur,26,40,1.538461538
Bihar,SHEOHAR,2007,Kharif,Ragi,8,5,0.625
Bihar,SHEOHAR,2007,Rabi,Barley,6,6,1
Bihar,SHEOHAR,2007,Rabi,Khesari,189,159,0.841269841
Bihar,SHEOHAR,2007,Rabi,Linseed,244,205,0.840163934
Bihar,SHEOHAR,2007,Rabi,Maize,1445,2052,1.420069204
Bihar,SHEOHAR,2007,Rabi,Masoor,690,465,0.673913043
Bihar,SHEOHAR,2007,Rabi,Other  Rabi pulses,36,27,0.75
Bihar,SHEOHAR,2007,Rabi,Rapeseed &Mustard,241,180,0.746887967
Bihar,SHEOHAR,2007,Rabi,Wheat,16387,26514,1.61798987
Bihar,SHEOHAR,2007,Summer,Moong(Green Gram),254,143,0.562992126
Bihar,SHEOHAR,2007,Whole Year,Banana,60,506,8.433333333
Bihar,SHEOHAR,2007,Whole Year,Dry chillies,14,26,1.857142857
Bihar,SHEOHAR,2007,Whole Year,Garlic,30,44,1.466666667
Bihar,SHEOHAR,2007,Whole Year,Potato,467,3365,7.205567452
Bihar,SHEOHAR,2007,Whole Year,Sugarcane,1916,82589,43.10490605
Bihar,SHEOHAR,2007,Whole Year,Tobacco,8,18,2.25
Bihar,SHEOHAR,2007,Winter,Rice,20563,7433,0.361474493
Bihar,SHEOHAR,2008,Autumn,Maize,5,7,1.4
Bihar,SHEOHAR,2008,Autumn,Rice,2501,2653,1.06077569
Bihar,SHEOHAR,2008,Kharif,Arhar/Tur,26,28,1.076923077
Bihar,SHEOHAR,2008,Kharif,Potato,132,1003,7.598484848
Bihar,SHEOHAR,2008,Kharif,Ragi,7,6,0.857142857
Bihar,SHEOHAR,2008,Rabi,Barley,7,8,1.142857143
Bihar,SHEOHAR,2008,Rabi,Khesari,453,372,0.821192053
Bihar,SHEOHAR,2008,Rabi,Linseed,199,167,0.83919598
Bihar,SHEOHAR,2008,Rabi,Maize,703,1171,1.66571835
Bihar,SHEOHAR,2008,Rabi,Masoor,721,251,0.348127601
Bihar,SHEOHAR,2008,Rabi,Other  Rabi pulses,99,73,0.737373737
Bihar,SHEOHAR,2008,Rabi,Potato,369,2790,7.56097561
Bihar,SHEOHAR,2008,Rabi,Rapeseed &Mustard,251,5,0.019920319
Bihar,SHEOHAR,2008,Rabi,Wheat,10393,22013,2.118060233
Bihar,SHEOHAR,2008,Summer,Moong(Green Gram),891,465,0.521885522
Bihar,SHEOHAR,2008,Whole Year,Dry chillies,20,36,1.8
Bihar,SHEOHAR,2008,Whole Year,Sugarcane,1854,106373,57.37486516
Bihar,SHEOHAR,2008,Winter,Rice,19736,17455,0.884424402
Bihar,SHEOHAR,2009,Autumn,Maize,23,41,1.782608696
Bihar,SHEOHAR,2009,Autumn,Rice,2779,3179,1.143936668
Bihar,SHEOHAR,2009,Kharif,Arhar/Tur,116,130,1.120689655
Bihar,SHEOHAR,2009,Kharif,Moong(Green Gram),36,24,0.666666667
Bihar,SHEOHAR,2009,Kharif,Ragi,4,3,0.75
Bihar,SHEOHAR,2009,Kharif,Small millets,9,7,0.777777778
Bihar,SHEOHAR,2009,Rabi,Barley,3,4,1.333333333
Bihar,SHEOHAR,2009,Rabi,Khesari,87,90,1.034482759
Bihar,SHEOHAR,2009,Rabi,Linseed,91,77,0.846153846
Bihar,SHEOHAR,2009,Rabi,Maize,1035,3419,3.303381643
Bihar,SHEOHAR,2009,Rabi,Masoor,1188,68,0.057239057
Bihar,SHEOHAR,2009,Rabi,Other  Rabi pulses,66,49,0.742424242
Bihar,SHEOHAR,2009,Rabi,Peas & beans (Pulses),18,18,1
Bihar,SHEOHAR,2009,Rabi,Rapeseed &Mustard,278,170,0.611510791
Bihar,SHEOHAR,2009,Rabi,Sunflower,31,44,1.419354839
Bihar,SHEOHAR,2009,Rabi,Wheat,10252,27371,2.669820523
Bihar,SHEOHAR,2009,Summer,Moong(Green Gram),722,297,0.411357341
Bihar,SHEOHAR,2009,Whole Year,Sugarcane,3192,162904,51.03508772
Bihar,SHEOHAR,2009,Whole Year,Tobacco,2,4,2
Bihar,SHEOHAR,2009,Winter,Rice,19316,6040,0.31269414
Bihar,SHEOHAR,2010,Autumn,Maize,222,475,2.13963964
Bihar,SHEOHAR,2010,Autumn,Rice,7514,3796,0.505190311
Bihar,SHEOHAR,2010,Kharif,Arhar/Tur,130,228,1.753846154
Bihar,SHEOHAR,2010,Kharif,Moong(Green Gram),90,59,0.655555556
Bihar,SHEOHAR,2010,Kharif,Ragi,11,17,1.545454545
Bihar,SHEOHAR,2010,Kharif,Sesamum,155,122,0.787096774
Bihar,SHEOHAR,2010,Kharif,Small millets,71,54,0.76056338
Bihar,SHEOHAR,2010,Rabi,Khesari,232,228,0.982758621
Bihar,SHEOHAR,2010,Rabi,Linseed,108,88,0.814814815
Bihar,SHEOHAR,2010,Rabi,Maize,681,2448,3.594713656
Bihar,SHEOHAR,2010,Rabi,Masoor,1155,1086,0.94025974
Bihar,SHEOHAR,2010,Rabi,Other  Rabi pulses,306,227,0.741830065
Bihar,SHEOHAR,2010,Rabi,Peas & beans (Pulses),57,59,1.035087719
Bihar,SHEOHAR,2010,Rabi,Rapeseed &Mustard,437,284,0.649885584
Bihar,SHEOHAR,2010,Rabi,Sunflower,31,44,1.419354839
Bihar,SHEOHAR,2010,Rabi,Wheat,16406,44843,2.73332927
Bihar,SHEOHAR,2010,Summer,Maize,195,822,4.215384615
Bihar,SHEOHAR,2010,Summer,Moong(Green Gram),974,500,0.513347023
Bihar,SHEOHAR,2010,Whole Year,Sugarcane,3383,71787,21.21992315
Bihar,SHEOHAR,2010,Whole Year,Tobacco,1,2,2
Bihar,SHEOHAR,2010,Winter,Rice,20213,3845,0.190224113
Bihar,SHEOHAR,2011,Autumn,Maize,235,627,2.668085106
Bihar,SHEOHAR,2011,Autumn,Rice,8075,24198,2.996656347
Bihar,SHEOHAR,2011,Kharif,Arhar/Tur,35,86,2.457142857
Bihar,SHEOHAR,2011,Kharif,Moong(Green Gram),95,49,0.515789474
Bihar,SHEOHAR,2011,Kharif,Ragi,12,21,1.75
Bihar,SHEOHAR,2011,Kharif,Sesamum,238,208,0.87394958
Bihar,SHEOHAR,2011,Kharif,Small millets,78,58,0.743589744
Bihar,SHEOHAR,2011,Rabi,Barley,257,528,2.054474708
Bihar,SHEOHAR,2011,Rabi,Gram,125,162,1.296
Bihar,SHEOHAR,2011,Rabi,Khesari,526,398,0.756653992
Bihar,SHEOHAR,2011,Rabi,Linseed,40,35,0.875
Bihar,SHEOHAR,2011,Rabi,Maize,1328,3328,2.506024096
Bihar,SHEOHAR,2011,Rabi,Masoor,1351,1712,1.267209474
Bihar,SHEOHAR,2011,Rabi,Other  Rabi pulses,242,269,1.111570248
Bihar,SHEOHAR,2011,Rabi,Peas & beans (Pulses),93,96,1.032258065
Bihar,SHEOHAR,2011,Rabi,Rapeseed &Mustard,567,517,0.911816578
Bihar,SHEOHAR,2011,Rabi,Sunflower,45,65,1.444444444
Bihar,SHEOHAR,2011,Rabi,Wheat,15286,53612,3.507261547
Bihar,SHEOHAR,2011,Summer,Maize,196,837,4.270408163
Bihar,SHEOHAR,2011,Summer,Moong(Green Gram),871,341,0.391504018
Bihar,SHEOHAR,2011,Whole Year,Tobacco,8,15,1.875
Bihar,SHEOHAR,2011,Winter,Rice,21727,51917,2.38951535
Bihar,SHEOHAR,2012,Autumn,Maize,208,774,3.721153846
Bihar,SHEOHAR,2012,Autumn,Rice,5288,12878,2.435325265
Bihar,SHEOHAR,2012,Kharif,Arhar/Tur,204,344,1.68627451
Bihar,SHEOHAR,2012,Kharif,Moong(Green Gram),99,39,0.393939394
Bihar,SHEOHAR,2012,Kharif,Ragi,5,9,1.8
Bihar,SHEOHAR,2012,Kharif,Sesamum,192,170,0.885416667
Bihar,SHEOHAR,2012,Kharif,Small millets,63,48,0.761904762
Bihar,SHEOHAR,2012,Rabi,Barley,3,5,1.666666667
Bihar,SHEOHAR,2012,Rabi,Gram,3547,4973,1.402029884
Bihar,SHEOHAR,2012,Rabi,Khesari,216,170,0.787037037
Bihar,SHEOHAR,2012,Rabi,Linseed,130,113,0.869230769
Bihar,SHEOHAR,2012,Rabi,Maize,1536,3003,1.955078125
Bihar,SHEOHAR,2012,Rabi,Masoor,1072,850,0.792910448
Bihar,SHEOHAR,2012,Rabi,Other  Rabi pulses,305,336,1.101639344
Bihar,SHEOHAR,2012,Rabi,Peas & beans (Pulses),70,73,1.042857143
Bihar,SHEOHAR,2012,Rabi,Rapeseed &Mustard,393,340,0.865139949
Bihar,SHEOHAR,2012,Rabi,Sunflower,60,87,1.45
Bihar,SHEOHAR,2012,Rabi,Wheat,11232,34052,3.031695157
Bihar,SHEOHAR,2012,Summer,Maize,181,699,3.861878453
Bihar,SHEOHAR,2012,Summer,Moong(Green Gram),916,572,0.624454148
Bihar,SHEOHAR,2012,Whole Year,Sugarcane,1984,231188,116.5262097
Bihar,SHEOHAR,2012,Whole Year,Tobacco,23,43,1.869565217
Bihar,SHEOHAR,2012,Winter,Rice,19442,40001,2.057452937
Bihar,SHEOHAR,2013,Autumn,Maize,202,1162,5.752475248
Bihar,SHEOHAR,2013,Autumn,Rice,5220,7208,1.380842912
Bihar,SHEOHAR,2013,Kharif,Arhar/Tur,183,313,1.710382514
Bihar,SHEOHAR,2013,Kharif,Moong(Green Gram),89,27,0.303370787
Bihar,SHEOHAR,2013,Kharif,Ragi,5,5,1
Bihar,SHEOHAR,2013,Kharif,Sesamum,100,87,0.87
Bihar,SHEOHAR,2013,Kharif,Small millets,59,44,0.745762712
Bihar,SHEOHAR,2013,Rabi,Barley,2,3,1.5
Bihar,SHEOHAR,2013,Rabi,Khesari,197,220,1.116751269
Bihar,SHEOHAR,2013,Rabi,Linseed,129,110,0.852713178
Bihar,SHEOHAR,2013,Rabi,Maize,1431,4689,3.27672956
Bihar,SHEOHAR,2013,Rabi,Masoor,1146,972,0.848167539
Bihar,SHEOHAR,2013,Rabi,Other  Rabi pulses,277,280,1.010830325
Bihar,SHEOHAR,2013,Rabi,Peas & beans (Pulses),67,71,1.059701493
Bihar,SHEOHAR,2013,Rabi,Rapeseed &Mustard,595,582,0.978151261
Bihar,SHEOHAR,2013,Rabi,Sunflower,53,77,1.452830189
Bihar,SHEOHAR,2013,Rabi,Wheat,12661,46547,3.676407867
Bihar,SHEOHAR,2013,Summer,Maize,210,1014,4.828571429
Bihar,SHEOHAR,2013,Summer,Moong(Green Gram),997,574,0.575727182
Bihar,SHEOHAR,2013,Whole Year,Sugarcane,2055,189859,92.38880779
Bihar,SHEOHAR,2013,Whole Year,Tobacco,21,40,1.904761905
Bihar,SHEOHAR,2013,Winter,Rice,18443,15867,0.860326411
Bihar,SHEOHAR,2014,Autumn,Maize,193,836,4.331606218
Bihar,SHEOHAR,2014,Autumn,Rice,4813,11420,2.372740494
Bihar,SHEOHAR,2014,Kharif,Arhar/Tur,158,230,1.455696203
Bihar,SHEOHAR,2014,Kharif,Moong(Green Gram),81,40,0.49382716
Bihar,SHEOHAR,2014,Kharif,Ragi,5,6,1.2
Bihar,SHEOHAR,2014,Kharif,Sesamum,81,71,0.87654321
Bihar,SHEOHAR,2014,Kharif,Small millets,51,38,0.745098039
Bihar,SHEOHAR,2014,Rabi,Khesari,151,149,0.986754967
Bihar,SHEOHAR,2014,Rabi,Linseed,114,98,0.859649123
Bihar,SHEOHAR,2014,Rabi,Maize,1436,4851,3.378133705
Bihar,SHEOHAR,2014,Rabi,Masoor,810,142,0.175308642
Bihar,SHEOHAR,2014,Rabi,Other  Rabi pulses,186,186,1
Bihar,SHEOHAR,2014,Rabi,Peas & beans (Pulses),71,55,0.774647887
Bihar,SHEOHAR,2014,Rabi,Rapeseed &Mustard,310,97,0.312903226
Bihar,SHEOHAR,2014,Rabi,Sunflower,62,90,1.451612903
Bihar,SHEOHAR,2014,Rabi,Wheat,16620,22905,1.378158845
Bihar,SHEOHAR,2014,Summer,Maize,195,758,3.887179487
Bihar,SHEOHAR,2014,Summer,Moong(Green Gram),928,481,0.518318966
Bihar,SHEOHAR,2014,Whole Year,Sugarcane,1776,114675,64.56925676
Bihar,SHEOHAR,2014,Whole Year,Tobacco,21,37,1.761904762
Bihar,SHEOHAR,2014,Winter,Rice,18076,30595,1.692575791
Bihar,SITAMARHI,1997,Autumn,Rice,22925,28028,1.22259542
Bihar,SITAMARHI,1997,Kharif,Arhar/Tur,980,1296,1.32244898
Bihar,SITAMARHI,1997,Kharif,Bajra,24,15,0.625
Bihar,SITAMARHI,1997,Kharif,Castor seed,15,12,0.8
Bihar,SITAMARHI,1997,Kharif,Dry ginger,5,7,1.4
Bihar,SITAMARHI,1997,Kharif,Jowar,8,7,0.875
Bihar,SITAMARHI,1997,Kharif,Maize,514,910,1.770428016
Bihar,SITAMARHI,1997,Kharif,Mesta,127,556,4.377952756
Bihar,SITAMARHI,1997,Kharif,Other Kharif pulses,29,15,0.517241379
Bihar,SITAMARHI,1997,Kharif,Sesamum,113,68,0.601769912
Bihar,SITAMARHI,1997,Kharif,Small millets,193,71,0.367875648
Bihar,SITAMARHI,1997,Rabi,Barley,253,371,1.466403162
Bihar,SITAMARHI,1997,Rabi,Gram,101,86,0.851485149
Bihar,SITAMARHI,1997,Rabi,Linseed,842,416,0.494061758
Bihar,SITAMARHI,1997,Rabi,Maize,1473,3308,2.245756959
Bihar,SITAMARHI,1997,Rabi,Other  Rabi pulses,138,116,0.84057971
Bihar,SITAMARHI,1997,Rabi,Rapeseed &Mustard,1100,378,0.343636364
Bihar,SITAMARHI,1997,Rabi,Safflower,8,5,0.625
Bihar,SITAMARHI,1997,Rabi,Sunflower,118,154,1.305084746
Bihar,SITAMARHI,1997,Rabi,Tobacco,148,106,0.716216216
Bihar,SITAMARHI,1997,Rabi,Wheat,51968,96812,1.86291564
Bihar,SITAMARHI,1997,Summer,Maize,2796,5307,1.89806867
Bihar,SITAMARHI,1997,Summer,Rice,1867,2723,1.458489555
Bihar,SITAMARHI,1997,Whole Year,Banana,389,8671,22.29048843
Bihar,SITAMARHI,1997,Whole Year,Coriander,66,28,0.424242424
Bihar,SITAMARHI,1997,Whole Year,Dry chillies,28,31,1.107142857
Bihar,SITAMARHI,1997,Whole Year,Garlic,16,24,1.5
Bihar,SITAMARHI,1997,Whole Year,Onion,875,3553,4.060571429
Bihar,SITAMARHI,1997,Whole Year,Potato,6129,47822,7.802577908
Bihar,SITAMARHI,1997,Whole Year,Ragi,2761,2576,0.932995292
Bihar,SITAMARHI,1997,Whole Year,Sannhamp,77,35,0.454545455
Bihar,SITAMARHI,1997,Whole Year,Sugarcane,6251,252548,40.40121581
Bihar,SITAMARHI,1997,Whole Year,Sweet potato,644,8492,13.1863354
Bihar,SITAMARHI,1997,Whole Year,Turmeric,8,9,1.125
Bihar,SITAMARHI,1997,Winter,Rice,87408,103968,1.189456343
Bihar,SITAMARHI,1998,Kharif,Arhar/Tur,889,1435,1.614173228
Bihar,SITAMARHI,1998,Kharif,Bajra,9,5,0.555555556
Bihar,SITAMARHI,1998,Kharif,Blackgram,84,72,0.857142857
Bihar,SITAMARHI,1998,Kharif,Jowar,4,4,1
Bihar,SITAMARHI,1998,Kharif,Maize,1073,1509,1.406337372
Bihar,SITAMARHI,1998,Kharif,Mesta,34,270,7.941176471
Bihar,SITAMARHI,1998,Kharif,Other Kharif pulses,286,171,0.597902098
Bihar,SITAMARHI,1998,Kharif,Ragi,2285,3425,1.498905908
Bihar,SITAMARHI,1998,Kharif,Sesamum,12,6,0.5
Bihar,SITAMARHI,1998,Kharif,Small millets,128,55,0.4296875
Bihar,SITAMARHI,1998,Kharif,Sunflower,9,12,1.333333333
Bihar,SITAMARHI,1998,Rabi,Barley,436,624,1.431192661
Bihar,SITAMARHI,1998,Rabi,Gram,5,5,1
Bihar,SITAMARHI,1998,Rabi,Linseed,633,352,0.556082148
Bihar,SITAMARHI,1998,Rabi,Maize,1712,6204,3.623831776
Bihar,SITAMARHI,1998,Rabi,Other  Rabi pulses,17600,12677,0.720284091
Bihar,SITAMARHI,1998,Rabi,Rapeseed &Mustard,977,676,0.691914023
Bihar,SITAMARHI,1998,Rabi,Wheat,56547,92761,1.640423011
Bihar,SITAMARHI,1998,Summer,Maize,1861,3851,2.069317571
Bihar,SITAMARHI,1998,Summer,Rice,1869,2116,1.132156233
Bihar,SITAMARHI,1998,Whole Year,Banana,326,7726,23.6993865
Bihar,SITAMARHI,1998,Whole Year,Coriander,44,19,0.431818182
Bihar,SITAMARHI,1998,Whole Year,Dry chillies,36,53,1.472222222
Bihar,SITAMARHI,1998,Whole Year,Dry ginger,12,16,1.333333333
Bihar,SITAMARHI,1998,Whole Year,Garlic,7,10,1.428571429
Bihar,SITAMARHI,1998,Whole Year,Onion,726,3572,4.920110193
Bihar,SITAMARHI,1998,Whole Year,Potato,4657,37755,8.107150526
Bihar,SITAMARHI,1998,Whole Year,Sannhamp,63,29,0.46031746
Bihar,SITAMARHI,1998,Whole Year,Sugarcane,4207,163518,38.86807701
Bihar,SITAMARHI,1998,Whole Year,Sweet potato,413,4465,10.81113801
Bihar,SITAMARHI,1998,Whole Year,Tobacco,259,198,0.764478764
Bihar,SITAMARHI,1998,Whole Year,Turmeric,43,42,0.976744186
Bihar,SITAMARHI,1998,Winter,Rice,75361,46312,0.61453537
Bihar,SITAMARHI,1999,Kharif,Arhar/Tur,747,985,1.318607764
Bihar,SITAMARHI,1999,Kharif,Bajra,23,14,0.608695652
Bihar,SITAMARHI,1999,Kharif,Dry ginger,2,3,1.5
Bihar,SITAMARHI,1999,Kharif,Horse-gram,35,28,0.8
Bihar,SITAMARHI,1999,Kharif,Jowar,97,173,1.783505155
Bihar,SITAMARHI,1999,Kharif,Maize,1394,2768,1.985652798
Bihar,SITAMARHI,1999,Kharif,Mesta,46,255,5.543478261
Bihar,SITAMARHI,1999,Kharif,Moong(Green Gram),135,76,0.562962963
Bihar,SITAMARHI,1999,Kharif,Ragi,1535,2445,1.592833876
Bihar,SITAMARHI,1999,Kharif,Rice,19103,28272,1.479976967
Bihar,SITAMARHI,1999,Kharif,Sesamum,10,5,0.5
Bihar,SITAMARHI,1999,Kharif,Sunflower,19,32,1.684210526
Bihar,SITAMARHI,1999,Kharif,Urad,111,80,0.720720721
Bihar,SITAMARHI,1999,Rabi,Gram,16,16,1
Bihar,SITAMARHI,1999,Rabi,Khesari,3797,2305,0.607058204
Bihar,SITAMARHI,1999,Rabi,Linseed,845,460,0.544378698
Bihar,SITAMARHI,1999,Rabi,Maize,1715,4747,2.767930029
Bihar,SITAMARHI,1999,Rabi,Masoor,5109,3535,0.691916226
Bihar,SITAMARHI,1999,Rabi,Other  Rabi pulses,339,285,0.840707965
Bihar,SITAMARHI,1999,Rabi,Peas & beans (Pulses),118,95,0.805084746
Bihar,SITAMARHI,1999,Rabi,Rapeseed &Mustard,1031,841,0.8157129
Bihar,SITAMARHI,1999,Rabi,Wheat,60741,105618,1.738825505
Bihar,SITAMARHI,1999,Summer,Maize,2072,4673,2.25530888
Bihar,SITAMARHI,1999,Summer,Rice,1620,1372,0.84691358
Bihar,SITAMARHI,1999,Whole Year,Banana,348,1660,4.770114943
Bihar,SITAMARHI,1999,Whole Year,Coriander,67,36,0.537313433
Bihar,SITAMARHI,1999,Whole Year,Dry chillies,41,55,1.341463415
Bihar,SITAMARHI,1999,Whole Year,Garlic,24,36,1.5
Bihar,SITAMARHI,1999,Whole Year,Onion,618,6198,10.02912621
Bihar,SITAMARHI,1999,Whole Year,Potato,4786,41847,8.743627246
Bihar,SITAMARHI,1999,Whole Year,Sugarcane,5643,211744,37.52330321
Bihar,SITAMARHI,1999,Whole Year,Sweet potato,301,4104,13.6345515
Bihar,SITAMARHI,1999,Whole Year,Tobacco,240,243,1.0125
Bihar,SITAMARHI,1999,Whole Year,Turmeric,44,46,1.045454545
Bihar,SITAMARHI,2000,Autumn,Rice,68939,72390,1.050058748
Bihar,SITAMARHI,2000,Kharif,Arhar/Tur,474,553,1.166666667
Bihar,SITAMARHI,2000,Kharif,Dry ginger,1,2,2
Bihar,SITAMARHI,2000,Kharif,Horse-gram,28,22,0.785714286
Bihar,SITAMARHI,2000,Kharif,Jowar,4,4,1
Bihar,SITAMARHI,2000,Kharif,Maize,1307,2583,1.976281561
Bihar,SITAMARHI,2000,Kharif,Mesta,168,889,5.291666667
Bihar,SITAMARHI,2000,Kharif,Moong(Green Gram),165,92,0.557575758
Bihar,SITAMARHI,2000,Kharif,Other Kharif pulses,31,21,0.677419355
Bihar,SITAMARHI,2000,Kharif,Ragi,1265,363,0.286956522
Bihar,SITAMARHI,2000,Kharif,Rice,21010,26911,1.280866254
Bihar,SITAMARHI,2000,Kharif,Sesamum,5,4,0.8
Bihar,SITAMARHI,2000,Kharif,Small millets,3,2,0.666666667
Bihar,SITAMARHI,2000,Kharif,Sunflower,12,19,1.583333333
Bihar,SITAMARHI,2000,Kharif,Urad,50,34,0.68
Bihar,SITAMARHI,2000,Rabi,Barley,61,69,1.131147541
Bihar,SITAMARHI,2000,Rabi,Gram,9,9,1
Bihar,SITAMARHI,2000,Rabi,Khesari,2806,1720,0.612972202
Bihar,SITAMARHI,2000,Rabi,Linseed,634,520,0.820189274
Bihar,SITAMARHI,2000,Rabi,Maize,1487,4736,3.184936113
Bihar,SITAMARHI,2000,Rabi,Masoor,3719,2696,0.724926055
Bihar,SITAMARHI,2000,Rabi,Moong(Green Gram),2968,2555,0.860849057
Bihar,SITAMARHI,2000,Rabi,Other  Rabi pulses,115,57,0.495652174
Bihar,SITAMARHI,2000,Rabi,Peas & beans (Pulses),167,161,0.964071856
Bihar,SITAMARHI,2000,Rabi,Rapeseed &Mustard,817,960,1.1750306
Bihar,SITAMARHI,2000,Rabi,Wheat,52744,91912,1.742605794
Bihar,SITAMARHI,2000,Summer,Maize,2105,5226,2.482660333
Bihar,SITAMARHI,2000,Summer,Rice,1608,3016,1.875621891
Bihar,SITAMARHI,2000,Whole Year,Banana,194,817,4.211340206
Bihar,SITAMARHI,2000,Whole Year,Coriander,41,17,0.414634146
Bihar,SITAMARHI,2000,Whole Year,Dry chillies,29,20,0.689655172
Bihar,SITAMARHI,2000,Whole Year,Garlic,51,77,1.509803922
Bihar,SITAMARHI,2000,Whole Year,Onion,641,6692,10.4399376
Bihar,SITAMARHI,2000,Whole Year,Potato,4749,55455,11.6771952
Bihar,SITAMARHI,2000,Whole Year,Sugarcane,5592,190832,34.12589413
Bihar,SITAMARHI,2000,Whole Year,Sweet potato,226,2721,12.03982301
Bihar,SITAMARHI,2000,Whole Year,Tobacco,196,228,1.163265306
Bihar,SITAMARHI,2000,Whole Year,Turmeric,45,50,1.111111111
Bihar,SITAMARHI,2001,Autumn,Maize,836,892,1.066985646
Bihar,SITAMARHI,2001,Autumn,Rice,93883,109753,1.169040188
Bihar,SITAMARHI,2001,Kharif,Arhar/Tur,688,998,1.450581395
Bihar,SITAMARHI,2001,Kharif,Horse-gram,38,31,0.815789474
Bihar,SITAMARHI,2001,Kharif,Mesta,64,209,3.265625
Bihar,SITAMARHI,2001,Kharif,Moong(Green Gram),277,160,0.577617329
Bihar,SITAMARHI,2001,Kharif,Other Kharif pulses,30,17,0.566666667
Bihar,SITAMARHI,2001,Kharif,Ragi,641,727,1.134165367
Bihar,SITAMARHI,2001,Kharif,Rice,1260,2419,1.91984127
Bihar,SITAMARHI,2001,Kharif,Small millets,105,82,0.780952381
Bihar,SITAMARHI,2001,Kharif,Sunflower,8,9,1.125
Bihar,SITAMARHI,2001,Kharif,Urad,95,75,0.789473684
Bihar,SITAMARHI,2001,Rabi,Barley,114,205,1.798245614
Bihar,SITAMARHI,2001,Rabi,Khesari,2623,2143,0.817003431
Bihar,SITAMARHI,2001,Rabi,Linseed,485,344,0.709278351
Bihar,SITAMARHI,2001,Rabi,Maize,1753,6958,3.969195665
Bihar,SITAMARHI,2001,Rabi,Masoor,3967,2444,0.616082682
Bihar,SITAMARHI,2001,Rabi,Other  Rabi pulses,378,257,0.67989418
Bihar,SITAMARHI,2001,Rabi,Peas & beans (Pulses),174,171,0.982758621
Bihar,SITAMARHI,2001,Rabi,Rapeseed &Mustard,990,678,0.684848485
Bihar,SITAMARHI,2001,Rabi,Safflower,12,10,0.833333333
Bihar,SITAMARHI,2001,Rabi,Wheat,70696,152426,2.156076723
Bihar,SITAMARHI,2001,Summer,Maize,1665,4372,2.625825826
Bihar,SITAMARHI,2001,Summer,Rice,28217,34215,1.212566892
Bihar,SITAMARHI,2001,Whole Year,Banana,172,2422,14.08139535
Bihar,SITAMARHI,2001,Whole Year,Coriander,25,15,0.6
Bihar,SITAMARHI,2001,Whole Year,Dry chillies,24,18,0.75
Bihar,SITAMARHI,2001,Whole Year,Garlic,11,17,1.545454545
Bihar,SITAMARHI,2001,Whole Year,Onion,504,3941,7.819444444
Bihar,SITAMARHI,2001,Whole Year,Potato,3725,53393,14.33369128
Bihar,SITAMARHI,2001,Whole Year,Sugarcane,4726,223366,47.26322471
Bihar,SITAMARHI,2001,Whole Year,Sweet potato,287,3133,10.91637631
Bihar,SITAMARHI,2001,Whole Year,Tobacco,181,199,1.099447514
Bihar,SITAMARHI,2001,Whole Year,Turmeric,43,44,1.023255814
Bihar,SITAMARHI,2002,Autumn,Maize,483,1044,2.161490683
Bihar,SITAMARHI,2002,Autumn,Rice,23017,28456,1.236303602
Bihar,SITAMARHI,2002,Kharif,Arhar/Tur,682,549,0.804985337
Bihar,SITAMARHI,2002,Kharif,Horse-gram,49,39,0.795918367
Bihar,SITAMARHI,2002,Kharif,Mesta,80,375,4.6875
Bihar,SITAMARHI,2002,Kharif,Moong(Green Gram),219,118,0.538812785
Bihar,SITAMARHI,2002,Kharif,Ragi,1032,776,0.751937984
Bihar,SITAMARHI,2002,Kharif,Small millets,2,1,0.5
Bihar,SITAMARHI,2002,Kharif,Sunflower,8,10,1.25
Bihar,SITAMARHI,2002,Kharif,Urad,84,72,0.857142857
Bihar,SITAMARHI,2002,Rabi,Barley,110,132,1.2
Bihar,SITAMARHI,2002,Rabi,Khesari,2676,1638,0.612107623
Bihar,SITAMARHI,2002,Rabi,Linseed,546,415,0.76007326
Bihar,SITAMARHI,2002,Rabi,Maize,1714,4775,2.78588098
Bihar,SITAMARHI,2002,Rabi,Masoor,3953,2281,0.577030104
Bihar,SITAMARHI,2002,Rabi,Other  Rabi pulses,374,251,0.671122995
Bihar,SITAMARHI,2002,Rabi,Peas & beans (Pulses),170,152,0.894117647
Bihar,SITAMARHI,2002,Rabi,Rapeseed &Mustard,998,596,0.597194389
Bihar,SITAMARHI,2002,Rabi,Safflower,12,10,0.833333333
Bihar,SITAMARHI,2002,Rabi,Wheat,70712,119007,1.682981672
Bihar,SITAMARHI,2002,Summer,Maize,1657,5142,3.103198552
Bihar,SITAMARHI,2002,Summer,Moong(Green Gram),3382,1502,0.444115908
Bihar,SITAMARHI,2002,Summer,Rice,1251,2536,2.027178257
Bihar,SITAMARHI,2002,Whole Year,Banana,171,2481,14.50877193
Bihar,SITAMARHI,2002,Whole Year,Coriander,25,16,0.64
Bihar,SITAMARHI,2002,Whole Year,Dry chillies,23,16,0.695652174
Bihar,SITAMARHI,2002,Whole Year,Garlic,11,16,1.454545455
Bihar,SITAMARHI,2002,Whole Year,Onion,507,4573,9.019723866
Bihar,SITAMARHI,2002,Whole Year,Potato,3180,40658,12.78553459
Bihar,SITAMARHI,2002,Whole Year,Sannhamp,32,23,0.71875
Bihar,SITAMARHI,2002,Whole Year,Sugarcane,2719,86492,31.81022435
Bihar,SITAMARHI,2002,Whole Year,Sweet potato,266,3341,12.56015038
Bihar,SITAMARHI,2002,Whole Year,Tobacco,179,201,1.122905028
Bihar,SITAMARHI,2002,Whole Year,Turmeric,43,42,0.976744186
Bihar,SITAMARHI,2002,Winter,Rice,82576,80249,0.971819899
Bihar,SITAMARHI,2003,Autumn,Rice,22085,30780,1.393706135
Bihar,SITAMARHI,2003,Kharif,Arhar/Tur,372,615,1.653225806
Bihar,SITAMARHI,2003,Kharif,Horse-gram,50,37,0.74
Bihar,SITAMARHI,2003,Kharif,Maize,484,813,1.679752066
Bihar,SITAMARHI,2003,Kharif,Mesta,80,357,4.4625
Bihar,SITAMARHI,2003,Kharif,Moong(Green Gram),223,128,0.573991031
Bihar,SITAMARHI,2003,Kharif,Other Kharif pulses,1,0,0
Bihar,SITAMARHI,2003,Kharif,Ragi,1113,933,0.838274933
Bihar,SITAMARHI,2003,Kharif,Sesamum,3,2,0.666666667
Bihar,SITAMARHI,2003,Kharif,Small millets,2,1,0.5
Bihar,SITAMARHI,2003,Kharif,Sunflower,9,12,1.333333333
Bihar,SITAMARHI,2003,Kharif,Urad,100,84,0.84
Bihar,SITAMARHI,2003,Rabi,Barley,2044,2753,1.346868885
Bihar,SITAMARHI,2003,Rabi,Gram,843,824,0.977461447
Bihar,SITAMARHI,2003,Rabi,Khesari,1931,1630,0.844122216
Bihar,SITAMARHI,2003,Rabi,Linseed,513,402,0.783625731
Bihar,SITAMARHI,2003,Rabi,Maize,672,2720,4.047619048
Bihar,SITAMARHI,2003,Rabi,Masoor,3528,2237,0.634070295
Bihar,SITAMARHI,2003,Rabi,Other  Rabi pulses,56,38,0.678571429
Bihar,SITAMARHI,2003,Rabi,Peas & beans (Pulses),547,511,0.934186472
Bihar,SITAMARHI,2003,Rabi,Rapeseed &Mustard,979,754,0.770173647
Bihar,SITAMARHI,2003,Rabi,Wheat,52930,84738,1.600944644
Bihar,SITAMARHI,2003,Summer,Maize,1085,2432,2.241474654
Bihar,SITAMARHI,2003,Summer,Moong(Green Gram),4975,2020,0.406030151
Bihar,SITAMARHI,2003,Summer,Rice,903,914,1.012181617
Bihar,SITAMARHI,2003,Whole Year,Banana,204,2509,12.29901961
Bihar,SITAMARHI,2003,Whole Year,Coriander,46,32,0.695652174
Bihar,SITAMARHI,2003,Whole Year,Dry chillies,21,11,0.523809524
Bihar,SITAMARHI,2003,Whole Year,Garlic,30,45,1.5
Bihar,SITAMARHI,2003,Whole Year,Onion,557,6077,10.91023339
Bihar,SITAMARHI,2003,Whole Year,Potato,2147,23896,11.12994877
Bihar,SITAMARHI,2003,Whole Year,Sannhamp,32,23,0.71875
Bihar,SITAMARHI,2003,Whole Year,Sugarcane,2217,87642,39.53179973
Bihar,SITAMARHI,2003,Whole Year,Sweet potato,193,2701,13.99481865
Bihar,SITAMARHI,2003,Whole Year,Tobacco,175,195,1.114285714
Bihar,SITAMARHI,2003,Whole Year,Turmeric,43,42,0.976744186
Bihar,SITAMARHI,2003,Winter,Rice,80400,99185,1.233644279
Bihar,SITAMARHI,2004,Autumn,Rice,22121,19525,0.88264545
Bihar,SITAMARHI,2004,Kharif,Arhar/Tur,499,378,0.75751503
Bihar,SITAMARHI,2004,Kharif,Maize,210,374,1.780952381
Bihar,SITAMARHI,2004,Kharif,Mesta,74,590,7.972972973
Bihar,SITAMARHI,2004,Kharif,Moong(Green Gram),115,44,0.382608696
Bihar,SITAMARHI,2004,Kharif,Ragi,654,141,0.21559633
Bihar,SITAMARHI,2004,Kharif,Small millets,8,6,0.75
Bihar,SITAMARHI,2004,Kharif,Urad,36,25,0.694444444
Bihar,SITAMARHI,2004,Rabi,Barley,180,230,1.277777778
Bihar,SITAMARHI,2004,Rabi,Gram,6,5,0.833333333
Bihar,SITAMARHI,2004,Rabi,Khesari,2315,1201,0.518790497
Bihar,SITAMARHI,2004,Rabi,Linseed,634,534,0.842271293
Bihar,SITAMARHI,2004,Rabi,Maize,1057,2029,1.919583728
Bihar,SITAMARHI,2004,Rabi,Masoor,3998,2051,0.513006503
Bihar,SITAMARHI,2004,Rabi,Other  Rabi pulses,210,143,0.680952381
Bihar,SITAMARHI,2004,Rabi,Peas & beans (Pulses),218,192,0.880733945
Bihar,SITAMARHI,2004,Rabi,Rapeseed &Mustard,982,668,0.680244399
Bihar,SITAMARHI,2004,Rabi,Wheat,49806,80475,1.615769184
Bihar,SITAMARHI,2004,Summer,Maize,1384,4315,3.117774566
Bihar,SITAMARHI,2004,Summer,Moong(Green Gram),3173,1288,0.405924992
Bihar,SITAMARHI,2004,Summer,Rice,1291,1860,1.44074361
Bihar,SITAMARHI,2004,Whole Year,Banana,345,3122,9.049275362
Bihar,SITAMARHI,2004,Whole Year,Coriander,34,22,0.647058824
Bihar,SITAMARHI,2004,Whole Year,Dry chillies,27,19,0.703703704
Bihar,SITAMARHI,2004,Whole Year,Garlic,23,36,1.565217391
Bihar,SITAMARHI,2004,Whole Year,Onion,379,3589,9.469656992
Bihar,SITAMARHI,2004,Whole Year,Potato,2273,19569,8.609326881
Bihar,SITAMARHI,2004,Whole Year,Sannhamp,19,15,0.789473684
Bihar,SITAMARHI,2004,Whole Year,Sugarcane,2222,77119,34.7070207
Bihar,SITAMARHI,2004,Whole Year,Sweet potato,155,2121,13.68387097
Bihar,SITAMARHI,2004,Whole Year,Tobacco,171,199,1.16374269
Bihar,SITAMARHI,2004,Whole Year,Turmeric,42,41,0.976190476
Bihar,SITAMARHI,2004,Winter,Rice,48561,11886,0.244764317
Bihar,SITAMARHI,2005,Autumn,Rice,22062,12335,0.559106155
Bihar,SITAMARHI,2005,Kharif,Arhar/Tur,502,496,0.988047809
Bihar,SITAMARHI,2005,Kharif,Maize,212,372,1.754716981
Bihar,SITAMARHI,2005,Kharif,Mesta,76,448,5.894736842
Bihar,SITAMARHI,2005,Kharif,Moong(Green Gram),117,52,0.444444444
Bihar,SITAMARHI,2005,Kharif,Ragi,664,262,0.394578313
Bihar,SITAMARHI,2005,Kharif,Small millets,2,2,1
Bihar,SITAMARHI,2005,Kharif,Urad,37,29,0.783783784
Bihar,SITAMARHI,2005,Rabi,Barley,140,104,0.742857143
Bihar,SITAMARHI,2005,Rabi,Gram,40,38,0.95
Bihar,SITAMARHI,2005,Rabi,Khesari,1790,861,0.481005587
Bihar,SITAMARHI,2005,Rabi,Linseed,352,301,0.855113636
Bihar,SITAMARHI,2005,Rabi,Maize,1611,1260,0.782122905
Bihar,SITAMARHI,2005,Rabi,Masoor,5369,2647,0.493015459
Bihar,SITAMARHI,2005,Rabi,Other  Rabi pulses,968,658,0.679752066
Bihar,SITAMARHI,2005,Rabi,Peas & beans (Pulses),352,324,0.920454545
Bihar,SITAMARHI,2005,Rabi,Rapeseed &Mustard,836,724,0.866028708
Bihar,SITAMARHI,2005,Rabi,Wheat,53245,61248,1.150305193
Bihar,SITAMARHI,2005,Summer,Maize,4202,10418,2.479295574
Bihar,SITAMARHI,2005,Summer,Moong(Green Gram),4798,3997,0.83305544
Bihar,SITAMARHI,2005,Summer,Rice,1435,1181,0.822996516
Bihar,SITAMARHI,2005,Whole Year,Banana,201,1632,8.119402985
Bihar,SITAMARHI,2005,Whole Year,Coriander,45,35,0.777777778
Bihar,SITAMARHI,2005,Whole Year,Dry chillies,21,35,1.666666667
Bihar,SITAMARHI,2005,Whole Year,Garlic,18,27,1.5
Bihar,SITAMARHI,2005,Whole Year,Onion,1939,32808,16.92006189
Bihar,SITAMARHI,2005,Whole Year,Potato,2604,19087,7.329877112
Bihar,SITAMARHI,2005,Whole Year,Sannhamp,19,15,0.789473684
Bihar,SITAMARHI,2005,Whole Year,Sugarcane,2232,120358,53.92383513
Bihar,SITAMARHI,2005,Whole Year,Sweet potato,333,5427,16.2972973
Bihar,SITAMARHI,2005,Whole Year,Tobacco,47,54,1.14893617
Bihar,SITAMARHI,2005,Winter,Rice,48561,15978,0.329029468
Bihar,SITAMARHI,2006,Autumn,Rice,21114,15924,0.754191532
Bihar,SITAMARHI,2006,Kharif,Arhar/Tur,555,862,1.553153153
Bihar,SITAMARHI,2006,Kharif,Maize,210,288,1.371428571
Bihar,SITAMARHI,2006,Kharif,Mesta,68,425,6.25
Bihar,SITAMARHI,2006,Kharif,Moong(Green Gram),141,71,0.503546099
Bihar,SITAMARHI,2006,Kharif,Ragi,810,708,0.874074074
Bihar,SITAMARHI,2006,Kharif,Sannhamp,23,19,0.826086957
Bihar,SITAMARHI,2006,Kharif,Urad,58,47,0.810344828
Bihar,SITAMARHI,2006,Rabi,Barley,136,137,1.007352941
Bihar,SITAMARHI,2006,Rabi,Khesari,2385,1881,0.788679245
Bihar,SITAMARHI,2006,Rabi,Linseed,525,446,0.84952381
Bihar,SITAMARHI,2006,Rabi,Maize,1737,3333,1.918825561
Bihar,SITAMARHI,2006,Rabi,Masoor,5435,4120,0.758049678
Bihar,SITAMARHI,2006,Rabi,Peas & beans (Pulses),155,146,0.941935484
Bihar,SITAMARHI,2006,Rabi,Rapeseed &Mustard,1347,1569,1.16481069
Bihar,SITAMARHI,2006,Rabi,Wheat,68215,118146,1.73196511
Bihar,SITAMARHI,2006,Summer,Maize,4202,8939,2.127320324
Bihar,SITAMARHI,2006,Summer,Moong(Green Gram),4798,2173,0.45289704
Bihar,SITAMARHI,2006,Summer,Rice,1435,2068,1.441114983
Bihar,SITAMARHI,2006,Winter,Rice,69963,46423,0.663536441
Bihar,SITAMARHI,2007,Autumn,Maize,675,343,0.508148148
Bihar,SITAMARHI,2007,Autumn,Rice,23650,10184,0.430613108
Bihar,SITAMARHI,2007,Kharif,Arhar/Tur,262,351,1.339694656
Bihar,SITAMARHI,2007,Kharif,Bajra,345,358,1.037681159
Bihar,SITAMARHI,2007,Kharif,Jowar,655,696,1.06259542
Bihar,SITAMARHI,2007,Kharif,Mesta,97,623,6.422680412
Bihar,SITAMARHI,2007,Kharif,Moong(Green Gram),441,318,0.721088435
Bihar,SITAMARHI,2007,Kharif,Other Kharif pulses,62,43,0.693548387
Bihar,SITAMARHI,2007,Kharif,Ragi,762,461,0.604986877
Bihar,SITAMARHI,2007,Kharif,Sannhamp,50,222.22,4.4444
Bihar,SITAMARHI,2007,Kharif,Small millets,3073,2216,0.721119427
Bihar,SITAMARHI,2007,Kharif,Urad,330,298,0.903030303
Bihar,SITAMARHI,2007,Rabi,Barley,144,150,1.041666667
Bihar,SITAMARHI,2007,Rabi,Khesari,2171,1821,0.838783971
Bihar,SITAMARHI,2007,Rabi,Linseed,359,302,0.841225627
Bihar,SITAMARHI,2007,Rabi,Maize,913,1096,1.200438116
Bihar,SITAMARHI,2007,Rabi,Masoor,5258,8797,1.673069608
Bihar,SITAMARHI,2007,Rabi,Other  Rabi pulses,309,229,0.741100324
Bihar,SITAMARHI,2007,Rabi,Peas & beans (Pulses),216,213,0.986111111
Bihar,SITAMARHI,2007,Rabi,Rapeseed &Mustard,1360,934,0.686764706
Bihar,SITAMARHI,2007,Rabi,Safflower,10,8,0.8
Bihar,SITAMARHI,2007,Rabi,Sunflower,3,4,1.333333333
Bihar,SITAMARHI,2007,Rabi,Wheat,65247,126821,1.943706224
Bihar,SITAMARHI,2007,Summer,Maize,4058,8966,2.20946279
Bihar,SITAMARHI,2007,Summer,Moong(Green Gram),5134,2890,0.562913907
Bihar,SITAMARHI,2007,Summer,Rice,1479,2145,1.45030426
Bihar,SITAMARHI,2007,Whole Year,Banana,249,2102,8.441767068
Bihar,SITAMARHI,2007,Whole Year,Coriander,34,24,0.705882353
Bihar,SITAMARHI,2007,Whole Year,Dry chillies,19,36,1.894736842
Bihar,SITAMARHI,2007,Whole Year,Garlic,2,3,1.5
Bihar,SITAMARHI,2007,Whole Year,Onion,457,3999,8.750547046
Bihar,SITAMARHI,2007,Whole Year,Potato,3683,27262,7.402117839
Bihar,SITAMARHI,2007,Whole Year,Sugarcane,2361,67433,28.56120288
Bihar,SITAMARHI,2007,Whole Year,Sweet potato,116,1671,14.40517241
Bihar,SITAMARHI,2007,Winter,Rice,28548,15803,0.553558918
Bihar,SITAMARHI,2008,Autumn,Maize,765,1376,1.79869281
Bihar,SITAMARHI,2008,Autumn,Rice,25037,41815,1.67012821
Bihar,SITAMARHI,2008,Kharif,Arhar/Tur,242,265,1.095041322
Bihar,SITAMARHI,2008,Kharif,Bajra,345,371,1.075362319
Bihar,SITAMARHI,2008,Kharif,Jowar,655,723,1.103816794
Bihar,SITAMARHI,2008,Kharif,Mesta,116,768,6.620689655
Bihar,SITAMARHI,2008,Kharif,Moong(Green Gram),231,162,0.701298701
Bihar,SITAMARHI,2008,Kharif,Other Kharif pulses,62,36,0.580645161
Bihar,SITAMARHI,2008,Kharif,Potato,878,6673,7.60022779
Bihar,SITAMARHI,2008,Kharif,Ragi,727,591,0.812929849
Bihar,SITAMARHI,2008,Kharif,Sannhamp,40,177.77,4.44425
Bihar,SITAMARHI,2008,Kharif,Small millets,3075,2278,0.740813008
Bihar,SITAMARHI,2008,Kharif,Sweet potato,69,835,12.10144928
Bihar,SITAMARHI,2008,Kharif,Urad,149,41,0.275167785
Bihar,SITAMARHI,2008,Rabi,Barley,154,168,1.090909091
Bihar,SITAMARHI,2008,Rabi,Khesari,2204,1809,0.820780399
Bihar,SITAMARHI,2008,Rabi,Linseed,439,369,0.840546697
Bihar,SITAMARHI,2008,Rabi,Maize,1674,2789,1.666069295
Bihar,SITAMARHI,2008,Rabi,Masoor,5509,4628,0.840079869
Bihar,SITAMARHI,2008,Rabi,Other  Rabi pulses,980,726,0.740816327
Bihar,SITAMARHI,2008,Rabi,Peas & beans (Pulses),254,244,0.960629921
Bihar,SITAMARHI,2008,Rabi,Potato,2509,18968,7.559984057
Bihar,SITAMARHI,2008,Rabi,Rapeseed &Mustard,1092,829,0.759157509
Bihar,SITAMARHI,2008,Rabi,Safflower,12,10,0.833333333
Bihar,SITAMARHI,2008,Rabi,Sunflower,3,4,1.333333333
Bihar,SITAMARHI,2008,Rabi,Sweet potato,351,4224,12.03418803
Bihar,SITAMARHI,2008,Rabi,Wheat,67117,137913,2.054814727
Bihar,SITAMARHI,2008,Summer,Maize,3354,11005,3.281156828
Bihar,SITAMARHI,2008,Summer,Moong(Green Gram),4792,2505,0.522746244
Bihar,SITAMARHI,2008,Summer,Rice,22,37,1.681818182
Bihar,SITAMARHI,2008,Whole Year,Dry chillies,21,38,1.80952381
Bihar,SITAMARHI,2008,Whole Year,Garlic,13,23,1.769230769
Bihar,SITAMARHI,2008,Whole Year,Onion,1249,10866,8.699759808
Bihar,SITAMARHI,2008,Whole Year,Sugarcane,2571,117140,45.56203812
Bihar,SITAMARHI,2008,Winter,Rice,57047,79171,1.387820569
Bihar,SITAMARHI,2009,Autumn,Maize,614,610,0.993485342
Bihar,SITAMARHI,2009,Autumn,Rice,25377,23570,0.92879379
Bihar,SITAMARHI,2009,Kharif,Arhar/Tur,371,417,1.123989218
Bihar,SITAMARHI,2009,Kharif,Mesta,98,693,7.071428571
Bihar,SITAMARHI,2009,Kharif,Moong(Green Gram),193,128,0.663212435
Bihar,SITAMARHI,2009,Kharif,Ragi,743,515,0.693135935
Bihar,SITAMARHI,2009,Kharif,Sannhamp,51,42,0.823529412
Bihar,SITAMARHI,2009,Kharif,Urad,20,20,1
Bihar,SITAMARHI,2009,Rabi,Barley,152,190,1.25
Bihar,SITAMARHI,2009,Rabi,Khesari,1264,1310,1.036392405
Bihar,SITAMARHI,2009,Rabi,Linseed,403,341,0.846153846
Bihar,SITAMARHI,2009,Rabi,Maize,986,3189,3.234279919
Bihar,SITAMARHI,2009,Rabi,Masoor,6817,5385,0.789936922
Bihar,SITAMARHI,2009,Rabi,Other  Rabi pulses,106,79,0.745283019
Bihar,SITAMARHI,2009,Rabi,Peas & beans (Pulses),265,265,1
Bihar,SITAMARHI,2009,Rabi,Rapeseed &Mustard,1451,2468,1.700895934
Bihar,SITAMARHI,2009,Rabi,Wheat,61778,118805,1.9230956
Bihar,SITAMARHI,2009,Summer,Maize,3275,8063,2.461984733
Bihar,SITAMARHI,2009,Summer,Moong(Green Gram),5284,2100,0.397426192
Bihar,SITAMARHI,2009,Summer,Rice,26,38,1.461538462
Bihar,SITAMARHI,2009,Whole Year,Sugarcane,2521,84827,33.64815549
Bihar,SITAMARHI,2009,Winter,Rice,77847,79622,1.022801136
Bihar,SITAMARHI,2010,Autumn,Maize,715,811,1.134265734
Bihar,SITAMARHI,2010,Autumn,Rice,27152,13523,0.498048026
Bihar,SITAMARHI,2010,Kharif,Arhar/Tur,379,686,1.810026385
Bihar,SITAMARHI,2010,Kharif,Bajra,42,47,1.119047619
Bihar,SITAMARHI,2010,Kharif,Groundnut,177,182,1.028248588
Bihar,SITAMARHI,2010,Kharif,Mesta,119,2045,17.18487395
Bihar,SITAMARHI,2010,Kharif,Moong(Green Gram),226,148,0.654867257
Bihar,SITAMARHI,2010,Kharif,Ragi,765,1193,1.559477124
Bihar,SITAMARHI,2010,Kharif,Safflower,13,10,0.769230769
Bihar,SITAMARHI,2010,Kharif,Urad,24,21,0.875
Bihar,SITAMARHI,2010,Rabi,Barley,152,230,1.513157895
Bihar,SITAMARHI,2010,Rabi,Khesari,1295,1274,0.983783784
Bihar,SITAMARHI,2010,Rabi,Linseed,425,348,0.818823529
Bihar,SITAMARHI,2010,Rabi,Maize,976,6169,6.320696721
Bihar,SITAMARHI,2010,Rabi,Masoor,6950,6033,0.868057554
Bihar,SITAMARHI,2010,Rabi,Other  Rabi pulses,106,79,0.745283019
Bihar,SITAMARHI,2010,Rabi,Peas & beans (Pulses),278,288,1.035971223
Bihar,SITAMARHI,2010,Rabi,Rapeseed &Mustard,1460,3349,2.293835616
Bihar,SITAMARHI,2010,Rabi,Wheat,62532,113764,1.819292522
Bihar,SITAMARHI,2010,Summer,Maize,3112,8888,2.856041131
Bihar,SITAMARHI,2010,Summer,Moong(Green Gram),4931,4221,0.856012979
Bihar,SITAMARHI,2010,Summer,Rice,9,20,2.222222222
Bihar,SITAMARHI,2010,Whole Year,Sugarcane,21590,1778439,82.37327466
Bihar,SITAMARHI,2010,Winter,Rice,80271,24195,0.301416452
Bihar,SITAMARHI,2011,Autumn,Maize,969,2778,2.866873065
Bihar,SITAMARHI,2011,Autumn,Rice,20355,27816,1.366543847
Bihar,SITAMARHI,2011,Kharif,Arhar/Tur,150,207,1.38
Bihar,SITAMARHI,2011,Kharif,Mesta,33,408,12.36363636
Bihar,SITAMARHI,2011,Kharif,Moong(Green Gram),120,68,0.566666667
Bihar,SITAMARHI,2011,Kharif,Other Kharif pulses,41,31,0.756097561
Bihar,SITAMARHI,2011,Kharif,Ragi,450,782,1.737777778
Bihar,SITAMARHI,2011,Kharif,Safflower,2,2,1
Bihar,SITAMARHI,2011,Kharif,Urad,24,22,0.916666667
Bihar,SITAMARHI,2011,Rabi,Barley,29,60,2.068965517
Bihar,SITAMARHI,2011,Rabi,Gram,17,22,1.294117647
Bihar,SITAMARHI,2011,Rabi,Khesari,136,103,0.757352941
Bihar,SITAMARHI,2011,Rabi,Linseed,213,184,0.863849765
Bihar,SITAMARHI,2011,Rabi,Maize,1950,10897,5.588205128
Bihar,SITAMARHI,2011,Rabi,Masoor,2252,1709,0.758880995
Bihar,SITAMARHI,2011,Rabi,Other  Rabi pulses,463,514,1.110151188
Bihar,SITAMARHI,2011,Rabi,Peas & beans (Pulses),16,16,1
Bihar,SITAMARHI,2011,Rabi,Rapeseed &Mustard,925,1014,1.096216216
Bihar,SITAMARHI,2011,Rabi,Sunflower,3,4,1.333333333
Bihar,SITAMARHI,2011,Rabi,Wheat,63797,182684,2.863520228
Bihar,SITAMARHI,2011,Summer,Maize,3097,12097,3.906038101
Bihar,SITAMARHI,2011,Summer,Moong(Green Gram),5095,2761,0.541903827
Bihar,SITAMARHI,2011,Summer,Rice,10,18,1.8
Bihar,SITAMARHI,2011,Winter,Rice,84551,141168,1.66961952
Bihar,SITAMARHI,2012,Autumn,Maize,149,751,5.040268456
Bihar,SITAMARHI,2012,Autumn,Rice,16077,29416,1.829694595
Bihar,SITAMARHI,2012,Kharif,Arhar/Tur,62,82,1.322580645
Bihar,SITAMARHI,2012,Kharif,Moong(Green Gram),84,33,0.392857143
Bihar,SITAMARHI,2012,Kharif,Other Kharif pulses,3,3,1
Bihar,SITAMARHI,2012,Kharif,Ragi,184,349,1.89673913
Bihar,SITAMARHI,2012,Kharif,Sesamum,70,62,0.885714286
Bihar,SITAMARHI,2012,Kharif,Urad,3,3,1
Bihar,SITAMARHI,2012,Rabi,Barley,34,52,1.529411765
Bihar,SITAMARHI,2012,Rabi,Khesari,107,84,0.785046729
Bihar,SITAMARHI,2012,Rabi,Linseed,81,70,0.864197531
Bihar,SITAMARHI,2012,Rabi,Maize,3934,7691,1.955007626
Bihar,SITAMARHI,2012,Rabi,Masoor,1878,1303,0.693823216
Bihar,SITAMARHI,2012,Rabi,Other  Rabi pulses,160,176,1.1
Bihar,SITAMARHI,2012,Rabi,Peas & beans (Pulses),18,19,1.055555556
Bihar,SITAMARHI,2012,Rabi,Rapeseed &Mustard,1003,1193,1.189431705
Bihar,SITAMARHI,2012,Rabi,Wheat,92498,265151,2.866559277
Bihar,SITAMARHI,2012,Summer,Maize,3097,17365,5.60703907
Bihar,SITAMARHI,2012,Summer,Moong(Green Gram),5095,3179,0.623945044
Bihar,SITAMARHI,2012,Summer,Rice,10,28,2.8
Bihar,SITAMARHI,2012,Whole Year,Sugarcane,16179,867463,53.61660177
Bihar,SITAMARHI,2012,Winter,Rice,90250,199899,2.214947368
Bihar,SITAMARHI,2013,Autumn,Maize,684,1672,2.444444444
Bihar,SITAMARHI,2013,Autumn,Rice,16932,8056,0.475785495
Bihar,SITAMARHI,2013,Kharif,Arhar/Tur,60,78,1.3
Bihar,SITAMARHI,2013,Kharif,Moong(Green Gram),22,7,0.318181818
Bihar,SITAMARHI,2013,Kharif,Ragi,49,46,0.93877551
Bihar,SITAMARHI,2013,Kharif,Sesamum,45,39,0.866666667
Bihar,SITAMARHI,2013,Rabi,Barley,33,48,1.454545455
Bihar,SITAMARHI,2013,Rabi,Khesari,109,122,1.119266055
Bihar,SITAMARHI,2013,Rabi,Linseed,81,69,0.851851852
Bihar,SITAMARHI,2013,Rabi,Maize,3936,19479,4.948932927
Bihar,SITAMARHI,2013,Rabi,Masoor,1871,1287,0.687867451
Bihar,SITAMARHI,2013,Rabi,Other  Rabi pulses,161,163,1.01242236
Bihar,SITAMARHI,2013,Rabi,Peas & beans (Pulses),18,19,1.055555556
Bihar,SITAMARHI,2013,Rabi,Rapeseed &Mustard,597,675,1.130653266
Bihar,SITAMARHI,2013,Rabi,Wheat,92499,267091,2.887501487
Bihar,SITAMARHI,2013,Summer,Maize,405,2004,4.948148148
Bihar,SITAMARHI,2013,Summer,Moong(Green Gram),3970,2152,0.542065491
Bihar,SITAMARHI,2013,Whole Year,Sugarcane,25930,1255330,48.41226379
Bihar,SITAMARHI,2013,Winter,Rice,82462,86051,1.043523077
Bihar,SITAMARHI,2014,Autumn,Maize,1028,4033,3.923151751
Bihar,SITAMARHI,2014,Autumn,Rice,14227,19776,1.390033036
Bihar,SITAMARHI,2014,Kharif,Arhar/Tur,57,83,1.456140351
Bihar,SITAMARHI,2014,Kharif,Ragi,49,90,1.836734694
Bihar,SITAMARHI,2014,Kharif,Sesamum,45,39,0.866666667
Bihar,SITAMARHI,2014,Rabi,Barley,9,15,1.666666667
Bihar,SITAMARHI,2014,Rabi,Khesari,99,98,0.98989899
Bihar,SITAMARHI,2014,Rabi,Linseed,85,73,0.858823529
Bihar,SITAMARHI,2014,Rabi,Maize,4193,13506,3.221082757
Bihar,SITAMARHI,2014,Rabi,Masoor,2451,414,0.168910649
Bihar,SITAMARHI,2014,Rabi,Other  Rabi pulses,159,159,1
Bihar,SITAMARHI,2014,Rabi,Peas & beans (Pulses),15,12,0.8
Bihar,SITAMARHI,2014,Rabi,Rapeseed &Mustard,604,176,0.291390728
Bihar,SITAMARHI,2014,Rabi,Wheat,88033,76764,0.871991185
Bihar,SITAMARHI,2014,Summer,Maize,273,1059,3.879120879
Bihar,SITAMARHI,2014,Summer,Moong(Green Gram),3422,1814,0.530099357
Bihar,SITAMARHI,2014,Whole Year,Sugarcane,25920,1519698,58.63032407
Bihar,SITAMARHI,2014,Winter,Rice,82362,162225,1.969658338
Bihar,SIWAN,1997,Autumn,Rice,35529,37976,1.068873315
Bihar,SIWAN,1997,Kharif,Arhar/Tur,3791,6107,1.610920601
Bihar,SIWAN,1997,Kharif,Bajra,97,7,0.072164948
Bihar,SIWAN,1997,Kharif,Castor seed,27,20,0.740740741
Bihar,SIWAN,1997,Kharif,Dry ginger,27,38,1.407407407
Bihar,SIWAN,1997,Kharif,Maize,15505,41920,2.703643986
Bihar,SIWAN,1997,Kharif,Mesta,119,809,6.798319328
Bihar,SIWAN,1997,Kharif,Other Kharif pulses,135,84,0.622222222
Bihar,SIWAN,1997,Kharif,Sesamum,357,214,0.599439776
Bihar,SIWAN,1997,Kharif,Small millets,1473,1056,0.716904277
Bihar,SIWAN,1997,Rabi,Barley,1115,1748,1.567713004
Bihar,SIWAN,1997,Rabi,Gram,1789,2422,1.353828955
Bihar,SIWAN,1997,Rabi,Linseed,432,288,0.666666667
Bihar,SIWAN,1997,Rabi,Maize,5504,14008,2.54505814
Bihar,SIWAN,1997,Rabi,Other  Rabi pulses,41,40,0.975609756
Bihar,SIWAN,1997,Rabi,Rapeseed &Mustard,3250,3195,0.983076923
Bihar,SIWAN,1997,Rabi,Safflower,4,2,0.5
Bihar,SIWAN,1997,Rabi,Sunflower,21,16,0.761904762
Bihar,SIWAN,1997,Rabi,Tobacco,244,166,0.680327869
Bihar,SIWAN,1997,Rabi,Wheat,99181,233012,2.349361269
Bihar,SIWAN,1997,Summer,Maize,1907,3858,2.023072889
Bihar,SIWAN,1997,Whole Year,Banana,90,2180,24.22222222
Bihar,SIWAN,1997,Whole Year,Coriander,185,91,0.491891892
Bihar,SIWAN,1997,Whole Year,Dry chillies,81,69,0.851851852
Bihar,SIWAN,1997,Whole Year,Garlic,173,107,0.61849711
Bihar,SIWAN,1997,Whole Year,Onion,713,6724,9.430575035
Bihar,SIWAN,1997,Whole Year,Potato,4826,46561,9.647948612
Bihar,SIWAN,1997,Whole Year,Ragi,2750,2503,0.910181818
Bihar,SIWAN,1997,Whole Year,Sannhamp,197,146,0.741116751
Bihar,SIWAN,1997,Whole Year,Sugarcane,6550,177156,27.04671756
Bihar,SIWAN,1997,Whole Year,Sweet potato,322,4246,13.1863354
Bihar,SIWAN,1997,Whole Year,Turmeric,51,63,1.235294118
Bihar,SIWAN,1997,Winter,Rice,64337,98014,1.52344685
Bihar,SIWAN,1998,Kharif,Arhar/Tur,3823,6021,1.574941146
Bihar,SIWAN,1998,Kharif,Bajra,160,40,0.25
Bihar,SIWAN,1998,Kharif,Blackgram,271,201,0.741697417
Bihar,SIWAN,1998,Kharif,Cotton(lint),43,88,2.046511628
Bihar,SIWAN,1998,Kharif,Jowar,65,61,0.938461538
Bihar,SIWAN,1998,Kharif,Maize,13560,14837,1.094174041
Bihar,SIWAN,1998,Kharif,Mesta,166,1033,6.222891566
Bihar,SIWAN,1998,Kharif,Other Kharif pulses,736,379,0.514945652
Bihar,SIWAN,1998,Kharif,Ragi,2076,1854,0.893063584
Bihar,SIWAN,1998,Kharif,Sesamum,122,64,0.524590164
Bihar,SIWAN,1998,Kharif,Small millets,1252,947,0.756389776
Bihar,SIWAN,1998,Kharif,Sunflower,36,28,0.777777778
Bihar,SIWAN,1998,Rabi,Barley,939,1218,1.297124601
Bihar,SIWAN,1998,Rabi,Gram,627,676,1.07814992
Bihar,SIWAN,1998,Rabi,Linseed,396,293,0.73989899
Bihar,SIWAN,1998,Rabi,Maize,5991,11940,1.992989484
Bihar,SIWAN,1998,Rabi,Other  Rabi pulses,3696,3180,0.86038961
Bihar,SIWAN,1998,Rabi,Rapeseed &Mustard,3095,2473,0.799030695
Bihar,SIWAN,1998,Rabi,Wheat,99028,205354,2.073696328
Bihar,SIWAN,1998,Summer,Maize,1946,2058,1.057553957
Bihar,SIWAN,1998,Summer,Rice,10,22,2.2
Bihar,SIWAN,1998,Whole Year,Banana,96,1748,18.20833333
Bihar,SIWAN,1998,Whole Year,Coriander,85,52,0.611764706
Bihar,SIWAN,1998,Whole Year,Dry chillies,72,68,0.944444444
Bihar,SIWAN,1998,Whole Year,Dry ginger,62,87,1.403225806
Bihar,SIWAN,1998,Whole Year,Garlic,205,127,0.619512195
Bihar,SIWAN,1998,Whole Year,Onion,609,4263,7
Bihar,SIWAN,1998,Whole Year,Potato,5047,33572,6.651872399
Bihar,SIWAN,1998,Whole Year,Sannhamp,315,233,0.73968254
Bihar,SIWAN,1998,Whole Year,Sugarcane,6491,337710,52.02742259
Bihar,SIWAN,1998,Whole Year,Sweet potato,210,2270,10.80952381
Bihar,SIWAN,1998,Whole Year,Tobacco,230,156,0.67826087
Bihar,SIWAN,1998,Whole Year,Turmeric,69,92,1.333333333
Bihar,SIWAN,1998,Winter,Rice,62745,84150,1.341142721
Bihar,SIWAN,1999,Kharif,Arhar/Tur,3084,5166,1.675097276
Bihar,SIWAN,1999,Kharif,Bajra,51,25,0.490196078
Bihar,SIWAN,1999,Kharif,Dry ginger,3,4,1.333333333
Bihar,SIWAN,1999,Kharif,Jowar,649,906,1.395993837
Bihar,SIWAN,1999,Kharif,Maize,13209,28842,2.183511242
Bihar,SIWAN,1999,Kharif,Moong(Green Gram),8,4,0.5
Bihar,SIWAN,1999,Kharif,Ragi,1795,1612,0.898050139
Bihar,SIWAN,1999,Kharif,Rice,37651,45811,1.216727311
Bihar,SIWAN,1999,Kharif,Sesamum,263,133,0.505703422
Bihar,SIWAN,1999,Kharif,Sunflower,26,28,1.076923077
Bihar,SIWAN,1999,Kharif,Urad,798,555,0.695488722
Bihar,SIWAN,1999,Rabi,Gram,647,591,0.913446677
Bihar,SIWAN,1999,Rabi,Linseed,359,222,0.618384401
Bihar,SIWAN,1999,Rabi,Maize,7031,22802,3.24306642
Bihar,SIWAN,1999,Rabi,Masoor,783,749,0.956577267
Bihar,SIWAN,1999,Rabi,Moong(Green Gram),2065,1138,0.551089588
Bihar,SIWAN,1999,Rabi,Other  Rabi pulses,29,24,0.827586207
Bihar,SIWAN,1999,Rabi,Peas & beans (Pulses),1000,715,0.715
Bihar,SIWAN,1999,Rabi,Rapeseed &Mustard,2826,2620,0.927105449
Bihar,SIWAN,1999,Rabi,Safflower,34,18,0.529411765
Bihar,SIWAN,1999,Rabi,Wheat,93836,232178,2.47429558
Bihar,SIWAN,1999,Summer,Maize,2773,6955,2.508113956
Bihar,SIWAN,1999,Summer,Rice,14,18,1.285714286
Bihar,SIWAN,1999,Whole Year,Banana,52,701,13.48076923
Bihar,SIWAN,1999,Whole Year,Coriander,16,8,0.5
Bihar,SIWAN,1999,Whole Year,Dry chillies,63,65,1.031746032
Bihar,SIWAN,1999,Whole Year,Garlic,89,55,0.617977528
Bihar,SIWAN,1999,Whole Year,Onion,424,2616,6.169811321
Bihar,SIWAN,1999,Whole Year,Potato,3480,22237,6.389942529
Bihar,SIWAN,1999,Whole Year,Sugarcane,4999,223168,44.64252851
Bihar,SIWAN,1999,Whole Year,Sweet potato,44,600,13.63636364
Bihar,SIWAN,1999,Whole Year,Tobacco,164,166,1.012195122
Bihar,SIWAN,2000,Autumn,Rice,65367,83737,1.281028654
Bihar,SIWAN,2000,Kharif,Arhar/Tur,2753,3816,1.386124228
Bihar,SIWAN,2000,Kharif,Bajra,13,6,0.461538462
Bihar,SIWAN,2000,Kharif,Dry ginger,1,1,1
Bihar,SIWAN,2000,Kharif,Maize,10557,17931,1.69849389
Bihar,SIWAN,2000,Kharif,Mesta,48,370,7.708333333
Bihar,SIWAN,2000,Kharif,Ragi,1359,1260,0.927152318
Bihar,SIWAN,2000,Kharif,Rice,40356,49161,1.21818317
Bihar,SIWAN,2000,Kharif,Sesamum,135,75,0.555555556
Bihar,SIWAN,2000,Kharif,Small millets,1064,664,0.62406015
Bihar,SIWAN,2000,Kharif,Sunflower,28,46,1.642857143
Bihar,SIWAN,2000,Kharif,Urad,279,204,0.731182796
Bihar,SIWAN,2000,Rabi,Barley,799,1344,1.682102628
Bihar,SIWAN,2000,Rabi,Gram,315,285,0.904761905
Bihar,SIWAN,2000,Rabi,Linseed,191,189,0.989528796
Bihar,SIWAN,2000,Rabi,Maize,5041,10324,2.048006348
Bihar,SIWAN,2000,Rabi,Masoor,543,425,0.782688766
Bihar,SIWAN,2000,Rabi,Moong(Green Gram),1990,1574,0.790954774
Bihar,SIWAN,2000,Rabi,Other  Rabi pulses,6,6,1
Bihar,SIWAN,2000,Rabi,Peas & beans (Pulses),799,789,0.987484355
Bihar,SIWAN,2000,Rabi,Rapeseed &Mustard,1949,2068,1.061056952
Bihar,SIWAN,2000,Rabi,Safflower,2,2,1
Bihar,SIWAN,2000,Rabi,Wheat,97531,201281,2.063764342
Bihar,SIWAN,2000,Summer,Maize,3331,7291,2.188832183
Bihar,SIWAN,2000,Summer,Rice,254,470,1.850393701
Bihar,SIWAN,2000,Whole Year,Banana,318,6678,21
Bihar,SIWAN,2000,Whole Year,Garlic,58,57,0.982758621
Bihar,SIWAN,2000,Whole Year,Onion,364,2865,7.870879121
Bihar,SIWAN,2000,Whole Year,Potato,3871,34314,8.86437613
Bihar,SIWAN,2000,Whole Year,Sugarcane,4868,174692,35.88578472
Bihar,SIWAN,2000,Whole Year,Sweet potato,77,707,9.181818182
Bihar,SIWAN,2000,Whole Year,Turmeric,1,1,1
Bihar,SIWAN,2001,Autumn,Maize,12271,20069,1.635482031
Bihar,SIWAN,2001,Autumn,Rice,63628,82717,1.30000943
Bihar,SIWAN,2001,Kharif,Arhar/Tur,3136,3835,1.222895408
Bihar,SIWAN,2001,Kharif,Bajra,19,14,0.736842105
Bihar,SIWAN,2001,Kharif,Jute,9,60,6.666666667
Bihar,SIWAN,2001,Kharif,Mesta,25,162,6.48
Bihar,SIWAN,2001,Kharif,Moong(Green Gram),4,2,0.5
Bihar,SIWAN,2001,Kharif,Ragi,1656,2237,1.350845411
Bihar,SIWAN,2001,Kharif,Rice,183,375,2.049180328
Bihar,SIWAN,2001,Kharif,Sesamum,147,90,0.612244898
Bihar,SIWAN,2001,Kharif,Small millets,1299,987,0.759815242
Bihar,SIWAN,2001,Kharif,Sunflower,6,7,1.166666667
Bihar,SIWAN,2001,Kharif,Urad,278,140,0.503597122
Bihar,SIWAN,2001,Rabi,Barley,704,752,1.068181818
Bihar,SIWAN,2001,Rabi,Gram,236,390,1.652542373
Bihar,SIWAN,2001,Rabi,Linseed,259,256,0.988416988
Bihar,SIWAN,2001,Rabi,Maize,4601,12128,2.635948707
Bihar,SIWAN,2001,Rabi,Masoor,494,535,1.082995951
Bihar,SIWAN,2001,Rabi,Peas & beans (Pulses),1162,1148,0.987951807
Bihar,SIWAN,2001,Rabi,Rapeseed &Mustard,1988,1529,0.769114688
Bihar,SIWAN,2001,Rabi,Wheat,93941,208778,2.222437487
Bihar,SIWAN,2001,Summer,Maize,3454,8117,2.350028952
Bihar,SIWAN,2001,Summer,Rice,45900,48355,1.053485839
Bihar,SIWAN,2001,Whole Year,Banana,941,14021,14.90010627
Bihar,SIWAN,2001,Whole Year,Onion,356,2965,8.328651685
Bihar,SIWAN,2001,Whole Year,Potato,3603,31015,8.608104357
Bihar,SIWAN,2001,Whole Year,Sugarcane,5537,261127,47.16037565
Bihar,SIWAN,2001,Whole Year,Sweet potato,80,1029,12.8625
Bihar,SIWAN,2002,Autumn,Maize,11212,24101,2.149571887
Bihar,SIWAN,2002,Autumn,Rice,41830,48956,1.170356204
Bihar,SIWAN,2002,Kharif,Arhar/Tur,3422,5177,1.512857978
Bihar,SIWAN,2002,Kharif,Bajra,20,15,0.75
Bihar,SIWAN,2002,Kharif,Mesta,23,138,6
Bihar,SIWAN,2002,Kharif,Moong(Green Gram),5,,
Bihar,SIWAN,2002,Kharif,Other Kharif pulses,1,1,1
Bihar,SIWAN,2002,Kharif,Ragi,1491,1151,0.771965124
Bihar,SIWAN,2002,Kharif,Sesamum,140,80,0.571428571
Bihar,SIWAN,2002,Kharif,Small millets,1032,779,0.754844961
Bihar,SIWAN,2002,Kharif,Urad,271,201,0.741697417
Bihar,SIWAN,2002,Rabi,Barley,664,807,1.215361446
Bihar,SIWAN,2002,Rabi,Gram,244,246,1.008196721
Bihar,SIWAN,2002,Rabi,Linseed,169,125,0.73964497
Bihar,SIWAN,2002,Rabi,Maize,4507,11317,2.510982915
Bihar,SIWAN,2002,Rabi,Masoor,536,404,0.753731343
Bihar,SIWAN,2002,Rabi,Other  Rabi pulses,7,7,1
Bihar,SIWAN,2002,Rabi,Peas & beans (Pulses),1049,1036,0.987607245
Bihar,SIWAN,2002,Rabi,Rapeseed &Mustard,1930,1789,0.926943005
Bihar,SIWAN,2002,Rabi,Wheat,98714,193517,1.960380493
Bihar,SIWAN,2002,Summer,Maize,3279,8749,2.668191522
Bihar,SIWAN,2002,Summer,Moong(Green Gram),1685,731,0.433827893
Bihar,SIWAN,2002,Summer,Rice,286,411,1.437062937
Bihar,SIWAN,2002,Whole Year,Banana,100,1966,19.66
Bihar,SIWAN,2002,Whole Year,Garlic,119,176,1.478991597
Bihar,SIWAN,2002,Whole Year,Onion,389,3182,8.179948586
Bihar,SIWAN,2002,Whole Year,Potato,3771,39640,10.51180058
Bihar,SIWAN,2002,Whole Year,Sannhamp,151,93,0.61589404
Bihar,SIWAN,2002,Whole Year,Sugarcane,5802,205023,35.33660807
Bihar,SIWAN,2002,Whole Year,Sweet potato,112,1136,10.14285714
Bihar,SIWAN,2002,Winter,Rice,63797,81197,1.272740097
Bihar,SIWAN,2003,Autumn,Rice,42996,52557,1.222369523
Bihar,SIWAN,2003,Kharif,Arhar/Tur,2970,7131,2.401010101
Bihar,SIWAN,2003,Kharif,Bajra,21,22,1.047619048
Bihar,SIWAN,2003,Kharif,Maize,11335,17991,1.587207764
Bihar,SIWAN,2003,Kharif,Mesta,22,153,6.954545455
Bihar,SIWAN,2003,Kharif,Moong(Green Gram),5,2,0.4
Bihar,SIWAN,2003,Kharif,Other Kharif pulses,10,48,4.8
Bihar,SIWAN,2003,Kharif,Ragi,1425,1285,0.901754386
Bihar,SIWAN,2003,Kharif,Sesamum,133,96,0.721804511
Bihar,SIWAN,2003,Kharif,Small millets,983,738,0.75076297
Bihar,SIWAN,2003,Kharif,Sunflower,1,1,1
Bihar,SIWAN,2003,Kharif,Urad,276,204,0.739130435
Bihar,SIWAN,2003,Rabi,Barley,642,1088,1.69470405
Bihar,SIWAN,2003,Rabi,Gram,230,225,0.97826087
Bihar,SIWAN,2003,Rabi,Linseed,166,130,0.78313253
Bihar,SIWAN,2003,Rabi,Maize,4137,9556,2.309886391
Bihar,SIWAN,2003,Rabi,Masoor,484,452,0.933884298
Bihar,SIWAN,2003,Rabi,Other  Rabi pulses,1,1,1
Bihar,SIWAN,2003,Rabi,Peas & beans (Pulses),946,884,0.934460888
Bihar,SIWAN,2003,Rabi,Rapeseed &Mustard,2028,2107,1.038954635
Bihar,SIWAN,2003,Rabi,Wheat,84459,181132,2.144614547
Bihar,SIWAN,2003,Summer,Maize,3083,12466,4.043464158
Bihar,SIWAN,2003,Summer,Moong(Green Gram),1553,902,0.580811333
Bihar,SIWAN,2003,Whole Year,Banana,92,1523,16.55434783
Bihar,SIWAN,2003,Whole Year,Coriander,1,1,1
Bihar,SIWAN,2003,Whole Year,Dry chillies,1,1,1
Bihar,SIWAN,2003,Whole Year,Garlic,106,159,1.5
Bihar,SIWAN,2003,Whole Year,Onion,409,3382,8.268948655
Bihar,SIWAN,2003,Whole Year,Potato,3607,31653,8.775436651
Bihar,SIWAN,2003,Whole Year,Sannhamp,144,103,0.715277778
Bihar,SIWAN,2003,Whole Year,Sugarcane,5305,204956,38.63449576
Bihar,SIWAN,2003,Whole Year,Sweet potato,114,1590,13.94736842
Bihar,SIWAN,2003,Winter,Rice,62040,69830,1.125564152
Bihar,SIWAN,2004,Autumn,Rice,46737,49648,1.062284699
Bihar,SIWAN,2004,Kharif,Arhar/Tur,2261,2853,1.261831048
Bihar,SIWAN,2004,Kharif,Bajra,63,68,1.079365079
Bihar,SIWAN,2004,Kharif,Dry ginger,1,2,2
Bihar,SIWAN,2004,Kharif,Jowar,25,25,1
Bihar,SIWAN,2004,Kharif,Maize,11579,15204,1.313066759
Bihar,SIWAN,2004,Kharif,Mesta,10,80,8
Bihar,SIWAN,2004,Kharif,Moong(Green Gram),16,6,0.375
Bihar,SIWAN,2004,Kharif,Other Kharif pulses,16,9,0.5625
Bihar,SIWAN,2004,Kharif,Ragi,1236,1192,0.964401294
Bihar,SIWAN,2004,Kharif,Sesamum,87,67,0.770114943
Bihar,SIWAN,2004,Kharif,Small millets,566,430,0.759717314
Bihar,SIWAN,2004,Kharif,Sunflower,4,4,1
Bihar,SIWAN,2004,Kharif,Urad,408,298,0.730392157
Bihar,SIWAN,2004,Rabi,Barley,373,558,1.495978552
Bihar,SIWAN,2004,Rabi,Gram,100,83,0.83
Bihar,SIWAN,2004,Rabi,Khesari,29,20,0.689655172
Bihar,SIWAN,2004,Rabi,Linseed,111,94,0.846846847
Bihar,SIWAN,2004,Rabi,Maize,4072,9223,2.264980354
Bihar,SIWAN,2004,Rabi,Masoor,449,319,0.710467706
Bihar,SIWAN,2004,Rabi,Peas & beans (Pulses),968,852,0.880165289
Bihar,SIWAN,2004,Rabi,Rapeseed &Mustard,2269,3016,1.329219921
Bihar,SIWAN,2004,Rabi,Wheat,85638,179321,2.093941942
Bihar,SIWAN,2004,Summer,Maize,2504,8371,3.343051118
Bihar,SIWAN,2004,Summer,Moong(Green Gram),1541,576,0.373783258
Bihar,SIWAN,2004,Summer,Rice,133,194,1.458646617
Bihar,SIWAN,2004,Whole Year,Banana,87,1115,12.81609195
Bihar,SIWAN,2004,Whole Year,Coriander,6,4,0.666666667
Bihar,SIWAN,2004,Whole Year,Dry chillies,18,13,0.722222222
Bihar,SIWAN,2004,Whole Year,Dry ginger,1,2,2
Bihar,SIWAN,2004,Whole Year,Garlic,119,179,1.504201681
Bihar,SIWAN,2004,Whole Year,Onion,380,2930,7.710526316
Bihar,SIWAN,2004,Whole Year,Potato,3462,29411,8.495378394
Bihar,SIWAN,2004,Whole Year,Sannhamp,185,126,0.681081081
Bihar,SIWAN,2004,Whole Year,Sugarcane,4989,178224,35.72339146
Bihar,SIWAN,2004,Whole Year,Sweet potato,49,654,13.34693878
Bihar,SIWAN,2004,Whole Year,Tobacco,128,149,1.1640625
Bihar,SIWAN,2004,Whole Year,Turmeric,9,9,1
Bihar,SIWAN,2004,Winter,Rice,66191,59865,0.904428094
Bihar,SIWAN,2005,Autumn,Rice,43766,37386,0.854224741
Bihar,SIWAN,2005,Kharif,Arhar/Tur,1997,2506,1.254882323
Bihar,SIWAN,2005,Kharif,Bajra,26,28,1.076923077
Bihar,SIWAN,2005,Kharif,Castor seed,1,1,1
Bihar,SIWAN,2005,Kharif,Jute,3811,38660,10.14431908
Bihar,SIWAN,2005,Kharif,Maize,10434,13584,1.301897642
Bihar,SIWAN,2005,Kharif,Mesta,453,4460,9.845474614
Bihar,SIWAN,2005,Kharif,Moong(Green Gram),170,92,0.541176471
Bihar,SIWAN,2005,Kharif,Other Kharif pulses,28,16,0.571428571
Bihar,SIWAN,2005,Kharif,Ragi,898,797,0.88752784
Bihar,SIWAN,2005,Kharif,Sesamum,64,51,0.796875
Bihar,SIWAN,2005,Kharif,Small millets,740,549,0.741891892
Bihar,SIWAN,2005,Kharif,Sunflower,4,4,1
Bihar,SIWAN,2005,Kharif,Urad,411,312,0.759124088
Bihar,SIWAN,2005,Rabi,Barley,383,525,1.37075718
Bihar,SIWAN,2005,Rabi,Gram,84,79,0.94047619
Bihar,SIWAN,2005,Rabi,Khesari,15,12,0.8
Bihar,SIWAN,2005,Rabi,Linseed,107,92,0.859813084
Bihar,SIWAN,2005,Rabi,Maize,4514,14860,3.291980505
Bihar,SIWAN,2005,Rabi,Masoor,223,165,0.739910314
Bihar,SIWAN,2005,Rabi,Other  Rabi pulses,1,1,1
Bihar,SIWAN,2005,Rabi,Peas & beans (Pulses),732,673,0.919398907
Bihar,SIWAN,2005,Rabi,Rapeseed &Mustard,313,289,0.923322684
Bihar,SIWAN,2005,Rabi,Wheat,95397,160203,1.679329539
Bihar,SIWAN,2005,Summer,Maize,3572,5747,1.608902576
Bihar,SIWAN,2005,Summer,Moong(Green Gram),1725,499,0.289275362
Bihar,SIWAN,2005,Summer,Rice,133,194,1.458646617
Bihar,SIWAN,2005,Whole Year,Banana,68,1043,15.33823529
Bihar,SIWAN,2005,Whole Year,Coriander,17,13,0.764705882
Bihar,SIWAN,2005,Whole Year,Dry chillies,17,16,0.941176471
Bihar,SIWAN,2005,Whole Year,Dry ginger,52,78,1.5
Bihar,SIWAN,2005,Whole Year,Garlic,101,149,1.475247525
Bihar,SIWAN,2005,Whole Year,Onion,353,2217,6.280453258
Bihar,SIWAN,2005,Whole Year,Potato,3390,23976,7.072566372
Bihar,SIWAN,2005,Whole Year,Sannhamp,171,139,0.812865497
Bihar,SIWAN,2005,Whole Year,Sugarcane,3775,135391,35.86516556
Bihar,SIWAN,2005,Whole Year,Sweet potato,55,860,15.63636364
Bihar,SIWAN,2005,Whole Year,Tobacco,13,15,1.153846154
Bihar,SIWAN,2005,Whole Year,Turmeric,11,11,1
Bihar,SIWAN,2005,Winter,Rice,67407,65302,0.968771789
Bihar,SIWAN,2006,Autumn,Rice,32799,34184,1.042226897
Bihar,SIWAN,2006,Kharif,Arhar/Tur,2256,1638,0.72606383
Bihar,SIWAN,2006,Kharif,Bajra,27,29,1.074074074
Bihar,SIWAN,2006,Kharif,Maize,12011,17300,1.440346349
Bihar,SIWAN,2006,Kharif,Mesta,16,134,8.375
Bihar,SIWAN,2006,Kharif,Moong(Green Gram),9,5,0.555555556
Bihar,SIWAN,2006,Kharif,Ragi,899,699,0.77753059
Bihar,SIWAN,2006,Kharif,Sannhamp,170,140,0.823529412
Bihar,SIWAN,2006,Kharif,Sesamum,88,68,0.772727273
Bihar,SIWAN,2006,Kharif,Urad,251,194,0.772908367
Bihar,SIWAN,2006,Rabi,Barley,1244,1327,1.066720257
Bihar,SIWAN,2006,Rabi,Gram,59,50,0.847457627
Bihar,SIWAN,2006,Rabi,Khesari,10,8,0.8
Bihar,SIWAN,2006,Rabi,Linseed,44,37,0.840909091
Bihar,SIWAN,2006,Rabi,Maize,4095,15987,3.904029304
Bihar,SIWAN,2006,Rabi,Masoor,371,269,0.725067385
Bihar,SIWAN,2006,Rabi,Peas & beans (Pulses),988,919,0.930161943
Bihar,SIWAN,2006,Rabi,Rapeseed &Mustard,1926,1980,1.028037383
Bihar,SIWAN,2006,Rabi,Sunflower,1,1,1
Bihar,SIWAN,2006,Rabi,Wheat,91888,191136,2.08009751
Bihar,SIWAN,2006,Summer,Maize,3304,10925,3.306598063
Bihar,SIWAN,2006,Summer,Moong(Green Gram),1627,1757,1.079901659
Bihar,SIWAN,2006,Winter,Rice,73991,114275,1.544444595
Bihar,SIWAN,2007,Autumn,Maize,12592,7663,0.608560991
Bihar,SIWAN,2007,Autumn,Rice,27838,20825,0.748078167
Bihar,SIWAN,2007,Kharif,Arhar/Tur,1661,1561,0.939795304
Bihar,SIWAN,2007,Kharif,Bajra,15,17,1.133333333
Bihar,SIWAN,2007,Kharif,Mesta,18,167,9.277777778
Bihar,SIWAN,2007,Kharif,Moong(Green Gram),10,5,0.5
Bihar,SIWAN,2007,Kharif,Other Kharif pulses,6,3,0.5
Bihar,SIWAN,2007,Kharif,Ragi,720,526,0.730555556
Bihar,SIWAN,2007,Kharif,Sannhamp,201,844.44,4.20119403
Bihar,SIWAN,2007,Kharif,Sesamum,95,68,0.715789474
Bihar,SIWAN,2007,Kharif,Small millets,595,441,0.741176471
Bihar,SIWAN,2007,Kharif,Urad,208,164,0.788461538
Bihar,SIWAN,2007,Rabi,Barley,178,262,1.471910112
Bihar,SIWAN,2007,Rabi,Gram,171,384,2.245614035
Bihar,SIWAN,2007,Rabi,Khesari,16,13,0.8125
Bihar,SIWAN,2007,Rabi,Linseed,35,29,0.828571429
Bihar,SIWAN,2007,Rabi,Maize,3693,12298,3.330083943
Bihar,SIWAN,2007,Rabi,Masoor,212,169,0.797169811
Bihar,SIWAN,2007,Rabi,Other  Rabi pulses,34,25,0.735294118
Bihar,SIWAN,2007,Rabi,Peas & beans (Pulses),826,890,1.07748184
Bihar,SIWAN,2007,Rabi,Rapeseed &Mustard,2092,2063,0.986137667
Bihar,SIWAN,2007,Rabi,Sunflower,23,35,1.52173913
Bihar,SIWAN,2007,Rabi,Wheat,97587,240846,2.468013157
Bihar,SIWAN,2007,Summer,Maize,4080,7161,1.755147059
Bihar,SIWAN,2007,Summer,Moong(Green Gram),1366,361,0.264275256
Bihar,SIWAN,2007,Summer,Rice,90,148,1.644444444
Bihar,SIWAN,2007,Whole Year,Banana,66,863,13.07575758
Bihar,SIWAN,2007,Whole Year,Dry chillies,2,3,1.5
Bihar,SIWAN,2007,Whole Year,Garlic,122,176,1.442622951
Bihar,SIWAN,2007,Whole Year,Onion,263,2291,8.711026616
Bihar,SIWAN,2007,Whole Year,Potato,3862,33530,8.682030036
Bihar,SIWAN,2007,Whole Year,Sugarcane,3197,103550,32.38974038
Bihar,SIWAN,2007,Whole Year,Sweet potato,40,530,13.25
Bihar,SIWAN,2007,Whole Year,Tobacco,58,98,1.689655172
Bihar,SIWAN,2007,Whole Year,Turmeric,17,17,1
Bihar,SIWAN,2007,Winter,Rice,84413,89746,1.063177473
Bihar,SIWAN,2008,Autumn,Maize,8677,3294,0.379624294
Bihar,SIWAN,2008,Autumn,Rice,26991,33600,1.244859398
Bihar,SIWAN,2008,Kharif,Arhar/Tur,1660,873,0.525903614
Bihar,SIWAN,2008,Kharif,Bajra,20,24,1.2
Bihar,SIWAN,2008,Kharif,Mesta,15,130,8.666666667
Bihar,SIWAN,2008,Kharif,Moong(Green Gram),4,2,0.5
Bihar,SIWAN,2008,Kharif,Potato,261,1958,7.501915709
Bihar,SIWAN,2008,Kharif,Ragi,588,245,0.416666667
Bihar,SIWAN,2008,Kharif,Sannhamp,122,511.11,4.18942623
Bihar,SIWAN,2008,Kharif,Sesamum,15,12,0.8
Bihar,SIWAN,2008,Kharif,Small millets,721,543,0.753120666
Bihar,SIWAN,2008,Kharif,Sweet potato,33,448,13.57575758
Bihar,SIWAN,2008,Kharif,Urad,133,100,0.751879699
Bihar,SIWAN,2008,Rabi,Barley,157,172,1.095541401
Bihar,SIWAN,2008,Rabi,Gram,68,116,1.705882353
Bihar,SIWAN,2008,Rabi,Linseed,27,23,0.851851852
Bihar,SIWAN,2008,Rabi,Maize,4392,8766,1.995901639
Bihar,SIWAN,2008,Rabi,Masoor,254,206,0.811023622
Bihar,SIWAN,2008,Rabi,Other  Rabi pulses,44,33,0.75
Bihar,SIWAN,2008,Rabi,Peas & beans (Pulses),758,729,0.961741425
Bihar,SIWAN,2008,Rabi,Potato,3806,24701,6.490015765
Bihar,SIWAN,2008,Rabi,Rapeseed &Mustard,1881,2417,1.284954811
Bihar,SIWAN,2008,Rabi,Sunflower,23,35,1.52173913
Bihar,SIWAN,2008,Rabi,Sweet potato,10,147,14.7
Bihar,SIWAN,2008,Rabi,Wheat,95441,208704,2.186733165
Bihar,SIWAN,2008,Summer,Maize,3433,11228,3.270608797
Bihar,SIWAN,2008,Summer,Moong(Green Gram),1573,1054,0.670057216
Bihar,SIWAN,2008,Summer,Rice,91,155,1.703296703
Bihar,SIWAN,2008,Whole Year,Dry chillies,5,7,1.4
Bihar,SIWAN,2008,Whole Year,Garlic,123,196,1.593495935
Bihar,SIWAN,2008,Whole Year,Onion,350,3259,9.311428571
Bihar,SIWAN,2008,Whole Year,Sugarcane,2723,120213,44.14726405
Bihar,SIWAN,2008,Whole Year,Turmeric,2,2,1
Bihar,SIWAN,2008,Winter,Rice,83184,107993,1.29824245
Bihar,SIWAN,2009,Autumn,Maize,8675,28438,3.27815562
Bihar,SIWAN,2009,Autumn,Rice,25898,2974,0.114835122
Bihar,SIWAN,2009,Kharif,Arhar/Tur,1640,1166,0.71097561
Bihar,SIWAN,2009,Kharif,Bajra,20,22,1.1
Bihar,SIWAN,2009,Kharif,Horse-gram,3,3,1
Bihar,SIWAN,2009,Kharif,Mesta,15,108,7.2
Bihar,SIWAN,2009,Kharif,Moong(Green Gram),4,3,0.75
Bihar,SIWAN,2009,Kharif,Other Kharif pulses,3,3,1
Bihar,SIWAN,2009,Kharif,Ragi,588,183,0.31122449
Bihar,SIWAN,2009,Kharif,Sannhamp,122,99,0.81147541
Bihar,SIWAN,2009,Kharif,Small millets,623,475,0.762439807
Bihar,SIWAN,2009,Kharif,Urad,133,132,0.992481203
Bihar,SIWAN,2009,Rabi,Barley,181,205,1.132596685
Bihar,SIWAN,2009,Rabi,Gram,173,235,1.358381503
Bihar,SIWAN,2009,Rabi,Khesari,16,17,1.0625
Bihar,SIWAN,2009,Rabi,Linseed,304,257,0.845394737
Bihar,SIWAN,2009,Rabi,Maize,3719,12559,3.37698306
Bihar,SIWAN,2009,Rabi,Masoor,223,199,0.892376682
Bihar,SIWAN,2009,Rabi,Other  Rabi pulses,34,25,0.735294118
Bihar,SIWAN,2009,Rabi,Peas & beans (Pulses),829,830,1.001206273
Bihar,SIWAN,2009,Rabi,Rapeseed &Mustard,1826,1914,1.048192771
Bihar,SIWAN,2009,Rabi,Wheat,97490,266255,2.731100626
Bihar,SIWAN,2009,Summer,Maize,3906,6174,1.580645161
Bihar,SIWAN,2009,Summer,Moong(Green Gram),1350,371,0.274814815
Bihar,SIWAN,2009,Summer,Rice,90,176,1.955555556
Bihar,SIWAN,2009,Whole Year,Sugarcane,2519,117226,46.53672092
Bihar,SIWAN,2009,Whole Year,Tobacco,58,108,1.862068966
Bihar,SIWAN,2009,Winter,Rice,83192,5352,0.064333109
Bihar,SIWAN,2010,Autumn,Maize,12324,21913,1.7780753
Bihar,SIWAN,2010,Autumn,Rice,21982,17101,0.77795469
Bihar,SIWAN,2010,Kharif,Arhar/Tur,1183,2031,1.71682164
Bihar,SIWAN,2010,Kharif,Bajra,73,82,1.123287671
Bihar,SIWAN,2010,Kharif,Jowar,29,31,1.068965517
Bihar,SIWAN,2010,Kharif,Mesta,18,152,8.444444444
Bihar,SIWAN,2010,Kharif,Other Kharif pulses,25,18,0.72
Bihar,SIWAN,2010,Kharif,Ragi,754,648,0.859416446
Bihar,SIWAN,2010,Kharif,Sesamum,25,20,0.8
Bihar,SIWAN,2010,Kharif,Small millets,91,69,0.758241758
Bihar,SIWAN,2010,Kharif,Urad,182,159,0.873626374
Bihar,SIWAN,2010,Rabi,Barley,116,154,1.327586207
Bihar,SIWAN,2010,Rabi,Gram,50,41,0.82
Bihar,SIWAN,2010,Rabi,Linseed,28,23,0.821428571
Bihar,SIWAN,2010,Rabi,Maize,4892,10474,2.141046607
Bihar,SIWAN,2010,Rabi,Masoor,498,468,0.939759036
Bihar,SIWAN,2010,Rabi,Other  Rabi pulses,19,14,0.736842105
Bihar,SIWAN,2010,Rabi,Peas & beans (Pulses),832,861,1.034855769
Bihar,SIWAN,2010,Rabi,Rapeseed &Mustard,2079,2551,1.227032227
Bihar,SIWAN,2010,Rabi,Wheat,94471,190062,2.01185549
Bihar,SIWAN,2010,Summer,Maize,3868,10633,2.748965874
Bihar,SIWAN,2010,Summer,Moong(Green Gram),1091,947,0.868010999
Bihar,SIWAN,2010,Whole Year,Sugarcane,5778,267105,46.22793354
Bihar,SIWAN,2010,Whole Year,Tobacco,93,166,1.784946237
Bihar,SIWAN,2010,Winter,Rice,65639,61884,0.942793157
Bihar,SIWAN,2011,Autumn,Maize,9163,22092,2.411000764
Bihar,SIWAN,2011,Autumn,Rice,29219,45854,1.569321332
Bihar,SIWAN,2011,Kharif,Arhar/Tur,1343,2482,1.848101266
Bihar,SIWAN,2011,Kharif,Bajra,108,122,1.12962963
Bihar,SIWAN,2011,Kharif,Moong(Green Gram),1,1,1
Bihar,SIWAN,2011,Kharif,Ragi,418,764,1.827751196
Bihar,SIWAN,2011,Kharif,Sesamum,10,9,0.9
Bihar,SIWAN,2011,Kharif,Small millets,237,180,0.759493671
Bihar,SIWAN,2011,Kharif,Urad,88,78,0.886363636
Bihar,SIWAN,2011,Rabi,Barley,90,139,1.544444444
Bihar,SIWAN,2011,Rabi,Gram,55,71,1.290909091
Bihar,SIWAN,2011,Rabi,Linseed,11,10,0.909090909
Bihar,SIWAN,2011,Rabi,Maize,3574,14117,3.94991606
Bihar,SIWAN,2011,Rabi,Masoor,829,844,1.018094089
Bihar,SIWAN,2011,Rabi,Other  Rabi pulses,47,52,1.106382979
Bihar,SIWAN,2011,Rabi,Peas & beans (Pulses),722,744,1.030470914
Bihar,SIWAN,2011,Rabi,Rapeseed &Mustard,2519,3149,1.250099246
Bihar,SIWAN,2011,Rabi,Wheat,90084,270502,3.002775188
Bihar,SIWAN,2011,Summer,Maize,3541,13241,3.73933917
Bihar,SIWAN,2011,Summer,Moong(Green Gram),1264,1210,0.957278481
Bihar,SIWAN,2011,Whole Year,Tobacco,112,211,1.883928571
Bihar,SIWAN,2011,Winter,Rice,74099,151507,2.044656473
Bihar,SIWAN,2012,Autumn,Maize,11651,29282,2.513260664
Bihar,SIWAN,2012,Autumn,Rice,30915,61901,2.00229662
Bihar,SIWAN,2012,Kharif,Arhar/Tur,1191,3112,2.612930311
Bihar,SIWAN,2012,Kharif,Bajra,95,108,1.136842105
Bihar,SIWAN,2012,Kharif,Mesta,18,42,2.333333333
Bihar,SIWAN,2012,Kharif,Moong(Green Gram),17,10,0.588235294
Bihar,SIWAN,2012,Kharif,Other Kharif pulses,118,89,0.754237288
Bihar,SIWAN,2012,Kharif,Ragi,594,723,1.217171717
Bihar,SIWAN,2012,Kharif,Sannhamp,152,122,0.802631579
Bihar,SIWAN,2012,Kharif,Sesamum,2,2,1
Bihar,SIWAN,2012,Kharif,Small millets,181,137,0.756906077
Bihar,SIWAN,2012,Kharif,Urad,131,119,0.908396947
Bihar,SIWAN,2012,Rabi,Barley,117,171,1.461538462
Bihar,SIWAN,2012,Rabi,Gram,50,70,1.4
Bihar,SIWAN,2012,Rabi,Linseed,29,25,0.862068966
Bihar,SIWAN,2012,Rabi,Maize,4928,9925,2.014001623
Bihar,SIWAN,2012,Rabi,Masoor,505,579,1.146534653
Bihar,SIWAN,2012,Rabi,Other  Rabi pulses,19,21,1.105263158
Bihar,SIWAN,2012,Rabi,Peas & beans (Pulses),834,868,1.040767386
Bihar,SIWAN,2012,Rabi,Rapeseed &Mustard,2107,3725,1.767916469
Bihar,SIWAN,2012,Rabi,Wheat,94839,314201,3.3129936
Bihar,SIWAN,2012,Summer,Maize,3453,9898,2.866492905
Bihar,SIWAN,2012,Summer,Moong(Green Gram),945,611,0.646560847
Bihar,SIWAN,2012,Summer,Rice,9,21,2.333333333
Bihar,SIWAN,2012,Whole Year,Sugarcane,2642,94616,35.81226344
Bihar,SIWAN,2012,Whole Year,Tobacco,93,176,1.892473118
Bihar,SIWAN,2012,Winter,Rice,72206,160728,2.225964601
Bihar,SIWAN,2013,Autumn,Maize,13209,34374,2.602316602
Bihar,SIWAN,2013,Autumn,Rice,29007,45157,1.556762161
Bihar,SIWAN,2013,Kharif,Arhar/Tur,1152,1385,1.202256944
Bihar,SIWAN,2013,Kharif,Bajra,96,109,1.135416667
Bihar,SIWAN,2013,Kharif,Mesta,17,259,15.23529412
Bihar,SIWAN,2013,Kharif,Moong(Green Gram),17,10,0.588235294
Bihar,SIWAN,2013,Kharif,Other Kharif pulses,116,88,0.75862069
Bihar,SIWAN,2013,Kharif,Ragi,584,499,0.854452055
Bihar,SIWAN,2013,Kharif,Sannhamp,54,43,0.796296296
Bihar,SIWAN,2013,Kharif,Sesamum,10,9,0.9
Bihar,SIWAN,2013,Kharif,Small millets,199,150,0.753768844
Bihar,SIWAN,2013,Kharif,Urad,124,113,0.911290323
Bihar,SIWAN,2013,Rabi,Barley,124,173,1.39516129
Bihar,SIWAN,2013,Rabi,Gram,229,263,1.148471616
Bihar,SIWAN,2013,Rabi,Linseed,29,25,0.862068966
Bihar,SIWAN,2013,Rabi,Maize,5057,14311,2.829938699
Bihar,SIWAN,2013,Rabi,Masoor,498,633,1.271084337
Bihar,SIWAN,2013,Rabi,Other  Rabi pulses,19,19,1
Bihar,SIWAN,2013,Rabi,Peas & beans (Pulses),812,1015,1.25
Bihar,SIWAN,2013,Rabi,Rapeseed &Mustard,2111,2280,1.080056845
Bihar,SIWAN,2013,Rabi,Wheat,93267,286205,3.068663086
Bihar,SIWAN,2013,Summer,Maize,1183,5702,4.819949281
Bihar,SIWAN,2013,Summer,Moong(Green Gram),968,650,0.671487603
Bihar,SIWAN,2013,Summer,Rice,29,67,2.310344828
Bihar,SIWAN,2013,Whole Year,Sugarcane,2589,140904,54.42410197
Bihar,SIWAN,2013,Whole Year,Tobacco,97,184,1.896907216
Bihar,SIWAN,2013,Winter,Rice,65079,113031,1.736827548
Bihar,SIWAN,2014,Autumn,Maize,12023,30399,2.528403893
Bihar,SIWAN,2014,Autumn,Rice,28045,63934,2.27969335
Bihar,SIWAN,2014,Kharif,Arhar/Tur,1114,1547,1.388689408
Bihar,SIWAN,2014,Kharif,Bajra,87,99,1.137931034
Bihar,SIWAN,2014,Kharif,Mesta,16,214,13.375
Bihar,SIWAN,2014,Kharif,Moong(Green Gram),16,10,0.625
Bihar,SIWAN,2014,Kharif,Other Kharif pulses,112,85,0.758928571
Bihar,SIWAN,2014,Kharif,Ragi,557,816,1.464991023
Bihar,SIWAN,2014,Kharif,Sannhamp,44,35,0.795454545
Bihar,SIWAN,2014,Kharif,Sesamum,9,8,0.888888889
Bihar,SIWAN,2014,Kharif,Small millets,191,145,0.759162304
Bihar,SIWAN,2014,Kharif,Urad,133,121,0.909774436
Bihar,SIWAN,2014,Rabi,Barley,123,136,1.105691057
Bihar,SIWAN,2014,Rabi,Gram,225,216,0.96
Bihar,SIWAN,2014,Rabi,Linseed,28,24,0.857142857
Bihar,SIWAN,2014,Rabi,Maize,4961,9927,2.001007861
Bihar,SIWAN,2014,Rabi,Masoor,455,662,1.454945055
Bihar,SIWAN,2014,Rabi,Other  Rabi pulses,18,18,1
Bihar,SIWAN,2014,Rabi,Peas & beans (Pulses),773,966,1.249676585
Bihar,SIWAN,2014,Rabi,Rapeseed &Mustard,2028,2324,1.145956607
Bihar,SIWAN,2014,Rabi,Wheat,90202,171367,1.899813751
Bihar,SIWAN,2014,Summer,Maize,1171,4170,3.561058924
Bihar,SIWAN,2014,Summer,Moong(Green Gram),928,670,0.721982759
Bihar,SIWAN,2014,Summer,Rice,28,57,2.035714286
Bihar,SIWAN,2014,Whole Year,Sugarcane,2677,147570,55.12514008
Bihar,SIWAN,2014,Whole Year,Tobacco,92,161,1.75
Bihar,SIWAN,2014,Winter,Rice,64555,126893,1.965657192
Bihar,SUPAUL,1997,Autumn,Rice,16354,20397,1.247217806
Bihar,SUPAUL,1997,Kharif,Arhar/Tur,50,51,1.02
Bihar,SUPAUL,1997,Kharif,Jute,12930,88427,6.838901779
Bihar,SUPAUL,1997,Kharif,Maize,2030,5319,2.620197044
Bihar,SUPAUL,1997,Kharif,Mesta,5071,37300,7.355551173
Bihar,SUPAUL,1997,Kharif,Other Kharif pulses,148,87,0.587837838
Bihar,SUPAUL,1997,Kharif,Sesamum,133,80,0.601503759
Bihar,SUPAUL,1997,Kharif,Small millets,129,106,0.821705426
Bihar,SUPAUL,1997,Rabi,Barley,31,32,1.032258065
Bihar,SUPAUL,1997,Rabi,Linseed,1360,537,0.394852941
Bihar,SUPAUL,1997,Rabi,Maize,710,2050,2.887323944
Bihar,SUPAUL,1997,Rabi,Other  Rabi pulses,300,193,0.643333333
Bihar,SUPAUL,1997,Rabi,Rapeseed &Mustard,1398,923,0.660228898
Bihar,SUPAUL,1997,Rabi,Sunflower,3043,2632,0.864935919
Bihar,SUPAUL,1997,Rabi,Wheat,54730,93671,1.711511054
Bihar,SUPAUL,1997,Summer,Maize,5412,8724,1.611973392
Bihar,SUPAUL,1997,Summer,Rice,8657,13823,1.596742521
Bihar,SUPAUL,1997,Whole Year,Banana,522,9610,18.40996169
Bihar,SUPAUL,1997,Whole Year,Coriander,77,38,0.493506494
Bihar,SUPAUL,1997,Whole Year,Dry chillies,1,1,1
Bihar,SUPAUL,1997,Whole Year,Garlic,19,25,1.315789474
Bihar,SUPAUL,1997,Whole Year,Onion,394,3006,7.629441624
Bihar,SUPAUL,1997,Whole Year,Potato,4858,54504,11.21943186
Bihar,SUPAUL,1997,Whole Year,Ragi,4817,4962,1.030101723
Bihar,SUPAUL,1997,Whole Year,Sannhamp,107,48,0.448598131
Bihar,SUPAUL,1997,Whole Year,Sweet potato,571,7530,13.18739054
Bihar,SUPAUL,1997,Whole Year,Turmeric,1,1,1
Bihar,SUPAUL,1997,Winter,Rice,86723,93863,1.0823311
Bihar,SUPAUL,1998,Kharif,Arhar/Tur,57,74,1.298245614
Bihar,SUPAUL,1998,Kharif,Blackgram,639,464,0.726134585
Bihar,SUPAUL,1998,Kharif,Jute,14156,100901,7.127790336
Bihar,SUPAUL,1998,Kharif,Maize,1575,1944,1.234285714
Bihar,SUPAUL,1998,Kharif,Mesta,4634,35914,7.750107898
Bihar,SUPAUL,1998,Kharif,Niger seed,308,188,0.61038961
Bihar,SUPAUL,1998,Kharif,Other Kharif pulses,2264,1546,0.682862191
Bihar,SUPAUL,1998,Kharif,Ragi,2890,2147,0.742906574
Bihar,SUPAUL,1998,Kharif,Sesamum,265,138,0.520754717
Bihar,SUPAUL,1998,Kharif,Small millets,32,30,0.9375
Bihar,SUPAUL,1998,Kharif,Sunflower,4985,4312,0.864994985
Bihar,SUPAUL,1998,Rabi,Barley,125,145,1.16
Bihar,SUPAUL,1998,Rabi,Gram,3,3,1
Bihar,SUPAUL,1998,Rabi,Linseed,2093,1599,0.763975155
Bihar,SUPAUL,1998,Rabi,Maize,1151,2650,2.302345786
Bihar,SUPAUL,1998,Rabi,Other  Rabi pulses,29764,22176,0.745061148
Bihar,SUPAUL,1998,Rabi,Rapeseed &Mustard,3706,1857,0.501079331
Bihar,SUPAUL,1998,Rabi,Wheat,49758,72277,1.452570441
Bihar,SUPAUL,1998,Summer,Maize,5693,12136,2.131740734
Bihar,SUPAUL,1998,Summer,Rice,7277,12887,1.770922083
Bihar,SUPAUL,1998,Whole Year,Banana,587,4379,7.459965928
Bihar,SUPAUL,1998,Whole Year,Coriander,50,34,0.68
Bihar,SUPAUL,1998,Whole Year,Dry chillies,80,75,0.9375
Bihar,SUPAUL,1998,Whole Year,Dry ginger,25,35,1.4
Bihar,SUPAUL,1998,Whole Year,Garlic,86,128,1.488372093
Bihar,SUPAUL,1998,Whole Year,Onion,468,4184,8.94017094
Bihar,SUPAUL,1998,Whole Year,Potato,6073,52739,8.68417586
Bihar,SUPAUL,1998,Whole Year,Sannhamp,139,62,0.446043165
Bihar,SUPAUL,1998,Whole Year,Sugarcane,2,94,47
Bihar,SUPAUL,1998,Whole Year,Sweet potato,741,7324,9.883940621
Bihar,SUPAUL,1998,Whole Year,Turmeric,89,95,1.06741573
Bihar,SUPAUL,1998,Winter,Rice,82184,82916,1.008906843
Bihar,SUPAUL,1999,Kharif,Arhar/Tur,46,158,3.434782609
Bihar,SUPAUL,1999,Kharif,Dry ginger,25,38,1.52
Bihar,SUPAUL,1999,Kharif,Horse-gram,1045,388,0.371291866
Bihar,SUPAUL,1999,Kharif,Jowar,148,179,1.209459459
Bihar,SUPAUL,1999,Kharif,Jute,13881,124466,8.966645054
Bihar,SUPAUL,1999,Kharif,Maize,2449,5948,2.428746427
Bihar,SUPAUL,1999,Kharif,Mesta,4718,41466,8.788893599
Bihar,SUPAUL,1999,Kharif,Moong(Green Gram),457,232,0.507658643
Bihar,SUPAUL,1999,Kharif,Ragi,3926,2925,0.745033113
Bihar,SUPAUL,1999,Kharif,Rice,17307,19907,1.150228231
Bihar,SUPAUL,1999,Kharif,Sesamum,503,311,0.618290258
Bihar,SUPAUL,1999,Kharif,Sunflower,3211,2522,0.785425101
Bihar,SUPAUL,1999,Kharif,Urad,589,565,0.959252971
Bihar,SUPAUL,1999,Rabi,Gram,3,3,1
Bihar,SUPAUL,1999,Rabi,Khesari,4352,3029,0.696001838
Bihar,SUPAUL,1999,Rabi,Linseed,3055,1769,0.579050736
Bihar,SUPAUL,1999,Rabi,Maize,1392,4443,3.191810345
Bihar,SUPAUL,1999,Rabi,Masoor,1368,848,0.619883041
Bihar,SUPAUL,1999,Rabi,Moong(Green Gram),25263,13920,0.551003444
Bihar,SUPAUL,1999,Rabi,Peas & beans (Pulses),605,448,0.740495868
Bihar,SUPAUL,1999,Rabi,Rapeseed &Mustard,1846,2075,1.124052004
Bihar,SUPAUL,1999,Rabi,Wheat,57940,96212,1.660545392
Bihar,SUPAUL,1999,Summer,Maize,6267,15290,2.439763842
Bihar,SUPAUL,1999,Summer,Rice,8721,13167,1.509803922
Bihar,SUPAUL,1999,Whole Year,Banana,1441,39282,27.26023595
Bihar,SUPAUL,1999,Whole Year,Coriander,45,43,0.955555556
Bihar,SUPAUL,1999,Whole Year,Dry chillies,57,59,1.035087719
Bihar,SUPAUL,1999,Whole Year,Garlic,146,253,1.732876712
Bihar,SUPAUL,1999,Whole Year,Onion,628,6757,10.75955414
Bihar,SUPAUL,1999,Whole Year,Potato,6704,99713,14.87365752
Bihar,SUPAUL,1999,Whole Year,Sugarcane,806,31924,39.60794045
Bihar,SUPAUL,1999,Whole Year,Sweet potato,371,3667,9.884097035
Bihar,SUPAUL,1999,Whole Year,Turmeric,73,77,1.054794521
Bihar,SUPAUL,2000,Autumn,Rice,88396,100924,1.14172587
Bihar,SUPAUL,2000,Kharif,Arhar/Tur,158,213,1.348101266
Bihar,SUPAUL,2000,Kharif,Groundnut,25,28,1.12
Bihar,SUPAUL,2000,Kharif,Horse-gram,1433,708,0.494068388
Bihar,SUPAUL,2000,Kharif,Jute,10547,34728,3.292689864
Bihar,SUPAUL,2000,Kharif,Maize,381,873,2.291338583
Bihar,SUPAUL,2000,Kharif,Mesta,6255,50978,8.149960032
Bihar,SUPAUL,2000,Kharif,Moong(Green Gram),481,207,0.43035343
Bihar,SUPAUL,2000,Kharif,Ragi,3030,2885,0.952145215
Bihar,SUPAUL,2000,Kharif,Rice,28056,32416,1.155403479
Bihar,SUPAUL,2000,Kharif,Sesamum,211,130,0.616113744
Bihar,SUPAUL,2000,Kharif,Small millets,181,113,0.624309392
Bihar,SUPAUL,2000,Kharif,Sunflower,861,1448,1.681765389
Bihar,SUPAUL,2000,Kharif,Urad,791,482,0.609355247
Bihar,SUPAUL,2000,Rabi,Barley,192,225,1.171875
Bihar,SUPAUL,2000,Rabi,Khesari,4562,2609,0.57189829
Bihar,SUPAUL,2000,Rabi,Linseed,1615,1169,0.723839009
Bihar,SUPAUL,2000,Rabi,Maize,3785,5269,1.392073976
Bihar,SUPAUL,2000,Rabi,Masoor,1876,1045,0.557036247
Bihar,SUPAUL,2000,Rabi,Moong(Green Gram),22206,8683,0.391020445
Bihar,SUPAUL,2000,Rabi,Peas & beans (Pulses),639,663,1.037558685
Bihar,SUPAUL,2000,Rabi,Rapeseed &Mustard,1727,1960,1.134916039
Bihar,SUPAUL,2000,Rabi,Wheat,54281,85551,1.576076343
Bihar,SUPAUL,2000,Summer,Maize,6307,18879,2.993340733
Bihar,SUPAUL,2000,Summer,Rice,6723,8288,1.232782984
Bihar,SUPAUL,2000,Whole Year,Banana,1297,54759,42.21973786
Bihar,SUPAUL,2000,Whole Year,Coriander,217,134,0.617511521
Bihar,SUPAUL,2000,Whole Year,Dry chillies,77,82,1.064935065
Bihar,SUPAUL,2000,Whole Year,Garlic,221,333,1.50678733
Bihar,SUPAUL,2000,Whole Year,Onion,561,6940,12.37076649
Bihar,SUPAUL,2000,Whole Year,Potato,4804,68931,14.34866778
Bihar,SUPAUL,2000,Whole Year,Sweet potato,635,4397,6.924409449
Bihar,SUPAUL,2000,Whole Year,Tobacco,1,1,1
Bihar,SUPAUL,2000,Whole Year,Turmeric,36,35,0.972222222
Bihar,SUPAUL,2001,Autumn,Maize,547,795,1.453382084
Bihar,SUPAUL,2001,Autumn,Rice,77478,85946,1.109295542
Bihar,SUPAUL,2001,Kharif,Arhar/Tur,33,42,1.272727273
Bihar,SUPAUL,2001,Kharif,Horse-gram,1286,635,0.49377916
Bihar,SUPAUL,2001,Kharif,Jute,15583,104146,6.683308734
Bihar,SUPAUL,2001,Kharif,Mesta,2401,15607,6.500208247
Bihar,SUPAUL,2001,Kharif,Moong(Green Gram),78,61,0.782051282
Bihar,SUPAUL,2001,Kharif,Ragi,3698,1590,0.429962142
Bihar,SUPAUL,2001,Kharif,Rice,6781,11444,1.687656688
Bihar,SUPAUL,2001,Kharif,Sesamum,456,272,0.596491228
Bihar,SUPAUL,2001,Kharif,Small millets,534,404,0.756554307
Bihar,SUPAUL,2001,Kharif,Sunflower,1993,2241,1.124435524
Bihar,SUPAUL,2001,Kharif,Urad,475,277,0.583157895
Bihar,SUPAUL,2001,Rabi,Barley,81,102,1.259259259
Bihar,SUPAUL,2001,Rabi,Khesari,4583,2695,0.588042767
Bihar,SUPAUL,2001,Rabi,Linseed,1983,1469,0.740796773
Bihar,SUPAUL,2001,Rabi,Maize,3858,11586,3.00311042
Bihar,SUPAUL,2001,Rabi,Masoor,1731,905,0.52281918
Bihar,SUPAUL,2001,Rabi,Peas & beans (Pulses),650,642,0.987692308
Bihar,SUPAUL,2001,Rabi,Rapeseed &Mustard,2241,2373,1.058902276
Bihar,SUPAUL,2001,Rabi,Wheat,55772,88744,1.591192713
Bihar,SUPAUL,2001,Summer,Maize,6257,13777,2.201853924
Bihar,SUPAUL,2001,Summer,Rice,23589,22668,0.960956378
Bihar,SUPAUL,2001,Whole Year,Banana,1108,37528,33.8700361
Bihar,SUPAUL,2001,Whole Year,Coriander,134,78,0.582089552
Bihar,SUPAUL,2001,Whole Year,Dry chillies,128,128,1
Bihar,SUPAUL,2001,Whole Year,Garlic,66,97,1.46969697
Bihar,SUPAUL,2001,Whole Year,Onion,382,5306,13.89005236
Bihar,SUPAUL,2001,Whole Year,Potato,4507,59543,13.21122698
Bihar,SUPAUL,2001,Whole Year,Sweet potato,620,4091,6.598387097
Bihar,SUPAUL,2001,Whole Year,Turmeric,54,56,1.037037037
Bihar,SUPAUL,2002,Autumn,Maize,1408,3388,2.40625
Bihar,SUPAUL,2002,Autumn,Rice,25907,27216,1.050526885
Bihar,SUPAUL,2002,Kharif,Arhar/Tur,172,196,1.139534884
Bihar,SUPAUL,2002,Kharif,Horse-gram,1396,1111,0.795845272
Bihar,SUPAUL,2002,Kharif,Jute,15950,72307,4.533354232
Bihar,SUPAUL,2002,Kharif,Mesta,3374,22662,6.716656787
Bihar,SUPAUL,2002,Kharif,Moong(Green Gram),49,27,0.551020408
Bihar,SUPAUL,2002,Kharif,Ragi,3575,1898,0.530909091
Bihar,SUPAUL,2002,Kharif,Sesamum,320,246,0.76875
Bihar,SUPAUL,2002,Kharif,Small millets,373,276,0.739946381
Bihar,SUPAUL,2002,Kharif,Sunflower,1770,2265,1.279661017
Bihar,SUPAUL,2002,Kharif,Urad,639,464,0.726134585
Bihar,SUPAUL,2002,Rabi,Barley,33,38,1.151515152
Bihar,SUPAUL,2002,Rabi,Gram,2,2,1
Bihar,SUPAUL,2002,Rabi,Khesari,3405,1982,0.582085169
Bihar,SUPAUL,2002,Rabi,Linseed,1793,1329,0.741215839
Bihar,SUPAUL,2002,Rabi,Maize,5765,16205,2.810928014
Bihar,SUPAUL,2002,Rabi,Masoor,1919,802,0.417926003
Bihar,SUPAUL,2002,Rabi,Peas & beans (Pulses),491,425,0.865580448
Bihar,SUPAUL,2002,Rabi,Rapeseed &Mustard,1713,1262,0.736719206
Bihar,SUPAUL,2002,Rabi,Wheat,55544,93163,1.677282875
Bihar,SUPAUL,2002,Summer,Maize,6392,13970,2.185544431
Bihar,SUPAUL,2002,Summer,Moong(Green Gram),22863,9923,0.434020032
Bihar,SUPAUL,2002,Summer,Rice,4720,5581,1.182415254
Bihar,SUPAUL,2002,Whole Year,Banana,1339,53105,39.66019417
Bihar,SUPAUL,2002,Whole Year,Coriander,124,81,0.653225806
Bihar,SUPAUL,2002,Whole Year,Dry chillies,187,125,0.668449198
Bihar,SUPAUL,2002,Whole Year,Dry ginger,12,18,1.5
Bihar,SUPAUL,2002,Whole Year,Garlic,211,313,1.483412322
Bihar,SUPAUL,2002,Whole Year,Onion,556,7222,12.98920863
Bihar,SUPAUL,2002,Whole Year,Potato,5818,74487,12.80285321
Bihar,SUPAUL,2002,Whole Year,Sannhamp,55,39,0.709090909
Bihar,SUPAUL,2002,Whole Year,Sweet potato,345,2431,7.046376812
Bihar,SUPAUL,2002,Whole Year,Turmeric,111,110,0.990990991
Bihar,SUPAUL,2002,Winter,Rice,86211,109912,1.274918514
Bihar,SUPAUL,2003,Autumn,Rice,29910,37886,1.266666667
Bihar,SUPAUL,2003,Kharif,Arhar/Tur,62,77,1.241935484
Bihar,SUPAUL,2003,Kharif,Dry ginger,4,6,1.5
Bihar,SUPAUL,2003,Kharif,Horse-gram,1896,1401,0.738924051
Bihar,SUPAUL,2003,Kharif,Jute,12660,111689,8.822195893
Bihar,SUPAUL,2003,Kharif,Maize,1216,3564,2.930921053
Bihar,SUPAUL,2003,Kharif,Mesta,3276,22331,6.816544567
Bihar,SUPAUL,2003,Kharif,Moong(Green Gram),154,35,0.227272727
Bihar,SUPAUL,2003,Kharif,Ragi,2256,1392,0.617021277
Bihar,SUPAUL,2003,Kharif,Rice,89672,120294,1.341488982
Bihar,SUPAUL,2003,Kharif,Sesamum,207,160,0.77294686
Bihar,SUPAUL,2003,Kharif,Small millets,351,260,0.740740741
Bihar,SUPAUL,2003,Kharif,Sunflower,4343,5256,1.210223348
Bihar,SUPAUL,2003,Kharif,Urad,908,675,0.74339207
Bihar,SUPAUL,2003,Rabi,Barley,27,30,1.111111111
Bihar,SUPAUL,2003,Rabi,Gram,25,24,0.96
Bihar,SUPAUL,2003,Rabi,Khesari,4419,2828,0.639963793
Bihar,SUPAUL,2003,Rabi,Linseed,1785,1399,0.783753501
Bihar,SUPAUL,2003,Rabi,Maize,3103,8242,2.65613922
Bihar,SUPAUL,2003,Rabi,Masoor,1939,729,0.375966993
Bihar,SUPAUL,2003,Rabi,Moong(Green Gram),23577,10610,0.450014845
Bihar,SUPAUL,2003,Rabi,Other  Rabi pulses,27,20,0.740740741
Bihar,SUPAUL,2003,Rabi,Peas & beans (Pulses),635,593,0.933858268
Bihar,SUPAUL,2003,Rabi,Rapeseed &Mustard,1891,1469,0.776837652
Bihar,SUPAUL,2003,Rabi,Wheat,56874,76749,1.349456694
Bihar,SUPAUL,2003,Summer,Maize,6875,17779,2.586036364
Bihar,SUPAUL,2003,Summer,Moong(Green Gram),23577,10610,0.450014845
Bihar,SUPAUL,2003,Summer,Rice,5396,6411,1.188102298
Bihar,SUPAUL,2003,Whole Year,Banana,853,30589,35.86049238
Bihar,SUPAUL,2003,Whole Year,Coriander,74,51,0.689189189
Bihar,SUPAUL,2003,Whole Year,Dry chillies,131,101,0.770992366
Bihar,SUPAUL,2003,Whole Year,Garlic,272,405,1.488970588
Bihar,SUPAUL,2003,Whole Year,Onion,426,4537,10.65023474
Bihar,SUPAUL,2003,Whole Year,Potato,5536,67261,12.14974711
Bihar,SUPAUL,2003,Whole Year,Sannhamp,136,98,0.720588235
Bihar,SUPAUL,2003,Whole Year,Sweet potato,332,4705,14.17168675
Bihar,SUPAUL,2003,Whole Year,Turmeric,25,25,1
Bihar,SUPAUL,2003,Winter,Rice,89672,120294,1.341488982
Bihar,SUPAUL,2004,Autumn,Rice,27691,24303,0.877649778
Bihar,SUPAUL,2004,Kharif,Arhar/Tur,40,49,1.225
Bihar,SUPAUL,2004,Kharif,Dry ginger,14,21,1.5
Bihar,SUPAUL,2004,Kharif,Horse-gram,1687,1363,0.807943094
Bihar,SUPAUL,2004,Kharif,Jute,11039,86717,7.855512275
Bihar,SUPAUL,2004,Kharif,Maize,1549,4711,3.041316979
Bihar,SUPAUL,2004,Kharif,Mesta,1989,15868,7.977878331
Bihar,SUPAUL,2004,Kharif,Moong(Green Gram),96,28,0.291666667
Bihar,SUPAUL,2004,Kharif,Other Kharif pulses,33,18,0.545454545
Bihar,SUPAUL,2004,Kharif,Ragi,2154,661,0.306870938
Bihar,SUPAUL,2004,Kharif,Sesamum,230,178,0.773913043
Bihar,SUPAUL,2004,Kharif,Small millets,23,17,0.739130435
Bihar,SUPAUL,2004,Kharif,Sunflower,3770,5542,1.470026525
Bihar,SUPAUL,2004,Kharif,Urad,975,725,0.743589744
Bihar,SUPAUL,2004,Rabi,Barley,4,4,1
Bihar,SUPAUL,2004,Rabi,Gram,22,18,0.818181818
Bihar,SUPAUL,2004,Rabi,Khesari,3826,1343,0.351019341
Bihar,SUPAUL,2004,Rabi,Linseed,1649,1390,0.842935112
Bihar,SUPAUL,2004,Rabi,Maize,3447,15584,4.521032782
Bihar,SUPAUL,2004,Rabi,Masoor,1927,921,0.477944992
Bihar,SUPAUL,2004,Rabi,Other  Rabi pulses,34,26,0.764705882
Bihar,SUPAUL,2004,Rabi,Peas & beans (Pulses),383,337,0.879895561
Bihar,SUPAUL,2004,Rabi,Rapeseed &Mustard,1856,1936,1.043103448
Bihar,SUPAUL,2004,Rabi,Safflower,24,19,0.791666667
Bihar,SUPAUL,2004,Rabi,Wheat,58182,96014,1.650235468
Bihar,SUPAUL,2004,Summer,Maize,6178,23272,3.766914859
Bihar,SUPAUL,2004,Summer,Moong(Green Gram),22656,16154,0.713012006
Bihar,SUPAUL,2004,Summer,Rice,5422,5964,1.099963113
Bihar,SUPAUL,2004,Whole Year,Banana,795,29510,37.11949686
Bihar,SUPAUL,2004,Whole Year,Coriander,77,50,0.649350649
Bihar,SUPAUL,2004,Whole Year,Dry chillies,116,84,0.724137931
Bihar,SUPAUL,2004,Whole Year,Dry ginger,14,21,1.5
Bihar,SUPAUL,2004,Whole Year,Garlic,141,210,1.489361702
Bihar,SUPAUL,2004,Whole Year,Onion,387,2922,7.550387597
Bihar,SUPAUL,2004,Whole Year,Potato,4371,33638,7.695721803
Bihar,SUPAUL,2004,Whole Year,Sannhamp,686,593,0.864431487
Bihar,SUPAUL,2004,Whole Year,Sweet potato,278,2389,8.59352518
Bihar,SUPAUL,2004,Whole Year,Turmeric,43,42,0.976744186
Bihar,SUPAUL,2004,Winter,Rice,83316,89663,1.076179845
Bihar,SUPAUL,2005,Autumn,Rice,29400,33004,1.122585034
Bihar,SUPAUL,2005,Kharif,Arhar/Tur,2,3,1.5
Bihar,SUPAUL,2005,Kharif,Groundnut,64,32,0.5
Bihar,SUPAUL,2005,Kharif,Horse-gram,1639,1410,0.860280659
Bihar,SUPAUL,2005,Kharif,Jute,10011,215570,21.53331336
Bihar,SUPAUL,2005,Kharif,Maize,259,781,3.015444015
Bihar,SUPAUL,2005,Kharif,Mesta,1646,13598,8.261239368
Bihar,SUPAUL,2005,Kharif,Moong(Green Gram),490,265,0.540816327
Bihar,SUPAUL,2005,Kharif,Other Kharif pulses,13,8,0.615384615
Bihar,SUPAUL,2005,Kharif,Ragi,1426,978,0.685834502
Bihar,SUPAUL,2005,Kharif,Sesamum,267,214,0.801498127
Bihar,SUPAUL,2005,Kharif,Sunflower,5676,7070,1.24559549
Bihar,SUPAUL,2005,Kharif,Urad,781,603,0.772087068
Bihar,SUPAUL,2005,Rabi,Barley,149,154,1.033557047
Bihar,SUPAUL,2005,Rabi,Gram,4,4,1
Bihar,SUPAUL,2005,Rabi,Khesari,3484,1637,0.469862227
Bihar,SUPAUL,2005,Rabi,Linseed,1804,1560,0.864745011
Bihar,SUPAUL,2005,Rabi,Maize,2707,9908,3.660140377
Bihar,SUPAUL,2005,Rabi,Masoor,1827,917,0.501915709
Bihar,SUPAUL,2005,Rabi,Other  Rabi pulses,23,17,0.739130435
Bihar,SUPAUL,2005,Rabi,Peas & beans (Pulses),350,322,0.92
Bihar,SUPAUL,2005,Rabi,Rapeseed &Mustard,1414,1200,0.848656294
Bihar,SUPAUL,2005,Rabi,Wheat,53908,43290,0.8030348
Bihar,SUPAUL,2005,Summer,Maize,6998,23036,3.291797656
Bihar,SUPAUL,2005,Summer,Moong(Green Gram),22514,8015,0.356000711
Bihar,SUPAUL,2005,Summer,Rice,4389,7239,1.649350649
Bihar,SUPAUL,2005,Whole Year,Banana,415,14417,34.73975904
Bihar,SUPAUL,2005,Whole Year,Coriander,102,88,0.862745098
Bihar,SUPAUL,2005,Whole Year,Dry chillies,149,95,0.637583893
Bihar,SUPAUL,2005,Whole Year,Dry ginger,8,12,1.5
Bihar,SUPAUL,2005,Whole Year,Garlic,134,199,1.485074627
Bihar,SUPAUL,2005,Whole Year,Onion,609,3788,6.220032841
Bihar,SUPAUL,2005,Whole Year,Potato,4445,61692,13.87896513
Bihar,SUPAUL,2005,Whole Year,Sannhamp,17,14,0.823529412
Bihar,SUPAUL,2005,Whole Year,Sweet potato,196,2939,14.99489796
Bihar,SUPAUL,2005,Whole Year,Turmeric,67,65,0.970149254
Bihar,SUPAUL,2005,Winter,Rice,77823,98290,1.26299423
Bihar,SUPAUL,2006,Autumn,Rice,26359,32791,1.244015327
Bihar,SUPAUL,2006,Kharif,Arhar/Tur,6,7,1.166666667
Bihar,SUPAUL,2006,Kharif,Jute,10945,181322,16.56665144
Bihar,SUPAUL,2006,Kharif,Maize,407,924,2.27027027
Bihar,SUPAUL,2006,Kharif,Mesta,3142,40706,12.95544239
Bihar,SUPAUL,2006,Kharif,Moong(Green Gram),186,108,0.580645161
Bihar,SUPAUL,2006,Kharif,Ragi,2040,1593,0.780882353
Bihar,SUPAUL,2006,Kharif,Sesamum,227,175,0.77092511
Bihar,SUPAUL,2006,Kharif,Urad,619,480,0.775444265
Bihar,SUPAUL,2006,Rabi,Barley,5,5,1
Bihar,SUPAUL,2006,Rabi,Khesari,2790,2003,0.717921147
Bihar,SUPAUL,2006,Rabi,Linseed,1764,1498,0.849206349
Bihar,SUPAUL,2006,Rabi,Maize,1861,7941,4.26706072
Bihar,SUPAUL,2006,Rabi,Masoor,1637,997,0.609040929
Bihar,SUPAUL,2006,Rabi,Peas & beans (Pulses),443,412,0.930022573
Bihar,SUPAUL,2006,Rabi,Rapeseed &Mustard,1200,1418,1.181666667
Bihar,SUPAUL,2006,Rabi,Sunflower,6743,8378,1.242473676
Bihar,SUPAUL,2006,Rabi,Wheat,50795,94125,1.853036716
Bihar,SUPAUL,2006,Summer,Maize,9634,45808,4.754826656
Bihar,SUPAUL,2006,Summer,Moong(Green Gram),22025,10242,0.465017026
Bihar,SUPAUL,2006,Summer,Rice,4084,6130,1.500979432
Bihar,SUPAUL,2006,Winter,Rice,71618,81814,1.142366444
Bihar,SUPAUL,2007,Autumn,Maize,1632,5508,3.375
Bihar,SUPAUL,2007,Autumn,Rice,28946,36178,1.249844538
Bihar,SUPAUL,2007,Kharif,Dry ginger,3,5,1.666666667
Bihar,SUPAUL,2007,Kharif,Groundnut,218,157,0.720183486
Bihar,SUPAUL,2007,Kharif,Jute,9674,124257,12.84442836
Bihar,SUPAUL,2007,Kharif,Mesta,8811,95453,10.83339008
Bihar,SUPAUL,2007,Kharif,Moong(Green Gram),705,369,0.523404255
Bihar,SUPAUL,2007,Kharif,Ragi,2227,1412,0.634036821
Bihar,SUPAUL,2007,Kharif,Sannhamp,1,5.55,5.55
Bihar,SUPAUL,2007,Kharif,Sesamum,312,252,0.807692308
Bihar,SUPAUL,2007,Kharif,Urad,450,352,0.782222222
Bihar,SUPAUL,2007,Rabi,Barley,18,22,1.222222222
Bihar,SUPAUL,2007,Rabi,Gram,32,32,1
Bihar,SUPAUL,2007,Rabi,Khesari,2796,1778,0.635908441
Bihar,SUPAUL,2007,Rabi,Linseed,1193,984,0.8248114
Bihar,SUPAUL,2007,Rabi,Maize,3059,11379,3.719843086
Bihar,SUPAUL,2007,Rabi,Masoor,1474,884,0.59972863
Bihar,SUPAUL,2007,Rabi,Other  Rabi pulses,14,10,0.714285714
Bihar,SUPAUL,2007,Rabi,Peas & beans (Pulses),237,255,1.075949367
Bihar,SUPAUL,2007,Rabi,Rapeseed &Mustard,1328,1154,0.868975904
Bihar,SUPAUL,2007,Rabi,Safflower,2,2,1
Bihar,SUPAUL,2007,Rabi,Sunflower,5457,7710,1.412864211
Bihar,SUPAUL,2007,Rabi,Wheat,51248,94017,1.834549641
Bihar,SUPAUL,2007,Summer,Maize,8951,19178,2.142553905
Bihar,SUPAUL,2007,Summer,Moong(Green Gram),20319,10586,0.520990206
Bihar,SUPAUL,2007,Summer,Rice,4356,5840,1.340679522
Bihar,SUPAUL,2007,Whole Year,Banana,580,20839,35.92931034
Bihar,SUPAUL,2007,Whole Year,Coriander,119,91,0.764705882
Bihar,SUPAUL,2007,Whole Year,Dry chillies,115,81,0.704347826
Bihar,SUPAUL,2007,Whole Year,Garlic,93,138,1.483870968
Bihar,SUPAUL,2007,Whole Year,Onion,428,2812,6.570093458
Bihar,SUPAUL,2007,Whole Year,Potato,6074,82067,13.51119526
Bihar,SUPAUL,2007,Whole Year,Sweet potato,192,2557,13.31770833
Bihar,SUPAUL,2007,Whole Year,Turmeric,8,8,1
Bihar,SUPAUL,2007,Winter,Rice,75826,107533,1.418154723
Bihar,SUPAUL,2008,Autumn,Maize,4644,15115,3.254737295
Bihar,SUPAUL,2008,Autumn,Rice,28512,27920,0.979236813
Bihar,SUPAUL,2008,Kharif,Dry ginger,11,18,1.636363636
Bihar,SUPAUL,2008,Kharif,Jute,10497,87592,8.344479375
Bihar,SUPAUL,2008,Kharif,Mesta,4663,48133,10.32232468
Bihar,SUPAUL,2008,Kharif,Moong(Green Gram),117,143,1.222222222
Bihar,SUPAUL,2008,Kharif,Potato,2016,15120,7.5
Bihar,SUPAUL,2008,Kharif,Ragi,2244,2349,1.046791444
Bihar,SUPAUL,2008,Kharif,Sesamum,139,114,0.820143885
Bihar,SUPAUL,2008,Kharif,Sweet potato,138,1873,13.57246377
Bihar,SUPAUL,2008,Kharif,Urad,465,381,0.819354839
Bihar,SUPAUL,2008,Rabi,Barley,1,1,1
Bihar,SUPAUL,2008,Rabi,Gram,1,1,1
Bihar,SUPAUL,2008,Rabi,Khesari,2310,2201,0.952813853
Bihar,SUPAUL,2008,Rabi,Linseed,989,837,0.846309403
Bihar,SUPAUL,2008,Rabi,Maize,1490,8301,5.57114094
Bihar,SUPAUL,2008,Rabi,Masoor,1146,721,0.629144852
Bihar,SUPAUL,2008,Rabi,Peas & beans (Pulses),235,226,0.961702128
Bihar,SUPAUL,2008,Rabi,Potato,1264,6737,5.329905063
Bihar,SUPAUL,2008,Rabi,Rapeseed &Mustard,849,1019,1.200235571
Bihar,SUPAUL,2008,Rabi,Safflower,2,2,1
Bihar,SUPAUL,2008,Rabi,Sunflower,5457,7710,1.412864211
Bihar,SUPAUL,2008,Rabi,Wheat,42770,79419,1.856885668
Bihar,SUPAUL,2008,Summer,Maize,9489,32069,3.379597429
Bihar,SUPAUL,2008,Summer,Moong(Green Gram),21524,16078,0.746980115
Bihar,SUPAUL,2008,Summer,Rice,4567,6367,1.394131815
Bihar,SUPAUL,2008,Whole Year,Dry chillies,109,154,1.412844037
Bihar,SUPAUL,2008,Whole Year,Onion,397,2775,6.989924433
Bihar,SUPAUL,2008,Whole Year,Turmeric,31,36,1.161290323
Bihar,SUPAUL,2008,Winter,Rice,64522,70539,1.093255014
Bihar,SUPAUL,2009,Autumn,Maize,707,1909,2.700141443
Bihar,SUPAUL,2009,Autumn,Rice,26306,25538,0.97080514
Bihar,SUPAUL,2009,Kharif,Horse-gram,1339,1289,0.962658701
Bihar,SUPAUL,2009,Kharif,Jute,8757,130285,14.87781204
Bihar,SUPAUL,2009,Kharif,Mesta,2846,27211,9.56113844
Bihar,SUPAUL,2009,Kharif,Moong(Green Gram),501,332,0.662674651
Bihar,SUPAUL,2009,Kharif,Other Kharif pulses,179,156,0.87150838
Bihar,SUPAUL,2009,Kharif,Ragi,1690,1526,0.90295858
Bihar,SUPAUL,2009,Kharif,Sannhamp,15,12,0.8
Bihar,SUPAUL,2009,Kharif,Urad,428,424,0.990654206
Bihar,SUPAUL,2009,Rabi,Khesari,2978,971,0.326057757
Bihar,SUPAUL,2009,Rabi,Linseed,1133,958,0.845542807
Bihar,SUPAUL,2009,Rabi,Maize,1132,4070,3.59540636
Bihar,SUPAUL,2009,Rabi,Masoor,1328,323,0.243222892
Bihar,SUPAUL,2009,Rabi,Peas & beans (Pulses),282,282,1
Bihar,SUPAUL,2009,Rabi,Rapeseed &Mustard,1423,720,0.505973296
Bihar,SUPAUL,2009,Rabi,Sunflower,5145,7229,1.40505345
Bihar,SUPAUL,2009,Rabi,Wheat,49926,88384,1.770300044
Bihar,SUPAUL,2009,Summer,Maize,8561,37310,4.358135732
Bihar,SUPAUL,2009,Summer,Moong(Green Gram),19868,5659,0.284829877
Bihar,SUPAUL,2009,Summer,Rice,4312,5403,1.253014842
Bihar,SUPAUL,2009,Winter,Rice,65501,73414,1.120807316
Bihar,SUPAUL,2010,Autumn,Maize,1761,4458,2.531516184
Bihar,SUPAUL,2010,Autumn,Rice,22177,31278,1.410380124
Bihar,SUPAUL,2010,Kharif,Arhar/Tur,27,42,1.555555556
Bihar,SUPAUL,2010,Kharif,Horse-gram,1287,1215,0.944055944
Bihar,SUPAUL,2010,Kharif,Jute,9961,164578,16.52223672
Bihar,SUPAUL,2010,Kharif,Mesta,2707,41237,15.23346878
Bihar,SUPAUL,2010,Kharif,Moong(Green Gram),1066,697,0.653846154
Bihar,SUPAUL,2010,Kharif,Other Kharif pulses,121,101,0.834710744
Bihar,SUPAUL,2010,Kharif,Ragi,1427,1344,0.94183602
Bihar,SUPAUL,2010,Kharif,Sesamum,173,136,0.786127168
Bihar,SUPAUL,2010,Kharif,Urad,509,444,0.872298625
Bihar,SUPAUL,2010,Rabi,Gram,3,3,1
Bihar,SUPAUL,2010,Rabi,Khesari,2093,1216,0.580984233
Bihar,SUPAUL,2010,Rabi,Linseed,1008,825,0.818452381
Bihar,SUPAUL,2010,Rabi,Maize,3139,14063,4.4800892
Bihar,SUPAUL,2010,Rabi,Masoor,1244,518,0.416398714
Bihar,SUPAUL,2010,Rabi,Peas & beans (Pulses),242,250,1.033057851
Bihar,SUPAUL,2010,Rabi,Rapeseed &Mustard,989,1025,1.036400404
Bihar,SUPAUL,2010,Rabi,Sunflower,4320,6195,1.434027778
Bihar,SUPAUL,2010,Rabi,Wheat,50420,77755,1.542145974
Bihar,SUPAUL,2010,Summer,Maize,7406,42040,5.676478531
Bihar,SUPAUL,2010,Summer,Moong(Green Gram),23494,8011,0.340980676
Bihar,SUPAUL,2010,Summer,Rice,6196,12124,1.956746288
Bihar,SUPAUL,2010,Whole Year,Sugarcane,131,6574,50.18320611
Bihar,SUPAUL,2010,Winter,Rice,62055,70708,1.139440819
Bihar,SUPAUL,2011,Autumn,Maize,2446,9826,4.017170891
Bihar,SUPAUL,2011,Autumn,Rice,33647,29926,0.889410646
Bihar,SUPAUL,2011,Kharif,Arhar/Tur,10,19,1.9
Bihar,SUPAUL,2011,Kharif,Groundnut,10,10,1
Bihar,SUPAUL,2011,Kharif,Horse-gram,1092,1040,0.952380952
Bihar,SUPAUL,2011,Kharif,Jute,10210,176520,17.28893242
Bihar,SUPAUL,2011,Kharif,Mesta,7491,109993,14.68335336
Bihar,SUPAUL,2011,Kharif,Moong(Green Gram),129,68,0.527131783
Bihar,SUPAUL,2011,Kharif,Other Kharif pulses,318,300,0.943396226
Bihar,SUPAUL,2011,Kharif,Ragi,1565,1415,0.904153355
Bihar,SUPAUL,2011,Kharif,Sesamum,380,337,0.886842105
Bihar,SUPAUL,2011,Kharif,Small millets,33,25,0.757575758
Bihar,SUPAUL,2011,Kharif,Urad,569,505,0.887521968
Bihar,SUPAUL,2011,Rabi,Khesari,2259,1335,0.590969456
Bihar,SUPAUL,2011,Rabi,Linseed,938,811,0.864605544
Bihar,SUPAUL,2011,Rabi,Maize,2628,15261,5.807077626
Bihar,SUPAUL,2011,Rabi,Masoor,1199,908,0.757297748
Bihar,SUPAUL,2011,Rabi,Peas & beans (Pulses),298,307,1.030201342
Bihar,SUPAUL,2011,Rabi,Rapeseed &Mustard,1568,1065,0.679209184
Bihar,SUPAUL,2011,Rabi,Sunflower,4961,7199,1.451118726
Bihar,SUPAUL,2011,Rabi,Wheat,47832,108439,2.267080615
Bihar,SUPAUL,2011,Summer,Maize,7217,27041,3.746847721
Bihar,SUPAUL,2011,Summer,Moong(Green Gram),21081,7842,0.371993738
Bihar,SUPAUL,2011,Summer,Rice,6197,8966,1.446829111
Bihar,SUPAUL,2011,Winter,Rice,58119,102423,1.762298044
Bihar,SUPAUL,2012,Autumn,Maize,2446,14331,5.858953393
Bihar,SUPAUL,2012,Autumn,Rice,33647,56306,1.673432996
Bihar,SUPAUL,2012,Kharif,Arhar/Tur,10,21,2.1
Bihar,SUPAUL,2012,Kharif,Groundnut,10,10,1
Bihar,SUPAUL,2012,Kharif,Horse-gram,1092,1057,0.967948718
Bihar,SUPAUL,2012,Kharif,Jute,10210,33560,3.286973555
Bihar,SUPAUL,2012,Kharif,Mesta,7491,22443,2.995995194
Bihar,SUPAUL,2012,Kharif,Moong(Green Gram),129,94,0.728682171
Bihar,SUPAUL,2012,Kharif,Other Kharif pulses,318,302,0.949685535
Bihar,SUPAUL,2012,Kharif,Ragi,1565,1595,1.019169329
Bihar,SUPAUL,2012,Kharif,Sannhamp,173,140,0.809248555
Bihar,SUPAUL,2012,Kharif,Sesamum,171,150,0.877192982
Bihar,SUPAUL,2012,Kharif,Small millets,33,25,0.757575758
Bihar,SUPAUL,2012,Kharif,Urad,569,504,0.885764499
Bihar,SUPAUL,2012,Rabi,Khesari,2259,1529,0.676848163
Bihar,SUPAUL,2012,Rabi,Linseed,938,813,0.86673774
Bihar,SUPAUL,2012,Rabi,Maize,2628,8575,3.262937595
Bihar,SUPAUL,2012,Rabi,Masoor,1199,719,0.599666389
Bihar,SUPAUL,2012,Rabi,Peas & beans (Pulses),298,310,1.040268456
Bihar,SUPAUL,2012,Rabi,Rapeseed &Mustard,1568,1519,0.96875
Bihar,SUPAUL,2012,Rabi,Sunflower,5742,7959,1.386102403
Bihar,SUPAUL,2012,Rabi,Wheat,47832,89432,1.869710654
Bihar,SUPAUL,2012,Summer,Maize,7217,49242,6.823056672
Bihar,SUPAUL,2012,Summer,Moong(Green Gram),21081,14567,0.691001376
Bihar,SUPAUL,2012,Summer,Rice,6197,11750,1.896078748
Bihar,SUPAUL,2012,Winter,Rice,58119,85302,1.467712796
Bihar,SUPAUL,2013,Autumn,Maize,2647,10122,3.823951643
Bihar,SUPAUL,2013,Autumn,Rice,32441,49310,1.519990136
Bihar,SUPAUL,2013,Kharif,Arhar/Tur,60,100,1.666666667
Bihar,SUPAUL,2013,Kharif,Groundnut,16,16,1
Bihar,SUPAUL,2013,Kharif,Horse-gram,792,754,0.952020202
Bihar,SUPAUL,2013,Kharif,Jowar,21,22,1.047619048
Bihar,SUPAUL,2013,Kharif,Jute,11593,161143,13.90002588
Bihar,SUPAUL,2013,Kharif,Mesta,4103,60884,14.83889837
Bihar,SUPAUL,2013,Kharif,Moong(Green Gram),459,413,0.899782135
Bihar,SUPAUL,2013,Kharif,Other Kharif pulses,59,56,0.949152542
Bihar,SUPAUL,2013,Kharif,Ragi,1482,1436,0.968960864
Bihar,SUPAUL,2013,Kharif,Sannhamp,158,127,0.803797468
Bihar,SUPAUL,2013,Kharif,Sesamum,249,216,0.86746988
Bihar,SUPAUL,2013,Kharif,Small millets,20,15,0.75
Bihar,SUPAUL,2013,Kharif,Urad,580,529,0.912068966
Bihar,SUPAUL,2013,Rabi,Khesari,2193,1825,0.832193342
Bihar,SUPAUL,2013,Rabi,Linseed,581,494,0.850258176
Bihar,SUPAUL,2013,Rabi,Maize,3474,20163,5.803972366
Bihar,SUPAUL,2013,Rabi,Masoor,1424,2043,1.434691011
Bihar,SUPAUL,2013,Rabi,Peas & beans (Pulses),309,328,1.061488673
Bihar,SUPAUL,2013,Rabi,Rapeseed &Mustard,1086,851,0.783609576
Bihar,SUPAUL,2013,Rabi,Sunflower,4117,5581,1.355598737
Bihar,SUPAUL,2013,Rabi,Wheat,64567,148032,2.292688215
Bihar,SUPAUL,2013,Summer,Maize,9096,48635,5.346855761
Bihar,SUPAUL,2013,Summer,Moong(Green Gram),15077,12635,0.838031439
Bihar,SUPAUL,2013,Summer,Rice,11049,21822,1.975020364
Bihar,SUPAUL,2013,Whole Year,Sugarcane,10,489,48.9
Bihar,SUPAUL,2013,Winter,Rice,54942,96717,1.760347275
Bihar,SUPAUL,2014,Autumn,Maize,2885,7558,2.619757366
Bihar,SUPAUL,2014,Autumn,Rice,28287,42780,1.512355499
Bihar,SUPAUL,2014,Kharif,Arhar/Tur,61,88,1.442622951
Bihar,SUPAUL,2014,Kharif,Groundnut,26,27,1.038461538
Bihar,SUPAUL,2014,Kharif,Horse-gram,813,778,0.956949569
Bihar,SUPAUL,2014,Kharif,Jute,14630,193848,13.25003418
Bihar,SUPAUL,2014,Kharif,Mesta,3434,47675,13.88322656
Bihar,SUPAUL,2014,Kharif,Moong(Green Gram),28,17,0.607142857
Bihar,SUPAUL,2014,Kharif,Other Kharif pulses,139,125,0.899280576
Bihar,SUPAUL,2014,Kharif,Ragi,1747,3686,2.10990269
Bihar,SUPAUL,2014,Kharif,Sannhamp,254,204,0.803149606
Bihar,SUPAUL,2014,Kharif,Sesamum,983,854,0.868769074
Bihar,SUPAUL,2014,Kharif,Urad,830,756,0.910843373
Bihar,SUPAUL,2014,Rabi,Khesari,2240,1487,0.663839286
Bihar,SUPAUL,2014,Rabi,Linseed,625,538,0.8608
Bihar,SUPAUL,2014,Rabi,Maize,3222,10997,3.413097455
Bihar,SUPAUL,2014,Rabi,Masoor,1515,1285,0.848184818
Bihar,SUPAUL,2014,Rabi,Peas & beans (Pulses),393,397,1.010178117
Bihar,SUPAUL,2014,Rabi,Rapeseed &Mustard,1154,1133,0.981802426
Bihar,SUPAUL,2014,Rabi,Sunflower,2444,3413,1.396481178
Bihar,SUPAUL,2014,Rabi,Wheat,53745,84929,1.580221416
Bihar,SUPAUL,2014,Summer,Maize,6301,32266,5.12077448
Bihar,SUPAUL,2014,Summer,Moong(Green Gram),24108,12801,0.530985565
Bihar,SUPAUL,2014,Summer,Rice,6092,8341,1.369172685
Bihar,SUPAUL,2014,Whole Year,Sugarcane,9,540,60
Bihar,SUPAUL,2014,Winter,Rice,77698,149839,1.928479498
Bihar,VAISHALI,1997,Autumn,Rice,8561,7602,0.887980376
Bihar,VAISHALI,1997,Kharif,Arhar/Tur,1418,1846,1.301833568
Bihar,VAISHALI,1997,Kharif,Bajra,17,11,0.647058824
Bihar,VAISHALI,1997,Kharif,Dry ginger,17,25,1.470588235
Bihar,VAISHALI,1997,Kharif,Jute,19,171,9
Bihar,VAISHALI,1997,Kharif,Maize,16283,29418,1.806669533
Bihar,VAISHALI,1997,Kharif,Mesta,602,2699,4.483388704
Bihar,VAISHALI,1997,Kharif,Other Kharif pulses,117,64,0.547008547
Bihar,VAISHALI,1997,Kharif,Sesamum,25,15,0.6
Bihar,VAISHALI,1997,Kharif,Small millets,412,165,0.400485437
Bihar,VAISHALI,1997,Rabi,Barley,788,1155,1.465736041
Bihar,VAISHALI,1997,Rabi,Gram,177,150,0.847457627
Bihar,VAISHALI,1997,Rabi,Linseed,214,106,0.495327103
Bihar,VAISHALI,1997,Rabi,Maize,5875,9970,1.697021277
Bihar,VAISHALI,1997,Rabi,Other  Rabi pulses,181,122,0.674033149
Bihar,VAISHALI,1997,Rabi,Rapeseed &Mustard,2517,1040,0.413190306
Bihar,VAISHALI,1997,Rabi,Sunflower,8,10,1.25
Bihar,VAISHALI,1997,Rabi,Tobacco,9789,7029,0.718050873
Bihar,VAISHALI,1997,Rabi,Wheat,43425,72122,1.66084053
Bihar,VAISHALI,1997,Summer,Maize,10366,21151,2.040420606
Bihar,VAISHALI,1997,Summer,Rice,118,192,1.627118644
Bihar,VAISHALI,1997,Whole Year,Banana,2728,69591,25.50989736
Bihar,VAISHALI,1997,Whole Year,Coriander,236,99,0.419491525
Bihar,VAISHALI,1997,Whole Year,Dry chillies,70,77,1.1
Bihar,VAISHALI,1997,Whole Year,Garlic,53,81,1.528301887
Bihar,VAISHALI,1997,Whole Year,Onion,839,5286,6.300357569
Bihar,VAISHALI,1997,Whole Year,Potato,7361,49081,6.667708192
Bihar,VAISHALI,1997,Whole Year,Ragi,427,399,0.93442623
Bihar,VAISHALI,1997,Whole Year,Sugarcane,72,1699,23.59722222
Bihar,VAISHALI,1997,Whole Year,Sweet potato,789,10405,13.18757921
Bihar,VAISHALI,1997,Whole Year,Turmeric,75,82,1.093333333
Bihar,VAISHALI,1997,Winter,Rice,48676,44775,0.919857835
Bihar,VAISHALI,1998,Kharif,Arhar/Tur,1361,2161,1.587803086
Bihar,VAISHALI,1998,Kharif,Bajra,17,10,0.588235294
Bihar,VAISHALI,1998,Kharif,Blackgram,768,561,0.73046875
Bihar,VAISHALI,1998,Kharif,Castor seed,9,7,0.777777778
Bihar,VAISHALI,1998,Kharif,Jute,5,24,4.8
Bihar,VAISHALI,1998,Kharif,Maize,17833,22215,1.245724219
Bihar,VAISHALI,1998,Kharif,Mesta,613,4860,7.92822186
Bihar,VAISHALI,1998,Kharif,Other Kharif pulses,1229,830,0.67534581
Bihar,VAISHALI,1998,Kharif,Ragi,499,639,1.280561122
Bihar,VAISHALI,1998,Kharif,Sesamum,18,9,0.5
Bihar,VAISHALI,1998,Kharif,Small millets,398,179,0.449748744
Bihar,VAISHALI,1998,Kharif,Sunflower,7,9,1.285714286
Bihar,VAISHALI,1998,Rabi,Barley,374,536,1.43315508
Bihar,VAISHALI,1998,Rabi,Gram,116,126,1.086206897
Bihar,VAISHALI,1998,Rabi,Linseed,167,93,0.556886228
Bihar,VAISHALI,1998,Rabi,Maize,6466,16275,2.517012063
Bihar,VAISHALI,1998,Rabi,Other  Rabi pulses,17381,10313,0.593349059
Bihar,VAISHALI,1998,Rabi,Rapeseed &Mustard,2191,1308,0.596987677
Bihar,VAISHALI,1998,Rabi,Wheat,45231,114786,2.537772766
Bihar,VAISHALI,1998,Summer,Maize,10312,19857,1.925620636
Bihar,VAISHALI,1998,Summer,Rice,517,960,1.856866538
Bihar,VAISHALI,1998,Whole Year,Banana,2393,52287,21.84997911
Bihar,VAISHALI,1998,Whole Year,Coriander,218,94,0.431192661
Bihar,VAISHALI,1998,Whole Year,Dry chillies,80,117,1.4625
Bihar,VAISHALI,1998,Whole Year,Garlic,61,89,1.459016393
Bihar,VAISHALI,1998,Whole Year,Onion,955,5845,6.120418848
Bihar,VAISHALI,1998,Whole Year,Potato,7206,49267,6.836941438
Bihar,VAISHALI,1998,Whole Year,Sugarcane,182,3665,20.13736264
Bihar,VAISHALI,1998,Whole Year,Sweet potato,811,8767,10.81011097
Bihar,VAISHALI,1998,Whole Year,Tobacco,7988,6095,0.763019529
Bihar,VAISHALI,1998,Whole Year,Turmeric,74,72,0.972972973
Bihar,VAISHALI,1998,Winter,Rice,47253,49377,1.044949527
Bihar,VAISHALI,1999,Kharif,Arhar/Tur,1503,2441,1.624085163
Bihar,VAISHALI,1999,Kharif,Bajra,16,10,0.625
Bihar,VAISHALI,1999,Kharif,Horse-gram,1,1,1
Bihar,VAISHALI,1999,Kharif,Jowar,282,503,1.783687943
Bihar,VAISHALI,1999,Kharif,Maize,14119,32006,2.266874425
Bihar,VAISHALI,1999,Kharif,Mesta,567,3427,6.044091711
Bihar,VAISHALI,1999,Kharif,Ragi,459,649,1.413943355
Bihar,VAISHALI,1999,Kharif,Rice,9718,11866,1.221033134
Bihar,VAISHALI,1999,Kharif,Sesamum,30,15,0.5
Bihar,VAISHALI,1999,Kharif,Sunflower,8,3,0.375
Bihar,VAISHALI,1999,Kharif,Urad,821,586,0.713763703
Bihar,VAISHALI,1999,Rabi,Gram,117,114,0.974358974
Bihar,VAISHALI,1999,Rabi,Khesari,157,95,0.605095541
Bihar,VAISHALI,1999,Rabi,Linseed,152,83,0.546052632
Bihar,VAISHALI,1999,Rabi,Maize,4508,9593,2.127994676
Bihar,VAISHALI,1999,Rabi,Masoor,282,227,0.804964539
Bihar,VAISHALI,1999,Rabi,Moong(Green Gram),16852,8746,0.518988844
Bihar,VAISHALI,1999,Rabi,Other  Rabi pulses,82,69,0.841463415
Bihar,VAISHALI,1999,Rabi,Peas & beans (Pulses),31,25,0.806451613
Bihar,VAISHALI,1999,Rabi,Rapeseed &Mustard,2536,1775,0.699921136
Bihar,VAISHALI,1999,Rabi,Wheat,40889,98847,2.417447235
Bihar,VAISHALI,1999,Summer,Maize,9473,20867,2.202786868
Bihar,VAISHALI,1999,Summer,Rice,56,45,0.803571429
Bihar,VAISHALI,1999,Whole Year,Banana,2248,49434,21.99021352
Bihar,VAISHALI,1999,Whole Year,Coriander,300,159,0.53
Bihar,VAISHALI,1999,Whole Year,Dry chillies,71,94,1.323943662
Bihar,VAISHALI,1999,Whole Year,Garlic,44,65,1.477272727
Bihar,VAISHALI,1999,Whole Year,Onion,860,3035,3.529069767
Bihar,VAISHALI,1999,Whole Year,Potato,6216,43120,6.936936937
Bihar,VAISHALI,1999,Whole Year,Sugarcane,171,6731,39.3625731
Bihar,VAISHALI,1999,Whole Year,Sweet potato,493,6722,13.63488844
Bihar,VAISHALI,1999,Whole Year,Tobacco,7816,7918,1.013050154
Bihar,VAISHALI,1999,Whole Year,Turmeric,120,126,1.05
Bihar,VAISHALI,2000,Autumn,Rice,50324,77664,1.543279549
Bihar,VAISHALI,2000,Kharif,Arhar/Tur,1543,1509,0.977965003
Bihar,VAISHALI,2000,Kharif,Dry ginger,6,9,1.5
Bihar,VAISHALI,2000,Kharif,Jute,87,729,8.379310345
Bihar,VAISHALI,2000,Kharif,Maize,14746,30661,2.079275736
Bihar,VAISHALI,2000,Kharif,Mesta,590,3124,5.294915254
Bihar,VAISHALI,2000,Kharif,Moong(Green Gram),43,37,0.860465116
Bihar,VAISHALI,2000,Kharif,Other Kharif pulses,74,38,0.513513514
Bihar,VAISHALI,2000,Kharif,Ragi,378,338,0.894179894
Bihar,VAISHALI,2000,Kharif,Rice,12250,19943,1.628
Bihar,VAISHALI,2000,Kharif,Sesamum,17,12,0.705882353
Bihar,VAISHALI,2000,Kharif,Small millets,1980,1045,0.527777778
Bihar,VAISHALI,2000,Kharif,Sunflower,5,5,1
Bihar,VAISHALI,2000,Kharif,Urad,759,489,0.644268775
Bihar,VAISHALI,2000,Rabi,Barley,407,459,1.127764128
Bihar,VAISHALI,2000,Rabi,Gram,121,125,1.033057851
Bihar,VAISHALI,2000,Rabi,Khesari,545,334,0.612844037
Bihar,VAISHALI,2000,Rabi,Linseed,453,371,0.818984547
Bihar,VAISHALI,2000,Rabi,Maize,6606,12849,1.945049955
Bihar,VAISHALI,2000,Rabi,Masoor,391,1355,3.465473146
Bihar,VAISHALI,2000,Rabi,Moong(Green Gram),15866,9266,0.584016135
Bihar,VAISHALI,2000,Rabi,Other  Rabi pulses,42,21,0.5
Bihar,VAISHALI,2000,Rabi,Peas & beans (Pulses),31,30,0.967741935
Bihar,VAISHALI,2000,Rabi,Rapeseed &Mustard,2680,1876,0.7
Bihar,VAISHALI,2000,Rabi,Wheat,43299,109076,2.519134391
Bihar,VAISHALI,2000,Summer,Maize,9789,26479,2.704974972
Bihar,VAISHALI,2000,Summer,Rice,300,358,1.193333333
Bihar,VAISHALI,2000,Whole Year,Banana,2212,9335,4.220162749
Bihar,VAISHALI,2000,Whole Year,Coriander,255,104,0.407843137
Bihar,VAISHALI,2000,Whole Year,Dry chillies,70,48,0.685714286
Bihar,VAISHALI,2000,Whole Year,Garlic,53,80,1.509433962
Bihar,VAISHALI,2000,Whole Year,Onion,952,6997,7.349789916
Bihar,VAISHALI,2000,Whole Year,Potato,7007,42732,6.098472956
Bihar,VAISHALI,2000,Whole Year,Sugarcane,164,6768,41.26829268
Bihar,VAISHALI,2000,Whole Year,Sweet potato,665,8056,12.11428571
Bihar,VAISHALI,2000,Whole Year,Tobacco,7927,9219,1.162987259
Bihar,VAISHALI,2000,Whole Year,Turmeric,148,164,1.108108108
Bihar,VAISHALI,2001,Autumn,Maize,15488,14347,0.926330062
Bihar,VAISHALI,2001,Autumn,Rice,47097,69015,1.465379961
Bihar,VAISHALI,2001,Kharif,Arhar/Tur,1366,1336,0.978038067
Bihar,VAISHALI,2001,Kharif,Jute,59,394,6.677966102
Bihar,VAISHALI,2001,Kharif,Mesta,589,1924,3.26655348
Bihar,VAISHALI,2001,Kharif,Moong(Green Gram),4,2,0.5
Bihar,VAISHALI,2001,Kharif,Other Kharif pulses,21,11,0.523809524
Bihar,VAISHALI,2001,Kharif,Ragi,174,163,0.936781609
Bihar,VAISHALI,2001,Kharif,Rice,336,648,1.928571429
Bihar,VAISHALI,2001,Kharif,Sesamum,22,16,0.727272727
Bihar,VAISHALI,2001,Kharif,Small millets,790,586,0.741772152
Bihar,VAISHALI,2001,Kharif,Sunflower,8,9,1.125
Bihar,VAISHALI,2001,Kharif,Urad,754,537,0.712201592
Bihar,VAISHALI,2001,Rabi,Barley,252,453,1.797619048
Bihar,VAISHALI,2001,Rabi,Gram,354,336,0.949152542
Bihar,VAISHALI,2001,Rabi,Khesari,146,119,0.815068493
Bihar,VAISHALI,2001,Rabi,Linseed,120,85,0.708333333
Bihar,VAISHALI,2001,Rabi,Maize,5360,18642,3.477985075
Bihar,VAISHALI,2001,Rabi,Masoor,281,173,0.615658363
Bihar,VAISHALI,2001,Rabi,Other  Rabi pulses,64,44,0.6875
Bihar,VAISHALI,2001,Rabi,Peas & beans (Pulses),15,15,1
Bihar,VAISHALI,2001,Rabi,Rapeseed &Mustard,2430,1618,0.665843621
Bihar,VAISHALI,2001,Rabi,Wheat,47414,108088,2.279664234
Bihar,VAISHALI,2001,Summer,Maize,6421,16387,2.552094689
Bihar,VAISHALI,2001,Summer,Rice,14078,19203,1.364043188
Bihar,VAISHALI,2001,Whole Year,Banana,2295,31556,13.74989107
Bihar,VAISHALI,2001,Whole Year,Coriander,187,108,0.577540107
Bihar,VAISHALI,2001,Whole Year,Dry chillies,116,85,0.732758621
Bihar,VAISHALI,2001,Whole Year,Garlic,52,79,1.519230769
Bihar,VAISHALI,2001,Whole Year,Onion,674,5972,8.860534125
Bihar,VAISHALI,2001,Whole Year,Potato,6252,41214,6.592130518
Bihar,VAISHALI,2001,Whole Year,Sugarcane,36,1697,47.13888889
Bihar,VAISHALI,2001,Whole Year,Sweet potato,471,5475,11.62420382
Bihar,VAISHALI,2001,Whole Year,Tobacco,6133,6752,1.100929398
Bihar,VAISHALI,2001,Whole Year,Turmeric,113,115,1.017699115
Bihar,VAISHALI,2002,Autumn,Maize,16539,30809,1.862809118
Bihar,VAISHALI,2002,Autumn,Rice,14058,19315,1.373950775
Bihar,VAISHALI,2002,Kharif,Arhar/Tur,1522,1289,0.846911958
Bihar,VAISHALI,2002,Kharif,Mesta,595,2787,4.684033613
Bihar,VAISHALI,2002,Kharif,Moong(Green Gram),5,3,0.6
Bihar,VAISHALI,2002,Kharif,Other Kharif pulses,22,11,0.5
Bihar,VAISHALI,2002,Kharif,Ragi,168,134,0.797619048
Bihar,VAISHALI,2002,Kharif,Sesamum,44,25,0.568181818
Bihar,VAISHALI,2002,Kharif,Small millets,532,411,0.772556391
Bihar,VAISHALI,2002,Kharif,Sunflower,8,9,1.125
Bihar,VAISHALI,2002,Kharif,Urad,768,561,0.73046875
Bihar,VAISHALI,2002,Rabi,Barley,250,300,1.2
Bihar,VAISHALI,2002,Rabi,Gram,107,108,1.009345794
Bihar,VAISHALI,2002,Rabi,Khesari,83,51,0.614457831
Bihar,VAISHALI,2002,Rabi,Linseed,86,65,0.755813953
Bihar,VAISHALI,2002,Rabi,Maize,5677,16282,2.868064118
Bihar,VAISHALI,2002,Rabi,Masoor,265,149,0.562264151
Bihar,VAISHALI,2002,Rabi,Other  Rabi pulses,1,1,1
Bihar,VAISHALI,2002,Rabi,Peas & beans (Pulses),27,24,0.888888889
Bihar,VAISHALI,2002,Rabi,Rapeseed &Mustard,2816,1760,0.625
Bihar,VAISHALI,2002,Rabi,Safflower,10,8,0.8
Bihar,VAISHALI,2002,Rabi,Wheat,43369,91786,2.116396504
Bihar,VAISHALI,2002,Summer,Maize,12105,48981,4.046344486
Bihar,VAISHALI,2002,Summer,Moong(Green Gram),16429,8855,0.538985939
Bihar,VAISHALI,2002,Summer,Rice,188,356,1.893617021
Bihar,VAISHALI,2002,Whole Year,Banana,2229,36110,16.20008973
Bihar,VAISHALI,2002,Whole Year,Coriander,170,111,0.652941176
Bihar,VAISHALI,2002,Whole Year,Dry chillies,50,28,0.56
Bihar,VAISHALI,2002,Whole Year,Garlic,38,56,1.473684211
Bihar,VAISHALI,2002,Whole Year,Onion,663,3700,5.580693816
Bihar,VAISHALI,2002,Whole Year,Potato,6861,45570,6.641888937
Bihar,VAISHALI,2002,Whole Year,Sugarcane,36,1584,44
Bihar,VAISHALI,2002,Whole Year,Sweet potato,461,6329,13.72885033
Bihar,VAISHALI,2002,Whole Year,Tobacco,6252,7027,1.123960333
Bihar,VAISHALI,2002,Whole Year,Turmeric,118,117,0.991525424
Bihar,VAISHALI,2002,Winter,Rice,47937,60804,1.268414794
Bihar,VAISHALI,2003,Autumn,Rice,13377,13099,0.979218061
Bihar,VAISHALI,2003,Kharif,Arhar/Tur,1809,1500,0.829187396
Bihar,VAISHALI,2003,Kharif,Castor seed,14,14,1
Bihar,VAISHALI,2003,Kharif,Jute,267,1982,7.423220974
Bihar,VAISHALI,2003,Kharif,Maize,17352,20587,1.18643384
Bihar,VAISHALI,2003,Kharif,Mesta,291,1300,4.467353952
Bihar,VAISHALI,2003,Kharif,Moong(Green Gram),80,42,0.525
Bihar,VAISHALI,2003,Kharif,Other Kharif pulses,34,18,0.529411765
Bihar,VAISHALI,2003,Kharif,Ragi,390,281,0.720512821
Bihar,VAISHALI,2003,Kharif,Sesamum,13,9,0.692307692
Bihar,VAISHALI,2003,Kharif,Small millets,615,481,0.782113821
Bihar,VAISHALI,2003,Kharif,Urad,552,428,0.775362319
Bihar,VAISHALI,2003,Rabi,Barley,201,271,1.348258706
Bihar,VAISHALI,2003,Rabi,Gram,295,289,0.979661017
Bihar,VAISHALI,2003,Rabi,Khesari,60,51,0.85
Bihar,VAISHALI,2003,Rabi,Linseed,107,84,0.785046729
Bihar,VAISHALI,2003,Rabi,Maize,6596,19537,2.961946634
Bihar,VAISHALI,2003,Rabi,Masoor,347,302,0.870317003
Bihar,VAISHALI,2003,Rabi,Other  Rabi pulses,14,10,0.714285714
Bihar,VAISHALI,2003,Rabi,Peas & beans (Pulses),46,43,0.934782609
Bihar,VAISHALI,2003,Rabi,Rapeseed &Mustard,2369,1341,0.566061629
Bihar,VAISHALI,2003,Rabi,Wheat,39075,34720,0.888547665
Bihar,VAISHALI,2003,Summer,Maize,9394,22231,2.366510539
Bihar,VAISHALI,2003,Summer,Moong(Green Gram),15115,7663,0.506979821
Bihar,VAISHALI,2003,Summer,Rice,73,74,1.01369863
Bihar,VAISHALI,2003,Whole Year,Banana,2026,29174,14.39980257
Bihar,VAISHALI,2003,Whole Year,Coriander,179,124,0.69273743
Bihar,VAISHALI,2003,Whole Year,Dry chillies,22,12,0.545454545
Bihar,VAISHALI,2003,Whole Year,Garlic,68,103,1.514705882
Bihar,VAISHALI,2003,Whole Year,Onion,345,1880,5.449275362
Bihar,VAISHALI,2003,Whole Year,Potato,6842,44491,6.50263081
Bihar,VAISHALI,2003,Whole Year,Sugarcane,238,9510,39.95798319
Bihar,VAISHALI,2003,Whole Year,Sweet potato,327,4580,14.00611621
Bihar,VAISHALI,2003,Whole Year,Tobacco,5023,5586,1.112084412
Bihar,VAISHALI,2003,Whole Year,Turmeric,39,39,1
Bihar,VAISHALI,2003,Winter,Rice,48738,31081,0.637715951
Bihar,VAISHALI,2004,Autumn,Rice,11266,5372,0.476832949
Bihar,VAISHALI,2004,Kharif,Arhar/Tur,1145,1044,0.911790393
Bihar,VAISHALI,2004,Kharif,Castor seed,2,2,1
Bihar,VAISHALI,2004,Kharif,Jute,3,24,8
Bihar,VAISHALI,2004,Kharif,Maize,17206,31763,1.846042078
Bihar,VAISHALI,2004,Kharif,Mesta,428,3414,7.976635514
Bihar,VAISHALI,2004,Kharif,Moong(Green Gram),120,82,0.683333333
Bihar,VAISHALI,2004,Kharif,Ragi,283,80,0.282685512
Bihar,VAISHALI,2004,Kharif,Sesamum,20,16,0.8
Bihar,VAISHALI,2004,Kharif,Small millets,607,474,0.780889621
Bihar,VAISHALI,2004,Kharif,Sunflower,3,4,1.333333333
Bihar,VAISHALI,2004,Kharif,Urad,553,398,0.719710669
Bihar,VAISHALI,2004,Rabi,Barley,452,577,1.276548673
Bihar,VAISHALI,2004,Rabi,Gram,1201,1002,0.834304746
Bihar,VAISHALI,2004,Rabi,Khesari,41,21,0.512195122
Bihar,VAISHALI,2004,Rabi,Linseed,99,83,0.838383838
Bihar,VAISHALI,2004,Rabi,Maize,6439,21165,3.287001087
Bihar,VAISHALI,2004,Rabi,Masoor,334,224,0.670658683
Bihar,VAISHALI,2004,Rabi,Other  Rabi pulses,1,1,1
Bihar,VAISHALI,2004,Rabi,Peas & beans (Pulses),70,62,0.885714286
Bihar,VAISHALI,2004,Rabi,Rapeseed &Mustard,2537,1629,0.642096965
Bihar,VAISHALI,2004,Rabi,Safflower,6,5,0.833333333
Bihar,VAISHALI,2004,Rabi,Wheat,44743,96752,2.162394118
Bihar,VAISHALI,2004,Summer,Maize,9679,28372,2.931294555
Bihar,VAISHALI,2004,Summer,Moong(Green Gram),13746,5457,0.396988215
Bihar,VAISHALI,2004,Summer,Rice,10,15,1.5
Bihar,VAISHALI,2004,Whole Year,Banana,2067,21125,10.22012579
Bihar,VAISHALI,2004,Whole Year,Coriander,177,116,0.655367232
Bihar,VAISHALI,2004,Whole Year,Dry chillies,27,21,0.777777778
Bihar,VAISHALI,2004,Whole Year,Garlic,91,138,1.516483516
Bihar,VAISHALI,2004,Whole Year,Onion,706,4222,5.980169972
Bihar,VAISHALI,2004,Whole Year,Potato,8042,48439,6.023252922
Bihar,VAISHALI,2004,Whole Year,Sugarcane,122,4609,37.77868852
Bihar,VAISHALI,2004,Whole Year,Sweet potato,262,3937,15.02671756
Bihar,VAISHALI,2004,Whole Year,Tobacco,6378,7405,1.161022264
Bihar,VAISHALI,2004,Whole Year,Turmeric,59,58,0.983050847
Bihar,VAISHALI,2004,Winter,Rice,49316,13288,0.269446022
Bihar,VAISHALI,2005,Autumn,Rice,10577,12259,1.159024298
Bihar,VAISHALI,2005,Kharif,Arhar/Tur,1144,2017,1.763111888
Bihar,VAISHALI,2005,Kharif,Bajra,1,1,1
Bihar,VAISHALI,2005,Kharif,Jowar,318,354,1.113207547
Bihar,VAISHALI,2005,Kharif,Jute,70,710,10.14285714
Bihar,VAISHALI,2005,Kharif,Maize,15569,29187,1.874686878
Bihar,VAISHALI,2005,Kharif,Moong(Green Gram),54,31,0.574074074
Bihar,VAISHALI,2005,Kharif,Other Kharif pulses,63,31,0.492063492
Bihar,VAISHALI,2005,Kharif,Ragi,245,97,0.395918367
Bihar,VAISHALI,2005,Kharif,Sesamum,36,29,0.805555556
Bihar,VAISHALI,2005,Kharif,Small millets,515,403,0.782524272
Bihar,VAISHALI,2005,Kharif,Sunflower,2,3,1.5
Bihar,VAISHALI,2005,Kharif,Urad,518,397,0.766409266
Bihar,VAISHALI,2005,Rabi,Barley,210,155,0.738095238
Bihar,VAISHALI,2005,Rabi,Gram,756,711,0.94047619
Bihar,VAISHALI,2005,Rabi,Khesari,63,30,0.476190476
Bihar,VAISHALI,2005,Rabi,Linseed,50,43,0.86
Bihar,VAISHALI,2005,Rabi,Maize,7865,21983,2.795041322
Bihar,VAISHALI,2005,Rabi,Masoor,309,116,0.375404531
Bihar,VAISHALI,2005,Rabi,Other  Rabi pulses,11,7,0.636363636
Bihar,VAISHALI,2005,Rabi,Peas & beans (Pulses),55,51,0.927272727
Bihar,VAISHALI,2005,Rabi,Rapeseed &Mustard,2942,2142,0.728076139
Bihar,VAISHALI,2005,Rabi,Wheat,44203,67764,1.533018121
Bihar,VAISHALI,2005,Summer,Maize,9762,26486,2.71317353
Bihar,VAISHALI,2005,Summer,Moong(Green Gram),13182,4706,0.357001972
Bihar,VAISHALI,2005,Summer,Rice,496,473,0.953629032
Bihar,VAISHALI,2005,Whole Year,Banana,2797,20474,7.319985699
Bihar,VAISHALI,2005,Whole Year,Coriander,166,130,0.78313253
Bihar,VAISHALI,2005,Whole Year,Dry chillies,30,48,1.6
Bihar,VAISHALI,2005,Whole Year,Garlic,76,112,1.473684211
Bihar,VAISHALI,2005,Whole Year,Onion,556,2991,5.379496403
Bihar,VAISHALI,2005,Whole Year,Potato,8131,43340,5.330217685
Bihar,VAISHALI,2005,Whole Year,Sannhamp,1,1,1
Bihar,VAISHALI,2005,Whole Year,Sugarcane,114,4514,39.59649123
Bihar,VAISHALI,2005,Whole Year,Sweet potato,360,5463,15.175
Bihar,VAISHALI,2005,Whole Year,Tobacco,6088,7019,1.152923784
Bihar,VAISHALI,2005,Whole Year,Turmeric,47,46,0.978723404
Bihar,VAISHALI,2005,Winter,Rice,48545,46887,0.965846122
Bihar,VAISHALI,2006,Autumn,Rice,10375,12118,1.168
Bihar,VAISHALI,2006,Kharif,Arhar/Tur,1174,404,0.344122658
Bihar,VAISHALI,2006,Kharif,Bajra,5,5,1
Bihar,VAISHALI,2006,Kharif,Jowar,308,342,1.11038961
Bihar,VAISHALI,2006,Kharif,Jute,62,633,10.20967742
Bihar,VAISHALI,2006,Kharif,Maize,15801,23768,1.504208594
Bihar,VAISHALI,2006,Kharif,Mesta,437,2729,6.244851259
Bihar,VAISHALI,2006,Kharif,Moong(Green Gram),27,14,0.518518519
Bihar,VAISHALI,2006,Kharif,Ragi,247,216,0.874493927
Bihar,VAISHALI,2006,Kharif,Sesamum,35,27,0.771428571
Bihar,VAISHALI,2006,Kharif,Urad,500,395,0.79
Bihar,VAISHALI,2006,Rabi,Barley,220,221,1.004545455
Bihar,VAISHALI,2006,Rabi,Khesari,46,36,0.782608696
Bihar,VAISHALI,2006,Rabi,Linseed,55,47,0.854545455
Bihar,VAISHALI,2006,Rabi,Maize,7459,22347,2.995978013
Bihar,VAISHALI,2006,Rabi,Masoor,255,193,0.756862745
Bihar,VAISHALI,2006,Rabi,Peas & beans (Pulses),42,39,0.928571429
Bihar,VAISHALI,2006,Rabi,Rapeseed &Mustard,2705,1696,0.626987061
Bihar,VAISHALI,2006,Rabi,Sunflower,3,4,1.333333333
Bihar,VAISHALI,2006,Rabi,Wheat,47880,120298,2.512489557
Bihar,VAISHALI,2006,Summer,Maize,10902,23682,2.17226197
Bihar,VAISHALI,2006,Summer,Moong(Green Gram),14014,4456,0.317967747
Bihar,VAISHALI,2006,Summer,Rice,211,323,1.530805687
Bihar,VAISHALI,2006,Winter,Rice,49010,33630,0.686186493
Bihar,VAISHALI,2007,Autumn,Maize,16313,10327,0.633053393
Bihar,VAISHALI,2007,Autumn,Rice,9340,6566,0.702997859
Bihar,VAISHALI,2007,Kharif,Arhar/Tur,1108,957,0.863718412
Bihar,VAISHALI,2007,Kharif,Bajra,5,5,1
Bihar,VAISHALI,2007,Kharif,Jowar,5,5,1
Bihar,VAISHALI,2007,Kharif,Jute,24,227,9.458333333
Bihar,VAISHALI,2007,Kharif,Mesta,536,3442,6.421641791
Bihar,VAISHALI,2007,Kharif,Moong(Green Gram),135,112,0.82962963
Bihar,VAISHALI,2007,Kharif,Other Kharif pulses,64,37,0.578125
Bihar,VAISHALI,2007,Kharif,Ragi,209,126,0.602870813
Bihar,VAISHALI,2007,Kharif,Sannhamp,3,11.11,3.703333333
Bihar,VAISHALI,2007,Kharif,Sesamum,43,31,0.720930233
Bihar,VAISHALI,2007,Kharif,Small millets,470,368,0.782978723
Bihar,VAISHALI,2007,Kharif,Urad,461,363,0.787418655
Bihar,VAISHALI,2007,Rabi,Barley,228,237,1.039473684
Bihar,VAISHALI,2007,Rabi,Gram,110,109,0.990909091
Bihar,VAISHALI,2007,Rabi,Khesari,69,58,0.84057971
Bihar,VAISHALI,2007,Rabi,Linseed,54,45,0.833333333
Bihar,VAISHALI,2007,Rabi,Maize,5983,19355,3.234999164
Bihar,VAISHALI,2007,Rabi,Masoor,525,362,0.68952381
Bihar,VAISHALI,2007,Rabi,Other  Rabi pulses,75,56,0.746666667
Bihar,VAISHALI,2007,Rabi,Peas & beans (Pulses),28,23,0.821428571
Bihar,VAISHALI,2007,Rabi,Rapeseed &Mustard,2584,2196,0.849845201
Bihar,VAISHALI,2007,Rabi,Sunflower,3,4,1.333333333
Bihar,VAISHALI,2007,Rabi,Wheat,44156,118375,2.680836126
Bihar,VAISHALI,2007,Summer,Maize,11308,35482,3.137778564
Bihar,VAISHALI,2007,Summer,Moong(Green Gram),13198,5965,0.451962419
Bihar,VAISHALI,2007,Summer,Rice,177,283,1.598870056
Bihar,VAISHALI,2007,Whole Year,Banana,2964,22289,7.519905533
Bihar,VAISHALI,2007,Whole Year,Coriander,208,154,0.740384615
Bihar,VAISHALI,2007,Whole Year,Dry chillies,51,96,1.882352941
Bihar,VAISHALI,2007,Whole Year,Garlic,69,100,1.449275362
Bihar,VAISHALI,2007,Whole Year,Onion,547,5421,9.910420475
Bihar,VAISHALI,2007,Whole Year,Potato,5639,39991,7.091860259
Bihar,VAISHALI,2007,Whole Year,Sugarcane,135,5127,37.97777778
Bihar,VAISHALI,2007,Whole Year,Sweet potato,681,8481,12.45374449
Bihar,VAISHALI,2007,Whole Year,Tobacco,4890,11179,2.28609407
Bihar,VAISHALI,2007,Whole Year,Turmeric,13,12,0.923076923
Bihar,VAISHALI,2007,Winter,Rice,47850,25385,0.530512017
Bihar,VAISHALI,2008,Autumn,Maize,16490,30880,1.872650091
Bihar,VAISHALI,2008,Autumn,Rice,9113,12931,1.418961923
Bihar,VAISHALI,2008,Kharif,Arhar/Tur,996,1100,1.104417671
Bihar,VAISHALI,2008,Kharif,Bajra,5,5,1
Bihar,VAISHALI,2008,Kharif,Jowar,5,5,1
Bihar,VAISHALI,2008,Kharif,Jute,22,176,8
Bihar,VAISHALI,2008,Kharif,Mesta,507,3357,6.621301775
Bihar,VAISHALI,2008,Kharif,Moong(Green Gram),165,135,0.818181818
Bihar,VAISHALI,2008,Kharif,Other Kharif pulses,11,6,0.545454545
Bihar,VAISHALI,2008,Kharif,Potato,1911,14734,7.710099424
Bihar,VAISHALI,2008,Kharif,Ragi,163,133,0.81595092
Bihar,VAISHALI,2008,Kharif,Sannhamp,3,11.11,3.703333333
Bihar,VAISHALI,2008,Kharif,Sesamum,45,35,0.777777778
Bihar,VAISHALI,2008,Kharif,Small millets,460,361,0.784782609
Bihar,VAISHALI,2008,Kharif,Sweet potato,692,8379,12.1083815
Bihar,VAISHALI,2008,Kharif,Urad,486,403,0.829218107
Bihar,VAISHALI,2008,Rabi,Barley,232,253,1.090517241
Bihar,VAISHALI,2008,Rabi,Gram,165,153,0.927272727
Bihar,VAISHALI,2008,Rabi,Khesari,101,83,0.821782178
Bihar,VAISHALI,2008,Rabi,Linseed,42,35,0.833333333
Bihar,VAISHALI,2008,Rabi,Maize,5946,9906,1.665993946
Bihar,VAISHALI,2008,Rabi,Masoor,511,429,0.839530333
Bihar,VAISHALI,2008,Rabi,Other  Rabi pulses,35,26,0.742857143
Bihar,VAISHALI,2008,Rabi,Peas & beans (Pulses),31,26,0.838709677
Bihar,VAISHALI,2008,Rabi,Potato,4303,34510,8.019986056
Bihar,VAISHALI,2008,Rabi,Rapeseed &Mustard,2589,1975,0.762842796
Bihar,VAISHALI,2008,Rabi,Sunflower,3,4,1.333333333
Bihar,VAISHALI,2008,Rabi,Wheat,48136,142723,2.964995014
Bihar,VAISHALI,2008,Summer,Maize,11503,37870,3.292184647
Bihar,VAISHALI,2008,Summer,Moong(Green Gram),13112,6372,0.485967053
Bihar,VAISHALI,2008,Summer,Rice,174,295,1.695402299
Bihar,VAISHALI,2008,Whole Year,Dry chillies,16,29,1.8125
Bihar,VAISHALI,2008,Whole Year,Garlic,152,268,1.763157895
Bihar,VAISHALI,2008,Whole Year,Onion,533,6199,11.630394
Bihar,VAISHALI,2008,Whole Year,Sugarcane,126,5741,45.56349206
Bihar,VAISHALI,2008,Whole Year,Turmeric,10,10,1
Bihar,VAISHALI,2008,Winter,Rice,48346,77834,1.609936706
Bihar,VAISHALI,2009,Autumn,Maize,15501,26394,1.702728856
Bihar,VAISHALI,2009,Autumn,Rice,5974,4033,0.675092066
Bihar,VAISHALI,2009,Kharif,Arhar/Tur,745,1216,1.632214765
Bihar,VAISHALI,2009,Kharif,Jowar,25,26,1.04
Bihar,VAISHALI,2009,Kharif,Mesta,518,3663,7.071428571
Bihar,VAISHALI,2009,Kharif,Moong(Green Gram),505,335,0.663366337
Bihar,VAISHALI,2009,Kharif,Ragi,130,90,0.692307692
Bihar,VAISHALI,2009,Kharif,Small millets,345,271,0.785507246
Bihar,VAISHALI,2009,Kharif,Urad,340,337,0.991176471
Bihar,VAISHALI,2009,Rabi,Barley,30,37,1.233333333
Bihar,VAISHALI,2009,Rabi,Gram,61,66,1.081967213
Bihar,VAISHALI,2009,Rabi,Khesari,64,66,1.03125
Bihar,VAISHALI,2009,Rabi,Linseed,49,41,0.836734694
Bihar,VAISHALI,2009,Rabi,Maize,7145,21542,3.014975507
Bihar,VAISHALI,2009,Rabi,Masoor,207,148,0.714975845
Bihar,VAISHALI,2009,Rabi,Other  Rabi pulses,13,10,0.769230769
Bihar,VAISHALI,2009,Rabi,Peas & beans (Pulses),26,26,1
Bihar,VAISHALI,2009,Rabi,Rapeseed &Mustard,2916,2741,0.939986283
Bihar,VAISHALI,2009,Rabi,Sunflower,2,3,1.5
Bihar,VAISHALI,2009,Rabi,Wheat,50222,120745,2.40422524
Bihar,VAISHALI,2009,Summer,Maize,10677,31034,2.90662171
Bihar,VAISHALI,2009,Summer,Moong(Green Gram),10075,4252,0.422034739
Bihar,VAISHALI,2009,Summer,Rice,45,42,0.933333333
Bihar,VAISHALI,2009,Whole Year,Sugarcane,121,6175,51.03305785
Bihar,VAISHALI,2009,Whole Year,Tobacco,4610,8607,1.8670282
Bihar,VAISHALI,2009,Winter,Rice,45939,42862,0.933019874
Bihar,VAISHALI,2010,Autumn,Maize,14802,29374,1.984461559
Bihar,VAISHALI,2010,Autumn,Rice,4650,2590,0.556989247
Bihar,VAISHALI,2010,Kharif,Arhar/Tur,713,1768,2.479663394
Bihar,VAISHALI,2010,Kharif,Mesta,426,7322,17.18779343
Bihar,VAISHALI,2010,Kharif,Moong(Green Gram),37,24,0.648648649
Bihar,VAISHALI,2010,Kharif,Ragi,116,181,1.560344828
Bihar,VAISHALI,2010,Kharif,Sesamum,17,13,0.764705882
Bihar,VAISHALI,2010,Kharif,Small millets,118,93,0.788135593
Bihar,VAISHALI,2010,Kharif,Urad,282,246,0.872340426
Bihar,VAISHALI,2010,Rabi,Barley,18,27,1.5
Bihar,VAISHALI,2010,Rabi,Gram,61,64,1.049180328
Bihar,VAISHALI,2010,Rabi,Khesari,56,55,0.982142857
Bihar,VAISHALI,2010,Rabi,Linseed,26,21,0.807692308
Bihar,VAISHALI,2010,Rabi,Maize,6633,15515,2.339062264
Bihar,VAISHALI,2010,Rabi,Masoor,179,146,0.815642458
Bihar,VAISHALI,2010,Rabi,Other  Rabi pulses,1,1,1
Bihar,VAISHALI,2010,Rabi,Peas & beans (Pulses),39,40,1.025641026
Bihar,VAISHALI,2010,Rabi,Rapeseed &Mustard,2565,2309,0.900194932
Bihar,VAISHALI,2010,Rabi,Sunflower,1,1,1
Bihar,VAISHALI,2010,Rabi,Wheat,47360,157234,3.319974662
Bihar,VAISHALI,2010,Summer,Maize,11235,30858,2.746595461
Bihar,VAISHALI,2010,Summer,Moong(Green Gram),8353,4477,0.535975099
Bihar,VAISHALI,2010,Summer,Rice,157,265,1.687898089
Bihar,VAISHALI,2010,Whole Year,Sugarcane,337,15768,46.78931751
Bihar,VAISHALI,2010,Whole Year,Tobacco,4748,8466,1.783066554
Bihar,VAISHALI,2010,Winter,Rice,33233,22677,0.682363915
Bihar,VAISHALI,2011,Autumn,Maize,13082,20653,1.578734139
Bihar,VAISHALI,2011,Autumn,Rice,7522,11307,1.503190641
Bihar,VAISHALI,2011,Kharif,Arhar/Tur,738,1799,2.437669377
Bihar,VAISHALI,2011,Kharif,Mesta,547,6765,12.36745887
Bihar,VAISHALI,2011,Kharif,Moong(Green Gram),10,6,0.6
Bihar,VAISHALI,2011,Kharif,Ragi,136,236,1.735294118
Bihar,VAISHALI,2011,Kharif,Safflower,21,17,0.80952381
Bihar,VAISHALI,2011,Kharif,Sesamum,32,28,0.875
Bihar,VAISHALI,2011,Kharif,Small millets,309,243,0.786407767
Bihar,VAISHALI,2011,Kharif,Urad,153,138,0.901960784
Bihar,VAISHALI,2011,Rabi,Barley,121,249,2.05785124
Bihar,VAISHALI,2011,Rabi,Gram,4,5,1.25
Bihar,VAISHALI,2011,Rabi,Khesari,83,63,0.759036145
Bihar,VAISHALI,2011,Rabi,Linseed,32,28,0.875
Bihar,VAISHALI,2011,Rabi,Maize,7537,28332,3.759055327
Bihar,VAISHALI,2011,Rabi,Masoor,243,273,1.12345679
Bihar,VAISHALI,2011,Rabi,Other  Rabi pulses,31,34,1.096774194
Bihar,VAISHALI,2011,Rabi,Peas & beans (Pulses),22,23,1.045454545
Bihar,VAISHALI,2011,Rabi,Rapeseed &Mustard,2871,4318,1.504005573
Bihar,VAISHALI,2011,Rabi,Sunflower,12,17,1.416666667
Bihar,VAISHALI,2011,Rabi,Wheat,44757,172444,3.852894519
Bihar,VAISHALI,2011,Summer,Maize,11371,46909,4.125318793
Bihar,VAISHALI,2011,Summer,Moong(Green Gram),7225,2146,0.297024221
Bihar,VAISHALI,2011,Summer,Rice,151,275,1.821192053
Bihar,VAISHALI,2011,Whole Year,Tobacco,5359,10102,1.885053182
Bihar,VAISHALI,2011,Winter,Rice,38432,92937,2.418219192
Bihar,VAISHALI,2012,Autumn,Maize,14160,44684,3.155649718
Bihar,VAISHALI,2012,Autumn,Rice,7820,18287,2.338491049
Bihar,VAISHALI,2012,Kharif,Arhar/Tur,728,1489,2.04532967
Bihar,VAISHALI,2012,Kharif,Mesta,349,1178,3.375358166
Bihar,VAISHALI,2012,Kharif,Moong(Green Gram),34,13,0.382352941
Bihar,VAISHALI,2012,Kharif,Ragi,208,395,1.899038462
Bihar,VAISHALI,2012,Kharif,Sesamum,88,77,0.875
Bihar,VAISHALI,2012,Kharif,Small millets,309,243,0.786407767
Bihar,VAISHALI,2012,Kharif,Urad,309,274,0.886731392
Bihar,VAISHALI,2012,Rabi,Barley,56,86,1.535714286
Bihar,VAISHALI,2012,Rabi,Gram,68,95,1.397058824
Bihar,VAISHALI,2012,Rabi,Khesari,79,62,0.784810127
Bihar,VAISHALI,2012,Rabi,Linseed,46,40,0.869565217
Bihar,VAISHALI,2012,Rabi,Maize,7128,13935,1.95496633
Bihar,VAISHALI,2012,Rabi,Masoor,224,201,0.897321429
Bihar,VAISHALI,2012,Rabi,Peas & beans (Pulses),28,29,1.035714286
Bihar,VAISHALI,2012,Rabi,Rapeseed &Mustard,2948,5560,1.886024423
Bihar,VAISHALI,2012,Rabi,Sunflower,4,6,1.5
Bihar,VAISHALI,2012,Rabi,Wheat,44172,122646,2.776555284
Bihar,VAISHALI,2012,Summer,Maize,11371,64461,5.668894556
Bihar,VAISHALI,2012,Summer,Moong(Green Gram),7225,4508,0.623944637
Bihar,VAISHALI,2012,Summer,Rice,151,427,2.82781457
Bihar,VAISHALI,2012,Whole Year,Sugarcane,398,30949,77.76130653
Bihar,VAISHALI,2012,Whole Year,Tobacco,6272,11854,1.889987245
Bihar,VAISHALI,2012,Winter,Rice,38381,93187,2.427946119
Bihar,VAISHALI,2013,Autumn,Maize,15665,56977,3.637216725
Bihar,VAISHALI,2013,Autumn,Rice,4298,3684,0.857142857
Bihar,VAISHALI,2013,Kharif,Arhar/Tur,646,1205,1.865325077
Bihar,VAISHALI,2013,Kharif,Jute,49,700,14.28571429
Bihar,VAISHALI,2013,Kharif,Mesta,222,1465,6.599099099
Bihar,VAISHALI,2013,Kharif,Moong(Green Gram),15,5,0.333333333
Bihar,VAISHALI,2013,Kharif,Ragi,274,257,0.937956204
Bihar,VAISHALI,2013,Kharif,Sesamum,84,75,0.892857143
Bihar,VAISHALI,2013,Kharif,Small millets,151,119,0.78807947
Bihar,VAISHALI,2013,Kharif,Urad,271,247,0.911439114
Bihar,VAISHALI,2013,Rabi,Barley,19,28,1.473684211
Bihar,VAISHALI,2013,Rabi,Gram,30,34,1.133333333
Bihar,VAISHALI,2013,Rabi,Khesari,36,40,1.111111111
Bihar,VAISHALI,2013,Rabi,Maize,5946,24801,4.171039354
Bihar,VAISHALI,2013,Rabi,Masoor,176,329,1.869318182
Bihar,VAISHALI,2013,Rabi,Other  Rabi pulses,12,12,1
Bihar,VAISHALI,2013,Rabi,Peas & beans (Pulses),11,12,1.090909091
Bihar,VAISHALI,2013,Rabi,Rapeseed &Mustard,3058,4945,1.61706998
Bihar,VAISHALI,2013,Rabi,Wheat,43724,147148,3.365382856
Bihar,VAISHALI,2013,Summer,Maize,11247,60470,5.376544856
Bihar,VAISHALI,2013,Summer,Moong(Green Gram),8117,5487,0.675988666
Bihar,VAISHALI,2013,Summer,Rice,686,1609,2.34548105
Bihar,VAISHALI,2013,Whole Year,Sugarcane,198,10337,52.20707071
Bihar,VAISHALI,2013,Whole Year,Tobacco,6249,11879,1.900944151
Bihar,VAISHALI,2013,Winter,Rice,35229,53367,1.514859917
Bihar,VAISHALI,2014,Autumn,Maize,14063,54235,3.856573988
Bihar,VAISHALI,2014,Autumn,Rice,5925,6254,1.055527426
Bihar,VAISHALI,2014,Kharif,Arhar/Tur,591,1200,2.030456853
Bihar,VAISHALI,2014,Kharif,Jute,17,254,14.94117647
Bihar,VAISHALI,2014,Kharif,Mesta,263,3396,12.91254753
Bihar,VAISHALI,2014,Kharif,Moong(Green Gram),12,7,0.583333333
Bihar,VAISHALI,2014,Kharif,Other Kharif pulses,36,29,0.805555556
Bihar,VAISHALI,2014,Kharif,Ragi,283,356,1.25795053
Bihar,VAISHALI,2014,Kharif,Sannhamp,49,39,0.795918367
Bihar,VAISHALI,2014,Kharif,Sesamum,26,23,0.884615385
Bihar,VAISHALI,2014,Kharif,Small millets,148,117,0.790540541
Bihar,VAISHALI,2014,Kharif,Urad,232,211,0.909482759
Bihar,VAISHALI,2014,Rabi,Barley,37,63,1.702702703
Bihar,VAISHALI,2014,Rabi,Khesari,29,29,1
Bihar,VAISHALI,2014,Rabi,Linseed,33,28,0.848484848
Bihar,VAISHALI,2014,Rabi,Maize,6555,31785,4.848970252
Bihar,VAISHALI,2014,Rabi,Masoor,196,70,0.357142857
Bihar,VAISHALI,2014,Rabi,Other  Rabi pulses,15,15,1
Bihar,VAISHALI,2014,Rabi,Peas & beans (Pulses),19,15,0.789473684
Bihar,VAISHALI,2014,Rabi,Rapeseed &Mustard,3171,6250,1.97098707
Bihar,VAISHALI,2014,Rabi,Sunflower,3,4,1.333333333
Bihar,VAISHALI,2014,Rabi,Wheat,44811,93816,2.093593091
Bihar,VAISHALI,2014,Summer,Maize,11707,45431,3.880669685
Bihar,VAISHALI,2014,Summer,Moong(Green Gram),7797,4039,0.518019751
Bihar,VAISHALI,2014,Summer,Rice,681,1519,2.230543319
Bihar,VAISHALI,2014,Whole Year,Sugarcane,199,10030,50.40201005
Bihar,VAISHALI,2014,Whole Year,Tobacco,5027,8863,1.763079371
Bihar,VAISHALI,2014,Winter,Rice,39578,90475,2.285992218
Chandigarh,CHANDIGARH,1998,Kharif,Arhar/Tur,8,8,1
Chandigarh,CHANDIGARH,1998,Kharif,Maize,380,1330,3.5
Chandigarh,CHANDIGARH,1998,Kharif,Moong(Green Gram),3,3,1
Chandigarh,CHANDIGARH,1998,Kharif,Rice,120,360,3
Chandigarh,CHANDIGARH,1998,Kharif,Urad,12,10,0.833333333
Chandigarh,CHANDIGARH,1998,Rabi,Gram,4,4,1
Chandigarh,CHANDIGARH,1998,Rabi,Masoor,2,3,1.5
Chandigarh,CHANDIGARH,1998,Rabi,Rapeseed &Mustard,120,130,1.083333333
Chandigarh,CHANDIGARH,1998,Rabi,Wheat,880,3960,4.5
Chandigarh,CHANDIGARH,1998,Whole Year,Onion,18,450,25
Chandigarh,CHANDIGARH,1998,Whole Year,Potato,130,3250,25
Chandigarh,CHANDIGARH,1999,Kharif,Arhar/Tur,80,80,1
Chandigarh,CHANDIGARH,1999,Kharif,Maize,325,810,2.492307692
Chandigarh,CHANDIGARH,1999,Kharif,Moong(Green Gram),2,2,1
Chandigarh,CHANDIGARH,1999,Kharif,Rice,80,240,3
Chandigarh,CHANDIGARH,1999,Kharif,Urad,10,8,0.8
Chandigarh,CHANDIGARH,1999,Rabi,Gram,2,2,1
Chandigarh,CHANDIGARH,1999,Rabi,Masoor,2,3,1.5
Chandigarh,CHANDIGARH,1999,Rabi,Rapeseed &Mustard,100,120,1.2
Chandigarh,CHANDIGARH,1999,Rabi,Wheat,800,3600,4.5
Chandigarh,CHANDIGARH,1999,Whole Year,Onion,15,225,15
Chandigarh,CHANDIGARH,1999,Whole Year,Potato,110,2750,25
Chandigarh,CHANDIGARH,2000,Kharif,Arhar/Tur,20,,
Chandigarh,CHANDIGARH,2000,Kharif,Maize,200,500,2.5
Chandigarh,CHANDIGARH,2000,Kharif,Moong(Green Gram),2,2,1
Chandigarh,CHANDIGARH,2000,Kharif,Rice,70,350,5
Chandigarh,CHANDIGARH,2000,Kharif,Urad,10,8,0.8
Chandigarh,CHANDIGARH,2000,Rabi,Gram,1,1,1
Chandigarh,CHANDIGARH,2000,Rabi,Masoor,1,1.5,1.5
Chandigarh,CHANDIGARH,2000,Rabi,Rapeseed &Mustard,80,96,1.2
Chandigarh,CHANDIGARH,2000,Rabi,Wheat,750,3375,4.5
Chandigarh,CHANDIGARH,2000,Whole Year,Onion,12,180,15
Chandigarh,CHANDIGARH,2000,Whole Year,Potato,80,2000,25
Chandigarh,CHANDIGARH,2001,Kharif,Maize,200,450,2.25
Chandigarh,CHANDIGARH,2001,Kharif,Rice,50,250,5
Chandigarh,CHANDIGARH,2001,Kharif,Urad,20,20,1
Chandigarh,CHANDIGARH,2001,Rabi,Masoor,20,25,1.25
Chandigarh,CHANDIGARH,2001,Rabi,Rapeseed &Mustard,70,125,1.785714286
Chandigarh,CHANDIGARH,2001,Rabi,Sunflower,5,13,2.6
Chandigarh,CHANDIGARH,2001,Rabi,Wheat,750,3350,4.466666667
Chandigarh,CHANDIGARH,2001,Whole Year,Onion,25,375,15
Chandigarh,CHANDIGARH,2001,Whole Year,Potato,80,2000,25
Chandigarh,CHANDIGARH,2002,Kharif,Maize,200,450,2.25
Chandigarh,CHANDIGARH,2002,Kharif,Rice,140,700,5
Chandigarh,CHANDIGARH,2002,Kharif,Urad,5,5,1
Chandigarh,CHANDIGARH,2002,Rabi,Rapeseed &Mustard,30,50,1.666666667
Chandigarh,CHANDIGARH,2002,Rabi,Sunflower,5,15,3
Chandigarh,CHANDIGARH,2002,Rabi,Wheat,700,3315,4.735714286
Chandigarh,CHANDIGARH,2002,Whole Year,Onion,3,95,31.66666667
Chandigarh,CHANDIGARH,2002,Whole Year,Potato,50,1300,26
Chandigarh,CHANDIGARH,2003,Kharif,Maize,100,200,2
Chandigarh,CHANDIGARH,2003,Kharif,Rice,100,500,5
Chandigarh,CHANDIGARH,2003,Rabi,Wheat,650,3000,4.615384615
Chandigarh,CHANDIGARH,2003,Whole Year,Onion,6,105,17.5
Chandigarh,CHANDIGARH,2003,Whole Year,Potato,40,800,20
Chandigarh,CHANDIGARH,2004,Kharif,Maize,60,120,2
Chandigarh,CHANDIGARH,2004,Kharif,Rice,80,400,5
Chandigarh,CHANDIGARH,2004,Rabi,Wheat,600,2400,4
Chandigarh,CHANDIGARH,2004,Whole Year,Onion,5,85,17
Chandigarh,CHANDIGARH,2004,Whole Year,Potato,25,450,18
Chandigarh,CHANDIGARH,2005,Kharif,Maize,20,40,2
Chandigarh,CHANDIGARH,2005,Kharif,Rice,50,250,5
Chandigarh,CHANDIGARH,2005,Rabi,Wheat,600,2750,4.583333333
Chandigarh,CHANDIGARH,2005,Whole Year,Onion,5,85,17
Chandigarh,CHANDIGARH,2005,Whole Year,Potato,20,360,18
Chandigarh,CHANDIGARH,2006,Kharif,Maize,20,40,2
Chandigarh,CHANDIGARH,2006,Kharif,Rice,50,250,5
Chandigarh,CHANDIGARH,2006,Rabi,Wheat,600,2800,4.666666667
Chandigarh,CHANDIGARH,2006,Whole Year,Onion,4,68,17
Chandigarh,CHANDIGARH,2006,Whole Year,Potato,10,160,16
Chandigarh,CHANDIGARH,2007,Kharif,Maize,20,40,2
Chandigarh,CHANDIGARH,2007,Kharif,Rice,50,250,5
Chandigarh,CHANDIGARH,2007,Rabi,Wheat,600,2800,4.666666667
Chandigarh,CHANDIGARH,2007,Whole Year,Onion,2,35,17.5
Chandigarh,CHANDIGARH,2007,Whole Year,Potato,10,170,17
Chandigarh,CHANDIGARH,2008,Kharif,Maize,60,125,2.083333333
Chandigarh,CHANDIGARH,2008,Kharif,Rice,20,100,5
Chandigarh,CHANDIGARH,2008,Rabi,Wheat,600,2700,4.5
Chandigarh,CHANDIGARH,2008,Whole Year,Onion,4,70,17.5
Chandigarh,CHANDIGARH,2008,Whole Year,Potato,10,200,20
Chandigarh,CHANDIGARH,2009,Kharif,Maize,30,65,2.166666667
Chandigarh,CHANDIGARH,2009,Kharif,Rice,20,100,5
Chandigarh,CHANDIGARH,2009,Rabi,Wheat,600,2700,4.5
Chandigarh,CHANDIGARH,2009,Whole Year,Onion,3,55,18.33333333
Chandigarh,CHANDIGARH,2009,Whole Year,Potato,9,175,19.44444444
Chandigarh,CHANDIGARH,2010,Kharif,Maize,25,55,2.2
Chandigarh,CHANDIGARH,2010,Kharif,Rice,20,103,5.15
Chandigarh,CHANDIGARH,2010,Rabi,Wheat,600,2715,4.525
Chandigarh,CHANDIGARH,2010,Whole Year,Onion,3,56,18.66666667
Chandigarh,CHANDIGARH,2010,Whole Year,Potato,9,180,20
Chhattisgarh,BALOD,2011,Kharif,Arhar/Tur,607,290,0.477759473
Chhattisgarh,BALOD,2011,Kharif,Horse-gram,288,102,0.354166667
Chhattisgarh,BALOD,2011,Kharif,Jowar,11,8,0.727272727
Chhattisgarh,BALOD,2011,Kharif,Maize,125,149,1.192
Chhattisgarh,BALOD,2011,Kharif,Mesta,8,15,1.875
Chhattisgarh,BALOD,2011,Kharif,Moong(Green Gram),46,12,0.260869565
Chhattisgarh,BALOD,2011,Kharif,Other Kharif pulses,218,1,0.004587156
Chhattisgarh,BALOD,2011,Kharif,Ragi,4,1,0.25
Chhattisgarh,BALOD,2011,Kharif,Rice,177115,327525,1.849222257
Chhattisgarh,BALOD,2011,Kharif,Sesamum,291,111,0.381443299
Chhattisgarh,BALOD,2011,Kharif,Small millets,1448,203,0.14019337
Chhattisgarh,BALOD,2011,Kharif,Soyabean,136,101,0.742647059
Chhattisgarh,BALOD,2011,Kharif,Sunflower,37,36,0.972972973
Chhattisgarh,BALOD,2011,Kharif,Urad,1261,383,0.303727201
Chhattisgarh,BALOD,2011,Rabi,Barley,3,3,1
Chhattisgarh,BALOD,2011,Rabi,Gram,7467,8088,1.08316593
Chhattisgarh,BALOD,2011,Rabi,Horse-gram,66,19,0.287878788
Chhattisgarh,BALOD,2011,Rabi,Khesari,50711,26666,0.525842519
Chhattisgarh,BALOD,2011,Rabi,Linseed,4365,1573,0.360366552
Chhattisgarh,BALOD,2011,Rabi,Masoor,797,138,0.17314931
Chhattisgarh,BALOD,2011,Rabi,Moong(Green Gram),185,50,0.27027027
Chhattisgarh,BALOD,2011,Rabi,Other  Rabi pulses,838,3,0.003579952
Chhattisgarh,BALOD,2011,Rabi,Peas & beans (Pulses),473,157,0.33192389
Chhattisgarh,BALOD,2011,Rabi,Rapeseed &Mustard,1154,464,0.402079723
Chhattisgarh,BALOD,2011,Rabi,Safflower,15,4,0.266666667
Chhattisgarh,BALOD,2011,Rabi,Urad,1088,267,0.245404412
Chhattisgarh,BALOD,2011,Rabi,Wheat,3664,3863,1.054312227
Chhattisgarh,BALOD,2011,Whole Year,Banana,16,488,30.5
Chhattisgarh,BALOD,2011,Whole Year,Coriander,284,78,0.274647887
Chhattisgarh,BALOD,2011,Whole Year,Dry chillies,25,27,1.08
Chhattisgarh,BALOD,2011,Whole Year,Dry ginger,1,1,1
Chhattisgarh,BALOD,2011,Whole Year,Onion,10,38,3.8
Chhattisgarh,BALOD,2011,Whole Year,Sannhamp,1,2,2
Chhattisgarh,BALOD,2011,Whole Year,Sugarcane,42,504,12
Chhattisgarh,BALOD,2011,Whole Year,Sweet potato,7,43,6.142857143
Chhattisgarh,BALOD,2012,Kharif,Arhar/Tur,571,304,0.532399299
Chhattisgarh,BALOD,2012,Kharif,Horse-gram,274,90,0.328467153
Chhattisgarh,BALOD,2012,Kharif,Jowar,12,7,0.583333333
Chhattisgarh,BALOD,2012,Kharif,Maize,121,170,1.404958678
Chhattisgarh,BALOD,2012,Kharif,Mesta,14,28,2
Chhattisgarh,BALOD,2012,Kharif,Moong(Green Gram),32,7,0.21875
Chhattisgarh,BALOD,2012,Kharif,Niger seed,5,1,0.2
Chhattisgarh,BALOD,2012,Kharif,Other Kharif pulses,92,29,0.315217391
Chhattisgarh,BALOD,2012,Kharif,Ragi,7,2,0.285714286
Chhattisgarh,BALOD,2012,Kharif,Rice,177182,357486,2.0176203
Chhattisgarh,BALOD,2012,Kharif,Sesamum,271,73,0.269372694
Chhattisgarh,BALOD,2012,Kharif,Small millets,1333,318,0.23855964
Chhattisgarh,BALOD,2012,Kharif,Soyabean,121,137,1.132231405
Chhattisgarh,BALOD,2012,Kharif,Sunflower,17,10,0.588235294
Chhattisgarh,BALOD,2012,Kharif,Urad,1296,400,0.308641975
Chhattisgarh,BALOD,2012,Rabi,Gram,7910,9623,1.216561315
Chhattisgarh,BALOD,2012,Rabi,Horse-gram,74,18,0.243243243
Chhattisgarh,BALOD,2012,Rabi,Khesari,50638,21034,0.415379754
Chhattisgarh,BALOD,2012,Rabi,Linseed,4276,1707,0.399204864
Chhattisgarh,BALOD,2012,Rabi,Masoor,776,224,0.288659794
Chhattisgarh,BALOD,2012,Rabi,Moong(Green Gram),168,39,0.232142857
Chhattisgarh,BALOD,2012,Rabi,Other  Rabi pulses,39,12,0.307692308
Chhattisgarh,BALOD,2012,Rabi,Peas & beans (Pulses),473,136,0.287526427
Chhattisgarh,BALOD,2012,Rabi,Rapeseed &Mustard,1118,459,0.410554562
Chhattisgarh,BALOD,2012,Rabi,Safflower,111,24,0.216216216
Chhattisgarh,BALOD,2012,Rabi,Urad,1125,240,0.213333333
Chhattisgarh,BALOD,2012,Rabi,Wheat,3572,3271,0.915733483
Chhattisgarh,BALOD,2012,Whole Year,Banana,9,155,17.22222222
Chhattisgarh,BALOD,2012,Whole Year,Coriander,233,62,0.266094421
Chhattisgarh,BALOD,2012,Whole Year,Dry chillies,18,22,1.222222222
Chhattisgarh,BALOD,2012,Whole Year,Onion,5,12,2.4
Chhattisgarh,BALOD,2012,Whole Year,Sugarcane,233,607,2.605150215
Chhattisgarh,BALOD,2012,Whole Year,Sweet potato,10,63,6.3
Chhattisgarh,BALOD,2012,Whole Year,Turmeric,1,1,1
Chhattisgarh,BALOD,2013,Kharif,Arhar/Tur,547,264,0.482632541
Chhattisgarh,BALOD,2013,Kharif,Horse-gram,254,86,0.338582677
Chhattisgarh,BALOD,2013,Kharif,Maize,258,415,1.608527132
Chhattisgarh,BALOD,2013,Kharif,Mesta,16,35,2.1875
Chhattisgarh,BALOD,2013,Kharif,Moong(Green Gram),43,10,0.23255814
Chhattisgarh,BALOD,2013,Kharif,Other Kharif pulses,141,,
Chhattisgarh,BALOD,2013,Kharif,Ragi,7,2,0.285714286
Chhattisgarh,BALOD,2013,Kharif,Rice,181677,291899,1.606692096
Chhattisgarh,BALOD,2013,Kharif,Sesamum,244,61,0.25
Chhattisgarh,BALOD,2013,Kharif,Small millets,1251,239,0.191047162
Chhattisgarh,BALOD,2013,Kharif,Soyabean,141,119,0.843971631
Chhattisgarh,BALOD,2013,Kharif,Sunflower,65,37,0.569230769
Chhattisgarh,BALOD,2013,Kharif,Urad,1288,378,0.293478261
Chhattisgarh,BALOD,2013,Rabi,Gram,7881,6427,0.815505646
Chhattisgarh,BALOD,2013,Rabi,Horse-gram,69,17,0.246376812
Chhattisgarh,BALOD,2013,Rabi,Khesari,47612,19811,0.416092582
Chhattisgarh,BALOD,2013,Rabi,Linseed,3800,1157,0.304473684
Chhattisgarh,BALOD,2013,Rabi,Masoor,752,222,0.295212766
Chhattisgarh,BALOD,2013,Rabi,Moong(Green Gram),141,29,0.205673759
Chhattisgarh,BALOD,2013,Rabi,Other  Rabi pulses,1,1,1
Chhattisgarh,BALOD,2013,Rabi,Peas & beans (Pulses),429,126,0.293706294
Chhattisgarh,BALOD,2013,Rabi,Rapeseed &Mustard,903,414,0.458471761
Chhattisgarh,BALOD,2013,Rabi,Safflower,1,,
Chhattisgarh,BALOD,2013,Rabi,Urad,963,209,0.217030114
Chhattisgarh,BALOD,2013,Rabi,Wheat,3329,2895,0.86963052
Chhattisgarh,BALOD,2013,Whole Year,Banana,15,357,23.8
Chhattisgarh,BALOD,2013,Whole Year,Coriander,249,66,0.265060241
Chhattisgarh,BALOD,2013,Whole Year,Dry chillies,33,38,1.151515152
Chhattisgarh,BALOD,2013,Whole Year,Jowar,10,5,0.5
Chhattisgarh,BALOD,2013,Whole Year,Onion,7,45,6.428571429
Chhattisgarh,BALOD,2013,Whole Year,Sugarcane,266,681,2.560150376
Chhattisgarh,BALOD,2013,Whole Year,Sweet potato,6,38,6.333333333
Chhattisgarh,BALOD,2013,Whole Year,Turmeric,1,1,1
Chhattisgarh,BALOD,2014,Kharif,Arhar/Tur,519,300,0.578034682
Chhattisgarh,BALOD,2014,Kharif,Horse-gram,266,83,0.312030075
Chhattisgarh,BALOD,2014,Kharif,Maize,259,315,1.216216216
Chhattisgarh,BALOD,2014,Kharif,Mesta,13,22,1.692307692
Chhattisgarh,BALOD,2014,Kharif,Moong(Green Gram),34,8,0.235294118
Chhattisgarh,BALOD,2014,Kharif,Other Kharif pulses,231,84,0.363636364
Chhattisgarh,BALOD,2014,Kharif,Ragi,9,2,0.222222222
Chhattisgarh,BALOD,2014,Kharif,Rice,183795,348670,1.897059224
Chhattisgarh,BALOD,2014,Kharif,Sesamum,229,81,0.35371179
Chhattisgarh,BALOD,2014,Kharif,Small millets,1225,270,0.220408163
Chhattisgarh,BALOD,2014,Kharif,Soyabean,127,74,0.582677165
Chhattisgarh,BALOD,2014,Kharif,Sunflower,61,30,0.491803279
Chhattisgarh,BALOD,2014,Kharif,Urad,1324,348,0.262839879
Chhattisgarh,BALOD,2014,Rabi,Gram,8000,10603,1.325375
Chhattisgarh,BALOD,2014,Rabi,Horse-gram,56,14,0.25
Chhattisgarh,BALOD,2014,Rabi,Khesari,46725,34171,0.731321562
Chhattisgarh,BALOD,2014,Rabi,Linseed,3760,1313,0.349202128
Chhattisgarh,BALOD,2014,Rabi,Masoor,705,241,0.341843972
Chhattisgarh,BALOD,2014,Rabi,Moong(Green Gram),149,43,0.288590604
Chhattisgarh,BALOD,2014,Rabi,Other  Rabi pulses,1,,
Chhattisgarh,BALOD,2014,Rabi,Peas & beans (Pulses),395,129,0.326582278
Chhattisgarh,BALOD,2014,Rabi,Rapeseed &Mustard,1019,439,0.430814524
Chhattisgarh,BALOD,2014,Rabi,Safflower,14,4,0.285714286
Chhattisgarh,BALOD,2014,Rabi,Urad,948,229,0.241561181
Chhattisgarh,BALOD,2014,Rabi,Wheat,3532,4382,1.240656852
Chhattisgarh,BALOD,2014,Whole Year,Banana,15,429,28.6
Chhattisgarh,BALOD,2014,Whole Year,Coriander,306,83,0.27124183
Chhattisgarh,BALOD,2014,Whole Year,Dry chillies,29,8,0.275862069
Chhattisgarh,BALOD,2014,Whole Year,Jowar,11,7,0.636363636
Chhattisgarh,BALOD,2014,Whole Year,Onion,5,55,11
Chhattisgarh,BALOD,2014,Whole Year,Sugarcane,354,1149,3.245762712
Chhattisgarh,BALOD,2014,Whole Year,Sweet potato,1,6,6
Chhattisgarh,BALOD,2014,Whole Year,Turmeric,2,2,1
Chhattisgarh,BALODA BAZAR,2011,Kharif,Arhar/Tur,1492,474,0.31769437
Chhattisgarh,BALODA BAZAR,2011,Kharif,Castor seed,3,1,0.333333333
Chhattisgarh,BALODA BAZAR,2011,Kharif,Groundnut,469,619,1.319829424
Chhattisgarh,BALODA BAZAR,2011,Kharif,Horse-gram,138,47,0.34057971
Chhattisgarh,BALODA BAZAR,2011,Kharif,Jowar,4,3,0.75
Chhattisgarh,BALODA BAZAR,2011,Kharif,Maize,143,156,1.090909091
Chhattisgarh,BALODA BAZAR,2011,Kharif,Mesta,17,,
Chhattisgarh,BALODA BAZAR,2011,Kharif,Moong(Green Gram),149,32,0.214765101
Chhattisgarh,BALODA BAZAR,2011,Kharif,Other Kharif pulses,129,41,0.317829457
Chhattisgarh,BALODA BAZAR,2011,Kharif,Rice,225302,264652,1.174654464
Chhattisgarh,BALODA BAZAR,2011,Kharif,Sesamum,876,289,0.329908676
Chhattisgarh,BALODA BAZAR,2011,Kharif,Small millets,409,49,0.119804401
Chhattisgarh,BALODA BAZAR,2011,Kharif,Soyabean,215,196,0.911627907
Chhattisgarh,BALODA BAZAR,2011,Kharif,Sunflower,73,34,0.465753425
Chhattisgarh,BALODA BAZAR,2011,Kharif,Urad,1732,543,0.313510393
Chhattisgarh,BALODA BAZAR,2011,Rabi,Gram,2689,2768,1.029378951
Chhattisgarh,BALODA BAZAR,2011,Rabi,Horse-gram,3,2,0.666666667
Chhattisgarh,BALODA BAZAR,2011,Rabi,Khesari,34971,16005,0.457664922
Chhattisgarh,BALODA BAZAR,2011,Rabi,Linseed,116,43,0.370689655
Chhattisgarh,BALODA BAZAR,2011,Rabi,Masoor,847,303,0.357733176
Chhattisgarh,BALODA BAZAR,2011,Rabi,Moong(Green Gram),16,3,0.1875
Chhattisgarh,BALODA BAZAR,2011,Rabi,Other  Rabi pulses,110,35,0.318181818
Chhattisgarh,BALODA BAZAR,2011,Rabi,Peas & beans (Pulses),1787,628,0.351426973
Chhattisgarh,BALODA BAZAR,2011,Rabi,Potato,21,155,7.380952381
Chhattisgarh,BALODA BAZAR,2011,Rabi,Rapeseed &Mustard,478,228,0.476987448
Chhattisgarh,BALODA BAZAR,2011,Rabi,Safflower,67,17,0.253731343
Chhattisgarh,BALODA BAZAR,2011,Rabi,Urad,7,2,0.285714286
Chhattisgarh,BALODA BAZAR,2011,Rabi,Wheat,4427,7527,1.700248475
Chhattisgarh,BALODA BAZAR,2011,Whole Year,Banana,14,562,40.14285714
Chhattisgarh,BALODA BAZAR,2011,Whole Year,Coriander,128,61,0.4765625
Chhattisgarh,BALODA BAZAR,2011,Whole Year,Dry chillies,479,437,0.912317328
Chhattisgarh,BALODA BAZAR,2011,Whole Year,Dry ginger,25,33,1.32
Chhattisgarh,BALODA BAZAR,2011,Whole Year,Garlic,7,18,2.571428571
Chhattisgarh,BALODA BAZAR,2011,Whole Year,Onion,310,1336,4.309677419
Chhattisgarh,BALODA BAZAR,2011,Whole Year,Sannhamp,8,48,6
Chhattisgarh,BALODA BAZAR,2011,Whole Year,Sugarcane,25,192,7.68
Chhattisgarh,BALODA BAZAR,2011,Whole Year,Sweet potato,62,303,4.887096774
Chhattisgarh,BALODA BAZAR,2011,Whole Year,Turmeric,34,74,2.176470588
Chhattisgarh,BALODA BAZAR,2012,Kharif,Arhar/Tur,1430,600,0.41958042
Chhattisgarh,BALODA BAZAR,2012,Kharif,Groundnut,466,584,1.253218884
Chhattisgarh,BALODA BAZAR,2012,Kharif,Horse-gram,123,42,0.341463415
Chhattisgarh,BALODA BAZAR,2012,Kharif,Jowar,100,53,0.53
Chhattisgarh,BALODA BAZAR,2012,Kharif,Maize,106,171,1.613207547
Chhattisgarh,BALODA BAZAR,2012,Kharif,Mesta,29,72,2.482758621
Chhattisgarh,BALODA BAZAR,2012,Kharif,Moong(Green Gram),136,37,0.272058824
Chhattisgarh,BALODA BAZAR,2012,Kharif,Other Kharif pulses,151,60,0.397350993
Chhattisgarh,BALODA BAZAR,2012,Kharif,Rice,222135,382025,1.719787517
Chhattisgarh,BALODA BAZAR,2012,Kharif,Sesamum,828,251,0.303140097
Chhattisgarh,BALODA BAZAR,2012,Kharif,Small millets,380,60,0.157894737
Chhattisgarh,BALODA BAZAR,2012,Kharif,Soyabean,258,499,1.934108527
Chhattisgarh,BALODA BAZAR,2012,Kharif,Sunflower,59,28,0.474576271
Chhattisgarh,BALODA BAZAR,2012,Kharif,Urad,1923,819,0.425897036
Chhattisgarh,BALODA BAZAR,2012,Rabi,Gram,2612,3487,1.334992343
Chhattisgarh,BALODA BAZAR,2012,Rabi,Horse-gram,3,1,0.333333333
Chhattisgarh,BALODA BAZAR,2012,Rabi,Khesari,35217,17320,0.491807934
Chhattisgarh,BALODA BAZAR,2012,Rabi,Linseed,124,59,0.475806452
Chhattisgarh,BALODA BAZAR,2012,Rabi,Masoor,923,390,0.422535211
Chhattisgarh,BALODA BAZAR,2012,Rabi,Moong(Green Gram),12,3,0.25
Chhattisgarh,BALODA BAZAR,2012,Rabi,Other  Rabi pulses,99,38,0.383838384
Chhattisgarh,BALODA BAZAR,2012,Rabi,Peas & beans (Pulses),1888,798,0.422669492
Chhattisgarh,BALODA BAZAR,2012,Rabi,Potato,18,175,9.722222222
Chhattisgarh,BALODA BAZAR,2012,Rabi,Rapeseed &Mustard,504,258,0.511904762
Chhattisgarh,BALODA BAZAR,2012,Rabi,Safflower,49,13,0.265306122
Chhattisgarh,BALODA BAZAR,2012,Rabi,Urad,5,2,0.4
Chhattisgarh,BALODA BAZAR,2012,Rabi,Wheat,4299,8080,1.879506862
Chhattisgarh,BALODA BAZAR,2012,Whole Year,Banana,14,161,11.5
Chhattisgarh,BALODA BAZAR,2012,Whole Year,Coriander,122,54,0.442622951
Chhattisgarh,BALODA BAZAR,2012,Whole Year,Dry chillies,369,350,0.948509485
Chhattisgarh,BALODA BAZAR,2012,Whole Year,Dry ginger,23,32,1.391304348
Chhattisgarh,BALODA BAZAR,2012,Whole Year,Garlic,5,13,2.6
Chhattisgarh,BALODA BAZAR,2012,Whole Year,Onion,184,596,3.239130435
Chhattisgarh,BALODA BAZAR,2012,Whole Year,Sannhamp,8,3,0.375
Chhattisgarh,BALODA BAZAR,2012,Whole Year,Sugarcane,34,114,3.352941176
Chhattisgarh,BALODA BAZAR,2012,Whole Year,Sweet potato,57,278,4.877192982
Chhattisgarh,BALODA BAZAR,2012,Whole Year,Turmeric,29,58,2
Chhattisgarh,BALODA BAZAR,2013,Kharif,Arhar/Tur,1486,560,0.376850606
Chhattisgarh,BALODA BAZAR,2013,Kharif,Groundnut,458,599,1.307860262
Chhattisgarh,BALODA BAZAR,2013,Kharif,Horse-gram,120,45,0.375
Chhattisgarh,BALODA BAZAR,2013,Kharif,Maize,86,150,1.744186047
Chhattisgarh,BALODA BAZAR,2013,Kharif,Mesta,28,70,2.5
Chhattisgarh,BALODA BAZAR,2013,Kharif,Moong(Green Gram),149,37,0.248322148
Chhattisgarh,BALODA BAZAR,2013,Kharif,Other Kharif pulses,128,352,2.75
Chhattisgarh,BALODA BAZAR,2013,Kharif,Rice,223120,324941,1.456350843
Chhattisgarh,BALODA BAZAR,2013,Kharif,Sannhamp,9,4,0.444444444
Chhattisgarh,BALODA BAZAR,2013,Kharif,Sesamum,817,218,0.266829865
Chhattisgarh,BALODA BAZAR,2013,Kharif,Small millets,353,57,0.161473088
Chhattisgarh,BALODA BAZAR,2013,Kharif,Soyabean,209,339,1.622009569
Chhattisgarh,BALODA BAZAR,2013,Kharif,Sunflower,60,,
Chhattisgarh,BALODA BAZAR,2013,Kharif,Urad,1874,705,0.37620064
Chhattisgarh,BALODA BAZAR,2013,Rabi,Gram,2994,2987,0.997661991
Chhattisgarh,BALODA BAZAR,2013,Rabi,Horse-gram,3,1,0.333333333
Chhattisgarh,BALODA BAZAR,2013,Rabi,Khesari,35758,19450,0.543934225
Chhattisgarh,BALODA BAZAR,2013,Rabi,Linseed,198,85,0.429292929
Chhattisgarh,BALODA BAZAR,2013,Rabi,Masoor,883,345,0.390713477
Chhattisgarh,BALODA BAZAR,2013,Rabi,Moong(Green Gram),13,2,0.153846154
Chhattisgarh,BALODA BAZAR,2013,Rabi,Other  Rabi pulses,108,153,1.416666667
Chhattisgarh,BALODA BAZAR,2013,Rabi,Peas & beans (Pulses),2073,809,0.390255668
Chhattisgarh,BALODA BAZAR,2013,Rabi,Potato,15,143,9.533333333
Chhattisgarh,BALODA BAZAR,2013,Rabi,Rapeseed &Mustard,421,245,0.581947743
Chhattisgarh,BALODA BAZAR,2013,Rabi,Safflower,82,20,0.243902439
Chhattisgarh,BALODA BAZAR,2013,Rabi,Urad,5,1,0.2
Chhattisgarh,BALODA BAZAR,2013,Rabi,Wheat,4523,7987,1.765863365
Chhattisgarh,BALODA BAZAR,2013,Whole Year,Banana,11,562,51.09090909
Chhattisgarh,BALODA BAZAR,2013,Whole Year,Coriander,105,50,0.476190476
Chhattisgarh,BALODA BAZAR,2013,Whole Year,Dry chillies,401,306,0.763092269
Chhattisgarh,BALODA BAZAR,2013,Whole Year,Dry ginger,23,35,1.52173913
Chhattisgarh,BALODA BAZAR,2013,Whole Year,Garlic,5,15,3
Chhattisgarh,BALODA BAZAR,2013,Whole Year,Jowar,3,2,0.666666667
Chhattisgarh,BALODA BAZAR,2013,Whole Year,Onion,197,1391,7.060913706
Chhattisgarh,BALODA BAZAR,2013,Whole Year,Sugarcane,54,190,3.518518519
Chhattisgarh,BALODA BAZAR,2013,Whole Year,Sweet potato,67,357,5.328358209
Chhattisgarh,BALODA BAZAR,2013,Whole Year,Turmeric,33,66,2
Chhattisgarh,BALODA BAZAR,2014,Kharif,Arhar/Tur,1292,613,0.474458204
Chhattisgarh,BALODA BAZAR,2014,Kharif,Bajra,7,5,0.714285714
Chhattisgarh,BALODA BAZAR,2014,Kharif,Groundnut,482,679,1.408713693
Chhattisgarh,BALODA BAZAR,2014,Kharif,Horse-gram,88,30,0.340909091
Chhattisgarh,BALODA BAZAR,2014,Kharif,Maize,79,134,1.696202532
Chhattisgarh,BALODA BAZAR,2014,Kharif,Mesta,17,40,2.352941176
Chhattisgarh,BALODA BAZAR,2014,Kharif,Moong(Green Gram),128,34,0.265625
Chhattisgarh,BALODA BAZAR,2014,Kharif,Other Kharif pulses,160,62,0.3875
Chhattisgarh,BALODA BAZAR,2014,Kharif,Rice,238360,383684,1.609682833
Chhattisgarh,BALODA BAZAR,2014,Kharif,Sannhamp,12,5,0.416666667
Chhattisgarh,BALODA BAZAR,2014,Kharif,Sesamum,815,333,0.408588957
Chhattisgarh,BALODA BAZAR,2014,Kharif,Small millets,322,58,0.180124224
Chhattisgarh,BALODA BAZAR,2014,Kharif,Soyabean,262,293,1.118320611
Chhattisgarh,BALODA BAZAR,2014,Kharif,Sunflower,38,14,0.368421053
Chhattisgarh,BALODA BAZAR,2014,Kharif,Urad,1688,740,0.438388626
Chhattisgarh,BALODA BAZAR,2014,Rabi,Gram,2833,4319,1.524532298
Chhattisgarh,BALODA BAZAR,2014,Rabi,Horse-gram,3,1,0.333333333
Chhattisgarh,BALODA BAZAR,2014,Rabi,Khesari,30120,32323,1.07314077
Chhattisgarh,BALODA BAZAR,2014,Rabi,Linseed,172,80,0.465116279
Chhattisgarh,BALODA BAZAR,2014,Rabi,Masoor,863,393,0.455388181
Chhattisgarh,BALODA BAZAR,2014,Rabi,Moong(Green Gram),15,3,0.2
Chhattisgarh,BALODA BAZAR,2014,Rabi,Other  Rabi pulses,139,50,0.35971223
Chhattisgarh,BALODA BAZAR,2014,Rabi,Peas & beans (Pulses),1908,869,0.455450734
Chhattisgarh,BALODA BAZAR,2014,Rabi,Potato,15,135,9
Chhattisgarh,BALODA BAZAR,2014,Rabi,Rapeseed &Mustard,515,293,0.568932039
Chhattisgarh,BALODA BAZAR,2014,Rabi,Safflower,91,27,0.296703297
Chhattisgarh,BALODA BAZAR,2014,Rabi,Urad,7,3,0.428571429
Chhattisgarh,BALODA BAZAR,2014,Rabi,Wheat,4172,9042,2.167305849
Chhattisgarh,BALODA BAZAR,2014,Whole Year,Banana,9,394,43.77777778
Chhattisgarh,BALODA BAZAR,2014,Whole Year,Coriander,116,55,0.474137931
Chhattisgarh,BALODA BAZAR,2014,Whole Year,Dry chillies,384,196,0.510416667
Chhattisgarh,BALODA BAZAR,2014,Whole Year,Dry ginger,27,41,1.518518519
Chhattisgarh,BALODA BAZAR,2014,Whole Year,Garlic,6,17,2.833333333
Chhattisgarh,BALODA BAZAR,2014,Whole Year,Jowar,1,1,1
Chhattisgarh,BALODA BAZAR,2014,Whole Year,Onion,150,1293,8.62
Chhattisgarh,BALODA BAZAR,2014,Whole Year,Sugarcane,60,215,3.583333333
Chhattisgarh,BALODA BAZAR,2014,Whole Year,Sweet potato,28,162,5.785714286
Chhattisgarh,BALODA BAZAR,2014,Whole Year,Turmeric,27,58,2.148148148
Chhattisgarh,BALRAMPUR,2011,Kharif,Arhar/Tur,8362,3652,0.436737623
Chhattisgarh,BALRAMPUR,2011,Kharif,Cotton(lint),6,1,0.166666667
Chhattisgarh,BALRAMPUR,2011,Kharif,Groundnut,1467,1846,1.258350375
Chhattisgarh,BALRAMPUR,2011,Kharif,Horse-gram,2742,661,0.241064916
Chhattisgarh,BALRAMPUR,2011,Kharif,Jowar,732,478,0.653005464
Chhattisgarh,BALRAMPUR,2011,Kharif,Jute,18,,
Chhattisgarh,BALRAMPUR,2011,Kharif,Maize,18265,25481,1.395072543
Chhattisgarh,BALRAMPUR,2011,Kharif,Mesta,120,227,1.891666667
Chhattisgarh,BALRAMPUR,2011,Kharif,Moong(Green Gram),26,5,0.192307692
Chhattisgarh,BALRAMPUR,2011,Kharif,Niger seed,12779,1995,0.156115502
Chhattisgarh,BALRAMPUR,2011,Kharif,Other Kharif pulses,337,80,0.237388724
Chhattisgarh,BALRAMPUR,2011,Kharif,Potato,129,631,4.891472868
Chhattisgarh,BALRAMPUR,2011,Kharif,Ragi,315,4,0.012698413
Chhattisgarh,BALRAMPUR,2011,Kharif,Rice,81931,112272,1.370323809
Chhattisgarh,BALRAMPUR,2011,Kharif,Sesamum,3153,1126,0.357120203
Chhattisgarh,BALRAMPUR,2011,Kharif,Small millets,14219,3719,0.261551445
Chhattisgarh,BALRAMPUR,2011,Kharif,Soyabean,56,40,0.714285714
Chhattisgarh,BALRAMPUR,2011,Kharif,Sunflower,14,4,0.285714286
Chhattisgarh,BALRAMPUR,2011,Kharif,Urad,4804,1302,0.271024147
Chhattisgarh,BALRAMPUR,2011,Rabi,Barley,1397,1050,0.751610594
Chhattisgarh,BALRAMPUR,2011,Rabi,Gram,979,859,0.877425945
Chhattisgarh,BALRAMPUR,2011,Rabi,Linseed,4146,1659,0.400144718
Chhattisgarh,BALRAMPUR,2011,Rabi,Masoor,529,172,0.325141777
Chhattisgarh,BALRAMPUR,2011,Rabi,Moong(Green Gram),8,6,0.75
Chhattisgarh,BALRAMPUR,2011,Rabi,Other  Rabi pulses,5,1,0.2
Chhattisgarh,BALRAMPUR,2011,Rabi,Peas & beans (Pulses),823,297,0.360874848
Chhattisgarh,BALRAMPUR,2011,Rabi,Potato,1503,7611,5.063872255
Chhattisgarh,BALRAMPUR,2011,Rabi,Rapeseed &Mustard,8619,3592,0.416753684
Chhattisgarh,BALRAMPUR,2011,Rabi,Wheat,9095,11280,1.240241891
Chhattisgarh,BALRAMPUR,2011,Whole Year,Banana,14,393,28.07142857
Chhattisgarh,BALRAMPUR,2011,Whole Year,Coriander,292,53,0.181506849
Chhattisgarh,BALRAMPUR,2011,Whole Year,Dry chillies,262,252,0.961832061
Chhattisgarh,BALRAMPUR,2011,Whole Year,Dry ginger,259,300,1.158301158
Chhattisgarh,BALRAMPUR,2011,Whole Year,Garlic,166,490,2.951807229
Chhattisgarh,BALRAMPUR,2011,Whole Year,Onion,453,2179,4.810154525
Chhattisgarh,BALRAMPUR,2011,Whole Year,Sannhamp,199,360,1.809045226
Chhattisgarh,BALRAMPUR,2011,Whole Year,Sugarcane,117,1535,13.11965812
Chhattisgarh,BALRAMPUR,2011,Whole Year,Sweet potato,421,1902,4.517814727
Chhattisgarh,BALRAMPUR,2011,Whole Year,Tobacco,3,1,0.333333333
Chhattisgarh,BALRAMPUR,2011,Whole Year,Turmeric,105,103,0.980952381
Chhattisgarh,BALRAMPUR,2012,Kharif,Arhar/Tur,8566,5724,0.668223208
Chhattisgarh,BALRAMPUR,2012,Kharif,Cotton(lint),6,6,1
Chhattisgarh,BALRAMPUR,2012,Kharif,Groundnut,1442,1810,1.25520111
Chhattisgarh,BALRAMPUR,2012,Kharif,Horse-gram,2740,765,0.27919708
Chhattisgarh,BALRAMPUR,2012,Kharif,Jowar,697,233,0.334289813
Chhattisgarh,BALRAMPUR,2012,Kharif,Maize,19649,40033,2.037406484
Chhattisgarh,BALRAMPUR,2012,Kharif,Mesta,152,253,1.664473684
Chhattisgarh,BALRAMPUR,2012,Kharif,Moong(Green Gram),32,7,0.21875
Chhattisgarh,BALRAMPUR,2012,Kharif,Niger seed,13406,2326,0.173504401
Chhattisgarh,BALRAMPUR,2012,Kharif,Other Kharif pulses,326,57,0.174846626
Chhattisgarh,BALRAMPUR,2012,Kharif,Potato,145,974,6.717241379
Chhattisgarh,BALRAMPUR,2012,Kharif,Ragi,265,56,0.211320755
Chhattisgarh,BALRAMPUR,2012,Kharif,Rice,78612,153034,1.946700249
Chhattisgarh,BALRAMPUR,2012,Kharif,Sesamum,2882,870,0.301873699
Chhattisgarh,BALRAMPUR,2012,Kharif,Small millets,11645,3019,0.259252898
Chhattisgarh,BALRAMPUR,2012,Kharif,Soyabean,14,15,1.071428571
Chhattisgarh,BALRAMPUR,2012,Kharif,Sunflower,4,1,0.25
Chhattisgarh,BALRAMPUR,2012,Kharif,Urad,4871,1796,0.36871279
Chhattisgarh,BALRAMPUR,2012,Rabi,Barley,1398,360,0.25751073
Chhattisgarh,BALRAMPUR,2012,Rabi,Gram,963,1044,1.08411215
Chhattisgarh,BALRAMPUR,2012,Rabi,Linseed,4264,1711,0.401266417
Chhattisgarh,BALRAMPUR,2012,Rabi,Masoor,514,168,0.326848249
Chhattisgarh,BALRAMPUR,2012,Rabi,Moong(Green Gram),29,5,0.172413793
Chhattisgarh,BALRAMPUR,2012,Rabi,Peas & beans (Pulses),601,326,0.542429285
Chhattisgarh,BALRAMPUR,2012,Rabi,Potato,1487,10264,6.902488231
Chhattisgarh,BALRAMPUR,2012,Rabi,Rapeseed &Mustard,8342,4626,0.554543275
Chhattisgarh,BALRAMPUR,2012,Rabi,Wheat,9228,19052,2.064586042
Chhattisgarh,BALRAMPUR,2012,Whole Year,Banana,11,149,13.54545455
Chhattisgarh,BALRAMPUR,2012,Whole Year,Coriander,216,47,0.217592593
Chhattisgarh,BALRAMPUR,2012,Whole Year,Dry chillies,285,224,0.785964912
Chhattisgarh,BALRAMPUR,2012,Whole Year,Dry ginger,268,321,1.197761194
Chhattisgarh,BALRAMPUR,2012,Whole Year,Garlic,172,358,2.081395349
Chhattisgarh,BALRAMPUR,2012,Whole Year,Onion,476,1547,3.25
Chhattisgarh,BALRAMPUR,2012,Whole Year,Sannhamp,65,19,0.292307692
Chhattisgarh,BALRAMPUR,2012,Whole Year,Sugarcane,373,1343,3.600536193
Chhattisgarh,BALRAMPUR,2012,Whole Year,Sweet potato,425,2304,5.421176471
Chhattisgarh,BALRAMPUR,2012,Whole Year,Tobacco,1,4,4
Chhattisgarh,BALRAMPUR,2012,Whole Year,Turmeric,118,112,0.949152542
Chhattisgarh,BALRAMPUR,2013,Kharif,Arhar/Tur,8106,4407,0.543671355
Chhattisgarh,BALRAMPUR,2013,Kharif,Groundnut,1436,1783,1.241643454
Chhattisgarh,BALRAMPUR,2013,Kharif,Guar seed,26,21,0.807692308
Chhattisgarh,BALRAMPUR,2013,Kharif,Horse-gram,2634,520,0.197418375
Chhattisgarh,BALRAMPUR,2013,Kharif,Maize,19661,39902,2.029500025
Chhattisgarh,BALRAMPUR,2013,Kharif,Mesta,66,110,1.666666667
Chhattisgarh,BALRAMPUR,2013,Kharif,Moong(Green Gram),52,5,0.096153846
Chhattisgarh,BALRAMPUR,2013,Kharif,Niger seed,13193,2404,0.182217843
Chhattisgarh,BALRAMPUR,2013,Kharif,Other Kharif pulses,317,86,0.271293375
Chhattisgarh,BALRAMPUR,2013,Kharif,Potato,145,574,3.95862069
Chhattisgarh,BALRAMPUR,2013,Kharif,Rice,76789,128716,1.676229668
Chhattisgarh,BALRAMPUR,2013,Kharif,Sannhamp,242,46,0.190082645
Chhattisgarh,BALRAMPUR,2013,Kharif,Sesamum,2261,695,0.307386112
Chhattisgarh,BALRAMPUR,2013,Kharif,Small millets,10596,2484,0.234428086
Chhattisgarh,BALRAMPUR,2013,Kharif,Soyabean,30,22,0.733333333
Chhattisgarh,BALRAMPUR,2013,Kharif,Sugarcane,44097,2129180,48.28401025
Chhattisgarh,BALRAMPUR,2013,Kharif,Sunflower,4,1,0.25
Chhattisgarh,BALRAMPUR,2013,Kharif,Urad,4830,1467,0.303726708
Chhattisgarh,BALRAMPUR,2013,Rabi,Barley,1330,1230,0.92481203
Chhattisgarh,BALRAMPUR,2013,Rabi,Coriander,17,9,0.529411765
Chhattisgarh,BALRAMPUR,2013,Rabi,Garlic,41,240,5.853658537
Chhattisgarh,BALRAMPUR,2013,Rabi,Gram,1166,836,0.716981132
Chhattisgarh,BALRAMPUR,2013,Rabi,Linseed,4911,1780,0.362451639
Chhattisgarh,BALRAMPUR,2013,Rabi,Maize,33,117,3.545454545
Chhattisgarh,BALRAMPUR,2013,Rabi,Masoor,570,161,0.28245614
Chhattisgarh,BALRAMPUR,2013,Rabi,Moong(Green Gram),4,1,0.25
Chhattisgarh,BALRAMPUR,2013,Rabi,Onion,87,1769,20.33333333
Chhattisgarh,BALRAMPUR,2013,Rabi,Other  Rabi pulses,19,23,1.210526316
Chhattisgarh,BALRAMPUR,2013,Rabi,Peas & beans (Pulses),638,221,0.346394984
Chhattisgarh,BALRAMPUR,2013,Rabi,Potato,1858,9061,4.876749193
Chhattisgarh,BALRAMPUR,2013,Rabi,Rapeseed &Mustard,10084,6343,0.629016263
Chhattisgarh,BALRAMPUR,2013,Rabi,Wheat,10811,17547,1.623069096
Chhattisgarh,BALRAMPUR,2013,Summer,Maize,127,233,1.834645669
Chhattisgarh,BALRAMPUR,2013,Summer,Onion,90,1211,13.45555556
Chhattisgarh,BALRAMPUR,2013,Summer,Sunflower,31,50,1.612903226
Chhattisgarh,BALRAMPUR,2013,Whole Year,Banana,14,361,25.78571429
Chhattisgarh,BALRAMPUR,2013,Whole Year,Coriander,122,23,0.18852459
Chhattisgarh,BALRAMPUR,2013,Whole Year,Dry chillies,363,240,0.661157025
Chhattisgarh,BALRAMPUR,2013,Whole Year,Dry ginger,269,275,1.022304833
Chhattisgarh,BALRAMPUR,2013,Whole Year,Garlic,188,438,2.329787234
Chhattisgarh,BALRAMPUR,2013,Whole Year,Jowar,606,352,0.580858086
Chhattisgarh,BALRAMPUR,2013,Whole Year,Onion,526,2647,5.032319392
Chhattisgarh,BALRAMPUR,2013,Whole Year,Sugarcane,365,914,2.504109589
Chhattisgarh,BALRAMPUR,2013,Whole Year,Sweet potato,1420,7183,5.058450704
Chhattisgarh,BALRAMPUR,2013,Whole Year,Tobacco,2,2,1
Chhattisgarh,BALRAMPUR,2013,Whole Year,Turmeric,124,88,0.709677419
Chhattisgarh,BALRAMPUR,2014,Kharif,Arhar/Tur,8214,5852,0.712442172
Chhattisgarh,BALRAMPUR,2014,Kharif,Groundnut,1514,2089,1.379788639
Chhattisgarh,BALRAMPUR,2014,Kharif,Horse-gram,2574,731,0.283993784
Chhattisgarh,BALRAMPUR,2014,Kharif,Maize,19750,35369,1.790835443
Chhattisgarh,BALRAMPUR,2014,Kharif,Mesta,59,101,1.711864407
Chhattisgarh,BALRAMPUR,2014,Kharif,Moong(Green Gram),41,7,0.170731707
Chhattisgarh,BALRAMPUR,2014,Kharif,Niger seed,11983,1871,0.156137862
Chhattisgarh,BALRAMPUR,2014,Kharif,Other Kharif pulses,356,86,0.241573034
Chhattisgarh,BALRAMPUR,2014,Kharif,Potato,137,773,5.642335766
Chhattisgarh,BALRAMPUR,2014,Kharif,Ragi,249,66,0.265060241
Chhattisgarh,BALRAMPUR,2014,Kharif,Rice,84190,153462,1.822805559
Chhattisgarh,BALRAMPUR,2014,Kharif,Sannhamp,227,67,0.295154185
Chhattisgarh,BALRAMPUR,2014,Kharif,Sesamum,2526,1113,0.440617577
Chhattisgarh,BALRAMPUR,2014,Kharif,Small millets,10256,3021,0.294559282
Chhattisgarh,BALRAMPUR,2014,Kharif,Soyabean,28,15,0.535714286
Chhattisgarh,BALRAMPUR,2014,Kharif,Urad,4876,1507,0.309064807
Chhattisgarh,BALRAMPUR,2014,Rabi,Barley,1213,1354,1.116240725
Chhattisgarh,BALRAMPUR,2014,Rabi,Gram,1015,1124,1.107389163
Chhattisgarh,BALRAMPUR,2014,Rabi,Linseed,4206,1791,0.425820257
Chhattisgarh,BALRAMPUR,2014,Rabi,Masoor,520,116,0.223076923
Chhattisgarh,BALRAMPUR,2014,Rabi,Moong(Green Gram),5,1,0.2
Chhattisgarh,BALRAMPUR,2014,Rabi,Peas & beans (Pulses),711,303,0.426160338
Chhattisgarh,BALRAMPUR,2014,Rabi,Potato,1516,8091,5.33707124
Chhattisgarh,BALRAMPUR,2014,Rabi,Rapeseed &Mustard,8051,4610,0.572599677
Chhattisgarh,BALRAMPUR,2014,Rabi,Wheat,9629,13936,1.447294631
Chhattisgarh,BALRAMPUR,2014,Whole Year,Banana,14,361,25.78571429
Chhattisgarh,BALRAMPUR,2014,Whole Year,Coriander,95,19,0.2
Chhattisgarh,BALRAMPUR,2014,Whole Year,Cotton(lint),6,1,0.166666667
Chhattisgarh,BALRAMPUR,2014,Whole Year,Dry chillies,324,168,0.518518519
Chhattisgarh,BALRAMPUR,2014,Whole Year,Dry ginger,282,288,1.021276596
Chhattisgarh,BALRAMPUR,2014,Whole Year,Garlic,156,363,2.326923077
Chhattisgarh,BALRAMPUR,2014,Whole Year,Jowar,624,441,0.706730769
Chhattisgarh,BALRAMPUR,2014,Whole Year,Onion,465,7141,15.35698925
Chhattisgarh,BALRAMPUR,2014,Whole Year,Sugarcane,731,3254,4.451436389
Chhattisgarh,BALRAMPUR,2014,Whole Year,Sweet potato,427,2045,4.789227166
Chhattisgarh,BALRAMPUR,2014,Whole Year,Tobacco,1,1,1
Chhattisgarh,BALRAMPUR,2014,Whole Year,Turmeric,134,105,0.78358209
Chhattisgarh,BASTAR,2000,Kharif,Arhar/Tur,975,565,0.579487179
Chhattisgarh,BASTAR,2000,Kharif,Castor seed,7,3,0.428571429
Chhattisgarh,BASTAR,2000,Kharif,Groundnut,15,14,0.933333333
Chhattisgarh,BASTAR,2000,Kharif,Horse-gram,11304,4404,0.389596603
Chhattisgarh,BASTAR,2000,Kharif,Jowar,821,770,0.937880633
Chhattisgarh,BASTAR,2000,Kharif,Maize,13769,22508,1.634686615
Chhattisgarh,BASTAR,2000,Kharif,Mesta,116,234,2.017241379
Chhattisgarh,BASTAR,2000,Kharif,Moong(Green Gram),262,118,0.450381679
Chhattisgarh,BASTAR,2000,Kharif,Niger seed,16287,3242,0.199054461
Chhattisgarh,BASTAR,2000,Kharif,Other Kharif pulses,200,61,0.305
Chhattisgarh,BASTAR,2000,Kharif,Ragi,5556,1272,0.228941685
Chhattisgarh,BASTAR,2000,Kharif,Rice,258336,213319,0.825742444
Chhattisgarh,BASTAR,2000,Kharif,Sesamum,740,166,0.224324324
Chhattisgarh,BASTAR,2000,Kharif,Small millets,25970,3873,0.149133616
Chhattisgarh,BASTAR,2000,Kharif,Soyabean,64,49,0.765625
Chhattisgarh,BASTAR,2000,Kharif,Sunflower,5,1,0.2
Chhattisgarh,BASTAR,2000,Kharif,Urad,12112,5437,0.448893659
Chhattisgarh,BASTAR,2000,Rabi,Gram,683,404,0.591508053
Chhattisgarh,BASTAR,2000,Rabi,Khesari,11,6,0.545454545
Chhattisgarh,BASTAR,2000,Rabi,Linseed,755,189,0.250331126
Chhattisgarh,BASTAR,2000,Rabi,Masoor,7,2,0.285714286
Chhattisgarh,BASTAR,2000,Rabi,Moong(Green Gram),34,11,0.323529412
Chhattisgarh,BASTAR,2000,Rabi,Other  Rabi pulses,25,8,0.32
Chhattisgarh,BASTAR,2000,Rabi,Peas & beans (Pulses),201,59,0.293532338
Chhattisgarh,BASTAR,2000,Rabi,Rapeseed &Mustard,4672,1542,0.33005137
Chhattisgarh,BASTAR,2000,Rabi,Safflower,3,1,0.333333333
Chhattisgarh,BASTAR,2000,Rabi,Wheat,868,1683,1.938940092
Chhattisgarh,BASTAR,2000,Whole Year,Banana,51,2377,46.60784314
Chhattisgarh,BASTAR,2000,Whole Year,Coriander,31,8,0.258064516
Chhattisgarh,BASTAR,2000,Whole Year,Dry chillies,246,54,0.219512195
Chhattisgarh,BASTAR,2000,Whole Year,Dry ginger,89,110,1.235955056
Chhattisgarh,BASTAR,2000,Whole Year,Garlic,10,33,3.3
Chhattisgarh,BASTAR,2000,Whole Year,Onion,234,1774,7.581196581
Chhattisgarh,BASTAR,2000,Whole Year,Potato,223,1743,7.816143498
Chhattisgarh,BASTAR,2000,Whole Year,Sannhamp,84,32,0.380952381
Chhattisgarh,BASTAR,2000,Whole Year,Sugarcane,429,1284,2.993006993
Chhattisgarh,BASTAR,2000,Whole Year,Sweet potato,345,2071,6.002898551
Chhattisgarh,BASTAR,2000,Whole Year,Tobacco,8,5,0.625
Chhattisgarh,BASTAR,2000,Whole Year,Turmeric,127,108,0.850393701
Chhattisgarh,BASTAR,2001,Kharif,Arhar/Tur,961,435,0.452653486
Chhattisgarh,BASTAR,2001,Kharif,Castor seed,15,4,0.266666667
Chhattisgarh,BASTAR,2001,Kharif,Cotton(lint),39,30,0.769230769
Chhattisgarh,BASTAR,2001,Kharif,Groundnut,14,19,1.357142857
Chhattisgarh,BASTAR,2001,Kharif,Horse-gram,10852,4421,0.407390343
Chhattisgarh,BASTAR,2001,Kharif,Jowar,772,858,1.111398964
Chhattisgarh,BASTAR,2001,Kharif,Maize,13642,13257,0.971778332
Chhattisgarh,BASTAR,2001,Kharif,Mesta,109,264,2.422018349
Chhattisgarh,BASTAR,2001,Kharif,Moong(Green Gram),257,117,0.455252918
Chhattisgarh,BASTAR,2001,Kharif,Niger seed,16219,3776,0.232813367
Chhattisgarh,BASTAR,2001,Kharif,Other Kharif pulses,195,62,0.317948718
Chhattisgarh,BASTAR,2001,Kharif,Ragi,5406,1658,0.306696263
Chhattisgarh,BASTAR,2001,Kharif,Rice,260224,385963,1.483195247
Chhattisgarh,BASTAR,2001,Kharif,Sesamum,469,150,0.319829424
Chhattisgarh,BASTAR,2001,Kharif,Small millets,25936,6084,0.234577421
Chhattisgarh,BASTAR,2001,Kharif,Soyabean,57,62,1.087719298
Chhattisgarh,BASTAR,2001,Kharif,Sunflower,22,5,0.227272727
Chhattisgarh,BASTAR,2001,Kharif,Urad,12348,5543,0.448898607
Chhattisgarh,BASTAR,2001,Rabi,Gram,680,503,0.739705882
Chhattisgarh,BASTAR,2001,Rabi,Khesari,16,12,0.75
Chhattisgarh,BASTAR,2001,Rabi,Linseed,625,193,0.3088
Chhattisgarh,BASTAR,2001,Rabi,Masoor,14,4,0.285714286
Chhattisgarh,BASTAR,2001,Rabi,Moong(Green Gram),20,8,0.4
Chhattisgarh,BASTAR,2001,Rabi,Other  Rabi pulses,21,7,0.333333333
Chhattisgarh,BASTAR,2001,Rabi,Peas & beans (Pulses),239,76,0.317991632
Chhattisgarh,BASTAR,2001,Rabi,Rapeseed &Mustard,4446,1658,0.372919478
Chhattisgarh,BASTAR,2001,Rabi,Wheat,1058,1130,1.06805293
Chhattisgarh,BASTAR,2001,Whole Year,Banana,96,4474,46.60416667
Chhattisgarh,BASTAR,2001,Whole Year,Coriander,41,11,0.268292683
Chhattisgarh,BASTAR,2001,Whole Year,Dry chillies,267,125,0.468164794
Chhattisgarh,BASTAR,2001,Whole Year,Dry ginger,61,73,1.196721311
Chhattisgarh,BASTAR,2001,Whole Year,Garlic,6,21,3.5
Chhattisgarh,BASTAR,2001,Whole Year,Onion,209,1847,8.837320574
Chhattisgarh,BASTAR,2001,Whole Year,Potato,179,1323,7.391061453
Chhattisgarh,BASTAR,2001,Whole Year,Sannhamp,79,30,0.379746835
Chhattisgarh,BASTAR,2001,Whole Year,Sugarcane,317,1059,3.340694006
Chhattisgarh,BASTAR,2001,Whole Year,Sweet potato,290,1690,5.827586207
Chhattisgarh,BASTAR,2001,Whole Year,Tobacco,10,6,0.6
Chhattisgarh,BASTAR,2001,Whole Year,Turmeric,114,97,0.850877193
Chhattisgarh,BASTAR,2002,Kharif,Arhar/Tur,1044,388,0.37164751
Chhattisgarh,BASTAR,2002,Kharif,Castor seed,9,3,0.333333333
Chhattisgarh,BASTAR,2002,Kharif,Cotton(lint),39,31,0.794871795
Chhattisgarh,BASTAR,2002,Kharif,Groundnut,13,16,1.230769231
Chhattisgarh,BASTAR,2002,Kharif,Horse-gram,10289,2430,0.236174555
Chhattisgarh,BASTAR,2002,Kharif,Jowar,824,821,0.996359223
Chhattisgarh,BASTAR,2002,Kharif,Maize,13785,21540,1.562568009
Chhattisgarh,BASTAR,2002,Kharif,Mesta,118,256,2.169491525
Chhattisgarh,BASTAR,2002,Kharif,Moong(Green Gram),242,63,0.260330579
Chhattisgarh,BASTAR,2002,Kharif,Niger seed,14806,2597,0.175401864
Chhattisgarh,BASTAR,2002,Kharif,Other Kharif pulses,194,61,0.31443299
Chhattisgarh,BASTAR,2002,Kharif,Ragi,5394,1136,0.210604375
Chhattisgarh,BASTAR,2002,Kharif,Rice,258955,128736,0.497136568
Chhattisgarh,BASTAR,2002,Kharif,Sesamum,517,167,0.323017408
Chhattisgarh,BASTAR,2002,Kharif,Small millets,24408,3381,0.138520157
Chhattisgarh,BASTAR,2002,Kharif,Soyabean,70,56,0.8
Chhattisgarh,BASTAR,2002,Kharif,Sunflower,24,5,0.208333333
Chhattisgarh,BASTAR,2002,Kharif,Urad,12037,3524,0.292763978
Chhattisgarh,BASTAR,2002,Rabi,Gram,518,344,0.664092664
Chhattisgarh,BASTAR,2002,Rabi,Horse-gram,26,8,0.307692308
Chhattisgarh,BASTAR,2002,Rabi,Khesari,18,12,0.666666667
Chhattisgarh,BASTAR,2002,Rabi,Linseed,358,120,0.335195531
Chhattisgarh,BASTAR,2002,Rabi,Masoor,10,3,0.3
Chhattisgarh,BASTAR,2002,Rabi,Moong(Green Gram),20,8,0.4
Chhattisgarh,BASTAR,2002,Rabi,Other  Rabi pulses,31,10,0.322580645
Chhattisgarh,BASTAR,2002,Rabi,Peas & beans (Pulses),232,64,0.275862069
Chhattisgarh,BASTAR,2002,Rabi,Rapeseed &Mustard,3203,995,0.310646269
Chhattisgarh,BASTAR,2002,Rabi,Wheat,1113,2135,1.918238994
Chhattisgarh,BASTAR,2002,Whole Year,Banana,42,1957,46.5952381
Chhattisgarh,BASTAR,2002,Whole Year,Coriander,25,6,0.24
Chhattisgarh,BASTAR,2002,Whole Year,Dry chillies,294,245,0.833333333
Chhattisgarh,BASTAR,2002,Whole Year,Dry ginger,78,86,1.102564103
Chhattisgarh,BASTAR,2002,Whole Year,Garlic,4,14,3.5
Chhattisgarh,BASTAR,2002,Whole Year,Onion,220,1842,8.372727273
Chhattisgarh,BASTAR,2002,Whole Year,Papaya,7,319,45.57142857
Chhattisgarh,BASTAR,2002,Whole Year,Potato,155,1185,7.64516129
Chhattisgarh,BASTAR,2002,Whole Year,Sannhamp,76,24,0.315789474
Chhattisgarh,BASTAR,2002,Whole Year,Sugarcane,316,946,2.993670886
Chhattisgarh,BASTAR,2002,Whole Year,Sweet potato,297,1602,5.393939394
Chhattisgarh,BASTAR,2002,Whole Year,Tobacco,9,6,0.666666667
Chhattisgarh,BASTAR,2002,Whole Year,Turmeric,143,123,0.86013986
Chhattisgarh,BASTAR,2003,Kharif,Arhar/Tur,1079,728,0.674698795
Chhattisgarh,BASTAR,2003,Kharif,Castor seed,5,2,0.4
Chhattisgarh,BASTAR,2003,Kharif,Cotton(lint),10,8,0.8
Chhattisgarh,BASTAR,2003,Kharif,Groundnut,18,22,1.222222222
Chhattisgarh,BASTAR,2003,Kharif,Horse-gram,10196,3912,0.383679874
Chhattisgarh,BASTAR,2003,Kharif,Jowar,733,890,1.214188267
Chhattisgarh,BASTAR,2003,Kharif,Maize,15037,25454,1.692757864
Chhattisgarh,BASTAR,2003,Kharif,Mesta,110,247,2.245454545
Chhattisgarh,BASTAR,2003,Kharif,Moong(Green Gram),226,93,0.411504425
Chhattisgarh,BASTAR,2003,Kharif,Niger seed,15531,3249,0.209194514
Chhattisgarh,BASTAR,2003,Kharif,Other Kharif pulses,228,73,0.320175439
Chhattisgarh,BASTAR,2003,Kharif,Ragi,5527,1644,0.297448887
Chhattisgarh,BASTAR,2003,Kharif,Rice,260206,439318,1.688346925
Chhattisgarh,BASTAR,2003,Kharif,Sesamum,533,203,0.380863039
Chhattisgarh,BASTAR,2003,Kharif,Small millets,23776,5710,0.240158143
Chhattisgarh,BASTAR,2003,Kharif,Soyabean,25,32,1.28
Chhattisgarh,BASTAR,2003,Kharif,Sunflower,7,2,0.285714286
Chhattisgarh,BASTAR,2003,Kharif,Urad,11715,4725,0.403329065
Chhattisgarh,BASTAR,2003,Rabi,Gram,781,703,0.900128041
Chhattisgarh,BASTAR,2003,Rabi,Horse-gram,8,3,0.375
Chhattisgarh,BASTAR,2003,Rabi,Khesari,13,10,0.769230769
Chhattisgarh,BASTAR,2003,Rabi,Linseed,540,196,0.362962963
Chhattisgarh,BASTAR,2003,Rabi,Masoor,18,5,0.277777778
Chhattisgarh,BASTAR,2003,Rabi,Moong(Green Gram),17,5,0.294117647
Chhattisgarh,BASTAR,2003,Rabi,Other  Rabi pulses,14,5,0.357142857
Chhattisgarh,BASTAR,2003,Rabi,Peas & beans (Pulses),289,84,0.290657439
Chhattisgarh,BASTAR,2003,Rabi,Rapeseed &Mustard,3573,1559,0.436328016
Chhattisgarh,BASTAR,2003,Rabi,Wheat,1160,1844,1.589655172
Chhattisgarh,BASTAR,2003,Whole Year,Banana,56,2610,46.60714286
Chhattisgarh,BASTAR,2003,Whole Year,Coriander,26,6,0.230769231
Chhattisgarh,BASTAR,2003,Whole Year,Dry chillies,289,179,0.619377163
Chhattisgarh,BASTAR,2003,Whole Year,Dry ginger,84,105,1.25
Chhattisgarh,BASTAR,2003,Whole Year,Garlic,4,14,3.5
Chhattisgarh,BASTAR,2003,Whole Year,Onion,238,1685,7.079831933
Chhattisgarh,BASTAR,2003,Whole Year,Papaya,5,228,45.6
Chhattisgarh,BASTAR,2003,Whole Year,Potato,153,852,5.568627451
Chhattisgarh,BASTAR,2003,Whole Year,Sannhamp,72,28,0.388888889
Chhattisgarh,BASTAR,2003,Whole Year,Sugarcane,432,1444,3.342592593
Chhattisgarh,BASTAR,2003,Whole Year,Sweet potato,296,1648,5.567567568
Chhattisgarh,BASTAR,2003,Whole Year,Tobacco,6,4,0.666666667
Chhattisgarh,BASTAR,2003,Whole Year,Turmeric,128,110,0.859375
Chhattisgarh,BASTAR,2004,Kharif,Arhar/Tur,1128,699,0.619680851
Chhattisgarh,BASTAR,2004,Kharif,Castor seed,9,3,0.333333333
Chhattisgarh,BASTAR,2004,Kharif,Cotton(lint),3,2,0.666666667
Chhattisgarh,BASTAR,2004,Kharif,Groundnut,25,36,1.44
Chhattisgarh,BASTAR,2004,Kharif,Horse-gram,10237,3626,0.354205334
Chhattisgarh,BASTAR,2004,Kharif,Jowar,766,668,0.872062663
Chhattisgarh,BASTAR,2004,Kharif,Maize,15848,27587,1.740724382
Chhattisgarh,BASTAR,2004,Kharif,Mesta,171,384,2.245614035
Chhattisgarh,BASTAR,2004,Kharif,Moong(Green Gram),243,103,0.423868313
Chhattisgarh,BASTAR,2004,Kharif,Niger seed,15075,3153,0.209154229
Chhattisgarh,BASTAR,2004,Kharif,Other Kharif pulses,496,81,0.163306452
Chhattisgarh,BASTAR,2004,Kharif,Ragi,5116,1452,0.283815481
Chhattisgarh,BASTAR,2004,Kharif,Rice,260826,327311,1.254901735
Chhattisgarh,BASTAR,2004,Kharif,Sesamum,614,264,0.429967427
Chhattisgarh,BASTAR,2004,Kharif,Small millets,22284,6151,0.276027643
Chhattisgarh,BASTAR,2004,Kharif,Soyabean,25,34,1.36
Chhattisgarh,BASTAR,2004,Kharif,Sunflower,15,3,0.2
Chhattisgarh,BASTAR,2004,Kharif,Urad,11683,4865,0.416417016
Chhattisgarh,BASTAR,2004,Rabi,Gram,700,419,0.598571429
Chhattisgarh,BASTAR,2004,Rabi,Khesari,12,7,0.583333333
Chhattisgarh,BASTAR,2004,Rabi,Linseed,610,190,0.31147541
Chhattisgarh,BASTAR,2004,Rabi,Masoor,13,4,0.307692308
Chhattisgarh,BASTAR,2004,Rabi,Moong(Green Gram),14,4,0.285714286
Chhattisgarh,BASTAR,2004,Rabi,Peas & beans (Pulses),404,123,0.304455446
Chhattisgarh,BASTAR,2004,Rabi,Rapeseed &Mustard,3483,1397,0.401091013
Chhattisgarh,BASTAR,2004,Rabi,Urad,2,1,0.5
Chhattisgarh,BASTAR,2004,Rabi,Wheat,1104,1696,1.536231884
Chhattisgarh,BASTAR,2004,Whole Year,Banana,53,2470,46.60377358
Chhattisgarh,BASTAR,2004,Whole Year,Coriander,34,8,0.235294118
Chhattisgarh,BASTAR,2004,Whole Year,Dry chillies,321,176,0.548286604
Chhattisgarh,BASTAR,2004,Whole Year,Dry ginger,98,123,1.255102041
Chhattisgarh,BASTAR,2004,Whole Year,Garlic,11,38,3.454545455
Chhattisgarh,BASTAR,2004,Whole Year,Onion,233,1422,6.103004292
Chhattisgarh,BASTAR,2004,Whole Year,Potato,177,1218,6.881355932
Chhattisgarh,BASTAR,2004,Whole Year,Sannhamp,104,40,0.384615385
Chhattisgarh,BASTAR,2004,Whole Year,Sugarcane,308,1014,3.292207792
Chhattisgarh,BASTAR,2004,Whole Year,Sweet potato,299,1691,5.655518395
Chhattisgarh,BASTAR,2004,Whole Year,Tobacco,7,4,0.571428571
Chhattisgarh,BASTAR,2004,Whole Year,Turmeric,140,120,0.857142857
Chhattisgarh,BASTAR,2005,Kharif,Arhar/Tur,1161,606,0.521963824
Chhattisgarh,BASTAR,2005,Kharif,Castor seed,11,4,0.363636364
Chhattisgarh,BASTAR,2005,Kharif,Groundnut,28,34,1.214285714
Chhattisgarh,BASTAR,2005,Kharif,Horse-gram,10035,3614,0.360139512
Chhattisgarh,BASTAR,2005,Kharif,Jowar,727,739,1.01650619
Chhattisgarh,BASTAR,2005,Kharif,Maize,16361,21094,1.289285496
Chhattisgarh,BASTAR,2005,Kharif,Mesta,119,267,2.243697479
Chhattisgarh,BASTAR,2005,Kharif,Moong(Green Gram),235,100,0.425531915
Chhattisgarh,BASTAR,2005,Kharif,Niger seed,14924,3122,0.209193246
Chhattisgarh,BASTAR,2005,Kharif,Other Kharif pulses,500,78,0.156
Chhattisgarh,BASTAR,2005,Kharif,Rice,260734,349876,1.341888668
Chhattisgarh,BASTAR,2005,Kharif,Sesamum,656,240,0.365853659
Chhattisgarh,BASTAR,2005,Kharif,Small millets,26521,5173,0.195052977
Chhattisgarh,BASTAR,2005,Kharif,Soyabean,16,20,1.25
Chhattisgarh,BASTAR,2005,Kharif,Sunflower,29,6,0.206896552
Chhattisgarh,BASTAR,2005,Kharif,Urad,11319,4787,0.422917219
Chhattisgarh,BASTAR,2005,Rabi,Gram,821,598,0.728380024
Chhattisgarh,BASTAR,2005,Rabi,Horse-gram,11,3,0.272727273
Chhattisgarh,BASTAR,2005,Rabi,Khesari,13,8,0.615384615
Chhattisgarh,BASTAR,2005,Rabi,Linseed,580,165,0.284482759
Chhattisgarh,BASTAR,2005,Rabi,Masoor,12,3,0.25
Chhattisgarh,BASTAR,2005,Rabi,Moong(Green Gram),26,8,0.307692308
Chhattisgarh,BASTAR,2005,Rabi,Other  Rabi pulses,7,2,0.285714286
Chhattisgarh,BASTAR,2005,Rabi,Peas & beans (Pulses),337,73,0.216617211
Chhattisgarh,BASTAR,2005,Rabi,Rapeseed &Mustard,3410,618,0.181231672
Chhattisgarh,BASTAR,2005,Rabi,Wheat,978,1632,1.668711656
Chhattisgarh,BASTAR,2005,Whole Year,Banana,62,2889,46.59677419
Chhattisgarh,BASTAR,2005,Whole Year,Coriander,37,10,0.27027027
Chhattisgarh,BASTAR,2005,Whole Year,Dry chillies,279,68,0.243727599
Chhattisgarh,BASTAR,2005,Whole Year,Dry ginger,93,108,1.161290323
Chhattisgarh,BASTAR,2005,Whole Year,Garlic,6,21,3.5
Chhattisgarh,BASTAR,2005,Whole Year,Onion,222,1232,5.54954955
Chhattisgarh,BASTAR,2005,Whole Year,Potato,161,808,5.01863354
Chhattisgarh,BASTAR,2005,Whole Year,Sannhamp,84,33,0.392857143
Chhattisgarh,BASTAR,2005,Whole Year,Sugarcane,458,1416,3.091703057
Chhattisgarh,BASTAR,2005,Whole Year,Sweet potato,308,1742,5.655844156
Chhattisgarh,BASTAR,2005,Whole Year,Tobacco,8,5,0.625
Chhattisgarh,BASTAR,2005,Whole Year,Turmeric,151,130,0.860927152
Chhattisgarh,BASTAR,2006,Kharif,Arhar/Tur,889,446,0.501687289
Chhattisgarh,BASTAR,2006,Kharif,Castor seed,3,1,0.333333333
Chhattisgarh,BASTAR,2006,Kharif,Groundnut,19,25,1.315789474
Chhattisgarh,BASTAR,2006,Kharif,Horse-gram,7871,3512,0.446194893
Chhattisgarh,BASTAR,2006,Kharif,Jowar,715,740,1.034965035
Chhattisgarh,BASTAR,2006,Kharif,Maize,16085,23655,1.470624806
Chhattisgarh,BASTAR,2006,Kharif,Mesta,99,225,2.272727273
Chhattisgarh,BASTAR,2006,Kharif,Moong(Green Gram),279,120,0.430107527
Chhattisgarh,BASTAR,2006,Kharif,Niger seed,13190,2900,0.219863533
Chhattisgarh,BASTAR,2006,Kharif,Other Kharif pulses,403,45,0.111662531
Chhattisgarh,BASTAR,2006,Kharif,Ragi,4685,1458,0.311205977
Chhattisgarh,BASTAR,2006,Kharif,Rice,239805,326040,1.359604679
Chhattisgarh,BASTAR,2006,Kharif,Sesamum,478,206,0.430962343
Chhattisgarh,BASTAR,2006,Kharif,Small millets,17341,3958,0.228245199
Chhattisgarh,BASTAR,2006,Kharif,Soyabean,17,29,1.705882353
Chhattisgarh,BASTAR,2006,Kharif,Sunflower,30,7,0.233333333
Chhattisgarh,BASTAR,2006,Kharif,Urad,9880,4711,0.476821862
Chhattisgarh,BASTAR,2006,Rabi,Gram,952,866,0.909663866
Chhattisgarh,BASTAR,2006,Rabi,Horse-gram,1,2,2
Chhattisgarh,BASTAR,2006,Rabi,Khesari,21,14,0.666666667
Chhattisgarh,BASTAR,2006,Rabi,Linseed,817,249,0.304773562
Chhattisgarh,BASTAR,2006,Rabi,Masoor,13,4,0.307692308
Chhattisgarh,BASTAR,2006,Rabi,Moong(Green Gram),30,10,0.333333333
Chhattisgarh,BASTAR,2006,Rabi,Other  Rabi pulses,8,3,0.375
Chhattisgarh,BASTAR,2006,Rabi,Peas & beans (Pulses),384,123,0.3203125
Chhattisgarh,BASTAR,2006,Rabi,Potato,164,716,4.365853659
Chhattisgarh,BASTAR,2006,Rabi,Rapeseed &Mustard,2994,1586,0.529726119
Chhattisgarh,BASTAR,2006,Rabi,Wheat,897,1726,1.92419175
Chhattisgarh,BASTAR,2006,Whole Year,Banana,47,2317,49.29787234
Chhattisgarh,BASTAR,2006,Whole Year,Coriander,53,13,0.245283019
Chhattisgarh,BASTAR,2006,Whole Year,Dry chillies,322,116,0.360248447
Chhattisgarh,BASTAR,2006,Whole Year,Dry ginger,99,124,1.252525253
Chhattisgarh,BASTAR,2006,Whole Year,Garlic,5,17,3.4
Chhattisgarh,BASTAR,2006,Whole Year,Onion,249,1157,4.646586345
Chhattisgarh,BASTAR,2006,Whole Year,Sannhamp,59,21,0.355932203
Chhattisgarh,BASTAR,2006,Whole Year,Sugarcane,475,1672,3.52
Chhattisgarh,BASTAR,2006,Whole Year,Sweet potato,272,1640,6.029411765
Chhattisgarh,BASTAR,2006,Whole Year,Tobacco,4,4,1
Chhattisgarh,BASTAR,2006,Whole Year,Turmeric,146,126,0.863013699
Chhattisgarh,BASTAR,2007,Kharif,Arhar/Tur,902,824,0.913525499
Chhattisgarh,BASTAR,2007,Kharif,Castor seed,4,1,0.25
Chhattisgarh,BASTAR,2007,Kharif,Cotton(lint),2,1,0.5
Chhattisgarh,BASTAR,2007,Kharif,Groundnut,18,29,1.611111111
Chhattisgarh,BASTAR,2007,Kharif,Horse-gram,7900,3125,0.39556962
Chhattisgarh,BASTAR,2007,Kharif,Jowar,648,779,1.202160494
Chhattisgarh,BASTAR,2007,Kharif,Maize,16872,30043,1.780642485
Chhattisgarh,BASTAR,2007,Kharif,Mesta,80,197,2.4625
Chhattisgarh,BASTAR,2007,Kharif,Moong(Green Gram),210,92,0.438095238
Chhattisgarh,BASTAR,2007,Kharif,Niger seed,12969,2975,0.229393168
Chhattisgarh,BASTAR,2007,Kharif,Other Kharif pulses,432,53,0.122685185
Chhattisgarh,BASTAR,2007,Kharif,Potato,6,54,9
Chhattisgarh,BASTAR,2007,Kharif,Ragi,4716,1360,0.288379983
Chhattisgarh,BASTAR,2007,Kharif,Rice,239537,345270,1.441405712
Chhattisgarh,BASTAR,2007,Kharif,Sesamum,569,245,0.430579965
Chhattisgarh,BASTAR,2007,Kharif,Small millets,15792,3910,0.247593718
Chhattisgarh,BASTAR,2007,Kharif,Soyabean,28,44,1.571428571
Chhattisgarh,BASTAR,2007,Kharif,Sunflower,35,8,0.228571429
Chhattisgarh,BASTAR,2007,Kharif,Urad,10166,4498,0.442455243
Chhattisgarh,BASTAR,2007,Rabi,Gram,871,788,0.904707233
Chhattisgarh,BASTAR,2007,Rabi,Horse-gram,24,12,0.5
Chhattisgarh,BASTAR,2007,Rabi,Khesari,20,16,0.8
Chhattisgarh,BASTAR,2007,Rabi,Linseed,751,280,0.372836218
Chhattisgarh,BASTAR,2007,Rabi,Masoor,13,3,0.230769231
Chhattisgarh,BASTAR,2007,Rabi,Moong(Green Gram),14,5,0.357142857
Chhattisgarh,BASTAR,2007,Rabi,Other  Rabi pulses,18,7,0.388888889
Chhattisgarh,BASTAR,2007,Rabi,Peas & beans (Pulses),312,91,0.291666667
Chhattisgarh,BASTAR,2007,Rabi,Potato,173,910,5.260115607
Chhattisgarh,BASTAR,2007,Rabi,Rapeseed &Mustard,2455,1158,0.471690428
Chhattisgarh,BASTAR,2007,Rabi,Wheat,868,1824,2.101382488
Chhattisgarh,BASTAR,2007,Whole Year,Banana,63,2936,46.6031746
Chhattisgarh,BASTAR,2007,Whole Year,Coriander,57,15,0.263157895
Chhattisgarh,BASTAR,2007,Whole Year,Dry chillies,316,204,0.64556962
Chhattisgarh,BASTAR,2007,Whole Year,Dry ginger,112,145,1.294642857
Chhattisgarh,BASTAR,2007,Whole Year,Garlic,6,21,3.5
Chhattisgarh,BASTAR,2007,Whole Year,Onion,256,1160,4.53125
Chhattisgarh,BASTAR,2007,Whole Year,Sannhamp,81,34,0.419753086
Chhattisgarh,BASTAR,2007,Whole Year,Sugarcane,605,2052,3.391735537
Chhattisgarh,BASTAR,2007,Whole Year,Sweet potato,269,1521,5.654275093
Chhattisgarh,BASTAR,2007,Whole Year,Tobacco,2,2,1
Chhattisgarh,BASTAR,2007,Whole Year,Turmeric,173,149,0.861271676
Chhattisgarh,BASTAR,2008,Kharif,Arhar/Tur,885,594,0.671186441
Chhattisgarh,BASTAR,2008,Kharif,Castor seed,3,1,0.333333333
Chhattisgarh,BASTAR,2008,Kharif,Coconut,51,,
Chhattisgarh,BASTAR,2008,Kharif,Groundnut,17,27,1.588235294
Chhattisgarh,BASTAR,2008,Kharif,Horse-gram,7670,2672,0.348370274
Chhattisgarh,BASTAR,2008,Kharif,Jowar,650,978,1.504615385
Chhattisgarh,BASTAR,2008,Kharif,Maize,17680,28367,1.604468326
Chhattisgarh,BASTAR,2008,Kharif,Mesta,80,130,1.625
Chhattisgarh,BASTAR,2008,Kharif,Moong(Green Gram),246,88,0.357723577
Chhattisgarh,BASTAR,2008,Kharif,Niger seed,12538,2622,0.209124262
Chhattisgarh,BASTAR,2008,Kharif,Other Kharif pulses,442,52,0.117647059
Chhattisgarh,BASTAR,2008,Kharif,Potato,9,47,5.222222222
Chhattisgarh,BASTAR,2008,Kharif,Ragi,4555,1281,0.281229418
Chhattisgarh,BASTAR,2008,Kharif,Rice,240340,280325,1.166368478
Chhattisgarh,BASTAR,2008,Kharif,Sesamum,448,161,0.359375
Chhattisgarh,BASTAR,2008,Kharif,Small millets,17100,3382,0.197777778
Chhattisgarh,BASTAR,2008,Kharif,Soyabean,22,29,1.318181818
Chhattisgarh,BASTAR,2008,Kharif,Sunflower,40,8,0.2
Chhattisgarh,BASTAR,2008,Kharif,Urad,9953,3691,0.370842962
Chhattisgarh,BASTAR,2008,Rabi,Gram,803,595,0.740971357
Chhattisgarh,BASTAR,2008,Rabi,Horse-gram,1,,
Chhattisgarh,BASTAR,2008,Rabi,Khesari,18,6,0.333333333
Chhattisgarh,BASTAR,2008,Rabi,Linseed,634,171,0.269716088
Chhattisgarh,BASTAR,2008,Rabi,Masoor,26,9,0.346153846
Chhattisgarh,BASTAR,2008,Rabi,Moong(Green Gram),12,3,0.25
Chhattisgarh,BASTAR,2008,Rabi,Other  Rabi pulses,14,4,0.285714286
Chhattisgarh,BASTAR,2008,Rabi,Peas & beans (Pulses),299,87,0.2909699
Chhattisgarh,BASTAR,2008,Rabi,Potato,184,970,5.27173913
Chhattisgarh,BASTAR,2008,Rabi,Rapeseed &Mustard,2387,848,0.355257646
Chhattisgarh,BASTAR,2008,Rabi,Wheat,888,1734,1.952702703
Chhattisgarh,BASTAR,2008,Whole Year,Banana,43,2004,46.60465116
Chhattisgarh,BASTAR,2008,Whole Year,Coriander,68,18,0.264705882
Chhattisgarh,BASTAR,2008,Whole Year,Dry chillies,274,137,0.5
Chhattisgarh,BASTAR,2008,Whole Year,Dry ginger,106,127,1.198113208
Chhattisgarh,BASTAR,2008,Whole Year,Garlic,3,10,3.333333333
Chhattisgarh,BASTAR,2008,Whole Year,Onion,174,952,5.471264368
Chhattisgarh,BASTAR,2008,Whole Year,Sannhamp,66,21,0.318181818
Chhattisgarh,BASTAR,2008,Whole Year,Sugarcane,672,2179,3.242559524
Chhattisgarh,BASTAR,2008,Whole Year,Sweet potato,285,1686,5.915789474
Chhattisgarh,BASTAR,2008,Whole Year,Tobacco,2,1,0.5
Chhattisgarh,BASTAR,2008,Whole Year,Turmeric,156,135,0.865384615
Chhattisgarh,BASTAR,2009,Kharif,Arhar/Tur,902,528,0.585365854
Chhattisgarh,BASTAR,2009,Kharif,Castor seed,5,1,0.2
Chhattisgarh,BASTAR,2009,Kharif,Groundnut,14,23,1.642857143
Chhattisgarh,BASTAR,2009,Kharif,Horse-gram,8521,2569,0.301490435
Chhattisgarh,BASTAR,2009,Kharif,Jowar,575,793,1.379130435
Chhattisgarh,BASTAR,2009,Kharif,Maize,19188,37053,1.931050657
Chhattisgarh,BASTAR,2009,Kharif,Mesta,63,141,2.238095238
Chhattisgarh,BASTAR,2009,Kharif,Moong(Green Gram),230,79,0.343478261
Chhattisgarh,BASTAR,2009,Kharif,Niger seed,11994,2226,0.185592796
Chhattisgarh,BASTAR,2009,Kharif,Other Kharif pulses,493,59,0.119675456
Chhattisgarh,BASTAR,2009,Kharif,Ragi,4616,1226,0.26559792
Chhattisgarh,BASTAR,2009,Kharif,Rice,240074,278302,1.159234236
Chhattisgarh,BASTAR,2009,Kharif,Sesamum,463,240,0.518358531
Chhattisgarh,BASTAR,2009,Kharif,Small millets,14590,2404,0.164770391
Chhattisgarh,BASTAR,2009,Kharif,Soyabean,11,12,1.090909091
Chhattisgarh,BASTAR,2009,Kharif,Sunflower,30,6,0.2
Chhattisgarh,BASTAR,2009,Kharif,Urad,10110,3355,0.331849654
Chhattisgarh,BASTAR,2009,Rabi,Gram,863,911,1.05561993
Chhattisgarh,BASTAR,2009,Rabi,Khesari,11,8,0.727272727
Chhattisgarh,BASTAR,2009,Rabi,Linseed,577,199,0.344887348
Chhattisgarh,BASTAR,2009,Rabi,Masoor,10,3,0.3
Chhattisgarh,BASTAR,2009,Rabi,Moong(Green Gram),15,4,0.266666667
Chhattisgarh,BASTAR,2009,Rabi,Other  Rabi pulses,11,4,0.363636364
Chhattisgarh,BASTAR,2009,Rabi,Peas & beans (Pulses),344,97,0.281976744
Chhattisgarh,BASTAR,2009,Rabi,Rapeseed &Mustard,2332,1428,0.612349914
Chhattisgarh,BASTAR,2009,Rabi,Wheat,817,1651,2.020807834
Chhattisgarh,BASTAR,2009,Whole Year,Banana,57,5547,97.31578947
Chhattisgarh,BASTAR,2009,Whole Year,Coriander,43,9,0.209302326
Chhattisgarh,BASTAR,2009,Whole Year,Cotton(lint),2,,
Chhattisgarh,BASTAR,2009,Whole Year,Dry chillies,321,200,0.62305296
Chhattisgarh,BASTAR,2009,Whole Year,Dry ginger,97,125,1.288659794
Chhattisgarh,BASTAR,2009,Whole Year,Garlic,5,17,3.4
Chhattisgarh,BASTAR,2009,Whole Year,Potato,175,852,4.868571429
Chhattisgarh,BASTAR,2009,Whole Year,Sannhamp,77,26,0.337662338
Chhattisgarh,BASTAR,2009,Whole Year,Sugarcane,552,3419,6.19384058
Chhattisgarh,BASTAR,2009,Whole Year,Sweet potato,309,1801,5.828478964
Chhattisgarh,BASTAR,2009,Whole Year,Tobacco,3,2,0.666666667
Chhattisgarh,BASTAR,2009,Whole Year,Turmeric,157,135,0.859872611
Chhattisgarh,BASTAR,2010,Kharif,Arhar/Tur,906,508,0.560706402
Chhattisgarh,BASTAR,2010,Kharif,Castor seed,5,2,0.4
Chhattisgarh,BASTAR,2010,Kharif,Groundnut,13,20,1.538461538
Chhattisgarh,BASTAR,2010,Kharif,Horse-gram,7797,2854,0.36603822
Chhattisgarh,BASTAR,2010,Kharif,Jowar,554,916,1.653429603
Chhattisgarh,BASTAR,2010,Kharif,Maize,20242,40570,2.004248592
Chhattisgarh,BASTAR,2010,Kharif,Mesta,83,211,2.542168675
Chhattisgarh,BASTAR,2010,Kharif,Moong(Green Gram),224,89,0.397321429
Chhattisgarh,BASTAR,2010,Kharif,Niger seed,12189,2591,0.212568709
Chhattisgarh,BASTAR,2010,Kharif,Other Kharif pulses,487,59,0.121149897
Chhattisgarh,BASTAR,2010,Kharif,Ragi,4269,1192,0.2792223
Chhattisgarh,BASTAR,2010,Kharif,Rice,239376,401486,1.677219103
Chhattisgarh,BASTAR,2010,Kharif,Sesamum,464,207,0.44612069
Chhattisgarh,BASTAR,2010,Kharif,Small millets,13965,2630,0.188327963
Chhattisgarh,BASTAR,2010,Kharif,Soyabean,17,25,1.470588235
Chhattisgarh,BASTAR,2010,Kharif,Sunflower,30,6,0.2
Chhattisgarh,BASTAR,2010,Kharif,Urad,9790,4012,0.409805924
Chhattisgarh,BASTAR,2010,Rabi,Gram,928,936,1.00862069
Chhattisgarh,BASTAR,2010,Rabi,Khesari,12,10,0.833333333
Chhattisgarh,BASTAR,2010,Rabi,Linseed,459,133,0.289760349
Chhattisgarh,BASTAR,2010,Rabi,Masoor,26,8,0.307692308
Chhattisgarh,BASTAR,2010,Rabi,Moong(Green Gram),14,4,0.285714286
Chhattisgarh,BASTAR,2010,Rabi,Other  Rabi pulses,17,6,0.352941176
Chhattisgarh,BASTAR,2010,Rabi,Peas & beans (Pulses),365,120,0.328767123
Chhattisgarh,BASTAR,2010,Rabi,Rapeseed &Mustard,2318,1350,0.582398619
Chhattisgarh,BASTAR,2010,Rabi,Wheat,672,1420,2.113095238
Chhattisgarh,BASTAR,2010,Whole Year,Banana,61,2843,46.60655738
Chhattisgarh,BASTAR,2010,Whole Year,Coriander,73,20,0.273972603
Chhattisgarh,BASTAR,2010,Whole Year,Dry chillies,533,210,0.393996248
Chhattisgarh,BASTAR,2010,Whole Year,Dry ginger,124,156,1.258064516
Chhattisgarh,BASTAR,2010,Whole Year,Garlic,4,14,3.5
Chhattisgarh,BASTAR,2010,Whole Year,Onion,82,445,5.426829268
Chhattisgarh,BASTAR,2010,Whole Year,Potato,225,1271,5.648888889
Chhattisgarh,BASTAR,2010,Whole Year,Sannhamp,71,29,0.408450704
Chhattisgarh,BASTAR,2010,Whole Year,Sugarcane,471,1175,2.494692144
Chhattisgarh,BASTAR,2010,Whole Year,Sweet potato,301,1754,5.827242525
Chhattisgarh,BASTAR,2010,Whole Year,Tobacco,3,2,0.666666667
Chhattisgarh,BASTAR,2010,Whole Year,Turmeric,162,129,0.796296296
Chhattisgarh,BASTAR,2011,Kharif,Arhar/Tur,526,295,0.560836502
Chhattisgarh,BASTAR,2011,Kharif,Castor seed,3,1,0.333333333
Chhattisgarh,BASTAR,2011,Kharif,Horse-gram,3002,1099,0.366089274
Chhattisgarh,BASTAR,2011,Kharif,Jowar,360,362,1.005555556
Chhattisgarh,BASTAR,2011,Kharif,Maize,9153,18879,2.062602425
Chhattisgarh,BASTAR,2011,Kharif,Mesta,58,139,2.396551724
Chhattisgarh,BASTAR,2011,Kharif,Moong(Green Gram),72,30,0.416666667
Chhattisgarh,BASTAR,2011,Kharif,Niger seed,9369,1896,0.202369516
Chhattisgarh,BASTAR,2011,Kharif,Other Kharif pulses,209,42,0.200956938
Chhattisgarh,BASTAR,2011,Kharif,Potato,3,18,6
Chhattisgarh,BASTAR,2011,Kharif,Ragi,1988,547,0.275150905
Chhattisgarh,BASTAR,2011,Kharif,Rice,136930,145313,1.061221062
Chhattisgarh,BASTAR,2011,Kharif,Sesamum,102,55,0.539215686
Chhattisgarh,BASTAR,2011,Kharif,Small millets,12213,2477,0.202816671
Chhattisgarh,BASTAR,2011,Kharif,Soyabean,15,15,1
Chhattisgarh,BASTAR,2011,Kharif,Sunflower,7,2,0.285714286
Chhattisgarh,BASTAR,2011,Kharif,Urad,1913,784,0.409827496
Chhattisgarh,BASTAR,2011,Rabi,Gram,299,271,0.906354515
Chhattisgarh,BASTAR,2011,Rabi,Linseed,50,21,0.42
Chhattisgarh,BASTAR,2011,Rabi,Masoor,16,5,0.3125
Chhattisgarh,BASTAR,2011,Rabi,Moong(Green Gram),10,4,0.4
Chhattisgarh,BASTAR,2011,Rabi,Other  Rabi pulses,11,3,0.272727273
Chhattisgarh,BASTAR,2011,Rabi,Peas & beans (Pulses),106,28,0.264150943
Chhattisgarh,BASTAR,2011,Rabi,Potato,53,328,6.188679245
Chhattisgarh,BASTAR,2011,Rabi,Rapeseed &Mustard,1647,1114,0.676381299
Chhattisgarh,BASTAR,2011,Rabi,Wheat,434,855,1.970046083
Chhattisgarh,BASTAR,2011,Whole Year,Banana,87,3186,36.62068966
Chhattisgarh,BASTAR,2011,Whole Year,Coconut,14,,
Chhattisgarh,BASTAR,2011,Whole Year,Coriander,19,5,0.263157895
Chhattisgarh,BASTAR,2011,Whole Year,Dry chillies,220,157,0.713636364
Chhattisgarh,BASTAR,2011,Whole Year,Dry ginger,91,120,1.318681319
Chhattisgarh,BASTAR,2011,Whole Year,Onion,150,714,4.76
Chhattisgarh,BASTAR,2011,Whole Year,Sannhamp,28,67,2.392857143
Chhattisgarh,BASTAR,2011,Whole Year,Sugarcane,523,3152,6.026768642
Chhattisgarh,BASTAR,2011,Whole Year,Sweet potato,125,718,5.744
Chhattisgarh,BASTAR,2011,Whole Year,Tobacco,3,2,0.666666667
Chhattisgarh,BASTAR,2011,Whole Year,Turmeric,117,104,0.888888889
Chhattisgarh,BASTAR,2012,Kharif,Arhar/Tur,502,343,0.683266932
Chhattisgarh,BASTAR,2012,Kharif,Castor seed,3,1,0.333333333
Chhattisgarh,BASTAR,2012,Kharif,Groundnut,1,2,2
Chhattisgarh,BASTAR,2012,Kharif,Horse-gram,2970,1087,0.365993266
Chhattisgarh,BASTAR,2012,Kharif,Jowar,292,255,0.873287671
Chhattisgarh,BASTAR,2012,Kharif,Maize,9503,22351,2.351994107
Chhattisgarh,BASTAR,2012,Kharif,Mesta,57,142,2.49122807
Chhattisgarh,BASTAR,2012,Kharif,Moong(Green Gram),64,27,0.421875
Chhattisgarh,BASTAR,2012,Kharif,Niger seed,9022,1978,0.219241853
Chhattisgarh,BASTAR,2012,Kharif,Other Kharif pulses,194,37,0.190721649
Chhattisgarh,BASTAR,2012,Kharif,Potato,3,21,7
Chhattisgarh,BASTAR,2012,Kharif,Ragi,1950,580,0.297435897
Chhattisgarh,BASTAR,2012,Kharif,Rice,137609,244700,1.778226715
Chhattisgarh,BASTAR,2012,Kharif,Sesamum,86,29,0.337209302
Chhattisgarh,BASTAR,2012,Kharif,Small millets,11702,2631,0.224833362
Chhattisgarh,BASTAR,2012,Kharif,Soyabean,17,30,1.764705882
Chhattisgarh,BASTAR,2012,Kharif,Sunflower,3,1,0.333333333
Chhattisgarh,BASTAR,2012,Kharif,Urad,1867,753,0.403320836
Chhattisgarh,BASTAR,2012,Rabi,Gram,339,440,1.297935103
Chhattisgarh,BASTAR,2012,Rabi,Khesari,7,4,0.571428571
Chhattisgarh,BASTAR,2012,Rabi,Linseed,71,37,0.521126761
Chhattisgarh,BASTAR,2012,Rabi,Masoor,9,3,0.333333333
Chhattisgarh,BASTAR,2012,Rabi,Moong(Green Gram),7,2,0.285714286
Chhattisgarh,BASTAR,2012,Rabi,Other  Rabi pulses,9,3,0.333333333
Chhattisgarh,BASTAR,2012,Rabi,Peas & beans (Pulses),66,19,0.287878788
Chhattisgarh,BASTAR,2012,Rabi,Potato,58,407,7.017241379
Chhattisgarh,BASTAR,2012,Rabi,Rapeseed &Mustard,1661,1261,0.759181216
Chhattisgarh,BASTAR,2012,Rabi,Urad,3,1,0.333333333
Chhattisgarh,BASTAR,2012,Rabi,Wheat,398,876,2.201005025
Chhattisgarh,BASTAR,2012,Whole Year,Banana,92,1229,13.35869565
Chhattisgarh,BASTAR,2012,Whole Year,Coconut,11,,
Chhattisgarh,BASTAR,2012,Whole Year,Coriander,12,3,0.25
Chhattisgarh,BASTAR,2012,Whole Year,Dry chillies,461,433,0.939262473
Chhattisgarh,BASTAR,2012,Whole Year,Dry ginger,88,115,1.306818182
Chhattisgarh,BASTAR,2012,Whole Year,Onion,132,425,3.21969697
Chhattisgarh,BASTAR,2012,Whole Year,Sannhamp,38,17,0.447368421
Chhattisgarh,BASTAR,2012,Whole Year,Sugarcane,420,1467,3.492857143
Chhattisgarh,BASTAR,2012,Whole Year,Sweet potato,121,685,5.661157025
Chhattisgarh,BASTAR,2012,Whole Year,Tobacco,4,2,0.5
Chhattisgarh,BASTAR,2012,Whole Year,Turmeric,110,104,0.945454545
Chhattisgarh,BASTAR,2013,Kharif,Arhar/Tur,496,330,0.665322581
Chhattisgarh,BASTAR,2013,Kharif,Groundnut,1,1,1
Chhattisgarh,BASTAR,2013,Kharif,Horse-gram,2902,1062,0.365954514
Chhattisgarh,BASTAR,2013,Kharif,Maize,9560,22398,2.342887029
Chhattisgarh,BASTAR,2013,Kharif,Mesta,59,111,1.881355932
Chhattisgarh,BASTAR,2013,Kharif,Moong(Green Gram),51,22,0.431372549
Chhattisgarh,BASTAR,2013,Kharif,Niger seed,8418,495,0.058802566
Chhattisgarh,BASTAR,2013,Kharif,Other Kharif pulses,174,27,0.155172414
Chhattisgarh,BASTAR,2013,Kharif,Potato,3,12,4
Chhattisgarh,BASTAR,2013,Kharif,Ragi,1837,463,0.252041372
Chhattisgarh,BASTAR,2013,Kharif,Rice,137727,229306,1.66493135
Chhattisgarh,BASTAR,2013,Kharif,Sannhamp,31,14,0.451612903
Chhattisgarh,BASTAR,2013,Kharif,Sesamum,63,22,0.349206349
Chhattisgarh,BASTAR,2013,Kharif,Small millets,11669,2172,0.186134202
Chhattisgarh,BASTAR,2013,Kharif,Urad,1828,738,0.403719912
Chhattisgarh,BASTAR,2013,Rabi,Gram,298,272,0.912751678
Chhattisgarh,BASTAR,2013,Rabi,Khesari,8,5,0.625
Chhattisgarh,BASTAR,2013,Rabi,Linseed,40,17,0.425
Chhattisgarh,BASTAR,2013,Rabi,Masoor,6,1,0.166666667
Chhattisgarh,BASTAR,2013,Rabi,Other  Rabi pulses,9,12,1.333333333
Chhattisgarh,BASTAR,2013,Rabi,Peas & beans (Pulses),121,34,0.280991736
Chhattisgarh,BASTAR,2013,Rabi,Potato,54,280,5.185185185
Chhattisgarh,BASTAR,2013,Rabi,Rapeseed &Mustard,1630,1135,0.696319018
Chhattisgarh,BASTAR,2013,Rabi,Wheat,353,752,2.130311615
Chhattisgarh,BASTAR,2013,Whole Year,Banana,74,2956,39.94594595
Chhattisgarh,BASTAR,2013,Whole Year,Coconut,1,,
Chhattisgarh,BASTAR,2013,Whole Year,Coriander,12,3,0.25
Chhattisgarh,BASTAR,2013,Whole Year,Dry chillies,199,127,0.638190955
Chhattisgarh,BASTAR,2013,Whole Year,Dry ginger,87,101,1.16091954
Chhattisgarh,BASTAR,2013,Whole Year,Jowar,250,201,0.804
Chhattisgarh,BASTAR,2013,Whole Year,Onion,149,741,4.973154362
Chhattisgarh,BASTAR,2013,Whole Year,Sugarcane,487,1360,2.792607803
Chhattisgarh,BASTAR,2013,Whole Year,Sweet potato,105,548,5.219047619
Chhattisgarh,BASTAR,2013,Whole Year,Tobacco,7,4,0.571428571
Chhattisgarh,BASTAR,2013,Whole Year,Turmeric,102,96,0.941176471
Chhattisgarh,BASTAR,2014,Kharif,Arhar/Tur,433,314,0.72517321
Chhattisgarh,BASTAR,2014,Kharif,Horse-gram,2741,1003,0.365924845
Chhattisgarh,BASTAR,2014,Kharif,Maize,9924,19865,2.001713019
Chhattisgarh,BASTAR,2014,Kharif,Mesta,75,185,2.466666667
Chhattisgarh,BASTAR,2014,Kharif,Moong(Green Gram),42,16,0.380952381
Chhattisgarh,BASTAR,2014,Kharif,Niger seed,8087,1692,0.209224682
Chhattisgarh,BASTAR,2014,Kharif,Other Kharif pulses,156,14,0.08974359
Chhattisgarh,BASTAR,2014,Kharif,Potato,1,7,7
Chhattisgarh,BASTAR,2014,Kharif,Ragi,1674,483,0.288530466
Chhattisgarh,BASTAR,2014,Kharif,Rice,132393,241480,1.823963503
Chhattisgarh,BASTAR,2014,Kharif,Sannhamp,47,20,0.425531915
Chhattisgarh,BASTAR,2014,Kharif,Sesamum,138,77,0.557971014
Chhattisgarh,BASTAR,2014,Kharif,Small millets,11075,2344,0.211647856
Chhattisgarh,BASTAR,2014,Kharif,Soyabean,16,17,1.0625
Chhattisgarh,BASTAR,2014,Kharif,Urad,1763,746,0.423142371
Chhattisgarh,BASTAR,2014,Rabi,Castor seed,3,1,0.333333333
Chhattisgarh,BASTAR,2014,Rabi,Gram,271,369,1.361623616
Chhattisgarh,BASTAR,2014,Rabi,Khesari,8,10,1.25
Chhattisgarh,BASTAR,2014,Rabi,Linseed,26,11,0.423076923
Chhattisgarh,BASTAR,2014,Rabi,Masoor,9,3,0.333333333
Chhattisgarh,BASTAR,2014,Rabi,Other  Rabi pulses,19,5,0.263157895
Chhattisgarh,BASTAR,2014,Rabi,Peas & beans (Pulses),58,16,0.275862069
Chhattisgarh,BASTAR,2014,Rabi,Potato,45,297,6.6
Chhattisgarh,BASTAR,2014,Rabi,Rapeseed &Mustard,1701,1077,0.633156966
Chhattisgarh,BASTAR,2014,Rabi,Urad,2,1,0.5
Chhattisgarh,BASTAR,2014,Rabi,Wheat,265,619,2.335849057
Chhattisgarh,BASTAR,2014,Whole Year,Banana,66,2988,45.27272727
Chhattisgarh,BASTAR,2014,Whole Year,Coconut,1,,
Chhattisgarh,BASTAR,2014,Whole Year,Coriander,11,3,0.272727273
Chhattisgarh,BASTAR,2014,Whole Year,Dry chillies,561,240,0.427807487
Chhattisgarh,BASTAR,2014,Whole Year,Dry ginger,86,91,1.058139535
Chhattisgarh,BASTAR,2014,Whole Year,Jowar,207,184,0.888888889
Chhattisgarh,BASTAR,2014,Whole Year,Onion,142,1219,8.584507042
Chhattisgarh,BASTAR,2014,Whole Year,Sugarcane,596,3156,5.295302013
Chhattisgarh,BASTAR,2014,Whole Year,Sweet potato,111,638,5.747747748
Chhattisgarh,BASTAR,2014,Whole Year,Tobacco,7,4,0.571428571
Chhattisgarh,BASTAR,2014,Whole Year,Turmeric,116,66,0.568965517
Chhattisgarh,BEMETARA,2011,Kharif,Arhar/Tur,4495,2144,0.476974416
Chhattisgarh,BEMETARA,2011,Kharif,Cotton(lint),45,68,1.511111111
Chhattisgarh,BEMETARA,2011,Kharif,Groundnut,330,512,1.551515152
Chhattisgarh,BEMETARA,2011,Kharif,Jowar,3,2,0.666666667
Chhattisgarh,BEMETARA,2011,Kharif,Maize,17,20,1.176470588
Chhattisgarh,BEMETARA,2011,Kharif,Moong(Green Gram),10,2,0.2
Chhattisgarh,BEMETARA,2011,Kharif,Rice,155499,271535,1.746217017
Chhattisgarh,BEMETARA,2011,Kharif,Sesamum,154,59,0.383116883
Chhattisgarh,BEMETARA,2011,Kharif,Small millets,868,116,0.133640553
Chhattisgarh,BEMETARA,2011,Kharif,Soyabean,32629,23959,0.734285452
Chhattisgarh,BEMETARA,2011,Kharif,Sunflower,7,4,0.571428571
Chhattisgarh,BEMETARA,2011,Kharif,Urad,451,136,0.301552106
Chhattisgarh,BEMETARA,2011,Rabi,Barley,74,65,0.878378378
Chhattisgarh,BEMETARA,2011,Rabi,Gram,80201,86872,1.083178514
Chhattisgarh,BEMETARA,2011,Rabi,Khesari,32490,17084,0.52582333
Chhattisgarh,BEMETARA,2011,Rabi,Linseed,952,342,0.359243697
Chhattisgarh,BEMETARA,2011,Rabi,Masoor,3641,1263,0.346882725
Chhattisgarh,BEMETARA,2011,Rabi,Moong(Green Gram),20,5,0.25
Chhattisgarh,BEMETARA,2011,Rabi,Other  Rabi pulses,88,25,0.284090909
Chhattisgarh,BEMETARA,2011,Rabi,Peas & beans (Pulses),275,92,0.334545455
Chhattisgarh,BEMETARA,2011,Rabi,Potato,3,20,6.666666667
Chhattisgarh,BEMETARA,2011,Rabi,Rapeseed &Mustard,171,69,0.403508772
Chhattisgarh,BEMETARA,2011,Rabi,Safflower,94,22,0.234042553
Chhattisgarh,BEMETARA,2011,Rabi,Urad,18,4,0.222222222
Chhattisgarh,BEMETARA,2011,Rabi,Wheat,15773,17173,1.088759272
Chhattisgarh,BEMETARA,2011,Whole Year,Banana,111,3387,30.51351351
Chhattisgarh,BEMETARA,2011,Whole Year,Coriander,421,116,0.275534442
Chhattisgarh,BEMETARA,2011,Whole Year,Dry chillies,97,107,1.103092784
Chhattisgarh,BEMETARA,2011,Whole Year,Dry ginger,60,70,1.166666667
Chhattisgarh,BEMETARA,2011,Whole Year,Onion,117,445,3.803418803
Chhattisgarh,BEMETARA,2011,Whole Year,Sugarcane,1981,6009,3.033316507
Chhattisgarh,BEMETARA,2011,Whole Year,Sweet potato,12,74,6.166666667
Chhattisgarh,BEMETARA,2011,Whole Year,Turmeric,20,23,1.15
Chhattisgarh,BEMETARA,2012,Kharif,Arhar/Tur,3141,1558,0.496020376
Chhattisgarh,BEMETARA,2012,Kharif,Castor seed,47,15,0.319148936
Chhattisgarh,BEMETARA,2012,Kharif,Cotton(lint),45,12,0.266666667
Chhattisgarh,BEMETARA,2012,Kharif,Groundnut,282,395,1.40070922
Chhattisgarh,BEMETARA,2012,Kharif,Horse-gram,2,1,0.5
Chhattisgarh,BEMETARA,2012,Kharif,Jowar,3,2,0.666666667
Chhattisgarh,BEMETARA,2012,Kharif,Maize,10,16,1.6
Chhattisgarh,BEMETARA,2012,Kharif,Moong(Green Gram),50,11,0.22
Chhattisgarh,BEMETARA,2012,Kharif,Other Kharif pulses,5936,3,0.000505391
Chhattisgarh,BEMETARA,2012,Kharif,Rice,154451,266542,1.72573826
Chhattisgarh,BEMETARA,2012,Kharif,Sesamum,228,59,0.25877193
Chhattisgarh,BEMETARA,2012,Kharif,Small millets,902,183,0.202882483
Chhattisgarh,BEMETARA,2012,Kharif,Soyabean,29313,29967,1.02231092
Chhattisgarh,BEMETARA,2012,Kharif,Sunflower,12,9,0.75
Chhattisgarh,BEMETARA,2012,Kharif,Urad,368,121,0.328804348
Chhattisgarh,BEMETARA,2012,Rabi,Barley,74,41,0.554054054
Chhattisgarh,BEMETARA,2012,Rabi,Gram,86689,105445,1.21635963
Chhattisgarh,BEMETARA,2012,Rabi,Khesari,29165,11320,0.388136465
Chhattisgarh,BEMETARA,2012,Rabi,Linseed,708,267,0.377118644
Chhattisgarh,BEMETARA,2012,Rabi,Masoor,3226,1031,0.319590825
Chhattisgarh,BEMETARA,2012,Rabi,Moong(Green Gram),21,6,0.285714286
Chhattisgarh,BEMETARA,2012,Rabi,Other  Rabi pulses,78,6,0.076923077
Chhattisgarh,BEMETARA,2012,Rabi,Peas & beans (Pulses),401,133,0.331670823
Chhattisgarh,BEMETARA,2012,Rabi,Potato,2,12,6
Chhattisgarh,BEMETARA,2012,Rabi,Rapeseed &Mustard,170,68,0.4
Chhattisgarh,BEMETARA,2012,Rabi,Safflower,198,51,0.257575758
Chhattisgarh,BEMETARA,2012,Rabi,Urad,37,8,0.216216216
Chhattisgarh,BEMETARA,2012,Rabi,Wheat,15404,15384,0.998701636
Chhattisgarh,BEMETARA,2012,Whole Year,Banana,111,101,0.90990991
Chhattisgarh,BEMETARA,2012,Whole Year,Coriander,137,36,0.262773723
Chhattisgarh,BEMETARA,2012,Whole Year,Dry chillies,68,81,1.191176471
Chhattisgarh,BEMETARA,2012,Whole Year,Dry ginger,15,17,1.133333333
Chhattisgarh,BEMETARA,2012,Whole Year,Onion,133,284,2.135338346
Chhattisgarh,BEMETARA,2012,Whole Year,Sannhamp,4,1,0.25
Chhattisgarh,BEMETARA,2012,Whole Year,Sugarcane,1981,5837,2.946491671
Chhattisgarh,BEMETARA,2012,Whole Year,Sweet potato,7,35,5
Chhattisgarh,BEMETARA,2012,Whole Year,Turmeric,19,18,0.947368421
Chhattisgarh,BEMETARA,2013,Kharif,Arhar/Tur,3630,1987,0.54738292
Chhattisgarh,BEMETARA,2013,Kharif,Groundnut,275,469,1.705454545
Chhattisgarh,BEMETARA,2013,Kharif,Maize,24,21,0.875
Chhattisgarh,BEMETARA,2013,Kharif,Moong(Green Gram),17,4,0.235294118
Chhattisgarh,BEMETARA,2013,Kharif,Other Kharif pulses,23,12,0.52173913
Chhattisgarh,BEMETARA,2013,Kharif,Rice,156979,231018,1.471649074
Chhattisgarh,BEMETARA,2013,Kharif,Sesamum,182,40,0.21978022
Chhattisgarh,BEMETARA,2013,Kharif,Small millets,617,140,0.226904376
Chhattisgarh,BEMETARA,2013,Kharif,Soyabean,35703,27883,0.780970787
Chhattisgarh,BEMETARA,2013,Kharif,Sunflower,106,62,0.58490566
Chhattisgarh,BEMETARA,2013,Kharif,Urad,276,84,0.304347826
Chhattisgarh,BEMETARA,2013,Rabi,Barley,196,77,0.392857143
Chhattisgarh,BEMETARA,2013,Rabi,Gram,100680,84933,0.843593564
Chhattisgarh,BEMETARA,2013,Rabi,Khesari,26820,11818,0.440641312
Chhattisgarh,BEMETARA,2013,Rabi,Linseed,654,223,0.340978593
Chhattisgarh,BEMETARA,2013,Rabi,Masoor,3069,1065,0.347018573
Chhattisgarh,BEMETARA,2013,Rabi,Moong(Green Gram),19,5,0.263157895
Chhattisgarh,BEMETARA,2013,Rabi,Other  Rabi pulses,31,37,1.193548387
Chhattisgarh,BEMETARA,2013,Rabi,Peas & beans (Pulses),480,151,0.314583333
Chhattisgarh,BEMETARA,2013,Rabi,Rapeseed &Mustard,169,74,0.437869822
Chhattisgarh,BEMETARA,2013,Rabi,Safflower,203,40,0.197044335
Chhattisgarh,BEMETARA,2013,Rabi,Urad,38,9,0.236842105
Chhattisgarh,BEMETARA,2013,Rabi,Wheat,11859,11412,0.962307109
Chhattisgarh,BEMETARA,2013,Whole Year,Banana,198,6435,32.5
Chhattisgarh,BEMETARA,2013,Whole Year,Coriander,278,68,0.244604317
Chhattisgarh,BEMETARA,2013,Whole Year,Cotton(lint),19,23,1.210526316
Chhattisgarh,BEMETARA,2013,Whole Year,Dry chillies,83,62,0.746987952
Chhattisgarh,BEMETARA,2013,Whole Year,Dry ginger,25,27,1.08
Chhattisgarh,BEMETARA,2013,Whole Year,Garlic,36,102,2.833333333
Chhattisgarh,BEMETARA,2013,Whole Year,Onion,121,640,5.289256198
Chhattisgarh,BEMETARA,2013,Whole Year,Sugarcane,296,976,3.297297297
Chhattisgarh,BEMETARA,2013,Whole Year,Sweet potato,3,19,6.333333333
Chhattisgarh,BEMETARA,2013,Whole Year,Turmeric,33,43,1.303030303
Chhattisgarh,BEMETARA,2014,Kharif,Arhar/Tur,2525,1489,0.58970297
Chhattisgarh,BEMETARA,2014,Kharif,Groundnut,240,387,1.6125
Chhattisgarh,BEMETARA,2014,Kharif,Maize,33,46,1.393939394
Chhattisgarh,BEMETARA,2014,Kharif,Moong(Green Gram),20,6,0.3
Chhattisgarh,BEMETARA,2014,Kharif,Other Kharif pulses,2765,2,0.000723327
Chhattisgarh,BEMETARA,2014,Kharif,Rice,160884,274799,1.708056737
Chhattisgarh,BEMETARA,2014,Kharif,Sesamum,135,52,0.385185185
Chhattisgarh,BEMETARA,2014,Kharif,Small millets,747,161,0.215528782
Chhattisgarh,BEMETARA,2014,Kharif,Soyabean,30195,16628,0.5506872
Chhattisgarh,BEMETARA,2014,Kharif,Sunflower,104,51,0.490384615
Chhattisgarh,BEMETARA,2014,Kharif,Urad,344,88,0.255813953
Chhattisgarh,BEMETARA,2014,Rabi,Barley,105,61,0.580952381
Chhattisgarh,BEMETARA,2014,Rabi,Gram,92710,100363,1.082547729
Chhattisgarh,BEMETARA,2014,Rabi,Horse-gram,2,,
Chhattisgarh,BEMETARA,2014,Rabi,Khesari,31032,23548,0.758829595
Chhattisgarh,BEMETARA,2014,Rabi,Linseed,96,34,0.354166667
Chhattisgarh,BEMETARA,2014,Rabi,Masoor,2955,940,0.318104907
Chhattisgarh,BEMETARA,2014,Rabi,Moong(Green Gram),18,4,0.222222222
Chhattisgarh,BEMETARA,2014,Rabi,Other  Rabi pulses,89,9,0.101123596
Chhattisgarh,BEMETARA,2014,Rabi,Peas & beans (Pulses),418,127,0.303827751
Chhattisgarh,BEMETARA,2014,Rabi,Potato,1,6,6
Chhattisgarh,BEMETARA,2014,Rabi,Rapeseed &Mustard,112,50,0.446428571
Chhattisgarh,BEMETARA,2014,Rabi,Safflower,116,25,0.215517241
Chhattisgarh,BEMETARA,2014,Rabi,Urad,47,9,0.191489362
Chhattisgarh,BEMETARA,2014,Rabi,Wheat,16209,16083,0.992226541
Chhattisgarh,BEMETARA,2014,Whole Year,Banana,198,7080,35.75757576
Chhattisgarh,BEMETARA,2014,Whole Year,Coriander,124,31,0.25
Chhattisgarh,BEMETARA,2014,Whole Year,Cotton(lint),23,29,1.260869565
Chhattisgarh,BEMETARA,2014,Whole Year,Dry chillies,37,19,0.513513514
Chhattisgarh,BEMETARA,2014,Whole Year,Dry ginger,25,28,1.12
Chhattisgarh,BEMETARA,2014,Whole Year,Garlic,36,105,2.916666667
Chhattisgarh,BEMETARA,2014,Whole Year,Jowar,1,1,1
Chhattisgarh,BEMETARA,2014,Whole Year,Onion,104,909,8.740384615
Chhattisgarh,BEMETARA,2014,Whole Year,Sugarcane,985,7761,7.879187817
Chhattisgarh,BEMETARA,2014,Whole Year,Sweet potato,9,57,6.333333333
Chhattisgarh,BEMETARA,2014,Whole Year,Turmeric,25,29,1.16
Chhattisgarh,BIJAPUR,2006,Kharif,Arhar/Tur,11,,
Chhattisgarh,BIJAPUR,2006,Kharif,Groundnut,12,,
Chhattisgarh,BIJAPUR,2006,Kharif,Horse-gram,456,,
Chhattisgarh,BIJAPUR,2006,Kharif,Jowar,94,,
Chhattisgarh,BIJAPUR,2006,Kharif,Maize,901,,
Chhattisgarh,BIJAPUR,2006,Kharif,Mesta,6,,
Chhattisgarh,BIJAPUR,2006,Kharif,Moong(Green Gram),357,,
Chhattisgarh,BIJAPUR,2006,Kharif,Niger seed,30,,
Chhattisgarh,BIJAPUR,2006,Kharif,Other Kharif pulses,199,,
Chhattisgarh,BIJAPUR,2006,Kharif,Ragi,110,,
Chhattisgarh,BIJAPUR,2006,Kharif,Rice,59305,,
Chhattisgarh,BIJAPUR,2006,Kharif,Sesamum,195,,
Chhattisgarh,BIJAPUR,2006,Kharif,Small millets,1272,11,0.008647799
Chhattisgarh,BIJAPUR,2006,Kharif,Urad,384,,
Chhattisgarh,BIJAPUR,2006,Rabi,Gram,2,,
Chhattisgarh,BIJAPUR,2006,Rabi,Horse-gram,379,,
Chhattisgarh,BIJAPUR,2006,Rabi,Moong(Green Gram),524,,
Chhattisgarh,BIJAPUR,2006,Rabi,Other  Rabi pulses,112,,
Chhattisgarh,BIJAPUR,2006,Rabi,Rapeseed &Mustard,143,,
Chhattisgarh,BIJAPUR,2006,Rabi,Urad,210,,
Chhattisgarh,BIJAPUR,2006,Rabi,Wheat,4,,
Chhattisgarh,BIJAPUR,2006,Whole Year,Banana,3,,
Chhattisgarh,BIJAPUR,2006,Whole Year,Coriander,10,,
Chhattisgarh,BIJAPUR,2006,Whole Year,Dry chillies,63,,
Chhattisgarh,BIJAPUR,2006,Whole Year,Onion,1,,
Chhattisgarh,BIJAPUR,2006,Whole Year,Sannhamp,15,,
Chhattisgarh,BIJAPUR,2006,Whole Year,Sugarcane,1,,
Chhattisgarh,BIJAPUR,2006,Whole Year,Sweet potato,9,,
Chhattisgarh,BIJAPUR,2006,Whole Year,Turmeric,12,,
Chhattisgarh,BIJAPUR,2007,Kharif,Arhar/Tur,11,7,0.636363636
Chhattisgarh,BIJAPUR,2007,Kharif,Groundnut,11,7,0.636363636
Chhattisgarh,BIJAPUR,2007,Kharif,Horse-gram,458,141,0.307860262
Chhattisgarh,BIJAPUR,2007,Kharif,Jowar,715,124,0.173426573
Chhattisgarh,BIJAPUR,2007,Kharif,Maize,921,1562,1.695982628
Chhattisgarh,BIJAPUR,2007,Kharif,Mesta,5,13,2.6
Chhattisgarh,BIJAPUR,2007,Kharif,Moong(Green Gram),353,127,0.359773371
Chhattisgarh,BIJAPUR,2007,Kharif,Niger seed,46,10,0.217391304
Chhattisgarh,BIJAPUR,2007,Kharif,Other Kharif pulses,252,30,0.119047619
Chhattisgarh,BIJAPUR,2007,Kharif,Ragi,103,25,0.242718447
Chhattisgarh,BIJAPUR,2007,Kharif,Rice,61042,81497,1.335097146
Chhattisgarh,BIJAPUR,2007,Kharif,Sesamum,171,60,0.350877193
Chhattisgarh,BIJAPUR,2007,Kharif,Small millets,1425,362,0.254035088
Chhattisgarh,BIJAPUR,2007,Kharif,Urad,383,140,0.365535248
Chhattisgarh,BIJAPUR,2007,Rabi,Gram,1,1,1
Chhattisgarh,BIJAPUR,2007,Rabi,Horse-gram,361,115,0.318559557
Chhattisgarh,BIJAPUR,2007,Rabi,Moong(Green Gram),511,138,0.270058708
Chhattisgarh,BIJAPUR,2007,Rabi,Other  Rabi pulses,112,4,0.035714286
Chhattisgarh,BIJAPUR,2007,Rabi,Rapeseed &Mustard,154,59,0.383116883
Chhattisgarh,BIJAPUR,2007,Rabi,Urad,210,43,0.204761905
Chhattisgarh,BIJAPUR,2007,Rabi,Wheat,2,3,1.5
Chhattisgarh,BIJAPUR,2007,Whole Year,Banana,3,110,36.66666667
Chhattisgarh,BIJAPUR,2007,Whole Year,Coriander,6,2,0.333333333
Chhattisgarh,BIJAPUR,2007,Whole Year,Dry chillies,56,36,0.642857143
Chhattisgarh,BIJAPUR,2007,Whole Year,Onion,1,9,9
Chhattisgarh,BIJAPUR,2007,Whole Year,Sannhamp,13,4,0.307692308
Chhattisgarh,BIJAPUR,2007,Whole Year,Sugarcane,1,4,4
Chhattisgarh,BIJAPUR,2007,Whole Year,Sweet potato,8,45,5.625
Chhattisgarh,BIJAPUR,2007,Whole Year,Turmeric,11,9,0.818181818
Chhattisgarh,BIJAPUR,2008,Kharif,Arhar/Tur,7,4,0.571428571
Chhattisgarh,BIJAPUR,2008,Kharif,Coconut,21,,
Chhattisgarh,BIJAPUR,2008,Kharif,Groundnut,10,6,0.6
Chhattisgarh,BIJAPUR,2008,Kharif,Horse-gram,432,95,0.219907407
Chhattisgarh,BIJAPUR,2008,Kharif,Jowar,649,98,0.151001541
Chhattisgarh,BIJAPUR,2008,Kharif,Maize,817,634,0.776009792
Chhattisgarh,BIJAPUR,2008,Kharif,Mesta,5,9,1.8
Chhattisgarh,BIJAPUR,2008,Kharif,Moong(Green Gram),365,88,0.24109589
Chhattisgarh,BIJAPUR,2008,Kharif,Niger seed,45,5,0.111111111
Chhattisgarh,BIJAPUR,2008,Kharif,Other Kharif pulses,268,32,0.119402985
Chhattisgarh,BIJAPUR,2008,Kharif,Ragi,88,30,0.340909091
Chhattisgarh,BIJAPUR,2008,Kharif,Rice,61144,42886,0.701393432
Chhattisgarh,BIJAPUR,2008,Kharif,Sesamum,142,30,0.211267606
Chhattisgarh,BIJAPUR,2008,Kharif,Small millets,1005,187,0.186069652
Chhattisgarh,BIJAPUR,2008,Kharif,Sunflower,2,,
Chhattisgarh,BIJAPUR,2008,Kharif,Urad,372,88,0.23655914
Chhattisgarh,BIJAPUR,2008,Rabi,Gram,3,2,0.666666667
Chhattisgarh,BIJAPUR,2008,Rabi,Horse-gram,286,80,0.27972028
Chhattisgarh,BIJAPUR,2008,Rabi,Moong(Green Gram),460,126,0.273913043
Chhattisgarh,BIJAPUR,2008,Rabi,Other  Rabi pulses,61,8,0.131147541
Chhattisgarh,BIJAPUR,2008,Rabi,Rapeseed &Mustard,87,28,0.32183908
Chhattisgarh,BIJAPUR,2008,Rabi,Urad,183,36,0.196721311
Chhattisgarh,BIJAPUR,2008,Whole Year,Banana,3,70,23.33333333
Chhattisgarh,BIJAPUR,2008,Whole Year,Dry chillies,62,25,0.403225806
Chhattisgarh,BIJAPUR,2008,Whole Year,Sannhamp,13,3,0.230769231
Chhattisgarh,BIJAPUR,2008,Whole Year,Sugarcane,1,3,3
Chhattisgarh,BIJAPUR,2008,Whole Year,Sweet potato,14,82,5.857142857
Chhattisgarh,BIJAPUR,2008,Whole Year,Turmeric,11,,
Chhattisgarh,BIJAPUR,2009,Kharif,Arhar/Tur,7,3,0.428571429
Chhattisgarh,BIJAPUR,2009,Kharif,Groundnut,4,6,1.5
Chhattisgarh,BIJAPUR,2009,Kharif,Horse-gram,367,93,0.253405995
Chhattisgarh,BIJAPUR,2009,Kharif,Jowar,567,511,0.901234568
Chhattisgarh,BIJAPUR,2009,Kharif,Maize,662,689,1.040785498
Chhattisgarh,BIJAPUR,2009,Kharif,Mesta,42,64,1.523809524
Chhattisgarh,BIJAPUR,2009,Kharif,Moong(Green Gram),278,74,0.26618705
Chhattisgarh,BIJAPUR,2009,Kharif,Niger seed,45,5,0.111111111
Chhattisgarh,BIJAPUR,2009,Kharif,Other Kharif pulses,175,7,0.04
Chhattisgarh,BIJAPUR,2009,Kharif,Ragi,70,13,0.185714286
Chhattisgarh,BIJAPUR,2009,Kharif,Rice,58042,66370,1.143482306
Chhattisgarh,BIJAPUR,2009,Kharif,Sesamum,105,35,0.333333333
Chhattisgarh,BIJAPUR,2009,Kharif,Small millets,746,96,0.128686327
Chhattisgarh,BIJAPUR,2009,Kharif,Urad,313,86,0.274760383
Chhattisgarh,BIJAPUR,2009,Rabi,Horse-gram,243,71,0.29218107
Chhattisgarh,BIJAPUR,2009,Rabi,Moong(Green Gram),387,106,0.273901809
Chhattisgarh,BIJAPUR,2009,Rabi,Other  Rabi pulses,41,,
Chhattisgarh,BIJAPUR,2009,Rabi,Rapeseed &Mustard,63,17,0.26984127
Chhattisgarh,BIJAPUR,2009,Rabi,Urad,155,58,0.374193548
Chhattisgarh,BIJAPUR,2009,Whole Year,Banana,4,327,81.75
Chhattisgarh,BIJAPUR,2009,Whole Year,Coriander,2,,
Chhattisgarh,BIJAPUR,2009,Whole Year,Dry chillies,34,10,0.294117647
Chhattisgarh,BIJAPUR,2009,Whole Year,Dry ginger,5,,
Chhattisgarh,BIJAPUR,2009,Whole Year,Sannhamp,8,2,0.25
Chhattisgarh,BIJAPUR,2009,Whole Year,Sugarcane,1,,
Chhattisgarh,BIJAPUR,2009,Whole Year,Sweet potato,15,91,6.066666667
Chhattisgarh,BIJAPUR,2009,Whole Year,Turmeric,12,10,0.833333333
Chhattisgarh,BIJAPUR,2010,Kharif,Arhar/Tur,7,3,0.428571429
Chhattisgarh,BIJAPUR,2010,Kharif,Groundnut,8,12,1.5
Chhattisgarh,BIJAPUR,2010,Kharif,Horse-gram,353,114,0.322946176
Chhattisgarh,BIJAPUR,2010,Kharif,Jowar,606,854,1.409240924
Chhattisgarh,BIJAPUR,2010,Kharif,Maize,702,1034,1.472934473
Chhattisgarh,BIJAPUR,2010,Kharif,Mesta,20,43,2.15
Chhattisgarh,BIJAPUR,2010,Kharif,Moong(Green Gram),363,129,0.355371901
Chhattisgarh,BIJAPUR,2010,Kharif,Niger seed,46,10,0.217391304
Chhattisgarh,BIJAPUR,2010,Kharif,Other Kharif pulses,217,37,0.170506912
Chhattisgarh,BIJAPUR,2010,Kharif,Ragi,78,21,0.269230769
Chhattisgarh,BIJAPUR,2010,Kharif,Rice,59639,127052,2.130350945
Chhattisgarh,BIJAPUR,2010,Kharif,Sesamum,107,29,0.271028037
Chhattisgarh,BIJAPUR,2010,Kharif,Small millets,660,155,0.234848485
Chhattisgarh,BIJAPUR,2010,Kharif,Urad,321,115,0.358255452
Chhattisgarh,BIJAPUR,2010,Rabi,Horse-gram,235,46,0.195744681
Chhattisgarh,BIJAPUR,2010,Rabi,Moong(Green Gram),418,91,0.217703349
Chhattisgarh,BIJAPUR,2010,Rabi,Other  Rabi pulses,57,2,0.035087719
Chhattisgarh,BIJAPUR,2010,Rabi,Rapeseed &Mustard,51,15,0.294117647
Chhattisgarh,BIJAPUR,2010,Rabi,Urad,195,50,0.256410256
Chhattisgarh,BIJAPUR,2010,Whole Year,Banana,3,100,33.33333333
Chhattisgarh,BIJAPUR,2010,Whole Year,Dry chillies,50,16,0.32
Chhattisgarh,BIJAPUR,2010,Whole Year,Dry ginger,1,1,1
Chhattisgarh,BIJAPUR,2010,Whole Year,Sannhamp,7,3,0.428571429
Chhattisgarh,BIJAPUR,2010,Whole Year,Sugarcane,1,2,2
Chhattisgarh,BIJAPUR,2010,Whole Year,Sweet potato,11,75,6.818181818
Chhattisgarh,BIJAPUR,2010,Whole Year,Turmeric,11,9,0.818181818
Chhattisgarh,BIJAPUR,2011,Kharif,Arhar/Tur,7,4,0.571428571
Chhattisgarh,BIJAPUR,2011,Kharif,Groundnut,1,1,1
Chhattisgarh,BIJAPUR,2011,Kharif,Horse-gram,348,103,0.295977011
Chhattisgarh,BIJAPUR,2011,Kharif,Jowar,381,236,0.619422572
Chhattisgarh,BIJAPUR,2011,Kharif,Maize,654,1350,2.064220183
Chhattisgarh,BIJAPUR,2011,Kharif,Mesta,9,21,2.333333333
Chhattisgarh,BIJAPUR,2011,Kharif,Moong(Green Gram),346,92,0.265895954
Chhattisgarh,BIJAPUR,2011,Kharif,Niger seed,41,8,0.195121951
Chhattisgarh,BIJAPUR,2011,Kharif,Other Kharif pulses,196,30,0.153061224
Chhattisgarh,BIJAPUR,2011,Kharif,Ragi,64,12,0.1875
Chhattisgarh,BIJAPUR,2011,Kharif,Rice,55919,79528,1.422199968
Chhattisgarh,BIJAPUR,2011,Kharif,Sesamum,93,18,0.193548387
Chhattisgarh,BIJAPUR,2011,Kharif,Small millets,549,133,0.242258652
Chhattisgarh,BIJAPUR,2011,Kharif,Urad,301,69,0.22923588
Chhattisgarh,BIJAPUR,2011,Rabi,Horse-gram,125,40,0.32
Chhattisgarh,BIJAPUR,2011,Rabi,Moong(Green Gram),204,69,0.338235294
Chhattisgarh,BIJAPUR,2011,Rabi,Other  Rabi pulses,31,1,0.032258065
Chhattisgarh,BIJAPUR,2011,Rabi,Rapeseed &Mustard,37,17,0.459459459
Chhattisgarh,BIJAPUR,2011,Rabi,Urad,122,47,0.385245902
Chhattisgarh,BIJAPUR,2011,Whole Year,Banana,6,220,36.66666667
Chhattisgarh,BIJAPUR,2011,Whole Year,Coconut,21,,
Chhattisgarh,BIJAPUR,2011,Whole Year,Dry chillies,51,35,0.68627451
Chhattisgarh,BIJAPUR,2011,Whole Year,Sannhamp,6,9,1.5
Chhattisgarh,BIJAPUR,2011,Whole Year,Sugarcane,1,4,4
Chhattisgarh,BIJAPUR,2011,Whole Year,Sweet potato,12,60,5
Chhattisgarh,BIJAPUR,2011,Whole Year,Turmeric,12,6,0.5
Chhattisgarh,BIJAPUR,2012,Kharif,Arhar/Tur,12,7,0.583333333
Chhattisgarh,BIJAPUR,2012,Kharif,Groundnut,9,13,1.444444444
Chhattisgarh,BIJAPUR,2012,Kharif,Horse-gram,343,148,0.43148688
Chhattisgarh,BIJAPUR,2012,Kharif,Jowar,451,389,0.862527716
Chhattisgarh,BIJAPUR,2012,Kharif,Maize,629,1268,2.015898251
Chhattisgarh,BIJAPUR,2012,Kharif,Mesta,8,17,2.125
Chhattisgarh,BIJAPUR,2012,Kharif,Moong(Green Gram),333,130,0.39039039
Chhattisgarh,BIJAPUR,2012,Kharif,Niger seed,13,3,0.230769231
Chhattisgarh,BIJAPUR,2012,Kharif,Other Kharif pulses,227,36,0.158590308
Chhattisgarh,BIJAPUR,2012,Kharif,Ragi,66,20,0.303030303
Chhattisgarh,BIJAPUR,2012,Kharif,Rice,60841,115818,1.903617626
Chhattisgarh,BIJAPUR,2012,Kharif,Sesamum,94,26,0.276595745
Chhattisgarh,BIJAPUR,2012,Kharif,Small millets,446,114,0.255605381
Chhattisgarh,BIJAPUR,2012,Kharif,Urad,320,103,0.321875
Chhattisgarh,BIJAPUR,2012,Rabi,Horse-gram,155,49,0.316129032
Chhattisgarh,BIJAPUR,2012,Rabi,Moong(Green Gram),238,61,0.256302521
Chhattisgarh,BIJAPUR,2012,Rabi,Other  Rabi pulses,44,5,0.113636364
Chhattisgarh,BIJAPUR,2012,Rabi,Rapeseed &Mustard,41,19,0.463414634
Chhattisgarh,BIJAPUR,2012,Rabi,Urad,160,62,0.3875
Chhattisgarh,BIJAPUR,2012,Whole Year,Banana,7,140,20
Chhattisgarh,BIJAPUR,2012,Whole Year,Coconut,21,,
Chhattisgarh,BIJAPUR,2012,Whole Year,Coriander,2,1,0.5
Chhattisgarh,BIJAPUR,2012,Whole Year,Dry chillies,53,39,0.735849057
Chhattisgarh,BIJAPUR,2012,Whole Year,Onion,1,2,2
Chhattisgarh,BIJAPUR,2012,Whole Year,Sannhamp,5,2,0.4
Chhattisgarh,BIJAPUR,2012,Whole Year,Sweet potato,13,68,5.230769231
Chhattisgarh,BIJAPUR,2012,Whole Year,Turmeric,14,8,0.571428571
Chhattisgarh,BIJAPUR,2013,Kharif,Arhar/Tur,10,10,1
Chhattisgarh,BIJAPUR,2013,Kharif,Groundnut,13,9,0.692307692
Chhattisgarh,BIJAPUR,2013,Kharif,Horse-gram,311,122,0.392282958
Chhattisgarh,BIJAPUR,2013,Kharif,Maize,580,1487,2.563793103
Chhattisgarh,BIJAPUR,2013,Kharif,Mesta,3,7,2.333333333
Chhattisgarh,BIJAPUR,2013,Kharif,Moong(Green Gram),341,144,0.42228739
Chhattisgarh,BIJAPUR,2013,Kharif,Niger seed,12,79,6.583333333
Chhattisgarh,BIJAPUR,2013,Kharif,Other Kharif pulses,224,26,0.116071429
Chhattisgarh,BIJAPUR,2013,Kharif,Ragi,78,19,0.243589744
Chhattisgarh,BIJAPUR,2013,Kharif,Rice,61635,99211,1.609653606
Chhattisgarh,BIJAPUR,2013,Kharif,Sannhamp,7,3,0.428571429
Chhattisgarh,BIJAPUR,2013,Kharif,Sesamum,94,23,0.244680851
Chhattisgarh,BIJAPUR,2013,Kharif,Small millets,336,76,0.226190476
Chhattisgarh,BIJAPUR,2013,Kharif,Urad,316,133,0.420886076
Chhattisgarh,BIJAPUR,2013,Rabi,Horse-gram,137,41,0.299270073
Chhattisgarh,BIJAPUR,2013,Rabi,Moong(Green Gram),255,73,0.28627451
Chhattisgarh,BIJAPUR,2013,Rabi,Other  Rabi pulses,42,43,1.023809524
Chhattisgarh,BIJAPUR,2013,Rabi,Rapeseed &Mustard,43,24,0.558139535
Chhattisgarh,BIJAPUR,2013,Rabi,Urad,173,78,0.450867052
Chhattisgarh,BIJAPUR,2013,Whole Year,Banana,7,327,46.71428571
Chhattisgarh,BIJAPUR,2013,Whole Year,Coconut,21,,
Chhattisgarh,BIJAPUR,2013,Whole Year,Dry chillies,54,35,0.648148148
Chhattisgarh,BIJAPUR,2013,Whole Year,Jowar,523,384,0.734225621
Chhattisgarh,BIJAPUR,2013,Whole Year,Onion,2,10,5
Chhattisgarh,BIJAPUR,2013,Whole Year,Sweet potato,15,79,5.266666667
Chhattisgarh,BIJAPUR,2013,Whole Year,Turmeric,18,10,0.555555556
Chhattisgarh,BIJAPUR,2014,Kharif,Arhar/Tur,7,4,0.571428571
Chhattisgarh,BIJAPUR,2014,Kharif,Groundnut,13,15,1.153846154
Chhattisgarh,BIJAPUR,2014,Kharif,Horse-gram,330,98,0.296969697
Chhattisgarh,BIJAPUR,2014,Kharif,Maize,609,1298,2.13136289
Chhattisgarh,BIJAPUR,2014,Kharif,Mesta,3,1,0.333333333
Chhattisgarh,BIJAPUR,2014,Kharif,Moong(Green Gram),357,116,0.324929972
Chhattisgarh,BIJAPUR,2014,Kharif,Niger seed,11,3,0.272727273
Chhattisgarh,BIJAPUR,2014,Kharif,Other Kharif pulses,235,44,0.187234043
Chhattisgarh,BIJAPUR,2014,Kharif,Ragi,74,17,0.22972973
Chhattisgarh,BIJAPUR,2014,Kharif,Rice,61565,115289,1.872638675
Chhattisgarh,BIJAPUR,2014,Kharif,Sannhamp,4,1,0.25
Chhattisgarh,BIJAPUR,2014,Kharif,Sesamum,74,25,0.337837838
Chhattisgarh,BIJAPUR,2014,Kharif,Small millets,282,70,0.24822695
Chhattisgarh,BIJAPUR,2014,Kharif,Soyabean,1,1,1
Chhattisgarh,BIJAPUR,2014,Kharif,Urad,321,136,0.423676012
Chhattisgarh,BIJAPUR,2014,Rabi,Horse-gram,126,42,0.333333333
Chhattisgarh,BIJAPUR,2014,Rabi,Moong(Green Gram),226,74,0.327433628
Chhattisgarh,BIJAPUR,2014,Rabi,Other  Rabi pulses,44,3,0.068181818
Chhattisgarh,BIJAPUR,2014,Rabi,Rapeseed &Mustard,26,9,0.346153846
Chhattisgarh,BIJAPUR,2014,Rabi,Urad,171,60,0.350877193
Chhattisgarh,BIJAPUR,2014,Whole Year,Banana,6,200,33.33333333
Chhattisgarh,BIJAPUR,2014,Whole Year,Coconut,21,,
Chhattisgarh,BIJAPUR,2014,Whole Year,Coriander,1,,
Chhattisgarh,BIJAPUR,2014,Whole Year,Dry chillies,42,19,0.452380952
Chhattisgarh,BIJAPUR,2014,Whole Year,Jowar,516,484,0.937984496
Chhattisgarh,BIJAPUR,2014,Whole Year,Onion,1,10,10
Chhattisgarh,BIJAPUR,2014,Whole Year,Sweet potato,16,74,4.625
Chhattisgarh,BIJAPUR,2014,Whole Year,Turmeric,15,13,0.866666667
Chhattisgarh,BILASPUR,2000,Kharif,Arhar/Tur,3295,1480,0.449165402
Chhattisgarh,BILASPUR,2000,Kharif,Cotton(lint),13,,
Chhattisgarh,BILASPUR,2000,Kharif,Groundnut,3094,2620,0.846800259
Chhattisgarh,BILASPUR,2000,Kharif,Horse-gram,1530,316,0.206535948
Chhattisgarh,BILASPUR,2000,Kharif,Jowar,571,406,0.711033275
Chhattisgarh,BILASPUR,2000,Kharif,Maize,4548,4422,0.972295515
Chhattisgarh,BILASPUR,2000,Kharif,Mesta,51,94,1.843137255
Chhattisgarh,BILASPUR,2000,Kharif,Moong(Green Gram),49,8,0.163265306
Chhattisgarh,BILASPUR,2000,Kharif,Niger seed,1015,249,0.245320197
Chhattisgarh,BILASPUR,2000,Kharif,Other Kharif pulses,176,76,0.431818182
Chhattisgarh,BILASPUR,2000,Kharif,Rice,314066,195548,0.622633459
Chhattisgarh,BILASPUR,2000,Kharif,Sesamum,687,92,0.133915575
Chhattisgarh,BILASPUR,2000,Kharif,Small millets,8261,1361,0.16475003
Chhattisgarh,BILASPUR,2000,Kharif,Soyabean,591,313,0.529610829
Chhattisgarh,BILASPUR,2000,Kharif,Sunflower,3,1,0.333333333
Chhattisgarh,BILASPUR,2000,Kharif,Urad,2870,422,0.147038328
Chhattisgarh,BILASPUR,2000,Rabi,Barley,11,9,0.818181818
Chhattisgarh,BILASPUR,2000,Rabi,Gram,17356,10284,0.592532842
Chhattisgarh,BILASPUR,2000,Rabi,Khesari,56000,29538,0.527464286
Chhattisgarh,BILASPUR,2000,Rabi,Linseed,4350,816,0.187586207
Chhattisgarh,BILASPUR,2000,Rabi,Masoor,932,258,0.276824034
Chhattisgarh,BILASPUR,2000,Rabi,Moong(Green Gram),6,2,0.333333333
Chhattisgarh,BILASPUR,2000,Rabi,Other  Rabi pulses,94,38,0.404255319
Chhattisgarh,BILASPUR,2000,Rabi,Peas & beans (Pulses),510,157,0.307843137
Chhattisgarh,BILASPUR,2000,Rabi,Rapeseed &Mustard,2211,520,0.235187698
Chhattisgarh,BILASPUR,2000,Rabi,Safflower,635,126,0.198425197
Chhattisgarh,BILASPUR,2000,Rabi,Urad,104,22,0.211538462
Chhattisgarh,BILASPUR,2000,Rabi,Wheat,8540,8015,0.93852459
Chhattisgarh,BILASPUR,2000,Whole Year,Banana,4,143,35.75
Chhattisgarh,BILASPUR,2000,Whole Year,Coriander,621,156,0.251207729
Chhattisgarh,BILASPUR,2000,Whole Year,Dry chillies,506,104,0.205533597
Chhattisgarh,BILASPUR,2000,Whole Year,Dry ginger,35,38,1.085714286
Chhattisgarh,BILASPUR,2000,Whole Year,Garlic,40,131,3.275
Chhattisgarh,BILASPUR,2000,Whole Year,Onion,68,569,8.367647059
Chhattisgarh,BILASPUR,2000,Whole Year,Potato,345,2335,6.768115942
Chhattisgarh,BILASPUR,2000,Whole Year,Sannhamp,100,17,0.17
Chhattisgarh,BILASPUR,2000,Whole Year,Sugarcane,163,510,3.128834356
Chhattisgarh,BILASPUR,2000,Whole Year,Sweet potato,294,1847,6.282312925
Chhattisgarh,BILASPUR,2000,Whole Year,Turmeric,1,1,1
Chhattisgarh,BILASPUR,2001,Kharif,Arhar/Tur,4180,1665,0.398325359
Chhattisgarh,BILASPUR,2001,Kharif,Castor seed,10,2,0.2
Chhattisgarh,BILASPUR,2001,Kharif,Groundnut,2984,3934,1.318364611
Chhattisgarh,BILASPUR,2001,Kharif,Horse-gram,1228,360,0.293159609
Chhattisgarh,BILASPUR,2001,Kharif,Jowar,556,552,0.992805755
Chhattisgarh,BILASPUR,2001,Kharif,Maize,4668,3344,0.716366752
Chhattisgarh,BILASPUR,2001,Kharif,Mesta,22,45,2.045454545
Chhattisgarh,BILASPUR,2001,Kharif,Moong(Green Gram),77,17,0.220779221
Chhattisgarh,BILASPUR,2001,Kharif,Niger seed,826,202,0.244552058
Chhattisgarh,BILASPUR,2001,Kharif,Other Kharif pulses,262,118,0.450381679
Chhattisgarh,BILASPUR,2001,Kharif,Rice,319809,448855,1.403509595
Chhattisgarh,BILASPUR,2001,Kharif,Sesamum,889,190,0.213723285
Chhattisgarh,BILASPUR,2001,Kharif,Small millets,8036,2321,0.288825286
Chhattisgarh,BILASPUR,2001,Kharif,Soyabean,554,503,0.907942238
Chhattisgarh,BILASPUR,2001,Kharif,Sunflower,31,14,0.451612903
Chhattisgarh,BILASPUR,2001,Kharif,Urad,1924,436,0.226611227
Chhattisgarh,BILASPUR,2001,Rabi,Barley,7,6,0.857142857
Chhattisgarh,BILASPUR,2001,Rabi,Gram,19188,14032,0.73129039
Chhattisgarh,BILASPUR,2001,Rabi,Khesari,71236,43482,0.610393621
Chhattisgarh,BILASPUR,2001,Rabi,Linseed,4567,1164,0.254871907
Chhattisgarh,BILASPUR,2001,Rabi,Masoor,796,250,0.314070352
Chhattisgarh,BILASPUR,2001,Rabi,Moong(Green Gram),26,5,0.192307692
Chhattisgarh,BILASPUR,2001,Rabi,Other  Rabi pulses,92,38,0.413043478
Chhattisgarh,BILASPUR,2001,Rabi,Peas & beans (Pulses),803,271,0.337484433
Chhattisgarh,BILASPUR,2001,Rabi,Rapeseed &Mustard,2556,789,0.308685446
Chhattisgarh,BILASPUR,2001,Rabi,Safflower,73,16,0.219178082
Chhattisgarh,BILASPUR,2001,Rabi,Urad,158,32,0.202531646
Chhattisgarh,BILASPUR,2001,Rabi,Wheat,12253,12946,1.056557578
Chhattisgarh,BILASPUR,2001,Whole Year,Banana,3,107,35.66666667
Chhattisgarh,BILASPUR,2001,Whole Year,Coriander,607,154,0.253706755
Chhattisgarh,BILASPUR,2001,Whole Year,Dry chillies,786,338,0.430025445
Chhattisgarh,BILASPUR,2001,Whole Year,Dry ginger,39,47,1.205128205
Chhattisgarh,BILASPUR,2001,Whole Year,Garlic,46,161,3.5
Chhattisgarh,BILASPUR,2001,Whole Year,Onion,76,785,10.32894737
Chhattisgarh,BILASPUR,2001,Whole Year,Potato,337,2274,6.747774481
Chhattisgarh,BILASPUR,2001,Whole Year,Sannhamp,120,38,0.316666667
Chhattisgarh,BILASPUR,2001,Whole Year,Sugarcane,95,293,3.084210526
Chhattisgarh,BILASPUR,2001,Whole Year,Sweet potato,299,1943,6.498327759
Chhattisgarh,BILASPUR,2001,Whole Year,Turmeric,2,2,1
Chhattisgarh,BILASPUR,2002,Kharif,Arhar/Tur,4351,2007,0.461273271
Chhattisgarh,BILASPUR,2002,Kharif,Castor seed,21,6,0.285714286
Chhattisgarh,BILASPUR,2002,Kharif,Groundnut,3221,2951,0.916175101
Chhattisgarh,BILASPUR,2002,Kharif,Horse-gram,1049,262,0.249761678
Chhattisgarh,BILASPUR,2002,Kharif,Jowar,465,428,0.920430108
Chhattisgarh,BILASPUR,2002,Kharif,Maize,4578,5483,1.197684578
Chhattisgarh,BILASPUR,2002,Kharif,Mesta,1,2,2
Chhattisgarh,BILASPUR,2002,Kharif,Moong(Green Gram),98,18,0.183673469
Chhattisgarh,BILASPUR,2002,Kharif,Niger seed,678,100,0.147492625
Chhattisgarh,BILASPUR,2002,Kharif,Other Kharif pulses,245,98,0.4
Chhattisgarh,BILASPUR,2002,Kharif,Rice,316368,212099,0.670418626
Chhattisgarh,BILASPUR,2002,Kharif,Sesamum,767,171,0.222946545
Chhattisgarh,BILASPUR,2002,Kharif,Small millets,7283,1224,0.168062612
Chhattisgarh,BILASPUR,2002,Kharif,Soyabean,355,218,0.614084507
Chhattisgarh,BILASPUR,2002,Kharif,Sunflower,15,5,0.333333333
Chhattisgarh,BILASPUR,2002,Kharif,Urad,2152,411,0.19098513
Chhattisgarh,BILASPUR,2002,Rabi,Barley,8,3,0.375
Chhattisgarh,BILASPUR,2002,Rabi,Gram,18095,12052,0.666040343
Chhattisgarh,BILASPUR,2002,Rabi,Horse-gram,14,4,0.285714286
Chhattisgarh,BILASPUR,2002,Rabi,Khesari,64033,38655,0.603673106
Chhattisgarh,BILASPUR,2002,Rabi,Linseed,3398,968,0.284873455
Chhattisgarh,BILASPUR,2002,Rabi,Masoor,1014,291,0.286982249
Chhattisgarh,BILASPUR,2002,Rabi,Moong(Green Gram),234,53,0.226495726
Chhattisgarh,BILASPUR,2002,Rabi,Other  Rabi pulses,103,38,0.368932039
Chhattisgarh,BILASPUR,2002,Rabi,Peas & beans (Pulses),727,232,0.31911967
Chhattisgarh,BILASPUR,2002,Rabi,Rapeseed &Mustard,2535,643,0.253648915
Chhattisgarh,BILASPUR,2002,Rabi,Safflower,20,4,0.2
Chhattisgarh,BILASPUR,2002,Rabi,Urad,720,151,0.209722222
Chhattisgarh,BILASPUR,2002,Rabi,Wheat,10820,11319,1.046118299
Chhattisgarh,BILASPUR,2002,Whole Year,Banana,7,203,29
Chhattisgarh,BILASPUR,2002,Whole Year,Coriander,549,137,0.249544627
Chhattisgarh,BILASPUR,2002,Whole Year,Dry chillies,645,496,0.768992248
Chhattisgarh,BILASPUR,2002,Whole Year,Dry ginger,43,46,1.069767442
Chhattisgarh,BILASPUR,2002,Whole Year,Garlic,54,173,3.203703704
Chhattisgarh,BILASPUR,2002,Whole Year,Onion,209,1848,8.842105263
Chhattisgarh,BILASPUR,2002,Whole Year,Papaya,5,163,32.6
Chhattisgarh,BILASPUR,2002,Whole Year,Potato,407,2937,7.216216216
Chhattisgarh,BILASPUR,2002,Whole Year,Sannhamp,108,25,0.231481481
Chhattisgarh,BILASPUR,2002,Whole Year,Sugarcane,190,575,3.026315789
Chhattisgarh,BILASPUR,2002,Whole Year,Sweet potato,211,1234,5.848341232
Chhattisgarh,BILASPUR,2002,Whole Year,Turmeric,2,2,1
Chhattisgarh,BILASPUR,2003,Kharif,Arhar/Tur,4263,2687,0.630307295
Chhattisgarh,BILASPUR,2003,Kharif,Castor seed,15,4,0.266666667
Chhattisgarh,BILASPUR,2003,Kharif,Groundnut,2918,3089,1.058601782
Chhattisgarh,BILASPUR,2003,Kharif,Horse-gram,1106,318,0.287522604
Chhattisgarh,BILASPUR,2003,Kharif,Jowar,444,412,0.927927928
Chhattisgarh,BILASPUR,2003,Kharif,Maize,4406,5456,1.238311394
Chhattisgarh,BILASPUR,2003,Kharif,Mesta,23,49,2.130434783
Chhattisgarh,BILASPUR,2003,Kharif,Moong(Green Gram),119,26,0.218487395
Chhattisgarh,BILASPUR,2003,Kharif,Niger seed,717,179,0.249651325
Chhattisgarh,BILASPUR,2003,Kharif,Other Kharif pulses,227,105,0.462555066
Chhattisgarh,BILASPUR,2003,Kharif,Rice,320204,505972,1.580155151
Chhattisgarh,BILASPUR,2003,Kharif,Sesamum,761,203,0.266754271
Chhattisgarh,BILASPUR,2003,Kharif,Small millets,7093,2206,0.311010856
Chhattisgarh,BILASPUR,2003,Kharif,Soyabean,525,525,1
Chhattisgarh,BILASPUR,2003,Kharif,Sunflower,17,7,0.411764706
Chhattisgarh,BILASPUR,2003,Kharif,Urad,2138,493,0.230589336
Chhattisgarh,BILASPUR,2003,Rabi,Barley,12,10,0.833333333
Chhattisgarh,BILASPUR,2003,Rabi,Gram,21450,19667,0.916876457
Chhattisgarh,BILASPUR,2003,Rabi,Horse-gram,18,6,0.333333333
Chhattisgarh,BILASPUR,2003,Rabi,Khesari,83557,62089,0.74307359
Chhattisgarh,BILASPUR,2003,Rabi,Linseed,4283,1273,0.297221574
Chhattisgarh,BILASPUR,2003,Rabi,Masoor,1014,325,0.320512821
Chhattisgarh,BILASPUR,2003,Rabi,Moong(Green Gram),20,5,0.25
Chhattisgarh,BILASPUR,2003,Rabi,Other  Rabi pulses,111,46,0.414414414
Chhattisgarh,BILASPUR,2003,Rabi,Peas & beans (Pulses),898,313,0.348552339
Chhattisgarh,BILASPUR,2003,Rabi,Rapeseed &Mustard,2415,830,0.3436853
Chhattisgarh,BILASPUR,2003,Rabi,Safflower,116,24,0.206896552
Chhattisgarh,BILASPUR,2003,Rabi,Urad,228,53,0.23245614
Chhattisgarh,BILASPUR,2003,Rabi,Wheat,13290,14065,1.058314522
Chhattisgarh,BILASPUR,2003,Whole Year,Banana,2,68,34
Chhattisgarh,BILASPUR,2003,Whole Year,Coriander,615,153,0.248780488
Chhattisgarh,BILASPUR,2003,Whole Year,Dry chillies,814,443,0.544226044
Chhattisgarh,BILASPUR,2003,Whole Year,Dry ginger,42,50,1.19047619
Chhattisgarh,BILASPUR,2003,Whole Year,Garlic,59,183,3.101694915
Chhattisgarh,BILASPUR,2003,Whole Year,Onion,89,887,9.966292135
Chhattisgarh,BILASPUR,2003,Whole Year,Papaya,6,206,34.33333333
Chhattisgarh,BILASPUR,2003,Whole Year,Potato,431,2156,5.002320186
Chhattisgarh,BILASPUR,2003,Whole Year,Sannhamp,121,35,0.289256198
Chhattisgarh,BILASPUR,2003,Whole Year,Sugarcane,171,535,3.128654971
Chhattisgarh,BILASPUR,2003,Whole Year,Sweet potato,232,1432,6.172413793
Chhattisgarh,BILASPUR,2003,Whole Year,Turmeric,2,1,0.5
Chhattisgarh,BILASPUR,2004,Kharif,Arhar/Tur,3867,2088,0.539953452
Chhattisgarh,BILASPUR,2004,Kharif,Castor seed,11,3,0.272727273
Chhattisgarh,BILASPUR,2004,Kharif,Groundnut,2787,3205,1.14998206
Chhattisgarh,BILASPUR,2004,Kharif,Horse-gram,1013,274,0.270483712
Chhattisgarh,BILASPUR,2004,Kharif,Jowar,423,259,0.612293144
Chhattisgarh,BILASPUR,2004,Kharif,Maize,4210,5549,1.318052257
Chhattisgarh,BILASPUR,2004,Kharif,Mesta,170,302,1.776470588
Chhattisgarh,BILASPUR,2004,Kharif,Moong(Green Gram),107,22,0.205607477
Chhattisgarh,BILASPUR,2004,Kharif,Niger seed,585,102,0.174358974
Chhattisgarh,BILASPUR,2004,Kharif,Other Kharif pulses,267,119,0.445692884
Chhattisgarh,BILASPUR,2004,Kharif,Rice,321626,433960,1.349269027
Chhattisgarh,BILASPUR,2004,Kharif,Sesamum,990,261,0.263636364
Chhattisgarh,BILASPUR,2004,Kharif,Small millets,6416,1641,0.255766833
Chhattisgarh,BILASPUR,2004,Kharif,Soyabean,851,897,1.054054054
Chhattisgarh,BILASPUR,2004,Kharif,Sunflower,22,10,0.454545455
Chhattisgarh,BILASPUR,2004,Kharif,Urad,2228,451,0.202423698
Chhattisgarh,BILASPUR,2004,Rabi,Gram,22414,12780,0.570179352
Chhattisgarh,BILASPUR,2004,Rabi,Khesari,78084,45005,0.576366477
Chhattisgarh,BILASPUR,2004,Rabi,Linseed,4094,906,0.221299463
Chhattisgarh,BILASPUR,2004,Rabi,Masoor,1186,328,0.276559865
Chhattisgarh,BILASPUR,2004,Rabi,Moong(Green Gram),39,7,0.179487179
Chhattisgarh,BILASPUR,2004,Rabi,Other  Rabi pulses,275,52,0.189090909
Chhattisgarh,BILASPUR,2004,Rabi,Peas & beans (Pulses),947,285,0.30095037
Chhattisgarh,BILASPUR,2004,Rabi,Rapeseed &Mustard,2503,791,0.316020775
Chhattisgarh,BILASPUR,2004,Rabi,Safflower,102,19,0.18627451
Chhattisgarh,BILASPUR,2004,Rabi,Urad,212,2,0.009433962
Chhattisgarh,BILASPUR,2004,Rabi,Wheat,12903,10878,0.843059754
Chhattisgarh,BILASPUR,2004,Whole Year,Banana,3,102,34
Chhattisgarh,BILASPUR,2004,Whole Year,Coriander,657,170,0.258751903
Chhattisgarh,BILASPUR,2004,Whole Year,Dry chillies,676,336,0.49704142
Chhattisgarh,BILASPUR,2004,Whole Year,Dry ginger,48,50,1.041666667
Chhattisgarh,BILASPUR,2004,Whole Year,Garlic,54,164,3.037037037
Chhattisgarh,BILASPUR,2004,Whole Year,Onion,176,1278,7.261363636
Chhattisgarh,BILASPUR,2004,Whole Year,Potato,529,3218,6.083175803
Chhattisgarh,BILASPUR,2004,Whole Year,Sannhamp,111,32,0.288288288
Chhattisgarh,BILASPUR,2004,Whole Year,Sugarcane,347,1087,3.132564841
Chhattisgarh,BILASPUR,2004,Whole Year,Sweet potato,241,1540,6.390041494
Chhattisgarh,BILASPUR,2004,Whole Year,Turmeric,2,2,1
Chhattisgarh,BILASPUR,2005,Kharif,Arhar/Tur,4262,2045,0.47982168
Chhattisgarh,BILASPUR,2005,Kharif,Castor seed,19,5,0.263157895
Chhattisgarh,BILASPUR,2005,Kharif,Groundnut,1928,2052,1.064315353
Chhattisgarh,BILASPUR,2005,Kharif,Horse-gram,1035,314,0.303381643
Chhattisgarh,BILASPUR,2005,Kharif,Jowar,417,341,0.817745803
Chhattisgarh,BILASPUR,2005,Kharif,Maize,4082,4741,1.16144047
Chhattisgarh,BILASPUR,2005,Kharif,Mesta,22,47,2.136363636
Chhattisgarh,BILASPUR,2005,Kharif,Moong(Green Gram),116,27,0.232758621
Chhattisgarh,BILASPUR,2005,Kharif,Niger seed,666,163,0.244744745
Chhattisgarh,BILASPUR,2005,Kharif,Other Kharif pulses,289,129,0.446366782
Chhattisgarh,BILASPUR,2005,Kharif,Rice,322411,515483,1.598838129
Chhattisgarh,BILASPUR,2005,Kharif,Sesamum,735,198,0.269387755
Chhattisgarh,BILASPUR,2005,Kharif,Small millets,6171,1392,0.22557122
Chhattisgarh,BILASPUR,2005,Kharif,Soyabean,1034,1088,1.052224371
Chhattisgarh,BILASPUR,2005,Kharif,Sunflower,23,9,0.391304348
Chhattisgarh,BILASPUR,2005,Kharif,Urad,1912,433,0.226464435
Chhattisgarh,BILASPUR,2005,Rabi,Barley,11,9,0.818181818
Chhattisgarh,BILASPUR,2005,Rabi,Gram,22781,15583,0.684034941
Chhattisgarh,BILASPUR,2005,Rabi,Horse-gram,25,7,0.28
Chhattisgarh,BILASPUR,2005,Rabi,Khesari,80259,42707,0.532114778
Chhattisgarh,BILASPUR,2005,Rabi,Linseed,4113,943,0.229273037
Chhattisgarh,BILASPUR,2005,Rabi,Masoor,1240,376,0.303225806
Chhattisgarh,BILASPUR,2005,Rabi,Moong(Green Gram),29,6,0.206896552
Chhattisgarh,BILASPUR,2005,Rabi,Other  Rabi pulses,214,54,0.252336449
Chhattisgarh,BILASPUR,2005,Rabi,Peas & beans (Pulses),979,336,0.343207354
Chhattisgarh,BILASPUR,2005,Rabi,Rapeseed &Mustard,2568,745,0.290109034
Chhattisgarh,BILASPUR,2005,Rabi,Safflower,103,22,0.213592233
Chhattisgarh,BILASPUR,2005,Rabi,Urad,216,48,0.222222222
Chhattisgarh,BILASPUR,2005,Rabi,Wheat,12373,11133,0.899781783
Chhattisgarh,BILASPUR,2005,Whole Year,Banana,6,240,40
Chhattisgarh,BILASPUR,2005,Whole Year,Coriander,580,150,0.25862069
Chhattisgarh,BILASPUR,2005,Whole Year,Dry chillies,739,174,0.235453315
Chhattisgarh,BILASPUR,2005,Whole Year,Dry ginger,44,46,1.045454545
Chhattisgarh,BILASPUR,2005,Whole Year,Garlic,57,184,3.228070175
Chhattisgarh,BILASPUR,2005,Whole Year,Onion,47,295,6.276595745
Chhattisgarh,BILASPUR,2005,Whole Year,Potato,476,2181,4.581932773
Chhattisgarh,BILASPUR,2005,Whole Year,Sannhamp,101,33,0.326732673
Chhattisgarh,BILASPUR,2005,Whole Year,Sugarcane,223,687,3.080717489
Chhattisgarh,BILASPUR,2005,Whole Year,Sweet potato,243,1580,6.502057613
Chhattisgarh,BILASPUR,2005,Whole Year,Turmeric,2,2,1
Chhattisgarh,BILASPUR,2006,Kharif,Arhar/Tur,3856,1724,0.447095436
Chhattisgarh,BILASPUR,2006,Kharif,Castor seed,3,1,0.333333333
Chhattisgarh,BILASPUR,2006,Kharif,Groundnut,2641,2923,1.106777736
Chhattisgarh,BILASPUR,2006,Kharif,Horse-gram,1178,376,0.319185059
Chhattisgarh,BILASPUR,2006,Kharif,Jowar,348,299,0.859195402
Chhattisgarh,BILASPUR,2006,Kharif,Maize,3877,4606,1.188031983
Chhattisgarh,BILASPUR,2006,Kharif,Moong(Green Gram),91,21,0.230769231
Chhattisgarh,BILASPUR,2006,Kharif,Niger seed,594,149,0.250841751
Chhattisgarh,BILASPUR,2006,Kharif,Other Kharif pulses,318,146,0.459119497
Chhattisgarh,BILASPUR,2006,Kharif,Potato,3,11,3.666666667
Chhattisgarh,BILASPUR,2006,Kharif,Rice,324475,462644,1.425823253
Chhattisgarh,BILASPUR,2006,Kharif,Sesamum,662,177,0.267371601
Chhattisgarh,BILASPUR,2006,Kharif,Small millets,5226,1344,0.25717566
Chhattisgarh,BILASPUR,2006,Kharif,Soyabean,1813,2326,1.282956426
Chhattisgarh,BILASPUR,2006,Kharif,Sunflower,21,9,0.428571429
Chhattisgarh,BILASPUR,2006,Kharif,Urad,1783,397,0.222658441
Chhattisgarh,BILASPUR,2006,Rabi,Barley,9,11,1.222222222
Chhattisgarh,BILASPUR,2006,Rabi,Gram,21732,18655,0.858411559
Chhattisgarh,BILASPUR,2006,Rabi,Horse-gram,24,7,0.291666667
Chhattisgarh,BILASPUR,2006,Rabi,Jute,183,,
Chhattisgarh,BILASPUR,2006,Rabi,Khesari,78024,49923,0.639841587
Chhattisgarh,BILASPUR,2006,Rabi,Linseed,4042,996,0.246412667
Chhattisgarh,BILASPUR,2006,Rabi,Masoor,1194,375,0.314070352
Chhattisgarh,BILASPUR,2006,Rabi,Moong(Green Gram),26,6,0.230769231
Chhattisgarh,BILASPUR,2006,Rabi,Other  Rabi pulses,333,39,0.117117117
Chhattisgarh,BILASPUR,2006,Rabi,Peas & beans (Pulses),692,238,0.343930636
Chhattisgarh,BILASPUR,2006,Rabi,Potato,439,1749,3.98405467
Chhattisgarh,BILASPUR,2006,Rabi,Rapeseed &Mustard,2326,798,0.343078246
Chhattisgarh,BILASPUR,2006,Rabi,Safflower,315,61,0.193650794
Chhattisgarh,BILASPUR,2006,Rabi,Urad,195,45,0.230769231
Chhattisgarh,BILASPUR,2006,Rabi,Wheat,12078,12222,1.011922504
Chhattisgarh,BILASPUR,2006,Whole Year,Banana,2,68,34
Chhattisgarh,BILASPUR,2006,Whole Year,Coriander,505,131,0.259405941
Chhattisgarh,BILASPUR,2006,Whole Year,Dry chillies,722,235,0.325484765
Chhattisgarh,BILASPUR,2006,Whole Year,Dry ginger,56,67,1.196428571
Chhattisgarh,BILASPUR,2006,Whole Year,Garlic,57,200,3.50877193
Chhattisgarh,BILASPUR,2006,Whole Year,Onion,39,1774,45.48717949
Chhattisgarh,BILASPUR,2006,Whole Year,Sannhamp,184,59,0.320652174
Chhattisgarh,BILASPUR,2006,Whole Year,Sugarcane,253,779,3.079051383
Chhattisgarh,BILASPUR,2006,Whole Year,Sweet potato,262,1703,6.5
Chhattisgarh,BILASPUR,2006,Whole Year,Turmeric,2,2,1
Chhattisgarh,BILASPUR,2007,Kharif,Arhar/Tur,3918,2312,0.590096988
Chhattisgarh,BILASPUR,2007,Kharif,Castor seed,7,2,0.285714286
Chhattisgarh,BILASPUR,2007,Kharif,Groundnut,2210,2861,1.294570136
Chhattisgarh,BILASPUR,2007,Kharif,Horse-gram,937,305,0.325506937
Chhattisgarh,BILASPUR,2007,Kharif,Jowar,519,461,0.888246628
Chhattisgarh,BILASPUR,2007,Kharif,Maize,3810,5147,1.350918635
Chhattisgarh,BILASPUR,2007,Kharif,Mesta,8,16,2
Chhattisgarh,BILASPUR,2007,Kharif,Moong(Green Gram),87,20,0.229885057
Chhattisgarh,BILASPUR,2007,Kharif,Niger seed,576,142,0.246527778
Chhattisgarh,BILASPUR,2007,Kharif,Other Kharif pulses,313,135,0.431309904
Chhattisgarh,BILASPUR,2007,Kharif,Potato,2,9,4.5
Chhattisgarh,BILASPUR,2007,Kharif,Rice,325134,469491,1.443992323
Chhattisgarh,BILASPUR,2007,Kharif,Sesamum,737,210,0.284938942
Chhattisgarh,BILASPUR,2007,Kharif,Small millets,4842,1526,0.315159025
Chhattisgarh,BILASPUR,2007,Kharif,Soyabean,2102,2979,1.417221694
Chhattisgarh,BILASPUR,2007,Kharif,Sunflower,52,23,0.442307692
Chhattisgarh,BILASPUR,2007,Kharif,Urad,1757,405,0.230506545
Chhattisgarh,BILASPUR,2007,Rabi,Barley,9,11,1.222222222
Chhattisgarh,BILASPUR,2007,Rabi,Gram,22426,19781,0.882056542
Chhattisgarh,BILASPUR,2007,Rabi,Horse-gram,21,7,0.333333333
Chhattisgarh,BILASPUR,2007,Rabi,Khesari,79529,57030,0.717096908
Chhattisgarh,BILASPUR,2007,Rabi,Linseed,3728,1125,0.301770386
Chhattisgarh,BILASPUR,2007,Rabi,Masoor,1168,368,0.315068493
Chhattisgarh,BILASPUR,2007,Rabi,Moong(Green Gram),15,4,0.266666667
Chhattisgarh,BILASPUR,2007,Rabi,Other  Rabi pulses,288,5,0.017361111
Chhattisgarh,BILASPUR,2007,Rabi,Peas & beans (Pulses),825,284,0.344242424
Chhattisgarh,BILASPUR,2007,Rabi,Potato,536,2489,4.643656716
Chhattisgarh,BILASPUR,2007,Rabi,Rapeseed &Mustard,2272,865,0.380721831
Chhattisgarh,BILASPUR,2007,Rabi,Safflower,50,11,0.22
Chhattisgarh,BILASPUR,2007,Rabi,Urad,183,42,0.229508197
Chhattisgarh,BILASPUR,2007,Rabi,Wheat,12337,13521,1.095971468
Chhattisgarh,BILASPUR,2007,Whole Year,Banana,6,204,34
Chhattisgarh,BILASPUR,2007,Whole Year,Coriander,566,144,0.254416961
Chhattisgarh,BILASPUR,2007,Whole Year,Dry chillies,656,391,0.596036585
Chhattisgarh,BILASPUR,2007,Whole Year,Dry ginger,53,60,1.132075472
Chhattisgarh,BILASPUR,2007,Whole Year,Garlic,55,184,3.345454545
Chhattisgarh,BILASPUR,2007,Whole Year,Onion,115,600,5.217391304
Chhattisgarh,BILASPUR,2007,Whole Year,Sannhamp,104,34,0.326923077
Chhattisgarh,BILASPUR,2007,Whole Year,Sugarcane,352,1121,3.184659091
Chhattisgarh,BILASPUR,2007,Whole Year,Sweet potato,230,1495,6.5
Chhattisgarh,BILASPUR,2007,Whole Year,Turmeric,2,2,1
Chhattisgarh,BILASPUR,2008,Kharif,Arhar/Tur,3751,2203,0.587310051
Chhattisgarh,BILASPUR,2008,Kharif,Castor seed,1,,
Chhattisgarh,BILASPUR,2008,Kharif,Groundnut,1876,2416,1.287846482
Chhattisgarh,BILASPUR,2008,Kharif,Horse-gram,1097,327,0.298085688
Chhattisgarh,BILASPUR,2008,Kharif,Jowar,360,447,1.241666667
Chhattisgarh,BILASPUR,2008,Kharif,Maize,3651,4597,1.259107094
Chhattisgarh,BILASPUR,2008,Kharif,Mesta,8,16,2
Chhattisgarh,BILASPUR,2008,Kharif,Moong(Green Gram),90,20,0.222222222
Chhattisgarh,BILASPUR,2008,Kharif,Niger seed,582,143,0.245704467
Chhattisgarh,BILASPUR,2008,Kharif,Other Kharif pulses,321,146,0.45482866
Chhattisgarh,BILASPUR,2008,Kharif,Rice,323407,447099,1.382465438
Chhattisgarh,BILASPUR,2008,Kharif,Sesamum,697,183,0.262553802
Chhattisgarh,BILASPUR,2008,Kharif,Small millets,4279,1099,0.256835709
Chhattisgarh,BILASPUR,2008,Kharif,Soyabean,2533,3322,1.311488354
Chhattisgarh,BILASPUR,2008,Kharif,Sunflower,54,24,0.444444444
Chhattisgarh,BILASPUR,2008,Kharif,Urad,1773,402,0.226734349
Chhattisgarh,BILASPUR,2008,Rabi,Barley,2,2,1
Chhattisgarh,BILASPUR,2008,Rabi,Gram,22206,17944,0.808069891
Chhattisgarh,BILASPUR,2008,Rabi,Khesari,80624,25449,0.315650427
Chhattisgarh,BILASPUR,2008,Rabi,Linseed,3586,981,0.273563859
Chhattisgarh,BILASPUR,2008,Rabi,Masoor,1130,356,0.315044248
Chhattisgarh,BILASPUR,2008,Rabi,Moong(Green Gram),21,4,0.19047619
Chhattisgarh,BILASPUR,2008,Rabi,Other  Rabi pulses,268,40,0.149253731
Chhattisgarh,BILASPUR,2008,Rabi,Peas & beans (Pulses),894,313,0.350111857
Chhattisgarh,BILASPUR,2008,Rabi,Potato,543,2617,4.819521179
Chhattisgarh,BILASPUR,2008,Rabi,Rapeseed &Mustard,2238,768,0.343163539
Chhattisgarh,BILASPUR,2008,Rabi,Safflower,307,65,0.211726384
Chhattisgarh,BILASPUR,2008,Rabi,Urad,173,40,0.231213873
Chhattisgarh,BILASPUR,2008,Rabi,Wheat,12829,13263,1.033829605
Chhattisgarh,BILASPUR,2008,Whole Year,Banana,7,239,34.14285714
Chhattisgarh,BILASPUR,2008,Whole Year,Coriander,450,120,0.266666667
Chhattisgarh,BILASPUR,2008,Whole Year,Dry chillies,550,256,0.465454545
Chhattisgarh,BILASPUR,2008,Whole Year,Dry ginger,46,52,1.130434783
Chhattisgarh,BILASPUR,2008,Whole Year,Garlic,55,193,3.509090909
Chhattisgarh,BILASPUR,2008,Whole Year,Onion,123,774,6.292682927
Chhattisgarh,BILASPUR,2008,Whole Year,Sannhamp,94,29,0.308510638
Chhattisgarh,BILASPUR,2008,Whole Year,Sugarcane,501,1543,3.079840319
Chhattisgarh,BILASPUR,2008,Whole Year,Sweet potato,238,1547,6.5
Chhattisgarh,BILASPUR,2009,Kharif,Arhar/Tur,6152,3928,0.638491547
Chhattisgarh,BILASPUR,2009,Kharif,Bajra,12,,
Chhattisgarh,BILASPUR,2009,Kharif,Castor seed,1,,
Chhattisgarh,BILASPUR,2009,Kharif,Groundnut,4959,7772,1.567251462
Chhattisgarh,BILASPUR,2009,Kharif,Horse-gram,860,280,0.325581395
Chhattisgarh,BILASPUR,2009,Kharif,Jowar,355,485,1.366197183
Chhattisgarh,BILASPUR,2009,Kharif,Jute,114,,
Chhattisgarh,BILASPUR,2009,Kharif,Maize,5677,9208,1.621983442
Chhattisgarh,BILASPUR,2009,Kharif,Mesta,8,20,2.5
Chhattisgarh,BILASPUR,2009,Kharif,Moong(Green Gram),369,95,0.257452575
Chhattisgarh,BILASPUR,2009,Kharif,Niger seed,587,131,0.223168654
Chhattisgarh,BILASPUR,2009,Kharif,Other Kharif pulses,300,127,0.423333333
Chhattisgarh,BILASPUR,2009,Kharif,Rice,305253,311696,1.021107082
Chhattisgarh,BILASPUR,2009,Kharif,Sesamum,648,312,0.481481481
Chhattisgarh,BILASPUR,2009,Kharif,Small millets,3919,1164,0.297014545
Chhattisgarh,BILASPUR,2009,Kharif,Soyabean,2572,2878,1.118973561
Chhattisgarh,BILASPUR,2009,Kharif,Sunflower,53,24,0.452830189
Chhattisgarh,BILASPUR,2009,Kharif,Urad,1720,424,0.246511628
Chhattisgarh,BILASPUR,2009,Rabi,Barley,2,2,1
Chhattisgarh,BILASPUR,2009,Rabi,Gram,27224,27054,0.99375551
Chhattisgarh,BILASPUR,2009,Rabi,Horse-gram,7,,
Chhattisgarh,BILASPUR,2009,Rabi,Khesari,66076,50941,0.770945578
Chhattisgarh,BILASPUR,2009,Rabi,Linseed,3208,1032,0.321695761
Chhattisgarh,BILASPUR,2009,Rabi,Masoor,1029,335,0.325558795
Chhattisgarh,BILASPUR,2009,Rabi,Moong(Green Gram),10,2,0.2
Chhattisgarh,BILASPUR,2009,Rabi,Other  Rabi pulses,268,20,0.074626866
Chhattisgarh,BILASPUR,2009,Rabi,Peas & beans (Pulses),870,288,0.331034483
Chhattisgarh,BILASPUR,2009,Rabi,Rapeseed &Mustard,2126,917,0.431326435
Chhattisgarh,BILASPUR,2009,Rabi,Safflower,302,120,0.397350993
Chhattisgarh,BILASPUR,2009,Rabi,Urad,180,44,0.244444444
Chhattisgarh,BILASPUR,2009,Rabi,Wheat,19057,21846,1.146350422
Chhattisgarh,BILASPUR,2009,Whole Year,Banana,7,512,73.14285714
Chhattisgarh,BILASPUR,2009,Whole Year,Coriander,484,129,0.266528926
Chhattisgarh,BILASPUR,2009,Whole Year,Dry chillies,554,397,0.716606498
Chhattisgarh,BILASPUR,2009,Whole Year,Dry ginger,47,59,1.255319149
Chhattisgarh,BILASPUR,2009,Whole Year,Garlic,52,182,3.5
Chhattisgarh,BILASPUR,2009,Whole Year,Onion,319,1907,5.978056426
Chhattisgarh,BILASPUR,2009,Whole Year,Potato,514,2501,4.865758755
Chhattisgarh,BILASPUR,2009,Whole Year,Sannhamp,103,37,0.359223301
Chhattisgarh,BILASPUR,2009,Whole Year,Sugarcane,496,2444,4.927419355
Chhattisgarh,BILASPUR,2009,Whole Year,Sweet potato,256,1664,6.5
Chhattisgarh,BILASPUR,2009,Whole Year,Turmeric,1,,
Chhattisgarh,BILASPUR,2010,Kharif,Arhar/Tur,4547,2112,0.464482076
Chhattisgarh,BILASPUR,2010,Kharif,Bajra,14,6,0.428571429
Chhattisgarh,BILASPUR,2010,Kharif,Castor seed,194,67,0.345360825
Chhattisgarh,BILASPUR,2010,Kharif,Groundnut,1544,2312,1.497409326
Chhattisgarh,BILASPUR,2010,Kharif,Horse-gram,789,252,0.319391635
Chhattisgarh,BILASPUR,2010,Kharif,Jowar,359,479,1.334261838
Chhattisgarh,BILASPUR,2010,Kharif,Jute,196,,
Chhattisgarh,BILASPUR,2010,Kharif,Maize,3577,6215,1.737489516
Chhattisgarh,BILASPUR,2010,Kharif,Mesta,7,17,2.428571429
Chhattisgarh,BILASPUR,2010,Kharif,Moong(Green Gram),93,22,0.23655914
Chhattisgarh,BILASPUR,2010,Kharif,Niger seed,332,81,0.243975904
Chhattisgarh,BILASPUR,2010,Kharif,Other Kharif pulses,306,99,0.323529412
Chhattisgarh,BILASPUR,2010,Kharif,Rice,329117,551672,1.676218488
Chhattisgarh,BILASPUR,2010,Kharif,Sesamum,739,253,0.342354533
Chhattisgarh,BILASPUR,2010,Kharif,Small millets,3396,948,0.279151943
Chhattisgarh,BILASPUR,2010,Kharif,Soyabean,4034,5571,1.381011403
Chhattisgarh,BILASPUR,2010,Kharif,Sunflower,465,206,0.443010753
Chhattisgarh,BILASPUR,2010,Kharif,Urad,1663,390,0.234515935
Chhattisgarh,BILASPUR,2010,Rabi,Barley,6,3,0.5
Chhattisgarh,BILASPUR,2010,Rabi,Gram,18398,18905,1.027557343
Chhattisgarh,BILASPUR,2010,Rabi,Horse-gram,4,1,0.25
Chhattisgarh,BILASPUR,2010,Rabi,Khesari,92179,72482,0.786317925
Chhattisgarh,BILASPUR,2010,Rabi,Linseed,2461,625,0.253961804
Chhattisgarh,BILASPUR,2010,Rabi,Masoor,1084,294,0.271217712
Chhattisgarh,BILASPUR,2010,Rabi,Moong(Green Gram),22,6,0.272727273
Chhattisgarh,BILASPUR,2010,Rabi,Other  Rabi pulses,279,33,0.11827957
Chhattisgarh,BILASPUR,2010,Rabi,Peas & beans (Pulses),936,333,0.355769231
Chhattisgarh,BILASPUR,2010,Rabi,Rapeseed &Mustard,1573,563,0.357914812
Chhattisgarh,BILASPUR,2010,Rabi,Safflower,348,129,0.370689655
Chhattisgarh,BILASPUR,2010,Rabi,Urad,158,36,0.227848101
Chhattisgarh,BILASPUR,2010,Rabi,Wheat,13679,17878,1.306966884
Chhattisgarh,BILASPUR,2010,Whole Year,Coriander,410,108,0.263414634
Chhattisgarh,BILASPUR,2010,Whole Year,Dry chillies,647,292,0.451313756
Chhattisgarh,BILASPUR,2010,Whole Year,Dry ginger,58,73,1.25862069
Chhattisgarh,BILASPUR,2010,Whole Year,Garlic,57,167,2.929824561
Chhattisgarh,BILASPUR,2010,Whole Year,Onion,382,2143,5.609947644
Chhattisgarh,BILASPUR,2010,Whole Year,Potato,468,2500,5.341880342
Chhattisgarh,BILASPUR,2010,Whole Year,Sannhamp,63,22,0.349206349
Chhattisgarh,BILASPUR,2010,Whole Year,Sugarcane,269,829,3.081784387
Chhattisgarh,BILASPUR,2010,Whole Year,Sweet potato,177,958,5.412429379
Chhattisgarh,BILASPUR,2010,Whole Year,Turmeric,1,1,1
Chhattisgarh,BILASPUR,2011,Kharif,Arhar/Tur,2444,1264,0.517184943
Chhattisgarh,BILASPUR,2011,Kharif,Bajra,14,6,0.428571429
Chhattisgarh,BILASPUR,2011,Kharif,Groundnut,1031,1612,1.563530553
Chhattisgarh,BILASPUR,2011,Kharif,Horse-gram,740,241,0.325675676
Chhattisgarh,BILASPUR,2011,Kharif,Jowar,357,226,0.633053221
Chhattisgarh,BILASPUR,2011,Kharif,Jute,94,,
Chhattisgarh,BILASPUR,2011,Kharif,Maize,3312,4552,1.374396135
Chhattisgarh,BILASPUR,2011,Kharif,Moong(Green Gram),74,17,0.22972973
Chhattisgarh,BILASPUR,2011,Kharif,Niger seed,354,85,0.240112994
Chhattisgarh,BILASPUR,2011,Kharif,Other Kharif pulses,349,130,0.372492837
Chhattisgarh,BILASPUR,2011,Kharif,Potato,14,78,5.571428571
Chhattisgarh,BILASPUR,2011,Kharif,Rice,224564,412102,1.8351205
Chhattisgarh,BILASPUR,2011,Kharif,Sesamum,690,274,0.397101449
Chhattisgarh,BILASPUR,2011,Kharif,Small millets,2482,716,0.288477035
Chhattisgarh,BILASPUR,2011,Kharif,Soyabean,215,211,0.981395349
Chhattisgarh,BILASPUR,2011,Kharif,Sunflower,14,6,0.428571429
Chhattisgarh,BILASPUR,2011,Kharif,Urad,1507,336,0.222959522
Chhattisgarh,BILASPUR,2011,Rabi,Barley,3,2,0.666666667
Chhattisgarh,BILASPUR,2011,Rabi,Gram,2802,2819,1.006067095
Chhattisgarh,BILASPUR,2011,Rabi,Horse-gram,5,1,0.2
Chhattisgarh,BILASPUR,2011,Rabi,Khesari,32385,25027,0.772796048
Chhattisgarh,BILASPUR,2011,Rabi,Linseed,2142,730,0.340802988
Chhattisgarh,BILASPUR,2011,Rabi,Masoor,381,122,0.320209974
Chhattisgarh,BILASPUR,2011,Rabi,Moong(Green Gram),22,6,0.272727273
Chhattisgarh,BILASPUR,2011,Rabi,Other  Rabi pulses,96,38,0.395833333
Chhattisgarh,BILASPUR,2011,Rabi,Peas & beans (Pulses),950,338,0.355789474
Chhattisgarh,BILASPUR,2011,Rabi,Potato,345,1969,5.707246377
Chhattisgarh,BILASPUR,2011,Rabi,Rapeseed &Mustard,1931,817,0.423096841
Chhattisgarh,BILASPUR,2011,Rabi,Urad,110,25,0.227272727
Chhattisgarh,BILASPUR,2011,Rabi,Wheat,7915,11350,1.433986102
Chhattisgarh,BILASPUR,2011,Summer,Moong(Green Gram),1,,
Chhattisgarh,BILASPUR,2011,Whole Year,Coriander,240,65,0.270833333
Chhattisgarh,BILASPUR,2011,Whole Year,Dry chillies,383,283,0.738903394
Chhattisgarh,BILASPUR,2011,Whole Year,Dry ginger,59,75,1.271186441
Chhattisgarh,BILASPUR,2011,Whole Year,Garlic,56,196,3.5
Chhattisgarh,BILASPUR,2011,Whole Year,Onion,249,1468,5.895582329
Chhattisgarh,BILASPUR,2011,Whole Year,Sannhamp,150,289,1.926666667
Chhattisgarh,BILASPUR,2011,Whole Year,Sugarcane,6,160,26.66666667
Chhattisgarh,BILASPUR,2011,Whole Year,Sweet potato,220,1430,6.5
Chhattisgarh,BILASPUR,2012,Kharif,Arhar/Tur,2308,1474,0.63864818
Chhattisgarh,BILASPUR,2012,Kharif,Bajra,14,7,0.5
Chhattisgarh,BILASPUR,2012,Kharif,Groundnut,1007,1284,1.275074479
Chhattisgarh,BILASPUR,2012,Kharif,Horse-gram,744,250,0.336021505
Chhattisgarh,BILASPUR,2012,Kharif,Jowar,356,250,0.702247191
Chhattisgarh,BILASPUR,2012,Kharif,Jute,78,,
Chhattisgarh,BILASPUR,2012,Kharif,Maize,3013,5357,1.777962164
Chhattisgarh,BILASPUR,2012,Kharif,Moong(Green Gram),81,21,0.259259259
Chhattisgarh,BILASPUR,2012,Kharif,Niger seed,328,90,0.274390244
Chhattisgarh,BILASPUR,2012,Kharif,Other Kharif pulses,257,93,0.361867704
Chhattisgarh,BILASPUR,2012,Kharif,Potato,14,99,7.071428571
Chhattisgarh,BILASPUR,2012,Kharif,Rice,219766,436557,1.986462874
Chhattisgarh,BILASPUR,2012,Kharif,Sesamum,648,183,0.282407407
Chhattisgarh,BILASPUR,2012,Kharif,Small millets,1969,630,0.31995937
Chhattisgarh,BILASPUR,2012,Kharif,Soyabean,205,311,1.517073171
Chhattisgarh,BILASPUR,2012,Kharif,Sunflower,12,5,0.416666667
Chhattisgarh,BILASPUR,2012,Kharif,Urad,1542,387,0.250972763
Chhattisgarh,BILASPUR,2012,Rabi,Barley,3,2,0.666666667
Chhattisgarh,BILASPUR,2012,Rabi,Gram,2578,3059,1.186578743
Chhattisgarh,BILASPUR,2012,Rabi,Khesari,33253,21528,0.647400235
Chhattisgarh,BILASPUR,2012,Rabi,Linseed,1746,745,0.426689576
Chhattisgarh,BILASPUR,2012,Rabi,Masoor,380,123,0.323684211
Chhattisgarh,BILASPUR,2012,Rabi,Moong(Green Gram),31,7,0.225806452
Chhattisgarh,BILASPUR,2012,Rabi,Other  Rabi pulses,296,43,0.14527027
Chhattisgarh,BILASPUR,2012,Rabi,Peas & beans (Pulses),730,273,0.373972603
Chhattisgarh,BILASPUR,2012,Rabi,Potato,340,2479,7.291176471
Chhattisgarh,BILASPUR,2012,Rabi,Rapeseed &Mustard,1804,793,0.439578714
Chhattisgarh,BILASPUR,2012,Rabi,Safflower,22,8,0.363636364
Chhattisgarh,BILASPUR,2012,Rabi,Urad,92,22,0.239130435
Chhattisgarh,BILASPUR,2012,Rabi,Wheat,8231,12401,1.50662131
Chhattisgarh,BILASPUR,2012,Whole Year,Coriander,243,66,0.271604938
Chhattisgarh,BILASPUR,2012,Whole Year,Dry chillies,405,369,0.911111111
Chhattisgarh,BILASPUR,2012,Whole Year,Dry ginger,59,77,1.305084746
Chhattisgarh,BILASPUR,2012,Whole Year,Garlic,56,196,3.5
Chhattisgarh,BILASPUR,2012,Whole Year,Onion,257,1024,3.984435798
Chhattisgarh,BILASPUR,2012,Whole Year,Sannhamp,150,51,0.34
Chhattisgarh,BILASPUR,2012,Whole Year,Sugarcane,6,19,3.166666667
Chhattisgarh,BILASPUR,2012,Whole Year,Sweet potato,181,1177,6.502762431
Chhattisgarh,BILASPUR,2013,Kharif,Arhar/Tur,2188,1406,0.642595978
Chhattisgarh,BILASPUR,2013,Kharif,Groundnut,1012,1306,1.290513834
Chhattisgarh,BILASPUR,2013,Kharif,Horse-gram,739,261,0.353179973
Chhattisgarh,BILASPUR,2013,Kharif,Jute,74,,
Chhattisgarh,BILASPUR,2013,Kharif,Maize,3016,5654,1.874668435
Chhattisgarh,BILASPUR,2013,Kharif,Moong(Green Gram),72,18,0.25
Chhattisgarh,BILASPUR,2013,Kharif,Niger seed,320,,
Chhattisgarh,BILASPUR,2013,Kharif,Other Kharif pulses,211,70,0.331753555
Chhattisgarh,BILASPUR,2013,Kharif,Potato,14,62,4.428571429
Chhattisgarh,BILASPUR,2013,Kharif,Rice,222487,459300,2.064390279
Chhattisgarh,BILASPUR,2013,Kharif,Sannhamp,148,56,0.378378378
Chhattisgarh,BILASPUR,2013,Kharif,Sesamum,726,193,0.26584022
Chhattisgarh,BILASPUR,2013,Kharif,Small millets,1957,654,0.334184977
Chhattisgarh,BILASPUR,2013,Kharif,Soyabean,192,239,1.244791667
Chhattisgarh,BILASPUR,2013,Kharif,Sunflower,12,,
Chhattisgarh,BILASPUR,2013,Kharif,Urad,1527,376,0.246234447
Chhattisgarh,BILASPUR,2013,Rabi,Barley,3,3,1
Chhattisgarh,BILASPUR,2013,Rabi,Gram,2589,2163,0.835457706
Chhattisgarh,BILASPUR,2013,Rabi,Khesari,32992,24106,0.730661979
Chhattisgarh,BILASPUR,2013,Rabi,Linseed,1706,687,0.402696366
Chhattisgarh,BILASPUR,2013,Rabi,Masoor,376,126,0.335106383
Chhattisgarh,BILASPUR,2013,Rabi,Moong(Green Gram),31,7,0.225806452
Chhattisgarh,BILASPUR,2013,Rabi,Other  Rabi pulses,285,332,1.164912281
Chhattisgarh,BILASPUR,2013,Rabi,Peas & beans (Pulses),761,298,0.391590013
Chhattisgarh,BILASPUR,2013,Rabi,Potato,344,1890,5.494186047
Chhattisgarh,BILASPUR,2013,Rabi,Rapeseed &Mustard,1744,912,0.52293578
Chhattisgarh,BILASPUR,2013,Rabi,Safflower,23,49,2.130434783
Chhattisgarh,BILASPUR,2013,Rabi,Urad,87,21,0.24137931
Chhattisgarh,BILASPUR,2013,Rabi,Wheat,8261,11953,1.446919259
Chhattisgarh,BILASPUR,2013,Whole Year,Bajra,14,5,0.357142857
Chhattisgarh,BILASPUR,2013,Whole Year,Coriander,236,66,0.279661017
Chhattisgarh,BILASPUR,2013,Whole Year,Dry chillies,365,242,0.663013699
Chhattisgarh,BILASPUR,2013,Whole Year,Dry ginger,59,63,1.06779661
Chhattisgarh,BILASPUR,2013,Whole Year,Garlic,56,196,3.5
Chhattisgarh,BILASPUR,2013,Whole Year,Jowar,350,219,0.625714286
Chhattisgarh,BILASPUR,2013,Whole Year,Onion,257,2063,8.027237354
Chhattisgarh,BILASPUR,2013,Whole Year,Sugarcane,17,52,3.058823529
Chhattisgarh,BILASPUR,2013,Whole Year,Sweet potato,178,1157,6.5
Chhattisgarh,BILASPUR,2014,Kharif,Arhar/Tur,2236,1428,0.638640429
Chhattisgarh,BILASPUR,2014,Kharif,Bajra,15,6,0.4
Chhattisgarh,BILASPUR,2014,Kharif,Groundnut,1003,1295,1.29112662
Chhattisgarh,BILASPUR,2014,Kharif,Horse-gram,681,240,0.352422907
Chhattisgarh,BILASPUR,2014,Kharif,Maize,3152,5738,1.820431472
Chhattisgarh,BILASPUR,2014,Kharif,Moong(Green Gram),69,18,0.260869565
Chhattisgarh,BILASPUR,2014,Kharif,Niger seed,322,86,0.267080745
Chhattisgarh,BILASPUR,2014,Kharif,Other Kharif pulses,367,124,0.337874659
Chhattisgarh,BILASPUR,2014,Kharif,Potato,2,14,7
Chhattisgarh,BILASPUR,2014,Kharif,Rice,227579,456491,2.005857307
Chhattisgarh,BILASPUR,2014,Kharif,Sannhamp,103,39,0.378640777
Chhattisgarh,BILASPUR,2014,Kharif,Sesamum,683,304,0.445095168
Chhattisgarh,BILASPUR,2014,Kharif,Small millets,1980,734,0.370707071
Chhattisgarh,BILASPUR,2014,Kharif,Soyabean,183,158,0.863387978
Chhattisgarh,BILASPUR,2014,Kharif,Sunflower,13,6,0.461538462
Chhattisgarh,BILASPUR,2014,Kharif,Urad,1545,400,0.258899676
Chhattisgarh,BILASPUR,2014,Rabi,Barley,1,1,1
Chhattisgarh,BILASPUR,2014,Rabi,Gram,2992,3314,1.107620321
Chhattisgarh,BILASPUR,2014,Rabi,Khesari,28122,34747,1.235580684
Chhattisgarh,BILASPUR,2014,Rabi,Linseed,1765,683,0.386968839
Chhattisgarh,BILASPUR,2014,Rabi,Masoor,408,137,0.335784314
Chhattisgarh,BILASPUR,2014,Rabi,Moong(Green Gram),12,3,0.25
Chhattisgarh,BILASPUR,2014,Rabi,Other  Rabi pulses,318,43,0.135220126
Chhattisgarh,BILASPUR,2014,Rabi,Peas & beans (Pulses),659,258,0.391502276
Chhattisgarh,BILASPUR,2014,Rabi,Potato,266,1733,6.515037594
Chhattisgarh,BILASPUR,2014,Rabi,Rapeseed &Mustard,1803,818,0.453688297
Chhattisgarh,BILASPUR,2014,Rabi,Urad,81,21,0.259259259
Chhattisgarh,BILASPUR,2014,Rabi,Wheat,7693,12317,1.601065904
Chhattisgarh,BILASPUR,2014,Whole Year,Coriander,11,3,0.272727273
Chhattisgarh,BILASPUR,2014,Whole Year,Dry chillies,558,267,0.478494624
Chhattisgarh,BILASPUR,2014,Whole Year,Dry ginger,61,77,1.262295082
Chhattisgarh,BILASPUR,2014,Whole Year,Jowar,370,287,0.775675676
Chhattisgarh,BILASPUR,2014,Whole Year,Onion,255,2799,10.97647059
Chhattisgarh,BILASPUR,2014,Whole Year,Sugarcane,17,57,3.352941176
Chhattisgarh,BILASPUR,2014,Whole Year,Sweet potato,141,917,6.503546099
Chhattisgarh,DANTEWADA,2000,Kharif,Arhar/Tur,968,492,0.508264463
Chhattisgarh,DANTEWADA,2000,Kharif,Castor seed,1,,
Chhattisgarh,DANTEWADA,2000,Kharif,Cotton(lint),5,7,1.4
Chhattisgarh,DANTEWADA,2000,Kharif,Groundnut,49,50,1.020408163
Chhattisgarh,DANTEWADA,2000,Kharif,Horse-gram,4059,1318,0.32471052
Chhattisgarh,DANTEWADA,2000,Kharif,Jowar,4561,2625,0.575531682
Chhattisgarh,DANTEWADA,2000,Kharif,Maize,7633,11343,1.486047426
Chhattisgarh,DANTEWADA,2000,Kharif,Mesta,70,146,2.085714286
Chhattisgarh,DANTEWADA,2000,Kharif,Moong(Green Gram),1427,492,0.344779257
Chhattisgarh,DANTEWADA,2000,Kharif,Niger seed,698,125,0.179083095
Chhattisgarh,DANTEWADA,2000,Kharif,Other Kharif pulses,289,74,0.256055363
Chhattisgarh,DANTEWADA,2000,Kharif,Ragi,621,147,0.236714976
Chhattisgarh,DANTEWADA,2000,Kharif,Rice,207469,177354,0.854845784
Chhattisgarh,DANTEWADA,2000,Kharif,Sesamum,2094,378,0.180515759
Chhattisgarh,DANTEWADA,2000,Kharif,Small millets,59890,8230,0.137418601
Chhattisgarh,DANTEWADA,2000,Kharif,Soyabean,9,6,0.666666667
Chhattisgarh,DANTEWADA,2000,Kharif,Sunflower,4,1,0.25
Chhattisgarh,DANTEWADA,2000,Kharif,Urad,1528,567,0.371073298
Chhattisgarh,DANTEWADA,2000,Rabi,Gram,17,9,0.529411765
Chhattisgarh,DANTEWADA,2000,Rabi,Moong(Green Gram),1093,312,0.285452882
Chhattisgarh,DANTEWADA,2000,Rabi,Other  Rabi pulses,43,12,0.279069767
Chhattisgarh,DANTEWADA,2000,Rabi,Rapeseed &Mustard,2677,868,0.324243556
Chhattisgarh,DANTEWADA,2000,Rabi,Urad,232,79,0.340517241
Chhattisgarh,DANTEWADA,2000,Rabi,Wheat,7,9,1.285714286
Chhattisgarh,DANTEWADA,2000,Whole Year,Banana,39,1508,38.66666667
Chhattisgarh,DANTEWADA,2000,Whole Year,Coriander,8,2,0.25
Chhattisgarh,DANTEWADA,2000,Whole Year,Dry chillies,276,59,0.213768116
Chhattisgarh,DANTEWADA,2000,Whole Year,Dry ginger,1,1,1
Chhattisgarh,DANTEWADA,2000,Whole Year,Garlic,1,2,2
Chhattisgarh,DANTEWADA,2000,Whole Year,Potato,1,7,7
Chhattisgarh,DANTEWADA,2000,Whole Year,Sannhamp,71,24,0.338028169
Chhattisgarh,DANTEWADA,2000,Whole Year,Sugarcane,9,29,3.222222222
Chhattisgarh,DANTEWADA,2000,Whole Year,Sweet potato,114,545,4.780701754
Chhattisgarh,DANTEWADA,2000,Whole Year,Tobacco,8,4,0.5
Chhattisgarh,DANTEWADA,2000,Whole Year,Turmeric,66,44,0.666666667
Chhattisgarh,DANTEWADA,2001,Kharif,Arhar/Tur,994,422,0.424547284
Chhattisgarh,DANTEWADA,2001,Kharif,Cotton(lint),54,33,0.611111111
Chhattisgarh,DANTEWADA,2001,Kharif,Groundnut,39,44,1.128205128
Chhattisgarh,DANTEWADA,2001,Kharif,Horse-gram,3868,1324,0.34229576
Chhattisgarh,DANTEWADA,2001,Kharif,Jowar,4083,3842,0.940974773
Chhattisgarh,DANTEWADA,2001,Kharif,Maize,7609,6722,0.88342752
Chhattisgarh,DANTEWADA,2001,Kharif,Mesta,64,137,2.140625
Chhattisgarh,DANTEWADA,2001,Kharif,Moong(Green Gram),1514,581,0.383751651
Chhattisgarh,DANTEWADA,2001,Kharif,Niger seed,724,139,0.19198895
Chhattisgarh,DANTEWADA,2001,Kharif,Other Kharif pulses,356,115,0.323033708
Chhattisgarh,DANTEWADA,2001,Kharif,Ragi,636,166,0.261006289
Chhattisgarh,DANTEWADA,2001,Kharif,Rice,208838,273524,1.30974248
Chhattisgarh,DANTEWADA,2001,Kharif,Sesamum,1982,533,0.268920283
Chhattisgarh,DANTEWADA,2001,Kharif,Small millets,57635,11692,0.202862844
Chhattisgarh,DANTEWADA,2001,Kharif,Soyabean,26,30,1.153846154
Chhattisgarh,DANTEWADA,2001,Kharif,Sunflower,17,4,0.235294118
Chhattisgarh,DANTEWADA,2001,Kharif,Urad,1568,592,0.37755102
Chhattisgarh,DANTEWADA,2001,Rabi,Gram,21,12,0.571428571
Chhattisgarh,DANTEWADA,2001,Rabi,Moong(Green Gram),1191,449,0.376994123
Chhattisgarh,DANTEWADA,2001,Rabi,Other  Rabi pulses,25,9,0.36
Chhattisgarh,DANTEWADA,2001,Rabi,Peas & beans (Pulses),1,,
Chhattisgarh,DANTEWADA,2001,Rabi,Rapeseed &Mustard,2651,910,0.343266692
Chhattisgarh,DANTEWADA,2001,Rabi,Urad,295,97,0.328813559
Chhattisgarh,DANTEWADA,2001,Rabi,Wheat,21,29,1.380952381
Chhattisgarh,DANTEWADA,2001,Whole Year,Banana,24,879,36.625
Chhattisgarh,DANTEWADA,2001,Whole Year,Coriander,13,3,0.230769231
Chhattisgarh,DANTEWADA,2001,Whole Year,Dry chillies,335,149,0.444776119
Chhattisgarh,DANTEWADA,2001,Whole Year,Garlic,1,3,3
Chhattisgarh,DANTEWADA,2001,Whole Year,Potato,1,5,5
Chhattisgarh,DANTEWADA,2001,Whole Year,Sannhamp,62,22,0.35483871
Chhattisgarh,DANTEWADA,2001,Whole Year,Sugarcane,11,37,3.363636364
Chhattisgarh,DANTEWADA,2001,Whole Year,Sweet potato,106,516,4.867924528
Chhattisgarh,DANTEWADA,2001,Whole Year,Tobacco,7,5,0.714285714
Chhattisgarh,DANTEWADA,2001,Whole Year,Turmeric,55,42,0.763636364
Chhattisgarh,DANTEWADA,2002,Kharif,Arhar/Tur,1016,395,0.388779528
Chhattisgarh,DANTEWADA,2002,Kharif,Castor seed,1,,
Chhattisgarh,DANTEWADA,2002,Kharif,Cotton(lint),29,10,0.344827586
Chhattisgarh,DANTEWADA,2002,Kharif,Groundnut,35,68,1.942857143
Chhattisgarh,DANTEWADA,2002,Kharif,Horse-gram,3495,887,0.25379113
Chhattisgarh,DANTEWADA,2002,Kharif,Jowar,2503,1247,0.498202157
Chhattisgarh,DANTEWADA,2002,Kharif,Maize,7543,10824,1.434972822
Chhattisgarh,DANTEWADA,2002,Kharif,Mesta,70,115,1.642857143
Chhattisgarh,DANTEWADA,2002,Kharif,Moong(Green Gram),1419,425,0.299506695
Chhattisgarh,DANTEWADA,2002,Kharif,Niger seed,457,72,0.157549234
Chhattisgarh,DANTEWADA,2002,Kharif,Other Kharif pulses,337,71,0.210682493
Chhattisgarh,DANTEWADA,2002,Kharif,Ragi,710,150,0.211267606
Chhattisgarh,DANTEWADA,2002,Kharif,Rice,204492,113811,0.55655478
Chhattisgarh,DANTEWADA,2002,Kharif,Sesamum,1888,555,0.293961864
Chhattisgarh,DANTEWADA,2002,Kharif,Small millets,54055,6638,0.122800851
Chhattisgarh,DANTEWADA,2002,Kharif,Soyabean,30,20,0.666666667
Chhattisgarh,DANTEWADA,2002,Kharif,Sunflower,6,1,0.166666667
Chhattisgarh,DANTEWADA,2002,Kharif,Urad,1466,429,0.292633015
Chhattisgarh,DANTEWADA,2002,Rabi,Gram,20,10,0.5
Chhattisgarh,DANTEWADA,2002,Rabi,Horse-gram,726,193,0.26584022
Chhattisgarh,DANTEWADA,2002,Rabi,Linseed,2,,
Chhattisgarh,DANTEWADA,2002,Rabi,Moong(Green Gram),1059,296,0.279508971
Chhattisgarh,DANTEWADA,2002,Rabi,Other  Rabi pulses,61,12,0.196721311
Chhattisgarh,DANTEWADA,2002,Rabi,Peas & beans (Pulses),4,1,0.25
Chhattisgarh,DANTEWADA,2002,Rabi,Rapeseed &Mustard,2367,447,0.188846641
Chhattisgarh,DANTEWADA,2002,Rabi,Urad,230,73,0.317391304
Chhattisgarh,DANTEWADA,2002,Rabi,Wheat,31,41,1.322580645
Chhattisgarh,DANTEWADA,2002,Whole Year,Banana,69,2619,37.95652174
Chhattisgarh,DANTEWADA,2002,Whole Year,Dry chillies,301,137,0.455149502
Chhattisgarh,DANTEWADA,2002,Whole Year,Dry ginger,4,4,1
Chhattisgarh,DANTEWADA,2002,Whole Year,Papaya,2,52,26
Chhattisgarh,DANTEWADA,2002,Whole Year,Potato,3,15,5
Chhattisgarh,DANTEWADA,2002,Whole Year,Sannhamp,55,15,0.272727273
Chhattisgarh,DANTEWADA,2002,Whole Year,Sugarcane,2,5,2.5
Chhattisgarh,DANTEWADA,2002,Whole Year,Sweet potato,97,356,3.670103093
Chhattisgarh,DANTEWADA,2002,Whole Year,Tobacco,8,5,0.625
Chhattisgarh,DANTEWADA,2002,Whole Year,Turmeric,57,31,0.543859649
Chhattisgarh,DANTEWADA,2003,Kharif,Arhar/Tur,1078,705,0.653988868
Chhattisgarh,DANTEWADA,2003,Kharif,Groundnut,37,23,0.621621622
Chhattisgarh,DANTEWADA,2003,Kharif,Horse-gram,3382,1218,0.360141928
Chhattisgarh,DANTEWADA,2003,Kharif,Jowar,2451,2533,1.033455732
Chhattisgarh,DANTEWADA,2003,Kharif,Maize,7406,9135,1.233459357
Chhattisgarh,DANTEWADA,2003,Kharif,Mesta,64,127,1.984375
Chhattisgarh,DANTEWADA,2003,Kharif,Moong(Green Gram),1503,518,0.344644045
Chhattisgarh,DANTEWADA,2003,Kharif,Niger seed,530,103,0.194339623
Chhattisgarh,DANTEWADA,2003,Kharif,Other Kharif pulses,345,100,0.289855072
Chhattisgarh,DANTEWADA,2003,Kharif,Ragi,669,181,0.270553064
Chhattisgarh,DANTEWADA,2003,Kharif,Rice,208224,283588,1.361937145
Chhattisgarh,DANTEWADA,2003,Kharif,Sesamum,1955,633,0.323785166
Chhattisgarh,DANTEWADA,2003,Kharif,Small millets,53487,12287,0.229719371
Chhattisgarh,DANTEWADA,2003,Kharif,Sunflower,3,1,0.333333333
Chhattisgarh,DANTEWADA,2003,Kharif,Urad,1461,532,0.364134155
Chhattisgarh,DANTEWADA,2003,Rabi,Gram,24,19,0.791666667
Chhattisgarh,DANTEWADA,2003,Rabi,Horse-gram,773,229,0.296248383
Chhattisgarh,DANTEWADA,2003,Rabi,Moong(Green Gram),1205,362,0.300414938
Chhattisgarh,DANTEWADA,2003,Rabi,Other  Rabi pulses,18,5,0.277777778
Chhattisgarh,DANTEWADA,2003,Rabi,Peas & beans (Pulses),3,1,0.333333333
Chhattisgarh,DANTEWADA,2003,Rabi,Rapeseed &Mustard,2410,985,0.408713693
Chhattisgarh,DANTEWADA,2003,Rabi,Urad,291,108,0.371134021
Chhattisgarh,DANTEWADA,2003,Rabi,Wheat,17,26,1.529411765
Chhattisgarh,DANTEWADA,2003,Whole Year,Banana,35,1351,38.6
Chhattisgarh,DANTEWADA,2003,Whole Year,Coriander,8,1,0.125
Chhattisgarh,DANTEWADA,2003,Whole Year,Dry chillies,319,174,0.545454545
Chhattisgarh,DANTEWADA,2003,Whole Year,Dry ginger,2,3,1.5
Chhattisgarh,DANTEWADA,2003,Whole Year,Papaya,1,45,45
Chhattisgarh,DANTEWADA,2003,Whole Year,Potato,2,9,4.5
Chhattisgarh,DANTEWADA,2003,Whole Year,Sannhamp,54,20,0.37037037
Chhattisgarh,DANTEWADA,2003,Whole Year,Sugarcane,8,20,2.5
Chhattisgarh,DANTEWADA,2003,Whole Year,Sweet potato,94,490,5.212765957
Chhattisgarh,DANTEWADA,2003,Whole Year,Tobacco,8,5,0.625
Chhattisgarh,DANTEWADA,2003,Whole Year,Turmeric,59,41,0.694915254
Chhattisgarh,DANTEWADA,2004,Kharif,Arhar/Tur,1073,437,0.407269338
Chhattisgarh,DANTEWADA,2004,Kharif,Castor seed,17,6,0.352941176
Chhattisgarh,DANTEWADA,2004,Kharif,Groundnut,4,2,0.5
Chhattisgarh,DANTEWADA,2004,Kharif,Horse-gram,4043,1041,0.257482068
Chhattisgarh,DANTEWADA,2004,Kharif,Jowar,3406,1478,0.433940106
Chhattisgarh,DANTEWADA,2004,Kharif,Maize,7509,11595,1.544147024
Chhattisgarh,DANTEWADA,2004,Kharif,Mesta,53,78,1.471698113
Chhattisgarh,DANTEWADA,2004,Kharif,Moong(Green Gram),1511,482,0.318994044
Chhattisgarh,DANTEWADA,2004,Kharif,Niger seed,539,99,0.183673469
Chhattisgarh,DANTEWADA,2004,Kharif,Other Kharif pulses,954,44,0.046121593
Chhattisgarh,DANTEWADA,2004,Kharif,Ragi,720,152,0.211111111
Chhattisgarh,DANTEWADA,2004,Kharif,Rice,209076,212564,1.016682929
Chhattisgarh,DANTEWADA,2004,Kharif,Sesamum,1940,543,0.279896907
Chhattisgarh,DANTEWADA,2004,Kharif,Small millets,52852,8836,0.167183834
Chhattisgarh,DANTEWADA,2004,Kharif,Soyabean,28,27,0.964285714
Chhattisgarh,DANTEWADA,2004,Kharif,Sunflower,10,2,0.2
Chhattisgarh,DANTEWADA,2004,Kharif,Urad,1527,437,0.286182056
Chhattisgarh,DANTEWADA,2004,Rabi,Gram,11,5,0.454545455
Chhattisgarh,DANTEWADA,2004,Rabi,Moong(Green Gram),1024,213,0.208007813
Chhattisgarh,DANTEWADA,2004,Rabi,Other  Rabi pulses,129,2,0.015503876
Chhattisgarh,DANTEWADA,2004,Rabi,Peas & beans (Pulses),1,,
Chhattisgarh,DANTEWADA,2004,Rabi,Rapeseed &Mustard,2380,894,0.375630252
Chhattisgarh,DANTEWADA,2004,Rabi,Urad,314,46,0.146496815
Chhattisgarh,DANTEWADA,2004,Rabi,Wheat,8,6,0.75
Chhattisgarh,DANTEWADA,2004,Whole Year,Banana,63,2097,33.28571429
Chhattisgarh,DANTEWADA,2004,Whole Year,Coriander,8,1,0.125
Chhattisgarh,DANTEWADA,2004,Whole Year,Dry chillies,292,102,0.349315068
Chhattisgarh,DANTEWADA,2004,Whole Year,Dry ginger,3,4,1.333333333
Chhattisgarh,DANTEWADA,2004,Whole Year,Onion,4,34,8.5
Chhattisgarh,DANTEWADA,2004,Whole Year,Potato,2,9,4.5
Chhattisgarh,DANTEWADA,2004,Whole Year,Sannhamp,48,13,0.270833333
Chhattisgarh,DANTEWADA,2004,Whole Year,Sugarcane,4,8,2
Chhattisgarh,DANTEWADA,2004,Whole Year,Sweet potato,99,465,4.696969697
Chhattisgarh,DANTEWADA,2004,Whole Year,Tobacco,6,2,0.333333333
Chhattisgarh,DANTEWADA,2004,Whole Year,Turmeric,59,33,0.559322034
Chhattisgarh,DANTEWADA,2005,Kharif,Arhar/Tur,1034,434,0.419729207
Chhattisgarh,DANTEWADA,2005,Kharif,Cotton(lint),4,3,0.75
Chhattisgarh,DANTEWADA,2005,Kharif,Groundnut,21,14,0.666666667
Chhattisgarh,DANTEWADA,2005,Kharif,Horse-gram,3173,974,0.306965017
Chhattisgarh,DANTEWADA,2005,Kharif,Jowar,3399,1572,0.462488967
Chhattisgarh,DANTEWADA,2005,Kharif,Maize,7439,8170,1.098265896
Chhattisgarh,DANTEWADA,2005,Kharif,Mesta,52,98,1.884615385
Chhattisgarh,DANTEWADA,2005,Kharif,Moong(Green Gram),1642,544,0.331303289
Chhattisgarh,DANTEWADA,2005,Kharif,Niger seed,429,71,0.165501166
Chhattisgarh,DANTEWADA,2005,Kharif,Other Kharif pulses,903,97,0.107419712
Chhattisgarh,DANTEWADA,2005,Kharif,Rice,209077,171278,0.819210147
Chhattisgarh,DANTEWADA,2005,Kharif,Sesamum,2193,587,0.267669859
Chhattisgarh,DANTEWADA,2005,Kharif,Small millets,52533,6711,0.127748273
Chhattisgarh,DANTEWADA,2005,Kharif,Soyabean,27,24,0.888888889
Chhattisgarh,DANTEWADA,2005,Kharif,Sunflower,1,,
Chhattisgarh,DANTEWADA,2005,Kharif,Urad,1509,510,0.337972167
Chhattisgarh,DANTEWADA,2005,Rabi,Gram,8,4,0.5
Chhattisgarh,DANTEWADA,2005,Rabi,Horse-gram,623,172,0.276083467
Chhattisgarh,DANTEWADA,2005,Rabi,Moong(Green Gram),943,269,0.285259809
Chhattisgarh,DANTEWADA,2005,Rabi,Other  Rabi pulses,142,12,0.084507042
Chhattisgarh,DANTEWADA,2005,Rabi,Rapeseed &Mustard,2401,674,0.280716368
Chhattisgarh,DANTEWADA,2005,Rabi,Safflower,1,,
Chhattisgarh,DANTEWADA,2005,Rabi,Urad,282,62,0.219858156
Chhattisgarh,DANTEWADA,2005,Rabi,Wheat,8,10,1.25
Chhattisgarh,DANTEWADA,2005,Whole Year,Banana,91,3634,39.93406593
Chhattisgarh,DANTEWADA,2005,Whole Year,Coriander,15,3,0.2
Chhattisgarh,DANTEWADA,2005,Whole Year,Dry chillies,285,53,0.185964912
Chhattisgarh,DANTEWADA,2005,Whole Year,Dry ginger,8,9,1.125
Chhattisgarh,DANTEWADA,2005,Whole Year,Potato,1,4,4
Chhattisgarh,DANTEWADA,2005,Whole Year,Sannhamp,36,11,0.305555556
Chhattisgarh,DANTEWADA,2005,Whole Year,Sugarcane,9,22,2.444444444
Chhattisgarh,DANTEWADA,2005,Whole Year,Sweet potato,92,480,5.217391304
Chhattisgarh,DANTEWADA,2005,Whole Year,Tobacco,2,1,0.5
Chhattisgarh,DANTEWADA,2005,Whole Year,Turmeric,70,37,0.528571429
Chhattisgarh,DANTEWADA,2006,Kharif,Arhar/Tur,732,315,0.430327869
Chhattisgarh,DANTEWADA,2006,Kharif,Groundnut,1,8,8
Chhattisgarh,DANTEWADA,2006,Kharif,Horse-gram,2252,863,0.38321492
Chhattisgarh,DANTEWADA,2006,Kharif,Jowar,438,1041,2.376712329
Chhattisgarh,DANTEWADA,2006,Kharif,Maize,5541,8338,1.50478253
Chhattisgarh,DANTEWADA,2006,Kharif,Mesta,34,77,2.264705882
Chhattisgarh,DANTEWADA,2006,Kharif,Moong(Green Gram),799,399,0.499374218
Chhattisgarh,DANTEWADA,2006,Kharif,Niger seed,435,83,0.190804598
Chhattisgarh,DANTEWADA,2006,Kharif,Other Kharif pulses,443,56,0.126410835
Chhattisgarh,DANTEWADA,2006,Kharif,Ragi,412,136,0.330097087
Chhattisgarh,DANTEWADA,2006,Kharif,Rice,118352,211112,1.783763688
Chhattisgarh,DANTEWADA,2006,Kharif,Sesamum,1222,463,0.37888707
Chhattisgarh,DANTEWADA,2006,Kharif,Small millets,44059,6654,0.151024762
Chhattisgarh,DANTEWADA,2006,Kharif,Soyabean,24,19,0.791666667
Chhattisgarh,DANTEWADA,2006,Kharif,Sunflower,1,,
Chhattisgarh,DANTEWADA,2006,Kharif,Urad,933,428,0.458735263
Chhattisgarh,DANTEWADA,2006,Rabi,Gram,10,9,0.9
Chhattisgarh,DANTEWADA,2006,Rabi,Horse-gram,135,142,1.051851852
Chhattisgarh,DANTEWADA,2006,Rabi,Moong(Green Gram),347,239,0.688760807
Chhattisgarh,DANTEWADA,2006,Rabi,Other  Rabi pulses,2,3,1.5
Chhattisgarh,DANTEWADA,2006,Rabi,Peas & beans (Pulses),2,1,0.5
Chhattisgarh,DANTEWADA,2006,Rabi,Potato,1,8,8
Chhattisgarh,DANTEWADA,2006,Rabi,Rapeseed &Mustard,2039,785,0.384992643
Chhattisgarh,DANTEWADA,2006,Rabi,Urad,34,49,1.441176471
Chhattisgarh,DANTEWADA,2006,Rabi,Wheat,14,29,2.071428571
Chhattisgarh,DANTEWADA,2006,Whole Year,Banana,70,2770,39.57142857
Chhattisgarh,DANTEWADA,2006,Whole Year,Coriander,10,5,0.5
Chhattisgarh,DANTEWADA,2006,Whole Year,Dry chillies,84,40,0.476190476
Chhattisgarh,DANTEWADA,2006,Whole Year,Dry ginger,2,2,1
Chhattisgarh,DANTEWADA,2006,Whole Year,Sannhamp,14,10,0.714285714
Chhattisgarh,DANTEWADA,2006,Whole Year,Sugarcane,14,43,3.071428571
Chhattisgarh,DANTEWADA,2006,Whole Year,Sweet potato,74,398,5.378378378
Chhattisgarh,DANTEWADA,2006,Whole Year,Tobacco,1,1,1
Chhattisgarh,DANTEWADA,2006,Whole Year,Turmeric,45,39,0.866666667
Chhattisgarh,DANTEWADA,2007,Kharif,Arhar/Tur,808,501,0.620049505
Chhattisgarh,DANTEWADA,2007,Kharif,Horse-gram,2299,774,0.336668117
Chhattisgarh,DANTEWADA,2007,Kharif,Jowar,471,511,1.08492569
Chhattisgarh,DANTEWADA,2007,Kharif,Maize,5631,9708,1.724027704
Chhattisgarh,DANTEWADA,2007,Kharif,Mesta,37,88,2.378378378
Chhattisgarh,DANTEWADA,2007,Kharif,Moong(Green Gram),887,323,0.364148816
Chhattisgarh,DANTEWADA,2007,Kharif,Niger seed,475,99,0.208421053
Chhattisgarh,DANTEWADA,2007,Kharif,Other Kharif pulses,531,42,0.079096045
Chhattisgarh,DANTEWADA,2007,Kharif,Ragi,476,115,0.241596639
Chhattisgarh,DANTEWADA,2007,Kharif,Rice,129463,181019,1.39822961
Chhattisgarh,DANTEWADA,2007,Kharif,Sesamum,1345,475,0.353159851
Chhattisgarh,DANTEWADA,2007,Kharif,Small millets,44955,11532,0.25652319
Chhattisgarh,DANTEWADA,2007,Kharif,Soyabean,16,22,1.375
Chhattisgarh,DANTEWADA,2007,Kharif,Sunflower,4,1,0.25
Chhattisgarh,DANTEWADA,2007,Kharif,Urad,962,356,0.37006237
Chhattisgarh,DANTEWADA,2007,Rabi,Gram,7,6,0.857142857
Chhattisgarh,DANTEWADA,2007,Rabi,Horse-gram,129,35,0.271317829
Chhattisgarh,DANTEWADA,2007,Rabi,Moong(Green Gram),341,92,0.269794721
Chhattisgarh,DANTEWADA,2007,Rabi,Other  Rabi pulses,3,,
Chhattisgarh,DANTEWADA,2007,Rabi,Rapeseed &Mustard,2031,774,0.381093058
Chhattisgarh,DANTEWADA,2007,Rabi,Urad,26,5,0.192307692
Chhattisgarh,DANTEWADA,2007,Rabi,Wheat,4,6,1.5
Chhattisgarh,DANTEWADA,2007,Whole Year,Banana,94,3443,36.62765957
Chhattisgarh,DANTEWADA,2007,Whole Year,Coriander,1,1,1
Chhattisgarh,DANTEWADA,2007,Whole Year,Dry chillies,100,65,0.65
Chhattisgarh,DANTEWADA,2007,Whole Year,Dry ginger,4,5,1.25
Chhattisgarh,DANTEWADA,2007,Whole Year,Sannhamp,16,5,0.3125
Chhattisgarh,DANTEWADA,2007,Whole Year,Sugarcane,5,19,3.8
Chhattisgarh,DANTEWADA,2007,Whole Year,Sweet potato,63,360,5.714285714
Chhattisgarh,DANTEWADA,2007,Whole Year,Turmeric,41,35,0.853658537
Chhattisgarh,DANTEWADA,2008,Kharif,Arhar/Tur,779,432,0.554557125
Chhattisgarh,DANTEWADA,2008,Kharif,Coconut,4,,
Chhattisgarh,DANTEWADA,2008,Kharif,Groundnut,6,8,1.333333333
Chhattisgarh,DANTEWADA,2008,Kharif,Horse-gram,2187,658,0.30086877
Chhattisgarh,DANTEWADA,2008,Kharif,Jowar,422,61,0.144549763
Chhattisgarh,DANTEWADA,2008,Kharif,Maize,5655,8342,1.47515473
Chhattisgarh,DANTEWADA,2008,Kharif,Mesta,37,69,1.864864865
Chhattisgarh,DANTEWADA,2008,Kharif,Moong(Green Gram),861,291,0.337979094
Chhattisgarh,DANTEWADA,2008,Kharif,Niger seed,459,79,0.17211329
Chhattisgarh,DANTEWADA,2008,Kharif,Other Kharif pulses,509,52,0.1021611
Chhattisgarh,DANTEWADA,2008,Kharif,Ragi,394,78,0.197969543
Chhattisgarh,DANTEWADA,2008,Kharif,Rice,130262,144890,1.112296756
Chhattisgarh,DANTEWADA,2008,Kharif,Sesamum,1331,422,0.317054846
Chhattisgarh,DANTEWADA,2008,Kharif,Small millets,44226,6173,0.139578528
Chhattisgarh,DANTEWADA,2008,Kharif,Soyabean,12,24,2
Chhattisgarh,DANTEWADA,2008,Kharif,Sunflower,1,,
Chhattisgarh,DANTEWADA,2008,Kharif,Urad,962,313,0.325363825
Chhattisgarh,DANTEWADA,2008,Rabi,Gram,7,5,0.714285714
Chhattisgarh,DANTEWADA,2008,Rabi,Horse-gram,51,14,0.274509804
Chhattisgarh,DANTEWADA,2008,Rabi,Moong(Green Gram),345,95,0.275362319
Chhattisgarh,DANTEWADA,2008,Rabi,Other  Rabi pulses,3,,
Chhattisgarh,DANTEWADA,2008,Rabi,Rapeseed &Mustard,1754,567,0.323261117
Chhattisgarh,DANTEWADA,2008,Rabi,Urad,115,23,0.2
Chhattisgarh,DANTEWADA,2008,Rabi,Wheat,6,10,1.666666667
Chhattisgarh,DANTEWADA,2008,Whole Year,Banana,82,2129,25.96341463
Chhattisgarh,DANTEWADA,2008,Whole Year,Coriander,6,18,3
Chhattisgarh,DANTEWADA,2008,Whole Year,Dry chillies,103,42,0.40776699
Chhattisgarh,DANTEWADA,2008,Whole Year,Dry ginger,2,3,1.5
Chhattisgarh,DANTEWADA,2008,Whole Year,Sannhamp,9,3,0.333333333
Chhattisgarh,DANTEWADA,2008,Whole Year,Sugarcane,14,45,3.214285714
Chhattisgarh,DANTEWADA,2008,Whole Year,Sweet potato,61,305,5
Chhattisgarh,DANTEWADA,2008,Whole Year,Turmeric,30,20,0.666666667
Chhattisgarh,DANTEWADA,2009,Kharif,Arhar/Tur,794,372,0.468513854
Chhattisgarh,DANTEWADA,2009,Kharif,Horse-gram,2052,521,0.253898635
Chhattisgarh,DANTEWADA,2009,Kharif,Jowar,536,478,0.891791045
Chhattisgarh,DANTEWADA,2009,Kharif,Maize,5720,5961,1.042132867
Chhattisgarh,DANTEWADA,2009,Kharif,Mesta,37,56,1.513513514
Chhattisgarh,DANTEWADA,2009,Kharif,Moong(Green Gram),922,258,0.279826464
Chhattisgarh,DANTEWADA,2009,Kharif,Niger seed,456,55,0.120614035
Chhattisgarh,DANTEWADA,2009,Kharif,Other Kharif pulses,586,44,0.075085324
Chhattisgarh,DANTEWADA,2009,Kharif,Ragi,413,73,0.176755448
Chhattisgarh,DANTEWADA,2009,Kharif,Rice,132580,96012,0.724181626
Chhattisgarh,DANTEWADA,2009,Kharif,Sesamum,1459,486,0.333104866
Chhattisgarh,DANTEWADA,2009,Kharif,Small millets,43551,4644,0.106633602
Chhattisgarh,DANTEWADA,2009,Kharif,Soyabean,14,16,1.142857143
Chhattisgarh,DANTEWADA,2009,Kharif,Urad,1039,283,0.272377286
Chhattisgarh,DANTEWADA,2009,Rabi,Gram,14,,
Chhattisgarh,DANTEWADA,2009,Rabi,Horse-gram,93,,
Chhattisgarh,DANTEWADA,2009,Rabi,Moong(Green Gram),327,93,0.28440367
Chhattisgarh,DANTEWADA,2009,Rabi,Other  Rabi pulses,4,,
Chhattisgarh,DANTEWADA,2009,Rabi,Peas & beans (Pulses),1,,
Chhattisgarh,DANTEWADA,2009,Rabi,Rapeseed &Mustard,1655,450,0.271903323
Chhattisgarh,DANTEWADA,2009,Rabi,Urad,35,,
Chhattisgarh,DANTEWADA,2009,Rabi,Wheat,9,12,1.333333333
Chhattisgarh,DANTEWADA,2009,Whole Year,Banana,82,7458,90.95121951
Chhattisgarh,DANTEWADA,2009,Whole Year,Coriander,8,,
Chhattisgarh,DANTEWADA,2009,Whole Year,Dry chillies,123,36,0.292682927
Chhattisgarh,DANTEWADA,2009,Whole Year,Dry ginger,1,,
Chhattisgarh,DANTEWADA,2009,Whole Year,Sannhamp,15,3,0.2
Chhattisgarh,DANTEWADA,2009,Whole Year,Sugarcane,2,,
Chhattisgarh,DANTEWADA,2009,Whole Year,Sweet potato,76,,
Chhattisgarh,DANTEWADA,2009,Whole Year,Turmeric,40,,
Chhattisgarh,DANTEWADA,2010,Kharif,Arhar/Tur,777,280,0.36036036
Chhattisgarh,DANTEWADA,2010,Kharif,Groundnut,1,1,1
Chhattisgarh,DANTEWADA,2010,Kharif,Horse-gram,1997,649,0.324987481
Chhattisgarh,DANTEWADA,2010,Kharif,Jowar,1091,1775,1.626947754
Chhattisgarh,DANTEWADA,2010,Kharif,Jute,3,,
Chhattisgarh,DANTEWADA,2010,Kharif,Maize,5920,12607,2.129560811
Chhattisgarh,DANTEWADA,2010,Kharif,Mesta,32,81,2.53125
Chhattisgarh,DANTEWADA,2010,Kharif,Moong(Green Gram),994,356,0.358148893
Chhattisgarh,DANTEWADA,2010,Kharif,Niger seed,456,100,0.219298246
Chhattisgarh,DANTEWADA,2010,Kharif,Other Kharif pulses,616,72,0.116883117
Chhattisgarh,DANTEWADA,2010,Kharif,Ragi,426,117,0.274647887
Chhattisgarh,DANTEWADA,2010,Kharif,Rice,137791,261296,1.89632124
Chhattisgarh,DANTEWADA,2010,Kharif,Sesamum,1679,591,0.351995235
Chhattisgarh,DANTEWADA,2010,Kharif,Small millets,42971,9144,0.212794675
Chhattisgarh,DANTEWADA,2010,Kharif,Soyabean,12,17,1.416666667
Chhattisgarh,DANTEWADA,2010,Kharif,Urad,1099,393,0.357597816
Chhattisgarh,DANTEWADA,2010,Rabi,Gram,10,4,0.4
Chhattisgarh,DANTEWADA,2010,Rabi,Horse-gram,73,,
Chhattisgarh,DANTEWADA,2010,Rabi,Moong(Green Gram),309,67,0.216828479
Chhattisgarh,DANTEWADA,2010,Rabi,Other  Rabi pulses,34,,
Chhattisgarh,DANTEWADA,2010,Rabi,Rapeseed &Mustard,1626,467,0.287207872
Chhattisgarh,DANTEWADA,2010,Rabi,Urad,1,,
Chhattisgarh,DANTEWADA,2010,Rabi,Wheat,5,7,1.4
Chhattisgarh,DANTEWADA,2010,Whole Year,Banana,78,2597,33.29487179
Chhattisgarh,DANTEWADA,2010,Whole Year,Coriander,8,1,0.125
Chhattisgarh,DANTEWADA,2010,Whole Year,Dry chillies,144,45,0.3125
Chhattisgarh,DANTEWADA,2010,Whole Year,Dry ginger,3,3,1
Chhattisgarh,DANTEWADA,2010,Whole Year,Potato,6,54,9
Chhattisgarh,DANTEWADA,2010,Whole Year,Sannhamp,18,6,0.333333333
Chhattisgarh,DANTEWADA,2010,Whole Year,Sugarcane,11,28,2.545454545
Chhattisgarh,DANTEWADA,2010,Whole Year,Sweet potato,80,466,5.825
Chhattisgarh,DANTEWADA,2010,Whole Year,Turmeric,44,35,0.795454545
Chhattisgarh,DANTEWADA,2011,Kharif,Arhar/Tur,400,142,0.355
Chhattisgarh,DANTEWADA,2011,Kharif,Horse-gram,909,268,0.294829483
Chhattisgarh,DANTEWADA,2011,Kharif,Jowar,123,123,1
Chhattisgarh,DANTEWADA,2011,Kharif,Jute,2,,
Chhattisgarh,DANTEWADA,2011,Kharif,Maize,3274,6753,2.062614539
Chhattisgarh,DANTEWADA,2011,Kharif,Mesta,20,48,2.4
Chhattisgarh,DANTEWADA,2011,Kharif,Moong(Green Gram),210,56,0.266666667
Chhattisgarh,DANTEWADA,2011,Kharif,Niger seed,406,82,0.201970443
Chhattisgarh,DANTEWADA,2011,Kharif,Other Kharif pulses,315,56,0.177777778
Chhattisgarh,DANTEWADA,2011,Kharif,Potato,5,38,7.6
Chhattisgarh,DANTEWADA,2011,Kharif,Ragi,255,48,0.188235294
Chhattisgarh,DANTEWADA,2011,Kharif,Rice,66335,84423,1.272676566
Chhattisgarh,DANTEWADA,2011,Kharif,Sesamum,23,9,0.391304348
Chhattisgarh,DANTEWADA,2011,Kharif,Small millets,26441,5767,0.218108241
Chhattisgarh,DANTEWADA,2011,Kharif,Soyabean,9,9,1
Chhattisgarh,DANTEWADA,2011,Kharif,Urad,642,146,0.22741433
Chhattisgarh,DANTEWADA,2011,Rabi,Gram,7,5,0.714285714
Chhattisgarh,DANTEWADA,2011,Rabi,Moong(Green Gram),18,6,0.333333333
Chhattisgarh,DANTEWADA,2011,Rabi,Other  Rabi pulses,2,1,0.5
Chhattisgarh,DANTEWADA,2011,Rabi,Potato,2,16,8
Chhattisgarh,DANTEWADA,2011,Rabi,Rapeseed &Mustard,1270,617,0.485826772
Chhattisgarh,DANTEWADA,2011,Rabi,Urad,1,,
Chhattisgarh,DANTEWADA,2011,Rabi,Wheat,5,10,2
Chhattisgarh,DANTEWADA,2011,Whole Year,Banana,38,1265,33.28947368
Chhattisgarh,DANTEWADA,2011,Whole Year,Coconut,1,,
Chhattisgarh,DANTEWADA,2011,Whole Year,Coriander,6,2,0.333333333
Chhattisgarh,DANTEWADA,2011,Whole Year,Dry chillies,63,43,0.682539683
Chhattisgarh,DANTEWADA,2011,Whole Year,Dry ginger,3,5,1.666666667
Chhattisgarh,DANTEWADA,2011,Whole Year,Sannhamp,17,25,1.470588235
Chhattisgarh,DANTEWADA,2011,Whole Year,Sweet potato,40,139,3.475
Chhattisgarh,DANTEWADA,2011,Whole Year,Turmeric,28,22,0.785714286
Chhattisgarh,DANTEWADA,2012,Kharif,Arhar/Tur,374,235,0.628342246
Chhattisgarh,DANTEWADA,2012,Kharif,Groundnut,1,2,2
Chhattisgarh,DANTEWADA,2012,Kharif,Horse-gram,991,427,0.430877901
Chhattisgarh,DANTEWADA,2012,Kharif,Jowar,152,130,0.855263158
Chhattisgarh,DANTEWADA,2012,Kharif,Maize,3246,6217,1.915280345
Chhattisgarh,DANTEWADA,2012,Kharif,Mesta,30,64,2.133333333
Chhattisgarh,DANTEWADA,2012,Kharif,Moong(Green Gram),231,90,0.38961039
Chhattisgarh,DANTEWADA,2012,Kharif,Niger seed,419,83,0.198090692
Chhattisgarh,DANTEWADA,2012,Kharif,Other Kharif pulses,335,53,0.158208955
Chhattisgarh,DANTEWADA,2012,Kharif,Ragi,274,81,0.295620438
Chhattisgarh,DANTEWADA,2012,Kharif,Rice,67846,164816,2.42926628
Chhattisgarh,DANTEWADA,2012,Kharif,Sesamum,25,6,0.24
Chhattisgarh,DANTEWADA,2012,Kharif,Small millets,25259,5617,0.222376183
Chhattisgarh,DANTEWADA,2012,Kharif,Soyabean,7,11,1.571428571
Chhattisgarh,DANTEWADA,2012,Kharif,Urad,636,249,0.391509434
Chhattisgarh,DANTEWADA,2012,Rabi,Gram,3,2,0.666666667
Chhattisgarh,DANTEWADA,2012,Rabi,Horse-gram,6,2,0.333333333
Chhattisgarh,DANTEWADA,2012,Rabi,Moong(Green Gram),41,15,0.365853659
Chhattisgarh,DANTEWADA,2012,Rabi,Other  Rabi pulses,1,,
Chhattisgarh,DANTEWADA,2012,Rabi,Peas & beans (Pulses),1,,
Chhattisgarh,DANTEWADA,2012,Rabi,Potato,1,7,7
Chhattisgarh,DANTEWADA,2012,Rabi,Rapeseed &Mustard,1336,588,0.44011976
Chhattisgarh,DANTEWADA,2012,Rabi,Urad,9,4,0.444444444
Chhattisgarh,DANTEWADA,2012,Rabi,Wheat,5,11,2.2
Chhattisgarh,DANTEWADA,2012,Whole Year,Banana,42,606,14.42857143
Chhattisgarh,DANTEWADA,2012,Whole Year,Coconut,1,,
Chhattisgarh,DANTEWADA,2012,Whole Year,Coriander,3,1,0.333333333
Chhattisgarh,DANTEWADA,2012,Whole Year,Dry chillies,65,48,0.738461538
Chhattisgarh,DANTEWADA,2012,Whole Year,Dry ginger,3,3,1
Chhattisgarh,DANTEWADA,2012,Whole Year,Sannhamp,18,5,0.277777778
Chhattisgarh,DANTEWADA,2012,Whole Year,Sweet potato,44,230,5.227272727
Chhattisgarh,DANTEWADA,2012,Whole Year,Turmeric,39,23,0.58974359
Chhattisgarh,DANTEWADA,2013,Kharif,Arhar/Tur,401,246,0.613466334
Chhattisgarh,DANTEWADA,2013,Kharif,Groundnut,2,1,0.5
Chhattisgarh,DANTEWADA,2013,Kharif,Horse-gram,1036,404,0.38996139
Chhattisgarh,DANTEWADA,2013,Kharif,Maize,3323,8515,2.562443575
Chhattisgarh,DANTEWADA,2013,Kharif,Mesta,32,70,2.1875
Chhattisgarh,DANTEWADA,2013,Kharif,Moong(Green Gram),265,112,0.422641509
Chhattisgarh,DANTEWADA,2013,Kharif,Niger seed,421,6,0.014251781
Chhattisgarh,DANTEWADA,2013,Kharif,Other Kharif pulses,343,58,0.16909621
Chhattisgarh,DANTEWADA,2013,Kharif,Ragi,331,81,0.244712991
Chhattisgarh,DANTEWADA,2013,Kharif,Rice,68153,112922,1.656889645
Chhattisgarh,DANTEWADA,2013,Kharif,Sannhamp,12,4,0.333333333
Chhattisgarh,DANTEWADA,2013,Kharif,Sesamum,30,9,0.3
Chhattisgarh,DANTEWADA,2013,Kharif,Small millets,24213,4685,0.1934911
Chhattisgarh,DANTEWADA,2013,Kharif,Soyabean,7,10,1.428571429
Chhattisgarh,DANTEWADA,2013,Kharif,Urad,660,279,0.422727273
Chhattisgarh,DANTEWADA,2013,Rabi,Gram,4,3,0.75
Chhattisgarh,DANTEWADA,2013,Rabi,Horse-gram,5,2,0.4
Chhattisgarh,DANTEWADA,2013,Rabi,Moong(Green Gram),39,11,0.282051282
Chhattisgarh,DANTEWADA,2013,Rabi,Other  Rabi pulses,4,5,1.25
Chhattisgarh,DANTEWADA,2013,Rabi,Peas & beans (Pulses),1,,
Chhattisgarh,DANTEWADA,2013,Rabi,Potato,1,8,8
Chhattisgarh,DANTEWADA,2013,Rabi,Rapeseed &Mustard,1272,693,0.544811321
Chhattisgarh,DANTEWADA,2013,Rabi,Urad,9,4,0.444444444
Chhattisgarh,DANTEWADA,2013,Rabi,Wheat,6,14,2.333333333
Chhattisgarh,DANTEWADA,2013,Whole Year,Banana,50,2331,46.62
Chhattisgarh,DANTEWADA,2013,Whole Year,Coconut,1,,
Chhattisgarh,DANTEWADA,2013,Whole Year,Coriander,3,1,0.333333333
Chhattisgarh,DANTEWADA,2013,Whole Year,Dry chillies,69,51,0.739130435
Chhattisgarh,DANTEWADA,2013,Whole Year,Dry ginger,6,7,1.166666667
Chhattisgarh,DANTEWADA,2013,Whole Year,Jowar,119,88,0.739495798
Chhattisgarh,DANTEWADA,2013,Whole Year,Onion,1,6,6
Chhattisgarh,DANTEWADA,2013,Whole Year,Sweet potato,53,277,5.226415094
Chhattisgarh,DANTEWADA,2013,Whole Year,Turmeric,40,22,0.55
Chhattisgarh,DANTEWADA,2014,Kharif,Arhar/Tur,392,272,0.693877551
Chhattisgarh,DANTEWADA,2014,Kharif,Groundnut,2,4,2
Chhattisgarh,DANTEWADA,2014,Kharif,Horse-gram,1059,394,0.372049103
Chhattisgarh,DANTEWADA,2014,Kharif,Maize,3328,7098,2.1328125
Chhattisgarh,DANTEWADA,2014,Kharif,Mesta,27,62,2.296296296
Chhattisgarh,DANTEWADA,2014,Kharif,Moong(Green Gram),262,108,0.41221374
Chhattisgarh,DANTEWADA,2014,Kharif,Niger seed,436,93,0.213302752
Chhattisgarh,DANTEWADA,2014,Kharif,Other Kharif pulses,365,56,0.153424658
Chhattisgarh,DANTEWADA,2014,Kharif,Ragi,302,70,0.231788079
Chhattisgarh,DANTEWADA,2014,Kharif,Rice,70366,131262,1.865417958
Chhattisgarh,DANTEWADA,2014,Kharif,Sannhamp,19,8,0.421052632
Chhattisgarh,DANTEWADA,2014,Kharif,Sesamum,28,9,0.321428571
Chhattisgarh,DANTEWADA,2014,Kharif,Small millets,23662,3593,0.151846843
Chhattisgarh,DANTEWADA,2014,Kharif,Soyabean,8,7,0.875
Chhattisgarh,DANTEWADA,2014,Kharif,Sunflower,9,2,0.222222222
Chhattisgarh,DANTEWADA,2014,Kharif,Urad,662,271,0.409365559
Chhattisgarh,DANTEWADA,2014,Rabi,Gram,25,40,1.6
Chhattisgarh,DANTEWADA,2014,Rabi,Horse-gram,6,2,0.333333333
Chhattisgarh,DANTEWADA,2014,Rabi,Linseed,2,,
Chhattisgarh,DANTEWADA,2014,Rabi,Moong(Green Gram),36,12,0.333333333
Chhattisgarh,DANTEWADA,2014,Rabi,Other  Rabi pulses,1,,
Chhattisgarh,DANTEWADA,2014,Rabi,Peas & beans (Pulses),12,2,0.166666667
Chhattisgarh,DANTEWADA,2014,Rabi,Potato,1,6,6
Chhattisgarh,DANTEWADA,2014,Rabi,Rapeseed &Mustard,1312,683,0.520579268
Chhattisgarh,DANTEWADA,2014,Rabi,Urad,9,3,0.333333333
Chhattisgarh,DANTEWADA,2014,Rabi,Wheat,5,12,2.4
Chhattisgarh,DANTEWADA,2014,Whole Year,Banana,53,1764,33.28301887
Chhattisgarh,DANTEWADA,2014,Whole Year,Coconut,1,,
Chhattisgarh,DANTEWADA,2014,Whole Year,Coriander,5,1,0.2
Chhattisgarh,DANTEWADA,2014,Whole Year,Dry chillies,77,34,0.441558442
Chhattisgarh,DANTEWADA,2014,Whole Year,Dry ginger,5,5,1
Chhattisgarh,DANTEWADA,2014,Whole Year,Jowar,123,115,0.93495935
Chhattisgarh,DANTEWADA,2014,Whole Year,Sweet potato,61,281,4.606557377
Chhattisgarh,DANTEWADA,2014,Whole Year,Turmeric,41,36,0.87804878
Chhattisgarh,DHAMTARI,2000,Kharif,Arhar/Tur,176,51,0.289772727
Chhattisgarh,DHAMTARI,2000,Kharif,Groundnut,10,5,0.5
Chhattisgarh,DHAMTARI,2000,Kharif,Horse-gram,432,131,0.303240741
Chhattisgarh,DHAMTARI,2000,Kharif,Jowar,91,62,0.681318681
Chhattisgarh,DHAMTARI,2000,Kharif,Maize,109,99,0.908256881
Chhattisgarh,DHAMTARI,2000,Kharif,Mesta,71,221,3.112676056
Chhattisgarh,DHAMTARI,2000,Kharif,Moong(Green Gram),70,12,0.171428571
Chhattisgarh,DHAMTARI,2000,Kharif,Other Kharif pulses,184,70,0.380434783
Chhattisgarh,DHAMTARI,2000,Kharif,Ragi,315,71,0.225396825
Chhattisgarh,DHAMTARI,2000,Kharif,Rice,143445,139175,0.970232493
Chhattisgarh,DHAMTARI,2000,Kharif,Sesamum,191,25,0.130890052
Chhattisgarh,DHAMTARI,2000,Kharif,Small millets,366,13,0.035519126
Chhattisgarh,DHAMTARI,2000,Kharif,Sunflower,22,8,0.363636364
Chhattisgarh,DHAMTARI,2000,Kharif,Urad,681,196,0.287812041
Chhattisgarh,DHAMTARI,2000,Rabi,Gram,2793,1980,0.708915145
Chhattisgarh,DHAMTARI,2000,Rabi,Khesari,20545,10686,0.520126551
Chhattisgarh,DHAMTARI,2000,Rabi,Linseed,3339,891,0.266846361
Chhattisgarh,DHAMTARI,2000,Rabi,Masoor,333,123,0.369369369
Chhattisgarh,DHAMTARI,2000,Rabi,Moong(Green Gram),146,23,0.157534247
Chhattisgarh,DHAMTARI,2000,Rabi,Other  Rabi pulses,114,43,0.377192982
Chhattisgarh,DHAMTARI,2000,Rabi,Peas & beans (Pulses),512,200,0.390625
Chhattisgarh,DHAMTARI,2000,Rabi,Rapeseed &Mustard,243,84,0.345679012
Chhattisgarh,DHAMTARI,2000,Rabi,Safflower,2,1,0.5
Chhattisgarh,DHAMTARI,2000,Rabi,Urad,452,113,0.25
Chhattisgarh,DHAMTARI,2000,Rabi,Wheat,1752,1554,0.886986301
Chhattisgarh,DHAMTARI,2000,Whole Year,Banana,4,220,55
Chhattisgarh,DHAMTARI,2000,Whole Year,Coriander,141,52,0.368794326
Chhattisgarh,DHAMTARI,2000,Whole Year,Dry chillies,292,92,0.315068493
Chhattisgarh,DHAMTARI,2000,Whole Year,Garlic,1,3,3
Chhattisgarh,DHAMTARI,2000,Whole Year,Onion,148,1132,7.648648649
Chhattisgarh,DHAMTARI,2000,Whole Year,Potato,15,146,9.733333333
Chhattisgarh,DHAMTARI,2000,Whole Year,Sannhamp,15,4,0.266666667
Chhattisgarh,DHAMTARI,2000,Whole Year,Sugarcane,1,3,3
Chhattisgarh,DHAMTARI,2000,Whole Year,Sweet potato,53,264,4.981132075
Chhattisgarh,DHAMTARI,2000,Whole Year,Turmeric,2,3,1.5
Chhattisgarh,DHAMTARI,2001,Kharif,Arhar/Tur,422,115,0.272511848
Chhattisgarh,DHAMTARI,2001,Kharif,Groundnut,12,12,1
Chhattisgarh,DHAMTARI,2001,Kharif,Horse-gram,364,132,0.362637363
Chhattisgarh,DHAMTARI,2001,Kharif,Jowar,80,75,0.9375
Chhattisgarh,DHAMTARI,2001,Kharif,Maize,125,82,0.656
Chhattisgarh,DHAMTARI,2001,Kharif,Mesta,58,157,2.706896552
Chhattisgarh,DHAMTARI,2001,Kharif,Moong(Green Gram),74,17,0.22972973
Chhattisgarh,DHAMTARI,2001,Kharif,Niger seed,3,1,0.333333333
Chhattisgarh,DHAMTARI,2001,Kharif,Other Kharif pulses,190,79,0.415789474
Chhattisgarh,DHAMTARI,2001,Kharif,Ragi,312,111,0.355769231
Chhattisgarh,DHAMTARI,2001,Kharif,Rice,142588,213867,1.499894802
Chhattisgarh,DHAMTARI,2001,Kharif,Sesamum,245,62,0.253061224
Chhattisgarh,DHAMTARI,2001,Kharif,Small millets,374,57,0.152406417
Chhattisgarh,DHAMTARI,2001,Kharif,Soyabean,6,6,1
Chhattisgarh,DHAMTARI,2001,Kharif,Sunflower,155,67,0.432258065
Chhattisgarh,DHAMTARI,2001,Kharif,Urad,653,274,0.419601838
Chhattisgarh,DHAMTARI,2001,Rabi,Gram,5248,4643,0.884717988
Chhattisgarh,DHAMTARI,2001,Rabi,Khesari,19385,11030,0.568996647
Chhattisgarh,DHAMTARI,2001,Rabi,Linseed,5280,1481,0.280492424
Chhattisgarh,DHAMTARI,2001,Rabi,Masoor,1167,456,0.390745501
Chhattisgarh,DHAMTARI,2001,Rabi,Moong(Green Gram),176,41,0.232954545
Chhattisgarh,DHAMTARI,2001,Rabi,Other  Rabi pulses,89,49,0.550561798
Chhattisgarh,DHAMTARI,2001,Rabi,Peas & beans (Pulses),1705,666,0.390615836
Chhattisgarh,DHAMTARI,2001,Rabi,Rapeseed &Mustard,1440,554,0.384722222
Chhattisgarh,DHAMTARI,2001,Rabi,Safflower,15,4,0.266666667
Chhattisgarh,DHAMTARI,2001,Rabi,Urad,312,86,0.275641026
Chhattisgarh,DHAMTARI,2001,Rabi,Wheat,3650,3700,1.01369863
Chhattisgarh,DHAMTARI,2001,Whole Year,Banana,7,383,54.71428571
Chhattisgarh,DHAMTARI,2001,Whole Year,Coriander,147,61,0.414965986
Chhattisgarh,DHAMTARI,2001,Whole Year,Dry chillies,322,209,0.649068323
Chhattisgarh,DHAMTARI,2001,Whole Year,Dry ginger,4,4,1
Chhattisgarh,DHAMTARI,2001,Whole Year,Onion,169,1463,8.656804734
Chhattisgarh,DHAMTARI,2001,Whole Year,Potato,12,100,8.333333333
Chhattisgarh,DHAMTARI,2001,Whole Year,Sannhamp,8,3,0.375
Chhattisgarh,DHAMTARI,2001,Whole Year,Sweet potato,56,288,5.142857143
Chhattisgarh,DHAMTARI,2001,Whole Year,Turmeric,3,6,2
Chhattisgarh,DHAMTARI,2002,Kharif,Arhar/Tur,603,164,0.271973466
Chhattisgarh,DHAMTARI,2002,Kharif,Groundnut,11,8,0.727272727
Chhattisgarh,DHAMTARI,2002,Kharif,Horse-gram,358,91,0.254189944
Chhattisgarh,DHAMTARI,2002,Kharif,Jowar,71,59,0.830985915
Chhattisgarh,DHAMTARI,2002,Kharif,Maize,156,157,1.006410256
Chhattisgarh,DHAMTARI,2002,Kharif,Mesta,57,118,2.070175439
Chhattisgarh,DHAMTARI,2002,Kharif,Moong(Green Gram),46,9,0.195652174
Chhattisgarh,DHAMTARI,2002,Kharif,Niger seed,3,,
Chhattisgarh,DHAMTARI,2002,Kharif,Other Kharif pulses,190,76,0.4
Chhattisgarh,DHAMTARI,2002,Kharif,Ragi,290,58,0.2
Chhattisgarh,DHAMTARI,2002,Kharif,Rice,139084,164690,1.18410457
Chhattisgarh,DHAMTARI,2002,Kharif,Sesamum,283,74,0.261484099
Chhattisgarh,DHAMTARI,2002,Kharif,Small millets,168,11,0.06547619
Chhattisgarh,DHAMTARI,2002,Kharif,Soyabean,6,4,0.666666667
Chhattisgarh,DHAMTARI,2002,Kharif,Sunflower,121,44,0.363636364
Chhattisgarh,DHAMTARI,2002,Kharif,Urad,626,169,0.269968051
Chhattisgarh,DHAMTARI,2002,Rabi,Gram,7690,6021,0.782964889
Chhattisgarh,DHAMTARI,2002,Rabi,Horse-gram,4,1,0.25
Chhattisgarh,DHAMTARI,2002,Rabi,Khesari,21616,13119,0.606911547
Chhattisgarh,DHAMTARI,2002,Rabi,Linseed,3820,1161,0.303926702
Chhattisgarh,DHAMTARI,2002,Rabi,Masoor,621,242,0.389694042
Chhattisgarh,DHAMTARI,2002,Rabi,Moong(Green Gram),268,62,0.231343284
Chhattisgarh,DHAMTARI,2002,Rabi,Other  Rabi pulses,104,42,0.403846154
Chhattisgarh,DHAMTARI,2002,Rabi,Peas & beans (Pulses),1448,565,0.39019337
Chhattisgarh,DHAMTARI,2002,Rabi,Rapeseed &Mustard,1283,423,0.329696025
Chhattisgarh,DHAMTARI,2002,Rabi,Safflower,104,22,0.211538462
Chhattisgarh,DHAMTARI,2002,Rabi,Urad,411,113,0.274939173
Chhattisgarh,DHAMTARI,2002,Rabi,Wheat,3419,4097,1.198303598
Chhattisgarh,DHAMTARI,2002,Whole Year,Banana,13,711,54.69230769
Chhattisgarh,DHAMTARI,2002,Whole Year,Coriander,184,62,0.336956522
Chhattisgarh,DHAMTARI,2002,Whole Year,Dry chillies,200,209,1.045
Chhattisgarh,DHAMTARI,2002,Whole Year,Dry ginger,5,6,1.2
Chhattisgarh,DHAMTARI,2002,Whole Year,Garlic,1,3,3
Chhattisgarh,DHAMTARI,2002,Whole Year,Onion,83,648,7.807228916
Chhattisgarh,DHAMTARI,2002,Whole Year,Potato,18,154,8.555555556
Chhattisgarh,DHAMTARI,2002,Whole Year,Sannhamp,6,2,0.333333333
Chhattisgarh,DHAMTARI,2002,Whole Year,Sugarcane,1,4,4
Chhattisgarh,DHAMTARI,2002,Whole Year,Sweet potato,45,200,4.444444444
Chhattisgarh,DHAMTARI,2002,Whole Year,Turmeric,2,3,1.5
Chhattisgarh,DHAMTARI,2003,Kharif,Arhar/Tur,476,192,0.403361345
Chhattisgarh,DHAMTARI,2003,Kharif,Groundnut,8,7,0.875
Chhattisgarh,DHAMTARI,2003,Kharif,Horse-gram,340,115,0.338235294
Chhattisgarh,DHAMTARI,2003,Kharif,Jowar,71,80,1.126760563
Chhattisgarh,DHAMTARI,2003,Kharif,Maize,256,320,1.25
Chhattisgarh,DHAMTARI,2003,Kharif,Mesta,56,140,2.5
Chhattisgarh,DHAMTARI,2003,Kharif,Moong(Green Gram),60,14,0.233333333
Chhattisgarh,DHAMTARI,2003,Kharif,Niger seed,3,1,0.333333333
Chhattisgarh,DHAMTARI,2003,Kharif,Other Kharif pulses,164,63,0.384146341
Chhattisgarh,DHAMTARI,2003,Kharif,Ragi,304,108,0.355263158
Chhattisgarh,DHAMTARI,2003,Kharif,Rice,141585,217544,1.536490447
Chhattisgarh,DHAMTARI,2003,Kharif,Sesamum,526,165,0.313688213
Chhattisgarh,DHAMTARI,2003,Kharif,Small millets,156,29,0.185897436
Chhattisgarh,DHAMTARI,2003,Kharif,Soyabean,30,36,1.2
Chhattisgarh,DHAMTARI,2003,Kharif,Sunflower,204,89,0.43627451
Chhattisgarh,DHAMTARI,2003,Kharif,Urad,675,253,0.374814815
Chhattisgarh,DHAMTARI,2003,Rabi,Gram,12204,12707,1.041215995
Chhattisgarh,DHAMTARI,2003,Rabi,Horse-gram,3,1,0.333333333
Chhattisgarh,DHAMTARI,2003,Rabi,Khesari,27857,17399,0.62458269
Chhattisgarh,DHAMTARI,2003,Rabi,Linseed,7751,2490,0.321248871
Chhattisgarh,DHAMTARI,2003,Rabi,Masoor,2143,837,0.390573962
Chhattisgarh,DHAMTARI,2003,Rabi,Moong(Green Gram),317,59,0.186119874
Chhattisgarh,DHAMTARI,2003,Rabi,Other  Rabi pulses,146,57,0.390410959
Chhattisgarh,DHAMTARI,2003,Rabi,Peas & beans (Pulses),3752,1464,0.390191898
Chhattisgarh,DHAMTARI,2003,Rabi,Rapeseed &Mustard,5583,2245,0.402113559
Chhattisgarh,DHAMTARI,2003,Rabi,Safflower,196,49,0.25
Chhattisgarh,DHAMTARI,2003,Rabi,Urad,490,135,0.275510204
Chhattisgarh,DHAMTARI,2003,Rabi,Wheat,4247,4988,1.174476101
Chhattisgarh,DHAMTARI,2003,Whole Year,Banana,21,1150,54.76190476
Chhattisgarh,DHAMTARI,2003,Whole Year,Coriander,411,166,0.403892944
Chhattisgarh,DHAMTARI,2003,Whole Year,Dry chillies,204,152,0.745098039
Chhattisgarh,DHAMTARI,2003,Whole Year,Dry ginger,3,6,2
Chhattisgarh,DHAMTARI,2003,Whole Year,Garlic,16,37,2.3125
Chhattisgarh,DHAMTARI,2003,Whole Year,Onion,74,492,6.648648649
Chhattisgarh,DHAMTARI,2003,Whole Year,Papaya,2,68,34
Chhattisgarh,DHAMTARI,2003,Whole Year,Potato,21,132,6.285714286
Chhattisgarh,DHAMTARI,2003,Whole Year,Sannhamp,6,2,0.333333333
Chhattisgarh,DHAMTARI,2003,Whole Year,Sugarcane,7,28,4
Chhattisgarh,DHAMTARI,2003,Whole Year,Sweet potato,42,186,4.428571429
Chhattisgarh,DHAMTARI,2003,Whole Year,Turmeric,3,6,2
Chhattisgarh,DHAMTARI,2004,Kharif,Arhar/Tur,391,146,0.373401535
Chhattisgarh,DHAMTARI,2004,Kharif,Castor seed,4,1,0.25
Chhattisgarh,DHAMTARI,2004,Kharif,Groundnut,12,15,1.25
Chhattisgarh,DHAMTARI,2004,Kharif,Horse-gram,336,113,0.336309524
Chhattisgarh,DHAMTARI,2004,Kharif,Jowar,60,39,0.65
Chhattisgarh,DHAMTARI,2004,Kharif,Maize,287,418,1.456445993
Chhattisgarh,DHAMTARI,2004,Kharif,Mesta,43,107,2.488372093
Chhattisgarh,DHAMTARI,2004,Kharif,Moong(Green Gram),79,19,0.240506329
Chhattisgarh,DHAMTARI,2004,Kharif,Other Kharif pulses,181,60,0.331491713
Chhattisgarh,DHAMTARI,2004,Kharif,Ragi,284,86,0.302816901
Chhattisgarh,DHAMTARI,2004,Kharif,Rice,145537,201587,1.385125432
Chhattisgarh,DHAMTARI,2004,Kharif,Sesamum,377,131,0.347480106
Chhattisgarh,DHAMTARI,2004,Kharif,Small millets,107,99,0.925233645
Chhattisgarh,DHAMTARI,2004,Kharif,Sunflower,97,42,0.432989691
Chhattisgarh,DHAMTARI,2004,Kharif,Urad,614,231,0.376221498
Chhattisgarh,DHAMTARI,2004,Rabi,Gram,12786,7401,0.578836227
Chhattisgarh,DHAMTARI,2004,Rabi,Khesari,26678,11732,0.439763101
Chhattisgarh,DHAMTARI,2004,Rabi,Linseed,7365,1701,0.23095723
Chhattisgarh,DHAMTARI,2004,Rabi,Masoor,843,275,0.326215896
Chhattisgarh,DHAMTARI,2004,Rabi,Moong(Green Gram),262,41,0.15648855
Chhattisgarh,DHAMTARI,2004,Rabi,Other  Rabi pulses,40,48,1.2
Chhattisgarh,DHAMTARI,2004,Rabi,Peas & beans (Pulses),1991,648,0.325464591
Chhattisgarh,DHAMTARI,2004,Rabi,Rapeseed &Mustard,4664,1723,0.369425386
Chhattisgarh,DHAMTARI,2004,Rabi,Safflower,307,65,0.211726384
Chhattisgarh,DHAMTARI,2004,Rabi,Urad,674,154,0.228486647
Chhattisgarh,DHAMTARI,2004,Rabi,Wheat,3437,3377,0.982542915
Chhattisgarh,DHAMTARI,2004,Whole Year,Banana,15,821,54.73333333
Chhattisgarh,DHAMTARI,2004,Whole Year,Coriander,301,122,0.405315615
Chhattisgarh,DHAMTARI,2004,Whole Year,Dry chillies,284,183,0.644366197
Chhattisgarh,DHAMTARI,2004,Whole Year,Dry ginger,4,6,1.5
Chhattisgarh,DHAMTARI,2004,Whole Year,Garlic,1,2,2
Chhattisgarh,DHAMTARI,2004,Whole Year,Onion,162,924,5.703703704
Chhattisgarh,DHAMTARI,2004,Whole Year,Potato,15,130,8.666666667
Chhattisgarh,DHAMTARI,2004,Whole Year,Sannhamp,12,4,0.333333333
Chhattisgarh,DHAMTARI,2004,Whole Year,Sugarcane,27,101,3.740740741
Chhattisgarh,DHAMTARI,2004,Whole Year,Sweet potato,54,240,4.444444444
Chhattisgarh,DHAMTARI,2004,Whole Year,Turmeric,5,10,2
Chhattisgarh,DHAMTARI,2005,Kharif,Arhar/Tur,246,78,0.317073171
Chhattisgarh,DHAMTARI,2005,Kharif,Castor seed,1,,
Chhattisgarh,DHAMTARI,2005,Kharif,Groundnut,17,18,1.058823529
Chhattisgarh,DHAMTARI,2005,Kharif,Horse-gram,207,70,0.338164251
Chhattisgarh,DHAMTARI,2005,Kharif,Jowar,48,43,0.895833333
Chhattisgarh,DHAMTARI,2005,Kharif,Maize,291,307,1.054982818
Chhattisgarh,DHAMTARI,2005,Kharif,Mesta,46,115,2.5
Chhattisgarh,DHAMTARI,2005,Kharif,Moong(Green Gram),58,14,0.24137931
Chhattisgarh,DHAMTARI,2005,Kharif,Other Kharif pulses,230,74,0.32173913
Chhattisgarh,DHAMTARI,2005,Kharif,Rice,149772,272042,1.816374222
Chhattisgarh,DHAMTARI,2005,Kharif,Sesamum,210,71,0.338095238
Chhattisgarh,DHAMTARI,2005,Kharif,Small millets,345,85,0.246376812
Chhattisgarh,DHAMTARI,2005,Kharif,Soyabean,42,55,1.30952381
Chhattisgarh,DHAMTARI,2005,Kharif,Sunflower,106,46,0.433962264
Chhattisgarh,DHAMTARI,2005,Kharif,Urad,503,189,0.375745527
Chhattisgarh,DHAMTARI,2005,Rabi,Gram,13157,10579,0.804058676
Chhattisgarh,DHAMTARI,2005,Rabi,Horse-gram,27,10,0.37037037
Chhattisgarh,DHAMTARI,2005,Rabi,Khesari,23292,10957,0.470419028
Chhattisgarh,DHAMTARI,2005,Rabi,Linseed,8056,2067,0.256578947
Chhattisgarh,DHAMTARI,2005,Rabi,Masoor,1466,573,0.390859482
Chhattisgarh,DHAMTARI,2005,Rabi,Moong(Green Gram),530,100,0.188679245
Chhattisgarh,DHAMTARI,2005,Rabi,Other  Rabi pulses,149,53,0.355704698
Chhattisgarh,DHAMTARI,2005,Rabi,Peas & beans (Pulses),2531,988,0.390359542
Chhattisgarh,DHAMTARI,2005,Rabi,Rapeseed &Mustard,5119,1767,0.345184606
Chhattisgarh,DHAMTARI,2005,Rabi,Safflower,396,100,0.252525253
Chhattisgarh,DHAMTARI,2005,Rabi,Urad,1090,299,0.274311927
Chhattisgarh,DHAMTARI,2005,Rabi,Wheat,2722,2536,0.931667891
Chhattisgarh,DHAMTARI,2005,Whole Year,Banana,23,1007,43.7826087
Chhattisgarh,DHAMTARI,2005,Whole Year,Coriander,323,130,0.40247678
Chhattisgarh,DHAMTARI,2005,Whole Year,Dry chillies,234,72,0.307692308
Chhattisgarh,DHAMTARI,2005,Whole Year,Dry ginger,7,9,1.285714286
Chhattisgarh,DHAMTARI,2005,Whole Year,Garlic,4,11,2.75
Chhattisgarh,DHAMTARI,2005,Whole Year,Onion,114,590,5.175438596
Chhattisgarh,DHAMTARI,2005,Whole Year,Potato,9,68,7.555555556
Chhattisgarh,DHAMTARI,2005,Whole Year,Sannhamp,12,4,0.333333333
Chhattisgarh,DHAMTARI,2005,Whole Year,Sugarcane,7,21,3
Chhattisgarh,DHAMTARI,2005,Whole Year,Sweet potato,46,245,5.326086957
Chhattisgarh,DHAMTARI,2005,Whole Year,Turmeric,2,4,2
Chhattisgarh,DHAMTARI,2006,Kharif,Arhar/Tur,140,40,0.285714286
Chhattisgarh,DHAMTARI,2006,Kharif,Castor seed,6,2,0.333333333
Chhattisgarh,DHAMTARI,2006,Kharif,Groundnut,16,8,0.5
Chhattisgarh,DHAMTARI,2006,Kharif,Horse-gram,287,98,0.341463415
Chhattisgarh,DHAMTARI,2006,Kharif,Jowar,46,42,0.913043478
Chhattisgarh,DHAMTARI,2006,Kharif,Maize,190,206,1.084210526
Chhattisgarh,DHAMTARI,2006,Kharif,Mesta,41,102,2.487804878
Chhattisgarh,DHAMTARI,2006,Kharif,Moong(Green Gram),66,13,0.196969697
Chhattisgarh,DHAMTARI,2006,Kharif,Other Kharif pulses,150,45,0.3
Chhattisgarh,DHAMTARI,2006,Kharif,Ragi,240,72,0.3
Chhattisgarh,DHAMTARI,2006,Kharif,Rice,163589,328047,2.005312093
Chhattisgarh,DHAMTARI,2006,Kharif,Sesamum,206,67,0.325242718
Chhattisgarh,DHAMTARI,2006,Kharif,Small millets,81,12,0.148148148
Chhattisgarh,DHAMTARI,2006,Kharif,Soyabean,44,64,1.454545455
Chhattisgarh,DHAMTARI,2006,Kharif,Sunflower,43,19,0.441860465
Chhattisgarh,DHAMTARI,2006,Kharif,Urad,570,215,0.377192982
Chhattisgarh,DHAMTARI,2006,Rabi,Gram,6566,6400,0.974718246
Chhattisgarh,DHAMTARI,2006,Rabi,Horse-gram,14,5,0.357142857
Chhattisgarh,DHAMTARI,2006,Rabi,Khesari,18409,10236,0.556032375
Chhattisgarh,DHAMTARI,2006,Rabi,Linseed,6557,1748,0.266585329
Chhattisgarh,DHAMTARI,2006,Rabi,Masoor,701,274,0.390870185
Chhattisgarh,DHAMTARI,2006,Rabi,Moong(Green Gram),490,92,0.187755102
Chhattisgarh,DHAMTARI,2006,Rabi,Other  Rabi pulses,126,45,0.357142857
Chhattisgarh,DHAMTARI,2006,Rabi,Peas & beans (Pulses),1539,601,0.39051332
Chhattisgarh,DHAMTARI,2006,Rabi,Potato,8,38,4.75
Chhattisgarh,DHAMTARI,2006,Rabi,Rapeseed &Mustard,5558,2271,0.408600216
Chhattisgarh,DHAMTARI,2006,Rabi,Safflower,221,57,0.257918552
Chhattisgarh,DHAMTARI,2006,Rabi,Urad,890,244,0.274157303
Chhattisgarh,DHAMTARI,2006,Rabi,Wheat,1298,1306,1.006163328
Chhattisgarh,DHAMTARI,2006,Whole Year,Banana,36,1576,43.77777778
Chhattisgarh,DHAMTARI,2006,Whole Year,Coriander,331,134,0.404833837
Chhattisgarh,DHAMTARI,2006,Whole Year,Dry chillies,180,77,0.427777778
Chhattisgarh,DHAMTARI,2006,Whole Year,Dry ginger,3,4,1.333333333
Chhattisgarh,DHAMTARI,2006,Whole Year,Onion,111,478,4.306306306
Chhattisgarh,DHAMTARI,2006,Whole Year,Sannhamp,4,1,0.25
Chhattisgarh,DHAMTARI,2006,Whole Year,Sugarcane,12,36,3
Chhattisgarh,DHAMTARI,2006,Whole Year,Sweet potato,31,165,5.322580645
Chhattisgarh,DHAMTARI,2006,Whole Year,Turmeric,5,3,0.6
Chhattisgarh,DHAMTARI,2007,Kharif,Arhar/Tur,81,28,0.345679012
Chhattisgarh,DHAMTARI,2007,Kharif,Castor seed,11,3,0.272727273
Chhattisgarh,DHAMTARI,2007,Kharif,Groundnut,7,8,1.142857143
Chhattisgarh,DHAMTARI,2007,Kharif,Horse-gram,264,90,0.340909091
Chhattisgarh,DHAMTARI,2007,Kharif,Jowar,43,44,1.023255814
Chhattisgarh,DHAMTARI,2007,Kharif,Maize,191,240,1.256544503
Chhattisgarh,DHAMTARI,2007,Kharif,Mesta,44,110,2.5
Chhattisgarh,DHAMTARI,2007,Kharif,Moong(Green Gram),76,17,0.223684211
Chhattisgarh,DHAMTARI,2007,Kharif,Other Kharif pulses,183,58,0.316939891
Chhattisgarh,DHAMTARI,2007,Kharif,Potato,18,181,10.05555556
Chhattisgarh,DHAMTARI,2007,Kharif,Ragi,242,74,0.305785124
Chhattisgarh,DHAMTARI,2007,Kharif,Rice,175006,346087,1.977572198
Chhattisgarh,DHAMTARI,2007,Kharif,Sesamum,125,42,0.336
Chhattisgarh,DHAMTARI,2007,Kharif,Small millets,82,13,0.158536585
Chhattisgarh,DHAMTARI,2007,Kharif,Sunflower,33,14,0.424242424
Chhattisgarh,DHAMTARI,2007,Kharif,Urad,588,222,0.37755102
Chhattisgarh,DHAMTARI,2007,Rabi,Gram,6136,5945,0.968872229
Chhattisgarh,DHAMTARI,2007,Rabi,Horse-gram,9,3,0.333333333
Chhattisgarh,DHAMTARI,2007,Rabi,Khesari,22196,27720,1.248873671
Chhattisgarh,DHAMTARI,2007,Rabi,Linseed,3126,1019,0.325975688
Chhattisgarh,DHAMTARI,2007,Rabi,Masoor,965,377,0.390673575
Chhattisgarh,DHAMTARI,2007,Rabi,Moong(Green Gram),657,124,0.188736682
Chhattisgarh,DHAMTARI,2007,Rabi,Other  Rabi pulses,135,48,0.355555556
Chhattisgarh,DHAMTARI,2007,Rabi,Peas & beans (Pulses),1996,779,0.390280561
Chhattisgarh,DHAMTARI,2007,Rabi,Potato,3,18,6
Chhattisgarh,DHAMTARI,2007,Rabi,Rapeseed &Mustard,3248,1328,0.408866995
Chhattisgarh,DHAMTARI,2007,Rabi,Safflower,112,29,0.258928571
Chhattisgarh,DHAMTARI,2007,Rabi,Urad,976,268,0.274590164
Chhattisgarh,DHAMTARI,2007,Rabi,Wheat,1242,1477,1.18921095
Chhattisgarh,DHAMTARI,2007,Whole Year,Banana,28,1226,43.78571429
Chhattisgarh,DHAMTARI,2007,Whole Year,Coriander,255,103,0.403921569
Chhattisgarh,DHAMTARI,2007,Whole Year,Dry chillies,250,199,0.796
Chhattisgarh,DHAMTARI,2007,Whole Year,Dry ginger,1,2,2
Chhattisgarh,DHAMTARI,2007,Whole Year,Garlic,1,3,3
Chhattisgarh,DHAMTARI,2007,Whole Year,Onion,149,631,4.234899329
Chhattisgarh,DHAMTARI,2007,Whole Year,Sannhamp,4,1,0.25
Chhattisgarh,DHAMTARI,2007,Whole Year,Sugarcane,18,54,3
Chhattisgarh,DHAMTARI,2007,Whole Year,Sweet potato,54,288,5.333333333
Chhattisgarh,DHAMTARI,2007,Whole Year,Turmeric,3,5,1.666666667
Chhattisgarh,DHAMTARI,2008,Kharif,Arhar/Tur,56,22,0.392857143
Chhattisgarh,DHAMTARI,2008,Kharif,Groundnut,8,9,1.125
Chhattisgarh,DHAMTARI,2008,Kharif,Horse-gram,219,74,0.337899543
Chhattisgarh,DHAMTARI,2008,Kharif,Jowar,45,68,1.511111111
Chhattisgarh,DHAMTARI,2008,Kharif,Maize,206,236,1.145631068
Chhattisgarh,DHAMTARI,2008,Kharif,Mesta,45,112,2.488888889
Chhattisgarh,DHAMTARI,2008,Kharif,Moong(Green Gram),133,30,0.22556391
Chhattisgarh,DHAMTARI,2008,Kharif,Other Kharif pulses,162,56,0.345679012
Chhattisgarh,DHAMTARI,2008,Kharif,Potato,20,,
Chhattisgarh,DHAMTARI,2008,Kharif,Ragi,178,54,0.303370787
Chhattisgarh,DHAMTARI,2008,Kharif,Rice,152432,268219,1.759597722
Chhattisgarh,DHAMTARI,2008,Kharif,Sesamum,154,52,0.337662338
Chhattisgarh,DHAMTARI,2008,Kharif,Small millets,88,11,0.125
Chhattisgarh,DHAMTARI,2008,Kharif,Sunflower,10,4,0.4
Chhattisgarh,DHAMTARI,2008,Kharif,Urad,525,197,0.375238095
Chhattisgarh,DHAMTARI,2008,Rabi,Gram,9367,8744,0.933489911
Chhattisgarh,DHAMTARI,2008,Rabi,Horse-gram,5,2,0.4
Chhattisgarh,DHAMTARI,2008,Rabi,Khesari,27420,15074,0.549744712
Chhattisgarh,DHAMTARI,2008,Rabi,Linseed,5446,1612,0.295997062
Chhattisgarh,DHAMTARI,2008,Rabi,Masoor,1328,519,0.390813253
Chhattisgarh,DHAMTARI,2008,Rabi,Moong(Green Gram),737,138,0.18724559
Chhattisgarh,DHAMTARI,2008,Rabi,Other  Rabi pulses,137,48,0.350364964
Chhattisgarh,DHAMTARI,2008,Rabi,Peas & beans (Pulses),2696,1053,0.390578635
Chhattisgarh,DHAMTARI,2008,Rabi,Potato,12,72,6
Chhattisgarh,DHAMTARI,2008,Rabi,Rapeseed &Mustard,3955,1545,0.390644753
Chhattisgarh,DHAMTARI,2008,Rabi,Safflower,50,13,0.26
Chhattisgarh,DHAMTARI,2008,Rabi,Urad,883,243,0.275198188
Chhattisgarh,DHAMTARI,2008,Rabi,Wheat,1306,1447,1.107963247
Chhattisgarh,DHAMTARI,2008,Whole Year,Banana,14,613,43.78571429
Chhattisgarh,DHAMTARI,2008,Whole Year,Coriander,226,92,0.407079646
Chhattisgarh,DHAMTARI,2008,Whole Year,Dry chillies,251,157,0.625498008
Chhattisgarh,DHAMTARI,2008,Whole Year,Garlic,1,3,3
Chhattisgarh,DHAMTARI,2008,Whole Year,Onion,92,527,5.72826087
Chhattisgarh,DHAMTARI,2008,Whole Year,Sannhamp,3,1,0.333333333
Chhattisgarh,DHAMTARI,2008,Whole Year,Sugarcane,11,33,3
Chhattisgarh,DHAMTARI,2008,Whole Year,Sweet potato,41,218,5.317073171
Chhattisgarh,DHAMTARI,2008,Whole Year,Turmeric,5,10,2
Chhattisgarh,DHAMTARI,2009,Kharif,Arhar/Tur,108,46,0.425925926
Chhattisgarh,DHAMTARI,2009,Kharif,Castor seed,8,3,0.375
Chhattisgarh,DHAMTARI,2009,Kharif,Groundnut,11,16,1.454545455
Chhattisgarh,DHAMTARI,2009,Kharif,Horse-gram,219,74,0.337899543
Chhattisgarh,DHAMTARI,2009,Kharif,Jowar,57,151,2.649122807
Chhattisgarh,DHAMTARI,2009,Kharif,Maize,375,925,2.466666667
Chhattisgarh,DHAMTARI,2009,Kharif,Mesta,48,120,2.5
Chhattisgarh,DHAMTARI,2009,Kharif,Moong(Green Gram),104,26,0.25
Chhattisgarh,DHAMTARI,2009,Kharif,Other Kharif pulses,160,56,0.35
Chhattisgarh,DHAMTARI,2009,Kharif,Ragi,180,55,0.305555556
Chhattisgarh,DHAMTARI,2009,Kharif,Rice,143904,260683,1.811506282
Chhattisgarh,DHAMTARI,2009,Kharif,Sesamum,117,63,0.538461538
Chhattisgarh,DHAMTARI,2009,Kharif,Small millets,75,9,0.12
Chhattisgarh,DHAMTARI,2009,Kharif,Sunflower,23,14,0.608695652
Chhattisgarh,DHAMTARI,2009,Kharif,Urad,288,110,0.381944444
Chhattisgarh,DHAMTARI,2009,Rabi,Gram,12829,14100,1.099072414
Chhattisgarh,DHAMTARI,2009,Rabi,Horse-gram,61,21,0.344262295
Chhattisgarh,DHAMTARI,2009,Rabi,Khesari,24456,16185,0.661800785
Chhattisgarh,DHAMTARI,2009,Rabi,Linseed,6007,2166,0.360579324
Chhattisgarh,DHAMTARI,2009,Rabi,Masoor,1388,542,0.390489914
Chhattisgarh,DHAMTARI,2009,Rabi,Moong(Green Gram),732,191,0.260928962
Chhattisgarh,DHAMTARI,2009,Rabi,Other  Rabi pulses,121,39,0.32231405
Chhattisgarh,DHAMTARI,2009,Rabi,Peas & beans (Pulses),1589,620,0.390182505
Chhattisgarh,DHAMTARI,2009,Rabi,Rapeseed &Mustard,5282,2698,0.510791367
Chhattisgarh,DHAMTARI,2009,Rabi,Safflower,70,19,0.271428571
Chhattisgarh,DHAMTARI,2009,Rabi,Urad,943,259,0.274655355
Chhattisgarh,DHAMTARI,2009,Rabi,Wheat,2785,3936,1.413285458
Chhattisgarh,DHAMTARI,2009,Whole Year,Banana,27,1889,69.96296296
Chhattisgarh,DHAMTARI,2009,Whole Year,Coriander,354,143,0.403954802
Chhattisgarh,DHAMTARI,2009,Whole Year,Dry chillies,285,243,0.852631579
Chhattisgarh,DHAMTARI,2009,Whole Year,Garlic,10,28,2.8
Chhattisgarh,DHAMTARI,2009,Whole Year,Onion,49,208,4.244897959
Chhattisgarh,DHAMTARI,2009,Whole Year,Potato,5,28,5.6
Chhattisgarh,DHAMTARI,2009,Whole Year,Sannhamp,1,,
Chhattisgarh,DHAMTARI,2009,Whole Year,Sugarcane,7,38,5.428571429
Chhattisgarh,DHAMTARI,2009,Whole Year,Sweet potato,43,230,5.348837209
Chhattisgarh,DHAMTARI,2009,Whole Year,Turmeric,5,10,2
Chhattisgarh,DHAMTARI,2010,Kharif,Arhar/Tur,63,20,0.317460317
Chhattisgarh,DHAMTARI,2010,Kharif,Castor seed,3,1,0.333333333
Chhattisgarh,DHAMTARI,2010,Kharif,Groundnut,26,35,1.346153846
Chhattisgarh,DHAMTARI,2010,Kharif,Horse-gram,108,37,0.342592593
Chhattisgarh,DHAMTARI,2010,Kharif,Jowar,20,32,1.6
Chhattisgarh,DHAMTARI,2010,Kharif,Maize,259,653,2.521235521
Chhattisgarh,DHAMTARI,2010,Kharif,Mesta,39,98,2.512820513
Chhattisgarh,DHAMTARI,2010,Kharif,Moong(Green Gram),104,26,0.25
Chhattisgarh,DHAMTARI,2010,Kharif,Niger seed,33,6,0.181818182
Chhattisgarh,DHAMTARI,2010,Kharif,Other Kharif pulses,133,48,0.360902256
Chhattisgarh,DHAMTARI,2010,Kharif,Ragi,58,17,0.293103448
Chhattisgarh,DHAMTARI,2010,Kharif,Rice,168855,395133,2.340072844
Chhattisgarh,DHAMTARI,2010,Kharif,Sesamum,98,38,0.387755102
Chhattisgarh,DHAMTARI,2010,Kharif,Small millets,68,11,0.161764706
Chhattisgarh,DHAMTARI,2010,Kharif,Sunflower,27,16,0.592592593
Chhattisgarh,DHAMTARI,2010,Kharif,Urad,188,7,0.037234043
Chhattisgarh,DHAMTARI,2010,Rabi,Gram,5531,6286,1.136503345
Chhattisgarh,DHAMTARI,2010,Rabi,Horse-gram,56,19,0.339285714
Chhattisgarh,DHAMTARI,2010,Rabi,Khesari,21007,13738,0.653972485
Chhattisgarh,DHAMTARI,2010,Rabi,Linseed,2531,663,0.261951798
Chhattisgarh,DHAMTARI,2010,Rabi,Masoor,435,169,0.388505747
Chhattisgarh,DHAMTARI,2010,Rabi,Moong(Green Gram),314,82,0.261146497
Chhattisgarh,DHAMTARI,2010,Rabi,Other  Rabi pulses,130,46,0.353846154
Chhattisgarh,DHAMTARI,2010,Rabi,Peas & beans (Pulses),1090,425,0.389908257
Chhattisgarh,DHAMTARI,2010,Rabi,Rapeseed &Mustard,2600,1086,0.417692308
Chhattisgarh,DHAMTARI,2010,Rabi,Safflower,50,13,0.26
Chhattisgarh,DHAMTARI,2010,Rabi,Urad,494,135,0.273279352
Chhattisgarh,DHAMTARI,2010,Rabi,Wheat,1260,1708,1.355555556
Chhattisgarh,DHAMTARI,2010,Whole Year,Banana,14,645,46.07142857
Chhattisgarh,DHAMTARI,2010,Whole Year,Coriander,226,92,0.407079646
Chhattisgarh,DHAMTARI,2010,Whole Year,Dry chillies,262,140,0.534351145
Chhattisgarh,DHAMTARI,2010,Whole Year,Dry ginger,2,2,1
Chhattisgarh,DHAMTARI,2010,Whole Year,Garlic,1,3,3
Chhattisgarh,DHAMTARI,2010,Whole Year,Onion,53,303,5.716981132
Chhattisgarh,DHAMTARI,2010,Whole Year,Potato,6,39,6.5
Chhattisgarh,DHAMTARI,2010,Whole Year,Sannhamp,1,,
Chhattisgarh,DHAMTARI,2010,Whole Year,Sugarcane,10,32,3.2
Chhattisgarh,DHAMTARI,2010,Whole Year,Sweet potato,45,241,5.355555556
Chhattisgarh,DHAMTARI,2011,Kharif,Arhar/Tur,357,128,0.358543417
Chhattisgarh,DHAMTARI,2011,Kharif,Castor seed,2,1,0.5
Chhattisgarh,DHAMTARI,2011,Kharif,Groundnut,12,17,1.416666667
Chhattisgarh,DHAMTARI,2011,Kharif,Horse-gram,65,22,0.338461538
Chhattisgarh,DHAMTARI,2011,Kharif,Jowar,30,26,0.866666667
Chhattisgarh,DHAMTARI,2011,Kharif,Maize,1073,2430,2.264678472
Chhattisgarh,DHAMTARI,2011,Kharif,Mesta,140,348,2.485714286
Chhattisgarh,DHAMTARI,2011,Kharif,Moong(Green Gram),84,21,0.25
Chhattisgarh,DHAMTARI,2011,Kharif,Niger seed,12,2,0.166666667
Chhattisgarh,DHAMTARI,2011,Kharif,Other Kharif pulses,154,55,0.357142857
Chhattisgarh,DHAMTARI,2011,Kharif,Ragi,70,22,0.314285714
Chhattisgarh,DHAMTARI,2011,Kharif,Rice,162439,405071,2.493680705
Chhattisgarh,DHAMTARI,2011,Kharif,Sesamum,103,47,0.45631068
Chhattisgarh,DHAMTARI,2011,Kharif,Small millets,56,7,0.125
Chhattisgarh,DHAMTARI,2011,Kharif,Sunflower,15,10,0.666666667
Chhattisgarh,DHAMTARI,2011,Kharif,Urad,232,89,0.38362069
Chhattisgarh,DHAMTARI,2011,Rabi,Gram,11391,12677,1.112896146
Chhattisgarh,DHAMTARI,2011,Rabi,Horse-gram,22,7,0.318181818
Chhattisgarh,DHAMTARI,2011,Rabi,Khesari,19589,12590,0.642707642
Chhattisgarh,DHAMTARI,2011,Rabi,Linseed,2555,1025,0.401174168
Chhattisgarh,DHAMTARI,2011,Rabi,Masoor,519,202,0.389210019
Chhattisgarh,DHAMTARI,2011,Rabi,Moong(Green Gram),325,85,0.261538462
Chhattisgarh,DHAMTARI,2011,Rabi,Other  Rabi pulses,155,55,0.35483871
Chhattisgarh,DHAMTARI,2011,Rabi,Peas & beans (Pulses),1399,546,0.390278771
Chhattisgarh,DHAMTARI,2011,Rabi,Potato,30,245,8.166666667
Chhattisgarh,DHAMTARI,2011,Rabi,Rapeseed &Mustard,3208,1581,0.492830424
Chhattisgarh,DHAMTARI,2011,Rabi,Safflower,35,9,0.257142857
Chhattisgarh,DHAMTARI,2011,Rabi,Urad,524,144,0.27480916
Chhattisgarh,DHAMTARI,2011,Rabi,Wheat,1682,2578,1.532699168
Chhattisgarh,DHAMTARI,2011,Whole Year,Banana,43,1982,46.09302326
Chhattisgarh,DHAMTARI,2011,Whole Year,Coriander,459,186,0.405228758
Chhattisgarh,DHAMTARI,2011,Whole Year,Dry chillies,344,333,0.968023256
Chhattisgarh,DHAMTARI,2011,Whole Year,Garlic,3,8,2.666666667
Chhattisgarh,DHAMTARI,2011,Whole Year,Onion,75,374,4.986666667
Chhattisgarh,DHAMTARI,2011,Whole Year,Sannhamp,1,,
Chhattisgarh,DHAMTARI,2011,Whole Year,Sugarcane,4,82,20.5
Chhattisgarh,DHAMTARI,2011,Whole Year,Sweet potato,38,204,5.368421053
Chhattisgarh,DHAMTARI,2012,Kharif,Arhar/Tur,167,69,0.413173653
Chhattisgarh,DHAMTARI,2012,Kharif,Castor seed,2,1,0.5
Chhattisgarh,DHAMTARI,2012,Kharif,Groundnut,4,7,1.75
Chhattisgarh,DHAMTARI,2012,Kharif,Horse-gram,124,42,0.338709677
Chhattisgarh,DHAMTARI,2012,Kharif,Jowar,30,23,0.766666667
Chhattisgarh,DHAMTARI,2012,Kharif,Maize,1487,4011,2.69737727
Chhattisgarh,DHAMTARI,2012,Kharif,Mesta,133,331,2.488721805
Chhattisgarh,DHAMTARI,2012,Kharif,Moong(Green Gram),54,14,0.259259259
Chhattisgarh,DHAMTARI,2012,Kharif,Other Kharif pulses,134,48,0.358208955
Chhattisgarh,DHAMTARI,2012,Kharif,Ragi,82,25,0.304878049
Chhattisgarh,DHAMTARI,2012,Kharif,Rice,185013,489332,2.644851983
Chhattisgarh,DHAMTARI,2012,Kharif,Sesamum,332,102,0.307228916
Chhattisgarh,DHAMTARI,2012,Kharif,Small millets,33,5,0.151515152
Chhattisgarh,DHAMTARI,2012,Kharif,Sunflower,28,18,0.642857143
Chhattisgarh,DHAMTARI,2012,Kharif,Urad,504,193,0.382936508
Chhattisgarh,DHAMTARI,2012,Rabi,Gram,5068,6756,1.333070245
Chhattisgarh,DHAMTARI,2012,Rabi,Horse-gram,18,6,0.333333333
Chhattisgarh,DHAMTARI,2012,Rabi,Khesari,16481,8231,0.499423579
Chhattisgarh,DHAMTARI,2012,Rabi,Linseed,1305,603,0.462068966
Chhattisgarh,DHAMTARI,2012,Rabi,Masoor,322,126,0.391304348
Chhattisgarh,DHAMTARI,2012,Rabi,Moong(Green Gram),218,56,0.256880734
Chhattisgarh,DHAMTARI,2012,Rabi,Other  Rabi pulses,145,52,0.35862069
Chhattisgarh,DHAMTARI,2012,Rabi,Peas & beans (Pulses),439,171,0.38952164
Chhattisgarh,DHAMTARI,2012,Rabi,Potato,22,203,9.227272727
Chhattisgarh,DHAMTARI,2012,Rabi,Rapeseed &Mustard,1713,877,0.511967309
Chhattisgarh,DHAMTARI,2012,Rabi,Safflower,13,4,0.307692308
Chhattisgarh,DHAMTARI,2012,Rabi,Urad,372,102,0.274193548
Chhattisgarh,DHAMTARI,2012,Rabi,Wheat,945,1358,1.437037037
Chhattisgarh,DHAMTARI,2012,Whole Year,Banana,46,1520,33.04347826
Chhattisgarh,DHAMTARI,2012,Whole Year,Coriander,224,91,0.40625
Chhattisgarh,DHAMTARI,2012,Whole Year,Dry chillies,282,316,1.120567376
Chhattisgarh,DHAMTARI,2012,Whole Year,Garlic,1,3,3
Chhattisgarh,DHAMTARI,2012,Whole Year,Onion,91,307,3.373626374
Chhattisgarh,DHAMTARI,2012,Whole Year,Sannhamp,1,,
Chhattisgarh,DHAMTARI,2012,Whole Year,Sugarcane,22,71,3.227272727
Chhattisgarh,DHAMTARI,2012,Whole Year,Sweet potato,37,198,5.351351351
Chhattisgarh,DHAMTARI,2013,Kharif,Arhar/Tur,119,48,0.403361345
Chhattisgarh,DHAMTARI,2013,Kharif,Groundnut,8,13,1.625
Chhattisgarh,DHAMTARI,2013,Kharif,Horse-gram,128,43,0.3359375
Chhattisgarh,DHAMTARI,2013,Kharif,Maize,2074,6090,2.93635487
Chhattisgarh,DHAMTARI,2013,Kharif,Mesta,32,80,2.5
Chhattisgarh,DHAMTARI,2013,Kharif,Moong(Green Gram),147,38,0.258503401
Chhattisgarh,DHAMTARI,2013,Kharif,Other Kharif pulses,144,50,0.347222222
Chhattisgarh,DHAMTARI,2013,Kharif,Potato,2,17,8.5
Chhattisgarh,DHAMTARI,2013,Kharif,Ragi,100,31,0.31
Chhattisgarh,DHAMTARI,2013,Kharif,Rice,194750,436199,2.239789474
Chhattisgarh,DHAMTARI,2013,Kharif,Sannhamp,1,,
Chhattisgarh,DHAMTARI,2013,Kharif,Sesamum,103,30,0.291262136
Chhattisgarh,DHAMTARI,2013,Kharif,Small millets,27,4,0.148148148
Chhattisgarh,DHAMTARI,2013,Kharif,Sunflower,7,,
Chhattisgarh,DHAMTARI,2013,Kharif,Urad,408,156,0.382352941
Chhattisgarh,DHAMTARI,2013,Rabi,Castor seed,2,1,0.5
Chhattisgarh,DHAMTARI,2013,Rabi,Gram,5141,4753,0.924528302
Chhattisgarh,DHAMTARI,2013,Rabi,Horse-gram,6,2,0.333333333
Chhattisgarh,DHAMTARI,2013,Rabi,Khesari,14248,8525,0.59832959
Chhattisgarh,DHAMTARI,2013,Rabi,Linseed,814,339,0.416461916
Chhattisgarh,DHAMTARI,2013,Rabi,Masoor,253,98,0.387351779
Chhattisgarh,DHAMTARI,2013,Rabi,Moong(Green Gram),154,40,0.25974026
Chhattisgarh,DHAMTARI,2013,Rabi,Other  Rabi pulses,95,128,1.347368421
Chhattisgarh,DHAMTARI,2013,Rabi,Peas & beans (Pulses),553,216,0.390596745
Chhattisgarh,DHAMTARI,2013,Rabi,Potato,22,148,6.727272727
Chhattisgarh,DHAMTARI,2013,Rabi,Rapeseed &Mustard,918,534,0.581699346
Chhattisgarh,DHAMTARI,2013,Rabi,Safflower,8,2,0.25
Chhattisgarh,DHAMTARI,2013,Rabi,Urad,268,73,0.27238806
Chhattisgarh,DHAMTARI,2013,Rabi,Wheat,686,1016,1.481049563
Chhattisgarh,DHAMTARI,2013,Whole Year,Banana,46,2120,46.08695652
Chhattisgarh,DHAMTARI,2013,Whole Year,Coriander,182,74,0.406593407
Chhattisgarh,DHAMTARI,2013,Whole Year,Dry chillies,200,67,0.335
Chhattisgarh,DHAMTARI,2013,Whole Year,Dry ginger,1,1,1
Chhattisgarh,DHAMTARI,2013,Whole Year,Garlic,5,14,2.8
Chhattisgarh,DHAMTARI,2013,Whole Year,Jowar,24,16,0.666666667
Chhattisgarh,DHAMTARI,2013,Whole Year,Onion,85,579,6.811764706
Chhattisgarh,DHAMTARI,2013,Whole Year,Sugarcane,1,3,3
Chhattisgarh,DHAMTARI,2013,Whole Year,Sweet potato,37,198,5.351351351
Chhattisgarh,DHAMTARI,2014,Kharif,Arhar/Tur,115,50,0.434782609
Chhattisgarh,DHAMTARI,2014,Kharif,Groundnut,6,8,1.333333333
Chhattisgarh,DHAMTARI,2014,Kharif,Horse-gram,81,27,0.333333333
Chhattisgarh,DHAMTARI,2014,Kharif,Maize,4962,13066,2.633212414
Chhattisgarh,DHAMTARI,2014,Kharif,Mesta,40,99,2.475
Chhattisgarh,DHAMTARI,2014,Kharif,Moong(Green Gram),218,55,0.252293578
Chhattisgarh,DHAMTARI,2014,Kharif,Other Kharif pulses,294,104,0.353741497
Chhattisgarh,DHAMTARI,2014,Kharif,Potato,7,69,9.857142857
Chhattisgarh,DHAMTARI,2014,Kharif,Ragi,143,44,0.307692308
Chhattisgarh,DHAMTARI,2014,Kharif,Rice,198148,620402,3.131003089
Chhattisgarh,DHAMTARI,2014,Kharif,Sesamum,133,68,0.511278195
Chhattisgarh,DHAMTARI,2014,Kharif,Small millets,58,9,0.155172414
Chhattisgarh,DHAMTARI,2014,Kharif,Sunflower,18,5,0.277777778
Chhattisgarh,DHAMTARI,2014,Kharif,Urad,511,222,0.43444227
Chhattisgarh,DHAMTARI,2014,Rabi,Gram,5835,7930,1.359040274
Chhattisgarh,DHAMTARI,2014,Rabi,Horse-gram,61,21,0.344262295
Chhattisgarh,DHAMTARI,2014,Rabi,Khesari,15551,15735,1.011832037
Chhattisgarh,DHAMTARI,2014,Rabi,Linseed,702,305,0.434472934
Chhattisgarh,DHAMTARI,2014,Rabi,Masoor,378,148,0.391534392
Chhattisgarh,DHAMTARI,2014,Rabi,Moong(Green Gram),151,39,0.258278146
Chhattisgarh,DHAMTARI,2014,Rabi,Other  Rabi pulses,85,31,0.364705882
Chhattisgarh,DHAMTARI,2014,Rabi,Peas & beans (Pulses),966,377,0.390269151
Chhattisgarh,DHAMTARI,2014,Rabi,Potato,21,160,7.619047619
Chhattisgarh,DHAMTARI,2014,Rabi,Rapeseed &Mustard,824,435,0.527912621
Chhattisgarh,DHAMTARI,2014,Rabi,Safflower,10,3,0.3
Chhattisgarh,DHAMTARI,2014,Rabi,Urad,237,65,0.274261603
Chhattisgarh,DHAMTARI,2014,Rabi,Wheat,627,1103,1.759170654
Chhattisgarh,DHAMTARI,2014,Whole Year,Banana,52,2396,46.07692308
Chhattisgarh,DHAMTARI,2014,Whole Year,Coriander,184,74,0.402173913
Chhattisgarh,DHAMTARI,2014,Whole Year,Dry chillies,217,128,0.589861751
Chhattisgarh,DHAMTARI,2014,Whole Year,Jowar,64,58,0.90625
Chhattisgarh,DHAMTARI,2014,Whole Year,Onion,92,829,9.010869565
Chhattisgarh,DHAMTARI,2014,Whole Year,Sugarcane,5,39,7.8
Chhattisgarh,DHAMTARI,2014,Whole Year,Sweet potato,46,247,5.369565217
Chhattisgarh,DURG,2000,Kharif,Arhar/Tur,6191,1937,0.312873526
Chhattisgarh,DURG,2000,Kharif,Bajra,17,6,0.352941176
Chhattisgarh,DURG,2000,Kharif,Castor seed,20,6,0.3
Chhattisgarh,DURG,2000,Kharif,Groundnut,988,934,0.94534413
Chhattisgarh,DURG,2000,Kharif,Horse-gram,488,127,0.260245902
Chhattisgarh,DURG,2000,Kharif,Jowar,219,115,0.525114155
Chhattisgarh,DURG,2000,Kharif,Maize,281,254,0.903914591
Chhattisgarh,DURG,2000,Kharif,Mesta,8,16,2
Chhattisgarh,DURG,2000,Kharif,Moong(Green Gram),285,44,0.154385965
Chhattisgarh,DURG,2000,Kharif,Other Kharif pulses,15,5,0.333333333
Chhattisgarh,DURG,2000,Kharif,Ragi,44,9,0.204545455
Chhattisgarh,DURG,2000,Kharif,Rice,435303,224171,0.514976924
Chhattisgarh,DURG,2000,Kharif,Sesamum,1240,187,0.150806452
Chhattisgarh,DURG,2000,Kharif,Small millets,15903,1337,0.084072188
Chhattisgarh,DURG,2000,Kharif,Soyabean,2554,1299,0.508613939
Chhattisgarh,DURG,2000,Kharif,Sunflower,230,97,0.42173913
Chhattisgarh,DURG,2000,Kharif,Urad,2791,762,0.273020423
Chhattisgarh,DURG,2000,Rabi,Barley,4,2,0.5
Chhattisgarh,DURG,2000,Rabi,Gram,51861,29574,0.570255105
Chhattisgarh,DURG,2000,Rabi,Khesari,57294,20922,0.365169128
Chhattisgarh,DURG,2000,Rabi,Linseed,14648,2431,0.165961223
Chhattisgarh,DURG,2000,Rabi,Masoor,5396,1342,0.248702743
Chhattisgarh,DURG,2000,Rabi,Moong(Green Gram),182,43,0.236263736
Chhattisgarh,DURG,2000,Rabi,Peas & beans (Pulses),477,116,0.243186583
Chhattisgarh,DURG,2000,Rabi,Rapeseed &Mustard,279,58,0.207885305
Chhattisgarh,DURG,2000,Rabi,Safflower,109,21,0.19266055
Chhattisgarh,DURG,2000,Rabi,Urad,1805,392,0.217174515
Chhattisgarh,DURG,2000,Rabi,Wheat,14702,9952,0.676914705
Chhattisgarh,DURG,2000,Whole Year,Banana,10,324,32.4
Chhattisgarh,DURG,2000,Whole Year,Coriander,1283,311,0.242400624
Chhattisgarh,DURG,2000,Whole Year,Dry chillies,198,49,0.247474747
Chhattisgarh,DURG,2000,Whole Year,Dry ginger,10,10,1
Chhattisgarh,DURG,2000,Whole Year,Onion,128,733,5.7265625
Chhattisgarh,DURG,2000,Whole Year,Potato,45,300,6.666666667
Chhattisgarh,DURG,2000,Whole Year,Sannhamp,69,21,0.304347826
Chhattisgarh,DURG,2000,Whole Year,Sugarcane,102,146,1.431372549
Chhattisgarh,DURG,2000,Whole Year,Sweet potato,35,217,6.2
Chhattisgarh,DURG,2000,Whole Year,Tobacco,1,,
Chhattisgarh,DURG,2000,Whole Year,Turmeric,1,1,1
Chhattisgarh,DURG,2001,Kharif,Arhar/Tur,4974,1959,0.39384801
Chhattisgarh,DURG,2001,Kharif,Bajra,6,3,0.5
Chhattisgarh,DURG,2001,Kharif,Castor seed,40,12,0.3
Chhattisgarh,DURG,2001,Kharif,Groundnut,925,1292,1.396756757
Chhattisgarh,DURG,2001,Kharif,Horse-gram,590,191,0.323728814
Chhattisgarh,DURG,2001,Kharif,Jowar,107,97,0.906542056
Chhattisgarh,DURG,2001,Kharif,Maize,327,185,0.565749235
Chhattisgarh,DURG,2001,Kharif,Mesta,7,14,2
Chhattisgarh,DURG,2001,Kharif,Moong(Green Gram),202,46,0.227722772
Chhattisgarh,DURG,2001,Kharif,Ragi,16,4,0.25
Chhattisgarh,DURG,2001,Kharif,Rice,436807,605170,1.385440252
Chhattisgarh,DURG,2001,Kharif,Sesamum,1172,269,0.229522184
Chhattisgarh,DURG,2001,Kharif,Small millets,15523,3280,0.211299362
Chhattisgarh,DURG,2001,Kharif,Soyabean,2998,1949,0.650100067
Chhattisgarh,DURG,2001,Kharif,Sunflower,443,253,0.571106095
Chhattisgarh,DURG,2001,Kharif,Urad,2464,723,0.293425325
Chhattisgarh,DURG,2001,Rabi,Barley,12,7,0.583333333
Chhattisgarh,DURG,2001,Rabi,Gram,62688,50430,0.804460184
Chhattisgarh,DURG,2001,Rabi,Khesari,138648,73858,0.532701518
Chhattisgarh,DURG,2001,Rabi,Linseed,21274,5707,0.268261728
Chhattisgarh,DURG,2001,Rabi,Masoor,6811,2048,0.30069006
Chhattisgarh,DURG,2001,Rabi,Moong(Green Gram),245,67,0.273469388
Chhattisgarh,DURG,2001,Rabi,Peas & beans (Pulses),756,221,0.292328042
Chhattisgarh,DURG,2001,Rabi,Rapeseed &Mustard,419,113,0.269689737
Chhattisgarh,DURG,2001,Rabi,Safflower,108,26,0.240740741
Chhattisgarh,DURG,2001,Rabi,Urad,2321,494,0.212839293
Chhattisgarh,DURG,2001,Rabi,Wheat,18287,12836,0.701919396
Chhattisgarh,DURG,2001,Whole Year,Banana,30,715,23.83333333
Chhattisgarh,DURG,2001,Whole Year,Coriander,1455,347,0.238487973
Chhattisgarh,DURG,2001,Whole Year,Dry chillies,408,252,0.617647059
Chhattisgarh,DURG,2001,Whole Year,Dry ginger,12,12,1
Chhattisgarh,DURG,2001,Whole Year,Garlic,1,3,3
Chhattisgarh,DURG,2001,Whole Year,Onion,169,990,5.857988166
Chhattisgarh,DURG,2001,Whole Year,Potato,17,102,6
Chhattisgarh,DURG,2001,Whole Year,Sannhamp,22,8,0.363636364
Chhattisgarh,DURG,2001,Whole Year,Sugarcane,167,282,1.688622754
Chhattisgarh,DURG,2001,Whole Year,Sweet potato,57,397,6.964912281
Chhattisgarh,DURG,2001,Whole Year,Turmeric,2,2,1
Chhattisgarh,DURG,2002,Kharif,Arhar/Tur,6516,2518,0.386433395
Chhattisgarh,DURG,2002,Kharif,Castor seed,9,3,0.333333333
Chhattisgarh,DURG,2002,Kharif,Cotton(lint),16,24,1.5
Chhattisgarh,DURG,2002,Kharif,Groundnut,941,1280,1.360255048
Chhattisgarh,DURG,2002,Kharif,Horse-gram,585,169,0.288888889
Chhattisgarh,DURG,2002,Kharif,Jowar,97,108,1.113402062
Chhattisgarh,DURG,2002,Kharif,Maize,273,249,0.912087912
Chhattisgarh,DURG,2002,Kharif,Mesta,29,55,1.896551724
Chhattisgarh,DURG,2002,Kharif,Moong(Green Gram),221,50,0.226244344
Chhattisgarh,DURG,2002,Kharif,Other Kharif pulses,8,2,0.25
Chhattisgarh,DURG,2002,Kharif,Ragi,15,4,0.266666667
Chhattisgarh,DURG,2002,Kharif,Rice,432904,233410,0.539172657
Chhattisgarh,DURG,2002,Kharif,Sesamum,1593,376,0.236032643
Chhattisgarh,DURG,2002,Kharif,Small millets,13879,1719,0.123856186
Chhattisgarh,DURG,2002,Kharif,Soyabean,4394,2050,0.466545289
Chhattisgarh,DURG,2002,Kharif,Sunflower,471,256,0.543524416
Chhattisgarh,DURG,2002,Kharif,Urad,2953,747,0.252963088
Chhattisgarh,DURG,2002,Rabi,Barley,14,8,0.571428571
Chhattisgarh,DURG,2002,Rabi,Gram,66754,45473,0.681202625
Chhattisgarh,DURG,2002,Rabi,Horse-gram,126,28,0.222222222
Chhattisgarh,DURG,2002,Rabi,Khesari,94683,44830,0.473474647
Chhattisgarh,DURG,2002,Rabi,Linseed,15824,4229,0.267252275
Chhattisgarh,DURG,2002,Rabi,Masoor,6334,1941,0.306441427
Chhattisgarh,DURG,2002,Rabi,Moong(Green Gram),400,81,0.2025
Chhattisgarh,DURG,2002,Rabi,Other  Rabi pulses,1,,
Chhattisgarh,DURG,2002,Rabi,Peas & beans (Pulses),790,240,0.303797468
Chhattisgarh,DURG,2002,Rabi,Rapeseed &Mustard,1227,343,0.279543602
Chhattisgarh,DURG,2002,Rabi,Safflower,91,21,0.230769231
Chhattisgarh,DURG,2002,Rabi,Urad,1737,348,0.200345423
Chhattisgarh,DURG,2002,Rabi,Wheat,18396,14399,0.782724505
Chhattisgarh,DURG,2002,Whole Year,Banana,14,441,31.5
Chhattisgarh,DURG,2002,Whole Year,Coriander,1416,369,0.26059322
Chhattisgarh,DURG,2002,Whole Year,Dry chillies,318,330,1.037735849
Chhattisgarh,DURG,2002,Whole Year,Dry ginger,11,13,1.181818182
Chhattisgarh,DURG,2002,Whole Year,Garlic,1,3,3
Chhattisgarh,DURG,2002,Whole Year,Onion,91,550,6.043956044
Chhattisgarh,DURG,2002,Whole Year,Papaya,23,834,36.26086957
Chhattisgarh,DURG,2002,Whole Year,Potato,18,117,6.5
Chhattisgarh,DURG,2002,Whole Year,Sannhamp,72,25,0.347222222
Chhattisgarh,DURG,2002,Whole Year,Sugarcane,104,166,1.596153846
Chhattisgarh,DURG,2002,Whole Year,Sweet potato,62,348,5.612903226
Chhattisgarh,DURG,2002,Whole Year,Turmeric,9,9,1
Chhattisgarh,DURG,2003,Kharif,Arhar/Tur,4173,2510,0.601485742
Chhattisgarh,DURG,2003,Kharif,Castor seed,3,1,0.333333333
Chhattisgarh,DURG,2003,Kharif,Cotton(lint),46,78,1.695652174
Chhattisgarh,DURG,2003,Kharif,Groundnut,672,985,1.46577381
Chhattisgarh,DURG,2003,Kharif,Horse-gram,558,197,0.353046595
Chhattisgarh,DURG,2003,Kharif,Jowar,33,30,0.909090909
Chhattisgarh,DURG,2003,Kharif,Maize,286,290,1.013986014
Chhattisgarh,DURG,2003,Kharif,Mesta,17,36,2.117647059
Chhattisgarh,DURG,2003,Kharif,Moong(Green Gram),233,52,0.223175966
Chhattisgarh,DURG,2003,Kharif,Ragi,19,6,0.315789474
Chhattisgarh,DURG,2003,Kharif,Rice,442753,716384,1.618021786
Chhattisgarh,DURG,2003,Kharif,Sesamum,1811,517,0.285477637
Chhattisgarh,DURG,2003,Kharif,Small millets,13727,3289,0.239600787
Chhattisgarh,DURG,2003,Kharif,Soyabean,7081,5259,0.74269171
Chhattisgarh,DURG,2003,Kharif,Sunflower,825,505,0.612121212
Chhattisgarh,DURG,2003,Kharif,Urad,2791,776,0.278036546
Chhattisgarh,DURG,2003,Rabi,Barley,16,16,1
Chhattisgarh,DURG,2003,Rabi,Gram,74034,80997,1.094051382
Chhattisgarh,DURG,2003,Rabi,Horse-gram,149,44,0.295302013
Chhattisgarh,DURG,2003,Rabi,Khesari,143774,79861,0.555462045
Chhattisgarh,DURG,2003,Rabi,Linseed,18665,5450,0.291990356
Chhattisgarh,DURG,2003,Rabi,Masoor,6814,2364,0.346932785
Chhattisgarh,DURG,2003,Rabi,Moong(Green Gram),261,73,0.279693487
Chhattisgarh,DURG,2003,Rabi,Peas & beans (Pulses),1061,324,0.30537229
Chhattisgarh,DURG,2003,Rabi,Rapeseed &Mustard,800,290,0.3625
Chhattisgarh,DURG,2003,Rabi,Safflower,235,56,0.238297872
Chhattisgarh,DURG,2003,Rabi,Urad,1990,481,0.241708543
Chhattisgarh,DURG,2003,Rabi,Wheat,19553,15676,0.801718406
Chhattisgarh,DURG,2003,Whole Year,Banana,50,1669,33.38
Chhattisgarh,DURG,2003,Whole Year,Coriander,1294,397,0.306800618
Chhattisgarh,DURG,2003,Whole Year,Dry chillies,241,188,0.780082988
Chhattisgarh,DURG,2003,Whole Year,Dry ginger,1,1,1
Chhattisgarh,DURG,2003,Whole Year,Garlic,8,27,3.375
Chhattisgarh,DURG,2003,Whole Year,Onion,244,1392,5.704918033
Chhattisgarh,DURG,2003,Whole Year,Papaya,98,4445,45.35714286
Chhattisgarh,DURG,2003,Whole Year,Potato,36,194,5.388888889
Chhattisgarh,DURG,2003,Whole Year,Sannhamp,34,13,0.382352941
Chhattisgarh,DURG,2003,Whole Year,Sugarcane,435,820,1.885057471
Chhattisgarh,DURG,2003,Whole Year,Sweet potato,41,281,6.853658537
Chhattisgarh,DURG,2003,Whole Year,Turmeric,5,6,1.2
Chhattisgarh,DURG,2004,Kharif,Arhar/Tur,4973,2299,0.462296401
Chhattisgarh,DURG,2004,Kharif,Castor seed,42,21,0.5
Chhattisgarh,DURG,2004,Kharif,Cotton(lint),396,609,1.537878788
Chhattisgarh,DURG,2004,Kharif,Groundnut,520,823,1.582692308
Chhattisgarh,DURG,2004,Kharif,Horse-gram,669,221,0.330343797
Chhattisgarh,DURG,2004,Kharif,Jowar,44,16,0.363636364
Chhattisgarh,DURG,2004,Kharif,Maize,219,267,1.219178082
Chhattisgarh,DURG,2004,Kharif,Mesta,19,34,1.789473684
Chhattisgarh,DURG,2004,Kharif,Moong(Green Gram),200,51,0.255
Chhattisgarh,DURG,2004,Kharif,Other Kharif pulses,3,1,0.333333333
Chhattisgarh,DURG,2004,Kharif,Ragi,20,5,0.25
Chhattisgarh,DURG,2004,Kharif,Rice,449635,633535,1.40899841
Chhattisgarh,DURG,2004,Kharif,Sesamum,783,211,0.269476373
Chhattisgarh,DURG,2004,Kharif,Small millets,12540,2341,0.186682616
Chhattisgarh,DURG,2004,Kharif,Soyabean,11734,10056,0.856996762
Chhattisgarh,DURG,2004,Kharif,Sunflower,807,478,0.592317224
Chhattisgarh,DURG,2004,Kharif,Urad,2588,733,0.283230294
Chhattisgarh,DURG,2004,Rabi,Barley,3,3,1
Chhattisgarh,DURG,2004,Rabi,Gram,89615,45989,0.513184177
Chhattisgarh,DURG,2004,Rabi,Khesari,151434,42394,0.279950341
Chhattisgarh,DURG,2004,Rabi,Linseed,18433,3098,0.168068139
Chhattisgarh,DURG,2004,Rabi,Masoor,7899,1736,0.219774655
Chhattisgarh,DURG,2004,Rabi,Moong(Green Gram),293,70,0.23890785
Chhattisgarh,DURG,2004,Rabi,Peas & beans (Pulses),1036,241,0.232625483
Chhattisgarh,DURG,2004,Rabi,Rapeseed &Mustard,1496,498,0.332887701
Chhattisgarh,DURG,2004,Rabi,Safflower,311,65,0.209003215
Chhattisgarh,DURG,2004,Rabi,Urad,2006,370,0.18444666
Chhattisgarh,DURG,2004,Rabi,Wheat,19156,11590,0.605032366
Chhattisgarh,DURG,2004,Whole Year,Banana,7,230,32.85714286
Chhattisgarh,DURG,2004,Whole Year,Coriander,1386,279,0.201298701
Chhattisgarh,DURG,2004,Whole Year,Dry chillies,205,138,0.673170732
Chhattisgarh,DURG,2004,Whole Year,Dry ginger,49,57,1.163265306
Chhattisgarh,DURG,2004,Whole Year,Onion,148,695,4.695945946
Chhattisgarh,DURG,2004,Whole Year,Potato,25,142,5.68
Chhattisgarh,DURG,2004,Whole Year,Sannhamp,24,8,0.333333333
Chhattisgarh,DURG,2004,Whole Year,Sugarcane,844,1519,1.799763033
Chhattisgarh,DURG,2004,Whole Year,Sweet potato,29,185,6.379310345
Chhattisgarh,DURG,2004,Whole Year,Turmeric,2,2,1
Chhattisgarh,DURG,2005,Kharif,Arhar/Tur,4670,2104,0.450535332
Chhattisgarh,DURG,2005,Kharif,Castor seed,39,14,0.358974359
Chhattisgarh,DURG,2005,Kharif,Cotton(lint),192,295,1.536458333
Chhattisgarh,DURG,2005,Kharif,Groundnut,574,880,1.533101045
Chhattisgarh,DURG,2005,Kharif,Horse-gram,689,232,0.336719884
Chhattisgarh,DURG,2005,Kharif,Jowar,67,50,0.746268657
Chhattisgarh,DURG,2005,Kharif,Maize,276,249,0.902173913
Chhattisgarh,DURG,2005,Kharif,Mesta,68,148,2.176470588
Chhattisgarh,DURG,2005,Kharif,Moong(Green Gram),285,62,0.21754386
Chhattisgarh,DURG,2005,Kharif,Niger seed,1,,
Chhattisgarh,DURG,2005,Kharif,Other Kharif pulses,4,1,0.25
Chhattisgarh,DURG,2005,Kharif,Rice,453535,746241,1.645387897
Chhattisgarh,DURG,2005,Kharif,Sesamum,1720,509,0.295930233
Chhattisgarh,DURG,2005,Kharif,Small millets,7505,1283,0.170952698
Chhattisgarh,DURG,2005,Kharif,Soyabean,18015,14889,0.826477935
Chhattisgarh,DURG,2005,Kharif,Sunflower,794,486,0.61209068
Chhattisgarh,DURG,2005,Kharif,Urad,2637,721,0.273416761
Chhattisgarh,DURG,2005,Rabi,Barley,3,3,1
Chhattisgarh,DURG,2005,Rabi,Gram,93241,76308,0.818395341
Chhattisgarh,DURG,2005,Rabi,Horse-gram,155,47,0.303225806
Chhattisgarh,DURG,2005,Rabi,Khesari,150476,68474,0.45504931
Chhattisgarh,DURG,2005,Rabi,Linseed,17683,4052,0.229146638
Chhattisgarh,DURG,2005,Rabi,Masoor,7493,3239,0.432270119
Chhattisgarh,DURG,2005,Rabi,Moong(Green Gram),320,87,0.271875
Chhattisgarh,DURG,2005,Rabi,Peas & beans (Pulses),1303,433,0.332310054
Chhattisgarh,DURG,2005,Rabi,Rapeseed &Mustard,2156,650,0.30148423
Chhattisgarh,DURG,2005,Rabi,Safflower,258,65,0.251937984
Chhattisgarh,DURG,2005,Rabi,Urad,1500,344,0.229333333
Chhattisgarh,DURG,2005,Rabi,Wheat,19090,14396,0.754112101
Chhattisgarh,DURG,2005,Whole Year,Banana,170,6079,35.75882353
Chhattisgarh,DURG,2005,Whole Year,Coriander,1184,331,0.279560811
Chhattisgarh,DURG,2005,Whole Year,Dry chillies,175,56,0.32
Chhattisgarh,DURG,2005,Whole Year,Dry ginger,27,31,1.148148148
Chhattisgarh,DURG,2005,Whole Year,Garlic,8,25,3.125
Chhattisgarh,DURG,2005,Whole Year,Onion,155,651,4.2
Chhattisgarh,DURG,2005,Whole Year,Potato,49,321,6.551020408
Chhattisgarh,DURG,2005,Whole Year,Sannhamp,30,11,0.366666667
Chhattisgarh,DURG,2005,Whole Year,Sugarcane,862,1575,1.827146172
Chhattisgarh,DURG,2005,Whole Year,Sweet potato,23,140,6.086956522
Chhattisgarh,DURG,2006,Kharif,Arhar/Tur,6917,2855,0.412751193
Chhattisgarh,DURG,2006,Kharif,Castor seed,8,3,0.375
Chhattisgarh,DURG,2006,Kharif,Cotton(lint),59,87,1.474576271
Chhattisgarh,DURG,2006,Kharif,Groundnut,426,594,1.394366197
Chhattisgarh,DURG,2006,Kharif,Horse-gram,341,131,0.384164223
Chhattisgarh,DURG,2006,Kharif,Jowar,109,105,0.963302752
Chhattisgarh,DURG,2006,Kharif,Maize,329,332,1.009118541
Chhattisgarh,DURG,2006,Kharif,Mesta,82,156,1.902439024
Chhattisgarh,DURG,2006,Kharif,Moong(Green Gram),261,64,0.245210728
Chhattisgarh,DURG,2006,Kharif,Niger seed,5,1,0.2
Chhattisgarh,DURG,2006,Kharif,Other Kharif pulses,13,4,0.307692308
Chhattisgarh,DURG,2006,Kharif,Potato,6,45,7.5
Chhattisgarh,DURG,2006,Kharif,Ragi,13,4,0.307692308
Chhattisgarh,DURG,2006,Kharif,Rice,460930,673868,1.461974703
Chhattisgarh,DURG,2006,Kharif,Sesamum,951,272,0.286014721
Chhattisgarh,DURG,2006,Kharif,Small millets,7134,1301,0.182366134
Chhattisgarh,DURG,2006,Kharif,Soyabean,25500,22631,0.887490196
Chhattisgarh,DURG,2006,Kharif,Sunflower,554,369,0.666064982
Chhattisgarh,DURG,2006,Kharif,Urad,2402,693,0.288509575
Chhattisgarh,DURG,2006,Rabi,Barley,59,30,0.508474576
Chhattisgarh,DURG,2006,Rabi,Gram,91698,86582,0.944208162
Chhattisgarh,DURG,2006,Rabi,Horse-gram,104,29,0.278846154
Chhattisgarh,DURG,2006,Rabi,Khesari,141076,72211,0.511858856
Chhattisgarh,DURG,2006,Rabi,Linseed,15147,3540,0.233709645
Chhattisgarh,DURG,2006,Rabi,Masoor,6526,2227,0.341250383
Chhattisgarh,DURG,2006,Rabi,Moong(Green Gram),381,103,0.270341207
Chhattisgarh,DURG,2006,Rabi,Peas & beans (Pulses),1281,426,0.332552693
Chhattisgarh,DURG,2006,Rabi,Potato,14,53,3.785714286
Chhattisgarh,DURG,2006,Rabi,Rapeseed &Mustard,2078,754,0.362848893
Chhattisgarh,DURG,2006,Rabi,Safflower,267,61,0.228464419
Chhattisgarh,DURG,2006,Rabi,Urad,1683,414,0.245989305
Chhattisgarh,DURG,2006,Rabi,Wheat,18197,15043,0.826674727
Chhattisgarh,DURG,2006,Whole Year,Banana,35,1135,32.42857143
Chhattisgarh,DURG,2006,Whole Year,Coriander,936,253,0.270299145
Chhattisgarh,DURG,2006,Whole Year,Dry chillies,142,66,0.464788732
Chhattisgarh,DURG,2006,Whole Year,Dry ginger,31,45,1.451612903
Chhattisgarh,DURG,2006,Whole Year,Onion,159,598,3.761006289
Chhattisgarh,DURG,2006,Whole Year,Sannhamp,32,12,0.375
Chhattisgarh,DURG,2006,Whole Year,Sugarcane,1439,2629,1.826963169
Chhattisgarh,DURG,2006,Whole Year,Sweet potato,33,224,6.787878788
Chhattisgarh,DURG,2006,Whole Year,Turmeric,1,1,1
Chhattisgarh,DURG,2007,Kharif,Arhar/Tur,4429,2224,0.502144954
Chhattisgarh,DURG,2007,Kharif,Castor seed,12,5,0.416666667
Chhattisgarh,DURG,2007,Kharif,Cotton(lint),38,50,1.315789474
Chhattisgarh,DURG,2007,Kharif,Groundnut,409,657,1.606356968
Chhattisgarh,DURG,2007,Kharif,Horse-gram,481,164,0.340956341
Chhattisgarh,DURG,2007,Kharif,Jowar,46,45,0.97826087
Chhattisgarh,DURG,2007,Kharif,Maize,310,369,1.190322581
Chhattisgarh,DURG,2007,Kharif,Mesta,57,115,2.01754386
Chhattisgarh,DURG,2007,Kharif,Moong(Green Gram),272,68,0.25
Chhattisgarh,DURG,2007,Kharif,Other Kharif pulses,5,1,0.2
Chhattisgarh,DURG,2007,Kharif,Potato,6,27,4.5
Chhattisgarh,DURG,2007,Kharif,Ragi,8,2,0.25
Chhattisgarh,DURG,2007,Kharif,Rice,465325,730870,1.570665664
Chhattisgarh,DURG,2007,Kharif,Sesamum,734,217,0.295640327
Chhattisgarh,DURG,2007,Kharif,Small millets,4950,1209,0.244242424
Chhattisgarh,DURG,2007,Kharif,Soyabean,27196,29564,1.087071628
Chhattisgarh,DURG,2007,Kharif,Sunflower,444,296,0.666666667
Chhattisgarh,DURG,2007,Kharif,Urad,2316,656,0.283246978
Chhattisgarh,DURG,2007,Rabi,Barley,63,72,1.142857143
Chhattisgarh,DURG,2007,Rabi,Gram,99197,100976,1.01793401
Chhattisgarh,DURG,2007,Rabi,Horse-gram,484,144,0.297520661
Chhattisgarh,DURG,2007,Rabi,Khesari,140531,366818,2.610228348
Chhattisgarh,DURG,2007,Rabi,Linseed,12371,3538,0.285991432
Chhattisgarh,DURG,2007,Rabi,Masoor,6327,2269,0.35862178
Chhattisgarh,DURG,2007,Rabi,Moong(Green Gram),395,108,0.273417722
Chhattisgarh,DURG,2007,Rabi,Other  Rabi pulses,6,2,0.333333333
Chhattisgarh,DURG,2007,Rabi,Peas & beans (Pulses),1384,483,0.348988439
Chhattisgarh,DURG,2007,Rabi,Potato,16,77,4.8125
Chhattisgarh,DURG,2007,Rabi,Rapeseed &Mustard,1774,575,0.324126268
Chhattisgarh,DURG,2007,Rabi,Safflower,207,52,0.251207729
Chhattisgarh,DURG,2007,Rabi,Urad,1716,450,0.262237762
Chhattisgarh,DURG,2007,Rabi,Wheat,20165,19428,0.963451525
Chhattisgarh,DURG,2007,Whole Year,Banana,115,3728,32.4173913
Chhattisgarh,DURG,2007,Whole Year,Coriander,904,249,0.275442478
Chhattisgarh,DURG,2007,Whole Year,Dry chillies,160,141,0.88125
Chhattisgarh,DURG,2007,Whole Year,Dry ginger,33,41,1.242424242
Chhattisgarh,DURG,2007,Whole Year,Onion,61,226,3.704918033
Chhattisgarh,DURG,2007,Whole Year,Sannhamp,21,7,0.333333333
Chhattisgarh,DURG,2007,Whole Year,Sugarcane,2546,5162,2.027494108
Chhattisgarh,DURG,2007,Whole Year,Sweet potato,22,149,6.772727273
Chhattisgarh,DURG,2007,Whole Year,Turmeric,52,45,0.865384615
Chhattisgarh,DURG,2008,Kharif,Arhar/Tur,4842,2755,0.56897976
Chhattisgarh,DURG,2008,Kharif,Castor seed,12,4,0.333333333
Chhattisgarh,DURG,2008,Kharif,Cotton(lint),14,21,1.5
Chhattisgarh,DURG,2008,Kharif,Groundnut,333,532,1.597597598
Chhattisgarh,DURG,2008,Kharif,Horse-gram,365,114,0.312328767
Chhattisgarh,DURG,2008,Kharif,Jowar,46,67,1.456521739
Chhattisgarh,DURG,2008,Kharif,Maize,257,271,1.054474708
Chhattisgarh,DURG,2008,Kharif,Mesta,45,90,2
Chhattisgarh,DURG,2008,Kharif,Moong(Green Gram),244,56,0.229508197
Chhattisgarh,DURG,2008,Kharif,Niger seed,91,16,0.175824176
Chhattisgarh,DURG,2008,Kharif,Other Kharif pulses,1,,
Chhattisgarh,DURG,2008,Kharif,Ragi,21,6,0.285714286
Chhattisgarh,DURG,2008,Kharif,Rice,464617,420864,0.905829963
Chhattisgarh,DURG,2008,Kharif,Sesamum,603,168,0.278606965
Chhattisgarh,DURG,2008,Kharif,Small millets,4099,605,0.147596975
Chhattisgarh,DURG,2008,Kharif,Soyabean,30516,24659,0.808067899
Chhattisgarh,DURG,2008,Kharif,Sunflower,143,82,0.573426573
Chhattisgarh,DURG,2008,Kharif,Urad,2188,554,0.253199269
Chhattisgarh,DURG,2008,Rabi,Barley,53,53,1
Chhattisgarh,DURG,2008,Rabi,Gram,87621,84598,0.965499138
Chhattisgarh,DURG,2008,Rabi,Horse-gram,224,73,0.325892857
Chhattisgarh,DURG,2008,Rabi,Khesari,114034,131019,1.148946805
Chhattisgarh,DURG,2008,Rabi,Linseed,6991,1649,0.235874696
Chhattisgarh,DURG,2008,Rabi,Masoor,5112,1744,0.341158059
Chhattisgarh,DURG,2008,Rabi,Moong(Green Gram),271,77,0.284132841
Chhattisgarh,DURG,2008,Rabi,Peas & beans (Pulses),1073,368,0.342963653
Chhattisgarh,DURG,2008,Rabi,Potato,13,47,3.615384615
Chhattisgarh,DURG,2008,Rabi,Rapeseed &Mustard,1993,613,0.307576518
Chhattisgarh,DURG,2008,Rabi,Safflower,211,53,0.251184834
Chhattisgarh,DURG,2008,Rabi,Urad,1242,305,0.245571659
Chhattisgarh,DURG,2008,Rabi,Wheat,19747,18891,0.956651643
Chhattisgarh,DURG,2008,Whole Year,Banana,8,271,33.875
Chhattisgarh,DURG,2008,Whole Year,Coriander,742,204,0.274932615
Chhattisgarh,DURG,2008,Whole Year,Dry chillies,149,86,0.577181208
Chhattisgarh,DURG,2008,Whole Year,Dry ginger,53,61,1.150943396
Chhattisgarh,DURG,2008,Whole Year,Onion,74,331,4.472972973
Chhattisgarh,DURG,2008,Whole Year,Sannhamp,18,6,0.333333333
Chhattisgarh,DURG,2008,Whole Year,Sugarcane,1566,2952,1.885057471
Chhattisgarh,DURG,2008,Whole Year,Sweet potato,47,305,6.489361702
Chhattisgarh,DURG,2008,Whole Year,Turmeric,4,3,0.75
Chhattisgarh,DURG,2009,Kharif,Arhar/Tur,5656,2796,0.494342291
Chhattisgarh,DURG,2009,Kharif,Castor seed,7,2,0.285714286
Chhattisgarh,DURG,2009,Kharif,Groundnut,428,793,1.852803738
Chhattisgarh,DURG,2009,Kharif,Horse-gram,255,75,0.294117647
Chhattisgarh,DURG,2009,Kharif,Jowar,33,41,1.242424242
Chhattisgarh,DURG,2009,Kharif,Maize,300,245,0.816666667
Chhattisgarh,DURG,2009,Kharif,Mesta,18,36,2
Chhattisgarh,DURG,2009,Kharif,Moong(Green Gram),234,49,0.209401709
Chhattisgarh,DURG,2009,Kharif,Niger seed,1,,
Chhattisgarh,DURG,2009,Kharif,Ragi,5,1,0.2
Chhattisgarh,DURG,2009,Kharif,Rice,451263,355753,0.788349588
Chhattisgarh,DURG,2009,Kharif,Sesamum,717,294,0.410041841
Chhattisgarh,DURG,2009,Kharif,Small millets,3340,485,0.145209581
Chhattisgarh,DURG,2009,Kharif,Soyabean,31683,26098,0.823722501
Chhattisgarh,DURG,2009,Kharif,Sunflower,290,168,0.579310345
Chhattisgarh,DURG,2009,Kharif,Urad,2000,537,0.2685
Chhattisgarh,DURG,2009,Rabi,Barley,48,12,0.25
Chhattisgarh,DURG,2009,Rabi,Gram,101459,98361,0.969465498
Chhattisgarh,DURG,2009,Rabi,Horse-gram,152,38,0.25
Chhattisgarh,DURG,2009,Rabi,Khesari,89347,43544,0.487358277
Chhattisgarh,DURG,2009,Rabi,Linseed,6558,1760,0.268374504
Chhattisgarh,DURG,2009,Rabi,Masoor,4832,1453,0.300703642
Chhattisgarh,DURG,2009,Rabi,Moong(Green Gram),212,57,0.268867925
Chhattisgarh,DURG,2009,Rabi,Other  Rabi pulses,1,6,6
Chhattisgarh,DURG,2009,Rabi,Peas & beans (Pulses),1062,306,0.288135593
Chhattisgarh,DURG,2009,Rabi,Rapeseed &Mustard,2221,924,0.416028816
Chhattisgarh,DURG,2009,Rabi,Safflower,298,59,0.197986577
Chhattisgarh,DURG,2009,Rabi,Urad,1251,302,0.241406875
Chhattisgarh,DURG,2009,Rabi,Wheat,24553,23160,0.943265589
Chhattisgarh,DURG,2009,Whole Year,Banana,126,10126,80.36507937
Chhattisgarh,DURG,2009,Whole Year,Coriander,627,178,0.283891547
Chhattisgarh,DURG,2009,Whole Year,Cotton(lint),7,,
Chhattisgarh,DURG,2009,Whole Year,Dry chillies,190,184,0.968421053
Chhattisgarh,DURG,2009,Whole Year,Dry ginger,41,47,1.146341463
Chhattisgarh,DURG,2009,Whole Year,Garlic,6,,
Chhattisgarh,DURG,2009,Whole Year,Onion,158,491,3.107594937
Chhattisgarh,DURG,2009,Whole Year,Potato,2,9,4.5
Chhattisgarh,DURG,2009,Whole Year,Sannhamp,28,10,0.357142857
Chhattisgarh,DURG,2009,Whole Year,Sugarcane,1552,7604,4.899484536
Chhattisgarh,DURG,2009,Whole Year,Sweet potato,55,340,6.181818182
Chhattisgarh,DURG,2010,Kharif,Arhar/Tur,6407,2792,0.435773373
Chhattisgarh,DURG,2010,Kharif,Castor seed,2,1,0.5
Chhattisgarh,DURG,2010,Kharif,Groundnut,314,556,1.770700637
Chhattisgarh,DURG,2010,Kharif,Horse-gram,238,85,0.357142857
Chhattisgarh,DURG,2010,Kharif,Jowar,50,76,1.52
Chhattisgarh,DURG,2010,Kharif,Maize,330,485,1.46969697
Chhattisgarh,DURG,2010,Kharif,Mesta,33,77,2.333333333
Chhattisgarh,DURG,2010,Kharif,Moong(Green Gram),199,50,0.251256281
Chhattisgarh,DURG,2010,Kharif,Rice,462087,844764,1.828149245
Chhattisgarh,DURG,2010,Kharif,Sesamum,779,260,0.333761232
Chhattisgarh,DURG,2010,Kharif,Small millets,2547,493,0.193561052
Chhattisgarh,DURG,2010,Kharif,Soyabean,37298,39291,1.053434501
Chhattisgarh,DURG,2010,Kharif,Sunflower,157,84,0.535031847
Chhattisgarh,DURG,2010,Kharif,Urad,1825,573,0.313972603
Chhattisgarh,DURG,2010,Rabi,Barley,61,37,0.606557377
Chhattisgarh,DURG,2010,Rabi,Gram,101151,96159,0.950648041
Chhattisgarh,DURG,2010,Rabi,Horse-gram,208,62,0.298076923
Chhattisgarh,DURG,2010,Rabi,Khesari,103023,56041,0.543965911
Chhattisgarh,DURG,2010,Rabi,Linseed,6646,1530,0.230213662
Chhattisgarh,DURG,2010,Rabi,Masoor,5208,1747,0.335445469
Chhattisgarh,DURG,2010,Rabi,Moong(Green Gram),257,70,0.272373541
Chhattisgarh,DURG,2010,Rabi,Peas & beans (Pulses),946,299,0.316067653
Chhattisgarh,DURG,2010,Rabi,Rapeseed &Mustard,2418,795,0.328784119
Chhattisgarh,DURG,2010,Rabi,Safflower,174,40,0.229885057
Chhattisgarh,DURG,2010,Rabi,Urad,1466,349,0.238062756
Chhattisgarh,DURG,2010,Rabi,Wheat,26321,26725,1.015348961
Chhattisgarh,DURG,2010,Whole Year,Banana,151,4319,28.60264901
Chhattisgarh,DURG,2010,Whole Year,Coriander,613,179,0.292006525
Chhattisgarh,DURG,2010,Whole Year,Dry chillies,139,91,0.654676259
Chhattisgarh,DURG,2010,Whole Year,Dry ginger,19,22,1.157894737
Chhattisgarh,DURG,2010,Whole Year,Garlic,13,39,3
Chhattisgarh,DURG,2010,Whole Year,Onion,165,685,4.151515152
Chhattisgarh,DURG,2010,Whole Year,Potato,2,13,6.5
Chhattisgarh,DURG,2010,Whole Year,Sannhamp,39,17,0.435897436
Chhattisgarh,DURG,2010,Whole Year,Sugarcane,1408,4334,3.078125
Chhattisgarh,DURG,2010,Whole Year,Sweet potato,61,354,5.803278689
Chhattisgarh,DURG,2010,Whole Year,Turmeric,16,29,1.8125
Chhattisgarh,DURG,2011,Kharif,Arhar/Tur,1400,668,0.477142857
Chhattisgarh,DURG,2011,Kharif,Cotton(lint),34,51,1.5
Chhattisgarh,DURG,2011,Kharif,Groundnut,1,2,2
Chhattisgarh,DURG,2011,Kharif,Maize,148,176,1.189189189
Chhattisgarh,DURG,2011,Kharif,Moong(Green Gram),51,13,0.254901961
Chhattisgarh,DURG,2011,Kharif,Rice,129502,248913,1.922078423
Chhattisgarh,DURG,2011,Kharif,Sesamum,137,52,0.379562044
Chhattisgarh,DURG,2011,Kharif,Small millets,84,11,0.130952381
Chhattisgarh,DURG,2011,Kharif,Soyabean,6900,5067,0.734347826
Chhattisgarh,DURG,2011,Kharif,Sunflower,38,25,0.657894737
Chhattisgarh,DURG,2011,Kharif,Urad,190,58,0.305263158
Chhattisgarh,DURG,2011,Rabi,Barley,13,11,0.846153846
Chhattisgarh,DURG,2011,Rabi,Gram,14795,16026,1.083203785
Chhattisgarh,DURG,2011,Rabi,Horse-gram,6,2,0.333333333
Chhattisgarh,DURG,2011,Rabi,Khesari,16577,8717,0.525849068
Chhattisgarh,DURG,2011,Rabi,Linseed,774,277,0.357881137
Chhattisgarh,DURG,2011,Rabi,Masoor,973,338,0.347379239
Chhattisgarh,DURG,2011,Rabi,Moong(Green Gram),35,10,0.285714286
Chhattisgarh,DURG,2011,Rabi,Peas & beans (Pulses),217,72,0.331797235
Chhattisgarh,DURG,2011,Rabi,Potato,1,6,6
Chhattisgarh,DURG,2011,Rabi,Rapeseed &Mustard,766,308,0.402088773
Chhattisgarh,DURG,2011,Rabi,Safflower,33,8,0.242424242
Chhattisgarh,DURG,2011,Rabi,Urad,153,38,0.248366013
Chhattisgarh,DURG,2011,Rabi,Wheat,6755,7399,1.095336788
Chhattisgarh,DURG,2011,Whole Year,Banana,89,2716,30.51685393
Chhattisgarh,DURG,2011,Whole Year,Coriander,71,20,0.281690141
Chhattisgarh,DURG,2011,Whole Year,Dry chillies,14,15,1.071428571
Chhattisgarh,DURG,2011,Whole Year,Garlic,108,316,2.925925926
Chhattisgarh,DURG,2011,Whole Year,Onion,42,160,3.80952381
Chhattisgarh,DURG,2011,Whole Year,Sugarcane,98,1174,11.97959184
Chhattisgarh,DURG,2011,Whole Year,Sweet potato,54,334,6.185185185
Chhattisgarh,DURG,2011,Whole Year,Turmeric,6,7,1.166666667
Chhattisgarh,DURG,2012,Kharif,Arhar/Tur,1147,655,0.571054926
Chhattisgarh,DURG,2012,Kharif,Cotton(lint),76,114,1.5
Chhattisgarh,DURG,2012,Kharif,Horse-gram,4,1,0.25
Chhattisgarh,DURG,2012,Kharif,Jowar,8,5,0.625
Chhattisgarh,DURG,2012,Kharif,Maize,120,186,1.55
Chhattisgarh,DURG,2012,Kharif,Moong(Green Gram),37,10,0.27027027
Chhattisgarh,DURG,2012,Kharif,Other Kharif pulses,3,1,0.333333333
Chhattisgarh,DURG,2012,Kharif,Potato,1,6,6
Chhattisgarh,DURG,2012,Kharif,Rice,129784,296124,2.281668002
Chhattisgarh,DURG,2012,Kharif,Sesamum,216,56,0.259259259
Chhattisgarh,DURG,2012,Kharif,Small millets,43,8,0.186046512
Chhattisgarh,DURG,2012,Kharif,Soyabean,7331,8586,1.171190833
Chhattisgarh,DURG,2012,Kharif,Sunflower,80,60,0.75
Chhattisgarh,DURG,2012,Kharif,Urad,134,41,0.305970149
Chhattisgarh,DURG,2012,Rabi,Barley,110,60,0.545454545
Chhattisgarh,DURG,2012,Rabi,Gram,17073,21459,1.256896855
Chhattisgarh,DURG,2012,Rabi,Horse-gram,4,1,0.25
Chhattisgarh,DURG,2012,Rabi,Khesari,14820,6156,0.415384615
Chhattisgarh,DURG,2012,Rabi,Linseed,603,244,0.404643449
Chhattisgarh,DURG,2012,Rabi,Masoor,952,341,0.358193277
Chhattisgarh,DURG,2012,Rabi,Moong(Green Gram),32,9,0.28125
Chhattisgarh,DURG,2012,Rabi,Other  Rabi pulses,7,3,0.428571429
Chhattisgarh,DURG,2012,Rabi,Peas & beans (Pulses),191,63,0.329842932
Chhattisgarh,DURG,2012,Rabi,Potato,3,21,7
Chhattisgarh,DURG,2012,Rabi,Rapeseed &Mustard,704,308,0.4375
Chhattisgarh,DURG,2012,Rabi,Safflower,32,9,0.28125
Chhattisgarh,DURG,2012,Rabi,Urad,146,37,0.253424658
Chhattisgarh,DURG,2012,Rabi,Wheat,6662,7488,1.123986791
Chhattisgarh,DURG,2012,Whole Year,Banana,60,527,8.783333333
Chhattisgarh,DURG,2012,Whole Year,Coriander,113,35,0.309734513
Chhattisgarh,DURG,2012,Whole Year,Dry chillies,22,28,1.272727273
Chhattisgarh,DURG,2012,Whole Year,Dry ginger,3,3,1
Chhattisgarh,DURG,2012,Whole Year,Garlic,2,6,3
Chhattisgarh,DURG,2012,Whole Year,Onion,36,87,2.416666667
Chhattisgarh,DURG,2012,Whole Year,Sannhamp,6,2,0.333333333
Chhattisgarh,DURG,2012,Whole Year,Sugarcane,316,931,2.946202532
Chhattisgarh,DURG,2012,Whole Year,Sweet potato,67,421,6.28358209
Chhattisgarh,DURG,2012,Whole Year,Turmeric,5,5,1
Chhattisgarh,DURG,2013,Kharif,Arhar/Tur,1081,649,0.600370028
Chhattisgarh,DURG,2013,Kharif,Horse-gram,4,1,0.25
Chhattisgarh,DURG,2013,Kharif,Maize,184,202,1.097826087
Chhattisgarh,DURG,2013,Kharif,Moong(Green Gram),33,9,0.272727273
Chhattisgarh,DURG,2013,Kharif,Other Kharif pulses,1166,1,0.000857633
Chhattisgarh,DURG,2013,Kharif,Potato,3,20,6.666666667
Chhattisgarh,DURG,2013,Kharif,Rice,130671,253696,1.941486634
Chhattisgarh,DURG,2013,Kharif,Sannhamp,31,9,0.290322581
Chhattisgarh,DURG,2013,Kharif,Sesamum,109,29,0.266055046
Chhattisgarh,DURG,2013,Kharif,Small millets,58,7,0.120689655
Chhattisgarh,DURG,2013,Kharif,Soyabean,6641,5597,0.84279476
Chhattisgarh,DURG,2013,Kharif,Sunflower,9,,
Chhattisgarh,DURG,2013,Kharif,Urad,126,41,0.325396825
Chhattisgarh,DURG,2013,Rabi,Barley,16,43,2.6875
Chhattisgarh,DURG,2013,Rabi,Gram,17552,14643,0.834263902
Chhattisgarh,DURG,2013,Rabi,Horse-gram,3,1,0.333333333
Chhattisgarh,DURG,2013,Rabi,Khesari,13639,5676,0.416159542
Chhattisgarh,DURG,2013,Rabi,Linseed,490,187,0.381632653
Chhattisgarh,DURG,2013,Rabi,Masoor,923,272,0.294691224
Chhattisgarh,DURG,2013,Rabi,Moong(Green Gram),25,5,0.2
Chhattisgarh,DURG,2013,Rabi,Other  Rabi pulses,33,34,1.03030303
Chhattisgarh,DURG,2013,Rabi,Peas & beans (Pulses),192,46,0.239583333
Chhattisgarh,DURG,2013,Rabi,Rapeseed &Mustard,810,405,0.5
Chhattisgarh,DURG,2013,Rabi,Safflower,20,5,0.25
Chhattisgarh,DURG,2013,Rabi,Urad,164,36,0.219512195
Chhattisgarh,DURG,2013,Rabi,Wheat,6232,7058,1.13254172
Chhattisgarh,DURG,2013,Whole Year,Banana,93,3015,32.41935484
Chhattisgarh,DURG,2013,Whole Year,Coriander,92,30,0.326086957
Chhattisgarh,DURG,2013,Whole Year,Cotton(lint),28,42,1.5
Chhattisgarh,DURG,2013,Whole Year,Dry chillies,25,20,0.8
Chhattisgarh,DURG,2013,Whole Year,Onion,31,138,4.451612903
Chhattisgarh,DURG,2013,Whole Year,Sugarcane,426,1293,3.035211268
Chhattisgarh,DURG,2014,Kharif,Arhar/Tur,1321,845,0.639666919
Chhattisgarh,DURG,2014,Kharif,Horse-gram,2,1,0.5
Chhattisgarh,DURG,2014,Kharif,Maize,485,591,1.218556701
Chhattisgarh,DURG,2014,Kharif,Moong(Green Gram),32,9,0.28125
Chhattisgarh,DURG,2014,Kharif,Other Kharif pulses,3,1,0.333333333
Chhattisgarh,DURG,2014,Kharif,Rice,130467,242048,1.855243088
Chhattisgarh,DURG,2014,Kharif,Sesamum,96,45,0.46875
Chhattisgarh,DURG,2014,Kharif,Small millets,31,6,0.193548387
Chhattisgarh,DURG,2014,Kharif,Soyabean,7538,4477,0.593924118
Chhattisgarh,DURG,2014,Kharif,Sunflower,10,1,0.1
Chhattisgarh,DURG,2014,Kharif,Urad,63,21,0.333333333
Chhattisgarh,DURG,2014,Rabi,Barley,5,7,1.4
Chhattisgarh,DURG,2014,Rabi,Gram,17624,19381,1.0996936
Chhattisgarh,DURG,2014,Rabi,Horse-gram,4,1,0.25
Chhattisgarh,DURG,2014,Rabi,Khesari,11165,9243,0.827854904
Chhattisgarh,DURG,2014,Rabi,Linseed,167,65,0.389221557
Chhattisgarh,DURG,2014,Rabi,Masoor,925,348,0.376216216
Chhattisgarh,DURG,2014,Rabi,Moong(Green Gram),29,8,0.275862069
Chhattisgarh,DURG,2014,Rabi,Other  Rabi pulses,32,1,0.03125
Chhattisgarh,DURG,2014,Rabi,Peas & beans (Pulses),182,60,0.32967033
Chhattisgarh,DURG,2014,Rabi,Rapeseed &Mustard,883,443,0.501698754
Chhattisgarh,DURG,2014,Rabi,Safflower,86,23,0.26744186
Chhattisgarh,DURG,2014,Rabi,Urad,200,49,0.245
Chhattisgarh,DURG,2014,Rabi,Wheat,6364,7367,1.15760528
Chhattisgarh,DURG,2014,Whole Year,Banana,95,3170,33.36842105
Chhattisgarh,DURG,2014,Whole Year,Coriander,4,1,0.25
Chhattisgarh,DURG,2014,Whole Year,Cotton(lint),30,45,1.5
Chhattisgarh,DURG,2014,Whole Year,Dry chillies,28,18,0.642857143
Chhattisgarh,DURG,2014,Whole Year,Onion,32,246,7.6875
Chhattisgarh,DURG,2014,Whole Year,Sugarcane,258,1312,5.085271318
Chhattisgarh,DURG,2014,Whole Year,Turmeric,53,62,1.169811321
Chhattisgarh,GARIYABAND,2011,Kharif,Arhar/Tur,610,195,0.319672131
Chhattisgarh,GARIYABAND,2011,Kharif,Bajra,6,5,0.833333333
Chhattisgarh,GARIYABAND,2011,Kharif,Castor seed,3,2,0.666666667
Chhattisgarh,GARIYABAND,2011,Kharif,Groundnut,431,569,1.320185615
Chhattisgarh,GARIYABAND,2011,Kharif,Horse-gram,954,324,0.339622642
Chhattisgarh,GARIYABAND,2011,Kharif,Jowar,87,67,0.770114943
Chhattisgarh,GARIYABAND,2011,Kharif,Maize,709,771,1.087447109
Chhattisgarh,GARIYABAND,2011,Kharif,Mesta,1,,
Chhattisgarh,GARIYABAND,2011,Kharif,Moong(Green Gram),263,55,0.209125475
Chhattisgarh,GARIYABAND,2011,Kharif,Niger seed,22,3,0.136363636
Chhattisgarh,GARIYABAND,2011,Kharif,Other Kharif pulses,136,41,0.301470588
Chhattisgarh,GARIYABAND,2011,Kharif,Potato,2,18,9
Chhattisgarh,GARIYABAND,2011,Kharif,Ragi,460,140,0.304347826
Chhattisgarh,GARIYABAND,2011,Kharif,Rice,134895,154339,1.14414174
Chhattisgarh,GARIYABAND,2011,Kharif,Sesamum,1158,382,0.329879102
Chhattisgarh,GARIYABAND,2011,Kharif,Small millets,3511,525,0.149530048
Chhattisgarh,GARIYABAND,2011,Kharif,Soyabean,2,2,1
Chhattisgarh,GARIYABAND,2011,Kharif,Sunflower,3,2,0.666666667
Chhattisgarh,GARIYABAND,2011,Kharif,Urad,2217,694,0.313035634
Chhattisgarh,GARIYABAND,2011,Rabi,Gram,300,309,1.03
Chhattisgarh,GARIYABAND,2011,Rabi,Horse-gram,532,331,0.622180451
Chhattisgarh,GARIYABAND,2011,Rabi,Khesari,5897,2699,0.457690351
Chhattisgarh,GARIYABAND,2011,Rabi,Linseed,506,188,0.371541502
Chhattisgarh,GARIYABAND,2011,Rabi,Masoor,184,66,0.358695652
Chhattisgarh,GARIYABAND,2011,Rabi,Moong(Green Gram),2695,464,0.172170686
Chhattisgarh,GARIYABAND,2011,Rabi,Other  Rabi pulses,39,12,0.307692308
Chhattisgarh,GARIYABAND,2011,Rabi,Peas & beans (Pulses),187,66,0.352941176
Chhattisgarh,GARIYABAND,2011,Rabi,Potato,22,162,7.363636364
Chhattisgarh,GARIYABAND,2011,Rabi,Rapeseed &Mustard,300,143,0.476666667
Chhattisgarh,GARIYABAND,2011,Rabi,Urad,377,95,0.25198939
Chhattisgarh,GARIYABAND,2011,Rabi,Wheat,331,569,1.719033233
Chhattisgarh,GARIYABAND,2011,Whole Year,Banana,13,522,40.15384615
Chhattisgarh,GARIYABAND,2011,Whole Year,Coriander,54,26,0.481481481
Chhattisgarh,GARIYABAND,2011,Whole Year,Dry chillies,192,175,0.911458333
Chhattisgarh,GARIYABAND,2011,Whole Year,Garlic,5,12,2.4
Chhattisgarh,GARIYABAND,2011,Whole Year,Onion,55,237,4.309090909
Chhattisgarh,GARIYABAND,2011,Whole Year,Sannhamp,21,41,1.952380952
Chhattisgarh,GARIYABAND,2011,Whole Year,Sugarcane,29,144,4.965517241
Chhattisgarh,GARIYABAND,2011,Whole Year,Sweet potato,47,230,4.893617021
Chhattisgarh,GARIYABAND,2011,Whole Year,Turmeric,1,2,2
Chhattisgarh,GARIYABAND,2012,Kharif,Arhar/Tur,664,235,0.353915663
Chhattisgarh,GARIYABAND,2012,Kharif,Bajra,6,5,0.833333333
Chhattisgarh,GARIYABAND,2012,Kharif,Groundnut,528,553,1.047348485
Chhattisgarh,GARIYABAND,2012,Kharif,Horse-gram,611,207,0.338788871
Chhattisgarh,GARIYABAND,2012,Kharif,Jowar,87,61,0.701149425
Chhattisgarh,GARIYABAND,2012,Kharif,Maize,8314,12384,1.489535723
Chhattisgarh,GARIYABAND,2012,Kharif,Mesta,1,3,3
Chhattisgarh,GARIYABAND,2012,Kharif,Moong(Green Gram),272,72,0.264705882
Chhattisgarh,GARIYABAND,2012,Kharif,Niger seed,22,4,0.181818182
Chhattisgarh,GARIYABAND,2012,Kharif,Other Kharif pulses,136,46,0.338235294
Chhattisgarh,GARIYABAND,2012,Kharif,Potato,2,18,9
Chhattisgarh,GARIYABAND,2012,Kharif,Ragi,253,77,0.304347826
Chhattisgarh,GARIYABAND,2012,Kharif,Rice,131879,206342,1.564631215
Chhattisgarh,GARIYABAND,2012,Kharif,Sesamum,1159,296,0.25539258
Chhattisgarh,GARIYABAND,2012,Kharif,Small millets,1722,442,0.256678281
Chhattisgarh,GARIYABAND,2012,Kharif,Sunflower,3,1,0.333333333
Chhattisgarh,GARIYABAND,2012,Kharif,Urad,1707,727,0.42589338
Chhattisgarh,GARIYABAND,2012,Rabi,Gram,795,899,1.13081761
Chhattisgarh,GARIYABAND,2012,Rabi,Horse-gram,228,71,0.311403509
Chhattisgarh,GARIYABAND,2012,Rabi,Khesari,5476,2320,0.42366691
Chhattisgarh,GARIYABAND,2012,Rabi,Linseed,491,194,0.395112016
Chhattisgarh,GARIYABAND,2012,Rabi,Masoor,203,73,0.359605911
Chhattisgarh,GARIYABAND,2012,Rabi,Moong(Green Gram),3197,551,0.172349077
Chhattisgarh,GARIYABAND,2012,Rabi,Other  Rabi pulses,49,17,0.346938776
Chhattisgarh,GARIYABAND,2012,Rabi,Peas & beans (Pulses),495,177,0.357575758
Chhattisgarh,GARIYABAND,2012,Rabi,Potato,22,198,9
Chhattisgarh,GARIYABAND,2012,Rabi,Rapeseed &Mustard,301,143,0.475083056
Chhattisgarh,GARIYABAND,2012,Rabi,Urad,204,51,0.25
Chhattisgarh,GARIYABAND,2012,Rabi,Wheat,431,821,1.90487239
Chhattisgarh,GARIYABAND,2012,Whole Year,Banana,17,219,12.88235294
Chhattisgarh,GARIYABAND,2012,Whole Year,Coriander,58,25,0.431034483
Chhattisgarh,GARIYABAND,2012,Whole Year,Dry chillies,197,193,0.979695431
Chhattisgarh,GARIYABAND,2012,Whole Year,Garlic,5,13,2.6
Chhattisgarh,GARIYABAND,2012,Whole Year,Onion,56,175,3.125
Chhattisgarh,GARIYABAND,2012,Whole Year,Sannhamp,21,8,0.380952381
Chhattisgarh,GARIYABAND,2012,Whole Year,Sugarcane,122,410,3.360655738
Chhattisgarh,GARIYABAND,2012,Whole Year,Sweet potato,48,235,4.895833333
Chhattisgarh,GARIYABAND,2012,Whole Year,Turmeric,1,2,2
Chhattisgarh,GARIYABAND,2013,Kharif,Arhar/Tur,477,156,0.327044025
Chhattisgarh,GARIYABAND,2013,Kharif,Groundnut,540,660,1.222222222
Chhattisgarh,GARIYABAND,2013,Kharif,Horse-gram,371,110,0.296495957
Chhattisgarh,GARIYABAND,2013,Kharif,Jute,36,,
Chhattisgarh,GARIYABAND,2013,Kharif,Maize,10519,15934,1.514782774
Chhattisgarh,GARIYABAND,2013,Kharif,Mesta,10,25,2.5
Chhattisgarh,GARIYABAND,2013,Kharif,Moong(Green Gram),272,54,0.198529412
Chhattisgarh,GARIYABAND,2013,Kharif,Other Kharif pulses,162,60,0.37037037
Chhattisgarh,GARIYABAND,2013,Kharif,Potato,5,42,8.4
Chhattisgarh,GARIYABAND,2013,Kharif,Ragi,71,22,0.309859155
Chhattisgarh,GARIYABAND,2013,Kharif,Rice,134290,198730,1.479857026
Chhattisgarh,GARIYABAND,2013,Kharif,Sannhamp,37,11,0.297297297
Chhattisgarh,GARIYABAND,2013,Kharif,Sesamum,397,99,0.249370277
Chhattisgarh,GARIYABAND,2013,Kharif,Small millets,460,67,0.145652174
Chhattisgarh,GARIYABAND,2013,Kharif,Sunflower,3,,
Chhattisgarh,GARIYABAND,2013,Kharif,Urad,1019,332,0.325809617
Chhattisgarh,GARIYABAND,2013,Rabi,Castor seed,3,1,0.333333333
Chhattisgarh,GARIYABAND,2013,Rabi,Gram,785,560,0.713375796
Chhattisgarh,GARIYABAND,2013,Rabi,Horse-gram,193,55,0.284974093
Chhattisgarh,GARIYABAND,2013,Rabi,Khesari,5222,2603,0.49846802
Chhattisgarh,GARIYABAND,2013,Rabi,Linseed,512,167,0.326171875
Chhattisgarh,GARIYABAND,2013,Rabi,Masoor,257,75,0.291828794
Chhattisgarh,GARIYABAND,2013,Rabi,Moong(Green Gram),3120,470,0.150641026
Chhattisgarh,GARIYABAND,2013,Rabi,Other  Rabi pulses,40,55,1.375
Chhattisgarh,GARIYABAND,2013,Rabi,Peas & beans (Pulses),450,146,0.324444444
Chhattisgarh,GARIYABAND,2013,Rabi,Potato,23,151,6.565217391
Chhattisgarh,GARIYABAND,2013,Rabi,Rapeseed &Mustard,313,144,0.460063898
Chhattisgarh,GARIYABAND,2013,Rabi,Urad,206,47,0.22815534
Chhattisgarh,GARIYABAND,2013,Rabi,Wheat,508,666,1.311023622
Chhattisgarh,GARIYABAND,2013,Whole Year,Banana,20,875,43.75
Chhattisgarh,GARIYABAND,2013,Whole Year,Coriander,74,34,0.459459459
Chhattisgarh,GARIYABAND,2013,Whole Year,Dry chillies,149,135,0.906040268
Chhattisgarh,GARIYABAND,2013,Whole Year,Dry ginger,1,2,2
Chhattisgarh,GARIYABAND,2013,Whole Year,Garlic,3,8,2.666666667
Chhattisgarh,GARIYABAND,2013,Whole Year,Jowar,27,16,0.592592593
Chhattisgarh,GARIYABAND,2013,Whole Year,Onion,82,463,5.646341463
Chhattisgarh,GARIYABAND,2013,Whole Year,Sugarcane,68,239,3.514705882
Chhattisgarh,GARIYABAND,2013,Whole Year,Sweet potato,57,278,4.877192982
Chhattisgarh,GARIYABAND,2013,Whole Year,Turmeric,9,18,2
Chhattisgarh,GARIYABAND,2014,Kharif,Arhar/Tur,333,113,0.339339339
Chhattisgarh,GARIYABAND,2014,Kharif,Groundnut,500,603,1.206
Chhattisgarh,GARIYABAND,2014,Kharif,Horse-gram,238,81,0.340336134
Chhattisgarh,GARIYABAND,2014,Kharif,Jute,18,,
Chhattisgarh,GARIYABAND,2014,Kharif,Maize,9023,15314,1.69721822
Chhattisgarh,GARIYABAND,2014,Kharif,Mesta,16,38,2.375
Chhattisgarh,GARIYABAND,2014,Kharif,Moong(Green Gram),253,49,0.193675889
Chhattisgarh,GARIYABAND,2014,Kharif,Other Kharif pulses,123,46,0.37398374
Chhattisgarh,GARIYABAND,2014,Kharif,Potato,5,32,6.4
Chhattisgarh,GARIYABAND,2014,Kharif,Ragi,55,7,0.127272727
Chhattisgarh,GARIYABAND,2014,Kharif,Rice,139889,237276,1.696173395
Chhattisgarh,GARIYABAND,2014,Kharif,Sannhamp,21,7,0.333333333
Chhattisgarh,GARIYABAND,2014,Kharif,Sesamum,322,120,0.372670807
Chhattisgarh,GARIYABAND,2014,Kharif,Small millets,391,59,0.150895141
Chhattisgarh,GARIYABAND,2014,Kharif,Sunflower,3,1,0.333333333
Chhattisgarh,GARIYABAND,2014,Kharif,Urad,1839,576,0.313213703
Chhattisgarh,GARIYABAND,2014,Rabi,Gram,516,821,1.591085271
Chhattisgarh,GARIYABAND,2014,Rabi,Horse-gram,340,96,0.282352941
Chhattisgarh,GARIYABAND,2014,Rabi,Khesari,4915,3767,0.766429298
Chhattisgarh,GARIYABAND,2014,Rabi,Linseed,375,176,0.469333333
Chhattisgarh,GARIYABAND,2014,Rabi,Masoor,148,48,0.324324324
Chhattisgarh,GARIYABAND,2014,Rabi,Moong(Green Gram),4118,645,0.156629432
Chhattisgarh,GARIYABAND,2014,Rabi,Other  Rabi pulses,37,14,0.378378378
Chhattisgarh,GARIYABAND,2014,Rabi,Peas & beans (Pulses),261,119,0.455938697
Chhattisgarh,GARIYABAND,2014,Rabi,Potato,13,141,10.84615385
Chhattisgarh,GARIYABAND,2014,Rabi,Rapeseed &Mustard,214,87,0.406542056
Chhattisgarh,GARIYABAND,2014,Rabi,Urad,186,43,0.231182796
Chhattisgarh,GARIYABAND,2014,Rabi,Wheat,534,850,1.5917603
Chhattisgarh,GARIYABAND,2014,Whole Year,Banana,8,350,43.75
Chhattisgarh,GARIYABAND,2014,Whole Year,Coriander,62,25,0.403225806
Chhattisgarh,GARIYABAND,2014,Whole Year,Dry chillies,110,50,0.454545455
Chhattisgarh,GARIYABAND,2014,Whole Year,Dry ginger,1,2,2
Chhattisgarh,GARIYABAND,2014,Whole Year,Garlic,3,8,2.666666667
Chhattisgarh,GARIYABAND,2014,Whole Year,Jowar,5,4,0.8
Chhattisgarh,GARIYABAND,2014,Whole Year,Onion,79,682,8.632911392
Chhattisgarh,GARIYABAND,2014,Whole Year,Sugarcane,70,274,3.914285714
Chhattisgarh,GARIYABAND,2014,Whole Year,Sweet potato,52,300,5.769230769
Chhattisgarh,GARIYABAND,2014,Whole Year,Turmeric,10,15,1.5
Chhattisgarh,JANJGIR-CHAMPA,2000,Kharif,Arhar/Tur,855,435,0.50877193
Chhattisgarh,JANJGIR-CHAMPA,2000,Kharif,Castor seed,65,16,0.246153846
Chhattisgarh,JANJGIR-CHAMPA,2000,Kharif,Groundnut,1575,1675,1.063492063
Chhattisgarh,JANJGIR-CHAMPA,2000,Kharif,Horse-gram,240,78,0.325
Chhattisgarh,JANJGIR-CHAMPA,2000,Kharif,Maize,383,486,1.268929504
Chhattisgarh,JANJGIR-CHAMPA,2000,Kharif,Mesta,17,31,1.823529412
Chhattisgarh,JANJGIR-CHAMPA,2000,Kharif,Moong(Green Gram),112,18,0.160714286
Chhattisgarh,JANJGIR-CHAMPA,2000,Kharif,Other Kharif pulses,217,94,0.433179724
Chhattisgarh,JANJGIR-CHAMPA,2000,Kharif,Rice,254692,167830,0.658952774
Chhattisgarh,JANJGIR-CHAMPA,2000,Kharif,Sesamum,493,82,0.1663286
Chhattisgarh,JANJGIR-CHAMPA,2000,Kharif,Small millets,67,14,0.208955224
Chhattisgarh,JANJGIR-CHAMPA,2000,Kharif,Soyabean,6,4,0.666666667
Chhattisgarh,JANJGIR-CHAMPA,2000,Kharif,Sunflower,47,19,0.404255319
Chhattisgarh,JANJGIR-CHAMPA,2000,Kharif,Urad,1753,419,0.239018825
Chhattisgarh,JANJGIR-CHAMPA,2000,Rabi,Gram,121,76,0.628099174
Chhattisgarh,JANJGIR-CHAMPA,2000,Rabi,Khesari,21506,11998,0.557890821
Chhattisgarh,JANJGIR-CHAMPA,2000,Rabi,Linseed,2598,607,0.233641263
Chhattisgarh,JANJGIR-CHAMPA,2000,Rabi,Masoor,37,10,0.27027027
Chhattisgarh,JANJGIR-CHAMPA,2000,Rabi,Moong(Green Gram),184,40,0.217391304
Chhattisgarh,JANJGIR-CHAMPA,2000,Rabi,Other  Rabi pulses,153,60,0.392156863
Chhattisgarh,JANJGIR-CHAMPA,2000,Rabi,Peas & beans (Pulses),124,44,0.35483871
Chhattisgarh,JANJGIR-CHAMPA,2000,Rabi,Rapeseed &Mustard,247,78,0.315789474
Chhattisgarh,JANJGIR-CHAMPA,2000,Rabi,Safflower,21,4,0.19047619
Chhattisgarh,JANJGIR-CHAMPA,2000,Rabi,Urad,105,22,0.20952381
Chhattisgarh,JANJGIR-CHAMPA,2000,Rabi,Wheat,1939,2990,1.542031975
Chhattisgarh,JANJGIR-CHAMPA,2000,Whole Year,Banana,2,72,36
Chhattisgarh,JANJGIR-CHAMPA,2000,Whole Year,Coriander,48,11,0.229166667
Chhattisgarh,JANJGIR-CHAMPA,2000,Whole Year,Dry chillies,496,103,0.20766129
Chhattisgarh,JANJGIR-CHAMPA,2000,Whole Year,Dry ginger,1,1,1
Chhattisgarh,JANJGIR-CHAMPA,2000,Whole Year,Garlic,22,77,3.5
Chhattisgarh,JANJGIR-CHAMPA,2000,Whole Year,Onion,108,969,8.972222222
Chhattisgarh,JANJGIR-CHAMPA,2000,Whole Year,Potato,225,1632,7.253333333
Chhattisgarh,JANJGIR-CHAMPA,2000,Whole Year,Sannhamp,62,18,0.290322581
Chhattisgarh,JANJGIR-CHAMPA,2000,Whole Year,Sugarcane,50,141,2.82
Chhattisgarh,JANJGIR-CHAMPA,2000,Whole Year,Sweet potato,73,474,6.493150685
Chhattisgarh,JANJGIR-CHAMPA,2000,Whole Year,Turmeric,3,3,1
Chhattisgarh,JANJGIR-CHAMPA,2001,Kharif,Arhar/Tur,947,391,0.412882788
Chhattisgarh,JANJGIR-CHAMPA,2001,Kharif,Castor seed,20,5,0.25
Chhattisgarh,JANJGIR-CHAMPA,2001,Kharif,Groundnut,1443,1446,1.002079002
Chhattisgarh,JANJGIR-CHAMPA,2001,Kharif,Horse-gram,225,79,0.351111111
Chhattisgarh,JANJGIR-CHAMPA,2001,Kharif,Jowar,3,2,0.666666667
Chhattisgarh,JANJGIR-CHAMPA,2001,Kharif,Maize,379,286,0.754617414
Chhattisgarh,JANJGIR-CHAMPA,2001,Kharif,Mesta,7,12,1.714285714
Chhattisgarh,JANJGIR-CHAMPA,2001,Kharif,Moong(Green Gram),111,27,0.243243243
Chhattisgarh,JANJGIR-CHAMPA,2001,Kharif,Other Kharif pulses,251,115,0.458167331
Chhattisgarh,JANJGIR-CHAMPA,2001,Kharif,Rice,254981,386700,1.516583589
Chhattisgarh,JANJGIR-CHAMPA,2001,Kharif,Sesamum,556,121,0.217625899
Chhattisgarh,JANJGIR-CHAMPA,2001,Kharif,Small millets,48,14,0.291666667
Chhattisgarh,JANJGIR-CHAMPA,2001,Kharif,Soyabean,12,12,1
Chhattisgarh,JANJGIR-CHAMPA,2001,Kharif,Sunflower,132,58,0.439393939
Chhattisgarh,JANJGIR-CHAMPA,2001,Kharif,Urad,1654,427,0.258162031
Chhattisgarh,JANJGIR-CHAMPA,2001,Rabi,Gram,129,85,0.658914729
Chhattisgarh,JANJGIR-CHAMPA,2001,Rabi,Khesari,22575,15698,0.695370986
Chhattisgarh,JANJGIR-CHAMPA,2001,Rabi,Linseed,2620,657,0.250763359
Chhattisgarh,JANJGIR-CHAMPA,2001,Rabi,Masoor,20,7,0.35
Chhattisgarh,JANJGIR-CHAMPA,2001,Rabi,Moong(Green Gram),201,48,0.23880597
Chhattisgarh,JANJGIR-CHAMPA,2001,Rabi,Other  Rabi pulses,126,55,0.436507937
Chhattisgarh,JANJGIR-CHAMPA,2001,Rabi,Peas & beans (Pulses),215,69,0.320930233
Chhattisgarh,JANJGIR-CHAMPA,2001,Rabi,Rapeseed &Mustard,340,109,0.320588235
Chhattisgarh,JANJGIR-CHAMPA,2001,Rabi,Urad,113,26,0.230088496
Chhattisgarh,JANJGIR-CHAMPA,2001,Rabi,Wheat,3064,3970,1.295691906
Chhattisgarh,JANJGIR-CHAMPA,2001,Whole Year,Banana,1,34,34
Chhattisgarh,JANJGIR-CHAMPA,2001,Whole Year,Coriander,31,7,0.225806452
Chhattisgarh,JANJGIR-CHAMPA,2001,Whole Year,Dry chillies,510,255,0.5
Chhattisgarh,JANJGIR-CHAMPA,2001,Whole Year,Dry ginger,2,2,1
Chhattisgarh,JANJGIR-CHAMPA,2001,Whole Year,Garlic,22,79,3.590909091
Chhattisgarh,JANJGIR-CHAMPA,2001,Whole Year,Onion,80,813,10.1625
Chhattisgarh,JANJGIR-CHAMPA,2001,Whole Year,Potato,258,1857,7.197674419
Chhattisgarh,JANJGIR-CHAMPA,2001,Whole Year,Sannhamp,72,26,0.361111111
Chhattisgarh,JANJGIR-CHAMPA,2001,Whole Year,Sugarcane,41,128,3.12195122
Chhattisgarh,JANJGIR-CHAMPA,2001,Whole Year,Sweet potato,48,309,6.4375
Chhattisgarh,JANJGIR-CHAMPA,2001,Whole Year,Turmeric,6,6,1
Chhattisgarh,JANJGIR-CHAMPA,2002,Kharif,Arhar/Tur,1389,642,0.462203024
Chhattisgarh,JANJGIR-CHAMPA,2002,Kharif,Castor seed,17,4,0.235294118
Chhattisgarh,JANJGIR-CHAMPA,2002,Kharif,Groundnut,1593,1939,1.217200251
Chhattisgarh,JANJGIR-CHAMPA,2002,Kharif,Horse-gram,221,66,0.298642534
Chhattisgarh,JANJGIR-CHAMPA,2002,Kharif,Maize,379,619,1.633245383
Chhattisgarh,JANJGIR-CHAMPA,2002,Kharif,Mesta,10,17,1.7
Chhattisgarh,JANJGIR-CHAMPA,2002,Kharif,Moong(Green Gram),322,74,0.229813665
Chhattisgarh,JANJGIR-CHAMPA,2002,Kharif,Other Kharif pulses,195,94,0.482051282
Chhattisgarh,JANJGIR-CHAMPA,2002,Kharif,Rice,252737,299041,1.183210215
Chhattisgarh,JANJGIR-CHAMPA,2002,Kharif,Sesamum,905,239,0.264088398
Chhattisgarh,JANJGIR-CHAMPA,2002,Kharif,Small millets,32,8,0.25
Chhattisgarh,JANJGIR-CHAMPA,2002,Kharif,Soyabean,23,19,0.826086957
Chhattisgarh,JANJGIR-CHAMPA,2002,Kharif,Sunflower,137,46,0.335766423
Chhattisgarh,JANJGIR-CHAMPA,2002,Kharif,Urad,2189,505,0.230698949
Chhattisgarh,JANJGIR-CHAMPA,2002,Rabi,Gram,231,154,0.666666667
Chhattisgarh,JANJGIR-CHAMPA,2002,Rabi,Horse-gram,16,5,0.3125
Chhattisgarh,JANJGIR-CHAMPA,2002,Rabi,Khesari,22678,13690,0.603668754
Chhattisgarh,JANJGIR-CHAMPA,2002,Rabi,Linseed,2109,601,0.28496918
Chhattisgarh,JANJGIR-CHAMPA,2002,Rabi,Masoor,22,7,0.318181818
Chhattisgarh,JANJGIR-CHAMPA,2002,Rabi,Moong(Green Gram),200,47,0.235
Chhattisgarh,JANJGIR-CHAMPA,2002,Rabi,Other  Rabi pulses,94,41,0.436170213
Chhattisgarh,JANJGIR-CHAMPA,2002,Rabi,Peas & beans (Pulses),263,87,0.330798479
Chhattisgarh,JANJGIR-CHAMPA,2002,Rabi,Rapeseed &Mustard,659,167,0.253414264
Chhattisgarh,JANJGIR-CHAMPA,2002,Rabi,Safflower,54,10,0.185185185
Chhattisgarh,JANJGIR-CHAMPA,2002,Rabi,Urad,127,28,0.220472441
Chhattisgarh,JANJGIR-CHAMPA,2002,Rabi,Wheat,4537,5584,1.230769231
Chhattisgarh,JANJGIR-CHAMPA,2002,Whole Year,Banana,9,306,34
Chhattisgarh,JANJGIR-CHAMPA,2002,Whole Year,Coriander,100,27,0.27
Chhattisgarh,JANJGIR-CHAMPA,2002,Whole Year,Dry chillies,498,376,0.75502008
Chhattisgarh,JANJGIR-CHAMPA,2002,Whole Year,Dry ginger,4,4,1
Chhattisgarh,JANJGIR-CHAMPA,2002,Whole Year,Garlic,21,75,3.571428571
Chhattisgarh,JANJGIR-CHAMPA,2002,Whole Year,Onion,313,3013,9.626198083
Chhattisgarh,JANJGIR-CHAMPA,2002,Whole Year,Potato,258,1651,6.399224806
Chhattisgarh,JANJGIR-CHAMPA,2002,Whole Year,Sannhamp,84,27,0.321428571
Chhattisgarh,JANJGIR-CHAMPA,2002,Whole Year,Sugarcane,41,126,3.073170732
Chhattisgarh,JANJGIR-CHAMPA,2002,Whole Year,Sweet potato,47,304,6.468085106
Chhattisgarh,JANJGIR-CHAMPA,2002,Whole Year,Turmeric,5,5,1
Chhattisgarh,JANJGIR-CHAMPA,2003,Kharif,Arhar/Tur,1331,909,0.682945154
Chhattisgarh,JANJGIR-CHAMPA,2003,Kharif,Castor seed,17,5,0.294117647
Chhattisgarh,JANJGIR-CHAMPA,2003,Kharif,Groundnut,1604,1915,1.193890274
Chhattisgarh,JANJGIR-CHAMPA,2003,Kharif,Horse-gram,236,83,0.351694915
Chhattisgarh,JANJGIR-CHAMPA,2003,Kharif,Maize,413,426,1.031476998
Chhattisgarh,JANJGIR-CHAMPA,2003,Kharif,Mesta,12,30,2.5
Chhattisgarh,JANJGIR-CHAMPA,2003,Kharif,Moong(Green Gram),281,73,0.259786477
Chhattisgarh,JANJGIR-CHAMPA,2003,Kharif,Other Kharif pulses,216,91,0.421296296
Chhattisgarh,JANJGIR-CHAMPA,2003,Kharif,Rice,253178,341989,1.350784823
Chhattisgarh,JANJGIR-CHAMPA,2003,Kharif,Sesamum,855,245,0.286549708
Chhattisgarh,JANJGIR-CHAMPA,2003,Kharif,Small millets,41,15,0.365853659
Chhattisgarh,JANJGIR-CHAMPA,2003,Kharif,Soyabean,26,28,1.076923077
Chhattisgarh,JANJGIR-CHAMPA,2003,Kharif,Sunflower,157,63,0.401273885
Chhattisgarh,JANJGIR-CHAMPA,2003,Kharif,Urad,2125,549,0.258352941
Chhattisgarh,JANJGIR-CHAMPA,2003,Rabi,Gram,229,213,0.930131004
Chhattisgarh,JANJGIR-CHAMPA,2003,Rabi,Horse-gram,71,27,0.38028169
Chhattisgarh,JANJGIR-CHAMPA,2003,Rabi,Khesari,27353,19992,0.730888751
Chhattisgarh,JANJGIR-CHAMPA,2003,Rabi,Linseed,2775,853,0.307387387
Chhattisgarh,JANJGIR-CHAMPA,2003,Rabi,Masoor,36,11,0.305555556
Chhattisgarh,JANJGIR-CHAMPA,2003,Rabi,Moong(Green Gram),257,61,0.237354086
Chhattisgarh,JANJGIR-CHAMPA,2003,Rabi,Other  Rabi pulses,78,30,0.384615385
Chhattisgarh,JANJGIR-CHAMPA,2003,Rabi,Peas & beans (Pulses),364,131,0.35989011
Chhattisgarh,JANJGIR-CHAMPA,2003,Rabi,Rapeseed &Mustard,1813,655,0.361279647
Chhattisgarh,JANJGIR-CHAMPA,2003,Rabi,Safflower,28,7,0.25
Chhattisgarh,JANJGIR-CHAMPA,2003,Rabi,Urad,143,34,0.237762238
Chhattisgarh,JANJGIR-CHAMPA,2003,Rabi,Wheat,4335,5376,1.240138408
Chhattisgarh,JANJGIR-CHAMPA,2003,Whole Year,Banana,4,136,34
Chhattisgarh,JANJGIR-CHAMPA,2003,Whole Year,Coriander,75,20,0.266666667
Chhattisgarh,JANJGIR-CHAMPA,2003,Whole Year,Dry chillies,463,292,0.630669546
Chhattisgarh,JANJGIR-CHAMPA,2003,Whole Year,Dry ginger,12,14,1.166666667
Chhattisgarh,JANJGIR-CHAMPA,2003,Whole Year,Garlic,26,98,3.769230769
Chhattisgarh,JANJGIR-CHAMPA,2003,Whole Year,Onion,299,2638,8.822742475
Chhattisgarh,JANJGIR-CHAMPA,2003,Whole Year,Potato,248,1262,5.088709677
Chhattisgarh,JANJGIR-CHAMPA,2003,Whole Year,Sannhamp,74,28,0.378378378
Chhattisgarh,JANJGIR-CHAMPA,2003,Whole Year,Sugarcane,40,123,3.075
Chhattisgarh,JANJGIR-CHAMPA,2003,Whole Year,Sweet potato,36,233,6.472222222
Chhattisgarh,JANJGIR-CHAMPA,2003,Whole Year,Turmeric,3,3,1
Chhattisgarh,JANJGIR-CHAMPA,2004,Kharif,Arhar/Tur,1323,779,0.588813303
Chhattisgarh,JANJGIR-CHAMPA,2004,Kharif,Castor seed,34,10,0.294117647
Chhattisgarh,JANJGIR-CHAMPA,2004,Kharif,Groundnut,1444,1874,1.297783934
Chhattisgarh,JANJGIR-CHAMPA,2004,Kharif,Horse-gram,263,86,0.326996198
Chhattisgarh,JANJGIR-CHAMPA,2004,Kharif,Jowar,1,1,1
Chhattisgarh,JANJGIR-CHAMPA,2004,Kharif,Maize,380,500,1.315789474
Chhattisgarh,JANJGIR-CHAMPA,2004,Kharif,Mesta,23,40,1.739130435
Chhattisgarh,JANJGIR-CHAMPA,2004,Kharif,Moong(Green Gram),240,59,0.245833333
Chhattisgarh,JANJGIR-CHAMPA,2004,Kharif,Other Kharif pulses,236,91,0.38559322
Chhattisgarh,JANJGIR-CHAMPA,2004,Kharif,Rice,253093,314469,1.242503744
Chhattisgarh,JANJGIR-CHAMPA,2004,Kharif,Sesamum,825,247,0.299393939
Chhattisgarh,JANJGIR-CHAMPA,2004,Kharif,Small millets,30,8,0.266666667
Chhattisgarh,JANJGIR-CHAMPA,2004,Kharif,Soyabean,40,48,1.2
Chhattisgarh,JANJGIR-CHAMPA,2004,Kharif,Sunflower,216,101,0.467592593
Chhattisgarh,JANJGIR-CHAMPA,2004,Kharif,Urad,1725,412,0.23884058
Chhattisgarh,JANJGIR-CHAMPA,2004,Rabi,Gram,172,89,0.51744186
Chhattisgarh,JANJGIR-CHAMPA,2004,Rabi,Khesari,28085,14453,0.514616343
Chhattisgarh,JANJGIR-CHAMPA,2004,Rabi,Linseed,2468,601,0.243517018
Chhattisgarh,JANJGIR-CHAMPA,2004,Rabi,Masoor,54,17,0.314814815
Chhattisgarh,JANJGIR-CHAMPA,2004,Rabi,Moong(Green Gram),201,48,0.23880597
Chhattisgarh,JANJGIR-CHAMPA,2004,Rabi,Other  Rabi pulses,49,30,0.612244898
Chhattisgarh,JANJGIR-CHAMPA,2004,Rabi,Peas & beans (Pulses),333,110,0.33033033
Chhattisgarh,JANJGIR-CHAMPA,2004,Rabi,Rapeseed &Mustard,1841,611,0.331884845
Chhattisgarh,JANJGIR-CHAMPA,2004,Rabi,Safflower,26,6,0.230769231
Chhattisgarh,JANJGIR-CHAMPA,2004,Rabi,Urad,127,30,0.236220472
Chhattisgarh,JANJGIR-CHAMPA,2004,Rabi,Wheat,3635,3363,0.925171939
Chhattisgarh,JANJGIR-CHAMPA,2004,Whole Year,Banana,7,238,34
Chhattisgarh,JANJGIR-CHAMPA,2004,Whole Year,Coriander,110,28,0.254545455
Chhattisgarh,JANJGIR-CHAMPA,2004,Whole Year,Dry chillies,549,276,0.50273224
Chhattisgarh,JANJGIR-CHAMPA,2004,Whole Year,Dry ginger,3,3,1
Chhattisgarh,JANJGIR-CHAMPA,2004,Whole Year,Garlic,18,63,3.5
Chhattisgarh,JANJGIR-CHAMPA,2004,Whole Year,Onion,337,2366,7.020771513
Chhattisgarh,JANJGIR-CHAMPA,2004,Whole Year,Potato,277,1432,5.16967509
Chhattisgarh,JANJGIR-CHAMPA,2004,Whole Year,Sannhamp,74,25,0.337837838
Chhattisgarh,JANJGIR-CHAMPA,2004,Whole Year,Sugarcane,17,61,3.588235294
Chhattisgarh,JANJGIR-CHAMPA,2004,Whole Year,Sweet potato,40,260,6.5
Chhattisgarh,JANJGIR-CHAMPA,2004,Whole Year,Turmeric,6,5,0.833333333
Chhattisgarh,JANJGIR-CHAMPA,2005,Kharif,Arhar/Tur,1289,640,0.496508922
Chhattisgarh,JANJGIR-CHAMPA,2005,Kharif,Castor seed,14,4,0.285714286
Chhattisgarh,JANJGIR-CHAMPA,2005,Kharif,Groundnut,1245,1553,1.247389558
Chhattisgarh,JANJGIR-CHAMPA,2005,Kharif,Horse-gram,204,633,3.102941176
Chhattisgarh,JANJGIR-CHAMPA,2005,Kharif,Maize,419,503,1.200477327
Chhattisgarh,JANJGIR-CHAMPA,2005,Kharif,Mesta,24,50,2.083333333
Chhattisgarh,JANJGIR-CHAMPA,2005,Kharif,Moong(Green Gram),228,53,0.23245614
Chhattisgarh,JANJGIR-CHAMPA,2005,Kharif,Other Kharif pulses,223,107,0.479820628
Chhattisgarh,JANJGIR-CHAMPA,2005,Kharif,Rice,253737,452873,1.784812621
Chhattisgarh,JANJGIR-CHAMPA,2005,Kharif,Sesamum,768,221,0.287760417
Chhattisgarh,JANJGIR-CHAMPA,2005,Kharif,Small millets,30,7,0.233333333
Chhattisgarh,JANJGIR-CHAMPA,2005,Kharif,Soyabean,29,30,1.034482759
Chhattisgarh,JANJGIR-CHAMPA,2005,Kharif,Sunflower,398,199,0.5
Chhattisgarh,JANJGIR-CHAMPA,2005,Kharif,Urad,1788,427,0.238814318
Chhattisgarh,JANJGIR-CHAMPA,2005,Rabi,Gram,299,207,0.692307692
Chhattisgarh,JANJGIR-CHAMPA,2005,Rabi,Horse-gram,47,15,0.319148936
Chhattisgarh,JANJGIR-CHAMPA,2005,Rabi,Khesari,28008,15417,0.550449871
Chhattisgarh,JANJGIR-CHAMPA,2005,Rabi,Linseed,2627,699,0.266082984
Chhattisgarh,JANJGIR-CHAMPA,2005,Rabi,Masoor,44,14,0.318181818
Chhattisgarh,JANJGIR-CHAMPA,2005,Rabi,Moong(Green Gram),124,29,0.233870968
Chhattisgarh,JANJGIR-CHAMPA,2005,Rabi,Other  Rabi pulses,263,62,0.235741445
Chhattisgarh,JANJGIR-CHAMPA,2005,Rabi,Peas & beans (Pulses),326,128,0.392638037
Chhattisgarh,JANJGIR-CHAMPA,2005,Rabi,Rapeseed &Mustard,2550,765,0.3
Chhattisgarh,JANJGIR-CHAMPA,2005,Rabi,Safflower,34,8,0.235294118
Chhattisgarh,JANJGIR-CHAMPA,2005,Rabi,Urad,102,29,0.284313725
Chhattisgarh,JANJGIR-CHAMPA,2005,Rabi,Wheat,2918,3010,1.031528444
Chhattisgarh,JANJGIR-CHAMPA,2005,Whole Year,Banana,10,341,34.1
Chhattisgarh,JANJGIR-CHAMPA,2005,Whole Year,Coriander,58,15,0.25862069
Chhattisgarh,JANJGIR-CHAMPA,2005,Whole Year,Dry chillies,546,127,0.232600733
Chhattisgarh,JANJGIR-CHAMPA,2005,Whole Year,Dry ginger,7,7,1
Chhattisgarh,JANJGIR-CHAMPA,2005,Whole Year,Garlic,16,54,3.375
Chhattisgarh,JANJGIR-CHAMPA,2005,Whole Year,Onion,369,2353,6.376693767
Chhattisgarh,JANJGIR-CHAMPA,2005,Whole Year,Potato,267,1223,4.580524345
Chhattisgarh,JANJGIR-CHAMPA,2005,Whole Year,Sannhamp,72,27,0.375
Chhattisgarh,JANJGIR-CHAMPA,2005,Whole Year,Sugarcane,66,203,3.075757576
Chhattisgarh,JANJGIR-CHAMPA,2005,Whole Year,Sweet potato,28,182,6.5
Chhattisgarh,JANJGIR-CHAMPA,2005,Whole Year,Turmeric,7,6,0.857142857
Chhattisgarh,JANJGIR-CHAMPA,2006,Kharif,Arhar/Tur,1256,580,0.461783439
Chhattisgarh,JANJGIR-CHAMPA,2006,Kharif,Castor seed,17,5,0.294117647
Chhattisgarh,JANJGIR-CHAMPA,2006,Kharif,Groundnut,1118,1408,1.259391771
Chhattisgarh,JANJGIR-CHAMPA,2006,Kharif,Horse-gram,171,51,0.298245614
Chhattisgarh,JANJGIR-CHAMPA,2006,Kharif,Maize,431,567,1.315545244
Chhattisgarh,JANJGIR-CHAMPA,2006,Kharif,Mesta,28,60,2.142857143
Chhattisgarh,JANJGIR-CHAMPA,2006,Kharif,Moong(Green Gram),244,53,0.217213115
Chhattisgarh,JANJGIR-CHAMPA,2006,Kharif,Other Kharif pulses,233,110,0.472103004
Chhattisgarh,JANJGIR-CHAMPA,2006,Kharif,Rice,278916,528694,1.895531271
Chhattisgarh,JANJGIR-CHAMPA,2006,Kharif,Sesamum,829,247,0.297949337
Chhattisgarh,JANJGIR-CHAMPA,2006,Kharif,Small millets,27,7,0.259259259
Chhattisgarh,JANJGIR-CHAMPA,2006,Kharif,Soyabean,27,32,1.185185185
Chhattisgarh,JANJGIR-CHAMPA,2006,Kharif,Sunflower,450,213,0.473333333
Chhattisgarh,JANJGIR-CHAMPA,2006,Kharif,Urad,1778,309,0.173790776
Chhattisgarh,JANJGIR-CHAMPA,2006,Rabi,Gram,216,194,0.898148148
Chhattisgarh,JANJGIR-CHAMPA,2006,Rabi,Horse-gram,51,17,0.333333333
Chhattisgarh,JANJGIR-CHAMPA,2006,Rabi,Jute,13,,
Chhattisgarh,JANJGIR-CHAMPA,2006,Rabi,Khesari,22209,14932,0.672340042
Chhattisgarh,JANJGIR-CHAMPA,2006,Rabi,Linseed,2739,699,0.255202629
Chhattisgarh,JANJGIR-CHAMPA,2006,Rabi,Masoor,33,11,0.333333333
Chhattisgarh,JANJGIR-CHAMPA,2006,Rabi,Moong(Green Gram),130,31,0.238461538
Chhattisgarh,JANJGIR-CHAMPA,2006,Rabi,Other  Rabi pulses,178,62,0.348314607
Chhattisgarh,JANJGIR-CHAMPA,2006,Rabi,Peas & beans (Pulses),276,100,0.362318841
Chhattisgarh,JANJGIR-CHAMPA,2006,Rabi,Potato,274,1092,3.98540146
Chhattisgarh,JANJGIR-CHAMPA,2006,Rabi,Rapeseed &Mustard,1429,552,0.386284115
Chhattisgarh,JANJGIR-CHAMPA,2006,Rabi,Safflower,44,11,0.25
Chhattisgarh,JANJGIR-CHAMPA,2006,Rabi,Urad,103,24,0.233009709
Chhattisgarh,JANJGIR-CHAMPA,2006,Rabi,Wheat,2565,2954,1.15165692
Chhattisgarh,JANJGIR-CHAMPA,2006,Whole Year,Banana,1,37,37
Chhattisgarh,JANJGIR-CHAMPA,2006,Whole Year,Coriander,11,3,0.272727273
Chhattisgarh,JANJGIR-CHAMPA,2006,Whole Year,Dry chillies,509,173,0.339882122
Chhattisgarh,JANJGIR-CHAMPA,2006,Whole Year,Dry ginger,6,8,1.333333333
Chhattisgarh,JANJGIR-CHAMPA,2006,Whole Year,Garlic,20,71,3.55
Chhattisgarh,JANJGIR-CHAMPA,2006,Whole Year,Onion,364,1928,5.296703297
Chhattisgarh,JANJGIR-CHAMPA,2006,Whole Year,Sannhamp,66,21,0.318181818
Chhattisgarh,JANJGIR-CHAMPA,2006,Whole Year,Sugarcane,53,172,3.245283019
Chhattisgarh,JANJGIR-CHAMPA,2006,Whole Year,Sweet potato,30,194,6.466666667
Chhattisgarh,JANJGIR-CHAMPA,2006,Whole Year,Turmeric,10,8,0.8
Chhattisgarh,JANJGIR-CHAMPA,2007,Kharif,Arhar/Tur,1179,695,0.589482612
Chhattisgarh,JANJGIR-CHAMPA,2007,Kharif,Castor seed,20,6,0.3
Chhattisgarh,JANJGIR-CHAMPA,2007,Kharif,Groundnut,1088,1405,1.291360294
Chhattisgarh,JANJGIR-CHAMPA,2007,Kharif,Horse-gram,193,68,0.352331606
Chhattisgarh,JANJGIR-CHAMPA,2007,Kharif,Jowar,2,1,0.5
Chhattisgarh,JANJGIR-CHAMPA,2007,Kharif,Maize,444,643,1.448198198
Chhattisgarh,JANJGIR-CHAMPA,2007,Kharif,Mesta,21,45,2.142857143
Chhattisgarh,JANJGIR-CHAMPA,2007,Kharif,Moong(Green Gram),255,66,0.258823529
Chhattisgarh,JANJGIR-CHAMPA,2007,Kharif,Niger seed,87,21,0.24137931
Chhattisgarh,JANJGIR-CHAMPA,2007,Kharif,Other Kharif pulses,269,107,0.397769517
Chhattisgarh,JANJGIR-CHAMPA,2007,Kharif,Potato,17,143,8.411764706
Chhattisgarh,JANJGIR-CHAMPA,2007,Kharif,Rice,254239,539486,2.121963979
Chhattisgarh,JANJGIR-CHAMPA,2007,Kharif,Sesamum,804,256,0.31840796
Chhattisgarh,JANJGIR-CHAMPA,2007,Kharif,Small millets,25,9,0.36
Chhattisgarh,JANJGIR-CHAMPA,2007,Kharif,Soyabean,39,55,1.41025641
Chhattisgarh,JANJGIR-CHAMPA,2007,Kharif,Sunflower,460,184,0.4
Chhattisgarh,JANJGIR-CHAMPA,2007,Kharif,Urad,1645,425,0.258358663
Chhattisgarh,JANJGIR-CHAMPA,2007,Rabi,Gram,227,199,0.876651982
Chhattisgarh,JANJGIR-CHAMPA,2007,Rabi,Horse-gram,41,13,0.317073171
Chhattisgarh,JANJGIR-CHAMPA,2007,Rabi,Khesari,25766,18478,0.717146627
Chhattisgarh,JANJGIR-CHAMPA,2007,Rabi,Linseed,3085,994,0.322204214
Chhattisgarh,JANJGIR-CHAMPA,2007,Rabi,Masoor,21,7,0.333333333
Chhattisgarh,JANJGIR-CHAMPA,2007,Rabi,Moong(Green Gram),135,34,0.251851852
Chhattisgarh,JANJGIR-CHAMPA,2007,Rabi,Other  Rabi pulses,152,28,0.184210526
Chhattisgarh,JANJGIR-CHAMPA,2007,Rabi,Peas & beans (Pulses),222,82,0.369369369
Chhattisgarh,JANJGIR-CHAMPA,2007,Rabi,Potato,305,1513,4.960655738
Chhattisgarh,JANJGIR-CHAMPA,2007,Rabi,Rapeseed &Mustard,1595,607,0.380564263
Chhattisgarh,JANJGIR-CHAMPA,2007,Rabi,Safflower,37,8,0.216216216
Chhattisgarh,JANJGIR-CHAMPA,2007,Rabi,Urad,105,27,0.257142857
Chhattisgarh,JANJGIR-CHAMPA,2007,Rabi,Wheat,2783,3660,1.31512756
Chhattisgarh,JANJGIR-CHAMPA,2007,Whole Year,Banana,10,341,34.1
Chhattisgarh,JANJGIR-CHAMPA,2007,Whole Year,Coriander,13,3,0.230769231
Chhattisgarh,JANJGIR-CHAMPA,2007,Whole Year,Dry chillies,401,250,0.623441397
Chhattisgarh,JANJGIR-CHAMPA,2007,Whole Year,Dry ginger,6,8,1.333333333
Chhattisgarh,JANJGIR-CHAMPA,2007,Whole Year,Garlic,18,62,3.444444444
Chhattisgarh,JANJGIR-CHAMPA,2007,Whole Year,Onion,388,2020,5.206185567
Chhattisgarh,JANJGIR-CHAMPA,2007,Whole Year,Sannhamp,58,21,0.362068966
Chhattisgarh,JANJGIR-CHAMPA,2007,Whole Year,Sugarcane,22,70,3.181818182
Chhattisgarh,JANJGIR-CHAMPA,2007,Whole Year,Sweet potato,23,158,6.869565217
Chhattisgarh,JANJGIR-CHAMPA,2007,Whole Year,Turmeric,7,7,1
Chhattisgarh,JANJGIR-CHAMPA,2008,Kharif,Arhar/Tur,1231,761,0.618196588
Chhattisgarh,JANJGIR-CHAMPA,2008,Kharif,Castor seed,19,6,0.315789474
Chhattisgarh,JANJGIR-CHAMPA,2008,Kharif,Groundnut,1089,1399,1.28466483
Chhattisgarh,JANJGIR-CHAMPA,2008,Kharif,Horse-gram,195,63,0.323076923
Chhattisgarh,JANJGIR-CHAMPA,2008,Kharif,Jowar,1,1,1
Chhattisgarh,JANJGIR-CHAMPA,2008,Kharif,Maize,433,574,1.325635104
Chhattisgarh,JANJGIR-CHAMPA,2008,Kharif,Moong(Green Gram),244,58,0.237704918
Chhattisgarh,JANJGIR-CHAMPA,2008,Kharif,Other Kharif pulses,235,104,0.442553191
Chhattisgarh,JANJGIR-CHAMPA,2008,Kharif,Potato,17,,
Chhattisgarh,JANJGIR-CHAMPA,2008,Kharif,Rice,288940,484450,1.67664567
Chhattisgarh,JANJGIR-CHAMPA,2008,Kharif,Sesamum,772,202,0.261658031
Chhattisgarh,JANJGIR-CHAMPA,2008,Kharif,Small millets,18,5,0.277777778
Chhattisgarh,JANJGIR-CHAMPA,2008,Kharif,Soyabean,33,45,1.363636364
Chhattisgarh,JANJGIR-CHAMPA,2008,Kharif,Sunflower,364,168,0.461538462
Chhattisgarh,JANJGIR-CHAMPA,2008,Kharif,Urad,1623,387,0.23844732
Chhattisgarh,JANJGIR-CHAMPA,2008,Rabi,Gram,198,171,0.863636364
Chhattisgarh,JANJGIR-CHAMPA,2008,Rabi,Horse-gram,49,15,0.306122449
Chhattisgarh,JANJGIR-CHAMPA,2008,Rabi,Khesari,19671,6209,0.315642316
Chhattisgarh,JANJGIR-CHAMPA,2008,Rabi,Linseed,2696,790,0.293026706
Chhattisgarh,JANJGIR-CHAMPA,2008,Rabi,Masoor,16,5,0.3125
Chhattisgarh,JANJGIR-CHAMPA,2008,Rabi,Moong(Green Gram),135,32,0.237037037
Chhattisgarh,JANJGIR-CHAMPA,2008,Rabi,Other  Rabi pulses,189,68,0.35978836
Chhattisgarh,JANJGIR-CHAMPA,2008,Rabi,Peas & beans (Pulses),218,78,0.357798165
Chhattisgarh,JANJGIR-CHAMPA,2008,Rabi,Potato,314,1513,4.818471338
Chhattisgarh,JANJGIR-CHAMPA,2008,Rabi,Rapeseed &Mustard,1332,458,0.343843844
Chhattisgarh,JANJGIR-CHAMPA,2008,Rabi,Safflower,27,6,0.222222222
Chhattisgarh,JANJGIR-CHAMPA,2008,Rabi,Urad,109,26,0.23853211
Chhattisgarh,JANJGIR-CHAMPA,2008,Rabi,Wheat,2482,3030,1.220789686
Chhattisgarh,JANJGIR-CHAMPA,2008,Whole Year,Coriander,16,4,0.25
Chhattisgarh,JANJGIR-CHAMPA,2008,Whole Year,Dry chillies,484,237,0.489669421
Chhattisgarh,JANJGIR-CHAMPA,2008,Whole Year,Dry ginger,5,7,1.4
Chhattisgarh,JANJGIR-CHAMPA,2008,Whole Year,Garlic,15,50,3.333333333
Chhattisgarh,JANJGIR-CHAMPA,2008,Whole Year,Onion,385,2220,5.766233766
Chhattisgarh,JANJGIR-CHAMPA,2008,Whole Year,Sannhamp,50,19,0.38
Chhattisgarh,JANJGIR-CHAMPA,2008,Whole Year,Sugarcane,48,148,3.083333333
Chhattisgarh,JANJGIR-CHAMPA,2008,Whole Year,Sweet potato,21,143,6.80952381
Chhattisgarh,JANJGIR-CHAMPA,2008,Whole Year,Turmeric,7,6,0.857142857
Chhattisgarh,JANJGIR-CHAMPA,2009,Kharif,Arhar/Tur,1060,677,0.638679245
Chhattisgarh,JANJGIR-CHAMPA,2009,Kharif,Castor seed,33,10,0.303030303
Chhattisgarh,JANJGIR-CHAMPA,2009,Kharif,Groundnut,1018,1590,1.561886051
Chhattisgarh,JANJGIR-CHAMPA,2009,Kharif,Horse-gram,200,65,0.325
Chhattisgarh,JANJGIR-CHAMPA,2009,Kharif,Jowar,1,,
Chhattisgarh,JANJGIR-CHAMPA,2009,Kharif,Jute,9,,
Chhattisgarh,JANJGIR-CHAMPA,2009,Kharif,Maize,541,876,1.61922366
Chhattisgarh,JANJGIR-CHAMPA,2009,Kharif,Mesta,9,24,2.666666667
Chhattisgarh,JANJGIR-CHAMPA,2009,Kharif,Moong(Green Gram),219,55,0.251141553
Chhattisgarh,JANJGIR-CHAMPA,2009,Kharif,Other Kharif pulses,231,98,0.424242424
Chhattisgarh,JANJGIR-CHAMPA,2009,Kharif,Rice,254022,557818,2.195943658
Chhattisgarh,JANJGIR-CHAMPA,2009,Kharif,Sesamum,676,338,0.5
Chhattisgarh,JANJGIR-CHAMPA,2009,Kharif,Small millets,13,4,0.307692308
Chhattisgarh,JANJGIR-CHAMPA,2009,Kharif,Soyabean,33,44,1.333333333
Chhattisgarh,JANJGIR-CHAMPA,2009,Kharif,Sunflower,372,161,0.432795699
Chhattisgarh,JANJGIR-CHAMPA,2009,Kharif,Urad,1484,366,0.246630728
Chhattisgarh,JANJGIR-CHAMPA,2009,Rabi,Gram,183,182,0.994535519
Chhattisgarh,JANJGIR-CHAMPA,2009,Rabi,Horse-gram,34,11,0.323529412
Chhattisgarh,JANJGIR-CHAMPA,2009,Rabi,Khesari,21954,16926,0.770975676
Chhattisgarh,JANJGIR-CHAMPA,2009,Rabi,Linseed,2459,824,0.335095567
Chhattisgarh,JANJGIR-CHAMPA,2009,Rabi,Masoor,14,5,0.357142857
Chhattisgarh,JANJGIR-CHAMPA,2009,Rabi,Moong(Green Gram),133,33,0.248120301
Chhattisgarh,JANJGIR-CHAMPA,2009,Rabi,Other  Rabi pulses,144,,
Chhattisgarh,JANJGIR-CHAMPA,2009,Rabi,Peas & beans (Pulses),191,63,0.329842932
Chhattisgarh,JANJGIR-CHAMPA,2009,Rabi,Rapeseed &Mustard,1572,677,0.430661578
Chhattisgarh,JANJGIR-CHAMPA,2009,Rabi,Safflower,22,5,0.227272727
Chhattisgarh,JANJGIR-CHAMPA,2009,Rabi,Urad,109,27,0.247706422
Chhattisgarh,JANJGIR-CHAMPA,2009,Rabi,Wheat,2810,4200,1.494661922
Chhattisgarh,JANJGIR-CHAMPA,2009,Whole Year,Coriander,10,3,0.3
Chhattisgarh,JANJGIR-CHAMPA,2009,Whole Year,Dry chillies,509,371,0.728880157
Chhattisgarh,JANJGIR-CHAMPA,2009,Whole Year,Dry ginger,5,6,1.2
Chhattisgarh,JANJGIR-CHAMPA,2009,Whole Year,Garlic,18,69,3.833333333
Chhattisgarh,JANJGIR-CHAMPA,2009,Whole Year,Onion,394,2147,5.449238579
Chhattisgarh,JANJGIR-CHAMPA,2009,Whole Year,Potato,314,1528,4.866242038
Chhattisgarh,JANJGIR-CHAMPA,2009,Whole Year,Sannhamp,26,9,0.346153846
Chhattisgarh,JANJGIR-CHAMPA,2009,Whole Year,Sugarcane,26,198,7.615384615
Chhattisgarh,JANJGIR-CHAMPA,2009,Whole Year,Sweet potato,15,105,7
Chhattisgarh,JANJGIR-CHAMPA,2009,Whole Year,Turmeric,5,,
Chhattisgarh,JANJGIR-CHAMPA,2010,Kharif,Arhar/Tur,1188,551,0.463804714
Chhattisgarh,JANJGIR-CHAMPA,2010,Kharif,Castor seed,12,4,0.333333333
Chhattisgarh,JANJGIR-CHAMPA,2010,Kharif,Groundnut,947,1413,1.492080253
Chhattisgarh,JANJGIR-CHAMPA,2010,Kharif,Horse-gram,157,58,0.369426752
Chhattisgarh,JANJGIR-CHAMPA,2010,Kharif,Jute,33,,
Chhattisgarh,JANJGIR-CHAMPA,2010,Kharif,Maize,396,687,1.734848485
Chhattisgarh,JANJGIR-CHAMPA,2010,Kharif,Moong(Green Gram),226,55,0.243362832
Chhattisgarh,JANJGIR-CHAMPA,2010,Kharif,Other Kharif pulses,207,87,0.420289855
Chhattisgarh,JANJGIR-CHAMPA,2010,Kharif,Rice,254778,659384,2.588072754
Chhattisgarh,JANJGIR-CHAMPA,2010,Kharif,Sesamum,695,302,0.434532374
Chhattisgarh,JANJGIR-CHAMPA,2010,Kharif,Small millets,21,6,0.285714286
Chhattisgarh,JANJGIR-CHAMPA,2010,Kharif,Soyabean,50,76,1.52
Chhattisgarh,JANJGIR-CHAMPA,2010,Kharif,Sunflower,347,156,0.449567723
Chhattisgarh,JANJGIR-CHAMPA,2010,Kharif,Urad,1458,377,0.258573388
Chhattisgarh,JANJGIR-CHAMPA,2010,Rabi,Gram,155,160,1.032258065
Chhattisgarh,JANJGIR-CHAMPA,2010,Rabi,Horse-gram,32,10,0.3125
Chhattisgarh,JANJGIR-CHAMPA,2010,Rabi,Khesari,21045,16548,0.786315039
Chhattisgarh,JANJGIR-CHAMPA,2010,Rabi,Linseed,2497,658,0.263516219
Chhattisgarh,JANJGIR-CHAMPA,2010,Rabi,Masoor,28,8,0.285714286
Chhattisgarh,JANJGIR-CHAMPA,2010,Rabi,Moong(Green Gram),121,28,0.231404959
Chhattisgarh,JANJGIR-CHAMPA,2010,Rabi,Other  Rabi pulses,236,97,0.411016949
Chhattisgarh,JANJGIR-CHAMPA,2010,Rabi,Peas & beans (Pulses),204,72,0.352941176
Chhattisgarh,JANJGIR-CHAMPA,2010,Rabi,Rapeseed &Mustard,1481,531,0.358541526
Chhattisgarh,JANJGIR-CHAMPA,2010,Rabi,Safflower,20,5,0.25
Chhattisgarh,JANJGIR-CHAMPA,2010,Rabi,Urad,131,30,0.229007634
Chhattisgarh,JANJGIR-CHAMPA,2010,Rabi,Wheat,2708,4033,1.48929099
Chhattisgarh,JANJGIR-CHAMPA,2010,Whole Year,Banana,13,517,39.76923077
Chhattisgarh,JANJGIR-CHAMPA,2010,Whole Year,Coriander,72,22,0.305555556
Chhattisgarh,JANJGIR-CHAMPA,2010,Whole Year,Dry chillies,506,265,0.523715415
Chhattisgarh,JANJGIR-CHAMPA,2010,Whole Year,Dry ginger,4,5,1.25
Chhattisgarh,JANJGIR-CHAMPA,2010,Whole Year,Garlic,19,56,2.947368421
Chhattisgarh,JANJGIR-CHAMPA,2010,Whole Year,Onion,406,2277,5.608374384
Chhattisgarh,JANJGIR-CHAMPA,2010,Whole Year,Potato,291,1555,5.343642612
Chhattisgarh,JANJGIR-CHAMPA,2010,Whole Year,Sannhamp,2,1,0.5
Chhattisgarh,JANJGIR-CHAMPA,2010,Whole Year,Sugarcane,37,114,3.081081081
Chhattisgarh,JANJGIR-CHAMPA,2010,Whole Year,Sweet potato,28,151,5.392857143
Chhattisgarh,JANJGIR-CHAMPA,2010,Whole Year,Turmeric,7,6,0.857142857
Chhattisgarh,JANJGIR-CHAMPA,2011,Kharif,Arhar/Tur,1144,592,0.517482517
Chhattisgarh,JANJGIR-CHAMPA,2011,Kharif,Castor seed,33,10,0.303030303
Chhattisgarh,JANJGIR-CHAMPA,2011,Kharif,Groundnut,913,1124,1.231106243
Chhattisgarh,JANJGIR-CHAMPA,2011,Kharif,Horse-gram,163,58,0.355828221
Chhattisgarh,JANJGIR-CHAMPA,2011,Kharif,Jute,17,,
Chhattisgarh,JANJGIR-CHAMPA,2011,Kharif,Maize,338,464,1.372781065
Chhattisgarh,JANJGIR-CHAMPA,2011,Kharif,Moong(Green Gram),213,53,0.248826291
Chhattisgarh,JANJGIR-CHAMPA,2011,Kharif,Other Kharif pulses,231,104,0.45021645
Chhattisgarh,JANJGIR-CHAMPA,2011,Kharif,Potato,19,135,7.105263158
Chhattisgarh,JANJGIR-CHAMPA,2011,Kharif,Rice,279492,734839,2.629195111
Chhattisgarh,JANJGIR-CHAMPA,2011,Kharif,Sesamum,647,276,0.426584235
Chhattisgarh,JANJGIR-CHAMPA,2011,Kharif,Small millets,16,5,0.3125
Chhattisgarh,JANJGIR-CHAMPA,2011,Kharif,Soyabean,35,36,1.028571429
Chhattisgarh,JANJGIR-CHAMPA,2011,Kharif,Sunflower,381,165,0.433070866
Chhattisgarh,JANJGIR-CHAMPA,2011,Kharif,Urad,1474,375,0.254409769
Chhattisgarh,JANJGIR-CHAMPA,2011,Rabi,Gram,146,147,1.006849315
Chhattisgarh,JANJGIR-CHAMPA,2011,Rabi,Horse-gram,40,13,0.325
Chhattisgarh,JANJGIR-CHAMPA,2011,Rabi,Khesari,15784,12197,0.772744551
Chhattisgarh,JANJGIR-CHAMPA,2011,Rabi,Linseed,1639,631,0.384990848
Chhattisgarh,JANJGIR-CHAMPA,2011,Rabi,Masoor,27,9,0.333333333
Chhattisgarh,JANJGIR-CHAMPA,2011,Rabi,Moong(Green Gram),124,30,0.241935484
Chhattisgarh,JANJGIR-CHAMPA,2011,Rabi,Other  Rabi pulses,28,5,0.178571429
Chhattisgarh,JANJGIR-CHAMPA,2011,Rabi,Peas & beans (Pulses),230,84,0.365217391
Chhattisgarh,JANJGIR-CHAMPA,2011,Rabi,Potato,283,1615,5.706713781
Chhattisgarh,JANJGIR-CHAMPA,2011,Rabi,Rapeseed &Mustard,1681,711,0.422962522
Chhattisgarh,JANJGIR-CHAMPA,2011,Rabi,Safflower,8,2,0.25
Chhattisgarh,JANJGIR-CHAMPA,2011,Rabi,Urad,92,22,0.239130435
Chhattisgarh,JANJGIR-CHAMPA,2011,Rabi,Wheat,2601,4198,1.613994617
Chhattisgarh,JANJGIR-CHAMPA,2011,Whole Year,Banana,21,714,34
Chhattisgarh,JANJGIR-CHAMPA,2011,Whole Year,Coriander,35,10,0.285714286
Chhattisgarh,JANJGIR-CHAMPA,2011,Whole Year,Dry chillies,409,385,0.941320293
Chhattisgarh,JANJGIR-CHAMPA,2011,Whole Year,Dry ginger,5,7,1.4
Chhattisgarh,JANJGIR-CHAMPA,2011,Whole Year,Garlic,21,74,3.523809524
Chhattisgarh,JANJGIR-CHAMPA,2011,Whole Year,Onion,365,2300,6.301369863
Chhattisgarh,JANJGIR-CHAMPA,2011,Whole Year,Sannhamp,27,56,2.074074074
Chhattisgarh,JANJGIR-CHAMPA,2011,Whole Year,Sugarcane,31,190,6.129032258
Chhattisgarh,JANJGIR-CHAMPA,2011,Whole Year,Sweet potato,23,150,6.52173913
Chhattisgarh,JANJGIR-CHAMPA,2011,Whole Year,Turmeric,7,7,1
Chhattisgarh,JANJGIR-CHAMPA,2012,Kharif,Arhar/Tur,1083,681,0.628808864
Chhattisgarh,JANJGIR-CHAMPA,2012,Kharif,Castor seed,33,11,0.333333333
Chhattisgarh,JANJGIR-CHAMPA,2012,Kharif,Groundnut,810,1338,1.651851852
Chhattisgarh,JANJGIR-CHAMPA,2012,Kharif,Horse-gram,165,54,0.327272727
Chhattisgarh,JANJGIR-CHAMPA,2012,Kharif,Maize,351,645,1.837606838
Chhattisgarh,JANJGIR-CHAMPA,2012,Kharif,Moong(Green Gram),216,51,0.236111111
Chhattisgarh,JANJGIR-CHAMPA,2012,Kharif,Other Kharif pulses,239,111,0.464435146
Chhattisgarh,JANJGIR-CHAMPA,2012,Kharif,Potato,31,182,5.870967742
Chhattisgarh,JANJGIR-CHAMPA,2012,Kharif,Rice,281528,847944,3.01193487
Chhattisgarh,JANJGIR-CHAMPA,2012,Kharif,Sesamum,668,193,0.288922156
Chhattisgarh,JANJGIR-CHAMPA,2012,Kharif,Small millets,9,3,0.333333333
Chhattisgarh,JANJGIR-CHAMPA,2012,Kharif,Soyabean,24,39,1.625
Chhattisgarh,JANJGIR-CHAMPA,2012,Kharif,Sunflower,360,159,0.441666667
Chhattisgarh,JANJGIR-CHAMPA,2012,Kharif,Urad,1443,345,0.239085239
Chhattisgarh,JANJGIR-CHAMPA,2012,Rabi,Gram,153,184,1.202614379
Chhattisgarh,JANJGIR-CHAMPA,2012,Rabi,Horse-gram,41,14,0.341463415
Chhattisgarh,JANJGIR-CHAMPA,2012,Rabi,Khesari,15493,9012,0.58168205
Chhattisgarh,JANJGIR-CHAMPA,2012,Rabi,Linseed,2141,950,0.443717889
Chhattisgarh,JANJGIR-CHAMPA,2012,Rabi,Masoor,26,9,0.346153846
Chhattisgarh,JANJGIR-CHAMPA,2012,Rabi,Moong(Green Gram),108,28,0.259259259
Chhattisgarh,JANJGIR-CHAMPA,2012,Rabi,Other  Rabi pulses,15,4,0.266666667
Chhattisgarh,JANJGIR-CHAMPA,2012,Rabi,Peas & beans (Pulses),229,90,0.3930131
Chhattisgarh,JANJGIR-CHAMPA,2012,Rabi,Potato,281,1699,6.046263345
Chhattisgarh,JANJGIR-CHAMPA,2012,Rabi,Rapeseed &Mustard,1141,501,0.439088519
Chhattisgarh,JANJGIR-CHAMPA,2012,Rabi,Safflower,17,4,0.235294118
Chhattisgarh,JANJGIR-CHAMPA,2012,Rabi,Urad,85,22,0.258823529
Chhattisgarh,JANJGIR-CHAMPA,2012,Rabi,Wheat,2208,3611,1.635416667
Chhattisgarh,JANJGIR-CHAMPA,2012,Whole Year,Banana,35,443,12.65714286
Chhattisgarh,JANJGIR-CHAMPA,2012,Whole Year,Coriander,38,11,0.289473684
Chhattisgarh,JANJGIR-CHAMPA,2012,Whole Year,Dry chillies,368,397,1.078804348
Chhattisgarh,JANJGIR-CHAMPA,2012,Whole Year,Dry ginger,6,8,1.333333333
Chhattisgarh,JANJGIR-CHAMPA,2012,Whole Year,Garlic,19,67,3.526315789
Chhattisgarh,JANJGIR-CHAMPA,2012,Whole Year,Onion,383,1526,3.984334204
Chhattisgarh,JANJGIR-CHAMPA,2012,Whole Year,Sannhamp,27,8,0.296296296
Chhattisgarh,JANJGIR-CHAMPA,2012,Whole Year,Sugarcane,33,108,3.272727273
Chhattisgarh,JANJGIR-CHAMPA,2012,Whole Year,Sweet potato,27,176,6.518518519
Chhattisgarh,JANJGIR-CHAMPA,2012,Whole Year,Turmeric,16,14,0.875
Chhattisgarh,JANJGIR-CHAMPA,2013,Kharif,Arhar/Tur,1090,668,0.612844037
Chhattisgarh,JANJGIR-CHAMPA,2013,Kharif,Groundnut,806,1139,1.413151365
Chhattisgarh,JANJGIR-CHAMPA,2013,Kharif,Horse-gram,158,52,0.329113924
Chhattisgarh,JANJGIR-CHAMPA,2013,Kharif,Maize,364,819,2.25
Chhattisgarh,JANJGIR-CHAMPA,2013,Kharif,Moong(Green Gram),209,50,0.23923445
Chhattisgarh,JANJGIR-CHAMPA,2013,Kharif,Other Kharif pulses,251,126,0.501992032
Chhattisgarh,JANJGIR-CHAMPA,2013,Kharif,Potato,31,145,4.677419355
Chhattisgarh,JANJGIR-CHAMPA,2013,Kharif,Rice,257816,742522,2.880046235
Chhattisgarh,JANJGIR-CHAMPA,2013,Kharif,Sannhamp,19,7,0.368421053
Chhattisgarh,JANJGIR-CHAMPA,2013,Kharif,Sesamum,613,199,0.324632953
Chhattisgarh,JANJGIR-CHAMPA,2013,Kharif,Small millets,12,4,0.333333333
Chhattisgarh,JANJGIR-CHAMPA,2013,Kharif,Soyabean,25,33,1.32
Chhattisgarh,JANJGIR-CHAMPA,2013,Kharif,Sunflower,347,,
Chhattisgarh,JANJGIR-CHAMPA,2013,Kharif,Urad,1399,334,0.238741959
Chhattisgarh,JANJGIR-CHAMPA,2013,Rabi,Castor seed,33,11,0.333333333
Chhattisgarh,JANJGIR-CHAMPA,2013,Rabi,Gram,231,217,0.939393939
Chhattisgarh,JANJGIR-CHAMPA,2013,Rabi,Horse-gram,39,15,0.384615385
Chhattisgarh,JANJGIR-CHAMPA,2013,Rabi,Khesari,14240,11205,0.786867978
Chhattisgarh,JANJGIR-CHAMPA,2013,Rabi,Linseed,2098,950,0.452812202
Chhattisgarh,JANJGIR-CHAMPA,2013,Rabi,Masoor,20,7,0.35
Chhattisgarh,JANJGIR-CHAMPA,2013,Rabi,Moong(Green Gram),89,25,0.280898876
Chhattisgarh,JANJGIR-CHAMPA,2013,Rabi,Other  Rabi pulses,16,16,1
Chhattisgarh,JANJGIR-CHAMPA,2013,Rabi,Peas & beans (Pulses),212,87,0.410377358
Chhattisgarh,JANJGIR-CHAMPA,2013,Rabi,Potato,269,1549,5.758364312
Chhattisgarh,JANJGIR-CHAMPA,2013,Rabi,Rapeseed &Mustard,1046,589,0.563097514
Chhattisgarh,JANJGIR-CHAMPA,2013,Rabi,Safflower,14,3,0.214285714
Chhattisgarh,JANJGIR-CHAMPA,2013,Rabi,Urad,86,24,0.279069767
Chhattisgarh,JANJGIR-CHAMPA,2013,Rabi,Wheat,2135,3841,1.799063232
Chhattisgarh,JANJGIR-CHAMPA,2013,Whole Year,Banana,18,613,34.05555556
Chhattisgarh,JANJGIR-CHAMPA,2013,Whole Year,Coriander,38,12,0.315789474
Chhattisgarh,JANJGIR-CHAMPA,2013,Whole Year,Dry chillies,330,258,0.781818182
Chhattisgarh,JANJGIR-CHAMPA,2013,Whole Year,Dry ginger,5,5,1
Chhattisgarh,JANJGIR-CHAMPA,2013,Whole Year,Garlic,18,63,3.5
Chhattisgarh,JANJGIR-CHAMPA,2013,Whole Year,Onion,406,3260,8.02955665
Chhattisgarh,JANJGIR-CHAMPA,2013,Whole Year,Sugarcane,37,129,3.486486486
Chhattisgarh,JANJGIR-CHAMPA,2013,Whole Year,Sweet potato,24,156,6.5
Chhattisgarh,JANJGIR-CHAMPA,2013,Whole Year,Turmeric,25,24,0.96
Chhattisgarh,JANJGIR-CHAMPA,2014,Kharif,Arhar/Tur,1035,683,0.659903382
Chhattisgarh,JANJGIR-CHAMPA,2014,Kharif,Groundnut,806,1342,1.665012407
Chhattisgarh,JANJGIR-CHAMPA,2014,Kharif,Horse-gram,108,35,0.324074074
Chhattisgarh,JANJGIR-CHAMPA,2014,Kharif,Maize,387,704,1.819121447
Chhattisgarh,JANJGIR-CHAMPA,2014,Kharif,Moong(Green Gram),225,54,0.24
Chhattisgarh,JANJGIR-CHAMPA,2014,Kharif,Other Kharif pulses,261,122,0.46743295
Chhattisgarh,JANJGIR-CHAMPA,2014,Kharif,Potato,31,213,6.870967742
Chhattisgarh,JANJGIR-CHAMPA,2014,Kharif,Rice,253667,802349,3.1630011
Chhattisgarh,JANJGIR-CHAMPA,2014,Kharif,Sannhamp,19,7,0.368421053
Chhattisgarh,JANJGIR-CHAMPA,2014,Kharif,Sesamum,596,276,0.463087248
Chhattisgarh,JANJGIR-CHAMPA,2014,Kharif,Small millets,11,2,0.181818182
Chhattisgarh,JANJGIR-CHAMPA,2014,Kharif,Soyabean,25,24,0.96
Chhattisgarh,JANJGIR-CHAMPA,2014,Kharif,Sunflower,341,161,0.472140762
Chhattisgarh,JANJGIR-CHAMPA,2014,Kharif,Urad,1403,334,0.238061297
Chhattisgarh,JANJGIR-CHAMPA,2014,Rabi,Castor seed,33,10,0.303030303
Chhattisgarh,JANJGIR-CHAMPA,2014,Rabi,Gram,266,194,0.729323308
Chhattisgarh,JANJGIR-CHAMPA,2014,Rabi,Horse-gram,39,14,0.358974359
Chhattisgarh,JANJGIR-CHAMPA,2014,Rabi,Khesari,13312,15184,1.140625
Chhattisgarh,JANJGIR-CHAMPA,2014,Rabi,Linseed,2003,809,0.403894159
Chhattisgarh,JANJGIR-CHAMPA,2014,Rabi,Masoor,18,5,0.277777778
Chhattisgarh,JANJGIR-CHAMPA,2014,Rabi,Moong(Green Gram),96,23,0.239583333
Chhattisgarh,JANJGIR-CHAMPA,2014,Rabi,Other  Rabi pulses,4,,
Chhattisgarh,JANJGIR-CHAMPA,2014,Rabi,Peas & beans (Pulses),236,85,0.360169492
Chhattisgarh,JANJGIR-CHAMPA,2014,Rabi,Potato,280,1824,6.514285714
Chhattisgarh,JANJGIR-CHAMPA,2014,Rabi,Rapeseed &Mustard,1169,516,0.441402908
Chhattisgarh,JANJGIR-CHAMPA,2014,Rabi,Safflower,9,2,0.222222222
Chhattisgarh,JANJGIR-CHAMPA,2014,Rabi,Urad,86,21,0.244186047
Chhattisgarh,JANJGIR-CHAMPA,2014,Rabi,Wheat,2074,3540,1.706846673
Chhattisgarh,JANJGIR-CHAMPA,2014,Whole Year,Banana,10,352,35.2
Chhattisgarh,JANJGIR-CHAMPA,2014,Whole Year,Coriander,40,11,0.275
Chhattisgarh,JANJGIR-CHAMPA,2014,Whole Year,Dry chillies,246,124,0.504065041
Chhattisgarh,JANJGIR-CHAMPA,2014,Whole Year,Dry ginger,5,6,1.2
Chhattisgarh,JANJGIR-CHAMPA,2014,Whole Year,Garlic,18,53,2.944444444
Chhattisgarh,JANJGIR-CHAMPA,2014,Whole Year,Onion,381,3373,8.853018373
Chhattisgarh,JANJGIR-CHAMPA,2014,Whole Year,Sugarcane,22,163,7.409090909
Chhattisgarh,JANJGIR-CHAMPA,2014,Whole Year,Sweet potato,26,169,6.5
Chhattisgarh,JANJGIR-CHAMPA,2014,Whole Year,Turmeric,27,26,0.962962963
Chhattisgarh,JASHPUR,2000,Kharif,Arhar/Tur,3084,1590,0.515564202
Chhattisgarh,JASHPUR,2000,Kharif,Bajra,22,8,0.363636364
Chhattisgarh,JASHPUR,2000,Kharif,Groundnut,3236,3544,1.095179234
Chhattisgarh,JASHPUR,2000,Kharif,Horse-gram,4875,1339,0.274666667
Chhattisgarh,JASHPUR,2000,Kharif,Jowar,118,92,0.779661017
Chhattisgarh,JASHPUR,2000,Kharif,Maize,6646,10039,1.510532651
Chhattisgarh,JASHPUR,2000,Kharif,Mesta,22,35,1.590909091
Chhattisgarh,JASHPUR,2000,Kharif,Moong(Green Gram),29,8,0.275862069
Chhattisgarh,JASHPUR,2000,Kharif,Niger seed,23175,3661,0.157971953
Chhattisgarh,JASHPUR,2000,Kharif,Other Kharif pulses,267,76,0.284644195
Chhattisgarh,JASHPUR,2000,Kharif,Ragi,1075,272,0.253023256
Chhattisgarh,JASHPUR,2000,Kharif,Rice,179057,120855,0.674952669
Chhattisgarh,JASHPUR,2000,Kharif,Sesamum,221,46,0.208144796
Chhattisgarh,JASHPUR,2000,Kharif,Small millets,9315,1877,0.201502952
Chhattisgarh,JASHPUR,2000,Kharif,Soyabean,11,7,0.636363636
Chhattisgarh,JASHPUR,2000,Kharif,Urad,16469,3429,0.208209363
Chhattisgarh,JASHPUR,2000,Rabi,Barley,17,16,0.941176471
Chhattisgarh,JASHPUR,2000,Rabi,Gram,1306,856,0.655436447
Chhattisgarh,JASHPUR,2000,Rabi,Khesari,185,75,0.405405405
Chhattisgarh,JASHPUR,2000,Rabi,Linseed,1055,279,0.264454976
Chhattisgarh,JASHPUR,2000,Rabi,Masoor,400,112,0.28
Chhattisgarh,JASHPUR,2000,Rabi,Moong(Green Gram),1,,
Chhattisgarh,JASHPUR,2000,Rabi,Other  Rabi pulses,40,10,0.25
Chhattisgarh,JASHPUR,2000,Rabi,Peas & beans (Pulses),939,317,0.337593184
Chhattisgarh,JASHPUR,2000,Rabi,Rapeseed &Mustard,4847,1771,0.365380648
Chhattisgarh,JASHPUR,2000,Rabi,Wheat,1115,1520,1.3632287
Chhattisgarh,JASHPUR,2000,Whole Year,Banana,1,32,32
Chhattisgarh,JASHPUR,2000,Whole Year,Coriander,33,7,0.212121212
Chhattisgarh,JASHPUR,2000,Whole Year,Dry chillies,178,48,0.269662921
Chhattisgarh,JASHPUR,2000,Whole Year,Dry ginger,3,3,1
Chhattisgarh,JASHPUR,2000,Whole Year,Garlic,80,239,2.9875
Chhattisgarh,JASHPUR,2000,Whole Year,Onion,311,3410,10.96463023
Chhattisgarh,JASHPUR,2000,Whole Year,Potato,1258,9082,7.219395866
Chhattisgarh,JASHPUR,2000,Whole Year,Sannhamp,128,44,0.34375
Chhattisgarh,JASHPUR,2000,Whole Year,Sugarcane,44,133,3.022727273
Chhattisgarh,JASHPUR,2000,Whole Year,Sweet potato,440,2629,5.975
Chhattisgarh,JASHPUR,2000,Whole Year,Tobacco,4,2,0.5
Chhattisgarh,JASHPUR,2000,Whole Year,Turmeric,43,30,0.697674419
Chhattisgarh,JASHPUR,2001,Kharif,Arhar/Tur,3777,1634,0.43261848
Chhattisgarh,JASHPUR,2001,Kharif,Bajra,28,11,0.392857143
Chhattisgarh,JASHPUR,2001,Kharif,Groundnut,3290,4235,1.287234043
Chhattisgarh,JASHPUR,2001,Kharif,Horse-gram,4396,1292,0.293903549
Chhattisgarh,JASHPUR,2001,Kharif,Jowar,103,102,0.990291262
Chhattisgarh,JASHPUR,2001,Kharif,Maize,6555,5981,0.912433257
Chhattisgarh,JASHPUR,2001,Kharif,Mesta,31,59,1.903225806
Chhattisgarh,JASHPUR,2001,Kharif,Moong(Green Gram),48,14,0.291666667
Chhattisgarh,JASHPUR,2001,Kharif,Niger seed,23072,3900,0.169036061
Chhattisgarh,JASHPUR,2001,Kharif,Other Kharif pulses,321,92,0.286604361
Chhattisgarh,JASHPUR,2001,Kharif,Ragi,886,224,0.25282167
Chhattisgarh,JASHPUR,2001,Kharif,Rice,179252,221341,1.234803517
Chhattisgarh,JASHPUR,2001,Kharif,Sesamum,239,61,0.255230126
Chhattisgarh,JASHPUR,2001,Kharif,Small millets,9517,2699,0.283597772
Chhattisgarh,JASHPUR,2001,Kharif,Soyabean,18,13,0.722222222
Chhattisgarh,JASHPUR,2001,Kharif,Sunflower,5,1,0.2
Chhattisgarh,JASHPUR,2001,Kharif,Urad,16482,3812,0.231282611
Chhattisgarh,JASHPUR,2001,Rabi,Barley,18,17,0.944444444
Chhattisgarh,JASHPUR,2001,Rabi,Gram,1306,1003,0.767993874
Chhattisgarh,JASHPUR,2001,Rabi,Khesari,202,90,0.445544554
Chhattisgarh,JASHPUR,2001,Rabi,Linseed,1183,323,0.273034658
Chhattisgarh,JASHPUR,2001,Rabi,Masoor,433,128,0.295612009
Chhattisgarh,JASHPUR,2001,Rabi,Moong(Green Gram),1,,
Chhattisgarh,JASHPUR,2001,Rabi,Other  Rabi pulses,15,4,0.266666667
Chhattisgarh,JASHPUR,2001,Rabi,Peas & beans (Pulses),1107,381,0.344173442
Chhattisgarh,JASHPUR,2001,Rabi,Rapeseed &Mustard,4924,1746,0.354589764
Chhattisgarh,JASHPUR,2001,Rabi,Wheat,1449,1882,1.298826777
Chhattisgarh,JASHPUR,2001,Whole Year,Banana,34,1077,31.67647059
Chhattisgarh,JASHPUR,2001,Whole Year,Coriander,24,5,0.208333333
Chhattisgarh,JASHPUR,2001,Whole Year,Dry chillies,176,94,0.534090909
Chhattisgarh,JASHPUR,2001,Whole Year,Dry ginger,3,3,1
Chhattisgarh,JASHPUR,2001,Whole Year,Garlic,77,222,2.883116883
Chhattisgarh,JASHPUR,2001,Whole Year,Onion,344,4269,12.40988372
Chhattisgarh,JASHPUR,2001,Whole Year,Potato,1244,8500,6.832797428
Chhattisgarh,JASHPUR,2001,Whole Year,Sannhamp,129,46,0.356589147
Chhattisgarh,JASHPUR,2001,Whole Year,Sugarcane,35,90,2.571428571
Chhattisgarh,JASHPUR,2001,Whole Year,Sweet potato,481,2780,5.77962578
Chhattisgarh,JASHPUR,2001,Whole Year,Turmeric,47,37,0.787234043
Chhattisgarh,JASHPUR,2002,Kharif,Arhar/Tur,4372,2045,0.467749314
Chhattisgarh,JASHPUR,2002,Kharif,Bajra,14,6,0.428571429
Chhattisgarh,JASHPUR,2002,Kharif,Groundnut,3300,4371,1.324545455
Chhattisgarh,JASHPUR,2002,Kharif,Horse-gram,3393,965,0.284409078
Chhattisgarh,JASHPUR,2002,Kharif,Jowar,132,169,1.28030303
Chhattisgarh,JASHPUR,2002,Kharif,Maize,6442,8950,1.389320087
Chhattisgarh,JASHPUR,2002,Kharif,Moong(Green Gram),51,14,0.274509804
Chhattisgarh,JASHPUR,2002,Kharif,Niger seed,22600,3570,0.157964602
Chhattisgarh,JASHPUR,2002,Kharif,Other Kharif pulses,328,96,0.292682927
Chhattisgarh,JASHPUR,2002,Kharif,Ragi,835,208,0.249101796
Chhattisgarh,JASHPUR,2002,Kharif,Rice,180322,116095,0.643820499
Chhattisgarh,JASHPUR,2002,Kharif,Sesamum,239,68,0.284518828
Chhattisgarh,JASHPUR,2002,Kharif,Small millets,8380,1959,0.233770883
Chhattisgarh,JASHPUR,2002,Kharif,Soyabean,33,20,0.606060606
Chhattisgarh,JASHPUR,2002,Kharif,Urad,17101,3956,0.231331501
Chhattisgarh,JASHPUR,2002,Rabi,Barley,19,14,0.736842105
Chhattisgarh,JASHPUR,2002,Rabi,Gram,1392,888,0.637931034
Chhattisgarh,JASHPUR,2002,Rabi,Khesari,206,102,0.495145631
Chhattisgarh,JASHPUR,2002,Rabi,Linseed,1234,416,0.337115073
Chhattisgarh,JASHPUR,2002,Rabi,Masoor,449,134,0.29844098
Chhattisgarh,JASHPUR,2002,Rabi,Moong(Green Gram),2,1,0.5
Chhattisgarh,JASHPUR,2002,Rabi,Other  Rabi pulses,32,8,0.25
Chhattisgarh,JASHPUR,2002,Rabi,Peas & beans (Pulses),1194,389,0.325795645
Chhattisgarh,JASHPUR,2002,Rabi,Rapeseed &Mustard,4947,1807,0.365271882
Chhattisgarh,JASHPUR,2002,Rabi,Wheat,1478,2012,1.361299053
Chhattisgarh,JASHPUR,2002,Whole Year,Banana,3,93,31
Chhattisgarh,JASHPUR,2002,Whole Year,Coriander,25,5,0.2
Chhattisgarh,JASHPUR,2002,Whole Year,Dry chillies,169,160,0.946745562
Chhattisgarh,JASHPUR,2002,Whole Year,Dry ginger,3,3,1
Chhattisgarh,JASHPUR,2002,Whole Year,Garlic,85,250,2.941176471
Chhattisgarh,JASHPUR,2002,Whole Year,Onion,357,4059,11.3697479
Chhattisgarh,JASHPUR,2002,Whole Year,Papaya,1,35,35
Chhattisgarh,JASHPUR,2002,Whole Year,Potato,1338,8531,6.37593423
Chhattisgarh,JASHPUR,2002,Whole Year,Sannhamp,129,46,0.356589147
Chhattisgarh,JASHPUR,2002,Whole Year,Sugarcane,51,151,2.960784314
Chhattisgarh,JASHPUR,2002,Whole Year,Sweet potato,476,2891,6.073529412
Chhattisgarh,JASHPUR,2002,Whole Year,Tobacco,1,1,1
Chhattisgarh,JASHPUR,2002,Whole Year,Turmeric,52,39,0.75
Chhattisgarh,JASHPUR,2003,Kharif,Arhar/Tur,3924,2467,0.628695209
Chhattisgarh,JASHPUR,2003,Kharif,Bajra,28,10,0.357142857
Chhattisgarh,JASHPUR,2003,Kharif,Groundnut,3351,3591,1.071620412
Chhattisgarh,JASHPUR,2003,Kharif,Horse-gram,3979,1208,0.303593868
Chhattisgarh,JASHPUR,2003,Kharif,Jowar,137,137,1
Chhattisgarh,JASHPUR,2003,Kharif,Maize,6475,9550,1.474903475
Chhattisgarh,JASHPUR,2003,Kharif,Moong(Green Gram),47,13,0.276595745
Chhattisgarh,JASHPUR,2003,Kharif,Niger seed,23360,3689,0.157919521
Chhattisgarh,JASHPUR,2003,Kharif,Other Kharif pulses,334,93,0.278443114
Chhattisgarh,JASHPUR,2003,Kharif,Ragi,802,200,0.249376559
Chhattisgarh,JASHPUR,2003,Kharif,Rice,180373,225019,1.247520416
Chhattisgarh,JASHPUR,2003,Kharif,Sesamum,270,81,0.3
Chhattisgarh,JASHPUR,2003,Kharif,Small millets,7510,2338,0.311318242
Chhattisgarh,JASHPUR,2003,Kharif,Soyabean,33,32,0.96969697
Chhattisgarh,JASHPUR,2003,Kharif,Urad,16646,3786,0.227442028
Chhattisgarh,JASHPUR,2003,Rabi,Barley,18,15,0.833333333
Chhattisgarh,JASHPUR,2003,Rabi,Gram,1322,1360,1.028744327
Chhattisgarh,JASHPUR,2003,Rabi,Khesari,227,118,0.519823789
Chhattisgarh,JASHPUR,2003,Rabi,Linseed,1242,369,0.297101449
Chhattisgarh,JASHPUR,2003,Rabi,Masoor,551,154,0.279491833
Chhattisgarh,JASHPUR,2003,Rabi,Moong(Green Gram),4,1,0.25
Chhattisgarh,JASHPUR,2003,Rabi,Other  Rabi pulses,40,11,0.275
Chhattisgarh,JASHPUR,2003,Rabi,Peas & beans (Pulses),1275,446,0.349803922
Chhattisgarh,JASHPUR,2003,Rabi,Rapeseed &Mustard,4959,1923,0.387779794
Chhattisgarh,JASHPUR,2003,Rabi,Wheat,1496,1828,1.221925134
Chhattisgarh,JASHPUR,2003,Whole Year,Banana,33,1063,32.21212121
Chhattisgarh,JASHPUR,2003,Whole Year,Coriander,27,6,0.222222222
Chhattisgarh,JASHPUR,2003,Whole Year,Dry chillies,169,117,0.692307692
Chhattisgarh,JASHPUR,2003,Whole Year,Dry ginger,2,2,1
Chhattisgarh,JASHPUR,2003,Whole Year,Garlic,95,270,2.842105263
Chhattisgarh,JASHPUR,2003,Whole Year,Onion,350,3431,9.802857143
Chhattisgarh,JASHPUR,2003,Whole Year,Papaya,2,72,36
Chhattisgarh,JASHPUR,2003,Whole Year,Potato,1325,6720,5.071698113
Chhattisgarh,JASHPUR,2003,Whole Year,Sannhamp,125,45,0.36
Chhattisgarh,JASHPUR,2003,Whole Year,Sugarcane,58,152,2.620689655
Chhattisgarh,JASHPUR,2003,Whole Year,Sweet potato,477,2759,5.784067086
Chhattisgarh,JASHPUR,2003,Whole Year,Tobacco,2,2,1
Chhattisgarh,JASHPUR,2003,Whole Year,Turmeric,50,37,0.74
Chhattisgarh,JASHPUR,2004,Kharif,Arhar/Tur,4115,2130,0.517618469
Chhattisgarh,JASHPUR,2004,Kharif,Bajra,12,4,0.333333333
Chhattisgarh,JASHPUR,2004,Kharif,Groundnut,3453,4602,1.332754127
Chhattisgarh,JASHPUR,2004,Kharif,Horse-gram,3691,925,0.250609591
Chhattisgarh,JASHPUR,2004,Kharif,Jowar,148,106,0.716216216
Chhattisgarh,JASHPUR,2004,Kharif,Maize,6338,10681,1.685231934
Chhattisgarh,JASHPUR,2004,Kharif,Mesta,40,73,1.825
Chhattisgarh,JASHPUR,2004,Kharif,Moong(Green Gram),48,12,0.25
Chhattisgarh,JASHPUR,2004,Kharif,Niger seed,23047,3577,0.155204582
Chhattisgarh,JASHPUR,2004,Kharif,Other Kharif pulses,380,91,0.239473684
Chhattisgarh,JASHPUR,2004,Kharif,Ragi,700,121,0.172857143
Chhattisgarh,JASHPUR,2004,Kharif,Rice,180028,167461,0.930194192
Chhattisgarh,JASHPUR,2004,Kharif,Sesamum,280,78,0.278571429
Chhattisgarh,JASHPUR,2004,Kharif,Small millets,6541,1859,0.284207308
Chhattisgarh,JASHPUR,2004,Kharif,Soyabean,21,17,0.80952381
Chhattisgarh,JASHPUR,2004,Kharif,Sunflower,11,2,0.181818182
Chhattisgarh,JASHPUR,2004,Kharif,Urad,16127,3047,0.188937806
Chhattisgarh,JASHPUR,2004,Rabi,Barley,20,16,0.8
Chhattisgarh,JASHPUR,2004,Rabi,Gram,1269,732,0.576832151
Chhattisgarh,JASHPUR,2004,Rabi,Khesari,218,86,0.394495413
Chhattisgarh,JASHPUR,2004,Rabi,Linseed,1132,251,0.221731449
Chhattisgarh,JASHPUR,2004,Rabi,Masoor,477,138,0.289308176
Chhattisgarh,JASHPUR,2004,Rabi,Moong(Green Gram),8,2,0.25
Chhattisgarh,JASHPUR,2004,Rabi,Other  Rabi pulses,343,13,0.037900875
Chhattisgarh,JASHPUR,2004,Rabi,Peas & beans (Pulses),1044,359,0.343869732
Chhattisgarh,JASHPUR,2004,Rabi,Rapeseed &Mustard,4932,1758,0.356447689
Chhattisgarh,JASHPUR,2004,Rabi,Wheat,1434,1631,1.137377964
Chhattisgarh,JASHPUR,2004,Whole Year,Banana,17,537,31.58823529
Chhattisgarh,JASHPUR,2004,Whole Year,Coriander,29,6,0.206896552
Chhattisgarh,JASHPUR,2004,Whole Year,Dry chillies,166,87,0.524096386
Chhattisgarh,JASHPUR,2004,Whole Year,Dry ginger,2,2,1
Chhattisgarh,JASHPUR,2004,Whole Year,Garlic,98,278,2.836734694
Chhattisgarh,JASHPUR,2004,Whole Year,Onion,366,3088,8.43715847
Chhattisgarh,JASHPUR,2004,Whole Year,Potato,1538,9473,6.159297789
Chhattisgarh,JASHPUR,2004,Whole Year,Sannhamp,120,39,0.325
Chhattisgarh,JASHPUR,2004,Whole Year,Sugarcane,68,195,2.867647059
Chhattisgarh,JASHPUR,2004,Whole Year,Sweet potato,353,2042,5.78470255
Chhattisgarh,JASHPUR,2004,Whole Year,Tobacco,1,1,1
Chhattisgarh,JASHPUR,2004,Whole Year,Turmeric,57,43,0.754385965
Chhattisgarh,JASHPUR,2005,Kharif,Arhar/Tur,3992,1741,0.436122244
Chhattisgarh,JASHPUR,2005,Kharif,Bajra,17,6,0.352941176
Chhattisgarh,JASHPUR,2005,Kharif,Groundnut,3515,3579,1.018207681
Chhattisgarh,JASHPUR,2005,Kharif,Horse-gram,3554,1176,0.330894766
Chhattisgarh,JASHPUR,2005,Kharif,Jowar,121,107,0.884297521
Chhattisgarh,JASHPUR,2005,Kharif,Maize,6100,7614,1.248196721
Chhattisgarh,JASHPUR,2005,Kharif,Mesta,38,69,1.815789474
Chhattisgarh,JASHPUR,2005,Kharif,Moong(Green Gram),152,36,0.236842105
Chhattisgarh,JASHPUR,2005,Kharif,Niger seed,23087,3455,0.149651319
Chhattisgarh,JASHPUR,2005,Kharif,Other Kharif pulses,379,96,0.253298153
Chhattisgarh,JASHPUR,2005,Kharif,Rice,180718,159200,0.880930511
Chhattisgarh,JASHPUR,2005,Kharif,Sesamum,263,80,0.30418251
Chhattisgarh,JASHPUR,2005,Kharif,Small millets,6845,1391,0.203214025
Chhattisgarh,JASHPUR,2005,Kharif,Soyabean,25,23,0.92
Chhattisgarh,JASHPUR,2005,Kharif,Sunflower,5,1,0.2
Chhattisgarh,JASHPUR,2005,Kharif,Urad,15634,2712,0.173468082
Chhattisgarh,JASHPUR,2005,Rabi,Barley,18,17,0.944444444
Chhattisgarh,JASHPUR,2005,Rabi,Gram,1261,921,0.73037272
Chhattisgarh,JASHPUR,2005,Rabi,Khesari,220,76,0.345454545
Chhattisgarh,JASHPUR,2005,Rabi,Linseed,1134,248,0.218694885
Chhattisgarh,JASHPUR,2005,Rabi,Masoor,498,131,0.263052209
Chhattisgarh,JASHPUR,2005,Rabi,Moong(Green Gram),3,1,0.333333333
Chhattisgarh,JASHPUR,2005,Rabi,Other  Rabi pulses,409,15,0.036674817
Chhattisgarh,JASHPUR,2005,Rabi,Peas & beans (Pulses),1044,327,0.313218391
Chhattisgarh,JASHPUR,2005,Rabi,Rapeseed &Mustard,4901,1602,0.326872067
Chhattisgarh,JASHPUR,2005,Rabi,Wheat,1412,1441,1.020538244
Chhattisgarh,JASHPUR,2005,Whole Year,Banana,17,530,31.17647059
Chhattisgarh,JASHPUR,2005,Whole Year,Coriander,28,6,0.214285714
Chhattisgarh,JASHPUR,2005,Whole Year,Dry chillies,180,46,0.255555556
Chhattisgarh,JASHPUR,2005,Whole Year,Dry ginger,4,4,1
Chhattisgarh,JASHPUR,2005,Whole Year,Garlic,96,292,3.041666667
Chhattisgarh,JASHPUR,2005,Whole Year,Onion,389,3082,7.922879177
Chhattisgarh,JASHPUR,2005,Whole Year,Potato,1593,7113,4.465160075
Chhattisgarh,JASHPUR,2005,Whole Year,Sannhamp,120,36,0.3
Chhattisgarh,JASHPUR,2005,Whole Year,Sugarcane,88,257,2.920454545
Chhattisgarh,JASHPUR,2005,Whole Year,Sweet potato,437,2612,5.977116705
Chhattisgarh,JASHPUR,2005,Whole Year,Tobacco,2,1,0.5
Chhattisgarh,JASHPUR,2005,Whole Year,Turmeric,52,37,0.711538462
Chhattisgarh,JASHPUR,2006,Kharif,Arhar/Tur,3902,1798,0.460789339
Chhattisgarh,JASHPUR,2006,Kharif,Bajra,28,9,0.321428571
Chhattisgarh,JASHPUR,2006,Kharif,Groundnut,3466,4265,1.230525101
Chhattisgarh,JASHPUR,2006,Kharif,Horse-gram,4254,1169,0.274800188
Chhattisgarh,JASHPUR,2006,Kharif,Jowar,104,101,0.971153846
Chhattisgarh,JASHPUR,2006,Kharif,Maize,6331,7335,1.158584742
Chhattisgarh,JASHPUR,2006,Kharif,Mesta,33,58,1.757575758
Chhattisgarh,JASHPUR,2006,Kharif,Moong(Green Gram),55,15,0.272727273
Chhattisgarh,JASHPUR,2006,Kharif,Niger seed,24006,3859,0.160751479
Chhattisgarh,JASHPUR,2006,Kharif,Other Kharif pulses,352,88,0.25
Chhattisgarh,JASHPUR,2006,Kharif,Potato,1204,4883,4.055647841
Chhattisgarh,JASHPUR,2006,Kharif,Ragi,595,145,0.243697479
Chhattisgarh,JASHPUR,2006,Kharif,Rice,180309,188689,1.046475772
Chhattisgarh,JASHPUR,2006,Kharif,Sesamum,271,77,0.284132841
Chhattisgarh,JASHPUR,2006,Kharif,Small millets,4480,1422,0.317410714
Chhattisgarh,JASHPUR,2006,Kharif,Soyabean,20,18,0.9
Chhattisgarh,JASHPUR,2006,Kharif,Sunflower,6,1,0.166666667
Chhattisgarh,JASHPUR,2006,Kharif,Urad,15974,3572,0.223613372
Chhattisgarh,JASHPUR,2006,Rabi,Barley,19,12,0.631578947
Chhattisgarh,JASHPUR,2006,Rabi,Gram,1205,1085,0.900414938
Chhattisgarh,JASHPUR,2006,Rabi,Khesari,323,169,0.523219814
Chhattisgarh,JASHPUR,2006,Rabi,Linseed,1133,288,0.25419241
Chhattisgarh,JASHPUR,2006,Rabi,Masoor,482,139,0.288381743
Chhattisgarh,JASHPUR,2006,Rabi,Moong(Green Gram),3,1,0.333333333
Chhattisgarh,JASHPUR,2006,Rabi,Other  Rabi pulses,362,13,0.035911602
Chhattisgarh,JASHPUR,2006,Rabi,Peas & beans (Pulses),969,333,0.343653251
Chhattisgarh,JASHPUR,2006,Rabi,Potato,986,4110,4.168356998
Chhattisgarh,JASHPUR,2006,Rabi,Rapeseed &Mustard,4955,1674,0.337840565
Chhattisgarh,JASHPUR,2006,Rabi,Wheat,1460,1778,1.217808219
Chhattisgarh,JASHPUR,2006,Whole Year,Banana,13,411,31.61538462
Chhattisgarh,JASHPUR,2006,Whole Year,Coriander,35,8,0.228571429
Chhattisgarh,JASHPUR,2006,Whole Year,Dry chillies,181,69,0.38121547
Chhattisgarh,JASHPUR,2006,Whole Year,Dry ginger,5,5,1
Chhattisgarh,JASHPUR,2006,Whole Year,Garlic,98,278,2.836734694
Chhattisgarh,JASHPUR,2006,Whole Year,Onion,397,2399,6.042821159
Chhattisgarh,JASHPUR,2006,Whole Year,Sannhamp,112,37,0.330357143
Chhattisgarh,JASHPUR,2006,Whole Year,Sugarcane,74,230,3.108108108
Chhattisgarh,JASHPUR,2006,Whole Year,Sweet potato,439,2454,5.589977221
Chhattisgarh,JASHPUR,2006,Whole Year,Tobacco,1,1,1
Chhattisgarh,JASHPUR,2006,Whole Year,Turmeric,46,35,0.760869565
Chhattisgarh,JASHPUR,2007,Kharif,Arhar/Tur,3949,2141,0.542162573
Chhattisgarh,JASHPUR,2007,Kharif,Bajra,23,10,0.434782609
Chhattisgarh,JASHPUR,2007,Kharif,Groundnut,3682,4789,1.30065182
Chhattisgarh,JASHPUR,2007,Kharif,Horse-gram,3717,1039,0.2795265
Chhattisgarh,JASHPUR,2007,Kharif,Jowar,105,124,1.180952381
Chhattisgarh,JASHPUR,2007,Kharif,Maize,6057,9945,1.641901932
Chhattisgarh,JASHPUR,2007,Kharif,Mesta,34,56,1.647058824
Chhattisgarh,JASHPUR,2007,Kharif,Moong(Green Gram),45,12,0.266666667
Chhattisgarh,JASHPUR,2007,Kharif,Niger seed,23311,3811,0.16348505
Chhattisgarh,JASHPUR,2007,Kharif,Other Kharif pulses,379,99,0.26121372
Chhattisgarh,JASHPUR,2007,Kharif,Potato,1037,4617,4.452266152
Chhattisgarh,JASHPUR,2007,Kharif,Ragi,607,153,0.252059308
Chhattisgarh,JASHPUR,2007,Kharif,Rice,181389,220343,1.214753927
Chhattisgarh,JASHPUR,2007,Kharif,Sesamum,285,94,0.329824561
Chhattisgarh,JASHPUR,2007,Kharif,Small millets,5180,1572,0.303474903
Chhattisgarh,JASHPUR,2007,Kharif,Soyabean,20,24,1.2
Chhattisgarh,JASHPUR,2007,Kharif,Sunflower,3,1,0.333333333
Chhattisgarh,JASHPUR,2007,Kharif,Urad,15465,3578,0.231361138
Chhattisgarh,JASHPUR,2007,Rabi,Barley,20,21,1.05
Chhattisgarh,JASHPUR,2007,Rabi,Gram,1209,1009,0.834574028
Chhattisgarh,JASHPUR,2007,Rabi,Khesari,306,126,0.411764706
Chhattisgarh,JASHPUR,2007,Rabi,Linseed,1239,388,0.313155771
Chhattisgarh,JASHPUR,2007,Rabi,Masoor,504,143,0.283730159
Chhattisgarh,JASHPUR,2007,Rabi,Moong(Green Gram),3,1,0.333333333
Chhattisgarh,JASHPUR,2007,Rabi,Other  Rabi pulses,630,20,0.031746032
Chhattisgarh,JASHPUR,2007,Rabi,Peas & beans (Pulses),815,270,0.331288344
Chhattisgarh,JASHPUR,2007,Rabi,Potato,1046,5003,4.782982792
Chhattisgarh,JASHPUR,2007,Rabi,Rapeseed &Mustard,4913,1972,0.401384083
Chhattisgarh,JASHPUR,2007,Rabi,Wheat,1342,1855,1.382265276
Chhattisgarh,JASHPUR,2007,Whole Year,Banana,22,685,31.13636364
Chhattisgarh,JASHPUR,2007,Whole Year,Coriander,28,6,0.214285714
Chhattisgarh,JASHPUR,2007,Whole Year,Dry chillies,196,134,0.683673469
Chhattisgarh,JASHPUR,2007,Whole Year,Dry ginger,3,3,1
Chhattisgarh,JASHPUR,2007,Whole Year,Garlic,111,332,2.990990991
Chhattisgarh,JASHPUR,2007,Whole Year,Onion,409,2429,5.938875306
Chhattisgarh,JASHPUR,2007,Whole Year,Sannhamp,119,41,0.344537815
Chhattisgarh,JASHPUR,2007,Whole Year,Sugarcane,31,86,2.774193548
Chhattisgarh,JASHPUR,2007,Whole Year,Sweet potato,452,2614,5.783185841
Chhattisgarh,JASHPUR,2007,Whole Year,Tobacco,2,2,1
Chhattisgarh,JASHPUR,2007,Whole Year,Turmeric,53,40,0.754716981
Chhattisgarh,JASHPUR,2008,Kharif,Arhar/Tur,4145,2685,0.647768396
Chhattisgarh,JASHPUR,2008,Kharif,Bajra,25,10,0.4
Chhattisgarh,JASHPUR,2008,Kharif,Groundnut,3598,4655,1.293774319
Chhattisgarh,JASHPUR,2008,Kharif,Horse-gram,3840,1110,0.2890625
Chhattisgarh,JASHPUR,2008,Kharif,Jowar,106,173,1.632075472
Chhattisgarh,JASHPUR,2008,Kharif,Maize,6040,8625,1.427980132
Chhattisgarh,JASHPUR,2008,Kharif,Mesta,22,39,1.772727273
Chhattisgarh,JASHPUR,2008,Kharif,Moong(Green Gram),41,12,0.292682927
Chhattisgarh,JASHPUR,2008,Kharif,Niger seed,23250,3865,0.166236559
Chhattisgarh,JASHPUR,2008,Kharif,Other Kharif pulses,339,92,0.271386431
Chhattisgarh,JASHPUR,2008,Kharif,Ragi,701,178,0.253922967
Chhattisgarh,JASHPUR,2008,Kharif,Rice,180921,203992,1.127519746
Chhattisgarh,JASHPUR,2008,Kharif,Sesamum,262,75,0.286259542
Chhattisgarh,JASHPUR,2008,Kharif,Small millets,4959,1267,0.255495059
Chhattisgarh,JASHPUR,2008,Kharif,Soyabean,20,23,1.15
Chhattisgarh,JASHPUR,2008,Kharif,Sunflower,5,2,0.4
Chhattisgarh,JASHPUR,2008,Kharif,Urad,14917,3451,0.231346786
Chhattisgarh,JASHPUR,2008,Rabi,Barley,22,22,1
Chhattisgarh,JASHPUR,2008,Rabi,Gram,1174,961,0.818568995
Chhattisgarh,JASHPUR,2008,Rabi,Khesari,315,57,0.180952381
Chhattisgarh,JASHPUR,2008,Rabi,Linseed,1258,381,0.302861685
Chhattisgarh,JASHPUR,2008,Rabi,Masoor,479,136,0.283924843
Chhattisgarh,JASHPUR,2008,Rabi,Moong(Green Gram),4,1,0.25
Chhattisgarh,JASHPUR,2008,Rabi,Other  Rabi pulses,641,23,0.035881435
Chhattisgarh,JASHPUR,2008,Rabi,Peas & beans (Pulses),872,300,0.344036697
Chhattisgarh,JASHPUR,2008,Rabi,Potato,1055,2586,2.451184834
Chhattisgarh,JASHPUR,2008,Rabi,Rapeseed &Mustard,5056,2027,0.40090981
Chhattisgarh,JASHPUR,2008,Rabi,Wheat,1389,1858,1.337652988
Chhattisgarh,JASHPUR,2008,Whole Year,Banana,21,621,29.57142857
Chhattisgarh,JASHPUR,2008,Whole Year,Coriander,29,6,0.206896552
Chhattisgarh,JASHPUR,2008,Whole Year,Dry chillies,202,116,0.574257426
Chhattisgarh,JASHPUR,2008,Whole Year,Dry ginger,9,9,1
Chhattisgarh,JASHPUR,2008,Whole Year,Garlic,106,302,2.849056604
Chhattisgarh,JASHPUR,2008,Whole Year,Onion,413,3070,7.433414044
Chhattisgarh,JASHPUR,2008,Whole Year,Sannhamp,103,39,0.378640777
Chhattisgarh,JASHPUR,2008,Whole Year,Sugarcane,92,264,2.869565217
Chhattisgarh,JASHPUR,2008,Whole Year,Sweet potato,395,2246,5.686075949
Chhattisgarh,JASHPUR,2008,Whole Year,Tobacco,2,1,0.5
Chhattisgarh,JASHPUR,2008,Whole Year,Turmeric,51,40,0.784313725
Chhattisgarh,JASHPUR,2009,Kharif,Arhar/Tur,3873,2426,0.626387813
Chhattisgarh,JASHPUR,2009,Kharif,Bajra,24,9,0.375
Chhattisgarh,JASHPUR,2009,Kharif,Groundnut,3801,6189,1.628255722
Chhattisgarh,JASHPUR,2009,Kharif,Horse-gram,3542,973,0.274703557
Chhattisgarh,JASHPUR,2009,Kharif,Jowar,411,594,1.445255474
Chhattisgarh,JASHPUR,2009,Kharif,Maize,5812,10003,1.721094288
Chhattisgarh,JASHPUR,2009,Kharif,Mesta,10,16,1.6
Chhattisgarh,JASHPUR,2009,Kharif,Moong(Green Gram),48,14,0.291666667
Chhattisgarh,JASHPUR,2009,Kharif,Niger seed,21508,3576,0.166263716
Chhattisgarh,JASHPUR,2009,Kharif,Other Kharif pulses,348,95,0.272988506
Chhattisgarh,JASHPUR,2009,Kharif,Ragi,504,128,0.253968254
Chhattisgarh,JASHPUR,2009,Kharif,Rice,180614,193157,1.069446444
Chhattisgarh,JASHPUR,2009,Kharif,Sesamum,218,114,0.52293578
Chhattisgarh,JASHPUR,2009,Kharif,Small millets,4420,770,0.174208145
Chhattisgarh,JASHPUR,2009,Kharif,Soyabean,10,11,1.1
Chhattisgarh,JASHPUR,2009,Kharif,Urad,14369,4920,0.342403786
Chhattisgarh,JASHPUR,2009,Rabi,Barley,20,20,1
Chhattisgarh,JASHPUR,2009,Rabi,Gram,1171,1136,0.970111016
Chhattisgarh,JASHPUR,2009,Rabi,Khesari,319,159,0.498432602
Chhattisgarh,JASHPUR,2009,Rabi,Linseed,1188,378,0.318181818
Chhattisgarh,JASHPUR,2009,Rabi,Masoor,461,134,0.290672451
Chhattisgarh,JASHPUR,2009,Rabi,Other  Rabi pulses,450,,
Chhattisgarh,JASHPUR,2009,Rabi,Peas & beans (Pulses),827,294,0.355501814
Chhattisgarh,JASHPUR,2009,Rabi,Rapeseed &Mustard,4728,2264,0.478849408
Chhattisgarh,JASHPUR,2009,Rabi,Wheat,1335,2018,1.511610487
Chhattisgarh,JASHPUR,2009,Whole Year,Banana,18,1241,68.94444444
Chhattisgarh,JASHPUR,2009,Whole Year,Coriander,37,8,0.216216216
Chhattisgarh,JASHPUR,2009,Whole Year,Dry chillies,207,155,0.748792271
Chhattisgarh,JASHPUR,2009,Whole Year,Dry ginger,17,19,1.117647059
Chhattisgarh,JASHPUR,2009,Whole Year,Garlic,121,339,2.801652893
Chhattisgarh,JASHPUR,2009,Whole Year,Onion,822,4969,6.045012165
Chhattisgarh,JASHPUR,2009,Whole Year,Potato,2438,10902,4.471698113
Chhattisgarh,JASHPUR,2009,Whole Year,Sannhamp,99,35,0.353535354
Chhattisgarh,JASHPUR,2009,Whole Year,Sugarcane,60,201,3.35
Chhattisgarh,JASHPUR,2009,Whole Year,Sweet potato,429,2481,5.783216783
Chhattisgarh,JASHPUR,2009,Whole Year,Tobacco,1,,
Chhattisgarh,JASHPUR,2009,Whole Year,Turmeric,57,42,0.736842105
Chhattisgarh,JASHPUR,2010,Kharif,Arhar/Tur,4192,1974,0.470896947
Chhattisgarh,JASHPUR,2010,Kharif,Bajra,21,7,0.333333333
Chhattisgarh,JASHPUR,2010,Kharif,Groundnut,4059,6313,1.555309189
Chhattisgarh,JASHPUR,2010,Kharif,Horse-gram,3503,963,0.274907222
Chhattisgarh,JASHPUR,2010,Kharif,Jowar,108,169,1.564814815
Chhattisgarh,JASHPUR,2010,Kharif,Maize,5891,10002,1.697844169
Chhattisgarh,JASHPUR,2010,Kharif,Mesta,15,25,1.666666667
Chhattisgarh,JASHPUR,2010,Kharif,Moong(Green Gram),36,10,0.277777778
Chhattisgarh,JASHPUR,2010,Kharif,Niger seed,21364,3359,0.157227111
Chhattisgarh,JASHPUR,2010,Kharif,Other Kharif pulses,328,89,0.271341463
Chhattisgarh,JASHPUR,2010,Kharif,Ragi,393,85,0.216284987
Chhattisgarh,JASHPUR,2010,Kharif,Rice,179402,247335,1.37866356
Chhattisgarh,JASHPUR,2010,Kharif,Sesamum,266,100,0.37593985
Chhattisgarh,JASHPUR,2010,Kharif,Small millets,3609,942,0.261014131
Chhattisgarh,JASHPUR,2010,Kharif,Soyabean,146,175,1.198630137
Chhattisgarh,JASHPUR,2010,Kharif,Urad,14663,5021,0.342426516
Chhattisgarh,JASHPUR,2010,Rabi,Barley,18,9,0.5
Chhattisgarh,JASHPUR,2010,Rabi,Gram,1134,1118,0.985890653
Chhattisgarh,JASHPUR,2010,Rabi,Khesari,324,171,0.527777778
Chhattisgarh,JASHPUR,2010,Rabi,Linseed,1144,275,0.240384615
Chhattisgarh,JASHPUR,2010,Rabi,Masoor,459,135,0.294117647
Chhattisgarh,JASHPUR,2010,Rabi,Other  Rabi pulses,500,25,0.05
Chhattisgarh,JASHPUR,2010,Rabi,Peas & beans (Pulses),858,290,0.337995338
Chhattisgarh,JASHPUR,2010,Rabi,Rapeseed &Mustard,4885,1815,0.371545548
Chhattisgarh,JASHPUR,2010,Rabi,Wheat,1183,1773,1.498732037
Chhattisgarh,JASHPUR,2010,Whole Year,Banana,24,747,31.125
Chhattisgarh,JASHPUR,2010,Whole Year,Coriander,39,8,0.205128205
Chhattisgarh,JASHPUR,2010,Whole Year,Dry chillies,265,130,0.490566038
Chhattisgarh,JASHPUR,2010,Whole Year,Dry ginger,11,10,0.909090909
Chhattisgarh,JASHPUR,2010,Whole Year,Garlic,137,396,2.890510949
Chhattisgarh,JASHPUR,2010,Whole Year,Onion,421,3463,8.225653207
Chhattisgarh,JASHPUR,2010,Whole Year,Potato,2059,10623,5.159300631
Chhattisgarh,JASHPUR,2010,Whole Year,Sannhamp,93,31,0.333333333
Chhattisgarh,JASHPUR,2010,Whole Year,Sugarcane,44,128,2.909090909
Chhattisgarh,JASHPUR,2010,Whole Year,Sweet potato,395,2208,5.589873418
Chhattisgarh,JASHPUR,2010,Whole Year,Tobacco,1,,
Chhattisgarh,JASHPUR,2010,Whole Year,Turmeric,63,46,0.73015873
Chhattisgarh,JASHPUR,2011,Kharif,Arhar/Tur,4139,2170,0.524281227
Chhattisgarh,JASHPUR,2011,Kharif,Bajra,12,5,0.416666667
Chhattisgarh,JASHPUR,2011,Kharif,Groundnut,4110,5986,1.456447689
Chhattisgarh,JASHPUR,2011,Kharif,Horse-gram,3608,991,0.274667406
Chhattisgarh,JASHPUR,2011,Kharif,Jowar,112,93,0.830357143
Chhattisgarh,JASHPUR,2011,Kharif,Maize,5862,9140,1.559194814
Chhattisgarh,JASHPUR,2011,Kharif,Mesta,11,22,2
Chhattisgarh,JASHPUR,2011,Kharif,Moong(Green Gram),33,10,0.303030303
Chhattisgarh,JASHPUR,2011,Kharif,Niger seed,21053,3559,0.169049542
Chhattisgarh,JASHPUR,2011,Kharif,Other Kharif pulses,345,97,0.28115942
Chhattisgarh,JASHPUR,2011,Kharif,Potato,1110,6191,5.577477477
Chhattisgarh,JASHPUR,2011,Kharif,Ragi,365,86,0.235616438
Chhattisgarh,JASHPUR,2011,Kharif,Rice,180163,267743,1.486115351
Chhattisgarh,JASHPUR,2011,Kharif,Sesamum,245,102,0.416326531
Chhattisgarh,JASHPUR,2011,Kharif,Small millets,3176,809,0.254722922
Chhattisgarh,JASHPUR,2011,Kharif,Soyabean,4,3,0.75
Chhattisgarh,JASHPUR,2011,Kharif,Urad,14422,5108,0.354181112
Chhattisgarh,JASHPUR,2011,Rabi,Barley,18,16,0.888888889
Chhattisgarh,JASHPUR,2011,Rabi,Gram,1149,1166,1.014795474
Chhattisgarh,JASHPUR,2011,Rabi,Khesari,303,132,0.435643564
Chhattisgarh,JASHPUR,2011,Rabi,Linseed,1023,390,0.381231672
Chhattisgarh,JASHPUR,2011,Rabi,Masoor,415,129,0.310843373
Chhattisgarh,JASHPUR,2011,Rabi,Other  Rabi pulses,453,24,0.052980132
Chhattisgarh,JASHPUR,2011,Rabi,Peas & beans (Pulses),800,290,0.3625
Chhattisgarh,JASHPUR,2011,Rabi,Potato,1016,5869,5.776574803
Chhattisgarh,JASHPUR,2011,Rabi,Rapeseed &Mustard,4819,2189,0.454243619
Chhattisgarh,JASHPUR,2011,Rabi,Wheat,1203,2031,1.688279302
Chhattisgarh,JASHPUR,2011,Whole Year,Banana,32,996,31.125
Chhattisgarh,JASHPUR,2011,Whole Year,Coriander,39,7,0.179487179
Chhattisgarh,JASHPUR,2011,Whole Year,Dry chillies,316,306,0.96835443
Chhattisgarh,JASHPUR,2011,Whole Year,Dry ginger,18,22,1.222222222
Chhattisgarh,JASHPUR,2011,Whole Year,Garlic,140,405,2.892857143
Chhattisgarh,JASHPUR,2011,Whole Year,Onion,444,2986,6.725225225
Chhattisgarh,JASHPUR,2011,Whole Year,Sannhamp,124,248,2
Chhattisgarh,JASHPUR,2011,Whole Year,Sugarcane,49,253,5.163265306
Chhattisgarh,JASHPUR,2011,Whole Year,Sweet potato,402,2325,5.78358209
Chhattisgarh,JASHPUR,2011,Whole Year,Turmeric,78,58,0.743589744
Chhattisgarh,JASHPUR,2012,Kharif,Arhar/Tur,4063,2464,0.606448437
Chhattisgarh,JASHPUR,2012,Kharif,Bajra,15,6,0.4
Chhattisgarh,JASHPUR,2012,Kharif,Groundnut,4017,6036,1.502613891
Chhattisgarh,JASHPUR,2012,Kharif,Horse-gram,3454,982,0.284308049
Chhattisgarh,JASHPUR,2012,Kharif,Jowar,104,80,0.769230769
Chhattisgarh,JASHPUR,2012,Kharif,Maize,5703,10574,1.854111871
Chhattisgarh,JASHPUR,2012,Kharif,Mesta,10,18,1.8
Chhattisgarh,JASHPUR,2012,Kharif,Moong(Green Gram),39,10,0.256410256
Chhattisgarh,JASHPUR,2012,Kharif,Niger seed,21169,3520,0.166280882
Chhattisgarh,JASHPUR,2012,Kharif,Other Kharif pulses,344,96,0.279069767
Chhattisgarh,JASHPUR,2012,Kharif,Potato,839,5923,7.059594756
Chhattisgarh,JASHPUR,2012,Kharif,Ragi,343,87,0.253644315
Chhattisgarh,JASHPUR,2012,Kharif,Rice,182433,278298,1.525480587
Chhattisgarh,JASHPUR,2012,Kharif,Sesamum,283,88,0.310954064
Chhattisgarh,JASHPUR,2012,Kharif,Small millets,3085,839,0.271961102
Chhattisgarh,JASHPUR,2012,Kharif,Urad,13154,4660,0.354264862
Chhattisgarh,JASHPUR,2012,Rabi,Barley,14,9,0.642857143
Chhattisgarh,JASHPUR,2012,Rabi,Gram,1117,1360,1.217547001
Chhattisgarh,JASHPUR,2012,Rabi,Khesari,267,113,0.423220974
Chhattisgarh,JASHPUR,2012,Rabi,Linseed,950,418,0.44
Chhattisgarh,JASHPUR,2012,Rabi,Masoor,457,126,0.27571116
Chhattisgarh,JASHPUR,2012,Rabi,Other  Rabi pulses,396,24,0.060606061
Chhattisgarh,JASHPUR,2012,Rabi,Peas & beans (Pulses),844,295,0.349526066
Chhattisgarh,JASHPUR,2012,Rabi,Potato,1041,7556,7.258405379
Chhattisgarh,JASHPUR,2012,Rabi,Rapeseed &Mustard,4831,2320,0.480231836
Chhattisgarh,JASHPUR,2012,Rabi,Wheat,1073,1752,1.632805219
Chhattisgarh,JASHPUR,2012,Whole Year,Banana,29,374,12.89655172
Chhattisgarh,JASHPUR,2012,Whole Year,Coriander,38,7,0.184210526
Chhattisgarh,JASHPUR,2012,Whole Year,Dry chillies,300,310,1.033333333
Chhattisgarh,JASHPUR,2012,Whole Year,Dry ginger,27,31,1.148148148
Chhattisgarh,JASHPUR,2012,Whole Year,Garlic,161,466,2.894409938
Chhattisgarh,JASHPUR,2012,Whole Year,Onion,453,2205,4.867549669
Chhattisgarh,JASHPUR,2012,Whole Year,Sannhamp,93,33,0.35483871
Chhattisgarh,JASHPUR,2012,Whole Year,Sugarcane,41,121,2.951219512
Chhattisgarh,JASHPUR,2012,Whole Year,Sweet potato,369,2063,5.590785908
Chhattisgarh,JASHPUR,2012,Whole Year,Turmeric,81,59,0.728395062
Chhattisgarh,JASHPUR,2013,Kharif,Arhar/Tur,4962,3432,0.69165659
Chhattisgarh,JASHPUR,2013,Kharif,Groundnut,4034,7462,1.849776896
Chhattisgarh,JASHPUR,2013,Kharif,Horse-gram,3293,952,0.289098087
Chhattisgarh,JASHPUR,2013,Kharif,Maize,5563,12224,2.197375517
Chhattisgarh,JASHPUR,2013,Kharif,Mesta,10,19,1.9
Chhattisgarh,JASHPUR,2013,Kharif,Moong(Green Gram),44,12,0.272727273
Chhattisgarh,JASHPUR,2013,Kharif,Niger seed,19640,3266,0.166293279
Chhattisgarh,JASHPUR,2013,Kharif,Other Kharif pulses,345,95,0.275362319
Chhattisgarh,JASHPUR,2013,Kharif,Potato,1015,4438,4.372413793
Chhattisgarh,JASHPUR,2013,Kharif,Ragi,364,95,0.260989011
Chhattisgarh,JASHPUR,2013,Kharif,Rice,180506,277510,1.537400419
Chhattisgarh,JASHPUR,2013,Kharif,Sannhamp,80,29,0.3625
Chhattisgarh,JASHPUR,2013,Kharif,Sesamum,221,69,0.312217195
Chhattisgarh,JASHPUR,2013,Kharif,Small millets,3461,930,0.268708466
Chhattisgarh,JASHPUR,2013,Kharif,Urad,12270,4346,0.354197229
Chhattisgarh,JASHPUR,2013,Rabi,Barley,18,18,1
Chhattisgarh,JASHPUR,2013,Rabi,Gram,1141,964,0.844872918
Chhattisgarh,JASHPUR,2013,Rabi,Khesari,269,129,0.479553903
Chhattisgarh,JASHPUR,2013,Rabi,Linseed,981,408,0.415902141
Chhattisgarh,JASHPUR,2013,Rabi,Masoor,883,274,0.310305776
Chhattisgarh,JASHPUR,2013,Rabi,Other  Rabi pulses,446,470,1.053811659
Chhattisgarh,JASHPUR,2013,Rabi,Peas & beans (Pulses),806,292,0.362282878
Chhattisgarh,JASHPUR,2013,Rabi,Potato,1052,5663,5.383079848
Chhattisgarh,JASHPUR,2013,Rabi,Rapeseed &Mustard,4654,2664,0.572410829
Chhattisgarh,JASHPUR,2013,Rabi,Wheat,1153,1939,1.681699913
Chhattisgarh,JASHPUR,2013,Whole Year,Bajra,33,13,0.393939394
Chhattisgarh,JASHPUR,2013,Whole Year,Banana,33,1028,31.15151515
Chhattisgarh,JASHPUR,2013,Whole Year,Coriander,33,8,0.242424242
Chhattisgarh,JASHPUR,2013,Whole Year,Dry chillies,373,282,0.756032172
Chhattisgarh,JASHPUR,2013,Whole Year,Dry ginger,32,38,1.1875
Chhattisgarh,JASHPUR,2013,Whole Year,Garlic,161,473,2.937888199
Chhattisgarh,JASHPUR,2013,Whole Year,Jowar,130,91,0.7
Chhattisgarh,JASHPUR,2013,Whole Year,Onion,447,4459,9.975391499
Chhattisgarh,JASHPUR,2013,Whole Year,Sugarcane,59,179,3.033898305
Chhattisgarh,JASHPUR,2013,Whole Year,Sweet potato,368,2164,5.880434783
Chhattisgarh,JASHPUR,2013,Whole Year,Turmeric,77,55,0.714285714
Chhattisgarh,JASHPUR,2014,Kharif,Arhar/Tur,4905,3124,0.636901121
Chhattisgarh,JASHPUR,2014,Kharif,Bajra,22,9,0.409090909
Chhattisgarh,JASHPUR,2014,Kharif,Groundnut,4181,6590,1.576177948
Chhattisgarh,JASHPUR,2014,Kharif,Horse-gram,3326,946,0.284425737
Chhattisgarh,JASHPUR,2014,Kharif,Maize,5630,10554,1.874600355
Chhattisgarh,JASHPUR,2014,Kharif,Mesta,9,17,1.888888889
Chhattisgarh,JASHPUR,2014,Kharif,Moong(Green Gram),38,11,0.289473684
Chhattisgarh,JASHPUR,2014,Kharif,Niger seed,20801,3516,0.169030335
Chhattisgarh,JASHPUR,2014,Kharif,Other Kharif pulses,337,94,0.278931751
Chhattisgarh,JASHPUR,2014,Kharif,Potato,925,5948,6.43027027
Chhattisgarh,JASHPUR,2014,Kharif,Ragi,338,85,0.25147929
Chhattisgarh,JASHPUR,2014,Kharif,Rice,180700,290404,1.6071057
Chhattisgarh,JASHPUR,2014,Kharif,Sannhamp,97,34,0.350515464
Chhattisgarh,JASHPUR,2014,Kharif,Sesamum,242,119,0.491735537
Chhattisgarh,JASHPUR,2014,Kharif,Small millets,3325,952,0.286315789
Chhattisgarh,JASHPUR,2014,Kharif,Soyabean,5,3,0.6
Chhattisgarh,JASHPUR,2014,Kharif,Urad,11489,3934,0.342414483
Chhattisgarh,JASHPUR,2014,Rabi,Barley,15,19,1.266666667
Chhattisgarh,JASHPUR,2014,Rabi,Gram,1116,1373,1.230286738
Chhattisgarh,JASHPUR,2014,Rabi,Khesari,298,254,0.852348993
Chhattisgarh,JASHPUR,2014,Rabi,Linseed,1013,432,0.426456071
Chhattisgarh,JASHPUR,2014,Rabi,Masoor,893,273,0.305711086
Chhattisgarh,JASHPUR,2014,Rabi,Other  Rabi pulses,489,21,0.042944785
Chhattisgarh,JASHPUR,2014,Rabi,Peas & beans (Pulses),748,271,0.362299465
Chhattisgarh,JASHPUR,2014,Rabi,Potato,1082,6587,6.08780037
Chhattisgarh,JASHPUR,2014,Rabi,Rapeseed &Mustard,4614,2405,0.521239705
Chhattisgarh,JASHPUR,2014,Rabi,Wheat,1155,2161,1.870995671
Chhattisgarh,JASHPUR,2014,Whole Year,Banana,29,903,31.13793103
Chhattisgarh,JASHPUR,2014,Whole Year,Coriander,44,9,0.204545455
Chhattisgarh,JASHPUR,2014,Whole Year,Dry chillies,410,222,0.541463415
Chhattisgarh,JASHPUR,2014,Whole Year,Dry ginger,25,29,1.16
Chhattisgarh,JASHPUR,2014,Whole Year,Garlic,162,468,2.888888889
Chhattisgarh,JASHPUR,2014,Whole Year,Jowar,115,99,0.860869565
Chhattisgarh,JASHPUR,2014,Whole Year,Onion,448,5815,12.97991071
Chhattisgarh,JASHPUR,2014,Whole Year,Sugarcane,83,379,4.56626506
Chhattisgarh,JASHPUR,2014,Whole Year,Sweet potato,351,2064,5.88034188
Chhattisgarh,JASHPUR,2014,Whole Year,Turmeric,75,54,0.72
Chhattisgarh,KABIRDHAM,2000,Kharif,Arhar/Tur,6220,1946,0.312861736
Chhattisgarh,KABIRDHAM,2000,Kharif,Bajra,9,7,0.777777778
Chhattisgarh,KABIRDHAM,2000,Kharif,Castor seed,7,2,0.285714286
Chhattisgarh,KABIRDHAM,2000,Kharif,Cotton(lint),1,,
Chhattisgarh,KABIRDHAM,2000,Kharif,Groundnut,388,270,0.695876289
Chhattisgarh,KABIRDHAM,2000,Kharif,Horse-gram,18,4,0.222222222
Chhattisgarh,KABIRDHAM,2000,Kharif,Jowar,149,60,0.402684564
Chhattisgarh,KABIRDHAM,2000,Kharif,Maize,3302,2187,0.662325863
Chhattisgarh,KABIRDHAM,2000,Kharif,Mesta,7,7,1
Chhattisgarh,KABIRDHAM,2000,Kharif,Moong(Green Gram),3,,
Chhattisgarh,KABIRDHAM,2000,Kharif,Niger seed,230,30,0.130434783
Chhattisgarh,KABIRDHAM,2000,Kharif,Other Kharif pulses,78,23,0.294871795
Chhattisgarh,KABIRDHAM,2000,Kharif,Rice,90203,46575,0.516335377
Chhattisgarh,KABIRDHAM,2000,Kharif,Sesamum,1668,255,0.152877698
Chhattisgarh,KABIRDHAM,2000,Kharif,Small millets,31604,4254,0.134603215
Chhattisgarh,KABIRDHAM,2000,Kharif,Soyabean,1858,811,0.43649085
Chhattisgarh,KABIRDHAM,2000,Kharif,Sunflower,2,2,1
Chhattisgarh,KABIRDHAM,2000,Kharif,Urad,2386,575,0.240989103
Chhattisgarh,KABIRDHAM,2000,Rabi,Gram,35825,12159,0.33939986
Chhattisgarh,KABIRDHAM,2000,Rabi,Khesari,7950,2053,0.258238994
Chhattisgarh,KABIRDHAM,2000,Rabi,Linseed,5567,905,0.162565116
Chhattisgarh,KABIRDHAM,2000,Rabi,Masoor,907,147,0.162072767
Chhattisgarh,KABIRDHAM,2000,Rabi,Moong(Green Gram),3,,
Chhattisgarh,KABIRDHAM,2000,Rabi,Other  Rabi pulses,11,3,0.272727273
Chhattisgarh,KABIRDHAM,2000,Rabi,Peas & beans (Pulses),285,38,0.133333333
Chhattisgarh,KABIRDHAM,2000,Rabi,Rapeseed &Mustard,2176,549,0.252297794
Chhattisgarh,KABIRDHAM,2000,Rabi,Safflower,93,31,0.333333333
Chhattisgarh,KABIRDHAM,2000,Rabi,Urad,85,12,0.141176471
Chhattisgarh,KABIRDHAM,2000,Rabi,Wheat,4720,1870,0.396186441
Chhattisgarh,KABIRDHAM,2000,Whole Year,Banana,4,146,36.5
Chhattisgarh,KABIRDHAM,2000,Whole Year,Coriander,79,9,0.113924051
Chhattisgarh,KABIRDHAM,2000,Whole Year,Dry chillies,363,74,0.203856749
Chhattisgarh,KABIRDHAM,2000,Whole Year,Onion,200,1088,5.44
Chhattisgarh,KABIRDHAM,2000,Whole Year,Potato,76,486,6.394736842
Chhattisgarh,KABIRDHAM,2000,Whole Year,Sannhamp,6,2,0.333333333
Chhattisgarh,KABIRDHAM,2000,Whole Year,Sugarcane,1138,2219,1.949912127
Chhattisgarh,KABIRDHAM,2000,Whole Year,Sweet potato,40,234,5.85
Chhattisgarh,KABIRDHAM,2001,Kharif,Arhar/Tur,5797,2207,0.380714162
Chhattisgarh,KABIRDHAM,2001,Kharif,Bajra,5,4,0.8
Chhattisgarh,KABIRDHAM,2001,Kharif,Castor seed,18,5,0.277777778
Chhattisgarh,KABIRDHAM,2001,Kharif,Groundnut,346,532,1.537572254
Chhattisgarh,KABIRDHAM,2001,Kharif,Horse-gram,29,8,0.275862069
Chhattisgarh,KABIRDHAM,2001,Kharif,Jowar,184,165,0.89673913
Chhattisgarh,KABIRDHAM,2001,Kharif,Maize,3191,2191,0.686618615
Chhattisgarh,KABIRDHAM,2001,Kharif,Mesta,2,4,2
Chhattisgarh,KABIRDHAM,2001,Kharif,Moong(Green Gram),202,41,0.202970297
Chhattisgarh,KABIRDHAM,2001,Kharif,Niger seed,246,47,0.191056911
Chhattisgarh,KABIRDHAM,2001,Kharif,Other Kharif pulses,89,24,0.269662921
Chhattisgarh,KABIRDHAM,2001,Kharif,Rice,92215,108539,1.177021092
Chhattisgarh,KABIRDHAM,2001,Kharif,Sesamum,1660,373,0.224698795
Chhattisgarh,KABIRDHAM,2001,Kharif,Small millets,32324,9039,0.279637421
Chhattisgarh,KABIRDHAM,2001,Kharif,Soyabean,2969,2031,0.68406871
Chhattisgarh,KABIRDHAM,2001,Kharif,Urad,2088,654,0.313218391
Chhattisgarh,KABIRDHAM,2001,Rabi,Gram,44406,28777,0.648043057
Chhattisgarh,KABIRDHAM,2001,Rabi,Khesari,16416,8083,0.492385478
Chhattisgarh,KABIRDHAM,2001,Rabi,Linseed,4612,1103,0.239158716
Chhattisgarh,KABIRDHAM,2001,Rabi,Masoor,1093,331,0.302836231
Chhattisgarh,KABIRDHAM,2001,Rabi,Moong(Green Gram),8,2,0.25
Chhattisgarh,KABIRDHAM,2001,Rabi,Other  Rabi pulses,21,6,0.285714286
Chhattisgarh,KABIRDHAM,2001,Rabi,Peas & beans (Pulses),277,87,0.314079422
Chhattisgarh,KABIRDHAM,2001,Rabi,Rapeseed &Mustard,2135,733,0.343325527
Chhattisgarh,KABIRDHAM,2001,Rabi,Safflower,26,11,0.423076923
Chhattisgarh,KABIRDHAM,2001,Rabi,Urad,99,27,0.272727273
Chhattisgarh,KABIRDHAM,2001,Rabi,Wheat,5253,4063,0.773462783
Chhattisgarh,KABIRDHAM,2001,Whole Year,Banana,5,216,43.2
Chhattisgarh,KABIRDHAM,2001,Whole Year,Coriander,78,18,0.230769231
Chhattisgarh,KABIRDHAM,2001,Whole Year,Dry chillies,382,228,0.596858639
Chhattisgarh,KABIRDHAM,2001,Whole Year,Onion,227,1670,7.356828194
Chhattisgarh,KABIRDHAM,2001,Whole Year,Potato,83,528,6.361445783
Chhattisgarh,KABIRDHAM,2001,Whole Year,Sannhamp,5,1,0.2
Chhattisgarh,KABIRDHAM,2001,Whole Year,Sugarcane,1351,2634,1.949666913
Chhattisgarh,KABIRDHAM,2001,Whole Year,Sweet potato,30,184,6.133333333
Chhattisgarh,KABIRDHAM,2002,Kharif,Arhar/Tur,5607,2565,0.457463884
Chhattisgarh,KABIRDHAM,2002,Kharif,Bajra,5,4,0.8
Chhattisgarh,KABIRDHAM,2002,Kharif,Groundnut,430,532,1.237209302
Chhattisgarh,KABIRDHAM,2002,Kharif,Horse-gram,31,9,0.290322581
Chhattisgarh,KABIRDHAM,2002,Kharif,Jowar,153,124,0.810457516
Chhattisgarh,KABIRDHAM,2002,Kharif,Maize,3042,4373,1.437541091
Chhattisgarh,KABIRDHAM,2002,Kharif,Moong(Green Gram),18,3,0.166666667
Chhattisgarh,KABIRDHAM,2002,Kharif,Niger seed,240,60,0.25
Chhattisgarh,KABIRDHAM,2002,Kharif,Other Kharif pulses,58,16,0.275862069
Chhattisgarh,KABIRDHAM,2002,Kharif,Rice,92649,81628,0.881045667
Chhattisgarh,KABIRDHAM,2002,Kharif,Sesamum,1652,453,0.274213075
Chhattisgarh,KABIRDHAM,2002,Kharif,Small millets,30542,5443,0.178213607
Chhattisgarh,KABIRDHAM,2002,Kharif,Soyabean,2945,1686,0.572495756
Chhattisgarh,KABIRDHAM,2002,Kharif,Sunflower,11,10,0.909090909
Chhattisgarh,KABIRDHAM,2002,Kharif,Urad,2470,789,0.319433198
Chhattisgarh,KABIRDHAM,2002,Rabi,Gram,45424,27246,0.599815076
Chhattisgarh,KABIRDHAM,2002,Rabi,Horse-gram,4,1,0.25
Chhattisgarh,KABIRDHAM,2002,Rabi,Khesari,13794,6649,0.482021169
Chhattisgarh,KABIRDHAM,2002,Rabi,Linseed,5254,2165,0.412066997
Chhattisgarh,KABIRDHAM,2002,Rabi,Masoor,1147,355,0.309503051
Chhattisgarh,KABIRDHAM,2002,Rabi,Moong(Green Gram),1,0,0
Chhattisgarh,KABIRDHAM,2002,Rabi,Other  Rabi pulses,6,2,0.333333333
Chhattisgarh,KABIRDHAM,2002,Rabi,Peas & beans (Pulses),244,70,0.286885246
Chhattisgarh,KABIRDHAM,2002,Rabi,Rapeseed &Mustard,1448,486,0.335635359
Chhattisgarh,KABIRDHAM,2002,Rabi,Safflower,64,26,0.40625
Chhattisgarh,KABIRDHAM,2002,Rabi,Urad,903,221,0.244739756
Chhattisgarh,KABIRDHAM,2002,Rabi,Wheat,5336,4531,0.849137931
Chhattisgarh,KABIRDHAM,2002,Whole Year,Banana,2,91,45.5
Chhattisgarh,KABIRDHAM,2002,Whole Year,Coriander,104,21,0.201923077
Chhattisgarh,KABIRDHAM,2002,Whole Year,Dry chillies,419,438,1.045346062
Chhattisgarh,KABIRDHAM,2002,Whole Year,Dry ginger,17,19,1.117647059
Chhattisgarh,KABIRDHAM,2002,Whole Year,Onion,215,1221,5.679069767
Chhattisgarh,KABIRDHAM,2002,Whole Year,Potato,85,505,5.941176471
Chhattisgarh,KABIRDHAM,2002,Whole Year,Sannhamp,6,2,0.333333333
Chhattisgarh,KABIRDHAM,2002,Whole Year,Sugarcane,1812,3689,2.035871965
Chhattisgarh,KABIRDHAM,2002,Whole Year,Sweet potato,33,210,6.363636364
Chhattisgarh,KABIRDHAM,2003,Kharif,Arhar/Tur,5459,2965,0.543139769
Chhattisgarh,KABIRDHAM,2003,Kharif,Castor seed,11,4,0.363636364
Chhattisgarh,KABIRDHAM,2003,Kharif,Groundnut,410,482,1.175609756
Chhattisgarh,KABIRDHAM,2003,Kharif,Horse-gram,10,4,0.4
Chhattisgarh,KABIRDHAM,2003,Kharif,Jowar,153,120,0.784313725
Chhattisgarh,KABIRDHAM,2003,Kharif,Maize,2880,2662,0.924305556
Chhattisgarh,KABIRDHAM,2003,Kharif,Moong(Green Gram),25,4,0.16
Chhattisgarh,KABIRDHAM,2003,Kharif,Niger seed,313,56,0.178913738
Chhattisgarh,KABIRDHAM,2003,Kharif,Other Kharif pulses,51,15,0.294117647
Chhattisgarh,KABIRDHAM,2003,Kharif,Rice,92807,101004,1.088323079
Chhattisgarh,KABIRDHAM,2003,Kharif,Sesamum,1505,349,0.231893688
Chhattisgarh,KABIRDHAM,2003,Kharif,Small millets,28637,7772,0.271397144
Chhattisgarh,KABIRDHAM,2003,Kharif,Soyabean,5273,5215,0.989000569
Chhattisgarh,KABIRDHAM,2003,Kharif,Sunflower,13,10,0.769230769
Chhattisgarh,KABIRDHAM,2003,Kharif,Urad,2753,846,0.307301126
Chhattisgarh,KABIRDHAM,2003,Rabi,Gram,51549,43326,0.840481872
Chhattisgarh,KABIRDHAM,2003,Rabi,Horse-gram,6,2,0.333333333
Chhattisgarh,KABIRDHAM,2003,Rabi,Khesari,18399,9128,0.496113919
Chhattisgarh,KABIRDHAM,2003,Rabi,Linseed,3635,1016,0.279504814
Chhattisgarh,KABIRDHAM,2003,Rabi,Masoor,1279,388,0.303362002
Chhattisgarh,KABIRDHAM,2003,Rabi,Moong(Green Gram),6,2,0.333333333
Chhattisgarh,KABIRDHAM,2003,Rabi,Other  Rabi pulses,7,2,0.285714286
Chhattisgarh,KABIRDHAM,2003,Rabi,Peas & beans (Pulses),240,67,0.279166667
Chhattisgarh,KABIRDHAM,2003,Rabi,Rapeseed &Mustard,2152,808,0.375464684
Chhattisgarh,KABIRDHAM,2003,Rabi,Safflower,79,32,0.405063291
Chhattisgarh,KABIRDHAM,2003,Rabi,Urad,134,32,0.23880597
Chhattisgarh,KABIRDHAM,2003,Rabi,Wheat,5699,4726,0.829268293
Chhattisgarh,KABIRDHAM,2003,Whole Year,Coriander,95,24,0.252631579
Chhattisgarh,KABIRDHAM,2003,Whole Year,Dry chillies,324,243,0.75
Chhattisgarh,KABIRDHAM,2003,Whole Year,Onion,205,1137,5.546341463
Chhattisgarh,KABIRDHAM,2003,Whole Year,Potato,90,418,4.644444444
Chhattisgarh,KABIRDHAM,2003,Whole Year,Sannhamp,1,,
Chhattisgarh,KABIRDHAM,2003,Whole Year,Sugarcane,2194,4719,2.150865998
Chhattisgarh,KABIRDHAM,2003,Whole Year,Sweet potato,29,170,5.862068966
Chhattisgarh,KABIRDHAM,2003,Whole Year,Turmeric,1,1,1
Chhattisgarh,KABIRDHAM,2004,Kharif,Arhar/Tur,4688,2421,0.516424915
Chhattisgarh,KABIRDHAM,2004,Kharif,Groundnut,262,361,1.377862595
Chhattisgarh,KABIRDHAM,2004,Kharif,Horse-gram,10,3,0.3
Chhattisgarh,KABIRDHAM,2004,Kharif,Jowar,155,95,0.612903226
Chhattisgarh,KABIRDHAM,2004,Kharif,Maize,2822,3210,1.137491141
Chhattisgarh,KABIRDHAM,2004,Kharif,Moong(Green Gram),35,7,0.2
Chhattisgarh,KABIRDHAM,2004,Kharif,Niger seed,320,58,0.18125
Chhattisgarh,KABIRDHAM,2004,Kharif,Other Kharif pulses,56,19,0.339285714
Chhattisgarh,KABIRDHAM,2004,Kharif,Rice,93135,83543,0.897009717
Chhattisgarh,KABIRDHAM,2004,Kharif,Sesamum,1352,413,0.305473373
Chhattisgarh,KABIRDHAM,2004,Kharif,Small millets,25088,6100,0.243144133
Chhattisgarh,KABIRDHAM,2004,Kharif,Soyabean,10605,10879,1.025836869
Chhattisgarh,KABIRDHAM,2004,Kharif,Sunflower,9,7,0.777777778
Chhattisgarh,KABIRDHAM,2004,Kharif,Urad,2858,1033,0.361441568
Chhattisgarh,KABIRDHAM,2004,Rabi,Gram,63180,30022,0.47518202
Chhattisgarh,KABIRDHAM,2004,Rabi,Khesari,15817,4973,0.314408548
Chhattisgarh,KABIRDHAM,2004,Rabi,Linseed,2569,644,0.250681199
Chhattisgarh,KABIRDHAM,2004,Rabi,Masoor,1636,373,0.22799511
Chhattisgarh,KABIRDHAM,2004,Rabi,Moong(Green Gram),20,4,0.2
Chhattisgarh,KABIRDHAM,2004,Rabi,Peas & beans (Pulses),256,62,0.2421875
Chhattisgarh,KABIRDHAM,2004,Rabi,Rapeseed &Mustard,2127,734,0.345086977
Chhattisgarh,KABIRDHAM,2004,Rabi,Safflower,34,14,0.411764706
Chhattisgarh,KABIRDHAM,2004,Rabi,Urad,168,52,0.30952381
Chhattisgarh,KABIRDHAM,2004,Rabi,Wheat,5626,3805,0.676324209
Chhattisgarh,KABIRDHAM,2004,Whole Year,Coriander,123,25,0.203252033
Chhattisgarh,KABIRDHAM,2004,Whole Year,Dry chillies,308,168,0.545454545
Chhattisgarh,KABIRDHAM,2004,Whole Year,Dry ginger,1,1,1
Chhattisgarh,KABIRDHAM,2004,Whole Year,Onion,179,680,3.798882682
Chhattisgarh,KABIRDHAM,2004,Whole Year,Potato,85,486,5.717647059
Chhattisgarh,KABIRDHAM,2004,Whole Year,Sannhamp,1,,
Chhattisgarh,KABIRDHAM,2004,Whole Year,Sugarcane,3196,6873,2.150500626
Chhattisgarh,KABIRDHAM,2004,Whole Year,Sweet potato,28,153,5.464285714
Chhattisgarh,KABIRDHAM,2004,Whole Year,Turmeric,2,2,1
Chhattisgarh,KABIRDHAM,2005,Kharif,Arhar/Tur,4218,1611,0.381934566
Chhattisgarh,KABIRDHAM,2005,Kharif,Groundnut,196,225,1.147959184
Chhattisgarh,KABIRDHAM,2005,Kharif,Horse-gram,4,1,0.25
Chhattisgarh,KABIRDHAM,2005,Kharif,Jowar,154,111,0.720779221
Chhattisgarh,KABIRDHAM,2005,Kharif,Maize,2815,2568,0.912255773
Chhattisgarh,KABIRDHAM,2005,Kharif,Moong(Green Gram),33,6,0.181818182
Chhattisgarh,KABIRDHAM,2005,Kharif,Niger seed,306,55,0.179738562
Chhattisgarh,KABIRDHAM,2005,Kharif,Other Kharif pulses,19,5,0.263157895
Chhattisgarh,KABIRDHAM,2005,Kharif,Rice,93236,102670,1.101184092
Chhattisgarh,KABIRDHAM,2005,Kharif,Sesamum,1096,264,0.240875912
Chhattisgarh,KABIRDHAM,2005,Kharif,Small millets,22439,4378,0.195106734
Chhattisgarh,KABIRDHAM,2005,Kharif,Soyabean,15455,13195,0.853769007
Chhattisgarh,KABIRDHAM,2005,Kharif,Sunflower,29,25,0.862068966
Chhattisgarh,KABIRDHAM,2005,Kharif,Urad,2672,805,0.301272455
Chhattisgarh,KABIRDHAM,2005,Rabi,Gram,63436,34890,0.550003153
Chhattisgarh,KABIRDHAM,2005,Rabi,Horse-gram,6,1,0.166666667
Chhattisgarh,KABIRDHAM,2005,Rabi,Khesari,15439,5150,0.333570827
Chhattisgarh,KABIRDHAM,2005,Rabi,Linseed,1968,439,0.223069106
Chhattisgarh,KABIRDHAM,2005,Rabi,Masoor,1612,437,0.271091811
Chhattisgarh,KABIRDHAM,2005,Rabi,Moong(Green Gram),6,1,0.166666667
Chhattisgarh,KABIRDHAM,2005,Rabi,Other  Rabi pulses,23,6,0.260869565
Chhattisgarh,KABIRDHAM,2005,Rabi,Peas & beans (Pulses),254,69,0.271653543
Chhattisgarh,KABIRDHAM,2005,Rabi,Rapeseed &Mustard,2205,612,0.27755102
Chhattisgarh,KABIRDHAM,2005,Rabi,Safflower,29,9,0.310344828
Chhattisgarh,KABIRDHAM,2005,Rabi,Urad,114,37,0.324561404
Chhattisgarh,KABIRDHAM,2005,Rabi,Wheat,5377,3452,0.641993677
Chhattisgarh,KABIRDHAM,2005,Whole Year,Banana,1,30,30
Chhattisgarh,KABIRDHAM,2005,Whole Year,Coriander,123,26,0.211382114
Chhattisgarh,KABIRDHAM,2005,Whole Year,Dry chillies,271,73,0.269372694
Chhattisgarh,KABIRDHAM,2005,Whole Year,Dry ginger,1,1,1
Chhattisgarh,KABIRDHAM,2005,Whole Year,Onion,212,732,3.452830189
Chhattisgarh,KABIRDHAM,2005,Whole Year,Potato,83,424,5.108433735
Chhattisgarh,KABIRDHAM,2005,Whole Year,Sugarcane,3609,7762,2.150734275
Chhattisgarh,KABIRDHAM,2005,Whole Year,Sweet potato,19,93,4.894736842
Chhattisgarh,KABIRDHAM,2006,Kharif,Arhar/Tur,4292,1651,0.384669152
Chhattisgarh,KABIRDHAM,2006,Kharif,Bajra,3,3,1
Chhattisgarh,KABIRDHAM,2006,Kharif,Groundnut,159,202,1.270440252
Chhattisgarh,KABIRDHAM,2006,Kharif,Horse-gram,4,1,0.25
Chhattisgarh,KABIRDHAM,2006,Kharif,Jowar,145,106,0.731034483
Chhattisgarh,KABIRDHAM,2006,Kharif,Maize,2699,2519,0.933308633
Chhattisgarh,KABIRDHAM,2006,Kharif,Moong(Green Gram),240,50,0.208333333
Chhattisgarh,KABIRDHAM,2006,Kharif,Niger seed,262,59,0.22519084
Chhattisgarh,KABIRDHAM,2006,Kharif,Other Kharif pulses,42,12,0.285714286
Chhattisgarh,KABIRDHAM,2006,Kharif,Potato,1,7,7
Chhattisgarh,KABIRDHAM,2006,Kharif,Rice,92837,129942,1.399679007
Chhattisgarh,KABIRDHAM,2006,Kharif,Sesamum,917,238,0.259541985
Chhattisgarh,KABIRDHAM,2006,Kharif,Small millets,19011,5374,0.282678449
Chhattisgarh,KABIRDHAM,2006,Kharif,Soyabean,22842,24311,1.064311356
Chhattisgarh,KABIRDHAM,2006,Kharif,Sunflower,3,210,70
Chhattisgarh,KABIRDHAM,2006,Kharif,Urad,2333,843,0.361337334
Chhattisgarh,KABIRDHAM,2006,Rabi,Gram,60564,40384,0.666798758
Chhattisgarh,KABIRDHAM,2006,Rabi,Khesari,12630,4980,0.394299287
Chhattisgarh,KABIRDHAM,2006,Rabi,Linseed,1652,384,0.232445521
Chhattisgarh,KABIRDHAM,2006,Rabi,Masoor,1594,432,0.271016311
Chhattisgarh,KABIRDHAM,2006,Rabi,Moong(Green Gram),1,,
Chhattisgarh,KABIRDHAM,2006,Rabi,Other  Rabi pulses,19,4,0.210526316
Chhattisgarh,KABIRDHAM,2006,Rabi,Peas & beans (Pulses),268,73,0.27238806
Chhattisgarh,KABIRDHAM,2006,Rabi,Potato,85,262,3.082352941
Chhattisgarh,KABIRDHAM,2006,Rabi,Rapeseed &Mustard,1913,629,0.328802927
Chhattisgarh,KABIRDHAM,2006,Rabi,Safflower,10,4,0.4
Chhattisgarh,KABIRDHAM,2006,Rabi,Urad,123,40,0.325203252
Chhattisgarh,KABIRDHAM,2006,Rabi,Wheat,5474,4355,0.795579101
Chhattisgarh,KABIRDHAM,2006,Whole Year,Coriander,115,24,0.208695652
Chhattisgarh,KABIRDHAM,2006,Whole Year,Dry chillies,319,131,0.410658307
Chhattisgarh,KABIRDHAM,2006,Whole Year,Dry ginger,3,3,1
Chhattisgarh,KABIRDHAM,2006,Whole Year,Onion,158,635,4.018987342
Chhattisgarh,KABIRDHAM,2006,Whole Year,Sannhamp,1,,
Chhattisgarh,KABIRDHAM,2006,Whole Year,Sugarcane,3080,6624,2.150649351
Chhattisgarh,KABIRDHAM,2006,Whole Year,Sweet potato,20,98,4.9
Chhattisgarh,KABIRDHAM,2006,Whole Year,Turmeric,1,1,1
Chhattisgarh,KABIRDHAM,2007,Kharif,Arhar/Tur,4591,1954,0.425615334
Chhattisgarh,KABIRDHAM,2007,Kharif,Bajra,3,1,0.333333333
Chhattisgarh,KABIRDHAM,2007,Kharif,Castor seed,23,9,0.391304348
Chhattisgarh,KABIRDHAM,2007,Kharif,Groundnut,196,272,1.387755102
Chhattisgarh,KABIRDHAM,2007,Kharif,Horse-gram,1,,
Chhattisgarh,KABIRDHAM,2007,Kharif,Jowar,142,119,0.838028169
Chhattisgarh,KABIRDHAM,2007,Kharif,Maize,2648,2860,1.080060423
Chhattisgarh,KABIRDHAM,2007,Kharif,Moong(Green Gram),79,14,0.17721519
Chhattisgarh,KABIRDHAM,2007,Kharif,Niger seed,262,50,0.190839695
Chhattisgarh,KABIRDHAM,2007,Kharif,Other Kharif pulses,46,11,0.239130435
Chhattisgarh,KABIRDHAM,2007,Kharif,Potato,7,44,6.285714286
Chhattisgarh,KABIRDHAM,2007,Kharif,Rice,93715,104967,1.120066158
Chhattisgarh,KABIRDHAM,2007,Kharif,Sesamum,1126,309,0.274422735
Chhattisgarh,KABIRDHAM,2007,Kharif,Small millets,16813,4456,0.26503301
Chhattisgarh,KABIRDHAM,2007,Kharif,Soyabean,25945,28356,1.092927346
Chhattisgarh,KABIRDHAM,2007,Kharif,Urad,2461,742,0.301503454
Chhattisgarh,KABIRDHAM,2007,Rabi,Gram,61193,40555,0.662739202
Chhattisgarh,KABIRDHAM,2007,Rabi,Khesari,11055,4804,0.4345545
Chhattisgarh,KABIRDHAM,2007,Rabi,Linseed,1168,377,0.322773973
Chhattisgarh,KABIRDHAM,2007,Rabi,Masoor,1616,438,0.271039604
Chhattisgarh,KABIRDHAM,2007,Rabi,Other  Rabi pulses,15,5,0.333333333
Chhattisgarh,KABIRDHAM,2007,Rabi,Peas & beans (Pulses),310,84,0.270967742
Chhattisgarh,KABIRDHAM,2007,Rabi,Potato,80,298,3.725
Chhattisgarh,KABIRDHAM,2007,Rabi,Rapeseed &Mustard,2043,673,0.329417523
Chhattisgarh,KABIRDHAM,2007,Rabi,Safflower,9,4,0.444444444
Chhattisgarh,KABIRDHAM,2007,Rabi,Urad,116,38,0.327586207
Chhattisgarh,KABIRDHAM,2007,Rabi,Wheat,5467,4529,0.828425096
Chhattisgarh,KABIRDHAM,2007,Whole Year,Coriander,111,27,0.243243243
Chhattisgarh,KABIRDHAM,2007,Whole Year,Dry chillies,271,219,0.808118081
Chhattisgarh,KABIRDHAM,2007,Whole Year,Dry ginger,3,3,1
Chhattisgarh,KABIRDHAM,2007,Whole Year,Onion,168,663,3.946428571
Chhattisgarh,KABIRDHAM,2007,Whole Year,Sannhamp,1,,
Chhattisgarh,KABIRDHAM,2007,Whole Year,Sugarcane,4483,9641,2.150568816
Chhattisgarh,KABIRDHAM,2007,Whole Year,Sweet potato,13,64,4.923076923
Chhattisgarh,KABIRDHAM,2007,Whole Year,Turmeric,1,1,1
Chhattisgarh,KABIRDHAM,2008,Kharif,Arhar/Tur,3687,1573,0.42663412
Chhattisgarh,KABIRDHAM,2008,Kharif,Bajra,3,1,0.333333333
Chhattisgarh,KABIRDHAM,2008,Kharif,Groundnut,179,247,1.379888268
Chhattisgarh,KABIRDHAM,2008,Kharif,Horse-gram,32,,
Chhattisgarh,KABIRDHAM,2008,Kharif,Jowar,139,169,1.215827338
Chhattisgarh,KABIRDHAM,2008,Kharif,Maize,2715,2686,0.9893186
Chhattisgarh,KABIRDHAM,2008,Kharif,Moong(Green Gram),47,9,0.191489362
Chhattisgarh,KABIRDHAM,2008,Kharif,Niger seed,455,82,0.18021978
Chhattisgarh,KABIRDHAM,2008,Kharif,Other Kharif pulses,32,9,0.28125
Chhattisgarh,KABIRDHAM,2008,Kharif,Rice,95047,100521,1.057592559
Chhattisgarh,KABIRDHAM,2008,Kharif,Sesamum,704,188,0.267045455
Chhattisgarh,KABIRDHAM,2008,Kharif,Small millets,17065,3673,0.215235863
Chhattisgarh,KABIRDHAM,2008,Kharif,Soyabean,28935,33129,1.144945568
Chhattisgarh,KABIRDHAM,2008,Kharif,Sunflower,9,4,0.444444444
Chhattisgarh,KABIRDHAM,2008,Kharif,Urad,2606,785,0.301227936
Chhattisgarh,KABIRDHAM,2008,Rabi,Gram,61679,39387,0.638580392
Chhattisgarh,KABIRDHAM,2008,Rabi,Khesari,7738,1480,0.191263892
Chhattisgarh,KABIRDHAM,2008,Rabi,Linseed,1008,259,0.256944444
Chhattisgarh,KABIRDHAM,2008,Rabi,Masoor,1581,428,0.270714738
Chhattisgarh,KABIRDHAM,2008,Rabi,Other  Rabi pulses,35,11,0.314285714
Chhattisgarh,KABIRDHAM,2008,Rabi,Peas & beans (Pulses),315,86,0.273015873
Chhattisgarh,KABIRDHAM,2008,Rabi,Potato,179,667,3.726256983
Chhattisgarh,KABIRDHAM,2008,Rabi,Rapeseed &Mustard,2122,651,0.306786051
Chhattisgarh,KABIRDHAM,2008,Rabi,Safflower,9,4,0.444444444
Chhattisgarh,KABIRDHAM,2008,Rabi,Urad,95,31,0.326315789
Chhattisgarh,KABIRDHAM,2008,Rabi,Wheat,5422,4275,0.788454445
Chhattisgarh,KABIRDHAM,2008,Whole Year,Coriander,109,22,0.201834862
Chhattisgarh,KABIRDHAM,2008,Whole Year,Dry chillies,285,154,0.540350877
Chhattisgarh,KABIRDHAM,2008,Whole Year,Dry ginger,3,5,1.666666667
Chhattisgarh,KABIRDHAM,2008,Whole Year,Onion,172,586,3.406976744
Chhattisgarh,KABIRDHAM,2008,Whole Year,Sannhamp,1,,
Chhattisgarh,KABIRDHAM,2008,Whole Year,Sugarcane,3500,7527,2.150571429
Chhattisgarh,KABIRDHAM,2008,Whole Year,Sweet potato,17,83,4.882352941
Chhattisgarh,KABIRDHAM,2009,Kharif,Arhar/Tur,4723,2245,0.475333474
Chhattisgarh,KABIRDHAM,2009,Kharif,Groundnut,172,323,1.877906977
Chhattisgarh,KABIRDHAM,2009,Kharif,Jowar,139,159,1.143884892
Chhattisgarh,KABIRDHAM,2009,Kharif,Maize,2584,3028,1.171826625
Chhattisgarh,KABIRDHAM,2009,Kharif,Moong(Green Gram),22,4,0.181818182
Chhattisgarh,KABIRDHAM,2009,Kharif,Niger seed,336,61,0.181547619
Chhattisgarh,KABIRDHAM,2009,Kharif,Other Kharif pulses,11,3,0.272727273
Chhattisgarh,KABIRDHAM,2009,Kharif,Rice,96516,78540,0.813751088
Chhattisgarh,KABIRDHAM,2009,Kharif,Sesamum,729,281,0.385459534
Chhattisgarh,KABIRDHAM,2009,Kharif,Small millets,15627,2883,0.184488385
Chhattisgarh,KABIRDHAM,2009,Kharif,Soyabean,28707,32346,1.126763507
Chhattisgarh,KABIRDHAM,2009,Kharif,Urad,2506,755,0.301276935
Chhattisgarh,KABIRDHAM,2009,Rabi,Gram,63608,43824,0.688969941
Chhattisgarh,KABIRDHAM,2009,Rabi,Khesari,6308,2501,0.396480659
Chhattisgarh,KABIRDHAM,2009,Rabi,Linseed,903,230,0.254706534
Chhattisgarh,KABIRDHAM,2009,Rabi,Masoor,1992,540,0.271084337
Chhattisgarh,KABIRDHAM,2009,Rabi,Moong(Green Gram),2,,
Chhattisgarh,KABIRDHAM,2009,Rabi,Other  Rabi pulses,1,,
Chhattisgarh,KABIRDHAM,2009,Rabi,Peas & beans (Pulses),398,108,0.271356784
Chhattisgarh,KABIRDHAM,2009,Rabi,Rapeseed &Mustard,2081,838,0.402691014
Chhattisgarh,KABIRDHAM,2009,Rabi,Safflower,7,2,0.285714286
Chhattisgarh,KABIRDHAM,2009,Rabi,Urad,83,20,0.240963855
Chhattisgarh,KABIRDHAM,2009,Rabi,Wheat,5721,4911,0.858416361
Chhattisgarh,KABIRDHAM,2009,Whole Year,Coriander,80,17,0.2125
Chhattisgarh,KABIRDHAM,2009,Whole Year,Dry chillies,239,199,0.832635983
Chhattisgarh,KABIRDHAM,2009,Whole Year,Onion,185,503,2.718918919
Chhattisgarh,KABIRDHAM,2009,Whole Year,Potato,76,264,3.473684211
Chhattisgarh,KABIRDHAM,2009,Whole Year,Sannhamp,1,,
Chhattisgarh,KABIRDHAM,2009,Whole Year,Sugarcane,1867,12405,6.644349223
Chhattisgarh,KABIRDHAM,2009,Whole Year,Sweet potato,3,15,5
Chhattisgarh,KABIRDHAM,2010,Kharif,Arhar/Tur,5311,1935,0.364338166
Chhattisgarh,KABIRDHAM,2010,Kharif,Bajra,6,5,0.833333333
Chhattisgarh,KABIRDHAM,2010,Kharif,Groundnut,179,322,1.798882682
Chhattisgarh,KABIRDHAM,2010,Kharif,Jowar,225,364,1.617777778
Chhattisgarh,KABIRDHAM,2010,Kharif,Maize,2773,3982,1.435989903
Chhattisgarh,KABIRDHAM,2010,Kharif,Moong(Green Gram),14,3,0.214285714
Chhattisgarh,KABIRDHAM,2010,Kharif,Niger seed,385,70,0.181818182
Chhattisgarh,KABIRDHAM,2010,Kharif,Other Kharif pulses,9,2,0.222222222
Chhattisgarh,KABIRDHAM,2010,Kharif,Rice,95739,151006,1.577267362
Chhattisgarh,KABIRDHAM,2010,Kharif,Sesamum,698,190,0.272206304
Chhattisgarh,KABIRDHAM,2010,Kharif,Small millets,14783,2515,0.17012785
Chhattisgarh,KABIRDHAM,2010,Kharif,Soyabean,32684,41602,1.27285522
Chhattisgarh,KABIRDHAM,2010,Kharif,Sunflower,5,5,1
Chhattisgarh,KABIRDHAM,2010,Kharif,Urad,2375,844,0.355368421
Chhattisgarh,KABIRDHAM,2010,Rabi,Gram,64206,58300,0.908014827
Chhattisgarh,KABIRDHAM,2010,Rabi,Khesari,5751,2940,0.511215441
Chhattisgarh,KABIRDHAM,2010,Rabi,Linseed,752,206,0.27393617
Chhattisgarh,KABIRDHAM,2010,Rabi,Masoor,2249,732,0.32547799
Chhattisgarh,KABIRDHAM,2010,Rabi,Moong(Green Gram),7,1,0.142857143
Chhattisgarh,KABIRDHAM,2010,Rabi,Other  Rabi pulses,6,2,0.333333333
Chhattisgarh,KABIRDHAM,2010,Rabi,Peas & beans (Pulses),455,147,0.323076923
Chhattisgarh,KABIRDHAM,2010,Rabi,Rapeseed &Mustard,2062,769,0.372938894
Chhattisgarh,KABIRDHAM,2010,Rabi,Urad,104,30,0.288461538
Chhattisgarh,KABIRDHAM,2010,Rabi,Wheat,6259,6895,1.101613676
Chhattisgarh,KABIRDHAM,2010,Whole Year,Coriander,88,22,0.25
Chhattisgarh,KABIRDHAM,2010,Whole Year,Dry chillies,226,124,0.548672566
Chhattisgarh,KABIRDHAM,2010,Whole Year,Dry ginger,7,9,1.285714286
Chhattisgarh,KABIRDHAM,2010,Whole Year,Garlic,11,14,1.272727273
Chhattisgarh,KABIRDHAM,2010,Whole Year,Onion,210,917,4.366666667
Chhattisgarh,KABIRDHAM,2010,Whole Year,Potato,98,435,4.43877551
Chhattisgarh,KABIRDHAM,2010,Whole Year,Sannhamp,1,,
Chhattisgarh,KABIRDHAM,2010,Whole Year,Sugarcane,3359,6261,1.863947603
Chhattisgarh,KABIRDHAM,2010,Whole Year,Sweet potato,55,330,6
Chhattisgarh,KABIRDHAM,2011,Kharif,Arhar/Tur,3806,1501,0.394377299
Chhattisgarh,KABIRDHAM,2011,Kharif,Groundnut,286,455,1.590909091
Chhattisgarh,KABIRDHAM,2011,Kharif,Jowar,208,165,0.793269231
Chhattisgarh,KABIRDHAM,2011,Kharif,Maize,2829,3665,1.295510781
Chhattisgarh,KABIRDHAM,2011,Kharif,Moong(Green Gram),3,1,0.333333333
Chhattisgarh,KABIRDHAM,2011,Kharif,Niger seed,292,55,0.188356164
Chhattisgarh,KABIRDHAM,2011,Kharif,Other Kharif pulses,3,1,0.333333333
Chhattisgarh,KABIRDHAM,2011,Kharif,Potato,1,9,9
Chhattisgarh,KABIRDHAM,2011,Kharif,Rice,95695,155004,1.619771148
Chhattisgarh,KABIRDHAM,2011,Kharif,Sesamum,633,202,0.319115324
Chhattisgarh,KABIRDHAM,2011,Kharif,Small millets,13539,2299,0.169805746
Chhattisgarh,KABIRDHAM,2011,Kharif,Soyabean,35556,31547,0.887248284
Chhattisgarh,KABIRDHAM,2011,Kharif,Sunflower,3,3,1
Chhattisgarh,KABIRDHAM,2011,Kharif,Urad,2123,767,0.361281206
Chhattisgarh,KABIRDHAM,2011,Rabi,Gram,65884,58578,0.889108129
Chhattisgarh,KABIRDHAM,2011,Rabi,Horse-gram,1,,
Chhattisgarh,KABIRDHAM,2011,Rabi,Khesari,5020,2522,0.502390438
Chhattisgarh,KABIRDHAM,2011,Rabi,Linseed,645,271,0.420155039
Chhattisgarh,KABIRDHAM,2011,Rabi,Masoor,2451,797,0.325173399
Chhattisgarh,KABIRDHAM,2011,Rabi,Moong(Green Gram),5,2,0.4
Chhattisgarh,KABIRDHAM,2011,Rabi,Other  Rabi pulses,11,4,0.363636364
Chhattisgarh,KABIRDHAM,2011,Rabi,Peas & beans (Pulses),499,163,0.326653307
Chhattisgarh,KABIRDHAM,2011,Rabi,Potato,107,716,6.691588785
Chhattisgarh,KABIRDHAM,2011,Rabi,Rapeseed &Mustard,1907,837,0.438909282
Chhattisgarh,KABIRDHAM,2011,Rabi,Safflower,5,2,0.4
Chhattisgarh,KABIRDHAM,2011,Rabi,Urad,62,18,0.290322581
Chhattisgarh,KABIRDHAM,2011,Rabi,Wheat,6822,8363,1.225886837
Chhattisgarh,KABIRDHAM,2011,Whole Year,Banana,18,549,30.5
Chhattisgarh,KABIRDHAM,2011,Whole Year,Coriander,70,18,0.257142857
Chhattisgarh,KABIRDHAM,2011,Whole Year,Dry chillies,101,106,1.04950495
Chhattisgarh,KABIRDHAM,2011,Whole Year,Garlic,11,26,2.363636364
Chhattisgarh,KABIRDHAM,2011,Whole Year,Onion,291,928,3.189003436
Chhattisgarh,KABIRDHAM,2011,Whole Year,Sugarcane,2703,18015,6.66481687
Chhattisgarh,KABIRDHAM,2011,Whole Year,Sweet potato,22,107,4.863636364
Chhattisgarh,KABIRDHAM,2012,Kharif,Arhar/Tur,4713,2646,0.561425843
Chhattisgarh,KABIRDHAM,2012,Kharif,Bajra,2,2,1
Chhattisgarh,KABIRDHAM,2012,Kharif,Cotton(lint),2,5,2.5
Chhattisgarh,KABIRDHAM,2012,Kharif,Groundnut,276,448,1.623188406
Chhattisgarh,KABIRDHAM,2012,Kharif,Jowar,790,568,0.718987342
Chhattisgarh,KABIRDHAM,2012,Kharif,Maize,2166,3338,1.541089566
Chhattisgarh,KABIRDHAM,2012,Kharif,Mesta,1,2,2
Chhattisgarh,KABIRDHAM,2012,Kharif,Moong(Green Gram),3,1,0.333333333
Chhattisgarh,KABIRDHAM,2012,Kharif,Niger seed,314,68,0.21656051
Chhattisgarh,KABIRDHAM,2012,Kharif,Potato,21,146,6.952380952
Chhattisgarh,KABIRDHAM,2012,Kharif,Rice,95853,142900,1.490824492
Chhattisgarh,KABIRDHAM,2012,Kharif,Sesamum,670,180,0.268656716
Chhattisgarh,KABIRDHAM,2012,Kharif,Small millets,12605,2932,0.232606109
Chhattisgarh,KABIRDHAM,2012,Kharif,Soyabean,35271,47529,1.347537637
Chhattisgarh,KABIRDHAM,2012,Kharif,Urad,1763,638,0.361883154
Chhattisgarh,KABIRDHAM,2012,Rabi,Gram,67283,66143,0.983056641
Chhattisgarh,KABIRDHAM,2012,Rabi,Khesari,4470,8,0.001789709
Chhattisgarh,KABIRDHAM,2012,Rabi,Linseed,496,222,0.447580645
Chhattisgarh,KABIRDHAM,2012,Rabi,Masoor,2445,662,0.270756646
Chhattisgarh,KABIRDHAM,2012,Rabi,Other  Rabi pulses,5,2,0.4
Chhattisgarh,KABIRDHAM,2012,Rabi,Peas & beans (Pulses),568,200,0.352112676
Chhattisgarh,KABIRDHAM,2012,Rabi,Potato,102,691,6.774509804
Chhattisgarh,KABIRDHAM,2012,Rabi,Rapeseed &Mustard,1958,895,0.457099081
Chhattisgarh,KABIRDHAM,2012,Rabi,Safflower,5,2,0.4
Chhattisgarh,KABIRDHAM,2012,Rabi,Urad,62,18,0.290322581
Chhattisgarh,KABIRDHAM,2012,Rabi,Wheat,6494,7902,1.216815522
Chhattisgarh,KABIRDHAM,2012,Whole Year,Banana,23,,
Chhattisgarh,KABIRDHAM,2012,Whole Year,Coriander,59,14,0.237288136
Chhattisgarh,KABIRDHAM,2012,Whole Year,Dry chillies,195,235,1.205128205
Chhattisgarh,KABIRDHAM,2012,Whole Year,Onion,281,727,2.587188612
Chhattisgarh,KABIRDHAM,2012,Whole Year,Sugarcane,3401,7314,2.150543958
Chhattisgarh,KABIRDHAM,2012,Whole Year,Sweet potato,4,23,5.75
Chhattisgarh,KABIRDHAM,2013,Kharif,Arhar/Tur,5039,2299,0.456241318
Chhattisgarh,KABIRDHAM,2013,Kharif,Groundnut,301,598,1.986710963
Chhattisgarh,KABIRDHAM,2013,Kharif,Maize,2589,5071,1.958671302
Chhattisgarh,KABIRDHAM,2013,Kharif,Moong(Green Gram),10,2,0.2
Chhattisgarh,KABIRDHAM,2013,Kharif,Niger seed,329,1789,5.43768997
Chhattisgarh,KABIRDHAM,2013,Kharif,Potato,18,113,6.277777778
Chhattisgarh,KABIRDHAM,2013,Kharif,Rice,96026,127776,1.330639618
Chhattisgarh,KABIRDHAM,2013,Kharif,Sesamum,612,156,0.254901961
Chhattisgarh,KABIRDHAM,2013,Kharif,Small millets,10727,2648,0.246853734
Chhattisgarh,KABIRDHAM,2013,Kharif,Soyabean,36042,44215,1.226763221
Chhattisgarh,KABIRDHAM,2013,Kharif,Urad,1756,635,0.361617312
Chhattisgarh,KABIRDHAM,2013,Rabi,Castor seed,3,1,0.333333333
Chhattisgarh,KABIRDHAM,2013,Rabi,Gram,66909,41819,0.625013077
Chhattisgarh,KABIRDHAM,2013,Rabi,Khesari,2629,1025,0.389882084
Chhattisgarh,KABIRDHAM,2013,Rabi,Linseed,418,141,0.337320574
Chhattisgarh,KABIRDHAM,2013,Rabi,Masoor,2502,747,0.298561151
Chhattisgarh,KABIRDHAM,2013,Rabi,Moong(Green Gram),88,29,0.329545455
Chhattisgarh,KABIRDHAM,2013,Rabi,Peas & beans (Pulses),533,188,0.35272045
Chhattisgarh,KABIRDHAM,2013,Rabi,Potato,83,410,4.939759036
Chhattisgarh,KABIRDHAM,2013,Rabi,Rapeseed &Mustard,1918,911,0.474973931
Chhattisgarh,KABIRDHAM,2013,Rabi,Safflower,3,1,0.333333333
Chhattisgarh,KABIRDHAM,2013,Rabi,Urad,501,146,0.291417166
Chhattisgarh,KABIRDHAM,2013,Rabi,Wheat,10265,10549,1.027666829
Chhattisgarh,KABIRDHAM,2013,Whole Year,Bajra,107,98,0.91588785
Chhattisgarh,KABIRDHAM,2013,Whole Year,Banana,26,1110,42.69230769
Chhattisgarh,KABIRDHAM,2013,Whole Year,Coriander,91,22,0.241758242
Chhattisgarh,KABIRDHAM,2013,Whole Year,Cotton(lint),2,5,2.5
Chhattisgarh,KABIRDHAM,2013,Whole Year,Dry chillies,137,120,0.875912409
Chhattisgarh,KABIRDHAM,2013,Whole Year,Dry ginger,1,1,1
Chhattisgarh,KABIRDHAM,2013,Whole Year,Jowar,221,144,0.65158371
Chhattisgarh,KABIRDHAM,2013,Whole Year,Onion,227,1380,6.079295154
Chhattisgarh,KABIRDHAM,2013,Whole Year,Sugarcane,4082,8779,2.15066144
Chhattisgarh,KABIRDHAM,2013,Whole Year,Sweet potato,41,240,5.853658537
Chhattisgarh,KABIRDHAM,2014,Kharif,Arhar/Tur,5041,3221,0.638960524
Chhattisgarh,KABIRDHAM,2014,Kharif,Bajra,83,63,0.759036145
Chhattisgarh,KABIRDHAM,2014,Kharif,Groundnut,274,435,1.587591241
Chhattisgarh,KABIRDHAM,2014,Kharif,Maize,2551,3840,1.505292042
Chhattisgarh,KABIRDHAM,2014,Kharif,Moong(Green Gram),47,12,0.255319149
Chhattisgarh,KABIRDHAM,2014,Kharif,Niger seed,356,71,0.199438202
Chhattisgarh,KABIRDHAM,2014,Kharif,Potato,308,1822,5.915584416
Chhattisgarh,KABIRDHAM,2014,Kharif,Rice,102157,138630,1.357028887
Chhattisgarh,KABIRDHAM,2014,Kharif,Sesamum,556,237,0.426258993
Chhattisgarh,KABIRDHAM,2014,Kharif,Small millets,8662,2379,0.274647887
Chhattisgarh,KABIRDHAM,2014,Kharif,Soyabean,34771,14064,0.404474994
Chhattisgarh,KABIRDHAM,2014,Kharif,Urad,1710,618,0.361403509
Chhattisgarh,KABIRDHAM,2014,Rabi,Castor seed,7,2,0.285714286
Chhattisgarh,KABIRDHAM,2014,Rabi,Gram,73853,78261,1.059686133
Chhattisgarh,KABIRDHAM,2014,Rabi,Khesari,4960,3596,0.725
Chhattisgarh,KABIRDHAM,2014,Rabi,Linseed,390,163,0.417948718
Chhattisgarh,KABIRDHAM,2014,Rabi,Masoor,2478,739,0.298224374
Chhattisgarh,KABIRDHAM,2014,Rabi,Moong(Green Gram),10,2,0.2
Chhattisgarh,KABIRDHAM,2014,Rabi,Other  Rabi pulses,7,3,0.428571429
Chhattisgarh,KABIRDHAM,2014,Rabi,Peas & beans (Pulses),582,189,0.324742268
Chhattisgarh,KABIRDHAM,2014,Rabi,Potato,104,581,5.586538462
Chhattisgarh,KABIRDHAM,2014,Rabi,Rapeseed &Mustard,1869,881,0.471375067
Chhattisgarh,KABIRDHAM,2014,Rabi,Safflower,3,2,0.666666667
Chhattisgarh,KABIRDHAM,2014,Rabi,Urad,33,10,0.303030303
Chhattisgarh,KABIRDHAM,2014,Rabi,Wheat,7233,10319,1.426655606
Chhattisgarh,KABIRDHAM,2014,Whole Year,Banana,54,2469,45.72222222
Chhattisgarh,KABIRDHAM,2014,Whole Year,Coriander,108,29,0.268518519
Chhattisgarh,KABIRDHAM,2014,Whole Year,Dry chillies,230,159,0.691304348
Chhattisgarh,KABIRDHAM,2014,Whole Year,Jowar,146,118,0.808219178
Chhattisgarh,KABIRDHAM,2014,Whole Year,Onion,308,2478,8.045454545
Chhattisgarh,KABIRDHAM,2014,Whole Year,Sugarcane,5750,33952,5.904695652
Chhattisgarh,KABIRDHAM,2014,Whole Year,Sweet potato,5,29,5.8
Chhattisgarh,KABIRDHAM,2014,Whole Year,Turmeric,2,2,1
Chhattisgarh,KANKER,2000,Kharif,Arhar/Tur,447,196,0.438478747
Chhattisgarh,KANKER,2000,Kharif,Cotton(lint),44,3,0.068181818
Chhattisgarh,KANKER,2000,Kharif,Groundnut,5,5,1
Chhattisgarh,KANKER,2000,Kharif,Horse-gram,9120,2800,0.307017544
Chhattisgarh,KANKER,2000,Kharif,Jowar,448,37,0.082589286
Chhattisgarh,KANKER,2000,Kharif,Maize,3305,4501,1.361875946
Chhattisgarh,KANKER,2000,Kharif,Mesta,294,679,2.30952381
Chhattisgarh,KANKER,2000,Kharif,Moong(Green Gram),1042,373,0.357965451
Chhattisgarh,KANKER,2000,Kharif,Niger seed,555,110,0.198198198
Chhattisgarh,KANKER,2000,Kharif,Other Kharif pulses,201,52,0.258706468
Chhattisgarh,KANKER,2000,Kharif,Ragi,1580,362,0.229113924
Chhattisgarh,KANKER,2000,Kharif,Rice,162220,133229,0.821285908
Chhattisgarh,KANKER,2000,Kharif,Sesamum,683,134,0.196193265
Chhattisgarh,KANKER,2000,Kharif,Small millets,24445,3252,0.13303334
Chhattisgarh,KANKER,2000,Kharif,Soyabean,84,55,0.654761905
Chhattisgarh,KANKER,2000,Kharif,Sunflower,35,6,0.171428571
Chhattisgarh,KANKER,2000,Kharif,Urad,5030,1833,0.364413519
Chhattisgarh,KANKER,2000,Rabi,Gram,577,301,0.521663778
Chhattisgarh,KANKER,2000,Rabi,Khesari,1444,777,0.538088643
Chhattisgarh,KANKER,2000,Rabi,Linseed,1477,358,0.242383209
Chhattisgarh,KANKER,2000,Rabi,Masoor,57,13,0.228070175
Chhattisgarh,KANKER,2000,Rabi,Moong(Green Gram),63,20,0.317460317
Chhattisgarh,KANKER,2000,Rabi,Other  Rabi pulses,93,26,0.279569892
Chhattisgarh,KANKER,2000,Rabi,Peas & beans (Pulses),605,151,0.249586777
Chhattisgarh,KANKER,2000,Rabi,Rapeseed &Mustard,1793,655,0.365309537
Chhattisgarh,KANKER,2000,Rabi,Safflower,1,,
Chhattisgarh,KANKER,2000,Rabi,Urad,91,32,0.351648352
Chhattisgarh,KANKER,2000,Rabi,Wheat,815,1050,1.288343558
Chhattisgarh,KANKER,2000,Whole Year,Banana,14,653,46.64285714
Chhattisgarh,KANKER,2000,Whole Year,Coriander,44,9,0.204545455
Chhattisgarh,KANKER,2000,Whole Year,Dry chillies,181,41,0.226519337
Chhattisgarh,KANKER,2000,Whole Year,Dry ginger,13,16,1.230769231
Chhattisgarh,KANKER,2000,Whole Year,Garlic,18,53,2.944444444
Chhattisgarh,KANKER,2000,Whole Year,Onion,83,650,7.831325301
Chhattisgarh,KANKER,2000,Whole Year,Potato,7,53,7.571428571
Chhattisgarh,KANKER,2000,Whole Year,Sannhamp,98,33,0.336734694
Chhattisgarh,KANKER,2000,Whole Year,Sweet potato,78,407,5.217948718
Chhattisgarh,KANKER,2000,Whole Year,Turmeric,19,19,1
Chhattisgarh,KANKER,2001,Kharif,Arhar/Tur,804,392,0.487562189
Chhattisgarh,KANKER,2001,Kharif,Groundnut,1,2,2
Chhattisgarh,KANKER,2001,Kharif,Horse-gram,8639,3825,0.442759579
Chhattisgarh,KANKER,2001,Kharif,Jowar,445,532,1.195505618
Chhattisgarh,KANKER,2001,Kharif,Maize,3806,3698,0.971623752
Chhattisgarh,KANKER,2001,Kharif,Mesta,77,209,2.714285714
Chhattisgarh,KANKER,2001,Kharif,Moong(Green Gram),1066,450,0.422138837
Chhattisgarh,KANKER,2001,Kharif,Niger seed,561,123,0.219251337
Chhattisgarh,KANKER,2001,Kharif,Other Kharif pulses,351,138,0.393162393
Chhattisgarh,KANKER,2001,Kharif,Ragi,1594,511,0.320577164
Chhattisgarh,KANKER,2001,Kharif,Rice,164934,262672,1.592588551
Chhattisgarh,KANKER,2001,Kharif,Sesamum,684,222,0.324561404
Chhattisgarh,KANKER,2001,Kharif,Small millets,22747,5519,0.242625401
Chhattisgarh,KANKER,2001,Kharif,Soyabean,19,22,1.157894737
Chhattisgarh,KANKER,2001,Kharif,Sunflower,156,52,0.333333333
Chhattisgarh,KANKER,2001,Kharif,Urad,5054,1973,0.390383854
Chhattisgarh,KANKER,2001,Rabi,Gram,717,612,0.853556485
Chhattisgarh,KANKER,2001,Rabi,Khesari,2052,1789,0.871832359
Chhattisgarh,KANKER,2001,Rabi,Linseed,1832,698,0.381004367
Chhattisgarh,KANKER,2001,Rabi,Masoor,89,28,0.314606742
Chhattisgarh,KANKER,2001,Rabi,Moong(Green Gram),117,45,0.384615385
Chhattisgarh,KANKER,2001,Rabi,Other  Rabi pulses,1,,
Chhattisgarh,KANKER,2001,Rabi,Peas & beans (Pulses),1063,300,0.282220132
Chhattisgarh,KANKER,2001,Rabi,Rapeseed &Mustard,2146,839,0.390959925
Chhattisgarh,KANKER,2001,Rabi,Urad,96,33,0.34375
Chhattisgarh,KANKER,2001,Rabi,Wheat,1423,2722,1.912860155
Chhattisgarh,KANKER,2001,Whole Year,Banana,16,746,46.625
Chhattisgarh,KANKER,2001,Whole Year,Coriander,49,16,0.326530612
Chhattisgarh,KANKER,2001,Whole Year,Dry chillies,225,123,0.546666667
Chhattisgarh,KANKER,2001,Whole Year,Dry ginger,5,7,1.4
Chhattisgarh,KANKER,2001,Whole Year,Garlic,18,62,3.444444444
Chhattisgarh,KANKER,2001,Whole Year,Onion,81,819,10.11111111
Chhattisgarh,KANKER,2001,Whole Year,Potato,5,36,7.2
Chhattisgarh,KANKER,2001,Whole Year,Sannhamp,101,43,0.425742574
Chhattisgarh,KANKER,2001,Whole Year,Sweet potato,67,437,6.52238806
Chhattisgarh,KANKER,2001,Whole Year,Turmeric,13,10,0.769230769
Chhattisgarh,KANKER,2002,Kharif,Arhar/Tur,694,245,0.353025937
Chhattisgarh,KANKER,2002,Kharif,Groundnut,8,7,0.875
Chhattisgarh,KANKER,2002,Kharif,Horse-gram,8239,1411,0.171258648
Chhattisgarh,KANKER,2002,Kharif,Jowar,420,289,0.688095238
Chhattisgarh,KANKER,2002,Kharif,Maize,3928,3633,0.924898167
Chhattisgarh,KANKER,2002,Kharif,Mesta,44,64,1.454545455
Chhattisgarh,KANKER,2002,Kharif,Moong(Green Gram),962,181,0.188149688
Chhattisgarh,KANKER,2002,Kharif,Niger seed,547,53,0.096892139
Chhattisgarh,KANKER,2002,Kharif,Other Kharif pulses,151,26,0.17218543
Chhattisgarh,KANKER,2002,Kharif,Ragi,1503,213,0.141716567
Chhattisgarh,KANKER,2002,Kharif,Rice,160452,88832,0.553635978
Chhattisgarh,KANKER,2002,Kharif,Sesamum,646,106,0.164086687
Chhattisgarh,KANKER,2002,Kharif,Small millets,20020,1615,0.080669331
Chhattisgarh,KANKER,2002,Kharif,Soyabean,10,2,0.2
Chhattisgarh,KANKER,2002,Kharif,Sunflower,94,11,0.117021277
Chhattisgarh,KANKER,2002,Kharif,Urad,4858,917,0.188760807
Chhattisgarh,KANKER,2002,Rabi,Gram,559,366,0.654740608
Chhattisgarh,KANKER,2002,Rabi,Horse-gram,107,14,0.130841121
Chhattisgarh,KANKER,2002,Rabi,Khesari,1071,561,0.523809524
Chhattisgarh,KANKER,2002,Rabi,Linseed,855,166,0.194152047
Chhattisgarh,KANKER,2002,Rabi,Masoor,82,11,0.134146341
Chhattisgarh,KANKER,2002,Rabi,Moong(Green Gram),110,44,0.4
Chhattisgarh,KANKER,2002,Rabi,Other  Rabi pulses,19,6,0.315789474
Chhattisgarh,KANKER,2002,Rabi,Peas & beans (Pulses),1304,306,0.234662577
Chhattisgarh,KANKER,2002,Rabi,Rapeseed &Mustard,1187,210,0.176916596
Chhattisgarh,KANKER,2002,Rabi,Safflower,3,1,0.333333333
Chhattisgarh,KANKER,2002,Rabi,Urad,91,24,0.263736264
Chhattisgarh,KANKER,2002,Rabi,Wheat,948,1581,1.667721519
Chhattisgarh,KANKER,2002,Whole Year,Banana,10,267,26.7
Chhattisgarh,KANKER,2002,Whole Year,Coriander,60,10,0.166666667
Chhattisgarh,KANKER,2002,Whole Year,Dry chillies,124,75,0.60483871
Chhattisgarh,KANKER,2002,Whole Year,Dry ginger,13,13,1
Chhattisgarh,KANKER,2002,Whole Year,Garlic,12,33,2.75
Chhattisgarh,KANKER,2002,Whole Year,Onion,102,549,5.382352941
Chhattisgarh,KANKER,2002,Whole Year,Potato,6,48,8
Chhattisgarh,KANKER,2002,Whole Year,Sannhamp,99,16,0.161616162
Chhattisgarh,KANKER,2002,Whole Year,Sugarcane,1,3,3
Chhattisgarh,KANKER,2002,Whole Year,Sweet potato,65,227,3.492307692
Chhattisgarh,KANKER,2002,Whole Year,Turmeric,13,11,0.846153846
Chhattisgarh,KANKER,2003,Kharif,Arhar/Tur,685,521,0.760583942
Chhattisgarh,KANKER,2003,Kharif,Castor seed,6,2,0.333333333
Chhattisgarh,KANKER,2003,Kharif,Groundnut,2,2,1
Chhattisgarh,KANKER,2003,Kharif,Horse-gram,8014,3454,0.430995757
Chhattisgarh,KANKER,2003,Kharif,Jowar,428,544,1.271028037
Chhattisgarh,KANKER,2003,Kharif,Maize,7031,11392,1.620253165
Chhattisgarh,KANKER,2003,Kharif,Mesta,84,228,2.714285714
Chhattisgarh,KANKER,2003,Kharif,Moong(Green Gram),926,409,0.441684665
Chhattisgarh,KANKER,2003,Kharif,Niger seed,548,129,0.23540146
Chhattisgarh,KANKER,2003,Kharif,Other Kharif pulses,182,54,0.296703297
Chhattisgarh,KANKER,2003,Kharif,Ragi,1517,487,0.321028345
Chhattisgarh,KANKER,2003,Kharif,Rice,164148,319835,1.948455053
Chhattisgarh,KANKER,2003,Kharif,Sesamum,665,227,0.341353383
Chhattisgarh,KANKER,2003,Kharif,Small millets,20372,5155,0.253043393
Chhattisgarh,KANKER,2003,Kharif,Soyabean,8,11,1.375
Chhattisgarh,KANKER,2003,Kharif,Sunflower,57,13,0.228070175
Chhattisgarh,KANKER,2003,Kharif,Urad,4801,1936,0.403249323
Chhattisgarh,KANKER,2003,Rabi,Gram,657,620,0.943683409
Chhattisgarh,KANKER,2003,Rabi,Horse-gram,43,17,0.395348837
Chhattisgarh,KANKER,2003,Rabi,Khesari,1629,1558,0.956414979
Chhattisgarh,KANKER,2003,Rabi,Linseed,1404,654,0.465811966
Chhattisgarh,KANKER,2003,Rabi,Masoor,93,32,0.344086022
Chhattisgarh,KANKER,2003,Rabi,Moong(Green Gram),133,47,0.353383459
Chhattisgarh,KANKER,2003,Rabi,Other  Rabi pulses,3,1,0.333333333
Chhattisgarh,KANKER,2003,Rabi,Peas & beans (Pulses),1735,652,0.375792507
Chhattisgarh,KANKER,2003,Rabi,Rapeseed &Mustard,1550,845,0.54516129
Chhattisgarh,KANKER,2003,Rabi,Safflower,5,1,0.2
Chhattisgarh,KANKER,2003,Rabi,Urad,105,42,0.4
Chhattisgarh,KANKER,2003,Rabi,Wheat,1238,2112,1.705977383
Chhattisgarh,KANKER,2003,Whole Year,Banana,15,749,49.93333333
Chhattisgarh,KANKER,2003,Whole Year,Coriander,81,23,0.283950617
Chhattisgarh,KANKER,2003,Whole Year,Dry chillies,203,154,0.75862069
Chhattisgarh,KANKER,2003,Whole Year,Dry ginger,13,20,1.538461538
Chhattisgarh,KANKER,2003,Whole Year,Garlic,21,72,3.428571429
Chhattisgarh,KANKER,2003,Whole Year,Onion,55,389,7.072727273
Chhattisgarh,KANKER,2003,Whole Year,Potato,5,30,6
Chhattisgarh,KANKER,2003,Whole Year,Sannhamp,121,55,0.454545455
Chhattisgarh,KANKER,2003,Whole Year,Sugarcane,1,4,4
Chhattisgarh,KANKER,2003,Whole Year,Sweet potato,80,453,5.6625
Chhattisgarh,KANKER,2003,Whole Year,Turmeric,11,12,1.090909091
Chhattisgarh,KANKER,2004,Kharif,Arhar/Tur,640,391,0.6109375
Chhattisgarh,KANKER,2004,Kharif,Groundnut,1,1,1
Chhattisgarh,KANKER,2004,Kharif,Horse-gram,8198,3382,0.412539644
Chhattisgarh,KANKER,2004,Kharif,Jowar,384,329,0.856770833
Chhattisgarh,KANKER,2004,Kharif,Maize,6833,10552,1.544270452
Chhattisgarh,KANKER,2004,Kharif,Mesta,68,138,2.029411765
Chhattisgarh,KANKER,2004,Kharif,Moong(Green Gram),862,381,0.44199536
Chhattisgarh,KANKER,2004,Kharif,Niger seed,523,99,0.189292543
Chhattisgarh,KANKER,2004,Kharif,Other Kharif pulses,438,66,0.150684932
Chhattisgarh,KANKER,2004,Kharif,Ragi,1565,415,0.265175719
Chhattisgarh,KANKER,2004,Kharif,Rice,165555,248783,1.50272115
Chhattisgarh,KANKER,2004,Kharif,Sesamum,664,281,0.423192771
Chhattisgarh,KANKER,2004,Kharif,Small millets,19341,3994,0.206504317
Chhattisgarh,KANKER,2004,Kharif,Soyabean,4,6,1.5
Chhattisgarh,KANKER,2004,Kharif,Sunflower,36,8,0.222222222
Chhattisgarh,KANKER,2004,Kharif,Urad,4800,1936,0.403333333
Chhattisgarh,KANKER,2004,Rabi,Gram,677,524,0.774002954
Chhattisgarh,KANKER,2004,Rabi,Khesari,1806,1187,0.657253599
Chhattisgarh,KANKER,2004,Rabi,Linseed,1512,608,0.402116402
Chhattisgarh,KANKER,2004,Rabi,Masoor,111,33,0.297297297
Chhattisgarh,KANKER,2004,Rabi,Moong(Green Gram),110,34,0.309090909
Chhattisgarh,KANKER,2004,Rabi,Peas & beans (Pulses),1888,532,0.281779661
Chhattisgarh,KANKER,2004,Rabi,Rapeseed &Mustard,1475,739,0.501016949
Chhattisgarh,KANKER,2004,Rabi,Safflower,1,,
Chhattisgarh,KANKER,2004,Rabi,Urad,69,29,0.420289855
Chhattisgarh,KANKER,2004,Rabi,Wheat,1056,1502,1.422348485
Chhattisgarh,KANKER,2004,Whole Year,Banana,6,280,46.66666667
Chhattisgarh,KANKER,2004,Whole Year,Coriander,111,29,0.261261261
Chhattisgarh,KANKER,2004,Whole Year,Dry chillies,205,106,0.517073171
Chhattisgarh,KANKER,2004,Whole Year,Dry ginger,13,18,1.384615385
Chhattisgarh,KANKER,2004,Whole Year,Garlic,1,3,3
Chhattisgarh,KANKER,2004,Whole Year,Onion,72,446,6.194444444
Chhattisgarh,KANKER,2004,Whole Year,Potato,1,6,6
Chhattisgarh,KANKER,2004,Whole Year,Sannhamp,111,45,0.405405405
Chhattisgarh,KANKER,2004,Whole Year,Sugarcane,1,4,4
Chhattisgarh,KANKER,2004,Whole Year,Sweet potato,85,444,5.223529412
Chhattisgarh,KANKER,2004,Whole Year,Turmeric,9,7,0.777777778
Chhattisgarh,KANKER,2005,Kharif,Arhar/Tur,653,336,0.514548239
Chhattisgarh,KANKER,2005,Kharif,Groundnut,1,2,2
Chhattisgarh,KANKER,2005,Kharif,Horse-gram,8079,3339,0.413293724
Chhattisgarh,KANKER,2005,Kharif,Jowar,391,390,0.997442455
Chhattisgarh,KANKER,2005,Kharif,Maize,7348,11929,1.623434948
Chhattisgarh,KANKER,2005,Kharif,Moong(Green Gram),906,384,0.42384106
Chhattisgarh,KANKER,2005,Kharif,Niger seed,578,133,0.230103806
Chhattisgarh,KANKER,2005,Kharif,Other Kharif pulses,373,44,0.117962466
Chhattisgarh,KANKER,2005,Kharif,Rice,167460,275545,1.645437716
Chhattisgarh,KANKER,2005,Kharif,Sesamum,658,177,0.26899696
Chhattisgarh,KANKER,2005,Kharif,Small millets,20439,3641,0.178139831
Chhattisgarh,KANKER,2005,Kharif,Soyabean,6,8,1.333333333
Chhattisgarh,KANKER,2005,Kharif,Sunflower,39,9,0.230769231
Chhattisgarh,KANKER,2005,Kharif,Urad,5059,2139,0.422810832
Chhattisgarh,KANKER,2005,Rabi,Gram,644,469,0.72826087
Chhattisgarh,KANKER,2005,Rabi,Horse-gram,42,12,0.285714286
Chhattisgarh,KANKER,2005,Rabi,Khesari,1850,1167,0.630810811
Chhattisgarh,KANKER,2005,Rabi,Linseed,1393,486,0.348887294
Chhattisgarh,KANKER,2005,Rabi,Masoor,105,34,0.323809524
Chhattisgarh,KANKER,2005,Rabi,Moong(Green Gram),105,30,0.285714286
Chhattisgarh,KANKER,2005,Rabi,Other  Rabi pulses,2,3,1.5
Chhattisgarh,KANKER,2005,Rabi,Peas & beans (Pulses),1918,586,0.30552659
Chhattisgarh,KANKER,2005,Rabi,Rapeseed &Mustard,1471,602,0.409245411
Chhattisgarh,KANKER,2005,Rabi,Safflower,1,,
Chhattisgarh,KANKER,2005,Rabi,Urad,63,22,0.349206349
Chhattisgarh,KANKER,2005,Rabi,Wheat,928,1555,1.675646552
Chhattisgarh,KANKER,2005,Whole Year,Banana,9,419,46.55555556
Chhattisgarh,KANKER,2005,Whole Year,Coriander,86,21,0.244186047
Chhattisgarh,KANKER,2005,Whole Year,Dry chillies,201,48,0.23880597
Chhattisgarh,KANKER,2005,Whole Year,Dry ginger,13,15,1.153846154
Chhattisgarh,KANKER,2005,Whole Year,Garlic,10,34,3.4
Chhattisgarh,KANKER,2005,Whole Year,Onion,80,444,5.55
Chhattisgarh,KANKER,2005,Whole Year,Potato,6,36,6
Chhattisgarh,KANKER,2005,Whole Year,Sannhamp,108,46,0.425925926
Chhattisgarh,KANKER,2005,Whole Year,Sugarcane,1,4,4
Chhattisgarh,KANKER,2005,Whole Year,Sweet potato,83,433,5.21686747
Chhattisgarh,KANKER,2005,Whole Year,Turmeric,12,11,0.916666667
Chhattisgarh,KANKER,2006,Kharif,Arhar/Tur,576,271,0.470486111
Chhattisgarh,KANKER,2006,Kharif,Groundnut,4,8,2
Chhattisgarh,KANKER,2006,Kharif,Horse-gram,8192,3385,0.413208008
Chhattisgarh,KANKER,2006,Kharif,Jowar,362,373,1.03038674
Chhattisgarh,KANKER,2006,Kharif,Maize,8044,11787,1.465315763
Chhattisgarh,KANKER,2006,Kharif,Moong(Green Gram),905,412,0.455248619
Chhattisgarh,KANKER,2006,Kharif,Niger seed,518,105,0.202702703
Chhattisgarh,KANKER,2006,Kharif,Other Kharif pulses,397,47,0.118387909
Chhattisgarh,KANKER,2006,Kharif,Ragi,1487,408,0.274377942
Chhattisgarh,KANKER,2006,Kharif,Rice,170620,302060,1.770366897
Chhattisgarh,KANKER,2006,Kharif,Sesamum,612,223,0.364379085
Chhattisgarh,KANKER,2006,Kharif,Small millets,18088,1971,0.108967271
Chhattisgarh,KANKER,2006,Kharif,Sunflower,41,9,0.219512195
Chhattisgarh,KANKER,2006,Kharif,Urad,5040,2295,0.455357143
Chhattisgarh,KANKER,2006,Rabi,Gram,608,578,0.950657895
Chhattisgarh,KANKER,2006,Rabi,Horse-gram,31,10,0.322580645
Chhattisgarh,KANKER,2006,Rabi,Jute,1,,
Chhattisgarh,KANKER,2006,Rabi,Khesari,1776,1323,0.744932432
Chhattisgarh,KANKER,2006,Rabi,Linseed,1489,539,0.361987911
Chhattisgarh,KANKER,2006,Rabi,Masoor,129,41,0.317829457
Chhattisgarh,KANKER,2006,Rabi,Moong(Green Gram),89,28,0.314606742
Chhattisgarh,KANKER,2006,Rabi,Other  Rabi pulses,5,2,0.4
Chhattisgarh,KANKER,2006,Rabi,Peas & beans (Pulses),2032,668,0.328740157
Chhattisgarh,KANKER,2006,Rabi,Potato,4,19,4.75
Chhattisgarh,KANKER,2006,Rabi,Rapeseed &Mustard,1424,690,0.484550562
Chhattisgarh,KANKER,2006,Rabi,Urad,86,33,0.38372093
Chhattisgarh,KANKER,2006,Rabi,Wheat,825,1443,1.749090909
Chhattisgarh,KANKER,2006,Whole Year,Banana,10,465,46.5
Chhattisgarh,KANKER,2006,Whole Year,Coriander,76,19,0.25
Chhattisgarh,KANKER,2006,Whole Year,Dry chillies,159,53,0.333333333
Chhattisgarh,KANKER,2006,Whole Year,Dry ginger,14,21,1.5
Chhattisgarh,KANKER,2006,Whole Year,Garlic,3,10,3.333333333
Chhattisgarh,KANKER,2006,Whole Year,Onion,68,314,4.617647059
Chhattisgarh,KANKER,2006,Whole Year,Sannhamp,82,38,0.463414634
Chhattisgarh,KANKER,2006,Whole Year,Sweet potato,69,360,5.217391304
Chhattisgarh,KANKER,2006,Whole Year,Turmeric,10,9,0.9
Chhattisgarh,KANKER,2007,Kharif,Arhar/Tur,589,365,0.619694397
Chhattisgarh,KANKER,2007,Kharif,Groundnut,11,20,1.818181818
Chhattisgarh,KANKER,2007,Kharif,Horse-gram,8302,3185,0.383642496
Chhattisgarh,KANKER,2007,Kharif,Jowar,354,447,1.262711864
Chhattisgarh,KANKER,2007,Kharif,Maize,8235,16293,1.978506375
Chhattisgarh,KANKER,2007,Kharif,Mesta,13,33,2.538461538
Chhattisgarh,KANKER,2007,Kharif,Moong(Green Gram),886,386,0.435665914
Chhattisgarh,KANKER,2007,Kharif,Niger seed,524,117,0.223282443
Chhattisgarh,KANKER,2007,Kharif,Other Kharif pulses,435,53,0.12183908
Chhattisgarh,KANKER,2007,Kharif,Ragi,1527,454,0.297314997
Chhattisgarh,KANKER,2007,Kharif,Rice,171869,284312,1.654236657
Chhattisgarh,KANKER,2007,Kharif,Sesamum,599,246,0.410684474
Chhattisgarh,KANKER,2007,Kharif,Small millets,18150,4564,0.251460055
Chhattisgarh,KANKER,2007,Kharif,Sunflower,22,5,0.227272727
Chhattisgarh,KANKER,2007,Kharif,Urad,5092,2319,0.455420267
Chhattisgarh,KANKER,2007,Rabi,Gram,599,566,0.94490818
Chhattisgarh,KANKER,2007,Rabi,Horse-gram,27,10,0.37037037
Chhattisgarh,KANKER,2007,Rabi,Khesari,1855,1524,0.821563342
Chhattisgarh,KANKER,2007,Rabi,Linseed,1419,587,0.4136716
Chhattisgarh,KANKER,2007,Rabi,Masoor,99,32,0.323232323
Chhattisgarh,KANKER,2007,Rabi,Moong(Green Gram),93,31,0.333333333
Chhattisgarh,KANKER,2007,Rabi,Other  Rabi pulses,10,3,0.3
Chhattisgarh,KANKER,2007,Rabi,Peas & beans (Pulses),1981,651,0.328621908
Chhattisgarh,KANKER,2007,Rabi,Potato,1,5,5
Chhattisgarh,KANKER,2007,Rabi,Rapeseed &Mustard,1460,658,0.450684932
Chhattisgarh,KANKER,2007,Rabi,Urad,64,25,0.390625
Chhattisgarh,KANKER,2007,Rabi,Wheat,800,1461,1.82625
Chhattisgarh,KANKER,2007,Whole Year,Banana,11,549,49.90909091
Chhattisgarh,KANKER,2007,Whole Year,Coriander,54,14,0.259259259
Chhattisgarh,KANKER,2007,Whole Year,Dry chillies,167,108,0.646706587
Chhattisgarh,KANKER,2007,Whole Year,Dry ginger,14,19,1.357142857
Chhattisgarh,KANKER,2007,Whole Year,Garlic,1,3,3
Chhattisgarh,KANKER,2007,Whole Year,Onion,41,186,4.536585366
Chhattisgarh,KANKER,2007,Whole Year,Sannhamp,97,44,0.453608247
Chhattisgarh,KANKER,2007,Whole Year,Sweet potato,78,407,5.217948718
Chhattisgarh,KANKER,2007,Whole Year,Turmeric,11,11,1
Chhattisgarh,KANKER,2008,Kharif,Arhar/Tur,589,330,0.560271647
Chhattisgarh,KANKER,2008,Kharif,Groundnut,11,20,1.818181818
Chhattisgarh,KANKER,2008,Kharif,Horse-gram,8292,3182,0.383743367
Chhattisgarh,KANKER,2008,Kharif,Jowar,354,552,1.559322034
Chhattisgarh,KANKER,2008,Kharif,Maize,8235,14918,1.811536126
Chhattisgarh,KANKER,2008,Kharif,Mesta,14,33,2.357142857
Chhattisgarh,KANKER,2008,Kharif,Moong(Green Gram),886,294,0.331828442
Chhattisgarh,KANKER,2008,Kharif,Niger seed,524,117,0.223282443
Chhattisgarh,KANKER,2008,Kharif,Other Kharif pulses,426,44,0.103286385
Chhattisgarh,KANKER,2008,Kharif,Ragi,1515,451,0.297689769
Chhattisgarh,KANKER,2008,Kharif,Rice,171869,223318,1.299350086
Chhattisgarh,KANKER,2008,Kharif,Sesamum,599,193,0.322203673
Chhattisgarh,KANKER,2008,Kharif,Small millets,18105,3361,0.185639326
Chhattisgarh,KANKER,2008,Kharif,Sunflower,22,5,0.227272727
Chhattisgarh,KANKER,2008,Kharif,Urad,5092,1723,0.33837392
Chhattisgarh,KANKER,2008,Rabi,Gram,599,426,0.711185309
Chhattisgarh,KANKER,2008,Rabi,Horse-gram,27,8,0.296296296
Chhattisgarh,KANKER,2008,Rabi,Khesari,1855,671,0.361725067
Chhattisgarh,KANKER,2008,Rabi,Linseed,1419,418,0.294573643
Chhattisgarh,KANKER,2008,Rabi,Masoor,101,32,0.316831683
Chhattisgarh,KANKER,2008,Rabi,Moong(Green Gram),93,26,0.279569892
Chhattisgarh,KANKER,2008,Rabi,Other  Rabi pulses,10,4,0.4
Chhattisgarh,KANKER,2008,Rabi,Peas & beans (Pulses),1989,579,0.291101056
Chhattisgarh,KANKER,2008,Rabi,Potato,1,5,5
Chhattisgarh,KANKER,2008,Rabi,Rapeseed &Mustard,1460,614,0.420547945
Chhattisgarh,KANKER,2008,Rabi,Urad,64,20,0.3125
Chhattisgarh,KANKER,2008,Rabi,Wheat,800,845,1.05625
Chhattisgarh,KANKER,2008,Whole Year,Banana,11,512,46.54545455
Chhattisgarh,KANKER,2008,Whole Year,Coriander,54,11,0.203703704
Chhattisgarh,KANKER,2008,Whole Year,Dry chillies,167,67,0.401197605
Chhattisgarh,KANKER,2008,Whole Year,Dry ginger,14,16,1.142857143
Chhattisgarh,KANKER,2008,Whole Year,Garlic,1,3,3
Chhattisgarh,KANKER,2008,Whole Year,Onion,41,225,5.487804878
Chhattisgarh,KANKER,2008,Whole Year,Sannhamp,96,31,0.322916667
Chhattisgarh,KANKER,2008,Whole Year,Sweet potato,78,461,5.91025641
Chhattisgarh,KANKER,2008,Whole Year,Turmeric,11,9,0.818181818
Chhattisgarh,KANKER,2009,Kharif,Arhar/Tur,589,345,0.58573854
Chhattisgarh,KANKER,2009,Kharif,Groundnut,11,,
Chhattisgarh,KANKER,2009,Kharif,Horse-gram,8292,2638,0.318137964
Chhattisgarh,KANKER,2009,Kharif,Jowar,354,630,1.779661017
Chhattisgarh,KANKER,2009,Kharif,Maize,8235,15901,1.930904675
Chhattisgarh,KANKER,2009,Kharif,Mesta,13,28,2.153846154
Chhattisgarh,KANKER,2009,Kharif,Moong(Green Gram),886,317,0.35778781
Chhattisgarh,KANKER,2009,Kharif,Niger seed,524,115,0.219465649
Chhattisgarh,KANKER,2009,Kharif,Other Kharif pulses,436,69,0.158256881
Chhattisgarh,KANKER,2009,Kharif,Ragi,1529,455,0.297580118
Chhattisgarh,KANKER,2009,Kharif,Rice,171869,215414,1.253361572
Chhattisgarh,KANKER,2009,Kharif,Sesamum,599,439,0.732888147
Chhattisgarh,KANKER,2009,Kharif,Small millets,18148,5157,0.284163544
Chhattisgarh,KANKER,2009,Kharif,Sunflower,22,5,0.227272727
Chhattisgarh,KANKER,2009,Kharif,Urad,5092,1822,0.357816182
Chhattisgarh,KANKER,2009,Rabi,Gram,599,678,1.131886477
Chhattisgarh,KANKER,2009,Rabi,Horse-gram,27,8,0.296296296
Chhattisgarh,KANKER,2009,Rabi,Khesari,1855,1486,0.801078167
Chhattisgarh,KANKER,2009,Rabi,Linseed,1419,555,0.391120507
Chhattisgarh,KANKER,2009,Rabi,Masoor,99,28,0.282828283
Chhattisgarh,KANKER,2009,Rabi,Moong(Green Gram),93,27,0.290322581
Chhattisgarh,KANKER,2009,Rabi,Other  Rabi pulses,10,3,0.3
Chhattisgarh,KANKER,2009,Rabi,Peas & beans (Pulses),1981,559,0.282180717
Chhattisgarh,KANKER,2009,Rabi,Rapeseed &Mustard,1460,684,0.468493151
Chhattisgarh,KANKER,2009,Rabi,Urad,64,17,0.265625
Chhattisgarh,KANKER,2009,Rabi,Wheat,800,1270,1.5875
Chhattisgarh,KANKER,2009,Whole Year,Banana,11,932,84.72727273
Chhattisgarh,KANKER,2009,Whole Year,Coriander,54,12,0.222222222
Chhattisgarh,KANKER,2009,Whole Year,Dry chillies,167,94,0.562874251
Chhattisgarh,KANKER,2009,Whole Year,Dry ginger,14,17,1.214285714
Chhattisgarh,KANKER,2009,Whole Year,Garlic,1,3,3
Chhattisgarh,KANKER,2009,Whole Year,Onion,41,167,4.073170732
Chhattisgarh,KANKER,2009,Whole Year,Potato,1,5,5
Chhattisgarh,KANKER,2009,Whole Year,Sannhamp,97,39,0.402061856
Chhattisgarh,KANKER,2009,Whole Year,Sweet potato,78,475,6.08974359
Chhattisgarh,KANKER,2009,Whole Year,Turmeric,11,9,0.818181818
Chhattisgarh,KANKER,2010,Kharif,Arhar/Tur,630,354,0.561904762
Chhattisgarh,KANKER,2010,Kharif,Horse-gram,7722,2456,0.318052318
Chhattisgarh,KANKER,2010,Kharif,Jowar,282,550,1.95035461
Chhattisgarh,KANKER,2010,Kharif,Maize,9269,18868,2.035602546
Chhattisgarh,KANKER,2010,Kharif,Mesta,1,3,3
Chhattisgarh,KANKER,2010,Kharif,Moong(Green Gram),1037,418,0.403085824
Chhattisgarh,KANKER,2010,Kharif,Niger seed,432,95,0.219907407
Chhattisgarh,KANKER,2010,Kharif,Other Kharif pulses,431,51,0.118329466
Chhattisgarh,KANKER,2010,Kharif,Ragi,1430,393,0.274825175
Chhattisgarh,KANKER,2010,Kharif,Rice,173596,385716,2.221917556
Chhattisgarh,KANKER,2010,Kharif,Sesamum,740,360,0.486486486
Chhattisgarh,KANKER,2010,Kharif,Small millets,15445,5038,0.326189705
Chhattisgarh,KANKER,2010,Kharif,Sunflower,32,7,0.21875
Chhattisgarh,KANKER,2010,Kharif,Urad,5250,2220,0.422857143
Chhattisgarh,KANKER,2010,Rabi,Gram,725,848,1.169655172
Chhattisgarh,KANKER,2010,Rabi,Horse-gram,4,1,0.25
Chhattisgarh,KANKER,2010,Rabi,Khesari,1520,1449,0.953289474
Chhattisgarh,KANKER,2010,Rabi,Linseed,927,314,0.338727077
Chhattisgarh,KANKER,2010,Rabi,Masoor,75,23,0.306666667
Chhattisgarh,KANKER,2010,Rabi,Moong(Green Gram),54,18,0.333333333
Chhattisgarh,KANKER,2010,Rabi,Other  Rabi pulses,9,2,0.222222222
Chhattisgarh,KANKER,2010,Rabi,Peas & beans (Pulses),1569,516,0.328871893
Chhattisgarh,KANKER,2010,Rabi,Rapeseed &Mustard,1237,560,0.452708165
Chhattisgarh,KANKER,2010,Rabi,Urad,55,16,0.290909091
Chhattisgarh,KANKER,2010,Rabi,Wheat,832,1428,1.716346154
Chhattisgarh,KANKER,2010,Whole Year,Banana,7,326,46.57142857
Chhattisgarh,KANKER,2010,Whole Year,Coriander,94,27,0.287234043
Chhattisgarh,KANKER,2010,Whole Year,Dry chillies,240,109,0.454166667
Chhattisgarh,KANKER,2010,Whole Year,Dry ginger,19,24,1.263157895
Chhattisgarh,KANKER,2010,Whole Year,Garlic,21,63,3
Chhattisgarh,KANKER,2010,Whole Year,Onion,86,468,5.441860465
Chhattisgarh,KANKER,2010,Whole Year,Potato,27,153,5.666666667
Chhattisgarh,KANKER,2010,Whole Year,Sannhamp,83,36,0.43373494
Chhattisgarh,KANKER,2010,Whole Year,Sugarcane,3,8,2.666666667
Chhattisgarh,KANKER,2010,Whole Year,Sweet potato,89,604,6.786516854
Chhattisgarh,KANKER,2010,Whole Year,Turmeric,13,11,0.846153846
Chhattisgarh,KANKER,2011,Kharif,Arhar/Tur,600,215,0.358333333
Chhattisgarh,KANKER,2011,Kharif,Horse-gram,7730,2049,0.265071151
Chhattisgarh,KANKER,2011,Kharif,Jowar,247,169,0.684210526
Chhattisgarh,KANKER,2011,Kharif,Maize,10461,21575,2.062422331
Chhattisgarh,KANKER,2011,Kharif,Mesta,17,40,2.352941176
Chhattisgarh,KANKER,2011,Kharif,Moong(Green Gram),1004,268,0.266932271
Chhattisgarh,KANKER,2011,Kharif,Niger seed,493,99,0.200811359
Chhattisgarh,KANKER,2011,Kharif,Other Kharif pulses,491,69,0.140529532
Chhattisgarh,KANKER,2011,Kharif,Ragi,1441,271,0.188063845
Chhattisgarh,KANKER,2011,Kharif,Rice,173669,241055,1.388013981
Chhattisgarh,KANKER,2011,Kharif,Sesamum,610,368,0.603278689
Chhattisgarh,KANKER,2011,Kharif,Small millets,15001,1883,0.125524965
Chhattisgarh,KANKER,2011,Kharif,Sunflower,40,8,0.2
Chhattisgarh,KANKER,2011,Kharif,Urad,5224,1190,0.227794793
Chhattisgarh,KANKER,2011,Rabi,Gram,741,719,0.970310391
Chhattisgarh,KANKER,2011,Rabi,Khesari,1399,1210,0.864903503
Chhattisgarh,KANKER,2011,Rabi,Linseed,832,397,0.477163462
Chhattisgarh,KANKER,2011,Rabi,Masoor,55,18,0.327272727
Chhattisgarh,KANKER,2011,Rabi,Moong(Green Gram),52,18,0.346153846
Chhattisgarh,KANKER,2011,Rabi,Other  Rabi pulses,7,2,0.285714286
Chhattisgarh,KANKER,2011,Rabi,Peas & beans (Pulses),1531,410,0.267798824
Chhattisgarh,KANKER,2011,Rabi,Potato,25,155,6.2
Chhattisgarh,KANKER,2011,Rabi,Rapeseed &Mustard,1203,623,0.517871987
Chhattisgarh,KANKER,2011,Rabi,Urad,55,15,0.272727273
Chhattisgarh,KANKER,2011,Rabi,Wheat,716,1307,1.825418994
Chhattisgarh,KANKER,2011,Whole Year,Banana,19,506,26.63157895
Chhattisgarh,KANKER,2011,Whole Year,Coriander,125,30,0.24
Chhattisgarh,KANKER,2011,Whole Year,Dry chillies,110,78,0.709090909
Chhattisgarh,KANKER,2011,Whole Year,Dry ginger,17,22,1.294117647
Chhattisgarh,KANKER,2011,Whole Year,Garlic,16,31,1.9375
Chhattisgarh,KANKER,2011,Whole Year,Onion,93,380,4.086021505
Chhattisgarh,KANKER,2011,Whole Year,Sannhamp,57,82,1.438596491
Chhattisgarh,KANKER,2011,Whole Year,Sugarcane,3,23,7.666666667
Chhattisgarh,KANKER,2011,Whole Year,Sweet potato,85,296,3.482352941
Chhattisgarh,KANKER,2011,Whole Year,Turmeric,10,9,0.9
Chhattisgarh,KANKER,2012,Kharif,Arhar/Tur,594,374,0.62962963
Chhattisgarh,KANKER,2012,Kharif,Groundnut,3,4,1.333333333
Chhattisgarh,KANKER,2012,Kharif,Horse-gram,7697,2448,0.318045992
Chhattisgarh,KANKER,2012,Kharif,Jowar,269,232,0.862453532
Chhattisgarh,KANKER,2012,Kharif,Maize,10823,20365,1.88164095
Chhattisgarh,KANKER,2012,Kharif,Moong(Green Gram),847,331,0.390791027
Chhattisgarh,KANKER,2012,Kharif,Niger seed,481,90,0.187110187
Chhattisgarh,KANKER,2012,Kharif,Other Kharif pulses,441,61,0.138321995
Chhattisgarh,KANKER,2012,Kharif,Ragi,1453,426,0.293186511
Chhattisgarh,KANKER,2012,Kharif,Rice,174398,452378,2.593940297
Chhattisgarh,KANKER,2012,Kharif,Sesamum,569,245,0.430579965
Chhattisgarh,KANKER,2012,Kharif,Small millets,14034,2709,0.19303121
Chhattisgarh,KANKER,2012,Kharif,Sunflower,41,10,0.243902439
Chhattisgarh,KANKER,2012,Kharif,Urad,5331,2081,0.390358282
Chhattisgarh,KANKER,2012,Rabi,Gram,764,968,1.267015707
Chhattisgarh,KANKER,2012,Rabi,Khesari,1365,917,0.671794872
Chhattisgarh,KANKER,2012,Rabi,Linseed,797,423,0.530740276
Chhattisgarh,KANKER,2012,Rabi,Masoor,64,17,0.265625
Chhattisgarh,KANKER,2012,Rabi,Moong(Green Gram),54,16,0.296296296
Chhattisgarh,KANKER,2012,Rabi,Other  Rabi pulses,8,1,0.125
Chhattisgarh,KANKER,2012,Rabi,Peas & beans (Pulses),1509,390,0.258449304
Chhattisgarh,KANKER,2012,Rabi,Potato,18,132,7.333333333
Chhattisgarh,KANKER,2012,Rabi,Rapeseed &Mustard,1167,597,0.511568123
Chhattisgarh,KANKER,2012,Rabi,Urad,61,14,0.229508197
Chhattisgarh,KANKER,2012,Rabi,Wheat,682,1262,1.850439883
Chhattisgarh,KANKER,2012,Whole Year,Banana,12,168,14
Chhattisgarh,KANKER,2012,Whole Year,Coriander,115,26,0.226086957
Chhattisgarh,KANKER,2012,Whole Year,Dry chillies,125,95,0.76
Chhattisgarh,KANKER,2012,Whole Year,Dry ginger,19,19,1
Chhattisgarh,KANKER,2012,Whole Year,Garlic,12,26,2.166666667
Chhattisgarh,KANKER,2012,Whole Year,Onion,90,182,2.022222222
Chhattisgarh,KANKER,2012,Whole Year,Sannhamp,33,10,0.303030303
Chhattisgarh,KANKER,2012,Whole Year,Sugarcane,5,12,2.4
Chhattisgarh,KANKER,2012,Whole Year,Sweet potato,80,300,3.75
Chhattisgarh,KANKER,2012,Whole Year,Turmeric,10,6,0.6
Chhattisgarh,KANKER,2013,Kharif,Arhar/Tur,605,390,0.644628099
Chhattisgarh,KANKER,2013,Kharif,Horse-gram,7382,2152,0.291519913
Chhattisgarh,KANKER,2013,Kharif,Maize,11511,25705,2.2330814
Chhattisgarh,KANKER,2013,Kharif,Moong(Green Gram),880,321,0.364772727
Chhattisgarh,KANKER,2013,Kharif,Niger seed,475,75,0.157894737
Chhattisgarh,KANKER,2013,Kharif,Other Kharif pulses,545,67,0.12293578
Chhattisgarh,KANKER,2013,Kharif,Potato,2,12,6
Chhattisgarh,KANKER,2013,Kharif,Ragi,1443,357,0.247401247
Chhattisgarh,KANKER,2013,Kharif,Rice,177529,431585,2.4310676
Chhattisgarh,KANKER,2013,Kharif,Sannhamp,38,15,0.394736842
Chhattisgarh,KANKER,2013,Kharif,Sesamum,506,180,0.355731225
Chhattisgarh,KANKER,2013,Kharif,Small millets,12855,2803,0.218047452
Chhattisgarh,KANKER,2013,Kharif,Sunflower,14,2,0.142857143
Chhattisgarh,KANKER,2013,Kharif,Urad,5515,1794,0.325294651
Chhattisgarh,KANKER,2013,Rabi,Gram,897,722,0.80490524
Chhattisgarh,KANKER,2013,Rabi,Horse-gram,5,2,0.4
Chhattisgarh,KANKER,2013,Rabi,Khesari,1240,864,0.696774194
Chhattisgarh,KANKER,2013,Rabi,Linseed,817,425,0.520195838
Chhattisgarh,KANKER,2013,Rabi,Masoor,128,31,0.2421875
Chhattisgarh,KANKER,2013,Rabi,Moong(Green Gram),46,13,0.282608696
Chhattisgarh,KANKER,2013,Rabi,Other  Rabi pulses,6,6,1
Chhattisgarh,KANKER,2013,Rabi,Peas & beans (Pulses),1612,394,0.244416873
Chhattisgarh,KANKER,2013,Rabi,Potato,15,74,4.933333333
Chhattisgarh,KANKER,2013,Rabi,Rapeseed &Mustard,1172,588,0.501706485
Chhattisgarh,KANKER,2013,Rabi,Urad,64,16,0.25
Chhattisgarh,KANKER,2013,Rabi,Wheat,464,713,1.536637931
Chhattisgarh,KANKER,2013,Whole Year,Banana,13,355,27.30769231
Chhattisgarh,KANKER,2013,Whole Year,Coriander,12,2,0.166666667
Chhattisgarh,KANKER,2013,Whole Year,Dry chillies,279,122,0.437275986
Chhattisgarh,KANKER,2013,Whole Year,Dry ginger,34,30,0.882352941
Chhattisgarh,KANKER,2013,Whole Year,Garlic,19,40,2.105263158
Chhattisgarh,KANKER,2013,Whole Year,Jowar,175,96,0.548571429
Chhattisgarh,KANKER,2013,Whole Year,Onion,135,511,3.785185185
Chhattisgarh,KANKER,2013,Whole Year,Sugarcane,3,6,2
Chhattisgarh,KANKER,2013,Whole Year,Sweet potato,76,278,3.657894737
Chhattisgarh,KANKER,2013,Whole Year,Turmeric,32,16,0.5
Chhattisgarh,KANKER,2014,Kharif,Arhar/Tur,607,348,0.573311367
Chhattisgarh,KANKER,2014,Kharif,Horse-gram,7320,2328,0.318032787
Chhattisgarh,KANKER,2014,Kharif,Maize,11213,22076,1.96878623
Chhattisgarh,KANKER,2014,Kharif,Moong(Green Gram),865,242,0.279768786
Chhattisgarh,KANKER,2014,Kharif,Niger seed,597,110,0.184254606
Chhattisgarh,KANKER,2014,Kharif,Other Kharif pulses,292,18,0.061643836
Chhattisgarh,KANKER,2014,Kharif,Potato,2,18,9
Chhattisgarh,KANKER,2014,Kharif,Ragi,1447,278,0.192121631
Chhattisgarh,KANKER,2014,Kharif,Rice,178689,477197,2.670544913
Chhattisgarh,KANKER,2014,Kharif,Sannhamp,31,10,0.322580645
Chhattisgarh,KANKER,2014,Kharif,Sesamum,438,227,0.51826484
Chhattisgarh,KANKER,2014,Kharif,Small millets,12431,4114,0.330946826
Chhattisgarh,KANKER,2014,Kharif,Soyabean,1,1,1
Chhattisgarh,KANKER,2014,Kharif,Sunflower,21,8,0.380952381
Chhattisgarh,KANKER,2014,Kharif,Urad,5414,1656,0.305873661
Chhattisgarh,KANKER,2014,Rabi,Gram,882,993,1.12585034
Chhattisgarh,KANKER,2014,Rabi,Khesari,1225,1530,1.248979592
Chhattisgarh,KANKER,2014,Rabi,Linseed,784,403,0.514030612
Chhattisgarh,KANKER,2014,Rabi,Masoor,127,32,0.251968504
Chhattisgarh,KANKER,2014,Rabi,Moong(Green Gram),49,13,0.265306122
Chhattisgarh,KANKER,2014,Rabi,Peas & beans (Pulses),1591,411,0.258328096
Chhattisgarh,KANKER,2014,Rabi,Potato,14,65,4.642857143
Chhattisgarh,KANKER,2014,Rabi,Rapeseed &Mustard,1124,644,0.572953737
Chhattisgarh,KANKER,2014,Rabi,Urad,77,18,0.233766234
Chhattisgarh,KANKER,2014,Rabi,Wheat,384,896,2.333333333
Chhattisgarh,KANKER,2014,Whole Year,Banana,13,433,33.30769231
Chhattisgarh,KANKER,2014,Whole Year,Coriander,139,22,0.158273381
Chhattisgarh,KANKER,2014,Whole Year,Dry chillies,287,102,0.355400697
Chhattisgarh,KANKER,2014,Whole Year,Dry ginger,31,28,0.903225806
Chhattisgarh,KANKER,2014,Whole Year,Garlic,23,51,2.217391304
Chhattisgarh,KANKER,2014,Whole Year,Jowar,167,138,0.826347305
Chhattisgarh,KANKER,2014,Whole Year,Onion,133,789,5.932330827
Chhattisgarh,KANKER,2014,Whole Year,Sugarcane,3,20,6.666666667
Chhattisgarh,KANKER,2014,Whole Year,Sweet potato,84,387,4.607142857
Chhattisgarh,KANKER,2014,Whole Year,Turmeric,43,25,0.581395349
Chhattisgarh,KONDAGAON,2011,Kharif,Arhar/Tur,166,93,0.560240964
Chhattisgarh,KONDAGAON,2011,Kharif,Groundnut,10,12,1.2
Chhattisgarh,KONDAGAON,2011,Kharif,Horse-gram,4417,1616,0.36585918
Chhattisgarh,KONDAGAON,2011,Kharif,Jowar,113,113,1
Chhattisgarh,KONDAGAON,2011,Kharif,Maize,13005,26823,2.062514418
Chhattisgarh,KONDAGAON,2011,Kharif,Mesta,11,26,2.363636364
Chhattisgarh,KONDAGAON,2011,Kharif,Moong(Green Gram),148,63,0.425675676
Chhattisgarh,KONDAGAON,2011,Kharif,Niger seed,2501,506,0.202319072
Chhattisgarh,KONDAGAON,2011,Kharif,Other Kharif pulses,310,32,0.103225806
Chhattisgarh,KONDAGAON,2011,Kharif,Potato,11,65,5.909090909
Chhattisgarh,KONDAGAON,2011,Kharif,Ragi,2457,675,0.274725275
Chhattisgarh,KONDAGAON,2011,Kharif,Rice,99670,105332,1.056807465
Chhattisgarh,KONDAGAON,2011,Kharif,Sesamum,315,167,0.53015873
Chhattisgarh,KONDAGAON,2011,Kharif,Small millets,1229,247,0.200976404
Chhattisgarh,KONDAGAON,2011,Kharif,Soyabean,4,4,1
Chhattisgarh,KONDAGAON,2011,Kharif,Sunflower,16,3,0.1875
Chhattisgarh,KONDAGAON,2011,Kharif,Urad,7574,3105,0.40995511
Chhattisgarh,KONDAGAON,2011,Rabi,Gram,490,444,0.906122449
Chhattisgarh,KONDAGAON,2011,Rabi,Khesari,28,22,0.785714286
Chhattisgarh,KONDAGAON,2011,Rabi,Linseed,248,104,0.419354839
Chhattisgarh,KONDAGAON,2011,Rabi,Other  Rabi pulses,11,4,0.363636364
Chhattisgarh,KONDAGAON,2011,Rabi,Peas & beans (Pulses),295,79,0.26779661
Chhattisgarh,KONDAGAON,2011,Rabi,Potato,121,751,6.20661157
Chhattisgarh,KONDAGAON,2011,Rabi,Rapeseed &Mustard,304,205,0.674342105
Chhattisgarh,KONDAGAON,2011,Rabi,Wheat,155,299,1.929032258
Chhattisgarh,KONDAGAON,2011,Whole Year,Banana,27,989,36.62962963
Chhattisgarh,KONDAGAON,2011,Whole Year,Coconut,35,,
Chhattisgarh,KONDAGAON,2011,Whole Year,Coriander,25,6,0.24
Chhattisgarh,KONDAGAON,2011,Whole Year,Dry chillies,152,109,0.717105263
Chhattisgarh,KONDAGAON,2011,Whole Year,Dry ginger,51,67,1.31372549
Chhattisgarh,KONDAGAON,2011,Whole Year,Garlic,4,13,3.25
Chhattisgarh,KONDAGAON,2011,Whole Year,Onion,49,234,4.775510204
Chhattisgarh,KONDAGAON,2011,Whole Year,Sannhamp,33,79,2.393939394
Chhattisgarh,KONDAGAON,2011,Whole Year,Sugarcane,11,83,7.545454545
Chhattisgarh,KONDAGAON,2011,Whole Year,Sweet potato,173,993,5.739884393
Chhattisgarh,KONDAGAON,2011,Whole Year,Turmeric,45,40,0.888888889
Chhattisgarh,KONDAGAON,2012,Kharif,Arhar/Tur,165,95,0.575757576
Chhattisgarh,KONDAGAON,2012,Kharif,Cotton(lint),2,1,0.5
Chhattisgarh,KONDAGAON,2012,Kharif,Groundnut,12,24,2
Chhattisgarh,KONDAGAON,2012,Kharif,Horse-gram,4361,1493,0.342352671
Chhattisgarh,KONDAGAON,2012,Kharif,Jowar,106,83,0.783018868
Chhattisgarh,KONDAGAON,2012,Kharif,Maize,13100,26408,2.015877863
Chhattisgarh,KONDAGAON,2012,Kharif,Mesta,10,20,2
Chhattisgarh,KONDAGAON,2012,Kharif,Moong(Green Gram),144,56,0.388888889
Chhattisgarh,KONDAGAON,2012,Kharif,Niger seed,2308,421,0.182409012
Chhattisgarh,KONDAGAON,2012,Kharif,Other Kharif pulses,377,47,0.124668435
Chhattisgarh,KONDAGAON,2012,Kharif,Potato,9,61,6.777777778
Chhattisgarh,KONDAGAON,2012,Kharif,Ragi,2490,741,0.297590361
Chhattisgarh,KONDAGAON,2012,Kharif,Rice,99796,172562,1.729147461
Chhattisgarh,KONDAGAON,2012,Kharif,Sesamum,305,105,0.344262295
Chhattisgarh,KONDAGAON,2012,Kharif,Small millets,1213,219,0.180544106
Chhattisgarh,KONDAGAON,2012,Kharif,Soyabean,1,,
Chhattisgarh,KONDAGAON,2012,Kharif,Sunflower,8,1,0.125
Chhattisgarh,KONDAGAON,2012,Kharif,Urad,7633,3029,0.396829556
Chhattisgarh,KONDAGAON,2012,Rabi,Gram,423,583,1.378250591
Chhattisgarh,KONDAGAON,2012,Rabi,Khesari,13,7,0.538461538
Chhattisgarh,KONDAGAON,2012,Rabi,Linseed,208,96,0.461538462
Chhattisgarh,KONDAGAON,2012,Rabi,Masoor,11,3,0.272727273
Chhattisgarh,KONDAGAON,2012,Rabi,Other  Rabi pulses,196,4,0.020408163
Chhattisgarh,KONDAGAON,2012,Rabi,Peas & beans (Pulses),46,13,0.282608696
Chhattisgarh,KONDAGAON,2012,Rabi,Potato,112,784,7
Chhattisgarh,KONDAGAON,2012,Rabi,Rapeseed &Mustard,288,180,0.625
Chhattisgarh,KONDAGAON,2012,Rabi,Wheat,139,278,2
Chhattisgarh,KONDAGAON,2012,Whole Year,Banana,25,449,17.96
Chhattisgarh,KONDAGAON,2012,Whole Year,Coconut,65,,
Chhattisgarh,KONDAGAON,2012,Whole Year,Coriander,21,5,0.238095238
Chhattisgarh,KONDAGAON,2012,Whole Year,Dry chillies,170,159,0.935294118
Chhattisgarh,KONDAGAON,2012,Whole Year,Dry ginger,52,60,1.153846154
Chhattisgarh,KONDAGAON,2012,Whole Year,Garlic,2,5,2.5
Chhattisgarh,KONDAGAON,2012,Whole Year,Onion,73,235,3.219178082
Chhattisgarh,KONDAGAON,2012,Whole Year,Sannhamp,33,13,0.393939394
Chhattisgarh,KONDAGAON,2012,Whole Year,Sugarcane,14,49,3.5
Chhattisgarh,KONDAGAON,2012,Whole Year,Sweet potato,174,984,5.655172414
Chhattisgarh,KONDAGAON,2012,Whole Year,Turmeric,46,43,0.934782609
Chhattisgarh,KONDAGAON,2013,Kharif,Arhar/Tur,173,97,0.560693642
Chhattisgarh,KONDAGAON,2013,Kharif,Groundnut,24,38,1.583333333
Chhattisgarh,KONDAGAON,2013,Kharif,Horse-gram,4060,1390,0.342364532
Chhattisgarh,KONDAGAON,2013,Kharif,Maize,13586,31831,2.342926542
Chhattisgarh,KONDAGAON,2013,Kharif,Moong(Green Gram),143,56,0.391608392
Chhattisgarh,KONDAGAON,2013,Kharif,Niger seed,2328,133,0.057130584
Chhattisgarh,KONDAGAON,2013,Kharif,Other Kharif pulses,456,58,0.127192982
Chhattisgarh,KONDAGAON,2013,Kharif,Potato,4,27,6.75
Chhattisgarh,KONDAGAON,2013,Kharif,Ragi,2260,569,0.251769912
Chhattisgarh,KONDAGAON,2013,Kharif,Rice,100277,181999,1.814962554
Chhattisgarh,KONDAGAON,2013,Kharif,Sannhamp,34,14,0.411764706
Chhattisgarh,KONDAGAON,2013,Kharif,Sesamum,254,84,0.330708661
Chhattisgarh,KONDAGAON,2013,Kharif,Small millets,953,174,0.182581322
Chhattisgarh,KONDAGAON,2013,Kharif,Sunflower,4,1,0.25
Chhattisgarh,KONDAGAON,2013,Kharif,Urad,7662,3091,0.403419473
Chhattisgarh,KONDAGAON,2013,Rabi,Gram,456,374,0.820175439
Chhattisgarh,KONDAGAON,2013,Rabi,Khesari,9,6,0.666666667
Chhattisgarh,KONDAGAON,2013,Rabi,Linseed,161,68,0.422360248
Chhattisgarh,KONDAGAON,2013,Rabi,Other  Rabi pulses,212,216,1.018867925
Chhattisgarh,KONDAGAON,2013,Rabi,Peas & beans (Pulses),55,15,0.272727273
Chhattisgarh,KONDAGAON,2013,Rabi,Potato,129,693,5.372093023
Chhattisgarh,KONDAGAON,2013,Rabi,Rapeseed &Mustard,241,168,0.697095436
Chhattisgarh,KONDAGAON,2013,Rabi,Wheat,127,253,1.992125984
Chhattisgarh,KONDAGAON,2013,Whole Year,Banana,26,1039,39.96153846
Chhattisgarh,KONDAGAON,2013,Whole Year,Coriander,23,6,0.260869565
Chhattisgarh,KONDAGAON,2013,Whole Year,Dry chillies,190,120,0.631578947
Chhattisgarh,KONDAGAON,2013,Whole Year,Dry ginger,33,38,1.151515152
Chhattisgarh,KONDAGAON,2013,Whole Year,Garlic,2,6,3
Chhattisgarh,KONDAGAON,2013,Whole Year,Jowar,89,58,0.651685393
Chhattisgarh,KONDAGAON,2013,Whole Year,Onion,23,114,4.956521739
Chhattisgarh,KONDAGAON,2013,Whole Year,Sugarcane,7,20,2.857142857
Chhattisgarh,KONDAGAON,2013,Whole Year,Sweet potato,173,903,5.219653179
Chhattisgarh,KONDAGAON,2013,Whole Year,Turmeric,38,28,0.736842105
Chhattisgarh,KONDAGAON,2014,Kharif,Arhar/Tur,176,116,0.659090909
Chhattisgarh,KONDAGAON,2014,Kharif,Groundnut,17,24,1.411764706
Chhattisgarh,KONDAGAON,2014,Kharif,Horse-gram,4023,1425,0.354213274
Chhattisgarh,KONDAGAON,2014,Kharif,Maize,13934,27892,2.001722406
Chhattisgarh,KONDAGAON,2014,Kharif,Mesta,6,3,0.5
Chhattisgarh,KONDAGAON,2014,Kharif,Moong(Green Gram),299,109,0.364548495
Chhattisgarh,KONDAGAON,2014,Kharif,Niger seed,2305,482,0.209110629
Chhattisgarh,KONDAGAON,2014,Kharif,Other Kharif pulses,375,32,0.085333333
Chhattisgarh,KONDAGAON,2014,Kharif,Potato,14,101,7.214285714
Chhattisgarh,KONDAGAON,2014,Kharif,Ragi,2233,645,0.288849082
Chhattisgarh,KONDAGAON,2014,Kharif,Rice,100383,193520,1.927816463
Chhattisgarh,KONDAGAON,2014,Kharif,Sannhamp,31,9,0.290322581
Chhattisgarh,KONDAGAON,2014,Kharif,Sesamum,252,138,0.547619048
Chhattisgarh,KONDAGAON,2014,Kharif,Small millets,840,172,0.204761905
Chhattisgarh,KONDAGAON,2014,Kharif,Sunflower,6,1,0.166666667
Chhattisgarh,KONDAGAON,2014,Kharif,Urad,7407,3132,0.422843256
Chhattisgarh,KONDAGAON,2014,Rabi,Castor seed,1,,
Chhattisgarh,KONDAGAON,2014,Rabi,Gram,420,648,1.542857143
Chhattisgarh,KONDAGAON,2014,Rabi,Khesari,9,10,1.111111111
Chhattisgarh,KONDAGAON,2014,Rabi,Linseed,154,68,0.441558442
Chhattisgarh,KONDAGAON,2014,Rabi,Masoor,1,,
Chhattisgarh,KONDAGAON,2014,Rabi,Moong(Green Gram),1,,
Chhattisgarh,KONDAGAON,2014,Rabi,Other  Rabi pulses,205,5,0.024390244
Chhattisgarh,KONDAGAON,2014,Rabi,Peas & beans (Pulses),92,26,0.282608696
Chhattisgarh,KONDAGAON,2014,Rabi,Potato,140,922,6.585714286
Chhattisgarh,KONDAGAON,2014,Rabi,Rapeseed &Mustard,238,151,0.634453782
Chhattisgarh,KONDAGAON,2014,Rabi,Wheat,125,292,2.336
Chhattisgarh,KONDAGAON,2014,Whole Year,Banana,24,959,39.95833333
Chhattisgarh,KONDAGAON,2014,Whole Year,Coconut,34,,
Chhattisgarh,KONDAGAON,2014,Whole Year,Coriander,28,6,0.214285714
Chhattisgarh,KONDAGAON,2014,Whole Year,Dry chillies,153,65,0.424836601
Chhattisgarh,KONDAGAON,2014,Whole Year,Dry ginger,43,46,1.069767442
Chhattisgarh,KONDAGAON,2014,Whole Year,Garlic,2,5,2.5
Chhattisgarh,KONDAGAON,2014,Whole Year,Jowar,83,74,0.891566265
Chhattisgarh,KONDAGAON,2014,Whole Year,Onion,43,351,8.162790698
Chhattisgarh,KONDAGAON,2014,Whole Year,Sugarcane,7,62,8.857142857
Chhattisgarh,KONDAGAON,2014,Whole Year,Sweet potato,166,866,5.21686747
Chhattisgarh,KONDAGAON,2014,Whole Year,Turmeric,42,31,0.738095238
Chhattisgarh,KORBA,2000,Kharif,Arhar/Tur,696,307,0.441091954
Chhattisgarh,KORBA,2000,Kharif,Bajra,7,3,0.428571429
Chhattisgarh,KORBA,2000,Kharif,Groundnut,130,99,0.761538462
Chhattisgarh,KORBA,2000,Kharif,Horse-gram,5795,1413,0.243830889
Chhattisgarh,KORBA,2000,Kharif,Jowar,400,340,0.85
Chhattisgarh,KORBA,2000,Kharif,Maize,4902,5181,1.056915545
Chhattisgarh,KORBA,2000,Kharif,Mesta,23,49,2.130434783
Chhattisgarh,KORBA,2000,Kharif,Moong(Green Gram),75,13,0.173333333
Chhattisgarh,KORBA,2000,Kharif,Niger seed,229,59,0.257641921
Chhattisgarh,KORBA,2000,Kharif,Other Kharif pulses,563,261,0.463587922
Chhattisgarh,KORBA,2000,Kharif,Rice,109325,60674,0.554987423
Chhattisgarh,KORBA,2000,Kharif,Sesamum,559,84,0.150268336
Chhattisgarh,KORBA,2000,Kharif,Small millets,4001,707,0.176705824
Chhattisgarh,KORBA,2000,Kharif,Soyabean,2,1,0.5
Chhattisgarh,KORBA,2000,Kharif,Urad,5040,962,0.190873016
Chhattisgarh,KORBA,2000,Rabi,Barley,213,177,0.830985915
Chhattisgarh,KORBA,2000,Rabi,Gram,282,149,0.528368794
Chhattisgarh,KORBA,2000,Rabi,Khesari,1707,900,0.527240773
Chhattisgarh,KORBA,2000,Rabi,Linseed,924,209,0.226190476
Chhattisgarh,KORBA,2000,Rabi,Masoor,52,15,0.288461538
Chhattisgarh,KORBA,2000,Rabi,Moong(Green Gram),8,2,0.25
Chhattisgarh,KORBA,2000,Rabi,Other  Rabi pulses,22,9,0.409090909
Chhattisgarh,KORBA,2000,Rabi,Peas & beans (Pulses),394,119,0.302030457
Chhattisgarh,KORBA,2000,Rabi,Rapeseed &Mustard,1979,495,0.250126326
Chhattisgarh,KORBA,2000,Rabi,Urad,11,2,0.181818182
Chhattisgarh,KORBA,2000,Rabi,Wheat,735,660,0.897959184
Chhattisgarh,KORBA,2000,Whole Year,Banana,5,179,35.8
Chhattisgarh,KORBA,2000,Whole Year,Dry chillies,199,40,0.201005025
Chhattisgarh,KORBA,2000,Whole Year,Garlic,16,56,3.5
Chhattisgarh,KORBA,2000,Whole Year,Onion,101,906,8.97029703
Chhattisgarh,KORBA,2000,Whole Year,Potato,107,673,6.289719626
Chhattisgarh,KORBA,2000,Whole Year,Sannhamp,26,7,0.269230769
Chhattisgarh,KORBA,2000,Whole Year,Sugarcane,8,21,2.625
Chhattisgarh,KORBA,2000,Whole Year,Sweet potato,82,532,6.487804878
Chhattisgarh,KORBA,2000,Whole Year,Turmeric,1,1,1
Chhattisgarh,KORBA,2001,Kharif,Arhar/Tur,1038,421,0.405587669
Chhattisgarh,KORBA,2001,Kharif,Bajra,7,3,0.428571429
Chhattisgarh,KORBA,2001,Kharif,Groundnut,208,241,1.158653846
Chhattisgarh,KORBA,2001,Kharif,Horse-gram,5468,1690,0.309070958
Chhattisgarh,KORBA,2001,Kharif,Jowar,403,401,0.995037221
Chhattisgarh,KORBA,2001,Kharif,Maize,4942,3540,0.716309187
Chhattisgarh,KORBA,2001,Kharif,Mesta,23,50,2.173913043
Chhattisgarh,KORBA,2001,Kharif,Moong(Green Gram),79,18,0.227848101
Chhattisgarh,KORBA,2001,Kharif,Niger seed,316,81,0.256329114
Chhattisgarh,KORBA,2001,Kharif,Other Kharif pulses,629,293,0.46581876
Chhattisgarh,KORBA,2001,Kharif,Rice,110152,145072,1.317016486
Chhattisgarh,KORBA,2001,Kharif,Sesamum,1613,336,0.208307502
Chhattisgarh,KORBA,2001,Kharif,Small millets,3430,978,0.285131195
Chhattisgarh,KORBA,2001,Kharif,Soyabean,1,1,1
Chhattisgarh,KORBA,2001,Kharif,Urad,4850,1157,0.238556701
Chhattisgarh,KORBA,2001,Rabi,Barley,212,182,0.858490566
Chhattisgarh,KORBA,2001,Rabi,Gram,373,273,0.731903485
Chhattisgarh,KORBA,2001,Rabi,Khesari,2679,1733,0.646883165
Chhattisgarh,KORBA,2001,Rabi,Linseed,1276,333,0.260971787
Chhattisgarh,KORBA,2001,Rabi,Masoor,50,15,0.3
Chhattisgarh,KORBA,2001,Rabi,Moong(Green Gram),7,2,0.285714286
Chhattisgarh,KORBA,2001,Rabi,Other  Rabi pulses,17,7,0.411764706
Chhattisgarh,KORBA,2001,Rabi,Peas & beans (Pulses),127,46,0.362204724
Chhattisgarh,KORBA,2001,Rabi,Rapeseed &Mustard,2193,701,0.319653443
Chhattisgarh,KORBA,2001,Rabi,Urad,6,1,0.166666667
Chhattisgarh,KORBA,2001,Rabi,Wheat,801,817,1.019975031
Chhattisgarh,KORBA,2001,Whole Year,Banana,3,102,34
Chhattisgarh,KORBA,2001,Whole Year,Coriander,2,1,0.5
Chhattisgarh,KORBA,2001,Whole Year,Dry chillies,215,101,0.469767442
Chhattisgarh,KORBA,2001,Whole Year,Garlic,20,70,3.5
Chhattisgarh,KORBA,2001,Whole Year,Onion,109,1107,10.1559633
Chhattisgarh,KORBA,2001,Whole Year,Potato,119,777,6.529411765
Chhattisgarh,KORBA,2001,Whole Year,Sannhamp,29,10,0.344827586
Chhattisgarh,KORBA,2001,Whole Year,Sugarcane,3,10,3.333333333
Chhattisgarh,KORBA,2001,Whole Year,Sweet potato,99,643,6.494949495
Chhattisgarh,KORBA,2001,Whole Year,Turmeric,3,3,1
Chhattisgarh,KORBA,2002,Kharif,Arhar/Tur,1105,443,0.400904977
Chhattisgarh,KORBA,2002,Kharif,Bajra,7,2,0.285714286
Chhattisgarh,KORBA,2002,Kharif,Groundnut,226,224,0.991150442
Chhattisgarh,KORBA,2002,Kharif,Horse-gram,5794,1570,0.270969969
Chhattisgarh,KORBA,2002,Kharif,Jowar,431,452,1.048723898
Chhattisgarh,KORBA,2002,Kharif,Maize,4839,5928,1.225046497
Chhattisgarh,KORBA,2002,Kharif,Mesta,17,30,1.764705882
Chhattisgarh,KORBA,2002,Kharif,Moong(Green Gram),87,17,0.195402299
Chhattisgarh,KORBA,2002,Kharif,Niger seed,296,66,0.222972973
Chhattisgarh,KORBA,2002,Kharif,Other Kharif pulses,764,357,0.467277487
Chhattisgarh,KORBA,2002,Kharif,Rice,108984,82439,0.756432137
Chhattisgarh,KORBA,2002,Kharif,Sesamum,1531,381,0.248856956
Chhattisgarh,KORBA,2002,Kharif,Small millets,2961,632,0.213441405
Chhattisgarh,KORBA,2002,Kharif,Urad,4925,979,0.198781726
Chhattisgarh,KORBA,2002,Rabi,Barley,249,174,0.698795181
Chhattisgarh,KORBA,2002,Rabi,Gram,296,162,0.547297297
Chhattisgarh,KORBA,2002,Rabi,Khesari,2126,1258,0.591721543
Chhattisgarh,KORBA,2002,Rabi,Linseed,954,253,0.265199161
Chhattisgarh,KORBA,2002,Rabi,Masoor,45,12,0.266666667
Chhattisgarh,KORBA,2002,Rabi,Moong(Green Gram),4,1,0.25
Chhattisgarh,KORBA,2002,Rabi,Other  Rabi pulses,31,14,0.451612903
Chhattisgarh,KORBA,2002,Rabi,Peas & beans (Pulses),97,28,0.288659794
Chhattisgarh,KORBA,2002,Rabi,Rapeseed &Mustard,2127,573,0.269393512
Chhattisgarh,KORBA,2002,Rabi,Urad,8,2,0.25
Chhattisgarh,KORBA,2002,Rabi,Wheat,659,547,0.830045524
Chhattisgarh,KORBA,2002,Whole Year,Banana,2,58,29
Chhattisgarh,KORBA,2002,Whole Year,Dry chillies,207,147,0.710144928
Chhattisgarh,KORBA,2002,Whole Year,Garlic,17,60,3.529411765
Chhattisgarh,KORBA,2002,Whole Year,Onion,101,968,9.584158416
Chhattisgarh,KORBA,2002,Whole Year,Potato,123,745,6.056910569
Chhattisgarh,KORBA,2002,Whole Year,Sannhamp,6,2,0.333333333
Chhattisgarh,KORBA,2002,Whole Year,Sugarcane,9,23,2.555555556
Chhattisgarh,KORBA,2002,Whole Year,Sweet potato,87,565,6.494252874
Chhattisgarh,KORBA,2003,Kharif,Arhar/Tur,1161,610,0.52540913
Chhattisgarh,KORBA,2003,Kharif,Bajra,7,4,0.571428571
Chhattisgarh,KORBA,2003,Kharif,Groundnut,251,243,0.96812749
Chhattisgarh,KORBA,2003,Kharif,Horse-gram,5578,1512,0.271064898
Chhattisgarh,KORBA,2003,Kharif,Jowar,414,332,0.801932367
Chhattisgarh,KORBA,2003,Kharif,Maize,4902,6070,1.238270094
Chhattisgarh,KORBA,2003,Kharif,Mesta,26,46,1.769230769
Chhattisgarh,KORBA,2003,Kharif,Moong(Green Gram),74,15,0.202702703
Chhattisgarh,KORBA,2003,Kharif,Niger seed,343,76,0.221574344
Chhattisgarh,KORBA,2003,Kharif,Other Kharif pulses,723,310,0.428769018
Chhattisgarh,KORBA,2003,Kharif,Rice,110113,134710,1.223379619
Chhattisgarh,KORBA,2003,Kharif,Sesamum,1603,395,0.246412976
Chhattisgarh,KORBA,2003,Kharif,Small millets,2694,727,0.269858946
Chhattisgarh,KORBA,2003,Kharif,Sunflower,1,,
Chhattisgarh,KORBA,2003,Kharif,Urad,4865,967,0.198766701
Chhattisgarh,KORBA,2003,Rabi,Barley,247,207,0.83805668
Chhattisgarh,KORBA,2003,Rabi,Gram,349,271,0.776504298
Chhattisgarh,KORBA,2003,Rabi,Khesari,2463,1499,0.608607389
Chhattisgarh,KORBA,2003,Rabi,Linseed,1182,289,0.244500846
Chhattisgarh,KORBA,2003,Rabi,Masoor,49,13,0.265306122
Chhattisgarh,KORBA,2003,Rabi,Moong(Green Gram),1,,
Chhattisgarh,KORBA,2003,Rabi,Other  Rabi pulses,29,12,0.413793103
Chhattisgarh,KORBA,2003,Rabi,Peas & beans (Pulses),141,43,0.304964539
Chhattisgarh,KORBA,2003,Rabi,Rapeseed &Mustard,2226,670,0.30098832
Chhattisgarh,KORBA,2003,Rabi,Urad,14,3,0.214285714
Chhattisgarh,KORBA,2003,Rabi,Wheat,782,657,0.840153453
Chhattisgarh,KORBA,2003,Whole Year,Banana,2,68,34
Chhattisgarh,KORBA,2003,Whole Year,Dry chillies,224,114,0.508928571
Chhattisgarh,KORBA,2003,Whole Year,Dry ginger,1,1,1
Chhattisgarh,KORBA,2003,Whole Year,Garlic,16,57,3.5625
Chhattisgarh,KORBA,2003,Whole Year,Onion,110,895,8.136363636
Chhattisgarh,KORBA,2003,Whole Year,Potato,160,686,4.2875
Chhattisgarh,KORBA,2003,Whole Year,Sannhamp,16,5,0.3125
Chhattisgarh,KORBA,2003,Whole Year,Sugarcane,6,15,2.5
Chhattisgarh,KORBA,2003,Whole Year,Sweet potato,89,578,6.494382022
Chhattisgarh,KORBA,2003,Whole Year,Turmeric,5,4,0.8
Chhattisgarh,KORBA,2004,Kharif,Arhar/Tur,1273,499,0.391987431
Chhattisgarh,KORBA,2004,Kharif,Bajra,7,2,0.285714286
Chhattisgarh,KORBA,2004,Kharif,Groundnut,240,259,1.079166667
Chhattisgarh,KORBA,2004,Kharif,Horse-gram,5525,1348,0.2439819
Chhattisgarh,KORBA,2004,Kharif,Jowar,399,227,0.568922306
Chhattisgarh,KORBA,2004,Kharif,Maize,4865,6413,1.318191161
Chhattisgarh,KORBA,2004,Kharif,Mesta,39,61,1.564102564
Chhattisgarh,KORBA,2004,Kharif,Moong(Green Gram),80,14,0.175
Chhattisgarh,KORBA,2004,Kharif,Niger seed,361,73,0.202216066
Chhattisgarh,KORBA,2004,Kharif,Other Kharif pulses,727,282,0.387895461
Chhattisgarh,KORBA,2004,Kharif,Rice,109856,101504,0.923973201
Chhattisgarh,KORBA,2004,Kharif,Sesamum,1607,359,0.223397635
Chhattisgarh,KORBA,2004,Kharif,Small millets,2359,528,0.223823654
Chhattisgarh,KORBA,2004,Kharif,Soyabean,2,1,0.5
Chhattisgarh,KORBA,2004,Kharif,Sunflower,4,2,0.5
Chhattisgarh,KORBA,2004,Kharif,Urad,4923,881,0.178955921
Chhattisgarh,KORBA,2004,Rabi,Barley,230,150,0.652173913
Chhattisgarh,KORBA,2004,Rabi,Gram,355,147,0.414084507
Chhattisgarh,KORBA,2004,Rabi,Khesari,2366,975,0.412087912
Chhattisgarh,KORBA,2004,Rabi,Linseed,1052,186,0.176806084
Chhattisgarh,KORBA,2004,Rabi,Masoor,60,15,0.25
Chhattisgarh,KORBA,2004,Rabi,Other  Rabi pulses,430,12,0.027906977
Chhattisgarh,KORBA,2004,Rabi,Peas & beans (Pulses),174,44,0.252873563
Chhattisgarh,KORBA,2004,Rabi,Rapeseed &Mustard,2207,610,0.276393294
Chhattisgarh,KORBA,2004,Rabi,Urad,7,1,0.142857143
Chhattisgarh,KORBA,2004,Rabi,Wheat,711,459,0.64556962
Chhattisgarh,KORBA,2004,Whole Year,Banana,4,136,34
Chhattisgarh,KORBA,2004,Whole Year,Coriander,8,2,0.25
Chhattisgarh,KORBA,2004,Whole Year,Dry chillies,247,94,0.380566802
Chhattisgarh,KORBA,2004,Whole Year,Dry ginger,1,1,1
Chhattisgarh,KORBA,2004,Whole Year,Garlic,13,43,3.307692308
Chhattisgarh,KORBA,2004,Whole Year,Onion,119,696,5.848739496
Chhattisgarh,KORBA,2004,Whole Year,Potato,187,820,4.385026738
Chhattisgarh,KORBA,2004,Whole Year,Sannhamp,3,1,0.333333333
Chhattisgarh,KORBA,2004,Whole Year,Sugarcane,6,12,2
Chhattisgarh,KORBA,2004,Whole Year,Sweet potato,86,493,5.73255814
Chhattisgarh,KORBA,2004,Whole Year,Turmeric,8,7,0.875
Chhattisgarh,KORBA,2005,Kharif,Arhar/Tur,1233,540,0.437956204
Chhattisgarh,KORBA,2005,Kharif,Bajra,7,2,0.285714286
Chhattisgarh,KORBA,2005,Kharif,Groundnut,254,317,1.248031496
Chhattisgarh,KORBA,2005,Kharif,Horse-gram,5510,1553,0.28185118
Chhattisgarh,KORBA,2005,Kharif,Jowar,396,319,0.805555556
Chhattisgarh,KORBA,2005,Kharif,Maize,4801,4794,0.99854197
Chhattisgarh,KORBA,2005,Kharif,Mesta,36,71,1.972222222
Chhattisgarh,KORBA,2005,Kharif,Moong(Green Gram),90,19,0.211111111
Chhattisgarh,KORBA,2005,Kharif,Niger seed,370,93,0.251351351
Chhattisgarh,KORBA,2005,Kharif,Other Kharif pulses,716,267,0.372905028
Chhattisgarh,KORBA,2005,Kharif,Rice,109622,129060,1.177318421
Chhattisgarh,KORBA,2005,Kharif,Sesamum,1569,392,0.249840663
Chhattisgarh,KORBA,2005,Kharif,Small millets,2307,534,0.231469441
Chhattisgarh,KORBA,2005,Kharif,Soyabean,3,2,0.666666667
Chhattisgarh,KORBA,2005,Kharif,Sunflower,5,2,0.4
Chhattisgarh,KORBA,2005,Kharif,Urad,4831,979,0.202649555
Chhattisgarh,KORBA,2005,Rabi,Barley,228,186,0.815789474
Chhattisgarh,KORBA,2005,Rabi,Gram,363,235,0.64738292
Chhattisgarh,KORBA,2005,Rabi,Khesari,2965,1632,0.550421585
Chhattisgarh,KORBA,2005,Rabi,Linseed,1599,318,0.198874296
Chhattisgarh,KORBA,2005,Rabi,Masoor,56,13,0.232142857
Chhattisgarh,KORBA,2005,Rabi,Other  Rabi pulses,462,13,0.028138528
Chhattisgarh,KORBA,2005,Rabi,Peas & beans (Pulses),184,53,0.288043478
Chhattisgarh,KORBA,2005,Rabi,Rapeseed &Mustard,2197,580,0.263996359
Chhattisgarh,KORBA,2005,Rabi,Urad,9,1,0.111111111
Chhattisgarh,KORBA,2005,Rabi,Wheat,721,551,0.764216366
Chhattisgarh,KORBA,2005,Whole Year,Banana,7,217,31
Chhattisgarh,KORBA,2005,Whole Year,Dry chillies,247,52,0.210526316
Chhattisgarh,KORBA,2005,Whole Year,Dry ginger,3,1,0.333333333
Chhattisgarh,KORBA,2005,Whole Year,Garlic,10,32,3.2
Chhattisgarh,KORBA,2005,Whole Year,Onion,131,725,5.534351145
Chhattisgarh,KORBA,2005,Whole Year,Potato,195,728,3.733333333
Chhattisgarh,KORBA,2005,Whole Year,Sannhamp,33,10,0.303030303
Chhattisgarh,KORBA,2005,Whole Year,Sugarcane,4,12,3
Chhattisgarh,KORBA,2005,Whole Year,Sweet potato,92,528,5.739130435
Chhattisgarh,KORBA,2005,Whole Year,Turmeric,10,8,0.8
Chhattisgarh,KORBA,2006,Kharif,Arhar/Tur,1263,450,0.356294537
Chhattisgarh,KORBA,2006,Kharif,Bajra,7,2,0.285714286
Chhattisgarh,KORBA,2006,Kharif,Groundnut,281,233,0.829181495
Chhattisgarh,KORBA,2006,Kharif,Horse-gram,5423,1294,0.238613314
Chhattisgarh,KORBA,2006,Kharif,Jowar,399,272,0.681704261
Chhattisgarh,KORBA,2006,Kharif,Maize,4769,4772,1.000629063
Chhattisgarh,KORBA,2006,Kharif,Mesta,36,63,1.75
Chhattisgarh,KORBA,2006,Kharif,Moong(Green Gram),84,14,0.166666667
Chhattisgarh,KORBA,2006,Kharif,Niger seed,378,76,0.201058201
Chhattisgarh,KORBA,2006,Kharif,Other Kharif pulses,391,338,0.864450128
Chhattisgarh,KORBA,2006,Kharif,Potato,5,31,6.2
Chhattisgarh,KORBA,2006,Kharif,Rice,109853,95823,0.87228387
Chhattisgarh,KORBA,2006,Kharif,Sesamum,1561,335,0.214606022
Chhattisgarh,KORBA,2006,Kharif,Small millets,2255,543,0.240798226
Chhattisgarh,KORBA,2006,Kharif,Soyabean,3,2,0.666666667
Chhattisgarh,KORBA,2006,Kharif,Sunflower,7,3,0.428571429
Chhattisgarh,KORBA,2006,Kharif,Urad,4841,924,0.190869655
Chhattisgarh,KORBA,2006,Rabi,Barley,227,145,0.63876652
Chhattisgarh,KORBA,2006,Rabi,Gram,353,230,0.651558074
Chhattisgarh,KORBA,2006,Rabi,Jute,81,,
Chhattisgarh,KORBA,2006,Rabi,Khesari,2927,1493,0.510078579
Chhattisgarh,KORBA,2006,Rabi,Linseed,1603,312,0.194635059
Chhattisgarh,KORBA,2006,Rabi,Masoor,57,14,0.245614035
Chhattisgarh,KORBA,2006,Rabi,Other  Rabi pulses,470,23,0.04893617
Chhattisgarh,KORBA,2006,Rabi,Peas & beans (Pulses),181,46,0.254143646
Chhattisgarh,KORBA,2006,Rabi,Potato,199,608,3.055276382
Chhattisgarh,KORBA,2006,Rabi,Rapeseed &Mustard,2187,630,0.288065844
Chhattisgarh,KORBA,2006,Rabi,Urad,10,1,0.1
Chhattisgarh,KORBA,2006,Rabi,Wheat,700,520,0.742857143
Chhattisgarh,KORBA,2006,Whole Year,Coriander,18,5,0.277777778
Chhattisgarh,KORBA,2006,Whole Year,Dry chillies,235,63,0.268085106
Chhattisgarh,KORBA,2006,Whole Year,Dry ginger,2,2,1
Chhattisgarh,KORBA,2006,Whole Year,Garlic,9,32,3.555555556
Chhattisgarh,KORBA,2006,Whole Year,Onion,139,737,5.302158273
Chhattisgarh,KORBA,2006,Whole Year,Sannhamp,2,1,0.5
Chhattisgarh,KORBA,2006,Whole Year,Sugarcane,4,13,3.25
Chhattisgarh,KORBA,2006,Whole Year,Sweet potato,88,572,6.5
Chhattisgarh,KORBA,2006,Whole Year,Turmeric,9,8,0.888888889
Chhattisgarh,KORBA,2007,Kharif,Arhar/Tur,1286,533,0.414463453
Chhattisgarh,KORBA,2007,Kharif,Bajra,7,2,0.285714286
Chhattisgarh,KORBA,2007,Kharif,Groundnut,301,331,1.099667774
Chhattisgarh,KORBA,2007,Kharif,Horse-gram,5422,1470,0.271117669
Chhattisgarh,KORBA,2007,Kharif,Jowar,377,323,0.856763926
Chhattisgarh,KORBA,2007,Kharif,Maize,4689,6787,1.447430156
Chhattisgarh,KORBA,2007,Kharif,Mesta,36,66,1.833333333
Chhattisgarh,KORBA,2007,Kharif,Moong(Green Gram),77,15,0.194805195
Chhattisgarh,KORBA,2007,Kharif,Niger seed,402,98,0.243781095
Chhattisgarh,KORBA,2007,Kharif,Other Kharif pulses,766,292,0.381201044
Chhattisgarh,KORBA,2007,Kharif,Potato,1,7,7
Chhattisgarh,KORBA,2007,Kharif,Rice,109818,120613,1.098299004
Chhattisgarh,KORBA,2007,Kharif,Sesamum,1570,384,0.244585987
Chhattisgarh,KORBA,2007,Kharif,Small millets,2144,592,0.276119403
Chhattisgarh,KORBA,2007,Kharif,Soyabean,3,4,1.333333333
Chhattisgarh,KORBA,2007,Kharif,Sunflower,9,4,0.444444444
Chhattisgarh,KORBA,2007,Kharif,Urad,4843,924,0.190790832
Chhattisgarh,KORBA,2007,Rabi,Barley,222,222,1
Chhattisgarh,KORBA,2007,Rabi,Gram,329,234,0.711246201
Chhattisgarh,KORBA,2007,Rabi,Khesari,2923,1571,0.537461512
Chhattisgarh,KORBA,2007,Rabi,Linseed,1610,383,0.237888199
Chhattisgarh,KORBA,2007,Rabi,Masoor,57,14,0.245614035
Chhattisgarh,KORBA,2007,Rabi,Other  Rabi pulses,438,16,0.03652968
Chhattisgarh,KORBA,2007,Rabi,Peas & beans (Pulses),219,59,0.269406393
Chhattisgarh,KORBA,2007,Rabi,Potato,191,795,4.162303665
Chhattisgarh,KORBA,2007,Rabi,Rapeseed &Mustard,2229,698,0.313144908
Chhattisgarh,KORBA,2007,Rabi,Urad,9,1,0.111111111
Chhattisgarh,KORBA,2007,Rabi,Wheat,669,559,0.835575486
Chhattisgarh,KORBA,2007,Whole Year,Coriander,8,2,0.25
Chhattisgarh,KORBA,2007,Whole Year,Dry chillies,234,120,0.512820513
Chhattisgarh,KORBA,2007,Whole Year,Dry ginger,2,2,1
Chhattisgarh,KORBA,2007,Whole Year,Garlic,16,55,3.4375
Chhattisgarh,KORBA,2007,Whole Year,Onion,136,708,5.205882353
Chhattisgarh,KORBA,2007,Whole Year,Sannhamp,15,4,0.266666667
Chhattisgarh,KORBA,2007,Whole Year,Sugarcane,5,16,3.2
Chhattisgarh,KORBA,2007,Whole Year,Sweet potato,79,548,6.936708861
Chhattisgarh,KORBA,2007,Whole Year,Turmeric,6,6,1
Chhattisgarh,KORBA,2008,Kharif,Arhar/Tur,1419,878,0.618745595
Chhattisgarh,KORBA,2008,Kharif,Bajra,72,29,0.402777778
Chhattisgarh,KORBA,2008,Kharif,Groundnut,289,316,1.093425606
Chhattisgarh,KORBA,2008,Kharif,Horse-gram,5297,1436,0.271096847
Chhattisgarh,KORBA,2008,Kharif,Jowar,320,401,1.253125
Chhattisgarh,KORBA,2008,Kharif,Maize,4832,5230,1.08236755
Chhattisgarh,KORBA,2008,Kharif,Mesta,37,79,2.135135135
Chhattisgarh,KORBA,2008,Kharif,Moong(Green Gram),89,18,0.202247191
Chhattisgarh,KORBA,2008,Kharif,Niger seed,407,109,0.267813268
Chhattisgarh,KORBA,2008,Kharif,Other Kharif pulses,706,318,0.450424929
Chhattisgarh,KORBA,2008,Kharif,Potato,1,,
Chhattisgarh,KORBA,2008,Kharif,Rice,109650,110250,1.005471956
Chhattisgarh,KORBA,2008,Kharif,Sesamum,1580,416,0.263291139
Chhattisgarh,KORBA,2008,Kharif,Small millets,2148,583,0.27141527
Chhattisgarh,KORBA,2008,Kharif,Soyabean,3,4,1.333333333
Chhattisgarh,KORBA,2008,Kharif,Sunflower,8,3,0.375
Chhattisgarh,KORBA,2008,Kharif,Urad,4775,949,0.198743455
Chhattisgarh,KORBA,2008,Rabi,Barley,170,154,0.905882353
Chhattisgarh,KORBA,2008,Rabi,Gram,384,331,0.861979167
Chhattisgarh,KORBA,2008,Rabi,Khesari,2885,683,0.236741768
Chhattisgarh,KORBA,2008,Rabi,Linseed,1624,454,0.27955665
Chhattisgarh,KORBA,2008,Rabi,Masoor,58,18,0.310344828
Chhattisgarh,KORBA,2008,Rabi,Other  Rabi pulses,434,18,0.041474654
Chhattisgarh,KORBA,2008,Rabi,Peas & beans (Pulses),203,73,0.359605911
Chhattisgarh,KORBA,2008,Rabi,Potato,213,1026,4.816901408
Chhattisgarh,KORBA,2008,Rabi,Rapeseed &Mustard,2243,770,0.343290236
Chhattisgarh,KORBA,2008,Rabi,Urad,7,1,0.142857143
Chhattisgarh,KORBA,2008,Rabi,Wheat,658,520,0.790273556
Chhattisgarh,KORBA,2008,Whole Year,Banana,3,84,28
Chhattisgarh,KORBA,2008,Whole Year,Coriander,9,2,0.222222222
Chhattisgarh,KORBA,2008,Whole Year,Dry chillies,194,95,0.489690722
Chhattisgarh,KORBA,2008,Whole Year,Dry ginger,7,10,1.428571429
Chhattisgarh,KORBA,2008,Whole Year,Garlic,17,53,3.117647059
Chhattisgarh,KORBA,2008,Whole Year,Onion,118,618,5.237288136
Chhattisgarh,KORBA,2008,Whole Year,Sannhamp,4,1,0.25
Chhattisgarh,KORBA,2008,Whole Year,Sugarcane,4,12,3
Chhattisgarh,KORBA,2008,Whole Year,Sweet potato,87,471,5.413793103
Chhattisgarh,KORBA,2008,Whole Year,Turmeric,6,5,0.833333333
Chhattisgarh,KORBA,2009,Kharif,Arhar/Tur,1303,631,0.484267076
Chhattisgarh,KORBA,2009,Kharif,Bajra,9,3,0.333333333
Chhattisgarh,KORBA,2009,Kharif,Groundnut,282,366,1.29787234
Chhattisgarh,KORBA,2009,Kharif,Horse-gram,5448,1476,0.27092511
Chhattisgarh,KORBA,2009,Kharif,Jowar,378,507,1.341269841
Chhattisgarh,KORBA,2009,Kharif,Jute,66,,
Chhattisgarh,KORBA,2009,Kharif,Maize,4703,6152,1.308101212
Chhattisgarh,KORBA,2009,Kharif,Mesta,34,65,1.911764706
Chhattisgarh,KORBA,2009,Kharif,Moong(Green Gram),95,19,0.2
Chhattisgarh,KORBA,2009,Kharif,Niger seed,398,89,0.22361809
Chhattisgarh,KORBA,2009,Kharif,Other Kharif pulses,1070,259,0.242056075
Chhattisgarh,KORBA,2009,Kharif,Rice,109232,101991,0.933709902
Chhattisgarh,KORBA,2009,Kharif,Sesamum,1537,534,0.347430059
Chhattisgarh,KORBA,2009,Kharif,Small millets,2112,448,0.212121212
Chhattisgarh,KORBA,2009,Kharif,Soyabean,2,,
Chhattisgarh,KORBA,2009,Kharif,Sunflower,12,,
Chhattisgarh,KORBA,2009,Kharif,Urad,4705,898,0.190860786
Chhattisgarh,KORBA,2009,Rabi,Barley,226,178,0.787610619
Chhattisgarh,KORBA,2009,Rabi,Gram,360,251,0.697222222
Chhattisgarh,KORBA,2009,Rabi,Khesari,2931,1646,0.561583077
Chhattisgarh,KORBA,2009,Rabi,Linseed,1493,384,0.257200268
Chhattisgarh,KORBA,2009,Rabi,Masoor,40,11,0.275
Chhattisgarh,KORBA,2009,Rabi,Other  Rabi pulses,43,15,0.348837209
Chhattisgarh,KORBA,2009,Rabi,Peas & beans (Pulses),142,47,0.330985915
Chhattisgarh,KORBA,2009,Rabi,Rapeseed &Mustard,1863,659,0.353730542
Chhattisgarh,KORBA,2009,Rabi,Urad,4,1,0.25
Chhattisgarh,KORBA,2009,Rabi,Wheat,720,673,0.934722222
Chhattisgarh,KORBA,2009,Whole Year,Coriander,37,9,0.243243243
Chhattisgarh,KORBA,2009,Whole Year,Dry chillies,200,98,0.49
Chhattisgarh,KORBA,2009,Whole Year,Dry ginger,5,,
Chhattisgarh,KORBA,2009,Whole Year,Garlic,21,61,2.904761905
Chhattisgarh,KORBA,2009,Whole Year,Onion,148,620,4.189189189
Chhattisgarh,KORBA,2009,Whole Year,Potato,157,576,3.668789809
Chhattisgarh,KORBA,2009,Whole Year,Sannhamp,16,5,0.3125
Chhattisgarh,KORBA,2009,Whole Year,Sugarcane,2,,
Chhattisgarh,KORBA,2009,Whole Year,Sweet potato,85,460,5.411764706
Chhattisgarh,KORBA,2009,Whole Year,Turmeric,8,,
Chhattisgarh,KORBA,2010,Kharif,Arhar/Tur,1401,650,0.463954318
Chhattisgarh,KORBA,2010,Kharif,Bajra,8,4,0.5
Chhattisgarh,KORBA,2010,Kharif,Groundnut,290,360,1.24137931
Chhattisgarh,KORBA,2010,Kharif,Horse-gram,5477,1633,0.298155925
Chhattisgarh,KORBA,2010,Kharif,Jowar,367,484,1.31880109
Chhattisgarh,KORBA,2010,Kharif,Jute,89,,
Chhattisgarh,KORBA,2010,Kharif,Maize,4666,6860,1.47021003
Chhattisgarh,KORBA,2010,Kharif,Mesta,43,99,2.302325581
Chhattisgarh,KORBA,2010,Kharif,Moong(Green Gram),89,19,0.213483146
Chhattisgarh,KORBA,2010,Kharif,Niger seed,405,99,0.244444444
Chhattisgarh,KORBA,2010,Kharif,Other Kharif pulses,645,276,0.427906977
Chhattisgarh,KORBA,2010,Kharif,Rice,109207,130510,1.195069913
Chhattisgarh,KORBA,2010,Kharif,Sesamum,1580,456,0.288607595
Chhattisgarh,KORBA,2010,Kharif,Small millets,2017,508,0.251859197
Chhattisgarh,KORBA,2010,Kharif,Soyabean,3,2,0.666666667
Chhattisgarh,KORBA,2010,Kharif,Sunflower,6,3,0.5
Chhattisgarh,KORBA,2010,Kharif,Urad,4616,1009,0.218587522
Chhattisgarh,KORBA,2010,Rabi,Barley,228,121,0.530701754
Chhattisgarh,KORBA,2010,Rabi,Gram,330,295,0.893939394
Chhattisgarh,KORBA,2010,Rabi,Khesari,2818,2001,0.71007807
Chhattisgarh,KORBA,2010,Rabi,Linseed,1444,352,0.243767313
Chhattisgarh,KORBA,2010,Rabi,Masoor,48,13,0.270833333
Chhattisgarh,KORBA,2010,Rabi,Moong(Green Gram),4,1,0.25
Chhattisgarh,KORBA,2010,Rabi,Other  Rabi pulses,376,23,0.061170213
Chhattisgarh,KORBA,2010,Rabi,Peas & beans (Pulses),203,66,0.325123153
Chhattisgarh,KORBA,2010,Rabi,Rapeseed &Mustard,2265,811,0.358057395
Chhattisgarh,KORBA,2010,Rabi,Urad,4,1,0.25
Chhattisgarh,KORBA,2010,Rabi,Wheat,670,667,0.995522388
Chhattisgarh,KORBA,2010,Whole Year,Coriander,9,3,0.333333333
Chhattisgarh,KORBA,2010,Whole Year,Dry chillies,130,59,0.453846154
Chhattisgarh,KORBA,2010,Whole Year,Dry ginger,8,10,1.25
Chhattisgarh,KORBA,2010,Whole Year,Garlic,15,44,2.933333333
Chhattisgarh,KORBA,2010,Whole Year,Onion,156,875,5.608974359
Chhattisgarh,KORBA,2010,Whole Year,Potato,206,923,4.480582524
Chhattisgarh,KORBA,2010,Whole Year,Sannhamp,1,,
Chhattisgarh,KORBA,2010,Whole Year,Sugarcane,4,12,3
Chhattisgarh,KORBA,2010,Whole Year,Sweet potato,81,438,5.407407407
Chhattisgarh,KORBA,2010,Whole Year,Turmeric,5,4,0.8
Chhattisgarh,KORBA,2011,Kharif,Arhar/Tur,1410,607,0.430496454
Chhattisgarh,KORBA,2011,Kharif,Bajra,1,1,1
Chhattisgarh,KORBA,2011,Kharif,Groundnut,281,288,1.024911032
Chhattisgarh,KORBA,2011,Kharif,Horse-gram,5303,1438,0.271167264
Chhattisgarh,KORBA,2011,Kharif,Jowar,335,212,0.632835821
Chhattisgarh,KORBA,2011,Kharif,Jute,49,,
Chhattisgarh,KORBA,2011,Kharif,Maize,4632,6367,1.374568221
Chhattisgarh,KORBA,2011,Kharif,Mesta,34,86,2.529411765
Chhattisgarh,KORBA,2011,Kharif,Moong(Green Gram),86,17,0.197674419
Chhattisgarh,KORBA,2011,Kharif,Niger seed,394,94,0.23857868
Chhattisgarh,KORBA,2011,Kharif,Other Kharif pulses,581,272,0.468158348
Chhattisgarh,KORBA,2011,Kharif,Potato,1,7,7
Chhattisgarh,KORBA,2011,Kharif,Rice,109052,151705,1.391125335
Chhattisgarh,KORBA,2011,Kharif,Sesamum,1558,494,0.317073171
Chhattisgarh,KORBA,2011,Kharif,Small millets,1983,611,0.308119012
Chhattisgarh,KORBA,2011,Kharif,Soyabean,4,3,0.75
Chhattisgarh,KORBA,2011,Kharif,Sunflower,16,7,0.4375
Chhattisgarh,KORBA,2011,Kharif,Urad,4523,899,0.198761884
Chhattisgarh,KORBA,2011,Rabi,Barley,243,170,0.699588477
Chhattisgarh,KORBA,2011,Rabi,Gram,325,285,0.876923077
Chhattisgarh,KORBA,2011,Rabi,Khesari,2791,1522,0.545324257
Chhattisgarh,KORBA,2011,Rabi,Linseed,1487,529,0.355749832
Chhattisgarh,KORBA,2011,Rabi,Masoor,44,15,0.340909091
Chhattisgarh,KORBA,2011,Rabi,Moong(Green Gram),63,16,0.253968254
Chhattisgarh,KORBA,2011,Rabi,Other  Rabi pulses,366,25,0.068306011
Chhattisgarh,KORBA,2011,Rabi,Peas & beans (Pulses),183,55,0.300546448
Chhattisgarh,KORBA,2011,Rabi,Potato,208,1187,5.706730769
Chhattisgarh,KORBA,2011,Rabi,Rapeseed &Mustard,2194,749,0.341385597
Chhattisgarh,KORBA,2011,Rabi,Urad,5,2,0.4
Chhattisgarh,KORBA,2011,Rabi,Wheat,685,763,1.113868613
Chhattisgarh,KORBA,2011,Whole Year,Banana,2,68,34
Chhattisgarh,KORBA,2011,Whole Year,Coriander,31,7,0.225806452
Chhattisgarh,KORBA,2011,Whole Year,Dry chillies,124,102,0.822580645
Chhattisgarh,KORBA,2011,Whole Year,Dry ginger,3,4,1.333333333
Chhattisgarh,KORBA,2011,Whole Year,Garlic,18,53,2.944444444
Chhattisgarh,KORBA,2011,Whole Year,Onion,150,739,4.926666667
Chhattisgarh,KORBA,2011,Whole Year,Sannhamp,17,28,1.647058824
Chhattisgarh,KORBA,2011,Whole Year,Sugarcane,3,10,3.333333333
Chhattisgarh,KORBA,2011,Whole Year,Sweet potato,140,758,5.414285714
Chhattisgarh,KORBA,2011,Whole Year,Turmeric,4,4,1
Chhattisgarh,KORBA,2012,Kharif,Arhar/Tur,1336,745,0.557634731
Chhattisgarh,KORBA,2012,Kharif,Bajra,8,4,0.5
Chhattisgarh,KORBA,2012,Kharif,Groundnut,338,353,1.044378698
Chhattisgarh,KORBA,2012,Kharif,Horse-gram,5316,1586,0.29834462
Chhattisgarh,KORBA,2012,Kharif,Jowar,487,280,0.574948665
Chhattisgarh,KORBA,2012,Kharif,Jute,47,,
Chhattisgarh,KORBA,2012,Kharif,Maize,4609,8459,1.835322196
Chhattisgarh,KORBA,2012,Kharif,Mesta,43,91,2.11627907
Chhattisgarh,KORBA,2012,Kharif,Moong(Green Gram),89,22,0.247191011
Chhattisgarh,KORBA,2012,Kharif,Niger seed,411,92,0.223844282
Chhattisgarh,KORBA,2012,Kharif,Other Kharif pulses,622,305,0.490353698
Chhattisgarh,KORBA,2012,Kharif,Rice,109252,175010,1.601892872
Chhattisgarh,KORBA,2012,Kharif,Sesamum,1548,415,0.268087855
Chhattisgarh,KORBA,2012,Kharif,Small millets,1743,418,0.239816408
Chhattisgarh,KORBA,2012,Kharif,Soyabean,2,2,1
Chhattisgarh,KORBA,2012,Kharif,Sunflower,9,4,0.444444444
Chhattisgarh,KORBA,2012,Kharif,Urad,4603,1099,0.238757332
Chhattisgarh,KORBA,2012,Rabi,Barley,233,108,0.463519313
Chhattisgarh,KORBA,2012,Rabi,Gram,314,267,0.850318471
Chhattisgarh,KORBA,2012,Rabi,Khesari,2761,1451,0.525534227
Chhattisgarh,KORBA,2012,Rabi,Linseed,982,324,0.3299389
Chhattisgarh,KORBA,2012,Rabi,Masoor,43,12,0.279069767
Chhattisgarh,KORBA,2012,Rabi,Moong(Green Gram),14,4,0.285714286
Chhattisgarh,KORBA,2012,Rabi,Other  Rabi pulses,306,1,0.003267974
Chhattisgarh,KORBA,2012,Rabi,Peas & beans (Pulses),241,80,0.331950207
Chhattisgarh,KORBA,2012,Rabi,Potato,238,1446,6.075630252
Chhattisgarh,KORBA,2012,Rabi,Rapeseed &Mustard,2169,769,0.354541263
Chhattisgarh,KORBA,2012,Rabi,Urad,4,1,0.25
Chhattisgarh,KORBA,2012,Rabi,Wheat,653,725,1.110260337
Chhattisgarh,KORBA,2012,Whole Year,Banana,3,,
Chhattisgarh,KORBA,2012,Whole Year,Coriander,31,8,0.258064516
Chhattisgarh,KORBA,2012,Whole Year,Dry chillies,176,143,0.8125
Chhattisgarh,KORBA,2012,Whole Year,Dry ginger,2,3,1.5
Chhattisgarh,KORBA,2012,Whole Year,Garlic,12,35,2.916666667
Chhattisgarh,KORBA,2012,Whole Year,Onion,157,521,3.318471338
Chhattisgarh,KORBA,2012,Whole Year,Sannhamp,26,10,0.384615385
Chhattisgarh,KORBA,2012,Whole Year,Sweet potato,84,455,5.416666667
Chhattisgarh,KORBA,2012,Whole Year,Turmeric,4,4,1
Chhattisgarh,KORBA,2013,Kharif,Arhar/Tur,1330,789,0.593233083
Chhattisgarh,KORBA,2013,Kharif,Groundnut,341,484,1.419354839
Chhattisgarh,KORBA,2013,Kharif,Horse-gram,5319,1730,0.325249107
Chhattisgarh,KORBA,2013,Kharif,Jute,48,,
Chhattisgarh,KORBA,2013,Kharif,Maize,4630,7233,1.562203024
Chhattisgarh,KORBA,2013,Kharif,Mesta,43,91,2.11627907
Chhattisgarh,KORBA,2013,Kharif,Moong(Green Gram),89,22,0.247191011
Chhattisgarh,KORBA,2013,Kharif,Niger seed,411,101,0.245742092
Chhattisgarh,KORBA,2013,Kharif,Other Kharif pulses,628,294,0.468152866
Chhattisgarh,KORBA,2013,Kharif,Rice,109179,150499,1.378461059
Chhattisgarh,KORBA,2013,Kharif,Sannhamp,26,8,0.307692308
Chhattisgarh,KORBA,2013,Kharif,Sesamum,1546,329,0.212807245
Chhattisgarh,KORBA,2013,Kharif,Small millets,1743,432,0.247848537
Chhattisgarh,KORBA,2013,Kharif,Soyabean,2,2,1
Chhattisgarh,KORBA,2013,Kharif,Sunflower,13,,
Chhattisgarh,KORBA,2013,Kharif,Urad,4605,1098,0.238436482
Chhattisgarh,KORBA,2013,Rabi,Barley,233,199,0.854077253
Chhattisgarh,KORBA,2013,Rabi,Gram,313,183,0.584664537
Chhattisgarh,KORBA,2013,Rabi,Khesari,2725,1383,0.507522936
Chhattisgarh,KORBA,2013,Rabi,Linseed,1421,424,0.298381422
Chhattisgarh,KORBA,2013,Rabi,Masoor,43,12,0.279069767
Chhattisgarh,KORBA,2013,Rabi,Moong(Green Gram),14,3,0.214285714
Chhattisgarh,KORBA,2013,Rabi,Other  Rabi pulses,308,310,1.006493506
Chhattisgarh,KORBA,2013,Rabi,Peas & beans (Pulses),240,72,0.3
Chhattisgarh,KORBA,2013,Rabi,Potato,238,1266,5.319327731
Chhattisgarh,KORBA,2013,Rabi,Rapeseed &Mustard,2175,875,0.402298851
Chhattisgarh,KORBA,2013,Rabi,Urad,4,1,0.25
Chhattisgarh,KORBA,2013,Rabi,Wheat,673,714,1.060921248
Chhattisgarh,KORBA,2013,Whole Year,Bajra,8,3,0.375
Chhattisgarh,KORBA,2013,Whole Year,Banana,3,102,34
Chhattisgarh,KORBA,2013,Whole Year,Coriander,31,8,0.258064516
Chhattisgarh,KORBA,2013,Whole Year,Dry chillies,184,109,0.592391304
Chhattisgarh,KORBA,2013,Whole Year,Dry ginger,2,2,1
Chhattisgarh,KORBA,2013,Whole Year,Garlic,12,42,3.5
Chhattisgarh,KORBA,2013,Whole Year,Jowar,487,254,0.521560575
Chhattisgarh,KORBA,2013,Whole Year,Onion,157,1051,6.694267516
Chhattisgarh,KORBA,2013,Whole Year,Sweet potato,83,540,6.506024096
Chhattisgarh,KORBA,2013,Whole Year,Turmeric,4,4,1
Chhattisgarh,KORBA,2014,Kharif,Arhar/Tur,1331,851,0.639368896
Chhattisgarh,KORBA,2014,Kharif,Bajra,8,3,0.375
Chhattisgarh,KORBA,2014,Kharif,Groundnut,294,366,1.244897959
Chhattisgarh,KORBA,2014,Kharif,Horse-gram,5474,1781,0.325356229
Chhattisgarh,KORBA,2014,Kharif,Jute,72,,
Chhattisgarh,KORBA,2014,Kharif,Maize,4573,7686,1.680734747
Chhattisgarh,KORBA,2014,Kharif,Mesta,38,96,2.526315789
Chhattisgarh,KORBA,2014,Kharif,Moong(Green Gram),85,21,0.247058824
Chhattisgarh,KORBA,2014,Kharif,Niger seed,393,105,0.267175573
Chhattisgarh,KORBA,2014,Kharif,Other Kharif pulses,640,300,0.46875
Chhattisgarh,KORBA,2014,Kharif,Rice,109135,164065,1.503321574
Chhattisgarh,KORBA,2014,Kharif,Sannhamp,16,6,0.375
Chhattisgarh,KORBA,2014,Kharif,Sesamum,1556,666,0.428020566
Chhattisgarh,KORBA,2014,Kharif,Small millets,1822,593,0.32546652
Chhattisgarh,KORBA,2014,Kharif,Soyabean,3,2,0.666666667
Chhattisgarh,KORBA,2014,Kharif,Sunflower,3,1,0.333333333
Chhattisgarh,KORBA,2014,Kharif,Urad,4593,1096,0.238623993
Chhattisgarh,KORBA,2014,Rabi,Barley,228,287,1.25877193
Chhattisgarh,KORBA,2014,Rabi,Gram,329,321,0.975683891
Chhattisgarh,KORBA,2014,Rabi,Khesari,2790,2876,1.030824373
Chhattisgarh,KORBA,2014,Rabi,Linseed,893,333,0.372900336
Chhattisgarh,KORBA,2014,Rabi,Masoor,48,16,0.333333333
Chhattisgarh,KORBA,2014,Rabi,Moong(Green Gram),4,1,0.25
Chhattisgarh,KORBA,2014,Rabi,Other  Rabi pulses,376,20,0.053191489
Chhattisgarh,KORBA,2014,Rabi,Peas & beans (Pulses),204,74,0.362745098
Chhattisgarh,KORBA,2014,Rabi,Potato,178,1160,6.516853933
Chhattisgarh,KORBA,2014,Rabi,Rapeseed &Mustard,2259,991,0.438689686
Chhattisgarh,KORBA,2014,Rabi,Urad,4,1,0.25
Chhattisgarh,KORBA,2014,Rabi,Wheat,670,951,1.419402985
Chhattisgarh,KORBA,2014,Whole Year,Banana,3,106,35.33333333
Chhattisgarh,KORBA,2014,Whole Year,Coriander,15,4,0.266666667
Chhattisgarh,KORBA,2014,Whole Year,Dry chillies,161,71,0.440993789
Chhattisgarh,KORBA,2014,Whole Year,Dry ginger,8,12,1.5
Chhattisgarh,KORBA,2014,Whole Year,Garlic,15,44,2.933333333
Chhattisgarh,KORBA,2014,Whole Year,Jowar,352,273,0.775568182
Chhattisgarh,KORBA,2014,Whole Year,Onion,155,1372,8.851612903
Chhattisgarh,KORBA,2014,Whole Year,Sweet potato,76,494,6.5
Chhattisgarh,KORBA,2014,Whole Year,Turmeric,6,6,1
Chhattisgarh,KOREA,2000,Kharif,Arhar/Tur,2731,1385,0.507140242
Chhattisgarh,KOREA,2000,Kharif,Cotton(lint),5,,
Chhattisgarh,KOREA,2000,Kharif,Groundnut,179,139,0.776536313
Chhattisgarh,KOREA,2000,Kharif,Horse-gram,3954,1239,0.313353566
Chhattisgarh,KOREA,2000,Kharif,Jowar,914,788,0.86214442
Chhattisgarh,KOREA,2000,Kharif,Maize,8232,11127,1.351676385
Chhattisgarh,KOREA,2000,Kharif,Mesta,131,242,1.847328244
Chhattisgarh,KOREA,2000,Kharif,Moong(Green Gram),31,7,0.225806452
Chhattisgarh,KOREA,2000,Kharif,Niger seed,2320,416,0.179310345
Chhattisgarh,KOREA,2000,Kharif,Other Kharif pulses,91,28,0.307692308
Chhattisgarh,KOREA,2000,Kharif,Ragi,1,0,0
Chhattisgarh,KOREA,2000,Kharif,Rice,68626,45906,0.668930143
Chhattisgarh,KOREA,2000,Kharif,Sesamum,1560,267,0.171153846
Chhattisgarh,KOREA,2000,Kharif,Small millets,13406,2536,0.189169029
Chhattisgarh,KOREA,2000,Kharif,Soyabean,5,3,0.6
Chhattisgarh,KOREA,2000,Kharif,Urad,4525,1619,0.357790055
Chhattisgarh,KOREA,2000,Rabi,Barley,639,559,0.874804382
Chhattisgarh,KOREA,2000,Rabi,Gram,465,230,0.494623656
Chhattisgarh,KOREA,2000,Rabi,Khesari,422,188,0.44549763
Chhattisgarh,KOREA,2000,Rabi,Linseed,1730,379,0.219075145
Chhattisgarh,KOREA,2000,Rabi,Masoor,278,84,0.302158273
Chhattisgarh,KOREA,2000,Rabi,Peas & beans (Pulses),283,125,0.441696113
Chhattisgarh,KOREA,2000,Rabi,Rapeseed &Mustard,4098,1347,0.328696925
Chhattisgarh,KOREA,2000,Rabi,Wheat,4807,5747,1.195548159
Chhattisgarh,KOREA,2000,Whole Year,Banana,2,60,30
Chhattisgarh,KOREA,2000,Whole Year,Coriander,40,9,0.225
Chhattisgarh,KOREA,2000,Whole Year,Dry chillies,97,19,0.195876289
Chhattisgarh,KOREA,2000,Whole Year,Dry ginger,11,11,1
Chhattisgarh,KOREA,2000,Whole Year,Garlic,45,121,2.688888889
Chhattisgarh,KOREA,2000,Whole Year,Onion,92,634,6.891304348
Chhattisgarh,KOREA,2000,Whole Year,Potato,600,4376,7.293333333
Chhattisgarh,KOREA,2000,Whole Year,Sannhamp,72,23,0.319444444
Chhattisgarh,KOREA,2000,Whole Year,Sugarcane,1,3,3
Chhattisgarh,KOREA,2000,Whole Year,Sweet potato,100,542,5.42
Chhattisgarh,KOREA,2000,Whole Year,Tobacco,1,,
Chhattisgarh,KOREA,2000,Whole Year,Turmeric,15,15,1
Chhattisgarh,KOREA,2001,Kharif,Arhar/Tur,3011,1303,0.432746596
Chhattisgarh,KOREA,2001,Kharif,Groundnut,138,135,0.97826087
Chhattisgarh,KOREA,2001,Kharif,Horse-gram,3613,958,0.265153612
Chhattisgarh,KOREA,2001,Kharif,Jowar,810,774,0.955555556
Chhattisgarh,KOREA,2001,Kharif,Maize,8550,7088,0.829005848
Chhattisgarh,KOREA,2001,Kharif,Mesta,95,183,1.926315789
Chhattisgarh,KOREA,2001,Kharif,Moong(Green Gram),7,1,0.142857143
Chhattisgarh,KOREA,2001,Kharif,Niger seed,2321,436,0.187850065
Chhattisgarh,KOREA,2001,Kharif,Other Kharif pulses,231,65,0.281385281
Chhattisgarh,KOREA,2001,Kharif,Rice,70398,102157,1.451134975
Chhattisgarh,KOREA,2001,Kharif,Sesamum,1418,284,0.200282087
Chhattisgarh,KOREA,2001,Kharif,Small millets,12987,3353,0.258181258
Chhattisgarh,KOREA,2001,Kharif,Soyabean,2,1,0.5
Chhattisgarh,KOREA,2001,Kharif,Sunflower,12,3,0.25
Chhattisgarh,KOREA,2001,Kharif,Urad,4304,1330,0.30901487
Chhattisgarh,KOREA,2001,Rabi,Barley,578,479,0.828719723
Chhattisgarh,KOREA,2001,Rabi,Gram,535,367,0.685981308
Chhattisgarh,KOREA,2001,Rabi,Khesari,480,257,0.535416667
Chhattisgarh,KOREA,2001,Rabi,Linseed,1680,466,0.277380952
Chhattisgarh,KOREA,2001,Rabi,Masoor,294,87,0.295918367
Chhattisgarh,KOREA,2001,Rabi,Peas & beans (Pulses),439,175,0.398633257
Chhattisgarh,KOREA,2001,Rabi,Rapeseed &Mustard,4018,1633,0.406421105
Chhattisgarh,KOREA,2001,Rabi,Wheat,5077,6885,1.356115816
Chhattisgarh,KOREA,2001,Whole Year,Banana,3,97,32.33333333
Chhattisgarh,KOREA,2001,Whole Year,Coriander,21,5,0.238095238
Chhattisgarh,KOREA,2001,Whole Year,Dry chillies,93,48,0.516129032
Chhattisgarh,KOREA,2001,Whole Year,Dry ginger,14,17,1.214285714
Chhattisgarh,KOREA,2001,Whole Year,Garlic,41,94,2.292682927
Chhattisgarh,KOREA,2001,Whole Year,Onion,86,620,7.209302326
Chhattisgarh,KOREA,2001,Whole Year,Potato,595,3267,5.490756303
Chhattisgarh,KOREA,2001,Whole Year,Sannhamp,61,20,0.327868852
Chhattisgarh,KOREA,2001,Whole Year,Sugarcane,1,3,3
Chhattisgarh,KOREA,2001,Whole Year,Sweet potato,77,418,5.428571429
Chhattisgarh,KOREA,2001,Whole Year,Turmeric,17,15,0.882352941
Chhattisgarh,KOREA,2002,Kharif,Arhar/Tur,2940,1273,0.432993197
Chhattisgarh,KOREA,2002,Kharif,Groundnut,121,133,1.099173554
Chhattisgarh,KOREA,2002,Kharif,Horse-gram,3195,847,0.265101721
Chhattisgarh,KOREA,2002,Kharif,Jowar,788,935,1.186548223
Chhattisgarh,KOREA,2002,Kharif,Maize,8304,10322,1.243015414
Chhattisgarh,KOREA,2002,Kharif,Mesta,95,167,1.757894737
Chhattisgarh,KOREA,2002,Kharif,Moong(Green Gram),8,1,0.125
Chhattisgarh,KOREA,2002,Kharif,Niger seed,1992,311,0.156124498
Chhattisgarh,KOREA,2002,Kharif,Other Kharif pulses,164,47,0.286585366
Chhattisgarh,KOREA,2002,Kharif,Rice,66735,36098,0.540915562
Chhattisgarh,KOREA,2002,Kharif,Sesamum,1294,190,0.14683153
Chhattisgarh,KOREA,2002,Kharif,Small millets,11608,2334,0.201068229
Chhattisgarh,KOREA,2002,Kharif,Soyabean,30,13,0.433333333
Chhattisgarh,KOREA,2002,Kharif,Urad,3873,1050,0.271107668
Chhattisgarh,KOREA,2002,Rabi,Barley,373,155,0.415549598
Chhattisgarh,KOREA,2002,Rabi,Gram,413,209,0.506053269
Chhattisgarh,KOREA,2002,Rabi,Khesari,337,119,0.353115727
Chhattisgarh,KOREA,2002,Rabi,Linseed,1144,234,0.204545455
Chhattisgarh,KOREA,2002,Rabi,Masoor,204,39,0.191176471
Chhattisgarh,KOREA,2002,Rabi,Peas & beans (Pulses),239,61,0.255230126
Chhattisgarh,KOREA,2002,Rabi,Rapeseed &Mustard,3212,769,0.239414695
Chhattisgarh,KOREA,2002,Rabi,Wheat,4017,2889,0.719193428
Chhattisgarh,KOREA,2002,Whole Year,Coriander,32,6,0.1875
Chhattisgarh,KOREA,2002,Whole Year,Dry chillies,76,69,0.907894737
Chhattisgarh,KOREA,2002,Whole Year,Dry ginger,16,18,1.125
Chhattisgarh,KOREA,2002,Whole Year,Garlic,42,114,2.714285714
Chhattisgarh,KOREA,2002,Whole Year,Onion,80,610,7.625
Chhattisgarh,KOREA,2002,Whole Year,Potato,558,3513,6.295698925
Chhattisgarh,KOREA,2002,Whole Year,Sannhamp,60,18,0.3
Chhattisgarh,KOREA,2002,Whole Year,Sweet potato,71,436,6.14084507
Chhattisgarh,KOREA,2002,Whole Year,Tobacco,1,,
Chhattisgarh,KOREA,2002,Whole Year,Turmeric,13,12,0.923076923
Chhattisgarh,KOREA,2003,Kharif,Arhar/Tur,3174,1927,0.607120353
Chhattisgarh,KOREA,2003,Kharif,Groundnut,136,147,1.080882353
Chhattisgarh,KOREA,2003,Kharif,Horse-gram,3232,826,0.255569307
Chhattisgarh,KOREA,2003,Kharif,Jowar,804,755,0.939054726
Chhattisgarh,KOREA,2003,Kharif,Maize,8546,11278,1.319681722
Chhattisgarh,KOREA,2003,Kharif,Mesta,143,252,1.762237762
Chhattisgarh,KOREA,2003,Kharif,Moong(Green Gram),4,1,0.25
Chhattisgarh,KOREA,2003,Kharif,Niger seed,2015,333,0.165260546
Chhattisgarh,KOREA,2003,Kharif,Other Kharif pulses,98,27,0.275510204
Chhattisgarh,KOREA,2003,Kharif,Rice,69774,99029,1.419282254
Chhattisgarh,KOREA,2003,Kharif,Sesamum,1454,351,0.241403026
Chhattisgarh,KOREA,2003,Kharif,Small millets,11887,3073,0.258517708
Chhattisgarh,KOREA,2003,Kharif,Soyabean,4,2,0.5
Chhattisgarh,KOREA,2003,Kharif,Urad,3987,929,0.233007274
Chhattisgarh,KOREA,2003,Rabi,Barley,423,408,0.964539007
Chhattisgarh,KOREA,2003,Rabi,Gram,499,391,0.783567134
Chhattisgarh,KOREA,2003,Rabi,Khesari,478,238,0.49790795
Chhattisgarh,KOREA,2003,Rabi,Linseed,1503,496,0.330006653
Chhattisgarh,KOREA,2003,Rabi,Masoor,224,64,0.285714286
Chhattisgarh,KOREA,2003,Rabi,Peas & beans (Pulses),323,127,0.393188854
Chhattisgarh,KOREA,2003,Rabi,Rapeseed &Mustard,3555,1552,0.436568214
Chhattisgarh,KOREA,2003,Rabi,Safflower,1,,
Chhattisgarh,KOREA,2003,Rabi,Wheat,4795,5292,1.103649635
Chhattisgarh,KOREA,2003,Whole Year,Banana,1,31,31
Chhattisgarh,KOREA,2003,Whole Year,Coriander,39,9,0.230769231
Chhattisgarh,KOREA,2003,Whole Year,Dry chillies,80,29,0.3625
Chhattisgarh,KOREA,2003,Whole Year,Dry ginger,12,15,1.25
Chhattisgarh,KOREA,2003,Whole Year,Garlic,41,105,2.56097561
Chhattisgarh,KOREA,2003,Whole Year,Onion,90,563,6.255555556
Chhattisgarh,KOREA,2003,Whole Year,Potato,591,2490,4.21319797
Chhattisgarh,KOREA,2003,Whole Year,Sannhamp,61,17,0.278688525
Chhattisgarh,KOREA,2003,Whole Year,Sweet potato,75,420,5.6
Chhattisgarh,KOREA,2003,Whole Year,Tobacco,2,1,0.5
Chhattisgarh,KOREA,2003,Whole Year,Turmeric,10,9,0.9
Chhattisgarh,KOREA,2004,Kharif,Arhar/Tur,3503,1639,0.46788467
Chhattisgarh,KOREA,2004,Kharif,Groundnut,137,123,0.897810219
Chhattisgarh,KOREA,2004,Kharif,Horse-gram,3038,659,0.216919026
Chhattisgarh,KOREA,2004,Kharif,Jowar,748,431,0.576203209
Chhattisgarh,KOREA,2004,Kharif,Maize,8493,9915,1.167432003
Chhattisgarh,KOREA,2004,Kharif,Mesta,141,222,1.574468085
Chhattisgarh,KOREA,2004,Kharif,Moong(Green Gram),4,1,0.25
Chhattisgarh,KOREA,2004,Kharif,Niger seed,2039,265,0.129965669
Chhattisgarh,KOREA,2004,Kharif,Other Kharif pulses,279,41,0.146953405
Chhattisgarh,KOREA,2004,Kharif,Rice,69968,75066,1.07286188
Chhattisgarh,KOREA,2004,Kharif,Sesamum,1441,376,0.26092991
Chhattisgarh,KOREA,2004,Kharif,Small millets,14640,2132,0.145628415
Chhattisgarh,KOREA,2004,Kharif,Urad,3995,975,0.244055069
Chhattisgarh,KOREA,2004,Rabi,Barley,353,269,0.76203966
Chhattisgarh,KOREA,2004,Rabi,Gram,463,201,0.43412527
Chhattisgarh,KOREA,2004,Rabi,Khesari,468,154,0.329059829
Chhattisgarh,KOREA,2004,Rabi,Linseed,1570,348,0.221656051
Chhattisgarh,KOREA,2004,Rabi,Masoor,224,54,0.241071429
Chhattisgarh,KOREA,2004,Rabi,Moong(Green Gram),1,,
Chhattisgarh,KOREA,2004,Rabi,Other  Rabi pulses,67,,
Chhattisgarh,KOREA,2004,Rabi,Peas & beans (Pulses),342,116,0.339181287
Chhattisgarh,KOREA,2004,Rabi,Rapeseed &Mustard,3619,1452,0.401215805
Chhattisgarh,KOREA,2004,Rabi,Wheat,4525,3647,0.805966851
Chhattisgarh,KOREA,2004,Whole Year,Coriander,33,6,0.181818182
Chhattisgarh,KOREA,2004,Whole Year,Dry chillies,93,39,0.419354839
Chhattisgarh,KOREA,2004,Whole Year,Dry ginger,14,14,1
Chhattisgarh,KOREA,2004,Whole Year,Garlic,40,97,2.425
Chhattisgarh,KOREA,2004,Whole Year,Onion,91,468,5.142857143
Chhattisgarh,KOREA,2004,Whole Year,Potato,561,2624,4.677361854
Chhattisgarh,KOREA,2004,Whole Year,Sannhamp,58,15,0.25862069
Chhattisgarh,KOREA,2004,Whole Year,Sweet potato,86,459,5.337209302
Chhattisgarh,KOREA,2004,Whole Year,Tobacco,1,1,1
Chhattisgarh,KOREA,2004,Whole Year,Turmeric,15,13,0.866666667
Chhattisgarh,KOREA,2005,Kharif,Arhar/Tur,3507,1413,0.402908469
Chhattisgarh,KOREA,2005,Kharif,Groundnut,136,119,0.875
Chhattisgarh,KOREA,2005,Kharif,Horse-gram,2955,612,0.207106599
Chhattisgarh,KOREA,2005,Kharif,Jowar,719,492,0.684283727
Chhattisgarh,KOREA,2005,Kharif,Maize,8411,7654,0.909998811
Chhattisgarh,KOREA,2005,Kharif,Mesta,146,248,1.698630137
Chhattisgarh,KOREA,2005,Kharif,Moong(Green Gram),6,1,0.166666667
Chhattisgarh,KOREA,2005,Kharif,Niger seed,2074,270,0.130183221
Chhattisgarh,KOREA,2005,Kharif,Other Kharif pulses,195,,
Chhattisgarh,KOREA,2005,Kharif,Rice,70855,62552,0.882817021
Chhattisgarh,KOREA,2005,Kharif,Sesamum,1419,350,0.246652572
Chhattisgarh,KOREA,2005,Kharif,Small millets,13229,1947,0.147176657
Chhattisgarh,KOREA,2005,Kharif,Soyabean,3,1,0.333333333
Chhattisgarh,KOREA,2005,Kharif,Urad,4082,952,0.23321901
Chhattisgarh,KOREA,2005,Rabi,Barley,310,222,0.716129032
Chhattisgarh,KOREA,2005,Rabi,Gram,459,238,0.518518519
Chhattisgarh,KOREA,2005,Rabi,Khesari,542,186,0.343173432
Chhattisgarh,KOREA,2005,Rabi,Linseed,1517,326,0.214897825
Chhattisgarh,KOREA,2005,Rabi,Masoor,212,56,0.264150943
Chhattisgarh,KOREA,2005,Rabi,Other  Rabi pulses,223,,
Chhattisgarh,KOREA,2005,Rabi,Peas & beans (Pulses),177,64,0.361581921
Chhattisgarh,KOREA,2005,Rabi,Rapeseed &Mustard,3618,1049,0.289939193
Chhattisgarh,KOREA,2005,Rabi,Wheat,5157,4122,0.79930192
Chhattisgarh,KOREA,2005,Whole Year,Coriander,41,7,0.170731707
Chhattisgarh,KOREA,2005,Whole Year,Dry chillies,83,16,0.192771084
Chhattisgarh,KOREA,2005,Whole Year,Dry ginger,12,11,0.916666667
Chhattisgarh,KOREA,2005,Whole Year,Garlic,45,104,2.311111111
Chhattisgarh,KOREA,2005,Whole Year,Onion,94,369,3.925531915
Chhattisgarh,KOREA,2005,Whole Year,Potato,593,1968,3.318718381
Chhattisgarh,KOREA,2005,Whole Year,Sannhamp,59,14,0.237288136
Chhattisgarh,KOREA,2005,Whole Year,Sugarcane,2,7,3.5
Chhattisgarh,KOREA,2005,Whole Year,Sweet potato,90,455,5.055555556
Chhattisgarh,KOREA,2005,Whole Year,Turmeric,13,11,0.846153846
Chhattisgarh,KOREA,2006,Kharif,Arhar/Tur,3981,1591,0.39964833
Chhattisgarh,KOREA,2006,Kharif,Groundnut,128,125,0.9765625
Chhattisgarh,KOREA,2006,Kharif,Horse-gram,2837,697,0.245682059
Chhattisgarh,KOREA,2006,Kharif,Jowar,673,524,0.778603269
Chhattisgarh,KOREA,2006,Kharif,Maize,8461,9308,1.10010637
Chhattisgarh,KOREA,2006,Kharif,Mesta,132,212,1.606060606
Chhattisgarh,KOREA,2006,Kharif,Moong(Green Gram),12,3,0.25
Chhattisgarh,KOREA,2006,Kharif,Niger seed,2128,289,0.135808271
Chhattisgarh,KOREA,2006,Kharif,Other Kharif pulses,147,,
Chhattisgarh,KOREA,2006,Kharif,Ragi,1,,
Chhattisgarh,KOREA,2006,Kharif,Rice,71107,66435,0.934296201
Chhattisgarh,KOREA,2006,Kharif,Sesamum,1384,362,0.261560694
Chhattisgarh,KOREA,2006,Kharif,Small millets,10583,1942,0.183501843
Chhattisgarh,KOREA,2006,Kharif,Soyabean,3,2,0.666666667
Chhattisgarh,KOREA,2006,Kharif,Urad,3821,1036,0.271133211
Chhattisgarh,KOREA,2006,Rabi,Barley,268,180,0.671641791
Chhattisgarh,KOREA,2006,Rabi,Gram,430,282,0.655813953
Chhattisgarh,KOREA,2006,Rabi,Khesari,522,224,0.429118774
Chhattisgarh,KOREA,2006,Rabi,Linseed,1566,363,0.231800766
Chhattisgarh,KOREA,2006,Rabi,Masoor,242,64,0.26446281
Chhattisgarh,KOREA,2006,Rabi,Other  Rabi pulses,71,,
Chhattisgarh,KOREA,2006,Rabi,Peas & beans (Pulses),361,126,0.349030471
Chhattisgarh,KOREA,2006,Rabi,Potato,604,1886,3.122516556
Chhattisgarh,KOREA,2006,Rabi,Rapeseed &Mustard,3536,1289,0.364536199
Chhattisgarh,KOREA,2006,Rabi,Wheat,4719,4509,0.955499046
Chhattisgarh,KOREA,2006,Whole Year,Coriander,46,8,0.173913043
Chhattisgarh,KOREA,2006,Whole Year,Dry chillies,94,28,0.29787234
Chhattisgarh,KOREA,2006,Whole Year,Dry ginger,8,8,1
Chhattisgarh,KOREA,2006,Whole Year,Garlic,45,108,2.4
Chhattisgarh,KOREA,2006,Whole Year,Onion,105,401,3.819047619
Chhattisgarh,KOREA,2006,Whole Year,Sannhamp,64,17,0.265625
Chhattisgarh,KOREA,2006,Whole Year,Sweet potato,80,412,5.15
Chhattisgarh,KOREA,2006,Whole Year,Turmeric,15,12,0.8
Chhattisgarh,KOREA,2007,Kharif,Arhar/Tur,3488,1565,0.448681193
Chhattisgarh,KOREA,2007,Kharif,Groundnut,181,181,1
Chhattisgarh,KOREA,2007,Kharif,Horse-gram,2864,690,0.240921788
Chhattisgarh,KOREA,2007,Kharif,Jowar,684,544,0.795321637
Chhattisgarh,KOREA,2007,Kharif,Maize,8513,11047,1.297662399
Chhattisgarh,KOREA,2007,Kharif,Mesta,158,239,1.512658228
Chhattisgarh,KOREA,2007,Kharif,Moong(Green Gram),11,2,0.181818182
Chhattisgarh,KOREA,2007,Kharif,Niger seed,2007,273,0.136023916
Chhattisgarh,KOREA,2007,Kharif,Other Kharif pulses,346,,
Chhattisgarh,KOREA,2007,Kharif,Ragi,24,5,0.208333333
Chhattisgarh,KOREA,2007,Kharif,Rice,69115,55104,0.797279896
Chhattisgarh,KOREA,2007,Kharif,Sesamum,1306,336,0.257274119
Chhattisgarh,KOREA,2007,Kharif,Small millets,10345,2416,0.233542774
Chhattisgarh,KOREA,2007,Kharif,Soyabean,8,6,0.75
Chhattisgarh,KOREA,2007,Kharif,Urad,4207,1118,0.265747564
Chhattisgarh,KOREA,2007,Rabi,Barley,201,183,0.910447761
Chhattisgarh,KOREA,2007,Rabi,Gram,395,227,0.574683544
Chhattisgarh,KOREA,2007,Rabi,Khesari,471,197,0.418259023
Chhattisgarh,KOREA,2007,Rabi,Linseed,1384,353,0.255057803
Chhattisgarh,KOREA,2007,Rabi,Masoor,213,55,0.258215962
Chhattisgarh,KOREA,2007,Rabi,Other  Rabi pulses,205,,
Chhattisgarh,KOREA,2007,Rabi,Peas & beans (Pulses),147,49,0.333333333
Chhattisgarh,KOREA,2007,Rabi,Potato,576,1923,3.338541667
Chhattisgarh,KOREA,2007,Rabi,Rapeseed &Mustard,3452,1137,0.329374276
Chhattisgarh,KOREA,2007,Rabi,Wheat,4045,4185,1.03461063
Chhattisgarh,KOREA,2007,Whole Year,Coriander,26,4,0.153846154
Chhattisgarh,KOREA,2007,Whole Year,Dry chillies,98,53,0.540816327
Chhattisgarh,KOREA,2007,Whole Year,Dry ginger,37,37,1
Chhattisgarh,KOREA,2007,Whole Year,Garlic,51,120,2.352941176
Chhattisgarh,KOREA,2007,Whole Year,Onion,101,379,3.752475248
Chhattisgarh,KOREA,2007,Whole Year,Sannhamp,91,24,0.263736264
Chhattisgarh,KOREA,2007,Whole Year,Sweet potato,59,309,5.237288136
Chhattisgarh,KOREA,2007,Whole Year,Turmeric,22,16,0.727272727
Chhattisgarh,KOREA,2008,Kharif,Arhar/Tur,3573,2314,0.647635041
Chhattisgarh,KOREA,2008,Kharif,Groundnut,156,155,0.993589744
Chhattisgarh,KOREA,2008,Kharif,Horse-gram,3018,858,0.284294235
Chhattisgarh,KOREA,2008,Kharif,Jowar,659,950,1.441578149
Chhattisgarh,KOREA,2008,Kharif,Maize,8421,11325,1.344852155
Chhattisgarh,KOREA,2008,Kharif,Mesta,174,328,1.885057471
Chhattisgarh,KOREA,2008,Kharif,Moong(Green Gram),7,1,0.142857143
Chhattisgarh,KOREA,2008,Kharif,Niger seed,2115,367,0.173522459
Chhattisgarh,KOREA,2008,Kharif,Other Kharif pulses,330,,
Chhattisgarh,KOREA,2008,Kharif,Ragi,6,1,0.166666667
Chhattisgarh,KOREA,2008,Kharif,Rice,70742,84338,1.192191343
Chhattisgarh,KOREA,2008,Kharif,Sesamum,1350,434,0.321481481
Chhattisgarh,KOREA,2008,Kharif,Small millets,9995,2082,0.208304152
Chhattisgarh,KOREA,2008,Kharif,Soyabean,3,3,1
Chhattisgarh,KOREA,2008,Kharif,Sunflower,1,,
Chhattisgarh,KOREA,2008,Kharif,Urad,4126,1342,0.325254484
Chhattisgarh,KOREA,2008,Rabi,Barley,167,150,0.898203593
Chhattisgarh,KOREA,2008,Rabi,Gram,409,306,0.748166259
Chhattisgarh,KOREA,2008,Rabi,Khesari,550,102,0.185454545
Chhattisgarh,KOREA,2008,Rabi,Linseed,1435,450,0.31358885
Chhattisgarh,KOREA,2008,Rabi,Masoor,214,71,0.331775701
Chhattisgarh,KOREA,2008,Rabi,Other  Rabi pulses,68,,
Chhattisgarh,KOREA,2008,Rabi,Peas & beans (Pulses),278,121,0.435251799
Chhattisgarh,KOREA,2008,Rabi,Potato,599,2177,3.634390651
Chhattisgarh,KOREA,2008,Rabi,Rapeseed &Mustard,3486,1420,0.40734366
Chhattisgarh,KOREA,2008,Rabi,Wheat,4686,5533,1.180751174
Chhattisgarh,KOREA,2008,Whole Year,Coriander,37,8,0.216216216
Chhattisgarh,KOREA,2008,Whole Year,Dry chillies,97,47,0.484536082
Chhattisgarh,KOREA,2008,Whole Year,Dry ginger,13,16,1.230769231
Chhattisgarh,KOREA,2008,Whole Year,Garlic,54,134,2.481481481
Chhattisgarh,KOREA,2008,Whole Year,Onion,116,535,4.612068966
Chhattisgarh,KOREA,2008,Whole Year,Sannhamp,72,24,0.333333333
Chhattisgarh,KOREA,2008,Whole Year,Sweet potato,87,472,5.425287356
Chhattisgarh,KOREA,2008,Whole Year,Turmeric,20,18,0.9
Chhattisgarh,KOREA,2009,Kharif,Arhar/Tur,3490,1749,0.501146132
Chhattisgarh,KOREA,2009,Kharif,Groundnut,171,174,1.01754386
Chhattisgarh,KOREA,2009,Kharif,Horse-gram,2812,637,0.226529161
Chhattisgarh,KOREA,2009,Kharif,Jowar,640,712,1.1125
Chhattisgarh,KOREA,2009,Kharif,Maize,8123,9274,1.141696418
Chhattisgarh,KOREA,2009,Kharif,Mesta,231,356,1.541125541
Chhattisgarh,KOREA,2009,Kharif,Moong(Green Gram),44,7,0.159090909
Chhattisgarh,KOREA,2009,Kharif,Niger seed,2214,268,0.121047877
Chhattisgarh,KOREA,2009,Kharif,Other Kharif pulses,132,,
Chhattisgarh,KOREA,2009,Kharif,Ragi,3,,
Chhattisgarh,KOREA,2009,Kharif,Rice,68325,49123,0.718960849
Chhattisgarh,KOREA,2009,Kharif,Sesamum,1273,493,0.387274156
Chhattisgarh,KOREA,2009,Kharif,Small millets,9326,1396,0.149689041
Chhattisgarh,KOREA,2009,Kharif,Soyabean,3,3,1
Chhattisgarh,KOREA,2009,Kharif,Sunflower,1,,
Chhattisgarh,KOREA,2009,Kharif,Urad,4006,955,0.238392411
Chhattisgarh,KOREA,2009,Rabi,Barley,164,113,0.68902439
Chhattisgarh,KOREA,2009,Rabi,Gram,484,302,0.623966942
Chhattisgarh,KOREA,2009,Rabi,Khesari,503,205,0.407554672
Chhattisgarh,KOREA,2009,Rabi,Linseed,1433,344,0.240055827
Chhattisgarh,KOREA,2009,Rabi,Masoor,219,59,0.269406393
Chhattisgarh,KOREA,2009,Rabi,Moong(Green Gram),3,,
Chhattisgarh,KOREA,2009,Rabi,Other  Rabi pulses,60,,
Chhattisgarh,KOREA,2009,Rabi,Peas & beans (Pulses),276,98,0.355072464
Chhattisgarh,KOREA,2009,Rabi,Rapeseed &Mustard,3451,1224,0.354679803
Chhattisgarh,KOREA,2009,Rabi,Wheat,4020,3858,0.959701493
Chhattisgarh,KOREA,2009,Whole Year,Coriander,30,6,0.2
Chhattisgarh,KOREA,2009,Whole Year,Dry chillies,109,48,0.440366972
Chhattisgarh,KOREA,2009,Whole Year,Dry ginger,15,13,0.866666667
Chhattisgarh,KOREA,2009,Whole Year,Garlic,54,126,2.333333333
Chhattisgarh,KOREA,2009,Whole Year,Onion,103,361,3.504854369
Chhattisgarh,KOREA,2009,Whole Year,Potato,602,1960,3.255813953
Chhattisgarh,KOREA,2009,Whole Year,Sannhamp,66,16,0.242424242
Chhattisgarh,KOREA,2009,Whole Year,Sweet potato,103,531,5.155339806
Chhattisgarh,KOREA,2009,Whole Year,Turmeric,19,17,0.894736842
Chhattisgarh,KOREA,2010,Kharif,Arhar/Tur,3574,1683,0.470900951
Chhattisgarh,KOREA,2010,Kharif,Groundnut,181,176,0.972375691
Chhattisgarh,KOREA,2010,Kharif,Horse-gram,2763,453,0.163952226
Chhattisgarh,KOREA,2010,Kharif,Jowar,588,494,0.840136054
Chhattisgarh,KOREA,2010,Kharif,Maize,8192,13334,1.627685547
Chhattisgarh,KOREA,2010,Kharif,Mesta,192,320,1.666666667
Chhattisgarh,KOREA,2010,Kharif,Moong(Green Gram),20,2,0.1
Chhattisgarh,KOREA,2010,Kharif,Niger seed,2101,364,0.173250833
Chhattisgarh,KOREA,2010,Kharif,Other Kharif pulses,118,,
Chhattisgarh,KOREA,2010,Kharif,Ragi,3,1,0.333333333
Chhattisgarh,KOREA,2010,Kharif,Rice,67867,73896,1.088835517
Chhattisgarh,KOREA,2010,Kharif,Sesamum,1337,340,0.254300673
Chhattisgarh,KOREA,2010,Kharif,Small millets,8900,1903,0.213820225
Chhattisgarh,KOREA,2010,Kharif,Soyabean,3,,
Chhattisgarh,KOREA,2010,Kharif,Urad,3936,683,0.173526423
Chhattisgarh,KOREA,2010,Rabi,Barley,138,67,0.485507246
Chhattisgarh,KOREA,2010,Rabi,Gram,397,333,0.838790932
Chhattisgarh,KOREA,2010,Rabi,Khesari,384,191,0.497395833
Chhattisgarh,KOREA,2010,Rabi,Linseed,1271,298,0.234461054
Chhattisgarh,KOREA,2010,Rabi,Masoor,191,35,0.183246073
Chhattisgarh,KOREA,2010,Rabi,Other  Rabi pulses,42,,
Chhattisgarh,KOREA,2010,Rabi,Peas & beans (Pulses),249,72,0.289156627
Chhattisgarh,KOREA,2010,Rabi,Rapeseed &Mustard,3352,1356,0.404534606
Chhattisgarh,KOREA,2010,Rabi,Wheat,3583,3346,0.933854312
Chhattisgarh,KOREA,2010,Whole Year,Coriander,36,7,0.194444444
Chhattisgarh,KOREA,2010,Whole Year,Dry chillies,104,33,0.317307692
Chhattisgarh,KOREA,2010,Whole Year,Dry ginger,16,21,1.3125
Chhattisgarh,KOREA,2010,Whole Year,Garlic,56,105,1.875
Chhattisgarh,KOREA,2010,Whole Year,Onion,116,434,3.74137931
Chhattisgarh,KOREA,2010,Whole Year,Potato,604,2772,4.589403974
Chhattisgarh,KOREA,2010,Whole Year,Sannhamp,71,14,0.197183099
Chhattisgarh,KOREA,2010,Whole Year,Sugarcane,1,3,3
Chhattisgarh,KOREA,2010,Whole Year,Sweet potato,100,434,4.34
Chhattisgarh,KOREA,2010,Whole Year,Turmeric,17,15,0.882352941
Chhattisgarh,KOREA,2011,Kharif,Arhar/Tur,3651,1659,0.454396056
Chhattisgarh,KOREA,2011,Kharif,Groundnut,157,158,1.006369427
Chhattisgarh,KOREA,2011,Kharif,Horse-gram,2820,815,0.289007092
Chhattisgarh,KOREA,2011,Kharif,Jowar,598,399,0.66722408
Chhattisgarh,KOREA,2011,Kharif,Maize,8061,11246,1.395112269
Chhattisgarh,KOREA,2011,Kharif,Mesta,167,331,1.982035928
Chhattisgarh,KOREA,2011,Kharif,Moong(Green Gram),23,5,0.217391304
Chhattisgarh,KOREA,2011,Kharif,Niger seed,2417,427,0.176665288
Chhattisgarh,KOREA,2011,Kharif,Other Kharif pulses,188,,
Chhattisgarh,KOREA,2011,Kharif,Ragi,3,1,0.333333333
Chhattisgarh,KOREA,2011,Kharif,Rice,69804,104657,1.499298034
Chhattisgarh,KOREA,2011,Kharif,Sesamum,1245,396,0.318072289
Chhattisgarh,KOREA,2011,Kharif,Small millets,8810,1980,0.224744608
Chhattisgarh,KOREA,2011,Kharif,Soyabean,3,2,0.666666667
Chhattisgarh,KOREA,2011,Kharif,Urad,4012,1305,0.325274177
Chhattisgarh,KOREA,2011,Rabi,Barley,152,106,0.697368421
Chhattisgarh,KOREA,2011,Rabi,Gram,430,311,0.723255814
Chhattisgarh,KOREA,2011,Rabi,Khesari,382,164,0.429319372
Chhattisgarh,KOREA,2011,Rabi,Linseed,1215,391,0.3218107
Chhattisgarh,KOREA,2011,Rabi,Masoor,198,64,0.323232323
Chhattisgarh,KOREA,2011,Rabi,Other  Rabi pulses,45,,
Chhattisgarh,KOREA,2011,Rabi,Peas & beans (Pulses),263,114,0.433460076
Chhattisgarh,KOREA,2011,Rabi,Potato,680,3443,5.063235294
Chhattisgarh,KOREA,2011,Rabi,Rapeseed &Mustard,3519,1569,0.445865303
Chhattisgarh,KOREA,2011,Rabi,Wheat,4063,5748,1.414718189
Chhattisgarh,KOREA,2011,Whole Year,Coriander,46,8,0.173913043
Chhattisgarh,KOREA,2011,Whole Year,Dry chillies,110,104,0.945454545
Chhattisgarh,KOREA,2011,Whole Year,Dry ginger,20,23,1.15
Chhattisgarh,KOREA,2011,Whole Year,Garlic,64,189,2.953125
Chhattisgarh,KOREA,2011,Whole Year,Onion,138,491,3.557971014
Chhattisgarh,KOREA,2011,Whole Year,Sannhamp,82,148,1.804878049
Chhattisgarh,KOREA,2011,Whole Year,Sweet potato,85,423,4.976470588
Chhattisgarh,KOREA,2011,Whole Year,Turmeric,24,18,0.75
Chhattisgarh,KOREA,2012,Kharif,Arhar/Tur,3692,2049,0.554983749
Chhattisgarh,KOREA,2012,Kharif,Groundnut,173,224,1.294797688
Chhattisgarh,KOREA,2012,Kharif,Horse-gram,2857,716,0.250612531
Chhattisgarh,KOREA,2012,Kharif,Jowar,635,392,0.617322835
Chhattisgarh,KOREA,2012,Kharif,Maize,8085,14591,1.804700062
Chhattisgarh,KOREA,2012,Kharif,Mesta,175,303,1.731428571
Chhattisgarh,KOREA,2012,Kharif,Moong(Green Gram),35,6,0.171428571
Chhattisgarh,KOREA,2012,Kharif,Niger seed,2368,336,0.141891892
Chhattisgarh,KOREA,2012,Kharif,Other Kharif pulses,177,,
Chhattisgarh,KOREA,2012,Kharif,Ragi,3,1,0.333333333
Chhattisgarh,KOREA,2012,Kharif,Rice,69533,122289,1.758718882
Chhattisgarh,KOREA,2012,Kharif,Sesamum,1316,300,0.227963526
Chhattisgarh,KOREA,2012,Kharif,Small millets,8509,1813,0.213068516
Chhattisgarh,KOREA,2012,Kharif,Soyabean,1,,
Chhattisgarh,KOREA,2012,Kharif,Urad,4098,1177,0.287213275
Chhattisgarh,KOREA,2012,Rabi,Barley,163,66,0.404907975
Chhattisgarh,KOREA,2012,Rabi,Gram,480,410,0.854166667
Chhattisgarh,KOREA,2012,Rabi,Khesari,381,157,0.412073491
Chhattisgarh,KOREA,2012,Rabi,Linseed,1276,482,0.377742947
Chhattisgarh,KOREA,2012,Rabi,Masoor,197,44,0.223350254
Chhattisgarh,KOREA,2012,Rabi,Other  Rabi pulses,49,,
Chhattisgarh,KOREA,2012,Rabi,Peas & beans (Pulses),279,107,0.383512545
Chhattisgarh,KOREA,2012,Rabi,Potato,695,4123,5.932374101
Chhattisgarh,KOREA,2012,Rabi,Rapeseed &Mustard,3534,1579,0.44680249
Chhattisgarh,KOREA,2012,Rabi,Wheat,4097,5405,1.319257994
Chhattisgarh,KOREA,2012,Whole Year,Coriander,69,13,0.188405797
Chhattisgarh,KOREA,2012,Whole Year,Dry chillies,130,112,0.861538462
Chhattisgarh,KOREA,2012,Whole Year,Dry ginger,25,25,1
Chhattisgarh,KOREA,2012,Whole Year,Garlic,69,166,2.405797101
Chhattisgarh,KOREA,2012,Whole Year,Onion,122,322,2.639344262
Chhattisgarh,KOREA,2012,Whole Year,Sannhamp,67,18,0.268656716
Chhattisgarh,KOREA,2012,Whole Year,Sweet potato,101,529,5.237623762
Chhattisgarh,KOREA,2012,Whole Year,Turmeric,22,19,0.863636364
Chhattisgarh,KOREA,2013,Kharif,Arhar/Tur,3798,2017,0.531068984
Chhattisgarh,KOREA,2013,Kharif,Groundnut,185,186,1.005405405
Chhattisgarh,KOREA,2013,Kharif,Horse-gram,2895,837,0.289119171
Chhattisgarh,KOREA,2013,Kharif,Maize,8148,14470,1.775895925
Chhattisgarh,KOREA,2013,Kharif,Mesta,198,361,1.823232323
Chhattisgarh,KOREA,2013,Kharif,Moong(Green Gram),26,5,0.192307692
Chhattisgarh,KOREA,2013,Kharif,Niger seed,2418,357,0.14764268
Chhattisgarh,KOREA,2013,Kharif,Other Kharif pulses,248,,
Chhattisgarh,KOREA,2013,Kharif,Ragi,3,1,0.333333333
Chhattisgarh,KOREA,2013,Kharif,Rice,69767,112577,1.613613886
Chhattisgarh,KOREA,2013,Kharif,Sannhamp,64,18,0.28125
Chhattisgarh,KOREA,2013,Kharif,Sesamum,1298,312,0.2403698
Chhattisgarh,KOREA,2013,Kharif,Small millets,8060,1420,0.17617866
Chhattisgarh,KOREA,2013,Kharif,Soyabean,1,1,1
Chhattisgarh,KOREA,2013,Kharif,Urad,4340,1412,0.325345622
Chhattisgarh,KOREA,2013,Rabi,Barley,168,135,0.803571429
Chhattisgarh,KOREA,2013,Rabi,Gram,538,335,0.62267658
Chhattisgarh,KOREA,2013,Rabi,Khesari,398,160,0.40201005
Chhattisgarh,KOREA,2013,Rabi,Linseed,1381,473,0.342505431
Chhattisgarh,KOREA,2013,Rabi,Masoor,214,51,0.238317757
Chhattisgarh,KOREA,2013,Rabi,Moong(Green Gram),3,1,0.333333333
Chhattisgarh,KOREA,2013,Rabi,Other  Rabi pulses,158,158,1
Chhattisgarh,KOREA,2013,Rabi,Potato,704,3211,4.561079545
Chhattisgarh,KOREA,2013,Rabi,Rapeseed &Mustard,3706,1877,0.506475985
Chhattisgarh,KOREA,2013,Rabi,Wheat,4117,5124,1.244595579
Chhattisgarh,KOREA,2013,Whole Year,Coriander,48,10,0.208333333
Chhattisgarh,KOREA,2013,Whole Year,Dry chillies,133,69,0.518796992
Chhattisgarh,KOREA,2013,Whole Year,Dry ginger,21,23,1.095238095
Chhattisgarh,KOREA,2013,Whole Year,Garlic,72,170,2.361111111
Chhattisgarh,KOREA,2013,Whole Year,Jowar,552,310,0.561594203
Chhattisgarh,KOREA,2013,Whole Year,Onion,144,820,5.694444444
Chhattisgarh,KOREA,2013,Whole Year,Sweet potato,109,601,5.513761468
Chhattisgarh,KOREA,2013,Whole Year,Turmeric,24,19,0.791666667
Chhattisgarh,KOREA,2014,Kharif,Arhar/Tur,3843,2324,0.604735883
Chhattisgarh,KOREA,2014,Kharif,Groundnut,226,245,1.084070796
Chhattisgarh,KOREA,2014,Kharif,Horse-gram,2667,746,0.279715036
Chhattisgarh,KOREA,2014,Kharif,Maize,8058,13743,1.705510052
Chhattisgarh,KOREA,2014,Kharif,Mesta,229,375,1.637554585
Chhattisgarh,KOREA,2014,Kharif,Moong(Green Gram),27,5,0.185185185
Chhattisgarh,KOREA,2014,Kharif,Niger seed,2394,416,0.173767753
Chhattisgarh,KOREA,2014,Kharif,Other Kharif pulses,251,,
Chhattisgarh,KOREA,2014,Kharif,Ragi,3,,
Chhattisgarh,KOREA,2014,Kharif,Rice,73095,130407,1.784075518
Chhattisgarh,KOREA,2014,Kharif,Sannhamp,68,21,0.308823529
Chhattisgarh,KOREA,2014,Kharif,Sesamum,1234,503,0.407617504
Chhattisgarh,KOREA,2014,Kharif,Small millets,7494,1791,0.238991193
Chhattisgarh,KOREA,2014,Kharif,Soyabean,5,3,0.6
Chhattisgarh,KOREA,2014,Kharif,Urad,4287,1325,0.309073944
Chhattisgarh,KOREA,2014,Rabi,Barley,167,182,1.089820359
Chhattisgarh,KOREA,2014,Rabi,Gram,542,539,0.994464945
Chhattisgarh,KOREA,2014,Rabi,Khesari,370,325,0.878378378
Chhattisgarh,KOREA,2014,Rabi,Linseed,1368,487,0.355994152
Chhattisgarh,KOREA,2014,Rabi,Masoor,216,64,0.296296296
Chhattisgarh,KOREA,2014,Rabi,Moong(Green Gram),2,,
Chhattisgarh,KOREA,2014,Rabi,Other  Rabi pulses,164,,
Chhattisgarh,KOREA,2014,Rabi,Peas & beans (Pulses),186,74,0.397849462
Chhattisgarh,KOREA,2014,Rabi,Potato,719,3901,5.425591099
Chhattisgarh,KOREA,2014,Rabi,Rapeseed &Mustard,3750,1826,0.486933333
Chhattisgarh,KOREA,2014,Rabi,Wheat,4101,6588,1.606437454
Chhattisgarh,KOREA,2014,Whole Year,Coriander,54,10,0.185185185
Chhattisgarh,KOREA,2014,Whole Year,Dry chillies,141,68,0.482269504
Chhattisgarh,KOREA,2014,Whole Year,Dry ginger,25,27,1.08
Chhattisgarh,KOREA,2014,Whole Year,Garlic,75,177,2.36
Chhattisgarh,KOREA,2014,Whole Year,Jowar,538,396,0.73605948
Chhattisgarh,KOREA,2014,Whole Year,Onion,152,1166,7.671052632
Chhattisgarh,KOREA,2014,Whole Year,Sweet potato,120,629,5.241666667
Chhattisgarh,KOREA,2014,Whole Year,Turmeric,26,23,0.884615385
Chhattisgarh,MAHASAMUND,2000,Kharif,Arhar/Tur,888,307,0.345720721
Chhattisgarh,MAHASAMUND,2000,Kharif,Groundnut,7360,7687,1.044429348
Chhattisgarh,MAHASAMUND,2000,Kharif,Horse-gram,122,30,0.245901639
Chhattisgarh,MAHASAMUND,2000,Kharif,Jowar,66,53,0.803030303
Chhattisgarh,MAHASAMUND,2000,Kharif,Maize,136,149,1.095588235
Chhattisgarh,MAHASAMUND,2000,Kharif,Mesta,17,35,2.058823529
Chhattisgarh,MAHASAMUND,2000,Kharif,Moong(Green Gram),3123,879,0.281460134
Chhattisgarh,MAHASAMUND,2000,Kharif,Niger seed,6,1,0.166666667
Chhattisgarh,MAHASAMUND,2000,Kharif,Other Kharif pulses,127,49,0.385826772
Chhattisgarh,MAHASAMUND,2000,Kharif,Ragi,6,1,0.166666667
Chhattisgarh,MAHASAMUND,2000,Kharif,Rice,233263,114090,0.489104573
Chhattisgarh,MAHASAMUND,2000,Kharif,Sesamum,1177,273,0.231945624
Chhattisgarh,MAHASAMUND,2000,Kharif,Small millets,1677,194,0.115682767
Chhattisgarh,MAHASAMUND,2000,Kharif,Soyabean,11,7,0.636363636
Chhattisgarh,MAHASAMUND,2000,Kharif,Sunflower,236,99,0.419491525
Chhattisgarh,MAHASAMUND,2000,Kharif,Urad,11794,4507,0.382143463
Chhattisgarh,MAHASAMUND,2000,Rabi,Gram,218,167,0.766055046
Chhattisgarh,MAHASAMUND,2000,Rabi,Khesari,2418,1090,0.450785773
Chhattisgarh,MAHASAMUND,2000,Rabi,Linseed,325,88,0.270769231
Chhattisgarh,MAHASAMUND,2000,Rabi,Masoor,14,5,0.357142857
Chhattisgarh,MAHASAMUND,2000,Rabi,Moong(Green Gram),156,34,0.217948718
Chhattisgarh,MAHASAMUND,2000,Rabi,Other  Rabi pulses,21,7,0.333333333
Chhattisgarh,MAHASAMUND,2000,Rabi,Peas & beans (Pulses),30,12,0.4
Chhattisgarh,MAHASAMUND,2000,Rabi,Rapeseed &Mustard,93,40,0.430107527
Chhattisgarh,MAHASAMUND,2000,Rabi,Urad,1,,
Chhattisgarh,MAHASAMUND,2000,Rabi,Wheat,945,2009,2.125925926
Chhattisgarh,MAHASAMUND,2000,Whole Year,Coriander,150,70,0.466666667
Chhattisgarh,MAHASAMUND,2000,Whole Year,Dry chillies,311,111,0.356913183
Chhattisgarh,MAHASAMUND,2000,Whole Year,Garlic,18,50,2.777777778
Chhattisgarh,MAHASAMUND,2000,Whole Year,Onion,203,1650,8.128078818
Chhattisgarh,MAHASAMUND,2000,Whole Year,Potato,162,1448,8.938271605
Chhattisgarh,MAHASAMUND,2000,Whole Year,Sannhamp,233,55,0.236051502
Chhattisgarh,MAHASAMUND,2000,Whole Year,Sugarcane,52,156,3
Chhattisgarh,MAHASAMUND,2000,Whole Year,Sweet potato,4,21,5.25
Chhattisgarh,MAHASAMUND,2000,Whole Year,Turmeric,2,3,1.5
Chhattisgarh,MAHASAMUND,2001,Kharif,Arhar/Tur,844,229,0.271327014
Chhattisgarh,MAHASAMUND,2001,Kharif,Groundnut,7220,8459,1.171606648
Chhattisgarh,MAHASAMUND,2001,Kharif,Horse-gram,86,32,0.372093023
Chhattisgarh,MAHASAMUND,2001,Kharif,Jowar,51,47,0.921568627
Chhattisgarh,MAHASAMUND,2001,Kharif,Maize,122,93,0.762295082
Chhattisgarh,MAHASAMUND,2001,Kharif,Mesta,83,210,2.530120482
Chhattisgarh,MAHASAMUND,2001,Kharif,Moong(Green Gram),2908,785,0.269944979
Chhattisgarh,MAHASAMUND,2001,Kharif,Other Kharif pulses,139,51,0.366906475
Chhattisgarh,MAHASAMUND,2001,Kharif,Ragi,6,2,0.333333333
Chhattisgarh,MAHASAMUND,2001,Kharif,Rice,242450,290201,1.196951949
Chhattisgarh,MAHASAMUND,2001,Kharif,Sesamum,1047,291,0.277936963
Chhattisgarh,MAHASAMUND,2001,Kharif,Small millets,1322,177,0.133888048
Chhattisgarh,MAHASAMUND,2001,Kharif,Soyabean,15,18,1.2
Chhattisgarh,MAHASAMUND,2001,Kharif,Sunflower,186,93,0.5
Chhattisgarh,MAHASAMUND,2001,Kharif,Urad,11450,4663,0.407248908
Chhattisgarh,MAHASAMUND,2001,Rabi,Gram,341,279,0.818181818
Chhattisgarh,MAHASAMUND,2001,Rabi,Khesari,7661,4360,0.569116303
Chhattisgarh,MAHASAMUND,2001,Rabi,Linseed,552,129,0.233695652
Chhattisgarh,MAHASAMUND,2001,Rabi,Masoor,27,49,1.814814815
Chhattisgarh,MAHASAMUND,2001,Rabi,Moong(Green Gram),425,98,0.230588235
Chhattisgarh,MAHASAMUND,2001,Rabi,Other  Rabi pulses,64,20,0.3125
Chhattisgarh,MAHASAMUND,2001,Rabi,Peas & beans (Pulses),99,40,0.404040404
Chhattisgarh,MAHASAMUND,2001,Rabi,Rapeseed &Mustard,128,46,0.359375
Chhattisgarh,MAHASAMUND,2001,Rabi,Urad,13,4,0.307692308
Chhattisgarh,MAHASAMUND,2001,Rabi,Wheat,2313,3580,1.547773454
Chhattisgarh,MAHASAMUND,2001,Whole Year,Coriander,64,28,0.4375
Chhattisgarh,MAHASAMUND,2001,Whole Year,Dry chillies,357,209,0.585434174
Chhattisgarh,MAHASAMUND,2001,Whole Year,Dry ginger,4,3,0.75
Chhattisgarh,MAHASAMUND,2001,Whole Year,Garlic,20,47,2.35
Chhattisgarh,MAHASAMUND,2001,Whole Year,Onion,253,1740,6.877470356
Chhattisgarh,MAHASAMUND,2001,Whole Year,Potato,121,1007,8.32231405
Chhattisgarh,MAHASAMUND,2001,Whole Year,Sannhamp,224,93,0.415178571
Chhattisgarh,MAHASAMUND,2001,Whole Year,Sugarcane,41,124,3.024390244
Chhattisgarh,MAHASAMUND,2001,Whole Year,Sweet potato,4,18,4.5
Chhattisgarh,MAHASAMUND,2001,Whole Year,Turmeric,13,26,2
Chhattisgarh,MAHASAMUND,2002,Kharif,Arhar/Tur,837,251,0.299880526
Chhattisgarh,MAHASAMUND,2002,Kharif,Bajra,2,1,0.5
Chhattisgarh,MAHASAMUND,2002,Kharif,Groundnut,7298,7077,0.969717731
Chhattisgarh,MAHASAMUND,2002,Kharif,Horse-gram,75,21,0.28
Chhattisgarh,MAHASAMUND,2002,Kharif,Jowar,53,45,0.849056604
Chhattisgarh,MAHASAMUND,2002,Kharif,Maize,187,309,1.652406417
Chhattisgarh,MAHASAMUND,2002,Kharif,Mesta,35,73,2.085714286
Chhattisgarh,MAHASAMUND,2002,Kharif,Moong(Green Gram),3008,696,0.231382979
Chhattisgarh,MAHASAMUND,2002,Kharif,Other Kharif pulses,123,44,0.357723577
Chhattisgarh,MAHASAMUND,2002,Kharif,Ragi,6,2,0.333333333
Chhattisgarh,MAHASAMUND,2002,Kharif,Rice,242444,108462,0.447369289
Chhattisgarh,MAHASAMUND,2002,Kharif,Sesamum,1070,302,0.282242991
Chhattisgarh,MAHASAMUND,2002,Kharif,Small millets,1104,91,0.082427536
Chhattisgarh,MAHASAMUND,2002,Kharif,Soyabean,17,14,0.823529412
Chhattisgarh,MAHASAMUND,2002,Kharif,Sunflower,245,80,0.326530612
Chhattisgarh,MAHASAMUND,2002,Kharif,Urad,11625,4005,0.344516129
Chhattisgarh,MAHASAMUND,2002,Rabi,Gram,287,150,0.522648084
Chhattisgarh,MAHASAMUND,2002,Rabi,Horse-gram,28,8,0.285714286
Chhattisgarh,MAHASAMUND,2002,Rabi,Khesari,6130,3101,0.505872757
Chhattisgarh,MAHASAMUND,2002,Rabi,Linseed,451,151,0.33481153
Chhattisgarh,MAHASAMUND,2002,Rabi,Masoor,13,4,0.307692308
Chhattisgarh,MAHASAMUND,2002,Rabi,Moong(Green Gram),394,54,0.137055838
Chhattisgarh,MAHASAMUND,2002,Rabi,Other  Rabi pulses,40,14,0.35
Chhattisgarh,MAHASAMUND,2002,Rabi,Peas & beans (Pulses),219,71,0.324200913
Chhattisgarh,MAHASAMUND,2002,Rabi,Rapeseed &Mustard,98,30,0.306122449
Chhattisgarh,MAHASAMUND,2002,Rabi,Safflower,3,1,0.333333333
Chhattisgarh,MAHASAMUND,2002,Rabi,Urad,13,2,0.153846154
Chhattisgarh,MAHASAMUND,2002,Rabi,Wheat,2113,2608,1.23426408
Chhattisgarh,MAHASAMUND,2002,Whole Year,Banana,1,45,45
Chhattisgarh,MAHASAMUND,2002,Whole Year,Coriander,169,59,0.349112426
Chhattisgarh,MAHASAMUND,2002,Whole Year,Dry chillies,312,271,0.868589744
Chhattisgarh,MAHASAMUND,2002,Whole Year,Dry ginger,6,7,1.166666667
Chhattisgarh,MAHASAMUND,2002,Whole Year,Garlic,17,41,2.411764706
Chhattisgarh,MAHASAMUND,2002,Whole Year,Onion,247,1834,7.425101215
Chhattisgarh,MAHASAMUND,2002,Whole Year,Potato,130,708,5.446153846
Chhattisgarh,MAHASAMUND,2002,Whole Year,Sannhamp,206,60,0.291262136
Chhattisgarh,MAHASAMUND,2002,Whole Year,Sugarcane,46,139,3.02173913
Chhattisgarh,MAHASAMUND,2002,Whole Year,Sweet potato,3,12,4
Chhattisgarh,MAHASAMUND,2002,Whole Year,Turmeric,3,5,1.666666667
Chhattisgarh,MAHASAMUND,2003,Kharif,Arhar/Tur,890,297,0.333707865
Chhattisgarh,MAHASAMUND,2003,Kharif,Groundnut,7262,7666,1.055632057
Chhattisgarh,MAHASAMUND,2003,Kharif,Horse-gram,95,27,0.284210526
Chhattisgarh,MAHASAMUND,2003,Kharif,Jowar,50,25,0.5
Chhattisgarh,MAHASAMUND,2003,Kharif,Maize,161,101,0.627329193
Chhattisgarh,MAHASAMUND,2003,Kharif,Mesta,73,153,2.095890411
Chhattisgarh,MAHASAMUND,2003,Kharif,Moong(Green Gram),3083,713,0.231268245
Chhattisgarh,MAHASAMUND,2003,Kharif,Niger seed,1,,
Chhattisgarh,MAHASAMUND,2003,Kharif,Other Kharif pulses,117,37,0.316239316
Chhattisgarh,MAHASAMUND,2003,Kharif,Ragi,35,9,0.257142857
Chhattisgarh,MAHASAMUND,2003,Kharif,Rice,250091,387427,1.549144112
Chhattisgarh,MAHASAMUND,2003,Kharif,Sesamum,1067,242,0.226804124
Chhattisgarh,MAHASAMUND,2003,Kharif,Small millets,945,139,0.147089947
Chhattisgarh,MAHASAMUND,2003,Kharif,Sunflower,585,125,0.213675214
Chhattisgarh,MAHASAMUND,2003,Kharif,Urad,11421,3578,0.31328255
Chhattisgarh,MAHASAMUND,2003,Rabi,Gram,493,428,0.868154158
Chhattisgarh,MAHASAMUND,2003,Rabi,Horse-gram,6,2,0.333333333
Chhattisgarh,MAHASAMUND,2003,Rabi,Khesari,9447,5902,0.624748597
Chhattisgarh,MAHASAMUND,2003,Rabi,Linseed,533,144,0.270168856
Chhattisgarh,MAHASAMUND,2003,Rabi,Masoor,23,6,0.260869565
Chhattisgarh,MAHASAMUND,2003,Rabi,Moong(Green Gram),515,88,0.170873786
Chhattisgarh,MAHASAMUND,2003,Rabi,other misc. pulses,41,0.01,0.000243902
Chhattisgarh,MAHASAMUND,2003,Rabi,Peas & beans (Pulses),246,80,0.325203252
Chhattisgarh,MAHASAMUND,2003,Rabi,Rapeseed &Mustard,140,47,0.335714286
Chhattisgarh,MAHASAMUND,2003,Rabi,Safflower,1,,
Chhattisgarh,MAHASAMUND,2003,Rabi,Urad,25,7,0.28
Chhattisgarh,MAHASAMUND,2003,Rabi,Wheat,2238,3242,1.448614835
Chhattisgarh,MAHASAMUND,2003,Whole Year,Banana,1,45,45
Chhattisgarh,MAHASAMUND,2003,Whole Year,Coriander,78,29,0.371794872
Chhattisgarh,MAHASAMUND,2003,Whole Year,Dry chillies,368,244,0.663043478
Chhattisgarh,MAHASAMUND,2003,Whole Year,Dry ginger,2,2,1
Chhattisgarh,MAHASAMUND,2003,Whole Year,Garlic,19,38,2
Chhattisgarh,MAHASAMUND,2003,Whole Year,Onion,261,1611,6.172413793
Chhattisgarh,MAHASAMUND,2003,Whole Year,Potato,186,1166,6.268817204
Chhattisgarh,MAHASAMUND,2003,Whole Year,Sannhamp,193,56,0.29015544
Chhattisgarh,MAHASAMUND,2003,Whole Year,Sugarcane,33,88,2.666666667
Chhattisgarh,MAHASAMUND,2003,Whole Year,Sweet potato,3,12,4
Chhattisgarh,MAHASAMUND,2003,Whole Year,Turmeric,2,4,2
Chhattisgarh,MAHASAMUND,2004,Kharif,Arhar/Tur,941,353,0.375132837
Chhattisgarh,MAHASAMUND,2004,Kharif,Groundnut,7232,7933,1.09693031
Chhattisgarh,MAHASAMUND,2004,Kharif,Horse-gram,82,24,0.292682927
Chhattisgarh,MAHASAMUND,2004,Kharif,Jowar,48,34,0.708333333
Chhattisgarh,MAHASAMUND,2004,Kharif,Maize,167,167,1
Chhattisgarh,MAHASAMUND,2004,Kharif,Mesta,2,4,2
Chhattisgarh,MAHASAMUND,2004,Kharif,Moong(Green Gram),3061,626,0.204508331
Chhattisgarh,MAHASAMUND,2004,Kharif,Niger seed,3,,
Chhattisgarh,MAHASAMUND,2004,Kharif,Other Kharif pulses,124,39,0.314516129
Chhattisgarh,MAHASAMUND,2004,Kharif,Ragi,3,1,0.333333333
Chhattisgarh,MAHASAMUND,2004,Kharif,Rice,251046,319432,1.272404261
Chhattisgarh,MAHASAMUND,2004,Kharif,Sesamum,997,291,0.291875627
Chhattisgarh,MAHASAMUND,2004,Kharif,Small millets,776,97,0.125
Chhattisgarh,MAHASAMUND,2004,Kharif,Soyabean,14,17,1.214285714
Chhattisgarh,MAHASAMUND,2004,Kharif,Sunflower,374,135,0.360962567
Chhattisgarh,MAHASAMUND,2004,Kharif,Urad,11186,3645,0.325853746
Chhattisgarh,MAHASAMUND,2004,Rabi,Gram,490,249,0.508163265
Chhattisgarh,MAHASAMUND,2004,Rabi,Khesari,9533,3773,0.395783069
Chhattisgarh,MAHASAMUND,2004,Rabi,Linseed,609,122,0.200328407
Chhattisgarh,MAHASAMUND,2004,Rabi,Masoor,78,23,0.294871795
Chhattisgarh,MAHASAMUND,2004,Rabi,Moong(Green Gram),342,59,0.17251462
Chhattisgarh,MAHASAMUND,2004,Rabi,Peas & beans (Pulses),221,69,0.312217195
Chhattisgarh,MAHASAMUND,2004,Rabi,Rapeseed &Mustard,104,32,0.307692308
Chhattisgarh,MAHASAMUND,2004,Rabi,Urad,9,2,0.222222222
Chhattisgarh,MAHASAMUND,2004,Rabi,Wheat,1799,2020,1.122846026
Chhattisgarh,MAHASAMUND,2004,Whole Year,Coriander,63,23,0.365079365
Chhattisgarh,MAHASAMUND,2004,Whole Year,Dry chillies,357,198,0.554621849
Chhattisgarh,MAHASAMUND,2004,Whole Year,Dry ginger,1,1,1
Chhattisgarh,MAHASAMUND,2004,Whole Year,Garlic,13,36,2.769230769
Chhattisgarh,MAHASAMUND,2004,Whole Year,Onion,216,1108,5.12962963
Chhattisgarh,MAHASAMUND,2004,Whole Year,Potato,164,1147,6.993902439
Chhattisgarh,MAHASAMUND,2004,Whole Year,Sannhamp,192,61,0.317708333
Chhattisgarh,MAHASAMUND,2004,Whole Year,Sugarcane,25,67,2.68
Chhattisgarh,MAHASAMUND,2004,Whole Year,Sweet potato,2,6,3
Chhattisgarh,MAHASAMUND,2004,Whole Year,Turmeric,2,4,2
Chhattisgarh,MAHASAMUND,2005,Kharif,Arhar/Tur,1020,322,0.315686275
Chhattisgarh,MAHASAMUND,2005,Kharif,Groundnut,6996,6613,0.945254431
Chhattisgarh,MAHASAMUND,2005,Kharif,Horse-gram,80,27,0.3375
Chhattisgarh,MAHASAMUND,2005,Kharif,Jowar,265,196,0.739622642
Chhattisgarh,MAHASAMUND,2005,Kharif,Maize,207,183,0.884057971
Chhattisgarh,MAHASAMUND,2005,Kharif,Mesta,31,64,2.064516129
Chhattisgarh,MAHASAMUND,2005,Kharif,Moong(Green Gram),3131,724,0.231236027
Chhattisgarh,MAHASAMUND,2005,Kharif,Niger seed,1,,
Chhattisgarh,MAHASAMUND,2005,Kharif,Other Kharif pulses,106,39,0.367924528
Chhattisgarh,MAHASAMUND,2005,Kharif,Rice,250057,247754,0.9907901
Chhattisgarh,MAHASAMUND,2005,Kharif,Sesamum,1009,285,0.282457879
Chhattisgarh,MAHASAMUND,2005,Kharif,Small millets,786,83,0.105597964
Chhattisgarh,MAHASAMUND,2005,Kharif,Soyabean,15,17,1.133333333
Chhattisgarh,MAHASAMUND,2005,Kharif,Sunflower,1183,431,0.36432798
Chhattisgarh,MAHASAMUND,2005,Kharif,Urad,11886,4468,0.375904425
Chhattisgarh,MAHASAMUND,2005,Rabi,Gram,318,213,0.669811321
Chhattisgarh,MAHASAMUND,2005,Rabi,Horse-gram,19,5,0.263157895
Chhattisgarh,MAHASAMUND,2005,Rabi,Khesari,9964,3906,0.39201124
Chhattisgarh,MAHASAMUND,2005,Rabi,Linseed,459,99,0.215686275
Chhattisgarh,MAHASAMUND,2005,Rabi,Masoor,15,5,0.333333333
Chhattisgarh,MAHASAMUND,2005,Rabi,Moong(Green Gram),397,66,0.166246851
Chhattisgarh,MAHASAMUND,2005,Rabi,Other  Rabi pulses,31,10,0.322580645
Chhattisgarh,MAHASAMUND,2005,Rabi,Peas & beans (Pulses),226,74,0.327433628
Chhattisgarh,MAHASAMUND,2005,Rabi,Rapeseed &Mustard,153,44,0.287581699
Chhattisgarh,MAHASAMUND,2005,Rabi,Urad,2,,
Chhattisgarh,MAHASAMUND,2005,Rabi,Wheat,1618,1470,0.908529048
Chhattisgarh,MAHASAMUND,2005,Whole Year,Coriander,94,32,0.340425532
Chhattisgarh,MAHASAMUND,2005,Whole Year,Dry chillies,368,95,0.258152174
Chhattisgarh,MAHASAMUND,2005,Whole Year,Dry ginger,4,4,1
Chhattisgarh,MAHASAMUND,2005,Whole Year,Garlic,26,65,2.5
Chhattisgarh,MAHASAMUND,2005,Whole Year,Onion,230,1191,5.17826087
Chhattisgarh,MAHASAMUND,2005,Whole Year,Potato,167,849,5.083832335
Chhattisgarh,MAHASAMUND,2005,Whole Year,Sannhamp,187,54,0.288770053
Chhattisgarh,MAHASAMUND,2005,Whole Year,Sugarcane,29,73,2.517241379
Chhattisgarh,MAHASAMUND,2005,Whole Year,Sweet potato,3,15,5
Chhattisgarh,MAHASAMUND,2005,Whole Year,Turmeric,2,3,1.5
Chhattisgarh,MAHASAMUND,2006,Kharif,Arhar/Tur,862,224,0.259860789
Chhattisgarh,MAHASAMUND,2006,Kharif,Groundnut,7027,7718,1.098334994
Chhattisgarh,MAHASAMUND,2006,Kharif,Horse-gram,75,25,0.333333333
Chhattisgarh,MAHASAMUND,2006,Kharif,Jowar,40,33,0.825
Chhattisgarh,MAHASAMUND,2006,Kharif,Maize,137,130,0.948905109
Chhattisgarh,MAHASAMUND,2006,Kharif,Moong(Green Gram),3004,718,0.239014647
Chhattisgarh,MAHASAMUND,2006,Kharif,Niger seed,1,,
Chhattisgarh,MAHASAMUND,2006,Kharif,Other Kharif pulses,154,54,0.350649351
Chhattisgarh,MAHASAMUND,2006,Kharif,Ragi,2,1,0.5
Chhattisgarh,MAHASAMUND,2006,Kharif,Rice,256752,331104,1.289586839
Chhattisgarh,MAHASAMUND,2006,Kharif,Sesamum,896,304,0.339285714
Chhattisgarh,MAHASAMUND,2006,Kharif,Small millets,610,84,0.137704918
Chhattisgarh,MAHASAMUND,2006,Kharif,Soyabean,15,18,1.2
Chhattisgarh,MAHASAMUND,2006,Kharif,Sunflower,261,95,0.363984674
Chhattisgarh,MAHASAMUND,2006,Kharif,Urad,11179,4202,0.375883353
Chhattisgarh,MAHASAMUND,2006,Rabi,Gram,296,259,0.875
Chhattisgarh,MAHASAMUND,2006,Rabi,Horse-gram,20,6,0.3
Chhattisgarh,MAHASAMUND,2006,Rabi,Khesari,9583,4974,0.519044141
Chhattisgarh,MAHASAMUND,2006,Rabi,Linseed,410,102,0.248780488
Chhattisgarh,MAHASAMUND,2006,Rabi,Masoor,18,5,0.277777778
Chhattisgarh,MAHASAMUND,2006,Rabi,Moong(Green Gram),306,51,0.166666667
Chhattisgarh,MAHASAMUND,2006,Rabi,Other  Rabi pulses,48,15,0.3125
Chhattisgarh,MAHASAMUND,2006,Rabi,Peas & beans (Pulses),292,95,0.325342466
Chhattisgarh,MAHASAMUND,2006,Rabi,Potato,156,728,4.666666667
Chhattisgarh,MAHASAMUND,2006,Rabi,Rapeseed &Mustard,132,47,0.356060606
Chhattisgarh,MAHASAMUND,2006,Rabi,Urad,3,1,0.333333333
Chhattisgarh,MAHASAMUND,2006,Rabi,Wheat,1318,1443,1.094840668
Chhattisgarh,MAHASAMUND,2006,Whole Year,Coriander,83,30,0.361445783
Chhattisgarh,MAHASAMUND,2006,Whole Year,Dry chillies,357,146,0.408963585
Chhattisgarh,MAHASAMUND,2006,Whole Year,Dry ginger,9,9,1
Chhattisgarh,MAHASAMUND,2006,Whole Year,Garlic,14,40,2.857142857
Chhattisgarh,MAHASAMUND,2006,Whole Year,Onion,219,958,4.374429224
Chhattisgarh,MAHASAMUND,2006,Whole Year,Sannhamp,166,51,0.307228916
Chhattisgarh,MAHASAMUND,2006,Whole Year,Sugarcane,28,47,1.678571429
Chhattisgarh,MAHASAMUND,2006,Whole Year,Sweet potato,2,11,5.5
Chhattisgarh,MAHASAMUND,2006,Whole Year,Turmeric,2,4,2
Chhattisgarh,MAHASAMUND,2007,Kharif,Arhar/Tur,859,313,0.364377183
Chhattisgarh,MAHASAMUND,2007,Kharif,Groundnut,5881,7050,1.198775718
Chhattisgarh,MAHASAMUND,2007,Kharif,Horse-gram,56,18,0.321428571
Chhattisgarh,MAHASAMUND,2007,Kharif,Jowar,1928,1990,1.032157676
Chhattisgarh,MAHASAMUND,2007,Kharif,Maize,148,180,1.216216216
Chhattisgarh,MAHASAMUND,2007,Kharif,Mesta,112,276,2.464285714
Chhattisgarh,MAHASAMUND,2007,Kharif,Moong(Green Gram),2897,659,0.2274767
Chhattisgarh,MAHASAMUND,2007,Kharif,Other Kharif pulses,126,81,0.642857143
Chhattisgarh,MAHASAMUND,2007,Kharif,Rice,241743,331756,1.372349975
Chhattisgarh,MAHASAMUND,2007,Kharif,Sesamum,683,224,0.327964861
Chhattisgarh,MAHASAMUND,2007,Kharif,Small millets,17934,4189,0.233578677
Chhattisgarh,MAHASAMUND,2007,Kharif,Soyabean,17,24,1.411764706
Chhattisgarh,MAHASAMUND,2007,Kharif,Sunflower,285,103,0.361403509
Chhattisgarh,MAHASAMUND,2007,Kharif,Urad,11459,4164,0.363382494
Chhattisgarh,MAHASAMUND,2007,Rabi,Gram,254,225,0.885826772
Chhattisgarh,MAHASAMUND,2007,Rabi,Horse-gram,13,4,0.307692308
Chhattisgarh,MAHASAMUND,2007,Rabi,Khesari,8884,4900,0.551553354
Chhattisgarh,MAHASAMUND,2007,Rabi,Linseed,310,95,0.306451613
Chhattisgarh,MAHASAMUND,2007,Rabi,Masoor,39,17,0.435897436
Chhattisgarh,MAHASAMUND,2007,Rabi,Moong(Green Gram),326,58,0.17791411
Chhattisgarh,MAHASAMUND,2007,Rabi,Other  Rabi pulses,44,15,0.340909091
Chhattisgarh,MAHASAMUND,2007,Rabi,Peas & beans (Pulses),231,79,0.341991342
Chhattisgarh,MAHASAMUND,2007,Rabi,Potato,145,873,6.020689655
Chhattisgarh,MAHASAMUND,2007,Rabi,Rapeseed &Mustard,130,48,0.369230769
Chhattisgarh,MAHASAMUND,2007,Rabi,Urad,16,4,0.25
Chhattisgarh,MAHASAMUND,2007,Rabi,Wheat,1465,1802,1.23003413
Chhattisgarh,MAHASAMUND,2007,Whole Year,Banana,4,175,43.75
Chhattisgarh,MAHASAMUND,2007,Whole Year,Coriander,65,24,0.369230769
Chhattisgarh,MAHASAMUND,2007,Whole Year,Dry chillies,353,284,0.804532578
Chhattisgarh,MAHASAMUND,2007,Whole Year,Dry ginger,7,7,1
Chhattisgarh,MAHASAMUND,2007,Whole Year,Onion,212,911,4.297169811
Chhattisgarh,MAHASAMUND,2007,Whole Year,Sannhamp,191,55,0.287958115
Chhattisgarh,MAHASAMUND,2007,Whole Year,Sugarcane,20,58,2.9
Chhattisgarh,MAHASAMUND,2007,Whole Year,Sweet potato,2,11,5.5
Chhattisgarh,MAHASAMUND,2007,Whole Year,Turmeric,1,2,2
Chhattisgarh,MAHASAMUND,2008,Kharif,Arhar/Tur,837,329,0.39307049
Chhattisgarh,MAHASAMUND,2008,Kharif,Groundnut,5756,6865,1.19266852
Chhattisgarh,MAHASAMUND,2008,Kharif,Horse-gram,61,21,0.344262295
Chhattisgarh,MAHASAMUND,2008,Kharif,Jowar,47,71,1.510638298
Chhattisgarh,MAHASAMUND,2008,Kharif,Maize,122,117,0.959016393
Chhattisgarh,MAHASAMUND,2008,Kharif,Mesta,108,270,2.5
Chhattisgarh,MAHASAMUND,2008,Kharif,Moong(Green Gram),2951,705,0.238902067
Chhattisgarh,MAHASAMUND,2008,Kharif,Niger seed,1,,
Chhattisgarh,MAHASAMUND,2008,Kharif,Other Kharif pulses,119,37,0.31092437
Chhattisgarh,MAHASAMUND,2008,Kharif,Rice,260661,292312,1.121425913
Chhattisgarh,MAHASAMUND,2008,Kharif,Sesamum,788,275,0.348984772
Chhattisgarh,MAHASAMUND,2008,Kharif,Small millets,325,37,0.113846154
Chhattisgarh,MAHASAMUND,2008,Kharif,Soyabean,8,13,1.625
Chhattisgarh,MAHASAMUND,2008,Kharif,Sunflower,368,138,0.375
Chhattisgarh,MAHASAMUND,2008,Kharif,Urad,11055,4295,0.388511986
Chhattisgarh,MAHASAMUND,2008,Rabi,Gram,185,144,0.778378378
Chhattisgarh,MAHASAMUND,2008,Rabi,Horse-gram,11,3,0.272727273
Chhattisgarh,MAHASAMUND,2008,Rabi,Khesari,7414,1800,0.242783922
Chhattisgarh,MAHASAMUND,2008,Rabi,Linseed,270,66,0.244444444
Chhattisgarh,MAHASAMUND,2008,Rabi,Masoor,12,4,0.333333333
Chhattisgarh,MAHASAMUND,2008,Rabi,Moong(Green Gram),299,50,0.16722408
Chhattisgarh,MAHASAMUND,2008,Rabi,Other  Rabi pulses,51,17,0.333333333
Chhattisgarh,MAHASAMUND,2008,Rabi,Peas & beans (Pulses),220,73,0.331818182
Chhattisgarh,MAHASAMUND,2008,Rabi,Potato,129,766,5.937984496
Chhattisgarh,MAHASAMUND,2008,Rabi,Rapeseed &Mustard,105,33,0.314285714
Chhattisgarh,MAHASAMUND,2008,Rabi,Urad,17,4,0.235294118
Chhattisgarh,MAHASAMUND,2008,Rabi,Wheat,1274,1324,1.039246468
Chhattisgarh,MAHASAMUND,2008,Whole Year,Banana,1,37,37
Chhattisgarh,MAHASAMUND,2008,Whole Year,Coriander,79,27,0.341772152
Chhattisgarh,MAHASAMUND,2008,Whole Year,Dry chillies,340,201,0.591176471
Chhattisgarh,MAHASAMUND,2008,Whole Year,Dry ginger,8,11,1.375
Chhattisgarh,MAHASAMUND,2008,Whole Year,Garlic,5,12,2.4
Chhattisgarh,MAHASAMUND,2008,Whole Year,Onion,188,880,4.680851064
Chhattisgarh,MAHASAMUND,2008,Whole Year,Sannhamp,142,51,0.35915493
Chhattisgarh,MAHASAMUND,2008,Whole Year,Sugarcane,19,50,2.631578947
Chhattisgarh,MAHASAMUND,2008,Whole Year,Sweet potato,2,10,5
Chhattisgarh,MAHASAMUND,2008,Whole Year,Turmeric,1,2,2
Chhattisgarh,MAHASAMUND,2009,Kharif,Arhar/Tur,816,278,0.340686275
Chhattisgarh,MAHASAMUND,2009,Kharif,Groundnut,6223,8041,1.292142054
Chhattisgarh,MAHASAMUND,2009,Kharif,Horse-gram,54,16,0.296296296
Chhattisgarh,MAHASAMUND,2009,Kharif,Jowar,30,35,1.166666667
Chhattisgarh,MAHASAMUND,2009,Kharif,Maize,122,149,1.221311475
Chhattisgarh,MAHASAMUND,2009,Kharif,Mesta,58,145,2.5
Chhattisgarh,MAHASAMUND,2009,Kharif,Moong(Green Gram),3103,635,0.20464067
Chhattisgarh,MAHASAMUND,2009,Kharif,Niger seed,1,,
Chhattisgarh,MAHASAMUND,2009,Kharif,Other Kharif pulses,143,42,0.293706294
Chhattisgarh,MAHASAMUND,2009,Kharif,Rice,262841,292973,1.114639649
Chhattisgarh,MAHASAMUND,2009,Kharif,Sesamum,771,323,0.418936446
Chhattisgarh,MAHASAMUND,2009,Kharif,Small millets,255,29,0.11372549
Chhattisgarh,MAHASAMUND,2009,Kharif,Sunflower,426,,
Chhattisgarh,MAHASAMUND,2009,Kharif,Urad,10500,2340,0.222857143
Chhattisgarh,MAHASAMUND,2009,Rabi,Gram,208,213,1.024038462
Chhattisgarh,MAHASAMUND,2009,Rabi,Horse-gram,29,12,0.413793103
Chhattisgarh,MAHASAMUND,2009,Rabi,Khesari,7018,3951,0.562980906
Chhattisgarh,MAHASAMUND,2009,Rabi,Linseed,244,67,0.274590164
Chhattisgarh,MAHASAMUND,2009,Rabi,Masoor,10,4,0.4
Chhattisgarh,MAHASAMUND,2009,Rabi,Moong(Green Gram),430,68,0.158139535
Chhattisgarh,MAHASAMUND,2009,Rabi,Other  Rabi pulses,79,22,0.278481013
Chhattisgarh,MAHASAMUND,2009,Rabi,Peas & beans (Pulses),231,102,0.441558442
Chhattisgarh,MAHASAMUND,2009,Rabi,Rapeseed &Mustard,183,77,0.420765027
Chhattisgarh,MAHASAMUND,2009,Rabi,Urad,29,10,0.344827586
Chhattisgarh,MAHASAMUND,2009,Rabi,Wheat,1358,2101,1.54712813
Chhattisgarh,MAHASAMUND,2009,Whole Year,Coriander,66,23,0.348484848
Chhattisgarh,MAHASAMUND,2009,Whole Year,Dry chillies,322,244,0.757763975
Chhattisgarh,MAHASAMUND,2009,Whole Year,Garlic,10,26,2.6
Chhattisgarh,MAHASAMUND,2009,Whole Year,Onion,219,894,4.082191781
Chhattisgarh,MAHASAMUND,2009,Whole Year,Potato,144,757,5.256944444
Chhattisgarh,MAHASAMUND,2009,Whole Year,Sannhamp,142,41,0.288732394
Chhattisgarh,MAHASAMUND,2009,Whole Year,Sugarcane,18,81,4.5
Chhattisgarh,MAHASAMUND,2010,Kharif,Arhar/Tur,770,209,0.271428571
Chhattisgarh,MAHASAMUND,2010,Kharif,Groundnut,5692,7027,1.234539705
Chhattisgarh,MAHASAMUND,2010,Kharif,Horse-gram,98,30,0.306122449
Chhattisgarh,MAHASAMUND,2010,Kharif,Jowar,37,53,1.432432432
Chhattisgarh,MAHASAMUND,2010,Kharif,Jute,174,,
Chhattisgarh,MAHASAMUND,2010,Kharif,Maize,113,177,1.566371681
Chhattisgarh,MAHASAMUND,2010,Kharif,Mesta,33,82,2.484848485
Chhattisgarh,MAHASAMUND,2010,Kharif,Moong(Green Gram),2838,732,0.257928118
Chhattisgarh,MAHASAMUND,2010,Kharif,Other Kharif pulses,122,35,0.286885246
Chhattisgarh,MAHASAMUND,2010,Kharif,Rice,266738,486688,1.824591922
Chhattisgarh,MAHASAMUND,2010,Kharif,Sesamum,616,223,0.362012987
Chhattisgarh,MAHASAMUND,2010,Kharif,Small millets,173,24,0.138728324
Chhattisgarh,MAHASAMUND,2010,Kharif,Sunflower,235,170,0.723404255
Chhattisgarh,MAHASAMUND,2010,Kharif,Urad,10111,2568,0.253980813
Chhattisgarh,MAHASAMUND,2010,Rabi,Gram,154,163,1.058441558
Chhattisgarh,MAHASAMUND,2010,Rabi,Horse-gram,6,2,0.333333333
Chhattisgarh,MAHASAMUND,2010,Rabi,Khesari,5940,3060,0.515151515
Chhattisgarh,MAHASAMUND,2010,Rabi,Linseed,159,41,0.257861635
Chhattisgarh,MAHASAMUND,2010,Rabi,Masoor,7,3,0.428571429
Chhattisgarh,MAHASAMUND,2010,Rabi,Moong(Green Gram),389,70,0.179948586
Chhattisgarh,MAHASAMUND,2010,Rabi,Other  Rabi pulses,52,13,0.25
Chhattisgarh,MAHASAMUND,2010,Rabi,Peas & beans (Pulses),201,98,0.487562189
Chhattisgarh,MAHASAMUND,2010,Rabi,Rapeseed &Mustard,145,52,0.35862069
Chhattisgarh,MAHASAMUND,2010,Rabi,Urad,17,4,0.235294118
Chhattisgarh,MAHASAMUND,2010,Rabi,Wheat,1328,2149,1.618222892
Chhattisgarh,MAHASAMUND,2010,Whole Year,Banana,3,132,44
Chhattisgarh,MAHASAMUND,2010,Whole Year,Coriander,52,19,0.365384615
Chhattisgarh,MAHASAMUND,2010,Whole Year,Dry chillies,323,155,0.479876161
Chhattisgarh,MAHASAMUND,2010,Whole Year,Garlic,8,19,2.375
Chhattisgarh,MAHASAMUND,2010,Whole Year,Onion,8,42,5.25
Chhattisgarh,MAHASAMUND,2010,Whole Year,Potato,124,735,5.927419355
Chhattisgarh,MAHASAMUND,2010,Whole Year,Sannhamp,139,48,0.345323741
Chhattisgarh,MAHASAMUND,2010,Whole Year,Sugarcane,15,39,2.6
Chhattisgarh,MAHASAMUND,2010,Whole Year,Turmeric,2,4,2
Chhattisgarh,MAHASAMUND,2011,Kharif,Arhar/Tur,777,246,0.316602317
Chhattisgarh,MAHASAMUND,2011,Kharif,Groundnut,5222,6832,1.308310992
Chhattisgarh,MAHASAMUND,2011,Kharif,Horse-gram,8,3,0.375
Chhattisgarh,MAHASAMUND,2011,Kharif,Maize,105,141,1.342857143
Chhattisgarh,MAHASAMUND,2011,Kharif,Mesta,4,9,2.25
Chhattisgarh,MAHASAMUND,2011,Kharif,Moong(Green Gram),2771,727,0.262360159
Chhattisgarh,MAHASAMUND,2011,Kharif,Other Kharif pulses,117,37,0.316239316
Chhattisgarh,MAHASAMUND,2011,Kharif,Rice,266270,377333,1.417106696
Chhattisgarh,MAHASAMUND,2011,Kharif,Sesamum,590,243,0.411864407
Chhattisgarh,MAHASAMUND,2011,Kharif,Small millets,164,23,0.140243902
Chhattisgarh,MAHASAMUND,2011,Kharif,Soyabean,4,4,1
Chhattisgarh,MAHASAMUND,2011,Kharif,Sunflower,568,445,0.783450704
Chhattisgarh,MAHASAMUND,2011,Kharif,Urad,9727,2731,0.280764881
Chhattisgarh,MAHASAMUND,2011,Rabi,Gram,113,115,1.017699115
Chhattisgarh,MAHASAMUND,2011,Rabi,Horse-gram,6,2,0.333333333
Chhattisgarh,MAHASAMUND,2011,Rabi,Khesari,4947,2355,0.476046089
Chhattisgarh,MAHASAMUND,2011,Rabi,Linseed,167,67,0.401197605
Chhattisgarh,MAHASAMUND,2011,Rabi,Masoor,2,1,0.5
Chhattisgarh,MAHASAMUND,2011,Rabi,Moong(Green Gram),391,78,0.199488491
Chhattisgarh,MAHASAMUND,2011,Rabi,Other  Rabi pulses,89,24,0.269662921
Chhattisgarh,MAHASAMUND,2011,Rabi,Peas & beans (Pulses),169,82,0.485207101
Chhattisgarh,MAHASAMUND,2011,Rabi,Potato,131,956,7.297709924
Chhattisgarh,MAHASAMUND,2011,Rabi,Rapeseed &Mustard,121,63,0.520661157
Chhattisgarh,MAHASAMUND,2011,Rabi,Safflower,1,,
Chhattisgarh,MAHASAMUND,2011,Rabi,Urad,10,2,0.2
Chhattisgarh,MAHASAMUND,2011,Rabi,Wheat,1003,1808,1.802592223
Chhattisgarh,MAHASAMUND,2011,Whole Year,Banana,7,358,51.14285714
Chhattisgarh,MAHASAMUND,2011,Whole Year,Coriander,45,21,0.466666667
Chhattisgarh,MAHASAMUND,2011,Whole Year,Dry chillies,310,300,0.967741935
Chhattisgarh,MAHASAMUND,2011,Whole Year,Garlic,5,13,2.6
Chhattisgarh,MAHASAMUND,2011,Whole Year,Onion,109,530,4.862385321
Chhattisgarh,MAHASAMUND,2011,Whole Year,Sannhamp,95,183,1.926315789
Chhattisgarh,MAHASAMUND,2011,Whole Year,Sugarcane,6,56,9.333333333
Chhattisgarh,MAHASAMUND,2011,Whole Year,Sweet potato,4,20,5
Chhattisgarh,MAHASAMUND,2012,Kharif,Arhar/Tur,751,301,0.400798935
Chhattisgarh,MAHASAMUND,2012,Kharif,Groundnut,5531,8427,1.523594287
Chhattisgarh,MAHASAMUND,2012,Kharif,Horse-gram,15,5,0.333333333
Chhattisgarh,MAHASAMUND,2012,Kharif,Jowar,22,15,0.681818182
Chhattisgarh,MAHASAMUND,2012,Kharif,Maize,112,179,1.598214286
Chhattisgarh,MAHASAMUND,2012,Kharif,Mesta,7,18,2.571428571
Chhattisgarh,MAHASAMUND,2012,Kharif,Moong(Green Gram),2843,710,0.249736194
Chhattisgarh,MAHASAMUND,2012,Kharif,Other Kharif pulses,92,33,0.358695652
Chhattisgarh,MAHASAMUND,2012,Kharif,Rice,270962,521880,1.926026528
Chhattisgarh,MAHASAMUND,2012,Kharif,Sesamum,534,156,0.292134831
Chhattisgarh,MAHASAMUND,2012,Kharif,Small millets,140,23,0.164285714
Chhattisgarh,MAHASAMUND,2012,Kharif,Soyabean,2,4,2
Chhattisgarh,MAHASAMUND,2012,Kharif,Sunflower,353,276,0.781869688
Chhattisgarh,MAHASAMUND,2012,Kharif,Urad,9666,2672,0.276432857
Chhattisgarh,MAHASAMUND,2012,Rabi,Barley,1,1,1
Chhattisgarh,MAHASAMUND,2012,Rabi,Gram,214,284,1.327102804
Chhattisgarh,MAHASAMUND,2012,Rabi,Horse-gram,4,1,0.25
Chhattisgarh,MAHASAMUND,2012,Rabi,Khesari,5080,2079,0.409251969
Chhattisgarh,MAHASAMUND,2012,Rabi,Linseed,83,37,0.445783133
Chhattisgarh,MAHASAMUND,2012,Rabi,Masoor,2,1,0.5
Chhattisgarh,MAHASAMUND,2012,Rabi,Moong(Green Gram),422,80,0.18957346
Chhattisgarh,MAHASAMUND,2012,Rabi,Other  Rabi pulses,44,12,0.272727273
Chhattisgarh,MAHASAMUND,2012,Rabi,Peas & beans (Pulses),184,97,0.527173913
Chhattisgarh,MAHASAMUND,2012,Rabi,Potato,189,1699,8.989417989
Chhattisgarh,MAHASAMUND,2012,Rabi,Rapeseed &Mustard,211,117,0.55450237
Chhattisgarh,MAHASAMUND,2012,Rabi,Safflower,1,,
Chhattisgarh,MAHASAMUND,2012,Rabi,Urad,24,6,0.25
Chhattisgarh,MAHASAMUND,2012,Rabi,Wheat,1133,2073,1.829655781
Chhattisgarh,MAHASAMUND,2012,Whole Year,Banana,9,,
Chhattisgarh,MAHASAMUND,2012,Whole Year,Coriander,140,61,0.435714286
Chhattisgarh,MAHASAMUND,2012,Whole Year,Dry chillies,326,394,1.208588957
Chhattisgarh,MAHASAMUND,2012,Whole Year,Dry ginger,7,10,1.428571429
Chhattisgarh,MAHASAMUND,2012,Whole Year,Garlic,5,14,2.8
Chhattisgarh,MAHASAMUND,2012,Whole Year,Onion,243,799,3.288065844
Chhattisgarh,MAHASAMUND,2012,Whole Year,Sannhamp,140,48,0.342857143
Chhattisgarh,MAHASAMUND,2012,Whole Year,Sugarcane,15,45,3
Chhattisgarh,MAHASAMUND,2012,Whole Year,Sweet potato,3,15,5
Chhattisgarh,MAHASAMUND,2012,Whole Year,Turmeric,3,6,2
Chhattisgarh,MAHASAMUND,2013,Kharif,Arhar/Tur,695,261,0.375539568
Chhattisgarh,MAHASAMUND,2013,Kharif,Groundnut,5370,8072,1.503165736
Chhattisgarh,MAHASAMUND,2013,Kharif,Maize,109,191,1.752293578
Chhattisgarh,MAHASAMUND,2013,Kharif,Mesta,35,88,2.514285714
Chhattisgarh,MAHASAMUND,2013,Kharif,Moong(Green Gram),2775,682,0.245765766
Chhattisgarh,MAHASAMUND,2013,Kharif,Other Kharif pulses,100,39,0.39
Chhattisgarh,MAHASAMUND,2013,Kharif,Rice,271381,474504,1.748479076
Chhattisgarh,MAHASAMUND,2013,Kharif,Sannhamp,127,44,0.346456693
Chhattisgarh,MAHASAMUND,2013,Kharif,Sesamum,483,134,0.277432712
Chhattisgarh,MAHASAMUND,2013,Kharif,Small millets,131,22,0.167938931
Chhattisgarh,MAHASAMUND,2013,Kharif,Soyabean,4,4,1
Chhattisgarh,MAHASAMUND,2013,Kharif,Sunflower,371,,
Chhattisgarh,MAHASAMUND,2013,Kharif,Urad,9769,2613,0.267478759
Chhattisgarh,MAHASAMUND,2013,Rabi,Barley,1,1,1
Chhattisgarh,MAHASAMUND,2013,Rabi,Gram,209,191,0.913875598
Chhattisgarh,MAHASAMUND,2013,Rabi,Horse-gram,3,1,0.333333333
Chhattisgarh,MAHASAMUND,2013,Rabi,Khesari,4905,2775,0.565749235
Chhattisgarh,MAHASAMUND,2013,Rabi,Linseed,62,24,0.387096774
Chhattisgarh,MAHASAMUND,2013,Rabi,Masoor,2,1,0.5
Chhattisgarh,MAHASAMUND,2013,Rabi,Moong(Green Gram),332,63,0.189759036
Chhattisgarh,MAHASAMUND,2013,Rabi,Other  Rabi pulses,45,58,1.288888889
Chhattisgarh,MAHASAMUND,2013,Rabi,Peas & beans (Pulses),213,112,0.525821596
Chhattisgarh,MAHASAMUND,2013,Rabi,Potato,134,879,6.559701493
Chhattisgarh,MAHASAMUND,2013,Rabi,Rapeseed &Mustard,197,114,0.578680203
Chhattisgarh,MAHASAMUND,2013,Rabi,Urad,24,6,0.25
Chhattisgarh,MAHASAMUND,2013,Rabi,Wheat,972,1680,1.728395062
Chhattisgarh,MAHASAMUND,2013,Whole Year,Banana,14,715,51.07142857
Chhattisgarh,MAHASAMUND,2013,Whole Year,Coriander,160,67,0.41875
Chhattisgarh,MAHASAMUND,2013,Whole Year,Dry chillies,322,258,0.801242236
Chhattisgarh,MAHASAMUND,2013,Whole Year,Dry ginger,5,7,1.4
Chhattisgarh,MAHASAMUND,2013,Whole Year,Garlic,5,14,2.8
Chhattisgarh,MAHASAMUND,2013,Whole Year,Jowar,23,14,0.608695652
Chhattisgarh,MAHASAMUND,2013,Whole Year,Onion,242,1578,6.520661157
Chhattisgarh,MAHASAMUND,2013,Whole Year,Sugarcane,22,66,3
Chhattisgarh,MAHASAMUND,2013,Whole Year,Sweet potato,3,16,5.333333333
Chhattisgarh,MAHASAMUND,2013,Whole Year,Turmeric,2,4,2
Chhattisgarh,MAHASAMUND,2014,Kharif,Arhar/Tur,696,283,0.406609195
Chhattisgarh,MAHASAMUND,2014,Kharif,Groundnut,5268,6936,1.316628702
Chhattisgarh,MAHASAMUND,2014,Kharif,Horse-gram,8,2,0.25
Chhattisgarh,MAHASAMUND,2014,Kharif,Maize,117,183,1.564102564
Chhattisgarh,MAHASAMUND,2014,Kharif,Mesta,7,18,2.571428571
Chhattisgarh,MAHASAMUND,2014,Kharif,Moong(Green Gram),2776,682,0.245677233
Chhattisgarh,MAHASAMUND,2014,Kharif,Other Kharif pulses,103,36,0.349514563
Chhattisgarh,MAHASAMUND,2014,Kharif,Rice,272551,510063,1.871440574
Chhattisgarh,MAHASAMUND,2014,Kharif,Sannhamp,154,54,0.350649351
Chhattisgarh,MAHASAMUND,2014,Kharif,Sesamum,416,193,0.463942308
Chhattisgarh,MAHASAMUND,2014,Kharif,Small millets,133,26,0.195488722
Chhattisgarh,MAHASAMUND,2014,Kharif,Soyabean,2,3,1.5
Chhattisgarh,MAHASAMUND,2014,Kharif,Sunflower,488,294,0.602459016
Chhattisgarh,MAHASAMUND,2014,Kharif,Urad,9869,2640,0.267504306
Chhattisgarh,MAHASAMUND,2014,Rabi,Barley,1,1,1
Chhattisgarh,MAHASAMUND,2014,Rabi,Gram,262,194,0.740458015
Chhattisgarh,MAHASAMUND,2014,Rabi,Horse-gram,2,1,0.5
Chhattisgarh,MAHASAMUND,2014,Rabi,Khesari,4821,4612,0.956647998
Chhattisgarh,MAHASAMUND,2014,Rabi,Linseed,26,10,0.384615385
Chhattisgarh,MAHASAMUND,2014,Rabi,Masoor,2,1,0.5
Chhattisgarh,MAHASAMUND,2014,Rabi,Moong(Green Gram),342,64,0.187134503
Chhattisgarh,MAHASAMUND,2014,Rabi,Other  Rabi pulses,84,15,0.178571429
Chhattisgarh,MAHASAMUND,2014,Rabi,Peas & beans (Pulses),164,87,0.530487805
Chhattisgarh,MAHASAMUND,2014,Rabi,Potato,136,1009,7.419117647
Chhattisgarh,MAHASAMUND,2014,Rabi,Rapeseed &Mustard,167,88,0.526946108
Chhattisgarh,MAHASAMUND,2014,Rabi,Urad,27,6,0.222222222
Chhattisgarh,MAHASAMUND,2014,Rabi,Wheat,984,1942,1.973577236
Chhattisgarh,MAHASAMUND,2014,Whole Year,Banana,19,832,43.78947368
Chhattisgarh,MAHASAMUND,2014,Whole Year,Coriander,49,20,0.408163265
Chhattisgarh,MAHASAMUND,2014,Whole Year,Dry chillies,330,193,0.584848485
Chhattisgarh,MAHASAMUND,2014,Whole Year,Dry ginger,5,50,10
Chhattisgarh,MAHASAMUND,2014,Whole Year,Garlic,6,17,2.833333333
Chhattisgarh,MAHASAMUND,2014,Whole Year,Jowar,24,19,0.791666667
Chhattisgarh,MAHASAMUND,2014,Whole Year,Onion,242,2087,8.623966942
Chhattisgarh,MAHASAMUND,2014,Whole Year,Sugarcane,12,72,6
Chhattisgarh,MAHASAMUND,2014,Whole Year,Sweet potato,3,,
Chhattisgarh,MAHASAMUND,2014,Whole Year,Turmeric,7,11,1.571428571
Chhattisgarh,MUNGELI,2011,Kharif,Arhar/Tur,1987,1027,0.516859587
Chhattisgarh,MUNGELI,2011,Kharif,Castor seed,4,1,0.25
Chhattisgarh,MUNGELI,2011,Kharif,Groundnut,729,1139,1.562414266
Chhattisgarh,MUNGELI,2011,Kharif,Jowar,1,1,1
Chhattisgarh,MUNGELI,2011,Kharif,Jute,38,,
Chhattisgarh,MUNGELI,2011,Kharif,Maize,200,275,1.375
Chhattisgarh,MUNGELI,2011,Kharif,Moong(Green Gram),25,6,0.24
Chhattisgarh,MUNGELI,2011,Kharif,Other Kharif pulses,63,30,0.476190476
Chhattisgarh,MUNGELI,2011,Kharif,Rice,108233,213753,1.974933708
Chhattisgarh,MUNGELI,2011,Kharif,Sesamum,59,23,0.389830508
Chhattisgarh,MUNGELI,2011,Kharif,Small millets,732,211,0.288251366
Chhattisgarh,MUNGELI,2011,Kharif,Soyabean,4989,4885,0.979154139
Chhattisgarh,MUNGELI,2011,Kharif,Urad,101,23,0.227722772
Chhattisgarh,MUNGELI,2011,Rabi,Gram,15833,15932,1.006252763
Chhattisgarh,MUNGELI,2011,Rabi,Khesari,62697,48452,0.772796147
Chhattisgarh,MUNGELI,2011,Rabi,Linseed,336,115,0.342261905
Chhattisgarh,MUNGELI,2011,Rabi,Masoor,803,257,0.320049813
Chhattisgarh,MUNGELI,2011,Rabi,Moong(Green Gram),6,1,0.166666667
Chhattisgarh,MUNGELI,2011,Rabi,Other  Rabi pulses,116,48,0.413793103
Chhattisgarh,MUNGELI,2011,Rabi,Peas & beans (Pulses),256,91,0.35546875
Chhattisgarh,MUNGELI,2011,Rabi,Potato,129,736,5.705426357
Chhattisgarh,MUNGELI,2011,Rabi,Rapeseed &Mustard,54,23,0.425925926
Chhattisgarh,MUNGELI,2011,Rabi,Safflower,120,45,0.375
Chhattisgarh,MUNGELI,2011,Rabi,Urad,46,11,0.239130435
Chhattisgarh,MUNGELI,2011,Rabi,Wheat,5890,7549,1.281663837
Chhattisgarh,MUNGELI,2011,Whole Year,Banana,12,409,34.08333333
Chhattisgarh,MUNGELI,2011,Whole Year,Coriander,165,44,0.266666667
Chhattisgarh,MUNGELI,2011,Whole Year,Dry chillies,280,207,0.739285714
Chhattisgarh,MUNGELI,2011,Whole Year,Dry ginger,105,132,1.257142857
Chhattisgarh,MUNGELI,2011,Whole Year,Onion,200,1186,5.93
Chhattisgarh,MUNGELI,2011,Whole Year,Sugarcane,234,1308,5.58974359
Chhattisgarh,MUNGELI,2011,Whole Year,Sweet potato,16,104,6.5
Chhattisgarh,MUNGELI,2012,Kharif,Arhar/Tur,1745,1150,0.659025788
Chhattisgarh,MUNGELI,2012,Kharif,Castor seed,5,2,0.4
Chhattisgarh,MUNGELI,2012,Kharif,Groundnut,759,965,1.27140975
Chhattisgarh,MUNGELI,2012,Kharif,Jowar,1,1,1
Chhattisgarh,MUNGELI,2012,Kharif,Jute,38,,
Chhattisgarh,MUNGELI,2012,Kharif,Maize,201,357,1.776119403
Chhattisgarh,MUNGELI,2012,Kharif,Moong(Green Gram),19,5,0.263157895
Chhattisgarh,MUNGELI,2012,Kharif,Other Kharif pulses,68,34,0.5
Chhattisgarh,MUNGELI,2012,Kharif,Rice,108920,245868,2.257326478
Chhattisgarh,MUNGELI,2012,Kharif,Sesamum,56,15,0.267857143
Chhattisgarh,MUNGELI,2012,Kharif,Small millets,668,197,0.29491018
Chhattisgarh,MUNGELI,2012,Kharif,Soyabean,5386,9344,1.734868177
Chhattisgarh,MUNGELI,2012,Kharif,Urad,87,22,0.252873563
Chhattisgarh,MUNGELI,2012,Rabi,Gram,15808,19975,1.263600709
Chhattisgarh,MUNGELI,2012,Rabi,Khesari,62985,35456,0.562927681
Chhattisgarh,MUNGELI,2012,Rabi,Linseed,345,144,0.417391304
Chhattisgarh,MUNGELI,2012,Rabi,Masoor,843,283,0.335705813
Chhattisgarh,MUNGELI,2012,Rabi,Moong(Green Gram),2,1,0.5
Chhattisgarh,MUNGELI,2012,Rabi,Other  Rabi pulses,57,24,0.421052632
Chhattisgarh,MUNGELI,2012,Rabi,Peas & beans (Pulses),246,97,0.394308943
Chhattisgarh,MUNGELI,2012,Rabi,Potato,123,1046,8.504065041
Chhattisgarh,MUNGELI,2012,Rabi,Rapeseed &Mustard,42,17,0.404761905
Chhattisgarh,MUNGELI,2012,Rabi,Safflower,134,51,0.380597015
Chhattisgarh,MUNGELI,2012,Rabi,Urad,41,10,0.243902439
Chhattisgarh,MUNGELI,2012,Rabi,Wheat,5734,8276,1.443320544
Chhattisgarh,MUNGELI,2012,Whole Year,Banana,12,331,27.58333333
Chhattisgarh,MUNGELI,2012,Whole Year,Coriander,196,57,0.290816327
Chhattisgarh,MUNGELI,2012,Whole Year,Dry chillies,265,280,1.056603774
Chhattisgarh,MUNGELI,2012,Whole Year,Garlic,1,4,4
Chhattisgarh,MUNGELI,2012,Whole Year,Onion,211,840,3.981042654
Chhattisgarh,MUNGELI,2012,Whole Year,Sugarcane,231,830,3.593073593
Chhattisgarh,MUNGELI,2012,Whole Year,Sweet potato,16,104,6.5
Chhattisgarh,MUNGELI,2013,Kharif,Arhar/Tur,1740,1118,0.642528736
Chhattisgarh,MUNGELI,2013,Kharif,Groundnut,728,1029,1.413461538
Chhattisgarh,MUNGELI,2013,Kharif,Jute,37,,
Chhattisgarh,MUNGELI,2013,Kharif,Maize,183,343,1.87431694
Chhattisgarh,MUNGELI,2013,Kharif,Moong(Green Gram),19,5,0.263157895
Chhattisgarh,MUNGELI,2013,Kharif,Other Kharif pulses,66,34,0.515151515
Chhattisgarh,MUNGELI,2013,Kharif,Rice,108812,187778,1.7257104
Chhattisgarh,MUNGELI,2013,Kharif,Sesamum,50,14,0.28
Chhattisgarh,MUNGELI,2013,Kharif,Small millets,614,206,0.335504886
Chhattisgarh,MUNGELI,2013,Kharif,Soyabean,4400,5497,1.249318182
Chhattisgarh,MUNGELI,2013,Kharif,Urad,86,22,0.255813953
Chhattisgarh,MUNGELI,2013,Rabi,Castor seed,4,2,0.5
Chhattisgarh,MUNGELI,2013,Rabi,Gram,16066,14080,0.876384912
Chhattisgarh,MUNGELI,2013,Rabi,Khesari,63115,42569,0.674467242
Chhattisgarh,MUNGELI,2013,Rabi,Linseed,356,132,0.370786517
Chhattisgarh,MUNGELI,2013,Rabi,Masoor,826,291,0.352300242
Chhattisgarh,MUNGELI,2013,Rabi,Moong(Green Gram),2,1,0.5
Chhattisgarh,MUNGELI,2013,Rabi,Other  Rabi pulses,38,62,1.631578947
Chhattisgarh,MUNGELI,2013,Rabi,Peas & beans (Pulses),260,102,0.392307692
Chhattisgarh,MUNGELI,2013,Rabi,Potato,117,673,5.752136752
Chhattisgarh,MUNGELI,2013,Rabi,Rapeseed &Mustard,37,18,0.486486486
Chhattisgarh,MUNGELI,2013,Rabi,Safflower,114,48,0.421052632
Chhattisgarh,MUNGELI,2013,Rabi,Urad,40,10,0.25
Chhattisgarh,MUNGELI,2013,Rabi,Wheat,5829,7408,1.270886945
Chhattisgarh,MUNGELI,2013,Whole Year,Banana,13,443,34.07692308
Chhattisgarh,MUNGELI,2013,Whole Year,Coriander,228,66,0.289473684
Chhattisgarh,MUNGELI,2013,Whole Year,Dry chillies,268,178,0.664179104
Chhattisgarh,MUNGELI,2013,Whole Year,Garlic,1,4,4
Chhattisgarh,MUNGELI,2013,Whole Year,Jowar,1,1,1
Chhattisgarh,MUNGELI,2013,Whole Year,Onion,205,1653,8.063414634
Chhattisgarh,MUNGELI,2013,Whole Year,Sugarcane,246,822,3.341463415
Chhattisgarh,MUNGELI,2013,Whole Year,Sweet potato,14,91,6.5
Chhattisgarh,MUNGELI,2014,Kharif,Arhar/Tur,1682,1110,0.659928656
Chhattisgarh,MUNGELI,2014,Kharif,Groundnut,763,986,1.292267366
Chhattisgarh,MUNGELI,2014,Kharif,Jute,36,,
Chhattisgarh,MUNGELI,2014,Kharif,Maize,181,329,1.817679558
Chhattisgarh,MUNGELI,2014,Kharif,Moong(Green Gram),17,4,0.235294118
Chhattisgarh,MUNGELI,2014,Kharif,Other Kharif pulses,67,32,0.47761194
Chhattisgarh,MUNGELI,2014,Kharif,Rice,108824,220811,2.02906528
Chhattisgarh,MUNGELI,2014,Kharif,Sesamum,50,23,0.46
Chhattisgarh,MUNGELI,2014,Kharif,Small millets,461,173,0.37527115
Chhattisgarh,MUNGELI,2014,Kharif,Soyabean,6186,5344,0.863886195
Chhattisgarh,MUNGELI,2014,Kharif,Urad,84,21,0.25
Chhattisgarh,MUNGELI,2014,Rabi,Castor seed,4,1,0.25
Chhattisgarh,MUNGELI,2014,Rabi,Gram,16524,14660,0.887194384
Chhattisgarh,MUNGELI,2014,Rabi,Khesari,96725,75108,0.776510726
Chhattisgarh,MUNGELI,2014,Rabi,Linseed,305,122,0.4
Chhattisgarh,MUNGELI,2014,Rabi,Masoor,785,264,0.336305732
Chhattisgarh,MUNGELI,2014,Rabi,Moong(Green Gram),2,1,0.5
Chhattisgarh,MUNGELI,2014,Rabi,Other  Rabi pulses,48,19,0.395833333
Chhattisgarh,MUNGELI,2014,Rabi,Peas & beans (Pulses),235,88,0.374468085
Chhattisgarh,MUNGELI,2014,Rabi,Potato,103,670,6.504854369
Chhattisgarh,MUNGELI,2014,Rabi,Rapeseed &Mustard,29,14,0.482758621
Chhattisgarh,MUNGELI,2014,Rabi,Safflower,182,73,0.401098901
Chhattisgarh,MUNGELI,2014,Rabi,Urad,34,8,0.235294118
Chhattisgarh,MUNGELI,2014,Rabi,Wheat,5579,8348,1.496325506
Chhattisgarh,MUNGELI,2014,Whole Year,Banana,15,554,36.93333333
Chhattisgarh,MUNGELI,2014,Whole Year,Coriander,288,77,0.267361111
Chhattisgarh,MUNGELI,2014,Whole Year,Dry chillies,238,119,0.5
Chhattisgarh,MUNGELI,2014,Whole Year,Jowar,1,1,1
Chhattisgarh,MUNGELI,2014,Whole Year,Onion,193,2050,10.62176166
Chhattisgarh,MUNGELI,2014,Whole Year,Sugarcane,149,1620,10.87248322
Chhattisgarh,MUNGELI,2014,Whole Year,Sweet potato,14,91,6.5
Chhattisgarh,NARAYANPUR,2005,Kharif,Mesta,18,52,2.888888889
Chhattisgarh,NARAYANPUR,2006,Kharif,Arhar/Tur,108,,
Chhattisgarh,NARAYANPUR,2006,Kharif,Horse-gram,1881,,
Chhattisgarh,NARAYANPUR,2006,Kharif,Jowar,6,,
Chhattisgarh,NARAYANPUR,2006,Kharif,Maize,1211,,
Chhattisgarh,NARAYANPUR,2006,Kharif,Moong(Green Gram),21,,
Chhattisgarh,NARAYANPUR,2006,Kharif,Niger seed,674,,
Chhattisgarh,NARAYANPUR,2006,Kharif,Other Kharif pulses,22,,
Chhattisgarh,NARAYANPUR,2006,Kharif,Ragi,368,,
Chhattisgarh,NARAYANPUR,2006,Kharif,Rice,23578,,
Chhattisgarh,NARAYANPUR,2006,Kharif,Sesamum,64,,
Chhattisgarh,NARAYANPUR,2006,Kharif,Small millets,3220,1,0.000310559
Chhattisgarh,NARAYANPUR,2006,Kharif,Soyabean,1,,
Chhattisgarh,NARAYANPUR,2006,Kharif,Urad,1434,,
Chhattisgarh,NARAYANPUR,2006,Rabi,Gram,30,,
Chhattisgarh,NARAYANPUR,2006,Rabi,Horse-gram,5,,
Chhattisgarh,NARAYANPUR,2006,Rabi,Linseed,26,,
Chhattisgarh,NARAYANPUR,2006,Rabi,Peas & beans (Pulses),20,,
Chhattisgarh,NARAYANPUR,2006,Rabi,Rapeseed &Mustard,585,,
Chhattisgarh,NARAYANPUR,2006,Rabi,Wheat,8,,
Chhattisgarh,NARAYANPUR,2006,Whole Year,Banana,2,,
Chhattisgarh,NARAYANPUR,2006,Whole Year,Coriander,1,,
Chhattisgarh,NARAYANPUR,2006,Whole Year,Dry chillies,21,,
Chhattisgarh,NARAYANPUR,2006,Whole Year,Onion,2,,
Chhattisgarh,NARAYANPUR,2006,Whole Year,Sugarcane,4,,
Chhattisgarh,NARAYANPUR,2006,Whole Year,Sweet potato,18,,
Chhattisgarh,NARAYANPUR,2006,Whole Year,Turmeric,1,,
Chhattisgarh,NARAYANPUR,2007,Kharif,Arhar/Tur,85,55,0.647058824
Chhattisgarh,NARAYANPUR,2007,Kharif,Horse-gram,2026,718,0.354392892
Chhattisgarh,NARAYANPUR,2007,Kharif,Jowar,6,5,0.833333333
Chhattisgarh,NARAYANPUR,2007,Kharif,Maize,1004,1788,1.780876494
Chhattisgarh,NARAYANPUR,2007,Kharif,Moong(Green Gram),7,3,0.428571429
Chhattisgarh,NARAYANPUR,2007,Kharif,Niger seed,730,167,0.228767123
Chhattisgarh,NARAYANPUR,2007,Kharif,Other Kharif pulses,27,1,0.037037037
Chhattisgarh,NARAYANPUR,2007,Kharif,Ragi,321,88,0.274143302
Chhattisgarh,NARAYANPUR,2007,Kharif,Rice,24164,35631,1.474548916
Chhattisgarh,NARAYANPUR,2007,Kharif,Sesamum,41,18,0.43902439
Chhattisgarh,NARAYANPUR,2007,Kharif,Small millets,2952,656,0.222222222
Chhattisgarh,NARAYANPUR,2007,Kharif,Urad,1399,527,0.376697641
Chhattisgarh,NARAYANPUR,2007,Rabi,Gram,51,46,0.901960784
Chhattisgarh,NARAYANPUR,2007,Rabi,Linseed,5,2,0.4
Chhattisgarh,NARAYANPUR,2007,Rabi,Peas & beans (Pulses),38,11,0.289473684
Chhattisgarh,NARAYANPUR,2007,Rabi,Potato,1,9,9
Chhattisgarh,NARAYANPUR,2007,Rabi,Rapeseed &Mustard,379,178,0.469656992
Chhattisgarh,NARAYANPUR,2007,Rabi,Wheat,12,21,1.75
Chhattisgarh,NARAYANPUR,2007,Whole Year,Banana,3,130,43.33333333
Chhattisgarh,NARAYANPUR,2007,Whole Year,Coriander,5,1,0.2
Chhattisgarh,NARAYANPUR,2007,Whole Year,Dry chillies,23,14,0.608695652
Chhattisgarh,NARAYANPUR,2007,Whole Year,Dry ginger,1,1,1
Chhattisgarh,NARAYANPUR,2007,Whole Year,Onion,1,9,9
Chhattisgarh,NARAYANPUR,2007,Whole Year,Sugarcane,2,7,3.5
Chhattisgarh,NARAYANPUR,2007,Whole Year,Sweet potato,15,85,5.666666667
Chhattisgarh,NARAYANPUR,2007,Whole Year,Turmeric,1,1,1
Chhattisgarh,NARAYANPUR,2008,Kharif,Arhar/Tur,84,56,0.666666667
Chhattisgarh,NARAYANPUR,2008,Kharif,Horse-gram,2027,706,0.348297977
Chhattisgarh,NARAYANPUR,2008,Kharif,Jowar,5,7,1.4
Chhattisgarh,NARAYANPUR,2008,Kharif,Maize,1006,1613,1.603379722
Chhattisgarh,NARAYANPUR,2008,Kharif,Moong(Green Gram),7,3,0.428571429
Chhattisgarh,NARAYANPUR,2008,Kharif,Niger seed,731,153,0.209302326
Chhattisgarh,NARAYANPUR,2008,Kharif,Other Kharif pulses,19,1,0.052631579
Chhattisgarh,NARAYANPUR,2008,Kharif,Ragi,319,105,0.329153605
Chhattisgarh,NARAYANPUR,2008,Kharif,Rice,24165,37898,1.568301262
Chhattisgarh,NARAYANPUR,2008,Kharif,Sesamum,40,14,0.35
Chhattisgarh,NARAYANPUR,2008,Kharif,Small millets,2945,483,0.164006791
Chhattisgarh,NARAYANPUR,2008,Kharif,Urad,1400,519,0.370714286
Chhattisgarh,NARAYANPUR,2008,Rabi,Gram,53,41,0.773584906
Chhattisgarh,NARAYANPUR,2008,Rabi,Khesari,1,1,1
Chhattisgarh,NARAYANPUR,2008,Rabi,Linseed,4,2,0.5
Chhattisgarh,NARAYANPUR,2008,Rabi,Peas & beans (Pulses),38,11,0.289473684
Chhattisgarh,NARAYANPUR,2008,Rabi,Potato,1,5,5
Chhattisgarh,NARAYANPUR,2008,Rabi,Rapeseed &Mustard,376,134,0.356382979
Chhattisgarh,NARAYANPUR,2008,Rabi,Wheat,13,14,1.076923077
Chhattisgarh,NARAYANPUR,2008,Whole Year,Banana,3,70,23.33333333
Chhattisgarh,NARAYANPUR,2008,Whole Year,Coriander,4,12,3
Chhattisgarh,NARAYANPUR,2008,Whole Year,Dry chillies,8,3,0.375
Chhattisgarh,NARAYANPUR,2008,Whole Year,Dry ginger,1,1,1
Chhattisgarh,NARAYANPUR,2008,Whole Year,Onion,1,6,6
Chhattisgarh,NARAYANPUR,2008,Whole Year,Sugarcane,2,6,3
Chhattisgarh,NARAYANPUR,2008,Whole Year,Sweet potato,15,89,5.933333333
Chhattisgarh,NARAYANPUR,2008,Whole Year,Turmeric,1,1,1
Chhattisgarh,NARAYANPUR,2009,Kharif,Arhar/Tur,95,55,0.578947368
Chhattisgarh,NARAYANPUR,2009,Kharif,Horse-gram,2030,611,0.300985222
Chhattisgarh,NARAYANPUR,2009,Kharif,Jowar,5,7,1.4
Chhattisgarh,NARAYANPUR,2009,Kharif,Maize,957,1760,1.83908046
Chhattisgarh,NARAYANPUR,2009,Kharif,Moong(Green Gram),7,2,0.285714286
Chhattisgarh,NARAYANPUR,2009,Kharif,Niger seed,737,124,0.168249661
Chhattisgarh,NARAYANPUR,2009,Kharif,Other Kharif pulses,19,2,0.105263158
Chhattisgarh,NARAYANPUR,2009,Kharif,Ragi,307,82,0.267100977
Chhattisgarh,NARAYANPUR,2009,Kharif,Rice,24099,26366,1.094070293
Chhattisgarh,NARAYANPUR,2009,Kharif,Sesamum,39,20,0.512820513
Chhattisgarh,NARAYANPUR,2009,Kharif,Small millets,2962,457,0.154287643
Chhattisgarh,NARAYANPUR,2009,Kharif,Urad,1383,459,0.331887202
Chhattisgarh,NARAYANPUR,2009,Rabi,Gram,42,44,1.047619048
Chhattisgarh,NARAYANPUR,2009,Rabi,Linseed,5,3,0.6
Chhattisgarh,NARAYANPUR,2009,Rabi,Other  Rabi pulses,19,,
Chhattisgarh,NARAYANPUR,2009,Rabi,Peas & beans (Pulses),13,4,0.307692308
Chhattisgarh,NARAYANPUR,2009,Rabi,Rapeseed &Mustard,229,140,0.611353712
Chhattisgarh,NARAYANPUR,2009,Rabi,Wheat,12,22,1.833333333
Chhattisgarh,NARAYANPUR,2009,Whole Year,Banana,4,327,81.75
Chhattisgarh,NARAYANPUR,2009,Whole Year,Coriander,8,2,0.25
Chhattisgarh,NARAYANPUR,2009,Whole Year,Dry chillies,20,8,0.4
Chhattisgarh,NARAYANPUR,2009,Whole Year,Dry ginger,1,,
Chhattisgarh,NARAYANPUR,2009,Whole Year,Onion,1,4,4
Chhattisgarh,NARAYANPUR,2009,Whole Year,Sugarcane,2,,
Chhattisgarh,NARAYANPUR,2009,Whole Year,Sweet potato,17,99,5.823529412
Chhattisgarh,NARAYANPUR,2009,Whole Year,Turmeric,1,1,1
Chhattisgarh,NARAYANPUR,2010,Kharif,Arhar/Tur,121,69,0.570247934
Chhattisgarh,NARAYANPUR,2010,Kharif,Horse-gram,3212,1176,0.366127024
Chhattisgarh,NARAYANPUR,2010,Kharif,Jowar,5,9,1.8
Chhattisgarh,NARAYANPUR,2010,Kharif,Maize,3254,6525,2.005224339
Chhattisgarh,NARAYANPUR,2010,Kharif,Moong(Green Gram),1,,
Chhattisgarh,NARAYANPUR,2010,Kharif,Niger seed,2509,598,0.238341969
Chhattisgarh,NARAYANPUR,2010,Kharif,Other Kharif pulses,18,3,0.166666667
Chhattisgarh,NARAYANPUR,2010,Kharif,Ragi,347,97,0.279538905
Chhattisgarh,NARAYANPUR,2010,Kharif,Rice,29917,51571,1.72380252
Chhattisgarh,NARAYANPUR,2010,Kharif,Sesamum,53,23,0.433962264
Chhattisgarh,NARAYANPUR,2010,Kharif,Small millets,3663,700,0.191100191
Chhattisgarh,NARAYANPUR,2010,Kharif,Urad,3482,1428,0.410109133
Chhattisgarh,NARAYANPUR,2010,Rabi,Gram,76,78,1.026315789
Chhattisgarh,NARAYANPUR,2010,Rabi,Khesari,30,14,0.466666667
Chhattisgarh,NARAYANPUR,2010,Rabi,Linseed,5,1,0.2
Chhattisgarh,NARAYANPUR,2010,Rabi,Other  Rabi pulses,23,,
Chhattisgarh,NARAYANPUR,2010,Rabi,Peas & beans (Pulses),94,29,0.308510638
Chhattisgarh,NARAYANPUR,2010,Rabi,Rapeseed &Mustard,1336,776,0.580838323
Chhattisgarh,NARAYANPUR,2010,Rabi,Wheat,17,33,1.941176471
Chhattisgarh,NARAYANPUR,2010,Whole Year,Banana,4,160,40
Chhattisgarh,NARAYANPUR,2010,Whole Year,Coriander,7,2,0.285714286
Chhattisgarh,NARAYANPUR,2010,Whole Year,Dry chillies,15,6,0.4
Chhattisgarh,NARAYANPUR,2010,Whole Year,Dry ginger,1,1,1
Chhattisgarh,NARAYANPUR,2010,Whole Year,Onion,8,40,5
Chhattisgarh,NARAYANPUR,2010,Whole Year,Potato,6,54,9
Chhattisgarh,NARAYANPUR,2010,Whole Year,Sannhamp,2,,
Chhattisgarh,NARAYANPUR,2010,Whole Year,Sugarcane,5,9,1.8
Chhattisgarh,NARAYANPUR,2010,Whole Year,Sweet potato,18,105,5.833333333
Chhattisgarh,NARAYANPUR,2010,Whole Year,Turmeric,1,1,1
Chhattisgarh,NARAYANPUR,2011,Kharif,Arhar/Tur,118,36,0.305084746
Chhattisgarh,NARAYANPUR,2011,Kharif,Horse-gram,1852,678,0.366090713
Chhattisgarh,NARAYANPUR,2011,Kharif,Jowar,10,10,1
Chhattisgarh,NARAYANPUR,2011,Kharif,Maize,1090,2248,2.062385321
Chhattisgarh,NARAYANPUR,2011,Kharif,Moong(Green Gram),8,2,0.25
Chhattisgarh,NARAYANPUR,2011,Kharif,Niger seed,574,116,0.202090592
Chhattisgarh,NARAYANPUR,2011,Kharif,Other Kharif pulses,13,,
Chhattisgarh,NARAYANPUR,2011,Kharif,Ragi,342,94,0.274853801
Chhattisgarh,NARAYANPUR,2011,Kharif,Rice,23961,26115,1.089896081
Chhattisgarh,NARAYANPUR,2011,Kharif,Sesamum,34,19,0.558823529
Chhattisgarh,NARAYANPUR,2011,Kharif,Small millets,2841,563,0.198169659
Chhattisgarh,NARAYANPUR,2011,Kharif,Urad,1286,527,0.409797823
Chhattisgarh,NARAYANPUR,2011,Rabi,Gram,32,29,0.90625
Chhattisgarh,NARAYANPUR,2011,Rabi,Linseed,3,2,0.666666667
Chhattisgarh,NARAYANPUR,2011,Rabi,Other  Rabi pulses,29,,
Chhattisgarh,NARAYANPUR,2011,Rabi,Peas & beans (Pulses),5,1,0.2
Chhattisgarh,NARAYANPUR,2011,Rabi,Potato,1,6,6
Chhattisgarh,NARAYANPUR,2011,Rabi,Rapeseed &Mustard,258,174,0.674418605
Chhattisgarh,NARAYANPUR,2011,Rabi,Wheat,7,14,2
Chhattisgarh,NARAYANPUR,2011,Whole Year,Banana,6,200,33.33333333
Chhattisgarh,NARAYANPUR,2011,Whole Year,Coriander,6,1,0.166666667
Chhattisgarh,NARAYANPUR,2011,Whole Year,Dry chillies,17,14,0.823529412
Chhattisgarh,NARAYANPUR,2011,Whole Year,Sannhamp,1,3,3
Chhattisgarh,NARAYANPUR,2011,Whole Year,Sugarcane,3,13,4.333333333
Chhattisgarh,NARAYANPUR,2011,Whole Year,Sweet potato,13,62,4.769230769
Chhattisgarh,NARAYANPUR,2011,Whole Year,Turmeric,2,2,1
Chhattisgarh,NARAYANPUR,2012,Kharif,Arhar/Tur,111,58,0.522522523
Chhattisgarh,NARAYANPUR,2012,Kharif,Horse-gram,1826,593,0.32475356
Chhattisgarh,NARAYANPUR,2012,Kharif,Jowar,10,7,0.7
Chhattisgarh,NARAYANPUR,2012,Kharif,Maize,1133,2664,2.351279788
Chhattisgarh,NARAYANPUR,2012,Kharif,Moong(Green Gram),11,4,0.363636364
Chhattisgarh,NARAYANPUR,2012,Kharif,Niger seed,581,128,0.220309811
Chhattisgarh,NARAYANPUR,2012,Kharif,Other Kharif pulses,13,1,0.076923077
Chhattisgarh,NARAYANPUR,2012,Kharif,Ragi,346,69,0.199421965
Chhattisgarh,NARAYANPUR,2012,Kharif,Rice,24207,34894,1.441483868
Chhattisgarh,NARAYANPUR,2012,Kharif,Sesamum,33,8,0.242424242
Chhattisgarh,NARAYANPUR,2012,Kharif,Small millets,2667,460,0.17247844
Chhattisgarh,NARAYANPUR,2012,Kharif,Urad,1309,452,0.345301757
Chhattisgarh,NARAYANPUR,2012,Rabi,Gram,45,60,1.333333333
Chhattisgarh,NARAYANPUR,2012,Rabi,Linseed,3,2,0.666666667
Chhattisgarh,NARAYANPUR,2012,Rabi,Other  Rabi pulses,21,,
Chhattisgarh,NARAYANPUR,2012,Rabi,Peas & beans (Pulses),16,4,0.25
Chhattisgarh,NARAYANPUR,2012,Rabi,Rapeseed &Mustard,198,150,0.757575758
Chhattisgarh,NARAYANPUR,2012,Rabi,Wheat,20,44,2.2
Chhattisgarh,NARAYANPUR,2012,Whole Year,Banana,6,60,10
Chhattisgarh,NARAYANPUR,2012,Whole Year,Coriander,1,,
Chhattisgarh,NARAYANPUR,2012,Whole Year,Dry chillies,10,11,1.1
Chhattisgarh,NARAYANPUR,2012,Whole Year,Sugarcane,3,11,3.666666667
Chhattisgarh,NARAYANPUR,2012,Whole Year,Sweet potato,12,40,3.333333333
Chhattisgarh,NARAYANPUR,2012,Whole Year,Turmeric,2,1,0.5
Chhattisgarh,NARAYANPUR,2013,Kharif,Arhar/Tur,113,64,0.566371681
Chhattisgarh,NARAYANPUR,2013,Kharif,Horse-gram,1870,618,0.330481283
Chhattisgarh,NARAYANPUR,2013,Kharif,Maize,1177,2759,2.344095157
Chhattisgarh,NARAYANPUR,2013,Kharif,Moong(Green Gram),11,4,0.363636364
Chhattisgarh,NARAYANPUR,2013,Kharif,Niger seed,623,87,0.13964687
Chhattisgarh,NARAYANPUR,2013,Kharif,Other Kharif pulses,12,1,0.083333333
Chhattisgarh,NARAYANPUR,2013,Kharif,Ragi,339,85,0.250737463
Chhattisgarh,NARAYANPUR,2013,Kharif,Rice,24627,39302,1.595890689
Chhattisgarh,NARAYANPUR,2013,Kharif,Sesamum,32,8,0.25
Chhattisgarh,NARAYANPUR,2013,Kharif,Small millets,2527,455,0.180055402
Chhattisgarh,NARAYANPUR,2013,Kharif,Urad,1396,490,0.351002865
Chhattisgarh,NARAYANPUR,2013,Rabi,Gram,49,34,0.693877551
Chhattisgarh,NARAYANPUR,2013,Rabi,Horse-gram,7,2,0.285714286
Chhattisgarh,NARAYANPUR,2013,Rabi,Khesari,9,6,0.666666667
Chhattisgarh,NARAYANPUR,2013,Rabi,Linseed,2,1,0.5
Chhattisgarh,NARAYANPUR,2013,Rabi,Other  Rabi pulses,18,18,1
Chhattisgarh,NARAYANPUR,2013,Rabi,Peas & beans (Pulses),11,3,0.272727273
Chhattisgarh,NARAYANPUR,2013,Rabi,Rapeseed &Mustard,200,134,0.67
Chhattisgarh,NARAYANPUR,2013,Rabi,Wheat,16,34,2.125
Chhattisgarh,NARAYANPUR,2013,Whole Year,Banana,4,154,38.5
Chhattisgarh,NARAYANPUR,2013,Whole Year,Coriander,2,1,0.5
Chhattisgarh,NARAYANPUR,2013,Whole Year,Dry chillies,12,9,0.75
Chhattisgarh,NARAYANPUR,2013,Whole Year,Dry ginger,2,2,1
Chhattisgarh,NARAYANPUR,2013,Whole Year,Jowar,10,6,0.6
Chhattisgarh,NARAYANPUR,2013,Whole Year,Sugarcane,5,15,3
Chhattisgarh,NARAYANPUR,2013,Whole Year,Sweet potato,10,58,5.8
Chhattisgarh,NARAYANPUR,2013,Whole Year,Turmeric,2,1,0.5
Chhattisgarh,NARAYANPUR,2014,Kharif,Arhar/Tur,108,50,0.462962963
Chhattisgarh,NARAYANPUR,2014,Kharif,Horse-gram,1855,493,0.265768194
Chhattisgarh,NARAYANPUR,2014,Kharif,Maize,1202,2406,2.001663894
Chhattisgarh,NARAYANPUR,2014,Kharif,Moong(Green Gram),7,2,0.285714286
Chhattisgarh,NARAYANPUR,2014,Kharif,Niger seed,618,129,0.208737864
Chhattisgarh,NARAYANPUR,2014,Kharif,Other Kharif pulses,12,2,0.166666667
Chhattisgarh,NARAYANPUR,2014,Kharif,Ragi,366,105,0.286885246
Chhattisgarh,NARAYANPUR,2014,Kharif,Rice,24856,44005,1.77039749
Chhattisgarh,NARAYANPUR,2014,Kharif,Sesamum,27,13,0.481481481
Chhattisgarh,NARAYANPUR,2014,Kharif,Small millets,2460,480,0.195121951
Chhattisgarh,NARAYANPUR,2014,Kharif,Urad,1425,390,0.273684211
Chhattisgarh,NARAYANPUR,2014,Rabi,Gram,51,56,1.098039216
Chhattisgarh,NARAYANPUR,2014,Rabi,Khesari,1,,
Chhattisgarh,NARAYANPUR,2014,Rabi,Peas & beans (Pulses),6,2,0.333333333
Chhattisgarh,NARAYANPUR,2014,Rabi,Rapeseed &Mustard,191,121,0.633507853
Chhattisgarh,NARAYANPUR,2014,Rabi,Wheat,18,42,2.333333333
Chhattisgarh,NARAYANPUR,2014,Whole Year,Banana,6,240,40
Chhattisgarh,NARAYANPUR,2014,Whole Year,Coriander,7,2,0.285714286
Chhattisgarh,NARAYANPUR,2014,Whole Year,Dry chillies,17,6,0.352941176
Chhattisgarh,NARAYANPUR,2014,Whole Year,Dry ginger,2,2,1
Chhattisgarh,NARAYANPUR,2014,Whole Year,Jowar,8,6,0.75
Chhattisgarh,NARAYANPUR,2014,Whole Year,Sugarcane,4,19,4.75
Chhattisgarh,NARAYANPUR,2014,Whole Year,Sweet potato,10,58,5.8
Chhattisgarh,NARAYANPUR,2014,Whole Year,Turmeric,3,2,0.666666667
Chhattisgarh,RAIGARH,2000,Kharif,Arhar/Tur,1254,496,0.39553429
Chhattisgarh,RAIGARH,2000,Kharif,Bajra,20,5,0.25
Chhattisgarh,RAIGARH,2000,Kharif,Groundnut,8196,6075,0.741215227
Chhattisgarh,RAIGARH,2000,Kharif,Horse-gram,4124,934,0.226479146
Chhattisgarh,RAIGARH,2000,Kharif,Jowar,21,15,0.714285714
Chhattisgarh,RAIGARH,2000,Kharif,Maize,901,1059,1.17536071
Chhattisgarh,RAIGARH,2000,Kharif,Mesta,167,278,1.664670659
Chhattisgarh,RAIGARH,2000,Kharif,Moong(Green Gram),2084,462,0.22168906
Chhattisgarh,RAIGARH,2000,Kharif,Niger seed,1257,150,0.119331742
Chhattisgarh,RAIGARH,2000,Kharif,Other Kharif pulses,1038,295,0.284200385
Chhattisgarh,RAIGARH,2000,Kharif,Ragi,47,10,0.212765957
Chhattisgarh,RAIGARH,2000,Kharif,Rice,241943,116886,0.483113791
Chhattisgarh,RAIGARH,2000,Kharif,Sesamum,3059,503,0.164432821
Chhattisgarh,RAIGARH,2000,Kharif,Small millets,1226,186,0.151712887
Chhattisgarh,RAIGARH,2000,Kharif,Soyabean,186,69,0.370967742
Chhattisgarh,RAIGARH,2000,Kharif,Sunflower,357,71,0.198879552
Chhattisgarh,RAIGARH,2000,Kharif,Urad,20028,3783,0.18888556
Chhattisgarh,RAIGARH,2000,Rabi,Gram,402,224,0.55721393
Chhattisgarh,RAIGARH,2000,Rabi,Khesari,1779,779,0.437886453
Chhattisgarh,RAIGARH,2000,Rabi,Linseed,240,58,0.241666667
Chhattisgarh,RAIGARH,2000,Rabi,Masoor,121,34,0.280991736
Chhattisgarh,RAIGARH,2000,Rabi,Moong(Green Gram),759,157,0.20685112
Chhattisgarh,RAIGARH,2000,Rabi,Other  Rabi pulses,71,20,0.281690141
Chhattisgarh,RAIGARH,2000,Rabi,Peas & beans (Pulses),721,240,0.332871012
Chhattisgarh,RAIGARH,2000,Rabi,Rapeseed &Mustard,583,178,0.305317324
Chhattisgarh,RAIGARH,2000,Rabi,Urad,14,2,0.142857143
Chhattisgarh,RAIGARH,2000,Rabi,Wheat,975,1521,1.56
Chhattisgarh,RAIGARH,2000,Whole Year,Banana,16,473,29.5625
Chhattisgarh,RAIGARH,2000,Whole Year,Coriander,49,10,0.204081633
Chhattisgarh,RAIGARH,2000,Whole Year,Dry chillies,512,122,0.23828125
Chhattisgarh,RAIGARH,2000,Whole Year,Dry ginger,1158,941,0.812607945
Chhattisgarh,RAIGARH,2000,Whole Year,Garlic,67,184,2.746268657
Chhattisgarh,RAIGARH,2000,Whole Year,Onion,368,3698,10.04891304
Chhattisgarh,RAIGARH,2000,Whole Year,Potato,751,5147,6.853528628
Chhattisgarh,RAIGARH,2000,Whole Year,Sannhamp,382,94,0.246073298
Chhattisgarh,RAIGARH,2000,Whole Year,Sugarcane,485,1414,2.915463918
Chhattisgarh,RAIGARH,2000,Whole Year,Sweet potato,125,735,5.88
Chhattisgarh,RAIGARH,2000,Whole Year,Turmeric,70,49,0.7
Chhattisgarh,RAIGARH,2001,Kharif,Arhar/Tur,1394,533,0.382352941
Chhattisgarh,RAIGARH,2001,Kharif,Bajra,30,12,0.4
Chhattisgarh,RAIGARH,2001,Kharif,Groundnut,8006,10007,1.249937547
Chhattisgarh,RAIGARH,2001,Kharif,Horse-gram,3771,1000,0.265181649
Chhattisgarh,RAIGARH,2001,Kharif,Jowar,17,16,0.941176471
Chhattisgarh,RAIGARH,2001,Kharif,Maize,915,730,0.797814208
Chhattisgarh,RAIGARH,2001,Kharif,Mesta,270,502,1.859259259
Chhattisgarh,RAIGARH,2001,Kharif,Moong(Green Gram),2096,556,0.265267176
Chhattisgarh,RAIGARH,2001,Kharif,Niger seed,1304,203,0.155674847
Chhattisgarh,RAIGARH,2001,Kharif,Other Kharif pulses,1248,360,0.288461538
Chhattisgarh,RAIGARH,2001,Kharif,Ragi,47,10,0.212765957
Chhattisgarh,RAIGARH,2001,Kharif,Rice,241432,305358,1.264778488
Chhattisgarh,RAIGARH,2001,Kharif,Sesamum,3096,743,0.23998708
Chhattisgarh,RAIGARH,2001,Kharif,Small millets,983,271,0.275686673
Chhattisgarh,RAIGARH,2001,Kharif,Sunflower,1027,230,0.223953262
Chhattisgarh,RAIGARH,2001,Kharif,Urad,19765,4030,0.203895775
Chhattisgarh,RAIGARH,2001,Rabi,Gram,433,310,0.715935335
Chhattisgarh,RAIGARH,2001,Rabi,Khesari,1956,834,0.426380368
Chhattisgarh,RAIGARH,2001,Rabi,Linseed,228,59,0.25877193
Chhattisgarh,RAIGARH,2001,Rabi,Masoor,104,30,0.288461538
Chhattisgarh,RAIGARH,2001,Rabi,Moong(Green Gram),1533,413,0.269406393
Chhattisgarh,RAIGARH,2001,Rabi,Other  Rabi pulses,171,29,0.169590643
Chhattisgarh,RAIGARH,2001,Rabi,Peas & beans (Pulses),903,321,0.355481728
Chhattisgarh,RAIGARH,2001,Rabi,Rapeseed &Mustard,746,255,0.341823056
Chhattisgarh,RAIGARH,2001,Rabi,Safflower,24,5,0.208333333
Chhattisgarh,RAIGARH,2001,Rabi,Urad,98,14,0.142857143
Chhattisgarh,RAIGARH,2001,Rabi,Wheat,1339,1892,1.412994772
Chhattisgarh,RAIGARH,2001,Whole Year,Banana,15,428,28.53333333
Chhattisgarh,RAIGARH,2001,Whole Year,Coriander,104,22,0.211538462
Chhattisgarh,RAIGARH,2001,Whole Year,Dry chillies,478,252,0.527196653
Chhattisgarh,RAIGARH,2001,Whole Year,Dry ginger,1207,981,0.812758906
Chhattisgarh,RAIGARH,2001,Whole Year,Garlic,60,176,2.933333333
Chhattisgarh,RAIGARH,2001,Whole Year,Onion,421,5226,12.41330166
Chhattisgarh,RAIGARH,2001,Whole Year,Potato,778,5315,6.831619537
Chhattisgarh,RAIGARH,2001,Whole Year,Sannhamp,358,116,0.324022346
Chhattisgarh,RAIGARH,2001,Whole Year,Sugarcane,307,895,2.915309446
Chhattisgarh,RAIGARH,2001,Whole Year,Sweet potato,119,665,5.588235294
Chhattisgarh,RAIGARH,2001,Whole Year,Tobacco,3,2,0.666666667
Chhattisgarh,RAIGARH,2001,Whole Year,Turmeric,50,40,0.8
Chhattisgarh,RAIGARH,2002,Kharif,Arhar/Tur,2065,930,0.450363196
Chhattisgarh,RAIGARH,2002,Kharif,Bajra,34,10,0.294117647
Chhattisgarh,RAIGARH,2002,Kharif,Castor seed,2,,
Chhattisgarh,RAIGARH,2002,Kharif,Groundnut,8378,8478,1.011936023
Chhattisgarh,RAIGARH,2002,Kharif,Horse-gram,3776,910,0.240995763
Chhattisgarh,RAIGARH,2002,Kharif,Jowar,38,43,1.131578947
Chhattisgarh,RAIGARH,2002,Kharif,Maize,996,1384,1.389558233
Chhattisgarh,RAIGARH,2002,Kharif,Mesta,114,190,1.666666667
Chhattisgarh,RAIGARH,2002,Kharif,Moong(Green Gram),2120,510,0.240566038
Chhattisgarh,RAIGARH,2002,Kharif,Niger seed,1373,156,0.113619811
Chhattisgarh,RAIGARH,2002,Kharif,Other Kharif pulses,1271,354,0.27852085
Chhattisgarh,RAIGARH,2002,Kharif,Ragi,1,0,0
Chhattisgarh,RAIGARH,2002,Kharif,Rice,239372,168485,0.703862607
Chhattisgarh,RAIGARH,2002,Kharif,Sesamum,3513,976,0.277825221
Chhattisgarh,RAIGARH,2002,Kharif,Small millets,874,152,0.173913043
Chhattisgarh,RAIGARH,2002,Kharif,Soyabean,78,41,0.525641026
Chhattisgarh,RAIGARH,2002,Kharif,Sunflower,905,186,0.205524862
Chhattisgarh,RAIGARH,2002,Kharif,Urad,20346,4158,0.204364494
Chhattisgarh,RAIGARH,2002,Rabi,Gram,522,358,0.685823755
Chhattisgarh,RAIGARH,2002,Rabi,Horse-gram,15,4,0.266666667
Chhattisgarh,RAIGARH,2002,Rabi,Khesari,2750,1407,0.511636364
Chhattisgarh,RAIGARH,2002,Rabi,Linseed,434,138,0.31797235
Chhattisgarh,RAIGARH,2002,Rabi,Masoor,108,31,0.287037037
Chhattisgarh,RAIGARH,2002,Rabi,Moong(Green Gram),2505,712,0.284231537
Chhattisgarh,RAIGARH,2002,Rabi,Other  Rabi pulses,228,64,0.280701754
Chhattisgarh,RAIGARH,2002,Rabi,Peas & beans (Pulses),1230,422,0.343089431
Chhattisgarh,RAIGARH,2002,Rabi,Rapeseed &Mustard,1212,412,0.339933993
Chhattisgarh,RAIGARH,2002,Rabi,Safflower,95,17,0.178947368
Chhattisgarh,RAIGARH,2002,Rabi,Urad,291,52,0.178694158
Chhattisgarh,RAIGARH,2002,Rabi,Wheat,1588,2372,1.493702771
Chhattisgarh,RAIGARH,2002,Whole Year,Banana,12,342,28.5
Chhattisgarh,RAIGARH,2002,Whole Year,Coriander,75,15,0.2
Chhattisgarh,RAIGARH,2002,Whole Year,Dry chillies,530,461,0.869811321
Chhattisgarh,RAIGARH,2002,Whole Year,Dry ginger,749,560,0.747663551
Chhattisgarh,RAIGARH,2002,Whole Year,Garlic,61,162,2.655737705
Chhattisgarh,RAIGARH,2002,Whole Year,Onion,447,5170,11.56599553
Chhattisgarh,RAIGARH,2002,Whole Year,Potato,806,5124,6.357320099
Chhattisgarh,RAIGARH,2002,Whole Year,Sannhamp,351,108,0.307692308
Chhattisgarh,RAIGARH,2002,Whole Year,Sugarcane,411,1198,2.914841849
Chhattisgarh,RAIGARH,2002,Whole Year,Sweet potato,110,562,5.109090909
Chhattisgarh,RAIGARH,2002,Whole Year,Turmeric,55,41,0.745454545
Chhattisgarh,RAIGARH,2003,Kharif,Arhar/Tur,2031,1255,0.617922206
Chhattisgarh,RAIGARH,2003,Kharif,Bajra,10,3,0.3
Chhattisgarh,RAIGARH,2003,Kharif,Castor seed,1,1,1
Chhattisgarh,RAIGARH,2003,Kharif,Groundnut,10609,11856,1.11754171
Chhattisgarh,RAIGARH,2003,Kharif,Horse-gram,2100,526,0.25047619
Chhattisgarh,RAIGARH,2003,Kharif,Jowar,33,31,0.939393939
Chhattisgarh,RAIGARH,2003,Kharif,Maize,984,1267,1.287601626
Chhattisgarh,RAIGARH,2003,Kharif,Mesta,120,218,1.816666667
Chhattisgarh,RAIGARH,2003,Kharif,Moong(Green Gram),2115,540,0.255319149
Chhattisgarh,RAIGARH,2003,Kharif,Niger seed,1359,225,0.165562914
Chhattisgarh,RAIGARH,2003,Kharif,Other Kharif pulses,1266,305,0.240916272
Chhattisgarh,RAIGARH,2003,Kharif,Ragi,1,0,0
Chhattisgarh,RAIGARH,2003,Kharif,Rice,242593,322350,1.328768761
Chhattisgarh,RAIGARH,2003,Kharif,Sesamum,3315,912,0.275113122
Chhattisgarh,RAIGARH,2003,Kharif,Small millets,736,182,0.247282609
Chhattisgarh,RAIGARH,2003,Kharif,Soyabean,52,46,0.884615385
Chhattisgarh,RAIGARH,2003,Kharif,Sunflower,3253,706,0.217030433
Chhattisgarh,RAIGARH,2003,Kharif,Urad,19910,4069,0.204369663
Chhattisgarh,RAIGARH,2003,Rabi,Gram,902,840,0.931263858
Chhattisgarh,RAIGARH,2003,Rabi,Horse-gram,90,25,0.277777778
Chhattisgarh,RAIGARH,2003,Rabi,Khesari,3934,2262,0.57498729
Chhattisgarh,RAIGARH,2003,Rabi,Linseed,497,156,0.3138833
Chhattisgarh,RAIGARH,2003,Rabi,Masoor,217,60,0.276497696
Chhattisgarh,RAIGARH,2003,Rabi,Moong(Green Gram),3706,1071,0.288990826
Chhattisgarh,RAIGARH,2003,Rabi,Other  Rabi pulses,401,108,0.269326683
Chhattisgarh,RAIGARH,2003,Rabi,Peas & beans (Pulses),1618,604,0.373300371
Chhattisgarh,RAIGARH,2003,Rabi,Rapeseed &Mustard,1929,801,0.415241058
Chhattisgarh,RAIGARH,2003,Rabi,Safflower,114,21,0.184210526
Chhattisgarh,RAIGARH,2003,Rabi,Urad,414,74,0.178743961
Chhattisgarh,RAIGARH,2003,Rabi,Wheat,2353,3461,1.470888228
Chhattisgarh,RAIGARH,2003,Whole Year,Banana,18,513,28.5
Chhattisgarh,RAIGARH,2003,Whole Year,Coriander,89,20,0.224719101
Chhattisgarh,RAIGARH,2003,Whole Year,Dry chillies,498,324,0.65060241
Chhattisgarh,RAIGARH,2003,Whole Year,Dry ginger,642,575,0.895638629
Chhattisgarh,RAIGARH,2003,Whole Year,Garlic,59,173,2.93220339
Chhattisgarh,RAIGARH,2003,Whole Year,Onion,629,6156,9.786963434
Chhattisgarh,RAIGARH,2003,Whole Year,Potato,979,4959,5.065372829
Chhattisgarh,RAIGARH,2003,Whole Year,Sannhamp,337,110,0.326409496
Chhattisgarh,RAIGARH,2003,Whole Year,Sugarcane,506,1449,2.863636364
Chhattisgarh,RAIGARH,2003,Whole Year,Sweet potato,106,623,5.877358491
Chhattisgarh,RAIGARH,2003,Whole Year,Turmeric,64,50,0.78125
Chhattisgarh,RAIGARH,2004,Kharif,Arhar/Tur,2146,1068,0.497670084
Chhattisgarh,RAIGARH,2004,Kharif,Bajra,25,8,0.32
Chhattisgarh,RAIGARH,2004,Kharif,Groundnut,9115,9281,1.018211739
Chhattisgarh,RAIGARH,2004,Kharif,Horse-gram,3497,827,0.236488419
Chhattisgarh,RAIGARH,2004,Kharif,Jowar,35,22,0.628571429
Chhattisgarh,RAIGARH,2004,Kharif,Maize,980,1331,1.358163265
Chhattisgarh,RAIGARH,2004,Kharif,Mesta,87,148,1.701149425
Chhattisgarh,RAIGARH,2004,Kharif,Moong(Green Gram),2106,487,0.231244065
Chhattisgarh,RAIGARH,2004,Kharif,Niger seed,1331,207,0.155522164
Chhattisgarh,RAIGARH,2004,Kharif,Other Kharif pulses,1432,379,0.264664804
Chhattisgarh,RAIGARH,2004,Kharif,Ragi,2,0,0
Chhattisgarh,RAIGARH,2004,Kharif,Rice,241526,250401,1.036745526
Chhattisgarh,RAIGARH,2004,Kharif,Sesamum,3755,1054,0.28069241
Chhattisgarh,RAIGARH,2004,Kharif,Small millets,2455,98,0.039918534
Chhattisgarh,RAIGARH,2004,Kharif,Soyabean,33,24,0.727272727
Chhattisgarh,RAIGARH,2004,Kharif,Sunflower,3079,590,0.191620656
Chhattisgarh,RAIGARH,2004,Kharif,Urad,20243,3746,0.185051623
Chhattisgarh,RAIGARH,2004,Rabi,Gram,662,381,0.575528701
Chhattisgarh,RAIGARH,2004,Rabi,Khesari,2981,1202,0.403220396
Chhattisgarh,RAIGARH,2004,Rabi,Linseed,372,97,0.260752688
Chhattisgarh,RAIGARH,2004,Rabi,Masoor,166,45,0.271084337
Chhattisgarh,RAIGARH,2004,Rabi,Moong(Green Gram),2305,599,0.259869848
Chhattisgarh,RAIGARH,2004,Rabi,Peas & beans (Pulses),1580,514,0.325316456
Chhattisgarh,RAIGARH,2004,Rabi,Rapeseed &Mustard,1248,476,0.381410256
Chhattisgarh,RAIGARH,2004,Rabi,Safflower,51,9,0.176470588
Chhattisgarh,RAIGARH,2004,Rabi,Urad,219,35,0.159817352
Chhattisgarh,RAIGARH,2004,Rabi,Wheat,1895,2229,1.176253298
Chhattisgarh,RAIGARH,2004,Whole Year,Banana,5,140,28
Chhattisgarh,RAIGARH,2004,Whole Year,Coriander,138,28,0.202898551
Chhattisgarh,RAIGARH,2004,Whole Year,Dry chillies,516,271,0.525193798
Chhattisgarh,RAIGARH,2004,Whole Year,Dry ginger,653,553,0.846860643
Chhattisgarh,RAIGARH,2004,Whole Year,Garlic,71,185,2.605633803
Chhattisgarh,RAIGARH,2004,Whole Year,Onion,562,4499,8.005338078
Chhattisgarh,RAIGARH,2004,Whole Year,Potato,892,5124,5.744394619
Chhattisgarh,RAIGARH,2004,Whole Year,Sannhamp,338,101,0.298816568
Chhattisgarh,RAIGARH,2004,Whole Year,Sugarcane,508,1481,2.915354331
Chhattisgarh,RAIGARH,2004,Whole Year,Sweet potato,116,604,5.206896552
Chhattisgarh,RAIGARH,2004,Whole Year,Turmeric,89,68,0.764044944
Chhattisgarh,RAIGARH,2005,Kharif,Arhar/Tur,2343,1061,0.452838242
Chhattisgarh,RAIGARH,2005,Kharif,Bajra,50,17,0.34
Chhattisgarh,RAIGARH,2005,Kharif,Groundnut,8287,9304,1.122722336
Chhattisgarh,RAIGARH,2005,Kharif,Horse-gram,2970,730,0.245791246
Chhattisgarh,RAIGARH,2005,Kharif,Jowar,14,11,0.785714286
Chhattisgarh,RAIGARH,2005,Kharif,Maize,1017,1387,1.363815143
Chhattisgarh,RAIGARH,2005,Kharif,Mesta,95,173,1.821052632
Chhattisgarh,RAIGARH,2005,Kharif,Moong(Green Gram),2065,548,0.265375303
Chhattisgarh,RAIGARH,2005,Kharif,Niger seed,1300,194,0.149230769
Chhattisgarh,RAIGARH,2005,Kharif,Other Kharif pulses,1356,381,0.280973451
Chhattisgarh,RAIGARH,2005,Kharif,Rice,240317,278707,1.159747334
Chhattisgarh,RAIGARH,2005,Kharif,Sesamum,3677,1186,0.322545553
Chhattisgarh,RAIGARH,2005,Kharif,Small millets,454,95,0.209251101
Chhattisgarh,RAIGARH,2005,Kharif,Sunflower,3995,793,0.198498123
Chhattisgarh,RAIGARH,2005,Kharif,Urad,19744,4111,0.208215154
Chhattisgarh,RAIGARH,2005,Rabi,Gram,606,420,0.693069307
Chhattisgarh,RAIGARH,2005,Rabi,Horse-gram,70,18,0.257142857
Chhattisgarh,RAIGARH,2005,Rabi,Khesari,3168,1348,0.425505051
Chhattisgarh,RAIGARH,2005,Rabi,Linseed,477,117,0.245283019
Chhattisgarh,RAIGARH,2005,Rabi,Masoor,151,42,0.278145695
Chhattisgarh,RAIGARH,2005,Rabi,Moong(Green Gram),2420,653,0.269834711
Chhattisgarh,RAIGARH,2005,Rabi,Other  Rabi pulses,252,67,0.265873016
Chhattisgarh,RAIGARH,2005,Rabi,Peas & beans (Pulses),1524,523,0.343175853
Chhattisgarh,RAIGARH,2005,Rabi,Rapeseed &Mustard,1993,687,0.344706473
Chhattisgarh,RAIGARH,2005,Rabi,Safflower,24,4,0.166666667
Chhattisgarh,RAIGARH,2005,Rabi,Urad,218,36,0.165137615
Chhattisgarh,RAIGARH,2005,Rabi,Wheat,1900,2300,1.210526316
Chhattisgarh,RAIGARH,2005,Whole Year,Banana,26,865,33.26923077
Chhattisgarh,RAIGARH,2005,Whole Year,Coriander,159,35,0.220125786
Chhattisgarh,RAIGARH,2005,Whole Year,Dry chillies,553,149,0.269439421
Chhattisgarh,RAIGARH,2005,Whole Year,Dry ginger,881,717,0.8138479
Chhattisgarh,RAIGARH,2005,Whole Year,Garlic,75,217,2.893333333
Chhattisgarh,RAIGARH,2005,Whole Year,Onion,560,4220,7.535714286
Chhattisgarh,RAIGARH,2005,Whole Year,Potato,949,4327,4.559536354
Chhattisgarh,RAIGARH,2005,Whole Year,Sannhamp,298,99,0.332214765
Chhattisgarh,RAIGARH,2005,Whole Year,Sugarcane,450,1334,2.964444444
Chhattisgarh,RAIGARH,2005,Whole Year,Sweet potato,93,493,5.301075269
Chhattisgarh,RAIGARH,2005,Whole Year,Turmeric,90,71,0.788888889
Chhattisgarh,RAIGARH,2006,Kharif,Arhar/Tur,2386,1136,0.476110645
Chhattisgarh,RAIGARH,2006,Kharif,Bajra,20,7,0.35
Chhattisgarh,RAIGARH,2006,Kharif,Groundnut,8555,9957,1.163880771
Chhattisgarh,RAIGARH,2006,Kharif,Horse-gram,3032,804,0.265171504
Chhattisgarh,RAIGARH,2006,Kharif,Jowar,21,19,0.904761905
Chhattisgarh,RAIGARH,2006,Kharif,Maize,1015,1416,1.395073892
Chhattisgarh,RAIGARH,2006,Kharif,Mesta,176,305,1.732954545
Chhattisgarh,RAIGARH,2006,Kharif,Moong(Green Gram),1970,589,0.298984772
Chhattisgarh,RAIGARH,2006,Kharif,Niger seed,1371,205,0.149525894
Chhattisgarh,RAIGARH,2006,Kharif,Other Kharif pulses,1430,421,0.294405594
Chhattisgarh,RAIGARH,2006,Kharif,Rice,240616,307132,1.276440469
Chhattisgarh,RAIGARH,2006,Kharif,Sesamum,3169,993,0.313348059
Chhattisgarh,RAIGARH,2006,Kharif,Small millets,362,5936,16.39779006
Chhattisgarh,RAIGARH,2006,Kharif,Soyabean,13,14,1.076923077
Chhattisgarh,RAIGARH,2006,Kharif,Sunflower,4170,1151,0.276019185
Chhattisgarh,RAIGARH,2006,Kharif,Urad,19556,4525,0.231386787
Chhattisgarh,RAIGARH,2006,Rabi,Gram,563,534,0.948490231
Chhattisgarh,RAIGARH,2006,Rabi,Horse-gram,40,12,0.3
Chhattisgarh,RAIGARH,2006,Rabi,Khesari,3127,1709,0.546530221
Chhattisgarh,RAIGARH,2006,Rabi,Linseed,402,103,0.256218905
Chhattisgarh,RAIGARH,2006,Rabi,Masoor,166,53,0.319277108
Chhattisgarh,RAIGARH,2006,Rabi,Moong(Green Gram),2324,705,0.303356282
Chhattisgarh,RAIGARH,2006,Rabi,Other  Rabi pulses,581,72,0.123924269
Chhattisgarh,RAIGARH,2006,Rabi,Peas & beans (Pulses),1154,397,0.344020797
Chhattisgarh,RAIGARH,2006,Rabi,Potato,915,3814,4.168306011
Chhattisgarh,RAIGARH,2006,Rabi,Rapeseed &Mustard,1652,639,0.386803874
Chhattisgarh,RAIGARH,2006,Rabi,Safflower,16,3,0.1875
Chhattisgarh,RAIGARH,2006,Rabi,Urad,188,38,0.20212766
Chhattisgarh,RAIGARH,2006,Rabi,Wheat,1601,2343,1.463460337
Chhattisgarh,RAIGARH,2006,Whole Year,Banana,15,475,31.66666667
Chhattisgarh,RAIGARH,2006,Whole Year,Coriander,177,40,0.225988701
Chhattisgarh,RAIGARH,2006,Whole Year,Dry chillies,562,218,0.387900356
Chhattisgarh,RAIGARH,2006,Whole Year,Dry ginger,942,920,0.976645435
Chhattisgarh,RAIGARH,2006,Whole Year,Garlic,88,254,2.886363636
Chhattisgarh,RAIGARH,2006,Whole Year,Onion,563,3707,6.584369449
Chhattisgarh,RAIGARH,2006,Whole Year,Sannhamp,258,87,0.337209302
Chhattisgarh,RAIGARH,2006,Whole Year,Sugarcane,490,1671,3.410204082
Chhattisgarh,RAIGARH,2006,Whole Year,Sweet potato,107,619,5.785046729
Chhattisgarh,RAIGARH,2006,Whole Year,Turmeric,156,123,0.788461538
Chhattisgarh,RAIGARH,2007,Kharif,Arhar/Tur,2375,1355,0.570526316
Chhattisgarh,RAIGARH,2007,Kharif,Bajra,23,9,0.391304348
Chhattisgarh,RAIGARH,2007,Kharif,Groundnut,8299,11081,1.335221111
Chhattisgarh,RAIGARH,2007,Kharif,Horse-gram,3048,911,0.298884514
Chhattisgarh,RAIGARH,2007,Kharif,Jowar,13,15,1.153846154
Chhattisgarh,RAIGARH,2007,Kharif,Maize,1021,1677,1.642507346
Chhattisgarh,RAIGARH,2007,Kharif,Mesta,164,314,1.914634146
Chhattisgarh,RAIGARH,2007,Kharif,Moong(Green Gram),1994,586,0.293881645
Chhattisgarh,RAIGARH,2007,Kharif,Niger seed,1357,225,0.165806927
Chhattisgarh,RAIGARH,2007,Kharif,Other Kharif pulses,1430,410,0.286713287
Chhattisgarh,RAIGARH,2007,Kharif,Rice,241665,312306,1.292309602
Chhattisgarh,RAIGARH,2007,Kharif,Sesamum,2957,1053,0.35610416
Chhattisgarh,RAIGARH,2007,Kharif,Small millets,304,96,0.315789474
Chhattisgarh,RAIGARH,2007,Kharif,Soyabean,11,13,1.181818182
Chhattisgarh,RAIGARH,2007,Kharif,Sunflower,4091,1006,0.245905647
Chhattisgarh,RAIGARH,2007,Kharif,Urad,18768,4413,0.235134271
Chhattisgarh,RAIGARH,2007,Rabi,Gram,555,505,0.90990991
Chhattisgarh,RAIGARH,2007,Rabi,Horse-gram,18,5,0.277777778
Chhattisgarh,RAIGARH,2007,Rabi,Khesari,3160,1814,0.574050633
Chhattisgarh,RAIGARH,2007,Rabi,Linseed,401,142,0.354114713
Chhattisgarh,RAIGARH,2007,Rabi,Masoor,144,45,0.3125
Chhattisgarh,RAIGARH,2007,Rabi,Moong(Green Gram),2298,664,0.28894691
Chhattisgarh,RAIGARH,2007,Rabi,Other  Rabi pulses,273,68,0.249084249
Chhattisgarh,RAIGARH,2007,Rabi,Peas & beans (Pulses),1286,465,0.361586314
Chhattisgarh,RAIGARH,2007,Rabi,Potato,924,4495,4.864718615
Chhattisgarh,RAIGARH,2007,Rabi,Rapeseed &Mustard,1690,738,0.436686391
Chhattisgarh,RAIGARH,2007,Rabi,Safflower,40,7,0.175
Chhattisgarh,RAIGARH,2007,Rabi,Urad,198,37,0.186868687
Chhattisgarh,RAIGARH,2007,Rabi,Wheat,1829,2792,1.526517223
Chhattisgarh,RAIGARH,2007,Whole Year,Banana,95,2958,31.13684211
Chhattisgarh,RAIGARH,2007,Whole Year,Coriander,183,40,0.218579235
Chhattisgarh,RAIGARH,2007,Whole Year,Dry chillies,571,419,0.73380035
Chhattisgarh,RAIGARH,2007,Whole Year,Dry ginger,786,780,0.992366412
Chhattisgarh,RAIGARH,2007,Whole Year,Garlic,81,234,2.888888889
Chhattisgarh,RAIGARH,2007,Whole Year,Onion,568,3675,6.470070423
Chhattisgarh,RAIGARH,2007,Whole Year,Sannhamp,248,86,0.346774194
Chhattisgarh,RAIGARH,2007,Whole Year,Sugarcane,442,1354,3.063348416
Chhattisgarh,RAIGARH,2007,Whole Year,Sweet potato,103,596,5.786407767
Chhattisgarh,RAIGARH,2007,Whole Year,Turmeric,101,80,0.792079208
Chhattisgarh,RAIGARH,2008,Kharif,Arhar/Tur,2374,1538,0.647851727
Chhattisgarh,RAIGARH,2008,Kharif,Bajra,21,8,0.380952381
Chhattisgarh,RAIGARH,2008,Kharif,Groundnut,7773,10325,1.328315966
Chhattisgarh,RAIGARH,2008,Kharif,Horse-gram,3099,911,0.293965795
Chhattisgarh,RAIGARH,2008,Kharif,Jowar,8,13,1.625
Chhattisgarh,RAIGARH,2008,Kharif,Maize,1008,1515,1.50297619
Chhattisgarh,RAIGARH,2008,Kharif,Mesta,147,277,1.884353741
Chhattisgarh,RAIGARH,2008,Kharif,Moong(Green Gram),2006,551,0.274675972
Chhattisgarh,RAIGARH,2008,Kharif,Niger seed,1356,225,0.165929204
Chhattisgarh,RAIGARH,2008,Kharif,Other Kharif pulses,1182,347,0.29357022
Chhattisgarh,RAIGARH,2008,Kharif,Rice,242366,296840,1.224759248
Chhattisgarh,RAIGARH,2008,Kharif,Sesamum,2928,990,0.338114754
Chhattisgarh,RAIGARH,2008,Kharif,Small millets,270,70,0.259259259
Chhattisgarh,RAIGARH,2008,Kharif,Soyabean,6,7,1.166666667
Chhattisgarh,RAIGARH,2008,Kharif,Sunflower,3121,1217,0.389939122
Chhattisgarh,RAIGARH,2008,Kharif,Urad,18776,4343,0.231305922
Chhattisgarh,RAIGARH,2008,Rabi,Gram,529,471,0.890359168
Chhattisgarh,RAIGARH,2008,Rabi,Horse-gram,14,4,0.285714286
Chhattisgarh,RAIGARH,2008,Rabi,Khesari,2965,749,0.252613828
Chhattisgarh,RAIGARH,2008,Rabi,Linseed,376,118,0.313829787
Chhattisgarh,RAIGARH,2008,Rabi,Masoor,142,45,0.316901408
Chhattisgarh,RAIGARH,2008,Rabi,Moong(Green Gram),2071,599,0.289232255
Chhattisgarh,RAIGARH,2008,Rabi,Other  Rabi pulses,252,65,0.257936508
Chhattisgarh,RAIGARH,2008,Rabi,Peas & beans (Pulses),1202,435,0.361896839
Chhattisgarh,RAIGARH,2008,Rabi,Potato,959,4756,4.959332638
Chhattisgarh,RAIGARH,2008,Rabi,Rapeseed &Mustard,1629,653,0.400859423
Chhattisgarh,RAIGARH,2008,Rabi,Safflower,35,7,0.2
Chhattisgarh,RAIGARH,2008,Rabi,Urad,177,32,0.18079096
Chhattisgarh,RAIGARH,2008,Rabi,Wheat,2120,2995,1.412735849
Chhattisgarh,RAIGARH,2008,Whole Year,Banana,24,709,29.54166667
Chhattisgarh,RAIGARH,2008,Whole Year,Coriander,146,32,0.219178082
Chhattisgarh,RAIGARH,2008,Whole Year,Dry chillies,584,330,0.565068493
Chhattisgarh,RAIGARH,2008,Whole Year,Dry ginger,732,715,0.976775956
Chhattisgarh,RAIGARH,2008,Whole Year,Garlic,87,252,2.896551724
Chhattisgarh,RAIGARH,2008,Whole Year,Onion,521,4139,7.944337812
Chhattisgarh,RAIGARH,2008,Whole Year,Sannhamp,245,89,0.363265306
Chhattisgarh,RAIGARH,2008,Whole Year,Sugarcane,397,1176,2.962216625
Chhattisgarh,RAIGARH,2008,Whole Year,Sweet potato,96,555,5.78125
Chhattisgarh,RAIGARH,2008,Whole Year,Turmeric,105,85,0.80952381
Chhattisgarh,RAIGARH,2009,Kharif,Arhar/Tur,2317,1476,0.637030643
Chhattisgarh,RAIGARH,2009,Kharif,Bajra,24,8,0.333333333
Chhattisgarh,RAIGARH,2009,Kharif,Groundnut,4657,8803,1.890272708
Chhattisgarh,RAIGARH,2009,Kharif,Horse-gram,3103,852,0.274572994
Chhattisgarh,RAIGARH,2009,Kharif,Jowar,38,62,1.631578947
Chhattisgarh,RAIGARH,2009,Kharif,Maize,967,1234,1.276111686
Chhattisgarh,RAIGARH,2009,Kharif,Mesta,46,87,1.891304348
Chhattisgarh,RAIGARH,2009,Kharif,Moong(Green Gram),1837,522,0.284158955
Chhattisgarh,RAIGARH,2009,Kharif,Niger seed,1264,210,0.166139241
Chhattisgarh,RAIGARH,2009,Kharif,Other Kharif pulses,1129,326,0.288751107
Chhattisgarh,RAIGARH,2009,Kharif,Rice,240135,277370,1.155058613
Chhattisgarh,RAIGARH,2009,Kharif,Sesamum,2804,1520,0.542082739
Chhattisgarh,RAIGARH,2009,Kharif,Small millets,254,58,0.228346457
Chhattisgarh,RAIGARH,2009,Kharif,Soyabean,8,8,1
Chhattisgarh,RAIGARH,2009,Kharif,Sunflower,2908,,
Chhattisgarh,RAIGARH,2009,Kharif,Urad,18394,4113,0.223605524
Chhattisgarh,RAIGARH,2009,Rabi,Gram,598,591,0.988294314
Chhattisgarh,RAIGARH,2009,Rabi,Horse-gram,18,5,0.277777778
Chhattisgarh,RAIGARH,2009,Rabi,Khesari,2069,935,0.451909135
Chhattisgarh,RAIGARH,2009,Rabi,Linseed,357,99,0.277310924
Chhattisgarh,RAIGARH,2009,Rabi,Masoor,140,40,0.285714286
Chhattisgarh,RAIGARH,2009,Rabi,Moong(Green Gram),2127,564,0.2651622
Chhattisgarh,RAIGARH,2009,Rabi,Other  Rabi pulses,275,58,0.210909091
Chhattisgarh,RAIGARH,2009,Rabi,Peas & beans (Pulses),981,295,0.300713558
Chhattisgarh,RAIGARH,2009,Rabi,Rapeseed &Mustard,1468,521,0.354904632
Chhattisgarh,RAIGARH,2009,Rabi,Safflower,30,6,0.2
Chhattisgarh,RAIGARH,2009,Rabi,Urad,172,32,0.186046512
Chhattisgarh,RAIGARH,2009,Rabi,Wheat,2377,2854,1.200673117
Chhattisgarh,RAIGARH,2009,Whole Year,Banana,109,3927,36.02752294
Chhattisgarh,RAIGARH,2009,Whole Year,Coriander,179,32,0.17877095
Chhattisgarh,RAIGARH,2009,Whole Year,Dry chillies,556,438,0.787769784
Chhattisgarh,RAIGARH,2009,Whole Year,Dry ginger,702,812,1.156695157
Chhattisgarh,RAIGARH,2009,Whole Year,Garlic,97,280,2.886597938
Chhattisgarh,RAIGARH,2009,Whole Year,Onion,550,3380,6.145454545
Chhattisgarh,RAIGARH,2009,Whole Year,Potato,974,4356,4.472279261
Chhattisgarh,RAIGARH,2009,Whole Year,Sannhamp,386,135,0.349740933
Chhattisgarh,RAIGARH,2009,Whole Year,Sugarcane,358,1318,3.681564246
Chhattisgarh,RAIGARH,2009,Whole Year,Sweet potato,87,503,5.781609195
Chhattisgarh,RAIGARH,2009,Whole Year,Turmeric,109,79,0.724770642
Chhattisgarh,RAIGARH,2010,Kharif,Arhar/Tur,2325,1095,0.470967742
Chhattisgarh,RAIGARH,2010,Kharif,Bajra,21,11,0.523809524
Chhattisgarh,RAIGARH,2010,Kharif,Groundnut,7426,8284,1.115539995
Chhattisgarh,RAIGARH,2010,Kharif,Horse-gram,3232,935,0.289294554
Chhattisgarh,RAIGARH,2010,Kharif,Jowar,14,23,1.642857143
Chhattisgarh,RAIGARH,2010,Kharif,Maize,970,1764,1.818556701
Chhattisgarh,RAIGARH,2010,Kharif,Mesta,71,134,1.887323944
Chhattisgarh,RAIGARH,2010,Kharif,Moong(Green Gram),1870,541,0.289304813
Chhattisgarh,RAIGARH,2010,Kharif,Niger seed,1318,223,0.169195751
Chhattisgarh,RAIGARH,2010,Kharif,Other Kharif pulses,1261,371,0.294210944
Chhattisgarh,RAIGARH,2010,Kharif,Rice,240388,336652,1.400452602
Chhattisgarh,RAIGARH,2010,Kharif,Sesamum,3086,1243,0.402786779
Chhattisgarh,RAIGARH,2010,Kharif,Small millets,253,64,0.252964427
Chhattisgarh,RAIGARH,2010,Kharif,Soyabean,13,16,1.230769231
Chhattisgarh,RAIGARH,2010,Kharif,Sunflower,2483,538,0.216673379
Chhattisgarh,RAIGARH,2010,Kharif,Urad,18116,4190,0.23128726
Chhattisgarh,RAIGARH,2010,Rabi,Gram,594,608,1.023569024
Chhattisgarh,RAIGARH,2010,Rabi,Horse-gram,12,3,0.25
Chhattisgarh,RAIGARH,2010,Rabi,Khesari,2144,1187,0.55363806
Chhattisgarh,RAIGARH,2010,Rabi,Linseed,327,89,0.272171254
Chhattisgarh,RAIGARH,2010,Rabi,Masoor,181,59,0.325966851
Chhattisgarh,RAIGARH,2010,Rabi,Moong(Green Gram),2122,614,0.28934967
Chhattisgarh,RAIGARH,2010,Rabi,Other  Rabi pulses,279,63,0.225806452
Chhattisgarh,RAIGARH,2010,Rabi,Peas & beans (Pulses),850,317,0.372941176
Chhattisgarh,RAIGARH,2010,Rabi,Rapeseed &Mustard,1497,606,0.404809619
Chhattisgarh,RAIGARH,2010,Rabi,Safflower,13,3,0.230769231
Chhattisgarh,RAIGARH,2010,Rabi,Urad,174,31,0.17816092
Chhattisgarh,RAIGARH,2010,Rabi,Wheat,2272,3791,1.668573944
Chhattisgarh,RAIGARH,2010,Whole Year,Banana,98,3104,31.67346939
Chhattisgarh,RAIGARH,2010,Whole Year,Coriander,199,39,0.195979899
Chhattisgarh,RAIGARH,2010,Whole Year,Dry chillies,613,315,0.513866232
Chhattisgarh,RAIGARH,2010,Whole Year,Dry ginger,686,925,1.348396501
Chhattisgarh,RAIGARH,2010,Whole Year,Garlic,82,237,2.890243902
Chhattisgarh,RAIGARH,2010,Whole Year,Onion,577,4745,8.223570191
Chhattisgarh,RAIGARH,2010,Whole Year,Potato,1005,5260,5.233830846
Chhattisgarh,RAIGARH,2010,Whole Year,Sannhamp,261,9,0.034482759
Chhattisgarh,RAIGARH,2010,Whole Year,Sugarcane,303,883,2.914191419
Chhattisgarh,RAIGARH,2010,Whole Year,Sweet potato,88,509,5.784090909
Chhattisgarh,RAIGARH,2010,Whole Year,Turmeric,111,80,0.720720721
Chhattisgarh,RAIGARH,2011,Kharif,Arhar/Tur,2328,1220,0.524054983
Chhattisgarh,RAIGARH,2011,Kharif,Bajra,29,12,0.413793103
Chhattisgarh,RAIGARH,2011,Kharif,Groundnut,6979,8820,1.263791374
Chhattisgarh,RAIGARH,2011,Kharif,Horse-gram,3130,905,0.28913738
Chhattisgarh,RAIGARH,2011,Kharif,Jowar,3,3,1
Chhattisgarh,RAIGARH,2011,Kharif,Maize,984,1534,1.558943089
Chhattisgarh,RAIGARH,2011,Kharif,Mesta,43,85,1.976744186
Chhattisgarh,RAIGARH,2011,Kharif,Moong(Green Gram),1766,510,0.288788222
Chhattisgarh,RAIGARH,2011,Kharif,Niger seed,1332,200,0.15015015
Chhattisgarh,RAIGARH,2011,Kharif,Other Kharif pulses,1155,306,0.264935065
Chhattisgarh,RAIGARH,2011,Kharif,Rice,241162,334923,1.388788449
Chhattisgarh,RAIGARH,2011,Kharif,Sesamum,2917,1387,0.475488516
Chhattisgarh,RAIGARH,2011,Kharif,Small millets,244,60,0.245901639
Chhattisgarh,RAIGARH,2011,Kharif,Soyabean,5,3,0.6
Chhattisgarh,RAIGARH,2011,Kharif,Sunflower,2090,439,0.210047847
Chhattisgarh,RAIGARH,2011,Kharif,Urad,17302,4003,0.231360536
Chhattisgarh,RAIGARH,2011,Rabi,Gram,492,492,1
Chhattisgarh,RAIGARH,2011,Rabi,Horse-gram,6,2,0.333333333
Chhattisgarh,RAIGARH,2011,Rabi,Khesari,1618,772,0.477132262
Chhattisgarh,RAIGARH,2011,Rabi,Linseed,341,135,0.395894428
Chhattisgarh,RAIGARH,2011,Rabi,Masoor,130,41,0.315384615
Chhattisgarh,RAIGARH,2011,Rabi,Moong(Green Gram),1993,596,0.299046663
Chhattisgarh,RAIGARH,2011,Rabi,Other  Rabi pulses,208,48,0.230769231
Chhattisgarh,RAIGARH,2011,Rabi,Peas & beans (Pulses),845,305,0.360946746
Chhattisgarh,RAIGARH,2011,Rabi,Potato,980,5660,5.775510204
Chhattisgarh,RAIGARH,2011,Rabi,Rapeseed &Mustard,1475,645,0.437288136
Chhattisgarh,RAIGARH,2011,Rabi,Safflower,22,5,0.227272727
Chhattisgarh,RAIGARH,2011,Rabi,Urad,117,21,0.179487179
Chhattisgarh,RAIGARH,2011,Rabi,Wheat,2429,4238,1.744750926
Chhattisgarh,RAIGARH,2011,Whole Year,Banana,26,824,31.69230769
Chhattisgarh,RAIGARH,2011,Whole Year,Coriander,215,39,0.181395349
Chhattisgarh,RAIGARH,2011,Whole Year,Dry chillies,534,557,1.043071161
Chhattisgarh,RAIGARH,2011,Whole Year,Dry ginger,678,797,1.175516224
Chhattisgarh,RAIGARH,2011,Whole Year,Garlic,90,260,2.888888889
Chhattisgarh,RAIGARH,2011,Whole Year,Onion,599,4173,6.966611018
Chhattisgarh,RAIGARH,2011,Whole Year,Sannhamp,302,788,2.609271523
Chhattisgarh,RAIGARH,2011,Whole Year,Sugarcane,304,1734,5.703947368
Chhattisgarh,RAIGARH,2011,Whole Year,Sweet potato,102,570,5.588235294
Chhattisgarh,RAIGARH,2011,Whole Year,Turmeric,115,86,0.747826087
Chhattisgarh,RAIGARH,2012,Kharif,Arhar/Tur,2383,1543,0.647503147
Chhattisgarh,RAIGARH,2012,Kharif,Bajra,328,134,0.408536585
Chhattisgarh,RAIGARH,2012,Kharif,Groundnut,7572,9930,1.31141046
Chhattisgarh,RAIGARH,2012,Kharif,Horse-gram,3121,932,0.298622236
Chhattisgarh,RAIGARH,2012,Kharif,Jowar,2,1,0.5
Chhattisgarh,RAIGARH,2012,Kharif,Maize,632,1274,2.015822785
Chhattisgarh,RAIGARH,2012,Kharif,Mesta,43,84,1.953488372
Chhattisgarh,RAIGARH,2012,Kharif,Moong(Green Gram),1813,542,0.298952013
Chhattisgarh,RAIGARH,2012,Kharif,Niger seed,1331,229,0.172051089
Chhattisgarh,RAIGARH,2012,Kharif,Other Kharif pulses,1123,335,0.298308103
Chhattisgarh,RAIGARH,2012,Kharif,Rice,240220,362982,1.51103988
Chhattisgarh,RAIGARH,2012,Kharif,Sesamum,2893,971,0.335637746
Chhattisgarh,RAIGARH,2012,Kharif,Small millets,227,64,0.281938326
Chhattisgarh,RAIGARH,2012,Kharif,Soyabean,2,2,1
Chhattisgarh,RAIGARH,2012,Kharif,Sunflower,2036,434,0.213163065
Chhattisgarh,RAIGARH,2012,Kharif,Urad,16657,3982,0.239058654
Chhattisgarh,RAIGARH,2012,Rabi,Gram,539,669,1.241187384
Chhattisgarh,RAIGARH,2012,Rabi,Horse-gram,3,1,0.333333333
Chhattisgarh,RAIGARH,2012,Rabi,Khesari,1509,695,0.460569914
Chhattisgarh,RAIGARH,2012,Rabi,Linseed,336,167,0.49702381
Chhattisgarh,RAIGARH,2012,Rabi,Masoor,117,39,0.333333333
Chhattisgarh,RAIGARH,2012,Rabi,Moong(Green Gram),1931,586,0.303469705
Chhattisgarh,RAIGARH,2012,Rabi,Other  Rabi pulses,215,54,0.251162791
Chhattisgarh,RAIGARH,2012,Rabi,Peas & beans (Pulses),848,322,0.379716981
Chhattisgarh,RAIGARH,2012,Rabi,Potato,1005,7666,7.627860697
Chhattisgarh,RAIGARH,2012,Rabi,Rapeseed &Mustard,1507,773,0.512939615
Chhattisgarh,RAIGARH,2012,Rabi,Safflower,21,4,0.19047619
Chhattisgarh,RAIGARH,2012,Rabi,Urad,169,32,0.189349112
Chhattisgarh,RAIGARH,2012,Rabi,Wheat,2365,4327,1.829598309
Chhattisgarh,RAIGARH,2012,Whole Year,Banana,101,602,5.96039604
Chhattisgarh,RAIGARH,2012,Whole Year,Coriander,218,49,0.224770642
Chhattisgarh,RAIGARH,2012,Whole Year,Dry chillies,573,610,1.064572426
Chhattisgarh,RAIGARH,2012,Whole Year,Dry ginger,672,803,1.194940476
Chhattisgarh,RAIGARH,2012,Whole Year,Garlic,96,278,2.895833333
Chhattisgarh,RAIGARH,2012,Whole Year,Onion,565,2659,4.70619469
Chhattisgarh,RAIGARH,2012,Whole Year,Sannhamp,285,103,0.361403509
Chhattisgarh,RAIGARH,2012,Whole Year,Sugarcane,240,747,3.1125
Chhattisgarh,RAIGARH,2012,Whole Year,Sweet potato,108,604,5.592592593
Chhattisgarh,RAIGARH,2012,Whole Year,Turmeric,99,74,0.747474747
Chhattisgarh,RAIGARH,2013,Kharif,Arhar/Tur,2760,1660,0.601449275
Chhattisgarh,RAIGARH,2013,Kharif,Groundnut,7364,10199,1.384980989
Chhattisgarh,RAIGARH,2013,Kharif,Horse-gram,3040,880,0.289473684
Chhattisgarh,RAIGARH,2013,Kharif,Maize,990,2105,2.126262626
Chhattisgarh,RAIGARH,2013,Kharif,Mesta,39,74,1.897435897
Chhattisgarh,RAIGARH,2013,Kharif,Moong(Green Gram),1806,522,0.289036545
Chhattisgarh,RAIGARH,2013,Kharif,Niger seed,1365,220,0.161172161
Chhattisgarh,RAIGARH,2013,Kharif,Other Kharif pulses,1188,372,0.313131313
Chhattisgarh,RAIGARH,2013,Kharif,Rice,237928,303252,1.274553646
Chhattisgarh,RAIGARH,2013,Kharif,Sannhamp,256,77,0.30078125
Chhattisgarh,RAIGARH,2013,Kharif,Sesamum,2850,911,0.319649123
Chhattisgarh,RAIGARH,2013,Kharif,Small millets,216,58,0.268518519
Chhattisgarh,RAIGARH,2013,Kharif,Soyabean,1,1,1
Chhattisgarh,RAIGARH,2013,Kharif,Sunflower,1900,,
Chhattisgarh,RAIGARH,2013,Kharif,Urad,16671,3856,0.231299862
Chhattisgarh,RAIGARH,2013,Rabi,Gram,516,444,0.860465116
Chhattisgarh,RAIGARH,2013,Rabi,Horse-gram,3,1,0.333333333
Chhattisgarh,RAIGARH,2013,Rabi,Khesari,1415,880,0.621908127
Chhattisgarh,RAIGARH,2013,Rabi,Linseed,336,146,0.43452381
Chhattisgarh,RAIGARH,2013,Rabi,Masoor,116,37,0.318965517
Chhattisgarh,RAIGARH,2013,Rabi,Moong(Green Gram),1754,525,0.299315849
Chhattisgarh,RAIGARH,2013,Rabi,Other  Rabi pulses,217,285,1.313364055
Chhattisgarh,RAIGARH,2013,Rabi,Peas & beans (Pulses),894,334,0.37360179
Chhattisgarh,RAIGARH,2013,Rabi,Potato,1005,5590,5.562189055
Chhattisgarh,RAIGARH,2013,Rabi,Rapeseed &Mustard,1494,842,0.563587684
Chhattisgarh,RAIGARH,2013,Rabi,Safflower,22,5,0.227272727
Chhattisgarh,RAIGARH,2013,Rabi,Urad,112,21,0.1875
Chhattisgarh,RAIGARH,2013,Rabi,Wheat,5517,9562,1.733188327
Chhattisgarh,RAIGARH,2013,Whole Year,Bajra,14,6,0.428571429
Chhattisgarh,RAIGARH,2013,Whole Year,Banana,95,3110,32.73684211
Chhattisgarh,RAIGARH,2013,Whole Year,Coriander,225,40,0.177777778
Chhattisgarh,RAIGARH,2013,Whole Year,Dry chillies,574,444,0.773519164
Chhattisgarh,RAIGARH,2013,Whole Year,Dry ginger,569,658,1.156414763
Chhattisgarh,RAIGARH,2013,Whole Year,Garlic,94,294,3.127659574
Chhattisgarh,RAIGARH,2013,Whole Year,Jowar,2,1,0.5
Chhattisgarh,RAIGARH,2013,Whole Year,Onion,621,6295,10.13687601
Chhattisgarh,RAIGARH,2013,Whole Year,Sugarcane,243,720,2.962962963
Chhattisgarh,RAIGARH,2013,Whole Year,Sweet potato,100,597,5.97
Chhattisgarh,RAIGARH,2013,Whole Year,Turmeric,114,89,0.780701754
Chhattisgarh,RAIGARH,2014,Kharif,Arhar/Tur,2308,1620,0.701906412
Chhattisgarh,RAIGARH,2014,Kharif,Bajra,11,5,0.454545455
Chhattisgarh,RAIGARH,2014,Kharif,Groundnut,7134,9796,1.373142697
Chhattisgarh,RAIGARH,2014,Kharif,Horse-gram,3088,968,0.313471503
Chhattisgarh,RAIGARH,2014,Kharif,Maize,924,1907,2.063852814
Chhattisgarh,RAIGARH,2014,Kharif,Mesta,43,88,2.046511628
Chhattisgarh,RAIGARH,2014,Kharif,Moong(Green Gram),1723,540,0.313406849
Chhattisgarh,RAIGARH,2014,Kharif,Niger seed,1350,243,0.18
Chhattisgarh,RAIGARH,2014,Kharif,Other Kharif pulses,1263,396,0.313539192
Chhattisgarh,RAIGARH,2014,Kharif,Rice,228200,367385,1.609925504
Chhattisgarh,RAIGARH,2014,Kharif,Sannhamp,259,101,0.38996139
Chhattisgarh,RAIGARH,2014,Kharif,Sesamum,2643,1478,0.559213016
Chhattisgarh,RAIGARH,2014,Kharif,Small millets,233,79,0.339055794
Chhattisgarh,RAIGARH,2014,Kharif,Soyabean,3,3,1
Chhattisgarh,RAIGARH,2014,Kharif,Sunflower,1670,381,0.228143713
Chhattisgarh,RAIGARH,2014,Kharif,Urad,16710,4188,0.250628366
Chhattisgarh,RAIGARH,2014,Rabi,Gram,569,758,1.332161687
Chhattisgarh,RAIGARH,2014,Rabi,Khesari,1472,1503,1.021059783
Chhattisgarh,RAIGARH,2014,Rabi,Linseed,299,147,0.491638796
Chhattisgarh,RAIGARH,2014,Rabi,Masoor,124,42,0.338709677
Chhattisgarh,RAIGARH,2014,Rabi,Moong(Green Gram),1702,533,0.313160987
Chhattisgarh,RAIGARH,2014,Rabi,Other  Rabi pulses,235,72,0.306382979
Chhattisgarh,RAIGARH,2014,Rabi,Peas & beans (Pulses),855,335,0.391812865
Chhattisgarh,RAIGARH,2014,Rabi,Potato,1030,7106,6.899029126
Chhattisgarh,RAIGARH,2014,Rabi,Rapeseed &Mustard,1729,960,0.555234239
Chhattisgarh,RAIGARH,2014,Rabi,Safflower,8,2,0.25
Chhattisgarh,RAIGARH,2014,Rabi,Urad,208,41,0.197115385
Chhattisgarh,RAIGARH,2014,Rabi,Wheat,2464,5338,2.166396104
Chhattisgarh,RAIGARH,2014,Whole Year,Banana,92,3010,32.7173913
Chhattisgarh,RAIGARH,2014,Whole Year,Dry chillies,614,344,0.560260586
Chhattisgarh,RAIGARH,2014,Whole Year,Dry ginger,589,772,1.310696095
Chhattisgarh,RAIGARH,2014,Whole Year,Garlic,106,317,2.990566038
Chhattisgarh,RAIGARH,2014,Whole Year,Jowar,3,2,0.666666667
Chhattisgarh,RAIGARH,2014,Whole Year,Sugarcane,291,1480,5.085910653
Chhattisgarh,RAIGARH,2014,Whole Year,Sweet potato,80,478,5.975
Chhattisgarh,RAIGARH,2014,Whole Year,Turmeric,784,641,0.817602041
Chhattisgarh,RAIPUR,2000,Kharif,Arhar/Tur,2615,705,0.26959847
Chhattisgarh,RAIPUR,2000,Kharif,Castor seed,33,9,0.272727273
Chhattisgarh,RAIPUR,2000,Kharif,Groundnut,1143,856,0.748906387
Chhattisgarh,RAIPUR,2000,Kharif,Horse-gram,1143,272,0.237970254
Chhattisgarh,RAIPUR,2000,Kharif,Jowar,199,117,0.587939698
Chhattisgarh,RAIPUR,2000,Kharif,Maize,585,556,0.95042735
Chhattisgarh,RAIPUR,2000,Kharif,Moong(Green Gram),450,66,0.146666667
Chhattisgarh,RAIPUR,2000,Kharif,Niger seed,108,13,0.12037037
Chhattisgarh,RAIPUR,2000,Kharif,Other Kharif pulses,257,83,0.322957198
Chhattisgarh,RAIPUR,2000,Kharif,Ragi,820,203,0.247560976
Chhattisgarh,RAIPUR,2000,Kharif,Rice,513066,208356,0.4060998
Chhattisgarh,RAIPUR,2000,Kharif,Sesamum,3435,531,0.154585153
Chhattisgarh,RAIPUR,2000,Kharif,Small millets,8166,527,0.06453588
Chhattisgarh,RAIPUR,2000,Kharif,Soyabean,733,453,0.618008186
Chhattisgarh,RAIPUR,2000,Kharif,Sunflower,140,52,0.371428571
Chhattisgarh,RAIPUR,2000,Kharif,Urad,5301,1096,0.206753443
Chhattisgarh,RAIPUR,2000,Rabi,Gram,3947,2425,0.614390676
Chhattisgarh,RAIPUR,2000,Rabi,Khesari,29521,11003,0.372717726
Chhattisgarh,RAIPUR,2000,Rabi,Linseed,1942,380,0.195674562
Chhattisgarh,RAIPUR,2000,Rabi,Masoor,1087,361,0.332106716
Chhattisgarh,RAIPUR,2000,Rabi,Moong(Green Gram),1600,281,0.175625
Chhattisgarh,RAIPUR,2000,Rabi,Other  Rabi pulses,234,77,0.329059829
Chhattisgarh,RAIPUR,2000,Rabi,Peas & beans (Pulses),751,322,0.428761651
Chhattisgarh,RAIPUR,2000,Rabi,Rapeseed &Mustard,605,182,0.300826446
Chhattisgarh,RAIPUR,2000,Rabi,Safflower,83,19,0.228915663
Chhattisgarh,RAIPUR,2000,Rabi,Urad,592,143,0.241554054
Chhattisgarh,RAIPUR,2000,Rabi,Wheat,5412,7040,1.300813008
Chhattisgarh,RAIPUR,2000,Whole Year,Banana,21,950,45.23809524
Chhattisgarh,RAIPUR,2000,Whole Year,Coriander,295,108,0.366101695
Chhattisgarh,RAIPUR,2000,Whole Year,Dry chillies,501,139,0.27744511
Chhattisgarh,RAIPUR,2000,Whole Year,Dry ginger,1,1,1
Chhattisgarh,RAIPUR,2000,Whole Year,Garlic,5,14,2.8
Chhattisgarh,RAIPUR,2000,Whole Year,Onion,290,2078,7.165517241
Chhattisgarh,RAIPUR,2000,Whole Year,Potato,171,1427,8.34502924
Chhattisgarh,RAIPUR,2000,Whole Year,Sannhamp,43,10,0.23255814
Chhattisgarh,RAIPUR,2000,Whole Year,Sugarcane,112,326,2.910714286
Chhattisgarh,RAIPUR,2000,Whole Year,Sweet potato,128,682,5.328125
Chhattisgarh,RAIPUR,2000,Whole Year,Turmeric,15,26,1.733333333
Chhattisgarh,RAIPUR,2001,Kharif,Arhar/Tur,2804,748,0.266761769
Chhattisgarh,RAIPUR,2001,Kharif,Castor seed,9,3,0.333333333
Chhattisgarh,RAIPUR,2001,Kharif,Groundnut,1291,1418,1.098373354
Chhattisgarh,RAIPUR,2001,Kharif,Horse-gram,1078,335,0.310760668
Chhattisgarh,RAIPUR,2001,Kharif,Jowar,143,114,0.797202797
Chhattisgarh,RAIPUR,2001,Kharif,Maize,611,352,0.576104746
Chhattisgarh,RAIPUR,2001,Kharif,Mesta,12,30,2.5
Chhattisgarh,RAIPUR,2001,Kharif,Moong(Green Gram),486,107,0.220164609
Chhattisgarh,RAIPUR,2001,Kharif,Niger seed,105,18,0.171428571
Chhattisgarh,RAIPUR,2001,Kharif,Other Kharif pulses,305,102,0.33442623
Chhattisgarh,RAIPUR,2001,Kharif,Ragi,848,232,0.273584906
Chhattisgarh,RAIPUR,2001,Kharif,Rice,517577,616749,1.191608205
Chhattisgarh,RAIPUR,2001,Kharif,Sesamum,3363,809,0.240559025
Chhattisgarh,RAIPUR,2001,Kharif,Small millets,7890,1209,0.153231939
Chhattisgarh,RAIPUR,2001,Kharif,Soyabean,756,860,1.137566138
Chhattisgarh,RAIPUR,2001,Kharif,Sunflower,291,111,0.381443299
Chhattisgarh,RAIPUR,2001,Kharif,Urad,5132,1704,0.332034295
Chhattisgarh,RAIPUR,2001,Rabi,Gram,6970,5597,0.803012912
Chhattisgarh,RAIPUR,2001,Rabi,Khesari,76172,43344,0.569027989
Chhattisgarh,RAIPUR,2001,Rabi,Linseed,2306,593,0.257155247
Chhattisgarh,RAIPUR,2001,Rabi,Masoor,1861,702,0.37721655
Chhattisgarh,RAIPUR,2001,Rabi,Moong(Green Gram),1525,341,0.223606557
Chhattisgarh,RAIPUR,2001,Rabi,Other  Rabi pulses,302,103,0.341059603
Chhattisgarh,RAIPUR,2001,Rabi,Peas & beans (Pulses),1422,601,0.422644163
Chhattisgarh,RAIPUR,2001,Rabi,Rapeseed &Mustard,759,251,0.330698287
Chhattisgarh,RAIPUR,2001,Rabi,Safflower,88,21,0.238636364
Chhattisgarh,RAIPUR,2001,Rabi,Urad,601,160,0.266222962
Chhattisgarh,RAIPUR,2001,Rabi,Wheat,9649,12349,1.279821743
Chhattisgarh,RAIPUR,2001,Whole Year,Banana,19,860,45.26315789
Chhattisgarh,RAIPUR,2001,Whole Year,Coriander,325,125,0.384615385
Chhattisgarh,RAIPUR,2001,Whole Year,Dry chillies,974,570,0.585215606
Chhattisgarh,RAIPUR,2001,Whole Year,Dry ginger,12,6,0.5
Chhattisgarh,RAIPUR,2001,Whole Year,Garlic,8,23,2.875
Chhattisgarh,RAIPUR,2001,Whole Year,Onion,336,2817,8.383928571
Chhattisgarh,RAIPUR,2001,Whole Year,Potato,173,1391,8.040462428
Chhattisgarh,RAIPUR,2001,Whole Year,Sannhamp,87,29,0.333333333
Chhattisgarh,RAIPUR,2001,Whole Year,Sugarcane,65,190,2.923076923
Chhattisgarh,RAIPUR,2001,Whole Year,Sweet potato,121,644,5.32231405
Chhattisgarh,RAIPUR,2001,Whole Year,Turmeric,17,29,1.705882353
Chhattisgarh,RAIPUR,2002,Kharif,Arhar/Tur,3069,885,0.288367546
Chhattisgarh,RAIPUR,2002,Kharif,Castor seed,12,4,0.333333333
Chhattisgarh,RAIPUR,2002,Kharif,Groundnut,1064,1000,0.939849624
Chhattisgarh,RAIPUR,2002,Kharif,Horse-gram,1024,301,0.293945313
Chhattisgarh,RAIPUR,2002,Kharif,Jowar,175,185,1.057142857
Chhattisgarh,RAIPUR,2002,Kharif,Maize,676,764,1.130177515
Chhattisgarh,RAIPUR,2002,Kharif,Mesta,16,35,2.1875
Chhattisgarh,RAIPUR,2002,Kharif,Moong(Green Gram),460,89,0.193478261
Chhattisgarh,RAIPUR,2002,Kharif,Niger seed,90,15,0.166666667
Chhattisgarh,RAIPUR,2002,Kharif,Other Kharif pulses,352,117,0.332386364
Chhattisgarh,RAIPUR,2002,Kharif,Ragi,829,222,0.267792521
Chhattisgarh,RAIPUR,2002,Kharif,Rice,516328,386465,0.748487396
Chhattisgarh,RAIPUR,2002,Kharif,Sesamum,3293,897,0.272395991
Chhattisgarh,RAIPUR,2002,Kharif,Small millets,7143,738,0.103317934
Chhattisgarh,RAIPUR,2002,Kharif,Soyabean,728,509,0.699175824
Chhattisgarh,RAIPUR,2002,Kharif,Sunflower,215,80,0.372093023
Chhattisgarh,RAIPUR,2002,Kharif,Urad,5156,1583,0.307020946
Chhattisgarh,RAIPUR,2002,Rabi,Gram,6811,4532,0.665394215
Chhattisgarh,RAIPUR,2002,Rabi,Horse-gram,834,245,0.293764988
Chhattisgarh,RAIPUR,2002,Rabi,Khesari,50473,26037,0.515859965
Chhattisgarh,RAIPUR,2002,Rabi,Linseed,2151,665,0.309158531
Chhattisgarh,RAIPUR,2002,Rabi,Masoor,1794,619,0.345039019
Chhattisgarh,RAIPUR,2002,Rabi,Moong(Green Gram),1425,302,0.211929825
Chhattisgarh,RAIPUR,2002,Rabi,Other  Rabi pulses,282,96,0.340425532
Chhattisgarh,RAIPUR,2002,Rabi,Peas & beans (Pulses),984,352,0.357723577
Chhattisgarh,RAIPUR,2002,Rabi,Rapeseed &Mustard,784,235,0.299744898
Chhattisgarh,RAIPUR,2002,Rabi,Safflower,78,16,0.205128205
Chhattisgarh,RAIPUR,2002,Rabi,Urad,539,131,0.243042672
Chhattisgarh,RAIPUR,2002,Rabi,Wheat,7657,10188,1.330547212
Chhattisgarh,RAIPUR,2002,Whole Year,Banana,22,980,44.54545455
Chhattisgarh,RAIPUR,2002,Whole Year,Coriander,358,123,0.343575419
Chhattisgarh,RAIPUR,2002,Whole Year,Dry chillies,1076,1075,0.999070632
Chhattisgarh,RAIPUR,2002,Whole Year,Dry ginger,21,21,1
Chhattisgarh,RAIPUR,2002,Whole Year,Garlic,10,29,2.9
Chhattisgarh,RAIPUR,2002,Whole Year,Onion,378,2952,7.80952381
Chhattisgarh,RAIPUR,2002,Whole Year,Papaya,22,784,35.63636364
Chhattisgarh,RAIPUR,2002,Whole Year,Potato,129,999,7.744186047
Chhattisgarh,RAIPUR,2002,Whole Year,Sannhamp,40,12,0.3
Chhattisgarh,RAIPUR,2002,Whole Year,Sugarcane,61,162,2.655737705
Chhattisgarh,RAIPUR,2002,Whole Year,Sweet potato,122,639,5.237704918
Chhattisgarh,RAIPUR,2002,Whole Year,Turmeric,13,22,1.692307692
Chhattisgarh,RAIPUR,2003,Kharif,Arhar/Tur,3216,1247,0.387748756
Chhattisgarh,RAIPUR,2003,Kharif,Castor seed,18,5,0.277777778
Chhattisgarh,RAIPUR,2003,Kharif,Cotton(lint),15,32,2.133333333
Chhattisgarh,RAIPUR,2003,Kharif,Groundnut,1148,1118,0.973867596
Chhattisgarh,RAIPUR,2003,Kharif,Horse-gram,1057,330,0.312204352
Chhattisgarh,RAIPUR,2003,Kharif,Jowar,161,137,0.850931677
Chhattisgarh,RAIPUR,2003,Kharif,Maize,1670,1582,0.947305389
Chhattisgarh,RAIPUR,2003,Kharif,Mesta,16,34,2.125
Chhattisgarh,RAIPUR,2003,Kharif,Moong(Green Gram),453,96,0.21192053
Chhattisgarh,RAIPUR,2003,Kharif,Niger seed,80,13,0.1625
Chhattisgarh,RAIPUR,2003,Kharif,Other Kharif pulses,382,128,0.335078534
Chhattisgarh,RAIPUR,2003,Kharif,Ragi,829,226,0.272617612
Chhattisgarh,RAIPUR,2003,Kharif,Rice,520847,711370,1.365794562
Chhattisgarh,RAIPUR,2003,Kharif,Sesamum,3207,915,0.285313377
Chhattisgarh,RAIPUR,2003,Kharif,Small millets,5945,911,0.153238015
Chhattisgarh,RAIPUR,2003,Kharif,Soyabean,799,855,1.07008761
Chhattisgarh,RAIPUR,2003,Kharif,Sunflower,376,142,0.377659574
Chhattisgarh,RAIPUR,2003,Kharif,Urad,4940,1702,0.344534413
Chhattisgarh,RAIPUR,2003,Rabi,Gram,8698,8604,0.989192918
Chhattisgarh,RAIPUR,2003,Rabi,Horse-gram,839,256,0.305125149
Chhattisgarh,RAIPUR,2003,Rabi,Khesari,83166,50211,0.603744319
Chhattisgarh,RAIPUR,2003,Rabi,Linseed,2374,699,0.294439764
Chhattisgarh,RAIPUR,2003,Rabi,Masoor,2172,763,0.351289134
Chhattisgarh,RAIPUR,2003,Rabi,Moong(Green Gram),1657,286,0.172601086
Chhattisgarh,RAIPUR,2003,Rabi,Other  Rabi pulses,295,99,0.33559322
Chhattisgarh,RAIPUR,2003,Rabi,Peas & beans (Pulses),2341,838,0.357966681
Chhattisgarh,RAIPUR,2003,Rabi,Rapeseed &Mustard,1201,451,0.3755204
Chhattisgarh,RAIPUR,2003,Rabi,Safflower,93,20,0.215053763
Chhattisgarh,RAIPUR,2003,Rabi,Urad,594,147,0.247474747
Chhattisgarh,RAIPUR,2003,Rabi,Wheat,9963,12897,1.294489612
Chhattisgarh,RAIPUR,2003,Whole Year,Banana,29,1291,44.51724138
Chhattisgarh,RAIPUR,2003,Whole Year,Coriander,367,136,0.370572207
Chhattisgarh,RAIPUR,2003,Whole Year,Dry chillies,1018,735,0.722003929
Chhattisgarh,RAIPUR,2003,Whole Year,Dry ginger,12,13,1.083333333
Chhattisgarh,RAIPUR,2003,Whole Year,Garlic,7,21,3
Chhattisgarh,RAIPUR,2003,Whole Year,Onion,391,2590,6.624040921
Chhattisgarh,RAIPUR,2003,Whole Year,Papaya,69,2338,33.88405797
Chhattisgarh,RAIPUR,2003,Whole Year,Potato,129,741,5.744186047
Chhattisgarh,RAIPUR,2003,Whole Year,Sannhamp,44,14,0.318181818
Chhattisgarh,RAIPUR,2003,Whole Year,Sugarcane,111,307,2.765765766
Chhattisgarh,RAIPUR,2003,Whole Year,Sweet potato,150,772,5.146666667
Chhattisgarh,RAIPUR,2003,Whole Year,Turmeric,17,30,1.764705882
Chhattisgarh,RAIPUR,2004,Kharif,Arhar/Tur,3140,1157,0.368471338
Chhattisgarh,RAIPUR,2004,Kharif,Bajra,2,1,0.5
Chhattisgarh,RAIPUR,2004,Kharif,Castor seed,18,5,0.277777778
Chhattisgarh,RAIPUR,2004,Kharif,Cotton(lint),56,115,2.053571429
Chhattisgarh,RAIPUR,2004,Kharif,Groundnut,1125,1248,1.109333333
Chhattisgarh,RAIPUR,2004,Kharif,Horse-gram,1860,530,0.284946237
Chhattisgarh,RAIPUR,2004,Kharif,Jowar,152,100,0.657894737
Chhattisgarh,RAIPUR,2004,Kharif,Maize,780,825,1.057692308
Chhattisgarh,RAIPUR,2004,Kharif,Mesta,1,2,2
Chhattisgarh,RAIPUR,2004,Kharif,Moong(Green Gram),503,101,0.200795229
Chhattisgarh,RAIPUR,2004,Kharif,Niger seed,48,8,0.166666667
Chhattisgarh,RAIPUR,2004,Kharif,Other Kharif pulses,401,126,0.314214464
Chhattisgarh,RAIPUR,2004,Kharif,Ragi,810,226,0.279012346
Chhattisgarh,RAIPUR,2004,Kharif,Rice,521744,626563,1.200901208
Chhattisgarh,RAIPUR,2004,Kharif,Sesamum,3174,1002,0.315689981
Chhattisgarh,RAIPUR,2004,Kharif,Small millets,6688,1188,0.177631579
Chhattisgarh,RAIPUR,2004,Kharif,Soyabean,794,1005,1.265743073
Chhattisgarh,RAIPUR,2004,Kharif,Sunflower,304,112,0.368421053
Chhattisgarh,RAIPUR,2004,Kharif,Urad,4931,1607,0.325897384
Chhattisgarh,RAIPUR,2004,Rabi,Gram,8525,4639,0.544164223
Chhattisgarh,RAIPUR,2004,Rabi,Khesari,78797,29800,0.378186987
Chhattisgarh,RAIPUR,2004,Rabi,Linseed,2169,492,0.226832642
Chhattisgarh,RAIPUR,2004,Rabi,Masoor,2148,615,0.286312849
Chhattisgarh,RAIPUR,2004,Rabi,Moong(Green Gram),1719,237,0.137870855
Chhattisgarh,RAIPUR,2004,Rabi,Other  Rabi pulses,27,110,4.074074074
Chhattisgarh,RAIPUR,2004,Rabi,Peas & beans (Pulses),2643,774,0.292849035
Chhattisgarh,RAIPUR,2004,Rabi,Rapeseed &Mustard,1352,467,0.345414201
Chhattisgarh,RAIPUR,2004,Rabi,Safflower,124,25,0.201612903
Chhattisgarh,RAIPUR,2004,Rabi,Urad,609,125,0.205254516
Chhattisgarh,RAIPUR,2004,Rabi,Wheat,9081,9446,1.040193811
Chhattisgarh,RAIPUR,2004,Whole Year,Banana,24,1069,44.54166667
Chhattisgarh,RAIPUR,2004,Whole Year,Coriander,339,121,0.356932153
Chhattisgarh,RAIPUR,2004,Whole Year,Dry chillies,1028,655,0.637159533
Chhattisgarh,RAIPUR,2004,Whole Year,Dry ginger,8,9,1.125
Chhattisgarh,RAIPUR,2004,Whole Year,Garlic,3,8,2.666666667
Chhattisgarh,RAIPUR,2004,Whole Year,Onion,348,2016,5.793103448
Chhattisgarh,RAIPUR,2004,Whole Year,Potato,138,916,6.637681159
Chhattisgarh,RAIPUR,2004,Whole Year,Sannhamp,71,23,0.323943662
Chhattisgarh,RAIPUR,2004,Whole Year,Sugarcane,114,287,2.51754386
Chhattisgarh,RAIPUR,2004,Whole Year,Sweet potato,233,1200,5.150214592
Chhattisgarh,RAIPUR,2004,Whole Year,Turmeric,16,27,1.6875
Chhattisgarh,RAIPUR,2005,Kharif,Arhar/Tur,3099,897,0.289448209
Chhattisgarh,RAIPUR,2005,Kharif,Bajra,2,1,0.5
Chhattisgarh,RAIPUR,2005,Kharif,Castor seed,11,3,0.272727273
Chhattisgarh,RAIPUR,2005,Kharif,Cotton(lint),51,93,1.823529412
Chhattisgarh,RAIPUR,2005,Kharif,Groundnut,1263,1386,1.097387173
Chhattisgarh,RAIPUR,2005,Kharif,Horse-gram,1313,357,0.27189642
Chhattisgarh,RAIPUR,2005,Kharif,Jowar,139,107,0.769784173
Chhattisgarh,RAIPUR,2005,Kharif,Maize,2113,1864,0.882158069
Chhattisgarh,RAIPUR,2005,Kharif,Mesta,3,6,2
Chhattisgarh,RAIPUR,2005,Kharif,Moong(Green Gram),513,103,0.200779727
Chhattisgarh,RAIPUR,2005,Kharif,Niger seed,66,11,0.166666667
Chhattisgarh,RAIPUR,2005,Kharif,Other Kharif pulses,379,117,0.308707124
Chhattisgarh,RAIPUR,2005,Kharif,Rice,518561,804924,1.552226257
Chhattisgarh,RAIPUR,2005,Kharif,Sesamum,2804,872,0.310984308
Chhattisgarh,RAIPUR,2005,Kharif,Small millets,6249,878,0.14050248
Chhattisgarh,RAIPUR,2005,Kharif,Soyabean,728,870,1.195054945
Chhattisgarh,RAIPUR,2005,Kharif,Sunflower,279,101,0.362007168
Chhattisgarh,RAIPUR,2005,Kharif,Urad,4857,1613,0.332098003
Chhattisgarh,RAIPUR,2005,Rabi,Gram,9714,7289,0.750360305
Chhattisgarh,RAIPUR,2005,Rabi,Horse-gram,613,170,0.277324633
Chhattisgarh,RAIPUR,2005,Rabi,Khesari,85215,35688,0.418799507
Chhattisgarh,RAIPUR,2005,Rabi,Linseed,2047,464,0.22667318
Chhattisgarh,RAIPUR,2005,Rabi,Masoor,2491,827,0.331995183
Chhattisgarh,RAIPUR,2005,Rabi,Moong(Green Gram),1899,291,0.153238547
Chhattisgarh,RAIPUR,2005,Rabi,Other  Rabi pulses,268,85,0.317164179
Chhattisgarh,RAIPUR,2005,Rabi,Peas & beans (Pulses),3261,1104,0.338546458
Chhattisgarh,RAIPUR,2005,Rabi,Rapeseed &Mustard,1466,455,0.310368349
Chhattisgarh,RAIPUR,2005,Rabi,Safflower,97,20,0.206185567
Chhattisgarh,RAIPUR,2005,Rabi,Urad,735,165,0.224489796
Chhattisgarh,RAIPUR,2005,Rabi,Wheat,8747,8145,0.931176403
Chhattisgarh,RAIPUR,2005,Whole Year,Banana,39,1765,45.25641026
Chhattisgarh,RAIPUR,2005,Whole Year,Coriander,451,162,0.359201774
Chhattisgarh,RAIPUR,2005,Whole Year,Dry chillies,968,289,0.298553719
Chhattisgarh,RAIPUR,2005,Whole Year,Dry ginger,43,55,1.279069767
Chhattisgarh,RAIPUR,2005,Whole Year,Garlic,9,25,2.777777778
Chhattisgarh,RAIPUR,2005,Whole Year,Onion,422,2185,5.177725118
Chhattisgarh,RAIPUR,2005,Whole Year,Potato,120,623,5.191666667
Chhattisgarh,RAIPUR,2005,Whole Year,Sannhamp,95,26,0.273684211
Chhattisgarh,RAIPUR,2005,Whole Year,Sugarcane,128,354,2.765625
Chhattisgarh,RAIPUR,2005,Whole Year,Sweet potato,142,731,5.147887324
Chhattisgarh,RAIPUR,2005,Whole Year,Turmeric,16,27,1.6875
Chhattisgarh,RAIPUR,2006,Kharif,Arhar/Tur,3130,815,0.260383387
Chhattisgarh,RAIPUR,2006,Kharif,Bajra,11,11,1
Chhattisgarh,RAIPUR,2006,Kharif,Castor seed,31,9,0.290322581
Chhattisgarh,RAIPUR,2006,Kharif,Cotton(lint),37,76,2.054054054
Chhattisgarh,RAIPUR,2006,Kharif,Groundnut,1191,1200,1.007556675
Chhattisgarh,RAIPUR,2006,Kharif,Horse-gram,1327,383,0.28862095
Chhattisgarh,RAIPUR,2006,Kharif,Jowar,217,174,0.801843318
Chhattisgarh,RAIPUR,2006,Kharif,Maize,2253,2195,0.974256547
Chhattisgarh,RAIPUR,2006,Kharif,Mesta,2,4,2
Chhattisgarh,RAIPUR,2006,Kharif,Moong(Green Gram),547,109,0.199268739
Chhattisgarh,RAIPUR,2006,Kharif,Niger seed,63,11,0.174603175
Chhattisgarh,RAIPUR,2006,Kharif,Other Kharif pulses,451,132,0.292682927
Chhattisgarh,RAIPUR,2006,Kharif,Potato,3,29,9.666666667
Chhattisgarh,RAIPUR,2006,Kharif,Ragi,647,180,0.27820711
Chhattisgarh,RAIPUR,2006,Kharif,Rice,534394,785967,1.470763145
Chhattisgarh,RAIPUR,2006,Kharif,Sesamum,2715,775,0.285451197
Chhattisgarh,RAIPUR,2006,Kharif,Small millets,5155,745,0.144519884
Chhattisgarh,RAIPUR,2006,Kharif,Soyabean,744,937,1.259408602
Chhattisgarh,RAIPUR,2006,Kharif,Sunflower,309,116,0.375404531
Chhattisgarh,RAIPUR,2006,Kharif,Urad,4815,1568,0.325649013
Chhattisgarh,RAIPUR,2006,Rabi,Gram,9285,8448,0.909854604
Chhattisgarh,RAIPUR,2006,Rabi,Horse-gram,584,162,0.27739726
Chhattisgarh,RAIPUR,2006,Rabi,Khesari,79988,39287,0.491161174
Chhattisgarh,RAIPUR,2006,Rabi,Linseed,1710,410,0.239766082
Chhattisgarh,RAIPUR,2006,Rabi,Masoor,2298,763,0.33202785
Chhattisgarh,RAIPUR,2006,Rabi,Moong(Green Gram),2032,311,0.153051181
Chhattisgarh,RAIPUR,2006,Rabi,Other  Rabi pulses,284,92,0.323943662
Chhattisgarh,RAIPUR,2006,Rabi,Peas & beans (Pulses),3314,1121,0.338261919
Chhattisgarh,RAIPUR,2006,Rabi,Potato,111,482,4.342342342
Chhattisgarh,RAIPUR,2006,Rabi,Rapeseed &Mustard,1338,500,0.373692078
Chhattisgarh,RAIPUR,2006,Rabi,Safflower,109,23,0.211009174
Chhattisgarh,RAIPUR,2006,Rabi,Urad,684,157,0.229532164
Chhattisgarh,RAIPUR,2006,Rabi,Wheat,8609,9163,1.06435126
Chhattisgarh,RAIPUR,2006,Whole Year,Banana,52,2392,46
Chhattisgarh,RAIPUR,2006,Whole Year,Coriander,446,165,0.369955157
Chhattisgarh,RAIPUR,2006,Whole Year,Dry chillies,996,407,0.408634538
Chhattisgarh,RAIPUR,2006,Whole Year,Dry ginger,13,14,1.076923077
Chhattisgarh,RAIPUR,2006,Whole Year,Garlic,15,42,2.8
Chhattisgarh,RAIPUR,2006,Whole Year,Onion,427,1868,4.37470726
Chhattisgarh,RAIPUR,2006,Whole Year,Sannhamp,73,21,0.287671233
Chhattisgarh,RAIPUR,2006,Whole Year,Sugarcane,148,409,2.763513514
Chhattisgarh,RAIPUR,2006,Whole Year,Sweet potato,126,671,5.325396825
Chhattisgarh,RAIPUR,2006,Whole Year,Turmeric,33,1,0.03030303
Chhattisgarh,RAIPUR,2007,Kharif,Arhar/Tur,2942,932,0.316791298
Chhattisgarh,RAIPUR,2007,Kharif,Bajra,11,9,0.818181818
Chhattisgarh,RAIPUR,2007,Kharif,Castor seed,79,24,0.303797468
Chhattisgarh,RAIPUR,2007,Kharif,Cotton(lint),9,16,1.777777778
Chhattisgarh,RAIPUR,2007,Kharif,Groundnut,1183,1261,1.065934066
Chhattisgarh,RAIPUR,2007,Kharif,Horse-gram,1438,423,0.294158554
Chhattisgarh,RAIPUR,2007,Kharif,Jowar,141,126,0.893617021
Chhattisgarh,RAIPUR,2007,Kharif,Maize,2189,2468,1.127455459
Chhattisgarh,RAIPUR,2007,Kharif,Mesta,6,13,2.166666667
Chhattisgarh,RAIPUR,2007,Kharif,Moong(Green Gram),580,118,0.203448276
Chhattisgarh,RAIPUR,2007,Kharif,Niger seed,63,11,0.174603175
Chhattisgarh,RAIPUR,2007,Kharif,Other Kharif pulses,424,131,0.308962264
Chhattisgarh,RAIPUR,2007,Kharif,Potato,3,15,5
Chhattisgarh,RAIPUR,2007,Kharif,Ragi,648,177,0.273148148
Chhattisgarh,RAIPUR,2007,Kharif,Rice,539878,805433,1.491879647
Chhattisgarh,RAIPUR,2007,Kharif,Sesamum,2670,797,0.298501873
Chhattisgarh,RAIPUR,2007,Kharif,Small millets,4935,788,0.159675785
Chhattisgarh,RAIPUR,2007,Kharif,Soyabean,700,1030,1.471428571
Chhattisgarh,RAIPUR,2007,Kharif,Sunflower,276,100,0.362318841
Chhattisgarh,RAIPUR,2007,Kharif,Urad,4717,1536,0.325630697
Chhattisgarh,RAIPUR,2007,Rabi,Gram,8886,7747,0.871820842
Chhattisgarh,RAIPUR,2007,Rabi,Horse-gram,581,171,0.294320138
Chhattisgarh,RAIPUR,2007,Rabi,Khesari,78714,42609,0.541314125
Chhattisgarh,RAIPUR,2007,Rabi,Linseed,1561,449,0.287636131
Chhattisgarh,RAIPUR,2007,Rabi,Masoor,2046,679,0.331867058
Chhattisgarh,RAIPUR,2007,Rabi,Moong(Green Gram),2005,339,0.169077307
Chhattisgarh,RAIPUR,2007,Rabi,Other  Rabi pulses,268,84,0.313432836
Chhattisgarh,RAIPUR,2007,Rabi,Peas & beans (Pulses),3267,1105,0.338230793
Chhattisgarh,RAIPUR,2007,Rabi,Potato,117,613,5.239316239
Chhattisgarh,RAIPUR,2007,Rabi,Rapeseed &Mustard,1244,458,0.368167203
Chhattisgarh,RAIPUR,2007,Rabi,Safflower,44,9,0.204545455
Chhattisgarh,RAIPUR,2007,Rabi,Urad,655,153,0.233587786
Chhattisgarh,RAIPUR,2007,Rabi,Wheat,8707,9802,1.125760882
Chhattisgarh,RAIPUR,2007,Whole Year,Banana,35,1533,43.8
Chhattisgarh,RAIPUR,2007,Whole Year,Coriander,362,134,0.370165746
Chhattisgarh,RAIPUR,2007,Whole Year,Dry chillies,877,658,0.750285063
Chhattisgarh,RAIPUR,2007,Whole Year,Dry ginger,21,23,1.095238095
Chhattisgarh,RAIPUR,2007,Whole Year,Garlic,20,55,2.75
Chhattisgarh,RAIPUR,2007,Whole Year,Onion,285,1225,4.298245614
Chhattisgarh,RAIPUR,2007,Whole Year,Sannhamp,60,18,0.3
Chhattisgarh,RAIPUR,2007,Whole Year,Sugarcane,192,530,2.760416667
Chhattisgarh,RAIPUR,2007,Whole Year,Sweet potato,135,719,5.325925926
Chhattisgarh,RAIPUR,2007,Whole Year,Turmeric,36,61,1.694444444
Chhattisgarh,RAIPUR,2008,Kharif,Arhar/Tur,2893,1024,0.353957829
Chhattisgarh,RAIPUR,2008,Kharif,Castor seed,3,1,0.333333333
Chhattisgarh,RAIPUR,2008,Kharif,Coconut,1,,
Chhattisgarh,RAIPUR,2008,Kharif,Groundnut,986,1046,1.060851927
Chhattisgarh,RAIPUR,2008,Kharif,Horse-gram,1181,354,0.299745978
Chhattisgarh,RAIPUR,2008,Kharif,Jowar,115,153,1.330434783
Chhattisgarh,RAIPUR,2008,Kharif,Maize,960,1028,1.070833333
Chhattisgarh,RAIPUR,2008,Kharif,Mesta,8,17,2.125
Chhattisgarh,RAIPUR,2008,Kharif,Moong(Green Gram),494,103,0.208502024
Chhattisgarh,RAIPUR,2008,Kharif,Niger seed,47,8,0.170212766
Chhattisgarh,RAIPUR,2008,Kharif,Other Kharif pulses,345,109,0.315942029
Chhattisgarh,RAIPUR,2008,Kharif,Potato,6,,
Chhattisgarh,RAIPUR,2008,Kharif,Ragi,658,220,0.334346505
Chhattisgarh,RAIPUR,2008,Kharif,Rice,529148,691851,1.307481083
Chhattisgarh,RAIPUR,2008,Kharif,Sesamum,2397,811,0.338339591
Chhattisgarh,RAIPUR,2008,Kharif,Small millets,4731,640,0.135277954
Chhattisgarh,RAIPUR,2008,Kharif,Soyabean,521,695,1.333973129
Chhattisgarh,RAIPUR,2008,Kharif,Sunflower,206,81,0.393203883
Chhattisgarh,RAIPUR,2008,Kharif,Urad,4657,1547,0.332188104
Chhattisgarh,RAIPUR,2008,Rabi,Gram,8579,7473,0.871080546
Chhattisgarh,RAIPUR,2008,Rabi,Horse-gram,572,168,0.293706294
Chhattisgarh,RAIPUR,2008,Rabi,Khesari,75514,17993,0.238273698
Chhattisgarh,RAIPUR,2008,Rabi,Linseed,1235,340,0.275303644
Chhattisgarh,RAIPUR,2008,Rabi,Masoor,1929,640,0.331778123
Chhattisgarh,RAIPUR,2008,Rabi,Moong(Green Gram),2394,382,0.159565581
Chhattisgarh,RAIPUR,2008,Rabi,Other  Rabi pulses,252,80,0.317460317
Chhattisgarh,RAIPUR,2008,Rabi,Peas & beans (Pulses),3269,1106,0.338329764
Chhattisgarh,RAIPUR,2008,Rabi,Potato,125,718,5.744
Chhattisgarh,RAIPUR,2008,Rabi,Rapeseed &Mustard,1208,407,0.33692053
Chhattisgarh,RAIPUR,2008,Rabi,Safflower,84,34,0.404761905
Chhattisgarh,RAIPUR,2008,Rabi,Urad,506,118,0.233201581
Chhattisgarh,RAIPUR,2008,Rabi,Wheat,8242,8272,1.003639893
Chhattisgarh,RAIPUR,2008,Whole Year,Banana,44,1928,43.81818182
Chhattisgarh,RAIPUR,2008,Whole Year,Coriander,402,147,0.365671642
Chhattisgarh,RAIPUR,2008,Whole Year,Dry chillies,929,543,0.584499462
Chhattisgarh,RAIPUR,2008,Whole Year,Dry ginger,18,21,1.166666667
Chhattisgarh,RAIPUR,2008,Whole Year,Garlic,30,83,2.766666667
Chhattisgarh,RAIPUR,2008,Whole Year,Onion,358,1615,4.511173184
Chhattisgarh,RAIPUR,2008,Whole Year,Sannhamp,60,18,0.3
Chhattisgarh,RAIPUR,2008,Whole Year,Sugarcane,197,544,2.76142132
Chhattisgarh,RAIPUR,2008,Whole Year,Sweet potato,94,459,4.882978723
Chhattisgarh,RAIPUR,2008,Whole Year,Turmeric,37,63,1.702702703
Chhattisgarh,RAIPUR,2009,Kharif,Arhar/Tur,2903,989,0.340682053
Chhattisgarh,RAIPUR,2009,Kharif,Bajra,1,,
Chhattisgarh,RAIPUR,2009,Kharif,Castor seed,9,2,0.222222222
Chhattisgarh,RAIPUR,2009,Kharif,Groundnut,946,1436,1.517970402
Chhattisgarh,RAIPUR,2009,Kharif,Horse-gram,1115,316,0.283408072
Chhattisgarh,RAIPUR,2009,Kharif,Jowar,142,186,1.309859155
Chhattisgarh,RAIPUR,2009,Kharif,Maize,840,1046,1.245238095
Chhattisgarh,RAIPUR,2009,Kharif,Mesta,2,4,2
Chhattisgarh,RAIPUR,2009,Kharif,Moong(Green Gram),498,100,0.200803213
Chhattisgarh,RAIPUR,2009,Kharif,Niger seed,31,5,0.161290323
Chhattisgarh,RAIPUR,2009,Kharif,Other Kharif pulses,358,116,0.324022346
Chhattisgarh,RAIPUR,2009,Kharif,Ragi,603,,
Chhattisgarh,RAIPUR,2009,Kharif,Rice,521918,753589,1.443883905
Chhattisgarh,RAIPUR,2009,Kharif,Sesamum,2438,1060,0.434782609
Chhattisgarh,RAIPUR,2009,Kharif,Small millets,4382,439,0.100182565
Chhattisgarh,RAIPUR,2009,Kharif,Soyabean,455,525,1.153846154
Chhattisgarh,RAIPUR,2009,Kharif,Sunflower,203,81,0.399014778
Chhattisgarh,RAIPUR,2009,Kharif,Urad,4544,1509,0.332086268
Chhattisgarh,RAIPUR,2009,Rabi,Gram,8474,8616,1.016757139
Chhattisgarh,RAIPUR,2009,Rabi,Horse-gram,545,166,0.304587156
Chhattisgarh,RAIPUR,2009,Rabi,Khesari,65974,39695,0.601676418
Chhattisgarh,RAIPUR,2009,Rabi,Linseed,1187,365,0.307497894
Chhattisgarh,RAIPUR,2009,Rabi,Masoor,1992,700,0.351405622
Chhattisgarh,RAIPUR,2009,Rabi,Moong(Green Gram),2491,429,0.172219992
Chhattisgarh,RAIPUR,2009,Rabi,Other  Rabi pulses,226,64,0.283185841
Chhattisgarh,RAIPUR,2009,Rabi,Peas & beans (Pulses),2487,874,0.351427423
Chhattisgarh,RAIPUR,2009,Rabi,Rapeseed &Mustard,1421,615,0.432793807
Chhattisgarh,RAIPUR,2009,Rabi,Safflower,99,23,0.232323232
Chhattisgarh,RAIPUR,2009,Rabi,Urad,519,131,0.252408478
Chhattisgarh,RAIPUR,2009,Rabi,Wheat,8516,11966,1.405119775
Chhattisgarh,RAIPUR,2009,Whole Year,Banana,52,3542,68.11538462
Chhattisgarh,RAIPUR,2009,Whole Year,Coriander,425,158,0.371764706
Chhattisgarh,RAIPUR,2009,Whole Year,Cotton(lint),9,,
Chhattisgarh,RAIPUR,2009,Whole Year,Dry chillies,903,723,0.800664452
Chhattisgarh,RAIPUR,2009,Whole Year,Dry ginger,19,23,1.210526316
Chhattisgarh,RAIPUR,2009,Whole Year,Garlic,15,35,2.333333333
Chhattisgarh,RAIPUR,2009,Whole Year,Onion,392,1600,4.081632653
Chhattisgarh,RAIPUR,2009,Whole Year,Potato,123,738,6
Chhattisgarh,RAIPUR,2009,Whole Year,Sannhamp,72,21,0.291666667
Chhattisgarh,RAIPUR,2009,Whole Year,Sugarcane,116,,
Chhattisgarh,RAIPUR,2009,Whole Year,Sweet potato,95,422,4.442105263
Chhattisgarh,RAIPUR,2009,Whole Year,Turmeric,35,60,1.714285714
Chhattisgarh,RAIPUR,2010,Kharif,Arhar/Tur,2745,825,0.300546448
Chhattisgarh,RAIPUR,2010,Kharif,Bajra,6,4,0.666666667
Chhattisgarh,RAIPUR,2010,Kharif,Castor seed,6,2,0.333333333
Chhattisgarh,RAIPUR,2010,Kharif,Cotton(lint),5,8,1.6
Chhattisgarh,RAIPUR,2010,Kharif,Groundnut,951,1378,1.449001052
Chhattisgarh,RAIPUR,2010,Kharif,Horse-gram,1081,337,0.311748381
Chhattisgarh,RAIPUR,2010,Kharif,Jowar,103,161,1.563106796
Chhattisgarh,RAIPUR,2010,Kharif,Maize,787,1002,1.273189327
Chhattisgarh,RAIPUR,2010,Kharif,Mesta,18,45,2.5
Chhattisgarh,RAIPUR,2010,Kharif,Moong(Green Gram),479,101,0.21085595
Chhattisgarh,RAIPUR,2010,Kharif,Niger seed,22,4,0.181818182
Chhattisgarh,RAIPUR,2010,Kharif,Other Kharif pulses,414,131,0.316425121
Chhattisgarh,RAIPUR,2010,Kharif,Ragi,521,185,0.355086372
Chhattisgarh,RAIPUR,2010,Kharif,Rice,545965,771395,1.412901926
Chhattisgarh,RAIPUR,2010,Kharif,Sesamum,2431,844,0.34718223
Chhattisgarh,RAIPUR,2010,Kharif,Small millets,4130,611,0.147941889
Chhattisgarh,RAIPUR,2010,Kharif,Soyabean,450,704,1.564444444
Chhattisgarh,RAIPUR,2010,Kharif,Sunflower,162,64,0.395061728
Chhattisgarh,RAIPUR,2010,Kharif,Urad,4325,1490,0.344508671
Chhattisgarh,RAIPUR,2010,Rabi,Gram,7755,7473,0.963636364
Chhattisgarh,RAIPUR,2010,Rabi,Horse-gram,538,183,0.340148699
Chhattisgarh,RAIPUR,2010,Rabi,Khesari,64453,34486,0.535056553
Chhattisgarh,RAIPUR,2010,Rabi,Linseed,920,187,0.20326087
Chhattisgarh,RAIPUR,2010,Rabi,Masoor,2524,953,0.377575277
Chhattisgarh,RAIPUR,2010,Rabi,Moong(Green Gram),2928,523,0.178620219
Chhattisgarh,RAIPUR,2010,Rabi,Other  Rabi pulses,271,88,0.324723247
Chhattisgarh,RAIPUR,2010,Rabi,Peas & beans (Pulses),2689,997,0.370769803
Chhattisgarh,RAIPUR,2010,Rabi,Rapeseed &Mustard,1426,494,0.346423562
Chhattisgarh,RAIPUR,2010,Rabi,Safflower,190,46,0.242105263
Chhattisgarh,RAIPUR,2010,Rabi,Urad,635,169,0.266141732
Chhattisgarh,RAIPUR,2010,Rabi,Wheat,8646,11842,1.369650706
Chhattisgarh,RAIPUR,2010,Whole Year,Banana,40,1606,40.15
Chhattisgarh,RAIPUR,2010,Whole Year,Coriander,572,247,0.431818182
Chhattisgarh,RAIPUR,2010,Whole Year,Dry chillies,1001,448,0.447552448
Chhattisgarh,RAIPUR,2010,Whole Year,Dry ginger,37,49,1.324324324
Chhattisgarh,RAIPUR,2010,Whole Year,Garlic,14,34,2.428571429
Chhattisgarh,RAIPUR,2010,Whole Year,Onion,507,2400,4.733727811
Chhattisgarh,RAIPUR,2010,Whole Year,Potato,115,678,5.895652174
Chhattisgarh,RAIPUR,2010,Whole Year,Sannhamp,31,9,0.290322581
Chhattisgarh,RAIPUR,2010,Whole Year,Sugarcane,124,436,3.516129032
Chhattisgarh,RAIPUR,2010,Whole Year,Sweet potato,119,634,5.327731092
Chhattisgarh,RAIPUR,2010,Whole Year,Turmeric,32,59,1.84375
Chhattisgarh,RAIPUR,2011,Kharif,Arhar/Tur,564,179,0.317375887
Chhattisgarh,RAIPUR,2011,Kharif,Groundnut,14,18,1.285714286
Chhattisgarh,RAIPUR,2011,Kharif,Maize,89,97,1.08988764
Chhattisgarh,RAIPUR,2011,Kharif,Moong(Green Gram),68,15,0.220588235
Chhattisgarh,RAIPUR,2011,Kharif,Other Kharif pulses,121,38,0.314049587
Chhattisgarh,RAIPUR,2011,Kharif,Rice,169099,219975,1.300865174
Chhattisgarh,RAIPUR,2011,Kharif,Sesamum,268,88,0.328358209
Chhattisgarh,RAIPUR,2011,Kharif,Small millets,16,2,0.125
Chhattisgarh,RAIPUR,2011,Kharif,Soyabean,264,239,0.90530303
Chhattisgarh,RAIPUR,2011,Kharif,Sunflower,50,23,0.46
Chhattisgarh,RAIPUR,2011,Kharif,Urad,160,50,0.3125
Chhattisgarh,RAIPUR,2011,Rabi,Gram,4317,4444,1.029418578
Chhattisgarh,RAIPUR,2011,Rabi,Khesari,23082,10564,0.457672645
Chhattisgarh,RAIPUR,2011,Rabi,Linseed,252,94,0.373015873
Chhattisgarh,RAIPUR,2011,Rabi,Masoor,1295,463,0.357528958
Chhattisgarh,RAIPUR,2011,Rabi,Moong(Green Gram),146,25,0.171232877
Chhattisgarh,RAIPUR,2011,Rabi,Other  Rabi pulses,110,35,0.318181818
Chhattisgarh,RAIPUR,2011,Rabi,Peas & beans (Pulses),624,219,0.350961538
Chhattisgarh,RAIPUR,2011,Rabi,Potato,73,539,7.383561644
Chhattisgarh,RAIPUR,2011,Rabi,Rapeseed &Mustard,651,311,0.477726575
Chhattisgarh,RAIPUR,2011,Rabi,Safflower,75,19,0.253333333
Chhattisgarh,RAIPUR,2011,Rabi,Urad,232,58,0.25
Chhattisgarh,RAIPUR,2011,Rabi,Wheat,3096,5395,1.742571059
Chhattisgarh,RAIPUR,2011,Whole Year,Banana,66,2649,40.13636364
Chhattisgarh,RAIPUR,2011,Whole Year,Coconut,1,,
Chhattisgarh,RAIPUR,2011,Whole Year,Coriander,218,105,0.481651376
Chhattisgarh,RAIPUR,2011,Whole Year,Dry chillies,349,318,0.911174785
Chhattisgarh,RAIPUR,2011,Whole Year,Dry ginger,19,25,1.315789474
Chhattisgarh,RAIPUR,2011,Whole Year,Onion,98,422,4.306122449
Chhattisgarh,RAIPUR,2011,Whole Year,Sannhamp,2,4,2
Chhattisgarh,RAIPUR,2011,Whole Year,Sugarcane,64,213,3.328125
Chhattisgarh,RAIPUR,2011,Whole Year,Sweet potato,9,44,4.888888889
Chhattisgarh,RAIPUR,2011,Whole Year,Turmeric,2,4,2
Chhattisgarh,RAIPUR,2012,Kharif,Arhar/Tur,702,295,0.42022792
Chhattisgarh,RAIPUR,2012,Kharif,Groundnut,11,13,1.181818182
Chhattisgarh,RAIPUR,2012,Kharif,Maize,190,306,1.610526316
Chhattisgarh,RAIPUR,2012,Kharif,Moong(Green Gram),72,19,0.263888889
Chhattisgarh,RAIPUR,2012,Kharif,Other Kharif pulses,112,43,0.383928571
Chhattisgarh,RAIPUR,2012,Kharif,Rice,183690,375108,2.04207088
Chhattisgarh,RAIPUR,2012,Kharif,Sesamum,289,87,0.301038062
Chhattisgarh,RAIPUR,2012,Kharif,Small millets,1,1,1
Chhattisgarh,RAIPUR,2012,Kharif,Soyabean,230,443,1.926086957
Chhattisgarh,RAIPUR,2012,Kharif,Sunflower,51,24,0.470588235
Chhattisgarh,RAIPUR,2012,Kharif,Urad,136,58,0.426470588
Chhattisgarh,RAIPUR,2012,Rabi,Gram,5262,7028,1.335613835
Chhattisgarh,RAIPUR,2012,Rabi,Khesari,18359,9029,0.491802386
Chhattisgarh,RAIPUR,2012,Rabi,Linseed,291,135,0.463917526
Chhattisgarh,RAIPUR,2012,Rabi,Masoor,1191,504,0.423173804
Chhattisgarh,RAIPUR,2012,Rabi,Moong(Green Gram),78,16,0.205128205
Chhattisgarh,RAIPUR,2012,Rabi,Other  Rabi pulses,75,29,0.386666667
Chhattisgarh,RAIPUR,2012,Rabi,Peas & beans (Pulses),787,333,0.423125794
Chhattisgarh,RAIPUR,2012,Rabi,Potato,69,672,9.739130435
Chhattisgarh,RAIPUR,2012,Rabi,Rapeseed &Mustard,830,425,0.512048193
Chhattisgarh,RAIPUR,2012,Rabi,Safflower,66,19,0.287878788
Chhattisgarh,RAIPUR,2012,Rabi,Urad,118,35,0.296610169
Chhattisgarh,RAIPUR,2012,Rabi,Wheat,2946,5420,1.839782756
Chhattisgarh,RAIPUR,2012,Whole Year,Banana,101,1245,12.32673267
Chhattisgarh,RAIPUR,2012,Whole Year,Coriander,199,87,0.43718593
Chhattisgarh,RAIPUR,2012,Whole Year,Dry chillies,334,380,1.137724551
Chhattisgarh,RAIPUR,2012,Whole Year,Dry ginger,9,12,1.333333333
Chhattisgarh,RAIPUR,2012,Whole Year,Onion,112,326,2.910714286
Chhattisgarh,RAIPUR,2012,Whole Year,Sannhamp,7,4,0.571428571
Chhattisgarh,RAIPUR,2012,Whole Year,Sugarcane,31,104,3.35483871
Chhattisgarh,RAIPUR,2012,Whole Year,Sweet potato,7,34,4.857142857
Chhattisgarh,RAIPUR,2012,Whole Year,Turmeric,3,6,2
Chhattisgarh,RAIPUR,2013,Kharif,Arhar/Tur,610,250,0.409836066
Chhattisgarh,RAIPUR,2013,Kharif,Groundnut,24,36,1.5
Chhattisgarh,RAIPUR,2013,Kharif,Maize,218,411,1.885321101
Chhattisgarh,RAIPUR,2013,Kharif,Mesta,2,5,2.5
Chhattisgarh,RAIPUR,2013,Kharif,Moong(Green Gram),73,20,0.273972603
Chhattisgarh,RAIPUR,2013,Kharif,Other Kharif pulses,88,34,0.386363636
Chhattisgarh,RAIPUR,2013,Kharif,Rice,185684,314837,1.695552659
Chhattisgarh,RAIPUR,2013,Kharif,Sannhamp,7,3,0.428571429
Chhattisgarh,RAIPUR,2013,Kharif,Sesamum,274,86,0.313868613
Chhattisgarh,RAIPUR,2013,Kharif,Small millets,8,1,0.125
Chhattisgarh,RAIPUR,2013,Kharif,Soyabean,143,233,1.629370629
Chhattisgarh,RAIPUR,2013,Kharif,Sunflower,38,,
Chhattisgarh,RAIPUR,2013,Kharif,Urad,147,62,0.421768707
Chhattisgarh,RAIPUR,2013,Rabi,Gram,4556,4546,0.997805092
Chhattisgarh,RAIPUR,2013,Rabi,Khesari,16418,8930,0.543915215
Chhattisgarh,RAIPUR,2013,Rabi,Linseed,153,64,0.418300654
Chhattisgarh,RAIPUR,2013,Rabi,Masoor,1237,483,0.390460792
Chhattisgarh,RAIPUR,2013,Rabi,Moong(Green Gram),91,19,0.208791209
Chhattisgarh,RAIPUR,2013,Rabi,Other  Rabi pulses,61,85,1.393442623
Chhattisgarh,RAIPUR,2013,Rabi,Peas & beans (Pulses),490,191,0.389795918
Chhattisgarh,RAIPUR,2013,Rabi,Potato,64,420,6.5625
Chhattisgarh,RAIPUR,2013,Rabi,Rapeseed &Mustard,676,422,0.624260355
Chhattisgarh,RAIPUR,2013,Rabi,Safflower,37,9,0.243243243
Chhattisgarh,RAIPUR,2013,Rabi,Urad,109,32,0.293577982
Chhattisgarh,RAIPUR,2013,Rabi,Wheat,2522,4503,1.785487708
Chhattisgarh,RAIPUR,2013,Whole Year,Banana,102,5212,51.09803922
Chhattisgarh,RAIPUR,2013,Whole Year,Coriander,180,85,0.472222222
Chhattisgarh,RAIPUR,2013,Whole Year,Dry chillies,316,260,0.82278481
Chhattisgarh,RAIPUR,2013,Whole Year,Dry ginger,5,8,1.6
Chhattisgarh,RAIPUR,2013,Whole Year,Onion,105,742,7.066666667
Chhattisgarh,RAIPUR,2013,Whole Year,Sugarcane,85,299,3.517647059
Chhattisgarh,RAIPUR,2013,Whole Year,Sweet potato,6,35,5.833333333
Chhattisgarh,RAIPUR,2013,Whole Year,Turmeric,3,6,2
Chhattisgarh,RAIPUR,2014,Kharif,Arhar/Tur,535,254,0.474766355
Chhattisgarh,RAIPUR,2014,Kharif,Groundnut,21,29,1.380952381
Chhattisgarh,RAIPUR,2014,Kharif,Maize,574,975,1.698606272
Chhattisgarh,RAIPUR,2014,Kharif,Mesta,1,3,3
Chhattisgarh,RAIPUR,2014,Kharif,Moong(Green Gram),134,36,0.268656716
Chhattisgarh,RAIPUR,2014,Kharif,Other Kharif pulses,7,3,0.428571429
Chhattisgarh,RAIPUR,2014,Kharif,Rice,186042,376312,2.022726051
Chhattisgarh,RAIPUR,2014,Kharif,Sannhamp,1,,
Chhattisgarh,RAIPUR,2014,Kharif,Sesamum,348,182,0.522988506
Chhattisgarh,RAIPUR,2014,Kharif,Small millets,5,1,0.2
Chhattisgarh,RAIPUR,2014,Kharif,Soyabean,159,178,1.119496855
Chhattisgarh,RAIPUR,2014,Kharif,Sunflower,36,13,0.361111111
Chhattisgarh,RAIPUR,2014,Kharif,Urad,216,95,0.439814815
Chhattisgarh,RAIPUR,2014,Rabi,Gram,6263,6731,1.074724573
Chhattisgarh,RAIPUR,2014,Rabi,Khesari,16080,17255,1.073072139
Chhattisgarh,RAIPUR,2014,Rabi,Linseed,71,33,0.464788732
Chhattisgarh,RAIPUR,2014,Rabi,Masoor,1056,481,0.455492424
Chhattisgarh,RAIPUR,2014,Rabi,Moong(Green Gram),125,28,0.224
Chhattisgarh,RAIPUR,2014,Rabi,Peas & beans (Pulses),525,239,0.455238095
Chhattisgarh,RAIPUR,2014,Rabi,Potato,71,616,8.676056338
Chhattisgarh,RAIPUR,2014,Rabi,Rapeseed &Mustard,1309,744,0.568372804
Chhattisgarh,RAIPUR,2014,Rabi,Safflower,804,230,0.286069652
Chhattisgarh,RAIPUR,2014,Rabi,Urad,375,122,0.325333333
Chhattisgarh,RAIPUR,2014,Rabi,Wheat,4068,8307,2.042035398
Chhattisgarh,RAIPUR,2014,Whole Year,Banana,99,4336,43.7979798
Chhattisgarh,RAIPUR,2014,Whole Year,Coriander,180,85,0.472222222
Chhattisgarh,RAIPUR,2014,Whole Year,Dry chillies,386,248,0.642487047
Chhattisgarh,RAIPUR,2014,Whole Year,Dry ginger,8,13,1.625
Chhattisgarh,RAIPUR,2014,Whole Year,Onion,90,777,8.633333333
Chhattisgarh,RAIPUR,2014,Whole Year,Sugarcane,89,784,8.808988764
Chhattisgarh,RAIPUR,2014,Whole Year,Sweet potato,6,36,6
Chhattisgarh,RAIPUR,2014,Whole Year,Turmeric,7,14,2
Chhattisgarh,RAJNANDGAON,2000,Kharif,Arhar/Tur,5625,2288,0.406755556
Chhattisgarh,RAJNANDGAON,2000,Kharif,Bajra,3,2,0.666666667
Chhattisgarh,RAJNANDGAON,2000,Kharif,Cotton(lint),1,,
Chhattisgarh,RAJNANDGAON,2000,Kharif,Groundnut,17,27,1.588235294
Chhattisgarh,RAJNANDGAON,2000,Kharif,Horse-gram,2257,637,0.282233053
Chhattisgarh,RAJNANDGAON,2000,Kharif,Jowar,88,65,0.738636364
Chhattisgarh,RAJNANDGAON,2000,Kharif,Maize,1315,1320,1.003802281
Chhattisgarh,RAJNANDGAON,2000,Kharif,Mesta,42,75,1.785714286
Chhattisgarh,RAJNANDGAON,2000,Kharif,Moong(Green Gram),721,126,0.174757282
Chhattisgarh,RAJNANDGAON,2000,Kharif,Niger seed,1,,
Chhattisgarh,RAJNANDGAON,2000,Kharif,Other Kharif pulses,291,97,0.333333333
Chhattisgarh,RAJNANDGAON,2000,Kharif,Ragi,194,61,0.31443299
Chhattisgarh,RAJNANDGAON,2000,Kharif,Rice,249419,210646,0.844546727
Chhattisgarh,RAJNANDGAON,2000,Kharif,Sesamum,879,139,0.158134243
Chhattisgarh,RAJNANDGAON,2000,Kharif,Small millets,37509,6305,0.168092991
Chhattisgarh,RAJNANDGAON,2000,Kharif,Soyabean,6485,3817,0.588589052
Chhattisgarh,RAJNANDGAON,2000,Kharif,Sunflower,154,156,1.012987013
Chhattisgarh,RAJNANDGAON,2000,Kharif,Urad,8322,2707,0.325282384
Chhattisgarh,RAJNANDGAON,2000,Rabi,Barley,5,3,0.6
Chhattisgarh,RAJNANDGAON,2000,Rabi,Gram,21223,11733,0.552843613
Chhattisgarh,RAJNANDGAON,2000,Rabi,Khesari,49659,18682,0.376205723
Chhattisgarh,RAJNANDGAON,2000,Rabi,Linseed,25199,5966,0.236755427
Chhattisgarh,RAJNANDGAON,2000,Rabi,Masoor,924,261,0.282467532
Chhattisgarh,RAJNANDGAON,2000,Rabi,Moong(Green Gram),82,14,0.170731707
Chhattisgarh,RAJNANDGAON,2000,Rabi,Other  Rabi pulses,82,28,0.341463415
Chhattisgarh,RAJNANDGAON,2000,Rabi,Peas & beans (Pulses),170,49,0.288235294
Chhattisgarh,RAJNANDGAON,2000,Rabi,Rapeseed &Mustard,761,196,0.257555848
Chhattisgarh,RAJNANDGAON,2000,Rabi,Safflower,2,1,0.5
Chhattisgarh,RAJNANDGAON,2000,Rabi,Urad,1709,428,0.250438853
Chhattisgarh,RAJNANDGAON,2000,Rabi,Wheat,11854,6309,0.532225409
Chhattisgarh,RAJNANDGAON,2000,Whole Year,Banana,15,660,44
Chhattisgarh,RAJNANDGAON,2000,Whole Year,Coriander,155,35,0.225806452
Chhattisgarh,RAJNANDGAON,2000,Whole Year,Dry chillies,531,194,0.365348399
Chhattisgarh,RAJNANDGAON,2000,Whole Year,Dry ginger,13,16,1.230769231
Chhattisgarh,RAJNANDGAON,2000,Whole Year,Onion,145,873,6.020689655
Chhattisgarh,RAJNANDGAON,2000,Whole Year,Potato,14,90,6.428571429
Chhattisgarh,RAJNANDGAON,2000,Whole Year,Sannhamp,39,11,0.282051282
Chhattisgarh,RAJNANDGAON,2000,Whole Year,Sugarcane,18,35,1.944444444
Chhattisgarh,RAJNANDGAON,2000,Whole Year,Sweet potato,63,406,6.444444444
Chhattisgarh,RAJNANDGAON,2000,Whole Year,Turmeric,2,2,1
Chhattisgarh,RAJNANDGAON,2001,Kharif,Arhar/Tur,5465,2045,0.374199451
Chhattisgarh,RAJNANDGAON,2001,Kharif,Bajra,2,2,1
Chhattisgarh,RAJNANDGAON,2001,Kharif,Castor seed,1,,
Chhattisgarh,RAJNANDGAON,2001,Kharif,Cotton(lint),5,3,0.6
Chhattisgarh,RAJNANDGAON,2001,Kharif,Groundnut,17,35,2.058823529
Chhattisgarh,RAJNANDGAON,2001,Kharif,Horse-gram,2491,770,0.309112806
Chhattisgarh,RAJNANDGAON,2001,Kharif,Jowar,35,33,0.942857143
Chhattisgarh,RAJNANDGAON,2001,Kharif,Maize,1308,884,0.675840979
Chhattisgarh,RAJNANDGAON,2001,Kharif,Mesta,58,108,1.862068966
Chhattisgarh,RAJNANDGAON,2001,Kharif,Moong(Green Gram),449,92,0.204899777
Chhattisgarh,RAJNANDGAON,2001,Kharif,Niger seed,3,1,0.333333333
Chhattisgarh,RAJNANDGAON,2001,Kharif,Other Kharif pulses,312,105,0.336538462
Chhattisgarh,RAJNANDGAON,2001,Kharif,Ragi,199,62,0.311557789
Chhattisgarh,RAJNANDGAON,2001,Kharif,Rice,253973,296457,1.167277624
Chhattisgarh,RAJNANDGAON,2001,Kharif,Sesamum,745,168,0.225503356
Chhattisgarh,RAJNANDGAON,2001,Kharif,Small millets,35564,9773,0.27480036
Chhattisgarh,RAJNANDGAON,2001,Kharif,Soyabean,3135,2616,0.834449761
Chhattisgarh,RAJNANDGAON,2001,Kharif,Sunflower,283,255,0.901060071
Chhattisgarh,RAJNANDGAON,2001,Kharif,Urad,8058,2815,0.349342269
Chhattisgarh,RAJNANDGAON,2001,Rabi,Barley,1,1,1
Chhattisgarh,RAJNANDGAON,2001,Rabi,Gram,23312,15627,0.670341455
Chhattisgarh,RAJNANDGAON,2001,Rabi,Khesari,55897,25716,0.460060468
Chhattisgarh,RAJNANDGAON,2001,Rabi,Linseed,23940,6538,0.273099415
Chhattisgarh,RAJNANDGAON,2001,Rabi,Masoor,1014,296,0.291913215
Chhattisgarh,RAJNANDGAON,2001,Rabi,Moong(Green Gram),70,15,0.214285714
Chhattisgarh,RAJNANDGAON,2001,Rabi,Other  Rabi pulses,80,29,0.3625
Chhattisgarh,RAJNANDGAON,2001,Rabi,Peas & beans (Pulses),184,55,0.298913043
Chhattisgarh,RAJNANDGAON,2001,Rabi,Rapeseed &Mustard,648,211,0.325617284
Chhattisgarh,RAJNANDGAON,2001,Rabi,Safflower,3,1,0.333333333
Chhattisgarh,RAJNANDGAON,2001,Rabi,Urad,1407,360,0.255863539
Chhattisgarh,RAJNANDGAON,2001,Rabi,Wheat,12306,8389,0.681699984
Chhattisgarh,RAJNANDGAON,2001,Whole Year,Banana,5,216,43.2
Chhattisgarh,RAJNANDGAON,2001,Whole Year,Coriander,157,36,0.229299363
Chhattisgarh,RAJNANDGAON,2001,Whole Year,Dry chillies,799,511,0.639549437
Chhattisgarh,RAJNANDGAON,2001,Whole Year,Dry ginger,12,14,1.166666667
Chhattisgarh,RAJNANDGAON,2001,Whole Year,Garlic,21,59,2.80952381
Chhattisgarh,RAJNANDGAON,2001,Whole Year,Onion,273,1741,6.377289377
Chhattisgarh,RAJNANDGAON,2001,Whole Year,Potato,21,133,6.333333333
Chhattisgarh,RAJNANDGAON,2001,Whole Year,Sannhamp,38,14,0.368421053
Chhattisgarh,RAJNANDGAON,2001,Whole Year,Sugarcane,10,18,1.8
Chhattisgarh,RAJNANDGAON,2001,Whole Year,Sweet potato,59,374,6.338983051
Chhattisgarh,RAJNANDGAON,2001,Whole Year,Turmeric,3,2,0.666666667
Chhattisgarh,RAJNANDGAON,2002,Kharif,Arhar/Tur,5155,1992,0.386420951
Chhattisgarh,RAJNANDGAON,2002,Kharif,Bajra,4,3,0.75
Chhattisgarh,RAJNANDGAON,2002,Kharif,Castor seed,3,1,0.333333333
Chhattisgarh,RAJNANDGAON,2002,Kharif,Cotton(lint),2,5,2.5
Chhattisgarh,RAJNANDGAON,2002,Kharif,Groundnut,3,6,2
Chhattisgarh,RAJNANDGAON,2002,Kharif,Horse-gram,2201,513,0.233075875
Chhattisgarh,RAJNANDGAON,2002,Kharif,Jowar,9,10,1.111111111
Chhattisgarh,RAJNANDGAON,2002,Kharif,Maize,1284,1408,1.096573209
Chhattisgarh,RAJNANDGAON,2002,Kharif,Mesta,47,93,1.978723404
Chhattisgarh,RAJNANDGAON,2002,Kharif,Moong(Green Gram),470,86,0.182978723
Chhattisgarh,RAJNANDGAON,2002,Kharif,Niger seed,4,1,0.25
Chhattisgarh,RAJNANDGAON,2002,Kharif,Other Kharif pulses,312,107,0.342948718
Chhattisgarh,RAJNANDGAON,2002,Kharif,Ragi,207,52,0.251207729
Chhattisgarh,RAJNANDGAON,2002,Kharif,Rice,254729,193529,0.75974467
Chhattisgarh,RAJNANDGAON,2002,Kharif,Sesamum,1154,298,0.258232236
Chhattisgarh,RAJNANDGAON,2002,Kharif,Small millets,34607,5070,0.146502153
Chhattisgarh,RAJNANDGAON,2002,Kharif,Soyabean,6397,3664,0.572768485
Chhattisgarh,RAJNANDGAON,2002,Kharif,Sunflower,284,255,0.897887324
Chhattisgarh,RAJNANDGAON,2002,Kharif,Urad,8833,2501,0.28314276
Chhattisgarh,RAJNANDGAON,2002,Rabi,Gram,23652,13426,0.567647556
Chhattisgarh,RAJNANDGAON,2002,Rabi,Horse-gram,1069,237,0.221702526
Chhattisgarh,RAJNANDGAON,2002,Rabi,Khesari,49798,20575,0.413169204
Chhattisgarh,RAJNANDGAON,2002,Rabi,Linseed,19985,5320,0.26619965
Chhattisgarh,RAJNANDGAON,2002,Rabi,Masoor,972,258,0.265432099
Chhattisgarh,RAJNANDGAON,2002,Rabi,Moong(Green Gram),190,35,0.184210526
Chhattisgarh,RAJNANDGAON,2002,Rabi,Other  Rabi pulses,124,44,0.35483871
Chhattisgarh,RAJNANDGAON,2002,Rabi,Peas & beans (Pulses),169,41,0.24260355
Chhattisgarh,RAJNANDGAON,2002,Rabi,Rapeseed &Mustard,540,156,0.288888889
Chhattisgarh,RAJNANDGAON,2002,Rabi,Safflower,2,1,0.5
Chhattisgarh,RAJNANDGAON,2002,Rabi,Urad,1140,258,0.226315789
Chhattisgarh,RAJNANDGAON,2002,Rabi,Wheat,12061,7474,0.619683277
Chhattisgarh,RAJNANDGAON,2002,Whole Year,Banana,36,1536,42.66666667
Chhattisgarh,RAJNANDGAON,2002,Whole Year,Coriander,145,32,0.220689655
Chhattisgarh,RAJNANDGAON,2002,Whole Year,Dry chillies,703,741,1.054054054
Chhattisgarh,RAJNANDGAON,2002,Whole Year,Dry ginger,14,14,1
Chhattisgarh,RAJNANDGAON,2002,Whole Year,Garlic,25,72,2.88
Chhattisgarh,RAJNANDGAON,2002,Whole Year,Onion,264,1650,6.25
Chhattisgarh,RAJNANDGAON,2002,Whole Year,Papaya,2,68,34
Chhattisgarh,RAJNANDGAON,2002,Whole Year,Potato,12,75,6.25
Chhattisgarh,RAJNANDGAON,2002,Whole Year,Sannhamp,43,11,0.255813953
Chhattisgarh,RAJNANDGAON,2002,Whole Year,Sugarcane,27,50,1.851851852
Chhattisgarh,RAJNANDGAON,2002,Whole Year,Sweet potato,58,316,5.448275862
Chhattisgarh,RAJNANDGAON,2002,Whole Year,Turmeric,2,2,1
Chhattisgarh,RAJNANDGAON,2003,Kharif,Arhar/Tur,4613,2774,0.601344028
Chhattisgarh,RAJNANDGAON,2003,Kharif,Bajra,2,2,1
Chhattisgarh,RAJNANDGAON,2003,Kharif,Castor seed,8,3,0.375
Chhattisgarh,RAJNANDGAON,2003,Kharif,Cotton(lint),17,60,3.529411765
Chhattisgarh,RAJNANDGAON,2003,Kharif,Horse-gram,2355,766,0.325265393
Chhattisgarh,RAJNANDGAON,2003,Kharif,Jowar,30,27,0.9
Chhattisgarh,RAJNANDGAON,2003,Kharif,Maize,1071,1168,1.090569561
Chhattisgarh,RAJNANDGAON,2003,Kharif,Mesta,53,101,1.905660377
Chhattisgarh,RAJNANDGAON,2003,Kharif,Moong(Green Gram),577,131,0.227036395
Chhattisgarh,RAJNANDGAON,2003,Kharif,Niger seed,4,1,0.25
Chhattisgarh,RAJNANDGAON,2003,Kharif,Other Kharif pulses,287,101,0.351916376
Chhattisgarh,RAJNANDGAON,2003,Kharif,Ragi,223,74,0.331838565
Chhattisgarh,RAJNANDGAON,2003,Kharif,Rice,257926,357731,1.386952072
Chhattisgarh,RAJNANDGAON,2003,Kharif,Sesamum,984,286,0.290650407
Chhattisgarh,RAJNANDGAON,2003,Kharif,Small millets,33274,9364,0.281420929
Chhattisgarh,RAJNANDGAON,2003,Kharif,Soyabean,6941,6302,0.907938337
Chhattisgarh,RAJNANDGAON,2003,Kharif,Sunflower,542,398,0.734317343
Chhattisgarh,RAJNANDGAON,2003,Kharif,Urad,9544,3335,0.349434199
Chhattisgarh,RAJNANDGAON,2003,Rabi,Barley,5,4,0.8
Chhattisgarh,RAJNANDGAON,2003,Rabi,Gram,28301,24593,0.868979895
Chhattisgarh,RAJNANDGAON,2003,Rabi,Horse-gram,1143,298,0.26071741
Chhattisgarh,RAJNANDGAON,2003,Rabi,Khesari,58185,28350,0.487238979
Chhattisgarh,RAJNANDGAON,2003,Rabi,Linseed,18508,5998,0.324076075
Chhattisgarh,RAJNANDGAON,2003,Rabi,Masoor,1200,417,0.3475
Chhattisgarh,RAJNANDGAON,2003,Rabi,Moong(Green Gram),86,18,0.209302326
Chhattisgarh,RAJNANDGAON,2003,Rabi,Other  Rabi pulses,176,53,0.301136364
Chhattisgarh,RAJNANDGAON,2003,Rabi,Peas & beans (Pulses),203,60,0.295566502
Chhattisgarh,RAJNANDGAON,2003,Rabi,Rapeseed &Mustard,633,238,0.375987362
Chhattisgarh,RAJNANDGAON,2003,Rabi,Safflower,11,4,0.363636364
Chhattisgarh,RAJNANDGAON,2003,Rabi,Urad,1193,322,0.269907795
Chhattisgarh,RAJNANDGAON,2003,Rabi,Wheat,14387,11780,0.818794745
Chhattisgarh,RAJNANDGAON,2003,Whole Year,Banana,4,171,42.75
Chhattisgarh,RAJNANDGAON,2003,Whole Year,Coriander,159,35,0.220125786
Chhattisgarh,RAJNANDGAON,2003,Whole Year,Dry chillies,639,479,0.749608764
Chhattisgarh,RAJNANDGAON,2003,Whole Year,Dry ginger,37,37,1
Chhattisgarh,RAJNANDGAON,2003,Whole Year,Garlic,8,24,3
Chhattisgarh,RAJNANDGAON,2003,Whole Year,Onion,240,1495,6.229166667
Chhattisgarh,RAJNANDGAON,2003,Whole Year,Papaya,11,530,48.18181818
Chhattisgarh,RAJNANDGAON,2003,Whole Year,Potato,15,71,4.733333333
Chhattisgarh,RAJNANDGAON,2003,Whole Year,Sannhamp,38,13,0.342105263
Chhattisgarh,RAJNANDGAON,2003,Whole Year,Sugarcane,3,6,2
Chhattisgarh,RAJNANDGAON,2003,Whole Year,Sweet potato,46,310,6.739130435
Chhattisgarh,RAJNANDGAON,2003,Whole Year,Turmeric,3,3,1
Chhattisgarh,RAJNANDGAON,2004,Kharif,Arhar/Tur,4252,2235,0.525634995
Chhattisgarh,RAJNANDGAON,2004,Kharif,Bajra,3,2,0.666666667
Chhattisgarh,RAJNANDGAON,2004,Kharif,Castor seed,2,1,0.5
Chhattisgarh,RAJNANDGAON,2004,Kharif,Cotton(lint),13,37,2.846153846
Chhattisgarh,RAJNANDGAON,2004,Kharif,Groundnut,1,2,2
Chhattisgarh,RAJNANDGAON,2004,Kharif,Horse-gram,3479,1099,0.315895372
Chhattisgarh,RAJNANDGAON,2004,Kharif,Jowar,26,19,0.730769231
Chhattisgarh,RAJNANDGAON,2004,Kharif,Maize,1042,1319,1.265834933
Chhattisgarh,RAJNANDGAON,2004,Kharif,Mesta,50,94,1.88
Chhattisgarh,RAJNANDGAON,2004,Kharif,Moong(Green Gram),788,176,0.223350254
Chhattisgarh,RAJNANDGAON,2004,Kharif,Niger seed,10,2,0.2
Chhattisgarh,RAJNANDGAON,2004,Kharif,Other Kharif pulses,292,103,0.352739726
Chhattisgarh,RAJNANDGAON,2004,Kharif,Ragi,232,77,0.331896552
Chhattisgarh,RAJNANDGAON,2004,Kharif,Rice,260215,291457,1.120062256
Chhattisgarh,RAJNANDGAON,2004,Kharif,Sesamum,736,242,0.328804348
Chhattisgarh,RAJNANDGAON,2004,Kharif,Small millets,31683,7927,0.250197267
Chhattisgarh,RAJNANDGAON,2004,Kharif,Soyabean,8143,7936,0.974579393
Chhattisgarh,RAJNANDGAON,2004,Kharif,Sunflower,576,479,0.831597222
Chhattisgarh,RAJNANDGAON,2004,Kharif,Urad,8922,3010,0.337368303
Chhattisgarh,RAJNANDGAON,2004,Rabi,Barley,8,6,0.75
Chhattisgarh,RAJNANDGAON,2004,Rabi,Gram,28735,14472,0.50363668
Chhattisgarh,RAJNANDGAON,2004,Rabi,Khesari,52696,19328,0.366783058
Chhattisgarh,RAJNANDGAON,2004,Rabi,Linseed,17234,4737,0.274863642
Chhattisgarh,RAJNANDGAON,2004,Rabi,Masoor,1796,545,0.303452116
Chhattisgarh,RAJNANDGAON,2004,Rabi,Moong(Green Gram),74,13,0.175675676
Chhattisgarh,RAJNANDGAON,2004,Rabi,Other  Rabi pulses,33,64,1.939393939
Chhattisgarh,RAJNANDGAON,2004,Rabi,Peas & beans (Pulses),210,60,0.285714286
Chhattisgarh,RAJNANDGAON,2004,Rabi,Rapeseed &Mustard,563,195,0.346358792
Chhattisgarh,RAJNANDGAON,2004,Rabi,Safflower,8,3,0.375
Chhattisgarh,RAJNANDGAON,2004,Rabi,Urad,1251,319,0.254996003
Chhattisgarh,RAJNANDGAON,2004,Rabi,Wheat,13274,8894,0.670031641
Chhattisgarh,RAJNANDGAON,2004,Whole Year,Banana,30,1281,42.7
Chhattisgarh,RAJNANDGAON,2004,Whole Year,Coriander,219,51,0.232876712
Chhattisgarh,RAJNANDGAON,2004,Whole Year,Dry chillies,640,452,0.70625
Chhattisgarh,RAJNANDGAON,2004,Whole Year,Dry ginger,13,16,1.230769231
Chhattisgarh,RAJNANDGAON,2004,Whole Year,Garlic,8,29,3.625
Chhattisgarh,RAJNANDGAON,2004,Whole Year,Onion,315,1585,5.031746032
Chhattisgarh,RAJNANDGAON,2004,Whole Year,Potato,9,50,5.555555556
Chhattisgarh,RAJNANDGAON,2004,Whole Year,Sannhamp,34,12,0.352941176
Chhattisgarh,RAJNANDGAON,2004,Whole Year,Sugarcane,32,60,1.875
Chhattisgarh,RAJNANDGAON,2004,Whole Year,Sweet potato,55,332,6.036363636
Chhattisgarh,RAJNANDGAON,2004,Whole Year,Turmeric,4,3,0.75
Chhattisgarh,RAJNANDGAON,2005,Kharif,Arhar/Tur,3121,1406,0.450496636
Chhattisgarh,RAJNANDGAON,2005,Kharif,Bajra,2,2,1
Chhattisgarh,RAJNANDGAON,2005,Kharif,Horse-gram,2356,741,0.314516129
Chhattisgarh,RAJNANDGAON,2005,Kharif,Jowar,31,22,0.709677419
Chhattisgarh,RAJNANDGAON,2005,Kharif,Maize,3002,2958,0.985343105
Chhattisgarh,RAJNANDGAON,2005,Kharif,Mesta,52,101,1.942307692
Chhattisgarh,RAJNANDGAON,2005,Kharif,Moong(Green Gram),496,103,0.20766129
Chhattisgarh,RAJNANDGAON,2005,Kharif,Niger seed,4,1,0.25
Chhattisgarh,RAJNANDGAON,2005,Kharif,Other Kharif pulses,297,93,0.313131313
Chhattisgarh,RAJNANDGAON,2005,Kharif,Rice,261961,357964,1.366478216
Chhattisgarh,RAJNANDGAON,2005,Kharif,Sesamum,1103,349,0.316409791
Chhattisgarh,RAJNANDGAON,2005,Kharif,Small millets,27736,5961,0.214919239
Chhattisgarh,RAJNANDGAON,2005,Kharif,Soyabean,11326,11604,1.024545294
Chhattisgarh,RAJNANDGAON,2005,Kharif,Sunflower,857,736,0.858809802
Chhattisgarh,RAJNANDGAON,2005,Kharif,Urad,7993,2793,0.349430752
Chhattisgarh,RAJNANDGAON,2005,Rabi,Barley,4,4,1
Chhattisgarh,RAJNANDGAON,2005,Rabi,Gram,32315,22394,0.692990871
Chhattisgarh,RAJNANDGAON,2005,Rabi,Horse-gram,1222,330,0.2700491
Chhattisgarh,RAJNANDGAON,2005,Rabi,Khesari,56460,21472,0.38030464
Chhattisgarh,RAJNANDGAON,2005,Rabi,Linseed,17486,4917,0.281196386
Chhattisgarh,RAJNANDGAON,2005,Rabi,Masoor,1289,399,0.309542281
Chhattisgarh,RAJNANDGAON,2005,Rabi,Moong(Green Gram),197,35,0.177664975
Chhattisgarh,RAJNANDGAON,2005,Rabi,Other  Rabi pulses,172,54,0.313953488
Chhattisgarh,RAJNANDGAON,2005,Rabi,Peas & beans (Pulses),176,53,0.301136364
Chhattisgarh,RAJNANDGAON,2005,Rabi,Rapeseed &Mustard,558,182,0.326164875
Chhattisgarh,RAJNANDGAON,2005,Rabi,Safflower,10,3,0.3
Chhattisgarh,RAJNANDGAON,2005,Rabi,Urad,1346,336,0.249628529
Chhattisgarh,RAJNANDGAON,2005,Rabi,Wheat,13899,9771,0.703000216
Chhattisgarh,RAJNANDGAON,2005,Whole Year,Banana,11,402,36.54545455
Chhattisgarh,RAJNANDGAON,2005,Whole Year,Coriander,208,50,0.240384615
Chhattisgarh,RAJNANDGAON,2005,Whole Year,Dry chillies,602,193,0.320598007
Chhattisgarh,RAJNANDGAON,2005,Whole Year,Dry ginger,20,24,1.2
Chhattisgarh,RAJNANDGAON,2005,Whole Year,Garlic,9,27,3
Chhattisgarh,RAJNANDGAON,2005,Whole Year,Onion,264,1130,4.28030303
Chhattisgarh,RAJNANDGAON,2005,Whole Year,Potato,6,30,5
Chhattisgarh,RAJNANDGAON,2005,Whole Year,Sannhamp,42,14,0.333333333
Chhattisgarh,RAJNANDGAON,2005,Whole Year,Sugarcane,31,67,2.161290323
Chhattisgarh,RAJNANDGAON,2005,Whole Year,Sweet potato,61,322,5.278688525
Chhattisgarh,RAJNANDGAON,2005,Whole Year,Turmeric,8,8,1
Chhattisgarh,RAJNANDGAON,2006,Kharif,Arhar/Tur,3383,1301,0.384569908
Chhattisgarh,RAJNANDGAON,2006,Kharif,Bajra,2,2,1
Chhattisgarh,RAJNANDGAON,2006,Kharif,Groundnut,9,18,2
Chhattisgarh,RAJNANDGAON,2006,Kharif,Horse-gram,2202,669,0.303814714
Chhattisgarh,RAJNANDGAON,2006,Kharif,Jowar,33,34,1.03030303
Chhattisgarh,RAJNANDGAON,2006,Kharif,Maize,1150,1267,1.10173913
Chhattisgarh,RAJNANDGAON,2006,Kharif,Mesta,52,102,1.961538462
Chhattisgarh,RAJNANDGAON,2006,Kharif,Moong(Green Gram),474,97,0.20464135
Chhattisgarh,RAJNANDGAON,2006,Kharif,Niger seed,18,3,0.166666667
Chhattisgarh,RAJNANDGAON,2006,Kharif,Other Kharif pulses,276,91,0.329710145
Chhattisgarh,RAJNANDGAON,2006,Kharif,Potato,1,8,8
Chhattisgarh,RAJNANDGAON,2006,Kharif,Ragi,195,54,0.276923077
Chhattisgarh,RAJNANDGAON,2006,Kharif,Rice,265967,357973,1.345930134
Chhattisgarh,RAJNANDGAON,2006,Kharif,Sesamum,564,171,0.303191489
Chhattisgarh,RAJNANDGAON,2006,Kharif,Small millets,26739,6487,0.242604435
Chhattisgarh,RAJNANDGAON,2006,Kharif,Soyabean,13348,13708,1.026970333
Chhattisgarh,RAJNANDGAON,2006,Kharif,Sunflower,545,507,0.930275229
Chhattisgarh,RAJNANDGAON,2006,Kharif,Urad,7019,2453,0.349479983
Chhattisgarh,RAJNANDGAON,2006,Rabi,Barley,4,4,1
Chhattisgarh,RAJNANDGAON,2006,Rabi,Gram,33592,26434,0.786913551
Chhattisgarh,RAJNANDGAON,2006,Rabi,Horse-gram,1104,304,0.275362319
Chhattisgarh,RAJNANDGAON,2006,Rabi,Jute,3,,
Chhattisgarh,RAJNANDGAON,2006,Rabi,Khesari,54323,23565,0.433794157
Chhattisgarh,RAJNANDGAON,2006,Rabi,Linseed,15710,4078,0.259579885
Chhattisgarh,RAJNANDGAON,2006,Rabi,Masoor,1188,374,0.314814815
Chhattisgarh,RAJNANDGAON,2006,Rabi,Moong(Green Gram),288,58,0.201388889
Chhattisgarh,RAJNANDGAON,2006,Rabi,Other  Rabi pulses,125,39,0.312
Chhattisgarh,RAJNANDGAON,2006,Rabi,Peas & beans (Pulses),235,69,0.293617021
Chhattisgarh,RAJNANDGAON,2006,Rabi,Potato,13,49,3.769230769
Chhattisgarh,RAJNANDGAON,2006,Rabi,Rapeseed &Mustard,423,162,0.382978723
Chhattisgarh,RAJNANDGAON,2006,Rabi,Safflower,6,2,0.333333333
Chhattisgarh,RAJNANDGAON,2006,Rabi,Urad,1235,328,0.265587045
Chhattisgarh,RAJNANDGAON,2006,Rabi,Wheat,13361,10243,0.766634234
Chhattisgarh,RAJNANDGAON,2006,Whole Year,Banana,7,256,36.57142857
Chhattisgarh,RAJNANDGAON,2006,Whole Year,Coriander,177,42,0.237288136
Chhattisgarh,RAJNANDGAON,2006,Whole Year,Dry chillies,561,61,0.108734403
Chhattisgarh,RAJNANDGAON,2006,Whole Year,Dry ginger,11,13,1.181818182
Chhattisgarh,RAJNANDGAON,2006,Whole Year,Garlic,13,35,2.692307692
Chhattisgarh,RAJNANDGAON,2006,Whole Year,Onion,238,846,3.554621849
Chhattisgarh,RAJNANDGAON,2006,Whole Year,Sannhamp,50,15,0.3
Chhattisgarh,RAJNANDGAON,2006,Whole Year,Sugarcane,12,26,2.166666667
Chhattisgarh,RAJNANDGAON,2006,Whole Year,Sweet potato,51,289,5.666666667
Chhattisgarh,RAJNANDGAON,2006,Whole Year,Turmeric,8,8,1
Chhattisgarh,RAJNANDGAON,2007,Kharif,Arhar/Tur,2711,1407,0.51899668
Chhattisgarh,RAJNANDGAON,2007,Kharif,Groundnut,7,18,2.571428571
Chhattisgarh,RAJNANDGAON,2007,Kharif,Horse-gram,2049,589,0.287457296
Chhattisgarh,RAJNANDGAON,2007,Kharif,Jowar,26,26,1
Chhattisgarh,RAJNANDGAON,2007,Kharif,Maize,1110,1415,1.274774775
Chhattisgarh,RAJNANDGAON,2007,Kharif,Mesta,52,96,1.846153846
Chhattisgarh,RAJNANDGAON,2007,Kharif,Moong(Green Gram),409,90,0.2200489
Chhattisgarh,RAJNANDGAON,2007,Kharif,Niger seed,55,11,0.2
Chhattisgarh,RAJNANDGAON,2007,Kharif,Other Kharif pulses,260,78,0.3
Chhattisgarh,RAJNANDGAON,2007,Kharif,Potato,1,8,8
Chhattisgarh,RAJNANDGAON,2007,Kharif,Ragi,178,49,0.275280899
Chhattisgarh,RAJNANDGAON,2007,Kharif,Rice,268022,290436,1.083627463
Chhattisgarh,RAJNANDGAON,2007,Kharif,Sesamum,645,205,0.317829457
Chhattisgarh,RAJNANDGAON,2007,Kharif,Small millets,23576,7373,0.312733288
Chhattisgarh,RAJNANDGAON,2007,Kharif,Soyabean,16240,21434,1.319827586
Chhattisgarh,RAJNANDGAON,2007,Kharif,Sunflower,467,433,0.927194861
Chhattisgarh,RAJNANDGAON,2007,Kharif,Urad,7284,2457,0.337314662
Chhattisgarh,RAJNANDGAON,2007,Rabi,Barley,1,1,1
Chhattisgarh,RAJNANDGAON,2007,Rabi,Gram,37869,31118,0.821727534
Chhattisgarh,RAJNANDGAON,2007,Rabi,Horse-gram,1106,304,0.274864376
Chhattisgarh,RAJNANDGAON,2007,Rabi,Khesari,52894,25288,0.478088252
Chhattisgarh,RAJNANDGAON,2007,Rabi,Linseed,13862,4482,0.323329967
Chhattisgarh,RAJNANDGAON,2007,Rabi,Masoor,1221,377,0.308763309
Chhattisgarh,RAJNANDGAON,2007,Rabi,Moong(Green Gram),107,22,0.205607477
Chhattisgarh,RAJNANDGAON,2007,Rabi,Other  Rabi pulses,132,45,0.340909091
Chhattisgarh,RAJNANDGAON,2007,Rabi,Peas & beans (Pulses),204,60,0.294117647
Chhattisgarh,RAJNANDGAON,2007,Rabi,Potato,14,62,4.428571429
Chhattisgarh,RAJNANDGAON,2007,Rabi,Rapeseed &Mustard,443,169,0.381489842
Chhattisgarh,RAJNANDGAON,2007,Rabi,Safflower,13,4,0.307692308
Chhattisgarh,RAJNANDGAON,2007,Rabi,Urad,1641,442,0.269347959
Chhattisgarh,RAJNANDGAON,2007,Rabi,Wheat,13265,11726,0.8839804
Chhattisgarh,RAJNANDGAON,2007,Whole Year,Banana,12,475,39.58333333
Chhattisgarh,RAJNANDGAON,2007,Whole Year,Coriander,40,10,0.25
Chhattisgarh,RAJNANDGAON,2007,Whole Year,Dry chillies,488,394,0.807377049
Chhattisgarh,RAJNANDGAON,2007,Whole Year,Dry ginger,20,25,1.25
Chhattisgarh,RAJNANDGAON,2007,Whole Year,Garlic,6,16,2.666666667
Chhattisgarh,RAJNANDGAON,2007,Whole Year,Onion,206,719,3.490291262
Chhattisgarh,RAJNANDGAON,2007,Whole Year,Sannhamp,26,8,0.307692308
Chhattisgarh,RAJNANDGAON,2007,Whole Year,Sugarcane,49,105,2.142857143
Chhattisgarh,RAJNANDGAON,2007,Whole Year,Sweet potato,52,356,6.846153846
Chhattisgarh,RAJNANDGAON,2007,Whole Year,Turmeric,6,5,0.833333333
Chhattisgarh,RAJNANDGAON,2008,Kharif,Arhar/Tur,2500,1426,0.5704
Chhattisgarh,RAJNANDGAON,2008,Kharif,Castor seed,1,,
Chhattisgarh,RAJNANDGAON,2008,Kharif,Groundnut,4,10,2.5
Chhattisgarh,RAJNANDGAON,2008,Kharif,Horse-gram,1848,521,0.281926407
Chhattisgarh,RAJNANDGAON,2008,Kharif,Jowar,55,71,1.290909091
Chhattisgarh,RAJNANDGAON,2008,Kharif,Maize,1205,1168,0.969294606
Chhattisgarh,RAJNANDGAON,2008,Kharif,Mesta,66,130,1.96969697
Chhattisgarh,RAJNANDGAON,2008,Kharif,Moong(Green Gram),422,77,0.182464455
Chhattisgarh,RAJNANDGAON,2008,Kharif,Niger seed,55,10,0.181818182
Chhattisgarh,RAJNANDGAON,2008,Kharif,Other Kharif pulses,270,84,0.311111111
Chhattisgarh,RAJNANDGAON,2008,Kharif,Potato,10,,
Chhattisgarh,RAJNANDGAON,2008,Kharif,Ragi,178,48,0.269662921
Chhattisgarh,RAJNANDGAON,2008,Kharif,Rice,271256,211856,0.781018669
Chhattisgarh,RAJNANDGAON,2008,Kharif,Sesamum,661,138,0.208774584
Chhattisgarh,RAJNANDGAON,2008,Kharif,Small millets,19863,3505,0.176458742
Chhattisgarh,RAJNANDGAON,2008,Kharif,Soyabean,19073,17833,0.93498663
Chhattisgarh,RAJNANDGAON,2008,Kharif,Sunflower,158,127,0.803797468
Chhattisgarh,RAJNANDGAON,2008,Kharif,Urad,6400,1851,0.28921875
Chhattisgarh,RAJNANDGAON,2008,Rabi,Barley,5,5,1
Chhattisgarh,RAJNANDGAON,2008,Rabi,Gram,40602,26445,0.651322595
Chhattisgarh,RAJNANDGAON,2008,Rabi,Horse-gram,1033,249,0.241045499
Chhattisgarh,RAJNANDGAON,2008,Rabi,Khesari,46123,9706,0.210437309
Chhattisgarh,RAJNANDGAON,2008,Rabi,Linseed,10047,2636,0.262366876
Chhattisgarh,RAJNANDGAON,2008,Rabi,Masoor,1053,285,0.270655271
Chhattisgarh,RAJNANDGAON,2008,Rabi,Moong(Green Gram),105,21,0.2
Chhattisgarh,RAJNANDGAON,2008,Rabi,Other  Rabi pulses,145,44,0.303448276
Chhattisgarh,RAJNANDGAON,2008,Rabi,Peas & beans (Pulses),235,66,0.280851064
Chhattisgarh,RAJNANDGAON,2008,Rabi,Potato,10,40,4
Chhattisgarh,RAJNANDGAON,2008,Rabi,Rapeseed &Mustard,596,187,0.313758389
Chhattisgarh,RAJNANDGAON,2008,Rabi,Safflower,22,9,0.409090909
Chhattisgarh,RAJNANDGAON,2008,Rabi,Urad,1108,267,0.240974729
Chhattisgarh,RAJNANDGAON,2008,Rabi,Wheat,12857,9259,0.720152446
Chhattisgarh,RAJNANDGAON,2008,Whole Year,Banana,33,1267,38.39393939
Chhattisgarh,RAJNANDGAON,2008,Whole Year,Coriander,113,24,0.212389381
Chhattisgarh,RAJNANDGAON,2008,Whole Year,Dry chillies,477,275,0.576519916
Chhattisgarh,RAJNANDGAON,2008,Whole Year,Dry ginger,9,12,1.333333333
Chhattisgarh,RAJNANDGAON,2008,Whole Year,Garlic,6,18,3
Chhattisgarh,RAJNANDGAON,2008,Whole Year,Onion,219,790,3.607305936
Chhattisgarh,RAJNANDGAON,2008,Whole Year,Sannhamp,30,8,0.266666667
Chhattisgarh,RAJNANDGAON,2008,Whole Year,Sugarcane,54,92,1.703703704
Chhattisgarh,RAJNANDGAON,2008,Whole Year,Sweet potato,44,236,5.363636364
Chhattisgarh,RAJNANDGAON,2008,Whole Year,Turmeric,7,5,0.714285714
Chhattisgarh,RAJNANDGAON,2009,Kharif,Arhar/Tur,2408,1145,0.475498339
Chhattisgarh,RAJNANDGAON,2009,Kharif,Castor seed,1,,
Chhattisgarh,RAJNANDGAON,2009,Kharif,Groundnut,5,,
Chhattisgarh,RAJNANDGAON,2009,Kharif,Horse-gram,1688,366,0.216824645
Chhattisgarh,RAJNANDGAON,2009,Kharif,Jowar,56,67,1.196428571
Chhattisgarh,RAJNANDGAON,2009,Kharif,Maize,1122,999,0.890374332
Chhattisgarh,RAJNANDGAON,2009,Kharif,Mesta,51,100,1.960784314
Chhattisgarh,RAJNANDGAON,2009,Kharif,Moong(Green Gram),422,69,0.163507109
Chhattisgarh,RAJNANDGAON,2009,Kharif,Other Kharif pulses,274,69,0.251824818
Chhattisgarh,RAJNANDGAON,2009,Kharif,Ragi,164,44,0.268292683
Chhattisgarh,RAJNANDGAON,2009,Kharif,Rice,269249,210540,0.781952765
Chhattisgarh,RAJNANDGAON,2009,Kharif,Sesamum,594,253,0.425925926
Chhattisgarh,RAJNANDGAON,2009,Kharif,Small millets,18302,3271,0.178723637
Chhattisgarh,RAJNANDGAON,2009,Kharif,Soyabean,20145,15849,0.786746091
Chhattisgarh,RAJNANDGAON,2009,Kharif,Sunflower,147,121,0.823129252
Chhattisgarh,RAJNANDGAON,2009,Kharif,Urad,5457,1282,0.234927616
Chhattisgarh,RAJNANDGAON,2009,Rabi,Barley,12,,
Chhattisgarh,RAJNANDGAON,2009,Rabi,Gram,42753,31953,0.747386148
Chhattisgarh,RAJNANDGAON,2009,Rabi,Horse-gram,960,232,0.241666667
Chhattisgarh,RAJNANDGAON,2009,Rabi,Khesari,38206,14804,0.387478407
Chhattisgarh,RAJNANDGAON,2009,Rabi,Linseed,8139,2083,0.255928247
Chhattisgarh,RAJNANDGAON,2009,Rabi,Masoor,1175,332,0.282553191
Chhattisgarh,RAJNANDGAON,2009,Rabi,Moong(Green Gram),111,20,0.18018018
Chhattisgarh,RAJNANDGAON,2009,Rabi,Other  Rabi pulses,112,21,0.1875
Chhattisgarh,RAJNANDGAON,2009,Rabi,Peas & beans (Pulses),291,82,0.281786942
Chhattisgarh,RAJNANDGAON,2009,Rabi,Rapeseed &Mustard,435,175,0.402298851
Chhattisgarh,RAJNANDGAON,2009,Rabi,Safflower,19,7,0.368421053
Chhattisgarh,RAJNANDGAON,2009,Rabi,Urad,968,234,0.241735537
Chhattisgarh,RAJNANDGAON,2009,Rabi,Wheat,13828,11470,0.829476425
Chhattisgarh,RAJNANDGAON,2009,Whole Year,Banana,25,2267,90.68
Chhattisgarh,RAJNANDGAON,2009,Whole Year,Coriander,102,21,0.205882353
Chhattisgarh,RAJNANDGAON,2009,Whole Year,Dry chillies,475,414,0.871578947
Chhattisgarh,RAJNANDGAON,2009,Whole Year,Dry ginger,7,8,1.142857143
Chhattisgarh,RAJNANDGAON,2009,Whole Year,Garlic,6,17,2.833333333
Chhattisgarh,RAJNANDGAON,2009,Whole Year,Onion,223,728,3.264573991
Chhattisgarh,RAJNANDGAON,2009,Whole Year,Potato,34,136,4
Chhattisgarh,RAJNANDGAON,2009,Whole Year,Sannhamp,22,7,0.318181818
Chhattisgarh,RAJNANDGAON,2009,Whole Year,Sugarcane,30,76,2.533333333
Chhattisgarh,RAJNANDGAON,2009,Whole Year,Sweet potato,39,221,5.666666667
Chhattisgarh,RAJNANDGAON,2009,Whole Year,Turmeric,9,8,0.888888889
Chhattisgarh,RAJNANDGAON,2010,Kharif,Arhar/Tur,3196,1164,0.364205257
Chhattisgarh,RAJNANDGAON,2010,Kharif,Castor seed,1,,
Chhattisgarh,RAJNANDGAON,2010,Kharif,Groundnut,12,9,0.75
Chhattisgarh,RAJNANDGAON,2010,Kharif,Horse-gram,1807,578,0.319867183
Chhattisgarh,RAJNANDGAON,2010,Kharif,Jowar,55,83,1.509090909
Chhattisgarh,RAJNANDGAON,2010,Kharif,Maize,1336,1920,1.437125749
Chhattisgarh,RAJNANDGAON,2010,Kharif,Mesta,57,122,2.140350877
Chhattisgarh,RAJNANDGAON,2010,Kharif,Moong(Green Gram),368,73,0.198369565
Chhattisgarh,RAJNANDGAON,2010,Kharif,Niger seed,1,,
Chhattisgarh,RAJNANDGAON,2010,Kharif,Other Kharif pulses,319,88,0.275862069
Chhattisgarh,RAJNANDGAON,2010,Kharif,Ragi,164,48,0.292682927
Chhattisgarh,RAJNANDGAON,2010,Kharif,Rice,274412,438569,1.598213635
Chhattisgarh,RAJNANDGAON,2010,Kharif,Sesamum,746,211,0.282841823
Chhattisgarh,RAJNANDGAON,2010,Kharif,Small millets,15881,2615,0.164662175
Chhattisgarh,RAJNANDGAON,2010,Kharif,Soyabean,21001,24888,1.185086424
Chhattisgarh,RAJNANDGAON,2010,Kharif,Sunflower,65,59,0.907692308
Chhattisgarh,RAJNANDGAON,2010,Kharif,Urad,4578,1627,0.355395369
Chhattisgarh,RAJNANDGAON,2010,Rabi,Barley,32,29,0.90625
Chhattisgarh,RAJNANDGAON,2010,Rabi,Gram,45901,45211,0.984967648
Chhattisgarh,RAJNANDGAON,2010,Rabi,Horse-gram,941,235,0.249734325
Chhattisgarh,RAJNANDGAON,2010,Rabi,Khesari,38186,19069,0.499371497
Chhattisgarh,RAJNANDGAON,2010,Rabi,Linseed,6743,1847,0.273913688
Chhattisgarh,RAJNANDGAON,2010,Rabi,Masoor,1322,430,0.32526475
Chhattisgarh,RAJNANDGAON,2010,Rabi,Moong(Green Gram),130,27,0.207692308
Chhattisgarh,RAJNANDGAON,2010,Rabi,Other  Rabi pulses,182,37,0.203296703
Chhattisgarh,RAJNANDGAON,2010,Rabi,Peas & beans (Pulses),337,109,0.323442136
Chhattisgarh,RAJNANDGAON,2010,Rabi,Rapeseed &Mustard,456,170,0.372807018
Chhattisgarh,RAJNANDGAON,2010,Rabi,Safflower,7,3,0.428571429
Chhattisgarh,RAJNANDGAON,2010,Rabi,Urad,864,246,0.284722222
Chhattisgarh,RAJNANDGAON,2010,Rabi,Wheat,14189,14313,1.008739164
Chhattisgarh,RAJNANDGAON,2010,Whole Year,Banana,37,1353,36.56756757
Chhattisgarh,RAJNANDGAON,2010,Whole Year,Coriander,107,26,0.242990654
Chhattisgarh,RAJNANDGAON,2010,Whole Year,Dry chillies,452,258,0.57079646
Chhattisgarh,RAJNANDGAON,2010,Whole Year,Dry ginger,17,19,1.117647059
Chhattisgarh,RAJNANDGAON,2010,Whole Year,Garlic,41,118,2.87804878
Chhattisgarh,RAJNANDGAON,2010,Whole Year,Onion,165,721,4.36969697
Chhattisgarh,RAJNANDGAON,2010,Whole Year,Potato,40,174,4.35
Chhattisgarh,RAJNANDGAON,2010,Whole Year,Sannhamp,28,7,0.25
Chhattisgarh,RAJNANDGAON,2010,Whole Year,Sugarcane,32,60,1.875
Chhattisgarh,RAJNANDGAON,2010,Whole Year,Sweet potato,40,23,0.575
Chhattisgarh,RAJNANDGAON,2010,Whole Year,Turmeric,30,27,0.9
Chhattisgarh,RAJNANDGAON,2011,Kharif,Arhar/Tur,3178,1289,0.405601007
Chhattisgarh,RAJNANDGAON,2011,Kharif,Groundnut,1,1,1
Chhattisgarh,RAJNANDGAON,2011,Kharif,Horse-gram,1740,566,0.325287356
Chhattisgarh,RAJNANDGAON,2011,Kharif,Jowar,98,72,0.734693878
Chhattisgarh,RAJNANDGAON,2011,Kharif,Maize,1321,1712,1.295987888
Chhattisgarh,RAJNANDGAON,2011,Kharif,Mesta,49,88,1.795918367
Chhattisgarh,RAJNANDGAON,2011,Kharif,Moong(Green Gram),304,68,0.223684211
Chhattisgarh,RAJNANDGAON,2011,Kharif,Niger seed,1,,
Chhattisgarh,RAJNANDGAON,2011,Kharif,Other Kharif pulses,253,72,0.28458498
Chhattisgarh,RAJNANDGAON,2011,Kharif,Potato,16,104,6.5
Chhattisgarh,RAJNANDGAON,2011,Kharif,Ragi,159,39,0.245283019
Chhattisgarh,RAJNANDGAON,2011,Kharif,Rice,276480,458453,1.658177807
Chhattisgarh,RAJNANDGAON,2011,Kharif,Sesamum,564,190,0.336879433
Chhattisgarh,RAJNANDGAON,2011,Kharif,Small millets,14855,2443,0.164456412
Chhattisgarh,RAJNANDGAON,2011,Kharif,Soyabean,22148,18296,0.826079104
Chhattisgarh,RAJNANDGAON,2011,Kharif,Sunflower,89,81,0.91011236
Chhattisgarh,RAJNANDGAON,2011,Kharif,Urad,4468,1615,0.361459266
Chhattisgarh,RAJNANDGAON,2011,Rabi,Barley,71,90,1.267605634
Chhattisgarh,RAJNANDGAON,2011,Rabi,Gram,47026,45355,0.964466465
Chhattisgarh,RAJNANDGAON,2011,Rabi,Horse-gram,902,260,0.288248337
Chhattisgarh,RAJNANDGAON,2011,Rabi,Khesari,36572,17949,0.4907853
Chhattisgarh,RAJNANDGAON,2011,Rabi,Linseed,6149,2579,0.419417792
Chhattisgarh,RAJNANDGAON,2011,Rabi,Masoor,1578,514,0.325728771
Chhattisgarh,RAJNANDGAON,2011,Rabi,Moong(Green Gram),116,24,0.206896552
Chhattisgarh,RAJNANDGAON,2011,Rabi,Other  Rabi pulses,293,87,0.296928328
Chhattisgarh,RAJNANDGAON,2011,Rabi,Peas & beans (Pulses),297,96,0.323232323
Chhattisgarh,RAJNANDGAON,2011,Rabi,Potato,21,140,6.666666667
Chhattisgarh,RAJNANDGAON,2011,Rabi,Rapeseed &Mustard,391,171,0.437340153
Chhattisgarh,RAJNANDGAON,2011,Rabi,Safflower,2,1,0.5
Chhattisgarh,RAJNANDGAON,2011,Rabi,Urad,778,225,0.289203085
Chhattisgarh,RAJNANDGAON,2011,Rabi,Wheat,13946,15816,1.134088628
Chhattisgarh,RAJNANDGAON,2011,Whole Year,Banana,74,2932,39.62162162
Chhattisgarh,RAJNANDGAON,2011,Whole Year,Coriander,121,29,0.239669421
Chhattisgarh,RAJNANDGAON,2011,Whole Year,Dry chillies,424,468,1.103773585
Chhattisgarh,RAJNANDGAON,2011,Whole Year,Dry ginger,13,15,1.153846154
Chhattisgarh,RAJNANDGAON,2011,Whole Year,Garlic,5,14,2.8
Chhattisgarh,RAJNANDGAON,2011,Whole Year,Onion,161,616,3.826086957
Chhattisgarh,RAJNANDGAON,2011,Whole Year,Sannhamp,22,40,1.818181818
Chhattisgarh,RAJNANDGAON,2011,Whole Year,Sugarcane,29,88,3.034482759
Chhattisgarh,RAJNANDGAON,2011,Whole Year,Sweet potato,35,188,5.371428571
Chhattisgarh,RAJNANDGAON,2011,Whole Year,Turmeric,40,35,0.875
Chhattisgarh,RAJNANDGAON,2012,Kharif,Arhar/Tur,3025,1698,0.561322314
Chhattisgarh,RAJNANDGAON,2012,Kharif,Horse-gram,1711,464,0.271186441
Chhattisgarh,RAJNANDGAON,2012,Kharif,Jowar,117,71,0.606837607
Chhattisgarh,RAJNANDGAON,2012,Kharif,Maize,1330,2050,1.541353383
Chhattisgarh,RAJNANDGAON,2012,Kharif,Mesta,43,70,1.627906977
Chhattisgarh,RAJNANDGAON,2012,Kharif,Moong(Green Gram),252,53,0.21031746
Chhattisgarh,RAJNANDGAON,2012,Kharif,Niger seed,1,,
Chhattisgarh,RAJNANDGAON,2012,Kharif,Other Kharif pulses,244,66,0.270491803
Chhattisgarh,RAJNANDGAON,2012,Kharif,Potato,11,73,6.636363636
Chhattisgarh,RAJNANDGAON,2012,Kharif,Ragi,172,46,0.26744186
Chhattisgarh,RAJNANDGAON,2012,Kharif,Rice,277609,512609,1.846514342
Chhattisgarh,RAJNANDGAON,2012,Kharif,Sesamum,520,145,0.278846154
Chhattisgarh,RAJNANDGAON,2012,Kharif,Small millets,13795,3110,0.225444001
Chhattisgarh,RAJNANDGAON,2012,Kharif,Soyabean,23248,29166,1.254559532
Chhattisgarh,RAJNANDGAON,2012,Kharif,Sunflower,81,62,0.765432099
Chhattisgarh,RAJNANDGAON,2012,Kharif,Urad,3830,1269,0.331331593
Chhattisgarh,RAJNANDGAON,2012,Rabi,Barley,9,8,0.888888889
Chhattisgarh,RAJNANDGAON,2012,Rabi,Gram,49164,52429,1.066410382
Chhattisgarh,RAJNANDGAON,2012,Rabi,Horse-gram,911,241,0.264544457
Chhattisgarh,RAJNANDGAON,2012,Rabi,Khesari,33729,12861,0.381303922
Chhattisgarh,RAJNANDGAON,2012,Rabi,Linseed,5433,2383,0.438615866
Chhattisgarh,RAJNANDGAON,2012,Rabi,Masoor,1388,377,0.271613833
Chhattisgarh,RAJNANDGAON,2012,Rabi,Moong(Green Gram),93,18,0.193548387
Chhattisgarh,RAJNANDGAON,2012,Rabi,Other  Rabi pulses,232,60,0.25862069
Chhattisgarh,RAJNANDGAON,2012,Rabi,Peas & beans (Pulses),286,86,0.300699301
Chhattisgarh,RAJNANDGAON,2012,Rabi,Potato,22,149,6.772727273
Chhattisgarh,RAJNANDGAON,2012,Rabi,Rapeseed &Mustard,386,162,0.419689119
Chhattisgarh,RAJNANDGAON,2012,Rabi,Safflower,12,6,0.5
Chhattisgarh,RAJNANDGAON,2012,Rabi,Urad,649,175,0.269645609
Chhattisgarh,RAJNANDGAON,2012,Rabi,Wheat,13633,15944,1.169515147
Chhattisgarh,RAJNANDGAON,2012,Whole Year,Banana,87,1975,22.70114943
Chhattisgarh,RAJNANDGAON,2012,Whole Year,Coriander,102,25,0.245098039
Chhattisgarh,RAJNANDGAON,2012,Whole Year,Dry chillies,377,431,1.143236074
Chhattisgarh,RAJNANDGAON,2012,Whole Year,Dry ginger,3,3,1
Chhattisgarh,RAJNANDGAON,2012,Whole Year,Garlic,3,8,2.666666667
Chhattisgarh,RAJNANDGAON,2012,Whole Year,Onion,157,372,2.369426752
Chhattisgarh,RAJNANDGAON,2012,Whole Year,Sannhamp,24,6,0.25
Chhattisgarh,RAJNANDGAON,2012,Whole Year,Sugarcane,26,50,1.923076923
Chhattisgarh,RAJNANDGAON,2012,Whole Year,Sweet potato,30,167,5.566666667
Chhattisgarh,RAJNANDGAON,2012,Whole Year,Turmeric,22,18,0.818181818
Chhattisgarh,RAJNANDGAON,2013,Kharif,Arhar/Tur,2530,1153,0.455731225
Chhattisgarh,RAJNANDGAON,2013,Kharif,Horse-gram,1611,498,0.309124767
Chhattisgarh,RAJNANDGAON,2013,Kharif,Maize,1338,2096,1.56651719
Chhattisgarh,RAJNANDGAON,2013,Kharif,Mesta,45,81,1.8
Chhattisgarh,RAJNANDGAON,2013,Kharif,Moong(Green Gram),216,41,0.189814815
Chhattisgarh,RAJNANDGAON,2013,Kharif,Niger seed,1,71,71
Chhattisgarh,RAJNANDGAON,2013,Kharif,Other Kharif pulses,210,63,0.3
Chhattisgarh,RAJNANDGAON,2013,Kharif,Potato,23,90,3.913043478
Chhattisgarh,RAJNANDGAON,2013,Kharif,Ragi,155,41,0.264516129
Chhattisgarh,RAJNANDGAON,2013,Kharif,Rice,281928,428897,1.521299764
Chhattisgarh,RAJNANDGAON,2013,Kharif,Sannhamp,25,7,0.28
Chhattisgarh,RAJNANDGAON,2013,Kharif,Sesamum,479,132,0.275574113
Chhattisgarh,RAJNANDGAON,2013,Kharif,Small millets,11359,2675,0.235496082
Chhattisgarh,RAJNANDGAON,2013,Kharif,Soyabean,24206,27646,1.142113526
Chhattisgarh,RAJNANDGAON,2013,Kharif,Sunflower,48,14,0.291666667
Chhattisgarh,RAJNANDGAON,2013,Kharif,Urad,3390,1225,0.361356932
Chhattisgarh,RAJNANDGAON,2013,Rabi,Barley,2,3,1.5
Chhattisgarh,RAJNANDGAON,2013,Rabi,Gram,56368,38215,0.677955578
Chhattisgarh,RAJNANDGAON,2013,Rabi,Horse-gram,834,201,0.241007194
Chhattisgarh,RAJNANDGAON,2013,Rabi,Khesari,31229,11890,0.380735854
Chhattisgarh,RAJNANDGAON,2013,Rabi,Linseed,4378,1705,0.389447236
Chhattisgarh,RAJNANDGAON,2013,Rabi,Masoor,1355,375,0.276752768
Chhattisgarh,RAJNANDGAON,2013,Rabi,Moong(Green Gram),90,17,0.188888889
Chhattisgarh,RAJNANDGAON,2013,Rabi,Other  Rabi pulses,149,192,1.288590604
Chhattisgarh,RAJNANDGAON,2013,Rabi,Peas & beans (Pulses),315,111,0.352380952
Chhattisgarh,RAJNANDGAON,2013,Rabi,Potato,20,96,4.8
Chhattisgarh,RAJNANDGAON,2013,Rabi,Rapeseed &Mustard,331,142,0.429003021
Chhattisgarh,RAJNANDGAON,2013,Rabi,Safflower,5,2,0.4
Chhattisgarh,RAJNANDGAON,2013,Rabi,Urad,576,167,0.289930556
Chhattisgarh,RAJNANDGAON,2013,Rabi,Wheat,12830,14471,1.127903352
Chhattisgarh,RAJNANDGAON,2013,Whole Year,Banana,77,3285,42.66233766
Chhattisgarh,RAJNANDGAON,2013,Whole Year,Coriander,106,26,0.245283019
Chhattisgarh,RAJNANDGAON,2013,Whole Year,Dry chillies,407,360,0.884520885
Chhattisgarh,RAJNANDGAON,2013,Whole Year,Dry ginger,2,2,1
Chhattisgarh,RAJNANDGAON,2013,Whole Year,Garlic,2,6,3
Chhattisgarh,RAJNANDGAON,2013,Whole Year,Jowar,100,62,0.62
Chhattisgarh,RAJNANDGAON,2013,Whole Year,Onion,184,1377,7.483695652
Chhattisgarh,RAJNANDGAON,2013,Whole Year,Sugarcane,38,75,1.973684211
Chhattisgarh,RAJNANDGAON,2013,Whole Year,Sweet potato,38,241,6.342105263
Chhattisgarh,RAJNANDGAON,2013,Whole Year,Turmeric,22,22,1
Chhattisgarh,RAJNANDGAON,2014,Kharif,Arhar/Tur,6652,4248,0.638604931
Chhattisgarh,RAJNANDGAON,2014,Kharif,Horse-gram,1244,405,0.325562701
Chhattisgarh,RAJNANDGAON,2014,Kharif,Maize,1426,2147,1.505610098
Chhattisgarh,RAJNANDGAON,2014,Kharif,Mesta,41,81,1.975609756
Chhattisgarh,RAJNANDGAON,2014,Kharif,Moong(Green Gram),255,61,0.239215686
Chhattisgarh,RAJNANDGAON,2014,Kharif,Niger seed,35,9,0.257142857
Chhattisgarh,RAJNANDGAON,2014,Kharif,Other Kharif pulses,188,55,0.292553191
Chhattisgarh,RAJNANDGAON,2014,Kharif,Potato,23,135,5.869565217
Chhattisgarh,RAJNANDGAON,2014,Kharif,Ragi,115,28,0.243478261
Chhattisgarh,RAJNANDGAON,2014,Kharif,Rice,287194,480285,1.672336469
Chhattisgarh,RAJNANDGAON,2014,Kharif,Sannhamp,9,4,0.444444444
Chhattisgarh,RAJNANDGAON,2014,Kharif,Sesamum,377,182,0.482758621
Chhattisgarh,RAJNANDGAON,2014,Kharif,Small millets,5761,1654,0.287102934
Chhattisgarh,RAJNANDGAON,2014,Kharif,Soyabean,23275,8765,0.376584318
Chhattisgarh,RAJNANDGAON,2014,Kharif,Sunflower,30,21,0.7
Chhattisgarh,RAJNANDGAON,2014,Kharif,Urad,2617,1024,0.391287734
Chhattisgarh,RAJNANDGAON,2014,Rabi,Barley,18,40,2.222222222
Chhattisgarh,RAJNANDGAON,2014,Rabi,Gram,57986,55683,0.960283517
Chhattisgarh,RAJNANDGAON,2014,Rabi,Horse-gram,702,210,0.299145299
Chhattisgarh,RAJNANDGAON,2014,Rabi,Khesari,28157,21757,0.772703058
Chhattisgarh,RAJNANDGAON,2014,Rabi,Linseed,3632,1521,0.418777533
Chhattisgarh,RAJNANDGAON,2014,Rabi,Masoor,1476,520,0.352303523
Chhattisgarh,RAJNANDGAON,2014,Rabi,Moong(Green Gram),293,61,0.208191126
Chhattisgarh,RAJNANDGAON,2014,Rabi,Other  Rabi pulses,291,55,0.189003436
Chhattisgarh,RAJNANDGAON,2014,Rabi,Peas & beans (Pulses),360,116,0.322222222
Chhattisgarh,RAJNANDGAON,2014,Rabi,Potato,21,118,5.619047619
Chhattisgarh,RAJNANDGAON,2014,Rabi,Rapeseed &Mustard,386,213,0.551813472
Chhattisgarh,RAJNANDGAON,2014,Rabi,Safflower,6,2,0.333333333
Chhattisgarh,RAJNANDGAON,2014,Rabi,Urad,492,142,0.288617886
Chhattisgarh,RAJNANDGAON,2014,Rabi,Wheat,13022,15803,1.213561665
Chhattisgarh,RAJNANDGAON,2014,Whole Year,Banana,69,2944,42.66666667
Chhattisgarh,RAJNANDGAON,2014,Whole Year,Coriander,61,17,0.278688525
Chhattisgarh,RAJNANDGAON,2014,Whole Year,Dry chillies,333,223,0.66966967
Chhattisgarh,RAJNANDGAON,2014,Whole Year,Dry ginger,2,2,1
Chhattisgarh,RAJNANDGAON,2014,Whole Year,Garlic,13,39,3
Chhattisgarh,RAJNANDGAON,2014,Whole Year,Jowar,99,76,0.767676768
Chhattisgarh,RAJNANDGAON,2014,Whole Year,Onion,145,1167,8.048275862
Chhattisgarh,RAJNANDGAON,2014,Whole Year,Sugarcane,71,174,2.450704225
Chhattisgarh,RAJNANDGAON,2014,Whole Year,Sweet potato,29,170,5.862068966
Chhattisgarh,RAJNANDGAON,2014,Whole Year,Turmeric,1,1,1
Chhattisgarh,SUKMA,2011,Kharif,Arhar/Tur,385,137,0.355844156
Chhattisgarh,SUKMA,2011,Kharif,Groundnut,2,1,0.5
Chhattisgarh,SUKMA,2011,Kharif,Horse-gram,1052,310,0.294676806
Chhattisgarh,SUKMA,2011,Kharif,Jowar,953,958,1.00524659
Chhattisgarh,SUKMA,2011,Kharif,Maize,2532,5222,2.062401264
Chhattisgarh,SUKMA,2011,Kharif,Mesta,12,28,2.333333333
Chhattisgarh,SUKMA,2011,Kharif,Moong(Green Gram),793,211,0.266078184
Chhattisgarh,SUKMA,2011,Kharif,Niger seed,35,7,0.2
Chhattisgarh,SUKMA,2011,Kharif,Other Kharif pulses,308,16,0.051948052
Chhattisgarh,SUKMA,2011,Kharif,Ragi,194,37,0.190721649
Chhattisgarh,SUKMA,2011,Kharif,Rice,71239,91114,1.278990441
Chhattisgarh,SUKMA,2011,Kharif,Sesamum,1636,620,0.378973105
Chhattisgarh,SUKMA,2011,Kharif,Small millets,15685,3334,0.21255977
Chhattisgarh,SUKMA,2011,Kharif,Urad,495,113,0.228282828
Chhattisgarh,SUKMA,2011,Rabi,Gram,1,1,1
Chhattisgarh,SUKMA,2011,Rabi,Horse-gram,63,20,0.317460317
Chhattisgarh,SUKMA,2011,Rabi,Moong(Green Gram),234,79,0.337606838
Chhattisgarh,SUKMA,2011,Rabi,Other  Rabi pulses,2,,
Chhattisgarh,SUKMA,2011,Rabi,Rapeseed &Mustard,311,151,0.485530547
Chhattisgarh,SUKMA,2011,Rabi,Urad,23,9,0.391304348
Chhattisgarh,SUKMA,2011,Whole Year,Banana,123,4096,33.30081301
Chhattisgarh,SUKMA,2011,Whole Year,Coconut,1,,
Chhattisgarh,SUKMA,2011,Whole Year,Coriander,5,1,0.2
Chhattisgarh,SUKMA,2011,Whole Year,Dry chillies,83,57,0.686746988
Chhattisgarh,SUKMA,2011,Whole Year,Sannhamp,1,1,1
Chhattisgarh,SUKMA,2011,Whole Year,Sugarcane,8,68,8.5
Chhattisgarh,SUKMA,2011,Whole Year,Sweet potato,68,237,3.485294118
Chhattisgarh,SUKMA,2011,Whole Year,Turmeric,20,16,0.8
Chhattisgarh,SUKMA,2012,Kharif,Arhar/Tur,383,281,0.733681462
Chhattisgarh,SUKMA,2012,Kharif,Groundnut,1,2,2
Chhattisgarh,SUKMA,2012,Kharif,Horse-gram,1031,444,0.430649855
Chhattisgarh,SUKMA,2012,Kharif,Jowar,951,818,0.860147213
Chhattisgarh,SUKMA,2012,Kharif,Maize,2606,4990,1.914811972
Chhattisgarh,SUKMA,2012,Kharif,Mesta,14,29,2.071428571
Chhattisgarh,SUKMA,2012,Kharif,Moong(Green Gram),778,405,0.520565553
Chhattisgarh,SUKMA,2012,Kharif,Niger seed,32,6,0.1875
Chhattisgarh,SUKMA,2012,Kharif,Other Kharif pulses,308,15,0.048701299
Chhattisgarh,SUKMA,2012,Kharif,Ragi,189,55,0.291005291
Chhattisgarh,SUKMA,2012,Kharif,Rice,73085,156158,2.13666279
Chhattisgarh,SUKMA,2012,Kharif,Sesamum,1620,406,0.250617284
Chhattisgarh,SUKMA,2012,Kharif,Small millets,13553,2956,0.218106692
Chhattisgarh,SUKMA,2012,Kharif,Soyabean,1,2,2
Chhattisgarh,SUKMA,2012,Kharif,Urad,475,213,0.448421053
Chhattisgarh,SUKMA,2012,Rabi,Gram,1,,
Chhattisgarh,SUKMA,2012,Rabi,Horse-gram,62,20,0.322580645
Chhattisgarh,SUKMA,2012,Rabi,Moong(Green Gram),206,75,0.36407767
Chhattisgarh,SUKMA,2012,Rabi,Other  Rabi pulses,2,,
Chhattisgarh,SUKMA,2012,Rabi,Rapeseed &Mustard,302,133,0.440397351
Chhattisgarh,SUKMA,2012,Rabi,Urad,19,8,0.421052632
Chhattisgarh,SUKMA,2012,Whole Year,Banana,97,2750,28.35051546
Chhattisgarh,SUKMA,2012,Whole Year,Coconut,2,,
Chhattisgarh,SUKMA,2012,Whole Year,Coriander,6,2,0.333333333
Chhattisgarh,SUKMA,2012,Whole Year,Dry chillies,85,87,1.023529412
Chhattisgarh,SUKMA,2012,Whole Year,Sannhamp,1,,
Chhattisgarh,SUKMA,2012,Whole Year,Sugarcane,12,36,3
Chhattisgarh,SUKMA,2012,Whole Year,Sweet potato,31,162,5.225806452
Chhattisgarh,SUKMA,2012,Whole Year,Turmeric,19,11,0.578947368
Chhattisgarh,SUKMA,2013,Kharif,Arhar/Tur,375,229,0.610666667
Chhattisgarh,SUKMA,2013,Kharif,Groundnut,1,1,1
Chhattisgarh,SUKMA,2013,Kharif,Horse-gram,990,386,0.38989899
Chhattisgarh,SUKMA,2013,Kharif,Maize,2640,6765,2.5625
Chhattisgarh,SUKMA,2013,Kharif,Mesta,23,49,2.130434783
Chhattisgarh,SUKMA,2013,Kharif,Moong(Green Gram),813,344,0.423124231
Chhattisgarh,SUKMA,2013,Kharif,Niger seed,30,2,0.066666667
Chhattisgarh,SUKMA,2013,Kharif,Other Kharif pulses,266,18,0.067669173
Chhattisgarh,SUKMA,2013,Kharif,Ragi,162,39,0.240740741
Chhattisgarh,SUKMA,2013,Kharif,Rice,72828,171578,2.355934531
Chhattisgarh,SUKMA,2013,Kharif,Sannhamp,1,,
Chhattisgarh,SUKMA,2013,Kharif,Sesamum,1053,235,0.22317189
Chhattisgarh,SUKMA,2013,Kharif,Small millets,14532,2731,0.187930085
Chhattisgarh,SUKMA,2013,Kharif,Soyabean,1,1,1
Chhattisgarh,SUKMA,2013,Kharif,Urad,419,177,0.422434368
Chhattisgarh,SUKMA,2013,Rabi,Gram,1,1,1
Chhattisgarh,SUKMA,2013,Rabi,Horse-gram,59,18,0.305084746
Chhattisgarh,SUKMA,2013,Rabi,Moong(Green Gram),227,65,0.286343612
Chhattisgarh,SUKMA,2013,Rabi,Other  Rabi pulses,3,4,1.333333333
Chhattisgarh,SUKMA,2013,Rabi,Rapeseed &Mustard,300,164,0.546666667
Chhattisgarh,SUKMA,2013,Rabi,Urad,22,11,0.5
Chhattisgarh,SUKMA,2013,Whole Year,Banana,95,4428,46.61052632
Chhattisgarh,SUKMA,2013,Whole Year,Coconut,2,,
Chhattisgarh,SUKMA,2013,Whole Year,Coriander,5,1,0.2
Chhattisgarh,SUKMA,2013,Whole Year,Dry chillies,77,53,0.688311688
Chhattisgarh,SUKMA,2013,Whole Year,Jowar,1015,746,0.734975369
Chhattisgarh,SUKMA,2013,Whole Year,Sugarcane,8,24,3
Chhattisgarh,SUKMA,2013,Whole Year,Sweet potato,29,151,5.206896552
Chhattisgarh,SUKMA,2013,Whole Year,Turmeric,12,7,0.583333333
Chhattisgarh,SUKMA,2014,Kharif,Arhar/Tur,441,281,0.637188209
Chhattisgarh,SUKMA,2014,Kharif,Groundnut,1,2,2
Chhattisgarh,SUKMA,2014,Kharif,Horse-gram,1072,355,0.331156716
Chhattisgarh,SUKMA,2014,Kharif,Maize,2899,6278,2.165574336
Chhattisgarh,SUKMA,2014,Kharif,Mesta,22,52,2.363636364
Chhattisgarh,SUKMA,2014,Kharif,Moong(Green Gram),782,316,0.404092072
Chhattisgarh,SUKMA,2014,Kharif,Niger seed,230,38,0.165217391
Chhattisgarh,SUKMA,2014,Kharif,Other Kharif pulses,322,21,0.065217391
Chhattisgarh,SUKMA,2014,Kharif,Ragi,296,68,0.22972973
Chhattisgarh,SUKMA,2014,Kharif,Rice,78438,174280,2.221882251
Chhattisgarh,SUKMA,2014,Kharif,Sannhamp,1,,
Chhattisgarh,SUKMA,2014,Kharif,Sesamum,1876,650,0.346481876
Chhattisgarh,SUKMA,2014,Kharif,Small millets,13746,2808,0.204277608
Chhattisgarh,SUKMA,2014,Kharif,Soyabean,1,1,1
Chhattisgarh,SUKMA,2014,Kharif,Sunflower,5,2,0.4
Chhattisgarh,SUKMA,2014,Kharif,Urad,585,247,0.422222222
Chhattisgarh,SUKMA,2014,Rabi,Gram,1,,
Chhattisgarh,SUKMA,2014,Rabi,Horse-gram,58,15,0.25862069
Chhattisgarh,SUKMA,2014,Rabi,Moong(Green Gram),223,61,0.273542601
Chhattisgarh,SUKMA,2014,Rabi,Other  Rabi pulses,13,7,0.538461538
Chhattisgarh,SUKMA,2014,Rabi,Rapeseed &Mustard,327,138,0.422018349
Chhattisgarh,SUKMA,2014,Rabi,Urad,30,11,0.366666667
Chhattisgarh,SUKMA,2014,Rabi,Wheat,1,1,1
Chhattisgarh,SUKMA,2014,Whole Year,Banana,101,3362,33.28712871
Chhattisgarh,SUKMA,2014,Whole Year,Coconut,2,,
Chhattisgarh,SUKMA,2014,Whole Year,Dry chillies,90,32,0.355555556
Chhattisgarh,SUKMA,2014,Whole Year,Dry ginger,2,2,1
Chhattisgarh,SUKMA,2014,Whole Year,Jowar,1090,1086,0.996330275
Chhattisgarh,SUKMA,2014,Whole Year,Sugarcane,4,36,9
Chhattisgarh,SUKMA,2014,Whole Year,Sweet potato,45,208,4.622222222
Chhattisgarh,SUKMA,2014,Whole Year,Turmeric,26,22,0.846153846
Chhattisgarh,SURAJPUR,2011,Kharif,Arhar/Tur,3778,1650,0.436739015
Chhattisgarh,SURAJPUR,2011,Kharif,Groundnut,3431,4318,1.258525211
Chhattisgarh,SURAJPUR,2011,Kharif,Horse-gram,2925,705,0.241025641
Chhattisgarh,SURAJPUR,2011,Kharif,Jowar,402,262,0.651741294
Chhattisgarh,SURAJPUR,2011,Kharif,Jute,1,,
Chhattisgarh,SURAJPUR,2011,Kharif,Maize,10266,14321,1.394993181
Chhattisgarh,SURAJPUR,2011,Kharif,Mesta,311,587,1.887459807
Chhattisgarh,SURAJPUR,2011,Kharif,Moong(Green Gram),67,13,0.194029851
Chhattisgarh,SURAJPUR,2011,Kharif,Niger seed,4590,717,0.15620915
Chhattisgarh,SURAJPUR,2011,Kharif,Other Kharif pulses,563,126,0.223801066
Chhattisgarh,SURAJPUR,2011,Kharif,Ragi,16,73,4.5625
Chhattisgarh,SURAJPUR,2011,Kharif,Rice,107505,148323,1.379684666
Chhattisgarh,SURAJPUR,2011,Kharif,Sesamum,1374,490,0.356622999
Chhattisgarh,SURAJPUR,2011,Kharif,Small millets,7502,1947,0.259530792
Chhattisgarh,SURAJPUR,2011,Kharif,Soyabean,18,12,0.666666667
Chhattisgarh,SURAJPUR,2011,Kharif,Sunflower,4,1,0.25
Chhattisgarh,SURAJPUR,2011,Kharif,Urad,5853,1587,0.271143004
Chhattisgarh,SURAJPUR,2011,Rabi,Barley,745,560,0.751677852
Chhattisgarh,SURAJPUR,2011,Rabi,Gram,857,752,0.87747958
Chhattisgarh,SURAJPUR,2011,Rabi,Khesari,361,176,0.487534626
Chhattisgarh,SURAJPUR,2011,Rabi,Linseed,2241,897,0.400267738
Chhattisgarh,SURAJPUR,2011,Rabi,Masoor,513,155,0.30214425
Chhattisgarh,SURAJPUR,2011,Rabi,Moong(Green Gram),30,2,0.066666667
Chhattisgarh,SURAJPUR,2011,Rabi,Peas & beans (Pulses),1060,371,0.35
Chhattisgarh,SURAJPUR,2011,Rabi,Potato,2786,14109,5.064249821
Chhattisgarh,SURAJPUR,2011,Rabi,Rapeseed &Mustard,4176,1741,0.41690613
Chhattisgarh,SURAJPUR,2011,Rabi,Wheat,6591,8185,1.24184494
Chhattisgarh,SURAJPUR,2011,Whole Year,Coriander,187,34,0.181818182
Chhattisgarh,SURAJPUR,2011,Whole Year,Dry chillies,438,421,0.961187215
Chhattisgarh,SURAJPUR,2011,Whole Year,Dry ginger,364,421,1.156593407
Chhattisgarh,SURAJPUR,2011,Whole Year,Garlic,269,794,2.951672862
Chhattisgarh,SURAJPUR,2011,Whole Year,Onion,676,3252,4.810650888
Chhattisgarh,SURAJPUR,2011,Whole Year,Sannhamp,129,233,1.80620155
Chhattisgarh,SURAJPUR,2011,Whole Year,Sugarcane,790,4883,6.181012658
Chhattisgarh,SURAJPUR,2011,Whole Year,Sweet potato,384,1735,4.518229167
Chhattisgarh,SURAJPUR,2011,Whole Year,Tobacco,10,4,0.4
Chhattisgarh,SURAJPUR,2011,Whole Year,Turmeric,236,231,0.978813559
Chhattisgarh,SURAJPUR,2012,Kharif,Arhar/Tur,3962,2444,0.616860172
Chhattisgarh,SURAJPUR,2012,Kharif,Groundnut,3375,4610,1.365925926
Chhattisgarh,SURAJPUR,2012,Kharif,Horse-gram,2665,746,0.279924953
Chhattisgarh,SURAJPUR,2012,Kharif,Jowar,402,405,1.007462687
Chhattisgarh,SURAJPUR,2012,Kharif,Jute,5,,
Chhattisgarh,SURAJPUR,2012,Kharif,Maize,10391,18147,1.746415167
Chhattisgarh,SURAJPUR,2012,Kharif,Mesta,272,428,1.573529412
Chhattisgarh,SURAJPUR,2012,Kharif,Moong(Green Gram),46,9,0.195652174
Chhattisgarh,SURAJPUR,2012,Kharif,Niger seed,4339,690,0.159022816
Chhattisgarh,SURAJPUR,2012,Kharif,Other Kharif pulses,503,116,0.230616302
Chhattisgarh,SURAJPUR,2012,Kharif,Ragi,393,74,0.188295165
Chhattisgarh,SURAJPUR,2012,Kharif,Rice,108067,138640,1.282907826
Chhattisgarh,SURAJPUR,2012,Kharif,Sesamum,1361,378,0.277736958
Chhattisgarh,SURAJPUR,2012,Kharif,Small millets,6763,1522,0.225048056
Chhattisgarh,SURAJPUR,2012,Kharif,Soyabean,15,15,1
Chhattisgarh,SURAJPUR,2012,Kharif,Sunflower,4,1,0.25
Chhattisgarh,SURAJPUR,2012,Kharif,Urad,5768,1691,0.293169209
Chhattisgarh,SURAJPUR,2012,Rabi,Barley,665,609,0.915789474
Chhattisgarh,SURAJPUR,2012,Rabi,Gram,852,722,0.84741784
Chhattisgarh,SURAJPUR,2012,Rabi,Khesari,358,164,0.458100559
Chhattisgarh,SURAJPUR,2012,Rabi,Linseed,2307,857,0.37147811
Chhattisgarh,SURAJPUR,2012,Rabi,Masoor,514,167,0.324902724
Chhattisgarh,SURAJPUR,2012,Rabi,Moong(Green Gram),44,7,0.159090909
Chhattisgarh,SURAJPUR,2012,Rabi,Other  Rabi pulses,79,,
Chhattisgarh,SURAJPUR,2012,Rabi,Peas & beans (Pulses),1098,500,0.455373406
Chhattisgarh,SURAJPUR,2012,Rabi,Potato,2871,18579,6.471264368
Chhattisgarh,SURAJPUR,2012,Rabi,Rapeseed &Mustard,4251,2210,0.519877676
Chhattisgarh,SURAJPUR,2012,Rabi,Wheat,6531,9103,1.393814117
Chhattisgarh,SURAJPUR,2012,Whole Year,Coriander,195,36,0.184615385
Chhattisgarh,SURAJPUR,2012,Whole Year,Dry chillies,487,461,0.94661191
Chhattisgarh,SURAJPUR,2012,Whole Year,Dry ginger,362,453,1.251381215
Chhattisgarh,SURAJPUR,2012,Whole Year,Garlic,333,831,2.495495495
Chhattisgarh,SURAJPUR,2012,Whole Year,Onion,748,1938,2.590909091
Chhattisgarh,SURAJPUR,2012,Whole Year,Sannhamp,107,35,0.327102804
Chhattisgarh,SURAJPUR,2012,Whole Year,Sugarcane,811,2931,3.61405672
Chhattisgarh,SURAJPUR,2012,Whole Year,Sweet potato,320,1735,5.421875
Chhattisgarh,SURAJPUR,2012,Whole Year,Tobacco,8,1,0.125
Chhattisgarh,SURAJPUR,2012,Whole Year,Turmeric,236,213,0.902542373
Chhattisgarh,SURAJPUR,2013,Kharif,Arhar/Tur,4222,2328,0.551397442
Chhattisgarh,SURAJPUR,2013,Kharif,Groundnut,3450,4509,1.306956522
Chhattisgarh,SURAJPUR,2013,Kharif,Horse-gram,2554,775,0.303445576
Chhattisgarh,SURAJPUR,2013,Kharif,Jute,11,,
Chhattisgarh,SURAJPUR,2013,Kharif,Maize,11661,22187,1.90266701
Chhattisgarh,SURAJPUR,2013,Kharif,Mesta,292,459,1.571917808
Chhattisgarh,SURAJPUR,2013,Kharif,Moong(Green Gram),52,10,0.192307692
Chhattisgarh,SURAJPUR,2013,Kharif,Niger seed,4300,783,0.182093023
Chhattisgarh,SURAJPUR,2013,Kharif,Other Kharif pulses,541,110,0.203327172
Chhattisgarh,SURAJPUR,2013,Kharif,Ragi,492,129,0.262195122
Chhattisgarh,SURAJPUR,2013,Kharif,Rice,108262,189774,1.752914227
Chhattisgarh,SURAJPUR,2013,Kharif,Sannhamp,183,53,0.289617486
Chhattisgarh,SURAJPUR,2013,Kharif,Sesamum,1454,447,0.307427785
Chhattisgarh,SURAJPUR,2013,Kharif,Small millets,5992,1421,0.237149533
Chhattisgarh,SURAJPUR,2013,Kharif,Soyabean,15,12,0.8
Chhattisgarh,SURAJPUR,2013,Kharif,Sunflower,9,2,0.222222222
Chhattisgarh,SURAJPUR,2013,Kharif,Urad,5725,1831,0.319825328
Chhattisgarh,SURAJPUR,2013,Rabi,Barley,618,625,1.011326861
Chhattisgarh,SURAJPUR,2013,Rabi,Gram,929,765,0.823466093
Chhattisgarh,SURAJPUR,2013,Rabi,Khesari,343,197,0.574344023
Chhattisgarh,SURAJPUR,2013,Rabi,Linseed,2389,1122,0.469652574
Chhattisgarh,SURAJPUR,2013,Rabi,Masoor,578,203,0.351211073
Chhattisgarh,SURAJPUR,2013,Rabi,Moong(Green Gram),25,5,0.2
Chhattisgarh,SURAJPUR,2013,Rabi,Other  Rabi pulses,78,101,1.294871795
Chhattisgarh,SURAJPUR,2013,Rabi,Peas & beans (Pulses),1017,441,0.433628319
Chhattisgarh,SURAJPUR,2013,Rabi,Potato,2971,12853,4.326152811
Chhattisgarh,SURAJPUR,2013,Rabi,Rapeseed &Mustard,4599,2486,0.540552294
Chhattisgarh,SURAJPUR,2013,Rabi,Wheat,6624,10312,1.556763285
Chhattisgarh,SURAJPUR,2013,Whole Year,Coriander,227,57,0.251101322
Chhattisgarh,SURAJPUR,2013,Whole Year,Dry chillies,514,413,0.803501946
Chhattisgarh,SURAJPUR,2013,Whole Year,Dry ginger,346,334,0.965317919
Chhattisgarh,SURAJPUR,2013,Whole Year,Garlic,391,975,2.493606138
Chhattisgarh,SURAJPUR,2013,Whole Year,Jowar,328,191,0.582317073
Chhattisgarh,SURAJPUR,2013,Whole Year,Onion,879,5928,6.744027304
Chhattisgarh,SURAJPUR,2013,Whole Year,Sugarcane,1311,3659,2.790999237
Chhattisgarh,SURAJPUR,2013,Whole Year,Sweet potato,333,1565,4.6996997
Chhattisgarh,SURAJPUR,2013,Whole Year,Tobacco,8,4,0.5
Chhattisgarh,SURAJPUR,2013,Whole Year,Turmeric,258,194,0.751937984
Chhattisgarh,SURAJPUR,2014,Kharif,Arhar/Tur,4258,2299,0.539924847
Chhattisgarh,SURAJPUR,2014,Kharif,Groundnut,3544,5058,1.427200903
Chhattisgarh,SURAJPUR,2014,Kharif,Horse-gram,2867,856,0.298569934
Chhattisgarh,SURAJPUR,2014,Kharif,Maize,10489,18783,1.790733149
Chhattisgarh,SURAJPUR,2014,Kharif,Mesta,301,474,1.574750831
Chhattisgarh,SURAJPUR,2014,Kharif,Moong(Green Gram),57,11,0.192982456
Chhattisgarh,SURAJPUR,2014,Kharif,Niger seed,4392,800,0.182149362
Chhattisgarh,SURAJPUR,2014,Kharif,Other Kharif pulses,565,93,0.16460177
Chhattisgarh,SURAJPUR,2014,Kharif,Ragi,333,88,0.264264264
Chhattisgarh,SURAJPUR,2014,Kharif,Rice,106865,196547,1.839208347
Chhattisgarh,SURAJPUR,2014,Kharif,Sannhamp,188,52,0.276595745
Chhattisgarh,SURAJPUR,2014,Kharif,Sesamum,1468,684,0.465940054
Chhattisgarh,SURAJPUR,2014,Kharif,Small millets,6129,1697,0.276880405
Chhattisgarh,SURAJPUR,2014,Kharif,Soyabean,11,5,0.454545455
Chhattisgarh,SURAJPUR,2014,Kharif,Sunflower,3,1,0.333333333
Chhattisgarh,SURAJPUR,2014,Kharif,Urad,5688,2004,0.352320675
Chhattisgarh,SURAJPUR,2014,Rabi,Barley,629,651,1.034976153
Chhattisgarh,SURAJPUR,2014,Rabi,Gram,940,860,0.914893617
Chhattisgarh,SURAJPUR,2014,Rabi,Khesari,331,309,0.933534743
Chhattisgarh,SURAJPUR,2014,Rabi,Linseed,2208,924,0.418478261
Chhattisgarh,SURAJPUR,2014,Rabi,Masoor,579,188,0.324697755
Chhattisgarh,SURAJPUR,2014,Rabi,Moong(Green Gram),14,2,0.142857143
Chhattisgarh,SURAJPUR,2014,Rabi,Other  Rabi pulses,36,7,0.194444444
Chhattisgarh,SURAJPUR,2014,Rabi,Peas & beans (Pulses),1020,442,0.433333333
Chhattisgarh,SURAJPUR,2014,Rabi,Potato,2891,15430,5.337253545
Chhattisgarh,SURAJPUR,2014,Rabi,Rapeseed &Mustard,4610,2268,0.49197397
Chhattisgarh,SURAJPUR,2014,Rabi,Urad,2,,
Chhattisgarh,SURAJPUR,2014,Rabi,Wheat,6872,13163,1.915454016
Chhattisgarh,SURAJPUR,2014,Whole Year,Coriander,220,44,0.2
Chhattisgarh,SURAJPUR,2014,Whole Year,Dry chillies,531,266,0.50094162
Chhattisgarh,SURAJPUR,2014,Whole Year,Dry ginger,256,345,1.34765625
Chhattisgarh,SURAJPUR,2014,Whole Year,Garlic,203,531,2.615763547
Chhattisgarh,SURAJPUR,2014,Whole Year,Jowar,322,257,0.798136646
Chhattisgarh,SURAJPUR,2014,Whole Year,Onion,675,2390,3.540740741
Chhattisgarh,SURAJPUR,2014,Whole Year,Sugarcane,1951,13599,6.970271656
Chhattisgarh,SURAJPUR,2014,Whole Year,Sweet potato,394,2136,5.421319797
Chhattisgarh,SURAJPUR,2014,Whole Year,Tobacco,21,9,0.428571429
Chhattisgarh,SURAJPUR,2014,Whole Year,Turmeric,257,232,0.902723735
Chhattisgarh,SURGUJA,2000,Kharif,Arhar/Tur,13363,7005,0.524208636
Chhattisgarh,SURGUJA,2000,Kharif,Groundnut,7802,7965,1.020892079
Chhattisgarh,SURGUJA,2000,Kharif,Horse-gram,12134,3216,0.265040382
Chhattisgarh,SURGUJA,2000,Kharif,Jowar,1720,1362,0.791860465
Chhattisgarh,SURGUJA,2000,Kharif,Maize,37317,50437,1.351582389
Chhattisgarh,SURGUJA,2000,Kharif,Mesta,357,661,1.851540616
Chhattisgarh,SURGUJA,2000,Kharif,Moong(Green Gram),73,13,0.178082192
Chhattisgarh,SURGUJA,2000,Kharif,Niger seed,28375,5087,0.179277533
Chhattisgarh,SURGUJA,2000,Kharif,Other Kharif pulses,701,214,0.305278174
Chhattisgarh,SURGUJA,2000,Kharif,Ragi,924,222,0.24025974
Chhattisgarh,SURGUJA,2000,Kharif,Rice,309313,194681,0.629398053
Chhattisgarh,SURGUJA,2000,Kharif,Sesamum,4707,791,0.168047589
Chhattisgarh,SURGUJA,2000,Kharif,Small millets,47858,11256,0.235195788
Chhattisgarh,SURGUJA,2000,Kharif,Soyabean,63,32,0.507936508
Chhattisgarh,SURGUJA,2000,Kharif,Urad,16092,4537,0.281941337
Chhattisgarh,SURGUJA,2000,Rabi,Barley,3722,3107,0.834766255
Chhattisgarh,SURGUJA,2000,Rabi,Gram,2994,1565,0.522712091
Chhattisgarh,SURGUJA,2000,Rabi,Khesari,371,155,0.417789757
Chhattisgarh,SURGUJA,2000,Rabi,Linseed,9871,2284,0.231384865
Chhattisgarh,SURGUJA,2000,Rabi,Masoor,2069,651,0.314644756
Chhattisgarh,SURGUJA,2000,Rabi,Moong(Green Gram),10,1,0.1
Chhattisgarh,SURGUJA,2000,Rabi,Peas & beans (Pulses),2853,1259,0.44128987
Chhattisgarh,SURGUJA,2000,Rabi,Rapeseed &Mustard,20923,7387,0.353056445
Chhattisgarh,SURGUJA,2000,Rabi,Wheat,18658,27559,1.477060778
Chhattisgarh,SURGUJA,2000,Whole Year,Banana,13,390,30
Chhattisgarh,SURGUJA,2000,Whole Year,Coriander,438,95,0.216894977
Chhattisgarh,SURGUJA,2000,Whole Year,Dry chillies,547,131,0.239488117
Chhattisgarh,SURGUJA,2000,Whole Year,Dry ginger,317,391,1.233438486
Chhattisgarh,SURGUJA,2000,Whole Year,Garlic,385,1072,2.784415584
Chhattisgarh,SURGUJA,2000,Whole Year,Onion,883,6369,7.212910532
Chhattisgarh,SURGUJA,2000,Whole Year,Potato,5092,37145,7.294776119
Chhattisgarh,SURGUJA,2000,Whole Year,Sannhamp,360,107,0.297222222
Chhattisgarh,SURGUJA,2000,Whole Year,Sugarcane,705,2208,3.131914894
Chhattisgarh,SURGUJA,2000,Whole Year,Sweet potato,896,5263,5.873883929
Chhattisgarh,SURGUJA,2000,Whole Year,Tobacco,20,9,0.45
Chhattisgarh,SURGUJA,2000,Whole Year,Turmeric,268,337,1.257462687
Chhattisgarh,SURGUJA,2001,Kharif,Arhar/Tur,12911,5681,0.440012393
Chhattisgarh,SURGUJA,2001,Kharif,Bajra,2,1,0.5
Chhattisgarh,SURGUJA,2001,Kharif,Cotton(lint),5,6,1.2
Chhattisgarh,SURGUJA,2001,Kharif,Groundnut,7870,9937,1.262642948
Chhattisgarh,SURGUJA,2001,Kharif,Horse-gram,10996,3233,0.294016006
Chhattisgarh,SURGUJA,2001,Kharif,Jowar,1631,1559,0.955855303
Chhattisgarh,SURGUJA,2001,Kharif,Maize,37070,21275,0.573914216
Chhattisgarh,SURGUJA,2001,Kharif,Mesta,407,794,1.950859951
Chhattisgarh,SURGUJA,2001,Kharif,Moong(Green Gram),93,18,0.193548387
Chhattisgarh,SURGUJA,2001,Kharif,Niger seed,28859,5341,0.185072248
Chhattisgarh,SURGUJA,2001,Kharif,Other Kharif pulses,875,247,0.282285714
Chhattisgarh,SURGUJA,2001,Kharif,Ragi,910,230,0.252747253
Chhattisgarh,SURGUJA,2001,Kharif,Rice,314482,411096,1.307216311
Chhattisgarh,SURGUJA,2001,Kharif,Sesamum,4423,1099,0.248473887
Chhattisgarh,SURGUJA,2001,Kharif,Small millets,44721,12712,0.284251247
Chhattisgarh,SURGUJA,2001,Kharif,Soyabean,54,38,0.703703704
Chhattisgarh,SURGUJA,2001,Kharif,Sunflower,125,38,0.304
Chhattisgarh,SURGUJA,2001,Kharif,Urad,15727,4860,0.3090227
Chhattisgarh,SURGUJA,2001,Rabi,Barley,3417,2789,0.816213052
Chhattisgarh,SURGUJA,2001,Rabi,Gram,3141,2024,0.64438077
Chhattisgarh,SURGUJA,2001,Rabi,Khesari,433,209,0.482678984
Chhattisgarh,SURGUJA,2001,Rabi,Linseed,10285,2766,0.268935343
Chhattisgarh,SURGUJA,2001,Rabi,Masoor,2173,731,0.336401289
Chhattisgarh,SURGUJA,2001,Rabi,Moong(Green Gram),13,2,0.153846154
Chhattisgarh,SURGUJA,2001,Rabi,Peas & beans (Pulses),2511,1107,0.440860215
Chhattisgarh,SURGUJA,2001,Rabi,Rapeseed &Mustard,20786,8136,0.3914173
Chhattisgarh,SURGUJA,2001,Rabi,Safflower,1,,
Chhattisgarh,SURGUJA,2001,Rabi,Wheat,19918,26290,1.319911638
Chhattisgarh,SURGUJA,2001,Whole Year,Banana,21,678,32.28571429
Chhattisgarh,SURGUJA,2001,Whole Year,Coriander,500,112,0.224
Chhattisgarh,SURGUJA,2001,Whole Year,Dry chillies,582,301,0.517182131
Chhattisgarh,SURGUJA,2001,Whole Year,Dry ginger,422,512,1.213270142
Chhattisgarh,SURGUJA,2001,Whole Year,Garlic,438,1183,2.700913242
Chhattisgarh,SURGUJA,2001,Whole Year,Onion,1003,7950,7.926221336
Chhattisgarh,SURGUJA,2001,Whole Year,Potato,5372,37537,6.987527923
Chhattisgarh,SURGUJA,2001,Whole Year,Sannhamp,341,112,0.328445748
Chhattisgarh,SURGUJA,2001,Whole Year,Sugarcane,1032,3283,3.18120155
Chhattisgarh,SURGUJA,2001,Whole Year,Sweet potato,489,2695,5.511247444
Chhattisgarh,SURGUJA,2001,Whole Year,Tobacco,20,9,0.45
Chhattisgarh,SURGUJA,2001,Whole Year,Turmeric,304,274,0.901315789
Chhattisgarh,SURGUJA,2002,Kharif,Arhar/Tur,14955,7383,0.493681043
Chhattisgarh,SURGUJA,2002,Kharif,Cotton(lint),4,5,1.25
Chhattisgarh,SURGUJA,2002,Kharif,Groundnut,7707,10037,1.302322564
Chhattisgarh,SURGUJA,2002,Kharif,Horse-gram,10765,2697,0.250534138
Chhattisgarh,SURGUJA,2002,Kharif,Jowar,1639,855,0.521659549
Chhattisgarh,SURGUJA,2002,Kharif,Maize,37543,46668,1.243054631
Chhattisgarh,SURGUJA,2002,Kharif,Mesta,399,703,1.761904762
Chhattisgarh,SURGUJA,2002,Kharif,Moong(Green Gram),93,17,0.182795699
Chhattisgarh,SURGUJA,2002,Kharif,Niger seed,28893,4511,0.156127782
Chhattisgarh,SURGUJA,2002,Kharif,Other Kharif pulses,873,248,0.284077892
Chhattisgarh,SURGUJA,2002,Kharif,Ragi,733,139,0.189631651
Chhattisgarh,SURGUJA,2002,Kharif,Rice,311106,221033,0.710474886
Chhattisgarh,SURGUJA,2002,Kharif,Sesamum,4429,1189,0.268457891
Chhattisgarh,SURGUJA,2002,Kharif,Small millets,42943,9646,0.224623338
Chhattisgarh,SURGUJA,2002,Kharif,Soyabean,39,19,0.487179487
Chhattisgarh,SURGUJA,2002,Kharif,Sunflower,63,17,0.26984127
Chhattisgarh,SURGUJA,2002,Kharif,Urad,15691,4594,0.2927793
Chhattisgarh,SURGUJA,2002,Rabi,Barley,3354,2791,0.832140727
Chhattisgarh,SURGUJA,2002,Rabi,Gram,2924,1688,0.577291382
Chhattisgarh,SURGUJA,2002,Rabi,Khesari,413,230,0.556900726
Chhattisgarh,SURGUJA,2002,Rabi,Linseed,9651,3159,0.327323593
Chhattisgarh,SURGUJA,2002,Rabi,Masoor,2184,687,0.31456044
Chhattisgarh,SURGUJA,2002,Rabi,Moong(Green Gram),10,2,0.2
Chhattisgarh,SURGUJA,2002,Rabi,Peas & beans (Pulses),3037,1251,0.411919658
Chhattisgarh,SURGUJA,2002,Rabi,Rapeseed &Mustard,20665,7930,0.383740624
Chhattisgarh,SURGUJA,2002,Rabi,Safflower,1,,
Chhattisgarh,SURGUJA,2002,Rabi,Wheat,19673,26815,1.363035633
Chhattisgarh,SURGUJA,2002,Whole Year,Banana,14,439,31.35714286
Chhattisgarh,SURGUJA,2002,Whole Year,Coriander,513,97,0.189083821
Chhattisgarh,SURGUJA,2002,Whole Year,Dry chillies,578,457,0.790657439
Chhattisgarh,SURGUJA,2002,Whole Year,Dry ginger,398,452,1.135678392
Chhattisgarh,SURGUJA,2002,Whole Year,Garlic,466,1259,2.701716738
Chhattisgarh,SURGUJA,2002,Whole Year,Onion,1038,7916,7.626204239
Chhattisgarh,SURGUJA,2002,Whole Year,Potato,5518,34797,6.306089163
Chhattisgarh,SURGUJA,2002,Whole Year,Sannhamp,331,99,0.299093656
Chhattisgarh,SURGUJA,2002,Whole Year,Sugarcane,885,2730,3.084745763
Chhattisgarh,SURGUJA,2002,Whole Year,Sweet potato,801,4922,6.144818976
Chhattisgarh,SURGUJA,2002,Whole Year,Tobacco,20,6,0.3
Chhattisgarh,SURGUJA,2002,Whole Year,Turmeric,311,281,0.903536977
Chhattisgarh,SURGUJA,2003,Kharif,Arhar/Tur,14754,9747,0.660634404
Chhattisgarh,SURGUJA,2003,Kharif,Cotton(lint),4,4,1
Chhattisgarh,SURGUJA,2003,Kharif,Groundnut,7892,9094,1.152306133
Chhattisgarh,SURGUJA,2003,Kharif,Horse-gram,10360,2996,0.289189189
Chhattisgarh,SURGUJA,2003,Kharif,Jowar,1653,1550,0.93768905
Chhattisgarh,SURGUJA,2003,Kharif,Maize,37051,48897,1.319721465
Chhattisgarh,SURGUJA,2003,Kharif,Mesta,422,771,1.827014218
Chhattisgarh,SURGUJA,2003,Kharif,Moong(Green Gram),78,15,0.192307692
Chhattisgarh,SURGUJA,2003,Kharif,Niger seed,29577,5046,0.170605538
Chhattisgarh,SURGUJA,2003,Kharif,Other Kharif pulses,859,236,0.274738068
Chhattisgarh,SURGUJA,2003,Kharif,Ragi,721,174,0.241331484
Chhattisgarh,SURGUJA,2003,Kharif,Rice,314170,404374,1.287118439
Chhattisgarh,SURGUJA,2003,Kharif,Sesamum,4573,1375,0.300677892
Chhattisgarh,SURGUJA,2003,Kharif,Small millets,40768,11449,0.280833006
Chhattisgarh,SURGUJA,2003,Kharif,Soyabean,38,33,0.868421053
Chhattisgarh,SURGUJA,2003,Kharif,Sunflower,52,15,0.288461538
Chhattisgarh,SURGUJA,2003,Kharif,Urad,15891,5169,0.32527846
Chhattisgarh,SURGUJA,2003,Rabi,Barley,3633,3677,1.012111203
Chhattisgarh,SURGUJA,2003,Rabi,Gram,3209,2593,0.808039888
Chhattisgarh,SURGUJA,2003,Rabi,Khesari,411,223,0.542579075
Chhattisgarh,SURGUJA,2003,Rabi,Linseed,10083,3009,0.298423088
Chhattisgarh,SURGUJA,2003,Rabi,Masoor,2191,724,0.33044272
Chhattisgarh,SURGUJA,2003,Rabi,Moong(Green Gram),12,3,0.25
Chhattisgarh,SURGUJA,2003,Rabi,Peas & beans (Pulses),2818,1263,0.448190206
Chhattisgarh,SURGUJA,2003,Rabi,Rapeseed &Mustard,20375,8890,0.436319018
Chhattisgarh,SURGUJA,2003,Rabi,Safflower,1,,
Chhattisgarh,SURGUJA,2003,Rabi,Wheat,20556,25168,1.224362716
Chhattisgarh,SURGUJA,2003,Whole Year,Banana,12,376,31.33333333
Chhattisgarh,SURGUJA,2003,Whole Year,Coriander,594,134,0.225589226
Chhattisgarh,SURGUJA,2003,Whole Year,Dry chillies,633,381,0.601895735
Chhattisgarh,SURGUJA,2003,Whole Year,Dry ginger,426,509,1.194835681
Chhattisgarh,SURGUJA,2003,Whole Year,Garlic,531,1457,2.743879473
Chhattisgarh,SURGUJA,2003,Whole Year,Onion,1166,7187,6.16380789
Chhattisgarh,SURGUJA,2003,Whole Year,Potato,5857,27352,4.66996756
Chhattisgarh,SURGUJA,2003,Whole Year,Sannhamp,405,136,0.335802469
Chhattisgarh,SURGUJA,2003,Whole Year,Sugarcane,1143,3580,3.132108486
Chhattisgarh,SURGUJA,2003,Whole Year,Sweet potato,869,4868,5.601841197
Chhattisgarh,SURGUJA,2003,Whole Year,Tobacco,23,11,0.47826087
Chhattisgarh,SURGUJA,2003,Whole Year,Turmeric,315,299,0.949206349
Chhattisgarh,SURGUJA,2004,Kharif,Arhar/Tur,15046,8538,0.56745979
Chhattisgarh,SURGUJA,2004,Kharif,Groundnut,7728,8343,1.079580745
Chhattisgarh,SURGUJA,2004,Kharif,Horse-gram,9430,2273,0.241039236
Chhattisgarh,SURGUJA,2004,Kharif,Jowar,1593,1078,0.676710609
Chhattisgarh,SURGUJA,2004,Kharif,Maize,37078,49598,1.337666541
Chhattisgarh,SURGUJA,2004,Kharif,Mesta,453,769,1.697571744
Chhattisgarh,SURGUJA,2004,Kharif,Moong(Green Gram),72,13,0.180555556
Chhattisgarh,SURGUJA,2004,Kharif,Niger seed,29223,4478,0.153235465
Chhattisgarh,SURGUJA,2004,Kharif,Other Kharif pulses,954,231,0.242138365
Chhattisgarh,SURGUJA,2004,Kharif,Ragi,656,130,0.198170732
Chhattisgarh,SURGUJA,2004,Kharif,Rice,310959,299182,0.96212684
Chhattisgarh,SURGUJA,2004,Kharif,Sesamum,4746,1556,0.327855036
Chhattisgarh,SURGUJA,2004,Kharif,Small millets,13987,9110,0.651319082
Chhattisgarh,SURGUJA,2004,Kharif,Soyabean,42,31,0.738095238
Chhattisgarh,SURGUJA,2004,Kharif,Sunflower,47,14,0.29787234
Chhattisgarh,SURGUJA,2004,Kharif,Urad,15498,4453,0.287327397
Chhattisgarh,SURGUJA,2004,Rabi,Barley,3345,3095,0.925261584
Chhattisgarh,SURGUJA,2004,Rabi,Gram,3268,1644,0.503059976
Chhattisgarh,SURGUJA,2004,Rabi,Khesari,448,206,0.459821429
Chhattisgarh,SURGUJA,2004,Rabi,Linseed,9982,2317,0.232117812
Chhattisgarh,SURGUJA,2004,Rabi,Masoor,2189,677,0.309273641
Chhattisgarh,SURGUJA,2004,Rabi,Moong(Green Gram),16,3,0.1875
Chhattisgarh,SURGUJA,2004,Rabi,Peas & beans (Pulses),3289,1379,0.419276376
Chhattisgarh,SURGUJA,2004,Rabi,Rapeseed &Mustard,20507,8224,0.401033793
Chhattisgarh,SURGUJA,2004,Rabi,Wheat,19601,20672,1.054640069
Chhattisgarh,SURGUJA,2004,Whole Year,Banana,10,281,28.1
Chhattisgarh,SURGUJA,2004,Whole Year,Coriander,528,112,0.212121212
Chhattisgarh,SURGUJA,2004,Whole Year,Dry chillies,624,320,0.512820513
Chhattisgarh,SURGUJA,2004,Whole Year,Dry ginger,419,460,1.097852029
Chhattisgarh,SURGUJA,2004,Whole Year,Garlic,529,1363,2.576559546
Chhattisgarh,SURGUJA,2004,Whole Year,Onion,1144,5697,4.979895105
Chhattisgarh,SURGUJA,2004,Whole Year,Potato,6038,33097,5.481450812
Chhattisgarh,SURGUJA,2004,Whole Year,Sannhamp,372,109,0.293010753
Chhattisgarh,SURGUJA,2004,Whole Year,Sugarcane,1273,3681,2.891594658
Chhattisgarh,SURGUJA,2004,Whole Year,Sweet potato,901,4559,5.059933407
Chhattisgarh,SURGUJA,2004,Whole Year,Tobacco,18,9,0.5
Chhattisgarh,SURGUJA,2004,Whole Year,Turmeric,322,296,0.919254658
Chhattisgarh,SURGUJA,2005,Kharif,Arhar/Tur,14871,7236,0.486584628
Chhattisgarh,SURGUJA,2005,Kharif,Bajra,3,3,1
Chhattisgarh,SURGUJA,2005,Kharif,Cotton(lint),1,1,1
Chhattisgarh,SURGUJA,2005,Kharif,Groundnut,8355,9429,1.128545781
Chhattisgarh,SURGUJA,2005,Kharif,Horse-gram,8842,2429,0.274711604
Chhattisgarh,SURGUJA,2005,Kharif,Jowar,1567,1327,0.846841098
Chhattisgarh,SURGUJA,2005,Kharif,Maize,36905,33583,0.909985097
Chhattisgarh,SURGUJA,2005,Kharif,Mesta,464,876,1.887931034
Chhattisgarh,SURGUJA,2005,Kharif,Moong(Green Gram),112,21,0.1875
Chhattisgarh,SURGUJA,2005,Kharif,Niger seed,28992,4695,0.161941225
Chhattisgarh,SURGUJA,2005,Kharif,Other Kharif pulses,958,234,0.244258873
Chhattisgarh,SURGUJA,2005,Kharif,Rice,312299,341368,1.093080669
Chhattisgarh,SURGUJA,2005,Kharif,Sesamum,4766,1512,0.317247167
Chhattisgarh,SURGUJA,2005,Kharif,Small millets,59787,8854,0.148092395
Chhattisgarh,SURGUJA,2005,Kharif,Soyabean,61,53,0.868852459
Chhattisgarh,SURGUJA,2005,Kharif,Sunflower,52,13,0.25
Chhattisgarh,SURGUJA,2005,Kharif,Urad,15446,4857,0.314450343
Chhattisgarh,SURGUJA,2005,Rabi,Barley,3030,2540,0.838283828
Chhattisgarh,SURGUJA,2005,Rabi,Gram,3264,1901,0.582414216
Chhattisgarh,SURGUJA,2005,Rabi,Khesari,193,77,0.398963731
Chhattisgarh,SURGUJA,2005,Rabi,Linseed,9677,2155,0.222692983
Chhattisgarh,SURGUJA,2005,Rabi,Masoor,2173,671,0.308789692
Chhattisgarh,SURGUJA,2005,Rabi,Peas & beans (Pulses),2918,1223,0.419122687
Chhattisgarh,SURGUJA,2005,Rabi,Rapeseed &Mustard,20427,7153,0.35017379
Chhattisgarh,SURGUJA,2005,Rabi,Safflower,7,1,0.142857143
Chhattisgarh,SURGUJA,2005,Rabi,Wheat,19226,19667,1.022937689
Chhattisgarh,SURGUJA,2005,Whole Year,Banana,21,619,29.47619048
Chhattisgarh,SURGUJA,2005,Whole Year,Coriander,621,132,0.212560386
Chhattisgarh,SURGUJA,2005,Whole Year,Dry chillies,658,155,0.23556231
Chhattisgarh,SURGUJA,2005,Whole Year,Dry ginger,560,540,0.964285714
Chhattisgarh,SURGUJA,2005,Whole Year,Garlic,528,1427,2.702651515
Chhattisgarh,SURGUJA,2005,Whole Year,Onion,1245,6292,5.053815261
Chhattisgarh,SURGUJA,2005,Whole Year,Potato,5939,27845,4.688499747
Chhattisgarh,SURGUJA,2005,Whole Year,Sannhamp,375,112,0.298666667
Chhattisgarh,SURGUJA,2005,Whole Year,Sugarcane,1455,4768,3.276975945
Chhattisgarh,SURGUJA,2005,Whole Year,Sweet potato,940,5436,5.782978723
Chhattisgarh,SURGUJA,2005,Whole Year,Tobacco,17,8,0.470588235
Chhattisgarh,SURGUJA,2005,Whole Year,Turmeric,337,328,0.973293769
Chhattisgarh,SURGUJA,2006,Kharif,Arhar/Tur,16151,7693,0.476317256
Chhattisgarh,SURGUJA,2006,Kharif,Castor seed,1,,
Chhattisgarh,SURGUJA,2006,Kharif,Cotton(lint),1,1,1
Chhattisgarh,SURGUJA,2006,Kharif,Groundnut,8030,9006,1.121544209
Chhattisgarh,SURGUJA,2006,Kharif,Horse-gram,8563,2476,0.289150998
Chhattisgarh,SURGUJA,2006,Kharif,Jowar,1542,1343,0.870946822
Chhattisgarh,SURGUJA,2006,Kharif,Maize,36721,45056,1.226981836
Chhattisgarh,SURGUJA,2006,Kharif,Mesta,535,1060,1.981308411
Chhattisgarh,SURGUJA,2006,Kharif,Moong(Green Gram),107,22,0.205607477
Chhattisgarh,SURGUJA,2006,Kharif,Niger seed,29115,5051,0.173484458
Chhattisgarh,SURGUJA,2006,Kharif,Other Kharif pulses,1066,267,0.250469043
Chhattisgarh,SURGUJA,2006,Kharif,Potato,558,2175,3.897849462
Chhattisgarh,SURGUJA,2006,Kharif,Ragi,541,118,0.218114603
Chhattisgarh,SURGUJA,2006,Kharif,Rice,313914,345995,1.10219678
Chhattisgarh,SURGUJA,2006,Kharif,Sesamum,4639,1524,0.328519077
Chhattisgarh,SURGUJA,2006,Kharif,Small millets,35177,2953,0.083946897
Chhattisgarh,SURGUJA,2006,Kharif,Soyabean,60,55,0.916666667
Chhattisgarh,SURGUJA,2006,Kharif,Sunflower,52,15,0.288461538
Chhattisgarh,SURGUJA,2006,Kharif,Urad,15267,4966,0.325276741
Chhattisgarh,SURGUJA,2006,Rabi,Barley,2899,2460,0.848568472
Chhattisgarh,SURGUJA,2006,Rabi,Gram,3264,2553,0.782169118
Chhattisgarh,SURGUJA,2006,Rabi,Jute,63,,
Chhattisgarh,SURGUJA,2006,Rabi,Khesari,423,184,0.43498818
Chhattisgarh,SURGUJA,2006,Rabi,Linseed,9624,2381,0.247402328
Chhattisgarh,SURGUJA,2006,Rabi,Masoor,2230,714,0.320179372
Chhattisgarh,SURGUJA,2006,Rabi,Other  Rabi pulses,4,,
Chhattisgarh,SURGUJA,2006,Rabi,Peas & beans (Pulses),3217,1372,0.426484302
Chhattisgarh,SURGUJA,2006,Rabi,Potato,5540,22201,4.007400722
Chhattisgarh,SURGUJA,2006,Rabi,Rapeseed &Mustard,19759,8758,0.443241055
Chhattisgarh,SURGUJA,2006,Rabi,Safflower,1,,
Chhattisgarh,SURGUJA,2006,Rabi,Wheat,20085,24875,1.238486433
Chhattisgarh,SURGUJA,2006,Whole Year,Banana,14,492,35.14285714
Chhattisgarh,SURGUJA,2006,Whole Year,Coriander,599,134,0.223706177
Chhattisgarh,SURGUJA,2006,Whole Year,Dry chillies,739,252,0.341001353
Chhattisgarh,SURGUJA,2006,Whole Year,Dry ginger,684,844,1.233918129
Chhattisgarh,SURGUJA,2006,Whole Year,Garlic,529,1539,2.90926276
Chhattisgarh,SURGUJA,2006,Whole Year,Onion,1245,5306,4.26184739
Chhattisgarh,SURGUJA,2006,Whole Year,Sannhamp,389,127,0.326478149
Chhattisgarh,SURGUJA,2006,Whole Year,Sugarcane,1904,5965,3.132878151
Chhattisgarh,SURGUJA,2006,Whole Year,Sweet potato,972,5797,5.96399177
Chhattisgarh,SURGUJA,2006,Whole Year,Tobacco,10,10,1
Chhattisgarh,SURGUJA,2006,Whole Year,Turmeric,377,363,0.962864721
Chhattisgarh,SURGUJA,2007,Kharif,Arhar/Tur,16173,9071,0.56087306
Chhattisgarh,SURGUJA,2007,Kharif,Bajra,1,,
Chhattisgarh,SURGUJA,2007,Kharif,Castor seed,2,10,5
Chhattisgarh,SURGUJA,2007,Kharif,Cotton(lint),1,1,1
Chhattisgarh,SURGUJA,2007,Kharif,Groundnut,8169,10024,1.227077978
Chhattisgarh,SURGUJA,2007,Kharif,Horse-gram,8748,2403,0.274691358
Chhattisgarh,SURGUJA,2007,Kharif,Jowar,1489,1548,1.039623909
Chhattisgarh,SURGUJA,2007,Kharif,Maize,36798,54958,1.493505082
Chhattisgarh,SURGUJA,2007,Kharif,Mesta,545,1046,1.919266055
Chhattisgarh,SURGUJA,2007,Kharif,Moong(Green Gram),86,17,0.197674419
Chhattisgarh,SURGUJA,2007,Kharif,Niger seed,29082,4793,0.164809848
Chhattisgarh,SURGUJA,2007,Kharif,Other Kharif pulses,1011,267,0.264094955
Chhattisgarh,SURGUJA,2007,Kharif,Potato,812,2955,3.639162562
Chhattisgarh,SURGUJA,2007,Kharif,Ragi,488,94,0.192622951
Chhattisgarh,SURGUJA,2007,Kharif,Rice,311757,380351,1.220023929
Chhattisgarh,SURGUJA,2007,Kharif,Sesamum,4865,1570,0.322713258
Chhattisgarh,SURGUJA,2007,Kharif,Small millets,32708,8145,0.249021646
Chhattisgarh,SURGUJA,2007,Kharif,Soyabean,54,56,1.037037037
Chhattisgarh,SURGUJA,2007,Kharif,Sunflower,46,14,0.304347826
Chhattisgarh,SURGUJA,2007,Kharif,Urad,15498,5041,0.325267776
Chhattisgarh,SURGUJA,2007,Rabi,Barley,2917,3471,1.189921152
Chhattisgarh,SURGUJA,2007,Rabi,Gram,3285,2428,0.739117199
Chhattisgarh,SURGUJA,2007,Rabi,Khesari,249,113,0.453815261
Chhattisgarh,SURGUJA,2007,Rabi,Linseed,9880,2893,0.292813765
Chhattisgarh,SURGUJA,2007,Rabi,Masoor,2325,756,0.32516129
Chhattisgarh,SURGUJA,2007,Rabi,Moong(Green Gram),37,7,0.189189189
Chhattisgarh,SURGUJA,2007,Rabi,Other  Rabi pulses,4,,
Chhattisgarh,SURGUJA,2007,Rabi,Peas & beans (Pulses),3078,1335,0.433723197
Chhattisgarh,SURGUJA,2007,Rabi,Potato,5525,21594,3.90841629
Chhattisgarh,SURGUJA,2007,Rabi,Rapeseed &Mustard,19885,8542,0.429570028
Chhattisgarh,SURGUJA,2007,Rabi,Wheat,20018,25897,1.293685683
Chhattisgarh,SURGUJA,2007,Whole Year,Banana,19,578,30.42105263
Chhattisgarh,SURGUJA,2007,Whole Year,Coriander,500,112,0.224
Chhattisgarh,SURGUJA,2007,Whole Year,Dry chillies,811,516,0.636251541
Chhattisgarh,SURGUJA,2007,Whole Year,Dry ginger,733,876,1.195088677
Chhattisgarh,SURGUJA,2007,Whole Year,Garlic,535,1445,2.700934579
Chhattisgarh,SURGUJA,2007,Whole Year,Onion,1275,5341,4.189019608
Chhattisgarh,SURGUJA,2007,Whole Year,Sannhamp,460,150,0.326086957
Chhattisgarh,SURGUJA,2007,Whole Year,Sugarcane,2193,6975,3.180574555
Chhattisgarh,SURGUJA,2007,Whole Year,Sweet potato,1014,5956,5.873767258
Chhattisgarh,SURGUJA,2007,Whole Year,Tobacco,15,7,0.466666667
Chhattisgarh,SURGUJA,2007,Whole Year,Turmeric,391,371,0.948849105
Chhattisgarh,SURGUJA,2008,Kharif,Arhar/Tur,15533,9736,0.626794566
Chhattisgarh,SURGUJA,2008,Kharif,Cotton(lint),11,11,1
Chhattisgarh,SURGUJA,2008,Kharif,Groundnut,7956,9711,1.220588235
Chhattisgarh,SURGUJA,2008,Kharif,Horse-gram,8448,2402,0.284327652
Chhattisgarh,SURGUJA,2008,Kharif,Jowar,1380,1990,1.442028986
Chhattisgarh,SURGUJA,2008,Kharif,Maize,36132,48598,1.345012731
Chhattisgarh,SURGUJA,2008,Kharif,Mesta,594,1121,1.887205387
Chhattisgarh,SURGUJA,2008,Kharif,Moong(Green Gram),97,19,0.195876289
Chhattisgarh,SURGUJA,2008,Kharif,Niger seed,28220,4896,0.173493976
Chhattisgarh,SURGUJA,2008,Kharif,Other Kharif pulses,1055,260,0.246445498
Chhattisgarh,SURGUJA,2008,Kharif,Potato,627,2621,4.180223285
Chhattisgarh,SURGUJA,2008,Kharif,Ragi,471,98,0.208067941
Chhattisgarh,SURGUJA,2008,Kharif,Rice,311848,365590,1.172333958
Chhattisgarh,SURGUJA,2008,Kharif,Sesamum,4516,1329,0.29428698
Chhattisgarh,SURGUJA,2008,Kharif,Small millets,30564,7220,0.236225625
Chhattisgarh,SURGUJA,2008,Kharif,Soyabean,79,73,0.924050633
Chhattisgarh,SURGUJA,2008,Kharif,Sunflower,38,12,0.315789474
Chhattisgarh,SURGUJA,2008,Kharif,Urad,14886,4843,0.325339245
Chhattisgarh,SURGUJA,2008,Rabi,Barley,2763,2475,0.895765472
Chhattisgarh,SURGUJA,2008,Rabi,Gram,3065,2293,0.74812398
Chhattisgarh,SURGUJA,2008,Rabi,Khesari,438,88,0.200913242
Chhattisgarh,SURGUJA,2008,Rabi,Linseed,9565,2670,0.279142708
Chhattisgarh,SURGUJA,2008,Rabi,Masoor,2168,705,0.325184502
Chhattisgarh,SURGUJA,2008,Rabi,Moong(Green Gram),25,5,0.2
Chhattisgarh,SURGUJA,2008,Rabi,Other  Rabi pulses,3,1,0.333333333
Chhattisgarh,SURGUJA,2008,Rabi,Peas & beans (Pulses),3091,1340,0.433516661
Chhattisgarh,SURGUJA,2008,Rabi,Potato,5756,24617,4.276754691
Chhattisgarh,SURGUJA,2008,Rabi,Rapeseed &Mustard,19965,7997,0.400550964
Chhattisgarh,SURGUJA,2008,Rabi,Wheat,20115,24154,1.200795426
Chhattisgarh,SURGUJA,2008,Whole Year,Banana,11,257,23.36363636
Chhattisgarh,SURGUJA,2008,Whole Year,Coriander,545,118,0.216513761
Chhattisgarh,SURGUJA,2008,Whole Year,Dry chillies,857,419,0.488914819
Chhattisgarh,SURGUJA,2008,Whole Year,Dry ginger,831,1041,1.252707581
Chhattisgarh,SURGUJA,2008,Whole Year,Garlic,561,1259,2.244206774
Chhattisgarh,SURGUJA,2008,Whole Year,Onion,1337,4974,3.72026926
Chhattisgarh,SURGUJA,2008,Whole Year,Sannhamp,428,139,0.324766355
Chhattisgarh,SURGUJA,2008,Whole Year,Sugarcane,1956,5656,2.891615542
Chhattisgarh,SURGUJA,2008,Whole Year,Sweet potato,1061,4793,4.517436381
Chhattisgarh,SURGUJA,2008,Whole Year,Tobacco,23,12,0.52173913
Chhattisgarh,SURGUJA,2008,Whole Year,Turmeric,423,383,0.905437352
Chhattisgarh,SURGUJA,2009,Kharif,Arhar/Tur,15803,7921,0.501233943
Chhattisgarh,SURGUJA,2009,Kharif,Groundnut,7913,9525,1.203715405
Chhattisgarh,SURGUJA,2009,Kharif,Horse-gram,8335,2009,0.241031794
Chhattisgarh,SURGUJA,2009,Kharif,Jowar,1330,1450,1.090225564
Chhattisgarh,SURGUJA,2009,Kharif,Jute,39,,
Chhattisgarh,SURGUJA,2009,Kharif,Maize,35793,40865,1.141703685
Chhattisgarh,SURGUJA,2009,Kharif,Mesta,590,910,1.542372881
Chhattisgarh,SURGUJA,2009,Kharif,Moong(Green Gram),111,18,0.162162162
Chhattisgarh,SURGUJA,2009,Kharif,Niger seed,27936,4039,0.14458047
Chhattisgarh,SURGUJA,2009,Kharif,Other Kharif pulses,1094,224,0.204753199
Chhattisgarh,SURGUJA,2009,Kharif,Ragi,495,125,0.252525253
Chhattisgarh,SURGUJA,2009,Kharif,Rice,307674,221619,0.720304608
Chhattisgarh,SURGUJA,2009,Kharif,Sesamum,4414,1842,0.417308564
Chhattisgarh,SURGUJA,2009,Kharif,Small millets,29049,6284,0.216324142
Chhattisgarh,SURGUJA,2009,Kharif,Soyabean,91,47,0.516483516
Chhattisgarh,SURGUJA,2009,Kharif,Sunflower,36,9,0.25
Chhattisgarh,SURGUJA,2009,Kharif,Urad,14793,3850,0.26025823
Chhattisgarh,SURGUJA,2009,Rabi,Barley,2547,1985,0.779348253
Chhattisgarh,SURGUJA,2009,Rabi,Gram,3068,1971,0.64243807
Chhattisgarh,SURGUJA,2009,Rabi,Khesari,452,204,0.451327434
Chhattisgarh,SURGUJA,2009,Rabi,Linseed,9631,2512,0.260824421
Chhattisgarh,SURGUJA,2009,Rabi,Masoor,2253,611,0.271193964
Chhattisgarh,SURGUJA,2009,Rabi,Moong(Green Gram),16,3,0.1875
Chhattisgarh,SURGUJA,2009,Rabi,Other  Rabi pulses,12,,
Chhattisgarh,SURGUJA,2009,Rabi,Peas & beans (Pulses),3081,1225,0.397598182
Chhattisgarh,SURGUJA,2009,Rabi,Rapeseed &Mustard,19820,7367,0.371695257
Chhattisgarh,SURGUJA,2009,Rabi,Wheat,20445,22975,1.123746637
Chhattisgarh,SURGUJA,2009,Whole Year,Banana,15,633,42.2
Chhattisgarh,SURGUJA,2009,Whole Year,Coriander,600,108,0.18
Chhattisgarh,SURGUJA,2009,Whole Year,Dry chillies,870,389,0.447126437
Chhattisgarh,SURGUJA,2009,Whole Year,Dry ginger,804,651,0.809701493
Chhattisgarh,SURGUJA,2009,Whole Year,Garlic,574,1336,2.327526132
Chhattisgarh,SURGUJA,2009,Whole Year,Onion,1409,4945,3.509581263
Chhattisgarh,SURGUJA,2009,Whole Year,Potato,6517,21218,3.255792543
Chhattisgarh,SURGUJA,2009,Whole Year,Sannhamp,373,101,0.27077748
Chhattisgarh,SURGUJA,2009,Whole Year,Sugarcane,1699,7572,4.456739258
Chhattisgarh,SURGUJA,2009,Whole Year,Sweet potato,1088,5604,5.150735294
Chhattisgarh,SURGUJA,2009,Whole Year,Tobacco,18,9,0.5
Chhattisgarh,SURGUJA,2009,Whole Year,Turmeric,437,395,0.90389016
Chhattisgarh,SURGUJA,2010,Kharif,Arhar/Tur,16305,7677,0.470837167
Chhattisgarh,SURGUJA,2010,Kharif,Cotton(lint),7,12,1.714285714
Chhattisgarh,SURGUJA,2010,Kharif,Groundnut,7941,9131,1.149855182
Chhattisgarh,SURGUJA,2010,Kharif,Horse-gram,8448,1385,0.163944129
Chhattisgarh,SURGUJA,2010,Kharif,Jowar,1256,1671,1.330414013
Chhattisgarh,SURGUJA,2010,Kharif,Jute,47,,
Chhattisgarh,SURGUJA,2010,Kharif,Maize,36184,63804,1.763320805
Chhattisgarh,SURGUJA,2010,Kharif,Mesta,574,957,1.667247387
Chhattisgarh,SURGUJA,2010,Kharif,Moong(Green Gram),200,22,0.11
Chhattisgarh,SURGUJA,2010,Kharif,Niger seed,27815,4424,0.159050872
Chhattisgarh,SURGUJA,2010,Kharif,Other Kharif pulses,1054,252,0.239089184
Chhattisgarh,SURGUJA,2010,Kharif,Ragi,374,87,0.232620321
Chhattisgarh,SURGUJA,2010,Kharif,Rice,302922,323612,1.068301411
Chhattisgarh,SURGUJA,2010,Kharif,Sesamum,4391,1208,0.275108176
Chhattisgarh,SURGUJA,2010,Kharif,Small millets,26466,4992,0.188619361
Chhattisgarh,SURGUJA,2010,Kharif,Soyabean,47,24,0.510638298
Chhattisgarh,SURGUJA,2010,Kharif,Sunflower,42,12,0.285714286
Chhattisgarh,SURGUJA,2010,Kharif,Urad,15012,2604,0.173461231
Chhattisgarh,SURGUJA,2010,Rabi,Barley,1770,930,0.525423729
Chhattisgarh,SURGUJA,2010,Rabi,Gram,3051,2732,0.895444117
Chhattisgarh,SURGUJA,2010,Rabi,Khesari,382,237,0.620418848
Chhattisgarh,SURGUJA,2010,Rabi,Linseed,9313,2550,0.273810802
Chhattisgarh,SURGUJA,2010,Rabi,Masoor,2257,416,0.184315463
Chhattisgarh,SURGUJA,2010,Rabi,Moong(Green Gram),27,5,0.185185185
Chhattisgarh,SURGUJA,2010,Rabi,Other  Rabi pulses,2,,
Chhattisgarh,SURGUJA,2010,Rabi,Peas & beans (Pulses),3131,905,0.289045034
Chhattisgarh,SURGUJA,2010,Rabi,Rapeseed &Mustard,19520,8549,0.437961066
Chhattisgarh,SURGUJA,2010,Rabi,Wheat,20077,23737,1.182298152
Chhattisgarh,SURGUJA,2010,Whole Year,Banana,12,337,28.08333333
Chhattisgarh,SURGUJA,2010,Whole Year,Coriander,737,192,0.260515604
Chhattisgarh,SURGUJA,2010,Whole Year,Dry chillies,975,522,0.535384615
Chhattisgarh,SURGUJA,2010,Whole Year,Dry ginger,867,1170,1.349480969
Chhattisgarh,SURGUJA,2010,Whole Year,Garlic,604,1255,2.07781457
Chhattisgarh,SURGUJA,2010,Whole Year,Onion,1642,6143,3.741169306
Chhattisgarh,SURGUJA,2010,Whole Year,Potato,6611,26201,3.96324308
Chhattisgarh,SURGUJA,2010,Whole Year,Sannhamp,374,71,0.189839572
Chhattisgarh,SURGUJA,2010,Whole Year,Sugarcane,1443,4103,2.843381843
Chhattisgarh,SURGUJA,2010,Whole Year,Sweet potato,1096,4754,4.337591241
Chhattisgarh,SURGUJA,2010,Whole Year,Tobacco,19,10,0.526315789
Chhattisgarh,SURGUJA,2010,Whole Year,Turmeric,463,419,0.904967603
Chhattisgarh,SURGUJA,2011,Kharif,Arhar/Tur,4125,1802,0.436848485
Chhattisgarh,SURGUJA,2011,Kharif,Castor seed,1,,
Chhattisgarh,SURGUJA,2011,Kharif,Groundnut,2800,3524,1.258571429
Chhattisgarh,SURGUJA,2011,Kharif,Horse-gram,2990,720,0.240802676
Chhattisgarh,SURGUJA,2011,Kharif,Jowar,161,105,0.652173913
Chhattisgarh,SURGUJA,2011,Kharif,Jute,30,,
Chhattisgarh,SURGUJA,2011,Kharif,Maize,8787,12258,1.395015364
Chhattisgarh,SURGUJA,2011,Kharif,Mesta,183,345,1.885245902
Chhattisgarh,SURGUJA,2011,Kharif,Moong(Green Gram),9,2,0.222222222
Chhattisgarh,SURGUJA,2011,Kharif,Niger seed,9851,1538,0.156126282
Chhattisgarh,SURGUJA,2011,Kharif,Other Kharif pulses,227,64,0.281938326
Chhattisgarh,SURGUJA,2011,Kharif,Potato,536,2619,4.88619403
Chhattisgarh,SURGUJA,2011,Kharif,Ragi,11,3,0.272727273
Chhattisgarh,SURGUJA,2011,Kharif,Rice,117901,164828,1.398020373
Chhattisgarh,SURGUJA,2011,Kharif,Sesamum,259,92,0.355212355
Chhattisgarh,SURGUJA,2011,Kharif,Small millets,3105,800,0.257648953
Chhattisgarh,SURGUJA,2011,Kharif,Soyabean,9,7,0.777777778
Chhattisgarh,SURGUJA,2011,Kharif,Sunflower,24,7,0.291666667
Chhattisgarh,SURGUJA,2011,Kharif,Urad,4160,1128,0.271153846
Chhattisgarh,SURGUJA,2011,Rabi,Barley,146,110,0.753424658
Chhattisgarh,SURGUJA,2011,Rabi,Gram,1442,1264,0.876560333
Chhattisgarh,SURGUJA,2011,Rabi,Khesari,8,4,0.5
Chhattisgarh,SURGUJA,2011,Rabi,Linseed,3057,1223,0.400065424
Chhattisgarh,SURGUJA,2011,Rabi,Masoor,1252,407,0.325079872
Chhattisgarh,SURGUJA,2011,Rabi,Peas & beans (Pulses),1189,430,0.361648444
Chhattisgarh,SURGUJA,2011,Rabi,Potato,1830,9267,5.063934426
Chhattisgarh,SURGUJA,2011,Rabi,Rapeseed &Mustard,6521,2718,0.416807238
Chhattisgarh,SURGUJA,2011,Rabi,Wheat,5537,6803,1.22864367
Chhattisgarh,SURGUJA,2011,Whole Year,Banana,12,337,28.08333333
Chhattisgarh,SURGUJA,2011,Whole Year,Coriander,158,28,0.17721519
Chhattisgarh,SURGUJA,2011,Whole Year,Dry chillies,336,323,0.961309524
Chhattisgarh,SURGUJA,2011,Whole Year,Dry ginger,259,300,1.158301158
Chhattisgarh,SURGUJA,2011,Whole Year,Garlic,216,637,2.949074074
Chhattisgarh,SURGUJA,2011,Whole Year,Onion,450,2164,4.808888889
Chhattisgarh,SURGUJA,2011,Whole Year,Sannhamp,75,135,1.8
Chhattisgarh,SURGUJA,2011,Whole Year,Sugarcane,1099,5548,5.04822566
Chhattisgarh,SURGUJA,2011,Whole Year,Sweet potato,334,1509,4.517964072
Chhattisgarh,SURGUJA,2011,Whole Year,Tobacco,5,2,0.4
Chhattisgarh,SURGUJA,2011,Whole Year,Turmeric,141,138,0.978723404
Chhattisgarh,SURGUJA,2012,Kharif,Arhar/Tur,4261,2979,0.699131659
Chhattisgarh,SURGUJA,2012,Kharif,Groundnut,2779,3480,1.25224901
Chhattisgarh,SURGUJA,2012,Kharif,Horse-gram,2923,817,0.279507355
Chhattisgarh,SURGUJA,2012,Kharif,Jowar,151,97,0.642384106
Chhattisgarh,SURGUJA,2012,Kharif,Jute,21,,
Chhattisgarh,SURGUJA,2012,Kharif,Maize,9209,18598,2.019546096
Chhattisgarh,SURGUJA,2012,Kharif,Mesta,180,300,1.666666667
Chhattisgarh,SURGUJA,2012,Kharif,Moong(Green Gram),11,2,0.181818182
Chhattisgarh,SURGUJA,2012,Kharif,Niger seed,9634,1671,0.173448204
Chhattisgarh,SURGUJA,2012,Kharif,Other Kharif pulses,206,63,0.305825243
Chhattisgarh,SURGUJA,2012,Kharif,Potato,539,3618,6.712430427
Chhattisgarh,SURGUJA,2012,Kharif,Ragi,19,4,0.210526316
Chhattisgarh,SURGUJA,2012,Kharif,Rice,117501,196105,1.668964519
Chhattisgarh,SURGUJA,2012,Kharif,Sesamum,229,79,0.344978166
Chhattisgarh,SURGUJA,2012,Kharif,Small millets,2936,741,0.252384196
Chhattisgarh,SURGUJA,2012,Kharif,Soyabean,8,9,1.125
Chhattisgarh,SURGUJA,2012,Kharif,Sunflower,21,7,0.333333333
Chhattisgarh,SURGUJA,2012,Kharif,Urad,4156,1532,0.368623677
Chhattisgarh,SURGUJA,2012,Rabi,Barley,141,68,0.482269504
Chhattisgarh,SURGUJA,2012,Rabi,Gram,1441,1563,1.084663428
Chhattisgarh,SURGUJA,2012,Rabi,Khesari,12,6,0.5
Chhattisgarh,SURGUJA,2012,Rabi,Linseed,3014,1209,0.401128069
Chhattisgarh,SURGUJA,2012,Rabi,Masoor,1261,424,0.336241079
Chhattisgarh,SURGUJA,2012,Rabi,Peas & beans (Pulses),1200,421,0.350833333
Chhattisgarh,SURGUJA,2012,Rabi,Potato,1830,12632,6.90273224
Chhattisgarh,SURGUJA,2012,Rabi,Rapeseed &Mustard,6534,3623,0.554484236
Chhattisgarh,SURGUJA,2012,Rabi,Wheat,5347,8362,1.563867589
Chhattisgarh,SURGUJA,2012,Whole Year,Banana,13,116,8.923076923
Chhattisgarh,SURGUJA,2012,Whole Year,Coriander,168,19,0.113095238
Chhattisgarh,SURGUJA,2012,Whole Year,Dry chillies,340,344,1.011764706
Chhattisgarh,SURGUJA,2012,Whole Year,Dry ginger,262,287,1.095419847
Chhattisgarh,SURGUJA,2012,Whole Year,Garlic,221,652,2.950226244
Chhattisgarh,SURGUJA,2012,Whole Year,Onion,462,1502,3.251082251
Chhattisgarh,SURGUJA,2012,Whole Year,Sannhamp,80,24,0.3
Chhattisgarh,SURGUJA,2012,Whole Year,Sugarcane,857,2643,3.084014002
Chhattisgarh,SURGUJA,2012,Whole Year,Sweet potato,285,1803,6.326315789
Chhattisgarh,SURGUJA,2012,Whole Year,Tobacco,5,1,0.2
Chhattisgarh,SURGUJA,2012,Whole Year,Turmeric,147,140,0.952380952
Chhattisgarh,SURGUJA,2013,Kharif,Arhar/Tur,4233,2630,0.621308764
Chhattisgarh,SURGUJA,2013,Kharif,Groundnut,2813,3802,1.351581941
Chhattisgarh,SURGUJA,2013,Kharif,Horse-gram,2897,880,0.303762513
Chhattisgarh,SURGUJA,2013,Kharif,Jute,15,,
Chhattisgarh,SURGUJA,2013,Kharif,Maize,9438,19156,2.029667302
Chhattisgarh,SURGUJA,2013,Kharif,Mesta,165,270,1.636363636
Chhattisgarh,SURGUJA,2013,Kharif,Moong(Green Gram),9,2,0.222222222
Chhattisgarh,SURGUJA,2013,Kharif,Niger seed,9327,1699,0.182159322
Chhattisgarh,SURGUJA,2013,Kharif,Other Kharif pulses,136,,
Chhattisgarh,SURGUJA,2013,Kharif,Potato,540,3348,6.2
Chhattisgarh,SURGUJA,2013,Kharif,Ragi,6,2,0.333333333
Chhattisgarh,SURGUJA,2013,Kharif,Rice,116893,202401,1.731506591
Chhattisgarh,SURGUJA,2013,Kharif,Sannhamp,91,26,0.285714286
Chhattisgarh,SURGUJA,2013,Kharif,Sesamum,267,84,0.314606742
Chhattisgarh,SURGUJA,2013,Kharif,Small millets,2759,658,0.238492207
Chhattisgarh,SURGUJA,2013,Kharif,Soyabean,9,8,0.888888889
Chhattisgarh,SURGUJA,2013,Kharif,Sunflower,21,4,0.19047619
Chhattisgarh,SURGUJA,2013,Kharif,Urad,4182,1338,0.319942611
Chhattisgarh,SURGUJA,2013,Rabi,Barley,117,107,0.914529915
Chhattisgarh,SURGUJA,2013,Rabi,Gram,1465,1102,0.75221843
Chhattisgarh,SURGUJA,2013,Rabi,Khesari,4,3,0.75
Chhattisgarh,SURGUJA,2013,Rabi,Linseed,3081,1095,0.35540409
Chhattisgarh,SURGUJA,2013,Rabi,Masoor,1252,421,0.336261981
Chhattisgarh,SURGUJA,2013,Rabi,Peas & beans (Pulses),963,432,0.448598131
Chhattisgarh,SURGUJA,2013,Rabi,Potato,1817,8862,4.877270226
Chhattisgarh,SURGUJA,2013,Rabi,Rapeseed &Mustard,6489,4082,0.629064571
Chhattisgarh,SURGUJA,2013,Rabi,Wheat,5221,8353,1.599885079
Chhattisgarh,SURGUJA,2013,Whole Year,Banana,17,485,28.52941176
Chhattisgarh,SURGUJA,2013,Whole Year,Coriander,87,20,0.229885057
Chhattisgarh,SURGUJA,2013,Whole Year,Dry chillies,353,251,0.711048159
Chhattisgarh,SURGUJA,2013,Whole Year,Dry ginger,274,328,1.197080292
Chhattisgarh,SURGUJA,2013,Whole Year,Garlic,207,533,2.574879227
Chhattisgarh,SURGUJA,2013,Whole Year,Jowar,108,63,0.583333333
Chhattisgarh,SURGUJA,2013,Whole Year,Onion,512,3014,5.88671875
Chhattisgarh,SURGUJA,2013,Whole Year,Sugarcane,1063,3330,3.132643462
Chhattisgarh,SURGUJA,2013,Whole Year,Sweet potato,295,1626,5.511864407
Chhattisgarh,SURGUJA,2013,Whole Year,Tobacco,5,5,1
Chhattisgarh,SURGUJA,2013,Whole Year,Turmeric,150,145,0.966666667
Chhattisgarh,SURGUJA,2014,Kharif,Arhar/Tur,4301,2972,0.691002093
Chhattisgarh,SURGUJA,2014,Kharif,Groundnut,2806,3873,1.380256593
Chhattisgarh,SURGUJA,2014,Kharif,Horse-gram,2747,821,0.298871496
Chhattisgarh,SURGUJA,2014,Kharif,Jute,13,,
Chhattisgarh,SURGUJA,2014,Kharif,Maize,9312,16677,1.790914948
Chhattisgarh,SURGUJA,2014,Kharif,Mesta,186,304,1.634408602
Chhattisgarh,SURGUJA,2014,Kharif,Moong(Green Gram),10,2,0.2
Chhattisgarh,SURGUJA,2014,Kharif,Niger seed,9249,1685,0.182181857
Chhattisgarh,SURGUJA,2014,Kharif,Other Kharif pulses,219,,
Chhattisgarh,SURGUJA,2014,Kharif,Potato,540,2762,5.114814815
Chhattisgarh,SURGUJA,2014,Kharif,Ragi,3,1,0.333333333
Chhattisgarh,SURGUJA,2014,Kharif,Rice,117268,206623,1.761972576
Chhattisgarh,SURGUJA,2014,Kharif,Sannhamp,96,27,0.28125
Chhattisgarh,SURGUJA,2014,Kharif,Sesamum,259,120,0.463320463
Chhattisgarh,SURGUJA,2014,Kharif,Small millets,2643,424,0.160423761
Chhattisgarh,SURGUJA,2014,Kharif,Soyabean,6,4,0.666666667
Chhattisgarh,SURGUJA,2014,Kharif,Sunflower,24,8,0.333333333
Chhattisgarh,SURGUJA,2014,Kharif,Urad,4180,1474,0.352631579
Chhattisgarh,SURGUJA,2014,Rabi,Barley,121,100,0.826446281
Chhattisgarh,SURGUJA,2014,Rabi,Gram,1438,1617,1.124478442
Chhattisgarh,SURGUJA,2014,Rabi,Khesari,13,14,1.076923077
Chhattisgarh,SURGUJA,2014,Rabi,Linseed,2981,1268,0.425360617
Chhattisgarh,SURGUJA,2014,Rabi,Masoor,1233,428,0.347120843
Chhattisgarh,SURGUJA,2014,Rabi,Peas & beans (Pulses),969,455,0.469556244
Chhattisgarh,SURGUJA,2014,Rabi,Potato,1875,12174,6.4928
Chhattisgarh,SURGUJA,2014,Rabi,Rapeseed &Mustard,6333,3682,0.581399021
Chhattisgarh,SURGUJA,2014,Rabi,Wheat,5415,9919,1.83176362
Chhattisgarh,SURGUJA,2014,Whole Year,Banana,15,351,23.4
Chhattisgarh,SURGUJA,2014,Whole Year,Coriander,88,20,0.227272727
Chhattisgarh,SURGUJA,2014,Whole Year,Dry chillies,357,187,0.523809524
Chhattisgarh,SURGUJA,2014,Whole Year,Dry ginger,269,322,1.197026022
Chhattisgarh,SURGUJA,2014,Whole Year,Garlic,240,629,2.620833333
Chhattisgarh,SURGUJA,2014,Whole Year,Jowar,130,103,0.792307692
Chhattisgarh,SURGUJA,2014,Whole Year,Onion,518,3904,7.536679537
Chhattisgarh,SURGUJA,2014,Whole Year,Sugarcane,941,6572,6.984059511
Chhattisgarh,SURGUJA,2014,Whole Year,Sweet potato,252,1435,5.694444444
Chhattisgarh,SURGUJA,2014,Whole Year,Tobacco,4,2,0.5
Chhattisgarh,SURGUJA,2014,Whole Year,Turmeric,151,145,0.960264901
Dadra and Nagar Haveli,DADRA AND NAGAR HAVELI,1998,Kharif,Arhar/Tur,1624,1440,0.886699507
Dadra and Nagar Haveli,DADRA AND NAGAR HAVELI,1998,Kharif,Coconut,175,64750,370
Dadra and Nagar Haveli,DADRA AND NAGAR HAVELI,1998,Kharif,Groundnut,20,40,2
Dadra and Nagar Haveli,DADRA AND NAGAR HAVELI,1998,Kharif,Jowar,523,418,0.799235182
Dadra and Nagar Haveli,DADRA AND NAGAR HAVELI,1998,Kharif,Maize,16,10,0.625
Dadra and Nagar Haveli,DADRA AND NAGAR HAVELI,1998,Kharif,Niger seed,180,103,0.572222222
Dadra and Nagar Haveli,DADRA AND NAGAR HAVELI,1998,Kharif,Other Kharif pulses,1351,1198,0.886750555
Dadra and Nagar Haveli,DADRA AND NAGAR HAVELI,1998,Kharif,Ragi,1669,2166,1.297783104
Dadra and Nagar Haveli,DADRA AND NAGAR HAVELI,1998,Kharif,Rice,14123,24023,1.70098421
Dadra and Nagar Haveli,DADRA AND NAGAR HAVELI,1998,Kharif,Sannhamp,25,15,0.6
Dadra and Nagar Haveli,DADRA AND NAGAR HAVELI,1998,Kharif,Small millets,226,181,0.800884956
Dadra and Nagar Haveli,DADRA AND NAGAR HAVELI,1998,Rabi,Other  Rabi pulses,2600,2080,0.8
Dadra and Nagar Haveli,DADRA AND NAGAR HAVELI,1998,Rabi,Rice,383,770,2.010443864
Dadra and Nagar Haveli,DADRA AND NAGAR HAVELI,1998,Winter,Banana,14,280,20
Dadra and Nagar Haveli,DADRA AND NAGAR HAVELI,1998,Winter,Coriander,5,4,0.8
Dadra and Nagar Haveli,DADRA AND NAGAR HAVELI,1998,Winter,Gram,187,150,0.802139037
Dadra and Nagar Haveli,DADRA AND NAGAR HAVELI,1998,Winter,Rapeseed &Mustard,30,30,1
Dadra and Nagar Haveli,DADRA AND NAGAR HAVELI,1998,Winter,Sesamum,24,14,0.583333333
Dadra and Nagar Haveli,DADRA AND NAGAR HAVELI,1998,Winter,Sugarcane,1529,122320,80
Dadra and Nagar Haveli,DADRA AND NAGAR HAVELI,1998,Winter,Sunflower,5,3,0.6
Dadra and Nagar Haveli,DADRA AND NAGAR HAVELI,1998,Winter,Wheat,537,920,1.713221601
Dadra and Nagar Haveli,DADRA AND NAGAR HAVELI,1999,Kharif,Arhar/Tur,1598,1838,1.150187735
Dadra and Nagar Haveli,DADRA AND NAGAR HAVELI,1999,Kharif,Banana,22,440,20
Dadra and Nagar Haveli,DADRA AND NAGAR HAVELI,1999,Kharif,Coconut,175,700,4
Dadra and Nagar Haveli,DADRA AND NAGAR HAVELI,1999,Kharif,Groundnut,16,30,1.875
Dadra and Nagar Haveli,DADRA AND NAGAR HAVELI,1999,Kharif,Jowar,474,379,0.799578059
Dadra and Nagar Haveli,DADRA AND NAGAR HAVELI,1999,Kharif,Niger seed,442,239,0.540723982
Dadra and Nagar Haveli,DADRA AND NAGAR HAVELI,1999,Kharif,Other Kharif pulses,1471,1692,1.150237933
Dadra and Nagar Haveli,DADRA AND NAGAR HAVELI,1999,Kharif,Ragi,1593,2232,1.401129944
Dadra and Nagar Haveli,DADRA AND NAGAR HAVELI,1999,Kharif,Rice,13905,27754,1.995972672
Dadra and Nagar Haveli,DADRA AND NAGAR HAVELI,1999,Kharif,Sannhamp,29,17,0.586206897
Dadra and Nagar Haveli,DADRA AND NAGAR HAVELI,1999,Kharif,Small millets,265,344,1.298113208
Dadra and Nagar Haveli,DADRA AND NAGAR HAVELI,1999,Rabi,Other  Rabi pulses,3120,2496,0.8
Dadra and Nagar Haveli,DADRA AND NAGAR HAVELI,1999,Rabi,Rice,500,938,1.876
Dadra and Nagar Haveli,DADRA AND NAGAR HAVELI,1999,Winter,Gram,329,263,0.799392097
Dadra and Nagar Haveli,DADRA AND NAGAR HAVELI,1999,Winter,Rapeseed &Mustard,22,22,1
Dadra and Nagar Haveli,DADRA AND NAGAR HAVELI,1999,Winter,Sugarcane,1464,117120,80
Dadra and Nagar Haveli,DADRA AND NAGAR HAVELI,1999,Winter,Sunflower,5,3,0.6
Dadra and Nagar Haveli,DADRA AND NAGAR HAVELI,1999,Winter,Wheat,715,1236,1.728671329
Dadra and Nagar Haveli,DADRA AND NAGAR HAVELI,2000,Kharif,Arhar/Tur,1466,1078,0.735334243
Dadra and Nagar Haveli,DADRA AND NAGAR HAVELI,2000,Kharif,Banana,15,220,14.66666667
Dadra and Nagar Haveli,DADRA AND NAGAR HAVELI,2000,Kharif,Coconut,180,801,4.45
Dadra and Nagar Haveli,DADRA AND NAGAR HAVELI,2000,Kharif,Groundnut,60,30,0.5
Dadra and Nagar Haveli,DADRA AND NAGAR HAVELI,2000,Kharif,Jowar,529,447,0.844990548
Dadra and Nagar Haveli,DADRA AND NAGAR HAVELI,2000,Kharif,Niger seed,105,105,1
Dadra and Nagar Haveli,DADRA AND NAGAR HAVELI,2000,Kharif,Other Kharif pulses,1378,1013,0.735123367
Dadra and Nagar Haveli,DADRA AND NAGAR HAVELI,2000,Kharif,Ragi,1405,1909,1.358718861
Dadra and Nagar Haveli,DADRA AND NAGAR HAVELI,2000,Kharif,Rice,13668,25299,1.850965759
Dadra and Nagar Haveli,DADRA AND NAGAR HAVELI,2000,Kharif,Sannhamp,29,17,0.586206897
Dadra and Nagar Haveli,DADRA AND NAGAR HAVELI,2000,Kharif,Small millets,265,162,0.611320755
Dadra and Nagar Haveli,DADRA AND NAGAR HAVELI,2000,Rabi,Maize,20,20,1
Dadra and Nagar Haveli,DADRA AND NAGAR HAVELI,2000,Rabi,Other  Rabi pulses,3940,3940,1
Dadra and Nagar Haveli,DADRA AND NAGAR HAVELI,2000,Rabi,Rice,1550,3364,2.170322581
Dadra and Nagar Haveli,DADRA AND NAGAR HAVELI,2000,Winter,Gram,140,140,1
Dadra and Nagar Haveli,DADRA AND NAGAR HAVELI,2000,Winter,Niger seed,30,30,1
Dadra and Nagar Haveli,DADRA AND NAGAR HAVELI,2000,Winter,Sugarcane,1422,92430,65
Dadra and Nagar Haveli,DADRA AND NAGAR HAVELI,2000,Winter,Wheat,710,1500,2.112676056
Dadra and Nagar Haveli,DADRA AND NAGAR HAVELI,2001,Kharif,Arhar/Tur,1470,1427,0.970748299
Dadra and Nagar Haveli,DADRA AND NAGAR HAVELI,2001,Kharif,Banana,15,300,20
Dadra and Nagar Haveli,DADRA AND NAGAR HAVELI,2001,Kharif,Coconut,180,450,2.5
Dadra and Nagar Haveli,DADRA AND NAGAR HAVELI,2001,Kharif,Jowar,501,558,1.113772455
Dadra and Nagar Haveli,DADRA AND NAGAR HAVELI,2001,Kharif,Niger seed,90,273,3.033333333
Dadra and Nagar Haveli,DADRA AND NAGAR HAVELI,2001,Kharif,Other Kharif pulses,1888,1833,0.970868644
Dadra and Nagar Haveli,DADRA AND NAGAR HAVELI,2001,Kharif,Ragi,1394,1538,1.103299857
Dadra and Nagar Haveli,DADRA AND NAGAR HAVELI,2001,Kharif,Rice,13493,30197,2.237975246
Dadra and Nagar Haveli,DADRA AND NAGAR HAVELI,2001,Kharif,Sannhamp,10,6,0.6
Dadra and Nagar Haveli,DADRA AND NAGAR HAVELI,2001,Kharif,Small millets,185,215,1.162162162
Dadra and Nagar Haveli,DADRA AND NAGAR HAVELI,2001,Rabi,Maize,19,20,1.052631579
Dadra and Nagar Haveli,DADRA AND NAGAR HAVELI,2001,Rabi,Other  Rabi pulses,4800,3940,0.820833333
Dadra and Nagar Haveli,DADRA AND NAGAR HAVELI,2001,Rabi,Rice,386,838,2.170984456
Dadra and Nagar Haveli,DADRA AND NAGAR HAVELI,2001,Winter,Gram,161,129,0.801242236
Dadra and Nagar Haveli,DADRA AND NAGAR HAVELI,2001,Winter,Niger seed,70,82,1.171428571
Dadra and Nagar Haveli,DADRA AND NAGAR HAVELI,2001,Winter,Sugarcane,1273,89110,70
Dadra and Nagar Haveli,DADRA AND NAGAR HAVELI,2001,Winter,Wheat,735,1441,1.960544218
Dadra and Nagar Haveli,DADRA AND NAGAR HAVELI,2002,Kharif,Arhar/Tur,1398,1357,0.970672389
Dadra and Nagar Haveli,DADRA AND NAGAR HAVELI,2002,Kharif,Banana,15,300,20
Dadra and Nagar Haveli,DADRA AND NAGAR HAVELI,2002,Kharif,Coconut,180,450,2.5
Dadra and Nagar Haveli,DADRA AND NAGAR HAVELI,2002,Kharif,Jowar,528,588,1.113636364
Dadra and Nagar Haveli,DADRA AND NAGAR HAVELI,2002,Kharif,Maize,57,60,1.052631579
Dadra and Nagar Haveli,DADRA AND NAGAR HAVELI,2002,Kharif,Niger seed,182,553,3.038461538
Dadra and Nagar Haveli,DADRA AND NAGAR HAVELI,2002,Kharif,Other Kharif pulses,2200,2136,0.970909091
Dadra and Nagar Haveli,DADRA AND NAGAR HAVELI,2002,Kharif,Ragi,1375,1873,1.362181818
Dadra and Nagar Haveli,DADRA AND NAGAR HAVELI,2002,Kharif,Rice,13301,37482,2.81798361
Dadra and Nagar Haveli,DADRA AND NAGAR HAVELI,2002,Kharif,Sannhamp,24,14,0.583333333
Dadra and Nagar Haveli,DADRA AND NAGAR HAVELI,2002,Kharif,Small millets,193,224,1.160621762
Dadra and Nagar Haveli,DADRA AND NAGAR HAVELI,2002,Rabi,Other  Rabi pulses,4731,3782,0.799408159
Dadra and Nagar Haveli,DADRA AND NAGAR HAVELI,2002,Rabi,Rice,382,839,2.196335079
Dadra and Nagar Haveli,DADRA AND NAGAR HAVELI,2002,Winter,Gram,148,118,0.797297297
Dadra and Nagar Haveli,DADRA AND NAGAR HAVELI,2002,Winter,Niger seed,20,23,1.15
Dadra and Nagar Haveli,DADRA AND NAGAR HAVELI,2002,Winter,Sugarcane,1537,122960,80
Dadra and Nagar Haveli,DADRA AND NAGAR HAVELI,2002,Winter,Wheat,750,1470,1.96
Dadra and Nagar Haveli,DADRA AND NAGAR HAVELI,2003,Kharif,Arhar/Tur,1144,1009,0.881993007
Dadra and Nagar Haveli,DADRA AND NAGAR HAVELI,2003,Kharif,Banana,440,1408,3.2
Dadra and Nagar Haveli,DADRA AND NAGAR HAVELI,2003,Kharif,Coconut,180,450,2.5
Dadra and Nagar Haveli,DADRA AND NAGAR HAVELI,2003,Kharif,Jowar,537,564,1.05027933
Dadra and Nagar Haveli,DADRA AND NAGAR HAVELI,2003,Kharif,Maize,100,105,1.05
Dadra and Nagar Haveli,DADRA AND NAGAR HAVELI,2003,Kharif,Niger seed,170,171,1.005882353
Dadra and Nagar Haveli,DADRA AND NAGAR HAVELI,2003,Kharif,Other Kharif pulses,1387,1223,0.881759193
Dadra and Nagar Haveli,DADRA AND NAGAR HAVELI,2003,Kharif,Ragi,1684,1873,1.112232779
Dadra and Nagar Haveli,DADRA AND NAGAR HAVELI,2003,Kharif,Rice,13314,26761,2.009989485
Dadra and Nagar Haveli,DADRA AND NAGAR HAVELI,2003,Kharif,Sannhamp,12,7,0.583333333
Dadra and Nagar Haveli,DADRA AND NAGAR HAVELI,2003,Kharif,Small millets,250,220,0.88
Dadra and Nagar Haveli,DADRA AND NAGAR HAVELI,2003,Rabi,Other  Rabi pulses,4810,3850,0.8004158
Dadra and Nagar Haveli,DADRA AND NAGAR HAVELI,2003,Rabi,Rice,583,1172,2.010291595
Dadra and Nagar Haveli,DADRA AND NAGAR HAVELI,2003,Winter,Gram,152,122,0.802631579
Dadra and Nagar Haveli,DADRA AND NAGAR HAVELI,2003,Winter,Niger seed,30,30,1
Dadra and Nagar Haveli,DADRA AND NAGAR HAVELI,2003,Winter,Sugarcane,1285,96375,75
Dadra and Nagar Haveli,DADRA AND NAGAR HAVELI,2003,Winter,Wheat,750,1470,1.96
Dadra and Nagar Haveli,DADRA AND NAGAR HAVELI,2004,Kharif,Arhar/Tur,1339,1138,0.849887976
Dadra and Nagar Haveli,DADRA AND NAGAR HAVELI,2004,Kharif,Banana,50,160,3.2
Dadra and Nagar Haveli,DADRA AND NAGAR HAVELI,2004,Kharif,Coconut,185,462,2.497297297
Dadra and Nagar Haveli,DADRA AND NAGAR HAVELI,2004,Kharif,Groundnut,19,19,1
Dadra and Nagar Haveli,DADRA AND NAGAR HAVELI,2004,Kharif,Jowar,571,476,0.833625219
Dadra and Nagar Haveli,DADRA AND NAGAR HAVELI,2004,Kharif,Maize,100,110,1.1
Dadra and Nagar Haveli,DADRA AND NAGAR HAVELI,2004,Kharif,Niger seed,186,187,1.005376344
Dadra and Nagar Haveli,DADRA AND NAGAR HAVELI,2004,Kharif,Other Kharif pulses,1374,1168,0.85007278
Dadra and Nagar Haveli,DADRA AND NAGAR HAVELI,2004,Kharif,Ragi,1634,2330,1.425948592
Dadra and Nagar Haveli,DADRA AND NAGAR HAVELI,2004,Kharif,Rice,13334,27788,2.0839958
Dadra and Nagar Haveli,DADRA AND NAGAR HAVELI,2004,Kharif,Sannhamp,67,40,0.597014925
Dadra and Nagar Haveli,DADRA AND NAGAR HAVELI,2004,Kharif,Small millets,296,260,0.878378378
Dadra and Nagar Haveli,DADRA AND NAGAR HAVELI,2004,Rabi,Other  Rabi pulses,3916,3211,0.819969356
Dadra and Nagar Haveli,DADRA AND NAGAR HAVELI,2004,Rabi,Rice,653,1383,2.117917305
Dadra and Nagar Haveli,DADRA AND NAGAR HAVELI,2004,Winter,Gram,184,151,0.820652174
Dadra and Nagar Haveli,DADRA AND NAGAR HAVELI,2004,Winter,Niger seed,30,30,1
Dadra and Nagar Haveli,DADRA AND NAGAR HAVELI,2004,Winter,Rapeseed &Mustard,1,1,1
Dadra and Nagar Haveli,DADRA AND NAGAR HAVELI,2004,Winter,Sugarcane,1511,120880,80
Dadra and Nagar Haveli,DADRA AND NAGAR HAVELI,2004,Winter,Wheat,750,1470,1.96
Dadra and Nagar Haveli,DADRA AND NAGAR HAVELI,2005,Kharif,Arhar/Tur,1148,1251,1.089721254
Dadra and Nagar Haveli,DADRA AND NAGAR HAVELI,2005,Kharif,Banana,60,200,3.333333333
Dadra and Nagar Haveli,DADRA AND NAGAR HAVELI,2005,Kharif,Coconut,190,475,2.5
Dadra and Nagar Haveli,DADRA AND NAGAR HAVELI,2005,Kharif,Groundnut,18,16,0.888888889
Dadra and Nagar Haveli,DADRA AND NAGAR HAVELI,2005,Kharif,Jowar,504,605,1.200396825
Dadra and Nagar Haveli,DADRA AND NAGAR HAVELI,2005,Kharif,Maize,100,110,1.1
Dadra and Nagar Haveli,DADRA AND NAGAR HAVELI,2005,Kharif,Niger seed,177,156,0.881355932
Dadra and Nagar Haveli,DADRA AND NAGAR HAVELI,2005,Kharif,Other Kharif pulses,1354,1476,1.090103397
Dadra and Nagar Haveli,DADRA AND NAGAR HAVELI,2005,Kharif,Ragi,1658,3628,2.188178528
Dadra and Nagar Haveli,DADRA AND NAGAR HAVELI,2005,Kharif,Rice,12903,32296,2.502983802
Dadra and Nagar Haveli,DADRA AND NAGAR HAVELI,2005,Kharif,Sannhamp,60,36,0.6
Dadra and Nagar Haveli,DADRA AND NAGAR HAVELI,2005,Kharif,Small millets,207,191,0.922705314
Dadra and Nagar Haveli,DADRA AND NAGAR HAVELI,2005,Rabi,Other  Rabi pulses,3500,4151,1.186
Dadra and Nagar Haveli,DADRA AND NAGAR HAVELI,2005,Rabi,Rice,657,1347,2.050228311
Dadra and Nagar Haveli,DADRA AND NAGAR HAVELI,2005,Winter,Gram,137,162,1.182481752
Dadra and Nagar Haveli,DADRA AND NAGAR HAVELI,2005,Winter,Rapeseed &Mustard,1,1,1
Dadra and Nagar Haveli,DADRA AND NAGAR HAVELI,2005,Winter,Sesamum,30,30,1
Dadra and Nagar Haveli,DADRA AND NAGAR HAVELI,2005,Winter,Sugarcane,1531,122480,80
Dadra and Nagar Haveli,DADRA AND NAGAR HAVELI,2005,Winter,Wheat,750,1500,2
Dadra and Nagar Haveli,DADRA AND NAGAR HAVELI,2006,Kharif,Arhar/Tur,1147,1577,1.37489102
Dadra and Nagar Haveli,DADRA AND NAGAR HAVELI,2006,Kharif,Coconut,195,48750,250
Dadra and Nagar Haveli,DADRA AND NAGAR HAVELI,2006,Kharif,Groundnut,16,16,1
Dadra and Nagar Haveli,DADRA AND NAGAR HAVELI,2006,Kharif,Jowar,481,625,1.299376299
Dadra and Nagar Haveli,DADRA AND NAGAR HAVELI,2006,Kharif,Maize,150,125,0.833333333
Dadra and Nagar Haveli,DADRA AND NAGAR HAVELI,2006,Kharif,Niger seed,168,168,1
Dadra and Nagar Haveli,DADRA AND NAGAR HAVELI,2006,Kharif,Ragi,1345,1399,1.040148699
Dadra and Nagar Haveli,DADRA AND NAGAR HAVELI,2006,Kharif,Rice,12902,28565,2.21399783
Dadra and Nagar Haveli,DADRA AND NAGAR HAVELI,2006,Kharif,Sannhamp,57,34,0.596491228
Dadra and Nagar Haveli,DADRA AND NAGAR HAVELI,2006,Kharif,Small millets,178,193,1.084269663
Dadra and Nagar Haveli,DADRA AND NAGAR HAVELI,2006,Kharif,Urad,1333,1833,1.375093773
Dadra and Nagar Haveli,DADRA AND NAGAR HAVELI,2006,Rabi,Banana,60,1500,25
Dadra and Nagar Haveli,DADRA AND NAGAR HAVELI,2006,Rabi,Other  Rabi pulses,3485,4259,1.222094692
Dadra and Nagar Haveli,DADRA AND NAGAR HAVELI,2006,Rabi,Rice,2500,5950,2.38
Dadra and Nagar Haveli,DADRA AND NAGAR HAVELI,2006,Winter,Gram,115,141,1.226086957
Dadra and Nagar Haveli,DADRA AND NAGAR HAVELI,2006,Winter,Rapeseed &Mustard,2,2,1
Dadra and Nagar Haveli,DADRA AND NAGAR HAVELI,2006,Winter,Sesamum,33,33,1
Dadra and Nagar Haveli,DADRA AND NAGAR HAVELI,2006,Winter,Sugarcane,1167,93360,80
Dadra and Nagar Haveli,DADRA AND NAGAR HAVELI,2006,Winter,Wheat,750,1550,2.066666667
Dadra and Nagar Haveli,DADRA AND NAGAR HAVELI,2007,Kharif,Arhar/Tur,1500,1300,0.866666667
Dadra and Nagar Haveli,DADRA AND NAGAR HAVELI,2007,Kharif,Jowar,500,400,0.8
Dadra and Nagar Haveli,DADRA AND NAGAR HAVELI,2007,Kharif,Ragi,1500,2100,1.4
Dadra and Nagar Haveli,DADRA AND NAGAR HAVELI,2007,Kharif,Rice,13600,23700,1.742647059
Dadra and Nagar Haveli,DADRA AND NAGAR HAVELI,2007,Kharif,Small millets,200,200,1
Dadra and Nagar Haveli,DADRA AND NAGAR HAVELI,2007,Kharif,Urad,1600,1500,0.9375
Dadra and Nagar Haveli,DADRA AND NAGAR HAVELI,2007,Rabi,Other  Rabi pulses,3200,2700,0.84375
Dadra and Nagar Haveli,DADRA AND NAGAR HAVELI,2007,Winter,Gram,200,100,0.5
Dadra and Nagar Haveli,DADRA AND NAGAR HAVELI,2007,Winter,Wheat,600,1100,1.833333333
Dadra and Nagar Haveli,DADRA AND NAGAR HAVELI,2008,Kharif,Arhar/Tur,1500,1300,0.866666667
Dadra and Nagar Haveli,DADRA AND NAGAR HAVELI,2008,Kharif,Jowar,500,400,0.8
Dadra and Nagar Haveli,DADRA AND NAGAR HAVELI,2008,Kharif,Ragi,1500,2100,1.4
Dadra and Nagar Haveli,DADRA AND NAGAR HAVELI,2008,Kharif,Rice,13600,23400,1.720588235
Dadra and Nagar Haveli,DADRA AND NAGAR HAVELI,2008,Kharif,Small millets,200,200,1
Dadra and Nagar Haveli,DADRA AND NAGAR HAVELI,2008,Kharif,Urad,1600,1500,0.9375
Dadra and Nagar Haveli,DADRA AND NAGAR HAVELI,2008,Rabi,Other  Rabi pulses,3100,2600,0.838709677
Dadra and Nagar Haveli,DADRA AND NAGAR HAVELI,2008,Winter,Gram,200,100,0.5
Dadra and Nagar Haveli,DADRA AND NAGAR HAVELI,2008,Winter,Wheat,600,1100,1.833333333
Dadra and Nagar Haveli,DADRA AND NAGAR HAVELI,2009,Kharif,Arhar/Tur,1500,1200,0.8
Dadra and Nagar Haveli,DADRA AND NAGAR HAVELI,2009,Kharif,Jowar,500,400,0.8
Dadra and Nagar Haveli,DADRA AND NAGAR HAVELI,2009,Kharif,Ragi,1300,1400,1.076923077
Dadra and Nagar Haveli,DADRA AND NAGAR HAVELI,2009,Kharif,Rice,12500,13500,1.08
Dadra and Nagar Haveli,DADRA AND NAGAR HAVELI,2009,Kharif,Small millets,200,100,0.5
Dadra and Nagar Haveli,DADRA AND NAGAR HAVELI,2009,Kharif,Urad,1000,800,0.8
Dadra and Nagar Haveli,DADRA AND NAGAR HAVELI,2009,Rabi,Other  Rabi pulses,3300,2800,0.848484848
Dadra and Nagar Haveli,DADRA AND NAGAR HAVELI,2009,Winter,Gram,100,100,1
Dadra and Nagar Haveli,DADRA AND NAGAR HAVELI,2009,Winter,Wheat,700,1000,1.428571429
Dadra and Nagar Haveli,DADRA AND NAGAR HAVELI,2010,Kharif,Arhar/Tur,1870,1496,0.8
Dadra and Nagar Haveli,DADRA AND NAGAR HAVELI,2010,Kharif,Groundnut,20,20,1
Dadra and Nagar Haveli,DADRA AND NAGAR HAVELI,2010,Kharif,Jowar,405,446,1.101234568
Dadra and Nagar Haveli,DADRA AND NAGAR HAVELI,2010,Kharif,Maize,100,100,1
Dadra and Nagar Haveli,DADRA AND NAGAR HAVELI,2010,Kharif,Niger seed,80,60,0.75
Dadra and Nagar Haveli,DADRA AND NAGAR HAVELI,2010,Kharif,Ragi,1289,2120,1.644685803
Dadra and Nagar Haveli,DADRA AND NAGAR HAVELI,2010,Kharif,Rice,10220,19653,1.922994129
Dadra and Nagar Haveli,DADRA AND NAGAR HAVELI,2010,Kharif,Sannhamp,104,62,0.596153846
Dadra and Nagar Haveli,DADRA AND NAGAR HAVELI,2010,Kharif,Small millets,80,80,1
Dadra and Nagar Haveli,DADRA AND NAGAR HAVELI,2010,Kharif,Urad,1430,1144,0.8
Dadra and Nagar Haveli,DADRA AND NAGAR HAVELI,2010,Rabi,Gram,80,80,1
Dadra and Nagar Haveli,DADRA AND NAGAR HAVELI,2010,Rabi,Other  Rabi pulses,2913,2913,1
Dadra and Nagar Haveli,DADRA AND NAGAR HAVELI,2010,Rabi,Rice,580,1186,2.044827586
Dadra and Nagar Haveli,DADRA AND NAGAR HAVELI,2010,Winter,Arhar/Tur,160,130,0.8125
Dadra and Nagar Haveli,DADRA AND NAGAR HAVELI,2010,Winter,Gram,330,330,1
Dadra and Nagar Haveli,DADRA AND NAGAR HAVELI,2010,Winter,Sannhamp,160,112,0.7
Dadra and Nagar Haveli,DADRA AND NAGAR HAVELI,2010,Winter,Sesamum,39,39,1
Dadra and Nagar Haveli,DADRA AND NAGAR HAVELI,2010,Winter,Sugarcane,410,32800,80
Dadra and Nagar Haveli,DADRA AND NAGAR HAVELI,2010,Winter,Wheat,130,290,2.230769231
Dadra and Nagar Haveli,DADRA AND NAGAR HAVELI,2011,Kharif,Arhar/Tur,1209,967,0.799834574
Dadra and Nagar Haveli,DADRA AND NAGAR HAVELI,2011,Kharif,Groundnut,17,17,1
Dadra and Nagar Haveli,DADRA AND NAGAR HAVELI,2011,Kharif,Jowar,441,353,0.800453515
Dadra and Nagar Haveli,DADRA AND NAGAR HAVELI,2011,Kharif,Maize,75,75,1
Dadra and Nagar Haveli,DADRA AND NAGAR HAVELI,2011,Kharif,Niger seed,139,84,0.604316547
Dadra and Nagar Haveli,DADRA AND NAGAR HAVELI,2011,Kharif,Ragi,1212,1248,1.02970297
Dadra and Nagar Haveli,DADRA AND NAGAR HAVELI,2011,Kharif,Rice,10316,18156,1.75998449
Dadra and Nagar Haveli,DADRA AND NAGAR HAVELI,2011,Kharif,Small millets,82,78,0.951219512
Dadra and Nagar Haveli,DADRA AND NAGAR HAVELI,2011,Kharif,Urad,1373,1098,0.799708667
Dadra and Nagar Haveli,DADRA AND NAGAR HAVELI,2011,Rabi,Other  Rabi pulses,2635,2635,1
Dadra and Nagar Haveli,DADRA AND NAGAR HAVELI,2011,Rabi,Rice,349,396,1.134670487
Dadra and Nagar Haveli,DADRA AND NAGAR HAVELI,2011,Winter,Arhar/Tur,302,246,0.814569536
Dadra and Nagar Haveli,DADRA AND NAGAR HAVELI,2011,Winter,Gram,138,138,1
Dadra and Nagar Haveli,DADRA AND NAGAR HAVELI,2011,Winter,Maize,35,35,1
Dadra and Nagar Haveli,DADRA AND NAGAR HAVELI,2011,Winter,Sannhamp,124,90,0.725806452
Dadra and Nagar Haveli,DADRA AND NAGAR HAVELI,2011,Winter,Sesamum,39,39,1
Dadra and Nagar Haveli,DADRA AND NAGAR HAVELI,2011,Winter,Sugarcane,665,53200,80
Dadra and Nagar Haveli,DADRA AND NAGAR HAVELI,2011,Winter,Wheat,137,274,2
Dadra and Nagar Haveli,DADRA AND NAGAR HAVELI,2012,Kharif,Arhar/Tur,1325,1060,0.8
Dadra and Nagar Haveli,DADRA AND NAGAR HAVELI,2012,Kharif,Groundnut,20,17,0.85
Dadra and Nagar Haveli,DADRA AND NAGAR HAVELI,2012,Kharif,Jowar,475,380,0.8
Dadra and Nagar Haveli,DADRA AND NAGAR HAVELI,2012,Kharif,Maize,75,75,1
Dadra and Nagar Haveli,DADRA AND NAGAR HAVELI,2012,Kharif,Niger seed,139,84,0.604316547
Dadra and Nagar Haveli,DADRA AND NAGAR HAVELI,2012,Kharif,Ragi,1040,1071,1.029807692
Dadra and Nagar Haveli,DADRA AND NAGAR HAVELI,2012,Kharif,Rice,13490,26036,1.930022239
Dadra and Nagar Haveli,DADRA AND NAGAR HAVELI,2012,Kharif,Small millets,231,219,0.948051948
Dadra and Nagar Haveli,DADRA AND NAGAR HAVELI,2012,Kharif,Urad,1378,1102,0.799709724
Dadra and Nagar Haveli,DADRA AND NAGAR HAVELI,2012,Rabi,Other  Rabi pulses,2630,2630,1
Dadra and Nagar Haveli,DADRA AND NAGAR HAVELI,2012,Rabi,Rice,344,668,1.941860465
Dadra and Nagar Haveli,DADRA AND NAGAR HAVELI,2012,Winter,Arhar/Tur,312,254,0.814102564
Dadra and Nagar Haveli,DADRA AND NAGAR HAVELI,2012,Winter,Gram,173,173,1
Dadra and Nagar Haveli,DADRA AND NAGAR HAVELI,2012,Winter,Maize,35,35,1
Dadra and Nagar Haveli,DADRA AND NAGAR HAVELI,2012,Winter,Sannhamp,100,73,0.73
Dadra and Nagar Haveli,DADRA AND NAGAR HAVELI,2012,Winter,Sesamum,39,39,1
Dadra and Nagar Haveli,DADRA AND NAGAR HAVELI,2012,Winter,Sugarcane,662,52960,80
Dadra and Nagar Haveli,DADRA AND NAGAR HAVELI,2012,Winter,Wheat,131,262,2
Dadra and Nagar Haveli,DADRA AND NAGAR HAVELI,2013,Kharif,Jowar,450,360,0.8
Dadra and Nagar Haveli,DADRA AND NAGAR HAVELI,2013,Kharif,Maize,75,75,1
Dadra and Nagar Haveli,DADRA AND NAGAR HAVELI,2013,Kharif,Ragi,1010,1040,1.02970297
Dadra and Nagar Haveli,DADRA AND NAGAR HAVELI,2013,Kharif,Rice,13255,24866,1.875971332
Dadra and Nagar Haveli,DADRA AND NAGAR HAVELI,2013,Kharif,Small millets,231,219,0.948051948
Dadra and Nagar Haveli,DADRA AND NAGAR HAVELI,2013,Rabi,Rice,325,631,1.941538462
Dadra and Nagar Haveli,DADRA AND NAGAR HAVELI,2013,Winter,Maize,35,35,1
Dadra and Nagar Haveli,DADRA AND NAGAR HAVELI,2013,Winter,Wheat,131,262,2
Dadra and Nagar Haveli,DADRA AND NAGAR HAVELI,2014,Kharif,Jowar,465,372,0.8
Dadra and Nagar Haveli,DADRA AND NAGAR HAVELI,2014,Kharif,Maize,75,75,1
Dadra and Nagar Haveli,DADRA AND NAGAR HAVELI,2014,Kharif,Ragi,1030,1060,1.029126214
Dadra and Nagar Haveli,DADRA AND NAGAR HAVELI,2014,Kharif,Rice,13490,25181,1.866641957
Dadra and Nagar Haveli,DADRA AND NAGAR HAVELI,2014,Kharif,Small millets,215,203,0.944186047
Dadra and Nagar Haveli,DADRA AND NAGAR HAVELI,2014,Rabi,Rice,376,726,1.930851064
Dadra and Nagar Haveli,DADRA AND NAGAR HAVELI,2014,Winter,Maize,35,35,1
Dadra and Nagar Haveli,DADRA AND NAGAR HAVELI,2014,Winter,Wheat,139,289,2.079136691
Goa,NORTH GOA,1997,Kharif,Groundnut,310,376,1.212903226
Goa,NORTH GOA,1997,Kharif,Other Kharif pulses,760,49,0.064473684
Goa,NORTH GOA,1997,Rabi,Groundnut,829,1601,1.931242461
Goa,NORTH GOA,1997,Rabi,Other  Rabi pulses,7369,6241,0.846926313
Goa,NORTH GOA,1997,Whole Year,Ragi,1675,1572,0.938507463
Goa,NORTH GOA,2004,Kharif,Groundnut,3204,5234,1.633583021
Goa,NORTH GOA,2004,Kharif,Ragi,160,165,1.03125
Goa,NORTH GOA,2004,Kharif,Rice,29535,85664,2.900423227
Goa,NORTH GOA,2004,Whole Year,Black pepper,334,55,0.164670659
Goa,NORTH GOA,2004,Whole Year,Cashewnut,39987,18714,0.468002101
Goa,NORTH GOA,2004,Whole Year,Coconut,11083,54410000,4909.320581
Goa,NORTH GOA,2004,Whole Year,Sugarcane,295,17103,57.97627119
Goa,NORTH GOA,2005,Kharif,Groundnut,3281,7891,2.405059433
Goa,NORTH GOA,2005,Kharif,Ragi,223,279,1.251121076
Goa,NORTH GOA,2005,Kharif,Rice,29605,85399,2.884614085
Goa,NORTH GOA,2005,Whole Year,Black pepper,355,77,0.216901408
Goa,NORTH GOA,2005,Whole Year,Cashewnut,40109,19734,0.492009275
Goa,NORTH GOA,2005,Whole Year,Coconut,11155,55230000,4951.142985
Goa,NORTH GOA,2005,Whole Year,Sugarcane,240,13955,58.14583333
Goa,NORTH GOA,2006,Kharif,Groundnut,2623,4579,1.745711018
Goa,NORTH GOA,2006,Kharif,Ragi,125,119,0.952
Goa,NORTH GOA,2006,Kharif,Rice,29124,76689,2.633189122
Goa,NORTH GOA,2006,Whole Year,Black pepper,370,96,0.259459459
Goa,NORTH GOA,2006,Whole Year,Cashewnut,40282,17765,0.441015838
Goa,NORTH GOA,2006,Whole Year,Coconut,11227,55840000,4973.724058
Goa,NORTH GOA,2006,Whole Year,Sugarcane,244,15010,61.51639344
Goa,NORTH GOA,2007,Kharif,Groundnut,3702,6965,1.881415451
Goa,NORTH GOA,2007,Kharif,Ragi,38,34,0.894736842
Goa,NORTH GOA,2007,Kharif,Rice,29653,71918,2.425319529
Goa,NORTH GOA,2007,Whole Year,Black pepper,383,119,0.310704961
Goa,NORTH GOA,2007,Whole Year,Cashewnut,40508,15327,0.378369705
Goa,NORTH GOA,2007,Whole Year,Coconut,11249,56160000,4992.443773
Goa,NORTH GOA,2007,Whole Year,Sugarcane,224,14261,63.66517857
Goa,NORTH GOA,2008,Kharif,Groundnut,640,896,1.4
Goa,NORTH GOA,2008,Kharif,Other Kharif pulses,325,154,0.473846154
Goa,NORTH GOA,2008,Kharif,Ragi,39,40,1.025641026
Goa,NORTH GOA,2008,Kharif,Rice,19974,47919,2.399068789
Goa,NORTH GOA,2008,Rabi,Groundnut,3150,7284,2.312380952
Goa,NORTH GOA,2008,Rabi,Other  Rabi pulses,8730,8798,1.007789233
Goa,NORTH GOA,2008,Rabi,Rice,8145,20727,2.544751381
Goa,NORTH GOA,2008,Whole Year,Sugarcane,268,13991,52.20522388
Goa,NORTH GOA,2009,Kharif,Groundnut,570,1198,2.101754386
Goa,NORTH GOA,2009,Kharif,Other Kharif pulses,328,290,0.884146341
Goa,NORTH GOA,2009,Kharif,Ragi,25,26,1.04
Goa,NORTH GOA,2009,Kharif,Rice,18201,35411,1.945552442
Goa,NORTH GOA,2009,Rabi,Groundnut,2249,6843,3.042685638
Goa,NORTH GOA,2009,Rabi,Other  Rabi pulses,6699,7372,1.100462756
Goa,NORTH GOA,2009,Rabi,Rice,8688,24343,2.801910681
Goa,NORTH GOA,2009,Whole Year,Sugarcane,136,5430,39.92647059
Goa,NORTH GOA,2010,Kharif,Groundnut,461,1390,3.015184382
Goa,NORTH GOA,2010,Kharif,Other Kharif pulses,150,126,0.84
Goa,NORTH GOA,2010,Kharif,Ragi,25,23,0.92
Goa,NORTH GOA,2010,Kharif,Rice,17314,41896,2.419775904
Goa,NORTH GOA,2010,Rabi,Groundnut,2418,6885,2.847394541
Goa,NORTH GOA,2010,Rabi,Other  Rabi pulses,5720,6242,1.091258741
Goa,NORTH GOA,2010,Rabi,Rice,8450,22437,2.655266272
Goa,NORTH GOA,2010,Whole Year,Sugarcane,141,5933,42.07801418
Goa,NORTH GOA,2011,Kharif,Groundnut,357,1022,2.862745098
Goa,NORTH GOA,2011,Kharif,Other Kharif pulses,175,123,0.702857143
Goa,NORTH GOA,2011,Kharif,Ragi,26,25,0.961538462
Goa,NORTH GOA,2011,Kharif,Rice,18019,47954,2.661301959
Goa,NORTH GOA,2011,Rabi,Groundnut,2835,6973,2.459611993
Goa,NORTH GOA,2011,Rabi,Other  Rabi pulses,8175,6844,0.837186544
Goa,NORTH GOA,2011,Rabi,Rice,8450,23108,2.734674556
Goa,NORTH GOA,2011,Whole Year,Sugarcane,145,6086,41.97241379
Goa,NORTH GOA,2012,Kharif,Groundnut,534,1345,2.518726592
Goa,NORTH GOA,2012,Kharif,Other Kharif pulses,224,189,0.84375
Goa,NORTH GOA,2012,Kharif,Ragi,13,16,1.230769231
Goa,NORTH GOA,2012,Kharif,Rice,18045,47789,2.648323635
Goa,NORTH GOA,2012,Rabi,Groundnut,2574,6123,2.378787879
Goa,NORTH GOA,2012,Rabi,Other  Rabi pulses,8352,7540,0.902777778
Goa,NORTH GOA,2012,Rabi,Rice,7355,21852,2.971040109
Goa,NORTH GOA,2012,Whole Year,Sugarcane,144,5539,38.46527778
Goa,NORTH GOA,2013,Kharif,Groundnut,394,951,2.413705584
Goa,NORTH GOA,2013,Kharif,Other Kharif pulses,156,129,0.826923077
Goa,NORTH GOA,2013,Kharif,Ragi,2,2.69,1.345
Goa,NORTH GOA,2013,Kharif,Rice,14740,44206,2.999050204
Goa,NORTH GOA,2013,Rabi,Groundnut,2195,5635,2.567198178
Goa,NORTH GOA,2013,Rabi,Other  Rabi pulses,6620,7320,1.105740181
Goa,NORTH GOA,2013,Rabi,Rice,7270,22145,3.04607978
Goa,NORTH GOA,2013,Whole Year,Arecanut,1468,2458,1.674386921
Goa,NORTH GOA,2013,Whole Year,Banana,1253,14235,11.36073424
Goa,NORTH GOA,2013,Whole Year,Black pepper,421,135,0.320665083
Goa,NORTH GOA,2013,Whole Year,Cashewnut,40712,18115,0.444954804
Goa,NORTH GOA,2013,Whole Year,Coconut,11379,564,0.049564988
Goa,NORTH GOA,2013,Whole Year,Mango,1431,2705,1.890286513
Goa,NORTH GOA,2013,Whole Year,Other Fresh Fruits,2258,24312,10.76705049
Goa,NORTH GOA,2013,Whole Year,Other Vegetables,3829,43575,11.38025594
Goa,NORTH GOA,2013,Whole Year,Pineapple,192,3186,16.59375
Goa,NORTH GOA,2013,Whole Year,Sugarcane,140,5366,38.32857143
Goa,NORTH GOA,2014,Kharif,Groundnut,361,734,2.033240997
Goa,NORTH GOA,2014,Kharif,Other Kharif pulses,200,178,0.89
Goa,NORTH GOA,2014,Kharif,Ragi,0.1,0.08,0.8
Goa,NORTH GOA,2014,Kharif,Rice,14385,40962,2.847549531
Goa,NORTH GOA,2014,Rabi,Groundnut,1910,3577,1.872774869
Goa,NORTH GOA,2014,Rabi,Other  Rabi pulses,7010,6887,0.982453638
Goa,NORTH GOA,2014,Rabi,Rice,6820,18826,2.760410557
Goa,NORTH GOA,2014,Whole Year,Arecanut,1472,2443,1.659646739
Goa,NORTH GOA,2014,Whole Year,Banana,1304,14754,11.31441718
Goa,NORTH GOA,2014,Whole Year,Black pepper,443,146,0.329571106
Goa,NORTH GOA,2014,Whole Year,Cashewnut,40819,18297,0.44824714
Goa,NORTH GOA,2014,Whole Year,Coconut,11399,564,0.049478024
Goa,NORTH GOA,2014,Whole Year,Mango,1442,2682,1.859916782
Goa,NORTH GOA,2014,Whole Year,Other Fresh Fruits,2283,24302,10.64476566
Goa,NORTH GOA,2014,Whole Year,Other Vegetables,3940,45015,11.4251269
Goa,NORTH GOA,2014,Whole Year,Pineapple,262,4348,16.59541985
Goa,NORTH GOA,2014,Whole Year,Sugarcane,129,5767,44.70542636
Goa,SOUTH GOA,1997,Kharif,Groundnut,40,71,1.775
Goa,SOUTH GOA,1997,Kharif,Other Kharif pulses,240,145,0.604166667
Goa,SOUTH GOA,1997,Kharif,Rice,15169,40864,2.693915222
Goa,SOUTH GOA,1997,Rabi,Groundnut,258,504,1.953488372
Goa,SOUTH GOA,1997,Rabi,Other  Rabi pulses,1631,1159,0.71060699
Goa,SOUTH GOA,1997,Rabi,Rice,6417,19052,2.968988624
Goa,SOUTH GOA,1997,Whole Year,Ragi,1125,904,0.803555556
Goa,SOUTH GOA,2004,Kharif,Groundnut,87,174,2
Goa,SOUTH GOA,2004,Kharif,Ragi,234,212,0.905982906
Goa,SOUTH GOA,2004,Kharif,Rice,22907,59510,2.59789584
Goa,SOUTH GOA,2004,Whole Year,Black pepper,255,43,0.168627451
Goa,SOUTH GOA,2004,Whole Year,Cashewnut,14871,6842,0.460090108
Goa,SOUTH GOA,2004,Whole Year,Coconut,14077,69110000,4909.426724
Goa,SOUTH GOA,2004,Whole Year,Sugarcane,915,43480,47.51912568
Goa,SOUTH GOA,2005,Kharif,Groundnut,31,51,1.64516129
Goa,SOUTH GOA,2005,Kharif,Ragi,218,184,0.844036697
Goa,SOUTH GOA,2005,Kharif,Rice,22572,61837,2.739544568
Goa,SOUTH GOA,2005,Whole Year,Black pepper,271,60,0.221402214
Goa,SOUTH GOA,2005,Whole Year,Cashewnut,14912,7336,0.49195279
Goa,SOUTH GOA,2005,Whole Year,Coconut,14157,70110000,4952.320407
Goa,SOUTH GOA,2005,Whole Year,Sugarcane,870,41912,48.17471264
Goa,SOUTH GOA,2006,Kharif,Groundnut,17,21,1.235294118
Goa,SOUTH GOA,2006,Kharif,Ragi,155,135,0.870967742
Goa,SOUTH GOA,2006,Kharif,Rice,23861,52256,2.190017183
Goa,SOUTH GOA,2006,Whole Year,Black pepper,278,73,0.262589928
Goa,SOUTH GOA,2006,Whole Year,Cashewnut,15020,6615,0.440412783
Goa,SOUTH GOA,2006,Whole Year,Coconut,14241,70840000,4974.369777
Goa,SOUTH GOA,2006,Whole Year,Sugarcane,876,43269,49.39383562
Goa,SOUTH GOA,2007,Kharif,Groundnut,18,33,1.833333333
Goa,SOUTH GOA,2007,Kharif,Ragi,124,136,1.096774194
Goa,SOUTH GOA,2007,Kharif,Rice,22538,49761,2.207871151
Goa,SOUTH GOA,2007,Whole Year,Black pepper,283,89,0.314487633
Goa,SOUTH GOA,2007,Whole Year,Cashewnut,15104,6615,0.437963453
Goa,SOUTH GOA,2007,Whole Year,Coconut,14296,71410000,4995.103525
Goa,SOUTH GOA,2007,Whole Year,Sugarcane,810,41766,51.56296296
Goa,SOUTH GOA,2008,Kharif,Groundnut,2,,
Goa,SOUTH GOA,2008,Kharif,Other Kharif pulses,63,22,0.349206349
Goa,SOUTH GOA,2008,Kharif,Ragi,119,151,1.268907563
Goa,SOUTH GOA,2008,Kharif,Rice,13664,30786,2.25307377
Goa,SOUTH GOA,2008,Rabi,Groundnut,13,24,1.846153846
Goa,SOUTH GOA,2008,Rabi,Other  Rabi pulses,737,1055,1.431478969
Goa,SOUTH GOA,2008,Rabi,Rice,7543,22435,2.97428079
Goa,SOUTH GOA,2008,Whole Year,Sugarcane,753,35262,46.82868526
Goa,SOUTH GOA,2009,Kharif,Other Kharif pulses,28,15,0.535714286
Goa,SOUTH GOA,2009,Kharif,Ragi,129,131,1.015503876
Goa,SOUTH GOA,2009,Kharif,Rice,12965,23856,1.840030852
Goa,SOUTH GOA,2009,Rabi,Groundnut,9,14,1.555555556
Goa,SOUTH GOA,2009,Rabi,Other  Rabi pulses,835,857,1.026347305
Goa,SOUTH GOA,2009,Rabi,Rice,7250,16995,2.344137931
Goa,SOUTH GOA,2009,Whole Year,Sugarcane,757,46913,61.97225892
Goa,SOUTH GOA,2010,Kharif,Other Kharif pulses,30,20,0.666666667
Goa,SOUTH GOA,2010,Kharif,Ragi,125,110,0.88
Goa,SOUTH GOA,2010,Kharif,Rice,13318,30325,2.276993543
Goa,SOUTH GOA,2010,Rabi,Groundnut,6,12,2
Goa,SOUTH GOA,2010,Rabi,Other  Rabi pulses,1650,1594,0.966060606
Goa,SOUTH GOA,2010,Rabi,Rice,7530,20336,2.700664011
Goa,SOUTH GOA,2010,Whole Year,Sugarcane,780,43176,55.35384615
Goa,SOUTH GOA,2011,Kharif,Other Kharif pulses,37,26,0.702702703
Goa,SOUTH GOA,2011,Kharif,Ragi,124,112,0.903225806
Goa,SOUTH GOA,2011,Kharif,Rice,13228,30816,2.329603871
Goa,SOUTH GOA,2011,Rabi,Groundnut,2,5,2.5
Goa,SOUTH GOA,2011,Rabi,Other  Rabi pulses,1562,1293,0.827784891
Goa,SOUTH GOA,2011,Rabi,Rice,7540,20113,2.667506631
Goa,SOUTH GOA,2011,Whole Year,Sugarcane,770,40498,52.59480519
Goa,SOUTH GOA,2012,Kharif,Other Kharif pulses,2,1,0.5
Goa,SOUTH GOA,2012,Kharif,Ragi,35,34,0.971428571
Goa,SOUTH GOA,2012,Kharif,Rice,13210,33440,2.531415594
Goa,SOUTH GOA,2012,Rabi,Other  Rabi pulses,1371,1244,0.907366885
Goa,SOUTH GOA,2012,Rabi,Rice,7220,19740,2.734072022
Goa,SOUTH GOA,2012,Whole Year,Sugarcane,710,40516,57.06478873
Goa,SOUTH GOA,2013,Kharif,Other Kharif pulses,16,10,0.625
Goa,SOUTH GOA,2013,Kharif,Ragi,16,11.09,0.693125
Goa,SOUTH GOA,2013,Kharif,Rice,13590,35908,2.642236939
Goa,SOUTH GOA,2013,Rabi,Groundnut,2,4,2
Goa,SOUTH GOA,2013,Rabi,Other  Rabi pulses,1308,1467,1.121559633
Goa,SOUTH GOA,2013,Rabi,Rice,7220,24252,3.35900277
Goa,SOUTH GOA,2013,Whole Year,Arecanut,272,437,1.606617647
Goa,SOUTH GOA,2013,Whole Year,Banana,1071,12073,11.27264239
Goa,SOUTH GOA,2013,Whole Year,Black pepper,316,99,0.313291139
Goa,SOUTH GOA,2013,Whole Year,Cashewnut,15224,6217,0.408368366
Goa,SOUTH GOA,2013,Whole Year,Coconut,14371,717,0.049892144
Goa,SOUTH GOA,2013,Whole Year,Mango,3388,6239,1.84149941
Goa,SOUTH GOA,2013,Whole Year,Other Fresh Fruits,1581,16727,10.58001265
Goa,SOUTH GOA,2013,Whole Year,Other Vegetables,3175,36345,11.44724409
Goa,SOUTH GOA,2013,Whole Year,Pineapple,103,1714,16.6407767
Goa,SOUTH GOA,2013,Whole Year,Sugarcane,732,42303,57.79098361
Goa,SOUTH GOA,2014,Kharif,Other Kharif pulses,8,8,1
Goa,SOUTH GOA,2014,Kharif,Ragi,15.4,10.72,0.696103896
Goa,SOUTH GOA,2014,Kharif,Rice,13455,40307,2.995689335
Goa,SOUTH GOA,2014,Rabi,Other  Rabi pulses,1305,984,0.754022989
Goa,SOUTH GOA,2014,Rabi,Rice,7310,20410,2.792065663
Goa,SOUTH GOA,2014,Whole Year,Arecanut,278,452,1.625899281
Goa,SOUTH GOA,2014,Whole Year,Banana,1076,12128,11.27137546
Goa,SOUTH GOA,2014,Whole Year,Black pepper,321,98,0.30529595
Goa,SOUTH GOA,2014,Whole Year,Cashewnut,15260,6714,0.439973788
Goa,SOUTH GOA,2014,Whole Year,Coconut,14387,714,0.049628137
Goa,SOUTH GOA,2014,Whole Year,Mango,3401,6205,1.824463393
Goa,SOUTH GOA,2014,Whole Year,Other Fresh Fruits,2283,24302,10.64476566
Goa,SOUTH GOA,2014,Whole Year,Other Vegetables,3248,36986,11.38731527
Goa,SOUTH GOA,2014,Whole Year,Pineapple,105,1737,16.54285714
Goa,SOUTH GOA,2014,Whole Year,Sugarcane,679,43448,63.98821797
Gujarat,AHMADABAD,1997,Kharif,Arhar/Tur,2900,2200,0.75862069
Gujarat,AHMADABAD,1997,Kharif,Bajra,41700,43700,1.047961631
Gujarat,AHMADABAD,1997,Kharif,Dry chillies,700,700,1
Gujarat,AHMADABAD,1997,Kharif,Groundnut,500,600,1.2
Gujarat,AHMADABAD,1997,Kharif,Jowar,42500,33500,0.788235294
Gujarat,AHMADABAD,1997,Kharif,Moong(Green Gram),2300,1200,0.52173913
Gujarat,AHMADABAD,1997,Kharif,Moth,100,100,1
Gujarat,AHMADABAD,1997,Kharif,Other Kharif pulses,400,200,0.5
Gujarat,AHMADABAD,1997,Kharif,Urad,1300,1100,0.846153846
Gujarat,AHMADABAD,1997,Rabi,Gram,14400,7200,0.5
Gujarat,AHMADABAD,1997,Rabi,Jowar,2000,1700,0.85
Gujarat,AHMADABAD,1997,Rabi,Rapeseed &Mustard,9000,9400,1.044444444
Gujarat,AHMADABAD,1997,Rabi,Wheat,96000,121400,1.264583333
Gujarat,AHMADABAD,1997,Summer,Bajra,12200,26300,2.155737705
Gujarat,AHMADABAD,1997,Summer,Groundnut,100,100,1
Gujarat,AHMADABAD,1997,Whole Year,Banana,200,14300,71.5
Gujarat,AHMADABAD,1997,Whole Year,Castor seed,24300,35500,1.46090535
Gujarat,AHMADABAD,1997,Whole Year,Cotton(lint),154900,181500,1.171723693
Gujarat,AHMADABAD,1997,Whole Year,Maize,600,1000,1.666666667
Gujarat,AHMADABAD,1997,Whole Year,Potato,2300,50000,21.73913043
Gujarat,AHMADABAD,1997,Whole Year,Pulses total,7000,48,0.006857143
Gujarat,AHMADABAD,1997,Whole Year,Rice,75300,114500,1.520584329
Gujarat,AHMADABAD,1997,Whole Year,Sesamum,9300,6800,0.731182796
Gujarat,AHMADABAD,1997,Whole Year,Sugarcane,600,39000,65
Gujarat,AHMADABAD,1997,Whole Year,Tobacco,1200,2100,1.75
Gujarat,AHMADABAD,1998,Kharif,Arhar/Tur,3300,3100,0.939393939
Gujarat,AHMADABAD,1998,Kharif,Bajra,37300,43700,1.171581769
Gujarat,AHMADABAD,1998,Kharif,Castor seed,28500,65200,2.287719298
Gujarat,AHMADABAD,1998,Kharif,Cotton(lint),178800,293100,1.639261745
Gujarat,AHMADABAD,1998,Kharif,Groundnut,700,900,1.285714286
Gujarat,AHMADABAD,1998,Kharif,Jowar,58400,48200,0.825342466
Gujarat,AHMADABAD,1998,Kharif,Maize,1300,2200,1.692307692
Gujarat,AHMADABAD,1998,Kharif,Moong(Green Gram),2400,1300,0.541666667
Gujarat,AHMADABAD,1998,Kharif,Moth,300,100,0.333333333
Gujarat,AHMADABAD,1998,Kharif,Other Cereals & Millets,400,200,0.5
Gujarat,AHMADABAD,1998,Kharif,Other Kharif pulses,700,300,0.428571429
Gujarat,AHMADABAD,1998,Kharif,Rice,52200,72600,1.390804598
Gujarat,AHMADABAD,1998,Kharif,Sesamum,9900,5900,0.595959596
Gujarat,AHMADABAD,1998,Kharif,Small millets,400,200,0.5
Gujarat,AHMADABAD,1998,Kharif,Urad,1300,900,0.692307692
Gujarat,AHMADABAD,1998,Rabi,Gram,12300,6500,0.528455285
Gujarat,AHMADABAD,1998,Rabi,Jowar,2500,2000,0.8
Gujarat,AHMADABAD,1998,Rabi,Rapeseed &Mustard,6300,6300,1
Gujarat,AHMADABAD,1998,Rabi,Wheat,91600,138900,1.516375546
Gujarat,AHMADABAD,1998,Summer,Bajra,11100,22600,2.036036036
Gujarat,AHMADABAD,1998,Summer,Groundnut,400,600,1.5
Gujarat,AHMADABAD,1998,Whole Year,Banana,100,8000,80
Gujarat,AHMADABAD,1998,Whole Year,Oilseeds total,45800,78900,1.722707424
Gujarat,AHMADABAD,1998,Whole Year,Onion,200,6700,33.5
Gujarat,AHMADABAD,1998,Whole Year,Potato,3100,72300,23.32258065
Gujarat,AHMADABAD,1998,Whole Year,Pulses total,20300,12200,0.600985222
Gujarat,AHMADABAD,1998,Whole Year,Sugarcane,600,41000,68.33333333
Gujarat,AHMADABAD,1998,Whole Year,Tobacco,500,900,1.8
Gujarat,AHMADABAD,1999,Kharif,Arhar/Tur,4400,3500,0.795454545
Gujarat,AHMADABAD,1999,Kharif,Bajra,36600,35100,0.959016393
Gujarat,AHMADABAD,1999,Kharif,Castor seed,31500,58700,1.863492063
Gujarat,AHMADABAD,1999,Kharif,Cotton(lint),151100,182700,1.209133024
Gujarat,AHMADABAD,1999,Kharif,Groundnut,1200,400,0.333333333
Gujarat,AHMADABAD,1999,Kharif,Jowar,64200,86900,1.353582555
Gujarat,AHMADABAD,1999,Kharif,Maize,2400,3100,1.291666667
Gujarat,AHMADABAD,1999,Kharif,Moong(Green Gram),2400,1300,0.541666667
Gujarat,AHMADABAD,1999,Kharif,Moth,800,100,0.125
Gujarat,AHMADABAD,1999,Kharif,Other Cereals & Millets,400,100,0.25
Gujarat,AHMADABAD,1999,Kharif,Other Kharif pulses,200,400,2
Gujarat,AHMADABAD,1999,Kharif,Rice,75100,78900,1.050599201
Gujarat,AHMADABAD,1999,Kharif,Sesamum,8000,3800,0.475
Gujarat,AHMADABAD,1999,Kharif,Small millets,400,100,0.25
Gujarat,AHMADABAD,1999,Kharif,Urad,1400,300,0.214285714
Gujarat,AHMADABAD,1999,Rabi,Gram,11700,4500,0.384615385
Gujarat,AHMADABAD,1999,Rabi,Jowar,2800,2500,0.892857143
Gujarat,AHMADABAD,1999,Rabi,Rapeseed &Mustard,8100,7700,0.950617284
Gujarat,AHMADABAD,1999,Rabi,Wheat,84000,114800,1.366666667
Gujarat,AHMADABAD,1999,Summer,Bajra,11000,23400,2.127272727
Gujarat,AHMADABAD,1999,Summer,Groundnut,400,700,1.75
Gujarat,AHMADABAD,1999,Whole Year,Banana,100,8800,88
Gujarat,AHMADABAD,1999,Whole Year,Dry chillies,200,200,1
Gujarat,AHMADABAD,1999,Whole Year,Potato,2500,55500,22.2
Gujarat,AHMADABAD,1999,Whole Year,Sugarcane,600,39000,65
Gujarat,AHMADABAD,1999,Whole Year,Tobacco,800,1500,1.875
Gujarat,AHMADABAD,2000,Kharif,Arhar/Tur,4600,1500,0.326086957
Gujarat,AHMADABAD,2000,Kharif,Bajra,36300,28400,0.782369146
Gujarat,AHMADABAD,2000,Kharif,Castor seed,30200,31400,1.039735099
Gujarat,AHMADABAD,2000,Kharif,Cotton(lint),168000,92800,0.552380952
Gujarat,AHMADABAD,2000,Kharif,Groundnut,700,200,0.285714286
Gujarat,AHMADABAD,2000,Kharif,Jowar,9600,6100,0.635416667
Gujarat,AHMADABAD,2000,Kharif,Maize,500,400,0.8
Gujarat,AHMADABAD,2000,Kharif,Moong(Green Gram),2300,1200,0.52173913
Gujarat,AHMADABAD,2000,Kharif,Moth,900,100,0.111111111
Gujarat,AHMADABAD,2000,Kharif,Other Kharif pulses,400,100,0.25
Gujarat,AHMADABAD,2000,Kharif,Rice,84100,37500,0.445897741
Gujarat,AHMADABAD,2000,Kharif,Sesamum,6400,1000,0.15625
Gujarat,AHMADABAD,2000,Kharif,Urad,800,200,0.25
Gujarat,AHMADABAD,2000,Rabi,Gram,2000,400,0.2
Gujarat,AHMADABAD,2000,Rabi,Jowar,300,100,0.333333333
Gujarat,AHMADABAD,2000,Rabi,Rapeseed &Mustard,1100,1300,1.181818182
Gujarat,AHMADABAD,2000,Rabi,Wheat,48700,78500,1.611909651
Gujarat,AHMADABAD,2000,Summer,Bajra,9100,20600,2.263736264
Gujarat,AHMADABAD,2000,Summer,Groundnut,100,200,2
Gujarat,AHMADABAD,2000,Whole Year,Banana,200,8000,40
Gujarat,AHMADABAD,2000,Whole Year,Guar seed,3300,700,0.212121212
Gujarat,AHMADABAD,2000,Whole Year,Potato,2000,41200,20.6
Gujarat,AHMADABAD,2000,Whole Year,Sugarcane,800,59000,73.75
Gujarat,AHMADABAD,2000,Whole Year,Tobacco,1000,1700,1.7
Gujarat,AHMADABAD,2001,Kharif,Arhar/Tur,2800,1800,0.642857143
Gujarat,AHMADABAD,2001,Kharif,Bajra,33500,37800,1.128358209
Gujarat,AHMADABAD,2001,Kharif,Castor seed,14900,16800,1.127516779
Gujarat,AHMADABAD,2001,Kharif,Cotton(lint),182600,104500,0.572289157
Gujarat,AHMADABAD,2001,Kharif,Groundnut,1300,1800,1.384615385
Gujarat,AHMADABAD,2001,Kharif,Maize,1500,3100,2.066666667
Gujarat,AHMADABAD,2001,Kharif,Moong(Green Gram),2500,1200,0.48
Gujarat,AHMADABAD,2001,Kharif,Moth,800,300,0.375
Gujarat,AHMADABAD,2001,Kharif,Other Kharif pulses,800,400,0.5
Gujarat,AHMADABAD,2001,Kharif,Rice,82000,144300,1.759756098
Gujarat,AHMADABAD,2001,Kharif,Sesamum,4100,2300,0.56097561
Gujarat,AHMADABAD,2001,Kharif,Urad,800,500,0.625
Gujarat,AHMADABAD,2001,Rabi,Gram,12700,4200,0.330708661
Gujarat,AHMADABAD,2001,Rabi,Jowar,100,100,1
Gujarat,AHMADABAD,2001,Rabi,Rapeseed &Mustard,2000,1900,0.95
Gujarat,AHMADABAD,2001,Rabi,Wheat,81000,103500,1.277777778
Gujarat,AHMADABAD,2001,Summer,Bajra,7900,16600,2.101265823
Gujarat,AHMADABAD,2001,Summer,Groundnut,100,100,1
Gujarat,AHMADABAD,2001,Whole Year,Dry chillies,100,100,1
Gujarat,AHMADABAD,2001,Whole Year,Guar seed,3500,1500,0.428571429
Gujarat,AHMADABAD,2001,Whole Year,Onion,100,3900,39
Gujarat,AHMADABAD,2001,Whole Year,Potato,2100,45700,21.76190476
Gujarat,AHMADABAD,2001,Whole Year,Sugarcane,500,38000,76
Gujarat,AHMADABAD,2001,Whole Year,Tobacco,1000,1800,1.8
Gujarat,AHMADABAD,2002,Kharif,Arhar/Tur,3100,1900,0.612903226
Gujarat,AHMADABAD,2002,Kharif,Bajra,38200,39100,1.023560209
Gujarat,AHMADABAD,2002,Kharif,Castor seed,10400,8900,0.855769231
Gujarat,AHMADABAD,2002,Kharif,Cotton(lint),164300,113400,0.690200852
Gujarat,AHMADABAD,2002,Kharif,Groundnut,2100,1100,0.523809524
Gujarat,AHMADABAD,2002,Kharif,Maize,2700,4600,1.703703704
Gujarat,AHMADABAD,2002,Kharif,Moong(Green Gram),2100,600,0.285714286
Gujarat,AHMADABAD,2002,Kharif,Moth,700,500,0.714285714
Gujarat,AHMADABAD,2002,Kharif,Other Kharif pulses,4600,3500,0.760869565
Gujarat,AHMADABAD,2002,Kharif,Rice,47500,39300,0.827368421
Gujarat,AHMADABAD,2002,Kharif,Sesamum,10400,4600,0.442307692
Gujarat,AHMADABAD,2002,Kharif,Urad,1400,500,0.357142857
Gujarat,AHMADABAD,2002,Rabi,Gram,12100,4100,0.338842975
Gujarat,AHMADABAD,2002,Rabi,Jowar,200,100,0.5
Gujarat,AHMADABAD,2002,Rabi,Rapeseed &Mustard,2100,2100,1
Gujarat,AHMADABAD,2002,Rabi,Small millets,100,0,0
Gujarat,AHMADABAD,2002,Rabi,Wheat,79500,107400,1.350943396
Gujarat,AHMADABAD,2002,Summer,Bajra,2700,4400,1.62962963
Gujarat,AHMADABAD,2002,Summer,Groundnut,100,200,2
Gujarat,AHMADABAD,2002,Whole Year,Guar seed,2600,800,0.307692308
Gujarat,AHMADABAD,2002,Whole Year,Onion,100,2700,27
Gujarat,AHMADABAD,2002,Whole Year,Potato,900,20500,22.77777778
Gujarat,AHMADABAD,2002,Whole Year,Sugarcane,500,32000,64
Gujarat,AHMADABAD,2002,Whole Year,Tobacco,1000,1800,1.8
Gujarat,AHMADABAD,2003,Kharif,Arhar/Tur,2600,2300,0.884615385
Gujarat,AHMADABAD,2003,Kharif,Bajra,29300,31200,1.064846416
Gujarat,AHMADABAD,2003,Kharif,Castor seed,5700,7700,1.350877193
Gujarat,AHMADABAD,2003,Kharif,Cotton(lint),168000,246300,1.466071429
Gujarat,AHMADABAD,2003,Kharif,Groundnut,100,300,3
Gujarat,AHMADABAD,2003,Kharif,Maize,700,1200,1.714285714
Gujarat,AHMADABAD,2003,Kharif,Moong(Green Gram),2300,1400,0.608695652
Gujarat,AHMADABAD,2003,Kharif,Moth,800,400,0.5
Gujarat,AHMADABAD,2003,Kharif,Other Kharif pulses,2300,1400,0.608695652
Gujarat,AHMADABAD,2003,Kharif,Rice,83200,197600,2.375
Gujarat,AHMADABAD,2003,Kharif,Sesamum,15300,8000,0.522875817
Gujarat,AHMADABAD,2003,Kharif,Urad,700,500,0.714285714
Gujarat,AHMADABAD,2003,Rabi,Gram,17900,7200,0.402234637
Gujarat,AHMADABAD,2003,Rabi,Rapeseed &Mustard,2500,3400,1.36
Gujarat,AHMADABAD,2003,Rabi,Wheat,111400,182600,1.639138241
Gujarat,AHMADABAD,2003,Summer,Bajra,2000,4900,2.45
Gujarat,AHMADABAD,2003,Whole Year,Dry chillies,100,100,1
Gujarat,AHMADABAD,2003,Whole Year,Guar seed,400,300,0.75
Gujarat,AHMADABAD,2003,Whole Year,Sugarcane,300,22000,73.33333333
Gujarat,AHMADABAD,2003,Whole Year,Tobacco,1000,1800,1.8
Gujarat,AHMADABAD,2004,Kharif,Arhar/Tur,1200,1200,1
Gujarat,AHMADABAD,2004,Kharif,Bajra,13200,15700,1.189393939
Gujarat,AHMADABAD,2004,Kharif,Castor seed,9100,14100,1.549450549
Gujarat,AHMADABAD,2004,Kharif,Cotton(lint),189500,332700,1.755672823
Gujarat,AHMADABAD,2004,Kharif,Groundnut,100,100,1
Gujarat,AHMADABAD,2004,Kharif,Jowar,1400,1300,0.928571429
Gujarat,AHMADABAD,2004,Kharif,Moong(Green Gram),1100,500,0.454545455
Gujarat,AHMADABAD,2004,Kharif,Other Kharif pulses,800,500,0.625
Gujarat,AHMADABAD,2004,Kharif,Rice,78900,176000,2.230671736
Gujarat,AHMADABAD,2004,Kharif,Sesamum,14300,2700,0.188811189
Gujarat,AHMADABAD,2004,Kharif,Urad,300,200,0.666666667
Gujarat,AHMADABAD,2004,Rabi,Gram,19200,10800,0.5625
Gujarat,AHMADABAD,2004,Rabi,Rapeseed &Mustard,2800,4200,1.5
Gujarat,AHMADABAD,2004,Rabi,Wheat,124300,218000,1.7538214
Gujarat,AHMADABAD,2004,Summer,Bajra,1500,3800,2.533333333
Gujarat,AHMADABAD,2004,Summer,Rice,100,200,2
Gujarat,AHMADABAD,2004,Whole Year,Guar seed,400,300,0.75
Gujarat,AHMADABAD,2004,Whole Year,Sugarcane,100,5000,50
Gujarat,AHMADABAD,2004,Whole Year,Tobacco,1000,1600,1.6
Gujarat,AHMADABAD,2005,Kharif,Arhar/Tur,2000,1900,0.95
Gujarat,AHMADABAD,2005,Kharif,Bajra,19300,15100,0.78238342
Gujarat,AHMADABAD,2005,Kharif,Castor seed,14500,21500,1.482758621
Gujarat,AHMADABAD,2005,Kharif,Cotton(lint),170300,266100,1.5625367
Gujarat,AHMADABAD,2005,Kharif,Groundnut,100,200,2
Gujarat,AHMADABAD,2005,Kharif,Jowar,800,900,1.125
Gujarat,AHMADABAD,2005,Kharif,Maize,200,300,1.5
Gujarat,AHMADABAD,2005,Kharif,Moong(Green Gram),4500,2700,0.6
Gujarat,AHMADABAD,2005,Kharif,Moth,500,300,0.6
Gujarat,AHMADABAD,2005,Kharif,Other Kharif pulses,6800,4500,0.661764706
Gujarat,AHMADABAD,2005,Kharif,Rice,94800,235500,2.484177215
Gujarat,AHMADABAD,2005,Kharif,Sesamum,10800,2800,0.259259259
Gujarat,AHMADABAD,2005,Kharif,Urad,400,300,0.75
Gujarat,AHMADABAD,2005,Rabi,Gram,9500,6300,0.663157895
Gujarat,AHMADABAD,2005,Rabi,Other Cereals & Millets,3200,3100,0.96875
Gujarat,AHMADABAD,2005,Rabi,Rapeseed &Mustard,2900,3400,1.172413793
Gujarat,AHMADABAD,2005,Rabi,Wheat,108000,191900,1.776851852
Gujarat,AHMADABAD,2005,Summer,Bajra,2900,7700,2.655172414
Gujarat,AHMADABAD,2005,Summer,Rice,1000,2900,2.9
Gujarat,AHMADABAD,2005,Whole Year,Dry chillies,500,400,0.8
Gujarat,AHMADABAD,2005,Whole Year,Guar seed,200,100,0.5
Gujarat,AHMADABAD,2005,Whole Year,Sugarcane,100,9000,90
Gujarat,AHMADABAD,2005,Whole Year,Tobacco,700,1000,1.428571429
Gujarat,AHMADABAD,2006,Kharif,Arhar/Tur,1500,1300,0.866666667
Gujarat,AHMADABAD,2006,Kharif,Bajra,23500,16300,0.693617021
Gujarat,AHMADABAD,2006,Kharif,Castor seed,12800,21300,1.6640625
Gujarat,AHMADABAD,2006,Kharif,Cotton(lint),174800,221100,1.264874142
Gujarat,AHMADABAD,2006,Kharif,Groundnut,200,200,1
Gujarat,AHMADABAD,2006,Kharif,Moong(Green Gram),1800,600,0.333333333
Gujarat,AHMADABAD,2006,Kharif,Moth,500,100,0.2
Gujarat,AHMADABAD,2006,Kharif,Other Kharif pulses,3700,2300,0.621621622
Gujarat,AHMADABAD,2006,Kharif,Rice,97300,178800,1.837615622
Gujarat,AHMADABAD,2006,Kharif,Sesamum,8400,2100,0.25
Gujarat,AHMADABAD,2006,Kharif,Urad,200,100,0.5
Gujarat,AHMADABAD,2006,Rabi,Gram,28800,20200,0.701388889
Gujarat,AHMADABAD,2006,Rabi,Jowar,1300,1100,0.846153846
Gujarat,AHMADABAD,2006,Rabi,Other Cereals & Millets,200,200,1
Gujarat,AHMADABAD,2006,Rabi,Rapeseed &Mustard,1900,1800,0.947368421
Gujarat,AHMADABAD,2006,Rabi,Wheat,132400,228900,1.728851964
Gujarat,AHMADABAD,2006,Summer,Bajra,1100,2800,2.545454545
Gujarat,AHMADABAD,2006,Summer,Groundnut,100,200,2
Gujarat,AHMADABAD,2006,Summer,Rice,2800,8100,2.892857143
Gujarat,AHMADABAD,2006,Whole Year,Banana,100,1300,13
Gujarat,AHMADABAD,2006,Whole Year,Dry chillies,200,200,1
Gujarat,AHMADABAD,2006,Whole Year,Guar seed,1000,400,0.4
Gujarat,AHMADABAD,2007,Kharif,Arhar/Tur,1800,2000,1.111111111
Gujarat,AHMADABAD,2007,Kharif,Bajra,21200,19100,0.900943396
Gujarat,AHMADABAD,2007,Kharif,Castor seed,11300,17500,1.548672566
Gujarat,AHMADABAD,2007,Kharif,Cotton(lint),185200,256900,1.387149028
Gujarat,AHMADABAD,2007,Kharif,Groundnut,100,200,2
Gujarat,AHMADABAD,2007,Kharif,Jowar,5000,6600,1.32
Gujarat,AHMADABAD,2007,Kharif,Moong(Green Gram),1800,1000,0.555555556
Gujarat,AHMADABAD,2007,Kharif,Moth,1400,800,0.571428571
Gujarat,AHMADABAD,2007,Kharif,Other Cereals & Millets,300,200,0.666666667
Gujarat,AHMADABAD,2007,Kharif,Other Kharif pulses,1400,900,0.642857143
Gujarat,AHMADABAD,2007,Kharif,Rice,105200,214100,2.035171103
Gujarat,AHMADABAD,2007,Kharif,Sesamum,7700,2100,0.272727273
Gujarat,AHMADABAD,2007,Kharif,Urad,1200,800,0.666666667
Gujarat,AHMADABAD,2007,Rabi,Gram,26400,14800,0.560606061
Gujarat,AHMADABAD,2007,Rabi,Other Cereals & Millets,1200,1700,1.416666667
Gujarat,AHMADABAD,2007,Rabi,Rapeseed &Mustard,1500,2000,1.333333333
Gujarat,AHMADABAD,2007,Rabi,Wheat,150200,275600,1.834886818
Gujarat,AHMADABAD,2007,Summer,Bajra,1200,3000,2.5
Gujarat,AHMADABAD,2007,Summer,Groundnut,100,200,2
Gujarat,AHMADABAD,2007,Summer,Rice,2800,8600,3.071428571
Gujarat,AHMADABAD,2007,Whole Year,Banana,100,4000,40
Gujarat,AHMADABAD,2007,Whole Year,Dry chillies,500,500,1
Gujarat,AHMADABAD,2007,Whole Year,Guar seed,100,100,1
Gujarat,AHMADABAD,2007,Whole Year,Onion,600,19100,31.83333333
Gujarat,AHMADABAD,2007,Whole Year,Potato,1400,33500,23.92857143
Gujarat,AHMADABAD,2007,Whole Year,Sugarcane,100,5000,50
Gujarat,AHMADABAD,2008,Kharif,Arhar/Tur,1400,1400,1
Gujarat,AHMADABAD,2008,Kharif,Bajra,15000,20700,1.38
Gujarat,AHMADABAD,2008,Kharif,Castor seed,15900,28500,1.79245283
Gujarat,AHMADABAD,2008,Kharif,Cotton(lint),193900,268200,1.38318721
Gujarat,AHMADABAD,2008,Kharif,Groundnut,200,300,1.5
Gujarat,AHMADABAD,2008,Kharif,Jowar,12800,16200,1.265625
Gujarat,AHMADABAD,2008,Kharif,Moong(Green Gram),2300,1000,0.434782609
Gujarat,AHMADABAD,2008,Kharif,Moth,2100,500,0.238095238
Gujarat,AHMADABAD,2008,Kharif,Other Kharif pulses,5900,3900,0.661016949
Gujarat,AHMADABAD,2008,Kharif,Rice,96100,175500,1.826222685
Gujarat,AHMADABAD,2008,Kharif,Sesamum,7100,2400,0.338028169
Gujarat,AHMADABAD,2008,Kharif,Tobacco,600,900,1.5
Gujarat,AHMADABAD,2008,Kharif,Urad,1300,700,0.538461538
Gujarat,AHMADABAD,2008,Rabi,Gram,19600,11600,0.591836735
Gujarat,AHMADABAD,2008,Rabi,Rapeseed &Mustard,1600,1800,1.125
Gujarat,AHMADABAD,2008,Rabi,Wheat,140800,194600,1.382102273
Gujarat,AHMADABAD,2008,Summer,Bajra,1400,3700,2.642857143
Gujarat,AHMADABAD,2008,Summer,Groundnut,200,300,1.5
Gujarat,AHMADABAD,2008,Summer,Rice,2300,6400,2.782608696
Gujarat,AHMADABAD,2008,Whole Year,Banana,100,6100,61
Gujarat,AHMADABAD,2008,Whole Year,Dry chillies,100,100,1
Gujarat,AHMADABAD,2008,Whole Year,Guar seed,1200,400,0.333333333
Gujarat,AHMADABAD,2008,Whole Year,Sugarcane,100,4000,40
Gujarat,AHMADABAD,2009,Kharif,Arhar/Tur,1200,1000,0.833333333
Gujarat,AHMADABAD,2009,Kharif,Bajra,12700,14900,1.173228346
Gujarat,AHMADABAD,2009,Kharif,Castor seed,19400,26800,1.381443299
Gujarat,AHMADABAD,2009,Kharif,Cotton(lint),220000,361200,1.641818182
Gujarat,AHMADABAD,2009,Kharif,Groundnut,100,100,1
Gujarat,AHMADABAD,2009,Kharif,Maize,300,300,1
Gujarat,AHMADABAD,2009,Kharif,Moong(Green Gram),2000,800,0.4
Gujarat,AHMADABAD,2009,Kharif,Moth,2300,700,0.304347826
Gujarat,AHMADABAD,2009,Kharif,Other Kharif pulses,4100,3300,0.804878049
Gujarat,AHMADABAD,2009,Kharif,Rice,83700,209200,2.499402628
Gujarat,AHMADABAD,2009,Kharif,Sesamum,4700,1300,0.276595745
Gujarat,AHMADABAD,2009,Kharif,Urad,1200,700,0.583333333
Gujarat,AHMADABAD,2009,Rabi,Gram,4400,2500,0.568181818
Gujarat,AHMADABAD,2009,Rabi,Rapeseed &Mustard,1100,1400,1.272727273
Gujarat,AHMADABAD,2009,Rabi,Wheat,91500,209500,2.289617486
Gujarat,AHMADABAD,2009,Summer,Bajra,900,2300,2.555555556
Gujarat,AHMADABAD,2009,Summer,Rice,5300,17100,3.226415094
Gujarat,AHMADABAD,2009,Whole Year,Dry chillies,400,400,1
Gujarat,AHMADABAD,2009,Whole Year,Guar seed,200,100,0.5
Gujarat,AHMADABAD,2009,Whole Year,Sugarcane,100,5000,50
Gujarat,AHMADABAD,2010,Kharif,Arhar/Tur,1100,1100,1
Gujarat,AHMADABAD,2010,Kharif,Bajra,12800,18000,1.40625
Gujarat,AHMADABAD,2010,Kharif,Castor seed,28000,54200,1.935714286
Gujarat,AHMADABAD,2010,Kharif,Cotton(lint),209200,592000,2.829827916
Gujarat,AHMADABAD,2010,Kharif,Groundnut,100,100,1
Gujarat,AHMADABAD,2010,Kharif,Jowar,200,200,1
Gujarat,AHMADABAD,2010,Kharif,Maize,100,200,2
Gujarat,AHMADABAD,2010,Kharif,Moong(Green Gram),2000,900,0.45
Gujarat,AHMADABAD,2010,Kharif,Moth,2800,1700,0.607142857
Gujarat,AHMADABAD,2010,Kharif,Other Kharif pulses,6000,3000,0.5
Gujarat,AHMADABAD,2010,Kharif,other oilseeds,50900,19000,0.373280943
Gujarat,AHMADABAD,2010,Kharif,Rice,103500,273600,2.643478261
Gujarat,AHMADABAD,2010,Kharif,Sesamum,4800,1900,0.395833333
Gujarat,AHMADABAD,2010,Kharif,Tobacco,200,400,2
Gujarat,AHMADABAD,2010,Kharif,Urad,1300,800,0.615384615
Gujarat,AHMADABAD,2010,Rabi,Gram,4400,3300,0.75
Gujarat,AHMADABAD,2010,Rabi,Jowar,1000,1100,1.1
Gujarat,AHMADABAD,2010,Rabi,Rapeseed &Mustard,1200,1900,1.583333333
Gujarat,AHMADABAD,2010,Rabi,Wheat,230400,547600,2.376736111
Gujarat,AHMADABAD,2010,Summer,Bajra,1800,5000,2.777777778
Gujarat,AHMADABAD,2010,Summer,Moong(Green Gram),1000,500,0.5
Gujarat,AHMADABAD,2010,Summer,Rice,10000,36700,3.67
Gujarat,AHMADABAD,2010,Whole Year,Garlic,200,1100,5.5
Gujarat,AHMADABAD,2010,Whole Year,Guar seed,300,200,0.666666667
Gujarat,AHMADABAD,2010,Whole Year,Onion,200,4100,20.5
Gujarat,AHMADABAD,2010,Whole Year,Sugarcane,100,7000,70
Gujarat,AHMADABAD,2011,Kharif,Arhar/Tur,1100,1200,1.090909091
Gujarat,AHMADABAD,2011,Kharif,Bajra,12900,18100,1.403100775
Gujarat,AHMADABAD,2011,Kharif,Castor seed,36000,80700,2.241666667
Gujarat,AHMADABAD,2011,Kharif,Cotton(lint),221900,391600,1.7647589
Gujarat,AHMADABAD,2011,Kharif,Groundnut,200,300,1.5
Gujarat,AHMADABAD,2011,Kharif,Moong(Green Gram),1900,900,0.473684211
Gujarat,AHMADABAD,2011,Kharif,Moth,4600,2900,0.630434783
Gujarat,AHMADABAD,2011,Kharif,Other Kharif pulses,8000,3900,0.4875
Gujarat,AHMADABAD,2011,Kharif,Rice,119000,311000,2.613445378
Gujarat,AHMADABAD,2011,Kharif,Sesamum,3200,1400,0.4375
Gujarat,AHMADABAD,2011,Kharif,Tobacco,100,100,1
Gujarat,AHMADABAD,2011,Kharif,Urad,600,500,0.833333333
Gujarat,AHMADABAD,2011,Rabi,Gram,29700,20800,0.7003367
Gujarat,AHMADABAD,2011,Rabi,Jowar,9000,9600,1.066666667
Gujarat,AHMADABAD,2011,Rabi,Onion,100,2200,22
Gujarat,AHMADABAD,2011,Rabi,Rapeseed &Mustard,1800,2800,1.555555556
Gujarat,AHMADABAD,2011,Rabi,Wheat,189800,473900,2.496838778
Gujarat,AHMADABAD,2011,Summer,Bajra,3500,9000,2.571428571
Gujarat,AHMADABAD,2011,Summer,Moong(Green Gram),400,300,0.75
Gujarat,AHMADABAD,2011,Summer,Rice,14100,54600,3.872340426
Gujarat,AHMADABAD,2011,Whole Year,Guar seed,600,400,0.666666667
Gujarat,AHMADABAD,2011,Whole Year,other oilseeds,1900,900,0.473684211
Gujarat,AHMADABAD,2012,Kharif,Arhar/Tur,1000,900,0.9
Gujarat,AHMADABAD,2012,Kharif,Bajra,1700,2200,1.294117647
Gujarat,AHMADABAD,2012,Kharif,Castor seed,52500,78800,1.500952381
Gujarat,AHMADABAD,2012,Kharif,Cotton(lint),176800,302100,1.708710407
Gujarat,AHMADABAD,2012,Kharif,Groundnut,100,100,1
Gujarat,AHMADABAD,2012,Kharif,Moong(Green Gram),800,400,0.5
Gujarat,AHMADABAD,2012,Kharif,Moth,1500,800,0.533333333
Gujarat,AHMADABAD,2012,Kharif,Other Kharif pulses,4200,1500,0.357142857
Gujarat,AHMADABAD,2012,Kharif,Rice,107800,212600,1.972170686
Gujarat,AHMADABAD,2012,Kharif,Sesamum,1600,800,0.5
Gujarat,AHMADABAD,2012,Kharif,Tobacco,100,200,2
Gujarat,AHMADABAD,2012,Kharif,Urad,100,100,1
Gujarat,AHMADABAD,2012,Rabi,Gram,15700,11300,0.719745223
Gujarat,AHMADABAD,2012,Rabi,Rapeseed &Mustard,500,900,1.8
Gujarat,AHMADABAD,2012,Rabi,Tobacco,100,100,1
Gujarat,AHMADABAD,2012,Rabi,Wheat,178800,451100,2.522930649
Gujarat,AHMADABAD,2012,Summer,Bajra,900,2300,2.555555556
Gujarat,AHMADABAD,2012,Summer,Moong(Green Gram),500,300,0.6
Gujarat,AHMADABAD,2012,Summer,Rice,4700,13100,2.787234043
Gujarat,AHMADABAD,2012,Whole Year,Guar seed,10600,6400,0.603773585
Gujarat,AMRELI,1997,Kharif,Arhar/Tur,1100,800,0.727272727
Gujarat,AMRELI,1997,Kharif,Bajra,46100,97200,2.10845987
Gujarat,AMRELI,1997,Kharif,Dry chillies,400,200,0.5
Gujarat,AMRELI,1997,Kharif,Groundnut,285400,239500,0.83917309
Gujarat,AMRELI,1997,Kharif,Jowar,17600,6000,0.340909091
Gujarat,AMRELI,1997,Kharif,Moong(Green Gram),2700,1400,0.518518519
Gujarat,AMRELI,1997,Kharif,Moth,500,200,0.4
Gujarat,AMRELI,1997,Kharif,Urad,2400,1200,0.5
Gujarat,AMRELI,1997,Rabi,Gram,2500,1600,0.64
Gujarat,AMRELI,1997,Rabi,Jowar,1700,1500,0.882352941
Gujarat,AMRELI,1997,Rabi,Rapeseed &Mustard,1500,1500,1
Gujarat,AMRELI,1997,Rabi,Wheat,17300,49300,2.849710983
Gujarat,AMRELI,1997,Summer,Bajra,300,600,2
Gujarat,AMRELI,1997,Summer,Groundnut,4200,5000,1.19047619
Gujarat,AMRELI,1997,Whole Year,Castor seed,1500,3400,2.266666667
Gujarat,AMRELI,1997,Whole Year,Cotton(lint),79700,228200,2.863237139
Gujarat,AMRELI,1997,Whole Year,Garlic,1300,8800,6.769230769
Gujarat,AMRELI,1997,Whole Year,Maize,4700,7700,1.638297872
Gujarat,AMRELI,1997,Whole Year,Onion,1700,59900,35.23529412
Gujarat,AMRELI,1997,Whole Year,Pulses total,6700,36,0.005373134
Gujarat,AMRELI,1997,Whole Year,Sesamum,32100,15800,0.492211838
Gujarat,AMRELI,1997,Whole Year,Sugarcane,5800,427000,73.62068966
Gujarat,AMRELI,1998,Kharif,Arhar/Tur,1300,1200,0.923076923
Gujarat,AMRELI,1998,Kharif,Bajra,48600,94700,1.948559671
Gujarat,AMRELI,1998,Kharif,Castor seed,1400,3800,2.714285714
Gujarat,AMRELI,1998,Kharif,Cotton(lint),90100,371900,4.12763596
Gujarat,AMRELI,1998,Kharif,Groundnut,275500,312800,1.1353902
Gujarat,AMRELI,1998,Kharif,Jowar,20300,3400,0.167487685
Gujarat,AMRELI,1998,Kharif,Maize,4000,6900,1.725
Gujarat,AMRELI,1998,Kharif,Moong(Green Gram),3000,1700,0.566666667
Gujarat,AMRELI,1998,Kharif,Moth,500,100,0.2
Gujarat,AMRELI,1998,Kharif,Rice,100,100,1
Gujarat,AMRELI,1998,Kharif,Sesamum,32000,16200,0.50625
Gujarat,AMRELI,1998,Kharif,Urad,2100,1400,0.666666667
Gujarat,AMRELI,1998,Rabi,Gram,3000,1700,0.566666667
Gujarat,AMRELI,1998,Rabi,Jowar,400,300,0.75
Gujarat,AMRELI,1998,Rabi,Rapeseed &Mustard,1400,1900,1.357142857
Gujarat,AMRELI,1998,Rabi,Wheat,25600,74800,2.921875
Gujarat,AMRELI,1998,Summer,Bajra,300,800,2.666666667
Gujarat,AMRELI,1998,Summer,Groundnut,4200,6200,1.476190476
Gujarat,AMRELI,1998,Whole Year,Dry chillies,300,300,1
Gujarat,AMRELI,1998,Whole Year,Garlic,1600,11400,7.125
Gujarat,AMRELI,1998,Whole Year,Oilseeds total,314500,340900,1.083942766
Gujarat,AMRELI,1998,Whole Year,Onion,2600,76000,29.23076923
Gujarat,AMRELI,1998,Whole Year,Pulses total,9900,6100,0.616161616
Gujarat,AMRELI,1998,Whole Year,Sugarcane,5200,492000,94.61538462
Gujarat,AMRELI,1999,Kharif,Arhar/Tur,1000,800,0.8
Gujarat,AMRELI,1999,Kharif,Bajra,44800,47400,1.058035714
Gujarat,AMRELI,1999,Kharif,Castor seed,2100,3900,1.857142857
Gujarat,AMRELI,1999,Kharif,Cotton(lint),93500,124500,1.331550802
Gujarat,AMRELI,1999,Kharif,Groundnut,271600,84100,0.309646539
Gujarat,AMRELI,1999,Kharif,Jowar,7400,400,0.054054054
Gujarat,AMRELI,1999,Kharif,Maize,2900,3800,1.310344828
Gujarat,AMRELI,1999,Kharif,Moong(Green Gram),3000,700,0.233333333
Gujarat,AMRELI,1999,Kharif,Moth,500,0,0
Gujarat,AMRELI,1999,Kharif,Rice,100,100,1
Gujarat,AMRELI,1999,Kharif,Sesamum,33900,7200,0.212389381
Gujarat,AMRELI,1999,Kharif,Urad,2000,600,0.3
Gujarat,AMRELI,1999,Rabi,Gram,1900,900,0.473684211
Gujarat,AMRELI,1999,Rabi,Jowar,900,200,0.222222222
Gujarat,AMRELI,1999,Rabi,Rapeseed &Mustard,900,800,0.888888889
Gujarat,AMRELI,1999,Rabi,Wheat,7800,16700,2.141025641
Gujarat,AMRELI,1999,Summer,Bajra,200,300,1.5
Gujarat,AMRELI,1999,Summer,Groundnut,10000,500,0.05
Gujarat,AMRELI,1999,Whole Year,Dry chillies,200,100,0.5
Gujarat,AMRELI,1999,Whole Year,Garlic,800,3500,4.375
Gujarat,AMRELI,1999,Whole Year,Onion,600,13100,21.83333333
Gujarat,AMRELI,1999,Whole Year,Sugarcane,6000,416000,69.33333333
Gujarat,AMRELI,2000,Kharif,Arhar/Tur,1000,400,0.4
Gujarat,AMRELI,2000,Kharif,Bajra,41400,30000,0.724637681
Gujarat,AMRELI,2000,Kharif,Castor seed,5000,7000,1.4
Gujarat,AMRELI,2000,Kharif,Cotton(lint),73100,58700,0.803009576
Gujarat,AMRELI,2000,Kharif,Groundnut,247600,42100,0.17003231
Gujarat,AMRELI,2000,Kharif,Jowar,18300,500,0.027322404
Gujarat,AMRELI,2000,Kharif,Maize,5000,3800,0.76
Gujarat,AMRELI,2000,Kharif,Moong(Green Gram),2900,800,0.275862069
Gujarat,AMRELI,2000,Kharif,Moth,500,,
Gujarat,AMRELI,2000,Kharif,Other Kharif pulses,600,100,0.166666667
Gujarat,AMRELI,2000,Kharif,Sesamum,45900,7800,0.169934641
Gujarat,AMRELI,2000,Kharif,Urad,3000,1000,0.333333333
Gujarat,AMRELI,2000,Rabi,Jowar,100,,
Gujarat,AMRELI,2000,Rabi,Rapeseed &Mustard,100,100,1
Gujarat,AMRELI,2000,Rabi,Wheat,2600,5900,2.269230769
Gujarat,AMRELI,2000,Summer,Bajra,100,300,3
Gujarat,AMRELI,2000,Summer,Groundnut,200,200,1
Gujarat,AMRELI,2000,Whole Year,Dry chillies,200,100,0.5
Gujarat,AMRELI,2000,Whole Year,Garlic,100,200,2
Gujarat,AMRELI,2000,Whole Year,Guar seed,1000,200,0.2
Gujarat,AMRELI,2000,Whole Year,Onion,100,2100,21
Gujarat,AMRELI,2000,Whole Year,Sugarcane,400,11000,27.5
Gujarat,AMRELI,2001,Kharif,Arhar/Tur,1000,600,0.6
Gujarat,AMRELI,2001,Kharif,Bajra,40900,77700,1.899755501
Gujarat,AMRELI,2001,Kharif,Castor seed,3800,6800,1.789473684
Gujarat,AMRELI,2001,Kharif,Cotton(lint),84300,83000,0.984578885
Gujarat,AMRELI,2001,Kharif,Groundnut,281100,408200,1.452152259
Gujarat,AMRELI,2001,Kharif,Jowar,8100,4200,0.518518519
Gujarat,AMRELI,2001,Kharif,Maize,3500,6900,1.971428571
Gujarat,AMRELI,2001,Kharif,Moong(Green Gram),3400,2200,0.647058824
Gujarat,AMRELI,2001,Kharif,Moth,600,200,0.333333333
Gujarat,AMRELI,2001,Kharif,Other Kharif pulses,400,100,0.25
Gujarat,AMRELI,2001,Kharif,Rice,100,100,1
Gujarat,AMRELI,2001,Kharif,Sesamum,36000,26900,0.747222222
Gujarat,AMRELI,2001,Kharif,Small millets,2000,300,0.15
Gujarat,AMRELI,2001,Kharif,Urad,3500,2900,0.828571429
Gujarat,AMRELI,2001,Rabi,Gram,1100,300,0.272727273
Gujarat,AMRELI,2001,Rabi,Jowar,100,100,1
Gujarat,AMRELI,2001,Rabi,Rapeseed &Mustard,400,500,1.25
Gujarat,AMRELI,2001,Rabi,Wheat,11200,30100,2.6875
Gujarat,AMRELI,2001,Summer,Bajra,200,300,1.5
Gujarat,AMRELI,2001,Summer,Groundnut,500,800,1.6
Gujarat,AMRELI,2001,Whole Year,Dry chillies,100,100,1
Gujarat,AMRELI,2001,Whole Year,Garlic,400,2400,6
Gujarat,AMRELI,2001,Whole Year,Onion,800,22100,27.625
Gujarat,AMRELI,2002,Kharif,Arhar/Tur,400,300,0.75
Gujarat,AMRELI,2002,Kharif,Bajra,41200,76300,1.851941748
Gujarat,AMRELI,2002,Kharif,Castor seed,1300,1600,1.230769231
Gujarat,AMRELI,2002,Kharif,Cotton(lint),88800,140400,1.581081081
Gujarat,AMRELI,2002,Kharif,Groundnut,313000,224500,0.717252396
Gujarat,AMRELI,2002,Kharif,Jowar,11600,3100,0.267241379
Gujarat,AMRELI,2002,Kharif,Maize,1800,3000,1.666666667
Gujarat,AMRELI,2002,Kharif,Moong(Green Gram),3000,900,0.3
Gujarat,AMRELI,2002,Kharif,Moth,300,200,0.666666667
Gujarat,AMRELI,2002,Kharif,Other Kharif pulses,100,100,1
Gujarat,AMRELI,2002,Kharif,Sesamum,35200,19900,0.565340909
Gujarat,AMRELI,2002,Kharif,Urad,2700,900,0.333333333
Gujarat,AMRELI,2002,Rabi,Gram,900,400,0.444444444
Gujarat,AMRELI,2002,Rabi,Other  Rabi pulses,100,100,1
Gujarat,AMRELI,2002,Rabi,Rapeseed &Mustard,400,500,1.25
Gujarat,AMRELI,2002,Rabi,Wheat,7800,19200,2.461538462
Gujarat,AMRELI,2002,Summer,Bajra,200,400,2
Gujarat,AMRELI,2002,Summer,Groundnut,200,300,1.5
Gujarat,AMRELI,2002,Whole Year,Dry chillies,300,300,1
Gujarat,AMRELI,2002,Whole Year,Garlic,500,2700,5.4
Gujarat,AMRELI,2002,Whole Year,Onion,800,22800,28.5
Gujarat,AMRELI,2002,Whole Year,Sugarcane,3900,275000,70.51282051
Gujarat,AMRELI,2003,Kharif,Arhar/Tur,1100,900,0.818181818
Gujarat,AMRELI,2003,Kharif,Bajra,31500,62600,1.987301587
Gujarat,AMRELI,2003,Kharif,Castor seed,2000,3800,1.9
Gujarat,AMRELI,2003,Kharif,Cotton(lint),104000,339200,3.261538462
Gujarat,AMRELI,2003,Kharif,Groundnut,300700,699000,2.324575989
Gujarat,AMRELI,2003,Kharif,Jowar,17500,2100,0.12
Gujarat,AMRELI,2003,Kharif,Maize,2200,3700,1.681818182
Gujarat,AMRELI,2003,Kharif,Moong(Green Gram),4500,2600,0.577777778
Gujarat,AMRELI,2003,Kharif,Moth,800,400,0.5
Gujarat,AMRELI,2003,Kharif,Other Kharif pulses,200,100,0.5
Gujarat,AMRELI,2003,Kharif,Sesamum,43500,25100,0.577011494
Gujarat,AMRELI,2003,Kharif,Urad,4200,2800,0.666666667
Gujarat,AMRELI,2003,Rabi,Gram,1900,1900,1
Gujarat,AMRELI,2003,Rabi,Other  Rabi pulses,100,100,1
Gujarat,AMRELI,2003,Rabi,Rapeseed &Mustard,500,800,1.6
Gujarat,AMRELI,2003,Rabi,Small millets,300,100,0.333333333
Gujarat,AMRELI,2003,Rabi,Wheat,11600,37900,3.267241379
Gujarat,AMRELI,2003,Summer,Bajra,200,500,2.5
Gujarat,AMRELI,2003,Summer,Groundnut,1100,1700,1.545454545
Gujarat,AMRELI,2003,Whole Year,Dry chillies,300,200,0.666666667
Gujarat,AMRELI,2003,Whole Year,Garlic,1000,7200,7.2
Gujarat,AMRELI,2003,Whole Year,Onion,1900,62800,33.05263158
Gujarat,AMRELI,2003,Whole Year,Sugarcane,200,14000,70
Gujarat,AMRELI,2004,Kharif,Arhar/Tur,1500,1400,0.933333333
Gujarat,AMRELI,2004,Kharif,Bajra,34200,42200,1.233918129
Gujarat,AMRELI,2004,Kharif,Castor seed,1900,3300,1.736842105
Gujarat,AMRELI,2004,Kharif,Cotton(lint),116400,290800,2.498281787
Gujarat,AMRELI,2004,Kharif,Groundnut,300700,94300,0.313601596
Gujarat,AMRELI,2004,Kharif,Jowar,100,100,1
Gujarat,AMRELI,2004,Kharif,Maize,800,800,1
Gujarat,AMRELI,2004,Kharif,Moong(Green Gram),4400,1800,0.409090909
Gujarat,AMRELI,2004,Kharif,Moth,1000,400,0.4
Gujarat,AMRELI,2004,Kharif,Other Kharif pulses,100,100,1
Gujarat,AMRELI,2004,Kharif,Sesamum,41000,7500,0.182926829
Gujarat,AMRELI,2004,Kharif,Urad,4000,2500,0.625
Gujarat,AMRELI,2004,Rabi,Gram,2700,2700,1
Gujarat,AMRELI,2004,Rabi,Rapeseed &Mustard,400,500,1.25
Gujarat,AMRELI,2004,Rabi,Wheat,19100,60900,3.188481675
Gujarat,AMRELI,2004,Summer,Bajra,200,500,2.5
Gujarat,AMRELI,2004,Summer,Groundnut,600,1000,1.666666667
Gujarat,AMRELI,2004,Whole Year,Dry chillies,300,300,1
Gujarat,AMRELI,2004,Whole Year,Garlic,1700,8800,5.176470588
Gujarat,AMRELI,2004,Whole Year,Guar seed,100,100,1
Gujarat,AMRELI,2004,Whole Year,Onion,2800,82500,29.46428571
Gujarat,AMRELI,2004,Whole Year,Sugarcane,100,8000,80
Gujarat,AMRELI,2005,Kharif,Arhar/Tur,900,900,1
Gujarat,AMRELI,2005,Kharif,Bajra,31600,55100,1.743670886
Gujarat,AMRELI,2005,Kharif,Castor seed,1500,3000,2
Gujarat,AMRELI,2005,Kharif,Cotton(lint),148100,567100,3.82916948
Gujarat,AMRELI,2005,Kharif,Groundnut,289000,303400,1.04982699
Gujarat,AMRELI,2005,Kharif,Jowar,1200,1400,1.166666667
Gujarat,AMRELI,2005,Kharif,Maize,1100,1700,1.545454545
Gujarat,AMRELI,2005,Kharif,Moong(Green Gram),3500,2100,0.6
Gujarat,AMRELI,2005,Kharif,Moth,1300,700,0.538461538
Gujarat,AMRELI,2005,Kharif,Other Kharif pulses,100,,
Gujarat,AMRELI,2005,Kharif,Sesamum,26700,12500,0.468164794
Gujarat,AMRELI,2005,Kharif,Urad,3300,2700,0.818181818
Gujarat,AMRELI,2005,Rabi,Gram,2400,2600,1.083333333
Gujarat,AMRELI,2005,Rabi,Jowar,100,100,1
Gujarat,AMRELI,2005,Rabi,Rapeseed &Mustard,300,400,1.333333333
Gujarat,AMRELI,2005,Rabi,Wheat,27000,88300,3.27037037
Gujarat,AMRELI,2005,Summer,Bajra,600,1300,2.166666667
Gujarat,AMRELI,2005,Summer,Groundnut,1200,2000,1.666666667
Gujarat,AMRELI,2005,Whole Year,Banana,100,7700,77
Gujarat,AMRELI,2005,Whole Year,Dry chillies,100,100,1
Gujarat,AMRELI,2005,Whole Year,Garlic,1900,12700,6.684210526
Gujarat,AMRELI,2005,Whole Year,Guar seed,200,100,0.5
Gujarat,AMRELI,2005,Whole Year,Onion,2000,58900,29.45
Gujarat,AMRELI,2005,Whole Year,Sugarcane,100,9000,90
Gujarat,AMRELI,2006,Kharif,Arhar/Tur,900,800,0.888888889
Gujarat,AMRELI,2006,Kharif,Bajra,22300,35300,1.582959641
Gujarat,AMRELI,2006,Kharif,Castor seed,1800,3200,1.777777778
Gujarat,AMRELI,2006,Kharif,Cotton(lint),194300,890100,4.581060216
Gujarat,AMRELI,2006,Kharif,Groundnut,276700,113400,0.409830141
Gujarat,AMRELI,2006,Kharif,Maize,1900,600,0.315789474
Gujarat,AMRELI,2006,Kharif,Moong(Green Gram),3800,1300,0.342105263
Gujarat,AMRELI,2006,Kharif,Moth,600,200,0.333333333
Gujarat,AMRELI,2006,Kharif,Sesamum,30300,9900,0.326732673
Gujarat,AMRELI,2006,Kharif,Urad,3100,1400,0.451612903
Gujarat,AMRELI,2006,Rabi,Gram,4200,5200,1.238095238
Gujarat,AMRELI,2006,Rabi,Rapeseed &Mustard,300,400,1.333333333
Gujarat,AMRELI,2006,Rabi,Wheat,27800,92700,3.334532374
Gujarat,AMRELI,2006,Summer,Bajra,2000,4700,2.35
Gujarat,AMRELI,2006,Summer,Groundnut,2100,3600,1.714285714
Gujarat,AMRELI,2006,Whole Year,Dry chillies,200,200,1
Gujarat,AMRELI,2006,Whole Year,Garlic,1300,8200,6.307692308
Gujarat,AMRELI,2006,Whole Year,Onion,1000,22400,22.4
Gujarat,AMRELI,2006,Whole Year,Sugarcane,200,14000,70
Gujarat,AMRELI,2007,Kharif,Arhar/Tur,700,800,1.142857143
Gujarat,AMRELI,2007,Kharif,Bajra,15600,25500,1.634615385
Gujarat,AMRELI,2007,Kharif,Castor seed,700,1300,1.857142857
Gujarat,AMRELI,2007,Kharif,Cotton(lint),235600,891700,3.784804754
Gujarat,AMRELI,2007,Kharif,Groundnut,241100,427700,1.773952717
Gujarat,AMRELI,2007,Kharif,Maize,900,1200,1.333333333
Gujarat,AMRELI,2007,Kharif,Moong(Green Gram),3800,2100,0.552631579
Gujarat,AMRELI,2007,Kharif,Moth,300,200,0.666666667
Gujarat,AMRELI,2007,Kharif,Other Kharif pulses,300,200,0.666666667
Gujarat,AMRELI,2007,Kharif,Sesamum,19300,9400,0.487046632
Gujarat,AMRELI,2007,Kharif,Urad,2800,1800,0.642857143
Gujarat,AMRELI,2007,Rabi,Gram,9400,12200,1.29787234
Gujarat,AMRELI,2007,Rabi,Rapeseed &Mustard,200,400,2
Gujarat,AMRELI,2007,Rabi,Wheat,46700,181700,3.890792291
Gujarat,AMRELI,2007,Summer,Bajra,1100,2500,2.272727273
Gujarat,AMRELI,2007,Summer,Groundnut,2100,3600,1.714285714
Gujarat,AMRELI,2007,Whole Year,Dry chillies,100,100,1
Gujarat,AMRELI,2007,Whole Year,Garlic,4300,25700,5.976744186
Gujarat,AMRELI,2007,Whole Year,Onion,7100,211700,29.81690141
Gujarat,AMRELI,2007,Whole Year,Sugarcane,300,24000,80
Gujarat,AMRELI,2008,Kharif,Arhar/Tur,600,600,1
Gujarat,AMRELI,2008,Kharif,Bajra,13400,23200,1.731343284
Gujarat,AMRELI,2008,Kharif,Castor seed,1200,2300,1.916666667
Gujarat,AMRELI,2008,Kharif,Cotton(lint),227100,760800,3.35006605
Gujarat,AMRELI,2008,Kharif,Groundnut,248100,115400,0.465135026
Gujarat,AMRELI,2008,Kharif,Maize,600,900,1.5
Gujarat,AMRELI,2008,Kharif,Moong(Green Gram),3800,1600,0.421052632
Gujarat,AMRELI,2008,Kharif,Moth,100,100,1
Gujarat,AMRELI,2008,Kharif,Other Kharif pulses,1100,600,0.545454545
Gujarat,AMRELI,2008,Kharif,Sesamum,18600,7900,0.424731183
Gujarat,AMRELI,2008,Kharif,Urad,3400,2000,0.588235294
Gujarat,AMRELI,2008,Rabi,Gram,8200,12300,1.5
Gujarat,AMRELI,2008,Rabi,Onion,4200,115100,27.4047619
Gujarat,AMRELI,2008,Rabi,Rapeseed &Mustard,100,100,1
Gujarat,AMRELI,2008,Rabi,Wheat,39300,112000,2.849872774
Gujarat,AMRELI,2008,Summer,Bajra,1400,3400,2.428571429
Gujarat,AMRELI,2008,Summer,Groundnut,4200,7800,1.857142857
Gujarat,AMRELI,2008,Whole Year,Dry chillies,100,100,1
Gujarat,AMRELI,2008,Whole Year,Garlic,2600,13200,5.076923077
Gujarat,AMRELI,2008,Whole Year,Sugarcane,100,8000,80
Gujarat,AMRELI,2009,Kharif,Arhar/Tur,600,500,0.833333333
Gujarat,AMRELI,2009,Kharif,Bajra,9100,6800,0.747252747
Gujarat,AMRELI,2009,Kharif,Castor seed,800,1600,2
Gujarat,AMRELI,2009,Kharif,Cotton(lint),245500,685600,2.792668024
Gujarat,AMRELI,2009,Kharif,Groundnut,234500,38800,0.165458422
Gujarat,AMRELI,2009,Kharif,Jowar,3000,3000,1
Gujarat,AMRELI,2009,Kharif,Maize,1200,1200,1
Gujarat,AMRELI,2009,Kharif,Moong(Green Gram),3600,1400,0.388888889
Gujarat,AMRELI,2009,Kharif,Other Kharif pulses,1000,600,0.6
Gujarat,AMRELI,2009,Kharif,Sesamum,16300,4000,0.245398773
Gujarat,AMRELI,2009,Kharif,Urad,2500,1500,0.6
Gujarat,AMRELI,2009,Rabi,Gram,1800,2100,1.166666667
Gujarat,AMRELI,2009,Rabi,Jowar,300,300,1
Gujarat,AMRELI,2009,Rabi,Onion,1900,52100,27.42105263
Gujarat,AMRELI,2009,Rabi,Other Cereals & Millets,100,100,1
Gujarat,AMRELI,2009,Rabi,Rapeseed &Mustard,100,100,1
Gujarat,AMRELI,2009,Rabi,Wheat,9100,27300,3
Gujarat,AMRELI,2009,Summer,Bajra,400,800,2
Gujarat,AMRELI,2009,Summer,Groundnut,1500,2900,1.933333333
Gujarat,AMRELI,2009,Whole Year,Dry chillies,100,100,1
Gujarat,AMRELI,2009,Whole Year,Garlic,1100,6000,5.454545455
Gujarat,AMRELI,2009,Whole Year,Sugarcane,100,6000,60
Gujarat,AMRELI,2010,Kharif,Arhar/Tur,700,700,1
Gujarat,AMRELI,2010,Kharif,Bajra,9300,16200,1.741935484
Gujarat,AMRELI,2010,Kharif,Castor seed,1100,2200,2
Gujarat,AMRELI,2010,Kharif,Cotton(lint),269400,1142600,4.241276912
Gujarat,AMRELI,2010,Kharif,Groundnut,217000,375400,1.729953917
Gujarat,AMRELI,2010,Kharif,Jowar,1200,1300,1.083333333
Gujarat,AMRELI,2010,Kharif,Maize,1600,2600,1.625
Gujarat,AMRELI,2010,Kharif,Moong(Green Gram),3100,1400,0.451612903
Gujarat,AMRELI,2010,Kharif,Other Kharif pulses,1400,700,0.5
Gujarat,AMRELI,2010,Kharif,other oilseeds,1100,400,0.363636364
Gujarat,AMRELI,2010,Kharif,Sesamum,15600,6800,0.435897436
Gujarat,AMRELI,2010,Kharif,Tobacco,1200,2000,1.666666667
Gujarat,AMRELI,2010,Kharif,Urad,2300,1400,0.608695652
Gujarat,AMRELI,2010,Rabi,Gram,2400,3500,1.458333333
Gujarat,AMRELI,2010,Rabi,Maize,800,1500,1.875
Gujarat,AMRELI,2010,Rabi,Other Cereals & Millets,400,500,1.25
Gujarat,AMRELI,2010,Rabi,Rapeseed &Mustard,200,300,1.5
Gujarat,AMRELI,2010,Rabi,Wheat,55000,208200,3.785454545
Gujarat,AMRELI,2010,Summer,Bajra,1300,3100,2.384615385
Gujarat,AMRELI,2010,Summer,Groundnut,4000,7100,1.775
Gujarat,AMRELI,2010,Summer,Moong(Green Gram),2300,1200,0.52173913
Gujarat,AMRELI,2010,Summer,Sesamum,4400,2200,0.5
Gujarat,AMRELI,2010,Whole Year,Dry chillies,100,100,1
Gujarat,AMRELI,2010,Whole Year,Garlic,2200,12600,5.727272727
Gujarat,AMRELI,2010,Whole Year,Onion,5900,161600,27.38983051
Gujarat,AMRELI,2010,Whole Year,Sugarcane,100,7000,70
Gujarat,AMRELI,2011,Kharif,Arhar/Tur,900,900,1
Gujarat,AMRELI,2011,Kharif,Bajra,5600,6600,1.178571429
Gujarat,AMRELI,2011,Kharif,Castor seed,2000,4100,2.05
Gujarat,AMRELI,2011,Kharif,Cotton(lint),388900,1009900,2.59681152
Gujarat,AMRELI,2011,Kharif,Groundnut,105900,25000,0.236071766
Gujarat,AMRELI,2011,Kharif,Moong(Green Gram),2200,1000,0.454545455
Gujarat,AMRELI,2011,Kharif,Sesamum,8200,2500,0.304878049
Gujarat,AMRELI,2011,Kharif,Urad,1600,1300,0.8125
Gujarat,AMRELI,2011,Rabi,Gram,2600,3800,1.461538462
Gujarat,AMRELI,2011,Rabi,Onion,4200,123400,29.38095238
Gujarat,AMRELI,2011,Rabi,Other Cereals & Millets,500,600,1.2
Gujarat,AMRELI,2011,Rabi,Wheat,32300,116100,3.594427245
Gujarat,AMRELI,2011,Summer,Bajra,2300,5900,2.565217391
Gujarat,AMRELI,2011,Summer,Groundnut,10000,19200,1.92
Gujarat,AMRELI,2011,Summer,Moong(Green Gram),2200,1200,0.545454545
Gujarat,AMRELI,2011,Summer,Sesamum,5700,2500,0.438596491
Gujarat,AMRELI,2011,Whole Year,Dry chillies,100,100,1
Gujarat,AMRELI,2011,Whole Year,Garlic,2100,12800,6.095238095
Gujarat,AMRELI,2012,Kharif,Arhar/Tur,800,800,1
Gujarat,AMRELI,2012,Kharif,Bajra,4300,1400,0.325581395
Gujarat,AMRELI,2012,Kharif,Castor seed,3100,6100,1.967741935
Gujarat,AMRELI,2012,Kharif,Cotton(lint),289300,242700,0.838921535
Gujarat,AMRELI,2012,Kharif,Groundnut,84400,7200,0.085308057
Gujarat,AMRELI,2012,Kharif,Maize,300,600,2
Gujarat,AMRELI,2012,Kharif,Moong(Green Gram),2200,1000,0.454545455
Gujarat,AMRELI,2012,Kharif,Other Kharif pulses,300,100,0.333333333
Gujarat,AMRELI,2012,Kharif,Sesamum,7400,900,0.121621622
Gujarat,AMRELI,2012,Kharif,Urad,1700,600,0.352941176
Gujarat,AMRELI,2012,Rabi,Gram,2300,2000,0.869565217
Gujarat,AMRELI,2012,Rabi,Onion,900,21000,23.33333333
Gujarat,AMRELI,2012,Rabi,Other Cereals & Millets,100,300,3
Gujarat,AMRELI,2012,Rabi,Wheat,5400,15400,2.851851852
Gujarat,AMRELI,2012,Summer,Bajra,200,500,2.5
Gujarat,AMRELI,2012,Summer,Groundnut,800,1800,2.25
Gujarat,AMRELI,2012,Summer,Moong(Green Gram),100,100,1
Gujarat,AMRELI,2012,Summer,Sesamum,300,15000,50
Gujarat,AMRELI,2012,Whole Year,Garlic,700,3400,4.857142857
Gujarat,ANAND,2003,Kharif,Arhar/Tur,1100,900,0.818181818
Gujarat,ANAND,2003,Kharif,Bajra,29700,32200,1.084175084
Gujarat,ANAND,2003,Kharif,Castor seed,1600,3000,1.875
Gujarat,ANAND,2003,Kharif,Cotton(lint),1200,3900,3.25
Gujarat,ANAND,2003,Kharif,Moong(Green Gram),300,200,0.666666667
Gujarat,ANAND,2003,Kharif,Moth,100,,
Gujarat,ANAND,2003,Kharif,Rice,71900,142700,1.984700974
Gujarat,ANAND,2003,Kharif,Sesamum,1300,800,0.615384615
Gujarat,ANAND,2003,Rabi,Gram,4100,1900,0.463414634
Gujarat,ANAND,2003,Rabi,Rapeseed &Mustard,2600,3800,1.461538462
Gujarat,ANAND,2003,Rabi,Wheat,42200,89800,2.127962085
Gujarat,ANAND,2003,Summer,Bajra,28500,67100,2.354385965
Gujarat,ANAND,2003,Summer,Groundnut,400,600,1.5
Gujarat,ANAND,2003,Summer,Rice,1200,4200,3.5
Gujarat,ANAND,2003,Whole Year,Banana,10300,746900,72.51456311
Gujarat,ANAND,2003,Whole Year,Dry chillies,900,900,1
Gujarat,ANAND,2003,Whole Year,Garlic,200,1900,9.5
Gujarat,ANAND,2003,Whole Year,Onion,100,3400,34
Gujarat,ANAND,2003,Whole Year,Potato,3500,79700,22.77142857
Gujarat,ANAND,2004,Kharif,Arhar/Tur,1400,1300,0.928571429
Gujarat,ANAND,2004,Kharif,Bajra,28900,32200,1.114186851
Gujarat,ANAND,2004,Kharif,Castor seed,2700,4600,1.703703704
Gujarat,ANAND,2004,Kharif,Cotton(lint),3800,15400,4.052631579
Gujarat,ANAND,2004,Kharif,Moong(Green Gram),300,100,0.333333333
Gujarat,ANAND,2004,Kharif,Rice,80400,175100,2.177860697
Gujarat,ANAND,2004,Kharif,Sesamum,1400,400,0.285714286
Gujarat,ANAND,2004,Kharif,Urad,100,,
Gujarat,ANAND,2004,Rabi,Gram,2500,1700,0.68
Gujarat,ANAND,2004,Rabi,Other Cereals & Millets,100,,
Gujarat,ANAND,2004,Rabi,Rapeseed &Mustard,3400,4700,1.382352941
Gujarat,ANAND,2004,Rabi,Wheat,48600,91600,1.884773663
Gujarat,ANAND,2004,Summer,Bajra,25100,55600,2.215139442
Gujarat,ANAND,2004,Summer,Groundnut,300,400,1.333333333
Gujarat,ANAND,2004,Summer,Rice,500,1400,2.8
Gujarat,ANAND,2004,Whole Year,Banana,11200,590500,52.72321429
Gujarat,ANAND,2004,Whole Year,Dry chillies,1400,1700,1.214285714
Gujarat,ANAND,2004,Whole Year,Garlic,500,2400,4.8
Gujarat,ANAND,2004,Whole Year,Onion,200,4700,23.5
Gujarat,ANAND,2004,Whole Year,Potato,3300,68000,20.60606061
Gujarat,ANAND,2004,Whole Year,Tobacco,21800,44900,2.059633028
Gujarat,ANAND,2005,Kharif,Arhar/Tur,1100,1100,1
Gujarat,ANAND,2005,Kharif,Bajra,28500,28300,0.992982456
Gujarat,ANAND,2005,Kharif,Castor seed,2700,5300,1.962962963
Gujarat,ANAND,2005,Kharif,Cotton(lint),3400,12800,3.764705882
Gujarat,ANAND,2005,Kharif,Moong(Green Gram),200,100,0.5
Gujarat,ANAND,2005,Kharif,Rice,82300,178500,2.168894289
Gujarat,ANAND,2005,Kharif,Sesamum,1200,400,0.333333333
Gujarat,ANAND,2005,Rabi,Gram,2300,1500,0.652173913
Gujarat,ANAND,2005,Rabi,Other  Rabi pulses,300,300,1
Gujarat,ANAND,2005,Rabi,Other Cereals & Millets,200,200,1
Gujarat,ANAND,2005,Rabi,Rapeseed &Mustard,3000,4700,1.566666667
Gujarat,ANAND,2005,Rabi,Wheat,56000,121600,2.171428571
Gujarat,ANAND,2005,Summer,Bajra,23000,53000,2.304347826
Gujarat,ANAND,2005,Summer,Groundnut,400,700,1.75
Gujarat,ANAND,2005,Summer,Rice,9100,27100,2.978021978
Gujarat,ANAND,2005,Whole Year,Banana,8900,645800,72.56179775
Gujarat,ANAND,2005,Whole Year,Dry chillies,1500,1500,1
Gujarat,ANAND,2005,Whole Year,Garlic,200,1300,6.5
Gujarat,ANAND,2005,Whole Year,Onion,200,4900,24.5
Gujarat,ANAND,2005,Whole Year,Potato,4600,95500,20.76086957
Gujarat,ANAND,2005,Whole Year,Tobacco,22800,42600,1.868421053
Gujarat,ANAND,2006,Kharif,Arhar/Tur,900,700,0.777777778
Gujarat,ANAND,2006,Kharif,Bajra,29700,30000,1.01010101
Gujarat,ANAND,2006,Kharif,Castor seed,1500,2600,1.733333333
Gujarat,ANAND,2006,Kharif,Cotton(lint),3600,10900,3.027777778
Gujarat,ANAND,2006,Kharif,Moong(Green Gram),300,100,0.333333333
Gujarat,ANAND,2006,Kharif,Rice,72400,125200,1.729281768
Gujarat,ANAND,2006,Kharif,Sesamum,1000,200,0.2
Gujarat,ANAND,2006,Rabi,Gram,2700,1700,0.62962963
Gujarat,ANAND,2006,Rabi,Other  Rabi pulses,300,200,0.666666667
Gujarat,ANAND,2006,Rabi,Other Cereals & Millets,200,200,1
Gujarat,ANAND,2006,Rabi,Rapeseed &Mustard,2800,3400,1.214285714
Gujarat,ANAND,2006,Rabi,Wheat,56800,89400,1.573943662
Gujarat,ANAND,2006,Summer,Bajra,20500,51000,2.487804878
Gujarat,ANAND,2006,Summer,Groundnut,700,1200,1.714285714
Gujarat,ANAND,2006,Summer,Rice,6100,16500,2.704918033
Gujarat,ANAND,2006,Whole Year,Banana,8400,675100,80.36904762
Gujarat,ANAND,2006,Whole Year,Dry chillies,1700,1700,1
Gujarat,ANAND,2006,Whole Year,Garlic,300,1500,5
Gujarat,ANAND,2006,Whole Year,Onion,300,5400,18
Gujarat,ANAND,2006,Whole Year,Potato,4700,96900,20.61702128
Gujarat,ANAND,2006,Whole Year,Tobacco,22200,39400,1.774774775
Gujarat,ANAND,2007,Kharif,Arhar/Tur,1000,1100,1.1
Gujarat,ANAND,2007,Kharif,Bajra,30900,43900,1.420711974
Gujarat,ANAND,2007,Kharif,Castor seed,1800,3500,1.944444444
Gujarat,ANAND,2007,Kharif,Cotton(lint),3700,14300,3.864864865
Gujarat,ANAND,2007,Kharif,Groundnut,100,100,1
Gujarat,ANAND,2007,Kharif,Maize,100,100,1
Gujarat,ANAND,2007,Kharif,Moong(Green Gram),400,200,0.5
Gujarat,ANAND,2007,Kharif,Moth,100,100,1
Gujarat,ANAND,2007,Kharif,Rice,86100,200300,2.326364692
Gujarat,ANAND,2007,Kharif,Sesamum,1100,400,0.363636364
Gujarat,ANAND,2007,Kharif,Urad,100,100,1
Gujarat,ANAND,2007,Rabi,Gram,3100,1600,0.516129032
Gujarat,ANAND,2007,Rabi,Jowar,100,100,1
Gujarat,ANAND,2007,Rabi,Other  Rabi pulses,300,300,1
Gujarat,ANAND,2007,Rabi,Rapeseed &Mustard,2400,3900,1.625
Gujarat,ANAND,2007,Rabi,Wheat,54500,132300,2.427522936
Gujarat,ANAND,2007,Summer,Bajra,21800,60000,2.752293578
Gujarat,ANAND,2007,Summer,Groundnut,800,1300,1.625
Gujarat,ANAND,2007,Summer,Rice,5000,15300,3.06
Gujarat,ANAND,2007,Whole Year,Banana,8200,606400,73.95121951
Gujarat,ANAND,2007,Whole Year,Dry chillies,1400,1400,1
Gujarat,ANAND,2007,Whole Year,Garlic,200,1400,7
Gujarat,ANAND,2007,Whole Year,Onion,200,6800,34
Gujarat,ANAND,2007,Whole Year,Potato,4000,82500,20.625
Gujarat,ANAND,2007,Whole Year,Tobacco,13000,23900,1.838461538
Gujarat,ANAND,2008,Kharif,Arhar/Tur,1100,1000,0.909090909
Gujarat,ANAND,2008,Kharif,Bajra,28600,41800,1.461538462
Gujarat,ANAND,2008,Kharif,Castor seed,1900,3700,1.947368421
Gujarat,ANAND,2008,Kharif,Cotton(lint),3100,11100,3.580645161
Gujarat,ANAND,2008,Kharif,Jowar,300,300,1
Gujarat,ANAND,2008,Kharif,Maize,800,1200,1.5
Gujarat,ANAND,2008,Kharif,Moong(Green Gram),600,300,0.5
Gujarat,ANAND,2008,Kharif,Other Kharif pulses,300,200,0.666666667
Gujarat,ANAND,2008,Kharif,Rice,88200,174400,1.977324263
Gujarat,ANAND,2008,Kharif,Sesamum,1000,300,0.3
Gujarat,ANAND,2008,Kharif,Tobacco,15600,27400,1.756410256
Gujarat,ANAND,2008,Kharif,Urad,100,100,1
Gujarat,ANAND,2008,Rabi,Gram,3600,1900,0.527777778
Gujarat,ANAND,2008,Rabi,Onion,200,5200,26
Gujarat,ANAND,2008,Rabi,Other  Rabi pulses,200,200,1
Gujarat,ANAND,2008,Rabi,Rapeseed &Mustard,3300,3700,1.121212121
Gujarat,ANAND,2008,Rabi,Wheat,53700,122000,2.271880819
Gujarat,ANAND,2008,Summer,Bajra,19600,51300,2.617346939
Gujarat,ANAND,2008,Summer,Groundnut,500,1000,2
Gujarat,ANAND,2008,Summer,Rice,2200,5600,2.545454545
Gujarat,ANAND,2008,Whole Year,Banana,8000,609300,76.1625
Gujarat,ANAND,2008,Whole Year,Dry chillies,1700,1600,0.941176471
Gujarat,ANAND,2008,Whole Year,Garlic,200,1100,5.5
Gujarat,ANAND,2008,Whole Year,Guar seed,100,100,1
Gujarat,ANAND,2008,Whole Year,Potato,3900,67000,17.17948718
Gujarat,ANAND,2009,Kharif,Arhar/Tur,900,800,0.888888889
Gujarat,ANAND,2009,Kharif,Bajra,27400,41900,1.52919708
Gujarat,ANAND,2009,Kharif,Castor seed,1400,2700,1.928571429
Gujarat,ANAND,2009,Kharif,Cotton(lint),2800,10200,3.642857143
Gujarat,ANAND,2009,Kharif,Jowar,200,200,1
Gujarat,ANAND,2009,Kharif,Maize,500,400,0.8
Gujarat,ANAND,2009,Kharif,Moong(Green Gram),600,200,0.333333333
Gujarat,ANAND,2009,Kharif,Moth,100,100,1
Gujarat,ANAND,2009,Kharif,Other Kharif pulses,100,100,1
Gujarat,ANAND,2009,Kharif,Rice,75200,192700,2.5625
Gujarat,ANAND,2009,Kharif,Sesamum,1000,300,0.3
Gujarat,ANAND,2009,Kharif,Tobacco,13900,27200,1.956834532
Gujarat,ANAND,2009,Kharif,Urad,100,100,1
Gujarat,ANAND,2009,Rabi,Gram,4100,2700,0.658536585
Gujarat,ANAND,2009,Rabi,Onion,300,8800,29.33333333
Gujarat,ANAND,2009,Rabi,Other  Rabi pulses,200,100,0.5
Gujarat,ANAND,2009,Rabi,Other Cereals & Millets,900,1200,1.333333333
Gujarat,ANAND,2009,Rabi,Rapeseed &Mustard,2300,3700,1.608695652
Gujarat,ANAND,2009,Rabi,Tobacco,13900,27200,1.956834532
Gujarat,ANAND,2009,Rabi,Wheat,48300,107000,2.215320911
Gujarat,ANAND,2009,Summer,Bajra,26400,69200,2.621212121
Gujarat,ANAND,2009,Summer,Groundnut,400,800,2
Gujarat,ANAND,2009,Summer,Rice,1000,3000,3
Gujarat,ANAND,2009,Whole Year,Banana,6700,521900,77.89552239
Gujarat,ANAND,2009,Whole Year,Dry chillies,1600,1600,1
Gujarat,ANAND,2009,Whole Year,Garlic,200,800,4
Gujarat,ANAND,2009,Whole Year,Guar seed,100,100,1
Gujarat,ANAND,2009,Whole Year,Potato,3000,49300,16.43333333
Gujarat,ANAND,2010,Kharif,Arhar/Tur,900,900,1
Gujarat,ANAND,2010,Kharif,Bajra,28000,36000,1.285714286
Gujarat,ANAND,2010,Kharif,Castor seed,1400,2700,1.928571429
Gujarat,ANAND,2010,Kharif,Cotton(lint),3300,14400,4.363636364
Gujarat,ANAND,2010,Kharif,Jowar,100,100,1
Gujarat,ANAND,2010,Kharif,Maize,100,100,1
Gujarat,ANAND,2010,Kharif,Moong(Green Gram),1000,400,0.4
Gujarat,ANAND,2010,Kharif,Other Kharif pulses,1200,300,0.25
Gujarat,ANAND,2010,Kharif,other oilseeds,1200,500,0.416666667
Gujarat,ANAND,2010,Kharif,Rice,87700,185200,2.111744584
Gujarat,ANAND,2010,Kharif,Sesamum,1000,400,0.4
Gujarat,ANAND,2010,Kharif,Tobacco,14800,29600,2
Gujarat,ANAND,2010,Kharif,Urad,200,100,0.5
Gujarat,ANAND,2010,Rabi,Gram,3100,2000,0.64516129
Gujarat,ANAND,2010,Rabi,Jowar,400,400,1
Gujarat,ANAND,2010,Rabi,Maize,3600,7100,1.972222222
Gujarat,ANAND,2010,Rabi,Other Cereals & Millets,1800,2100,1.166666667
Gujarat,ANAND,2010,Rabi,Rapeseed &Mustard,2200,3400,1.545454545
Gujarat,ANAND,2010,Rabi,Tobacco,62500,124600,1.9936
Gujarat,ANAND,2010,Rabi,Wheat,58800,156100,2.654761905
Gujarat,ANAND,2010,Summer,Bajra,42700,119300,2.793911007
Gujarat,ANAND,2010,Summer,Groundnut,700,1200,1.714285714
Gujarat,ANAND,2010,Summer,Moong(Green Gram),1600,900,0.5625
Gujarat,ANAND,2010,Summer,Rice,1500,4100,2.733333333
Gujarat,ANAND,2010,Whole Year,Banana,8600,661600,76.93023256
Gujarat,ANAND,2010,Whole Year,Dry chillies,2100,2300,1.095238095
Gujarat,ANAND,2010,Whole Year,Garlic,100,600,6
Gujarat,ANAND,2010,Whole Year,Guar seed,100,100,1
Gujarat,ANAND,2010,Whole Year,Onion,200,4600,23
Gujarat,ANAND,2010,Whole Year,Potato,3100,52400,16.90322581
Gujarat,ANAND,2011,Kharif,Arhar/Tur,800,800,1
Gujarat,ANAND,2011,Kharif,Bajra,31500,42700,1.355555556
Gujarat,ANAND,2011,Kharif,Castor seed,3000,6200,2.066666667
Gujarat,ANAND,2011,Kharif,Cotton(lint),5300,22700,4.283018868
Gujarat,ANAND,2011,Kharif,Maize,200,300,1.5
Gujarat,ANAND,2011,Kharif,Moong(Green Gram),400,200,0.5
Gujarat,ANAND,2011,Kharif,Other Cereals & Millets,400,200,0.5
Gujarat,ANAND,2011,Kharif,Rice,89000,198500,2.230337079
Gujarat,ANAND,2011,Kharif,Sesamum,900,400,0.444444444
Gujarat,ANAND,2011,Kharif,Tobacco,12500,28100,2.248
Gujarat,ANAND,2011,Kharif,Urad,100,100,1
Gujarat,ANAND,2011,Rabi,Gram,2600,1700,0.653846154
Gujarat,ANAND,2011,Rabi,Maize,1400,3700,2.642857143
Gujarat,ANAND,2011,Rabi,Onion,600,17500,29.16666667
Gujarat,ANAND,2011,Rabi,Other Cereals & Millets,400,400,1
Gujarat,ANAND,2011,Rabi,Rapeseed &Mustard,2800,4400,1.571428571
Gujarat,ANAND,2011,Rabi,Tobacco,62100,112200,1.806763285
Gujarat,ANAND,2011,Rabi,Wheat,67400,172400,2.557863501
Gujarat,ANAND,2011,Summer,Bajra,48100,133200,2.769230769
Gujarat,ANAND,2011,Summer,Groundnut,900,1600,1.777777778
Gujarat,ANAND,2011,Summer,Maize,700,1400,2
Gujarat,ANAND,2011,Summer,Moong(Green Gram),1400,700,0.5
Gujarat,ANAND,2011,Summer,Rice,2800,6300,2.25
Gujarat,ANAND,2011,Summer,Urad,1900,1200,0.631578947
Gujarat,ANAND,2011,Whole Year,Banana,9800,740600,75.57142857
Gujarat,ANAND,2011,Whole Year,Dry chillies,2200,2300,1.045454545
Gujarat,ANAND,2011,Whole Year,Garlic,200,1300,6.5
Gujarat,ANAND,2011,Whole Year,Guar seed,300,200,0.666666667
Gujarat,ANAND,2011,Whole Year,other oilseeds,1600,800,0.5
Gujarat,ANAND,2011,Whole Year,Potato,4000,87300,21.825
Gujarat,ANAND,2012,Kharif,Arhar/Tur,1300,1300,1
Gujarat,ANAND,2012,Kharif,Bajra,27800,42700,1.535971223
Gujarat,ANAND,2012,Kharif,Castor seed,4200,8300,1.976190476
Gujarat,ANAND,2012,Kharif,Cotton(lint),7600,20800,2.736842105
Gujarat,ANAND,2012,Kharif,Maize,600,900,1.5
Gujarat,ANAND,2012,Kharif,Moong(Green Gram),700,300,0.428571429
Gujarat,ANAND,2012,Kharif,Moth,100,100,1
Gujarat,ANAND,2012,Kharif,Other Cereals & Millets,600,200,0.333333333
Gujarat,ANAND,2012,Kharif,Rice,94400,238900,2.530720339
Gujarat,ANAND,2012,Kharif,Sesamum,1100,300,0.272727273
Gujarat,ANAND,2012,Kharif,Tobacco,5900,13200,2.237288136
Gujarat,ANAND,2012,Kharif,Urad,300,100,0.333333333
Gujarat,ANAND,2012,Rabi,Gram,2700,1900,0.703703704
Gujarat,ANAND,2012,Rabi,Onion,400,10500,26.25
Gujarat,ANAND,2012,Rabi,Other Cereals & Millets,600,1100,1.833333333
Gujarat,ANAND,2012,Rabi,Rapeseed &Mustard,3300,5500,1.666666667
Gujarat,ANAND,2012,Rabi,Tobacco,58000,104500,1.801724138
Gujarat,ANAND,2012,Rabi,Wheat,63400,178900,2.821766562
Gujarat,ANAND,2012,Summer,Bajra,34000,93700,2.755882353
Gujarat,ANAND,2012,Summer,Groundnut,600,1300,2.166666667
Gujarat,ANAND,2012,Summer,Maize,100,100,1
Gujarat,ANAND,2012,Summer,Moong(Green Gram),100,100,1
Gujarat,ANAND,2012,Summer,Rice,700,2200,3.142857143
Gujarat,ANAND,2012,Whole Year,Banana,9800,775100,79.09183673
Gujarat,ANAND,2012,Whole Year,Dry chillies,3800,4100,1.078947368
Gujarat,ANAND,2012,Whole Year,Garlic,300,1800,6
Gujarat,ANAND,2012,Whole Year,Potato,5000,101700,20.34
Gujarat,BANAS KANTHA,1997,Kharif,Arhar/Tur,5100,3800,0.745098039
Gujarat,BANAS KANTHA,1997,Kharif,Bajra,188200,109700,0.582890542
Gujarat,BANAS KANTHA,1997,Kharif,Dry chillies,1500,1800,1.2
Gujarat,BANAS KANTHA,1997,Kharif,Groundnut,1800,2400,1.333333333
Gujarat,BANAS KANTHA,1997,Kharif,Jowar,4500,100,0.022222222
Gujarat,BANAS KANTHA,1997,Kharif,Moong(Green Gram),27700,14000,0.505415162
Gujarat,BANAS KANTHA,1997,Kharif,Moth,8300,5700,0.686746988
Gujarat,BANAS KANTHA,1997,Kharif,Other Kharif pulses,4500,2900,0.644444444
Gujarat,BANAS KANTHA,1997,Kharif,Small millets,3000,1000,0.333333333
Gujarat,BANAS KANTHA,1997,Kharif,Urad,2300,1900,0.826086957
Gujarat,BANAS KANTHA,1997,Rabi,Gram,300,200,0.666666667
Gujarat,BANAS KANTHA,1997,Rabi,Rapeseed &Mustard,161700,161000,0.995670996
Gujarat,BANAS KANTHA,1997,Rabi,Wheat,42600,109700,2.575117371
Gujarat,BANAS KANTHA,1997,Summer,Bajra,34900,63000,1.805157593
Gujarat,BANAS KANTHA,1997,Summer,Groundnut,1200,2000,1.666666667
Gujarat,BANAS KANTHA,1997,Whole Year,Castor seed,62100,124600,2.006441224
Gujarat,BANAS KANTHA,1997,Whole Year,Cotton(lint),22600,33300,1.473451327
Gujarat,BANAS KANTHA,1997,Whole Year,Maize,6500,14800,2.276923077
Gujarat,BANAS KANTHA,1997,Whole Year,Onion,100,2000,20
Gujarat,BANAS KANTHA,1997,Whole Year,Potato,7300,198700,27.21917808
Gujarat,BANAS KANTHA,1997,Whole Year,Pulses total,47900,283,0.005908142
Gujarat,BANAS KANTHA,1997,Whole Year,Sesamum,6400,7700,1.203125
Gujarat,BANAS KANTHA,1997,Whole Year,Sugarcane,100,7000,70
Gujarat,BANAS KANTHA,1997,Whole Year,Tobacco,3300,5400,1.636363636
Gujarat,BANAS KANTHA,1998,Kharif,Arhar/Tur,5600,5300,0.946428571
Gujarat,BANAS KANTHA,1998,Kharif,Bajra,194700,51200,0.26296867
Gujarat,BANAS KANTHA,1998,Kharif,Castor seed,60900,109700,1.801313629
Gujarat,BANAS KANTHA,1998,Kharif,Cotton(lint),23900,36600,1.531380753
Gujarat,BANAS KANTHA,1998,Kharif,Groundnut,1800,2300,1.277777778
Gujarat,BANAS KANTHA,1998,Kharif,Jowar,7600,1400,0.184210526
Gujarat,BANAS KANTHA,1998,Kharif,Maize,6800,13000,1.911764706
Gujarat,BANAS KANTHA,1998,Kharif,Moong(Green Gram),26300,6000,0.228136882
Gujarat,BANAS KANTHA,1998,Kharif,Moth,7800,2700,0.346153846
Gujarat,BANAS KANTHA,1998,Kharif,Other Cereals & Millets,500,200,0.4
Gujarat,BANAS KANTHA,1998,Kharif,Other Kharif pulses,3800,2000,0.526315789
Gujarat,BANAS KANTHA,1998,Kharif,Sesamum,6000,1200,0.2
Gujarat,BANAS KANTHA,1998,Kharif,Small millets,500,200,0.4
Gujarat,BANAS KANTHA,1998,Kharif,Urad,2000,1200,0.6
Gujarat,BANAS KANTHA,1998,Rabi,Gram,700,500,0.714285714
Gujarat,BANAS KANTHA,1998,Rabi,Rapeseed &Mustard,164300,226400,1.377967133
Gujarat,BANAS KANTHA,1998,Rabi,Wheat,42900,113300,2.641025641
Gujarat,BANAS KANTHA,1998,Summer,Bajra,36300,88200,2.429752066
Gujarat,BANAS KANTHA,1998,Summer,Groundnut,1200,2000,1.666666667
Gujarat,BANAS KANTHA,1998,Whole Year,Dry chillies,1600,2200,1.375
Gujarat,BANAS KANTHA,1998,Whole Year,Garlic,100,300,3
Gujarat,BANAS KANTHA,1998,Whole Year,Oilseeds total,234500,344500,1.469083156
Gujarat,BANAS KANTHA,1998,Whole Year,Onion,100,2400,24
Gujarat,BANAS KANTHA,1998,Whole Year,Potato,7800,220700,28.29487179
Gujarat,BANAS KANTHA,1998,Whole Year,Pulses total,46200,17700,0.383116883
Gujarat,BANAS KANTHA,1998,Whole Year,Sugarcane,100,5000,50
Gujarat,BANAS KANTHA,1998,Whole Year,Tobacco,3600,8700,2.416666667
Gujarat,BANAS KANTHA,1999,Kharif,Arhar/Tur,4100,3300,0.804878049
Gujarat,BANAS KANTHA,1999,Kharif,Bajra,162000,19200,0.118518519
Gujarat,BANAS KANTHA,1999,Kharif,Castor seed,81100,184200,2.271270037
Gujarat,BANAS KANTHA,1999,Kharif,Cotton(lint),17700,11400,0.644067797
Gujarat,BANAS KANTHA,1999,Kharif,Groundnut,3400,1200,0.352941176
Gujarat,BANAS KANTHA,1999,Kharif,Jowar,1200,1600,1.333333333
Gujarat,BANAS KANTHA,1999,Kharif,Maize,6700,10000,1.492537313
Gujarat,BANAS KANTHA,1999,Kharif,Moong(Green Gram),13400,200,0.014925373
Gujarat,BANAS KANTHA,1999,Kharif,Moth,6100,0,0
Gujarat,BANAS KANTHA,1999,Kharif,Other Cereals & Millets,1700,400,0.235294118
Gujarat,BANAS KANTHA,1999,Kharif,Other Kharif pulses,4100,900,0.219512195
Gujarat,BANAS KANTHA,1999,Kharif,Sesamum,4000,100,0.025
Gujarat,BANAS KANTHA,1999,Kharif,Small millets,1700,400,0.235294118
Gujarat,BANAS KANTHA,1999,Kharif,Urad,1700,400,0.235294118
Gujarat,BANAS KANTHA,1999,Rabi,Gram,600,300,0.5
Gujarat,BANAS KANTHA,1999,Rabi,Rapeseed &Mustard,162300,145000,0.89340727
Gujarat,BANAS KANTHA,1999,Rabi,Wheat,49700,109600,2.205231388
Gujarat,BANAS KANTHA,1999,Summer,Bajra,67900,118400,1.743740795
Gujarat,BANAS KANTHA,1999,Summer,Groundnut,1000,1800,1.8
Gujarat,BANAS KANTHA,1999,Whole Year,Dry chillies,1500,1700,1.133333333
Gujarat,BANAS KANTHA,1999,Whole Year,Garlic,100,200,2
Gujarat,BANAS KANTHA,1999,Whole Year,Onion,100,3400,34
Gujarat,BANAS KANTHA,1999,Whole Year,Potato,7900,232800,29.46835443
Gujarat,BANAS KANTHA,1999,Whole Year,Sugarcane,100,5000,50
Gujarat,BANAS KANTHA,1999,Whole Year,Tobacco,3900,10300,2.641025641
Gujarat,BANAS KANTHA,2000,Kharif,Arhar/Tur,4400,1400,0.318181818
Gujarat,BANAS KANTHA,2000,Kharif,Bajra,199000,53600,0.269346734
Gujarat,BANAS KANTHA,2000,Kharif,Castor seed,126100,244200,1.936558287
Gujarat,BANAS KANTHA,2000,Kharif,Cotton(lint),22800,15500,0.679824561
Gujarat,BANAS KANTHA,2000,Kharif,Groundnut,1600,600,0.375
Gujarat,BANAS KANTHA,2000,Kharif,Jowar,2200,300,0.136363636
Gujarat,BANAS KANTHA,2000,Kharif,Maize,6200,9400,1.516129032
Gujarat,BANAS KANTHA,2000,Kharif,Moong(Green Gram),23700,4000,0.168776371
Gujarat,BANAS KANTHA,2000,Kharif,Moth,11800,1700,0.144067797
Gujarat,BANAS KANTHA,2000,Kharif,Other Cereals & Millets,1700,300,0.176470588
Gujarat,BANAS KANTHA,2000,Kharif,Other Kharif pulses,8700,2000,0.229885057
Gujarat,BANAS KANTHA,2000,Kharif,Sesamum,17800,4500,0.252808989
Gujarat,BANAS KANTHA,2000,Kharif,Small millets,1700,300,0.176470588
Gujarat,BANAS KANTHA,2000,Kharif,Urad,1100,300,0.272727273
Gujarat,BANAS KANTHA,2000,Rabi,Gram,400,200,0.5
Gujarat,BANAS KANTHA,2000,Rabi,Rapeseed &Mustard,105800,124000,1.172022684
Gujarat,BANAS KANTHA,2000,Rabi,Wheat,54700,138000,2.52285192
Gujarat,BANAS KANTHA,2000,Summer,Bajra,59400,111600,1.878787879
Gujarat,BANAS KANTHA,2000,Summer,Groundnut,400,800,2
Gujarat,BANAS KANTHA,2000,Whole Year,Dry chillies,1100,1300,1.181818182
Gujarat,BANAS KANTHA,2000,Whole Year,Garlic,100,300,3
Gujarat,BANAS KANTHA,2000,Whole Year,Guar seed,114000,25100,0.220175439
Gujarat,BANAS KANTHA,2000,Whole Year,Onion,300,5600,18.66666667
Gujarat,BANAS KANTHA,2000,Whole Year,Potato,15300,396400,25.90849673
Gujarat,BANAS KANTHA,2000,Whole Year,Sugarcane,100,3000,30
Gujarat,BANAS KANTHA,2000,Whole Year,Tobacco,3000,5100,1.7
Gujarat,BANAS KANTHA,2001,Kharif,Arhar/Tur,3500,2200,0.628571429
Gujarat,BANAS KANTHA,2001,Kharif,Bajra,152700,103500,0.677799607
Gujarat,BANAS KANTHA,2001,Kharif,Castor seed,62200,147100,2.364951768
Gujarat,BANAS KANTHA,2001,Kharif,Cotton(lint),19100,17700,0.926701571
Gujarat,BANAS KANTHA,2001,Kharif,Groundnut,1800,2600,1.444444444
Gujarat,BANAS KANTHA,2001,Kharif,Jowar,27800,20900,0.751798561
Gujarat,BANAS KANTHA,2001,Kharif,Maize,9800,30600,3.12244898
Gujarat,BANAS KANTHA,2001,Kharif,Moong(Green Gram),28700,12800,0.445993031
Gujarat,BANAS KANTHA,2001,Kharif,Moth,12800,6000,0.46875
Gujarat,BANAS KANTHA,2001,Kharif,Other Kharif pulses,5500,2700,0.490909091
Gujarat,BANAS KANTHA,2001,Kharif,Sesamum,27900,8000,0.286738351
Gujarat,BANAS KANTHA,2001,Kharif,Small millets,1200,300,0.25
Gujarat,BANAS KANTHA,2001,Kharif,Urad,3600,2000,0.555555556
Gujarat,BANAS KANTHA,2001,Rabi,Gram,800,400,0.5
Gujarat,BANAS KANTHA,2001,Rabi,Other  Rabi pulses,200,100,0.5
Gujarat,BANAS KANTHA,2001,Rabi,Rapeseed &Mustard,159400,193300,1.212672522
Gujarat,BANAS KANTHA,2001,Rabi,Wheat,71900,194200,2.700973574
Gujarat,BANAS KANTHA,2001,Summer,Bajra,64600,105500,1.633126935
Gujarat,BANAS KANTHA,2001,Summer,Groundnut,500,600,1.2
Gujarat,BANAS KANTHA,2001,Whole Year,Dry chillies,600,800,1.333333333
Gujarat,BANAS KANTHA,2001,Whole Year,Garlic,100,300,3
Gujarat,BANAS KANTHA,2001,Whole Year,Guar seed,114300,55800,0.488188976
Gujarat,BANAS KANTHA,2001,Whole Year,Onion,300,8800,29.33333333
Gujarat,BANAS KANTHA,2001,Whole Year,Potato,14300,438600,30.67132867
Gujarat,BANAS KANTHA,2001,Whole Year,Tobacco,2500,4300,1.72
Gujarat,BANAS KANTHA,2002,Kharif,Arhar/Tur,3600,2300,0.638888889
Gujarat,BANAS KANTHA,2002,Kharif,Bajra,218600,35500,0.162397072
Gujarat,BANAS KANTHA,2002,Kharif,Castor seed,54100,69800,1.290203327
Gujarat,BANAS KANTHA,2002,Kharif,Cotton(lint),20400,18600,0.911764706
Gujarat,BANAS KANTHA,2002,Kharif,Groundnut,2300,1100,0.47826087
Gujarat,BANAS KANTHA,2002,Kharif,Jowar,1200,300,0.25
Gujarat,BANAS KANTHA,2002,Kharif,Maize,7800,6500,0.833333333
Gujarat,BANAS KANTHA,2002,Kharif,Moong(Green Gram),33400,4600,0.137724551
Gujarat,BANAS KANTHA,2002,Kharif,Moth,15100,2700,0.178807947
Gujarat,BANAS KANTHA,2002,Kharif,Other Kharif pulses,4700,1900,0.404255319
Gujarat,BANAS KANTHA,2002,Kharif,Sesamum,30600,4200,0.137254902
Gujarat,BANAS KANTHA,2002,Kharif,Small millets,1100,400,0.363636364
Gujarat,BANAS KANTHA,2002,Kharif,Urad,3600,1200,0.333333333
Gujarat,BANAS KANTHA,2002,Rabi,Gram,100,,
Gujarat,BANAS KANTHA,2002,Rabi,Rapeseed &Mustard,108800,111300,1.022977941
Gujarat,BANAS KANTHA,2002,Rabi,Wheat,64300,136900,2.129082426
Gujarat,BANAS KANTHA,2002,Summer,Bajra,76800,109600,1.427083333
Gujarat,BANAS KANTHA,2002,Summer,Groundnut,200,300,1.5
Gujarat,BANAS KANTHA,2002,Whole Year,Dry chillies,400,500,1.25
Gujarat,BANAS KANTHA,2002,Whole Year,Garlic,100,300,3
Gujarat,BANAS KANTHA,2002,Whole Year,Guar seed,106700,34700,0.325210872
Gujarat,BANAS KANTHA,2002,Whole Year,Onion,200,5000,25
Gujarat,BANAS KANTHA,2002,Whole Year,Potato,16500,433100,26.24848485
Gujarat,BANAS KANTHA,2002,Whole Year,Tobacco,1100,2900,2.636363636
Gujarat,BANAS KANTHA,2003,Kharif,Arhar/Tur,1100,1000,0.909090909
Gujarat,BANAS KANTHA,2003,Kharif,Bajra,197700,241000,1.219018715
Gujarat,BANAS KANTHA,2003,Kharif,Castor seed,63800,132900,2.0830721
Gujarat,BANAS KANTHA,2003,Kharif,Cotton(lint),4500,18000,4
Gujarat,BANAS KANTHA,2003,Kharif,Groundnut,3300,7400,2.242424242
Gujarat,BANAS KANTHA,2003,Kharif,Jowar,7800,6800,0.871794872
Gujarat,BANAS KANTHA,2003,Kharif,Maize,9400,25700,2.734042553
Gujarat,BANAS KANTHA,2003,Kharif,Moong(Green Gram),36200,26700,0.737569061
Gujarat,BANAS KANTHA,2003,Kharif,Moth,11900,7500,0.630252101
Gujarat,BANAS KANTHA,2003,Kharif,Sesamum,21000,10700,0.50952381
Gujarat,BANAS KANTHA,2003,Kharif,Small millets,300,100,0.333333333
Gujarat,BANAS KANTHA,2003,Kharif,Urad,3700,2500,0.675675676
Gujarat,BANAS KANTHA,2003,Rabi,Gram,400,400,1
Gujarat,BANAS KANTHA,2003,Rabi,Rapeseed &Mustard,161900,237800,1.468807906
Gujarat,BANAS KANTHA,2003,Rabi,Wheat,48600,132000,2.716049383
Gujarat,BANAS KANTHA,2003,Summer,Bajra,81100,165800,2.044389642
Gujarat,BANAS KANTHA,2003,Summer,Groundnut,800,1300,1.625
Gujarat,BANAS KANTHA,2003,Whole Year,Dry chillies,400,500,1.25
Gujarat,BANAS KANTHA,2003,Whole Year,Guar seed,123400,112900,0.914910859
Gujarat,BANAS KANTHA,2003,Whole Year,Potato,13000,364900,28.06923077
Gujarat,BANAS KANTHA,2003,Whole Year,Tobacco,33100,69800,2.108761329
Gujarat,BANAS KANTHA,2004,Kharif,Arhar/Tur,1600,1500,0.9375
Gujarat,BANAS KANTHA,2004,Kharif,Bajra,173000,108300,0.626011561
Gujarat,BANAS KANTHA,2004,Kharif,Castor seed,73500,125900,1.71292517
Gujarat,BANAS KANTHA,2004,Kharif,Cotton(lint),6100,25900,4.245901639
Gujarat,BANAS KANTHA,2004,Kharif,Groundnut,4700,4200,0.893617021
Gujarat,BANAS KANTHA,2004,Kharif,Jowar,700,700,1
Gujarat,BANAS KANTHA,2004,Kharif,Maize,8500,17000,2
Gujarat,BANAS KANTHA,2004,Kharif,Moong(Green Gram),34700,13700,0.39481268
Gujarat,BANAS KANTHA,2004,Kharif,Moth,13200,4900,0.371212121
Gujarat,BANAS KANTHA,2004,Kharif,Other Kharif pulses,6200,3400,0.548387097
Gujarat,BANAS KANTHA,2004,Kharif,Sesamum,30900,10000,0.323624595
Gujarat,BANAS KANTHA,2004,Kharif,Urad,3200,2000,0.625
Gujarat,BANAS KANTHA,2004,Rabi,Gram,700,500,0.714285714
Gujarat,BANAS KANTHA,2004,Rabi,Other Cereals & Millets,300,100,0.333333333
Gujarat,BANAS KANTHA,2004,Rabi,Rapeseed &Mustard,180100,249800,1.387007218
Gujarat,BANAS KANTHA,2004,Rabi,Small millets,300,100,0.333333333
Gujarat,BANAS KANTHA,2004,Rabi,Wheat,39000,94600,2.425641026
Gujarat,BANAS KANTHA,2004,Summer,Bajra,64900,131400,2.024653313
Gujarat,BANAS KANTHA,2004,Summer,Groundnut,500,900,1.8
Gujarat,BANAS KANTHA,2004,Whole Year,Dry chillies,100,100,1
Gujarat,BANAS KANTHA,2004,Whole Year,Guar seed,92300,85600,0.927410618
Gujarat,BANAS KANTHA,2004,Whole Year,Onion,100,3900,39
Gujarat,BANAS KANTHA,2004,Whole Year,Potato,22500,678900,30.17333333
Gujarat,BANAS KANTHA,2005,Kharif,Arhar/Tur,3600,3600,1
Gujarat,BANAS KANTHA,2005,Kharif,Bajra,195000,133200,0.683076923
Gujarat,BANAS KANTHA,2005,Kharif,Castor seed,81700,174300,2.133414933
Gujarat,BANAS KANTHA,2005,Kharif,Cotton(lint),14600,58400,4
Gujarat,BANAS KANTHA,2005,Kharif,Groundnut,17900,30900,1.726256983
Gujarat,BANAS KANTHA,2005,Kharif,Jowar,7500,3700,0.493333333
Gujarat,BANAS KANTHA,2005,Kharif,Maize,10400,24500,2.355769231
Gujarat,BANAS KANTHA,2005,Kharif,Moong(Green Gram),30300,23200,0.765676568
Gujarat,BANAS KANTHA,2005,Kharif,Moth,14900,7900,0.530201342
Gujarat,BANAS KANTHA,2005,Kharif,Other Kharif pulses,4600,2200,0.47826087
Gujarat,BANAS KANTHA,2005,Kharif,Sesamum,48200,16800,0.348547718
Gujarat,BANAS KANTHA,2005,Kharif,Urad,2600,1900,0.730769231
Gujarat,BANAS KANTHA,2005,Rabi,Gram,600,600,1
Gujarat,BANAS KANTHA,2005,Rabi,Other Cereals & Millets,2900,3900,1.344827586
Gujarat,BANAS KANTHA,2005,Rabi,Rapeseed &Mustard,186900,300800,1.6094168
Gujarat,BANAS KANTHA,2005,Rabi,Wheat,46300,123100,2.6587473
Gujarat,BANAS KANTHA,2005,Summer,Bajra,79700,180700,2.267252196
Gujarat,BANAS KANTHA,2005,Summer,Groundnut,1600,2600,1.625
Gujarat,BANAS KANTHA,2005,Whole Year,Dry chillies,200,200,1
Gujarat,BANAS KANTHA,2005,Whole Year,Guar seed,87900,44000,0.500568828
Gujarat,BANAS KANTHA,2005,Whole Year,Potato,21800,675600,30.99082569
Gujarat,BANAS KANTHA,2006,Kharif,Arhar/Tur,3300,2700,0.818181818
Gujarat,BANAS KANTHA,2006,Kharif,Bajra,193400,38400,0.198552223
Gujarat,BANAS KANTHA,2006,Kharif,Castor seed,59600,92500,1.552013423
Gujarat,BANAS KANTHA,2006,Kharif,Cotton(lint),16900,87400,5.171597633
Gujarat,BANAS KANTHA,2006,Kharif,Groundnut,21400,20400,0.953271028
Gujarat,BANAS KANTHA,2006,Kharif,Jowar,10700,3400,0.317757009
Gujarat,BANAS KANTHA,2006,Kharif,Maize,10700,16600,1.551401869
Gujarat,BANAS KANTHA,2006,Kharif,Moong(Green Gram),32300,5000,0.154798762
Gujarat,BANAS KANTHA,2006,Kharif,Moth,13200,2400,0.181818182
Gujarat,BANAS KANTHA,2006,Kharif,Other Kharif pulses,4600,2800,0.608695652
Gujarat,BANAS KANTHA,2006,Kharif,Sesamum,36500,2600,0.071232877
Gujarat,BANAS KANTHA,2006,Kharif,Urad,2900,1400,0.482758621
Gujarat,BANAS KANTHA,2006,Rabi,Gram,800,800,1
Gujarat,BANAS KANTHA,2006,Rabi,Other  Rabi pulses,400,300,0.75
Gujarat,BANAS KANTHA,2006,Rabi,Other Cereals & Millets,3000,3900,1.3
Gujarat,BANAS KANTHA,2006,Rabi,Rapeseed &Mustard,205700,289700,1.408361692
Gujarat,BANAS KANTHA,2006,Rabi,Wheat,68100,170500,2.503671072
Gujarat,BANAS KANTHA,2006,Summer,Bajra,81200,178100,2.193349754
Gujarat,BANAS KANTHA,2006,Summer,Groundnut,1000,1800,1.8
Gujarat,BANAS KANTHA,2006,Whole Year,Dry chillies,300,300,1
Gujarat,BANAS KANTHA,2006,Whole Year,Guar seed,71800,16900,0.235376045
Gujarat,BANAS KANTHA,2006,Whole Year,Onion,100,1800,18
Gujarat,BANAS KANTHA,2006,Whole Year,Potato,23300,494400,21.21888412
Gujarat,BANAS KANTHA,2006,Whole Year,Tobacco,200,400,2
Gujarat,BANAS KANTHA,2007,Kharif,Arhar/Tur,2800,2900,1.035714286
Gujarat,BANAS KANTHA,2007,Kharif,Bajra,190100,174700,0.918990005
Gujarat,BANAS KANTHA,2007,Kharif,Castor seed,60800,135300,2.225328947
Gujarat,BANAS KANTHA,2007,Kharif,Cotton(lint),24800,87200,3.516129032
Gujarat,BANAS KANTHA,2007,Kharif,Groundnut,20400,36400,1.784313725
Gujarat,BANAS KANTHA,2007,Kharif,Maize,11600,31300,2.698275862
Gujarat,BANAS KANTHA,2007,Kharif,Moong(Green Gram),40700,27000,0.663390663
Gujarat,BANAS KANTHA,2007,Kharif,Moth,12500,9100,0.728
Gujarat,BANAS KANTHA,2007,Kharif,Other Cereals & Millets,900,400,0.444444444
Gujarat,BANAS KANTHA,2007,Kharif,Other Kharif pulses,8700,5800,0.666666667
Gujarat,BANAS KANTHA,2007,Kharif,Sesamum,38000,15500,0.407894737
Gujarat,BANAS KANTHA,2007,Kharif,Urad,9200,8900,0.967391304
Gujarat,BANAS KANTHA,2007,Rabi,Gram,1000,1000,1
Gujarat,BANAS KANTHA,2007,Rabi,Other Cereals & Millets,5800,7600,1.310344828
Gujarat,BANAS KANTHA,2007,Rabi,Rapeseed &Mustard,185000,306500,1.656756757
Gujarat,BANAS KANTHA,2007,Rabi,Wheat,83000,237000,2.855421687
Gujarat,BANAS KANTHA,2007,Summer,Bajra,79000,170500,2.158227848
Gujarat,BANAS KANTHA,2007,Summer,Groundnut,1400,2400,1.714285714
Gujarat,BANAS KANTHA,2007,Whole Year,Dry chillies,600,600,1
Gujarat,BANAS KANTHA,2007,Whole Year,Garlic,100,400,4
Gujarat,BANAS KANTHA,2007,Whole Year,Guar seed,80900,56100,0.693448702
Gujarat,BANAS KANTHA,2007,Whole Year,Onion,200,5000,25
Gujarat,BANAS KANTHA,2007,Whole Year,Potato,31900,867700,27.20062696
Gujarat,BANAS KANTHA,2008,Kharif,Arhar/Tur,2700,2900,1.074074074
Gujarat,BANAS KANTHA,2008,Kharif,Bajra,129900,31200,0.240184758
Gujarat,BANAS KANTHA,2008,Kharif,Castor seed,82700,178400,2.15719468
Gujarat,BANAS KANTHA,2008,Kharif,Cotton(lint),28200,114600,4.063829787
Gujarat,BANAS KANTHA,2008,Kharif,Groundnut,24700,33700,1.36437247
Gujarat,BANAS KANTHA,2008,Kharif,Jowar,9300,9000,0.967741935
Gujarat,BANAS KANTHA,2008,Kharif,Maize,10700,18900,1.76635514
Gujarat,BANAS KANTHA,2008,Kharif,Moong(Green Gram),20000,8800,0.44
Gujarat,BANAS KANTHA,2008,Kharif,Moth,5900,1000,0.169491525
Gujarat,BANAS KANTHA,2008,Kharif,Other Cereals & Millets,3000,1700,0.566666667
Gujarat,BANAS KANTHA,2008,Kharif,Other Kharif pulses,4600,3000,0.652173913
Gujarat,BANAS KANTHA,2008,Kharif,Sesamum,19700,5700,0.289340102
Gujarat,BANAS KANTHA,2008,Kharif,Urad,6400,5100,0.796875
Gujarat,BANAS KANTHA,2008,Rabi,Gram,300,300,1
Gujarat,BANAS KANTHA,2008,Rabi,Onion,200,5600,28
Gujarat,BANAS KANTHA,2008,Rabi,Other Cereals & Millets,3800,4900,1.289473684
Gujarat,BANAS KANTHA,2008,Rabi,Rapeseed &Mustard,150900,171300,1.135188867
Gujarat,BANAS KANTHA,2008,Rabi,Wheat,56200,118200,2.103202847
Gujarat,BANAS KANTHA,2008,Summer,Bajra,74900,174400,2.328437917
Gujarat,BANAS KANTHA,2008,Summer,Groundnut,1800,3400,1.888888889
Gujarat,BANAS KANTHA,2008,Whole Year,Dry chillies,400,400,1
Gujarat,BANAS KANTHA,2008,Whole Year,Garlic,100,400,4
Gujarat,BANAS KANTHA,2008,Whole Year,Guar seed,61600,15300,0.248376623
Gujarat,BANAS KANTHA,2008,Whole Year,Potato,25100,599400,23.88047809
Gujarat,BANAS KANTHA,2009,Kharif,Arhar/Tur,2300,2500,1.086956522
Gujarat,BANAS KANTHA,2009,Kharif,Bajra,111700,28400,0.254252462
Gujarat,BANAS KANTHA,2009,Kharif,Castor seed,90800,214300,2.360132159
Gujarat,BANAS KANTHA,2009,Kharif,Cotton(lint),32600,107500,3.297546012
Gujarat,BANAS KANTHA,2009,Kharif,Groundnut,26200,49300,1.881679389
Gujarat,BANAS KANTHA,2009,Kharif,Jowar,17800,6000,0.337078652
Gujarat,BANAS KANTHA,2009,Kharif,Maize,9400,14900,1.585106383
Gujarat,BANAS KANTHA,2009,Kharif,Moong(Green Gram),17100,3200,0.187134503
Gujarat,BANAS KANTHA,2009,Kharif,Moth,6200,900,0.14516129
Gujarat,BANAS KANTHA,2009,Kharif,Other Cereals & Millets,4200,2700,0.642857143
Gujarat,BANAS KANTHA,2009,Kharif,Other Kharif pulses,4400,3400,0.772727273
Gujarat,BANAS KANTHA,2009,Kharif,Sesamum,18200,5100,0.28021978
Gujarat,BANAS KANTHA,2009,Kharif,Tobacco,200,300,1.5
Gujarat,BANAS KANTHA,2009,Kharif,Urad,4100,2500,0.609756098
Gujarat,BANAS KANTHA,2009,Rabi,Gram,200,200,1
Gujarat,BANAS KANTHA,2009,Rabi,Jowar,200,200,1
Gujarat,BANAS KANTHA,2009,Rabi,Onion,300,8000,26.66666667
Gujarat,BANAS KANTHA,2009,Rabi,Other Cereals & Millets,5700,7300,1.280701754
Gujarat,BANAS KANTHA,2009,Rabi,Rapeseed &Mustard,102500,164400,1.603902439
Gujarat,BANAS KANTHA,2009,Rabi,Tobacco,200,300,1.5
Gujarat,BANAS KANTHA,2009,Rabi,Wheat,65000,178900,2.752307692
Gujarat,BANAS KANTHA,2009,Summer,Bajra,68400,140400,2.052631579
Gujarat,BANAS KANTHA,2009,Summer,Groundnut,900,1700,1.888888889
Gujarat,BANAS KANTHA,2009,Whole Year,Dry chillies,700,700,1
Gujarat,BANAS KANTHA,2009,Whole Year,Garlic,200,1300,6.5
Gujarat,BANAS KANTHA,2009,Whole Year,Guar seed,43300,6900,0.159353349
Gujarat,BANAS KANTHA,2009,Whole Year,Potato,21100,514900,24.4028436
Gujarat,BANAS KANTHA,2010,Kharif,Arhar/Tur,2600,3200,1.230769231
Gujarat,BANAS KANTHA,2010,Kharif,Bajra,132000,106200,0.804545455
Gujarat,BANAS KANTHA,2010,Kharif,Castor seed,78200,185700,2.374680307
Gujarat,BANAS KANTHA,2010,Kharif,Cotton(lint),32300,113500,3.513931889
Gujarat,BANAS KANTHA,2010,Kharif,Groundnut,27300,36000,1.318681319
Gujarat,BANAS KANTHA,2010,Kharif,Jowar,13200,5700,0.431818182
Gujarat,BANAS KANTHA,2010,Kharif,Maize,9800,21600,2.204081633
Gujarat,BANAS KANTHA,2010,Kharif,Moong(Green Gram),20100,15000,0.746268657
Gujarat,BANAS KANTHA,2010,Kharif,Moth,5100,3200,0.62745098
Gujarat,BANAS KANTHA,2010,Kharif,Other Cereals & Millets,2100,1400,0.666666667
Gujarat,BANAS KANTHA,2010,Kharif,Other Kharif pulses,5600,2800,0.5
Gujarat,BANAS KANTHA,2010,Kharif,other oilseeds,1500,500,0.333333333
Gujarat,BANAS KANTHA,2010,Kharif,Sesamum,19300,8900,0.461139896
Gujarat,BANAS KANTHA,2010,Kharif,Urad,2000,1700,0.85
Gujarat,BANAS KANTHA,2010,Rabi,Gram,900,1200,1.333333333
Gujarat,BANAS KANTHA,2010,Rabi,Maize,500,900,1.8
Gujarat,BANAS KANTHA,2010,Rabi,Other Cereals & Millets,10700,13800,1.289719626
Gujarat,BANAS KANTHA,2010,Rabi,Rapeseed &Mustard,120000,184800,1.54
Gujarat,BANAS KANTHA,2010,Rabi,Tobacco,6100,12100,1.983606557
Gujarat,BANAS KANTHA,2010,Rabi,Wheat,92900,280200,3.016146394
Gujarat,BANAS KANTHA,2010,Summer,Bajra,162000,382100,2.358641975
Gujarat,BANAS KANTHA,2010,Summer,Groundnut,5500,9800,1.781818182
Gujarat,BANAS KANTHA,2010,Summer,Moong(Green Gram),3900,2300,0.58974359
Gujarat,BANAS KANTHA,2010,Whole Year,Dry chillies,600,700,1.166666667
Gujarat,BANAS KANTHA,2010,Whole Year,Guar seed,43100,30600,0.709976798
Gujarat,BANAS KANTHA,2010,Whole Year,Potato,25600,663000,25.8984375
Gujarat,BANAS KANTHA,2011,Kharif,Arhar/Tur,3200,2500,0.78125
Gujarat,BANAS KANTHA,2011,Kharif,Bajra,118600,97100,0.818718381
Gujarat,BANAS KANTHA,2011,Kharif,Castor seed,179000,367000,2.05027933
Gujarat,BANAS KANTHA,2011,Kharif,Cotton(lint),48000,181500,3.78125
Gujarat,BANAS KANTHA,2011,Kharif,Groundnut,40400,99400,2.46039604
Gujarat,BANAS KANTHA,2011,Kharif,Jowar,3200,3200,1
Gujarat,BANAS KANTHA,2011,Kharif,Maize,11400,24500,2.149122807
Gujarat,BANAS KANTHA,2011,Kharif,Moong(Green Gram),31000,18500,0.596774194
Gujarat,BANAS KANTHA,2011,Kharif,Moth,6000,3700,0.616666667
Gujarat,BANAS KANTHA,2011,Kharif,Other Cereals & Millets,3600,2700,0.75
Gujarat,BANAS KANTHA,2011,Kharif,Other Kharif pulses,3300,1800,0.545454545
Gujarat,BANAS KANTHA,2011,Kharif,Sesamum,17600,8100,0.460227273
Gujarat,BANAS KANTHA,2011,Kharif,Tobacco,100,200,2
Gujarat,BANAS KANTHA,2011,Kharif,Urad,4200,2100,0.5
Gujarat,BANAS KANTHA,2011,Rabi,Gram,300,400,1.333333333
Gujarat,BANAS KANTHA,2011,Rabi,Jowar,400,400,1
Gujarat,BANAS KANTHA,2011,Rabi,Maize,300,700,2.333333333
Gujarat,BANAS KANTHA,2011,Rabi,Onion,100,700,7
Gujarat,BANAS KANTHA,2011,Rabi,Other  Rabi pulses,100,100,1
Gujarat,BANAS KANTHA,2011,Rabi,Other Cereals & Millets,1400,2000,1.428571429
Gujarat,BANAS KANTHA,2011,Rabi,Rapeseed &Mustard,112400,175400,1.560498221
Gujarat,BANAS KANTHA,2011,Rabi,Tobacco,4300,7700,1.790697674
Gujarat,BANAS KANTHA,2011,Rabi,Wheat,89000,242100,2.720224719
Gujarat,BANAS KANTHA,2011,Summer,Bajra,162000,393700,2.430246914
Gujarat,BANAS KANTHA,2011,Summer,Groundnut,5500,10500,1.909090909
Gujarat,BANAS KANTHA,2011,Summer,Moong(Green Gram),2600,1800,0.692307692
Gujarat,BANAS KANTHA,2011,Whole Year,Dry chillies,600,500,0.833333333
Gujarat,BANAS KANTHA,2011,Whole Year,Garlic,100,200,2
Gujarat,BANAS KANTHA,2011,Whole Year,Guar seed,53100,33600,0.632768362
Gujarat,BANAS KANTHA,2011,Whole Year,Potato,39900,943000,23.63408521
Gujarat,BANAS KANTHA,2012,Kharif,Arhar/Tur,1500,1300,0.866666667
Gujarat,BANAS KANTHA,2012,Kharif,Bajra,101200,89800,0.887351779
Gujarat,BANAS KANTHA,2012,Kharif,Castor seed,127700,308200,2.413469068
Gujarat,BANAS KANTHA,2012,Kharif,Cotton(lint),45600,160700,3.524122807
Gujarat,BANAS KANTHA,2012,Kharif,Groundnut,39500,44300,1.121518987
Gujarat,BANAS KANTHA,2012,Kharif,Jowar,6800,8300,1.220588235
Gujarat,BANAS KANTHA,2012,Kharif,Maize,7900,13600,1.721518987
Gujarat,BANAS KANTHA,2012,Kharif,Moong(Green Gram),18200,8600,0.472527473
Gujarat,BANAS KANTHA,2012,Kharif,Moth,1100,400,0.363636364
Gujarat,BANAS KANTHA,2012,Kharif,Other Cereals & Millets,1300,900,0.692307692
Gujarat,BANAS KANTHA,2012,Kharif,Other Kharif pulses,2500,900,0.36
Gujarat,BANAS KANTHA,2012,Kharif,Ragi,3000,2900,0.966666667
Gujarat,BANAS KANTHA,2012,Kharif,Sesamum,11700,5700,0.487179487
Gujarat,BANAS KANTHA,2012,Kharif,Urad,2400,2400,1
Gujarat,BANAS KANTHA,2012,Rabi,Gram,200,200,1
Gujarat,BANAS KANTHA,2012,Rabi,Maize,100,200,2
Gujarat,BANAS KANTHA,2012,Rabi,Other Cereals & Millets,2900,4200,1.448275862
Gujarat,BANAS KANTHA,2012,Rabi,Rapeseed &Mustard,115300,206200,1.788378144
Gujarat,BANAS KANTHA,2012,Rabi,Tobacco,800,1100,1.375
Gujarat,BANAS KANTHA,2012,Rabi,Wheat,92900,270800,2.914962325
Gujarat,BANAS KANTHA,2012,Summer,Bajra,135000,339100,2.511851852
Gujarat,BANAS KANTHA,2012,Summer,Groundnut,5300,12200,2.301886792
Gujarat,BANAS KANTHA,2012,Summer,Moong(Green Gram),2900,1400,0.482758621
Gujarat,BANAS KANTHA,2012,Whole Year,Dry chillies,500,500,1
Gujarat,BANAS KANTHA,2012,Whole Year,Guar seed,62000,44000,0.709677419
Gujarat,BANAS KANTHA,2012,Whole Year,Potato,39400,1021700,25.93147208
Gujarat,BHARUCH,1997,Kharif,Arhar/Tur,124500,64700,0.519678715
Gujarat,BHARUCH,1997,Kharif,Bajra,3900,4800,1.230769231
Gujarat,BHARUCH,1997,Kharif,Dry chillies,300,300,1
Gujarat,BHARUCH,1997,Kharif,Groundnut,3400,4500,1.323529412
Gujarat,BHARUCH,1997,Kharif,Jowar,20100,26200,1.303482587
Gujarat,BHARUCH,1997,Kharif,Moong(Green Gram),2100,1400,0.666666667
Gujarat,BHARUCH,1997,Kharif,Moth,500,300,0.6
Gujarat,BHARUCH,1997,Kharif,Urad,6900,4200,0.608695652
Gujarat,BHARUCH,1997,Rabi,Gram,2700,800,0.296296296
Gujarat,BHARUCH,1997,Rabi,Jowar,35400,28100,0.793785311
Gujarat,BHARUCH,1997,Rabi,Other  Rabi pulses,400,400,1
Gujarat,BHARUCH,1997,Rabi,Rapeseed &Mustard,100,100,1
Gujarat,BHARUCH,1997,Rabi,Wheat,19900,13900,0.698492462
Gujarat,BHARUCH,1997,Summer,Bajra,400,900,2.25
Gujarat,BHARUCH,1997,Summer,Groundnut,700,500,0.714285714
Gujarat,BHARUCH,1997,Whole Year,Banana,5100,305000,59.80392157
Gujarat,BHARUCH,1997,Whole Year,Castor seed,1100,2600,2.363636364
Gujarat,BHARUCH,1997,Whole Year,Cotton(lint),111700,135500,1.213070725
Gujarat,BHARUCH,1997,Whole Year,Maize,3600,6000,1.666666667
Gujarat,BHARUCH,1997,Whole Year,Pulses total,134000,706,0.005268657
Gujarat,BHARUCH,1997,Whole Year,Rice,25100,24600,0.980079681
Gujarat,BHARUCH,1997,Whole Year,Sesamum,3600,200,0.055555556
Gujarat,BHARUCH,1997,Whole Year,Sugarcane,12400,759000,61.20967742
Gujarat,BHARUCH,1997,Whole Year,Tobacco,100,100,1
Gujarat,BHARUCH,1998,Kharif,Arhar/Tur,92800,58600,0.631465517
Gujarat,BHARUCH,1998,Kharif,Bajra,3500,3500,1
Gujarat,BHARUCH,1998,Kharif,Castor seed,1100,2900,2.636363636
Gujarat,BHARUCH,1998,Kharif,Cotton(lint),140900,285700,2.027679205
Gujarat,BHARUCH,1998,Kharif,Groundnut,1900,2500,1.315789474
Gujarat,BHARUCH,1998,Kharif,Jowar,16700,25100,1.502994012
Gujarat,BHARUCH,1998,Kharif,Maize,4100,7100,1.731707317
Gujarat,BHARUCH,1998,Kharif,Moong(Green Gram),2300,1700,0.739130435
Gujarat,BHARUCH,1998,Kharif,Moth,600,200,0.333333333
Gujarat,BHARUCH,1998,Kharif,Other Cereals & Millets,100,,
Gujarat,BHARUCH,1998,Kharif,Rice,21100,25200,1.194312796
Gujarat,BHARUCH,1998,Kharif,Sesamum,3200,1200,0.375
Gujarat,BHARUCH,1998,Kharif,Small millets,100,,
Gujarat,BHARUCH,1998,Kharif,Urad,5600,4000,0.714285714
Gujarat,BHARUCH,1998,Rabi,Gram,3300,1700,0.515151515
Gujarat,BHARUCH,1998,Rabi,Jowar,28900,23700,0.820069204
Gujarat,BHARUCH,1998,Rabi,Other  Rabi pulses,300,200,0.666666667
Gujarat,BHARUCH,1998,Rabi,Rapeseed &Mustard,200,300,1.5
Gujarat,BHARUCH,1998,Rabi,Wheat,22800,19500,0.855263158
Gujarat,BHARUCH,1998,Summer,Bajra,500,1100,2.2
Gujarat,BHARUCH,1998,Summer,Groundnut,3300,3100,0.939393939
Gujarat,BHARUCH,1998,Whole Year,Banana,4000,244600,61.15
Gujarat,BHARUCH,1998,Whole Year,Dry chillies,600,500,0.833333333
Gujarat,BHARUCH,1998,Whole Year,Oilseeds total,9700,10000,1.030927835
Gujarat,BHARUCH,1998,Whole Year,Onion,100,2600,26
Gujarat,BHARUCH,1998,Whole Year,Pulses total,104900,66400,0.632983794
Gujarat,BHARUCH,1998,Whole Year,Sugarcane,22000,1123000,51.04545455
Gujarat,BHARUCH,1998,Whole Year,Tobacco,100,100,1
Gujarat,BHARUCH,1999,Kharif,Arhar/Tur,100300,66400,0.662013958
Gujarat,BHARUCH,1999,Kharif,Bajra,2400,1500,0.625
Gujarat,BHARUCH,1999,Kharif,Castor seed,1600,3100,1.9375
Gujarat,BHARUCH,1999,Kharif,Cotton(lint),135400,253000,1.868537666
Gujarat,BHARUCH,1999,Kharif,Groundnut,1100,400,0.363636364
Gujarat,BHARUCH,1999,Kharif,Jowar,12600,16800,1.333333333
Gujarat,BHARUCH,1999,Kharif,Maize,11000,14200,1.290909091
Gujarat,BHARUCH,1999,Kharif,Moong(Green Gram),1500,300,0.2
Gujarat,BHARUCH,1999,Kharif,Moth,300,0,0
Gujarat,BHARUCH,1999,Kharif,Other Cereals & Millets,400,100,0.25
Gujarat,BHARUCH,1999,Kharif,Other Kharif pulses,200,0,0
Gujarat,BHARUCH,1999,Kharif,Rice,27200,23700,0.871323529
Gujarat,BHARUCH,1999,Kharif,Sesamum,2900,900,0.310344828
Gujarat,BHARUCH,1999,Kharif,Small millets,400,100,0.25
Gujarat,BHARUCH,1999,Kharif,Urad,7600,3700,0.486842105
Gujarat,BHARUCH,1999,Rabi,Gram,2300,1200,0.52173913
Gujarat,BHARUCH,1999,Rabi,Jowar,26100,28800,1.103448276
Gujarat,BHARUCH,1999,Rabi,Other  Rabi pulses,300,200,0.666666667
Gujarat,BHARUCH,1999,Rabi,Rapeseed &Mustard,100,100,1
Gujarat,BHARUCH,1999,Rabi,Wheat,9700,12900,1.329896907
Gujarat,BHARUCH,1999,Summer,Bajra,500,1000,2
Gujarat,BHARUCH,1999,Summer,Groundnut,2600,5100,1.961538462
Gujarat,BHARUCH,1999,Whole Year,Banana,3700,240200,64.91891892
Gujarat,BHARUCH,1999,Whole Year,Dry chillies,100,100,1
Gujarat,BHARUCH,1999,Whole Year,Onion,100,1800,18
Gujarat,BHARUCH,1999,Whole Year,Sugarcane,27900,2015000,72.22222222
Gujarat,BHARUCH,2000,Kharif,Arhar/Tur,93000,27400,0.294623656
Gujarat,BHARUCH,2000,Kharif,Bajra,3600,2300,0.638888889
Gujarat,BHARUCH,2000,Kharif,Castor seed,2000,2700,1.35
Gujarat,BHARUCH,2000,Kharif,Cotton(lint),157400,148000,0.940279543
Gujarat,BHARUCH,2000,Kharif,Groundnut,900,300,0.333333333
Gujarat,BHARUCH,2000,Kharif,Jowar,14600,12400,0.849315068
Gujarat,BHARUCH,2000,Kharif,Maize,7000,5300,0.757142857
Gujarat,BHARUCH,2000,Kharif,Moong(Green Gram),2000,600,0.3
Gujarat,BHARUCH,2000,Kharif,Moth,400,,
Gujarat,BHARUCH,2000,Kharif,Other Kharif pulses,600,300,0.5
Gujarat,BHARUCH,2000,Kharif,Rice,27900,17600,0.630824373
Gujarat,BHARUCH,2000,Kharif,Sesamum,4000,700,0.175
Gujarat,BHARUCH,2000,Kharif,Urad,7300,2700,0.369863014
Gujarat,BHARUCH,2000,Rabi,Gram,800,300,0.375
Gujarat,BHARUCH,2000,Rabi,Jowar,15800,6600,0.417721519
Gujarat,BHARUCH,2000,Rabi,Wheat,5700,11800,2.070175439
Gujarat,BHARUCH,2000,Summer,Bajra,300,600,2
Gujarat,BHARUCH,2000,Summer,Groundnut,1300,2300,1.769230769
Gujarat,BHARUCH,2000,Whole Year,Banana,4300,254600,59.20930233
Gujarat,BHARUCH,2000,Whole Year,Dry chillies,100,100,1
Gujarat,BHARUCH,2000,Whole Year,Guar seed,500,100,0.2
Gujarat,BHARUCH,2000,Whole Year,Onion,100,1300,13
Gujarat,BHARUCH,2000,Whole Year,Sugarcane,26000,1834000,70.53846154
Gujarat,BHARUCH,2000,Whole Year,Tobacco,100,100,1
Gujarat,BHARUCH,2001,Kharif,Arhar/Tur,66100,40400,0.611195159
Gujarat,BHARUCH,2001,Kharif,Bajra,2300,2800,1.217391304
Gujarat,BHARUCH,2001,Kharif,Castor seed,1100,1900,1.727272727
Gujarat,BHARUCH,2001,Kharif,Cotton(lint),154600,166000,1.07373868
Gujarat,BHARUCH,2001,Kharif,Groundnut,1500,2200,1.466666667
Gujarat,BHARUCH,2001,Kharif,Jowar,13700,20000,1.459854015
Gujarat,BHARUCH,2001,Kharif,Maize,10200,20300,1.990196078
Gujarat,BHARUCH,2001,Kharif,Moong(Green Gram),1900,900,0.473684211
Gujarat,BHARUCH,2001,Kharif,Moth,400,100,0.25
Gujarat,BHARUCH,2001,Kharif,Other Kharif pulses,600,200,0.333333333
Gujarat,BHARUCH,2001,Kharif,Rice,24200,25200,1.041322314
Gujarat,BHARUCH,2001,Kharif,Sesamum,3700,1400,0.378378378
Gujarat,BHARUCH,2001,Kharif,Small millets,300,100,0.333333333
Gujarat,BHARUCH,2001,Kharif,Urad,4700,1400,0.29787234
Gujarat,BHARUCH,2001,Rabi,Gram,1400,700,0.5
Gujarat,BHARUCH,2001,Rabi,Jowar,19200,13400,0.697916667
Gujarat,BHARUCH,2001,Rabi,Rapeseed &Mustard,100,100,1
Gujarat,BHARUCH,2001,Rabi,Wheat,9000,16500,1.833333333
Gujarat,BHARUCH,2001,Summer,Bajra,600,1100,1.833333333
Gujarat,BHARUCH,2001,Summer,Groundnut,1200,1500,1.25
Gujarat,BHARUCH,2001,Summer,Rice,200,600,3
Gujarat,BHARUCH,2001,Whole Year,Banana,5000,295700,59.14
Gujarat,BHARUCH,2001,Whole Year,Dry chillies,400,300,0.75
Gujarat,BHARUCH,2001,Whole Year,Guar seed,200,100,0.5
Gujarat,BHARUCH,2001,Whole Year,Sugarcane,29900,1923000,64.31438127
Gujarat,BHARUCH,2002,Kharif,Arhar/Tur,62200,39300,0.631832797
Gujarat,BHARUCH,2002,Kharif,Bajra,2900,2500,0.862068966
Gujarat,BHARUCH,2002,Kharif,Castor seed,1200,1400,1.166666667
Gujarat,BHARUCH,2002,Kharif,Cotton(lint),161100,213100,1.322780881
Gujarat,BHARUCH,2002,Kharif,Groundnut,500,300,0.6
Gujarat,BHARUCH,2002,Kharif,Jowar,12000,19900,1.658333333
Gujarat,BHARUCH,2002,Kharif,Maize,4100,6800,1.658536585
Gujarat,BHARUCH,2002,Kharif,Moong(Green Gram),3500,1100,0.314285714
Gujarat,BHARUCH,2002,Kharif,Moth,300,200,0.666666667
Gujarat,BHARUCH,2002,Kharif,Other Kharif pulses,400,200,0.5
Gujarat,BHARUCH,2002,Kharif,Rice,23700,24200,1.021097046
Gujarat,BHARUCH,2002,Kharif,Sesamum,3900,1400,0.358974359
Gujarat,BHARUCH,2002,Kharif,Urad,3000,1600,0.533333333
Gujarat,BHARUCH,2002,Rabi,Gram,2200,800,0.363636364
Gujarat,BHARUCH,2002,Rabi,Jowar,19300,15100,0.78238342
Gujarat,BHARUCH,2002,Rabi,Other  Rabi pulses,500,300,0.6
Gujarat,BHARUCH,2002,Rabi,Rapeseed &Mustard,100,100,1
Gujarat,BHARUCH,2002,Rabi,Wheat,14900,20200,1.355704698
Gujarat,BHARUCH,2002,Summer,Bajra,800,1300,1.625
Gujarat,BHARUCH,2002,Summer,Groundnut,1000,1400,1.4
Gujarat,BHARUCH,2002,Summer,Rice,600,2900,4.833333333
Gujarat,BHARUCH,2002,Whole Year,Dry chillies,100,100,1
Gujarat,BHARUCH,2002,Whole Year,Guar seed,200,100,0.5
Gujarat,BHARUCH,2002,Whole Year,Onion,100,2100,21
Gujarat,BHARUCH,2002,Whole Year,Sugarcane,32000,1979000,61.84375
Gujarat,BHARUCH,2002,Whole Year,Tobacco,100,100,1
Gujarat,BHARUCH,2003,Kharif,Arhar/Tur,38600,19500,0.505181347
Gujarat,BHARUCH,2003,Kharif,Bajra,3100,4200,1.35483871
Gujarat,BHARUCH,2003,Kharif,Castor seed,1000,1800,1.8
Gujarat,BHARUCH,2003,Kharif,Cotton(lint),132900,191900,1.443942814
Gujarat,BHARUCH,2003,Kharif,Groundnut,600,1300,2.166666667
Gujarat,BHARUCH,2003,Kharif,Jowar,7200,12900,1.791666667
Gujarat,BHARUCH,2003,Kharif,Maize,1700,3000,1.764705882
Gujarat,BHARUCH,2003,Kharif,Moong(Green Gram),2200,1300,0.590909091
Gujarat,BHARUCH,2003,Kharif,Moth,600,400,0.666666667
Gujarat,BHARUCH,2003,Kharif,Other Kharif pulses,500,300,0.6
Gujarat,BHARUCH,2003,Kharif,Rice,13300,21900,1.646616541
Gujarat,BHARUCH,2003,Kharif,Sesamum,3500,900,0.257142857
Gujarat,BHARUCH,2003,Kharif,Urad,3100,2300,0.741935484
Gujarat,BHARUCH,2003,Rabi,Gram,1800,1600,0.888888889
Gujarat,BHARUCH,2003,Rabi,Jowar,21100,12700,0.601895735
Gujarat,BHARUCH,2003,Rabi,Other  Rabi pulses,1400,600,0.428571429
Gujarat,BHARUCH,2003,Rabi,Rapeseed &Mustard,100,100,1
Gujarat,BHARUCH,2003,Rabi,Small millets,600,200,0.333333333
Gujarat,BHARUCH,2003,Rabi,Wheat,18800,22100,1.175531915
Gujarat,BHARUCH,2003,Summer,Bajra,100,300,3
Gujarat,BHARUCH,2003,Summer,Groundnut,1300,2100,1.615384615
Gujarat,BHARUCH,2003,Summer,Rice,500,1800,3.6
Gujarat,BHARUCH,2003,Whole Year,Banana,6800,502400,73.88235294
Gujarat,BHARUCH,2003,Whole Year,Dry chillies,100,100,1
Gujarat,BHARUCH,2003,Whole Year,Sugarcane,21400,1391000,65
Gujarat,BHARUCH,2004,Kharif,Arhar/Tur,38000,21400,0.563157895
Gujarat,BHARUCH,2004,Kharif,Bajra,3100,3200,1.032258065
Gujarat,BHARUCH,2004,Kharif,Castor seed,2000,3500,1.75
Gujarat,BHARUCH,2004,Kharif,Cotton(lint),129700,335000,2.582883577
Gujarat,BHARUCH,2004,Kharif,Groundnut,400,400,1
Gujarat,BHARUCH,2004,Kharif,Jowar,6600,7300,1.106060606
Gujarat,BHARUCH,2004,Kharif,Maize,2200,2000,0.909090909
Gujarat,BHARUCH,2004,Kharif,Moong(Green Gram),2500,1000,0.4
Gujarat,BHARUCH,2004,Kharif,Moth,500,200,0.4
Gujarat,BHARUCH,2004,Kharif,Other Cereals & Millets,100,100,1
Gujarat,BHARUCH,2004,Kharif,Other Kharif pulses,300,100,0.333333333
Gujarat,BHARUCH,2004,Kharif,Rice,12300,15800,1.284552846
Gujarat,BHARUCH,2004,Kharif,Sesamum,3200,,
Gujarat,BHARUCH,2004,Kharif,Small millets,100,100,1
Gujarat,BHARUCH,2004,Kharif,Urad,2900,2300,0.793103448
Gujarat,BHARUCH,2004,Rabi,Gram,4300,2700,0.627906977
Gujarat,BHARUCH,2004,Rabi,Jowar,26100,17000,0.651340996
Gujarat,BHARUCH,2004,Rabi,Other  Rabi pulses,100,,
Gujarat,BHARUCH,2004,Rabi,Rapeseed &Mustard,200,300,1.5
Gujarat,BHARUCH,2004,Rabi,Wheat,21800,29100,1.334862385
Gujarat,BHARUCH,2004,Summer,Bajra,200,500,2.5
Gujarat,BHARUCH,2004,Summer,Groundnut,1100,1800,1.636363636
Gujarat,BHARUCH,2004,Summer,Rice,200,500,2.5
Gujarat,BHARUCH,2004,Whole Year,Banana,10100,640400,63.40594059
Gujarat,BHARUCH,2004,Whole Year,Sugarcane,22300,1565000,70.1793722
Gujarat,BHARUCH,2005,Kharif,Arhar/Tur,42900,26500,0.617715618
Gujarat,BHARUCH,2005,Kharif,Bajra,3500,3800,1.085714286
Gujarat,BHARUCH,2005,Kharif,Castor seed,2300,4500,1.956521739
Gujarat,BHARUCH,2005,Kharif,Cotton(lint),148000,309300,2.089864865
Gujarat,BHARUCH,2005,Kharif,Groundnut,600,1000,1.666666667
Gujarat,BHARUCH,2005,Kharif,Jowar,5700,6800,1.192982456
Gujarat,BHARUCH,2005,Kharif,Maize,2900,4600,1.586206897
Gujarat,BHARUCH,2005,Kharif,Moong(Green Gram),1100,600,0.545454545
Gujarat,BHARUCH,2005,Kharif,Moth,1100,500,0.454545455
Gujarat,BHARUCH,2005,Kharif,Other Kharif pulses,400,200,0.5
Gujarat,BHARUCH,2005,Kharif,Rice,12900,18100,1.403100775
Gujarat,BHARUCH,2005,Kharif,Sesamum,5000,200,0.04
Gujarat,BHARUCH,2005,Kharif,Urad,2000,1600,0.8
Gujarat,BHARUCH,2005,Rabi,Gram,2100,1000,0.476190476
Gujarat,BHARUCH,2005,Rabi,Jowar,21800,17000,0.779816514
Gujarat,BHARUCH,2005,Rabi,Other  Rabi pulses,2500,2200,0.88
Gujarat,BHARUCH,2005,Rabi,Rapeseed &Mustard,100,100,1
Gujarat,BHARUCH,2005,Rabi,Wheat,17200,25100,1.459302326
Gujarat,BHARUCH,2005,Summer,Bajra,400,900,2.25
Gujarat,BHARUCH,2005,Summer,Groundnut,700,1200,1.714285714
Gujarat,BHARUCH,2005,Summer,Rice,200,700,3.5
Gujarat,BHARUCH,2005,Whole Year,Banana,10300,690500,67.03883495
Gujarat,BHARUCH,2005,Whole Year,Sugarcane,21200,1562000,73.67924528
Gujarat,BHARUCH,2006,Kharif,Arhar/Tur,41100,25900,0.630170316
Gujarat,BHARUCH,2006,Kharif,Bajra,2200,1600,0.727272727
Gujarat,BHARUCH,2006,Kharif,Castor seed,1200,2300,1.916666667
Gujarat,BHARUCH,2006,Kharif,Cotton(lint),153100,257100,1.679294579
Gujarat,BHARUCH,2006,Kharif,Groundnut,700,700,1
Gujarat,BHARUCH,2006,Kharif,Jowar,5900,7300,1.237288136
Gujarat,BHARUCH,2006,Kharif,Maize,3000,900,0.3
Gujarat,BHARUCH,2006,Kharif,Moong(Green Gram),2100,700,0.333333333
Gujarat,BHARUCH,2006,Kharif,Moth,500,100,0.2
Gujarat,BHARUCH,2006,Kharif,Other Kharif pulses,800,600,0.75
Gujarat,BHARUCH,2006,Kharif,Ragi,200,200,1
Gujarat,BHARUCH,2006,Kharif,Rice,10500,15200,1.447619048
Gujarat,BHARUCH,2006,Kharif,Sesamum,2800,,
Gujarat,BHARUCH,2006,Kharif,Urad,2100,1700,0.80952381
Gujarat,BHARUCH,2006,Rabi,Gram,2900,1200,0.413793103
Gujarat,BHARUCH,2006,Rabi,Jowar,27300,17800,0.652014652
Gujarat,BHARUCH,2006,Rabi,Other  Rabi pulses,2300,1100,0.47826087
Gujarat,BHARUCH,2006,Rabi,Other Cereals & Millets,600,700,1.166666667
Gujarat,BHARUCH,2006,Rabi,Rapeseed &Mustard,100,200,2
Gujarat,BHARUCH,2006,Rabi,Wheat,17700,19400,1.096045198
Gujarat,BHARUCH,2006,Summer,Bajra,300,700,2.333333333
Gujarat,BHARUCH,2006,Summer,Groundnut,1500,1400,0.933333333
Gujarat,BHARUCH,2006,Summer,Rice,400,1100,2.75
Gujarat,BHARUCH,2006,Whole Year,Banana,7300,467500,64.04109589
Gujarat,BHARUCH,2006,Whole Year,Sugarcane,25800,1861000,72.13178295
Gujarat,BHARUCH,2007,Kharif,Arhar/Tur,40400,33000,0.816831683
Gujarat,BHARUCH,2007,Kharif,Castor seed,6400,12700,1.984375
Gujarat,BHARUCH,2007,Kharif,Cotton(lint),129400,217300,1.679289026
Gujarat,BHARUCH,2007,Kharif,Groundnut,1200,2100,1.75
Gujarat,BHARUCH,2007,Kharif,Jowar,5900,7000,1.186440678
Gujarat,BHARUCH,2007,Kharif,Maize,1800,2500,1.388888889
Gujarat,BHARUCH,2007,Kharif,Moong(Green Gram),3800,2100,0.552631579
Gujarat,BHARUCH,2007,Kharif,Moth,900,500,0.555555556
Gujarat,BHARUCH,2007,Kharif,Other Cereals & Millets,300,200,0.666666667
Gujarat,BHARUCH,2007,Kharif,Other Kharif pulses,600,500,0.833333333
Gujarat,BHARUCH,2007,Kharif,Rice,11400,16800,1.473684211
Gujarat,BHARUCH,2007,Kharif,Sesamum,3600,500,0.138888889
Gujarat,BHARUCH,2007,Kharif,Urad,2600,1800,0.692307692
Gujarat,BHARUCH,2007,Rabi,Gram,1400,500,0.357142857
Gujarat,BHARUCH,2007,Rabi,Jowar,19400,14100,0.726804124
Gujarat,BHARUCH,2007,Rabi,Other  Rabi pulses,1200,600,0.5
Gujarat,BHARUCH,2007,Rabi,Other Cereals & Millets,600,700,1.166666667
Gujarat,BHARUCH,2007,Rabi,Rapeseed &Mustard,200,400,2
Gujarat,BHARUCH,2007,Rabi,Wheat,18600,35900,1.930107527
Gujarat,BHARUCH,2007,Summer,Bajra,500,1100,2.2
Gujarat,BHARUCH,2007,Summer,Groundnut,600,700,1.166666667
Gujarat,BHARUCH,2007,Summer,Rice,1200,3700,3.083333333
Gujarat,BHARUCH,2007,Whole Year,Banana,9600,555800,57.89583333
Gujarat,BHARUCH,2007,Whole Year,Dry chillies,100,100,1
Gujarat,BHARUCH,2007,Whole Year,Sugarcane,22000,1646000,74.81818182
Gujarat,BHARUCH,2008,Kharif,Arhar/Tur,56000,41000,0.732142857
Gujarat,BHARUCH,2008,Kharif,Bajra,100,100,1
Gujarat,BHARUCH,2008,Kharif,Castor seed,7800,15400,1.974358974
Gujarat,BHARUCH,2008,Kharif,Cotton(lint),133600,203900,1.526197605
Gujarat,BHARUCH,2008,Kharif,Groundnut,1000,1400,1.4
Gujarat,BHARUCH,2008,Kharif,Jowar,8900,14500,1.629213483
Gujarat,BHARUCH,2008,Kharif,Maize,2100,3000,1.428571429
Gujarat,BHARUCH,2008,Kharif,Moong(Green Gram),2800,1200,0.428571429
Gujarat,BHARUCH,2008,Kharif,Moth,700,100,0.142857143
Gujarat,BHARUCH,2008,Kharif,Other Cereals & Millets,200,100,0.5
Gujarat,BHARUCH,2008,Kharif,Other Kharif pulses,1000,800,0.8
Gujarat,BHARUCH,2008,Kharif,Rice,14600,24400,1.671232877
Gujarat,BHARUCH,2008,Kharif,Sesamum,3300,400,0.121212121
Gujarat,BHARUCH,2008,Kharif,Urad,2400,1700,0.708333333
Gujarat,BHARUCH,2008,Rabi,Gram,2300,600,0.260869565
Gujarat,BHARUCH,2008,Rabi,Jowar,21400,15500,0.724299065
Gujarat,BHARUCH,2008,Rabi,Other  Rabi pulses,1900,1000,0.526315789
Gujarat,BHARUCH,2008,Rabi,Rapeseed &Mustard,100,100,1
Gujarat,BHARUCH,2008,Rabi,Wheat,21400,29400,1.373831776
Gujarat,BHARUCH,2008,Summer,Bajra,600,1600,2.666666667
Gujarat,BHARUCH,2008,Summer,Groundnut,1000,1800,1.8
Gujarat,BHARUCH,2008,Summer,Rice,800,2500,3.125
Gujarat,BHARUCH,2008,Whole Year,Banana,8700,564400,64.87356322
Gujarat,BHARUCH,2008,Whole Year,Sugarcane,20900,1484000,71.00478469
Gujarat,BHARUCH,2009,Kharif,Arhar/Tur,64700,41900,0.647604328
Gujarat,BHARUCH,2009,Kharif,Bajra,100,100,1
Gujarat,BHARUCH,2009,Kharif,Castor seed,6900,13500,1.956521739
Gujarat,BHARUCH,2009,Kharif,Cotton(lint),107000,216900,2.027102804
Gujarat,BHARUCH,2009,Kharif,Groundnut,1500,1400,0.933333333
Gujarat,BHARUCH,2009,Kharif,Jowar,5100,5700,1.117647059
Gujarat,BHARUCH,2009,Kharif,Maize,2400,2300,0.958333333
Gujarat,BHARUCH,2009,Kharif,Moong(Green Gram),2200,900,0.409090909
Gujarat,BHARUCH,2009,Kharif,Moth,400,100,0.25
Gujarat,BHARUCH,2009,Kharif,Other Cereals & Millets,5300,2700,0.509433962
Gujarat,BHARUCH,2009,Kharif,Other Kharif pulses,900,700,0.777777778
Gujarat,BHARUCH,2009,Kharif,Rice,12200,19400,1.590163934
Gujarat,BHARUCH,2009,Kharif,Sesamum,2400,500,0.208333333
Gujarat,BHARUCH,2009,Kharif,Urad,2900,2100,0.724137931
Gujarat,BHARUCH,2009,Rabi,Gram,1800,1700,0.944444444
Gujarat,BHARUCH,2009,Rabi,Jowar,13100,12300,0.938931298
Gujarat,BHARUCH,2009,Rabi,Other  Rabi pulses,3100,2300,0.741935484
Gujarat,BHARUCH,2009,Rabi,Wheat,18400,28700,1.559782609
Gujarat,BHARUCH,2009,Summer,Bajra,400,900,2.25
Gujarat,BHARUCH,2009,Summer,Groundnut,1200,2300,1.916666667
Gujarat,BHARUCH,2009,Summer,Rice,300,1000,3.333333333
Gujarat,BHARUCH,2009,Whole Year,Banana,4900,325600,66.44897959
Gujarat,BHARUCH,2009,Whole Year,Dry chillies,100,100,1
Gujarat,BHARUCH,2009,Whole Year,Sugarcane,17600,1278000,72.61363636
Gujarat,BHARUCH,2010,Kharif,Arhar/Tur,66400,61500,0.926204819
Gujarat,BHARUCH,2010,Kharif,Bajra,800,1000,1.25
Gujarat,BHARUCH,2010,Kharif,Castor seed,4900,8100,1.653061224
Gujarat,BHARUCH,2010,Kharif,Cotton(lint),118400,223100,1.884290541
Gujarat,BHARUCH,2010,Kharif,Groundnut,1100,2100,1.909090909
Gujarat,BHARUCH,2010,Kharif,Jowar,3400,4400,1.294117647
Gujarat,BHARUCH,2010,Kharif,Maize,2600,4300,1.653846154
Gujarat,BHARUCH,2010,Kharif,Moong(Green Gram),1500,700,0.466666667
Gujarat,BHARUCH,2010,Kharif,Moth,500,300,0.6
Gujarat,BHARUCH,2010,Kharif,Other Kharif pulses,900,500,0.555555556
Gujarat,BHARUCH,2010,Kharif,other oilseeds,300,100,0.333333333
Gujarat,BHARUCH,2010,Kharif,Rice,11400,19200,1.684210526
Gujarat,BHARUCH,2010,Kharif,Sesamum,1900,500,0.263157895
Gujarat,BHARUCH,2010,Kharif,Soyabean,8100,6700,0.827160494
Gujarat,BHARUCH,2010,Kharif,Urad,2600,2000,0.769230769
Gujarat,BHARUCH,2010,Rabi,Gram,1100,1600,1.454545455
Gujarat,BHARUCH,2010,Rabi,Jowar,10900,11000,1.009174312
Gujarat,BHARUCH,2010,Rabi,Maize,1300,2400,1.846153846
Gujarat,BHARUCH,2010,Rabi,Other  Rabi pulses,5400,3800,0.703703704
Gujarat,BHARUCH,2010,Rabi,Wheat,16800,33700,2.005952381
Gujarat,BHARUCH,2010,Summer,Bajra,1500,3700,2.466666667
Gujarat,BHARUCH,2010,Summer,Groundnut,2500,4500,1.8
Gujarat,BHARUCH,2010,Summer,Maize,300,600,2
Gujarat,BHARUCH,2010,Summer,Moong(Green Gram),2000,1100,0.55
Gujarat,BHARUCH,2010,Summer,Rice,1800,5500,3.055555556
Gujarat,BHARUCH,2010,Summer,Sesamum,100,100,1
Gujarat,BHARUCH,2010,Whole Year,Banana,4500,286000,63.55555556
Gujarat,BHARUCH,2010,Whole Year,Sugarcane,20800,1514000,72.78846154
Gujarat,BHARUCH,2011,Kharif,Arhar/Tur,46600,40900,0.877682403
Gujarat,BHARUCH,2011,Kharif,Bajra,800,900,1.125
Gujarat,BHARUCH,2011,Kharif,Castor seed,7000,14400,2.057142857
Gujarat,BHARUCH,2011,Kharif,Cotton(lint),125100,260800,2.084732214
Gujarat,BHARUCH,2011,Kharif,Groundnut,900,1500,1.666666667
Gujarat,BHARUCH,2011,Kharif,Jowar,3900,4700,1.205128205
Gujarat,BHARUCH,2011,Kharif,Maize,2300,3200,1.391304348
Gujarat,BHARUCH,2011,Kharif,Moong(Green Gram),900,400,0.444444444
Gujarat,BHARUCH,2011,Kharif,Moth,200,100,0.5
Gujarat,BHARUCH,2011,Kharif,Other Kharif pulses,1800,1000,0.555555556
Gujarat,BHARUCH,2011,Kharif,Rice,10300,16500,1.601941748
Gujarat,BHARUCH,2011,Kharif,Sesamum,1300,200,0.153846154
Gujarat,BHARUCH,2011,Kharif,Urad,2500,1900,0.76
Gujarat,BHARUCH,2011,Rabi,Gram,2100,2400,1.142857143
Gujarat,BHARUCH,2011,Rabi,Jowar,11900,9500,0.798319328
Gujarat,BHARUCH,2011,Rabi,Maize,1000,2400,2.4
Gujarat,BHARUCH,2011,Rabi,Other  Rabi pulses,9200,7200,0.782608696
Gujarat,BHARUCH,2011,Rabi,Other Cereals & Millets,1500,1400,0.933333333
Gujarat,BHARUCH,2011,Rabi,Rapeseed &Mustard,200,300,1.5
Gujarat,BHARUCH,2011,Rabi,Wheat,22000,45800,2.081818182
Gujarat,BHARUCH,2011,Summer,Bajra,2100,5300,2.523809524
Gujarat,BHARUCH,2011,Summer,Groundnut,3500,6700,1.914285714
Gujarat,BHARUCH,2011,Summer,Maize,500,1000,2
Gujarat,BHARUCH,2011,Summer,Moong(Green Gram),2700,1400,0.518518519
Gujarat,BHARUCH,2011,Summer,Rice,2800,8900,3.178571429
Gujarat,BHARUCH,2011,Summer,Sesamum,300,100,0.333333333
Gujarat,BHARUCH,2011,Whole Year,Banana,8700,668300,76.81609195
Gujarat,BHARUCH,2011,Whole Year,other oilseeds,1000,400,0.4
Gujarat,BHARUCH,2011,Whole Year,Sugarcane,18800,1163000,61.86170213
Gujarat,BHARUCH,2012,Kharif,Arhar/Tur,53500,48500,0.906542056
Gujarat,BHARUCH,2012,Kharif,Bajra,300,300,1
Gujarat,BHARUCH,2012,Kharif,Castor seed,5800,11500,1.982758621
Gujarat,BHARUCH,2012,Kharif,Cotton(lint),118900,271700,2.285113541
Gujarat,BHARUCH,2012,Kharif,Groundnut,600,300,0.5
Gujarat,BHARUCH,2012,Kharif,Jowar,3700,5700,1.540540541
Gujarat,BHARUCH,2012,Kharif,Maize,2600,4400,1.692307692
Gujarat,BHARUCH,2012,Kharif,Moong(Green Gram),1600,700,0.4375
Gujarat,BHARUCH,2012,Kharif,Moth,1500,500,0.333333333
Gujarat,BHARUCH,2012,Kharif,Other Kharif pulses,1100,600,0.545454545
Gujarat,BHARUCH,2012,Kharif,Rice,9600,14100,1.46875
Gujarat,BHARUCH,2012,Kharif,Sesamum,500,10600,21.2
Gujarat,BHARUCH,2012,Kharif,Urad,2100,2200,1.047619048
Gujarat,BHARUCH,2012,Rabi,Gram,1100,1000,0.909090909
Gujarat,BHARUCH,2012,Rabi,Jowar,9800,9600,0.979591837
Gujarat,BHARUCH,2012,Rabi,Onion,100,1200,12
Gujarat,BHARUCH,2012,Rabi,Other  Rabi pulses,7200,5300,0.736111111
Gujarat,BHARUCH,2012,Rabi,Other Cereals & Millets,100,300,3
Gujarat,BHARUCH,2012,Rabi,Wheat,23500,44100,1.876595745
Gujarat,BHARUCH,2012,Summer,Bajra,500,1200,2.4
Gujarat,BHARUCH,2012,Summer,Groundnut,300,700,2.333333333
Gujarat,BHARUCH,2012,Summer,Maize,200,400,2
Gujarat,BHARUCH,2012,Summer,Moong(Green Gram),1200,600,0.5
Gujarat,BHARUCH,2012,Summer,Rice,2100,6300,3
Gujarat,BHARUCH,2012,Summer,Sesamum,500,21300,42.6
Gujarat,BHARUCH,2012,Whole Year,Banana,8200,557100,67.93902439
Gujarat,BHARUCH,2012,Whole Year,Garlic,100,200,2
Gujarat,BHARUCH,2012,Whole Year,Guar seed,800,500,0.625
Gujarat,BHARUCH,2012,Whole Year,Sugarcane,27500,177400,6.450909091
Gujarat,BHAVNAGAR,1997,Kharif,Arhar/Tur,2300,1700,0.739130435
Gujarat,BHAVNAGAR,1997,Kharif,Bajra,105500,214400,2.032227488
Gujarat,BHAVNAGAR,1997,Kharif,Dry chillies,600,400,0.666666667
Gujarat,BHAVNAGAR,1997,Kharif,Groundnut,166300,163300,0.981960313
Gujarat,BHAVNAGAR,1997,Kharif,Jowar,49500,11300,0.228282828
Gujarat,BHAVNAGAR,1997,Kharif,Moong(Green Gram),5200,4000,0.769230769
Gujarat,BHAVNAGAR,1997,Kharif,Moth,2200,900,0.409090909
Gujarat,BHAVNAGAR,1997,Kharif,Urad,3100,2100,0.677419355
Gujarat,BHAVNAGAR,1997,Rabi,Gram,1200,1000,0.833333333
Gujarat,BHAVNAGAR,1997,Rabi,Jowar,1900,1600,0.842105263
Gujarat,BHAVNAGAR,1997,Rabi,Rapeseed &Mustard,900,900,1
Gujarat,BHAVNAGAR,1997,Rabi,Wheat,10500,23800,2.266666667
Gujarat,BHAVNAGAR,1997,Summer,Groundnut,2100,3000,1.428571429
Gujarat,BHAVNAGAR,1997,Whole Year,Banana,300,23300,77.66666667
Gujarat,BHAVNAGAR,1997,Whole Year,Castor seed,400,1000,2.5
Gujarat,BHAVNAGAR,1997,Whole Year,Cotton(lint),178500,502600,2.815686275
Gujarat,BHAVNAGAR,1997,Whole Year,Garlic,300,2200,7.333333333
Gujarat,BHAVNAGAR,1997,Whole Year,Maize,4100,6700,1.634146341
Gujarat,BHAVNAGAR,1997,Whole Year,Onion,9200,210800,22.91304348
Gujarat,BHAVNAGAR,1997,Whole Year,Pulses total,12900,87,0.006744186
Gujarat,BHAVNAGAR,1997,Whole Year,Rice,100,200,2
Gujarat,BHAVNAGAR,1997,Whole Year,Sesamum,53400,30100,0.563670412
Gujarat,BHAVNAGAR,1997,Whole Year,Sugarcane,200,13000,65
Gujarat,BHAVNAGAR,1998,Kharif,Arhar/Tur,2000,1900,0.95
Gujarat,BHAVNAGAR,1998,Kharif,Bajra,100100,180200,1.8001998
Gujarat,BHAVNAGAR,1998,Kharif,Castor seed,900,2400,2.666666667
Gujarat,BHAVNAGAR,1998,Kharif,Cotton(lint),195600,416200,2.127811861
Gujarat,BHAVNAGAR,1998,Kharif,Groundnut,151300,173600,1.147389293
Gujarat,BHAVNAGAR,1998,Kharif,Jowar,12300,10100,0.821138211
Gujarat,BHAVNAGAR,1998,Kharif,Maize,5000,8500,1.7
Gujarat,BHAVNAGAR,1998,Kharif,Moong(Green Gram),5800,4200,0.724137931
Gujarat,BHAVNAGAR,1998,Kharif,Moth,2400,700,0.291666667
Gujarat,BHAVNAGAR,1998,Kharif,Other Kharif pulses,100,,
Gujarat,BHAVNAGAR,1998,Kharif,Sesamum,51600,19800,0.38372093
Gujarat,BHAVNAGAR,1998,Kharif,Urad,3300,2200,0.666666667
Gujarat,BHAVNAGAR,1998,Rabi,Gram,6200,4200,0.677419355
Gujarat,BHAVNAGAR,1998,Rabi,Rapeseed &Mustard,1200,1700,1.416666667
Gujarat,BHAVNAGAR,1998,Rabi,Wheat,25400,56800,2.236220472
Gujarat,BHAVNAGAR,1998,Summer,Groundnut,13400,18800,1.402985075
Gujarat,BHAVNAGAR,1998,Whole Year,Banana,300,21600,72
Gujarat,BHAVNAGAR,1998,Whole Year,Dry chillies,200,100,0.5
Gujarat,BHAVNAGAR,1998,Whole Year,Garlic,800,5600,7
Gujarat,BHAVNAGAR,1998,Whole Year,Oilseeds total,218400,216300,0.990384615
Gujarat,BHAVNAGAR,1998,Whole Year,Onion,25100,573400,22.84462151
Gujarat,BHAVNAGAR,1998,Whole Year,Pulses total,19800,13200,0.666666667
Gujarat,BHAVNAGAR,1998,Whole Year,Sugarcane,100,10000,100
Gujarat,BHAVNAGAR,1999,Kharif,Arhar/Tur,2000,1700,0.85
Gujarat,BHAVNAGAR,1999,Kharif,Bajra,97400,66900,0.686858316
Gujarat,BHAVNAGAR,1999,Kharif,Castor seed,1400,2500,1.785714286
Gujarat,BHAVNAGAR,1999,Kharif,Cotton(lint),215300,236800,1.09986066
Gujarat,BHAVNAGAR,1999,Kharif,Groundnut,147700,61900,0.419092756
Gujarat,BHAVNAGAR,1999,Kharif,Jowar,2600,100,0.038461538
Gujarat,BHAVNAGAR,1999,Kharif,Maize,5100,6600,1.294117647
Gujarat,BHAVNAGAR,1999,Kharif,Moong(Green Gram),6200,1100,0.177419355
Gujarat,BHAVNAGAR,1999,Kharif,Moth,2300,400,0.173913043
Gujarat,BHAVNAGAR,1999,Kharif,Rice,100,200,2
Gujarat,BHAVNAGAR,1999,Kharif,Sesamum,52000,7400,0.142307692
Gujarat,BHAVNAGAR,1999,Kharif,Urad,3500,300,0.085714286
Gujarat,BHAVNAGAR,1999,Rabi,Gram,1600,300,0.1875
Gujarat,BHAVNAGAR,1999,Rabi,Rapeseed &Mustard,700,600,0.857142857
Gujarat,BHAVNAGAR,1999,Rabi,Wheat,6800,10800,1.588235294
Gujarat,BHAVNAGAR,1999,Summer,Bajra,200,400,2
Gujarat,BHAVNAGAR,1999,Summer,Groundnut,500,400,0.8
Gujarat,BHAVNAGAR,1999,Whole Year,Banana,200,7600,38
Gujarat,BHAVNAGAR,1999,Whole Year,Dry chillies,300,300,1
Gujarat,BHAVNAGAR,1999,Whole Year,Garlic,200,1000,5
Gujarat,BHAVNAGAR,1999,Whole Year,Onion,10300,218100,21.17475728
Gujarat,BHAVNAGAR,1999,Whole Year,Sugarcane,200,14000,70
Gujarat,BHAVNAGAR,2000,Kharif,Arhar/Tur,2000,700,0.35
Gujarat,BHAVNAGAR,2000,Kharif,Bajra,96200,59500,0.618503119
Gujarat,BHAVNAGAR,2000,Kharif,Castor seed,3100,4300,1.387096774
Gujarat,BHAVNAGAR,2000,Kharif,Cotton(lint),187000,86100,0.460427807
Gujarat,BHAVNAGAR,2000,Kharif,Groundnut,145700,13100,0.089910776
Gujarat,BHAVNAGAR,2000,Kharif,Jowar,12200,100,0.008196721
Gujarat,BHAVNAGAR,2000,Kharif,Maize,5100,3800,0.745098039
Gujarat,BHAVNAGAR,2000,Kharif,Moong(Green Gram),5600,1600,0.285714286
Gujarat,BHAVNAGAR,2000,Kharif,Moth,2000,200,0.1
Gujarat,BHAVNAGAR,2000,Kharif,Other Kharif pulses,400,100,0.25
Gujarat,BHAVNAGAR,2000,Kharif,Sesamum,54200,4800,0.088560886
Gujarat,BHAVNAGAR,2000,Kharif,Urad,3000,1000,0.333333333
Gujarat,BHAVNAGAR,2000,Rabi,Wheat,1000,2300,2.3
Gujarat,BHAVNAGAR,2000,Summer,Groundnut,100,100,1
Gujarat,BHAVNAGAR,2000,Whole Year,Dry chillies,200,100,0.5
Gujarat,BHAVNAGAR,2000,Whole Year,Guar seed,200,,
Gujarat,BHAVNAGAR,2000,Whole Year,Onion,2100,34800,16.57142857
Gujarat,BHAVNAGAR,2000,Whole Year,Sugarcane,100,7000,70
Gujarat,BHAVNAGAR,2001,Kharif,Arhar/Tur,1600,1000,0.625
Gujarat,BHAVNAGAR,2001,Kharif,Bajra,82200,144700,1.760340633
Gujarat,BHAVNAGAR,2001,Kharif,Castor seed,1100,2000,1.818181818
Gujarat,BHAVNAGAR,2001,Kharif,Cotton(lint),198700,130100,0.654755913
Gujarat,BHAVNAGAR,2001,Kharif,Groundnut,193300,263400,1.362648733
Gujarat,BHAVNAGAR,2001,Kharif,Jowar,2100,1600,0.761904762
Gujarat,BHAVNAGAR,2001,Kharif,Maize,3400,6700,1.970588235
Gujarat,BHAVNAGAR,2001,Kharif,Moong(Green Gram),4900,2900,0.591836735
Gujarat,BHAVNAGAR,2001,Kharif,Moth,1400,500,0.357142857
Gujarat,BHAVNAGAR,2001,Kharif,Other Kharif pulses,200,100,0.5
Gujarat,BHAVNAGAR,2001,Kharif,Rice,100,200,2
Gujarat,BHAVNAGAR,2001,Kharif,Sesamum,49400,37100,0.751012146
Gujarat,BHAVNAGAR,2001,Kharif,Small millets,300,,
Gujarat,BHAVNAGAR,2001,Kharif,Urad,3600,2100,0.583333333
Gujarat,BHAVNAGAR,2001,Rabi,Gram,1400,400,0.285714286
Gujarat,BHAVNAGAR,2001,Rabi,Rapeseed &Mustard,400,400,1
Gujarat,BHAVNAGAR,2001,Rabi,Wheat,6400,12700,1.984375
Gujarat,BHAVNAGAR,2001,Summer,Groundnut,200,200,1
Gujarat,BHAVNAGAR,2001,Whole Year,Dry chillies,400,300,0.75
Gujarat,BHAVNAGAR,2001,Whole Year,Garlic,400,2600,6.5
Gujarat,BHAVNAGAR,2001,Whole Year,Onion,13600,322900,23.74264706
Gujarat,BHAVNAGAR,2001,Whole Year,Sugarcane,100,8000,80
Gujarat,BHAVNAGAR,2002,Kharif,Arhar/Tur,1200,700,0.583333333
Gujarat,BHAVNAGAR,2002,Kharif,Bajra,82400,166900,2.025485437
Gujarat,BHAVNAGAR,2002,Kharif,Castor seed,600,700,1.166666667
Gujarat,BHAVNAGAR,2002,Kharif,Cotton(lint),188400,289100,1.534501062
Gujarat,BHAVNAGAR,2002,Kharif,Groundnut,205600,177300,0.862354086
Gujarat,BHAVNAGAR,2002,Kharif,Jowar,23500,5200,0.221276596
Gujarat,BHAVNAGAR,2002,Kharif,Maize,1500,2600,1.733333333
Gujarat,BHAVNAGAR,2002,Kharif,Moong(Green Gram),5400,1600,0.296296296
Gujarat,BHAVNAGAR,2002,Kharif,Moth,1800,900,0.5
Gujarat,BHAVNAGAR,2002,Kharif,Other Kharif pulses,400,100,0.25
Gujarat,BHAVNAGAR,2002,Kharif,Rice,100,100,1
Gujarat,BHAVNAGAR,2002,Kharif,Sesamum,46200,33300,0.720779221
Gujarat,BHAVNAGAR,2002,Kharif,Small millets,200,,
Gujarat,BHAVNAGAR,2002,Kharif,Urad,4100,1400,0.341463415
Gujarat,BHAVNAGAR,2002,Rabi,Gram,1000,900,0.9
Gujarat,BHAVNAGAR,2002,Rabi,Rapeseed &Mustard,500,600,1.2
Gujarat,BHAVNAGAR,2002,Rabi,Small millets,700,200,0.285714286
Gujarat,BHAVNAGAR,2002,Rabi,Wheat,12800,29200,2.28125
Gujarat,BHAVNAGAR,2002,Summer,Bajra,100,100,1
Gujarat,BHAVNAGAR,2002,Summer,Groundnut,23300,34400,1.47639485
Gujarat,BHAVNAGAR,2002,Whole Year,Dry chillies,500,400,0.8
Gujarat,BHAVNAGAR,2002,Whole Year,Garlic,500,2600,5.2
Gujarat,BHAVNAGAR,2002,Whole Year,Onion,18600,534700,28.74731183
Gujarat,BHAVNAGAR,2002,Whole Year,Sugarcane,100,8000,80
Gujarat,BHAVNAGAR,2003,Kharif,Arhar/Tur,700,600,0.857142857
Gujarat,BHAVNAGAR,2003,Kharif,Bajra,70000,142200,2.031428571
Gujarat,BHAVNAGAR,2003,Kharif,Castor seed,100,200,2
Gujarat,BHAVNAGAR,2003,Kharif,Cotton(lint),190100,411600,2.165176223
Gujarat,BHAVNAGAR,2003,Kharif,Groundnut,168500,204200,1.211869436
Gujarat,BHAVNAGAR,2003,Kharif,Maize,400,800,2
Gujarat,BHAVNAGAR,2003,Kharif,Moong(Green Gram),2000,1100,0.55
Gujarat,BHAVNAGAR,2003,Kharif,Moth,600,300,0.5
Gujarat,BHAVNAGAR,2003,Kharif,Other Kharif pulses,500,200,0.4
Gujarat,BHAVNAGAR,2003,Kharif,Sesamum,44500,27700,0.62247191
Gujarat,BHAVNAGAR,2003,Kharif,Urad,1100,800,0.727272727
Gujarat,BHAVNAGAR,2003,Rabi,Gram,1200,1200,1
Gujarat,BHAVNAGAR,2003,Rabi,Rapeseed &Mustard,200,200,1
Gujarat,BHAVNAGAR,2003,Rabi,Small millets,600,200,0.333333333
Gujarat,BHAVNAGAR,2003,Rabi,Wheat,13500,34300,2.540740741
Gujarat,BHAVNAGAR,2003,Summer,Groundnut,7500,4800,0.64
Gujarat,BHAVNAGAR,2003,Whole Year,Dry chillies,300,300,1
Gujarat,BHAVNAGAR,2003,Whole Year,Garlic,200,1200,6
Gujarat,BHAVNAGAR,2003,Whole Year,Onion,30800,880400,28.58441558
Gujarat,BHAVNAGAR,2003,Whole Year,Sugarcane,200,14000,70
Gujarat,BHAVNAGAR,2004,Kharif,Arhar/Tur,700,700,1
Gujarat,BHAVNAGAR,2004,Kharif,Bajra,65200,107500,1.648773006
Gujarat,BHAVNAGAR,2004,Kharif,Castor seed,800,1300,1.625
Gujarat,BHAVNAGAR,2004,Kharif,Cotton(lint),198700,515900,2.596376447
Gujarat,BHAVNAGAR,2004,Kharif,Groundnut,139900,60400,0.431736955
Gujarat,BHAVNAGAR,2004,Kharif,Maize,100,100,1
Gujarat,BHAVNAGAR,2004,Kharif,Moong(Green Gram),2000,800,0.4
Gujarat,BHAVNAGAR,2004,Kharif,Moth,500,200,0.4
Gujarat,BHAVNAGAR,2004,Kharif,Other Kharif pulses,100,100,1
Gujarat,BHAVNAGAR,2004,Kharif,Sesamum,44600,11400,0.255605381
Gujarat,BHAVNAGAR,2004,Kharif,Urad,1200,700,0.583333333
Gujarat,BHAVNAGAR,2004,Rabi,Gram,700,500,0.714285714
Gujarat,BHAVNAGAR,2004,Rabi,Other Cereals & Millets,100,,
Gujarat,BHAVNAGAR,2004,Rabi,Rapeseed &Mustard,100,100,1
Gujarat,BHAVNAGAR,2004,Rabi,Wheat,6000,17000,2.833333333
Gujarat,BHAVNAGAR,2004,Summer,Bajra,100,100,1
Gujarat,BHAVNAGAR,2004,Summer,Groundnut,1000,1400,1.4
Gujarat,BHAVNAGAR,2004,Whole Year,Banana,200,10500,52.5
Gujarat,BHAVNAGAR,2004,Whole Year,Dry chillies,100,,
Gujarat,BHAVNAGAR,2004,Whole Year,Onion,23200,603900,26.03017241
Gujarat,BHAVNAGAR,2005,Kharif,Arhar/Tur,400,400,1
Gujarat,BHAVNAGAR,2005,Kharif,Bajra,60200,139000,2.3089701
Gujarat,BHAVNAGAR,2005,Kharif,Castor seed,200,500,2.5
Gujarat,BHAVNAGAR,2005,Kharif,Cotton(lint),224600,1062700,4.731522707
Gujarat,BHAVNAGAR,2005,Kharif,Groundnut,134500,194000,1.442379182
Gujarat,BHAVNAGAR,2005,Kharif,Maize,900,1400,1.555555556
Gujarat,BHAVNAGAR,2005,Kharif,Moong(Green Gram),1500,900,0.6
Gujarat,BHAVNAGAR,2005,Kharif,Moth,300,200,0.666666667
Gujarat,BHAVNAGAR,2005,Kharif,Other Cereals & Millets,4000,1000,0.25
Gujarat,BHAVNAGAR,2005,Kharif,Sesamum,43800,21700,0.49543379
Gujarat,BHAVNAGAR,2005,Kharif,Urad,900,700,0.777777778
Gujarat,BHAVNAGAR,2005,Rabi,Gram,1400,1400,1
Gujarat,BHAVNAGAR,2005,Rabi,Rapeseed &Mustard,400,700,1.75
Gujarat,BHAVNAGAR,2005,Rabi,Wheat,31700,91000,2.870662461
Gujarat,BHAVNAGAR,2005,Summer,Bajra,1200,2900,2.416666667
Gujarat,BHAVNAGAR,2005,Summer,Groundnut,24600,38400,1.56097561
Gujarat,BHAVNAGAR,2005,Whole Year,Banana,200,14000,70
Gujarat,BHAVNAGAR,2005,Whole Year,Dry chillies,200,200,1
Gujarat,BHAVNAGAR,2005,Whole Year,Garlic,100,400,4
Gujarat,BHAVNAGAR,2005,Whole Year,Onion,47900,1304400,27.23173278
Gujarat,BHAVNAGAR,2005,Whole Year,Tobacco,100,100,1
Gujarat,BHAVNAGAR,2006,Kharif,Arhar/Tur,500,400,0.8
Gujarat,BHAVNAGAR,2006,Kharif,Bajra,46000,105000,2.282608696
Gujarat,BHAVNAGAR,2006,Kharif,Castor seed,600,1000,1.666666667
Gujarat,BHAVNAGAR,2006,Kharif,Cotton(lint),274600,1273500,4.637654771
Gujarat,BHAVNAGAR,2006,Kharif,Groundnut,116600,142700,1.223842196
Gujarat,BHAVNAGAR,2006,Kharif,Jowar,1300,1500,1.153846154
Gujarat,BHAVNAGAR,2006,Kharif,Maize,700,200,0.285714286
Gujarat,BHAVNAGAR,2006,Kharif,Moong(Green Gram),2200,800,0.363636364
Gujarat,BHAVNAGAR,2006,Kharif,Moth,400,100,0.25
Gujarat,BHAVNAGAR,2006,Kharif,Sesamum,42000,16600,0.395238095
Gujarat,BHAVNAGAR,2006,Kharif,Urad,1300,600,0.461538462
Gujarat,BHAVNAGAR,2006,Rabi,Gram,1400,1600,1.142857143
Gujarat,BHAVNAGAR,2006,Rabi,Other  Rabi pulses,200,100,0.5
Gujarat,BHAVNAGAR,2006,Rabi,Rapeseed &Mustard,100,100,1
Gujarat,BHAVNAGAR,2006,Rabi,Wheat,33300,93000,2.792792793
Gujarat,BHAVNAGAR,2006,Summer,Bajra,4900,11500,2.346938776
Gujarat,BHAVNAGAR,2006,Summer,Groundnut,18600,33100,1.779569892
Gujarat,BHAVNAGAR,2006,Whole Year,Banana,100,4000,40
Gujarat,BHAVNAGAR,2006,Whole Year,Garlic,900,5700,6.333333333
Gujarat,BHAVNAGAR,2006,Whole Year,Guar seed,400,200,0.5
Gujarat,BHAVNAGAR,2006,Whole Year,Onion,20800,502200,24.14423077
Gujarat,BHAVNAGAR,2007,Kharif,Arhar/Tur,500,500,1
Gujarat,BHAVNAGAR,2007,Kharif,Bajra,48100,118900,2.471933472
Gujarat,BHAVNAGAR,2007,Kharif,Castor seed,100,300,3
Gujarat,BHAVNAGAR,2007,Kharif,Cotton(lint),304400,1469300,4.826872536
Gujarat,BHAVNAGAR,2007,Kharif,Groundnut,80700,138700,1.718711276
Gujarat,BHAVNAGAR,2007,Kharif,Jowar,6600,8900,1.348484848
Gujarat,BHAVNAGAR,2007,Kharif,Maize,2800,3900,1.392857143
Gujarat,BHAVNAGAR,2007,Kharif,Moong(Green Gram),2100,1200,0.571428571
Gujarat,BHAVNAGAR,2007,Kharif,Moth,600,300,0.5
Gujarat,BHAVNAGAR,2007,Kharif,Other Kharif pulses,400,200,0.5
Gujarat,BHAVNAGAR,2007,Kharif,Sesamum,32400,15200,0.469135802
Gujarat,BHAVNAGAR,2007,Kharif,Urad,1300,800,0.615384615
Gujarat,BHAVNAGAR,2007,Rabi,Gram,1300,1200,0.923076923
Gujarat,BHAVNAGAR,2007,Rabi,Jowar,300,300,1
Gujarat,BHAVNAGAR,2007,Rabi,Rapeseed &Mustard,100,200,2
Gujarat,BHAVNAGAR,2007,Rabi,Wheat,49500,160000,3.232323232
Gujarat,BHAVNAGAR,2007,Summer,Bajra,3100,7300,2.35483871
Gujarat,BHAVNAGAR,2007,Summer,Groundnut,38400,64500,1.6796875
Gujarat,BHAVNAGAR,2007,Whole Year,Dry chillies,100,100,1
Gujarat,BHAVNAGAR,2007,Whole Year,Garlic,200,1100,5.5
Gujarat,BHAVNAGAR,2007,Whole Year,Onion,35700,1188700,33.29691877
Gujarat,BHAVNAGAR,2007,Whole Year,Sugarcane,100,3000,30
Gujarat,BHAVNAGAR,2008,Kharif,Arhar/Tur,900,800,0.888888889
Gujarat,BHAVNAGAR,2008,Kharif,Bajra,44400,100500,2.263513514
Gujarat,BHAVNAGAR,2008,Kharif,Castor seed,700,1400,2
Gujarat,BHAVNAGAR,2008,Kharif,Cotton(lint),306200,1064600,3.476812541
Gujarat,BHAVNAGAR,2008,Kharif,Groundnut,102700,113500,1.105160662
Gujarat,BHAVNAGAR,2008,Kharif,Jowar,20900,26300,1.258373206
Gujarat,BHAVNAGAR,2008,Kharif,Maize,1300,1900,1.461538462
Gujarat,BHAVNAGAR,2008,Kharif,Moong(Green Gram),3100,1300,0.419354839
Gujarat,BHAVNAGAR,2008,Kharif,Moth,1200,300,0.25
Gujarat,BHAVNAGAR,2008,Kharif,Sesamum,25600,12100,0.47265625
Gujarat,BHAVNAGAR,2008,Kharif,Urad,1800,1100,0.611111111
Gujarat,BHAVNAGAR,2008,Rabi,Gram,3000,3000,1
Gujarat,BHAVNAGAR,2008,Rabi,Jowar,1700,1500,0.882352941
Gujarat,BHAVNAGAR,2008,Rabi,Onion,32300,922700,28.56656347
Gujarat,BHAVNAGAR,2008,Rabi,Rapeseed &Mustard,200,300,1.5
Gujarat,BHAVNAGAR,2008,Rabi,Wheat,33900,88000,2.595870206
Gujarat,BHAVNAGAR,2008,Summer,Bajra,3500,8600,2.457142857
Gujarat,BHAVNAGAR,2008,Summer,Groundnut,22500,31500,1.4
Gujarat,BHAVNAGAR,2008,Whole Year,Dry chillies,200,200,1
Gujarat,BHAVNAGAR,2008,Whole Year,Garlic,600,3000,5
Gujarat,BHAVNAGAR,2008,Whole Year,Sugarcane,200,17000,85
Gujarat,BHAVNAGAR,2009,Kharif,Arhar/Tur,600,500,0.833333333
Gujarat,BHAVNAGAR,2009,Kharif,Bajra,48000,80900,1.685416667
Gujarat,BHAVNAGAR,2009,Kharif,Castor seed,300,700,2.333333333
Gujarat,BHAVNAGAR,2009,Kharif,Cotton(lint),309700,846300,2.732644495
Gujarat,BHAVNAGAR,2009,Kharif,Groundnut,93300,59200,0.634512326
Gujarat,BHAVNAGAR,2009,Kharif,Jowar,4400,4400,1
Gujarat,BHAVNAGAR,2009,Kharif,Maize,3900,3700,0.948717949
Gujarat,BHAVNAGAR,2009,Kharif,Moong(Green Gram),2700,1000,0.37037037
Gujarat,BHAVNAGAR,2009,Kharif,Moth,800,300,0.375
Gujarat,BHAVNAGAR,2009,Kharif,Other Kharif pulses,100,100,1
Gujarat,BHAVNAGAR,2009,Kharif,Sesamum,24300,7300,0.300411523
Gujarat,BHAVNAGAR,2009,Kharif,Urad,1500,900,0.6
Gujarat,BHAVNAGAR,2009,Rabi,Gram,500,400,0.8
Gujarat,BHAVNAGAR,2009,Rabi,Onion,16900,463500,27.4260355
Gujarat,BHAVNAGAR,2009,Rabi,Rapeseed &Mustard,100,100,1
Gujarat,BHAVNAGAR,2009,Rabi,Wheat,5400,13500,2.5
Gujarat,BHAVNAGAR,2009,Summer,Bajra,2100,4800,2.285714286
Gujarat,BHAVNAGAR,2009,Summer,Groundnut,1900,2800,1.473684211
Gujarat,BHAVNAGAR,2009,Whole Year,Dry chillies,200,200,1
Gujarat,BHAVNAGAR,2009,Whole Year,Sugarcane,200,14000,70
Gujarat,BHAVNAGAR,2010,Kharif,Arhar/Tur,700,700,1
Gujarat,BHAVNAGAR,2010,Kharif,Bajra,45700,114900,2.514223195
Gujarat,BHAVNAGAR,2010,Kharif,Castor seed,300,600,2
Gujarat,BHAVNAGAR,2010,Kharif,Cotton(lint),301000,1423600,4.729568106
Gujarat,BHAVNAGAR,2010,Kharif,Groundnut,101700,211700,2.081612586
Gujarat,BHAVNAGAR,2010,Kharif,Maize,3200,5200,1.625
Gujarat,BHAVNAGAR,2010,Kharif,Moong(Green Gram),3000,1400,0.466666667
Gujarat,BHAVNAGAR,2010,Kharif,Moth,500,300,0.6
Gujarat,BHAVNAGAR,2010,Kharif,Other Kharif pulses,1100,600,0.545454545
Gujarat,BHAVNAGAR,2010,Kharif,other oilseeds,200,100,0.5
Gujarat,BHAVNAGAR,2010,Kharif,Sesamum,22800,15300,0.671052632
Gujarat,BHAVNAGAR,2010,Kharif,Urad,1900,1100,0.578947368
Gujarat,BHAVNAGAR,2010,Rabi,Gram,2600,3600,1.384615385
Gujarat,BHAVNAGAR,2010,Rabi,Jowar,1200,1300,1.083333333
Gujarat,BHAVNAGAR,2010,Rabi,Rapeseed &Mustard,100,200,2
Gujarat,BHAVNAGAR,2010,Rabi,Wheat,31700,92900,2.930599369
Gujarat,BHAVNAGAR,2010,Summer,Bajra,5000,12300,2.46
Gujarat,BHAVNAGAR,2010,Summer,Groundnut,30100,59100,1.96345515
Gujarat,BHAVNAGAR,2010,Summer,Moong(Green Gram),2500,1400,0.56
Gujarat,BHAVNAGAR,2010,Summer,Sesamum,1000,500,0.5
Gujarat,BHAVNAGAR,2010,Whole Year,Garlic,500,3100,6.2
Gujarat,BHAVNAGAR,2010,Whole Year,Onion,36100,982300,27.21052632
Gujarat,BHAVNAGAR,2010,Whole Year,Sugarcane,100,7000,70
Gujarat,BHAVNAGAR,2011,Kharif,Arhar/Tur,600,600,1
Gujarat,BHAVNAGAR,2011,Kharif,Bajra,45300,99100,2.187637969
Gujarat,BHAVNAGAR,2011,Kharif,Castor seed,700,1500,2.142857143
Gujarat,BHAVNAGAR,2011,Kharif,Cotton(lint),305200,1092600,3.579947575
Gujarat,BHAVNAGAR,2011,Kharif,Groundnut,82400,83500,1.013349515
Gujarat,BHAVNAGAR,2011,Kharif,Maize,1100,1500,1.363636364
Gujarat,BHAVNAGAR,2011,Kharif,Moong(Green Gram),3200,1500,0.46875
Gujarat,BHAVNAGAR,2011,Kharif,Moth,1000,600,0.6
Gujarat,BHAVNAGAR,2011,Kharif,Sesamum,20800,10200,0.490384615
Gujarat,BHAVNAGAR,2011,Kharif,Urad,2000,1600,0.8
Gujarat,BHAVNAGAR,2011,Rabi,Gram,1200,1400,1.166666667
Gujarat,BHAVNAGAR,2011,Rabi,Jowar,300,300,1
Gujarat,BHAVNAGAR,2011,Rabi,Onion,21000,630200,30.00952381
Gujarat,BHAVNAGAR,2011,Rabi,Other  Rabi pulses,300,100,0.333333333
Gujarat,BHAVNAGAR,2011,Rabi,Rapeseed &Mustard,100,100,1
Gujarat,BHAVNAGAR,2011,Rabi,Wheat,9700,28700,2.958762887
Gujarat,BHAVNAGAR,2011,Summer,Bajra,7000,17700,2.528571429
Gujarat,BHAVNAGAR,2011,Summer,Groundnut,34000,68600,2.017647059
Gujarat,BHAVNAGAR,2011,Summer,Moong(Green Gram),1600,900,0.5625
Gujarat,BHAVNAGAR,2011,Summer,Onion,6100,174700,28.63934426
Gujarat,BHAVNAGAR,2011,Summer,Sesamum,300,100,0.333333333
Gujarat,BHAVNAGAR,2011,Whole Year,Banana,100,6800,68
Gujarat,BHAVNAGAR,2011,Whole Year,Garlic,400,2700,6.75
Gujarat,BHAVNAGAR,2011,Whole Year,Sugarcane,400,21000,52.5
Gujarat,BHAVNAGAR,2012,Kharif,Arhar/Tur,500,500,1
Gujarat,BHAVNAGAR,2012,Kharif,Bajra,30400,46200,1.519736842
Gujarat,BHAVNAGAR,2012,Kharif,Castor seed,900,1800,2
Gujarat,BHAVNAGAR,2012,Kharif,Cotton(lint),313500,505500,1.612440191
Gujarat,BHAVNAGAR,2012,Kharif,Groundnut,80800,54200,0.670792079
Gujarat,BHAVNAGAR,2012,Kharif,Jowar,300,400,1.333333333
Gujarat,BHAVNAGAR,2012,Kharif,Maize,600,1000,1.666666667
Gujarat,BHAVNAGAR,2012,Kharif,Moong(Green Gram),1500,400,0.266666667
Gujarat,BHAVNAGAR,2012,Kharif,Moth,400,100,0.25
Gujarat,BHAVNAGAR,2012,Kharif,Sesamum,12000,2100,0.175
Gujarat,BHAVNAGAR,2012,Kharif,Urad,700,200,0.285714286
Gujarat,BHAVNAGAR,2012,Rabi,Gram,500,500,1
Gujarat,BHAVNAGAR,2012,Rabi,Onion,4500,120800,26.84444444
Gujarat,BHAVNAGAR,2012,Rabi,Wheat,2400,7900,3.291666667
Gujarat,BHAVNAGAR,2012,Summer,Bajra,600,1700,2.833333333
Gujarat,BHAVNAGAR,2012,Summer,Groundnut,400,600,1.5
Gujarat,BHAVNAGAR,2012,Summer,Moong(Green Gram),100,100,1
Gujarat,BHAVNAGAR,2012,Summer,Onion,1500,41200,27.46666667
Gujarat,BHAVNAGAR,2012,Whole Year,Garlic,100,200,2
Gujarat,BHAVNAGAR,2012,Whole Year,Guar seed,300,200,0.666666667
Gujarat,BHAVNAGAR,2012,Whole Year,Sugarcane,100,700,7
Gujarat,DANG,1997,Kharif,Arhar/Tur,3200,2400,0.75
Gujarat,DANG,1997,Kharif,Groundnut,3900,5200,1.333333333
Gujarat,DANG,1997,Kharif,Jowar,4200,5100,1.214285714
Gujarat,DANG,1997,Kharif,Other Kharif pulses,2200,600,0.272727273
Gujarat,DANG,1997,Kharif,Small millets,7300,2600,0.356164384
Gujarat,DANG,1997,Kharif,Urad,3400,2300,0.676470588
Gujarat,DANG,1997,Rabi,Gram,500,400,0.8
Gujarat,DANG,1997,Rabi,Wheat,100,200,2
Gujarat,DANG,1997,Summer,Groundnut,200,400,2
Gujarat,DANG,1997,Whole Year,Maize,400,600,1.5
Gujarat,DANG,1997,Whole Year,Onion,100,2600,26
Gujarat,DANG,1997,Whole Year,Pulses total,8800,53,0.006022727
Gujarat,DANG,1997,Whole Year,Ragi,10800,10500,0.972222222
Gujarat,DANG,1997,Whole Year,Rice,11400,8800,0.771929825
Gujarat,DANG,1997,Whole Year,Tobacco,3500,5800,1.657142857
Gujarat,DANG,1998,Kharif,Arhar/Tur,4100,3900,0.951219512
Gujarat,DANG,1998,Kharif,Groundnut,4600,6000,1.304347826
Gujarat,DANG,1998,Kharif,Jowar,5500,9500,1.727272727
Gujarat,DANG,1998,Kharif,Maize,500,900,1.8
Gujarat,DANG,1998,Kharif,Other Cereals & Millets,5500,2100,0.381818182
Gujarat,DANG,1998,Kharif,Other Kharif pulses,1100,300,0.272727273
Gujarat,DANG,1998,Kharif,Ragi,10400,11800,1.134615385
Gujarat,DANG,1998,Kharif,Rice,12300,13500,1.097560976
Gujarat,DANG,1998,Kharif,Small millets,5500,2100,0.381818182
Gujarat,DANG,1998,Kharif,Urad,4000,2500,0.625
Gujarat,DANG,1998,Rabi,Gram,800,500,0.625
Gujarat,DANG,1998,Rabi,Wheat,200,500,2.5
Gujarat,DANG,1998,Summer,Groundnut,300,400,1.333333333
Gujarat,DANG,1998,Whole Year,Dry chillies,100,,
Gujarat,DANG,1998,Whole Year,Oilseeds total,4900,6400,1.306122449
Gujarat,DANG,1998,Whole Year,Onion,100,2200,22
Gujarat,DANG,1998,Whole Year,Pulses total,10000,7200,0.72
Gujarat,DANG,1999,Kharif,Arhar/Tur,4200,3400,0.80952381
Gujarat,DANG,1999,Kharif,Groundnut,5000,1800,0.36
Gujarat,DANG,1999,Kharif,Jowar,6500,8700,1.338461538
Gujarat,DANG,1999,Kharif,Maize,500,600,1.2
Gujarat,DANG,1999,Kharif,Other Cereals & Millets,5200,1300,0.25
Gujarat,DANG,1999,Kharif,Other Kharif pulses,1100,300,0.272727273
Gujarat,DANG,1999,Kharif,Ragi,10000,11100,1.11
Gujarat,DANG,1999,Kharif,Rice,13100,13000,0.992366412
Gujarat,DANG,1999,Kharif,Small millets,5200,1300,0.25
Gujarat,DANG,1999,Kharif,Urad,4100,4000,0.975609756
Gujarat,DANG,1999,Rabi,Gram,800,400,0.5
Gujarat,DANG,1999,Rabi,Other  Rabi pulses,100,0,0
Gujarat,DANG,1999,Rabi,Wheat,200,500,2.5
Gujarat,DANG,1999,Summer,Groundnut,200,400,2
Gujarat,DANG,1999,Whole Year,Dry chillies,100,,
Gujarat,DANG,1999,Whole Year,Onion,100,1600,16
Gujarat,DANG,2000,Kharif,Arhar/Tur,3200,1100,0.34375
Gujarat,DANG,2000,Kharif,Groundnut,4100,1500,0.365853659
Gujarat,DANG,2000,Kharif,Jowar,4200,4400,1.047619048
Gujarat,DANG,2000,Kharif,Maize,400,300,0.75
Gujarat,DANG,2000,Kharif,Moong(Green Gram),100,,
Gujarat,DANG,2000,Kharif,Other Cereals & Millets,5100,1300,0.254901961
Gujarat,DANG,2000,Kharif,Other Kharif pulses,700,200,0.285714286
Gujarat,DANG,2000,Kharif,Ragi,10300,7100,0.689320388
Gujarat,DANG,2000,Kharif,Rice,12400,8300,0.669354839
Gujarat,DANG,2000,Kharif,Small millets,5100,1300,0.254901961
Gujarat,DANG,2000,Kharif,Urad,4100,2400,0.585365854
Gujarat,DANG,2000,Rabi,Gram,300,200,0.666666667
Gujarat,DANG,2000,Rabi,Wheat,100,300,3
Gujarat,DANG,2000,Summer,Groundnut,100,100,1
Gujarat,DANG,2000,Whole Year,Dry chillies,100,100,1
Gujarat,DANG,2001,Kharif,Arhar/Tur,3100,1900,0.612903226
Gujarat,DANG,2001,Kharif,Groundnut,4100,5800,1.414634146
Gujarat,DANG,2001,Kharif,Jowar,3700,5000,1.351351351
Gujarat,DANG,2001,Kharif,Maize,400,800,2
Gujarat,DANG,2001,Kharif,Other Kharif pulses,800,200,0.25
Gujarat,DANG,2001,Kharif,Ragi,12000,13000,1.083333333
Gujarat,DANG,2001,Kharif,Rice,12200,15300,1.254098361
Gujarat,DANG,2001,Kharif,Small millets,5100,1000,0.196078431
Gujarat,DANG,2001,Kharif,Urad,3900,3500,0.897435897
Gujarat,DANG,2001,Rabi,Gram,400,200,0.5
Gujarat,DANG,2001,Rabi,Wheat,100,400,4
Gujarat,DANG,2001,Summer,Groundnut,100,100,1
Gujarat,DANG,2001,Whole Year,Dry chillies,100,,
Gujarat,DANG,2002,Kharif,Arhar/Tur,3300,2100,0.636363636
Gujarat,DANG,2002,Kharif,Groundnut,3900,2000,0.512820513
Gujarat,DANG,2002,Kharif,Jowar,3800,4300,1.131578947
Gujarat,DANG,2002,Kharif,Maize,400,700,1.75
Gujarat,DANG,2002,Kharif,Other Kharif pulses,800,500,0.625
Gujarat,DANG,2002,Kharif,Ragi,11700,7800,0.666666667
Gujarat,DANG,2002,Kharif,Rice,14100,10700,0.758865248
Gujarat,DANG,2002,Kharif,Small millets,5500,1300,0.236363636
Gujarat,DANG,2002,Kharif,Urad,4100,2000,0.487804878
Gujarat,DANG,2002,Rabi,Gram,400,200,0.5
Gujarat,DANG,2002,Rabi,Wheat,100,300,3
Gujarat,DANG,2002,Summer,Groundnut,100,100,1
Gujarat,DANG,2002,Whole Year,Dry chillies,100,,
Gujarat,DANG,2003,Kharif,Arhar/Tur,4100,3600,0.87804878
Gujarat,DANG,2003,Kharif,Groundnut,4300,9800,2.279069767
Gujarat,DANG,2003,Kharif,Jowar,5500,7300,1.327272727
Gujarat,DANG,2003,Kharif,Other Kharif pulses,1100,600,0.545454545
Gujarat,DANG,2003,Kharif,Ragi,10400,13000,1.25
Gujarat,DANG,2003,Kharif,Rice,14000,17100,1.221428571
Gujarat,DANG,2003,Kharif,Urad,4000,3100,0.775
Gujarat,DANG,2004,Kharif,Arhar/Tur,2100,2000,0.952380952
Gujarat,DANG,2004,Kharif,Groundnut,100,100,1
Gujarat,DANG,2004,Kharif,Jowar,2700,5100,1.888888889
Gujarat,DANG,2004,Kharif,Maize,300,300,1
Gujarat,DANG,2004,Kharif,Other Cereals & Millets,7500,1700,0.226666667
Gujarat,DANG,2004,Kharif,Other Kharif pulses,500,300,0.6
Gujarat,DANG,2004,Kharif,Ragi,12900,14800,1.147286822
Gujarat,DANG,2004,Kharif,Rice,12600,30500,2.420634921
Gujarat,DANG,2004,Kharif,Small millets,7500,1700,0.226666667
Gujarat,DANG,2004,Kharif,Urad,3100,1300,0.419354839
Gujarat,DANG,2004,Rabi,Gram,300,200,0.666666667
Gujarat,DANG,2004,Rabi,Other  Rabi pulses,100,,
Gujarat,DANG,2004,Rabi,Wheat,100,400,4
Gujarat,DANG,2004,Summer,Groundnut,200,300,1.5
Gujarat,DANG,2005,Kharif,Arhar/Tur,4200,4200,1
Gujarat,DANG,2005,Kharif,Groundnut,4600,8000,1.739130435
Gujarat,DANG,2005,Kharif,Jowar,15500,30200,1.948387097
Gujarat,DANG,2005,Kharif,Maize,2000,3200,1.6
Gujarat,DANG,2005,Kharif,Other Cereals & Millets,4500,1000,0.222222222
Gujarat,DANG,2005,Kharif,Other Kharif pulses,1400,700,0.5
Gujarat,DANG,2005,Kharif,Ragi,10200,12600,1.235294118
Gujarat,DANG,2005,Kharif,Rice,15500,20900,1.348387097
Gujarat,DANG,2005,Kharif,Urad,3100,2200,0.709677419
Gujarat,DANG,2005,Rabi,Gram,400,400,1
Gujarat,DANG,2005,Rabi,Wheat,200,500,2.5
Gujarat,DANG,2005,Summer,Groundnut,400,700,1.75
Gujarat,DANG,2006,Kharif,Arhar/Tur,4100,3400,0.829268293
Gujarat,DANG,2006,Kharif,Groundnut,4400,4200,0.954545455
Gujarat,DANG,2006,Kharif,Jowar,4200,7000,1.666666667
Gujarat,DANG,2006,Kharif,Maize,2500,800,0.32
Gujarat,DANG,2006,Kharif,Other Cereals & Millets,4600,2400,0.52173913
Gujarat,DANG,2006,Kharif,Other Kharif pulses,1700,1000,0.588235294
Gujarat,DANG,2006,Kharif,Ragi,10100,11700,1.158415842
Gujarat,DANG,2006,Kharif,Rice,16900,20400,1.207100592
Gujarat,DANG,2006,Kharif,Urad,3600,3600,1
Gujarat,DANG,2006,Rabi,Gram,600,700,1.166666667
Gujarat,DANG,2006,Rabi,Other  Rabi pulses,100,100,1
Gujarat,DANG,2006,Rabi,Wheat,300,900,3
Gujarat,DANG,2006,Summer,Groundnut,400,800,2
Gujarat,DANG,2006,Whole Year,Banana,100,1200,12
Gujarat,DANG,2006,Whole Year,Garlic,100,800,8
Gujarat,DANG,2006,Whole Year,Onion,300,7000,23.33333333
Gujarat,DANG,2006,Whole Year,Sugarcane,100,4000,40
Gujarat,DANG,2007,Kharif,Arhar/Tur,4000,4400,1.1
Gujarat,DANG,2007,Kharif,Groundnut,4500,7900,1.755555556
Gujarat,DANG,2007,Kharif,Jowar,4300,5900,1.372093023
Gujarat,DANG,2007,Kharif,Maize,2200,3000,1.363636364
Gujarat,DANG,2007,Kharif,Other Cereals & Millets,4700,2700,0.574468085
Gujarat,DANG,2007,Kharif,Ragi,10200,9800,0.960784314
Gujarat,DANG,2007,Kharif,Rice,16800,22800,1.357142857
Gujarat,DANG,2007,Kharif,Urad,3900,3000,0.769230769
Gujarat,DANG,2007,Rabi,Gram,900,800,0.888888889
Gujarat,DANG,2007,Rabi,Other  Rabi pulses,300,200,0.666666667
Gujarat,DANG,2007,Rabi,Wheat,400,1400,3.5
Gujarat,DANG,2007,Summer,Groundnut,500,900,1.8
Gujarat,DANG,2007,Whole Year,Banana,100,2400,24
Gujarat,DANG,2007,Whole Year,Garlic,100,900,9
Gujarat,DANG,2007,Whole Year,Onion,400,12100,30.25
Gujarat,DANG,2007,Whole Year,Sugarcane,100,5000,50
Gujarat,DANG,2008,Kharif,Arhar/Tur,4000,4200,1.05
Gujarat,DANG,2008,Kharif,Groundnut,4600,6300,1.369565217
Gujarat,DANG,2008,Kharif,Jowar,3600,5000,1.388888889
Gujarat,DANG,2008,Kharif,Maize,3100,4400,1.419354839
Gujarat,DANG,2008,Kharif,Other Cereals & Millets,4700,2600,0.553191489
Gujarat,DANG,2008,Kharif,Ragi,9700,11100,1.144329897
Gujarat,DANG,2008,Kharif,Rice,17900,22700,1.268156425
Gujarat,DANG,2008,Kharif,Urad,4200,3100,0.738095238
Gujarat,DANG,2008,Rabi,Gram,1200,1200,1
Gujarat,DANG,2008,Rabi,Onion,500,13100,26.2
Gujarat,DANG,2008,Rabi,Other  Rabi pulses,700,400,0.571428571
Gujarat,DANG,2008,Rabi,Wheat,700,1700,2.428571429
Gujarat,DANG,2008,Summer,Groundnut,600,1100,1.833333333
Gujarat,DANG,2008,Whole Year,Garlic,200,1000,5
Gujarat,DANG,2008,Whole Year,Sugarcane,100,11000,110
Gujarat,DANG,2009,Kharif,Arhar/Tur,3700,3200,0.864864865
Gujarat,DANG,2009,Kharif,Groundnut,4300,4000,0.930232558
Gujarat,DANG,2009,Kharif,Jowar,2300,3200,1.391304348
Gujarat,DANG,2009,Kharif,Maize,3300,3200,0.96969697
Gujarat,DANG,2009,Kharif,Other Cereals & Millets,1500,900,0.6
Gujarat,DANG,2009,Kharif,Ragi,5000,4100,0.82
Gujarat,DANG,2009,Kharif,Rice,15800,17400,1.101265823
Gujarat,DANG,2009,Kharif,Urad,4600,3300,0.717391304
Gujarat,DANG,2009,Rabi,Gram,1400,1300,0.928571429
Gujarat,DANG,2009,Rabi,Onion,500,14200,28.4
Gujarat,DANG,2009,Rabi,Other  Rabi pulses,1900,1200,0.631578947
Gujarat,DANG,2009,Rabi,Wheat,800,2200,2.75
Gujarat,DANG,2009,Summer,Groundnut,600,1200,2
Gujarat,DANG,2009,Whole Year,Garlic,200,1300,6.5
Gujarat,DANG,2009,Whole Year,Sugarcane,100,6000,60
Gujarat,DANG,2010,Kharif,Arhar/Tur,2900,1200,0.413793103
Gujarat,DANG,2010,Kharif,Groundnut,3300,6100,1.848484848
Gujarat,DANG,2010,Kharif,Jowar,2300,2400,1.043478261
Gujarat,DANG,2010,Kharif,Maize,2700,4400,1.62962963
Gujarat,DANG,2010,Kharif,Other Cereals & Millets,2300,1400,0.608695652
Gujarat,DANG,2010,Kharif,other oilseeds,4400,1600,0.363636364
Gujarat,DANG,2010,Kharif,Ragi,10400,7000,0.673076923
Gujarat,DANG,2010,Kharif,Rice,18000,23400,1.3
Gujarat,DANG,2010,Kharif,Soyabean,3200,2600,0.8125
Gujarat,DANG,2010,Kharif,Urad,5300,3500,0.660377358
Gujarat,DANG,2010,Rabi,Gram,1500,2100,1.4
Gujarat,DANG,2010,Rabi,Other  Rabi pulses,2800,1900,0.678571429
Gujarat,DANG,2010,Rabi,Wheat,2400,8100,3.375
Gujarat,DANG,2010,Summer,Groundnut,700,1200,1.714285714
Gujarat,DANG,2010,Summer,Moong(Green Gram),800,400,0.5
Gujarat,DANG,2010,Whole Year,Garlic,300,1500,5
Gujarat,DANG,2010,Whole Year,Onion,600,17000,28.33333333
Gujarat,DANG,2011,Kharif,Arhar/Tur,2900,3100,1.068965517
Gujarat,DANG,2011,Kharif,Groundnut,3300,5100,1.545454545
Gujarat,DANG,2011,Kharif,Jowar,3300,4500,1.363636364
Gujarat,DANG,2011,Kharif,Maize,2700,3700,1.37037037
Gujarat,DANG,2011,Kharif,Other Cereals & Millets,3300,2000,0.606060606
Gujarat,DANG,2011,Kharif,Other Kharif pulses,3200,1500,0.46875
Gujarat,DANG,2011,Kharif,Ragi,10400,9300,0.894230769
Gujarat,DANG,2011,Kharif,Rice,18000,30700,1.705555556
Gujarat,DANG,2011,Kharif,Urad,5200,3800,0.730769231
Gujarat,DANG,2011,Rabi,Gram,14000,15900,1.135714286
Gujarat,DANG,2011,Rabi,Onion,600,18200,30.33333333
Gujarat,DANG,2011,Rabi,Other  Rabi pulses,3800,2800,0.736842105
Gujarat,DANG,2011,Rabi,Wheat,4400,13900,3.159090909
Gujarat,DANG,2011,Summer,Groundnut,1200,2300,1.916666667
Gujarat,DANG,2011,Summer,Moong(Green Gram),500,200,0.4
Gujarat,DANG,2011,Whole Year,Garlic,400,2300,5.75
Gujarat,DANG,2011,Whole Year,other oilseeds,4000,1100,0.275
Gujarat,DANG,2011,Whole Year,Sugarcane,100,5000,50
Gujarat,DANG,2012,Kharif,Arhar/Tur,1900,1800,0.947368421
Gujarat,DANG,2012,Kharif,Jowar,2400,3000,1.25
Gujarat,DANG,2012,Kharif,Maize,3600,5900,1.638888889
Gujarat,DANG,2012,Kharif,Other Cereals & Millets,2400,1500,0.625
Gujarat,DANG,2012,Kharif,Ragi,7700,7200,0.935064935
Gujarat,DANG,2012,Kharif,Rice,13800,21800,1.579710145
Gujarat,DANG,2012,Kharif,Soyabean,500,200,0.4
Gujarat,DANG,2012,Kharif,Urad,7100,5000,0.704225352
Gujarat,DANG,2012,Rabi,Gram,400,300,0.75
Gujarat,DANG,2012,Rabi,Jowar,400,400,1
Gujarat,DANG,2012,Rabi,Onion,300,8600,28.66666667
Gujarat,DANG,2012,Rabi,Other  Rabi pulses,200,100,0.5
Gujarat,DANG,2012,Rabi,Other Cereals & Millets,900,300,0.333333333
Gujarat,DANG,2012,Rabi,Wheat,3800,11300,2.973684211
Gujarat,DANG,2012,Summer,Groundnut,400,1000,2.5
Gujarat,DANG,2012,Summer,Moong(Green Gram),400,200,0.5
Gujarat,DANG,2012,Whole Year,Banana,100,4700,47
Gujarat,DANG,2012,Whole Year,Garlic,100,400,4
Gujarat,DOHAD,2003,Kharif,Arhar/Tur,13500,15400,1.140740741
Gujarat,DOHAD,2003,Kharif,Bajra,200,300,1.5
Gujarat,DOHAD,2003,Kharif,Castor seed,100,200,2
Gujarat,DOHAD,2003,Kharif,Cotton(lint),700,1700,2.428571429
Gujarat,DOHAD,2003,Kharif,Groundnut,1400,3200,2.285714286
Gujarat,DOHAD,2003,Kharif,Jowar,800,700,0.875
Gujarat,DOHAD,2003,Kharif,Maize,123700,224500,1.814874697
Gujarat,DOHAD,2003,Kharif,Moong(Green Gram),800,400,0.5
Gujarat,DOHAD,2003,Kharif,Other Kharif pulses,300,200,0.666666667
Gujarat,DOHAD,2003,Kharif,Rice,54600,75200,1.377289377
Gujarat,DOHAD,2003,Kharif,Sesamum,1000,600,0.6
Gujarat,DOHAD,2003,Kharif,Small millets,1800,500,0.277777778
Gujarat,DOHAD,2003,Kharif,Urad,13300,6300,0.473684211
Gujarat,DOHAD,2003,Rabi,Gram,43400,36500,0.841013825
Gujarat,DOHAD,2003,Rabi,Jowar,300,200,0.666666667
Gujarat,DOHAD,2003,Rabi,Other  Rabi pulses,500,200,0.4
Gujarat,DOHAD,2003,Rabi,Rapeseed &Mustard,200,300,1.5
Gujarat,DOHAD,2003,Rabi,Small millets,100,100,1
Gujarat,DOHAD,2003,Rabi,Wheat,47800,96600,2.020920502
Gujarat,DOHAD,2003,Summer,Groundnut,400,600,1.5
Gujarat,DOHAD,2003,Whole Year,Dry chillies,500,300,0.6
Gujarat,DOHAD,2003,Whole Year,Garlic,200,1600,8
Gujarat,DOHAD,2003,Whole Year,Onion,600,18400,30.66666667
Gujarat,DOHAD,2004,Kharif,Arhar/Tur,17600,23000,1.306818182
Gujarat,DOHAD,2004,Kharif,Castor seed,100,200,2
Gujarat,DOHAD,2004,Kharif,Cotton(lint),1800,7300,4.055555556
Gujarat,DOHAD,2004,Kharif,Groundnut,2400,2100,0.875
Gujarat,DOHAD,2004,Kharif,Jowar,400,300,0.75
Gujarat,DOHAD,2004,Kharif,Maize,124000,78900,0.636290323
Gujarat,DOHAD,2004,Kharif,Moong(Green Gram),600,200,0.333333333
Gujarat,DOHAD,2004,Kharif,Other Cereals & Millets,800,400,0.5
Gujarat,DOHAD,2004,Kharif,Other Kharif pulses,300,100,0.333333333
Gujarat,DOHAD,2004,Kharif,Rice,49700,39300,0.790744467
Gujarat,DOHAD,2004,Kharif,Sesamum,1000,300,0.3
Gujarat,DOHAD,2004,Kharif,Small millets,800,400,0.5
Gujarat,DOHAD,2004,Kharif,Urad,16400,4800,0.292682927
Gujarat,DOHAD,2004,Rabi,Gram,40600,33500,0.825123153
Gujarat,DOHAD,2004,Rabi,Jowar,200,200,1
Gujarat,DOHAD,2004,Rabi,Other  Rabi pulses,200,,
Gujarat,DOHAD,2004,Rabi,Other Cereals & Millets,100,,
Gujarat,DOHAD,2004,Rabi,Rapeseed &Mustard,200,300,1.5
Gujarat,DOHAD,2004,Rabi,Wheat,55600,110300,1.98381295
Gujarat,DOHAD,2004,Summer,Bajra,100,100,1
Gujarat,DOHAD,2004,Summer,Groundnut,800,1400,1.75
Gujarat,DOHAD,2004,Whole Year,Dry chillies,400,200,0.5
Gujarat,DOHAD,2004,Whole Year,Garlic,300,1500,5
Gujarat,DOHAD,2004,Whole Year,Onion,700,19400,27.71428571
Gujarat,DOHAD,2005,Kharif,Arhar/Tur,17700,22400,1.265536723
Gujarat,DOHAD,2005,Kharif,Castor seed,100,200,2
Gujarat,DOHAD,2005,Kharif,Cotton(lint),900,2700,3
Gujarat,DOHAD,2005,Kharif,Groundnut,1500,2600,1.733333333
Gujarat,DOHAD,2005,Kharif,Jowar,400,400,1
Gujarat,DOHAD,2005,Kharif,Maize,108800,155700,1.431066176
Gujarat,DOHAD,2005,Kharif,Moong(Green Gram),800,500,0.625
Gujarat,DOHAD,2005,Kharif,Other Cereals & Millets,1100,400,0.363636364
Gujarat,DOHAD,2005,Kharif,Other Kharif pulses,300,100,0.333333333
Gujarat,DOHAD,2005,Kharif,Rice,44900,35800,0.797327394
Gujarat,DOHAD,2005,Kharif,Sesamum,1000,400,0.4
Gujarat,DOHAD,2005,Kharif,Urad,16600,7400,0.445783133
Gujarat,DOHAD,2005,Rabi,Gram,33800,28700,0.849112426
Gujarat,DOHAD,2005,Rabi,Jowar,200,200,1
Gujarat,DOHAD,2005,Rabi,Other  Rabi pulses,700,500,0.714285714
Gujarat,DOHAD,2005,Rabi,Other Cereals & Millets,2100,2700,1.285714286
Gujarat,DOHAD,2005,Rabi,Rapeseed &Mustard,300,500,1.666666667
Gujarat,DOHAD,2005,Rabi,Wheat,34300,73400,2.139941691
Gujarat,DOHAD,2005,Summer,Bajra,100,200,2
Gujarat,DOHAD,2005,Summer,Groundnut,600,1000,1.666666667
Gujarat,DOHAD,2005,Whole Year,Dry chillies,200,200,1
Gujarat,DOHAD,2005,Whole Year,Garlic,100,1000,10
Gujarat,DOHAD,2005,Whole Year,Onion,700,19900,28.42857143
Gujarat,DOHAD,2006,Kharif,Arhar/Tur,16200,17700,1.092592593
Gujarat,DOHAD,2006,Kharif,Castor seed,300,500,1.666666667
Gujarat,DOHAD,2006,Kharif,Cotton(lint),1200,2300,1.916666667
Gujarat,DOHAD,2006,Kharif,Groundnut,1400,1300,0.928571429
Gujarat,DOHAD,2006,Kharif,Jowar,400,400,1
Gujarat,DOHAD,2006,Kharif,Maize,99100,13500,0.136226034
Gujarat,DOHAD,2006,Kharif,Moong(Green Gram),900,300,0.333333333
Gujarat,DOHAD,2006,Kharif,Other Cereals & Millets,500,200,0.4
Gujarat,DOHAD,2006,Kharif,Other Kharif pulses,500,200,0.4
Gujarat,DOHAD,2006,Kharif,Rice,45700,38700,0.846827133
Gujarat,DOHAD,2006,Kharif,Sesamum,1100,200,0.181818182
Gujarat,DOHAD,2006,Kharif,Urad,14000,2100,0.15
Gujarat,DOHAD,2006,Rabi,Gram,47700,39200,0.821802935
Gujarat,DOHAD,2006,Rabi,Other Cereals & Millets,31700,43700,1.378548896
Gujarat,DOHAD,2006,Rabi,Rapeseed &Mustard,300,300,1
Gujarat,DOHAD,2006,Rabi,Wheat,56800,115700,2.036971831
Gujarat,DOHAD,2006,Summer,Groundnut,400,700,1.75
Gujarat,DOHAD,2006,Whole Year,Dry chillies,100,100,1
Gujarat,DOHAD,2006,Whole Year,Garlic,300,1800,6
Gujarat,DOHAD,2006,Whole Year,Onion,600,13600,22.66666667
Gujarat,DOHAD,2007,Kharif,Arhar/Tur,15400,21500,1.396103896
Gujarat,DOHAD,2007,Kharif,Castor seed,200,400,2
Gujarat,DOHAD,2007,Kharif,Cotton(lint),600,2200,3.666666667
Gujarat,DOHAD,2007,Kharif,Groundnut,1300,2400,1.846153846
Gujarat,DOHAD,2007,Kharif,Jowar,600,800,1.333333333
Gujarat,DOHAD,2007,Kharif,Maize,102100,110300,1.080313418
Gujarat,DOHAD,2007,Kharif,Moong(Green Gram),1100,600,0.545454545
Gujarat,DOHAD,2007,Kharif,Other Cereals & Millets,800,500,0.625
Gujarat,DOHAD,2007,Kharif,Other Kharif pulses,600,300,0.5
Gujarat,DOHAD,2007,Kharif,Rice,39300,38900,0.989821883
Gujarat,DOHAD,2007,Kharif,Sesamum,1300,500,0.384615385
Gujarat,DOHAD,2007,Kharif,Urad,7800,3400,0.435897436
Gujarat,DOHAD,2007,Rabi,Gram,56700,53300,0.940035273
Gujarat,DOHAD,2007,Rabi,Other  Rabi pulses,800,500,0.625
Gujarat,DOHAD,2007,Rabi,Other Cereals & Millets,33400,45100,1.350299401
Gujarat,DOHAD,2007,Rabi,Rapeseed &Mustard,300,400,1.333333333
Gujarat,DOHAD,2007,Rabi,Wheat,65300,146500,2.243491577
Gujarat,DOHAD,2007,Summer,Groundnut,700,1200,1.714285714
Gujarat,DOHAD,2007,Whole Year,Garlic,800,5100,6.375
Gujarat,DOHAD,2007,Whole Year,Onion,1900,56000,29.47368421
Gujarat,DOHAD,2008,Kharif,Arhar/Tur,11800,13400,1.13559322
Gujarat,DOHAD,2008,Kharif,Castor seed,300,600,2
Gujarat,DOHAD,2008,Kharif,Cotton(lint),200,200,1
Gujarat,DOHAD,2008,Kharif,Groundnut,1100,1500,1.363636364
Gujarat,DOHAD,2008,Kharif,Jowar,200,200,1
Gujarat,DOHAD,2008,Kharif,Maize,114600,158000,1.378708551
Gujarat,DOHAD,2008,Kharif,Moong(Green Gram),1300,600,0.461538462
Gujarat,DOHAD,2008,Kharif,Other Cereals & Millets,700,400,0.571428571
Gujarat,DOHAD,2008,Kharif,Other Kharif pulses,200,100,0.5
Gujarat,DOHAD,2008,Kharif,Rice,36100,24800,0.686980609
Gujarat,DOHAD,2008,Kharif,Sesamum,800,300,0.375
Gujarat,DOHAD,2008,Kharif,Urad,7300,4300,0.589041096
Gujarat,DOHAD,2008,Rabi,Gram,38700,28700,0.741602067
Gujarat,DOHAD,2008,Rabi,Onion,400,11700,29.25
Gujarat,DOHAD,2008,Rabi,Other  Rabi pulses,200,100,0.5
Gujarat,DOHAD,2008,Rabi,Other Cereals & Millets,15600,20700,1.326923077
Gujarat,DOHAD,2008,Rabi,Rapeseed &Mustard,200,200,1
Gujarat,DOHAD,2008,Rabi,Wheat,24900,41100,1.65060241
Gujarat,DOHAD,2008,Summer,Groundnut,200,400,2
Gujarat,DOHAD,2008,Whole Year,Garlic,200,800,4
Gujarat,DOHAD,2009,Kharif,Arhar/Tur,14200,13100,0.922535211
Gujarat,DOHAD,2009,Kharif,Castor seed,100,200,2
Gujarat,DOHAD,2009,Kharif,Cotton(lint),100,200,2
Gujarat,DOHAD,2009,Kharif,Groundnut,600,500,0.833333333
Gujarat,DOHAD,2009,Kharif,Jowar,100,100,1
Gujarat,DOHAD,2009,Kharif,Maize,118100,102600,0.868755292
Gujarat,DOHAD,2009,Kharif,Moong(Green Gram),700,300,0.428571429
Gujarat,DOHAD,2009,Kharif,Other Cereals & Millets,100,100,1
Gujarat,DOHAD,2009,Kharif,Other Kharif pulses,100,100,1
Gujarat,DOHAD,2009,Kharif,Rice,29700,7500,0.252525253
Gujarat,DOHAD,2009,Kharif,Sesamum,300,100,0.333333333
Gujarat,DOHAD,2009,Kharif,Urad,7300,2000,0.273972603
Gujarat,DOHAD,2009,Rabi,Gram,44300,32200,0.726862302
Gujarat,DOHAD,2009,Rabi,Onion,800,20200,25.25
Gujarat,DOHAD,2009,Rabi,Other  Rabi pulses,300,200,0.666666667
Gujarat,DOHAD,2009,Rabi,Rapeseed &Mustard,100,300,3
Gujarat,DOHAD,2009,Rabi,Wheat,32900,60800,1.848024316
Gujarat,DOHAD,2009,Summer,Groundnut,200,300,1.5
Gujarat,DOHAD,2010,Kharif,Arhar/Tur,13800,16900,1.224637681
Gujarat,DOHAD,2010,Kharif,Castor seed,400,800,2
Gujarat,DOHAD,2010,Kharif,Cotton(lint),100,100,1
Gujarat,DOHAD,2010,Kharif,Groundnut,500,1000,2
Gujarat,DOHAD,2010,Kharif,Jowar,3600,3900,1.083333333
Gujarat,DOHAD,2010,Kharif,Maize,120000,203900,1.699166667
Gujarat,DOHAD,2010,Kharif,Moong(Green Gram),500,200,0.4
Gujarat,DOHAD,2010,Kharif,Other Cereals & Millets,300,200,0.666666667
Gujarat,DOHAD,2010,Kharif,Other Kharif pulses,200,100,0.5
Gujarat,DOHAD,2010,Kharif,other oilseeds,300,100,0.333333333
Gujarat,DOHAD,2010,Kharif,Rice,35800,32000,0.893854749
Gujarat,DOHAD,2010,Kharif,Sesamum,300,100,0.333333333
Gujarat,DOHAD,2010,Kharif,Soyabean,34500,27500,0.797101449
Gujarat,DOHAD,2010,Kharif,Urad,8100,4800,0.592592593
Gujarat,DOHAD,2010,Rabi,Gram,50200,41200,0.820717131
Gujarat,DOHAD,2010,Rabi,Maize,2600,4900,1.884615385
Gujarat,DOHAD,2010,Rabi,Other  Rabi pulses,500,400,0.8
Gujarat,DOHAD,2010,Rabi,Other Cereals & Millets,100,100,1
Gujarat,DOHAD,2010,Rabi,Rapeseed &Mustard,100,200,2
Gujarat,DOHAD,2010,Rabi,Wheat,33300,65800,1.975975976
Gujarat,DOHAD,2010,Summer,Groundnut,1000,1800,1.8
Gujarat,DOHAD,2010,Summer,Moong(Green Gram),1600,800,0.5
Gujarat,DOHAD,2010,Whole Year,Garlic,600,3600,6
Gujarat,DOHAD,2010,Whole Year,Onion,600,17300,28.83333333
Gujarat,DOHAD,2011,Kharif,Arhar/Tur,13300,20100,1.511278195
Gujarat,DOHAD,2011,Kharif,Castor seed,400,800,2
Gujarat,DOHAD,2011,Kharif,Cotton(lint),200,300,1.5
Gujarat,DOHAD,2011,Kharif,Groundnut,400,600,1.5
Gujarat,DOHAD,2011,Kharif,Jowar,100,100,1
Gujarat,DOHAD,2011,Kharif,Maize,116900,141100,1.207014542
Gujarat,DOHAD,2011,Kharif,Moong(Green Gram),600,200,0.333333333
Gujarat,DOHAD,2011,Kharif,Other Cereals & Millets,200,100,0.5
Gujarat,DOHAD,2011,Kharif,Other Kharif pulses,300,100,0.333333333
Gujarat,DOHAD,2011,Kharif,Rice,36200,31700,0.875690608
Gujarat,DOHAD,2011,Kharif,Sesamum,100,100,1
Gujarat,DOHAD,2011,Kharif,Soyabean,29300,22700,0.774744027
Gujarat,DOHAD,2011,Kharif,Urad,11100,6300,0.567567568
Gujarat,DOHAD,2011,Rabi,Gram,51100,50700,0.992172211
Gujarat,DOHAD,2011,Rabi,Maize,32900,60000,1.823708207
Gujarat,DOHAD,2011,Rabi,Onion,1600,48400,30.25
Gujarat,DOHAD,2011,Rabi,Other  Rabi pulses,100,100,1
Gujarat,DOHAD,2011,Rabi,Other Cereals & Millets,1800,1500,0.833333333
Gujarat,DOHAD,2011,Rabi,Rapeseed &Mustard,100,100,1
Gujarat,DOHAD,2011,Rabi,Wheat,36900,87800,2.379403794
Gujarat,DOHAD,2011,Summer,Groundnut,1000,1900,1.9
Gujarat,DOHAD,2011,Summer,Moong(Green Gram),2100,800,0.380952381
Gujarat,DOHAD,2011,Whole Year,Garlic,1200,7500,6.25
Gujarat,DOHAD,2011,Whole Year,other oilseeds,300,100,0.333333333
Gujarat,DOHAD,2012,Kharif,Arhar/Tur,13100,18900,1.442748092
Gujarat,DOHAD,2012,Kharif,Castor seed,500,1100,2.2
Gujarat,DOHAD,2012,Kharif,Cotton(lint),1600,900,0.5625
Gujarat,DOHAD,2012,Kharif,Groundnut,500,200,0.4
Gujarat,DOHAD,2012,Kharif,Jowar,300,400,1.333333333
Gujarat,DOHAD,2012,Kharif,Maize,119100,200500,1.683459278
Gujarat,DOHAD,2012,Kharif,Moong(Green Gram),500,200,0.4
Gujarat,DOHAD,2012,Kharif,Other Cereals & Millets,200,100,0.5
Gujarat,DOHAD,2012,Kharif,Other Kharif pulses,300,100,0.333333333
Gujarat,DOHAD,2012,Kharif,Rice,31800,35800,1.125786164
Gujarat,DOHAD,2012,Kharif,Sesamum,300,100,0.333333333
Gujarat,DOHAD,2012,Kharif,Soyabean,32600,25700,0.788343558
Gujarat,DOHAD,2012,Kharif,Urad,11100,7600,0.684684685
Gujarat,DOHAD,2012,Rabi,Gram,48700,47200,0.969199179
Gujarat,DOHAD,2012,Rabi,Maize,31600,60000,1.898734177
Gujarat,DOHAD,2012,Rabi,Onion,1700,42000,24.70588235
Gujarat,DOHAD,2012,Rabi,Other  Rabi pulses,100,100,1
Gujarat,DOHAD,2012,Rabi,Rapeseed &Mustard,100,200,2
Gujarat,DOHAD,2012,Rabi,Wheat,48700,151300,3.106776181
Gujarat,DOHAD,2012,Summer,Groundnut,1100,2600,2.363636364
Gujarat,DOHAD,2012,Summer,Moong(Green Gram),3800,1700,0.447368421
Gujarat,DOHAD,2012,Whole Year,Garlic,1100,5400,4.909090909
Gujarat,GANDHINAGAR,1997,Kharif,Arhar/Tur,200,200,1
Gujarat,GANDHINAGAR,1997,Kharif,Bajra,4800,3300,0.6875
Gujarat,GANDHINAGAR,1997,Kharif,Castor seed,11200,26000,2.321428571
Gujarat,GANDHINAGAR,1997,Kharif,Dry chillies,900,1000,1.111111111
Gujarat,GANDHINAGAR,1997,Kharif,Moong(Green Gram),600,400,0.666666667
Gujarat,GANDHINAGAR,1997,Kharif,Other Kharif pulses,300,100,0.333333333
Gujarat,GANDHINAGAR,1997,Rabi,Rapeseed &Mustard,5700,5700,1
Gujarat,GANDHINAGAR,1997,Rabi,Wheat,8800,25700,2.920454545
Gujarat,GANDHINAGAR,1997,Summer,Bajra,6000,16000,2.666666667
Gujarat,GANDHINAGAR,1997,Summer,Groundnut,100,200,2
Gujarat,GANDHINAGAR,1997,Whole Year,Cotton(lint),3200,10300,3.21875
Gujarat,GANDHINAGAR,1997,Whole Year,Maize,300,400,1.333333333
Gujarat,GANDHINAGAR,1997,Whole Year,Potato,800,18100,22.625
Gujarat,GANDHINAGAR,1997,Whole Year,Pulses total,1100,7,0.006363636
Gujarat,GANDHINAGAR,1997,Whole Year,Rice,7200,19400,2.694444444
Gujarat,GANDHINAGAR,1997,Whole Year,Sesamum,200,100,0.5
Gujarat,GANDHINAGAR,1998,Kharif,Arhar/Tur,200,200,1
Gujarat,GANDHINAGAR,1998,Kharif,Bajra,3700,1900,0.513513514
Gujarat,GANDHINAGAR,1998,Kharif,Castor seed,10800,25900,2.398148148
Gujarat,GANDHINAGAR,1998,Kharif,Cotton(lint),5400,20100,3.722222222
Gujarat,GANDHINAGAR,1998,Kharif,Groundnut,100,100,1
Gujarat,GANDHINAGAR,1998,Kharif,Jowar,3300,2800,0.848484848
Gujarat,GANDHINAGAR,1998,Kharif,Maize,200,300,1.5
Gujarat,GANDHINAGAR,1998,Kharif,Moong(Green Gram),400,300,0.75
Gujarat,GANDHINAGAR,1998,Kharif,Rice,5900,15600,2.644067797
Gujarat,GANDHINAGAR,1998,Kharif,Sesamum,100,100,1
Gujarat,GANDHINAGAR,1998,Rabi,Rapeseed &Mustard,4400,6200,1.409090909
Gujarat,GANDHINAGAR,1998,Rabi,Wheat,7100,22500,3.169014085
Gujarat,GANDHINAGAR,1998,Summer,Bajra,5900,17200,2.915254237
Gujarat,GANDHINAGAR,1998,Summer,Groundnut,100,200,2
Gujarat,GANDHINAGAR,1998,Whole Year,Dry chillies,500,800,1.6
Gujarat,GANDHINAGAR,1998,Whole Year,Oilseeds total,19500,32500,1.666666667
Gujarat,GANDHINAGAR,1998,Whole Year,Potato,700,15800,22.57142857
Gujarat,GANDHINAGAR,1998,Whole Year,Pulses total,600,500,0.833333333
Gujarat,GANDHINAGAR,1999,Kharif,Arhar/Tur,500,400,0.8
Gujarat,GANDHINAGAR,1999,Kharif,Bajra,3000,5900,1.966666667
Gujarat,GANDHINAGAR,1999,Kharif,Castor seed,10400,23000,2.211538462
Gujarat,GANDHINAGAR,1999,Kharif,Cotton(lint),3700,12600,3.405405405
Gujarat,GANDHINAGAR,1999,Kharif,Groundnut,400,200,0.5
Gujarat,GANDHINAGAR,1999,Kharif,Maize,100,100,1
Gujarat,GANDHINAGAR,1999,Kharif,Moong(Green Gram),100,0,0
Gujarat,GANDHINAGAR,1999,Kharif,Other Kharif pulses,400,200,0.5
Gujarat,GANDHINAGAR,1999,Kharif,Rice,7900,24000,3.037974684
Gujarat,GANDHINAGAR,1999,Kharif,Sesamum,400,100,0.25
Gujarat,GANDHINAGAR,1999,Rabi,Rapeseed &Mustard,4000,3800,0.95
Gujarat,GANDHINAGAR,1999,Rabi,Wheat,7300,28800,3.945205479
Gujarat,GANDHINAGAR,1999,Summer,Bajra,4700,14700,3.127659574
Gujarat,GANDHINAGAR,1999,Summer,Groundnut,400,700,1.75
Gujarat,GANDHINAGAR,1999,Whole Year,Dry chillies,700,1100,1.571428571
Gujarat,GANDHINAGAR,1999,Whole Year,Potato,600,13900,23.16666667
Gujarat,GANDHINAGAR,2000,Kharif,Arhar/Tur,400,100,0.25
Gujarat,GANDHINAGAR,2000,Kharif,Bajra,3500,1900,0.542857143
Gujarat,GANDHINAGAR,2000,Kharif,Castor seed,8200,11300,1.37804878
Gujarat,GANDHINAGAR,2000,Kharif,Cotton(lint),2400,3200,1.333333333
Gujarat,GANDHINAGAR,2000,Kharif,Groundnut,300,100,0.333333333
Gujarat,GANDHINAGAR,2000,Kharif,Jowar,1100,700,0.636363636
Gujarat,GANDHINAGAR,2000,Kharif,Maize,200,100,0.5
Gujarat,GANDHINAGAR,2000,Kharif,Moong(Green Gram),700,200,0.285714286
Gujarat,GANDHINAGAR,2000,Kharif,Other Kharif pulses,300,100,0.333333333
Gujarat,GANDHINAGAR,2000,Kharif,Rice,7600,17100,2.25
Gujarat,GANDHINAGAR,2000,Kharif,Sesamum,1700,500,0.294117647
Gujarat,GANDHINAGAR,2000,Rabi,Rapeseed &Mustard,1400,1700,1.214285714
Gujarat,GANDHINAGAR,2000,Rabi,Wheat,7000,22700,3.242857143
Gujarat,GANDHINAGAR,2000,Summer,Bajra,4000,8600,2.15
Gujarat,GANDHINAGAR,2000,Summer,Groundnut,400,700,1.75
Gujarat,GANDHINAGAR,2000,Whole Year,Dry chillies,1200,1500,1.25
Gujarat,GANDHINAGAR,2000,Whole Year,Guar seed,2200,500,0.227272727
Gujarat,GANDHINAGAR,2000,Whole Year,Potato,600,11500,19.16666667
Gujarat,GANDHINAGAR,2001,Kharif,Arhar/Tur,500,300,0.6
Gujarat,GANDHINAGAR,2001,Kharif,Bajra,4200,6900,1.642857143
Gujarat,GANDHINAGAR,2001,Kharif,Castor seed,7800,12800,1.641025641
Gujarat,GANDHINAGAR,2001,Kharif,Cotton(lint),3800,6000,1.578947368
Gujarat,GANDHINAGAR,2001,Kharif,Groundnut,300,400,1.333333333
Gujarat,GANDHINAGAR,2001,Kharif,Jowar,4200,3100,0.738095238
Gujarat,GANDHINAGAR,2001,Kharif,Maize,100,200,2
Gujarat,GANDHINAGAR,2001,Kharif,Moong(Green Gram),1200,500,0.416666667
Gujarat,GANDHINAGAR,2001,Kharif,Other Kharif pulses,500,200,0.4
Gujarat,GANDHINAGAR,2001,Kharif,Rice,7000,17500,2.5
Gujarat,GANDHINAGAR,2001,Kharif,Sesamum,700,400,0.571428571
Gujarat,GANDHINAGAR,2001,Kharif,Urad,300,200,0.666666667
Gujarat,GANDHINAGAR,2001,Rabi,Rapeseed &Mustard,1300,1600,1.230769231
Gujarat,GANDHINAGAR,2001,Rabi,Wheat,7700,26100,3.38961039
Gujarat,GANDHINAGAR,2001,Summer,Bajra,6000,12900,2.15
Gujarat,GANDHINAGAR,2001,Summer,Groundnut,200,200,1
Gujarat,GANDHINAGAR,2001,Whole Year,Banana,10900,579800,53.19266055
Gujarat,GANDHINAGAR,2001,Whole Year,Dry chillies,1000,1500,1.5
Gujarat,GANDHINAGAR,2001,Whole Year,Guar seed,2600,1100,0.423076923
Gujarat,GANDHINAGAR,2001,Whole Year,Potato,500,11500,23
Gujarat,GANDHINAGAR,2002,Kharif,Arhar/Tur,400,300,0.75
Gujarat,GANDHINAGAR,2002,Kharif,Bajra,3900,6600,1.692307692
Gujarat,GANDHINAGAR,2002,Kharif,Castor seed,7500,17000,2.266666667
Gujarat,GANDHINAGAR,2002,Kharif,Cotton(lint),3200,10700,3.34375
Gujarat,GANDHINAGAR,2002,Kharif,Groundnut,900,500,0.555555556
Gujarat,GANDHINAGAR,2002,Kharif,Maize,200,400,2
Gujarat,GANDHINAGAR,2002,Kharif,Moong(Green Gram),700,200,0.285714286
Gujarat,GANDHINAGAR,2002,Kharif,Rice,4600,9900,2.152173913
Gujarat,GANDHINAGAR,2002,Kharif,Sesamum,400,200,0.5
Gujarat,GANDHINAGAR,2002,Kharif,Urad,200,100,0.5
Gujarat,GANDHINAGAR,2002,Rabi,Rapeseed &Mustard,1500,1700,1.133333333
Gujarat,GANDHINAGAR,2002,Rabi,Wheat,6500,17200,2.646153846
Gujarat,GANDHINAGAR,2002,Summer,Bajra,1000,2400,2.4
Gujarat,GANDHINAGAR,2002,Summer,Groundnut,100,100,1
Gujarat,GANDHINAGAR,2002,Whole Year,Dry chillies,1100,1000,0.909090909
Gujarat,GANDHINAGAR,2002,Whole Year,Guar seed,900,300,0.333333333
Gujarat,GANDHINAGAR,2002,Whole Year,Potato,600,13900,23.16666667
Gujarat,GANDHINAGAR,2003,Kharif,Arhar/Tur,900,800,0.888888889
Gujarat,GANDHINAGAR,2003,Kharif,Bajra,28900,41000,1.418685121
Gujarat,GANDHINAGAR,2003,Kharif,Castor seed,17900,36700,2.05027933
Gujarat,GANDHINAGAR,2003,Kharif,Cotton(lint),18000,50600,2.811111111
Gujarat,GANDHINAGAR,2003,Kharif,Groundnut,2100,4700,2.238095238
Gujarat,GANDHINAGAR,2003,Kharif,Jowar,1400,1300,0.928571429
Gujarat,GANDHINAGAR,2003,Kharif,Maize,700,1200,1.714285714
Gujarat,GANDHINAGAR,2003,Kharif,Moong(Green Gram),5400,4000,0.740740741
Gujarat,GANDHINAGAR,2003,Kharif,Moth,200,100,0.5
Gujarat,GANDHINAGAR,2003,Kharif,Other Kharif pulses,1200,500,0.416666667
Gujarat,GANDHINAGAR,2003,Kharif,Rice,13100,35200,2.687022901
Gujarat,GANDHINAGAR,2003,Kharif,Sesamum,4000,2400,0.6
Gujarat,GANDHINAGAR,2003,Kharif,Small millets,1100,200,0.181818182
Gujarat,GANDHINAGAR,2003,Kharif,Urad,1300,900,0.692307692
Gujarat,GANDHINAGAR,2003,Rabi,Gram,200,100,0.5
Gujarat,GANDHINAGAR,2003,Rabi,Rapeseed &Mustard,6200,8400,1.35483871
Gujarat,GANDHINAGAR,2003,Rabi,Small millets,400,100,0.25
Gujarat,GANDHINAGAR,2003,Rabi,Wheat,22900,69500,3.034934498
Gujarat,GANDHINAGAR,2003,Summer,Bajra,10900,27800,2.550458716
Gujarat,GANDHINAGAR,2003,Summer,Groundnut,500,800,1.6
Gujarat,GANDHINAGAR,2003,Whole Year,Dry chillies,1000,1200,1.2
Gujarat,GANDHINAGAR,2003,Whole Year,Guar seed,5700,4300,0.754385965
Gujarat,GANDHINAGAR,2003,Whole Year,Potato,3600,73300,20.36111111
Gujarat,GANDHINAGAR,2004,Kharif,Arhar/Tur,1200,1100,0.916666667
Gujarat,GANDHINAGAR,2004,Kharif,Bajra,19200,27500,1.432291667
Gujarat,GANDHINAGAR,2004,Kharif,Castor seed,29100,51300,1.762886598
Gujarat,GANDHINAGAR,2004,Kharif,Cotton(lint),32700,117100,3.581039755
Gujarat,GANDHINAGAR,2004,Kharif,Groundnut,2500,2200,0.88
Gujarat,GANDHINAGAR,2004,Kharif,Moong(Green Gram),4000,4100,1.025
Gujarat,GANDHINAGAR,2004,Kharif,Other Cereals & Millets,200,100,0.5
Gujarat,GANDHINAGAR,2004,Kharif,Other Kharif pulses,300,100,0.333333333
Gujarat,GANDHINAGAR,2004,Kharif,Rice,13200,29100,2.204545455
Gujarat,GANDHINAGAR,2004,Kharif,Sesamum,3100,1100,0.35483871
Gujarat,GANDHINAGAR,2004,Kharif,Small millets,200,100,0.5
Gujarat,GANDHINAGAR,2004,Kharif,Urad,500,300,0.6
Gujarat,GANDHINAGAR,2004,Rabi,Gram,200,100,0.5
Gujarat,GANDHINAGAR,2004,Rabi,Rapeseed &Mustard,8200,12800,1.56097561
Gujarat,GANDHINAGAR,2004,Rabi,Wheat,26500,78900,2.977358491
Gujarat,GANDHINAGAR,2004,Summer,Bajra,6400,15700,2.453125
Gujarat,GANDHINAGAR,2004,Summer,Groundnut,400,800,2
Gujarat,GANDHINAGAR,2004,Whole Year,Dry chillies,100,100,1
Gujarat,GANDHINAGAR,2004,Whole Year,Guar seed,3700,2700,0.72972973
Gujarat,GANDHINAGAR,2004,Whole Year,Potato,2200,52600,23.90909091
Gujarat,GANDHINAGAR,2005,Kharif,Arhar/Tur,1100,1000,0.909090909
Gujarat,GANDHINAGAR,2005,Kharif,Bajra,19700,21700,1.101522843
Gujarat,GANDHINAGAR,2005,Kharif,Castor seed,24600,53700,2.182926829
Gujarat,GANDHINAGAR,2005,Kharif,Cotton(lint),15900,60700,3.817610063
Gujarat,GANDHINAGAR,2005,Kharif,Groundnut,1900,3300,1.736842105
Gujarat,GANDHINAGAR,2005,Kharif,Jowar,1000,1200,1.2
Gujarat,GANDHINAGAR,2005,Kharif,Moong(Green Gram),3600,2400,0.666666667
Gujarat,GANDHINAGAR,2005,Kharif,Moth,100,,
Gujarat,GANDHINAGAR,2005,Kharif,Other Cereals & Millets,300,,
Gujarat,GANDHINAGAR,2005,Kharif,Other Kharif pulses,400,200,0.5
Gujarat,GANDHINAGAR,2005,Kharif,Rice,10000,27200,2.72
Gujarat,GANDHINAGAR,2005,Kharif,Sesamum,3200,1100,0.34375
Gujarat,GANDHINAGAR,2005,Kharif,Urad,500,400,0.8
Gujarat,GANDHINAGAR,2005,Rabi,Gram,100,100,1
Gujarat,GANDHINAGAR,2005,Rabi,Rapeseed &Mustard,6600,10300,1.560606061
Gujarat,GANDHINAGAR,2005,Rabi,Wheat,25200,77600,3.079365079
Gujarat,GANDHINAGAR,2005,Summer,Bajra,7400,18700,2.527027027
Gujarat,GANDHINAGAR,2005,Summer,Groundnut,200,400,2
Gujarat,GANDHINAGAR,2005,Summer,Rice,300,900,3
Gujarat,GANDHINAGAR,2005,Whole Year,Guar seed,4200,2400,0.571428571
Gujarat,GANDHINAGAR,2005,Whole Year,Potato,4800,109300,22.77083333
Gujarat,GANDHINAGAR,2006,Kharif,Arhar/Tur,1000,900,0.9
Gujarat,GANDHINAGAR,2006,Kharif,Bajra,20500,18400,0.897560976
Gujarat,GANDHINAGAR,2006,Kharif,Castor seed,27200,54500,2.003676471
Gujarat,GANDHINAGAR,2006,Kharif,Cotton(lint),26600,100100,3.763157895
Gujarat,GANDHINAGAR,2006,Kharif,Groundnut,2600,2500,0.961538462
Gujarat,GANDHINAGAR,2006,Kharif,Jowar,4300,4800,1.11627907
Gujarat,GANDHINAGAR,2006,Kharif,Maize,1000,300,0.3
Gujarat,GANDHINAGAR,2006,Kharif,Moong(Green Gram),3600,1700,0.472222222
Gujarat,GANDHINAGAR,2006,Kharif,Moth,200,100,0.5
Gujarat,GANDHINAGAR,2006,Kharif,Other Cereals & Millets,200,100,0.5
Gujarat,GANDHINAGAR,2006,Kharif,Other Kharif pulses,1000,700,0.7
Gujarat,GANDHINAGAR,2006,Kharif,Rice,11300,25600,2.265486726
Gujarat,GANDHINAGAR,2006,Kharif,Sesamum,3400,900,0.264705882
Gujarat,GANDHINAGAR,2006,Kharif,Urad,400,200,0.5
Gujarat,GANDHINAGAR,2006,Rabi,Gram,100,100,1
Gujarat,GANDHINAGAR,2006,Rabi,Rapeseed &Mustard,5100,7600,1.490196078
Gujarat,GANDHINAGAR,2006,Rabi,Wheat,27500,80900,2.941818182
Gujarat,GANDHINAGAR,2006,Summer,Bajra,5500,14700,2.672727273
Gujarat,GANDHINAGAR,2006,Summer,Groundnut,300,600,2
Gujarat,GANDHINAGAR,2006,Summer,Rice,3000,8600,2.866666667
Gujarat,GANDHINAGAR,2006,Whole Year,Dry chillies,100,100,1
Gujarat,GANDHINAGAR,2006,Whole Year,Guar seed,3700,1500,0.405405405
Gujarat,GANDHINAGAR,2006,Whole Year,Onion,100,1200,12
Gujarat,GANDHINAGAR,2006,Whole Year,Potato,3800,93600,24.63157895
Gujarat,GANDHINAGAR,2006,Whole Year,Tobacco,200,400,2
Gujarat,GANDHINAGAR,2007,Kharif,Arhar/Tur,600,700,1.166666667
Gujarat,GANDHINAGAR,2007,Kharif,Bajra,15900,20200,1.270440252
Gujarat,GANDHINAGAR,2007,Kharif,Castor seed,24300,54100,2.226337449
Gujarat,GANDHINAGAR,2007,Kharif,Cotton(lint),32100,122400,3.813084112
Gujarat,GANDHINAGAR,2007,Kharif,Groundnut,3300,5900,1.787878788
Gujarat,GANDHINAGAR,2007,Kharif,Jowar,5000,6800,1.36
Gujarat,GANDHINAGAR,2007,Kharif,Maize,400,500,1.25
Gujarat,GANDHINAGAR,2007,Kharif,Moong(Green Gram),2900,1800,0.620689655
Gujarat,GANDHINAGAR,2007,Kharif,Moth,400,200,0.5
Gujarat,GANDHINAGAR,2007,Kharif,Other Cereals & Millets,200,100,0.5
Gujarat,GANDHINAGAR,2007,Kharif,Other Kharif pulses,400,300,0.75
Gujarat,GANDHINAGAR,2007,Kharif,Rice,12800,32000,2.5
Gujarat,GANDHINAGAR,2007,Kharif,Sesamum,1900,600,0.315789474
Gujarat,GANDHINAGAR,2007,Kharif,Urad,600,400,0.666666667
Gujarat,GANDHINAGAR,2007,Rabi,Gram,200,200,1
Gujarat,GANDHINAGAR,2007,Rabi,Rapeseed &Mustard,7200,11900,1.652777778
Gujarat,GANDHINAGAR,2007,Rabi,Wheat,43800,141700,3.235159817
Gujarat,GANDHINAGAR,2007,Summer,Bajra,7500,21100,2.813333333
Gujarat,GANDHINAGAR,2007,Summer,Groundnut,300,600,2
Gujarat,GANDHINAGAR,2007,Summer,Rice,3000,9200,3.066666667
Gujarat,GANDHINAGAR,2007,Whole Year,Dry chillies,400,400,1
Gujarat,GANDHINAGAR,2007,Whole Year,Guar seed,2800,1800,0.642857143
Gujarat,GANDHINAGAR,2007,Whole Year,Potato,5900,151800,25.72881356
Gujarat,GANDHINAGAR,2008,Kharif,Arhar/Tur,300,300,1
Gujarat,GANDHINAGAR,2008,Kharif,Bajra,15000,21800,1.453333333
Gujarat,GANDHINAGAR,2008,Kharif,Castor seed,29900,64400,2.153846154
Gujarat,GANDHINAGAR,2008,Kharif,Cotton(lint),33800,124300,3.677514793
Gujarat,GANDHINAGAR,2008,Kharif,Groundnut,2300,3200,1.391304348
Gujarat,GANDHINAGAR,2008,Kharif,Maize,600,900,1.5
Gujarat,GANDHINAGAR,2008,Kharif,Moong(Green Gram),3800,2000,0.526315789
Gujarat,GANDHINAGAR,2008,Kharif,Moth,200,100,0.5
Gujarat,GANDHINAGAR,2008,Kharif,Other Cereals & Millets,300,100,0.333333333
Gujarat,GANDHINAGAR,2008,Kharif,Other Kharif pulses,600,400,0.666666667
Gujarat,GANDHINAGAR,2008,Kharif,Rice,12800,26900,2.1015625
Gujarat,GANDHINAGAR,2008,Kharif,Sesamum,2500,800,0.32
Gujarat,GANDHINAGAR,2008,Kharif,Tobacco,100,100,1
Gujarat,GANDHINAGAR,2008,Kharif,Urad,600,400,0.666666667
Gujarat,GANDHINAGAR,2008,Rabi,Gram,200,200,1
Gujarat,GANDHINAGAR,2008,Rabi,Onion,100,1400,14
Gujarat,GANDHINAGAR,2008,Rabi,Rapeseed &Mustard,10300,14600,1.417475728
Gujarat,GANDHINAGAR,2008,Rabi,Wheat,32800,83200,2.536585366
Gujarat,GANDHINAGAR,2008,Summer,Bajra,9300,25000,2.688172043
Gujarat,GANDHINAGAR,2008,Summer,Groundnut,700,1300,1.857142857
Gujarat,GANDHINAGAR,2008,Whole Year,Dry chillies,100,100,1
Gujarat,GANDHINAGAR,2008,Whole Year,Guar seed,3800,1300,0.342105263
Gujarat,GANDHINAGAR,2008,Whole Year,Potato,5700,118700,20.8245614
Gujarat,GANDHINAGAR,2009,Kharif,Arhar/Tur,400,300,0.75
Gujarat,GANDHINAGAR,2009,Kharif,Bajra,9300,9000,0.967741935
Gujarat,GANDHINAGAR,2009,Kharif,Castor seed,23400,50700,2.166666667
Gujarat,GANDHINAGAR,2009,Kharif,Cotton(lint),34000,131100,3.855882353
Gujarat,GANDHINAGAR,2009,Kharif,Groundnut,2800,2600,0.928571429
Gujarat,GANDHINAGAR,2009,Kharif,Jowar,2300,2300,1
Gujarat,GANDHINAGAR,2009,Kharif,Maize,400,400,1
Gujarat,GANDHINAGAR,2009,Kharif,Moong(Green Gram),3200,1500,0.46875
Gujarat,GANDHINAGAR,2009,Kharif,Moth,400,100,0.25
Gujarat,GANDHINAGAR,2009,Kharif,Other Kharif pulses,8500,6100,0.717647059
Gujarat,GANDHINAGAR,2009,Kharif,Rice,10600,22200,2.094339623
Gujarat,GANDHINAGAR,2009,Kharif,Sesamum,1800,600,0.333333333
Gujarat,GANDHINAGAR,2009,Kharif,Urad,500,300,0.6
Gujarat,GANDHINAGAR,2009,Rabi,Rapeseed &Mustard,4900,7200,1.469387755
Gujarat,GANDHINAGAR,2009,Rabi,Wheat,29100,86900,2.986254296
Gujarat,GANDHINAGAR,2009,Summer,Bajra,6400,17600,2.75
Gujarat,GANDHINAGAR,2009,Summer,Groundnut,900,1600,1.777777778
Gujarat,GANDHINAGAR,2009,Whole Year,Dry chillies,300,300,1
Gujarat,GANDHINAGAR,2009,Whole Year,Guar seed,3100,800,0.258064516
Gujarat,GANDHINAGAR,2009,Whole Year,Potato,5100,115300,22.60784314
Gujarat,GANDHINAGAR,2010,Kharif,Arhar/Tur,500,500,1
Gujarat,GANDHINAGAR,2010,Kharif,Bajra,8800,12200,1.386363636
Gujarat,GANDHINAGAR,2010,Kharif,Castor seed,30300,66900,2.207920792
Gujarat,GANDHINAGAR,2010,Kharif,Cotton(lint),30400,113000,3.717105263
Gujarat,GANDHINAGAR,2010,Kharif,Groundnut,2800,5200,1.857142857
Gujarat,GANDHINAGAR,2010,Kharif,Jowar,2100,2200,1.047619048
Gujarat,GANDHINAGAR,2010,Kharif,Maize,300,600,2
Gujarat,GANDHINAGAR,2010,Kharif,Moong(Green Gram),3000,1900,0.633333333
Gujarat,GANDHINAGAR,2010,Kharif,Moth,500,300,0.6
Gujarat,GANDHINAGAR,2010,Kharif,Other Kharif pulses,900,500,0.555555556
Gujarat,GANDHINAGAR,2010,Kharif,Rice,16000,36900,2.30625
Gujarat,GANDHINAGAR,2010,Kharif,Sesamum,1600,600,0.375
Gujarat,GANDHINAGAR,2010,Kharif,Tobacco,100,200,2
Gujarat,GANDHINAGAR,2010,Kharif,Urad,600,400,0.666666667
Gujarat,GANDHINAGAR,2010,Rabi,Gram,100,100,1
Gujarat,GANDHINAGAR,2010,Rabi,Jowar,400,400,1
Gujarat,GANDHINAGAR,2010,Rabi,Maize,500,800,1.6
Gujarat,GANDHINAGAR,2010,Rabi,Other Cereals & Millets,300,300,1
Gujarat,GANDHINAGAR,2010,Rabi,Rapeseed &Mustard,5000,8200,1.64
Gujarat,GANDHINAGAR,2010,Rabi,Tobacco,1600,3000,1.875
Gujarat,GANDHINAGAR,2010,Rabi,Wheat,35900,117200,3.264623955
Gujarat,GANDHINAGAR,2010,Summer,Bajra,6300,17600,2.793650794
Gujarat,GANDHINAGAR,2010,Summer,Groundnut,100,100,1
Gujarat,GANDHINAGAR,2010,Summer,Moong(Green Gram),1200,700,0.583333333
Gujarat,GANDHINAGAR,2010,Whole Year,Guar seed,3000,1700,0.566666667
Gujarat,GANDHINAGAR,2010,Whole Year,Potato,5200,126800,24.38461538
Gujarat,GANDHINAGAR,2011,Kharif,Arhar/Tur,400,500,1.25
Gujarat,GANDHINAGAR,2011,Kharif,Bajra,9400,12400,1.319148936
Gujarat,GANDHINAGAR,2011,Kharif,Castor seed,29000,58600,2.020689655
Gujarat,GANDHINAGAR,2011,Kharif,Cotton(lint),33100,136500,4.123867069
Gujarat,GANDHINAGAR,2011,Kharif,Groundnut,3100,5800,1.870967742
Gujarat,GANDHINAGAR,2011,Kharif,Jowar,8300,8200,0.987951807
Gujarat,GANDHINAGAR,2011,Kharif,Maize,500,600,1.2
Gujarat,GANDHINAGAR,2011,Kharif,Moong(Green Gram),2300,1600,0.695652174
Gujarat,GANDHINAGAR,2011,Kharif,Moth,300,200,0.666666667
Gujarat,GANDHINAGAR,2011,Kharif,Other Kharif pulses,7800,3300,0.423076923
Gujarat,GANDHINAGAR,2011,Kharif,Rice,8800,20100,2.284090909
Gujarat,GANDHINAGAR,2011,Kharif,Sesamum,1500,600,0.4
Gujarat,GANDHINAGAR,2011,Kharif,Urad,500,400,0.8
Gujarat,GANDHINAGAR,2011,Rabi,Jowar,400,400,1
Gujarat,GANDHINAGAR,2011,Rabi,Rapeseed &Mustard,4100,6200,1.512195122
Gujarat,GANDHINAGAR,2011,Rabi,Tobacco,2600,4300,1.653846154
Gujarat,GANDHINAGAR,2011,Rabi,Wheat,35100,116200,3.310541311
Gujarat,GANDHINAGAR,2011,Summer,Bajra,15700,42700,2.719745223
Gujarat,GANDHINAGAR,2011,Summer,Groundnut,300,700,2.333333333
Gujarat,GANDHINAGAR,2011,Summer,Moong(Green Gram),200,100,0.5
Gujarat,GANDHINAGAR,2011,Whole Year,Guar seed,4200,2400,0.571428571
Gujarat,GANDHINAGAR,2011,Whole Year,Potato,3400,88500,26.02941176
Gujarat,GANDHINAGAR,2012,Kharif,Arhar/Tur,300,300,1
Gujarat,GANDHINAGAR,2012,Kharif,Bajra,8200,8900,1.085365854
Gujarat,GANDHINAGAR,2012,Kharif,Castor seed,28600,59400,2.076923077
Gujarat,GANDHINAGAR,2012,Kharif,Cotton(lint),34800,136900,3.933908046
Gujarat,GANDHINAGAR,2012,Kharif,Groundnut,2700,4400,1.62962963
Gujarat,GANDHINAGAR,2012,Kharif,Jowar,2500,2000,0.8
Gujarat,GANDHINAGAR,2012,Kharif,Maize,300,500,1.666666667
Gujarat,GANDHINAGAR,2012,Kharif,Moong(Green Gram),1700,1300,0.764705882
Gujarat,GANDHINAGAR,2012,Kharif,Other Kharif pulses,500,200,0.4
Gujarat,GANDHINAGAR,2012,Kharif,Rice,3500,8100,2.314285714
Gujarat,GANDHINAGAR,2012,Kharif,Sesamum,600,200,0.333333333
Gujarat,GANDHINAGAR,2012,Kharif,Urad,300,100,0.333333333
Gujarat,GANDHINAGAR,2012,Rabi,Other Cereals & Millets,600,900,1.5
Gujarat,GANDHINAGAR,2012,Rabi,Rapeseed &Mustard,3800,6100,1.605263158
Gujarat,GANDHINAGAR,2012,Rabi,Tobacco,700,1600,2.285714286
Gujarat,GANDHINAGAR,2012,Rabi,Wheat,30300,98400,3.247524752
Gujarat,GANDHINAGAR,2012,Summer,Bajra,9600,29500,3.072916667
Gujarat,GANDHINAGAR,2012,Summer,Groundnut,200,500,2.5
Gujarat,GANDHINAGAR,2012,Summer,Moong(Green Gram),100,100,1
Gujarat,GANDHINAGAR,2012,Whole Year,Guar seed,3500,2100,0.6
Gujarat,GANDHINAGAR,2012,Whole Year,Potato,5900,147500,25
Gujarat,JAMNAGAR,1997,Kharif,Arhar/Tur,6300,4700,0.746031746
Gujarat,JAMNAGAR,1997,Kharif,Bajra,55800,70900,1.270609319
Gujarat,JAMNAGAR,1997,Kharif,Dry chillies,2100,1700,0.80952381
Gujarat,JAMNAGAR,1997,Kharif,Groundnut,350700,437300,1.246934702
Gujarat,JAMNAGAR,1997,Kharif,Jowar,15900,12500,0.786163522
Gujarat,JAMNAGAR,1997,Kharif,Moong(Green Gram),4200,2800,0.666666667
Gujarat,JAMNAGAR,1997,Kharif,Moth,300,200,0.666666667
Gujarat,JAMNAGAR,1997,Kharif,Urad,7300,4400,0.602739726
Gujarat,JAMNAGAR,1997,Rabi,Gram,11100,9000,0.810810811
Gujarat,JAMNAGAR,1997,Rabi,Jowar,200,200,1
Gujarat,JAMNAGAR,1997,Rabi,Rapeseed &Mustard,2100,3500,1.666666667
Gujarat,JAMNAGAR,1997,Rabi,Wheat,22200,61300,2.761261261
Gujarat,JAMNAGAR,1997,Summer,Bajra,100,300,3
Gujarat,JAMNAGAR,1997,Summer,Groundnut,1400,2200,1.571428571
Gujarat,JAMNAGAR,1997,Whole Year,Castor seed,13100,30300,2.312977099
Gujarat,JAMNAGAR,1997,Whole Year,Cotton(lint),41700,115700,2.774580336
Gujarat,JAMNAGAR,1997,Whole Year,Garlic,5600,38700,6.910714286
Gujarat,JAMNAGAR,1997,Whole Year,Maize,2700,4500,1.666666667
Gujarat,JAMNAGAR,1997,Whole Year,Onion,1000,32200,32.2
Gujarat,JAMNAGAR,1997,Whole Year,Potato,100,1400,14
Gujarat,JAMNAGAR,1997,Whole Year,Pulses total,18100,121,0.006685083
Gujarat,JAMNAGAR,1997,Whole Year,Sesamum,34500,21800,0.631884058
Gujarat,JAMNAGAR,1997,Whole Year,Sugarcane,500,33000,66
Gujarat,JAMNAGAR,1998,Kharif,Arhar/Tur,6900,6500,0.942028986
Gujarat,JAMNAGAR,1998,Kharif,Bajra,46400,31100,0.670258621
Gujarat,JAMNAGAR,1998,Kharif,Castor seed,13800,45800,3.31884058
Gujarat,JAMNAGAR,1998,Kharif,Cotton(lint),47600,206100,4.329831933
Gujarat,JAMNAGAR,1998,Kharif,Groundnut,387200,311400,0.804235537
Gujarat,JAMNAGAR,1998,Kharif,Jowar,8600,7100,0.825581395
Gujarat,JAMNAGAR,1998,Kharif,Maize,1200,2100,1.75
Gujarat,JAMNAGAR,1998,Kharif,Moong(Green Gram),4000,1700,0.425
Gujarat,JAMNAGAR,1998,Kharif,Moth,300,100,0.333333333
Gujarat,JAMNAGAR,1998,Kharif,Other Kharif pulses,200,,
Gujarat,JAMNAGAR,1998,Kharif,Sesamum,33600,11500,0.342261905
Gujarat,JAMNAGAR,1998,Kharif,Urad,4800,1600,0.333333333
Gujarat,JAMNAGAR,1998,Rabi,Gram,12900,10400,0.80620155
Gujarat,JAMNAGAR,1998,Rabi,Jowar,500,400,0.8
Gujarat,JAMNAGAR,1998,Rabi,Rapeseed &Mustard,2100,2300,1.095238095
Gujarat,JAMNAGAR,1998,Rabi,Wheat,20300,51800,2.551724138
Gujarat,JAMNAGAR,1998,Summer,Bajra,500,1200,2.4
Gujarat,JAMNAGAR,1998,Summer,Groundnut,1900,2600,1.368421053
Gujarat,JAMNAGAR,1998,Whole Year,Dry chillies,4500,4400,0.977777778
Gujarat,JAMNAGAR,1998,Whole Year,Garlic,6900,52800,7.652173913
Gujarat,JAMNAGAR,1998,Whole Year,Oilseeds total,438600,373600,0.851801186
Gujarat,JAMNAGAR,1998,Whole Year,Onion,2700,92200,34.14814815
Gujarat,JAMNAGAR,1998,Whole Year,Potato,300,6000,20
Gujarat,JAMNAGAR,1998,Whole Year,Pulses total,29100,20300,0.697594502
Gujarat,JAMNAGAR,1998,Whole Year,Sugarcane,300,20000,66.66666667
Gujarat,JAMNAGAR,1999,Kharif,Arhar/Tur,5000,4100,0.82
Gujarat,JAMNAGAR,1999,Kharif,Bajra,41700,10700,0.256594724
Gujarat,JAMNAGAR,1999,Kharif,Castor seed,15200,25400,1.671052632
Gujarat,JAMNAGAR,1999,Kharif,Cotton(lint),36000,48100,1.336111111
Gujarat,JAMNAGAR,1999,Kharif,Groundnut,368800,17500,0.047451193
Gujarat,JAMNAGAR,1999,Kharif,Jowar,8500,11500,1.352941176
Gujarat,JAMNAGAR,1999,Kharif,Maize,900,1100,1.222222222
Gujarat,JAMNAGAR,1999,Kharif,Moong(Green Gram),3200,300,0.09375
Gujarat,JAMNAGAR,1999,Kharif,Moth,200,0,0
Gujarat,JAMNAGAR,1999,Kharif,Other Kharif pulses,100,0,0
Gujarat,JAMNAGAR,1999,Kharif,Sesamum,28600,3800,0.132867133
Gujarat,JAMNAGAR,1999,Kharif,Urad,3500,400,0.114285714
Gujarat,JAMNAGAR,1999,Rabi,Gram,4100,1400,0.341463415
Gujarat,JAMNAGAR,1999,Rabi,Jowar,900,800,0.888888889
Gujarat,JAMNAGAR,1999,Rabi,Rapeseed &Mustard,400,200,0.5
Gujarat,JAMNAGAR,1999,Rabi,Wheat,4700,8000,1.70212766
Gujarat,JAMNAGAR,1999,Summer,Bajra,100,100,1
Gujarat,JAMNAGAR,1999,Summer,Groundnut,100,,
Gujarat,JAMNAGAR,1999,Whole Year,Dry chillies,1600,400,0.25
Gujarat,JAMNAGAR,1999,Whole Year,Garlic,1200,7800,6.5
Gujarat,JAMNAGAR,1999,Whole Year,Onion,500,10500,21
Gujarat,JAMNAGAR,1999,Whole Year,Sugarcane,100,9000,90
Gujarat,JAMNAGAR,2000,Kharif,Arhar/Tur,6100,2100,0.344262295
Gujarat,JAMNAGAR,2000,Kharif,Bajra,39800,29500,0.74120603
Gujarat,JAMNAGAR,2000,Kharif,Castor seed,16400,20100,1.225609756
Gujarat,JAMNAGAR,2000,Kharif,Cotton(lint),31800,22200,0.698113208
Gujarat,JAMNAGAR,2000,Kharif,Groundnut,391300,9100,0.023255814
Gujarat,JAMNAGAR,2000,Kharif,Jowar,5000,3200,0.64
Gujarat,JAMNAGAR,2000,Kharif,Maize,800,600,0.75
Gujarat,JAMNAGAR,2000,Kharif,Moong(Green Gram),3800,1700,0.447368421
Gujarat,JAMNAGAR,2000,Kharif,Moth,500,,
Gujarat,JAMNAGAR,2000,Kharif,Other Kharif pulses,100,0,0
Gujarat,JAMNAGAR,2000,Kharif,Sesamum,38400,14600,0.380208333
Gujarat,JAMNAGAR,2000,Kharif,Urad,2400,700,0.291666667
Gujarat,JAMNAGAR,2000,Rabi,Gram,800,600,0.75
Gujarat,JAMNAGAR,2000,Rabi,Jowar,300,200,0.666666667
Gujarat,JAMNAGAR,2000,Rabi,Rapeseed &Mustard,100,100,1
Gujarat,JAMNAGAR,2000,Rabi,Wheat,1600,3700,2.3125
Gujarat,JAMNAGAR,2000,Summer,Bajra,100,200,2
Gujarat,JAMNAGAR,2000,Summer,Groundnut,100,100,1
Gujarat,JAMNAGAR,2000,Whole Year,Dry chillies,700,100,0.142857143
Gujarat,JAMNAGAR,2000,Whole Year,Garlic,700,4000,5.714285714
Gujarat,JAMNAGAR,2000,Whole Year,Guar seed,200,,
Gujarat,JAMNAGAR,2000,Whole Year,Onion,400,9000,22.5
Gujarat,JAMNAGAR,2000,Whole Year,Potato,100,2800,28
Gujarat,JAMNAGAR,2000,Whole Year,Sugarcane,300,22000,73.33333333
Gujarat,JAMNAGAR,2001,Kharif,Arhar/Tur,4300,2700,0.627906977
Gujarat,JAMNAGAR,2001,Kharif,Bajra,39400,45900,1.164974619
Gujarat,JAMNAGAR,2001,Kharif,Castor seed,9900,21200,2.141414141
Gujarat,JAMNAGAR,2001,Kharif,Cotton(lint),37200,50800,1.365591398
Gujarat,JAMNAGAR,2001,Kharif,Groundnut,409100,569300,1.391591298
Gujarat,JAMNAGAR,2001,Kharif,Jowar,6900,5100,0.739130435
Gujarat,JAMNAGAR,2001,Kharif,Maize,600,1200,2
Gujarat,JAMNAGAR,2001,Kharif,Moong(Green Gram),4100,2600,0.634146341
Gujarat,JAMNAGAR,2001,Kharif,Moth,200,100,0.5
Gujarat,JAMNAGAR,2001,Kharif,Other Kharif pulses,400,200,0.5
Gujarat,JAMNAGAR,2001,Kharif,Sesamum,37600,22800,0.606382979
Gujarat,JAMNAGAR,2001,Kharif,Urad,3400,3200,0.941176471
Gujarat,JAMNAGAR,2001,Rabi,Gram,6400,3900,0.609375
Gujarat,JAMNAGAR,2001,Rabi,Jowar,2600,2100,0.807692308
Gujarat,JAMNAGAR,2001,Rabi,Rapeseed &Mustard,700,700,1
Gujarat,JAMNAGAR,2001,Rabi,Wheat,9800,27800,2.836734694
Gujarat,JAMNAGAR,2001,Summer,Bajra,600,1000,1.666666667
Gujarat,JAMNAGAR,2001,Summer,Groundnut,1500,3700,2.466666667
Gujarat,JAMNAGAR,2001,Whole Year,Dry chillies,1100,300,0.272727273
Gujarat,JAMNAGAR,2001,Whole Year,Garlic,2100,16000,7.619047619
Gujarat,JAMNAGAR,2001,Whole Year,Guar seed,100,100,1
Gujarat,JAMNAGAR,2001,Whole Year,Onion,1000,29900,29.9
Gujarat,JAMNAGAR,2001,Whole Year,Sugarcane,200,11000,55
Gujarat,JAMNAGAR,2002,Kharif,Arhar/Tur,2800,2800,1
Gujarat,JAMNAGAR,2002,Kharif,Bajra,32100,8700,0.271028037
Gujarat,JAMNAGAR,2002,Kharif,Castor seed,9500,5600,0.589473684
Gujarat,JAMNAGAR,2002,Kharif,Cotton(lint),29700,24600,0.828282828
Gujarat,JAMNAGAR,2002,Kharif,Groundnut,446200,16200,0.036306589
Gujarat,JAMNAGAR,2002,Kharif,Jowar,2100,500,0.238095238
Gujarat,JAMNAGAR,2002,Kharif,Maize,2000,3400,1.7
Gujarat,JAMNAGAR,2002,Kharif,Moong(Green Gram),2700,800,0.296296296
Gujarat,JAMNAGAR,2002,Kharif,Moth,200,200,1
Gujarat,JAMNAGAR,2002,Kharif,Sesamum,23100,3400,0.147186147
Gujarat,JAMNAGAR,2002,Kharif,Urad,6500,2300,0.353846154
Gujarat,JAMNAGAR,2002,Rabi,Gram,1700,1200,0.705882353
Gujarat,JAMNAGAR,2002,Rabi,Jowar,1000,700,0.7
Gujarat,JAMNAGAR,2002,Rabi,Wheat,3000,7200,2.4
Gujarat,JAMNAGAR,2002,Summer,Bajra,100,200,2
Gujarat,JAMNAGAR,2002,Summer,Groundnut,200,300,1.5
Gujarat,JAMNAGAR,2002,Whole Year,Dry chillies,1100,500,0.454545455
Gujarat,JAMNAGAR,2002,Whole Year,Garlic,900,7200,8
Gujarat,JAMNAGAR,2002,Whole Year,Onion,400,11600,29
Gujarat,JAMNAGAR,2002,Whole Year,Potato,100,1600,16
Gujarat,JAMNAGAR,2002,Whole Year,Sugarcane,100,5000,50
Gujarat,JAMNAGAR,2003,Kharif,Arhar/Tur,2000,1700,0.85
Gujarat,JAMNAGAR,2003,Kharif,Bajra,35700,61000,1.708683473
Gujarat,JAMNAGAR,2003,Kharif,Castor seed,12800,47800,3.734375
Gujarat,JAMNAGAR,2003,Kharif,Cotton(lint),32000,187900,5.871875
Gujarat,JAMNAGAR,2003,Kharif,Groundnut,436600,940900,2.155061842
Gujarat,JAMNAGAR,2003,Kharif,Jowar,2900,2500,0.862068966
Gujarat,JAMNAGAR,2003,Kharif,Maize,3000,5200,1.733333333
Gujarat,JAMNAGAR,2003,Kharif,Moong(Green Gram),3000,1700,0.566666667
Gujarat,JAMNAGAR,2003,Kharif,Moth,200,100,0.5
Gujarat,JAMNAGAR,2003,Kharif,Sesamum,27400,17300,0.631386861
Gujarat,JAMNAGAR,2003,Kharif,Urad,4700,3100,0.659574468
Gujarat,JAMNAGAR,2003,Rabi,Gram,19500,29400,1.507692308
Gujarat,JAMNAGAR,2003,Rabi,Jowar,1400,1100,0.785714286
Gujarat,JAMNAGAR,2003,Rabi,Other  Rabi pulses,200,100,0.5
Gujarat,JAMNAGAR,2003,Rabi,Rapeseed &Mustard,2200,3200,1.454545455
Gujarat,JAMNAGAR,2003,Rabi,Wheat,37600,133400,3.54787234
Gujarat,JAMNAGAR,2003,Summer,Bajra,600,1200,2
Gujarat,JAMNAGAR,2003,Summer,Groundnut,2900,7400,2.551724138
Gujarat,JAMNAGAR,2003,Whole Year,Dry chillies,400,100,0.25
Gujarat,JAMNAGAR,2003,Whole Year,Garlic,9400,75200,8
Gujarat,JAMNAGAR,2003,Whole Year,Onion,4600,151600,32.95652174
Gujarat,JAMNAGAR,2003,Whole Year,Potato,400,9100,22.75
Gujarat,JAMNAGAR,2003,Whole Year,Sugarcane,300,22000,73.33333333
Gujarat,JAMNAGAR,2004,Kharif,Arhar/Tur,2300,2100,0.913043478
Gujarat,JAMNAGAR,2004,Kharif,Bajra,27500,33200,1.207272727
Gujarat,JAMNAGAR,2004,Kharif,Castor seed,9300,24600,2.64516129
Gujarat,JAMNAGAR,2004,Kharif,Cotton(lint),46700,256700,5.496788009
Gujarat,JAMNAGAR,2004,Kharif,Groundnut,423600,409700,0.967186025
Gujarat,JAMNAGAR,2004,Kharif,Jowar,5800,5500,0.948275862
Gujarat,JAMNAGAR,2004,Kharif,Maize,2900,2600,0.896551724
Gujarat,JAMNAGAR,2004,Kharif,Moong(Green Gram),4800,2000,0.416666667
Gujarat,JAMNAGAR,2004,Kharif,Moth,200,100,0.5
Gujarat,JAMNAGAR,2004,Kharif,Sesamum,24400,11000,0.450819672
Gujarat,JAMNAGAR,2004,Kharif,Urad,5400,3100,0.574074074
Gujarat,JAMNAGAR,2004,Rabi,Gram,8500,11100,1.305882353
Gujarat,JAMNAGAR,2004,Rabi,Jowar,400,300,0.75
Gujarat,JAMNAGAR,2004,Rabi,Other  Rabi pulses,100,,
Gujarat,JAMNAGAR,2004,Rabi,Rapeseed &Mustard,2000,2800,1.4
Gujarat,JAMNAGAR,2004,Rabi,Wheat,14800,47300,3.195945946
Gujarat,JAMNAGAR,2004,Summer,Bajra,500,1000,2
Gujarat,JAMNAGAR,2004,Summer,Groundnut,1100,1800,1.636363636
Gujarat,JAMNAGAR,2004,Whole Year,Dry chillies,400,100,0.25
Gujarat,JAMNAGAR,2004,Whole Year,Garlic,4400,29700,6.75
Gujarat,JAMNAGAR,2004,Whole Year,Onion,1900,56900,29.94736842
Gujarat,JAMNAGAR,2004,Whole Year,Potato,700,18300,26.14285714
Gujarat,JAMNAGAR,2004,Whole Year,Sugarcane,300,21000,70
Gujarat,JAMNAGAR,2005,Kharif,Arhar/Tur,1300,1300,1
Gujarat,JAMNAGAR,2005,Kharif,Bajra,21800,22700,1.041284404
Gujarat,JAMNAGAR,2005,Kharif,Castor seed,9000,29400,3.266666667
Gujarat,JAMNAGAR,2005,Kharif,Cotton(lint),92100,494500,5.369163952
Gujarat,JAMNAGAR,2005,Kharif,Groundnut,426000,648400,1.522065728
Gujarat,JAMNAGAR,2005,Kharif,Jowar,1100,1300,1.181818182
Gujarat,JAMNAGAR,2005,Kharif,Maize,1600,2600,1.625
Gujarat,JAMNAGAR,2005,Kharif,Moong(Green Gram),2900,1800,0.620689655
Gujarat,JAMNAGAR,2005,Kharif,Moth,600,300,0.5
Gujarat,JAMNAGAR,2005,Kharif,Other Kharif pulses,400,200,0.5
Gujarat,JAMNAGAR,2005,Kharif,Sesamum,18700,9000,0.481283422
Gujarat,JAMNAGAR,2005,Kharif,Urad,3600,2900,0.805555556
Gujarat,JAMNAGAR,2005,Rabi,Gram,15300,21300,1.392156863
Gujarat,JAMNAGAR,2005,Rabi,Jowar,1300,1200,0.923076923
Gujarat,JAMNAGAR,2005,Rabi,Rapeseed &Mustard,1700,2600,1.529411765
Gujarat,JAMNAGAR,2005,Rabi,Wheat,29100,79300,2.725085911
Gujarat,JAMNAGAR,2005,Summer,Bajra,300,600,2
Gujarat,JAMNAGAR,2005,Summer,Groundnut,2000,3300,1.65
Gujarat,JAMNAGAR,2005,Whole Year,Dry chillies,100,100,1
Gujarat,JAMNAGAR,2005,Whole Year,Garlic,11300,62900,5.566371681
Gujarat,JAMNAGAR,2005,Whole Year,Onion,3800,105800,27.84210526
Gujarat,JAMNAGAR,2005,Whole Year,Potato,1000,28400,28.4
Gujarat,JAMNAGAR,2005,Whole Year,Sugarcane,300,28000,93.33333333
Gujarat,JAMNAGAR,2006,Kharif,Arhar/Tur,1100,1000,0.909090909
Gujarat,JAMNAGAR,2006,Kharif,Bajra,8600,11300,1.313953488
Gujarat,JAMNAGAR,2006,Kharif,Castor seed,9700,27500,2.835051546
Gujarat,JAMNAGAR,2006,Kharif,Cotton(lint),173000,882900,5.103468208
Gujarat,JAMNAGAR,2006,Kharif,Groundnut,330200,466200,1.411871593
Gujarat,JAMNAGAR,2006,Kharif,Jowar,2300,2600,1.130434783
Gujarat,JAMNAGAR,2006,Kharif,Maize,2600,800,0.307692308
Gujarat,JAMNAGAR,2006,Kharif,Moong(Green Gram),2200,700,0.318181818
Gujarat,JAMNAGAR,2006,Kharif,Moth,100,100,1
Gujarat,JAMNAGAR,2006,Kharif,Other Kharif pulses,100,100,1
Gujarat,JAMNAGAR,2006,Kharif,Sesamum,14600,7700,0.52739726
Gujarat,JAMNAGAR,2006,Kharif,Urad,3300,1500,0.454545455
Gujarat,JAMNAGAR,2006,Rabi,Gram,21200,24700,1.16509434
Gujarat,JAMNAGAR,2006,Rabi,Other  Rabi pulses,100,100,1
Gujarat,JAMNAGAR,2006,Rabi,Rapeseed &Mustard,1400,1700,1.214285714
Gujarat,JAMNAGAR,2006,Rabi,Wheat,49900,146500,2.935871743
Gujarat,JAMNAGAR,2006,Summer,Bajra,1000,2300,2.3
Gujarat,JAMNAGAR,2006,Summer,Groundnut,4500,8300,1.844444444
Gujarat,JAMNAGAR,2006,Whole Year,Dry chillies,800,500,0.625
Gujarat,JAMNAGAR,2006,Whole Year,Garlic,7200,42500,5.902777778
Gujarat,JAMNAGAR,2006,Whole Year,Onion,3400,74800,22
Gujarat,JAMNAGAR,2006,Whole Year,Potato,1000,20500,20.5
Gujarat,JAMNAGAR,2006,Whole Year,Sugarcane,200,17000,85
Gujarat,JAMNAGAR,2007,Kharif,Arhar/Tur,1100,1300,1.181818182
Gujarat,JAMNAGAR,2007,Kharif,Bajra,13300,20200,1.518796992
Gujarat,JAMNAGAR,2007,Kharif,Castor seed,10900,36400,3.339449541
Gujarat,JAMNAGAR,2007,Kharif,Cotton(lint),185500,834400,4.498113208
Gujarat,JAMNAGAR,2007,Kharif,Groundnut,348400,577900,1.658725603
Gujarat,JAMNAGAR,2007,Kharif,Jowar,800,1100,1.375
Gujarat,JAMNAGAR,2007,Kharif,Maize,1800,2500,1.388888889
Gujarat,JAMNAGAR,2007,Kharif,Moong(Green Gram),2800,1600,0.571428571
Gujarat,JAMNAGAR,2007,Kharif,Other Kharif pulses,200,100,0.5
Gujarat,JAMNAGAR,2007,Kharif,Sesamum,12100,6900,0.570247934
Gujarat,JAMNAGAR,2007,Kharif,Urad,3400,2000,0.588235294
Gujarat,JAMNAGAR,2007,Rabi,Gram,24400,34000,1.393442623
Gujarat,JAMNAGAR,2007,Rabi,Other  Rabi pulses,100,100,1
Gujarat,JAMNAGAR,2007,Rabi,Rapeseed &Mustard,2400,3900,1.625
Gujarat,JAMNAGAR,2007,Rabi,Wheat,48500,181000,3.731958763
Gujarat,JAMNAGAR,2007,Summer,Bajra,1500,3600,2.4
Gujarat,JAMNAGAR,2007,Summer,Groundnut,16600,37700,2.271084337
Gujarat,JAMNAGAR,2007,Whole Year,Dry chillies,500,300,0.6
Gujarat,JAMNAGAR,2007,Whole Year,Garlic,6200,41300,6.661290323
Gujarat,JAMNAGAR,2007,Whole Year,Guar seed,1000,600,0.6
Gujarat,JAMNAGAR,2007,Whole Year,Onion,3400,70000,20.58823529
Gujarat,JAMNAGAR,2007,Whole Year,Potato,1200,28600,23.83333333
Gujarat,JAMNAGAR,2007,Whole Year,Sugarcane,700,52000,74.28571429
Gujarat,JAMNAGAR,2008,Kharif,Arhar/Tur,200,200,1
Gujarat,JAMNAGAR,2008,Kharif,Bajra,10200,14400,1.411764706
Gujarat,JAMNAGAR,2008,Kharif,Castor seed,9100,26900,2.956043956
Gujarat,JAMNAGAR,2008,Kharif,Cotton(lint),142400,587900,4.128511236
Gujarat,JAMNAGAR,2008,Kharif,Groundnut,390600,635000,1.625704045
Gujarat,JAMNAGAR,2008,Kharif,Maize,1900,2700,1.421052632
Gujarat,JAMNAGAR,2008,Kharif,Moong(Green Gram),2000,900,0.45
Gujarat,JAMNAGAR,2008,Kharif,Other Kharif pulses,200,100,0.5
Gujarat,JAMNAGAR,2008,Kharif,Sesamum,10600,6100,0.575471698
Gujarat,JAMNAGAR,2008,Kharif,Urad,3500,2200,0.628571429
Gujarat,JAMNAGAR,2008,Rabi,Gram,27800,36900,1.327338129
Gujarat,JAMNAGAR,2008,Rabi,Jowar,300,200,0.666666667
Gujarat,JAMNAGAR,2008,Rabi,Onion,3200,61500,19.21875
Gujarat,JAMNAGAR,2008,Rabi,Other  Rabi pulses,100,100,1
Gujarat,JAMNAGAR,2008,Rabi,Rapeseed &Mustard,2400,2800,1.166666667
Gujarat,JAMNAGAR,2008,Rabi,Wheat,35600,117100,3.289325843
Gujarat,JAMNAGAR,2008,Summer,Bajra,1900,4500,2.368421053
Gujarat,JAMNAGAR,2008,Summer,Groundnut,8800,21500,2.443181818
Gujarat,JAMNAGAR,2008,Whole Year,Dry chillies,1200,800,0.666666667
Gujarat,JAMNAGAR,2008,Whole Year,Garlic,6900,35700,5.173913043
Gujarat,JAMNAGAR,2008,Whole Year,Potato,1100,23000,20.90909091
Gujarat,JAMNAGAR,2008,Whole Year,Sugarcane,500,33000,66
Gujarat,JAMNAGAR,2009,Kharif,Arhar/Tur,600,500,0.833333333
Gujarat,JAMNAGAR,2009,Kharif,Bajra,10100,14000,1.386138614
Gujarat,JAMNAGAR,2009,Kharif,Castor seed,8300,29900,3.602409639
Gujarat,JAMNAGAR,2009,Kharif,Cotton(lint),165800,735000,4.43305187
Gujarat,JAMNAGAR,2009,Kharif,Groundnut,387000,652500,1.686046512
Gujarat,JAMNAGAR,2009,Kharif,Jowar,1900,1900,1
Gujarat,JAMNAGAR,2009,Kharif,Maize,1100,1000,0.909090909
Gujarat,JAMNAGAR,2009,Kharif,Moong(Green Gram),1800,700,0.388888889
Gujarat,JAMNAGAR,2009,Kharif,Other Kharif pulses,100,100,1
Gujarat,JAMNAGAR,2009,Kharif,Sesamum,8800,4200,0.477272727
Gujarat,JAMNAGAR,2009,Kharif,Urad,2400,3200,1.333333333
Gujarat,JAMNAGAR,2009,Rabi,Gram,22900,33800,1.475982533
Gujarat,JAMNAGAR,2009,Rabi,Jowar,200,200,1
Gujarat,JAMNAGAR,2009,Rabi,Onion,2700,68100,25.22222222
Gujarat,JAMNAGAR,2009,Rabi,Rapeseed &Mustard,300,500,1.666666667
Gujarat,JAMNAGAR,2009,Rabi,Wheat,36000,118600,3.294444444
Gujarat,JAMNAGAR,2009,Summer,Bajra,800,1800,2.25
Gujarat,JAMNAGAR,2009,Summer,Groundnut,6200,11700,1.887096774
Gujarat,JAMNAGAR,2009,Whole Year,Dry chillies,1100,900,0.818181818
Gujarat,JAMNAGAR,2009,Whole Year,Garlic,3700,21700,5.864864865
Gujarat,JAMNAGAR,2009,Whole Year,Potato,900,18800,20.88888889
Gujarat,JAMNAGAR,2009,Whole Year,Sugarcane,500,35000,70
Gujarat,JAMNAGAR,2010,Kharif,Arhar/Tur,300,300,1
Gujarat,JAMNAGAR,2010,Kharif,Bajra,3600,1600,0.444444444
Gujarat,JAMNAGAR,2010,Kharif,Castor seed,6300,20700,3.285714286
Gujarat,JAMNAGAR,2010,Kharif,Cotton(lint),192600,762900,3.96105919
Gujarat,JAMNAGAR,2010,Kharif,Groundnut,368700,661300,1.793599132
Gujarat,JAMNAGAR,2010,Kharif,Maize,6300,10300,1.634920635
Gujarat,JAMNAGAR,2010,Kharif,Moong(Green Gram),3700,1700,0.459459459
Gujarat,JAMNAGAR,2010,Kharif,Moth,100,100,1
Gujarat,JAMNAGAR,2010,Kharif,Other Kharif pulses,300,100,0.333333333
Gujarat,JAMNAGAR,2010,Kharif,other oilseeds,4500,1500,0.333333333
Gujarat,JAMNAGAR,2010,Kharif,Sesamum,6400,1900,0.296875
Gujarat,JAMNAGAR,2010,Kharif,Soyabean,100,100,1
Gujarat,JAMNAGAR,2010,Kharif,Urad,4800,1300,0.270833333
Gujarat,JAMNAGAR,2010,Rabi,Gram,24000,37000,1.541666667
Gujarat,JAMNAGAR,2010,Rabi,Rapeseed &Mustard,2400,3700,1.541666667
Gujarat,JAMNAGAR,2010,Rabi,Wheat,60400,219900,3.640728477
Gujarat,JAMNAGAR,2010,Summer,Bajra,2300,5700,2.47826087
Gujarat,JAMNAGAR,2010,Summer,Groundnut,27600,56100,2.032608696
Gujarat,JAMNAGAR,2010,Summer,Moong(Green Gram),4800,2600,0.541666667
Gujarat,JAMNAGAR,2010,Summer,Sesamum,14700,7400,0.503401361
Gujarat,JAMNAGAR,2010,Summer,Urad,200,100,0.5
Gujarat,JAMNAGAR,2010,Whole Year,Dry chillies,1200,200,0.166666667
Gujarat,JAMNAGAR,2010,Whole Year,Garlic,5700,33800,5.929824561
Gujarat,JAMNAGAR,2010,Whole Year,Onion,4300,114000,26.51162791
Gujarat,JAMNAGAR,2010,Whole Year,Potato,1100,25600,23.27272727
Gujarat,JAMNAGAR,2010,Whole Year,Sugarcane,500,36000,72
Gujarat,JAMNAGAR,2011,Kharif,Arhar/Tur,400,400,1
Gujarat,JAMNAGAR,2011,Kharif,Bajra,1500,1500,1
Gujarat,JAMNAGAR,2011,Kharif,Castor seed,14000,50800,3.628571429
Gujarat,JAMNAGAR,2011,Kharif,Cotton(lint),231000,1076500,4.66017316
Gujarat,JAMNAGAR,2011,Kharif,Groundnut,308900,574200,1.858853998
Gujarat,JAMNAGAR,2011,Kharif,Moong(Green Gram),2600,1100,0.423076923
Gujarat,JAMNAGAR,2011,Kharif,Other Kharif pulses,500,200,0.4
Gujarat,JAMNAGAR,2011,Kharif,Sesamum,12800,8500,0.6640625
Gujarat,JAMNAGAR,2011,Kharif,Urad,3000,2200,0.733333333
Gujarat,JAMNAGAR,2011,Rabi,Gram,23100,33300,1.441558442
Gujarat,JAMNAGAR,2011,Rabi,Onion,5100,127100,24.92156863
Gujarat,JAMNAGAR,2011,Rabi,Other  Rabi pulses,800,400,0.5
Gujarat,JAMNAGAR,2011,Rabi,Other Cereals & Millets,2500,3200,1.28
Gujarat,JAMNAGAR,2011,Rabi,Rapeseed &Mustard,200,400,2
Gujarat,JAMNAGAR,2011,Rabi,Wheat,38100,136900,3.593175853
Gujarat,JAMNAGAR,2011,Summer,Bajra,2300,5900,2.565217391
Gujarat,JAMNAGAR,2011,Summer,Groundnut,27600,54900,1.989130435
Gujarat,JAMNAGAR,2011,Summer,Moong(Green Gram),7500,4000,0.533333333
Gujarat,JAMNAGAR,2011,Summer,Onion,300,8100,27
Gujarat,JAMNAGAR,2011,Summer,Sesamum,24000,11000,0.458333333
Gujarat,JAMNAGAR,2011,Summer,Urad,1200,700,0.583333333
Gujarat,JAMNAGAR,2011,Whole Year,Dry chillies,1200,900,0.75
Gujarat,JAMNAGAR,2011,Whole Year,Garlic,9600,57700,6.010416667
Gujarat,JAMNAGAR,2011,Whole Year,other oilseeds,1800,700,0.388888889
Gujarat,JAMNAGAR,2011,Whole Year,Potato,1000,21800,21.8
Gujarat,JAMNAGAR,2012,Kharif,Arhar/Tur,400,400,1
Gujarat,JAMNAGAR,2012,Kharif,Bajra,400,800,2
Gujarat,JAMNAGAR,2012,Kharif,Castor seed,30300,67700,2.234323432
Gujarat,JAMNAGAR,2012,Kharif,Cotton(lint),111600,53800,0.482078853
Gujarat,JAMNAGAR,2012,Kharif,Groundnut,198900,15600,0.078431373
Gujarat,JAMNAGAR,2012,Kharif,Moong(Green Gram),3100,1400,0.451612903
Gujarat,JAMNAGAR,2012,Kharif,Other Kharif pulses,300,100,0.333333333
Gujarat,JAMNAGAR,2012,Kharif,Sesamum,4000,800,0.2
Gujarat,JAMNAGAR,2012,Kharif,Urad,4300,2700,0.627906977
Gujarat,JAMNAGAR,2012,Rabi,Gram,7200,6700,0.930555556
Gujarat,JAMNAGAR,2012,Rabi,Onion,500,12400,24.8
Gujarat,JAMNAGAR,2012,Rabi,Other Cereals & Millets,2500,2800,1.12
Gujarat,JAMNAGAR,2012,Rabi,Rapeseed &Mustard,200,300,1.5
Gujarat,JAMNAGAR,2012,Rabi,Wheat,4800,11700,2.4375
Gujarat,JAMNAGAR,2012,Summer,Bajra,100,300,3
Gujarat,JAMNAGAR,2012,Summer,Groundnut,400,400,1
Gujarat,JAMNAGAR,2012,Summer,Moong(Green Gram),200,100,0.5
Gujarat,JAMNAGAR,2012,Summer,Sesamum,200,10700,53.5
Gujarat,JAMNAGAR,2012,Whole Year,Garlic,900,3700,4.111111111
Gujarat,JAMNAGAR,2012,Whole Year,Guar seed,300,200,0.666666667
Gujarat,JAMNAGAR,2012,Whole Year,Potato,100,3100,31
Gujarat,JUNAGADH,1997,Kharif,Arhar/Tur,3100,2300,0.741935484
Gujarat,JUNAGADH,1997,Kharif,Bajra,29400,60800,2.068027211
Gujarat,JUNAGADH,1997,Kharif,Dry chillies,200,300,1.5
Gujarat,JUNAGADH,1997,Kharif,Groundnut,422400,784700,1.857717803
Gujarat,JUNAGADH,1997,Kharif,Jowar,800,600,0.75
Gujarat,JUNAGADH,1997,Kharif,Moong(Green Gram),4200,2400,0.571428571
Gujarat,JUNAGADH,1997,Kharif,Other Kharif pulses,200,100,0.5
Gujarat,JUNAGADH,1997,Kharif,Urad,4500,3800,0.844444444
Gujarat,JUNAGADH,1997,Rabi,Gram,15800,17700,1.120253165
Gujarat,JUNAGADH,1997,Rabi,Jowar,3900,4500,1.153846154
Gujarat,JUNAGADH,1997,Rabi,Rapeseed &Mustard,800,800,1
Gujarat,JUNAGADH,1997,Rabi,Wheat,65700,239100,3.639269406
Gujarat,JUNAGADH,1997,Summer,Bajra,1900,4000,2.105263158
Gujarat,JUNAGADH,1997,Summer,Groundnut,9300,13400,1.440860215
Gujarat,JUNAGADH,1997,Whole Year,Banana,400,10200,25.5
Gujarat,JUNAGADH,1997,Whole Year,Castor seed,5500,20000,3.636363636
Gujarat,JUNAGADH,1997,Whole Year,Cotton(lint),32500,105300,3.24
Gujarat,JUNAGADH,1997,Whole Year,Garlic,6800,42200,6.205882353
Gujarat,JUNAGADH,1997,Whole Year,Maize,700,1200,1.714285714
Gujarat,JUNAGADH,1997,Whole Year,Onion,3500,115700,33.05714286
Gujarat,JUNAGADH,1997,Whole Year,Pulses total,12000,86,0.007166667
Gujarat,JUNAGADH,1997,Whole Year,Rice,100,200,2
Gujarat,JUNAGADH,1997,Whole Year,Sesamum,5400,4400,0.814814815
Gujarat,JUNAGADH,1997,Whole Year,Sugarcane,8000,756000,94.5
Gujarat,JUNAGADH,1998,Kharif,Arhar/Tur,3300,3200,0.96969697
Gujarat,JUNAGADH,1998,Kharif,Bajra,32900,74500,2.26443769
Gujarat,JUNAGADH,1998,Kharif,Castor seed,5600,15300,2.732142857
Gujarat,JUNAGADH,1998,Kharif,Cotton(lint),22200,94700,4.265765766
Gujarat,JUNAGADH,1998,Kharif,Groundnut,425800,847400,1.990136214
Gujarat,JUNAGADH,1998,Kharif,Jowar,4500,3700,0.822222222
Gujarat,JUNAGADH,1998,Kharif,Maize,200,400,2
Gujarat,JUNAGADH,1998,Kharif,Moong(Green Gram),5000,3500,0.7
Gujarat,JUNAGADH,1998,Kharif,Sesamum,4700,3800,0.808510638
Gujarat,JUNAGADH,1998,Kharif,Urad,4900,4800,0.979591837
Gujarat,JUNAGADH,1998,Rabi,Gram,20600,30500,1.480582524
Gujarat,JUNAGADH,1998,Rabi,Jowar,6000,4100,0.683333333
Gujarat,JUNAGADH,1998,Rabi,Rapeseed &Mustard,300,400,1.333333333
Gujarat,JUNAGADH,1998,Rabi,Small millets,100,,
Gujarat,JUNAGADH,1998,Rabi,Wheat,69100,258600,3.742402315
Gujarat,JUNAGADH,1998,Summer,Bajra,1600,3900,2.4375
Gujarat,JUNAGADH,1998,Summer,Groundnut,12900,18700,1.449612403
Gujarat,JUNAGADH,1998,Whole Year,Banana,400,22000,55
Gujarat,JUNAGADH,1998,Whole Year,Dry chillies,100,100,1
Gujarat,JUNAGADH,1998,Whole Year,Garlic,9900,66600,6.727272727
Gujarat,JUNAGADH,1998,Whole Year,Oilseeds total,449300,885600,1.971066103
Gujarat,JUNAGADH,1998,Whole Year,Onion,9800,310100,31.64285714
Gujarat,JUNAGADH,1998,Whole Year,Pulses total,33800,42000,1.24260355
Gujarat,JUNAGADH,1998,Whole Year,Sugarcane,7400,646000,87.2972973
Gujarat,JUNAGADH,1999,Kharif,Arhar/Tur,4300,3500,0.813953488
Gujarat,JUNAGADH,1999,Kharif,Bajra,33500,50300,1.501492537
Gujarat,JUNAGADH,1999,Kharif,Castor seed,5800,10800,1.862068966
Gujarat,JUNAGADH,1999,Kharif,Cotton(lint),17500,39700,2.268571429
Gujarat,JUNAGADH,1999,Kharif,Groundnut,433000,284300,0.656581986
Gujarat,JUNAGADH,1999,Kharif,Jowar,2500,2900,1.16
Gujarat,JUNAGADH,1999,Kharif,Maize,200,300,1.5
Gujarat,JUNAGADH,1999,Kharif,Moong(Green Gram),3500,600,0.171428571
Gujarat,JUNAGADH,1999,Kharif,Sesamum,3500,1700,0.485714286
Gujarat,JUNAGADH,1999,Kharif,Urad,3900,1000,0.256410256
Gujarat,JUNAGADH,1999,Rabi,Gram,1400,1000,0.714285714
Gujarat,JUNAGADH,1999,Rabi,Jowar,10100,3600,0.356435644
Gujarat,JUNAGADH,1999,Rabi,Rapeseed &Mustard,200,200,1
Gujarat,JUNAGADH,1999,Rabi,Small millets,200,100,0.5
Gujarat,JUNAGADH,1999,Rabi,Wheat,20900,59500,2.846889952
Gujarat,JUNAGADH,1999,Summer,Bajra,1600,3300,2.0625
Gujarat,JUNAGADH,1999,Summer,Groundnut,1100,1500,1.363636364
Gujarat,JUNAGADH,1999,Whole Year,Banana,400,14700,36.75
Gujarat,JUNAGADH,1999,Whole Year,Dry chillies,200,200,1
Gujarat,JUNAGADH,1999,Whole Year,Garlic,4500,20600,4.577777778
Gujarat,JUNAGADH,1999,Whole Year,Onion,2200,58400,26.54545455
Gujarat,JUNAGADH,1999,Whole Year,Sugarcane,7600,547000,71.97368421
Gujarat,JUNAGADH,2000,Kharif,Arhar/Tur,5200,1700,0.326923077
Gujarat,JUNAGADH,2000,Kharif,Bajra,28400,48100,1.693661972
Gujarat,JUNAGADH,2000,Kharif,Castor seed,13600,19000,1.397058824
Gujarat,JUNAGADH,2000,Kharif,Cotton(lint),44800,69300,1.546875
Gujarat,JUNAGADH,2000,Kharif,Groundnut,406300,414800,1.020920502
Gujarat,JUNAGADH,2000,Kharif,Jowar,4400,2800,0.636363636
Gujarat,JUNAGADH,2000,Kharif,Maize,200,100,0.5
Gujarat,JUNAGADH,2000,Kharif,Moong(Green Gram),4000,2500,0.625
Gujarat,JUNAGADH,2000,Kharif,Other Cereals & Millets,1000,200,0.2
Gujarat,JUNAGADH,2000,Kharif,Other Kharif pulses,100,100,1
Gujarat,JUNAGADH,2000,Kharif,Sesamum,11900,7600,0.638655462
Gujarat,JUNAGADH,2000,Kharif,Small millets,1000,200,0.2
Gujarat,JUNAGADH,2000,Kharif,Urad,5700,3500,0.614035088
Gujarat,JUNAGADH,2000,Rabi,Gram,1100,900,0.818181818
Gujarat,JUNAGADH,2000,Rabi,Jowar,5700,4900,0.859649123
Gujarat,JUNAGADH,2000,Rabi,Small millets,500,200,0.4
Gujarat,JUNAGADH,2000,Rabi,Wheat,5800,13700,2.362068966
Gujarat,JUNAGADH,2000,Summer,Bajra,500,900,1.8
Gujarat,JUNAGADH,2000,Summer,Groundnut,400,400,1
Gujarat,JUNAGADH,2000,Whole Year,Banana,300,17400,58
Gujarat,JUNAGADH,2000,Whole Year,Dry chillies,100,100,1
Gujarat,JUNAGADH,2000,Whole Year,Garlic,800,3600,4.5
Gujarat,JUNAGADH,2000,Whole Year,Onion,1300,35800,27.53846154
Gujarat,JUNAGADH,2000,Whole Year,Sugarcane,1600,102000,63.75
Gujarat,JUNAGADH,2001,Kharif,Arhar/Tur,4700,2900,0.617021277
Gujarat,JUNAGADH,2001,Kharif,Bajra,17000,39600,2.329411765
Gujarat,JUNAGADH,2001,Kharif,Castor seed,7000,12600,1.8
Gujarat,JUNAGADH,2001,Kharif,Cotton(lint),35800,58300,1.62849162
Gujarat,JUNAGADH,2001,Kharif,Groundnut,444000,717100,1.61509009
Gujarat,JUNAGADH,2001,Kharif,Jowar,300,100,0.333333333
Gujarat,JUNAGADH,2001,Kharif,Moong(Green Gram),4000,1900,0.475
Gujarat,JUNAGADH,2001,Kharif,Sesamum,8700,7500,0.862068966
Gujarat,JUNAGADH,2001,Kharif,Urad,6100,3400,0.557377049
Gujarat,JUNAGADH,2001,Rabi,Gram,5200,4800,0.923076923
Gujarat,JUNAGADH,2001,Rabi,Jowar,5600,4000,0.714285714
Gujarat,JUNAGADH,2001,Rabi,Other  Rabi pulses,400,300,0.75
Gujarat,JUNAGADH,2001,Rabi,Rapeseed &Mustard,500,600,1.2
Gujarat,JUNAGADH,2001,Rabi,Small millets,1000,300,0.3
Gujarat,JUNAGADH,2001,Rabi,Wheat,69500,235600,3.389928058
Gujarat,JUNAGADH,2001,Summer,Bajra,1200,2200,1.833333333
Gujarat,JUNAGADH,2001,Summer,Groundnut,1900,2500,1.315789474
Gujarat,JUNAGADH,2001,Whole Year,Banana,400,19500,48.75
Gujarat,JUNAGADH,2001,Whole Year,Dry chillies,200,100,0.5
Gujarat,JUNAGADH,2001,Whole Year,Garlic,4500,23500,5.222222222
Gujarat,JUNAGADH,2001,Whole Year,Guar seed,100,,
Gujarat,JUNAGADH,2001,Whole Year,Onion,4300,127000,29.53488372
Gujarat,JUNAGADH,2001,Whole Year,Sugarcane,5600,441000,78.75
Gujarat,JUNAGADH,2002,Kharif,Arhar/Tur,2600,1600,0.615384615
Gujarat,JUNAGADH,2002,Kharif,Bajra,16500,33900,2.054545455
Gujarat,JUNAGADH,2002,Kharif,Castor seed,3900,4100,1.051282051
Gujarat,JUNAGADH,2002,Kharif,Cotton(lint),20400,38900,1.906862745
Gujarat,JUNAGADH,2002,Kharif,Groundnut,457800,412200,0.900393185
Gujarat,JUNAGADH,2002,Kharif,Jowar,400,,
Gujarat,JUNAGADH,2002,Kharif,Maize,100,100,1
Gujarat,JUNAGADH,2002,Kharif,Moong(Green Gram),4600,1400,0.304347826
Gujarat,JUNAGADH,2002,Kharif,Sesamum,6800,1900,0.279411765
Gujarat,JUNAGADH,2002,Kharif,Small millets,100,,
Gujarat,JUNAGADH,2002,Kharif,Urad,8800,4000,0.454545455
Gujarat,JUNAGADH,2002,Rabi,Gram,4000,3900,0.975
Gujarat,JUNAGADH,2002,Rabi,Jowar,13900,4300,0.309352518
Gujarat,JUNAGADH,2002,Rabi,Rapeseed &Mustard,200,300,1.5
Gujarat,JUNAGADH,2002,Rabi,Small millets,200,100,0.5
Gujarat,JUNAGADH,2002,Rabi,Wheat,14700,45200,3.074829932
Gujarat,JUNAGADH,2002,Summer,Bajra,800,1300,1.625
Gujarat,JUNAGADH,2002,Summer,Groundnut,800,1100,1.375
Gujarat,JUNAGADH,2002,Whole Year,Dry chillies,100,100,1
Gujarat,JUNAGADH,2002,Whole Year,Garlic,4200,18500,4.404761905
Gujarat,JUNAGADH,2002,Whole Year,Onion,1300,34400,26.46153846
Gujarat,JUNAGADH,2002,Whole Year,Sugarcane,5700,527000,92.45614035
Gujarat,JUNAGADH,2003,Kharif,Arhar/Tur,2300,2000,0.869565217
Gujarat,JUNAGADH,2003,Kharif,Bajra,20500,46300,2.258536585
Gujarat,JUNAGADH,2003,Kharif,Castor seed,2700,6700,2.481481481
Gujarat,JUNAGADH,2003,Kharif,Cotton(lint),19200,99300,5.171875
Gujarat,JUNAGADH,2003,Kharif,Groundnut,415200,1163500,2.802263969
Gujarat,JUNAGADH,2003,Kharif,Jowar,1000,800,0.8
Gujarat,JUNAGADH,2003,Kharif,Moong(Green Gram),2900,1700,0.586206897
Gujarat,JUNAGADH,2003,Kharif,Sesamum,5100,5400,1.058823529
Gujarat,JUNAGADH,2003,Kharif,Urad,4900,3300,0.673469388
Gujarat,JUNAGADH,2003,Rabi,Gram,4800,5400,1.125
Gujarat,JUNAGADH,2003,Rabi,Jowar,3800,4200,1.105263158
Gujarat,JUNAGADH,2003,Rabi,Other  Rabi pulses,300,200,0.666666667
Gujarat,JUNAGADH,2003,Rabi,Rapeseed &Mustard,200,300,1.5
Gujarat,JUNAGADH,2003,Rabi,Small millets,900,300,0.333333333
Gujarat,JUNAGADH,2003,Rabi,Wheat,90300,333900,3.697674419
Gujarat,JUNAGADH,2003,Summer,Bajra,4000,8500,2.125
Gujarat,JUNAGADH,2003,Summer,Groundnut,17500,25800,1.474285714
Gujarat,JUNAGADH,2003,Whole Year,Banana,300,15800,52.66666667
Gujarat,JUNAGADH,2003,Whole Year,Garlic,7900,41900,5.303797468
Gujarat,JUNAGADH,2003,Whole Year,Onion,3400,110800,32.58823529
Gujarat,JUNAGADH,2003,Whole Year,Sugarcane,4400,414000,94.09090909
Gujarat,JUNAGADH,2004,Kharif,Arhar/Tur,1800,1700,0.944444444
Gujarat,JUNAGADH,2004,Kharif,Bajra,16700,32000,1.916167665
Gujarat,JUNAGADH,2004,Kharif,Castor seed,2900,4900,1.689655172
Gujarat,JUNAGADH,2004,Kharif,Cotton(lint),24900,140100,5.626506024
Gujarat,JUNAGADH,2004,Kharif,Groundnut,415800,563200,1.354497354
Gujarat,JUNAGADH,2004,Kharif,Jowar,500,500,1
Gujarat,JUNAGADH,2004,Kharif,Moong(Green Gram),2600,1100,0.423076923
Gujarat,JUNAGADH,2004,Kharif,Sesamum,3500,2500,0.714285714
Gujarat,JUNAGADH,2004,Kharif,Urad,4400,3100,0.704545455
Gujarat,JUNAGADH,2004,Rabi,Gram,3700,3200,0.864864865
Gujarat,JUNAGADH,2004,Rabi,Jowar,4000,4200,1.05
Gujarat,JUNAGADH,2004,Rabi,Other  Rabi pulses,300,300,1
Gujarat,JUNAGADH,2004,Rabi,Other Cereals & Millets,1200,400,0.333333333
Gujarat,JUNAGADH,2004,Rabi,Rapeseed &Mustard,200,300,1.5
Gujarat,JUNAGADH,2004,Rabi,Small millets,1200,400,0.333333333
Gujarat,JUNAGADH,2004,Rabi,Wheat,95000,340000,3.578947368
Gujarat,JUNAGADH,2004,Summer,Bajra,4700,9900,2.106382979
Gujarat,JUNAGADH,2004,Summer,Groundnut,15900,31000,1.949685535
Gujarat,JUNAGADH,2004,Whole Year,Banana,100,6400,64
Gujarat,JUNAGADH,2004,Whole Year,Garlic,9500,52400,5.515789474
Gujarat,JUNAGADH,2004,Whole Year,Onion,5100,153200,30.03921569
Gujarat,JUNAGADH,2004,Whole Year,Sugarcane,5500,548000,99.63636364
Gujarat,JUNAGADH,2005,Kharif,Arhar/Tur,2100,2100,1
Gujarat,JUNAGADH,2005,Kharif,Bajra,15500,30000,1.935483871
Gujarat,JUNAGADH,2005,Kharif,Castor seed,3800,7400,1.947368421
Gujarat,JUNAGADH,2005,Kharif,Cotton(lint),38100,262400,6.887139108
Gujarat,JUNAGADH,2005,Kharif,Groundnut,399900,830400,2.07651913
Gujarat,JUNAGADH,2005,Kharif,Jowar,100,200,2
Gujarat,JUNAGADH,2005,Kharif,Moong(Green Gram),2500,1500,0.6
Gujarat,JUNAGADH,2005,Kharif,Sesamum,3600,1500,0.416666667
Gujarat,JUNAGADH,2005,Kharif,Urad,4000,3200,0.8
Gujarat,JUNAGADH,2005,Rabi,Gram,5300,5700,1.075471698
Gujarat,JUNAGADH,2005,Rabi,Jowar,2800,3300,1.178571429
Gujarat,JUNAGADH,2005,Rabi,Other  Rabi pulses,100,100,1
Gujarat,JUNAGADH,2005,Rabi,Other Cereals & Millets,700,1100,1.571428571
Gujarat,JUNAGADH,2005,Rabi,Rapeseed &Mustard,300,400,1.333333333
Gujarat,JUNAGADH,2005,Rabi,Wheat,109000,413900,3.797247706
Gujarat,JUNAGADH,2005,Summer,Bajra,7300,16700,2.287671233
Gujarat,JUNAGADH,2005,Summer,Groundnut,19500,35100,1.8
Gujarat,JUNAGADH,2005,Whole Year,Dry chillies,100,100,1
Gujarat,JUNAGADH,2005,Whole Year,Garlic,11000,106500,9.681818182
Gujarat,JUNAGADH,2005,Whole Year,Onion,6300,185500,29.44444444
Gujarat,JUNAGADH,2005,Whole Year,Sugarcane,10800,1020000,94.44444444
Gujarat,JUNAGADH,2006,Kharif,Arhar/Tur,2100,1800,0.857142857
Gujarat,JUNAGADH,2006,Kharif,Bajra,14800,20900,1.412162162
Gujarat,JUNAGADH,2006,Kharif,Castor seed,5100,9100,1.784313725
Gujarat,JUNAGADH,2006,Kharif,Cotton(lint),49100,242900,4.947046843
Gujarat,JUNAGADH,2006,Kharif,Groundnut,374000,420700,1.12486631
Gujarat,JUNAGADH,2006,Kharif,Jowar,100,100,1
Gujarat,JUNAGADH,2006,Kharif,Moong(Green Gram),2900,1000,0.344827586
Gujarat,JUNAGADH,2006,Kharif,Sesamum,3000,600,0.2
Gujarat,JUNAGADH,2006,Kharif,Urad,4900,2300,0.469387755
Gujarat,JUNAGADH,2006,Rabi,Gram,11000,12400,1.127272727
Gujarat,JUNAGADH,2006,Rabi,Jowar,2800,5300,1.892857143
Gujarat,JUNAGADH,2006,Rabi,Other  Rabi pulses,400,300,0.75
Gujarat,JUNAGADH,2006,Rabi,Other Cereals & Millets,1700,2500,1.470588235
Gujarat,JUNAGADH,2006,Rabi,Wheat,142300,521400,3.664089951
Gujarat,JUNAGADH,2006,Summer,Bajra,7600,19600,2.578947368
Gujarat,JUNAGADH,2006,Summer,Groundnut,21400,34000,1.588785047
Gujarat,JUNAGADH,2006,Whole Year,Banana,100,2400,24
Gujarat,JUNAGADH,2006,Whole Year,Dry chillies,100,100,1
Gujarat,JUNAGADH,2006,Whole Year,Garlic,11200,87200,7.785714286
Gujarat,JUNAGADH,2006,Whole Year,Onion,5100,116400,22.82352941
Gujarat,JUNAGADH,2006,Whole Year,Sugarcane,14800,1525000,103.0405405
Gujarat,JUNAGADH,2007,Kharif,Arhar/Tur,1400,1600,1.142857143
Gujarat,JUNAGADH,2007,Kharif,Bajra,8500,11400,1.341176471
Gujarat,JUNAGADH,2007,Kharif,Castor seed,2700,5400,2
Gujarat,JUNAGADH,2007,Kharif,Cotton(lint),58700,240100,4.090289608
Gujarat,JUNAGADH,2007,Kharif,Groundnut,383400,693800,1.809598331
Gujarat,JUNAGADH,2007,Kharif,Moong(Green Gram),2500,1400,0.56
Gujarat,JUNAGADH,2007,Kharif,Sesamum,1500,900,0.6
Gujarat,JUNAGADH,2007,Kharif,Urad,5100,3300,0.647058824
Gujarat,JUNAGADH,2007,Rabi,Gram,9300,17400,1.870967742
Gujarat,JUNAGADH,2007,Rabi,Jowar,3600,5300,1.472222222
Gujarat,JUNAGADH,2007,Rabi,Other  Rabi pulses,100,100,1
Gujarat,JUNAGADH,2007,Rabi,Other Cereals & Millets,1000,1400,1.4
Gujarat,JUNAGADH,2007,Rabi,Rapeseed &Mustard,100,200,2
Gujarat,JUNAGADH,2007,Rabi,Wheat,179600,759000,4.226057906
Gujarat,JUNAGADH,2007,Summer,Bajra,10000,22700,2.27
Gujarat,JUNAGADH,2007,Summer,Groundnut,23800,38900,1.634453782
Gujarat,JUNAGADH,2007,Whole Year,Banana,100,5400,54
Gujarat,JUNAGADH,2007,Whole Year,Dry chillies,300,300,1
Gujarat,JUNAGADH,2007,Whole Year,Garlic,19400,149100,7.68556701
Gujarat,JUNAGADH,2007,Whole Year,Onion,4000,118800,29.7
Gujarat,JUNAGADH,2007,Whole Year,Sugarcane,11700,1051000,89.82905983
Gujarat,JUNAGADH,2008,Kharif,Arhar/Tur,800,800,1
Gujarat,JUNAGADH,2008,Kharif,Bajra,9400,22400,2.382978723
Gujarat,JUNAGADH,2008,Kharif,Castor seed,2200,4400,2
Gujarat,JUNAGADH,2008,Kharif,Cotton(lint),42500,193000,4.541176471
Gujarat,JUNAGADH,2008,Kharif,Groundnut,404300,776600,1.920850853
Gujarat,JUNAGADH,2008,Kharif,Moong(Green Gram),2100,900,0.428571429
Gujarat,JUNAGADH,2008,Kharif,Other Kharif pulses,200,100,0.5
Gujarat,JUNAGADH,2008,Kharif,Sesamum,2200,700,0.318181818
Gujarat,JUNAGADH,2008,Kharif,Urad,3800,2300,0.605263158
Gujarat,JUNAGADH,2008,Rabi,Gram,8000,12500,1.5625
Gujarat,JUNAGADH,2008,Rabi,Jowar,3000,4600,1.533333333
Gujarat,JUNAGADH,2008,Rabi,Onion,3200,86900,27.15625
Gujarat,JUNAGADH,2008,Rabi,Other  Rabi pulses,100,100,1
Gujarat,JUNAGADH,2008,Rabi,Other Cereals & Millets,800,1100,1.375
Gujarat,JUNAGADH,2008,Rabi,Rapeseed &Mustard,100,100,1
Gujarat,JUNAGADH,2008,Rabi,Wheat,188100,551600,2.932482722
Gujarat,JUNAGADH,2008,Summer,Bajra,3500,10300,2.942857143
Gujarat,JUNAGADH,2008,Summer,Groundnut,18700,32600,1.743315508
Gujarat,JUNAGADH,2008,Whole Year,Banana,100,7400,74
Gujarat,JUNAGADH,2008,Whole Year,Dry chillies,100,100,1
Gujarat,JUNAGADH,2008,Whole Year,Garlic,12200,72800,5.967213115
Gujarat,JUNAGADH,2008,Whole Year,Sugarcane,14600,977000,66.91780822
Gujarat,JUNAGADH,2009,Kharif,Arhar/Tur,1000,900,0.9
Gujarat,JUNAGADH,2009,Kharif,Bajra,14000,23700,1.692857143
Gujarat,JUNAGADH,2009,Kharif,Castor seed,1300,2500,1.923076923
Gujarat,JUNAGADH,2009,Kharif,Cotton(lint),50600,258700,5.112648221
Gujarat,JUNAGADH,2009,Kharif,Groundnut,397900,352300,0.885398341
Gujarat,JUNAGADH,2009,Kharif,Moong(Green Gram),1600,600,0.375
Gujarat,JUNAGADH,2009,Kharif,Sesamum,1500,500,0.333333333
Gujarat,JUNAGADH,2009,Kharif,Urad,3500,2000,0.571428571
Gujarat,JUNAGADH,2009,Rabi,Gram,6900,9500,1.376811594
Gujarat,JUNAGADH,2009,Rabi,Jowar,4000,7200,1.8
Gujarat,JUNAGADH,2009,Rabi,Onion,7400,198100,26.77027027
Gujarat,JUNAGADH,2009,Rabi,Other  Rabi pulses,100,100,1
Gujarat,JUNAGADH,2009,Rabi,Other Cereals & Millets,4300,5800,1.348837209
Gujarat,JUNAGADH,2009,Rabi,Rapeseed &Mustard,100,100,1
Gujarat,JUNAGADH,2009,Rabi,Wheat,120500,412700,3.424896266
Gujarat,JUNAGADH,2009,Summer,Bajra,5200,12800,2.461538462
Gujarat,JUNAGADH,2009,Summer,Groundnut,11300,19900,1.761061947
Gujarat,JUNAGADH,2009,Whole Year,Banana,100,3900,39
Gujarat,JUNAGADH,2009,Whole Year,Dry chillies,100,100,1
Gujarat,JUNAGADH,2009,Whole Year,Garlic,3700,23700,6.405405405
Gujarat,JUNAGADH,2009,Whole Year,Sugarcane,10100,690000,68.31683168
Gujarat,JUNAGADH,2010,Kharif,Arhar/Tur,1500,1500,1
Gujarat,JUNAGADH,2010,Kharif,Bajra,8900,10600,1.191011236
Gujarat,JUNAGADH,2010,Kharif,Castor seed,600,1200,2
Gujarat,JUNAGADH,2010,Kharif,Cotton(lint),49900,188000,3.76753507
Gujarat,JUNAGADH,2010,Kharif,Groundnut,402100,885300,2.201691122
Gujarat,JUNAGADH,2010,Kharif,Moong(Green Gram),2000,900,0.45
Gujarat,JUNAGADH,2010,Kharif,other oilseeds,8000,3000,0.375
Gujarat,JUNAGADH,2010,Kharif,Sesamum,1200,500,0.416666667
Gujarat,JUNAGADH,2010,Kharif,Soyabean,100,100,1
Gujarat,JUNAGADH,2010,Kharif,Urad,6800,4100,0.602941176
Gujarat,JUNAGADH,2010,Rabi,Gram,10000,17900,1.79
Gujarat,JUNAGADH,2010,Rabi,Jowar,3900,7800,2
Gujarat,JUNAGADH,2010,Rabi,Maize,24600,47400,1.926829268
Gujarat,JUNAGADH,2010,Rabi,Other  Rabi pulses,300,300,1
Gujarat,JUNAGADH,2010,Rabi,Other Cereals & Millets,8400,10700,1.273809524
Gujarat,JUNAGADH,2010,Rabi,Rapeseed &Mustard,100,100,1
Gujarat,JUNAGADH,2010,Rabi,Wheat,210000,905900,4.313809524
Gujarat,JUNAGADH,2010,Summer,Bajra,8200,22000,2.682926829
Gujarat,JUNAGADH,2010,Summer,Groundnut,40500,71400,1.762962963
Gujarat,JUNAGADH,2010,Summer,Moong(Green Gram),4000,2200,0.55
Gujarat,JUNAGADH,2010,Summer,Sesamum,36900,18800,0.509485095
Gujarat,JUNAGADH,2010,Summer,Urad,1900,1200,0.631578947
Gujarat,JUNAGADH,2010,Whole Year,Banana,100,4800,48
Gujarat,JUNAGADH,2010,Whole Year,Dry chillies,300,300,1
Gujarat,JUNAGADH,2010,Whole Year,Garlic,8600,51200,5.953488372
Gujarat,JUNAGADH,2010,Whole Year,Onion,4600,131400,28.56521739
Gujarat,JUNAGADH,2010,Whole Year,Sugarcane,8800,679000,77.15909091
Gujarat,JUNAGADH,2011,Kharif,Arhar/Tur,900,900,1
Gujarat,JUNAGADH,2011,Kharif,Bajra,9100,19400,2.131868132
Gujarat,JUNAGADH,2011,Kharif,Castor seed,2000,4100,2.05
Gujarat,JUNAGADH,2011,Kharif,Cotton(lint),68600,288900,4.211370262
Gujarat,JUNAGADH,2011,Kharif,Groundnut,392200,695600,1.773584906
Gujarat,JUNAGADH,2011,Kharif,Moong(Green Gram),1900,800,0.421052632
Gujarat,JUNAGADH,2011,Kharif,Rice,200,500,2.5
Gujarat,JUNAGADH,2011,Kharif,Sesamum,600,300,0.5
Gujarat,JUNAGADH,2011,Kharif,Urad,7600,6000,0.789473684
Gujarat,JUNAGADH,2011,Rabi,Gram,13500,27900,2.066666667
Gujarat,JUNAGADH,2011,Rabi,Jowar,5600,8400,1.5
Gujarat,JUNAGADH,2011,Rabi,Onion,10200,300200,29.43137255
Gujarat,JUNAGADH,2011,Rabi,Other  Rabi pulses,200,100,0.5
Gujarat,JUNAGADH,2011,Rabi,Other Cereals & Millets,11000,11500,1.045454545
Gujarat,JUNAGADH,2011,Rabi,Rapeseed &Mustard,100,100,1
Gujarat,JUNAGADH,2011,Rabi,Wheat,152300,585500,3.84438608
Gujarat,JUNAGADH,2011,Summer,Bajra,8200,22300,2.719512195
Gujarat,JUNAGADH,2011,Summer,Groundnut,20300,39400,1.9408867
Gujarat,JUNAGADH,2011,Summer,Moong(Green Gram),3900,1900,0.487179487
Gujarat,JUNAGADH,2011,Summer,Onion,900,23500,26.11111111
Gujarat,JUNAGADH,2011,Summer,Sesamum,26300,14000,0.532319392
Gujarat,JUNAGADH,2011,Summer,Urad,2100,1100,0.523809524
Gujarat,JUNAGADH,2011,Whole Year,Dry chillies,300,200,0.666666667
Gujarat,JUNAGADH,2011,Whole Year,Garlic,12800,76900,6.0078125
Gujarat,JUNAGADH,2011,Whole Year,other oilseeds,10600,5400,0.509433962
Gujarat,JUNAGADH,2011,Whole Year,Sugarcane,12800,923000,72.109375
Gujarat,JUNAGADH,2012,Kharif,Arhar/Tur,500,600,1.2
Gujarat,JUNAGADH,2012,Kharif,Bajra,9900,10100,1.02020202
Gujarat,JUNAGADH,2012,Kharif,Castor seed,1100,2200,2
Gujarat,JUNAGADH,2012,Kharif,Cotton(lint),64500,134500,2.085271318
Gujarat,JUNAGADH,2012,Kharif,Groundnut,306600,155800,0.508153947
Gujarat,JUNAGADH,2012,Kharif,Moong(Green Gram),3300,1400,0.424242424
Gujarat,JUNAGADH,2012,Kharif,Other Cereals & Millets,500,300,0.6
Gujarat,JUNAGADH,2012,Kharif,Sesamum,1000,200,0.2
Gujarat,JUNAGADH,2012,Kharif,Urad,8800,3100,0.352272727
Gujarat,JUNAGADH,2012,Rabi,Gram,8200,14000,1.707317073
Gujarat,JUNAGADH,2012,Rabi,Jowar,200,300,1.5
Gujarat,JUNAGADH,2012,Rabi,Onion,2100,40100,19.0952381
Gujarat,JUNAGADH,2012,Rabi,Other Cereals & Millets,100,400,4
Gujarat,JUNAGADH,2012,Rabi,Wheat,39700,122600,3.088161209
Gujarat,JUNAGADH,2012,Summer,Bajra,1300,3400,2.615384615
Gujarat,JUNAGADH,2012,Summer,Groundnut,1300,2800,2.153846154
Gujarat,JUNAGADH,2012,Summer,Moong(Green Gram),700,300,0.428571429
Gujarat,JUNAGADH,2012,Summer,Onion,100,2600,26
Gujarat,JUNAGADH,2012,Summer,Sesamum,1100,55900,50.81818182
Gujarat,JUNAGADH,2012,Summer,Urad,400,500,1.25
Gujarat,JUNAGADH,2012,Whole Year,Dry chillies,100,100,1
Gujarat,JUNAGADH,2012,Whole Year,Garlic,1800,10200,5.666666667
Gujarat,JUNAGADH,2012,Whole Year,Guar seed,300,200,0.666666667
Gujarat,JUNAGADH,2012,Whole Year,Sugarcane,1400,10400,7.428571429
Gujarat,KACHCHH,1997,Kharif,Arhar/Tur,300,200,0.666666667
Gujarat,KACHCHH,1997,Kharif,Bajra,109900,128000,1.164695177
Gujarat,KACHCHH,1997,Kharif,Dry chillies,200,200,1
Gujarat,KACHCHH,1997,Kharif,Groundnut,84600,114600,1.354609929
Gujarat,KACHCHH,1997,Kharif,Moong(Green Gram),73400,40500,0.551771117
Gujarat,KACHCHH,1997,Kharif,Moth,25000,10000,0.4
Gujarat,KACHCHH,1997,Rabi,Rapeseed &Mustard,6200,6300,1.016129032
Gujarat,KACHCHH,1997,Rabi,Wheat,14500,43100,2.972413793
Gujarat,KACHCHH,1997,Summer,Bajra,1600,3400,2.125
Gujarat,KACHCHH,1997,Summer,Groundnut,27400,49200,1.795620438
Gujarat,KACHCHH,1997,Whole Year,Banana,300,17400,58
Gujarat,KACHCHH,1997,Whole Year,Castor seed,39700,64700,1.629722922
Gujarat,KACHCHH,1997,Whole Year,Cotton(lint),50200,82200,1.637450199
Gujarat,KACHCHH,1997,Whole Year,Garlic,200,1100,5.5
Gujarat,KACHCHH,1997,Whole Year,Onion,200,5900,29.5
Gujarat,KACHCHH,1997,Whole Year,Potato,300,6200,20.66666667
Gujarat,KACHCHH,1997,Whole Year,Pulses total,98700,507,0.005136778
Gujarat,KACHCHH,1997,Whole Year,Sesamum,27800,17000,0.611510791
Gujarat,KACHCHH,1997,Whole Year,Sugarcane,200,15000,75
Gujarat,KACHCHH,1998,Kharif,Bajra,78200,47200,0.603580563
Gujarat,KACHCHH,1998,Kharif,Castor seed,43600,46600,1.068807339
Gujarat,KACHCHH,1998,Kharif,Cotton(lint),48000,119000,2.479166667
Gujarat,KACHCHH,1998,Kharif,Groundnut,65200,86100,1.320552147
Gujarat,KACHCHH,1998,Kharif,Moong(Green Gram),63900,20000,0.312989045
Gujarat,KACHCHH,1998,Kharif,Moth,20400,4800,0.235294118
Gujarat,KACHCHH,1998,Kharif,Sesamum,24500,11000,0.448979592
Gujarat,KACHCHH,1998,Rabi,Rapeseed &Mustard,19400,26900,1.386597938
Gujarat,KACHCHH,1998,Rabi,Wheat,12900,36000,2.790697674
Gujarat,KACHCHH,1998,Summer,Bajra,800,1800,2.25
Gujarat,KACHCHH,1998,Summer,Groundnut,26800,55500,2.070895522
Gujarat,KACHCHH,1998,Whole Year,Banana,400,29500,73.75
Gujarat,KACHCHH,1998,Whole Year,Dry chillies,200,200,1
Gujarat,KACHCHH,1998,Whole Year,Garlic,200,1400,7
Gujarat,KACHCHH,1998,Whole Year,Oilseeds total,179500,226100,1.259610028
Gujarat,KACHCHH,1998,Whole Year,Onion,500,14200,28.4
Gujarat,KACHCHH,1998,Whole Year,Potato,100,1800,18
Gujarat,KACHCHH,1998,Whole Year,Pulses total,84300,24800,0.294187426
Gujarat,KACHCHH,1998,Whole Year,Sugarcane,200,12000,60
Gujarat,KACHCHH,1999,Kharif,Bajra,42200,21500,0.509478673
Gujarat,KACHCHH,1999,Kharif,Castor seed,24100,22500,0.933609959
Gujarat,KACHCHH,1999,Kharif,Cotton(lint),20000,51500,2.575
Gujarat,KACHCHH,1999,Kharif,Groundnut,54900,71000,1.293260474
Gujarat,KACHCHH,1999,Kharif,Moong(Green Gram),28500,6500,0.228070175
Gujarat,KACHCHH,1999,Kharif,Moth,7200,200,0.027777778
Gujarat,KACHCHH,1999,Kharif,Sesamum,12100,3200,0.26446281
Gujarat,KACHCHH,1999,Rabi,Gram,200,100,0.5
Gujarat,KACHCHH,1999,Rabi,Rapeseed &Mustard,11800,11100,0.940677966
Gujarat,KACHCHH,1999,Rabi,Wheat,16900,48000,2.840236686
Gujarat,KACHCHH,1999,Summer,Bajra,1800,3800,2.111111111
Gujarat,KACHCHH,1999,Summer,Groundnut,21400,44300,2.070093458
Gujarat,KACHCHH,1999,Whole Year,Banana,300,22000,73.33333333
Gujarat,KACHCHH,1999,Whole Year,Dry chillies,200,200,1
Gujarat,KACHCHH,1999,Whole Year,Garlic,200,1200,6
Gujarat,KACHCHH,1999,Whole Year,Onion,600,14000,23.33333333
Gujarat,KACHCHH,1999,Whole Year,Potato,300,5900,19.66666667
Gujarat,KACHCHH,1999,Whole Year,Sugarcane,300,21000,70
Gujarat,KACHCHH,2000,Kharif,Bajra,99000,44000,0.444444444
Gujarat,KACHCHH,2000,Kharif,Castor seed,61800,107800,1.74433657
Gujarat,KACHCHH,2000,Kharif,Cotton(lint),44300,70200,1.584650113
Gujarat,KACHCHH,2000,Kharif,Groundnut,61300,76200,1.243066884
Gujarat,KACHCHH,2000,Kharif,Moong(Green Gram),64500,10700,0.165891473
Gujarat,KACHCHH,2000,Kharif,Moth,17700,600,0.033898305
Gujarat,KACHCHH,2000,Kharif,Sesamum,25200,6000,0.238095238
Gujarat,KACHCHH,2000,Rabi,Gram,100,,
Gujarat,KACHCHH,2000,Rabi,Rapeseed &Mustard,3200,3900,1.21875
Gujarat,KACHCHH,2000,Rabi,Wheat,11100,27200,2.45045045
Gujarat,KACHCHH,2000,Summer,Bajra,1000,1900,1.9
Gujarat,KACHCHH,2000,Summer,Groundnut,14800,32500,2.195945946
Gujarat,KACHCHH,2000,Whole Year,Banana,200,10500,52.5
Gujarat,KACHCHH,2000,Whole Year,Dry chillies,600,500,0.833333333
Gujarat,KACHCHH,2000,Whole Year,Guar seed,118400,19600,0.165540541
Gujarat,KACHCHH,2000,Whole Year,Onion,100,1300,13
Gujarat,KACHCHH,2000,Whole Year,Potato,200,4800,24
Gujarat,KACHCHH,2001,Kharif,Bajra,96900,78300,0.808049536
Gujarat,KACHCHH,2001,Kharif,Castor seed,52700,58600,1.111954459
Gujarat,KACHCHH,2001,Kharif,Cotton(lint),58300,95700,1.641509434
Gujarat,KACHCHH,2001,Kharif,Groundnut,68600,78000,1.137026239
Gujarat,KACHCHH,2001,Kharif,Moong(Green Gram),64200,21700,0.338006231
Gujarat,KACHCHH,2001,Kharif,Moth,14900,2500,0.167785235
Gujarat,KACHCHH,2001,Kharif,Other Kharif pulses,2700,500,0.185185185
Gujarat,KACHCHH,2001,Kharif,Sesamum,26600,13200,0.496240602
Gujarat,KACHCHH,2001,Rabi,Gram,300,100,0.333333333
Gujarat,KACHCHH,2001,Rabi,Rapeseed &Mustard,4800,5600,1.166666667
Gujarat,KACHCHH,2001,Rabi,Wheat,13600,35900,2.639705882
Gujarat,KACHCHH,2001,Summer,Bajra,2100,3700,1.761904762
Gujarat,KACHCHH,2001,Summer,Groundnut,15400,23700,1.538961039
Gujarat,KACHCHH,2001,Whole Year,Banana,100,8200,82
Gujarat,KACHCHH,2001,Whole Year,Dry chillies,400,400,1
Gujarat,KACHCHH,2001,Whole Year,Garlic,200,1500,7.5
Gujarat,KACHCHH,2001,Whole Year,Guar seed,105300,30200,0.28679962
Gujarat,KACHCHH,2001,Whole Year,Onion,600,16700,27.83333333
Gujarat,KACHCHH,2001,Whole Year,Potato,100,2700,27
Gujarat,KACHCHH,2001,Whole Year,Sugarcane,200,11000,55
Gujarat,KACHCHH,2002,Kharif,Arhar/Tur,100,,
Gujarat,KACHCHH,2002,Kharif,Bajra,43300,17000,0.3926097
Gujarat,KACHCHH,2002,Kharif,Castor seed,33000,46000,1.393939394
Gujarat,KACHCHH,2002,Kharif,Cotton(lint),40900,61700,1.508557457
Gujarat,KACHCHH,2002,Kharif,Groundnut,38100,46600,1.223097113
Gujarat,KACHCHH,2002,Kharif,Moong(Green Gram),28600,3300,0.115384615
Gujarat,KACHCHH,2002,Kharif,Moth,9600,500,0.052083333
Gujarat,KACHCHH,2002,Kharif,Other Kharif pulses,1000,200,0.2
Gujarat,KACHCHH,2002,Kharif,Sesamum,16100,3100,0.192546584
Gujarat,KACHCHH,2002,Rabi,Other  Rabi pulses,2100,1000,0.476190476
Gujarat,KACHCHH,2002,Rabi,Rapeseed &Mustard,5300,6300,1.188679245
Gujarat,KACHCHH,2002,Rabi,Wheat,16200,39600,2.444444444
Gujarat,KACHCHH,2002,Summer,Bajra,2600,4300,1.653846154
Gujarat,KACHCHH,2002,Summer,Groundnut,15400,29100,1.88961039
Gujarat,KACHCHH,2002,Whole Year,Garlic,200,1000,5
Gujarat,KACHCHH,2002,Whole Year,Guar seed,38100,4900,0.128608924
Gujarat,KACHCHH,2002,Whole Year,Onion,400,13000,32.5
Gujarat,KACHCHH,2002,Whole Year,Potato,200,4200,21
Gujarat,KACHCHH,2002,Whole Year,Sugarcane,300,23000,76.66666667
Gujarat,KACHCHH,2003,Kharif,Bajra,89200,115900,1.299327354
Gujarat,KACHCHH,2003,Kharif,Castor seed,69100,109900,1.590448625
Gujarat,KACHCHH,2003,Kharif,Cotton(lint),40200,99400,2.472636816
Gujarat,KACHCHH,2003,Kharif,Groundnut,55600,80100,1.440647482
Gujarat,KACHCHH,2003,Kharif,Moong(Green Gram),77700,40900,0.526383526
Gujarat,KACHCHH,2003,Kharif,Moth,20500,11100,0.541463415
Gujarat,KACHCHH,2003,Kharif,Other Kharif pulses,800,500,0.625
Gujarat,KACHCHH,2003,Kharif,Sesamum,41700,25100,0.601918465
Gujarat,KACHCHH,2003,Rabi,Gram,400,300,0.75
Gujarat,KACHCHH,2003,Rabi,Other  Rabi pulses,100,100,1
Gujarat,KACHCHH,2003,Rabi,Rapeseed &Mustard,5200,7700,1.480769231
Gujarat,KACHCHH,2003,Rabi,Wheat,16900,46800,2.769230769
Gujarat,KACHCHH,2003,Summer,Bajra,1800,3700,2.055555556
Gujarat,KACHCHH,2003,Summer,Groundnut,22000,41600,1.890909091
Gujarat,KACHCHH,2003,Whole Year,Banana,600,43100,71.83333333
Gujarat,KACHCHH,2003,Whole Year,Dry chillies,500,500,1
Gujarat,KACHCHH,2003,Whole Year,Garlic,300,2200,7.333333333
Gujarat,KACHCHH,2003,Whole Year,Guar seed,100200,55700,0.555888224
Gujarat,KACHCHH,2003,Whole Year,Onion,400,12400,31
Gujarat,KACHCHH,2003,Whole Year,Potato,200,3800,19
Gujarat,KACHCHH,2003,Whole Year,Sugarcane,200,14000,70
Gujarat,KACHCHH,2004,Kharif,Bajra,93600,75900,0.810897436
Gujarat,KACHCHH,2004,Kharif,Castor seed,56500,106600,1.886725664
Gujarat,KACHCHH,2004,Kharif,Cotton(lint),54700,121700,2.224862888
Gujarat,KACHCHH,2004,Kharif,Groundnut,48000,47600,0.991666667
Gujarat,KACHCHH,2004,Kharif,Moong(Green Gram),60600,19900,0.328382838
Gujarat,KACHCHH,2004,Kharif,Moth,15500,4100,0.264516129
Gujarat,KACHCHH,2004,Kharif,Other Kharif pulses,400,100,0.25
Gujarat,KACHCHH,2004,Kharif,Sesamum,32200,15100,0.468944099
Gujarat,KACHCHH,2004,Kharif,Urad,100,,
Gujarat,KACHCHH,2004,Rabi,Other  Rabi pulses,100,,
Gujarat,KACHCHH,2004,Rabi,Rapeseed &Mustard,7000,11700,1.671428571
Gujarat,KACHCHH,2004,Rabi,Wheat,11600,29200,2.517241379
Gujarat,KACHCHH,2004,Summer,Bajra,800,1800,2.25
Gujarat,KACHCHH,2004,Summer,Groundnut,9800,17400,1.775510204
Gujarat,KACHCHH,2004,Whole Year,Banana,200,13600,68
Gujarat,KACHCHH,2004,Whole Year,Dry chillies,500,500,1
Gujarat,KACHCHH,2004,Whole Year,Garlic,300,1300,4.333333333
Gujarat,KACHCHH,2004,Whole Year,Guar seed,83200,39700,0.477163462
Gujarat,KACHCHH,2004,Whole Year,Onion,300,10400,34.66666667
Gujarat,KACHCHH,2005,Kharif,Bajra,52400,54900,1.047709924
Gujarat,KACHCHH,2005,Kharif,Castor seed,45200,59100,1.307522124
Gujarat,KACHCHH,2005,Kharif,Cotton(lint),40400,139300,3.448019802
Gujarat,KACHCHH,2005,Kharif,Groundnut,23500,28000,1.191489362
Gujarat,KACHCHH,2005,Kharif,Jowar,300,400,1.333333333
Gujarat,KACHCHH,2005,Kharif,Moong(Green Gram),46100,23900,0.518438178
Gujarat,KACHCHH,2005,Kharif,Moth,14700,7700,0.523809524
Gujarat,KACHCHH,2005,Kharif,Other Kharif pulses,100,,
Gujarat,KACHCHH,2005,Kharif,Sesamum,32500,17000,0.523076923
Gujarat,KACHCHH,2005,Rabi,Gram,300,300,1
Gujarat,KACHCHH,2005,Rabi,Rapeseed &Mustard,5700,8600,1.50877193
Gujarat,KACHCHH,2005,Rabi,Wheat,7900,20300,2.569620253
Gujarat,KACHCHH,2005,Summer,Bajra,1000,2300,2.3
Gujarat,KACHCHH,2005,Summer,Groundnut,10000,19300,1.93
Gujarat,KACHCHH,2005,Whole Year,Banana,100,7200,72
Gujarat,KACHCHH,2005,Whole Year,Dry chillies,200,200,1
Gujarat,KACHCHH,2005,Whole Year,Garlic,300,2100,7
Gujarat,KACHCHH,2005,Whole Year,Guar seed,59600,34600,0.580536913
Gujarat,KACHCHH,2005,Whole Year,Onion,800,23100,28.875
Gujarat,KACHCHH,2005,Whole Year,Potato,300,10000,33.33333333
Gujarat,KACHCHH,2005,Whole Year,Sugarcane,100,5000,50
Gujarat,KACHCHH,2006,Kharif,Bajra,79600,80100,1.006281407
Gujarat,KACHCHH,2006,Kharif,Castor seed,63600,128000,2.012578616
Gujarat,KACHCHH,2006,Kharif,Cotton(lint),63900,202100,3.162754304
Gujarat,KACHCHH,2006,Kharif,Groundnut,47800,72000,1.506276151
Gujarat,KACHCHH,2006,Kharif,Moong(Green Gram),86400,41000,0.474537037
Gujarat,KACHCHH,2006,Kharif,Moth,16500,6700,0.406060606
Gujarat,KACHCHH,2006,Kharif,Sesamum,40900,20500,0.501222494
Gujarat,KACHCHH,2006,Kharif,Urad,200,100,0.5
Gujarat,KACHCHH,2006,Rabi,Gram,300,400,1.333333333
Gujarat,KACHCHH,2006,Rabi,Rapeseed &Mustard,12300,19100,1.552845528
Gujarat,KACHCHH,2006,Rabi,Wheat,25500,66300,2.6
Gujarat,KACHCHH,2006,Summer,Bajra,2700,6300,2.333333333
Gujarat,KACHCHH,2006,Summer,Groundnut,15100,29400,1.947019868
Gujarat,KACHCHH,2006,Whole Year,Garlic,500,3100,6.2
Gujarat,KACHCHH,2006,Whole Year,Guar seed,91800,46400,0.505446623
Gujarat,KACHCHH,2006,Whole Year,Onion,1000,22700,22.7
Gujarat,KACHCHH,2006,Whole Year,Potato,400,7600,19
Gujarat,KACHCHH,2006,Whole Year,Sugarcane,500,37000,74
Gujarat,KACHCHH,2007,Kharif,Bajra,94700,117800,1.243928194
Gujarat,KACHCHH,2007,Kharif,Castor seed,54900,101400,1.846994536
Gujarat,KACHCHH,2007,Kharif,Cotton(lint),56900,241400,4.242530756
Gujarat,KACHCHH,2007,Kharif,Groundnut,61700,90400,1.465153971
Gujarat,KACHCHH,2007,Kharif,Moong(Green Gram),84400,42400,0.502369668
Gujarat,KACHCHH,2007,Kharif,Moth,20500,10400,0.507317073
Gujarat,KACHCHH,2007,Kharif,Sesamum,42300,21300,0.503546099
Gujarat,KACHCHH,2007,Kharif,Urad,100,100,1
Gujarat,KACHCHH,2007,Rabi,Gram,600,600,1
Gujarat,KACHCHH,2007,Rabi,Rapeseed &Mustard,14900,22300,1.496644295
Gujarat,KACHCHH,2007,Rabi,Wheat,30200,84300,2.791390728
Gujarat,KACHCHH,2007,Summer,Bajra,2300,5400,2.347826087
Gujarat,KACHCHH,2007,Summer,Groundnut,15400,30500,1.980519481
Gujarat,KACHCHH,2007,Whole Year,Dry chillies,100,100,1
Gujarat,KACHCHH,2007,Whole Year,Garlic,600,3600,6
Gujarat,KACHCHH,2007,Whole Year,Guar seed,81700,46400,0.567931457
Gujarat,KACHCHH,2007,Whole Year,Onion,1000,30500,30.5
Gujarat,KACHCHH,2007,Whole Year,Potato,400,9400,23.5
Gujarat,KACHCHH,2007,Whole Year,Sugarcane,200,18000,90
Gujarat,KACHCHH,2008,Kharif,Bajra,43800,35900,0.819634703
Gujarat,KACHCHH,2008,Kharif,Castor seed,63900,105600,1.65258216
Gujarat,KACHCHH,2008,Kharif,Cotton(lint),67500,261600,3.875555556
Gujarat,KACHCHH,2008,Kharif,Groundnut,51700,75300,1.456479691
Gujarat,KACHCHH,2008,Kharif,Moong(Green Gram),66300,27400,0.413273002
Gujarat,KACHCHH,2008,Kharif,Moth,24300,4700,0.193415638
Gujarat,KACHCHH,2008,Kharif,Sesamum,24900,9200,0.369477912
Gujarat,KACHCHH,2008,Rabi,Gram,400,400,1
Gujarat,KACHCHH,2008,Rabi,Jowar,300,300,1
Gujarat,KACHCHH,2008,Rabi,Onion,900,25700,28.55555556
Gujarat,KACHCHH,2008,Rabi,Other  Rabi pulses,400,200,0.5
Gujarat,KACHCHH,2008,Rabi,Rapeseed &Mustard,8100,11400,1.407407407
Gujarat,KACHCHH,2008,Rabi,Wheat,20100,55200,2.746268657
Gujarat,KACHCHH,2008,Summer,Bajra,2300,5600,2.434782609
Gujarat,KACHCHH,2008,Summer,Groundnut,12300,27000,2.195121951
Gujarat,KACHCHH,2008,Whole Year,Dry chillies,200,200,1
Gujarat,KACHCHH,2008,Whole Year,Garlic,400,2200,5.5
Gujarat,KACHCHH,2008,Whole Year,Guar seed,58100,20900,0.359724613
Gujarat,KACHCHH,2008,Whole Year,Potato,200,5500,27.5
Gujarat,KACHCHH,2008,Whole Year,Sugarcane,100,8000,80
Gujarat,KACHCHH,2009,Kharif,Bajra,55200,47900,0.867753623
Gujarat,KACHCHH,2009,Kharif,Castor seed,46600,72600,1.557939914
Gujarat,KACHCHH,2009,Kharif,Cotton(lint),63500,315000,4.960629921
Gujarat,KACHCHH,2009,Kharif,Groundnut,73600,111900,1.520380435
Gujarat,KACHCHH,2009,Kharif,Moong(Green Gram),75400,31200,0.413793103
Gujarat,KACHCHH,2009,Kharif,Moth,2500,1000,0.4
Gujarat,KACHCHH,2009,Kharif,Other Kharif pulses,200,100,0.5
Gujarat,KACHCHH,2009,Kharif,Sesamum,39200,19500,0.49744898
Gujarat,KACHCHH,2009,Kharif,Urad,200,100,0.5
Gujarat,KACHCHH,2009,Rabi,Gram,200,200,1
Gujarat,KACHCHH,2009,Rabi,Onion,800,22700,28.375
Gujarat,KACHCHH,2009,Rabi,Rapeseed &Mustard,9500,16600,1.747368421
Gujarat,KACHCHH,2009,Rabi,Wheat,25300,71800,2.837944664
Gujarat,KACHCHH,2009,Summer,Bajra,2900,6600,2.275862069
Gujarat,KACHCHH,2009,Summer,Groundnut,12600,27300,2.166666667
Gujarat,KACHCHH,2009,Whole Year,Dry chillies,200,200,1
Gujarat,KACHCHH,2009,Whole Year,Garlic,400,2100,5.25
Gujarat,KACHCHH,2009,Whole Year,Guar seed,59700,29400,0.492462312
Gujarat,KACHCHH,2009,Whole Year,Potato,100,1000,10
Gujarat,KACHCHH,2009,Whole Year,Sugarcane,100,6000,60
Gujarat,KACHCHH,2010,Kharif,Arhar/Tur,100,100,1
Gujarat,KACHCHH,2010,Kharif,Bajra,60700,62400,1.02800659
Gujarat,KACHCHH,2010,Kharif,Castor seed,75400,133200,1.766578249
Gujarat,KACHCHH,2010,Kharif,Cotton(lint),76900,337100,4.383615085
Gujarat,KACHCHH,2010,Kharif,Groundnut,78100,113700,1.455825864
Gujarat,KACHCHH,2010,Kharif,Moong(Green Gram),89200,42600,0.477578475
Gujarat,KACHCHH,2010,Kharif,Moth,4200,1900,0.452380952
Gujarat,KACHCHH,2010,Kharif,Other Kharif pulses,300,100,0.333333333
Gujarat,KACHCHH,2010,Kharif,other oilseeds,4600,1500,0.326086957
Gujarat,KACHCHH,2010,Kharif,Sesamum,47500,18000,0.378947368
Gujarat,KACHCHH,2010,Kharif,Urad,100,100,1
Gujarat,KACHCHH,2010,Rabi,Gram,400,500,1.25
Gujarat,KACHCHH,2010,Rabi,Rapeseed &Mustard,8300,15900,1.915662651
Gujarat,KACHCHH,2010,Rabi,Wheat,34800,97000,2.787356322
Gujarat,KACHCHH,2010,Summer,Bajra,3100,7600,2.451612903
Gujarat,KACHCHH,2010,Summer,Groundnut,25500,56400,2.211764706
Gujarat,KACHCHH,2010,Summer,Moong(Green Gram),2100,1100,0.523809524
Gujarat,KACHCHH,2010,Summer,Sesamum,800,400,0.5
Gujarat,KACHCHH,2010,Whole Year,Dry chillies,200,200,1
Gujarat,KACHCHH,2010,Whole Year,Garlic,500,2800,5.6
Gujarat,KACHCHH,2010,Whole Year,Guar seed,59600,28900,0.484899329
Gujarat,KACHCHH,2010,Whole Year,Onion,1600,46300,28.9375
Gujarat,KACHCHH,2010,Whole Year,Potato,300,6500,21.66666667
Gujarat,KACHCHH,2010,Whole Year,Sugarcane,100,7000,70
Gujarat,KACHCHH,2011,Kharif,Bajra,46200,41800,0.904761905
Gujarat,KACHCHH,2011,Kharif,Castor seed,139000,275400,1.981294964
Gujarat,KACHCHH,2011,Kharif,Cotton(lint),87300,392200,4.49255441
Gujarat,KACHCHH,2011,Kharif,Groundnut,75100,123400,1.643142477
Gujarat,KACHCHH,2011,Kharif,Moong(Green Gram),106200,40100,0.377589454
Gujarat,KACHCHH,2011,Kharif,Moth,26000,10800,0.415384615
Gujarat,KACHCHH,2011,Kharif,Sesamum,31500,13700,0.434920635
Gujarat,KACHCHH,2011,Rabi,Gram,700,700,1
Gujarat,KACHCHH,2011,Rabi,Onion,3700,111100,30.02702703
Gujarat,KACHCHH,2011,Rabi,Other  Rabi pulses,400,200,0.5
Gujarat,KACHCHH,2011,Rabi,Rapeseed &Mustard,19700,32300,1.639593909
Gujarat,KACHCHH,2011,Rabi,Wheat,30600,89800,2.934640523
Gujarat,KACHCHH,2011,Summer,Bajra,4600,11700,2.543478261
Gujarat,KACHCHH,2011,Summer,Groundnut,31200,66800,2.141025641
Gujarat,KACHCHH,2011,Summer,Moong(Green Gram),1500,800,0.533333333
Gujarat,KACHCHH,2011,Summer,Onion,400,10900,27.25
Gujarat,KACHCHH,2011,Summer,Sesamum,200,100,0.5
Gujarat,KACHCHH,2011,Whole Year,Dry chillies,200,200,1
Gujarat,KACHCHH,2011,Whole Year,Garlic,1500,9300,6.2
Gujarat,KACHCHH,2011,Whole Year,Guar seed,49700,26100,0.525150905
Gujarat,KACHCHH,2011,Whole Year,Potato,300,5700,19
Gujarat,KACHCHH,2012,Kharif,Bajra,9700,7300,0.75257732
Gujarat,KACHCHH,2012,Kharif,Castor seed,129100,244500,1.893880713
Gujarat,KACHCHH,2012,Kharif,Cotton(lint),62800,292300,4.654458599
Gujarat,KACHCHH,2012,Kharif,Groundnut,46700,103700,2.220556745
Gujarat,KACHCHH,2012,Kharif,Maize,1700,2900,1.705882353
Gujarat,KACHCHH,2012,Kharif,Moong(Green Gram),27900,9300,0.333333333
Gujarat,KACHCHH,2012,Kharif,Moth,6000,1800,0.3
Gujarat,KACHCHH,2012,Kharif,Sesamum,24200,9100,0.376033058
Gujarat,KACHCHH,2012,Rabi,Gram,300,300,1
Gujarat,KACHCHH,2012,Rabi,Onion,400,9400,23.5
Gujarat,KACHCHH,2012,Rabi,Rapeseed &Mustard,19500,35500,1.820512821
Gujarat,KACHCHH,2012,Rabi,Wheat,29900,91600,3.063545151
Gujarat,KACHCHH,2012,Summer,Bajra,1100,3000,2.727272727
Gujarat,KACHCHH,2012,Summer,Groundnut,21300,50600,2.375586854
Gujarat,KACHCHH,2012,Summer,Moong(Green Gram),400,200,0.5
Gujarat,KACHCHH,2012,Summer,Onion,200,4200,21
Gujarat,KACHCHH,2012,Summer,Sesamum,200,9500,47.5
Gujarat,KACHCHH,2012,Whole Year,Garlic,300,1700,5.666666667
Gujarat,KACHCHH,2012,Whole Year,Guar seed,45400,20500,0.45154185
Gujarat,KACHCHH,2012,Whole Year,Potato,100,2100,21
Gujarat,KACHCHH,2012,Whole Year,Sugarcane,100,500,5
Gujarat,KHEDA,1997,Kharif,Arhar/Tur,14400,10400,0.722222222
Gujarat,KHEDA,1997,Kharif,Bajra,78200,94100,1.203324808
Gujarat,KHEDA,1997,Kharif,Dry chillies,600,700,1.166666667
Gujarat,KHEDA,1997,Kharif,Groundnut,3100,4200,1.35483871
Gujarat,KHEDA,1997,Kharif,Jowar,700,500,0.714285714
Gujarat,KHEDA,1997,Kharif,Moong(Green Gram),2300,1400,0.608695652
Gujarat,KHEDA,1997,Kharif,Moth,1200,1000,0.833333333
Gujarat,KHEDA,1997,Kharif,Other Kharif pulses,400,200,0.5
Gujarat,KHEDA,1997,Kharif,Urad,2800,1300,0.464285714
Gujarat,KHEDA,1997,Rabi,Gram,5400,3500,0.648148148
Gujarat,KHEDA,1997,Rabi,Jowar,800,600,0.75
Gujarat,KHEDA,1997,Rabi,Other  Rabi pulses,300,100,0.333333333
Gujarat,KHEDA,1997,Rabi,Rapeseed &Mustard,12800,13000,1.015625
Gujarat,KHEDA,1997,Rabi,Wheat,69200,117200,1.693641618
Gujarat,KHEDA,1997,Summer,Bajra,44600,97700,2.19058296
Gujarat,KHEDA,1997,Summer,Groundnut,4100,8100,1.975609756
Gujarat,KHEDA,1997,Whole Year,Banana,6900,358800,52
Gujarat,KHEDA,1997,Whole Year,Castor seed,16300,21700,1.331288344
Gujarat,KHEDA,1997,Whole Year,Cotton(lint),16100,27000,1.677018634
Gujarat,KHEDA,1997,Whole Year,Garlic,100,800,8
Gujarat,KHEDA,1997,Whole Year,Maize,15200,30100,1.980263158
Gujarat,KHEDA,1997,Whole Year,Onion,600,19900,33.16666667
Gujarat,KHEDA,1997,Whole Year,Potato,8000,150700,18.8375
Gujarat,KHEDA,1997,Whole Year,Pulses total,21100,143,0.006777251
Gujarat,KHEDA,1997,Whole Year,Rice,155600,273500,1.757712082
Gujarat,KHEDA,1997,Whole Year,Sesamum,9300,6100,0.655913978
Gujarat,KHEDA,1997,Whole Year,Sugarcane,600,49000,81.66666667
Gujarat,KHEDA,1997,Whole Year,Tobacco,76200,137500,1.804461942
Gujarat,KHEDA,1998,Kharif,Arhar/Tur,12200,19600,1.606557377
Gujarat,KHEDA,1998,Kharif,Bajra,80500,114200,1.41863354
Gujarat,KHEDA,1998,Kharif,Castor seed,7600,10100,1.328947368
Gujarat,KHEDA,1998,Kharif,Cotton(lint),15100,39200,2.59602649
Gujarat,KHEDA,1998,Kharif,Groundnut,1000,1300,1.3
Gujarat,KHEDA,1998,Kharif,Jowar,1000,800,0.8
Gujarat,KHEDA,1998,Kharif,Maize,12800,24600,1.921875
Gujarat,KHEDA,1998,Kharif,Moong(Green Gram),2200,1600,0.727272727
Gujarat,KHEDA,1998,Kharif,Moth,1300,1000,0.769230769
Gujarat,KHEDA,1998,Kharif,Other Kharif pulses,600,400,0.666666667
Gujarat,KHEDA,1998,Kharif,Pulses total,268,179,0.667910448
Gujarat,KHEDA,1998,Kharif,Rice,145200,286400,1.972451791
Gujarat,KHEDA,1998,Kharif,Sesamum,8700,4000,0.459770115
Gujarat,KHEDA,1998,Kharif,Urad,2300,1600,0.695652174
Gujarat,KHEDA,1998,Rabi,Gram,5600,3800,0.678571429
Gujarat,KHEDA,1998,Rabi,Jowar,400,300,0.75
Gujarat,KHEDA,1998,Rabi,Other  Rabi pulses,300,200,0.666666667
Gujarat,KHEDA,1998,Rabi,Rapeseed &Mustard,6700,9300,1.388059701
Gujarat,KHEDA,1998,Rabi,Small millets,100,100,1
Gujarat,KHEDA,1998,Rabi,Wheat,71100,147800,2.078762307
Gujarat,KHEDA,1998,Summer,Bajra,45800,95500,2.085152838
Gujarat,KHEDA,1998,Summer,Groundnut,4700,8900,1.893617021
Gujarat,KHEDA,1998,Whole Year,Banana,5900,368300,62.42372881
Gujarat,KHEDA,1998,Whole Year,Dry chillies,900,1400,1.555555556
Gujarat,KHEDA,1998,Whole Year,Garlic,100,800,8
Gujarat,KHEDA,1998,Whole Year,Oilseeds total,456,531,1.164473684
Gujarat,KHEDA,1998,Whole Year,Onion,1100,32600,29.63636364
Gujarat,KHEDA,1998,Whole Year,Potato,8300,153100,18.44578313
Gujarat,KHEDA,1998,Whole Year,Sugarcane,700,53000,75.71428571
Gujarat,KHEDA,1998,Whole Year,Tobacco,73000,139400,1.909589041
Gujarat,KHEDA,1999,Kharif,Arhar/Tur,13500,9300,0.688888889
Gujarat,KHEDA,1999,Kharif,Bajra,70300,111100,1.580369844
Gujarat,KHEDA,1999,Kharif,Castor seed,8200,11500,1.402439024
Gujarat,KHEDA,1999,Kharif,Cotton(lint),15500,24100,1.55483871
Gujarat,KHEDA,1999,Kharif,Groundnut,2000,700,0.35
Gujarat,KHEDA,1999,Kharif,Jowar,1100,1500,1.363636364
Gujarat,KHEDA,1999,Kharif,Maize,8600,19800,2.302325581
Gujarat,KHEDA,1999,Kharif,Moong(Green Gram),2300,400,0.173913043
Gujarat,KHEDA,1999,Kharif,Moth,1500,0,0
Gujarat,KHEDA,1999,Kharif,Other Kharif pulses,700,400,0.571428571
Gujarat,KHEDA,1999,Kharif,Rice,169100,363900,2.151981076
Gujarat,KHEDA,1999,Kharif,Sesamum,8200,8800,1.073170732
Gujarat,KHEDA,1999,Kharif,Urad,1700,1300,0.764705882
Gujarat,KHEDA,1999,Rabi,Gram,6400,4600,0.71875
Gujarat,KHEDA,1999,Rabi,Jowar,200,200,1
Gujarat,KHEDA,1999,Rabi,Other  Rabi pulses,300,100,0.333333333
Gujarat,KHEDA,1999,Rabi,Rapeseed &Mustard,8900,8300,0.93258427
Gujarat,KHEDA,1999,Rabi,Wheat,89200,186400,2.089686099
Gujarat,KHEDA,1999,Summer,Bajra,36900,84300,2.284552846
Gujarat,KHEDA,1999,Summer,Groundnut,1500,3200,2.133333333
Gujarat,KHEDA,1999,Whole Year,Banana,6500,354400,54.52307692
Gujarat,KHEDA,1999,Whole Year,Dry chillies,400,500,1.25
Gujarat,KHEDA,1999,Whole Year,Garlic,100,600,6
Gujarat,KHEDA,1999,Whole Year,Onion,500,12300,24.6
Gujarat,KHEDA,1999,Whole Year,Potato,8300,151500,18.25301205
Gujarat,KHEDA,1999,Whole Year,Sugarcane,900,75000,83.33333333
Gujarat,KHEDA,1999,Whole Year,Tobacco,78500,153000,1.949044586
Gujarat,KHEDA,2000,Kharif,Arhar/Tur,10700,4000,0.373831776
Gujarat,KHEDA,2000,Kharif,Bajra,80300,100700,1.254047323
Gujarat,KHEDA,2000,Kharif,Castor seed,13700,8400,0.613138686
Gujarat,KHEDA,2000,Kharif,Cotton(lint),14500,18700,1.289655172
Gujarat,KHEDA,2000,Kharif,Groundnut,2500,900,0.36
Gujarat,KHEDA,2000,Kharif,Jowar,400,300,0.75
Gujarat,KHEDA,2000,Kharif,Maize,12800,19900,1.5546875
Gujarat,KHEDA,2000,Kharif,Moong(Green Gram),2100,600,0.285714286
Gujarat,KHEDA,2000,Kharif,Moth,1100,100,0.090909091
Gujarat,KHEDA,2000,Kharif,Other Kharif pulses,1500,800,0.533333333
Gujarat,KHEDA,2000,Kharif,Rice,112500,73400,0.652444444
Gujarat,KHEDA,2000,Kharif,Sesamum,8800,8600,0.977272727
Gujarat,KHEDA,2000,Kharif,Urad,1300,400,0.307692308
Gujarat,KHEDA,2000,Rabi,Gram,1200,500,0.416666667
Gujarat,KHEDA,2000,Rabi,Jowar,200,100,0.5
Gujarat,KHEDA,2000,Rabi,Other  Rabi pulses,100,0,0
Gujarat,KHEDA,2000,Rabi,Rapeseed &Mustard,3200,3900,1.21875
Gujarat,KHEDA,2000,Rabi,Wheat,36600,86800,2.371584699
Gujarat,KHEDA,2000,Summer,Bajra,31100,58300,1.874598071
Gujarat,KHEDA,2000,Summer,Groundnut,500,1000,2
Gujarat,KHEDA,2000,Summer,Rice,100,500,5
Gujarat,KHEDA,2000,Whole Year,Banana,11100,563500,50.76576577
Gujarat,KHEDA,2000,Whole Year,Dry chillies,700,1000,1.428571429
Gujarat,KHEDA,2000,Whole Year,Garlic,100,400,4
Gujarat,KHEDA,2000,Whole Year,Guar seed,300,100,0.333333333
Gujarat,KHEDA,2000,Whole Year,Onion,100,2100,21
Gujarat,KHEDA,2000,Whole Year,Potato,6400,108600,16.96875
Gujarat,KHEDA,2000,Whole Year,Sugarcane,600,48000,80
Gujarat,KHEDA,2000,Whole Year,Tobacco,65600,118900,1.8125
Gujarat,KHEDA,2001,Kharif,Arhar/Tur,9700,8900,0.917525773
Gujarat,KHEDA,2001,Kharif,Bajra,86700,133700,1.542099193
Gujarat,KHEDA,2001,Kharif,Castor seed,7300,5400,0.739726027
Gujarat,KHEDA,2001,Kharif,Cotton(lint),13300,16000,1.203007519
Gujarat,KHEDA,2001,Kharif,Groundnut,400,500,1.25
Gujarat,KHEDA,2001,Kharif,Jowar,1000,700,0.7
Gujarat,KHEDA,2001,Kharif,Maize,20500,41100,2.004878049
Gujarat,KHEDA,2001,Kharif,Moong(Green Gram),1800,800,0.444444444
Gujarat,KHEDA,2001,Kharif,Moth,1100,200,0.181818182
Gujarat,KHEDA,2001,Kharif,Other Kharif pulses,900,400,0.444444444
Gujarat,KHEDA,2001,Kharif,Rice,171800,308400,1.795110594
Gujarat,KHEDA,2001,Kharif,Sesamum,16000,9300,0.58125
Gujarat,KHEDA,2001,Kharif,Urad,1000,600,0.6
Gujarat,KHEDA,2001,Rabi,Gram,2900,1600,0.551724138
Gujarat,KHEDA,2001,Rabi,Jowar,700,600,0.857142857
Gujarat,KHEDA,2001,Rabi,Rapeseed &Mustard,4200,5000,1.19047619
Gujarat,KHEDA,2001,Rabi,Wheat,50100,120900,2.413173653
Gujarat,KHEDA,2001,Summer,Bajra,28800,58000,2.013888889
Gujarat,KHEDA,2001,Summer,Groundnut,400,700,1.75
Gujarat,KHEDA,2001,Summer,Rice,300,800,2.666666667
Gujarat,KHEDA,2001,Whole Year,Dry chillies,1100,1600,1.454545455
Gujarat,KHEDA,2001,Whole Year,Garlic,100,600,6
Gujarat,KHEDA,2001,Whole Year,Guar seed,200,100,0.5
Gujarat,KHEDA,2001,Whole Year,Onion,300,9900,33
Gujarat,KHEDA,2001,Whole Year,Potato,6500,126200,19.41538462
Gujarat,KHEDA,2001,Whole Year,Sugarcane,100,3000,30
Gujarat,KHEDA,2001,Whole Year,Tobacco,64900,124200,1.913713405
Gujarat,KHEDA,2002,Kharif,Arhar/Tur,12000,12500,1.041666667
Gujarat,KHEDA,2002,Kharif,Bajra,80000,105400,1.3175
Gujarat,KHEDA,2002,Kharif,Castor seed,9100,10300,1.131868132
Gujarat,KHEDA,2002,Kharif,Cotton(lint),14300,37500,2.622377622
Gujarat,KHEDA,2002,Kharif,Groundnut,500,200,0.4
Gujarat,KHEDA,2002,Kharif,Jowar,2200,500,0.227272727
Gujarat,KHEDA,2002,Kharif,Maize,23100,64500,2.792207792
Gujarat,KHEDA,2002,Kharif,Moong(Green Gram),2000,600,0.3
Gujarat,KHEDA,2002,Kharif,Moth,1000,700,0.7
Gujarat,KHEDA,2002,Kharif,Other Kharif pulses,300,200,0.666666667
Gujarat,KHEDA,2002,Kharif,Rice,71200,93500,1.313202247
Gujarat,KHEDA,2002,Kharif,Sesamum,9400,6400,0.680851064
Gujarat,KHEDA,2002,Kharif,Small millets,300,100,0.333333333
Gujarat,KHEDA,2002,Kharif,Urad,1200,400,0.333333333
Gujarat,KHEDA,2002,Rabi,Gram,7300,3900,0.534246575
Gujarat,KHEDA,2002,Rabi,Jowar,800,500,0.625
Gujarat,KHEDA,2002,Rabi,Rapeseed &Mustard,5500,6600,1.2
Gujarat,KHEDA,2002,Rabi,Small millets,800,200,0.25
Gujarat,KHEDA,2002,Rabi,Wheat,74700,144700,1.93708166
Gujarat,KHEDA,2002,Summer,Bajra,33700,62500,1.854599407
Gujarat,KHEDA,2002,Summer,Groundnut,300,600,2
Gujarat,KHEDA,2002,Summer,Rice,200,800,4
Gujarat,KHEDA,2002,Whole Year,Dry chillies,1600,1800,1.125
Gujarat,KHEDA,2002,Whole Year,Garlic,100,900,9
Gujarat,KHEDA,2002,Whole Year,Guar seed,1300,400,0.307692308
Gujarat,KHEDA,2002,Whole Year,Onion,600,18700,31.16666667
Gujarat,KHEDA,2002,Whole Year,Potato,8700,154400,17.74712644
Gujarat,KHEDA,2002,Whole Year,Tobacco,47400,87300,1.841772152
Gujarat,KHEDA,2003,Kharif,Arhar/Tur,10000,12600,1.26
Gujarat,KHEDA,2003,Kharif,Bajra,59700,70100,1.174204355
Gujarat,KHEDA,2003,Kharif,Castor seed,6200,9600,1.548387097
Gujarat,KHEDA,2003,Kharif,Cotton(lint),17900,39800,2.223463687
Gujarat,KHEDA,2003,Kharif,Groundnut,300,700,2.333333333
Gujarat,KHEDA,2003,Kharif,Jowar,400,300,0.75
Gujarat,KHEDA,2003,Kharif,Maize,25500,43900,1.721568627
Gujarat,KHEDA,2003,Kharif,Moong(Green Gram),2000,1200,0.6
Gujarat,KHEDA,2003,Kharif,Moth,1100,600,0.545454545
Gujarat,KHEDA,2003,Kharif,Rice,98800,198900,2.013157895
Gujarat,KHEDA,2003,Kharif,Sesamum,10300,5100,0.495145631
Gujarat,KHEDA,2003,Kharif,Urad,1500,1000,0.666666667
Gujarat,KHEDA,2003,Rabi,Gram,1900,1400,0.736842105
Gujarat,KHEDA,2003,Rabi,Jowar,200,200,1
Gujarat,KHEDA,2003,Rabi,Rapeseed &Mustard,3000,4400,1.466666667
Gujarat,KHEDA,2003,Rabi,Wheat,57300,153200,2.673647469
Gujarat,KHEDA,2003,Summer,Bajra,13300,26500,1.992481203
Gujarat,KHEDA,2003,Summer,Groundnut,800,1200,1.5
Gujarat,KHEDA,2003,Summer,Rice,10000,34400,3.44
Gujarat,KHEDA,2003,Whole Year,Dry chillies,300,300,1
Gujarat,KHEDA,2003,Whole Year,Garlic,100,400,4
Gujarat,KHEDA,2003,Whole Year,Guar seed,100,100,1
Gujarat,KHEDA,2003,Whole Year,Onion,400,11400,28.5
Gujarat,KHEDA,2003,Whole Year,Potato,3300,65100,19.72727273
Gujarat,KHEDA,2003,Whole Year,Tobacco,20500,36300,1.770731707
Gujarat,KHEDA,2004,Kharif,Arhar/Tur,7600,10600,1.394736842
Gujarat,KHEDA,2004,Kharif,Bajra,49800,48000,0.963855422
Gujarat,KHEDA,2004,Kharif,Castor seed,6700,9900,1.47761194
Gujarat,KHEDA,2004,Kharif,Cotton(lint),20600,65300,3.169902913
Gujarat,KHEDA,2004,Kharif,Groundnut,400,300,0.75
Gujarat,KHEDA,2004,Kharif,Jowar,900,900,1
Gujarat,KHEDA,2004,Kharif,Maize,17200,23500,1.36627907
Gujarat,KHEDA,2004,Kharif,Moong(Green Gram),1400,600,0.428571429
Gujarat,KHEDA,2004,Kharif,Moth,700,300,0.428571429
Gujarat,KHEDA,2004,Kharif,Other Kharif pulses,100,100,1
Gujarat,KHEDA,2004,Kharif,Rice,99400,223900,2.252515091
Gujarat,KHEDA,2004,Kharif,Sesamum,8700,2600,0.298850575
Gujarat,KHEDA,2004,Kharif,Urad,1000,600,0.6
Gujarat,KHEDA,2004,Rabi,Gram,1100,700,0.636363636
Gujarat,KHEDA,2004,Rabi,Jowar,300,200,0.666666667
Gujarat,KHEDA,2004,Rabi,Other Cereals & Millets,100,,
Gujarat,KHEDA,2004,Rabi,Rapeseed &Mustard,3700,5100,1.378378378
Gujarat,KHEDA,2004,Rabi,Wheat,60800,158700,2.610197368
Gujarat,KHEDA,2004,Summer,Bajra,20300,40600,2
Gujarat,KHEDA,2004,Summer,Groundnut,300,500,1.666666667
Gujarat,KHEDA,2004,Summer,Rice,2800,8100,2.892857143
Gujarat,KHEDA,2004,Whole Year,Dry chillies,200,200,1
Gujarat,KHEDA,2004,Whole Year,Guar seed,600,500,0.833333333
Gujarat,KHEDA,2004,Whole Year,Onion,200,5400,27
Gujarat,KHEDA,2004,Whole Year,Potato,3900,109400,28.05128205
Gujarat,KHEDA,2004,Whole Year,Tobacco,30500,48200,1.580327869
Gujarat,KHEDA,2005,Kharif,Arhar/Tur,6100,7700,1.262295082
Gujarat,KHEDA,2005,Kharif,Bajra,52500,60700,1.156190476
Gujarat,KHEDA,2005,Kharif,Castor seed,10500,16400,1.561904762
Gujarat,KHEDA,2005,Kharif,Cotton(lint),23200,71000,3.060344828
Gujarat,KHEDA,2005,Kharif,Groundnut,100,200,2
Gujarat,KHEDA,2005,Kharif,Jowar,900,1100,1.222222222
Gujarat,KHEDA,2005,Kharif,Maize,22900,36200,1.580786026
Gujarat,KHEDA,2005,Kharif,Moong(Green Gram),1100,700,0.636363636
Gujarat,KHEDA,2005,Kharif,Moth,500,300,0.6
Gujarat,KHEDA,2005,Kharif,Other Cereals & Millets,1500,400,0.266666667
Gujarat,KHEDA,2005,Kharif,Rice,89700,218500,2.435897436
Gujarat,KHEDA,2005,Kharif,Sesamum,6300,2300,0.365079365
Gujarat,KHEDA,2005,Kharif,Urad,500,400,0.8
Gujarat,KHEDA,2005,Rabi,Gram,1800,1500,0.833333333
Gujarat,KHEDA,2005,Rabi,Jowar,300,300,1
Gujarat,KHEDA,2005,Rabi,Other  Rabi pulses,100,100,1
Gujarat,KHEDA,2005,Rabi,Rapeseed &Mustard,2800,4400,1.571428571
Gujarat,KHEDA,2005,Rabi,Wheat,58200,145500,2.5
Gujarat,KHEDA,2005,Summer,Bajra,14100,30500,2.163120567
Gujarat,KHEDA,2005,Summer,Groundnut,200,300,1.5
Gujarat,KHEDA,2005,Summer,Rice,1800,5500,3.055555556
Gujarat,KHEDA,2005,Whole Year,Banana,100,4100,41
Gujarat,KHEDA,2005,Whole Year,Dry chillies,300,300,1
Gujarat,KHEDA,2005,Whole Year,Garlic,100,900,9
Gujarat,KHEDA,2005,Whole Year,Guar seed,400,300,0.75
Gujarat,KHEDA,2005,Whole Year,Onion,100,3700,37
Gujarat,KHEDA,2005,Whole Year,Potato,4800,131200,27.33333333
Gujarat,KHEDA,2005,Whole Year,Tobacco,26400,39000,1.477272727
Gujarat,KHEDA,2006,Kharif,Arhar/Tur,4000,3400,0.85
Gujarat,KHEDA,2006,Kharif,Bajra,46900,27600,0.588486141
Gujarat,KHEDA,2006,Kharif,Castor seed,7900,11900,1.506329114
Gujarat,KHEDA,2006,Kharif,Cotton(lint),15600,43700,2.801282051
Gujarat,KHEDA,2006,Kharif,Groundnut,200,200,1
Gujarat,KHEDA,2006,Kharif,Jowar,300,300,1
Gujarat,KHEDA,2006,Kharif,Maize,33100,22100,0.667673716
Gujarat,KHEDA,2006,Kharif,Moong(Green Gram),1100,400,0.363636364
Gujarat,KHEDA,2006,Kharif,Moth,500,200,0.4
Gujarat,KHEDA,2006,Kharif,Other Cereals & Millets,100,100,1
Gujarat,KHEDA,2006,Kharif,Other Kharif pulses,100,100,1
Gujarat,KHEDA,2006,Kharif,Rice,92400,169300,1.832251082
Gujarat,KHEDA,2006,Kharif,Sesamum,4400,400,0.090909091
Gujarat,KHEDA,2006,Kharif,Urad,300,200,0.666666667
Gujarat,KHEDA,2006,Rabi,Gram,1100,1300,1.181818182
Gujarat,KHEDA,2006,Rabi,Other Cereals & Millets,600,800,1.333333333
Gujarat,KHEDA,2006,Rabi,Rapeseed &Mustard,3200,4000,1.25
Gujarat,KHEDA,2006,Rabi,Wheat,62600,151900,2.426517572
Gujarat,KHEDA,2006,Summer,Bajra,14400,35800,2.486111111
Gujarat,KHEDA,2006,Summer,Groundnut,400,700,1.75
Gujarat,KHEDA,2006,Summer,Rice,7900,22200,2.810126582
Gujarat,KHEDA,2006,Whole Year,Banana,100,9700,97
Gujarat,KHEDA,2006,Whole Year,Dry chillies,600,700,1.166666667
Gujarat,KHEDA,2006,Whole Year,Garlic,100,800,8
Gujarat,KHEDA,2006,Whole Year,Guar seed,1300,500,0.384615385
Gujarat,KHEDA,2006,Whole Year,Onion,200,4500,22.5
Gujarat,KHEDA,2006,Whole Year,Potato,5900,110000,18.6440678
Gujarat,KHEDA,2006,Whole Year,Tobacco,20700,40900,1.975845411
Gujarat,KHEDA,2007,Kharif,Arhar/Tur,3900,3600,0.923076923
Gujarat,KHEDA,2007,Kharif,Bajra,55200,59600,1.079710145
Gujarat,KHEDA,2007,Kharif,Castor seed,17400,27500,1.58045977
Gujarat,KHEDA,2007,Kharif,Cotton(lint),16600,58800,3.542168675
Gujarat,KHEDA,2007,Kharif,Groundnut,500,1000,2
Gujarat,KHEDA,2007,Kharif,Jowar,100,100,1
Gujarat,KHEDA,2007,Kharif,Maize,20200,22700,1.123762376
Gujarat,KHEDA,2007,Kharif,Moong(Green Gram),1700,900,0.529411765
Gujarat,KHEDA,2007,Kharif,Moth,400,300,0.75
Gujarat,KHEDA,2007,Kharif,Other Cereals & Millets,100,100,1
Gujarat,KHEDA,2007,Kharif,Other Kharif pulses,200,100,0.5
Gujarat,KHEDA,2007,Kharif,Rice,99800,237400,2.378757515
Gujarat,KHEDA,2007,Kharif,Sesamum,4400,1000,0.227272727
Gujarat,KHEDA,2007,Kharif,Urad,500,300,0.6
Gujarat,KHEDA,2007,Rabi,Gram,1300,1300,1
Gujarat,KHEDA,2007,Rabi,Other Cereals & Millets,300,400,1.333333333
Gujarat,KHEDA,2007,Rabi,Rapeseed &Mustard,4100,6700,1.634146341
Gujarat,KHEDA,2007,Rabi,Wheat,78400,241200,3.076530612
Gujarat,KHEDA,2007,Summer,Bajra,22800,55300,2.425438596
Gujarat,KHEDA,2007,Summer,Groundnut,500,800,1.6
Gujarat,KHEDA,2007,Summer,Rice,4800,15100,3.145833333
Gujarat,KHEDA,2007,Whole Year,Banana,100,3400,34
Gujarat,KHEDA,2007,Whole Year,Dry chillies,800,800,1
Gujarat,KHEDA,2007,Whole Year,Garlic,100,500,5
Gujarat,KHEDA,2007,Whole Year,Guar seed,1600,1100,0.6875
Gujarat,KHEDA,2007,Whole Year,Onion,500,13500,27
Gujarat,KHEDA,2007,Whole Year,Potato,7400,168900,22.82432432
Gujarat,KHEDA,2007,Whole Year,Tobacco,20200,38600,1.910891089
Gujarat,KHEDA,2008,Kharif,Arhar/Tur,2200,2100,0.954545455
Gujarat,KHEDA,2008,Kharif,Bajra,44400,45900,1.033783784
Gujarat,KHEDA,2008,Kharif,Castor seed,14400,20800,1.444444444
Gujarat,KHEDA,2008,Kharif,Cotton(lint),29300,94000,3.208191126
Gujarat,KHEDA,2008,Kharif,Groundnut,1700,2300,1.352941176
Gujarat,KHEDA,2008,Kharif,Jowar,900,1100,1.222222222
Gujarat,KHEDA,2008,Kharif,Maize,20200,30000,1.485148515
Gujarat,KHEDA,2008,Kharif,Moong(Green Gram),800,300,0.375
Gujarat,KHEDA,2008,Kharif,Moth,500,100,0.2
Gujarat,KHEDA,2008,Kharif,Other Cereals & Millets,100,100,1
Gujarat,KHEDA,2008,Kharif,Other Kharif pulses,800,500,0.625
Gujarat,KHEDA,2008,Kharif,Rice,101100,211600,2.09297725
Gujarat,KHEDA,2008,Kharif,Sesamum,6000,1400,0.233333333
Gujarat,KHEDA,2008,Kharif,Tobacco,22500,30100,1.337777778
Gujarat,KHEDA,2008,Kharif,Urad,300,200,0.666666667
Gujarat,KHEDA,2008,Rabi,Gram,700,700,1
Gujarat,KHEDA,2008,Rabi,Jowar,300,200,0.666666667
Gujarat,KHEDA,2008,Rabi,Onion,300,7400,24.66666667
Gujarat,KHEDA,2008,Rabi,Other Cereals & Millets,100,100,1
Gujarat,KHEDA,2008,Rabi,Rapeseed &Mustard,4500,5100,1.133333333
Gujarat,KHEDA,2008,Rabi,Wheat,67800,135300,1.995575221
Gujarat,KHEDA,2008,Summer,Bajra,19500,48200,2.471794872
Gujarat,KHEDA,2008,Summer,Groundnut,500,1000,2
Gujarat,KHEDA,2008,Summer,Rice,2300,6500,2.826086957
Gujarat,KHEDA,2008,Whole Year,Banana,100,4400,44
Gujarat,KHEDA,2008,Whole Year,Dry chillies,700,700,1
Gujarat,KHEDA,2008,Whole Year,Garlic,100,300,3
Gujarat,KHEDA,2008,Whole Year,Guar seed,700,200,0.285714286
Gujarat,KHEDA,2008,Whole Year,Potato,6600,110000,16.66666667
Gujarat,KHEDA,2009,Kharif,Arhar/Tur,2500,1200,0.48
Gujarat,KHEDA,2009,Kharif,Bajra,34000,31600,0.929411765
Gujarat,KHEDA,2009,Kharif,Castor seed,8500,13500,1.588235294
Gujarat,KHEDA,2009,Kharif,Cotton(lint),28500,101600,3.564912281
Gujarat,KHEDA,2009,Kharif,Groundnut,1400,1300,0.928571429
Gujarat,KHEDA,2009,Kharif,Jowar,700,700,1
Gujarat,KHEDA,2009,Kharif,Maize,14100,12600,0.893617021
Gujarat,KHEDA,2009,Kharif,Moong(Green Gram),800,300,0.375
Gujarat,KHEDA,2009,Kharif,Moth,500,200,0.4
Gujarat,KHEDA,2009,Kharif,Other Cereals & Millets,9000,5600,0.622222222
Gujarat,KHEDA,2009,Kharif,Other Kharif pulses,600,400,0.666666667
Gujarat,KHEDA,2009,Kharif,Rice,87100,201300,2.311136625
Gujarat,KHEDA,2009,Kharif,Sesamum,4700,1400,0.29787234
Gujarat,KHEDA,2009,Kharif,Tobacco,35400,53700,1.516949153
Gujarat,KHEDA,2009,Kharif,Urad,400,300,0.75
Gujarat,KHEDA,2009,Rabi,Gram,700,600,0.857142857
Gujarat,KHEDA,2009,Rabi,Onion,300,6800,22.66666667
Gujarat,KHEDA,2009,Rabi,Other Cereals & Millets,1500,1900,1.266666667
Gujarat,KHEDA,2009,Rabi,Rapeseed &Mustard,2300,3600,1.565217391
Gujarat,KHEDA,2009,Rabi,Tobacco,35400,53700,1.516949153
Gujarat,KHEDA,2009,Rabi,Wheat,65500,160500,2.450381679
Gujarat,KHEDA,2009,Summer,Bajra,16400,37400,2.280487805
Gujarat,KHEDA,2009,Summer,Groundnut,200,400,2
Gujarat,KHEDA,2009,Summer,Rice,5300,14700,2.773584906
Gujarat,KHEDA,2009,Whole Year,Banana,100,5700,57
Gujarat,KHEDA,2009,Whole Year,Dry chillies,800,800,1
Gujarat,KHEDA,2009,Whole Year,Guar seed,1300,400,0.307692308
Gujarat,KHEDA,2009,Whole Year,Potato,5800,95400,16.44827586
Gujarat,KHEDA,2010,Kharif,Arhar/Tur,3400,2800,0.823529412
Gujarat,KHEDA,2010,Kharif,Bajra,38900,54200,1.393316195
Gujarat,KHEDA,2010,Kharif,Castor seed,9100,12900,1.417582418
Gujarat,KHEDA,2010,Kharif,Cotton(lint),21500,85300,3.96744186
Gujarat,KHEDA,2010,Kharif,Groundnut,700,1400,2
Gujarat,KHEDA,2010,Kharif,Jowar,3200,3400,1.0625
Gujarat,KHEDA,2010,Kharif,Maize,16700,30000,1.796407186
Gujarat,KHEDA,2010,Kharif,Moong(Green Gram),1000,500,0.5
Gujarat,KHEDA,2010,Kharif,Moth,300,200,0.666666667
Gujarat,KHEDA,2010,Kharif,Other Cereals & Millets,100,100,1
Gujarat,KHEDA,2010,Kharif,Other Kharif pulses,1200,600,0.5
Gujarat,KHEDA,2010,Kharif,other oilseeds,1200,400,0.333333333
Gujarat,KHEDA,2010,Kharif,Rice,87300,210500,2.411225659
Gujarat,KHEDA,2010,Kharif,Sesamum,1800,500,0.277777778
Gujarat,KHEDA,2010,Kharif,Soyabean,500,400,0.8
Gujarat,KHEDA,2010,Kharif,Tobacco,26100,43700,1.674329502
Gujarat,KHEDA,2010,Kharif,Urad,300,200,0.666666667
Gujarat,KHEDA,2010,Rabi,Gram,900,1300,1.444444444
Gujarat,KHEDA,2010,Rabi,Jowar,100,100,1
Gujarat,KHEDA,2010,Rabi,Maize,3600,6700,1.861111111
Gujarat,KHEDA,2010,Rabi,Other Cereals & Millets,1800,2200,1.222222222
Gujarat,KHEDA,2010,Rabi,Rapeseed &Mustard,1800,2900,1.611111111
Gujarat,KHEDA,2010,Rabi,Tobacco,11500,23800,2.069565217
Gujarat,KHEDA,2010,Rabi,Wheat,100400,271200,2.701195219
Gujarat,KHEDA,2010,Summer,Bajra,52000,124600,2.396153846
Gujarat,KHEDA,2010,Summer,Groundnut,200,300,1.5
Gujarat,KHEDA,2010,Summer,Maize,3900,8100,2.076923077
Gujarat,KHEDA,2010,Summer,Moong(Green Gram),600,400,0.666666667
Gujarat,KHEDA,2010,Summer,Rice,10100,25800,2.554455446
Gujarat,KHEDA,2010,Whole Year,Dry chillies,1200,1300,1.083333333
Gujarat,KHEDA,2010,Whole Year,Garlic,100,500,5
Gujarat,KHEDA,2010,Whole Year,Guar seed,1900,1100,0.578947368
Gujarat,KHEDA,2010,Whole Year,Onion,500,12300,24.6
Gujarat,KHEDA,2010,Whole Year,Potato,4700,92000,19.57446809
Gujarat,KHEDA,2011,Kharif,Arhar/Tur,2400,2900,1.208333333
Gujarat,KHEDA,2011,Kharif,Bajra,47700,61500,1.289308176
Gujarat,KHEDA,2011,Kharif,Castor seed,23000,33200,1.443478261
Gujarat,KHEDA,2011,Kharif,Cotton(lint),30400,73300,2.411184211
Gujarat,KHEDA,2011,Kharif,Groundnut,800,1200,1.5
Gujarat,KHEDA,2011,Kharif,Maize,14800,25500,1.722972973
Gujarat,KHEDA,2011,Kharif,Moong(Green Gram),800,300,0.375
Gujarat,KHEDA,2011,Kharif,Moth,200,200,1
Gujarat,KHEDA,2011,Kharif,Other Kharif pulses,400,200,0.5
Gujarat,KHEDA,2011,Kharif,Rice,97500,212700,2.181538462
Gujarat,KHEDA,2011,Kharif,Sesamum,2300,300,0.130434783
Gujarat,KHEDA,2011,Kharif,Tobacco,34000,61100,1.797058824
Gujarat,KHEDA,2011,Kharif,Urad,300,200,0.666666667
Gujarat,KHEDA,2011,Rabi,Gram,800,1000,1.25
Gujarat,KHEDA,2011,Rabi,Jowar,100,100,1
Gujarat,KHEDA,2011,Rabi,Maize,200,400,2
Gujarat,KHEDA,2011,Rabi,Onion,200,6200,31
Gujarat,KHEDA,2011,Rabi,Other Cereals & Millets,600,900,1.5
Gujarat,KHEDA,2011,Rabi,Rapeseed &Mustard,3500,5600,1.6
Gujarat,KHEDA,2011,Rabi,Tobacco,13700,23900,1.744525547
Gujarat,KHEDA,2011,Rabi,Wheat,76000,220600,2.902631579
Gujarat,KHEDA,2011,Summer,Bajra,52000,132700,2.551923077
Gujarat,KHEDA,2011,Summer,Groundnut,300,600,2
Gujarat,KHEDA,2011,Summer,Moong(Green Gram),600,300,0.5
Gujarat,KHEDA,2011,Summer,Rice,12000,33800,2.816666667
Gujarat,KHEDA,2011,Whole Year,Dry chillies,1200,1200,1
Gujarat,KHEDA,2011,Whole Year,Garlic,100,900,9
Gujarat,KHEDA,2011,Whole Year,Guar seed,900,500,0.555555556
Gujarat,KHEDA,2011,Whole Year,other oilseeds,1700,900,0.529411765
Gujarat,KHEDA,2011,Whole Year,Potato,4300,99100,23.04651163
Gujarat,KHEDA,2012,Kharif,Arhar/Tur,2000,2100,1.05
Gujarat,KHEDA,2012,Kharif,Bajra,44500,62100,1.395505618
Gujarat,KHEDA,2012,Kharif,Castor seed,17400,32000,1.83908046
Gujarat,KHEDA,2012,Kharif,Cotton(lint),34000,93800,2.758823529
Gujarat,KHEDA,2012,Kharif,Groundnut,300,100,0.333333333
Gujarat,KHEDA,2012,Kharif,Maize,8300,15100,1.819277108
Gujarat,KHEDA,2012,Kharif,Moong(Green Gram),800,300,0.375
Gujarat,KHEDA,2012,Kharif,Moth,100,100,1
Gujarat,KHEDA,2012,Kharif,Rice,81700,194500,2.380660955
Gujarat,KHEDA,2012,Kharif,Sesamum,1300,300,0.230769231
Gujarat,KHEDA,2012,Kharif,Tobacco,33500,56400,1.68358209
Gujarat,KHEDA,2012,Kharif,Urad,200,100,0.5
Gujarat,KHEDA,2012,Rabi,Gram,800,800,1
Gujarat,KHEDA,2012,Rabi,Jowar,1000,1100,1.1
Gujarat,KHEDA,2012,Rabi,Onion,100,1900,19
Gujarat,KHEDA,2012,Rabi,Other Cereals & Millets,2300,3200,1.391304348
Gujarat,KHEDA,2012,Rabi,Rapeseed &Mustard,2600,4400,1.692307692
Gujarat,KHEDA,2012,Rabi,Tobacco,8500,12000,1.411764706
Gujarat,KHEDA,2012,Rabi,Wheat,86000,223500,2.598837209
Gujarat,KHEDA,2012,Summer,Bajra,30300,76800,2.534653465
Gujarat,KHEDA,2012,Summer,Groundnut,300,700,2.333333333
Gujarat,KHEDA,2012,Summer,Maize,100,100,1
Gujarat,KHEDA,2012,Summer,Moong(Green Gram),800,400,0.5
Gujarat,KHEDA,2012,Summer,Rice,2600,8300,3.192307692
Gujarat,KHEDA,2012,Whole Year,Dry chillies,300,300,1
Gujarat,KHEDA,2012,Whole Year,Garlic,100,200,2
Gujarat,KHEDA,2012,Whole Year,Guar seed,8400,5100,0.607142857
Gujarat,KHEDA,2012,Whole Year,Potato,4100,81900,19.97560976
Gujarat,KHEDA,2012,Whole Year,Sugarcane,300,2200,7.333333333
Gujarat,MAHESANA,1997,Kharif,Arhar/Tur,1800,1400,0.777777778
Gujarat,MAHESANA,1997,Kharif,Bajra,68500,58500,0.854014599
Gujarat,MAHESANA,1997,Kharif,Dry chillies,3500,4200,1.2
Gujarat,MAHESANA,1997,Kharif,Groundnut,3600,4900,1.361111111
Gujarat,MAHESANA,1997,Kharif,Jowar,8700,6800,0.781609195
Gujarat,MAHESANA,1997,Kharif,Moong(Green Gram),21500,13400,0.623255814
Gujarat,MAHESANA,1997,Kharif,Moth,1300,700,0.538461538
Gujarat,MAHESANA,1997,Kharif,Other Kharif pulses,1700,1000,0.588235294
Gujarat,MAHESANA,1997,Kharif,Small millets,3200,2100,0.65625
Gujarat,MAHESANA,1997,Kharif,Urad,4300,3800,0.88372093
Gujarat,MAHESANA,1997,Rabi,Gram,4400,2500,0.568181818
Gujarat,MAHESANA,1997,Rabi,Jowar,400,300,0.75
Gujarat,MAHESANA,1997,Rabi,Other  Rabi pulses,300,300,1
Gujarat,MAHESANA,1997,Rabi,Rapeseed &Mustard,124500,122100,0.980722892
Gujarat,MAHESANA,1997,Rabi,Wheat,85900,230200,2.679860303
Gujarat,MAHESANA,1997,Summer,Bajra,51500,120200,2.333980583
Gujarat,MAHESANA,1997,Summer,Groundnut,1300,2100,1.615384615
Gujarat,MAHESANA,1997,Whole Year,Castor seed,95200,188600,1.981092437
Gujarat,MAHESANA,1997,Whole Year,Cotton(lint),99900,198400,1.985985986
Gujarat,MAHESANA,1997,Whole Year,Garlic,200,1100,5.5
Gujarat,MAHESANA,1997,Whole Year,Onion,300,10800,36
Gujarat,MAHESANA,1997,Whole Year,Potato,4600,86800,18.86956522
Gujarat,MAHESANA,1997,Whole Year,Pulses total,30600,203,0.006633987
Gujarat,MAHESANA,1997,Whole Year,Rice,13800,27300,1.97826087
Gujarat,MAHESANA,1997,Whole Year,Sesamum,5900,3900,0.661016949
Gujarat,MAHESANA,1998,Kharif,Arhar/Tur,1900,1800,0.947368421
Gujarat,MAHESANA,1998,Kharif,Bajra,75100,41000,0.545938748
Gujarat,MAHESANA,1998,Kharif,Castor seed,92800,177300,1.910560345
Gujarat,MAHESANA,1998,Kharif,Cotton(lint),107600,191200,1.776951673
Gujarat,MAHESANA,1998,Kharif,Groundnut,4900,6400,1.306122449
Gujarat,MAHESANA,1998,Kharif,Jowar,2200,1900,0.863636364
Gujarat,MAHESANA,1998,Kharif,Maize,200,300,1.5
Gujarat,MAHESANA,1998,Kharif,Moong(Green Gram),23100,8400,0.363636364
Gujarat,MAHESANA,1998,Kharif,Moth,1500,600,0.4
Gujarat,MAHESANA,1998,Kharif,Other Cereals & Millets,2900,1300,0.448275862
Gujarat,MAHESANA,1998,Kharif,Other Kharif pulses,500,200,0.4
Gujarat,MAHESANA,1998,Kharif,Rice,11400,22200,1.947368421
Gujarat,MAHESANA,1998,Kharif,Sesamum,6300,3000,0.476190476
Gujarat,MAHESANA,1998,Kharif,Small millets,2900,1300,0.448275862
Gujarat,MAHESANA,1998,Kharif,Urad,5600,2300,0.410714286
Gujarat,MAHESANA,1998,Rabi,Gram,4700,2500,0.531914894
Gujarat,MAHESANA,1998,Rabi,Jowar,400,400,1
Gujarat,MAHESANA,1998,Rabi,Other  Rabi pulses,300,100,0.333333333
Gujarat,MAHESANA,1998,Rabi,Rapeseed &Mustard,114800,160500,1.398083624
Gujarat,MAHESANA,1998,Rabi,Small millets,800,300,0.375
Gujarat,MAHESANA,1998,Rabi,Wheat,79300,210300,2.651954603
Gujarat,MAHESANA,1998,Summer,Bajra,55600,145800,2.622302158
Gujarat,MAHESANA,1998,Summer,Groundnut,1900,3100,1.631578947
Gujarat,MAHESANA,1998,Whole Year,Dry chillies,3400,2600,0.764705882
Gujarat,MAHESANA,1998,Whole Year,Garlic,100,500,5
Gujarat,MAHESANA,1998,Whole Year,Oilseeds total,220700,350300,1.587222474
Gujarat,MAHESANA,1998,Whole Year,Onion,500,14200,28.4
Gujarat,MAHESANA,1998,Whole Year,Potato,5200,97500,18.75
Gujarat,MAHESANA,1998,Whole Year,Pulses total,37600,15900,0.42287234
Gujarat,MAHESANA,1998,Whole Year,Tobacco,3500,8600,2.457142857
Gujarat,MAHESANA,1999,Kharif,Arhar/Tur,1900,1500,0.789473684
Gujarat,MAHESANA,1999,Kharif,Bajra,70000,37100,0.53
Gujarat,MAHESANA,1999,Kharif,Castor seed,78300,141800,1.810983397
Gujarat,MAHESANA,1999,Kharif,Cotton(lint),84000,105100,1.251190476
Gujarat,MAHESANA,1999,Kharif,Groundnut,5400,1900,0.351851852
Gujarat,MAHESANA,1999,Kharif,Jowar,1200,1600,1.333333333
Gujarat,MAHESANA,1999,Kharif,Maize,200,300,1.5
Gujarat,MAHESANA,1999,Kharif,Moong(Green Gram),19700,8000,0.406091371
Gujarat,MAHESANA,1999,Kharif,Moth,1400,0,0
Gujarat,MAHESANA,1999,Kharif,Other Cereals & Millets,2100,900,0.428571429
Gujarat,MAHESANA,1999,Kharif,Other Kharif pulses,1500,800,0.533333333
Gujarat,MAHESANA,1999,Kharif,Rice,11700,17200,1.47008547
Gujarat,MAHESANA,1999,Kharif,Sesamum,10200,8200,0.803921569
Gujarat,MAHESANA,1999,Kharif,Small millets,2100,900,0.428571429
Gujarat,MAHESANA,1999,Kharif,Urad,4900,300,0.06122449
Gujarat,MAHESANA,1999,Rabi,Gram,700,100,0.142857143
Gujarat,MAHESANA,1999,Rabi,Other  Rabi pulses,100,0,0
Gujarat,MAHESANA,1999,Rabi,Rapeseed &Mustard,108500,105900,0.976036866
Gujarat,MAHESANA,1999,Rabi,Small millets,400,100,0.25
Gujarat,MAHESANA,1999,Rabi,Wheat,65400,182800,2.795107034
Gujarat,MAHESANA,1999,Summer,Bajra,38400,92200,2.401041667
Gujarat,MAHESANA,1999,Summer,Groundnut,600,1000,1.666666667
Gujarat,MAHESANA,1999,Whole Year,Dry chillies,3000,2800,0.933333333
Gujarat,MAHESANA,1999,Whole Year,Onion,400,9100,22.75
Gujarat,MAHESANA,1999,Whole Year,Potato,7700,145200,18.85714286
Gujarat,MAHESANA,1999,Whole Year,Tobacco,2800,7900,2.821428571
Gujarat,MAHESANA,2000,Kharif,Arhar/Tur,2000,700,0.35
Gujarat,MAHESANA,2000,Kharif,Bajra,94700,59900,0.632523759
Gujarat,MAHESANA,2000,Kharif,Castor seed,82000,94800,1.156097561
Gujarat,MAHESANA,2000,Kharif,Cotton(lint),108900,104400,0.958677686
Gujarat,MAHESANA,2000,Kharif,Groundnut,5300,2000,0.377358491
Gujarat,MAHESANA,2000,Kharif,Jowar,9600,6000,0.625
Gujarat,MAHESANA,2000,Kharif,Maize,300,200,0.666666667
Gujarat,MAHESANA,2000,Kharif,Moong(Green Gram),19600,7400,0.37755102
Gujarat,MAHESANA,2000,Kharif,Moth,2600,200,0.076923077
Gujarat,MAHESANA,2000,Kharif,Other Cereals & Millets,1600,400,0.25
Gujarat,MAHESANA,2000,Kharif,Other Kharif pulses,1900,500,0.263157895
Gujarat,MAHESANA,2000,Kharif,Rice,10200,7100,0.696078431
Gujarat,MAHESANA,2000,Kharif,Sesamum,8400,3000,0.357142857
Gujarat,MAHESANA,2000,Kharif,Small millets,1600,400,0.25
Gujarat,MAHESANA,2000,Kharif,Urad,4300,900,0.209302326
Gujarat,MAHESANA,2000,Rabi,Gram,100,100,1
Gujarat,MAHESANA,2000,Rabi,Rapeseed &Mustard,68300,91200,1.335285505
Gujarat,MAHESANA,2000,Rabi,Small millets,100,0,0
Gujarat,MAHESANA,2000,Rabi,Wheat,58500,148300,2.535042735
Gujarat,MAHESANA,2000,Summer,Bajra,26600,50600,1.902255639
Gujarat,MAHESANA,2000,Summer,Groundnut,100,200,2
Gujarat,MAHESANA,2000,Whole Year,Dry chillies,2800,1100,0.392857143
Gujarat,MAHESANA,2000,Whole Year,Guar seed,19400,10100,0.520618557
Gujarat,MAHESANA,2000,Whole Year,Onion,300,6400,21.33333333
Gujarat,MAHESANA,2000,Whole Year,Potato,5600,102800,18.35714286
Gujarat,MAHESANA,2000,Whole Year,Tobacco,2100,3600,1.714285714
Gujarat,MAHESANA,2001,Kharif,Arhar/Tur,2800,1700,0.607142857
Gujarat,MAHESANA,2001,Kharif,Bajra,105000,135100,1.286666667
Gujarat,MAHESANA,2001,Kharif,Castor seed,75400,111700,1.481432361
Gujarat,MAHESANA,2001,Kharif,Cotton(lint),112700,146600,1.30079858
Gujarat,MAHESANA,2001,Kharif,Groundnut,4600,6400,1.391304348
Gujarat,MAHESANA,2001,Kharif,Jowar,600,500,0.833333333
Gujarat,MAHESANA,2001,Kharif,Maize,400,900,2.25
Gujarat,MAHESANA,2001,Kharif,Moong(Green Gram),29300,17400,0.593856655
Gujarat,MAHESANA,2001,Kharif,Moth,2100,600,0.285714286
Gujarat,MAHESANA,2001,Kharif,Other Kharif pulses,1800,800,0.444444444
Gujarat,MAHESANA,2001,Kharif,Rice,12600,23600,1.873015873
Gujarat,MAHESANA,2001,Kharif,Sesamum,14300,4400,0.307692308
Gujarat,MAHESANA,2001,Kharif,Small millets,2100,700,0.333333333
Gujarat,MAHESANA,2001,Kharif,Urad,13000,6700,0.515384615
Gujarat,MAHESANA,2001,Rabi,Gram,300,200,0.666666667
Gujarat,MAHESANA,2001,Rabi,Rapeseed &Mustard,63800,74100,1.161442006
Gujarat,MAHESANA,2001,Rabi,Wheat,70000,198200,2.831428571
Gujarat,MAHESANA,2001,Summer,Bajra,19500,37200,1.907692308
Gujarat,MAHESANA,2001,Summer,Groundnut,100,200,2
Gujarat,MAHESANA,2001,Whole Year,Dry chillies,2800,2200,0.785714286
Gujarat,MAHESANA,2001,Whole Year,Guar seed,20500,15200,0.741463415
Gujarat,MAHESANA,2001,Whole Year,Onion,500,14200,28.4
Gujarat,MAHESANA,2001,Whole Year,Potato,4500,82600,18.35555556
Gujarat,MAHESANA,2001,Whole Year,Tobacco,2900,4900,1.689655172
Gujarat,MAHESANA,2002,Kharif,Arhar/Tur,2400,1500,0.625
Gujarat,MAHESANA,2002,Kharif,Bajra,95700,83400,0.871473354
Gujarat,MAHESANA,2002,Kharif,Castor seed,46800,63900,1.365384615
Gujarat,MAHESANA,2002,Kharif,Cotton(lint),102000,122500,1.200980392
Gujarat,MAHESANA,2002,Kharif,Groundnut,4200,2100,0.5
Gujarat,MAHESANA,2002,Kharif,Jowar,2400,500,0.208333333
Gujarat,MAHESANA,2002,Kharif,Maize,600,1000,1.666666667
Gujarat,MAHESANA,2002,Kharif,Moong(Green Gram),30700,10400,0.338762215
Gujarat,MAHESANA,2002,Kharif,Moth,2300,400,0.173913043
Gujarat,MAHESANA,2002,Kharif,Other Kharif pulses,4200,2300,0.547619048
Gujarat,MAHESANA,2002,Kharif,Rice,3700,5300,1.432432432
Gujarat,MAHESANA,2002,Kharif,Sesamum,15800,8400,0.53164557
Gujarat,MAHESANA,2002,Kharif,Small millets,1200,500,0.416666667
Gujarat,MAHESANA,2002,Kharif,Urad,13600,2200,0.161764706
Gujarat,MAHESANA,2002,Rabi,Gram,200,100,0.5
Gujarat,MAHESANA,2002,Rabi,Rapeseed &Mustard,32600,40000,1.226993865
Gujarat,MAHESANA,2002,Rabi,Wheat,45500,107900,2.371428571
Gujarat,MAHESANA,2002,Summer,Bajra,14500,29000,2
Gujarat,MAHESANA,2002,Whole Year,Dry chillies,2300,1700,0.739130435
Gujarat,MAHESANA,2002,Whole Year,Garlic,100,300,3
Gujarat,MAHESANA,2002,Whole Year,Guar seed,15000,7500,0.5
Gujarat,MAHESANA,2002,Whole Year,Onion,200,5400,27
Gujarat,MAHESANA,2002,Whole Year,Potato,4800,78800,16.41666667
Gujarat,MAHESANA,2002,Whole Year,Tobacco,1600,2700,1.6875
Gujarat,MAHESANA,2003,Kharif,Arhar/Tur,500,400,0.8
Gujarat,MAHESANA,2003,Kharif,Bajra,58000,59500,1.025862069
Gujarat,MAHESANA,2003,Kharif,Castor seed,26800,46100,1.720149254
Gujarat,MAHESANA,2003,Kharif,Cotton(lint),36800,80400,2.184782609
Gujarat,MAHESANA,2003,Kharif,Groundnut,3600,8200,2.277777778
Gujarat,MAHESANA,2003,Kharif,Jowar,3900,3400,0.871794872
Gujarat,MAHESANA,2003,Kharif,Maize,400,700,1.75
Gujarat,MAHESANA,2003,Kharif,Moong(Green Gram),19000,9300,0.489473684
Gujarat,MAHESANA,2003,Kharif,Moth,800,400,0.5
Gujarat,MAHESANA,2003,Kharif,Other Kharif pulses,2600,1000,0.384615385
Gujarat,MAHESANA,2003,Kharif,Rice,7200,9700,1.347222222
Gujarat,MAHESANA,2003,Kharif,Sesamum,12900,6500,0.503875969
Gujarat,MAHESANA,2003,Kharif,Urad,5900,3800,0.644067797
Gujarat,MAHESANA,2003,Rabi,Gram,300,300,1
Gujarat,MAHESANA,2003,Rabi,Rapeseed &Mustard,32800,50300,1.533536585
Gujarat,MAHESANA,2003,Rabi,Wheat,36100,98300,2.72299169
Gujarat,MAHESANA,2003,Summer,Bajra,11900,26600,2.235294118
Gujarat,MAHESANA,2003,Summer,Groundnut,100,200,2
Gujarat,MAHESANA,2003,Whole Year,Dry chillies,200,100,0.5
Gujarat,MAHESANA,2003,Whole Year,Guar seed,12900,12700,0.984496124
Gujarat,MAHESANA,2003,Whole Year,Onion,100,2700,27
Gujarat,MAHESANA,2003,Whole Year,Potato,2800,61100,21.82142857
Gujarat,MAHESANA,2003,Whole Year,Tobacco,700,1300,1.857142857
Gujarat,MAHESANA,2004,Kharif,Arhar/Tur,800,700,0.875
Gujarat,MAHESANA,2004,Kharif,Bajra,47200,56100,1.188559322
Gujarat,MAHESANA,2004,Kharif,Castor seed,34800,59900,1.721264368
Gujarat,MAHESANA,2004,Kharif,Cotton(lint),46700,112200,2.402569593
Gujarat,MAHESANA,2004,Kharif,Groundnut,2700,2400,0.888888889
Gujarat,MAHESANA,2004,Kharif,Jowar,200,200,1
Gujarat,MAHESANA,2004,Kharif,Maize,100,100,1
Gujarat,MAHESANA,2004,Kharif,Moong(Green Gram),16300,8200,0.503067485
Gujarat,MAHESANA,2004,Kharif,Moth,500,200,0.4
Gujarat,MAHESANA,2004,Kharif,Other Cereals & Millets,200,100,0.5
Gujarat,MAHESANA,2004,Kharif,Other Kharif pulses,1100,600,0.545454545
Gujarat,MAHESANA,2004,Kharif,Rice,4500,10900,2.422222222
Gujarat,MAHESANA,2004,Kharif,Sesamum,12900,5100,0.395348837
Gujarat,MAHESANA,2004,Kharif,Small millets,200,100,0.5
Gujarat,MAHESANA,2004,Kharif,Urad,2400,800,0.333333333
Gujarat,MAHESANA,2004,Rabi,Gram,200,100,0.5
Gujarat,MAHESANA,2004,Rabi,Rapeseed &Mustard,36600,50200,1.371584699
Gujarat,MAHESANA,2004,Rabi,Wheat,31300,83400,2.664536741
Gujarat,MAHESANA,2004,Summer,Bajra,7700,17700,2.298701299
Gujarat,MAHESANA,2004,Summer,Groundnut,100,100,1
Gujarat,MAHESANA,2004,Whole Year,Dry chillies,300,400,1.333333333
Gujarat,MAHESANA,2004,Whole Year,Guar seed,11800,10900,0.923728814
Gujarat,MAHESANA,2004,Whole Year,Onion,100,2200,22
Gujarat,MAHESANA,2004,Whole Year,Potato,2300,53500,23.26086957
Gujarat,MAHESANA,2004,Whole Year,Tobacco,900,1300,1.444444444
Gujarat,MAHESANA,2005,Kharif,Arhar/Tur,900,1000,1.111111111
Gujarat,MAHESANA,2005,Kharif,Bajra,56500,46300,0.819469027
Gujarat,MAHESANA,2005,Kharif,Castor seed,34100,64200,1.882697947
Gujarat,MAHESANA,2005,Kharif,Cotton(lint),46300,127100,2.745140389
Gujarat,MAHESANA,2005,Kharif,Groundnut,3900,6800,1.743589744
Gujarat,MAHESANA,2005,Kharif,Jowar,800,900,1.125
Gujarat,MAHESANA,2005,Kharif,Maize,1000,1500,1.5
Gujarat,MAHESANA,2005,Kharif,Moong(Green Gram),14100,8400,0.595744681
Gujarat,MAHESANA,2005,Kharif,Moth,2200,1100,0.5
Gujarat,MAHESANA,2005,Kharif,Other Cereals & Millets,1400,500,0.357142857
Gujarat,MAHESANA,2005,Kharif,Other Kharif pulses,2800,1300,0.464285714
Gujarat,MAHESANA,2005,Kharif,Rice,6000,13600,2.266666667
Gujarat,MAHESANA,2005,Kharif,Sesamum,12300,4400,0.357723577
Gujarat,MAHESANA,2005,Kharif,Urad,3600,2300,0.638888889
Gujarat,MAHESANA,2005,Rabi,Gram,300,300,1
Gujarat,MAHESANA,2005,Rabi,Jowar,200,200,1
Gujarat,MAHESANA,2005,Rabi,Other Cereals & Millets,200,200,1
Gujarat,MAHESANA,2005,Rabi,Rapeseed &Mustard,45700,71000,1.553610503
Gujarat,MAHESANA,2005,Rabi,Wheat,42900,125700,2.93006993
Gujarat,MAHESANA,2005,Summer,Bajra,9400,21600,2.29787234
Gujarat,MAHESANA,2005,Summer,Groundnut,300,400,1.333333333
Gujarat,MAHESANA,2005,Whole Year,Dry chillies,1400,1200,0.857142857
Gujarat,MAHESANA,2005,Whole Year,Garlic,100,300,3
Gujarat,MAHESANA,2005,Whole Year,Guar seed,11100,8300,0.747747748
Gujarat,MAHESANA,2005,Whole Year,Onion,200,4900,24.5
Gujarat,MAHESANA,2005,Whole Year,Potato,2700,71200,26.37037037
Gujarat,MAHESANA,2005,Whole Year,Tobacco,300,500,1.666666667
Gujarat,MAHESANA,2006,Kharif,Arhar/Tur,900,800,0.888888889
Gujarat,MAHESANA,2006,Kharif,Bajra,56200,21300,0.379003559
Gujarat,MAHESANA,2006,Kharif,Castor seed,35300,68500,1.940509915
Gujarat,MAHESANA,2006,Kharif,Cotton(lint),47700,123400,2.587002096
Gujarat,MAHESANA,2006,Kharif,Groundnut,4600,4400,0.956521739
Gujarat,MAHESANA,2006,Kharif,Jowar,15800,17600,1.113924051
Gujarat,MAHESANA,2006,Kharif,Maize,100,100,1
Gujarat,MAHESANA,2006,Kharif,Moong(Green Gram),16400,3200,0.195121951
Gujarat,MAHESANA,2006,Kharif,Moth,1800,500,0.277777778
Gujarat,MAHESANA,2006,Kharif,Other Cereals & Millets,600,300,0.5
Gujarat,MAHESANA,2006,Kharif,Other Kharif pulses,3300,1900,0.575757576
Gujarat,MAHESANA,2006,Kharif,Rice,8100,16700,2.061728395
Gujarat,MAHESANA,2006,Kharif,Sesamum,14800,2300,0.155405405
Gujarat,MAHESANA,2006,Kharif,Urad,5200,1500,0.288461538
Gujarat,MAHESANA,2006,Rabi,Gram,500,600,1.2
Gujarat,MAHESANA,2006,Rabi,Other Cereals & Millets,300,400,1.333333333
Gujarat,MAHESANA,2006,Rabi,Rapeseed &Mustard,43800,63100,1.440639269
Gujarat,MAHESANA,2006,Rabi,Wheat,54900,156700,2.85428051
Gujarat,MAHESANA,2006,Summer,Bajra,15700,40200,2.560509554
Gujarat,MAHESANA,2006,Summer,Groundnut,300,500,1.666666667
Gujarat,MAHESANA,2006,Whole Year,Dry chillies,400,400,1
Gujarat,MAHESANA,2006,Whole Year,Garlic,100,400,4
Gujarat,MAHESANA,2006,Whole Year,Guar seed,11700,6000,0.512820513
Gujarat,MAHESANA,2006,Whole Year,Onion,100,2900,29
Gujarat,MAHESANA,2006,Whole Year,Potato,4100,92200,22.48780488
Gujarat,MAHESANA,2006,Whole Year,Tobacco,200,300,1.5
Gujarat,MAHESANA,2007,Kharif,Arhar/Tur,1400,1500,1.071428571
Gujarat,MAHESANA,2007,Kharif,Bajra,52700,62900,1.193548387
Gujarat,MAHESANA,2007,Kharif,Castor seed,42500,91900,2.162352941
Gujarat,MAHESANA,2007,Kharif,Cotton(lint),43400,120100,2.767281106
Gujarat,MAHESANA,2007,Kharif,Groundnut,3500,6200,1.771428571
Gujarat,MAHESANA,2007,Kharif,Maize,100,100,1
Gujarat,MAHESANA,2007,Kharif,Moong(Green Gram),18600,10300,0.553763441
Gujarat,MAHESANA,2007,Kharif,Moth,2300,1400,0.608695652
Gujarat,MAHESANA,2007,Kharif,Other Cereals & Millets,600,300,0.5
Gujarat,MAHESANA,2007,Kharif,Other Kharif pulses,2700,1600,0.592592593
Gujarat,MAHESANA,2007,Kharif,Rice,8300,19100,2.301204819
Gujarat,MAHESANA,2007,Kharif,Sesamum,14000,5600,0.4
Gujarat,MAHESANA,2007,Kharif,Urad,10300,6900,0.669902913
Gujarat,MAHESANA,2007,Rabi,Gram,500,500,1
Gujarat,MAHESANA,2007,Rabi,Other Cereals & Millets,1100,1500,1.363636364
Gujarat,MAHESANA,2007,Rabi,Rapeseed &Mustard,49400,84100,1.70242915
Gujarat,MAHESANA,2007,Rabi,Wheat,64700,203700,3.148377125
Gujarat,MAHESANA,2007,Summer,Bajra,13800,35000,2.536231884
Gujarat,MAHESANA,2007,Summer,Groundnut,200,300,1.5
Gujarat,MAHESANA,2007,Whole Year,Dry chillies,500,500,1
Gujarat,MAHESANA,2007,Whole Year,Guar seed,9700,7400,0.762886598
Gujarat,MAHESANA,2007,Whole Year,Onion,200,4700,23.5
Gujarat,MAHESANA,2007,Whole Year,Potato,5400,142900,26.46296296
Gujarat,MAHESANA,2007,Whole Year,Tobacco,500,1000,2
Gujarat,MAHESANA,2008,Kharif,Arhar/Tur,500,500,1
Gujarat,MAHESANA,2008,Kharif,Bajra,45200,57300,1.267699115
Gujarat,MAHESANA,2008,Kharif,Castor seed,58200,116200,1.996563574
Gujarat,MAHESANA,2008,Kharif,Cotton(lint),41300,144200,3.491525424
Gujarat,MAHESANA,2008,Kharif,Groundnut,5000,6800,1.36
Gujarat,MAHESANA,2008,Kharif,Jowar,1800,1800,1
Gujarat,MAHESANA,2008,Kharif,Maize,1100,1600,1.454545455
Gujarat,MAHESANA,2008,Kharif,Moong(Green Gram),14400,7500,0.520833333
Gujarat,MAHESANA,2008,Kharif,Moth,2000,400,0.2
Gujarat,MAHESANA,2008,Kharif,Other Cereals & Millets,500,200,0.4
Gujarat,MAHESANA,2008,Kharif,Other Kharif pulses,2500,1500,0.6
Gujarat,MAHESANA,2008,Kharif,Rice,5900,12100,2.050847458
Gujarat,MAHESANA,2008,Kharif,Sesamum,10800,4900,0.453703704
Gujarat,MAHESANA,2008,Kharif,Tobacco,1700,2400,1.411764706
Gujarat,MAHESANA,2008,Kharif,Urad,8900,6700,0.752808989
Gujarat,MAHESANA,2008,Rabi,Gram,500,500,1
Gujarat,MAHESANA,2008,Rabi,Onion,200,5900,29.5
Gujarat,MAHESANA,2008,Rabi,Other  Rabi pulses,100,100,1
Gujarat,MAHESANA,2008,Rabi,Other Cereals & Millets,800,900,1.125
Gujarat,MAHESANA,2008,Rabi,Rapeseed &Mustard,52000,54500,1.048076923
Gujarat,MAHESANA,2008,Rabi,Wheat,63000,145600,2.311111111
Gujarat,MAHESANA,2008,Summer,Bajra,14200,37400,2.633802817
Gujarat,MAHESANA,2008,Summer,Groundnut,200,300,1.5
Gujarat,MAHESANA,2008,Whole Year,Dry chillies,500,500,1
Gujarat,MAHESANA,2008,Whole Year,Garlic,100,300,3
Gujarat,MAHESANA,2008,Whole Year,Guar seed,7500,6100,0.813333333
Gujarat,MAHESANA,2008,Whole Year,Potato,4800,95100,19.8125
Gujarat,MAHESANA,2009,Kharif,Arhar/Tur,100,100,1
Gujarat,MAHESANA,2009,Kharif,Bajra,30800,36000,1.168831169
Gujarat,MAHESANA,2009,Kharif,Castor seed,45700,96000,2.100656455
Gujarat,MAHESANA,2009,Kharif,Cotton(lint),56300,211900,3.763765542
Gujarat,MAHESANA,2009,Kharif,Groundnut,3100,2900,0.935483871
Gujarat,MAHESANA,2009,Kharif,Jowar,2200,2200,1
Gujarat,MAHESANA,2009,Kharif,Maize,600,600,1
Gujarat,MAHESANA,2009,Kharif,Moong(Green Gram),13800,5700,0.413043478
Gujarat,MAHESANA,2009,Kharif,Moth,1200,400,0.333333333
Gujarat,MAHESANA,2009,Kharif,Other Cereals & Millets,1400,800,0.571428571
Gujarat,MAHESANA,2009,Kharif,Other Kharif pulses,2500,1900,0.76
Gujarat,MAHESANA,2009,Kharif,Rice,6200,15700,2.532258065
Gujarat,MAHESANA,2009,Kharif,Sesamum,9300,3900,0.419354839
Gujarat,MAHESANA,2009,Kharif,Tobacco,100,200,2
Gujarat,MAHESANA,2009,Kharif,Urad,9300,3300,0.35483871
Gujarat,MAHESANA,2009,Rabi,Gram,200,200,1
Gujarat,MAHESANA,2009,Rabi,Onion,200,4200,21
Gujarat,MAHESANA,2009,Rabi,Other Cereals & Millets,1000,1100,1.1
Gujarat,MAHESANA,2009,Rabi,Rapeseed &Mustard,38500,59400,1.542857143
Gujarat,MAHESANA,2009,Rabi,Tobacco,100,200,2
Gujarat,MAHESANA,2009,Rabi,Wheat,73200,213200,2.912568306
Gujarat,MAHESANA,2009,Summer,Bajra,20400,47100,2.308823529
Gujarat,MAHESANA,2009,Summer,Groundnut,200,300,1.5
Gujarat,MAHESANA,2009,Whole Year,Dry chillies,600,600,1
Gujarat,MAHESANA,2009,Whole Year,Guar seed,6500,1800,0.276923077
Gujarat,MAHESANA,2009,Whole Year,Potato,4000,85100,21.275
Gujarat,MAHESANA,2010,Kharif,Arhar/Tur,200,200,1
Gujarat,MAHESANA,2010,Kharif,Bajra,36700,36200,0.986376022
Gujarat,MAHESANA,2010,Kharif,Castor seed,60400,119100,1.971854305
Gujarat,MAHESANA,2010,Kharif,Cotton(lint),57200,224300,3.921328671
Gujarat,MAHESANA,2010,Kharif,Groundnut,3400,6400,1.882352941
Gujarat,MAHESANA,2010,Kharif,Jowar,2700,2900,1.074074074
Gujarat,MAHESANA,2010,Kharif,Maize,600,1000,1.666666667
Gujarat,MAHESANA,2010,Kharif,Moong(Green Gram),12500,5900,0.472
Gujarat,MAHESANA,2010,Kharif,Moth,1800,1100,0.611111111
Gujarat,MAHESANA,2010,Kharif,Other Cereals & Millets,600,400,0.666666667
Gujarat,MAHESANA,2010,Kharif,Other Kharif pulses,4000,2000,0.5
Gujarat,MAHESANA,2010,Kharif,other oilseeds,700,300,0.428571429
Gujarat,MAHESANA,2010,Kharif,Rice,8200,17400,2.12195122
Gujarat,MAHESANA,2010,Kharif,Sesamum,8200,2900,0.353658537
Gujarat,MAHESANA,2010,Kharif,Soyabean,100,100,1
Gujarat,MAHESANA,2010,Kharif,Tobacco,500,900,1.8
Gujarat,MAHESANA,2010,Kharif,Urad,7600,5700,0.75
Gujarat,MAHESANA,2010,Rabi,Gram,300,500,1.666666667
Gujarat,MAHESANA,2010,Rabi,Maize,1500,3000,2
Gujarat,MAHESANA,2010,Rabi,Other  Rabi pulses,300,200,0.666666667
Gujarat,MAHESANA,2010,Rabi,Other Cereals & Millets,800,900,1.125
Gujarat,MAHESANA,2010,Rabi,Rapeseed &Mustard,34800,55000,1.58045977
Gujarat,MAHESANA,2010,Rabi,Tobacco,4100,8000,1.951219512
Gujarat,MAHESANA,2010,Rabi,Wheat,75300,229900,3.05312085
Gujarat,MAHESANA,2010,Summer,Bajra,34700,89700,2.585014409
Gujarat,MAHESANA,2010,Summer,Groundnut,400,600,1.5
Gujarat,MAHESANA,2010,Summer,Moong(Green Gram),100,100,1
Gujarat,MAHESANA,2010,Whole Year,Dry chillies,100,100,1
Gujarat,MAHESANA,2010,Whole Year,Garlic,100,300,3
Gujarat,MAHESANA,2010,Whole Year,Guar seed,6000,3500,0.583333333
Gujarat,MAHESANA,2010,Whole Year,Onion,200,6100,30.5
Gujarat,MAHESANA,2010,Whole Year,Potato,5100,122300,23.98039216
Gujarat,MAHESANA,2011,Kharif,Arhar/Tur,100,100,1
Gujarat,MAHESANA,2011,Kharif,Bajra,26900,24500,0.910780669
Gujarat,MAHESANA,2011,Kharif,Castor seed,92000,195000,2.119565217
Gujarat,MAHESANA,2011,Kharif,Cotton(lint),65200,290700,4.458588957
Gujarat,MAHESANA,2011,Kharif,Groundnut,3000,4800,1.6
Gujarat,MAHESANA,2011,Kharif,Jowar,3500,3500,1
Gujarat,MAHESANA,2011,Kharif,Maize,500,600,1.2
Gujarat,MAHESANA,2011,Kharif,Moong(Green Gram),9200,4200,0.456521739
Gujarat,MAHESANA,2011,Kharif,Moth,1200,800,0.666666667
Gujarat,MAHESANA,2011,Kharif,Other Cereals & Millets,1700,900,0.529411765
Gujarat,MAHESANA,2011,Kharif,Other Kharif pulses,2300,1000,0.434782609
Gujarat,MAHESANA,2011,Kharif,Rice,5400,9700,1.796296296
Gujarat,MAHESANA,2011,Kharif,Sesamum,6900,2400,0.347826087
Gujarat,MAHESANA,2011,Kharif,Tobacco,100,100,1
Gujarat,MAHESANA,2011,Kharif,Urad,7500,4500,0.6
Gujarat,MAHESANA,2011,Rabi,Gram,200,300,1.5
Gujarat,MAHESANA,2011,Rabi,Onion,200,5000,25
Gujarat,MAHESANA,2011,Rabi,Other  Rabi pulses,100,100,1
Gujarat,MAHESANA,2011,Rabi,Other Cereals & Millets,2200,2400,1.090909091
Gujarat,MAHESANA,2011,Rabi,Rapeseed &Mustard,24800,38500,1.552419355
Gujarat,MAHESANA,2011,Rabi,Tobacco,8300,8200,0.987951807
Gujarat,MAHESANA,2011,Rabi,Wheat,73100,230400,3.151846785
Gujarat,MAHESANA,2011,Summer,Bajra,69400,172800,2.489913545
Gujarat,MAHESANA,2011,Summer,Groundnut,1000,1900,1.9
Gujarat,MAHESANA,2011,Summer,Moong(Green Gram),500,300,0.6
Gujarat,MAHESANA,2011,Whole Year,Dry chillies,400,400,1
Gujarat,MAHESANA,2011,Whole Year,Garlic,100,400,4
Gujarat,MAHESANA,2011,Whole Year,Guar seed,6500,3700,0.569230769
Gujarat,MAHESANA,2011,Whole Year,other oilseeds,27500,20000,0.727272727
Gujarat,MAHESANA,2011,Whole Year,Potato,8700,222100,25.52873563
Gujarat,MAHESANA,2012,Kharif,Arhar/Tur,100,100,1
Gujarat,MAHESANA,2012,Kharif,Bajra,18600,21400,1.150537634
Gujarat,MAHESANA,2012,Kharif,Castor seed,70000,157700,2.252857143
Gujarat,MAHESANA,2012,Kharif,Cotton(lint),58400,241000,4.126712329
Gujarat,MAHESANA,2012,Kharif,Groundnut,4500,2200,0.488888889
Gujarat,MAHESANA,2012,Kharif,Jowar,500,700,1.4
Gujarat,MAHESANA,2012,Kharif,Maize,400,600,1.5
Gujarat,MAHESANA,2012,Kharif,Moong(Green Gram),4900,2100,0.428571429
Gujarat,MAHESANA,2012,Kharif,Moth,600,300,0.5
Gujarat,MAHESANA,2012,Kharif,Other Cereals & Millets,600,300,0.5
Gujarat,MAHESANA,2012,Kharif,Other Kharif pulses,1300,600,0.461538462
Gujarat,MAHESANA,2012,Kharif,Rice,1400,3200,2.285714286
Gujarat,MAHESANA,2012,Kharif,Sesamum,3800,1300,0.342105263
Gujarat,MAHESANA,2012,Kharif,Tobacco,400,600,1.5
Gujarat,MAHESANA,2012,Kharif,Urad,5300,3200,0.603773585
Gujarat,MAHESANA,2012,Rabi,Gram,400,400,1
Gujarat,MAHESANA,2012,Rabi,Onion,100,2600,26
Gujarat,MAHESANA,2012,Rabi,Other Cereals & Millets,1200,1400,1.166666667
Gujarat,MAHESANA,2012,Rabi,Rapeseed &Mustard,36200,53500,1.477900552
Gujarat,MAHESANA,2012,Rabi,Tobacco,11600,15600,1.344827586
Gujarat,MAHESANA,2012,Rabi,Wheat,83800,249300,2.974940334
Gujarat,MAHESANA,2012,Summer,Bajra,19000,52900,2.784210526
Gujarat,MAHESANA,2012,Summer,Groundnut,300,800,2.666666667
Gujarat,MAHESANA,2012,Summer,Moong(Green Gram),100,100,1
Gujarat,MAHESANA,2012,Whole Year,Dry chillies,100,100,1
Gujarat,MAHESANA,2012,Whole Year,Guar seed,26000,15600,0.6
Gujarat,MAHESANA,2012,Whole Year,Potato,6800,175200,25.76470588
Gujarat,NARMADA,2003,Kharif,Arhar/Tur,23400,22600,0.965811966
Gujarat,NARMADA,2003,Kharif,Bajra,700,1000,1.428571429
Gujarat,NARMADA,2003,Kharif,Castor seed,100,200,2
Gujarat,NARMADA,2003,Kharif,Cotton(lint),35200,62100,1.764204545
Gujarat,NARMADA,2003,Kharif,Groundnut,200,400,2
Gujarat,NARMADA,2003,Kharif,Jowar,9200,13000,1.413043478
Gujarat,NARMADA,2003,Kharif,Maize,9800,22900,2.336734694
Gujarat,NARMADA,2003,Kharif,Moong(Green Gram),1000,600,0.6
Gujarat,NARMADA,2003,Kharif,Moth,300,200,0.666666667
Gujarat,NARMADA,2003,Kharif,Rice,13900,10800,0.776978417
Gujarat,NARMADA,2003,Kharif,Sesamum,700,400,0.571428571
Gujarat,NARMADA,2003,Kharif,Urad,1200,600,0.5
Gujarat,NARMADA,2003,Rabi,Gram,900,800,0.888888889
Gujarat,NARMADA,2003,Rabi,Jowar,5100,4000,0.784313725
Gujarat,NARMADA,2003,Rabi,Wheat,1600,4600,2.875
Gujarat,NARMADA,2003,Summer,Bajra,200,500,2.5
Gujarat,NARMADA,2003,Summer,Groundnut,1300,1500,1.153846154
Gujarat,NARMADA,2003,Whole Year,Banana,4000,264600,66.15
Gujarat,NARMADA,2003,Whole Year,Sugarcane,5600,402000,71.78571429
Gujarat,NARMADA,2004,Kharif,Arhar/Tur,16200,16000,0.987654321
Gujarat,NARMADA,2004,Kharif,Bajra,300,300,1
Gujarat,NARMADA,2004,Kharif,Castor seed,700,1300,1.857142857
Gujarat,NARMADA,2004,Kharif,Cotton(lint),43500,151000,3.471264368
Gujarat,NARMADA,2004,Kharif,Groundnut,200,200,1
Gujarat,NARMADA,2004,Kharif,Jowar,7100,10800,1.521126761
Gujarat,NARMADA,2004,Kharif,Maize,7000,6400,0.914285714
Gujarat,NARMADA,2004,Kharif,Moong(Green Gram),500,200,0.4
Gujarat,NARMADA,2004,Kharif,Moth,200,100,0.5
Gujarat,NARMADA,2004,Kharif,Rice,12200,11400,0.93442623
Gujarat,NARMADA,2004,Kharif,Sesamum,400,100,0.25
Gujarat,NARMADA,2004,Kharif,Urad,1100,700,0.636363636
Gujarat,NARMADA,2004,Rabi,Gram,1300,800,0.615384615
Gujarat,NARMADA,2004,Rabi,Jowar,1800,1400,0.777777778
Gujarat,NARMADA,2004,Rabi,Wheat,1800,4900,2.722222222
Gujarat,NARMADA,2004,Summer,Bajra,200,300,1.5
Gujarat,NARMADA,2004,Summer,Groundnut,1100,1900,1.727272727
Gujarat,NARMADA,2004,Whole Year,Banana,3400,238000,70
Gujarat,NARMADA,2004,Whole Year,Sugarcane,5900,434000,73.55932203
Gujarat,NARMADA,2005,Kharif,Arhar/Tur,14700,14600,0.993197279
Gujarat,NARMADA,2005,Kharif,Bajra,200,200,1
Gujarat,NARMADA,2005,Kharif,Castor seed,1300,2400,1.846153846
Gujarat,NARMADA,2005,Kharif,Cotton(lint),41000,119100,2.904878049
Gujarat,NARMADA,2005,Kharif,Groundnut,300,500,1.666666667
Gujarat,NARMADA,2005,Kharif,Jowar,10000,15100,1.51
Gujarat,NARMADA,2005,Kharif,Maize,7400,11700,1.581081081
Gujarat,NARMADA,2005,Kharif,Moong(Green Gram),500,300,0.6
Gujarat,NARMADA,2005,Kharif,Other Kharif pulses,200,100,0.5
Gujarat,NARMADA,2005,Kharif,Rice,10800,8600,0.796296296
Gujarat,NARMADA,2005,Kharif,Sesamum,200,100,0.5
Gujarat,NARMADA,2005,Kharif,Urad,900,700,0.777777778
Gujarat,NARMADA,2005,Rabi,Gram,900,1000,1.111111111
Gujarat,NARMADA,2005,Rabi,Jowar,2800,2300,0.821428571
Gujarat,NARMADA,2005,Rabi,Other  Rabi pulses,100,100,1
Gujarat,NARMADA,2005,Rabi,Other Cereals & Millets,300,300,1
Gujarat,NARMADA,2005,Rabi,Wheat,1900,4100,2.157894737
Gujarat,NARMADA,2005,Summer,Bajra,300,600,2
Gujarat,NARMADA,2005,Summer,Groundnut,1500,2000,1.333333333
Gujarat,NARMADA,2005,Whole Year,Banana,4400,308600,70.13636364
Gujarat,NARMADA,2005,Whole Year,Sugarcane,3800,281000,73.94736842
Gujarat,NARMADA,2006,Kharif,Arhar/Tur,18000,11600,0.644444444
Gujarat,NARMADA,2006,Kharif,Bajra,100,100,1
Gujarat,NARMADA,2006,Kharif,Castor seed,900,1700,1.888888889
Gujarat,NARMADA,2006,Kharif,Cotton(lint),43400,96600,2.225806452
Gujarat,NARMADA,2006,Kharif,Groundnut,500,500,1
Gujarat,NARMADA,2006,Kharif,Jowar,4000,4600,1.15
Gujarat,NARMADA,2006,Kharif,Maize,5700,5700,1
Gujarat,NARMADA,2006,Kharif,Moong(Green Gram),300,100,0.333333333
Gujarat,NARMADA,2006,Kharif,Rice,13000,9700,0.746153846
Gujarat,NARMADA,2006,Kharif,Sesamum,200,100,0.5
Gujarat,NARMADA,2006,Kharif,Urad,700,300,0.428571429
Gujarat,NARMADA,2006,Rabi,Gram,1300,1500,1.153846154
Gujarat,NARMADA,2006,Rabi,Jowar,1800,1500,0.833333333
Gujarat,NARMADA,2006,Rabi,Other Cereals & Millets,200,200,1
Gujarat,NARMADA,2006,Rabi,Rapeseed &Mustard,100,100,1
Gujarat,NARMADA,2006,Rabi,Wheat,1900,5500,2.894736842
Gujarat,NARMADA,2006,Summer,Bajra,1200,2700,2.25
Gujarat,NARMADA,2006,Summer,Groundnut,2600,4900,1.884615385
Gujarat,NARMADA,2006,Whole Year,Banana,4000,283300,70.825
Gujarat,NARMADA,2006,Whole Year,Sugarcane,4300,309000,71.86046512
Gujarat,NARMADA,2007,Kharif,Arhar/Tur,19200,21200,1.104166667
Gujarat,NARMADA,2007,Kharif,Bajra,200,300,1.5
Gujarat,NARMADA,2007,Kharif,Castor seed,1000,2000,2
Gujarat,NARMADA,2007,Kharif,Cotton(lint),44500,85800,1.928089888
Gujarat,NARMADA,2007,Kharif,Groundnut,200,400,2
Gujarat,NARMADA,2007,Kharif,Jowar,3600,6300,1.75
Gujarat,NARMADA,2007,Kharif,Maize,5700,8500,1.49122807
Gujarat,NARMADA,2007,Kharif,Moong(Green Gram),600,300,0.5
Gujarat,NARMADA,2007,Kharif,Moth,100,100,1
Gujarat,NARMADA,2007,Kharif,Rice,13600,11600,0.852941176
Gujarat,NARMADA,2007,Kharif,Sesamum,100,100,1
Gujarat,NARMADA,2007,Kharif,Urad,500,400,0.8
Gujarat,NARMADA,2007,Rabi,Gram,1000,1000,1
Gujarat,NARMADA,2007,Rabi,Jowar,2600,2800,1.076923077
Gujarat,NARMADA,2007,Rabi,Other Cereals & Millets,200,200,1
Gujarat,NARMADA,2007,Rabi,Wheat,2100,6700,3.19047619
Gujarat,NARMADA,2007,Summer,Bajra,1100,2600,2.363636364
Gujarat,NARMADA,2007,Summer,Groundnut,2700,3400,1.259259259
Gujarat,NARMADA,2007,Whole Year,Banana,4600,292900,63.67391304
Gujarat,NARMADA,2007,Whole Year,Sugarcane,4500,318000,70.66666667
Gujarat,NARMADA,2008,Kharif,Arhar/Tur,21200,20900,0.985849057
Gujarat,NARMADA,2008,Kharif,Bajra,100,100,1
Gujarat,NARMADA,2008,Kharif,Castor seed,800,1500,1.875
Gujarat,NARMADA,2008,Kharif,Cotton(lint),40900,90400,2.210268949
Gujarat,NARMADA,2008,Kharif,Groundnut,300,400,1.333333333
Gujarat,NARMADA,2008,Kharif,Jowar,6300,13100,2.079365079
Gujarat,NARMADA,2008,Kharif,Maize,5600,8100,1.446428571
Gujarat,NARMADA,2008,Kharif,Moong(Green Gram),600,200,0.333333333
Gujarat,NARMADA,2008,Kharif,Moth,200,100,0.5
Gujarat,NARMADA,2008,Kharif,Rice,15200,13700,0.901315789
Gujarat,NARMADA,2008,Kharif,Sesamum,400,100,0.25
Gujarat,NARMADA,2008,Kharif,Urad,700,400,0.571428571
Gujarat,NARMADA,2008,Rabi,Gram,800,800,1
Gujarat,NARMADA,2008,Rabi,Jowar,3400,3000,0.882352941
Gujarat,NARMADA,2008,Rabi,Wheat,1900,4800,2.526315789
Gujarat,NARMADA,2008,Summer,Bajra,900,2300,2.555555556
Gujarat,NARMADA,2008,Summer,Groundnut,2600,4900,1.884615385
Gujarat,NARMADA,2008,Whole Year,Banana,4300,301100,70.02325581
Gujarat,NARMADA,2008,Whole Year,Sugarcane,4700,320000,68.08510638
Gujarat,NARMADA,2009,Kharif,Arhar/Tur,18300,19500,1.06557377
Gujarat,NARMADA,2009,Kharif,Bajra,100,100,1
Gujarat,NARMADA,2009,Kharif,Castor seed,500,1100,2.2
Gujarat,NARMADA,2009,Kharif,Cotton(lint),44700,105800,2.36689038
Gujarat,NARMADA,2009,Kharif,Groundnut,200,200,1
Gujarat,NARMADA,2009,Kharif,Jowar,6200,8200,1.322580645
Gujarat,NARMADA,2009,Kharif,Maize,5100,4900,0.960784314
Gujarat,NARMADA,2009,Kharif,Moong(Green Gram),700,300,0.428571429
Gujarat,NARMADA,2009,Kharif,Rice,15000,8200,0.546666667
Gujarat,NARMADA,2009,Kharif,Sesamum,100,100,1
Gujarat,NARMADA,2009,Kharif,Urad,900,600,0.666666667
Gujarat,NARMADA,2009,Rabi,Gram,900,900,1
Gujarat,NARMADA,2009,Rabi,Jowar,2900,2900,1
Gujarat,NARMADA,2009,Rabi,Wheat,2200,6000,2.727272727
Gujarat,NARMADA,2009,Summer,Bajra,1000,2400,2.4
Gujarat,NARMADA,2009,Summer,Groundnut,2600,5000,1.923076923
Gujarat,NARMADA,2009,Whole Year,Banana,4300,310400,72.18604651
Gujarat,NARMADA,2009,Whole Year,Sugarcane,3900,275000,70.51282051
Gujarat,NARMADA,2010,Kharif,Arhar/Tur,17900,15700,0.877094972
Gujarat,NARMADA,2010,Kharif,Castor seed,300,700,2.333333333
Gujarat,NARMADA,2010,Kharif,Cotton(lint),40600,116900,2.879310345
Gujarat,NARMADA,2010,Kharif,Groundnut,200,300,1.5
Gujarat,NARMADA,2010,Kharif,Jowar,5100,7300,1.431372549
Gujarat,NARMADA,2010,Kharif,Maize,5300,8700,1.641509434
Gujarat,NARMADA,2010,Kharif,Moong(Green Gram),300,100,0.333333333
Gujarat,NARMADA,2010,Kharif,other oilseeds,100,,
Gujarat,NARMADA,2010,Kharif,Rice,12000,10500,0.875
Gujarat,NARMADA,2010,Kharif,Soyabean,6400,5200,0.8125
Gujarat,NARMADA,2010,Kharif,Urad,200,100,0.5
Gujarat,NARMADA,2010,Rabi,Gram,500,700,1.4
Gujarat,NARMADA,2010,Rabi,Jowar,2400,2200,0.916666667
Gujarat,NARMADA,2010,Rabi,Maize,4300,8100,1.88372093
Gujarat,NARMADA,2010,Rabi,Wheat,4000,13200,3.3
Gujarat,NARMADA,2010,Summer,Bajra,1500,3600,2.4
Gujarat,NARMADA,2010,Summer,Groundnut,4000,7100,1.775
Gujarat,NARMADA,2010,Summer,Maize,1800,3700,2.055555556
Gujarat,NARMADA,2010,Summer,Moong(Green Gram),2500,1400,0.56
Gujarat,NARMADA,2010,Whole Year,Banana,5200,358600,68.96153846
Gujarat,NARMADA,2010,Whole Year,Sugarcane,11700,899000,76.83760684
Gujarat,NARMADA,2011,Kharif,Arhar/Tur,23800,22100,0.928571429
Gujarat,NARMADA,2011,Kharif,Castor seed,2200,4500,2.045454545
Gujarat,NARMADA,2011,Kharif,Cotton(lint),45700,133600,2.923413567
Gujarat,NARMADA,2011,Kharif,Jowar,6600,8700,1.318181818
Gujarat,NARMADA,2011,Kharif,Maize,5500,7600,1.381818182
Gujarat,NARMADA,2011,Kharif,Rice,17900,14700,0.82122905
Gujarat,NARMADA,2011,Kharif,Sesamum,100,100,1
Gujarat,NARMADA,2011,Kharif,Urad,1000,800,0.8
Gujarat,NARMADA,2011,Rabi,Gram,3600,4100,1.138888889
Gujarat,NARMADA,2011,Rabi,Jowar,2400,2300,0.958333333
Gujarat,NARMADA,2011,Rabi,Maize,3600,8100,2.25
Gujarat,NARMADA,2011,Rabi,Other  Rabi pulses,400,200,0.5
Gujarat,NARMADA,2011,Rabi,Other Cereals & Millets,3500,2800,0.8
Gujarat,NARMADA,2011,Rabi,Wheat,4300,13700,3.186046512
Gujarat,NARMADA,2011,Summer,Bajra,1700,4300,2.529411765
Gujarat,NARMADA,2011,Summer,Groundnut,5000,9600,1.92
Gujarat,NARMADA,2011,Summer,Maize,1800,3500,1.944444444
Gujarat,NARMADA,2011,Summer,Moong(Green Gram),3000,1200,0.4
Gujarat,NARMADA,2011,Whole Year,Banana,5600,350900,62.66071429
Gujarat,NARMADA,2011,Whole Year,other oilseeds,800,400,0.5
Gujarat,NARMADA,2011,Whole Year,Sugarcane,10000,704000,70.4
Gujarat,NARMADA,2012,Kharif,Arhar/Tur,21700,20900,0.963133641
Gujarat,NARMADA,2012,Kharif,Castor seed,1200,2300,1.916666667
Gujarat,NARMADA,2012,Kharif,Cotton(lint),35600,101200,2.842696629
Gujarat,NARMADA,2012,Kharif,Jowar,7200,10600,1.472222222
Gujarat,NARMADA,2012,Kharif,Maize,5800,9800,1.689655172
Gujarat,NARMADA,2012,Kharif,Rice,11600,12800,1.103448276
Gujarat,NARMADA,2012,Kharif,Sesamum,200,100,0.5
Gujarat,NARMADA,2012,Kharif,Urad,900,300,0.333333333
Gujarat,NARMADA,2012,Rabi,Gram,2200,2200,1
Gujarat,NARMADA,2012,Rabi,Jowar,4200,4500,1.071428571
Gujarat,NARMADA,2012,Rabi,Onion,100,2200,22
Gujarat,NARMADA,2012,Rabi,Other  Rabi pulses,100,0,0
Gujarat,NARMADA,2012,Rabi,Other Cereals & Millets,2400,1500,0.625
Gujarat,NARMADA,2012,Rabi,Wheat,3500,10500,3
Gujarat,NARMADA,2012,Summer,Bajra,200,600,3
Gujarat,NARMADA,2012,Summer,Groundnut,3000,6800,2.266666667
Gujarat,NARMADA,2012,Summer,Maize,400,900,2.25
Gujarat,NARMADA,2012,Summer,Moong(Green Gram),1400,800,0.571428571
Gujarat,NARMADA,2012,Summer,Rice,100,100,1
Gujarat,NARMADA,2012,Summer,Sesamum,100,23500,235
Gujarat,NARMADA,2012,Whole Year,Banana,5800,376700,64.94827586
Gujarat,NARMADA,2012,Whole Year,Sugarcane,9400,71900,7.64893617
Gujarat,NAVSARI,2003,Kharif,Arhar/Tur,2900,2500,0.862068966
Gujarat,NAVSARI,2003,Kharif,Groundnut,200,400,2
Gujarat,NAVSARI,2003,Kharif,Jowar,1300,1100,0.846153846
Gujarat,NAVSARI,2003,Kharif,Moong(Green Gram),200,100,0.5
Gujarat,NAVSARI,2003,Kharif,Other Kharif pulses,900,500,0.555555556
Gujarat,NAVSARI,2003,Kharif,Ragi,600,600,1
Gujarat,NAVSARI,2003,Kharif,Rice,43200,102900,2.381944444
Gujarat,NAVSARI,2003,Kharif,Urad,2100,1500,0.714285714
Gujarat,NAVSARI,2003,Rabi,Gram,800,700,0.875
Gujarat,NAVSARI,2003,Rabi,Jowar,500,300,0.6
Gujarat,NAVSARI,2003,Rabi,Other  Rabi pulses,1200,500,0.416666667
Gujarat,NAVSARI,2003,Rabi,Small millets,1200,400,0.333333333
Gujarat,NAVSARI,2003,Rabi,Wheat,300,900,3
Gujarat,NAVSARI,2003,Summer,Groundnut,100,100,1
Gujarat,NAVSARI,2003,Summer,Rice,6500,25200,3.876923077
Gujarat,NAVSARI,2003,Whole Year,Banana,200,10300,51.5
Gujarat,NAVSARI,2003,Whole Year,Dry chillies,200,200,1
Gujarat,NAVSARI,2003,Whole Year,Garlic,100,600,6
Gujarat,NAVSARI,2003,Whole Year,Onion,100,4400,44
Gujarat,NAVSARI,2003,Whole Year,Sugarcane,27000,1827000,67.66666667
Gujarat,NAVSARI,2004,Kharif,Arhar/Tur,2200,2000,0.909090909
Gujarat,NAVSARI,2004,Kharif,Castor seed,100,100,1
Gujarat,NAVSARI,2004,Kharif,Groundnut,200,200,1
Gujarat,NAVSARI,2004,Kharif,Jowar,900,1600,1.777777778
Gujarat,NAVSARI,2004,Kharif,Moong(Green Gram),200,100,0.5
Gujarat,NAVSARI,2004,Kharif,Other Kharif pulses,700,400,0.571428571
Gujarat,NAVSARI,2004,Kharif,Ragi,500,500,1
Gujarat,NAVSARI,2004,Kharif,Rice,42900,92200,2.149184149
Gujarat,NAVSARI,2004,Kharif,Urad,1900,1100,0.578947368
Gujarat,NAVSARI,2004,Rabi,Gram,1300,800,0.615384615
Gujarat,NAVSARI,2004,Rabi,Jowar,400,300,0.75
Gujarat,NAVSARI,2004,Rabi,Other  Rabi pulses,1700,800,0.470588235
Gujarat,NAVSARI,2004,Rabi,Wheat,300,900,3
Gujarat,NAVSARI,2004,Summer,Groundnut,100,100,1
Gujarat,NAVSARI,2004,Summer,Rice,4900,15200,3.102040816
Gujarat,NAVSARI,2004,Whole Year,Banana,200,11100,55.5
Gujarat,NAVSARI,2004,Whole Year,Dry chillies,300,300,1
Gujarat,NAVSARI,2004,Whole Year,Garlic,100,400,4
Gujarat,NAVSARI,2004,Whole Year,Onion,100,3400,34
Gujarat,NAVSARI,2004,Whole Year,Sugarcane,29100,1868000,64.19243986
Gujarat,NAVSARI,2005,Kharif,Arhar/Tur,2000,1900,0.95
Gujarat,NAVSARI,2005,Kharif,Groundnut,100,100,1
Gujarat,NAVSARI,2005,Kharif,Jowar,1200,1700,1.416666667
Gujarat,NAVSARI,2005,Kharif,Moong(Green Gram),200,100,0.5
Gujarat,NAVSARI,2005,Kharif,Other Kharif pulses,600,300,0.5
Gujarat,NAVSARI,2005,Kharif,Ragi,400,300,0.75
Gujarat,NAVSARI,2005,Kharif,Rice,34900,87400,2.504297994
Gujarat,NAVSARI,2005,Kharif,Urad,1800,1400,0.777777778
Gujarat,NAVSARI,2005,Rabi,Gram,2200,2400,1.090909091
Gujarat,NAVSARI,2005,Rabi,Jowar,300,300,1
Gujarat,NAVSARI,2005,Rabi,Other  Rabi pulses,400,400,1
Gujarat,NAVSARI,2005,Rabi,Rapeseed &Mustard,100,100,1
Gujarat,NAVSARI,2005,Rabi,Wheat,500,1400,2.8
Gujarat,NAVSARI,2005,Summer,Groundnut,100,100,1
Gujarat,NAVSARI,2005,Summer,Rice,5600,17900,3.196428571
Gujarat,NAVSARI,2005,Whole Year,Banana,200,13200,66
Gujarat,NAVSARI,2005,Whole Year,Dry chillies,200,200,1
Gujarat,NAVSARI,2005,Whole Year,Garlic,100,400,4
Gujarat,NAVSARI,2005,Whole Year,Onion,100,3200,32
Gujarat,NAVSARI,2005,Whole Year,Sugarcane,27600,1899000,68.80434783
Gujarat,NAVSARI,2006,Kharif,Arhar/Tur,1700,1400,0.823529412
Gujarat,NAVSARI,2006,Kharif,Groundnut,100,100,1
Gujarat,NAVSARI,2006,Kharif,Jowar,1100,1400,1.272727273
Gujarat,NAVSARI,2006,Kharif,Moong(Green Gram),200,100,0.5
Gujarat,NAVSARI,2006,Kharif,Other Kharif pulses,500,300,0.6
Gujarat,NAVSARI,2006,Kharif,Ragi,300,300,1
Gujarat,NAVSARI,2006,Kharif,Rice,35900,81800,2.278551532
Gujarat,NAVSARI,2006,Kharif,Urad,1700,800,0.470588235
Gujarat,NAVSARI,2006,Rabi,Gram,1800,2100,1.166666667
Gujarat,NAVSARI,2006,Rabi,Jowar,500,400,0.8
Gujarat,NAVSARI,2006,Rabi,Other  Rabi pulses,500,400,0.8
Gujarat,NAVSARI,2006,Rabi,Rapeseed &Mustard,100,100,1
Gujarat,NAVSARI,2006,Rabi,Wheat,300,900,3
Gujarat,NAVSARI,2006,Summer,Rice,6300,19100,3.031746032
Gujarat,NAVSARI,2006,Whole Year,Banana,200,15800,79
Gujarat,NAVSARI,2006,Whole Year,Dry chillies,200,200,1
Gujarat,NAVSARI,2006,Whole Year,Garlic,100,400,4
Gujarat,NAVSARI,2006,Whole Year,Onion,100,2400,24
Gujarat,NAVSARI,2006,Whole Year,Sugarcane,30500,2238000,73.37704918
Gujarat,NAVSARI,2007,Kharif,Arhar/Tur,2900,3200,1.103448276
Gujarat,NAVSARI,2007,Kharif,Groundnut,100,100,1
Gujarat,NAVSARI,2007,Kharif,Jowar,500,700,1.4
Gujarat,NAVSARI,2007,Kharif,Moong(Green Gram),200,100,0.5
Gujarat,NAVSARI,2007,Kharif,Other Kharif pulses,200,100,0.5
Gujarat,NAVSARI,2007,Kharif,Ragi,400,400,1
Gujarat,NAVSARI,2007,Kharif,Rice,44800,112500,2.511160714
Gujarat,NAVSARI,2007,Kharif,Urad,2500,1600,0.64
Gujarat,NAVSARI,2007,Rabi,Gram,1500,1400,0.933333333
Gujarat,NAVSARI,2007,Rabi,Jowar,600,500,0.833333333
Gujarat,NAVSARI,2007,Rabi,Other  Rabi pulses,1200,1000,0.833333333
Gujarat,NAVSARI,2007,Rabi,Rapeseed &Mustard,100,100,1
Gujarat,NAVSARI,2007,Rabi,Wheat,300,900,3
Gujarat,NAVSARI,2007,Summer,Groundnut,100,200,2
Gujarat,NAVSARI,2007,Summer,Rice,6100,18800,3.081967213
Gujarat,NAVSARI,2007,Whole Year,Banana,200,17000,85
Gujarat,NAVSARI,2007,Whole Year,Dry chillies,200,200,1
Gujarat,NAVSARI,2007,Whole Year,Garlic,100,300,3
Gujarat,NAVSARI,2007,Whole Year,Onion,100,2800,28
Gujarat,NAVSARI,2007,Whole Year,Sugarcane,31000,2063000,66.5483871
Gujarat,NAVSARI,2008,Kharif,Arhar/Tur,3000,2900,0.966666667
Gujarat,NAVSARI,2008,Kharif,Groundnut,100,100,1
Gujarat,NAVSARI,2008,Kharif,Jowar,500,600,1.2
Gujarat,NAVSARI,2008,Kharif,Moong(Green Gram),200,100,0.5
Gujarat,NAVSARI,2008,Kharif,Other Kharif pulses,300,200,0.666666667
Gujarat,NAVSARI,2008,Kharif,Ragi,300,400,1.333333333
Gujarat,NAVSARI,2008,Kharif,Rice,46300,111200,2.401727862
Gujarat,NAVSARI,2008,Kharif,Urad,2300,1400,0.608695652
Gujarat,NAVSARI,2008,Rabi,Gram,1400,1400,1
Gujarat,NAVSARI,2008,Rabi,Jowar,400,400,1
Gujarat,NAVSARI,2008,Rabi,Onion,100,2600,26
Gujarat,NAVSARI,2008,Rabi,Other  Rabi pulses,1300,1000,0.769230769
Gujarat,NAVSARI,2008,Rabi,Rapeseed &Mustard,100,100,1
Gujarat,NAVSARI,2008,Rabi,Wheat,300,600,2
Gujarat,NAVSARI,2008,Summer,Groundnut,200,300,1.5
Gujarat,NAVSARI,2008,Summer,Rice,6100,18200,2.983606557
Gujarat,NAVSARI,2008,Whole Year,Banana,300,20700,69
Gujarat,NAVSARI,2008,Whole Year,Dry chillies,200,200,1
Gujarat,NAVSARI,2008,Whole Year,Sugarcane,31500,2118000,67.23809524
Gujarat,NAVSARI,2009,Kharif,Arhar/Tur,4500,3900,0.866666667
Gujarat,NAVSARI,2009,Kharif,Groundnut,100,100,1
Gujarat,NAVSARI,2009,Kharif,Jowar,700,700,1
Gujarat,NAVSARI,2009,Kharif,Moong(Green Gram),200,100,0.5
Gujarat,NAVSARI,2009,Kharif,Other Kharif pulses,400,300,0.75
Gujarat,NAVSARI,2009,Kharif,Ragi,200,100,0.5
Gujarat,NAVSARI,2009,Kharif,Rice,59900,149000,2.487479132
Gujarat,NAVSARI,2009,Kharif,Urad,4500,2600,0.577777778
Gujarat,NAVSARI,2009,Rabi,Gram,2000,1900,0.95
Gujarat,NAVSARI,2009,Rabi,Jowar,1000,1100,1.1
Gujarat,NAVSARI,2009,Rabi,Onion,100,2500,25
Gujarat,NAVSARI,2009,Rabi,Other  Rabi pulses,4100,3200,0.780487805
Gujarat,NAVSARI,2009,Rabi,Rapeseed &Mustard,100,100,1
Gujarat,NAVSARI,2009,Rabi,Wheat,700,1800,2.571428571
Gujarat,NAVSARI,2009,Summer,Groundnut,100,100,1
Gujarat,NAVSARI,2009,Summer,Rice,1100,3100,2.818181818
Gujarat,NAVSARI,2009,Whole Year,Banana,300,17600,58.66666667
Gujarat,NAVSARI,2009,Whole Year,Dry chillies,300,300,1
Gujarat,NAVSARI,2009,Whole Year,Garlic,100,300,3
Gujarat,NAVSARI,2009,Whole Year,Sugarcane,25800,1814000,70.31007752
Gujarat,NAVSARI,2010,Kharif,Arhar/Tur,4800,4800,1
Gujarat,NAVSARI,2010,Kharif,Groundnut,100,100,1
Gujarat,NAVSARI,2010,Kharif,Jowar,1000,1100,1.1
Gujarat,NAVSARI,2010,Kharif,Moong(Green Gram),300,100,0.333333333
Gujarat,NAVSARI,2010,Kharif,Other Cereals & Millets,200,,
Gujarat,NAVSARI,2010,Kharif,Other Kharif pulses,300,200,0.666666667
Gujarat,NAVSARI,2010,Kharif,other oilseeds,700,200,0.285714286
Gujarat,NAVSARI,2010,Kharif,Ragi,200,100,0.5
Gujarat,NAVSARI,2010,Kharif,Rice,62600,161300,2.576677316
Gujarat,NAVSARI,2010,Kharif,Urad,4200,2600,0.619047619
Gujarat,NAVSARI,2010,Rabi,Gram,1800,2600,1.444444444
Gujarat,NAVSARI,2010,Rabi,Jowar,1200,1400,1.166666667
Gujarat,NAVSARI,2010,Rabi,Other  Rabi pulses,4400,3700,0.840909091
Gujarat,NAVSARI,2010,Rabi,Rapeseed &Mustard,200,300,1.5
Gujarat,NAVSARI,2010,Rabi,Wheat,600,1900,3.166666667
Gujarat,NAVSARI,2010,Summer,Groundnut,500,900,1.8
Gujarat,NAVSARI,2010,Summer,Moong(Green Gram),1500,800,0.533333333
Gujarat,NAVSARI,2010,Summer,Rice,24900,75300,3.024096386
Gujarat,NAVSARI,2010,Summer,Sesamum,100,100,1
Gujarat,NAVSARI,2010,Summer,Urad,1100,700,0.636363636
Gujarat,NAVSARI,2010,Whole Year,Banana,100,10300,103
Gujarat,NAVSARI,2010,Whole Year,Dry chillies,200,200,1
Gujarat,NAVSARI,2010,Whole Year,Garlic,100,400,4
Gujarat,NAVSARI,2010,Whole Year,Onion,100,1900,19
Gujarat,NAVSARI,2010,Whole Year,Sugarcane,22000,1584000,72
Gujarat,NAVSARI,2011,Kharif,Arhar/Tur,3300,900,0.272727273
Gujarat,NAVSARI,2011,Kharif,Groundnut,100,100,1
Gujarat,NAVSARI,2011,Kharif,Jowar,700,700,1
Gujarat,NAVSARI,2011,Kharif,Moong(Green Gram),200,100,0.5
Gujarat,NAVSARI,2011,Kharif,Other Cereals & Millets,400,300,0.75
Gujarat,NAVSARI,2011,Kharif,Other Kharif pulses,600,300,0.5
Gujarat,NAVSARI,2011,Kharif,Ragi,200,200,1
Gujarat,NAVSARI,2011,Kharif,Rice,52200,133900,2.5651341
Gujarat,NAVSARI,2011,Kharif,Urad,2700,2100,0.777777778
Gujarat,NAVSARI,2011,Rabi,Gram,1700,1900,1.117647059
Gujarat,NAVSARI,2011,Rabi,Jowar,1000,1100,1.1
Gujarat,NAVSARI,2011,Rabi,Onion,100,3000,30
Gujarat,NAVSARI,2011,Rabi,Other  Rabi pulses,1600,1200,0.75
Gujarat,NAVSARI,2011,Rabi,Other Cereals & Millets,1000,900,0.9
Gujarat,NAVSARI,2011,Rabi,Rapeseed &Mustard,200,300,1.5
Gujarat,NAVSARI,2011,Rabi,Wheat,300,1000,3.333333333
Gujarat,NAVSARI,2011,Summer,Groundnut,500,900,1.8
Gujarat,NAVSARI,2011,Summer,Moong(Green Gram),1500,800,0.533333333
Gujarat,NAVSARI,2011,Summer,Rice,27400,80700,2.945255474
Gujarat,NAVSARI,2011,Summer,Urad,400,300,0.75
Gujarat,NAVSARI,2011,Whole Year,Banana,300,18000,60
Gujarat,NAVSARI,2011,Whole Year,Dry chillies,200,200,1
Gujarat,NAVSARI,2011,Whole Year,Garlic,100,300,3
Gujarat,NAVSARI,2011,Whole Year,Guar seed,100,100,1
Gujarat,NAVSARI,2011,Whole Year,other oilseeds,200,100,0.5
Gujarat,NAVSARI,2011,Whole Year,Sugarcane,21000,1327000,63.19047619
Gujarat,NAVSARI,2012,Kharif,Arhar/Tur,2900,2900,1
Gujarat,NAVSARI,2012,Kharif,Groundnut,100,,
Gujarat,NAVSARI,2012,Kharif,Jowar,1400,2000,1.428571429
Gujarat,NAVSARI,2012,Kharif,Moong(Green Gram),200,100,0.5
Gujarat,NAVSARI,2012,Kharif,Other Kharif pulses,800,400,0.5
Gujarat,NAVSARI,2012,Kharif,Ragi,100,100,1
Gujarat,NAVSARI,2012,Kharif,Rice,51300,128200,2.499025341
Gujarat,NAVSARI,2012,Kharif,Urad,1500,500,0.333333333
Gujarat,NAVSARI,2012,Rabi,Gram,1800,1700,0.944444444
Gujarat,NAVSARI,2012,Rabi,Jowar,1200,1300,1.083333333
Gujarat,NAVSARI,2012,Rabi,Onion,100,3400,34
Gujarat,NAVSARI,2012,Rabi,Other  Rabi pulses,2800,2200,0.785714286
Gujarat,NAVSARI,2012,Rabi,Other Cereals & Millets,100,300,3
Gujarat,NAVSARI,2012,Rabi,Rapeseed &Mustard,100,200,2
Gujarat,NAVSARI,2012,Rabi,Wheat,500,1400,2.8
Gujarat,NAVSARI,2012,Summer,Groundnut,100,100,1
Gujarat,NAVSARI,2012,Summer,Rice,8300,26900,3.240963855
Gujarat,NAVSARI,2012,Whole Year,Banana,200,12400,62
Gujarat,NAVSARI,2012,Whole Year,Dry chillies,300,300,1
Gujarat,NAVSARI,2012,Whole Year,Guar seed,100,4000,40
Gujarat,NAVSARI,2012,Whole Year,Sugarcane,15000,108400,7.226666667
Gujarat,PANCH MAHALS,1997,Kharif,Arhar/Tur,45900,49400,1.076252723
Gujarat,PANCH MAHALS,1997,Kharif,Bajra,9300,9000,0.967741935
Gujarat,PANCH MAHALS,1997,Kharif,Dry chillies,500,300,0.6
Gujarat,PANCH MAHALS,1997,Kharif,Groundnut,2900,1800,0.620689655
Gujarat,PANCH MAHALS,1997,Kharif,Jowar,1600,1300,0.8125
Gujarat,PANCH MAHALS,1997,Kharif,Moong(Green Gram),2700,1700,0.62962963
Gujarat,PANCH MAHALS,1997,Kharif,Moth,700,400,0.571428571
Gujarat,PANCH MAHALS,1997,Kharif,Other Kharif pulses,100,100,1
Gujarat,PANCH MAHALS,1997,Kharif,Small millets,900,400,0.444444444
Gujarat,PANCH MAHALS,1997,Kharif,Urad,24000,14200,0.591666667
Gujarat,PANCH MAHALS,1997,Rabi,Gram,39300,31500,0.801526718
Gujarat,PANCH MAHALS,1997,Rabi,Jowar,3900,2600,0.666666667
Gujarat,PANCH MAHALS,1997,Rabi,Other  Rabi pulses,600,300,0.5
Gujarat,PANCH MAHALS,1997,Rabi,Rapeseed &Mustard,400,400,1
Gujarat,PANCH MAHALS,1997,Rabi,Wheat,70700,144800,2.048090523
Gujarat,PANCH MAHALS,1997,Summer,Bajra,3700,5200,1.405405405
Gujarat,PANCH MAHALS,1997,Summer,Groundnut,10900,14400,1.321100917
Gujarat,PANCH MAHALS,1997,Whole Year,Banana,100,3000,30
Gujarat,PANCH MAHALS,1997,Whole Year,Castor seed,1700,4000,2.352941176
Gujarat,PANCH MAHALS,1997,Whole Year,Cotton(lint),7200,15900,2.208333333
Gujarat,PANCH MAHALS,1997,Whole Year,Garlic,700,4600,6.571428571
Gujarat,PANCH MAHALS,1997,Whole Year,Maize,190300,273500,1.437204414
Gujarat,PANCH MAHALS,1997,Whole Year,Onion,300,9100,30.33333333
Gujarat,PANCH MAHALS,1997,Whole Year,Potato,100,2400,24
Gujarat,PANCH MAHALS,1997,Whole Year,Pulses total,73400,658,0.008964578
Gujarat,PANCH MAHALS,1997,Whole Year,Rice,119200,141700,1.188758389
Gujarat,PANCH MAHALS,1997,Whole Year,Sesamum,2400,1400,0.583333333
Gujarat,PANCH MAHALS,1997,Whole Year,Tobacco,800,1400,1.75
Gujarat,PANCH MAHALS,1998,Kharif,Arhar/Tur,45600,62300,1.36622807
Gujarat,PANCH MAHALS,1998,Kharif,Bajra,7800,6200,0.794871795
Gujarat,PANCH MAHALS,1998,Kharif,Castor seed,3800,10400,2.736842105
Gujarat,PANCH MAHALS,1998,Kharif,Cotton(lint),6100,15800,2.590163934
Gujarat,PANCH MAHALS,1998,Kharif,Groundnut,2300,2200,0.956521739
Gujarat,PANCH MAHALS,1998,Kharif,Jowar,1500,1200,0.8
Gujarat,PANCH MAHALS,1998,Kharif,Maize,201800,305400,1.513379584
Gujarat,PANCH MAHALS,1998,Kharif,Moong(Green Gram),3300,2400,0.727272727
Gujarat,PANCH MAHALS,1998,Kharif,Moth,200,,
Gujarat,PANCH MAHALS,1998,Kharif,Other Cereals & Millets,1300,600,0.461538462
Gujarat,PANCH MAHALS,1998,Kharif,Other Kharif pulses,1700,800,0.470588235
Gujarat,PANCH MAHALS,1998,Kharif,Rice,106600,104200,0.977485929
Gujarat,PANCH MAHALS,1998,Kharif,Sesamum,2300,1100,0.47826087
Gujarat,PANCH MAHALS,1998,Kharif,Small millets,1300,600,0.461538462
Gujarat,PANCH MAHALS,1998,Kharif,Urad,25000,13900,0.556
Gujarat,PANCH MAHALS,1998,Rabi,Gram,46200,39700,0.859307359
Gujarat,PANCH MAHALS,1998,Rabi,Jowar,2800,2200,0.785714286
Gujarat,PANCH MAHALS,1998,Rabi,Other  Rabi pulses,900,500,0.555555556
Gujarat,PANCH MAHALS,1998,Rabi,Rapeseed &Mustard,600,800,1.333333333
Gujarat,PANCH MAHALS,1998,Rabi,Wheat,67200,156100,2.322916667
Gujarat,PANCH MAHALS,1998,Summer,Bajra,2500,3000,1.2
Gujarat,PANCH MAHALS,1998,Summer,Groundnut,17900,30100,1.681564246
Gujarat,PANCH MAHALS,1998,Whole Year,Dry chillies,700,400,0.571428571
Gujarat,PANCH MAHALS,1998,Whole Year,Garlic,800,5300,6.625
Gujarat,PANCH MAHALS,1998,Whole Year,Oilseeds total,26900,44600,1.657992565
Gujarat,PANCH MAHALS,1998,Whole Year,Onion,1300,37000,28.46153846
Gujarat,PANCH MAHALS,1998,Whole Year,Potato,100,2800,28
Gujarat,PANCH MAHALS,1998,Whole Year,Pulses total,122900,119600,0.973148902
Gujarat,PANCH MAHALS,1998,Whole Year,Sugarcane,200,13000,65
Gujarat,PANCH MAHALS,1998,Whole Year,Tobacco,700,1300,1.857142857
Gujarat,PANCH MAHALS,1999,Kharif,Arhar/Tur,40400,44200,1.094059406
Gujarat,PANCH MAHALS,1999,Kharif,Bajra,5200,3400,0.653846154
Gujarat,PANCH MAHALS,1999,Kharif,Castor seed,2000,3700,1.85
Gujarat,PANCH MAHALS,1999,Kharif,Cotton(lint),6900,10600,1.536231884
Gujarat,PANCH MAHALS,1999,Kharif,Groundnut,1800,1300,0.722222222
Gujarat,PANCH MAHALS,1999,Kharif,Jowar,800,1100,1.375
Gujarat,PANCH MAHALS,1999,Kharif,Maize,183700,204500,1.113228089
Gujarat,PANCH MAHALS,1999,Kharif,Moong(Green Gram),2800,1200,0.428571429
Gujarat,PANCH MAHALS,1999,Kharif,Other Cereals & Millets,1100,400,0.363636364
Gujarat,PANCH MAHALS,1999,Kharif,Other Kharif pulses,500,200,0.4
Gujarat,PANCH MAHALS,1999,Kharif,Rice,100400,40100,0.39940239
Gujarat,PANCH MAHALS,1999,Kharif,Sesamum,1400,400,0.285714286
Gujarat,PANCH MAHALS,1999,Kharif,Small millets,1100,400,0.363636364
Gujarat,PANCH MAHALS,1999,Kharif,Urad,22800,8500,0.372807018
Gujarat,PANCH MAHALS,1999,Rabi,Gram,27600,12400,0.449275362
Gujarat,PANCH MAHALS,1999,Rabi,Jowar,2900,1400,0.482758621
Gujarat,PANCH MAHALS,1999,Rabi,Other  Rabi pulses,300,100,0.333333333
Gujarat,PANCH MAHALS,1999,Rabi,Rapeseed &Mustard,400,400,1
Gujarat,PANCH MAHALS,1999,Rabi,Wheat,20800,36100,1.735576923
Gujarat,PANCH MAHALS,1999,Summer,Bajra,1600,1600,1
Gujarat,PANCH MAHALS,1999,Summer,Groundnut,1800,2700,1.5
Gujarat,PANCH MAHALS,1999,Whole Year,Banana,100,5500,55
Gujarat,PANCH MAHALS,1999,Whole Year,Dry chillies,900,500,0.555555556
Gujarat,PANCH MAHALS,1999,Whole Year,Garlic,400,2100,5.25
Gujarat,PANCH MAHALS,1999,Whole Year,Onion,700,17100,24.42857143
Gujarat,PANCH MAHALS,1999,Whole Year,Potato,100,1000,10
Gujarat,PANCH MAHALS,1999,Whole Year,Sugarcane,100,11000,110
Gujarat,PANCH MAHALS,1999,Whole Year,Tobacco,700,1200,1.714285714
Gujarat,PANCH MAHALS,2000,Kharif,Arhar/Tur,25200,11500,0.456349206
Gujarat,PANCH MAHALS,2000,Kharif,Bajra,4300,3500,0.813953488
Gujarat,PANCH MAHALS,2000,Kharif,Castor seed,2400,3400,1.416666667
Gujarat,PANCH MAHALS,2000,Kharif,Cotton(lint),5600,3800,0.678571429
Gujarat,PANCH MAHALS,2000,Kharif,Groundnut,1800,700,0.388888889
Gujarat,PANCH MAHALS,2000,Kharif,Jowar,500,300,0.6
Gujarat,PANCH MAHALS,2000,Kharif,Maize,184300,103500,0.561584373
Gujarat,PANCH MAHALS,2000,Kharif,Moong(Green Gram),1400,400,0.285714286
Gujarat,PANCH MAHALS,2000,Kharif,Other Cereals & Millets,700,200,0.285714286
Gujarat,PANCH MAHALS,2000,Kharif,Other Kharif pulses,300,100,0.333333333
Gujarat,PANCH MAHALS,2000,Kharif,Rice,91200,9800,0.10745614
Gujarat,PANCH MAHALS,2000,Kharif,Sesamum,800,200,0.25
Gujarat,PANCH MAHALS,2000,Kharif,Small millets,700,200,0.285714286
Gujarat,PANCH MAHALS,2000,Kharif,Urad,11800,2200,0.186440678
Gujarat,PANCH MAHALS,2000,Rabi,Gram,2100,1000,0.476190476
Gujarat,PANCH MAHALS,2000,Rabi,Jowar,800,300,0.375
Gujarat,PANCH MAHALS,2000,Rabi,Rapeseed &Mustard,100,100,1
Gujarat,PANCH MAHALS,2000,Rabi,Wheat,3400,6300,1.852941176
Gujarat,PANCH MAHALS,2000,Summer,Bajra,1000,800,0.8
Gujarat,PANCH MAHALS,2000,Summer,Groundnut,300,300,1
Gujarat,PANCH MAHALS,2000,Whole Year,Banana,100,4800,48
Gujarat,PANCH MAHALS,2000,Whole Year,Dry chillies,400,200,0.5
Gujarat,PANCH MAHALS,2000,Whole Year,Garlic,200,1200,6
Gujarat,PANCH MAHALS,2000,Whole Year,Guar seed,3000,700,0.233333333
Gujarat,PANCH MAHALS,2000,Whole Year,Onion,200,4500,22.5
Gujarat,PANCH MAHALS,2000,Whole Year,Tobacco,100,200,2
Gujarat,PANCH MAHALS,2001,Kharif,Arhar/Tur,44800,27200,0.607142857
Gujarat,PANCH MAHALS,2001,Kharif,Bajra,9100,8100,0.89010989
Gujarat,PANCH MAHALS,2001,Kharif,Castor seed,2500,4500,1.8
Gujarat,PANCH MAHALS,2001,Kharif,Cotton(lint),7600,7400,0.973684211
Gujarat,PANCH MAHALS,2001,Kharif,Groundnut,700,500,0.714285714
Gujarat,PANCH MAHALS,2001,Kharif,Jowar,2500,1900,0.76
Gujarat,PANCH MAHALS,2001,Kharif,Maize,204300,379900,1.859520313
Gujarat,PANCH MAHALS,2001,Kharif,Moong(Green Gram),1600,700,0.4375
Gujarat,PANCH MAHALS,2001,Kharif,Moth,100,,
Gujarat,PANCH MAHALS,2001,Kharif,Other Kharif pulses,200,100,0.5
Gujarat,PANCH MAHALS,2001,Kharif,Ragi,100,100,1
Gujarat,PANCH MAHALS,2001,Kharif,Rice,84900,20600,0.242638398
Gujarat,PANCH MAHALS,2001,Kharif,Sesamum,1700,1000,0.588235294
Gujarat,PANCH MAHALS,2001,Kharif,Small millets,1300,300,0.230769231
Gujarat,PANCH MAHALS,2001,Kharif,Urad,16900,5800,0.343195266
Gujarat,PANCH MAHALS,2001,Rabi,Gram,5600,2800,0.5
Gujarat,PANCH MAHALS,2001,Rabi,Jowar,1100,600,0.545454545
Gujarat,PANCH MAHALS,2001,Rabi,Rapeseed &Mustard,400,500,1.25
Gujarat,PANCH MAHALS,2001,Rabi,Small millets,100,0,0
Gujarat,PANCH MAHALS,2001,Rabi,Wheat,4400,8100,1.840909091
Gujarat,PANCH MAHALS,2001,Summer,Bajra,600,700,1.166666667
Gujarat,PANCH MAHALS,2001,Summer,Groundnut,700,900,1.285714286
Gujarat,PANCH MAHALS,2001,Whole Year,Banana,100,4200,42
Gujarat,PANCH MAHALS,2001,Whole Year,Dry chillies,900,400,0.444444444
Gujarat,PANCH MAHALS,2001,Whole Year,Garlic,200,1300,6.5
Gujarat,PANCH MAHALS,2001,Whole Year,Guar seed,3600,1500,0.416666667
Gujarat,PANCH MAHALS,2001,Whole Year,Onion,300,8800,29.33333333
Gujarat,PANCH MAHALS,2001,Whole Year,Tobacco,100,200,2
Gujarat,PANCH MAHALS,2002,Kharif,Arhar/Tur,41300,30900,0.748184019
Gujarat,PANCH MAHALS,2002,Kharif,Bajra,8100,6100,0.75308642
Gujarat,PANCH MAHALS,2002,Kharif,Castor seed,1500,1800,1.2
Gujarat,PANCH MAHALS,2002,Kharif,Cotton(lint),6900,8000,1.15942029
Gujarat,PANCH MAHALS,2002,Kharif,Groundnut,1000,500,0.5
Gujarat,PANCH MAHALS,2002,Kharif,Jowar,2500,500,0.2
Gujarat,PANCH MAHALS,2002,Kharif,Maize,219200,422100,1.925638686
Gujarat,PANCH MAHALS,2002,Kharif,Moong(Green Gram),1800,600,0.333333333
Gujarat,PANCH MAHALS,2002,Kharif,Moth,100,100,1
Gujarat,PANCH MAHALS,2002,Kharif,Other Kharif pulses,500,200,0.4
Gujarat,PANCH MAHALS,2002,Kharif,Rice,86200,26300,0.305104408
Gujarat,PANCH MAHALS,2002,Kharif,Sesamum,2500,900,0.36
Gujarat,PANCH MAHALS,2002,Kharif,Small millets,2700,500,0.185185185
Gujarat,PANCH MAHALS,2002,Kharif,Urad,15800,5700,0.360759494
Gujarat,PANCH MAHALS,2002,Rabi,Gram,10100,6200,0.613861386
Gujarat,PANCH MAHALS,2002,Rabi,Jowar,800,300,0.375
Gujarat,PANCH MAHALS,2002,Rabi,Rapeseed &Mustard,500,600,1.2
Gujarat,PANCH MAHALS,2002,Rabi,Wheat,16500,28100,1.703030303
Gujarat,PANCH MAHALS,2002,Summer,Bajra,700,700,1
Gujarat,PANCH MAHALS,2002,Summer,Groundnut,800,1200,1.5
Gujarat,PANCH MAHALS,2002,Whole Year,Dry chillies,1000,500,0.5
Gujarat,PANCH MAHALS,2002,Whole Year,Garlic,600,3100,5.166666667
Gujarat,PANCH MAHALS,2002,Whole Year,Guar seed,2000,600,0.3
Gujarat,PANCH MAHALS,2002,Whole Year,Onion,400,11300,28.25
Gujarat,PANCH MAHALS,2002,Whole Year,Sugarcane,100,4000,40
Gujarat,PANCH MAHALS,2002,Whole Year,Tobacco,100,100,1
Gujarat,PANCH MAHALS,2003,Kharif,Arhar/Tur,26100,33800,1.295019157
Gujarat,PANCH MAHALS,2003,Kharif,Bajra,7700,4600,0.597402597
Gujarat,PANCH MAHALS,2003,Kharif,Castor seed,2000,3800,1.9
Gujarat,PANCH MAHALS,2003,Kharif,Cotton(lint),7200,18400,2.555555556
Gujarat,PANCH MAHALS,2003,Kharif,Groundnut,200,400,2
Gujarat,PANCH MAHALS,2003,Kharif,Jowar,1700,1500,0.882352941
Gujarat,PANCH MAHALS,2003,Kharif,Maize,106500,143700,1.349295775
Gujarat,PANCH MAHALS,2003,Kharif,Moong(Green Gram),1300,700,0.538461538
Gujarat,PANCH MAHALS,2003,Kharif,Other Kharif pulses,400,200,0.5
Gujarat,PANCH MAHALS,2003,Kharif,Ragi,200,200,1
Gujarat,PANCH MAHALS,2003,Kharif,Rice,61600,62500,1.01461039
Gujarat,PANCH MAHALS,2003,Kharif,Sesamum,1700,1000,0.588235294
Gujarat,PANCH MAHALS,2003,Kharif,Small millets,400,100,0.25
Gujarat,PANCH MAHALS,2003,Kharif,Urad,5000,2600,0.52
Gujarat,PANCH MAHALS,2003,Rabi,Gram,5500,4600,0.836363636
Gujarat,PANCH MAHALS,2003,Rabi,Jowar,900,300,0.333333333
Gujarat,PANCH MAHALS,2003,Rabi,Rapeseed &Mustard,200,300,1.5
Gujarat,PANCH MAHALS,2003,Rabi,Wheat,16000,32400,2.025
Gujarat,PANCH MAHALS,2003,Summer,Bajra,1900,2400,1.263157895
Gujarat,PANCH MAHALS,2003,Summer,Groundnut,4300,7100,1.651162791
Gujarat,PANCH MAHALS,2003,Summer,Rice,100,500,5
Gujarat,PANCH MAHALS,2003,Whole Year,Banana,300,18500,61.66666667
Gujarat,PANCH MAHALS,2003,Whole Year,Dry chillies,300,200,0.666666667
Gujarat,PANCH MAHALS,2003,Whole Year,Garlic,400,3300,8.25
Gujarat,PANCH MAHALS,2003,Whole Year,Guar seed,1000,700,0.7
Gujarat,PANCH MAHALS,2003,Whole Year,Onion,200,5200,26
Gujarat,PANCH MAHALS,2003,Whole Year,Tobacco,200,400,2
Gujarat,PANCH MAHALS,2004,Kharif,Arhar/Tur,25800,31200,1.209302326
Gujarat,PANCH MAHALS,2004,Kharif,Bajra,9700,6100,0.628865979
Gujarat,PANCH MAHALS,2004,Kharif,Castor seed,2600,4400,1.692307692
Gujarat,PANCH MAHALS,2004,Kharif,Cotton(lint),10400,33700,3.240384615
Gujarat,PANCH MAHALS,2004,Kharif,Groundnut,300,300,1
Gujarat,PANCH MAHALS,2004,Kharif,Jowar,1100,400,0.363636364
Gujarat,PANCH MAHALS,2004,Kharif,Maize,114800,76900,0.669860627
Gujarat,PANCH MAHALS,2004,Kharif,Moong(Green Gram),1300,500,0.384615385
Gujarat,PANCH MAHALS,2004,Kharif,Other Cereals & Millets,700,300,0.428571429
Gujarat,PANCH MAHALS,2004,Kharif,Other Kharif pulses,1100,500,0.454545455
Gujarat,PANCH MAHALS,2004,Kharif,Ragi,200,200,1
Gujarat,PANCH MAHALS,2004,Kharif,Rice,69300,51600,0.744588745
Gujarat,PANCH MAHALS,2004,Kharif,Sesamum,1800,600,0.333333333
Gujarat,PANCH MAHALS,2004,Kharif,Small millets,700,300,0.428571429
Gujarat,PANCH MAHALS,2004,Kharif,Urad,4200,2500,0.595238095
Gujarat,PANCH MAHALS,2004,Rabi,Gram,5400,4900,0.907407407
Gujarat,PANCH MAHALS,2004,Rabi,Jowar,700,500,0.714285714
Gujarat,PANCH MAHALS,2004,Rabi,Other Cereals & Millets,100,,
Gujarat,PANCH MAHALS,2004,Rabi,Rapeseed &Mustard,300,400,1.333333333
Gujarat,PANCH MAHALS,2004,Rabi,Wheat,20100,39500,1.965174129
Gujarat,PANCH MAHALS,2004,Summer,Bajra,2300,4800,2.086956522
Gujarat,PANCH MAHALS,2004,Summer,Groundnut,1800,3000,1.666666667
Gujarat,PANCH MAHALS,2004,Summer,Rice,500,1300,2.6
Gujarat,PANCH MAHALS,2004,Whole Year,Banana,200,13200,66
Gujarat,PANCH MAHALS,2004,Whole Year,Dry chillies,500,300,0.6
Gujarat,PANCH MAHALS,2004,Whole Year,Garlic,500,2400,4.8
Gujarat,PANCH MAHALS,2004,Whole Year,Guar seed,400,300,0.75
Gujarat,PANCH MAHALS,2004,Whole Year,Onion,300,8000,26.66666667
Gujarat,PANCH MAHALS,2004,Whole Year,Tobacco,300,500,1.666666667
Gujarat,PANCH MAHALS,2005,Kharif,Arhar/Tur,26800,39300,1.46641791
Gujarat,PANCH MAHALS,2005,Kharif,Bajra,9100,5900,0.648351648
Gujarat,PANCH MAHALS,2005,Kharif,Castor seed,1900,3600,1.894736842
Gujarat,PANCH MAHALS,2005,Kharif,Cotton(lint),10400,25500,2.451923077
Gujarat,PANCH MAHALS,2005,Kharif,Groundnut,400,700,1.75
Gujarat,PANCH MAHALS,2005,Kharif,Jowar,2100,2400,1.142857143
Gujarat,PANCH MAHALS,2005,Kharif,Maize,117200,153600,1.310580205
Gujarat,PANCH MAHALS,2005,Kharif,Moong(Green Gram),1200,700,0.583333333
Gujarat,PANCH MAHALS,2005,Kharif,Other Cereals & Millets,1300,400,0.307692308
Gujarat,PANCH MAHALS,2005,Kharif,Other Kharif pulses,1500,700,0.466666667
Gujarat,PANCH MAHALS,2005,Kharif,Ragi,400,500,1.25
Gujarat,PANCH MAHALS,2005,Kharif,Rice,71300,62800,0.880785414
Gujarat,PANCH MAHALS,2005,Kharif,Sesamum,1700,700,0.411764706
Gujarat,PANCH MAHALS,2005,Kharif,Urad,4200,2800,0.666666667
Gujarat,PANCH MAHALS,2005,Rabi,Gram,7100,6100,0.85915493
Gujarat,PANCH MAHALS,2005,Rabi,Jowar,1600,800,0.5
Gujarat,PANCH MAHALS,2005,Rabi,Other  Rabi pulses,100,100,1
Gujarat,PANCH MAHALS,2005,Rabi,Other Cereals & Millets,300,400,1.333333333
Gujarat,PANCH MAHALS,2005,Rabi,Rapeseed &Mustard,300,500,1.666666667
Gujarat,PANCH MAHALS,2005,Rabi,Wheat,19800,41500,2.095959596
Gujarat,PANCH MAHALS,2005,Summer,Bajra,1500,3400,2.266666667
Gujarat,PANCH MAHALS,2005,Summer,Groundnut,1900,2300,1.210526316
Gujarat,PANCH MAHALS,2005,Summer,Rice,1200,3700,3.083333333
Gujarat,PANCH MAHALS,2005,Whole Year,Banana,200,13600,68
Gujarat,PANCH MAHALS,2005,Whole Year,Dry chillies,500,300,0.6
Gujarat,PANCH MAHALS,2005,Whole Year,Garlic,500,3600,7.2
Gujarat,PANCH MAHALS,2005,Whole Year,Guar seed,700,400,0.571428571
Gujarat,PANCH MAHALS,2005,Whole Year,Onion,300,9700,32.33333333
Gujarat,PANCH MAHALS,2005,Whole Year,Potato,100,1700,17
Gujarat,PANCH MAHALS,2005,Whole Year,Sugarcane,100,5000,50
Gujarat,PANCH MAHALS,2005,Whole Year,Tobacco,500,800,1.6
Gujarat,PANCH MAHALS,2006,Kharif,Arhar/Tur,29200,31900,1.092465753
Gujarat,PANCH MAHALS,2006,Kharif,Bajra,7100,800,0.112676056
Gujarat,PANCH MAHALS,2006,Kharif,Castor seed,1800,3400,1.888888889
Gujarat,PANCH MAHALS,2006,Kharif,Cotton(lint),10100,15700,1.554455446
Gujarat,PANCH MAHALS,2006,Kharif,Groundnut,500,500,1
Gujarat,PANCH MAHALS,2006,Kharif,Jowar,1400,1600,1.142857143
Gujarat,PANCH MAHALS,2006,Kharif,Maize,115700,20600,0.178046672
Gujarat,PANCH MAHALS,2006,Kharif,Moong(Green Gram),1100,400,0.363636364
Gujarat,PANCH MAHALS,2006,Kharif,Other Cereals & Millets,1300,700,0.538461538
Gujarat,PANCH MAHALS,2006,Kharif,Other Kharif pulses,1500,1000,0.666666667
Gujarat,PANCH MAHALS,2006,Kharif,Ragi,400,400,1
Gujarat,PANCH MAHALS,2006,Kharif,Rice,70800,50300,0.710451977
Gujarat,PANCH MAHALS,2006,Kharif,Sesamum,1400,300,0.214285714
Gujarat,PANCH MAHALS,2006,Kharif,Urad,3800,1200,0.315789474
Gujarat,PANCH MAHALS,2006,Rabi,Gram,8600,6900,0.802325581
Gujarat,PANCH MAHALS,2006,Rabi,Jowar,500,400,0.8
Gujarat,PANCH MAHALS,2006,Rabi,Other  Rabi pulses,900,700,0.777777778
Gujarat,PANCH MAHALS,2006,Rabi,Other Cereals & Millets,1200,1500,1.25
Gujarat,PANCH MAHALS,2006,Rabi,Rapeseed &Mustard,300,400,1.333333333
Gujarat,PANCH MAHALS,2006,Rabi,Wheat,21200,30000,1.41509434
Gujarat,PANCH MAHALS,2006,Summer,Bajra,1800,4300,2.388888889
Gujarat,PANCH MAHALS,2006,Summer,Groundnut,2200,3600,1.636363636
Gujarat,PANCH MAHALS,2006,Summer,Rice,300,900,3
Gujarat,PANCH MAHALS,2006,Whole Year,Banana,100,6000,60
Gujarat,PANCH MAHALS,2006,Whole Year,Dry chillies,400,300,0.75
Gujarat,PANCH MAHALS,2006,Whole Year,Garlic,600,3600,6
Gujarat,PANCH MAHALS,2006,Whole Year,Guar seed,200,100,0.5
Gujarat,PANCH MAHALS,2006,Whole Year,Onion,300,6400,21.33333333
Gujarat,PANCH MAHALS,2006,Whole Year,Potato,100,1900,19
Gujarat,PANCH MAHALS,2006,Whole Year,Sugarcane,100,4000,40
Gujarat,PANCH MAHALS,2006,Whole Year,Tobacco,1400,2300,1.642857143
Gujarat,PANCH MAHALS,2007,Kharif,Arhar/Tur,29000,52600,1.813793103
Gujarat,PANCH MAHALS,2007,Kharif,Bajra,8800,6400,0.727272727
Gujarat,PANCH MAHALS,2007,Kharif,Castor seed,1900,3800,2
Gujarat,PANCH MAHALS,2007,Kharif,Cotton(lint),9100,25100,2.758241758
Gujarat,PANCH MAHALS,2007,Kharif,Groundnut,300,600,2
Gujarat,PANCH MAHALS,2007,Kharif,Jowar,900,1200,1.333333333
Gujarat,PANCH MAHALS,2007,Kharif,Maize,117200,152800,1.303754266
Gujarat,PANCH MAHALS,2007,Kharif,Moong(Green Gram),1100,600,0.545454545
Gujarat,PANCH MAHALS,2007,Kharif,Other Cereals & Millets,800,500,0.625
Gujarat,PANCH MAHALS,2007,Kharif,Other Kharif pulses,1100,700,0.636363636
Gujarat,PANCH MAHALS,2007,Kharif,Ragi,400,400,1
Gujarat,PANCH MAHALS,2007,Kharif,Rice,77400,80700,1.042635659
Gujarat,PANCH MAHALS,2007,Kharif,Sesamum,1300,600,0.461538462
Gujarat,PANCH MAHALS,2007,Kharif,Urad,3600,2400,0.666666667
Gujarat,PANCH MAHALS,2007,Rabi,Gram,10900,9500,0.871559633
Gujarat,PANCH MAHALS,2007,Rabi,Jowar,200,200,1
Gujarat,PANCH MAHALS,2007,Rabi,Other  Rabi pulses,600,400,0.666666667
Gujarat,PANCH MAHALS,2007,Rabi,Other Cereals & Millets,7300,8800,1.205479452
Gujarat,PANCH MAHALS,2007,Rabi,Rapeseed &Mustard,400,600,1.5
Gujarat,PANCH MAHALS,2007,Rabi,Wheat,20800,42400,2.038461538
Gujarat,PANCH MAHALS,2007,Summer,Bajra,2200,5100,2.318181818
Gujarat,PANCH MAHALS,2007,Summer,Groundnut,3500,4500,1.285714286
Gujarat,PANCH MAHALS,2007,Summer,Rice,1000,3000,3
Gujarat,PANCH MAHALS,2007,Whole Year,Banana,100,7600,76
Gujarat,PANCH MAHALS,2007,Whole Year,Dry chillies,400,300,0.75
Gujarat,PANCH MAHALS,2007,Whole Year,Garlic,600,3500,5.833333333
Gujarat,PANCH MAHALS,2007,Whole Year,Guar seed,100,100,1
Gujarat,PANCH MAHALS,2007,Whole Year,Onion,200,6500,32.5
Gujarat,PANCH MAHALS,2007,Whole Year,Potato,100,3100,31
Gujarat,PANCH MAHALS,2007,Whole Year,Sugarcane,100,9000,90
Gujarat,PANCH MAHALS,2007,Whole Year,Tobacco,300,500,1.666666667
Gujarat,PANCH MAHALS,2008,Kharif,Arhar/Tur,25900,36900,1.424710425
Gujarat,PANCH MAHALS,2008,Kharif,Bajra,5500,4300,0.781818182
Gujarat,PANCH MAHALS,2008,Kharif,Castor seed,3000,6000,2
Gujarat,PANCH MAHALS,2008,Kharif,Cotton(lint),7200,15200,2.111111111
Gujarat,PANCH MAHALS,2008,Kharif,Groundnut,600,900,1.5
Gujarat,PANCH MAHALS,2008,Kharif,Jowar,900,1100,1.222222222
Gujarat,PANCH MAHALS,2008,Kharif,Maize,113900,133900,1.175592625
Gujarat,PANCH MAHALS,2008,Kharif,Moong(Green Gram),2000,900,0.45
Gujarat,PANCH MAHALS,2008,Kharif,Other Cereals & Millets,700,400,0.571428571
Gujarat,PANCH MAHALS,2008,Kharif,Other Kharif pulses,1500,1000,0.666666667
Gujarat,PANCH MAHALS,2008,Kharif,Ragi,100,100,1
Gujarat,PANCH MAHALS,2008,Kharif,Rice,72100,51800,0.718446602
Gujarat,PANCH MAHALS,2008,Kharif,Sesamum,1700,500,0.294117647
Gujarat,PANCH MAHALS,2008,Kharif,Tobacco,400,600,1.5
Gujarat,PANCH MAHALS,2008,Kharif,Urad,3900,3100,0.794871795
Gujarat,PANCH MAHALS,2008,Rabi,Gram,11500,8400,0.730434783
Gujarat,PANCH MAHALS,2008,Rabi,Jowar,100,100,1
Gujarat,PANCH MAHALS,2008,Rabi,Onion,300,8300,27.66666667
Gujarat,PANCH MAHALS,2008,Rabi,Other  Rabi pulses,500,300,0.6
Gujarat,PANCH MAHALS,2008,Rabi,Other Cereals & Millets,4400,5200,1.181818182
Gujarat,PANCH MAHALS,2008,Rabi,Rapeseed &Mustard,300,300,1
Gujarat,PANCH MAHALS,2008,Rabi,Wheat,19900,24700,1.24120603
Gujarat,PANCH MAHALS,2008,Summer,Bajra,1900,4600,2.421052632
Gujarat,PANCH MAHALS,2008,Summer,Groundnut,2400,4300,1.791666667
Gujarat,PANCH MAHALS,2008,Summer,Rice,300,1000,3.333333333
Gujarat,PANCH MAHALS,2008,Whole Year,Banana,100,11600,116
Gujarat,PANCH MAHALS,2008,Whole Year,Dry chillies,500,400,0.8
Gujarat,PANCH MAHALS,2008,Whole Year,Garlic,600,3200,5.333333333
Gujarat,PANCH MAHALS,2008,Whole Year,Guar seed,400,200,0.5
Gujarat,PANCH MAHALS,2008,Whole Year,Potato,100,2500,25
Gujarat,PANCH MAHALS,2008,Whole Year,Sugarcane,100,4000,40
Gujarat,PANCH MAHALS,2009,Kharif,Arhar/Tur,26800,30700,1.145522388
Gujarat,PANCH MAHALS,2009,Kharif,Bajra,5200,3500,0.673076923
Gujarat,PANCH MAHALS,2009,Kharif,Castor seed,2200,4200,1.909090909
Gujarat,PANCH MAHALS,2009,Kharif,Cotton(lint),8700,22600,2.597701149
Gujarat,PANCH MAHALS,2009,Kharif,Groundnut,400,400,1
Gujarat,PANCH MAHALS,2009,Kharif,Jowar,1000,900,0.9
Gujarat,PANCH MAHALS,2009,Kharif,Maize,112100,84800,0.75646744
Gujarat,PANCH MAHALS,2009,Kharif,Moong(Green Gram),1800,700,0.388888889
Gujarat,PANCH MAHALS,2009,Kharif,Other Cereals & Millets,2000,1300,0.65
Gujarat,PANCH MAHALS,2009,Kharif,Other Kharif pulses,1300,900,0.692307692
Gujarat,PANCH MAHALS,2009,Kharif,Ragi,200,200,1
Gujarat,PANCH MAHALS,2009,Kharif,Rice,61000,29600,0.485245902
Gujarat,PANCH MAHALS,2009,Kharif,Sesamum,1700,600,0.352941176
Gujarat,PANCH MAHALS,2009,Kharif,Tobacco,800,1300,1.625
Gujarat,PANCH MAHALS,2009,Kharif,Urad,3700,1500,0.405405405
Gujarat,PANCH MAHALS,2009,Rabi,Gram,9200,7500,0.815217391
Gujarat,PANCH MAHALS,2009,Rabi,Jowar,100,100,1
Gujarat,PANCH MAHALS,2009,Rabi,Onion,300,8400,28
Gujarat,PANCH MAHALS,2009,Rabi,Other  Rabi pulses,900,600,0.666666667
Gujarat,PANCH MAHALS,2009,Rabi,Rapeseed &Mustard,300,500,1.666666667
Gujarat,PANCH MAHALS,2009,Rabi,Tobacco,800,1300,1.625
Gujarat,PANCH MAHALS,2009,Rabi,Wheat,15300,24100,1.575163399
Gujarat,PANCH MAHALS,2009,Summer,Bajra,2600,5900,2.269230769
Gujarat,PANCH MAHALS,2009,Summer,Groundnut,1700,3300,1.941176471
Gujarat,PANCH MAHALS,2009,Summer,Rice,400,1100,2.75
Gujarat,PANCH MAHALS,2009,Whole Year,Banana,100,5200,52
Gujarat,PANCH MAHALS,2009,Whole Year,Dry chillies,600,500,0.833333333
Gujarat,PANCH MAHALS,2009,Whole Year,Garlic,700,3700,5.285714286
Gujarat,PANCH MAHALS,2009,Whole Year,Guar seed,600,200,0.333333333
Gujarat,PANCH MAHALS,2009,Whole Year,Potato,600,13300,22.16666667
Gujarat,PANCH MAHALS,2009,Whole Year,Sugarcane,100,6000,60
Gujarat,PANCH MAHALS,2010,Kharif,Arhar/Tur,23600,33300,1.411016949
Gujarat,PANCH MAHALS,2010,Kharif,Bajra,4400,3300,0.75
Gujarat,PANCH MAHALS,2010,Kharif,Castor seed,3600,7300,2.027777778
Gujarat,PANCH MAHALS,2010,Kharif,Cotton(lint),9800,18300,1.867346939
Gujarat,PANCH MAHALS,2010,Kharif,Groundnut,300,500,1.666666667
Gujarat,PANCH MAHALS,2010,Kharif,Jowar,1500,1600,1.066666667
Gujarat,PANCH MAHALS,2010,Kharif,Maize,115100,160700,1.396177237
Gujarat,PANCH MAHALS,2010,Kharif,Moong(Green Gram),1800,800,0.444444444
Gujarat,PANCH MAHALS,2010,Kharif,Moth,100,100,1
Gujarat,PANCH MAHALS,2010,Kharif,Other Cereals & Millets,200,100,0.5
Gujarat,PANCH MAHALS,2010,Kharif,Other Kharif pulses,1400,700,0.5
Gujarat,PANCH MAHALS,2010,Kharif,other oilseeds,200,100,0.5
Gujarat,PANCH MAHALS,2010,Kharif,Ragi,100,100,1
Gujarat,PANCH MAHALS,2010,Kharif,Rice,70400,59600,0.846590909
Gujarat,PANCH MAHALS,2010,Kharif,Sesamum,1700,700,0.411764706
Gujarat,PANCH MAHALS,2010,Kharif,Soyabean,800,600,0.75
Gujarat,PANCH MAHALS,2010,Kharif,Tobacco,600,1000,1.666666667
Gujarat,PANCH MAHALS,2010,Kharif,Urad,3700,4900,1.324324324
Gujarat,PANCH MAHALS,2010,Rabi,Gram,9800,8700,0.887755102
Gujarat,PANCH MAHALS,2010,Rabi,Jowar,600,700,1.166666667
Gujarat,PANCH MAHALS,2010,Rabi,Other  Rabi pulses,1900,1400,0.736842105
Gujarat,PANCH MAHALS,2010,Rabi,Rapeseed &Mustard,200,300,1.5
Gujarat,PANCH MAHALS,2010,Rabi,Wheat,18100,38000,2.099447514
Gujarat,PANCH MAHALS,2010,Summer,Bajra,9200,22500,2.445652174
Gujarat,PANCH MAHALS,2010,Summer,Groundnut,3300,5900,1.787878788
Gujarat,PANCH MAHALS,2010,Summer,Maize,1400,2800,2
Gujarat,PANCH MAHALS,2010,Summer,Moong(Green Gram),6500,3400,0.523076923
Gujarat,PANCH MAHALS,2010,Summer,Rice,500,1400,2.8
Gujarat,PANCH MAHALS,2010,Summer,Sesamum,100,100,1
Gujarat,PANCH MAHALS,2010,Whole Year,Banana,100,8400,84
Gujarat,PANCH MAHALS,2010,Whole Year,Dry chillies,400,400,1
Gujarat,PANCH MAHALS,2010,Whole Year,Garlic,700,4300,6.142857143
Gujarat,PANCH MAHALS,2010,Whole Year,Guar seed,400,300,0.75
Gujarat,PANCH MAHALS,2010,Whole Year,Onion,400,10800,27
Gujarat,PANCH MAHALS,2010,Whole Year,Potato,200,3700,18.5
Gujarat,PANCH MAHALS,2010,Whole Year,Sugarcane,100,7000,70
Gujarat,PANCH MAHALS,2011,Kharif,Arhar/Tur,20500,31300,1.526829268
Gujarat,PANCH MAHALS,2011,Kharif,Bajra,2700,1800,0.666666667
Gujarat,PANCH MAHALS,2011,Kharif,Castor seed,12000,24700,2.058333333
Gujarat,PANCH MAHALS,2011,Kharif,Cotton(lint),10100,17700,1.752475248
Gujarat,PANCH MAHALS,2011,Kharif,Groundnut,200,300,1.5
Gujarat,PANCH MAHALS,2011,Kharif,Maize,110400,133200,1.206521739
Gujarat,PANCH MAHALS,2011,Kharif,Moong(Green Gram),1000,500,0.5
Gujarat,PANCH MAHALS,2011,Kharif,Other Cereals & Millets,1200,500,0.416666667
Gujarat,PANCH MAHALS,2011,Kharif,Other Kharif pulses,1500,800,0.533333333
Gujarat,PANCH MAHALS,2011,Kharif,Ragi,200,200,1
Gujarat,PANCH MAHALS,2011,Kharif,Rice,78300,98200,1.254150702
Gujarat,PANCH MAHALS,2011,Kharif,Sesamum,1200,600,0.5
Gujarat,PANCH MAHALS,2011,Kharif,Soyabean,500,300,0.6
Gujarat,PANCH MAHALS,2011,Kharif,Tobacco,500,900,1.8
Gujarat,PANCH MAHALS,2011,Kharif,Urad,2100,1100,0.523809524
Gujarat,PANCH MAHALS,2011,Rabi,Gram,8600,8000,0.930232558
Gujarat,PANCH MAHALS,2011,Rabi,Jowar,700,800,1.142857143
Gujarat,PANCH MAHALS,2011,Rabi,Maize,29800,48000,1.610738255
Gujarat,PANCH MAHALS,2011,Rabi,Onion,300,9200,30.66666667
Gujarat,PANCH MAHALS,2011,Rabi,Other  Rabi pulses,900,500,0.555555556
Gujarat,PANCH MAHALS,2011,Rabi,Rapeseed &Mustard,200,400,2
Gujarat,PANCH MAHALS,2011,Rabi,Wheat,29500,71700,2.430508475
Gujarat,PANCH MAHALS,2011,Summer,Bajra,14200,35800,2.521126761
Gujarat,PANCH MAHALS,2011,Summer,Groundnut,6000,11400,1.9
Gujarat,PANCH MAHALS,2011,Summer,Maize,5000,11000,2.2
Gujarat,PANCH MAHALS,2011,Summer,Moong(Green Gram),4100,1800,0.43902439
Gujarat,PANCH MAHALS,2011,Summer,Rice,800,2600,3.25
Gujarat,PANCH MAHALS,2011,Summer,Sesamum,700,300,0.428571429
Gujarat,PANCH MAHALS,2011,Summer,Urad,100,100,1
Gujarat,PANCH MAHALS,2011,Whole Year,Banana,100,6400,64
Gujarat,PANCH MAHALS,2011,Whole Year,Dry chillies,400,300,0.75
Gujarat,PANCH MAHALS,2011,Whole Year,Garlic,300,2300,7.666666667
Gujarat,PANCH MAHALS,2011,Whole Year,Guar seed,800,500,0.625
Gujarat,PANCH MAHALS,2011,Whole Year,other oilseeds,2100,900,0.428571429
Gujarat,PANCH MAHALS,2011,Whole Year,Potato,300,7300,24.33333333
Gujarat,PANCH MAHALS,2012,Kharif,Arhar/Tur,19200,36800,1.916666667
Gujarat,PANCH MAHALS,2012,Kharif,Bajra,3100,2700,0.870967742
Gujarat,PANCH MAHALS,2012,Kharif,Castor seed,10800,21400,1.981481481
Gujarat,PANCH MAHALS,2012,Kharif,Cotton(lint),11300,27800,2.460176991
Gujarat,PANCH MAHALS,2012,Kharif,Groundnut,200,100,0.5
Gujarat,PANCH MAHALS,2012,Kharif,Jowar,100,100,1
Gujarat,PANCH MAHALS,2012,Kharif,Maize,117300,193600,1.650468883
Gujarat,PANCH MAHALS,2012,Kharif,Moong(Green Gram),1300,600,0.461538462
Gujarat,PANCH MAHALS,2012,Kharif,Moth,100,100,1
Gujarat,PANCH MAHALS,2012,Kharif,Other Cereals & Millets,300,300,1
Gujarat,PANCH MAHALS,2012,Kharif,Rice,67300,118900,1.766716196
Gujarat,PANCH MAHALS,2012,Kharif,Sesamum,2100,500,0.238095238
Gujarat,PANCH MAHALS,2012,Kharif,Soyabean,300,300,1
Gujarat,PANCH MAHALS,2012,Kharif,Urad,2900,2400,0.827586207
Gujarat,PANCH MAHALS,2012,Rabi,Gram,9400,13600,1.446808511
Gujarat,PANCH MAHALS,2012,Rabi,Jowar,500,500,1
Gujarat,PANCH MAHALS,2012,Rabi,Maize,22200,31200,1.405405405
Gujarat,PANCH MAHALS,2012,Rabi,Onion,200,4400,22
Gujarat,PANCH MAHALS,2012,Rabi,Other  Rabi pulses,2600,1600,0.615384615
Gujarat,PANCH MAHALS,2012,Rabi,Other Cereals & Millets,300,1200,4
Gujarat,PANCH MAHALS,2012,Rabi,Rapeseed &Mustard,300,500,1.666666667
Gujarat,PANCH MAHALS,2012,Rabi,Tobacco,100,,
Gujarat,PANCH MAHALS,2012,Rabi,Wheat,39100,123300,3.153452685
Gujarat,PANCH MAHALS,2012,Summer,Bajra,4900,13000,2.653061224
Gujarat,PANCH MAHALS,2012,Summer,Groundnut,4500,10200,2.266666667
Gujarat,PANCH MAHALS,2012,Summer,Maize,1900,4900,2.578947368
Gujarat,PANCH MAHALS,2012,Summer,Moong(Green Gram),1200,600,0.5
Gujarat,PANCH MAHALS,2012,Summer,Rice,200,800,4
Gujarat,PANCH MAHALS,2012,Summer,Sesamum,300,12800,42.66666667
Gujarat,PANCH MAHALS,2012,Whole Year,Banana,100,5200,52
Gujarat,PANCH MAHALS,2012,Whole Year,Dry chillies,100,100,1
Gujarat,PANCH MAHALS,2012,Whole Year,Garlic,300,1400,4.666666667
Gujarat,PANCH MAHALS,2012,Whole Year,Guar seed,4800,2900,0.604166667
Gujarat,PANCH MAHALS,2012,Whole Year,Potato,100,1100,11
Gujarat,PATAN,2003,Kharif,Arhar/Tur,1700,1500,0.882352941
Gujarat,PATAN,2003,Kharif,Bajra,83800,78900,0.941527446
Gujarat,PATAN,2003,Kharif,Castor seed,27300,42600,1.56043956
Gujarat,PATAN,2003,Kharif,Cotton(lint),76800,77400,1.0078125
Gujarat,PATAN,2003,Kharif,Jowar,6100,5400,0.885245902
Gujarat,PATAN,2003,Kharif,Moong(Green Gram),14900,8800,0.590604027
Gujarat,PATAN,2003,Kharif,Moth,3400,2500,0.735294118
Gujarat,PATAN,2003,Kharif,Other Kharif pulses,3800,1400,0.368421053
Gujarat,PATAN,2003,Kharif,Sesamum,4200,2500,0.595238095
Gujarat,PATAN,2003,Kharif,Small millets,2200,1000,0.454545455
Gujarat,PATAN,2003,Kharif,Urad,6400,2900,0.453125
Gujarat,PATAN,2003,Rabi,Gram,6200,4800,0.774193548
Gujarat,PATAN,2003,Rabi,Rapeseed &Mustard,44900,64900,1.445434298
Gujarat,PATAN,2003,Rabi,Wheat,22400,61000,2.723214286
Gujarat,PATAN,2003,Summer,Bajra,3000,6100,2.033333333
Gujarat,PATAN,2003,Whole Year,Dry chillies,200,100,0.5
Gujarat,PATAN,2003,Whole Year,Guar seed,12500,8100,0.648
Gujarat,PATAN,2003,Whole Year,Potato,100,2600,26
Gujarat,PATAN,2004,Kharif,Arhar/Tur,1400,1300,0.928571429
Gujarat,PATAN,2004,Kharif,Bajra,65200,48400,0.742331288
Gujarat,PATAN,2004,Kharif,Castor seed,33400,48400,1.449101796
Gujarat,PATAN,2004,Kharif,Cotton(lint),101100,110100,1.089020772
Gujarat,PATAN,2004,Kharif,Moong(Green Gram),13000,6500,0.5
Gujarat,PATAN,2004,Kharif,Moth,2000,1400,0.7
Gujarat,PATAN,2004,Kharif,Other Cereals & Millets,1600,700,0.4375
Gujarat,PATAN,2004,Kharif,Other Kharif pulses,2800,1400,0.5
Gujarat,PATAN,2004,Kharif,Sesamum,3700,1100,0.297297297
Gujarat,PATAN,2004,Kharif,Small millets,1600,700,0.4375
Gujarat,PATAN,2004,Kharif,Urad,5800,1100,0.189655172
Gujarat,PATAN,2004,Rabi,Gram,500,300,0.6
Gujarat,PATAN,2004,Rabi,Rapeseed &Mustard,34300,45400,1.32361516
Gujarat,PATAN,2004,Rabi,Wheat,17100,44400,2.596491228
Gujarat,PATAN,2004,Summer,Bajra,2500,5200,2.08
Gujarat,PATAN,2004,Whole Year,Dry chillies,300,200,0.666666667
Gujarat,PATAN,2004,Whole Year,Guar seed,15000,10600,0.706666667
Gujarat,PATAN,2004,Whole Year,Potato,100,3000,30
Gujarat,PATAN,2004,Whole Year,Tobacco,100,200,2
Gujarat,PATAN,2005,Kharif,Arhar/Tur,1600,1600,1
Gujarat,PATAN,2005,Kharif,Bajra,91500,56300,0.615300546
Gujarat,PATAN,2005,Kharif,Castor seed,29600,52400,1.77027027
Gujarat,PATAN,2005,Kharif,Cotton(lint),83300,133800,1.606242497
Gujarat,PATAN,2005,Kharif,Jowar,100,100,1
Gujarat,PATAN,2005,Kharif,Moong(Green Gram),16400,9900,0.603658537
Gujarat,PATAN,2005,Kharif,Moth,3600,2200,0.611111111
Gujarat,PATAN,2005,Kharif,Other Cereals & Millets,1700,700,0.411764706
Gujarat,PATAN,2005,Kharif,Other Kharif pulses,3900,1900,0.487179487
Gujarat,PATAN,2005,Kharif,Sesamum,5500,2100,0.381818182
Gujarat,PATAN,2005,Kharif,Urad,7800,3300,0.423076923
Gujarat,PATAN,2005,Rabi,Gram,2900,3100,1.068965517
Gujarat,PATAN,2005,Rabi,Other  Rabi pulses,100,100,1
Gujarat,PATAN,2005,Rabi,Rapeseed &Mustard,45100,64300,1.425720621
Gujarat,PATAN,2005,Rabi,Wheat,21600,55000,2.546296296
Gujarat,PATAN,2005,Summer,Bajra,3500,6700,1.914285714
Gujarat,PATAN,2005,Whole Year,Dry chillies,400,300,0.75
Gujarat,PATAN,2005,Whole Year,Guar seed,16100,11300,0.701863354
Gujarat,PATAN,2005,Whole Year,Potato,100,3300,33
Gujarat,PATAN,2005,Whole Year,Tobacco,100,100,1
Gujarat,PATAN,2006,Kharif,Arhar/Tur,1200,1000,0.833333333
Gujarat,PATAN,2006,Kharif,Bajra,91600,21600,0.23580786
Gujarat,PATAN,2006,Kharif,Castor seed,16800,20400,1.214285714
Gujarat,PATAN,2006,Kharif,Cotton(lint),79600,102500,1.287688442
Gujarat,PATAN,2006,Kharif,Jowar,3300,3700,1.121212121
Gujarat,PATAN,2006,Kharif,Moong(Green Gram),17400,4000,0.229885057
Gujarat,PATAN,2006,Kharif,Moth,3900,500,0.128205128
Gujarat,PATAN,2006,Kharif,Other Cereals & Millets,2900,1500,0.517241379
Gujarat,PATAN,2006,Kharif,Other Kharif pulses,4000,2400,0.6
Gujarat,PATAN,2006,Kharif,Sesamum,6500,1300,0.2
Gujarat,PATAN,2006,Kharif,Urad,8700,1600,0.183908046
Gujarat,PATAN,2006,Rabi,Gram,16200,8600,0.530864198
Gujarat,PATAN,2006,Rabi,Rapeseed &Mustard,56100,66700,1.188948307
Gujarat,PATAN,2006,Rabi,Wheat,27100,60100,2.217712177
Gujarat,PATAN,2006,Summer,Bajra,4600,11000,2.391304348
Gujarat,PATAN,2006,Whole Year,Dry chillies,300,200,0.666666667
Gujarat,PATAN,2006,Whole Year,Guar seed,14500,6900,0.475862069
Gujarat,PATAN,2006,Whole Year,Potato,200,4200,21
Gujarat,PATAN,2007,Kharif,Arhar/Tur,1200,1400,1.166666667
Gujarat,PATAN,2007,Kharif,Bajra,88900,46300,0.520809899
Gujarat,PATAN,2007,Kharif,Castor seed,31500,47000,1.492063492
Gujarat,PATAN,2007,Kharif,Cotton(lint),66300,102500,1.546003017
Gujarat,PATAN,2007,Kharif,Moong(Green Gram),19400,9800,0.505154639
Gujarat,PATAN,2007,Kharif,Moth,4000,1800,0.45
Gujarat,PATAN,2007,Kharif,Other Cereals & Millets,2100,1100,0.523809524
Gujarat,PATAN,2007,Kharif,Other Kharif pulses,4100,2500,0.609756098
Gujarat,PATAN,2007,Kharif,Sesamum,6000,2600,0.433333333
Gujarat,PATAN,2007,Kharif,Urad,14900,9600,0.644295302
Gujarat,PATAN,2007,Rabi,Gram,20000,15100,0.755
Gujarat,PATAN,2007,Rabi,Rapeseed &Mustard,52000,82700,1.590384615
Gujarat,PATAN,2007,Rabi,Wheat,32600,81700,2.506134969
Gujarat,PATAN,2007,Summer,Bajra,4200,9300,2.214285714
Gujarat,PATAN,2007,Whole Year,Dry chillies,300,200,0.666666667
Gujarat,PATAN,2007,Whole Year,Guar seed,12000,11700,0.975
Gujarat,PATAN,2007,Whole Year,Potato,300,6300,21
Gujarat,PATAN,2007,Whole Year,Tobacco,100,100,1
Gujarat,PATAN,2008,Kharif,Arhar/Tur,800,800,1
Gujarat,PATAN,2008,Kharif,Bajra,58400,42900,0.734589041
Gujarat,PATAN,2008,Kharif,Castor seed,42100,68300,1.622327791
Gujarat,PATAN,2008,Kharif,Cotton(lint),71300,151300,2.122019635
Gujarat,PATAN,2008,Kharif,Groundnut,100,100,1
Gujarat,PATAN,2008,Kharif,Jowar,4100,5200,1.268292683
Gujarat,PATAN,2008,Kharif,Moong(Green Gram),16800,7500,0.446428571
Gujarat,PATAN,2008,Kharif,Moth,4800,1600,0.333333333
Gujarat,PATAN,2008,Kharif,Other Cereals & Millets,1700,1000,0.588235294
Gujarat,PATAN,2008,Kharif,Other Kharif pulses,1300,800,0.615384615
Gujarat,PATAN,2008,Kharif,Sesamum,6300,2000,0.317460317
Gujarat,PATAN,2008,Kharif,Tobacco,200,300,1.5
Gujarat,PATAN,2008,Kharif,Urad,12800,7700,0.6015625
Gujarat,PATAN,2008,Rabi,Gram,5500,3400,0.618181818
Gujarat,PATAN,2008,Rabi,Rapeseed &Mustard,48200,54800,1.136929461
Gujarat,PATAN,2008,Rabi,Wheat,26200,67600,2.580152672
Gujarat,PATAN,2008,Summer,Bajra,4700,12800,2.723404255
Gujarat,PATAN,2008,Whole Year,Dry chillies,200,200,1
Gujarat,PATAN,2008,Whole Year,Guar seed,9000,5400,0.6
Gujarat,PATAN,2008,Whole Year,Potato,300,6100,20.33333333
Gujarat,PATAN,2009,Kharif,Arhar/Tur,700,600,0.857142857
Gujarat,PATAN,2009,Kharif,Bajra,62600,26100,0.416932907
Gujarat,PATAN,2009,Kharif,Castor seed,46800,67900,1.450854701
Gujarat,PATAN,2009,Kharif,Cotton(lint),66600,121300,1.821321321
Gujarat,PATAN,2009,Kharif,Jowar,500,200,0.4
Gujarat,PATAN,2009,Kharif,Moong(Green Gram),17200,3400,0.197674419
Gujarat,PATAN,2009,Kharif,Moth,4800,1000,0.208333333
Gujarat,PATAN,2009,Kharif,Other Cereals & Millets,1800,1100,0.611111111
Gujarat,PATAN,2009,Kharif,Other Kharif pulses,1500,1100,0.733333333
Gujarat,PATAN,2009,Kharif,Sesamum,7700,1500,0.194805195
Gujarat,PATAN,2009,Kharif,Urad,11700,3400,0.290598291
Gujarat,PATAN,2009,Rabi,Gram,2000,1100,0.55
Gujarat,PATAN,2009,Rabi,Other Cereals & Millets,500,600,1.2
Gujarat,PATAN,2009,Rabi,Rapeseed &Mustard,45000,69500,1.544444444
Gujarat,PATAN,2009,Rabi,Wheat,29300,90600,3.092150171
Gujarat,PATAN,2009,Summer,Bajra,4900,12100,2.469387755
Gujarat,PATAN,2009,Whole Year,Dry chillies,300,300,1
Gujarat,PATAN,2009,Whole Year,Guar seed,9700,2700,0.278350515
Gujarat,PATAN,2009,Whole Year,Potato,500,10900,21.8
Gujarat,PATAN,2010,Kharif,Arhar/Tur,600,600,1
Gujarat,PATAN,2010,Kharif,Bajra,51200,25500,0.498046875
Gujarat,PATAN,2010,Kharif,Castor seed,48900,90600,1.852760736
Gujarat,PATAN,2010,Kharif,Cotton(lint),68500,150500,2.197080292
Gujarat,PATAN,2010,Kharif,Jowar,300,300,1
Gujarat,PATAN,2010,Kharif,Moong(Green Gram),11900,5700,0.478991597
Gujarat,PATAN,2010,Kharif,Moth,2300,1400,0.608695652
Gujarat,PATAN,2010,Kharif,Other Cereals & Millets,900,600,0.666666667
Gujarat,PATAN,2010,Kharif,Other Kharif pulses,1700,900,0.529411765
Gujarat,PATAN,2010,Kharif,other oilseeds,1600,600,0.375
Gujarat,PATAN,2010,Kharif,Sesamum,3800,1600,0.421052632
Gujarat,PATAN,2010,Kharif,Urad,12200,6500,0.532786885
Gujarat,PATAN,2010,Rabi,Gram,12200,8500,0.696721311
Gujarat,PATAN,2010,Rabi,Jowar,1100,1200,1.090909091
Gujarat,PATAN,2010,Rabi,Maize,2300,4500,1.956521739
Gujarat,PATAN,2010,Rabi,Other Cereals & Millets,1200,1400,1.166666667
Gujarat,PATAN,2010,Rabi,Rapeseed &Mustard,35400,55300,1.562146893
Gujarat,PATAN,2010,Rabi,Tobacco,600,1200,2
Gujarat,PATAN,2010,Rabi,Wheat,47800,154800,3.238493724
Gujarat,PATAN,2010,Summer,Bajra,15100,38700,2.562913907
Gujarat,PATAN,2010,Summer,Moong(Green Gram),100,100,1
Gujarat,PATAN,2010,Whole Year,Dry chillies,200,200,1
Gujarat,PATAN,2010,Whole Year,Guar seed,5600,3900,0.696428571
Gujarat,PATAN,2010,Whole Year,Potato,700,15700,22.42857143
Gujarat,PATAN,2011,Kharif,Arhar/Tur,500,500,1
Gujarat,PATAN,2011,Kharif,Bajra,41600,30200,0.725961538
Gujarat,PATAN,2011,Kharif,Castor seed,131000,231300,1.765648855
Gujarat,PATAN,2011,Kharif,Cotton(lint),72700,198800,2.734525447
Gujarat,PATAN,2011,Kharif,Groundnut,100,100,1
Gujarat,PATAN,2011,Kharif,Moong(Green Gram),9100,3300,0.362637363
Gujarat,PATAN,2011,Kharif,Moth,3300,1600,0.484848485
Gujarat,PATAN,2011,Kharif,Other Cereals & Millets,1200,900,0.75
Gujarat,PATAN,2011,Kharif,Other Kharif pulses,600,200,0.333333333
Gujarat,PATAN,2011,Kharif,Sesamum,2900,1900,0.655172414
Gujarat,PATAN,2011,Kharif,Urad,8500,5800,0.682352941
Gujarat,PATAN,2011,Rabi,Gram,18800,12100,0.643617021
Gujarat,PATAN,2011,Rabi,Onion,100,300,3
Gujarat,PATAN,2011,Rabi,Other  Rabi pulses,200,100,0.5
Gujarat,PATAN,2011,Rabi,Other Cereals & Millets,1800,1500,0.833333333
Gujarat,PATAN,2011,Rabi,Rapeseed &Mustard,25400,41500,1.633858268
Gujarat,PATAN,2011,Rabi,Tobacco,600,900,1.5
Gujarat,PATAN,2011,Rabi,Wheat,43900,137900,3.141230068
Gujarat,PATAN,2011,Summer,Bajra,15100,42300,2.801324503
Gujarat,PATAN,2011,Whole Year,Dry chillies,200,200,1
Gujarat,PATAN,2011,Whole Year,Guar seed,4400,2500,0.568181818
Gujarat,PATAN,2011,Whole Year,other oilseeds,200,100,0.5
Gujarat,PATAN,2011,Whole Year,Potato,700,15900,22.71428571
Gujarat,PATAN,2012,Kharif,Arhar/Tur,500,500,1
Gujarat,PATAN,2012,Kharif,Bajra,35000,19000,0.542857143
Gujarat,PATAN,2012,Kharif,Castor seed,77700,125500,1.615186615
Gujarat,PATAN,2012,Kharif,Cotton(lint),55200,160400,2.905797101
Gujarat,PATAN,2012,Kharif,Groundnut,100,4900,49
Gujarat,PATAN,2012,Kharif,Moong(Green Gram),7800,3500,0.448717949
Gujarat,PATAN,2012,Kharif,Moth,1400,600,0.428571429
Gujarat,PATAN,2012,Kharif,Other Cereals & Millets,900,600,0.666666667
Gujarat,PATAN,2012,Kharif,Other Kharif pulses,300,100,0.333333333
Gujarat,PATAN,2012,Kharif,Sesamum,2600,1100,0.423076923
Gujarat,PATAN,2012,Kharif,Urad,12600,6000,0.476190476
Gujarat,PATAN,2012,Rabi,Gram,9900,5100,0.515151515
Gujarat,PATAN,2012,Rabi,Other Cereals & Millets,200,500,2.5
Gujarat,PATAN,2012,Rabi,Rapeseed &Mustard,27900,42400,1.519713262
Gujarat,PATAN,2012,Rabi,Tobacco,100,100,1
Gujarat,PATAN,2012,Rabi,Wheat,39900,136200,3.413533835
Gujarat,PATAN,2012,Summer,Bajra,10200,27000,2.647058824
Gujarat,PATAN,2012,Whole Year,Dry chillies,200,200,1
Gujarat,PATAN,2012,Whole Year,Guar seed,13300,8000,0.601503759
Gujarat,PATAN,2012,Whole Year,Potato,500,11400,22.8
Gujarat,PORBANDAR,2003,Kharif,Arhar/Tur,100,100,1
Gujarat,PORBANDAR,2003,Kharif,Bajra,3100,7200,2.322580645
Gujarat,PORBANDAR,2003,Kharif,Castor seed,1100,2000,1.818181818
Gujarat,PORBANDAR,2003,Kharif,Cotton(lint),3700,8300,2.243243243
Gujarat,PORBANDAR,2003,Kharif,Groundnut,75300,239300,3.177954847
Gujarat,PORBANDAR,2003,Kharif,Moong(Green Gram),1100,700,0.636363636
Gujarat,PORBANDAR,2003,Kharif,Sesamum,900,600,0.666666667
Gujarat,PORBANDAR,2003,Kharif,Urad,700,500,0.714285714
Gujarat,PORBANDAR,2003,Rabi,Gram,14000,12000,0.857142857
Gujarat,PORBANDAR,2003,Rabi,Jowar,2000,900,0.45
Gujarat,PORBANDAR,2003,Rabi,Rapeseed &Mustard,300,400,1.333333333
Gujarat,PORBANDAR,2003,Rabi,Wheat,4300,13500,3.139534884
Gujarat,PORBANDAR,2003,Summer,Bajra,200,400,2
Gujarat,PORBANDAR,2003,Summer,Groundnut,100,100,1
Gujarat,PORBANDAR,2003,Whole Year,Garlic,400,3100,7.75
Gujarat,PORBANDAR,2003,Whole Year,Onion,1100,36100,32.81818182
Gujarat,PORBANDAR,2004,Kharif,Bajra,3200,5600,1.75
Gujarat,PORBANDAR,2004,Kharif,Castor seed,600,1000,1.666666667
Gujarat,PORBANDAR,2004,Kharif,Cotton(lint),3200,7200,2.25
Gujarat,PORBANDAR,2004,Kharif,Groundnut,85600,95400,1.114485981
Gujarat,PORBANDAR,2004,Kharif,Moong(Green Gram),500,200,0.4
Gujarat,PORBANDAR,2004,Kharif,Sesamum,600,200,0.333333333
Gujarat,PORBANDAR,2004,Kharif,Urad,500,300,0.6
Gujarat,PORBANDAR,2004,Rabi,Gram,5900,7200,1.220338983
Gujarat,PORBANDAR,2004,Rabi,Jowar,3900,3500,0.897435897
Gujarat,PORBANDAR,2004,Rabi,Rapeseed &Mustard,500,600,1.2
Gujarat,PORBANDAR,2004,Rabi,Wheat,7200,23800,3.305555556
Gujarat,PORBANDAR,2004,Summer,Bajra,100,200,2
Gujarat,PORBANDAR,2004,Summer,Groundnut,100,100,1
Gujarat,PORBANDAR,2004,Whole Year,Garlic,700,3500,5
Gujarat,PORBANDAR,2004,Whole Year,Onion,2000,60800,30.4
Gujarat,PORBANDAR,2005,Kharif,Bajra,1000,1700,1.7
Gujarat,PORBANDAR,2005,Kharif,Castor seed,800,1500,1.875
Gujarat,PORBANDAR,2005,Kharif,Cotton(lint),11700,37700,3.222222222
Gujarat,PORBANDAR,2005,Kharif,Groundnut,88300,184300,2.087202718
Gujarat,PORBANDAR,2005,Kharif,Moong(Green Gram),800,500,0.625
Gujarat,PORBANDAR,2005,Kharif,Sesamum,700,300,0.428571429
Gujarat,PORBANDAR,2005,Kharif,Urad,700,600,0.857142857
Gujarat,PORBANDAR,2005,Rabi,Gram,12500,20100,1.608
Gujarat,PORBANDAR,2005,Rabi,Jowar,4300,5300,1.23255814
Gujarat,PORBANDAR,2005,Rabi,Rapeseed &Mustard,100,100,1
Gujarat,PORBANDAR,2005,Rabi,Wheat,6200,16300,2.629032258
Gujarat,PORBANDAR,2005,Summer,Bajra,100,300,3
Gujarat,PORBANDAR,2005,Summer,Groundnut,100,100,1
Gujarat,PORBANDAR,2005,Whole Year,Garlic,600,4200,7
Gujarat,PORBANDAR,2005,Whole Year,Onion,1300,38700,29.76923077
Gujarat,PORBANDAR,2006,Kharif,Bajra,1200,1400,1.166666667
Gujarat,PORBANDAR,2006,Kharif,Castor seed,900,1600,1.777777778
Gujarat,PORBANDAR,2006,Kharif,Cotton(lint),15400,64500,4.188311688
Gujarat,PORBANDAR,2006,Kharif,Groundnut,82500,140300,1.700606061
Gujarat,PORBANDAR,2006,Kharif,Jowar,600,700,1.166666667
Gujarat,PORBANDAR,2006,Kharif,Moong(Green Gram),800,300,0.375
Gujarat,PORBANDAR,2006,Kharif,Sesamum,600,200,0.333333333
Gujarat,PORBANDAR,2006,Kharif,Urad,600,300,0.5
Gujarat,PORBANDAR,2006,Rabi,Gram,14700,21900,1.489795918
Gujarat,PORBANDAR,2006,Rabi,Jowar,5100,4600,0.901960784
Gujarat,PORBANDAR,2006,Rabi,Other Cereals & Millets,100,100,1
Gujarat,PORBANDAR,2006,Rabi,Rapeseed &Mustard,100,100,1
Gujarat,PORBANDAR,2006,Rabi,Wheat,12600,38000,3.015873016
Gujarat,PORBANDAR,2006,Summer,Bajra,700,1600,2.285714286
Gujarat,PORBANDAR,2006,Summer,Groundnut,300,500,1.666666667
Gujarat,PORBANDAR,2006,Whole Year,Garlic,600,3800,6.333333333
Gujarat,PORBANDAR,2006,Whole Year,Onion,2000,45300,22.65
Gujarat,PORBANDAR,2007,Kharif,Bajra,1000,2200,2.2
Gujarat,PORBANDAR,2007,Kharif,Castor seed,600,1200,2
Gujarat,PORBANDAR,2007,Kharif,Cotton(lint),13900,69100,4.971223022
Gujarat,PORBANDAR,2007,Kharif,Groundnut,90500,142900,1.579005525
Gujarat,PORBANDAR,2007,Kharif,Jowar,400,500,1.25
Gujarat,PORBANDAR,2007,Kharif,Moong(Green Gram),600,300,0.5
Gujarat,PORBANDAR,2007,Kharif,Moth,400,300,0.75
Gujarat,PORBANDAR,2007,Kharif,Sesamum,200,100,0.5
Gujarat,PORBANDAR,2007,Kharif,Urad,500,300,0.6
Gujarat,PORBANDAR,2007,Rabi,Gram,14500,16300,1.124137931
Gujarat,PORBANDAR,2007,Rabi,Jowar,4300,4500,1.046511628
Gujarat,PORBANDAR,2007,Rabi,Other Cereals & Millets,300,400,1.333333333
Gujarat,PORBANDAR,2007,Rabi,Rapeseed &Mustard,100,200,2
Gujarat,PORBANDAR,2007,Rabi,Wheat,13300,41800,3.142857143
Gujarat,PORBANDAR,2007,Summer,Bajra,700,1700,2.428571429
Gujarat,PORBANDAR,2007,Summer,Groundnut,300,600,2
Gujarat,PORBANDAR,2007,Whole Year,Garlic,600,3900,6.5
Gujarat,PORBANDAR,2007,Whole Year,Guar seed,300,200,0.666666667
Gujarat,PORBANDAR,2007,Whole Year,Onion,1500,43900,29.26666667
Gujarat,PORBANDAR,2008,Kharif,Bajra,500,1000,2
Gujarat,PORBANDAR,2008,Kharif,Castor seed,600,1200,2
Gujarat,PORBANDAR,2008,Kharif,Cotton(lint),6400,40400,6.3125
Gujarat,PORBANDAR,2008,Kharif,Groundnut,89600,213500,2.3828125
Gujarat,PORBANDAR,2008,Kharif,Moong(Green Gram),300,100,0.333333333
Gujarat,PORBANDAR,2008,Kharif,Sesamum,200,100,0.5
Gujarat,PORBANDAR,2008,Kharif,Urad,200,100,0.5
Gujarat,PORBANDAR,2008,Rabi,Gram,14800,18900,1.277027027
Gujarat,PORBANDAR,2008,Rabi,Jowar,6300,4000,0.634920635
Gujarat,PORBANDAR,2008,Rabi,Onion,1300,34200,26.30769231
Gujarat,PORBANDAR,2008,Rabi,Rapeseed &Mustard,100,100,1
Gujarat,PORBANDAR,2008,Rabi,Wheat,5600,15100,2.696428571
Gujarat,PORBANDAR,2008,Summer,Bajra,100,300,3
Gujarat,PORBANDAR,2008,Summer,Groundnut,100,100,1
Gujarat,PORBANDAR,2008,Whole Year,Garlic,100,700,7
Gujarat,PORBANDAR,2009,Kharif,Bajra,300,400,1.333333333
Gujarat,PORBANDAR,2009,Kharif,Castor seed,200,400,2
Gujarat,PORBANDAR,2009,Kharif,Cotton(lint),5600,16900,3.017857143
Gujarat,PORBANDAR,2009,Kharif,Groundnut,85800,170300,1.984848485
Gujarat,PORBANDAR,2009,Kharif,Maize,300,300,1
Gujarat,PORBANDAR,2009,Kharif,Moong(Green Gram),200,100,0.5
Gujarat,PORBANDAR,2009,Kharif,Urad,200,100,0.5
Gujarat,PORBANDAR,2009,Rabi,Gram,7200,7600,1.055555556
Gujarat,PORBANDAR,2009,Rabi,Jowar,15900,12800,0.805031447
Gujarat,PORBANDAR,2009,Rabi,Onion,1000,27500,27.5
Gujarat,PORBANDAR,2009,Rabi,Other  Rabi pulses,200,100,0.5
Gujarat,PORBANDAR,2009,Rabi,Other Cereals & Millets,100,100,1
Gujarat,PORBANDAR,2009,Rabi,Wheat,2200,5900,2.681818182
Gujarat,PORBANDAR,2009,Summer,Groundnut,100,100,1
Gujarat,PORBANDAR,2009,Whole Year,Garlic,100,600,6
Gujarat,PORBANDAR,2010,Kharif,Arhar/Tur,100,100,1
Gujarat,PORBANDAR,2010,Kharif,Bajra,100,200,2
Gujarat,PORBANDAR,2010,Kharif,Castor seed,300,500,1.666666667
Gujarat,PORBANDAR,2010,Kharif,Cotton(lint),7100,21400,3.014084507
Gujarat,PORBANDAR,2010,Kharif,Groundnut,83100,73300,0.882069795
Gujarat,PORBANDAR,2010,Kharif,Moong(Green Gram),800,400,0.5
Gujarat,PORBANDAR,2010,Kharif,other oilseeds,6100,2100,0.344262295
Gujarat,PORBANDAR,2010,Kharif,Sesamum,200,100,0.5
Gujarat,PORBANDAR,2010,Kharif,Urad,700,400,0.571428571
Gujarat,PORBANDAR,2010,Rabi,Gram,11400,15300,1.342105263
Gujarat,PORBANDAR,2010,Rabi,Jowar,13400,17000,1.268656716
Gujarat,PORBANDAR,2010,Rabi,Maize,500,900,1.8
Gujarat,PORBANDAR,2010,Rabi,Other Cereals & Millets,300,400,1.333333333
Gujarat,PORBANDAR,2010,Rabi,Wheat,34600,115200,3.329479769
Gujarat,PORBANDAR,2010,Summer,Bajra,300,700,2.333333333
Gujarat,PORBANDAR,2010,Summer,Groundnut,200,400,2
Gujarat,PORBANDAR,2010,Summer,Moong(Green Gram),2700,1400,0.518518519
Gujarat,PORBANDAR,2010,Summer,Sesamum,4600,2400,0.52173913
Gujarat,PORBANDAR,2010,Summer,Urad,300,200,0.666666667
Gujarat,PORBANDAR,2010,Whole Year,Garlic,200,900,4.5
Gujarat,PORBANDAR,2010,Whole Year,Onion,1100,30100,27.36363636
Gujarat,PORBANDAR,2011,Kharif,Bajra,200,200,1
Gujarat,PORBANDAR,2011,Kharif,Castor seed,6000,12300,2.05
Gujarat,PORBANDAR,2011,Kharif,Cotton(lint),23600,62000,2.627118644
Gujarat,PORBANDAR,2011,Kharif,Groundnut,76000,165200,2.173684211
Gujarat,PORBANDAR,2011,Kharif,Moong(Green Gram),1600,700,0.4375
Gujarat,PORBANDAR,2011,Kharif,Sesamum,500,200,0.4
Gujarat,PORBANDAR,2011,Kharif,Urad,2200,1700,0.772727273
Gujarat,PORBANDAR,2011,Rabi,Gram,18900,24100,1.275132275
Gujarat,PORBANDAR,2011,Rabi,Jowar,9900,8500,0.858585859
Gujarat,PORBANDAR,2011,Rabi,Onion,1900,55900,29.42105263
Gujarat,PORBANDAR,2011,Rabi,Other Cereals & Millets,200,200,1
Gujarat,PORBANDAR,2011,Rabi,Wheat,25200,73100,2.900793651
Gujarat,PORBANDAR,2011,Summer,Bajra,300,700,2.333333333
Gujarat,PORBANDAR,2011,Summer,Groundnut,200,400,2
Gujarat,PORBANDAR,2011,Summer,Moong(Green Gram),5800,2400,0.413793103
Gujarat,PORBANDAR,2011,Summer,Sesamum,2700,1200,0.444444444
Gujarat,PORBANDAR,2011,Summer,Urad,100,100,1
Gujarat,PORBANDAR,2011,Whole Year,Garlic,300,2200,7.333333333
Gujarat,PORBANDAR,2011,Whole Year,other oilseeds,8700,3800,0.436781609
Gujarat,PORBANDAR,2012,Kharif,Bajra,200,200,1
Gujarat,PORBANDAR,2012,Kharif,Castor seed,300,600,2
Gujarat,PORBANDAR,2012,Kharif,Cotton(lint),5500,12600,2.290909091
Gujarat,PORBANDAR,2012,Kharif,Groundnut,55500,20100,0.362162162
Gujarat,PORBANDAR,2012,Kharif,Moong(Green Gram),1600,700,0.4375
Gujarat,PORBANDAR,2012,Kharif,Sesamum,400,100,0.25
Gujarat,PORBANDAR,2012,Kharif,Urad,200,100,0.5
Gujarat,PORBANDAR,2012,Rabi,Gram,1500,1600,1.066666667
Gujarat,PORBANDAR,2012,Rabi,Jowar,3600,3200,0.888888889
Gujarat,PORBANDAR,2012,Rabi,Onion,400,9900,24.75
Gujarat,PORBANDAR,2012,Rabi,Wheat,2400,5700,2.375
Gujarat,PORBANDAR,2012,Summer,Bajra,100,300,3
Gujarat,PORBANDAR,2012,Summer,Moong(Green Gram),100,100,1
Gujarat,PORBANDAR,2012,Whole Year,Garlic,100,400,4
Gujarat,RAJKOT,1997,Kharif,Arhar/Tur,2700,2000,0.740740741
Gujarat,RAJKOT,1997,Kharif,Bajra,61600,94400,1.532467532
Gujarat,RAJKOT,1997,Kharif,Dry chillies,2400,3400,1.416666667
Gujarat,RAJKOT,1997,Kharif,Groundnut,423600,613800,1.449008499
Gujarat,RAJKOT,1997,Kharif,Moong(Green Gram),6900,5200,0.753623188
Gujarat,RAJKOT,1997,Kharif,Moth,1300,1000,0.769230769
Gujarat,RAJKOT,1997,Kharif,Other Kharif pulses,300,100,0.333333333
Gujarat,RAJKOT,1997,Kharif,Urad,6000,5300,0.883333333
Gujarat,RAJKOT,1997,Rabi,Gram,8500,11200,1.317647059
Gujarat,RAJKOT,1997,Rabi,Rapeseed &Mustard,1300,1300,1
Gujarat,RAJKOT,1997,Rabi,Wheat,63500,225100,3.54488189
Gujarat,RAJKOT,1997,Summer,Groundnut,1100,1900,1.727272727
Gujarat,RAJKOT,1997,Whole Year,Castor seed,12700,57000,4.488188976
Gujarat,RAJKOT,1997,Whole Year,Cotton(lint),143800,528800,3.677329624
Gujarat,RAJKOT,1997,Whole Year,Garlic,4800,33400,6.958333333
Gujarat,RAJKOT,1997,Whole Year,Onion,3400,132600,39
Gujarat,RAJKOT,1997,Whole Year,Pulses total,17200,136,0.007906977
Gujarat,RAJKOT,1997,Whole Year,Sesamum,34800,23200,0.666666667
Gujarat,RAJKOT,1997,Whole Year,Sugarcane,500,37000,74
Gujarat,RAJKOT,1998,Kharif,Arhar/Tur,2000,1900,0.95
Gujarat,RAJKOT,1998,Kharif,Bajra,50900,50700,0.996070727
Gujarat,RAJKOT,1998,Kharif,Castor seed,12200,57500,4.713114754
Gujarat,RAJKOT,1998,Kharif,Cotton(lint),153100,567300,3.705421293
Gujarat,RAJKOT,1998,Kharif,Groundnut,420100,527100,1.254701262
Gujarat,RAJKOT,1998,Kharif,Jowar,100,100,1
Gujarat,RAJKOT,1998,Kharif,Maize,100,100,1
Gujarat,RAJKOT,1998,Kharif,Moong(Green Gram),7800,3200,0.41025641
Gujarat,RAJKOT,1998,Kharif,Moth,800,500,0.625
Gujarat,RAJKOT,1998,Kharif,Other Cereals & Millets,100,,
Gujarat,RAJKOT,1998,Kharif,Other Kharif pulses,100,100,1
Gujarat,RAJKOT,1998,Kharif,Sesamum,38200,18800,0.492146597
Gujarat,RAJKOT,1998,Kharif,Small millets,100,,
Gujarat,RAJKOT,1998,Kharif,Urad,4700,1600,0.340425532
Gujarat,RAJKOT,1998,Rabi,Gram,9500,10300,1.084210526
Gujarat,RAJKOT,1998,Rabi,Rapeseed &Mustard,1100,1500,1.363636364
Gujarat,RAJKOT,1998,Rabi,Wheat,43900,139200,3.170842825
Gujarat,RAJKOT,1998,Summer,Groundnut,900,1200,1.333333333
Gujarat,RAJKOT,1998,Whole Year,Dry chillies,1900,2200,1.157894737
Gujarat,RAJKOT,1998,Whole Year,Garlic,7800,53800,6.897435897
Gujarat,RAJKOT,1998,Whole Year,Oilseeds total,472500,606100,1.282751323
Gujarat,RAJKOT,1998,Whole Year,Onion,7100,265400,37.38028169
Gujarat,RAJKOT,1998,Whole Year,Pulses total,24900,17600,0.706827309
Gujarat,RAJKOT,1998,Whole Year,Sugarcane,400,27000,67.5
Gujarat,RAJKOT,1999,Kharif,Arhar/Tur,2300,1900,0.826086957
Gujarat,RAJKOT,1999,Kharif,Bajra,43700,11500,0.263157895
Gujarat,RAJKOT,1999,Kharif,Castor seed,18300,31200,1.704918033
Gujarat,RAJKOT,1999,Kharif,Cotton(lint),149400,230300,1.541499331
Gujarat,RAJKOT,1999,Kharif,Groundnut,403200,26600,0.065972222
Gujarat,RAJKOT,1999,Kharif,Jowar,400,500,1.25
Gujarat,RAJKOT,1999,Kharif,Maize,300,300,1
Gujarat,RAJKOT,1999,Kharif,Moong(Green Gram),6400,1000,0.15625
Gujarat,RAJKOT,1999,Kharif,Moth,1000,200,0.2
Gujarat,RAJKOT,1999,Kharif,Other Kharif pulses,100,0,0
Gujarat,RAJKOT,1999,Kharif,Sesamum,44100,13600,0.308390023
Gujarat,RAJKOT,1999,Kharif,Urad,2800,300,0.107142857
Gujarat,RAJKOT,1999,Rabi,Gram,3600,2300,0.638888889
Gujarat,RAJKOT,1999,Rabi,Rapeseed &Mustard,1200,1200,1
Gujarat,RAJKOT,1999,Rabi,Wheat,9000,27600,3.066666667
Gujarat,RAJKOT,1999,Whole Year,Dry chillies,1700,1700,1
Gujarat,RAJKOT,1999,Whole Year,Garlic,1200,7400,6.166666667
Gujarat,RAJKOT,1999,Whole Year,Onion,1400,35300,25.21428571
Gujarat,RAJKOT,1999,Whole Year,Sugarcane,200,17000,85
Gujarat,RAJKOT,2000,Kharif,Arhar/Tur,1700,600,0.352941176
Gujarat,RAJKOT,2000,Kharif,Bajra,41600,23900,0.574519231
Gujarat,RAJKOT,2000,Kharif,Castor seed,17000,13000,0.764705882
Gujarat,RAJKOT,2000,Kharif,Cotton(lint),180500,70000,0.387811634
Gujarat,RAJKOT,2000,Kharif,Groundnut,381100,21600,0.056678037
Gujarat,RAJKOT,2000,Kharif,Jowar,5200,3200,0.615384615
Gujarat,RAJKOT,2000,Kharif,Maize,300,200,0.666666667
Gujarat,RAJKOT,2000,Kharif,Moong(Green Gram),4700,2000,0.425531915
Gujarat,RAJKOT,2000,Kharif,Moth,700,100,0.142857143
Gujarat,RAJKOT,2000,Kharif,Other Kharif pulses,900,200,0.222222222
Gujarat,RAJKOT,2000,Kharif,Sesamum,47600,15700,0.329831933
Gujarat,RAJKOT,2000,Kharif,Urad,3000,1800,0.6
Gujarat,RAJKOT,2000,Rabi,Gram,500,300,0.6
Gujarat,RAJKOT,2000,Rabi,Rapeseed &Mustard,100,100,1
Gujarat,RAJKOT,2000,Rabi,Wheat,2900,6600,2.275862069
Gujarat,RAJKOT,2000,Summer,Groundnut,100,100,1
Gujarat,RAJKOT,2000,Whole Year,Dry chillies,1200,1200,1
Gujarat,RAJKOT,2000,Whole Year,Garlic,300,2000,6.666666667
Gujarat,RAJKOT,2000,Whole Year,Onion,200,5400,27
Gujarat,RAJKOT,2000,Whole Year,Sugarcane,100,10000,100
Gujarat,RAJKOT,2001,Kharif,Arhar/Tur,1300,800,0.615384615
Gujarat,RAJKOT,2001,Kharif,Bajra,42500,66200,1.557647059
Gujarat,RAJKOT,2001,Kharif,Castor seed,8000,14500,1.8125
Gujarat,RAJKOT,2001,Kharif,Cotton(lint),202300,211700,1.046465645
Gujarat,RAJKOT,2001,Kharif,Groundnut,368200,465800,1.26507333
Gujarat,RAJKOT,2001,Kharif,Jowar,11100,8300,0.747747748
Gujarat,RAJKOT,2001,Kharif,Maize,300,700,2.333333333
Gujarat,RAJKOT,2001,Kharif,Moong(Green Gram),7900,5200,0.658227848
Gujarat,RAJKOT,2001,Kharif,Moth,1000,300,0.3
Gujarat,RAJKOT,2001,Kharif,Other Kharif pulses,1200,500,0.416666667
Gujarat,RAJKOT,2001,Kharif,Sesamum,60700,41600,0.685337727
Gujarat,RAJKOT,2001,Kharif,Urad,8000,7500,0.9375
Gujarat,RAJKOT,2001,Rabi,Gram,2700,1800,0.666666667
Gujarat,RAJKOT,2001,Rabi,Rapeseed &Mustard,200,300,1.5
Gujarat,RAJKOT,2001,Rabi,Wheat,10100,26500,2.623762376
Gujarat,RAJKOT,2001,Summer,Bajra,400,700,1.75
Gujarat,RAJKOT,2001,Summer,Groundnut,100,100,1
Gujarat,RAJKOT,2001,Whole Year,Dry chillies,1300,1400,1.076923077
Gujarat,RAJKOT,2001,Whole Year,Garlic,1000,7400,7.4
Gujarat,RAJKOT,2001,Whole Year,Onion,1100,38200,34.72727273
Gujarat,RAJKOT,2001,Whole Year,Sugarcane,100,4000,40
Gujarat,RAJKOT,2002,Kharif,Arhar/Tur,1200,700,0.583333333
Gujarat,RAJKOT,2002,Kharif,Bajra,42500,27700,0.651764706
Gujarat,RAJKOT,2002,Kharif,Castor seed,7400,4700,0.635135135
Gujarat,RAJKOT,2002,Kharif,Cotton(lint),178100,73400,0.412128018
Gujarat,RAJKOT,2002,Kharif,Groundnut,430700,53900,0.125145113
Gujarat,RAJKOT,2002,Kharif,Jowar,11000,3300,0.3
Gujarat,RAJKOT,2002,Kharif,Maize,1100,1800,1.636363636
Gujarat,RAJKOT,2002,Kharif,Moong(Green Gram),6300,800,0.126984127
Gujarat,RAJKOT,2002,Kharif,Moth,1100,700,0.636363636
Gujarat,RAJKOT,2002,Kharif,Other Kharif pulses,300,300,1
Gujarat,RAJKOT,2002,Kharif,Sesamum,43800,11200,0.255707763
Gujarat,RAJKOT,2002,Kharif,Urad,11100,800,0.072072072
Gujarat,RAJKOT,2002,Rabi,Gram,1300,700,0.538461538
Gujarat,RAJKOT,2002,Rabi,Rapeseed &Mustard,100,100,1
Gujarat,RAJKOT,2002,Rabi,Wheat,12800,34400,2.6875
Gujarat,RAJKOT,2002,Summer,Groundnut,100,100,1
Gujarat,RAJKOT,2002,Whole Year,Dry chillies,600,900,1.5
Gujarat,RAJKOT,2002,Whole Year,Garlic,1000,8200,8.2
Gujarat,RAJKOT,2002,Whole Year,Onion,700,19500,27.85714286
Gujarat,RAJKOT,2002,Whole Year,Sugarcane,300,18000,60
Gujarat,RAJKOT,2003,Kharif,Arhar/Tur,800,700,0.875
Gujarat,RAJKOT,2003,Kharif,Bajra,40100,72100,1.798004988
Gujarat,RAJKOT,2003,Kharif,Castor seed,6700,21700,3.23880597
Gujarat,RAJKOT,2003,Kharif,Cotton(lint),168100,1011800,6.019036288
Gujarat,RAJKOT,2003,Kharif,Groundnut,369200,855900,2.318255688
Gujarat,RAJKOT,2003,Kharif,Jowar,8200,5200,0.634146341
Gujarat,RAJKOT,2003,Kharif,Maize,1800,3100,1.722222222
Gujarat,RAJKOT,2003,Kharif,Moong(Green Gram),6900,5300,0.768115942
Gujarat,RAJKOT,2003,Kharif,Moth,800,500,0.625
Gujarat,RAJKOT,2003,Kharif,Other Kharif pulses,300,100,0.333333333
Gujarat,RAJKOT,2003,Kharif,Sesamum,38700,20700,0.534883721
Gujarat,RAJKOT,2003,Kharif,Urad,6000,6300,1.05
Gujarat,RAJKOT,2003,Rabi,Gram,8000,8800,1.1
Gujarat,RAJKOT,2003,Rabi,Rapeseed &Mustard,800,1100,1.375
Gujarat,RAJKOT,2003,Rabi,Wheat,61900,249400,4.02907916
Gujarat,RAJKOT,2003,Summer,Groundnut,1500,2400,1.6
Gujarat,RAJKOT,2003,Whole Year,Dry chillies,300,400,1.333333333
Gujarat,RAJKOT,2003,Whole Year,Garlic,5900,44200,7.491525424
Gujarat,RAJKOT,2003,Whole Year,Onion,3700,119300,32.24324324
Gujarat,RAJKOT,2004,Kharif,Arhar/Tur,700,600,0.857142857
Gujarat,RAJKOT,2004,Kharif,Bajra,32800,39000,1.18902439
Gujarat,RAJKOT,2004,Kharif,Castor seed,9800,30400,3.102040816
Gujarat,RAJKOT,2004,Kharif,Cotton(lint),202800,1068300,5.267751479
Gujarat,RAJKOT,2004,Kharif,Groundnut,419800,329900,0.785850405
Gujarat,RAJKOT,2004,Kharif,Jowar,7400,7100,0.959459459
Gujarat,RAJKOT,2004,Kharif,Maize,100,100,1
Gujarat,RAJKOT,2004,Kharif,Moong(Green Gram),5800,3400,0.586206897
Gujarat,RAJKOT,2004,Kharif,Moth,600,200,0.333333333
Gujarat,RAJKOT,2004,Kharif,Other Kharif pulses,700,200,0.285714286
Gujarat,RAJKOT,2004,Kharif,Sesamum,33500,7200,0.214925373
Gujarat,RAJKOT,2004,Kharif,Urad,3900,2700,0.692307692
Gujarat,RAJKOT,2004,Rabi,Gram,4800,3600,0.75
Gujarat,RAJKOT,2004,Rabi,Rapeseed &Mustard,1100,1500,1.363636364
Gujarat,RAJKOT,2004,Rabi,Wheat,36200,128400,3.546961326
Gujarat,RAJKOT,2004,Summer,Bajra,100,100,1
Gujarat,RAJKOT,2004,Summer,Groundnut,400,800,2
Gujarat,RAJKOT,2004,Whole Year,Dry chillies,300,400,1.333333333
Gujarat,RAJKOT,2004,Whole Year,Garlic,6800,50300,7.397058824
Gujarat,RAJKOT,2004,Whole Year,Onion,5300,157900,29.79245283
Gujarat,RAJKOT,2005,Kharif,Arhar/Tur,500,500,1
Gujarat,RAJKOT,2005,Kharif,Bajra,34700,59000,1.700288184
Gujarat,RAJKOT,2005,Kharif,Castor seed,6400,20900,3.265625
Gujarat,RAJKOT,2005,Kharif,Cotton(lint),221000,1334800,6.039819005
Gujarat,RAJKOT,2005,Kharif,Groundnut,381200,811100,2.12775446
Gujarat,RAJKOT,2005,Kharif,Jowar,1400,700,0.5
Gujarat,RAJKOT,2005,Kharif,Maize,400,700,1.75
Gujarat,RAJKOT,2005,Kharif,Moong(Green Gram),6400,3700,0.578125
Gujarat,RAJKOT,2005,Kharif,Moth,500,300,0.6
Gujarat,RAJKOT,2005,Kharif,Other Cereals & Millets,200,,
Gujarat,RAJKOT,2005,Kharif,Other Kharif pulses,900,400,0.444444444
Gujarat,RAJKOT,2005,Kharif,Sesamum,31400,13300,0.423566879
Gujarat,RAJKOT,2005,Kharif,Urad,3200,2500,0.78125
Gujarat,RAJKOT,2005,Rabi,Gram,7400,8100,1.094594595
Gujarat,RAJKOT,2005,Rabi,Other  Rabi pulses,100,100,1
Gujarat,RAJKOT,2005,Rabi,Rapeseed &Mustard,1000,1500,1.5
Gujarat,RAJKOT,2005,Rabi,Wheat,73700,268700,3.645861601
Gujarat,RAJKOT,2005,Summer,Bajra,100,300,3
Gujarat,RAJKOT,2005,Summer,Groundnut,800,1400,1.75
Gujarat,RAJKOT,2005,Whole Year,Dry chillies,400,500,1.25
Gujarat,RAJKOT,2005,Whole Year,Garlic,9400,64300,6.840425532
Gujarat,RAJKOT,2005,Whole Year,Onion,8200,252700,30.81707317
Gujarat,RAJKOT,2005,Whole Year,Sugarcane,100,10000,100
Gujarat,RAJKOT,2006,Kharif,Arhar/Tur,500,400,0.8
Gujarat,RAJKOT,2006,Kharif,Bajra,29900,20400,0.682274247
Gujarat,RAJKOT,2006,Kharif,Castor seed,5200,16400,3.153846154
Gujarat,RAJKOT,2006,Kharif,Cotton(lint),310000,1538800,4.963870968
Gujarat,RAJKOT,2006,Kharif,Groundnut,402200,195000,0.484833416
Gujarat,RAJKOT,2006,Kharif,Jowar,700,400,0.571428571
Gujarat,RAJKOT,2006,Kharif,Maize,800,200,0.25
Gujarat,RAJKOT,2006,Kharif,Moong(Green Gram),3400,1300,0.382352941
Gujarat,RAJKOT,2006,Kharif,Moth,500,100,0.2
Gujarat,RAJKOT,2006,Kharif,Other Cereals & Millets,200,100,0.5
Gujarat,RAJKOT,2006,Kharif,Other Kharif pulses,1100,700,0.636363636
Gujarat,RAJKOT,2006,Kharif,Sesamum,20100,3800,0.189054726
Gujarat,RAJKOT,2006,Kharif,Urad,2700,1200,0.444444444
Gujarat,RAJKOT,2006,Rabi,Gram,10000,12000,1.2
Gujarat,RAJKOT,2006,Rabi,Rapeseed &Mustard,400,500,1.25
Gujarat,RAJKOT,2006,Rabi,Wheat,84200,305600,3.629453682
Gujarat,RAJKOT,2006,Summer,Bajra,600,1300,2.166666667
Gujarat,RAJKOT,2006,Summer,Groundnut,2100,3600,1.714285714
Gujarat,RAJKOT,2006,Whole Year,Dry chillies,100,100,1
Gujarat,RAJKOT,2006,Whole Year,Garlic,8200,48900,5.963414634
Gujarat,RAJKOT,2006,Whole Year,Onion,6300,186600,29.61904762
Gujarat,RAJKOT,2006,Whole Year,Sugarcane,300,27000,90
Gujarat,RAJKOT,2007,Kharif,Arhar/Tur,400,500,1.25
Gujarat,RAJKOT,2007,Kharif,Bajra,18100,27300,1.508287293
Gujarat,RAJKOT,2007,Kharif,Castor seed,5300,16100,3.037735849
Gujarat,RAJKOT,2007,Kharif,Cotton(lint),281800,1487300,5.277856636
Gujarat,RAJKOT,2007,Kharif,Groundnut,382400,800900,2.094403766
Gujarat,RAJKOT,2007,Kharif,Jowar,1800,2400,1.333333333
Gujarat,RAJKOT,2007,Kharif,Maize,700,1000,1.428571429
Gujarat,RAJKOT,2007,Kharif,Moong(Green Gram),3300,2000,0.606060606
Gujarat,RAJKOT,2007,Kharif,Moth,400,200,0.5
Gujarat,RAJKOT,2007,Kharif,Other Kharif pulses,500,300,0.6
Gujarat,RAJKOT,2007,Kharif,Sesamum,18100,7700,0.425414365
Gujarat,RAJKOT,2007,Kharif,Urad,2500,1600,0.64
Gujarat,RAJKOT,2007,Rabi,Gram,9700,10800,1.113402062
Gujarat,RAJKOT,2007,Rabi,Jowar,4500,4400,0.977777778
Gujarat,RAJKOT,2007,Rabi,Rapeseed &Mustard,300,500,1.666666667
Gujarat,RAJKOT,2007,Rabi,Wheat,90900,342400,3.766776678
Gujarat,RAJKOT,2007,Summer,Bajra,400,800,2
Gujarat,RAJKOT,2007,Summer,Groundnut,5100,8800,1.725490196
Gujarat,RAJKOT,2007,Whole Year,Dry chillies,600,700,1.166666667
Gujarat,RAJKOT,2007,Whole Year,Garlic,10900,78800,7.229357798
Gujarat,RAJKOT,2007,Whole Year,Onion,6900,223400,32.37681159
Gujarat,RAJKOT,2007,Whole Year,Sugarcane,200,18000,90
Gujarat,RAJKOT,2008,Kharif,Arhar/Tur,600,600,1
Gujarat,RAJKOT,2008,Kharif,Bajra,12900,12700,0.984496124
Gujarat,RAJKOT,2008,Kharif,Castor seed,4600,10700,2.326086957
Gujarat,RAJKOT,2008,Kharif,Cotton(lint),245000,1122600,4.582040816
Gujarat,RAJKOT,2008,Kharif,Groundnut,382600,368100,0.962101411
Gujarat,RAJKOT,2008,Kharif,Jowar,2800,3500,1.25
Gujarat,RAJKOT,2008,Kharif,Maize,800,1100,1.375
Gujarat,RAJKOT,2008,Kharif,Moong(Green Gram),2800,1200,0.428571429
Gujarat,RAJKOT,2008,Kharif,Moth,600,100,0.166666667
Gujarat,RAJKOT,2008,Kharif,Other Kharif pulses,1000,600,0.6
Gujarat,RAJKOT,2008,Kharif,Sesamum,16600,5600,0.337349398
Gujarat,RAJKOT,2008,Kharif,Urad,2300,1400,0.608695652
Gujarat,RAJKOT,2008,Rabi,Gram,7700,14400,1.87012987
Gujarat,RAJKOT,2008,Rabi,Jowar,200,200,1
Gujarat,RAJKOT,2008,Rabi,Onion,5800,161200,27.79310345
Gujarat,RAJKOT,2008,Rabi,Rapeseed &Mustard,200,200,1
Gujarat,RAJKOT,2008,Rabi,Wheat,97000,317800,3.27628866
Gujarat,RAJKOT,2008,Summer,Bajra,400,900,2.25
Gujarat,RAJKOT,2008,Summer,Groundnut,4200,7800,1.857142857
Gujarat,RAJKOT,2008,Whole Year,Dry chillies,100,100,1
Gujarat,RAJKOT,2008,Whole Year,Garlic,9500,63300,6.663157895
Gujarat,RAJKOT,2008,Whole Year,Guar seed,400,100,0.25
Gujarat,RAJKOT,2008,Whole Year,Sugarcane,200,17000,85
Gujarat,RAJKOT,2009,Kharif,Arhar/Tur,600,500,0.833333333
Gujarat,RAJKOT,2009,Kharif,Bajra,17500,19300,1.102857143
Gujarat,RAJKOT,2009,Kharif,Castor seed,14800,54700,3.695945946
Gujarat,RAJKOT,2009,Kharif,Cotton(lint),287200,1265600,4.406685237
Gujarat,RAJKOT,2009,Kharif,Groundnut,366500,98600,0.269031378
Gujarat,RAJKOT,2009,Kharif,Jowar,3100,3100,1
Gujarat,RAJKOT,2009,Kharif,Maize,900,900,1
Gujarat,RAJKOT,2009,Kharif,Moong(Green Gram),6400,2000,0.3125
Gujarat,RAJKOT,2009,Kharif,Moth,1000,300,0.3
Gujarat,RAJKOT,2009,Kharif,Other Kharif pulses,1000,700,0.7
Gujarat,RAJKOT,2009,Kharif,Sesamum,19700,8000,0.406091371
Gujarat,RAJKOT,2009,Kharif,Urad,5400,3100,0.574074074
Gujarat,RAJKOT,2009,Rabi,Gram,4900,6900,1.408163265
Gujarat,RAJKOT,2009,Rabi,Jowar,300,300,1
Gujarat,RAJKOT,2009,Rabi,Onion,3100,95700,30.87096774
Gujarat,RAJKOT,2009,Rabi,Rapeseed &Mustard,100,100,1
Gujarat,RAJKOT,2009,Rabi,Wheat,40600,154200,3.798029557
Gujarat,RAJKOT,2009,Summer,Bajra,400,800,2
Gujarat,RAJKOT,2009,Summer,Groundnut,900,1700,1.888888889
Gujarat,RAJKOT,2009,Whole Year,Dry chillies,100,100,1
Gujarat,RAJKOT,2009,Whole Year,Garlic,4800,31800,6.625
Gujarat,RAJKOT,2009,Whole Year,Sugarcane,200,14000,70
Gujarat,RAJKOT,2010,Kharif,Arhar/Tur,1000,1000,1
Gujarat,RAJKOT,2010,Kharif,Bajra,6800,8700,1.279411765
Gujarat,RAJKOT,2010,Kharif,Castor seed,12900,22400,1.736434109
Gujarat,RAJKOT,2010,Kharif,Cotton(lint),356900,1657900,4.64527879
Gujarat,RAJKOT,2010,Kharif,Groundnut,306200,624300,2.038863488
Gujarat,RAJKOT,2010,Kharif,Jowar,2200,2300,1.045454545
Gujarat,RAJKOT,2010,Kharif,Maize,6000,9700,1.616666667
Gujarat,RAJKOT,2010,Kharif,Moong(Green Gram),5400,2100,0.388888889
Gujarat,RAJKOT,2010,Kharif,Moth,900,600,0.666666667
Gujarat,RAJKOT,2010,Kharif,Other Kharif pulses,1900,1000,0.526315789
Gujarat,RAJKOT,2010,Kharif,other oilseeds,600,200,0.333333333
Gujarat,RAJKOT,2010,Kharif,Sesamum,19600,4300,0.219387755
Gujarat,RAJKOT,2010,Kharif,Urad,5300,3300,0.622641509
Gujarat,RAJKOT,2010,Rabi,Gram,8800,12100,1.375
Gujarat,RAJKOT,2010,Rabi,Rapeseed &Mustard,500,700,1.4
Gujarat,RAJKOT,2010,Rabi,Wheat,170200,678300,3.985311398
Gujarat,RAJKOT,2010,Summer,Bajra,1000,2600,2.6
Gujarat,RAJKOT,2010,Summer,Groundnut,15000,26700,1.78
Gujarat,RAJKOT,2010,Summer,Moong(Green Gram),700,400,0.571428571
Gujarat,RAJKOT,2010,Summer,Sesamum,9700,4700,0.484536082
Gujarat,RAJKOT,2010,Summer,Urad,100,100,1
Gujarat,RAJKOT,2010,Whole Year,Garlic,8900,56200,6.314606742
Gujarat,RAJKOT,2010,Whole Year,Onion,8600,249800,29.04651163
Gujarat,RAJKOT,2010,Whole Year,Sugarcane,200,14000,70
Gujarat,RAJKOT,2011,Kharif,Arhar/Tur,900,1000,1.111111111
Gujarat,RAJKOT,2011,Kharif,Bajra,4700,6000,1.276595745
Gujarat,RAJKOT,2011,Kharif,Castor seed,16000,46200,2.8875
Gujarat,RAJKOT,2011,Kharif,Cotton(lint),387100,1823100,4.709635753
Gujarat,RAJKOT,2011,Kharif,Groundnut,272600,366800,1.345561262
Gujarat,RAJKOT,2011,Kharif,Jowar,100,100,1
Gujarat,RAJKOT,2011,Kharif,Moong(Green Gram),4700,2800,0.595744681
Gujarat,RAJKOT,2011,Kharif,Moth,400,300,0.75
Gujarat,RAJKOT,2011,Kharif,Other Kharif pulses,500,200,0.4
Gujarat,RAJKOT,2011,Kharif,Sesamum,24200,4900,0.202479339
Gujarat,RAJKOT,2011,Kharif,Urad,3300,2600,0.787878788
Gujarat,RAJKOT,2011,Rabi,Gram,10700,15300,1.429906542
Gujarat,RAJKOT,2011,Rabi,Onion,11400,340500,29.86842105
Gujarat,RAJKOT,2011,Rabi,Other Cereals & Millets,100,100,1
Gujarat,RAJKOT,2011,Rabi,Rapeseed &Mustard,500,800,1.6
Gujarat,RAJKOT,2011,Rabi,Wheat,113800,451500,3.967486819
Gujarat,RAJKOT,2011,Summer,Bajra,1100,2900,2.636363636
Gujarat,RAJKOT,2011,Summer,Groundnut,15000,29700,1.98
Gujarat,RAJKOT,2011,Summer,Moong(Green Gram),600,300,0.5
Gujarat,RAJKOT,2011,Summer,Onion,1400,38900,27.78571429
Gujarat,RAJKOT,2011,Summer,Sesamum,6400,3100,0.484375
Gujarat,RAJKOT,2011,Summer,Urad,100,100,1
Gujarat,RAJKOT,2011,Whole Year,Garlic,11600,80100,6.905172414
Gujarat,RAJKOT,2011,Whole Year,Potato,100,1300,13
Gujarat,RAJKOT,2011,Whole Year,Sugarcane,100,5000,50
Gujarat,RAJKOT,2012,Kharif,Arhar/Tur,800,800,1
Gujarat,RAJKOT,2012,Kharif,Bajra,4100,300,0.073170732
Gujarat,RAJKOT,2012,Kharif,Castor seed,26700,22500,0.842696629
Gujarat,RAJKOT,2012,Kharif,Cotton(lint),306300,488900,1.596147568
Gujarat,RAJKOT,2012,Kharif,Groundnut,316900,25600,0.080782581
Gujarat,RAJKOT,2012,Kharif,Maize,400,600,1.5
Gujarat,RAJKOT,2012,Kharif,Moong(Green Gram),800,100,0.125
Gujarat,RAJKOT,2012,Kharif,Moth,100,100,1
Gujarat,RAJKOT,2012,Kharif,Other Kharif pulses,700,200,0.285714286
Gujarat,RAJKOT,2012,Kharif,Sesamum,20900,200,0.009569378
Gujarat,RAJKOT,2012,Kharif,Urad,1100,400,0.363636364
Gujarat,RAJKOT,2012,Rabi,Gram,2100,3100,1.476190476
Gujarat,RAJKOT,2012,Rabi,Onion,900,24200,26.88888889
Gujarat,RAJKOT,2012,Rabi,Rapeseed &Mustard,100,100,1
Gujarat,RAJKOT,2012,Rabi,Wheat,7200,25700,3.569444444
Gujarat,RAJKOT,2012,Summer,Bajra,100,200,2
Gujarat,RAJKOT,2012,Summer,Groundnut,300,400,1.333333333
Gujarat,RAJKOT,2012,Summer,Moong(Green Gram),100,100,1
Gujarat,RAJKOT,2012,Summer,Onion,100,1900,19
Gujarat,RAJKOT,2012,Summer,Sesamum,200,9900,49.5
Gujarat,RAJKOT,2012,Whole Year,Dry chillies,100,100,1
Gujarat,RAJKOT,2012,Whole Year,Garlic,900,4500,5
Gujarat,RAJKOT,2012,Whole Year,Guar seed,1400,800,0.571428571
Gujarat,SABAR KANTHA,1997,Kharif,Arhar/Tur,46200,46700,1.010822511
Gujarat,SABAR KANTHA,1997,Kharif,Bajra,14600,6000,0.410958904
Gujarat,SABAR KANTHA,1997,Kharif,Dry chillies,200,300,1.5
Gujarat,SABAR KANTHA,1997,Kharif,Groundnut,39400,35300,0.895939086
Gujarat,SABAR KANTHA,1997,Kharif,Jowar,5400,4300,0.796296296
Gujarat,SABAR KANTHA,1997,Kharif,Moong(Green Gram),13800,6600,0.47826087
Gujarat,SABAR KANTHA,1997,Kharif,Moth,200,100,0.5
Gujarat,SABAR KANTHA,1997,Kharif,Other Kharif pulses,1300,700,0.538461538
Gujarat,SABAR KANTHA,1997,Kharif,Urad,38900,28000,0.719794344
Gujarat,SABAR KANTHA,1997,Rabi,Gram,4400,3800,0.863636364
Gujarat,SABAR KANTHA,1997,Rabi,Rapeseed &Mustard,17800,23200,1.303370787
Gujarat,SABAR KANTHA,1997,Rabi,Wheat,65000,156500,2.407692308
Gujarat,SABAR KANTHA,1997,Summer,Bajra,16200,30200,1.864197531
Gujarat,SABAR KANTHA,1997,Summer,Groundnut,9400,15200,1.617021277
Gujarat,SABAR KANTHA,1997,Whole Year,Castor seed,44700,78300,1.751677852
Gujarat,SABAR KANTHA,1997,Whole Year,Cotton(lint),23900,56400,2.359832636
Gujarat,SABAR KANTHA,1997,Whole Year,Garlic,100,600,6
Gujarat,SABAR KANTHA,1997,Whole Year,Maize,120100,223200,1.858451291
Gujarat,SABAR KANTHA,1997,Whole Year,Potato,4200,92200,21.95238095
Gujarat,SABAR KANTHA,1997,Whole Year,Pulses total,100400,821,0.008177291
Gujarat,SABAR KANTHA,1997,Whole Year,Rice,29800,54900,1.842281879
Gujarat,SABAR KANTHA,1997,Whole Year,Sesamum,6100,3200,0.524590164
Gujarat,SABAR KANTHA,1997,Whole Year,Sugarcane,500,37000,74
Gujarat,SABAR KANTHA,1997,Whole Year,Tobacco,100,200,2
Gujarat,SABAR KANTHA,1998,Kharif,Arhar/Tur,51000,55600,1.090196078
Gujarat,SABAR KANTHA,1998,Kharif,Bajra,14100,7500,0.531914894
Gujarat,SABAR KANTHA,1998,Kharif,Castor seed,49700,101500,2.042253521
Gujarat,SABAR KANTHA,1998,Kharif,Cotton(lint),35400,95000,2.683615819
Gujarat,SABAR KANTHA,1998,Kharif,Groundnut,36100,42600,1.180055402
Gujarat,SABAR KANTHA,1998,Kharif,Jowar,2300,1900,0.826086957
Gujarat,SABAR KANTHA,1998,Kharif,Maize,122100,243600,1.995085995
Gujarat,SABAR KANTHA,1998,Kharif,Moong(Green Gram),15200,7900,0.519736842
Gujarat,SABAR KANTHA,1998,Kharif,Moth,100,,
Gujarat,SABAR KANTHA,1998,Kharif,Other Kharif pulses,1100,300,0.272727273
Gujarat,SABAR KANTHA,1998,Kharif,Rice,30900,51800,1.676375405
Gujarat,SABAR KANTHA,1998,Kharif,Sesamum,6700,4800,0.71641791
Gujarat,SABAR KANTHA,1998,Kharif,Urad,36700,26400,0.719346049
Gujarat,SABAR KANTHA,1998,Rabi,Gram,4500,4200,0.933333333
Gujarat,SABAR KANTHA,1998,Rabi,Rapeseed &Mustard,13500,20400,1.511111111
Gujarat,SABAR KANTHA,1998,Rabi,Wheat,78000,189900,2.434615385
Gujarat,SABAR KANTHA,1998,Summer,Bajra,14800,35800,2.418918919
Gujarat,SABAR KANTHA,1998,Summer,Groundnut,12000,19300,1.608333333
Gujarat,SABAR KANTHA,1998,Whole Year,Banana,100,3600,36
Gujarat,SABAR KANTHA,1998,Whole Year,Dry chillies,100,100,1
Gujarat,SABAR KANTHA,1998,Whole Year,Oilseeds total,118000,188600,1.598305085
Gujarat,SABAR KANTHA,1998,Whole Year,Onion,200,6900,34.5
Gujarat,SABAR KANTHA,1998,Whole Year,Potato,5400,129500,23.98148148
Gujarat,SABAR KANTHA,1998,Whole Year,Pulses total,108600,94400,0.869244936
Gujarat,SABAR KANTHA,1998,Whole Year,Sugarcane,600,38000,63.33333333
Gujarat,SABAR KANTHA,1998,Whole Year,Tobacco,600,1100,1.833333333
Gujarat,SABAR KANTHA,1999,Kharif,Arhar/Tur,45300,35600,0.785871965
Gujarat,SABAR KANTHA,1999,Kharif,Bajra,6900,3500,0.507246377
Gujarat,SABAR KANTHA,1999,Kharif,Castor seed,50000,76500,1.53
Gujarat,SABAR KANTHA,1999,Kharif,Cotton(lint),34800,51500,1.479885057
Gujarat,SABAR KANTHA,1999,Kharif,Groundnut,32500,30400,0.935384615
Gujarat,SABAR KANTHA,1999,Kharif,Maize,117700,178300,1.514868309
Gujarat,SABAR KANTHA,1999,Kharif,Moong(Green Gram),7700,3300,0.428571429
Gujarat,SABAR KANTHA,1999,Kharif,Moth,100,0,0
Gujarat,SABAR KANTHA,1999,Kharif,Other Kharif pulses,400,200,0.5
Gujarat,SABAR KANTHA,1999,Kharif,Rice,36900,69000,1.869918699
Gujarat,SABAR KANTHA,1999,Kharif,Sesamum,6200,3500,0.564516129
Gujarat,SABAR KANTHA,1999,Kharif,Urad,25700,9700,0.377431907
Gujarat,SABAR KANTHA,1999,Rabi,Gram,3500,1000,0.285714286
Gujarat,SABAR KANTHA,1999,Rabi,Rapeseed &Mustard,11500,14800,1.286956522
Gujarat,SABAR KANTHA,1999,Rabi,Wheat,48900,90000,1.840490798
Gujarat,SABAR KANTHA,1999,Summer,Bajra,9100,17100,1.879120879
Gujarat,SABAR KANTHA,1999,Summer,Groundnut,8300,10100,1.21686747
Gujarat,SABAR KANTHA,1999,Whole Year,Dry chillies,200,200,1
Gujarat,SABAR KANTHA,1999,Whole Year,Garlic,100,300,3
Gujarat,SABAR KANTHA,1999,Whole Year,Onion,100,3100,31
Gujarat,SABAR KANTHA,1999,Whole Year,Potato,3300,68100,20.63636364
Gujarat,SABAR KANTHA,1999,Whole Year,Sugarcane,600,40000,66.66666667
Gujarat,SABAR KANTHA,1999,Whole Year,Tobacco,100,100,1
Gujarat,SABAR KANTHA,2000,Kharif,Arhar/Tur,40900,7700,0.188264059
Gujarat,SABAR KANTHA,2000,Kharif,Bajra,4100,2600,0.634146341
Gujarat,SABAR KANTHA,2000,Kharif,Castor seed,48500,41900,0.863917526
Gujarat,SABAR KANTHA,2000,Kharif,Cotton(lint),34700,39300,1.132564841
Gujarat,SABAR KANTHA,2000,Kharif,Groundnut,28500,19300,0.677192982
Gujarat,SABAR KANTHA,2000,Kharif,Maize,108800,93600,0.860294118
Gujarat,SABAR KANTHA,2000,Kharif,Moong(Green Gram),5600,2100,0.375
Gujarat,SABAR KANTHA,2000,Kharif,Moth,100,,
Gujarat,SABAR KANTHA,2000,Kharif,Other Kharif pulses,1000,400,0.4
Gujarat,SABAR KANTHA,2000,Kharif,Rice,15000,15500,1.033333333
Gujarat,SABAR KANTHA,2000,Kharif,Sesamum,5500,1900,0.345454545
Gujarat,SABAR KANTHA,2000,Kharif,Urad,17700,3600,0.203389831
Gujarat,SABAR KANTHA,2000,Rabi,Gram,600,300,0.5
Gujarat,SABAR KANTHA,2000,Rabi,Rapeseed &Mustard,2900,3700,1.275862069
Gujarat,SABAR KANTHA,2000,Rabi,Wheat,21500,38000,1.76744186
Gujarat,SABAR KANTHA,2000,Summer,Bajra,5300,11400,2.150943396
Gujarat,SABAR KANTHA,2000,Summer,Groundnut,3600,4400,1.222222222
Gujarat,SABAR KANTHA,2000,Whole Year,Dry chillies,100,100,1
Gujarat,SABAR KANTHA,2000,Whole Year,Guar seed,11000,2400,0.218181818
Gujarat,SABAR KANTHA,2000,Whole Year,Onion,100,1200,12
Gujarat,SABAR KANTHA,2000,Whole Year,Potato,2100,37400,17.80952381
Gujarat,SABAR KANTHA,2000,Whole Year,Sugarcane,400,28000,70
Gujarat,SABAR KANTHA,2000,Whole Year,Tobacco,100,100,1
Gujarat,SABAR KANTHA,2001,Kharif,Arhar/Tur,49500,13000,0.262626263
Gujarat,SABAR KANTHA,2001,Kharif,Bajra,7300,5300,0.726027397
Gujarat,SABAR KANTHA,2001,Kharif,Castor seed,35000,24400,0.697142857
Gujarat,SABAR KANTHA,2001,Kharif,Cotton(lint),35100,51700,1.472934473
Gujarat,SABAR KANTHA,2001,Kharif,Groundnut,33300,29000,0.870870871
Gujarat,SABAR KANTHA,2001,Kharif,Maize,132400,284100,2.145770393
Gujarat,SABAR KANTHA,2001,Kharif,Moong(Green Gram),5600,1600,0.285714286
Gujarat,SABAR KANTHA,2001,Kharif,Moth,2600,900,0.346153846
Gujarat,SABAR KANTHA,2001,Kharif,Other Kharif pulses,2200,1000,0.454545455
Gujarat,SABAR KANTHA,2001,Kharif,Rice,17000,26700,1.570588235
Gujarat,SABAR KANTHA,2001,Kharif,Sesamum,7700,2500,0.324675325
Gujarat,SABAR KANTHA,2001,Kharif,Urad,18200,7600,0.417582418
Gujarat,SABAR KANTHA,2001,Rabi,Gram,1300,700,0.538461538
Gujarat,SABAR KANTHA,2001,Rabi,Rapeseed &Mustard,8700,7300,0.83908046
Gujarat,SABAR KANTHA,2001,Rabi,Wheat,30600,55200,1.803921569
Gujarat,SABAR KANTHA,2001,Summer,Bajra,4700,8300,1.765957447
Gujarat,SABAR KANTHA,2001,Summer,Groundnut,2600,3000,1.153846154
Gujarat,SABAR KANTHA,2001,Whole Year,Dry chillies,100,100,1
Gujarat,SABAR KANTHA,2001,Whole Year,Garlic,100,900,9
Gujarat,SABAR KANTHA,2001,Whole Year,Guar seed,12400,5200,0.419354839
Gujarat,SABAR KANTHA,2001,Whole Year,Onion,300,7000,23.33333333
Gujarat,SABAR KANTHA,2001,Whole Year,Potato,3700,81700,22.08108108
Gujarat,SABAR KANTHA,2001,Whole Year,Sugarcane,200,17000,85
Gujarat,SABAR KANTHA,2001,Whole Year,Tobacco,100,100,1
Gujarat,SABAR KANTHA,2002,Kharif,Arhar/Tur,44700,5400,0.120805369
Gujarat,SABAR KANTHA,2002,Kharif,Bajra,9100,9800,1.076923077
Gujarat,SABAR KANTHA,2002,Kharif,Castor seed,33600,16200,0.482142857
Gujarat,SABAR KANTHA,2002,Kharif,Cotton(lint),31200,29100,0.932692308
Gujarat,SABAR KANTHA,2002,Kharif,Groundnut,34900,26900,0.770773639
Gujarat,SABAR KANTHA,2002,Kharif,Maize,143700,181000,1.259568546
Gujarat,SABAR KANTHA,2002,Kharif,Moong(Green Gram),7600,3000,0.394736842
Gujarat,SABAR KANTHA,2002,Kharif,Moth,100,,
Gujarat,SABAR KANTHA,2002,Kharif,Other Kharif pulses,2400,900,0.375
Gujarat,SABAR KANTHA,2002,Kharif,Rice,8700,14000,1.609195402
Gujarat,SABAR KANTHA,2002,Kharif,Sesamum,9400,4900,0.521276596
Gujarat,SABAR KANTHA,2002,Kharif,Small millets,100,100,1
Gujarat,SABAR KANTHA,2002,Kharif,Urad,20800,6800,0.326923077
Gujarat,SABAR KANTHA,2002,Rabi,Gram,1000,400,0.4
Gujarat,SABAR KANTHA,2002,Rabi,Rapeseed &Mustard,2500,1200,0.48
Gujarat,SABAR KANTHA,2002,Rabi,Wheat,32800,53000,1.615853659
Gujarat,SABAR KANTHA,2002,Summer,Bajra,3900,5900,1.512820513
Gujarat,SABAR KANTHA,2002,Summer,Groundnut,1700,2400,1.411764706
Gujarat,SABAR KANTHA,2002,Whole Year,Dry chillies,200,100,0.5
Gujarat,SABAR KANTHA,2002,Whole Year,Garlic,100,400,4
Gujarat,SABAR KANTHA,2002,Whole Year,Guar seed,12600,6300,0.5
Gujarat,SABAR KANTHA,2002,Whole Year,Onion,100,3800,38
Gujarat,SABAR KANTHA,2002,Whole Year,Potato,3400,60600,17.82352941
Gujarat,SABAR KANTHA,2002,Whole Year,Sugarcane,100,7000,70
Gujarat,SABAR KANTHA,2003,Kharif,Arhar/Tur,34300,31400,0.915451895
Gujarat,SABAR KANTHA,2003,Kharif,Bajra,17800,14500,0.814606742
Gujarat,SABAR KANTHA,2003,Kharif,Castor seed,30400,38800,1.276315789
Gujarat,SABAR KANTHA,2003,Kharif,Cotton(lint),37700,140100,3.716180371
Gujarat,SABAR KANTHA,2003,Kharif,Groundnut,38800,57900,1.492268041
Gujarat,SABAR KANTHA,2003,Kharif,Jowar,300,300,1
Gujarat,SABAR KANTHA,2003,Kharif,Maize,146300,266700,1.822966507
Gujarat,SABAR KANTHA,2003,Kharif,Moong(Green Gram),13200,6700,0.507575758
Gujarat,SABAR KANTHA,2003,Kharif,Moth,200,100,0.5
Gujarat,SABAR KANTHA,2003,Kharif,Other Kharif pulses,2800,1100,0.392857143
Gujarat,SABAR KANTHA,2003,Kharif,Rice,6500,10900,1.676923077
Gujarat,SABAR KANTHA,2003,Kharif,Sesamum,8700,3800,0.436781609
Gujarat,SABAR KANTHA,2003,Kharif,Urad,16700,10600,0.634730539
Gujarat,SABAR KANTHA,2003,Rabi,Gram,2300,1300,0.565217391
Gujarat,SABAR KANTHA,2003,Rabi,Rapeseed &Mustard,4900,7100,1.448979592
Gujarat,SABAR KANTHA,2003,Rabi,Wheat,48600,121300,2.495884774
Gujarat,SABAR KANTHA,2003,Summer,Bajra,6800,15700,2.308823529
Gujarat,SABAR KANTHA,2003,Summer,Groundnut,4700,6100,1.29787234
Gujarat,SABAR KANTHA,2003,Whole Year,Dry chillies,100,100,1
Gujarat,SABAR KANTHA,2003,Whole Year,Garlic,200,1200,6
Gujarat,SABAR KANTHA,2003,Whole Year,Guar seed,9000,8400,0.933333333
Gujarat,SABAR KANTHA,2003,Whole Year,Onion,200,5700,28.5
Gujarat,SABAR KANTHA,2003,Whole Year,Potato,3400,63000,18.52941176
Gujarat,SABAR KANTHA,2004,Kharif,Arhar/Tur,22800,15100,0.662280702
Gujarat,SABAR KANTHA,2004,Kharif,Bajra,14500,12400,0.855172414
Gujarat,SABAR KANTHA,2004,Kharif,Castor seed,36400,41200,1.131868132
Gujarat,SABAR KANTHA,2004,Kharif,Cotton(lint),86100,293200,3.405342625
Gujarat,SABAR KANTHA,2004,Kharif,Groundnut,44900,48500,1.080178174
Gujarat,SABAR KANTHA,2004,Kharif,Jowar,100,100,1
Gujarat,SABAR KANTHA,2004,Kharif,Maize,127300,143500,1.127258445
Gujarat,SABAR KANTHA,2004,Kharif,Moong(Green Gram),7400,3000,0.405405405
Gujarat,SABAR KANTHA,2004,Kharif,Moth,300,100,0.333333333
Gujarat,SABAR KANTHA,2004,Kharif,Other Kharif pulses,1300,500,0.384615385
Gujarat,SABAR KANTHA,2004,Kharif,Rice,9700,16800,1.731958763
Gujarat,SABAR KANTHA,2004,Kharif,Sesamum,7200,2200,0.305555556
Gujarat,SABAR KANTHA,2004,Kharif,Urad,11500,5000,0.434782609
Gujarat,SABAR KANTHA,2004,Rabi,Gram,2600,1200,0.461538462
Gujarat,SABAR KANTHA,2004,Rabi,Rapeseed &Mustard,9500,13200,1.389473684
Gujarat,SABAR KANTHA,2004,Rabi,Wheat,42700,101200,2.370023419
Gujarat,SABAR KANTHA,2004,Summer,Bajra,3900,7700,1.974358974
Gujarat,SABAR KANTHA,2004,Summer,Groundnut,2000,2300,1.15
Gujarat,SABAR KANTHA,2004,Whole Year,Dry chillies,100,,
Gujarat,SABAR KANTHA,2004,Whole Year,Garlic,100,500,5
Gujarat,SABAR KANTHA,2004,Whole Year,Guar seed,6400,6000,0.9375
Gujarat,SABAR KANTHA,2004,Whole Year,Onion,100,1900,19
Gujarat,SABAR KANTHA,2004,Whole Year,Potato,3800,87900,23.13157895
Gujarat,SABAR KANTHA,2005,Kharif,Arhar/Tur,26200,35800,1.366412214
Gujarat,SABAR KANTHA,2005,Kharif,Bajra,14400,13900,0.965277778
Gujarat,SABAR KANTHA,2005,Kharif,Castor seed,43200,79900,1.849537037
Gujarat,SABAR KANTHA,2005,Kharif,Cotton(lint),71300,321300,4.50631136
Gujarat,SABAR KANTHA,2005,Kharif,Groundnut,45100,98000,2.172949002
Gujarat,SABAR KANTHA,2005,Kharif,Jowar,1900,2100,1.105263158
Gujarat,SABAR KANTHA,2005,Kharif,Maize,125400,245800,1.960127592
Gujarat,SABAR KANTHA,2005,Kharif,Moong(Green Gram),7700,3500,0.454545455
Gujarat,SABAR KANTHA,2005,Kharif,Moth,300,200,0.666666667
Gujarat,SABAR KANTHA,2005,Kharif,Other Kharif pulses,4000,1600,0.4
Gujarat,SABAR KANTHA,2005,Kharif,Rice,5800,14000,2.413793103
Gujarat,SABAR KANTHA,2005,Kharif,Sesamum,8000,3000,0.375
Gujarat,SABAR KANTHA,2005,Kharif,Urad,10000,5600,0.56
Gujarat,SABAR KANTHA,2005,Rabi,Gram,3500,2700,0.771428571
Gujarat,SABAR KANTHA,2005,Rabi,Other Cereals & Millets,200,300,1.5
Gujarat,SABAR KANTHA,2005,Rabi,Rapeseed &Mustard,10200,16000,1.568627451
Gujarat,SABAR KANTHA,2005,Rabi,Wheat,84000,224300,2.670238095
Gujarat,SABAR KANTHA,2005,Summer,Bajra,7400,17400,2.351351351
Gujarat,SABAR KANTHA,2005,Summer,Groundnut,3400,5600,1.647058824
Gujarat,SABAR KANTHA,2005,Whole Year,Dry chillies,100,100,1
Gujarat,SABAR KANTHA,2005,Whole Year,Garlic,100,900,9
Gujarat,SABAR KANTHA,2005,Whole Year,Guar seed,7300,6400,0.876712329
Gujarat,SABAR KANTHA,2005,Whole Year,Onion,100,3000,30
Gujarat,SABAR KANTHA,2005,Whole Year,Potato,4100,104400,25.46341463
Gujarat,SABAR KANTHA,2006,Kharif,Arhar/Tur,25800,17600,0.682170543
Gujarat,SABAR KANTHA,2006,Kharif,Bajra,10500,2600,0.247619048
Gujarat,SABAR KANTHA,2006,Kharif,Castor seed,38700,53900,1.392764858
Gujarat,SABAR KANTHA,2006,Kharif,Cotton(lint),93300,213500,2.288317256
Gujarat,SABAR KANTHA,2006,Kharif,Groundnut,55300,39000,0.705244123
Gujarat,SABAR KANTHA,2006,Kharif,Jowar,1200,1400,1.166666667
Gujarat,SABAR KANTHA,2006,Kharif,Maize,115700,68200,0.589455488
Gujarat,SABAR KANTHA,2006,Kharif,Moong(Green Gram),6100,1200,0.196721311
Gujarat,SABAR KANTHA,2006,Kharif,Moth,300,100,0.333333333
Gujarat,SABAR KANTHA,2006,Kharif,Other Cereals & Millets,100,100,1
Gujarat,SABAR KANTHA,2006,Kharif,Other Kharif pulses,3500,1700,0.485714286
Gujarat,SABAR KANTHA,2006,Kharif,Rice,8100,14500,1.790123457
Gujarat,SABAR KANTHA,2006,Kharif,Sesamum,6200,300,0.048387097
Gujarat,SABAR KANTHA,2006,Kharif,Urad,8900,2300,0.258426966
Gujarat,SABAR KANTHA,2006,Rabi,Gram,4000,2700,0.675
Gujarat,SABAR KANTHA,2006,Rabi,Other Cereals & Millets,600,800,1.333333333
Gujarat,SABAR KANTHA,2006,Rabi,Rapeseed &Mustard,11700,14400,1.230769231
Gujarat,SABAR KANTHA,2006,Rabi,Wheat,105700,272200,2.575212867
Gujarat,SABAR KANTHA,2006,Summer,Bajra,12300,28900,2.349593496
Gujarat,SABAR KANTHA,2006,Summer,Groundnut,7200,9000,1.25
Gujarat,SABAR KANTHA,2006,Whole Year,Dry chillies,100,100,1
Gujarat,SABAR KANTHA,2006,Whole Year,Garlic,100,700,7
Gujarat,SABAR KANTHA,2006,Whole Year,Guar seed,7900,3700,0.46835443
Gujarat,SABAR KANTHA,2006,Whole Year,Potato,7800,149600,19.17948718
Gujarat,SABAR KANTHA,2006,Whole Year,Tobacco,700,1200,1.714285714
Gujarat,SABAR KANTHA,2007,Kharif,Arhar/Tur,24700,20000,0.809716599
Gujarat,SABAR KANTHA,2007,Kharif,Bajra,7400,4600,0.621621622
Gujarat,SABAR KANTHA,2007,Kharif,Castor seed,43500,65300,1.501149425
Gujarat,SABAR KANTHA,2007,Kharif,Cotton(lint),101100,301900,2.986152324
Gujarat,SABAR KANTHA,2007,Kharif,Groundnut,61900,60800,0.982229402
Gujarat,SABAR KANTHA,2007,Kharif,Jowar,1600,2100,1.3125
Gujarat,SABAR KANTHA,2007,Kharif,Maize,101100,146400,1.448071217
Gujarat,SABAR KANTHA,2007,Kharif,Moong(Green Gram),5900,1900,0.322033898
Gujarat,SABAR KANTHA,2007,Kharif,Moth,400,200,0.5
Gujarat,SABAR KANTHA,2007,Kharif,Other Cereals & Millets,100,100,1
Gujarat,SABAR KANTHA,2007,Kharif,Other Kharif pulses,3900,2000,0.512820513
Gujarat,SABAR KANTHA,2007,Kharif,Rice,10300,22400,2.174757282
Gujarat,SABAR KANTHA,2007,Kharif,Sesamum,4500,1000,0.222222222
Gujarat,SABAR KANTHA,2007,Kharif,Urad,7800,4500,0.576923077
Gujarat,SABAR KANTHA,2007,Rabi,Gram,5300,4300,0.811320755
Gujarat,SABAR KANTHA,2007,Rabi,Other Cereals & Millets,800,1000,1.25
Gujarat,SABAR KANTHA,2007,Rabi,Rapeseed &Mustard,14500,21200,1.462068966
Gujarat,SABAR KANTHA,2007,Rabi,Wheat,119400,323600,2.710217755
Gujarat,SABAR KANTHA,2007,Summer,Bajra,14100,34400,2.439716312
Gujarat,SABAR KANTHA,2007,Summer,Groundnut,8400,9200,1.095238095
Gujarat,SABAR KANTHA,2007,Whole Year,Dry chillies,100,100,1
Gujarat,SABAR KANTHA,2007,Whole Year,Garlic,200,1100,5.5
Gujarat,SABAR KANTHA,2007,Whole Year,Guar seed,4900,3600,0.734693878
Gujarat,SABAR KANTHA,2007,Whole Year,Onion,100,3400,34
Gujarat,SABAR KANTHA,2007,Whole Year,Potato,13500,279900,20.73333333
Gujarat,SABAR KANTHA,2008,Kharif,Arhar/Tur,22000,19900,0.904545455
Gujarat,SABAR KANTHA,2008,Kharif,Bajra,4900,4100,0.836734694
Gujarat,SABAR KANTHA,2008,Kharif,Castor seed,48000,90000,1.875
Gujarat,SABAR KANTHA,2008,Kharif,Cotton(lint),110100,361600,3.284287012
Gujarat,SABAR KANTHA,2008,Kharif,Groundnut,54800,51400,0.937956204
Gujarat,SABAR KANTHA,2008,Kharif,Jowar,100,100,1
Gujarat,SABAR KANTHA,2008,Kharif,Maize,90300,130900,1.449612403
Gujarat,SABAR KANTHA,2008,Kharif,Moong(Green Gram),5500,1800,0.327272727
Gujarat,SABAR KANTHA,2008,Kharif,Moth,400,100,0.25
Gujarat,SABAR KANTHA,2008,Kharif,Other Cereals & Millets,100,100,1
Gujarat,SABAR KANTHA,2008,Kharif,Other Kharif pulses,2900,1500,0.517241379
Gujarat,SABAR KANTHA,2008,Kharif,Rice,10100,18400,1.821782178
Gujarat,SABAR KANTHA,2008,Kharif,Sesamum,2500,600,0.24
Gujarat,SABAR KANTHA,2008,Kharif,Urad,6600,3700,0.560606061
Gujarat,SABAR KANTHA,2008,Rabi,Gram,4100,3300,0.804878049
Gujarat,SABAR KANTHA,2008,Rabi,Onion,100,2900,29
Gujarat,SABAR KANTHA,2008,Rabi,Other Cereals & Millets,400,500,1.25
Gujarat,SABAR KANTHA,2008,Rabi,Rapeseed &Mustard,9800,11200,1.142857143
Gujarat,SABAR KANTHA,2008,Rabi,Wheat,90000,198100,2.201111111
Gujarat,SABAR KANTHA,2008,Summer,Bajra,8600,21500,2.5
Gujarat,SABAR KANTHA,2008,Summer,Groundnut,6000,11400,1.9
Gujarat,SABAR KANTHA,2008,Whole Year,Dry chillies,200,200,1
Gujarat,SABAR KANTHA,2008,Whole Year,Garlic,100,800,8
Gujarat,SABAR KANTHA,2008,Whole Year,Guar seed,7500,2600,0.346666667
Gujarat,SABAR KANTHA,2008,Whole Year,Potato,7600,136300,17.93421053
Gujarat,SABAR KANTHA,2009,Kharif,Arhar/Tur,19900,13300,0.668341709
Gujarat,SABAR KANTHA,2009,Kharif,Bajra,3400,1600,0.470588235
Gujarat,SABAR KANTHA,2009,Kharif,Castor seed,54500,92800,1.702752294
Gujarat,SABAR KANTHA,2009,Kharif,Cotton(lint),112500,297500,2.644444444
Gujarat,SABAR KANTHA,2009,Kharif,Groundnut,57300,63100,1.10122164
Gujarat,SABAR KANTHA,2009,Kharif,Jowar,200,200,1
Gujarat,SABAR KANTHA,2009,Kharif,Maize,88300,90700,1.027180068
Gujarat,SABAR KANTHA,2009,Kharif,Moong(Green Gram),6700,2500,0.373134328
Gujarat,SABAR KANTHA,2009,Kharif,Moth,300,100,0.333333333
Gujarat,SABAR KANTHA,2009,Kharif,Other Kharif pulses,1200,700,0.583333333
Gujarat,SABAR KANTHA,2009,Kharif,Rice,6700,16400,2.447761194
Gujarat,SABAR KANTHA,2009,Kharif,Sesamum,2400,800,0.333333333
Gujarat,SABAR KANTHA,2009,Kharif,Tobacco,200,300,1.5
Gujarat,SABAR KANTHA,2009,Kharif,Urad,7300,3200,0.438356164
Gujarat,SABAR KANTHA,2009,Rabi,Gram,4100,2900,0.707317073
Gujarat,SABAR KANTHA,2009,Rabi,Rapeseed &Mustard,7800,12400,1.58974359
Gujarat,SABAR KANTHA,2009,Rabi,Tobacco,200,300,1.5
Gujarat,SABAR KANTHA,2009,Rabi,Wheat,104500,220000,2.105263158
Gujarat,SABAR KANTHA,2009,Summer,Bajra,9100,21700,2.384615385
Gujarat,SABAR KANTHA,2009,Summer,Groundnut,5800,8800,1.517241379
Gujarat,SABAR KANTHA,2009,Whole Year,Dry chillies,100,100,1
Gujarat,SABAR KANTHA,2009,Whole Year,Guar seed,7800,2200,0.282051282
Gujarat,SABAR KANTHA,2009,Whole Year,Potato,5800,75800,13.06896552
Gujarat,SABAR KANTHA,2010,Kharif,Arhar/Tur,20600,13100,0.63592233
Gujarat,SABAR KANTHA,2010,Kharif,Bajra,4800,4100,0.854166667
Gujarat,SABAR KANTHA,2010,Kharif,Castor seed,73400,125700,1.71253406
Gujarat,SABAR KANTHA,2010,Kharif,Cotton(lint),107100,346800,3.238095238
Gujarat,SABAR KANTHA,2010,Kharif,Groundnut,61800,99300,1.606796117
Gujarat,SABAR KANTHA,2010,Kharif,Jowar,500,500,1
Gujarat,SABAR KANTHA,2010,Kharif,Maize,86900,140100,1.612197929
Gujarat,SABAR KANTHA,2010,Kharif,Moong(Green Gram),4200,2200,0.523809524
Gujarat,SABAR KANTHA,2010,Kharif,Other Kharif pulses,1200,600,0.5
Gujarat,SABAR KANTHA,2010,Kharif,Rice,5600,12000,2.142857143
Gujarat,SABAR KANTHA,2010,Kharif,Sesamum,2300,1300,0.565217391
Gujarat,SABAR KANTHA,2010,Kharif,Soyabean,5500,4400,0.8
Gujarat,SABAR KANTHA,2010,Kharif,Urad,8700,5600,0.643678161
Gujarat,SABAR KANTHA,2010,Rabi,Gram,2300,2400,1.043478261
Gujarat,SABAR KANTHA,2010,Rabi,Rapeseed &Mustard,8600,13500,1.569767442
Gujarat,SABAR KANTHA,2010,Rabi,Tobacco,1600,3300,2.0625
Gujarat,SABAR KANTHA,2010,Rabi,Wheat,150100,402600,2.682211859
Gujarat,SABAR KANTHA,2010,Summer,Bajra,22000,53100,2.413636364
Gujarat,SABAR KANTHA,2010,Summer,Groundnut,15700,22900,1.458598726
Gujarat,SABAR KANTHA,2010,Summer,Maize,7300,14500,1.98630137
Gujarat,SABAR KANTHA,2010,Summer,Moong(Green Gram),12000,7100,0.591666667
Gujarat,SABAR KANTHA,2010,Summer,Sesamum,200,100,0.5
Gujarat,SABAR KANTHA,2010,Whole Year,Guar seed,4200,2400,0.571428571
Gujarat,SABAR KANTHA,2010,Whole Year,Potato,8800,168200,19.11363636
Gujarat,SABAR KANTHA,2011,Kharif,Arhar/Tur,11000,12400,1.127272727
Gujarat,SABAR KANTHA,2011,Kharif,Bajra,3800,4600,1.210526316
Gujarat,SABAR KANTHA,2011,Kharif,Castor seed,74000,131500,1.777027027
Gujarat,SABAR KANTHA,2011,Kharif,Cotton(lint),156600,489500,3.125798212
Gujarat,SABAR KANTHA,2011,Kharif,Groundnut,63200,73100,1.15664557
Gujarat,SABAR KANTHA,2011,Kharif,Maize,74400,108400,1.456989247
Gujarat,SABAR KANTHA,2011,Kharif,Moong(Green Gram),7100,2700,0.38028169
Gujarat,SABAR KANTHA,2011,Kharif,Moth,100,100,1
Gujarat,SABAR KANTHA,2011,Kharif,Other Cereals & Millets,1400,700,0.5
Gujarat,SABAR KANTHA,2011,Kharif,Other Kharif pulses,200,100,0.5
Gujarat,SABAR KANTHA,2011,Kharif,Rice,6700,15900,2.373134328
Gujarat,SABAR KANTHA,2011,Kharif,Sesamum,1400,400,0.285714286
Gujarat,SABAR KANTHA,2011,Kharif,Soyabean,500,400,0.8
Gujarat,SABAR KANTHA,2011,Kharif,Urad,5900,3700,0.627118644
Gujarat,SABAR KANTHA,2011,Rabi,Gram,4500,3900,0.866666667
Gujarat,SABAR KANTHA,2011,Rabi,Maize,9800,18000,1.836734694
Gujarat,SABAR KANTHA,2011,Rabi,Onion,100,800,8
Gujarat,SABAR KANTHA,2011,Rabi,Other Cereals & Millets,7400,6000,0.810810811
Gujarat,SABAR KANTHA,2011,Rabi,Rapeseed &Mustard,9700,15300,1.577319588
Gujarat,SABAR KANTHA,2011,Rabi,Tobacco,3800,3700,0.973684211
Gujarat,SABAR KANTHA,2011,Rabi,Wheat,149200,389400,2.609919571
Gujarat,SABAR KANTHA,2011,Summer,Bajra,9400,25000,2.659574468
Gujarat,SABAR KANTHA,2011,Summer,Groundnut,15700,21400,1.363057325
Gujarat,SABAR KANTHA,2011,Summer,Maize,2900,6400,2.206896552
Gujarat,SABAR KANTHA,2011,Summer,Moong(Green Gram),7500,4700,0.626666667
Gujarat,SABAR KANTHA,2011,Summer,Urad,200,100,0.5
Gujarat,SABAR KANTHA,2011,Whole Year,Banana,100,3600,36
Gujarat,SABAR KANTHA,2011,Whole Year,Garlic,100,100,1
Gujarat,SABAR KANTHA,2011,Whole Year,Guar seed,5000,2900,0.58
Gujarat,SABAR KANTHA,2011,Whole Year,Potato,14700,292100,19.8707483
Gujarat,SABAR KANTHA,2012,Kharif,Arhar/Tur,9800,11300,1.153061224
Gujarat,SABAR KANTHA,2012,Kharif,Bajra,8100,6100,0.75308642
Gujarat,SABAR KANTHA,2012,Kharif,Castor seed,60100,107500,1.788685524
Gujarat,SABAR KANTHA,2012,Kharif,Cotton(lint),138300,396000,2.863340564
Gujarat,SABAR KANTHA,2012,Kharif,Groundnut,64700,147200,2.27511592
Gujarat,SABAR KANTHA,2012,Kharif,Maize,57900,84600,1.461139896
Gujarat,SABAR KANTHA,2012,Kharif,Moong(Green Gram),7400,5500,0.743243243
Gujarat,SABAR KANTHA,2012,Kharif,Moth,100,100,1
Gujarat,SABAR KANTHA,2012,Kharif,Other Cereals & Millets,1200,300,0.25
Gujarat,SABAR KANTHA,2012,Kharif,Other Kharif pulses,3200,1300,0.40625
Gujarat,SABAR KANTHA,2012,Kharif,Rice,3700,8200,2.216216216
Gujarat,SABAR KANTHA,2012,Kharif,Sesamum,1700,400,0.235294118
Gujarat,SABAR KANTHA,2012,Kharif,Soyabean,5200,4200,0.807692308
Gujarat,SABAR KANTHA,2012,Kharif,Urad,7800,5000,0.641025641
Gujarat,SABAR KANTHA,2012,Rabi,Gram,1500,2300,1.533333333
Gujarat,SABAR KANTHA,2012,Rabi,Maize,2100,3000,1.428571429
Gujarat,SABAR KANTHA,2012,Rabi,Onion,100,1300,13
Gujarat,SABAR KANTHA,2012,Rabi,Other Cereals & Millets,700,1400,2
Gujarat,SABAR KANTHA,2012,Rabi,Rapeseed &Mustard,2300,3800,1.652173913
Gujarat,SABAR KANTHA,2012,Rabi,Tobacco,100,200,2
Gujarat,SABAR KANTHA,2012,Rabi,Wheat,154300,456400,2.957874271
Gujarat,SABAR KANTHA,2012,Summer,Bajra,11600,31800,2.74137931
Gujarat,SABAR KANTHA,2012,Summer,Groundnut,14800,37700,2.547297297
Gujarat,SABAR KANTHA,2012,Summer,Maize,1300,1900,1.461538462
Gujarat,SABAR KANTHA,2012,Summer,Moong(Green Gram),6500,3100,0.476923077
Gujarat,SABAR KANTHA,2012,Whole Year,Banana,100,3600,36
Gujarat,SABAR KANTHA,2012,Whole Year,Dry chillies,100,100,1
Gujarat,SABAR KANTHA,2012,Whole Year,Guar seed,28200,17000,0.602836879
Gujarat,SABAR KANTHA,2012,Whole Year,Potato,9100,234300,25.74725275
Gujarat,SURAT,1997,Kharif,Arhar/Tur,23800,17000,0.714285714
Gujarat,SURAT,1997,Kharif,Bajra,300,300,1
Gujarat,SURAT,1997,Kharif,Dry chillies,1200,2400,2
Gujarat,SURAT,1997,Kharif,Groundnut,9800,9400,0.959183673
Gujarat,SURAT,1997,Kharif,Jowar,29200,45600,1.561643836
Gujarat,SURAT,1997,Kharif,Moong(Green Gram),1100,700,0.636363636
Gujarat,SURAT,1997,Kharif,Other Kharif pulses,300,100,0.333333333
Gujarat,SURAT,1997,Kharif,Urad,3300,1000,0.303030303
Gujarat,SURAT,1997,Rabi,Gram,2600,2100,0.807692308
Gujarat,SURAT,1997,Rabi,Jowar,4100,4000,0.975609756
Gujarat,SURAT,1997,Rabi,Other  Rabi pulses,300,100,0.333333333
Gujarat,SURAT,1997,Rabi,Wheat,5300,8200,1.547169811
Gujarat,SURAT,1997,Summer,Groundnut,10000,18700,1.87
Gujarat,SURAT,1997,Whole Year,Banana,2000,114600,57.3
Gujarat,SURAT,1997,Whole Year,Castor seed,100,300,3
Gujarat,SURAT,1997,Whole Year,Cotton(lint),5000,13000,2.6
Gujarat,SURAT,1997,Whole Year,Maize,1300,2900,2.230769231
Gujarat,SURAT,1997,Whole Year,Onion,100,3200,32
Gujarat,SURAT,1997,Whole Year,Pulses total,28500,188,0.006596491
Gujarat,SURAT,1997,Whole Year,Ragi,100,100,1
Gujarat,SURAT,1997,Whole Year,Rice,81900,149100,1.820512821
Gujarat,SURAT,1997,Whole Year,Sesamum,100,100,1
Gujarat,SURAT,1997,Whole Year,Sugarcane,95200,6888000,72.35294118
Gujarat,SURAT,1998,Kharif,Arhar/Tur,21300,25600,1.201877934
Gujarat,SURAT,1998,Kharif,Castor seed,100,300,3
Gujarat,SURAT,1998,Kharif,Cotton(lint),2700,7600,2.814814815
Gujarat,SURAT,1998,Kharif,Groundnut,12700,14200,1.118110236
Gujarat,SURAT,1998,Kharif,Jowar,25700,36400,1.416342412
Gujarat,SURAT,1998,Kharif,Maize,1300,2100,1.615384615
Gujarat,SURAT,1998,Kharif,Moong(Green Gram),1300,900,0.692307692
Gujarat,SURAT,1998,Kharif,Moth,100,,
Gujarat,SURAT,1998,Kharif,Other Kharif pulses,900,300,0.333333333
Gujarat,SURAT,1998,Kharif,Ragi,200,100,0.5
Gujarat,SURAT,1998,Kharif,Rice,80500,166400,2.067080745
Gujarat,SURAT,1998,Kharif,Sesamum,100,100,1
Gujarat,SURAT,1998,Kharif,Urad,3500,800,0.228571429
Gujarat,SURAT,1998,Rabi,Gram,3000,2600,0.866666667
Gujarat,SURAT,1998,Rabi,Jowar,4100,4800,1.170731707
Gujarat,SURAT,1998,Rabi,Other  Rabi pulses,200,100,0.5
Gujarat,SURAT,1998,Rabi,Wheat,7200,17000,2.361111111
Gujarat,SURAT,1998,Summer,Groundnut,9900,16000,1.616161616
Gujarat,SURAT,1998,Whole Year,Banana,2100,135500,64.52380952
Gujarat,SURAT,1998,Whole Year,Dry chillies,1000,1400,1.4
Gujarat,SURAT,1998,Whole Year,Oilseeds total,22800,30600,1.342105263
Gujarat,SURAT,1998,Whole Year,Onion,100,4000,40
Gujarat,SURAT,1998,Whole Year,Pulses total,30300,30300,1
Gujarat,SURAT,1998,Whole Year,Sugarcane,113300,8326000,73.48631951
Gujarat,SURAT,1999,Kharif,Arhar/Tur,20700,21300,1.028985507
Gujarat,SURAT,1999,Kharif,Castor seed,100,100,1
Gujarat,SURAT,1999,Kharif,Cotton(lint),3800,5800,1.526315789
Gujarat,SURAT,1999,Kharif,Groundnut,14000,14500,1.035714286
Gujarat,SURAT,1999,Kharif,Jowar,33700,58900,1.747774481
Gujarat,SURAT,1999,Kharif,Maize,1000,1300,1.3
Gujarat,SURAT,1999,Kharif,Moong(Green Gram),700,100,0.142857143
Gujarat,SURAT,1999,Kharif,Other Kharif pulses,700,200,0.285714286
Gujarat,SURAT,1999,Kharif,Ragi,100,100,1
Gujarat,SURAT,1999,Kharif,Rice,76700,143100,1.865710561
Gujarat,SURAT,1999,Kharif,Sesamum,100,100,1
Gujarat,SURAT,1999,Kharif,Urad,3100,800,0.258064516
Gujarat,SURAT,1999,Rabi,Gram,2800,2000,0.714285714
Gujarat,SURAT,1999,Rabi,Jowar,3900,4500,1.153846154
Gujarat,SURAT,1999,Rabi,Other  Rabi pulses,1000,400,0.4
Gujarat,SURAT,1999,Rabi,Wheat,6200,11900,1.919354839
Gujarat,SURAT,1999,Summer,Groundnut,10800,16900,1.564814815
Gujarat,SURAT,1999,Whole Year,Banana,1400,96600,69
Gujarat,SURAT,1999,Whole Year,Dry chillies,1000,1300,1.3
Gujarat,SURAT,1999,Whole Year,Onion,400,8600,21.5
Gujarat,SURAT,1999,Whole Year,Sugarcane,120400,8751000,72.68272425
Gujarat,SURAT,2000,Kharif,Arhar/Tur,19300,11200,0.580310881
Gujarat,SURAT,2000,Kharif,Bajra,300,200,0.666666667
Gujarat,SURAT,2000,Kharif,Castor seed,300,400,1.333333333
Gujarat,SURAT,2000,Kharif,Cotton(lint),4400,4400,1
Gujarat,SURAT,2000,Kharif,Groundnut,11500,7800,0.67826087
Gujarat,SURAT,2000,Kharif,Jowar,30100,34700,1.15282392
Gujarat,SURAT,2000,Kharif,Maize,800,600,0.75
Gujarat,SURAT,2000,Kharif,Moong(Green Gram),1100,300,0.272727273
Gujarat,SURAT,2000,Kharif,Moth,400,,
Gujarat,SURAT,2000,Kharif,Other Kharif pulses,500,100,0.2
Gujarat,SURAT,2000,Kharif,Ragi,100,100,1
Gujarat,SURAT,2000,Kharif,Rice,70600,117000,1.657223796
Gujarat,SURAT,2000,Kharif,Sesamum,100,,
Gujarat,SURAT,2000,Kharif,Urad,2300,600,0.260869565
Gujarat,SURAT,2000,Rabi,Gram,2900,2000,0.689655172
Gujarat,SURAT,2000,Rabi,Jowar,3900,3600,0.923076923
Gujarat,SURAT,2000,Rabi,Other  Rabi pulses,900,400,0.444444444
Gujarat,SURAT,2000,Rabi,Wheat,5400,13200,2.444444444
Gujarat,SURAT,2000,Summer,Groundnut,6200,8800,1.419354839
Gujarat,SURAT,2000,Summer,Rice,2900,7500,2.586206897
Gujarat,SURAT,2000,Whole Year,Banana,2200,99700,45.31818182
Gujarat,SURAT,2000,Whole Year,Dry chillies,1100,1300,1.181818182
Gujarat,SURAT,2000,Whole Year,Onion,300,7100,23.66666667
Gujarat,SURAT,2000,Whole Year,Sugarcane,119000,8887000,74.68067227
Gujarat,SURAT,2001,Kharif,Arhar/Tur,29900,25900,0.866220736
Gujarat,SURAT,2001,Kharif,Bajra,200,300,1.5
Gujarat,SURAT,2001,Kharif,Castor seed,400,700,1.75
Gujarat,SURAT,2001,Kharif,Cotton(lint),3100,3200,1.032258065
Gujarat,SURAT,2001,Kharif,Groundnut,13100,15000,1.145038168
Gujarat,SURAT,2001,Kharif,Jowar,51200,56400,1.1015625
Gujarat,SURAT,2001,Kharif,Maize,1500,3000,2
Gujarat,SURAT,2001,Kharif,Moong(Green Gram),1500,700,0.466666667
Gujarat,SURAT,2001,Kharif,Moth,100,,
Gujarat,SURAT,2001,Kharif,Other Kharif pulses,800,400,0.5
Gujarat,SURAT,2001,Kharif,Ragi,100,100,1
Gujarat,SURAT,2001,Kharif,Rice,83500,167000,2
Gujarat,SURAT,2001,Kharif,Sesamum,100,100,1
Gujarat,SURAT,2001,Kharif,Urad,2900,1200,0.413793103
Gujarat,SURAT,2001,Rabi,Gram,2700,2100,0.777777778
Gujarat,SURAT,2001,Rabi,Jowar,4000,6600,1.65
Gujarat,SURAT,2001,Rabi,Other  Rabi pulses,700,400,0.571428571
Gujarat,SURAT,2001,Rabi,Wheat,4800,8700,1.8125
Gujarat,SURAT,2001,Summer,Groundnut,7200,10900,1.513888889
Gujarat,SURAT,2001,Summer,Rice,2900,8900,3.068965517
Gujarat,SURAT,2001,Whole Year,Banana,2900,187600,64.68965517
Gujarat,SURAT,2001,Whole Year,Dry chillies,1000,1100,1.1
Gujarat,SURAT,2001,Whole Year,Onion,400,11400,28.5
Gujarat,SURAT,2001,Whole Year,Sugarcane,113600,8521000,75.00880282
Gujarat,SURAT,2002,Kharif,Arhar/Tur,22300,15400,0.69058296
Gujarat,SURAT,2002,Kharif,Bajra,200,200,1
Gujarat,SURAT,2002,Kharif,Castor seed,600,700,1.166666667
Gujarat,SURAT,2002,Kharif,Cotton(lint),6600,5700,0.863636364
Gujarat,SURAT,2002,Kharif,Groundnut,7600,9300,1.223684211
Gujarat,SURAT,2002,Kharif,Jowar,26000,41500,1.596153846
Gujarat,SURAT,2002,Kharif,Maize,2400,4200,1.75
Gujarat,SURAT,2002,Kharif,Moong(Green Gram),2300,700,0.304347826
Gujarat,SURAT,2002,Kharif,Moth,100,100,1
Gujarat,SURAT,2002,Kharif,Other Kharif pulses,1800,1300,0.722222222
Gujarat,SURAT,2002,Kharif,Rice,73500,137200,1.866666667
Gujarat,SURAT,2002,Kharif,Sesamum,200,100,0.5
Gujarat,SURAT,2002,Kharif,Small millets,100,,
Gujarat,SURAT,2002,Kharif,Urad,3400,2200,0.647058824
Gujarat,SURAT,2002,Rabi,Gram,3100,2300,0.741935484
Gujarat,SURAT,2002,Rabi,Jowar,5500,4400,0.8
Gujarat,SURAT,2002,Rabi,Other  Rabi pulses,1200,700,0.583333333
Gujarat,SURAT,2002,Rabi,Rapeseed &Mustard,100,100,1
Gujarat,SURAT,2002,Rabi,Wheat,6700,11600,1.731343284
Gujarat,SURAT,2002,Summer,Bajra,100,100,1
Gujarat,SURAT,2002,Summer,Groundnut,7700,12900,1.675324675
Gujarat,SURAT,2002,Summer,Rice,5100,24600,4.823529412
Gujarat,SURAT,2002,Whole Year,Dry chillies,1400,1600,1.142857143
Gujarat,SURAT,2002,Whole Year,Onion,500,13000,26
Gujarat,SURAT,2002,Whole Year,Sugarcane,118300,8304000,70.19442096
Gujarat,SURAT,2003,Kharif,Arhar/Tur,28100,33600,1.195729537
Gujarat,SURAT,2003,Kharif,Bajra,300,400,1.333333333
Gujarat,SURAT,2003,Kharif,Castor seed,400,700,1.75
Gujarat,SURAT,2003,Kharif,Cotton(lint),4200,9900,2.357142857
Gujarat,SURAT,2003,Kharif,Groundnut,11000,12400,1.127272727
Gujarat,SURAT,2003,Kharif,Jowar,36600,51500,1.407103825
Gujarat,SURAT,2003,Kharif,Maize,1900,3300,1.736842105
Gujarat,SURAT,2003,Kharif,Moong(Green Gram),1500,900,0.6
Gujarat,SURAT,2003,Kharif,Moth,600,300,0.5
Gujarat,SURAT,2003,Kharif,Other Kharif pulses,1300,900,0.692307692
Gujarat,SURAT,2003,Kharif,Rice,80000,154800,1.935
Gujarat,SURAT,2003,Kharif,Sesamum,300,200,0.666666667
Gujarat,SURAT,2003,Kharif,Small millets,600,100,0.166666667
Gujarat,SURAT,2003,Kharif,Urad,3200,2100,0.65625
Gujarat,SURAT,2003,Rabi,Gram,2400,1700,0.708333333
Gujarat,SURAT,2003,Rabi,Jowar,8900,8300,0.93258427
Gujarat,SURAT,2003,Rabi,Other  Rabi pulses,900,500,0.555555556
Gujarat,SURAT,2003,Rabi,Wheat,6700,15500,2.313432836
Gujarat,SURAT,2003,Summer,Groundnut,9500,13000,1.368421053
Gujarat,SURAT,2003,Summer,Rice,5300,17000,3.20754717
Gujarat,SURAT,2003,Whole Year,Banana,2900,214100,73.82758621
Gujarat,SURAT,2003,Whole Year,Dry chillies,1600,1800,1.125
Gujarat,SURAT,2003,Whole Year,Onion,500,17200,34.4
Gujarat,SURAT,2003,Whole Year,Sugarcane,102700,7717000,75.14118793
Gujarat,SURAT,2004,Kharif,Arhar/Tur,28100,25200,0.896797153
Gujarat,SURAT,2004,Kharif,Bajra,200,200,1
Gujarat,SURAT,2004,Kharif,Castor seed,300,500,1.666666667
Gujarat,SURAT,2004,Kharif,Cotton(lint),7000,18000,2.571428571
Gujarat,SURAT,2004,Kharif,Groundnut,7800,8200,1.051282051
Gujarat,SURAT,2004,Kharif,Jowar,27100,42800,1.579335793
Gujarat,SURAT,2004,Kharif,Maize,2000,1900,0.95
Gujarat,SURAT,2004,Kharif,Moong(Green Gram),2100,900,0.428571429
Gujarat,SURAT,2004,Kharif,Other Cereals & Millets,200,100,0.5
Gujarat,SURAT,2004,Kharif,Other Kharif pulses,1400,1100,0.785714286
Gujarat,SURAT,2004,Kharif,Rice,79300,141000,1.778058008
Gujarat,SURAT,2004,Kharif,Sesamum,200,100,0.5
Gujarat,SURAT,2004,Kharif,Small millets,200,100,0.5
Gujarat,SURAT,2004,Kharif,Urad,4300,2000,0.465116279
Gujarat,SURAT,2004,Rabi,Gram,3100,2500,0.806451613
Gujarat,SURAT,2004,Rabi,Jowar,9200,8700,0.945652174
Gujarat,SURAT,2004,Rabi,Other  Rabi pulses,1100,400,0.363636364
Gujarat,SURAT,2004,Rabi,Rapeseed &Mustard,100,200,2
Gujarat,SURAT,2004,Rabi,Wheat,5500,13300,2.418181818
Gujarat,SURAT,2004,Summer,Bajra,100,100,1
Gujarat,SURAT,2004,Summer,Groundnut,8700,15700,1.804597701
Gujarat,SURAT,2004,Summer,Rice,4700,12200,2.595744681
Gujarat,SURAT,2004,Whole Year,Banana,3200,195000,60.9375
Gujarat,SURAT,2004,Whole Year,Dry chillies,100,100,1
Gujarat,SURAT,2004,Whole Year,Garlic,100,400,4
Gujarat,SURAT,2004,Whole Year,Onion,600,16800,28
Gujarat,SURAT,2004,Whole Year,Sugarcane,116500,9071000,77.86266094
Gujarat,SURAT,2005,Kharif,Arhar/Tur,26600,31100,1.169172932
Gujarat,SURAT,2005,Kharif,Bajra,300,300,1
Gujarat,SURAT,2005,Kharif,Castor seed,400,800,2
Gujarat,SURAT,2005,Kharif,Cotton(lint),5500,18100,3.290909091
Gujarat,SURAT,2005,Kharif,Groundnut,8800,6400,0.727272727
Gujarat,SURAT,2005,Kharif,Jowar,25200,35000,1.388888889
Gujarat,SURAT,2005,Kharif,Maize,2000,3100,1.55
Gujarat,SURAT,2005,Kharif,Moong(Green Gram),700,400,0.571428571
Gujarat,SURAT,2005,Kharif,Other Cereals & Millets,100,,
Gujarat,SURAT,2005,Kharif,Other Kharif pulses,2600,1900,0.730769231
Gujarat,SURAT,2005,Kharif,Rice,68300,131200,1.920937042
Gujarat,SURAT,2005,Kharif,Sesamum,100,100,1
Gujarat,SURAT,2005,Kharif,Urad,3700,2200,0.594594595
Gujarat,SURAT,2005,Rabi,Gram,2500,2000,0.8
Gujarat,SURAT,2005,Rabi,Jowar,7700,9400,1.220779221
Gujarat,SURAT,2005,Rabi,Other  Rabi pulses,1900,2000,1.052631579
Gujarat,SURAT,2005,Rabi,Rapeseed &Mustard,100,100,1
Gujarat,SURAT,2005,Rabi,Wheat,6500,16300,2.507692308
Gujarat,SURAT,2005,Summer,Groundnut,10200,19600,1.921568627
Gujarat,SURAT,2005,Summer,Rice,3700,10700,2.891891892
Gujarat,SURAT,2005,Whole Year,Banana,2200,159300,72.40909091
Gujarat,SURAT,2005,Whole Year,Dry chillies,100,100,1
Gujarat,SURAT,2005,Whole Year,Garlic,100,700,7
Gujarat,SURAT,2005,Whole Year,Onion,700,20800,29.71428571
Gujarat,SURAT,2005,Whole Year,Sugarcane,130600,11754000,90
Gujarat,SURAT,2006,Kharif,Arhar/Tur,29200,29000,0.993150685
Gujarat,SURAT,2006,Kharif,Bajra,1200,900,0.75
Gujarat,SURAT,2006,Kharif,Castor seed,400,700,1.75
Gujarat,SURAT,2006,Kharif,Cotton(lint),6600,15500,2.348484848
Gujarat,SURAT,2006,Kharif,Groundnut,7400,9100,1.22972973
Gujarat,SURAT,2006,Kharif,Jowar,25000,31100,1.244
Gujarat,SURAT,2006,Kharif,Maize,2000,600,0.3
Gujarat,SURAT,2006,Kharif,Moong(Green Gram),1100,400,0.363636364
Gujarat,SURAT,2006,Kharif,Other Cereals & Millets,100,100,1
Gujarat,SURAT,2006,Kharif,Other Kharif pulses,1000,700,0.7
Gujarat,SURAT,2006,Kharif,Rice,72600,144200,1.986225895
Gujarat,SURAT,2006,Kharif,Urad,3900,2000,0.512820513
Gujarat,SURAT,2006,Rabi,Gram,3000,2600,0.866666667
Gujarat,SURAT,2006,Rabi,Jowar,6600,7200,1.090909091
Gujarat,SURAT,2006,Rabi,Other  Rabi pulses,1400,1100,0.785714286
Gujarat,SURAT,2006,Rabi,Rapeseed &Mustard,100,100,1
Gujarat,SURAT,2006,Rabi,Wheat,6900,17200,2.492753623
Gujarat,SURAT,2006,Summer,Groundnut,9300,17500,1.88172043
Gujarat,SURAT,2006,Summer,Rice,5100,14400,2.823529412
Gujarat,SURAT,2006,Whole Year,Banana,2300,183400,79.73913043
Gujarat,SURAT,2006,Whole Year,Dry chillies,200,200,1
Gujarat,SURAT,2006,Whole Year,Garlic,100,300,3
Gujarat,SURAT,2006,Whole Year,Onion,600,14100,23.5
Gujarat,SURAT,2006,Whole Year,Sugarcane,119600,9147000,76.47993311
Gujarat,SURAT,2007,Kharif,Arhar/Tur,32600,32100,0.984662577
Gujarat,SURAT,2007,Kharif,Bajra,400,400,1
Gujarat,SURAT,2007,Kharif,Castor seed,200,400,2
Gujarat,SURAT,2007,Kharif,Cotton(lint),6800,21800,3.205882353
Gujarat,SURAT,2007,Kharif,Groundnut,7800,9000,1.153846154
Gujarat,SURAT,2007,Kharif,Jowar,34300,47900,1.396501458
Gujarat,SURAT,2007,Kharif,Maize,3500,4800,1.371428571
Gujarat,SURAT,2007,Kharif,Moong(Green Gram),2600,1400,0.538461538
Gujarat,SURAT,2007,Kharif,Other Cereals & Millets,100,100,1
Gujarat,SURAT,2007,Kharif,Other Kharif pulses,1000,700,0.7
Gujarat,SURAT,2007,Kharif,Rice,80500,154900,1.924223602
Gujarat,SURAT,2007,Kharif,Sesamum,100,100,1
Gujarat,SURAT,2007,Kharif,Urad,4500,2000,0.444444444
Gujarat,SURAT,2007,Rabi,Gram,2800,2000,0.714285714
Gujarat,SURAT,2007,Rabi,Jowar,6200,8400,1.35483871
Gujarat,SURAT,2007,Rabi,Other  Rabi pulses,1400,1100,0.785714286
Gujarat,SURAT,2007,Rabi,Rapeseed &Mustard,100,100,1
Gujarat,SURAT,2007,Rabi,Wheat,9700,18900,1.948453608
Gujarat,SURAT,2007,Summer,Bajra,200,400,2
Gujarat,SURAT,2007,Summer,Groundnut,6500,12100,1.861538462
Gujarat,SURAT,2007,Summer,Rice,7900,21700,2.746835443
Gujarat,SURAT,2007,Whole Year,Banana,3600,239800,66.61111111
Gujarat,SURAT,2007,Whole Year,Dry chillies,200,200,1
Gujarat,SURAT,2007,Whole Year,Garlic,100,400,4
Gujarat,SURAT,2007,Whole Year,Onion,600,19400,32.33333333
Gujarat,SURAT,2007,Whole Year,Sugarcane,125900,9020000,71.64416203
Gujarat,SURAT,2008,Kharif,Arhar/Tur,15400,17300,1.123376623
Gujarat,SURAT,2008,Kharif,Bajra,100,100,1
Gujarat,SURAT,2008,Kharif,Castor seed,200,500,2.5
Gujarat,SURAT,2008,Kharif,Cotton(lint),3400,8600,2.529411765
Gujarat,SURAT,2008,Kharif,Groundnut,2900,3200,1.103448276
Gujarat,SURAT,2008,Kharif,Jowar,16200,18700,1.154320988
Gujarat,SURAT,2008,Kharif,Maize,1100,1500,1.363636364
Gujarat,SURAT,2008,Kharif,Moong(Green Gram),2200,1000,0.454545455
Gujarat,SURAT,2008,Kharif,Moth,700,100,0.142857143
Gujarat,SURAT,2008,Kharif,Other Cereals & Millets,100,100,1
Gujarat,SURAT,2008,Kharif,Other Kharif pulses,600,400,0.666666667
Gujarat,SURAT,2008,Kharif,Rice,58400,124300,2.128424658
Gujarat,SURAT,2008,Kharif,Urad,1600,1000,0.625
Gujarat,SURAT,2008,Rabi,Gram,700,700,1
Gujarat,SURAT,2008,Rabi,Jowar,2500,3400,1.36
Gujarat,SURAT,2008,Rabi,Onion,300,9400,31.33333333
Gujarat,SURAT,2008,Rabi,Other  Rabi pulses,300,200,0.666666667
Gujarat,SURAT,2008,Rabi,Other Cereals & Millets,100,100,1
Gujarat,SURAT,2008,Rabi,Rapeseed &Mustard,100,100,1
Gujarat,SURAT,2008,Rabi,Wheat,6100,13900,2.278688525
Gujarat,SURAT,2008,Summer,Groundnut,3400,5500,1.617647059
Gujarat,SURAT,2008,Summer,Rice,9700,33200,3.422680412
Gujarat,SURAT,2008,Whole Year,Banana,2900,224800,77.51724138
Gujarat,SURAT,2008,Whole Year,Dry chillies,100,100,1
Gujarat,SURAT,2008,Whole Year,Guar seed,100,100,1
Gujarat,SURAT,2008,Whole Year,Sugarcane,112400,7974000,70.9430605
Gujarat,SURAT,2009,Kharif,Arhar/Tur,11800,18500,1.56779661
Gujarat,SURAT,2009,Kharif,Bajra,400,300,0.75
Gujarat,SURAT,2009,Kharif,Castor seed,300,500,1.666666667
Gujarat,SURAT,2009,Kharif,Cotton(lint),800,2800,3.5
Gujarat,SURAT,2009,Kharif,Groundnut,4900,5000,1.020408163
Gujarat,SURAT,2009,Kharif,Jowar,22300,30600,1.372197309
Gujarat,SURAT,2009,Kharif,Maize,800,800,1
Gujarat,SURAT,2009,Kharif,Moong(Green Gram),1300,500,0.384615385
Gujarat,SURAT,2009,Kharif,Moth,400,100,0.25
Gujarat,SURAT,2009,Kharif,Other Cereals & Millets,100,100,1
Gujarat,SURAT,2009,Kharif,Other Kharif pulses,300,200,0.666666667
Gujarat,SURAT,2009,Kharif,Rice,54600,130300,2.386446886
Gujarat,SURAT,2009,Kharif,Urad,800,500,0.625
Gujarat,SURAT,2009,Rabi,Gram,600,500,0.833333333
Gujarat,SURAT,2009,Rabi,Jowar,6400,7400,1.15625
Gujarat,SURAT,2009,Rabi,Onion,700,18500,26.42857143
Gujarat,SURAT,2009,Rabi,Other  Rabi pulses,400,300,0.75
Gujarat,SURAT,2009,Rabi,Wheat,9200,23800,2.586956522
Gujarat,SURAT,2009,Summer,Bajra,100,300,3
Gujarat,SURAT,2009,Summer,Groundnut,3100,5500,1.774193548
Gujarat,SURAT,2009,Summer,Rice,6200,20300,3.274193548
Gujarat,SURAT,2009,Whole Year,Banana,2900,211600,72.96551724
Gujarat,SURAT,2009,Whole Year,Dry chillies,200,200,1
Gujarat,SURAT,2009,Whole Year,Garlic,100,500,5
Gujarat,SURAT,2009,Whole Year,Sugarcane,101400,7007000,69.1025641
Gujarat,SURAT,2010,Kharif,Arhar/Tur,13200,15700,1.189393939
Gujarat,SURAT,2010,Kharif,Bajra,300,300,1
Gujarat,SURAT,2010,Kharif,Castor seed,300,600,2
Gujarat,SURAT,2010,Kharif,Cotton(lint),1300,4000,3.076923077
Gujarat,SURAT,2010,Kharif,Groundnut,5000,5200,1.04
Gujarat,SURAT,2010,Kharif,Jowar,16300,19400,1.190184049
Gujarat,SURAT,2010,Kharif,Maize,900,1600,1.777777778
Gujarat,SURAT,2010,Kharif,Moong(Green Gram),1400,600,0.428571429
Gujarat,SURAT,2010,Kharif,Moth,400,200,0.5
Gujarat,SURAT,2010,Kharif,Other Cereals & Millets,900,700,0.777777778
Gujarat,SURAT,2010,Kharif,Other Kharif pulses,900,500,0.555555556
Gujarat,SURAT,2010,Kharif,other oilseeds,100,,
Gujarat,SURAT,2010,Kharif,Rice,60700,124000,2.042833608
Gujarat,SURAT,2010,Kharif,Sesamum,1300,600,0.461538462
Gujarat,SURAT,2010,Kharif,Soyabean,9600,8200,0.854166667
Gujarat,SURAT,2010,Kharif,Urad,1300,800,0.615384615
Gujarat,SURAT,2010,Rabi,Gram,800,1200,1.5
Gujarat,SURAT,2010,Rabi,Jowar,2400,2700,1.125
Gujarat,SURAT,2010,Rabi,Other  Rabi pulses,500,400,0.8
Gujarat,SURAT,2010,Rabi,Rapeseed &Mustard,100,100,1
Gujarat,SURAT,2010,Rabi,Wheat,6200,18900,3.048387097
Gujarat,SURAT,2010,Summer,Groundnut,3200,5000,1.5625
Gujarat,SURAT,2010,Summer,Maize,900,1700,1.888888889
Gujarat,SURAT,2010,Summer,Moong(Green Gram),8500,4300,0.505882353
Gujarat,SURAT,2010,Summer,Rice,18900,56500,2.989417989
Gujarat,SURAT,2010,Summer,Sesamum,400,200,0.5
Gujarat,SURAT,2010,Summer,Urad,100,100,1
Gujarat,SURAT,2010,Whole Year,Banana,3000,197200,65.73333333
Gujarat,SURAT,2010,Whole Year,Guar seed,100,100,1
Gujarat,SURAT,2010,Whole Year,Onion,300,9400,31.33333333
Gujarat,SURAT,2010,Whole Year,Sugarcane,98900,7411000,74.93427705
Gujarat,SURAT,2011,Kharif,Arhar/Tur,14900,12700,0.852348993
Gujarat,SURAT,2011,Kharif,Castor seed,3000,6200,2.066666667
Gujarat,SURAT,2011,Kharif,Cotton(lint),9000,33800,3.755555556
Gujarat,SURAT,2011,Kharif,Groundnut,4800,4100,0.854166667
Gujarat,SURAT,2011,Kharif,Jowar,16500,18600,1.127272727
Gujarat,SURAT,2011,Kharif,Maize,1000,1400,1.4
Gujarat,SURAT,2011,Kharif,Moong(Green Gram),4800,2100,0.4375
Gujarat,SURAT,2011,Kharif,Other Cereals & Millets,500,300,0.6
Gujarat,SURAT,2011,Kharif,Other Kharif pulses,300,100,0.333333333
Gujarat,SURAT,2011,Kharif,Rice,52300,126800,2.424474187
Gujarat,SURAT,2011,Kharif,Sesamum,100,100,1
Gujarat,SURAT,2011,Kharif,Urad,1500,1200,0.8
Gujarat,SURAT,2011,Rabi,Gram,1100,1200,1.090909091
Gujarat,SURAT,2011,Rabi,Jowar,1700,1800,1.058823529
Gujarat,SURAT,2011,Rabi,Maize,1000,1700,1.7
Gujarat,SURAT,2011,Rabi,Onion,400,12400,31
Gujarat,SURAT,2011,Rabi,Other  Rabi pulses,200,100,0.5
Gujarat,SURAT,2011,Rabi,Other Cereals & Millets,200,200,1
Gujarat,SURAT,2011,Rabi,Rapeseed &Mustard,200,300,1.5
Gujarat,SURAT,2011,Rabi,Wheat,8000,20700,2.5875
Gujarat,SURAT,2011,Summer,Groundnut,3200,4500,1.40625
Gujarat,SURAT,2011,Summer,Maize,1000,,
Gujarat,SURAT,2011,Summer,Moong(Green Gram),8300,4200,0.506024096
Gujarat,SURAT,2011,Summer,Rice,19000,64000,3.368421053
Gujarat,SURAT,2011,Summer,Sesamum,300,200,0.666666667
Gujarat,SURAT,2011,Summer,Urad,700,500,0.714285714
Gujarat,SURAT,2011,Whole Year,Banana,1700,110100,64.76470588
Gujarat,SURAT,2011,Whole Year,Garlic,100,300,3
Gujarat,SURAT,2011,Whole Year,Guar seed,2200,1300,0.590909091
Gujarat,SURAT,2011,Whole Year,other oilseeds,500,200,0.4
Gujarat,SURAT,2011,Whole Year,Potato,100,1400,14
Gujarat,SURAT,2011,Whole Year,Sugarcane,105900,6942000,65.55240793
Gujarat,SURAT,2012,Kharif,Arhar/Tur,9500,17200,1.810526316
Gujarat,SURAT,2012,Kharif,Castor seed,400,800,2
Gujarat,SURAT,2012,Kharif,Cotton(lint),3800,7900,2.078947368
Gujarat,SURAT,2012,Kharif,Groundnut,800,1400,1.75
Gujarat,SURAT,2012,Kharif,Jowar,6400,11500,1.796875
Gujarat,SURAT,2012,Kharif,Maize,1400,2400,1.714285714
Gujarat,SURAT,2012,Kharif,Moong(Green Gram),1000,400,0.4
Gujarat,SURAT,2012,Kharif,Moth,100,100,1
Gujarat,SURAT,2012,Kharif,Other Cereals & Millets,100,100,1
Gujarat,SURAT,2012,Kharif,Other Kharif pulses,300,100,0.333333333
Gujarat,SURAT,2012,Kharif,Rice,39700,84100,2.118387909
Gujarat,SURAT,2012,Kharif,Soyabean,1600,700,0.4375
Gujarat,SURAT,2012,Kharif,Urad,800,300,0.375
Gujarat,SURAT,2012,Rabi,Gram,500,500,1
Gujarat,SURAT,2012,Rabi,Jowar,2700,2900,1.074074074
Gujarat,SURAT,2012,Rabi,Onion,100,1900,19
Gujarat,SURAT,2012,Rabi,Other  Rabi pulses,200,200,1
Gujarat,SURAT,2012,Rabi,Other Cereals & Millets,300,700,2.333333333
Gujarat,SURAT,2012,Rabi,Wheat,8100,23100,2.851851852
Gujarat,SURAT,2012,Summer,Groundnut,1100,1700,1.545454545
Gujarat,SURAT,2012,Summer,Rice,8900,26900,3.02247191
Gujarat,SURAT,2012,Whole Year,Banana,1000,79300,79.3
Gujarat,SURAT,2012,Whole Year,Dry chillies,100,100,1
Gujarat,SURAT,2012,Whole Year,Garlic,100,200,2
Gujarat,SURAT,2012,Whole Year,Sugarcane,84400,611300,7.242890995
Gujarat,SURENDRANAGAR,1997,Kharif,Arhar/Tur,200,200,1
Gujarat,SURENDRANAGAR,1997,Kharif,Bajra,85900,103000,1.199068685
Gujarat,SURENDRANAGAR,1997,Kharif,Dry chillies,1100,1500,1.363636364
Gujarat,SURENDRANAGAR,1997,Kharif,Groundnut,21800,28000,1.28440367
Gujarat,SURENDRANAGAR,1997,Kharif,Moong(Green Gram),4200,1800,0.428571429
Gujarat,SURENDRANAGAR,1997,Kharif,Moth,6200,3100,0.5
Gujarat,SURENDRANAGAR,1997,Kharif,Urad,100,100,1
Gujarat,SURENDRANAGAR,1997,Rabi,Gram,6300,3000,0.476190476
Gujarat,SURENDRANAGAR,1997,Rabi,Jowar,100,100,1
Gujarat,SURENDRANAGAR,1997,Rabi,Rapeseed &Mustard,500,500,1
Gujarat,SURENDRANAGAR,1997,Rabi,Wheat,22500,46800,2.08
Gujarat,SURENDRANAGAR,1997,Summer,Bajra,300,600,2
Gujarat,SURENDRANAGAR,1997,Summer,Groundnut,5800,8100,1.396551724
Gujarat,SURENDRANAGAR,1997,Whole Year,Castor seed,3600,8300,2.305555556
Gujarat,SURENDRANAGAR,1997,Whole Year,Cotton(lint),398200,700000,1.757910598
Gujarat,SURENDRANAGAR,1997,Whole Year,Garlic,100,400,4
Gujarat,SURENDRANAGAR,1997,Whole Year,Onion,200,5900,29.5
Gujarat,SURENDRANAGAR,1997,Whole Year,Pulses total,10700,52,0.004859813
Gujarat,SURENDRANAGAR,1997,Whole Year,Rice,600,1200,2
Gujarat,SURENDRANAGAR,1997,Whole Year,Sesamum,62900,34400,0.546899841
Gujarat,SURENDRANAGAR,1997,Whole Year,Sugarcane,400,32000,80
Gujarat,SURENDRANAGAR,1998,Kharif,Arhar/Tur,400,400,1
Gujarat,SURENDRANAGAR,1998,Kharif,Bajra,74900,98900,1.320427236
Gujarat,SURENDRANAGAR,1998,Kharif,Castor seed,1200,3400,2.833333333
Gujarat,SURENDRANAGAR,1998,Kharif,Cotton(lint),409000,775500,1.89608802
Gujarat,SURENDRANAGAR,1998,Kharif,Groundnut,19900,28600,1.43718593
Gujarat,SURENDRANAGAR,1998,Kharif,Moong(Green Gram),5600,2800,0.5
Gujarat,SURENDRANAGAR,1998,Kharif,Moth,5400,2300,0.425925926
Gujarat,SURENDRANAGAR,1998,Kharif,Other Kharif pulses,100,,
Gujarat,SURENDRANAGAR,1998,Kharif,Rice,100,300,3
Gujarat,SURENDRANAGAR,1998,Kharif,Sesamum,70800,33500,0.473163842
Gujarat,SURENDRANAGAR,1998,Kharif,Urad,100,100,1
Gujarat,SURENDRANAGAR,1998,Rabi,Gram,5500,2600,0.472727273
Gujarat,SURENDRANAGAR,1998,Rabi,Rapeseed &Mustard,400,600,1.5
Gujarat,SURENDRANAGAR,1998,Rabi,Wheat,20600,34900,1.694174757
Gujarat,SURENDRANAGAR,1998,Summer,Bajra,400,800,2
Gujarat,SURENDRANAGAR,1998,Summer,Groundnut,4100,5700,1.390243902
Gujarat,SURENDRANAGAR,1998,Whole Year,Dry chillies,300,500,1.666666667
Gujarat,SURENDRANAGAR,1998,Whole Year,Oilseeds total,96400,71800,0.744813278
Gujarat,SURENDRANAGAR,1998,Whole Year,Onion,400,11800,29.5
Gujarat,SURENDRANAGAR,1998,Whole Year,Pulses total,17100,8200,0.479532164
Gujarat,SURENDRANAGAR,1998,Whole Year,Sugarcane,600,42000,70
Gujarat,SURENDRANAGAR,1999,Kharif,Arhar/Tur,400,300,0.75
Gujarat,SURENDRANAGAR,1999,Kharif,Bajra,77500,45400,0.585806452
Gujarat,SURENDRANAGAR,1999,Kharif,Castor seed,4500,8400,1.866666667
Gujarat,SURENDRANAGAR,1999,Kharif,Cotton(lint),376800,408400,1.083864119
Gujarat,SURENDRANAGAR,1999,Kharif,Groundnut,20800,18500,0.889423077
Gujarat,SURENDRANAGAR,1999,Kharif,Moong(Green Gram),4200,600,0.142857143
Gujarat,SURENDRANAGAR,1999,Kharif,Moth,4000,500,0.125
Gujarat,SURENDRANAGAR,1999,Kharif,Other Kharif pulses,200,0,0
Gujarat,SURENDRANAGAR,1999,Kharif,Rice,500,1000,2
Gujarat,SURENDRANAGAR,1999,Kharif,Sesamum,83300,24300,0.291716687
Gujarat,SURENDRANAGAR,1999,Rabi,Gram,7400,6700,0.905405405
Gujarat,SURENDRANAGAR,1999,Rabi,Rapeseed &Mustard,800,700,0.875
Gujarat,SURENDRANAGAR,1999,Rabi,Wheat,19000,38700,2.036842105
Gujarat,SURENDRANAGAR,1999,Summer,Bajra,700,1400,2
Gujarat,SURENDRANAGAR,1999,Summer,Groundnut,1700,2700,1.588235294
Gujarat,SURENDRANAGAR,1999,Whole Year,Dry chillies,400,500,1.25
Gujarat,SURENDRANAGAR,1999,Whole Year,Onion,1500,34200,22.8
Gujarat,SURENDRANAGAR,1999,Whole Year,Sugarcane,600,42000,70
Gujarat,SURENDRANAGAR,2000,Kharif,Arhar/Tur,100,100,1
Gujarat,SURENDRANAGAR,2000,Kharif,Bajra,66600,55700,0.836336336
Gujarat,SURENDRANAGAR,2000,Kharif,Castor seed,13000,18000,1.384615385
Gujarat,SURENDRANAGAR,2000,Kharif,Cotton(lint),377500,181300,0.480264901
Gujarat,SURENDRANAGAR,2000,Kharif,Groundnut,19200,18400,0.958333333
Gujarat,SURENDRANAGAR,2000,Kharif,Moong(Green Gram),3000,1400,0.466666667
Gujarat,SURENDRANAGAR,2000,Kharif,Moth,4700,600,0.127659574
Gujarat,SURENDRANAGAR,2000,Kharif,Rice,700,400,0.571428571
Gujarat,SURENDRANAGAR,2000,Kharif,Sesamum,78500,21000,0.267515924
Gujarat,SURENDRANAGAR,2000,Rabi,Gram,800,300,0.375
Gujarat,SURENDRANAGAR,2000,Rabi,Rapeseed &Mustard,200,300,1.5
Gujarat,SURENDRANAGAR,2000,Rabi,Wheat,12900,29800,2.310077519
Gujarat,SURENDRANAGAR,2000,Summer,Bajra,300,600,2
Gujarat,SURENDRANAGAR,2000,Summer,Groundnut,2600,3800,1.461538462
Gujarat,SURENDRANAGAR,2000,Whole Year,Dry chillies,300,400,1.333333333
Gujarat,SURENDRANAGAR,2000,Whole Year,Garlic,100,500,5
Gujarat,SURENDRANAGAR,2000,Whole Year,Onion,500,9300,18.6
Gujarat,SURENDRANAGAR,2000,Whole Year,Sugarcane,400,29000,72.5
Gujarat,SURENDRANAGAR,2001,Kharif,Arhar/Tur,100,100,1
Gujarat,SURENDRANAGAR,2001,Kharif,Bajra,70700,113000,1.598302687
Gujarat,SURENDRANAGAR,2001,Kharif,Castor seed,8100,14700,1.814814815
Gujarat,SURENDRANAGAR,2001,Kharif,Cotton(lint),423200,396100,0.935964083
Gujarat,SURENDRANAGAR,2001,Kharif,Groundnut,22400,22100,0.986607143
Gujarat,SURENDRANAGAR,2001,Kharif,Moong(Green Gram),3100,2400,0.774193548
Gujarat,SURENDRANAGAR,2001,Kharif,Moth,4700,2700,0.574468085
Gujarat,SURENDRANAGAR,2001,Kharif,Rice,800,1200,1.5
Gujarat,SURENDRANAGAR,2001,Kharif,Sesamum,82000,46600,0.568292683
Gujarat,SURENDRANAGAR,2001,Kharif,Urad,200,100,0.5
Gujarat,SURENDRANAGAR,2001,Rabi,Gram,1600,800,0.5
Gujarat,SURENDRANAGAR,2001,Rabi,Rapeseed &Mustard,100,100,1
Gujarat,SURENDRANAGAR,2001,Rabi,Wheat,11900,26900,2.260504202
Gujarat,SURENDRANAGAR,2001,Summer,Bajra,100,200,2
Gujarat,SURENDRANAGAR,2001,Summer,Groundnut,1000,1200,1.2
Gujarat,SURENDRANAGAR,2001,Whole Year,Dry chillies,200,300,1.5
Gujarat,SURENDRANAGAR,2001,Whole Year,Garlic,100,300,3
Gujarat,SURENDRANAGAR,2001,Whole Year,Onion,300,9200,30.66666667
Gujarat,SURENDRANAGAR,2001,Whole Year,Sugarcane,100,5000,50
Gujarat,SURENDRANAGAR,2002,Kharif,Bajra,73300,46900,0.639836289
Gujarat,SURENDRANAGAR,2002,Kharif,Castor seed,13600,19900,1.463235294
Gujarat,SURENDRANAGAR,2002,Kharif,Cotton(lint),420100,254000,0.604617948
Gujarat,SURENDRANAGAR,2002,Kharif,Groundnut,21400,25700,1.200934579
Gujarat,SURENDRANAGAR,2002,Kharif,Moong(Green Gram),3600,1100,0.305555556
Gujarat,SURENDRANAGAR,2002,Kharif,Moth,4700,1300,0.276595745
Gujarat,SURENDRANAGAR,2002,Kharif,Rice,600,600,1
Gujarat,SURENDRANAGAR,2002,Kharif,Sesamum,87900,18500,0.210466439
Gujarat,SURENDRANAGAR,2002,Kharif,Urad,300,100,0.333333333
Gujarat,SURENDRANAGAR,2002,Rabi,Gram,9800,2600,0.265306122
Gujarat,SURENDRANAGAR,2002,Rabi,Jowar,600,400,0.666666667
Gujarat,SURENDRANAGAR,2002,Rabi,Other  Rabi pulses,100,0,0
Gujarat,SURENDRANAGAR,2002,Rabi,Rapeseed &Mustard,200,200,1
Gujarat,SURENDRANAGAR,2002,Rabi,Wheat,15300,28300,1.849673203
Gujarat,SURENDRANAGAR,2002,Summer,Bajra,500,800,1.6
Gujarat,SURENDRANAGAR,2002,Summer,Groundnut,600,1100,1.833333333
Gujarat,SURENDRANAGAR,2002,Whole Year,Garlic,100,600,6
Gujarat,SURENDRANAGAR,2002,Whole Year,Onion,400,10300,25.75
Gujarat,SURENDRANAGAR,2002,Whole Year,Sugarcane,400,26000,65
Gujarat,SURENDRANAGAR,2003,Kharif,Bajra,82800,133900,1.617149758
Gujarat,SURENDRANAGAR,2003,Kharif,Castor seed,6700,16200,2.417910448
Gujarat,SURENDRANAGAR,2003,Kharif,Cotton(lint),384500,612500,1.592977893
Gujarat,SURENDRANAGAR,2003,Kharif,Groundnut,23900,42700,1.786610879
Gujarat,SURENDRANAGAR,2003,Kharif,Moong(Green Gram),6000,3500,0.583333333
Gujarat,SURENDRANAGAR,2003,Kharif,Moth,4000,2000,0.5
Gujarat,SURENDRANAGAR,2003,Kharif,Other Kharif pulses,600,300,0.5
Gujarat,SURENDRANAGAR,2003,Kharif,Rice,200,300,1.5
Gujarat,SURENDRANAGAR,2003,Kharif,Sesamum,113900,74900,0.657594381
Gujarat,SURENDRANAGAR,2003,Kharif,Urad,200,100,0.5
Gujarat,SURENDRANAGAR,2003,Rabi,Gram,10200,9000,0.882352941
Gujarat,SURENDRANAGAR,2003,Rabi,Jowar,200,100,0.5
Gujarat,SURENDRANAGAR,2003,Rabi,Rapeseed &Mustard,400,600,1.5
Gujarat,SURENDRANAGAR,2003,Rabi,Small millets,1500,500,0.333333333
Gujarat,SURENDRANAGAR,2003,Rabi,Wheat,26100,67300,2.578544061
Gujarat,SURENDRANAGAR,2003,Summer,Bajra,600,1300,2.166666667
Gujarat,SURENDRANAGAR,2003,Summer,Groundnut,1400,2800,2
Gujarat,SURENDRANAGAR,2003,Whole Year,Garlic,700,5200,7.428571429
Gujarat,SURENDRANAGAR,2003,Whole Year,Onion,800,26800,33.5
Gujarat,SURENDRANAGAR,2004,Kharif,Bajra,64900,84700,1.305084746
Gujarat,SURENDRANAGAR,2004,Kharif,Castor seed,7500,17200,2.293333333
Gujarat,SURENDRANAGAR,2004,Kharif,Cotton(lint),407100,976000,2.397445345
Gujarat,SURENDRANAGAR,2004,Kharif,Groundnut,22600,34200,1.513274336
Gujarat,SURENDRANAGAR,2004,Kharif,Maize,200,200,1
Gujarat,SURENDRANAGAR,2004,Kharif,Moong(Green Gram),4700,1900,0.404255319
Gujarat,SURENDRANAGAR,2004,Kharif,Moth,5500,2400,0.436363636
Gujarat,SURENDRANAGAR,2004,Kharif,Sesamum,101500,35300,0.347783251
Gujarat,SURENDRANAGAR,2004,Kharif,Urad,100,100,1
Gujarat,SURENDRANAGAR,2004,Rabi,Gram,11500,8400,0.730434783
Gujarat,SURENDRANAGAR,2004,Rabi,Jowar,200,200,1
Gujarat,SURENDRANAGAR,2004,Rabi,Other Cereals & Millets,1800,600,0.333333333
Gujarat,SURENDRANAGAR,2004,Rabi,Rapeseed &Mustard,400,600,1.5
Gujarat,SURENDRANAGAR,2004,Rabi,Small millets,1800,600,0.333333333
Gujarat,SURENDRANAGAR,2004,Rabi,Wheat,25500,52400,2.054901961
Gujarat,SURENDRANAGAR,2004,Summer,Bajra,400,800,2
Gujarat,SURENDRANAGAR,2004,Summer,Groundnut,600,1000,1.666666667
Gujarat,SURENDRANAGAR,2004,Whole Year,Dry chillies,100,100,1
Gujarat,SURENDRANAGAR,2004,Whole Year,Garlic,800,3800,4.75
Gujarat,SURENDRANAGAR,2004,Whole Year,Onion,800,24700,30.875
Gujarat,SURENDRANAGAR,2004,Whole Year,Sugarcane,500,35000,70
Gujarat,SURENDRANAGAR,2005,Kharif,Arhar/Tur,100,100,1
Gujarat,SURENDRANAGAR,2005,Kharif,Bajra,66800,75900,1.136227545
Gujarat,SURENDRANAGAR,2005,Kharif,Castor seed,13800,42500,3.079710145
Gujarat,SURENDRANAGAR,2005,Kharif,Cotton(lint),422600,983300,2.326786559
Gujarat,SURENDRANAGAR,2005,Kharif,Groundnut,23200,44900,1.935344828
Gujarat,SURENDRANAGAR,2005,Kharif,Moong(Green Gram),5200,3100,0.596153846
Gujarat,SURENDRANAGAR,2005,Kharif,Moth,5100,1900,0.37254902
Gujarat,SURENDRANAGAR,2005,Kharif,Rice,500,1100,2.2
Gujarat,SURENDRANAGAR,2005,Kharif,Sesamum,101600,32200,0.316929134
Gujarat,SURENDRANAGAR,2005,Kharif,Urad,100,100,1
Gujarat,SURENDRANAGAR,2005,Rabi,Gram,9100,7000,0.769230769
Gujarat,SURENDRANAGAR,2005,Rabi,Jowar,100,100,1
Gujarat,SURENDRANAGAR,2005,Rabi,Other Cereals & Millets,1200,1100,0.916666667
Gujarat,SURENDRANAGAR,2005,Rabi,Rapeseed &Mustard,200,300,1.5
Gujarat,SURENDRANAGAR,2005,Rabi,Wheat,35300,77500,2.195467422
Gujarat,SURENDRANAGAR,2005,Summer,Bajra,300,800,2.666666667
Gujarat,SURENDRANAGAR,2005,Summer,Groundnut,300,600,2
Gujarat,SURENDRANAGAR,2005,Whole Year,Dry chillies,100,100,1
Gujarat,SURENDRANAGAR,2005,Whole Year,Garlic,200,1100,5.5
Gujarat,SURENDRANAGAR,2005,Whole Year,Onion,400,13300,33.25
Gujarat,SURENDRANAGAR,2005,Whole Year,Sugarcane,100,5000,50
Gujarat,SURENDRANAGAR,2006,Kharif,Arhar/Tur,100,100,1
Gujarat,SURENDRANAGAR,2006,Kharif,Bajra,49800,70600,1.417670683
Gujarat,SURENDRANAGAR,2006,Kharif,Castor seed,24300,52700,2.16872428
Gujarat,SURENDRANAGAR,2006,Kharif,Cotton(lint),434100,1076500,2.479843354
Gujarat,SURENDRANAGAR,2006,Kharif,Groundnut,21200,40600,1.91509434
Gujarat,SURENDRANAGAR,2006,Kharif,Jowar,7500,8400,1.12
Gujarat,SURENDRANAGAR,2006,Kharif,Moong(Green Gram),5000,1700,0.34
Gujarat,SURENDRANAGAR,2006,Kharif,Moth,4800,2200,0.458333333
Gujarat,SURENDRANAGAR,2006,Kharif,Other Kharif pulses,500,300,0.6
Gujarat,SURENDRANAGAR,2006,Kharif,Rice,500,900,1.8
Gujarat,SURENDRANAGAR,2006,Kharif,Sesamum,88900,34700,0.390326209
Gujarat,SURENDRANAGAR,2006,Kharif,Urad,100,100,1
Gujarat,SURENDRANAGAR,2006,Rabi,Gram,11900,16300,1.369747899
Gujarat,SURENDRANAGAR,2006,Rabi,Rapeseed &Mustard,1400,1700,1.214285714
Gujarat,SURENDRANAGAR,2006,Rabi,Wheat,32400,73100,2.25617284
Gujarat,SURENDRANAGAR,2006,Summer,Bajra,900,2000,2.222222222
Gujarat,SURENDRANAGAR,2006,Summer,Groundnut,300,600,2
Gujarat,SURENDRANAGAR,2006,Whole Year,Dry chillies,200,200,1
Gujarat,SURENDRANAGAR,2006,Whole Year,Garlic,300,1600,5.333333333
Gujarat,SURENDRANAGAR,2006,Whole Year,Onion,700,17100,24.42857143
Gujarat,SURENDRANAGAR,2006,Whole Year,Sugarcane,300,21000,70
Gujarat,SURENDRANAGAR,2007,Kharif,Bajra,50700,81100,1.599605523
Gujarat,SURENDRANAGAR,2007,Kharif,Castor seed,23500,62100,2.642553191
Gujarat,SURENDRANAGAR,2007,Kharif,Cotton(lint),448200,1169900,2.610218652
Gujarat,SURENDRANAGAR,2007,Kharif,Groundnut,17700,41500,2.344632768
Gujarat,SURENDRANAGAR,2007,Kharif,Jowar,7900,10600,1.341772152
Gujarat,SURENDRANAGAR,2007,Kharif,Moong(Green Gram),7100,4200,0.591549296
Gujarat,SURENDRANAGAR,2007,Kharif,Moth,4100,2500,0.609756098
Gujarat,SURENDRANAGAR,2007,Kharif,Other Kharif pulses,500,300,0.6
Gujarat,SURENDRANAGAR,2007,Kharif,Rice,800,1500,1.875
Gujarat,SURENDRANAGAR,2007,Kharif,Sesamum,88200,48200,0.546485261
Gujarat,SURENDRANAGAR,2007,Kharif,Urad,200,200,1
Gujarat,SURENDRANAGAR,2007,Rabi,Gram,9800,7600,0.775510204
Gujarat,SURENDRANAGAR,2007,Rabi,Rapeseed &Mustard,1000,1700,1.7
Gujarat,SURENDRANAGAR,2007,Rabi,Wheat,41000,119300,2.909756098
Gujarat,SURENDRANAGAR,2007,Summer,Bajra,1100,2600,2.363636364
Gujarat,SURENDRANAGAR,2007,Summer,Groundnut,700,1200,1.714285714
Gujarat,SURENDRANAGAR,2007,Whole Year,Dry chillies,200,200,1
Gujarat,SURENDRANAGAR,2007,Whole Year,Onion,300,9100,30.33333333
Gujarat,SURENDRANAGAR,2007,Whole Year,Sugarcane,300,22000,73.33333333
Gujarat,SURENDRANAGAR,2008,Kharif,Bajra,39000,42100,1.079487179
Gujarat,SURENDRANAGAR,2008,Kharif,Castor seed,28000,76600,2.735714286
Gujarat,SURENDRANAGAR,2008,Kharif,Cotton(lint),448700,830300,1.850456875
Gujarat,SURENDRANAGAR,2008,Kharif,Groundnut,21400,39300,1.836448598
Gujarat,SURENDRANAGAR,2008,Kharif,Jowar,12600,15900,1.261904762
Gujarat,SURENDRANAGAR,2008,Kharif,Moong(Green Gram),4900,2000,0.408163265
Gujarat,SURENDRANAGAR,2008,Kharif,Moth,2100,1300,0.619047619
Gujarat,SURENDRANAGAR,2008,Kharif,Other Kharif pulses,200,100,0.5
Gujarat,SURENDRANAGAR,2008,Kharif,Rice,900,1000,1.111111111
Gujarat,SURENDRANAGAR,2008,Kharif,Sesamum,76600,23400,0.305483029
Gujarat,SURENDRANAGAR,2008,Kharif,Urad,100,100,1
Gujarat,SURENDRANAGAR,2008,Rabi,Gram,9300,8900,0.956989247
Gujarat,SURENDRANAGAR,2008,Rabi,Jowar,2800,2400,0.857142857
Gujarat,SURENDRANAGAR,2008,Rabi,Onion,500,13400,26.8
Gujarat,SURENDRANAGAR,2008,Rabi,Rapeseed &Mustard,1100,1300,1.181818182
Gujarat,SURENDRANAGAR,2008,Rabi,Wheat,36500,86700,2.375342466
Gujarat,SURENDRANAGAR,2008,Summer,Bajra,2200,5300,2.409090909
Gujarat,SURENDRANAGAR,2008,Summer,Groundnut,400,700,1.75
Gujarat,SURENDRANAGAR,2008,Whole Year,Dry chillies,100,100,1
Gujarat,SURENDRANAGAR,2008,Whole Year,Sugarcane,100,6000,60
Gujarat,SURENDRANAGAR,2009,Kharif,Bajra,39000,35700,0.915384615
Gujarat,SURENDRANAGAR,2009,Kharif,Castor seed,32600,58200,1.785276074
Gujarat,SURENDRANAGAR,2009,Kharif,Cotton(lint),455800,1026000,2.250987275
Gujarat,SURENDRANAGAR,2009,Kharif,Groundnut,12300,12300,1
Gujarat,SURENDRANAGAR,2009,Kharif,Jowar,10400,10300,0.990384615
Gujarat,SURENDRANAGAR,2009,Kharif,Moong(Green Gram),1500,700,0.466666667
Gujarat,SURENDRANAGAR,2009,Kharif,Moth,1100,300,0.272727273
Gujarat,SURENDRANAGAR,2009,Kharif,Rice,600,600,1
Gujarat,SURENDRANAGAR,2009,Kharif,Sesamum,60700,20300,0.334431631
Gujarat,SURENDRANAGAR,2009,Kharif,Urad,100,100,1
Gujarat,SURENDRANAGAR,2009,Rabi,Gram,7200,3000,0.416666667
Gujarat,SURENDRANAGAR,2009,Rabi,Onion,800,20900,26.125
Gujarat,SURENDRANAGAR,2009,Rabi,Rapeseed &Mustard,700,1100,1.571428571
Gujarat,SURENDRANAGAR,2009,Rabi,Wheat,28600,70100,2.451048951
Gujarat,SURENDRANAGAR,2009,Summer,Bajra,1400,3100,2.214285714
Gujarat,SURENDRANAGAR,2009,Summer,Groundnut,300,700,2.333333333
Gujarat,SURENDRANAGAR,2009,Whole Year,Dry chillies,100,100,1
Gujarat,SURENDRANAGAR,2009,Whole Year,Potato,100,1600,16
Gujarat,SURENDRANAGAR,2009,Whole Year,Sugarcane,100,7000,70
Gujarat,SURENDRANAGAR,2010,Kharif,Arhar/Tur,300,300,1
Gujarat,SURENDRANAGAR,2010,Kharif,Bajra,30800,39500,1.282467532
Gujarat,SURENDRANAGAR,2010,Kharif,Castor seed,39700,103800,2.614609572
Gujarat,SURENDRANAGAR,2010,Kharif,Cotton(lint),499100,1620400,3.246643959
Gujarat,SURENDRANAGAR,2010,Kharif,Groundnut,23600,43200,1.830508475
Gujarat,SURENDRANAGAR,2010,Kharif,Jowar,2700,2900,1.074074074
Gujarat,SURENDRANAGAR,2010,Kharif,Moong(Green Gram),5800,2400,0.413793103
Gujarat,SURENDRANAGAR,2010,Kharif,Moth,2400,900,0.375
Gujarat,SURENDRANAGAR,2010,Kharif,Other Kharif pulses,1400,700,0.5
Gujarat,SURENDRANAGAR,2010,Kharif,other oilseeds,4900,1600,0.326530612
Gujarat,SURENDRANAGAR,2010,Kharif,Sesamum,49700,20400,0.410462777
Gujarat,SURENDRANAGAR,2010,Kharif,Urad,400,300,0.75
Gujarat,SURENDRANAGAR,2010,Rabi,Gram,21600,26300,1.217592593
Gujarat,SURENDRANAGAR,2010,Rabi,Jowar,1600,1800,1.125
Gujarat,SURENDRANAGAR,2010,Rabi,Rapeseed &Mustard,1200,1900,1.583333333
Gujarat,SURENDRANAGAR,2010,Rabi,Wheat,66100,206700,3.127080182
Gujarat,SURENDRANAGAR,2010,Summer,Bajra,1600,3900,2.4375
Gujarat,SURENDRANAGAR,2010,Summer,Groundnut,1700,3100,1.823529412
Gujarat,SURENDRANAGAR,2010,Summer,Moong(Green Gram),300,200,0.666666667
Gujarat,SURENDRANAGAR,2010,Summer,Sesamum,2200,1100,0.5
Gujarat,SURENDRANAGAR,2010,Whole Year,Dry chillies,100,100,1
Gujarat,SURENDRANAGAR,2010,Whole Year,Garlic,100,300,3
Gujarat,SURENDRANAGAR,2010,Whole Year,Onion,700,21500,30.71428571
Gujarat,SURENDRANAGAR,2010,Whole Year,Sugarcane,100,7000,70
Gujarat,SURENDRANAGAR,2011,Kharif,Arhar/Tur,100,100,1
Gujarat,SURENDRANAGAR,2011,Kharif,Bajra,18300,37200,2.032786885
Gujarat,SURENDRANAGAR,2011,Kharif,Castor seed,81000,203500,2.512345679
Gujarat,SURENDRANAGAR,2011,Kharif,Cotton(lint),477200,1714900,3.593671417
Gujarat,SURENDRANAGAR,2011,Kharif,Groundnut,14200,34100,2.401408451
Gujarat,SURENDRANAGAR,2011,Kharif,Jowar,4800,4700,0.979166667
Gujarat,SURENDRANAGAR,2011,Kharif,Moong(Green Gram),4800,3200,0.666666667
Gujarat,SURENDRANAGAR,2011,Kharif,Moth,2200,1300,0.590909091
Gujarat,SURENDRANAGAR,2011,Kharif,Other Kharif pulses,700,200,0.285714286
Gujarat,SURENDRANAGAR,2011,Kharif,Rice,500,1200,2.4
Gujarat,SURENDRANAGAR,2011,Kharif,Sesamum,37100,24300,0.654986523
Gujarat,SURENDRANAGAR,2011,Kharif,Urad,400,300,0.75
Gujarat,SURENDRANAGAR,2011,Rabi,Gram,21600,31400,1.453703704
Gujarat,SURENDRANAGAR,2011,Rabi,Jowar,4000,4300,1.075
Gujarat,SURENDRANAGAR,2011,Rabi,Onion,1200,35900,29.91666667
Gujarat,SURENDRANAGAR,2011,Rabi,Rapeseed &Mustard,1200,1800,1.5
Gujarat,SURENDRANAGAR,2011,Rabi,Wheat,66900,207100,3.095665172
Gujarat,SURENDRANAGAR,2011,Summer,Bajra,2200,5600,2.545454545
Gujarat,SURENDRANAGAR,2011,Summer,Groundnut,1700,3300,1.941176471
Gujarat,SURENDRANAGAR,2011,Summer,Moong(Green Gram),500,300,0.6
Gujarat,SURENDRANAGAR,2011,Summer,Onion,100,2500,25
Gujarat,SURENDRANAGAR,2011,Summer,Sesamum,3900,1900,0.487179487
Gujarat,SURENDRANAGAR,2011,Whole Year,Dry chillies,100,100,1
Gujarat,SURENDRANAGAR,2011,Whole Year,Garlic,600,3800,6.333333333
Gujarat,SURENDRANAGAR,2011,Whole Year,other oilseeds,800,400,0.5
Gujarat,SURENDRANAGAR,2011,Whole Year,Sugarcane,100,6000,60
Gujarat,SURENDRANAGAR,2012,Kharif,Bajra,18500,13200,0.713513514
Gujarat,SURENDRANAGAR,2012,Kharif,Castor seed,69500,157900,2.271942446
Gujarat,SURENDRANAGAR,2012,Kharif,Cotton(lint),369100,443500,1.20157139
Gujarat,SURENDRANAGAR,2012,Kharif,Groundnut,12800,20700,1.6171875
Gujarat,SURENDRANAGAR,2012,Kharif,Moong(Green Gram),1300,300,0.230769231
Gujarat,SURENDRANAGAR,2012,Kharif,Moth,700,200,0.285714286
Gujarat,SURENDRANAGAR,2012,Kharif,Other Kharif pulses,300,100,0.333333333
Gujarat,SURENDRANAGAR,2012,Kharif,Rice,200,400,2
Gujarat,SURENDRANAGAR,2012,Kharif,Sesamum,27600,7200,0.260869565
Gujarat,SURENDRANAGAR,2012,Rabi,Gram,12300,9100,0.739837398
Gujarat,SURENDRANAGAR,2012,Rabi,Jowar,200,200,1
Gujarat,SURENDRANAGAR,2012,Rabi,Onion,1200,28300,23.58333333
Gujarat,SURENDRANAGAR,2012,Rabi,Other  Rabi pulses,1300,900,0.692307692
Gujarat,SURENDRANAGAR,2012,Rabi,Other Cereals & Millets,4900,5900,1.204081633
Gujarat,SURENDRANAGAR,2012,Rabi,Rapeseed &Mustard,300,500,1.666666667
Gujarat,SURENDRANAGAR,2012,Rabi,Wheat,33600,94100,2.800595238
Gujarat,SURENDRANAGAR,2012,Summer,Bajra,500,1200,2.4
Gujarat,SURENDRANAGAR,2012,Summer,Groundnut,400,900,2.25
Gujarat,SURENDRANAGAR,2012,Summer,Moong(Green Gram),100,100,1
Gujarat,SURENDRANAGAR,2012,Summer,Sesamum,700,36900,52.71428571
Gujarat,SURENDRANAGAR,2012,Whole Year,Dry chillies,100,100,1
Gujarat,SURENDRANAGAR,2012,Whole Year,Garlic,100,600,6
Gujarat,SURENDRANAGAR,2012,Whole Year,Guar seed,1100,600,0.545454545
Gujarat,SURENDRANAGAR,2012,Whole Year,Potato,100,2000,20
Gujarat,TAPI,2008,Kharif,Arhar/Tur,14600,8300,0.568493151
Gujarat,TAPI,2008,Kharif,Castor seed,200,400,2
Gujarat,TAPI,2008,Kharif,Cotton(lint),5000,10700,2.14
Gujarat,TAPI,2008,Kharif,Groundnut,2900,4900,1.689655172
Gujarat,TAPI,2008,Kharif,Jowar,20200,30400,1.504950495
Gujarat,TAPI,2008,Kharif,Maize,1600,2200,1.375
Gujarat,TAPI,2008,Kharif,Moong(Green Gram),1700,700,0.411764706
Gujarat,TAPI,2008,Kharif,Other Kharif pulses,400,200,0.5
Gujarat,TAPI,2008,Kharif,Rice,25700,38100,1.482490272
Gujarat,TAPI,2008,Kharif,Urad,2400,1300,0.541666667
Gujarat,TAPI,2008,Rabi,Gram,1700,2400,1.411764706
Gujarat,TAPI,2008,Rabi,Jowar,4100,3800,0.926829268
Gujarat,TAPI,2008,Rabi,Other  Rabi pulses,900,700,0.777777778
Gujarat,TAPI,2008,Rabi,Other Cereals & Millets,100,100,1
Gujarat,TAPI,2008,Rabi,Wheat,4900,12200,2.489795918
Gujarat,TAPI,2008,Summer,Groundnut,5900,12700,2.152542373
Gujarat,TAPI,2008,Summer,Rice,700,1500,2.142857143
Gujarat,TAPI,2008,Whole Year,Banana,400,36000,90
Gujarat,TAPI,2008,Whole Year,Dry chillies,100,100,1
Gujarat,TAPI,2008,Whole Year,Sugarcane,19500,1420000,72.82051282
Gujarat,TAPI,2009,Kharif,Arhar/Tur,14100,10000,0.709219858
Gujarat,TAPI,2009,Kharif,Castor seed,600,1200,2
Gujarat,TAPI,2009,Kharif,Cotton(lint),4000,5300,1.325
Gujarat,TAPI,2009,Kharif,Groundnut,2500,5200,2.08
Gujarat,TAPI,2009,Kharif,Jowar,25300,32800,1.296442688
Gujarat,TAPI,2009,Kharif,Maize,1400,1400,1
Gujarat,TAPI,2009,Kharif,Moong(Green Gram),2400,900,0.375
Gujarat,TAPI,2009,Kharif,Other Cereals & Millets,400,300,0.75
Gujarat,TAPI,2009,Kharif,Other Kharif pulses,1200,800,0.666666667
Gujarat,TAPI,2009,Kharif,Rice,29400,48300,1.642857143
Gujarat,TAPI,2009,Kharif,Urad,3300,1500,0.454545455
Gujarat,TAPI,2009,Rabi,Gram,1700,2300,1.352941176
Gujarat,TAPI,2009,Rabi,Jowar,2500,3000,1.2
Gujarat,TAPI,2009,Rabi,Other  Rabi pulses,2000,1500,0.75
Gujarat,TAPI,2009,Rabi,Wheat,4000,11000,2.75
Gujarat,TAPI,2009,Summer,Bajra,100,200,2
Gujarat,TAPI,2009,Summer,Groundnut,5100,11900,2.333333333
Gujarat,TAPI,2009,Summer,Rice,700,2200,3.142857143
Gujarat,TAPI,2009,Whole Year,Banana,300,25900,86.33333333
Gujarat,TAPI,2009,Whole Year,Dry chillies,100,100,1
Gujarat,TAPI,2009,Whole Year,Sugarcane,15800,1122000,71.01265823
Gujarat,TAPI,2010,Kharif,Arhar/Tur,16400,10100,0.615853659
Gujarat,TAPI,2010,Kharif,Bajra,100,100,1
Gujarat,TAPI,2010,Kharif,Cotton(lint),4300,7600,1.76744186
Gujarat,TAPI,2010,Kharif,Groundnut,3100,5200,1.677419355
Gujarat,TAPI,2010,Kharif,Jowar,13100,17000,1.297709924
Gujarat,TAPI,2010,Kharif,Maize,1000,1600,1.6
Gujarat,TAPI,2010,Kharif,Moong(Green Gram),1200,500,0.416666667
Gujarat,TAPI,2010,Kharif,Other Cereals & Millets,400,300,0.75
Gujarat,TAPI,2010,Kharif,Other Kharif pulses,800,400,0.5
Gujarat,TAPI,2010,Kharif,other oilseeds,3000,1100,0.366666667
Gujarat,TAPI,2010,Kharif,Rice,35400,71900,2.031073446
Gujarat,TAPI,2010,Kharif,Sesamum,100,100,1
Gujarat,TAPI,2010,Kharif,Soyabean,5000,4200,0.84
Gujarat,TAPI,2010,Kharif,Urad,3400,2400,0.705882353
Gujarat,TAPI,2010,Rabi,Gram,2200,3200,1.454545455
Gujarat,TAPI,2010,Rabi,Jowar,4800,5200,1.083333333
Gujarat,TAPI,2010,Rabi,Other  Rabi pulses,2400,1900,0.791666667
Gujarat,TAPI,2010,Rabi,Wheat,5300,17500,3.301886792
Gujarat,TAPI,2010,Summer,Groundnut,10100,15900,1.574257426
Gujarat,TAPI,2010,Summer,Maize,300,600,2
Gujarat,TAPI,2010,Summer,Moong(Green Gram),3200,1700,0.53125
Gujarat,TAPI,2010,Summer,Rice,2600,7900,3.038461538
Gujarat,TAPI,2010,Whole Year,Banana,300,20000,66.66666667
Gujarat,TAPI,2010,Whole Year,Dry chillies,100,100,1
Gujarat,TAPI,2010,Whole Year,Onion,700,17900,25.57142857
Gujarat,TAPI,2010,Whole Year,Sugarcane,10100,516000,51.08910891
Gujarat,TAPI,2011,Kharif,Arhar/Tur,14800,9500,0.641891892
Gujarat,TAPI,2011,Kharif,Castor seed,400,800,2
Gujarat,TAPI,2011,Kharif,Cotton(lint),14000,44700,3.192857143
Gujarat,TAPI,2011,Kharif,Groundnut,3300,4400,1.333333333
Gujarat,TAPI,2011,Kharif,Jowar,15400,21400,1.38961039
Gujarat,TAPI,2011,Kharif,Maize,600,900,1.5
Gujarat,TAPI,2011,Kharif,Moong(Green Gram),1400,600,0.428571429
Gujarat,TAPI,2011,Kharif,Other Cereals & Millets,400,300,0.75
Gujarat,TAPI,2011,Kharif,Other Kharif pulses,500,300,0.6
Gujarat,TAPI,2011,Kharif,Rice,47300,99300,2.099365751
Gujarat,TAPI,2011,Kharif,Sesamum,100,100,1
Gujarat,TAPI,2011,Kharif,Soyabean,3800,3000,0.789473684
Gujarat,TAPI,2011,Kharif,Urad,2900,2500,0.862068966
Gujarat,TAPI,2011,Rabi,Gram,3500,5300,1.514285714
Gujarat,TAPI,2011,Rabi,Jowar,2800,3600,1.285714286
Gujarat,TAPI,2011,Rabi,Maize,600,900,1.5
Gujarat,TAPI,2011,Rabi,Onion,100,2000,20
Gujarat,TAPI,2011,Rabi,Other  Rabi pulses,2400,1800,0.75
Gujarat,TAPI,2011,Rabi,Wheat,5400,16800,3.111111111
Gujarat,TAPI,2011,Summer,Groundnut,10100,24100,2.386138614
Gujarat,TAPI,2011,Summer,Moong(Green Gram),5200,1900,0.365384615
Gujarat,TAPI,2011,Summer,Rice,2600,8300,3.192307692
Gujarat,TAPI,2011,Summer,Urad,100,100,1
Gujarat,TAPI,2011,Whole Year,Banana,200,11700,58.5
Gujarat,TAPI,2011,Whole Year,Dry chillies,100,100,1
Gujarat,TAPI,2011,Whole Year,Garlic,100,200,2
Gujarat,TAPI,2011,Whole Year,Sugarcane,18100,803000,44.36464088
Gujarat,TAPI,2012,Kharif,Arhar/Tur,14900,16200,1.087248322
Gujarat,TAPI,2012,Kharif,Castor seed,300,600,2
Gujarat,TAPI,2012,Kharif,Cotton(lint),8900,11200,1.258426966
Gujarat,TAPI,2012,Kharif,Groundnut,2200,3700,1.681818182
Gujarat,TAPI,2012,Kharif,Jowar,16200,29000,1.790123457
Gujarat,TAPI,2012,Kharif,Maize,900,1400,1.555555556
Gujarat,TAPI,2012,Kharif,Moong(Green Gram),1300,600,0.461538462
Gujarat,TAPI,2012,Kharif,Other Cereals & Millets,400,300,0.75
Gujarat,TAPI,2012,Kharif,Other Kharif pulses,400,200,0.5
Gujarat,TAPI,2012,Kharif,Rice,45800,119400,2.6069869
Gujarat,TAPI,2012,Kharif,Soyabean,2900,2400,0.827586207
Gujarat,TAPI,2012,Kharif,Urad,2600,2000,0.769230769
Gujarat,TAPI,2012,Rabi,Gram,3100,4000,1.290322581
Gujarat,TAPI,2012,Rabi,Jowar,3500,4100,1.171428571
Gujarat,TAPI,2012,Rabi,Other  Rabi pulses,1400,1100,0.785714286
Gujarat,TAPI,2012,Rabi,Wheat,5000,14700,2.94
Gujarat,TAPI,2012,Summer,Bajra,100,200,2
Gujarat,TAPI,2012,Summer,Groundnut,5900,12600,2.13559322
Gujarat,TAPI,2012,Summer,Moong(Green Gram),2400,1100,0.458333333
Gujarat,TAPI,2012,Summer,Onion,300,5100,17
Gujarat,TAPI,2012,Summer,Rice,900,2900,3.222222222
Gujarat,TAPI,2012,Whole Year,Banana,200,14000,70
Gujarat,TAPI,2012,Whole Year,Garlic,100,100,1
Gujarat,TAPI,2012,Whole Year,Sugarcane,22400,167300,7.46875
Gujarat,VADODARA,1997,Kharif,Arhar/Tur,105400,82600,0.783681214
Gujarat,VADODARA,1997,Kharif,Bajra,12100,16400,1.355371901
Gujarat,VADODARA,1997,Kharif,Dry chillies,1400,1200,0.857142857
Gujarat,VADODARA,1997,Kharif,Groundnut,2700,3600,1.333333333
Gujarat,VADODARA,1997,Kharif,Jowar,4800,8200,1.708333333
Gujarat,VADODARA,1997,Kharif,Moong(Green Gram),3700,2300,0.621621622
Gujarat,VADODARA,1997,Kharif,Moth,700,400,0.571428571
Gujarat,VADODARA,1997,Kharif,Other Kharif pulses,600,300,0.5
Gujarat,VADODARA,1997,Kharif,Urad,15200,8000,0.526315789
Gujarat,VADODARA,1997,Rabi,Gram,1800,1500,0.833333333
Gujarat,VADODARA,1997,Rabi,Jowar,21200,19400,0.91509434
Gujarat,VADODARA,1997,Rabi,Other  Rabi pulses,500,300,0.6
Gujarat,VADODARA,1997,Rabi,Rapeseed &Mustard,300,300,1
Gujarat,VADODARA,1997,Rabi,Wheat,13900,29700,2.136690647
Gujarat,VADODARA,1997,Summer,Bajra,6100,12000,1.967213115
Gujarat,VADODARA,1997,Summer,Groundnut,10300,17200,1.669902913
Gujarat,VADODARA,1997,Whole Year,Banana,3700,245400,66.32432432
Gujarat,VADODARA,1997,Whole Year,Castor seed,15000,20200,1.346666667
Gujarat,VADODARA,1997,Whole Year,Cotton(lint),149800,246100,1.642857143
Gujarat,VADODARA,1997,Whole Year,Maize,49200,86300,1.754065041
Gujarat,VADODARA,1997,Whole Year,Onion,100,3500,35
Gujarat,VADODARA,1997,Whole Year,Potato,800,17400,21.75
Gujarat,VADODARA,1997,Whole Year,Pulses total,125600,936,0.007452229
Gujarat,VADODARA,1997,Whole Year,Rice,54700,54700,1
Gujarat,VADODARA,1997,Whole Year,Sesamum,1400,800,0.571428571
Gujarat,VADODARA,1997,Whole Year,Sugarcane,1400,104000,74.28571429
Gujarat,VADODARA,1997,Whole Year,Tobacco,25800,31400,1.217054264
Gujarat,VADODARA,1998,Kharif,Arhar/Tur,99900,85600,0.856856857
Gujarat,VADODARA,1998,Kharif,Bajra,6900,5400,0.782608696
Gujarat,VADODARA,1998,Kharif,Castor seed,14300,16400,1.146853147
Gujarat,VADODARA,1998,Kharif,Cotton(lint),177000,368000,2.079096045
Gujarat,VADODARA,1998,Kharif,Groundnut,1600,2100,1.3125
Gujarat,VADODARA,1998,Kharif,Jowar,4300,4500,1.046511628
Gujarat,VADODARA,1998,Kharif,Maize,46600,78400,1.682403433
Gujarat,VADODARA,1998,Kharif,Moong(Green Gram),2300,1300,0.565217391
Gujarat,VADODARA,1998,Kharif,Moth,1200,800,0.666666667
Gujarat,VADODARA,1998,Kharif,Other Kharif pulses,300,200,0.666666667
Gujarat,VADODARA,1998,Kharif,Rice,53500,61900,1.157009346
Gujarat,VADODARA,1998,Kharif,Sesamum,2000,900,0.45
Gujarat,VADODARA,1998,Kharif,Urad,13300,8900,0.669172932
Gujarat,VADODARA,1998,Rabi,Gram,2100,1500,0.714285714
Gujarat,VADODARA,1998,Rabi,Jowar,15900,13100,0.823899371
Gujarat,VADODARA,1998,Rabi,Other  Rabi pulses,200,100,0.5
Gujarat,VADODARA,1998,Rabi,Rapeseed &Mustard,300,500,1.666666667
Gujarat,VADODARA,1998,Rabi,Small millets,1300,600,0.461538462
Gujarat,VADODARA,1998,Rabi,Wheat,19800,33600,1.696969697
Gujarat,VADODARA,1998,Summer,Bajra,5900,10900,1.847457627
Gujarat,VADODARA,1998,Summer,Groundnut,11100,16100,1.45045045
Gujarat,VADODARA,1998,Whole Year,Banana,4800,355600,74.08333333
Gujarat,VADODARA,1998,Whole Year,Dry chillies,900,600,0.666666667
Gujarat,VADODARA,1998,Whole Year,Oilseeds total,29300,36000,1.228668942
Gujarat,VADODARA,1998,Whole Year,Onion,200,6500,32.5
Gujarat,VADODARA,1998,Whole Year,Potato,600,13400,22.33333333
Gujarat,VADODARA,1998,Whole Year,Pulses total,119300,98400,0.8248114
Gujarat,VADODARA,1998,Whole Year,Sugarcane,3100,211000,68.06451613
Gujarat,VADODARA,1998,Whole Year,Tobacco,21700,24600,1.133640553
Gujarat,VADODARA,1999,Kharif,Arhar/Tur,100600,83800,0.833001988
Gujarat,VADODARA,1999,Kharif,Bajra,7900,6800,0.860759494
Gujarat,VADODARA,1999,Kharif,Castor seed,11700,15100,1.290598291
Gujarat,VADODARA,1999,Kharif,Cotton(lint),178000,289400,1.625842697
Gujarat,VADODARA,1999,Kharif,Groundnut,1200,400,0.333333333
Gujarat,VADODARA,1999,Kharif,Jowar,4200,5700,1.357142857
Gujarat,VADODARA,1999,Kharif,Maize,49600,59600,1.201612903
Gujarat,VADODARA,1999,Kharif,Moong(Green Gram),1600,500,0.3125
Gujarat,VADODARA,1999,Kharif,Moth,500,200,0.4
Gujarat,VADODARA,1999,Kharif,Other Kharif pulses,300,200,0.666666667
Gujarat,VADODARA,1999,Kharif,Rice,48300,26800,0.554865424
Gujarat,VADODARA,1999,Kharif,Sesamum,1400,400,0.285714286
Gujarat,VADODARA,1999,Kharif,Urad,14200,5300,0.373239437
Gujarat,VADODARA,1999,Rabi,Gram,1800,900,0.5
Gujarat,VADODARA,1999,Rabi,Jowar,18100,15700,0.867403315
Gujarat,VADODARA,1999,Rabi,Other  Rabi pulses,600,300,0.5
Gujarat,VADODARA,1999,Rabi,Rapeseed &Mustard,200,200,1
Gujarat,VADODARA,1999,Rabi,Small millets,4700,1600,0.340425532
Gujarat,VADODARA,1999,Rabi,Wheat,15100,35800,2.370860927
Gujarat,VADODARA,1999,Summer,Bajra,6400,11300,1.765625
Gujarat,VADODARA,1999,Summer,Groundnut,3900,6600,1.692307692
Gujarat,VADODARA,1999,Whole Year,Banana,3700,276100,74.62162162
Gujarat,VADODARA,1999,Whole Year,Dry chillies,1300,500,0.384615385
Gujarat,VADODARA,1999,Whole Year,Onion,300,6700,22.33333333
Gujarat,VADODARA,1999,Whole Year,Potato,600,14000,23.33333333
Gujarat,VADODARA,1999,Whole Year,Sugarcane,2100,145000,69.04761905
Gujarat,VADODARA,1999,Whole Year,Tobacco,23800,25700,1.079831933
Gujarat,VADODARA,2000,Kharif,Arhar/Tur,90600,32500,0.358719647
Gujarat,VADODARA,2000,Kharif,Bajra,8100,7100,0.87654321
Gujarat,VADODARA,2000,Kharif,Castor seed,15300,11100,0.725490196
Gujarat,VADODARA,2000,Kharif,Cotton(lint),157700,173500,1.100190235
Gujarat,VADODARA,2000,Kharif,Groundnut,2100,800,0.380952381
Gujarat,VADODARA,2000,Kharif,Jowar,5800,2700,0.465517241
Gujarat,VADODARA,2000,Kharif,Maize,50200,46700,0.930278884
Gujarat,VADODARA,2000,Kharif,Moong(Green Gram),2100,600,0.285714286
Gujarat,VADODARA,2000,Kharif,Moth,400,,
Gujarat,VADODARA,2000,Kharif,Other Kharif pulses,800,400,0.5
Gujarat,VADODARA,2000,Kharif,Rice,51500,6100,0.118446602
Gujarat,VADODARA,2000,Kharif,Sesamum,1700,500,0.294117647
Gujarat,VADODARA,2000,Kharif,Urad,10500,1800,0.171428571
Gujarat,VADODARA,2000,Rabi,Gram,900,500,0.555555556
Gujarat,VADODARA,2000,Rabi,Jowar,10000,2700,0.27
Gujarat,VADODARA,2000,Rabi,Other  Rabi pulses,500,300,0.6
Gujarat,VADODARA,2000,Rabi,Rapeseed &Mustard,100,100,1
Gujarat,VADODARA,2000,Rabi,Wheat,6000,14400,2.4
Gujarat,VADODARA,2000,Summer,Bajra,3200,5800,1.8125
Gujarat,VADODARA,2000,Summer,Groundnut,1000,2100,2.1
Gujarat,VADODARA,2000,Whole Year,Banana,4200,308600,73.47619048
Gujarat,VADODARA,2000,Whole Year,Dry chillies,2600,1000,0.384615385
Gujarat,VADODARA,2000,Whole Year,Guar seed,1700,400,0.235294118
Gujarat,VADODARA,2000,Whole Year,Onion,100,1100,11
Gujarat,VADODARA,2000,Whole Year,Potato,500,10600,21.2
Gujarat,VADODARA,2000,Whole Year,Sugarcane,1000,76000,76
Gujarat,VADODARA,2000,Whole Year,Tobacco,15800,18800,1.189873418
Gujarat,VADODARA,2001,Kharif,Arhar/Tur,96300,49200,0.510903427
Gujarat,VADODARA,2001,Kharif,Bajra,9300,9900,1.064516129
Gujarat,VADODARA,2001,Kharif,Castor seed,7500,9400,1.253333333
Gujarat,VADODARA,2001,Kharif,Cotton(lint),178100,158400,0.889387984
Gujarat,VADODARA,2001,Kharif,Groundnut,2300,3200,1.391304348
Gujarat,VADODARA,2001,Kharif,Jowar,2700,3600,1.333333333
Gujarat,VADODARA,2001,Kharif,Maize,54600,105100,1.924908425
Gujarat,VADODARA,2001,Kharif,Moong(Green Gram),2300,1000,0.434782609
Gujarat,VADODARA,2001,Kharif,Moth,400,100,0.25
Gujarat,VADODARA,2001,Kharif,Other Kharif pulses,1000,600,0.6
Gujarat,VADODARA,2001,Kharif,Rice,58600,48700,0.83105802
Gujarat,VADODARA,2001,Kharif,Sesamum,2400,1400,0.583333333
Gujarat,VADODARA,2001,Kharif,Small millets,100,,
Gujarat,VADODARA,2001,Kharif,Urad,16200,11200,0.691358025
Gujarat,VADODARA,2001,Rabi,Gram,900,500,0.555555556
Gujarat,VADODARA,2001,Rabi,Jowar,10400,7300,0.701923077
Gujarat,VADODARA,2001,Rabi,Rapeseed &Mustard,100,100,1
Gujarat,VADODARA,2001,Rabi,Wheat,7300,15600,2.136986301
Gujarat,VADODARA,2001,Summer,Bajra,2600,5100,1.961538462
Gujarat,VADODARA,2001,Summer,Groundnut,3100,3900,1.258064516
Gujarat,VADODARA,2001,Whole Year,Banana,4600,351100,76.32608696
Gujarat,VADODARA,2001,Whole Year,Dry chillies,1300,600,0.461538462
Gujarat,VADODARA,2001,Whole Year,Guar seed,1400,600,0.428571429
Gujarat,VADODARA,2001,Whole Year,Onion,100,2800,28
Gujarat,VADODARA,2001,Whole Year,Potato,600,13000,21.66666667
Gujarat,VADODARA,2001,Whole Year,Sugarcane,1200,86000,71.66666667
Gujarat,VADODARA,2001,Whole Year,Tobacco,14000,9800,0.7
Gujarat,VADODARA,2002,Kharif,Arhar/Tur,100000,74500,0.745
Gujarat,VADODARA,2002,Kharif,Bajra,10100,11700,1.158415842
Gujarat,VADODARA,2002,Kharif,Castor seed,8100,10500,1.296296296
Gujarat,VADODARA,2002,Kharif,Cotton(lint),158400,243800,1.539141414
Gujarat,VADODARA,2002,Kharif,Groundnut,1400,700,0.5
Gujarat,VADODARA,2002,Kharif,Jowar,3400,5300,1.558823529
Gujarat,VADODARA,2002,Kharif,Maize,53800,89900,1.671003717
Gujarat,VADODARA,2002,Kharif,Moong(Green Gram),1600,500,0.3125
Gujarat,VADODARA,2002,Kharif,Moth,500,300,0.6
Gujarat,VADODARA,2002,Kharif,Other Kharif pulses,900,500,0.555555556
Gujarat,VADODARA,2002,Kharif,Rice,47200,38000,0.805084746
Gujarat,VADODARA,2002,Kharif,Sesamum,2400,800,0.333333333
Gujarat,VADODARA,2002,Kharif,Urad,14200,9200,0.647887324
Gujarat,VADODARA,2002,Rabi,Gram,1200,700,0.583333333
Gujarat,VADODARA,2002,Rabi,Jowar,9400,8500,0.904255319
Gujarat,VADODARA,2002,Rabi,Rapeseed &Mustard,400,500,1.25
Gujarat,VADODARA,2002,Rabi,Wheat,10500,24000,2.285714286
Gujarat,VADODARA,2002,Summer,Bajra,3600,6300,1.75
Gujarat,VADODARA,2002,Summer,Groundnut,4100,7300,1.780487805
Gujarat,VADODARA,2002,Whole Year,Dry chillies,400,200,0.5
Gujarat,VADODARA,2002,Whole Year,Guar seed,200,100,0.5
Gujarat,VADODARA,2002,Whole Year,Potato,600,12600,21
Gujarat,VADODARA,2002,Whole Year,Sugarcane,1800,128000,71.11111111
Gujarat,VADODARA,2002,Whole Year,Tobacco,15100,19700,1.304635762
Gujarat,VADODARA,2003,Kharif,Arhar/Tur,94800,64900,0.684599156
Gujarat,VADODARA,2003,Kharif,Bajra,10900,14200,1.302752294
Gujarat,VADODARA,2003,Kharif,Castor seed,5800,8700,1.5
Gujarat,VADODARA,2003,Kharif,Cotton(lint),158100,316400,2.001265022
Gujarat,VADODARA,2003,Kharif,Groundnut,1700,3800,2.235294118
Gujarat,VADODARA,2003,Kharif,Jowar,10200,19700,1.931372549
Gujarat,VADODARA,2003,Kharif,Maize,50400,82300,1.632936508
Gujarat,VADODARA,2003,Kharif,Moong(Green Gram),2100,1200,0.571428571
Gujarat,VADODARA,2003,Kharif,Moth,300,200,0.666666667
Gujarat,VADODARA,2003,Kharif,Other Kharif pulses,100,100,1
Gujarat,VADODARA,2003,Kharif,Rice,47200,59400,1.258474576
Gujarat,VADODARA,2003,Kharif,Sesamum,1800,1100,0.611111111
Gujarat,VADODARA,2003,Kharif,Urad,13100,10700,0.816793893
Gujarat,VADODARA,2003,Rabi,Gram,1300,800,0.615384615
Gujarat,VADODARA,2003,Rabi,Jowar,6100,5400,0.885245902
Gujarat,VADODARA,2003,Rabi,Other  Rabi pulses,100,100,1
Gujarat,VADODARA,2003,Rabi,Rapeseed &Mustard,200,400,2
Gujarat,VADODARA,2003,Rabi,Small millets,4700,1800,0.382978723
Gujarat,VADODARA,2003,Rabi,Wheat,16100,38700,2.403726708
Gujarat,VADODARA,2003,Summer,Bajra,3300,6000,1.818181818
Gujarat,VADODARA,2003,Summer,Groundnut,12400,19800,1.596774194
Gujarat,VADODARA,2003,Whole Year,Banana,2600,201800,77.61538462
Gujarat,VADODARA,2003,Whole Year,Dry chillies,600,300,0.5
Gujarat,VADODARA,2003,Whole Year,Garlic,100,600,6
Gujarat,VADODARA,2003,Whole Year,Guar seed,800,600,0.75
Gujarat,VADODARA,2003,Whole Year,Onion,100,2400,24
Gujarat,VADODARA,2003,Whole Year,Potato,700,15700,22.42857143
Gujarat,VADODARA,2003,Whole Year,Sugarcane,2700,194000,71.85185185
Gujarat,VADODARA,2003,Whole Year,Tobacco,12700,15200,1.196850394
Gujarat,VADODARA,2004,Kharif,Arhar/Tur,76500,73200,0.956862745
Gujarat,VADODARA,2004,Kharif,Bajra,7700,7400,0.961038961
Gujarat,VADODARA,2004,Kharif,Castor seed,9700,10200,1.051546392
Gujarat,VADODARA,2004,Kharif,Cotton(lint),172800,449900,2.603587963
Gujarat,VADODARA,2004,Kharif,Groundnut,1700,1500,0.882352941
Gujarat,VADODARA,2004,Kharif,Jowar,4200,6700,1.595238095
Gujarat,VADODARA,2004,Kharif,Maize,52000,58200,1.119230769
Gujarat,VADODARA,2004,Kharif,Moong(Green Gram),1900,800,0.421052632
Gujarat,VADODARA,2004,Kharif,Moth,300,100,0.333333333
Gujarat,VADODARA,2004,Kharif,Other Cereals & Millets,200,100,0.5
Gujarat,VADODARA,2004,Kharif,Other Kharif pulses,300,200,0.666666667
Gujarat,VADODARA,2004,Kharif,Rice,52100,54300,1.042226488
Gujarat,VADODARA,2004,Kharif,Sesamum,1800,600,0.333333333
Gujarat,VADODARA,2004,Kharif,Small millets,200,100,0.5
Gujarat,VADODARA,2004,Kharif,Urad,11800,7600,0.644067797
Gujarat,VADODARA,2004,Rabi,Gram,1400,900,0.642857143
Gujarat,VADODARA,2004,Rabi,Jowar,7300,6400,0.876712329
Gujarat,VADODARA,2004,Rabi,Other Cereals & Millets,7100,2800,0.394366197
Gujarat,VADODARA,2004,Rabi,Rapeseed &Mustard,100,200,2
Gujarat,VADODARA,2004,Rabi,Small millets,7100,2800,0.394366197
Gujarat,VADODARA,2004,Rabi,Wheat,16000,36000,2.25
Gujarat,VADODARA,2004,Summer,Bajra,2900,5200,1.793103448
Gujarat,VADODARA,2004,Summer,Groundnut,13600,22800,1.676470588
Gujarat,VADODARA,2004,Whole Year,Banana,3300,209000,63.33333333
Gujarat,VADODARA,2004,Whole Year,Dry chillies,300,200,0.666666667
Gujarat,VADODARA,2004,Whole Year,Guar seed,500,400,0.8
Gujarat,VADODARA,2004,Whole Year,Onion,100,2900,29
Gujarat,VADODARA,2004,Whole Year,Potato,500,14800,29.6
Gujarat,VADODARA,2004,Whole Year,Sugarcane,2300,168000,73.04347826
Gujarat,VADODARA,2004,Whole Year,Tobacco,16700,17200,1.02994012
Gujarat,VADODARA,2005,Kharif,Arhar/Tur,77800,73900,0.949871465
Gujarat,VADODARA,2005,Kharif,Bajra,7100,7300,1.028169014
Gujarat,VADODARA,2005,Kharif,Castor seed,14000,21500,1.535714286
Gujarat,VADODARA,2005,Kharif,Cotton(lint),178100,463900,2.604716451
Gujarat,VADODARA,2005,Kharif,Groundnut,1000,1700,1.7
Gujarat,VADODARA,2005,Kharif,Jowar,2800,4900,1.75
Gujarat,VADODARA,2005,Kharif,Maize,52700,75800,1.438330171
Gujarat,VADODARA,2005,Kharif,Moong(Green Gram),2000,1200,0.6
Gujarat,VADODARA,2005,Kharif,Moth,400,200,0.5
Gujarat,VADODARA,2005,Kharif,Other Kharif pulses,200,100,0.5
Gujarat,VADODARA,2005,Kharif,Rice,53100,61300,1.154425612
Gujarat,VADODARA,2005,Kharif,Sesamum,1500,600,0.4
Gujarat,VADODARA,2005,Kharif,Urad,13300,12800,0.962406015
Gujarat,VADODARA,2005,Rabi,Gram,1200,1300,1.083333333
Gujarat,VADODARA,2005,Rabi,Jowar,5400,5800,1.074074074
Gujarat,VADODARA,2005,Rabi,Other  Rabi pulses,200,200,1
Gujarat,VADODARA,2005,Rabi,Other Cereals & Millets,5900,8000,1.355932203
Gujarat,VADODARA,2005,Rabi,Rapeseed &Mustard,600,1000,1.666666667
Gujarat,VADODARA,2005,Rabi,Wheat,15700,35400,2.25477707
Gujarat,VADODARA,2005,Summer,Bajra,3800,7900,2.078947368
Gujarat,VADODARA,2005,Summer,Groundnut,10100,16100,1.594059406
Gujarat,VADODARA,2005,Whole Year,Banana,4000,237700,59.425
Gujarat,VADODARA,2005,Whole Year,Dry chillies,500,300,0.6
Gujarat,VADODARA,2005,Whole Year,Guar seed,400,200,0.5
Gujarat,VADODARA,2005,Whole Year,Onion,100,3700,37
Gujarat,VADODARA,2005,Whole Year,Potato,300,7700,25.66666667
Gujarat,VADODARA,2005,Whole Year,Sugarcane,2400,155000,64.58333333
Gujarat,VADODARA,2005,Whole Year,Tobacco,14200,17400,1.225352113
Gujarat,VADODARA,2006,Kharif,Arhar/Tur,68900,57700,0.837445573
Gujarat,VADODARA,2006,Kharif,Bajra,7200,3800,0.527777778
Gujarat,VADODARA,2006,Kharif,Castor seed,11500,15100,1.313043478
Gujarat,VADODARA,2006,Kharif,Cotton(lint),185200,415300,2.242440605
Gujarat,VADODARA,2006,Kharif,Groundnut,1700,1600,0.941176471
Gujarat,VADODARA,2006,Kharif,Jowar,5300,8200,1.547169811
Gujarat,VADODARA,2006,Kharif,Maize,53100,50500,0.951035782
Gujarat,VADODARA,2006,Kharif,Moong(Green Gram),1700,600,0.352941176
Gujarat,VADODARA,2006,Kharif,Moth,300,100,0.333333333
Gujarat,VADODARA,2006,Kharif,Other Cereals & Millets,300,200,0.666666667
Gujarat,VADODARA,2006,Kharif,Other Kharif pulses,8600,5200,0.604651163
Gujarat,VADODARA,2006,Kharif,Rice,49500,57400,1.15959596
Gujarat,VADODARA,2006,Kharif,Sesamum,1700,300,0.176470588
Gujarat,VADODARA,2006,Kharif,Urad,11600,9500,0.818965517
Gujarat,VADODARA,2006,Rabi,Gram,1700,1900,1.117647059
Gujarat,VADODARA,2006,Rabi,Jowar,5000,4300,0.86
Gujarat,VADODARA,2006,Rabi,Other  Rabi pulses,100,100,1
Gujarat,VADODARA,2006,Rabi,Other Cereals & Millets,5500,7100,1.290909091
Gujarat,VADODARA,2006,Rabi,Rapeseed &Mustard,500,600,1.2
Gujarat,VADODARA,2006,Rabi,Wheat,23500,52900,2.25106383
Gujarat,VADODARA,2006,Summer,Bajra,4400,9000,2.045454545
Gujarat,VADODARA,2006,Summer,Groundnut,9300,18600,2
Gujarat,VADODARA,2006,Whole Year,Banana,3600,228900,63.58333333
Gujarat,VADODARA,2006,Whole Year,Dry chillies,500,400,0.8
Gujarat,VADODARA,2006,Whole Year,Guar seed,400,200,0.5
Gujarat,VADODARA,2006,Whole Year,Onion,200,3800,19
Gujarat,VADODARA,2006,Whole Year,Potato,400,7500,18.75
Gujarat,VADODARA,2006,Whole Year,Sugarcane,3200,223000,69.6875
Gujarat,VADODARA,2006,Whole Year,Tobacco,11400,13500,1.184210526
Gujarat,VADODARA,2007,Kharif,Arhar/Tur,75700,85800,1.1334214
Gujarat,VADODARA,2007,Kharif,Bajra,6500,8900,1.369230769
Gujarat,VADODARA,2007,Kharif,Castor seed,16600,22700,1.36746988
Gujarat,VADODARA,2007,Kharif,Cotton(lint),173400,456200,2.630911188
Gujarat,VADODARA,2007,Kharif,Groundnut,1100,1900,1.727272727
Gujarat,VADODARA,2007,Kharif,Jowar,1900,1800,0.947368421
Gujarat,VADODARA,2007,Kharif,Maize,51800,91500,1.766409266
Gujarat,VADODARA,2007,Kharif,Moong(Green Gram),1900,1100,0.578947368
Gujarat,VADODARA,2007,Kharif,Other Cereals & Millets,700,500,0.714285714
Gujarat,VADODARA,2007,Kharif,Other Kharif pulses,400,300,0.75
Gujarat,VADODARA,2007,Kharif,Rice,61400,83600,1.361563518
Gujarat,VADODARA,2007,Kharif,Sesamum,1500,600,0.4
Gujarat,VADODARA,2007,Kharif,Urad,12900,11900,0.92248062
Gujarat,VADODARA,2007,Rabi,Gram,2200,2200,1
Gujarat,VADODARA,2007,Rabi,Jowar,4800,4900,1.020833333
Gujarat,VADODARA,2007,Rabi,Other  Rabi pulses,300,200,0.666666667
Gujarat,VADODARA,2007,Rabi,Other Cereals & Millets,7800,10200,1.307692308
Gujarat,VADODARA,2007,Rabi,Rapeseed &Mustard,700,1100,1.571428571
Gujarat,VADODARA,2007,Rabi,Wheat,30100,77700,2.581395349
Gujarat,VADODARA,2007,Summer,Bajra,4800,10500,2.1875
Gujarat,VADODARA,2007,Summer,Groundnut,16000,26100,1.63125
Gujarat,VADODARA,2007,Whole Year,Banana,4300,287700,66.90697674
Gujarat,VADODARA,2007,Whole Year,Dry chillies,600,500,0.833333333
Gujarat,VADODARA,2007,Whole Year,Garlic,100,400,4
Gujarat,VADODARA,2007,Whole Year,Guar seed,700,500,0.714285714
Gujarat,VADODARA,2007,Whole Year,Onion,400,12700,31.75
Gujarat,VADODARA,2007,Whole Year,Potato,800,21000,26.25
Gujarat,VADODARA,2007,Whole Year,Sugarcane,3900,279000,71.53846154
Gujarat,VADODARA,2007,Whole Year,Tobacco,11600,14600,1.25862069
Gujarat,VADODARA,2008,Kharif,Arhar/Tur,75900,83800,1.104084321
Gujarat,VADODARA,2008,Kharif,Bajra,7900,12700,1.607594937
Gujarat,VADODARA,2008,Kharif,Castor seed,18200,27900,1.532967033
Gujarat,VADODARA,2008,Kharif,Cotton(lint),166500,554300,3.329129129
Gujarat,VADODARA,2008,Kharif,Groundnut,1900,2500,1.315789474
Gujarat,VADODARA,2008,Kharif,Jowar,1700,2100,1.235294118
Gujarat,VADODARA,2008,Kharif,Maize,48600,101400,2.086419753
Gujarat,VADODARA,2008,Kharif,Moong(Green Gram),1600,700,0.4375
Gujarat,VADODARA,2008,Kharif,Moth,1200,300,0.25
Gujarat,VADODARA,2008,Kharif,Other Kharif pulses,200,100,0.5
Gujarat,VADODARA,2008,Kharif,Rice,60400,67100,1.110927152
Gujarat,VADODARA,2008,Kharif,Sesamum,1100,400,0.363636364
Gujarat,VADODARA,2008,Kharif,Tobacco,8100,8300,1.024691358
Gujarat,VADODARA,2008,Kharif,Urad,13300,10800,0.812030075
Gujarat,VADODARA,2008,Rabi,Gram,2700,2700,1
Gujarat,VADODARA,2008,Rabi,Jowar,3100,3200,1.032258065
Gujarat,VADODARA,2008,Rabi,Onion,300,8600,28.66666667
Gujarat,VADODARA,2008,Rabi,Other  Rabi pulses,300,200,0.666666667
Gujarat,VADODARA,2008,Rabi,Other Cereals & Millets,5800,7500,1.293103448
Gujarat,VADODARA,2008,Rabi,Rapeseed &Mustard,200,200,1
Gujarat,VADODARA,2008,Rabi,Wheat,24400,55300,2.266393443
Gujarat,VADODARA,2008,Summer,Bajra,3700,4400,1.189189189
Gujarat,VADODARA,2008,Summer,Groundnut,14600,26200,1.794520548
Gujarat,VADODARA,2008,Whole Year,Banana,3100,210600,67.93548387
Gujarat,VADODARA,2008,Whole Year,Dry chillies,400,300,0.75
Gujarat,VADODARA,2008,Whole Year,Potato,400,7800,19.5
Gujarat,VADODARA,2008,Whole Year,Sugarcane,6600,461000,69.84848485
Gujarat,VADODARA,2009,Kharif,Arhar/Tur,72400,75200,1.038674033
Gujarat,VADODARA,2009,Kharif,Bajra,7900,10200,1.291139241
Gujarat,VADODARA,2009,Kharif,Castor seed,15600,25400,1.628205128
Gujarat,VADODARA,2009,Kharif,Cotton(lint),162100,556000,3.429981493
Gujarat,VADODARA,2009,Kharif,Groundnut,1100,1000,0.909090909
Gujarat,VADODARA,2009,Kharif,Jowar,2000,1600,0.8
Gujarat,VADODARA,2009,Kharif,Maize,47500,69600,1.465263158
Gujarat,VADODARA,2009,Kharif,Moong(Green Gram),1500,600,0.4
Gujarat,VADODARA,2009,Kharif,Moth,500,200,0.4
Gujarat,VADODARA,2009,Kharif,Other Kharif pulses,100,100,1
Gujarat,VADODARA,2009,Kharif,Rice,52500,47700,0.908571429
Gujarat,VADODARA,2009,Kharif,Sesamum,1100,400,0.363636364
Gujarat,VADODARA,2009,Kharif,Tobacco,12200,18500,1.516393443
Gujarat,VADODARA,2009,Kharif,Urad,14100,8900,0.631205674
Gujarat,VADODARA,2009,Rabi,Gram,2300,2200,0.956521739
Gujarat,VADODARA,2009,Rabi,Jowar,4700,5100,1.085106383
Gujarat,VADODARA,2009,Rabi,Onion,400,11200,28
Gujarat,VADODARA,2009,Rabi,Rapeseed &Mustard,200,300,1.5
Gujarat,VADODARA,2009,Rabi,Tobacco,12200,18500,1.516393443
Gujarat,VADODARA,2009,Rabi,Wheat,20100,51500,2.562189055
Gujarat,VADODARA,2009,Summer,Bajra,3900,8200,2.102564103
Gujarat,VADODARA,2009,Summer,Groundnut,7200,13400,1.861111111
Gujarat,VADODARA,2009,Whole Year,Banana,2300,171800,74.69565217
Gujarat,VADODARA,2009,Whole Year,Dry chillies,700,500,0.714285714
Gujarat,VADODARA,2009,Whole Year,Guar seed,400,100,0.25
Gujarat,VADODARA,2009,Whole Year,Potato,300,6500,21.66666667
Gujarat,VADODARA,2009,Whole Year,Sugarcane,5600,404000,72.14285714
Gujarat,VADODARA,2010,Kharif,Arhar/Tur,78500,83300,1.061146497
Gujarat,VADODARA,2010,Kharif,Bajra,4800,8000,1.666666667
Gujarat,VADODARA,2010,Kharif,Castor seed,14800,26100,1.763513514
Gujarat,VADODARA,2010,Kharif,Cotton(lint),166300,661600,3.978352375
Gujarat,VADODARA,2010,Kharif,Groundnut,800,1600,2
Gujarat,VADODARA,2010,Kharif,Jowar,1600,1700,1.0625
Gujarat,VADODARA,2010,Kharif,Maize,43300,85500,1.974595843
Gujarat,VADODARA,2010,Kharif,Moong(Green Gram),1600,700,0.4375
Gujarat,VADODARA,2010,Kharif,Moth,400,200,0.5
Gujarat,VADODARA,2010,Kharif,Other Kharif pulses,200,100,0.5
Gujarat,VADODARA,2010,Kharif,Rice,55100,68100,1.235934664
Gujarat,VADODARA,2010,Kharif,Sesamum,2700,1100,0.407407407
Gujarat,VADODARA,2010,Kharif,Soyabean,10100,8000,0.792079208
Gujarat,VADODARA,2010,Kharif,Tobacco,16400,26700,1.62804878
Gujarat,VADODARA,2010,Kharif,Urad,12300,11500,0.93495935
Gujarat,VADODARA,2010,Rabi,Gram,1500,2000,1.333333333
Gujarat,VADODARA,2010,Rabi,Jowar,3900,3900,1
Gujarat,VADODARA,2010,Rabi,Maize,63900,131800,2.062597809
Gujarat,VADODARA,2010,Rabi,Rapeseed &Mustard,300,500,1.666666667
Gujarat,VADODARA,2010,Rabi,Wheat,47500,132600,2.791578947
Gujarat,VADODARA,2010,Summer,Bajra,11300,23900,2.115044248
Gujarat,VADODARA,2010,Summer,Groundnut,38000,58400,1.536842105
Gujarat,VADODARA,2010,Summer,Maize,17100,34000,1.988304094
Gujarat,VADODARA,2010,Summer,Moong(Green Gram),4100,2300,0.56097561
Gujarat,VADODARA,2010,Summer,Urad,3200,2100,0.65625
Gujarat,VADODARA,2010,Whole Year,Banana,1500,97200,64.8
Gujarat,VADODARA,2010,Whole Year,Dry chillies,600,500,0.833333333
Gujarat,VADODARA,2010,Whole Year,Guar seed,300,200,0.666666667
Gujarat,VADODARA,2010,Whole Year,Onion,300,8800,29.33333333
Gujarat,VADODARA,2010,Whole Year,Potato,300,6500,21.66666667
Gujarat,VADODARA,2010,Whole Year,Sugarcane,7700,470000,61.03896104
Gujarat,VADODARA,2011,Kharif,Arhar/Tur,75100,88300,1.175765646
Gujarat,VADODARA,2011,Kharif,Bajra,7000,11700,1.671428571
Gujarat,VADODARA,2011,Kharif,Castor seed,25000,50600,2.024
Gujarat,VADODARA,2011,Kharif,Cotton(lint),196900,639000,3.245302184
Gujarat,VADODARA,2011,Kharif,Groundnut,2600,4100,1.576923077
Gujarat,VADODARA,2011,Kharif,Jowar,1500,1700,1.133333333
Gujarat,VADODARA,2011,Kharif,Maize,44700,86900,1.944071588
Gujarat,VADODARA,2011,Kharif,Moong(Green Gram),2100,900,0.428571429
Gujarat,VADODARA,2011,Kharif,Moth,200,100,0.5
Gujarat,VADODARA,2011,Kharif,Other Cereals & Millets,1100,600,0.545454545
Gujarat,VADODARA,2011,Kharif,Other Kharif pulses,1100,500,0.454545455
Gujarat,VADODARA,2011,Kharif,Ragi,400,300,0.75
Gujarat,VADODARA,2011,Kharif,Rice,44400,55300,1.245495495
Gujarat,VADODARA,2011,Kharif,Sesamum,400,200,0.5
Gujarat,VADODARA,2011,Kharif,Soyabean,8000,7000,0.875
Gujarat,VADODARA,2011,Kharif,Tobacco,15300,27000,1.764705882
Gujarat,VADODARA,2011,Kharif,Urad,13700,11300,0.824817518
Gujarat,VADODARA,2011,Rabi,Gram,3600,4100,1.138888889
Gujarat,VADODARA,2011,Rabi,Jowar,5500,8200,1.490909091
Gujarat,VADODARA,2011,Rabi,Maize,25500,56000,2.196078431
Gujarat,VADODARA,2011,Rabi,Onion,300,9900,33
Gujarat,VADODARA,2011,Rabi,Other  Rabi pulses,100,100,1
Gujarat,VADODARA,2011,Rabi,Other Cereals & Millets,17000,17800,1.047058824
Gujarat,VADODARA,2011,Rabi,Rapeseed &Mustard,400,700,1.75
Gujarat,VADODARA,2011,Rabi,Wheat,47200,128400,2.720338983
Gujarat,VADODARA,2011,Summer,Bajra,11300,25200,2.230088496
Gujarat,VADODARA,2011,Summer,Groundnut,38000,63200,1.663157895
Gujarat,VADODARA,2011,Summer,Maize,10900,24000,2.201834862
Gujarat,VADODARA,2011,Summer,Moong(Green Gram),1000,600,0.6
Gujarat,VADODARA,2011,Summer,Urad,100,100,1
Gujarat,VADODARA,2011,Whole Year,Banana,2000,133500,66.75
Gujarat,VADODARA,2011,Whole Year,Dry chillies,600,500,0.833333333
Gujarat,VADODARA,2011,Whole Year,Garlic,100,100,1
Gujarat,VADODARA,2011,Whole Year,Guar seed,500,300,0.6
Gujarat,VADODARA,2011,Whole Year,Potato,300,6800,22.66666667
Gujarat,VADODARA,2011,Whole Year,Sugarcane,7000,317000,45.28571429
Gujarat,VADODARA,2012,Kharif,Arhar/Tur,64100,80800,1.260530421
Gujarat,VADODARA,2012,Kharif,Bajra,8400,12100,1.44047619
Gujarat,VADODARA,2012,Kharif,Castor seed,32500,74600,2.295384615
Gujarat,VADODARA,2012,Kharif,Cotton(lint),203800,844700,4.144749755
Gujarat,VADODARA,2012,Kharif,Groundnut,200,100,0.5
Gujarat,VADODARA,2012,Kharif,Jowar,1300,1700,1.307692308
Gujarat,VADODARA,2012,Kharif,Maize,44100,86600,1.963718821
Gujarat,VADODARA,2012,Kharif,Moong(Green Gram),1700,700,0.411764706
Gujarat,VADODARA,2012,Kharif,Moth,300,100,0.333333333
Gujarat,VADODARA,2012,Kharif,Other Cereals & Millets,3500,1000,0.285714286
Gujarat,VADODARA,2012,Kharif,Other Kharif pulses,600,300,0.5
Gujarat,VADODARA,2012,Kharif,Ragi,400,400,1
Gujarat,VADODARA,2012,Kharif,Rice,44600,63200,1.417040359
Gujarat,VADODARA,2012,Kharif,Sesamum,700,200,0.285714286
Gujarat,VADODARA,2012,Kharif,Soyabean,3400,2900,0.852941176
Gujarat,VADODARA,2012,Kharif,Tobacco,4000,6800,1.7
Gujarat,VADODARA,2012,Kharif,Urad,13200,11100,0.840909091
Gujarat,VADODARA,2012,Rabi,Gram,1300,1300,1
Gujarat,VADODARA,2012,Rabi,Jowar,2800,3200,1.142857143
Gujarat,VADODARA,2012,Rabi,Maize,24600,62700,2.548780488
Gujarat,VADODARA,2012,Rabi,Onion,300,8100,27
Gujarat,VADODARA,2012,Rabi,Other  Rabi pulses,100,100,1
Gujarat,VADODARA,2012,Rabi,Other Cereals & Millets,13500,8900,0.659259259
Gujarat,VADODARA,2012,Rabi,Rapeseed &Mustard,300,500,1.666666667
Gujarat,VADODARA,2012,Rabi,Wheat,36500,125000,3.424657534
Gujarat,VADODARA,2012,Summer,Bajra,4700,19400,4.127659574
Gujarat,VADODARA,2012,Summer,Groundnut,3000,4200,1.4
Gujarat,VADODARA,2012,Summer,Moong(Green Gram),400,300,0.75
Gujarat,VADODARA,2012,Whole Year,Banana,2600,172500,66.34615385
Gujarat,VADODARA,2012,Whole Year,Dry chillies,600,500,0.833333333
Gujarat,VADODARA,2012,Whole Year,Garlic,100,100,1
Gujarat,VADODARA,2012,Whole Year,Guar seed,600,400,0.666666667
Gujarat,VADODARA,2012,Whole Year,Potato,300,7200,24
Gujarat,VADODARA,2012,Whole Year,Sugarcane,7400,45200,6.108108108
Gujarat,VALSAD,1997,Kharif,Arhar/Tur,6200,3500,0.564516129
Gujarat,VALSAD,1997,Kharif,Dry chillies,600,700,1.166666667
Gujarat,VALSAD,1997,Kharif,Groundnut,400,500,1.25
Gujarat,VALSAD,1997,Kharif,Jowar,2300,1800,0.782608696
Gujarat,VALSAD,1997,Kharif,Moong(Green Gram),200,100,0.5
Gujarat,VALSAD,1997,Kharif,Other Kharif pulses,2200,1000,0.454545455
Gujarat,VALSAD,1997,Kharif,Small millets,500,200,0.4
Gujarat,VALSAD,1997,Kharif,Urad,5600,1000,0.178571429
Gujarat,VALSAD,1997,Rabi,Gram,2100,1700,0.80952381
Gujarat,VALSAD,1997,Rabi,Jowar,200,200,1
Gujarat,VALSAD,1997,Rabi,Other  Rabi pulses,500,300,0.6
Gujarat,VALSAD,1997,Rabi,Wheat,400,1100,2.75
Gujarat,VALSAD,1997,Summer,Groundnut,300,500,1.666666667
Gujarat,VALSAD,1997,Whole Year,Banana,300,16400,54.66666667
Gujarat,VALSAD,1997,Whole Year,Maize,100,100,1
Gujarat,VALSAD,1997,Whole Year,Onion,100,1800,18
Gujarat,VALSAD,1997,Whole Year,Pulses total,14200,56,0.003943662
Gujarat,VALSAD,1997,Whole Year,Ragi,8000,7300,0.9125
Gujarat,VALSAD,1997,Whole Year,Rice,97800,172200,1.760736196
Gujarat,VALSAD,1997,Whole Year,Sugarcane,38600,2636000,68.29015544
Gujarat,VALSAD,1998,Kharif,Arhar/Tur,6300,6000,0.952380952
Gujarat,VALSAD,1998,Kharif,Groundnut,400,500,1.25
Gujarat,VALSAD,1998,Kharif,Jowar,2500,2400,0.96
Gujarat,VALSAD,1998,Kharif,Maize,100,100,1
Gujarat,VALSAD,1998,Kharif,Moong(Green Gram),300,200,0.666666667
Gujarat,VALSAD,1998,Kharif,Other Cereals & Millets,500,200,0.4
Gujarat,VALSAD,1998,Kharif,Other Kharif pulses,1600,800,0.5
Gujarat,VALSAD,1998,Kharif,Ragi,9100,8500,0.934065934
Gujarat,VALSAD,1998,Kharif,Rice,102300,195700,1.913000978
Gujarat,VALSAD,1998,Kharif,Small millets,500,200,0.4
Gujarat,VALSAD,1998,Kharif,Urad,6000,1000,0.166666667
Gujarat,VALSAD,1998,Rabi,Gram,3000,2100,0.7
Gujarat,VALSAD,1998,Rabi,Jowar,300,200,0.666666667
Gujarat,VALSAD,1998,Rabi,Other  Rabi pulses,700,400,0.571428571
Gujarat,VALSAD,1998,Rabi,Wheat,400,1100,2.75
Gujarat,VALSAD,1998,Summer,Groundnut,700,1200,1.714285714
Gujarat,VALSAD,1998,Whole Year,Banana,300,16100,53.66666667
Gujarat,VALSAD,1998,Whole Year,Dry chillies,800,800,1
Gujarat,VALSAD,1998,Whole Year,Oilseeds total,1100,1700,1.545454545
Gujarat,VALSAD,1998,Whole Year,Onion,100,3900,39
Gujarat,VALSAD,1998,Whole Year,Pulses total,17900,10500,0.586592179
Gujarat,VALSAD,1998,Whole Year,Sugarcane,41500,2506000,60.38554217
Gujarat,VALSAD,1999,Kharif,Arhar/Tur,7100,5800,0.816901408
Gujarat,VALSAD,1999,Kharif,Groundnut,700,200,0.285714286
Gujarat,VALSAD,1999,Kharif,Jowar,2700,3700,1.37037037
Gujarat,VALSAD,1999,Kharif,Maize,100,100,1
Gujarat,VALSAD,1999,Kharif,Moong(Green Gram),300,0,0
Gujarat,VALSAD,1999,Kharif,Other Cereals & Millets,500,100,0.2
Gujarat,VALSAD,1999,Kharif,Other Kharif pulses,1800,400,0.222222222
Gujarat,VALSAD,1999,Kharif,Ragi,9300,10400,1.11827957
Gujarat,VALSAD,1999,Kharif,Rice,97300,183900,1.890030832
Gujarat,VALSAD,1999,Kharif,Small millets,500,100,0.2
Gujarat,VALSAD,1999,Kharif,Urad,6400,1500,0.234375
Gujarat,VALSAD,1999,Rabi,Gram,3500,1800,0.514285714
Gujarat,VALSAD,1999,Rabi,Jowar,500,400,0.8
Gujarat,VALSAD,1999,Rabi,Other  Rabi pulses,2800,1500,0.535714286
Gujarat,VALSAD,1999,Rabi,Wheat,500,1100,2.2
Gujarat,VALSAD,1999,Summer,Groundnut,900,1500,1.666666667
Gujarat,VALSAD,1999,Whole Year,Banana,300,17500,58.33333333
Gujarat,VALSAD,1999,Whole Year,Dry chillies,600,500,0.833333333
Gujarat,VALSAD,1999,Whole Year,Onion,100,3400,34
Gujarat,VALSAD,1999,Whole Year,Sugarcane,33700,1918000,56.91394659
Gujarat,VALSAD,2000,Kharif,Arhar/Tur,7500,2500,0.333333333
Gujarat,VALSAD,2000,Kharif,Groundnut,400,100,0.25
Gujarat,VALSAD,2000,Kharif,Jowar,2500,1600,0.64
Gujarat,VALSAD,2000,Kharif,Moong(Green Gram),300,100,0.333333333
Gujarat,VALSAD,2000,Kharif,Other Cereals & Millets,400,100,0.25
Gujarat,VALSAD,2000,Kharif,Other Kharif pulses,1000,400,0.4
Gujarat,VALSAD,2000,Kharif,Ragi,9200,6800,0.739130435
Gujarat,VALSAD,2000,Kharif,Rice,99800,162800,1.631262525
Gujarat,VALSAD,2000,Kharif,Small millets,400,100,0.25
Gujarat,VALSAD,2000,Kharif,Urad,5700,1600,0.280701754
Gujarat,VALSAD,2000,Rabi,Gram,1900,1000,0.526315789
Gujarat,VALSAD,2000,Rabi,Jowar,400,200,0.5
Gujarat,VALSAD,2000,Rabi,Other  Rabi pulses,1600,800,0.5
Gujarat,VALSAD,2000,Rabi,Wheat,600,1500,2.5
Gujarat,VALSAD,2000,Summer,Groundnut,300,500,1.666666667
Gujarat,VALSAD,2000,Summer,Rice,900,2700,3
Gujarat,VALSAD,2000,Whole Year,Banana,200,10000,50
Gujarat,VALSAD,2000,Whole Year,Dry chillies,400,300,0.75
Gujarat,VALSAD,2000,Whole Year,Garlic,100,300,3
Gujarat,VALSAD,2000,Whole Year,Onion,200,3400,17
Gujarat,VALSAD,2000,Whole Year,Sugarcane,26900,1573000,58.47583643
Gujarat,VALSAD,2001,Kharif,Arhar/Tur,10300,6400,0.621359223
Gujarat,VALSAD,2001,Kharif,Groundnut,600,800,1.333333333
Gujarat,VALSAD,2001,Kharif,Jowar,2400,2900,1.208333333
Gujarat,VALSAD,2001,Kharif,Moong(Green Gram),400,200,0.5
Gujarat,VALSAD,2001,Kharif,Other Kharif pulses,1300,500,0.384615385
Gujarat,VALSAD,2001,Kharif,Ragi,8800,8300,0.943181818
Gujarat,VALSAD,2001,Kharif,Rice,109200,229900,2.105311355
Gujarat,VALSAD,2001,Kharif,Small millets,500,200,0.4
Gujarat,VALSAD,2001,Kharif,Urad,7400,4200,0.567567568
Gujarat,VALSAD,2001,Rabi,Gram,1400,1700,1.214285714
Gujarat,VALSAD,2001,Rabi,Jowar,300,200,0.666666667
Gujarat,VALSAD,2001,Rabi,Other  Rabi pulses,1100,600,0.545454545
Gujarat,VALSAD,2001,Rabi,Small millets,100,100,1
Gujarat,VALSAD,2001,Rabi,Wheat,700,1800,2.571428571
Gujarat,VALSAD,2001,Summer,Groundnut,200,200,1
Gujarat,VALSAD,2001,Summer,Rice,400,1200,3
Gujarat,VALSAD,2001,Whole Year,Banana,400,27700,69.25
Gujarat,VALSAD,2001,Whole Year,Dry chillies,500,500,1
Gujarat,VALSAD,2001,Whole Year,Garlic,100,400,4
Gujarat,VALSAD,2001,Whole Year,Onion,200,5900,29.5
Gujarat,VALSAD,2001,Whole Year,Sugarcane,24000,1390000,57.91666667
Gujarat,VALSAD,2002,Kharif,Arhar/Tur,9400,4900,0.521276596
Gujarat,VALSAD,2002,Kharif,Groundnut,500,200,0.4
Gujarat,VALSAD,2002,Kharif,Jowar,2300,2400,1.043478261
Gujarat,VALSAD,2002,Kharif,Moong(Green Gram),300,100,0.333333333
Gujarat,VALSAD,2002,Kharif,Other Kharif pulses,900,400,0.444444444
Gujarat,VALSAD,2002,Kharif,Ragi,12900,8100,0.627906977
Gujarat,VALSAD,2002,Kharif,Rice,87900,142600,1.622298066
Gujarat,VALSAD,2002,Kharif,Small millets,500,200,0.4
Gujarat,VALSAD,2002,Kharif,Urad,6800,3900,0.573529412
Gujarat,VALSAD,2002,Rabi,Gram,1100,500,0.454545455
Gujarat,VALSAD,2002,Rabi,Jowar,200,100,0.5
Gujarat,VALSAD,2002,Rabi,Other  Rabi pulses,200,100,0.5
Gujarat,VALSAD,2002,Rabi,Wheat,1000,2200,2.2
Gujarat,VALSAD,2002,Summer,Groundnut,100,200,2
Gujarat,VALSAD,2002,Summer,Rice,5900,26400,4.474576271
Gujarat,VALSAD,2002,Whole Year,Dry chillies,900,800,0.888888889
Gujarat,VALSAD,2002,Whole Year,Garlic,100,400,4
Gujarat,VALSAD,2002,Whole Year,Onion,200,7100,35.5
Gujarat,VALSAD,2002,Whole Year,Sugarcane,39300,2733000,69.54198473
Gujarat,VALSAD,2003,Kharif,Arhar/Tur,6000,5200,0.866666667
Gujarat,VALSAD,2003,Kharif,Jowar,100,100,1
Gujarat,VALSAD,2003,Kharif,Moong(Green Gram),300,200,0.666666667
Gujarat,VALSAD,2003,Kharif,Ragi,9600,10200,1.0625
Gujarat,VALSAD,2003,Kharif,Rice,42700,93300,2.18501171
Gujarat,VALSAD,2003,Kharif,Small millets,400,100,0.25
Gujarat,VALSAD,2003,Kharif,Urad,4500,3000,0.666666667
Gujarat,VALSAD,2003,Rabi,Gram,200,200,1
Gujarat,VALSAD,2003,Rabi,Other  Rabi pulses,300,200,0.666666667
Gujarat,VALSAD,2003,Rabi,Wheat,500,1500,3
Gujarat,VALSAD,2003,Summer,Bajra,100,200,2
Gujarat,VALSAD,2003,Summer,Rice,300,700,2.333333333
Gujarat,VALSAD,2003,Whole Year,Banana,200,9900,49.5
Gujarat,VALSAD,2003,Whole Year,Dry chillies,800,700,0.875
Gujarat,VALSAD,2003,Whole Year,Onion,100,3600,36
Gujarat,VALSAD,2003,Whole Year,Sugarcane,11200,638000,56.96428571
Gujarat,VALSAD,2004,Kharif,Arhar/Tur,2900,2700,0.931034483
Gujarat,VALSAD,2004,Kharif,Groundnut,100,100,1
Gujarat,VALSAD,2004,Kharif,Jowar,100,100,1
Gujarat,VALSAD,2004,Kharif,Moong(Green Gram),400,200,0.5
Gujarat,VALSAD,2004,Kharif,Other Cereals & Millets,800,400,0.5
Gujarat,VALSAD,2004,Kharif,Other Kharif pulses,400,200,0.5
Gujarat,VALSAD,2004,Kharif,Ragi,10700,10300,0.962616822
Gujarat,VALSAD,2004,Kharif,Rice,49100,89400,1.820773931
Gujarat,VALSAD,2004,Kharif,Small millets,800,400,0.5
Gujarat,VALSAD,2004,Kharif,Urad,5900,3800,0.644067797
Gujarat,VALSAD,2004,Rabi,Gram,200,100,0.5
Gujarat,VALSAD,2004,Rabi,Wheat,500,1300,2.6
Gujarat,VALSAD,2004,Summer,Rice,100,300,3
Gujarat,VALSAD,2004,Whole Year,Banana,100,3700,37
Gujarat,VALSAD,2004,Whole Year,Dry chillies,600,500,0.833333333
Gujarat,VALSAD,2004,Whole Year,Garlic,100,300,3
Gujarat,VALSAD,2004,Whole Year,Onion,100,2400,24
Gujarat,VALSAD,2004,Whole Year,Sugarcane,14000,835000,59.64285714
Gujarat,VALSAD,2005,Kharif,Arhar/Tur,3100,3100,1
Gujarat,VALSAD,2005,Kharif,Jowar,200,200,1
Gujarat,VALSAD,2005,Kharif,Moong(Green Gram),400,200,0.5
Gujarat,VALSAD,2005,Kharif,Other Cereals & Millets,500,,
Gujarat,VALSAD,2005,Kharif,Other Kharif pulses,1000,500,0.5
Gujarat,VALSAD,2005,Kharif,Ragi,10700,9800,0.91588785
Gujarat,VALSAD,2005,Kharif,Rice,47500,94800,1.995789474
Gujarat,VALSAD,2005,Kharif,Urad,5900,3500,0.593220339
Gujarat,VALSAD,2005,Rabi,Gram,700,800,1.142857143
Gujarat,VALSAD,2005,Rabi,Other  Rabi pulses,4700,4700,1
Gujarat,VALSAD,2005,Rabi,Wheat,600,1500,2.5
Gujarat,VALSAD,2005,Summer,Rice,1700,4900,2.882352941
Gujarat,VALSAD,2005,Whole Year,Dry chillies,400,400,1
Gujarat,VALSAD,2005,Whole Year,Onion,100,1300,13
Gujarat,VALSAD,2005,Whole Year,Sugarcane,15900,1044000,65.66037736
Gujarat,VALSAD,2006,Kharif,Arhar/Tur,4600,3800,0.826086957
Gujarat,VALSAD,2006,Kharif,Groundnut,200,200,1
Gujarat,VALSAD,2006,Kharif,Jowar,200,200,1
Gujarat,VALSAD,2006,Kharif,Moong(Green Gram),100,100,1
Gujarat,VALSAD,2006,Kharif,Other Cereals & Millets,600,300,0.5
Gujarat,VALSAD,2006,Kharif,Other Kharif pulses,300,200,0.666666667
Gujarat,VALSAD,2006,Kharif,Ragi,9400,7900,0.840425532
Gujarat,VALSAD,2006,Kharif,Rice,50600,96500,1.907114625
Gujarat,VALSAD,2006,Kharif,Urad,5300,3200,0.603773585
Gujarat,VALSAD,2006,Rabi,Gram,500,600,1.2
Gujarat,VALSAD,2006,Rabi,Other  Rabi pulses,4800,3900,0.8125
Gujarat,VALSAD,2006,Rabi,Wheat,600,1800,3
Gujarat,VALSAD,2006,Summer,Rice,1800,5100,2.833333333
Gujarat,VALSAD,2006,Whole Year,Banana,200,13200,66
Gujarat,VALSAD,2006,Whole Year,Dry chillies,400,400,1
Gujarat,VALSAD,2006,Whole Year,Onion,100,1200,12
Gujarat,VALSAD,2006,Whole Year,Sugarcane,16200,1127000,69.56790123
Gujarat,VALSAD,2007,Kharif,Arhar/Tur,4400,2500,0.568181818
Gujarat,VALSAD,2007,Kharif,Groundnut,200,400,2
Gujarat,VALSAD,2007,Kharif,Jowar,200,200,1
Gujarat,VALSAD,2007,Kharif,Moong(Green Gram),100,100,1
Gujarat,VALSAD,2007,Kharif,Moth,900,500,0.555555556
Gujarat,VALSAD,2007,Kharif,Other Cereals & Millets,500,300,0.6
Gujarat,VALSAD,2007,Kharif,Other Kharif pulses,300,200,0.666666667
Gujarat,VALSAD,2007,Kharif,Ragi,10700,7600,0.710280374
Gujarat,VALSAD,2007,Kharif,Rice,57500,127700,2.220869565
Gujarat,VALSAD,2007,Kharif,Urad,5400,3100,0.574074074
Gujarat,VALSAD,2007,Rabi,Gram,600,600,1
Gujarat,VALSAD,2007,Rabi,Other  Rabi pulses,4000,3200,0.8
Gujarat,VALSAD,2007,Rabi,Wheat,300,1000,3.333333333
Gujarat,VALSAD,2007,Summer,Rice,800,2500,3.125
Gujarat,VALSAD,2007,Whole Year,Banana,200,10700,53.5
Gujarat,VALSAD,2007,Whole Year,Dry chillies,300,300,1
Gujarat,VALSAD,2007,Whole Year,Onion,100,1100,11
Gujarat,VALSAD,2007,Whole Year,Sugarcane,9900,657000,66.36363636
Gujarat,VALSAD,2008,Kharif,Arhar/Tur,4200,2100,0.5
Gujarat,VALSAD,2008,Kharif,Groundnut,200,300,1.5
Gujarat,VALSAD,2008,Kharif,Jowar,100,200,2
Gujarat,VALSAD,2008,Kharif,Moong(Green Gram),100,100,1
Gujarat,VALSAD,2008,Kharif,Other Cereals & Millets,500,300,0.6
Gujarat,VALSAD,2008,Kharif,Other Kharif pulses,200,100,0.5
Gujarat,VALSAD,2008,Kharif,Ragi,9300,8400,0.903225806
Gujarat,VALSAD,2008,Kharif,Rice,60300,127500,2.114427861
Gujarat,VALSAD,2008,Kharif,Urad,5300,3200,0.603773585
Gujarat,VALSAD,2008,Rabi,Gram,700,700,1
Gujarat,VALSAD,2008,Rabi,Jowar,100,100,1
Gujarat,VALSAD,2008,Rabi,Other  Rabi pulses,5000,3900,0.78
Gujarat,VALSAD,2008,Rabi,Wheat,300,800,2.666666667
Gujarat,VALSAD,2008,Summer,Rice,800,2500,3.125
Gujarat,VALSAD,2008,Whole Year,Banana,100,6500,65
Gujarat,VALSAD,2008,Whole Year,Dry chillies,200,200,1
Gujarat,VALSAD,2008,Whole Year,Sugarcane,9600,650000,67.70833333
Gujarat,VALSAD,2009,Kharif,Arhar/Tur,4700,2800,0.595744681
Gujarat,VALSAD,2009,Kharif,Groundnut,200,200,1
Gujarat,VALSAD,2009,Kharif,Jowar,100,100,1
Gujarat,VALSAD,2009,Kharif,Moong(Green Gram),100,100,1
Gujarat,VALSAD,2009,Kharif,Other Cereals & Millets,500,300,0.6
Gujarat,VALSAD,2009,Kharif,Other Kharif pulses,300,200,0.666666667
Gujarat,VALSAD,2009,Kharif,Ragi,9300,6600,0.709677419
Gujarat,VALSAD,2009,Kharif,Rice,58300,112900,1.936535163
Gujarat,VALSAD,2009,Kharif,Urad,5400,2700,0.5
Gujarat,VALSAD,2009,Rabi,Gram,700,700,1
Gujarat,VALSAD,2009,Rabi,Other  Rabi pulses,8000,6000,0.75
Gujarat,VALSAD,2009,Rabi,Wheat,300,700,2.333333333
Gujarat,VALSAD,2009,Summer,Rice,700,2100,3
Gujarat,VALSAD,2009,Whole Year,Banana,100,5900,59
Gujarat,VALSAD,2009,Whole Year,Dry chillies,300,300,1
Gujarat,VALSAD,2009,Whole Year,Sugarcane,8600,615000,71.51162791
Gujarat,VALSAD,2010,Kharif,Arhar/Tur,4600,3300,0.717391304
Gujarat,VALSAD,2010,Kharif,Groundnut,200,400,2
Gujarat,VALSAD,2010,Kharif,Jowar,100,100,1
Gujarat,VALSAD,2010,Kharif,Moong(Green Gram),100,100,1
Gujarat,VALSAD,2010,Kharif,Moth,100,100,1
Gujarat,VALSAD,2010,Kharif,Other Kharif pulses,1100,600,0.545454545
Gujarat,VALSAD,2010,Kharif,other oilseeds,5800,2000,0.344827586
Gujarat,VALSAD,2010,Kharif,Ragi,9300,6700,0.720430108
Gujarat,VALSAD,2010,Kharif,Rice,58600,118200,2.017064846
Gujarat,VALSAD,2010,Kharif,Urad,5800,3100,0.534482759
Gujarat,VALSAD,2010,Rabi,Gram,700,1000,1.428571429
Gujarat,VALSAD,2010,Rabi,Jowar,100,100,1
Gujarat,VALSAD,2010,Rabi,Other  Rabi pulses,5500,4000,0.727272727
Gujarat,VALSAD,2010,Rabi,Other Cereals & Millets,200,200,1
Gujarat,VALSAD,2010,Summer,Moong(Green Gram),400,200,0.5
Gujarat,VALSAD,2010,Summer,Rice,9500,28800,3.031578947
Gujarat,VALSAD,2010,Summer,Urad,100,100,1
Gujarat,VALSAD,2010,Whole Year,Banana,100,6200,62
Gujarat,VALSAD,2010,Whole Year,Dry chillies,200,200,1
Gujarat,VALSAD,2010,Whole Year,Onion,100,700,7
Gujarat,VALSAD,2010,Whole Year,Sugarcane,8800,598000,67.95454545
Gujarat,VALSAD,2011,Kharif,Arhar/Tur,5900,3800,0.644067797
Gujarat,VALSAD,2011,Kharif,Groundnut,300,400,1.333333333
Gujarat,VALSAD,2011,Kharif,Jowar,300,300,1
Gujarat,VALSAD,2011,Kharif,Other Cereals & Millets,600,,
Gujarat,VALSAD,2011,Kharif,Other Kharif pulses,600,300,0.5
Gujarat,VALSAD,2011,Kharif,Ragi,5000,3300,0.66
Gujarat,VALSAD,2011,Kharif,Rice,67300,145100,2.156017831
Gujarat,VALSAD,2011,Kharif,Urad,5800,3600,0.620689655
Gujarat,VALSAD,2011,Rabi,Gram,1400,1600,1.142857143
Gujarat,VALSAD,2011,Rabi,Jowar,100,100,1
Gujarat,VALSAD,2011,Rabi,Onion,100,400,4
Gujarat,VALSAD,2011,Rabi,Other  Rabi pulses,3200,2700,0.84375
Gujarat,VALSAD,2011,Rabi,Other Cereals & Millets,200,200,1
Gujarat,VALSAD,2011,Rabi,Wheat,200,700,3.5
Gujarat,VALSAD,2011,Summer,Groundnut,100,100,1
Gujarat,VALSAD,2011,Summer,Moong(Green Gram),300,100,0.333333333
Gujarat,VALSAD,2011,Summer,Rice,2700,8700,3.222222222
Gujarat,VALSAD,2011,Whole Year,Dry chillies,200,200,1
Gujarat,VALSAD,2011,Whole Year,other oilseeds,5900,1900,0.322033898
Gujarat,VALSAD,2011,Whole Year,Sugarcane,7600,532000,70
Gujarat,VALSAD,2012,Kharif,Arhar/Tur,7800,5300,0.679487179
Gujarat,VALSAD,2012,Kharif,Groundnut,300,100,0.333333333
Gujarat,VALSAD,2012,Kharif,Jowar,400,600,1.5
Gujarat,VALSAD,2012,Kharif,Other Cereals & Millets,600,400,0.666666667
Gujarat,VALSAD,2012,Kharif,Other Kharif pulses,1000,400,0.4
Gujarat,VALSAD,2012,Kharif,Ragi,6100,5900,0.967213115
Gujarat,VALSAD,2012,Kharif,Rice,63800,143900,2.255485893
Gujarat,VALSAD,2012,Kharif,Urad,6400,4100,0.640625
Gujarat,VALSAD,2012,Rabi,Gram,2000,2000,1
Gujarat,VALSAD,2012,Rabi,Other  Rabi pulses,3300,2600,0.787878788
Gujarat,VALSAD,2012,Summer,Rice,600,1700,2.833333333
Gujarat,VALSAD,2012,Whole Year,Dry chillies,100,100,1
Gujarat,VALSAD,2012,Whole Year,Sugarcane,8600,65500,7.61627907
Haryana,AMBALA,1997,Kharif,Bajra,1000,1000,1
Haryana,AMBALA,1997,Kharif,Maize,8000,15000,1.875
Haryana,AMBALA,1997,Kharif,Other Kharif pulses,1000,600,0.6
Haryana,AMBALA,1997,Kharif,Rice,65000,182000,2.8
Haryana,AMBALA,1997,Rabi,Other  Rabi pulses,25000,18000,0.72
Haryana,AMBALA,1997,Rabi,Wheat,72000,226000,3.138888889
Haryana,AMBALA,1997,Whole Year,Sugarcane,12000,580000,48.33333333
Haryana,AMBALA,1998,Kharif,Arhar/Tur,130,200,1.538461538
Haryana,AMBALA,1998,Kharif,Bajra,370,,
Haryana,AMBALA,1998,Kharif,Cotton(lint),25,,
Haryana,AMBALA,1998,Kharif,Groundnut,17,,
Haryana,AMBALA,1998,Kharif,Jowar,1,,
Haryana,AMBALA,1998,Kharif,Maize,5610,11000,1.960784314
Haryana,AMBALA,1998,Kharif,Moth,1,,
Haryana,AMBALA,1998,Kharif,Rice,71365,186000,2.606319624
Haryana,AMBALA,1998,Kharif,Sesamum,6,,
Haryana,AMBALA,1998,Kharif,Urad,434,100,0.230414747
Haryana,AMBALA,1998,Rabi,Barley,104,,
Haryana,AMBALA,1998,Rabi,Gram,108,,
Haryana,AMBALA,1998,Rabi,Masoor,2675,1900,0.710280374
Haryana,AMBALA,1998,Rabi,Peas & beans (Pulses),59,100,1.694915254
Haryana,AMBALA,1998,Rabi,Rapeseed &Mustard,778,1000,1.285347044
Haryana,AMBALA,1998,Rabi,Sunflower,3321,4100,1.234567901
Haryana,AMBALA,1998,Rabi,Wheat,74688,284000,3.802485004
Haryana,AMBALA,1998,Whole Year,Dry chillies,116,100,0.862068966
Haryana,AMBALA,1998,Whole Year,Onion,898,12100,13.47438753
Haryana,AMBALA,1998,Whole Year,Potato,2567,40200,15.66030386
Haryana,AMBALA,1998,Whole Year,Sugarcane,14296,700000,48.96474538
Haryana,AMBALA,1999,Kharif,Arhar/Tur,110,100,0.909090909
Haryana,AMBALA,1999,Kharif,Bajra,371,0,0
Haryana,AMBALA,1999,Kharif,Cotton(lint),25,0,0
Haryana,AMBALA,1999,Kharif,Groundnut,6,0,0
Haryana,AMBALA,1999,Kharif,Jowar,1,0,0
Haryana,AMBALA,1999,Kharif,Maize,5608,14000,2.496433666
Haryana,AMBALA,1999,Kharif,Rice,72185,206000,2.853778486
Haryana,AMBALA,1999,Kharif,Sesamum,7,0,0
Haryana,AMBALA,1999,Rabi,Barley,67,0,0
Haryana,AMBALA,1999,Rabi,Gram,67,0,0
Haryana,AMBALA,1999,Rabi,Masoor,1884,1400,0.743099788
Haryana,AMBALA,1999,Rabi,Peas & beans (Pulses),36,0,0
Haryana,AMBALA,1999,Rabi,Rapeseed &Mustard,1588,2000,1.259445844
Haryana,AMBALA,1999,Rabi,Sunflower,1118,1400,1.252236136
Haryana,AMBALA,1999,Rabi,Wheat,78420,325000,4.144350931
Haryana,AMBALA,1999,Whole Year,Dry chillies,216,200,0.925925926
Haryana,AMBALA,1999,Whole Year,Onion,680,9800,14.41176471
Haryana,AMBALA,1999,Whole Year,Potato,2556,40200,15.72769953
Haryana,AMBALA,1999,Whole Year,Sugarcane,15007,900000,59.97201306
Haryana,AMBALA,2000,Kharif,Arhar/Tur,257,300,1.167315175
Haryana,AMBALA,2000,Kharif,Bajra,473,0,0
Haryana,AMBALA,2000,Kharif,Cotton(lint),25,0,0
Haryana,AMBALA,2000,Kharif,Groundnut,3,0,0
Haryana,AMBALA,2000,Kharif,Maize,4369,10000,2.288853285
Haryana,AMBALA,2000,Kharif,Rice,71840,217000,3.020601336
Haryana,AMBALA,2000,Kharif,Sesamum,9,0,0
Haryana,AMBALA,2000,Kharif,Urad,411,100,0.243309002
Haryana,AMBALA,2000,Rabi,Barley,77,0,0
Haryana,AMBALA,2000,Rabi,Gram,78,0,0
Haryana,AMBALA,2000,Rabi,Masoor,1811,1300,0.71783545
Haryana,AMBALA,2000,Rabi,Peas & beans (Pulses),61,100,1.639344262
Haryana,AMBALA,2000,Rabi,Rapeseed &Mustard,1402,1000,0.713266762
Haryana,AMBALA,2000,Rabi,Sunflower,442,600,1.357466063
Haryana,AMBALA,2000,Rabi,Wheat,79060,275000,3.478370858
Haryana,AMBALA,2000,Whole Year,Dry chillies,325,400,1.230769231
Haryana,AMBALA,2000,Whole Year,Garlic,6,0,0
Haryana,AMBALA,2000,Whole Year,Onion,1048,14200,13.54961832
Haryana,AMBALA,2000,Whole Year,Potato,1882,29600,15.72794899
Haryana,AMBALA,2000,Whole Year,Sugarcane,15726,920000,58.50184408
Haryana,AMBALA,2000,Whole Year,Turmeric,5,0,0
Haryana,AMBALA,2001,Kharif,Arhar/Tur,294,400,1.360544218
Haryana,AMBALA,2001,Kharif,Bajra,156,0,0
Haryana,AMBALA,2001,Kharif,Cotton(lint),24,,
Haryana,AMBALA,2001,Kharif,Groundnut,1,0,0
Haryana,AMBALA,2001,Kharif,Maize,3762,11000,2.923976608
Haryana,AMBALA,2001,Kharif,Moong(Green Gram),1,0,0
Haryana,AMBALA,2001,Kharif,Moth,1,0,0
Haryana,AMBALA,2001,Kharif,Rice,74881,233000,3.111603745
Haryana,AMBALA,2001,Kharif,Sesamum,1,0,0
Haryana,AMBALA,2001,Kharif,Urad,616,100,0.162337662
Haryana,AMBALA,2001,Rabi,Barley,54,0,0
Haryana,AMBALA,2001,Rabi,Gram,113,0,0
Haryana,AMBALA,2001,Rabi,Masoor,1777,1300,0.731570062
Haryana,AMBALA,2001,Rabi,Peas & beans (Pulses),55,100,1.818181818
Haryana,AMBALA,2001,Rabi,Rapeseed &Mustard,965,1000,1.03626943
Haryana,AMBALA,2001,Rabi,Wheat,80042,301000,3.760525724
Haryana,AMBALA,2001,Whole Year,Dry chillies,189,200,1.058201058
Haryana,AMBALA,2001,Whole Year,Onion,1571,11800,7.511139402
Haryana,AMBALA,2001,Whole Year,Potato,1698,37500,22.08480565
Haryana,AMBALA,2001,Whole Year,Sugarcane,17294,990000,57.24528738
Haryana,AMBALA,2001,Whole Year,Sweet potato,2,0,0
Haryana,AMBALA,2002,Kharif,Arhar/Tur,137,200,1.459854015
Haryana,AMBALA,2002,Kharif,Bajra,279,0,0
Haryana,AMBALA,2002,Kharif,Cotton(lint),16,0,0
Haryana,AMBALA,2002,Kharif,Groundnut,9,0,0
Haryana,AMBALA,2002,Kharif,Horse-gram,1,0,0
Haryana,AMBALA,2002,Kharif,Maize,2714,5000,1.842299189
Haryana,AMBALA,2002,Kharif,Rice,61465,183000,2.977304157
Haryana,AMBALA,2002,Kharif,Sesamum,8,0,0
Haryana,AMBALA,2002,Kharif,Urad,1366,200,0.146412884
Haryana,AMBALA,2002,Rabi,Barley,39,0,0
Haryana,AMBALA,2002,Rabi,Gram,130,0,0
Haryana,AMBALA,2002,Rabi,Masoor,1863,1400,0.751476114
Haryana,AMBALA,2002,Rabi,Peas & beans (Pulses),13,0,0
Haryana,AMBALA,2002,Rabi,Rapeseed &Mustard,1760,2000,1.136363636
Haryana,AMBALA,2002,Rabi,Sunflower,70,100,1.428571429
Haryana,AMBALA,2002,Rabi,Wheat,80637,287000,3.559160187
Haryana,AMBALA,2002,Whole Year,Onion,85,2300,27.05882353
Haryana,AMBALA,2002,Whole Year,Other Fresh Fruits,113,1500,13.27433628
Haryana,AMBALA,2002,Whole Year,Other Vegetables,1806,15300,8.471760797
Haryana,AMBALA,2002,Whole Year,Potato,2300,62400,27.13043478
Haryana,AMBALA,2002,Whole Year,Sugarcane,17437,1060000,60.79027356
Haryana,AMBALA,2003,Kharif,Arhar/Tur,31,0,0
Haryana,AMBALA,2003,Kharif,Bajra,300,,
Haryana,AMBALA,2003,Kharif,Cotton(lint),16,0,0
Haryana,AMBALA,2003,Kharif,Groundnut,12,0,0
Haryana,AMBALA,2003,Kharif,Maize,3084,7000,2.269779507
Haryana,AMBALA,2003,Kharif,Rice,73240,227000,3.099399235
Haryana,AMBALA,2003,Kharif,Sesamum,4,0,0
Haryana,AMBALA,2003,Kharif,Urad,770,200,0.25974026
Haryana,AMBALA,2003,Rabi,Barley,40,0,0
Haryana,AMBALA,2003,Rabi,Gram,54,0,0
Haryana,AMBALA,2003,Rabi,Masoor,1834,1300,0.708833152
Haryana,AMBALA,2003,Rabi,other oilseeds,11,,
Haryana,AMBALA,2003,Rabi,Peas & beans (Pulses),139,100,0.71942446
Haryana,AMBALA,2003,Rabi,Rapeseed &Mustard,1198,1000,0.834724541
Haryana,AMBALA,2003,Rabi,Sunflower,1483,2500,1.685772084
Haryana,AMBALA,2003,Rabi,Wheat,83658,273000,3.263286237
Haryana,AMBALA,2003,Whole Year,Dry chillies,208,200,0.961538462
Haryana,AMBALA,2003,Whole Year,Onion,1478,39900,26.99594046
Haryana,AMBALA,2003,Whole Year,Other Fresh Fruits,194,4900,25.25773196
Haryana,AMBALA,2003,Whole Year,Other Vegetables,1595,13800,8.652037618
Haryana,AMBALA,2003,Whole Year,Potato,1221,33000,27.02702703
Haryana,AMBALA,2003,Whole Year,Sugarcane,14517,890000,61.30743267
Haryana,AMBALA,2004,Kharif,Arhar/Tur,43,100,2.325581395
Haryana,AMBALA,2004,Kharif,Bajra,338,,
Haryana,AMBALA,2004,Kharif,Cotton(lint),12,,
Haryana,AMBALA,2004,Kharif,Groundnut,7,,
Haryana,AMBALA,2004,Kharif,Horse-gram,2,,
Haryana,AMBALA,2004,Kharif,Maize,3014,7000,2.322495023
Haryana,AMBALA,2004,Kharif,Moong(Green Gram),2,,
Haryana,AMBALA,2004,Kharif,Moth,1,,
Haryana,AMBALA,2004,Kharif,Rice,73580,233000,3.166621365
Haryana,AMBALA,2004,Kharif,Sesamum,6,,
Haryana,AMBALA,2004,Kharif,Urad,870,200,0.229885057
Haryana,AMBALA,2004,Rabi,Barley,27,,
Haryana,AMBALA,2004,Rabi,Gram,127,,
Haryana,AMBALA,2004,Rabi,Masoor,1706,1200,0.703399766
Haryana,AMBALA,2004,Rabi,Peas & beans (Pulses),39,,
Haryana,AMBALA,2004,Rabi,Rapeseed &Mustard,1508,2000,1.326259947
Haryana,AMBALA,2004,Rabi,Sunflower,2217,3700,1.668921967
Haryana,AMBALA,2004,Rabi,Wheat,82322,267000,3.243361434
Haryana,AMBALA,2004,Whole Year,Dry chillies,190,1600,8.421052632
Haryana,AMBALA,2004,Whole Year,Garlic,18,200,11.11111111
Haryana,AMBALA,2004,Whole Year,Onion,915,24700,26.99453552
Haryana,AMBALA,2004,Whole Year,Potato,2019,54500,26.99356117
Haryana,AMBALA,2004,Whole Year,Sugarcane,12669,820000,64.72491909
Haryana,AMBALA,2005,Kharif,Arhar/Tur,21,,
Haryana,AMBALA,2005,Kharif,Bajra,272,,
Haryana,AMBALA,2005,Kharif,Cotton(lint),3,,
Haryana,AMBALA,2005,Kharif,Groundnut,4,,
Haryana,AMBALA,2005,Kharif,Horse-gram,2,,
Haryana,AMBALA,2005,Kharif,Maize,2719,6000,2.206693637
Haryana,AMBALA,2005,Kharif,Moong(Green Gram),2,,
Haryana,AMBALA,2005,Kharif,Rice,76540,254000,3.318526261
Haryana,AMBALA,2005,Kharif,Sesamum,4,,
Haryana,AMBALA,2005,Kharif,Urad,684,200,0.292397661
Haryana,AMBALA,2005,Rabi,Barley,13,,
Haryana,AMBALA,2005,Rabi,Gram,125,,
Haryana,AMBALA,2005,Rabi,Masoor,1400,900,0.642857143
Haryana,AMBALA,2005,Rabi,Peas & beans (Pulses),27,,
Haryana,AMBALA,2005,Rabi,Rapeseed &Mustard,2237,2000,0.894054537
Haryana,AMBALA,2005,Rabi,Sunflower,5358,9000,1.679731243
Haryana,AMBALA,2005,Rabi,Wheat,83017,314000,3.78235783
Haryana,AMBALA,2005,Whole Year,Dry chillies,254,200,0.787401575
Haryana,AMBALA,2005,Whole Year,Onion,1137,30700,27.00087951
Haryana,AMBALA,2005,Whole Year,Potato,2654,71600,26.97814619
Haryana,AMBALA,2005,Whole Year,Sugarcane,13214,850000,64.32571515
Haryana,AMBALA,2006,Kharif,Arhar/Tur,28,,
Haryana,AMBALA,2006,Kharif,Bajra,270,,
Haryana,AMBALA,2006,Kharif,Cotton(lint),8,,
Haryana,AMBALA,2006,Kharif,Groundnut,5,,
Haryana,AMBALA,2006,Kharif,Horse-gram,6,,
Haryana,AMBALA,2006,Kharif,Maize,2500,7000,2.8
Haryana,AMBALA,2006,Kharif,Rice,75737,261000,3.446135971
Haryana,AMBALA,2006,Kharif,Sesamum,1,,
Haryana,AMBALA,2006,Kharif,Urad,875,300,0.342857143
Haryana,AMBALA,2006,Rabi,Barley,12,,
Haryana,AMBALA,2006,Rabi,Gram,109,,
Haryana,AMBALA,2006,Rabi,Masoor,1195,800,0.669456067
Haryana,AMBALA,2006,Rabi,Rapeseed &Mustard,1909,3000,1.571503405
Haryana,AMBALA,2006,Rabi,Sunflower,1602,2700,1.685393258
Haryana,AMBALA,2006,Rabi,Wheat,81679,312000,3.819831291
Haryana,AMBALA,2006,Whole Year,Dry chillies,186,100,0.537634409
Haryana,AMBALA,2006,Whole Year,Garlic,16,100,6.25
Haryana,AMBALA,2006,Whole Year,Onion,829,13400,16.16405308
Haryana,AMBALA,2006,Whole Year,Potato,2690,72600,26.98884758
Haryana,AMBALA,2006,Whole Year,Sannhamp,2,,
Haryana,AMBALA,2006,Whole Year,Sugarcane,14345,910000,63.43673754
Haryana,AMBALA,2007,Kharif,Arhar/Tur,14,,
Haryana,AMBALA,2007,Kharif,Bajra,334,,
Haryana,AMBALA,2007,Kharif,Groundnut,9,,
Haryana,AMBALA,2007,Kharif,Horse-gram,4,,
Haryana,AMBALA,2007,Kharif,Maize,2574,8000,3.108003108
Haryana,AMBALA,2007,Kharif,Rice,75164,277000,3.685274866
Haryana,AMBALA,2007,Kharif,Sesamum,8,,
Haryana,AMBALA,2007,Kharif,Urad,1117,300,0.268576544
Haryana,AMBALA,2007,Rabi,Barley,16,,
Haryana,AMBALA,2007,Rabi,Gram,77,,
Haryana,AMBALA,2007,Rabi,Masoor,1077,700,0.649953575
Haryana,AMBALA,2007,Rabi,Peas & beans (Pulses),11,,
Haryana,AMBALA,2007,Rabi,Rapeseed &Mustard,877,,
Haryana,AMBALA,2007,Rabi,Sunflower,1805,3600,1.994459834
Haryana,AMBALA,2007,Rabi,Wheat,82163,327000,3.979893626
Haryana,AMBALA,2007,Whole Year,Dry chillies,172,1600,9.302325581
Haryana,AMBALA,2007,Whole Year,Garlic,12,100,8.333333333
Haryana,AMBALA,2007,Whole Year,Onion,886,13900,15.68848758
Haryana,AMBALA,2007,Whole Year,Potato,1947,24100,12.37801746
Haryana,AMBALA,2007,Whole Year,Sugarcane,15219,1030000,67.6785597
Haryana,AMBALA,2008,Kharif,Arhar/Tur,7,,
Haryana,AMBALA,2008,Kharif,Bajra,286,,
Haryana,AMBALA,2008,Kharif,Cotton(lint),6,,
Haryana,AMBALA,2008,Kharif,Groundnut,1,,
Haryana,AMBALA,2008,Kharif,Horse-gram,3,,
Haryana,AMBALA,2008,Kharif,Maize,2104,5600,2.661596958
Haryana,AMBALA,2008,Kharif,Moong(Green Gram),2,,
Haryana,AMBALA,2008,Kharif,Rice,81002,267000,3.296214908
Haryana,AMBALA,2008,Kharif,Sesamum,2,,
Haryana,AMBALA,2008,Kharif,Urad,905,300,0.331491713
Haryana,AMBALA,2008,Rabi,Barley,9,,
Haryana,AMBALA,2008,Rabi,Gram,83,,
Haryana,AMBALA,2008,Rabi,Masoor,1062,600,0.564971751
Haryana,AMBALA,2008,Rabi,Peas & beans (Pulses),9,,
Haryana,AMBALA,2008,Rabi,Rapeseed &Mustard,1030,1000,0.970873786
Haryana,AMBALA,2008,Rabi,Sunflower,1153,2000,1.734605377
Haryana,AMBALA,2008,Rabi,Wheat,83629,309000,3.694890528
Haryana,AMBALA,2008,Whole Year,Coriander,14,,
Haryana,AMBALA,2008,Whole Year,Dry chillies,164,1100,6.707317073
Haryana,AMBALA,2008,Whole Year,Garlic,12,,
Haryana,AMBALA,2008,Whole Year,Onion,877,1300,1.482326112
Haryana,AMBALA,2008,Whole Year,Potato,2150,23000,10.69767442
Haryana,AMBALA,2008,Whole Year,Sugarcane,11101,616000,55.49049635
Haryana,AMBALA,2008,Whole Year,Turmeric,3,,
Haryana,AMBALA,2009,Kharif,Arhar/Tur,2,,
Haryana,AMBALA,2009,Kharif,Bajra,402,,
Haryana,AMBALA,2009,Kharif,Cotton(lint),2,,
Haryana,AMBALA,2009,Kharif,Groundnut,1,,
Haryana,AMBALA,2009,Kharif,Horse-gram,7,,
Haryana,AMBALA,2009,Kharif,Maize,1971,5000,2.536783359
Haryana,AMBALA,2009,Kharif,Rice,82283,306000,3.718872671
Haryana,AMBALA,2009,Kharif,Urad,1101,300,0.272479564
Haryana,AMBALA,2009,Rabi,Barley,9,,
Haryana,AMBALA,2009,Rabi,Gram,23,,
Haryana,AMBALA,2009,Rabi,Masoor,857,700,0.8168028
Haryana,AMBALA,2009,Rabi,Peas & beans (Pulses),1,,
Haryana,AMBALA,2009,Rabi,Sunflower,414,700,1.690821256
Haryana,AMBALA,2009,Rabi,Wheat,86872,346000,3.982871351
Haryana,AMBALA,2009,Whole Year,Dry chillies,123,,
Haryana,AMBALA,2009,Whole Year,Garlic,13,100,7.692307692
Haryana,AMBALA,2009,Whole Year,Onion,78,1500,19.23076923
Haryana,AMBALA,2009,Whole Year,Potato,1698,26600,15.66548881
Haryana,AMBALA,2009,Whole Year,Sugarcane,9639,714000,74.07407407
Haryana,AMBALA,2010,Kharif,Arhar/Tur,3,,
Haryana,AMBALA,2010,Kharif,Bajra,379,,
Haryana,AMBALA,2010,Kharif,Horse-gram,4,,
Haryana,AMBALA,2010,Kharif,Maize,1511,2000,1.323626737
Haryana,AMBALA,2010,Kharif,Moong(Green Gram),4,,
Haryana,AMBALA,2010,Kharif,Rice,81869,282000,3.444527233
Haryana,AMBALA,2010,Kharif,Soyabean,2,,
Haryana,AMBALA,2010,Kharif,Sunflower,414,700,1.690821256
Haryana,AMBALA,2010,Kharif,Urad,659,200,0.303490137
Haryana,AMBALA,2010,Rabi,Barley,5,,
Haryana,AMBALA,2010,Rabi,Gram,64,,
Haryana,AMBALA,2010,Rabi,Masoor,814,700,0.85995086
Haryana,AMBALA,2010,Rabi,Rapeseed &Mustard,1190,4000,3.361344538
Haryana,AMBALA,2010,Rabi,Wheat,86795,314000,3.617719915
Haryana,AMBALA,2010,Whole Year,Dry chillies,139,1100,7.913669065
Haryana,AMBALA,2010,Whole Year,Garlic,13,,
Haryana,AMBALA,2010,Whole Year,Onion,850,16800,19.76470588
Haryana,AMBALA,2010,Whole Year,Potato,1662,33400,20.09626955
Haryana,AMBALA,2010,Whole Year,Sugarcane,9608,67000,6.973355537
Haryana,AMBALA,2010,Whole Year,Turmeric,6,,
Haryana,AMBALA,2011,Kharif,Bajra,428,,
Haryana,AMBALA,2011,Kharif,Cotton(lint),2,,
Haryana,AMBALA,2011,Kharif,Dry ginger,3,,
Haryana,AMBALA,2011,Kharif,Groundnut,2,,
Haryana,AMBALA,2011,Kharif,Horse-gram,5,,
Haryana,AMBALA,2011,Kharif,Maize,1099,3000,2.729754322
Haryana,AMBALA,2011,Kharif,Rice,82586,322000,3.898965926
Haryana,AMBALA,2011,Kharif,Sesamum,1,,
Haryana,AMBALA,2011,Kharif,Sunflower,52,100,1.923076923
Haryana,AMBALA,2011,Kharif,Urad,759,200,0.263504611
Haryana,AMBALA,2011,Rabi,Barley,4,,
Haryana,AMBALA,2011,Rabi,Gram,64,,
Haryana,AMBALA,2011,Rabi,Masoor,664,600,0.903614458
Haryana,AMBALA,2011,Rabi,Peas & beans (Pulses),11,,
Haryana,AMBALA,2011,Rabi,Rapeseed &Mustard,1282,1600,1.248049922
Haryana,AMBALA,2011,Rabi,Wheat,87061,423000,4.858662317
Haryana,AMBALA,2011,Whole Year,Garlic,32,100,3.125
Haryana,AMBALA,2011,Whole Year,Potato,1874,41300,22.03842049
Haryana,AMBALA,2011,Whole Year,Sugarcane,9637,72000,7.471204732
Haryana,AMBALA,2011,Whole Year,Turmeric,6,,
Haryana,AMBALA,2012,Kharif,Bajra,485,,
Haryana,AMBALA,2012,Kharif,Cotton(lint),4,,
Haryana,AMBALA,2012,Kharif,Dry ginger,3,,
Haryana,AMBALA,2012,Kharif,Horse-gram,2,,
Haryana,AMBALA,2012,Kharif,Maize,801,3000,3.745318352
Haryana,AMBALA,2012,Kharif,Rice,82642,343000,4.150431984
Haryana,AMBALA,2012,Kharif,Sunflower,46,100,2.173913043
Haryana,AMBALA,2012,Kharif,Urad,758,229,0.302110818
Haryana,AMBALA,2012,Rabi,Barley,20,,
Haryana,AMBALA,2012,Rabi,Gram,44,,
Haryana,AMBALA,2012,Rabi,Masoor,555,506,0.911711712
Haryana,AMBALA,2012,Rabi,Peas & beans (Pulses),21,25,1.19047619
Haryana,AMBALA,2012,Rabi,Rapeseed &Mustard,1406,2500,1.778093883
Haryana,AMBALA,2012,Rabi,Wheat,87168,366000,4.198788546
Haryana,AMBALA,2012,Whole Year,Dry chillies,137,1300,9.489051095
Haryana,AMBALA,2012,Whole Year,Garlic,15,100,6.666666667
Haryana,AMBALA,2012,Whole Year,Onion,855,27100,31.69590643
Haryana,AMBALA,2012,Whole Year,Potato,1817,43700,24.05063291
Haryana,AMBALA,2012,Whole Year,Sugarcane,10110,797000,78.83283877
Haryana,AMBALA,2012,Whole Year,Turmeric,8,7,0.875
Haryana,BHIWANI,1997,Kharif,Bajra,187000,153000,0.818181818
Haryana,BHIWANI,1997,Kharif,Jowar,6000,2000,0.333333333
Haryana,BHIWANI,1997,Kharif,Other Kharif pulses,8800,3800,0.431818182
Haryana,BHIWANI,1997,Kharif,Rice,1000,3000,3
Haryana,BHIWANI,1997,Rabi,Barley,4000,10000,2.5
Haryana,BHIWANI,1997,Rabi,Gram,169000,149000,0.881656805
Haryana,BHIWANI,1997,Rabi,Wheat,90000,321000,3.566666667
Haryana,BHIWANI,1997,Whole Year,Cotton(lint),55000,85000,1.545454545
Haryana,BHIWANI,1997,Whole Year,Sugarcane,1000,50000,50
Haryana,BHIWANI,1998,Kharif,Arhar/Tur,1642,900,0.548112058
Haryana,BHIWANI,1998,Kharif,Bajra,203300,132000,0.649286768
Haryana,BHIWANI,1998,Kharif,Cotton(lint),54800,97000,1.770072993
Haryana,BHIWANI,1998,Kharif,Groundnut,2,,
Haryana,BHIWANI,1998,Kharif,Jowar,4369,1000,0.228885328
Haryana,BHIWANI,1998,Kharif,Maize,47,,
Haryana,BHIWANI,1998,Kharif,Moong(Green Gram),5591,1000,0.17885888
Haryana,BHIWANI,1998,Kharif,Moth,86,,
Haryana,BHIWANI,1998,Kharif,Rice,7223,16000,2.215146061
Haryana,BHIWANI,1998,Kharif,Sesamum,149,100,0.67114094
Haryana,BHIWANI,1998,Kharif,Urad,12,,
Haryana,BHIWANI,1998,Rabi,Barley,4152,11000,2.649325626
Haryana,BHIWANI,1998,Rabi,Gram,174000,141000,0.810344828
Haryana,BHIWANI,1998,Rabi,Masoor,13,,
Haryana,BHIWANI,1998,Rabi,Peas & beans (Pulses),8,,
Haryana,BHIWANI,1998,Rabi,Rapeseed &Mustard,115546,146000,1.263566026
Haryana,BHIWANI,1998,Rabi,Wheat,104200,370000,3.550863724
Haryana,BHIWANI,1998,Whole Year,Dry chillies,280,200,0.714285714
Haryana,BHIWANI,1998,Whole Year,Onion,19,400,21.05263158
Haryana,BHIWANI,1998,Whole Year,Potato,31,500,16.12903226
Haryana,BHIWANI,1998,Whole Year,Sannhamp,188,100,0.531914894
Haryana,BHIWANI,1998,Whole Year,Sugarcane,1434,100000,69.73500697
Haryana,BHIWANI,1999,Kharif,Arhar/Tur,657,300,0.456621005
Haryana,BHIWANI,1999,Kharif,Bajra,196380,153000,0.779101742
Haryana,BHIWANI,1999,Kharif,Cotton(lint),50459,122000,2.417804554
Haryana,BHIWANI,1999,Kharif,Jowar,3445,1000,0.290275762
Haryana,BHIWANI,1999,Kharif,Maize,33,0,0
Haryana,BHIWANI,1999,Kharif,Moong(Green Gram),2168,300,0.138376384
Haryana,BHIWANI,1999,Kharif,Moth,41,0,0
Haryana,BHIWANI,1999,Kharif,Rice,7317,17000,2.323356567
Haryana,BHIWANI,1999,Kharif,Sesamum,180,0,0
Haryana,BHIWANI,1999,Rabi,Barley,4507,13000,2.884402041
Haryana,BHIWANI,1999,Rabi,Gram,47159,23000,0.487711784
Haryana,BHIWANI,1999,Rabi,Masoor,13,,
Haryana,BHIWANI,1999,Rabi,Rapeseed &Mustard,108727,128000,1.177260478
Haryana,BHIWANI,1999,Rabi,Wheat,140422,465000,3.311446924
Haryana,BHIWANI,1999,Whole Year,Dry chillies,337,300,0.890207715
Haryana,BHIWANI,1999,Whole Year,Onion,133,1300,9.77443609
Haryana,BHIWANI,1999,Whole Year,Potato,6,100,16.66666667
Haryana,BHIWANI,1999,Whole Year,Sugarcane,837,50000,59.73715651
Haryana,BHIWANI,2000,Kharif,Arhar/Tur,491,200,0.407331976
Haryana,BHIWANI,2000,Kharif,Bajra,200556,156000,0.777837611
Haryana,BHIWANI,2000,Kharif,Cotton(lint),47478,109000,2.29580016
Haryana,BHIWANI,2000,Kharif,Groundnut,1,0,0
Haryana,BHIWANI,2000,Kharif,Jowar,2282,1000,0.438212095
Haryana,BHIWANI,2000,Kharif,Maize,27,0,0
Haryana,BHIWANI,2000,Kharif,Moong(Green Gram),799,100,0.125156446
Haryana,BHIWANI,2000,Kharif,Moth,62,0,0
Haryana,BHIWANI,2000,Kharif,Other Kharif pulses,1,0,0
Haryana,BHIWANI,2000,Kharif,Rice,8159,20000,2.451280794
Haryana,BHIWANI,2000,Kharif,Sesamum,168,0,0
Haryana,BHIWANI,2000,Kharif,Urad,1,0,0
Haryana,BHIWANI,2000,Rabi,Barley,3811,9000,2.361584886
Haryana,BHIWANI,2000,Rabi,Gram,93015,52000,0.559049616
Haryana,BHIWANI,2000,Rabi,Masoor,5,0,0
Haryana,BHIWANI,2000,Rabi,Rapeseed &Mustard,108920,132000,1.211898641
Haryana,BHIWANI,2000,Rabi,Wheat,144036,474000,3.290843956
Haryana,BHIWANI,2000,Whole Year,Dry chillies,312,300,0.961538462
Haryana,BHIWANI,2000,Whole Year,Garlic,7,100,14.28571429
Haryana,BHIWANI,2000,Whole Year,Onion,139,1600,11.51079137
Haryana,BHIWANI,2000,Whole Year,Potato,11,200,18.18181818
Haryana,BHIWANI,2000,Whole Year,Sannhamp,61,100,1.639344262
Haryana,BHIWANI,2000,Whole Year,Sugarcane,1069,50000,46.77268475
Haryana,BHIWANI,2001,Kharif,Arhar/Tur,336,200,0.595238095
Haryana,BHIWANI,2001,Kharif,Bajra,178681,243000,1.359965525
Haryana,BHIWANI,2001,Kharif,Cotton(lint),64668,80000,1.237087895
Haryana,BHIWANI,2001,Kharif,Groundnut,3,0,0
Haryana,BHIWANI,2001,Kharif,Jowar,2947,1000,0.33932813
Haryana,BHIWANI,2001,Kharif,Maize,32,0,0
Haryana,BHIWANI,2001,Kharif,Moong(Green Gram),3105,400,0.128824477
Haryana,BHIWANI,2001,Kharif,Moth,374,100,0.267379679
Haryana,BHIWANI,2001,Kharif,Rice,7422,21000,2.829426031
Haryana,BHIWANI,2001,Kharif,Sesamum,222,0,0
Haryana,BHIWANI,2001,Kharif,Urad,3,0,0
Haryana,BHIWANI,2001,Rabi,Barley,4055,12000,2.959309494
Haryana,BHIWANI,2001,Rabi,Gram,81802,69000,0.843500159
Haryana,BHIWANI,2001,Rabi,Masoor,11,0,0
Haryana,BHIWANI,2001,Rabi,Peas & beans (Pulses),9,0,0
Haryana,BHIWANI,2001,Rabi,Rapeseed &Mustard,133527,183000,1.370509335
Haryana,BHIWANI,2001,Rabi,Wheat,123367,406000,3.29099354
Haryana,BHIWANI,2001,Whole Year,Dry chillies,126,100,0.793650794
Haryana,BHIWANI,2001,Whole Year,Garlic,9,100,11.11111111
Haryana,BHIWANI,2001,Whole Year,Onion,1,0,0
Haryana,BHIWANI,2001,Whole Year,Potato,1225,23700,19.34693878
Haryana,BHIWANI,2001,Whole Year,Sannhamp,84,0,0
Haryana,BHIWANI,2001,Whole Year,Sugarcane,1553,50000,32.19575016
Haryana,BHIWANI,2002,Kharif,Arhar/Tur,1800,8200,4.555555556
Haryana,BHIWANI,2002,Kharif,Bajra,180314,118000,0.654413967
Haryana,BHIWANI,2002,Kharif,Cotton(lint),64628,84000,1.29974624
Haryana,BHIWANI,2002,Kharif,Groundnut,20,0,0
Haryana,BHIWANI,2002,Kharif,Jowar,7582,1000,0.131891322
Haryana,BHIWANI,2002,Kharif,Maize,42,0,0
Haryana,BHIWANI,2002,Kharif,Moong(Green Gram),9436,600,0.063586265
Haryana,BHIWANI,2002,Kharif,Moth,2883,200,0.069372182
Haryana,BHIWANI,2002,Kharif,Rice,6491,19000,2.927129872
Haryana,BHIWANI,2002,Kharif,Sesamum,381,100,0.262467192
Haryana,BHIWANI,2002,Kharif,Urad,157,0,0
Haryana,BHIWANI,2002,Rabi,Barley,6086,16000,2.628984555
Haryana,BHIWANI,2002,Rabi,Gram,25945,16000,0.61668915
Haryana,BHIWANI,2002,Rabi,Masoor,10,0,0
Haryana,BHIWANI,2002,Rabi,Peas & beans (Pulses),2,0,0
Haryana,BHIWANI,2002,Rabi,Rapeseed &Mustard,141780,164000,1.156721681
Haryana,BHIWANI,2002,Rabi,Wheat,127732,425000,3.32727899
Haryana,BHIWANI,2002,Whole Year,Other Fresh Fruits,490,1700,3.469387755
Haryana,BHIWANI,2002,Whole Year,Other Vegetables,1371,14500,10.57622174
Haryana,BHIWANI,2002,Whole Year,Sannhamp,22,0,0
Haryana,BHIWANI,2002,Whole Year,Sugarcane,2949,150000,50.8646999
Haryana,BHIWANI,2003,Kharif,Arhar/Tur,777,600,0.772200772
Haryana,BHIWANI,2003,Kharif,Bajra,184241,243000,1.318924669
Haryana,BHIWANI,2003,Kharif,Cotton(lint),61897,121000,1.954860494
Haryana,BHIWANI,2003,Kharif,Groundnut,16,0,0
Haryana,BHIWANI,2003,Kharif,Horse-gram,169,,
Haryana,BHIWANI,2003,Kharif,Jowar,3650,1000,0.273972603
Haryana,BHIWANI,2003,Kharif,Maize,91,0,0
Haryana,BHIWANI,2003,Kharif,Moong(Green Gram),9124,600,0.065760631
Haryana,BHIWANI,2003,Kharif,Moth,3019,200,0.066247102
Haryana,BHIWANI,2003,Kharif,Rice,9890,23000,2.325581395
Haryana,BHIWANI,2003,Kharif,Sesamum,193,0,0
Haryana,BHIWANI,2003,Kharif,Urad,1,0,0
Haryana,BHIWANI,2003,Rabi,Barley,4905,12000,2.44648318
Haryana,BHIWANI,2003,Rabi,Gram,57445,44000,0.765950039
Haryana,BHIWANI,2003,Rabi,Masoor,20,0,0
Haryana,BHIWANI,2003,Rabi,Peas & beans (Pulses),5,0,0
Haryana,BHIWANI,2003,Rabi,Rapeseed &Mustard,177557,277000,1.560062402
Haryana,BHIWANI,2003,Rabi,Wheat,130308,456000,3.499401418
Haryana,BHIWANI,2003,Whole Year,Dry chillies,110,100,0.909090909
Haryana,BHIWANI,2003,Whole Year,Onion,29,500,17.24137931
Haryana,BHIWANI,2003,Whole Year,Other Fresh Fruits,381,1900,4.98687664
Haryana,BHIWANI,2003,Whole Year,Other Vegetables,1432,15000,10.47486034
Haryana,BHIWANI,2003,Whole Year,Sannhamp,65,0,0
Haryana,BHIWANI,2003,Whole Year,Sugarcane,2581,160000,61.99147617
Haryana,BHIWANI,2004,Kharif,Arhar/Tur,237,200,0.843881857
Haryana,BHIWANI,2004,Kharif,Bajra,181566,188000,1.03543615
Haryana,BHIWANI,2004,Kharif,Cotton(lint),73039,176000,2.409671545
Haryana,BHIWANI,2004,Kharif,Groundnut,100,100,1
Haryana,BHIWANI,2004,Kharif,Jowar,4685,1000,0.213447172
Haryana,BHIWANI,2004,Kharif,Maize,41,,
Haryana,BHIWANI,2004,Kharif,Moong(Green Gram),4513,1600,0.354531354
Haryana,BHIWANI,2004,Kharif,Moth,6388,700,0.109580463
Haryana,BHIWANI,2004,Kharif,Rice,11412,14000,1.226778829
Haryana,BHIWANI,2004,Kharif,Sesamum,332,100,0.301204819
Haryana,BHIWANI,2004,Kharif,Urad,64,,
Haryana,BHIWANI,2004,Rabi,Barley,4246,9000,2.119642016
Haryana,BHIWANI,2004,Rabi,Gram,68189,57000,0.835911951
Haryana,BHIWANI,2004,Rabi,Peas & beans (Pulses),1,,
Haryana,BHIWANI,2004,Rabi,Rapeseed &Mustard,182924,198000,1.082416741
Haryana,BHIWANI,2004,Rabi,Wheat,126605,415000,3.277911615
Haryana,BHIWANI,2004,Whole Year,Onion,36,600,16.66666667
Haryana,BHIWANI,2004,Whole Year,Sugarcane,1425,50000,35.0877193
Haryana,BHIWANI,2005,Kharif,Arhar/Tur,764,800,1.047120419
Haryana,BHIWANI,2005,Kharif,Bajra,222539,153000,0.68751994
Haryana,BHIWANI,2005,Kharif,Cotton(lint),60491,105000,1.735795408
Haryana,BHIWANI,2005,Kharif,Groundnut,1108,900,0.812274368
Haryana,BHIWANI,2005,Kharif,Horse-gram,64,,
Haryana,BHIWANI,2005,Kharif,Jowar,3155,1000,0.316957211
Haryana,BHIWANI,2005,Kharif,Maize,74,,
Haryana,BHIWANI,2005,Kharif,Moong(Green Gram),4767,2000,0.41955108
Haryana,BHIWANI,2005,Kharif,Moth,919,100,0.108813928
Haryana,BHIWANI,2005,Kharif,Rice,12526,25000,1.995848635
Haryana,BHIWANI,2005,Kharif,Sesamum,196,,
Haryana,BHIWANI,2005,Rabi,Barley,4900,12000,2.448979592
Haryana,BHIWANI,2005,Rabi,Gram,81696,43000,0.526341559
Haryana,BHIWANI,2005,Rabi,Peas & beans (Pulses),48,,
Haryana,BHIWANI,2005,Rabi,Rapeseed &Mustard,178999,200000,1.117324678
Haryana,BHIWANI,2005,Rabi,Wheat,118627,39000,0.32876158
Haryana,BHIWANI,2005,Whole Year,Dry chillies,89,100,1.123595506
Haryana,BHIWANI,2005,Whole Year,Sannhamp,52,,
Haryana,BHIWANI,2005,Whole Year,Sugarcane,1668,120000,71.94244604
Haryana,BHIWANI,2006,Kharif,Bajra,184722,248000,1.342558006
Haryana,BHIWANI,2006,Kharif,Castor seed,133,100,0.751879699
Haryana,BHIWANI,2006,Kharif,Cotton(lint),48614,103000,2.11873123
Haryana,BHIWANI,2006,Kharif,Jowar,2700,1000,0.37037037
Haryana,BHIWANI,2006,Kharif,Maize,56,,
Haryana,BHIWANI,2006,Kharif,Moong(Green Gram),6324,2800,0.442757748
Haryana,BHIWANI,2006,Kharif,Rice,13666,26000,1.902531831
Haryana,BHIWANI,2006,Kharif,Sesamum,648,200,0.308641975
Haryana,BHIWANI,2006,Rabi,Barley,5849,18000,3.077449137
Haryana,BHIWANI,2006,Rabi,Gram,69859,56000,0.801614681
Haryana,BHIWANI,2006,Rabi,Masoor,2,,
Haryana,BHIWANI,2006,Rabi,Rapeseed &Mustard,160303,206000,1.285066405
Haryana,BHIWANI,2006,Rabi,Wheat,133153,527000,3.957852996
Haryana,BHIWANI,2006,Whole Year,Sannhamp,52,,
Haryana,BHIWANI,2006,Whole Year,Sugarcane,1752,104000,59.36073059
Haryana,BHIWANI,2007,Kharif,Arhar/Tur,1014,1000,0.986193294
Haryana,BHIWANI,2007,Kharif,Bajra,175988,263000,1.494420074
Haryana,BHIWANI,2007,Kharif,Castor seed,68,100,1.470588235
Haryana,BHIWANI,2007,Kharif,Cotton(lint),37338,99000,2.651454283
Haryana,BHIWANI,2007,Kharif,Groundnut,52,,
Haryana,BHIWANI,2007,Kharif,Horse-gram,75,,
Haryana,BHIWANI,2007,Kharif,Jowar,3958,2000,0.50530571
Haryana,BHIWANI,2007,Kharif,Maize,49,,
Haryana,BHIWANI,2007,Kharif,Moong(Green Gram),3945,1600,0.405576679
Haryana,BHIWANI,2007,Kharif,Moth,1009,100,0.099108028
Haryana,BHIWANI,2007,Kharif,Rice,14818,40000,2.699419625
Haryana,BHIWANI,2007,Kharif,Sesamum,243,100,0.411522634
Haryana,BHIWANI,2007,Rabi,Barley,9976,26000,2.606255012
Haryana,BHIWANI,2007,Rabi,Gram,71657,32000,0.446571863
Haryana,BHIWANI,2007,Rabi,Peas & beans (Pulses),30,,
Haryana,BHIWANI,2007,Rabi,Rapeseed &Mustard,137442,143000,1.040438876
Haryana,BHIWANI,2007,Rabi,Wheat,153151,519000,3.388812349
Haryana,BHIWANI,2007,Whole Year,Dry chillies,7,100,14.28571429
Haryana,BHIWANI,2007,Whole Year,Garlic,1,,
Haryana,BHIWANI,2007,Whole Year,Onion,13,300,23.07692308
Haryana,BHIWANI,2007,Whole Year,Potato,2,,
Haryana,BHIWANI,2007,Whole Year,Sannhamp,19,,
Haryana,BHIWANI,2007,Whole Year,Sugarcane,1859,120000,64.55083378
Haryana,BHIWANI,2008,Kharif,Arhar/Tur,2669,2700,1.011614837
Haryana,BHIWANI,2008,Kharif,Bajra,174597,242000,1.386049016
Haryana,BHIWANI,2008,Kharif,Castor seed,41,,
Haryana,BHIWANI,2008,Kharif,Cotton(lint),29815,74000,2.481972162
Haryana,BHIWANI,2008,Kharif,Groundnut,50,100,2
Haryana,BHIWANI,2008,Kharif,Jowar,5957,3000,0.503609199
Haryana,BHIWANI,2008,Kharif,Maize,25,,
Haryana,BHIWANI,2008,Kharif,Moong(Green Gram),3876,1700,0.438596491
Haryana,BHIWANI,2008,Kharif,Moth,1394,200,0.143472023
Haryana,BHIWANI,2008,Kharif,Rice,21217,45000,2.120940755
Haryana,BHIWANI,2008,Kharif,Sesamum,495,200,0.404040404
Haryana,BHIWANI,2008,Rabi,Barley,12816,40000,3.121098627
Haryana,BHIWANI,2008,Rabi,Gram,76802,84000,1.093721518
Haryana,BHIWANI,2008,Rabi,Peas & beans (Pulses),22,,
Haryana,BHIWANI,2008,Rabi,Rapeseed &Mustard,139801,214000,1.530747276
Haryana,BHIWANI,2008,Rabi,Wheat,151257,598000,3.953536035
Haryana,BHIWANI,2008,Whole Year,Dry chillies,136,1600,11.76470588
Haryana,BHIWANI,2008,Whole Year,Garlic,1,,
Haryana,BHIWANI,2008,Whole Year,Onion,2,,
Haryana,BHIWANI,2008,Whole Year,Sannhamp,92,,
Haryana,BHIWANI,2008,Whole Year,Sugarcane,1217,61000,50.1232539
Haryana,BHIWANI,2009,Kharif,Arhar/Tur,1296,1300,1.00308642
Haryana,BHIWANI,2009,Kharif,Bajra,172121,181000,1.051585803
Haryana,BHIWANI,2009,Kharif,Castor seed,9,,
Haryana,BHIWANI,2009,Kharif,Cotton(lint),32829,88000,2.680556825
Haryana,BHIWANI,2009,Kharif,Groundnut,1,,
Haryana,BHIWANI,2009,Kharif,Jowar,6829,40,0.005857373
Haryana,BHIWANI,2009,Kharif,Maize,52,,
Haryana,BHIWANI,2009,Kharif,Moong(Green Gram),2540,1100,0.433070866
Haryana,BHIWANI,2009,Kharif,Moth,1154,200,0.173310225
Haryana,BHIWANI,2009,Kharif,Rice,19028,44000,2.312381753
Haryana,BHIWANI,2009,Kharif,Sesamum,512,200,0.390625
Haryana,BHIWANI,2009,Rabi,Barley,10691,35000,3.273781686
Haryana,BHIWANI,2009,Rabi,Gram,58116,42000,0.722692546
Haryana,BHIWANI,2009,Rabi,Wheat,156606,561000,3.582238228
Haryana,BHIWANI,2009,Whole Year,Sugarcane,909,83000,91.30913091
Haryana,BHIWANI,2010,Kharif,Arhar/Tur,2684,2900,1.0804769
Haryana,BHIWANI,2010,Kharif,Bajra,199982,326000,1.630146713
Haryana,BHIWANI,2010,Kharif,Castor seed,27,,
Haryana,BHIWANI,2010,Kharif,Cotton(lint),34882,106000,3.038816582
Haryana,BHIWANI,2010,Kharif,Groundnut,9,,
Haryana,BHIWANI,2010,Kharif,Maize,35,,
Haryana,BHIWANI,2010,Kharif,Moong(Green Gram),5211,2300,0.441374017
Haryana,BHIWANI,2010,Kharif,Moth,3162,700,0.221378874
Haryana,BHIWANI,2010,Kharif,Other Kharif pulses,830,,
Haryana,BHIWANI,2010,Kharif,Rice,21314,44000,2.064370836
Haryana,BHIWANI,2010,Kharif,Sesamum,804,300,0.373134328
Haryana,BHIWANI,2010,Rabi,Barley,9859,32000,3.245765291
Haryana,BHIWANI,2010,Rabi,Gram,67898,66000,0.972046305
Haryana,BHIWANI,2010,Rabi,Masoor,9,,
Haryana,BHIWANI,2010,Rabi,Rapeseed &Mustard,137885,238000,1.726076078
Haryana,BHIWANI,2010,Rabi,Wheat,158991,710000,4.465661578
Haryana,BHIWANI,2010,Whole Year,Sannhamp,27,,
Haryana,BHIWANI,2010,Whole Year,Sugarcane,1047,9000,8.595988539
Haryana,BHIWANI,2011,Kharif,Arhar/Tur,2583,2500,0.967866822
Haryana,BHIWANI,2011,Kharif,Bajra,170872,298000,1.743995505
Haryana,BHIWANI,2011,Kharif,Castor seed,17,,
Haryana,BHIWANI,2011,Kharif,Cotton(lint),59565,216000,3.626290607
Haryana,BHIWANI,2011,Kharif,Groundnut,33,,
Haryana,BHIWANI,2011,Kharif,Maize,35,,
Haryana,BHIWANI,2011,Kharif,Moong(Green Gram),3166,1500,0.473783955
Haryana,BHIWANI,2011,Kharif,Moth,1319,300,0.227445034
Haryana,BHIWANI,2011,Kharif,Other Kharif pulses,323,,
Haryana,BHIWANI,2011,Kharif,Rice,17520,46000,2.625570776
Haryana,BHIWANI,2011,Kharif,Sannhamp,15,,
Haryana,BHIWANI,2011,Kharif,Sesamum,301,100,0.332225914
Haryana,BHIWANI,2011,Rabi,Barley,12812,43000,3.356228536
Haryana,BHIWANI,2011,Rabi,Gram,46915,42000,0.895236065
Haryana,BHIWANI,2011,Rabi,Rapeseed &Mustard,169808,204000,1.201356827
Haryana,BHIWANI,2011,Rabi,Wheat,151368,650000,4.294170498
Haryana,BHIWANI,2011,Whole Year,Sugarcane,2462,16000,6.498781478
Haryana,BHIWANI,2012,Kharif,Arhar/Tur,820,1014,1.236585366
Haryana,BHIWANI,2012,Kharif,Bajra,88740,123000,1.38607167
Haryana,BHIWANI,2012,Kharif,Castor seed,36,17,0.472222222
Haryana,BHIWANI,2012,Kharif,Cotton(lint),62612,231000,3.689388616
Haryana,BHIWANI,2012,Kharif,Groundnut,16,13,0.8125
Haryana,BHIWANI,2012,Kharif,Maize,74,,
Haryana,BHIWANI,2012,Kharif,Moong(Green Gram),1762,849,0.48183882
Haryana,BHIWANI,2012,Kharif,Moth,239,60,0.251046025
Haryana,BHIWANI,2012,Kharif,Rice,14981,40000,2.670048728
Haryana,BHIWANI,2012,Kharif,Sannhamp,19,9,0.473684211
Haryana,BHIWANI,2012,Kharif,Sesamum,91,32,0.351648352
Haryana,BHIWANI,2012,Rabi,Barley,12209,39000,3.194364813
Haryana,BHIWANI,2012,Rabi,Gram,25576,29000,1.133875508
Haryana,BHIWANI,2012,Rabi,Masoor,1,,
Haryana,BHIWANI,2012,Rabi,Rapeseed &Mustard,162459,265100,1.63179633
Haryana,BHIWANI,2012,Rabi,Wheat,162442,657000,4.044520506
Haryana,BHIWANI,2012,Whole Year,Dry chillies,90,900,10
Haryana,BHIWANI,2012,Whole Year,Garlic,6,100,16.66666667
Haryana,BHIWANI,2012,Whole Year,Guar seed,160849,120675,0.750237801
Haryana,BHIWANI,2012,Whole Year,Sugarcane,2463,128000,51.96914332
Haryana,FARIDABAD,1997,Kharif,Bajra,19000,22000,1.157894737
Haryana,FARIDABAD,1997,Kharif,Jowar,28000,8000,0.285714286
Haryana,FARIDABAD,1997,Kharif,Maize,1000,2000,2
Haryana,FARIDABAD,1997,Kharif,Other Kharif pulses,6800,4500,0.661764706
Haryana,FARIDABAD,1997,Kharif,Rice,21000,59000,2.80952381
Haryana,FARIDABAD,1997,Rabi,Barley,2000,5000,2.5
Haryana,FARIDABAD,1997,Rabi,Other  Rabi pulses,6000,2000,0.333333333
Haryana,FARIDABAD,1997,Rabi,Wheat,119000,449000,3.773109244
Haryana,FARIDABAD,1997,Whole Year,Sugarcane,9000,380000,42.22222222
Haryana,FARIDABAD,1998,Kharif,Arhar/Tur,2952,2600,0.880758808
Haryana,FARIDABAD,1998,Kharif,Bajra,15532,16000,1.030131342
Haryana,FARIDABAD,1998,Kharif,Cotton(lint),148,,
Haryana,FARIDABAD,1998,Kharif,Jowar,21027,4000,0.190231607
Haryana,FARIDABAD,1998,Kharif,Maize,323,,
Haryana,FARIDABAD,1998,Kharif,Moong(Green Gram),368,100,0.27173913
Haryana,FARIDABAD,1998,Kharif,Moth,1992,400,0.200803213
Haryana,FARIDABAD,1998,Kharif,Rice,30124,70000,2.323728589
Haryana,FARIDABAD,1998,Kharif,Sesamum,533,100,0.187617261
Haryana,FARIDABAD,1998,Kharif,Urad,215,,
Haryana,FARIDABAD,1998,Rabi,Barley,3024,7000,2.314814815
Haryana,FARIDABAD,1998,Rabi,Gram,108,,
Haryana,FARIDABAD,1998,Rabi,Masoor,365,200,0.547945205
Haryana,FARIDABAD,1998,Rabi,Peas & beans (Pulses),115,100,0.869565217
Haryana,FARIDABAD,1998,Rabi,Rapeseed &Mustard,5791,8000,1.38145398
Haryana,FARIDABAD,1998,Rabi,Wheat,128881,459000,3.56142488
Haryana,FARIDABAD,1998,Whole Year,Dry chillies,47,,
Haryana,FARIDABAD,1998,Whole Year,Onion,1,,
Haryana,FARIDABAD,1998,Whole Year,Potato,383,5700,14.88250653
Haryana,FARIDABAD,1998,Whole Year,Sugarcane,6093,250000,41.03069096
Haryana,FARIDABAD,1998,Whole Year,Sweet potato,7,100,14.28571429
Haryana,FARIDABAD,1999,Kharif,Arhar/Tur,3077,2300,0.747481313
Haryana,FARIDABAD,1999,Kharif,Bajra,15274,15000,0.982061019
Haryana,FARIDABAD,1999,Kharif,Cotton(lint),98,0,0
Haryana,FARIDABAD,1999,Kharif,Jowar,19892,3000,0.150814398
Haryana,FARIDABAD,1999,Kharif,Maize,791,2000,2.528445006
Haryana,FARIDABAD,1999,Kharif,Moong(Green Gram),301,0,0
Haryana,FARIDABAD,1999,Kharif,Rice,28820,58000,2.012491325
Haryana,FARIDABAD,1999,Kharif,Sesamum,703,0,0
Haryana,FARIDABAD,1999,Rabi,Barley,2790,6000,2.150537634
Haryana,FARIDABAD,1999,Rabi,Gram,80,0,0
Haryana,FARIDABAD,1999,Rabi,Masoor,297,100,0.336700337
Haryana,FARIDABAD,1999,Rabi,Peas & beans (Pulses),50,,
Haryana,FARIDABAD,1999,Rabi,Rapeseed &Mustard,5327,7000,1.314060447
Haryana,FARIDABAD,1999,Rabi,Sunflower,3,,
Haryana,FARIDABAD,1999,Rabi,Wheat,130923,545000,4.162752152
Haryana,FARIDABAD,1999,Whole Year,Dry chillies,137,100,0.729927007
Haryana,FARIDABAD,1999,Whole Year,Onion,1,,
Haryana,FARIDABAD,1999,Whole Year,Potato,120,1900,15.83333333
Haryana,FARIDABAD,1999,Whole Year,Sugarcane,8326,410000,49.24333413
Haryana,FARIDABAD,2000,Kharif,Arhar/Tur,3287,2500,0.76057195
Haryana,FARIDABAD,2000,Kharif,Bajra,14162,19000,1.341618415
Haryana,FARIDABAD,2000,Kharif,Cotton(lint),87,0,0
Haryana,FARIDABAD,2000,Kharif,Jowar,18461,5000,0.270841233
Haryana,FARIDABAD,2000,Kharif,Maize,764,2000,2.617801047
Haryana,FARIDABAD,2000,Kharif,Moong(Green Gram),319,0,0
Haryana,FARIDABAD,2000,Kharif,Other Kharif pulses,2761,500,0.181093807
Haryana,FARIDABAD,2000,Kharif,Rice,28959,80000,2.76252633
Haryana,FARIDABAD,2000,Kharif,Sesamum,456,100,0.219298246
Haryana,FARIDABAD,2000,Kharif,Urad,162,0,0
Haryana,FARIDABAD,2000,Rabi,Barley,1913,6000,3.136434919
Haryana,FARIDABAD,2000,Rabi,Gram,5,0,0
Haryana,FARIDABAD,2000,Rabi,Masoor,34,0,0
Haryana,FARIDABAD,2000,Rabi,Peas & beans (Pulses),28,0,0
Haryana,FARIDABAD,2000,Rabi,Rapeseed &Mustard,3801,6000,1.578531965
Haryana,FARIDABAD,2000,Rabi,Wheat,133898,539000,4.02545221
Haryana,FARIDABAD,2000,Whole Year,Dry chillies,137,100,0.729927007
Haryana,FARIDABAD,2000,Whole Year,Garlic,3,0,0
Haryana,FARIDABAD,2000,Whole Year,Potato,66,1000,15.15151515
Haryana,FARIDABAD,2000,Whole Year,Sannhamp,1,0,0
Haryana,FARIDABAD,2000,Whole Year,Sugarcane,7418,360000,48.53060124
Haryana,FARIDABAD,2000,Whole Year,Sweet potato,9,100,11.11111111
Haryana,FARIDABAD,2001,Kharif,Arhar/Tur,3519,2800,0.795680591
Haryana,FARIDABAD,2001,Kharif,Bajra,13056,19000,1.455269608
Haryana,FARIDABAD,2001,Kharif,Cotton(lint),52,,
Haryana,FARIDABAD,2001,Kharif,Jowar,17739,4000,0.225491854
Haryana,FARIDABAD,2001,Kharif,Maize,931,3000,3.222341568
Haryana,FARIDABAD,2001,Kharif,Moong(Green Gram),391,100,0.255754476
Haryana,FARIDABAD,2001,Kharif,Rice,31274,88000,2.813838972
Haryana,FARIDABAD,2001,Kharif,Sesamum,553,100,0.180831826
Haryana,FARIDABAD,2001,Kharif,Urad,157,0,0
Haryana,FARIDABAD,2001,Rabi,Barley,1825,6000,3.287671233
Haryana,FARIDABAD,2001,Rabi,Gram,10,0,0
Haryana,FARIDABAD,2001,Rabi,Masoor,9,0,0
Haryana,FARIDABAD,2001,Rabi,Peas & beans (Pulses),9,0,0
Haryana,FARIDABAD,2001,Rabi,Rapeseed &Mustard,4554,9000,1.976284585
Haryana,FARIDABAD,2001,Rabi,Wheat,132332,520000,3.929510625
Haryana,FARIDABAD,2001,Whole Year,Dry chillies,167,300,1.796407186
Haryana,FARIDABAD,2001,Whole Year,Onion,9,100,11.11111111
Haryana,FARIDABAD,2001,Whole Year,Potato,214,4400,20.56074766
Haryana,FARIDABAD,2001,Whole Year,Sannhamp,1496,600,0.401069519
Haryana,FARIDABAD,2001,Whole Year,Sugarcane,6596,370000,56.09460279
Haryana,FARIDABAD,2001,Whole Year,Sweet potato,19,0,0
Haryana,FARIDABAD,2002,Kharif,Arhar/Tur,4925,3800,0.771573604
Haryana,FARIDABAD,2002,Kharif,Bajra,5787,7000,1.209607741
Haryana,FARIDABAD,2002,Kharif,Cotton(lint),236,0,0
Haryana,FARIDABAD,2002,Kharif,Jowar,24615,5000,0.203128174
Haryana,FARIDABAD,2002,Kharif,Maize,797,2000,2.509410289
Haryana,FARIDABAD,2002,Kharif,Moong(Green Gram),109,0,0
Haryana,FARIDABAD,2002,Kharif,Rice,18092,48000,2.653106345
Haryana,FARIDABAD,2002,Kharif,Urad,43,0,0
Haryana,FARIDABAD,2002,Rabi,Barley,1678,6000,3.57568534
Haryana,FARIDABAD,2002,Rabi,Gram,5,0,0
Haryana,FARIDABAD,2002,Rabi,Masoor,21,0,0
Haryana,FARIDABAD,2002,Rabi,Peas & beans (Pulses),39,0,0
Haryana,FARIDABAD,2002,Rabi,Rapeseed &Mustard,6452,9000,1.394916305
Haryana,FARIDABAD,2002,Rabi,Wheat,128491,526000,4.09367193
Haryana,FARIDABAD,2002,Whole Year,Banana,2,0,0
Haryana,FARIDABAD,2002,Whole Year,Other Fresh Fruits,971,7800,8.032955716
Haryana,FARIDABAD,2002,Whole Year,Other Vegetables,3894,19400,4.982023626
Haryana,FARIDABAD,2002,Whole Year,Potato,347,6600,19.02017291
Haryana,FARIDABAD,2002,Whole Year,Sugarcane,7753,400000,51.59293177
Haryana,FARIDABAD,2002,Whole Year,Sweet potato,2,0,0
Haryana,FARIDABAD,2003,Kharif,Arhar/Tur,3593,4400,1.224603395
Haryana,FARIDABAD,2003,Kharif,Bajra,10233,14000,1.36812274
Haryana,FARIDABAD,2003,Kharif,Cotton(lint),105,0,0
Haryana,FARIDABAD,2003,Kharif,Groundnut,2,0,0
Haryana,FARIDABAD,2003,Kharif,Horse-gram,3520,600,0.170454545
Haryana,FARIDABAD,2003,Kharif,Jowar,17116,4000,0.233699462
Haryana,FARIDABAD,2003,Kharif,Maize,202,0,0
Haryana,FARIDABAD,2003,Kharif,Moong(Green Gram),322,100,0.310559006
Haryana,FARIDABAD,2003,Kharif,Rice,28333,78000,2.752973564
Haryana,FARIDABAD,2003,Kharif,Sesamum,479,100,0.208768267
Haryana,FARIDABAD,2003,Kharif,Urad,126,0,0
Haryana,FARIDABAD,2003,Rabi,Barley,1470,4000,2.721088435
Haryana,FARIDABAD,2003,Rabi,Gram,7,0,0
Haryana,FARIDABAD,2003,Rabi,Masoor,58,0,0
Haryana,FARIDABAD,2003,Rabi,Peas & beans (Pulses),25,0,0
Haryana,FARIDABAD,2003,Rabi,Rapeseed &Mustard,5532,9000,1.626898048
Haryana,FARIDABAD,2003,Rabi,Wheat,131447,520000,3.955967044
Haryana,FARIDABAD,2003,Whole Year,Banana,5,0,0
Haryana,FARIDABAD,2003,Whole Year,Other Fresh Fruits,859,4400,5.122235157
Haryana,FARIDABAD,2003,Whole Year,Other Vegetables,3903,19300,4.944914169
Haryana,FARIDABAD,2003,Whole Year,Potato,251,4900,19.52191235
Haryana,FARIDABAD,2003,Whole Year,Sugarcane,7174,340000,47.39336493
Haryana,FARIDABAD,2004,Kharif,Arhar/Tur,3460,2800,0.809248555
Haryana,FARIDABAD,2004,Kharif,Bajra,10363,12000,1.15796584
Haryana,FARIDABAD,2004,Kharif,Cotton(lint),210,,
Haryana,FARIDABAD,2004,Kharif,Groundnut,3,,
Haryana,FARIDABAD,2004,Kharif,Jowar,14836,4000,0.269614451
Haryana,FARIDABAD,2004,Kharif,Maize,245,,
Haryana,FARIDABAD,2004,Kharif,Moong(Green Gram),264,100,0.378787879
Haryana,FARIDABAD,2004,Kharif,Rice,28255,68000,2.40665369
Haryana,FARIDABAD,2004,Kharif,Sesamum,279,100,0.358422939
Haryana,FARIDABAD,2004,Kharif,Urad,92,,
Haryana,FARIDABAD,2004,Rabi,Barley,1747,5000,2.862049227
Haryana,FARIDABAD,2004,Rabi,Gram,2,,
Haryana,FARIDABAD,2004,Rabi,Masoor,113,,
Haryana,FARIDABAD,2004,Rabi,Peas & beans (Pulses),27,,
Haryana,FARIDABAD,2004,Rabi,Rapeseed &Mustard,5203,6000,1.153180857
Haryana,FARIDABAD,2004,Rabi,Wheat,135774,526000,3.874084876
Haryana,FARIDABAD,2004,Whole Year,Potato,255,4800,18.82352941
Haryana,FARIDABAD,2004,Whole Year,Sugarcane,5833,290000,49.71712669
Haryana,FARIDABAD,2005,Kharif,Arhar/Tur,2721,2000,0.735023888
Haryana,FARIDABAD,2005,Kharif,Bajra,8654,13000,1.502195517
Haryana,FARIDABAD,2005,Kharif,Cotton(lint),258,,
Haryana,FARIDABAD,2005,Kharif,Groundnut,1,,
Haryana,FARIDABAD,2005,Kharif,Horse-gram,1767,500,0.282965478
Haryana,FARIDABAD,2005,Kharif,Jowar,8650,2000,0.231213873
Haryana,FARIDABAD,2005,Kharif,Maize,47,,
Haryana,FARIDABAD,2005,Kharif,Moong(Green Gram),2278,1100,0.482879719
Haryana,FARIDABAD,2005,Kharif,Rice,26376,70000,2.653927813
Haryana,FARIDABAD,2005,Kharif,Sesamum,309,100,0.323624595
Haryana,FARIDABAD,2005,Kharif,Urad,7,,
Haryana,FARIDABAD,2005,Rabi,Barley,1191,3000,2.518891688
Haryana,FARIDABAD,2005,Rabi,Gram,35,,
Haryana,FARIDABAD,2005,Rabi,Masoor,9,,
Haryana,FARIDABAD,2005,Rabi,Peas & beans (Pulses),16,,
Haryana,FARIDABAD,2005,Rabi,Rapeseed &Mustard,4925,8000,1.624365482
Haryana,FARIDABAD,2005,Rabi,Wheat,104549,383000,3.663354025
Haryana,FARIDABAD,2005,Whole Year,Onion,12,200,16.66666667
Haryana,FARIDABAD,2005,Whole Year,Potato,249,4700,18.87550201
Haryana,FARIDABAD,2005,Whole Year,Sugarcane,5184,240000,46.2962963
Haryana,FARIDABAD,2005,Whole Year,Sweet potato,11,200,18.18181818
Haryana,FARIDABAD,2006,Kharif,Arhar/Tur,2590,1900,0.733590734
Haryana,FARIDABAD,2006,Kharif,Bajra,8868,16000,1.804239964
Haryana,FARIDABAD,2006,Kharif,Cotton(lint),178,,
Haryana,FARIDABAD,2006,Kharif,Groundnut,2,,
Haryana,FARIDABAD,2006,Kharif,Horse-gram,1528,400,0.261780105
Haryana,FARIDABAD,2006,Kharif,Jowar,8967,3000,0.334560054
Haryana,FARIDABAD,2006,Kharif,Maize,89,,
Haryana,FARIDABAD,2006,Kharif,Moong(Green Gram),203,100,0.492610837
Haryana,FARIDABAD,2006,Kharif,Rice,27360,84000,3.070175439
Haryana,FARIDABAD,2006,Kharif,Sesamum,224,100,0.446428571
Haryana,FARIDABAD,2006,Kharif,Urad,7,,
Haryana,FARIDABAD,2006,Rabi,Barley,1699,7000,4.12007063
Haryana,FARIDABAD,2006,Rabi,Gram,11,,
Haryana,FARIDABAD,2006,Rabi,Masoor,16,,
Haryana,FARIDABAD,2006,Rabi,Peas & beans (Pulses),8,,
Haryana,FARIDABAD,2006,Rabi,Rapeseed &Mustard,4220,6000,1.421800948
Haryana,FARIDABAD,2006,Rabi,Wheat,104820,389000,3.711123831
Haryana,FARIDABAD,2006,Whole Year,Dry chillies,5,,
Haryana,FARIDABAD,2006,Whole Year,Onion,1,,
Haryana,FARIDABAD,2006,Whole Year,Potato,183,3500,19.12568306
Haryana,FARIDABAD,2006,Whole Year,Sugarcane,5425,267000,49.21658986
Haryana,FARIDABAD,2007,Kharif,Arhar/Tur,2264,2000,0.883392226
Haryana,FARIDABAD,2007,Kharif,Bajra,9763,17000,1.741268053
Haryana,FARIDABAD,2007,Kharif,Cotton(lint),130,,
Haryana,FARIDABAD,2007,Kharif,Groundnut,2,,
Haryana,FARIDABAD,2007,Kharif,Jowar,10044,5000,0.497809638
Haryana,FARIDABAD,2007,Kharif,Maize,67,,
Haryana,FARIDABAD,2007,Kharif,Moong(Green Gram),3431,1700,0.495482367
Haryana,FARIDABAD,2007,Kharif,Other Kharif pulses,2698,1100,0.407709414
Haryana,FARIDABAD,2007,Kharif,Rice,29214,94000,3.21763538
Haryana,FARIDABAD,2007,Kharif,Sesamum,194,100,0.515463918
Haryana,FARIDABAD,2007,Kharif,Urad,35,,
Haryana,FARIDABAD,2007,Rabi,Barley,1130,3000,2.654867257
Haryana,FARIDABAD,2007,Rabi,Gram,4,,
Haryana,FARIDABAD,2007,Rabi,Masoor,2,,
Haryana,FARIDABAD,2007,Rabi,Peas & beans (Pulses),8,,
Haryana,FARIDABAD,2007,Rabi,Rapeseed &Mustard,3490,5000,1.432664756
Haryana,FARIDABAD,2007,Rabi,Wheat,103867,485000,4.669433025
Haryana,FARIDABAD,2007,Whole Year,Sugarcane,4820,290000,60.1659751
Haryana,FARIDABAD,2008,Kharif,Arhar/Tur,736,700,0.951086957
Haryana,FARIDABAD,2008,Kharif,Bajra,4313,7000,1.623000232
Haryana,FARIDABAD,2008,Kharif,Cotton(lint),5,,
Haryana,FARIDABAD,2008,Kharif,Jowar,2032,1000,0.492125984
Haryana,FARIDABAD,2008,Kharif,Maize,16,,
Haryana,FARIDABAD,2008,Kharif,Moong(Green Gram),29,,
Haryana,FARIDABAD,2008,Kharif,Rice,8447,22000,2.604474962
Haryana,FARIDABAD,2008,Kharif,Sesamum,38,,
Haryana,FARIDABAD,2008,Rabi,Barley,364,3000,8.241758242
Haryana,FARIDABAD,2008,Rabi,Rapeseed &Mustard,845,2000,2.366863905
Haryana,FARIDABAD,2008,Rabi,Wheat,33660,159000,4.723707665
Haryana,FARIDABAD,2008,Whole Year,Potato,85,1900,22.35294118
Haryana,FARIDABAD,2008,Whole Year,Sugarcane,906,54000,59.60264901
Haryana,FARIDABAD,2009,Kharif,Arhar/Tur,301,300,0.996677741
Haryana,FARIDABAD,2009,Kharif,Bajra,3653,6000,1.642485628
Haryana,FARIDABAD,2009,Kharif,Jowar,1866,10,0.005359057
Haryana,FARIDABAD,2009,Kharif,Moong(Green Gram),3,,
Haryana,FARIDABAD,2009,Kharif,Moth,601,300,0.499168053
Haryana,FARIDABAD,2009,Kharif,Rice,9560,24000,2.510460251
Haryana,FARIDABAD,2009,Kharif,Sesamum,50,,
Haryana,FARIDABAD,2009,Rabi,Barley,293,,
Haryana,FARIDABAD,2009,Rabi,Wheat,33850,136000,4.017725258
Haryana,FARIDABAD,2009,Whole Year,Potato,74,1600,21.62162162
Haryana,FARIDABAD,2009,Whole Year,Sugarcane,801,54000,67.41573034
Haryana,FARIDABAD,2010,Kharif,Bajra,4384,5000,1.140510949
Haryana,FARIDABAD,2010,Kharif,Cotton(lint),8,,
Haryana,FARIDABAD,2010,Kharif,Groundnut,1,,
Haryana,FARIDABAD,2010,Kharif,Jowar,1930,1000,0.518134715
Haryana,FARIDABAD,2010,Kharif,Maize,3,,
Haryana,FARIDABAD,2010,Kharif,Moong(Green Gram),283,200,0.706713781
Haryana,FARIDABAD,2010,Kharif,Other Kharif pulses,509,,
Haryana,FARIDABAD,2010,Kharif,Rice,9550,18000,1.884816754
Haryana,FARIDABAD,2010,Kharif,Sesamum,169,100,0.591715976
Haryana,FARIDABAD,2010,Kharif,Urad,4,,
Haryana,FARIDABAD,2010,Rabi,Barley,337,,
Haryana,FARIDABAD,2010,Rabi,Gram,2,,
Haryana,FARIDABAD,2010,Rabi,Rapeseed &Mustard,935,2000,2.139037433
Haryana,FARIDABAD,2010,Rabi,Wheat,31683,145000,4.576586813
Haryana,FARIDABAD,2010,Whole Year,Sugarcane,809,5000,6.180469716
Haryana,FARIDABAD,2010,Whole Year,Sweet potato,4,,
Haryana,FARIDABAD,2011,Kharif,Arhar/Tur,233,200,0.858369099
Haryana,FARIDABAD,2011,Kharif,Bajra,3925,6000,1.52866242
Haryana,FARIDABAD,2011,Kharif,Cotton(lint),57,,
Haryana,FARIDABAD,2011,Kharif,Jowar,864,1000,1.157407407
Haryana,FARIDABAD,2011,Kharif,Maize,49,,
Haryana,FARIDABAD,2011,Kharif,Moong(Green Gram),9,,
Haryana,FARIDABAD,2011,Kharif,Rice,11554,28000,2.42340315
Haryana,FARIDABAD,2011,Kharif,Sesamum,91,,
Haryana,FARIDABAD,2011,Kharif,Urad,5,,
Haryana,FARIDABAD,2011,Rabi,Peas & beans (Pulses),8,,
Haryana,FARIDABAD,2011,Rabi,Rapeseed &Mustard,746,2000,2.680965147
Haryana,FARIDABAD,2011,Rabi,Wheat,30475,150000,4.922067268
Haryana,FARIDABAD,2011,Whole Year,Sugarcane,579,8000,13.81692573
Haryana,FARIDABAD,2012,Kharif,Arhar/Tur,174,201,1.155172414
Haryana,FARIDABAD,2012,Kharif,Bajra,3477,5000,1.438021283
Haryana,FARIDABAD,2012,Kharif,Cotton(lint),122,,
Haryana,FARIDABAD,2012,Kharif,Jowar,616,500,0.811688312
Haryana,FARIDABAD,2012,Kharif,Rice,10709,25000,2.334485013
Haryana,FARIDABAD,2012,Kharif,Sesamum,49,19,0.387755102
Haryana,FARIDABAD,2012,Kharif,Urad,2,,
Haryana,FARIDABAD,2012,Rabi,Barley,302,,
Haryana,FARIDABAD,2012,Rabi,Gram,14,,
Haryana,FARIDABAD,2012,Rabi,Rapeseed &Mustard,590,1000,1.694915254
Haryana,FARIDABAD,2012,Rabi,Wheat,31055,141000,4.54033167
Haryana,FARIDABAD,2012,Whole Year,Sugarcane,668,74000,110.7784431
Haryana,FATEHABAD,1997,Kharif,Bajra,11000,17000,1.545454545
Haryana,FATEHABAD,1997,Kharif,Other Kharif pulses,1700,1300,0.764705882
Haryana,FATEHABAD,1997,Kharif,Rice,52000,184000,3.538461538
Haryana,FATEHABAD,1997,Rabi,Barley,7000,15000,2.142857143
Haryana,FATEHABAD,1997,Rabi,Gram,13000,11000,0.846153846
Haryana,FATEHABAD,1997,Rabi,Wheat,161000,625000,3.881987578
Haryana,FATEHABAD,1997,Whole Year,Cotton(lint),108000,194000,1.796296296
Haryana,FATEHABAD,1997,Whole Year,Sugarcane,2000,100000,50
Haryana,FATEHABAD,1998,Kharif,Arhar/Tur,66,100,1.515151515
Haryana,FATEHABAD,1998,Kharif,Bajra,12800,19000,1.484375
Haryana,FATEHABAD,1998,Kharif,Cotton(lint),102017,162000,1.587970632
Haryana,FATEHABAD,1998,Kharif,Groundnut,19,,
Haryana,FATEHABAD,1998,Kharif,Maize,25,,
Haryana,FATEHABAD,1998,Kharif,Moong(Green Gram),1911,700,0.366300366
Haryana,FATEHABAD,1998,Kharif,Moth,1,,
Haryana,FATEHABAD,1998,Kharif,Rice,70105,208000,2.966978104
Haryana,FATEHABAD,1998,Kharif,Sesamum,182,100,0.549450549
Haryana,FATEHABAD,1998,Rabi,Barley,4025,12000,2.98136646
Haryana,FATEHABAD,1998,Rabi,Gram,14070,14000,0.995024876
Haryana,FATEHABAD,1998,Rabi,Masoor,30,100,3.333333333
Haryana,FATEHABAD,1998,Rabi,Rapeseed &Mustard,23011,24000,1.042979445
Haryana,FATEHABAD,1998,Rabi,Sunflower,11,,
Haryana,FATEHABAD,1998,Rabi,Wheat,164506,683000,4.15182425
Haryana,FATEHABAD,1998,Whole Year,Dry chillies,88,100,1.136363636
Haryana,FATEHABAD,1998,Whole Year,Potato,685,9600,14.01459854
Haryana,FATEHABAD,1998,Whole Year,Sugarcane,1258,60000,47.69475358
Haryana,FATEHABAD,1999,Kharif,Arhar/Tur,40,0,0
Haryana,FATEHABAD,1999,Kharif,Bajra,11814,15000,1.269680041
Haryana,FATEHABAD,1999,Kharif,Cotton(lint),95677,243000,2.539795353
Haryana,FATEHABAD,1999,Kharif,Groundnut,15,0,0
Haryana,FATEHABAD,1999,Kharif,Maize,114,0,0
Haryana,FATEHABAD,1999,Kharif,Moong(Green Gram),1059,300,0.283286119
Haryana,FATEHABAD,1999,Kharif,Rice,69238,164000,2.368641497
Haryana,FATEHABAD,1999,Kharif,Sesamum,283,0,0
Haryana,FATEHABAD,1999,Kharif,Urad,28,100,3.571428571
Haryana,FATEHABAD,1999,Rabi,Barley,4237,12000,2.832192589
Haryana,FATEHABAD,1999,Rabi,Gram,3759,4000,1.064112796
Haryana,FATEHABAD,1999,Rabi,Masoor,28,,
Haryana,FATEHABAD,1999,Rabi,Peas & beans (Pulses),15,0,0
Haryana,FATEHABAD,1999,Rabi,Rapeseed &Mustard,13906,21000,1.510139508
Haryana,FATEHABAD,1999,Rabi,Sunflower,37,,
Haryana,FATEHABAD,1999,Rabi,Wheat,166991,745000,4.461318275
Haryana,FATEHABAD,1999,Whole Year,Dry chillies,125,100,0.8
Haryana,FATEHABAD,1999,Whole Year,Onion,2,,
Haryana,FATEHABAD,1999,Whole Year,Potato,681,10700,15.71218796
Haryana,FATEHABAD,1999,Whole Year,Sugarcane,1729,130000,75.18796992
Haryana,FATEHABAD,2000,Kharif,Arhar/Tur,27,,
Haryana,FATEHABAD,2000,Kharif,Bajra,10273,14000,1.362795678
Haryana,FATEHABAD,2000,Kharif,Cotton(lint),107704,289000,2.683280101
Haryana,FATEHABAD,2000,Kharif,Groundnut,5,0,0
Haryana,FATEHABAD,2000,Kharif,Maize,94,0,0
Haryana,FATEHABAD,2000,Kharif,Moong(Green Gram),699,200,0.286123033
Haryana,FATEHABAD,2000,Kharif,Moth,1,0,0
Haryana,FATEHABAD,2000,Kharif,Rice,61308,199000,3.245905918
Haryana,FATEHABAD,2000,Kharif,Sesamum,196,100,0.510204082
Haryana,FATEHABAD,2000,Kharif,Urad,1,0,0
Haryana,FATEHABAD,2000,Rabi,Barley,4777,16000,3.349382458
Haryana,FATEHABAD,2000,Rabi,Gram,1685,2000,1.18694362
Haryana,FATEHABAD,2000,Rabi,Masoor,27,0,0
Haryana,FATEHABAD,2000,Rabi,Peas & beans (Pulses),54,100,1.851851852
Haryana,FATEHABAD,2000,Rabi,Rapeseed &Mustard,11838,18000,1.520527116
Haryana,FATEHABAD,2000,Rabi,Wheat,173546,757000,4.361955908
Haryana,FATEHABAD,2000,Whole Year,Dry chillies,162,200,1.234567901
Haryana,FATEHABAD,2000,Whole Year,Onion,9,200,22.22222222
Haryana,FATEHABAD,2000,Whole Year,Potato,459,7200,15.68627451
Haryana,FATEHABAD,2000,Whole Year,Sannhamp,3,0,0
Haryana,FATEHABAD,2000,Whole Year,Sugarcane,2090,120000,57.41626794
Haryana,FATEHABAD,2001,Kharif,Bajra,10101,15000,1.485001485
Haryana,FATEHABAD,2001,Kharif,Cotton(lint),114880,136000,1.183844011
Haryana,FATEHABAD,2001,Kharif,Maize,154,0,0
Haryana,FATEHABAD,2001,Kharif,Moong(Green Gram),1063,300,0.282220132
Haryana,FATEHABAD,2001,Kharif,Moth,90,0,0
Haryana,FATEHABAD,2001,Kharif,Rice,58359,175000,2.998680581
Haryana,FATEHABAD,2001,Kharif,Sesamum,126,100,0.793650794
Haryana,FATEHABAD,2001,Rabi,Barley,3105,10000,3.220611916
Haryana,FATEHABAD,2001,Rabi,Gram,2686,3000,1.116902457
Haryana,FATEHABAD,2001,Rabi,Masoor,28,100,3.571428571
Haryana,FATEHABAD,2001,Rabi,Peas & beans (Pulses),33,0,0
Haryana,FATEHABAD,2001,Rabi,Rapeseed &Mustard,16932,24000,1.417434444
Haryana,FATEHABAD,2001,Rabi,Wheat,171860,731000,4.25346212
Haryana,FATEHABAD,2001,Whole Year,Dry chillies,122,200,1.639344262
Haryana,FATEHABAD,2001,Whole Year,Onion,4,100,25
Haryana,FATEHABAD,2001,Whole Year,Potato,279,6300,22.58064516
Haryana,FATEHABAD,2001,Whole Year,Sugarcane,3036,180000,59.28853755
Haryana,FATEHABAD,2002,Kharif,Bajra,12923,14000,1.083339782
Haryana,FATEHABAD,2002,Kharif,Cotton(lint),80297,170000,2.117140117
Haryana,FATEHABAD,2002,Kharif,Maize,67,0,0
Haryana,FATEHABAD,2002,Kharif,Moong(Green Gram),1324,400,0.302114804
Haryana,FATEHABAD,2002,Kharif,Moth,914,100,0.10940919
Haryana,FATEHABAD,2002,Kharif,Rice,66915,202000,3.018755137
Haryana,FATEHABAD,2002,Kharif,Sesamum,854,500,0.585480094
Haryana,FATEHABAD,2002,Rabi,Barley,2895,8000,2.763385147
Haryana,FATEHABAD,2002,Rabi,Gram,1639,2000,1.220256254
Haryana,FATEHABAD,2002,Rabi,Masoor,10,0,0
Haryana,FATEHABAD,2002,Rabi,Peas & beans (Pulses),12,0,0
Haryana,FATEHABAD,2002,Rabi,Rapeseed &Mustard,19643,21000,1.069083134
Haryana,FATEHABAD,2002,Rabi,Wheat,172055,715000,4.155647903
Haryana,FATEHABAD,2002,Whole Year,Grapes,295,3700,12.54237288
Haryana,FATEHABAD,2002,Whole Year,Onion,6,100,16.66666667
Haryana,FATEHABAD,2002,Whole Year,Other Fresh Fruits,207,800,3.8647343
Haryana,FATEHABAD,2002,Whole Year,Other Vegetables,805,5800,7.204968944
Haryana,FATEHABAD,2002,Whole Year,Potato,255,6500,25.49019608
Haryana,FATEHABAD,2002,Whole Year,Sugarcane,3774,210000,55.64387917
Haryana,FATEHABAD,2003,Kharif,Arhar/Tur,15,0,0
Haryana,FATEHABAD,2003,Kharif,Bajra,14640,18000,1.229508197
Haryana,FATEHABAD,2003,Kharif,Cotton(lint),87142,268000,3.075440086
Haryana,FATEHABAD,2003,Kharif,Groundnut,83,100,1.204819277
Haryana,FATEHABAD,2003,Kharif,Maize,34,0,0
Haryana,FATEHABAD,2003,Kharif,Moong(Green Gram),651,100,0.153609831
Haryana,FATEHABAD,2003,Kharif,Moth,246,0,0
Haryana,FATEHABAD,2003,Kharif,Rice,65108,218000,3.348282853
Haryana,FATEHABAD,2003,Kharif,Sesamum,165,100,0.606060606
Haryana,FATEHABAD,2003,Rabi,Barley,1822,6000,3.293084523
Haryana,FATEHABAD,2003,Rabi,Gram,2673,3000,1.122334456
Haryana,FATEHABAD,2003,Rabi,Masoor,5,0,0
Haryana,FATEHABAD,2003,Rabi,Peas & beans (Pulses),29,100,3.448275862
Haryana,FATEHABAD,2003,Rabi,Rapeseed &Mustard,16944,28000,1.652502361
Haryana,FATEHABAD,2003,Rabi,Wheat,164753,705000,4.279133005
Haryana,FATEHABAD,2003,Whole Year,Dry chillies,49,100,2.040816327
Haryana,FATEHABAD,2003,Whole Year,Grapes,170,50,0.294117647
Haryana,FATEHABAD,2003,Whole Year,Other Fresh Fruits,752,4600,6.117021277
Haryana,FATEHABAD,2003,Whole Year,Other Vegetables,1299,9400,7.236335643
Haryana,FATEHABAD,2003,Whole Year,Potato,345,8800,25.50724638
Haryana,FATEHABAD,2003,Whole Year,Sugarcane,2028,100000,49.30966469
Haryana,FATEHABAD,2004,Kharif,Arhar/Tur,28,,
Haryana,FATEHABAD,2004,Kharif,Bajra,11908,23000,1.931474639
Haryana,FATEHABAD,2004,Kharif,Cotton(lint),101065,424000,4.195319844
Haryana,FATEHABAD,2004,Kharif,Groundnut,115,100,0.869565217
Haryana,FATEHABAD,2004,Kharif,Maize,22,,
Haryana,FATEHABAD,2004,Kharif,Moong(Green Gram),831,400,0.481347774
Haryana,FATEHABAD,2004,Kharif,Moth,260,100,0.384615385
Haryana,FATEHABAD,2004,Kharif,Rice,65365,280000,4.283638033
Haryana,FATEHABAD,2004,Kharif,Sesamum,162,100,0.617283951
Haryana,FATEHABAD,2004,Rabi,Barley,2514,6000,2.386634845
Haryana,FATEHABAD,2004,Rabi,Gram,1069,1000,0.935453695
Haryana,FATEHABAD,2004,Rabi,Masoor,19,,
Haryana,FATEHABAD,2004,Rabi,Peas & beans (Pulses),24,100,4.166666667
Haryana,FATEHABAD,2004,Rabi,Rapeseed &Mustard,16695,19000,1.138065289
Haryana,FATEHABAD,2004,Rabi,Wheat,177201,727000,4.102685651
Haryana,FATEHABAD,2004,Whole Year,Dry chillies,35,300,8.571428571
Haryana,FATEHABAD,2004,Whole Year,Onion,1,,
Haryana,FATEHABAD,2004,Whole Year,Potato,252,6500,25.79365079
Haryana,FATEHABAD,2004,Whole Year,Sugarcane,874,80000,91.53318078
Haryana,FATEHABAD,2005,Kharif,Arhar/Tur,41,100,2.43902439
Haryana,FATEHABAD,2005,Kharif,Bajra,14586,28000,1.919648978
Haryana,FATEHABAD,2005,Kharif,Cotton(lint),94951,306000,3.222714874
Haryana,FATEHABAD,2005,Kharif,Groundnut,621,600,0.966183575
Haryana,FATEHABAD,2005,Kharif,Maize,16,,
Haryana,FATEHABAD,2005,Kharif,Moong(Green Gram),727,400,0.550206327
Haryana,FATEHABAD,2005,Kharif,Moth,100,,
Haryana,FATEHABAD,2005,Kharif,Rice,68371,254000,3.715025376
Haryana,FATEHABAD,2005,Kharif,Sesamum,177,100,0.564971751
Haryana,FATEHABAD,2005,Rabi,Barley,3459,10000,2.891008962
Haryana,FATEHABAD,2005,Rabi,Gram,1051,1000,0.951474786
Haryana,FATEHABAD,2005,Rabi,Masoor,3,,
Haryana,FATEHABAD,2005,Rabi,Peas & beans (Pulses),54,100,1.851851852
Haryana,FATEHABAD,2005,Rabi,Rapeseed &Mustard,17641,26000,1.473839352
Haryana,FATEHABAD,2005,Rabi,Wheat,178771,729000,4.077842603
Haryana,FATEHABAD,2005,Whole Year,Dry chillies,20,,
Haryana,FATEHABAD,2005,Whole Year,Potato,363,9300,25.61983471
Haryana,FATEHABAD,2005,Whole Year,Sannhamp,1,,
Haryana,FATEHABAD,2005,Whole Year,Sugarcane,482,,
Haryana,FATEHABAD,2006,Kharif,Arhar/Tur,14,,
Haryana,FATEHABAD,2006,Kharif,Bajra,11718,26000,2.21880867
Haryana,FATEHABAD,2006,Kharif,Castor seed,414,200,0.483091787
Haryana,FATEHABAD,2006,Kharif,Cotton(lint),90886,373000,4.104042427
Haryana,FATEHABAD,2006,Kharif,Groundnut,266,300,1.127819549
Haryana,FATEHABAD,2006,Kharif,Maize,7,,
Haryana,FATEHABAD,2006,Kharif,Moong(Green Gram),962,500,0.51975052
Haryana,FATEHABAD,2006,Kharif,Moth,190,100,0.526315789
Haryana,FATEHABAD,2006,Kharif,Rice,70069,312000,4.452753714
Haryana,FATEHABAD,2006,Kharif,Sesamum,139,100,0.71942446
Haryana,FATEHABAD,2006,Kharif,Urad,1,,
Haryana,FATEHABAD,2006,Rabi,Barley,4308,14000,3.249767874
Haryana,FATEHABAD,2006,Rabi,Gram,1018,1000,0.982318271
Haryana,FATEHABAD,2006,Rabi,Masoor,6,,
Haryana,FATEHABAD,2006,Rabi,Peas & beans (Pulses),55,100,1.818181818
Haryana,FATEHABAD,2006,Rabi,Rapeseed &Mustard,13551,20000,1.475905837
Haryana,FATEHABAD,2006,Rabi,Wheat,182508,843000,4.618975607
Haryana,FATEHABAD,2006,Whole Year,Dry chillies,10,,
Haryana,FATEHABAD,2006,Whole Year,Garlic,110,2600,23.63636364
Haryana,FATEHABAD,2006,Whole Year,Onion,4,100,25
Haryana,FATEHABAD,2006,Whole Year,Potato,349,8900,25.50143266
Haryana,FATEHABAD,2006,Whole Year,Sugarcane,644,65000,100.931677
Haryana,FATEHABAD,2007,Kharif,Arhar/Tur,95,100,1.052631579
Haryana,FATEHABAD,2007,Kharif,Bajra,11292,30000,2.65674814
Haryana,FATEHABAD,2007,Kharif,Castor seed,147,100,0.680272109
Haryana,FATEHABAD,2007,Kharif,Cotton(lint),85976,379000,4.408206941
Haryana,FATEHABAD,2007,Kharif,Groundnut,175,200,1.142857143
Haryana,FATEHABAD,2007,Kharif,Moong(Green Gram),962,500,0.51975052
Haryana,FATEHABAD,2007,Kharif,Moth,134,100,0.746268657
Haryana,FATEHABAD,2007,Kharif,Rice,73133,318000,4.348242244
Haryana,FATEHABAD,2007,Kharif,Sesamum,115,,
Haryana,FATEHABAD,2007,Rabi,Barley,3635,15000,4.126547455
Haryana,FATEHABAD,2007,Rabi,Gram,863,1000,1.158748552
Haryana,FATEHABAD,2007,Rabi,Peas & beans (Pulses),34,100,2.941176471
Haryana,FATEHABAD,2007,Rabi,Rapeseed &Mustard,7180,10000,1.39275766
Haryana,FATEHABAD,2007,Rabi,Wheat,186730,869000,4.653778182
Haryana,FATEHABAD,2007,Whole Year,Dry chillies,33,100,3.03030303
Haryana,FATEHABAD,2007,Whole Year,Garlic,75,600,8
Haryana,FATEHABAD,2007,Whole Year,Potato,360,5700,15.83333333
Haryana,FATEHABAD,2007,Whole Year,Sugarcane,1433,80000,55.8269365
Haryana,FATEHABAD,2008,Kharif,Arhar/Tur,6,,
Haryana,FATEHABAD,2008,Kharif,Bajra,10291,27000,2.623651735
Haryana,FATEHABAD,2008,Kharif,Castor seed,162,200,1.234567901
Haryana,FATEHABAD,2008,Kharif,Cotton(lint),84341,378000,4.481806002
Haryana,FATEHABAD,2008,Kharif,Groundnut,424,400,0.943396226
Haryana,FATEHABAD,2008,Kharif,Maize,18,,
Haryana,FATEHABAD,2008,Kharif,Moong(Green Gram),844,500,0.592417062
Haryana,FATEHABAD,2008,Kharif,Moth,180,100,0.555555556
Haryana,FATEHABAD,2008,Kharif,Rice,77738,339000,4.360801667
Haryana,FATEHABAD,2008,Kharif,Sesamum,89,,
Haryana,FATEHABAD,2008,Rabi,Barley,4730,21000,4.4397463
Haryana,FATEHABAD,2008,Rabi,Gram,1094,1000,0.914076782
Haryana,FATEHABAD,2008,Rabi,Masoor,1,,
Haryana,FATEHABAD,2008,Rabi,Peas & beans (Pulses),13,,
Haryana,FATEHABAD,2008,Rabi,Rapeseed &Mustard,8751,15000,1.714089818
Haryana,FATEHABAD,2008,Rabi,Wheat,185685,952000,5.126962329
Haryana,FATEHABAD,2008,Whole Year,Dry chillies,38,400,10.52631579
Haryana,FATEHABAD,2008,Whole Year,Garlic,154,800,5.194805195
Haryana,FATEHABAD,2008,Whole Year,Potato,129,3700,28.68217054
Haryana,FATEHABAD,2008,Whole Year,Sugarcane,845,73000,86.39053254
Haryana,FATEHABAD,2009,Kharif,Bajra,7818,21000,2.686108979
Haryana,FATEHABAD,2009,Kharif,Castor seed,130,100,0.769230769
Haryana,FATEHABAD,2009,Kharif,Cotton(lint),85750,374000,4.361516035
Haryana,FATEHABAD,2009,Kharif,Groundnut,543,500,0.920810313
Haryana,FATEHABAD,2009,Kharif,Maize,18,,
Haryana,FATEHABAD,2009,Kharif,Moong(Green Gram),723,400,0.553250346
Haryana,FATEHABAD,2009,Kharif,Moth,206,100,0.485436893
Haryana,FATEHABAD,2009,Kharif,Rice,81385,291000,3.575597469
Haryana,FATEHABAD,2009,Kharif,Sesamum,39,,
Haryana,FATEHABAD,2009,Rabi,Barley,3679,14000,3.805381897
Haryana,FATEHABAD,2009,Rabi,Gram,695,1000,1.438848921
Haryana,FATEHABAD,2009,Rabi,Peas & beans (Pulses),11,,
Haryana,FATEHABAD,2009,Rabi,Wheat,185806,842000,4.531608237
Haryana,FATEHABAD,2009,Whole Year,Dry chillies,16,,
Haryana,FATEHABAD,2009,Whole Year,Garlic,156,1700,10.8974359
Haryana,FATEHABAD,2009,Whole Year,Potato,119,2800,23.52941176
Haryana,FATEHABAD,2009,Whole Year,Sugarcane,176,,
Haryana,FATEHABAD,2010,Kharif,Arhar/Tur,179,200,1.117318436
Haryana,FATEHABAD,2010,Kharif,Bajra,7869,19000,2.414538061
Haryana,FATEHABAD,2010,Kharif,Castor seed,104,,
Haryana,FATEHABAD,2010,Kharif,Cotton(lint),83976,308000,3.667714585
Haryana,FATEHABAD,2010,Kharif,Groundnut,768,800,1.041666667
Haryana,FATEHABAD,2010,Kharif,Maize,6,,
Haryana,FATEHABAD,2010,Kharif,Moong(Green Gram),1128,600,0.531914894
Haryana,FATEHABAD,2010,Kharif,Moth,79,,
Haryana,FATEHABAD,2010,Kharif,Rice,87580,348000,3.973509934
Haryana,FATEHABAD,2010,Kharif,Sesamum,48,300,6.25
Haryana,FATEHABAD,2010,Kharif,Sunflower,1,,
Haryana,FATEHABAD,2010,Rabi,Barley,3619,15000,4.144791379
Haryana,FATEHABAD,2010,Rabi,Gram,691,1000,1.447178003
Haryana,FATEHABAD,2010,Rabi,Masoor,2,,
Haryana,FATEHABAD,2010,Rabi,Peas & beans (Pulses),78,100,1.282051282
Haryana,FATEHABAD,2010,Rabi,Rapeseed &Mustard,10336,21000,2.031733746
Haryana,FATEHABAD,2010,Rabi,Wheat,186622,950000,5.090503799
Haryana,FATEHABAD,2010,Whole Year,Dry chillies,16,100,6.25
Haryana,FATEHABAD,2010,Whole Year,Garlic,163,200,1.226993865
Haryana,FATEHABAD,2010,Whole Year,Onion,4,100,25
Haryana,FATEHABAD,2010,Whole Year,Potato,320,9400,29.375
Haryana,FATEHABAD,2010,Whole Year,Sugarcane,183,,
Haryana,FATEHABAD,2011,Kharif,Arhar/Tur,7,,
Haryana,FATEHABAD,2011,Kharif,Bajra,4897,11000,2.246273229
Haryana,FATEHABAD,2011,Kharif,Castor seed,159,100,0.628930818
Haryana,FATEHABAD,2011,Kharif,Cotton(lint),90757,439000,4.837092456
Haryana,FATEHABAD,2011,Kharif,Groundnut,102,100,0.980392157
Haryana,FATEHABAD,2011,Kharif,Maize,9,,
Haryana,FATEHABAD,2011,Kharif,Moong(Green Gram),705,400,0.567375887
Haryana,FATEHABAD,2011,Kharif,Moth,98,,
Haryana,FATEHABAD,2011,Kharif,Rice,87063,325000,3.732929028
Haryana,FATEHABAD,2011,Kharif,Sesamum,17,,
Haryana,FATEHABAD,2011,Rabi,Barley,3064,12000,3.916449086
Haryana,FATEHABAD,2011,Rabi,Gram,438,1000,2.283105023
Haryana,FATEHABAD,2011,Rabi,Masoor,3,,
Haryana,FATEHABAD,2011,Rabi,Peas & beans (Pulses),26,,
Haryana,FATEHABAD,2011,Rabi,Rapeseed &Mustard,8803,17000,1.931159832
Haryana,FATEHABAD,2011,Rabi,Wheat,189331,1034000,5.461334911
Haryana,FATEHABAD,2011,Whole Year,Garlic,205,200,0.975609756
Haryana,FATEHABAD,2011,Whole Year,Onion,521,9900,19.00191939
Haryana,FATEHABAD,2011,Whole Year,Potato,197,3900,19.79695431
Haryana,FATEHABAD,2011,Whole Year,Sugarcane,57,,
Haryana,FATEHABAD,2012,Kharif,Arhar/Tur,13,13,1
Haryana,FATEHABAD,2012,Kharif,Bajra,3306,7000,2.117362371
Haryana,FATEHABAD,2012,Kharif,Castor seed,88,40,0.454545455
Haryana,FATEHABAD,2012,Kharif,Cotton(lint),85542,358000,4.185078675
Haryana,FATEHABAD,2012,Kharif,Groundnut,960,1143,1.190625
Haryana,FATEHABAD,2012,Kharif,Maize,6,,
Haryana,FATEHABAD,2012,Kharif,Moong(Green Gram),276,151,0.547101449
Haryana,FATEHABAD,2012,Kharif,Moth,77,37,0.480519481
Haryana,FATEHABAD,2012,Kharif,Rice,89639,370000,4.127667645
Haryana,FATEHABAD,2012,Kharif,Sesamum,11,6,0.545454545
Haryana,FATEHABAD,2012,Rabi,Barley,2878,12000,4.169562196
Haryana,FATEHABAD,2012,Rabi,Gram,613,1000,1.63132137
Haryana,FATEHABAD,2012,Rabi,Peas & beans (Pulses),33,43,1.303030303
Haryana,FATEHABAD,2012,Rabi,Rapeseed &Mustard,11965,19000,1.587964898
Haryana,FATEHABAD,2012,Rabi,Wheat,188020,880000,4.680353154
Haryana,FATEHABAD,2012,Whole Year,Dry chillies,9,100,11.11111111
Haryana,FATEHABAD,2012,Whole Year,Garlic,84,800,9.523809524
Haryana,FATEHABAD,2012,Whole Year,Guar seed,21306,13849,0.650004694
Haryana,FATEHABAD,2012,Whole Year,Onion,400,8000,20
Haryana,FATEHABAD,2012,Whole Year,Potato,225,4700,20.88888889
Haryana,FATEHABAD,2012,Whole Year,Sugarcane,97,,
Haryana,GURGAON,1997,Kharif,Bajra,52000,58000,1.115384615
Haryana,GURGAON,1997,Kharif,Jowar,19000,5000,0.263157895
Haryana,GURGAON,1997,Kharif,Other Kharif pulses,4400,2200,0.5
Haryana,GURGAON,1997,Kharif,Rice,7000,20000,2.857142857
Haryana,GURGAON,1997,Rabi,Barley,4000,13000,3.25
Haryana,GURGAON,1997,Rabi,Gram,8000,8000,1
Haryana,GURGAON,1997,Rabi,Other  Rabi pulses,2000,1000,0.5
Haryana,GURGAON,1997,Rabi,Wheat,120000,428000,3.566666667
Haryana,GURGAON,1997,Whole Year,Sugarcane,1000,50000,50
Haryana,GURGAON,1998,Kharif,Arhar/Tur,1484,700,0.471698113
Haryana,GURGAON,1998,Kharif,Bajra,55426,59000,1.064482373
Haryana,GURGAON,1998,Kharif,Cotton(lint),113,,
Haryana,GURGAON,1998,Kharif,Groundnut,183,,
Haryana,GURGAON,1998,Kharif,Jowar,22002,3000,0.136351241
Haryana,GURGAON,1998,Kharif,Maize,13,,
Haryana,GURGAON,1998,Kharif,Moong(Green Gram),67,,
Haryana,GURGAON,1998,Kharif,Rice,10884,25000,2.296949651
Haryana,GURGAON,1998,Kharif,Sesamum,852,200,0.234741784
Haryana,GURGAON,1998,Rabi,Barley,3034,7000,2.307185234
Haryana,GURGAON,1998,Rabi,Gram,6201,6000,0.967585873
Haryana,GURGAON,1998,Rabi,Masoor,2317,700,0.302114804
Haryana,GURGAON,1998,Rabi,Peas & beans (Pulses),212,100,0.471698113
Haryana,GURGAON,1998,Rabi,Rapeseed &Mustard,37414,47000,1.256214251
Haryana,GURGAON,1998,Rabi,Wheat,128935,414000,3.210920231
Haryana,GURGAON,1998,Whole Year,Dry chillies,60,100,1.666666667
Haryana,GURGAON,1998,Whole Year,Onion,49,600,12.24489796
Haryana,GURGAON,1998,Whole Year,Potato,40,600,15
Haryana,GURGAON,1998,Whole Year,Sugarcane,306,50000,163.3986928
Haryana,GURGAON,1999,Kharif,Arhar/Tur,1217,500,0.410846343
Haryana,GURGAON,1999,Kharif,Bajra,59169,65000,1.098548226
Haryana,GURGAON,1999,Kharif,Cotton(lint),230,0,0
Haryana,GURGAON,1999,Kharif,Groundnut,79,0,0
Haryana,GURGAON,1999,Kharif,Jowar,18640,3000,0.160944206
Haryana,GURGAON,1999,Kharif,Maize,8,0,0
Haryana,GURGAON,1999,Kharif,Moong(Green Gram),78,0,0
Haryana,GURGAON,1999,Kharif,Rice,9465,22000,2.324352879
Haryana,GURGAON,1999,Kharif,Sesamum,1387,0,0
Haryana,GURGAON,1999,Rabi,Barley,2283,5000,2.190100745
Haryana,GURGAON,1999,Rabi,Gram,4678,4000,0.855066268
Haryana,GURGAON,1999,Rabi,Masoor,1823,800,0.438837082
Haryana,GURGAON,1999,Rabi,Peas & beans (Pulses),155,100,0.64516129
Haryana,GURGAON,1999,Rabi,Rapeseed &Mustard,43566,61000,1.400174448
Haryana,GURGAON,1999,Rabi,Wheat,129579,486000,3.750607737
Haryana,GURGAON,1999,Whole Year,Dry chillies,89,100,1.123595506
Haryana,GURGAON,1999,Whole Year,Onion,851,11300,13.27849589
Haryana,GURGAON,1999,Whole Year,Potato,16,300,18.75
Haryana,GURGAON,1999,Whole Year,Sugarcane,254,0,0
Haryana,GURGAON,2000,Kharif,Arhar/Tur,768,300,0.390625
Haryana,GURGAON,2000,Kharif,Bajra,64735,78000,1.204912335
Haryana,GURGAON,2000,Kharif,Cotton(lint),71,0,0
Haryana,GURGAON,2000,Kharif,Groundnut,49,0,0
Haryana,GURGAON,2000,Kharif,Jowar,19374,4200,0.216785382
Haryana,GURGAON,2000,Kharif,Maize,8,0,0
Haryana,GURGAON,2000,Kharif,Moong(Green Gram),37,0,0
Haryana,GURGAON,2000,Kharif,Rice,7881,20000,2.537749017
Haryana,GURGAON,2000,Kharif,Sesamum,1074,200,0.186219739
Haryana,GURGAON,2000,Kharif,Urad,16,0,0
Haryana,GURGAON,2000,Rabi,Barley,3966,10000,2.521432173
Haryana,GURGAON,2000,Rabi,Gram,880,1000,1.136363636
Haryana,GURGAON,2000,Rabi,Masoor,352,100,0.284090909
Haryana,GURGAON,2000,Rabi,Peas & beans (Pulses),203,100,0.492610837
Haryana,GURGAON,2000,Rabi,Rapeseed &Mustard,32106,48000,1.495047655
Haryana,GURGAON,2000,Rabi,Wheat,136504,481000,3.523706265
Haryana,GURGAON,2000,Whole Year,Dry chillies,41,0,0
Haryana,GURGAON,2000,Whole Year,Onion,1219,14600,11.97703035
Haryana,GURGAON,2000,Whole Year,Potato,27,500,18.51851852
Haryana,GURGAON,2000,Whole Year,Sannhamp,1,0,0
Haryana,GURGAON,2000,Whole Year,Sugarcane,202,,
Haryana,GURGAON,2001,Kharif,Arhar/Tur,1014,500,0.493096647
Haryana,GURGAON,2001,Kharif,Bajra,55372,80000,1.444773532
Haryana,GURGAON,2001,Kharif,Cotton(lint),183,,
Haryana,GURGAON,2001,Kharif,Groundnut,94,0,0
Haryana,GURGAON,2001,Kharif,Jowar,15286,3000,0.196258014
Haryana,GURGAON,2001,Kharif,Maize,10,0,0
Haryana,GURGAON,2001,Kharif,Moong(Green Gram),50,0,0
Haryana,GURGAON,2001,Kharif,Moth,171,0,0
Haryana,GURGAON,2001,Kharif,Rice,7503,21000,2.798880448
Haryana,GURGAON,2001,Kharif,Sesamum,1806,400,0.221483942
Haryana,GURGAON,2001,Kharif,Urad,121,0,0
Haryana,GURGAON,2001,Rabi,Barley,2634,8000,3.037205771
Haryana,GURGAON,2001,Rabi,Gram,1600,1000,0.625
Haryana,GURGAON,2001,Rabi,Masoor,1800,1000,0.555555556
Haryana,GURGAON,2001,Rabi,Rapeseed &Mustard,57046,90000,1.577674158
Haryana,GURGAON,2001,Rabi,Wheat,119914,417000,3.477492203
Haryana,GURGAON,2001,Whole Year,Dry chillies,11,0,0
Haryana,GURGAON,2001,Whole Year,Onion,1231,23400,19.00893582
Haryana,GURGAON,2001,Whole Year,Potato,16,400,25
Haryana,GURGAON,2001,Whole Year,Sannhamp,2,0,0
Haryana,GURGAON,2001,Whole Year,Sugarcane,152,0,0
Haryana,GURGAON,2001,Whole Year,Sweet potato,12,0,0
Haryana,GURGAON,2002,Kharif,Arhar/Tur,755,400,0.529801325
Haryana,GURGAON,2002,Kharif,Bajra,44038,43000,0.976429447
Haryana,GURGAON,2002,Kharif,Cotton(lint),207,0,0
Haryana,GURGAON,2002,Kharif,Groundnut,233,100,0.429184549
Haryana,GURGAON,2002,Kharif,Jowar,9189,2000,0.21765154
Haryana,GURGAON,2002,Kharif,Maize,93,0,0
Haryana,GURGAON,2002,Kharif,Moong(Green Gram),84,100,1.19047619
Haryana,GURGAON,2002,Kharif,Rice,2639,8000,3.031451307
Haryana,GURGAON,2002,Kharif,Sesamum,1547,200,0.129282482
Haryana,GURGAON,2002,Kharif,Urad,45,0,0
Haryana,GURGAON,2002,Rabi,Barley,3057,8000,2.616944717
Haryana,GURGAON,2002,Rabi,Gram,707,1000,1.414427157
Haryana,GURGAON,2002,Rabi,Masoor,91,0,0
Haryana,GURGAON,2002,Rabi,Rapeseed &Mustard,59622,75000,1.257924927
Haryana,GURGAON,2002,Rabi,Wheat,116705,431000,3.693072276
Haryana,GURGAON,2002,Whole Year,Onion,772,17800,23.05699482
Haryana,GURGAON,2002,Whole Year,Other Fresh Fruits,21,200,9.523809524
Haryana,GURGAON,2002,Whole Year,Other Vegetables,3659,62000,16.94452036
Haryana,GURGAON,2002,Whole Year,Potato,8,200,25
Haryana,GURGAON,2002,Whole Year,Sannhamp,9,0,0
Haryana,GURGAON,2002,Whole Year,Sugarcane,182,0,0
Haryana,GURGAON,2002,Whole Year,Sweet potato,12,200,16.66666667
Haryana,GURGAON,2003,Kharif,Arhar/Tur,603,800,1.326699834
Haryana,GURGAON,2003,Kharif,Bajra,55432,83000,1.497330062
Haryana,GURGAON,2003,Kharif,Cotton(lint),339,0,0
Haryana,GURGAON,2003,Kharif,Groundnut,250,100,0.4
Haryana,GURGAON,2003,Kharif,Jowar,13283,3000,0.225852594
Haryana,GURGAON,2003,Kharif,Maize,16,0,0
Haryana,GURGAON,2003,Kharif,Moong(Green Gram),47,0,0
Haryana,GURGAON,2003,Kharif,Rice,7491,19000,2.536376986
Haryana,GURGAON,2003,Kharif,Sesamum,730,100,0.136986301
Haryana,GURGAON,2003,Kharif,Urad,9,0,0
Haryana,GURGAON,2003,Rabi,Barley,2639,6000,2.27358848
Haryana,GURGAON,2003,Rabi,Gram,1907,2000,1.048767698
Haryana,GURGAON,2003,Rabi,Masoor,887,400,0.450958286
Haryana,GURGAON,2003,Rabi,Rapeseed &Mustard,51568,72000,1.396214707
Haryana,GURGAON,2003,Rabi,Wheat,125675,450000,3.580664412
Haryana,GURGAON,2003,Whole Year,Dry chillies,15,0,0
Haryana,GURGAON,2003,Whole Year,Onion,634,14600,23.02839117
Haryana,GURGAON,2003,Whole Year,Other Fresh Fruits,47,600,12.76595745
Haryana,GURGAON,2003,Whole Year,Other Vegetables,3628,61200,16.86879824
Haryana,GURGAON,2003,Whole Year,Sugarcane,86,0,0
Haryana,GURGAON,2003,Whole Year,Sweet potato,15,200,13.33333333
Haryana,GURGAON,2004,Kharif,Arhar/Tur,886,900,1.015801354
Haryana,GURGAON,2004,Kharif,Bajra,51843,67000,1.292363482
Haryana,GURGAON,2004,Kharif,Cotton(lint),196,,
Haryana,GURGAON,2004,Kharif,Groundnut,324,200,0.617283951
Haryana,GURGAON,2004,Kharif,Jowar,10648,3000,0.28174305
Haryana,GURGAON,2004,Kharif,Maize,6,,
Haryana,GURGAON,2004,Kharif,Moong(Green Gram),45,,
Haryana,GURGAON,2004,Kharif,Rice,6252,18000,2.879078695
Haryana,GURGAON,2004,Kharif,Sesamum,806,200,0.248138958
Haryana,GURGAON,2004,Kharif,Urad,14,,
Haryana,GURGAON,2004,Rabi,Barley,1883,4000,2.124269782
Haryana,GURGAON,2004,Rabi,Gram,1013,1000,0.987166831
Haryana,GURGAON,2004,Rabi,Masoor,864,400,0.462962963
Haryana,GURGAON,2004,Rabi,Rapeseed &Mustard,63692,74000,1.161841362
Haryana,GURGAON,2004,Rabi,Wheat,115478,407000,3.524480853
Haryana,GURGAON,2004,Whole Year,Dry chillies,10,,
Haryana,GURGAON,2004,Whole Year,Onion,1099,25300,23.02092812
Haryana,GURGAON,2004,Whole Year,Sannhamp,14,,
Haryana,GURGAON,2004,Whole Year,Sugarcane,100,,
Haryana,GURGAON,2004,Whole Year,Sweet potato,32,700,21.875
Haryana,GURGAON,2005,Kharif,Arhar/Tur,568,400,0.704225352
Haryana,GURGAON,2005,Kharif,Bajra,32566,35000,1.074740527
Haryana,GURGAON,2005,Kharif,Cotton(lint),50,,
Haryana,GURGAON,2005,Kharif,Groundnut,310,200,0.64516129
Haryana,GURGAON,2005,Kharif,Jowar,1627,1000,0.61462815
Haryana,GURGAON,2005,Kharif,Maize,5,,
Haryana,GURGAON,2005,Kharif,Moong(Green Gram),67,,
Haryana,GURGAON,2005,Kharif,Rice,2197,6000,2.730996814
Haryana,GURGAON,2005,Kharif,Sesamum,336,100,0.297619048
Haryana,GURGAON,2005,Rabi,Barley,1826,6000,3.285870756
Haryana,GURGAON,2005,Rabi,Gram,20,,
Haryana,GURGAON,2005,Rabi,Rapeseed &Mustard,23713,30000,1.265128832
Haryana,GURGAON,2005,Rabi,Wheat,47637,168000,3.526670445
Haryana,GURGAON,2005,Whole Year,Dry chillies,103,100,0.970873786
Haryana,GURGAON,2005,Whole Year,Onion,51,1200,23.52941176
Haryana,GURGAON,2005,Whole Year,Sannhamp,2,,
Haryana,GURGAON,2005,Whole Year,Sugarcane,11,,
Haryana,GURGAON,2005,Whole Year,Sweet potato,7,100,14.28571429
Haryana,GURGAON,2006,Kharif,Arhar/Tur,446,300,0.67264574
Haryana,GURGAON,2006,Kharif,Bajra,32795,60000,1.829547187
Haryana,GURGAON,2006,Kharif,Cotton(lint),48,,
Haryana,GURGAON,2006,Kharif,Groundnut,59,,
Haryana,GURGAON,2006,Kharif,Jowar,1500,1000,0.666666667
Haryana,GURGAON,2006,Kharif,Maize,5,,
Haryana,GURGAON,2006,Kharif,Moong(Green Gram),8,,
Haryana,GURGAON,2006,Kharif,Rice,2322,6000,2.583979328
Haryana,GURGAON,2006,Kharif,Sesamum,471,100,0.212314225
Haryana,GURGAON,2006,Rabi,Barley,1898,5000,2.634351949
Haryana,GURGAON,2006,Rabi,Gram,10,,
Haryana,GURGAON,2006,Rabi,Rapeseed &Mustard,19566,24000,1.226617602
Haryana,GURGAON,2006,Rabi,Wheat,52464,206000,3.926501982
Haryana,GURGAON,2006,Whole Year,Dry chillies,7,,
Haryana,GURGAON,2006,Whole Year,Onion,38,700,18.42105263
Haryana,GURGAON,2006,Whole Year,Potato,2,,
Haryana,GURGAON,2006,Whole Year,Sugarcane,6,,
Haryana,GURGAON,2006,Whole Year,Sweet potato,7,200,28.57142857
Haryana,GURGAON,2007,Kharif,Arhar/Tur,520,500,0.961538462
Haryana,GURGAON,2007,Kharif,Bajra,33654,62000,1.842277292
Haryana,GURGAON,2007,Kharif,Cotton(lint),5,,
Haryana,GURGAON,2007,Kharif,Groundnut,214,100,0.46728972
Haryana,GURGAON,2007,Kharif,Jowar,1107,500,0.451671183
Haryana,GURGAON,2007,Kharif,Maize,9,,
Haryana,GURGAON,2007,Kharif,Moong(Green Gram),6,,
Haryana,GURGAON,2007,Kharif,Rice,2615,10000,3.824091778
Haryana,GURGAON,2007,Kharif,Sesamum,229,100,0.436681223
Haryana,GURGAON,2007,Rabi,Barley,1274,3000,2.354788069
Haryana,GURGAON,2007,Rabi,Gram,3,,
Haryana,GURGAON,2007,Rabi,Rapeseed &Mustard,15575,20000,1.284109149
Haryana,GURGAON,2007,Rabi,Wheat,51105,200000,3.913511398
Haryana,GURGAON,2007,Whole Year,Onion,1,,
Haryana,GURGAON,2007,Whole Year,Sugarcane,15,,
Haryana,GURGAON,2007,Whole Year,Sweet potato,50,1000,20
Haryana,GURGAON,2008,Kharif,Arhar/Tur,709,700,0.987306065
Haryana,GURGAON,2008,Kharif,Bajra,33671,67000,1.989842892
Haryana,GURGAON,2008,Kharif,Cotton(lint),12,,
Haryana,GURGAON,2008,Kharif,Groundnut,40,,
Haryana,GURGAON,2008,Kharif,Jowar,1247,1000,0.801924619
Haryana,GURGAON,2008,Kharif,Maize,8,,
Haryana,GURGAON,2008,Kharif,Moong(Green Gram),3,,
Haryana,GURGAON,2008,Kharif,Rice,3457,8000,2.314145213
Haryana,GURGAON,2008,Kharif,Sesamum,654,300,0.458715596
Haryana,GURGAON,2008,Rabi,Barley,2363,7000,2.962336014
Haryana,GURGAON,2008,Rabi,Gram,9,,
Haryana,GURGAON,2008,Rabi,Rapeseed &Mustard,13930,27000,1.938262742
Haryana,GURGAON,2008,Rabi,Wheat,48807,207000,4.241194911
Haryana,GURGAON,2008,Whole Year,Sugarcane,3,,
Haryana,GURGAON,2008,Whole Year,Sweet potato,61,1200,19.67213115
Haryana,GURGAON,2009,Kharif,Arhar/Tur,510,500,0.980392157
Haryana,GURGAON,2009,Kharif,Bajra,34217,63000,1.841190052
Haryana,GURGAON,2009,Kharif,Cotton(lint),12,,
Haryana,GURGAON,2009,Kharif,Groundnut,21,,
Haryana,GURGAON,2009,Kharif,Jowar,1123,10,0.00890472
Haryana,GURGAON,2009,Kharif,Maize,3,,
Haryana,GURGAON,2009,Kharif,Moong(Green Gram),7,,
Haryana,GURGAON,2009,Kharif,Rice,4425,14000,3.163841808
Haryana,GURGAON,2009,Kharif,Sesamum,649,300,0.462249615
Haryana,GURGAON,2009,Rabi,Barley,1676,8000,4.77326969
Haryana,GURGAON,2009,Rabi,Gram,15,,
Haryana,GURGAON,2009,Rabi,Wheat,51610,227000,4.398372408
Haryana,GURGAON,2009,Whole Year,Dry chillies,1,,
Haryana,GURGAON,2009,Whole Year,Onion,2,100,50
Haryana,GURGAON,2009,Whole Year,Sugarcane,5,,
Haryana,GURGAON,2009,Whole Year,Sweet potato,39,800,20.51282051
Haryana,GURGAON,2010,Kharif,Arhar/Tur,885,800,0.903954802
Haryana,GURGAON,2010,Kharif,Bajra,34026,65000,1.910303885
Haryana,GURGAON,2010,Kharif,Cotton(lint),8,,
Haryana,GURGAON,2010,Kharif,Groundnut,20,,
Haryana,GURGAON,2010,Kharif,Jowar,733,1000,1.36425648
Haryana,GURGAON,2010,Kharif,Maize,2,,
Haryana,GURGAON,2010,Kharif,Moong(Green Gram),1,,
Haryana,GURGAON,2010,Kharif,Rice,5151,14000,2.717918851
Haryana,GURGAON,2010,Kharif,Sesamum,353,100,0.283286119
Haryana,GURGAON,2010,Rabi,Barley,1277,4000,3.132341425
Haryana,GURGAON,2010,Rabi,Gram,3,,
Haryana,GURGAON,2010,Rabi,Masoor,1,,
Haryana,GURGAON,2010,Rabi,Peas & beans (Pulses),28,,
Haryana,GURGAON,2010,Rabi,Rapeseed &Mustard,12250,22000,1.795918367
Haryana,GURGAON,2010,Rabi,Wheat,50833,240000,4.721342435
Haryana,GURGAON,2010,Whole Year,Dry chillies,2,,
Haryana,GURGAON,2010,Whole Year,Onion,3,100,33.33333333
Haryana,GURGAON,2010,Whole Year,Potato,3,100,33.33333333
Haryana,GURGAON,2010,Whole Year,Sannhamp,1,,
Haryana,GURGAON,2010,Whole Year,Sugarcane,42,,
Haryana,GURGAON,2010,Whole Year,Sweet potato,37,,
Haryana,GURGAON,2011,Kharif,Arhar/Tur,320,300,0.9375
Haryana,GURGAON,2011,Kharif,Bajra,31450,71000,2.257551669
Haryana,GURGAON,2011,Kharif,Groundnut,18,,
Haryana,GURGAON,2011,Kharif,Jowar,1154,1000,0.866551127
Haryana,GURGAON,2011,Kharif,Maize,6,,
Haryana,GURGAON,2011,Kharif,Rice,4803,15000,3.123048095
Haryana,GURGAON,2011,Kharif,Sesamum,190,100,0.526315789
Haryana,GURGAON,2011,Rabi,Barley,1818,9000,4.95049505
Haryana,GURGAON,2011,Rabi,Rapeseed &Mustard,12505,24000,1.919232307
Haryana,GURGAON,2011,Rabi,Wheat,52388,258000,4.924791937
Haryana,GURGAON,2011,Whole Year,Onion,48,900,18.75
Haryana,GURGAON,2011,Whole Year,Potato,12,300,25
Haryana,GURGAON,2011,Whole Year,Sugarcane,5,,
Haryana,GURGAON,2011,Whole Year,Sweet potato,18,,
Haryana,GURGAON,2012,Kharif,Arhar/Tur,679,764,1.125184094
Haryana,GURGAON,2012,Kharif,Bajra,30488,69000,2.263185516
Haryana,GURGAON,2012,Kharif,Cotton(lint),181,,
Haryana,GURGAON,2012,Kharif,Groundnut,8,7,0.875
Haryana,GURGAON,2012,Kharif,Jowar,687,500,0.727802038
Haryana,GURGAON,2012,Kharif,Moong(Green Gram),4,2,0.5
Haryana,GURGAON,2012,Kharif,Rice,4452,13000,2.920035939
Haryana,GURGAON,2012,Kharif,Sesamum,371,156,0.420485175
Haryana,GURGAON,2012,Rabi,Barley,2101,9000,4.283674441
Haryana,GURGAON,2012,Rabi,Rapeseed &Mustard,14186,28000,1.973776963
Haryana,GURGAON,2012,Rabi,Wheat,44667,205000,4.589517989
Haryana,GURGAON,2012,Whole Year,Guar seed,1679,1091,0.649791543
Haryana,GURGAON,2012,Whole Year,Sugarcane,68,,
Haryana,GURGAON,2012,Whole Year,Sweet potato,9,200,22.22222222
Haryana,HISAR,1997,Kharif,Bajra,62000,109000,1.758064516
Haryana,HISAR,1997,Kharif,Gram,59000,45000,0.762711864
Haryana,HISAR,1997,Kharif,Other Kharif pulses,5300,3600,0.679245283
Haryana,HISAR,1997,Kharif,Rice,22000,64000,2.909090909
Haryana,HISAR,1997,Rabi,Barley,5000,13000,2.6
Haryana,HISAR,1997,Rabi,Other  Rabi pulses,2000,3000,1.5
Haryana,HISAR,1997,Rabi,Wheat,158000,654000,4.139240506
Haryana,HISAR,1997,Whole Year,Cotton(lint),160000,301000,1.88125
Haryana,HISAR,1997,Whole Year,Sugarcane,4000,210000,52.5
Haryana,HISAR,1998,Kharif,Arhar/Tur,196,200,1.020408163
Haryana,HISAR,1998,Kharif,Bajra,64581,90000,1.393598736
Haryana,HISAR,1998,Kharif,Cotton(lint),140103,207000,1.477484422
Haryana,HISAR,1998,Kharif,Groundnut,29,,
Haryana,HISAR,1998,Kharif,Maize,119,,
Haryana,HISAR,1998,Kharif,Moong(Green Gram),9129,2700,0.295760762
Haryana,HISAR,1998,Kharif,Rice,43409,97000,2.234559654
Haryana,HISAR,1998,Kharif,Sesamum,144,100,0.694444444
Haryana,HISAR,1998,Rabi,Barley,4707,15000,3.186743149
Haryana,HISAR,1998,Rabi,Gram,60341,52000,0.861768946
Haryana,HISAR,1998,Rabi,Peas & beans (Pulses),409,500,1.222493888
Haryana,HISAR,1998,Rabi,Rapeseed &Mustard,62691,60000,0.957075178
Haryana,HISAR,1998,Rabi,Wheat,170265,676000,3.97028162
Haryana,HISAR,1998,Whole Year,Dry chillies,233,100,0.429184549
Haryana,HISAR,1998,Whole Year,Onion,13,200,15.38461538
Haryana,HISAR,1998,Whole Year,Potato,350,4900,14
Haryana,HISAR,1998,Whole Year,Sannhamp,43,,
Haryana,HISAR,1998,Whole Year,Sugarcane,3564,190000,53.31088664
Haryana,HISAR,1998,Whole Year,Sweet potato,52,800,15.38461538
Haryana,HISAR,1999,Kharif,Arhar/Tur,101,100,0.99009901
Haryana,HISAR,1999,Kharif,Bajra,59657,91000,1.525386795
Haryana,HISAR,1999,Kharif,Cotton(lint),135389,350000,2.585143549
Haryana,HISAR,1999,Kharif,Groundnut,3,0,0
Haryana,HISAR,1999,Kharif,Jowar,54,0,0
Haryana,HISAR,1999,Kharif,Maize,88,0,0
Haryana,HISAR,1999,Kharif,Moong(Green Gram),3977,1000,0.251445813
Haryana,HISAR,1999,Kharif,Rice,44552,107000,2.401687915
Haryana,HISAR,1999,Kharif,Sesamum,251,0,0
Haryana,HISAR,1999,Rabi,Barley,4437,13000,2.929907595
Haryana,HISAR,1999,Rabi,Gram,10902,7000,0.642084021
Haryana,HISAR,1999,Rabi,Masoor,24,,
Haryana,HISAR,1999,Rabi,Peas & beans (Pulses),109,100,0.917431193
Haryana,HISAR,1999,Rabi,Rapeseed &Mustard,41596,55000,1.322242523
Haryana,HISAR,1999,Rabi,Wheat,192301,854000,4.440954545
Haryana,HISAR,1999,Whole Year,Dry chillies,443,500,1.128668172
Haryana,HISAR,1999,Whole Year,Onion,12,200,16.66666667
Haryana,HISAR,1999,Whole Year,Potato,390,6100,15.64102564
Haryana,HISAR,1999,Whole Year,Sugarcane,4526,230000,50.8174989
Haryana,HISAR,2000,Kharif,Arhar/Tur,69,100,1.449275362
Haryana,HISAR,2000,Kharif,Bajra,57995,74000,1.275972067
Haryana,HISAR,2000,Kharif,Cotton(lint),141906,349000,2.459374516
Haryana,HISAR,2000,Kharif,Groundnut,14,0,0
Haryana,HISAR,2000,Kharif,Jowar,37,0,0
Haryana,HISAR,2000,Kharif,Maize,138,0,0
Haryana,HISAR,2000,Kharif,Moong(Green Gram),1984,600,0.302419355
Haryana,HISAR,2000,Kharif,Rice,33285,63000,1.892744479
Haryana,HISAR,2000,Kharif,Sesamum,123,100,0.81300813
Haryana,HISAR,2000,Kharif,Urad,107,100,0.934579439
Haryana,HISAR,2000,Rabi,Barley,5871,19000,3.236245955
Haryana,HISAR,2000,Rabi,Gram,5125,3000,0.585365854
Haryana,HISAR,2000,Rabi,Masoor,41,0,0
Haryana,HISAR,2000,Rabi,Rapeseed &Mustard,33038,46000,1.392336098
Haryana,HISAR,2000,Rabi,Wheat,206996,887000,4.285106959
Haryana,HISAR,2000,Whole Year,Dry chillies,234,200,0.854700855
Haryana,HISAR,2000,Whole Year,Potato,272,4300,15.80882353
Haryana,HISAR,2000,Whole Year,Sannhamp,62,0,0
Haryana,HISAR,2000,Whole Year,Sugarcane,4946,260000,52.5677315
Haryana,HISAR,2001,Kharif,Arhar/Tur,139,100,0.71942446
Haryana,HISAR,2001,Kharif,Bajra,63528,96000,1.511144692
Haryana,HISAR,2001,Kharif,Cotton(lint),166958,175000,1.048167803
Haryana,HISAR,2001,Kharif,Groundnut,30,0,0
Haryana,HISAR,2001,Kharif,Maize,32,0,0
Haryana,HISAR,2001,Kharif,Moong(Green Gram),6826,1800,0.263697627
Haryana,HISAR,2001,Kharif,Moth,213,0,0
Haryana,HISAR,2001,Kharif,Rice,20353,37000,1.817913821
Haryana,HISAR,2001,Kharif,Sesamum,377,200,0.530503979
Haryana,HISAR,2001,Rabi,Barley,4058,11000,2.710694924
Haryana,HISAR,2001,Rabi,Gram,16519,15000,0.908045281
Haryana,HISAR,2001,Rabi,Peas & beans (Pulses),128,200,1.5625
Haryana,HISAR,2001,Rabi,Rapeseed &Mustard,50712,84000,1.656412683
Haryana,HISAR,2001,Rabi,Wheat,197445,824000,4.173314087
Haryana,HISAR,2001,Whole Year,Dry chillies,444,500,1.126126126
Haryana,HISAR,2001,Whole Year,Garlic,25,200,8
Haryana,HISAR,2001,Whole Year,Potato,86,1600,18.60465116
Haryana,HISAR,2001,Whole Year,Sannhamp,4,0,0
Haryana,HISAR,2001,Whole Year,Sugarcane,6176,310000,50.19430052
Haryana,HISAR,2002,Kharif,Arhar/Tur,186,200,1.075268817
Haryana,HISAR,2002,Kharif,Bajra,70559,88000,1.247183208
Haryana,HISAR,2002,Kharif,Cotton(lint),142580,330000,2.314490111
Haryana,HISAR,2002,Kharif,Groundnut,311,300,0.964630225
Haryana,HISAR,2002,Kharif,Jowar,94,0,0
Haryana,HISAR,2002,Kharif,Maize,93,0,0
Haryana,HISAR,2002,Kharif,Moong(Green Gram),4745,1200,0.252897787
Haryana,HISAR,2002,Kharif,Moth,1334,100,0.074962519
Haryana,HISAR,2002,Kharif,Rice,21328,41000,1.922355589
Haryana,HISAR,2002,Kharif,Sesamum,900,600,0.666666667
Haryana,HISAR,2002,Kharif,Urad,100,0,0
Haryana,HISAR,2002,Rabi,Barley,3667,11000,2.999727298
Haryana,HISAR,2002,Rabi,Gram,5140,4000,0.778210117
Haryana,HISAR,2002,Rabi,Masoor,54,0,0
Haryana,HISAR,2002,Rabi,Rapeseed &Mustard,60263,72000,1.194762956
Haryana,HISAR,2002,Rabi,Sunflower,1,0,0
Haryana,HISAR,2002,Rabi,Wheat,194904,792000,4.063538973
Haryana,HISAR,2002,Whole Year,Other Fresh Fruits,1201,11400,9.492089925
Haryana,HISAR,2002,Whole Year,Other Vegetables,3945,47900,12.14195184
Haryana,HISAR,2002,Whole Year,Potato,174,3000,17.24137931
Haryana,HISAR,2002,Whole Year,Sannhamp,8,0,0
Haryana,HISAR,2002,Whole Year,Sugarcane,6635,380000,57.2720422
Haryana,HISAR,2003,Kharif,Arhar/Tur,98,100,1.020408163
Haryana,HISAR,2003,Kharif,Bajra,72261,13300,0.184055023
Haryana,HISAR,2003,Kharif,Cotton(lint),141674,354000,2.498694185
Haryana,HISAR,2003,Kharif,Groundnut,60,100,1.666666667
Haryana,HISAR,2003,Kharif,Jowar,28,0,0
Haryana,HISAR,2003,Kharif,Maize,59,0,0
Haryana,HISAR,2003,Kharif,Moong(Green Gram),11534,2300,0.199410439
Haryana,HISAR,2003,Kharif,Moth,2127,100,0.047014575
Haryana,HISAR,2003,Kharif,Rice,27931,68000,2.434570907
Haryana,HISAR,2003,Kharif,Sesamum,349,200,0.573065903
Haryana,HISAR,2003,Kharif,Urad,5,0,0
Haryana,HISAR,2003,Rabi,Barley,4655,15000,3.222341568
Haryana,HISAR,2003,Rabi,Gram,16449,13000,0.7903216
Haryana,HISAR,2003,Rabi,Masoor,5,0,0
Haryana,HISAR,2003,Rabi,Peas & beans (Pulses),2,0,0
Haryana,HISAR,2003,Rabi,Rapeseed &Mustard,64785,99000,1.528131512
Haryana,HISAR,2003,Rabi,Wheat,199934,827000,4.136365
Haryana,HISAR,2003,Whole Year,Dry chillies,276,300,1.086956522
Haryana,HISAR,2003,Whole Year,Other Fresh Fruits,1266,14500,11.45339652
Haryana,HISAR,2003,Whole Year,Other Vegetables,2830,34300,12.12014134
Haryana,HISAR,2003,Whole Year,Potato,254,4500,17.71653543
Haryana,HISAR,2003,Whole Year,Sannhamp,5,0,0
Haryana,HISAR,2003,Whole Year,Sugarcane,5881,320000,54.41251488
Haryana,HISAR,2004,Kharif,Arhar/Tur,68,100,1.470588235
Haryana,HISAR,2004,Kharif,Bajra,61907,102000,1.647632739
Haryana,HISAR,2004,Kharif,Cotton(lint),153627,461000,3.000774603
Haryana,HISAR,2004,Kharif,Groundnut,67,100,1.492537313
Haryana,HISAR,2004,Kharif,Jowar,8,,
Haryana,HISAR,2004,Kharif,Maize,78,,
Haryana,HISAR,2004,Kharif,Moong(Green Gram),8324,3300,0.396444017
Haryana,HISAR,2004,Kharif,Moth,1626,200,0.12300123
Haryana,HISAR,2004,Kharif,Rice,28281,63000,2.227644001
Haryana,HISAR,2004,Kharif,Sesamum,306,200,0.653594771
Haryana,HISAR,2004,Kharif,Urad,21,,
Haryana,HISAR,2004,Rabi,Barley,3771,11000,2.916998144
Haryana,HISAR,2004,Rabi,Gram,17824,14000,0.78545781
Haryana,HISAR,2004,Rabi,Masoor,2,,
Haryana,HISAR,2004,Rabi,Rapeseed &Mustard,71211,81000,1.137464718
Haryana,HISAR,2004,Rabi,Wheat,202436,841000,4.154399415
Haryana,HISAR,2004,Whole Year,Dry chillies,344,4100,11.91860465
Haryana,HISAR,2004,Whole Year,Garlic,3,,
Haryana,HISAR,2004,Whole Year,Potato,200,3500,17.5
Haryana,HISAR,2004,Whole Year,Sannhamp,5,,
Haryana,HISAR,2004,Whole Year,Sugarcane,2536,90000,35.48895899
Haryana,HISAR,2005,Kharif,Arhar/Tur,22,,
Haryana,HISAR,2005,Kharif,Bajra,58411,102000,1.746246426
Haryana,HISAR,2005,Kharif,Cotton(lint),146956,315000,2.143498734
Haryana,HISAR,2005,Kharif,Groundnut,190,200,1.052631579
Haryana,HISAR,2005,Kharif,Jowar,29,,
Haryana,HISAR,2005,Kharif,Maize,44,,
Haryana,HISAR,2005,Kharif,Moong(Green Gram),7503,3200,0.426496068
Haryana,HISAR,2005,Kharif,Moth,778,100,0.128534704
Haryana,HISAR,2005,Kharif,Rice,35448,87000,2.454299255
Haryana,HISAR,2005,Kharif,Sesamum,448,200,0.446428571
Haryana,HISAR,2005,Kharif,Urad,233,100,0.429184549
Haryana,HISAR,2005,Rabi,Barley,4287,12000,2.799160252
Haryana,HISAR,2005,Rabi,Gram,23125,13000,0.562162162
Haryana,HISAR,2005,Rabi,Masoor,91,100,1.098901099
Haryana,HISAR,2005,Rabi,Peas & beans (Pulses),115,100,0.869565217
Haryana,HISAR,2005,Rabi,Rapeseed &Mustard,73633,59100,0.802629256
Haryana,HISAR,2005,Rabi,Wheat,203205,752000,3.700696341
Haryana,HISAR,2005,Whole Year,Dry chillies,378,300,0.793650794
Haryana,HISAR,2005,Whole Year,Potato,157,2700,17.19745223
Haryana,HISAR,2005,Whole Year,Sannhamp,5,,
Haryana,HISAR,2005,Whole Year,Sugarcane,2561,160000,62.47559547
Haryana,HISAR,2006,Kharif,Arhar/Tur,30,,
Haryana,HISAR,2006,Kharif,Bajra,63855,147000,2.302090674
Haryana,HISAR,2006,Kharif,Castor seed,897,300,0.334448161
Haryana,HISAR,2006,Kharif,Cotton(lint),129660,396000,3.054141601
Haryana,HISAR,2006,Kharif,Groundnut,193,200,1.03626943
Haryana,HISAR,2006,Kharif,Horse-gram,125,100,0.8
Haryana,HISAR,2006,Kharif,Jowar,152,,
Haryana,HISAR,2006,Kharif,Maize,26,,
Haryana,HISAR,2006,Kharif,Moong(Green Gram),10704,4500,0.420403587
Haryana,HISAR,2006,Kharif,Moth,624,,
Haryana,HISAR,2006,Kharif,Rice,35283,94000,2.664172548
Haryana,HISAR,2006,Kharif,Sesamum,439,200,0.455580866
Haryana,HISAR,2006,Kharif,Urad,202,100,0.495049505
Haryana,HISAR,2006,Rabi,Barley,6362,21000,3.30084879
Haryana,HISAR,2006,Rabi,Gram,14869,12000,0.807048221
Haryana,HISAR,2006,Rabi,Peas & beans (Pulses),129,200,1.550387597
Haryana,HISAR,2006,Rabi,Rapeseed &Mustard,57792,87000,1.505398671
Haryana,HISAR,2006,Rabi,Wheat,212007,931000,4.391364436
Haryana,HISAR,2006,Whole Year,Dry chillies,575,500,0.869565217
Haryana,HISAR,2006,Whole Year,Onion,4,100,25
Haryana,HISAR,2006,Whole Year,Potato,216,3800,17.59259259
Haryana,HISAR,2006,Whole Year,Sannhamp,1,,
Haryana,HISAR,2006,Whole Year,Sugarcane,3246,185000,56.99322243
Haryana,HISAR,2007,Kharif,Arhar/Tur,43,100,2.325581395
Haryana,HISAR,2007,Kharif,Bajra,62986,146000,2.317975423
Haryana,HISAR,2007,Kharif,Castor seed,430,300,0.697674419
Haryana,HISAR,2007,Kharif,Cotton(lint),118126,466000,3.944940149
Haryana,HISAR,2007,Kharif,Groundnut,162,100,0.617283951
Haryana,HISAR,2007,Kharif,Maize,22,,
Haryana,HISAR,2007,Kharif,Moong(Green Gram),10405,4500,0.432484383
Haryana,HISAR,2007,Kharif,Moth,627,,
Haryana,HISAR,2007,Kharif,Rice,37626,99000,2.631159305
Haryana,HISAR,2007,Kharif,Sesamum,325,200,0.615384615
Haryana,HISAR,2007,Kharif,Urad,158,100,0.632911392
Haryana,HISAR,2007,Rabi,Barley,7308,20000,2.736726875
Haryana,HISAR,2007,Rabi,Gram,11736,7000,0.596455351
Haryana,HISAR,2007,Rabi,Masoor,35,100,2.857142857
Haryana,HISAR,2007,Rabi,Peas & beans (Pulses),1,,
Haryana,HISAR,2007,Rabi,Rapeseed &Mustard,46058,51000,1.107299492
Haryana,HISAR,2007,Rabi,Wheat,227049,890000,3.919858709
Haryana,HISAR,2007,Whole Year,Dry chillies,497,4900,9.85915493
Haryana,HISAR,2007,Whole Year,Potato,250,4200,16.8
Haryana,HISAR,2007,Whole Year,Sannhamp,3,,
Haryana,HISAR,2007,Whole Year,Sugarcane,2669,170000,63.69426752
Haryana,HISAR,2008,Kharif,Arhar/Tur,128,100,0.78125
Haryana,HISAR,2008,Kharif,Bajra,60159,134000,2.227430642
Haryana,HISAR,2008,Kharif,Castor seed,372,400,1.075268817
Haryana,HISAR,2008,Kharif,Cotton(lint),112152,468000,4.172908196
Haryana,HISAR,2008,Kharif,Groundnut,416,400,0.961538462
Haryana,HISAR,2008,Kharif,Maize,18,,
Haryana,HISAR,2008,Kharif,Moong(Green Gram),7385,3300,0.446851726
Haryana,HISAR,2008,Kharif,Moth,682,100,0.146627566
Haryana,HISAR,2008,Kharif,Rice,48567,132000,2.717894867
Haryana,HISAR,2008,Kharif,Sesamum,419,200,0.477326969
Haryana,HISAR,2008,Kharif,Urad,182,100,0.549450549
Haryana,HISAR,2008,Rabi,Barley,9366,32000,3.416613282
Haryana,HISAR,2008,Rabi,Gram,21414,18000,0.840571589
Haryana,HISAR,2008,Rabi,Masoor,3,,
Haryana,HISAR,2008,Rabi,Peas & beans (Pulses),61,100,1.639344262
Haryana,HISAR,2008,Rabi,Rapeseed &Mustard,51289,90200,1.758661701
Haryana,HISAR,2008,Rabi,Wheat,223118,1077000,4.827042193
Haryana,HISAR,2008,Whole Year,Dry chillies,391,4200,10.74168798
Haryana,HISAR,2008,Whole Year,Potato,76,1100,14.47368421
Haryana,HISAR,2008,Whole Year,Sannhamp,1,,
Haryana,HISAR,2008,Whole Year,Sugarcane,1341,50000,37.28560776
Haryana,HISAR,2009,Kharif,Arhar/Tur,3,,
Haryana,HISAR,2009,Kharif,Bajra,45706,92000,2.012864832
Haryana,HISAR,2009,Kharif,Castor seed,50,100,2
Haryana,HISAR,2009,Kharif,Cotton(lint),132751,477000,3.593193272
Haryana,HISAR,2009,Kharif,Groundnut,452,500,1.10619469
Haryana,HISAR,2009,Kharif,Maize,48,,
Haryana,HISAR,2009,Kharif,Moong(Green Gram),10022,4300,0.429056077
Haryana,HISAR,2009,Kharif,Moth,527,100,0.189753321
Haryana,HISAR,2009,Kharif,Rice,43250,94000,2.173410405
Haryana,HISAR,2009,Kharif,Sesamum,226,200,0.884955752
Haryana,HISAR,2009,Kharif,Urad,42,,
Haryana,HISAR,2009,Rabi,Barley,6968,22000,3.157290471
Haryana,HISAR,2009,Rabi,Gram,10579,7000,0.66168825
Haryana,HISAR,2009,Rabi,Masoor,4,,
Haryana,HISAR,2009,Rabi,Peas & beans (Pulses),50,100,2
Haryana,HISAR,2009,Rabi,Wheat,225178,931000,4.134506923
Haryana,HISAR,2009,Whole Year,Dry chillies,319,700,2.194357367
Haryana,HISAR,2009,Whole Year,Potato,173,3200,18.49710983
Haryana,HISAR,2009,Whole Year,Sugarcane,757,55000,72.65521797
Haryana,HISAR,2010,Kharif,Arhar/Tur,361,400,1.108033241
Haryana,HISAR,2010,Kharif,Bajra,56801,127000,2.235876129
Haryana,HISAR,2010,Kharif,Castor seed,299,100,0.334448161
Haryana,HISAR,2010,Kharif,Cotton(lint),124277,431000,3.468059255
Haryana,HISAR,2010,Kharif,Groundnut,392,400,1.020408163
Haryana,HISAR,2010,Kharif,Maize,59,,
Haryana,HISAR,2010,Kharif,Moong(Green Gram),15379,7100,0.461668509
Haryana,HISAR,2010,Kharif,Moth,1150,300,0.260869565
Haryana,HISAR,2010,Kharif,Other Kharif pulses,162,,
Haryana,HISAR,2010,Kharif,Rice,44733,113000,2.5260993
Haryana,HISAR,2010,Kharif,Sesamum,305,200,0.655737705
Haryana,HISAR,2010,Kharif,Urad,2,,
Haryana,HISAR,2010,Rabi,Barley,5675,22000,3.876651982
Haryana,HISAR,2010,Rabi,Gram,19090,17000,0.890518596
Haryana,HISAR,2010,Rabi,Masoor,8,,
Haryana,HISAR,2010,Rabi,Rapeseed &Mustard,70207,141000,2.008346746
Haryana,HISAR,2010,Rabi,Wheat,221814,1026000,4.625497038
Haryana,HISAR,2010,Whole Year,Dry chillies,407,4500,11.05651106
Haryana,HISAR,2010,Whole Year,Onion,11,200,18.18181818
Haryana,HISAR,2010,Whole Year,Potato,151,2500,16.55629139
Haryana,HISAR,2010,Whole Year,Sugarcane,1120,7000,6.25
Haryana,HISAR,2011,Kharif,Arhar/Tur,68,100,1.470588235
Haryana,HISAR,2011,Kharif,Bajra,44941,99000,2.202888231
Haryana,HISAR,2011,Kharif,Castor seed,603,200,0.331674959
Haryana,HISAR,2011,Kharif,Cotton(lint),153514,667000,4.344880597
Haryana,HISAR,2011,Kharif,Groundnut,189,200,1.058201058
Haryana,HISAR,2011,Kharif,Maize,51,,
Haryana,HISAR,2011,Kharif,Moong(Green Gram),9804,4600,0.469196246
Haryana,HISAR,2011,Kharif,Moth,276,100,0.362318841
Haryana,HISAR,2011,Kharif,Rice,42921,111000,2.586146642
Haryana,HISAR,2011,Kharif,Sesamum,141,100,0.709219858
Haryana,HISAR,2011,Kharif,Urad,3,,
Haryana,HISAR,2011,Rabi,Barley,4350,15000,3.448275862
Haryana,HISAR,2011,Rabi,Gram,14044,12000,0.85445742
Haryana,HISAR,2011,Rabi,Masoor,7,,
Haryana,HISAR,2011,Rabi,Rapeseed &Mustard,59725,102000,1.707827543
Haryana,HISAR,2011,Rabi,Wheat,237072,1208000,5.095498414
Haryana,HISAR,2011,Whole Year,Potato,229,3200,13.97379913
Haryana,HISAR,2011,Whole Year,Sugarcane,1193,7000,5.867560771
Haryana,HISAR,2012,Kharif,Arhar/Tur,8,8,1
Haryana,HISAR,2012,Kharif,Bajra,28423,60000,2.110966471
Haryana,HISAR,2012,Kharif,Castor seed,208,83,0.399038462
Haryana,HISAR,2012,Kharif,Cotton(lint),145604,528000,3.626274003
Haryana,HISAR,2012,Kharif,Groundnut,169,202,1.195266272
Haryana,HISAR,2012,Kharif,Maize,24,,
Haryana,HISAR,2012,Kharif,Moong(Green Gram),5376,2546,0.47358631
Haryana,HISAR,2012,Kharif,Rice,42070,102000,2.424530544
Haryana,HISAR,2012,Kharif,Sesamum,63,35,0.555555556
Haryana,HISAR,2012,Rabi,Barley,6292,19000,3.019707565
Haryana,HISAR,2012,Rabi,Gram,5758,5000,0.868357068
Haryana,HISAR,2012,Rabi,Rapeseed &Mustard,61966,102800,1.658974276
Haryana,HISAR,2012,Rabi,Wheat,231555,987000,4.262486234
Haryana,HISAR,2012,Whole Year,Dry chillies,288,2400,8.333333333
Haryana,HISAR,2012,Whole Year,Guar seed,64142,44899,0.699993764
Haryana,HISAR,2012,Whole Year,Potato,145,3400,23.44827586
Haryana,HISAR,2012,Whole Year,Sugarcane,1035,60000,57.97101449
Haryana,HISAR,2012,Whole Year,Sweet potato,8,100,12.5
Haryana,JHAJJAR,1997,Kharif,Bajra,29000,33000,1.137931034
Haryana,JHAJJAR,1997,Kharif,Jowar,30000,5000,0.166666667
Haryana,JHAJJAR,1997,Kharif,Other Kharif pulses,2600,2100,0.807692308
Haryana,JHAJJAR,1997,Kharif,Rice,8000,13000,1.625
Haryana,JHAJJAR,1997,Rabi,Barley,3000,8000,2.666666667
Haryana,JHAJJAR,1997,Rabi,Gram,10000,6000,0.6
Haryana,JHAJJAR,1997,Rabi,Other  Rabi pulses,1000,1000,1
Haryana,JHAJJAR,1997,Rabi,Wheat,90000,337000,3.744444444
Haryana,JHAJJAR,1997,Whole Year,Cotton(lint),2000,3000,1.5
Haryana,JHAJJAR,1997,Whole Year,Sugarcane,4000,150000,37.5
Haryana,JHAJJAR,1998,Kharif,Arhar/Tur,2106,1700,0.807217474
Haryana,JHAJJAR,1998,Kharif,Bajra,36402,37000,1.016427669
Haryana,JHAJJAR,1998,Kharif,Cotton(lint),2339,3000,1.282599401
Haryana,JHAJJAR,1998,Kharif,Groundnut,18,,
Haryana,JHAJJAR,1998,Kharif,Jowar,35738,8000,0.223851363
Haryana,JHAJJAR,1998,Kharif,Maize,19,,
Haryana,JHAJJAR,1998,Kharif,Moong(Green Gram),3,,
Haryana,JHAJJAR,1998,Kharif,Rice,19923,38000,1.907343272
Haryana,JHAJJAR,1998,Kharif,Sesamum,44,,
Haryana,JHAJJAR,1998,Kharif,Urad,147,,
Haryana,JHAJJAR,1998,Rabi,Barley,1916,6000,3.131524008
Haryana,JHAJJAR,1998,Rabi,Gram,8080,7000,0.866336634
Haryana,JHAJJAR,1998,Rabi,Peas & beans (Pulses),173,100,0.578034682
Haryana,JHAJJAR,1998,Rabi,Rapeseed &Mustard,31054,38000,1.223674889
Haryana,JHAJJAR,1998,Rabi,Wheat,98100,356000,3.628950051
Haryana,JHAJJAR,1998,Whole Year,Onion,9,100,11.11111111
Haryana,JHAJJAR,1998,Whole Year,Potato,9,100,11.11111111
Haryana,JHAJJAR,1998,Whole Year,Sannhamp,388,100,0.257731959
Haryana,JHAJJAR,1998,Whole Year,Sugarcane,3186,170000,53.35844319
Haryana,JHAJJAR,1999,Kharif,Arhar/Tur,1967,1200,0.61006609
Haryana,JHAJJAR,1999,Kharif,Bajra,25982,14000,0.538834578
Haryana,JHAJJAR,1999,Kharif,Cotton(lint),1094,1000,0.914076782
Haryana,JHAJJAR,1999,Kharif,Groundnut,138,100,0.724637681
Haryana,JHAJJAR,1999,Kharif,Jowar,26997,5000,0.185205764
Haryana,JHAJJAR,1999,Kharif,Maize,33,0,0
Haryana,JHAJJAR,1999,Kharif,Rice,15097,14000,0.927336557
Haryana,JHAJJAR,1999,Kharif,Sesamum,29,0,0
Haryana,JHAJJAR,1999,Rabi,Barley,3243,10000,3.083564601
Haryana,JHAJJAR,1999,Rabi,Gram,4495,2000,0.444938821
Haryana,JHAJJAR,1999,Rabi,Peas & beans (Pulses),50,0,0
Haryana,JHAJJAR,1999,Rabi,Rapeseed &Mustard,20591,29000,1.408382303
Haryana,JHAJJAR,1999,Rabi,Wheat,103392,377000,3.64631693
Haryana,JHAJJAR,1999,Whole Year,Onion,55,1200,21.81818182
Haryana,JHAJJAR,1999,Whole Year,Potato,1,100,100
Haryana,JHAJJAR,1999,Whole Year,Sugarcane,1835,80000,43.59673025
Haryana,JHAJJAR,2000,Kharif,Arhar/Tur,2680,1700,0.634328358
Haryana,JHAJJAR,2000,Kharif,Bajra,28354,31000,1.093320166
Haryana,JHAJJAR,2000,Kharif,Cotton(lint),1577,2000,1.268230818
Haryana,JHAJJAR,2000,Kharif,Groundnut,3,0,0
Haryana,JHAJJAR,2000,Kharif,Jowar,28523,6000,0.210356554
Haryana,JHAJJAR,2000,Kharif,Maize,25,0,0
Haryana,JHAJJAR,2000,Kharif,Moong(Green Gram),1,0,0
Haryana,JHAJJAR,2000,Kharif,Rice,16498,25000,1.515335192
Haryana,JHAJJAR,2000,Kharif,Sesamum,45,0,0
Haryana,JHAJJAR,2000,Rabi,Barley,4234,12000,2.834199339
Haryana,JHAJJAR,2000,Rabi,Gram,2353,2000,0.849978751
Haryana,JHAJJAR,2000,Rabi,Peas & beans (Pulses),86,100,1.162790698
Haryana,JHAJJAR,2000,Rabi,Rapeseed &Mustard,23649,38000,1.60683327
Haryana,JHAJJAR,2000,Rabi,Wheat,105106,402000,3.824710292
Haryana,JHAJJAR,2000,Whole Year,Onion,35,800,22.85714286
Haryana,JHAJJAR,2000,Whole Year,Sannhamp,122,0,0
Haryana,JHAJJAR,2000,Whole Year,Sugarcane,2005,90000,44.88778055
Haryana,JHAJJAR,2001,Kharif,Arhar/Tur,4362,2900,0.664832646
Haryana,JHAJJAR,2001,Kharif,Bajra,26082,32000,1.226899778
Haryana,JHAJJAR,2001,Kharif,Cotton(lint),1261,2000,1.586042823
Haryana,JHAJJAR,2001,Kharif,Groundnut,1,0,0
Haryana,JHAJJAR,2001,Kharif,Jowar,26513,6000,0.226304077
Haryana,JHAJJAR,2001,Kharif,Maize,48,0,0
Haryana,JHAJJAR,2001,Kharif,Moong(Green Gram),2,0,0
Haryana,JHAJJAR,2001,Kharif,Rice,15794,22000,1.392934026
Haryana,JHAJJAR,2001,Kharif,Sesamum,35,0,0
Haryana,JHAJJAR,2001,Rabi,Barley,1923,6000,3.120124805
Haryana,JHAJJAR,2001,Rabi,Gram,3570,4000,1.120448179
Haryana,JHAJJAR,2001,Rabi,Peas & beans (Pulses),110,100,0.909090909
Haryana,JHAJJAR,2001,Rabi,Rapeseed &Mustard,31127,49000,1.574196036
Haryana,JHAJJAR,2001,Rabi,Wheat,101209,396000,3.912695511
Haryana,JHAJJAR,2001,Whole Year,Potato,15,300,20
Haryana,JHAJJAR,2001,Whole Year,Sannhamp,124,0,0
Haryana,JHAJJAR,2001,Whole Year,Sugarcane,2577,150000,58.20721769
Haryana,JHAJJAR,2002,Kharif,Arhar/Tur,7978,5200,0.651792429
Haryana,JHAJJAR,2002,Kharif,Bajra,27136,32000,1.179245283
Haryana,JHAJJAR,2002,Kharif,Cotton(lint),3657,4000,1.093792726
Haryana,JHAJJAR,2002,Kharif,Groundnut,14,0,0
Haryana,JHAJJAR,2002,Kharif,Jowar,30559,6000,0.196341503
Haryana,JHAJJAR,2002,Kharif,Maize,24,0,0
Haryana,JHAJJAR,2002,Kharif,Moong(Green Gram),43,0,0
Haryana,JHAJJAR,2002,Kharif,Rice,6484,19000,2.930289944
Haryana,JHAJJAR,2002,Kharif,Sesamum,87,0,0
Haryana,JHAJJAR,2002,Rabi,Barley,1437,3000,2.087682672
Haryana,JHAJJAR,2002,Rabi,Gram,1835,2000,1.089918256
Haryana,JHAJJAR,2002,Rabi,Peas & beans (Pulses),84,100,1.19047619
Haryana,JHAJJAR,2002,Rabi,Rapeseed &Mustard,42309,49000,1.158146021
Haryana,JHAJJAR,2002,Rabi,Wheat,93118,366000,3.930496789
Haryana,JHAJJAR,2002,Whole Year,Banana,103,0,0
Haryana,JHAJJAR,2002,Whole Year,Onion,226,4400,19.46902655
Haryana,JHAJJAR,2002,Whole Year,Other Vegetables,764,2000,2.617801047
Haryana,JHAJJAR,2002,Whole Year,Potato,21,400,19.04761905
Haryana,JHAJJAR,2002,Whole Year,Sannhamp,128,0,0
Haryana,JHAJJAR,2002,Whole Year,Sugarcane,3379,150000,44.3918319
Haryana,JHAJJAR,2003,Kharif,Arhar/Tur,3924,4300,1.095820591
Haryana,JHAJJAR,2003,Kharif,Bajra,26770,39000,1.456854688
Haryana,JHAJJAR,2003,Kharif,Cotton(lint),3397,8000,2.355019135
Haryana,JHAJJAR,2003,Kharif,Groundnut,29,0,0
Haryana,JHAJJAR,2003,Kharif,Jowar,25387,7000,0.275731674
Haryana,JHAJJAR,2003,Kharif,Maize,98,0,0
Haryana,JHAJJAR,2003,Kharif,Moong(Green Gram),52,0,0
Haryana,JHAJJAR,2003,Kharif,Rice,11702,18000,1.538198599
Haryana,JHAJJAR,2003,Kharif,Sesamum,44,0,0
Haryana,JHAJJAR,2003,Rabi,Barley,1415,3000,2.120141343
Haryana,JHAJJAR,2003,Rabi,Gram,1998,2000,1.001001001
Haryana,JHAJJAR,2003,Rabi,Peas & beans (Pulses),131,100,0.763358779
Haryana,JHAJJAR,2003,Rabi,Rapeseed &Mustard,43152,64000,1.483129403
Haryana,JHAJJAR,2003,Rabi,Wheat,92614,358000,3.865506295
Haryana,JHAJJAR,2003,Whole Year,Mango,125,2,0.016
Haryana,JHAJJAR,2003,Whole Year,Onion,134,2600,19.40298507
Haryana,JHAJJAR,2003,Whole Year,Other Vegetables,610,1600,2.62295082
Haryana,JHAJJAR,2003,Whole Year,Potato,19,300,15.78947368
Haryana,JHAJJAR,2003,Whole Year,Sannhamp,122,0,0
Haryana,JHAJJAR,2003,Whole Year,Sugarcane,2772,150000,54.11255411
Haryana,JHAJJAR,2004,Kharif,Arhar/Tur,5508,5400,0.980392157
Haryana,JHAJJAR,2004,Kharif,Bajra,25432,36000,1.415539478
Haryana,JHAJJAR,2004,Kharif,Cotton(lint),5325,7000,1.314553991
Haryana,JHAJJAR,2004,Kharif,Groundnut,61,,
Haryana,JHAJJAR,2004,Kharif,Jowar,26099,7000,0.26820951
Haryana,JHAJJAR,2004,Kharif,Maize,72,,
Haryana,JHAJJAR,2004,Kharif,Moong(Green Gram),44,,
Haryana,JHAJJAR,2004,Kharif,Rice,13362,16000,1.197425535
Haryana,JHAJJAR,2004,Kharif,Sesamum,73,,
Haryana,JHAJJAR,2004,Rabi,Barley,1126,3000,2.664298401
Haryana,JHAJJAR,2004,Rabi,Gram,756,1000,1.322751323
Haryana,JHAJJAR,2004,Rabi,Peas & beans (Pulses),1,,
Haryana,JHAJJAR,2004,Rabi,Rapeseed &Mustard,55470,73000,1.316026681
Haryana,JHAJJAR,2004,Rabi,Wheat,84057,302000,3.592800124
Haryana,JHAJJAR,2004,Whole Year,Onion,11,200,18.18181818
Haryana,JHAJJAR,2004,Whole Year,Potato,10,200,20
Haryana,JHAJJAR,2004,Whole Year,Sannhamp,144,,
Haryana,JHAJJAR,2004,Whole Year,Sugarcane,2373,90000,37.92667509
Haryana,JHAJJAR,2005,Kharif,Arhar/Tur,5854,6400,1.093269559
Haryana,JHAJJAR,2005,Kharif,Bajra,26796,34000,1.268846096
Haryana,JHAJJAR,2005,Kharif,Cotton(lint),3617,7000,1.935305502
Haryana,JHAJJAR,2005,Kharif,Groundnut,162,100,0.617283951
Haryana,JHAJJAR,2005,Kharif,Jowar,25382,7000,0.27578599
Haryana,JHAJJAR,2005,Kharif,Maize,116,,
Haryana,JHAJJAR,2005,Kharif,Moong(Green Gram),14,,
Haryana,JHAJJAR,2005,Kharif,Rice,17028,29000,1.703077284
Haryana,JHAJJAR,2005,Kharif,Sesamum,26,,
Haryana,JHAJJAR,2005,Rabi,Barley,1180,3000,2.542372881
Haryana,JHAJJAR,2005,Rabi,Gram,1321,1000,0.757002271
Haryana,JHAJJAR,2005,Rabi,Peas & beans (Pulses),47,,
Haryana,JHAJJAR,2005,Rabi,Rapeseed &Mustard,56448,48000,0.850340136
Haryana,JHAJJAR,2005,Rabi,Wheat,85059,315000,3.703311819
Haryana,JHAJJAR,2005,Whole Year,Onion,163,2700,16.56441718
Haryana,JHAJJAR,2005,Whole Year,Potato,6,100,16.66666667
Haryana,JHAJJAR,2005,Whole Year,Sannhamp,116,,
Haryana,JHAJJAR,2005,Whole Year,Sugarcane,1857,120000,64.62035541
Haryana,JHAJJAR,2006,Kharif,Arhar/Tur,6175,6800,1.101214575
Haryana,JHAJJAR,2006,Kharif,Bajra,30052,39000,1.297750566
Haryana,JHAJJAR,2006,Kharif,Cotton(lint),1736,5000,2.880184332
Haryana,JHAJJAR,2006,Kharif,Groundnut,182,100,0.549450549
Haryana,JHAJJAR,2006,Kharif,Jowar,25781,7000,0.271517784
Haryana,JHAJJAR,2006,Kharif,Maize,125,,
Haryana,JHAJJAR,2006,Kharif,Moong(Green Gram),50,,
Haryana,JHAJJAR,2006,Kharif,Rice,17210,31000,1.801278327
Haryana,JHAJJAR,2006,Kharif,Sesamum,54,,
Haryana,JHAJJAR,2006,Rabi,Barley,2612,9000,3.445635528
Haryana,JHAJJAR,2006,Rabi,Gram,1292,1000,0.773993808
Haryana,JHAJJAR,2006,Rabi,Peas & beans (Pulses),156,200,1.282051282
Haryana,JHAJJAR,2006,Rabi,Rapeseed &Mustard,41170,54000,1.311634685
Haryana,JHAJJAR,2006,Rabi,Wheat,96315,376000,3.903857135
Haryana,JHAJJAR,2006,Whole Year,Onion,99,2100,21.21212121
Haryana,JHAJJAR,2006,Whole Year,Potato,4,100,25
Haryana,JHAJJAR,2006,Whole Year,Sannhamp,85,,
Haryana,JHAJJAR,2006,Whole Year,Sugarcane,2559,192000,75.02930832
Haryana,JHAJJAR,2007,Kharif,Arhar/Tur,6478,7100,1.096017289
Haryana,JHAJJAR,2007,Kharif,Bajra,30983,55000,1.775167027
Haryana,JHAJJAR,2007,Kharif,Cotton(lint),923,2000,2.166847237
Haryana,JHAJJAR,2007,Kharif,Groundnut,135,100,0.740740741
Haryana,JHAJJAR,2007,Kharif,Jowar,26101,12000,0.4597525
Haryana,JHAJJAR,2007,Kharif,Maize,100,,
Haryana,JHAJJAR,2007,Kharif,Moong(Green Gram),30,,
Haryana,JHAJJAR,2007,Kharif,Rice,18778,43000,2.289913729
Haryana,JHAJJAR,2007,Kharif,Sesamum,29,,
Haryana,JHAJJAR,2007,Rabi,Barley,1630,5000,3.067484663
Haryana,JHAJJAR,2007,Rabi,Gram,672,1000,1.488095238
Haryana,JHAJJAR,2007,Rabi,Peas & beans (Pulses),75,100,1.333333333
Haryana,JHAJJAR,2007,Rabi,Rapeseed &Mustard,34765,43000,1.236876169
Haryana,JHAJJAR,2007,Rabi,Wheat,98762,388000,3.92863652
Haryana,JHAJJAR,2007,Whole Year,Sannhamp,44,,
Haryana,JHAJJAR,2007,Whole Year,Sugarcane,2474,180000,72.75666936
Haryana,JHAJJAR,2007,Whole Year,Sweet potato,1,,
Haryana,JHAJJAR,2008,Kharif,Arhar/Tur,8422,9300,1.104250772
Haryana,JHAJJAR,2008,Kharif,Bajra,27287,44000,1.612489464
Haryana,JHAJJAR,2008,Kharif,Cotton(lint),559,3000,5.366726297
Haryana,JHAJJAR,2008,Kharif,Groundnut,135,200,1.481481481
Haryana,JHAJJAR,2008,Kharif,Jowar,21231,10000,0.471009373
Haryana,JHAJJAR,2008,Kharif,Maize,30,,
Haryana,JHAJJAR,2008,Kharif,Moong(Green Gram),30,,
Haryana,JHAJJAR,2008,Kharif,Rice,33888,33000,0.973796034
Haryana,JHAJJAR,2008,Kharif,Sesamum,31,,
Haryana,JHAJJAR,2008,Rabi,Barley,3732,15000,4.019292605
Haryana,JHAJJAR,2008,Rabi,Gram,666,1000,1.501501502
Haryana,JHAJJAR,2008,Rabi,Masoor,75,100,1.333333333
Haryana,JHAJJAR,2008,Rabi,Rapeseed &Mustard,35301,65000,1.841307612
Haryana,JHAJJAR,2008,Rabi,Wheat,93716,409000,4.364249434
Haryana,JHAJJAR,2008,Whole Year,Sannhamp,44,,
Haryana,JHAJJAR,2008,Whole Year,Sugarcane,1416,44000,31.07344633
Haryana,JHAJJAR,2008,Whole Year,Sweet potato,1,,
Haryana,JHAJJAR,2009,Kharif,Arhar/Tur,4691,5200,1.108505649
Haryana,JHAJJAR,2009,Kharif,Bajra,30967,61000,1.969838861
Haryana,JHAJJAR,2009,Kharif,Cotton(lint),910,3000,3.296703297
Haryana,JHAJJAR,2009,Kharif,Groundnut,54,,
Haryana,JHAJJAR,2009,Kharif,Jowar,18651,90,0.004825479
Haryana,JHAJJAR,2009,Kharif,Maize,99,,
Haryana,JHAJJAR,2009,Kharif,Moong(Green Gram),15,,
Haryana,JHAJJAR,2009,Kharif,Rice,25954,47000,1.810896201
Haryana,JHAJJAR,2009,Kharif,Sesamum,22,,
Haryana,JHAJJAR,2009,Rabi,Barley,2611,8000,3.063960169
Haryana,JHAJJAR,2009,Rabi,Gram,562,1000,1.779359431
Haryana,JHAJJAR,2009,Rabi,Wheat,101063,417000,4.126139141
Haryana,JHAJJAR,2009,Whole Year,Sugarcane,791,70000,88.49557522
Haryana,JHAJJAR,2010,Kharif,Arhar/Tur,5138,5400,1.050992604
Haryana,JHAJJAR,2010,Kharif,Bajra,45629,78000,1.709439172
Haryana,JHAJJAR,2010,Kharif,Cotton(lint),513,1000,1.949317739
Haryana,JHAJJAR,2010,Kharif,Groundnut,146,100,0.684931507
Haryana,JHAJJAR,2010,Kharif,Jowar,15364,8000,0.520697735
Haryana,JHAJJAR,2010,Kharif,Maize,38,,
Haryana,JHAJJAR,2010,Kharif,Moong(Green Gram),65,,
Haryana,JHAJJAR,2010,Kharif,Rice,31014,62000,1.999097182
Haryana,JHAJJAR,2010,Kharif,Sesamum,14,,
Haryana,JHAJJAR,2010,Rabi,Barley,2549,11000,4.315417811
Haryana,JHAJJAR,2010,Rabi,Gram,526,1000,1.901140684
Haryana,JHAJJAR,2010,Rabi,Rapeseed &Mustard,27132,48000,1.769128704
Haryana,JHAJJAR,2010,Rabi,Wheat,100978,455000,4.505931985
Haryana,JHAJJAR,2010,Whole Year,Sannhamp,16,,
Haryana,JHAJJAR,2010,Whole Year,Sugarcane,1973,14000,7.095793208
Haryana,JHAJJAR,2011,Kharif,Arhar/Tur,4580,5300,1.15720524
Haryana,JHAJJAR,2011,Kharif,Bajra,37785,73000,1.931983591
Haryana,JHAJJAR,2011,Kharif,Cotton(lint),952,3000,3.151260504
Haryana,JHAJJAR,2011,Kharif,Groundnut,155,200,1.290322581
Haryana,JHAJJAR,2011,Kharif,Jowar,13412,6000,0.447360573
Haryana,JHAJJAR,2011,Kharif,Maize,98,,
Haryana,JHAJJAR,2011,Kharif,Moong(Green Gram),43,,
Haryana,JHAJJAR,2011,Kharif,Rice,30923,67000,2.166672056
Haryana,JHAJJAR,2011,Kharif,Sannhamp,4,,
Haryana,JHAJJAR,2011,Kharif,Sesamum,38,,
Haryana,JHAJJAR,2011,Kharif,Soyabean,3,,
Haryana,JHAJJAR,2011,Rabi,Barley,4638,15000,3.234152652
Haryana,JHAJJAR,2011,Rabi,Gram,428,,
Haryana,JHAJJAR,2011,Rabi,Peas & beans (Pulses),8,,
Haryana,JHAJJAR,2011,Rabi,Rapeseed &Mustard,29079,46000,1.581897589
Haryana,JHAJJAR,2011,Rabi,Wheat,98419,481000,4.887267702
Haryana,JHAJJAR,2011,Whole Year,Sugarcane,2750,21000,7.636363636
Haryana,JHAJJAR,2012,Kharif,Arhar/Tur,4051,4812,1.187854851
Haryana,JHAJJAR,2012,Kharif,Bajra,28779,56000,1.945863303
Haryana,JHAJJAR,2012,Kharif,Cotton(lint),2872,7000,2.437325905
Haryana,JHAJJAR,2012,Kharif,Groundnut,72,81,1.125
Haryana,JHAJJAR,2012,Kharif,Jowar,12819,6500,0.507059833
Haryana,JHAJJAR,2012,Kharif,Maize,190,,
Haryana,JHAJJAR,2012,Kharif,Moong(Green Gram),20,8,0.4
Haryana,JHAJJAR,2012,Kharif,Rice,23128,53000,2.291594604
Haryana,JHAJJAR,2012,Kharif,Sannhamp,17,6,0.352941176
Haryana,JHAJJAR,2012,Kharif,Sesamum,27,11,0.407407407
Haryana,JHAJJAR,2012,Rabi,Barley,6923,25000,3.611151235
Haryana,JHAJJAR,2012,Rabi,Gram,619,1000,1.615508885
Haryana,JHAJJAR,2012,Rabi,Peas & beans (Pulses),1,1,1
Haryana,JHAJJAR,2012,Rabi,Rapeseed &Mustard,35519,59000,1.661082801
Haryana,JHAJJAR,2012,Rabi,Wheat,95856,377000,3.932982808
Haryana,JHAJJAR,2012,Whole Year,Guar seed,6500,4550,0.7
Haryana,JHAJJAR,2012,Whole Year,Onion,29,500,17.24137931
Haryana,JHAJJAR,2012,Whole Year,Sugarcane,2970,191000,64.30976431
Haryana,JIND,1997,Kharif,Bajra,39000,56000,1.435897436
Haryana,JIND,1997,Kharif,Jowar,3000,1000,0.333333333
Haryana,JIND,1997,Kharif,Maize,1000,2000,2
Haryana,JIND,1997,Kharif,Other Kharif pulses,500,400,0.8
Haryana,JIND,1997,Kharif,Rice,81000,224000,2.765432099
Haryana,JIND,1997,Rabi,Barley,2000,5000,2.5
Haryana,JIND,1997,Rabi,Gram,10000,7000,0.7
Haryana,JIND,1997,Rabi,Other  Rabi pulses,2000,2000,1
Haryana,JIND,1997,Rabi,Wheat,175000,631000,3.605714286
Haryana,JIND,1997,Whole Year,Cotton(lint),60000,102000,1.7
Haryana,JIND,1997,Whole Year,Sugarcane,9000,460000,51.11111111
Haryana,JIND,1998,Kharif,Arhar/Tur,84,100,1.19047619
Haryana,JIND,1998,Kharif,Bajra,37110,57800,1.557531663
Haryana,JIND,1998,Kharif,Cotton(lint),45896,67000,1.459822207
Haryana,JIND,1998,Kharif,Jowar,2842,,
Haryana,JIND,1998,Kharif,Maize,18,,
Haryana,JIND,1998,Kharif,Moong(Green Gram),21,,
Haryana,JIND,1998,Kharif,Rice,110962,230000,2.072781673
Haryana,JIND,1998,Kharif,Sesamum,161,,
Haryana,JIND,1998,Rabi,Barley,1817,6000,3.302146395
Haryana,JIND,1998,Rabi,Gram,6557,5000,0.762543846
Haryana,JIND,1998,Rabi,Masoor,132,200,1.515151515
Haryana,JIND,1998,Rabi,Rapeseed &Mustard,7760,8000,1.030927835
Haryana,JIND,1998,Rabi,Sunflower,486,500,1.028806584
Haryana,JIND,1998,Rabi,Wheat,180895,734000,4.057602477
Haryana,JIND,1998,Whole Year,Dry chillies,18,,
Haryana,JIND,1998,Whole Year,Onion,35,800,22.85714286
Haryana,JIND,1998,Whole Year,Potato,56,800,14.28571429
Haryana,JIND,1998,Whole Year,Sannhamp,25,,
Haryana,JIND,1998,Whole Year,Sugarcane,5090,260000,51.0805501
Haryana,JIND,1999,Kharif,Arhar/Tur,74,100,1.351351351
Haryana,JIND,1999,Kharif,Bajra,34349,47000,1.368307665
Haryana,JIND,1999,Kharif,Cotton(lint),36705,82000,2.234028062
Haryana,JIND,1999,Kharif,Jowar,2306,1000,0.433651344
Haryana,JIND,1999,Kharif,Maize,4,0,0
Haryana,JIND,1999,Kharif,Moong(Green Gram),26,0,0
Haryana,JIND,1999,Kharif,Rice,116552,205000,1.758871577
Haryana,JIND,1999,Kharif,Sesamum,188,0,0
Haryana,JIND,1999,Kharif,Urad,82,100,1.219512195
Haryana,JIND,1999,Rabi,Barley,554,3000,5.415162455
Haryana,JIND,1999,Rabi,Gram,2004,1000,0.499001996
Haryana,JIND,1999,Rabi,Masoor,82,100,1.219512195
Haryana,JIND,1999,Rabi,Rapeseed &Mustard,5816,6000,1.031636864
Haryana,JIND,1999,Rabi,Wheat,203157,860000,4.233179265
Haryana,JIND,1999,Whole Year,Dry chillies,20,,
Haryana,JIND,1999,Whole Year,Sugarcane,6171,310000,50.23497002
Haryana,JIND,2000,Kharif,Arhar/Tur,41,100,2.43902439
Haryana,JIND,2000,Kharif,Bajra,40297,64000,1.588207559
Haryana,JIND,2000,Kharif,Cotton(lint),38866,77000,1.981166058
Haryana,JIND,2000,Kharif,Jowar,1360,600,0.441176471
Haryana,JIND,2000,Kharif,Maize,4,0,0
Haryana,JIND,2000,Kharif,Moong(Green Gram),25,0,0
Haryana,JIND,2000,Kharif,Rice,111598,222000,1.989282962
Haryana,JIND,2000,Kharif,Sesamum,234,0,0
Haryana,JIND,2000,Rabi,Barley,1624,5000,3.078817734
Haryana,JIND,2000,Rabi,Gram,826,1000,1.210653753
Haryana,JIND,2000,Rabi,Masoor,72,100,1.388888889
Haryana,JIND,2000,Rabi,Rapeseed &Mustard,4057,5000,1.232437762
Haryana,JIND,2000,Rabi,Wheat,206513,891000,4.314498361
Haryana,JIND,2000,Whole Year,Dry chillies,9,0,0
Haryana,JIND,2000,Whole Year,Sannhamp,43,0,0
Haryana,JIND,2000,Whole Year,Sugarcane,7074,380000,53.71783998
Haryana,JIND,2001,Kharif,Arhar/Tur,100,100,1
Haryana,JIND,2001,Kharif,Bajra,38682,53000,1.370146321
Haryana,JIND,2001,Kharif,Cotton(lint),46826,77000,1.644385598
Haryana,JIND,2001,Kharif,Jowar,1364,0,0
Haryana,JIND,2001,Kharif,Maize,30,0,0
Haryana,JIND,2001,Kharif,Moong(Green Gram),41,0,0
Haryana,JIND,2001,Kharif,Rice,104307,222000,2.12833271
Haryana,JIND,2001,Kharif,Sesamum,224,100,0.446428571
Haryana,JIND,2001,Rabi,Barley,1466,5000,3.410641201
Haryana,JIND,2001,Rabi,Gram,735,1000,1.360544218
Haryana,JIND,2001,Rabi,Masoor,65,100,1.538461538
Haryana,JIND,2001,Rabi,Peas & beans (Pulses),13,0,0
Haryana,JIND,2001,Rabi,Rapeseed &Mustard,6169,9000,1.45890744
Haryana,JIND,2001,Rabi,Wheat,206820,877000,4.240402282
Haryana,JIND,2001,Whole Year,Dry chillies,13,0,0
Haryana,JIND,2001,Whole Year,Sannhamp,22,0,0
Haryana,JIND,2001,Whole Year,Sugarcane,8802,500000,56.80527153
Haryana,JIND,2002,Kharif,Arhar/Tur,1064,1100,1.033834586
Haryana,JIND,2002,Kharif,Bajra,40759,43000,1.054981722
Haryana,JIND,2002,Kharif,Cotton(lint),37753,49000,1.2979101
Haryana,JIND,2002,Kharif,Jowar,778,0,0
Haryana,JIND,2002,Kharif,Maize,22,0,0
Haryana,JIND,2002,Kharif,Moong(Green Gram),168,0,0
Haryana,JIND,2002,Kharif,Rice,69245,130000,1.877391869
Haryana,JIND,2002,Kharif,Sesamum,939,200,0.212992545
Haryana,JIND,2002,Kharif,Urad,6,0,0
Haryana,JIND,2002,Rabi,Barley,876,3000,3.424657534
Haryana,JIND,2002,Rabi,Gram,642,1000,1.557632399
Haryana,JIND,2002,Rabi,Masoor,42,100,2.380952381
Haryana,JIND,2002,Rabi,Rapeseed &Mustard,10695,13000,1.215521272
Haryana,JIND,2002,Rabi,Sunflower,1,0,0
Haryana,JIND,2002,Rabi,Wheat,203405,855000,4.203436494
Haryana,JIND,2002,Whole Year,Other Fresh Fruits,996,8200,8.232931727
Haryana,JIND,2002,Whole Year,Other Vegetables,1956,17000,8.691206544
Haryana,JIND,2002,Whole Year,Sannhamp,28,0,0
Haryana,JIND,2002,Whole Year,Sugarcane,11913,610000,51.20456644
Haryana,JIND,2003,Kharif,Arhar/Tur,706,700,0.991501416
Haryana,JIND,2003,Kharif,Bajra,46045,84000,1.824302313
Haryana,JIND,2003,Kharif,Cotton(lint),43210,111000,2.568849803
Haryana,JIND,2003,Kharif,Jowar,404,0,0
Haryana,JIND,2003,Kharif,Maize,477,2000,4.192872117
Haryana,JIND,2003,Kharif,Moong(Green Gram),72,0,0
Haryana,JIND,2003,Kharif,Rice,91072,218000,2.393710471
Haryana,JIND,2003,Kharif,Sesamum,398,100,0.251256281
Haryana,JIND,2003,Kharif,Urad,1,0,0
Haryana,JIND,2003,Rabi,Barley,829,3000,3.618817853
Haryana,JIND,2003,Rabi,Gram,593,1000,1.686340641
Haryana,JIND,2003,Rabi,Masoor,48,100,2.083333333
Haryana,JIND,2003,Rabi,Rapeseed &Mustard,9786,16000,1.634988759
Haryana,JIND,2003,Rabi,Wheat,206844,819000,3.959505714
Haryana,JIND,2003,Whole Year,Dry chillies,12,0,0
Haryana,JIND,2003,Whole Year,Other Fresh Fruits,993,2000,2.014098691
Haryana,JIND,2003,Whole Year,Other Vegetables,1776,15400,8.671171171
Haryana,JIND,2003,Whole Year,Sannhamp,28,0,0
Haryana,JIND,2003,Whole Year,Sugarcane,9347,530000,56.70268535
Haryana,JIND,2004,Kharif,Arhar/Tur,890,900,1.011235955
Haryana,JIND,2004,Kharif,Bajra,45807,67000,1.462658546
Haryana,JIND,2004,Kharif,Cotton(lint),49970,148000,2.961777066
Haryana,JIND,2004,Kharif,Jowar,571,,
Haryana,JIND,2004,Kharif,Moong(Green Gram),57,,
Haryana,JIND,2004,Kharif,Rice,90894,201000,2.211367087
Haryana,JIND,2004,Kharif,Sesamum,371,100,0.269541779
Haryana,JIND,2004,Rabi,Barley,847,3000,3.541912633
Haryana,JIND,2004,Rabi,Gram,427,,
Haryana,JIND,2004,Rabi,Masoor,36,100,2.777777778
Haryana,JIND,2004,Rabi,Rapeseed &Mustard,12545,16000,1.275408529
Haryana,JIND,2004,Rabi,Wheat,206902,859000,4.151724005
Haryana,JIND,2004,Whole Year,Sannhamp,42,,
Haryana,JIND,2004,Whole Year,Sugarcane,5708,370000,64.82130343
Haryana,JIND,2005,Kharif,Arhar/Tur,797,700,0.878293601
Haryana,JIND,2005,Kharif,Bajra,46755,88000,1.882151642
Haryana,JIND,2005,Kharif,Cotton(lint),49688,129000,2.59620029
Haryana,JIND,2005,Kharif,Jowar,247,,
Haryana,JIND,2005,Kharif,Maize,1,,
Haryana,JIND,2005,Kharif,Moong(Green Gram),195,100,0.512820513
Haryana,JIND,2005,Kharif,Rice,96708,258000,2.667824792
Haryana,JIND,2005,Kharif,Sesamum,268,,
Haryana,JIND,2005,Kharif,Urad,1,,
Haryana,JIND,2005,Rabi,Barley,800,3000,3.75
Haryana,JIND,2005,Rabi,Gram,689,1000,1.45137881
Haryana,JIND,2005,Rabi,Masoor,35,100,2.857142857
Haryana,JIND,2005,Rabi,Rapeseed &Mustard,16115,11000,0.682593857
Haryana,JIND,2005,Rabi,Wheat,204623,820000,4.007369651
Haryana,JIND,2005,Whole Year,Potato,15,400,26.66666667
Haryana,JIND,2005,Whole Year,Sannhamp,15,,
Haryana,JIND,2005,Whole Year,Sugarcane,3608,270000,74.83370288
Haryana,JIND,2006,Kharif,Arhar/Tur,1021,900,0.881488737
Haryana,JIND,2006,Kharif,Bajra,53955,109000,2.02020202
Haryana,JIND,2006,Kharif,Cotton(lint),45777,137000,2.992769295
Haryana,JIND,2006,Kharif,Jowar,144,,
Haryana,JIND,2006,Kharif,Moong(Green Gram),74,100,1.351351351
Haryana,JIND,2006,Kharif,Rice,93719,248000,2.646208346
Haryana,JIND,2006,Kharif,Sesamum,267,100,0.374531835
Haryana,JIND,2006,Kharif,Urad,4,,
Haryana,JIND,2006,Rabi,Barley,1088,2000,1.838235294
Haryana,JIND,2006,Rabi,Gram,515,1000,1.941747573
Haryana,JIND,2006,Rabi,Masoor,26,,
Haryana,JIND,2006,Rabi,Rapeseed &Mustard,5856,7000,1.195355191
Haryana,JIND,2006,Rabi,Wheat,213270,897000,4.205936137
Haryana,JIND,2006,Whole Year,Dry chillies,13,,
Haryana,JIND,2006,Whole Year,Sannhamp,5,,
Haryana,JIND,2006,Whole Year,Sugarcane,5081,445000,87.58118481
Haryana,JIND,2007,Kharif,Arhar/Tur,1252,1400,1.118210863
Haryana,JIND,2007,Kharif,Bajra,55722,130000,2.333010301
Haryana,JIND,2007,Kharif,Cotton(lint),44338,165000,3.721412784
Haryana,JIND,2007,Kharif,Jowar,104,,
Haryana,JIND,2007,Kharif,Maize,3,,
Haryana,JIND,2007,Kharif,Moong(Green Gram),53,,
Haryana,JIND,2007,Kharif,Rice,95256,249000,2.614008566
Haryana,JIND,2007,Kharif,Sesamum,234,100,0.427350427
Haryana,JIND,2007,Rabi,Barley,958,3000,3.131524008
Haryana,JIND,2007,Rabi,Gram,461,,
Haryana,JIND,2007,Rabi,Masoor,15,,
Haryana,JIND,2007,Rabi,Rapeseed &Mustard,5291,6000,1.134001134
Haryana,JIND,2007,Rabi,Wheat,213402,893000,4.184590585
Haryana,JIND,2007,Whole Year,Dry chillies,19,200,10.52631579
Haryana,JIND,2007,Whole Year,Sannhamp,7,,
Haryana,JIND,2007,Whole Year,Sugarcane,5327,320000,60.07133471
Haryana,JIND,2008,Kharif,Arhar/Tur,1245,1400,1.124497992
Haryana,JIND,2008,Kharif,Bajra,53145,102000,1.919277448
Haryana,JIND,2008,Kharif,Cotton(lint),45062,153000,3.395322001
Haryana,JIND,2008,Kharif,Jowar,279,,
Haryana,JIND,2008,Kharif,Moong(Green Gram),51,,
Haryana,JIND,2008,Kharif,Moth,2,,
Haryana,JIND,2008,Kharif,Rice,106846,250000,2.339816184
Haryana,JIND,2008,Kharif,Sesamum,177,100,0.564971751
Haryana,JIND,2008,Kharif,Urad,2,,
Haryana,JIND,2008,Rabi,Barley,1041,3000,2.88184438
Haryana,JIND,2008,Rabi,Gram,391,,
Haryana,JIND,2008,Rabi,Masoor,13,,
Haryana,JIND,2008,Rabi,Rapeseed &Mustard,5942,9000,1.514641535
Haryana,JIND,2008,Rabi,Wheat,215214,1030000,4.785934001
Haryana,JIND,2008,Whole Year,Coriander,7,,
Haryana,JIND,2008,Whole Year,Dry chillies,16,200,12.5
Haryana,JIND,2008,Whole Year,Sannhamp,3,,
Haryana,JIND,2008,Whole Year,Sugarcane,2088,116000,55.55555556
Haryana,JIND,2009,Kharif,Arhar/Tur,1081,1100,1.017576318
Haryana,JIND,2009,Kharif,Bajra,44849,79000,1.761466253
Haryana,JIND,2009,Kharif,Cotton(lint),45989,141000,3.065950553
Haryana,JIND,2009,Kharif,Jowar,4,,
Haryana,JIND,2009,Kharif,Moong(Green Gram),32,,
Haryana,JIND,2009,Kharif,Rice,108272,296000,2.733855475
Haryana,JIND,2009,Kharif,Sesamum,101,,
Haryana,JIND,2009,Rabi,Barley,872,3000,3.440366972
Haryana,JIND,2009,Rabi,Gram,180,,
Haryana,JIND,2009,Rabi,Masoor,8,,
Haryana,JIND,2009,Rabi,Wheat,215241,934000,4.339321969
Haryana,JIND,2009,Whole Year,Coriander,2,,
Haryana,JIND,2009,Whole Year,Sugarcane,1201,62000,51.62364696
Haryana,JIND,2010,Kharif,Arhar/Tur,910,1000,1.098901099
Haryana,JIND,2010,Kharif,Bajra,43201,89000,2.060137497
Haryana,JIND,2010,Kharif,Cotton(lint),47272,161000,3.405821628
Haryana,JIND,2010,Kharif,Jowar,45,,
Haryana,JIND,2010,Kharif,Moong(Green Gram),15,,
Haryana,JIND,2010,Kharif,Rice,113883,284000,2.493787484
Haryana,JIND,2010,Kharif,Sesamum,102,,
Haryana,JIND,2010,Rabi,Barley,612,3000,4.901960784
Haryana,JIND,2010,Rabi,Gram,171,,
Haryana,JIND,2010,Rabi,Masoor,20,,
Haryana,JIND,2010,Rabi,Rapeseed &Mustard,4924,9000,1.827782291
Haryana,JIND,2010,Rabi,Wheat,215854,982000,4.549371334
Haryana,JIND,2010,Whole Year,Coriander,1,,
Haryana,JIND,2010,Whole Year,Dry chillies,29,300,10.34482759
Haryana,JIND,2010,Whole Year,Garlic,2,,
Haryana,JIND,2010,Whole Year,Onion,13,300,23.07692308
Haryana,JIND,2010,Whole Year,Potato,341,8800,25.80645161
Haryana,JIND,2010,Whole Year,Sannhamp,2,,
Haryana,JIND,2010,Whole Year,Sugarcane,2064,14000,6.782945736
Haryana,JIND,2011,Kharif,Bajra,28275,58000,2.051282051
Haryana,JIND,2011,Kharif,Cotton(lint),63012,255000,4.046848219
Haryana,JIND,2011,Kharif,Jowar,77,,
Haryana,JIND,2011,Kharif,Moong(Green Gram),455,200,0.43956044
Haryana,JIND,2011,Kharif,Moth,3,,
Haryana,JIND,2011,Kharif,Rice,114854,297000,2.585891654
Haryana,JIND,2011,Kharif,Sannhamp,2,,
Haryana,JIND,2011,Kharif,Sesamum,69,,
Haryana,JIND,2011,Rabi,Barley,611,4000,6.546644845
Haryana,JIND,2011,Rabi,Gram,74,,
Haryana,JIND,2011,Rabi,Masoor,21,,
Haryana,JIND,2011,Rabi,Rapeseed &Mustard,4417,7000,1.584786054
Haryana,JIND,2011,Rabi,Wheat,216610,1136000,5.244448548
Haryana,JIND,2011,Whole Year,Onion,35,600,17.14285714
Haryana,JIND,2011,Whole Year,Potato,252,5600,22.22222222
Haryana,JIND,2011,Whole Year,Sugarcane,2949,22000,7.460155985
Haryana,JIND,2011,Whole Year,Turmeric,1,,
Haryana,JIND,2012,Kharif,Arhar/Tur,66,65,0.984848485
Haryana,JIND,2012,Kharif,Bajra,22684,47000,2.071944983
Haryana,JIND,2012,Kharif,Cotton(lint),66780,244000,3.653788559
Haryana,JIND,2012,Kharif,Jowar,81,,
Haryana,JIND,2012,Kharif,Moth,86,43,0.5
Haryana,JIND,2012,Kharif,Rice,114012,318000,2.789180086
Haryana,JIND,2012,Kharif,Sannhamp,4,1,0.25
Haryana,JIND,2012,Kharif,Sesamum,57,24,0.421052632
Haryana,JIND,2012,Rabi,Barley,564,4000,7.092198582
Haryana,JIND,2012,Rabi,Gram,48,,
Haryana,JIND,2012,Rabi,Masoor,23,30,1.304347826
Haryana,JIND,2012,Rabi,Rapeseed &Mustard,4576,8000,1.748251748
Haryana,JIND,2012,Rabi,Wheat,215979,922000,4.268933554
Haryana,JIND,2012,Whole Year,Dry chillies,8,100,12.5
Haryana,JIND,2012,Whole Year,Guar seed,711,462,0.64978903
Haryana,JIND,2012,Whole Year,Onion,85,2000,23.52941176
Haryana,JIND,2012,Whole Year,Potato,303,6800,22.44224422
Haryana,JIND,2012,Whole Year,Sugarcane,3387,195000,57.57307352
Haryana,KAITHAL,1997,Kharif,Bajra,6000,11000,1.833333333
Haryana,KAITHAL,1997,Kharif,Maize,1000,2000,2
Haryana,KAITHAL,1997,Kharif,Other Kharif pulses,100,100,1
Haryana,KAITHAL,1997,Kharif,Rice,150000,434000,2.893333333
Haryana,KAITHAL,1997,Rabi,Gram,1000,1000,1
Haryana,KAITHAL,1997,Rabi,Other  Rabi pulses,4000,4000,1
Haryana,KAITHAL,1997,Rabi,Wheat,160000,570000,3.5625
Haryana,KAITHAL,1997,Whole Year,Cotton(lint),4000,6000,1.5
Haryana,KAITHAL,1997,Whole Year,Sugarcane,5000,250000,50
Haryana,KAITHAL,1998,Kharif,Arhar/Tur,56,100,1.785714286
Haryana,KAITHAL,1998,Kharif,Bajra,4377,5000,1.142334933
Haryana,KAITHAL,1998,Kharif,Cotton(lint),1383,1000,0.723065799
Haryana,KAITHAL,1998,Kharif,Groundnut,1,,
Haryana,KAITHAL,1998,Kharif,Jowar,225,,
Haryana,KAITHAL,1998,Kharif,Maize,277,,
Haryana,KAITHAL,1998,Kharif,Moong(Green Gram),10,,
Haryana,KAITHAL,1998,Kharif,Rice,162169,349000,2.152075921
Haryana,KAITHAL,1998,Kharif,Sesamum,66,,
Haryana,KAITHAL,1998,Kharif,Urad,3,,
Haryana,KAITHAL,1998,Rabi,Barley,37,,
Haryana,KAITHAL,1998,Rabi,Gram,232,,
Haryana,KAITHAL,1998,Rabi,Masoor,234,300,1.282051282
Haryana,KAITHAL,1998,Rabi,Peas & beans (Pulses),91,100,1.098901099
Haryana,KAITHAL,1998,Rabi,Rapeseed &Mustard,2200,3000,1.363636364
Haryana,KAITHAL,1998,Rabi,Sunflower,4416,5300,1.200181159
Haryana,KAITHAL,1998,Rabi,Wheat,159386,664000,4.165986975
Haryana,KAITHAL,1998,Whole Year,Dry chillies,80,100,1.25
Haryana,KAITHAL,1998,Whole Year,Onion,166,2500,15.06024096
Haryana,KAITHAL,1998,Whole Year,Potato,274,3700,13.50364964
Haryana,KAITHAL,1998,Whole Year,Sugarcane,3903,200000,51.24263387
Haryana,KAITHAL,1999,Kharif,Arhar/Tur,51,100,1.960784314
Haryana,KAITHAL,1999,Kharif,Bajra,4725,5000,1.058201058
Haryana,KAITHAL,1999,Kharif,Cotton(lint),828,2000,2.415458937
Haryana,KAITHAL,1999,Kharif,Jowar,10,0,0
Haryana,KAITHAL,1999,Kharif,Maize,80,0,0
Haryana,KAITHAL,1999,Kharif,Moong(Green Gram),5,0,0
Haryana,KAITHAL,1999,Kharif,Rice,162873,364000,2.234870114
Haryana,KAITHAL,1999,Kharif,Sesamum,52,0,0
Haryana,KAITHAL,1999,Kharif,Urad,213,300,1.408450704
Haryana,KAITHAL,1999,Rabi,Barley,60,0,0
Haryana,KAITHAL,1999,Rabi,Gram,240,0,0
Haryana,KAITHAL,1999,Rabi,Masoor,213,300,1.408450704
Haryana,KAITHAL,1999,Rabi,Peas & beans (Pulses),123,200,1.62601626
Haryana,KAITHAL,1999,Rabi,Rapeseed &Mustard,1581,2000,1.265022138
Haryana,KAITHAL,1999,Rabi,Sunflower,724,900,1.243093923
Haryana,KAITHAL,1999,Rabi,Wheat,174868,768000,4.391884164
Haryana,KAITHAL,1999,Whole Year,Dry chillies,8,,
Haryana,KAITHAL,1999,Whole Year,Onion,288,4100,14.23611111
Haryana,KAITHAL,1999,Whole Year,Potato,357,5600,15.68627451
Haryana,KAITHAL,1999,Whole Year,Sugarcane,4144,220000,53.08880309
Haryana,KAITHAL,2000,Kharif,Arhar/Tur,30,0,0
Haryana,KAITHAL,2000,Kharif,Bajra,5399,5000,0.926097425
Haryana,KAITHAL,2000,Kharif,Cotton(lint),783,2000,2.554278416
Haryana,KAITHAL,2000,Kharif,Jowar,156,0,0
Haryana,KAITHAL,2000,Kharif,Maize,155,0,0
Haryana,KAITHAL,2000,Kharif,Moong(Green Gram),5,0,0
Haryana,KAITHAL,2000,Kharif,Rice,164224,391000,2.380894388
Haryana,KAITHAL,2000,Kharif,Sesamum,45,0,0
Haryana,KAITHAL,2000,Kharif,Urad,4,0,0
Haryana,KAITHAL,2000,Rabi,Barley,108,0,0
Haryana,KAITHAL,2000,Rabi,Gram,262,0,0
Haryana,KAITHAL,2000,Rabi,Masoor,219,300,1.369863014
Haryana,KAITHAL,2000,Rabi,Rapeseed &Mustard,1847,2000,1.082837033
Haryana,KAITHAL,2000,Rabi,Sunflower,431,600,1.392111369
Haryana,KAITHAL,2000,Rabi,Wheat,153454,688000,4.483428259
Haryana,KAITHAL,2000,Whole Year,Dry chillies,44,100,2.272727273
Haryana,KAITHAL,2000,Whole Year,Garlic,2,0,0
Haryana,KAITHAL,2000,Whole Year,Onion,160,2200,13.75
Haryana,KAITHAL,2000,Whole Year,Potato,197,3100,15.73604061
Haryana,KAITHAL,2000,Whole Year,Sugarcane,4683,290000,61.92611574
Haryana,KAITHAL,2000,Whole Year,Turmeric,2,0,0
Haryana,KAITHAL,2001,Kharif,Arhar/Tur,26,0,0
Haryana,KAITHAL,2001,Kharif,Bajra,6086,9000,1.478803812
Haryana,KAITHAL,2001,Kharif,Cotton(lint),1110,1000,0.900900901
Haryana,KAITHAL,2001,Kharif,Jowar,81,0,0
Haryana,KAITHAL,2001,Kharif,Maize,235,0,0
Haryana,KAITHAL,2001,Kharif,Moong(Green Gram),2,0,0
Haryana,KAITHAL,2001,Kharif,Rice,160911,402000,2.498275444
Haryana,KAITHAL,2001,Kharif,Sesamum,60,0,0
Haryana,KAITHAL,2001,Kharif,Urad,4,0,0
Haryana,KAITHAL,2001,Rabi,Barley,40,0,0
Haryana,KAITHAL,2001,Rabi,Gram,483,0,0
Haryana,KAITHAL,2001,Rabi,Masoor,325,400,1.230769231
Haryana,KAITHAL,2001,Rabi,Rapeseed &Mustard,1589,2000,1.258653241
Haryana,KAITHAL,2001,Rabi,Sunflower,250,400,1.6
Haryana,KAITHAL,2001,Rabi,Wheat,168755,769000,4.556902018
Haryana,KAITHAL,2001,Whole Year,Dry chillies,33,0,0
Haryana,KAITHAL,2001,Whole Year,Garlic,1,0,0
Haryana,KAITHAL,2001,Whole Year,Onion,102,1300,12.74509804
Haryana,KAITHAL,2001,Whole Year,Potato,202,3600,17.82178218
Haryana,KAITHAL,2001,Whole Year,Sugarcane,5177,290000,56.01699826
Haryana,KAITHAL,2002,Kharif,Arhar/Tur,85,100,1.176470588
Haryana,KAITHAL,2002,Kharif,Bajra,9642,9000,0.933416304
Haryana,KAITHAL,2002,Kharif,Cotton(lint),1312,2000,1.524390244
Haryana,KAITHAL,2002,Kharif,Maize,115,0,0
Haryana,KAITHAL,2002,Kharif,Moong(Green Gram),11,0,0
Haryana,KAITHAL,2002,Kharif,Rice,170163,444000,2.609262883
Haryana,KAITHAL,2002,Kharif,Sesamum,78,0,0
Haryana,KAITHAL,2002,Rabi,Barley,33,0,0
Haryana,KAITHAL,2002,Rabi,Gram,329,0,0
Haryana,KAITHAL,2002,Rabi,Masoor,293,400,1.365187713
Haryana,KAITHAL,2002,Rabi,Rapeseed &Mustard,1877,3000,1.598295152
Haryana,KAITHAL,2002,Rabi,Sunflower,47,100,2.127659574
Haryana,KAITHAL,2002,Rabi,Wheat,171411,752000,4.387116346
Haryana,KAITHAL,2002,Whole Year,Mango,212,1100,5.188679245
Haryana,KAITHAL,2002,Whole Year,Onion,145,3600,24.82758621
Haryana,KAITHAL,2002,Whole Year,Other Vegetables,758,5800,7.65171504
Haryana,KAITHAL,2002,Whole Year,Potato,248,5900,23.79032258
Haryana,KAITHAL,2002,Whole Year,Sugarcane,4785,280000,58.51619645
Haryana,KAITHAL,2003,Kharif,Arhar/Tur,39,100,2.564102564
Haryana,KAITHAL,2003,Kharif,Bajra,10855,14000,1.289728236
Haryana,KAITHAL,2003,Kharif,Cotton(lint),1673,5000,2.988643156
Haryana,KAITHAL,2003,Kharif,Maize,86,0,0
Haryana,KAITHAL,2003,Kharif,Moong(Green Gram),12,0,0
Haryana,KAITHAL,2003,Kharif,Rice,156847,388000,2.473748302
Haryana,KAITHAL,2003,Kharif,Sesamum,64,0,0
Haryana,KAITHAL,2003,Kharif,Urad,8,0,0
Haryana,KAITHAL,2003,Rabi,Barley,29,0,0
Haryana,KAITHAL,2003,Rabi,Gram,251,0,0
Haryana,KAITHAL,2003,Rabi,Masoor,294,400,1.360544218
Haryana,KAITHAL,2003,Rabi,Rapeseed &Mustard,1289,2000,1.55159038
Haryana,KAITHAL,2003,Rabi,Sunflower,79,100,1.265822785
Haryana,KAITHAL,2003,Rabi,Wheat,173565,722000,4.159824849
Haryana,KAITHAL,2003,Whole Year,Dry chillies,58,100,1.724137931
Haryana,KAITHAL,2003,Whole Year,Onion,142,3500,24.64788732
Haryana,KAITHAL,2003,Whole Year,Other Fresh Fruits,327,0,0
Haryana,KAITHAL,2003,Whole Year,Other Vegetables,895,6900,7.709497207
Haryana,KAITHAL,2003,Whole Year,Potato,197,4700,23.85786802
Haryana,KAITHAL,2003,Whole Year,Sugarcane,3418,160000,46.81100059
Haryana,KAITHAL,2004,Kharif,Arhar/Tur,25,,
Haryana,KAITHAL,2004,Kharif,Bajra,10831,17000,1.56956883
Haryana,KAITHAL,2004,Kharif,Cotton(lint),2611,10000,3.829950211
Haryana,KAITHAL,2004,Kharif,Jowar,34,,
Haryana,KAITHAL,2004,Kharif,Maize,99,,
Haryana,KAITHAL,2004,Kharif,Moong(Green Gram),30,,
Haryana,KAITHAL,2004,Kharif,Rice,152637,399000,2.614045087
Haryana,KAITHAL,2004,Kharif,Sesamum,80,,
Haryana,KAITHAL,2004,Kharif,Urad,13,,
Haryana,KAITHAL,2004,Rabi,Barley,33,,
Haryana,KAITHAL,2004,Rabi,Gram,207,,
Haryana,KAITHAL,2004,Rabi,Masoor,191,200,1.047120419
Haryana,KAITHAL,2004,Rabi,Rapeseed &Mustard,800,1000,1.25
Haryana,KAITHAL,2004,Rabi,Sunflower,63,100,1.587301587
Haryana,KAITHAL,2004,Rabi,Wheat,174257,716000,4.108873675
Haryana,KAITHAL,2004,Whole Year,Dry chillies,35,300,8.571428571
Haryana,KAITHAL,2004,Whole Year,Garlic,9,100,11.11111111
Haryana,KAITHAL,2004,Whole Year,Onion,110,2700,24.54545455
Haryana,KAITHAL,2004,Whole Year,Potato,199,4700,23.61809045
Haryana,KAITHAL,2004,Whole Year,Sugarcane,2315,120000,51.83585313
Haryana,KAITHAL,2005,Kharif,Arhar/Tur,30,,
Haryana,KAITHAL,2005,Kharif,Bajra,11737,23000,1.959614893
Haryana,KAITHAL,2005,Kharif,Cotton(lint),4012,9000,2.243270189
Haryana,KAITHAL,2005,Kharif,Jowar,6,,
Haryana,KAITHAL,2005,Kharif,Maize,108,,
Haryana,KAITHAL,2005,Kharif,Moong(Green Gram),38,,
Haryana,KAITHAL,2005,Kharif,Rice,150621,477000,3.166889079
Haryana,KAITHAL,2005,Kharif,Sesamum,127,100,0.787401575
Haryana,KAITHAL,2005,Kharif,Urad,11,,
Haryana,KAITHAL,2005,Rabi,Barley,109,,
Haryana,KAITHAL,2005,Rabi,Gram,204,,
Haryana,KAITHAL,2005,Rabi,Masoor,175,200,1.142857143
Haryana,KAITHAL,2005,Rabi,Rapeseed &Mustard,762,1000,1.312335958
Haryana,KAITHAL,2005,Rabi,Wheat,172887,726000,4.199274671
Haryana,KAITHAL,2005,Whole Year,Dry chillies,25,,
Haryana,KAITHAL,2005,Whole Year,Potato,103,2500,24.27184466
Haryana,KAITHAL,2005,Whole Year,Sugarcane,2268,100000,44.09171076
Haryana,KAITHAL,2006,Kharif,Arhar/Tur,19,,
Haryana,KAITHAL,2006,Kharif,Bajra,12978,27000,2.080443828
Haryana,KAITHAL,2006,Kharif,Cotton(lint),3122,8000,2.562459962
Haryana,KAITHAL,2006,Kharif,Jowar,36,,
Haryana,KAITHAL,2006,Kharif,Maize,90,,
Haryana,KAITHAL,2006,Kharif,Moong(Green Gram),72,100,1.388888889
Haryana,KAITHAL,2006,Kharif,Rice,150635,473000,3.140040495
Haryana,KAITHAL,2006,Kharif,Sesamum,161,100,0.621118012
Haryana,KAITHAL,2006,Kharif,Urad,8,,
Haryana,KAITHAL,2006,Rabi,Barley,43,,
Haryana,KAITHAL,2006,Rabi,Gram,233,,
Haryana,KAITHAL,2006,Rabi,Masoor,179,200,1.117318436
Haryana,KAITHAL,2006,Rabi,Rapeseed &Mustard,752,1100,1.462765957
Haryana,KAITHAL,2006,Rabi,Wheat,171678,752000,4.38029334
Haryana,KAITHAL,2006,Whole Year,Dry chillies,59,100,1.694915254
Haryana,KAITHAL,2006,Whole Year,Garlic,2,,
Haryana,KAITHAL,2006,Whole Year,Onion,8,,
Haryana,KAITHAL,2006,Whole Year,Potato,180,4300,23.88888889
Haryana,KAITHAL,2006,Whole Year,Sannhamp,294,100,0.340136054
Haryana,KAITHAL,2006,Whole Year,Sugarcane,2507,131000,52.25368967
Haryana,KAITHAL,2007,Kharif,Arhar/Tur,17,,
Haryana,KAITHAL,2007,Kharif,Bajra,13944,46000,3.298909925
Haryana,KAITHAL,2007,Kharif,Cotton(lint),2418,7000,2.894954508
Haryana,KAITHAL,2007,Kharif,Jowar,39,,
Haryana,KAITHAL,2007,Kharif,Maize,39,,
Haryana,KAITHAL,2007,Kharif,Moong(Green Gram),56,,
Haryana,KAITHAL,2007,Kharif,Rice,152110,513000,3.372559332
Haryana,KAITHAL,2007,Kharif,Sesamum,135,100,0.740740741
Haryana,KAITHAL,2007,Kharif,Urad,7,,
Haryana,KAITHAL,2007,Rabi,Barley,16,,
Haryana,KAITHAL,2007,Rabi,Gram,187,,
Haryana,KAITHAL,2007,Rabi,Masoor,134,200,1.492537313
Haryana,KAITHAL,2007,Rabi,Rapeseed &Mustard,719,1000,1.390820584
Haryana,KAITHAL,2007,Rabi,Wheat,173041,768000,4.438254518
Haryana,KAITHAL,2007,Whole Year,Dry chillies,20,100,5
Haryana,KAITHAL,2007,Whole Year,Garlic,7,100,14.28571429
Haryana,KAITHAL,2007,Whole Year,Onion,3,100,33.33333333
Haryana,KAITHAL,2007,Whole Year,Potato,159,2600,16.35220126
Haryana,KAITHAL,2007,Whole Year,Sannhamp,6,,
Haryana,KAITHAL,2007,Whole Year,Sugarcane,3384,190000,56.1465721
Haryana,KAITHAL,2008,Kharif,Arhar/Tur,193,300,1.554404145
Haryana,KAITHAL,2008,Kharif,Bajra,13505,31000,2.295446131
Haryana,KAITHAL,2008,Kharif,Cotton(lint),2524,12000,4.754358162
Haryana,KAITHAL,2008,Kharif,Jowar,17,,
Haryana,KAITHAL,2008,Kharif,Maize,34,,
Haryana,KAITHAL,2008,Kharif,Moong(Green Gram),7,,
Haryana,KAITHAL,2008,Kharif,Rice,156311,391000,2.501423444
Haryana,KAITHAL,2008,Kharif,Sesamum,54,,
Haryana,KAITHAL,2008,Kharif,Urad,5,,
Haryana,KAITHAL,2008,Rabi,Barley,23,,
Haryana,KAITHAL,2008,Rabi,Gram,136,,
Haryana,KAITHAL,2008,Rabi,Masoor,107,300,2.803738318
Haryana,KAITHAL,2008,Rabi,Rapeseed &Mustard,662,2000,3.021148036
Haryana,KAITHAL,2008,Rabi,Wheat,171933,832000,4.839094298
Haryana,KAITHAL,2008,Whole Year,Dry chillies,14,100,7.142857143
Haryana,KAITHAL,2008,Whole Year,Garlic,10,,
Haryana,KAITHAL,2008,Whole Year,Onion,12,300,25
Haryana,KAITHAL,2008,Whole Year,Potato,238,3800,15.96638655
Haryana,KAITHAL,2008,Whole Year,Sugarcane,1743,142000,81.46873207
Haryana,KAITHAL,2008,Whole Year,Turmeric,1,,
Haryana,KAITHAL,2009,Kharif,Arhar/Tur,1,,
Haryana,KAITHAL,2009,Kharif,Bajra,10883,20000,1.837728567
Haryana,KAITHAL,2009,Kharif,Cotton(lint),3475,12000,3.45323741
Haryana,KAITHAL,2009,Kharif,Jowar,16,,
Haryana,KAITHAL,2009,Kharif,Maize,10,,
Haryana,KAITHAL,2009,Kharif,Moong(Green Gram),8,,
Haryana,KAITHAL,2009,Kharif,Rice,158348,462000,2.917624473
Haryana,KAITHAL,2009,Kharif,Sesamum,52,,
Haryana,KAITHAL,2009,Rabi,Barley,23,,
Haryana,KAITHAL,2009,Rabi,Gram,127,,
Haryana,KAITHAL,2009,Rabi,Masoor,111,200,1.801801802
Haryana,KAITHAL,2009,Rabi,Peas & beans (Pulses),251,300,1.195219124
Haryana,KAITHAL,2009,Rabi,Wheat,171732,772000,4.495376517
Haryana,KAITHAL,2009,Whole Year,Coriander,6,,
Haryana,KAITHAL,2009,Whole Year,Dry chillies,7,,
Haryana,KAITHAL,2009,Whole Year,Garlic,9,100,11.11111111
Haryana,KAITHAL,2009,Whole Year,Onion,11,300,27.27272727
Haryana,KAITHAL,2009,Whole Year,Potato,223,4500,20.1793722
Haryana,KAITHAL,2009,Whole Year,Sugarcane,2926,225000,76.89678742
Haryana,KAITHAL,2010,Kharif,Arhar/Tur,1,,
Haryana,KAITHAL,2010,Kharif,Bajra,9210,14000,1.520086862
Haryana,KAITHAL,2010,Kharif,Cotton(lint),4276,14000,3.274087933
Haryana,KAITHAL,2010,Kharif,Jowar,23,,
Haryana,KAITHAL,2010,Kharif,Maize,4,,
Haryana,KAITHAL,2010,Kharif,Moong(Green Gram),14,,
Haryana,KAITHAL,2010,Kharif,Rice,158671,436000,2.747824114
Haryana,KAITHAL,2010,Kharif,Sesamum,22,,
Haryana,KAITHAL,2010,Kharif,Urad,7,,
Haryana,KAITHAL,2010,Rabi,Barley,25,,
Haryana,KAITHAL,2010,Rabi,Gram,130,,
Haryana,KAITHAL,2010,Rabi,Masoor,107,200,1.869158879
Haryana,KAITHAL,2010,Rabi,Rapeseed &Mustard,717,2000,2.789400279
Haryana,KAITHAL,2010,Rabi,Wheat,177464,835000,4.705179642
Haryana,KAITHAL,2010,Whole Year,Dry chillies,8,100,12.5
Haryana,KAITHAL,2010,Whole Year,Garlic,3,,
Haryana,KAITHAL,2010,Whole Year,Potato,282,6100,21.63120567
Haryana,KAITHAL,2010,Whole Year,Sannhamp,2,,
Haryana,KAITHAL,2010,Whole Year,Sugarcane,1981,15000,7.571933367
Haryana,KAITHAL,2010,Whole Year,Turmeric,1,,
Haryana,KAITHAL,2011,Kharif,Arhar/Tur,1,,
Haryana,KAITHAL,2011,Kharif,Bajra,5824,15000,2.575549451
Haryana,KAITHAL,2011,Kharif,Cotton(lint),8448,37000,4.379734848
Haryana,KAITHAL,2011,Kharif,Jowar,1,,
Haryana,KAITHAL,2011,Kharif,Maize,16,,
Haryana,KAITHAL,2011,Kharif,Moong(Green Gram),3,,
Haryana,KAITHAL,2011,Kharif,Rice,158896,461000,2.901268754
Haryana,KAITHAL,2011,Kharif,Sesamum,7,,
Haryana,KAITHAL,2011,Kharif,Urad,3,,
Haryana,KAITHAL,2011,Rabi,Barley,16,,
Haryana,KAITHAL,2011,Rabi,Gram,137,,
Haryana,KAITHAL,2011,Rabi,Masoor,107,200,1.869158879
Haryana,KAITHAL,2011,Rabi,Rapeseed &Mustard,757,1000,1.321003963
Haryana,KAITHAL,2011,Rabi,Wheat,173134,943000,5.446648261
Haryana,KAITHAL,2011,Whole Year,Garlic,9,,
Haryana,KAITHAL,2011,Whole Year,Potato,3,100,33.33333333
Haryana,KAITHAL,2011,Whole Year,Sugarcane,2617,16000,6.113870844
Haryana,KAITHAL,2011,Whole Year,Tobacco,1,,
Haryana,KAITHAL,2011,Whole Year,Turmeric,10,,
Haryana,KAITHAL,2012,Kharif,Bajra,4588,13000,2.83347864
Haryana,KAITHAL,2012,Kharif,Cotton(lint),10148,47000,4.631454474
Haryana,KAITHAL,2012,Kharif,Dry ginger,2,,
Haryana,KAITHAL,2012,Kharif,Maize,9,,
Haryana,KAITHAL,2012,Kharif,Moong(Green Gram),2,1,0.5
Haryana,KAITHAL,2012,Kharif,Rice,162461,512000,3.151525597
Haryana,KAITHAL,2012,Kharif,Sesamum,14,6,0.428571429
Haryana,KAITHAL,2012,Kharif,Urad,5,1,0.2
Haryana,KAITHAL,2012,Rabi,Barley,14,,
Haryana,KAITHAL,2012,Rabi,Gram,133,,
Haryana,KAITHAL,2012,Rabi,Masoor,108,151,1.398148148
Haryana,KAITHAL,2012,Rabi,Rapeseed &Mustard,868,2000,2.304147465
Haryana,KAITHAL,2012,Rabi,Wheat,172302,806000,4.677833107
Haryana,KAITHAL,2012,Whole Year,Coriander,11,10,0.909090909
Haryana,KAITHAL,2012,Whole Year,Dry chillies,19,200,10.52631579
Haryana,KAITHAL,2012,Whole Year,Garlic,11,100,9.090909091
Haryana,KAITHAL,2012,Whole Year,Guar seed,44,26,0.590909091
Haryana,KAITHAL,2012,Whole Year,Potato,348,8900,25.57471264
Haryana,KAITHAL,2012,Whole Year,Sugarcane,3511,349000,99.40187981
Haryana,KAITHAL,2012,Whole Year,Sweet potato,6,100,16.66666667
Haryana,KAITHAL,2012,Whole Year,Turmeric,2,2,1
Haryana,KARNAL,1997,Kharif,Bajra,2000,2000,1
Haryana,KARNAL,1997,Kharif,Maize,1000,2000,2
Haryana,KARNAL,1997,Kharif,Other Kharif pulses,800,900,1.125
Haryana,KARNAL,1997,Kharif,Rice,161000,427000,2.652173913
Haryana,KARNAL,1997,Rabi,Gram,1000,1000,1
Haryana,KARNAL,1997,Rabi,Other  Rabi pulses,12000,10000,0.833333333
Haryana,KARNAL,1997,Rabi,Wheat,163000,577000,3.539877301
Haryana,KARNAL,1997,Whole Year,Sugarcane,10000,630000,63
Haryana,KARNAL,1998,Kharif,Arhar/Tur,451,500,1.10864745
Haryana,KARNAL,1998,Kharif,Bajra,938,1000,1.066098081
Haryana,KARNAL,1998,Kharif,Cotton(lint),62,,
Haryana,KARNAL,1998,Kharif,Groundnut,1,,
Haryana,KARNAL,1998,Kharif,Maize,599,2000,3.338898164
Haryana,KARNAL,1998,Kharif,Moong(Green Gram),12,,
Haryana,KARNAL,1998,Kharif,Rice,161526,357000,2.210170499
Haryana,KARNAL,1998,Kharif,Sesamum,28,,
Haryana,KARNAL,1998,Kharif,Urad,158,100,0.632911392
Haryana,KARNAL,1998,Rabi,Barley,194,,
Haryana,KARNAL,1998,Rabi,Gram,453,1000,2.207505519
Haryana,KARNAL,1998,Rabi,Masoor,801,700,0.873907615
Haryana,KARNAL,1998,Rabi,Peas & beans (Pulses),142,200,1.408450704
Haryana,KARNAL,1998,Rabi,Rapeseed &Mustard,1290,1000,0.775193798
Haryana,KARNAL,1998,Rabi,Sunflower,1717,2400,1.397786838
Haryana,KARNAL,1998,Rabi,Wheat,160080,661000,4.129185407
Haryana,KARNAL,1998,Whole Year,Dry chillies,144,100,0.694444444
Haryana,KARNAL,1998,Whole Year,Potato,1125,18000,16
Haryana,KARNAL,1998,Whole Year,Sannhamp,1,,
Haryana,KARNAL,1998,Whole Year,Sugarcane,9137,470000,51.43920324
Haryana,KARNAL,1999,Kharif,Arhar/Tur,458,500,1.091703057
Haryana,KARNAL,1999,Kharif,Bajra,1438,1000,0.695410292
Haryana,KARNAL,1999,Kharif,Cotton(lint),62,0,0
Haryana,KARNAL,1999,Kharif,Groundnut,1,0,0
Haryana,KARNAL,1999,Kharif,Jowar,3965,1000,0.25220681
Haryana,KARNAL,1999,Kharif,Maize,599,2000,3.338898164
Haryana,KARNAL,1999,Kharif,Moong(Green Gram),12,0,0
Haryana,KARNAL,1999,Kharif,Rice,161526,447000,2.767356339
Haryana,KARNAL,1999,Kharif,Sesamum,28,0,0
Haryana,KARNAL,1999,Rabi,Barley,134,0,0
Haryana,KARNAL,1999,Rabi,Gram,192,0,0
Haryana,KARNAL,1999,Rabi,Masoor,692,700,1.011560694
Haryana,KARNAL,1999,Rabi,Peas & beans (Pulses),135,200,1.481481481
Haryana,KARNAL,1999,Rabi,Rapeseed &Mustard,575,,
Haryana,KARNAL,1999,Rabi,Wheat,162723,716000,4.400115534
Haryana,KARNAL,1999,Whole Year,Dry chillies,144,200,1.388888889
Haryana,KARNAL,1999,Whole Year,Potato,1155,28400,24.58874459
Haryana,KARNAL,1999,Whole Year,Sugarcane,9137,550000,60.1948123
Haryana,KARNAL,2000,Kharif,Arhar/Tur,378,400,1.058201058
Haryana,KARNAL,2000,Kharif,Bajra,2828,3000,1.060820368
Haryana,KARNAL,2000,Kharif,Cotton(lint),59,0,0
Haryana,KARNAL,2000,Kharif,Groundnut,2,0,0
Haryana,KARNAL,2000,Kharif,Jowar,86,,
Haryana,KARNAL,2000,Kharif,Maize,535,2000,3.738317757
Haryana,KARNAL,2000,Kharif,Moong(Green Gram),23,0,0
Haryana,KARNAL,2000,Kharif,Other Kharif pulses,122,0,0
Haryana,KARNAL,2000,Kharif,Rice,157949,444000,2.811033941
Haryana,KARNAL,2000,Kharif,Sesamum,23,0,0
Haryana,KARNAL,2000,Kharif,Urad,79,0,0
Haryana,KARNAL,2000,Rabi,Barley,311,0,0
Haryana,KARNAL,2000,Rabi,Gram,481,1000,2.079002079
Haryana,KARNAL,2000,Rabi,Masoor,714,600,0.840336134
Haryana,KARNAL,2000,Rabi,Peas & beans (Pulses),128,200,1.5625
Haryana,KARNAL,2000,Rabi,Rapeseed &Mustard,989,1000,1.011122346
Haryana,KARNAL,2000,Rabi,Sunflower,33,0,0
Haryana,KARNAL,2000,Rabi,Wheat,166505,769000,4.618479926
Haryana,KARNAL,2000,Whole Year,Dry chillies,158,200,1.265822785
Haryana,KARNAL,2000,Whole Year,Garlic,216,1700,7.87037037
Haryana,KARNAL,2000,Whole Year,Onion,161,2600,16.14906832
Haryana,KARNAL,2000,Whole Year,Potato,961,17600,18.31425598
Haryana,KARNAL,2000,Whole Year,Sannhamp,2,0,0
Haryana,KARNAL,2000,Whole Year,Sugarcane,9611,620000,64.50941629
Haryana,KARNAL,2000,Whole Year,Sweet potato,14,300,21.42857143
Haryana,KARNAL,2000,Whole Year,Turmeric,22,0,0
Haryana,KARNAL,2001,Kharif,Arhar/Tur,408,400,0.980392157
Haryana,KARNAL,2001,Kharif,Bajra,1312,1000,0.762195122
Haryana,KARNAL,2001,Kharif,Cotton(lint),64,,
Haryana,KARNAL,2001,Kharif,Horse-gram,137,0,0
Haryana,KARNAL,2001,Kharif,Jowar,42,0,0
Haryana,KARNAL,2001,Kharif,Maize,486,3000,6.172839506
Haryana,KARNAL,2001,Kharif,Moong(Green Gram),26,0,0
Haryana,KARNAL,2001,Kharif,Moth,25,0,0
Haryana,KARNAL,2001,Kharif,Rice,166037,494000,2.975240458
Haryana,KARNAL,2001,Kharif,Sesamum,47,0,0
Haryana,KARNAL,2001,Kharif,Urad,89,0,0
Haryana,KARNAL,2001,Rabi,Barley,186,0,0
Haryana,KARNAL,2001,Rabi,Gram,323,0,0
Haryana,KARNAL,2001,Rabi,Masoor,703,700,0.995732575
Haryana,KARNAL,2001,Rabi,Peas & beans (Pulses),202,300,1.485148515
Haryana,KARNAL,2001,Rabi,Rapeseed &Mustard,1004,1000,0.996015936
Haryana,KARNAL,2001,Rabi,Wheat,162854,747000,4.586930625
Haryana,KARNAL,2001,Whole Year,Dry chillies,119,100,0.840336134
Haryana,KARNAL,2001,Whole Year,Garlic,298,2400,8.053691275
Haryana,KARNAL,2001,Whole Year,Potato,789,21000,26.61596958
Haryana,KARNAL,2001,Whole Year,Sugarcane,11670,760000,65.12425021
Haryana,KARNAL,2001,Whole Year,Sweet potato,7,0,0
Haryana,KARNAL,2002,Kharif,Arhar/Tur,216,200,0.925925926
Haryana,KARNAL,2002,Kharif,Bajra,958,1000,1.043841336
Haryana,KARNAL,2002,Kharif,Horse-gram,108,0,0
Haryana,KARNAL,2002,Kharif,Jowar,190,0,0
Haryana,KARNAL,2002,Kharif,Maize,266,0,0
Haryana,KARNAL,2002,Kharif,Moong(Green Gram),17,0,0
Haryana,KARNAL,2002,Kharif,Moth,26,0,0
Haryana,KARNAL,2002,Kharif,Rice,159111,426000,2.677376171
Haryana,KARNAL,2002,Kharif,Sesamum,2,0,0
Haryana,KARNAL,2002,Kharif,Urad,67,0,0
Haryana,KARNAL,2002,Rabi,Barley,118,0,0
Haryana,KARNAL,2002,Rabi,Gram,255,0,0
Haryana,KARNAL,2002,Rabi,Masoor,683,700,1.02489019
Haryana,KARNAL,2002,Rabi,Peas & beans (Pulses),170,200,1.176470588
Haryana,KARNAL,2002,Rabi,Rapeseed &Mustard,881,1000,1.13507378
Haryana,KARNAL,2002,Rabi,Sunflower,2,0,0
Haryana,KARNAL,2002,Rabi,Wheat,167483,729000,4.352680571
Haryana,KARNAL,2002,Whole Year,Other Fresh Fruits,625,2600,4.16
Haryana,KARNAL,2002,Whole Year,Other Vegetables,2506,2800,1.117318436
Haryana,KARNAL,2002,Whole Year,Potato,917,21300,23.22791712
Haryana,KARNAL,2002,Whole Year,Sugarcane,13535,870000,64.2777983
Haryana,KARNAL,2002,Whole Year,Sweet potato,4,100,25
Haryana,KARNAL,2003,Kharif,Arhar/Tur,345,500,1.449275362
Haryana,KARNAL,2003,Kharif,Bajra,1015,2000,1.97044335
Haryana,KARNAL,2003,Kharif,Cotton(lint),46,0,0
Haryana,KARNAL,2003,Kharif,Groundnut,3,0,0
Haryana,KARNAL,2003,Kharif,Horse-gram,137,,
Haryana,KARNAL,2003,Kharif,Maize,339,0,0
Haryana,KARNAL,2003,Kharif,Moong(Green Gram),20,0,0
Haryana,KARNAL,2003,Kharif,Moth,24,0,0
Haryana,KARNAL,2003,Kharif,Rice,167481,499000,2.979442444
Haryana,KARNAL,2003,Kharif,Sesamum,13,0,0
Haryana,KARNAL,2003,Kharif,Urad,56,0,0
Haryana,KARNAL,2003,Rabi,Barley,116,0,0
Haryana,KARNAL,2003,Rabi,Gram,234,0,0
Haryana,KARNAL,2003,Rabi,Masoor,453,500,1.103752759
Haryana,KARNAL,2003,Rabi,Peas & beans (Pulses),164,200,1.219512195
Haryana,KARNAL,2003,Rabi,Rapeseed &Mustard,800,1000,1.25
Haryana,KARNAL,2003,Rabi,Sunflower,1,0,0
Haryana,KARNAL,2003,Rabi,Wheat,167222,691000,4.132231405
Haryana,KARNAL,2003,Whole Year,Dry chillies,121,100,0.826446281
Haryana,KARNAL,2003,Whole Year,Grapes,715,143,0.2
Haryana,KARNAL,2003,Whole Year,Onion,15,300,20
Haryana,KARNAL,2003,Whole Year,Other Fresh Fruits,2,0,0
Haryana,KARNAL,2003,Whole Year,Other Vegetables,2569,2800,1.089918256
Haryana,KARNAL,2003,Whole Year,Potato,982,22800,23.21792261
Haryana,KARNAL,2003,Whole Year,Sugarcane,11343,720000,63.47527109
Haryana,KARNAL,2003,Whole Year,Sweet potato,23,500,21.73913043
Haryana,KARNAL,2004,Kharif,Arhar/Tur,246,300,1.219512195
Haryana,KARNAL,2004,Kharif,Bajra,1030,2000,1.941747573
Haryana,KARNAL,2004,Kharif,Cotton(lint),58,,
Haryana,KARNAL,2004,Kharif,Maize,160,,
Haryana,KARNAL,2004,Kharif,Moong(Green Gram),24,,
Haryana,KARNAL,2004,Kharif,Rice,167405,567000,3.386995609
Haryana,KARNAL,2004,Kharif,Sesamum,33,,
Haryana,KARNAL,2004,Kharif,Urad,49,,
Haryana,KARNAL,2004,Rabi,Barley,106,,
Haryana,KARNAL,2004,Rabi,Gram,215,,
Haryana,KARNAL,2004,Rabi,Masoor,449,500,1.113585746
Haryana,KARNAL,2004,Rabi,Peas & beans (Pulses),166,200,1.204819277
Haryana,KARNAL,2004,Rabi,Rapeseed &Mustard,709,1000,1.410437236
Haryana,KARNAL,2004,Rabi,Sunflower,2,,
Haryana,KARNAL,2004,Rabi,Wheat,170737,715000,4.187727323
Haryana,KARNAL,2004,Whole Year,Dry chillies,109,700,6.422018349
Haryana,KARNAL,2004,Whole Year,Garlic,313,2500,7.987220447
Haryana,KARNAL,2004,Whole Year,Onion,4,100,25
Haryana,KARNAL,2004,Whole Year,Potato,876,20400,23.28767123
Haryana,KARNAL,2004,Whole Year,Sugarcane,10632,740000,69.60120391
Haryana,KARNAL,2004,Whole Year,Sweet potato,3,,
Haryana,KARNAL,2005,Kharif,Arhar/Tur,235,200,0.85106383
Haryana,KARNAL,2005,Kharif,Bajra,1276,3000,2.351097179
Haryana,KARNAL,2005,Kharif,Cotton(lint),51,,
Haryana,KARNAL,2005,Kharif,Maize,276,,
Haryana,KARNAL,2005,Kharif,Moong(Green Gram),71,,
Haryana,KARNAL,2005,Kharif,Rice,169130,521000,3.080470644
Haryana,KARNAL,2005,Kharif,Sesamum,68,,
Haryana,KARNAL,2005,Kharif,Urad,58,,
Haryana,KARNAL,2005,Rabi,Barley,111,,
Haryana,KARNAL,2005,Rabi,Gram,158,,
Haryana,KARNAL,2005,Rabi,Masoor,348,300,0.862068966
Haryana,KARNAL,2005,Rabi,Peas & beans (Pulses),182,200,1.098901099
Haryana,KARNAL,2005,Rabi,Rapeseed &Mustard,621,1000,1.610305958
Haryana,KARNAL,2005,Rabi,Wheat,172756,755000,4.370325777
Haryana,KARNAL,2005,Whole Year,Dry chillies,108,100,0.925925926
Haryana,KARNAL,2005,Whole Year,Onion,2,,
Haryana,KARNAL,2005,Whole Year,Potato,762,17700,23.22834646
Haryana,KARNAL,2005,Whole Year,Sugarcane,11976,820000,68.47027388
Haryana,KARNAL,2005,Whole Year,Sweet potato,7,100,14.28571429
Haryana,KARNAL,2006,Kharif,Arhar/Tur,283,300,1.060070671
Haryana,KARNAL,2006,Kharif,Bajra,1638,6000,3.663003663
Haryana,KARNAL,2006,Kharif,Cotton(lint),27,,
Haryana,KARNAL,2006,Kharif,Maize,324,,
Haryana,KARNAL,2006,Kharif,Moong(Green Gram),51,,
Haryana,KARNAL,2006,Kharif,Rice,166200,553000,3.327316486
Haryana,KARNAL,2006,Kharif,Sesamum,64,,
Haryana,KARNAL,2006,Kharif,Urad,326,200,0.613496933
Haryana,KARNAL,2006,Rabi,Barley,98,,
Haryana,KARNAL,2006,Rabi,Gram,186,,
Haryana,KARNAL,2006,Rabi,Masoor,304,300,0.986842105
Haryana,KARNAL,2006,Rabi,Peas & beans (Pulses),215,300,1.395348837
Haryana,KARNAL,2006,Rabi,Rapeseed &Mustard,672,1000,1.488095238
Haryana,KARNAL,2006,Rabi,Wheat,166697,739000,4.433193159
Haryana,KARNAL,2006,Whole Year,Dry chillies,85,100,1.176470588
Haryana,KARNAL,2006,Whole Year,Garlic,177,3500,19.7740113
Haryana,KARNAL,2006,Whole Year,Potato,826,19200,23.24455206
Haryana,KARNAL,2006,Whole Year,Sugarcane,12364,870000,70.36557748
Haryana,KARNAL,2006,Whole Year,Sweet potato,2,,
Haryana,KARNAL,2007,Kharif,Arhar/Tur,259,300,1.158301158
Haryana,KARNAL,2007,Kharif,Bajra,1573,4000,2.542911634
Haryana,KARNAL,2007,Kharif,Cotton(lint),25,,
Haryana,KARNAL,2007,Kharif,Jowar,58,,
Haryana,KARNAL,2007,Kharif,Maize,563,2000,3.552397869
Haryana,KARNAL,2007,Kharif,Moong(Green Gram),38,,
Haryana,KARNAL,2007,Kharif,Other Kharif pulses,137,100,0.729927007
Haryana,KARNAL,2007,Kharif,Rice,167149,610000,3.649438525
Haryana,KARNAL,2007,Kharif,Sesamum,55,,
Haryana,KARNAL,2007,Kharif,Urad,304,100,0.328947368
Haryana,KARNAL,2007,Rabi,Barley,110,,
Haryana,KARNAL,2007,Rabi,Gram,171,,
Haryana,KARNAL,2007,Rabi,Masoor,228,200,0.877192982
Haryana,KARNAL,2007,Rabi,Peas & beans (Pulses),240,300,1.25
Haryana,KARNAL,2007,Rabi,Rapeseed &Mustard,873,1000,1.145475372
Haryana,KARNAL,2007,Rabi,Wheat,168670,782000,4.63627201
Haryana,KARNAL,2007,Whole Year,Dry chillies,53,300,5.660377358
Haryana,KARNAL,2007,Whole Year,Garlic,216,1500,6.944444444
Haryana,KARNAL,2007,Whole Year,Onion,5,100,20
Haryana,KARNAL,2007,Whole Year,Potato,980,16800,17.14285714
Haryana,KARNAL,2007,Whole Year,Sugarcane,12329,830000,67.3209506
Haryana,KARNAL,2008,Kharif,Arhar/Tur,325,400,1.230769231
Haryana,KARNAL,2008,Kharif,Bajra,2831,9000,3.179088661
Haryana,KARNAL,2008,Kharif,Cotton(lint),58,,
Haryana,KARNAL,2008,Kharif,Groundnut,2,,
Haryana,KARNAL,2008,Kharif,Horse-gram,124,100,0.806451613
Haryana,KARNAL,2008,Kharif,Jowar,139,,
Haryana,KARNAL,2008,Kharif,Maize,583,1200,2.058319039
Haryana,KARNAL,2008,Kharif,Moong(Green Gram),23,,
Haryana,KARNAL,2008,Kharif,Rice,169034,465000,2.750925849
Haryana,KARNAL,2008,Kharif,Sesamum,23,,
Haryana,KARNAL,2008,Kharif,Urad,79,,
Haryana,KARNAL,2008,Rabi,Barley,311,,
Haryana,KARNAL,2008,Rabi,Gram,481,1000,2.079002079
Haryana,KARNAL,2008,Rabi,Masoor,704,600,0.852272727
Haryana,KARNAL,2008,Rabi,Peas & beans (Pulses),176,300,1.704545455
Haryana,KARNAL,2008,Rabi,Rapeseed &Mustard,989,2300,2.325581395
Haryana,KARNAL,2008,Rabi,Wheat,171983,791000,4.59929179
Haryana,KARNAL,2008,Whole Year,Dry chillies,139,100,0.71942446
Haryana,KARNAL,2008,Whole Year,Onion,2,4300,2150
Haryana,KARNAL,2008,Whole Year,Potato,961,20100,20.9157128
Haryana,KARNAL,2008,Whole Year,Sannhamp,2,,
Haryana,KARNAL,2008,Whole Year,Sugarcane,9611,638000,66.38227032
Haryana,KARNAL,2008,Whole Year,Sweet potato,14,200,14.28571429
Haryana,KARNAL,2008,Whole Year,Turmeric,22,200,9.090909091
Haryana,KARNAL,2009,Kharif,Arhar/Tur,185,200,1.081081081
Haryana,KARNAL,2009,Kharif,Bajra,1235,2000,1.619433198
Haryana,KARNAL,2009,Kharif,Jowar,31,,
Haryana,KARNAL,2009,Kharif,Maize,287,2000,6.968641115
Haryana,KARNAL,2009,Kharif,Moong(Green Gram),38,,
Haryana,KARNAL,2009,Kharif,Rice,171517,521000,3.037599771
Haryana,KARNAL,2009,Kharif,Sesamum,105,100,0.952380952
Haryana,KARNAL,2009,Kharif,Urad,278,100,0.35971223
Haryana,KARNAL,2009,Rabi,Barley,72,,
Haryana,KARNAL,2009,Rabi,Gram,131,,
Haryana,KARNAL,2009,Rabi,Masoor,271,300,1.10701107
Haryana,KARNAL,2009,Rabi,Peas & beans (Pulses),168,200,1.19047619
Haryana,KARNAL,2009,Rabi,Wheat,171412,773000,4.509602595
Haryana,KARNAL,2009,Whole Year,Coriander,29,100,3.448275862
Haryana,KARNAL,2009,Whole Year,Dry chillies,59,100,1.694915254
Haryana,KARNAL,2009,Whole Year,Garlic,363,3300,9.090909091
Haryana,KARNAL,2009,Whole Year,Onion,1,,
Haryana,KARNAL,2009,Whole Year,Potato,941,15500,16.47183847
Haryana,KARNAL,2009,Whole Year,Sugarcane,8000,637000,79.625
Haryana,KARNAL,2010,Kharif,Arhar/Tur,148,100,0.675675676
Haryana,KARNAL,2010,Kharif,Bajra,408,,
Haryana,KARNAL,2010,Kharif,Cotton(lint),9,,
Haryana,KARNAL,2010,Kharif,Jowar,38,,
Haryana,KARNAL,2010,Kharif,Maize,252,,
Haryana,KARNAL,2010,Kharif,Moong(Green Gram),22,,
Haryana,KARNAL,2010,Kharif,Other Kharif pulses,93,,
Haryana,KARNAL,2010,Kharif,Rice,172698,461000,2.669399761
Haryana,KARNAL,2010,Kharif,Sesamum,264,200,0.757575758
Haryana,KARNAL,2010,Kharif,Sunflower,2,,
Haryana,KARNAL,2010,Kharif,Urad,392,200,0.510204082
Haryana,KARNAL,2010,Rabi,Barley,31,,
Haryana,KARNAL,2010,Rabi,Gram,101,,
Haryana,KARNAL,2010,Rabi,Masoor,251,300,1.195219124
Haryana,KARNAL,2010,Rabi,Peas & beans (Pulses),178,400,2.247191011
Haryana,KARNAL,2010,Rabi,Rapeseed &Mustard,834,2000,2.398081535
Haryana,KARNAL,2010,Rabi,Wheat,170864,760000,4.447982021
Haryana,KARNAL,2010,Whole Year,Coriander,57,,
Haryana,KARNAL,2010,Whole Year,Dry chillies,172,1400,8.139534884
Haryana,KARNAL,2010,Whole Year,Garlic,466,500,1.072961373
Haryana,KARNAL,2010,Whole Year,Onion,22,400,18.18181818
Haryana,KARNAL,2010,Whole Year,Potato,956,20300,21.23430962
Haryana,KARNAL,2010,Whole Year,Sugarcane,11587,91000,7.853629067
Haryana,KARNAL,2010,Whole Year,Sweet potato,8,,
Haryana,KARNAL,2011,Kharif,Arhar/Tur,146,100,0.684931507
Haryana,KARNAL,2011,Kharif,Bajra,952,2000,2.100840336
Haryana,KARNAL,2011,Kharif,Cotton(lint),27,,
Haryana,KARNAL,2011,Kharif,Maize,192,,
Haryana,KARNAL,2011,Kharif,Moong(Green Gram),37,,
Haryana,KARNAL,2011,Kharif,Other Kharif pulses,86,,
Haryana,KARNAL,2011,Kharif,Rice,165034,501000,3.03573809
Haryana,KARNAL,2011,Kharif,Sesamum,34,,
Haryana,KARNAL,2011,Kharif,Urad,143,100,0.699300699
Haryana,KARNAL,2011,Rabi,Barley,84,,
Haryana,KARNAL,2011,Rabi,Gram,126,,
Haryana,KARNAL,2011,Rabi,Masoor,352,400,1.136363636
Haryana,KARNAL,2011,Rabi,Peas & beans (Pulses),173,300,1.734104046
Haryana,KARNAL,2011,Rabi,Rapeseed &Mustard,987,1000,1.013171226
Haryana,KARNAL,2011,Rabi,Wheat,171771,975000,5.676161867
Haryana,KARNAL,2011,Whole Year,Coriander,65,100,1.538461538
Haryana,KARNAL,2011,Whole Year,Garlic,494,500,1.012145749
Haryana,KARNAL,2011,Whole Year,Onion,7,100,14.28571429
Haryana,KARNAL,2011,Whole Year,Potato,997,20000,20.06018054
Haryana,KARNAL,2011,Whole Year,Sugarcane,10732,88000,8.19977637
Haryana,KARNAL,2011,Whole Year,Sweet potato,12,,
Haryana,KARNAL,2011,Whole Year,Turmeric,4,,
Haryana,KARNAL,2012,Kharif,Arhar/Tur,139,132,0.949640288
Haryana,KARNAL,2012,Kharif,Bajra,902,2000,2.2172949
Haryana,KARNAL,2012,Kharif,Cotton(lint),14,,
Haryana,KARNAL,2012,Kharif,Maize,215,,
Haryana,KARNAL,2012,Kharif,Moong(Green Gram),36,18,0.5
Haryana,KARNAL,2012,Kharif,Rice,170172,572000,3.361305033
Haryana,KARNAL,2012,Kharif,Sesamum,34,17,0.5
Haryana,KARNAL,2012,Kharif,Urad,147,73,0.496598639
Haryana,KARNAL,2012,Rabi,Barley,28,,
Haryana,KARNAL,2012,Rabi,Gram,97,,
Haryana,KARNAL,2012,Rabi,Masoor,238,262,1.100840336
Haryana,KARNAL,2012,Rabi,Peas & beans (Pulses),212,318,1.5
Haryana,KARNAL,2012,Rabi,Rapeseed &Mustard,1085,2000,1.843317972
Haryana,KARNAL,2012,Rabi,Wheat,172790,808000,4.676196539
Haryana,KARNAL,2012,Whole Year,Coriander,86,90,1.046511628
Haryana,KARNAL,2012,Whole Year,Dry chillies,31,400,12.90322581
Haryana,KARNAL,2012,Whole Year,Garlic,404,4200,10.3960396
Haryana,KARNAL,2012,Whole Year,Guar seed,130,78,0.6
Haryana,KARNAL,2012,Whole Year,Onion,11,300,27.27272727
Haryana,KARNAL,2012,Whole Year,Potato,859,21100,24.56344587
Haryana,KARNAL,2012,Whole Year,Sugarcane,10609,862000,81.25176737
Haryana,KARNAL,2012,Whole Year,Sweet potato,8,100,12.5
Haryana,KARNAL,2012,Whole Year,Turmeric,13,12,0.923076923
Haryana,KURUKSHETRA,1997,Kharif,Maize,1000,2000,2
Haryana,KURUKSHETRA,1997,Kharif,Other Kharif pulses,400,300,0.75
Haryana,KURUKSHETRA,1997,Kharif,Rice,106000,327000,3.08490566
Haryana,KURUKSHETRA,1997,Rabi,Other  Rabi pulses,8000,9000,1.125
Haryana,KURUKSHETRA,1997,Rabi,Wheat,97000,371000,3.824742268
Haryana,KURUKSHETRA,1997,Whole Year,Sugarcane,14000,770000,55
Haryana,KURUKSHETRA,1998,Kharif,Arhar/Tur,18,,
Haryana,KURUKSHETRA,1998,Kharif,Bajra,45,,
Haryana,KURUKSHETRA,1998,Kharif,Cotton(lint),3,,
Haryana,KURUKSHETRA,1998,Kharif,Maize,305,2000,6.557377049
Haryana,KURUKSHETRA,1998,Kharif,Rice,113715,267000,2.347975201
Haryana,KURUKSHETRA,1998,Kharif,Sesamum,2,,
Haryana,KURUKSHETRA,1998,Kharif,Urad,25,,
Haryana,KURUKSHETRA,1998,Rabi,Barley,77,,
Haryana,KURUKSHETRA,1998,Rabi,Gram,140,,
Haryana,KURUKSHETRA,1998,Rabi,Masoor,745,900,1.208053691
Haryana,KURUKSHETRA,1998,Rabi,Rapeseed &Mustard,570,,
Haryana,KURUKSHETRA,1998,Rabi,Sunflower,12815,20500,1.599687866
Haryana,KURUKSHETRA,1998,Rabi,Wheat,106081,453000,4.270321735
Haryana,KURUKSHETRA,1998,Whole Year,Dry chillies,52,100,1.923076923
Haryana,KURUKSHETRA,1998,Whole Year,Onion,3003,34700,11.55511156
Haryana,KURUKSHETRA,1998,Whole Year,Potato,5325,90000,16.90140845
Haryana,KURUKSHETRA,1998,Whole Year,Sugarcane,12260,790000,64.43719413
Haryana,KURUKSHETRA,1999,Kharif,Arhar/Tur,138,200,1.449275362
Haryana,KURUKSHETRA,1999,Kharif,Bajra,54,0,0
Haryana,KURUKSHETRA,1999,Kharif,Cotton(lint),22,0,0
Haryana,KURUKSHETRA,1999,Kharif,Maize,183,0,0
Haryana,KURUKSHETRA,1999,Kharif,Moong(Green Gram),37,0,0
Haryana,KURUKSHETRA,1999,Kharif,Moth,1,0,0
Haryana,KURUKSHETRA,1999,Kharif,Rice,111611,335000,3.001496268
Haryana,KURUKSHETRA,1999,Rabi,Barley,13,0,0
Haryana,KURUKSHETRA,1999,Rabi,Gram,198,0,0
Haryana,KURUKSHETRA,1999,Rabi,Masoor,523,600,1.147227533
Haryana,KURUKSHETRA,1999,Rabi,Peas & beans (Pulses),280,400,1.428571429
Haryana,KURUKSHETRA,1999,Rabi,Rapeseed &Mustard,556,,
Haryana,KURUKSHETRA,1999,Rabi,Sunflower,4083,4100,1.004163605
Haryana,KURUKSHETRA,1999,Rabi,Wheat,106294,485000,4.56281634
Haryana,KURUKSHETRA,1999,Whole Year,Dry chillies,340,400,1.176470588
Haryana,KURUKSHETRA,1999,Whole Year,Onion,46,700,15.2173913
Haryana,KURUKSHETRA,1999,Whole Year,Potato,4772,64300,13.4744342
Haryana,KURUKSHETRA,1999,Whole Year,Sugarcane,17256,1110000,64.32545202
Haryana,KURUKSHETRA,2000,Kharif,Arhar/Tur,11,,
Haryana,KURUKSHETRA,2000,Kharif,Bajra,141,0,0
Haryana,KURUKSHETRA,2000,Kharif,Cotton(lint),2,0,0
Haryana,KURUKSHETRA,2000,Kharif,Maize,251,0,0
Haryana,KURUKSHETRA,2000,Kharif,Rice,111765,357000,3.194202121
Haryana,KURUKSHETRA,2000,Kharif,Urad,58,0,0
Haryana,KURUKSHETRA,2000,Rabi,Barley,4,0,0
Haryana,KURUKSHETRA,2000,Rabi,Gram,122,0,0
Haryana,KURUKSHETRA,2000,Rabi,Masoor,668,800,1.19760479
Haryana,KURUKSHETRA,2000,Rabi,Rapeseed &Mustard,204,0,0
Haryana,KURUKSHETRA,2000,Rabi,Wheat,108903,506000,4.646336648
Haryana,KURUKSHETRA,2000,Whole Year,Dry chillies,143,100,0.699300699
Haryana,KURUKSHETRA,2000,Whole Year,Onion,2,,
Haryana,KURUKSHETRA,2000,Whole Year,Potato,3507,47200,13.45879669
Haryana,KURUKSHETRA,2000,Whole Year,Sugarcane,15945,1040000,65.22420822
Haryana,KURUKSHETRA,2000,Whole Year,Turmeric,4,0,0
Haryana,KURUKSHETRA,2001,Kharif,Arhar/Tur,10,0,0
Haryana,KURUKSHETRA,2001,Kharif,Bajra,40,0,0
Haryana,KURUKSHETRA,2001,Kharif,Cotton(lint),1,,
Haryana,KURUKSHETRA,2001,Kharif,Maize,382,0,0
Haryana,KURUKSHETRA,2001,Kharif,Moong(Green Gram),6,0,0
Haryana,KURUKSHETRA,2001,Kharif,Rice,111396,367000,3.294552767
Haryana,KURUKSHETRA,2001,Kharif,Sesamum,3,0,0
Haryana,KURUKSHETRA,2001,Kharif,Urad,227,100,0.440528634
Haryana,KURUKSHETRA,2001,Rabi,Barley,10,0,0
Haryana,KURUKSHETRA,2001,Rabi,Gram,202,0,0
Haryana,KURUKSHETRA,2001,Rabi,Masoor,824,1000,1.213592233
Haryana,KURUKSHETRA,2001,Rabi,Peas & beans (Pulses),199,200,1.005025126
Haryana,KURUKSHETRA,2001,Rabi,Rapeseed &Mustard,523,0,0
Haryana,KURUKSHETRA,2001,Rabi,Sunflower,891,1400,1.571268238
Haryana,KURUKSHETRA,2001,Rabi,Wheat,110370,491000,4.448672647
Haryana,KURUKSHETRA,2001,Whole Year,Dry chillies,126,100,0.793650794
Haryana,KURUKSHETRA,2001,Whole Year,Garlic,2,0,0
Haryana,KURUKSHETRA,2001,Whole Year,Onion,364,5300,14.56043956
Haryana,KURUKSHETRA,2001,Whole Year,Potato,3089,59900,19.3913888
Haryana,KURUKSHETRA,2001,Whole Year,Sugarcane,17981,1180000,65.62482621
Haryana,KURUKSHETRA,2002,Kharif,Arhar/Tur,319,400,1.253918495
Haryana,KURUKSHETRA,2002,Kharif,Bajra,103,0,0
Haryana,KURUKSHETRA,2002,Kharif,Cotton(lint),1,0,0
Haryana,KURUKSHETRA,2002,Kharif,Maize,268,0,0
Haryana,KURUKSHETRA,2002,Kharif,Moong(Green Gram),26,0,0
Haryana,KURUKSHETRA,2002,Kharif,Rice,106928,371000,3.46962442
Haryana,KURUKSHETRA,2002,Kharif,Sesamum,7,0,0
Haryana,KURUKSHETRA,2002,Rabi,Barley,7,0,0
Haryana,KURUKSHETRA,2002,Rabi,Gram,143,0,0
Haryana,KURUKSHETRA,2002,Rabi,Masoor,609,800,1.3136289
Haryana,KURUKSHETRA,2002,Rabi,Peas & beans (Pulses),185,300,1.621621622
Haryana,KURUKSHETRA,2002,Rabi,Rapeseed &Mustard,300,0,0
Haryana,KURUKSHETRA,2002,Rabi,Sunflower,843,1500,1.779359431
Haryana,KURUKSHETRA,2002,Rabi,Wheat,108816,472000,4.337597412
Haryana,KURUKSHETRA,2002,Whole Year,Banana,2,0,0
Haryana,KURUKSHETRA,2002,Whole Year,Onion,21,500,23.80952381
Haryana,KURUKSHETRA,2002,Whole Year,Other Fresh Fruits,611,1800,2.94599018
Haryana,KURUKSHETRA,2002,Whole Year,Other Vegetables,1361,9100,6.686260103
Haryana,KURUKSHETRA,2002,Whole Year,Potato,3994,102900,25.76364547
Haryana,KURUKSHETRA,2002,Whole Year,Sugarcane,18218,1210000,66.41782852
Haryana,KURUKSHETRA,2003,Kharif,Arhar/Tur,28,0,0
Haryana,KURUKSHETRA,2003,Kharif,Bajra,93,0,0
Haryana,KURUKSHETRA,2003,Kharif,Cotton(lint),1,0,0
Haryana,KURUKSHETRA,2003,Kharif,Maize,260,0,0
Haryana,KURUKSHETRA,2003,Kharif,Moong(Green Gram),40,0,0
Haryana,KURUKSHETRA,2003,Kharif,Rice,111949,348000,3.108558361
Haryana,KURUKSHETRA,2003,Kharif,Urad,200,0,0
Haryana,KURUKSHETRA,2003,Rabi,Barley,7,0,0
Haryana,KURUKSHETRA,2003,Rabi,Gram,153,0,0
Haryana,KURUKSHETRA,2003,Rabi,Masoor,472,600,1.271186441
Haryana,KURUKSHETRA,2003,Rabi,other oilseeds,9,,
Haryana,KURUKSHETRA,2003,Rabi,Rapeseed &Mustard,318,0,0
Haryana,KURUKSHETRA,2003,Rabi,Sunflower,2737,5000,1.826817684
Haryana,KURUKSHETRA,2003,Rabi,Wheat,112004,451000,4.026641906
Haryana,KURUKSHETRA,2003,Whole Year,Banana,2,0,0
Haryana,KURUKSHETRA,2003,Whole Year,Dry chillies,116,100,0.862068966
Haryana,KURUKSHETRA,2003,Whole Year,Onion,292,6900,23.63013699
Haryana,KURUKSHETRA,2003,Whole Year,Other Fresh Fruits,663,3100,4.67571644
Haryana,KURUKSHETRA,2003,Whole Year,Other Vegetables,1708,11400,6.674473068
Haryana,KURUKSHETRA,2003,Whole Year,Potato,4719,121500,25.74698029
Haryana,KURUKSHETRA,2003,Whole Year,Sugarcane,14847,1020000,68.70074763
Haryana,KURUKSHETRA,2004,Kharif,Arhar/Tur,7,,
Haryana,KURUKSHETRA,2004,Kharif,Bajra,51,,
Haryana,KURUKSHETRA,2004,Kharif,Maize,208,,
Haryana,KURUKSHETRA,2004,Kharif,Moong(Green Gram),6,,
Haryana,KURUKSHETRA,2004,Kharif,Rice,121844,468000,3.840976987
Haryana,KURUKSHETRA,2004,Kharif,Urad,146,100,0.684931507
Haryana,KURUKSHETRA,2004,Rabi,Barley,11,,
Haryana,KURUKSHETRA,2004,Rabi,Gram,143,,
Haryana,KURUKSHETRA,2004,Rabi,Masoor,437,500,1.14416476
Haryana,KURUKSHETRA,2004,Rabi,Rapeseed &Mustard,685,1000,1.459854015
Haryana,KURUKSHETRA,2004,Rabi,Sunflower,2092,3900,1.864244742
Haryana,KURUKSHETRA,2004,Rabi,Wheat,113851,463000,4.066718782
Haryana,KURUKSHETRA,2004,Whole Year,Dry chillies,148,1600,10.81081081
Haryana,KURUKSHETRA,2004,Whole Year,Garlic,8,100,12.5
Haryana,KURUKSHETRA,2004,Whole Year,Onion,228,5400,23.68421053
Haryana,KURUKSHETRA,2004,Whole Year,Potato,4925,126800,25.74619289
Haryana,KURUKSHETRA,2004,Whole Year,Sugarcane,11792,910000,77.17096336
Haryana,KURUKSHETRA,2005,Kharif,Arhar/Tur,4,,
Haryana,KURUKSHETRA,2005,Kharif,Bajra,98,,
Haryana,KURUKSHETRA,2005,Kharif,Cotton(lint),11,,
Haryana,KURUKSHETRA,2005,Kharif,Maize,179,,
Haryana,KURUKSHETRA,2005,Kharif,Moong(Green Gram),238,100,0.420168067
Haryana,KURUKSHETRA,2005,Kharif,Rice,110791,416000,3.75481763
Haryana,KURUKSHETRA,2005,Kharif,Sesamum,1,,
Haryana,KURUKSHETRA,2005,Kharif,Urad,256,100,0.390625
Haryana,KURUKSHETRA,2005,Rabi,Barley,3,,
Haryana,KURUKSHETRA,2005,Rabi,Gram,135,,
Haryana,KURUKSHETRA,2005,Rabi,Masoor,353,400,1.133144476
Haryana,KURUKSHETRA,2005,Rabi,Peas & beans (Pulses),235,300,1.276595745
Haryana,KURUKSHETRA,2005,Rabi,Rapeseed &Mustard,769,1100,1.430429129
Haryana,KURUKSHETRA,2005,Rabi,Sunflower,6062,11200,1.847575058
Haryana,KURUKSHETRA,2005,Rabi,Wheat,109187,499000,4.570141134
Haryana,KURUKSHETRA,2005,Whole Year,Dry chillies,85,100,1.176470588
Haryana,KURUKSHETRA,2005,Whole Year,Onion,1456,34600,23.76373626
Haryana,KURUKSHETRA,2005,Whole Year,Potato,5371,137000,25.50735431
Haryana,KURUKSHETRA,2005,Whole Year,Sugarcane,13450,990000,73.60594796
Haryana,KURUKSHETRA,2006,Kharif,Arhar/Tur,56,100,1.785714286
Haryana,KURUKSHETRA,2006,Kharif,Bajra,93,,
Haryana,KURUKSHETRA,2006,Kharif,Maize,124,,
Haryana,KURUKSHETRA,2006,Kharif,Moong(Green Gram),266,100,0.37593985
Haryana,KURUKSHETRA,2006,Kharif,Rice,108950,440000,4.038549793
Haryana,KURUKSHETRA,2006,Kharif,Sesamum,6,,
Haryana,KURUKSHETRA,2006,Kharif,Urad,391,100,0.255754476
Haryana,KURUKSHETRA,2006,Rabi,Barley,14,,
Haryana,KURUKSHETRA,2006,Rabi,Gram,137,,
Haryana,KURUKSHETRA,2006,Rabi,Masoor,386,500,1.295336788
Haryana,KURUKSHETRA,2006,Rabi,Peas & beans (Pulses),154,200,1.298701299
Haryana,KURUKSHETRA,2006,Rabi,Rapeseed &Mustard,885,1000,1.129943503
Haryana,KURUKSHETRA,2006,Rabi,Sunflower,3114,5900,1.894669236
Haryana,KURUKSHETRA,2006,Rabi,Wheat,110285,514000,4.660651947
Haryana,KURUKSHETRA,2006,Whole Year,Dry chillies,95,100,1.052631579
Haryana,KURUKSHETRA,2006,Whole Year,Onion,363,9100,25.06887052
Haryana,KURUKSHETRA,2006,Whole Year,Potato,6033,155300,25.74175369
Haryana,KURUKSHETRA,2006,Whole Year,Sugarcane,15187,1034000,68.08454599
Haryana,KURUKSHETRA,2007,Kharif,Bajra,99,,
Haryana,KURUKSHETRA,2007,Kharif,Maize,87,,
Haryana,KURUKSHETRA,2007,Kharif,Moong(Green Gram),48,,
Haryana,KURUKSHETRA,2007,Kharif,Rice,114536,460000,4.016204512
Haryana,KURUKSHETRA,2007,Kharif,Sesamum,1,,
Haryana,KURUKSHETRA,2007,Kharif,Urad,173,100,0.578034682
Haryana,KURUKSHETRA,2007,Rabi,Barley,5,,
Haryana,KURUKSHETRA,2007,Rabi,Gram,110,,
Haryana,KURUKSHETRA,2007,Rabi,Masoor,241,300,1.244813278
Haryana,KURUKSHETRA,2007,Rabi,Peas & beans (Pulses),27,,
Haryana,KURUKSHETRA,2007,Rabi,Rapeseed &Mustard,577,1000,1.733102253
Haryana,KURUKSHETRA,2007,Rabi,Sunflower,4943,9400,1.901679142
Haryana,KURUKSHETRA,2007,Rabi,Wheat,112261,534000,4.756772165
Haryana,KURUKSHETRA,2007,Whole Year,Dry chillies,105,800,7.619047619
Haryana,KURUKSHETRA,2007,Whole Year,Garlic,6,,
Haryana,KURUKSHETRA,2007,Whole Year,Onion,753,17500,23.24037185
Haryana,KURUKSHETRA,2007,Whole Year,Potato,5145,104300,20.27210884
Haryana,KURUKSHETRA,2007,Whole Year,Sannhamp,1,,
Haryana,KURUKSHETRA,2007,Whole Year,Sugarcane,16038,1110000,69.21062477
Haryana,KURUKSHETRA,2008,Kharif,Arhar/Tur,40,,
Haryana,KURUKSHETRA,2008,Kharif,Bajra,47,,
Haryana,KURUKSHETRA,2008,Kharif,Maize,72,200,2.777777778
Haryana,KURUKSHETRA,2008,Kharif,Moong(Green Gram),144,100,0.694444444
Haryana,KURUKSHETRA,2008,Kharif,Rice,121530,408000,3.357195754
Haryana,KURUKSHETRA,2008,Kharif,Urad,89,100,1.123595506
Haryana,KURUKSHETRA,2008,Rabi,Barley,1,,
Haryana,KURUKSHETRA,2008,Rabi,Gram,66,,
Haryana,KURUKSHETRA,2008,Rabi,Masoor,216,300,1.388888889
Haryana,KURUKSHETRA,2008,Rabi,Peas & beans (Pulses),245,300,1.224489796
Haryana,KURUKSHETRA,2008,Rabi,Rapeseed &Mustard,794,2200,2.770780856
Haryana,KURUKSHETRA,2008,Rabi,Sunflower,5023,9300,1.851483177
Haryana,KURUKSHETRA,2008,Rabi,Wheat,115107,504000,4.378534755
Haryana,KURUKSHETRA,2008,Whole Year,Dry chillies,69,800,11.5942029
Haryana,KURUKSHETRA,2008,Whole Year,Garlic,6,,
Haryana,KURUKSHETRA,2008,Whole Year,Onion,11,200,18.18181818
Haryana,KURUKSHETRA,2008,Whole Year,Potato,5893,157000,26.64177838
Haryana,KURUKSHETRA,2008,Whole Year,Sugarcane,11332,688000,60.71302506
Haryana,KURUKSHETRA,2009,Kharif,Arhar/Tur,6,,
Haryana,KURUKSHETRA,2009,Kharif,Bajra,61,,
Haryana,KURUKSHETRA,2009,Kharif,Maize,57,,
Haryana,KURUKSHETRA,2009,Kharif,Moong(Green Gram),236,100,0.423728814
Haryana,KURUKSHETRA,2009,Kharif,Rice,117969,453000,3.839991862
Haryana,KURUKSHETRA,2009,Kharif,Sesamum,1,,
Haryana,KURUKSHETRA,2009,Kharif,Urad,177,100,0.564971751
Haryana,KURUKSHETRA,2009,Rabi,Barley,5,,
Haryana,KURUKSHETRA,2009,Rabi,Gram,68,,
Haryana,KURUKSHETRA,2009,Rabi,Masoor,248,300,1.209677419
Haryana,KURUKSHETRA,2009,Rabi,Peas & beans (Pulses),193,200,1.03626943
Haryana,KURUKSHETRA,2009,Rabi,Sunflower,5099,9400,1.843498725
Haryana,KURUKSHETRA,2009,Rabi,Wheat,114204,526000,4.605793142
Haryana,KURUKSHETRA,2009,Whole Year,Coriander,9,,
Haryana,KURUKSHETRA,2009,Whole Year,Dry chillies,68,200,2.941176471
Haryana,KURUKSHETRA,2009,Whole Year,Garlic,3,,
Haryana,KURUKSHETRA,2009,Whole Year,Onion,291,6500,22.33676976
Haryana,KURUKSHETRA,2009,Whole Year,Potato,6173,16600,2.689130083
Haryana,KURUKSHETRA,2009,Whole Year,Sugarcane,13833,1038000,75.03795272
Haryana,KURUKSHETRA,2010,Kharif,Arhar/Tur,6,,
Haryana,KURUKSHETRA,2010,Kharif,Bajra,61,,
Haryana,KURUKSHETRA,2010,Kharif,Maize,34,,
Haryana,KURUKSHETRA,2010,Kharif,Rice,119783,383000,3.19744872
Haryana,KURUKSHETRA,2010,Kharif,Sunflower,3194,6100,1.909830933
Haryana,KURUKSHETRA,2010,Kharif,Urad,89,200,2.247191011
Haryana,KURUKSHETRA,2010,Rabi,Barley,1,,
Haryana,KURUKSHETRA,2010,Rabi,Gram,53,,
Haryana,KURUKSHETRA,2010,Rabi,Masoor,287,400,1.393728223
Haryana,KURUKSHETRA,2010,Rabi,Peas & beans (Pulses),286,300,1.048951049
Haryana,KURUKSHETRA,2010,Rabi,Rapeseed &Mustard,1001,2000,1.998001998
Haryana,KURUKSHETRA,2010,Rabi,Wheat,114241,510000,4.464246636
Haryana,KURUKSHETRA,2010,Whole Year,Coriander,16,,
Haryana,KURUKSHETRA,2010,Whole Year,Dry chillies,33,300,9.090909091
Haryana,KURUKSHETRA,2010,Whole Year,Garlic,10,,
Haryana,KURUKSHETRA,2010,Whole Year,Onion,1,,
Haryana,KURUKSHETRA,2010,Whole Year,Potato,6754,154400,22.8605271
Haryana,KURUKSHETRA,2010,Whole Year,Sugarcane,8451,63000,7.454739084
Haryana,KURUKSHETRA,2010,Whole Year,Turmeric,3,,
Haryana,KURUKSHETRA,2011,Kharif,Arhar/Tur,6,,
Haryana,KURUKSHETRA,2011,Kharif,Bajra,69,,
Haryana,KURUKSHETRA,2011,Kharif,Cotton(lint),4,,
Haryana,KURUKSHETRA,2011,Kharif,Maize,844,3000,3.55450237
Haryana,KURUKSHETRA,2011,Kharif,Moong(Green Gram),707,400,0.565770863
Haryana,KURUKSHETRA,2011,Kharif,Rice,121216,459000,3.786628828
Haryana,KURUKSHETRA,2011,Kharif,Sannhamp,1,,
Haryana,KURUKSHETRA,2011,Kharif,Sunflower,2688,2800,1.041666667
Haryana,KURUKSHETRA,2011,Kharif,Urad,222,100,0.45045045
Haryana,KURUKSHETRA,2011,Rabi,Barley,4,,
Haryana,KURUKSHETRA,2011,Rabi,Gram,68,,
Haryana,KURUKSHETRA,2011,Rabi,Masoor,333,500,1.501501502
Haryana,KURUKSHETRA,2011,Rabi,Rapeseed &Mustard,1480,2000,1.351351351
Haryana,KURUKSHETRA,2011,Rabi,Wheat,112004,609000,5.437305811
Haryana,KURUKSHETRA,2011,Whole Year,Garlic,22,,
Haryana,KURUKSHETRA,2011,Whole Year,Onion,651,11800,18.12596006
Haryana,KURUKSHETRA,2011,Whole Year,Potato,6695,154400,23.06198656
Haryana,KURUKSHETRA,2011,Whole Year,Sugarcane,9928,77000,7.755842063
Haryana,KURUKSHETRA,2011,Whole Year,Turmeric,16,,
Haryana,KURUKSHETRA,2012,Kharif,Arhar/Tur,4,4,1
Haryana,KURUKSHETRA,2012,Kharif,Bajra,5,,
Haryana,KURUKSHETRA,2012,Kharif,Cotton(lint),2,,
Haryana,KURUKSHETRA,2012,Kharif,Jowar,12,,
Haryana,KURUKSHETRA,2012,Kharif,Maize,329,,
Haryana,KURUKSHETRA,2012,Kharif,Moong(Green Gram),171,94,0.549707602
Haryana,KURUKSHETRA,2012,Kharif,other oilseeds,53,,
Haryana,KURUKSHETRA,2012,Kharif,Rice,110728,477000,4.307853479
Haryana,KURUKSHETRA,2012,Kharif,Sunflower,3476,7600,2.186421174
Haryana,KURUKSHETRA,2012,Kharif,Urad,89,40,0.449438202
Haryana,KURUKSHETRA,2012,Rabi,Barley,1,,
Haryana,KURUKSHETRA,2012,Rabi,Gram,74,,
Haryana,KURUKSHETRA,2012,Rabi,Masoor,216,302,1.398148148
Haryana,KURUKSHETRA,2012,Rabi,Peas & beans (Pulses),300,330,1.1
Haryana,KURUKSHETRA,2012,Rabi,Rapeseed &Mustard,1953,3200,1.638504864
Haryana,KURUKSHETRA,2012,Rabi,Wheat,112658,526000,4.668998207
Haryana,KURUKSHETRA,2012,Whole Year,Coriander,1,1,1
Haryana,KURUKSHETRA,2012,Whole Year,Dry chillies,63,600,9.523809524
Haryana,KURUKSHETRA,2012,Whole Year,Garlic,4,,
Haryana,KURUKSHETRA,2012,Whole Year,Onion,340,12000,35.29411765
Haryana,KURUKSHETRA,2012,Whole Year,Potato,6954,160400,23.06586137
Haryana,KURUKSHETRA,2012,Whole Year,Sugarcane,9301,750000,80.6364907
Haryana,KURUKSHETRA,2012,Whole Year,Sweet potato,144,1700,11.80555556
Haryana,KURUKSHETRA,2012,Whole Year,Turmeric,40,36,0.9
Haryana,MAHENDRAGARH,1997,Kharif,Bajra,92000,117000,1.27173913
Haryana,MAHENDRAGARH,1997,Kharif,Other Kharif pulses,1300,600,0.461538462
Haryana,MAHENDRAGARH,1997,Rabi,Barley,1000,3000,3
Haryana,MAHENDRAGARH,1997,Rabi,Gram,27000,33000,1.222222222
Haryana,MAHENDRAGARH,1997,Rabi,Wheat,41000,171000,4.170731707
Haryana,MAHENDRAGARH,1997,Whole Year,Cotton(lint),7000,11000,1.571428571
Haryana,MAHENDRAGARH,1998,Kharif,Arhar/Tur,400,200,0.5
Haryana,MAHENDRAGARH,1998,Kharif,Bajra,96102,106000,1.102994735
Haryana,MAHENDRAGARH,1998,Kharif,Cotton(lint),7137,8000,1.120919154
Haryana,MAHENDRAGARH,1998,Kharif,Groundnut,224,200,0.892857143
Haryana,MAHENDRAGARH,1998,Kharif,Jowar,10,,
Haryana,MAHENDRAGARH,1998,Kharif,Maize,4,,
Haryana,MAHENDRAGARH,1998,Kharif,Moong(Green Gram),55,,
Haryana,MAHENDRAGARH,1998,Kharif,Sesamum,4,,
Haryana,MAHENDRAGARH,1998,Rabi,Barley,1032,3000,2.906976744
Haryana,MAHENDRAGARH,1998,Rabi,Gram,27414,20000,0.729554242
Haryana,MAHENDRAGARH,1998,Rabi,Peas & beans (Pulses),45,,
Haryana,MAHENDRAGARH,1998,Rabi,Rapeseed &Mustard,76343,115000,1.506359457
Haryana,MAHENDRAGARH,1998,Rabi,Wheat,45074,186000,4.126547455
Haryana,MAHENDRAGARH,1998,Whole Year,Dry chillies,18,,
Haryana,MAHENDRAGARH,1998,Whole Year,Onion,11,200,18.18181818
Haryana,MAHENDRAGARH,1998,Whole Year,Potato,6,100,16.66666667
Haryana,MAHENDRAGARH,1998,Whole Year,Sannhamp,15,,
Haryana,MAHENDRAGARH,1998,Whole Year,Sugarcane,7,,
Haryana,MAHENDRAGARH,1999,Kharif,Arhar/Tur,239,0,0
Haryana,MAHENDRAGARH,1999,Kharif,Bajra,94624,93000,0.982837335
Haryana,MAHENDRAGARH,1999,Kharif,Cotton(lint),4239,7000,1.651332862
Haryana,MAHENDRAGARH,1999,Kharif,Groundnut,61,0,0
Haryana,MAHENDRAGARH,1999,Kharif,Jowar,61,0,0
Haryana,MAHENDRAGARH,1999,Kharif,Maize,2,0,0
Haryana,MAHENDRAGARH,1999,Kharif,Moong(Green Gram),7,0,0
Haryana,MAHENDRAGARH,1999,Kharif,Sesamum,3,0,0
Haryana,MAHENDRAGARH,1999,Rabi,Barley,995,3000,3.015075377
Haryana,MAHENDRAGARH,1999,Rabi,Gram,7275,4000,0.549828179
Haryana,MAHENDRAGARH,1999,Rabi,Rapeseed &Mustard,87461,133000,1.520677788
Haryana,MAHENDRAGARH,1999,Rabi,Wheat,48458,199000,4.106649057
Haryana,MAHENDRAGARH,1999,Whole Year,Dry chillies,12,,
Haryana,MAHENDRAGARH,1999,Whole Year,Sugarcane,1,0,0
Haryana,MAHENDRAGARH,2000,Kharif,Arhar/Tur,94,100,1.063829787
Haryana,MAHENDRAGARH,2000,Kharif,Bajra,98498,110000,1.116773945
Haryana,MAHENDRAGARH,2000,Kharif,Cotton(lint),1493,2000,1.339584729
Haryana,MAHENDRAGARH,2000,Kharif,Groundnut,10,0,0
Haryana,MAHENDRAGARH,2000,Kharif,Jowar,51,0,0
Haryana,MAHENDRAGARH,2000,Kharif,Maize,1,0,0
Haryana,MAHENDRAGARH,2000,Kharif,Moong(Green Gram),18,0,0
Haryana,MAHENDRAGARH,2000,Kharif,Rice,1,,
Haryana,MAHENDRAGARH,2000,Kharif,Sesamum,4,0,0
Haryana,MAHENDRAGARH,2000,Rabi,Barley,1373,3000,2.184996358
Haryana,MAHENDRAGARH,2000,Rabi,Gram,7527,8000,1.062840441
Haryana,MAHENDRAGARH,2000,Rabi,Rapeseed &Mustard,78343,94000,1.199851933
Haryana,MAHENDRAGARH,2000,Rabi,Wheat,49133,182000,3.704231372
Haryana,MAHENDRAGARH,2000,Whole Year,Dry chillies,9,0,0
Haryana,MAHENDRAGARH,2000,Whole Year,Sugarcane,1,,
Haryana,MAHENDRAGARH,2001,Kharif,Arhar/Tur,37,0,0
Haryana,MAHENDRAGARH,2001,Kharif,Bajra,103454,154000,1.488584298
Haryana,MAHENDRAGARH,2001,Kharif,Cotton(lint),1683,5000,2.970885324
Haryana,MAHENDRAGARH,2001,Kharif,Groundnut,77,100,1.298701299
Haryana,MAHENDRAGARH,2001,Kharif,Jowar,23,0,0
Haryana,MAHENDRAGARH,2001,Kharif,Moong(Green Gram),86,0,0
Haryana,MAHENDRAGARH,2001,Kharif,Sesamum,4,0,0
Haryana,MAHENDRAGARH,2001,Rabi,Barley,1368,3000,2.192982456
Haryana,MAHENDRAGARH,2001,Rabi,Gram,13873,11000,0.792907086
Haryana,MAHENDRAGARH,2001,Rabi,Peas & beans (Pulses),40,0,0
Haryana,MAHENDRAGARH,2001,Rabi,Rapeseed &Mustard,91829,126000,1.372115563
Haryana,MAHENDRAGARH,2001,Rabi,Wheat,41058,153000,3.726435774
Haryana,MAHENDRAGARH,2001,Whole Year,Dry chillies,6,0,0
Haryana,MAHENDRAGARH,2001,Whole Year,Potato,1,0,0
Haryana,MAHENDRAGARH,2001,Whole Year,Sannhamp,5,0,0
Haryana,MAHENDRAGARH,2001,Whole Year,Sugarcane,1,0,0
Haryana,MAHENDRAGARH,2002,Kharif,Arhar/Tur,76,,
Haryana,MAHENDRAGARH,2002,Kharif,Bajra,56593,49000,0.865831463
Haryana,MAHENDRAGARH,2002,Kharif,Cotton(lint),3613,5000,1.383891503
Haryana,MAHENDRAGARH,2002,Kharif,Groundnut,296,200,0.675675676
Haryana,MAHENDRAGARH,2002,Kharif,Horse-gram,2,0,0
Haryana,MAHENDRAGARH,2002,Kharif,Jowar,78,0,0
Haryana,MAHENDRAGARH,2002,Kharif,Maize,5,0,0
Haryana,MAHENDRAGARH,2002,Kharif,Moong(Green Gram),355,0,0
Haryana,MAHENDRAGARH,2002,Kharif,Moth,12,0,0
Haryana,MAHENDRAGARH,2002,Kharif,Sesamum,10,0,0
Haryana,MAHENDRAGARH,2002,Kharif,Urad,1,0,0
Haryana,MAHENDRAGARH,2002,Rabi,Barley,997,3000,3.009027081
Haryana,MAHENDRAGARH,2002,Rabi,Gram,7459,6000,0.804397372
Haryana,MAHENDRAGARH,2002,Rabi,Peas & beans (Pulses),55,0,0
Haryana,MAHENDRAGARH,2002,Rabi,Rapeseed &Mustard,71993,77000,1.069548428
Haryana,MAHENDRAGARH,2002,Rabi,Wheat,45594,182000,3.991753301
Haryana,MAHENDRAGARH,2002,Whole Year,Onion,18,300,16.66666667
Haryana,MAHENDRAGARH,2002,Whole Year,Other Vegetables,1260,6900,5.476190476
Haryana,MAHENDRAGARH,2002,Whole Year,Potato,3,0,0
Haryana,MAHENDRAGARH,2003,Kharif,Bajra,109115,213000,1.952068918
Haryana,MAHENDRAGARH,2003,Kharif,Cotton(lint),5432,18000,3.313696613
Haryana,MAHENDRAGARH,2003,Kharif,Groundnut,167,100,0.598802395
Haryana,MAHENDRAGARH,2003,Kharif,Jowar,105,0,0
Haryana,MAHENDRAGARH,2003,Kharif,Moong(Green Gram),334,100,0.299401198
Haryana,MAHENDRAGARH,2003,Kharif,Sesamum,14,0,0
Haryana,MAHENDRAGARH,2003,Rabi,Barley,692,3000,4.335260116
Haryana,MAHENDRAGARH,2003,Rabi,Gram,18272,17000,0.930385289
Haryana,MAHENDRAGARH,2003,Rabi,Peas & beans (Pulses),82,0,0
Haryana,MAHENDRAGARH,2003,Rabi,Rapeseed &Mustard,84949,138000,1.624504114
Haryana,MAHENDRAGARH,2003,Rabi,Wheat,42954,170000,3.957722214
Haryana,MAHENDRAGARH,2003,Whole Year,Dry chillies,11,0,0
Haryana,MAHENDRAGARH,2003,Whole Year,Onion,11,200,18.18181818
Haryana,MAHENDRAGARH,2003,Whole Year,Other Vegetables,767,4100,5.345501956
Haryana,MAHENDRAGARH,2003,Whole Year,Sannhamp,8,0,0
Haryana,MAHENDRAGARH,2004,Kharif,Bajra,85078,102000,1.198899833
Haryana,MAHENDRAGARH,2004,Kharif,Cotton(lint),13686,29000,2.118953675
Haryana,MAHENDRAGARH,2004,Kharif,Groundnut,426,300,0.704225352
Haryana,MAHENDRAGARH,2004,Kharif,Jowar,444,,
Haryana,MAHENDRAGARH,2004,Kharif,Moong(Green Gram),195,100,0.512820513
Haryana,MAHENDRAGARH,2004,Kharif,Sesamum,6,,
Haryana,MAHENDRAGARH,2004,Rabi,Barley,439,,
Haryana,MAHENDRAGARH,2004,Rabi,Gram,5442,4000,0.735023888
Haryana,MAHENDRAGARH,2004,Rabi,Peas & beans (Pulses),60,,
Haryana,MAHENDRAGARH,2004,Rabi,Rapeseed &Mustard,99569,119000,1.195151101
Haryana,MAHENDRAGARH,2004,Rabi,Wheat,40575,154000,3.795440542
Haryana,MAHENDRAGARH,2004,Whole Year,Dry chillies,11,100,9.090909091
Haryana,MAHENDRAGARH,2004,Whole Year,Onion,3,100,33.33333333
Haryana,MAHENDRAGARH,2005,Kharif,Arhar/Tur,248,200,0.806451613
Haryana,MAHENDRAGARH,2005,Kharif,Bajra,98710,110000,1.114375443
Haryana,MAHENDRAGARH,2005,Kharif,Cotton(lint),9511,11000,1.156555567
Haryana,MAHENDRAGARH,2005,Kharif,Groundnut,497,300,0.60362173
Haryana,MAHENDRAGARH,2005,Kharif,Jowar,40,,
Haryana,MAHENDRAGARH,2005,Kharif,Maize,1,,
Haryana,MAHENDRAGARH,2005,Kharif,Moong(Green Gram),97,100,1.030927835
Haryana,MAHENDRAGARH,2005,Kharif,Moth,3,,
Haryana,MAHENDRAGARH,2005,Kharif,Sesamum,10,,
Haryana,MAHENDRAGARH,2005,Kharif,Urad,3,,
Haryana,MAHENDRAGARH,2005,Rabi,Barley,550,3000,5.454545455
Haryana,MAHENDRAGARH,2005,Rabi,Gram,8128,4000,0.492125984
Haryana,MAHENDRAGARH,2005,Rabi,Rapeseed &Mustard,102284,119000,1.16342732
Haryana,MAHENDRAGARH,2005,Rabi,Wheat,38345,157000,4.09440605
Haryana,MAHENDRAGARH,2005,Whole Year,Dry chillies,5,,
Haryana,MAHENDRAGARH,2005,Whole Year,Onion,9,200,22.22222222
Haryana,MAHENDRAGARH,2006,Kharif,Arhar/Tur,132,100,0.757575758
Haryana,MAHENDRAGARH,2006,Kharif,Bajra,100975,158000,1.564743748
Haryana,MAHENDRAGARH,2006,Kharif,Cotton(lint),4076,8000,1.962708538
Haryana,MAHENDRAGARH,2006,Kharif,Groundnut,490,300,0.612244898
Haryana,MAHENDRAGARH,2006,Kharif,Jowar,3,,
Haryana,MAHENDRAGARH,2006,Kharif,Moong(Green Gram),179,,
Haryana,MAHENDRAGARH,2006,Kharif,Rice,1,,
Haryana,MAHENDRAGARH,2006,Kharif,Sesamum,3,,
Haryana,MAHENDRAGARH,2006,Kharif,Urad,6,,
Haryana,MAHENDRAGARH,2006,Rabi,Barley,670,3000,4.47761194
Haryana,MAHENDRAGARH,2006,Rabi,Gram,7584,9000,1.186708861
Haryana,MAHENDRAGARH,2006,Rabi,Rapeseed &Mustard,96125,136000,1.414824447
Haryana,MAHENDRAGARH,2006,Rabi,Wheat,43627,175000,4.01127742
Haryana,MAHENDRAGARH,2006,Whole Year,Dry chillies,9,,
Haryana,MAHENDRAGARH,2006,Whole Year,Onion,3,100,33.33333333
Haryana,MAHENDRAGARH,2006,Whole Year,Sugarcane,1,,
Haryana,MAHENDRAGARH,2007,Kharif,Arhar/Tur,133,100,0.751879699
Haryana,MAHENDRAGARH,2007,Kharif,Bajra,103100,177000,1.716779825
Haryana,MAHENDRAGARH,2007,Kharif,Castor seed,1,,
Haryana,MAHENDRAGARH,2007,Kharif,Cotton(lint),1410,2000,1.418439716
Haryana,MAHENDRAGARH,2007,Kharif,Groundnut,231,200,0.865800866
Haryana,MAHENDRAGARH,2007,Kharif,Moong(Green Gram),175,100,0.571428571
Haryana,MAHENDRAGARH,2007,Kharif,Sesamum,6,,
Haryana,MAHENDRAGARH,2007,Rabi,Barley,654,3000,4.587155963
Haryana,MAHENDRAGARH,2007,Rabi,Gram,10006,5000,0.49970018
Haryana,MAHENDRAGARH,2007,Rabi,Rapeseed &Mustard,86840,93000,1.070935053
Haryana,MAHENDRAGARH,2007,Rabi,Wheat,46916,175000,3.730070765
Haryana,MAHENDRAGARH,2007,Whole Year,Onion,1,,
Haryana,MAHENDRAGARH,2007,Whole Year,Sannhamp,3,,
Haryana,MAHENDRAGARH,2007,Whole Year,Sugarcane,2,,
Haryana,MAHENDRAGARH,2008,Kharif,Arhar/Tur,156,100,0.641025641
Haryana,MAHENDRAGARH,2008,Kharif,Bajra,102963,182000,1.767625263
Haryana,MAHENDRAGARH,2008,Kharif,Cotton(lint),898,2000,2.227171492
Haryana,MAHENDRAGARH,2008,Kharif,Groundnut,44,,
Haryana,MAHENDRAGARH,2008,Kharif,Moong(Green Gram),194,100,0.515463918
Haryana,MAHENDRAGARH,2008,Kharif,Sesamum,5,,
Haryana,MAHENDRAGARH,2008,Rabi,Barley,778,3000,3.856041131
Haryana,MAHENDRAGARH,2008,Rabi,Gram,10988,12000,1.092100473
Haryana,MAHENDRAGARH,2008,Rabi,Rapeseed &Mustard,92968,173000,1.860855348
Haryana,MAHENDRAGARH,2008,Rabi,Wheat,42601,201000,4.718199103
Haryana,MAHENDRAGARH,2008,Whole Year,Coriander,7,,
Haryana,MAHENDRAGARH,2008,Whole Year,Dry chillies,2,,
Haryana,MAHENDRAGARH,2008,Whole Year,Onion,1,,
Haryana,MAHENDRAGARH,2008,Whole Year,Sannhamp,4,,
Haryana,MAHENDRAGARH,2009,Kharif,Arhar/Tur,156,200,1.282051282
Haryana,MAHENDRAGARH,2009,Kharif,Bajra,102969,183000,1.777233925
Haryana,MAHENDRAGARH,2009,Kharif,Cotton(lint),898,2000,2.227171492
Haryana,MAHENDRAGARH,2009,Kharif,Groundnut,46,,
Haryana,MAHENDRAGARH,2009,Kharif,Jowar,40,,
Haryana,MAHENDRAGARH,2009,Kharif,Moong(Green Gram),194,100,0.515463918
Haryana,MAHENDRAGARH,2009,Kharif,Moth,52,,
Haryana,MAHENDRAGARH,2009,Kharif,Rice,33,,
Haryana,MAHENDRAGARH,2009,Kharif,Sesamum,3,,
Haryana,MAHENDRAGARH,2009,Rabi,Barley,638,2000,3.134796238
Haryana,MAHENDRAGARH,2009,Rabi,Gram,3254,2000,0.61462815
Haryana,MAHENDRAGARH,2009,Rabi,Peas & beans (Pulses),155,100,0.64516129
Haryana,MAHENDRAGARH,2009,Rabi,Wheat,40736,159000,3.903181461
Haryana,MAHENDRAGARH,2009,Whole Year,Coriander,11,,
Haryana,MAHENDRAGARH,2009,Whole Year,Dry chillies,1,,
Haryana,MAHENDRAGARH,2009,Whole Year,Garlic,2,,
Haryana,MAHENDRAGARH,2009,Whole Year,Onion,16,300,18.75
Haryana,MAHENDRAGARH,2009,Whole Year,Potato,3,,
Haryana,MAHENDRAGARH,2009,Whole Year,Sweet potato,5,100,20
Haryana,MAHENDRAGARH,2010,Kharif,Arhar/Tur,176,200,1.136363636
Haryana,MAHENDRAGARH,2010,Kharif,Bajra,111683,200000,1.790782841
Haryana,MAHENDRAGARH,2010,Kharif,Castor seed,17,,
Haryana,MAHENDRAGARH,2010,Kharif,Cotton(lint),566,4000,7.067137809
Haryana,MAHENDRAGARH,2010,Kharif,Groundnut,82,100,1.219512195
Haryana,MAHENDRAGARH,2010,Kharif,Jowar,3,,
Haryana,MAHENDRAGARH,2010,Kharif,Moong(Green Gram),236,100,0.423728814
Haryana,MAHENDRAGARH,2010,Kharif,Moth,106,100,0.943396226
Haryana,MAHENDRAGARH,2010,Kharif,Other Kharif pulses,7,,
Haryana,MAHENDRAGARH,2010,Kharif,Rice,25,,
Haryana,MAHENDRAGARH,2010,Kharif,Sesamum,34,,
Haryana,MAHENDRAGARH,2010,Rabi,Barley,847,3000,3.541912633
Haryana,MAHENDRAGARH,2010,Rabi,Gram,11065,12000,1.084500678
Haryana,MAHENDRAGARH,2010,Rabi,Peas & beans (Pulses),519,300,0.578034682
Haryana,MAHENDRAGARH,2010,Rabi,Rapeseed &Mustard,89554,171000,1.909462447
Haryana,MAHENDRAGARH,2010,Rabi,Wheat,46017,213000,4.628724167
Haryana,MAHENDRAGARH,2010,Whole Year,Dry chillies,1,,
Haryana,MAHENDRAGARH,2010,Whole Year,Garlic,12,,
Haryana,MAHENDRAGARH,2010,Whole Year,Onion,6,100,16.66666667
Haryana,MAHENDRAGARH,2010,Whole Year,Potato,2,,
Haryana,MAHENDRAGARH,2010,Whole Year,Sannhamp,3,,
Haryana,MAHENDRAGARH,2011,Kharif,Arhar/Tur,93,100,1.075268817
Haryana,MAHENDRAGARH,2011,Kharif,Bajra,113217,256000,2.261144528
Haryana,MAHENDRAGARH,2011,Kharif,Castor seed,78,100,1.282051282
Haryana,MAHENDRAGARH,2011,Kharif,Cotton(lint),1921,5000,2.602811036
Haryana,MAHENDRAGARH,2011,Kharif,Groundnut,104,100,0.961538462
Haryana,MAHENDRAGARH,2011,Kharif,Moong(Green Gram),215,100,0.465116279
Haryana,MAHENDRAGARH,2011,Kharif,Moth,3,,
Haryana,MAHENDRAGARH,2011,Kharif,Other Kharif pulses,132,,
Haryana,MAHENDRAGARH,2011,Kharif,Rice,39,,
Haryana,MAHENDRAGARH,2011,Kharif,Sesamum,24,,
Haryana,MAHENDRAGARH,2011,Rabi,Barley,872,2000,2.293577982
Haryana,MAHENDRAGARH,2011,Rabi,Gram,7513,8000,1.064820977
Haryana,MAHENDRAGARH,2011,Rabi,Rapeseed &Mustard,98299,81000,0.824016521
Haryana,MAHENDRAGARH,2011,Rabi,Wheat,41029,189000,4.606497843
Haryana,MAHENDRAGARH,2011,Whole Year,Garlic,7,,
Haryana,MAHENDRAGARH,2011,Whole Year,Onion,17,200,11.76470588
Haryana,MAHENDRAGARH,2011,Whole Year,Potato,6,100,16.66666667
Haryana,MAHENDRAGARH,2011,Whole Year,Sugarcane,1,,
Haryana,MAHENDRAGARH,2012,Kharif,Arhar/Tur,156,155,0.993589744
Haryana,MAHENDRAGARH,2012,Kharif,Bajra,90744,198000,2.181962444
Haryana,MAHENDRAGARH,2012,Kharif,Castor seed,6,3,0.5
Haryana,MAHENDRAGARH,2012,Kharif,Cotton(lint),4461,10000,2.241649854
Haryana,MAHENDRAGARH,2012,Kharif,Groundnut,47,56,1.191489362
Haryana,MAHENDRAGARH,2012,Kharif,Jowar,222,,
Haryana,MAHENDRAGARH,2012,Kharif,Sesamum,6,2,0.333333333
Haryana,MAHENDRAGARH,2012,Rabi,Barley,679,4000,5.8910162
Haryana,MAHENDRAGARH,2012,Rabi,Gram,7566,10000,1.321702353
Haryana,MAHENDRAGARH,2012,Rabi,Rapeseed &Mustard,96681,165000,1.706643498
Haryana,MAHENDRAGARH,2012,Rabi,Wheat,42876,205000,4.781229592
Haryana,MAHENDRAGARH,2012,Whole Year,Guar seed,40598,28419,0.700009853
Haryana,MEWAT,2005,Kharif,Arhar/Tur,401,400,0.997506234
Haryana,MEWAT,2005,Kharif,Bajra,25413,26000,1.023098414
Haryana,MEWAT,2005,Kharif,Cotton(lint),85,,
Haryana,MEWAT,2005,Kharif,Groundnut,12,,
Haryana,MEWAT,2005,Kharif,Horse-gram,3388,600,0.177095632
Haryana,MEWAT,2005,Kharif,Jowar,11542,3000,0.259920291
Haryana,MEWAT,2005,Kharif,Maize,3,,
Haryana,MEWAT,2005,Kharif,Moong(Green Gram),31,,
Haryana,MEWAT,2005,Kharif,Rice,8623,27000,3.131160849
Haryana,MEWAT,2005,Kharif,Sesamum,217,,
Haryana,MEWAT,2005,Kharif,Urad,13,,
Haryana,MEWAT,2005,Rabi,Barley,1873,6000,3.203416978
Haryana,MEWAT,2005,Rabi,Gram,880,1000,1.136363636
Haryana,MEWAT,2005,Rabi,Masoor,1031,500,0.484966052
Haryana,MEWAT,2005,Rabi,Peas & beans (Pulses),2,,
Haryana,MEWAT,2005,Rabi,Rapeseed &Mustard,40998,43100,1.051270794
Haryana,MEWAT,2005,Rabi,Wheat,89998,276000,3.066734816
Haryana,MEWAT,2005,Whole Year,Onion,587,9400,16.01362862
Haryana,MEWAT,2005,Whole Year,Sugarcane,671,50000,74.51564829
Haryana,MEWAT,2005,Whole Year,Sweet potato,1,,
Haryana,MEWAT,2006,Kharif,Arhar/Tur,293,1200,4.09556314
Haryana,MEWAT,2006,Kharif,Bajra,26248,34000,1.295336788
Haryana,MEWAT,2006,Kharif,Cotton(lint),41,,
Haryana,MEWAT,2006,Kharif,Groundnut,3,,
Haryana,MEWAT,2006,Kharif,Horse-gram,5,,
Haryana,MEWAT,2006,Kharif,Jowar,12827,4000,0.311842208
Haryana,MEWAT,2006,Kharif,Moong(Green Gram),51,,
Haryana,MEWAT,2006,Kharif,Rice,8097,15000,1.852537977
Haryana,MEWAT,2006,Kharif,Sesamum,284,100,0.352112676
Haryana,MEWAT,2006,Kharif,Urad,4,,
Haryana,MEWAT,2006,Rabi,Barley,1542,5000,3.242542153
Haryana,MEWAT,2006,Rabi,Gram,889,1000,1.124859393
Haryana,MEWAT,2006,Rabi,Masoor,528,300,0.568181818
Haryana,MEWAT,2006,Rabi,Peas & beans (Pulses),6,,
Haryana,MEWAT,2006,Rabi,Rapeseed &Mustard,33434,35000,1.046838548
Haryana,MEWAT,2006,Rabi,Wheat,93462,289000,3.0921658
Haryana,MEWAT,2006,Whole Year,Garlic,1,,
Haryana,MEWAT,2006,Whole Year,Onion,861,18300,21.2543554
Haryana,MEWAT,2006,Whole Year,Sugarcane,811,46000,56.72009864
Haryana,MEWAT,2007,Kharif,Arhar/Tur,304,300,0.986842105
Haryana,MEWAT,2007,Kharif,Bajra,27025,44000,1.628122109
Haryana,MEWAT,2007,Kharif,Cotton(lint),27,,
Haryana,MEWAT,2007,Kharif,Jowar,14036,6000,0.427472214
Haryana,MEWAT,2007,Kharif,Moong(Green Gram),32,,
Haryana,MEWAT,2007,Kharif,Rice,8541,22000,2.575810795
Haryana,MEWAT,2007,Kharif,Sesamum,434,100,0.230414747
Haryana,MEWAT,2007,Kharif,Urad,2,,
Haryana,MEWAT,2007,Rabi,Barley,1003,2000,1.994017946
Haryana,MEWAT,2007,Rabi,Gram,881,1000,1.13507378
Haryana,MEWAT,2007,Rabi,Masoor,697,300,0.430416069
Haryana,MEWAT,2007,Rabi,Peas & beans (Pulses),9,,
Haryana,MEWAT,2007,Rabi,Rapeseed &Mustard,30774,44000,1.429778384
Haryana,MEWAT,2007,Rabi,Wheat,98099,361000,3.679955963
Haryana,MEWAT,2007,Whole Year,Garlic,3,,
Haryana,MEWAT,2007,Whole Year,Onion,841,15400,18.31153389
Haryana,MEWAT,2007,Whole Year,Sugarcane,849,60000,70.67137809
Haryana,MEWAT,2008,Kharif,Arhar/Tur,406,400,0.985221675
Haryana,MEWAT,2008,Kharif,Bajra,22523,35000,1.553967056
Haryana,MEWAT,2008,Kharif,Cotton(lint),20,,
Haryana,MEWAT,2008,Kharif,Jowar,9370,5000,0.53361793
Haryana,MEWAT,2008,Kharif,Moong(Green Gram),29,,
Haryana,MEWAT,2008,Kharif,Rice,7110,16000,2.250351617
Haryana,MEWAT,2008,Kharif,Sesamum,640,200,0.3125
Haryana,MEWAT,2008,Rabi,Barley,807,3000,3.717472119
Haryana,MEWAT,2008,Rabi,Gram,760,1000,1.315789474
Haryana,MEWAT,2008,Rabi,Masoor,954,400,0.419287212
Haryana,MEWAT,2008,Rabi,Peas & beans (Pulses),7,,
Haryana,MEWAT,2008,Rabi,Rapeseed &Mustard,29360,48000,1.634877384
Haryana,MEWAT,2008,Rabi,Wheat,71445,271000,3.793127581
Haryana,MEWAT,2008,Whole Year,Dry chillies,329,3300,10.03039514
Haryana,MEWAT,2008,Whole Year,Garlic,3,,
Haryana,MEWAT,2008,Whole Year,Onion,755,14000,18.54304636
Haryana,MEWAT,2008,Whole Year,Sugarcane,48,,
Haryana,MEWAT,2009,Kharif,Arhar/Tur,6,,
Haryana,MEWAT,2009,Kharif,Bajra,25597,44000,1.71895144
Haryana,MEWAT,2009,Kharif,Cotton(lint),15,,
Haryana,MEWAT,2009,Kharif,Jowar,9783,50,0.005110907
Haryana,MEWAT,2009,Kharif,Maize,3,,
Haryana,MEWAT,2009,Kharif,Rice,6050,18000,2.975206612
Haryana,MEWAT,2009,Kharif,Sesamum,435,100,0.229885057
Haryana,MEWAT,2009,Rabi,Barley,912,2000,2.192982456
Haryana,MEWAT,2009,Rabi,Gram,697,1000,1.43472023
Haryana,MEWAT,2009,Rabi,Masoor,1606,700,0.435865504
Haryana,MEWAT,2009,Rabi,Peas & beans (Pulses),5,,
Haryana,MEWAT,2009,Rabi,Wheat,73702,301000,4.084014002
Haryana,MEWAT,2009,Whole Year,Onion,748,15200,20.32085561
Haryana,MEWAT,2009,Whole Year,Sugarcane,83,,
Haryana,MEWAT,2010,Kharif,Bajra,26589,38000,1.429162436
Haryana,MEWAT,2010,Kharif,Cotton(lint),7,,
Haryana,MEWAT,2010,Kharif,Jowar,12420,6000,0.483091787
Haryana,MEWAT,2010,Kharif,Moong(Green Gram),606,100,0.165016502
Haryana,MEWAT,2010,Kharif,Moth,3,,
Haryana,MEWAT,2010,Kharif,Rice,6177,17000,2.752145054
Haryana,MEWAT,2010,Kharif,Sesamum,385,,
Haryana,MEWAT,2010,Rabi,Barley,917,3000,3.271537623
Haryana,MEWAT,2010,Rabi,Gram,409,1000,2.444987775
Haryana,MEWAT,2010,Rabi,Masoor,877,400,0.456100342
Haryana,MEWAT,2010,Rabi,Peas & beans (Pulses),8,,
Haryana,MEWAT,2010,Rabi,Rapeseed &Mustard,23445,42000,1.791426743
Haryana,MEWAT,2010,Rabi,Wheat,72167,306000,4.240165172
Haryana,MEWAT,2010,Whole Year,Dry chillies,2,,
Haryana,MEWAT,2010,Whole Year,Onion,634,13300,20.97791798
Haryana,MEWAT,2010,Whole Year,Sugarcane,162,,
Haryana,MEWAT,2011,Kharif,Arhar/Tur,581,600,1.032702238
Haryana,MEWAT,2011,Kharif,Bajra,25119,47000,1.871093594
Haryana,MEWAT,2011,Kharif,Cotton(lint),53,,
Haryana,MEWAT,2011,Kharif,Jowar,12812,6000,0.468310958
Haryana,MEWAT,2011,Kharif,Maize,9,,
Haryana,MEWAT,2011,Kharif,Moong(Green Gram),39,,
Haryana,MEWAT,2011,Kharif,Moth,18,,
Haryana,MEWAT,2011,Kharif,Rice,6069,18000,2.965892239
Haryana,MEWAT,2011,Kharif,Sesamum,430,100,0.23255814
Haryana,MEWAT,2011,Kharif,Urad,1,,
Haryana,MEWAT,2011,Rabi,Barley,986,4000,4.056795132
Haryana,MEWAT,2011,Rabi,Gram,423,1000,2.364066194
Haryana,MEWAT,2011,Rabi,Masoor,1222,600,0.490998363
Haryana,MEWAT,2011,Rabi,Rapeseed &Mustard,25660,47000,1.831644583
Haryana,MEWAT,2011,Rabi,Wheat,71378,312000,4.371094735
Haryana,MEWAT,2011,Whole Year,Sugarcane,710,7000,9.85915493
Haryana,MEWAT,2012,Kharif,Arhar/Tur,612,603,0.985294118
Haryana,MEWAT,2012,Kharif,Bajra,22382,43000,1.921186668
Haryana,MEWAT,2012,Kharif,Cotton(lint),79,,
Haryana,MEWAT,2012,Kharif,Groundnut,2,2,1
Haryana,MEWAT,2012,Kharif,Jowar,9048,4500,0.49734748
Haryana,MEWAT,2012,Kharif,Moong(Green Gram),29,8,0.275862069
Haryana,MEWAT,2012,Kharif,Moth,35,19,0.542857143
Haryana,MEWAT,2012,Kharif,Rice,4051,13000,3.209084177
Haryana,MEWAT,2012,Kharif,Sesamum,288,91,0.315972222
Haryana,MEWAT,2012,Rabi,Barley,1317,3000,2.277904328
Haryana,MEWAT,2012,Rabi,Gram,286,,
Haryana,MEWAT,2012,Rabi,Masoor,515,349,0.677669903
Haryana,MEWAT,2012,Rabi,Rapeseed &Mustard,28825,46000,1.595836947
Haryana,MEWAT,2012,Rabi,Wheat,71677,296000,4.129637122
Haryana,MEWAT,2012,Whole Year,Guar seed,611,367,0.600654664
Haryana,MEWAT,2012,Whole Year,Sugarcane,836,72000,86.12440191
Haryana,PALWAL,2008,Kharif,Arhar/Tur,1591,1600,1.00565682
Haryana,PALWAL,2008,Kharif,Bajra,7784,15000,1.927029805
Haryana,PALWAL,2008,Kharif,Cotton(lint),173,,
Haryana,PALWAL,2008,Kharif,Jowar,9158,4000,0.436776589
Haryana,PALWAL,2008,Kharif,Maize,52,200,3.846153846
Haryana,PALWAL,2008,Kharif,Moong(Green Gram),248,100,0.403225806
Haryana,PALWAL,2008,Kharif,Moth,2,,
Haryana,PALWAL,2008,Kharif,Rice,27185,74000,2.722089388
Haryana,PALWAL,2008,Kharif,Sesamum,273,100,0.366300366
Haryana,PALWAL,2008,Kharif,Urad,77,,
Haryana,PALWAL,2008,Rabi,Barley,1027,3000,2.921129503
Haryana,PALWAL,2008,Rabi,Gram,1,,
Haryana,PALWAL,2008,Rabi,Masoor,21,,
Haryana,PALWAL,2008,Rabi,Rapeseed &Mustard,3511,8000,2.278553119
Haryana,PALWAL,2008,Rabi,Wheat,93263,466000,4.996622455
Haryana,PALWAL,2008,Whole Year,Potato,25,600,24
Haryana,PALWAL,2008,Whole Year,Sugarcane,3622,251000,69.29872998
Haryana,PALWAL,2009,Kharif,Arhar/Tur,1056,1100,1.041666667
Haryana,PALWAL,2009,Kharif,Bajra,6676,13000,1.947273817
Haryana,PALWAL,2009,Kharif,Cotton(lint),341,,
Haryana,PALWAL,2009,Kharif,Jowar,7464,40,0.005359057
Haryana,PALWAL,2009,Kharif,Maize,16,,
Haryana,PALWAL,2009,Kharif,Moong(Green Gram),48,,
Haryana,PALWAL,2009,Kharif,Rice,30738,85000,2.765306786
Haryana,PALWAL,2009,Kharif,Sesamum,81,,
Haryana,PALWAL,2009,Kharif,Urad,16,,
Haryana,PALWAL,2009,Rabi,Barley,945,3000,3.174603175
Haryana,PALWAL,2009,Rabi,Gram,3,,
Haryana,PALWAL,2009,Rabi,Masoor,4,,
Haryana,PALWAL,2009,Rabi,Peas & beans (Pulses),6,,
Haryana,PALWAL,2009,Rabi,Wheat,98609,409000,4.14769443
Haryana,PALWAL,2009,Whole Year,Potato,34,700,20.58823529
Haryana,PALWAL,2009,Whole Year,Sugarcane,2218,108000,48.69251578
Haryana,PALWAL,2010,Kharif,Arhar/Tur,983,1100,1.119023398
Haryana,PALWAL,2010,Kharif,Bajra,8358,15000,1.794687724
Haryana,PALWAL,2010,Kharif,Cotton(lint),360,,
Haryana,PALWAL,2010,Kharif,Horse-gram,34,,
Haryana,PALWAL,2010,Kharif,Jowar,9199,5000,0.543537341
Haryana,PALWAL,2010,Kharif,Maize,27,,
Haryana,PALWAL,2010,Kharif,Moong(Green Gram),74,,
Haryana,PALWAL,2010,Kharif,Rice,33070,91000,2.751738736
Haryana,PALWAL,2010,Kharif,Sesamum,74,,
Haryana,PALWAL,2010,Rabi,Barley,993,3000,3.021148036
Haryana,PALWAL,2010,Rabi,Gram,3,,
Haryana,PALWAL,2010,Rabi,Masoor,3,,
Haryana,PALWAL,2010,Rabi,Rapeseed &Mustard,3358,6000,1.786777844
Haryana,PALWAL,2010,Rabi,Wheat,97589,449000,4.600928383
Haryana,PALWAL,2010,Whole Year,Sugarcane,2129,12000,5.636449037
Haryana,PALWAL,2011,Kharif,Arhar/Tur,892,900,1.00896861
Haryana,PALWAL,2011,Kharif,Bajra,7953,15000,1.886080724
Haryana,PALWAL,2011,Kharif,Cotton(lint),326,,
Haryana,PALWAL,2011,Kharif,Jowar,8162,4000,0.490075962
Haryana,PALWAL,2011,Kharif,Maize,14,,
Haryana,PALWAL,2011,Kharif,Moong(Green Gram),249,100,0.401606426
Haryana,PALWAL,2011,Kharif,Rice,32387,88000,2.717139593
Haryana,PALWAL,2011,Kharif,Sesamum,93,100,1.075268817
Haryana,PALWAL,2011,Kharif,Urad,17,,
Haryana,PALWAL,2011,Rabi,Barley,929,4000,4.305705059
Haryana,PALWAL,2011,Rabi,Masoor,3,,
Haryana,PALWAL,2011,Rabi,Rapeseed &Mustard,2847,6000,2.10748156
Haryana,PALWAL,2011,Rabi,Wheat,99588,507000,5.090974816
Haryana,PALWAL,2011,Whole Year,Sugarcane,2095,11000,5.250596659
Haryana,PALWAL,2011,Whole Year,Sweet potato,1,,
Haryana,PALWAL,2012,Kharif,Arhar/Tur,963,958,0.994807892
Haryana,PALWAL,2012,Kharif,Bajra,7601,15000,1.973424549
Haryana,PALWAL,2012,Kharif,Cotton(lint),876,4000,4.566210046
Haryana,PALWAL,2012,Kharif,Jowar,6011,3000,0.499085011
Haryana,PALWAL,2012,Kharif,Maize,44,,
Haryana,PALWAL,2012,Kharif,Moong(Green Gram),56,27,0.482142857
Haryana,PALWAL,2012,Kharif,Rice,30021,83000,2.764731355
Haryana,PALWAL,2012,Kharif,Sesamum,70,27,0.385714286
Haryana,PALWAL,2012,Kharif,Urad,36,13,0.361111111
Haryana,PALWAL,2012,Rabi,Barley,1035,3000,2.898550725
Haryana,PALWAL,2012,Rabi,Gram,1,,
Haryana,PALWAL,2012,Rabi,Masoor,5,2,0.4
Haryana,PALWAL,2012,Rabi,Rapeseed &Mustard,3807,7000,1.838718151
Haryana,PALWAL,2012,Rabi,Wheat,96044,442000,4.60205739
Haryana,PALWAL,2012,Whole Year,Sugarcane,2978,155000,52.0483546
Haryana,PANCHKULA,1997,Kharif,Bajra,1000,1000,1
Haryana,PANCHKULA,1997,Kharif,Maize,10000,19000,1.9
Haryana,PANCHKULA,1997,Kharif,Other Kharif pulses,1600,1100,0.6875
Haryana,PANCHKULA,1997,Kharif,Rice,6000,16000,2.666666667
Haryana,PANCHKULA,1997,Rabi,Gram,2000,2000,1
Haryana,PANCHKULA,1997,Rabi,Other  Rabi pulses,7000,4000,0.571428571
Haryana,PANCHKULA,1997,Rabi,Wheat,15000,47000,3.133333333
Haryana,PANCHKULA,1997,Whole Year,Sugarcane,1000,40000,40
Haryana,PANCHKULA,1998,Kharif,Arhar/Tur,672,700,1.041666667
Haryana,PANCHKULA,1998,Kharif,Bajra,480,1000,2.083333333
Haryana,PANCHKULA,1998,Kharif,Cotton(lint),56,,
Haryana,PANCHKULA,1998,Kharif,Groundnut,197,200,1.015228426
Haryana,PANCHKULA,1998,Kharif,Maize,10543,20000,1.896993266
Haryana,PANCHKULA,1998,Kharif,Moong(Green Gram),3,,
Haryana,PANCHKULA,1998,Kharif,Rice,6084,16000,2.629848784
Haryana,PANCHKULA,1998,Kharif,Sesamum,103,,
Haryana,PANCHKULA,1998,Kharif,Urad,685,200,0.291970803
Haryana,PANCHKULA,1998,Rabi,Barley,61,,
Haryana,PANCHKULA,1998,Rabi,Gram,1423,1000,0.702740689
Haryana,PANCHKULA,1998,Rabi,Masoor,757,500,0.660501982
Haryana,PANCHKULA,1998,Rabi,Peas & beans (Pulses),16,,
Haryana,PANCHKULA,1998,Rabi,Rapeseed &Mustard,1431,1000,0.69881202
Haryana,PANCHKULA,1998,Rabi,Wheat,17650,43000,2.436260623
Haryana,PANCHKULA,1998,Whole Year,Dry chillies,67,100,1.492537313
Haryana,PANCHKULA,1998,Whole Year,Onion,23,200,8.695652174
Haryana,PANCHKULA,1998,Whole Year,Potato,293,4300,14.67576792
Haryana,PANCHKULA,1998,Whole Year,Sannhamp,1,,
Haryana,PANCHKULA,1998,Whole Year,Sugarcane,868,60000,69.12442396
Haryana,PANCHKULA,1999,Kharif,Arhar/Tur,290,300,1.034482759
Haryana,PANCHKULA,1999,Kharif,Bajra,406,1000,2.463054187
Haryana,PANCHKULA,1999,Kharif,Cotton(lint),49,,
Haryana,PANCHKULA,1999,Kharif,Groundnut,75,100,1.333333333
Haryana,PANCHKULA,1999,Kharif,Maize,10019,25000,2.495259008
Haryana,PANCHKULA,1999,Kharif,Moong(Green Gram),3,0,0
Haryana,PANCHKULA,1999,Kharif,Rice,6384,18000,2.819548872
Haryana,PANCHKULA,1999,Kharif,Sesamum,109,0,0
Haryana,PANCHKULA,1999,Kharif,Urad,582,1,0.001718213
Haryana,PANCHKULA,1999,Rabi,Barley,71,0,0
Haryana,PANCHKULA,1999,Rabi,Gram,1386,1000,0.721500722
Haryana,PANCHKULA,1999,Rabi,Masoor,700,400,0.571428571
Haryana,PANCHKULA,1999,Rabi,Peas & beans (Pulses),12,0,0
Haryana,PANCHKULA,1999,Rabi,Rapeseed &Mustard,1307,1000,0.765110941
Haryana,PANCHKULA,1999,Rabi,Sunflower,258,300,1.162790698
Haryana,PANCHKULA,1999,Rabi,Wheat,16659,41000,2.461132121
Haryana,PANCHKULA,1999,Whole Year,Dry chillies,95,100,1.052631579
Haryana,PANCHKULA,1999,Whole Year,Onion,176,2500,14.20454545
Haryana,PANCHKULA,1999,Whole Year,Potato,218,3500,16.05504587
Haryana,PANCHKULA,1999,Whole Year,Sugarcane,981,50000,50.96839959
Haryana,PANCHKULA,2000,Kharif,Arhar/Tur,212,200,0.943396226
Haryana,PANCHKULA,2000,Kharif,Bajra,228,0,0
Haryana,PANCHKULA,2000,Kharif,Cotton(lint),19,0,0
Haryana,PANCHKULA,2000,Kharif,Dry ginger,63,,
Haryana,PANCHKULA,2000,Kharif,Groundnut,62,0,0
Haryana,PANCHKULA,2000,Kharif,Maize,7196,16000,2.223457476
Haryana,PANCHKULA,2000,Kharif,Moong(Green Gram),3,0,0
Haryana,PANCHKULA,2000,Kharif,Other Kharif pulses,195,0,0
Haryana,PANCHKULA,2000,Kharif,Rice,6183,18000,2.911208151
Haryana,PANCHKULA,2000,Kharif,Sesamum,94,0,0
Haryana,PANCHKULA,2000,Kharif,Urad,459,100,0.217864924
Haryana,PANCHKULA,2000,Rabi,Barley,57,0,0
Haryana,PANCHKULA,2000,Rabi,Gram,1144,1000,0.874125874
Haryana,PANCHKULA,2000,Rabi,Masoor,457,400,0.875273523
Haryana,PANCHKULA,2000,Rabi,Rapeseed &Mustard,1140,1000,0.877192982
Haryana,PANCHKULA,2000,Rabi,Sunflower,219,200,0.913242009
Haryana,PANCHKULA,2000,Rabi,Wheat,16526,44000,2.662471257
Haryana,PANCHKULA,2000,Whole Year,Dry chillies,21,0,0
Haryana,PANCHKULA,2000,Whole Year,Garlic,16,200,12.5
Haryana,PANCHKULA,2000,Whole Year,Onion,290,2300,7.931034483
Haryana,PANCHKULA,2000,Whole Year,Potato,22,400,18.18181818
Haryana,PANCHKULA,2000,Whole Year,Sugarcane,830,60000,72.28915663
Haryana,PANCHKULA,2000,Whole Year,Turmeric,1,0,0
Haryana,PANCHKULA,2001,Kharif,Arhar/Tur,128,100,0.78125
Haryana,PANCHKULA,2001,Kharif,Bajra,345,0,0
Haryana,PANCHKULA,2001,Kharif,Cotton(lint),19,,
Haryana,PANCHKULA,2001,Kharif,Groundnut,60,0,0
Haryana,PANCHKULA,2001,Kharif,Horse-gram,162,0,0
Haryana,PANCHKULA,2001,Kharif,Maize,9782,25000,2.555714578
Haryana,PANCHKULA,2001,Kharif,Moong(Green Gram),1,0,0
Haryana,PANCHKULA,2001,Kharif,Rice,6933,20000,2.884754075
Haryana,PANCHKULA,2001,Kharif,Sesamum,49,0,0
Haryana,PANCHKULA,2001,Kharif,Urad,233,100,0.429184549
Haryana,PANCHKULA,2001,Rabi,Barley,29,0,0
Haryana,PANCHKULA,2001,Rabi,Gram,554,1000,1.805054152
Haryana,PANCHKULA,2001,Rabi,Masoor,382,300,0.785340314
Haryana,PANCHKULA,2001,Rabi,Peas & beans (Pulses),6,0,0
Haryana,PANCHKULA,2001,Rabi,Rapeseed &Mustard,1373,1000,0.728332119
Haryana,PANCHKULA,2001,Rabi,Sunflower,458,500,1.091703057
Haryana,PANCHKULA,2001,Rabi,Wheat,16679,45000,2.698003477
Haryana,PANCHKULA,2001,Whole Year,Dry chillies,59,100,1.694915254
Haryana,PANCHKULA,2001,Whole Year,Potato,156,3500,22.43589744
Haryana,PANCHKULA,2001,Whole Year,Sugarcane,1106,60000,54.24954792
Haryana,PANCHKULA,2002,Kharif,Arhar/Tur,51,100,1.960784314
Haryana,PANCHKULA,2002,Kharif,Bajra,782,1000,1.278772379
Haryana,PANCHKULA,2002,Kharif,Cotton(lint),16,0,0
Haryana,PANCHKULA,2002,Kharif,Groundnut,77,100,1.298701299
Haryana,PANCHKULA,2002,Kharif,Horse-gram,322,100,0.310559006
Haryana,PANCHKULA,2002,Kharif,Maize,9458,18000,1.903150772
Haryana,PANCHKULA,2002,Kharif,Rice,5702,16000,2.806032971
Haryana,PANCHKULA,2002,Kharif,Sesamum,124,0,0
Haryana,PANCHKULA,2002,Kharif,Urad,666,100,0.15015015
Haryana,PANCHKULA,2002,Rabi,Barley,21,0,0
Haryana,PANCHKULA,2002,Rabi,Gram,586,1000,1.706484642
Haryana,PANCHKULA,2002,Rabi,Masoor,339,300,0.884955752
Haryana,PANCHKULA,2002,Rabi,Peas & beans (Pulses),5,0,0
Haryana,PANCHKULA,2002,Rabi,Rapeseed &Mustard,1250,1000,0.8
Haryana,PANCHKULA,2002,Rabi,Sunflower,635,700,1.102362205
Haryana,PANCHKULA,2002,Rabi,Wheat,16551,44000,2.658449641
Haryana,PANCHKULA,2002,Whole Year,Other Fresh Fruits,16,0,0
Haryana,PANCHKULA,2002,Whole Year,Other Vegetables,501,1600,3.193612774
Haryana,PANCHKULA,2002,Whole Year,Potato,220,5300,24.09090909
Haryana,PANCHKULA,2002,Whole Year,Sugarcane,1197,60000,50.12531328
Haryana,PANCHKULA,2003,Kharif,Arhar/Tur,61,100,1.639344262
Haryana,PANCHKULA,2003,Kharif,Bajra,499,2000,4.008016032
Haryana,PANCHKULA,2003,Kharif,Cotton(lint),11,0,0
Haryana,PANCHKULA,2003,Kharif,Groundnut,73,0,0
Haryana,PANCHKULA,2003,Kharif,Horse-gram,373,100,0.268096515
Haryana,PANCHKULA,2003,Kharif,Maize,9579,25000,2.60987577
Haryana,PANCHKULA,2003,Kharif,Rice,6924,21000,3.032928943
Haryana,PANCHKULA,2003,Kharif,Sesamum,66,0,0
Haryana,PANCHKULA,2003,Kharif,Urad,595,100,0.168067227
Haryana,PANCHKULA,2003,Rabi,Barley,32,0,0
Haryana,PANCHKULA,2003,Rabi,Gram,502,1000,1.992031873
Haryana,PANCHKULA,2003,Rabi,Masoor,395,300,0.759493671
Haryana,PANCHKULA,2003,Rabi,Peas & beans (Pulses),5,0,0
Haryana,PANCHKULA,2003,Rabi,Rapeseed &Mustard,1454,1000,0.687757909
Haryana,PANCHKULA,2003,Rabi,Sunflower,816,1100,1.348039216
Haryana,PANCHKULA,2003,Rabi,Wheat,17362,44000,2.534270245
Haryana,PANCHKULA,2003,Whole Year,Dry chillies,62,100,1.612903226
Haryana,PANCHKULA,2003,Whole Year,Mango,34,1,0.029411765
Haryana,PANCHKULA,2003,Whole Year,Onion,292,6400,21.91780822
Haryana,PANCHKULA,2003,Whole Year,Other Fresh Fruits,15,0,0
Haryana,PANCHKULA,2003,Whole Year,Other Vegetables,420,1400,3.333333333
Haryana,PANCHKULA,2003,Whole Year,Potato,371,8900,23.98921833
Haryana,PANCHKULA,2003,Whole Year,Sugarcane,909,60000,66.00660066
Haryana,PANCHKULA,2004,Kharif,Arhar/Tur,37,,
Haryana,PANCHKULA,2004,Kharif,Bajra,475,3000,6.315789474
Haryana,PANCHKULA,2004,Kharif,Cotton(lint),4,,
Haryana,PANCHKULA,2004,Kharif,Groundnut,56,,
Haryana,PANCHKULA,2004,Kharif,Horse-gram,324,100,0.308641975
Haryana,PANCHKULA,2004,Kharif,Maize,9421,25000,2.65364611
Haryana,PANCHKULA,2004,Kharif,Rice,6776,18000,2.656434475
Haryana,PANCHKULA,2004,Kharif,Sesamum,47,,
Haryana,PANCHKULA,2004,Kharif,Urad,191,100,0.523560209
Haryana,PANCHKULA,2004,Rabi,Barley,24,,
Haryana,PANCHKULA,2004,Rabi,Gram,664,1000,1.506024096
Haryana,PANCHKULA,2004,Rabi,Masoor,335,300,0.895522388
Haryana,PANCHKULA,2004,Rabi,Peas & beans (Pulses),2,,
Haryana,PANCHKULA,2004,Rabi,Rapeseed &Mustard,1208,1000,0.82781457
Haryana,PANCHKULA,2004,Rabi,Sunflower,190,200,1.052631579
Haryana,PANCHKULA,2004,Rabi,Wheat,17523,39000,2.225646293
Haryana,PANCHKULA,2004,Whole Year,Dry chillies,61,300,4.918032787
Haryana,PANCHKULA,2004,Whole Year,Garlic,1,,
Haryana,PANCHKULA,2004,Whole Year,Onion,20,400,20
Haryana,PANCHKULA,2004,Whole Year,Potato,224,5400,24.10714286
Haryana,PANCHKULA,2004,Whole Year,Sannhamp,75,,
Haryana,PANCHKULA,2004,Whole Year,Sugarcane,847,60000,70.83825266
Haryana,PANCHKULA,2005,Kharif,Arhar/Tur,67,100,1.492537313
Haryana,PANCHKULA,2005,Kharif,Bajra,710,1000,1.408450704
Haryana,PANCHKULA,2005,Kharif,Cotton(lint),17,,
Haryana,PANCHKULA,2005,Kharif,Groundnut,47,,
Haryana,PANCHKULA,2005,Kharif,Horse-gram,370,100,0.27027027
Haryana,PANCHKULA,2005,Kharif,Maize,10252,21000,2.048380804
Haryana,PANCHKULA,2005,Kharif,Rice,6087,17000,2.792837194
Haryana,PANCHKULA,2005,Kharif,Sesamum,206,100,0.485436893
Haryana,PANCHKULA,2005,Kharif,Urad,594,200,0.336700337
Haryana,PANCHKULA,2005,Rabi,Barley,31,,
Haryana,PANCHKULA,2005,Rabi,Gram,525,1000,1.904761905
Haryana,PANCHKULA,2005,Rabi,Masoor,378,300,0.793650794
Haryana,PANCHKULA,2005,Rabi,Peas & beans (Pulses),7,,
Haryana,PANCHKULA,2005,Rabi,Rapeseed &Mustard,1221,1900,1.556101556
Haryana,PANCHKULA,2005,Rabi,Sunflower,1746,2600,1.489117984
Haryana,PANCHKULA,2005,Rabi,Wheat,16978,32000,1.884792084
Haryana,PANCHKULA,2005,Whole Year,Dry chillies,35,,
Haryana,PANCHKULA,2005,Whole Year,Potato,258,6200,24.03100775
Haryana,PANCHKULA,2005,Whole Year,Sugarcane,1139,60000,52.67778753
Haryana,PANCHKULA,2006,Kharif,Arhar/Tur,24,,
Haryana,PANCHKULA,2006,Kharif,Bajra,513,2000,3.898635478
Haryana,PANCHKULA,2006,Kharif,Cotton(lint),3,,
Haryana,PANCHKULA,2006,Kharif,Groundnut,47,,
Haryana,PANCHKULA,2006,Kharif,Horse-gram,317,100,0.315457413
Haryana,PANCHKULA,2006,Kharif,Jowar,1,,
Haryana,PANCHKULA,2006,Kharif,Maize,8153,18000,2.207776279
Haryana,PANCHKULA,2006,Kharif,Moong(Green Gram),1,,
Haryana,PANCHKULA,2006,Kharif,Rice,7340,28000,3.814713896
Haryana,PANCHKULA,2006,Kharif,Sesamum,43,,
Haryana,PANCHKULA,2006,Kharif,Urad,430,100,0.23255814
Haryana,PANCHKULA,2006,Rabi,Barley,25,,
Haryana,PANCHKULA,2006,Rabi,Gram,220,,
Haryana,PANCHKULA,2006,Rabi,Masoor,311,200,0.643086817
Haryana,PANCHKULA,2006,Rabi,Rapeseed &Mustard,917,,
Haryana,PANCHKULA,2006,Rabi,Sunflower,1756,2700,1.537585421
Haryana,PANCHKULA,2006,Rabi,Wheat,16848,40000,2.374169041
Haryana,PANCHKULA,2006,Whole Year,Dry chillies,72,100,1.388888889
Haryana,PANCHKULA,2006,Whole Year,Garlic,1,,
Haryana,PANCHKULA,2006,Whole Year,Onion,90,1700,18.88888889
Haryana,PANCHKULA,2006,Whole Year,Potato,244,5900,24.18032787
Haryana,PANCHKULA,2006,Whole Year,Sugarcane,736,68000,92.39130435
Haryana,PANCHKULA,2007,Kharif,Arhar/Tur,19,,
Haryana,PANCHKULA,2007,Kharif,Bajra,539,2000,3.710575139
Haryana,PANCHKULA,2007,Kharif,Cotton(lint),9,,
Haryana,PANCHKULA,2007,Kharif,Groundnut,61,,
Haryana,PANCHKULA,2007,Kharif,Horse-gram,303,100,0.330033003
Haryana,PANCHKULA,2007,Kharif,Maize,8118,21000,2.58684405
Haryana,PANCHKULA,2007,Kharif,Other Kharif pulses,5,,
Haryana,PANCHKULA,2007,Kharif,Rice,7088,20000,2.821670429
Haryana,PANCHKULA,2007,Kharif,Sesamum,42,,
Haryana,PANCHKULA,2007,Kharif,Urad,489,200,0.408997955
Haryana,PANCHKULA,2007,Rabi,Barley,52,,
Haryana,PANCHKULA,2007,Rabi,Gram,352,,
Haryana,PANCHKULA,2007,Rabi,Masoor,25,,
Haryana,PANCHKULA,2007,Rabi,Peas & beans (Pulses),222,200,0.900900901
Haryana,PANCHKULA,2007,Rabi,Rapeseed &Mustard,1008,2000,1.984126984
Haryana,PANCHKULA,2007,Rabi,Sunflower,2,,
Haryana,PANCHKULA,2007,Rabi,Wheat,15676,41000,2.615463128
Haryana,PANCHKULA,2007,Whole Year,Dry chillies,74,900,12.16216216
Haryana,PANCHKULA,2007,Whole Year,Garlic,24,200,8.333333333
Haryana,PANCHKULA,2007,Whole Year,Onion,111,2200,19.81981982
Haryana,PANCHKULA,2007,Whole Year,Potato,246,4800,19.51219512
Haryana,PANCHKULA,2007,Whole Year,Sugarcane,660,30000,45.45454545
Haryana,PANCHKULA,2008,Kharif,Arhar/Tur,37,,
Haryana,PANCHKULA,2008,Kharif,Bajra,679,2000,2.9455081
Haryana,PANCHKULA,2008,Kharif,Cotton(lint),3,,
Haryana,PANCHKULA,2008,Kharif,Groundnut,41,,
Haryana,PANCHKULA,2008,Kharif,Horse-gram,351,100,0.284900285
Haryana,PANCHKULA,2008,Kharif,Jowar,4606,3000,0.65132436
Haryana,PANCHKULA,2008,Kharif,Maize,7115,14400,2.023893183
Haryana,PANCHKULA,2008,Kharif,Rice,8797,24000,2.728202796
Haryana,PANCHKULA,2008,Kharif,Sesamum,45,,
Haryana,PANCHKULA,2008,Kharif,Urad,515,200,0.388349515
Haryana,PANCHKULA,2008,Rabi,Barley,56,,
Haryana,PANCHKULA,2008,Rabi,Gram,733,1000,1.36425648
Haryana,PANCHKULA,2008,Rabi,Masoor,612,500,0.816993464
Haryana,PANCHKULA,2008,Rabi,Rapeseed &Mustard,2611,5000,1.914975105
Haryana,PANCHKULA,2008,Rabi,Wheat,15511,39000,2.514344659
Haryana,PANCHKULA,2008,Whole Year,Coriander,5,,
Haryana,PANCHKULA,2008,Whole Year,Dry chillies,23,100,4.347826087
Haryana,PANCHKULA,2008,Whole Year,Garlic,61,400,6.557377049
Haryana,PANCHKULA,2008,Whole Year,Onion,231,4800,20.77922078
Haryana,PANCHKULA,2008,Whole Year,Potato,629,13300,21.14467409
Haryana,PANCHKULA,2008,Whole Year,Sugarcane,413,44000,106.5375303
Haryana,PANCHKULA,2009,Kharif,Arhar/Tur,62,100,1.612903226
Haryana,PANCHKULA,2009,Kharif,Bajra,727,2000,2.751031637
Haryana,PANCHKULA,2009,Kharif,Cotton(lint),2,,
Haryana,PANCHKULA,2009,Kharif,Groundnut,30,,
Haryana,PANCHKULA,2009,Kharif,Horse-gram,366,100,0.273224044
Haryana,PANCHKULA,2009,Kharif,Maize,6190,13000,2.100161551
Haryana,PANCHKULA,2009,Kharif,Rice,8415,23000,2.733214498
Haryana,PANCHKULA,2009,Kharif,Sesamum,58,,
Haryana,PANCHKULA,2009,Kharif,Urad,477,200,0.419287212
Haryana,PANCHKULA,2009,Rabi,Barley,87,,
Haryana,PANCHKULA,2009,Rabi,Gram,429,,
Haryana,PANCHKULA,2009,Rabi,Masoor,404,400,0.99009901
Haryana,PANCHKULA,2009,Rabi,Peas & beans (Pulses),2,,
Haryana,PANCHKULA,2009,Rabi,Wheat,15675,38000,2.424242424
Haryana,PANCHKULA,2009,Whole Year,Coriander,7,,
Haryana,PANCHKULA,2009,Whole Year,Dry chillies,62,100,1.612903226
Haryana,PANCHKULA,2009,Whole Year,Garlic,52,500,9.615384615
Haryana,PANCHKULA,2009,Whole Year,Onion,59,1700,28.81355932
Haryana,PANCHKULA,2009,Whole Year,Potato,622,15900,25.56270096
Haryana,PANCHKULA,2009,Whole Year,Sugarcane,426,,
Haryana,PANCHKULA,2010,Kharif,Arhar/Tur,10,,
Haryana,PANCHKULA,2010,Kharif,Bajra,1329,2000,1.504890895
Haryana,PANCHKULA,2010,Kharif,Dry ginger,61,100,1.639344262
Haryana,PANCHKULA,2010,Kharif,Groundnut,39,100,2.564102564
Haryana,PANCHKULA,2010,Kharif,Horse-gram,350,100,0.285714286
Haryana,PANCHKULA,2010,Kharif,Jowar,656,1000,1.524390244
Haryana,PANCHKULA,2010,Kharif,Maize,5528,10000,1.808972504
Haryana,PANCHKULA,2010,Kharif,Moth,4,,
Haryana,PANCHKULA,2010,Kharif,Rice,9070,30000,3.307607497
Haryana,PANCHKULA,2010,Kharif,Sesamum,33,,
Haryana,PANCHKULA,2010,Kharif,Urad,221,100,0.452488688
Haryana,PANCHKULA,2010,Rabi,Barley,37,,
Haryana,PANCHKULA,2010,Rabi,Gram,287,,
Haryana,PANCHKULA,2010,Rabi,Masoor,185,200,1.081081081
Haryana,PANCHKULA,2010,Rabi,Rapeseed &Mustard,1349,2000,1.482579689
Haryana,PANCHKULA,2010,Rabi,Wheat,16270,42000,2.58143823
Haryana,PANCHKULA,2010,Whole Year,Dry chillies,52,600,11.53846154
Haryana,PANCHKULA,2010,Whole Year,Onion,69,1600,23.1884058
Haryana,PANCHKULA,2010,Whole Year,Potato,296,7400,25
Haryana,PANCHKULA,2010,Whole Year,Sugarcane,355,,
Haryana,PANCHKULA,2010,Whole Year,Turmeric,6,,
Haryana,PANCHKULA,2011,Kharif,Arhar/Tur,7,,
Haryana,PANCHKULA,2011,Kharif,Bajra,1125,2000,1.777777778
Haryana,PANCHKULA,2011,Kharif,Dry ginger,57,100,1.754385965
Haryana,PANCHKULA,2011,Kharif,Groundnut,45,,
Haryana,PANCHKULA,2011,Kharif,Horse-gram,353,100,0.283286119
Haryana,PANCHKULA,2011,Kharif,Maize,5896,15000,2.544097693
Haryana,PANCHKULA,2011,Kharif,Rice,9151,25000,2.731941864
Haryana,PANCHKULA,2011,Kharif,Sesamum,34,,
Haryana,PANCHKULA,2011,Kharif,Urad,300,100,0.333333333
Haryana,PANCHKULA,2011,Rabi,Barley,33,,
Haryana,PANCHKULA,2011,Rabi,Gram,162,,
Haryana,PANCHKULA,2011,Rabi,Masoor,200,200,1
Haryana,PANCHKULA,2011,Rabi,Peas & beans (Pulses),3,,
Haryana,PANCHKULA,2011,Rabi,Rapeseed &Mustard,1453,1800,1.238816242
Haryana,PANCHKULA,2011,Rabi,Wheat,15987,57000,3.565396885
Haryana,PANCHKULA,2011,Whole Year,Garlic,21,,
Haryana,PANCHKULA,2011,Whole Year,Onion,27,500,18.51851852
Haryana,PANCHKULA,2011,Whole Year,Potato,211,4000,18.95734597
Haryana,PANCHKULA,2011,Whole Year,Sugarcane,459,,
Haryana,PANCHKULA,2011,Whole Year,Turmeric,11,,
Haryana,PANCHKULA,2012,Kharif,Arhar/Tur,34,20,0.588235294
Haryana,PANCHKULA,2012,Kharif,Bajra,986,2000,2.028397566
Haryana,PANCHKULA,2012,Kharif,Dry ginger,62,,
Haryana,PANCHKULA,2012,Kharif,Horse-gram,307,123,0.400651466
Haryana,PANCHKULA,2012,Kharif,Maize,6103,15000,2.457807636
Haryana,PANCHKULA,2012,Kharif,Moong(Green Gram),32,9,0.28125
Haryana,PANCHKULA,2012,Kharif,Rice,9453,25000,2.64466307
Haryana,PANCHKULA,2012,Kharif,Sesamum,21,5,0.238095238
Haryana,PANCHKULA,2012,Kharif,Urad,412,125,0.303398058
Haryana,PANCHKULA,2012,Rabi,Barley,36,,
Haryana,PANCHKULA,2012,Rabi,Gram,139,,
Haryana,PANCHKULA,2012,Rabi,Masoor,200,187,0.935
Haryana,PANCHKULA,2012,Rabi,Peas & beans (Pulses),4,5,1.25
Haryana,PANCHKULA,2012,Rabi,Rapeseed &Mustard,1750,3500,2
Haryana,PANCHKULA,2012,Rabi,Wheat,16823,59000,3.50710337
Haryana,PANCHKULA,2012,Whole Year,Coriander,3,3,1
Haryana,PANCHKULA,2012,Whole Year,Dry chillies,6,100,16.66666667
Haryana,PANCHKULA,2012,Whole Year,Garlic,25,200,8
Haryana,PANCHKULA,2012,Whole Year,Guar seed,9,5,0.555555556
Haryana,PANCHKULA,2012,Whole Year,Onion,47,1100,23.40425532
Haryana,PANCHKULA,2012,Whole Year,Potato,195,3800,19.48717949
Haryana,PANCHKULA,2012,Whole Year,Sugarcane,519,59000,113.6801541
Haryana,PANCHKULA,2012,Whole Year,Tobacco,11,,
Haryana,PANCHKULA,2012,Whole Year,Turmeric,23,18,0.782608696
Haryana,PANIPAT,1997,Kharif,Bajra,1000,1000,1
Haryana,PANIPAT,1997,Kharif,Other Kharif pulses,1300,1600,1.230769231
Haryana,PANIPAT,1997,Kharif,Rice,69000,169000,2.449275362
Haryana,PANIPAT,1997,Rabi,Other  Rabi pulses,3000,4000,1.333333333
Haryana,PANIPAT,1997,Rabi,Wheat,76000,252000,3.315789474
Haryana,PANIPAT,1997,Whole Year,Sugarcane,5000,290000,58
Haryana,PANIPAT,1998,Kharif,Arhar/Tur,928,1100,1.185344828
Haryana,PANIPAT,1998,Kharif,Bajra,448,,
Haryana,PANIPAT,1998,Kharif,Cotton(lint),138,,
Haryana,PANIPAT,1998,Kharif,Jowar,166,,
Haryana,PANIPAT,1998,Kharif,Maize,56,,
Haryana,PANIPAT,1998,Kharif,Rice,71746,154000,2.146461127
Haryana,PANIPAT,1998,Kharif,Sesamum,1,,
Haryana,PANIPAT,1998,Rabi,Barley,51,,
Haryana,PANIPAT,1998,Rabi,Gram,80,,
Haryana,PANIPAT,1998,Rabi,Masoor,72,100,1.388888889
Haryana,PANIPAT,1998,Rabi,Peas & beans (Pulses),230,300,1.304347826
Haryana,PANIPAT,1998,Rabi,Rapeseed &Mustard,722,1000,1.385041551
Haryana,PANIPAT,1998,Rabi,Sunflower,55,100,1.818181818
Haryana,PANIPAT,1998,Rabi,Wheat,81821,326000,3.984307207
Haryana,PANIPAT,1998,Whole Year,Dry chillies,369,400,1.08401084
Haryana,PANIPAT,1998,Whole Year,Onion,143,3100,21.67832168
Haryana,PANIPAT,1998,Whole Year,Potato,170,2600,15.29411765
Haryana,PANIPAT,1998,Whole Year,Sannhamp,4,,
Haryana,PANIPAT,1998,Whole Year,Sugarcane,4278,220000,51.42589995
Haryana,PANIPAT,1998,Whole Year,Sweet potato,21,500,23.80952381
Haryana,PANIPAT,1999,Kharif,Arhar/Tur,699,800,1.144492132
Haryana,PANIPAT,1999,Kharif,Bajra,589,0,0
Haryana,PANIPAT,1999,Kharif,Cotton(lint),93,0,0
Haryana,PANIPAT,1999,Kharif,Jowar,124,0,0
Haryana,PANIPAT,1999,Kharif,Maize,106,0,0
Haryana,PANIPAT,1999,Kharif,Moong(Green Gram),1,0,0
Haryana,PANIPAT,1999,Kharif,Rice,70637,144000,2.038591673
Haryana,PANIPAT,1999,Rabi,Barley,47,0,0
Haryana,PANIPAT,1999,Rabi,Gram,63,0,0
Haryana,PANIPAT,1999,Rabi,Masoor,54,100,1.851851852
Haryana,PANIPAT,1999,Rabi,Peas & beans (Pulses),265,400,1.509433962
Haryana,PANIPAT,1999,Rabi,Rapeseed &Mustard,688,1000,1.453488372
Haryana,PANIPAT,1999,Rabi,Wheat,81924,356000,4.345490943
Haryana,PANIPAT,1999,Whole Year,Dry chillies,389,400,1.028277635
Haryana,PANIPAT,1999,Whole Year,Onion,45,300,6.666666667
Haryana,PANIPAT,1999,Whole Year,Potato,177,3800,21.46892655
Haryana,PANIPAT,1999,Whole Year,Sugarcane,4360,330000,75.68807339
Haryana,PANIPAT,2000,Kharif,Arhar/Tur,464,500,1.077586207
Haryana,PANIPAT,2000,Kharif,Bajra,450,0,0
Haryana,PANIPAT,2000,Kharif,Cotton(lint),56,0,0
Haryana,PANIPAT,2000,Kharif,Jowar,145,0,0
Haryana,PANIPAT,2000,Kharif,Maize,13,0,0
Haryana,PANIPAT,2000,Kharif,Other Kharif pulses,7,0,0
Haryana,PANIPAT,2000,Kharif,Rice,77458,187000,2.414211573
Haryana,PANIPAT,2000,Kharif,Urad,150,0,0
Haryana,PANIPAT,2000,Rabi,Barley,142,0,0
Haryana,PANIPAT,2000,Rabi,Gram,61,0,0
Haryana,PANIPAT,2000,Rabi,Masoor,52,100,1.923076923
Haryana,PANIPAT,2000,Rabi,Peas & beans (Pulses),193,200,1.03626943
Haryana,PANIPAT,2000,Rabi,Rapeseed &Mustard,709,1000,1.410437236
Haryana,PANIPAT,2000,Rabi,Wheat,82626,391000,4.73216663
Haryana,PANIPAT,2000,Whole Year,Dry chillies,299,300,1.003344482
Haryana,PANIPAT,2000,Whole Year,Garlic,6,0,0
Haryana,PANIPAT,2000,Whole Year,Onion,30,500,16.66666667
Haryana,PANIPAT,2000,Whole Year,Potato,152,3200,21.05263158
Haryana,PANIPAT,2000,Whole Year,Sugarcane,4849,320000,65.99298824
Haryana,PANIPAT,2000,Whole Year,Sweet potato,35,700,20
Haryana,PANIPAT,2000,Whole Year,Turmeric,5,0,0
Haryana,PANIPAT,2001,Kharif,Arhar/Tur,528,600,1.136363636
Haryana,PANIPAT,2001,Kharif,Bajra,410,0,0
Haryana,PANIPAT,2001,Kharif,Cotton(lint),41,,
Haryana,PANIPAT,2001,Kharif,Jowar,229,0,0
Haryana,PANIPAT,2001,Kharif,Maize,93,0,0
Haryana,PANIPAT,2001,Kharif,Rice,71831,167000,2.324901505
Haryana,PANIPAT,2001,Kharif,Urad,3,0,0
Haryana,PANIPAT,2001,Rabi,Barley,37,0,0
Haryana,PANIPAT,2001,Rabi,Gram,165,0,0
Haryana,PANIPAT,2001,Rabi,Masoor,28,0,0
Haryana,PANIPAT,2001,Rabi,Peas & beans (Pulses),235,300,1.276595745
Haryana,PANIPAT,2001,Rabi,Rapeseed &Mustard,748,1000,1.336898396
Haryana,PANIPAT,2001,Rabi,Sunflower,803,1200,1.494396015
Haryana,PANIPAT,2001,Rabi,Wheat,81743,357000,4.367346439
Haryana,PANIPAT,2001,Whole Year,Dry chillies,318,300,0.943396226
Haryana,PANIPAT,2001,Whole Year,Garlic,5,0,0
Haryana,PANIPAT,2001,Whole Year,Onion,38,800,21.05263158
Haryana,PANIPAT,2001,Whole Year,Potato,156,4400,28.20512821
Haryana,PANIPAT,2001,Whole Year,Sugarcane,6281,390000,62.09202356
Haryana,PANIPAT,2001,Whole Year,Sweet potato,29,0,0
Haryana,PANIPAT,2002,Kharif,Arhar/Tur,358,400,1.117318436
Haryana,PANIPAT,2002,Kharif,Bajra,551,1000,1.814882033
Haryana,PANIPAT,2002,Kharif,Cotton(lint),72,0,0
Haryana,PANIPAT,2002,Kharif,Jowar,342,0,0
Haryana,PANIPAT,2002,Kharif,Maize,4,0,0
Haryana,PANIPAT,2002,Kharif,Moth,1,0,0
Haryana,PANIPAT,2002,Kharif,Rice,64007,161000,2.515349884
Haryana,PANIPAT,2002,Kharif,Sesamum,4,0,0
Haryana,PANIPAT,2002,Kharif,Urad,4,0,0
Haryana,PANIPAT,2002,Rabi,Barley,77,0,0
Haryana,PANIPAT,2002,Rabi,Gram,161,0,0
Haryana,PANIPAT,2002,Rabi,Masoor,34,0,0
Haryana,PANIPAT,2002,Rabi,Peas & beans (Pulses),163,200,1.226993865
Haryana,PANIPAT,2002,Rabi,Rapeseed &Mustard,861,1000,1.161440186
Haryana,PANIPAT,2002,Rabi,Wheat,81137,355000,4.375315824
Haryana,PANIPAT,2002,Whole Year,Mango,344,1800,5.23255814
Haryana,PANIPAT,2002,Whole Year,Onion,58,900,15.51724138
Haryana,PANIPAT,2002,Whole Year,Other Fresh Fruits,27,100,3.703703704
Haryana,PANIPAT,2002,Whole Year,Other Vegetables,2447,46500,19.00286065
Haryana,PANIPAT,2002,Whole Year,Potato,195,41700,213.8461538
Haryana,PANIPAT,2002,Whole Year,Sannhamp,27,0,0
Haryana,PANIPAT,2002,Whole Year,Sugarcane,7349,380000,51.70771534
Haryana,PANIPAT,2002,Whole Year,Sweet potato,18,400,22.22222222
Haryana,PANIPAT,2003,Kharif,Arhar/Tur,476,500,1.050420168
Haryana,PANIPAT,2003,Kharif,Bajra,575,2000,3.47826087
Haryana,PANIPAT,2003,Kharif,Cotton(lint),222,0,0
Haryana,PANIPAT,2003,Kharif,Jowar,75,0,0
Haryana,PANIPAT,2003,Kharif,Maize,60,0,0
Haryana,PANIPAT,2003,Kharif,Moong(Green Gram),2,0,0
Haryana,PANIPAT,2003,Kharif,Rice,72317,164000,2.267793188
Haryana,PANIPAT,2003,Kharif,Sesamum,9,0,0
Haryana,PANIPAT,2003,Kharif,Urad,6,0,0
Haryana,PANIPAT,2003,Rabi,Barley,31,0,0
Haryana,PANIPAT,2003,Rabi,Gram,115,0,0
Haryana,PANIPAT,2003,Rabi,Masoor,57,100,1.754385965
Haryana,PANIPAT,2003,Rabi,other oilseeds,4,,
Haryana,PANIPAT,2003,Rabi,Peas & beans (Pulses),24,100,4.166666667
Haryana,PANIPAT,2003,Rabi,Rapeseed &Mustard,638,1000,1.567398119
Haryana,PANIPAT,2003,Rabi,Wheat,81294,343000,4.219253573
Haryana,PANIPAT,2003,Whole Year,Banana,2,0,0
Haryana,PANIPAT,2003,Whole Year,Dry chillies,227,200,0.881057269
Haryana,PANIPAT,2003,Whole Year,Mango,421,17,0.040380048
Haryana,PANIPAT,2003,Whole Year,Onion,29,400,13.79310345
Haryana,PANIPAT,2003,Whole Year,Other Fresh Fruits,23,100,4.347826087
Haryana,PANIPAT,2003,Whole Year,Other Vegetables,2658,50500,18.99924755
Haryana,PANIPAT,2003,Whole Year,Potato,184,4400,23.91304348
Haryana,PANIPAT,2003,Whole Year,Sannhamp,28,0,0
Haryana,PANIPAT,2003,Whole Year,Sugarcane,7821,480000,61.37322593
Haryana,PANIPAT,2003,Whole Year,Sweet potato,17,400,23.52941176
Haryana,PANIPAT,2004,Kharif,Arhar/Tur,378,400,1.058201058
Haryana,PANIPAT,2004,Kharif,Bajra,704,3000,4.261363636
Haryana,PANIPAT,2004,Kharif,Cotton(lint),67,,
Haryana,PANIPAT,2004,Kharif,Jowar,28,,
Haryana,PANIPAT,2004,Kharif,Maize,10,,
Haryana,PANIPAT,2004,Kharif,Moong(Green Gram),2,,
Haryana,PANIPAT,2004,Kharif,Rice,72281,164000,2.268922677
Haryana,PANIPAT,2004,Kharif,Sesamum,3,,
Haryana,PANIPAT,2004,Kharif,Urad,5,,
Haryana,PANIPAT,2004,Rabi,Barley,48,,
Haryana,PANIPAT,2004,Rabi,Gram,81,,
Haryana,PANIPAT,2004,Rabi,Masoor,37,100,2.702702703
Haryana,PANIPAT,2004,Rabi,Rapeseed &Mustard,712,1000,1.404494382
Haryana,PANIPAT,2004,Rabi,Wheat,83827,362000,4.318417694
Haryana,PANIPAT,2004,Whole Year,Dry chillies,226,,
Haryana,PANIPAT,2004,Whole Year,Garlic,5,,
Haryana,PANIPAT,2004,Whole Year,Onion,45,700,15.55555556
Haryana,PANIPAT,2004,Whole Year,Potato,206,4900,23.78640777
Haryana,PANIPAT,2004,Whole Year,Sugarcane,6527,450000,68.94438486
Haryana,PANIPAT,2004,Whole Year,Sweet potato,16,300,18.75
Haryana,PANIPAT,2005,Kharif,Arhar/Tur,336,300,0.892857143
Haryana,PANIPAT,2005,Kharif,Bajra,617,2000,3.241491086
Haryana,PANIPAT,2005,Kharif,Cotton(lint),56,,
Haryana,PANIPAT,2005,Kharif,Maize,45,,
Haryana,PANIPAT,2005,Kharif,Rice,70753,181000,2.558195412
Haryana,PANIPAT,2005,Kharif,Sesamum,5,,
Haryana,PANIPAT,2005,Kharif,Urad,2,,
Haryana,PANIPAT,2005,Rabi,Barley,34,,
Haryana,PANIPAT,2005,Rabi,Gram,104,,
Haryana,PANIPAT,2005,Rabi,Masoor,52,100,1.923076923
Haryana,PANIPAT,2005,Rabi,Rapeseed &Mustard,999,1000,1.001001001
Haryana,PANIPAT,2005,Rabi,Sunflower,5,,
Haryana,PANIPAT,2005,Rabi,Wheat,82947,365000,4.400400256
Haryana,PANIPAT,2005,Whole Year,Dry chillies,187,200,1.069518717
Haryana,PANIPAT,2005,Whole Year,Onion,53,1300,24.52830189
Haryana,PANIPAT,2005,Whole Year,Potato,208,5000,24.03846154
Haryana,PANIPAT,2005,Whole Year,Sannhamp,2,,
Haryana,PANIPAT,2005,Whole Year,Sugarcane,6372,400000,62.77463905
Haryana,PANIPAT,2005,Whole Year,Sweet potato,12,300,25
Haryana,PANIPAT,2006,Kharif,Arhar/Tur,316,300,0.949367089
Haryana,PANIPAT,2006,Kharif,Bajra,698,2000,2.865329513
Haryana,PANIPAT,2006,Kharif,Cotton(lint),48,,
Haryana,PANIPAT,2006,Kharif,Jowar,3,,
Haryana,PANIPAT,2006,Kharif,Maize,39,,
Haryana,PANIPAT,2006,Kharif,Moong(Green Gram),4,,
Haryana,PANIPAT,2006,Kharif,Rice,70777,194000,2.741003433
Haryana,PANIPAT,2006,Kharif,Sesamum,3,,
Haryana,PANIPAT,2006,Kharif,Urad,3,,
Haryana,PANIPAT,2006,Rabi,Barley,50,,
Haryana,PANIPAT,2006,Rabi,Gram,84,,
Haryana,PANIPAT,2006,Rabi,Masoor,118,100,0.847457627
Haryana,PANIPAT,2006,Rabi,Peas & beans (Pulses),176,200,1.136363636
Haryana,PANIPAT,2006,Rabi,Rapeseed &Mustard,1016,1000,0.984251969
Haryana,PANIPAT,2006,Rabi,Wheat,81598,367000,4.497659256
Haryana,PANIPAT,2006,Whole Year,Dry chillies,182,100,0.549450549
Haryana,PANIPAT,2006,Whole Year,Garlic,22,200,9.090909091
Haryana,PANIPAT,2006,Whole Year,Onion,32,600,18.75
Haryana,PANIPAT,2006,Whole Year,Potato,184,4400,23.91304348
Haryana,PANIPAT,2006,Whole Year,Sannhamp,3,,
Haryana,PANIPAT,2006,Whole Year,Sugarcane,7820,605000,77.3657289
Haryana,PANIPAT,2006,Whole Year,Sweet potato,9,200,22.22222222
Haryana,PANIPAT,2007,Kharif,Arhar/Tur,284,400,1.408450704
Haryana,PANIPAT,2007,Kharif,Bajra,681,2000,2.936857562
Haryana,PANIPAT,2007,Kharif,Cotton(lint),31,,
Haryana,PANIPAT,2007,Kharif,Maize,38,,
Haryana,PANIPAT,2007,Kharif,Moong(Green Gram),13,,
Haryana,PANIPAT,2007,Kharif,Rice,73632,188000,2.553237723
Haryana,PANIPAT,2007,Rabi,Barley,44,,
Haryana,PANIPAT,2007,Rabi,Gram,32,,
Haryana,PANIPAT,2007,Rabi,Masoor,53,100,1.886792453
Haryana,PANIPAT,2007,Rabi,Peas & beans (Pulses),262,400,1.526717557
Haryana,PANIPAT,2007,Rabi,Rapeseed &Mustard,809,1000,1.236093943
Haryana,PANIPAT,2007,Rabi,Wheat,83945,368000,4.383822741
Haryana,PANIPAT,2007,Whole Year,Dry chillies,141,3500,24.82269504
Haryana,PANIPAT,2007,Whole Year,Onion,19,400,21.05263158
Haryana,PANIPAT,2007,Whole Year,Potato,198,3600,18.18181818
Haryana,PANIPAT,2007,Whole Year,Sannhamp,4,,
Haryana,PANIPAT,2007,Whole Year,Sugarcane,7848,550000,70.08154944
Haryana,PANIPAT,2007,Whole Year,Sweet potato,9,100,11.11111111
Haryana,PANIPAT,2008,Kharif,Arhar/Tur,329,400,1.215805471
Haryana,PANIPAT,2008,Kharif,Bajra,527,2000,3.795066414
Haryana,PANIPAT,2008,Kharif,Cotton(lint),22,,
Haryana,PANIPAT,2008,Kharif,Maize,26,,
Haryana,PANIPAT,2008,Kharif,Moong(Green Gram),3,,
Haryana,PANIPAT,2008,Kharif,Rice,77763,169000,2.173270064
Haryana,PANIPAT,2008,Kharif,Sesamum,2,,
Haryana,PANIPAT,2008,Rabi,Barley,65,,
Haryana,PANIPAT,2008,Rabi,Gram,34,,
Haryana,PANIPAT,2008,Rabi,Masoor,44,,
Haryana,PANIPAT,2008,Rabi,Peas & beans (Pulses),93,100,1.075268817
Haryana,PANIPAT,2008,Rabi,Rapeseed &Mustard,767,2000,2.60756193
Haryana,PANIPAT,2008,Rabi,Wheat,87947,427000,4.85519688
Haryana,PANIPAT,2008,Whole Year,Coriander,349,800,2.29226361
Haryana,PANIPAT,2008,Whole Year,Dry chillies,172,1600,9.302325581
Haryana,PANIPAT,2008,Whole Year,Onion,21,600,28.57142857
Haryana,PANIPAT,2008,Whole Year,Potato,148,400,2.702702703
Haryana,PANIPAT,2008,Whole Year,Sannhamp,5,,
Haryana,PANIPAT,2008,Whole Year,Sugarcane,3423,202000,59.01256208
Haryana,PANIPAT,2008,Whole Year,Sweet potato,7,100,14.28571429
Haryana,PANIPAT,2009,Kharif,Arhar/Tur,267,300,1.123595506
Haryana,PANIPAT,2009,Kharif,Bajra,558,,
Haryana,PANIPAT,2009,Kharif,Cotton(lint),17,,
Haryana,PANIPAT,2009,Kharif,Jowar,1,,
Haryana,PANIPAT,2009,Kharif,Maize,15,,
Haryana,PANIPAT,2009,Kharif,Rice,76960,205000,2.663721414
Haryana,PANIPAT,2009,Kharif,Sesamum,15,,
Haryana,PANIPAT,2009,Kharif,Urad,1,,
Haryana,PANIPAT,2009,Rabi,Barley,68,,
Haryana,PANIPAT,2009,Rabi,Gram,34,,
Haryana,PANIPAT,2009,Rabi,Masoor,40,100,2.5
Haryana,PANIPAT,2009,Rabi,Peas & beans (Pulses),211,300,1.421800948
Haryana,PANIPAT,2009,Rabi,Wheat,86736,387000,4.461815163
Haryana,PANIPAT,2009,Whole Year,Coriander,306,500,1.633986928
Haryana,PANIPAT,2009,Whole Year,Dry chillies,117,200,1.709401709
Haryana,PANIPAT,2009,Whole Year,Garlic,1,,
Haryana,PANIPAT,2009,Whole Year,Onion,20,300,15
Haryana,PANIPAT,2009,Whole Year,Potato,171,3000,17.54385965
Haryana,PANIPAT,2009,Whole Year,Sugarcane,3960,311000,78.53535354
Haryana,PANIPAT,2009,Whole Year,Sweet potato,14,200,14.28571429
Haryana,PANIPAT,2010,Kharif,Arhar/Tur,271,300,1.10701107
Haryana,PANIPAT,2010,Kharif,Bajra,476,2000,4.201680672
Haryana,PANIPAT,2010,Kharif,Cotton(lint),35,,
Haryana,PANIPAT,2010,Kharif,Jowar,8,,
Haryana,PANIPAT,2010,Kharif,Maize,11,,
Haryana,PANIPAT,2010,Kharif,Moong(Green Gram),11,,
Haryana,PANIPAT,2010,Kharif,Other Kharif pulses,2,,
Haryana,PANIPAT,2010,Kharif,Rice,76905,174000,2.262531695
Haryana,PANIPAT,2010,Kharif,Sesamum,2,,
Haryana,PANIPAT,2010,Kharif,Urad,7,,
Haryana,PANIPAT,2010,Rabi,Barley,44,,
Haryana,PANIPAT,2010,Rabi,Gram,14,,
Haryana,PANIPAT,2010,Rabi,Masoor,25,,
Haryana,PANIPAT,2010,Rabi,Peas & beans (Pulses),230,300,1.304347826
Haryana,PANIPAT,2010,Rabi,Rapeseed &Mustard,874,2000,2.288329519
Haryana,PANIPAT,2010,Rabi,Wheat,86569,399000,4.609040188
Haryana,PANIPAT,2010,Whole Year,Coriander,217,,
Haryana,PANIPAT,2010,Whole Year,Dry chillies,133,1300,9.77443609
Haryana,PANIPAT,2010,Whole Year,Garlic,1,,
Haryana,PANIPAT,2010,Whole Year,Onion,16,300,18.75
Haryana,PANIPAT,2010,Whole Year,Potato,164,3100,18.90243902
Haryana,PANIPAT,2010,Whole Year,Sugarcane,5827,46000,7.894285224
Haryana,PANIPAT,2010,Whole Year,Sweet potato,12,,
Haryana,PANIPAT,2011,Kharif,Arhar/Tur,235,200,0.85106383
Haryana,PANIPAT,2011,Kharif,Bajra,430,,
Haryana,PANIPAT,2011,Kharif,Cotton(lint),54,,
Haryana,PANIPAT,2011,Kharif,Maize,9,,
Haryana,PANIPAT,2011,Kharif,Rice,76032,201000,2.643623737
Haryana,PANIPAT,2011,Kharif,Sesamum,2,,
Haryana,PANIPAT,2011,Kharif,Urad,6,,
Haryana,PANIPAT,2011,Rabi,Barley,63,,
Haryana,PANIPAT,2011,Rabi,Gram,13,,
Haryana,PANIPAT,2011,Rabi,Masoor,37,,
Haryana,PANIPAT,2011,Rabi,Peas & beans (Pulses),546,500,0.915750916
Haryana,PANIPAT,2011,Rabi,Rapeseed &Mustard,867,1000,1.153402537
Haryana,PANIPAT,2011,Rabi,Wheat,86807,483000,5.564067414
Haryana,PANIPAT,2011,Whole Year,Coriander,156,200,1.282051282
Haryana,PANIPAT,2011,Whole Year,Garlic,3,,
Haryana,PANIPAT,2011,Whole Year,Onion,29,500,17.24137931
Haryana,PANIPAT,2011,Whole Year,Potato,151,3800,25.16556291
Haryana,PANIPAT,2011,Whole Year,Sugarcane,6820,58000,8.504398827
Haryana,PANIPAT,2011,Whole Year,Sweet potato,5,,
Haryana,PANIPAT,2011,Whole Year,Turmeric,9,,
Haryana,PANIPAT,2012,Kharif,Arhar/Tur,209,209,1
Haryana,PANIPAT,2012,Kharif,Bajra,401,,
Haryana,PANIPAT,2012,Kharif,Cotton(lint),66,,
Haryana,PANIPAT,2012,Kharif,Maize,8,,
Haryana,PANIPAT,2012,Kharif,Rice,75683,210000,2.774731446
Haryana,PANIPAT,2012,Kharif,Sesamum,2,,
Haryana,PANIPAT,2012,Rabi,Barley,49,,
Haryana,PANIPAT,2012,Rabi,Gram,11,,
Haryana,PANIPAT,2012,Rabi,Masoor,38,47,1.236842105
Haryana,PANIPAT,2012,Rabi,Peas & beans (Pulses),515,773,1.500970874
Haryana,PANIPAT,2012,Rabi,Rapeseed &Mustard,877,2000,2.28050171
Haryana,PANIPAT,2012,Rabi,Wheat,85907,395000,4.597995507
Haryana,PANIPAT,2012,Whole Year,Coriander,193,203,1.051813472
Haryana,PANIPAT,2012,Whole Year,Dry chillies,110,1000,9.090909091
Haryana,PANIPAT,2012,Whole Year,Garlic,7,100,14.28571429
Haryana,PANIPAT,2012,Whole Year,Guar seed,155,101,0.651612903
Haryana,PANIPAT,2012,Whole Year,Onion,24,700,29.16666667
Haryana,PANIPAT,2012,Whole Year,Potato,178,3600,20.2247191
Haryana,PANIPAT,2012,Whole Year,Sugarcane,7067,647000,91.55228527
Haryana,PANIPAT,2012,Whole Year,Sweet potato,4,100,25
Haryana,PANIPAT,2012,Whole Year,Turmeric,4,4,1
Haryana,REWARI,1997,Kharif,Bajra,49000,53000,1.081632653
Haryana,REWARI,1997,Kharif,Jowar,1000,1000,1
Haryana,REWARI,1997,Kharif,Other Kharif pulses,1300,600,0.461538462
Haryana,REWARI,1997,Rabi,Barley,2000,5000,2.5
Haryana,REWARI,1997,Rabi,Gram,4000,3000,0.75
Haryana,REWARI,1997,Rabi,Wheat,45000,171000,3.8
Haryana,REWARI,1997,Whole Year,Cotton(lint),2000,3000,1.5
Haryana,REWARI,1998,Kharif,Arhar/Tur,417,200,0.479616307
Haryana,REWARI,1998,Kharif,Bajra,54879,60000,1.093314383
Haryana,REWARI,1998,Kharif,Cotton(lint),2523,3000,1.189060642
Haryana,REWARI,1998,Kharif,Groundnut,22,,
Haryana,REWARI,1998,Kharif,Jowar,2209,,
Haryana,REWARI,1998,Kharif,Moong(Green Gram),2,,
Haryana,REWARI,1998,Kharif,Moth,1,,
Haryana,REWARI,1998,Kharif,Rice,723,2000,2.766251729
Haryana,REWARI,1998,Kharif,Sesamum,212,100,0.471698113
Haryana,REWARI,1998,Rabi,Barley,1822,6000,3.293084523
Haryana,REWARI,1998,Rabi,Gram,4623,2000,0.432619511
Haryana,REWARI,1998,Rabi,Rapeseed &Mustard,59157,87000,1.470662813
Haryana,REWARI,1998,Rabi,Wheat,51579,203000,3.93571027
Haryana,REWARI,1998,Whole Year,Dry chillies,38,,
Haryana,REWARI,1998,Whole Year,Onion,76,800,10.52631579
Haryana,REWARI,1998,Whole Year,Potato,15,200,13.33333333
Haryana,REWARI,1998,Whole Year,Sannhamp,20,,
Haryana,REWARI,1998,Whole Year,Sugarcane,36,,
Haryana,REWARI,1998,Whole Year,Sweet potato,3,,
Haryana,REWARI,1999,Kharif,Arhar/Tur,277,100,0.36101083
Haryana,REWARI,1999,Kharif,Bajra,54299,56000,1.031326544
Haryana,REWARI,1999,Kharif,Cotton(lint),2364,3000,1.269035533
Haryana,REWARI,1999,Kharif,Groundnut,10,0,0
Haryana,REWARI,1999,Kharif,Jowar,1662,1000,0.601684717
Haryana,REWARI,1999,Kharif,Maize,1,0,0
Haryana,REWARI,1999,Kharif,Moong(Green Gram),2,0,0
Haryana,REWARI,1999,Kharif,Moth,1,0,0
Haryana,REWARI,1999,Kharif,Rice,1132,2000,1.766784452
Haryana,REWARI,1999,Kharif,Sesamum,318,0,0
Haryana,REWARI,1999,Rabi,Barley,1674,7000,4.181600956
Haryana,REWARI,1999,Rabi,Gram,2108,2000,0.948766603
Haryana,REWARI,1999,Rabi,Peas & beans (Pulses),1,,
Haryana,REWARI,1999,Rabi,Rapeseed &Mustard,60114,89000,1.480520345
Haryana,REWARI,1999,Rabi,Wheat,53873,216000,4.009429584
Haryana,REWARI,1999,Whole Year,Dry chillies,42,,
Haryana,REWARI,1999,Whole Year,Onion,71,1000,14.08450704
Haryana,REWARI,1999,Whole Year,Potato,8,100,12.5
Haryana,REWARI,1999,Whole Year,Sugarcane,23,0,0
Haryana,REWARI,2000,Kharif,Arhar/Tur,90,0,0
Haryana,REWARI,2000,Kharif,Bajra,54421,59000,1.084140313
Haryana,REWARI,2000,Kharif,Cotton(lint),1628,5000,3.071253071
Haryana,REWARI,2000,Kharif,Groundnut,3,0,0
Haryana,REWARI,2000,Kharif,Jowar,1168,600,0.51369863
Haryana,REWARI,2000,Kharif,Moong(Green Gram),9,0,0
Haryana,REWARI,2000,Kharif,Rice,705,3000,4.255319149
Haryana,REWARI,2000,Kharif,Sesamum,312,0,0
Haryana,REWARI,2000,Rabi,Barley,4443,15000,3.376097232
Haryana,REWARI,2000,Rabi,Gram,894,1000,1.118568233
Haryana,REWARI,2000,Rabi,Rapeseed &Mustard,54452,97000,1.78138544
Haryana,REWARI,2000,Rabi,Wheat,54781,228000,4.16202698
Haryana,REWARI,2000,Whole Year,Dry chillies,21,0,0
Haryana,REWARI,2000,Whole Year,Onion,59,900,15.25423729
Haryana,REWARI,2000,Whole Year,Potato,3,,
Haryana,REWARI,2000,Whole Year,Sannhamp,3,0,0
Haryana,REWARI,2000,Whole Year,Sugarcane,21,,
Haryana,REWARI,2000,Whole Year,Sweet potato,9,200,22.22222222
Haryana,REWARI,2001,Kharif,Arhar/Tur,84,0,0
Haryana,REWARI,2001,Kharif,Bajra,58775,91000,1.548277329
Haryana,REWARI,2001,Kharif,Cotton(lint),1777,3000,1.688238604
Haryana,REWARI,2001,Kharif,Groundnut,18,0,0
Haryana,REWARI,2001,Kharif,Jowar,1667,0,0
Haryana,REWARI,2001,Kharif,Moong(Green Gram),3,0,0
Haryana,REWARI,2001,Kharif,Rice,686,3000,4.373177843
Haryana,REWARI,2001,Kharif,Sesamum,463,100,0.215982721
Haryana,REWARI,2001,Kharif,Urad,1,0,0
Haryana,REWARI,2001,Rabi,Barley,1416,3000,2.118644068
Haryana,REWARI,2001,Rabi,Gram,1052,1000,0.950570342
Haryana,REWARI,2001,Rabi,Peas & beans (Pulses),5,0,0
Haryana,REWARI,2001,Rabi,Rapeseed &Mustard,66726,113000,1.693492791
Haryana,REWARI,2001,Rabi,Wheat,51182,210000,4.103004963
Haryana,REWARI,2001,Whole Year,Dry chillies,15,0,0
Haryana,REWARI,2001,Whole Year,Onion,63,1200,19.04761905
Haryana,REWARI,2001,Whole Year,Potato,1,0,0
Haryana,REWARI,2001,Whole Year,Sannhamp,10,0,0
Haryana,REWARI,2001,Whole Year,Sugarcane,33,0,0
Haryana,REWARI,2001,Whole Year,Sweet potato,2,0,0
Haryana,REWARI,2002,Kharif,Arhar/Tur,78,0,0
Haryana,REWARI,2002,Kharif,Bajra,38030,26000,0.683670786
Haryana,REWARI,2002,Kharif,Cotton(lint),2103,3000,1.426533524
Haryana,REWARI,2002,Kharif,Groundnut,47,0,0
Haryana,REWARI,2002,Kharif,Jowar,1200,0,0
Haryana,REWARI,2002,Kharif,Maize,1,0,0
Haryana,REWARI,2002,Kharif,Moong(Green Gram),57,0,0
Haryana,REWARI,2002,Kharif,Moth,2,0,0
Haryana,REWARI,2002,Kharif,Rice,343,0,0
Haryana,REWARI,2002,Kharif,Sesamum,657,100,0.152207002
Haryana,REWARI,2002,Rabi,Barley,1878,6000,3.194888179
Haryana,REWARI,2002,Rabi,Gram,304,0,0
Haryana,REWARI,2002,Rabi,Rapeseed &Mustard,65696,86000,1.309059912
Haryana,REWARI,2002,Rabi,Wheat,46344,180000,3.883997929
Haryana,REWARI,2002,Whole Year,Onion,47,700,14.89361702
Haryana,REWARI,2002,Whole Year,Other Fresh Fruits,27,100,3.703703704
Haryana,REWARI,2002,Whole Year,Other Vegetables,604,4700,7.781456954
Haryana,REWARI,2002,Whole Year,Potato,6,200,33.33333333
Haryana,REWARI,2002,Whole Year,Sannhamp,11,0,0
Haryana,REWARI,2002,Whole Year,Sugarcane,10,0,0
Haryana,REWARI,2002,Whole Year,Sweet potato,1,0,0
Haryana,REWARI,2003,Kharif,Arhar/Tur,54,100,1.851851852
Haryana,REWARI,2003,Kharif,Bajra,60559,101000,1.667795043
Haryana,REWARI,2003,Kharif,Cotton(lint),4318,12000,2.779064382
Haryana,REWARI,2003,Kharif,Groundnut,160,100,0.625
Haryana,REWARI,2003,Kharif,Jowar,2008,1000,0.498007968
Haryana,REWARI,2003,Kharif,Moong(Green Gram),31,0,0
Haryana,REWARI,2003,Kharif,Moth,3,0,0
Haryana,REWARI,2003,Kharif,Rice,621,3000,4.830917874
Haryana,REWARI,2003,Kharif,Sesamum,160,0,0
Haryana,REWARI,2003,Rabi,Barley,1248,3000,2.403846154
Haryana,REWARI,2003,Rabi,Gram,1396,1000,0.716332378
Haryana,REWARI,2003,Rabi,Rapeseed &Mustard,65199,114000,1.748493075
Haryana,REWARI,2003,Rabi,Sunflower,14,0,0
Haryana,REWARI,2003,Rabi,Wheat,49404,197000,3.987531374
Haryana,REWARI,2003,Whole Year,Dry chillies,18,,
Haryana,REWARI,2003,Whole Year,Onion,101,1600,15.84158416
Haryana,REWARI,2003,Whole Year,Other Fresh Fruits,4,0,0
Haryana,REWARI,2003,Whole Year,Other Vegetables,769,6000,7.802340702
Haryana,REWARI,2003,Whole Year,Sannhamp,11,0,0
Haryana,REWARI,2003,Whole Year,Sugarcane,9,0,0
Haryana,REWARI,2003,Whole Year,Sweet potato,1,0,0
Haryana,REWARI,2004,Kharif,Arhar/Tur,122,100,0.819672131
Haryana,REWARI,2004,Kharif,Bajra,50379,78000,1.548264158
Haryana,REWARI,2004,Kharif,Cotton(lint),7794,27000,3.464203233
Haryana,REWARI,2004,Kharif,Groundnut,328,200,0.609756098
Haryana,REWARI,2004,Kharif,Jowar,1327,,
Haryana,REWARI,2004,Kharif,Moong(Green Gram),17,,
Haryana,REWARI,2004,Kharif,Moth,1,,
Haryana,REWARI,2004,Kharif,Rice,475,3000,6.315789474
Haryana,REWARI,2004,Kharif,Sesamum,219,,
Haryana,REWARI,2004,Rabi,Gram,208,1000,4.807692308
Haryana,REWARI,2004,Rabi,Peas & beans (Pulses),12,,
Haryana,REWARI,2004,Rabi,Rapeseed &Mustard,71466,100000,1.399266784
Haryana,REWARI,2004,Rabi,Wheat,44854,186000,4.146787355
Haryana,REWARI,2004,Whole Year,Dry chillies,20,100,5
Haryana,REWARI,2004,Whole Year,Onion,11,200,18.18181818
Haryana,REWARI,2004,Whole Year,Sannhamp,16,,
Haryana,REWARI,2004,Whole Year,Sugarcane,11,,
Haryana,REWARI,2004,Whole Year,Sweet potato,3,100,33.33333333
Haryana,REWARI,2005,Kharif,Arhar/Tur,167,200,1.19760479
Haryana,REWARI,2005,Kharif,Bajra,55350,48000,0.867208672
Haryana,REWARI,2005,Kharif,Cotton(lint),5934,12000,2.022244692
Haryana,REWARI,2005,Kharif,Groundnut,224,100,0.446428571
Haryana,REWARI,2005,Kharif,Jowar,1665,1000,0.600600601
Haryana,REWARI,2005,Kharif,Maize,1,,
Haryana,REWARI,2005,Kharif,Moong(Green Gram),6,,
Haryana,REWARI,2005,Kharif,Rice,621,3000,4.830917874
Haryana,REWARI,2005,Kharif,Sesamum,329,100,0.303951368
Haryana,REWARI,2005,Rabi,Barley,769,3000,3.901170351
Haryana,REWARI,2005,Rabi,Gram,195,,
Haryana,REWARI,2005,Rabi,Rapeseed &Mustard,74727,114100,1.526891217
Haryana,REWARI,2005,Rabi,Wheat,41050,172000,4.19001218
Haryana,REWARI,2005,Whole Year,Dry chillies,59,100,1.694915254
Haryana,REWARI,2005,Whole Year,Onion,171,2800,16.37426901
Haryana,REWARI,2005,Whole Year,Potato,5,,
Haryana,REWARI,2005,Whole Year,Sannhamp,5,,
Haryana,REWARI,2005,Whole Year,Sugarcane,5,,
Haryana,REWARI,2006,Kharif,Arhar/Tur,163,200,1.226993865
Haryana,REWARI,2006,Kharif,Bajra,57639,82000,1.42264786
Haryana,REWARI,2006,Kharif,Cotton(lint),2886,6000,2.079002079
Haryana,REWARI,2006,Kharif,Groundnut,131,100,0.763358779
Haryana,REWARI,2006,Kharif,Jowar,2010,1000,0.497512438
Haryana,REWARI,2006,Kharif,Moong(Green Gram),13,,
Haryana,REWARI,2006,Kharif,Rice,788,3000,3.807106599
Haryana,REWARI,2006,Kharif,Sesamum,145,,
Haryana,REWARI,2006,Rabi,Barley,1799,6000,3.335186215
Haryana,REWARI,2006,Rabi,Gram,104,,
Haryana,REWARI,2006,Rabi,Peas & beans (Pulses),20,,
Haryana,REWARI,2006,Rabi,Rapeseed &Mustard,65854,96000,1.457770219
Haryana,REWARI,2006,Rabi,Wheat,51682,207000,4.005262954
Haryana,REWARI,2006,Whole Year,Dry chillies,19,,
Haryana,REWARI,2006,Whole Year,Onion,79,1200,15.18987342
Haryana,REWARI,2006,Whole Year,Sannhamp,14,,
Haryana,REWARI,2006,Whole Year,Sugarcane,9,,
Haryana,REWARI,2006,Whole Year,Sweet potato,1,,
Haryana,REWARI,2007,Kharif,Arhar/Tur,178,200,1.123595506
Haryana,REWARI,2007,Kharif,Bajra,64060,101000,1.576646894
Haryana,REWARI,2007,Kharif,Cotton(lint),1302,3000,2.304147465
Haryana,REWARI,2007,Kharif,Groundnut,82,100,1.219512195
Haryana,REWARI,2007,Kharif,Jowar,771,500,0.648508431
Haryana,REWARI,2007,Kharif,Moong(Green Gram),3,,
Haryana,REWARI,2007,Kharif,Rice,820,3000,3.658536585
Haryana,REWARI,2007,Kharif,Sesamum,91,,
Haryana,REWARI,2007,Rabi,Barley,1254,3000,2.392344498
Haryana,REWARI,2007,Rabi,Gram,197,,
Haryana,REWARI,2007,Rabi,Peas & beans (Pulses),27,,
Haryana,REWARI,2007,Rabi,Rapeseed &Mustard,64048,104000,1.623782163
Haryana,REWARI,2007,Rabi,Wheat,50899,205000,4.027584039
Haryana,REWARI,2007,Whole Year,Dry chillies,5,,
Haryana,REWARI,2007,Whole Year,Onion,96,1700,17.70833333
Haryana,REWARI,2007,Whole Year,Sannhamp,8,,
Haryana,REWARI,2007,Whole Year,Sugarcane,9,,
Haryana,REWARI,2008,Kharif,Arhar/Tur,171,100,0.584795322
Haryana,REWARI,2008,Kharif,Bajra,62545,121000,1.934607083
Haryana,REWARI,2008,Kharif,Cotton(lint),1019,2000,1.962708538
Haryana,REWARI,2008,Kharif,Groundnut,89,,
Haryana,REWARI,2008,Kharif,Jowar,484,1000,2.066115702
Haryana,REWARI,2008,Kharif,Maize,1,,
Haryana,REWARI,2008,Kharif,Moong(Green Gram),6,,
Haryana,REWARI,2008,Kharif,Moth,1,,
Haryana,REWARI,2008,Kharif,Rice,2066,5000,2.420135528
Haryana,REWARI,2008,Kharif,Sesamum,153,,
Haryana,REWARI,2008,Rabi,Barley,2109,7000,3.319108582
Haryana,REWARI,2008,Rabi,Gram,101,,
Haryana,REWARI,2008,Rabi,Peas & beans (Pulses),224,100,0.446428571
Haryana,REWARI,2008,Rabi,Rapeseed &Mustard,65887,131000,1.988252614
Haryana,REWARI,2008,Rabi,Wheat,45797,208000,4.541782213
Haryana,REWARI,2008,Whole Year,Dry chillies,4,,
Haryana,REWARI,2008,Whole Year,Onion,28,500,17.85714286
Haryana,REWARI,2008,Whole Year,Sannhamp,1,,
Haryana,REWARI,2008,Whole Year,Sugarcane,23,,
Haryana,REWARI,2009,Kharif,Arhar/Tur,71,100,1.408450704
Haryana,REWARI,2009,Kharif,Bajra,58603,97000,1.655205365
Haryana,REWARI,2009,Kharif,Cotton(lint),594,1000,1.683501684
Haryana,REWARI,2009,Kharif,Groundnut,78,100,1.282051282
Haryana,REWARI,2009,Kharif,Jowar,477,,
Haryana,REWARI,2009,Kharif,Maize,2,,
Haryana,REWARI,2009,Kharif,Moong(Green Gram),4,,
Haryana,REWARI,2009,Kharif,Moth,2,,
Haryana,REWARI,2009,Kharif,Rice,2079,5000,2.405002405
Haryana,REWARI,2009,Kharif,Sesamum,182,100,0.549450549
Haryana,REWARI,2009,Rabi,Barley,1682,7000,4.161712247
Haryana,REWARI,2009,Rabi,Gram,63,,
Haryana,REWARI,2009,Rabi,Peas & beans (Pulses),489,300,0.613496933
Haryana,REWARI,2009,Rabi,Wheat,48607,220000,4.526097064
Haryana,REWARI,2009,Whole Year,Dry chillies,8,,
Haryana,REWARI,2009,Whole Year,Onion,92,1800,19.56521739
Haryana,REWARI,2009,Whole Year,Sugarcane,26,,
Haryana,REWARI,2010,Kharif,Arhar/Tur,464,400,0.862068966
Haryana,REWARI,2010,Kharif,Bajra,66706,126000,1.888885558
Haryana,REWARI,2010,Kharif,Castor seed,1,,
Haryana,REWARI,2010,Kharif,Cotton(lint),478,3000,6.276150628
Haryana,REWARI,2010,Kharif,Groundnut,67,,
Haryana,REWARI,2010,Kharif,Jowar,980,1000,1.020408163
Haryana,REWARI,2010,Kharif,Moong(Green Gram),13,,
Haryana,REWARI,2010,Kharif,Rice,2746,8000,2.913328478
Haryana,REWARI,2010,Kharif,Sesamum,256,100,0.390625
Haryana,REWARI,2010,Kharif,Urad,4,,
Haryana,REWARI,2010,Rabi,Barley,1310,4000,3.053435115
Haryana,REWARI,2010,Rabi,Gram,73,,
Haryana,REWARI,2010,Rabi,Peas & beans (Pulses),1612,800,0.496277916
Haryana,REWARI,2010,Rabi,Rapeseed &Mustard,62452,125000,2.001537181
Haryana,REWARI,2010,Rabi,Wheat,50513,243000,4.810642805
Haryana,REWARI,2010,Whole Year,Onion,140,2500,17.85714286
Haryana,REWARI,2010,Whole Year,Sugarcane,26,,
Haryana,REWARI,2011,Kharif,Arhar/Tur,377,400,1.061007958
Haryana,REWARI,2011,Kharif,Bajra,62758,147000,2.342330858
Haryana,REWARI,2011,Kharif,Castor seed,1,,
Haryana,REWARI,2011,Kharif,Cotton(lint),1074,2000,1.862197393
Haryana,REWARI,2011,Kharif,Groundnut,121,100,0.826446281
Haryana,REWARI,2011,Kharif,Jowar,921,1000,1.08577633
Haryana,REWARI,2011,Kharif,Moong(Green Gram),24,,
Haryana,REWARI,2011,Kharif,Moth,26,,
Haryana,REWARI,2011,Kharif,Rice,3298,9000,2.728926622
Haryana,REWARI,2011,Kharif,Sannhamp,1,,
Haryana,REWARI,2011,Kharif,Sesamum,251,100,0.398406375
Haryana,REWARI,2011,Rabi,Barley,1865,8000,4.289544236
Haryana,REWARI,2011,Rabi,Gram,38,,
Haryana,REWARI,2011,Rabi,Peas & beans (Pulses),328,200,0.609756098
Haryana,REWARI,2011,Rabi,Rapeseed &Mustard,64314,118000,1.834748266
Haryana,REWARI,2011,Rabi,Wheat,48291,240000,4.969870162
Haryana,REWARI,2011,Whole Year,Onion,178,2100,11.79775281
Haryana,REWARI,2011,Whole Year,Potato,14,100,7.142857143
Haryana,REWARI,2011,Whole Year,Sugarcane,51,,
Haryana,REWARI,2011,Whole Year,Tobacco,10,,
Haryana,REWARI,2012,Kharif,Arhar/Tur,183,178,0.972677596
Haryana,REWARI,2012,Kharif,Bajra,49474,98000,1.98083842
Haryana,REWARI,2012,Kharif,Cotton(lint),1788,6000,3.355704698
Haryana,REWARI,2012,Kharif,Groundnut,46,51,1.108695652
Haryana,REWARI,2012,Kharif,Jowar,264,,
Haryana,REWARI,2012,Kharif,Moong(Green Gram),8,4,0.5
Haryana,REWARI,2012,Kharif,Rice,2008,7000,3.486055777
Haryana,REWARI,2012,Kharif,Sesamum,205,81,0.395121951
Haryana,REWARI,2012,Rabi,Barley,1805,7000,3.878116343
Haryana,REWARI,2012,Rabi,Gram,28,,
Haryana,REWARI,2012,Rabi,Rapeseed &Mustard,67309,145000,2.15424386
Haryana,REWARI,2012,Rabi,Wheat,44652,222000,4.971781779
Haryana,REWARI,2012,Whole Year,Dry chillies,18,200,11.11111111
Haryana,REWARI,2012,Whole Year,Guar seed,9516,7137,0.75
Haryana,REWARI,2012,Whole Year,Onion,156,3500,22.43589744
Haryana,REWARI,2012,Whole Year,Sugarcane,29,,
Haryana,ROHTAK,1997,Kharif,Bajra,19000,22000,1.157894737
Haryana,ROHTAK,1997,Kharif,Jowar,28000,6000,0.214285714
Haryana,ROHTAK,1997,Kharif,Other Kharif pulses,5500,4200,0.763636364
Haryana,ROHTAK,1997,Kharif,Rice,16000,29000,1.8125
Haryana,ROHTAK,1997,Rabi,Barley,1000,1000,1
Haryana,ROHTAK,1997,Rabi,Gram,7000,5000,0.714285714
Haryana,ROHTAK,1997,Rabi,Other  Rabi pulses,1000,1000,1
Haryana,ROHTAK,1997,Rabi,Wheat,74000,245000,3.310810811
Haryana,ROHTAK,1997,Whole Year,Cotton(lint),6000,5000,0.833333333
Haryana,ROHTAK,1997,Whole Year,Sugarcane,12000,550000,45.83333333
Haryana,ROHTAK,1998,Kharif,Arhar/Tur,24,,
Haryana,ROHTAK,1998,Kharif,Bajra,18761,21000,1.119343319
Haryana,ROHTAK,1998,Kharif,Cotton(lint),13312,16000,1.201923077
Haryana,ROHTAK,1998,Kharif,Jowar,28054,6000,0.213873244
Haryana,ROHTAK,1998,Kharif,Maize,142,,
Haryana,ROHTAK,1998,Kharif,Moong(Green Gram),9,,
Haryana,ROHTAK,1998,Kharif,Moth,86,,
Haryana,ROHTAK,1998,Kharif,Rice,27522,53000,1.925732142
Haryana,ROHTAK,1998,Kharif,Sesamum,83,,
Haryana,ROHTAK,1998,Kharif,Urad,4,,
Haryana,ROHTAK,1998,Rabi,Barley,1653,4000,2.41984271
Haryana,ROHTAK,1998,Rabi,Gram,5252,3000,0.571210967
Haryana,ROHTAK,1998,Rabi,Masoor,3,,
Haryana,ROHTAK,1998,Rabi,Peas & beans (Pulses),48,,
Haryana,ROHTAK,1998,Rabi,Rapeseed &Mustard,11765,12000,1.019974501
Haryana,ROHTAK,1998,Rabi,Wheat,86345,327000,3.787133013
Haryana,ROHTAK,1998,Whole Year,Dry chillies,3,,
Haryana,ROHTAK,1998,Whole Year,Onion,8,200,25
Haryana,ROHTAK,1998,Whole Year,Potato,210,3100,14.76190476
Haryana,ROHTAK,1998,Whole Year,Sannhamp,69,,
Haryana,ROHTAK,1998,Whole Year,Sugarcane,12296,650000,52.86271958
Haryana,ROHTAK,1998,Whole Year,Sweet potato,5,100,20
Haryana,ROHTAK,1999,Kharif,Arhar/Tur,31,0,0
Haryana,ROHTAK,1999,Kharif,Bajra,16938,14000,0.826543866
Haryana,ROHTAK,1999,Kharif,Cotton(lint),11525,21000,1.822125813
Haryana,ROHTAK,1999,Kharif,Jowar,25259,5000,0.197949246
Haryana,ROHTAK,1999,Kharif,Maize,814,2000,2.457002457
Haryana,ROHTAK,1999,Kharif,Moong(Green Gram),1,0,0
Haryana,ROHTAK,1999,Kharif,Moth,2,0,0
Haryana,ROHTAK,1999,Kharif,Rice,28515,26000,0.911800807
Haryana,ROHTAK,1999,Kharif,Sesamum,135,0,0
Haryana,ROHTAK,1999,Rabi,Barley,1722,2000,1.161440186
Haryana,ROHTAK,1999,Rabi,Gram,2672,2000,0.748502994
Haryana,ROHTAK,1999,Rabi,Masoor,2,,
Haryana,ROHTAK,1999,Rabi,Peas & beans (Pulses),7,0,0
Haryana,ROHTAK,1999,Rabi,Rapeseed &Mustard,10182,10000,0.982125319
Haryana,ROHTAK,1999,Rabi,Wheat,92025,363000,3.944580277
Haryana,ROHTAK,1999,Whole Year,Dry chillies,9,,
Haryana,ROHTAK,1999,Whole Year,Onion,30,400,13.33333333
Haryana,ROHTAK,1999,Whole Year,Potato,235,3800,16.17021277
Haryana,ROHTAK,1999,Whole Year,Sugarcane,12769,540000,42.2899209
Haryana,ROHTAK,2000,Kharif,Arhar/Tur,3775,2400,0.635761589
Haryana,ROHTAK,2000,Kharif,Bajra,17439,27000,1.548253914
Haryana,ROHTAK,2000,Kharif,Cotton(lint),12825,15000,1.169590643
Haryana,ROHTAK,2000,Kharif,Jowar,25421,5800,0.228157822
Haryana,ROHTAK,2000,Kharif,Maize,21,0,0
Haryana,ROHTAK,2000,Kharif,Moong(Green Gram),19,0,0
Haryana,ROHTAK,2000,Kharif,Rice,23863,36000,1.508611658
Haryana,ROHTAK,2000,Kharif,Sesamum,79,0,0
Haryana,ROHTAK,2000,Rabi,Barley,1955,5000,2.557544757
Haryana,ROHTAK,2000,Rabi,Gram,2393,2000,0.835770999
Haryana,ROHTAK,2000,Rabi,Peas & beans (Pulses),20,0,0
Haryana,ROHTAK,2000,Rabi,Rapeseed &Mustard,10856,14000,1.289609433
Haryana,ROHTAK,2000,Rabi,Wheat,91678,352000,3.839525295
Haryana,ROHTAK,2000,Whole Year,Dry chillies,3,0,0
Haryana,ROHTAK,2000,Whole Year,Garlic,3,0,0
Haryana,ROHTAK,2000,Whole Year,Onion,18,400,22.22222222
Haryana,ROHTAK,2000,Whole Year,Potato,249,4000,16.06425703
Haryana,ROHTAK,2000,Whole Year,Sannhamp,96,0,0
Haryana,ROHTAK,2000,Whole Year,Sugarcane,13531,680000,50.25497007
Haryana,ROHTAK,2001,Kharif,Arhar/Tur,5528,3800,0.687409551
Haryana,ROHTAK,2001,Kharif,Bajra,17245,22000,1.275732096
Haryana,ROHTAK,2001,Kharif,Cotton(lint),13729,10000,0.72838517
Haryana,ROHTAK,2001,Kharif,Horse-gram,3,0,0
Haryana,ROHTAK,2001,Kharif,Jowar,25814,5000,0.193693345
Haryana,ROHTAK,2001,Kharif,Maize,58,0,0
Haryana,ROHTAK,2001,Kharif,Moong(Green Gram),13,0,0
Haryana,ROHTAK,2001,Kharif,Rice,20034,27000,1.347708895
Haryana,ROHTAK,2001,Kharif,Sesamum,83,0,0
Haryana,ROHTAK,2001,Kharif,Urad,20,0,0
Haryana,ROHTAK,2001,Rabi,Barley,1918,6000,3.128258603
Haryana,ROHTAK,2001,Rabi,Gram,2631,2000,0.760167237
Haryana,ROHTAK,2001,Rabi,Masoor,1400,1000,0.714285714
Haryana,ROHTAK,2001,Rabi,Peas & beans (Pulses),21,0,0
Haryana,ROHTAK,2001,Rabi,Rapeseed &Mustard,14167,21000,1.482318063
Haryana,ROHTAK,2001,Rabi,Wheat,91826,353000,3.844227125
Haryana,ROHTAK,2001,Whole Year,Dry chillies,8,0,0
Haryana,ROHTAK,2001,Whole Year,Potato,309,5600,18.12297735
Haryana,ROHTAK,2001,Whole Year,Sannhamp,130,100,0.769230769
Haryana,ROHTAK,2001,Whole Year,Sugarcane,15224,820000,53.86232265
Haryana,ROHTAK,2002,Kharif,Arhar/Tur,12701,800,0.062987166
Haryana,ROHTAK,2002,Kharif,Bajra,15455,15000,0.970559689
Haryana,ROHTAK,2002,Kharif,Cotton(lint),13675,17000,1.243144424
Haryana,ROHTAK,2002,Kharif,Jowar,24295,5000,0.205803663
Haryana,ROHTAK,2002,Kharif,Maize,32,0,0
Haryana,ROHTAK,2002,Kharif,Moong(Green Gram),53,0,0
Haryana,ROHTAK,2002,Kharif,Moth,11534,0,0
Haryana,ROHTAK,2002,Kharif,Rice,7412,8000,1.079330815
Haryana,ROHTAK,2002,Kharif,Sesamum,241,0,0
Haryana,ROHTAK,2002,Kharif,Urad,1,0,0
Haryana,ROHTAK,2002,Rabi,Barley,1349,2000,1.482579689
Haryana,ROHTAK,2002,Rabi,Gram,2254,2000,0.887311446
Haryana,ROHTAK,2002,Rabi,Masoor,4,0,0
Haryana,ROHTAK,2002,Rabi,Rapeseed &Mustard,16427,18000,1.095756985
Haryana,ROHTAK,2002,Rabi,Wheat,88669,353000,3.981098242
Haryana,ROHTAK,2002,Whole Year,Onion,14,300,21.42857143
Haryana,ROHTAK,2002,Whole Year,Other Fresh Fruits,521,3100,5.950095969
Haryana,ROHTAK,2002,Whole Year,Other Vegetables,930,8800,9.462365591
Haryana,ROHTAK,2002,Whole Year,Potato,229,3600,15.72052402
Haryana,ROHTAK,2002,Whole Year,Sannhamp,274,100,0.364963504
Haryana,ROHTAK,2002,Whole Year,Sugarcane,19848,970000,48.87142281
Haryana,ROHTAK,2003,Kharif,Arhar/Tur,8565,10900,1.272621133
Haryana,ROHTAK,2003,Kharif,Bajra,16080,30000,1.865671642
Haryana,ROHTAK,2003,Kharif,Cotton(lint),11472,20000,1.743375174
Haryana,ROHTAK,2003,Kharif,Jowar,25371,6000,0.236490481
Haryana,ROHTAK,2003,Kharif,Maize,14,0,0
Haryana,ROHTAK,2003,Kharif,Moong(Green Gram),107,0,0
Haryana,ROHTAK,2003,Kharif,Rice,13859,21000,1.515260841
Haryana,ROHTAK,2003,Kharif,Sesamum,151,0,0
Haryana,ROHTAK,2003,Kharif,Urad,21,0,0
Haryana,ROHTAK,2003,Rabi,Barley,1628,5000,3.071253071
Haryana,ROHTAK,2003,Rabi,Gram,1937,2000,1.032524522
Haryana,ROHTAK,2003,Rabi,Masoor,3,0,0
Haryana,ROHTAK,2003,Rabi,Rapeseed &Mustard,19576,31000,1.58357172
Haryana,ROHTAK,2003,Rabi,Sunflower,3,0,0
Haryana,ROHTAK,2003,Rabi,Wheat,88426,337000,3.811096284
Haryana,ROHTAK,2003,Whole Year,Onion,16,300,18.75
Haryana,ROHTAK,2003,Whole Year,Other Fresh Fruits,550,3600,6.545454545
Haryana,ROHTAK,2003,Whole Year,Other Vegetables,732,6900,9.426229508
Haryana,ROHTAK,2003,Whole Year,Potato,228,3600,15.78947368
Haryana,ROHTAK,2003,Whole Year,Sannhamp,178,100,0.561797753
Haryana,ROHTAK,2003,Whole Year,Sugarcane,18112,980000,54.10777385
Haryana,ROHTAK,2004,Kharif,Arhar/Tur,10467,11500,1.098691124
Haryana,ROHTAK,2004,Kharif,Bajra,13946,25000,1.792628711
Haryana,ROHTAK,2004,Kharif,Cotton(lint),13053,23000,1.762047039
Haryana,ROHTAK,2004,Kharif,Jowar,24520,7000,0.28548124
Haryana,ROHTAK,2004,Kharif,Maize,44,,
Haryana,ROHTAK,2004,Kharif,Moong(Green Gram),214,,
Haryana,ROHTAK,2004,Kharif,Rice,15014,26000,1.731717064
Haryana,ROHTAK,2004,Kharif,Sesamum,73,,
Haryana,ROHTAK,2004,Kharif,Urad,16,,
Haryana,ROHTAK,2004,Rabi,Barley,1125,2000,1.777777778
Haryana,ROHTAK,2004,Rabi,Gram,1353,1000,0.7390983
Haryana,ROHTAK,2004,Rabi,Masoor,1,,
Haryana,ROHTAK,2004,Rabi,Rapeseed &Mustard,26922,30000,1.114330287
Haryana,ROHTAK,2004,Rabi,Wheat,87386,320000,3.661913808
Haryana,ROHTAK,2004,Whole Year,Dry chillies,10,,
Haryana,ROHTAK,2004,Whole Year,Onion,15,300,20
Haryana,ROHTAK,2004,Whole Year,Sannhamp,155,100,0.64516129
Haryana,ROHTAK,2004,Whole Year,Sugarcane,15241,630000,41.33587035
Haryana,ROHTAK,2005,Kharif,Arhar/Tur,10838,4600,0.424432552
Haryana,ROHTAK,2005,Kharif,Bajra,14335,20000,1.395186606
Haryana,ROHTAK,2005,Kharif,Cotton(lint),12854,23000,1.78932628
Haryana,ROHTAK,2005,Kharif,Jowar,23584,7000,0.296811398
Haryana,ROHTAK,2005,Kharif,Maize,81,,
Haryana,ROHTAK,2005,Kharif,Moong(Green Gram),70,,
Haryana,ROHTAK,2005,Kharif,Rice,18006,36000,1.999333555
Haryana,ROHTAK,2005,Kharif,Sesamum,49,,
Haryana,ROHTAK,2005,Rabi,Barley,930,2000,2.150537634
Haryana,ROHTAK,2005,Rabi,Gram,1548,2000,1.291989664
Haryana,ROHTAK,2005,Rabi,Masoor,4,,
Haryana,ROHTAK,2005,Rabi,Rapeseed &Mustard,28705,27100,0.944086396
Haryana,ROHTAK,2005,Rabi,Wheat,87898,303000,3.44717741
Haryana,ROHTAK,2005,Whole Year,Sannhamp,112,,
Haryana,ROHTAK,2005,Whole Year,Sugarcane,11877,620000,52.20173444
Haryana,ROHTAK,2006,Kharif,Arhar/Tur,10798,11900,1.102055936
Haryana,ROHTAK,2006,Kharif,Bajra,17392,36000,2.069917203
Haryana,ROHTAK,2006,Kharif,Cotton(lint),8702,22000,2.528154447
Haryana,ROHTAK,2006,Kharif,Jowar,23524,7000,0.297568441
Haryana,ROHTAK,2006,Kharif,Maize,169,,
Haryana,ROHTAK,2006,Kharif,Moong(Green Gram),30,,
Haryana,ROHTAK,2006,Kharif,Rice,20185,37000,1.83304434
Haryana,ROHTAK,2006,Kharif,Sesamum,96,,
Haryana,ROHTAK,2006,Kharif,Urad,6,,
Haryana,ROHTAK,2006,Rabi,Barley,1035,2000,1.93236715
Haryana,ROHTAK,2006,Rabi,Gram,982,1000,1.018329939
Haryana,ROHTAK,2006,Rabi,Rapeseed &Mustard,19448,27000,1.388317565
Haryana,ROHTAK,2006,Rabi,Wheat,94720,376000,3.969594595
Haryana,ROHTAK,2006,Whole Year,Onion,24,400,16.66666667
Haryana,ROHTAK,2006,Whole Year,Sannhamp,87,100,1.149425287
Haryana,ROHTAK,2006,Whole Year,Sugarcane,12691,838000,66.03104562
Haryana,ROHTAK,2007,Kharif,Arhar/Tur,9239,10100,1.093191904
Haryana,ROHTAK,2007,Kharif,Bajra,19137,43000,2.246956158
Haryana,ROHTAK,2007,Kharif,Cotton(lint),7762,21000,2.705488276
Haryana,ROHTAK,2007,Kharif,Jowar,23208,10000,0.430885901
Haryana,ROHTAK,2007,Kharif,Maize,34,,
Haryana,ROHTAK,2007,Kharif,Moong(Green Gram),57,,
Haryana,ROHTAK,2007,Kharif,Moth,6,,
Haryana,ROHTAK,2007,Kharif,Rice,23167,52000,2.244572021
Haryana,ROHTAK,2007,Kharif,Sesamum,68,,
Haryana,ROHTAK,2007,Kharif,Urad,7,,
Haryana,ROHTAK,2007,Rabi,Barley,822,3000,3.649635036
Haryana,ROHTAK,2007,Rabi,Gram,636,1000,1.572327044
Haryana,ROHTAK,2007,Rabi,Rapeseed &Mustard,13512,14000,1.036116045
Haryana,ROHTAK,2007,Rabi,Wheat,98690,347000,3.516060391
Haryana,ROHTAK,2007,Whole Year,Onion,10,200,20
Haryana,ROHTAK,2007,Whole Year,Sannhamp,117,100,0.854700855
Haryana,ROHTAK,2007,Whole Year,Sugarcane,12341,850000,68.87610404
Haryana,ROHTAK,2008,Kharif,Arhar/Tur,10748,11800,1.097878675
Haryana,ROHTAK,2008,Kharif,Bajra,20723,37000,1.785455774
Haryana,ROHTAK,2008,Kharif,Cotton(lint),6527,16000,2.451355906
Haryana,ROHTAK,2008,Kharif,Jowar,20884,10000,0.478835472
Haryana,ROHTAK,2008,Kharif,Maize,65,200,3.076923077
Haryana,ROHTAK,2008,Kharif,Rice,38439,48000,1.248731757
Haryana,ROHTAK,2008,Kharif,Sesamum,64,,
Haryana,ROHTAK,2008,Kharif,Urad,53,,
Haryana,ROHTAK,2008,Rabi,Barley,1317,2000,1.518602885
Haryana,ROHTAK,2008,Rabi,Gram,895,1000,1.117318436
Haryana,ROHTAK,2008,Rabi,Rapeseed &Mustard,13649,21000,1.538574255
Haryana,ROHTAK,2008,Rabi,Wheat,103232,448000,4.339739616
Haryana,ROHTAK,2008,Whole Year,Coriander,6,,
Haryana,ROHTAK,2008,Whole Year,Sannhamp,62,100,1.612903226
Haryana,ROHTAK,2008,Whole Year,Sugarcane,7145,384000,53.74387684
Haryana,ROHTAK,2009,Kharif,Arhar/Tur,5945,6800,1.143818335
Haryana,ROHTAK,2009,Kharif,Bajra,20053,31000,1.545903356
Haryana,ROHTAK,2009,Kharif,Cotton(lint),7836,17000,2.169474222
Haryana,ROHTAK,2009,Kharif,Jowar,21024,100,0.004756469
Haryana,ROHTAK,2009,Kharif,Maize,980,2000,2.040816327
Haryana,ROHTAK,2009,Kharif,Moong(Green Gram),8,,
Haryana,ROHTAK,2009,Kharif,Rice,35056,50000,1.426289366
Haryana,ROHTAK,2009,Kharif,Sesamum,57,,
Haryana,ROHTAK,2009,Rabi,Barley,1429,3000,2.099370189
Haryana,ROHTAK,2009,Rabi,Gram,934,1000,1.070663812
Haryana,ROHTAK,2009,Rabi,Peas & beans (Pulses),15,,
Haryana,ROHTAK,2009,Rabi,Wheat,103726,422000,4.068411006
Haryana,ROHTAK,2009,Whole Year,Coriander,2,,
Haryana,ROHTAK,2009,Whole Year,Onion,13,200,15.38461538
Haryana,ROHTAK,2009,Whole Year,Sugarcane,4291,238000,55.46492659
Haryana,ROHTAK,2010,Kharif,Arhar/Tur,6953,8000,1.150582482
Haryana,ROHTAK,2010,Kharif,Bajra,22753,32000,1.406407946
Haryana,ROHTAK,2010,Kharif,Cotton(lint),7197,13000,1.806308184
Haryana,ROHTAK,2010,Kharif,Jowar,19997,10000,0.500075011
Haryana,ROHTAK,2010,Kharif,Maize,700,2000,2.857142857
Haryana,ROHTAK,2010,Kharif,Moong(Green Gram),106,,
Haryana,ROHTAK,2010,Kharif,Rice,39340,59000,1.499745806
Haryana,ROHTAK,2010,Kharif,Sesamum,90,,
Haryana,ROHTAK,2010,Kharif,Urad,2,,
Haryana,ROHTAK,2010,Rabi,Barley,1497,3000,2.004008016
Haryana,ROHTAK,2010,Rabi,Gram,1036,1000,0.965250965
Haryana,ROHTAK,2010,Rabi,Peas & beans (Pulses),8,,
Haryana,ROHTAK,2010,Rabi,Rapeseed &Mustard,13706,22000,1.605136437
Haryana,ROHTAK,2010,Rabi,Wheat,101635,464000,4.565356422
Haryana,ROHTAK,2010,Whole Year,Coriander,1,,
Haryana,ROHTAK,2010,Whole Year,Sannhamp,27,,
Haryana,ROHTAK,2010,Whole Year,Sugarcane,5961,40000,6.710283509
Haryana,ROHTAK,2011,Kharif,Arhar/Tur,4670,5400,1.156316916
Haryana,ROHTAK,2011,Kharif,Bajra,20281,39000,1.922982101
Haryana,ROHTAK,2011,Kharif,Cotton(lint),9869,37000,3.749113385
Haryana,ROHTAK,2011,Kharif,Jowar,19549,10000,0.511535117
Haryana,ROHTAK,2011,Kharif,Jute,652,,
Haryana,ROHTAK,2011,Kharif,Maize,688,3000,4.360465116
Haryana,ROHTAK,2011,Kharif,Moong(Green Gram),52,,
Haryana,ROHTAK,2011,Kharif,Rice,39260,84000,2.139582272
Haryana,ROHTAK,2011,Kharif,Sannhamp,30,,
Haryana,ROHTAK,2011,Kharif,Sesamum,71,,
Haryana,ROHTAK,2011,Kharif,Urad,3,,
Haryana,ROHTAK,2011,Rabi,Barley,1586,6000,3.783102144
Haryana,ROHTAK,2011,Rabi,Gram,863,1000,1.158748552
Haryana,ROHTAK,2011,Rabi,Rapeseed &Mustard,13055,20000,1.531980084
Haryana,ROHTAK,2011,Rabi,Wheat,102483,512000,4.995950548
Haryana,ROHTAK,2011,Whole Year,Coriander,1,,
Haryana,ROHTAK,2011,Whole Year,Sugarcane,7973,56000,7.023705004
Haryana,ROHTAK,2012,Kharif,Arhar/Tur,3252,3361,1.033517835
Haryana,ROHTAK,2012,Kharif,Bajra,16545,29000,1.752795406
Haryana,ROHTAK,2012,Kharif,Cotton(lint),10757,35000,3.253695268
Haryana,ROHTAK,2012,Kharif,Jowar,17781,8500,0.478038356
Haryana,ROHTAK,2012,Kharif,Maize,839,3000,3.57568534
Haryana,ROHTAK,2012,Kharif,Moong(Green Gram),40,17,0.425
Haryana,ROHTAK,2012,Kharif,Rice,36432,55000,1.509661836
Haryana,ROHTAK,2012,Kharif,Sannhamp,38,13,0.342105263
Haryana,ROHTAK,2012,Kharif,Sesamum,37,11,0.297297297
Haryana,ROHTAK,2012,Rabi,Barley,3435,11000,3.202328967
Haryana,ROHTAK,2012,Rabi,Gram,575,1000,1.739130435
Haryana,ROHTAK,2012,Rabi,Rapeseed &Mustard,13631,20000,1.467243783
Haryana,ROHTAK,2012,Rabi,Wheat,104032,389000,3.739234082
Haryana,ROHTAK,2012,Whole Year,Guar seed,2700,1620,0.6
Haryana,ROHTAK,2012,Whole Year,Potato,96,2200,22.91666667
Haryana,ROHTAK,2012,Whole Year,Sugarcane,8974,539000,60.0624025
Haryana,SIRSA,1997,Kharif,Bajra,4000,4000,1
Haryana,SIRSA,1997,Kharif,Other Kharif pulses,2500,1200,0.48
Haryana,SIRSA,1997,Kharif,Rice,32000,107000,3.34375
Haryana,SIRSA,1997,Rabi,Barley,10000,35000,3.5
Haryana,SIRSA,1997,Rabi,Gram,42000,37000,0.880952381
Haryana,SIRSA,1997,Rabi,Wheat,215000,842000,3.91627907
Haryana,SIRSA,1997,Whole Year,Cotton(lint),225000,394000,1.751111111
Haryana,SIRSA,1998,Kharif,Arhar/Tur,32,,
Haryana,SIRSA,1998,Kharif,Bajra,4807,6000,1.248179738
Haryana,SIRSA,1998,Kharif,Cotton(lint),211952,309000,1.457877255
Haryana,SIRSA,1998,Kharif,Groundnut,257,200,0.778210117
Haryana,SIRSA,1998,Kharif,Moong(Green Gram),3582,900,0.251256281
Haryana,SIRSA,1998,Kharif,Moth,22,,
Haryana,SIRSA,1998,Kharif,Rice,41353,101000,2.442386284
Haryana,SIRSA,1998,Kharif,Sesamum,517,300,0.580270793
Haryana,SIRSA,1998,Rabi,Barley,8166,23000,2.816556454
Haryana,SIRSA,1998,Rabi,Gram,47271,42000,0.888494003
Haryana,SIRSA,1998,Rabi,Masoor,22,,
Haryana,SIRSA,1998,Rabi,Rapeseed &Mustard,53345,55000,1.031024463
Haryana,SIRSA,1998,Rabi,Sunflower,9,,
Haryana,SIRSA,1998,Rabi,Wheat,230588,981000,4.254341076
Haryana,SIRSA,1998,Whole Year,Dry chillies,74,100,1.351351351
Haryana,SIRSA,1998,Whole Year,Onion,2,,
Haryana,SIRSA,1998,Whole Year,Potato,8,100,12.5
Haryana,SIRSA,1998,Whole Year,Sannhamp,7,,
Haryana,SIRSA,1998,Whole Year,Sugarcane,282,,
Haryana,SIRSA,1999,Kharif,Arhar/Tur,16,0,0
Haryana,SIRSA,1999,Kharif,Bajra,2871,4000,1.393242773
Haryana,SIRSA,1999,Kharif,Cotton(lint),204127,472000,2.312285979
Haryana,SIRSA,1999,Kharif,Groundnut,208,200,0.961538462
Haryana,SIRSA,1999,Kharif,Maize,1,0,0
Haryana,SIRSA,1999,Kharif,Moong(Green Gram),2250,400,0.177777778
Haryana,SIRSA,1999,Kharif,Moth,54,0,0
Haryana,SIRSA,1999,Kharif,Rice,44663,135000,3.022636187
Haryana,SIRSA,1999,Kharif,Sesamum,1248,0,0
Haryana,SIRSA,1999,Rabi,Barley,6583,25000,3.797660641
Haryana,SIRSA,1999,Rabi,Gram,12770,8000,0.626468285
Haryana,SIRSA,1999,Rabi,Masoor,41,,
Haryana,SIRSA,1999,Rabi,Rapeseed &Mustard,41075,45000,1.095556908
Haryana,SIRSA,1999,Rabi,Wheat,235592,1011000,4.291317192
Haryana,SIRSA,1999,Whole Year,Dry chillies,101,100,0.99009901
Haryana,SIRSA,1999,Whole Year,Onion,4,100,25
Haryana,SIRSA,1999,Whole Year,Potato,33,500,15.15151515
Haryana,SIRSA,1999,Whole Year,Sugarcane,360,0,0
Haryana,SIRSA,2000,Kharif,Bajra,2947,3000,1.017984391
Haryana,SIRSA,2000,Kharif,Cotton(lint),199970,164700,0.823623544
Haryana,SIRSA,2000,Kharif,Groundnut,128,100,0.78125
Haryana,SIRSA,2000,Kharif,Maize,3,0,0
Haryana,SIRSA,2000,Kharif,Moong(Green Gram),1389,300,0.215982721
Haryana,SIRSA,2000,Kharif,Moth,59,0,0
Haryana,SIRSA,2000,Kharif,Rice,39847,111000,2.785655131
Haryana,SIRSA,2000,Kharif,Sesamum,609,500,0.821018062
Haryana,SIRSA,2000,Rabi,Barley,8953,18000,2.010499274
Haryana,SIRSA,2000,Rabi,Gram,7316,6000,0.820120284
Haryana,SIRSA,2000,Rabi,Masoor,33,0,0
Haryana,SIRSA,2000,Rabi,Rapeseed &Mustard,36675,50000,1.363326517
Haryana,SIRSA,2000,Rabi,Wheat,244268,1015000,4.155272078
Haryana,SIRSA,2000,Whole Year,Dry chillies,50,100,2
Haryana,SIRSA,2000,Whole Year,Garlic,27,300,11.11111111
Haryana,SIRSA,2000,Whole Year,Onion,17,300,17.64705882
Haryana,SIRSA,2000,Whole Year,Potato,24,400,16.66666667
Haryana,SIRSA,2000,Whole Year,Sannhamp,2,0,0
Haryana,SIRSA,2000,Whole Year,Sugarcane,705,60000,85.10638298
Haryana,SIRSA,2001,Kharif,Arhar/Tur,90,100,1.111111111
Haryana,SIRSA,2001,Kharif,Bajra,3393,5000,1.473622163
Haryana,SIRSA,2001,Kharif,Cotton(lint),215369,232000,1.077220956
Haryana,SIRSA,2001,Kharif,Groundnut,113,100,0.884955752
Haryana,SIRSA,2001,Kharif,Maize,1,0,0
Haryana,SIRSA,2001,Kharif,Moong(Green Gram),2000,500,0.25
Haryana,SIRSA,2001,Kharif,Moth,967,100,0.103412616
Haryana,SIRSA,2001,Kharif,Rice,37202,118000,3.17187248
Haryana,SIRSA,2001,Kharif,Sesamum,781,400,0.512163892
Haryana,SIRSA,2001,Rabi,Barley,5532,16000,2.892263196
Haryana,SIRSA,2001,Rabi,Gram,15877,14000,0.881778674
Haryana,SIRSA,2001,Rabi,Masoor,25,0,0
Haryana,SIRSA,2001,Rabi,Rapeseed &Mustard,50829,77000,1.514883236
Haryana,SIRSA,2001,Rabi,Wheat,241659,1005000,4.158752622
Haryana,SIRSA,2001,Whole Year,Dry chillies,24,0,0
Haryana,SIRSA,2001,Whole Year,Garlic,9,100,11.11111111
Haryana,SIRSA,2001,Whole Year,Onion,1,0,0
Haryana,SIRSA,2001,Whole Year,Potato,20,300,15
Haryana,SIRSA,2001,Whole Year,Sugarcane,1595,110000,68.96551724
Haryana,SIRSA,2002,Kharif,Arhar/Tur,59,,
Haryana,SIRSA,2002,Kharif,Bajra,5850,5000,0.854700855
Haryana,SIRSA,2002,Kharif,Cotton(lint),166003,368000,2.216827407
Haryana,SIRSA,2002,Kharif,Groundnut,1378,1100,0.798258345
Haryana,SIRSA,2002,Kharif,Moong(Green Gram),1838,500,0.27203482
Haryana,SIRSA,2002,Kharif,Moth,3555,600,0.168776371
Haryana,SIRSA,2002,Kharif,Rice,45158,145000,3.210948226
Haryana,SIRSA,2002,Kharif,Sesamum,3255,2100,0.64516129
Haryana,SIRSA,2002,Kharif,Urad,1,0,0
Haryana,SIRSA,2002,Rabi,Barley,5717,15000,2.623753717
Haryana,SIRSA,2002,Rabi,Gram,6692,6000,0.896592947
Haryana,SIRSA,2002,Rabi,Masoor,47,100,2.127659574
Haryana,SIRSA,2002,Rabi,Rapeseed &Mustard,98089,98000,0.999092661
Haryana,SIRSA,2002,Rabi,Wheat,228729,920000,4.022227177
Haryana,SIRSA,2002,Whole Year,Onion,2,0,0
Haryana,SIRSA,2002,Whole Year,Other Fresh Fruits,2362,22400,9.483488569
Haryana,SIRSA,2002,Whole Year,Other Vegetables,1954,13500,6.908904811
Haryana,SIRSA,2002,Whole Year,Sugarcane,6146,340000,55.32053368
Haryana,SIRSA,2003,Kharif,Arhar/Tur,122,100,0.819672131
Haryana,SIRSA,2003,Kharif,Bajra,8177,15000,1.834413599
Haryana,SIRSA,2003,Kharif,Cotton(lint),163128,488000,2.991515865
Haryana,SIRSA,2003,Kharif,Groundnut,599,500,0.834724541
Haryana,SIRSA,2003,Kharif,Maize,2,0,0
Haryana,SIRSA,2003,Kharif,Moong(Green Gram),2844,800,0.281293952
Haryana,SIRSA,2003,Kharif,Moth,4932,500,0.101378751
Haryana,SIRSA,2003,Kharif,Rice,47696,156000,3.270714525
Haryana,SIRSA,2003,Kharif,Sesamum,704,400,0.568181818
Haryana,SIRSA,2003,Rabi,Barley,4940,13000,2.631578947
Haryana,SIRSA,2003,Rabi,Gram,18409,14000,0.760497583
Haryana,SIRSA,2003,Rabi,Masoor,9,0,0
Haryana,SIRSA,2003,Rabi,Rapeseed &Mustard,67318,102000,1.51519653
Haryana,SIRSA,2003,Rabi,Wheat,243982,1005000,4.119156331
Haryana,SIRSA,2003,Whole Year,Dry chillies,12,0,0
Haryana,SIRSA,2003,Whole Year,Onion,4,100,25
Haryana,SIRSA,2003,Whole Year,Other Fresh Fruits,2725,11400,4.183486239
Haryana,SIRSA,2003,Whole Year,Other Vegetables,1614,11100,6.87732342
Haryana,SIRSA,2003,Whole Year,Potato,45,1200,26.66666667
Haryana,SIRSA,2003,Whole Year,Sannhamp,3,0,0
Haryana,SIRSA,2003,Whole Year,Sugarcane,1348,60000,44.51038576
Haryana,SIRSA,2004,Kharif,Arhar/Tur,76,100,1.315789474
Haryana,SIRSA,2004,Kharif,Bajra,5785,8000,1.382886776
Haryana,SIRSA,2004,Kharif,Cotton(lint),198560,763000,3.842667204
Haryana,SIRSA,2004,Kharif,Groundnut,457,400,0.875273523
Haryana,SIRSA,2004,Kharif,Maize,1,,
Haryana,SIRSA,2004,Kharif,Moong(Green Gram),1448,600,0.414364641
Haryana,SIRSA,2004,Kharif,Moth,2443,400,0.163733115
Haryana,SIRSA,2004,Kharif,Rice,45729,157000,3.433269916
Haryana,SIRSA,2004,Kharif,Sesamum,858,400,0.466200466
Haryana,SIRSA,2004,Rabi,Barley,3893,12000,3.08245569
Haryana,SIRSA,2004,Rabi,Gram,9761,10000,1.024485196
Haryana,SIRSA,2004,Rabi,Masoor,11,,
Haryana,SIRSA,2004,Rabi,Rapeseed &Mustard,80652,93000,1.153102217
Haryana,SIRSA,2004,Rabi,Wheat,247920,970000,3.912552436
Haryana,SIRSA,2004,Whole Year,Dry chillies,16,100,6.25
Haryana,SIRSA,2004,Whole Year,Onion,10,200,20
Haryana,SIRSA,2004,Whole Year,Sugarcane,216,,
Haryana,SIRSA,2005,Kharif,Arhar/Tur,14,,
Haryana,SIRSA,2005,Kharif,Bajra,4866,8000,1.64406083
Haryana,SIRSA,2005,Kharif,Cotton(lint),193063,581000,3.009380358
Haryana,SIRSA,2005,Kharif,Groundnut,510,400,0.784313725
Haryana,SIRSA,2005,Kharif,Jowar,26,,
Haryana,SIRSA,2005,Kharif,Maize,7,,
Haryana,SIRSA,2005,Kharif,Moong(Green Gram),1590,700,0.440251572
Haryana,SIRSA,2005,Kharif,Moth,1347,300,0.222717149
Haryana,SIRSA,2005,Kharif,Rice,46036,166000,3.605873664
Haryana,SIRSA,2005,Kharif,Sesamum,1048,500,0.477099237
Haryana,SIRSA,2005,Rabi,Barley,5464,13000,2.37920937
Haryana,SIRSA,2005,Rabi,Gram,9406,5000,0.53157559
Haryana,SIRSA,2005,Rabi,Masoor,10,,
Haryana,SIRSA,2005,Rabi,Rapeseed &Mustard,74343,90400,1.215985365
Haryana,SIRSA,2005,Rabi,Wheat,250835,861000,3.432535332
Haryana,SIRSA,2005,Whole Year,Dry chillies,21,,
Haryana,SIRSA,2005,Whole Year,Onion,1,,
Haryana,SIRSA,2005,Whole Year,Potato,57,1500,26.31578947
Haryana,SIRSA,2005,Whole Year,Sannhamp,1,,
Haryana,SIRSA,2005,Whole Year,Sugarcane,163,,
Haryana,SIRSA,2006,Kharif,Arhar/Tur,9,,
Haryana,SIRSA,2006,Kharif,Bajra,4826,9000,1.864898467
Haryana,SIRSA,2006,Kharif,Castor seed,4099,1800,0.439131495
Haryana,SIRSA,2006,Kharif,Cotton(lint),190436,745000,3.912075448
Haryana,SIRSA,2006,Kharif,Groundnut,183,200,1.092896175
Haryana,SIRSA,2006,Kharif,Jowar,45,,
Haryana,SIRSA,2006,Kharif,Maize,4,,
Haryana,SIRSA,2006,Kharif,Moong(Green Gram),2084,1000,0.479846449
Haryana,SIRSA,2006,Kharif,Moth,1097,200,0.182315406
Haryana,SIRSA,2006,Kharif,Rice,46453,175000,3.767248617
Haryana,SIRSA,2006,Kharif,Sesamum,623,300,0.481540931
Haryana,SIRSA,2006,Rabi,Barley,8167,23000,2.816211583
Haryana,SIRSA,2006,Rabi,Gram,9232,8000,0.866551127
Haryana,SIRSA,2006,Rabi,Masoor,8,,
Haryana,SIRSA,2006,Rabi,Peas & beans (Pulses),50,,
Haryana,SIRSA,2006,Rabi,Rapeseed &Mustard,66927,88000,1.31486545
Haryana,SIRSA,2006,Rabi,Wheat,258264,1183000,4.580584208
Haryana,SIRSA,2006,Whole Year,Dry chillies,13,,
Haryana,SIRSA,2006,Whole Year,Garlic,86,1100,12.79069767
Haryana,SIRSA,2006,Whole Year,Onion,3,100,33.33333333
Haryana,SIRSA,2006,Whole Year,Potato,80,2100,26.25
Haryana,SIRSA,2006,Whole Year,Sannhamp,2,,
Haryana,SIRSA,2006,Whole Year,Sugarcane,132,,
Haryana,SIRSA,2007,Kharif,Arhar/Tur,3,,
Haryana,SIRSA,2007,Kharif,Bajra,5721,12000,2.097535396
Haryana,SIRSA,2007,Kharif,Castor seed,1452,1400,0.964187328
Haryana,SIRSA,2007,Kharif,Cotton(lint),181552,734000,4.042918833
Haryana,SIRSA,2007,Kharif,Groundnut,107,100,0.934579439
Haryana,SIRSA,2007,Kharif,Jowar,43,,
Haryana,SIRSA,2007,Kharif,Maize,1,,
Haryana,SIRSA,2007,Kharif,Moong(Green Gram),2276,1100,0.483304042
Haryana,SIRSA,2007,Kharif,Moth,1022,200,0.195694716
Haryana,SIRSA,2007,Kharif,Rice,48268,189000,3.91563769
Haryana,SIRSA,2007,Kharif,Sesamum,373,200,0.536193029
Haryana,SIRSA,2007,Rabi,Barley,9390,34000,3.620873269
Haryana,SIRSA,2007,Rabi,Gram,9115,6000,0.658255623
Haryana,SIRSA,2007,Rabi,Masoor,24,,
Haryana,SIRSA,2007,Rabi,Peas & beans (Pulses),34,,
Haryana,SIRSA,2007,Rabi,Rapeseed &Mustard,41645,53000,1.272661784
Haryana,SIRSA,2007,Rabi,Wheat,280596,1196000,4.262355843
Haryana,SIRSA,2007,Whole Year,Dry chillies,24,200,8.333333333
Haryana,SIRSA,2007,Whole Year,Garlic,9,,
Haryana,SIRSA,2007,Whole Year,Onion,6,100,16.66666667
Haryana,SIRSA,2007,Whole Year,Potato,93,1000,10.75268817
Haryana,SIRSA,2007,Whole Year,Sannhamp,1,,
Haryana,SIRSA,2007,Whole Year,Sugarcane,111,,
Haryana,SIRSA,2008,Kharif,Arhar/Tur,6,,
Haryana,SIRSA,2008,Kharif,Bajra,4889,10000,2.045408059
Haryana,SIRSA,2008,Kharif,Castor seed,1248,1500,1.201923077
Haryana,SIRSA,2008,Kharif,Cotton(lint),172300,754000,4.376088218
Haryana,SIRSA,2008,Kharif,Groundnut,251,200,0.796812749
Haryana,SIRSA,2008,Kharif,Jowar,51,,
Haryana,SIRSA,2008,Kharif,Maize,6,,
Haryana,SIRSA,2008,Kharif,Moong(Green Gram),1480,700,0.472972973
Haryana,SIRSA,2008,Kharif,Moth,872,200,0.229357798
Haryana,SIRSA,2008,Kharif,Rice,57477,196000,3.410059676
Haryana,SIRSA,2008,Kharif,Sesamum,354,200,0.564971751
Haryana,SIRSA,2008,Rabi,Barley,11755,46000,3.913228413
Haryana,SIRSA,2008,Rabi,Gram,8726,9000,1.031400413
Haryana,SIRSA,2008,Rabi,Masoor,22,,
Haryana,SIRSA,2008,Rabi,Rapeseed &Mustard,41854,70200,1.677259043
Haryana,SIRSA,2008,Rabi,Wheat,279121,1394000,4.994249806
Haryana,SIRSA,2008,Whole Year,Coriander,3,,
Haryana,SIRSA,2008,Whole Year,Dry chillies,32,300,9.375
Haryana,SIRSA,2008,Whole Year,Garlic,15,100,6.666666667
Haryana,SIRSA,2008,Whole Year,Onion,1,,
Haryana,SIRSA,2008,Whole Year,Potato,27,500,18.51851852
Haryana,SIRSA,2008,Whole Year,Sannhamp,1,,
Haryana,SIRSA,2008,Whole Year,Sugarcane,41,,
Haryana,SIRSA,2009,Kharif,Arhar/Tur,36,,
Haryana,SIRSA,2009,Kharif,Bajra,2950,6000,2.033898305
Haryana,SIRSA,2009,Kharif,Castor seed,823,900,1.093560146
Haryana,SIRSA,2009,Kharif,Cotton(lint),193075,801000,4.148646899
Haryana,SIRSA,2009,Kharif,Groundnut,458,400,0.873362445
Haryana,SIRSA,2009,Kharif,Maize,3,,
Haryana,SIRSA,2009,Kharif,Moong(Green Gram),906,500,0.55187638
Haryana,SIRSA,2009,Kharif,Moth,247,,
Haryana,SIRSA,2009,Kharif,Rice,61374,204000,3.323883078
Haryana,SIRSA,2009,Kharif,Sesamum,298,200,0.67114094
Haryana,SIRSA,2009,Rabi,Barley,9235,30000,3.248511099
Haryana,SIRSA,2009,Rabi,Gram,7950,7000,0.880503145
Haryana,SIRSA,2009,Rabi,Masoor,27,,
Haryana,SIRSA,2009,Rabi,Peas & beans (Pulses),6,,
Haryana,SIRSA,2009,Rabi,Wheat,279213,1122000,4.018437537
Haryana,SIRSA,2009,Whole Year,Coriander,6,,
Haryana,SIRSA,2009,Whole Year,Dry chillies,31,,
Haryana,SIRSA,2009,Whole Year,Garlic,136,800,5.882352941
Haryana,SIRSA,2009,Whole Year,Onion,2,,
Haryana,SIRSA,2009,Whole Year,Potato,53,800,15.09433962
Haryana,SIRSA,2009,Whole Year,Sugarcane,38,,
Haryana,SIRSA,2010,Kharif,Arhar/Tur,46,100,2.173913043
Haryana,SIRSA,2010,Kharif,Bajra,5513,19000,3.44639942
Haryana,SIRSA,2010,Kharif,Castor seed,1206,600,0.497512438
Haryana,SIRSA,2010,Kharif,Cotton(lint),189006,706000,3.735331154
Haryana,SIRSA,2010,Kharif,Groundnut,773,900,1.164294955
Haryana,SIRSA,2010,Kharif,Moong(Green Gram),2585,1400,0.541586074
Haryana,SIRSA,2010,Kharif,Moth,1189,300,0.252312868
Haryana,SIRSA,2010,Kharif,Rice,61372,195000,3.177344717
Haryana,SIRSA,2010,Kharif,Sesamum,244,100,0.409836066
Haryana,SIRSA,2010,Rabi,Barley,7486,27000,3.606732567
Haryana,SIRSA,2010,Rabi,Gram,9734,11000,1.130059585
Haryana,SIRSA,2010,Rabi,Masoor,10,,
Haryana,SIRSA,2010,Rabi,Peas & beans (Pulses),12,,
Haryana,SIRSA,2010,Rabi,Rapeseed &Mustard,42510,83000,1.952481769
Haryana,SIRSA,2010,Rabi,Wheat,289967,1488000,5.131618426
Haryana,SIRSA,2010,Whole Year,Dry chillies,39,300,7.692307692
Haryana,SIRSA,2010,Whole Year,Garlic,80,100,1.25
Haryana,SIRSA,2010,Whole Year,Potato,60,1100,18.33333333
Haryana,SIRSA,2010,Whole Year,Sannhamp,1,,
Haryana,SIRSA,2010,Whole Year,Sugarcane,68,,
Haryana,SIRSA,2011,Kharif,Arhar/Tur,6,,
Haryana,SIRSA,2011,Kharif,Bajra,3901,9000,2.307100743
Haryana,SIRSA,2011,Kharif,Castor seed,2074,900,0.433944069
Haryana,SIRSA,2011,Kharif,Cotton(lint),211317,956000,4.524008953
Haryana,SIRSA,2011,Kharif,Groundnut,1266,1300,1.02685624
Haryana,SIRSA,2011,Kharif,Jowar,208,,
Haryana,SIRSA,2011,Kharif,Maize,1,,
Haryana,SIRSA,2011,Kharif,Moong(Green Gram),1310,700,0.534351145
Haryana,SIRSA,2011,Kharif,Moth,737,200,0.271370421
Haryana,SIRSA,2011,Kharif,Rice,63082,20300,0.321803367
Haryana,SIRSA,2011,Kharif,Sannhamp,1,,
Haryana,SIRSA,2011,Kharif,Sesamum,130,100,0.769230769
Haryana,SIRSA,2011,Kharif,Urad,16,,
Haryana,SIRSA,2011,Rabi,Barley,7274,27000,3.711850426
Haryana,SIRSA,2011,Rabi,Gram,7450,8000,1.073825503
Haryana,SIRSA,2011,Rabi,Masoor,12,,
Haryana,SIRSA,2011,Rabi,Rapeseed &Mustard,34864,59000,1.692290041
Haryana,SIRSA,2011,Rabi,Wheat,299053,1602000,5.356909979
Haryana,SIRSA,2011,Whole Year,Garlic,219,200,0.913242009
Haryana,SIRSA,2011,Whole Year,Onion,4,100,25
Haryana,SIRSA,2011,Whole Year,Potato,130,3600,27.69230769
Haryana,SIRSA,2011,Whole Year,Sugarcane,95,,
Haryana,SIRSA,2011,Whole Year,Turmeric,9,,
Haryana,SIRSA,2012,Kharif,Arhar/Tur,3,3,1
Haryana,SIRSA,2012,Kharif,Bajra,1670,3000,1.796407186
Haryana,SIRSA,2012,Kharif,Castor seed,924,463,0.501082251
Haryana,SIRSA,2012,Kharif,Cotton(lint),198745,899000,4.523384236
Haryana,SIRSA,2012,Kharif,Groundnut,1268,1500,1.1829653
Haryana,SIRSA,2012,Kharif,Maize,1,,
Haryana,SIRSA,2012,Kharif,Moong(Green Gram),654,361,0.551987768
Haryana,SIRSA,2012,Kharif,Moth,154,63,0.409090909
Haryana,SIRSA,2012,Kharif,Rice,65218,230000,3.526633751
Haryana,SIRSA,2012,Kharif,Sesamum,90,49,0.544444444
Haryana,SIRSA,2012,Rabi,Barley,7827,31000,3.960649035
Haryana,SIRSA,2012,Rabi,Gram,5333,6000,1.125070317
Haryana,SIRSA,2012,Rabi,Masoor,14,13,0.928571429
Haryana,SIRSA,2012,Rabi,Rapeseed &Mustard,43319,71000,1.63900367
Haryana,SIRSA,2012,Rabi,Wheat,293495,1423000,4.848464199
Haryana,SIRSA,2012,Whole Year,Dry chillies,4,,
Haryana,SIRSA,2012,Whole Year,Garlic,101,1000,9.900990099
Haryana,SIRSA,2012,Whole Year,Guar seed,78342,54839,0.699994894
Haryana,SIRSA,2012,Whole Year,Potato,76,1700,22.36842105
Haryana,SIRSA,2012,Whole Year,Sugarcane,117,,
Haryana,SIRSA,2012,Whole Year,Turmeric,2,1,0.5
Haryana,SONIPAT,1997,Kharif,Bajra,9000,13000,1.444444444
Haryana,SONIPAT,1997,Kharif,Jowar,15000,4000,0.266666667
Haryana,SONIPAT,1997,Kharif,Other Kharif pulses,18000,30000,1.666666667
Haryana,SONIPAT,1997,Kharif,Rice,62000,130000,2.096774194
Haryana,SONIPAT,1997,Rabi,Barley,1000,3000,3
Haryana,SONIPAT,1997,Rabi,Wheat,123000,407000,3.308943089
Haryana,SONIPAT,1997,Whole Year,Cotton(lint),2000,3000,1.5
Haryana,SONIPAT,1997,Whole Year,Sugarcane,11000,580000,52.72727273
Haryana,SONIPAT,1998,Kharif,Arhar/Tur,2522,4100,1.625693894
Haryana,SONIPAT,1998,Kharif,Bajra,5619,7000,1.245773269
Haryana,SONIPAT,1998,Kharif,Cotton(lint),1056,1000,0.946969697
Haryana,SONIPAT,1998,Kharif,Jowar,13267,3000,0.226124972
Haryana,SONIPAT,1998,Kharif,Maize,188,,
Haryana,SONIPAT,1998,Kharif,Rice,79400,133000,1.675062972
Haryana,SONIPAT,1998,Kharif,Sesamum,4,,
Haryana,SONIPAT,1998,Rabi,Barley,444,,
Haryana,SONIPAT,1998,Rabi,Gram,230,,
Haryana,SONIPAT,1998,Rabi,Masoor,8,,
Haryana,SONIPAT,1998,Rabi,Peas & beans (Pulses),138,200,1.449275362
Haryana,SONIPAT,1998,Rabi,Rapeseed &Mustard,5778,7000,1.211491866
Haryana,SONIPAT,1998,Rabi,Sunflower,6,,
Haryana,SONIPAT,1998,Rabi,Wheat,133185,491000,3.686601344
Haryana,SONIPAT,1998,Whole Year,Dry chillies,188,100,0.531914894
Haryana,SONIPAT,1998,Whole Year,Onion,79,1200,15.18987342
Haryana,SONIPAT,1998,Whole Year,Potato,441,6600,14.96598639
Haryana,SONIPAT,1998,Whole Year,Sannhamp,36,,
Haryana,SONIPAT,1998,Whole Year,Sugarcane,8853,470000,53.08934824
Haryana,SONIPAT,1999,Kharif,Arhar/Tur,2177,3200,1.469912724
Haryana,SONIPAT,1999,Kharif,Bajra,6756,7000,1.036116045
Haryana,SONIPAT,1999,Kharif,Cotton(lint),699,1000,1.430615165
Haryana,SONIPAT,1999,Kharif,Jowar,9403,2000,0.212698075
Haryana,SONIPAT,1999,Kharif,Maize,171,0,0
Haryana,SONIPAT,1999,Kharif,Rice,77681,139000,1.789369344
Haryana,SONIPAT,1999,Kharif,Sesamum,4,0,0
Haryana,SONIPAT,1999,Rabi,Barley,390,0,0
Haryana,SONIPAT,1999,Rabi,Gram,142,0,0
Haryana,SONIPAT,1999,Rabi,Masoor,16,,
Haryana,SONIPAT,1999,Rabi,Peas & beans (Pulses),118,100,0.847457627
Haryana,SONIPAT,1999,Rabi,Rapeseed &Mustard,3648,3000,0.822368421
Haryana,SONIPAT,1999,Rabi,Sunflower,14,,
Haryana,SONIPAT,1999,Rabi,Wheat,135699,577000,4.252057863
Haryana,SONIPAT,1999,Whole Year,Dry chillies,86,100,1.162790698
Haryana,SONIPAT,1999,Whole Year,Potato,444,7000,15.76576577
Haryana,SONIPAT,1999,Whole Year,Sugarcane,8128,440000,54.13385827
Haryana,SONIPAT,2000,Kharif,Arhar/Tur,1801,2600,1.443642421
Haryana,SONIPAT,2000,Kharif,Bajra,7627,12000,1.573357808
Haryana,SONIPAT,2000,Kharif,Cotton(lint),825,2000,2.424242424
Haryana,SONIPAT,2000,Kharif,Jowar,12290,4600,0.374288039
Haryana,SONIPAT,2000,Kharif,Maize,196,0,0
Haryana,SONIPAT,2000,Kharif,Rice,77247,138000,1.786477145
Haryana,SONIPAT,2000,Kharif,Sesamum,9,0,0
Haryana,SONIPAT,2000,Rabi,Barley,439,0,0
Haryana,SONIPAT,2000,Rabi,Gram,159,0,0
Haryana,SONIPAT,2000,Rabi,Masoor,16,0,0
Haryana,SONIPAT,2000,Rabi,Peas & beans (Pulses),233,300,1.287553648
Haryana,SONIPAT,2000,Rabi,Rapeseed &Mustard,3751,4000,1.066382298
Haryana,SONIPAT,2000,Rabi,Sunflower,25,0,0
Haryana,SONIPAT,2000,Rabi,Wheat,139454,558000,4.001319431
Haryana,SONIPAT,2000,Whole Year,Dry chillies,158,100,0.632911392
Haryana,SONIPAT,2000,Whole Year,Onion,147,2300,15.6462585
Haryana,SONIPAT,2000,Whole Year,Potato,406,6300,15.51724138
Haryana,SONIPAT,2000,Whole Year,Sannhamp,56,0,0
Haryana,SONIPAT,2000,Whole Year,Sugarcane,8448,470000,55.6344697
Haryana,SONIPAT,2000,Whole Year,Sweet potato,53,1200,22.64150943
Haryana,SONIPAT,2001,Kharif,Arhar/Tur,1253,1800,1.436552275
Haryana,SONIPAT,2001,Kharif,Bajra,7672,11000,1.433785193
Haryana,SONIPAT,2001,Kharif,Cotton(lint),818,1000,1.222493888
Haryana,SONIPAT,2001,Kharif,Groundnut,2,0,0
Haryana,SONIPAT,2001,Kharif,Jowar,12109,3000,0.247749608
Haryana,SONIPAT,2001,Kharif,Maize,247,0,0
Haryana,SONIPAT,2001,Kharif,Moong(Green Gram),4,0,0
Haryana,SONIPAT,2001,Kharif,Rice,78764,148000,1.879031029
Haryana,SONIPAT,2001,Kharif,Sesamum,3,0,0
Haryana,SONIPAT,2001,Rabi,Gram,139,0,0
Haryana,SONIPAT,2001,Rabi,Masoor,26,0,0
Haryana,SONIPAT,2001,Rabi,Rapeseed &Mustard,4797,7000,1.459245362
Haryana,SONIPAT,2001,Rabi,Sunflower,25,,
Haryana,SONIPAT,2001,Rabi,Wheat,135857,594000,4.372244345
Haryana,SONIPAT,2001,Whole Year,Dry chillies,96,200,2.083333333
Haryana,SONIPAT,2001,Whole Year,Onion,52,1000,19.23076923
Haryana,SONIPAT,2001,Whole Year,Potato,329,8700,26.443769
Haryana,SONIPAT,2001,Whole Year,Sannhamp,18,0,0
Haryana,SONIPAT,2001,Whole Year,Sugarcane,11641,610000,52.40099648
Haryana,SONIPAT,2001,Whole Year,Sweet potato,18,0,0
Haryana,SONIPAT,2002,Kharif,Arhar/Tur,6174,9300,1.506316812
Haryana,SONIPAT,2002,Kharif,Bajra,2979,5000,1.678415576
Haryana,SONIPAT,2002,Kharif,Cotton(lint),2157,6000,2.781641168
Haryana,SONIPAT,2002,Kharif,Jowar,14147,3000,0.212059094
Haryana,SONIPAT,2002,Kharif,Maize,191,0,0
Haryana,SONIPAT,2002,Kharif,Moong(Green Gram),63,0,0
Haryana,SONIPAT,2002,Kharif,Moth,43,0,0
Haryana,SONIPAT,2002,Kharif,Rice,43976,96000,2.183008914
Haryana,SONIPAT,2002,Kharif,Sesamum,314,100,0.318471338
Haryana,SONIPAT,2002,Kharif,Urad,6,0,0
Haryana,SONIPAT,2002,Rabi,Barley,367,0,0
Haryana,SONIPAT,2002,Rabi,Gram,180,0,0
Haryana,SONIPAT,2002,Rabi,Masoor,32,0,0
Haryana,SONIPAT,2002,Rabi,Peas & beans (Pulses),341,400,1.173020528
Haryana,SONIPAT,2002,Rabi,Rapeseed &Mustard,5267,5000,0.949307006
Haryana,SONIPAT,2002,Rabi,Wheat,131383,569000,4.330849501
Haryana,SONIPAT,2002,Whole Year,Banana,47,0,0
Haryana,SONIPAT,2002,Whole Year,Mango,753,6100,8.100929615
Haryana,SONIPAT,2002,Whole Year,Onion,80,1900,23.75
Haryana,SONIPAT,2002,Whole Year,Other Vegetables,6555,73500,11.21281465
Haryana,SONIPAT,2002,Whole Year,Potato,360,9500,26.38888889
Haryana,SONIPAT,2002,Whole Year,Sannhamp,9,0,0
Haryana,SONIPAT,2002,Whole Year,Sugarcane,18129,850000,46.88620442
Haryana,SONIPAT,2002,Whole Year,Sweet potato,10,200,20
Haryana,SONIPAT,2003,Kharif,Arhar/Tur,6311,7700,1.220091903
Haryana,SONIPAT,2003,Kharif,Bajra,6890,11000,1.596516691
Haryana,SONIPAT,2003,Kharif,Cotton(lint),1952,2000,1.024590164
Haryana,SONIPAT,2003,Kharif,Jowar,13518,4000,0.295901761
Haryana,SONIPAT,2003,Kharif,Maize,462,2000,4.329004329
Haryana,SONIPAT,2003,Kharif,Moong(Green Gram),23,0,0
Haryana,SONIPAT,2003,Kharif,Rice,65954,149000,2.259150317
Haryana,SONIPAT,2003,Kharif,Sesamum,21,0,0
Haryana,SONIPAT,2003,Kharif,Urad,21,0,0
Haryana,SONIPAT,2003,Rabi,Barley,573,0,0
Haryana,SONIPAT,2003,Rabi,Gram,206,0,0
Haryana,SONIPAT,2003,Rabi,Masoor,21,0,0
Haryana,SONIPAT,2003,Rabi,Peas & beans (Pulses),359,500,1.39275766
Haryana,SONIPAT,2003,Rabi,Rapeseed &Mustard,5453,7000,1.283697047
Haryana,SONIPAT,2003,Rabi,Sunflower,9,0,0
Haryana,SONIPAT,2003,Rabi,Wheat,132721,504000,3.797439742
Haryana,SONIPAT,2003,Whole Year,Banana,43,0,0
Haryana,SONIPAT,2003,Whole Year,Dry chillies,19,100,5.263157895
Haryana,SONIPAT,2003,Whole Year,Mango,400,11,0.0275
Haryana,SONIPAT,2003,Whole Year,Onion,59,1400,23.72881356
Haryana,SONIPAT,2003,Whole Year,Other Fresh Fruits,621,8600,13.84863124
Haryana,SONIPAT,2003,Whole Year,Other Vegetables,2505,28000,11.17764471
Haryana,SONIPAT,2003,Whole Year,Potato,386,10200,26.42487047
Haryana,SONIPAT,2003,Whole Year,Sannhamp,14,0,0
Haryana,SONIPAT,2003,Whole Year,Sugarcane,15588,830000,53.24608673
Haryana,SONIPAT,2003,Whole Year,Sweet potato,21,500,23.80952381
Haryana,SONIPAT,2004,Kharif,Arhar/Tur,6311,7300,1.156710505
Haryana,SONIPAT,2004,Kharif,Bajra,6890,11000,1.596516691
Haryana,SONIPAT,2004,Kharif,Cotton(lint),1952,7000,3.586065574
Haryana,SONIPAT,2004,Kharif,Jowar,13518,4000,0.295901761
Haryana,SONIPAT,2004,Kharif,Maize,462,2000,4.329004329
Haryana,SONIPAT,2004,Kharif,Moong(Green Gram),23,,
Haryana,SONIPAT,2004,Kharif,Rice,65954,124000,1.88009825
Haryana,SONIPAT,2004,Kharif,Sesamum,21,,
Haryana,SONIPAT,2004,Kharif,Urad,21,,
Haryana,SONIPAT,2004,Rabi,Barley,573,3000,5.235602094
Haryana,SONIPAT,2004,Rabi,Gram,206,,
Haryana,SONIPAT,2004,Rabi,Masoor,21,,
Haryana,SONIPAT,2004,Rabi,Peas & beans (Pulses),359,500,1.39275766
Haryana,SONIPAT,2004,Rabi,Rapeseed &Mustard,5453,6000,1.100311755
Haryana,SONIPAT,2004,Rabi,Sunflower,9,100,11.11111111
Haryana,SONIPAT,2004,Rabi,Wheat,132721,529000,3.985804809
Haryana,SONIPAT,2004,Whole Year,Dry chillies,19,200,10.52631579
Haryana,SONIPAT,2004,Whole Year,Onion,59,1400,23.72881356
Haryana,SONIPAT,2004,Whole Year,Potato,387,10200,26.35658915
Haryana,SONIPAT,2004,Whole Year,Sannhamp,14,,
Haryana,SONIPAT,2004,Whole Year,Sugarcane,15588,930000,59.66127791
Haryana,SONIPAT,2004,Whole Year,Sweet potato,21,400,19.04761905
Haryana,SONIPAT,2005,Kharif,Arhar/Tur,6929,8000,1.154567759
Haryana,SONIPAT,2005,Kharif,Bajra,6989,11000,1.573901846
Haryana,SONIPAT,2005,Kharif,Cotton(lint),2170,4000,1.843317972
Haryana,SONIPAT,2005,Kharif,Jowar,13238,4000,0.302160447
Haryana,SONIPAT,2005,Kharif,Maize,617,2000,3.241491086
Haryana,SONIPAT,2005,Kharif,Moong(Green Gram),172,,
Haryana,SONIPAT,2005,Kharif,Rice,71450,167000,2.33729881
Haryana,SONIPAT,2005,Kharif,Sesamum,125,100,0.8
Haryana,SONIPAT,2005,Kharif,Urad,153,100,0.653594771
Haryana,SONIPAT,2005,Rabi,Barley,674,3000,4.451038576
Haryana,SONIPAT,2005,Rabi,Gram,172,,
Haryana,SONIPAT,2005,Rabi,Masoor,21,,
Haryana,SONIPAT,2005,Rabi,Peas & beans (Pulses),266,400,1.503759398
Haryana,SONIPAT,2005,Rabi,Rapeseed &Mustard,6231,7000,1.123415182
Haryana,SONIPAT,2005,Rabi,Wheat,142019,571000,4.020588794
Haryana,SONIPAT,2005,Whole Year,Dry chillies,154,100,0.649350649
Haryana,SONIPAT,2005,Whole Year,Onion,176,4200,23.86363636
Haryana,SONIPAT,2005,Whole Year,Potato,603,15900,26.3681592
Haryana,SONIPAT,2005,Whole Year,Sannhamp,129,100,0.775193798
Haryana,SONIPAT,2005,Whole Year,Sugarcane,12781,860000,67.2873797
Haryana,SONIPAT,2005,Whole Year,Sweet potato,89,1700,19.1011236
Haryana,SONIPAT,2006,Kharif,Arhar/Tur,5009,5800,1.157915752
Haryana,SONIPAT,2006,Kharif,Bajra,8774,18000,2.051515842
Haryana,SONIPAT,2006,Kharif,Cotton(lint),1443,2000,1.386001386
Haryana,SONIPAT,2006,Kharif,Jowar,11456,3000,0.261871508
Haryana,SONIPAT,2006,Kharif,Maize,195,,
Haryana,SONIPAT,2006,Kharif,Moong(Green Gram),248,100,0.403225806
Haryana,SONIPAT,2006,Kharif,Moth,6,,
Haryana,SONIPAT,2006,Kharif,Rice,67865,178000,2.622854196
Haryana,SONIPAT,2006,Kharif,Sesamum,105,,
Haryana,SONIPAT,2006,Kharif,Urad,114,100,0.877192982
Haryana,SONIPAT,2006,Rabi,Barley,358,,
Haryana,SONIPAT,2006,Rabi,Gram,102,,
Haryana,SONIPAT,2006,Rabi,Rapeseed &Mustard,5130,7000,1.364522417
Haryana,SONIPAT,2006,Rabi,Wheat,140675,641000,4.556602097
Haryana,SONIPAT,2006,Whole Year,Dry chillies,122,100,0.819672131
Haryana,SONIPAT,2006,Whole Year,Onion,45,800,17.77777778
Haryana,SONIPAT,2006,Whole Year,Potato,275,6600,24
Haryana,SONIPAT,2006,Whole Year,Sannhamp,75,,
Haryana,SONIPAT,2006,Whole Year,Sugarcane,13056,997000,76.36335784
Haryana,SONIPAT,2007,Kharif,Arhar/Tur,6652,7000,1.052315093
Haryana,SONIPAT,2007,Kharif,Bajra,10583,20000,1.889823302
Haryana,SONIPAT,2007,Kharif,Cotton(lint),1098,4000,3.64298725
Haryana,SONIPAT,2007,Kharif,Jowar,11253,5000,0.444325958
Haryana,SONIPAT,2007,Kharif,Maize,711,3000,4.219409283
Haryana,SONIPAT,2007,Kharif,Moong(Green Gram),266,100,0.37593985
Haryana,SONIPAT,2007,Kharif,Rice,71325,192000,2.69190326
Haryana,SONIPAT,2007,Kharif,Sesamum,114,,
Haryana,SONIPAT,2007,Kharif,Urad,129,100,0.775193798
Haryana,SONIPAT,2007,Rabi,Barley,236,,
Haryana,SONIPAT,2007,Rabi,Gram,62,,
Haryana,SONIPAT,2007,Rabi,Masoor,14,,
Haryana,SONIPAT,2007,Rabi,Peas & beans (Pulses),50,100,2
Haryana,SONIPAT,2007,Rabi,Rapeseed &Mustard,3192,3000,0.939849624
Haryana,SONIPAT,2007,Rabi,Wheat,141206,605000,4.284520488
Haryana,SONIPAT,2007,Whole Year,Dry chillies,150,1000,6.666666667
Haryana,SONIPAT,2007,Whole Year,Onion,23,400,17.39130435
Haryana,SONIPAT,2007,Whole Year,Potato,281,5300,18.86120996
Haryana,SONIPAT,2007,Whole Year,Sannhamp,60,,
Haryana,SONIPAT,2007,Whole Year,Sugarcane,11104,760000,68.44380403
Haryana,SONIPAT,2007,Whole Year,Sweet potato,5,100,20
Haryana,SONIPAT,2008,Kharif,Arhar/Tur,5495,5800,1.055505005
Haryana,SONIPAT,2008,Kharif,Bajra,9241,18000,1.947841143
Haryana,SONIPAT,2008,Kharif,Cotton(lint),582,,
Haryana,SONIPAT,2008,Kharif,Jowar,11140,6000,0.538599641
Haryana,SONIPAT,2008,Kharif,Maize,276,600,2.173913043
Haryana,SONIPAT,2008,Kharif,Moong(Green Gram),26,,
Haryana,SONIPAT,2008,Kharif,Rice,92641,186000,2.007750348
Haryana,SONIPAT,2008,Kharif,Sesamum,49,,
Haryana,SONIPAT,2008,Kharif,Urad,3,,
Haryana,SONIPAT,2008,Rabi,Barley,340,,
Haryana,SONIPAT,2008,Rabi,Gram,55,,
Haryana,SONIPAT,2008,Rabi,Peas & beans (Pulses),13,,
Haryana,SONIPAT,2008,Rabi,Rapeseed &Mustard,2361,3000,1.27064803
Haryana,SONIPAT,2008,Rabi,Wheat,143617,693000,4.825334048
Haryana,SONIPAT,2008,Whole Year,Dry chillies,64,600,9.375
Haryana,SONIPAT,2008,Whole Year,Onion,28,600,21.42857143
Haryana,SONIPAT,2008,Whole Year,Potato,801,18200,22.721598
Haryana,SONIPAT,2008,Whole Year,Sannhamp,23,,
Haryana,SONIPAT,2008,Whole Year,Sugarcane,5784,395000,68.29183956
Haryana,SONIPAT,2009,Kharif,Arhar/Tur,4171,4400,1.054902901
Haryana,SONIPAT,2009,Kharif,Bajra,12521,27000,2.156377286
Haryana,SONIPAT,2009,Kharif,Cotton(lint),579,2000,3.454231434
Haryana,SONIPAT,2009,Kharif,Jowar,10362,50,0.004825323
Haryana,SONIPAT,2009,Kharif,Maize,1200,2000,1.666666667
Haryana,SONIPAT,2009,Kharif,Moong(Green Gram),115,100,0.869565217
Haryana,SONIPAT,2009,Kharif,Rice,90214,219000,2.427561132
Haryana,SONIPAT,2009,Kharif,Sesamum,27,,
Haryana,SONIPAT,2009,Rabi,Barley,185,,
Haryana,SONIPAT,2009,Rabi,Gram,34,,
Haryana,SONIPAT,2009,Rabi,Masoor,2,,
Haryana,SONIPAT,2009,Rabi,Peas & beans (Pulses),78,100,1.282051282
Haryana,SONIPAT,2009,Rabi,Wheat,141427,610000,4.313179237
Haryana,SONIPAT,2009,Whole Year,Dry chillies,72,100,1.388888889
Haryana,SONIPAT,2009,Whole Year,Onion,61,1100,18.03278689
Haryana,SONIPAT,2009,Whole Year,Potato,834,16800,20.14388489
Haryana,SONIPAT,2009,Whole Year,Sugarcane,3718,303000,81.49542765
Haryana,SONIPAT,2009,Whole Year,Sweet potato,1,,
Haryana,SONIPAT,2010,Kharif,Arhar/Tur,2707,2800,1.034355375
Haryana,SONIPAT,2010,Kharif,Bajra,13301,24000,1.804375611
Haryana,SONIPAT,2010,Kharif,Cotton(lint),357,,
Haryana,SONIPAT,2010,Kharif,Jowar,9450,5000,0.529100529
Haryana,SONIPAT,2010,Kharif,Maize,516,2000,3.875968992
Haryana,SONIPAT,2010,Kharif,Moong(Green Gram),230,100,0.434782609
Haryana,SONIPAT,2010,Kharif,Rice,93752,202000,2.154620701
Haryana,SONIPAT,2010,Kharif,Sesamum,16,,
Haryana,SONIPAT,2010,Rabi,Barley,122,,
Haryana,SONIPAT,2010,Rabi,Gram,33,,
Haryana,SONIPAT,2010,Rabi,Peas & beans (Pulses),17,,
Haryana,SONIPAT,2010,Rabi,Rapeseed &Mustard,2688,5000,1.860119048
Haryana,SONIPAT,2010,Rabi,Wheat,143694,669000,4.655726753
Haryana,SONIPAT,2010,Whole Year,Dry chillies,91,900,9.89010989
Haryana,SONIPAT,2010,Whole Year,Onion,30,700,23.33333333
Haryana,SONIPAT,2010,Whole Year,Potato,221,6000,27.14932127
Haryana,SONIPAT,2010,Whole Year,Sannhamp,24,,
Haryana,SONIPAT,2010,Whole Year,Sugarcane,5733,50000,8.721437293
Haryana,SONIPAT,2010,Whole Year,Sweet potato,3,,
Haryana,SONIPAT,2011,Kharif,Arhar/Tur,1988,2100,1.056338028
Haryana,SONIPAT,2011,Kharif,Bajra,11367,25000,2.199348993
Haryana,SONIPAT,2011,Kharif,Cotton(lint),804,4000,4.975124378
Haryana,SONIPAT,2011,Kharif,Jowar,7530,4000,0.531208499
Haryana,SONIPAT,2011,Kharif,Maize,557,3000,5.385996409
Haryana,SONIPAT,2011,Kharif,Moong(Green Gram),28,,
Haryana,SONIPAT,2011,Kharif,Rice,94753,229000,2.416810022
Haryana,SONIPAT,2011,Kharif,Sannhamp,11,,
Haryana,SONIPAT,2011,Kharif,Sesamum,11,,
Haryana,SONIPAT,2011,Rabi,Barley,185,,
Haryana,SONIPAT,2011,Rabi,Gram,16,,
Haryana,SONIPAT,2011,Rabi,Peas & beans (Pulses),44,,
Haryana,SONIPAT,2011,Rabi,Rapeseed &Mustard,2291,3000,1.309471846
Haryana,SONIPAT,2011,Rabi,Wheat,162264,894000,5.509540009
Haryana,SONIPAT,2011,Whole Year,Onion,64,700,10.9375
Haryana,SONIPAT,2011,Whole Year,Potato,763,14500,19.00393185
Haryana,SONIPAT,2011,Whole Year,Sugarcane,7876,64000,8.12595226
Haryana,SONIPAT,2011,Whole Year,Sweet potato,1,,
Haryana,SONIPAT,2012,Kharif,Arhar/Tur,1184,1362,1.150337838
Haryana,SONIPAT,2012,Kharif,Bajra,8441,19000,2.250918138
Haryana,SONIPAT,2012,Kharif,Cotton(lint),1987,9000,4.529441369
Haryana,SONIPAT,2012,Kharif,Jowar,7655,4000,0.522534291
Haryana,SONIPAT,2012,Kharif,Maize,497,3000,6.036217304
Haryana,SONIPAT,2012,Kharif,Moong(Green Gram),20,1,0.05
Haryana,SONIPAT,2012,Kharif,Rice,88355,216000,2.44468338
Haryana,SONIPAT,2012,Kharif,Sesamum,4,,
Haryana,SONIPAT,2012,Rabi,Barley,176,,
Haryana,SONIPAT,2012,Rabi,Rapeseed &Mustard,2435,3000,1.232032854
Haryana,SONIPAT,2012,Rabi,Wheat,141805,642000,4.527343888
Haryana,SONIPAT,2012,Whole Year,Dry chillies,38,600,15.78947368
Haryana,SONIPAT,2012,Whole Year,Guar seed,523,261,0.499043977
Haryana,SONIPAT,2012,Whole Year,Onion,98,2700,27.55102041
Haryana,SONIPAT,2012,Whole Year,Potato,647,16600,25.6568779
Haryana,SONIPAT,2012,Whole Year,Sugarcane,9084,624000,68.69220608
Haryana,YAMUNANAGAR,1997,Kharif,Bajra,1000,1000,1
Haryana,YAMUNANAGAR,1997,Kharif,Maize,3000,6000,2
Haryana,YAMUNANAGAR,1997,Kharif,Other Kharif pulses,600,300,0.5
Haryana,YAMUNANAGAR,1997,Kharif,Rice,54000,168000,3.111111111
Haryana,YAMUNANAGAR,1997,Rabi,Gram,1000,1000,1
Haryana,YAMUNANAGAR,1997,Rabi,Other  Rabi pulses,31000,19000,0.612903226
Haryana,YAMUNANAGAR,1997,Rabi,Wheat,63000,204000,3.238095238
Haryana,YAMUNANAGAR,1997,Whole Year,Sugarcane,41000,2410000,58.7804878
Haryana,YAMUNANAGAR,1998,Kharif,Arhar/Tur,67,100,1.492537313
Haryana,YAMUNANAGAR,1998,Kharif,Bajra,1197,1000,0.835421888
Haryana,YAMUNANAGAR,1998,Kharif,Cotton(lint),102,,
Haryana,YAMUNANAGAR,1998,Kharif,Groundnut,226,200,0.884955752
Haryana,YAMUNANAGAR,1998,Kharif,Maize,1829,4000,2.186987425
Haryana,YAMUNANAGAR,1998,Kharif,Rice,58461,130000,2.223704692
Haryana,YAMUNANAGAR,1998,Kharif,Sesamum,7,,
Haryana,YAMUNANAGAR,1998,Kharif,Urad,274,100,0.364963504
Haryana,YAMUNANAGAR,1998,Rabi,Barley,60,,
Haryana,YAMUNANAGAR,1998,Rabi,Gram,289,,
Haryana,YAMUNANAGAR,1998,Rabi,Masoor,2932,2000,0.68212824
Haryana,YAMUNANAGAR,1998,Rabi,Peas & beans (Pulses),56,100,1.785714286
Haryana,YAMUNANAGAR,1998,Rabi,Rapeseed &Mustard,1142,1000,0.875656743
Haryana,YAMUNANAGAR,1998,Rabi,Sunflower,1885,2800,1.485411141
Haryana,YAMUNANAGAR,1998,Rabi,Wheat,63403,252000,3.974575336
Haryana,YAMUNANAGAR,1998,Whole Year,Dry chillies,16,,
Haryana,YAMUNANAGAR,1998,Whole Year,Onion,172,2600,15.11627907
Haryana,YAMUNANAGAR,1998,Whole Year,Potato,1479,21600,14.60446247
Haryana,YAMUNANAGAR,1998,Whole Year,Sugarcane,40927,2370000,57.90798251
Haryana,YAMUNANAGAR,1999,Kharif,Arhar/Tur,11,0,0
Haryana,YAMUNANAGAR,1999,Kharif,Bajra,1181,1000,0.846740051
Haryana,YAMUNANAGAR,1999,Kharif,Cotton(lint),33,,
Haryana,YAMUNANAGAR,1999,Kharif,Groundnut,155,100,0.64516129
Haryana,YAMUNANAGAR,1999,Kharif,Maize,1423,3000,2.108222066
Haryana,YAMUNANAGAR,1999,Kharif,Rice,54804,160000,2.919494927
Haryana,YAMUNANAGAR,1999,Kharif,Sesamum,12,0,0
Haryana,YAMUNANAGAR,1999,Kharif,Urad,316,1,0.003164557
Haryana,YAMUNANAGAR,1999,Rabi,Barley,937,3000,3.201707577
Haryana,YAMUNANAGAR,1999,Rabi,Gram,215,0,0
Haryana,YAMUNANAGAR,1999,Rabi,Masoor,2258,1700,0.752878654
Haryana,YAMUNANAGAR,1999,Rabi,Peas & beans (Pulses),2,0,0
Haryana,YAMUNANAGAR,1999,Rabi,Rapeseed &Mustard,1514,2000,1.321003963
Haryana,YAMUNANAGAR,1999,Rabi,Sunflower,620,900,1.451612903
Haryana,YAMUNANAGAR,1999,Rabi,Wheat,63231,261000,4.127722162
Haryana,YAMUNANAGAR,1999,Whole Year,Dry chillies,26,,
Haryana,YAMUNANAGAR,1999,Whole Year,Onion,275,3900,14.18181818
Haryana,YAMUNANAGAR,1999,Whole Year,Potato,1490,23400,15.70469799
Haryana,YAMUNANAGAR,1999,Whole Year,Sugarcane,40852,2290000,56.05600705
Haryana,YAMUNANAGAR,2000,Kharif,Arhar/Tur,7,0,0
Haryana,YAMUNANAGAR,2000,Kharif,Bajra,1498,1000,0.667556742
Haryana,YAMUNANAGAR,2000,Kharif,Cotton(lint),11,0,0
Haryana,YAMUNANAGAR,2000,Kharif,Dry ginger,2,,
Haryana,YAMUNANAGAR,2000,Kharif,Groundnut,60,100,1.666666667
Haryana,YAMUNANAGAR,2000,Kharif,Maize,1629,4000,2.455494168
Haryana,YAMUNANAGAR,2000,Kharif,Moong(Green Gram),1,0,0
Haryana,YAMUNANAGAR,2000,Kharif,Other Kharif pulses,372,100,0.268817204
Haryana,YAMUNANAGAR,2000,Kharif,Rice,55512,164000,2.954316184
Haryana,YAMUNANAGAR,2000,Kharif,Sesamum,47,0,0
Haryana,YAMUNANAGAR,2000,Kharif,Urad,79,0,0
Haryana,YAMUNANAGAR,2000,Rabi,Barley,58,0,0
Haryana,YAMUNANAGAR,2000,Rabi,Gram,210,0,0
Haryana,YAMUNANAGAR,2000,Rabi,Masoor,1992,1500,0.753012048
Haryana,YAMUNANAGAR,2000,Rabi,Peas & beans (Pulses),21,0,0
Haryana,YAMUNANAGAR,2000,Rabi,Rapeseed &Mustard,995,1000,1.005025126
Haryana,YAMUNANAGAR,2000,Rabi,Sunflower,104,100,0.961538462
Haryana,YAMUNANAGAR,2000,Rabi,Wheat,61792,230000,3.722164682
Haryana,YAMUNANAGAR,2000,Whole Year,Dry chillies,14,0,0
Haryana,YAMUNANAGAR,2000,Whole Year,Onion,85,1400,16.47058824
Haryana,YAMUNANAGAR,2000,Whole Year,Potato,1035,16200,15.65217391
Haryana,YAMUNANAGAR,2000,Whole Year,Sugarcane,43876,2450000,55.83918315
Haryana,YAMUNANAGAR,2000,Whole Year,Turmeric,175,0,0
Haryana,YAMUNANAGAR,2001,Kharif,Arhar/Tur,47,100,2.127659574
Haryana,YAMUNANAGAR,2001,Kharif,Bajra,1084,1000,0.922509225
Haryana,YAMUNANAGAR,2001,Kharif,Cotton(lint),5,,
Haryana,YAMUNANAGAR,2001,Kharif,Groundnut,86,100,1.162790698
Haryana,YAMUNANAGAR,2001,Kharif,Horse-gram,8,0,0
Haryana,YAMUNANAGAR,2001,Kharif,Maize,1661,5000,3.010234798
Haryana,YAMUNANAGAR,2001,Kharif,Moth,6,0,0
Haryana,YAMUNANAGAR,2001,Kharif,Rice,53818,161000,2.991564161
Haryana,YAMUNANAGAR,2001,Kharif,Sesamum,1,0,0
Haryana,YAMUNANAGAR,2001,Kharif,Urad,525,100,0.19047619
Haryana,YAMUNANAGAR,2001,Rabi,Barley,17,0,0
Haryana,YAMUNANAGAR,2001,Rabi,Gram,142,0,0
Haryana,YAMUNANAGAR,2001,Rabi,Masoor,1922,1600,0.832466181
Haryana,YAMUNANAGAR,2001,Rabi,Rapeseed &Mustard,1858,2000,1.076426265
Haryana,YAMUNANAGAR,2001,Rabi,Sunflower,154,200,1.298701299
Haryana,YAMUNANAGAR,2001,Rabi,Wheat,64904,241000,3.713176384
Haryana,YAMUNANAGAR,2001,Whole Year,Dry chillies,57,100,1.754385965
Haryana,YAMUNANAGAR,2001,Whole Year,Onion,118,1600,13.55932203
Haryana,YAMUNANAGAR,2001,Whole Year,Potato,1031,21900,21.24151309
Haryana,YAMUNANAGAR,2001,Whole Year,Sugarcane,44289,2500000,56.44742487
Haryana,YAMUNANAGAR,2002,Kharif,Arhar/Tur,10,0,0
Haryana,YAMUNANAGAR,2002,Kharif,Bajra,982,1000,1.018329939
Haryana,YAMUNANAGAR,2002,Kharif,Cotton(lint),2,0,0
Haryana,YAMUNANAGAR,2002,Kharif,Groundnut,127,100,0.787401575
Haryana,YAMUNANAGAR,2002,Kharif,Horse-gram,13,0,0
Haryana,YAMUNANAGAR,2002,Kharif,Maize,1694,4000,2.361275089
Haryana,YAMUNANAGAR,2002,Kharif,Rice,50192,151000,3.008447561
Haryana,YAMUNANAGAR,2002,Kharif,Sesamum,24,0,0
Haryana,YAMUNANAGAR,2002,Kharif,Urad,1012,300,0.296442688
Haryana,YAMUNANAGAR,2002,Rabi,Barley,27,0,0
Haryana,YAMUNANAGAR,2002,Rabi,Gram,252,0,0
Haryana,YAMUNANAGAR,2002,Rabi,Masoor,1896,1600,0.843881857
Haryana,YAMUNANAGAR,2002,Rabi,Peas & beans (Pulses),44,100,2.272727273
Haryana,YAMUNANAGAR,2002,Rabi,Rapeseed &Mustard,1818,2000,1.100110011
Haryana,YAMUNANAGAR,2002,Rabi,Sunflower,273,400,1.465201465
Haryana,YAMUNANAGAR,2002,Rabi,Wheat,63976,235000,3.67325247
Haryana,YAMUNANAGAR,2002,Whole Year,Mango,377,2700,7.161803714
Haryana,YAMUNANAGAR,2002,Whole Year,Onion,135,3200,23.7037037
Haryana,YAMUNANAGAR,2002,Whole Year,Other Fresh Fruits,5,0,0
Haryana,YAMUNANAGAR,2002,Whole Year,Other Vegetables,1633,3600,2.204531537
Haryana,YAMUNANAGAR,2002,Whole Year,Potato,1051,22400,21.3130352
Haryana,YAMUNANAGAR,2002,Whole Year,Sugarcane,45771,2730000,59.64475323
Haryana,YAMUNANAGAR,2003,Kharif,Arhar/Tur,59,100,1.694915254
Haryana,YAMUNANAGAR,2003,Kharif,Bajra,733,2000,2.72851296
Haryana,YAMUNANAGAR,2003,Kharif,Cotton(lint),3,0,0
Haryana,YAMUNANAGAR,2003,Kharif,Groundnut,84,100,1.19047619
Haryana,YAMUNANAGAR,2003,Kharif,Horse-gram,137,,
Haryana,YAMUNANAGAR,2003,Kharif,Maize,1707,5000,2.929115407
Haryana,YAMUNANAGAR,2003,Kharif,Moth,14,0,0
Haryana,YAMUNANAGAR,2003,Kharif,Rice,56776,172000,3.029449063
Haryana,YAMUNANAGAR,2003,Kharif,Sesamum,5,0,0
Haryana,YAMUNANAGAR,2003,Kharif,Urad,600,100,0.166666667
Haryana,YAMUNANAGAR,2003,Rabi,Barley,29,0,0
Haryana,YAMUNANAGAR,2003,Rabi,Gram,244,0,0
Haryana,YAMUNANAGAR,2003,Rabi,Masoor,1703,1400,0.822078685
Haryana,YAMUNANAGAR,2003,Rabi,Peas & beans (Pulses),29,0,0
Haryana,YAMUNANAGAR,2003,Rabi,Rapeseed &Mustard,1741,2000,1.148765078
Haryana,YAMUNANAGAR,2003,Rabi,Sunflower,643,1000,1.555209953
Haryana,YAMUNANAGAR,2003,Rabi,Wheat,71329,242000,3.392729465
Haryana,YAMUNANAGAR,2003,Whole Year,Dry chillies,28,0,0
Haryana,YAMUNANAGAR,2003,Whole Year,Mango,535,36,0.06728972
Haryana,YAMUNANAGAR,2003,Whole Year,Onion,83,2000,24.09638554
Haryana,YAMUNANAGAR,2003,Whole Year,Other Fresh Fruits,13,100,7.692307692
Haryana,YAMUNANAGAR,2003,Whole Year,Other Vegetables,2060,4500,2.184466019
Haryana,YAMUNANAGAR,2003,Whole Year,Potato,1319,28100,21.3040182
Haryana,YAMUNANAGAR,2003,Whole Year,Sugarcane,42476,2480000,58.38591204
Haryana,YAMUNANAGAR,2004,Kharif,Arhar/Tur,71,,
Haryana,YAMUNANAGAR,2004,Kharif,Bajra,980,2000,2.040816327
Haryana,YAMUNANAGAR,2004,Kharif,Cotton(lint),5,,
Haryana,YAMUNANAGAR,2004,Kharif,Groundnut,127,100,0.787401575
Haryana,YAMUNANAGAR,2004,Kharif,Horse-gram,189,,
Haryana,YAMUNANAGAR,2004,Kharif,Maize,1885,5000,2.652519894
Haryana,YAMUNANAGAR,2004,Kharif,Rice,58720,191000,3.252724796
Haryana,YAMUNANAGAR,2004,Kharif,Sesamum,11,,
Haryana,YAMUNANAGAR,2004,Kharif,Urad,653,300,0.45941807
Haryana,YAMUNANAGAR,2004,Rabi,Barley,19,,
Haryana,YAMUNANAGAR,2004,Rabi,Gram,233,,
Haryana,YAMUNANAGAR,2004,Rabi,Masoor,1689,1400,0.828892836
Haryana,YAMUNANAGAR,2004,Rabi,Peas & beans (Pulses),25,,
Haryana,YAMUNANAGAR,2004,Rabi,Rapeseed &Mustard,2400,2000,0.833333333
Haryana,YAMUNANAGAR,2004,Rabi,Sunflower,761,1200,1.576872536
Haryana,YAMUNANAGAR,2004,Rabi,Wheat,72248,245000,3.391097331
Haryana,YAMUNANAGAR,2004,Whole Year,Dry chillies,46,200,4.347826087
Haryana,YAMUNANAGAR,2004,Whole Year,Onion,256,6100,23.828125
Haryana,YAMUNANAGAR,2004,Whole Year,Potato,1279,27200,21.26661454
Haryana,YAMUNANAGAR,2004,Whole Year,Sugarcane,38355,2600000,67.78777213
Haryana,YAMUNANAGAR,2005,Kharif,Arhar/Tur,10,,
Haryana,YAMUNANAGAR,2005,Kharif,Bajra,980,1000,1.020408163
Haryana,YAMUNANAGAR,2005,Kharif,Cotton(lint),1,,
Haryana,YAMUNANAGAR,2005,Kharif,Groundnut,98,100,1.020408163
Haryana,YAMUNANAGAR,2005,Kharif,Horse-gram,94,,
Haryana,YAMUNANAGAR,2005,Kharif,Maize,2877,7000,2.433090024
Haryana,YAMUNANAGAR,2005,Kharif,Rice,59276,200000,3.374046832
Haryana,YAMUNANAGAR,2005,Kharif,Sesamum,10,,
Haryana,YAMUNANAGAR,2005,Kharif,Urad,475,200,0.421052632
Haryana,YAMUNANAGAR,2005,Rabi,Barley,30,,
Haryana,YAMUNANAGAR,2005,Rabi,Gram,265,,
Haryana,YAMUNANAGAR,2005,Rabi,Masoor,1295,1000,0.772200772
Haryana,YAMUNANAGAR,2005,Rabi,Peas & beans (Pulses),49,100,2.040816327
Haryana,YAMUNANAGAR,2005,Rabi,Rapeseed &Mustard,2341,2000,0.854335754
Haryana,YAMUNANAGAR,2005,Rabi,Sunflower,1333,2200,1.650412603
Haryana,YAMUNANAGAR,2005,Rabi,Wheat,72294,265000,3.665587739
Haryana,YAMUNANAGAR,2005,Whole Year,Dry chillies,25,,
Haryana,YAMUNANAGAR,2005,Whole Year,Onion,226,5400,23.89380531
Haryana,YAMUNANAGAR,2005,Whole Year,Potato,1786,37900,21.2206047
Haryana,YAMUNANAGAR,2005,Whole Year,Sugarcane,39936,2650000,66.35616987
Haryana,YAMUNANAGAR,2006,Kharif,Arhar/Tur,6,,
Haryana,YAMUNANAGAR,2006,Kharif,Bajra,976,2000,2.049180328
Haryana,YAMUNANAGAR,2006,Kharif,Cotton(lint),2,,
Haryana,YAMUNANAGAR,2006,Kharif,Groundnut,93,100,1.075268817
Haryana,YAMUNANAGAR,2006,Kharif,Horse-gram,76,,
Haryana,YAMUNANAGAR,2006,Kharif,Jowar,9,,
Haryana,YAMUNANAGAR,2006,Kharif,Maize,1506,5000,3.320053121
Haryana,YAMUNANAGAR,2006,Kharif,Moong(Green Gram),56,,
Haryana,YAMUNANAGAR,2006,Kharif,Rice,59379,213000,3.587126762
Haryana,YAMUNANAGAR,2006,Kharif,Sesamum,24,,
Haryana,YAMUNANAGAR,2006,Kharif,Urad,863,400,0.463499421
Haryana,YAMUNANAGAR,2006,Rabi,Barley,21,,
Haryana,YAMUNANAGAR,2006,Rabi,Gram,220,,
Haryana,YAMUNANAGAR,2006,Rabi,Masoor,1382,1100,0.795947902
Haryana,YAMUNANAGAR,2006,Rabi,Rapeseed &Mustard,2718,4000,1.471670346
Haryana,YAMUNANAGAR,2006,Rabi,Sunflower,528,900,1.704545455
Haryana,YAMUNANAGAR,2006,Rabi,Wheat,71315,295000,4.136577158
Haryana,YAMUNANAGAR,2006,Whole Year,Dry chillies,15,,
Haryana,YAMUNANAGAR,2006,Whole Year,Onion,60,1000,16.66666667
Haryana,YAMUNANAGAR,2006,Whole Year,Potato,1560,33200,21.28205128
Haryana,YAMUNANAGAR,2006,Whole Year,Sugarcane,42191,2894000,68.59282785
Haryana,YAMUNANAGAR,2007,Kharif,Arhar/Tur,11,,
Haryana,YAMUNANAGAR,2007,Kharif,Bajra,799,2000,2.503128911
Haryana,YAMUNANAGAR,2007,Kharif,Cotton(lint),4,,
Haryana,YAMUNANAGAR,2007,Kharif,Groundnut,84,100,1.19047619
Haryana,YAMUNANAGAR,2007,Kharif,Horse-gram,76,,
Haryana,YAMUNANAGAR,2007,Kharif,Jowar,6,,
Haryana,YAMUNANAGAR,2007,Kharif,Maize,1362,3000,2.202643172
Haryana,YAMUNANAGAR,2007,Kharif,Rice,59305,227000,3.827670517
Haryana,YAMUNANAGAR,2007,Kharif,Sesamum,45,,
Haryana,YAMUNANAGAR,2007,Kharif,Urad,1090,500,0.458715596
Haryana,YAMUNANAGAR,2007,Rabi,Barley,15,,
Haryana,YAMUNANAGAR,2007,Rabi,Gram,116,,
Haryana,YAMUNANAGAR,2007,Rabi,Masoor,885,700,0.790960452
Haryana,YAMUNANAGAR,2007,Rabi,Peas & beans (Pulses),10,,
Haryana,YAMUNANAGAR,2007,Rabi,Rapeseed &Mustard,1808,2000,1.10619469
Haryana,YAMUNANAGAR,2007,Rabi,Sunflower,1905,3200,1.679790026
Haryana,YAMUNANAGAR,2007,Rabi,Wheat,74452,279000,3.747380863
Haryana,YAMUNANAGAR,2007,Whole Year,Dry chillies,21,100,4.761904762
Haryana,YAMUNANAGAR,2007,Whole Year,Garlic,233,1200,5.150214592
Haryana,YAMUNANAGAR,2007,Whole Year,Onion,425,11400,26.82352941
Haryana,YAMUNANAGAR,2007,Whole Year,Potato,256,5200,20.3125
Haryana,YAMUNANAGAR,2007,Whole Year,Sugarcane,41874,2280000,54.44906147
Haryana,YAMUNANAGAR,2008,Kharif,Arhar/Tur,12,,
Haryana,YAMUNANAGAR,2008,Kharif,Bajra,928,2000,2.155172414
Haryana,YAMUNANAGAR,2008,Kharif,Cotton(lint),8,,
Haryana,YAMUNANAGAR,2008,Kharif,Groundnut,51,100,1.960784314
Haryana,YAMUNANAGAR,2008,Kharif,Horse-gram,42,,
Haryana,YAMUNANAGAR,2008,Kharif,Maize,1320,2800,2.121212121
Haryana,YAMUNANAGAR,2008,Kharif,Rice,71634,221000,3.085127174
Haryana,YAMUNANAGAR,2008,Kharif,Sesamum,77,,
Haryana,YAMUNANAGAR,2008,Kharif,Urad,670,300,0.447761194
Haryana,YAMUNANAGAR,2008,Rabi,Barley,18,,
Haryana,YAMUNANAGAR,2008,Rabi,Gram,128,,
Haryana,YAMUNANAGAR,2008,Rabi,Masoor,1024,800,0.78125
Haryana,YAMUNANAGAR,2008,Rabi,Peas & beans (Pulses),6,,
Haryana,YAMUNANAGAR,2008,Rabi,Rapeseed &Mustard,1680,4000,2.380952381
Haryana,YAMUNANAGAR,2008,Rabi,Sunflower,368,500,1.358695652
Haryana,YAMUNANAGAR,2008,Rabi,Wheat,84777,345000,4.069499982
Haryana,YAMUNANAGAR,2008,Whole Year,Coriander,7,,
Haryana,YAMUNANAGAR,2008,Whole Year,Dry chillies,20,100,5
Haryana,YAMUNANAGAR,2008,Whole Year,Garlic,230,1800,7.826086957
Haryana,YAMUNANAGAR,2008,Whole Year,Onion,523,10800,20.6500956
Haryana,YAMUNANAGAR,2008,Whole Year,Potato,776,15000,19.32989691
Haryana,YAMUNANAGAR,2008,Whole Year,Sugarcane,28839,1484000,51.45809494
Haryana,YAMUNANAGAR,2008,Whole Year,Turmeric,25,300,12
Haryana,YAMUNANAGAR,2009,Kharif,Arhar/Tur,7,,
Haryana,YAMUNANAGAR,2009,Kharif,Bajra,1243,2000,1.609010459
Haryana,YAMUNANAGAR,2009,Kharif,Cotton(lint),7,,
Haryana,YAMUNANAGAR,2009,Kharif,Groundnut,45,100,2.222222222
Haryana,YAMUNANAGAR,2009,Kharif,Horse-gram,63,,
Haryana,YAMUNANAGAR,2009,Kharif,Maize,1245,2000,1.606425703
Haryana,YAMUNANAGAR,2009,Kharif,Rice,73525,267000,3.631417885
Haryana,YAMUNANAGAR,2009,Kharif,Sesamum,77,,
Haryana,YAMUNANAGAR,2009,Kharif,Urad,872,400,0.458715596
Haryana,YAMUNANAGAR,2009,Rabi,Barley,16,,
Haryana,YAMUNANAGAR,2009,Rabi,Gram,137,,
Haryana,YAMUNANAGAR,2009,Rabi,Masoor,1064,900,0.845864662
Haryana,YAMUNANAGAR,2009,Rabi,Peas & beans (Pulses),10,,
Haryana,YAMUNANAGAR,2009,Rabi,Sunflower,676,1000,1.479289941
Haryana,YAMUNANAGAR,2009,Rabi,Wheat,85751,355000,4.139893412
Haryana,YAMUNANAGAR,2009,Whole Year,Dry chillies,24,,
Haryana,YAMUNANAGAR,2009,Whole Year,Onion,141,2300,16.31205674
Haryana,YAMUNANAGAR,2009,Whole Year,Potato,1151,28400,24.67419635
Haryana,YAMUNANAGAR,2009,Whole Year,Sugarcane,25373,180900,7.12962598
Haryana,YAMUNANAGAR,2010,Kharif,Arhar/Tur,2,,
Haryana,YAMUNANAGAR,2010,Kharif,Bajra,934,2000,2.141327623
Haryana,YAMUNANAGAR,2010,Kharif,Cotton(lint),1,,
Haryana,YAMUNANAGAR,2010,Kharif,Groundnut,21,,
Haryana,YAMUNANAGAR,2010,Kharif,Horse-gram,28,,
Haryana,YAMUNANAGAR,2010,Kharif,Maize,936,3000,3.205128205
Haryana,YAMUNANAGAR,2010,Kharif,Other Kharif pulses,341,,
Haryana,YAMUNANAGAR,2010,Kharif,Rice,74578,244000,3.271742337
Haryana,YAMUNANAGAR,2010,Kharif,Sesamum,53,,
Haryana,YAMUNANAGAR,2010,Kharif,Sunflower,391,600,1.534526854
Haryana,YAMUNANAGAR,2010,Rabi,Barley,26,,
Haryana,YAMUNANAGAR,2010,Rabi,Gram,138,,
Haryana,YAMUNANAGAR,2010,Rabi,Masoor,1064,1100,1.033834586
Haryana,YAMUNANAGAR,2010,Rabi,Other  Rabi pulses,102,,
Haryana,YAMUNANAGAR,2010,Rabi,Peas & beans (Pulses),31,,
Haryana,YAMUNANAGAR,2010,Rabi,Rapeseed &Mustard,2362,4000,1.693480102
Haryana,YAMUNANAGAR,2010,Rabi,Wheat,83403,378000,4.532211072
Haryana,YAMUNANAGAR,2010,Whole Year,Dry chillies,15,,
Haryana,YAMUNANAGAR,2010,Whole Year,Onion,351,7400,21.08262108
Haryana,YAMUNANAGAR,2010,Whole Year,Potato,1200,28300,23.58333333
Haryana,YAMUNANAGAR,2010,Whole Year,Sugarcane,25391,171000,6.734669765
Haryana,YAMUNANAGAR,2010,Whole Year,Turmeric,40,,
Haryana,YAMUNANAGAR,2011,Kharif,Arhar/Tur,10,,
Haryana,YAMUNANAGAR,2011,Kharif,Bajra,598,2000,3.344481605
Haryana,YAMUNANAGAR,2011,Kharif,Dry ginger,4,,
Haryana,YAMUNANAGAR,2011,Kharif,Groundnut,49,,
Haryana,YAMUNANAGAR,2011,Kharif,Horse-gram,65,,
Haryana,YAMUNANAGAR,2011,Kharif,Maize,1472,3000,2.038043478
Haryana,YAMUNANAGAR,2011,Kharif,Moth,1,,
Haryana,YAMUNANAGAR,2011,Kharif,Rice,72653,268000,3.688767153
Haryana,YAMUNANAGAR,2011,Kharif,Sesamum,35,,
Haryana,YAMUNANAGAR,2011,Kharif,Sunflower,238,200,0.840336134
Haryana,YAMUNANAGAR,2011,Kharif,Urad,535,200,0.373831776
Haryana,YAMUNANAGAR,2011,Rabi,Barley,3,,
Haryana,YAMUNANAGAR,2011,Rabi,Gram,110,,
Haryana,YAMUNANAGAR,2011,Rabi,Masoor,833,900,1.080432173
Haryana,YAMUNANAGAR,2011,Rabi,Peas & beans (Pulses),6,,
Haryana,YAMUNANAGAR,2011,Rabi,Rapeseed &Mustard,2611,3300,1.26388357
Haryana,YAMUNANAGAR,2011,Rabi,Wheat,84789,456000,5.378056116
Haryana,YAMUNANAGAR,2011,Whole Year,Coriander,53,,
Haryana,YAMUNANAGAR,2011,Whole Year,Garlic,240,200,0.833333333
Haryana,YAMUNANAGAR,2011,Whole Year,Onion,279,5000,17.92114695
Haryana,YAMUNANAGAR,2011,Whole Year,Potato,540,8100,15
Haryana,YAMUNANAGAR,2011,Whole Year,Sugarcane,25903,172000,6.640157511
Haryana,YAMUNANAGAR,2011,Whole Year,Turmeric,201,200,0.995024876
Haryana,YAMUNANAGAR,2012,Kharif,Arhar/Tur,2,1,0.5
Haryana,YAMUNANAGAR,2012,Kharif,Bajra,610,2000,3.278688525
Haryana,YAMUNANAGAR,2012,Kharif,Groundnut,18,16,0.888888889
Haryana,YAMUNANAGAR,2012,Kharif,Horse-gram,34,13,0.382352941
Haryana,YAMUNANAGAR,2012,Kharif,Maize,738,2000,2.7100271
Haryana,YAMUNANAGAR,2012,Kharif,Moong(Green Gram),130,71,0.546153846
Haryana,YAMUNANAGAR,2012,Kharif,Rice,70040,277000,3.954882924
Haryana,YAMUNANAGAR,2012,Kharif,Sesamum,19,7,0.368421053
Haryana,YAMUNANAGAR,2012,Kharif,Sunflower,369,700,1.89701897
Haryana,YAMUNANAGAR,2012,Kharif,Urad,707,335,0.473833098
Haryana,YAMUNANAGAR,2012,Rabi,Barley,5,,
Haryana,YAMUNANAGAR,2012,Rabi,Gram,118,,
Haryana,YAMUNANAGAR,2012,Rabi,Masoor,707,725,1.025459689
Haryana,YAMUNANAGAR,2012,Rabi,Peas & beans (Pulses),28,29,1.035714286
Haryana,YAMUNANAGAR,2012,Rabi,Rapeseed &Mustard,3083,4200,1.362309439
Haryana,YAMUNANAGAR,2012,Rabi,Wheat,85102,369000,4.335973303
Haryana,YAMUNANAGAR,2012,Whole Year,Dry chillies,11,100,9.090909091
Haryana,YAMUNANAGAR,2012,Whole Year,Onion,285,8000,28.07017544
Haryana,YAMUNANAGAR,2012,Whole Year,Potato,937,21000,22.41195304
Haryana,YAMUNANAGAR,2012,Whole Year,Sugarcane,27163,1998000,73.55594007
Haryana,YAMUNANAGAR,2012,Whole Year,Turmeric,195,185,0.948717949
Himachal Pradesh,BILASPUR,1998,Kharif,Arhar/Tur,4,1,0.25
Himachal Pradesh,BILASPUR,1998,Kharif,Bajra,3,2,0.666666667
Himachal Pradesh,BILASPUR,1998,Kharif,Groundnut,3,1,0.333333333
Himachal Pradesh,BILASPUR,1998,Kharif,Horse-gram,40,23,0.575
Himachal Pradesh,BILASPUR,1998,Kharif,Maize,24483,42167,1.722297104
Himachal Pradesh,BILASPUR,1998,Kharif,Rice,2068,2584,1.249516441
Himachal Pradesh,BILASPUR,1998,Kharif,Sesamum,133,54,0.406015038
Himachal Pradesh,BILASPUR,1998,Kharif,Small millets,1,,
Himachal Pradesh,BILASPUR,1998,Kharif,Soyabean,12,8,0.666666667
Himachal Pradesh,BILASPUR,1998,Kharif,Urad,170,96,0.564705882
Himachal Pradesh,BILASPUR,1998,Rabi,Barley,317,329,1.03785489
Himachal Pradesh,BILASPUR,1998,Rabi,Gram,196,167,0.852040816
Himachal Pradesh,BILASPUR,1998,Rabi,Masoor,12,4,0.333333333
Himachal Pradesh,BILASPUR,1998,Rabi,Potato,13,153,11.76923077
Himachal Pradesh,BILASPUR,1998,Rabi,Rapeseed &Mustard,365,141,0.38630137
Himachal Pradesh,BILASPUR,1998,Rabi,Wheat,26739,32351,1.209880699
Himachal Pradesh,BILASPUR,1998,Whole Year,Cotton(lint),12,6,0.5
Himachal Pradesh,BILASPUR,1998,Whole Year,Dry chillies,14,3,0.214285714
Himachal Pradesh,BILASPUR,1998,Whole Year,Dry ginger,139,239,1.71942446
Himachal Pradesh,BILASPUR,1998,Whole Year,Garlic,20,24,1.2
Himachal Pradesh,BILASPUR,1998,Whole Year,Turmeric,15,11,0.733333333
Himachal Pradesh,BILASPUR,1999,Kharif,Arhar/Tur,1,0,0
Himachal Pradesh,BILASPUR,1999,Kharif,Horse-gram,28,17,0.607142857
Himachal Pradesh,BILASPUR,1999,Kharif,Maize,26518,51755,1.95169319
Himachal Pradesh,BILASPUR,1999,Kharif,Masoor,10,3,0.3
Himachal Pradesh,BILASPUR,1999,Kharif,Moong(Green Gram),2,0,0
Himachal Pradesh,BILASPUR,1999,Kharif,Peas & beans (Pulses),12,14,1.166666667
Himachal Pradesh,BILASPUR,1999,Kharif,Rice,1516,2431,1.603562005
Himachal Pradesh,BILASPUR,1999,Kharif,Sesamum,127,57,0.448818898
Himachal Pradesh,BILASPUR,1999,Kharif,Soyabean,17,22,1.294117647
Himachal Pradesh,BILASPUR,1999,Kharif,Urad,152,86,0.565789474
Himachal Pradesh,BILASPUR,1999,Rabi,Barley,288,361,1.253472222
Himachal Pradesh,BILASPUR,1999,Rabi,Gram,216,205,0.949074074
Himachal Pradesh,BILASPUR,1999,Rabi,Rapeseed &Mustard,367,259,0.705722071
Himachal Pradesh,BILASPUR,1999,Rabi,Wheat,26970,46883,1.738338895
Himachal Pradesh,BILASPUR,1999,Whole Year,Dry chillies,17,4,0.235294118
Himachal Pradesh,BILASPUR,1999,Whole Year,Potato,15,36,2.4
Himachal Pradesh,BILASPUR,1999,Whole Year,Sugarcane,61,486,7.967213115
Himachal Pradesh,BILASPUR,2000,Kharif,Arhar/Tur,3,1,0.333333333
Himachal Pradesh,BILASPUR,2000,Kharif,Horse-gram,31,10,0.322580645
Himachal Pradesh,BILASPUR,2000,Kharif,Jowar,4,0.1,0.025
Himachal Pradesh,BILASPUR,2000,Kharif,Maize,26571,58992,2.220164841
Himachal Pradesh,BILASPUR,2000,Kharif,Masoor,5,1,0.2
Himachal Pradesh,BILASPUR,2000,Kharif,Moong(Green Gram),27,6,0.222222222
Himachal Pradesh,BILASPUR,2000,Kharif,Other Kharif pulses,38,7,0.184210526
Himachal Pradesh,BILASPUR,2000,Kharif,Peas & beans (Pulses),5,4,0.8
Himachal Pradesh,BILASPUR,2000,Kharif,Rice,1859,2790,1.500806885
Himachal Pradesh,BILASPUR,2000,Kharif,Sesamum,159,0,0
Himachal Pradesh,BILASPUR,2000,Kharif,Soyabean,21,26,1.238095238
Himachal Pradesh,BILASPUR,2000,Kharif,Urad,102,32,0.31372549
Himachal Pradesh,BILASPUR,2000,Rabi,Barley,50,42,0.84
Himachal Pradesh,BILASPUR,2000,Rabi,Gram,163,77,0.472392638
Himachal Pradesh,BILASPUR,2000,Rabi,Rapeseed &Mustard,199,119,0.59798995
Himachal Pradesh,BILASPUR,2000,Rabi,Wheat,27588,7901,0.286392634
Himachal Pradesh,BILASPUR,2000,Whole Year,Sugarcane,51,244,4.784313725
Himachal Pradesh,BILASPUR,2001,Kharif,Arhar/Tur,11,3,0.272727273
Himachal Pradesh,BILASPUR,2001,Kharif,Bajra,5,2,0.4
Himachal Pradesh,BILASPUR,2001,Kharif,Cotton(lint),1,1,1
Himachal Pradesh,BILASPUR,2001,Kharif,Dry ginger,164,1573,9.591463415
Himachal Pradesh,BILASPUR,2001,Kharif,Groundnut,16,5,0.3125
Himachal Pradesh,BILASPUR,2001,Kharif,Horse-gram,31,16,0.516129032
Himachal Pradesh,BILASPUR,2001,Kharif,Maize,26169,68662,2.623791509
Himachal Pradesh,BILASPUR,2001,Kharif,Masoor,4,1,0.25
Himachal Pradesh,BILASPUR,2001,Kharif,Moong(Green Gram),2,1,0.5
Himachal Pradesh,BILASPUR,2001,Kharif,Other Kharif pulses,34,8,0.235294118
Himachal Pradesh,BILASPUR,2001,Kharif,Peas & beans (Pulses),33,31,0.939393939
Himachal Pradesh,BILASPUR,2001,Kharif,Rice,1773,2389,1.347433728
Himachal Pradesh,BILASPUR,2001,Kharif,Sesamum,124,14,0.112903226
Himachal Pradesh,BILASPUR,2001,Kharif,Soyabean,11,13,1.181818182
Himachal Pradesh,BILASPUR,2001,Kharif,Urad,106,9,0.08490566
Himachal Pradesh,BILASPUR,2001,Rabi,Barley,267,370,1.38576779
Himachal Pradesh,BILASPUR,2001,Rabi,Gram,171,129,0.754385965
Himachal Pradesh,BILASPUR,2001,Rabi,Other  Rabi pulses,2,,
Himachal Pradesh,BILASPUR,2001,Rabi,Rapeseed &Mustard,343,181,0.527696793
Himachal Pradesh,BILASPUR,2001,Rabi,Wheat,27284,50161,1.838476763
Himachal Pradesh,BILASPUR,2001,Whole Year,Dry chillies,13,2,0.153846154
Himachal Pradesh,BILASPUR,2001,Whole Year,Garlic,42,39,0.928571429
Himachal Pradesh,BILASPUR,2001,Whole Year,Potato,9,70,7.777777778
Himachal Pradesh,BILASPUR,2001,Whole Year,Sannhamp,1,1,1
Himachal Pradesh,BILASPUR,2001,Whole Year,Sugarcane,54,301,5.574074074
Himachal Pradesh,BILASPUR,2001,Whole Year,Sweet potato,67,,
Himachal Pradesh,BILASPUR,2001,Whole Year,Tobacco,1,1,1
Himachal Pradesh,BILASPUR,2001,Whole Year,Turmeric,38,19,0.5
Himachal Pradesh,BILASPUR,2002,Kharif,Arhar/Tur,17,4,0.235294118
Himachal Pradesh,BILASPUR,2002,Kharif,Cotton(lint),1,,
Himachal Pradesh,BILASPUR,2002,Kharif,Dry ginger,84,486,5.785714286
Himachal Pradesh,BILASPUR,2002,Kharif,Groundnut,2,1,0.5
Himachal Pradesh,BILASPUR,2002,Kharif,Horse-gram,32,9,0.28125
Himachal Pradesh,BILASPUR,2002,Kharif,Maize,26739,38768,1.449867235
Himachal Pradesh,BILASPUR,2002,Kharif,Masoor,17,5,0.294117647
Himachal Pradesh,BILASPUR,2002,Kharif,Moong(Green Gram),6,,
Himachal Pradesh,BILASPUR,2002,Kharif,Other Kharif pulses,68,21,0.308823529
Himachal Pradesh,BILASPUR,2002,Kharif,Peas & beans (Pulses),8,1,0.125
Himachal Pradesh,BILASPUR,2002,Kharif,Rice,1526,675,0.442332896
Himachal Pradesh,BILASPUR,2002,Kharif,Sesamum,143,66,0.461538462
Himachal Pradesh,BILASPUR,2002,Kharif,Soyabean,17,28,1.647058824
Himachal Pradesh,BILASPUR,2002,Kharif,Urad,137,52,0.379562044
Himachal Pradesh,BILASPUR,2002,Rabi,Barley,197,256,1.299492386
Himachal Pradesh,BILASPUR,2002,Rabi,Gram,248,123,0.495967742
Himachal Pradesh,BILASPUR,2002,Rabi,Rapeseed &Mustard,314,165,0.525477707
Himachal Pradesh,BILASPUR,2002,Rabi,Wheat,26669,34041,1.276425813
Himachal Pradesh,BILASPUR,2002,Whole Year,Dry chillies,15,3,0.2
Himachal Pradesh,BILASPUR,2002,Whole Year,Garlic,55,49,0.890909091
Himachal Pradesh,BILASPUR,2002,Whole Year,Onion,78,484,6.205128205
Himachal Pradesh,BILASPUR,2002,Whole Year,Potato,13,130,10
Himachal Pradesh,BILASPUR,2002,Whole Year,Sugarcane,64,96,1.5
Himachal Pradesh,BILASPUR,2002,Whole Year,Tobacco,1,2,2
Himachal Pradesh,BILASPUR,2002,Whole Year,Turmeric,41,28,0.682926829
Himachal Pradesh,BILASPUR,2003,Kharif,Dry ginger,110,689,6.263636364
Himachal Pradesh,BILASPUR,2003,Kharif,Maize,25190,53011,2.104446209
Himachal Pradesh,BILASPUR,2003,Kharif,Rice,1649,2672,1.620375985
Himachal Pradesh,BILASPUR,2003,Rabi,Barley,202,234,1.158415842
Himachal Pradesh,BILASPUR,2003,Rabi,Wheat,28143,33807,1.201257862
Himachal Pradesh,BILASPUR,2003,Whole Year,Potato,24,277,11.54166667
Himachal Pradesh,BILASPUR,2004,Kharif,Dry ginger,117,980,8.376068376
Himachal Pradesh,BILASPUR,2004,Kharif,Maize,25650,50774,1.979493177
Himachal Pradesh,BILASPUR,2004,Kharif,Rice,1497,2027,1.354041416
Himachal Pradesh,BILASPUR,2004,Rabi,Barley,203,292,1.438423645
Himachal Pradesh,BILASPUR,2004,Rabi,Wheat,28106,67319,2.395182523
Himachal Pradesh,BILASPUR,2004,Whole Year,Potato,19,189,9.947368421
Himachal Pradesh,BILASPUR,2005,Kharif,Arhar/Tur,4,2,0.5
Himachal Pradesh,BILASPUR,2005,Kharif,Dry chillies,11,3,0.272727273
Himachal Pradesh,BILASPUR,2005,Kharif,Dry ginger,131,1166,8.900763359
Himachal Pradesh,BILASPUR,2005,Kharif,Horse-gram,49,27,0.551020408
Himachal Pradesh,BILASPUR,2005,Kharif,Maize,25156,37900,1.506598823
Himachal Pradesh,BILASPUR,2005,Kharif,Moong(Green Gram),48,26,0.541666667
Himachal Pradesh,BILASPUR,2005,Kharif,Other Kharif pulses,15,8,0.533333333
Himachal Pradesh,BILASPUR,2005,Kharif,Rice,1416,1937,1.367937853
Himachal Pradesh,BILASPUR,2005,Kharif,Sannhamp,1,1,1
Himachal Pradesh,BILASPUR,2005,Kharif,Sesamum,86,43,0.5
Himachal Pradesh,BILASPUR,2005,Kharif,Turmeric,22,16,0.727272727
Himachal Pradesh,BILASPUR,2005,Kharif,Urad,36,20,0.555555556
Himachal Pradesh,BILASPUR,2005,Rabi,Barley,203,236,1.162561576
Himachal Pradesh,BILASPUR,2005,Rabi,Garlic,30,17,0.566666667
Himachal Pradesh,BILASPUR,2005,Rabi,Gram,272,21,0.077205882
Himachal Pradesh,BILASPUR,2005,Rabi,Masoor,6,2,0.333333333
Himachal Pradesh,BILASPUR,2005,Rabi,Onion,53,227,4.283018868
Himachal Pradesh,BILASPUR,2005,Rabi,Peas & beans (Pulses),17,15,0.882352941
Himachal Pradesh,BILASPUR,2005,Rabi,Rapeseed &Mustard,79,10,0.126582278
Himachal Pradesh,BILASPUR,2005,Rabi,Wheat,26255,13983,0.53258427
Himachal Pradesh,BILASPUR,2005,Whole Year,Potato,24,69,2.875
Himachal Pradesh,BILASPUR,2005,Whole Year,Sugarcane,11,88,8
Himachal Pradesh,BILASPUR,2006,Kharif,Bajra,95,53,0.557894737
Himachal Pradesh,BILASPUR,2006,Kharif,Cotton(lint),2,1,0.5
Himachal Pradesh,BILASPUR,2006,Kharif,Dry chillies,11,4,0.363636364
Himachal Pradesh,BILASPUR,2006,Kharif,Dry ginger,100,328,3.28
Himachal Pradesh,BILASPUR,2006,Kharif,Horse-gram,11,7,0.636363636
Himachal Pradesh,BILASPUR,2006,Kharif,Maize,27283,56937,2.086903933
Himachal Pradesh,BILASPUR,2006,Kharif,Moong(Green Gram),7,4,0.571428571
Himachal Pradesh,BILASPUR,2006,Kharif,Other Kharif pulses,22,9,0.409090909
Himachal Pradesh,BILASPUR,2006,Kharif,Rice,1484,3851,2.595013477
Himachal Pradesh,BILASPUR,2006,Kharif,Sesamum,154,87,0.564935065
Himachal Pradesh,BILASPUR,2006,Kharif,Soyabean,7,12,1.714285714
Himachal Pradesh,BILASPUR,2006,Kharif,Turmeric,26,19,0.730769231
Himachal Pradesh,BILASPUR,2006,Kharif,Urad,87,56,0.643678161
Himachal Pradesh,BILASPUR,2006,Rabi,Barley,260,365,1.403846154
Himachal Pradesh,BILASPUR,2006,Rabi,Garlic,21,17,0.80952381
Himachal Pradesh,BILASPUR,2006,Rabi,Gram,161,39,0.242236025
Himachal Pradesh,BILASPUR,2006,Rabi,Masoor,7,6,0.857142857
Himachal Pradesh,BILASPUR,2006,Rabi,Onion,64,316,4.9375
Himachal Pradesh,BILASPUR,2006,Rabi,Other  Rabi pulses,7,6,0.857142857
Himachal Pradesh,BILASPUR,2006,Rabi,Peas & beans (Pulses),20,9,0.45
Himachal Pradesh,BILASPUR,2006,Rabi,Rapeseed &Mustard,214,55,0.257009346
Himachal Pradesh,BILASPUR,2006,Rabi,Wheat,26850,52627,1.960037244
Himachal Pradesh,BILASPUR,2006,Whole Year,Potato,35,151,4.314285714
Himachal Pradesh,BILASPUR,2006,Whole Year,Sugarcane,27,216,8
Himachal Pradesh,BILASPUR,2007,Kharif,Arhar/Tur,2,1,0.5
Himachal Pradesh,BILASPUR,2007,Kharif,Dry chillies,10,4,0.4
Himachal Pradesh,BILASPUR,2007,Kharif,Dry ginger,103,1012,9.825242718
Himachal Pradesh,BILASPUR,2007,Kharif,Horse-gram,22,14,0.636363636
Himachal Pradesh,BILASPUR,2007,Kharif,Maize,30985,70920,2.288849443
Himachal Pradesh,BILASPUR,2007,Kharif,Masoor,3,2,0.666666667
Himachal Pradesh,BILASPUR,2007,Kharif,Moong(Green Gram),32,16,0.5
Himachal Pradesh,BILASPUR,2007,Kharif,Peas & beans (Pulses),5,7,1.4
Himachal Pradesh,BILASPUR,2007,Kharif,Potato,31,269,8.677419355
Himachal Pradesh,BILASPUR,2007,Kharif,Ragi,17,21,1.235294118
Himachal Pradesh,BILASPUR,2007,Kharif,Rice,2123,4768,2.245878474
Himachal Pradesh,BILASPUR,2007,Kharif,Sesamum,148,71,0.47972973
Himachal Pradesh,BILASPUR,2007,Kharif,Sugarcane,15,120,8
Himachal Pradesh,BILASPUR,2007,Kharif,Urad,56,36,0.642857143
Himachal Pradesh,BILASPUR,2007,Rabi,Barley,167,198,1.185628743
Himachal Pradesh,BILASPUR,2007,Rabi,Garlic,23,32,1.391304348
Himachal Pradesh,BILASPUR,2007,Rabi,Gram,127,105,0.826771654
Himachal Pradesh,BILASPUR,2007,Rabi,Onion,70,502,7.171428571
Himachal Pradesh,BILASPUR,2007,Rabi,Rapeseed &Mustard,272,247,0.908088235
Himachal Pradesh,BILASPUR,2007,Rabi,Wheat,27255,42245,1.549990827
Himachal Pradesh,BILASPUR,2008,Kharif,Dry chillies,12,4,0.333333333
Himachal Pradesh,BILASPUR,2008,Kharif,Horse-gram,18,6,0.333333333
Himachal Pradesh,BILASPUR,2008,Kharif,Maize,26315,50879,1.933460004
Himachal Pradesh,BILASPUR,2008,Kharif,Moong(Green Gram),10,1,0.1
Himachal Pradesh,BILASPUR,2008,Kharif,Rice,1560,3257,2.087820513
Himachal Pradesh,BILASPUR,2008,Kharif,Sesamum,109,52,0.47706422
Himachal Pradesh,BILASPUR,2008,Kharif,Soyabean,15,21,1.4
Himachal Pradesh,BILASPUR,2008,Kharif,Sugarcane,6,48,8
Himachal Pradesh,BILASPUR,2008,Kharif,Turmeric,37,24,0.648648649
Himachal Pradesh,BILASPUR,2008,Kharif,Urad,71,41,0.577464789
Himachal Pradesh,BILASPUR,2008,Rabi,Barley,183,166,0.907103825
Himachal Pradesh,BILASPUR,2008,Rabi,Gram,156,16,0.102564103
Himachal Pradesh,BILASPUR,2008,Rabi,Onion,78,558,7.153846154
Himachal Pradesh,BILASPUR,2008,Rabi,Peas & beans (Pulses),2,,
Himachal Pradesh,BILASPUR,2008,Rabi,Potato,12,5,0.416666667
Himachal Pradesh,BILASPUR,2008,Rabi,Rapeseed &Mustard,161,26,0.161490683
Himachal Pradesh,BILASPUR,2008,Rabi,Wheat,26520,17496,0.659728507
Himachal Pradesh,BILASPUR,2010,Kharif,Arhar/Tur,1,,
Himachal Pradesh,BILASPUR,2010,Kharif,Ginger,78,1112,14.25641026
Himachal Pradesh,BILASPUR,2010,Kharif,Horse-gram,1,1,1
Himachal Pradesh,BILASPUR,2010,Kharif,Maize,26799,53627,2.00108213
Himachal Pradesh,BILASPUR,2010,Kharif,Moong(Green Gram),5,3,0.6
Himachal Pradesh,BILASPUR,2010,Kharif,Moth,2,1,0.5
Himachal Pradesh,BILASPUR,2010,Kharif,Other Kharif pulses,25,10,0.4
Himachal Pradesh,BILASPUR,2010,Kharif,Rice,1540,2956,1.919480519
Himachal Pradesh,BILASPUR,2010,Kharif,Sesamum,112,63,0.5625
Himachal Pradesh,BILASPUR,2010,Kharif,Soyabean,8,13,1.625
Himachal Pradesh,BILASPUR,2010,Kharif,Urad,34,22,0.647058824
Himachal Pradesh,BILASPUR,2010,Rabi,Barley,179,258,1.441340782
Himachal Pradesh,BILASPUR,2010,Rabi,Gram,83,88,1.060240964
Himachal Pradesh,BILASPUR,2010,Rabi,Onion,84,607,7.226190476
Himachal Pradesh,BILASPUR,2010,Rabi,Peas & beans (Pulses),4,7,1.75
Himachal Pradesh,BILASPUR,2010,Rabi,Potato,12,104,8.666666667
Himachal Pradesh,BILASPUR,2010,Rabi,Rapeseed &Mustard,421,466,1.106888361
Himachal Pradesh,BILASPUR,2010,Rabi,Wheat,26439,58842,2.225575854
Himachal Pradesh,BILASPUR,2010,Whole Year,Dry chillies,12,5,0.416666667
Himachal Pradesh,BILASPUR,2010,Whole Year,Sugarcane,6,48,8
Himachal Pradesh,BILASPUR,2010,Whole Year,Turmeric,37,27,0.72972973
Himachal Pradesh,CHAMBA,1998,Kharif,Horse-gram,333,141,0.423423423
Himachal Pradesh,CHAMBA,1998,Kharif,Maize,29161,75026,2.572819862
Himachal Pradesh,CHAMBA,1998,Kharif,Moong(Green Gram),4,1,0.25
Himachal Pradesh,CHAMBA,1998,Kharif,Potato,533,6274,11.77110694
Himachal Pradesh,CHAMBA,1998,Kharif,Rice,2891,3878,1.341404358
Himachal Pradesh,CHAMBA,1998,Kharif,Sesamum,63,20,0.317460317
Himachal Pradesh,CHAMBA,1998,Kharif,Small millets,1801,456,0.253192671
Himachal Pradesh,CHAMBA,1998,Kharif,Urad,2198,837,0.380800728
Himachal Pradesh,CHAMBA,1998,Rabi,Barley,3752,3936,1.049040512
Himachal Pradesh,CHAMBA,1998,Rabi,Coriander,14,4,0.285714286
Himachal Pradesh,CHAMBA,1998,Rabi,Linseed,21,3,0.142857143
Himachal Pradesh,CHAMBA,1998,Rabi,Masoor,57,13,0.228070175
Himachal Pradesh,CHAMBA,1998,Rabi,Peas & beans (Pulses),230,275,1.195652174
Himachal Pradesh,CHAMBA,1998,Rabi,Potato,26,306,11.76923077
Himachal Pradesh,CHAMBA,1998,Rabi,Rapeseed &Mustard,2509,719,0.286568354
Himachal Pradesh,CHAMBA,1998,Rabi,Wheat,19771,20453,1.034494967
Himachal Pradesh,CHAMBA,1998,Whole Year,Dry chillies,39,9,0.230769231
Himachal Pradesh,CHAMBA,1998,Whole Year,Dry ginger,3,,
Himachal Pradesh,CHAMBA,1998,Whole Year,Garlic,69,41,0.594202899
Himachal Pradesh,CHAMBA,1998,Whole Year,Tobacco,46,5,0.108695652
Himachal Pradesh,CHAMBA,1999,Kharif,Maize,25307,58717,2.32018809
Himachal Pradesh,CHAMBA,1999,Kharif,Masoor,16,4,0.25
Himachal Pradesh,CHAMBA,1999,Kharif,Moong(Green Gram),147,63,0.428571429
Himachal Pradesh,CHAMBA,1999,Kharif,Peas & beans (Pulses),125,149,1.192
Himachal Pradesh,CHAMBA,1999,Kharif,Rice,2828,3955,1.398514851
Himachal Pradesh,CHAMBA,1999,Kharif,Sesamum,57,16,0.280701754
Himachal Pradesh,CHAMBA,1999,Kharif,Small millets,1751,443,0.252998287
Himachal Pradesh,CHAMBA,1999,Kharif,Urad,2410,815,0.338174274
Himachal Pradesh,CHAMBA,1999,Rabi,Barley,3841,5091,1.325436084
Himachal Pradesh,CHAMBA,1999,Rabi,Linseed,53,10,0.188679245
Himachal Pradesh,CHAMBA,1999,Rabi,Rapeseed &Mustard,3575,838,0.234405594
Himachal Pradesh,CHAMBA,1999,Rabi,Wheat,20901,32143,1.537869001
Himachal Pradesh,CHAMBA,1999,Whole Year,Dry chillies,29,7,0.24137931
Himachal Pradesh,CHAMBA,1999,Whole Year,Potato,612,5359,8.756535948
Himachal Pradesh,CHAMBA,2000,Kharif,Bajra,4,2,0.5
Himachal Pradesh,CHAMBA,2000,Kharif,Horse-gram,349,89,0.255014327
Himachal Pradesh,CHAMBA,2000,Kharif,Jowar,1,0.1,0.1
Himachal Pradesh,CHAMBA,2000,Kharif,Maize,24583,61721,2.510718789
Himachal Pradesh,CHAMBA,2000,Kharif,Masoor,42,11,0.261904762
Himachal Pradesh,CHAMBA,2000,Kharif,Moong(Green Gram),134,38,0.28358209
Himachal Pradesh,CHAMBA,2000,Kharif,Other Kharif pulses,648,139,0.214506173
Himachal Pradesh,CHAMBA,2000,Kharif,Rice,2594,3804,1.466461064
Himachal Pradesh,CHAMBA,2000,Kharif,Sesamum,27,6,0.222222222
Himachal Pradesh,CHAMBA,2000,Kharif,Small millets,1728,365,0.211226852
Himachal Pradesh,CHAMBA,2000,Kharif,Urad,2361,659,0.279119017
Himachal Pradesh,CHAMBA,2000,Rabi,Barley,4027,3410,0.846784207
Himachal Pradesh,CHAMBA,2000,Rabi,Linseed,53,6,0.113207547
Himachal Pradesh,CHAMBA,2000,Rabi,Rapeseed &Mustard,2740,545,0.198905109
Himachal Pradesh,CHAMBA,2000,Rabi,Wheat,20005,14088,0.704223944
Himachal Pradesh,CHAMBA,2001,Kharif,Bajra,1,1,1
Himachal Pradesh,CHAMBA,2001,Kharif,Dry ginger,3,33,11
Himachal Pradesh,CHAMBA,2001,Kharif,Horse-gram,281,119,0.423487544
Himachal Pradesh,CHAMBA,2001,Kharif,Maize,27875,82352,2.954331839
Himachal Pradesh,CHAMBA,2001,Kharif,Masoor,36,12,0.333333333
Himachal Pradesh,CHAMBA,2001,Kharif,Moong(Green Gram),4,2,0.5
Himachal Pradesh,CHAMBA,2001,Kharif,Other Kharif pulses,748,246,0.328877005
Himachal Pradesh,CHAMBA,2001,Kharif,Peas & beans (Pulses),193,256,1.32642487
Himachal Pradesh,CHAMBA,2001,Kharif,Rice,2796,3959,1.415951359
Himachal Pradesh,CHAMBA,2001,Kharif,Sesamum,48,17,0.354166667
Himachal Pradesh,CHAMBA,2001,Kharif,Small millets,1820,458,0.251648352
Himachal Pradesh,CHAMBA,2001,Kharif,Urad,2029,858,0.422868408
Himachal Pradesh,CHAMBA,2001,Rabi,Barley,4474,6923,1.54738489
Himachal Pradesh,CHAMBA,2001,Rabi,Gram,2,1,0.5
Himachal Pradesh,CHAMBA,2001,Rabi,Linseed,50,9,0.18
Himachal Pradesh,CHAMBA,2001,Rabi,Rapeseed &Mustard,2955,839,0.28392555
Himachal Pradesh,CHAMBA,2001,Rabi,Wheat,22139,37741,1.704729211
Himachal Pradesh,CHAMBA,2001,Whole Year,Coriander,16,5,0.3125
Himachal Pradesh,CHAMBA,2001,Whole Year,Dry chillies,39,9,0.230769231
Himachal Pradesh,CHAMBA,2001,Whole Year,Garlic,75,44,0.586666667
Himachal Pradesh,CHAMBA,2001,Whole Year,Onion,62,442,7.129032258
Himachal Pradesh,CHAMBA,2001,Whole Year,Potato,604,6276,10.39072848
Himachal Pradesh,CHAMBA,2001,Whole Year,Tobacco,20,23,1.15
Himachal Pradesh,CHAMBA,2002,Kharif,Dry ginger,2,14,7
Himachal Pradesh,CHAMBA,2002,Kharif,Horse-gram,321,92,0.286604361
Himachal Pradesh,CHAMBA,2002,Kharif,Maize,28665,56269,1.96298622
Himachal Pradesh,CHAMBA,2002,Kharif,Masoor,14,3,0.214285714
Himachal Pradesh,CHAMBA,2002,Kharif,Moong(Green Gram),134,48,0.358208955
Himachal Pradesh,CHAMBA,2002,Kharif,Other Kharif pulses,622,138,0.221864952
Himachal Pradesh,CHAMBA,2002,Kharif,Peas & beans (Pulses),11,13,1.181818182
Himachal Pradesh,CHAMBA,2002,Kharif,Rice,2806,4996,1.780470421
Himachal Pradesh,CHAMBA,2002,Kharif,Sesamum,49,7,0.142857143
Himachal Pradesh,CHAMBA,2002,Kharif,Small millets,1824,251,0.137609649
Himachal Pradesh,CHAMBA,2002,Kharif,Soyabean,1,0,0
Himachal Pradesh,CHAMBA,2002,Kharif,Urad,2155,610,0.283062645
Himachal Pradesh,CHAMBA,2002,Rabi,Barley,3420,3259,0.952923977
Himachal Pradesh,CHAMBA,2002,Rabi,Linseed,38,7,0.184210526
Himachal Pradesh,CHAMBA,2002,Rabi,Other  Rabi pulses,20,6,0.3
Himachal Pradesh,CHAMBA,2002,Rabi,Rapeseed &Mustard,2618,740,0.282658518
Himachal Pradesh,CHAMBA,2002,Rabi,Wheat,19628,22906,1.167006318
Himachal Pradesh,CHAMBA,2002,Whole Year,Coriander,10,3,0.3
Himachal Pradesh,CHAMBA,2002,Whole Year,Dry chillies,30,1,0.033333333
Himachal Pradesh,CHAMBA,2002,Whole Year,Garlic,58,20,0.344827586
Himachal Pradesh,CHAMBA,2002,Whole Year,Onion,79,563,7.126582278
Himachal Pradesh,CHAMBA,2002,Whole Year,Potato,680,6577,9.672058824
Himachal Pradesh,CHAMBA,2002,Whole Year,Tobacco,31,36,1.161290323
Himachal Pradesh,CHAMBA,2003,Kharif,Dry ginger,1,7,7
Himachal Pradesh,CHAMBA,2003,Kharif,Maize,28395,86355,3.041204437
Himachal Pradesh,CHAMBA,2003,Kharif,Rice,2710,4496,1.65904059
Himachal Pradesh,CHAMBA,2003,Rabi,Barley,3477,305,0.087719298
Himachal Pradesh,CHAMBA,2003,Rabi,Wheat,20764,21976,1.058370256
Himachal Pradesh,CHAMBA,2003,Whole Year,Potato,684,7726,11.29532164
Himachal Pradesh,CHAMBA,2004,Kharif,Dry ginger,1,7,7
Himachal Pradesh,CHAMBA,2004,Kharif,Maize,28041,72559,2.587603866
Himachal Pradesh,CHAMBA,2004,Kharif,Rice,2760,4193,1.519202899
Himachal Pradesh,CHAMBA,2004,Rabi,Barley,3455,4618,1.336613603
Himachal Pradesh,CHAMBA,2004,Rabi,Wheat,20202,31049,1.536927037
Himachal Pradesh,CHAMBA,2004,Whole Year,Potato,680,7887,11.59852941
Himachal Pradesh,CHAMBA,2005,Kharif,Dry chillies,49,4,0.081632653
Himachal Pradesh,CHAMBA,2005,Kharif,Dry ginger,1,7,7
Himachal Pradesh,CHAMBA,2005,Kharif,Horse-gram,314,70,0.222929936
Himachal Pradesh,CHAMBA,2005,Kharif,Maize,28263,34704,1.227895128
Himachal Pradesh,CHAMBA,2005,Kharif,Moong(Green Gram),20,4,0.2
Himachal Pradesh,CHAMBA,2005,Kharif,Moth,5,1,0.2
Himachal Pradesh,CHAMBA,2005,Kharif,Other Kharif pulses,983,221,0.224821974
Himachal Pradesh,CHAMBA,2005,Kharif,Ragi,18,3,0.166666667
Himachal Pradesh,CHAMBA,2005,Kharif,Rice,2772,4585,1.654040404
Himachal Pradesh,CHAMBA,2005,Kharif,Sesamum,45,2,0.044444444
Himachal Pradesh,CHAMBA,2005,Kharif,Small millets,1461,107,0.073237509
Himachal Pradesh,CHAMBA,2005,Kharif,Urad,1871,418,0.223409941
Himachal Pradesh,CHAMBA,2005,Rabi,Barley,3103,2370,0.76377699
Himachal Pradesh,CHAMBA,2005,Rabi,Coriander,10,1,0.1
Himachal Pradesh,CHAMBA,2005,Rabi,Garlic,57,5,0.087719298
Himachal Pradesh,CHAMBA,2005,Rabi,Linseed,46,4,0.086956522
Himachal Pradesh,CHAMBA,2005,Rabi,Masoor,22,1,0.045454545
Himachal Pradesh,CHAMBA,2005,Rabi,Onion,58,116,2
Himachal Pradesh,CHAMBA,2005,Rabi,Rapeseed &Mustard,2954,142,0.048070413
Himachal Pradesh,CHAMBA,2005,Rabi,Wheat,16977,15818,0.931731166
Himachal Pradesh,CHAMBA,2005,Whole Year,Potato,688,4891,7.109011628
Himachal Pradesh,CHAMBA,2006,Kharif,Arhar/Tur,45,16,0.355555556
Himachal Pradesh,CHAMBA,2006,Kharif,Dry chillies,48,13,0.270833333
Himachal Pradesh,CHAMBA,2006,Kharif,Dry ginger,3,5,1.666666667
Himachal Pradesh,CHAMBA,2006,Kharif,Horse-gram,362,125,0.345303867
Himachal Pradesh,CHAMBA,2006,Kharif,Maize,29233,74772,2.557794274
Himachal Pradesh,CHAMBA,2006,Kharif,Moong(Green Gram),24,12,0.5
Himachal Pradesh,CHAMBA,2006,Kharif,Moth,7,2,0.285714286
Himachal Pradesh,CHAMBA,2006,Kharif,Other Kharif pulses,784,886,1.130102041
Himachal Pradesh,CHAMBA,2006,Kharif,Ragi,17,12,0.705882353
Himachal Pradesh,CHAMBA,2006,Kharif,Rice,2726,4031,1.478723404
Himachal Pradesh,CHAMBA,2006,Kharif,Sesamum,41,23,0.56097561
Himachal Pradesh,CHAMBA,2006,Kharif,Small millets,1408,424,0.301136364
Himachal Pradesh,CHAMBA,2006,Kharif,Urad,1982,870,0.438950555
Himachal Pradesh,CHAMBA,2006,Rabi,Barley,3564,4944,1.387205387
Himachal Pradesh,CHAMBA,2006,Rabi,Coriander,17,4,0.235294118
Himachal Pradesh,CHAMBA,2006,Rabi,Garlic,50,22,0.44
Himachal Pradesh,CHAMBA,2006,Rabi,Linseed,41,8,0.195121951
Himachal Pradesh,CHAMBA,2006,Rabi,Masoor,17,6,0.352941176
Himachal Pradesh,CHAMBA,2006,Rabi,Onion,58,378,6.517241379
Himachal Pradesh,CHAMBA,2006,Rabi,Other  Rabi pulses,17,6,0.352941176
Himachal Pradesh,CHAMBA,2006,Rabi,Peas & beans (Pulses),27,22,0.814814815
Himachal Pradesh,CHAMBA,2006,Rabi,Rapeseed &Mustard,2626,635,0.241812643
Himachal Pradesh,CHAMBA,2006,Rabi,Wheat,20723,31082,1.499879361
Himachal Pradesh,CHAMBA,2006,Whole Year,Potato,723,6602,9.131396957
Himachal Pradesh,CHAMBA,2007,Kharif,Dry chillies,45,19,0.422222222
Himachal Pradesh,CHAMBA,2007,Kharif,Dry ginger,4,32,8
Himachal Pradesh,CHAMBA,2007,Kharif,Groundnut,2,2,1
Himachal Pradesh,CHAMBA,2007,Kharif,Horse-gram,318,110,0.34591195
Himachal Pradesh,CHAMBA,2007,Kharif,Maize,28418,49694,1.748680414
Himachal Pradesh,CHAMBA,2007,Kharif,Masoor,10,6,0.6
Himachal Pradesh,CHAMBA,2007,Kharif,Moong(Green Gram),42,21,0.5
Himachal Pradesh,CHAMBA,2007,Kharif,Peas & beans (Pulses),48,40,0.833333333
Himachal Pradesh,CHAMBA,2007,Kharif,Potato,715,7371,10.30909091
Himachal Pradesh,CHAMBA,2007,Kharif,Ragi,1,1,1
Himachal Pradesh,CHAMBA,2007,Kharif,Rice,2706,3345,1.236141907
Himachal Pradesh,CHAMBA,2007,Kharif,Sesamum,45,16,0.355555556
Himachal Pradesh,CHAMBA,2007,Kharif,Small millets,1523,458,0.300722259
Himachal Pradesh,CHAMBA,2007,Kharif,Urad,1945,854,0.43907455
Himachal Pradesh,CHAMBA,2007,Rabi,Barley,3564,3677,1.031705948
Himachal Pradesh,CHAMBA,2007,Rabi,Coriander,15,1,0.066666667
Himachal Pradesh,CHAMBA,2007,Rabi,Garlic,65,29,0.446153846
Himachal Pradesh,CHAMBA,2007,Rabi,Linseed,38,7,0.184210526
Himachal Pradesh,CHAMBA,2007,Rabi,Onion,54,302,5.592592593
Himachal Pradesh,CHAMBA,2007,Rabi,Rapeseed &Mustard,2724,531,0.194933921
Himachal Pradesh,CHAMBA,2007,Rabi,Wheat,21086,20011,0.949018306
Himachal Pradesh,CHAMBA,2008,Kharif,Dry chillies,18,5,0.277777778
Himachal Pradesh,CHAMBA,2008,Kharif,Horse-gram,336,92,0.273809524
Himachal Pradesh,CHAMBA,2008,Kharif,Maize,28389,73987,2.606185494
Himachal Pradesh,CHAMBA,2008,Kharif,Moong(Green Gram),26,10,0.384615385
Himachal Pradesh,CHAMBA,2008,Kharif,Moth,7,2,0.285714286
Himachal Pradesh,CHAMBA,2008,Kharif,Other Kharif pulses,6,2,0.333333333
Himachal Pradesh,CHAMBA,2008,Kharif,Potato,433,3136,7.242494226
Himachal Pradesh,CHAMBA,2008,Kharif,Ragi,7,5,0.714285714
Himachal Pradesh,CHAMBA,2008,Kharif,Rice,2666,3285,1.232183046
Himachal Pradesh,CHAMBA,2008,Kharif,Sesamum,36,13,0.361111111
Himachal Pradesh,CHAMBA,2008,Kharif,Small millets,1182,356,0.301184433
Himachal Pradesh,CHAMBA,2008,Kharif,Urad,1926,668,0.346832814
Himachal Pradesh,CHAMBA,2008,Rabi,Barley,3939,4272,1.084539223
Himachal Pradesh,CHAMBA,2008,Rabi,Coriander,7,3,0.428571429
Himachal Pradesh,CHAMBA,2008,Rabi,Garlic,147,82,0.557823129
Himachal Pradesh,CHAMBA,2008,Rabi,Masoor,3,2,0.666666667
Himachal Pradesh,CHAMBA,2008,Rabi,Onion,46,374,8.130434783
Himachal Pradesh,CHAMBA,2008,Rabi,Peas & beans (Pulses),86,130,1.511627907
Himachal Pradesh,CHAMBA,2008,Rabi,Potato,107,576,5.38317757
Himachal Pradesh,CHAMBA,2008,Rabi,Rapeseed &Mustard,3171,908,0.286345002
Himachal Pradesh,CHAMBA,2008,Rabi,Wheat,20667,27898,1.349881454
Himachal Pradesh,CHAMBA,2010,Kharif,Coriander,3,1,0.333333333
Himachal Pradesh,CHAMBA,2010,Kharif,Ginger,3,23,7.666666667
Himachal Pradesh,CHAMBA,2010,Kharif,Horse-gram,327,113,0.345565749
Himachal Pradesh,CHAMBA,2010,Kharif,Maize,27525,73158,2.657874659
Himachal Pradesh,CHAMBA,2010,Kharif,Moong(Green Gram),123,60,0.487804878
Himachal Pradesh,CHAMBA,2010,Kharif,Moth,41,15,0.365853659
Himachal Pradesh,CHAMBA,2010,Kharif,Other Kharif pulses,1027,1156,1.125608569
Himachal Pradesh,CHAMBA,2010,Kharif,Peas & beans (Pulses),308,602,1.954545455
Himachal Pradesh,CHAMBA,2010,Kharif,Potato,608,6516,10.71710526
Himachal Pradesh,CHAMBA,2010,Kharif,Ragi,48,33,0.6875
Himachal Pradesh,CHAMBA,2010,Kharif,Rice,3506,5767,1.644894467
Himachal Pradesh,CHAMBA,2010,Kharif,Sesamum,28,10,0.357142857
Himachal Pradesh,CHAMBA,2010,Kharif,Small millets,1230,370,0.300813008
Himachal Pradesh,CHAMBA,2010,Kharif,Soyabean,2,3,1.5
Himachal Pradesh,CHAMBA,2010,Kharif,Urad,1826,802,0.439211391
Himachal Pradesh,CHAMBA,2010,Rabi,Barley,3756,3925,1.044994675
Himachal Pradesh,CHAMBA,2010,Rabi,Coriander,6,2,0.333333333
Himachal Pradesh,CHAMBA,2010,Rabi,Garlic,37,23,0.621621622
Himachal Pradesh,CHAMBA,2010,Rabi,Linseed,34,7,0.205882353
Himachal Pradesh,CHAMBA,2010,Rabi,Masoor,17,16,0.941176471
Himachal Pradesh,CHAMBA,2010,Rabi,Onion,52,529,10.17307692
Himachal Pradesh,CHAMBA,2010,Rabi,Peas & beans (Pulses),157,307,1.955414013
Himachal Pradesh,CHAMBA,2010,Rabi,Potato,178,1669,9.376404494
Himachal Pradesh,CHAMBA,2010,Rabi,Rapeseed &Mustard,3074,907,0.295055303
Himachal Pradesh,CHAMBA,2010,Rabi,Wheat,20801,35521,1.707658286
Himachal Pradesh,CHAMBA,2010,Whole Year,Dry chillies,50,21,0.42
Himachal Pradesh,HAMIRPUR,1998,Kharif,Bajra,2,1,0.5
Himachal Pradesh,HAMIRPUR,1998,Kharif,Horse-gram,109,51,0.467889908
Himachal Pradesh,HAMIRPUR,1998,Kharif,Maize,32556,58770,1.805197199
Himachal Pradesh,HAMIRPUR,1998,Kharif,Rice,2697,4040,1.497960697
Himachal Pradesh,HAMIRPUR,1998,Kharif,Sesamum,54,25,0.462962963
Himachal Pradesh,HAMIRPUR,1998,Kharif,Small millets,13,3,0.230769231
Himachal Pradesh,HAMIRPUR,1998,Kharif,Urad,165,77,0.466666667
Himachal Pradesh,HAMIRPUR,1998,Rabi,Barley,134,139,1.037313433
Himachal Pradesh,HAMIRPUR,1998,Rabi,Coriander,1,1,1
Himachal Pradesh,HAMIRPUR,1998,Rabi,Gram,29,9,0.310344828
Himachal Pradesh,HAMIRPUR,1998,Rabi,Linseed,3,1,0.333333333
Himachal Pradesh,HAMIRPUR,1998,Rabi,Masoor,19,6,0.315789474
Himachal Pradesh,HAMIRPUR,1998,Rabi,Peas & beans (Pulses),2,2,1
Himachal Pradesh,HAMIRPUR,1998,Rabi,Potato,13,153,11.76923077
Himachal Pradesh,HAMIRPUR,1998,Rabi,Rapeseed &Mustard,198,255,1.287878788
Himachal Pradesh,HAMIRPUR,1998,Rabi,Wheat,35035,45844,1.308520051
Himachal Pradesh,HAMIRPUR,1998,Whole Year,Cotton(lint),2,1,0.5
Himachal Pradesh,HAMIRPUR,1998,Whole Year,Dry chillies,6,1,0.166666667
Himachal Pradesh,HAMIRPUR,1998,Whole Year,Dry ginger,7,7,1
Himachal Pradesh,HAMIRPUR,1998,Whole Year,Garlic,8,9,1.125
Himachal Pradesh,HAMIRPUR,1998,Whole Year,Turmeric,25,18,0.72
Himachal Pradesh,HAMIRPUR,1999,Kharif,Horse-gram,81,42,0.518518519
Himachal Pradesh,HAMIRPUR,1999,Kharif,Maize,32036,59482,1.856723686
Himachal Pradesh,HAMIRPUR,1999,Kharif,Masoor,19,5,0.263157895
Himachal Pradesh,HAMIRPUR,1999,Kharif,Rice,2488,4006,1.610128617
Himachal Pradesh,HAMIRPUR,1999,Kharif,Sesamum,62,36,0.580645161
Himachal Pradesh,HAMIRPUR,1999,Kharif,Small millets,4,1,0.25
Himachal Pradesh,HAMIRPUR,1999,Kharif,Urad,115,54,0.469565217
Himachal Pradesh,HAMIRPUR,1999,Rabi,Barley,130,163,1.253846154
Himachal Pradesh,HAMIRPUR,1999,Rabi,Gram,22,8,0.363636364
Himachal Pradesh,HAMIRPUR,1999,Rabi,Linseed,3,0,0
Himachal Pradesh,HAMIRPUR,1999,Rabi,Rapeseed &Mustard,191,126,0.659685864
Himachal Pradesh,HAMIRPUR,1999,Rabi,Wheat,34993,42270,1.207955877
Himachal Pradesh,HAMIRPUR,1999,Whole Year,Sugarcane,64,83,1.296875
Himachal Pradesh,HAMIRPUR,2000,Kharif,Bajra,4,2,0.5
Himachal Pradesh,HAMIRPUR,2000,Kharif,Horse-gram,47,17,0.361702128
Himachal Pradesh,HAMIRPUR,2000,Kharif,Maize,30834,63176,2.048907051
Himachal Pradesh,HAMIRPUR,2000,Kharif,Masoor,5,1,0.2
Himachal Pradesh,HAMIRPUR,2000,Kharif,Rice,2403,2997,1.247191011
Himachal Pradesh,HAMIRPUR,2000,Kharif,Sesamum,30,14,0.466666667
Himachal Pradesh,HAMIRPUR,2000,Kharif,Urad,70,26,0.371428571
Himachal Pradesh,HAMIRPUR,2000,Rabi,Barley,103,86,0.834951456
Himachal Pradesh,HAMIRPUR,2000,Rabi,Gram,12,2,0.166666667
Himachal Pradesh,HAMIRPUR,2000,Rabi,Rapeseed &Mustard,138,69,0.5
Himachal Pradesh,HAMIRPUR,2000,Rabi,Wheat,34755,7948,0.22868652
Himachal Pradesh,HAMIRPUR,2000,Whole Year,Sugarcane,47,42,0.893617021
Himachal Pradesh,HAMIRPUR,2001,Kharif,Bajra,1,1,1
Himachal Pradesh,HAMIRPUR,2001,Kharif,Dry ginger,7,78,11.14285714
Himachal Pradesh,HAMIRPUR,2001,Kharif,Horse-gram,35,16,0.457142857
Himachal Pradesh,HAMIRPUR,2001,Kharif,Maize,32328,72840,2.25315516
Himachal Pradesh,HAMIRPUR,2001,Kharif,Masoor,7,2,0.285714286
Himachal Pradesh,HAMIRPUR,2001,Kharif,Other Kharif pulses,2,1,0.5
Himachal Pradesh,HAMIRPUR,2001,Kharif,Rice,2524,3590,1.422345483
Himachal Pradesh,HAMIRPUR,2001,Kharif,Sesamum,28,14,0.5
Himachal Pradesh,HAMIRPUR,2001,Kharif,Small millets,3,2,0.666666667
Himachal Pradesh,HAMIRPUR,2001,Kharif,Soyabean,1,1,1
Himachal Pradesh,HAMIRPUR,2001,Kharif,Urad,77,36,0.467532468
Himachal Pradesh,HAMIRPUR,2001,Rabi,Barley,110,153,1.390909091
Himachal Pradesh,HAMIRPUR,2001,Rabi,Gram,8,2,0.25
Himachal Pradesh,HAMIRPUR,2001,Rabi,Linseed,1,1,1
Himachal Pradesh,HAMIRPUR,2001,Rabi,Rapeseed &Mustard,127,83,0.653543307
Himachal Pradesh,HAMIRPUR,2001,Rabi,Wheat,34245,53841,1.572229523
Himachal Pradesh,HAMIRPUR,2001,Whole Year,Coriander,3,8,2.666666667
Himachal Pradesh,HAMIRPUR,2001,Whole Year,Dry chillies,2,1,0.5
Himachal Pradesh,HAMIRPUR,2001,Whole Year,Garlic,8,8,1
Himachal Pradesh,HAMIRPUR,2001,Whole Year,Onion,31,221,7.129032258
Himachal Pradesh,HAMIRPUR,2001,Whole Year,Potato,11,86,7.818181818
Himachal Pradesh,HAMIRPUR,2001,Whole Year,Sugarcane,56,58,1.035714286
Himachal Pradesh,HAMIRPUR,2001,Whole Year,Turmeric,30,17,0.566666667
Himachal Pradesh,HAMIRPUR,2002,Kharif,Bajra,1,0,0
Himachal Pradesh,HAMIRPUR,2002,Kharif,Cotton(lint),3,2,0.666666667
Himachal Pradesh,HAMIRPUR,2002,Kharif,Dry ginger,8,56,7
Himachal Pradesh,HAMIRPUR,2002,Kharif,Horse-gram,62,11,0.177419355
Himachal Pradesh,HAMIRPUR,2002,Kharif,Maize,30151,46147,1.530529667
Himachal Pradesh,HAMIRPUR,2002,Kharif,Masoor,5,2,0.4
Himachal Pradesh,HAMIRPUR,2002,Kharif,Other Kharif pulses,1,0,0
Himachal Pradesh,HAMIRPUR,2002,Kharif,Rice,4627,2998,0.647936028
Himachal Pradesh,HAMIRPUR,2002,Kharif,Sesamum,31,16,0.516129032
Himachal Pradesh,HAMIRPUR,2002,Kharif,Small millets,2,1,0.5
Himachal Pradesh,HAMIRPUR,2002,Kharif,Urad,160,29,0.18125
Himachal Pradesh,HAMIRPUR,2002,Rabi,Barley,96,125,1.302083333
Himachal Pradesh,HAMIRPUR,2002,Rabi,Gram,8,3,0.375
Himachal Pradesh,HAMIRPUR,2002,Rabi,Linseed,1,0,0
Himachal Pradesh,HAMIRPUR,2002,Rabi,Rapeseed &Mustard,106,85,0.801886792
Himachal Pradesh,HAMIRPUR,2002,Rabi,Wheat,34400,40183,1.168110465
Himachal Pradesh,HAMIRPUR,2002,Whole Year,Coriander,1,,
Himachal Pradesh,HAMIRPUR,2002,Whole Year,Dry chillies,2,,
Himachal Pradesh,HAMIRPUR,2002,Whole Year,Garlic,9,12,1.333333333
Himachal Pradesh,HAMIRPUR,2002,Whole Year,Onion,37,264,7.135135135
Himachal Pradesh,HAMIRPUR,2002,Whole Year,Potato,8,80,10
Himachal Pradesh,HAMIRPUR,2002,Whole Year,Sugarcane,44,57,1.295454545
Himachal Pradesh,HAMIRPUR,2002,Whole Year,Turmeric,30,21,0.7
Himachal Pradesh,HAMIRPUR,2003,Kharif,Maize,32279,60798,1.883515598
Himachal Pradesh,HAMIRPUR,2003,Kharif,Rice,2287,2833,1.238740708
Himachal Pradesh,HAMIRPUR,2003,Rabi,Barley,83,96,1.156626506
Himachal Pradesh,HAMIRPUR,2003,Rabi,Wheat,34305,46197,1.346655007
Himachal Pradesh,HAMIRPUR,2003,Whole Year,Potato,7,81,11.57142857
Himachal Pradesh,HAMIRPUR,2004,Kharif,Bajra,2,2,1
Himachal Pradesh,HAMIRPUR,2004,Kharif,Maize,32194,63705,1.978784867
Himachal Pradesh,HAMIRPUR,2004,Kharif,Rice,2261,2364,1.045555064
Himachal Pradesh,HAMIRPUR,2004,Rabi,Barley,68,98,1.441176471
Himachal Pradesh,HAMIRPUR,2004,Rabi,Wheat,34689,71439,2.059413647
Himachal Pradesh,HAMIRPUR,2004,Whole Year,Potato,4,40,10
Himachal Pradesh,HAMIRPUR,2005,Kharif,Dry ginger,2,15,7.5
Himachal Pradesh,HAMIRPUR,2005,Kharif,Horse-gram,22,6,0.272727273
Himachal Pradesh,HAMIRPUR,2005,Kharif,Maize,31716,51414,1.621074537
Himachal Pradesh,HAMIRPUR,2005,Kharif,Ragi,4,3,0.75
Himachal Pradesh,HAMIRPUR,2005,Kharif,Rice,2421,3253,1.343659645
Himachal Pradesh,HAMIRPUR,2005,Kharif,Sesamum,4,2,0.5
Himachal Pradesh,HAMIRPUR,2005,Kharif,Turmeric,33,14,0.424242424
Himachal Pradesh,HAMIRPUR,2005,Kharif,Urad,39,10,0.256410256
Himachal Pradesh,HAMIRPUR,2005,Rabi,Barley,75,87,1.16
Himachal Pradesh,HAMIRPUR,2005,Rabi,Garlic,18,23,1.277777778
Himachal Pradesh,HAMIRPUR,2005,Rabi,Gram,6,1,0.166666667
Himachal Pradesh,HAMIRPUR,2005,Rabi,Onion,46,295,6.413043478
Himachal Pradesh,HAMIRPUR,2005,Rabi,Rapeseed &Mustard,88,24,0.272727273
Himachal Pradesh,HAMIRPUR,2005,Rabi,Wheat,33641,28037,0.833417556
Himachal Pradesh,HAMIRPUR,2005,Whole Year,Potato,9,20,2.222222222
Himachal Pradesh,HAMIRPUR,2005,Whole Year,Sugarcane,53,254,4.79245283
Himachal Pradesh,HAMIRPUR,2006,Kharif,Dry chillies,1,,
Himachal Pradesh,HAMIRPUR,2006,Kharif,Dry ginger,10,16,1.6
Himachal Pradesh,HAMIRPUR,2006,Kharif,Horse-gram,24,7,0.291666667
Himachal Pradesh,HAMIRPUR,2006,Kharif,Maize,32333,66668,2.061918164
Himachal Pradesh,HAMIRPUR,2006,Kharif,Moong(Green Gram),4,2,0.5
Himachal Pradesh,HAMIRPUR,2006,Kharif,Other Kharif pulses,1,1,1
Himachal Pradesh,HAMIRPUR,2006,Kharif,Ragi,7,7,1
Himachal Pradesh,HAMIRPUR,2006,Kharif,Rice,2056,3084,1.5
Himachal Pradesh,HAMIRPUR,2006,Kharif,Sesamum,5,3,0.6
Himachal Pradesh,HAMIRPUR,2006,Kharif,Turmeric,32,17,0.53125
Himachal Pradesh,HAMIRPUR,2006,Kharif,Urad,23,9,0.391304348
Himachal Pradesh,HAMIRPUR,2006,Rabi,Barley,63,89,1.412698413
Himachal Pradesh,HAMIRPUR,2006,Rabi,Coriander,6,2,0.333333333
Himachal Pradesh,HAMIRPUR,2006,Rabi,Garlic,21,30,1.428571429
Himachal Pradesh,HAMIRPUR,2006,Rabi,Gram,12,4,0.333333333
Himachal Pradesh,HAMIRPUR,2006,Rabi,Masoor,1,1,1
Himachal Pradesh,HAMIRPUR,2006,Rabi,Onion,43,437,10.1627907
Himachal Pradesh,HAMIRPUR,2006,Rabi,Other  Rabi pulses,1,1,1
Himachal Pradesh,HAMIRPUR,2006,Rabi,Rapeseed &Mustard,106,117,1.103773585
Himachal Pradesh,HAMIRPUR,2006,Rabi,Wheat,33888,57065,1.683929415
Himachal Pradesh,HAMIRPUR,2006,Whole Year,Potato,2,20,10
Himachal Pradesh,HAMIRPUR,2006,Whole Year,Sugarcane,45,62,1.377777778
Himachal Pradesh,HAMIRPUR,2007,Kharif,Dry chillies,3,1,0.333333333
Himachal Pradesh,HAMIRPUR,2007,Kharif,Dry ginger,3,34,11.33333333
Himachal Pradesh,HAMIRPUR,2007,Kharif,Horse-gram,9,3,0.333333333
Himachal Pradesh,HAMIRPUR,2007,Kharif,Maize,32043,63774,1.990263084
Himachal Pradesh,HAMIRPUR,2007,Kharif,Masoor,2,2,1
Himachal Pradesh,HAMIRPUR,2007,Kharif,Potato,6,52,8.666666667
Himachal Pradesh,HAMIRPUR,2007,Kharif,Rice,2022,3164,1.564787339
Himachal Pradesh,HAMIRPUR,2007,Kharif,Sesamum,12,4,0.333333333
Himachal Pradesh,HAMIRPUR,2007,Kharif,Sugarcane,34,491,14.44117647
Himachal Pradesh,HAMIRPUR,2007,Kharif,Turmeric,44,23,0.522727273
Himachal Pradesh,HAMIRPUR,2007,Kharif,Urad,34,13,0.382352941
Himachal Pradesh,HAMIRPUR,2007,Rabi,Barley,72,85,1.180555556
Himachal Pradesh,HAMIRPUR,2007,Rabi,Garlic,28,24,0.857142857
Himachal Pradesh,HAMIRPUR,2007,Rabi,Gram,5,1,0.2
Himachal Pradesh,HAMIRPUR,2007,Rabi,Onion,46,304,6.608695652
Himachal Pradesh,HAMIRPUR,2007,Rabi,Rapeseed &Mustard,91,50,0.549450549
Himachal Pradesh,HAMIRPUR,2007,Rabi,Wheat,34443,38370,1.114014459
Himachal Pradesh,HAMIRPUR,2008,Kharif,Bajra,8,4,0.5
Himachal Pradesh,HAMIRPUR,2008,Kharif,Dry chillies,1,,
Himachal Pradesh,HAMIRPUR,2008,Kharif,Horse-gram,5,1,0.2
Himachal Pradesh,HAMIRPUR,2008,Kharif,Maize,31704,58220,1.836361342
Himachal Pradesh,HAMIRPUR,2008,Kharif,Rice,1995,2912,1.459649123
Himachal Pradesh,HAMIRPUR,2008,Kharif,Sannhamp,1,,
Himachal Pradesh,HAMIRPUR,2008,Kharif,Sesamum,7,2,0.285714286
Himachal Pradesh,HAMIRPUR,2008,Kharif,Sugarcane,44,464,10.54545455
Himachal Pradesh,HAMIRPUR,2008,Kharif,Turmeric,43,18,0.418604651
Himachal Pradesh,HAMIRPUR,2008,Kharif,Urad,28,9,0.321428571
Himachal Pradesh,HAMIRPUR,2008,Rabi,Barley,57,52,0.912280702
Himachal Pradesh,HAMIRPUR,2008,Rabi,Coriander,9,,
Himachal Pradesh,HAMIRPUR,2008,Rabi,Garlic,17,4,0.235294118
Himachal Pradesh,HAMIRPUR,2008,Rabi,Gram,2,,
Himachal Pradesh,HAMIRPUR,2008,Rabi,Masoor,1,,
Himachal Pradesh,HAMIRPUR,2008,Rabi,Onion,36,66,1.833333333
Himachal Pradesh,HAMIRPUR,2008,Rabi,Potato,1,2,2
Himachal Pradesh,HAMIRPUR,2008,Rabi,Rapeseed &Mustard,314,31,0.098726115
Himachal Pradesh,HAMIRPUR,2008,Rabi,Wheat,34084,20089,0.589396784
Himachal Pradesh,HAMIRPUR,2010,Kharif,Bajra,13,7,0.538461538
Himachal Pradesh,HAMIRPUR,2010,Kharif,Ginger,8,60,7.5
Himachal Pradesh,HAMIRPUR,2010,Kharif,Groundnut,1,1,1
Himachal Pradesh,HAMIRPUR,2010,Kharif,Horse-gram,1,,
Himachal Pradesh,HAMIRPUR,2010,Kharif,Maize,31512,53431,1.695576288
Himachal Pradesh,HAMIRPUR,2010,Kharif,Potato,7,59,8.428571429
Himachal Pradesh,HAMIRPUR,2010,Kharif,Rice,1908,2870,1.504192872
Himachal Pradesh,HAMIRPUR,2010,Kharif,Sesamum,2,1,0.5
Himachal Pradesh,HAMIRPUR,2010,Kharif,Urad,9,4,0.444444444
Himachal Pradesh,HAMIRPUR,2010,Rabi,Barley,38,55,1.447368421
Himachal Pradesh,HAMIRPUR,2010,Rabi,Coriander,9,2,0.222222222
Himachal Pradesh,HAMIRPUR,2010,Rabi,Garlic,19,22,1.157894737
Himachal Pradesh,HAMIRPUR,2010,Rabi,Gram,6,2,0.333333333
Himachal Pradesh,HAMIRPUR,2010,Rabi,Onion,39,321,8.230769231
Himachal Pradesh,HAMIRPUR,2010,Rabi,Rapeseed &Mustard,48,27,0.5625
Himachal Pradesh,HAMIRPUR,2010,Rabi,Wheat,33195,43835,1.3205302
Himachal Pradesh,HAMIRPUR,2010,Whole Year,Dry chillies,1,,
Himachal Pradesh,HAMIRPUR,2010,Whole Year,Sugarcane,20,289,14.45
Himachal Pradesh,HAMIRPUR,2010,Whole Year,Turmeric,36,19,0.527777778
Himachal Pradesh,KANGRA,1998,Kharif,Bajra,435,241,0.554022989
Himachal Pradesh,KANGRA,1998,Kharif,Horse-gram,351,183,0.521367521
Himachal Pradesh,KANGRA,1998,Kharif,Maize,55802,87901,1.575230278
Himachal Pradesh,KANGRA,1998,Kharif,Potato,122,567,4.647540984
Himachal Pradesh,KANGRA,1998,Kharif,Rice,37728,52148,1.3822095
Himachal Pradesh,KANGRA,1998,Kharif,Sesamum,3070,1596,0.519869707
Himachal Pradesh,KANGRA,1998,Kharif,Small millets,279,71,0.254480287
Himachal Pradesh,KANGRA,1998,Kharif,Soyabean,66,70,1.060606061
Himachal Pradesh,KANGRA,1998,Kharif,Urad,3124,1628,0.521126761
Himachal Pradesh,KANGRA,1998,Rabi,Barley,2965,2975,1.003372681
Himachal Pradesh,KANGRA,1998,Rabi,Coriander,1,1,1
Himachal Pradesh,KANGRA,1998,Rabi,Gram,416,290,0.697115385
Himachal Pradesh,KANGRA,1998,Rabi,Linseed,2014,574,0.285004965
Himachal Pradesh,KANGRA,1998,Rabi,Masoor,196,52,0.265306122
Himachal Pradesh,KANGRA,1998,Rabi,Potato,1246,5790,4.646869984
Himachal Pradesh,KANGRA,1998,Rabi,Rapeseed &Mustard,1987,1626,0.818319074
Himachal Pradesh,KANGRA,1998,Rabi,Wheat,98162,120953,1.232177421
Himachal Pradesh,KANGRA,1998,Whole Year,Cotton(lint),29,15,0.517241379
Himachal Pradesh,KANGRA,1998,Whole Year,Dry chillies,7,1,0.142857143
Himachal Pradesh,KANGRA,1998,Whole Year,Dry ginger,17,17,1
Himachal Pradesh,KANGRA,1998,Whole Year,Garlic,31,37,1.193548387
Himachal Pradesh,KANGRA,1998,Whole Year,Turmeric,6,4,0.666666667
Himachal Pradesh,KANGRA,1999,Kharif,Arhar/Tur,2,0,0
Himachal Pradesh,KANGRA,1999,Kharif,Horse-gram,1101,574,0.521344233
Himachal Pradesh,KANGRA,1999,Kharif,Maize,58951,100764,1.709283982
Himachal Pradesh,KANGRA,1999,Kharif,Masoor,161,42,0.260869565
Himachal Pradesh,KANGRA,1999,Kharif,Peas & beans (Pulses),38,51,1.342105263
Himachal Pradesh,KANGRA,1999,Kharif,Rice,36686,53215,1.450553345
Himachal Pradesh,KANGRA,1999,Kharif,Sesamum,2413,1568,0.64981351
Himachal Pradesh,KANGRA,1999,Kharif,Small millets,310,78,0.251612903
Himachal Pradesh,KANGRA,1999,Kharif,Urad,3117,1331,0.427013154
Himachal Pradesh,KANGRA,1999,Rabi,Barley,2963,3723,1.256496794
Himachal Pradesh,KANGRA,1999,Rabi,Gram,418,364,0.870813397
Himachal Pradesh,KANGRA,1999,Rabi,Linseed,2087,578,0.276952563
Himachal Pradesh,KANGRA,1999,Rabi,Rapeseed &Mustard,1914,1254,0.655172414
Himachal Pradesh,KANGRA,1999,Rabi,Wheat,94095,143710,1.527286253
Himachal Pradesh,KANGRA,1999,Whole Year,Dry chillies,11,4,0.363636364
Himachal Pradesh,KANGRA,1999,Whole Year,Sugarcane,471,774,1.643312102
Himachal Pradesh,KANGRA,2000,Kharif,Arhar/Tur,1,1,1
Himachal Pradesh,KANGRA,2000,Kharif,Bajra,73,23,0.315068493
Himachal Pradesh,KANGRA,2000,Kharif,Horse-gram,318,100,0.314465409
Himachal Pradesh,KANGRA,2000,Kharif,Jowar,282,89,0.315602837
Himachal Pradesh,KANGRA,2000,Kharif,Maize,57804,106317,1.839267179
Himachal Pradesh,KANGRA,2000,Kharif,Masoor,142,28,0.197183099
Himachal Pradesh,KANGRA,2000,Kharif,Other Kharif pulses,345,71,0.205797101
Himachal Pradesh,KANGRA,2000,Kharif,Peas & beans (Pulses),31,31,1
Himachal Pradesh,KANGRA,2000,Kharif,Rice,38334,56392,1.471070068
Himachal Pradesh,KANGRA,2000,Kharif,Sesamum,3235,1472,0.455023184
Himachal Pradesh,KANGRA,2000,Kharif,Small millets,309,43,0.139158576
Himachal Pradesh,KANGRA,2000,Kharif,Soyabean,67,57,0.850746269
Himachal Pradesh,KANGRA,2000,Kharif,Urad,3004,940,0.312916112
Himachal Pradesh,KANGRA,2000,Rabi,Barley,2697,1141,0.423062662
Himachal Pradesh,KANGRA,2000,Rabi,Gram,410,214,0.52195122
Himachal Pradesh,KANGRA,2000,Rabi,Linseed,2063,320,0.155113912
Himachal Pradesh,KANGRA,2000,Rabi,Rapeseed &Mustard,1669,923,0.553025764
Himachal Pradesh,KANGRA,2000,Rabi,Wheat,91123,54079,0.593472559
Himachal Pradesh,KANGRA,2000,Whole Year,Sugarcane,421,479,1.137767221
Himachal Pradesh,KANGRA,2001,Kharif,Arhar/Tur,24,6,0.25
Himachal Pradesh,KANGRA,2001,Kharif,Bajra,63,35,0.555555556
Himachal Pradesh,KANGRA,2001,Kharif,Cotton(lint),17,10,0.588235294
Himachal Pradesh,KANGRA,2001,Kharif,Dry ginger,18,200,11.11111111
Himachal Pradesh,KANGRA,2001,Kharif,Horse-gram,305,159,0.521311475
Himachal Pradesh,KANGRA,2001,Kharif,Maize,58585,13217,0.225603824
Himachal Pradesh,KANGRA,2001,Kharif,Masoor,99,33,0.333333333
Himachal Pradesh,KANGRA,2001,Kharif,Other Kharif pulses,308,101,0.327922078
Himachal Pradesh,KANGRA,2001,Kharif,Peas & beans (Pulses),14,24,1.714285714
Himachal Pradesh,KANGRA,2001,Kharif,Rice,37272,63082,1.692476926
Himachal Pradesh,KANGRA,2001,Kharif,Sesamum,3099,2014,0.64988706
Himachal Pradesh,KANGRA,2001,Kharif,Small millets,282,71,0.25177305
Himachal Pradesh,KANGRA,2001,Kharif,Soyabean,61,100,1.639344262
Himachal Pradesh,KANGRA,2001,Kharif,Urad,2818,1468,0.520936835
Himachal Pradesh,KANGRA,2001,Rabi,Barley,2344,2860,1.220136519
Himachal Pradesh,KANGRA,2001,Rabi,Gram,321,279,0.869158879
Himachal Pradesh,KANGRA,2001,Rabi,Linseed,1907,528,0.276874672
Himachal Pradesh,KANGRA,2001,Rabi,Other  Rabi pulses,11,4,0.363636364
Himachal Pradesh,KANGRA,2001,Rabi,Rapeseed &Mustard,1725,1392,0.806956522
Himachal Pradesh,KANGRA,2001,Rabi,Wheat,96130,156903,1.632195985
Himachal Pradesh,KANGRA,2001,Whole Year,Coriander,2,4,2
Himachal Pradesh,KANGRA,2001,Whole Year,Dry chillies,11,3,0.272727273
Himachal Pradesh,KANGRA,2001,Whole Year,Garlic,49,65,1.326530612
Himachal Pradesh,KANGRA,2001,Whole Year,Onion,206,2634,12.78640777
Himachal Pradesh,KANGRA,2001,Whole Year,Potato,1566,12182,7.779054917
Himachal Pradesh,KANGRA,2001,Whole Year,Sannhamp,10,10,1
Himachal Pradesh,KANGRA,2001,Whole Year,Sugarcane,483,785,1.625258799
Himachal Pradesh,KANGRA,2001,Whole Year,Sweet potato,35,,
Himachal Pradesh,KANGRA,2001,Whole Year,Turmeric,18,13,0.722222222
Himachal Pradesh,KANGRA,2002,Kharif,Bajra,89,49,0.550561798
Himachal Pradesh,KANGRA,2002,Kharif,Cotton(lint),15,9,0.6
Himachal Pradesh,KANGRA,2002,Kharif,Dry ginger,23,160,6.956521739
Himachal Pradesh,KANGRA,2002,Kharif,Horse-gram,308,93,0.301948052
Himachal Pradesh,KANGRA,2002,Kharif,Maize,58685,68040,1.159410412
Himachal Pradesh,KANGRA,2002,Kharif,Masoor,133,29,0.218045113
Himachal Pradesh,KANGRA,2002,Kharif,Moong(Green Gram),127,30,0.236220472
Himachal Pradesh,KANGRA,2002,Kharif,Other Kharif pulses,236,38,0.161016949
Himachal Pradesh,KANGRA,2002,Kharif,Peas & beans (Pulses),27,37,1.37037037
Himachal Pradesh,KANGRA,2002,Kharif,Rice,37144,34219,0.921252423
Himachal Pradesh,KANGRA,2002,Kharif,Sesamum,3160,1584,0.501265823
Himachal Pradesh,KANGRA,2002,Kharif,Small millets,360,47,0.130555556
Himachal Pradesh,KANGRA,2002,Kharif,Soyabean,56,92,1.642857143
Himachal Pradesh,KANGRA,2002,Kharif,Urad,2847,817,0.286968739
Himachal Pradesh,KANGRA,2002,Rabi,Barley,2575,3013,1.170097087
Himachal Pradesh,KANGRA,2002,Rabi,Gram,414,360,0.869565217
Himachal Pradesh,KANGRA,2002,Rabi,Linseed,1256,324,0.257961783
Himachal Pradesh,KANGRA,2002,Rabi,Other  Rabi pulses,8,2,0.25
Himachal Pradesh,KANGRA,2002,Rabi,Rapeseed &Mustard,2151,1758,0.817294282
Himachal Pradesh,KANGRA,2002,Rabi,Wheat,91775,122476,1.334524653
Himachal Pradesh,KANGRA,2002,Whole Year,Coriander,6,2,0.333333333
Himachal Pradesh,KANGRA,2002,Whole Year,Dry chillies,3,,
Himachal Pradesh,KANGRA,2002,Whole Year,Garlic,49,32,0.653061224
Himachal Pradesh,KANGRA,2002,Whole Year,Onion,192,1368,7.125
Himachal Pradesh,KANGRA,2002,Whole Year,Potato,1584,15322,9.672979798
Himachal Pradesh,KANGRA,2002,Whole Year,Sugarcane,517,722,1.396518375
Himachal Pradesh,KANGRA,2002,Whole Year,Turmeric,14,4,0.285714286
Himachal Pradesh,KANGRA,2003,Kharif,Bajra,218,121,0.555045872
Himachal Pradesh,KANGRA,2003,Kharif,Dry ginger,30,215,7.166666667
Himachal Pradesh,KANGRA,2003,Kharif,Maize,58192,95436,1.640019247
Himachal Pradesh,KANGRA,2003,Kharif,Rice,37802,56121,1.484603989
Himachal Pradesh,KANGRA,2003,Rabi,Barley,2461,3396,1.379926859
Himachal Pradesh,KANGRA,2003,Rabi,Wheat,93615,141321,1.509597821
Himachal Pradesh,KANGRA,2003,Whole Year,Potato,1503,19875,13.22355289
Himachal Pradesh,KANGRA,2004,Kharif,Bajra,210,111,0.528571429
Himachal Pradesh,KANGRA,2004,Kharif,Dry ginger,28,200,7.142857143
Himachal Pradesh,KANGRA,2004,Kharif,Maize,58050,90940,1.566580534
Himachal Pradesh,KANGRA,2004,Kharif,Rice,37079,48680,1.312872515
Himachal Pradesh,KANGRA,2004,Rabi,Barley,3412,3200,0.937866354
Himachal Pradesh,KANGRA,2004,Rabi,Wheat,94424,170283,1.803386851
Himachal Pradesh,KANGRA,2004,Whole Year,Potato,1640,20866,12.72317073
Himachal Pradesh,KANGRA,2005,Kharif,Bajra,218,102,0.467889908
Himachal Pradesh,KANGRA,2005,Kharif,Cotton(lint),2,1,0.5
Himachal Pradesh,KANGRA,2005,Kharif,Dry chillies,12,2,0.166666667
Himachal Pradesh,KANGRA,2005,Kharif,Dry ginger,28,208,7.428571429
Himachal Pradesh,KANGRA,2005,Kharif,Horse-gram,222,91,0.40990991
Himachal Pradesh,KANGRA,2005,Kharif,Maize,57978,80058,1.380834109
Himachal Pradesh,KANGRA,2005,Kharif,Moong(Green Gram),13,5,0.384615385
Himachal Pradesh,KANGRA,2005,Kharif,Other Kharif pulses,347,143,0.412103746
Himachal Pradesh,KANGRA,2005,Kharif,Ragi,20,13,0.65
Himachal Pradesh,KANGRA,2005,Kharif,Rice,36961,50934,1.378047131
Himachal Pradesh,KANGRA,2005,Kharif,Sannhamp,19,8,0.421052632
Himachal Pradesh,KANGRA,2005,Kharif,Sesamum,2843,1213,0.426661977
Himachal Pradesh,KANGRA,2005,Kharif,Small millets,217,47,0.216589862
Himachal Pradesh,KANGRA,2005,Kharif,Soyabean,63,88,1.396825397
Himachal Pradesh,KANGRA,2005,Kharif,Turmeric,30,18,0.6
Himachal Pradesh,KANGRA,2005,Kharif,Urad,2445,1004,0.410633947
Himachal Pradesh,KANGRA,2005,Rabi,Barley,2384,3834,1.608221477
Himachal Pradesh,KANGRA,2005,Rabi,Garlic,44,42,0.954545455
Himachal Pradesh,KANGRA,2005,Rabi,Gram,311,179,0.575562701
Himachal Pradesh,KANGRA,2005,Rabi,Linseed,671,87,0.129657228
Himachal Pradesh,KANGRA,2005,Rabi,Masoor,102,20,0.196078431
Himachal Pradesh,KANGRA,2005,Rabi,Onion,206,939,4.558252427
Himachal Pradesh,KANGRA,2005,Rabi,Peas & beans (Pulses),15,16,1.066666667
Himachal Pradesh,KANGRA,2005,Rabi,Rapeseed &Mustard,2528,1722,0.681170886
Himachal Pradesh,KANGRA,2005,Rabi,Wheat,93955,101867,1.084210526
Himachal Pradesh,KANGRA,2005,Whole Year,Potato,1556,4053,2.604755784
Himachal Pradesh,KANGRA,2005,Whole Year,Sugarcane,520,718,1.380769231
Himachal Pradesh,KANGRA,2006,Kharif,Bajra,184,87,0.472826087
Himachal Pradesh,KANGRA,2006,Kharif,Cotton(lint),5,1,0.2
Himachal Pradesh,KANGRA,2006,Kharif,Dry chillies,17,6,0.352941176
Himachal Pradesh,KANGRA,2006,Kharif,Dry ginger,25,45,1.8
Himachal Pradesh,KANGRA,2006,Kharif,Horse-gram,276,142,0.514492754
Himachal Pradesh,KANGRA,2006,Kharif,Maize,56819,91439,1.609303226
Himachal Pradesh,KANGRA,2006,Kharif,Moong(Green Gram),3,1,0.333333333
Himachal Pradesh,KANGRA,2006,Kharif,Other Kharif pulses,346,176,0.50867052
Himachal Pradesh,KANGRA,2006,Kharif,Ragi,9,9,1
Himachal Pradesh,KANGRA,2006,Kharif,Rice,38279,54148,1.414561509
Himachal Pradesh,KANGRA,2006,Kharif,Sannhamp,17,3,0.176470588
Himachal Pradesh,KANGRA,2006,Kharif,Sesamum,2747,1319,0.480160175
Himachal Pradesh,KANGRA,2006,Kharif,Small millets,215,69,0.320930233
Himachal Pradesh,KANGRA,2006,Kharif,Soyabean,65,109,1.676923077
Himachal Pradesh,KANGRA,2006,Kharif,Turmeric,51,23,0.450980392
Himachal Pradesh,KANGRA,2006,Kharif,Urad,2369,1296,0.547066273
Himachal Pradesh,KANGRA,2006,Rabi,Barley,2562,3697,1.443013271
Himachal Pradesh,KANGRA,2006,Rabi,Garlic,30,34,1.133333333
Himachal Pradesh,KANGRA,2006,Rabi,Gram,261,183,0.701149425
Himachal Pradesh,KANGRA,2006,Rabi,Linseed,1128,288,0.255319149
Himachal Pradesh,KANGRA,2006,Rabi,Masoor,92,68,0.739130435
Himachal Pradesh,KANGRA,2006,Rabi,Onion,215,1749,8.134883721
Himachal Pradesh,KANGRA,2006,Rabi,Other  Rabi pulses,92,68,0.739130435
Himachal Pradesh,KANGRA,2006,Rabi,Peas & beans (Pulses),36,56,1.555555556
Himachal Pradesh,KANGRA,2006,Rabi,Rapeseed &Mustard,1697,1504,0.886269888
Himachal Pradesh,KANGRA,2006,Rabi,Wheat,90405,141512,1.565311653
Himachal Pradesh,KANGRA,2006,Whole Year,Potato,1427,10973,7.689558514
Himachal Pradesh,KANGRA,2006,Whole Year,Sugarcane,779,925,1.187419769
Himachal Pradesh,KANGRA,2007,Kharif,Arhar/Tur,17,6,0.352941176
Himachal Pradesh,KANGRA,2007,Kharif,Cotton(lint),5,2,0.4
Himachal Pradesh,KANGRA,2007,Kharif,Dry chillies,14,6,0.428571429
Himachal Pradesh,KANGRA,2007,Kharif,Dry ginger,16,180,11.25
Himachal Pradesh,KANGRA,2007,Kharif,Horse-gram,202,87,0.430693069
Himachal Pradesh,KANGRA,2007,Kharif,Maize,58146,109781,1.888023252
Himachal Pradesh,KANGRA,2007,Kharif,Masoor,106,82,0.773584906
Himachal Pradesh,KANGRA,2007,Kharif,Moong(Green Gram),6,3,0.5
Himachal Pradesh,KANGRA,2007,Kharif,Moth,6,2,0.333333333
Himachal Pradesh,KANGRA,2007,Kharif,Peas & beans (Pulses),25,41,1.64
Himachal Pradesh,KANGRA,2007,Kharif,Potato,1630,12850,7.883435583
Himachal Pradesh,KANGRA,2007,Kharif,Ragi,9,9,1
Himachal Pradesh,KANGRA,2007,Kharif,Rice,37121,53986,1.454325045
Himachal Pradesh,KANGRA,2007,Kharif,Sannhamp,11,2,0.181818182
Himachal Pradesh,KANGRA,2007,Kharif,Sesamum,2653,942,0.355069732
Himachal Pradesh,KANGRA,2007,Kharif,Small millets,158,123,0.778481013
Himachal Pradesh,KANGRA,2007,Kharif,Soyabean,60,101,1.683333333
Himachal Pradesh,KANGRA,2007,Kharif,Sugarcane,863,12470,14.44959444
Himachal Pradesh,KANGRA,2007,Kharif,Turmeric,36,19,0.527777778
Himachal Pradesh,KANGRA,2007,Kharif,Urad,2418,1151,0.476013234
Himachal Pradesh,KANGRA,2007,Rabi,Barley,2685,3462,1.289385475
Himachal Pradesh,KANGRA,2007,Rabi,Garlic,27,32,1.185185185
Himachal Pradesh,KANGRA,2007,Rabi,Gram,320,232,0.725
Himachal Pradesh,KANGRA,2007,Rabi,Linseed,1229,324,0.263628967
Himachal Pradesh,KANGRA,2007,Rabi,Onion,171,1444,8.444444444
Himachal Pradesh,KANGRA,2007,Rabi,Other  Rabi pulses,15,4,0.266666667
Himachal Pradesh,KANGRA,2007,Rabi,Rapeseed &Mustard,1756,1003,0.57118451
Himachal Pradesh,KANGRA,2007,Rabi,Wheat,94593,129309,1.367003901
Himachal Pradesh,KANGRA,2008,Kharif,Arhar/Tur,1,,
Himachal Pradesh,KANGRA,2008,Kharif,Bajra,146,81,0.554794521
Himachal Pradesh,KANGRA,2008,Kharif,Cotton(lint),6,3,0.5
Himachal Pradesh,KANGRA,2008,Kharif,Dry chillies,17,6,0.352941176
Himachal Pradesh,KANGRA,2008,Kharif,Horse-gram,182,81,0.445054945
Himachal Pradesh,KANGRA,2008,Kharif,Maize,58455,107230,1.834402532
Himachal Pradesh,KANGRA,2008,Kharif,Other Kharif pulses,382,142,0.371727749
Himachal Pradesh,KANGRA,2008,Kharif,Potato,231,2669,11.55411255
Himachal Pradesh,KANGRA,2008,Kharif,Ragi,6,6,1
Himachal Pradesh,KANGRA,2008,Kharif,Rice,36855,55836,1.515018315
Himachal Pradesh,KANGRA,2008,Kharif,Sesamum,2600,923,0.355
Himachal Pradesh,KANGRA,2008,Kharif,Small millets,148,115,0.777027027
Himachal Pradesh,KANGRA,2008,Kharif,Soyabean,101,170,1.683168317
Himachal Pradesh,KANGRA,2008,Kharif,Sugarcane,706,10073,14.26770538
Himachal Pradesh,KANGRA,2008,Kharif,Turmeric,58,31,0.534482759
Himachal Pradesh,KANGRA,2008,Kharif,Urad,2210,1081,0.489140271
Himachal Pradesh,KANGRA,2008,Rabi,Barley,2871,3075,1.071055381
Himachal Pradesh,KANGRA,2008,Rabi,Garlic,17,7,0.411764706
Himachal Pradesh,KANGRA,2008,Rabi,Gram,268,157,0.585820896
Himachal Pradesh,KANGRA,2008,Rabi,Linseed,486,137,0.281893004
Himachal Pradesh,KANGRA,2008,Rabi,Masoor,104,69,0.663461538
Himachal Pradesh,KANGRA,2008,Rabi,Onion,166,1379,8.307228916
Himachal Pradesh,KANGRA,2008,Rabi,Peas & beans (Pulses),26,35,1.346153846
Himachal Pradesh,KANGRA,2008,Rabi,Potato,1400,12819,9.156428571
Himachal Pradesh,KANGRA,2008,Rabi,Rapeseed &Mustard,1584,459,0.289772727
Himachal Pradesh,KANGRA,2008,Rabi,Wheat,93859,117936,1.256523082
Himachal Pradesh,KANGRA,2010,Kharif,Bajra,111,62,0.558558559
Himachal Pradesh,KANGRA,2010,Kharif,Ginger,18,135,7.5
Himachal Pradesh,KANGRA,2010,Kharif,Horse-gram,174,106,0.609195402
Himachal Pradesh,KANGRA,2010,Kharif,Maize,58205,111084,1.908495834
Himachal Pradesh,KANGRA,2010,Kharif,Other Kharif pulses,436,162,0.371559633
Himachal Pradesh,KANGRA,2010,Kharif,Potato,228,1341,5.881578947
Himachal Pradesh,KANGRA,2010,Kharif,Ragi,19,23,1.210526316
Himachal Pradesh,KANGRA,2010,Kharif,Rice,37611,59209,1.574246896
Himachal Pradesh,KANGRA,2010,Kharif,Sesamum,2559,908,0.354826104
Himachal Pradesh,KANGRA,2010,Kharif,Small millets,59,46,0.779661017
Himachal Pradesh,KANGRA,2010,Kharif,Soyabean,76,128,1.684210526
Himachal Pradesh,KANGRA,2010,Kharif,Urad,2207,1421,0.643860444
Himachal Pradesh,KANGRA,2010,Rabi,Barley,3129,5311,1.697347395
Himachal Pradesh,KANGRA,2010,Rabi,Garlic,66,85,1.287878788
Himachal Pradesh,KANGRA,2010,Rabi,Gram,212,167,0.787735849
Himachal Pradesh,KANGRA,2010,Rabi,Linseed,783,207,0.264367816
Himachal Pradesh,KANGRA,2010,Rabi,Masoor,63,49,0.777777778
Himachal Pradesh,KANGRA,2010,Rabi,Onion,170,1435,8.441176471
Himachal Pradesh,KANGRA,2010,Rabi,Other  Rabi pulses,17,4,0.235294118
Himachal Pradesh,KANGRA,2010,Rabi,Peas & beans (Pulses),13,21,1.615384615
Himachal Pradesh,KANGRA,2010,Rabi,Potato,1140,8752,7.677192982
Himachal Pradesh,KANGRA,2010,Rabi,Rapeseed &Mustard,1756,1003,0.57118451
Himachal Pradesh,KANGRA,2010,Rabi,Wheat,93462,162252,1.736021057
Himachal Pradesh,KANGRA,2010,Whole Year,Dry chillies,21,,
Himachal Pradesh,KANGRA,2010,Whole Year,Sugarcane,340,4913,14.45
Himachal Pradesh,KANGRA,2010,Whole Year,Turmeric,56,,
Himachal Pradesh,KINNAUR,1998,Kharif,Maize,295,649,2.2
Himachal Pradesh,KINNAUR,1998,Kharif,Potato,244,1100,4.508196721
Himachal Pradesh,KINNAUR,1998,Kharif,Rice,23,33,1.434782609
Himachal Pradesh,KINNAUR,1998,Kharif,Small millets,2477,1018,0.410981025
Himachal Pradesh,KINNAUR,1998,Kharif,Urad,13,20,1.538461538
Himachal Pradesh,KINNAUR,1998,Rabi,Barley,1456,3154,2.166208791
Himachal Pradesh,KINNAUR,1998,Rabi,Masoor,4,6,1.5
Himachal Pradesh,KINNAUR,1998,Rabi,Rapeseed &Mustard,13,19,1.461538462
Himachal Pradesh,KINNAUR,1998,Rabi,Wheat,470,996,2.119148936
Himachal Pradesh,KINNAUR,1998,Whole Year,Garlic,2,3,1.5
Himachal Pradesh,KINNAUR,1999,Kharif,Maize,404,918,2.272277228
Himachal Pradesh,KINNAUR,1999,Kharif,Rice,30,45,1.5
Himachal Pradesh,KINNAUR,1999,Kharif,Sesamum,4,2,0.5
Himachal Pradesh,KINNAUR,1999,Kharif,Small millets,2458,1010,0.410903173
Himachal Pradesh,KINNAUR,1999,Kharif,Urad,7,11,1.571428571
Himachal Pradesh,KINNAUR,1999,Rabi,Barley,1420,1858,1.308450704
Himachal Pradesh,KINNAUR,1999,Rabi,Wheat,371,597,1.60916442
Himachal Pradesh,KINNAUR,2000,Kharif,Maize,383,878,2.292428198
Himachal Pradesh,KINNAUR,2000,Kharif,Masoor,5,7,1.4
Himachal Pradesh,KINNAUR,2000,Kharif,Other Kharif pulses,931,1379,1.481203008
Himachal Pradesh,KINNAUR,2000,Kharif,Peas & beans (Pulses),494,259,0.524291498
Himachal Pradesh,KINNAUR,2000,Kharif,Rice,23,35,1.52173913
Himachal Pradesh,KINNAUR,2000,Kharif,Small millets,2370,974,0.410970464
Himachal Pradesh,KINNAUR,2000,Kharif,Urad,13,20,1.538461538
Himachal Pradesh,KINNAUR,2000,Rabi,Barley,1475,2011,1.363389831
Himachal Pradesh,KINNAUR,2000,Rabi,Wheat,479,662,1.382045929
Himachal Pradesh,KINNAUR,2001,Kharif,Maize,387,987,2.550387597
Himachal Pradesh,KINNAUR,2001,Kharif,Masoor,2,3,1.5
Himachal Pradesh,KINNAUR,2001,Kharif,Other Kharif pulses,954,1413,1.481132075
Himachal Pradesh,KINNAUR,2001,Kharif,Peas & beans (Pulses),521,273,0.523992322
Himachal Pradesh,KINNAUR,2001,Kharif,Rice,29,49,1.689655172
Himachal Pradesh,KINNAUR,2001,Kharif,Small millets,2327,956,0.410829394
Himachal Pradesh,KINNAUR,2001,Kharif,Urad,13,20,1.538461538
Himachal Pradesh,KINNAUR,2001,Rabi,Barley,1394,1867,1.339311334
Himachal Pradesh,KINNAUR,2001,Rabi,Other  Rabi pulses,5,7,1.4
Himachal Pradesh,KINNAUR,2001,Rabi,Rapeseed &Mustard,1,1,1
Himachal Pradesh,KINNAUR,2001,Rabi,Wheat,399,704,1.764411028
Himachal Pradesh,KINNAUR,2001,Whole Year,Potato,199,1000,5.025125628
Himachal Pradesh,KINNAUR,2002,Kharif,Maize,338,545,1.612426036
Himachal Pradesh,KINNAUR,2002,Kharif,Masoor,1,1,1
Himachal Pradesh,KINNAUR,2002,Kharif,Other Kharif pulses,877,1041,1.18700114
Himachal Pradesh,KINNAUR,2002,Kharif,Peas & beans (Pulses),650,306,0.470769231
Himachal Pradesh,KINNAUR,2002,Kharif,Rice,31,32,1.032258065
Himachal Pradesh,KINNAUR,2002,Kharif,Small millets,2239,982,0.438588656
Himachal Pradesh,KINNAUR,2002,Kharif,Urad,9,12,1.333333333
Himachal Pradesh,KINNAUR,2002,Rabi,Barley,1188,1883,1.585016835
Himachal Pradesh,KINNAUR,2002,Rabi,Other  Rabi pulses,2,1,0.5
Himachal Pradesh,KINNAUR,2002,Rabi,Rapeseed &Mustard,1,0,0
Himachal Pradesh,KINNAUR,2002,Rabi,Wheat,347,586,1.688760807
Himachal Pradesh,KINNAUR,2002,Whole Year,Potato,239,1579,6.606694561
Himachal Pradesh,KINNAUR,2003,Kharif,Maize,428,1046,2.443925234
Himachal Pradesh,KINNAUR,2003,Kharif,Rice,27,40,1.481481481
Himachal Pradesh,KINNAUR,2003,Rabi,Barley,1133,2815,2.484554281
Himachal Pradesh,KINNAUR,2003,Rabi,Wheat,349,629,1.802292264
Himachal Pradesh,KINNAUR,2003,Whole Year,Potato,169,1328,7.857988166
Himachal Pradesh,KINNAUR,2004,Kharif,Maize,264,562,2.128787879
Himachal Pradesh,KINNAUR,2004,Kharif,Rice,31,43,1.387096774
Himachal Pradesh,KINNAUR,2004,Rabi,Barley,1187,2447,2.061499579
Himachal Pradesh,KINNAUR,2004,Rabi,Wheat,361,629,1.742382271
Himachal Pradesh,KINNAUR,2004,Whole Year,Potato,183,2005,10.95628415
Himachal Pradesh,KINNAUR,2005,Kharif,Maize,321,590,1.838006231
Himachal Pradesh,KINNAUR,2005,Kharif,Other Kharif pulses,825,676,0.819393939
Himachal Pradesh,KINNAUR,2005,Kharif,Ragi,95,90,0.947368421
Himachal Pradesh,KINNAUR,2005,Kharif,Rice,22,31,1.409090909
Himachal Pradesh,KINNAUR,2005,Kharif,Sesamum,1,,
Himachal Pradesh,KINNAUR,2005,Kharif,Small millets,1551,637,0.410702772
Himachal Pradesh,KINNAUR,2005,Kharif,Urad,8,7,0.875
Himachal Pradesh,KINNAUR,2005,Rabi,Barley,1019,1098,1.077526987
Himachal Pradesh,KINNAUR,2005,Rabi,Peas & beans (Pulses),662,410,0.619335347
Himachal Pradesh,KINNAUR,2005,Rabi,Wheat,323,527,1.631578947
Himachal Pradesh,KINNAUR,2005,Whole Year,Potato,134,1077,8.037313433
Himachal Pradesh,KINNAUR,2006,Kharif,Maize,291,677,2.326460481
Himachal Pradesh,KINNAUR,2006,Kharif,Other Kharif pulses,886,809,0.913092551
Himachal Pradesh,KINNAUR,2006,Kharif,Ragi,109,115,1.055045872
Himachal Pradesh,KINNAUR,2006,Kharif,Rice,28,44,1.571428571
Himachal Pradesh,KINNAUR,2006,Kharif,Small millets,1586,771,0.486128625
Himachal Pradesh,KINNAUR,2006,Kharif,Urad,7,11,1.571428571
Himachal Pradesh,KINNAUR,2006,Rabi,Barley,1048,1689,1.611641221
Himachal Pradesh,KINNAUR,2006,Rabi,Masoor,1,1,1
Himachal Pradesh,KINNAUR,2006,Rabi,Other  Rabi pulses,1,1,1
Himachal Pradesh,KINNAUR,2006,Rabi,Peas & beans (Pulses),561,357,0.636363636
Himachal Pradesh,KINNAUR,2006,Rabi,Wheat,343,510,1.486880466
Himachal Pradesh,KINNAUR,2006,Whole Year,Potato,143,1245,8.706293706
Himachal Pradesh,KINNAUR,2007,Kharif,Maize,240,546,2.275
Himachal Pradesh,KINNAUR,2007,Kharif,Peas & beans (Pulses),709,451,0.636107193
Himachal Pradesh,KINNAUR,2007,Kharif,Potato,156,1375,8.814102564
Himachal Pradesh,KINNAUR,2007,Kharif,Ragi,3,4,1.333333333
Himachal Pradesh,KINNAUR,2007,Kharif,Rice,13,20,1.538461538
Himachal Pradesh,KINNAUR,2007,Kharif,Small millets,1599,777,0.485928705
Himachal Pradesh,KINNAUR,2007,Rabi,Barley,1061,2774,2.614514609
Himachal Pradesh,KINNAUR,2007,Rabi,Wheat,206,205,0.995145631
Himachal Pradesh,KINNAUR,2008,Kharif,Maize,247,561,2.271255061
Himachal Pradesh,KINNAUR,2008,Kharif,Peas & beans (Pulses),308,195,0.633116883
Himachal Pradesh,KINNAUR,2008,Kharif,Potato,135,983,7.281481481
Himachal Pradesh,KINNAUR,2008,Kharif,Ragi,21,21,1
Himachal Pradesh,KINNAUR,2008,Kharif,Rice,16,24,1.5
Himachal Pradesh,KINNAUR,2008,Kharif,Small millets,1425,692,0.485614035
Himachal Pradesh,KINNAUR,2008,Kharif,Urad,4,6,1.5
Himachal Pradesh,KINNAUR,2008,Rabi,Barley,952,1405,1.475840336
Himachal Pradesh,KINNAUR,2008,Rabi,Peas & beans (Pulses),606,385,0.635313531
Himachal Pradesh,KINNAUR,2008,Rabi,Wheat,231,297,1.285714286
Himachal Pradesh,KINNAUR,2010,Kharif,Cotton(lint),8,3,0.375
Himachal Pradesh,KINNAUR,2010,Kharif,Maize,163,369,2.263803681
Himachal Pradesh,KINNAUR,2010,Kharif,Other Kharif pulses,676,617,0.912721893
Himachal Pradesh,KINNAUR,2010,Kharif,Peas & beans (Pulses),259,165,0.637065637
Himachal Pradesh,KINNAUR,2010,Kharif,Potato,98,511,5.214285714
Himachal Pradesh,KINNAUR,2010,Kharif,Ragi,7,8,1.142857143
Himachal Pradesh,KINNAUR,2010,Kharif,Rice,15,25,1.666666667
Himachal Pradesh,KINNAUR,2010,Kharif,Small millets,1263,193,0.152810768
Himachal Pradesh,KINNAUR,2010,Kharif,Urad,3,5,1.666666667
Himachal Pradesh,KINNAUR,2010,Rabi,Barley,955,1633,1.709947644
Himachal Pradesh,KINNAUR,2010,Rabi,Peas & beans (Pulses),745,370,0.496644295
Himachal Pradesh,KINNAUR,2010,Rabi,Wheat,181,302,1.668508287
Himachal Pradesh,KULLU,1998,Kharif,Groundnut,1,1,1
Himachal Pradesh,KULLU,1998,Kharif,Horse-gram,67,17,0.253731343
Himachal Pradesh,KULLU,1998,Kharif,Maize,15602,35249,2.259261633
Himachal Pradesh,KULLU,1998,Kharif,Moong(Green Gram),18,5,0.277777778
Himachal Pradesh,KULLU,1998,Kharif,Potato,850,9773,11.49764706
Himachal Pradesh,KULLU,1998,Kharif,Rice,1655,1965,1.187311178
Himachal Pradesh,KULLU,1998,Kharif,Small millets,1149,419,0.364664926
Himachal Pradesh,KULLU,1998,Kharif,Soyabean,19,31,1.631578947
Himachal Pradesh,KULLU,1998,Kharif,Urad,1289,296,0.229635376
Himachal Pradesh,KULLU,1998,Rabi,Barley,3334,3794,1.137972406
Himachal Pradesh,KULLU,1998,Rabi,Coriander,64,21,0.328125
Himachal Pradesh,KULLU,1998,Rabi,Gram,39,11,0.282051282
Himachal Pradesh,KULLU,1998,Rabi,Masoor,57,19,0.333333333
Himachal Pradesh,KULLU,1998,Rabi,Peas & beans (Pulses),279,278,0.996415771
Himachal Pradesh,KULLU,1998,Rabi,Potato,139,1828,13.15107914
Himachal Pradesh,KULLU,1998,Rabi,Rapeseed &Mustard,582,437,0.750859107
Himachal Pradesh,KULLU,1998,Rabi,Wheat,23231,38757,1.668331109
Himachal Pradesh,KULLU,1998,Whole Year,Dry chillies,150,31,0.206666667
Himachal Pradesh,KULLU,1998,Whole Year,Garlic,278,330,1.18705036
Himachal Pradesh,KULLU,1998,Whole Year,Tobacco,13,15,1.153846154
Himachal Pradesh,KULLU,1999,Kharif,Groundnut,10,5,0.5
Himachal Pradesh,KULLU,1999,Kharif,Horse-gram,101,25,0.247524752
Himachal Pradesh,KULLU,1999,Kharif,Maize,14809,42643,2.879532717
Himachal Pradesh,KULLU,1999,Kharif,Masoor,48,13,0.270833333
Himachal Pradesh,KULLU,1999,Kharif,Moong(Green Gram),10,0,0
Himachal Pradesh,KULLU,1999,Kharif,Peas & beans (Pulses),299,0,0
Himachal Pradesh,KULLU,1999,Kharif,Rice,1719,2241,1.303664921
Himachal Pradesh,KULLU,1999,Kharif,Small millets,1176,298,0.253401361
Himachal Pradesh,KULLU,1999,Kharif,Soyabean,10,11,1.1
Himachal Pradesh,KULLU,1999,Kharif,Urad,1217,252,0.207066557
Himachal Pradesh,KULLU,1999,Rabi,Barley,3554,5378,1.513224536
Himachal Pradesh,KULLU,1999,Rabi,Gram,51,0,0
Himachal Pradesh,KULLU,1999,Rabi,Rapeseed &Mustard,601,451,0.750415973
Himachal Pradesh,KULLU,1999,Rabi,Wheat,21172,35425,1.673200453
Himachal Pradesh,KULLU,1999,Whole Year,Dry chillies,97,22,0.226804124
Himachal Pradesh,KULLU,2000,Kharif,Arhar/Tur,98,15,0.153061224
Himachal Pradesh,KULLU,2000,Kharif,Groundnut,2,1,0.5
Himachal Pradesh,KULLU,2000,Kharif,Horse-gram,73,11,0.150684932
Himachal Pradesh,KULLU,2000,Kharif,Maize,16669,53213,3.192333073
Himachal Pradesh,KULLU,2000,Kharif,Masoor,100,20,0.2
Himachal Pradesh,KULLU,2000,Kharif,Moong(Green Gram),24,7,0.291666667
Himachal Pradesh,KULLU,2000,Kharif,Other Kharif pulses,1056,209,0.197916667
Himachal Pradesh,KULLU,2000,Kharif,Peas & beans (Pulses),459,366,0.797385621
Himachal Pradesh,KULLU,2000,Kharif,Rice,1507,2287,1.517584605
Himachal Pradesh,KULLU,2000,Kharif,Small millets,1658,259,0.156212304
Himachal Pradesh,KULLU,2000,Kharif,Soyabean,10,10,1
Himachal Pradesh,KULLU,2000,Kharif,Urad,1159,160,0.138050043
Himachal Pradesh,KULLU,2000,Rabi,Barley,4456,5814,1.30475763
Himachal Pradesh,KULLU,2000,Rabi,Gram,94,20,0.212765957
Himachal Pradesh,KULLU,2000,Rabi,Rapeseed &Mustard,903,452,0.50055371
Himachal Pradesh,KULLU,2000,Rabi,Wheat,26023,41793,1.606002383
Himachal Pradesh,KULLU,2001,Kharif,Arhar/Tur,1370,312,0.227737226
Himachal Pradesh,KULLU,2001,Kharif,Groundnut,29,9,0.310344828
Himachal Pradesh,KULLU,2001,Kharif,Horse-gram,27,5,0.185185185
Himachal Pradesh,KULLU,2001,Kharif,Maize,16738,54370,3.248297288
Himachal Pradesh,KULLU,2001,Kharif,Masoor,71,16,0.225352113
Himachal Pradesh,KULLU,2001,Kharif,Moong(Green Gram),28,11,0.392857143
Himachal Pradesh,KULLU,2001,Kharif,Other Kharif pulses,167,44,0.263473054
Himachal Pradesh,KULLU,2001,Kharif,Peas & beans (Pulses),464,431,0.92887931
Himachal Pradesh,KULLU,2001,Kharif,Rice,1618,2417,1.49381953
Himachal Pradesh,KULLU,2001,Kharif,Small millets,1472,297,0.201766304
Himachal Pradesh,KULLU,2001,Kharif,Soyabean,6,7,1.166666667
Himachal Pradesh,KULLU,2001,Kharif,Urad,1118,231,0.206618962
Himachal Pradesh,KULLU,2001,Rabi,Barley,3475,4948,1.423884892
Himachal Pradesh,KULLU,2001,Rabi,Gram,79,22,0.278481013
Himachal Pradesh,KULLU,2001,Rabi,Rapeseed &Mustard,922,538,0.5835141
Himachal Pradesh,KULLU,2001,Rabi,Wheat,21326,41201,1.931960987
Himachal Pradesh,KULLU,2001,Whole Year,Coriander,61,15,0.245901639
Himachal Pradesh,KULLU,2001,Whole Year,Dry chillies,229,37,0.161572052
Himachal Pradesh,KULLU,2001,Whole Year,Garlic,605,558,0.92231405
Himachal Pradesh,KULLU,2001,Whole Year,Onion,51,363,7.117647059
Himachal Pradesh,KULLU,2001,Whole Year,Potato,1023,8113,7.930596285
Himachal Pradesh,KULLU,2002,Kharif,Groundnut,6,1,0.166666667
Himachal Pradesh,KULLU,2002,Kharif,Horse-gram,71,4,0.056338028
Himachal Pradesh,KULLU,2002,Kharif,Maize,16862,16260,0.964298422
Himachal Pradesh,KULLU,2002,Kharif,Masoor,95,15,0.157894737
Himachal Pradesh,KULLU,2002,Kharif,Moong(Green Gram),97,28,0.288659794
Himachal Pradesh,KULLU,2002,Kharif,Other Kharif pulses,1384,205,0.148121387
Himachal Pradesh,KULLU,2002,Kharif,Peas & beans (Pulses),331,189,0.570996979
Himachal Pradesh,KULLU,2002,Kharif,Rice,1719,2776,1.614892379
Himachal Pradesh,KULLU,2002,Kharif,Small millets,1306,43,0.032924962
Himachal Pradesh,KULLU,2002,Kharif,Soyabean,5,8,1.6
Himachal Pradesh,KULLU,2002,Kharif,Urad,1085,52,0.047926267
Himachal Pradesh,KULLU,2002,Rabi,Barley,3467,4578,1.320449957
Himachal Pradesh,KULLU,2002,Rabi,Gram,69,14,0.202898551
Himachal Pradesh,KULLU,2002,Rabi,Rapeseed &Mustard,604,237,0.392384106
Himachal Pradesh,KULLU,2002,Rabi,Wheat,20338,30976,1.523060281
Himachal Pradesh,KULLU,2002,Whole Year,Coriander,17,5,0.294117647
Himachal Pradesh,KULLU,2002,Whole Year,Dry chillies,228,15,0.065789474
Himachal Pradesh,KULLU,2002,Whole Year,Garlic,1333,702,0.526631658
Himachal Pradesh,KULLU,2002,Whole Year,Onion,27,86,3.185185185
Himachal Pradesh,KULLU,2002,Whole Year,Potato,1349,11124,8.246108228
Himachal Pradesh,KULLU,2003,Kharif,Maize,17409,49401,2.837670171
Himachal Pradesh,KULLU,2003,Kharif,Rice,1558,2046,1.31322208
Himachal Pradesh,KULLU,2003,Rabi,Barley,3567,4286,1.201569947
Himachal Pradesh,KULLU,2003,Rabi,Wheat,24009,39133,1.629930443
Himachal Pradesh,KULLU,2003,Whole Year,Potato,1453,12603,8.67377839
Himachal Pradesh,KULLU,2004,Kharif,Maize,16516,39319,2.380661177
Himachal Pradesh,KULLU,2004,Kharif,Rice,1546,2571,1.663001294
Himachal Pradesh,KULLU,2004,Rabi,Barley,3590,4892,1.362674095
Himachal Pradesh,KULLU,2004,Rabi,Wheat,25383,45924,1.809242406
Himachal Pradesh,KULLU,2004,Whole Year,Potato,1293,7349,5.683681361
Himachal Pradesh,KULLU,2005,Kharif,Dry chillies,86,17,0.197674419
Himachal Pradesh,KULLU,2005,Kharif,Groundnut,12,3,0.25
Himachal Pradesh,KULLU,2005,Kharif,Horse-gram,87,35,0.402298851
Himachal Pradesh,KULLU,2005,Kharif,Maize,16369,42962,2.624595272
Himachal Pradesh,KULLU,2005,Kharif,Moong(Green Gram),131,53,0.404580153
Himachal Pradesh,KULLU,2005,Kharif,Other Kharif pulses,1306,525,0.401990812
Himachal Pradesh,KULLU,2005,Kharif,Ragi,406,308,0.75862069
Himachal Pradesh,KULLU,2005,Kharif,Rice,1513,1449,0.957699934
Himachal Pradesh,KULLU,2005,Kharif,Small millets,561,187,0.333333333
Himachal Pradesh,KULLU,2005,Kharif,Soyabean,10,10,1
Himachal Pradesh,KULLU,2005,Kharif,Urad,1092,440,0.402930403
Himachal Pradesh,KULLU,2005,Rabi,Barley,5967,6431,1.077761019
Himachal Pradesh,KULLU,2005,Rabi,Coriander,26,2,0.076923077
Himachal Pradesh,KULLU,2005,Rabi,Garlic,594,299,0.503367003
Himachal Pradesh,KULLU,2005,Rabi,Gram,78,18,0.230769231
Himachal Pradesh,KULLU,2005,Rabi,Masoor,76,7,0.092105263
Himachal Pradesh,KULLU,2005,Rabi,Onion,109,264,2.422018349
Himachal Pradesh,KULLU,2005,Rabi,Peas & beans (Pulses),585,703,1.201709402
Himachal Pradesh,KULLU,2005,Rabi,Rapeseed &Mustard,757,281,0.371202114
Himachal Pradesh,KULLU,2005,Rabi,Wheat,26763,39810,1.487501401
Himachal Pradesh,KULLU,2005,Whole Year,Potato,1300,6535,5.026923077
Himachal Pradesh,KULLU,2006,Kharif,Dry chillies,64,18,0.28125
Himachal Pradesh,KULLU,2006,Kharif,Groundnut,42,26,0.619047619
Himachal Pradesh,KULLU,2006,Kharif,Horse-gram,186,79,0.424731183
Himachal Pradesh,KULLU,2006,Kharif,Maize,16352,48065,2.939395793
Himachal Pradesh,KULLU,2006,Kharif,Moong(Green Gram),136,47,0.345588235
Himachal Pradesh,KULLU,2006,Kharif,Other Kharif pulses,1151,479,0.416159861
Himachal Pradesh,KULLU,2006,Kharif,Ragi,408,272,0.666666667
Himachal Pradesh,KULLU,2006,Kharif,Rice,1478,1928,1.304465494
Himachal Pradesh,KULLU,2006,Kharif,Small millets,627,184,0.293460925
Himachal Pradesh,KULLU,2006,Kharif,Soyabean,4,7,1.75
Himachal Pradesh,KULLU,2006,Kharif,Urad,1078,220,0.204081633
Himachal Pradesh,KULLU,2006,Rabi,Barley,3851,7098,1.843157621
Himachal Pradesh,KULLU,2006,Rabi,Coriander,7,2,0.285714286
Himachal Pradesh,KULLU,2006,Rabi,Garlic,569,458,0.804920914
Himachal Pradesh,KULLU,2006,Rabi,Gram,102,65,0.637254902
Himachal Pradesh,KULLU,2006,Rabi,Masoor,77,43,0.558441558
Himachal Pradesh,KULLU,2006,Rabi,Onion,105,876,8.342857143
Himachal Pradesh,KULLU,2006,Rabi,Other  Rabi pulses,77,43,0.558441558
Himachal Pradesh,KULLU,2006,Rabi,Peas & beans (Pulses),275,344,1.250909091
Himachal Pradesh,KULLU,2006,Rabi,Rapeseed &Mustard,655,692,1.05648855
Himachal Pradesh,KULLU,2006,Rabi,Wheat,25970,45793,1.763303812
Himachal Pradesh,KULLU,2006,Whole Year,Potato,1290,7303,5.66124031
Himachal Pradesh,KULLU,2007,Kharif,Dry chillies,67,21,0.313432836
Himachal Pradesh,KULLU,2007,Kharif,Groundnut,42,32,0.761904762
Himachal Pradesh,KULLU,2007,Kharif,Horse-gram,176,53,0.301136364
Himachal Pradesh,KULLU,2007,Kharif,Maize,16356,49765,3.042614331
Himachal Pradesh,KULLU,2007,Kharif,Masoor,113,82,0.725663717
Himachal Pradesh,KULLU,2007,Kharif,Moong(Green Gram),132,53,0.401515152
Himachal Pradesh,KULLU,2007,Kharif,Peas & beans (Pulses),455,667,1.465934066
Himachal Pradesh,KULLU,2007,Kharif,Potato,1304,10964,8.40797546
Himachal Pradesh,KULLU,2007,Kharif,Ragi,393,303,0.770992366
Himachal Pradesh,KULLU,2007,Kharif,Rice,1469,1984,1.350578625
Himachal Pradesh,KULLU,2007,Kharif,Small millets,10,6,0.6
Himachal Pradesh,KULLU,2007,Kharif,Soyabean,3,3,1
Himachal Pradesh,KULLU,2007,Kharif,Urad,1043,251,0.240651965
Himachal Pradesh,KULLU,2007,Rabi,Barley,3868,5539,1.432006205
Himachal Pradesh,KULLU,2007,Rabi,Coriander,25,8,0.32
Himachal Pradesh,KULLU,2007,Rabi,Garlic,783,984,1.256704981
Himachal Pradesh,KULLU,2007,Rabi,Gram,102,84,0.823529412
Himachal Pradesh,KULLU,2007,Rabi,Onion,68,602,8.852941176
Himachal Pradesh,KULLU,2007,Rabi,Rapeseed &Mustard,728,386,0.53021978
Himachal Pradesh,KULLU,2007,Rabi,Wheat,25319,43042,1.699988151
Himachal Pradesh,KULLU,2008,Kharif,Dry chillies,70,18,0.257142857
Himachal Pradesh,KULLU,2008,Kharif,Groundnut,42,27,0.642857143
Himachal Pradesh,KULLU,2008,Kharif,Horse-gram,124,39,0.314516129
Himachal Pradesh,KULLU,2008,Kharif,Maize,16683,44965,2.695258647
Himachal Pradesh,KULLU,2008,Kharif,Moong(Green Gram),6,2,0.333333333
Himachal Pradesh,KULLU,2008,Kharif,Other Kharif pulses,11,4,0.363636364
Himachal Pradesh,KULLU,2008,Kharif,Peas & beans (Pulses),90,110,1.222222222
Himachal Pradesh,KULLU,2008,Kharif,Potato,549,11369,20.70856102
Himachal Pradesh,KULLU,2008,Kharif,Ragi,240,201,0.8375
Himachal Pradesh,KULLU,2008,Kharif,Rice,1439,1972,1.370396108
Himachal Pradesh,KULLU,2008,Kharif,Small millets,30,19,0.633333333
Himachal Pradesh,KULLU,2008,Kharif,Soyabean,4,5,1.25
Himachal Pradesh,KULLU,2008,Kharif,Turmeric,8,3,0.375
Himachal Pradesh,KULLU,2008,Kharif,Urad,967,214,0.221302999
Himachal Pradesh,KULLU,2008,Rabi,Barley,3343,3380,1.011067903
Himachal Pradesh,KULLU,2008,Rabi,Coriander,32,7,0.21875
Himachal Pradesh,KULLU,2008,Rabi,Garlic,296,116,0.391891892
Himachal Pradesh,KULLU,2008,Rabi,Gram,72,25,0.347222222
Himachal Pradesh,KULLU,2008,Rabi,Masoor,67,18,0.268656716
Himachal Pradesh,KULLU,2008,Rabi,Onion,71,440,6.197183099
Himachal Pradesh,KULLU,2008,Rabi,Peas & beans (Pulses),452,255,0.564159292
Himachal Pradesh,KULLU,2008,Rabi,Potato,464,3457,7.450431034
Himachal Pradesh,KULLU,2008,Rabi,Rapeseed &Mustard,739,167,0.225981055
Himachal Pradesh,KULLU,2008,Rabi,Wheat,24160,31282,1.294784768
Himachal Pradesh,KULLU,2010,Kharif,Groundnut,44,27,0.613636364
Himachal Pradesh,KULLU,2010,Kharif,Horse-gram,142,39,0.274647887
Himachal Pradesh,KULLU,2010,Kharif,Maize,16855,39493,2.343102937
Himachal Pradesh,KULLU,2010,Kharif,Moong(Green Gram),46,15,0.326086957
Himachal Pradesh,KULLU,2010,Kharif,Other Kharif pulses,1319,1373,1.040940106
Himachal Pradesh,KULLU,2010,Kharif,Peas & beans (Pulses),87,114,1.310344828
Himachal Pradesh,KULLU,2010,Kharif,Potato,662,4309,6.509063444
Himachal Pradesh,KULLU,2010,Kharif,Ragi,479,351,0.732776618
Himachal Pradesh,KULLU,2010,Kharif,Rice,1516,1822,1.201846966
Himachal Pradesh,KULLU,2010,Kharif,Small millets,588,316,0.537414966
Himachal Pradesh,KULLU,2010,Kharif,Urad,1069,224,0.209541628
Himachal Pradesh,KULLU,2010,Rabi,Barley,3130,3614,1.154632588
Himachal Pradesh,KULLU,2010,Rabi,Coriander,30,8,0.266666667
Himachal Pradesh,KULLU,2010,Rabi,Garlic,784,819,1.044642857
Himachal Pradesh,KULLU,2010,Rabi,Gram,77,52,0.675324675
Himachal Pradesh,KULLU,2010,Rabi,Masoor,101,66,0.653465347
Himachal Pradesh,KULLU,2010,Rabi,Onion,61,447,7.327868852
Himachal Pradesh,KULLU,2010,Rabi,Peas & beans (Pulses),686,993,1.447521866
Himachal Pradesh,KULLU,2010,Rabi,Potato,555,3432,6.183783784
Himachal Pradesh,KULLU,2010,Rabi,Rapeseed &Mustard,651,336,0.516129032
Himachal Pradesh,KULLU,2010,Rabi,Wheat,19278,28447,1.475619878
Himachal Pradesh,KULLU,2010,Whole Year,Dry chillies,63,23,0.365079365
Himachal Pradesh,LAHUL AND SPITI,1998,Kharif,Maize,35,77,2.2
Himachal Pradesh,LAHUL AND SPITI,1998,Kharif,Potato,874,20123,23.02402746
Himachal Pradesh,LAHUL AND SPITI,1998,Kharif,Small millets,178,73,0.41011236
Himachal Pradesh,LAHUL AND SPITI,1998,Rabi,Barley,647,671,1.037094281
Himachal Pradesh,LAHUL AND SPITI,1998,Rabi,Peas & beans (Pulses),1210,6694,5.532231405
Himachal Pradesh,LAHUL AND SPITI,1998,Rabi,Rapeseed &Mustard,21,31,1.476190476
Himachal Pradesh,LAHUL AND SPITI,1998,Rabi,Wheat,185,234,1.264864865
Himachal Pradesh,LAHUL AND SPITI,1999,Kharif,Maize,34,77,2.264705882
Himachal Pradesh,LAHUL AND SPITI,1999,Kharif,Masoor,1,0,0
Himachal Pradesh,LAHUL AND SPITI,1999,Kharif,Peas & beans (Pulses),1415,7829,5.532862191
Himachal Pradesh,LAHUL AND SPITI,1999,Kharif,Small millets,161,66,0.409937888
Himachal Pradesh,LAHUL AND SPITI,1999,Rabi,Barley,553,694,1.254972875
Himachal Pradesh,LAHUL AND SPITI,1999,Rabi,Rapeseed &Mustard,18,24,1.333333333
Himachal Pradesh,LAHUL AND SPITI,1999,Rabi,Wheat,175,275,1.571428571
Himachal Pradesh,LAHUL AND SPITI,2000,Kharif,Horse-gram,45,11,0.244444444
Himachal Pradesh,LAHUL AND SPITI,2000,Kharif,Maize,38,87,2.289473684
Himachal Pradesh,LAHUL AND SPITI,2000,Kharif,Other Kharif pulses,26,9,0.346153846
Himachal Pradesh,LAHUL AND SPITI,2000,Kharif,Peas & beans (Pulses),1598,8842,5.533166458
Himachal Pradesh,LAHUL AND SPITI,2000,Kharif,Small millets,149,61,0.409395973
Himachal Pradesh,LAHUL AND SPITI,2000,Rabi,Barley,616,514,0.834415584
Himachal Pradesh,LAHUL AND SPITI,2000,Rabi,Rapeseed &Mustard,11,16,1.454545455
Himachal Pradesh,LAHUL AND SPITI,2000,Rabi,Wheat,142,98,0.690140845
Himachal Pradesh,LAHUL AND SPITI,2001,Kharif,Maize,42,107,2.547619048
Himachal Pradesh,LAHUL AND SPITI,2001,Kharif,Masoor,4,1,0.25
Himachal Pradesh,LAHUL AND SPITI,2001,Kharif,Other Kharif pulses,58,13,0.224137931
Himachal Pradesh,LAHUL AND SPITI,2001,Kharif,Peas & beans (Pulses),1497,8116,5.421509686
Himachal Pradesh,LAHUL AND SPITI,2001,Kharif,Small millets,72,29,0.402777778
Himachal Pradesh,LAHUL AND SPITI,2001,Rabi,Barley,576,799,1.387152778
Himachal Pradesh,LAHUL AND SPITI,2001,Rabi,Rapeseed &Mustard,3,4,1.333333333
Himachal Pradesh,LAHUL AND SPITI,2001,Rabi,Wheat,121,210,1.73553719
Himachal Pradesh,LAHUL AND SPITI,2001,Whole Year,Potato,813,11738,14.43788438
Himachal Pradesh,LAHUL AND SPITI,2002,Kharif,Horse-gram,65,16,0.246153846
Himachal Pradesh,LAHUL AND SPITI,2002,Kharif,Maize,49,79,1.612244898
Himachal Pradesh,LAHUL AND SPITI,2002,Kharif,Other Kharif pulses,58,16,0.275862069
Himachal Pradesh,LAHUL AND SPITI,2002,Kharif,Peas & beans (Pulses),1497,8117,5.422177689
Himachal Pradesh,LAHUL AND SPITI,2002,Kharif,Small millets,51,21,0.411764706
Himachal Pradesh,LAHUL AND SPITI,2002,Rabi,Barley,573,743,1.296684119
Himachal Pradesh,LAHUL AND SPITI,2002,Rabi,Rapeseed &Mustard,28,1,0.035714286
Himachal Pradesh,LAHUL AND SPITI,2002,Rabi,Wheat,118,163,1.381355932
Himachal Pradesh,LAHUL AND SPITI,2002,Whole Year,Potato,813,11136,13.69741697
Himachal Pradesh,LAHUL AND SPITI,2003,Kharif,Maize,62,152,2.451612903
Himachal Pradesh,LAHUL AND SPITI,2003,Rabi,Barley,473,547,1.156448203
Himachal Pradesh,LAHUL AND SPITI,2003,Rabi,Wheat,107,146,1.364485981
Himachal Pradesh,LAHUL AND SPITI,2003,Whole Year,Potato,807,12745,15.79306072
Himachal Pradesh,LAHUL AND SPITI,2004,Kharif,Maize,64,136,2.125
Himachal Pradesh,LAHUL AND SPITI,2004,Rabi,Barley,592,852,1.439189189
Himachal Pradesh,LAHUL AND SPITI,2004,Rabi,Wheat,81,151,1.864197531
Himachal Pradesh,LAHUL AND SPITI,2004,Whole Year,Potato,759,10385,13.68247694
Himachal Pradesh,LAHUL AND SPITI,2005,Kharif,Maize,85,156,1.835294118
Himachal Pradesh,LAHUL AND SPITI,2005,Kharif,Other Kharif pulses,27,91,3.37037037
Himachal Pradesh,LAHUL AND SPITI,2005,Rabi,Barley,608,707,1.162828947
Himachal Pradesh,LAHUL AND SPITI,2005,Rabi,Peas & beans (Pulses),1560,8579,5.499358974
Himachal Pradesh,LAHUL AND SPITI,2005,Rabi,Rapeseed &Mustard,69,93,1.347826087
Himachal Pradesh,LAHUL AND SPITI,2005,Rabi,Wheat,75,77,1.026666667
Himachal Pradesh,LAHUL AND SPITI,2005,Whole Year,Potato,759,13579,17.89064559
Himachal Pradesh,LAHUL AND SPITI,2006,Kharif,Maize,46,107,2.326086957
Himachal Pradesh,LAHUL AND SPITI,2006,Kharif,Other Kharif pulses,36,122,3.388888889
Himachal Pradesh,LAHUL AND SPITI,2006,Rabi,Barley,599,842,1.405676127
Himachal Pradesh,LAHUL AND SPITI,2006,Rabi,Peas & beans (Pulses),1567,8702,5.553286535
Himachal Pradesh,LAHUL AND SPITI,2006,Rabi,Wheat,73,120,1.643835616
Himachal Pradesh,LAHUL AND SPITI,2006,Whole Year,Potato,755,22047,29.2013245
Himachal Pradesh,LAHUL AND SPITI,2007,Kharif,Maize,34,77,2.264705882
Himachal Pradesh,LAHUL AND SPITI,2007,Kharif,Peas & beans (Pulses),1535,8524,5.553094463
Himachal Pradesh,LAHUL AND SPITI,2007,Kharif,Potato,819,15141,18.48717949
Himachal Pradesh,LAHUL AND SPITI,2007,Rabi,Barley,554,658,1.187725632
Himachal Pradesh,LAHUL AND SPITI,2007,Rabi,Wheat,63,206,3.26984127
Himachal Pradesh,LAHUL AND SPITI,2008,Kharif,Maize,22,50,2.272727273
Himachal Pradesh,LAHUL AND SPITI,2008,Kharif,Potato,824,17413,21.13228155
Himachal Pradesh,LAHUL AND SPITI,2008,Rabi,Barley,574,519,0.904181185
Himachal Pradesh,LAHUL AND SPITI,2008,Rabi,Peas & beans (Pulses),1574,8740,5.552731893
Himachal Pradesh,LAHUL AND SPITI,2008,Rabi,Rapeseed &Mustard,75,112,1.493333333
Himachal Pradesh,LAHUL AND SPITI,2008,Rabi,Wheat,57,60,1.052631579
Himachal Pradesh,LAHUL AND SPITI,2010,Kharif,Maize,19,43,2.263157895
Himachal Pradesh,LAHUL AND SPITI,2010,Kharif,Other Kharif pulses,46,156,3.391304348
Himachal Pradesh,LAHUL AND SPITI,2010,Kharif,Potato,737,8787,11.92265943
Himachal Pradesh,LAHUL AND SPITI,2010,Rabi,Barley,429,618,1.440559441
Himachal Pradesh,LAHUL AND SPITI,2010,Rabi,Peas & beans (Pulses),1768,9818,5.553167421
Himachal Pradesh,LAHUL AND SPITI,2010,Rabi,Rapeseed &Mustard,29,43,1.482758621
Himachal Pradesh,LAHUL AND SPITI,2010,Rabi,Wheat,49,84,1.714285714
Himachal Pradesh,MANDI,1998,Kharif,Bajra,16,9,0.5625
Himachal Pradesh,MANDI,1998,Kharif,Groundnut,12,6,0.5
Himachal Pradesh,MANDI,1998,Kharif,Horse-gram,477,471,0.987421384
Himachal Pradesh,MANDI,1998,Kharif,Maize,48633,135506,2.78629737
Himachal Pradesh,MANDI,1998,Kharif,Moong(Green Gram),6,3,0.5
Himachal Pradesh,MANDI,1998,Kharif,Potato,1638,12323,7.523199023
Himachal Pradesh,MANDI,1998,Kharif,Rice,20697,29448,1.422814901
Himachal Pradesh,MANDI,1998,Kharif,Sesamum,66,35,0.53030303
Himachal Pradesh,MANDI,1998,Kharif,Small millets,1927,783,0.406331085
Himachal Pradesh,MANDI,1998,Kharif,Soyabean,407,599,1.471744472
Himachal Pradesh,MANDI,1998,Kharif,Urad,1788,1189,0.664988814
Himachal Pradesh,MANDI,1998,Rabi,Barley,4171,2799,0.671062095
Himachal Pradesh,MANDI,1998,Rabi,Coriander,9,3,0.333333333
Himachal Pradesh,MANDI,1998,Rabi,Gram,35,32,0.914285714
Himachal Pradesh,MANDI,1998,Rabi,Linseed,341,36,0.105571848
Himachal Pradesh,MANDI,1998,Rabi,Masoor,185,61,0.32972973
Himachal Pradesh,MANDI,1998,Rabi,Potato,195,1467,7.523076923
Himachal Pradesh,MANDI,1998,Rabi,Rapeseed &Mustard,475,119,0.250526316
Himachal Pradesh,MANDI,1998,Rabi,Wheat,66773,67590,1.012235484
Himachal Pradesh,MANDI,1998,Whole Year,Dry chillies,215,49,0.227906977
Himachal Pradesh,MANDI,1998,Whole Year,Dry ginger,65,60,0.923076923
Himachal Pradesh,MANDI,1998,Whole Year,Garlic,42,20,0.476190476
Himachal Pradesh,MANDI,1998,Whole Year,Turmeric,14,10,0.714285714
Himachal Pradesh,MANDI,1999,Kharif,Arhar/Tur,19,3,0.157894737
Himachal Pradesh,MANDI,1999,Kharif,Groundnut,11,5,0.454545455
Himachal Pradesh,MANDI,1999,Kharif,Horse-gram,429,424,0.988344988
Himachal Pradesh,MANDI,1999,Kharif,Maize,47118,137251,2.912920752
Himachal Pradesh,MANDI,1999,Kharif,Masoor,154,41,0.266233766
Himachal Pradesh,MANDI,1999,Kharif,Moong(Green Gram),15,6,0.4
Himachal Pradesh,MANDI,1999,Kharif,Rice,20447,30646,1.49880178
Himachal Pradesh,MANDI,1999,Kharif,Sesamum,67,28,0.417910448
Himachal Pradesh,MANDI,1999,Kharif,Small millets,2066,523,0.253146176
Himachal Pradesh,MANDI,1999,Kharif,Soyabean,400,589,1.4725
Himachal Pradesh,MANDI,1999,Kharif,Urad,1535,1312,0.854723127
Himachal Pradesh,MANDI,1999,Rabi,Barley,4290,6057,1.411888112
Himachal Pradesh,MANDI,1999,Rabi,Gram,33,30,0.909090909
Himachal Pradesh,MANDI,1999,Rabi,Linseed,328,35,0.106707317
Himachal Pradesh,MANDI,1999,Rabi,Rapeseed &Mustard,412,61,0.148058252
Himachal Pradesh,MANDI,1999,Rabi,Wheat,68477,110116,1.608072784
Himachal Pradesh,MANDI,1999,Whole Year,Dry chillies,172,41,0.238372093
Himachal Pradesh,MANDI,2000,Kharif,Arhar/Tur,28,4,0.142857143
Himachal Pradesh,MANDI,2000,Kharif,Bajra,23,8,0.347826087
Himachal Pradesh,MANDI,2000,Kharif,Groundnut,6,0.1,0.016666667
Himachal Pradesh,MANDI,2000,Kharif,Horse-gram,405,228,0.562962963
Himachal Pradesh,MANDI,2000,Kharif,Maize,48487,135122,2.786767587
Himachal Pradesh,MANDI,2000,Kharif,Masoor,165,32,0.193939394
Himachal Pradesh,MANDI,2000,Kharif,Moong(Green Gram),7,2,0.285714286
Himachal Pradesh,MANDI,2000,Kharif,Other Kharif pulses,671,115,0.171385991
Himachal Pradesh,MANDI,2000,Kharif,Peas & beans (Pulses),156,129,0.826923077
Himachal Pradesh,MANDI,2000,Kharif,Rice,20083,31474,1.567196136
Himachal Pradesh,MANDI,2000,Kharif,Sesamum,73,23,0.315068493
Himachal Pradesh,MANDI,2000,Kharif,Small millets,1976,360,0.182186235
Himachal Pradesh,MANDI,2000,Kharif,Soyabean,398,390,0.979899497
Himachal Pradesh,MANDI,2000,Kharif,Urad,1707,1055,0.618043351
Himachal Pradesh,MANDI,2000,Rabi,Barley,3957,3772,0.95324741
Himachal Pradesh,MANDI,2000,Rabi,Gram,54,32,0.592592593
Himachal Pradesh,MANDI,2000,Rabi,Linseed,328,23,0.070121951
Himachal Pradesh,MANDI,2000,Rabi,Rapeseed &Mustard,420,63,0.15
Himachal Pradesh,MANDI,2000,Rabi,Wheat,65145,44100,0.676951416
Himachal Pradesh,MANDI,2000,Whole Year,Sugarcane,1,0.1,0.1
Himachal Pradesh,MANDI,2001,Kharif,Arhar/Tur,1,1,1
Himachal Pradesh,MANDI,2001,Kharif,Bajra,11,4,0.363636364
Himachal Pradesh,MANDI,2001,Kharif,Cotton(lint),1,1,1
Himachal Pradesh,MANDI,2001,Kharif,Dry ginger,78,867,11.11538462
Himachal Pradesh,MANDI,2001,Kharif,Groundnut,8,2,0.25
Himachal Pradesh,MANDI,2001,Kharif,Horse-gram,285,169,0.592982456
Himachal Pradesh,MANDI,2001,Kharif,Maize,48758,151635,3.109951187
Himachal Pradesh,MANDI,2001,Kharif,Masoor,167,33,0.19760479
Himachal Pradesh,MANDI,2001,Kharif,Moong(Green Gram),51,14,0.274509804
Himachal Pradesh,MANDI,2001,Kharif,Other Kharif pulses,1142,224,0.19614711
Himachal Pradesh,MANDI,2001,Kharif,Rice,19762,33767,1.708683332
Himachal Pradesh,MANDI,2001,Kharif,Sesamum,52,16,0.307692308
Himachal Pradesh,MANDI,2001,Kharif,Small millets,1692,257,0.151891253
Himachal Pradesh,MANDI,2001,Kharif,Soyabean,446,474,1.062780269
Himachal Pradesh,MANDI,2001,Kharif,Urad,1511,1004,0.664460622
Himachal Pradesh,MANDI,2001,Rabi,Barley,4021,7487,1.861974633
Himachal Pradesh,MANDI,2001,Rabi,Gram,31,19,0.612903226
Himachal Pradesh,MANDI,2001,Rabi,Linseed,314,20,0.063694268
Himachal Pradesh,MANDI,2001,Rabi,Other  Rabi pulses,2,1,0.5
Himachal Pradesh,MANDI,2001,Rabi,Rapeseed &Mustard,395,49,0.124050633
Himachal Pradesh,MANDI,2001,Rabi,Wheat,64419,132072,2.05020258
Himachal Pradesh,MANDI,2001,Whole Year,Coriander,3,6,2
Himachal Pradesh,MANDI,2001,Whole Year,Dry chillies,161,22,0.136645963
Himachal Pradesh,MANDI,2001,Whole Year,Garlic,163,58,0.355828221
Himachal Pradesh,MANDI,2001,Whole Year,Onion,86,556,6.465116279
Himachal Pradesh,MANDI,2001,Whole Year,Potato,2342,20439,8.727156277
Himachal Pradesh,MANDI,2001,Whole Year,Sugarcane,1,4,4
Himachal Pradesh,MANDI,2001,Whole Year,Turmeric,8,3,0.375
Himachal Pradesh,MANDI,2002,Kharif,Dry ginger,89,618,6.943820225
Himachal Pradesh,MANDI,2002,Kharif,Groundnut,1,0,0
Himachal Pradesh,MANDI,2002,Kharif,Horse-gram,350,277,0.791428571
Himachal Pradesh,MANDI,2002,Kharif,Maize,48681,101153,2.077874325
Himachal Pradesh,MANDI,2002,Kharif,Masoor,138,41,0.297101449
Himachal Pradesh,MANDI,2002,Kharif,Moong(Green Gram),7,3,0.428571429
Himachal Pradesh,MANDI,2002,Kharif,Other Kharif pulses,848,223,0.262971698
Himachal Pradesh,MANDI,2002,Kharif,Peas & beans (Pulses),330,307,0.93030303
Himachal Pradesh,MANDI,2002,Kharif,Rice,20942,22461,1.072533664
Himachal Pradesh,MANDI,2002,Kharif,Sesamum,80,15,0.1875
Himachal Pradesh,MANDI,2002,Kharif,Small millets,1683,674,0.400475342
Himachal Pradesh,MANDI,2002,Kharif,Soyabean,485,793,1.635051546
Himachal Pradesh,MANDI,2002,Kharif,Urad,1567,1191,0.760051053
Himachal Pradesh,MANDI,2002,Rabi,Barley,3839,8056,2.098463141
Himachal Pradesh,MANDI,2002,Rabi,Gram,36,36,1
Himachal Pradesh,MANDI,2002,Rabi,Linseed,315,33,0.104761905
Himachal Pradesh,MANDI,2002,Rabi,Other  Rabi pulses,4,1,0.25
Himachal Pradesh,MANDI,2002,Rabi,Rapeseed &Mustard,401,83,0.206982544
Himachal Pradesh,MANDI,2002,Rabi,Wheat,66373,92975,1.400795504
Himachal Pradesh,MANDI,2002,Whole Year,Coriander,27,9,0.333333333
Himachal Pradesh,MANDI,2002,Whole Year,Dry chillies,161,37,0.229813665
Himachal Pradesh,MANDI,2002,Whole Year,Garlic,403,133,0.330024814
Himachal Pradesh,MANDI,2002,Whole Year,Onion,119,848,7.12605042
Himachal Pradesh,MANDI,2002,Whole Year,Potato,2398,33692,14.0500417
Himachal Pradesh,MANDI,2002,Whole Year,Sugarcane,1,1,1
Himachal Pradesh,MANDI,2002,Whole Year,Turmeric,8,3,0.375
Himachal Pradesh,MANDI,2003,Kharif,Dry ginger,83,595,7.168674699
Himachal Pradesh,MANDI,2003,Kharif,Maize,46668,155524,3.332561927
Himachal Pradesh,MANDI,2003,Kharif,Rice,19783,28981,1.464944649
Himachal Pradesh,MANDI,2003,Rabi,Barley,4005,4716,1.17752809
Himachal Pradesh,MANDI,2003,Rabi,Wheat,66504,83528,1.255984602
Himachal Pradesh,MANDI,2003,Whole Year,Potato,2439,32385,13.27798278
Himachal Pradesh,MANDI,2004,Kharif,Bajra,34,18,0.529411765
Himachal Pradesh,MANDI,2004,Kharif,Dry ginger,86,613,7.127906977
Himachal Pradesh,MANDI,2004,Kharif,Maize,46517,131179,2.820022787
Himachal Pradesh,MANDI,2004,Kharif,Rice,20092,25275,1.257963369
Himachal Pradesh,MANDI,2004,Rabi,Barley,3804,6938,1.823869611
Himachal Pradesh,MANDI,2004,Rabi,Wheat,66488,121403,1.825938515
Himachal Pradesh,MANDI,2004,Whole Year,Potato,2453,35581,14.5050958
Himachal Pradesh,MANDI,2005,Kharif,Arhar/Tur,1,,
Himachal Pradesh,MANDI,2005,Kharif,Bajra,44,19,0.431818182
Himachal Pradesh,MANDI,2005,Kharif,Dry chillies,122,22,0.180327869
Himachal Pradesh,MANDI,2005,Kharif,Dry ginger,80,595,7.4375
Himachal Pradesh,MANDI,2005,Kharif,Horse-gram,315,223,0.707936508
Himachal Pradesh,MANDI,2005,Kharif,Maize,47095,114692,2.435332838
Himachal Pradesh,MANDI,2005,Kharif,Moong(Green Gram),31,22,0.709677419
Himachal Pradesh,MANDI,2005,Kharif,Other Kharif pulses,1135,805,0.709251101
Himachal Pradesh,MANDI,2005,Kharif,Ragi,1182,825,0.697969543
Himachal Pradesh,MANDI,2005,Kharif,Rice,20276,29167,1.438498718
Himachal Pradesh,MANDI,2005,Kharif,Sesamum,23,4,0.173913043
Himachal Pradesh,MANDI,2005,Kharif,Small millets,458,372,0.812227074
Himachal Pradesh,MANDI,2005,Kharif,Soyabean,436,606,1.389908257
Himachal Pradesh,MANDI,2005,Kharif,Turmeric,9,5,0.555555556
Himachal Pradesh,MANDI,2005,Kharif,Urad,1244,882,0.709003215
Himachal Pradesh,MANDI,2005,Rabi,Barley,3739,6103,1.632254614
Himachal Pradesh,MANDI,2005,Rabi,Coriander,17,5,0.294117647
Himachal Pradesh,MANDI,2005,Rabi,Garlic,341,515,1.51026393
Himachal Pradesh,MANDI,2005,Rabi,Gram,31,17,0.548387097
Himachal Pradesh,MANDI,2005,Rabi,Linseed,290,20,0.068965517
Himachal Pradesh,MANDI,2005,Rabi,Masoor,193,47,0.243523316
Himachal Pradesh,MANDI,2005,Rabi,Onion,103,602,5.844660194
Himachal Pradesh,MANDI,2005,Rabi,Rapeseed &Mustard,369,86,0.233062331
Himachal Pradesh,MANDI,2005,Rabi,Wheat,64289,63460,0.987105104
Himachal Pradesh,MANDI,2005,Whole Year,Potato,2426,18232,7.515251443
Himachal Pradesh,MANDI,2005,Whole Year,Sugarcane,1,1,1
Himachal Pradesh,MANDI,2006,Kharif,Bajra,61,34,0.557377049
Himachal Pradesh,MANDI,2006,Kharif,Dry chillies,147,36,0.244897959
Himachal Pradesh,MANDI,2006,Kharif,Dry ginger,118,78,0.661016949
Himachal Pradesh,MANDI,2006,Kharif,Horse-gram,231,140,0.606060606
Himachal Pradesh,MANDI,2006,Kharif,Maize,47977,145093,3.024219939
Himachal Pradesh,MANDI,2006,Kharif,Moong(Green Gram),6,3,0.5
Himachal Pradesh,MANDI,2006,Kharif,Moth,1,,
Himachal Pradesh,MANDI,2006,Kharif,Other Kharif pulses,1104,602,0.545289855
Himachal Pradesh,MANDI,2006,Kharif,Ragi,1063,981,0.922859831
Himachal Pradesh,MANDI,2006,Kharif,Rice,19566,27068,1.383420219
Himachal Pradesh,MANDI,2006,Kharif,Sesamum,22,4,0.181818182
Himachal Pradesh,MANDI,2006,Kharif,Small millets,470,479,1.019148936
Himachal Pradesh,MANDI,2006,Kharif,Soyabean,464,781,1.683189655
Himachal Pradesh,MANDI,2006,Kharif,Turmeric,16,8,0.5
Himachal Pradesh,MANDI,2006,Kharif,Urad,1463,1440,0.984278879
Himachal Pradesh,MANDI,2006,Rabi,Barley,3904,5806,1.487192623
Himachal Pradesh,MANDI,2006,Rabi,Coriander,8,3,0.375
Himachal Pradesh,MANDI,2006,Rabi,Garlic,259,366,1.413127413
Himachal Pradesh,MANDI,2006,Rabi,Gram,30,30,1
Himachal Pradesh,MANDI,2006,Rabi,Linseed,303,63,0.207920792
Himachal Pradesh,MANDI,2006,Rabi,Masoor,169,59,0.349112426
Himachal Pradesh,MANDI,2006,Rabi,Onion,126,1282,10.17460317
Himachal Pradesh,MANDI,2006,Rabi,Other  Rabi pulses,169,59,0.349112426
Himachal Pradesh,MANDI,2006,Rabi,Peas & beans (Pulses),3201,6258,1.955014058
Himachal Pradesh,MANDI,2006,Rabi,Rapeseed &Mustard,381,111,0.291338583
Himachal Pradesh,MANDI,2006,Rabi,Wheat,67628,101834,1.505796416
Himachal Pradesh,MANDI,2006,Whole Year,Potato,2499,20945,8.381352541
Himachal Pradesh,MANDI,2007,Kharif,Dry chillies,134,33,0.246268657
Himachal Pradesh,MANDI,2007,Kharif,Dry ginger,33,371,11.24242424
Himachal Pradesh,MANDI,2007,Kharif,Horse-gram,305,132,0.432786885
Himachal Pradesh,MANDI,2007,Kharif,Maize,45610,125909,2.760556895
Himachal Pradesh,MANDI,2007,Kharif,Masoor,93,32,0.344086022
Himachal Pradesh,MANDI,2007,Kharif,Moong(Green Gram),11,5,0.454545455
Himachal Pradesh,MANDI,2007,Kharif,Moth,1,,
Himachal Pradesh,MANDI,2007,Kharif,Other Kharif pulses,203,78,0.384236453
Himachal Pradesh,MANDI,2007,Kharif,Peas & beans (Pulses),3593,7024,1.95491233
Himachal Pradesh,MANDI,2007,Kharif,Potato,2571,25457,9.90159471
Himachal Pradesh,MANDI,2007,Kharif,Rice,19469,25002,1.284195388
Himachal Pradesh,MANDI,2007,Kharif,Sesamum,18,3,0.166666667
Himachal Pradesh,MANDI,2007,Kharif,Small millets,322,251,0.779503106
Himachal Pradesh,MANDI,2007,Kharif,Soyabean,472,794,1.68220339
Himachal Pradesh,MANDI,2007,Kharif,Sugarcane,1,1,1
Himachal Pradesh,MANDI,2007,Kharif,Turmeric,18,9,0.5
Himachal Pradesh,MANDI,2007,Kharif,Urad,2642,2542,0.962149886
Himachal Pradesh,MANDI,2007,Rabi,Barley,3502,4694,1.340376927
Himachal Pradesh,MANDI,2007,Rabi,Coriander,10,3,0.3
Himachal Pradesh,MANDI,2007,Rabi,Garlic,590,833,1.411864407
Himachal Pradesh,MANDI,2007,Rabi,Gram,55,56,1.018181818
Himachal Pradesh,MANDI,2007,Rabi,Linseed,304,64,0.210526316
Himachal Pradesh,MANDI,2007,Rabi,Onion,114,1159,10.16666667
Himachal Pradesh,MANDI,2007,Rabi,Other  Rabi pulses,8,4,0.5
Himachal Pradesh,MANDI,2007,Rabi,Rapeseed &Mustard,376,109,0.289893617
Himachal Pradesh,MANDI,2007,Rabi,Wheat,66809,104356,1.562005119
Himachal Pradesh,MANDI,2008,Kharif,Bajra,43,24,0.558139535
Himachal Pradesh,MANDI,2008,Kharif,Dry chillies,193,48,0.248704663
Himachal Pradesh,MANDI,2008,Kharif,Groundnut,2,2,1
Himachal Pradesh,MANDI,2008,Kharif,Horse-gram,265,115,0.433962264
Himachal Pradesh,MANDI,2008,Kharif,Maize,48346,134051,2.772742316
Himachal Pradesh,MANDI,2008,Kharif,Moong(Green Gram),21,10,0.476190476
Himachal Pradesh,MANDI,2008,Kharif,Moth,1,,
Himachal Pradesh,MANDI,2008,Kharif,Other Kharif pulses,83,32,0.385542169
Himachal Pradesh,MANDI,2008,Kharif,Potato,2253,17768,7.886373724
Himachal Pradesh,MANDI,2008,Kharif,Ragi,988,912,0.923076923
Himachal Pradesh,MANDI,2008,Kharif,Rice,20171,27410,1.358881563
Himachal Pradesh,MANDI,2008,Kharif,Sesamum,37,7,0.189189189
Himachal Pradesh,MANDI,2008,Kharif,Small millets,85,66,0.776470588
Himachal Pradesh,MANDI,2008,Kharif,Soyabean,538,905,1.682156134
Himachal Pradesh,MANDI,2008,Kharif,Turmeric,22,12,0.545454545
Himachal Pradesh,MANDI,2008,Kharif,Urad,1212,1166,0.962046205
Himachal Pradesh,MANDI,2008,Rabi,Barley,3247,2953,0.909454881
Himachal Pradesh,MANDI,2008,Rabi,Coriander,16,1,0.0625
Himachal Pradesh,MANDI,2008,Rabi,Garlic,593,157,0.264755481
Himachal Pradesh,MANDI,2008,Rabi,Gram,37,7,0.189189189
Himachal Pradesh,MANDI,2008,Rabi,Linseed,209,11,0.052631579
Himachal Pradesh,MANDI,2008,Rabi,Masoor,188,13,0.069148936
Himachal Pradesh,MANDI,2008,Rabi,Onion,118,240,2.033898305
Himachal Pradesh,MANDI,2008,Rabi,Peas & beans (Pulses),3319,1038,0.312744803
Himachal Pradesh,MANDI,2008,Rabi,Potato,386,634,1.642487047
Himachal Pradesh,MANDI,2008,Rabi,Rapeseed &Mustard,366,18,0.049180328
Himachal Pradesh,MANDI,2008,Rabi,Wheat,65839,48364,0.734579808
Himachal Pradesh,MANDI,2010,Kharif,Bajra,43,19,0.441860465
Himachal Pradesh,MANDI,2010,Kharif,Ginger,110,825,7.5
Himachal Pradesh,MANDI,2010,Kharif,Groundnut,2,2,1
Himachal Pradesh,MANDI,2010,Kharif,Horse-gram,281,97,0.34519573
Himachal Pradesh,MANDI,2010,Kharif,Maize,48952,124752,2.54845563
Himachal Pradesh,MANDI,2010,Kharif,Moong(Green Gram),16,6,0.375
Himachal Pradesh,MANDI,2010,Kharif,Other Kharif pulses,1415,670,0.473498233
Himachal Pradesh,MANDI,2010,Kharif,Potato,2101,20768,9.884816754
Himachal Pradesh,MANDI,2010,Kharif,Ragi,974,719,0.738193018
Himachal Pradesh,MANDI,2010,Kharif,Rice,19481,30528,1.567065346
Himachal Pradesh,MANDI,2010,Kharif,Sesamum,10,2,0.2
Himachal Pradesh,MANDI,2010,Kharif,Small millets,54,34,0.62962963
Himachal Pradesh,MANDI,2010,Kharif,Soyabean,433,583,1.346420323
Himachal Pradesh,MANDI,2010,Kharif,Urad,1247,960,0.769847634
Himachal Pradesh,MANDI,2010,Rabi,Barley,3515,5793,1.648079659
Himachal Pradesh,MANDI,2010,Rabi,Coriander,13,3,0.230769231
Himachal Pradesh,MANDI,2010,Rabi,Garlic,375,402,1.072
Himachal Pradesh,MANDI,2010,Rabi,Gram,9,7,0.777777778
Himachal Pradesh,MANDI,2010,Rabi,Linseed,264,55,0.208333333
Himachal Pradesh,MANDI,2010,Rabi,Masoor,142,37,0.26056338
Himachal Pradesh,MANDI,2010,Rabi,Onion,103,796,7.72815534
Himachal Pradesh,MANDI,2010,Rabi,Peas & beans (Pulses),3437,5107,1.485888857
Himachal Pradesh,MANDI,2010,Rabi,Potato,378,2359,6.240740741
Himachal Pradesh,MANDI,2010,Rabi,Rapeseed &Mustard,317,70,0.220820189
Himachal Pradesh,MANDI,2010,Rabi,Wheat,67091,96765,1.442294794
Himachal Pradesh,MANDI,2010,Whole Year,Dry chillies,133,26,0.195488722
Himachal Pradesh,MANDI,2010,Whole Year,Turmeric,25,11,0.44
Himachal Pradesh,SHIMLA,1998,Kharif,Arhar/Tur,24,6,0.25
Himachal Pradesh,SHIMLA,1998,Kharif,Groundnut,15,7,0.466666667
Himachal Pradesh,SHIMLA,1998,Kharif,Horse-gram,658,234,0.3556231
Himachal Pradesh,SHIMLA,1998,Kharif,Maize,17284,38356,2.219162231
Himachal Pradesh,SHIMLA,1998,Kharif,Potato,5130,60390,11.77192982
Himachal Pradesh,SHIMLA,1998,Kharif,Rice,2898,3722,1.284334023
Himachal Pradesh,SHIMLA,1998,Kharif,Sesamum,50,14,0.28
Himachal Pradesh,SHIMLA,1998,Kharif,Small millets,6267,6368,1.016116164
Himachal Pradesh,SHIMLA,1998,Kharif,Soyabean,36,412,11.44444444
Himachal Pradesh,SHIMLA,1998,Kharif,Urad,2752,977,0.355014535
Himachal Pradesh,SHIMLA,1998,Rabi,Barley,5234,5075,0.969621704
Himachal Pradesh,SHIMLA,1998,Rabi,Coriander,209,67,0.320574163
Himachal Pradesh,SHIMLA,1998,Rabi,Gram,33,27,0.818181818
Himachal Pradesh,SHIMLA,1998,Rabi,Masoor,71,19,0.267605634
Himachal Pradesh,SHIMLA,1998,Rabi,Potato,817,9618,11.77233782
Himachal Pradesh,SHIMLA,1998,Rabi,Rapeseed &Mustard,1000,478,0.478
Himachal Pradesh,SHIMLA,1998,Rabi,Wheat,24294,21925,0.902486211
Himachal Pradesh,SHIMLA,1998,Whole Year,Dry chillies,182,41,0.225274725
Himachal Pradesh,SHIMLA,1998,Whole Year,Dry ginger,197,437,2.218274112
Himachal Pradesh,SHIMLA,1998,Whole Year,Garlic,19,18,0.947368421
Himachal Pradesh,SHIMLA,1998,Whole Year,Turmeric,2,1,0.5
Himachal Pradesh,SHIMLA,1999,Kharif,Arhar/Tur,102,23,0.225490196
Himachal Pradesh,SHIMLA,1999,Kharif,Groundnut,1,0,0
Himachal Pradesh,SHIMLA,1999,Kharif,Horse-gram,734,289,0.39373297
Himachal Pradesh,SHIMLA,1999,Kharif,Maize,16685,38442,2.303985616
Himachal Pradesh,SHIMLA,1999,Kharif,Masoor,117,35,0.299145299
Himachal Pradesh,SHIMLA,1999,Kharif,Moong(Green Gram),13,5,0.384615385
Himachal Pradesh,SHIMLA,1999,Kharif,Peas & beans (Pulses),2023,2346,1.159663866
Himachal Pradesh,SHIMLA,1999,Kharif,Rice,2923,3333,1.140266849
Himachal Pradesh,SHIMLA,1999,Kharif,Sesamum,105,29,0.276190476
Himachal Pradesh,SHIMLA,1999,Kharif,Small millets,6572,6677,1.015976872
Himachal Pradesh,SHIMLA,1999,Kharif,Soyabean,39,51,1.307692308
Himachal Pradesh,SHIMLA,1999,Kharif,Urad,2755,868,0.315063521
Himachal Pradesh,SHIMLA,1999,Rabi,Barley,4574,4422,0.966768693
Himachal Pradesh,SHIMLA,1999,Rabi,Gram,65,72,1.107692308
Himachal Pradesh,SHIMLA,1999,Rabi,Rapeseed &Mustard,984,470,0.477642276
Himachal Pradesh,SHIMLA,1999,Rabi,Wheat,19758,22496,1.138576779
Himachal Pradesh,SHIMLA,1999,Whole Year,Dry chillies,189,66,0.349206349
Himachal Pradesh,SHIMLA,2000,Kharif,Arhar/Tur,66,10,0.151515152
Himachal Pradesh,SHIMLA,2000,Kharif,Bajra,6,3,0.5
Himachal Pradesh,SHIMLA,2000,Kharif,Groundnut,6,0.1,0.016666667
Himachal Pradesh,SHIMLA,2000,Kharif,Horse-gram,691,163,0.235890014
Himachal Pradesh,SHIMLA,2000,Kharif,Maize,16017,32736,2.043828432
Himachal Pradesh,SHIMLA,2000,Kharif,Masoor,75,15,0.2
Himachal Pradesh,SHIMLA,2000,Kharif,Moong(Green Gram),3,1,0.333333333
Himachal Pradesh,SHIMLA,2000,Kharif,Other Kharif pulses,1801,380,0.210993892
Himachal Pradesh,SHIMLA,2000,Kharif,Rice,2579,2370,0.918960838
Himachal Pradesh,SHIMLA,2000,Kharif,Sesamum,34,7,0.205882353
Himachal Pradesh,SHIMLA,2000,Kharif,Small millets,6422,4046,0.6300218
Himachal Pradesh,SHIMLA,2000,Kharif,Soyabean,55,55,1
Himachal Pradesh,SHIMLA,2000,Kharif,Urad,2419,629,0.260024804
Himachal Pradesh,SHIMLA,2000,Rabi,Barley,4148,2517,0.606798457
Himachal Pradesh,SHIMLA,2000,Rabi,Gram,63,46,0.73015873
Himachal Pradesh,SHIMLA,2000,Rabi,Rapeseed &Mustard,627,180,0.28708134
Himachal Pradesh,SHIMLA,2000,Rabi,Wheat,15821,8127,0.513684344
Himachal Pradesh,SHIMLA,2001,Kharif,Arhar/Tur,73,16,0.219178082
Himachal Pradesh,SHIMLA,2001,Kharif,Bajra,8,4,0.5
Himachal Pradesh,SHIMLA,2001,Kharif,Dry ginger,267,2976,11.14606742
Himachal Pradesh,SHIMLA,2001,Kharif,Groundnut,4,2,0.5
Himachal Pradesh,SHIMLA,2001,Kharif,Horse-gram,716,274,0.382681564
Himachal Pradesh,SHIMLA,2001,Kharif,Maize,15224,40408,2.654230163
Himachal Pradesh,SHIMLA,2001,Kharif,Masoor,86,27,0.313953488
Himachal Pradesh,SHIMLA,2001,Kharif,Moong(Green Gram),2,1,0.5
Himachal Pradesh,SHIMLA,2001,Kharif,Other Kharif pulses,1559,461,0.295702373
Himachal Pradesh,SHIMLA,2001,Kharif,Rice,2368,2978,1.257601351
Himachal Pradesh,SHIMLA,2001,Kharif,Sesamum,52,13,0.25
Himachal Pradesh,SHIMLA,2001,Kharif,Small millets,5705,5505,0.964943032
Himachal Pradesh,SHIMLA,2001,Kharif,Soyabean,33,53,1.606060606
Himachal Pradesh,SHIMLA,2001,Kharif,Urad,2371,510,0.215099114
Himachal Pradesh,SHIMLA,2001,Rabi,Barley,4872,5222,1.07183908
Himachal Pradesh,SHIMLA,2001,Rabi,Gram,35,42,1.2
Himachal Pradesh,SHIMLA,2001,Rabi,Rapeseed &Mustard,661,291,0.440242057
Himachal Pradesh,SHIMLA,2001,Rabi,Wheat,17668,21956,1.242698664
Himachal Pradesh,SHIMLA,2001,Whole Year,Coriander,104,30,0.288461538
Himachal Pradesh,SHIMLA,2001,Whole Year,Dry chillies,156,34,0.217948718
Himachal Pradesh,SHIMLA,2001,Whole Year,Garlic,23,29,1.260869565
Himachal Pradesh,SHIMLA,2001,Whole Year,Onion,48,175,3.645833333
Himachal Pradesh,SHIMLA,2001,Whole Year,Turmeric,4,3,0.75
Himachal Pradesh,SHIMLA,2002,Kharif,Arhar/Tur,49,11,0.224489796
Himachal Pradesh,SHIMLA,2002,Kharif,Bajra,1,2,2
Himachal Pradesh,SHIMLA,2002,Kharif,Dry ginger,270,1267,4.692592593
Himachal Pradesh,SHIMLA,2002,Kharif,Groundnut,12,3,0.25
Himachal Pradesh,SHIMLA,2002,Kharif,Horse-gram,697,32,0.045911047
Himachal Pradesh,SHIMLA,2002,Kharif,Maize,13642,20495,1.502345697
Himachal Pradesh,SHIMLA,2002,Kharif,Masoor,92,120,1.304347826
Himachal Pradesh,SHIMLA,2002,Kharif,Other Kharif pulses,1424,235,0.16502809
Himachal Pradesh,SHIMLA,2002,Kharif,Peas & beans (Pulses),697,574,0.823529412
Himachal Pradesh,SHIMLA,2002,Kharif,Rice,3087,2636,0.853903466
Himachal Pradesh,SHIMLA,2002,Kharif,Sesamum,26,5,0.192307692
Himachal Pradesh,SHIMLA,2002,Kharif,Small millets,5484,3504,0.638949672
Himachal Pradesh,SHIMLA,2002,Kharif,Soyabean,14,20,1.428571429
Himachal Pradesh,SHIMLA,2002,Kharif,Urad,2083,131,0.062890062
Himachal Pradesh,SHIMLA,2002,Rabi,Barley,4470,3763,0.841834452
Himachal Pradesh,SHIMLA,2002,Rabi,Gram,26,32,1.230769231
Himachal Pradesh,SHIMLA,2002,Rabi,Rapeseed &Mustard,585,280,0.478632479
Himachal Pradesh,SHIMLA,2002,Rabi,Wheat,16082,17198,1.069394354
Himachal Pradesh,SHIMLA,2002,Whole Year,Coriander,84,27,0.321428571
Himachal Pradesh,SHIMLA,2002,Whole Year,Dry chillies,75,13,0.173333333
Himachal Pradesh,SHIMLA,2002,Whole Year,Garlic,89,35,0.393258427
Himachal Pradesh,SHIMLA,2002,Whole Year,Onion,34,0,0
Himachal Pradesh,SHIMLA,2002,Whole Year,Potato,5166,34168,6.614014712
Himachal Pradesh,SHIMLA,2002,Whole Year,Turmeric,8,2,0.25
Himachal Pradesh,SHIMLA,2003,Kharif,Bajra,7,4,0.571428571
Himachal Pradesh,SHIMLA,2003,Kharif,Dry ginger,187,882,4.71657754
Himachal Pradesh,SHIMLA,2003,Kharif,Maize,14844,43322,2.918485583
Himachal Pradesh,SHIMLA,2003,Kharif,Rice,2261,2207,0.976116762
Himachal Pradesh,SHIMLA,2003,Rabi,Barley,4674,5581,1.194052204
Himachal Pradesh,SHIMLA,2003,Rabi,Wheat,15912,15883,0.998177476
Himachal Pradesh,SHIMLA,2003,Whole Year,Potato,5667,60966,10.75807305
Himachal Pradesh,SHIMLA,2004,Kharif,Bajra,3,2,0.666666667
Himachal Pradesh,SHIMLA,2004,Kharif,Dry ginger,209,1531,7.325358852
Himachal Pradesh,SHIMLA,2004,Kharif,Maize,13896,33612,2.418825561
Himachal Pradesh,SHIMLA,2004,Kharif,Rice,1981,2122,1.071176174
Himachal Pradesh,SHIMLA,2004,Rabi,Barley,4704,5753,1.223001701
Himachal Pradesh,SHIMLA,2004,Rabi,Wheat,15104,20281,1.342756886
Himachal Pradesh,SHIMLA,2004,Whole Year,Potato,5429,46456,8.557008657
Himachal Pradesh,SHIMLA,2005,Kharif,Arhar/Tur,4,2,0.5
Himachal Pradesh,SHIMLA,2005,Kharif,Bajra,2,1,0.5
Himachal Pradesh,SHIMLA,2005,Kharif,Dry chillies,59,33,0.559322034
Himachal Pradesh,SHIMLA,2005,Kharif,Dry ginger,187,1122,6
Himachal Pradesh,SHIMLA,2005,Kharif,Groundnut,8,4,0.5
Himachal Pradesh,SHIMLA,2005,Kharif,Horse-gram,667,237,0.355322339
Himachal Pradesh,SHIMLA,2005,Kharif,Maize,13055,32415,2.482956722
Himachal Pradesh,SHIMLA,2005,Kharif,Moong(Green Gram),118,42,0.355932203
Himachal Pradesh,SHIMLA,2005,Kharif,Other Kharif pulses,1534,544,0.354628422
Himachal Pradesh,SHIMLA,2005,Kharif,Ragi,1335,2001,1.498876404
Himachal Pradesh,SHIMLA,2005,Kharif,Rice,1810,1966,1.086187845
Himachal Pradesh,SHIMLA,2005,Kharif,Sesamum,23,4,0.173913043
Himachal Pradesh,SHIMLA,2005,Kharif,Small millets,4113,4179,1.016046681
Himachal Pradesh,SHIMLA,2005,Kharif,Soyabean,24,39,1.625
Himachal Pradesh,SHIMLA,2005,Kharif,Turmeric,8,6,0.75
Himachal Pradesh,SHIMLA,2005,Kharif,Urad,1929,685,0.355106273
Himachal Pradesh,SHIMLA,2005,Rabi,Barley,4059,5139,1.266075388
Himachal Pradesh,SHIMLA,2005,Rabi,Coriander,35,7,0.2
Himachal Pradesh,SHIMLA,2005,Rabi,Garlic,174,184,1.057471264
Himachal Pradesh,SHIMLA,2005,Rabi,Gram,32,22,0.6875
Himachal Pradesh,SHIMLA,2005,Rabi,Masoor,41,16,0.390243902
Himachal Pradesh,SHIMLA,2005,Rabi,Onion,16,64,4
Himachal Pradesh,SHIMLA,2005,Rabi,Rapeseed &Mustard,520,99,0.190384615
Himachal Pradesh,SHIMLA,2005,Rabi,Wheat,14832,17969,1.211502157
Himachal Pradesh,SHIMLA,2005,Whole Year,Potato,4912,31758,6.465390879
Himachal Pradesh,SHIMLA,2006,Kharif,Arhar/Tur,105,35,0.333333333
Himachal Pradesh,SHIMLA,2006,Kharif,Bajra,2,1,0.5
Himachal Pradesh,SHIMLA,2006,Kharif,Dry chillies,57,19,0.333333333
Himachal Pradesh,SHIMLA,2006,Kharif,Dry ginger,202,508,2.514851485
Himachal Pradesh,SHIMLA,2006,Kharif,Groundnut,8,8,1
Himachal Pradesh,SHIMLA,2006,Kharif,Horse-gram,677,411,0.607090103
Himachal Pradesh,SHIMLA,2006,Kharif,Maize,12925,24010,1.857640232
Himachal Pradesh,SHIMLA,2006,Kharif,Moong(Green Gram),265,130,0.490566038
Himachal Pradesh,SHIMLA,2006,Kharif,Other Kharif pulses,1641,548,0.333942718
Himachal Pradesh,SHIMLA,2006,Kharif,Ragi,1004,1524,1.517928287
Himachal Pradesh,SHIMLA,2006,Kharif,Rice,1651,1887,1.142943671
Himachal Pradesh,SHIMLA,2006,Kharif,Sesamum,30,6,0.2
Himachal Pradesh,SHIMLA,2006,Kharif,Small millets,3049,3107,1.01902263
Himachal Pradesh,SHIMLA,2006,Kharif,Soyabean,27,45,1.666666667
Himachal Pradesh,SHIMLA,2006,Kharif,Turmeric,28,15,0.535714286
Himachal Pradesh,SHIMLA,2006,Kharif,Urad,1700,683,0.401764706
Himachal Pradesh,SHIMLA,2006,Rabi,Barley,3923,4648,1.184807545
Himachal Pradesh,SHIMLA,2006,Rabi,Coriander,50,17,0.34
Himachal Pradesh,SHIMLA,2006,Rabi,Garlic,122,172,1.409836066
Himachal Pradesh,SHIMLA,2006,Rabi,Gram,44,56,1.272727273
Himachal Pradesh,SHIMLA,2006,Rabi,Masoor,49,45,0.918367347
Himachal Pradesh,SHIMLA,2006,Rabi,Onion,15,153,10.2
Himachal Pradesh,SHIMLA,2006,Rabi,Other  Rabi pulses,49,45,0.918367347
Himachal Pradesh,SHIMLA,2006,Rabi,Rapeseed &Mustard,437,156,0.356979405
Himachal Pradesh,SHIMLA,2006,Rabi,Wheat,13035,14747,1.131338703
Himachal Pradesh,SHIMLA,2006,Whole Year,Potato,3859,34741,9.002591345
Himachal Pradesh,SHIMLA,2007,Kharif,Arhar/Tur,27,9,0.333333333
Himachal Pradesh,SHIMLA,2007,Kharif,Dry chillies,124,52,0.419354839
Himachal Pradesh,SHIMLA,2007,Kharif,Dry ginger,214,1729,8.079439252
Himachal Pradesh,SHIMLA,2007,Kharif,Groundnut,2,2,1
Himachal Pradesh,SHIMLA,2007,Kharif,Horse-gram,630,273,0.433333333
Himachal Pradesh,SHIMLA,2007,Kharif,Maize,12628,23101,1.829347482
Himachal Pradesh,SHIMLA,2007,Kharif,Masoor,49,45,0.918367347
Himachal Pradesh,SHIMLA,2007,Kharif,Moong(Green Gram),455,223,0.49010989
Himachal Pradesh,SHIMLA,2007,Kharif,Other Kharif pulses,1407,470,0.334044065
Himachal Pradesh,SHIMLA,2007,Kharif,Peas & beans (Pulses),1228,2376,1.93485342
Himachal Pradesh,SHIMLA,2007,Kharif,Potato,4460,34465,7.727578475
Himachal Pradesh,SHIMLA,2007,Kharif,Ragi,1147,1934,1.686137751
Himachal Pradesh,SHIMLA,2007,Kharif,Rice,1640,1602,0.976829268
Himachal Pradesh,SHIMLA,2007,Kharif,Sesamum,26,5,0.192307692
Himachal Pradesh,SHIMLA,2007,Kharif,Small millets,3687,3757,1.018985625
Himachal Pradesh,SHIMLA,2007,Kharif,Soyabean,23,39,1.695652174
Himachal Pradesh,SHIMLA,2007,Kharif,Turmeric,4,2,0.5
Himachal Pradesh,SHIMLA,2007,Kharif,Urad,1482,596,0.402159244
Himachal Pradesh,SHIMLA,2007,Rabi,Barley,4110,6026,1.466180049
Himachal Pradesh,SHIMLA,2007,Rabi,Coriander,124,42,0.338709677
Himachal Pradesh,SHIMLA,2007,Rabi,Garlic,136,192,1.411764706
Himachal Pradesh,SHIMLA,2007,Rabi,Gram,478,599,1.253138075
Himachal Pradesh,SHIMLA,2007,Rabi,Onion,17,173,10.17647059
Himachal Pradesh,SHIMLA,2007,Rabi,Other  Rabi pulses,2,1,0.5
Himachal Pradesh,SHIMLA,2007,Rabi,Rapeseed &Mustard,331,111,0.335347432
Himachal Pradesh,SHIMLA,2007,Rabi,Wheat,12822,25503,1.989003276
Himachal Pradesh,SHIMLA,2008,Kharif,Arhar/Tur,12,1,0.083333333
Himachal Pradesh,SHIMLA,2008,Kharif,Bajra,2,2,1
Himachal Pradesh,SHIMLA,2008,Kharif,Dry chillies,78,25,0.320512821
Himachal Pradesh,SHIMLA,2008,Kharif,Groundnut,8,8,1
Himachal Pradesh,SHIMLA,2008,Kharif,Horse-gram,665,278,0.418045113
Himachal Pradesh,SHIMLA,2008,Kharif,Maize,11468,24821,2.164370422
Himachal Pradesh,SHIMLA,2008,Kharif,Moong(Green Gram),31,16,0.516129032
Himachal Pradesh,SHIMLA,2008,Kharif,Other Kharif pulses,1610,485,0.301242236
Himachal Pradesh,SHIMLA,2008,Kharif,Potato,2417,15793,6.534133223
Himachal Pradesh,SHIMLA,2008,Kharif,Ragi,711,1080,1.518987342
Himachal Pradesh,SHIMLA,2008,Kharif,Rice,1214,1209,0.995881384
Himachal Pradesh,SHIMLA,2008,Kharif,Sesamum,25,5,0.2
Himachal Pradesh,SHIMLA,2008,Kharif,Small millets,2906,2962,1.019270475
Himachal Pradesh,SHIMLA,2008,Kharif,Soyabean,22,37,1.681818182
Himachal Pradesh,SHIMLA,2008,Kharif,Sugarcane,2,25,12.5
Himachal Pradesh,SHIMLA,2008,Kharif,Turmeric,4,4,1
Himachal Pradesh,SHIMLA,2008,Kharif,Urad,1682,642,0.381688466
Himachal Pradesh,SHIMLA,2008,Rabi,Barley,3444,2030,0.589430894
Himachal Pradesh,SHIMLA,2008,Rabi,Coriander,37,5,0.135135135
Himachal Pradesh,SHIMLA,2008,Rabi,Garlic,219,109,0.497716895
Himachal Pradesh,SHIMLA,2008,Rabi,Gram,8,3,0.375
Himachal Pradesh,SHIMLA,2008,Rabi,Masoor,74,23,0.310810811
Himachal Pradesh,SHIMLA,2008,Rabi,Onion,26,106,4.076923077
Himachal Pradesh,SHIMLA,2008,Rabi,Peas & beans (Pulses),13,8,0.615384615
Himachal Pradesh,SHIMLA,2008,Rabi,Potato,980,3655,3.729591837
Himachal Pradesh,SHIMLA,2008,Rabi,Rapeseed &Mustard,357,36,0.100840336
Himachal Pradesh,SHIMLA,2008,Rabi,Wheat,11640,9173,0.788058419
Himachal Pradesh,SHIMLA,2010,Kharif,Arhar/Tur,1,,
Himachal Pradesh,SHIMLA,2010,Kharif,Bajra,5,3,0.6
Himachal Pradesh,SHIMLA,2010,Kharif,Garlic,3,4,1.333333333
Himachal Pradesh,SHIMLA,2010,Kharif,Ginger,193,2008,10.40414508
Himachal Pradesh,SHIMLA,2010,Kharif,Groundnut,6,6,1
Himachal Pradesh,SHIMLA,2010,Kharif,Horse-gram,683,415,0.60761347
Himachal Pradesh,SHIMLA,2010,Kharif,Maize,10346,22282,2.153682583
Himachal Pradesh,SHIMLA,2010,Kharif,Moong(Green Gram),244,120,0.491803279
Himachal Pradesh,SHIMLA,2010,Kharif,Moth,162,54,0.333333333
Himachal Pradesh,SHIMLA,2010,Kharif,Other Kharif pulses,1236,902,0.729773463
Himachal Pradesh,SHIMLA,2010,Kharif,Potato,1889,11451,6.061937533
Himachal Pradesh,SHIMLA,2010,Kharif,Ragi,483,731,1.513457557
Himachal Pradesh,SHIMLA,2010,Kharif,Rice,1359,1464,1.077262693
Himachal Pradesh,SHIMLA,2010,Kharif,Sesamum,20,4,0.2
Himachal Pradesh,SHIMLA,2010,Kharif,Small millets,2216,2258,1.018953069
Himachal Pradesh,SHIMLA,2010,Kharif,Soyabean,15,25,1.666666667
Himachal Pradesh,SHIMLA,2010,Kharif,Urad,1325,533,0.402264151
Himachal Pradesh,SHIMLA,2010,Rabi,Barley,3424,5776,1.686915888
Himachal Pradesh,SHIMLA,2010,Rabi,Coriander,46,15,0.326086957
Himachal Pradesh,SHIMLA,2010,Rabi,Garlic,145,205,1.413793103
Himachal Pradesh,SHIMLA,2010,Rabi,Gram,5,6,1.2
Himachal Pradesh,SHIMLA,2010,Rabi,Masoor,45,42,0.933333333
Himachal Pradesh,SHIMLA,2010,Rabi,Onion,53,539,10.16981132
Himachal Pradesh,SHIMLA,2010,Rabi,Peas & beans (Pulses),3391,6629,1.954880566
Himachal Pradesh,SHIMLA,2010,Rabi,Potato,997,9297,9.324974925
Himachal Pradesh,SHIMLA,2010,Rabi,Rapeseed &Mustard,302,108,0.357615894
Himachal Pradesh,SHIMLA,2010,Rabi,Wheat,10795,19593,1.815006948
Himachal Pradesh,SHIMLA,2010,Whole Year,Dry chillies,84,35,0.416666667
Himachal Pradesh,SHIMLA,2010,Whole Year,Turmeric,2,1,0.5
Himachal Pradesh,SIRMAUR,1998,Kharif,Arhar/Tur,7,2,0.285714286
Himachal Pradesh,SIRMAUR,1998,Kharif,Bajra,12,7,0.583333333
Himachal Pradesh,SIRMAUR,1998,Kharif,Groundnut,57,24,0.421052632
Himachal Pradesh,SIRMAUR,1998,Kharif,Horse-gram,437,205,0.469107551
Himachal Pradesh,SIRMAUR,1998,Kharif,Maize,25084,71940,2.867963642
Himachal Pradesh,SIRMAUR,1998,Kharif,Potato,1082,12737,11.77171904
Himachal Pradesh,SIRMAUR,1998,Kharif,Rice,5224,7682,1.470520674
Himachal Pradesh,SIRMAUR,1998,Kharif,Sesamum,166,70,0.421686747
Himachal Pradesh,SIRMAUR,1998,Kharif,Small millets,679,690,1.016200295
Himachal Pradesh,SIRMAUR,1998,Kharif,Soyabean,23,8,0.347826087
Himachal Pradesh,SIRMAUR,1998,Kharif,Urad,1597,607,0.380087664
Himachal Pradesh,SIRMAUR,1998,Rabi,Barley,2776,2445,0.880763689
Himachal Pradesh,SIRMAUR,1998,Rabi,Coriander,97,31,0.319587629
Himachal Pradesh,SIRMAUR,1998,Rabi,Gram,269,260,0.966542751
Himachal Pradesh,SIRMAUR,1998,Rabi,Masoor,469,247,0.526652452
Himachal Pradesh,SIRMAUR,1998,Rabi,Peas & beans (Pulses),1834,2127,1.159760087
Himachal Pradesh,SIRMAUR,1998,Rabi,Potato,384,4520,11.77083333
Himachal Pradesh,SIRMAUR,1998,Rabi,Rapeseed &Mustard,1069,530,0.495790458
Himachal Pradesh,SIRMAUR,1998,Rabi,Wheat,28134,36106,1.283358214
Himachal Pradesh,SIRMAUR,1998,Whole Year,Cotton(lint),3,2,0.666666667
Himachal Pradesh,SIRMAUR,1998,Whole Year,Dry chillies,379,86,0.226912929
Himachal Pradesh,SIRMAUR,1998,Whole Year,Dry ginger,1011,1402,1.386745796
Himachal Pradesh,SIRMAUR,1998,Whole Year,Garlic,160,173,1.08125
Himachal Pradesh,SIRMAUR,1998,Whole Year,Turmeric,16,11,0.6875
Himachal Pradesh,SIRMAUR,1999,Kharif,Arhar/Tur,11,2,0.181818182
Himachal Pradesh,SIRMAUR,1999,Kharif,Groundnut,47,17,0.361702128
Himachal Pradesh,SIRMAUR,1999,Kharif,Horse-gram,360,137,0.380555556
Himachal Pradesh,SIRMAUR,1999,Kharif,Maize,24337,77137,3.169536097
Himachal Pradesh,SIRMAUR,1999,Kharif,Masoor,476,225,0.472689076
Himachal Pradesh,SIRMAUR,1999,Kharif,Moong(Green Gram),148,63,0.425675676
Himachal Pradesh,SIRMAUR,1999,Kharif,Rice,5427,8199,1.510779436
Himachal Pradesh,SIRMAUR,1999,Kharif,Sesamum,140,66,0.471428571
Himachal Pradesh,SIRMAUR,1999,Kharif,Small millets,702,722,1.028490028
Himachal Pradesh,SIRMAUR,1999,Kharif,Soyabean,64,17,0.265625
Himachal Pradesh,SIRMAUR,1999,Kharif,Urad,1306,347,0.265696784
Himachal Pradesh,SIRMAUR,1999,Rabi,Barley,2577,2917,1.13193636
Himachal Pradesh,SIRMAUR,1999,Rabi,Gram,202,195,0.965346535
Himachal Pradesh,SIRMAUR,1999,Rabi,Rapeseed &Mustard,1176,638,0.542517007
Himachal Pradesh,SIRMAUR,1999,Rabi,Wheat,27722,45740,1.649953106
Himachal Pradesh,SIRMAUR,1999,Whole Year,Dry chillies,328,126,0.384146341
Himachal Pradesh,SIRMAUR,1999,Whole Year,Sugarcane,1546,3850,2.490297542
Himachal Pradesh,SIRMAUR,2000,Kharif,Bajra,5,2,0.4
Himachal Pradesh,SIRMAUR,2000,Kharif,Groundnut,34,0.1,0.002941176
Himachal Pradesh,SIRMAUR,2000,Kharif,Horse-gram,379,89,0.234828496
Himachal Pradesh,SIRMAUR,2000,Kharif,Maize,24026,69547,2.89465579
Himachal Pradesh,SIRMAUR,2000,Kharif,Masoor,431,143,0.331786543
Himachal Pradesh,SIRMAUR,2000,Kharif,Moong(Green Gram),6,2,0.333333333
Himachal Pradesh,SIRMAUR,2000,Kharif,Other Kharif pulses,123,42,0.341463415
Himachal Pradesh,SIRMAUR,2000,Kharif,Peas & beans (Pulses),1738,1434,0.825086306
Himachal Pradesh,SIRMAUR,2000,Kharif,Rice,5974,9829,1.645296284
Himachal Pradesh,SIRMAUR,2000,Kharif,Sesamum,102,29,0.284313725
Himachal Pradesh,SIRMAUR,2000,Kharif,Small millets,666,440,0.660660661
Himachal Pradesh,SIRMAUR,2000,Kharif,Soyabean,71,18,0.253521127
Himachal Pradesh,SIRMAUR,2000,Kharif,Urad,1464,373,0.254781421
Himachal Pradesh,SIRMAUR,2000,Rabi,Barley,2548,1387,0.544348509
Himachal Pradesh,SIRMAUR,2000,Rabi,Gram,182,131,0.71978022
Himachal Pradesh,SIRMAUR,2000,Rabi,Rapeseed &Mustard,922,312,0.338394794
Himachal Pradesh,SIRMAUR,2000,Rabi,Wheat,27046,23797,0.87987133
Himachal Pradesh,SIRMAUR,2000,Whole Year,Sugarcane,1596,2583,1.618421053
Himachal Pradesh,SIRMAUR,2001,Kharif,Bajra,8,4,0.5
Himachal Pradesh,SIRMAUR,2001,Kharif,Dry ginger,1458,16442,11.27709191
Himachal Pradesh,SIRMAUR,2001,Kharif,Groundnut,40,17,0.425
Himachal Pradesh,SIRMAUR,2001,Kharif,Horse-gram,335,114,0.340298507
Himachal Pradesh,SIRMAUR,2001,Kharif,Maize,23398,69392,2.965723566
Himachal Pradesh,SIRMAUR,2001,Kharif,Masoor,249,125,0.502008032
Himachal Pradesh,SIRMAUR,2001,Kharif,Other Kharif pulses,115,54,0.469565217
Himachal Pradesh,SIRMAUR,2001,Kharif,Peas & beans (Pulses),1665,2017,1.211411411
Himachal Pradesh,SIRMAUR,2001,Kharif,Rice,5884,11236,1.909585316
Himachal Pradesh,SIRMAUR,2001,Kharif,Sesamum,83,35,0.421686747
Himachal Pradesh,SIRMAUR,2001,Kharif,Small millets,492,822,1.670731707
Himachal Pradesh,SIRMAUR,2001,Kharif,Soyabean,64,22,0.34375
Himachal Pradesh,SIRMAUR,2001,Kharif,Urad,1415,905,0.639575972
Himachal Pradesh,SIRMAUR,2001,Rabi,Barley,2010,2383,1.185572139
Himachal Pradesh,SIRMAUR,2001,Rabi,Gram,173,177,1.023121387
Himachal Pradesh,SIRMAUR,2001,Rabi,Rapeseed &Mustard,960,497,0.517708333
Himachal Pradesh,SIRMAUR,2001,Rabi,Wheat,28123,50289,1.788180493
Himachal Pradesh,SIRMAUR,2001,Whole Year,Coriander,118,34,0.288135593
Himachal Pradesh,SIRMAUR,2001,Whole Year,Dry chillies,394,84,0.21319797
Himachal Pradesh,SIRMAUR,2001,Whole Year,Garlic,606,888,1.465346535
Himachal Pradesh,SIRMAUR,2001,Whole Year,Onion,129,1327,10.28682171
Himachal Pradesh,SIRMAUR,2001,Whole Year,Potato,1495,11817,7.904347826
Himachal Pradesh,SIRMAUR,2001,Whole Year,Sugarcane,1451,4077,2.809786354
Himachal Pradesh,SIRMAUR,2001,Whole Year,Tobacco,2,2,1
Himachal Pradesh,SIRMAUR,2001,Whole Year,Turmeric,19,13,0.684210526
Himachal Pradesh,SIRMAUR,2002,Kharif,Bajra,11,6,0.545454545
Himachal Pradesh,SIRMAUR,2002,Kharif,Dry ginger,1446,10067,6.961964039
Himachal Pradesh,SIRMAUR,2002,Kharif,Groundnut,27,3,0.111111111
Himachal Pradesh,SIRMAUR,2002,Kharif,Horse-gram,316,15,0.047468354
Himachal Pradesh,SIRMAUR,2002,Kharif,Maize,23062,53665,2.326988119
Himachal Pradesh,SIRMAUR,2002,Kharif,Masoor,345,120,0.347826087
Himachal Pradesh,SIRMAUR,2002,Kharif,Other Kharif pulses,67,14,0.208955224
Himachal Pradesh,SIRMAUR,2002,Kharif,Peas & beans (Pulses),1840,1708,0.92826087
Himachal Pradesh,SIRMAUR,2002,Kharif,Rice,5270,5278,1.001518027
Himachal Pradesh,SIRMAUR,2002,Kharif,Sesamum,89,2,0.02247191
Himachal Pradesh,SIRMAUR,2002,Kharif,Small millets,465,241,0.51827957
Himachal Pradesh,SIRMAUR,2002,Kharif,Soyabean,70,103,1.471428571
Himachal Pradesh,SIRMAUR,2002,Kharif,Urad,1031,55,0.053346266
Himachal Pradesh,SIRMAUR,2002,Rabi,Barley,2379,3781,1.589323245
Himachal Pradesh,SIRMAUR,2002,Rabi,Gram,167,137,0.820359281
Himachal Pradesh,SIRMAUR,2002,Rabi,Rapeseed &Mustard,959,243,0.253388947
Himachal Pradesh,SIRMAUR,2002,Rabi,Wheat,25276,34022,1.34601994
Himachal Pradesh,SIRMAUR,2002,Whole Year,Coriander,93,30,0.322580645
Himachal Pradesh,SIRMAUR,2002,Whole Year,Dry chillies,311,12,0.038585209
Himachal Pradesh,SIRMAUR,2002,Whole Year,Garlic,1085,1341,1.2359447
Himachal Pradesh,SIRMAUR,2002,Whole Year,Onion,125,473,3.784
Himachal Pradesh,SIRMAUR,2002,Whole Year,Potato,1509,20537,13.60967528
Himachal Pradesh,SIRMAUR,2002,Whole Year,Sugarcane,1609,1027,0.638284649
Himachal Pradesh,SIRMAUR,2002,Whole Year,Turmeric,16,4,0.25
Himachal Pradesh,SIRMAUR,2003,Kharif,Bajra,27,15,0.555555556
Himachal Pradesh,SIRMAUR,2003,Kharif,Dry ginger,1187,9170,7.725358045
Himachal Pradesh,SIRMAUR,2003,Kharif,Maize,22563,65866,2.919204007
Himachal Pradesh,SIRMAUR,2003,Kharif,Rice,5383,8729,1.621586476
Himachal Pradesh,SIRMAUR,2003,Rabi,Barley,2716,2314,0.851988218
Himachal Pradesh,SIRMAUR,2003,Rabi,Wheat,25834,31594,1.222961988
Himachal Pradesh,SIRMAUR,2003,Whole Year,Potato,1540,16617,10.79025974
Himachal Pradesh,SIRMAUR,2004,Kharif,Bajra,32,17,0.53125
Himachal Pradesh,SIRMAUR,2004,Kharif,Dry ginger,1194,8469,7.092964824
Himachal Pradesh,SIRMAUR,2004,Kharif,Maize,23610,48402,2.050063532
Himachal Pradesh,SIRMAUR,2004,Kharif,Rice,5509,7881,1.430568161
Himachal Pradesh,SIRMAUR,2004,Rabi,Barley,1730,2699,1.560115607
Himachal Pradesh,SIRMAUR,2004,Rabi,Wheat,25824,48027,1.859781599
Himachal Pradesh,SIRMAUR,2004,Whole Year,Potato,1472,8430,5.726902174
Himachal Pradesh,SIRMAUR,2005,Kharif,Arhar/Tur,34,16,0.470588235
Himachal Pradesh,SIRMAUR,2005,Kharif,Bajra,40,22,0.55
Himachal Pradesh,SIRMAUR,2005,Kharif,Dry chillies,247,42,0.170040486
Himachal Pradesh,SIRMAUR,2005,Kharif,Dry ginger,1349,10197,7.558932543
Himachal Pradesh,SIRMAUR,2005,Kharif,Groundnut,35,16,0.457142857
Himachal Pradesh,SIRMAUR,2005,Kharif,Horse-gram,249,82,0.329317269
Himachal Pradesh,SIRMAUR,2005,Kharif,Maize,22864,61279,2.680152204
Himachal Pradesh,SIRMAUR,2005,Kharif,Moong(Green Gram),3,1,0.333333333
Himachal Pradesh,SIRMAUR,2005,Kharif,Other Kharif pulses,185,61,0.32972973
Himachal Pradesh,SIRMAUR,2005,Kharif,Ragi,263,166,0.631178707
Himachal Pradesh,SIRMAUR,2005,Kharif,Rice,5435,7223,1.328978841
Himachal Pradesh,SIRMAUR,2005,Kharif,Sannhamp,2,1,0.5
Himachal Pradesh,SIRMAUR,2005,Kharif,Sesamum,35,18,0.514285714
Himachal Pradesh,SIRMAUR,2005,Kharif,Small millets,140,142,1.014285714
Himachal Pradesh,SIRMAUR,2005,Kharif,Soyabean,30,49,1.633333333
Himachal Pradesh,SIRMAUR,2005,Kharif,Turmeric,39,28,0.717948718
Himachal Pradesh,SIRMAUR,2005,Kharif,Urad,1148,376,0.327526132
Himachal Pradesh,SIRMAUR,2005,Rabi,Barley,2504,2411,0.962859425
Himachal Pradesh,SIRMAUR,2005,Rabi,Coriander,55,2,0.036363636
Himachal Pradesh,SIRMAUR,2005,Rabi,Garlic,1632,821,0.503063725
Himachal Pradesh,SIRMAUR,2005,Rabi,Gram,106,6,0.056603774
Himachal Pradesh,SIRMAUR,2005,Rabi,Masoor,267,34,0.127340824
Himachal Pradesh,SIRMAUR,2005,Rabi,Onion,117,336,2.871794872
Himachal Pradesh,SIRMAUR,2005,Rabi,Peas & beans (Pulses),1308,508,0.388379205
Himachal Pradesh,SIRMAUR,2005,Rabi,Rapeseed &Mustard,1059,84,0.079320113
Himachal Pradesh,SIRMAUR,2005,Rabi,Wheat,26034,19373,0.744142275
Himachal Pradesh,SIRMAUR,2005,Whole Year,Potato,1216,8220,6.759868421
Himachal Pradesh,SIRMAUR,2005,Whole Year,Sugarcane,1609,20579,12.78993163
Himachal Pradesh,SIRMAUR,2006,Kharif,Bajra,18,6,0.333333333
Himachal Pradesh,SIRMAUR,2006,Kharif,Cotton(lint),1,1,1
Himachal Pradesh,SIRMAUR,2006,Kharif,Dry chillies,268,58,0.21641791
Himachal Pradesh,SIRMAUR,2006,Kharif,Dry ginger,1511,2708,1.792190602
Himachal Pradesh,SIRMAUR,2006,Kharif,Groundnut,50,40,0.8
Himachal Pradesh,SIRMAUR,2006,Kharif,Horse-gram,347,285,0.821325648
Himachal Pradesh,SIRMAUR,2006,Kharif,Maize,22589,73644,3.26017088
Himachal Pradesh,SIRMAUR,2006,Kharif,Other Kharif pulses,246,89,0.361788618
Himachal Pradesh,SIRMAUR,2006,Kharif,Ragi,333,238,0.714714715
Himachal Pradesh,SIRMAUR,2006,Kharif,Rice,5328,12012,2.254504505
Himachal Pradesh,SIRMAUR,2006,Kharif,Sesamum,56,28,0.5
Himachal Pradesh,SIRMAUR,2006,Kharif,Small millets,124,49,0.39516129
Himachal Pradesh,SIRMAUR,2006,Kharif,Soyabean,50,84,1.68
Himachal Pradesh,SIRMAUR,2006,Kharif,Turmeric,30,16,0.533333333
Himachal Pradesh,SIRMAUR,2006,Kharif,Urad,1264,475,0.375791139
Himachal Pradesh,SIRMAUR,2006,Rabi,Barley,2396,2243,0.936143573
Himachal Pradesh,SIRMAUR,2006,Rabi,Coriander,56,2,0.035714286
Himachal Pradesh,SIRMAUR,2006,Rabi,Garlic,1824,1352,0.74122807
Himachal Pradesh,SIRMAUR,2006,Rabi,Gram,128,134,1.046875
Himachal Pradesh,SIRMAUR,2006,Rabi,Masoor,277,141,0.509025271
Himachal Pradesh,SIRMAUR,2006,Rabi,Onion,133,948,7.127819549
Himachal Pradesh,SIRMAUR,2006,Rabi,Other  Rabi pulses,277,141,0.509025271
Himachal Pradesh,SIRMAUR,2006,Rabi,Peas & beans (Pulses),1542,608,0.394293126
Himachal Pradesh,SIRMAUR,2006,Rabi,Rapeseed &Mustard,1018,318,0.31237721
Himachal Pradesh,SIRMAUR,2006,Rabi,Wheat,26135,40898,1.564874689
Himachal Pradesh,SIRMAUR,2006,Whole Year,Potato,1050,16079,15.31333333
Himachal Pradesh,SIRMAUR,2006,Whole Year,Sugarcane,1781,49738,27.9270073
Himachal Pradesh,SIRMAUR,2007,Kharif,Arhar/Tur,2,1,0.5
Himachal Pradesh,SIRMAUR,2007,Kharif,Cotton(lint),3,2,0.666666667
Himachal Pradesh,SIRMAUR,2007,Kharif,Dry chillies,264,114,0.431818182
Himachal Pradesh,SIRMAUR,2007,Kharif,Dry ginger,1494,19131,12.80522088
Himachal Pradesh,SIRMAUR,2007,Kharif,Groundnut,36,37,1.027777778
Himachal Pradesh,SIRMAUR,2007,Kharif,Horse-gram,284,256,0.901408451
Himachal Pradesh,SIRMAUR,2007,Kharif,Maize,22136,63196,2.854897
Himachal Pradesh,SIRMAUR,2007,Kharif,Masoor,204,81,0.397058824
Himachal Pradesh,SIRMAUR,2007,Kharif,Other Kharif pulses,135,54,0.4
Himachal Pradesh,SIRMAUR,2007,Kharif,Peas & beans (Pulses),1615,2417,1.496594427
Himachal Pradesh,SIRMAUR,2007,Kharif,Potato,968,8027,8.292355372
Himachal Pradesh,SIRMAUR,2007,Kharif,Ragi,275,217,0.789090909
Himachal Pradesh,SIRMAUR,2007,Kharif,Rice,5634,12805,2.272807952
Himachal Pradesh,SIRMAUR,2007,Kharif,Sesamum,48,25,0.520833333
Himachal Pradesh,SIRMAUR,2007,Kharif,Small millets,144,91,0.631944444
Himachal Pradesh,SIRMAUR,2007,Kharif,Soyabean,48,81,1.6875
Himachal Pradesh,SIRMAUR,2007,Kharif,Sugarcane,1430,39841,27.86083916
Himachal Pradesh,SIRMAUR,2007,Kharif,Turmeric,33,17,0.515151515
Himachal Pradesh,SIRMAUR,2007,Kharif,Urad,1241,514,0.414182111
Himachal Pradesh,SIRMAUR,2007,Rabi,Barley,2370,2225,0.938818565
Himachal Pradesh,SIRMAUR,2007,Rabi,Coriander,62,14,0.225806452
Himachal Pradesh,SIRMAUR,2007,Rabi,Garlic,2589,3314,1.2800309
Himachal Pradesh,SIRMAUR,2007,Rabi,Gram,129,83,0.643410853
Himachal Pradesh,SIRMAUR,2007,Rabi,Onion,139,949,6.827338129
Himachal Pradesh,SIRMAUR,2007,Rabi,Rapeseed &Mustard,1085,221,0.203686636
Himachal Pradesh,SIRMAUR,2007,Rabi,Wheat,26031,29207,1.122008375
Himachal Pradesh,SIRMAUR,2008,Kharif,Arhar/Tur,2,1,0.5
Himachal Pradesh,SIRMAUR,2008,Kharif,Bajra,4,2,0.5
Himachal Pradesh,SIRMAUR,2008,Kharif,Dry chillies,248,92,0.370967742
Himachal Pradesh,SIRMAUR,2008,Kharif,Groundnut,29,29,1
Himachal Pradesh,SIRMAUR,2008,Kharif,Horse-gram,290,199,0.686206897
Himachal Pradesh,SIRMAUR,2008,Kharif,Maize,22188,60676,2.734631332
Himachal Pradesh,SIRMAUR,2008,Kharif,Other Kharif pulses,60,24,0.4
Himachal Pradesh,SIRMAUR,2008,Kharif,Peas & beans (Pulses),489,811,1.658486708
Himachal Pradesh,SIRMAUR,2008,Kharif,Potato,744,6145,8.259408602
Himachal Pradesh,SIRMAUR,2008,Kharif,Ragi,300,217,0.723333333
Himachal Pradesh,SIRMAUR,2008,Kharif,Rice,5730,7778,1.357417103
Himachal Pradesh,SIRMAUR,2008,Kharif,Sannhamp,5,1,0.2
Himachal Pradesh,SIRMAUR,2008,Kharif,Sesamum,38,20,0.526315789
Himachal Pradesh,SIRMAUR,2008,Kharif,Small millets,114,84,0.736842105
Himachal Pradesh,SIRMAUR,2008,Kharif,Soyabean,29,48,1.655172414
Himachal Pradesh,SIRMAUR,2008,Kharif,Sugarcane,1332,38437,28.85660661
Himachal Pradesh,SIRMAUR,2008,Kharif,Turmeric,30,16,0.533333333
Himachal Pradesh,SIRMAUR,2008,Kharif,Urad,1319,533,0.404094011
Himachal Pradesh,SIRMAUR,2008,Rabi,Barley,2155,1502,0.696983759
Himachal Pradesh,SIRMAUR,2008,Rabi,Coriander,31,2,0.064516129
Himachal Pradesh,SIRMAUR,2008,Rabi,Garlic,2696,723,0.268175074
Himachal Pradesh,SIRMAUR,2008,Rabi,Gram,103,39,0.378640777
Himachal Pradesh,SIRMAUR,2008,Rabi,Masoor,210,76,0.361904762
Himachal Pradesh,SIRMAUR,2008,Rabi,Onion,119,266,2.235294118
Himachal Pradesh,SIRMAUR,2008,Rabi,Peas & beans (Pulses),1423,408,0.286718201
Himachal Pradesh,SIRMAUR,2008,Rabi,Potato,147,296,2.013605442
Himachal Pradesh,SIRMAUR,2008,Rabi,Rapeseed &Mustard,868,39,0.044930876
Himachal Pradesh,SIRMAUR,2008,Rabi,Wheat,25106,33467,1.333027961
Himachal Pradesh,SIRMAUR,2010,Kharif,Arhar/Tur,7,3,0.428571429
Himachal Pradesh,SIRMAUR,2010,Kharif,Bajra,36,20,0.555555556
Himachal Pradesh,SIRMAUR,2010,Kharif,Ginger,1332,8994,6.752252252
Himachal Pradesh,SIRMAUR,2010,Kharif,Groundnut,13,13,1
Himachal Pradesh,SIRMAUR,2010,Kharif,Horse-gram,249,225,0.903614458
Himachal Pradesh,SIRMAUR,2010,Kharif,Maize,21336,72075,3.378093363
Himachal Pradesh,SIRMAUR,2010,Kharif,Other Kharif pulses,196,187,0.954081633
Himachal Pradesh,SIRMAUR,2010,Kharif,Peas & beans (Pulses),439,825,1.879271071
Himachal Pradesh,SIRMAUR,2010,Kharif,Potato,669,5185,7.750373692
Himachal Pradesh,SIRMAUR,2010,Kharif,Ragi,311,245,0.78778135
Himachal Pradesh,SIRMAUR,2010,Kharif,Rice,6115,13833,2.262142273
Himachal Pradesh,SIRMAUR,2010,Kharif,Sesamum,31,16,0.516129032
Himachal Pradesh,SIRMAUR,2010,Kharif,Small millets,105,66,0.628571429
Himachal Pradesh,SIRMAUR,2010,Kharif,Soyabean,35,59,1.685714286
Himachal Pradesh,SIRMAUR,2010,Kharif,Urad,1105,457,0.413574661
Himachal Pradesh,SIRMAUR,2010,Rabi,Barley,2269,3721,1.639929484
Himachal Pradesh,SIRMAUR,2010,Rabi,Coriander,37,12,0.324324324
Himachal Pradesh,SIRMAUR,2010,Rabi,Gram,141,154,1.092198582
Himachal Pradesh,SIRMAUR,2010,Rabi,Masoor,238,143,0.600840336
Himachal Pradesh,SIRMAUR,2010,Rabi,Onion,160,1583,9.89375
Himachal Pradesh,SIRMAUR,2010,Rabi,Peas & beans (Pulses),1731,3253,1.879260543
Himachal Pradesh,SIRMAUR,2010,Rabi,Potato,99,1659,16.75757576
Himachal Pradesh,SIRMAUR,2010,Rabi,Rapeseed &Mustard,1166,748,0.641509434
Himachal Pradesh,SIRMAUR,2010,Rabi,Wheat,26313,54372,2.066355034
Himachal Pradesh,SIRMAUR,2010,Whole Year,Dry chillies,215,93,0.43255814
Himachal Pradesh,SIRMAUR,2010,Whole Year,Sugarcane,1026,28586,27.86159844
Himachal Pradesh,SIRMAUR,2010,Whole Year,Turmeric,34,18,0.529411765
Himachal Pradesh,SOLAN,1998,Kharif,Arhar/Tur,93,21,0.225806452
Himachal Pradesh,SOLAN,1998,Kharif,Bajra,1,6,6
Himachal Pradesh,SOLAN,1998,Kharif,Groundnut,191,244,1.277486911
Himachal Pradesh,SOLAN,1998,Kharif,Horse-gram,499,130,0.260521042
Himachal Pradesh,SOLAN,1998,Kharif,Maize,23957,64057,2.673832283
Himachal Pradesh,SOLAN,1998,Kharif,Potato,18,212,11.77777778
Himachal Pradesh,SOLAN,1998,Kharif,Rice,3652,6165,1.688116101
Himachal Pradesh,SOLAN,1998,Kharif,Sesamum,313,104,0.332268371
Himachal Pradesh,SOLAN,1998,Kharif,Soyabean,22,25,1.136363636
Himachal Pradesh,SOLAN,1998,Kharif,Urad,1545,243,0.157281553
Himachal Pradesh,SOLAN,1998,Rabi,Barley,1966,2439,1.240590031
Himachal Pradesh,SOLAN,1998,Rabi,Gram,642,680,1.059190031
Himachal Pradesh,SOLAN,1998,Rabi,Masoor,44,52,1.181818182
Himachal Pradesh,SOLAN,1998,Rabi,Peas & beans (Pulses),1290,1543,1.196124031
Himachal Pradesh,SOLAN,1998,Rabi,Potato,125,1472,11.776
Himachal Pradesh,SOLAN,1998,Rabi,Rapeseed &Mustard,827,606,0.732769045
Himachal Pradesh,SOLAN,1998,Rabi,Wheat,23840,37245,1.562290268
Himachal Pradesh,SOLAN,1998,Whole Year,Cotton(lint),5,3,0.6
Himachal Pradesh,SOLAN,1998,Whole Year,Dry chillies,10,2,0.2
Himachal Pradesh,SOLAN,1998,Whole Year,Dry ginger,358,438,1.223463687
Himachal Pradesh,SOLAN,1998,Whole Year,Garlic,12,16,1.333333333
Himachal Pradesh,SOLAN,1999,Kharif,Arhar/Tur,20,5,0.25
Himachal Pradesh,SOLAN,1999,Kharif,Groundnut,100,114,1.14
Himachal Pradesh,SOLAN,1999,Kharif,Horse-gram,448,117,0.261160714
Himachal Pradesh,SOLAN,1999,Kharif,Maize,24189,52319,2.162925297
Himachal Pradesh,SOLAN,1999,Kharif,Masoor,48,63,1.3125
Himachal Pradesh,SOLAN,1999,Kharif,Moong(Green Gram),2,0,0
Himachal Pradesh,SOLAN,1999,Kharif,Peas & beans (Pulses),1131,1503,1.328912467
Himachal Pradesh,SOLAN,1999,Kharif,Rice,3481,6443,1.850904912
Himachal Pradesh,SOLAN,1999,Kharif,Sesamum,372,99,0.266129032
Himachal Pradesh,SOLAN,1999,Kharif,Soyabean,23,26,1.130434783
Himachal Pradesh,SOLAN,1999,Kharif,Urad,1378,152,0.11030479
Himachal Pradesh,SOLAN,1999,Rabi,Barley,1710,1831,1.070760234
Himachal Pradesh,SOLAN,1999,Rabi,Gram,485,457,0.942268041
Himachal Pradesh,SOLAN,1999,Rabi,Rapeseed &Mustard,834,636,0.762589928
Himachal Pradesh,SOLAN,1999,Rabi,Wheat,23857,40059,1.679129815
Himachal Pradesh,SOLAN,1999,Whole Year,Dry chillies,9,3,0.333333333
Himachal Pradesh,SOLAN,1999,Whole Year,Sugarcane,261,352,1.348659004
Himachal Pradesh,SOLAN,2000,Kharif,Arhar/Tur,66,11,0.166666667
Himachal Pradesh,SOLAN,2000,Kharif,Bajra,1,1,1
Himachal Pradesh,SOLAN,2000,Kharif,Groundnut,88,80,0.909090909
Himachal Pradesh,SOLAN,2000,Kharif,Horse-gram,426,78,0.183098592
Himachal Pradesh,SOLAN,2000,Kharif,Maize,24421,49620,2.031857827
Himachal Pradesh,SOLAN,2000,Kharif,Masoor,15,14,0.933333333
Himachal Pradesh,SOLAN,2000,Kharif,Moong(Green Gram),1,1,1
Himachal Pradesh,SOLAN,2000,Kharif,Other Kharif pulses,4,6,1.5
Himachal Pradesh,SOLAN,2000,Kharif,Peas & beans (Pulses),1027,819,0.797468354
Himachal Pradesh,SOLAN,2000,Kharif,Rice,3552,7510,2.114301802
Himachal Pradesh,SOLAN,2000,Kharif,Sesamum,321,71,0.221183801
Himachal Pradesh,SOLAN,2000,Kharif,Soyabean,27,29,1.074074074
Himachal Pradesh,SOLAN,2000,Kharif,Urad,1410,155,0.109929078
Himachal Pradesh,SOLAN,2000,Rabi,Barley,1561,719,0.460602178
Himachal Pradesh,SOLAN,2000,Rabi,Gram,274,215,0.784671533
Himachal Pradesh,SOLAN,2000,Rabi,Rapeseed &Mustard,645,296,0.458914729
Himachal Pradesh,SOLAN,2000,Rabi,Wheat,23237,18566,0.798984378
Himachal Pradesh,SOLAN,2000,Whole Year,Sugarcane,236,213,0.902542373
Himachal Pradesh,SOLAN,2001,Kharif,Arhar/Tur,1,1,1
Himachal Pradesh,SOLAN,2001,Kharif,Bajra,13,6,0.461538462
Himachal Pradesh,SOLAN,2001,Kharif,Cotton(lint),1,1,1
Himachal Pradesh,SOLAN,2001,Kharif,Dry ginger,612,6821,11.14542484
Himachal Pradesh,SOLAN,2001,Kharif,Groundnut,32,40,1.25
Himachal Pradesh,SOLAN,2001,Kharif,Horse-gram,356,80,0.224719101
Himachal Pradesh,SOLAN,2001,Kharif,Maize,24406,57521,2.356838482
Himachal Pradesh,SOLAN,2001,Kharif,Masoor,16,18,1.125
Himachal Pradesh,SOLAN,2001,Kharif,Moong(Green Gram),1,1,1
Himachal Pradesh,SOLAN,2001,Kharif,Other Kharif pulses,3,3,1
Himachal Pradesh,SOLAN,2001,Kharif,Peas & beans (Pulses),905,799,0.882872928
Himachal Pradesh,SOLAN,2001,Kharif,Rice,3305,6156,1.862632375
Himachal Pradesh,SOLAN,2001,Kharif,Sesamum,386,110,0.284974093
Himachal Pradesh,SOLAN,2001,Kharif,Soyabean,39,55,1.41025641
Himachal Pradesh,SOLAN,2001,Kharif,Urad,1314,181,0.137747336
Himachal Pradesh,SOLAN,2001,Rabi,Barley,1474,1675,1.136363636
Himachal Pradesh,SOLAN,2001,Rabi,Gram,231,222,0.961038961
Himachal Pradesh,SOLAN,2001,Rabi,Rapeseed &Mustard,737,513,0.696065129
Himachal Pradesh,SOLAN,2001,Rabi,Wheat,23779,42551,1.789436057
Himachal Pradesh,SOLAN,2001,Whole Year,Dry chillies,12,2,0.166666667
Himachal Pradesh,SOLAN,2001,Whole Year,Garlic,20,23,1.15
Himachal Pradesh,SOLAN,2001,Whole Year,Onion,42,432,10.28571429
Himachal Pradesh,SOLAN,2001,Whole Year,Potato,109,851,7.80733945
Himachal Pradesh,SOLAN,2001,Whole Year,Sugarcane,197,228,1.157360406
Himachal Pradesh,SOLAN,2001,Whole Year,Turmeric,4,2,0.5
Himachal Pradesh,SOLAN,2002,Kharif,Arhar/Tur,7,2,0.285714286
Himachal Pradesh,SOLAN,2002,Kharif,Cotton(lint),9,4,0.444444444
Himachal Pradesh,SOLAN,2002,Kharif,Dry ginger,532,4376,8.22556391
Himachal Pradesh,SOLAN,2002,Kharif,Groundnut,144,78,0.541666667
Himachal Pradesh,SOLAN,2002,Kharif,Horse-gram,335,44,0.131343284
Himachal Pradesh,SOLAN,2002,Kharif,Maize,23778,38634,1.624779208
Himachal Pradesh,SOLAN,2002,Kharif,Masoor,13,11,0.846153846
Himachal Pradesh,SOLAN,2002,Kharif,Other Kharif pulses,1,1,1
Himachal Pradesh,SOLAN,2002,Kharif,Peas & beans (Pulses),893,805,0.901455767
Himachal Pradesh,SOLAN,2002,Kharif,Rice,3377,5377,1.592241635
Himachal Pradesh,SOLAN,2002,Kharif,Sesamum,393,34,0.086513995
Himachal Pradesh,SOLAN,2002,Kharif,Soyabean,49,80,1.632653061
Himachal Pradesh,SOLAN,2002,Kharif,Urad,1403,88,0.062722737
Himachal Pradesh,SOLAN,2002,Rabi,Barley,1392,1157,0.831178161
Himachal Pradesh,SOLAN,2002,Rabi,Gram,223,204,0.914798206
Himachal Pradesh,SOLAN,2002,Rabi,Rapeseed &Mustard,697,209,0.299856528
Himachal Pradesh,SOLAN,2002,Rabi,Wheat,21651,31083,1.435638077
Himachal Pradesh,SOLAN,2002,Whole Year,Dry chillies,3,3,1
Himachal Pradesh,SOLAN,2002,Whole Year,Garlic,88,54,0.613636364
Himachal Pradesh,SOLAN,2002,Whole Year,Onion,34,350,10.29411765
Himachal Pradesh,SOLAN,2002,Whole Year,Potato,91,908,9.978021978
Himachal Pradesh,SOLAN,2002,Whole Year,Sugarcane,314,174,0.554140127
Himachal Pradesh,SOLAN,2003,Kharif,Bajra,60,33,0.55
Himachal Pradesh,SOLAN,2003,Kharif,Dry ginger,444,3086,6.95045045
Himachal Pradesh,SOLAN,2003,Kharif,Maize,22499,46603,2.071336504
Himachal Pradesh,SOLAN,2003,Kharif,Rice,5355,7866,1.468907563
Himachal Pradesh,SOLAN,2003,Rabi,Barley,1533,1103,0.71950424
Himachal Pradesh,SOLAN,2003,Rabi,Wheat,25537,35905,1.405999139
Himachal Pradesh,SOLAN,2003,Whole Year,Potato,104,1199,11.52884615
Himachal Pradesh,SOLAN,2004,Kharif,Dry ginger,408,2767,6.781862745
Himachal Pradesh,SOLAN,2004,Kharif,Maize,22852,40291,1.763127954
Himachal Pradesh,SOLAN,2004,Kharif,Rice,4742,10401,2.193378321
Himachal Pradesh,SOLAN,2004,Rabi,Barley,1682,1924,1.143876338
Himachal Pradesh,SOLAN,2004,Rabi,Wheat,24694,47483,1.922855754
Himachal Pradesh,SOLAN,2004,Whole Year,Potato,84,837,9.964285714
Himachal Pradesh,SOLAN,2005,Kharif,Cotton(lint),51,23,0.450980392
Himachal Pradesh,SOLAN,2005,Kharif,Dry chillies,8,4,0.5
Himachal Pradesh,SOLAN,2005,Kharif,Dry ginger,398,2881,7.238693467
Himachal Pradesh,SOLAN,2005,Kharif,Groundnut,8,11,1.375
Himachal Pradesh,SOLAN,2005,Kharif,Horse-gram,387,79,0.204134367
Himachal Pradesh,SOLAN,2005,Kharif,Maize,21777,36402,1.671580107
Himachal Pradesh,SOLAN,2005,Kharif,Moong(Green Gram),3,1,0.333333333
Himachal Pradesh,SOLAN,2005,Kharif,Rice,4721,8283,1.754501165
Himachal Pradesh,SOLAN,2005,Kharif,Sesamum,307,84,0.273615635
Himachal Pradesh,SOLAN,2005,Kharif,Soyabean,17,28,1.647058824
Himachal Pradesh,SOLAN,2005,Kharif,Urad,1139,234,0.205443371
Himachal Pradesh,SOLAN,2005,Rabi,Barley,1574,945,0.600381194
Himachal Pradesh,SOLAN,2005,Rabi,Garlic,87,54,0.620689655
Himachal Pradesh,SOLAN,2005,Rabi,Gram,348,404,1.16091954
Himachal Pradesh,SOLAN,2005,Rabi,Masoor,15,4,0.266666667
Himachal Pradesh,SOLAN,2005,Rabi,Onion,28,186,6.642857143
Himachal Pradesh,SOLAN,2005,Rabi,Peas & beans (Pulses),896,238,0.265625
Himachal Pradesh,SOLAN,2005,Rabi,Rapeseed &Mustard,457,32,0.070021882
Himachal Pradesh,SOLAN,2005,Rabi,Wheat,23892,37691,1.577557341
Himachal Pradesh,SOLAN,2005,Whole Year,Potato,122,638,5.229508197
Himachal Pradesh,SOLAN,2005,Whole Year,Sugarcane,202,272,1.346534653
Himachal Pradesh,SOLAN,2006,Kharif,Cotton(lint),47,20,0.425531915
Himachal Pradesh,SOLAN,2006,Kharif,Dry chillies,8,3,0.375
Himachal Pradesh,SOLAN,2006,Kharif,Dry ginger,401,450,1.122194514
Himachal Pradesh,SOLAN,2006,Kharif,Groundnut,5,6,1.2
Himachal Pradesh,SOLAN,2006,Kharif,Horse-gram,384,127,0.330729167
Himachal Pradesh,SOLAN,2006,Kharif,Maize,22361,48440,2.166271634
Himachal Pradesh,SOLAN,2006,Kharif,Moong(Green Gram),1,,
Himachal Pradesh,SOLAN,2006,Kharif,Moth,1,,
Himachal Pradesh,SOLAN,2006,Kharif,Rice,4634,10968,2.36685369
Himachal Pradesh,SOLAN,2006,Kharif,Sesamum,304,92,0.302631579
Himachal Pradesh,SOLAN,2006,Kharif,Soyabean,21,35,1.666666667
Himachal Pradesh,SOLAN,2006,Kharif,Urad,1151,223,0.19374457
Himachal Pradesh,SOLAN,2006,Rabi,Barley,1928,2444,1.267634855
Himachal Pradesh,SOLAN,2006,Rabi,Garlic,27,28,1.037037037
Himachal Pradesh,SOLAN,2006,Rabi,Gram,449,406,0.904231626
Himachal Pradesh,SOLAN,2006,Rabi,Masoor,13,7,0.538461538
Himachal Pradesh,SOLAN,2006,Rabi,Onion,18,152,8.444444444
Himachal Pradesh,SOLAN,2006,Rabi,Other  Rabi pulses,13,7,0.538461538
Himachal Pradesh,SOLAN,2006,Rabi,Peas & beans (Pulses),931,480,0.515574651
Himachal Pradesh,SOLAN,2006,Rabi,Rapeseed &Mustard,331,34,0.102719033
Himachal Pradesh,SOLAN,2006,Rabi,Wheat,24373,45765,1.877692529
Himachal Pradesh,SOLAN,2006,Whole Year,Potato,83,483,5.819277108
Himachal Pradesh,SOLAN,2006,Whole Year,Sugarcane,200,5159,25.795
Himachal Pradesh,SOLAN,2007,Kharif,Arhar/Tur,1,,
Himachal Pradesh,SOLAN,2007,Kharif,Cotton(lint),55,25,0.454545455
Himachal Pradesh,SOLAN,2007,Kharif,Dry chillies,4,2,0.5
Himachal Pradesh,SOLAN,2007,Kharif,Dry ginger,403,3015,7.481389578
Himachal Pradesh,SOLAN,2007,Kharif,Groundnut,15,21,1.4
Himachal Pradesh,SOLAN,2007,Kharif,Horse-gram,419,154,0.367541766
Himachal Pradesh,SOLAN,2007,Kharif,Maize,22615,53474,2.364536812
Himachal Pradesh,SOLAN,2007,Kharif,Masoor,7,3,0.428571429
Himachal Pradesh,SOLAN,2007,Kharif,Peas & beans (Pulses),825,724,0.877575758
Himachal Pradesh,SOLAN,2007,Kharif,Potato,64,159,2.484375
Himachal Pradesh,SOLAN,2007,Kharif,Rice,4351,10126,2.327281085
Himachal Pradesh,SOLAN,2007,Kharif,Sesamum,223,68,0.304932735
Himachal Pradesh,SOLAN,2007,Kharif,Soyabean,20,34,1.7
Himachal Pradesh,SOLAN,2007,Kharif,Sugarcane,156,2254,14.44871795
Himachal Pradesh,SOLAN,2007,Kharif,Urad,1062,228,0.214689266
Himachal Pradesh,SOLAN,2007,Rabi,Barley,1556,1337,0.859254499
Himachal Pradesh,SOLAN,2007,Rabi,Garlic,45,28,0.622222222
Himachal Pradesh,SOLAN,2007,Rabi,Gram,175,152,0.868571429
Himachal Pradesh,SOLAN,2007,Rabi,Onion,29,245,8.448275862
Himachal Pradesh,SOLAN,2007,Rabi,Rapeseed &Mustard,561,172,0.306595365
Himachal Pradesh,SOLAN,2007,Rabi,Wheat,24984,22336,0.894012168
Himachal Pradesh,SOLAN,2008,Kharif,Cotton(lint),39,18,0.461538462
Himachal Pradesh,SOLAN,2008,Kharif,Dry chillies,2,1,0.5
Himachal Pradesh,SOLAN,2008,Kharif,Horse-gram,311,47,0.151125402
Himachal Pradesh,SOLAN,2008,Kharif,Maize,22733,54760,2.408832974
Himachal Pradesh,SOLAN,2008,Kharif,Moong(Green Gram),1,,
Himachal Pradesh,SOLAN,2008,Kharif,Potato,5,50,10
Himachal Pradesh,SOLAN,2008,Kharif,Rice,4260,10565,2.480046948
Himachal Pradesh,SOLAN,2008,Kharif,Sesamum,169,50,0.295857988
Himachal Pradesh,SOLAN,2008,Kharif,Soyabean,29,49,1.689655172
Himachal Pradesh,SOLAN,2008,Kharif,Sugarcane,77,1201,15.5974026
Himachal Pradesh,SOLAN,2008,Kharif,Urad,949,120,0.126448894
Himachal Pradesh,SOLAN,2008,Rabi,Barley,1836,1093,0.595315904
Himachal Pradesh,SOLAN,2008,Rabi,Garlic,34,24,0.705882353
Himachal Pradesh,SOLAN,2008,Rabi,Gram,34,4,0.117647059
Himachal Pradesh,SOLAN,2008,Rabi,Masoor,8,11,1.375
Himachal Pradesh,SOLAN,2008,Rabi,Onion,25,172,6.88
Himachal Pradesh,SOLAN,2008,Rabi,Peas & beans (Pulses),892,460,0.515695067
Himachal Pradesh,SOLAN,2008,Rabi,Potato,72,95,1.319444444
Himachal Pradesh,SOLAN,2008,Rabi,Rapeseed &Mustard,384,74,0.192708333
Himachal Pradesh,SOLAN,2008,Rabi,Wheat,25346,36570,1.442831216
Himachal Pradesh,SOLAN,2010,Kharif,Ginger,338,2443,7.227810651
Himachal Pradesh,SOLAN,2010,Kharif,Horse-gram,294,108,0.367346939
Himachal Pradesh,SOLAN,2010,Kharif,Maize,23961,58481,2.440674429
Himachal Pradesh,SOLAN,2010,Kharif,Potato,10,84,8.4
Himachal Pradesh,SOLAN,2010,Kharif,Rice,2094,5166,2.467048711
Himachal Pradesh,SOLAN,2010,Kharif,Sesamum,228,,
Himachal Pradesh,SOLAN,2010,Kharif,Soyabean,15,25,1.666666667
Himachal Pradesh,SOLAN,2010,Kharif,Urad,894,193,0.215883669
Himachal Pradesh,SOLAN,2010,Rabi,Barley,1515,1470,0.97029703
Himachal Pradesh,SOLAN,2010,Rabi,Garlic,26,37,1.423076923
Himachal Pradesh,SOLAN,2010,Rabi,Gram,95,123,1.294736842
Himachal Pradesh,SOLAN,2010,Rabi,Onion,35,356,10.17142857
Himachal Pradesh,SOLAN,2010,Rabi,Peas & beans (Pulses),909,1267,1.393839384
Himachal Pradesh,SOLAN,2010,Rabi,Potato,54,273,5.055555556
Himachal Pradesh,SOLAN,2010,Rabi,Rapeseed &Mustard,694,355,0.511527378
Himachal Pradesh,SOLAN,2010,Rabi,Wheat,24663,49035,1.988200949
Himachal Pradesh,SOLAN,2010,Whole Year,Dry chillies,144,60,0.416666667
Himachal Pradesh,SOLAN,2010,Whole Year,Sugarcane,26,376,14.46153846
Himachal Pradesh,UNA,1998,Kharif,Groundnut,3,3,1
Himachal Pradesh,UNA,1998,Kharif,Horse-gram,57,20,0.350877193
Himachal Pradesh,UNA,1998,Kharif,Maize,28084,52574,1.872026777
Himachal Pradesh,UNA,1998,Kharif,Moong(Green Gram),34,16,0.470588235
Himachal Pradesh,UNA,1998,Kharif,Potato,89,1048,11.7752809
Himachal Pradesh,UNA,1998,Kharif,Rice,2592,5332,2.057098765
Himachal Pradesh,UNA,1998,Kharif,Sesamum,648,204,0.314814815
Himachal Pradesh,UNA,1998,Kharif,Urad,514,197,0.383268482
Himachal Pradesh,UNA,1998,Rabi,Gram,249,177,0.710843373
Himachal Pradesh,UNA,1998,Rabi,Linseed,5,3,0.6
Himachal Pradesh,UNA,1998,Rabi,Masoor,54,39,0.722222222
Himachal Pradesh,UNA,1998,Rabi,Potato,293,3449,11.77133106
Himachal Pradesh,UNA,1998,Rabi,Rapeseed &Mustard,1505,772,0.512956811
Himachal Pradesh,UNA,1998,Rabi,Wheat,33084,58813,1.7776871
Himachal Pradesh,UNA,1998,Whole Year,Cotton(lint),6,3,0.5
Himachal Pradesh,UNA,1998,Whole Year,Dry chillies,5,1,0.2
Himachal Pradesh,UNA,1998,Whole Year,Dry ginger,25,31,1.24
Himachal Pradesh,UNA,1998,Whole Year,Garlic,22,29,1.318181818
Himachal Pradesh,UNA,1998,Whole Year,Turmeric,6,4,0.666666667
Himachal Pradesh,UNA,1999,Kharif,Groundnut,10,9,0.9
Himachal Pradesh,UNA,1999,Kharif,Horse-gram,25,9,0.36
Himachal Pradesh,UNA,1999,Kharif,Maize,29518,61919,2.097669219
Himachal Pradesh,UNA,1999,Kharif,Masoor,11,9,0.818181818
Himachal Pradesh,UNA,1999,Kharif,Moong(Green Gram),5,2,0.4
Himachal Pradesh,UNA,1999,Kharif,Peas & beans (Pulses),3,3,1
Himachal Pradesh,UNA,1999,Kharif,Rice,2677,5851,2.185655585
Himachal Pradesh,UNA,1999,Kharif,Sesamum,709,179,0.252468265
Himachal Pradesh,UNA,1999,Kharif,Urad,620,190,0.306451613
Himachal Pradesh,UNA,1999,Rabi,Barley,1,1,1
Himachal Pradesh,UNA,1999,Rabi,Gram,199,263,1.32160804
Himachal Pradesh,UNA,1999,Rabi,Linseed,466,267,0.572961373
Himachal Pradesh,UNA,1999,Rabi,Rapeseed &Mustard,1007,982,0.975173784
Himachal Pradesh,UNA,1999,Rabi,Wheat,32096,63586,1.981119143
Himachal Pradesh,UNA,1999,Whole Year,Dry chillies,7,3,0.428571429
Himachal Pradesh,UNA,1999,Whole Year,Sugarcane,602,9925,16.48671096
Himachal Pradesh,UNA,2000,Kharif,Arhar/Tur,10,2,0.2
Himachal Pradesh,UNA,2000,Kharif,Groundnut,1,1,1
Himachal Pradesh,UNA,2000,Kharif,Horse-gram,43,9,0.209302326
Himachal Pradesh,UNA,2000,Kharif,Maize,28219,52233,1.850986924
Himachal Pradesh,UNA,2000,Kharif,Masoor,8,4,0.5
Himachal Pradesh,UNA,2000,Kharif,Moong(Green Gram),86,24,0.279069767
Himachal Pradesh,UNA,2000,Kharif,Other Kharif pulses,1,1,1
Himachal Pradesh,UNA,2000,Kharif,Peas & beans (Pulses),2,2,1
Himachal Pradesh,UNA,2000,Kharif,Rice,2611,5405,2.070088089
Himachal Pradesh,UNA,2000,Kharif,Sesamum,615,116,0.188617886
Himachal Pradesh,UNA,2000,Kharif,Urad,452,104,0.230088496
Himachal Pradesh,UNA,2000,Rabi,Barley,1,1,1
Himachal Pradesh,UNA,2000,Rabi,Gram,151,120,0.794701987
Himachal Pradesh,UNA,2000,Rabi,Rapeseed &Mustard,1412,662,0.468838527
Himachal Pradesh,UNA,2000,Rabi,Wheat,31296,40160,1.283231084
Himachal Pradesh,UNA,2000,Whole Year,Sugarcane,465,4293,9.232258065
Himachal Pradesh,UNA,2001,Kharif,Dry ginger,2,22,11
Himachal Pradesh,UNA,2001,Kharif,Horse-gram,47,15,0.319148936
Himachal Pradesh,UNA,2001,Kharif,Maize,27372,56737,2.072811632
Himachal Pradesh,UNA,2001,Kharif,Masoor,10,7,0.7
Himachal Pradesh,UNA,2001,Kharif,Moong(Green Gram),6,2,0.333333333
Himachal Pradesh,UNA,2001,Kharif,Peas & beans (Pulses),2,2,1
Himachal Pradesh,UNA,2001,Kharif,Rice,3248,7795,2.399938424
Himachal Pradesh,UNA,2001,Kharif,Sesamum,603,171,0.28358209
Himachal Pradesh,UNA,2001,Kharif,Urad,496,171,0.344758065
Himachal Pradesh,UNA,2001,Rabi,Gram,93,111,1.193548387
Himachal Pradesh,UNA,2001,Rabi,Rapeseed &Mustard,1558,1094,0.702182285
Himachal Pradesh,UNA,2001,Rabi,Wheat,30885,49439,1.600744698
Himachal Pradesh,UNA,2001,Whole Year,Coriander,1,3,3
Himachal Pradesh,UNA,2001,Whole Year,Dry chillies,7,1,0.142857143
Himachal Pradesh,UNA,2001,Whole Year,Garlic,6,7,1.166666667
Himachal Pradesh,UNA,2001,Whole Year,Onion,457,4895,10.71115974
Himachal Pradesh,UNA,2001,Whole Year,Potato,309,3042,9.844660194
Himachal Pradesh,UNA,2001,Whole Year,Sannhamp,27,27,1
Himachal Pradesh,UNA,2001,Whole Year,Sugarcane,393,5766,14.67175573
Himachal Pradesh,UNA,2001,Whole Year,Turmeric,6,4,0.666666667
Himachal Pradesh,UNA,2002,Kharif,Arhar/Tur,261,35,0.134099617
Himachal Pradesh,UNA,2002,Kharif,Dry ginger,1,7,7
Himachal Pradesh,UNA,2002,Kharif,Groundnut,2,2,1
Himachal Pradesh,UNA,2002,Kharif,Horse-gram,25,6,0.24
Himachal Pradesh,UNA,2002,Kharif,Maize,29149,43278,1.484716457
Himachal Pradesh,UNA,2002,Kharif,Masoor,19,12,0.631578947
Himachal Pradesh,UNA,2002,Kharif,Moong(Green Gram),23,3,0.130434783
Himachal Pradesh,UNA,2002,Kharif,Other Kharif pulses,19,8,0.421052632
Himachal Pradesh,UNA,2002,Kharif,Peas & beans (Pulses),1,0,0
Himachal Pradesh,UNA,2002,Kharif,Rice,2744,4205,1.532434402
Himachal Pradesh,UNA,2002,Kharif,Sesamum,511,161,0.315068493
Himachal Pradesh,UNA,2002,Kharif,Urad,193,28,0.14507772
Himachal Pradesh,UNA,2002,Rabi,Gram,160,103,0.64375
Himachal Pradesh,UNA,2002,Rabi,Other  Rabi pulses,1,,
Himachal Pradesh,UNA,2002,Rabi,Rapeseed &Mustard,1366,798,0.584187408
Himachal Pradesh,UNA,2002,Rabi,Wheat,36782,68949,1.874531021
Himachal Pradesh,UNA,2002,Whole Year,Coriander,25,8,0.32
Himachal Pradesh,UNA,2002,Whole Year,Dry chillies,9,3,0.333333333
Himachal Pradesh,UNA,2002,Whole Year,Garlic,11,1,0.090909091
Himachal Pradesh,UNA,2002,Whole Year,Onion,82,105,1.280487805
Himachal Pradesh,UNA,2002,Whole Year,Potato,91,780,8.571428571
Himachal Pradesh,UNA,2002,Whole Year,Sugarcane,377,2572,6.822281167
Himachal Pradesh,UNA,2002,Whole Year,Turmeric,8,3,0.375
Himachal Pradesh,UNA,2003,Kharif,Dry ginger,2,14,7
Himachal Pradesh,UNA,2003,Kharif,Maize,29938,72057,2.406874207
Himachal Pradesh,UNA,2003,Kharif,Rice,2520,4633,1.838492063
Himachal Pradesh,UNA,2003,Rabi,Wheat,30280,46811,1.545937913
Himachal Pradesh,UNA,2003,Whole Year,Potato,639,7367,11.52895149
Himachal Pradesh,UNA,2004,Kharif,Maize,30233,64815,2.143849436
Himachal Pradesh,UNA,2004,Kharif,Rice,2021,3572,1.76744186
Himachal Pradesh,UNA,2004,Rabi,Wheat,32414,63464,1.957919418
Himachal Pradesh,UNA,2004,Whole Year,Potato,792,7849,9.910353535
Himachal Pradesh,UNA,2005,Kharif,Dry chillies,6,3,0.5
Himachal Pradesh,UNA,2005,Kharif,Dry ginger,3,22,7.333333333
Himachal Pradesh,UNA,2005,Kharif,Horse-gram,58,21,0.362068966
Himachal Pradesh,UNA,2005,Kharif,Maize,30672,50489,1.646094158
Himachal Pradesh,UNA,2005,Kharif,Moong(Green Gram),14,5,0.357142857
Himachal Pradesh,UNA,2005,Kharif,Moth,1,,
Himachal Pradesh,UNA,2005,Kharif,Rice,2019,3311,1.639920753
Himachal Pradesh,UNA,2005,Kharif,Sannhamp,15,8,0.533333333
Himachal Pradesh,UNA,2005,Kharif,Sesamum,441,153,0.346938776
Himachal Pradesh,UNA,2005,Kharif,Turmeric,6,2,0.333333333
Himachal Pradesh,UNA,2005,Kharif,Urad,316,116,0.367088608
Himachal Pradesh,UNA,2005,Rabi,Garlic,9,5,0.555555556
Himachal Pradesh,UNA,2005,Rabi,Gram,154,47,0.305194805
Himachal Pradesh,UNA,2005,Rabi,Linseed,1,,
Himachal Pradesh,UNA,2005,Rabi,Masoor,16,10,0.625
Himachal Pradesh,UNA,2005,Rabi,Onion,93,1016,10.92473118
Himachal Pradesh,UNA,2005,Rabi,Peas & beans (Pulses),7,6,0.857142857
Himachal Pradesh,UNA,2005,Rabi,Rapeseed &Mustard,750,227,0.302666667
Himachal Pradesh,UNA,2005,Rabi,Wheat,31417,27273,0.86809689
Himachal Pradesh,UNA,2005,Whole Year,Potato,866,6828,7.884526559
Himachal Pradesh,UNA,2005,Whole Year,Sugarcane,193,3182,16.48704663
Himachal Pradesh,UNA,2006,Kharif,Dry chillies,2,1,0.5
Himachal Pradesh,UNA,2006,Kharif,Dry ginger,26,56,2.153846154
Himachal Pradesh,UNA,2006,Kharif,Horse-gram,53,14,0.264150943
Himachal Pradesh,UNA,2006,Kharif,Maize,30828,65524,2.125470352
Himachal Pradesh,UNA,2006,Kharif,Moong(Green Gram),6,3,0.5
Himachal Pradesh,UNA,2006,Kharif,Moth,3,1,0.333333333
Himachal Pradesh,UNA,2006,Kharif,Rice,1976,4464,2.259109312
Himachal Pradesh,UNA,2006,Kharif,Sannhamp,59,11,0.186440678
Himachal Pradesh,UNA,2006,Kharif,Sesamum,443,146,0.329571106
Himachal Pradesh,UNA,2006,Kharif,Turmeric,4,1,0.25
Himachal Pradesh,UNA,2006,Kharif,Urad,335,130,0.388059701
Himachal Pradesh,UNA,2006,Rabi,Garlic,9,11,1.222222222
Himachal Pradesh,UNA,2006,Rabi,Gram,141,101,0.716312057
Himachal Pradesh,UNA,2006,Rabi,Masoor,24,20,0.833333333
Himachal Pradesh,UNA,2006,Rabi,Onion,116,1326,11.43103448
Himachal Pradesh,UNA,2006,Rabi,Other  Rabi pulses,24,20,0.833333333
Himachal Pradesh,UNA,2006,Rabi,Peas & beans (Pulses),10,20,2
Himachal Pradesh,UNA,2006,Rabi,Rapeseed &Mustard,1422,884,0.621659634
Himachal Pradesh,UNA,2006,Rabi,Wheat,32822,64540,1.966364024
Himachal Pradesh,UNA,2006,Whole Year,Potato,821,6112,7.444579781
Himachal Pradesh,UNA,2006,Whole Year,Sugarcane,187,3084,16.49197861
Himachal Pradesh,UNA,2007,Kharif,Dry chillies,4,2,0.5
Himachal Pradesh,UNA,2007,Kharif,Dry ginger,3,34,11.33333333
Himachal Pradesh,UNA,2007,Kharif,Horse-gram,57,15,0.263157895
Himachal Pradesh,UNA,2007,Kharif,Maize,30939,72378,2.339377485
Himachal Pradesh,UNA,2007,Kharif,Masoor,20,17,0.85
Himachal Pradesh,UNA,2007,Kharif,Moong(Green Gram),7,3,0.428571429
Himachal Pradesh,UNA,2007,Kharif,Moth,2,1,0.5
Himachal Pradesh,UNA,2007,Kharif,Peas & beans (Pulses),13,25,1.923076923
Himachal Pradesh,UNA,2007,Kharif,Potato,859,7709,8.974388824
Himachal Pradesh,UNA,2007,Kharif,Rice,2023,4651,2.299060801
Himachal Pradesh,UNA,2007,Kharif,Sannhamp,21,4,0.19047619
Himachal Pradesh,UNA,2007,Kharif,Sesamum,413,135,0.326876513
Himachal Pradesh,UNA,2007,Kharif,Sugarcane,198,3265,16.48989899
Himachal Pradesh,UNA,2007,Kharif,Turmeric,7,2,0.285714286
Himachal Pradesh,UNA,2007,Kharif,Urad,336,130,0.386904762
Himachal Pradesh,UNA,2007,Rabi,Garlic,13,18,1.384615385
Himachal Pradesh,UNA,2007,Rabi,Gram,61,60,0.983606557
Himachal Pradesh,UNA,2007,Rabi,Onion,115,1356,11.79130435
Himachal Pradesh,UNA,2007,Rabi,Rapeseed &Mustard,834,750,0.899280576
Himachal Pradesh,UNA,2007,Rabi,Wheat,32981,49570,1.502986568
Himachal Pradesh,UNA,2008,Kharif,Dry chillies,1,,
Himachal Pradesh,UNA,2008,Kharif,Horse-gram,42,10,0.238095238
Himachal Pradesh,UNA,2008,Kharif,Maize,31168,66444,2.131801848
Himachal Pradesh,UNA,2008,Kharif,Moong(Green Gram),14,6,0.428571429
Himachal Pradesh,UNA,2008,Kharif,Moth,15,5,0.333333333
Himachal Pradesh,UNA,2008,Kharif,Potato,363,3602,9.922865014
Himachal Pradesh,UNA,2008,Kharif,Rice,1803,4029,2.234608985
Himachal Pradesh,UNA,2008,Kharif,Sesamum,286,88,0.307692308
Himachal Pradesh,UNA,2008,Kharif,Sugarcane,171,2820,16.49122807
Himachal Pradesh,UNA,2008,Kharif,Turmeric,6,2,0.333333333
Himachal Pradesh,UNA,2008,Kharif,Urad,269,96,0.356877323
Himachal Pradesh,UNA,2008,Rabi,Coriander,4,1,0.25
Himachal Pradesh,UNA,2008,Rabi,Garlic,17,24,1.411764706
Himachal Pradesh,UNA,2008,Rabi,Gram,48,39,0.8125
Himachal Pradesh,UNA,2008,Rabi,Masoor,6,3,0.5
Himachal Pradesh,UNA,2008,Rabi,Onion,91,1010,11.0989011
Himachal Pradesh,UNA,2008,Rabi,Peas & beans (Pulses),2,2,1
Himachal Pradesh,UNA,2008,Rabi,Potato,320,3163,9.884375
Himachal Pradesh,UNA,2008,Rabi,Rapeseed &Mustard,864,503,0.582175926
Himachal Pradesh,UNA,2008,Rabi,Wheat,32452,38548,1.187846666
Himachal Pradesh,UNA,2010,Kharif,Ginger,2,15,7.5
Himachal Pradesh,UNA,2010,Kharif,Horse-gram,49,13,0.265306122
Himachal Pradesh,UNA,2010,Kharif,Maize,30697,62105,2.023161872
Himachal Pradesh,UNA,2010,Kharif,Moong(Green Gram),2,1,0.5
Himachal Pradesh,UNA,2010,Kharif,Potato,249,2096,8.417670683
Himachal Pradesh,UNA,2010,Kharif,Rice,1919,5277,2.749869724
Himachal Pradesh,UNA,2010,Kharif,Sesamum,199,68,0.341708543
Himachal Pradesh,UNA,2010,Kharif,Urad,200,77,0.385
Himachal Pradesh,UNA,2010,Rabi,Coriander,4,1,0.25
Himachal Pradesh,UNA,2010,Rabi,Garlic,6,8,1.333333333
Himachal Pradesh,UNA,2010,Rabi,Onion,74,881,11.90540541
Himachal Pradesh,UNA,2010,Rabi,Peas & beans (Pulses),2,4,2
Himachal Pradesh,UNA,2010,Rabi,Potato,410,3553,8.665853659
Himachal Pradesh,UNA,2010,Rabi,Rapeseed &Mustard,905,894,0.987845304
Himachal Pradesh,UNA,2010,Rabi,Wheat,34977,65843,1.88246562
Himachal Pradesh,UNA,2010,Whole Year,Dry chillies,5,2,0.4
Himachal Pradesh,UNA,2010,Whole Year,Sugarcane,245,4041,16.49387755
Himachal Pradesh,UNA,2010,Whole Year,Turmeric,5,2,0.4
Jammu and Kashmir,ANANTNAG,1997,Kharif,Maize,21291,19100,0.897092668
Jammu and Kashmir,ANANTNAG,1997,Kharif,Rice,41279,1105,0.026769059
Jammu and Kashmir,ANANTNAG,1997,Rabi,Wheat,23,20,0.869565217
Jammu and Kashmir,ANANTNAG,1999,Kharif,Cond-spcs other,38,38,1
Jammu and Kashmir,ANANTNAG,1999,Kharif,Maize,22099,12830,0.580569257
Jammu and Kashmir,ANANTNAG,1999,Kharif,Rice,40380,90749.1,2.247377415
Jammu and Kashmir,ANANTNAG,1999,Rabi,Rapeseed &Mustard,24080,22199.3,0.921897841
Jammu and Kashmir,ANANTNAG,2000,Kharif,Maize,25686,31810,1.238417815
Jammu and Kashmir,ANANTNAG,2000,Kharif,Rice,37577,69551.8,1.850914123
Jammu and Kashmir,ANANTNAG,2000,Rabi,Rapeseed &Mustard,24063,8806,0.365956032
Jammu and Kashmir,ANANTNAG,2000,Rabi,Wheat,7,10,1.428571429
Jammu and Kashmir,ANANTNAG,2000,Whole Year,Dry chillies,31,37,1.193548387
Jammu and Kashmir,ANANTNAG,2001,Kharif,Maize,23725,23820,1.004004215
Jammu and Kashmir,ANANTNAG,2001,Kharif,Moong(Green Gram),686,354,0.516034985
Jammu and Kashmir,ANANTNAG,2001,Kharif,Rice,38893,56910,1.463245314
Jammu and Kashmir,ANANTNAG,2001,Kharif,Urad,193,89,0.461139896
Jammu and Kashmir,ANANTNAG,2001,Rabi,Rapeseed &Mustard,25248,14537,0.575768378
Jammu and Kashmir,ANANTNAG,2001,Rabi,Wheat,466,1020,2.188841202
Jammu and Kashmir,ANANTNAG,2001,Whole Year,Onion,52,111,2.134615385
Jammu and Kashmir,ANANTNAG,2001,Whole Year,Potato,41,478,11.65853659
Jammu and Kashmir,ANANTNAG,2002,Kharif,Maize,23723,18520,0.78067698
Jammu and Kashmir,ANANTNAG,2002,Kharif,Moong(Green Gram),712,367,0.515449438
Jammu and Kashmir,ANANTNAG,2002,Kharif,Moth,695,363,0.522302158
Jammu and Kashmir,ANANTNAG,2002,Kharif,Other Kharif pulses,169,89,0.526627219
Jammu and Kashmir,ANANTNAG,2002,Kharif,Rice,39013,80077,2.05257222
Jammu and Kashmir,ANANTNAG,2002,Kharif,Urad,193,89,0.461139896
Jammu and Kashmir,ANANTNAG,2002,Rabi,Rapeseed &Mustard,17749,5268,0.296805454
Jammu and Kashmir,ANANTNAG,2002,Rabi,Wheat,163,410,2.515337423
Jammu and Kashmir,ANANTNAG,2002,Whole Year,Beans & Mutter(Vegetable),99,151,1.525252525
Jammu and Kashmir,ANANTNAG,2002,Whole Year,Onion,21,40,1.904761905
Jammu and Kashmir,ANANTNAG,2002,Whole Year,Other Fresh Fruits,7042,0,0
Jammu and Kashmir,ANANTNAG,2002,Whole Year,Other Vegetables,3100,3978,1.283225806
Jammu and Kashmir,ANANTNAG,2002,Whole Year,Potato,26,323,12.42307692
Jammu and Kashmir,ANANTNAG,2003,Kharif,Maize,21659,28660,1.323237453
Jammu and Kashmir,ANANTNAG,2003,Kharif,Moong(Green Gram),968,500,0.516528926
Jammu and Kashmir,ANANTNAG,2003,Kharif,Other Kharif pulses,168,89,0.529761905
Jammu and Kashmir,ANANTNAG,2003,Kharif,Rice,40375,94313,2.335925697
Jammu and Kashmir,ANANTNAG,2003,Kharif,Urad,179,82,0.458100559
Jammu and Kashmir,ANANTNAG,2003,Rabi,Peas & beans (Pulses),233,356,1.527896996
Jammu and Kashmir,ANANTNAG,2003,Rabi,Rapeseed &Mustard,15905,10518,0.661301478
Jammu and Kashmir,ANANTNAG,2003,Rabi,Wheat,5,10,2
Jammu and Kashmir,ANANTNAG,2003,Whole Year,Beans & Mutter(Vegetable),233,356,1.527896996
Jammu and Kashmir,ANANTNAG,2003,Whole Year,Onion,27,54,2
Jammu and Kashmir,ANANTNAG,2003,Whole Year,Other Fresh Fruits,7527,0,0
Jammu and Kashmir,ANANTNAG,2003,Whole Year,Other Vegetables,2792,3595,1.28760745
Jammu and Kashmir,ANANTNAG,2003,Whole Year,Potato,29,445,15.34482759
Jammu and Kashmir,ANANTNAG,2004,Kharif,Maize,21172,20320,0.959758171
Jammu and Kashmir,ANANTNAG,2004,Kharif,Moong(Green Gram),999,515,0.515515516
Jammu and Kashmir,ANANTNAG,2004,Kharif,Other Kharif pulses,357,187,0.523809524
Jammu and Kashmir,ANANTNAG,2004,Kharif,Rice,40375,105726,2.618600619
Jammu and Kashmir,ANANTNAG,2004,Kharif,Urad,179,82,0.458100559
Jammu and Kashmir,ANANTNAG,2004,Rabi,Wheat,45,50,1.111111111
Jammu and Kashmir,ANANTNAG,2005,Kharif,Dry chillies,53,62.8,1.18490566
Jammu and Kashmir,ANANTNAG,2005,Kharif,Maize,20849,23500,1.127152381
Jammu and Kashmir,ANANTNAG,2005,Kharif,Moong(Green Gram),701,361.4,0.515549215
Jammu and Kashmir,ANANTNAG,2005,Kharif,Onion,31,27.9,0.9
Jammu and Kashmir,ANANTNAG,2005,Kharif,Other Cereals & Millets,14,2.5,0.178571429
Jammu and Kashmir,ANANTNAG,2005,Kharif,Other Kharif pulses,401,210.5,0.524937656
Jammu and Kashmir,ANANTNAG,2005,Kharif,Potato,43,585.7,13.62093023
Jammu and Kashmir,ANANTNAG,2005,Kharif,Rice,40927,117980,2.882693576
Jammu and Kashmir,ANANTNAG,2005,Kharif,Urad,87,42.7,0.490804598
Jammu and Kashmir,ANANTNAG,2007,Kharif,Dry chillies,78,92.5,1.185897436
Jammu and Kashmir,ANANTNAG,2007,Kharif,Maize,12566,18940,1.507241763
Jammu and Kashmir,ANANTNAG,2007,Kharif,Moong(Green Gram),114,58.8,0.515789474
Jammu and Kashmir,ANANTNAG,2007,Kharif,Other Cereals & Millets,14,2.5,0.178571429
Jammu and Kashmir,ANANTNAG,2007,Kharif,Other Kharif pulses,15,7.9,0.526666667
Jammu and Kashmir,ANANTNAG,2007,Kharif,Peas & beans (Pulses),32,19.2,0.6
Jammu and Kashmir,ANANTNAG,2007,Kharif,Potato,20,39,1.95
Jammu and Kashmir,ANANTNAG,2007,Kharif,Rice,25086,64867,2.5857849
Jammu and Kashmir,ANANTNAG,2007,Kharif,Urad,132,44.7,0.338636364
Jammu and Kashmir,ANANTNAG,2007,Rabi,Onion,2,4.7,2.35
Jammu and Kashmir,ANANTNAG,2007,Rabi,Peas & beans (Pulses),17,11.9,0.7
Jammu and Kashmir,ANANTNAG,2007,Rabi,Potato,4,46.7,11.675
Jammu and Kashmir,ANANTNAG,2007,Rabi,Rapeseed &Mustard,17011,13417.4,0.788748457
Jammu and Kashmir,ANANTNAG,2008,Rabi,Garlic,4,3.2,0.8
Jammu and Kashmir,ANANTNAG,2008,Rabi,Onion,23,54.1,2.352173913
Jammu and Kashmir,ANANTNAG,2008,Rabi,Peas & beans (Pulses),14,9.8,0.7
Jammu and Kashmir,ANANTNAG,2008,Rabi,Potato,32,181.8,5.68125
Jammu and Kashmir,ANANTNAG,2008,Rabi,Rapeseed &Mustard,15299,13824.4,0.903614615
Jammu and Kashmir,ANANTNAG,2013,Rabi,Onion,64,150.6,2.353125
Jammu and Kashmir,ANANTNAG,2013,Rabi,Peas & beans (Pulses),13,9.2,0.707692308
Jammu and Kashmir,ANANTNAG,2013,Rabi,Potato,20,179.3,8.965
Jammu and Kashmir,ANANTNAG,2013,Rabi,Rapeseed &Mustard,16329,11917.2,0.729818115
Jammu and Kashmir,ANANTNAG,2014,Kharif,Dry chillies,113,17.8,0.157522124
Jammu and Kashmir,ANANTNAG,2014,Kharif,Maize,11761,13768,1.170648754
Jammu and Kashmir,ANANTNAG,2014,Kharif,Moong(Green Gram),51,6.2,0.121568627
Jammu and Kashmir,ANANTNAG,2014,Kharif,Onion,104,94.1,0.904807692
Jammu and Kashmir,ANANTNAG,2014,Kharif,Other Kharif pulses,47,1.6,0.034042553
Jammu and Kashmir,ANANTNAG,2014,Kharif,Potato,99,508.3,5.134343434
Jammu and Kashmir,ANANTNAG,2014,Kharif,Rice,23904,19403,0.811705154
Jammu and Kashmir,ANANTNAG,2014,Kharif,Sannhamp,2,0.7,0.35
Jammu and Kashmir,ANANTNAG,2014,Kharif,Urad,4,0.1,0.025
Jammu and Kashmir,BADGAM,1997,Kharif,Maize,12876,6800,0.528114321
Jammu and Kashmir,BADGAM,1997,Kharif,Rice,27897,626,0.022439689
Jammu and Kashmir,BADGAM,1997,Rabi,Wheat,645,580,0.899224806
Jammu and Kashmir,BADGAM,1999,Kharif,Cond-spcs other,143,106,0.741258741
Jammu and Kashmir,BADGAM,1999,Kharif,Maize,14164,7030,0.496328721
Jammu and Kashmir,BADGAM,1999,Kharif,Rice,26568,34191.9,1.286957995
Jammu and Kashmir,BADGAM,1999,Rabi,Cond-spcs other,173,122,0.705202312
Jammu and Kashmir,BADGAM,1999,Rabi,Linseed,47,24.5,0.521276596
Jammu and Kashmir,BADGAM,1999,Rabi,Rapeseed &Mustard,5669,3866.3,0.682007409
Jammu and Kashmir,BADGAM,2000,Kharif,Maize,16317,13080,0.801617944
Jammu and Kashmir,BADGAM,2000,Kharif,Rice,24907,39978.4,1.605106998
Jammu and Kashmir,BADGAM,2000,Rabi,Rapeseed &Mustard,5392,2150,0.398738872
Jammu and Kashmir,BADGAM,2000,Rabi,Wheat,424,220,0.518867925
Jammu and Kashmir,BADGAM,2000,Whole Year,Dry chillies,118,139,1.177966102
Jammu and Kashmir,BADGAM,2000,Whole Year,Garlic,14,11,0.785714286
Jammu and Kashmir,BADGAM,2000,Whole Year,Onion,99,244,2.464646465
Jammu and Kashmir,BADGAM,2001,Kharif,Maize,15621,9110,0.583189296
Jammu and Kashmir,BADGAM,2001,Kharif,Moong(Green Gram),87,50,0.574712644
Jammu and Kashmir,BADGAM,2001,Kharif,Rice,25245,44757,1.772905526
Jammu and Kashmir,BADGAM,2001,Kharif,Urad,311,170,0.546623794
Jammu and Kashmir,BADGAM,2001,Rabi,Peas & beans (Pulses),118,141,1.194915254
Jammu and Kashmir,BADGAM,2001,Rabi,Rapeseed &Mustard,5793,3892,0.671845331
Jammu and Kashmir,BADGAM,2001,Rabi,Wheat,132,210,1.590909091
Jammu and Kashmir,BADGAM,2001,Whole Year,Onion,188,465,2.473404255
Jammu and Kashmir,BADGAM,2001,Whole Year,Potato,199,2710,13.61809045
Jammu and Kashmir,BADGAM,2002,Kharif,Maize,14803,8030,0.54245761
Jammu and Kashmir,BADGAM,2002,Kharif,Moong(Green Gram),356,204,0.573033708
Jammu and Kashmir,BADGAM,2002,Kharif,Moth,859,687,0.799767171
Jammu and Kashmir,BADGAM,2002,Kharif,Other Kharif pulses,104,55,0.528846154
Jammu and Kashmir,BADGAM,2002,Kharif,Rice,24858,55256,2.222865878
Jammu and Kashmir,BADGAM,2002,Rabi,Other  Rabi pulses,15,112,7.466666667
Jammu and Kashmir,BADGAM,2002,Rabi,Peas & beans (Pulses),112,134,1.196428571
Jammu and Kashmir,BADGAM,2002,Rabi,Rapeseed &Mustard,4635,3000,0.647249191
Jammu and Kashmir,BADGAM,2002,Rabi,Wheat,149,70,0.469798658
Jammu and Kashmir,BADGAM,2002,Whole Year,Onion,192,475,2.473958333
Jammu and Kashmir,BADGAM,2002,Whole Year,Other Fresh Fruits,4051,0,0
Jammu and Kashmir,BADGAM,2002,Whole Year,Other Vegetables,2922,3359,1.149555099
Jammu and Kashmir,BADGAM,2002,Whole Year,Potato,207,2798,13.51690821
Jammu and Kashmir,BADGAM,2003,Kharif,Maize,16187,24840,1.534564774
Jammu and Kashmir,BADGAM,2003,Kharif,Moong(Green Gram),236,135,0.572033898
Jammu and Kashmir,BADGAM,2003,Kharif,Other Kharif pulses,62,31,0.5
Jammu and Kashmir,BADGAM,2003,Kharif,Rice,24617,43876,1.782345534
Jammu and Kashmir,BADGAM,2003,Rabi,Linseed,8,7,0.875
Jammu and Kashmir,BADGAM,2003,Rabi,Peas & beans (Pulses),111,133,1.198198198
Jammu and Kashmir,BADGAM,2003,Rabi,Rapeseed &Mustard,3988,2866,0.718655968
Jammu and Kashmir,BADGAM,2003,Rabi,Wheat,88,130,1.477272727
Jammu and Kashmir,BADGAM,2003,Whole Year,Onion,222,552,2.486486486
Jammu and Kashmir,BADGAM,2003,Whole Year,Other Fresh Fruits,4726,0,0
Jammu and Kashmir,BADGAM,2003,Whole Year,Other Vegetables,1977,2642,1.336368235
Jammu and Kashmir,BADGAM,2003,Whole Year,Potato,192,2409,12.546875
Jammu and Kashmir,BADGAM,2004,Kharif,Maize,16057,9380,0.584168898
Jammu and Kashmir,BADGAM,2004,Kharif,Moong(Green Gram),259,149,0.575289575
Jammu and Kashmir,BADGAM,2004,Kharif,Other Kharif pulses,78,40,0.512820513
Jammu and Kashmir,BADGAM,2004,Kharif,Rice,23734,40372,1.701019634
Jammu and Kashmir,BADGAM,2004,Rabi,Peas & beans (Pulses),131,157,1.198473282
Jammu and Kashmir,BADGAM,2004,Rabi,Wheat,87,130,1.494252874
Jammu and Kashmir,BADGAM,2005,Kharif,Dry chillies,233,273.8,1.175107296
Jammu and Kashmir,BADGAM,2005,Kharif,Maize,16619,10280,0.618569108
Jammu and Kashmir,BADGAM,2005,Kharif,Moong(Green Gram),180,103.3,0.573888889
Jammu and Kashmir,BADGAM,2005,Kharif,Other Kharif pulses,65,33.3,0.512307692
Jammu and Kashmir,BADGAM,2005,Kharif,Rice,24176,61700,2.552117803
Jammu and Kashmir,BADGAM,2005,Kharif,Urad,93,50.7,0.54516129
Jammu and Kashmir,BADGAM,2007,Kharif,Dry chillies,142,166.9,1.175352113
Jammu and Kashmir,BADGAM,2007,Kharif,Garlic,85,63.8,0.750588235
Jammu and Kashmir,BADGAM,2007,Kharif,Maize,12012,10590,0.881618382
Jammu and Kashmir,BADGAM,2007,Kharif,Moong(Green Gram),151,86.7,0.574172185
Jammu and Kashmir,BADGAM,2007,Kharif,Onion,45,36.2,0.804444444
Jammu and Kashmir,BADGAM,2007,Kharif,Other Kharif pulses,80,41.1,0.51375
Jammu and Kashmir,BADGAM,2007,Kharif,Potato,141,793.2,5.625531915
Jammu and Kashmir,BADGAM,2007,Kharif,Rice,23092,51080,2.212021479
Jammu and Kashmir,BADGAM,2007,Kharif,Urad,7,4.8,0.685714286
Jammu and Kashmir,BADGAM,2007,Rabi,Garlic,38,30.4,0.8
Jammu and Kashmir,BADGAM,2007,Rabi,Linseed,35,33.6,0.96
Jammu and Kashmir,BADGAM,2007,Rabi,Onion,209,519.5,2.485645933
Jammu and Kashmir,BADGAM,2007,Rabi,Peas & beans (Pulses),307,368.4,1.2
Jammu and Kashmir,BADGAM,2007,Rabi,Potato,187,2192.1,11.72245989
Jammu and Kashmir,BADGAM,2007,Rabi,Rapeseed &Mustard,4732,2365.6,0.499915469
Jammu and Kashmir,BADGAM,2007,Rabi,Wheat,774,1080,1.395348837
Jammu and Kashmir,BADGAM,2008,Rabi,Garlic,110,88,0.8
Jammu and Kashmir,BADGAM,2008,Rabi,Onion,211,524.5,2.485781991
Jammu and Kashmir,BADGAM,2008,Rabi,Peas & beans (Pulses),505,606,1.2
Jammu and Kashmir,BADGAM,2008,Rabi,Potato,158,730.7,4.624683544
Jammu and Kashmir,BADGAM,2008,Rabi,Rapeseed &Mustard,6102,2285.5,0.374549328
Jammu and Kashmir,BADGAM,2008,Rabi,Wheat,380,250,0.657894737
Jammu and Kashmir,BADGAM,2013,Rabi,Garlic,130,104.2,0.801538462
Jammu and Kashmir,BADGAM,2013,Rabi,Moong(Green Gram),16,19.2,1.2
Jammu and Kashmir,BADGAM,2013,Rabi,Onion,127,315.7,2.485826772
Jammu and Kashmir,BADGAM,2013,Rabi,Other  Rabi pulses,75,37.3,0.497333333
Jammu and Kashmir,BADGAM,2013,Rabi,Peas & beans (Pulses),550,660,1.2
Jammu and Kashmir,BADGAM,2013,Rabi,Potato,491,6081.4,12.38574338
Jammu and Kashmir,BADGAM,2013,Rabi,Rapeseed &Mustard,6098,3779.4,0.619776976
Jammu and Kashmir,BADGAM,2013,Rabi,Wheat,237,311,1.312236287
Jammu and Kashmir,BADGAM,2014,Kharif,Dry chillies,9,10.6,1.177777778
Jammu and Kashmir,BADGAM,2014,Kharif,Maize,10936,13593,1.242959034
Jammu and Kashmir,BADGAM,2014,Kharif,Moong(Green Gram),945,8.6,0.009100529
Jammu and Kashmir,BADGAM,2014,Kharif,Onion,5,4.1,0.82
Jammu and Kashmir,BADGAM,2014,Kharif,Potato,17,74.8,4.4
Jammu and Kashmir,BADGAM,2014,Kharif,Rice,26183,23727,0.906198679
Jammu and Kashmir,BANDIPORA,2007,Kharif,Maize,5144,4870,0.946734059
Jammu and Kashmir,BANDIPORA,2007,Kharif,Moong(Green Gram),115,40.9,0.355652174
Jammu and Kashmir,BANDIPORA,2007,Kharif,Other Kharif pulses,133,69.8,0.52481203
Jammu and Kashmir,BANDIPORA,2007,Kharif,Peas & beans (Pulses),176,105.6,0.6
Jammu and Kashmir,BANDIPORA,2007,Kharif,Potato,382,2621.5,6.862565445
Jammu and Kashmir,BANDIPORA,2007,Kharif,Rice,9588,26293,2.742282019
Jammu and Kashmir,BANDIPORA,2007,Kharif,Urad,433,294.5,0.680138568
Jammu and Kashmir,BANDIPORA,2007,Rabi,Linseed,1,1,1
Jammu and Kashmir,BANDIPORA,2007,Rabi,Other Cereals & Millets,4,3.5,0.875
Jammu and Kashmir,BANDIPORA,2007,Rabi,Potato,56,504.8,9.014285714
Jammu and Kashmir,BANDIPORA,2007,Rabi,Rapeseed &Mustard,745,317.9,0.426711409
Jammu and Kashmir,BANDIPORA,2008,Rabi,Linseed,1,0.3,0.3
Jammu and Kashmir,BANDIPORA,2008,Rabi,Potato,58,2189.3,37.74655172
Jammu and Kashmir,BANDIPORA,2008,Rabi,Rapeseed &Mustard,524,485.3,0.926145038
Jammu and Kashmir,BANDIPORA,2013,Rabi,Barley,2125,1912.5,0.9
Jammu and Kashmir,BANDIPORA,2013,Rabi,Potato,97,1024.8,10.56494845
Jammu and Kashmir,BANDIPORA,2013,Rabi,Rapeseed &Mustard,1233,1359,1.102189781
Jammu and Kashmir,BANDIPORA,2014,Kharif,Bajra,12,3.5,0.291666667
Jammu and Kashmir,BANDIPORA,2014,Kharif,Maize,4927,3980,0.807793789
Jammu and Kashmir,BANDIPORA,2014,Kharif,Other Cereals & Millets,321,128.4,0.4
Jammu and Kashmir,BANDIPORA,2014,Kharif,Potato,431,5302.7,12.30324826
Jammu and Kashmir,BANDIPORA,2014,Kharif,Rice,9203,11049,1.200586765
Jammu and Kashmir,BARAMULLA,1997,Kharif,Maize,25193,19100,0.758147104
Jammu and Kashmir,BARAMULLA,1997,Kharif,Rice,34304,670,0.01953125
Jammu and Kashmir,BARAMULLA,1997,Rabi,Wheat,516,430,0.833333333
Jammu and Kashmir,BARAMULLA,1999,Kharif,Maize,30548,12560,0.411156213
Jammu and Kashmir,BARAMULLA,1999,Kharif,Rice,27678,36961.7,1.335418022
Jammu and Kashmir,BARAMULLA,1999,Rabi,Barley,1,0.5,0.5
Jammu and Kashmir,BARAMULLA,1999,Rabi,Gram,136,76,0.558823529
Jammu and Kashmir,BARAMULLA,1999,Rabi,Rapeseed &Mustard,6119,4983.9,0.814495833
Jammu and Kashmir,BARAMULLA,2000,Kharif,Maize,32436,25220,0.777531138
Jammu and Kashmir,BARAMULLA,2000,Kharif,Rice,27176,45918.5,1.689671033
Jammu and Kashmir,BARAMULLA,2000,Rabi,Gram,140,77,0.55
Jammu and Kashmir,BARAMULLA,2000,Rabi,other oilseeds,723,253,0.349930844
Jammu and Kashmir,BARAMULLA,2000,Rabi,Rapeseed &Mustard,2542,1740,0.684500393
Jammu and Kashmir,BARAMULLA,2000,Rabi,Wheat,472,340,0.720338983
Jammu and Kashmir,BARAMULLA,2001,Kharif,Maize,29533,19610,0.66400298
Jammu and Kashmir,BARAMULLA,2001,Kharif,Moong(Green Gram),1054,375,0.355787476
Jammu and Kashmir,BARAMULLA,2001,Kharif,Rice,29930,49275,1.646341463
Jammu and Kashmir,BARAMULLA,2001,Rabi,Rapeseed &Mustard,7446,2707,0.3635509
Jammu and Kashmir,BARAMULLA,2001,Rabi,Wheat,678,980,1.445427729
Jammu and Kashmir,BARAMULLA,2001,Whole Year,Potato,308,3382,10.98051948
Jammu and Kashmir,BARAMULLA,2002,Kharif,Maize,28126,24010,0.853658537
Jammu and Kashmir,BARAMULLA,2002,Kharif,Moong(Green Gram),642,229,0.356697819
Jammu and Kashmir,BARAMULLA,2002,Kharif,Moth,1431,718,0.50174703
Jammu and Kashmir,BARAMULLA,2002,Kharif,Other Kharif pulses,1237,668,0.540016168
Jammu and Kashmir,BARAMULLA,2002,Kharif,Rice,32014,66822,2.087274317
Jammu and Kashmir,BARAMULLA,2002,Kharif,Small millets,220,40,0.181818182
Jammu and Kashmir,BARAMULLA,2002,Rabi,Linseed,2,0.1,0.05
Jammu and Kashmir,BARAMULLA,2002,Rabi,Rapeseed &Mustard,4906,1821,0.371178149
Jammu and Kashmir,BARAMULLA,2002,Rabi,Wheat,466,470,1.008583691
Jammu and Kashmir,BARAMULLA,2002,Whole Year,Beans & Mutter(Vegetable),294,255,0.867346939
Jammu and Kashmir,BARAMULLA,2002,Whole Year,Other Fresh Fruits,19205,0,0
Jammu and Kashmir,BARAMULLA,2002,Whole Year,Other Vegetables,2096,1544,0.736641221
Jammu and Kashmir,BARAMULLA,2002,Whole Year,Potato,301,2073,6.887043189
Jammu and Kashmir,BARAMULLA,2003,Kharif,Maize,28143,25980,0.923142522
Jammu and Kashmir,BARAMULLA,2003,Kharif,Moong(Green Gram),354,126,0.355932203
Jammu and Kashmir,BARAMULLA,2003,Kharif,Peas & beans (Pulses),184,110,0.597826087
Jammu and Kashmir,BARAMULLA,2003,Kharif,Rice,31628,64280,2.032376375
Jammu and Kashmir,BARAMULLA,2003,Kharif,Small millets,468,186,0.397435897
Jammu and Kashmir,BARAMULLA,2003,Rabi,Linseed,5,4,0.8
Jammu and Kashmir,BARAMULLA,2003,Rabi,Peas & beans (Pulses),114,80,0.701754386
Jammu and Kashmir,BARAMULLA,2003,Rabi,Rapeseed &Mustard,3882,1644,0.423493045
Jammu and Kashmir,BARAMULLA,2003,Rabi,Wheat,441,460,1.0430839
Jammu and Kashmir,BARAMULLA,2003,Whole Year,Beans & Mutter(Vegetable),184,110,0.597826087
Jammu and Kashmir,BARAMULLA,2003,Whole Year,Other Fresh Fruits,20570,0,0
Jammu and Kashmir,BARAMULLA,2003,Whole Year,Other Vegetables,1667,1297,0.778044391
Jammu and Kashmir,BARAMULLA,2003,Whole Year,Potato,266,1788,6.721804511
Jammu and Kashmir,BARAMULLA,2004,Kharif,Maize,28896,23280,0.805647841
Jammu and Kashmir,BARAMULLA,2004,Kharif,Moong(Green Gram),368,131,0.355978261
Jammu and Kashmir,BARAMULLA,2004,Kharif,Rice,31049,62904,2.025958968
Jammu and Kashmir,BARAMULLA,2004,Rabi,Other  Rabi pulses,76,53,0.697368421
Jammu and Kashmir,BARAMULLA,2004,Rabi,Peas & beans (Pulses),65,46,0.707692308
Jammu and Kashmir,BARAMULLA,2004,Rabi,Wheat,254,220,0.866141732
Jammu and Kashmir,BARAMULLA,2005,Kharif,Maize,28981,28380,0.979262275
Jammu and Kashmir,BARAMULLA,2005,Kharif,Moong(Green Gram),326,116,0.355828221
Jammu and Kashmir,BARAMULLA,2005,Kharif,Potato,287,3519.1,12.26167247
Jammu and Kashmir,BARAMULLA,2005,Kharif,Rice,29918,74787,2.499732602
Jammu and Kashmir,BARAMULLA,2005,Kharif,Wheat,197,30.6,0.155329949
Jammu and Kashmir,BARAMULLA,2005,Rabi,Gram,116,70,0.603448276
Jammu and Kashmir,BARAMULLA,2005,Rabi,Wheat,197,31,0.157360406
Jammu and Kashmir,BARAMULLA,2007,Kharif,Dry chillies,12,9.4,0.783333333
Jammu and Kashmir,BARAMULLA,2007,Kharif,Maize,22199,21020,0.9468895
Jammu and Kashmir,BARAMULLA,2007,Kharif,Moong(Green Gram),73,26,0.356164384
Jammu and Kashmir,BARAMULLA,2007,Kharif,Other Kharif pulses,45,23.6,0.524444444
Jammu and Kashmir,BARAMULLA,2007,Kharif,Peas & beans (Pulses),5,3,0.6
Jammu and Kashmir,BARAMULLA,2007,Kharif,Rice,21205,58140,2.741806178
Jammu and Kashmir,BARAMULLA,2007,Kharif,Urad,59,40.1,0.679661017
Jammu and Kashmir,BARAMULLA,2007,Rabi,Peas & beans (Pulses),74,51.8,0.7
Jammu and Kashmir,BARAMULLA,2007,Rabi,Rapeseed &Mustard,1332,568.3,0.426651652
Jammu and Kashmir,BARAMULLA,2007,Rabi,Wheat,231,170,0.735930736
Jammu and Kashmir,BARAMULLA,2008,Rabi,Peas & beans (Pulses),74,51.8,0.7
Jammu and Kashmir,BARAMULLA,2008,Rabi,Rapeseed &Mustard,1331,1232.6,0.926070624
Jammu and Kashmir,BARAMULLA,2008,Rabi,Wheat,231,190,0.822510823
Jammu and Kashmir,BARAMULLA,2013,Rabi,Peas & beans (Pulses),9,6.5,0.722222222
Jammu and Kashmir,BARAMULLA,2013,Rabi,Rapeseed &Mustard,208,427,2.052884615
Jammu and Kashmir,BARAMULLA,2013,Rabi,Wheat,16,13,0.8125
Jammu and Kashmir,BARAMULLA,2014,Kharif,Maize,21993,29243,1.329650343
Jammu and Kashmir,BARAMULLA,2014,Kharif,Masoor,16,8.1,0.50625
Jammu and Kashmir,BARAMULLA,2014,Kharif,Moong(Green Gram),432,153.8,0.356018519
Jammu and Kashmir,BARAMULLA,2014,Kharif,Other Cereals & Millets,24,9.5,0.395833333
Jammu and Kashmir,BARAMULLA,2014,Kharif,Other Kharif pulses,364,193.2,0.530769231
Jammu and Kashmir,BARAMULLA,2014,Kharif,Potato,1,10.6,10.6
Jammu and Kashmir,BARAMULLA,2014,Kharif,Rice,21265,23376,1.099271103
Jammu and Kashmir,DODA,1997,Kharif,Maize,48194,78500,1.628833465
Jammu and Kashmir,DODA,1997,Kharif,Rice,4148,45,0.010848602
Jammu and Kashmir,DODA,1997,Rabi,Wheat,6579,9230,1.402948776
Jammu and Kashmir,DODA,1999,Kharif,Barley,34,9.8,0.288235294
Jammu and Kashmir,DODA,1999,Kharif,Maize,49835,37770,0.757901074
Jammu and Kashmir,DODA,1999,Kharif,Rice,4066,3463.9,0.851918347
Jammu and Kashmir,DODA,1999,Rabi,Barley,7860,2481.6,0.315725191
Jammu and Kashmir,DODA,1999,Rabi,Gram,307,44,0.143322476
Jammu and Kashmir,DODA,1999,Rabi,Rapeseed &Mustard,3741,878.8,0.234910452
Jammu and Kashmir,DODA,2000,Kharif,Bajra,42,20.2,0.480952381
Jammu and Kashmir,DODA,2000,Kharif,Barley,34,9,0.264705882
Jammu and Kashmir,DODA,2000,Kharif,Maize,51730,61820,1.195051228
Jammu and Kashmir,DODA,2000,Kharif,Rice,3503,3403.8,0.971681416
Jammu and Kashmir,DODA,2000,Kharif,Sesamum,36,13,0.361111111
Jammu and Kashmir,DODA,2000,Rabi,Barley,6059,1913,0.315728668
Jammu and Kashmir,DODA,2000,Rabi,Gram,258,30,0.11627907
Jammu and Kashmir,DODA,2000,Rabi,Linseed,99,20,0.202020202
Jammu and Kashmir,DODA,2000,Rabi,Rapeseed &Mustard,2629,1179,0.44845949
Jammu and Kashmir,DODA,2000,Rabi,Wheat,11086,4940,0.445607072
Jammu and Kashmir,DODA,2000,Whole Year,Garlic,2,2,1
Jammu and Kashmir,DODA,2000,Whole Year,Onion,2,5,2.5
Jammu and Kashmir,DODA,2001,Kharif,Bajra,47,24,0.510638298
Jammu and Kashmir,DODA,2001,Kharif,Barley,27,7,0.259259259
Jammu and Kashmir,DODA,2001,Kharif,Horse-gram,980,294,0.3
Jammu and Kashmir,DODA,2001,Kharif,Maize,50959,64760,1.270825566
Jammu and Kashmir,DODA,2001,Kharif,Moong(Green Gram),31,13,0.419354839
Jammu and Kashmir,DODA,2001,Kharif,Rice,3879,3310,0.853312709
Jammu and Kashmir,DODA,2001,Kharif,Sesamum,21,8,0.380952381
Jammu and Kashmir,DODA,2001,Kharif,Urad,1452,610,0.420110193
Jammu and Kashmir,DODA,2001,Rabi,Barley,6913,2219,0.32098944
Jammu and Kashmir,DODA,2001,Rabi,Linseed,99,26,0.262626263
Jammu and Kashmir,DODA,2001,Rabi,Masoor,7,3,0.428571429
Jammu and Kashmir,DODA,2001,Rabi,Peas & beans (Pulses),168,101,0.601190476
Jammu and Kashmir,DODA,2001,Rabi,Rapeseed &Mustard,3522,1057,0.300113572
Jammu and Kashmir,DODA,2001,Rabi,Wheat,10862,14480,1.333087829
Jammu and Kashmir,DODA,2001,Whole Year,Onion,29,75,2.586206897
Jammu and Kashmir,DODA,2001,Whole Year,Potato,80,782,9.775
Jammu and Kashmir,DODA,2002,Kharif,Maize,51566,28530,0.553271536
Jammu and Kashmir,DODA,2002,Kharif,Other Kharif pulses,1477,1214,0.821936357
Jammu and Kashmir,DODA,2002,Kharif,Rice,4155,4412,1.061853189
Jammu and Kashmir,DODA,2002,Kharif,Small millets,250,50,0.2
Jammu and Kashmir,DODA,2002,Kharif,Urad,1602,673,0.420099875
Jammu and Kashmir,DODA,2002,Rabi,Barley,6886,2208,0.320650595
Jammu and Kashmir,DODA,2002,Rabi,Masoor,90,40,0.444444444
Jammu and Kashmir,DODA,2002,Rabi,Peas & beans (Pulses),203,122,0.600985222
Jammu and Kashmir,DODA,2002,Rabi,Rapeseed &Mustard,2981,1061,0.355920832
Jammu and Kashmir,DODA,2002,Rabi,Wheat,11735,12590,1.072858969
Jammu and Kashmir,DODA,2002,Whole Year,Onion,27,69,2.555555556
Jammu and Kashmir,DODA,2002,Whole Year,Other Fresh Fruits,170,0,0
Jammu and Kashmir,DODA,2002,Whole Year,Other Vegetables,191,187,0.979057592
Jammu and Kashmir,DODA,2002,Whole Year,Potato,64,168,2.625
Jammu and Kashmir,DODA,2003,Kharif,Bajra,238,124,0.521008403
Jammu and Kashmir,DODA,2003,Kharif,Maize,52051,89040,1.710629959
Jammu and Kashmir,DODA,2003,Kharif,Other Kharif pulses,56,26,0.464285714
Jammu and Kashmir,DODA,2003,Kharif,Rice,4050,7455,1.840740741
Jammu and Kashmir,DODA,2003,Kharif,Sesamum,26,9,0.346153846
Jammu and Kashmir,DODA,2003,Kharif,Small millets,3214,987,0.307093964
Jammu and Kashmir,DODA,2003,Kharif,Urad,1860,781,0.419892473
Jammu and Kashmir,DODA,2003,Rabi,Barley,6478,2077,0.320623649
Jammu and Kashmir,DODA,2003,Rabi,Masoor,76,34,0.447368421
Jammu and Kashmir,DODA,2003,Rabi,Peas & beans (Pulses),215,130,0.604651163
Jammu and Kashmir,DODA,2003,Rabi,Rapeseed &Mustard,2961,1719,0.580547112
Jammu and Kashmir,DODA,2003,Rabi,Wheat,10581,7080,0.669123901
Jammu and Kashmir,DODA,2003,Whole Year,Onion,17,44,2.588235294
Jammu and Kashmir,DODA,2003,Whole Year,Other Fresh Fruits,174,0,0
Jammu and Kashmir,DODA,2003,Whole Year,Other Vegetables,304,281,0.924342105
Jammu and Kashmir,DODA,2003,Whole Year,Potato,87,454,5.218390805
Jammu and Kashmir,DODA,2004,Kharif,Maize,51071,45810,0.896986548
Jammu and Kashmir,DODA,2004,Kharif,Other Kharif pulses,1567,722,0.460753031
Jammu and Kashmir,DODA,2004,Kharif,Rice,4203,4758,1.132048537
Jammu and Kashmir,DODA,2004,Kharif,Urad,1545,663,0.429126214
Jammu and Kashmir,DODA,2004,Rabi,Barley,6564,2106,0.320840951
Jammu and Kashmir,DODA,2004,Rabi,Other  Rabi pulses,5,2,0.4
Jammu and Kashmir,DODA,2004,Rabi,Peas & beans (Pulses),154,93,0.603896104
Jammu and Kashmir,DODA,2004,Rabi,Wheat,10653,11595,1.088425796
Jammu and Kashmir,DODA,2005,Kharif,Bajra,5,2.6,0.52
Jammu and Kashmir,DODA,2005,Kharif,Barley,37,9.7,0.262162162
Jammu and Kashmir,DODA,2005,Kharif,Maize,50954,56820,1.115123445
Jammu and Kashmir,DODA,2005,Kharif,Moong(Green Gram),75,34.3,0.457333333
Jammu and Kashmir,DODA,2005,Kharif,Other Cereals & Millets,191,38.2,0.2
Jammu and Kashmir,DODA,2005,Kharif,Peas & beans (Pulses),81,37.3,0.460493827
Jammu and Kashmir,DODA,2005,Kharif,Potato,36,88.3,2.452777778
Jammu and Kashmir,DODA,2005,Kharif,Rice,3781,5640,1.491668871
Jammu and Kashmir,DODA,2005,Kharif,Urad,1667,700.2,0.420035993
Jammu and Kashmir,DODA,2005,Kharif,Wheat,239,28.8,0.120502092
Jammu and Kashmir,DODA,2005,Rabi,Gram,244,122,0.5
Jammu and Kashmir,DODA,2005,Rabi,Wheat,239,29,0.121338912
Jammu and Kashmir,DODA,2007,Kharif,Maize,25281,28850,1.141173213
Jammu and Kashmir,DODA,2007,Kharif,Other Cereals & Millets,2,0.4,0.2
Jammu and Kashmir,DODA,2007,Kharif,Peas & beans (Pulses),65,29.9,0.46
Jammu and Kashmir,DODA,2007,Kharif,Potato,22,58.3,2.65
Jammu and Kashmir,DODA,2007,Kharif,Rice,1868,1760,0.942184154
Jammu and Kashmir,DODA,2007,Kharif,Urad,851,357.4,0.419976498
Jammu and Kashmir,DODA,2007,Rabi,Barley,2429,779.7,0.320996295
Jammu and Kashmir,DODA,2007,Rabi,Garlic,3,1.9,0.633333333
Jammu and Kashmir,DODA,2007,Rabi,Masoor,12,5.3,0.441666667
Jammu and Kashmir,DODA,2007,Rabi,Onion,13,33.4,2.569230769
Jammu and Kashmir,DODA,2007,Rabi,Peas & beans (Pulses),140,84.1,0.600714286
Jammu and Kashmir,DODA,2007,Rabi,Rapeseed &Mustard,2213,1014.4,0.458382286
Jammu and Kashmir,DODA,2007,Rabi,Wheat,3610,5080,1.407202216
Jammu and Kashmir,DODA,2008,Rabi,Barley,2551,818.9,0.321011368
Jammu and Kashmir,DODA,2008,Rabi,Onion,6,15.4,2.566666667
Jammu and Kashmir,DODA,2008,Rabi,Peas & beans (Pulses),174,104.5,0.600574713
Jammu and Kashmir,DODA,2008,Rabi,Rapeseed &Mustard,1518,928.8,0.611857708
Jammu and Kashmir,DODA,2008,Rabi,Urad,11,4.8,0.436363636
Jammu and Kashmir,DODA,2008,Rabi,Wheat,3701,2250,0.607943799
Jammu and Kashmir,DODA,2013,Rabi,Barley,2226,715,0.321203953
Jammu and Kashmir,DODA,2013,Rabi,Garlic,18,16.9,0.938888889
Jammu and Kashmir,DODA,2013,Rabi,Linseed,6,2.1,0.35
Jammu and Kashmir,DODA,2013,Rabi,Onion,52,133.3,2.563461538
Jammu and Kashmir,DODA,2013,Rabi,Peas & beans (Pulses),70,42.2,0.602857143
Jammu and Kashmir,DODA,2013,Rabi,Rapeseed &Mustard,1608,1536.2,0.955348259
Jammu and Kashmir,DODA,2013,Rabi,Wheat,3958,4468,1.128852956
Jammu and Kashmir,DODA,2014,Kharif,Maize,25808,28397,1.100317731
Jammu and Kashmir,DODA,2014,Kharif,Other Kharif pulses,78,88.8,1.138461538
Jammu and Kashmir,DODA,2014,Kharif,Potato,15,132.6,8.84
Jammu and Kashmir,DODA,2014,Kharif,Rice,1911,1893,0.990580848
Jammu and Kashmir,DODA,2014,Kharif,Urad,867,115.9,0.133679354
Jammu and Kashmir,GANDERBAL,2007,Kharif,Maize,3397,3940,1.159846924
Jammu and Kashmir,GANDERBAL,2007,Kharif,Moong(Green Gram),51,24.9,0.488235294
Jammu and Kashmir,GANDERBAL,2007,Kharif,Other Cereals & Millets,14,2.5,0.178571429
Jammu and Kashmir,GANDERBAL,2007,Kharif,Other Kharif pulses,72,37,0.513888889
Jammu and Kashmir,GANDERBAL,2007,Kharif,Potato,29,163.1,5.624137931
Jammu and Kashmir,GANDERBAL,2007,Kharif,Rice,8363,22313,2.6680617
Jammu and Kashmir,GANDERBAL,2007,Rabi,Rapeseed &Mustard,1600,666.4,0.4165
Jammu and Kashmir,GANDERBAL,2008,Rabi,Rapeseed &Mustard,1631,5798.9,3.555426119
Jammu and Kashmir,GANDERBAL,2013,Rabi,Rapeseed &Mustard,1913,1381.5,0.72216414
Jammu and Kashmir,GANDERBAL,2014,Kharif,Maize,3375,2484,0.736
Jammu and Kashmir,GANDERBAL,2014,Kharif,Moong(Green Gram),13,7.6,0.584615385
Jammu and Kashmir,GANDERBAL,2014,Kharif,Other Kharif pulses,21,10.8,0.514285714
Jammu and Kashmir,GANDERBAL,2014,Kharif,Potato,12,10.6,0.883333333
Jammu and Kashmir,GANDERBAL,2014,Kharif,Rice,7684,8684,1.130140552
Jammu and Kashmir,JAMMU,1997,Kharif,Maize,26766,41900,1.565418815
Jammu and Kashmir,JAMMU,1997,Kharif,Rice,57940,1060,0.018294788
Jammu and Kashmir,JAMMU,1997,Rabi,Wheat,94071,159300,1.693401792
Jammu and Kashmir,JAMMU,1999,Kharif,Bajra,11524,5473.9,0.475
Jammu and Kashmir,JAMMU,1999,Kharif,Cond-spcs other,1,1.2,1.2
Jammu and Kashmir,JAMMU,1999,Kharif,Groundnut,8,4.1,0.5125
Jammu and Kashmir,JAMMU,1999,Kharif,Jowar,6,1.2,0.2
Jammu and Kashmir,JAMMU,1999,Kharif,Maize,20884,33480,1.603141161
Jammu and Kashmir,JAMMU,1999,Kharif,Rice,50332,62897.7,1.249656282
Jammu and Kashmir,JAMMU,1999,Kharif,Sesamum,2081,934.3,0.448966843
Jammu and Kashmir,JAMMU,1999,Rabi,Barley,217,107.9,0.497235023
Jammu and Kashmir,JAMMU,1999,Rabi,Cond-spcs other,145,130.7,0.90137931
Jammu and Kashmir,JAMMU,1999,Rabi,Linseed,259,120.9,0.466795367
Jammu and Kashmir,JAMMU,1999,Rabi,Rapeseed &Mustard,992,591.2,0.595967742
Jammu and Kashmir,JAMMU,1999,Whole Year,Sugarcane,54,32.5,0.601851852
Jammu and Kashmir,JAMMU,2000,Kharif,Bajra,11486,5265.8,0.45845377
Jammu and Kashmir,JAMMU,2000,Kharif,Groundnut,12,6,0.5
Jammu and Kashmir,JAMMU,2000,Kharif,Maize,20994,32780,1.561398495
Jammu and Kashmir,JAMMU,2000,Kharif,other oilseeds,8,4,0.5
Jammu and Kashmir,JAMMU,2000,Kharif,Rice,50161,97243.1,1.938619645
Jammu and Kashmir,JAMMU,2000,Kharif,Sesamum,2070,928,0.448309179
Jammu and Kashmir,JAMMU,2000,Rabi,Barley,89,44,0.494382022
Jammu and Kashmir,JAMMU,2000,Rabi,Linseed,88,20,0.227272727
Jammu and Kashmir,JAMMU,2000,Rabi,Rapeseed &Mustard,603,175,0.290215589
Jammu and Kashmir,JAMMU,2000,Rabi,Wheat,101047,91560,0.906112997
Jammu and Kashmir,JAMMU,2000,Whole Year,Garlic,15,14,0.933333333
Jammu and Kashmir,JAMMU,2000,Whole Year,Sannhamp,194,97,0.5
Jammu and Kashmir,JAMMU,2000,Whole Year,Sugarcane,52,314,6.038461538
Jammu and Kashmir,JAMMU,2000,Whole Year,Tobacco,53,8,0.150943396
Jammu and Kashmir,JAMMU,2001,Kharif,Bajra,11467,6870,0.599110491
Jammu and Kashmir,JAMMU,2001,Kharif,Cotton(lint),44,22,0.5
Jammu and Kashmir,JAMMU,2001,Kharif,Groundnut,12,6,0.5
Jammu and Kashmir,JAMMU,2001,Kharif,Horse-gram,616,166,0.269480519
Jammu and Kashmir,JAMMU,2001,Kharif,Jowar,5,3,0.6
Jammu and Kashmir,JAMMU,2001,Kharif,Maize,20950,37640,1.796658711
Jammu and Kashmir,JAMMU,2001,Kharif,Moong(Green Gram),282,141,0.5
Jammu and Kashmir,JAMMU,2001,Kharif,Rice,50176,87378,1.741430166
Jammu and Kashmir,JAMMU,2001,Kharif,Sesamum,2107,944,0.448030375
Jammu and Kashmir,JAMMU,2001,Kharif,Urad,4654,2057,0.441985389
Jammu and Kashmir,JAMMU,2001,Rabi,Barley,126,62,0.492063492
Jammu and Kashmir,JAMMU,2001,Rabi,Gram,76,45,0.592105263
Jammu and Kashmir,JAMMU,2001,Rabi,Linseed,62,49,0.790322581
Jammu and Kashmir,JAMMU,2001,Rabi,Peas & beans (Pulses),34,63,1.852941176
Jammu and Kashmir,JAMMU,2001,Rabi,Rapeseed &Mustard,675,556,0.823703704
Jammu and Kashmir,JAMMU,2001,Rabi,Wheat,95457,127790,1.338717957
Jammu and Kashmir,JAMMU,2001,Whole Year,Potato,110,1577,14.33636364
Jammu and Kashmir,JAMMU,2001,Whole Year,Sannhamp,190,95,0.5
Jammu and Kashmir,JAMMU,2001,Whole Year,Sugarcane,55,330,6
Jammu and Kashmir,JAMMU,2001,Whole Year,Tobacco,30,10,0.333333333
Jammu and Kashmir,JAMMU,2002,Kharif,Bajra,11619,6961,0.599104914
Jammu and Kashmir,JAMMU,2002,Kharif,Cotton(lint),33,17,0.515151515
Jammu and Kashmir,JAMMU,2002,Kharif,Groundnut,49,26,0.530612245
Jammu and Kashmir,JAMMU,2002,Kharif,Maize,20870,38740,1.856252995
Jammu and Kashmir,JAMMU,2002,Kharif,Moong(Green Gram),345,172,0.498550725
Jammu and Kashmir,JAMMU,2002,Kharif,Moth,264,145,0.549242424
Jammu and Kashmir,JAMMU,2002,Kharif,Other Kharif pulses,840,229,0.272619048
Jammu and Kashmir,JAMMU,2002,Kharif,Rice,46885,66348,1.415122107
Jammu and Kashmir,JAMMU,2002,Kharif,Sesamum,2256,1011,0.448138298
Jammu and Kashmir,JAMMU,2002,Kharif,Urad,5330,2356,0.442026266
Jammu and Kashmir,JAMMU,2002,Rabi,Barley,229,114,0.497816594
Jammu and Kashmir,JAMMU,2002,Rabi,Gram,122,73,0.598360656
Jammu and Kashmir,JAMMU,2002,Rabi,Linseed,84,57,0.678571429
Jammu and Kashmir,JAMMU,2002,Rabi,Masoor,15,8,0.533333333
Jammu and Kashmir,JAMMU,2002,Rabi,Other  Rabi pulses,2,1,0.5
Jammu and Kashmir,JAMMU,2002,Rabi,Peas & beans (Pulses),27,50,1.851851852
Jammu and Kashmir,JAMMU,2002,Rabi,Rapeseed &Mustard,638,404,0.63322884
Jammu and Kashmir,JAMMU,2002,Rabi,Wheat,90028,178600,1.983827254
Jammu and Kashmir,JAMMU,2002,Whole Year,Onion,17,31,1.823529412
Jammu and Kashmir,JAMMU,2002,Whole Year,Other Fresh Fruits,349,0,0
Jammu and Kashmir,JAMMU,2002,Whole Year,other oilseeds,30,13,0.433333333
Jammu and Kashmir,JAMMU,2002,Whole Year,Other Vegetables,1162,2311,1.988812392
Jammu and Kashmir,JAMMU,2002,Whole Year,Potato,140,1744,12.45714286
Jammu and Kashmir,JAMMU,2002,Whole Year,Sugarcane,68,408,6
Jammu and Kashmir,JAMMU,2002,Whole Year,Tobacco,12,4,0.333333333
Jammu and Kashmir,JAMMU,2003,Kharif,Bajra,14470,8670,0.599170698
Jammu and Kashmir,JAMMU,2003,Kharif,Cotton(lint),2,1,0.5
Jammu and Kashmir,JAMMU,2003,Kharif,Maize,16627,28630,1.721898118
Jammu and Kashmir,JAMMU,2003,Kharif,Moong(Green Gram),46,23,0.5
Jammu and Kashmir,JAMMU,2003,Kharif,Other Kharif pulses,73,38,0.520547945
Jammu and Kashmir,JAMMU,2003,Kharif,Rice,58426,106547,1.823623045
Jammu and Kashmir,JAMMU,2003,Kharif,Sesamum,2022,1174,0.580613254
Jammu and Kashmir,JAMMU,2003,Kharif,Urad,6010,2657,0.442096506
Jammu and Kashmir,JAMMU,2003,Rabi,Barley,416,207,0.497596154
Jammu and Kashmir,JAMMU,2003,Rabi,Gram,281,169,0.601423488
Jammu and Kashmir,JAMMU,2003,Rabi,Linseed,38,9,0.236842105
Jammu and Kashmir,JAMMU,2003,Rabi,Peas & beans (Pulses),22,41,1.863636364
Jammu and Kashmir,JAMMU,2003,Rabi,Rapeseed &Mustard,931,167,0.179377014
Jammu and Kashmir,JAMMU,2003,Rabi,Wheat,94722,208560,2.201811617
Jammu and Kashmir,JAMMU,2003,Whole Year,Onion,244,293,1.200819672
Jammu and Kashmir,JAMMU,2003,Whole Year,Other Fresh Fruits,327,0,0
Jammu and Kashmir,JAMMU,2003,Whole Year,Other Vegetables,989,1602,1.619817998
Jammu and Kashmir,JAMMU,2003,Whole Year,Potato,21,261,12.42857143
Jammu and Kashmir,JAMMU,2003,Whole Year,Sannhamp,61,30,0.491803279
Jammu and Kashmir,JAMMU,2003,Whole Year,Sugarcane,77,457,5.935064935
Jammu and Kashmir,JAMMU,2004,Kharif,Bajra,14029,8405,0.599116117
Jammu and Kashmir,JAMMU,2004,Kharif,Jowar,5977,3586,0.599966538
Jammu and Kashmir,JAMMU,2004,Kharif,Maize,17251,28350,1.643382992
Jammu and Kashmir,JAMMU,2004,Kharif,Moong(Green Gram),102,51,0.5
Jammu and Kashmir,JAMMU,2004,Kharif,Other Kharif pulses,62,32,0.516129032
Jammu and Kashmir,JAMMU,2004,Kharif,Rice,53706,90148,1.678546159
Jammu and Kashmir,JAMMU,2004,Kharif,Urad,5730,2612,0.455846422
Jammu and Kashmir,JAMMU,2004,Rabi,Barley,293,146,0.498293515
Jammu and Kashmir,JAMMU,2004,Rabi,Gram,262,157,0.599236641
Jammu and Kashmir,JAMMU,2004,Rabi,Peas & beans (Pulses),11,20,1.818181818
Jammu and Kashmir,JAMMU,2004,Rabi,Wheat,93162,209390,2.247590219
Jammu and Kashmir,JAMMU,2005,Kharif,Bajra,11751,7040.4,0.599131989
Jammu and Kashmir,JAMMU,2005,Kharif,Cotton(lint),31,15.5,0.5
Jammu and Kashmir,JAMMU,2005,Kharif,Groundnut,34,17,0.5
Jammu and Kashmir,JAMMU,2005,Kharif,Jowar,1,0.6,0.6
Jammu and Kashmir,JAMMU,2005,Kharif,Maize,19705,31500,1.598579041
Jammu and Kashmir,JAMMU,2005,Kharif,Moong(Green Gram),203,101.5,0.5
Jammu and Kashmir,JAMMU,2005,Kharif,Onion,9,10.8,1.2
Jammu and Kashmir,JAMMU,2005,Kharif,Other Kharif pulses,10,5.2,0.52
Jammu and Kashmir,JAMMU,2005,Kharif,other oilseeds,18,7.8,0.433333333
Jammu and Kashmir,JAMMU,2005,Kharif,Potato,79,303.3,3.839240506
Jammu and Kashmir,JAMMU,2005,Kharif,Rice,57336,94780,1.653062648
Jammu and Kashmir,JAMMU,2005,Kharif,Sannhamp,184,92,0.5
Jammu and Kashmir,JAMMU,2005,Kharif,Sesamum,2048,917.5,0.447998047
Jammu and Kashmir,JAMMU,2005,Kharif,Sugarcane,101,606,6
Jammu and Kashmir,JAMMU,2005,Kharif,Urad,6462,2856.3,0.442014856
Jammu and Kashmir,JAMMU,2007,Kharif,Bajra,7817,4683.4,0.599130101
Jammu and Kashmir,JAMMU,2007,Kharif,Cotton(lint),57,28.5,0.5
Jammu and Kashmir,JAMMU,2007,Kharif,Dry chillies,3,2.9,0.966666667
Jammu and Kashmir,JAMMU,2007,Kharif,Dry ginger,4,4.8,1.2
Jammu and Kashmir,JAMMU,2007,Kharif,Maize,11275,17560,1.557427938
Jammu and Kashmir,JAMMU,2007,Kharif,Moong(Green Gram),3,1.5,0.5
Jammu and Kashmir,JAMMU,2007,Kharif,Other Cereals & Millets,10,15,1.5
Jammu and Kashmir,JAMMU,2007,Kharif,Other Kharif pulses,297,154.4,0.51986532
Jammu and Kashmir,JAMMU,2007,Kharif,other oilseeds,185,80.4,0.434594595
Jammu and Kashmir,JAMMU,2007,Kharif,Potato,78,433.9,5.562820513
Jammu and Kashmir,JAMMU,2007,Kharif,Rice,50716,93887,1.851230381
Jammu and Kashmir,JAMMU,2007,Kharif,Sannhamp,306,153,0.5
Jammu and Kashmir,JAMMU,2007,Kharif,Sesamum,868,388.8,0.447926267
Jammu and Kashmir,JAMMU,2007,Kharif,Turmeric,9,9.1,1.011111111
Jammu and Kashmir,JAMMU,2007,Kharif,Urad,3819,1688,0.442000524
Jammu and Kashmir,JAMMU,2007,Rabi,Barley,255,127,0.498039216
Jammu and Kashmir,JAMMU,2007,Rabi,Coriander,6,0.7,0.116666667
Jammu and Kashmir,JAMMU,2007,Rabi,Garlic,9,8.2,0.911111111
Jammu and Kashmir,JAMMU,2007,Rabi,Linseed,47,19.4,0.412765957
Jammu and Kashmir,JAMMU,2007,Rabi,Masoor,4,2.2,0.55
Jammu and Kashmir,JAMMU,2007,Rabi,other oilseeds,2,1.1,0.55
Jammu and Kashmir,JAMMU,2007,Rabi,Peas & beans (Pulses),47,87.5,1.861702128
Jammu and Kashmir,JAMMU,2007,Rabi,Potato,115,4082.2,35.4973913
Jammu and Kashmir,JAMMU,2007,Rabi,Rapeseed &Mustard,397,196.5,0.494962217
Jammu and Kashmir,JAMMU,2007,Rabi,Wheat,77618,164790,2.123090005
Jammu and Kashmir,JAMMU,2008,Rabi,Arhar/Tur,22,12.1,0.55
Jammu and Kashmir,JAMMU,2008,Rabi,Barley,293,145.9,0.497952218
Jammu and Kashmir,JAMMU,2008,Rabi,Garlic,17,15.5,0.911764706
Jammu and Kashmir,JAMMU,2008,Rabi,Gram,159,87.4,0.549685535
Jammu and Kashmir,JAMMU,2008,Rabi,Linseed,16,17.5,1.09375
Jammu and Kashmir,JAMMU,2008,Rabi,other oilseeds,4,2.2,0.55
Jammu and Kashmir,JAMMU,2008,Rabi,Peas & beans (Pulses),59,109.8,1.861016949
Jammu and Kashmir,JAMMU,2008,Rabi,Potato,151,1590.5,10.53311258
Jammu and Kashmir,JAMMU,2008,Rabi,Rapeseed &Mustard,392,313.1,0.79872449
Jammu and Kashmir,JAMMU,2008,Rabi,Wheat,80558,162850,2.021524864
Jammu and Kashmir,JAMMU,2013,Rabi,Barley,77,114.2,1.483116883
Jammu and Kashmir,JAMMU,2013,Rabi,Garlic,14,14,1
Jammu and Kashmir,JAMMU,2013,Rabi,Ginger,3,2.7,0.9
Jammu and Kashmir,JAMMU,2013,Rabi,Linseed,28,14.7,0.525
Jammu and Kashmir,JAMMU,2013,Rabi,Other  Rabi pulses,18,8.8,0.488888889
Jammu and Kashmir,JAMMU,2013,Rabi,Peas & beans (Pulses),74,35.9,0.485135135
Jammu and Kashmir,JAMMU,2013,Rabi,Potato,141,2612.5,18.52836879
Jammu and Kashmir,JAMMU,2013,Rabi,Rapeseed &Mustard,356,405.1,1.137921348
Jammu and Kashmir,JAMMU,2013,Rabi,Turmeric,4,3.7,0.925
Jammu and Kashmir,JAMMU,2013,Rabi,Wheat,90198,163363,1.811159893
Jammu and Kashmir,JAMMU,2014,Kharif,Bajra,5465,3274.3,0.599139982
Jammu and Kashmir,JAMMU,2014,Kharif,Maize,10961,13306,1.213940334
Jammu and Kashmir,JAMMU,2014,Kharif,Moong(Green Gram),42,21.6,0.514285714
Jammu and Kashmir,JAMMU,2014,Kharif,Other Kharif pulses,12,46.1,3.841666667
Jammu and Kashmir,JAMMU,2014,Kharif,Potato,362,3200.1,8.840055249
Jammu and Kashmir,JAMMU,2014,Kharif,Rice,65470,116969,1.786604552
Jammu and Kashmir,JAMMU,2014,Kharif,Sannhamp,18,9,0.5
Jammu and Kashmir,JAMMU,2014,Kharif,Sesamum,825,370.1,0.448606061
Jammu and Kashmir,JAMMU,2014,Kharif,Urad,2491,1101.1,0.442031313
Jammu and Kashmir,KARGIL,1997,Rabi,Wheat,1603,1390,0.867124142
Jammu and Kashmir,KARGIL,1999,Kharif,Cond-spcs other,1,0.4,0.4
Jammu and Kashmir,KARGIL,1999,Rabi,Gram,3909,1950.1,0.498874392
Jammu and Kashmir,KARGIL,2000,Rabi,Gram,3909,1950,0.49884881
Jammu and Kashmir,KARGIL,2000,Rabi,Wheat,1603,1390,0.867124142
Jammu and Kashmir,KARGIL,2001,Rabi,Peas & beans (Pulses),685,532,0.776642336
Jammu and Kashmir,KARGIL,2001,Rabi,Wheat,1487,1280,0.860793544
Jammu and Kashmir,KARGIL,2002,Rabi,Other  Rabi pulses,16,6,0.375
Jammu and Kashmir,KARGIL,2002,Rabi,Peas & beans (Pulses),685,533,0.77810219
Jammu and Kashmir,KARGIL,2002,Rabi,Wheat,1407,1280,0.909737029
Jammu and Kashmir,KARGIL,2002,Whole Year,Beans & Mutter(Vegetable),14,2,0.142857143
Jammu and Kashmir,KARGIL,2002,Whole Year,Other Fresh Fruits,12,0,0
Jammu and Kashmir,KARGIL,2002,Whole Year,Other Vegetables,36,23,0.638888889
Jammu and Kashmir,KARGIL,2002,Whole Year,Turnip,161,64,0.397515528
Jammu and Kashmir,KARGIL,2003,Kharif,Peas & beans (Pulses),18,2,0.111111111
Jammu and Kashmir,KARGIL,2003,Kharif,Small millets,516,287,0.55620155
Jammu and Kashmir,KARGIL,2003,Rabi,Barley,4150,3344,0.805783133
Jammu and Kashmir,KARGIL,2003,Rabi,Peas & beans (Pulses),531,413,0.777777778
Jammu and Kashmir,KARGIL,2003,Rabi,Wheat,1481,1270,0.857528697
Jammu and Kashmir,KARGIL,2003,Whole Year,Beans & Mutter(Vegetable),18,2,0.111111111
Jammu and Kashmir,KARGIL,2003,Whole Year,Other Fresh Fruits,44,0,0
Jammu and Kashmir,KARGIL,2003,Whole Year,Turnip,311,123,0.395498392
Jammu and Kashmir,KARGIL,2004,Rabi,Peas & beans (Pulses),549,427,0.777777778
Jammu and Kashmir,KARGIL,2004,Rabi,Wheat,1397,1200,0.858983536
Jammu and Kashmir,KARGIL,2007,Kharif,Maize,4,10,2.5
Jammu and Kashmir,KARGIL,2007,Rabi,Other  Rabi pulses,236,94.4,0.4
Jammu and Kashmir,KARGIL,2007,Rabi,Peas & beans (Pulses),510,396.4,0.777254902
Jammu and Kashmir,KARGIL,2007,Rabi,Wheat,1412,1210,0.85694051
Jammu and Kashmir,KARGIL,2008,Rabi,Barley,4016,3491.6,0.869422311
Jammu and Kashmir,KARGIL,2008,Rabi,Peas & beans (Pulses),545,423.6,0.777247706
Jammu and Kashmir,KARGIL,2008,Rabi,Potato,15,140,9.333333333
Jammu and Kashmir,KARGIL,2008,Rabi,Wheat,1603,1380,0.860885839
Jammu and Kashmir,KARGIL,2013,Rabi,Other  Rabi pulses,33,42.9,1.3
Jammu and Kashmir,KARGIL,2013,Rabi,Peas & beans (Pulses),433,336.8,0.777829099
Jammu and Kashmir,KARGIL,2013,Rabi,Potato,14,130.8,9.342857143
Jammu and Kashmir,KARGIL,2013,Rabi,Wheat,1324,1145,0.864803625
Jammu and Kashmir,KARGIL,2014,Kharif,Potato,56,523.8,9.353571429
Jammu and Kashmir,KATHUA,1997,Kharif,Maize,15893,28900,1.818410621
Jammu and Kashmir,KATHUA,1997,Kharif,Rice,34356,591,0.017202235
Jammu and Kashmir,KATHUA,1997,Rabi,Wheat,48718,71840,1.474608974
Jammu and Kashmir,KATHUA,1999,Kharif,Bajra,1489,708.7,0.475957018
Jammu and Kashmir,KATHUA,1999,Kharif,Cond-spcs other,18,15,0.833333333
Jammu and Kashmir,KATHUA,1999,Kharif,Maize,15122,33600,2.221928316
Jammu and Kashmir,KATHUA,1999,Kharif,Rice,35644,51878.5,1.45546235
Jammu and Kashmir,KATHUA,1999,Kharif,Sesamum,3606,1442.4,0.4
Jammu and Kashmir,KATHUA,1999,Rabi,Barley,1694,1372,0.809917355
Jammu and Kashmir,KATHUA,1999,Rabi,Cond-spcs other,121,96.6,0.798347107
Jammu and Kashmir,KATHUA,1999,Rabi,Linseed,180,45.7,0.253888889
Jammu and Kashmir,KATHUA,1999,Rabi,Rapeseed &Mustard,2717,1025.7,0.377511962
Jammu and Kashmir,KATHUA,1999,Whole Year,Sugarcane,73,87.6,1.2
Jammu and Kashmir,KATHUA,2000,Kharif,Bajra,1503,710.2,0.472521623
Jammu and Kashmir,KATHUA,2000,Kharif,Dry ginger,3,5,1.666666667
Jammu and Kashmir,KATHUA,2000,Kharif,Maize,16233,40240,2.478901004
Jammu and Kashmir,KATHUA,2000,Kharif,Rice,34303,57398.1,1.673267644
Jammu and Kashmir,KATHUA,2000,Kharif,Sesamum,3915,1566,0.4
Jammu and Kashmir,KATHUA,2000,Rabi,Barley,1607,1432,0.891101431
Jammu and Kashmir,KATHUA,2000,Rabi,Linseed,121,23,0.190082645
Jammu and Kashmir,KATHUA,2000,Rabi,Rapeseed &Mustard,3031,1087,0.358627516
Jammu and Kashmir,KATHUA,2000,Rabi,Wheat,53097,33440,0.62979076
Jammu and Kashmir,KATHUA,2000,Whole Year,Dry chillies,32,12,0.375
Jammu and Kashmir,KATHUA,2000,Whole Year,Garlic,1,1,1
Jammu and Kashmir,KATHUA,2000,Whole Year,Sannhamp,24,12,0.5
Jammu and Kashmir,KATHUA,2000,Whole Year,Sugarcane,56,71,1.267857143
Jammu and Kashmir,KATHUA,2000,Whole Year,Tobacco,46,4,0.086956522
Jammu and Kashmir,KATHUA,2000,Whole Year,Turmeric,1,1,1
Jammu and Kashmir,KATHUA,2001,Kharif,Bajra,1687,927,0.549496147
Jammu and Kashmir,KATHUA,2001,Kharif,Cotton(lint),13,6,0.461538462
Jammu and Kashmir,KATHUA,2001,Kharif,Horse-gram,122,34,0.278688525
Jammu and Kashmir,KATHUA,2001,Kharif,Maize,15660,37660,2.404853129
Jammu and Kashmir,KATHUA,2001,Kharif,Rice,36591,64733,1.769096226
Jammu and Kashmir,KATHUA,2001,Kharif,Sesamum,3608,1450,0.401884701
Jammu and Kashmir,KATHUA,2001,Kharif,Urad,3821,1150,0.300968333
Jammu and Kashmir,KATHUA,2001,Rabi,Barley,1697,1493,0.879787861
Jammu and Kashmir,KATHUA,2001,Rabi,Gram,86,48,0.558139535
Jammu and Kashmir,KATHUA,2001,Rabi,Linseed,132,52,0.393939394
Jammu and Kashmir,KATHUA,2001,Rabi,Masoor,7,3,0.428571429
Jammu and Kashmir,KATHUA,2001,Rabi,Peas & beans (Pulses),2,1,0.5
Jammu and Kashmir,KATHUA,2001,Rabi,Rapeseed &Mustard,2816,3675,1.305042614
Jammu and Kashmir,KATHUA,2001,Rabi,Wheat,51501,79730,1.548125279
Jammu and Kashmir,KATHUA,2001,Whole Year,Onion,4,4,1
Jammu and Kashmir,KATHUA,2001,Whole Year,Potato,125,820,6.56
Jammu and Kashmir,KATHUA,2001,Whole Year,Sannhamp,20,10,0.5
Jammu and Kashmir,KATHUA,2001,Whole Year,Sugarcane,59,76,1.288135593
Jammu and Kashmir,KATHUA,2001,Whole Year,Tobacco,3,2,0.666666667
Jammu and Kashmir,KATHUA,2002,Kharif,Bajra,1271,699,0.549960661
Jammu and Kashmir,KATHUA,2002,Kharif,Cotton(lint),4,2,0.5
Jammu and Kashmir,KATHUA,2002,Kharif,Jowar,129,32,0.248062016
Jammu and Kashmir,KATHUA,2002,Kharif,Maize,19223,34090,1.773396452
Jammu and Kashmir,KATHUA,2002,Kharif,Moong(Green Gram),20,11,0.55
Jammu and Kashmir,KATHUA,2002,Kharif,Moth,3,2,0.666666667
Jammu and Kashmir,KATHUA,2002,Kharif,Other Kharif pulses,192,54,0.28125
Jammu and Kashmir,KATHUA,2002,Kharif,Rice,29420,43402,1.475254929
Jammu and Kashmir,KATHUA,2002,Kharif,Sesamum,3641,1464,0.402087339
Jammu and Kashmir,KATHUA,2002,Kharif,Urad,3878,1167,0.300928314
Jammu and Kashmir,KATHUA,2002,Rabi,Barley,1731,1523,0.879838244
Jammu and Kashmir,KATHUA,2002,Rabi,Gram,95,54,0.568421053
Jammu and Kashmir,KATHUA,2002,Rabi,Linseed,91,28,0.307692308
Jammu and Kashmir,KATHUA,2002,Rabi,Masoor,7,3,0.428571429
Jammu and Kashmir,KATHUA,2002,Rabi,Other  Rabi pulses,3,1,0.333333333
Jammu and Kashmir,KATHUA,2002,Rabi,Rapeseed &Mustard,2445,3258,1.332515337
Jammu and Kashmir,KATHUA,2002,Rabi,Wheat,49633,79350,1.598734713
Jammu and Kashmir,KATHUA,2002,Whole Year,Onion,1,1,1
Jammu and Kashmir,KATHUA,2002,Whole Year,Other Fresh Fruits,15,0,0
Jammu and Kashmir,KATHUA,2002,Whole Year,Other Vegetables,107,194,1.813084112
Jammu and Kashmir,KATHUA,2002,Whole Year,Potato,97,745,7.680412371
Jammu and Kashmir,KATHUA,2002,Whole Year,Sugarcane,40,52,1.3
Jammu and Kashmir,KATHUA,2002,Whole Year,Tobacco,2,0.1,0.05
Jammu and Kashmir,KATHUA,2003,Kharif,Bajra,1421,782,0.550316678
Jammu and Kashmir,KATHUA,2003,Kharif,Cotton(lint),5,2,0.4
Jammu and Kashmir,KATHUA,2003,Kharif,Maize,19474,48100,2.469959947
Jammu and Kashmir,KATHUA,2003,Kharif,Other Kharif pulses,4,2,0.5
Jammu and Kashmir,KATHUA,2003,Kharif,Rice,30628,55677,1.817846415
Jammu and Kashmir,KATHUA,2003,Kharif,Sesamum,3229,1298,0.401982038
Jammu and Kashmir,KATHUA,2003,Kharif,Small millets,26,130,5
Jammu and Kashmir,KATHUA,2003,Kharif,Urad,3801,1144,0.300973428
Jammu and Kashmir,KATHUA,2003,Rabi,Barley,1673,1472,0.879856545
Jammu and Kashmir,KATHUA,2003,Rabi,Linseed,69,25,0.362318841
Jammu and Kashmir,KATHUA,2003,Rabi,Masoor,25,10,0.4
Jammu and Kashmir,KATHUA,2003,Rabi,Other  Rabi pulses,98,49,0.5
Jammu and Kashmir,KATHUA,2003,Rabi,other oilseeds,1,,
Jammu and Kashmir,KATHUA,2003,Rabi,Peas & beans (Pulses),4,3,0.75
Jammu and Kashmir,KATHUA,2003,Rabi,Rapeseed &Mustard,2582,648,0.250968242
Jammu and Kashmir,KATHUA,2003,Rabi,Wheat,51873,85400,1.646328533
Jammu and Kashmir,KATHUA,2003,Whole Year,Onion,1,3,3
Jammu and Kashmir,KATHUA,2003,Whole Year,Other Fresh Fruits,1,0,0
Jammu and Kashmir,KATHUA,2003,Whole Year,Other Vegetables,114,193,1.692982456
Jammu and Kashmir,KATHUA,2003,Whole Year,Potato,104,640,6.153846154
Jammu and Kashmir,KATHUA,2003,Whole Year,Sannhamp,14,7,0.5
Jammu and Kashmir,KATHUA,2003,Whole Year,Sugarcane,58,75,1.293103448
Jammu and Kashmir,KATHUA,2003,Whole Year,Tobacco,2,0.1,0.05
Jammu and Kashmir,KATHUA,2004,Kharif,Bajra,1456,801,0.550137363
Jammu and Kashmir,KATHUA,2004,Kharif,Maize,19539,47910,2.452019039
Jammu and Kashmir,KATHUA,2004,Kharif,Moong(Green Gram),5,3,0.6
Jammu and Kashmir,KATHUA,2004,Kharif,Other Kharif pulses,6,3,0.5
Jammu and Kashmir,KATHUA,2004,Kharif,Rice,30611,51805,1.69236549
Jammu and Kashmir,KATHUA,2004,Kharif,Urad,3886,1171,0.301338137
Jammu and Kashmir,KATHUA,2004,Rabi,Barley,1868,1644,0.880085653
Jammu and Kashmir,KATHUA,2004,Rabi,Other  Rabi pulses,348,174,0.5
Jammu and Kashmir,KATHUA,2004,Rabi,Peas & beans (Pulses),3,2,0.666666667
Jammu and Kashmir,KATHUA,2004,Rabi,Wheat,52842,98920,1.871995761
Jammu and Kashmir,KATHUA,2005,Kharif,Bajra,308,169.4,0.55
Jammu and Kashmir,KATHUA,2005,Kharif,Cotton(lint),4,2,0.5
Jammu and Kashmir,KATHUA,2005,Kharif,Dry chillies,28,13.3,0.475
Jammu and Kashmir,KATHUA,2005,Kharif,Jowar,1175,293.3,0.249617021
Jammu and Kashmir,KATHUA,2005,Kharif,Maize,19578,38720,1.977730105
Jammu and Kashmir,KATHUA,2005,Kharif,Moong(Green Gram),6,3.4,0.566666667
Jammu and Kashmir,KATHUA,2005,Kharif,Other Kharif pulses,2,1.1,0.55
Jammu and Kashmir,KATHUA,2005,Kharif,Potato,124,362.6,2.924193548
Jammu and Kashmir,KATHUA,2005,Kharif,Rapeseed &Mustard,3223,1289.2,0.4
Jammu and Kashmir,KATHUA,2005,Kharif,Rice,30747,51393,1.671480144
Jammu and Kashmir,KATHUA,2005,Kharif,Sannhamp,11,5.5,0.5
Jammu and Kashmir,KATHUA,2005,Kharif,Sugarcane,36,46.8,1.3
Jammu and Kashmir,KATHUA,2005,Kharif,Tobacco,2,0.7,0.35
Jammu and Kashmir,KATHUA,2005,Kharif,Turmeric,3,3,1
Jammu and Kashmir,KATHUA,2005,Kharif,Urad,3921,1180.2,0.300994644
Jammu and Kashmir,KATHUA,2007,Kharif,Bajra,2279,1253.5,0.550021939
Jammu and Kashmir,KATHUA,2007,Kharif,Cotton(lint),2,1,0.5
Jammu and Kashmir,KATHUA,2007,Kharif,Dry chillies,34,16.3,0.479411765
Jammu and Kashmir,KATHUA,2007,Kharif,Dry ginger,4,6.8,1.7
Jammu and Kashmir,KATHUA,2007,Kharif,Groundnut,1,0.5,0.5
Jammu and Kashmir,KATHUA,2007,Kharif,Maize,21305,44170,2.073222248
Jammu and Kashmir,KATHUA,2007,Kharif,Moong(Green Gram),5,2.9,0.58
Jammu and Kashmir,KATHUA,2007,Kharif,Other Kharif pulses,7,26.7,3.814285714
Jammu and Kashmir,KATHUA,2007,Kharif,Potato,135,660.1,4.88962963
Jammu and Kashmir,KATHUA,2007,Kharif,Rice,27573,52647,1.90936786
Jammu and Kashmir,KATHUA,2007,Kharif,Sannhamp,8,4,0.5
Jammu and Kashmir,KATHUA,2007,Kharif,Sesamum,2890,1161.8,0.40200692
Jammu and Kashmir,KATHUA,2007,Kharif,Sugarcane,41,53.3,1.3
Jammu and Kashmir,KATHUA,2007,Kharif,Tobacco,4,1.4,0.35
Jammu and Kashmir,KATHUA,2007,Kharif,Urad,4171,1255.4,0.300982978
Jammu and Kashmir,KATHUA,2007,Rabi,Barley,1615,1421.1,0.87993808
Jammu and Kashmir,KATHUA,2007,Rabi,Garlic,17,12.5,0.735294118
Jammu and Kashmir,KATHUA,2007,Rabi,Linseed,93,20.5,0.220430108
Jammu and Kashmir,KATHUA,2007,Rabi,Masoor,92,38.3,0.416304348
Jammu and Kashmir,KATHUA,2007,Rabi,Peas & beans (Pulses),4,2.8,0.7
Jammu and Kashmir,KATHUA,2007,Rabi,Potato,12,302.7,25.225
Jammu and Kashmir,KATHUA,2007,Rabi,Rapeseed &Mustard,2443,584.6,0.239295948
Jammu and Kashmir,KATHUA,2007,Rabi,Wheat,53386,105680,1.979545199
Jammu and Kashmir,KATHUA,2008,Rabi,Barley,1822,1603.2,0.879912184
Jammu and Kashmir,KATHUA,2008,Rabi,Garlic,21,15.4,0.733333333
Jammu and Kashmir,KATHUA,2008,Rabi,Linseed,52,20.2,0.388461538
Jammu and Kashmir,KATHUA,2008,Rabi,Other  Rabi pulses,339,141.1,0.416224189
Jammu and Kashmir,KATHUA,2008,Rabi,Peas & beans (Pulses),79,55.3,0.7
Jammu and Kashmir,KATHUA,2008,Rabi,Potato,11,267.2,24.29090909
Jammu and Kashmir,KATHUA,2008,Rabi,Rapeseed &Mustard,2865,473.4,0.165235602
Jammu and Kashmir,KATHUA,2008,Rabi,Wheat,55982,91120,1.627666036
Jammu and Kashmir,KATHUA,2013,Rabi,Barley,1882,1656.6,0.880233794
Jammu and Kashmir,KATHUA,2013,Rabi,Garlic,29,21.6,0.744827586
Jammu and Kashmir,KATHUA,2013,Rabi,Gram,65,35.8,0.550769231
Jammu and Kashmir,KATHUA,2013,Rabi,Linseed,51,12.1,0.237254902
Jammu and Kashmir,KATHUA,2013,Rabi,Moong(Green Gram),56,67.2,1.2
Jammu and Kashmir,KATHUA,2013,Rabi,Peas & beans (Pulses),6,4.2,0.7
Jammu and Kashmir,KATHUA,2013,Rabi,Potato,9,162.5,18.05555556
Jammu and Kashmir,KATHUA,2013,Rabi,Rapeseed &Mustard,2820,1652.9,0.586134752
Jammu and Kashmir,KATHUA,2013,Rabi,Wheat,52493,80662,1.536623931
Jammu and Kashmir,KATHUA,2014,Kharif,Bajra,1533,843.2,0.550032616
Jammu and Kashmir,KATHUA,2014,Kharif,Dry chillies,44,21.3,0.484090909
Jammu and Kashmir,KATHUA,2014,Kharif,Dry ginger,8,13.6,1.7
Jammu and Kashmir,KATHUA,2014,Kharif,Maize,18852,27663,1.467377467
Jammu and Kashmir,KATHUA,2014,Kharif,Other Cereals & Millets,1,0.5,0.5
Jammu and Kashmir,KATHUA,2014,Kharif,Potato,136,482.6,3.548529412
Jammu and Kashmir,KATHUA,2014,Kharif,Rice,33206,51180,1.541287719
Jammu and Kashmir,KATHUA,2014,Kharif,Sannhamp,2,1,0.5
Jammu and Kashmir,KATHUA,2014,Kharif,Sesamum,1607,646.2,0.402115744
Jammu and Kashmir,KATHUA,2014,Kharif,Tobacco,1,0.4,0.4
Jammu and Kashmir,KATHUA,2014,Kharif,Turmeric,4,4,1
Jammu and Kashmir,KATHUA,2014,Kharif,Urad,3681,1107.9,0.300977995
Jammu and Kashmir,KISHTWAR,2007,Kharif,Barley,16,4.2,0.2625
Jammu and Kashmir,KISHTWAR,2007,Kharif,Maize,11962,13650,1.141113526
Jammu and Kashmir,KISHTWAR,2007,Kharif,Moong(Green Gram),2,0.9,0.45
Jammu and Kashmir,KISHTWAR,2007,Kharif,Other Kharif pulses,11,5.8,0.527272727
Jammu and Kashmir,KISHTWAR,2007,Kharif,Potato,5,13.2,2.64
Jammu and Kashmir,KISHTWAR,2007,Kharif,Rice,943,887,0.940615058
Jammu and Kashmir,KISHTWAR,2007,Kharif,Urad,804,337.7,0.420024876
Jammu and Kashmir,KISHTWAR,2007,Kharif,Wheat,20,2.4,0.12
Jammu and Kashmir,KISHTWAR,2007,Rabi,Barley,2268,728,0.320987654
Jammu and Kashmir,KISHTWAR,2007,Rabi,Onion,2,5.1,2.55
Jammu and Kashmir,KISHTWAR,2007,Rabi,Other  Rabi pulses,23,11.5,0.5
Jammu and Kashmir,KISHTWAR,2007,Rabi,Peas & beans (Pulses),8,4.8,0.6
Jammu and Kashmir,KISHTWAR,2007,Rabi,Rapeseed &Mustard,45,20.6,0.457777778
Jammu and Kashmir,KISHTWAR,2007,Rabi,Wheat,2985,4200,1.407035176
Jammu and Kashmir,KISHTWAR,2008,Rabi,Barley,2165,695,0.321016166
Jammu and Kashmir,KISHTWAR,2008,Rabi,Masoor,67,29.6,0.441791045
Jammu and Kashmir,KISHTWAR,2008,Rabi,Onion,6,15.3,2.55
Jammu and Kashmir,KISHTWAR,2008,Rabi,Peas & beans (Pulses),22,13.2,0.6
Jammu and Kashmir,KISHTWAR,2008,Rabi,Rapeseed &Mustard,83,50.8,0.612048193
Jammu and Kashmir,KISHTWAR,2008,Rabi,Wheat,2579,2160,0.837533928
Jammu and Kashmir,KISHTWAR,2013,Rabi,Barley,2340,751.5,0.321153846
Jammu and Kashmir,KISHTWAR,2013,Rabi,Peas & beans (Pulses),2,1.1,0.55
Jammu and Kashmir,KISHTWAR,2013,Rabi,Rapeseed &Mustard,9,6.2,0.688888889
Jammu and Kashmir,KISHTWAR,2013,Rabi,Wheat,3416,4226,1.237119438
Jammu and Kashmir,KISHTWAR,2014,Kharif,Barley,27,9.5,0.351851852
Jammu and Kashmir,KISHTWAR,2014,Kharif,Maize,12582,6217,0.494118582
Jammu and Kashmir,KISHTWAR,2014,Kharif,Peas & beans (Pulses),45,20.3,0.451111111
Jammu and Kashmir,KISHTWAR,2014,Kharif,Potato,106,1166.2,11.00188679
Jammu and Kashmir,KISHTWAR,2014,Kharif,Rice,1196,144,0.120401338
Jammu and Kashmir,KISHTWAR,2014,Kharif,Urad,675,287.3,0.42562963
Jammu and Kashmir,KULGAM,2007,Kharif,Dry chillies,26,30.8,1.184615385
Jammu and Kashmir,KULGAM,2007,Kharif,Maize,4928,7430,1.507711039
Jammu and Kashmir,KULGAM,2007,Kharif,Moong(Green Gram),195,100.5,0.515384615
Jammu and Kashmir,KULGAM,2007,Kharif,Onion,62,55.8,0.9
Jammu and Kashmir,KULGAM,2007,Kharif,Other Cereals & Millets,3,0.5,0.166666667
Jammu and Kashmir,KULGAM,2007,Kharif,Other Kharif pulses,410,215.2,0.524878049
Jammu and Kashmir,KULGAM,2007,Kharif,Potato,112,218.1,1.947321429
Jammu and Kashmir,KULGAM,2007,Kharif,Rice,17961,46447,2.585991871
Jammu and Kashmir,KULGAM,2007,Rabi,Onion,20,47,2.35
Jammu and Kashmir,KULGAM,2007,Rabi,Peas & beans (Pulses),35,24.5,0.7
Jammu and Kashmir,KULGAM,2007,Rabi,Potato,13,151.9,11.68461538
Jammu and Kashmir,KULGAM,2007,Rabi,Rapeseed &Mustard,3933,3102.2,0.788761759
Jammu and Kashmir,KULGAM,2007,Rabi,Wheat,13,10,0.769230769
Jammu and Kashmir,KULGAM,2008,Rabi,Onion,30,70.5,2.35
Jammu and Kashmir,KULGAM,2008,Rabi,Peas & beans (Pulses),15,10.5,0.7
Jammu and Kashmir,KULGAM,2008,Rabi,Potato,36,204.5,5.680555556
Jammu and Kashmir,KULGAM,2008,Rabi,Rapeseed &Mustard,4165,3763.6,0.90362545
Jammu and Kashmir,KULGAM,2013,Rabi,Onion,73,172.1,2.357534247
Jammu and Kashmir,KULGAM,2013,Rabi,Peas & beans (Pulses),36,25.4,0.705555556
Jammu and Kashmir,KULGAM,2013,Rabi,Potato,36,403.5,11.20833333
Jammu and Kashmir,KULGAM,2013,Rabi,Rapeseed &Mustard,4655,3275.7,0.703694952
Jammu and Kashmir,KULGAM,2014,Kharif,Maize,3247,1022,0.314752079
Jammu and Kashmir,KULGAM,2014,Kharif,Moong(Green Gram),77,39.7,0.515584416
Jammu and Kashmir,KULGAM,2014,Kharif,Rice,18344,18025,0.982610118
Jammu and Kashmir,KULGAM,2014,Kharif,Urad,111,3.8,0.034234234
Jammu and Kashmir,KUPWARA,1997,Kharif,Maize,21774,12100,0.555708643
Jammu and Kashmir,KUPWARA,1997,Kharif,Rice,17337,224,0.012920344
Jammu and Kashmir,KUPWARA,1999,Kharif,Maize,23651,4510,0.190689611
Jammu and Kashmir,KUPWARA,1999,Kharif,Rice,9918,4037.9,0.407128453
Jammu and Kashmir,KUPWARA,2000,Kharif,Maize,24096,18050,0.749086985
Jammu and Kashmir,KUPWARA,2000,Kharif,Rice,11255,12414,1.102976455
Jammu and Kashmir,KUPWARA,2000,Rabi,Rapeseed &Mustard,2582,1012,0.391944229
Jammu and Kashmir,KUPWARA,2000,Rabi,Wheat,130,130,1
Jammu and Kashmir,KUPWARA,2001,Kharif,Maize,23788,17670,0.742811502
Jammu and Kashmir,KUPWARA,2001,Kharif,Rice,11784,19275,1.635692464
Jammu and Kashmir,KUPWARA,2001,Rabi,Rapeseed &Mustard,21,11,0.523809524
Jammu and Kashmir,KUPWARA,2001,Rabi,Wheat,99,130,1.313131313
Jammu and Kashmir,KUPWARA,2001,Whole Year,Potato,46,421,9.152173913
Jammu and Kashmir,KUPWARA,2002,Kharif,Maize,23788,20910,0.879014629
Jammu and Kashmir,KUPWARA,2002,Kharif,Other Kharif pulses,853,448,0.525205158
Jammu and Kashmir,KUPWARA,2002,Kharif,Rice,11784,19289,1.636880516
Jammu and Kashmir,KUPWARA,2002,Rabi,Rapeseed &Mustard,20,14,0.7
Jammu and Kashmir,KUPWARA,2002,Rabi,Wheat,108,140,1.296296296
Jammu and Kashmir,KUPWARA,2002,Whole Year,Other Fresh Fruits,7964,0,0
Jammu and Kashmir,KUPWARA,2002,Whole Year,Other Vegetables,791,530,0.670037927
Jammu and Kashmir,KUPWARA,2002,Whole Year,Potato,46,452,9.826086957
Jammu and Kashmir,KUPWARA,2003,Kharif,Maize,23741,21550,0.907712396
Jammu and Kashmir,KUPWARA,2003,Kharif,Other Kharif pulses,858,450,0.524475524
Jammu and Kashmir,KUPWARA,2003,Kharif,Rice,11806,18855,1.597069287
Jammu and Kashmir,KUPWARA,2003,Kharif,Small millets,87,52,0.597701149
Jammu and Kashmir,KUPWARA,2003,Rabi,Rapeseed &Mustard,33,14,0.424242424
Jammu and Kashmir,KUPWARA,2003,Rabi,Wheat,36,40,1.111111111
Jammu and Kashmir,KUPWARA,2003,Whole Year,Other Fresh Fruits,7971,0,0
Jammu and Kashmir,KUPWARA,2003,Whole Year,Other Vegetables,799,537,0.672090113
Jammu and Kashmir,KUPWARA,2003,Whole Year,Potato,46,565,12.2826087
Jammu and Kashmir,KUPWARA,2004,Kharif,Maize,23533,23400,0.994348362
Jammu and Kashmir,KUPWARA,2004,Kharif,Other Kharif pulses,858,450,0.524475524
Jammu and Kashmir,KUPWARA,2004,Kharif,Rice,12013,17800,1.481728128
Jammu and Kashmir,KUPWARA,2005,Kharif,Maize,25288,29610,1.170911104
Jammu and Kashmir,KUPWARA,2005,Kharif,Other Kharif pulses,511,268.2,0.524853229
Jammu and Kashmir,KUPWARA,2005,Kharif,Potato,7,8.3,1.185714286
Jammu and Kashmir,KUPWARA,2005,Kharif,Rice,13867,22120,1.595153963
Jammu and Kashmir,KUPWARA,2007,Kharif,Maize,24730,23064,0.93263243
Jammu and Kashmir,KUPWARA,2007,Kharif,Other Kharif pulses,511,268.2,0.524853229
Jammu and Kashmir,KUPWARA,2007,Kharif,Potato,7,63.5,9.071428571
Jammu and Kashmir,KUPWARA,2007,Kharif,Rice,15241,24100,1.581261072
Jammu and Kashmir,KUPWARA,2014,Kharif,Maize,18088,15587,0.861731535
Jammu and Kashmir,KUPWARA,2014,Kharif,Potato,187,1984.1,10.61016043
Jammu and Kashmir,KUPWARA,2014,Kharif,Rice,17680,18307,1.035463801
Jammu and Kashmir,LEH LADAKH,1997,Rabi,Wheat,3725,2920,0.783892617
Jammu and Kashmir,LEH LADAKH,1999,Rabi,Barley,155,137.6,0.887741935
Jammu and Kashmir,LEH LADAKH,1999,Rabi,Gram,4822,2748.4,0.569970966
Jammu and Kashmir,LEH LADAKH,1999,Rabi,Rapeseed &Mustard,21,15.8,0.752380952
Jammu and Kashmir,LEH LADAKH,2000,Rabi,Barley,162,143,0.882716049
Jammu and Kashmir,LEH LADAKH,2000,Rabi,Gram,4772,2719,0.569782062
Jammu and Kashmir,LEH LADAKH,2000,Rabi,Rapeseed &Mustard,70,49,0.7
Jammu and Kashmir,LEH LADAKH,2000,Rabi,Wheat,2550,2260,0.88627451
Jammu and Kashmir,LEH LADAKH,2000,Whole Year,Onion,8,5,0.625
Jammu and Kashmir,LEH LADAKH,2001,Rabi,Barley,159,138,0.867924528
Jammu and Kashmir,LEH LADAKH,2001,Rabi,Masoor,5,2,0.4
Jammu and Kashmir,LEH LADAKH,2001,Rabi,Peas & beans (Pulses),192,94,0.489583333
Jammu and Kashmir,LEH LADAKH,2001,Rabi,Rapeseed &Mustard,73,75,1.02739726
Jammu and Kashmir,LEH LADAKH,2001,Rabi,Wheat,2604,2310,0.887096774
Jammu and Kashmir,LEH LADAKH,2001,Whole Year,Onion,8,5,0.625
Jammu and Kashmir,LEH LADAKH,2001,Whole Year,Potato,57,532,9.333333333
Jammu and Kashmir,LEH LADAKH,2002,Kharif,Small millets,3,1,0.333333333
Jammu and Kashmir,LEH LADAKH,2002,Rabi,Barley,159,138,0.867924528
Jammu and Kashmir,LEH LADAKH,2002,Rabi,Masoor,5,2,0.4
Jammu and Kashmir,LEH LADAKH,2002,Rabi,Other  Rabi pulses,73,16,0.219178082
Jammu and Kashmir,LEH LADAKH,2002,Rabi,Peas & beans (Pulses),192,94,0.489583333
Jammu and Kashmir,LEH LADAKH,2002,Rabi,Rapeseed &Mustard,73,75,1.02739726
Jammu and Kashmir,LEH LADAKH,2002,Rabi,Wheat,2604,2310,0.887096774
Jammu and Kashmir,LEH LADAKH,2002,Whole Year,Carrot,15,14,0.933333333
Jammu and Kashmir,LEH LADAKH,2002,Whole Year,Onion,8,5,0.625
Jammu and Kashmir,LEH LADAKH,2002,Whole Year,Other Fresh Fruits,100,0,0
Jammu and Kashmir,LEH LADAKH,2002,Whole Year,Other Vegetables,139,103,0.741007194
Jammu and Kashmir,LEH LADAKH,2002,Whole Year,Potato,57,532,9.333333333
Jammu and Kashmir,LEH LADAKH,2002,Whole Year,Turnip,20,16,0.8
Jammu and Kashmir,LEH LADAKH,2003,Kharif,Small millets,4721,2699,0.571700911
Jammu and Kashmir,LEH LADAKH,2003,Rabi,Barley,132,115,0.871212121
Jammu and Kashmir,LEH LADAKH,2003,Rabi,Linseed,1,1,1
Jammu and Kashmir,LEH LADAKH,2003,Rabi,Masoor,4,2,0.5
Jammu and Kashmir,LEH LADAKH,2003,Rabi,Peas & beans (Pulses),180,89,0.494444444
Jammu and Kashmir,LEH LADAKH,2003,Rabi,Rapeseed &Mustard,72,74,1.027777778
Jammu and Kashmir,LEH LADAKH,2003,Rabi,Wheat,2894,2570,0.888044229
Jammu and Kashmir,LEH LADAKH,2003,Whole Year,Carrot,9,8,0.888888889
Jammu and Kashmir,LEH LADAKH,2003,Whole Year,Onion,9,6,0.666666667
Jammu and Kashmir,LEH LADAKH,2003,Whole Year,Other Fresh Fruits,85,0,0
Jammu and Kashmir,LEH LADAKH,2003,Whole Year,Other Vegetables,134,100,0.746268657
Jammu and Kashmir,LEH LADAKH,2003,Whole Year,Potato,56,523,9.339285714
Jammu and Kashmir,LEH LADAKH,2003,Whole Year,Turnip,38,30,0.789473684
Jammu and Kashmir,LEH LADAKH,2004,Rabi,Barley,76,66,0.868421053
Jammu and Kashmir,LEH LADAKH,2004,Rabi,Other  Rabi pulses,11,4,0.363636364
Jammu and Kashmir,LEH LADAKH,2004,Rabi,Peas & beans (Pulses),194,96,0.494845361
Jammu and Kashmir,LEH LADAKH,2004,Rabi,Wheat,2977,2640,0.886798791
Jammu and Kashmir,LEH LADAKH,2005,Kharif,Other Cereals & Millets,4,0.7,0.175
Jammu and Kashmir,LEH LADAKH,2007,Kharif,Other Cereals & Millets,3,0.5,0.166666667
Jammu and Kashmir,LEH LADAKH,2007,Rabi,Barley,144,125.2,0.869444444
Jammu and Kashmir,LEH LADAKH,2007,Rabi,Masoor,5,2,0.4
Jammu and Kashmir,LEH LADAKH,2007,Rabi,Onion,5,3.3,0.66
Jammu and Kashmir,LEH LADAKH,2007,Rabi,Peas & beans (Pulses),185,91.2,0.492972973
Jammu and Kashmir,LEH LADAKH,2007,Rabi,Potato,57,532.1,9.335087719
Jammu and Kashmir,LEH LADAKH,2007,Rabi,Rapeseed &Mustard,74,81.9,1.106756757
Jammu and Kashmir,LEH LADAKH,2007,Rabi,Wheat,3110,2760,0.887459807
Jammu and Kashmir,LEH LADAKH,2008,Rabi,Barley,94,81.7,0.869148936
Jammu and Kashmir,LEH LADAKH,2008,Rabi,Masoor,7,2.8,0.4
Jammu and Kashmir,LEH LADAKH,2008,Rabi,Onion,7,4.6,0.657142857
Jammu and Kashmir,LEH LADAKH,2008,Rabi,Other  Rabi pulses,4,1.6,0.4
Jammu and Kashmir,LEH LADAKH,2008,Rabi,Peas & beans (Pulses),179,88.2,0.49273743
Jammu and Kashmir,LEH LADAKH,2008,Rabi,Potato,120,1120,9.333333333
Jammu and Kashmir,LEH LADAKH,2008,Rabi,Rapeseed &Mustard,74,83.3,1.125675676
Jammu and Kashmir,LEH LADAKH,2008,Rabi,Wheat,2676,2370,0.885650224
Jammu and Kashmir,LEH LADAKH,2013,Rabi,Barley,4,3.6,0.9
Jammu and Kashmir,LEH LADAKH,2013,Rabi,Other  Rabi pulses,34,44.2,1.3
Jammu and Kashmir,LEH LADAKH,2013,Rabi,Peas & beans (Pulses),216,168.4,0.77962963
Jammu and Kashmir,LEH LADAKH,2013,Rabi,Potato,137,1278.1,9.32919708
Jammu and Kashmir,LEH LADAKH,2013,Rabi,Rapeseed &Mustard,86,97.3,1.131395349
Jammu and Kashmir,LEH LADAKH,2013,Rabi,Wheat,1092,1010,0.924908425
Jammu and Kashmir,LEH LADAKH,2014,Kharif,Other Cereals & Millets,11,9.4,0.854545455
Jammu and Kashmir,LEH LADAKH,2014,Kharif,Potato,2,18.6,9.3
Jammu and Kashmir,POONCH,1997,Kharif,Maize,23674,46200,1.951507983
Jammu and Kashmir,POONCH,1997,Kharif,Rice,3598,46,0.01278488
Jammu and Kashmir,POONCH,1997,Rabi,Wheat,11551,21230,1.837936109
Jammu and Kashmir,POONCH,1999,Kharif,Cond-spcs other,125,146.8,1.1744
Jammu and Kashmir,POONCH,1999,Kharif,Maize,23781,79880,3.358984063
Jammu and Kashmir,POONCH,1999,Kharif,Rice,3610,6861.1,1.900581717
Jammu and Kashmir,POONCH,1999,Rabi,Cond-spcs other,173,194.5,1.124277457
Jammu and Kashmir,POONCH,1999,Rabi,Linseed,4,1.8,0.45
Jammu and Kashmir,POONCH,1999,Rabi,Rapeseed &Mustard,632,62.2,0.098417722
Jammu and Kashmir,POONCH,2000,Kharif,Maize,23681,67860,2.865588446
Jammu and Kashmir,POONCH,2000,Kharif,Rice,3598,6273.7,1.743663146
Jammu and Kashmir,POONCH,2000,Rabi,Rapeseed &Mustard,1345,105,0.078066914
Jammu and Kashmir,POONCH,2000,Rabi,Wheat,14639,4800,0.327891249
Jammu and Kashmir,POONCH,2000,Whole Year,Dry chillies,102,120,1.176470588
Jammu and Kashmir,POONCH,2000,Whole Year,Garlic,58,50,0.862068966
Jammu and Kashmir,POONCH,2000,Whole Year,Sannhamp,4,2,0.5
Jammu and Kashmir,POONCH,2001,Kharif,Maize,23874,58580,2.453715339
Jammu and Kashmir,POONCH,2001,Kharif,Rice,3462,5412,1.563258232
Jammu and Kashmir,POONCH,2001,Kharif,Urad,15,8,0.533333333
Jammu and Kashmir,POONCH,2001,Rabi,Linseed,1,1,1
Jammu and Kashmir,POONCH,2001,Rabi,Rapeseed &Mustard,877,514,0.58608894
Jammu and Kashmir,POONCH,2001,Rabi,Wheat,16593,27990,1.686855903
Jammu and Kashmir,POONCH,2001,Whole Year,Potato,6,24,4
Jammu and Kashmir,POONCH,2001,Whole Year,Sannhamp,4,2,0.5
Jammu and Kashmir,POONCH,2002,Kharif,Maize,23909,59820,2.5019867
Jammu and Kashmir,POONCH,2002,Kharif,Other Kharif pulses,36,18,0.5
Jammu and Kashmir,POONCH,2002,Kharif,Rice,3440,5126,1.490116279
Jammu and Kashmir,POONCH,2002,Kharif,Urad,15,8,0.533333333
Jammu and Kashmir,POONCH,2002,Rabi,Linseed,1,0.1,0.1
Jammu and Kashmir,POONCH,2002,Rabi,Rapeseed &Mustard,983,433,0.440488301
Jammu and Kashmir,POONCH,2002,Rabi,Wheat,15390,21950,1.426250812
Jammu and Kashmir,POONCH,2002,Whole Year,Other Fresh Fruits,6,0,0
Jammu and Kashmir,POONCH,2002,Whole Year,Other Vegetables,16,19,1.1875
Jammu and Kashmir,POONCH,2002,Whole Year,Potato,10,65,6.5
Jammu and Kashmir,POONCH,2003,Kharif,Maize,24020,46810,1.948792673
Jammu and Kashmir,POONCH,2003,Kharif,Other Kharif pulses,2,1,0.5
Jammu and Kashmir,POONCH,2003,Kharif,Rice,3213,5319,1.655462185
Jammu and Kashmir,POONCH,2003,Kharif,Urad,34,17,0.5
Jammu and Kashmir,POONCH,2003,Rabi,Linseed,2,0.1,0.05
Jammu and Kashmir,POONCH,2003,Rabi,Rapeseed &Mustard,1111,180,0.162016202
Jammu and Kashmir,POONCH,2003,Rabi,Wheat,15175,22260,1.466886326
Jammu and Kashmir,POONCH,2003,Whole Year,Other Fresh Fruits,4,0,0
Jammu and Kashmir,POONCH,2003,Whole Year,Other Vegetables,22,27,1.227272727
Jammu and Kashmir,POONCH,2003,Whole Year,Potato,30,465,15.5
Jammu and Kashmir,POONCH,2003,Whole Year,Sannhamp,2,0.1,0.05
Jammu and Kashmir,POONCH,2004,Kharif,Maize,23621,50860,2.15316879
Jammu and Kashmir,POONCH,2004,Kharif,Other Kharif pulses,2,1,0.5
Jammu and Kashmir,POONCH,2004,Kharif,Rice,3562,5225,1.466872544
Jammu and Kashmir,POONCH,2004,Kharif,Urad,25,15,0.6
Jammu and Kashmir,POONCH,2004,Rabi,Wheat,15068,23400,1.552959915
Jammu and Kashmir,POONCH,2005,Kharif,Dry chillies,75,86.7,1.156
Jammu and Kashmir,POONCH,2005,Kharif,Maize,23728,47550,2.003961564
Jammu and Kashmir,POONCH,2005,Kharif,Potato,12,25.4,2.116666667
Jammu and Kashmir,POONCH,2005,Kharif,Rice,3584,5367,1.497488839
Jammu and Kashmir,POONCH,2005,Kharif,Urad,27,13.5,0.5
Jammu and Kashmir,POONCH,2007,Kharif,Dry chillies,100,115.6,1.156
Jammu and Kashmir,POONCH,2007,Kharif,Maize,23712,42520,1.793184885
Jammu and Kashmir,POONCH,2007,Kharif,Potato,12,47.2,3.933333333
Jammu and Kashmir,POONCH,2007,Kharif,Rice,3669,6680,1.82065958
Jammu and Kashmir,POONCH,2007,Kharif,Urad,10,5,0.5
Jammu and Kashmir,POONCH,2007,Rabi,Garlic,117,100.8,0.861538462
Jammu and Kashmir,POONCH,2007,Rabi,Rapeseed &Mustard,788,347.9,0.441497462
Jammu and Kashmir,POONCH,2007,Rabi,Wheat,14914,21000,1.408072952
Jammu and Kashmir,POONCH,2008,Rabi,Garlic,120,103.4,0.861666667
Jammu and Kashmir,POONCH,2008,Rabi,Rapeseed &Mustard,691,216.1,0.312735166
Jammu and Kashmir,POONCH,2008,Rabi,Wheat,14946,24780,1.657968687
Jammu and Kashmir,POONCH,2013,Rabi,Garlic,122,105.2,0.862295082
Jammu and Kashmir,POONCH,2013,Rabi,Rapeseed &Mustard,452,431.2,0.953982301
Jammu and Kashmir,POONCH,2013,Rabi,Wheat,14970,19244,1.285504342
Jammu and Kashmir,POONCH,2014,Kharif,Dry chillies,93,99.4,1.068817204
Jammu and Kashmir,POONCH,2014,Kharif,Maize,23827,37050,1.55495866
Jammu and Kashmir,POONCH,2014,Kharif,Potato,1,5.2,5.2
Jammu and Kashmir,POONCH,2014,Kharif,Rice,3349,4346,1.297700806
Jammu and Kashmir,PULWAMA,1997,Kharif,Maize,9620,9900,1.029106029
Jammu and Kashmir,PULWAMA,1997,Kharif,Rice,26296,654,0.024870703
Jammu and Kashmir,PULWAMA,1997,Rabi,Wheat,449,400,0.890868597
Jammu and Kashmir,PULWAMA,1999,Kharif,Cond-spcs other,117,21,0.179487179
Jammu and Kashmir,PULWAMA,1999,Kharif,Maize,10724,6600,0.615441999
Jammu and Kashmir,PULWAMA,1999,Kharif,Rice,24563,53033.2,2.159068518
Jammu and Kashmir,PULWAMA,1999,Rabi,Cond-spcs other,130,78,0.6
Jammu and Kashmir,PULWAMA,1999,Rabi,Linseed,157,82,0.522292994
Jammu and Kashmir,PULWAMA,1999,Rabi,Rapeseed &Mustard,18597,13433.2,0.722331559
Jammu and Kashmir,PULWAMA,2000,Kharif,Maize,11581,9210,0.795268112
Jammu and Kashmir,PULWAMA,2000,Kharif,Rice,23330,29299.7,1.25588084
Jammu and Kashmir,PULWAMA,2000,Rabi,Linseed,34,20,0.588235294
Jammu and Kashmir,PULWAMA,2000,Rabi,Rapeseed &Mustard,19384,6990,0.360606686
Jammu and Kashmir,PULWAMA,2000,Rabi,Wheat,524,870,1.660305344
Jammu and Kashmir,PULWAMA,2000,Whole Year,Dry chillies,433,510,1.177829099
Jammu and Kashmir,PULWAMA,2000,Whole Year,Onion,137,339,2.474452555
Jammu and Kashmir,PULWAMA,2001,Kharif,Maize,12564,10970,0.873129577
Jammu and Kashmir,PULWAMA,2001,Kharif,Moong(Green Gram),93,38,0.408602151
Jammu and Kashmir,PULWAMA,2001,Kharif,Rice,22359,42734,1.911266157
Jammu and Kashmir,PULWAMA,2001,Kharif,Urad,54,29,0.537037037
Jammu and Kashmir,PULWAMA,2001,Rabi,Linseed,110,118,1.072727273
Jammu and Kashmir,PULWAMA,2001,Rabi,Masoor,37,18,0.486486486
Jammu and Kashmir,PULWAMA,2001,Rabi,Peas & beans (Pulses),88,61,0.693181818
Jammu and Kashmir,PULWAMA,2001,Rabi,Rapeseed &Mustard,18775,9323,0.496564581
Jammu and Kashmir,PULWAMA,2001,Rabi,Wheat,828,580,0.700483092
Jammu and Kashmir,PULWAMA,2001,Whole Year,Onion,138,341,2.471014493
Jammu and Kashmir,PULWAMA,2001,Whole Year,Potato,246,2879,11.70325203
Jammu and Kashmir,PULWAMA,2002,Kharif,Maize,12559,9760,0.777131937
Jammu and Kashmir,PULWAMA,2002,Kharif,Moong(Green Gram),444,180,0.405405405
Jammu and Kashmir,PULWAMA,2002,Kharif,Other Kharif pulses,961,313,0.325702393
Jammu and Kashmir,PULWAMA,2002,Kharif,Rice,22328,38470,1.722948764
Jammu and Kashmir,PULWAMA,2002,Kharif,Urad,423,226,0.53427896
Jammu and Kashmir,PULWAMA,2002,Rabi,Linseed,42,47,1.119047619
Jammu and Kashmir,PULWAMA,2002,Rabi,Masoor,67,34,0.507462687
Jammu and Kashmir,PULWAMA,2002,Rabi,Peas & beans (Pulses),317,222,0.700315457
Jammu and Kashmir,PULWAMA,2002,Rabi,Rapeseed &Mustard,18444,6000,0.325309044
Jammu and Kashmir,PULWAMA,2002,Rabi,Wheat,456,630,1.381578947
Jammu and Kashmir,PULWAMA,2002,Whole Year,Onion,128,316,2.46875
Jammu and Kashmir,PULWAMA,2002,Whole Year,Other Fresh Fruits,16347,0,0
Jammu and Kashmir,PULWAMA,2002,Whole Year,Other Vegetables,1813,1532,0.845008274
Jammu and Kashmir,PULWAMA,2002,Whole Year,Potato,145,1789,12.33793103
Jammu and Kashmir,PULWAMA,2003,Kharif,Maize,10073,12270,1.218107813
Jammu and Kashmir,PULWAMA,2003,Kharif,Moong(Green Gram),84,34,0.404761905
Jammu and Kashmir,PULWAMA,2003,Kharif,Rice,25017,50737,2.028100891
Jammu and Kashmir,PULWAMA,2003,Kharif,Urad,31,17,0.548387097
Jammu and Kashmir,PULWAMA,2003,Rabi,Linseed,52,47,0.903846154
Jammu and Kashmir,PULWAMA,2003,Rabi,Masoor,67,34,0.507462687
Jammu and Kashmir,PULWAMA,2003,Rabi,Peas & beans (Pulses),394,275,0.697969543
Jammu and Kashmir,PULWAMA,2003,Rabi,Rapeseed &Mustard,18453,18670,1.011759605
Jammu and Kashmir,PULWAMA,2003,Rabi,Wheat,389,800,2.05655527
Jammu and Kashmir,PULWAMA,2003,Whole Year,Other Fresh Fruits,16513,0,0
Jammu and Kashmir,PULWAMA,2003,Whole Year,Other Vegetables,1972,1711,0.867647059
Jammu and Kashmir,PULWAMA,2003,Whole Year,Potato,409,8379,20.48655257
Jammu and Kashmir,PULWAMA,2004,Kharif,Maize,11650,13600,1.167381974
Jammu and Kashmir,PULWAMA,2004,Kharif,Moong(Green Gram),110,45,0.409090909
Jammu and Kashmir,PULWAMA,2004,Kharif,Rice,23029,60261,2.616744105
Jammu and Kashmir,PULWAMA,2004,Kharif,Urad,15,8,0.533333333
Jammu and Kashmir,PULWAMA,2004,Rabi,Peas & beans (Pulses),456,319,0.699561404
Jammu and Kashmir,PULWAMA,2004,Rabi,Wheat,405,550,1.358024691
Jammu and Kashmir,PULWAMA,2005,Kharif,Dry chillies,286,336.4,1.176223776
Jammu and Kashmir,PULWAMA,2005,Kharif,Maize,10678,7380,0.691140663
Jammu and Kashmir,PULWAMA,2005,Kharif,Moong(Green Gram),180,72.8,0.404444444
Jammu and Kashmir,PULWAMA,2005,Kharif,Other Kharif pulses,72,35.5,0.493055556
Jammu and Kashmir,PULWAMA,2005,Kharif,Potato,100,265,2.65
Jammu and Kashmir,PULWAMA,2005,Kharif,Rice,22864,59487,2.601775717
Jammu and Kashmir,PULWAMA,2007,Kharif,Dry chillies,85,100,1.176470588
Jammu and Kashmir,PULWAMA,2007,Kharif,Maize,5509,5050,0.916681793
Jammu and Kashmir,PULWAMA,2007,Kharif,Moong(Green Gram),90,36.4,0.404444444
Jammu and Kashmir,PULWAMA,2007,Kharif,Onion,20,18,0.9
Jammu and Kashmir,PULWAMA,2007,Kharif,Potato,16,88.4,5.525
Jammu and Kashmir,PULWAMA,2007,Kharif,Rice,16734,46067,2.752898291
Jammu and Kashmir,PULWAMA,2007,Kharif,Urad,18,9.6,0.533333333
Jammu and Kashmir,PULWAMA,2007,Rabi,Linseed,63,60.5,0.96031746
Jammu and Kashmir,PULWAMA,2007,Rabi,Onion,86,202.1,2.35
Jammu and Kashmir,PULWAMA,2007,Rabi,Peas & beans (Pulses),78,54.5,0.698717949
Jammu and Kashmir,PULWAMA,2007,Rabi,Potato,331,4344.3,13.12477341
Jammu and Kashmir,PULWAMA,2007,Rabi,Rapeseed &Mustard,13382,9514.9,0.711022269
Jammu and Kashmir,PULWAMA,2007,Rabi,Wheat,351,640,1.823361823
Jammu and Kashmir,PULWAMA,2008,Rabi,Linseed,55,56.9,1.034545455
Jammu and Kashmir,PULWAMA,2008,Rabi,Onion,92,216.2,2.35
Jammu and Kashmir,PULWAMA,2008,Rabi,Peas & beans (Pulses),31,21.7,0.7
Jammu and Kashmir,PULWAMA,2008,Rabi,Potato,352,2182.3,6.199715909
Jammu and Kashmir,PULWAMA,2008,Rabi,Rapeseed &Mustard,13608,12705.3,0.933664021
Jammu and Kashmir,PULWAMA,2008,Rabi,Wheat,350,360,1.028571429
Jammu and Kashmir,PULWAMA,2013,Rabi,Linseed,65,61.1,0.94
Jammu and Kashmir,PULWAMA,2013,Rabi,Onion,102,239.7,2.35
Jammu and Kashmir,PULWAMA,2013,Rabi,Peas & beans (Pulses),60,42.1,0.701666667
Jammu and Kashmir,PULWAMA,2013,Rabi,Potato,309,2724.6,8.817475728
Jammu and Kashmir,PULWAMA,2013,Rabi,Rapeseed &Mustard,13833,10789.7,0.779997108
Jammu and Kashmir,PULWAMA,2013,Rabi,Wheat,320,505,1.578125
Jammu and Kashmir,PULWAMA,2014,Kharif,Dry chillies,79,4.7,0.059493671
Jammu and Kashmir,PULWAMA,2014,Kharif,Maize,5076,4348,0.856579984
Jammu and Kashmir,PULWAMA,2014,Kharif,Moong(Green Gram),23,46,2
Jammu and Kashmir,PULWAMA,2014,Kharif,Rice,16100,6603,0.410124224
Jammu and Kashmir,RAJAURI,1997,Kharif,Maize,44683,80800,1.808293982
Jammu and Kashmir,RAJAURI,1997,Kharif,Rice,6334,95,0.014998421
Jammu and Kashmir,RAJAURI,1997,Rabi,Wheat,37794,67820,1.79446473
Jammu and Kashmir,RAJAURI,1999,Kharif,Bajra,97,65.4,0.674226804
Jammu and Kashmir,RAJAURI,1999,Kharif,Cond-spcs other,120,78,0.65
Jammu and Kashmir,RAJAURI,1999,Kharif,Maize,44892,116470,2.5944489
Jammu and Kashmir,RAJAURI,1999,Kharif,Rice,6247,10218.2,1.635697135
Jammu and Kashmir,RAJAURI,1999,Kharif,Sesamum,180,89.4,0.496666667
Jammu and Kashmir,RAJAURI,1999,Rabi,Barley,2,1,0.5
Jammu and Kashmir,RAJAURI,1999,Rabi,Cond-spcs other,209,222.5,1.064593301
Jammu and Kashmir,RAJAURI,1999,Rabi,Linseed,14,5.8,0.414285714
Jammu and Kashmir,RAJAURI,1999,Rabi,Rapeseed &Mustard,1732,569,0.32852194
Jammu and Kashmir,RAJAURI,1999,Whole Year,Sugarcane,6,7.2,1.2
Jammu and Kashmir,RAJAURI,2000,Kharif,Bajra,84,56.6,0.673809524
Jammu and Kashmir,RAJAURI,2000,Kharif,Maize,45048,120310,2.670706802
Jammu and Kashmir,RAJAURI,2000,Kharif,Rice,6418,8476.2,1.320691804
Jammu and Kashmir,RAJAURI,2000,Kharif,Sesamum,140,51,0.364285714
Jammu and Kashmir,RAJAURI,2000,Rabi,Rapeseed &Mustard,213,99,0.464788732
Jammu and Kashmir,RAJAURI,2000,Rabi,Wheat,53832,2490,0.046255016
Jammu and Kashmir,RAJAURI,2000,Whole Year,Dry chillies,93,58,0.623655914
Jammu and Kashmir,RAJAURI,2000,Whole Year,Garlic,21,20,0.952380952
Jammu and Kashmir,RAJAURI,2000,Whole Year,Sannhamp,2,1,0.5
Jammu and Kashmir,RAJAURI,2000,Whole Year,Sugarcane,3,4,1.333333333
Jammu and Kashmir,RAJAURI,2000,Whole Year,Turmeric,2,2,1
Jammu and Kashmir,RAJAURI,2001,Kharif,Bajra,194,130,0.670103093
Jammu and Kashmir,RAJAURI,2001,Kharif,Cotton(lint),10,5,0.5
Jammu and Kashmir,RAJAURI,2001,Kharif,Horse-gram,13,7,0.538461538
Jammu and Kashmir,RAJAURI,2001,Kharif,Jowar,2,1,0.5
Jammu and Kashmir,RAJAURI,2001,Kharif,Maize,46264,136310,2.946351375
Jammu and Kashmir,RAJAURI,2001,Kharif,Rice,5609,10692,1.906222143
Jammu and Kashmir,RAJAURI,2001,Kharif,Sesamum,112,41,0.366071429
Jammu and Kashmir,RAJAURI,2001,Kharif,Urad,519,255,0.49132948
Jammu and Kashmir,RAJAURI,2001,Rabi,Gram,16,9,0.5625
Jammu and Kashmir,RAJAURI,2001,Rabi,Linseed,6,3,0.5
Jammu and Kashmir,RAJAURI,2001,Rabi,Peas & beans (Pulses),7,4,0.571428571
Jammu and Kashmir,RAJAURI,2001,Rabi,Rapeseed &Mustard,1842,638,0.346362649
Jammu and Kashmir,RAJAURI,2001,Rabi,Wheat,40972,42280,1.031924241
Jammu and Kashmir,RAJAURI,2001,Whole Year,Sannhamp,15,7,0.466666667
Jammu and Kashmir,RAJAURI,2001,Whole Year,Sugarcane,4,5,1.25
Jammu and Kashmir,RAJAURI,2002,Kharif,Bajra,196,132,0.673469388
Jammu and Kashmir,RAJAURI,2002,Kharif,Cotton(lint),6,3,0.5
Jammu and Kashmir,RAJAURI,2002,Kharif,Maize,45759,118470,2.588998885
Jammu and Kashmir,RAJAURI,2002,Kharif,Other Kharif pulses,40,21,0.525
Jammu and Kashmir,RAJAURI,2002,Kharif,Rice,6100,11647,1.909344262
Jammu and Kashmir,RAJAURI,2002,Kharif,Sesamum,111,40,0.36036036
Jammu and Kashmir,RAJAURI,2002,Kharif,Urad,518,259,0.5
Jammu and Kashmir,RAJAURI,2002,Rabi,Barley,1,0.1,0.1
Jammu and Kashmir,RAJAURI,2002,Rabi,Gram,11,7,0.636363636
Jammu and Kashmir,RAJAURI,2002,Rabi,Linseed,8,2,0.25
Jammu and Kashmir,RAJAURI,2002,Rabi,Other  Rabi pulses,1,1,1
Jammu and Kashmir,RAJAURI,2002,Rabi,Peas & beans (Pulses),15,11,0.733333333
Jammu and Kashmir,RAJAURI,2002,Rabi,Rapeseed &Mustard,1697,729,0.429581615
Jammu and Kashmir,RAJAURI,2002,Rabi,Wheat,39073,61030,1.561948148
Jammu and Kashmir,RAJAURI,2002,Whole Year,Other Vegetables,39,44,1.128205128
Jammu and Kashmir,RAJAURI,2002,Whole Year,Potato,9,48,5.333333333
Jammu and Kashmir,RAJAURI,2002,Whole Year,Sugarcane,4,6,1.5
Jammu and Kashmir,RAJAURI,2003,Kharif,Bajra,248,167,0.673387097
Jammu and Kashmir,RAJAURI,2003,Kharif,Cotton(lint),3,1,0.333333333
Jammu and Kashmir,RAJAURI,2003,Kharif,Maize,43905,95030,2.164445963
Jammu and Kashmir,RAJAURI,2003,Kharif,Other Kharif pulses,25,13,0.52
Jammu and Kashmir,RAJAURI,2003,Kharif,Rice,8493,14603,1.71941599
Jammu and Kashmir,RAJAURI,2003,Kharif,Sesamum,106,38,0.358490566
Jammu and Kashmir,RAJAURI,2003,Kharif,Urad,446,223,0.5
Jammu and Kashmir,RAJAURI,2003,Rabi,Barley,2,6,3
Jammu and Kashmir,RAJAURI,2003,Rabi,Gram,5,4,0.8
Jammu and Kashmir,RAJAURI,2003,Rabi,Linseed,6,2,0.333333333
Jammu and Kashmir,RAJAURI,2003,Rabi,Peas & beans (Pulses),5,4,0.8
Jammu and Kashmir,RAJAURI,2003,Rabi,Rapeseed &Mustard,1711,491,0.286966686
Jammu and Kashmir,RAJAURI,2003,Rabi,Wheat,40718,78770,1.934525271
Jammu and Kashmir,RAJAURI,2003,Whole Year,Other Vegetables,49,61,1.244897959
Jammu and Kashmir,RAJAURI,2003,Whole Year,Potato,8,52,6.5
Jammu and Kashmir,RAJAURI,2003,Whole Year,Sannhamp,2,1,0.5
Jammu and Kashmir,RAJAURI,2003,Whole Year,Tobacco,1,0.1,0.1
Jammu and Kashmir,RAJAURI,2004,Kharif,Bajra,247,166,0.672064777
Jammu and Kashmir,RAJAURI,2004,Kharif,Maize,46156,118210,2.561097149
Jammu and Kashmir,RAJAURI,2004,Kharif,Moong(Green Gram),1,,
Jammu and Kashmir,RAJAURI,2004,Kharif,Other Kharif pulses,25,13,0.52
Jammu and Kashmir,RAJAURI,2004,Kharif,Rice,5719,10231,1.788949117
Jammu and Kashmir,RAJAURI,2004,Kharif,Urad,422,192,0.454976303
Jammu and Kashmir,RAJAURI,2004,Rabi,Barley,20,6,0.3
Jammu and Kashmir,RAJAURI,2004,Rabi,Gram,8,5,0.625
Jammu and Kashmir,RAJAURI,2004,Rabi,Other  Rabi pulses,2,1,0.5
Jammu and Kashmir,RAJAURI,2004,Rabi,Peas & beans (Pulses),6,4,0.666666667
Jammu and Kashmir,RAJAURI,2004,Rabi,Wheat,41847,80420,1.921762611
Jammu and Kashmir,RAJAURI,2005,Kharif,Dry chillies,156,102.2,0.655128205
Jammu and Kashmir,RAJAURI,2005,Kharif,Dry ginger,1,1.5,1.5
Jammu and Kashmir,RAJAURI,2005,Kharif,Jowar,243,145.8,0.6
Jammu and Kashmir,RAJAURI,2005,Kharif,Maize,45057,103270,2.291985707
Jammu and Kashmir,RAJAURI,2005,Kharif,Other Kharif pulses,26,13.7,0.526923077
Jammu and Kashmir,RAJAURI,2005,Kharif,other oilseeds,2,0.8,0.4
Jammu and Kashmir,RAJAURI,2005,Kharif,Rice,6759,12587,1.86225773
Jammu and Kashmir,RAJAURI,2005,Kharif,Sannhamp,2,1,0.5
Jammu and Kashmir,RAJAURI,2005,Kharif,Sesamum,190,68.4,0.36
Jammu and Kashmir,RAJAURI,2005,Kharif,Urad,383,191.8,0.50078329
Jammu and Kashmir,RAJAURI,2005,Rabi,Gram,154,77,0.5
Jammu and Kashmir,RAJAURI,2007,Kharif,Bajra,278,186.9,0.672302158
Jammu and Kashmir,RAJAURI,2007,Kharif,Dry chillies,130,85.1,0.654615385
Jammu and Kashmir,RAJAURI,2007,Kharif,Maize,36967,98860,2.674277058
Jammu and Kashmir,RAJAURI,2007,Kharif,Rice,15684,24853,1.584608518
Jammu and Kashmir,RAJAURI,2007,Kharif,Sesamum,123,44.3,0.360162602
Jammu and Kashmir,RAJAURI,2007,Kharif,Urad,352,176.3,0.500852273
Jammu and Kashmir,RAJAURI,2007,Rabi,Barley,15,4.5,0.3
Jammu and Kashmir,RAJAURI,2007,Rabi,Coriander,3,0.4,0.133333333
Jammu and Kashmir,RAJAURI,2007,Rabi,Garlic,124,115.1,0.928225806
Jammu and Kashmir,RAJAURI,2007,Rabi,Other  Rabi pulses,4,2,0.5
Jammu and Kashmir,RAJAURI,2007,Rabi,Peas & beans (Pulses),1,0.7,0.7
Jammu and Kashmir,RAJAURI,2007,Rabi,Rapeseed &Mustard,1932,1347.7,0.697567288
Jammu and Kashmir,RAJAURI,2007,Rabi,Wheat,40570,78300,1.929997535
Jammu and Kashmir,RAJAURI,2008,Rabi,Garlic,122,113.2,0.927868852
Jammu and Kashmir,RAJAURI,2008,Rabi,Rapeseed &Mustard,1070,884.3,0.826448598
Jammu and Kashmir,RAJAURI,2008,Rabi,Wheat,42196,77450,1.835482036
Jammu and Kashmir,RAJAURI,2013,Rabi,Garlic,174,161.8,0.929885057
Jammu and Kashmir,RAJAURI,2013,Rabi,Rapeseed &Mustard,1057,1021,0.965941343
Jammu and Kashmir,RAJAURI,2013,Rabi,Wheat,43943,75000,1.70675648
Jammu and Kashmir,RAJAURI,2014,Kharif,Bajra,453,304.6,0.672406181
Jammu and Kashmir,RAJAURI,2014,Kharif,Dry chillies,247,162,0.655870445
Jammu and Kashmir,RAJAURI,2014,Kharif,Maize,47815,72115,1.508208721
Jammu and Kashmir,RAJAURI,2014,Kharif,Other Cereals & Millets,3,2,0.666666667
Jammu and Kashmir,RAJAURI,2014,Kharif,Rice,5035,4059,0.806156902
Jammu and Kashmir,RAJAURI,2014,Kharif,Urad,111,55.3,0.498198198
Jammu and Kashmir,RAMBAN,2007,Kharif,Maize,16912,19290,1.140610218
Jammu and Kashmir,RAMBAN,2007,Kharif,Rice,1261,1187,0.941316416
Jammu and Kashmir,RAMBAN,2007,Rabi,Barley,1911,613.4,0.320983778
Jammu and Kashmir,RAMBAN,2007,Rabi,Rapeseed &Mustard,784,359.4,0.458418367
Jammu and Kashmir,RAMBAN,2007,Rabi,Wheat,4021,5650,1.405123104
Jammu and Kashmir,RAMBAN,2008,Rabi,Barley,1910,613.1,0.320994764
Jammu and Kashmir,RAMBAN,2008,Rabi,Rapeseed &Mustard,782,478.6,0.61202046
Jammu and Kashmir,RAMBAN,2008,Rabi,Wheat,3997,2360,0.590442832
Jammu and Kashmir,RAMBAN,2013,Rabi,Barley,1897,608.8,0.320927781
Jammu and Kashmir,RAMBAN,2013,Rabi,Rapeseed &Mustard,2144,1109.9,0.517677239
Jammu and Kashmir,RAMBAN,2013,Rabi,Wheat,2479,1578,0.636546995
Jammu and Kashmir,RAMBAN,2014,Kharif,Maize,18022,12941,0.718066807
Jammu and Kashmir,RAMBAN,2014,Kharif,Rice,1173,546,0.465473146
Jammu and Kashmir,REASI,2007,Kharif,Bajra,359,215.4,0.6
Jammu and Kashmir,REASI,2007,Kharif,Dry ginger,8,9.2,1.15
Jammu and Kashmir,REASI,2007,Kharif,Maize,23540,42640,1.811384877
Jammu and Kashmir,REASI,2007,Kharif,Moong(Green Gram),4,2.6,0.65
Jammu and Kashmir,REASI,2007,Kharif,Other Kharif pulses,5,2.6,0.52
Jammu and Kashmir,REASI,2007,Kharif,Rice,1721,2027,1.177803603
Jammu and Kashmir,REASI,2007,Kharif,Sannhamp,11,11.5,1.045454545
Jammu and Kashmir,REASI,2007,Kharif,Sesamum,100,50,0.5
Jammu and Kashmir,REASI,2007,Kharif,Urad,351,178.7,0.509116809
Jammu and Kashmir,REASI,2007,Rabi,Barley,392,359.3,0.916581633
Jammu and Kashmir,REASI,2007,Rabi,Garlic,26,21.9,0.842307692
Jammu and Kashmir,REASI,2007,Rabi,Masoor,14,7,0.5
Jammu and Kashmir,REASI,2007,Rabi,Peas & beans (Pulses),9,6.3,0.7
Jammu and Kashmir,REASI,2007,Rabi,Potato,32,80.4,2.5125
Jammu and Kashmir,REASI,2007,Rabi,Rapeseed &Mustard,441,323.6,0.733786848
Jammu and Kashmir,REASI,2007,Rabi,Wheat,10099,14710,1.456579859
Jammu and Kashmir,REASI,2008,Rabi,Barley,233,213.6,0.916738197
Jammu and Kashmir,REASI,2008,Rabi,Garlic,28,23.6,0.842857143
Jammu and Kashmir,REASI,2008,Rabi,Masoor,1,0.5,0.5
Jammu and Kashmir,REASI,2008,Rabi,Onion,3,7.7,2.566666667
Jammu and Kashmir,REASI,2008,Rabi,Potato,40,1322.9,33.0725
Jammu and Kashmir,REASI,2008,Rabi,Rapeseed &Mustard,287,242.8,0.845993031
Jammu and Kashmir,REASI,2008,Rabi,Wheat,11353,11820,1.041134502
Jammu and Kashmir,REASI,2013,Rabi,Barley,138,126.8,0.91884058
Jammu and Kashmir,REASI,2013,Rabi,Garlic,10,8.6,0.86
Jammu and Kashmir,REASI,2013,Rabi,Linseed,13,4.5,0.346153846
Jammu and Kashmir,REASI,2013,Rabi,Other  Rabi pulses,12,6.6,0.55
Jammu and Kashmir,REASI,2013,Rabi,Peas & beans (Pulses),1,0.6,0.6
Jammu and Kashmir,REASI,2013,Rabi,Rapeseed &Mustard,897,243.9,0.271906355
Jammu and Kashmir,REASI,2013,Rabi,Wheat,14290,17276,1.208957313
Jammu and Kashmir,REASI,2014,Kharif,Bajra,415,253,0.609638554
Jammu and Kashmir,REASI,2014,Kharif,Dry ginger,4,4.7,1.175
Jammu and Kashmir,REASI,2014,Kharif,Maize,21750,17437,0.801701149
Jammu and Kashmir,REASI,2014,Kharif,Rice,4454,2851,0.640098788
Jammu and Kashmir,REASI,2014,Kharif,Sesamum,2,1,0.5
Jammu and Kashmir,REASI,2014,Kharif,Turmeric,3,3.3,1.1
Jammu and Kashmir,REASI,2014,Kharif,Urad,185,94.1,0.508648649
Jammu and Kashmir,SAMBA,2007,Kharif,Bajra,5521,3307.8,0.599130592
Jammu and Kashmir,SAMBA,2007,Kharif,Barley,544,142.6,0.262132353
Jammu and Kashmir,SAMBA,2007,Kharif,Cotton(lint),5,2.5,0.5
Jammu and Kashmir,SAMBA,2007,Kharif,Groundnut,2,1,0.5
Jammu and Kashmir,SAMBA,2007,Kharif,Maize,3219,5010,1.55638397
Jammu and Kashmir,SAMBA,2007,Kharif,Moong(Green Gram),25,12.5,0.5
Jammu and Kashmir,SAMBA,2007,Kharif,Other Kharif pulses,1,0.5,0.5
Jammu and Kashmir,SAMBA,2007,Kharif,other oilseeds,47,20.4,0.434042553
Jammu and Kashmir,SAMBA,2007,Kharif,Potato,6,33.4,5.566666667
Jammu and Kashmir,SAMBA,2007,Kharif,Rice,11236,20800,1.851192595
Jammu and Kashmir,SAMBA,2007,Kharif,Sannhamp,53,26.5,0.5
Jammu and Kashmir,SAMBA,2007,Kharif,Sesamum,2022,905.8,0.447972305
Jammu and Kashmir,SAMBA,2007,Kharif,Sugarcane,28,168,6
Jammu and Kashmir,SAMBA,2007,Kharif,Urad,2942,1300.3,0.441978246
Jammu and Kashmir,SAMBA,2007,Rabi,Barley,172,85.6,0.497674419
Jammu and Kashmir,SAMBA,2007,Rabi,Masoor,7,3.8,0.542857143
Jammu and Kashmir,SAMBA,2007,Rabi,other oilseeds,6,3.3,0.55
Jammu and Kashmir,SAMBA,2007,Rabi,Rapeseed &Mustard,153,75.7,0.494771242
Jammu and Kashmir,SAMBA,2007,Rabi,Wheat,23662,50240,2.123235568
Jammu and Kashmir,SAMBA,2008,Rabi,Barley,180,89.6,0.497777778
Jammu and Kashmir,SAMBA,2008,Rabi,Gram,125,67.8,0.5424
Jammu and Kashmir,SAMBA,2008,Rabi,Linseed,2,2.2,1.1
Jammu and Kashmir,SAMBA,2008,Rabi,Masoor,13,7.1,0.546153846
Jammu and Kashmir,SAMBA,2008,Rabi,Other  Rabi pulses,6,3.2,0.533333333
Jammu and Kashmir,SAMBA,2008,Rabi,other oilseeds,14,7.5,0.535714286
Jammu and Kashmir,SAMBA,2008,Rabi,Peas & beans (Pulses),37,68.9,1.862162162
Jammu and Kashmir,SAMBA,2008,Rabi,Rapeseed &Mustard,318,254,0.798742138
Jammu and Kashmir,SAMBA,2008,Rabi,Wheat,29011,80350,2.769639102
Jammu and Kashmir,SAMBA,2013,Rabi,Barley,131,65.3,0.498473282
Jammu and Kashmir,SAMBA,2013,Rabi,Gram,101,55.6,0.55049505
Jammu and Kashmir,SAMBA,2013,Rabi,Linseed,2,1.4,0.7
Jammu and Kashmir,SAMBA,2013,Rabi,Potato,8,146.5,18.3125
Jammu and Kashmir,SAMBA,2013,Rabi,Rapeseed &Mustard,258,116.7,0.452325581
Jammu and Kashmir,SAMBA,2013,Rabi,Wheat,30073,41847,1.391513983
Jammu and Kashmir,SAMBA,2014,Kharif,Bajra,6450,3835.6,0.594666667
Jammu and Kashmir,SAMBA,2014,Kharif,Maize,4009,4259,1.062359691
Jammu and Kashmir,SAMBA,2014,Kharif,Rice,9123,15145,1.660089883
Jammu and Kashmir,SAMBA,2014,Kharif,Sesamum,1060,462.8,0.436603774
Jammu and Kashmir,SAMBA,2014,Kharif,Sugarcane,23,34.5,1.5
Jammu and Kashmir,SAMBA,2014,Kharif,Urad,3768,1126,0.298832272
Jammu and Kashmir,SHOPIAN,2007,Kharif,Maize,1479,1360,0.91954023
Jammu and Kashmir,SHOPIAN,2007,Kharif,Potato,98,541.5,5.525510204
Jammu and Kashmir,SHOPIAN,2007,Kharif,Rice,556,1533,2.757194245
Jammu and Kashmir,SHOPIAN,2007,Rabi,Onion,12,28.2,2.35
Jammu and Kashmir,SHOPIAN,2007,Rabi,Peas & beans (Pulses),36,25.2,0.7
Jammu and Kashmir,SHOPIAN,2007,Rabi,Rapeseed &Mustard,3649,2594.5,0.711016717
Jammu and Kashmir,SHOPIAN,2008,Rabi,Onion,12,28.2,2.35
Jammu and Kashmir,SHOPIAN,2008,Rabi,Peas & beans (Pulses),36,25.2,0.7
Jammu and Kashmir,SHOPIAN,2008,Rabi,Rapeseed &Mustard,3649,3406.9,0.933653056
Jammu and Kashmir,SHOPIAN,2013,Rabi,Onion,12,28.5,2.375
Jammu and Kashmir,SHOPIAN,2013,Rabi,Peas & beans (Pulses),36,25.3,0.702777778
Jammu and Kashmir,SHOPIAN,2013,Rabi,Rapeseed &Mustard,3649,4691.2,1.285612497
Jammu and Kashmir,SHOPIAN,2014,Kharif,Potato,125,1326.3,10.6104
Jammu and Kashmir,SRINAGAR,1997,Kharif,Maize,5344,6500,1.216317365
Jammu and Kashmir,SRINAGAR,1997,Kharif,Rice,12458,262,0.021030663
Jammu and Kashmir,SRINAGAR,1997,Rabi,Wheat,16,10,0.625
Jammu and Kashmir,SRINAGAR,1999,Kharif,Cond-spcs other,223,156.2,0.70044843
Jammu and Kashmir,SRINAGAR,1999,Kharif,Maize,5170,2240,0.433268859
Jammu and Kashmir,SRINAGAR,1999,Kharif,Rice,11854,27037.2,2.280850346
Jammu and Kashmir,SRINAGAR,1999,Rabi,Cond-spcs other,646,394.7,0.610990712
Jammu and Kashmir,SRINAGAR,1999,Rabi,Linseed,36,18.8,0.522222222
Jammu and Kashmir,SRINAGAR,1999,Rabi,Rapeseed &Mustard,679,554.5,0.816642121
Jammu and Kashmir,SRINAGAR,2000,Kharif,Maize,4701,4660,0.991278451
Jammu and Kashmir,SRINAGAR,2000,Kharif,Rice,12022,30701.3,2.553759774
Jammu and Kashmir,SRINAGAR,2000,Rabi,Linseed,19,11,0.578947368
Jammu and Kashmir,SRINAGAR,2000,Rabi,other oilseeds,6,2,0.333333333
Jammu and Kashmir,SRINAGAR,2000,Rabi,Rapeseed &Mustard,2200,1322,0.600909091
Jammu and Kashmir,SRINAGAR,2000,Rabi,Wheat,5,10,2
Jammu and Kashmir,SRINAGAR,2000,Whole Year,Dry chillies,154,110,0.714285714
Jammu and Kashmir,SRINAGAR,2000,Whole Year,Garlic,48,30,0.625
Jammu and Kashmir,SRINAGAR,2000,Whole Year,Onion,127,217,1.708661417
Jammu and Kashmir,SRINAGAR,2001,Kharif,Maize,4701,5770,1.227398426
Jammu and Kashmir,SRINAGAR,2001,Kharif,Moong(Green Gram),91,45,0.494505495
Jammu and Kashmir,SRINAGAR,2001,Kharif,Rice,12022,26550,2.208451173
Jammu and Kashmir,SRINAGAR,2001,Kharif,Urad,140,95,0.678571429
Jammu and Kashmir,SRINAGAR,2001,Rabi,Linseed,19,20,1.052631579
Jammu and Kashmir,SRINAGAR,2001,Rabi,Peas & beans (Pulses),117,69,0.58974359
Jammu and Kashmir,SRINAGAR,2001,Rabi,Rapeseed &Mustard,2186,1439,0.658279963
Jammu and Kashmir,SRINAGAR,2001,Rabi,Wheat,6,10,1.666666667
Jammu and Kashmir,SRINAGAR,2001,Whole Year,Onion,102,159,1.558823529
Jammu and Kashmir,SRINAGAR,2001,Whole Year,Potato,486,4850,9.979423868
Jammu and Kashmir,SRINAGAR,2002,Kharif,Maize,4803,6990,1.455340412
Jammu and Kashmir,SRINAGAR,2002,Kharif,Moong(Green Gram),81,40,0.49382716
Jammu and Kashmir,SRINAGAR,2002,Kharif,Moth,214,144,0.672897196
Jammu and Kashmir,SRINAGAR,2002,Kharif,Other Kharif pulses,18,10,0.555555556
Jammu and Kashmir,SRINAGAR,2002,Kharif,Rice,10346,24421,2.360429151
Jammu and Kashmir,SRINAGAR,2002,Kharif,Urad,152,103,0.677631579
Jammu and Kashmir,SRINAGAR,2002,Rabi,Linseed,22,26,1.181818182
Jammu and Kashmir,SRINAGAR,2002,Rabi,Other  Rabi pulses,42,28,0.666666667
Jammu and Kashmir,SRINAGAR,2002,Rabi,Peas & beans (Pulses),121,72,0.595041322
Jammu and Kashmir,SRINAGAR,2002,Rabi,Rapeseed &Mustard,2191,1011,0.461433136
Jammu and Kashmir,SRINAGAR,2002,Rabi,Wheat,5,10,2
Jammu and Kashmir,SRINAGAR,2002,Whole Year,Onion,109,175,1.605504587
Jammu and Kashmir,SRINAGAR,2002,Whole Year,Other Fresh Fruits,2745,0,0
Jammu and Kashmir,SRINAGAR,2002,Whole Year,other oilseeds,6,3,0.5
Jammu and Kashmir,SRINAGAR,2002,Whole Year,Other Vegetables,1431,1953,1.364779874
Jammu and Kashmir,SRINAGAR,2002,Whole Year,Potato,463,6314,13.63714903
Jammu and Kashmir,SRINAGAR,2002,Whole Year,Redish,76,115,1.513157895
Jammu and Kashmir,SRINAGAR,2002,Whole Year,Turnip,105,65,0.619047619
Jammu and Kashmir,SRINAGAR,2003,Kharif,Maize,4985,5320,1.067201605
Jammu and Kashmir,SRINAGAR,2003,Kharif,Moong(Green Gram),91,45,0.494505495
Jammu and Kashmir,SRINAGAR,2003,Kharif,Other Kharif pulses,27,16,0.592592593
Jammu and Kashmir,SRINAGAR,2003,Kharif,other oilseeds,28,12,0.428571429
Jammu and Kashmir,SRINAGAR,2003,Kharif,Rice,12022,32797,2.72808185
Jammu and Kashmir,SRINAGAR,2003,Kharif,Small millets,36,36,1
Jammu and Kashmir,SRINAGAR,2003,Kharif,Urad,139,95,0.683453237
Jammu and Kashmir,SRINAGAR,2003,Rabi,Barley,20,5,0.25
Jammu and Kashmir,SRINAGAR,2003,Rabi,Linseed,20,18,0.9
Jammu and Kashmir,SRINAGAR,2003,Rabi,Other  Rabi pulses,42,17,0.404761905
Jammu and Kashmir,SRINAGAR,2003,Rabi,other oilseeds,7,2,0.285714286
Jammu and Kashmir,SRINAGAR,2003,Rabi,Peas & beans (Pulses),104,62,0.596153846
Jammu and Kashmir,SRINAGAR,2003,Rabi,Rapeseed &Mustard,2224,946,0.425359712
Jammu and Kashmir,SRINAGAR,2003,Rabi,Wheat,9,10,1.111111111
Jammu and Kashmir,SRINAGAR,2003,Whole Year,Onion,113,184,1.628318584
Jammu and Kashmir,SRINAGAR,2003,Whole Year,Other Fresh Fruits,2750,0,0
Jammu and Kashmir,SRINAGAR,2003,Whole Year,Other Vegetables,1406,1913,1.36059744
Jammu and Kashmir,SRINAGAR,2003,Whole Year,Potato,256,1501,5.86328125
Jammu and Kashmir,SRINAGAR,2003,Whole Year,Redish,76,115,1.513157895
Jammu and Kashmir,SRINAGAR,2003,Whole Year,Turnip,105,65,0.619047619
Jammu and Kashmir,SRINAGAR,2004,Kharif,Maize,5003,6460,1.291225265
Jammu and Kashmir,SRINAGAR,2004,Kharif,Moong(Green Gram),90,44,0.488888889
Jammu and Kashmir,SRINAGAR,2004,Kharif,Rice,11736,31402,2.675698705
Jammu and Kashmir,SRINAGAR,2004,Kharif,Urad,142,97,0.683098592
Jammu and Kashmir,SRINAGAR,2004,Rabi,Other  Rabi pulses,42,17,0.404761905
Jammu and Kashmir,SRINAGAR,2004,Rabi,Peas & beans (Pulses),104,62,0.596153846
Jammu and Kashmir,SRINAGAR,2004,Rabi,Wheat,2,10,5
Jammu and Kashmir,SRINAGAR,2005,Kharif,Dry chillies,153,119.3,0.779738562
Jammu and Kashmir,SRINAGAR,2005,Kharif,Maize,5003,5110,1.021387168
Jammu and Kashmir,SRINAGAR,2005,Kharif,Moong(Green Gram),90,44.2,0.491111111
Jammu and Kashmir,SRINAGAR,2005,Kharif,Onion,54,43.4,0.803703704
Jammu and Kashmir,SRINAGAR,2005,Kharif,Other Cereals & Millets,42,7.6,0.180952381
Jammu and Kashmir,SRINAGAR,2005,Kharif,Potato,14,101.6,7.257142857
Jammu and Kashmir,SRINAGAR,2005,Kharif,Rice,11736,35813,3.051550784
Jammu and Kashmir,SRINAGAR,2005,Kharif,Urad,142,96.6,0.68028169
Jammu and Kashmir,SRINAGAR,2007,Kharif,Dry chillies,42,32.7,0.778571429
Jammu and Kashmir,SRINAGAR,2007,Kharif,Garlic,18,13.5,0.75
Jammu and Kashmir,SRINAGAR,2007,Kharif,Maize,116,130,1.120689655
Jammu and Kashmir,SRINAGAR,2007,Kharif,Moong(Green Gram),2,1,0.5
Jammu and Kashmir,SRINAGAR,2007,Kharif,Onion,2,1.6,0.8
Jammu and Kashmir,SRINAGAR,2007,Kharif,Potato,6,33.8,5.633333333
Jammu and Kashmir,SRINAGAR,2007,Kharif,Rice,2100,5607,2.67
Jammu and Kashmir,SRINAGAR,2007,Rabi,Garlic,48,30.6,0.6375
Jammu and Kashmir,SRINAGAR,2007,Rabi,Onion,28,66,2.357142857
Jammu and Kashmir,SRINAGAR,2007,Rabi,Other  Rabi pulses,25,10.3,0.412
Jammu and Kashmir,SRINAGAR,2007,Rabi,Peas & beans (Pulses),54,32.2,0.596296296
Jammu and Kashmir,SRINAGAR,2007,Rabi,Potato,87,680.3,7.81954023
Jammu and Kashmir,SRINAGAR,2007,Rabi,Rapeseed &Mustard,518,215.7,0.416409266
Jammu and Kashmir,SRINAGAR,2007,Rabi,Wheat,2,10,5
Jammu and Kashmir,SRINAGAR,2008,Rabi,Garlic,43,27.4,0.637209302
Jammu and Kashmir,SRINAGAR,2008,Rabi,Other  Rabi pulses,6,2.5,0.416666667
Jammu and Kashmir,SRINAGAR,2008,Rabi,Peas & beans (Pulses),51,30.4,0.596078431
Jammu and Kashmir,SRINAGAR,2008,Rabi,Potato,85,303.7,3.572941176
Jammu and Kashmir,SRINAGAR,2008,Rabi,Rapeseed &Mustard,453,1610.6,3.555408389
Jammu and Kashmir,SRINAGAR,2008,Rabi,Wheat,3,10,3.333333333
Jammu and Kashmir,SRINAGAR,2013,Rabi,Garlic,33,21.1,0.639393939
Jammu and Kashmir,SRINAGAR,2013,Rabi,Other  Rabi pulses,2,1,0.5
Jammu and Kashmir,SRINAGAR,2013,Rabi,Peas & beans (Pulses),6,3.6,0.6
Jammu and Kashmir,SRINAGAR,2013,Rabi,Potato,44,553.5,12.57954545
Jammu and Kashmir,SRINAGAR,2013,Rabi,Rapeseed &Mustard,60,75.7,1.261666667
Jammu and Kashmir,SRINAGAR,2014,Kharif,Dry chillies,34,26.6,0.782352941
Jammu and Kashmir,SRINAGAR,2014,Kharif,Maize,752,782,1.039893617
Jammu and Kashmir,SRINAGAR,2014,Kharif,Other Cereals & Millets,158,62.9,0.398101266
Jammu and Kashmir,SRINAGAR,2014,Kharif,Potato,18,247.3,13.73888889
Jammu and Kashmir,SRINAGAR,2014,Kharif,Rice,3977,11779,2.961780236
Jammu and Kashmir,UDHAMPUR,1997,Kharif,Maize,55575,91100,1.639226271
Jammu and Kashmir,UDHAMPUR,1997,Kharif,Rice,9799,110,0.011225635
Jammu and Kashmir,UDHAMPUR,1997,Rabi,Wheat,38982,61300,1.572520651
Jammu and Kashmir,UDHAMPUR,1999,Kharif,Bajra,247,148.7,0.602024291
Jammu and Kashmir,UDHAMPUR,1999,Kharif,Cond-spcs other,106,112.8,1.064150943
Jammu and Kashmir,UDHAMPUR,1999,Kharif,Maize,56454,124240,2.200729798
Jammu and Kashmir,UDHAMPUR,1999,Kharif,Rice,9765,10198.2,1.044362519
Jammu and Kashmir,UDHAMPUR,1999,Kharif,Sesamum,551,275.5,0.5
Jammu and Kashmir,UDHAMPUR,1999,Rabi,Barley,1184,1087.2,0.918243243
Jammu and Kashmir,UDHAMPUR,1999,Rabi,Cond-spcs other,278,346,1.244604317
Jammu and Kashmir,UDHAMPUR,1999,Rabi,Linseed,3,1.1,0.366666667
Jammu and Kashmir,UDHAMPUR,1999,Rabi,Rapeseed &Mustard,3793,2246.2,0.592196151
Jammu and Kashmir,UDHAMPUR,1999,Whole Year,Sugarcane,10,14.5,1.45
Jammu and Kashmir,UDHAMPUR,2000,Kharif,Bajra,225,135.4,0.601777778
Jammu and Kashmir,UDHAMPUR,2000,Kharif,Dry ginger,37,43,1.162162162
Jammu and Kashmir,UDHAMPUR,2000,Kharif,Maize,57705,100760,1.74612252
Jammu and Kashmir,UDHAMPUR,2000,Kharif,Rice,9801,14683.2,1.498132844
Jammu and Kashmir,UDHAMPUR,2000,Kharif,Sesamum,430,215,0.5
Jammu and Kashmir,UDHAMPUR,2000,Rabi,Barley,975,895,0.917948718
Jammu and Kashmir,UDHAMPUR,2000,Rabi,Rapeseed &Mustard,2151,308,0.143189214
Jammu and Kashmir,UDHAMPUR,2000,Rabi,Wheat,41552,6250,0.150413939
Jammu and Kashmir,UDHAMPUR,2000,Whole Year,Dry chillies,37,34,0.918918919
Jammu and Kashmir,UDHAMPUR,2000,Whole Year,Garlic,42,37,0.880952381
Jammu and Kashmir,UDHAMPUR,2000,Whole Year,Sannhamp,51,24,0.470588235
Jammu and Kashmir,UDHAMPUR,2000,Whole Year,Sugarcane,15,28,1.866666667
Jammu and Kashmir,UDHAMPUR,2000,Whole Year,Turmeric,8,8,1
Jammu and Kashmir,UDHAMPUR,2001,Kharif,Bajra,176,105,0.596590909
Jammu and Kashmir,UDHAMPUR,2001,Kharif,Cotton(lint),2,1,0.5
Jammu and Kashmir,UDHAMPUR,2001,Kharif,Horse-gram,213,99,0.464788732
Jammu and Kashmir,UDHAMPUR,2001,Kharif,Maize,58837,116170,1.974437854
Jammu and Kashmir,UDHAMPUR,2001,Kharif,Moong(Green Gram),82,54,0.658536585
Jammu and Kashmir,UDHAMPUR,2001,Kharif,Rice,9880,11272,1.140890688
Jammu and Kashmir,UDHAMPUR,2001,Kharif,Sesamum,401,501,1.249376559
Jammu and Kashmir,UDHAMPUR,2001,Kharif,Urad,1777,905,0.509285312
Jammu and Kashmir,UDHAMPUR,2001,Rabi,Barley,1101,1009,0.9164396
Jammu and Kashmir,UDHAMPUR,2001,Rabi,Linseed,7,3,0.428571429
Jammu and Kashmir,UDHAMPUR,2001,Rabi,Peas & beans (Pulses),4,2,0.5
Jammu and Kashmir,UDHAMPUR,2001,Rabi,Rapeseed &Mustard,2293,870,0.379415613
Jammu and Kashmir,UDHAMPUR,2001,Rabi,Wheat,37920,44190,1.165348101
Jammu and Kashmir,UDHAMPUR,2001,Whole Year,Onion,5,4,0.8
Jammu and Kashmir,UDHAMPUR,2001,Whole Year,Potato,188,1693,9.005319149
Jammu and Kashmir,UDHAMPUR,2001,Whole Year,Sannhamp,42,20,0.476190476
Jammu and Kashmir,UDHAMPUR,2001,Whole Year,Sugarcane,14,25,1.785714286
Jammu and Kashmir,UDHAMPUR,2001,Whole Year,Tobacco,4,1,0.25
Jammu and Kashmir,UDHAMPUR,2002,Kharif,Bajra,314,188,0.598726115
Jammu and Kashmir,UDHAMPUR,2002,Kharif,Cotton(lint),1,0.1,0.1
Jammu and Kashmir,UDHAMPUR,2002,Kharif,Maize,60336,97220,1.611309997
Jammu and Kashmir,UDHAMPUR,2002,Kharif,Moong(Green Gram),50,33,0.66
Jammu and Kashmir,UDHAMPUR,2002,Kharif,Moth,15,10,0.666666667
Jammu and Kashmir,UDHAMPUR,2002,Kharif,Other Kharif pulses,408,317,0.776960784
Jammu and Kashmir,UDHAMPUR,2002,Kharif,Rice,5856,6187,1.056523224
Jammu and Kashmir,UDHAMPUR,2002,Kharif,Sesamum,408,204,0.5
Jammu and Kashmir,UDHAMPUR,2002,Kharif,Urad,2121,1080,0.509193777
Jammu and Kashmir,UDHAMPUR,2002,Rabi,Barley,1506,1380,0.916334661
Jammu and Kashmir,UDHAMPUR,2002,Rabi,Masoor,14,7,0.5
Jammu and Kashmir,UDHAMPUR,2002,Rabi,Peas & beans (Pulses),10,7,0.7
Jammu and Kashmir,UDHAMPUR,2002,Rabi,Rapeseed &Mustard,2607,591,0.226697353
Jammu and Kashmir,UDHAMPUR,2002,Rabi,Wheat,36951,46650,1.262482747
Jammu and Kashmir,UDHAMPUR,2002,Whole Year,Other Vegetables,57,51,0.894736842
Jammu and Kashmir,UDHAMPUR,2002,Whole Year,Potato,229,1492,6.515283843
Jammu and Kashmir,UDHAMPUR,2002,Whole Year,Sugarcane,5,9,1.8
Jammu and Kashmir,UDHAMPUR,2002,Whole Year,Tobacco,4,1,0.25
Jammu and Kashmir,UDHAMPUR,2003,Kharif,Bajra,319,235,0.736677116
Jammu and Kashmir,UDHAMPUR,2003,Kharif,Maize,60324,106390,1.763642994
Jammu and Kashmir,UDHAMPUR,2003,Kharif,Moong(Green Gram),31,21,0.677419355
Jammu and Kashmir,UDHAMPUR,2003,Kharif,Other Kharif pulses,95,50,0.526315789
Jammu and Kashmir,UDHAMPUR,2003,Kharif,Rice,9540,10338,1.083647799
Jammu and Kashmir,UDHAMPUR,2003,Kharif,Sesamum,361,180,0.498614958
Jammu and Kashmir,UDHAMPUR,2003,Kharif,Urad,2109,1074,0.509246088
Jammu and Kashmir,UDHAMPUR,2003,Rabi,Barley,1050,962,0.916190476
Jammu and Kashmir,UDHAMPUR,2003,Rabi,Masoor,6,3,0.5
Jammu and Kashmir,UDHAMPUR,2003,Rabi,Other  Rabi pulses,5,3,0.6
Jammu and Kashmir,UDHAMPUR,2003,Rabi,other oilseeds,2,1,0.5
Jammu and Kashmir,UDHAMPUR,2003,Rabi,Rapeseed &Mustard,2643,1361,0.514945138
Jammu and Kashmir,UDHAMPUR,2003,Rabi,Wheat,36245,52020,1.435232446
Jammu and Kashmir,UDHAMPUR,2003,Whole Year,Onion,7,6,0.857142857
Jammu and Kashmir,UDHAMPUR,2003,Whole Year,Other Vegetables,99,108,1.090909091
Jammu and Kashmir,UDHAMPUR,2003,Whole Year,Potato,166,927,5.584337349
Jammu and Kashmir,UDHAMPUR,2003,Whole Year,Sannhamp,44,21,0.477272727
Jammu and Kashmir,UDHAMPUR,2003,Whole Year,Sugarcane,19,35,1.842105263
Jammu and Kashmir,UDHAMPUR,2003,Whole Year,Tobacco,4,1,0.25
Jammu and Kashmir,UDHAMPUR,2004,Kharif,Bajra,313,188,0.600638978
Jammu and Kashmir,UDHAMPUR,2004,Kharif,Maize,58750,104690,1.781957447
Jammu and Kashmir,UDHAMPUR,2004,Kharif,Moong(Green Gram),10,7,0.7
Jammu and Kashmir,UDHAMPUR,2004,Kharif,Other Kharif pulses,34,18,0.529411765
Jammu and Kashmir,UDHAMPUR,2004,Kharif,Rice,10307,12100,1.173959445
Jammu and Kashmir,UDHAMPUR,2004,Kharif,Urad,2410,1081,0.448547718
Jammu and Kashmir,UDHAMPUR,2004,Rabi,Barley,1115,1022,0.916591928
Jammu and Kashmir,UDHAMPUR,2004,Rabi,Other  Rabi pulses,116,58,0.5
Jammu and Kashmir,UDHAMPUR,2004,Rabi,Peas & beans (Pulses),2,1,0.5
Jammu and Kashmir,UDHAMPUR,2004,Rabi,Wheat,34248,49730,1.452055594
Jammu and Kashmir,UDHAMPUR,2005,Kharif,Bajra,944,566.4,0.6
Jammu and Kashmir,UDHAMPUR,2005,Kharif,Dry chillies,12,11.6,0.966666667
Jammu and Kashmir,UDHAMPUR,2005,Kharif,Dry ginger,37,42.6,1.151351351
Jammu and Kashmir,UDHAMPUR,2005,Kharif,Maize,54484,71330,1.309191689
Jammu and Kashmir,UDHAMPUR,2005,Kharif,Moong(Green Gram),21,13.9,0.661904762
Jammu and Kashmir,UDHAMPUR,2005,Kharif,Other Cereals & Millets,15,2.5,0.166666667
Jammu and Kashmir,UDHAMPUR,2005,Kharif,Other Kharif pulses,70,36.9,0.527142857
Jammu and Kashmir,UDHAMPUR,2005,Kharif,Potato,84,502.7,5.98452381
Jammu and Kashmir,UDHAMPUR,2005,Kharif,Rice,13319,15120,1.135220362
Jammu and Kashmir,UDHAMPUR,2005,Kharif,Sannhamp,28,29.3,1.046428571
Jammu and Kashmir,UDHAMPUR,2005,Kharif,Sesamum,385,192.5,0.5
Jammu and Kashmir,UDHAMPUR,2005,Kharif,Sugarcane,54,100.3,1.857407407
Jammu and Kashmir,UDHAMPUR,2005,Kharif,Tobacco,2,0.6,0.3
Jammu and Kashmir,UDHAMPUR,2005,Kharif,Turmeric,9,9.1,1.011111111
Jammu and Kashmir,UDHAMPUR,2005,Kharif,Urad,2708,1378.3,0.508973412
Jammu and Kashmir,UDHAMPUR,2007,Kharif,Bajra,562,337.2,0.6
Jammu and Kashmir,UDHAMPUR,2007,Kharif,Dry chillies,22,21.3,0.968181818
Jammu and Kashmir,UDHAMPUR,2007,Kharif,Dry ginger,59,67.9,1.150847458
Jammu and Kashmir,UDHAMPUR,2007,Kharif,Maize,36188,65540,1.811097601
Jammu and Kashmir,UDHAMPUR,2007,Kharif,Moong(Green Gram),34,22.5,0.661764706
Jammu and Kashmir,UDHAMPUR,2007,Kharif,Onion,2,2.4,1.2
Jammu and Kashmir,UDHAMPUR,2007,Kharif,Other Cereals & Millets,79,13.2,0.167088608
Jammu and Kashmir,UDHAMPUR,2007,Kharif,Other Kharif pulses,48,25.4,0.529166667
Jammu and Kashmir,UDHAMPUR,2007,Kharif,Potato,311,1919.4,6.17170418
Jammu and Kashmir,UDHAMPUR,2007,Kharif,Rice,8649,10180,1.177014684
Jammu and Kashmir,UDHAMPUR,2007,Kharif,Sannhamp,13,13.6,1.046153846
Jammu and Kashmir,UDHAMPUR,2007,Kharif,Sesamum,196,98,0.5
Jammu and Kashmir,UDHAMPUR,2007,Kharif,Tobacco,2,0.6,0.3
Jammu and Kashmir,UDHAMPUR,2007,Kharif,Turmeric,13,13.2,1.015384615
Jammu and Kashmir,UDHAMPUR,2007,Kharif,Urad,1738,884.6,0.508975834
Jammu and Kashmir,UDHAMPUR,2007,Rabi,Barley,799,732.4,0.916645807
Jammu and Kashmir,UDHAMPUR,2007,Rabi,Garlic,142,130,0.915492958
Jammu and Kashmir,UDHAMPUR,2007,Rabi,Linseed,2,0.6,0.3
Jammu and Kashmir,UDHAMPUR,2007,Rabi,Peas & beans (Pulses),11,7.7,0.7
Jammu and Kashmir,UDHAMPUR,2007,Rabi,Potato,20,50.2,2.51
Jammu and Kashmir,UDHAMPUR,2007,Rabi,Rapeseed &Mustard,2392,1755.5,0.733904682
Jammu and Kashmir,UDHAMPUR,2007,Rabi,Wheat,29348,42740,1.456317296
Jammu and Kashmir,UDHAMPUR,2008,Rabi,Barley,593,543.6,0.916694772
Jammu and Kashmir,UDHAMPUR,2008,Rabi,Garlic,139,127.3,0.915827338
Jammu and Kashmir,UDHAMPUR,2008,Rabi,Peas & beans (Pulses),12,8.4,0.7
Jammu and Kashmir,UDHAMPUR,2008,Rabi,Potato,11,363.8,33.07272727
Jammu and Kashmir,UDHAMPUR,2008,Rabi,Rapeseed &Mustard,1855,1569.2,0.845929919
Jammu and Kashmir,UDHAMPUR,2008,Rabi,Wheat,28735,36190,1.259439708
Jammu and Kashmir,UDHAMPUR,2013,Rabi,Barley,1073,985,0.917986952
Jammu and Kashmir,UDHAMPUR,2013,Rabi,Garlic,123,112.7,0.916260163
Jammu and Kashmir,UDHAMPUR,2013,Rabi,Onion,2,4.5,2.25
Jammu and Kashmir,UDHAMPUR,2013,Rabi,Potato,6,38.8,6.466666667
Jammu and Kashmir,UDHAMPUR,2013,Rabi,Rapeseed &Mustard,2282,1714,0.75109553
Jammu and Kashmir,UDHAMPUR,2013,Rabi,Wheat,33571,53929,1.606416252
Jammu and Kashmir,UDHAMPUR,2014,Kharif,Bajra,1469,879.6,0.598774677
Jammu and Kashmir,UDHAMPUR,2014,Kharif,Dry chillies,4,3.9,0.975
Jammu and Kashmir,UDHAMPUR,2014,Kharif,Dry ginger,9,10.6,1.177777778
Jammu and Kashmir,UDHAMPUR,2014,Kharif,Maize,33715,55768,1.654100549
Jammu and Kashmir,UDHAMPUR,2014,Kharif,Onion,1,0.8,0.8
Jammu and Kashmir,UDHAMPUR,2014,Kharif,Other Cereals & Millets,1,0.4,0.4
Jammu and Kashmir,UDHAMPUR,2014,Kharif,Other Kharif pulses,24,92.1,3.8375
Jammu and Kashmir,UDHAMPUR,2014,Kharif,Peas & beans (Pulses),3,1.4,0.466666667
Jammu and Kashmir,UDHAMPUR,2014,Kharif,Potato,224,2416.8,10.78928571
Jammu and Kashmir,UDHAMPUR,2014,Kharif,Rapeseed &Mustard,21,36.5,1.738095238
Jammu and Kashmir,UDHAMPUR,2014,Kharif,Rice,6604,6737,1.02013931
Jammu and Kashmir,UDHAMPUR,2014,Kharif,Sannhamp,8,8.4,1.05
Jammu and Kashmir,UDHAMPUR,2014,Kharif,Sesamum,310,85.5,0.275806452
Jammu and Kashmir,UDHAMPUR,2014,Kharif,Sugarcane,1282,1923,1.5
Jammu and Kashmir,UDHAMPUR,2014,Kharif,Turmeric,5,5.1,1.02
Jammu and Kashmir,UDHAMPUR,2014,Kharif,Urad,1170,429.6,0.367179487
Jharkhand,BOKARO,2002,Autumn,Maize,1589.28,2223.4,1.398998289
Jharkhand,BOKARO,2002,Rabi,Wheat,1760.13,1960.07,1.113593882
Jharkhand,BOKARO,2002,Winter,Rice,31891.35,22642.85,0.709999733
Jharkhand,BOKARO,2003,Autumn,Maize,1589.92,1901.54,1.195997283
Jharkhand,BOKARO,2003,Rabi,Wheat,1383.93,957.68,0.692000318
Jharkhand,BOKARO,2003,Winter,Rice,31904.26,29990.01,0.940000176
Jharkhand,BOKARO,2004,Autumn,Maize,2070.85,2563.71,1.237998889
Jharkhand,BOKARO,2004,Rabi,Gram,165.53,142.02,0.857971365
Jharkhand,BOKARO,2004,Rabi,Rapeseed &Mustard,80.48,72.51,0.900969185
Jharkhand,BOKARO,2004,Rabi,Wheat,1231.39,1435.8,1.165999399
Jharkhand,BOKARO,2004,Winter,Rice,16103.97,10897.03,0.676667306
Jharkhand,BOKARO,2005,Autumn,Maize,1675.32,934.83,0.55800086
Jharkhand,BOKARO,2005,Rabi,Gram,32.97,23.54,0.713982408
Jharkhand,BOKARO,2005,Rabi,Potato,458.18,5928.39,12.93899777
Jharkhand,BOKARO,2005,Rabi,Rapeseed &Mustard,31.19,7.7,0.246873998
Jharkhand,BOKARO,2005,Rabi,Wheat,358.34,169.85,0.473991182
Jharkhand,BOKARO,2005,Winter,Rice,16243.8,5403.77,0.332666617
Jharkhand,BOKARO,2006,Autumn,Maize,2982.76,2860,0.958843487
Jharkhand,BOKARO,2006,Autumn,Ragi,223.28,265,1.186850591
Jharkhand,BOKARO,2006,Autumn,Rice,547.09,470.67,0.860315487
Jharkhand,BOKARO,2006,Rabi,Arhar/Tur,76.79,108,1.406433129
Jharkhand,BOKARO,2006,Rabi,Gram,27.53,21,0.762804214
Jharkhand,BOKARO,2006,Rabi,Onion,7.44,46,6.182795699
Jharkhand,BOKARO,2006,Rabi,Potato,502.68,4418,8.788891541
Jharkhand,BOKARO,2006,Rabi,Rapeseed &Mustard,68.33,34,0.497585248
Jharkhand,BOKARO,2006,Rabi,Wheat,773.25,655,0.847074038
Jharkhand,BOKARO,2006,Winter,Potato,148.97,1383,9.283748406
Jharkhand,BOKARO,2006,Winter,Rice,305.95,226,0.738682791
Jharkhand,BOKARO,2007,Autumn,Maize,4049.62,526,0.12988873
Jharkhand,BOKARO,2007,Autumn,Ragi,410.65,361,0.879094119
Jharkhand,BOKARO,2007,Autumn,Rice,1363.19,1060.67,0.778079358
Jharkhand,BOKARO,2007,Rabi,Arhar/Tur,38.83,70,1.802729848
Jharkhand,BOKARO,2007,Rabi,Gram,12.33,10,0.811030008
Jharkhand,BOKARO,2007,Rabi,Onion,39.85,263,6.599749059
Jharkhand,BOKARO,2007,Rabi,Potato,677.65,5951,8.781819523
Jharkhand,BOKARO,2007,Rabi,Rapeseed &Mustard,31.72,20,0.630517024
Jharkhand,BOKARO,2007,Rabi,Wheat,468.94,491,1.047042266
Jharkhand,BOKARO,2007,Winter,Potato,207.09,18100,87.40161283
Jharkhand,BOKARO,2007,Winter,Rice,35616.41,43832,1.230668672
Jharkhand,BOKARO,2010,Rabi,Arhar/Tur,262,451,1.721374046
Jharkhand,BOKARO,2010,Rabi,Gram,38,17,0.447368421
Jharkhand,BOKARO,2010,Rabi,Onion,171,1124,6.573099415
Jharkhand,BOKARO,2010,Rabi,Potato,659,5497,8.341426404
Jharkhand,BOKARO,2010,Rabi,Rapeseed &Mustard,1,0.38,0.38
Jharkhand,BOKARO,2010,Rabi,Wheat,470,571,1.214893617
Jharkhand,CHATRA,2002,Autumn,Maize,4679.7,6766.85,1.446000812
Jharkhand,CHATRA,2002,Rabi,Arhar/Tur,1537.38,3139.32,2.041993521
Jharkhand,CHATRA,2002,Rabi,Gram,1315.58,1139.29,0.865998267
Jharkhand,CHATRA,2002,Rabi,Rapeseed &Mustard,419.75,350.91,0.835997618
Jharkhand,CHATRA,2002,Rabi,Wheat,4804.17,6600.92,1.373998006
Jharkhand,CHATRA,2002,Winter,Rice,27827.15,34283.05,1.232000043
Jharkhand,CHATRA,2003,Autumn,Maize,5152.56,9212.78,1.788000528
Jharkhand,CHATRA,2003,Kharif,Arhar/Tur,1613.85,2929.14,1.815001394
Jharkhand,CHATRA,2003,Rabi,Gram,1579.98,1491.5,0.943999291
Jharkhand,CHATRA,2003,Rabi,Rapeseed &Mustard,239.94,180.43,0.751979662
Jharkhand,CHATRA,2003,Rabi,Wheat,5336.49,5635.33,1.055999355
Jharkhand,CHATRA,2003,Winter,Rice,25537.4,27359.67,1.071356912
Jharkhand,CHATRA,2004,Autumn,Maize,4757.81,6427.8,1.350999725
Jharkhand,CHATRA,2004,Rabi,Arhar/Tur,1221.19,1756.07,1.437999001
Jharkhand,CHATRA,2004,Rabi,Gram,1221.19,902.46,0.739000483
Jharkhand,CHATRA,2004,Rabi,Rapeseed &Mustard,294.88,260.33,0.882833695
Jharkhand,CHATRA,2004,Rabi,Wheat,4554.09,4157.88,0.912999084
Jharkhand,CHATRA,2004,Winter,Potato,991.19,7032.49,7.094996923
Jharkhand,CHATRA,2004,Winter,Rice,22058.68,7867.59,0.356666401
Jharkhand,CHATRA,2005,Autumn,Maize,3619.21,4893.17,1.351999469
Jharkhand,CHATRA,2005,Rabi,Arhar/Tur,1139.21,1148.32,1.00799677
Jharkhand,CHATRA,2005,Rabi,Gram,1242.21,852.16,0.686003172
Jharkhand,CHATRA,2005,Rabi,Potato,419.54,3246.4,7.737998761
Jharkhand,CHATRA,2005,Rabi,Rapeseed &Mustard,298.47,185.95,0.623010688
Jharkhand,CHATRA,2005,Rabi,Wheat,3445.5,3383.48,0.98199971
Jharkhand,CHATRA,2005,Winter,Potato,998.75,16893.86,16.91500375
Jharkhand,CHATRA,2005,Winter,Rice,14629.77,4954.61,0.338666295
Jharkhand,CHATRA,2006,Autumn,Maize,5194.4,8046,1.54897582
Jharkhand,CHATRA,2006,Autumn,Ragi,240.39,213,0.886060152
Jharkhand,CHATRA,2006,Autumn,Rice,2738.22,2354.67,0.859927252
Jharkhand,CHATRA,2006,Rabi,Arhar/Tur,1506.18,1794,1.191092698
Jharkhand,CHATRA,2006,Rabi,Gram,167.93,157,0.934913357
Jharkhand,CHATRA,2006,Rabi,Masoor,316.24,139,0.43953959
Jharkhand,CHATRA,2006,Rabi,Onion,101.55,560,5.514524865
Jharkhand,CHATRA,2006,Rabi,Potato,567.79,3576,6.298103172
Jharkhand,CHATRA,2006,Rabi,Rapeseed &Mustard,629.09,398,0.632659874
Jharkhand,CHATRA,2006,Rabi,Wheat,11262.43,13796,1.224957669
Jharkhand,CHATRA,2006,Whole Year,Sugarcane,316.67,14160,44.71531879
Jharkhand,CHATRA,2006,Winter,Potato,1182.04,8047,6.807722243
Jharkhand,CHATRA,2006,Winter,Rice,18560.23,22185.33,1.195315468
Jharkhand,CHATRA,2007,Autumn,Maize,4235.15,5400,1.275043387
Jharkhand,CHATRA,2007,Autumn,Ragi,310.21,304,0.979981303
Jharkhand,CHATRA,2007,Autumn,Rice,2210.49,2041.33,0.923473981
Jharkhand,CHATRA,2007,Rabi,Arhar/Tur,1271.65,1694,1.332127551
Jharkhand,CHATRA,2007,Rabi,Gram,1395.24,1713,1.227745764
Jharkhand,CHATRA,2007,Rabi,Masoor,292.33,191,0.65337119
Jharkhand,CHATRA,2007,Rabi,Onion,110.7,631,5.700090334
Jharkhand,CHATRA,2007,Rabi,Potato,480.55,3551,7.389449589
Jharkhand,CHATRA,2007,Rabi,Rapeseed &Mustard,325.33,170,0.522546338
Jharkhand,CHATRA,2007,Rabi,Wheat,4714.63,6619,1.403927774
Jharkhand,CHATRA,2007,Whole Year,Sugarcane,333.29,14000,42.00546071
Jharkhand,CHATRA,2007,Winter,Potato,1235.03,10783,8.730962001
Jharkhand,CHATRA,2007,Winter,Rice,19476.96,21801.33,1.119339466
Jharkhand,CHATRA,2010,Rabi,Arhar/Tur,1009,1183,1.172447968
Jharkhand,CHATRA,2010,Rabi,Gram,1280,531,0.41484375
Jharkhand,CHATRA,2010,Rabi,Onion,230,1480,6.434782609
Jharkhand,CHATRA,2010,Rabi,Potato,553,1971,3.564195298
Jharkhand,CHATRA,2010,Rabi,Rapeseed &Mustard,297,144,0.484848485
Jharkhand,CHATRA,2010,Rabi,Wheat,3735,3152,0.843908969
Jharkhand,DEOGHAR,2002,Autumn,Maize,2778.16,3011.53,1.084001641
Jharkhand,DEOGHAR,2002,Autumn,Rice,1955.12,1772.64,0.906665576
Jharkhand,DEOGHAR,2002,Rabi,Wheat,3697.63,4729.26,1.278997628
Jharkhand,DEOGHAR,2002,Winter,Rice,65362.28,79750.5,1.220130326
Jharkhand,DEOGHAR,2003,Autumn,Maize,3156.77,4299.52,1.361999766
Jharkhand,DEOGHAR,2003,Autumn,Rice,4794.94,4593.55,0.957999474
Jharkhand,DEOGHAR,2003,Rabi,Wheat,3888.93,7093.41,1.824000432
Jharkhand,DEOGHAR,2003,Winter,Rice,51821.8,51234.49,0.988666739
Jharkhand,DEOGHAR,2004,Autumn,Maize,2478.72,3497.72,1.411099277
Jharkhand,DEOGHAR,2004,Autumn,Rice,2523.42,1963.22,0.777999699
Jharkhand,DEOGHAR,2004,Rabi,Gram,270.8,405.39,1.497008863
Jharkhand,DEOGHAR,2004,Rabi,Rapeseed &Mustard,10.34,4.39,0.424564797
Jharkhand,DEOGHAR,2004,Rabi,Wheat,3387.86,5515.44,1.628001157
Jharkhand,DEOGHAR,2004,Winter,Rice,45340.94,58610.72,1.292666628
Jharkhand,DEOGHAR,2005,Autumn,Maize,2530.1,1634.44,0.645998182
Jharkhand,DEOGHAR,2005,Autumn,Rice,1361.46,234.17,0.171999177
Jharkhand,DEOGHAR,2005,Rabi,Gram,210.67,230.89,1.095979494
Jharkhand,DEOGHAR,2005,Rabi,Potato,882.09,8139.93,9.228003945
Jharkhand,DEOGHAR,2005,Rabi,Rapeseed &Mustard,11.54,9.64,0.835355286
Jharkhand,DEOGHAR,2005,Rabi,Wheat,2621.47,2757.79,1.052001358
Jharkhand,DEOGHAR,2005,Winter,Rice,42757.54,8209.45,0.192000054
Jharkhand,DEOGHAR,2006,Autumn,Maize,2484.2,4159,1.674180823
Jharkhand,DEOGHAR,2006,Autumn,Ragi,55.98,44,0.785994998
Jharkhand,DEOGHAR,2006,Autumn,Rice,1621.25,1553.33,0.958106399
Jharkhand,DEOGHAR,2006,Rabi,Arhar/Tur,20.12,32,1.590457256
Jharkhand,DEOGHAR,2006,Rabi,Gram,219.6,153,0.696721311
Jharkhand,DEOGHAR,2006,Rabi,Masoor,3.25,2,0.615384615
Jharkhand,DEOGHAR,2006,Rabi,Onion,42.29,184,4.350910381
Jharkhand,DEOGHAR,2006,Rabi,Potato,1106.01,9355,8.458332203
Jharkhand,DEOGHAR,2006,Rabi,Rapeseed &Mustard,1111.52,196,0.176335109
Jharkhand,DEOGHAR,2006,Rabi,Wheat,6866.74,10458,1.522993444
Jharkhand,DEOGHAR,2006,Winter,Potato,319.48,2397,7.502817078
Jharkhand,DEOGHAR,2006,Winter,Rice,46232.26,86238.67,1.865335374
Jharkhand,DEOGHAR,2007,Autumn,Maize,2283.23,2653,1.161950395
Jharkhand,DEOGHAR,2007,Autumn,Ragi,19.72,11,0.557809331
Jharkhand,DEOGHAR,2007,Autumn,Rice,1754.25,2284,1.301980904
Jharkhand,DEOGHAR,2007,Rabi,Arhar/Tur,22.92,33,1.439790576
Jharkhand,DEOGHAR,2007,Rabi,Gram,208.63,183,0.877150937
Jharkhand,DEOGHAR,2007,Rabi,Masoor,1.05,0.68,0.647619048
Jharkhand,DEOGHAR,2007,Rabi,Potato,1123.97,9228,8.210183546
Jharkhand,DEOGHAR,2007,Rabi,Rapeseed &Mustard,24.44,24,0.981996727
Jharkhand,DEOGHAR,2007,Rabi,Wheat,3141.02,5588,1.77903993
Jharkhand,DEOGHAR,2007,Winter,Potato,134.76,992,7.361234788
Jharkhand,DEOGHAR,2007,Winter,Rice,46093.35,85272.67,1.849999403
Jharkhand,DEOGHAR,2010,Rabi,Arhar/Tur,21,27,1.285714286
Jharkhand,DEOGHAR,2010,Rabi,Gram,309,274,0.886731392
Jharkhand,DEOGHAR,2010,Rabi,Onion,23,236,10.26086957
Jharkhand,DEOGHAR,2010,Rabi,Potato,1224,7705,6.294934641
Jharkhand,DEOGHAR,2010,Rabi,Rapeseed &Mustard,82,114,1.390243902
Jharkhand,DEOGHAR,2010,Rabi,Wheat,2180,3652,1.675229358
Jharkhand,DHANBAD,2002,Autumn,Maize,1353.91,1150.82,0.849997415
Jharkhand,DHANBAD,2002,Rabi,Wheat,398.1,660.16,1.658276815
Jharkhand,DHANBAD,2002,Winter,Rice,21245,22024.03,1.036668863
Jharkhand,DHANBAD,2003,Autumn,Maize,1544.38,1740.52,1.127002422
Jharkhand,DHANBAD,2003,Rabi,Wheat,289.7,472.5,1.630997584
Jharkhand,DHANBAD,2003,Winter,Rice,29170.02,44066.18,1.510666774
Jharkhand,DHANBAD,2004,Autumn,Maize,968.27,1147.39,1.184989724
Jharkhand,DHANBAD,2004,Rabi,Gram,24.72,21.21,0.858009709
Jharkhand,DHANBAD,2004,Rabi,Wheat,123.91,114.99,0.928012267
Jharkhand,DHANBAD,2004,Winter,Rice,29158.22,32287.87,1.107333369
Jharkhand,DHANBAD,2005,Autumn,Maize,663.62,875.98,1.320002411
Jharkhand,DHANBAD,2005,Rabi,Wheat,56.14,56.08,0.998931243
Jharkhand,DHANBAD,2005,Winter,Rice,16996.32,12667.93,0.745333696
Jharkhand,DHANBAD,2006,Autumn,Maize,694.59,727,1.04666062
Jharkhand,DHANBAD,2006,Autumn,Ragi,37.59,45,1.197126895
Jharkhand,DHANBAD,2006,Autumn,Rice,2.78,2.67,0.960431655
Jharkhand,DHANBAD,2006,Rabi,Arhar/Tur,0.8,1,1.25
Jharkhand,DHANBAD,2006,Rabi,Gram,3.78,4,1.058201058
Jharkhand,DHANBAD,2006,Rabi,Onion,38.82,258,6.646058733
Jharkhand,DHANBAD,2006,Rabi,Potato,113.22,922,8.143437555
Jharkhand,DHANBAD,2006,Rabi,Wheat,134.51,174,1.29358412
Jharkhand,DHANBAD,2006,Winter,Potato,29.82,277,9.28906774
Jharkhand,DHANBAD,2006,Winter,Rice,19596.01,34632.67,1.767332738
Jharkhand,DHANBAD,2007,Autumn,Maize,585.72,3300,5.634091375
Jharkhand,DHANBAD,2007,Autumn,Ragi,16.49,4,0.242571255
Jharkhand,DHANBAD,2007,Rabi,Arhar/Tur,1.58,2,1.265822785
Jharkhand,DHANBAD,2007,Rabi,Onion,22.48,149,6.628113879
Jharkhand,DHANBAD,2007,Rabi,Potato,95.12,806,8.473507149
Jharkhand,DHANBAD,2007,Rabi,Rapeseed &Mustard,0.58,0.31,0.534482759
Jharkhand,DHANBAD,2007,Rabi,Wheat,42.57,66,1.550387597
Jharkhand,DHANBAD,2007,Winter,Potato,56.17,455,8.100409471
Jharkhand,DHANBAD,2007,Winter,Rice,23172.81,38698.67,1.670003336
Jharkhand,DHANBAD,2010,Rabi,Arhar/Tur,1,0.6,0.6
Jharkhand,DHANBAD,2010,Rabi,Gram,4,0.16,0.04
Jharkhand,DHANBAD,2010,Rabi,Onion,5,32,6.4
Jharkhand,DHANBAD,2010,Rabi,Potato,88,360,4.090909091
Jharkhand,DHANBAD,2010,Rabi,Rapeseed &Mustard,2,1,0.5
Jharkhand,DHANBAD,2010,Rabi,Wheat,40,56,1.4
Jharkhand,DUMKA,2002,Autumn,Maize,11002.27,16503.4,1.499999546
Jharkhand,DUMKA,2002,Autumn,Rice,4763.68,6347.45,1.332467756
Jharkhand,DUMKA,2002,Rabi,Arhar/Tur,387.77,874.6,2.255460711
Jharkhand,DUMKA,2002,Rabi,Rapeseed &Mustard,250.19,297.97,1.190974859
Jharkhand,DUMKA,2002,Rabi,Wheat,3168.47,5709.58,1.801999072
Jharkhand,DUMKA,2002,Winter,Rice,75492.94,108055.6,1.431333844
Jharkhand,DUMKA,2003,Autumn,Maize,11046.54,14150.62,1.281000205
Jharkhand,DUMKA,2003,Autumn,Rice,8310.89,7175.07,0.86333353
Jharkhand,DUMKA,2003,Kharif,Arhar/Tur,589.52,772.86,1.310998779
Jharkhand,DUMKA,2003,Rabi,Rapeseed &Mustard,554.31,555.42,1.00200249
Jharkhand,DUMKA,2003,Rabi,Wheat,3119.67,4592.15,1.471998641
Jharkhand,DUMKA,2003,Winter,Rice,74874.82,89051.12,1.189333343
Jharkhand,DUMKA,2004,Autumn,Maize,11095.85,29570.04,2.664963928
Jharkhand,DUMKA,2004,Autumn,Rice,3159.57,3096.38,0.980000443
Jharkhand,DUMKA,2004,Rabi,Arhar/Tur,548.85,727.78,1.326008928
Jharkhand,DUMKA,2004,Rabi,Gram,59.08,84.96,1.438050102
Jharkhand,DUMKA,2004,Rabi,Potato,1163.35,6158.77,5.293995788
Jharkhand,DUMKA,2004,Rabi,Rapeseed &Mustard,550.42,770.58,1.399985466
Jharkhand,DUMKA,2004,Rabi,Wheat,2987.09,5188.58,1.737001563
Jharkhand,DUMKA,2004,Winter,Rice,64976.73,98201.5,1.511333365
Jharkhand,DUMKA,2005,Autumn,Maize,9110.9,11470.62,1.25899966
Jharkhand,DUMKA,2005,Autumn,Rice,2965.4,3843.16,1.29600054
Jharkhand,DUMKA,2005,Rabi,Arhar/Tur,518.59,756.62,1.458994581
Jharkhand,DUMKA,2005,Rabi,Gram,57,52.44,0.92
Jharkhand,DUMKA,2005,Rabi,Potato,1120.82,11350.54,10.12699631
Jharkhand,DUMKA,2005,Rabi,Rapeseed &Mustard,550.83,586.63,1.064992829
Jharkhand,DUMKA,2005,Rabi,Wheat,2856.54,3904.89,1.366999937
Jharkhand,DUMKA,2005,Winter,Potato,661.68,4337.31,6.554996373
Jharkhand,DUMKA,2005,Winter,Rice,69111.7,68282.36,0.988000006
Jharkhand,DUMKA,2006,Autumn,Maize,9729.03,21189,2.177914962
Jharkhand,DUMKA,2006,Autumn,Ragi,102.85,81,0.787554691
Jharkhand,DUMKA,2006,Autumn,Rice,3012.14,3154.67,1.047318518
Jharkhand,DUMKA,2006,Rabi,Arhar/Tur,561.71,709,1.262217158
Jharkhand,DUMKA,2006,Rabi,Gram,65.39,40,0.611714329
Jharkhand,DUMKA,2006,Rabi,Masoor,2.2,1,0.454545455
Jharkhand,DUMKA,2006,Rabi,Onion,89.86,392,4.36234142
Jharkhand,DUMKA,2006,Rabi,Potato,1118.04,11075,9.905727881
Jharkhand,DUMKA,2006,Rabi,Rapeseed &Mustard,1376.42,590,0.428648232
Jharkhand,DUMKA,2006,Rabi,Wheat,6946.83,10865,1.564022727
Jharkhand,DUMKA,2006,Winter,Potato,634.11,6635,10.46348425
Jharkhand,DUMKA,2006,Winter,Rice,56210.7,71950,1.280005408
Jharkhand,DUMKA,2007,Autumn,Maize,8925.94,13130,1.470993531
Jharkhand,DUMKA,2007,Autumn,Ragi,93.83,51,0.543536182
Jharkhand,DUMKA,2007,Autumn,Rice,3428.1,3455.33,1.007943176
Jharkhand,DUMKA,2007,Rabi,Arhar/Tur,611.98,862,1.408542763
Jharkhand,DUMKA,2007,Rabi,Gram,94.49,72,0.761985395
Jharkhand,DUMKA,2007,Rabi,Masoor,2.73,2,0.732600733
Jharkhand,DUMKA,2007,Rabi,Onion,108.54,548,5.048829924
Jharkhand,DUMKA,2007,Rabi,Potato,1253.46,10525,8.396757774
Jharkhand,DUMKA,2007,Rabi,Rapeseed &Mustard,698.31,543,0.777591614
Jharkhand,DUMKA,2007,Rabi,Wheat,3079.88,5180,1.68188371
Jharkhand,DUMKA,2007,Winter,Potato,643.91,5275,8.192138653
Jharkhand,DUMKA,2007,Winter,Rice,55701.19,75344.67,1.352658175
Jharkhand,DUMKA,2010,Rabi,Arhar/Tur,1790,1779,0.993854749
Jharkhand,DUMKA,2010,Rabi,Gram,2320,1496,0.644827586
Jharkhand,DUMKA,2010,Rabi,Onion,110,1131,10.28181818
Jharkhand,DUMKA,2010,Rabi,Potato,3803,13984,3.677097029
Jharkhand,DUMKA,2010,Rabi,Rapeseed &Mustard,3920,2615,0.667091837
Jharkhand,DUMKA,2010,Rabi,Wheat,4955,6531,1.318062563
Jharkhand,EAST SINGHBUM,2002,Autumn,Rice,2525.35,1870.44,0.74066565
Jharkhand,EAST SINGHBUM,2002,Winter,Rice,86624.52,83506.03,0.963999916
Jharkhand,EAST SINGHBUM,2003,Autumn,Maize,1253.32,995.14,0.794003128
Jharkhand,EAST SINGHBUM,2003,Autumn,Rice,207599.95,158468,0.763333517
Jharkhand,EAST SINGHBUM,2003,Rabi,Wheat,330.62,450.3,1.361986571
Jharkhand,EAST SINGHBUM,2003,Winter,Rice,84048.56,92957.71,1.106000031
Jharkhand,EAST SINGHBUM,2004,Autumn,Maize,590.68,759.61,1.285992416
Jharkhand,EAST SINGHBUM,2004,Autumn,Rice,2370.03,2528.32,1.066788184
Jharkhand,EAST SINGHBUM,2004,Rabi,Gram,71.31,87.35,1.224933389
Jharkhand,EAST SINGHBUM,2004,Rabi,Rapeseed &Mustard,5.37,4.83,0.899441341
Jharkhand,EAST SINGHBUM,2004,Rabi,Wheat,303.19,367.77,1.213001748
Jharkhand,EAST SINGHBUM,2004,Winter,Rice,116810.64,89554.82,0.766666632
Jharkhand,EAST SINGHBUM,2005,Autumn,Maize,597.98,694.85,1.161995384
Jharkhand,EAST SINGHBUM,2005,Autumn,Rice,2278.47,1127.08,0.49466528
Jharkhand,EAST SINGHBUM,2005,Rabi,Gram,75.84,80.01,1.054984177
Jharkhand,EAST SINGHBUM,2005,Rabi,Rapeseed &Mustard,4.42,4.12,0.932126697
Jharkhand,EAST SINGHBUM,2005,Rabi,Wheat,301.57,248.49,0.823987797
Jharkhand,EAST SINGHBUM,2005,Winter,Rice,86438.35,45236.07,0.523333335
Jharkhand,EAST SINGHBUM,2006,Autumn,Maize,621.93,1414,2.273567765
Jharkhand,EAST SINGHBUM,2006,Autumn,Ragi,5.85,5,0.854700855
Jharkhand,EAST SINGHBUM,2006,Autumn,Rice,2449.49,1986,0.81078102
Jharkhand,EAST SINGHBUM,2006,Rabi,Arhar/Tur,146.18,203,1.388698864
Jharkhand,EAST SINGHBUM,2006,Rabi,Gram,62.81,46,0.732367457
Jharkhand,EAST SINGHBUM,2006,Rabi,Onion,18.36,105,5.718954248
Jharkhand,EAST SINGHBUM,2006,Rabi,Potato,97.13,788,8.112838464
Jharkhand,EAST SINGHBUM,2006,Rabi,Rapeseed &Mustard,42.55,28,0.658049354
Jharkhand,EAST SINGHBUM,2006,Rabi,Wheat,802.33,1054,1.313673925
Jharkhand,EAST SINGHBUM,2006,Winter,Potato,10.12,77,7.608695652
Jharkhand,EAST SINGHBUM,2006,Winter,Rice,86471.07,91140.67,1.054001876
Jharkhand,EAST SINGHBUM,2007,Autumn,Maize,1464.56,1508,1.029660785
Jharkhand,EAST SINGHBUM,2007,Autumn,Rice,2458.62,1866.67,0.759234855
Jharkhand,EAST SINGHBUM,2007,Rabi,Arhar/Tur,117.17,141,1.203379705
Jharkhand,EAST SINGHBUM,2007,Rabi,Gram,63.25,91,1.438735178
Jharkhand,EAST SINGHBUM,2007,Rabi,Onion,14.57,92,6.314344544
Jharkhand,EAST SINGHBUM,2007,Rabi,Potato,120.88,401,3.31733951
Jharkhand,EAST SINGHBUM,2007,Rabi,Rapeseed &Mustard,17.31,19,1.097631427
Jharkhand,EAST SINGHBUM,2007,Rabi,Wheat,324.34,432,1.331935623
Jharkhand,EAST SINGHBUM,2007,Winter,Potato,90.29,689,7.630966884
Jharkhand,EAST SINGHBUM,2007,Winter,Rice,92333.02,96457.33,1.044667769
Jharkhand,EAST SINGHBUM,2010,Rabi,Arhar/Tur,78,103,1.320512821
Jharkhand,EAST SINGHBUM,2010,Rabi,Gram,140,85,0.607142857
Jharkhand,EAST SINGHBUM,2010,Rabi,Onion,3,17,5.666666667
Jharkhand,EAST SINGHBUM,2010,Rabi,Potato,27,47,1.740740741
Jharkhand,EAST SINGHBUM,2010,Rabi,Rapeseed &Mustard,27,18,0.666666667
Jharkhand,EAST SINGHBUM,2010,Rabi,Wheat,227,146,0.643171806
Jharkhand,GARHWA,2002,Rabi,Arhar/Tur,4422.75,6952.56,1.571999322
Jharkhand,GARHWA,2002,Rabi,Rapeseed &Mustard,779.51,507.46,0.650998704
Jharkhand,GARHWA,2002,Rabi,Wheat,6904.01,7194.19,1.042030646
Jharkhand,GARHWA,2002,Winter,Rice,16368.26,15757.17,0.96266616
Jharkhand,GARHWA,2003,Autumn,Maize,7419.8,16813.27,2.266000431
Jharkhand,GARHWA,2003,Autumn,Rice,12032.5,9642.05,0.801333887
Jharkhand,GARHWA,2003,Kharif,Arhar/Tur,4326.84,4802.79,1.109999445
Jharkhand,GARHWA,2003,Rabi,Gram,2991.02,2324.02,0.776999151
Jharkhand,GARHWA,2003,Rabi,Masoor,1778.23,4836.79,2.720002474
Jharkhand,GARHWA,2003,Rabi,Rapeseed &Mustard,591.38,366.06,0.618992864
Jharkhand,GARHWA,2003,Rabi,Wheat,6385.51,7943.57,1.243999305
Jharkhand,GARHWA,2003,Whole Year,Onion,199.96,1634.67,8.174984997
Jharkhand,GARHWA,2003,Winter,Rice,19919.18,20144.93,1.011333298
Jharkhand,GARHWA,2004,Autumn,Maize,9696.73,11034.87,1.137999099
Jharkhand,GARHWA,2004,Autumn,Rice,6381.61,3075.94,0.482000624
Jharkhand,GARHWA,2004,Rabi,Arhar/Tur,3714.24,6262.21,1.686000366
Jharkhand,GARHWA,2004,Rabi,Barley,2962.57,1801.24,0.607999136
Jharkhand,GARHWA,2004,Rabi,Gram,2856.42,1816.68,0.635998908
Jharkhand,GARHWA,2004,Rabi,Masoor,743.2,447.41,0.602004844
Jharkhand,GARHWA,2004,Rabi,Onion,196.57,1515.75,7.710993539
Jharkhand,GARHWA,2004,Rabi,Rapeseed &Mustard,673.41,551.52,0.818995857
Jharkhand,GARHWA,2004,Rabi,Wheat,6640.24,5020.02,0.755999783
Jharkhand,GARHWA,2004,Winter,Rice,13462.19,5223.33,0.388000021
Jharkhand,GARHWA,2005,Autumn,Maize,8309.58,5957.97,0.717000137
Jharkhand,GARHWA,2005,Autumn,Rice,4781.84,1801.16,0.376666722
Jharkhand,GARHWA,2005,Rabi,Arhar/Tur,3743.35,3803.24,1.015999038
Jharkhand,GARHWA,2005,Rabi,Gram,2813.91,1451.98,0.516000867
Jharkhand,GARHWA,2005,Rabi,Masoor,750.35,292.64,0.390004664
Jharkhand,GARHWA,2005,Rabi,Onion,193.08,1297.69,6.720996478
Jharkhand,GARHWA,2005,Rabi,Potato,502,3241.41,6.456992032
Jharkhand,GARHWA,2005,Rabi,Rapeseed &Mustard,674.91,430.59,0.637996177
Jharkhand,GARHWA,2005,Rabi,Wheat,6433.74,4001.79,0.622000578
Jharkhand,GARHWA,2005,Winter,Potato,804.43,5799.14,7.209005134
Jharkhand,GARHWA,2005,Winter,Rice,11249.58,2752.4,0.244666912
Jharkhand,GARHWA,2006,Autumn,Maize,5971.09,11130,1.863981283
Jharkhand,GARHWA,2006,Autumn,Ragi,566.14,437,0.771893878
Jharkhand,GARHWA,2006,Autumn,Rice,4851.82,3716.67,0.76603625
Jharkhand,GARHWA,2006,Rabi,Arhar/Tur,197.97,312,1.575996363
Jharkhand,GARHWA,2006,Rabi,Gram,3166.22,1922,0.607032992
Jharkhand,GARHWA,2006,Rabi,Masoor,571.25,311,0.544420131
Jharkhand,GARHWA,2006,Rabi,Onion,127.79,888,6.94890054
Jharkhand,GARHWA,2006,Rabi,Potato,228.1,1490,6.532222709
Jharkhand,GARHWA,2006,Rabi,Rapeseed &Mustard,1335.29,923,0.691235612
Jharkhand,GARHWA,2006,Rabi,Wheat,10283.05,7476,0.727021652
Jharkhand,GARHWA,2006,Winter,Potato,820.75,5017,6.112701797
Jharkhand,GARHWA,2006,Winter,Rice,12053.24,10679.33,0.886013221
Jharkhand,GARHWA,2007,Autumn,Maize,6622.62,6099,0.920934615
Jharkhand,GARHWA,2007,Autumn,Ragi,493.86,461,0.933462925
Jharkhand,GARHWA,2007,Autumn,Rice,4713.97,2068,0.438696046
Jharkhand,GARHWA,2007,Rabi,Arhar/Tur,1923.93,2493,1.29578519
Jharkhand,GARHWA,2007,Rabi,Gram,3171.17,1782,0.561937708
Jharkhand,GARHWA,2007,Rabi,Masoor,575.46,304,0.528273034
Jharkhand,GARHWA,2007,Rabi,Onion,135.34,999,7.381409783
Jharkhand,GARHWA,2007,Rabi,Potato,232.02,1752,7.551073183
Jharkhand,GARHWA,2007,Rabi,Rapeseed &Mustard,548.39,619,1.12875873
Jharkhand,GARHWA,2007,Rabi,Wheat,7009.67,7928,1.13100902
Jharkhand,GARHWA,2007,Whole Year,Sugarcane,129.6,5440,41.97530864
Jharkhand,GARHWA,2007,Winter,Potato,847.67,5880,6.936661673
Jharkhand,GARHWA,2007,Winter,Rice,12270.47,8000.67,0.652026369
Jharkhand,GARHWA,2010,Rabi,Arhar/Tur,4037,4118,1.020064404
Jharkhand,GARHWA,2010,Rabi,Gram,2375,1389,0.584842105
Jharkhand,GARHWA,2010,Rabi,Masoor,712,372,0.52247191
Jharkhand,GARHWA,2010,Rabi,Onion,245,1365,5.571428571
Jharkhand,GARHWA,2010,Rabi,Potato,558,3640,6.523297491
Jharkhand,GARHWA,2010,Rabi,Rapeseed &Mustard,927,578,0.623516721
Jharkhand,GARHWA,2010,Rabi,Wheat,6258,5563,0.888942154
Jharkhand,GIRIDIH,2002,Autumn,Maize,9656.45,8488.01,0.878999011
Jharkhand,GIRIDIH,2002,Autumn,Ragi,3247.35,1211.26,0.372999523
Jharkhand,GIRIDIH,2002,Autumn,Rice,48.51,17.27,0.35600907
Jharkhand,GIRIDIH,2002,Rabi,Potato,1452.95,18458.27,12.70399532
Jharkhand,GIRIDIH,2002,Rabi,Wheat,4149.34,5842.27,1.407999826
Jharkhand,GIRIDIH,2002,Winter,Rice,48794.45,44858.36,0.919333244
Jharkhand,GIRIDIH,2003,Autumn,Maize,6824.42,8086.94,1.185000337
Jharkhand,GIRIDIH,2003,Autumn,Ragi,7227.08,3035.37,0.419999502
Jharkhand,GIRIDIH,2003,Autumn,Rice,7523.5,6169.27,0.82
Jharkhand,GIRIDIH,2003,Rabi,Potato,1691.08,23776.58,14.05999716
Jharkhand,GIRIDIH,2003,Rabi,Wheat,4309.88,5891.61,1.367000937
Jharkhand,GIRIDIH,2003,Whole Year,Onion,151.82,2166.92,14.27295481
Jharkhand,GIRIDIH,2003,Winter,Rice,62305.55,73229.79,1.175333337
Jharkhand,GIRIDIH,2004,Autumn,Maize,5562.32,6190.86,1.112999612
Jharkhand,GIRIDIH,2004,Autumn,Ragi,2258.6,923.76,0.408996724
Jharkhand,GIRIDIH,2004,Autumn,Rice,2518.43,1418.72,0.563335094
Jharkhand,GIRIDIH,2004,Rabi,Gram,310.93,266.78,0.858006625
Jharkhand,GIRIDIH,2004,Rabi,Onion,75.14,1106.44,14.72504658
Jharkhand,GIRIDIH,2004,Rabi,Potato,1639.52,21182.6,12.92000098
Jharkhand,GIRIDIH,2004,Rabi,Rapeseed &Mustard,6.54,5.89,0.900611621
Jharkhand,GIRIDIH,2004,Rabi,Wheat,4268.26,5740.81,1.34500007
Jharkhand,GIRIDIH,2004,Winter,Rice,49216.94,45509.27,0.924666792
Jharkhand,GIRIDIH,2005,Autumn,Maize,5562.32,3904.75,0.702000245
Jharkhand,GIRIDIH,2005,Autumn,Ragi,2258.6,1852.05,0.819999114
Jharkhand,GIRIDIH,2005,Autumn,Rice,2518.43,1553.03,0.616665939
Jharkhand,GIRIDIH,2005,Rabi,Arhar/Tur,30.96,50.93,1.64502584
Jharkhand,GIRIDIH,2005,Rabi,Gram,103.18,65.52,0.635006784
Jharkhand,GIRIDIH,2005,Rabi,Onion,24.42,323.61,13.25184275
Jharkhand,GIRIDIH,2005,Rabi,Potato,1784.63,24740.33,13.86300242
Jharkhand,GIRIDIH,2005,Rabi,Wheat,3396.43,3973.82,1.169999087
Jharkhand,GIRIDIH,2005,Winter,Rice,49570.32,16192.97,0.326666642
Jharkhand,GIRIDIH,2006,Autumn,Maize,5922.05,5887,0.994081441
Jharkhand,GIRIDIH,2006,Autumn,Ragi,2073.88,2609,1.25802843
Jharkhand,GIRIDIH,2006,Autumn,Rice,2199.37,2192,0.99664904
Jharkhand,GIRIDIH,2006,Rabi,Arhar/Tur,1.29,2,1.550387597
Jharkhand,GIRIDIH,2006,Rabi,Gram,155.09,145,0.934941002
Jharkhand,GIRIDIH,2006,Rabi,Onion,79.57,1085,13.63579238
Jharkhand,GIRIDIH,2006,Rabi,Potato,196.2,2455,12.5127421
Jharkhand,GIRIDIH,2006,Rabi,Rapeseed &Mustard,62.88,36,0.572519084
Jharkhand,GIRIDIH,2006,Rabi,Wheat,8578.47,10817,1.260947465
Jharkhand,GIRIDIH,2006,Winter,Potato,1741.22,24647,14.15501775
Jharkhand,GIRIDIH,2006,Winter,Rice,55245.22,75870,1.373331485
Jharkhand,GIRIDIH,2007,Autumn,Maize,6418.36,6470,1.008045669
Jharkhand,GIRIDIH,2007,Autumn,Ragi,2135.15,3719,1.741798
Jharkhand,GIRIDIH,2007,Autumn,Rice,4936.47,4650,0.941968654
Jharkhand,GIRIDIH,2007,Rabi,Arhar/Tur,32.97,55,1.668183197
Jharkhand,GIRIDIH,2007,Rabi,Gram,295.38,454,1.537003182
Jharkhand,GIRIDIH,2007,Rabi,Onion,156.16,1506,9.643954918
Jharkhand,GIRIDIH,2007,Rabi,Potato,2522.77,25576,10.13806253
Jharkhand,GIRIDIH,2007,Rabi,Wheat,4037.88,5532,1.370025855
Jharkhand,GIRIDIH,2007,Winter,Potato,1443.32,20019,13.87010504
Jharkhand,GIRIDIH,2007,Winter,Rice,56946.21,82078.67,1.441336833
Jharkhand,GIRIDIH,2010,Rabi,Arhar/Tur,264,376,1.424242424
Jharkhand,GIRIDIH,2010,Rabi,Gram,296,139,0.469594595
Jharkhand,GIRIDIH,2010,Rabi,Onion,80,638,7.975
Jharkhand,GIRIDIH,2010,Rabi,Potato,2385,15846,6.644025157
Jharkhand,GIRIDIH,2010,Rabi,Rapeseed &Mustard,86,66,0.76744186
Jharkhand,GIRIDIH,2010,Rabi,Wheat,3406,1839,0.539929536
Jharkhand,GODDA,2002,Autumn,Maize,4690.39,5398.63,1.150998105
Jharkhand,GODDA,2002,Autumn,Rice,2814.79,2233.07,0.793334494
Jharkhand,GODDA,2002,Rabi,Arhar/Tur,885.27,1451.84,1.639996837
Jharkhand,GODDA,2002,Rabi,Gram,138.96,123.11,0.8859384
Jharkhand,GODDA,2002,Rabi,Masoor,1175.22,1003.63,0.853993295
Jharkhand,GODDA,2002,Rabi,Rapeseed &Mustard,719.83,577.3,0.801994915
Jharkhand,GODDA,2002,Rabi,Wheat,6029.43,7759.87,1.286998937
Jharkhand,GODDA,2002,Winter,Rice,49969.92,65094.15,1.302666684
Jharkhand,GODDA,2003,Autumn,Maize,4701.54,5655.95,1.202999443
Jharkhand,GODDA,2003,Autumn,Rice,7008.33,5503.87,0.785332597
Jharkhand,GODDA,2003,Kharif,Arhar/Tur,1128.04,2125.23,1.88400234
Jharkhand,GODDA,2003,Rabi,Barley,1051.19,1249.86,1.188995329
Jharkhand,GODDA,2003,Rabi,Gram,1181.77,1114.41,0.943000753
Jharkhand,GODDA,2003,Rabi,Masoor,2205.83,2161.71,0.979998459
Jharkhand,GODDA,2003,Rabi,Rapeseed &Mustard,671.05,538.18,0.801996871
Jharkhand,GODDA,2003,Rabi,Wheat,5575.11,8663.72,1.553999831
Jharkhand,GODDA,2003,Winter,Rice,45939.53,52248.56,1.13733336
Jharkhand,GODDA,2004,Autumn,Maize,4583.72,6220.1,1.356998246
Jharkhand,GODDA,2004,Autumn,Rice,3286.21,2313.49,0.70399944
Jharkhand,GODDA,2004,Rabi,Arhar/Tur,986,1797.48,1.823002028
Jharkhand,GODDA,2004,Rabi,Gram,1573.22,1411.18,0.897001055
Jharkhand,GODDA,2004,Rabi,Masoor,984.16,630.85,0.641003495
Jharkhand,GODDA,2004,Rabi,Rapeseed &Mustard,715.85,781.7,1.091988545
Jharkhand,GODDA,2004,Rabi,Wheat,6987.49,13807.28,1.975999966
Jharkhand,GODDA,2004,Winter,Rice,42128.09,57406.55,1.36266681
Jharkhand,GODDA,2005,Autumn,Maize,6926.14,7978.91,1.151999526
Jharkhand,GODDA,2005,Autumn,Rice,6625.01,4933.43,0.744667555
Jharkhand,GODDA,2005,Rabi,Arhar/Tur,769.2,863.81,1.12299792
Jharkhand,GODDA,2005,Rabi,Gram,1478.13,1194.33,0.808000649
Jharkhand,GODDA,2005,Rabi,Masoor,1002.55,598.52,0.596997656
Jharkhand,GODDA,2005,Rabi,Potato,679.39,5464.33,8.042994451
Jharkhand,GODDA,2005,Rabi,Rapeseed &Mustard,814.44,498.44,0.61200334
Jharkhand,GODDA,2005,Rabi,Wheat,5409.41,7302.7,1.349999353
Jharkhand,GODDA,2005,Winter,Potato,623.67,4790.15,7.680584283
Jharkhand,GODDA,2005,Winter,Rice,36095.38,43362.58,1.201333245
Jharkhand,GODDA,2006,Autumn,Maize,4233.22,6976,1.647918133
Jharkhand,GODDA,2006,Autumn,Ragi,198.54,157,0.79077264
Jharkhand,GODDA,2006,Autumn,Rice,6440.25,8702.67,1.351293816
Jharkhand,GODDA,2006,Rabi,Arhar/Tur,865.42,1767,2.04178318
Jharkhand,GODDA,2006,Rabi,Gram,1322.44,1173,0.886996764
Jharkhand,GODDA,2006,Rabi,Masoor,785.96,429,0.545829304
Jharkhand,GODDA,2006,Rabi,Onion,57.83,252,4.357599862
Jharkhand,GODDA,2006,Rabi,Potato,686.35,5396,7.861878051
Jharkhand,GODDA,2006,Rabi,Rapeseed &Mustard,1794.19,1085,0.604729711
Jharkhand,GODDA,2006,Rabi,Wheat,13486.11,22764,1.687958944
Jharkhand,GODDA,2006,Whole Year,Sugarcane,38.2,1710,44.76439791
Jharkhand,GODDA,2006,Winter,Potato,1013.85,8114,8.003156285
Jharkhand,GODDA,2006,Winter,Rice,12932.51,20071.33,1.552005759
Jharkhand,GODDA,2007,Autumn,Maize,4810.38,12671,2.634095435
Jharkhand,GODDA,2007,Autumn,Ragi,194.46,105,0.539956803
Jharkhand,GODDA,2007,Autumn,Rice,6437.16,5673.33,0.881340529
Jharkhand,GODDA,2007,Rabi,Arhar/Tur,732.77,1170,1.596681087
Jharkhand,GODDA,2007,Rabi,Gram,1232.61,1034,0.838870365
Jharkhand,GODDA,2007,Rabi,Masoor,823.89,533,0.646931022
Jharkhand,GODDA,2007,Rabi,Onion,15.23,77,5.0558109
Jharkhand,GODDA,2007,Rabi,Potato,719.1,4738,6.588791545
Jharkhand,GODDA,2007,Rabi,Rapeseed &Mustard,676.84,529,0.781573193
Jharkhand,GODDA,2007,Rabi,Wheat,4393.16,6937,1.579045607
Jharkhand,GODDA,2007,Whole Year,Sugarcane,40.46,1700,42.01680672
Jharkhand,GODDA,2007,Winter,Potato,735.95,4133,5.615870643
Jharkhand,GODDA,2007,Winter,Rice,34923.67,54900,1.571999735
Jharkhand,GODDA,2010,Rabi,Arhar/Tur,600,1117,1.861666667
Jharkhand,GODDA,2010,Rabi,Gram,1150,980,0.852173913
Jharkhand,GODDA,2010,Rabi,Masoor,814,833,1.023341523
Jharkhand,GODDA,2010,Rabi,Onion,17,84,4.941176471
Jharkhand,GODDA,2010,Rabi,Potato,651,4391,6.74500768
Jharkhand,GODDA,2010,Rabi,Rapeseed &Mustard,1470,1351,0.919047619
Jharkhand,GODDA,2010,Rabi,Wheat,3714,5055,1.361066236
Jharkhand,GUMLA,2002,Autumn,Maize,1936.99,2151.99,1.110996959
Jharkhand,GUMLA,2002,Autumn,Ragi,7847.8,18999.52,2.420999516
Jharkhand,GUMLA,2002,Autumn,Rice,37524.16,17035.97,0.454000036
Jharkhand,GUMLA,2002,Rabi,Arhar/Tur,847.31,822.73,0.970990547
Jharkhand,GUMLA,2002,Rabi,Gram,318.4,172.57,0.541991206
Jharkhand,GUMLA,2002,Rabi,Potato,1118.25,3712.59,3.32
Jharkhand,GUMLA,2002,Rabi,Rapeseed &Mustard,178.91,114.32,0.638980493
Jharkhand,GUMLA,2002,Rabi,Wheat,1454.58,1393.48,0.957994748
Jharkhand,GUMLA,2002,Winter,Potato,1841.95,10062.57,5.462998453
Jharkhand,GUMLA,2002,Winter,Rice,73275.89,48948.29,0.667999938
Jharkhand,GUMLA,2003,Autumn,Maize,1865.51,2760.95,1.479997427
Jharkhand,GUMLA,2003,Autumn,Ragi,20190.6,12619.13,0.625000248
Jharkhand,GUMLA,2003,Autumn,Rice,92407.26,46819.68,0.506666684
Jharkhand,GUMLA,2003,Kharif,Arhar/Tur,1003.33,1346.47,1.342001136
Jharkhand,GUMLA,2003,Rabi,Gram,354.86,545.82,1.538127712
Jharkhand,GUMLA,2003,Rabi,Potato,964.11,3865.12,4.009003122
Jharkhand,GUMLA,2003,Rabi,Rapeseed &Mustard,188.18,219.79,1.167977468
Jharkhand,GUMLA,2003,Rabi,Wheat,1440.04,1676.21,1.164002389
Jharkhand,GUMLA,2003,Winter,Potato,2181.33,12586.27,5.76999812
Jharkhand,GUMLA,2003,Winter,Rice,72630.25,59605.23,0.820666733
Jharkhand,GUMLA,2004,Autumn,Maize,3640.53,3520.39,0.966999311
Jharkhand,GUMLA,2004,Autumn,Ragi,7500.57,6998.03,0.932999759
Jharkhand,GUMLA,2004,Autumn,Rice,29541.33,18985.23,0.642666732
Jharkhand,GUMLA,2004,Rabi,Arhar/Tur,726.85,833.7,1.147004196
Jharkhand,GUMLA,2004,Rabi,Gram,352.54,217.87,0.618000794
Jharkhand,GUMLA,2004,Rabi,Rapeseed &Mustard,169.66,118.76,0.699988212
Jharkhand,GUMLA,2004,Rabi,Wheat,1238.37,1212.36,0.978996584
Jharkhand,GUMLA,2004,Winter,Rice,71928.46,37786.42,0.525333366
Jharkhand,GUMLA,2005,Autumn,Maize,1995.21,2591.78,1.299001108
Jharkhand,GUMLA,2005,Autumn,Ragi,8178.22,9175.96,1.121999653
Jharkhand,GUMLA,2005,Autumn,Rice,36389.19,18873.86,0.51866667
Jharkhand,GUMLA,2005,Rabi,Arhar/Tur,726.85,564.04,0.776006054
Jharkhand,GUMLA,2005,Rabi,Gram,352.54,201.65,0.571991831
Jharkhand,GUMLA,2005,Rabi,Potato,1036.21,3510.68,3.388000502
Jharkhand,GUMLA,2005,Rabi,Rapeseed &Mustard,169.66,177.46,1.045974302
Jharkhand,GUMLA,2005,Rabi,Wheat,1238.37,1500.9,1.211996415
Jharkhand,GUMLA,2005,Winter,Potato,1889.3,8516.96,4.507997671
Jharkhand,GUMLA,2005,Winter,Rice,71097.9,60670.21,0.853333361
Jharkhand,GUMLA,2006,Autumn,Maize,1942.59,3231,1.663243402
Jharkhand,GUMLA,2006,Autumn,Ragi,8005.81,6437,0.804041065
Jharkhand,GUMLA,2006,Autumn,Rice,35587.72,24270.67,0.681995643
Jharkhand,GUMLA,2006,Rabi,Arhar/Tur,331.44,377,1.137460777
Jharkhand,GUMLA,2006,Rabi,Gram,147.03,77,0.523702646
Jharkhand,GUMLA,2006,Rabi,Onion,363.9,1868,5.133278373
Jharkhand,GUMLA,2006,Rabi,Potato,1035.95,4248,4.100584005
Jharkhand,GUMLA,2006,Rabi,Rapeseed &Mustard,175.83,224,1.2739578
Jharkhand,GUMLA,2006,Rabi,Wheat,3916.78,5327,1.360045752
Jharkhand,GUMLA,2006,Winter,Potato,2047.39,7809,3.814124324
Jharkhand,GUMLA,2006,Winter,Rice,71166.84,49010,0.688663428
Jharkhand,GUMLA,2007,Autumn,Maize,2126.13,2152,1.012167647
Jharkhand,GUMLA,2007,Autumn,Ragi,7868.66,6838,0.869017088
Jharkhand,GUMLA,2007,Autumn,Rice,36101.68,32684,0.905331829
Jharkhand,GUMLA,2007,Rabi,Arhar/Tur,801.01,1150,1.435687445
Jharkhand,GUMLA,2007,Rabi,Gram,357.24,164,0.459075132
Jharkhand,GUMLA,2007,Rabi,Masoor,41.78,27,0.646242221
Jharkhand,GUMLA,2007,Rabi,Onion,326.19,1608,4.929642233
Jharkhand,GUMLA,2007,Rabi,Potato,1026.23,6257,6.097073755
Jharkhand,GUMLA,2007,Rabi,Rapeseed &Mustard,373.35,269,0.720503549
Jharkhand,GUMLA,2007,Rabi,Wheat,1073.58,1257,1.170848935
Jharkhand,GUMLA,2007,Winter,Potato,2137.65,9568,4.475943209
Jharkhand,GUMLA,2007,Winter,Rice,70687.33,66540,0.941328524
Jharkhand,GUMLA,2010,Rabi,Arhar/Tur,720,598,0.830555556
Jharkhand,GUMLA,2010,Rabi,Gram,305,157,0.514754098
Jharkhand,GUMLA,2010,Rabi,Onion,298,1663,5.580536913
Jharkhand,GUMLA,2010,Rabi,Potato,903,3401,3.766334441
Jharkhand,GUMLA,2010,Rabi,Rapeseed &Mustard,285,252,0.884210526
Jharkhand,GUMLA,2010,Rabi,Wheat,870,1087,1.249425287
Jharkhand,HAZARIBAGH,2002,Autumn,Maize,8017,7656.24,0.955000624
Jharkhand,HAZARIBAGH,2002,Autumn,Ragi,1853.22,1866.19,1.006998629
Jharkhand,HAZARIBAGH,2002,Autumn,Rice,4858.61,4152.49,0.854666252
Jharkhand,HAZARIBAGH,2002,Rabi,Arhar/Tur,708.12,1663.44,2.349093374
Jharkhand,HAZARIBAGH,2002,Rabi,Gram,839.32,681.52,0.811990659
Jharkhand,HAZARIBAGH,2002,Rabi,Potato,2614.12,17744.64,6.787997491
Jharkhand,HAZARIBAGH,2002,Rabi,Wheat,4225.79,7509.2,1.776993178
Jharkhand,HAZARIBAGH,2002,Winter,Potato,5505.66,42206.38,7.665998264
Jharkhand,HAZARIBAGH,2002,Winter,Rice,51597.51,53145.43,1.029999897
Jharkhand,HAZARIBAGH,2003,Autumn,Maize,5811,7786.74,1.34
Jharkhand,HAZARIBAGH,2003,Autumn,Ragi,3434.22,3657.44,1.064998748
Jharkhand,HAZARIBAGH,2003,Autumn,Rice,10559.2,10735.19,1.016666982
Jharkhand,HAZARIBAGH,2003,Kharif,Arhar/Tur,574.74,908.09,1.580001392
Jharkhand,HAZARIBAGH,2003,Rabi,Barley,43.2,36.76,0.850925926
Jharkhand,HAZARIBAGH,2003,Rabi,Gram,769.84,742.13,0.964005508
Jharkhand,HAZARIBAGH,2003,Rabi,Potato,2310.39,17334.86,7.503001658
Jharkhand,HAZARIBAGH,2003,Rabi,Wheat,3418.78,5620.47,1.643998736
Jharkhand,HAZARIBAGH,2003,Whole Year,Onion,287.2,2182.72,7.6
Jharkhand,HAZARIBAGH,2003,Whole Year,Sugarcane,338.45,965.56,2.852888167
Jharkhand,HAZARIBAGH,2003,Winter,Potato,4971.07,39768.56,8
Jharkhand,HAZARIBAGH,2003,Winter,Rice,45358.91,52465.14,1.156666684
Jharkhand,HAZARIBAGH,2004,Autumn,Maize,5526.04,8791.92,1.590998256
Jharkhand,HAZARIBAGH,2004,Autumn,Ragi,1144.77,1260.39,1.100998454
Jharkhand,HAZARIBAGH,2004,Autumn,Rice,4151.53,3240.96,0.780666405
Jharkhand,HAZARIBAGH,2004,Rabi,Arhar/Tur,739.16,960.17,1.299001569
Jharkhand,HAZARIBAGH,2004,Rabi,Gram,961.15,796.79,0.828996515
Jharkhand,HAZARIBAGH,2004,Rabi,Onion,287.45,2165.36,7.532997043
Jharkhand,HAZARIBAGH,2004,Rabi,Potato,1978.79,14579.72,7.367997615
Jharkhand,HAZARIBAGH,2004,Rabi,Rapeseed &Mustard,67.72,40.89,0.603809805
Jharkhand,HAZARIBAGH,2004,Rabi,Wheat,3636.47,5021.97,1.381001356
Jharkhand,HAZARIBAGH,2004,Whole Year,Sugarcane,542.97,13957.57,25.70596902
Jharkhand,HAZARIBAGH,2004,Winter,Potato,5354.95,42009.58,7.844999486
Jharkhand,HAZARIBAGH,2004,Winter,Rice,39617.24,24826.81,0.626666825
Jharkhand,HAZARIBAGH,2005,Autumn,Maize,6084.97,7119.41,1.169999195
Jharkhand,HAZARIBAGH,2005,Autumn,Ragi,1029.21,875.86,0.851002225
Jharkhand,HAZARIBAGH,2005,Autumn,Rice,3998.91,2231.39,0.557999555
Jharkhand,HAZARIBAGH,2005,Rabi,Arhar/Tur,30.96,50.43,1.628875969
Jharkhand,HAZARIBAGH,2005,Rabi,Gram,767.22,589.22,0.767993535
Jharkhand,HAZARIBAGH,2005,Rabi,Onion,449.36,2541.13,5.65499822
Jharkhand,HAZARIBAGH,2005,Rabi,Potato,1757.1,10843.06,6.170997667
Jharkhand,HAZARIBAGH,2005,Rabi,Rapeseed &Mustard,67.72,26.95,0.397962197
Jharkhand,HAZARIBAGH,2005,Rabi,Wheat,2877.06,3524.4,1.225000521
Jharkhand,HAZARIBAGH,2005,Whole Year,Sugarcane,130.68,537.88,4.116008571
Jharkhand,HAZARIBAGH,2005,Winter,Potato,5110.83,35218.73,6.891000092
Jharkhand,HAZARIBAGH,2005,Winter,Rice,36356.25,24988.86,0.687333265
Jharkhand,HAZARIBAGH,2006,Autumn,Maize,5823.36,8287,1.4230616
Jharkhand,HAZARIBAGH,2006,Autumn,Ragi,993.85,1051,1.057503647
Jharkhand,HAZARIBAGH,2006,Autumn,Rice,3462.76,2677.33,0.773178043
Jharkhand,HAZARIBAGH,2006,Rabi,Arhar/Tur,319.59,577,1.805438218
Jharkhand,HAZARIBAGH,2006,Rabi,Gram,761.58,689,0.904698128
Jharkhand,HAZARIBAGH,2006,Rabi,Masoor,24.73,11,0.444803882
Jharkhand,HAZARIBAGH,2006,Rabi,Onion,445.69,2518,5.649666809
Jharkhand,HAZARIBAGH,2006,Rabi,Potato,1868.04,14916,7.984839725
Jharkhand,HAZARIBAGH,2006,Rabi,Rapeseed &Mustard,444.84,278,0.6249438
Jharkhand,HAZARIBAGH,2006,Rabi,Wheat,8631.66,11963,1.385944303
Jharkhand,HAZARIBAGH,2006,Whole Year,Sugarcane,72.36,3240,44.7761194
Jharkhand,HAZARIBAGH,2006,Winter,Potato,5394.02,44549,8.258960849
Jharkhand,HAZARIBAGH,2006,Winter,Rice,44170.57,56155.33,1.271329077
Jharkhand,HAZARIBAGH,2007,Autumn,Maize,4982.8,5900,1.184073212
Jharkhand,HAZARIBAGH,2007,Autumn,Ragi,964.98,845,0.875665817
Jharkhand,HAZARIBAGH,2007,Autumn,Rice,3074.29,2996.67,0.974751894
Jharkhand,HAZARIBAGH,2007,Rabi,Arhar/Tur,559.68,669,1.195325901
Jharkhand,HAZARIBAGH,2007,Rabi,Gram,283.09,288,1.017344307
Jharkhand,HAZARIBAGH,2007,Rabi,Masoor,14.9,8,0.536912752
Jharkhand,HAZARIBAGH,2007,Rabi,Onion,452.91,2622,5.789229648
Jharkhand,HAZARIBAGH,2007,Rabi,Potato,1958.26,13686,6.988857455
Jharkhand,HAZARIBAGH,2007,Rabi,Rapeseed &Mustard,169.21,85,0.502334377
Jharkhand,HAZARIBAGH,2007,Rabi,Wheat,3446.08,5603,1.625905377
Jharkhand,HAZARIBAGH,2007,Whole Year,Sugarcane,77.62,3260,41.99948467
Jharkhand,HAZARIBAGH,2007,Winter,Potato,4891.92,28990,5.926098546
Jharkhand,HAZARIBAGH,2007,Winter,Rice,40671.59,61875.33,1.521340326
Jharkhand,HAZARIBAGH,2010,Rabi,Arhar/Tur,303,508,1.676567657
Jharkhand,HAZARIBAGH,2010,Rabi,Gram,775,634,0.818064516
Jharkhand,HAZARIBAGH,2010,Rabi,Onion,213,1223,5.741784038
Jharkhand,HAZARIBAGH,2010,Rabi,Potato,1195,11221,9.389958159
Jharkhand,HAZARIBAGH,2010,Rabi,Rapeseed &Mustard,244,126,0.516393443
Jharkhand,HAZARIBAGH,2010,Rabi,Wheat,2176,4019,1.846966912
Jharkhand,JAMTARA,2003,Autumn,Maize,2770.74,4951.31,1.786999141
Jharkhand,JAMTARA,2003,Rabi,Potato,245.79,793.9,3.229993084
Jharkhand,JAMTARA,2003,Rabi,Wheat,903.32,1382.98,1.530996767
Jharkhand,JAMTARA,2003,Winter,Rice,33296.39,38934.58,1.169333372
Jharkhand,JAMTARA,2004,Autumn,Maize,2709.74,3403.43,1.255998731
Jharkhand,JAMTARA,2004,Rabi,Gram,7.6,5.94,0.781578947
Jharkhand,JAMTARA,2004,Rabi,Rapeseed &Mustard,135.37,211.98,1.565930413
Jharkhand,JAMTARA,2004,Rabi,Wheat,902.05,1517.25,1.682002106
Jharkhand,JAMTARA,2004,Winter,Rice,29090.55,38128.01,1.310666522
Jharkhand,JAMTARA,2005,Autumn,Maize,2709.73,2679.93,0.989002594
Jharkhand,JAMTARA,2005,Rabi,Gram,8.54,10.48,1.227166276
Jharkhand,JAMTARA,2005,Rabi,Potato,246.04,1584.99,6.442001301
Jharkhand,JAMTARA,2005,Rabi,Rapeseed &Mustard,139.09,104.04,0.748004889
Jharkhand,JAMTARA,2005,Rabi,Wheat,1712.62,2536.39,1.480999872
Jharkhand,JAMTARA,2005,Winter,Potato,202.49,1306.26,6.450985234
Jharkhand,JAMTARA,2005,Winter,Rice,33697.09,7480.75,0.221999882
Jharkhand,JAMTARA,2006,Autumn,Maize,2371.91,3640,1.534628211
Jharkhand,JAMTARA,2006,Autumn,Ragi,107.37,85,0.791655025
Jharkhand,JAMTARA,2006,Autumn,Rice,806.4,896,1.111111111
Jharkhand,JAMTARA,2006,Rabi,Arhar/Tur,14.2,23,1.61971831
Jharkhand,JAMTARA,2006,Rabi,Gram,9.26,7,0.755939525
Jharkhand,JAMTARA,2006,Rabi,Onion,14.26,62,4.347826087
Jharkhand,JAMTARA,2006,Rabi,Potato,248.97,2357,9.467004057
Jharkhand,JAMTARA,2006,Rabi,Rapeseed &Mustard,343.81,195,0.56717373
Jharkhand,JAMTARA,2006,Rabi,Wheat,2238.41,3593,1.605157232
Jharkhand,JAMTARA,2006,Winter,Potato,81.24,539,6.634662728
Jharkhand,JAMTARA,2006,Winter,Rice,32531.72,64781.33,1.991328156
Jharkhand,JAMTARA,2007,Autumn,Maize,2206.13,2656,1.203918173
Jharkhand,JAMTARA,2007,Autumn,Ragi,97.93,53,0.5412029
Jharkhand,JAMTARA,2007,Autumn,Rice,900,1480,1.644444444
Jharkhand,JAMTARA,2007,Rabi,Arhar/Tur,23.28,34,1.4604811
Jharkhand,JAMTARA,2007,Rabi,Gram,15.87,10,0.630119723
Jharkhand,JAMTARA,2007,Rabi,Onion,21.23,107,5.040037683
Jharkhand,JAMTARA,2007,Rabi,Potato,307.46,2470,8.033565342
Jharkhand,JAMTARA,2007,Rabi,Rapeseed &Mustard,1009.06,691,0.684795751
Jharkhand,JAMTARA,2007,Rabi,Wheat,1150.93,2512,2.182582781
Jharkhand,JAMTARA,2007,Winter,Potato,147.68,1114,7.543336945
Jharkhand,JAMTARA,2007,Winter,Rice,31107.51,38179.33,1.227334814
Jharkhand,JAMTARA,2010,Rabi,Arhar/Tur,140,177,1.264285714
Jharkhand,JAMTARA,2010,Rabi,Gram,25,19,0.76
Jharkhand,JAMTARA,2010,Rabi,Onion,37,471,12.72972973
Jharkhand,JAMTARA,2010,Rabi,Potato,329,2145,6.519756839
Jharkhand,JAMTARA,2010,Rabi,Rapeseed &Mustard,157,68,0.433121019
Jharkhand,JAMTARA,2010,Rabi,Wheat,1231,1685,1.368805849
Jharkhand,KHUNTI,2010,Rabi,Arhar/Tur,443,558,1.259593679
Jharkhand,KHUNTI,2010,Rabi,Gram,188,139,0.739361702
Jharkhand,KHUNTI,2010,Rabi,Onion,146,907,6.212328767
Jharkhand,KHUNTI,2010,Rabi,Potato,492,2994,6.085365854
Jharkhand,KHUNTI,2010,Rabi,Rapeseed &Mustard,61,51,0.836065574
Jharkhand,KHUNTI,2010,Rabi,Wheat,388,375,0.966494845
Jharkhand,KODERMA,2002,Autumn,Ragi,627.4,766.05,1.220991393
Jharkhand,KODERMA,2002,Rabi,Arhar/Tur,245.56,453.3,1.845984688
Jharkhand,KODERMA,2002,Rabi,Wheat,1674.03,2956.33,1.76599583
Jharkhand,KODERMA,2002,Winter,Rice,14685.71,18552.95,1.26333354
Jharkhand,KODERMA,2003,Autumn,Maize,476.37,537.35,1.12800974
Jharkhand,KODERMA,2003,Autumn,Ragi,1451.12,2041.73,1.407002867
Jharkhand,KODERMA,2003,Kharif,Arhar/Tur,277.02,460.13,1.660999206
Jharkhand,KODERMA,2003,Rabi,Wheat,1731.7,2720.5,1.570999596
Jharkhand,KODERMA,2003,Winter,Rice,12515.08,11697.43,0.934666818
Jharkhand,KODERMA,2004,Autumn,Maize,670.23,831.75,1.240991898
Jharkhand,KODERMA,2004,Autumn,Ragi,144.48,158.49,1.096968439
Jharkhand,KODERMA,2004,Rabi,Arhar/Tur,256.69,588.33,2.291986443
Jharkhand,KODERMA,2004,Rabi,Gram,270.69,230.9,0.853005283
Jharkhand,KODERMA,2004,Rabi,Rapeseed &Mustard,297.32,222.39,0.747981972
Jharkhand,KODERMA,2004,Rabi,Wheat,1101.93,1547.11,1.404000254
Jharkhand,KODERMA,2004,Winter,Rice,11912.93,6912.17,0.580224177
Jharkhand,KODERMA,2005,Autumn,Maize,680.74,701.16,1.029996768
Jharkhand,KODERMA,2005,Autumn,Ragi,542.1,535.05,0.986995019
Jharkhand,KODERMA,2005,Rabi,Arhar/Tur,261.79,283.52,1.083005462
Jharkhand,KODERMA,2005,Rabi,Gram,223.95,227.98,1.017995088
Jharkhand,KODERMA,2005,Rabi,Potato,264.67,2215.29,8.370007934
Jharkhand,KODERMA,2005,Rabi,Rapeseed &Mustard,64.65,31.74,0.490951276
Jharkhand,KODERMA,2005,Rabi,Wheat,1046.26,1246.1,1.191004148
Jharkhand,KODERMA,2005,Winter,Potato,677.73,4807.82,7.094004987
Jharkhand,KODERMA,2005,Winter,Rice,9461.03,4919.33,0.519957129
Jharkhand,KODERMA,2006,Autumn,Maize,857.67,1287,1.500577145
Jharkhand,KODERMA,2006,Autumn,Ragi,838.8,285,0.339771102
Jharkhand,KODERMA,2006,Autumn,Rice,620.35,533.33,0.859724349
Jharkhand,KODERMA,2006,Rabi,Arhar/Tur,344.39,682,1.980313017
Jharkhand,KODERMA,2006,Rabi,Gram,302.23,312,1.032326374
Jharkhand,KODERMA,2006,Rabi,Masoor,20.7,9,0.434782609
Jharkhand,KODERMA,2006,Rabi,Onion,37.58,249,6.625864822
Jharkhand,KODERMA,2006,Rabi,Potato,459.09,3909,8.514670326
Jharkhand,KODERMA,2006,Rabi,Rapeseed &Mustard,317.32,135,0.425438044
Jharkhand,KODERMA,2006,Rabi,Wheat,3462,5356,1.547082611
Jharkhand,KODERMA,2006,Whole Year,Sugarcane,118.28,5290,44.72438282
Jharkhand,KODERMA,2006,Winter,Potato,688.64,6394,9.284967472
Jharkhand,KODERMA,2006,Winter,Rice,11718.31,13038.67,1.112674951
Jharkhand,KODERMA,2007,Autumn,Maize,944.81,954,1.009726823
Jharkhand,KODERMA,2007,Autumn,Ragi,868.25,978,1.126403686
Jharkhand,KODERMA,2007,Autumn,Rice,905.72,903.33,0.997361215
Jharkhand,KODERMA,2007,Rabi,Arhar/Tur,277.56,446,1.606859778
Jharkhand,KODERMA,2007,Rabi,Gram,256.59,249,0.970419736
Jharkhand,KODERMA,2007,Rabi,Onion,34.03,225,6.611813106
Jharkhand,KODERMA,2007,Rabi,Potato,468.55,3019,6.443282467
Jharkhand,KODERMA,2007,Rabi,Rapeseed &Mustard,86.76,43,0.495620101
Jharkhand,KODERMA,2007,Rabi,Wheat,1391.83,2354,1.691298506
Jharkhand,KODERMA,2007,Whole Year,Sugarcane,142.89,6000,41.99034222
Jharkhand,KODERMA,2007,Winter,Potato,859.96,8426,9.798130146
Jharkhand,KODERMA,2007,Winter,Rice,13451.27,20661.33,1.536013328
Jharkhand,KODERMA,2010,Rabi,Arhar/Tur,64,99,1.546875
Jharkhand,KODERMA,2010,Rabi,Gram,468,249,0.532051282
Jharkhand,KODERMA,2010,Rabi,Onion,26,167,6.423076923
Jharkhand,KODERMA,2010,Rabi,Potato,238,1777,7.466386555
Jharkhand,KODERMA,2010,Rabi,Rapeseed &Mustard,56,23,0.410714286
Jharkhand,KODERMA,2010,Rabi,Wheat,558,605,1.084229391
Jharkhand,LATEHAR,2003,Autumn,Maize,10365.92,22317.83,2.153000409
Jharkhand,LATEHAR,2003,Autumn,Rice,12998.57,3812.91,0.293333036
Jharkhand,LATEHAR,2003,Kharif,Arhar/Tur,3094.4,4446.65,1.436999095
Jharkhand,LATEHAR,2003,Rabi,Gram,1546.97,969.95,0.626999877
Jharkhand,LATEHAR,2003,Rabi,Masoor,396.64,166.59,0.420003025
Jharkhand,LATEHAR,2003,Rabi,Potato,415.3,3179.95,7.656994943
Jharkhand,LATEHAR,2003,Rabi,Rapeseed &Mustard,928.69,648.23,0.698004716
Jharkhand,LATEHAR,2003,Rabi,Wheat,2480.28,2631.58,1.061001177
Jharkhand,LATEHAR,2003,Winter,Potato,977.08,7792.21,7.97499693
Jharkhand,LATEHAR,2003,Winter,Rice,17100.47,1149.51,0.067220959
Jharkhand,LATEHAR,2004,Autumn,Maize,10704.44,16666.81,1.556999712
Jharkhand,LATEHAR,2004,Autumn,Ragi,580.87,228.86,0.393995214
Jharkhand,LATEHAR,2004,Autumn,Rice,5553.28,3580.01,0.644665855
Jharkhand,LATEHAR,2004,Rabi,Arhar/Tur,3103.55,4348.07,1.400998856
Jharkhand,LATEHAR,2004,Rabi,Gram,1493.09,1466.2,0.981990369
Jharkhand,LATEHAR,2004,Rabi,Masoor,164.67,86.45,0.524989373
Jharkhand,LATEHAR,2004,Rabi,Potato,441.75,3531.35,7.994001132
Jharkhand,LATEHAR,2004,Rabi,Rapeseed &Mustard,720.13,469.52,0.65199339
Jharkhand,LATEHAR,2004,Rabi,Wheat,2433.87,2828.16,1.162001257
Jharkhand,LATEHAR,2004,Winter,Potato,772.24,5846.63,7.571001243
Jharkhand,LATEHAR,2004,Winter,Rice,7107.02,2989.69,0.420667171
Jharkhand,LATEHAR,2005,Autumn,Maize,6573.28,9123.71,1.387999598
Jharkhand,LATEHAR,2005,Autumn,Ragi,464.28,269.28,0.579994831
Jharkhand,LATEHAR,2005,Autumn,Rice,4129.58,1957.42,0.473999777
Jharkhand,LATEHAR,2005,Rabi,Gram,1245.39,835.66,0.671002658
Jharkhand,LATEHAR,2005,Rabi,Masoor,185.09,90.88,0.491004376
Jharkhand,LATEHAR,2005,Rabi,Potato,434.64,2904.26,6.681989693
Jharkhand,LATEHAR,2005,Rabi,Rapeseed &Mustard,828.22,522.61,0.63100384
Jharkhand,LATEHAR,2005,Rabi,Wheat,2352.68,2242.1,0.952998283
Jharkhand,LATEHAR,2005,Winter,Potato,882.09,5553.64,6.296001542
Jharkhand,LATEHAR,2005,Winter,Rice,7222.98,2258.39,0.312667348
Jharkhand,LATEHAR,2006,Autumn,Maize,6369.21,8274,1.299062207
Jharkhand,LATEHAR,2006,Autumn,Ragi,609.16,470,0.771554271
Jharkhand,LATEHAR,2006,Autumn,Rice,5309.27,3479.33,0.655331147
Jharkhand,LATEHAR,2006,Rabi,Arhar/Tur,2657.21,3462,1.302870304
Jharkhand,LATEHAR,2006,Rabi,Gram,1292.64,583,0.451014977
Jharkhand,LATEHAR,2006,Rabi,Onion,126.61,931,7.35328963
Jharkhand,LATEHAR,2006,Rabi,Potato,322.93,2217,6.865264918
Jharkhand,LATEHAR,2006,Rabi,Rapeseed &Mustard,1529.74,1086,0.709924562
Jharkhand,LATEHAR,2006,Rabi,Wheat,4797.93,4023,0.838486597
Jharkhand,LATEHAR,2006,Winter,Potato,976.63,6964,7.13064313
Jharkhand,LATEHAR,2006,Winter,Rice,11796.12,10852.67,0.920020312
Jharkhand,LATEHAR,2007,Autumn,Maize,6918.96,7632,1.103055951
Jharkhand,LATEHAR,2007,Autumn,Ragi,591.14,639,1.080962209
Jharkhand,LATEHAR,2007,Autumn,Rice,5282.08,3328,0.630054827
Jharkhand,LATEHAR,2007,Rabi,Arhar/Tur,2660.57,4227,1.588757296
Jharkhand,LATEHAR,2007,Rabi,Gram,1287.06,842,0.654204155
Jharkhand,LATEHAR,2007,Rabi,Masoor,190.1,133,0.699631773
Jharkhand,LATEHAR,2007,Rabi,Onion,162.88,1137,6.980599214
Jharkhand,LATEHAR,2007,Rabi,Potato,325.52,2649,8.137748833
Jharkhand,LATEHAR,2007,Rabi,Rapeseed &Mustard,567.14,449,0.791691646
Jharkhand,LATEHAR,2007,Rabi,Wheat,1937.39,2019,1.042123682
Jharkhand,LATEHAR,2007,Winter,Potato,853.48,6424,7.526831326
Jharkhand,LATEHAR,2007,Winter,Rice,11812.53,11773.33,0.99668149
Jharkhand,LATEHAR,2010,Rabi,Arhar/Tur,960,1134,1.18125
Jharkhand,LATEHAR,2010,Rabi,Gram,972,504,0.518518519
Jharkhand,LATEHAR,2010,Rabi,Masoor,3,2,0.666666667
Jharkhand,LATEHAR,2010,Rabi,Onion,74,254,3.432432432
Jharkhand,LATEHAR,2010,Rabi,Potato,158,799,5.056962025
Jharkhand,LATEHAR,2010,Rabi,Rapeseed &Mustard,465,511,1.098924731
Jharkhand,LATEHAR,2010,Rabi,Wheat,677,375,0.553914328
Jharkhand,LOHARDAGA,2002,Autumn,Ragi,1863.34,1043.47,0.559999785
Jharkhand,LOHARDAGA,2002,Autumn,Rice,12453.17,8650.8,0.694666499
Jharkhand,LOHARDAGA,2002,Rabi,Arhar/Tur,573.97,858.65,1.495984111
Jharkhand,LOHARDAGA,2002,Rabi,Wheat,2101.9,2667.31,1.268999477
Jharkhand,LOHARDAGA,2002,Winter,Rice,6723.39,7081.97,1.053333214
Jharkhand,LOHARDAGA,2003,Autumn,Maize,1793.8,2760.66,1.539001003
Jharkhand,LOHARDAGA,2003,Autumn,Ragi,2707.11,1410.4,0.520998408
Jharkhand,LOHARDAGA,2003,Autumn,Rice,21204.71,13175.19,0.621333185
Jharkhand,LOHARDAGA,2003,Kharif,Arhar/Tur,577.39,1082.61,1.875006495
Jharkhand,LOHARDAGA,2003,Rabi,Wheat,2067.83,3434.67,1.661002113
Jharkhand,LOHARDAGA,2003,Winter,Rice,9788.79,10689.36,1.092000135
Jharkhand,LOHARDAGA,2004,Autumn,Maize,1947.89,2360.84,1.211998624
Jharkhand,LOHARDAGA,2004,Autumn,Ragi,1176.03,867.91,0.737999881
Jharkhand,LOHARDAGA,2004,Autumn,Rice,10711.35,9504.54,0.887333529
Jharkhand,LOHARDAGA,2004,Rabi,Arhar/Tur,567.88,792.76,1.395999155
Jharkhand,LOHARDAGA,2004,Rabi,Gram,261.51,165.8,0.634010172
Jharkhand,LOHARDAGA,2004,Rabi,Rapeseed &Mustard,325.7,468.03,1.436997237
Jharkhand,LOHARDAGA,2004,Rabi,Wheat,2091.52,2788,1.333001836
Jharkhand,LOHARDAGA,2004,Winter,Rice,23219,18234.65,0.785333132
Jharkhand,LOHARDAGA,2005,Autumn,Maize,1947.89,2280.98,1.171000416
Jharkhand,LOHARDAGA,2005,Autumn,Ragi,1176.03,973.75,0.827997585
Jharkhand,LOHARDAGA,2005,Autumn,Rice,10711.35,5648.45,0.527333156
Jharkhand,LOHARDAGA,2005,Rabi,Arhar/Tur,567.88,596.84,1.050996689
Jharkhand,LOHARDAGA,2005,Rabi,Gram,261.51,186.2,0.712018661
Jharkhand,LOHARDAGA,2005,Rabi,Onion,300.24,7711.06,25.68298694
Jharkhand,LOHARDAGA,2005,Rabi,Potato,655.85,2446.32,3.729999238
Jharkhand,LOHARDAGA,2005,Rabi,Rapeseed &Mustard,325.7,274.89,0.843997544
Jharkhand,LOHARDAGA,2005,Rabi,Wheat,2091.52,2794.27,1.335999656
Jharkhand,LOHARDAGA,2005,Winter,Potato,655.85,2742.11,4.181001753
Jharkhand,LOHARDAGA,2005,Winter,Rice,23219,9426.91,0.405999828
Jharkhand,LOHARDAGA,2006,Autumn,Maize,1838.99,2014,1.095166368
Jharkhand,LOHARDAGA,2006,Autumn,Ragi,2082.15,1691,0.812141296
Jharkhand,LOHARDAGA,2006,Autumn,Rice,12417.07,130064.67,10.47466673
Jharkhand,LOHARDAGA,2006,Rabi,Arhar/Tur,594.35,1268,2.133423067
Jharkhand,LOHARDAGA,2006,Rabi,Gram,279.23,147,0.526447731
Jharkhand,LOHARDAGA,2006,Rabi,Masoor,6.17,3,0.486223663
Jharkhand,LOHARDAGA,2006,Rabi,Onion,395.42,1274,3.221890648
Jharkhand,LOHARDAGA,2006,Rabi,Potato,650.28,2690,4.136679584
Jharkhand,LOHARDAGA,2006,Rabi,Rapeseed &Mustard,2994.75,2498,0.834126388
Jharkhand,LOHARDAGA,2006,Rabi,Wheat,5167.66,9596,1.856933312
Jharkhand,LOHARDAGA,2006,Whole Year,Sugarcane,37.51,1680,44.78805652
Jharkhand,LOHARDAGA,2006,Winter,Potato,595.56,2483,4.169185305
Jharkhand,LOHARDAGA,2006,Winter,Rice,40752.3,56075.33,1.376004054
Jharkhand,LOHARDAGA,2007,Autumn,Maize,2001.44,3040,1.518906387
Jharkhand,LOHARDAGA,2007,Autumn,Ragi,1478.82,1507,1.019055734
Jharkhand,LOHARDAGA,2007,Autumn,Rice,11252.53,13600.67,1.208676627
Jharkhand,LOHARDAGA,2007,Rabi,Arhar/Tur,595.51,1113,1.868986247
Jharkhand,LOHARDAGA,2007,Rabi,Gram,262.82,117,0.4451716
Jharkhand,LOHARDAGA,2007,Rabi,Masoor,8.54,6,0.702576112
Jharkhand,LOHARDAGA,2007,Rabi,Onion,314.08,1159,3.690142639
Jharkhand,LOHARDAGA,2007,Rabi,Potato,675.43,1748,2.58798099
Jharkhand,LOHARDAGA,2007,Rabi,Rapeseed &Mustard,330.56,306,0.925701839
Jharkhand,LOHARDAGA,2007,Rabi,Wheat,2091.76,4022,1.922782728
Jharkhand,LOHARDAGA,2007,Winter,Potato,1111.83,4565,4.105843519
Jharkhand,LOHARDAGA,2007,Winter,Rice,23871.29,45737.33,1.915997418
Jharkhand,LOHARDAGA,2010,Rabi,Arhar/Tur,409,622,1.520782396
Jharkhand,LOHARDAGA,2010,Rabi,Gram,212,160,0.754716981
Jharkhand,LOHARDAGA,2010,Rabi,Onion,313,850,2.715654952
Jharkhand,LOHARDAGA,2010,Rabi,Potato,721,2457,3.40776699
Jharkhand,LOHARDAGA,2010,Rabi,Rapeseed &Mustard,288,262,0.909722222
Jharkhand,LOHARDAGA,2010,Rabi,Wheat,1658,1696,1.02291918
Jharkhand,PAKUR,2002,Autumn,Maize,2730.54,4912.24,1.798999465
Jharkhand,PAKUR,2002,Autumn,Rice,61.81,649.45,10.50719948
Jharkhand,PAKUR,2002,Rabi,Arhar/Tur,336.22,444.14,1.320980311
Jharkhand,PAKUR,2002,Rabi,Gram,638.3,810.64,1.269998433
Jharkhand,PAKUR,2002,Rabi,Rapeseed &Mustard,567.06,428.13,0.754999471
Jharkhand,PAKUR,2002,Rabi,Wheat,1559.01,2539.62,1.628995324
Jharkhand,PAKUR,2002,Winter,Rice,44941.72,64686.11,1.439333208
Jharkhand,PAKUR,2003,Autumn,Maize,1423.19,1306.49,0.91800111
Jharkhand,PAKUR,2003,Autumn,Rice,5996.42,8203.1,1.367999573
Jharkhand,PAKUR,2003,Kharif,Arhar/Tur,440.01,550.45,1.250994296
Jharkhand,PAKUR,2003,Rabi,Gram,810.42,1028.42,1.268996323
Jharkhand,PAKUR,2003,Rabi,Rapeseed &Mustard,673.78,606.4,0.899997032
Jharkhand,PAKUR,2003,Rabi,Wheat,1559.66,2026,1.299001064
Jharkhand,PAKUR,2003,Winter,Rice,413835.1,509568.95,1.231333326
Jharkhand,PAKUR,2004,Autumn,Maize,2468.48,3011.54,1.219997731
Jharkhand,PAKUR,2004,Autumn,Rice,1636.85,1276.74,0.779998167
Jharkhand,PAKUR,2004,Rabi,Arhar/Tur,420.74,575.57,1.367994486
Jharkhand,PAKUR,2004,Rabi,Gram,691.76,783.76,1.132994102
Jharkhand,PAKUR,2004,Rabi,Rapeseed &Mustard,595.43,295.33,0.495994491
Jharkhand,PAKUR,2004,Rabi,Wheat,1328.47,1814.69,1.365999985
Jharkhand,PAKUR,2004,Winter,Rice,38937.38,40209.57,1.032672717
Jharkhand,PAKUR,2005,Autumn,Maize,2459.7,2115.34,0.859999187
Jharkhand,PAKUR,2005,Autumn,Rice,1965.47,1256.59,0.639333086
Jharkhand,PAKUR,2005,Rabi,Arhar/Tur,407.91,721.18,1.767988037
Jharkhand,PAKUR,2005,Rabi,Gram,767.24,563.15,0.733994578
Jharkhand,PAKUR,2005,Rabi,Rapeseed &Mustard,472.64,220.25,0.465999492
Jharkhand,PAKUR,2005,Rabi,Wheat,1579.41,1478.33,0.936001418
Jharkhand,PAKUR,2005,Winter,Rice,44117.15,39999.55,0.906666682
Jharkhand,PAKUR,2006,Autumn,Maize,2350.61,2348,0.99888965
Jharkhand,PAKUR,2006,Autumn,Ragi,8.67,7,0.807381776
Jharkhand,PAKUR,2006,Autumn,Rice,2571.13,1762,0.685301793
Jharkhand,PAKUR,2006,Rabi,Arhar/Tur,388.06,598,1.540998815
Jharkhand,PAKUR,2006,Rabi,Gram,662.04,803,1.212917648
Jharkhand,PAKUR,2006,Rabi,Masoor,561.48,307,0.546769253
Jharkhand,PAKUR,2006,Rabi,Onion,12.82,56,4.368174727
Jharkhand,PAKUR,2006,Rabi,Potato,88.58,790,8.918491759
Jharkhand,PAKUR,2006,Rabi,Rapeseed &Mustard,1355.88,983,0.724990412
Jharkhand,PAKUR,2006,Rabi,Wheat,3357.12,4603,1.371115718
Jharkhand,PAKUR,2006,Winter,Potato,25,216,8.64
Jharkhand,PAKUR,2006,Winter,Rice,44167.13,43843.33,0.992668756
Jharkhand,PAKUR,2007,Autumn,Maize,2865.34,3963,1.383081938
Jharkhand,PAKUR,2007,Autumn,Rice,2946.66,2488.67,0.844573178
Jharkhand,PAKUR,2007,Rabi,Arhar/Tur,360.81,578,1.601951165
Jharkhand,PAKUR,2007,Rabi,Gram,642.83,484,0.752920679
Jharkhand,PAKUR,2007,Rabi,Masoor,563.82,365,0.647369728
Jharkhand,PAKUR,2007,Rabi,Onion,21.82,110,5.041246563
Jharkhand,PAKUR,2007,Rabi,Potato,125.06,1014,8.108108108
Jharkhand,PAKUR,2007,Rabi,Rapeseed &Mustard,642.34,813,1.26568484
Jharkhand,PAKUR,2007,Rabi,Wheat,1522.22,2306,1.514892722
Jharkhand,PAKUR,2007,Whole Year,Sugarcane,3.7,160,43.24324324
Jharkhand,PAKUR,2007,Winter,Potato,45.94,318,6.922072268
Jharkhand,PAKUR,2007,Winter,Rice,45321.89,55141.33,1.216659985
Jharkhand,PAKUR,2010,Rabi,Arhar/Tur,375,488,1.301333333
Jharkhand,PAKUR,2010,Rabi,Gram,476,390,0.819327731
Jharkhand,PAKUR,2010,Rabi,Potato,115,1145,9.956521739
Jharkhand,PAKUR,2010,Rabi,Rapeseed &Mustard,618,687,1.111650485
Jharkhand,PAKUR,2010,Rabi,Wheat,1354,1695,1.251846381
Jharkhand,PALAMU,2002,Autumn,Maize,9659.7,11127.97,1.151999544
Jharkhand,PALAMU,2002,Autumn,Ragi,741.37,710.97,0.958994834
Jharkhand,PALAMU,2002,Autumn,Rice,8044.42,2016.47,0.250666922
Jharkhand,PALAMU,2002,Rabi,Arhar/Tur,6184.65,9097.62,1.470999976
Jharkhand,PALAMU,2002,Rabi,Gram,4059.11,3259.46,0.802998687
Jharkhand,PALAMU,2002,Rabi,Masoor,1093.6,580.7,0.530998537
Jharkhand,PALAMU,2002,Rabi,Potato,4418.36,33345.36,7.546999339
Jharkhand,PALAMU,2002,Rabi,Rapeseed &Mustard,977.43,775.1,0.792997964
Jharkhand,PALAMU,2002,Rabi,Wheat,8802.9,10484.25,1.190999557
Jharkhand,PALAMU,2002,Winter,Rice,35364.38,25166.69,0.711639508
Jharkhand,PALAMU,2003,Autumn,Maize,11685.65,15612.03,1.336000137
Jharkhand,PALAMU,2003,Autumn,Rice,21390.53,13091.01,0.612000264
Jharkhand,PALAMU,2003,Kharif,Arhar/Tur,5974.02,8076.88,1.35200083
Jharkhand,PALAMU,2003,Rabi,Barley,3425.43,2702.66,0.788998753
Jharkhand,PALAMU,2003,Rabi,Gram,4034.19,3029.68,0.75100082
Jharkhand,PALAMU,2003,Rabi,Masoor,2612.91,1515.49,0.580000842
Jharkhand,PALAMU,2003,Rabi,Potato,565.05,4628.32,8.190991948
Jharkhand,PALAMU,2003,Rabi,Rapeseed &Mustard,933.49,659.98,0.707002753
Jharkhand,PALAMU,2003,Rabi,Wheat,8782.95,8466.76,0.963999567
Jharkhand,PALAMU,2003,Winter,Potato,1387.75,10952,7.891911367
Jharkhand,PALAMU,2003,Winter,Rice,34496.44,25228.39,0.731333146
Jharkhand,PALAMU,2004,Autumn,Maize,10196.22,10430.73,1.0229997
Jharkhand,PALAMU,2004,Rabi,Arhar/Tur,5516.25,7772.4,1.40900068
Jharkhand,PALAMU,2004,Rabi,Gram,5036.84,3399.87,0.675000596
Jharkhand,PALAMU,2004,Rabi,Masoor,799.69,455.02,0.568995486
Jharkhand,PALAMU,2004,Rabi,Onion,357.85,2561.49,7.157999162
Jharkhand,PALAMU,2004,Rabi,Potato,616.42,5007.8,8.124006359
Jharkhand,PALAMU,2004,Rabi,Rapeseed &Mustard,799.69,713.32,0.891995648
Jharkhand,PALAMU,2004,Rabi,Wheat,8117.04,6136.48,0.755999724
Jharkhand,PALAMU,2004,Winter,Rice,18762.54,8105.42,0.432000145
Jharkhand,PALAMU,2005,Autumn,Maize,6803.86,5830.91,0.857000291
Jharkhand,PALAMU,2005,Rabi,Arhar/Tur,4080.58,5912.76,1.448999897
Jharkhand,PALAMU,2005,Rabi,Gram,3021.85,1876.57,0.621000381
Jharkhand,PALAMU,2005,Rabi,Masoor,896.22,370.14,0.413001272
Jharkhand,PALAMU,2005,Rabi,Onion,329.34,3002.59,9.116991559
Jharkhand,PALAMU,2005,Rabi,Potato,572.5,2964.41,5.178008734
Jharkhand,PALAMU,2005,Rabi,Rapeseed &Mustard,590.01,306.22,0.519008152
Jharkhand,PALAMU,2005,Rabi,Wheat,6562.67,4357.61,0.663999561
Jharkhand,PALAMU,2005,Winter,Potato,1340.24,8771.87,6.544999403
Jharkhand,PALAMU,2005,Winter,Rice,26965.14,2152.63,0.079830107
Jharkhand,PALAMU,2006,Autumn,Maize,8245.48,14297,1.733919675
Jharkhand,PALAMU,2006,Autumn,Ragi,503.23,388,0.771019216
Jharkhand,PALAMU,2006,Autumn,Rice,5605.83,3968.67,0.707954041
Jharkhand,PALAMU,2006,Rabi,Arhar/Tur,5492.39,6091,1.108988983
Jharkhand,PALAMU,2006,Rabi,Gram,3616.84,3020,0.834983024
Jharkhand,PALAMU,2006,Rabi,Masoor,1182.34,922,0.77980953
Jharkhand,PALAMU,2006,Rabi,Onion,358,2168,6.055865922
Jharkhand,PALAMU,2006,Rabi,Potato,641.68,4566,7.115696297
Jharkhand,PALAMU,2006,Rabi,Rapeseed &Mustard,1922.06,1357,0.70601334
Jharkhand,PALAMU,2006,Rabi,Wheat,23544.07,31549,1.339997715
Jharkhand,PALAMU,2006,Winter,Potato,1446.99,10641,7.353886343
Jharkhand,PALAMU,2006,Winter,Rice,27595.77,35892.67,1.300658398
Jharkhand,PALAMU,2007,Autumn,Maize,8259.53,8565,1.036983945
Jharkhand,PALAMU,2007,Autumn,Ragi,517.39,406,0.784707861
Jharkhand,PALAMU,2007,Autumn,Rice,6123.91,4348,0.710003903
Jharkhand,PALAMU,2007,Rabi,Arhar/Tur,5553.1,7619,1.372026436
Jharkhand,PALAMU,2007,Rabi,Gram,3670.88,2790,0.760035741
Jharkhand,PALAMU,2007,Rabi,Masoor,1208.65,900,0.744632441
Jharkhand,PALAMU,2007,Rabi,Onion,372.99,2821,7.563205448
Jharkhand,PALAMU,2007,Rabi,Potato,663.04,4698,7.085545367
Jharkhand,PALAMU,2007,Rabi,Rapeseed &Mustard,800.16,462,0.577384523
Jharkhand,PALAMU,2007,Rabi,Wheat,9694.84,1233,0.127181057
Jharkhand,PALAMU,2007,Whole Year,Sugarcane,239.27,10050,42.00275839
Jharkhand,PALAMU,2007,Winter,Potato,1451.31,11059,7.620012265
Jharkhand,PALAMU,2007,Winter,Rice,27530.63,28154.67,1.022667117
Jharkhand,PALAMU,2010,Rabi,Arhar/Tur,4826,6838,1.416908413
Jharkhand,PALAMU,2010,Rabi,Gram,2404,1750,0.727953411
Jharkhand,PALAMU,2010,Rabi,Masoor,2,1,0.5
Jharkhand,PALAMU,2010,Rabi,Onion,348,2097,6.025862069
Jharkhand,PALAMU,2010,Rabi,Potato,645,4512,6.995348837
Jharkhand,PALAMU,2010,Rabi,Rapeseed &Mustard,770,530,0.688311688
Jharkhand,PALAMU,2010,Rabi,Wheat,10078,8546,0.847985711
Jharkhand,RAMGARH,2010,Rabi,Arhar/Tur,127,241,1.897637795
Jharkhand,RAMGARH,2010,Rabi,Gram,94,81,0.861702128
Jharkhand,RAMGARH,2010,Rabi,Onion,143,920,6.433566434
Jharkhand,RAMGARH,2010,Rabi,Potato,775,3578,4.616774194
Jharkhand,RAMGARH,2010,Rabi,Rapeseed &Mustard,57,41,0.719298246
Jharkhand,RAMGARH,2010,Rabi,Wheat,473,611,1.291754757
Jharkhand,RANCHI,2002,Autumn,Maize,3453.05,3895.04,1.127999884
Jharkhand,RANCHI,2002,Autumn,Ragi,10479.25,8362.44,0.797999857
Jharkhand,RANCHI,2002,Autumn,Rice,51998.42,38998.81,0.749999904
Jharkhand,RANCHI,2002,Rabi,Arhar/Tur,1786.54,4182.29,2.340999922
Jharkhand,RANCHI,2002,Rabi,Gram,1344.43,977.4,0.726999546
Jharkhand,RANCHI,2002,Rabi,Potato,2665.69,17940.09,6.729998612
Jharkhand,RANCHI,2002,Rabi,Rapeseed &Mustard,364.77,261.9,0.717986677
Jharkhand,RANCHI,2002,Rabi,Wheat,3782.72,6177.18,1.632999535
Jharkhand,RANCHI,2002,Winter,Potato,3178.17,22319.86,7.02286536
Jharkhand,RANCHI,2002,Winter,Rice,124414.03,153692.9,1.23533415
Jharkhand,RANCHI,2003,Autumn,Maize,3572,5643.78,1.580005599
Jharkhand,RANCHI,2003,Autumn,Ragi,25469.7,17064.7,0.670000039
Jharkhand,RANCHI,2003,Autumn,Rice,123810.18,94673.52,0.764666686
Jharkhand,RANCHI,2003,Kharif,Arhar/Tur,1947.58,3696.51,1.898001623
Jharkhand,RANCHI,2003,Rabi,Gram,631,545.82,0.865007924
Jharkhand,RANCHI,2003,Rabi,Potato,2618.51,17347.63,6.625000477
Jharkhand,RANCHI,2003,Rabi,Rapeseed &Mustard,424.32,472.69,1.113994155
Jharkhand,RANCHI,2003,Rabi,Wheat,3551.58,5977.31,1.683000242
Jharkhand,RANCHI,2003,Whole Year,Onion,499,3212.56,6.437995992
Jharkhand,RANCHI,2003,Winter,Potato,2784.57,45834.02,16.45999921
Jharkhand,RANCHI,2003,Winter,Rice,126638.97,150109.39,1.185333314
Jharkhand,RANCHI,2004,Autumn,Maize,3521.05,4070.33,1.155998921
Jharkhand,RANCHI,2004,Autumn,Ragi,10274.03,6102.77,0.593999628
Jharkhand,RANCHI,2004,Autumn,Rice,46197.84,31445.33,0.680666672
Jharkhand,RANCHI,2004,Rabi,Arhar/Tur,1596.69,2578.65,1.614997276
Jharkhand,RANCHI,2004,Rabi,Gram,647.52,501.83,0.775003089
Jharkhand,RANCHI,2004,Rabi,Onion,443.18,2456.1,5.541991967
Jharkhand,RANCHI,2004,Rabi,Potato,2481.14,13351.01,5.380998251
Jharkhand,RANCHI,2004,Rabi,Rapeseed &Mustard,223.98,207.85,0.927984641
Jharkhand,RANCHI,2004,Rabi,Wheat,3030.28,4463.6,1.472999195
Jharkhand,RANCHI,2004,Winter,Potato,3238.03,20629.49,6.371000269
Jharkhand,RANCHI,2004,Winter,Rice,122249.96,115729.96,0.946666649
Jharkhand,RANCHI,2005,Autumn,Maize,2850.67,2996.05,1.050998537
Jharkhand,RANCHI,2005,Autumn,Ragi,8098.75,4826.86,0.596000617
Jharkhand,RANCHI,2005,Autumn,Rice,36854.37,19925.93,0.540666683
Jharkhand,RANCHI,2005,Rabi,Arhar/Tur,1552.59,2870.74,1.849000702
Jharkhand,RANCHI,2005,Rabi,Gram,582.26,407,0.699000447
Jharkhand,RANCHI,2005,Rabi,Onion,427.68,3927.81,9.183992705
Jharkhand,RANCHI,2005,Rabi,Potato,2531.68,20321.8,8.027001833
Jharkhand,RANCHI,2005,Rabi,Rapeseed &Mustard,231.72,155.25,0.669989643
Jharkhand,RANCHI,2005,Rabi,Wheat,2391.13,2658.94,1.112001439
Jharkhand,RANCHI,2005,Winter,Potato,2657.14,14518.61,5.463998886
Jharkhand,RANCHI,2005,Winter,Rice,107993.93,50613.15,0.468666619
Jharkhand,RANCHI,2006,Autumn,Maize,3689.43,5553,1.505110546
Jharkhand,RANCHI,2006,Autumn,Ragi,9338.61,8199,0.87796792
Jharkhand,RANCHI,2006,Autumn,Rice,57794.98,42806.67,0.740664155
Jharkhand,RANCHI,2006,Rabi,Arhar/Tur,1471.41,1168,0.793796427
Jharkhand,RANCHI,2006,Rabi,Gram,632.48,271,0.428472047
Jharkhand,RANCHI,2006,Rabi,Masoor,3.39,1,0.294985251
Jharkhand,RANCHI,2006,Rabi,Onion,401.53,2817,7.015665081
Jharkhand,RANCHI,2006,Rabi,Potato,2595.87,26605,10.24897241
Jharkhand,RANCHI,2006,Rabi,Rapeseed &Mustard,433.15,284,0.655662011
Jharkhand,RANCHI,2006,Rabi,Wheat,2613.97,1018,0.389445939
Jharkhand,RANCHI,2006,Winter,Potato,3024.24,18339,6.064002857
Jharkhand,RANCHI,2006,Winter,Rice,102622.65,130878,1.275332492
Jharkhand,RANCHI,2007,Autumn,Maize,3191.89,3964,1.241897434
Jharkhand,RANCHI,2007,Autumn,Ragi,9232.23,7450,0.806955633
Jharkhand,RANCHI,2007,Autumn,Rice,48459.12,40932,0.844670725
Jharkhand,RANCHI,2007,Rabi,Arhar/Tur,1458.47,2736,1.875938483
Jharkhand,RANCHI,2007,Rabi,Gram,494.17,630,1.274864925
Jharkhand,RANCHI,2007,Rabi,Onion,451.88,3492,7.727715323
Jharkhand,RANCHI,2007,Rabi,Potato,2516.19,8173,3.248164884
Jharkhand,RANCHI,2007,Rabi,Rapeseed &Mustard,222.19,243,1.09365858
Jharkhand,RANCHI,2007,Rabi,Wheat,3314.12,5601,1.690041399
Jharkhand,RANCHI,2007,Winter,Potato,2988.17,18401,6.157949514
Jharkhand,RANCHI,2007,Winter,Rice,110647.03,144652.7,1.307334684
Jharkhand,RANCHI,2010,Rabi,Arhar/Tur,895,1040,1.162011173
Jharkhand,RANCHI,2010,Rabi,Gram,340,334,0.982352941
Jharkhand,RANCHI,2010,Rabi,Onion,337,1646,4.884272997
Jharkhand,RANCHI,2010,Rabi,Potato,1776,13402,7.546171171
Jharkhand,RANCHI,2010,Rabi,Rapeseed &Mustard,147,127,0.863945578
Jharkhand,RANCHI,2010,Rabi,Wheat,2198,3246,1.476797088
Jharkhand,SAHEBGANJ,2002,Autumn,Maize,12.2,19.11,1.566393443
Jharkhand,SAHEBGANJ,2002,Rabi,Gram,874.77,969.24,1.107994101
Jharkhand,SAHEBGANJ,2002,Rabi,Masoor,784.84,795.82,1.013990113
Jharkhand,SAHEBGANJ,2002,Rabi,Rapeseed &Mustard,446.89,289.58,0.647989438
Jharkhand,SAHEBGANJ,2002,Rabi,Wheat,2691.48,4182.55,1.553996314
Jharkhand,SAHEBGANJ,2002,Winter,Rice,30960.84,36657.63,1.183999853
Jharkhand,SAHEBGANJ,2003,Autumn,Maize,2154.46,3675.51,1.706000576
Jharkhand,SAHEBGANJ,2003,Kharif,Arhar/Tur,271.27,449.77,1.658015999
Jharkhand,SAHEBGANJ,2003,Rabi,Gram,838,806.16,0.962004773
Jharkhand,SAHEBGANJ,2003,Rabi,Rapeseed &Mustard,903.63,600.91,0.664995629
Jharkhand,SAHEBGANJ,2003,Rabi,Wheat,2764.44,3311.8,1.198000318
Jharkhand,SAHEBGANJ,2003,Winter,Rice,30849.59,36978.37,1.198666498
Jharkhand,SAHEBGANJ,2004,Autumn,Maize,1872.32,3188.56,1.702999487
Jharkhand,SAHEBGANJ,2004,Rabi,Arhar/Tur,305.04,626.25,2.053009441
Jharkhand,SAHEBGANJ,2004,Rabi,Gram,878.8,825.19,0.938996359
Jharkhand,SAHEBGANJ,2004,Rabi,Rapeseed &Mustard,716.76,1113.12,1.552988448
Jharkhand,SAHEBGANJ,2004,Rabi,Wheat,2820.75,3334.13,1.182001241
Jharkhand,SAHEBGANJ,2004,Winter,Rice,31613.57,30686.23,0.970666394
Jharkhand,SAHEBGANJ,2005,Autumn,Maize,1178.42,1159.57,0.984004005
Jharkhand,SAHEBGANJ,2005,Rabi,Arhar/Tur,242.76,231.84,0.955017301
Jharkhand,SAHEBGANJ,2005,Rabi,Gram,660.97,500.35,0.75699351
Jharkhand,SAHEBGANJ,2005,Rabi,Rapeseed &Mustard,712.2,514.21,0.722002247
Jharkhand,SAHEBGANJ,2005,Rabi,Wheat,2836.35,2461.95,0.867999365
Jharkhand,SAHEBGANJ,2005,Winter,Rice,29486.43,25279.7,0.857333356
Jharkhand,SAHEBGANJ,2006,Autumn,Maize,1701.03,1465,0.861242894
Jharkhand,SAHEBGANJ,2006,Autumn,Ragi,2.57,2,0.778210117
Jharkhand,SAHEBGANJ,2006,Autumn,Rice,1081.56,1202,1.111357669
Jharkhand,SAHEBGANJ,2006,Rabi,Arhar/Tur,275.33,295,1.071441543
Jharkhand,SAHEBGANJ,2006,Rabi,Gram,709.36,411,0.579395511
Jharkhand,SAHEBGANJ,2006,Rabi,Masoor,661.63,361,0.545622176
Jharkhand,SAHEBGANJ,2006,Rabi,Onion,3.52,15,4.261363636
Jharkhand,SAHEBGANJ,2006,Rabi,Potato,83.74,747,8.920468116
Jharkhand,SAHEBGANJ,2006,Rabi,Rapeseed &Mustard,1620.83,1347,0.831055694
Jharkhand,SAHEBGANJ,2006,Rabi,Wheat,5431.01,5616,1.034061804
Jharkhand,SAHEBGANJ,2006,Winter,Potato,6.92,60,8.670520231
Jharkhand,SAHEBGANJ,2006,Winter,Rice,69714.23,48288.67,0.692665902
Jharkhand,SAHEBGANJ,2007,Autumn,Maize,1548.8,1120,0.723140496
Jharkhand,SAHEBGANJ,2007,Autumn,Ragi,2.08,1,0.480769231
Jharkhand,SAHEBGANJ,2007,Autumn,Rice,1384.96,921.33,0.665239429
Jharkhand,SAHEBGANJ,2007,Rabi,Arhar/Tur,293.61,345,1.175028098
Jharkhand,SAHEBGANJ,2007,Rabi,Gram,704.12,610,0.866329603
Jharkhand,SAHEBGANJ,2007,Rabi,Masoor,652.54,422,0.64670365
Jharkhand,SAHEBGANJ,2007,Rabi,Potato,148.42,1837,12.37703814
Jharkhand,SAHEBGANJ,2007,Rabi,Rapeseed &Mustard,643.6,772,1.199502797
Jharkhand,SAHEBGANJ,2007,Rabi,Wheat,1244.79,1617,1.299014292
Jharkhand,SAHEBGANJ,2007,Winter,Rice,30002.55,27022,0.900656778
Jharkhand,SAHEBGANJ,2010,Rabi,Arhar/Tur,265,447,1.686792453
Jharkhand,SAHEBGANJ,2010,Rabi,Gram,701,658,0.938659058
Jharkhand,SAHEBGANJ,2010,Rabi,Onion,27,278,10.2962963
Jharkhand,SAHEBGANJ,2010,Rabi,Potato,119,1303,10.94957983
Jharkhand,SAHEBGANJ,2010,Rabi,Rapeseed &Mustard,407,155,0.380835381
Jharkhand,SAHEBGANJ,2010,Rabi,Wheat,2414,3235,1.34009942
Jharkhand,SARAIKELA KHARSAWAN,2003,Autumn,Maize,3251.07,4356.43,1.339998831
Jharkhand,SARAIKELA KHARSAWAN,2003,Kharif,Arhar/Tur,95.63,79.95,0.836034717
Jharkhand,SARAIKELA KHARSAWAN,2003,Rabi,Wheat,166.51,226.79,1.362020299
Jharkhand,SARAIKELA KHARSAWAN,2003,Winter,Rice,61385.1,59257.08,0.965333281
Jharkhand,SARAIKELA KHARSAWAN,2004,Autumn,Maize,922.92,1414.83,1.532993109
Jharkhand,SARAIKELA KHARSAWAN,2004,Autumn,Rice,745.9,335.16,0.449336372
Jharkhand,SARAIKELA KHARSAWAN,2004,Rabi,Arhar/Tur,96.16,164.43,1.709962562
Jharkhand,SARAIKELA KHARSAWAN,2004,Rabi,Gram,122.99,118.07,0.959996748
Jharkhand,SARAIKELA KHARSAWAN,2004,Rabi,Rapeseed &Mustard,16.58,14.93,0.900482509
Jharkhand,SARAIKELA KHARSAWAN,2004,Rabi,Wheat,169.89,218.99,1.289010536
Jharkhand,SARAIKELA KHARSAWAN,2004,Winter,Rice,61257.74,62891.28,1.026666671
Jharkhand,SARAIKELA KHARSAWAN,2005,Autumn,Maize,726.12,608.49,0.838001983
Jharkhand,SARAIKELA KHARSAWAN,2005,Rabi,Gram,123.55,69.31,0.560987454
Jharkhand,SARAIKELA KHARSAWAN,2005,Rabi,Wheat,198.63,193.47,0.974022051
Jharkhand,SARAIKELA KHARSAWAN,2005,Winter,Rice,64673.18,28930.47,0.447333346
Jharkhand,SARAIKELA KHARSAWAN,2006,Autumn,Maize,842.88,1423,1.688259301
Jharkhand,SARAIKELA KHARSAWAN,2006,Autumn,Ragi,842.88,667,0.791334472
Jharkhand,SARAIKELA KHARSAWAN,2006,Autumn,Rice,1091.45,632,0.579046223
Jharkhand,SARAIKELA KHARSAWAN,2006,Rabi,Arhar/Tur,98.06,136,1.386905976
Jharkhand,SARAIKELA KHARSAWAN,2006,Rabi,Gram,127.5,94,0.737254902
Jharkhand,SARAIKELA KHARSAWAN,2006,Rabi,Onion,9.39,54,5.750798722
Jharkhand,SARAIKELA KHARSAWAN,2006,Rabi,Potato,155.22,1260,8.11751063
Jharkhand,SARAIKELA KHARSAWAN,2006,Rabi,Rapeseed &Mustard,43.4,29,0.668202765
Jharkhand,SARAIKELA KHARSAWAN,2006,Rabi,Wheat,499.09,596,1.194173396
Jharkhand,SARAIKELA KHARSAWAN,2006,Winter,Potato,35.52,270,7.601351351
Jharkhand,SARAIKELA KHARSAWAN,2006,Winter,Rice,66319.44,101910.7,1.536664061
Jharkhand,SARAIKELA KHARSAWAN,2007,Autumn,Maize,790.32,955,1.208371293
Jharkhand,SARAIKELA KHARSAWAN,2007,Autumn,Rice,850.94,602.67,0.708240299
Jharkhand,SARAIKELA KHARSAWAN,2007,Rabi,Arhar/Tur,98.64,191,1.936334144
Jharkhand,SARAIKELA KHARSAWAN,2007,Rabi,Gram,128.02,126,0.984221215
Jharkhand,SARAIKELA KHARSAWAN,2007,Rabi,Onion,15.63,99,6.333973129
Jharkhand,SARAIKELA KHARSAWAN,2007,Rabi,Potato,155.21,1318,8.491720894
Jharkhand,SARAIKELA KHARSAWAN,2007,Rabi,Rapeseed &Mustard,17.81,20,1.122964627
Jharkhand,SARAIKELA KHARSAWAN,2007,Rabi,Wheat,201.58,303,1.50312531
Jharkhand,SARAIKELA KHARSAWAN,2007,Winter,Potato,36.06,275,7.626178591
Jharkhand,SARAIKELA KHARSAWAN,2007,Winter,Rice,66416.01,98605.33,1.484662057
Jharkhand,SARAIKELA KHARSAWAN,2010,Rabi,Arhar/Tur,76,101,1.328947368
Jharkhand,SARAIKELA KHARSAWAN,2010,Rabi,Gram,102,58,0.568627451
Jharkhand,SARAIKELA KHARSAWAN,2010,Rabi,Onion,9,52,5.777777778
Jharkhand,SARAIKELA KHARSAWAN,2010,Rabi,Potato,101,341,3.376237624
Jharkhand,SARAIKELA KHARSAWAN,2010,Rabi,Rapeseed &Mustard,16,9,0.5625
Jharkhand,SARAIKELA KHARSAWAN,2010,Rabi,Wheat,150,116,0.773333333
Jharkhand,SIMDEGA,2003,Autumn,Maize,590.45,577.46,0.977999831
Jharkhand,SIMDEGA,2003,Autumn,Ragi,12821.47,10487.96,0.817999808
Jharkhand,SIMDEGA,2003,Autumn,Rice,58340.01,26408.58,0.452666703
Jharkhand,SIMDEGA,2003,Kharif,Arhar/Tur,421.13,326.8,0.776007409
Jharkhand,SIMDEGA,2003,Rabi,Gram,189.69,104.52,0.55100427
Jharkhand,SIMDEGA,2003,Rabi,Potato,539.81,2487.44,4.607991701
Jharkhand,SIMDEGA,2003,Rabi,Rapeseed &Mustard,10.23,4.28,0.418377322
Jharkhand,SIMDEGA,2003,Rabi,Wheat,627.71,794.68,1.26599863
Jharkhand,SIMDEGA,2003,Winter,Potato,872.57,4957,5.680919582
Jharkhand,SIMDEGA,2003,Winter,Rice,37613.44,27683.49,0.735999951
Jharkhand,SIMDEGA,2004,Autumn,Maize,4781.13,6545.36,1.368998542
Jharkhand,SIMDEGA,2004,Autumn,Ragi,5949.81,7306.36,1.227998877
Jharkhand,SIMDEGA,2004,Autumn,Rice,25055.93,16536.91,0.659999848
Jharkhand,SIMDEGA,2004,Rabi,Arhar/Tur,434,437.91,1.009009217
Jharkhand,SIMDEGA,2004,Rabi,Gram,121.85,19.5,0.160032827
Jharkhand,SIMDEGA,2004,Rabi,Rapeseed &Mustard,1.62,0.51,0.314814815
Jharkhand,SIMDEGA,2004,Rabi,Wheat,477.55,429.32,0.89900534
Jharkhand,SIMDEGA,2004,Winter,Rice,39815.68,27977.15,0.702666638
Jharkhand,SIMDEGA,2005,Autumn,Maize,447,651.73,1.458008949
Jharkhand,SIMDEGA,2005,Autumn,Ragi,6099.07,4769.47,0.781999551
Jharkhand,SIMDEGA,2005,Autumn,Rice,24680.41,10003.79,0.405333218
Jharkhand,SIMDEGA,2005,Rabi,Gram,121.85,69.7,0.572014772
Jharkhand,SIMDEGA,2005,Rabi,Rapeseed &Mustard,1.62,0.8,0.49382716
Jharkhand,SIMDEGA,2005,Rabi,Wheat,477.55,394.93,0.826991938
Jharkhand,SIMDEGA,2005,Winter,Rice,39815.68,24898.07,0.625333286
Jharkhand,SIMDEGA,2006,Autumn,Maize,416.57,767,1.841227165
Jharkhand,SIMDEGA,2006,Autumn,Ragi,5335.5,1558,0.292006372
Jharkhand,SIMDEGA,2006,Autumn,Rice,26728.64,14611.33,0.54665445
Jharkhand,SIMDEGA,2006,Rabi,Arhar/Tur,399.28,534,1.337407333
Jharkhand,SIMDEGA,2006,Rabi,Gram,263.25,201,0.763532764
Jharkhand,SIMDEGA,2006,Rabi,Masoor,2.82,1,0.354609929
Jharkhand,SIMDEGA,2006,Rabi,Onion,182.49,937,5.134527919
Jharkhand,SIMDEGA,2006,Rabi,Potato,559.97,4386,7.832562459
Jharkhand,SIMDEGA,2006,Rabi,Rapeseed &Mustard,85.77,72,0.839454355
Jharkhand,SIMDEGA,2006,Rabi,Wheat,1418.31,2370,1.671002813
Jharkhand,SIMDEGA,2006,Whole Year,Sugarcane,4.87,22,4.517453799
Jharkhand,SIMDEGA,2006,Winter,Potato,380.85,1816,4.768281476
Jharkhand,SIMDEGA,2006,Winter,Rice,38105.35,27359.33,0.717991831
Jharkhand,SIMDEGA,2007,Autumn,Maize,488.44,614,1.257063304
Jharkhand,SIMDEGA,2007,Autumn,Ragi,5254.27,4219,0.802965969
Jharkhand,SIMDEGA,2007,Autumn,Rice,27395.2,28728.67,1.048675315
Jharkhand,SIMDEGA,2007,Rabi,Arhar/Tur,391.3,403,1.029900332
Jharkhand,SIMDEGA,2007,Rabi,Gram,122.9,60,0.48820179
Jharkhand,SIMDEGA,2007,Rabi,Onion,182.45,937,5.135653604
Jharkhand,SIMDEGA,2007,Rabi,Potato,531.27,3645,6.860918177
Jharkhand,SIMDEGA,2007,Rabi,Wheat,478.6,836,1.746761387
Jharkhand,SIMDEGA,2007,Winter,Potato,379.68,3625,9.547513696
Jharkhand,SIMDEGA,2007,Winter,Rice,39000.26,65078.67,1.668672722
Jharkhand,SIMDEGA,2010,Rabi,Arhar/Tur,362,417,1.151933702
Jharkhand,SIMDEGA,2010,Rabi,Gram,205,67,0.326829268
Jharkhand,SIMDEGA,2010,Rabi,Onion,171,792,4.631578947
Jharkhand,SIMDEGA,2010,Rabi,Potato,528,2107,3.990530303
Jharkhand,SIMDEGA,2010,Rabi,Rapeseed &Mustard,59,40,0.677966102
Jharkhand,SIMDEGA,2010,Rabi,Wheat,249,186,0.746987952
Jharkhand,WEST SINGHBHUM,2002,Autumn,Maize,1220.69,1004.62,0.822993553
Jharkhand,WEST SINGHBHUM,2002,Autumn,Rice,9311.57,5338.63,0.573332961
Jharkhand,WEST SINGHBHUM,2002,Rabi,Arhar/Tur,129.61,125.98,0.971992902
Jharkhand,WEST SINGHBHUM,2002,Rabi,Gram,219.6,179.19,0.815983607
Jharkhand,WEST SINGHBHUM,2002,Winter,Rice,117119.34,90103.81,0.769333314
Jharkhand,WEST SINGHBHUM,2003,Autumn,Maize,1142.5,1227.05,1.074004376
Jharkhand,WEST SINGHBHUM,2003,Autumn,Rice,20183.11,9782.08,0.484666635
Jharkhand,WEST SINGHBHUM,2003,Kharif,Arhar/Tur,165.29,165.79,1.003024986
Jharkhand,WEST SINGHBHUM,2003,Rabi,Gram,227.47,158.55,0.697014991
Jharkhand,WEST SINGHBHUM,2003,Rabi,Wheat,155.06,211.19,1.361988908
Jharkhand,WEST SINGHBHUM,2003,Winter,Rice,116530.94,61450.65,0.527333342
Jharkhand,WEST SINGHBHUM,2004,Autumn,Maize,1270.21,1931.98,1.520992592
Jharkhand,WEST SINGHBHUM,2004,Autumn,Rice,9775.62,6028.3,0.616666769
Jharkhand,WEST SINGHBHUM,2004,Rabi,Arhar/Tur,143.79,160.33,1.115028862
Jharkhand,WEST SINGHBHUM,2004,Rabi,Gram,222.68,120.25,0.540012574
Jharkhand,WEST SINGHBHUM,2004,Rabi,Rapeseed &Mustard,5.01,4.51,0.900199601
Jharkhand,WEST SINGHBHUM,2004,Rabi,Wheat,73.87,80.22,1.085961825
Jharkhand,WEST SINGHBHUM,2004,Winter,Rice,85873.94,81007.75,0.943333333
Jharkhand,WEST SINGHBHUM,2005,Autumn,Maize,1301.6,1205.28,0.925998771
Jharkhand,WEST SINGHBHUM,2005,Autumn,Rice,10102.97,4472.25,0.442666859
Jharkhand,WEST SINGHBHUM,2005,Rabi,Arhar/Tur,144.83,135.56,0.935993924
Jharkhand,WEST SINGHBHUM,2005,Rabi,Gram,224.48,107.53,0.479018175
Jharkhand,WEST SINGHBHUM,2005,Rabi,Wheat,82.84,75.72,0.914051183
Jharkhand,WEST SINGHBHUM,2005,Winter,Rice,117536.73,47484.84,0.404000009
Jharkhand,WEST SINGHBHUM,2006,Autumn,Maize,1429.78,1055,0.737875757
Jharkhand,WEST SINGHBHUM,2006,Autumn,Ragi,656.79,520,0.791729472
Jharkhand,WEST SINGHBHUM,2006,Autumn,Rice,6695.48,3312,0.494662071
Jharkhand,WEST SINGHBHUM,2006,Rabi,Arhar/Tur,147.66,205,1.388324529
Jharkhand,WEST SINGHBHUM,2006,Rabi,Gram,230.34,169,0.733698012
Jharkhand,WEST SINGHBHUM,2006,Rabi,Masoor,48.35,21,0.434332989
Jharkhand,WEST SINGHBHUM,2006,Rabi,Potato,15.88,129,8.123425693
Jharkhand,WEST SINGHBHUM,2006,Rabi,Rapeseed &Mustard,13.85,9,0.649819495
Jharkhand,WEST SINGHBHUM,2006,Rabi,Wheat,206.31,236,1.143909651
Jharkhand,WEST SINGHBHUM,2006,Winter,Potato,89.9,684,7.608453838
Jharkhand,WEST SINGHBHUM,2006,Winter,Rice,127315.75,124514.7,0.977999187
Jharkhand,WEST SINGHBHUM,2007,Autumn,Maize,607.14,579,0.953651547
Jharkhand,WEST SINGHBHUM,2007,Autumn,Rice,11343.83,7578,0.668028347
Jharkhand,WEST SINGHBHUM,2007,Rabi,Arhar/Tur,150.29,181,1.204338279
Jharkhand,WEST SINGHBHUM,2007,Rabi,Gram,233.53,262,1.121911532
Jharkhand,WEST SINGHBHUM,2007,Rabi,Masoor,49.3,32,0.649087221
Jharkhand,WEST SINGHBHUM,2007,Rabi,Potato,16.86,105,6.227758007
Jharkhand,WEST SINGHBHUM,2007,Rabi,Rapeseed &Mustard,5.8,6,1.034482759
Jharkhand,WEST SINGHBHUM,2007,Rabi,Wheat,85.91,98,1.14072867
Jharkhand,WEST SINGHBHUM,2007,Winter,Potato,9.32,71,7.618025751
Jharkhand,WEST SINGHBHUM,2007,Winter,Rice,127677.16,137125.3,1.074000236
Jharkhand,WEST SINGHBHUM,2010,Rabi,Arhar/Tur,198,262,1.323232323
Jharkhand,WEST SINGHBHUM,2010,Rabi,Gram,274,167,0.609489051
Jharkhand,WEST SINGHBHUM,2010,Rabi,Masoor,45,36,0.8
Jharkhand,WEST SINGHBHUM,2010,Rabi,Potato,35,46,1.314285714
Jharkhand,WEST SINGHBHUM,2010,Rabi,Rapeseed &Mustard,33,43,1.303030303
Jharkhand,WEST SINGHBHUM,2010,Rabi,Wheat,137,68,0.496350365
Karnataka,BAGALKOT,1998,Kharif,Arhar/Tur,6154,2602,0.42281443
Karnataka,BAGALKOT,1998,Kharif,Bajra,48855,52375,1.072049944
Karnataka,BAGALKOT,1998,Kharif,Castor seed,71,61,0.85915493
Karnataka,BAGALKOT,1998,Kharif,Cotton(lint),15225,22129,1.453464696
Karnataka,BAGALKOT,1998,Kharif,Groundnut,16368,7734,0.472507331
Karnataka,BAGALKOT,1998,Kharif,Horse-gram,3372,1156,0.34282325
Karnataka,BAGALKOT,1998,Kharif,Jowar,12363,24855,2.010434361
Karnataka,BAGALKOT,1998,Kharif,Maize,30630,92831,3.030721515
Karnataka,BAGALKOT,1998,Kharif,Moong(Green Gram),13872,1147,0.082684544
Karnataka,BAGALKOT,1998,Kharif,Niger seed,310,47,0.151612903
Karnataka,BAGALKOT,1998,Kharif,Onion,3090,14100,4.563106796
Karnataka,BAGALKOT,1998,Kharif,Rapeseed &Mustard,51,7,0.137254902
Karnataka,BAGALKOT,1998,Kharif,Rice,197,316,1.604060914
Karnataka,BAGALKOT,1998,Kharif,Sesamum,2395,937,0.391231733
Karnataka,BAGALKOT,1998,Kharif,Soyabean,5221,3854,0.738172764
Karnataka,BAGALKOT,1998,Kharif,Sunflower,36785,13374,0.363572108
Karnataka,BAGALKOT,1998,Rabi,Gram,17835,15170,0.850574713
Karnataka,BAGALKOT,1998,Rabi,Groundnut,15849,24166,1.524764969
Karnataka,BAGALKOT,1998,Rabi,Horse-gram,2098,608,0.289799809
Karnataka,BAGALKOT,1998,Rabi,Jowar,152540,120840,0.792185656
Karnataka,BAGALKOT,1998,Rabi,Linseed,4667,1667,0.357188772
Karnataka,BAGALKOT,1998,Rabi,Maize,10520,24026,2.283840304
Karnataka,BAGALKOT,1998,Rabi,Onion,1226,16070,13.10766721
Karnataka,BAGALKOT,1998,Rabi,Safflower,4590,3570,0.777777778
Karnataka,BAGALKOT,1998,Rabi,Sunflower,41359,16619,0.401823061
Karnataka,BAGALKOT,1998,Rabi,Wheat,22207,28030,1.262214617
Karnataka,BAGALKOT,1998,Summer,Maize,2252,5016,2.227353464
Karnataka,BAGALKOT,1998,Summer,Onion,1032,15017,14.55135659
Karnataka,BAGALKOT,1998,Summer,Sunflower,2262,1195,0.528293546
Karnataka,BAGALKOT,1998,Whole Year,Arecanut,1,7,7
Karnataka,BAGALKOT,1998,Whole Year,Coconut,571,2728,4.777583187
Karnataka,BAGALKOT,1998,Whole Year,Coriander,43,4,0.093023256
Karnataka,BAGALKOT,1998,Whole Year,Dry chillies,619,816,1.31825525
Karnataka,BAGALKOT,1998,Whole Year,Garlic,30,25,0.833333333
Karnataka,BAGALKOT,1998,Whole Year,Turmeric,305,1872,6.137704918
Karnataka,BAGALKOT,1999,Kharif,Arhar/Tur,5126,3589,0.700156067
Karnataka,BAGALKOT,1999,Kharif,Bajra,41122,29929,0.727809931
Karnataka,BAGALKOT,1999,Kharif,Castor seed,48,37,0.770833333
Karnataka,BAGALKOT,1999,Kharif,Cotton(lint),11979,18434,1.538859671
Karnataka,BAGALKOT,1999,Kharif,Groundnut,13284,7326,0.551490515
Karnataka,BAGALKOT,1999,Kharif,Horse-gram,2555,607,0.237573386
Karnataka,BAGALKOT,1999,Kharif,Jowar,11598,21354,1.841179514
Karnataka,BAGALKOT,1999,Kharif,Maize,30462,101371,3.327785438
Karnataka,BAGALKOT,1999,Kharif,Mesta,9,17,1.888888889
Karnataka,BAGALKOT,1999,Kharif,Moong(Green Gram),18730,6423,0.342925788
Karnataka,BAGALKOT,1999,Kharif,Niger seed,347,53,0.152737752
Karnataka,BAGALKOT,1999,Kharif,Other Kharif pulses,21091,3696,0.175240624
Karnataka,BAGALKOT,1999,Kharif,Rice,128,202,1.578125
Karnataka,BAGALKOT,1999,Kharif,Sesamum,1354,607,0.448301329
Karnataka,BAGALKOT,1999,Kharif,Small millets,540,190,0.351851852
Karnataka,BAGALKOT,1999,Kharif,Soyabean,5098,4262,0.836014123
Karnataka,BAGALKOT,1999,Kharif,Sunflower,26250,14837,0.565219048
Karnataka,BAGALKOT,1999,Rabi,Gram,18807,12599,0.66991014
Karnataka,BAGALKOT,1999,Rabi,Groundnut,15530,20537,1.322408242
Karnataka,BAGALKOT,1999,Rabi,Horse-gram,3584,538,0.150111607
Karnataka,BAGALKOT,1999,Rabi,Jowar,160974,147679,0.917409023
Karnataka,BAGALKOT,1999,Rabi,Linseed,5667,1647,0.290629963
Karnataka,BAGALKOT,1999,Rabi,Maize,15401,41391,2.687552756
Karnataka,BAGALKOT,1999,Rabi,Other  Rabi pulses,1598,202,0.12640801
Karnataka,BAGALKOT,1999,Rabi,Rapeseed &Mustard,74,11,0.148648649
Karnataka,BAGALKOT,1999,Rabi,Safflower,3926,2828,0.720326032
Karnataka,BAGALKOT,1999,Rabi,Sunflower,24177,15169,0.627414485
Karnataka,BAGALKOT,1999,Rabi,Wheat,21584,29875,1.384127131
Karnataka,BAGALKOT,1999,Summer,Maize,416,760,1.826923077
Karnataka,BAGALKOT,1999,Summer,Sunflower,1527,1065,0.697445972
Karnataka,BAGALKOT,1999,Whole Year,Banana,954,23628,24.7672956
Karnataka,BAGALKOT,1999,Whole Year,Coconut,1283,6130,4.77786438
Karnataka,BAGALKOT,1999,Whole Year,Coriander,31,3,0.096774194
Karnataka,BAGALKOT,1999,Whole Year,Dry chillies,579,595,1.027633851
Karnataka,BAGALKOT,1999,Whole Year,Garlic,30,25,0.833333333
Karnataka,BAGALKOT,1999,Whole Year,Onion,3614,52778,14.60376314
Karnataka,BAGALKOT,1999,Whole Year,Sugarcane,53888,6143232,114
Karnataka,BAGALKOT,1999,Whole Year,Sweet potato,51,162,3.176470588
Karnataka,BAGALKOT,1999,Whole Year,Turmeric,310,1684,5.432258065
Karnataka,BAGALKOT,2000,Kharif,Arhar/Tur,4984,3693,0.740971108
Karnataka,BAGALKOT,2000,Kharif,Bajra,41232,41300,1.001649205
Karnataka,BAGALKOT,2000,Kharif,Castor seed,52,67,1.288461538
Karnataka,BAGALKOT,2000,Kharif,Cotton(lint),15767,23002,1.458869791
Karnataka,BAGALKOT,2000,Kharif,Groundnut,14487,9664,0.667080831
Karnataka,BAGALKOT,2000,Kharif,Horse-gram,2359,2902,1.230182281
Karnataka,BAGALKOT,2000,Kharif,Jowar,11375,22359,1.965626374
Karnataka,BAGALKOT,2000,Kharif,Maize,31263,99110,3.170201196
Karnataka,BAGALKOT,2000,Kharif,Mesta,9,17,1.888888889
Karnataka,BAGALKOT,2000,Kharif,Moong(Green Gram),23658,10069,0.42560656
Karnataka,BAGALKOT,2000,Kharif,Niger seed,435,66,0.151724138
Karnataka,BAGALKOT,2000,Kharif,Other Kharif pulses,2961,1001,0.338061466
Karnataka,BAGALKOT,2000,Kharif,Rice,171,311,1.81871345
Karnataka,BAGALKOT,2000,Kharif,Sesamum,1981,969,0.489146896
Karnataka,BAGALKOT,2000,Kharif,Small millets,1142,723,0.633099825
Karnataka,BAGALKOT,2000,Kharif,Soyabean,4743,4749,1.001265022
Karnataka,BAGALKOT,2000,Kharif,Sunflower,25378,16262,0.640791237
Karnataka,BAGALKOT,2000,Rabi,Gram,16454,9834,0.597666221
Karnataka,BAGALKOT,2000,Rabi,Groundnut,11875,17305,1.457263158
Karnataka,BAGALKOT,2000,Rabi,Horse-gram,1530,490,0.320261438
Karnataka,BAGALKOT,2000,Rabi,Jowar,132473,94603,0.714130427
Karnataka,BAGALKOT,2000,Rabi,Linseed,4647,1377,0.296320207
Karnataka,BAGALKOT,2000,Rabi,Maize,17492,47659,2.724616968
Karnataka,BAGALKOT,2000,Rabi,Other  Rabi pulses,677,90,0.132939439
Karnataka,BAGALKOT,2000,Rabi,Rapeseed &Mustard,74,11,0.148648649
Karnataka,BAGALKOT,2000,Rabi,Safflower,3296,3023,0.91717233
Karnataka,BAGALKOT,2000,Rabi,Sunflower,36375,20518,0.564068729
Karnataka,BAGALKOT,2000,Rabi,Wheat,23969,37181,1.551211982
Karnataka,BAGALKOT,2000,Summer,Maize,3129,8799,2.812080537
Karnataka,BAGALKOT,2000,Summer,Sunflower,2901,2163,0.745604964
Karnataka,BAGALKOT,2000,Whole Year,Arecanut,4,6,1.5
Karnataka,BAGALKOT,2000,Whole Year,Banana,872,14647,16.79701835
Karnataka,BAGALKOT,2000,Whole Year,Coconut,1312,6268,4.777439024
Karnataka,BAGALKOT,2000,Whole Year,Coriander,34,3,0.088235294
Karnataka,BAGALKOT,2000,Whole Year,Dry chillies,756,654,0.865079365
Karnataka,BAGALKOT,2000,Whole Year,Garlic,27,22,0.814814815
Karnataka,BAGALKOT,2000,Whole Year,Onion,3819,33520,8.777166798
Karnataka,BAGALKOT,2000,Whole Year,Sannhamp,35,9,0.257142857
Karnataka,BAGALKOT,2000,Whole Year,Sugarcane,62050,7014752,113.0499919
Karnataka,BAGALKOT,2000,Whole Year,Sweet potato,51,162,3.176470588
Karnataka,BAGALKOT,2000,Whole Year,Turmeric,301,1476,4.903654485
Karnataka,BAGALKOT,2001,Kharif,Arhar/Tur,1502,925,0.615845539
Karnataka,BAGALKOT,2001,Kharif,Bajra,15169,11519,0.759377678
Karnataka,BAGALKOT,2001,Kharif,Castor seed,19,14,0.736842105
Karnataka,BAGALKOT,2001,Kharif,Cotton(lint),14104,22539,1.598057289
Karnataka,BAGALKOT,2001,Kharif,Groundnut,14509,17691,1.219312151
Karnataka,BAGALKOT,2001,Kharif,Horse-gram,1370,1606,1.172262774
Karnataka,BAGALKOT,2001,Kharif,Jowar,6786,12064,1.777777778
Karnataka,BAGALKOT,2001,Kharif,Maize,21340,66431,3.112980319
Karnataka,BAGALKOT,2001,Kharif,Mesta,5,10,2
Karnataka,BAGALKOT,2001,Kharif,Moong(Green Gram),2301,501,0.217731421
Karnataka,BAGALKOT,2001,Kharif,Niger seed,164,25,0.152439024
Karnataka,BAGALKOT,2001,Kharif,Other Kharif pulses,450,151,0.335555556
Karnataka,BAGALKOT,2001,Kharif,Rice,171,411,2.403508772
Karnataka,BAGALKOT,2001,Kharif,Sesamum,897,581,0.647714604
Karnataka,BAGALKOT,2001,Kharif,Small millets,43,16,0.372093023
Karnataka,BAGALKOT,2001,Kharif,Soyabean,410,303,0.73902439
Karnataka,BAGALKOT,2001,Kharif,Sunflower,8560,6843,0.799415888
Karnataka,BAGALKOT,2001,Rabi,Gram,25681,17984,0.700284257
Karnataka,BAGALKOT,2001,Rabi,Horse-gram,9429,5554,0.589033832
Karnataka,BAGALKOT,2001,Rabi,Jowar,170489,125015,0.733273114
Karnataka,BAGALKOT,2001,Rabi,Linseed,6261,2641,0.421817601
Karnataka,BAGALKOT,2001,Rabi,Maize,15597,43755,2.805347182
Karnataka,BAGALKOT,2001,Rabi,Other  Rabi pulses,660,88,0.133333333
Karnataka,BAGALKOT,2001,Rabi,Rapeseed &Mustard,74,11,0.148648649
Karnataka,BAGALKOT,2001,Rabi,Safflower,4793,2817,0.587732109
Karnataka,BAGALKOT,2001,Rabi,Sunflower,48590,24663,0.507573575
Karnataka,BAGALKOT,2001,Rabi,Wheat,25855,34969,1.352504351
Karnataka,BAGALKOT,2001,Summer,Maize,1396,4066,2.91260745
Karnataka,BAGALKOT,2001,Summer,Rice,13,19,1.461538462
Karnataka,BAGALKOT,2001,Summer,Sunflower,3442,3365,0.977629285
Karnataka,BAGALKOT,2001,Whole Year,Arecanut,4,6,1.5
Karnataka,BAGALKOT,2001,Whole Year,Coconut,1142,5456,4.777583187
Karnataka,BAGALKOT,2001,Whole Year,Coriander,30,3,0.1
Karnataka,BAGALKOT,2001,Whole Year,Dry chillies,704,608,0.863636364
Karnataka,BAGALKOT,2001,Whole Year,Onion,6247,64311,10.29470146
Karnataka,BAGALKOT,2001,Whole Year,Sannhamp,22,5,0.227272727
Karnataka,BAGALKOT,2001,Whole Year,Sugarcane,60450,5570468,92.15000827
Karnataka,BAGALKOT,2001,Whole Year,Turmeric,311,1553,4.993569132
Karnataka,BAGALKOT,2002,Kharif,Arhar/Tur,2749,1113,0.4048745
Karnataka,BAGALKOT,2002,Kharif,Bajra,24007,7171,0.298704545
Karnataka,BAGALKOT,2002,Kharif,Castor seed,10,9,0.9
Karnataka,BAGALKOT,2002,Kharif,Cotton(lint),3511,5149,1.466533751
Karnataka,BAGALKOT,2002,Kharif,Groundnut,5720,1920,0.335664336
Karnataka,BAGALKOT,2002,Kharif,Horse-gram,2660,2075,0.780075188
Karnataka,BAGALKOT,2002,Kharif,Jowar,5551,9005,1.622230229
Karnataka,BAGALKOT,2002,Kharif,Maize,20026,60945,3.043293718
Karnataka,BAGALKOT,2002,Kharif,Mesta,7,13,1.857142857
Karnataka,BAGALKOT,2002,Kharif,Moong(Green Gram),16545,330,0.019945603
Karnataka,BAGALKOT,2002,Kharif,Niger seed,122,18,0.147540984
Karnataka,BAGALKOT,2002,Kharif,Other Kharif pulses,9360,1646,0.175854701
Karnataka,BAGALKOT,2002,Kharif,Rice,112,230,2.053571429
Karnataka,BAGALKOT,2002,Kharif,Sesamum,1225,796,0.649795918
Karnataka,BAGALKOT,2002,Kharif,Small millets,271,67,0.247232472
Karnataka,BAGALKOT,2002,Kharif,Soyabean,1349,728,0.539659007
Karnataka,BAGALKOT,2002,Kharif,Sunflower,22376,11438,0.511172685
Karnataka,BAGALKOT,2002,Rabi,Gram,26669,17905,0.671378754
Karnataka,BAGALKOT,2002,Rabi,Groundnut,10177,12994,1.276800629
Karnataka,BAGALKOT,2002,Rabi,Horse-gram,4254,1689,0.397038082
Karnataka,BAGALKOT,2002,Rabi,Jowar,157259,98880,0.628771644
Karnataka,BAGALKOT,2002,Rabi,Linseed,4997,2207,0.441664999
Karnataka,BAGALKOT,2002,Rabi,Maize,9197,31585,3.434272045
Karnataka,BAGALKOT,2002,Rabi,Other  Rabi pulses,176,21,0.119318182
Karnataka,BAGALKOT,2002,Rabi,Rapeseed &Mustard,80,12,0.15
Karnataka,BAGALKOT,2002,Rabi,Safflower,3916,2703,0.690245148
Karnataka,BAGALKOT,2002,Rabi,Sunflower,55498,31053,0.559533677
Karnataka,BAGALKOT,2002,Rabi,Wheat,23327,32386,1.388348266
Karnataka,BAGALKOT,2002,Summer,Jowar,2,2,1
Karnataka,BAGALKOT,2002,Summer,Maize,1233,4217,3.420113544
Karnataka,BAGALKOT,2002,Summer,Rice,15,16,1.066666667
Karnataka,BAGALKOT,2002,Summer,Sunflower,3207,2809,0.875896476
Karnataka,BAGALKOT,2002,Whole Year,Arcanut (Processed),6,8,1.333333333
Karnataka,BAGALKOT,2002,Whole Year,Atcanut (Raw),6,40,6.666666667
Karnataka,BAGALKOT,2002,Whole Year,Banana,466,7118,15.27467811
Karnataka,BAGALKOT,2002,Whole Year,Brinjal,215,1010,4.697674419
Karnataka,BAGALKOT,2002,Whole Year,Citrus Fruit,350,3155,9.014285714
Karnataka,BAGALKOT,2002,Whole Year,Coconut,877,4190,4.777651083
Karnataka,BAGALKOT,2002,Whole Year,Coriander,30,3,0.1
Karnataka,BAGALKOT,2002,Whole Year,Dry chillies,543,292,0.537753223
Karnataka,BAGALKOT,2002,Whole Year,Garlic,18,15,0.833333333
Karnataka,BAGALKOT,2002,Whole Year,Grapes,608,16383,26.94572368
Karnataka,BAGALKOT,2002,Whole Year,Mango,287,920,3.205574913
Karnataka,BAGALKOT,2002,Whole Year,Onion,3329,30605,9.193451487
Karnataka,BAGALKOT,2002,Whole Year,Other Fresh Fruits,452,955,2.112831858
Karnataka,BAGALKOT,2002,Whole Year,Papaya,43,117,2.720930233
Karnataka,BAGALKOT,2002,Whole Year,Pome Fruit,48,168,3.5
Karnataka,BAGALKOT,2002,Whole Year,Sannhamp,22,5,0.227272727
Karnataka,BAGALKOT,2002,Whole Year,Sugarcane,58694,5241374,89.29999659
Karnataka,BAGALKOT,2002,Whole Year,Sweet potato,20,63,3.15
Karnataka,BAGALKOT,2002,Whole Year,Tomato,114,639,5.605263158
Karnataka,BAGALKOT,2002,Whole Year,Turmeric,356,1991,5.592696629
Karnataka,BAGALKOT,2003,Kharif,Arhar/Tur,736,40,0.054347826
Karnataka,BAGALKOT,2003,Kharif,Bajra,15454,8153,0.527565679
Karnataka,BAGALKOT,2003,Kharif,Castor seed,1,1,1
Karnataka,BAGALKOT,2003,Kharif,Cotton(lint),3226,6374,1.975821451
Karnataka,BAGALKOT,2003,Kharif,Groundnut,2649,1644,0.620611552
Karnataka,BAGALKOT,2003,Kharif,Horse-gram,437,112,0.256292906
Karnataka,BAGALKOT,2003,Kharif,Jowar,4339,9345,2.153722056
Karnataka,BAGALKOT,2003,Kharif,Maize,14493,52889,3.649278962
Karnataka,BAGALKOT,2003,Kharif,Mesta,150,286,1.906666667
Karnataka,BAGALKOT,2003,Kharif,Moong(Green Gram),969,56,0.057791538
Karnataka,BAGALKOT,2003,Kharif,Niger seed,153,23,0.150326797
Karnataka,BAGALKOT,2003,Kharif,Other Kharif pulses,133,45,0.338345865
Karnataka,BAGALKOT,2003,Kharif,Rice,93,210,2.258064516
Karnataka,BAGALKOT,2003,Kharif,Sesamum,536,236,0.440298507
Karnataka,BAGALKOT,2003,Kharif,Small millets,67,39,0.582089552
Karnataka,BAGALKOT,2003,Kharif,Soyabean,272,119,0.4375
Karnataka,BAGALKOT,2003,Kharif,Sunflower,11643,9155,0.78630937
Karnataka,BAGALKOT,2003,Rabi,Gram,28249,4448,0.157456901
Karnataka,BAGALKOT,2003,Rabi,Groundnut,14870,22871,1.538063215
Karnataka,BAGALKOT,2003,Rabi,Horse-gram,2879,230,0.07988885
Karnataka,BAGALKOT,2003,Rabi,Jowar,134368,10766,0.080123244
Karnataka,BAGALKOT,2003,Rabi,Linseed,3523,264,0.074936134
Karnataka,BAGALKOT,2003,Rabi,Maize,11898,32576,2.737939149
Karnataka,BAGALKOT,2003,Rabi,Other  Rabi pulses,571,76,0.133099825
Karnataka,BAGALKOT,2003,Rabi,Rapeseed &Mustard,65,10,0.153846154
Karnataka,BAGALKOT,2003,Rabi,Safflower,2767,343,0.123960969
Karnataka,BAGALKOT,2003,Rabi,Sunflower,88095,24320,0.276065611
Karnataka,BAGALKOT,2003,Rabi,Wheat,15300,18327,1.197843137
Karnataka,BAGALKOT,2003,Summer,Jowar,37,98,2.648648649
Karnataka,BAGALKOT,2003,Summer,Maize,1515,3310,2.184818482
Karnataka,BAGALKOT,2003,Summer,Rice,2,7,3.5
Karnataka,BAGALKOT,2003,Summer,Sunflower,3232,2693,0.833230198
Karnataka,BAGALKOT,2003,Whole Year,Arecanut,6,8,1.333333333
Karnataka,BAGALKOT,2003,Whole Year,Banana,434,7423,17.10368664
Karnataka,BAGALKOT,2003,Whole Year,Brinjal,1037,4377,4.220829315
Karnataka,BAGALKOT,2003,Whole Year,Citrus Fruit,374,1368,3.657754011
Karnataka,BAGALKOT,2003,Whole Year,Coconut,600,2867,4.778333333
Karnataka,BAGALKOT,2003,Whole Year,Coriander,26,2,0.076923077
Karnataka,BAGALKOT,2003,Whole Year,Dry chillies,476,798,1.676470588
Karnataka,BAGALKOT,2003,Whole Year,Garlic,150,124,0.826666667
Karnataka,BAGALKOT,2003,Whole Year,Grapes,1829,78515,42.92782941
Karnataka,BAGALKOT,2003,Whole Year,Mango,601,2073,3.449251248
Karnataka,BAGALKOT,2003,Whole Year,Onion,4269,27894,6.534082923
Karnataka,BAGALKOT,2003,Whole Year,Other Fresh Fruits,385,800,2.077922078
Karnataka,BAGALKOT,2003,Whole Year,Pome Fruit,61,70,1.147540984
Karnataka,BAGALKOT,2003,Whole Year,Sannhamp,19,5,0.263157895
Karnataka,BAGALKOT,2003,Whole Year,Sugarcane,38744,2834124,73.15001032
Karnataka,BAGALKOT,2003,Whole Year,Sweet potato,42,133,3.166666667
Karnataka,BAGALKOT,2003,Whole Year,Tomato,321,853,2.657320872
Karnataka,BAGALKOT,2004,Kharif,Arhar/Tur,3105,655,0.210950081
Karnataka,BAGALKOT,2004,Kharif,Bajra,50947,32970,0.64714311
Karnataka,BAGALKOT,2004,Kharif,Castor seed,2,2,1
Karnataka,BAGALKOT,2004,Kharif,Cotton(lint),7315,12172,1.663978127
Karnataka,BAGALKOT,2004,Kharif,Groundnut,6413,3776,0.588803992
Karnataka,BAGALKOT,2004,Kharif,Horse-gram,1710,1049,0.613450292
Karnataka,BAGALKOT,2004,Kharif,Jowar,11225,20951,1.866458797
Karnataka,BAGALKOT,2004,Kharif,Maize,37419,130280,3.481653705
Karnataka,BAGALKOT,2004,Kharif,Mesta,120,229,1.908333333
Karnataka,BAGALKOT,2004,Kharif,Moong(Green Gram),37851,4315,0.11399963
Karnataka,BAGALKOT,2004,Kharif,Niger seed,226,34,0.150442478
Karnataka,BAGALKOT,2004,Kharif,Other Kharif pulses,906,298.98,0.33
Karnataka,BAGALKOT,2004,Kharif,Rice,64,178.75,2.79296875
Karnataka,BAGALKOT,2004,Kharif,Sesamum,948,581,0.612869198
Karnataka,BAGALKOT,2004,Kharif,Small millets,54,19,0.351851852
Karnataka,BAGALKOT,2004,Kharif,Soyabean,9183,5156,0.561472286
Karnataka,BAGALKOT,2004,Kharif,Sunflower,51307,29116,0.567485918
Karnataka,BAGALKOT,2004,Rabi,Gram,20960,10288,0.490839695
Karnataka,BAGALKOT,2004,Rabi,Groundnut,18828,25292,1.343318462
Karnataka,BAGALKOT,2004,Rabi,Horse-gram,1901,591,0.310889006
Karnataka,BAGALKOT,2004,Rabi,Jowar,144349,100053,0.693132616
Karnataka,BAGALKOT,2004,Rabi,Linseed,3348,658,0.196535245
Karnataka,BAGALKOT,2004,Rabi,Maize,12094,42223,3.491235323
Karnataka,BAGALKOT,2004,Rabi,Other  Rabi pulses,694,92,0.132564841
Karnataka,BAGALKOT,2004,Rabi,Rapeseed &Mustard,70,10,0.142857143
Karnataka,BAGALKOT,2004,Rabi,Safflower,2857,943,0.330066503
Karnataka,BAGALKOT,2004,Rabi,Sunflower,62717,35641,0.568282922
Karnataka,BAGALKOT,2004,Rabi,Wheat,21202,32903,1.551881898
Karnataka,BAGALKOT,2004,Summer,Maize,1509,5691,3.771371769
Karnataka,BAGALKOT,2004,Summer,Sunflower,4087,3052,0.746758013
Karnataka,BAGALKOT,2004,Whole Year,Arecanut,2,3,1.5
Karnataka,BAGALKOT,2004,Whole Year,Banana,191,7032,36.81675393
Karnataka,BAGALKOT,2004,Whole Year,Coconut,452,21813.52,48.26
Karnataka,BAGALKOT,2004,Whole Year,Coriander,31,3,0.096774194
Karnataka,BAGALKOT,2004,Whole Year,Dry chillies,601,459,0.763727121
Karnataka,BAGALKOT,2004,Whole Year,Garlic,150,124,0.826666667
Karnataka,BAGALKOT,2004,Whole Year,Onion,6986,65436,9.366733467
Karnataka,BAGALKOT,2004,Whole Year,Sweet potato,57,181,3.175438596
Karnataka,BAGALKOT,2004,Whole Year,Turmeric,374,2277,6.088235294
Karnataka,BAGALKOT,2005,Kharif,Arhar/Tur,2984,1032,0.345844504
Karnataka,BAGALKOT,2005,Kharif,Bajra,44354,54674,1.232673491
Karnataka,BAGALKOT,2005,Kharif,Dry chillies,318,231,0.726415094
Karnataka,BAGALKOT,2005,Kharif,Groundnut,7134,5000,0.700869078
Karnataka,BAGALKOT,2005,Kharif,Horse-gram,1812,1914,1.056291391
Karnataka,BAGALKOT,2005,Kharif,Jowar,10339,27092,2.620369475
Karnataka,BAGALKOT,2005,Kharif,Maize,38948,153176,3.932833522
Karnataka,BAGALKOT,2005,Kharif,Moong(Green Gram),28884,3375,0.116846697
Karnataka,BAGALKOT,2005,Kharif,Niger seed,184,28,0.152173913
Karnataka,BAGALKOT,2005,Kharif,Onion,6732,39517,5.870023767
Karnataka,BAGALKOT,2005,Kharif,Other Kharif pulses,602,203,0.337209302
Karnataka,BAGALKOT,2005,Kharif,Rice,126,355,2.817460317
Karnataka,BAGALKOT,2005,Kharif,Sesamum,3085,1515,0.4910859
Karnataka,BAGALKOT,2005,Kharif,Small millets,121,34,0.280991736
Karnataka,BAGALKOT,2005,Kharif,Soyabean,6534,4947,0.757116621
Karnataka,BAGALKOT,2005,Kharif,Sunflower,48722,26039,0.534440294
Karnataka,BAGALKOT,2005,Kharif,Urad,12,2,0.166666667
Karnataka,BAGALKOT,2005,Rabi,Dry chillies,118,192,1.627118644
Karnataka,BAGALKOT,2005,Rabi,Gram,19566,11244,0.574670347
Karnataka,BAGALKOT,2005,Rabi,Groundnut,19037,18157,0.953774229
Karnataka,BAGALKOT,2005,Rabi,Horse-gram,2540,1298,0.511023622
Karnataka,BAGALKOT,2005,Rabi,Jowar,127199,138382,1.087917358
Karnataka,BAGALKOT,2005,Rabi,Linseed,3690,778,0.210840108
Karnataka,BAGALKOT,2005,Rabi,Maize,14743,61920,4.199959303
Karnataka,BAGALKOT,2005,Rabi,Onion,1478,15322,10.36671177
Karnataka,BAGALKOT,2005,Rabi,Other  Rabi pulses,987,131,0.132725431
Karnataka,BAGALKOT,2005,Rabi,Rapeseed &Mustard,75,11,0.146666667
Karnataka,BAGALKOT,2005,Rabi,Safflower,2901,1293,0.445708376
Karnataka,BAGALKOT,2005,Rabi,Sunflower,81668,56526,0.692143802
Karnataka,BAGALKOT,2005,Rabi,Wheat,21840,34948,1.60018315
Karnataka,BAGALKOT,2005,Summer,Dry chillies,71,42,0.591549296
Karnataka,BAGALKOT,2005,Summer,Jowar,3,6,2
Karnataka,BAGALKOT,2005,Summer,Maize,1723,7038,4.084735926
Karnataka,BAGALKOT,2005,Summer,Onion,675,9735,14.42222222
Karnataka,BAGALKOT,2005,Summer,Rice,63,196,3.111111111
Karnataka,BAGALKOT,2005,Summer,Sunflower,3328,3098,0.930889423
Karnataka,BAGALKOT,2005,Whole Year,Banana,84,2477,29.48809524
Karnataka,BAGALKOT,2005,Whole Year,Coconut,413,1973,4.777239709
Karnataka,BAGALKOT,2005,Whole Year,Coriander,34,3,0.088235294
Karnataka,BAGALKOT,2005,Whole Year,Cotton(lint),5632,9351,1.660333807
Karnataka,BAGALKOT,2005,Whole Year,Garlic,60,50,0.833333333
Karnataka,BAGALKOT,2005,Whole Year,Mesta,82,156,1.902439024
Karnataka,BAGALKOT,2005,Whole Year,Sugarcane,37783,3445810,91.20001059
Karnataka,BAGALKOT,2005,Whole Year,Sweet potato,50,158,3.16
Karnataka,BAGALKOT,2005,Whole Year,Turmeric,368,4453,12.10054348
Karnataka,BAGALKOT,2006,Kharif,Arhar/Tur,3283,904,0.275357904
Karnataka,BAGALKOT,2006,Kharif,Bajra,39194,13233,0.337628208
Karnataka,BAGALKOT,2006,Kharif,Groundnut,7294,2911,0.399095147
Karnataka,BAGALKOT,2006,Kharif,Horse-gram,1229,207,0.168429618
Karnataka,BAGALKOT,2006,Kharif,Jowar,9087,8155,0.897435897
Karnataka,BAGALKOT,2006,Kharif,Maize,36326,137679,3.790095249
Karnataka,BAGALKOT,2006,Kharif,Moong(Green Gram),30678,1574,0.051307126
Karnataka,BAGALKOT,2006,Kharif,Niger seed,257,39,0.151750973
Karnataka,BAGALKOT,2006,Kharif,Other Kharif pulses,858,381,0.444055944
Karnataka,BAGALKOT,2006,Kharif,Rapeseed &Mustard,53,8,0.150943396
Karnataka,BAGALKOT,2006,Kharif,Rice,117,339,2.897435897
Karnataka,BAGALKOT,2006,Kharif,Sesamum,1413,283,0.200283086
Karnataka,BAGALKOT,2006,Kharif,Small millets,52,14,0.269230769
Karnataka,BAGALKOT,2006,Kharif,Soyabean,3367,3215,0.954855955
Karnataka,BAGALKOT,2006,Kharif,Sunflower,40031,11199,0.279758187
Karnataka,BAGALKOT,2006,Rabi,Gram,28075,9088,0.323704363
Karnataka,BAGALKOT,2006,Rabi,Groundnut,15146,12000,0.792288393
Karnataka,BAGALKOT,2006,Rabi,Horse-gram,2017,234,0.116013882
Karnataka,BAGALKOT,2006,Rabi,Jowar,119913,60772,0.506800764
Karnataka,BAGALKOT,2006,Rabi,Linseed,3538,625,0.176653477
Karnataka,BAGALKOT,2006,Rabi,Maize,12637,44443,3.516894833
Karnataka,BAGALKOT,2006,Rabi,Other  Rabi pulses,804,207,0.257462687
Karnataka,BAGALKOT,2006,Rabi,Safflower,3865,1345,0.347994825
Karnataka,BAGALKOT,2006,Rabi,Sunflower,67538,20690,0.306346057
Karnataka,BAGALKOT,2006,Rabi,Wheat,20992,27344,1.302591463
Karnataka,BAGALKOT,2006,Summer,Maize,2128,6625,3.11325188
Karnataka,BAGALKOT,2006,Summer,Sunflower,3919,3902,0.995662159
Karnataka,BAGALKOT,2006,Whole Year,Banana,572,11420,19.96503497
Karnataka,BAGALKOT,2006,Whole Year,Coconut,236,1128,4.779661017
Karnataka,BAGALKOT,2006,Whole Year,Coriander,39,4,0.102564103
Karnataka,BAGALKOT,2006,Whole Year,Cotton(lint),2974,4695,1.57868191
Karnataka,BAGALKOT,2006,Whole Year,Dry chillies,511,872,1.706457926
Karnataka,BAGALKOT,2006,Whole Year,Garlic,55,46,0.836363636
Karnataka,BAGALKOT,2006,Whole Year,Mesta,35,67,1.914285714
Karnataka,BAGALKOT,2006,Whole Year,Onion,8284,59102,7.134476099
Karnataka,BAGALKOT,2006,Whole Year,Sugarcane,48913,4274996,87.39999591
Karnataka,BAGALKOT,2006,Whole Year,Sweet potato,46,146,3.173913043
Karnataka,BAGALKOT,2006,Whole Year,Turmeric,591,4045,6.844331641
Karnataka,BAGALKOT,2007,Kharif,Arhar/Tur,4294,3402,0.792268281
Karnataka,BAGALKOT,2007,Kharif,Bajra,51037,58785,1.151811431
Karnataka,BAGALKOT,2007,Kharif,Dry chillies,699,630,0.901287554
Karnataka,BAGALKOT,2007,Kharif,Groundnut,5007,3866,0.772119033
Karnataka,BAGALKOT,2007,Kharif,Horse-gram,1829,1390,0.75997813
Karnataka,BAGALKOT,2007,Kharif,Jowar,9537,15692,1.645381147
Karnataka,BAGALKOT,2007,Kharif,Maize,49303,194845,3.951990751
Karnataka,BAGALKOT,2007,Kharif,Moong(Green Gram),47730,9431,0.197590614
Karnataka,BAGALKOT,2007,Kharif,Niger seed,201,76,0.378109453
Karnataka,BAGALKOT,2007,Kharif,Onion,12075,81411,6.742111801
Karnataka,BAGALKOT,2007,Kharif,Other Kharif pulses,1484,728,0.490566038
Karnataka,BAGALKOT,2007,Kharif,Rapeseed &Mustard,42,15,0.357142857
Karnataka,BAGALKOT,2007,Kharif,Rice,68,206,3.029411765
Karnataka,BAGALKOT,2007,Kharif,Sesamum,1343,702,0.52271035
Karnataka,BAGALKOT,2007,Kharif,Small millets,69,23,0.333333333
Karnataka,BAGALKOT,2007,Kharif,Soyabean,2575,3474,1.349126214
Karnataka,BAGALKOT,2007,Kharif,Sunflower,22559,13004,0.576443991
Karnataka,BAGALKOT,2007,Kharif,Urad,40,14,0.35
Karnataka,BAGALKOT,2007,Rabi,Dry chillies,221,386,1.746606335
Karnataka,BAGALKOT,2007,Rabi,Gram,49313,34287,0.69529333
Karnataka,BAGALKOT,2007,Rabi,Groundnut,17294,14425,0.834104314
Karnataka,BAGALKOT,2007,Rabi,Horse-gram,2113,1218,0.576431614
Karnataka,BAGALKOT,2007,Rabi,Jowar,123497,178029,1.441565382
Karnataka,BAGALKOT,2007,Rabi,Linseed,3690,1844,0.499728997
Karnataka,BAGALKOT,2007,Rabi,Maize,16147,67418,4.175264755
Karnataka,BAGALKOT,2007,Rabi,Onion,971,10215,10.52008239
Karnataka,BAGALKOT,2007,Rabi,Other  Rabi pulses,1026,272,0.265107212
Karnataka,BAGALKOT,2007,Rabi,Safflower,3098,2688,0.867656553
Karnataka,BAGALKOT,2007,Rabi,Sunflower,61111,35479,0.58056651
Karnataka,BAGALKOT,2007,Rabi,Wheat,23208,38300,1.650293002
Karnataka,BAGALKOT,2007,Summer,Dry chillies,109,369,3.385321101
Karnataka,BAGALKOT,2007,Summer,Maize,1735,7618,4.390778098
Karnataka,BAGALKOT,2007,Summer,Onion,605,6030,9.966942149
Karnataka,BAGALKOT,2007,Summer,Sunflower,5060,7302,1.443083004
Karnataka,BAGALKOT,2007,Whole Year,Banana,862,13986,16.225058
Karnataka,BAGALKOT,2007,Whole Year,Coconut,264,1344,5.090909091
Karnataka,BAGALKOT,2007,Whole Year,Coriander,40,14,0.35
Karnataka,BAGALKOT,2007,Whole Year,Cotton(lint),2660,3791,1.42518797
Karnataka,BAGALKOT,2007,Whole Year,Garlic,23,64,2.782608696
Karnataka,BAGALKOT,2007,Whole Year,Mesta,9,17,1.888888889
Karnataka,BAGALKOT,2007,Whole Year,Sugarcane,57399,5071202,88.3500061
Karnataka,BAGALKOT,2007,Whole Year,Sweet potato,28,89,3.178571429
Karnataka,BAGALKOT,2007,Whole Year,Turmeric,1203,15696,13.04738155
Karnataka,BAGALKOT,2008,Kharif,Arhar/Tur,1056,288,0.272727273
Karnataka,BAGALKOT,2008,Kharif,Bajra,22009,24287,1.103503112
Karnataka,BAGALKOT,2008,Kharif,Dry chillies,764,709,0.928010471
Karnataka,BAGALKOT,2008,Kharif,Groundnut,2182,1366,0.626031164
Karnataka,BAGALKOT,2008,Kharif,Horse-gram,411,186,0.452554745
Karnataka,BAGALKOT,2008,Kharif,Jowar,5239,9125,1.741744608
Karnataka,BAGALKOT,2008,Kharif,Maize,44405,160977,3.625199865
Karnataka,BAGALKOT,2008,Kharif,Moong(Green Gram),19906,321,0.016125791
Karnataka,BAGALKOT,2008,Kharif,Niger seed,101,35,0.346534653
Karnataka,BAGALKOT,2008,Kharif,Onion,6945,54530,7.851691865
Karnataka,BAGALKOT,2008,Kharif,Other Kharif pulses,182,158,0.868131868
Karnataka,BAGALKOT,2008,Kharif,Rice,87,266.13,3.058965517
Karnataka,BAGALKOT,2008,Kharif,Sesamum,1419,280,0.197322058
Karnataka,BAGALKOT,2008,Kharif,Soyabean,2281,2314,1.014467339
Karnataka,BAGALKOT,2008,Kharif,Sunflower,21841,11046,0.505746074
Karnataka,BAGALKOT,2008,Kharif,Urad,34,9,0.264705882
Karnataka,BAGALKOT,2008,Rabi,Dry chillies,435,737,1.694252874
Karnataka,BAGALKOT,2008,Rabi,Gram,60586,25597,0.422490344
Karnataka,BAGALKOT,2008,Rabi,Groundnut,16605,16611,1.000361337
Karnataka,BAGALKOT,2008,Rabi,Horse-gram,2989,1698,0.568082971
Karnataka,BAGALKOT,2008,Rabi,Jowar,134783,162768,1.207630042
Karnataka,BAGALKOT,2008,Rabi,Linseed,2920,1168,0.4
Karnataka,BAGALKOT,2008,Rabi,Maize,20427,73062,3.576736672
Karnataka,BAGALKOT,2008,Rabi,Onion,2526,22773,9.01543943
Karnataka,BAGALKOT,2008,Rabi,Other  Rabi pulses,1471,411,0.279401768
Karnataka,BAGALKOT,2008,Rabi,Rapeseed &Mustard,1,,
Karnataka,BAGALKOT,2008,Rabi,Safflower,3580,2258,0.630726257
Karnataka,BAGALKOT,2008,Rabi,Sunflower,61318,30374,0.495352099
Karnataka,BAGALKOT,2008,Rabi,Wheat,25668,37486,1.460417641
Karnataka,BAGALKOT,2008,Summer,Dry chillies,119,390,3.277310924
Karnataka,BAGALKOT,2008,Summer,Maize,2834,9192,3.243472124
Karnataka,BAGALKOT,2008,Summer,Onion,651,4053,6.225806452
Karnataka,BAGALKOT,2008,Summer,Sunflower,5274,4890,0.927189989
Karnataka,BAGALKOT,2008,Whole Year,Banana,1424,32850,23.06882022
Karnataka,BAGALKOT,2008,Whole Year,Cashewnut,1,0.61,0.61
Karnataka,BAGALKOT,2008,Whole Year,Coconut,410,2809,6.851219512
Karnataka,BAGALKOT,2008,Whole Year,Coriander,83,45,0.542168675
Karnataka,BAGALKOT,2008,Whole Year,Cotton(lint),2466,5901,2.392944039
Karnataka,BAGALKOT,2008,Whole Year,Garlic,30,61,2.033333333
Karnataka,BAGALKOT,2008,Whole Year,Mesta,3,6,2
Karnataka,BAGALKOT,2008,Whole Year,Sugarcane,56598,5860723,103.5500018
Karnataka,BAGALKOT,2008,Whole Year,Sweet potato,20,202,10.1
Karnataka,BAGALKOT,2008,Whole Year,Turmeric,1994,13402,6.72116349
Karnataka,BAGALKOT,2009,Kharif,Arhar/Tur,4811,2610,0.542506755
Karnataka,BAGALKOT,2009,Kharif,Bajra,43613,17323,0.397198083
Karnataka,BAGALKOT,2009,Kharif,Gram,810,228,0.281481481
Karnataka,BAGALKOT,2009,Kharif,Groundnut,6090,1789,0.293760263
Karnataka,BAGALKOT,2009,Kharif,Horse-gram,810,228,0.281481481
Karnataka,BAGALKOT,2009,Kharif,Jowar,5189,3769,0.72634419
Karnataka,BAGALKOT,2009,Kharif,Maize,59425,124102,2.088380311
Karnataka,BAGALKOT,2009,Kharif,Moong(Green Gram),36714,4883,0.133001035
Karnataka,BAGALKOT,2009,Kharif,Niger seed,166,58,0.34939759
Karnataka,BAGALKOT,2009,Kharif,Onion,17697,49445,2.79397638
Karnataka,BAGALKOT,2009,Kharif,Other Kharif pulses,715,256,0.358041958
Karnataka,BAGALKOT,2009,Kharif,Rice,133,381.58,2.869022556
Karnataka,BAGALKOT,2009,Kharif,Sesamum,2350,801,0.340851064
Karnataka,BAGALKOT,2009,Kharif,Small millets,54,15,0.277777778
Karnataka,BAGALKOT,2009,Kharif,Soyabean,3524,2035,0.577468785
Karnataka,BAGALKOT,2009,Kharif,Sunflower,26140,5156,0.197245601
Karnataka,BAGALKOT,2009,Kharif,Urad,118,10,0.084745763
Karnataka,BAGALKOT,2009,Rabi,Dry chillies,613,669,1.091353997
Karnataka,BAGALKOT,2009,Rabi,Gram,1244,474,0.381028939
Karnataka,BAGALKOT,2009,Rabi,Groundnut,17718,20266,1.143808556
Karnataka,BAGALKOT,2009,Rabi,Horse-gram,1244,474,0.381028939
Karnataka,BAGALKOT,2009,Rabi,Jowar,110368,117488,1.064511453
Karnataka,BAGALKOT,2009,Rabi,Linseed,2354,635,0.269753611
Karnataka,BAGALKOT,2009,Rabi,Maize,20192,63865,3.162886292
Karnataka,BAGALKOT,2009,Rabi,Onion,2083,14319,6.874219875
Karnataka,BAGALKOT,2009,Rabi,Other  Rabi pulses,952,255,0.267857143
Karnataka,BAGALKOT,2009,Rabi,Safflower,2570,1734,0.674708171
Karnataka,BAGALKOT,2009,Rabi,Sunflower,32103,17100,0.532660499
Karnataka,BAGALKOT,2009,Rabi,Wheat,26356,36213,1.373994536
Karnataka,BAGALKOT,2009,Summer,Dry chillies,125,576,4.608
Karnataka,BAGALKOT,2009,Summer,Maize,2413,9552,3.958557812
Karnataka,BAGALKOT,2009,Summer,Onion,540,4485,8.305555556
Karnataka,BAGALKOT,2009,Summer,Sunflower,2341,2295,0.980350278
Karnataka,BAGALKOT,2009,Whole Year,Banana,1575,17048,10.82412698
Karnataka,BAGALKOT,2009,Whole Year,Cashewnut,1,1,1
Karnataka,BAGALKOT,2009,Whole Year,Coconut,614,4366,7.110749186
Karnataka,BAGALKOT,2009,Whole Year,Coriander,240,118,0.491666667
Karnataka,BAGALKOT,2009,Whole Year,Cotton(lint),2824,4402,1.55878187
Karnataka,BAGALKOT,2009,Whole Year,Garlic,25,32,1.28
Karnataka,BAGALKOT,2009,Whole Year,Mesta,4,6,1.5
Karnataka,BAGALKOT,2009,Whole Year,Sugarcane,63833,6549266,102.6000031
Karnataka,BAGALKOT,2009,Whole Year,Sweet potato,15,99,6.6
Karnataka,BAGALKOT,2009,Whole Year,Tobacco,1,1,1
Karnataka,BAGALKOT,2009,Whole Year,Turmeric,3231,24717,7.649953575
Karnataka,BAGALKOT,2010,Kharif,Arhar/Tur,11231,5708,0.508236132
Karnataka,BAGALKOT,2010,Kharif,Bajra,34045,49726,1.46059627
Karnataka,BAGALKOT,2010,Kharif,Cotton(lint),1034,2338,2.261121857
Karnataka,BAGALKOT,2010,Kharif,Cowpea(Lobia),225,116,0.515555556
Karnataka,BAGALKOT,2010,Kharif,Dry chillies,1492,634,0.424932976
Karnataka,BAGALKOT,2010,Kharif,Groundnut,3633,2564,0.705752821
Karnataka,BAGALKOT,2010,Kharif,Horse-gram,876,514,0.586757991
Karnataka,BAGALKOT,2010,Kharif,Jowar,3707,10608,2.861613164
Karnataka,BAGALKOT,2010,Kharif,Maize,60240,242030,4.017762284
Karnataka,BAGALKOT,2010,Kharif,Moong(Green Gram),51675,7806,0.151059507
Karnataka,BAGALKOT,2010,Kharif,Niger seed,77,23,0.298701299
Karnataka,BAGALKOT,2010,Kharif,Onion,17139,141312,8.245055137
Karnataka,BAGALKOT,2010,Kharif,Other Kharif pulses,477,153,0.320754717
Karnataka,BAGALKOT,2010,Kharif,Rice,121,388,3.20661157
Karnataka,BAGALKOT,2010,Kharif,Sesamum,2470,1666,0.674493927
Karnataka,BAGALKOT,2010,Kharif,Small millets,26,10,0.384615385
Karnataka,BAGALKOT,2010,Kharif,Soyabean,3696,3181,0.860660173
Karnataka,BAGALKOT,2010,Kharif,Sunflower,11867,6514,0.548917165
Karnataka,BAGALKOT,2010,Kharif,Urad,4,1,0.25
Karnataka,BAGALKOT,2010,Rabi,Cotton(lint),1357,1938,1.428150332
Karnataka,BAGALKOT,2010,Rabi,Cowpea(Lobia),931,246,0.264232009
Karnataka,BAGALKOT,2010,Rabi,Dry chillies,642,745,1.160436137
Karnataka,BAGALKOT,2010,Rabi,Gram,78006,50581,0.64842448
Karnataka,BAGALKOT,2010,Rabi,Groundnut,17639,25136,1.425024094
Karnataka,BAGALKOT,2010,Rabi,Horse-gram,1045,637,0.609569378
Karnataka,BAGALKOT,2010,Rabi,Jowar,102139,116792,1.143461361
Karnataka,BAGALKOT,2010,Rabi,Linseed,2441,610,0.249897583
Karnataka,BAGALKOT,2010,Rabi,Maize,24819,64462,2.597284339
Karnataka,BAGALKOT,2010,Rabi,Onion,2244,14257,6.353386809
Karnataka,BAGALKOT,2010,Rabi,Other  Rabi pulses,119,46,0.386554622
Karnataka,BAGALKOT,2010,Rabi,Rapeseed &Mustard,12,4,0.333333333
Karnataka,BAGALKOT,2010,Rabi,Safflower,2708,1945,0.718242245
Karnataka,BAGALKOT,2010,Rabi,Sunflower,19626,14452,0.736370121
Karnataka,BAGALKOT,2010,Rabi,Wheat,24693,40235,1.629409144
Karnataka,BAGALKOT,2010,Summer,Dry chillies,119,362,3.042016807
Karnataka,BAGALKOT,2010,Summer,Maize,2961,9446,3.190138467
Karnataka,BAGALKOT,2010,Summer,Onion,709,10377,14.63610719
Karnataka,BAGALKOT,2010,Summer,Rice,23,74,3.217391304
Karnataka,BAGALKOT,2010,Summer,Sunflower,3947,4537,1.149480618
Karnataka,BAGALKOT,2010,Whole Year,Banana,1518,16956,11.16996047
Karnataka,BAGALKOT,2010,Whole Year,Cashewnut,1,1,1
Karnataka,BAGALKOT,2010,Whole Year,Coconut,664,6347,9.55873494
Karnataka,BAGALKOT,2010,Whole Year,Coriander,229,85,0.371179039
Karnataka,BAGALKOT,2010,Whole Year,Garlic,16,21,1.3125
Karnataka,BAGALKOT,2010,Whole Year,Mesta,4,5,1.25
Karnataka,BAGALKOT,2010,Whole Year,Sugarcane,79930,7897084,98.8
Karnataka,BAGALKOT,2010,Whole Year,Sweet potato,13,107,8.230769231
Karnataka,BAGALKOT,2010,Whole Year,Turmeric,2150,13177,6.128837209
Karnataka,BAGALKOT,2011,Kharif,Arhar/Tur,7437,1915,0.257496302
Karnataka,BAGALKOT,2011,Kharif,Bajra,33222,42396,1.276142315
Karnataka,BAGALKOT,2011,Kharif,Castor seed,20,17,0.85
Karnataka,BAGALKOT,2011,Kharif,Cotton(lint),1007,2450,2.432969215
Karnataka,BAGALKOT,2011,Kharif,Cowpea(Lobia),524,277,0.528625954
Karnataka,BAGALKOT,2011,Kharif,Dry chillies,2135,3095,1.449648712
Karnataka,BAGALKOT,2011,Kharif,Groundnut,3782,1945,0.51427816
Karnataka,BAGALKOT,2011,Kharif,Horse-gram,730,435,0.595890411
Karnataka,BAGALKOT,2011,Kharif,Jowar,6439,14927,2.318217114
Karnataka,BAGALKOT,2011,Kharif,Maize,55883,197044,3.526009699
Karnataka,BAGALKOT,2011,Kharif,Moong(Green Gram),42815,7443,0.173840944
Karnataka,BAGALKOT,2011,Kharif,Niger seed,178,48,0.269662921
Karnataka,BAGALKOT,2011,Kharif,Onion,18304,141893,7.752021416
Karnataka,BAGALKOT,2011,Kharif,Other Kharif pulses,442,124,0.280542986
Karnataka,BAGALKOT,2011,Kharif,Rice,79,254,3.215189873
Karnataka,BAGALKOT,2011,Kharif,Sesamum,1949,443,0.227296049
Karnataka,BAGALKOT,2011,Kharif,Small millets,25,8,0.32
Karnataka,BAGALKOT,2011,Kharif,Soyabean,3026,2636,0.871116986
Karnataka,BAGALKOT,2011,Kharif,Sunflower,20603,9979,0.48434694
Karnataka,BAGALKOT,2011,Kharif,Urad,32,12,0.375
Karnataka,BAGALKOT,2011,Rabi,Cotton(lint),874,928,1.061784897
Karnataka,BAGALKOT,2011,Rabi,Cowpea(Lobia),940,331,0.35212766
Karnataka,BAGALKOT,2011,Rabi,Dry chillies,605,587,0.970247934
Karnataka,BAGALKOT,2011,Rabi,Gram,75580,34571,0.457409368
Karnataka,BAGALKOT,2011,Rabi,Groundnut,22893,25946,1.133359542
Karnataka,BAGALKOT,2011,Rabi,Horse-gram,926,262,0.282937365
Karnataka,BAGALKOT,2011,Rabi,Jowar,104924,96699,0.921609927
Karnataka,BAGALKOT,2011,Rabi,Linseed,1758,635,0.361205916
Karnataka,BAGALKOT,2011,Rabi,Maize,24019,74159,3.087514051
Karnataka,BAGALKOT,2011,Rabi,Onion,1561,17276,11.06726457
Karnataka,BAGALKOT,2011,Rabi,Other  Rabi pulses,93,87,0.935483871
Karnataka,BAGALKOT,2011,Rabi,Safflower,2500,2225,0.89
Karnataka,BAGALKOT,2011,Rabi,Sunflower,26904,13012,0.483645555
Karnataka,BAGALKOT,2011,Rabi,Wheat,25676,41483,1.615633276
Karnataka,BAGALKOT,2011,Summer,Dry chillies,127,445,3.503937008
Karnataka,BAGALKOT,2011,Summer,Jowar,28,51,1.821428571
Karnataka,BAGALKOT,2011,Summer,Maize,2395,8680,3.624217119
Karnataka,BAGALKOT,2011,Summer,Onion,362,4721,13.04143646
Karnataka,BAGALKOT,2011,Summer,Rice,6,20,3.333333333
Karnataka,BAGALKOT,2011,Summer,Sunflower,2855,3016,1.056392294
Karnataka,BAGALKOT,2011,Whole Year,Banana,1135,14772,13.01497797
Karnataka,BAGALKOT,2011,Whole Year,Cashewnut,1,1,1
Karnataka,BAGALKOT,2011,Whole Year,Coconut,695,6909,9.941007194
Karnataka,BAGALKOT,2011,Whole Year,Coriander,164,67,0.408536585
Karnataka,BAGALKOT,2011,Whole Year,Garlic,13,16,1.230769231
Karnataka,BAGALKOT,2011,Whole Year,Mesta,4,5,1.25
Karnataka,BAGALKOT,2011,Whole Year,Sugarcane,89361,8064830,90.2499972
Karnataka,BAGALKOT,2011,Whole Year,Sweet potato,31,452,14.58064516
Karnataka,BAGALKOT,2011,Whole Year,Turmeric,3225,22475,6.968992248
Karnataka,BAGALKOT,2012,Kharif,Arhar/Tur,949,209,0.220231823
Karnataka,BAGALKOT,2012,Kharif,Bajra,19091,18227,0.954743073
Karnataka,BAGALKOT,2012,Kharif,Cotton(lint),477,909,1.905660377
Karnataka,BAGALKOT,2012,Kharif,Cowpea(Lobia),166,45,0.271084337
Karnataka,BAGALKOT,2012,Kharif,Dry chillies,1387,4923,3.549387167
Karnataka,BAGALKOT,2012,Kharif,Groundnut,1306,721,0.552067381
Karnataka,BAGALKOT,2012,Kharif,Horse-gram,310,67,0.216129032
Karnataka,BAGALKOT,2012,Kharif,Jowar,1708,3141,1.838992974
Karnataka,BAGALKOT,2012,Kharif,Maize,41945,106154,2.530790321
Karnataka,BAGALKOT,2012,Kharif,Moong(Green Gram),925,48,0.051891892
Karnataka,BAGALKOT,2012,Kharif,Niger seed,6,1,0.166666667
Karnataka,BAGALKOT,2012,Kharif,Onion,7720,69292,8.975647668
Karnataka,BAGALKOT,2012,Kharif,Other Kharif pulses,282,104,0.368794326
Karnataka,BAGALKOT,2012,Kharif,Rice,49,125,2.551020408
Karnataka,BAGALKOT,2012,Kharif,Sesamum,37,14,0.378378378
Karnataka,BAGALKOT,2012,Kharif,Small millets,1,,
Karnataka,BAGALKOT,2012,Kharif,Soyabean,285,224,0.785964912
Karnataka,BAGALKOT,2012,Kharif,Sunflower,6208,3291,0.530122423
Karnataka,BAGALKOT,2012,Rabi,Cotton(lint),328,409,1.24695122
Karnataka,BAGALKOT,2012,Rabi,Cowpea(Lobia),154,51,0.331168831
Karnataka,BAGALKOT,2012,Rabi,Dry chillies,610,1075,1.762295082
Karnataka,BAGALKOT,2012,Rabi,Gram,73967,39069,0.528195006
Karnataka,BAGALKOT,2012,Rabi,Horse-gram,946,182,0.192389006
Karnataka,BAGALKOT,2012,Rabi,Jowar,118324,151076,1.276799297
Karnataka,BAGALKOT,2012,Rabi,Linseed,2393,334,0.139573757
Karnataka,BAGALKOT,2012,Rabi,Maize,24328,63025,2.590636304
Karnataka,BAGALKOT,2012,Rabi,Onion,1094,8916,8.149908592
Karnataka,BAGALKOT,2012,Rabi,Other  Rabi pulses,44,20,0.454545455
Karnataka,BAGALKOT,2012,Rabi,Safflower,1338,824,0.615844544
Karnataka,BAGALKOT,2012,Rabi,Sunflower,32822,17274,0.52629334
Karnataka,BAGALKOT,2012,Rabi,Wheat,20920,18662,0.89206501
Karnataka,BAGALKOT,2012,Summer,Cowpea(Lobia),792,285,0.359848485
Karnataka,BAGALKOT,2012,Summer,Dry chillies,61,172,2.819672131
Karnataka,BAGALKOT,2012,Summer,Groundnut,26362,27749,1.05261361
Karnataka,BAGALKOT,2012,Summer,Maize,2192,8432,3.846715328
Karnataka,BAGALKOT,2012,Summer,Onion,365,2841,7.783561644
Karnataka,BAGALKOT,2012,Summer,Sunflower,2063,1813,0.878817256
Karnataka,BAGALKOT,2012,Whole Year,Cashewnut,2,2,1
Karnataka,BAGALKOT,2012,Whole Year,Coconut,664,6537,9.844879518
Karnataka,BAGALKOT,2012,Whole Year,Coriander,145,57,0.393103448
Karnataka,BAGALKOT,2012,Whole Year,Garlic,10,13,1.3
Karnataka,BAGALKOT,2012,Whole Year,Sugarcane,91361,7984951,87.39999562
Karnataka,BAGALKOT,2012,Whole Year,Sweet potato,12,186,15.5
Karnataka,BAGALKOT,2012,Whole Year,Turmeric,1797,9159,5.096828047
Karnataka,BAGALKOT,2013,Kharif,Arhar/Tur,4074,2129,0.522582229
Karnataka,BAGALKOT,2013,Kharif,Bajra,26519,24211,0.912968061
Karnataka,BAGALKOT,2013,Kharif,Cotton(lint),606,1795,2.962046205
Karnataka,BAGALKOT,2013,Kharif,Cowpea(Lobia),555,207,0.372972973
Karnataka,BAGALKOT,2013,Kharif,Dry chillies,1227,5383,4.387123064
Karnataka,BAGALKOT,2013,Kharif,Groundnut,2082,1454,0.698366955
Karnataka,BAGALKOT,2013,Kharif,Horse-gram,389,92,0.236503856
Karnataka,BAGALKOT,2013,Kharif,Jowar,2708,4757,1.756646972
Karnataka,BAGALKOT,2013,Kharif,Maize,51814,183308,3.537808314
Karnataka,BAGALKOT,2013,Kharif,Moong(Green Gram),37597,4750,0.126339868
Karnataka,BAGALKOT,2013,Kharif,Niger seed,106,23,0.216981132
Karnataka,BAGALKOT,2013,Kharif,Onion,10683,96861,9.066835159
Karnataka,BAGALKOT,2013,Kharif,Other Kharif pulses,345,110,0.31884058
Karnataka,BAGALKOT,2013,Kharif,Rice,54,160,2.962962963
Karnataka,BAGALKOT,2013,Kharif,Sesamum,988,368,0.372469636
Karnataka,BAGALKOT,2013,Kharif,Soyabean,3011,3613,1.199933577
Karnataka,BAGALKOT,2013,Kharif,Sunflower,13697,7508,0.54814923
Karnataka,BAGALKOT,2013,Rabi,Cotton(lint),354,653,1.844632768
Karnataka,BAGALKOT,2013,Rabi,Cowpea(Lobia),45,19,0.422222222
Karnataka,BAGALKOT,2013,Rabi,Dry chillies,622,1074,1.726688103
Karnataka,BAGALKOT,2013,Rabi,Gram,74086,58135,0.784696164
Karnataka,BAGALKOT,2013,Rabi,Horse-gram,930,188,0.202150538
Karnataka,BAGALKOT,2013,Rabi,Jowar,113387,109980,0.969952464
Karnataka,BAGALKOT,2013,Rabi,Linseed,1487,225,0.151311365
Karnataka,BAGALKOT,2013,Rabi,Maize,20503,67647,3.299370824
Karnataka,BAGALKOT,2013,Rabi,Onion,972,9730,10.01028807
Karnataka,BAGALKOT,2013,Rabi,Other  Rabi pulses,35,28,0.8
Karnataka,BAGALKOT,2013,Rabi,Safflower,910,272,0.298901099
Karnataka,BAGALKOT,2013,Rabi,Sunflower,32687,17669,0.54055129
Karnataka,BAGALKOT,2013,Rabi,Wheat,17901,20713,1.157086196
Karnataka,BAGALKOT,2013,Summer,Cowpea(Lobia),894,352,0.393736018
Karnataka,BAGALKOT,2013,Summer,Dry chillies,110,292,2.654545455
Karnataka,BAGALKOT,2013,Summer,Groundnut,26190,26747,1.021267659
Karnataka,BAGALKOT,2013,Summer,Maize,2825,8384,2.967787611
Karnataka,BAGALKOT,2013,Summer,Onion,328,3276,9.987804878
Karnataka,BAGALKOT,2013,Summer,Sunflower,2266,2387,1.053398058
Karnataka,BAGALKOT,2013,Whole Year,Black pepper,6,15,2.5
Karnataka,BAGALKOT,2013,Whole Year,Cashewnut,3,3,1
Karnataka,BAGALKOT,2013,Whole Year,Coconut,776,6157,7.934278351
Karnataka,BAGALKOT,2013,Whole Year,Coriander,94,27,0.287234043
Karnataka,BAGALKOT,2013,Whole Year,Sannhamp,3,1,0.333333333
Karnataka,BAGALKOT,2013,Whole Year,Sugarcane,86942,9002844,103.5499988
Karnataka,BAGALKOT,2013,Whole Year,Turmeric,1703,9670,5.678214915
Karnataka,BAGALKOT,2014,Kharif,Arhar/Tur,6144,2673,0.435058594
Karnataka,BAGALKOT,2014,Kharif,Bajra,22021,24288,1.102947187
Karnataka,BAGALKOT,2014,Kharif,Cotton(lint),3299,8996,2.726886935
Karnataka,BAGALKOT,2014,Kharif,Cowpea(Lobia),83,36,0.43373494
Karnataka,BAGALKOT,2014,Kharif,Dry chillies,977,1788,1.830092119
Karnataka,BAGALKOT,2014,Kharif,Groundnut,1406,1344,0.955903272
Karnataka,BAGALKOT,2014,Kharif,Horse-gram,337,90,0.267062315
Karnataka,BAGALKOT,2014,Kharif,Jowar,965,1492,1.54611399
Karnataka,BAGALKOT,2014,Kharif,Maize,44472,166543,3.744895665
Karnataka,BAGALKOT,2014,Kharif,Moong(Green Gram),22974,4081,0.177635588
Karnataka,BAGALKOT,2014,Kharif,Niger seed,74,20,0.27027027
Karnataka,BAGALKOT,2014,Kharif,Onion,10969,82750,7.543987601
Karnataka,BAGALKOT,2014,Kharif,Other Kharif pulses,182,80,0.43956044
Karnataka,BAGALKOT,2014,Kharif,Rice,25,76,3.04
Karnataka,BAGALKOT,2014,Kharif,Sesamum,188,86,0.457446809
Karnataka,BAGALKOT,2014,Kharif,Soyabean,2505,2401,0.958483034
Karnataka,BAGALKOT,2014,Kharif,Sunflower,13020,8151,0.626036866
Karnataka,BAGALKOT,2014,Kharif,Urad,630,175,0.277777778
Karnataka,BAGALKOT,2014,Rabi,Cotton(lint),210,334,1.59047619
Karnataka,BAGALKOT,2014,Rabi,Cowpea(Lobia),120,44,0.366666667
Karnataka,BAGALKOT,2014,Rabi,Dry chillies,669,2021,3.020926756
Karnataka,BAGALKOT,2014,Rabi,Gram,91880,54728,0.595646495
Karnataka,BAGALKOT,2014,Rabi,Horse-gram,925,332,0.358918919
Karnataka,BAGALKOT,2014,Rabi,Jowar,104822,102867,0.981349335
Karnataka,BAGALKOT,2014,Rabi,Linseed,1770,454,0.256497175
Karnataka,BAGALKOT,2014,Rabi,Maize,20789,81388,3.914955024
Karnataka,BAGALKOT,2014,Rabi,Onion,1237,10051,8.125303153
Karnataka,BAGALKOT,2014,Rabi,Other  Rabi pulses,36,28,0.777777778
Karnataka,BAGALKOT,2014,Rabi,Safflower,890,348,0.391011236
Karnataka,BAGALKOT,2014,Rabi,Sunflower,26474,16599,0.626992521
Karnataka,BAGALKOT,2014,Rabi,Wheat,23237,36071,1.552308818
Karnataka,BAGALKOT,2014,Summer,Cotton(lint),350,663,1.894285714
Karnataka,BAGALKOT,2014,Summer,Cowpea(Lobia),546,200,0.366300366
Karnataka,BAGALKOT,2014,Summer,Dry chillies,84,162,1.928571429
Karnataka,BAGALKOT,2014,Summer,Groundnut,25540,26398,1.033594362
Karnataka,BAGALKOT,2014,Summer,Maize,2820,9746,3.456028369
Karnataka,BAGALKOT,2014,Summer,Onion,313,2880,9.201277955
Karnataka,BAGALKOT,2014,Summer,Sunflower,1915,1939,1.012532637
Karnataka,BAGALKOT,2014,Whole Year,Coconut,743,6630,8.923283984
Karnataka,BAGALKOT,2014,Whole Year,Coriander,125,42,0.336
Karnataka,BAGALKOT,2014,Whole Year,Dry ginger,134,3892,29.04477612
Karnataka,BAGALKOT,2014,Whole Year,Sugarcane,93679,10234431,109.2500027
Karnataka,BAGALKOT,2014,Whole Year,Turmeric,2164,15005,6.933918669
Karnataka,BANGALORE RURAL,1997,Kharif,Paddy,11240,39367,3.502402135
Karnataka,BANGALORE RURAL,1997,Kharif,Rice,11240,26256,2.33594306
Karnataka,BANGALORE RURAL,1997,Rabi,Paddy,195,632,3.241025641
Karnataka,BANGALORE RURAL,1997,Rabi,Rice,195,422,2.164102564
Karnataka,BANGALORE RURAL,1997,Summer,Paddy,4350,18588,4.273103448
Karnataka,BANGALORE RURAL,1997,Summer,Rice,4350,12398,2.850114943
Karnataka,BANGALORE RURAL,1998,Kharif,Arhar/Tur,5522,2151,0.389532778
Karnataka,BANGALORE RURAL,1998,Kharif,Castor seed,3417,3840,1.123792801
Karnataka,BANGALORE RURAL,1998,Kharif,Dry ginger,34,397,11.67647059
Karnataka,BANGALORE RURAL,1998,Kharif,Groundnut,23543,24490,1.04022427
Karnataka,BANGALORE RURAL,1998,Kharif,Horse-gram,6374,2695,0.422811421
Karnataka,BANGALORE RURAL,1998,Kharif,Maize,4870,15072,3.09486653
Karnataka,BANGALORE RURAL,1998,Kharif,Moong(Green Gram),335,66,0.197014925
Karnataka,BANGALORE RURAL,1998,Kharif,Niger seed,2606,642,0.246354566
Karnataka,BANGALORE RURAL,1998,Kharif,Onion,71,322,4.535211268
Karnataka,BANGALORE RURAL,1998,Kharif,Peas & beans (Pulses),185,2514,13.58918919
Karnataka,BANGALORE RURAL,1998,Kharif,Potato,835,9203,11.02155689
Karnataka,BANGALORE RURAL,1998,Kharif,Ragi,145038,242901,1.674740413
Karnataka,BANGALORE RURAL,1998,Kharif,Rapeseed &Mustard,1270,412,0.324409449
Karnataka,BANGALORE RURAL,1998,Kharif,Rice,14305,39567,2.765955959
Karnataka,BANGALORE RURAL,1998,Kharif,Sesamum,1245,504,0.404819277
Karnataka,BANGALORE RURAL,1998,Kharif,Soyabean,49,53,1.081632653
Karnataka,BANGALORE RURAL,1998,Kharif,Sunflower,133,43,0.323308271
Karnataka,BANGALORE RURAL,1998,Rabi,Gram,50,35,0.7
Karnataka,BANGALORE RURAL,1998,Rabi,Groundnut,1113,1319,1.185085355
Karnataka,BANGALORE RURAL,1998,Rabi,Horse-gram,3654,2236,0.611932129
Karnataka,BANGALORE RURAL,1998,Rabi,Maize,68,139,2.044117647
Karnataka,BANGALORE RURAL,1998,Rabi,Peas & beans (Pulses),27,272,10.07407407
Karnataka,BANGALORE RURAL,1998,Rabi,Potato,212,4672,22.03773585
Karnataka,BANGALORE RURAL,1998,Rabi,Ragi,216,314,1.453703704
Karnataka,BANGALORE RURAL,1998,Rabi,Sunflower,30,17,0.566666667
Karnataka,BANGALORE RURAL,1998,Summer,Maize,430,978,2.274418605
Karnataka,BANGALORE RURAL,1998,Summer,Onion,150,1861,12.40666667
Karnataka,BANGALORE RURAL,1998,Summer,Peas & beans (Pulses),237,2386,10.06751055
Karnataka,BANGALORE RURAL,1998,Summer,Potato,629,10664,16.95389507
Karnataka,BANGALORE RURAL,1998,Summer,Ragi,1754,3946,2.249714937
Karnataka,BANGALORE RURAL,1998,Summer,Rice,6662,21506,3.228159712
Karnataka,BANGALORE RURAL,1998,Summer,Sunflower,68,38,0.558823529
Karnataka,BANGALORE RURAL,1998,Whole Year,Arecanut,479,3226,6.734864301
Karnataka,BANGALORE RURAL,1998,Whole Year,Coconut,14114,67405,4.77575457
Karnataka,BANGALORE RURAL,1998,Whole Year,Coriander,129,14,0.108527132
Karnataka,BANGALORE RURAL,1998,Whole Year,Dry chillies,1652,627,0.379539952
Karnataka,BANGALORE RURAL,1998,Whole Year,Garlic,29,33,1.137931034
Karnataka,BANGALORE RURAL,1998,Whole Year,Turmeric,55,197,3.581818182
Karnataka,BANGALORE RURAL,1999,Kharif,Arhar/Tur,5556,3473,0.625089993
Karnataka,BANGALORE RURAL,1999,Kharif,Castor seed,3659,3434,0.938507789
Karnataka,BANGALORE RURAL,1999,Kharif,Dry ginger,32,374,11.6875
Karnataka,BANGALORE RURAL,1999,Kharif,Groundnut,18643,14273,0.765595666
Karnataka,BANGALORE RURAL,1999,Kharif,Horse-gram,6337,3395,0.535742465
Karnataka,BANGALORE RURAL,1999,Kharif,Maize,5099,15076,2.956658168
Karnataka,BANGALORE RURAL,1999,Kharif,Moong(Green Gram),316,109,0.344936709
Karnataka,BANGALORE RURAL,1999,Kharif,Niger seed,3099,764,0.246531139
Karnataka,BANGALORE RURAL,1999,Kharif,Other Kharif pulses,5446,946,0.173705472
Karnataka,BANGALORE RURAL,1999,Kharif,Ragi,147095,302839,2.058798736
Karnataka,BANGALORE RURAL,1999,Kharif,Rice,11541,32410,2.808248852
Karnataka,BANGALORE RURAL,1999,Kharif,Sesamum,2576,1451,0.563276398
Karnataka,BANGALORE RURAL,1999,Kharif,Small millets,482,210,0.435684647
Karnataka,BANGALORE RURAL,1999,Kharif,Soyabean,19,17,0.894736842
Karnataka,BANGALORE RURAL,1999,Kharif,Sunflower,95,49,0.515789474
Karnataka,BANGALORE RURAL,1999,Kharif,Urad,296,96,0.324324324
Karnataka,BANGALORE RURAL,1999,Rabi,Gram,36,22,0.611111111
Karnataka,BANGALORE RURAL,1999,Rabi,Groundnut,488,536,1.098360656
Karnataka,BANGALORE RURAL,1999,Rabi,Horse-gram,7009,4148,0.591810529
Karnataka,BANGALORE RURAL,1999,Rabi,Maize,61,149,2.442622951
Karnataka,BANGALORE RURAL,1999,Rabi,Moong(Green Gram),38,9,0.236842105
Karnataka,BANGALORE RURAL,1999,Rabi,Other  Rabi pulses,669,78,0.116591928
Karnataka,BANGALORE RURAL,1999,Rabi,Ragi,432,560,1.296296296
Karnataka,BANGALORE RURAL,1999,Rabi,Rapeseed &Mustard,1402,455,0.324536377
Karnataka,BANGALORE RURAL,1999,Rabi,Rice,812,1729,2.129310345
Karnataka,BANGALORE RURAL,1999,Rabi,Sunflower,107,77,0.719626168
Karnataka,BANGALORE RURAL,1999,Rabi,Urad,2,1,0.5
Karnataka,BANGALORE RURAL,1999,Rabi,Wheat,4,5,1.25
Karnataka,BANGALORE RURAL,1999,Summer,Maize,193,353,1.829015544
Karnataka,BANGALORE RURAL,1999,Summer,Ragi,2431,4859,1.99876594
Karnataka,BANGALORE RURAL,1999,Summer,Rice,7949,21764,2.73795446
Karnataka,BANGALORE RURAL,1999,Summer,Sunflower,28,16,0.571428571
Karnataka,BANGALORE RURAL,1999,Whole Year,Banana,2467,46158,18.7101743
Karnataka,BANGALORE RURAL,1999,Whole Year,Black pepper,5,12,2.4
Karnataka,BANGALORE RURAL,1999,Whole Year,Coconut,14705,70228,4.775790547
Karnataka,BANGALORE RURAL,1999,Whole Year,Coriander,143,15,0.104895105
Karnataka,BANGALORE RURAL,1999,Whole Year,Dry chillies,641,655,1.021840874
Karnataka,BANGALORE RURAL,1999,Whole Year,Garlic,19,21,1.105263158
Karnataka,BANGALORE RURAL,1999,Whole Year,Onion,51,399,7.823529412
Karnataka,BANGALORE RURAL,1999,Whole Year,Potato,691,14644,21.19247467
Karnataka,BANGALORE RURAL,1999,Whole Year,Sugarcane,1484,149439,100.7001348
Karnataka,BANGALORE RURAL,1999,Whole Year,Sweet potato,43,273,6.348837209
Karnataka,BANGALORE RURAL,1999,Whole Year,Tapioca,168,1254,7.464285714
Karnataka,BANGALORE RURAL,1999,Whole Year,Turmeric,51,212,4.156862745
Karnataka,BANGALORE RURAL,2000,Kharif,Arhar/Tur,4725,3407,0.721058201
Karnataka,BANGALORE RURAL,2000,Kharif,Castor seed,3701,5974,1.614158336
Karnataka,BANGALORE RURAL,2000,Kharif,Dry ginger,37,432,11.67567568
Karnataka,BANGALORE RURAL,2000,Kharif,Groundnut,17892,16596,0.927565392
Karnataka,BANGALORE RURAL,2000,Kharif,Horse-gram,7290,6517,0.893964335
Karnataka,BANGALORE RURAL,2000,Kharif,Maize,4941,15845,3.206840721
Karnataka,BANGALORE RURAL,2000,Kharif,Moong(Green Gram),363,151,0.415977961
Karnataka,BANGALORE RURAL,2000,Kharif,Niger seed,2948,727,0.24660787
Karnataka,BANGALORE RURAL,2000,Kharif,Other Kharif pulses,21463,3766,0.175464753
Karnataka,BANGALORE RURAL,2000,Kharif,Ragi,145995,301161,2.06281722
Karnataka,BANGALORE RURAL,2000,Kharif,Rice,14828,37089,2.50128136
Karnataka,BANGALORE RURAL,2000,Kharif,Sesamum,2154,1441,0.668987929
Karnataka,BANGALORE RURAL,2000,Kharif,Small millets,456,243,0.532894737
Karnataka,BANGALORE RURAL,2000,Kharif,Soyabean,14,15,1.071428571
Karnataka,BANGALORE RURAL,2000,Kharif,Sunflower,43,27,0.627906977
Karnataka,BANGALORE RURAL,2000,Kharif,Urad,286,111,0.388111888
Karnataka,BANGALORE RURAL,2000,Rabi,Gram,20,13,0.65
Karnataka,BANGALORE RURAL,2000,Rabi,Groundnut,1039,1055,1.015399423
Karnataka,BANGALORE RURAL,2000,Rabi,Horse-gram,3597,994,0.276341396
Karnataka,BANGALORE RURAL,2000,Rabi,Maize,21,53,2.523809524
Karnataka,BANGALORE RURAL,2000,Rabi,Moong(Green Gram),8,2,0.25
Karnataka,BANGALORE RURAL,2000,Rabi,Other  Rabi pulses,337,41,0.121661721
Karnataka,BANGALORE RURAL,2000,Rabi,Ragi,282,438,1.553191489
Karnataka,BANGALORE RURAL,2000,Rabi,Rapeseed &Mustard,1475,479,0.324745763
Karnataka,BANGALORE RURAL,2000,Rabi,Rice,715,1532,2.142657343
Karnataka,BANGALORE RURAL,2000,Rabi,Sunflower,16,12,0.75
Karnataka,BANGALORE RURAL,2000,Rabi,Urad,5,2,0.4
Karnataka,BANGALORE RURAL,2000,Summer,Maize,283,796,2.812720848
Karnataka,BANGALORE RURAL,2000,Summer,Ragi,1469,2853,1.942137509
Karnataka,BANGALORE RURAL,2000,Summer,Rice,6887,18490,2.684768404
Karnataka,BANGALORE RURAL,2000,Summer,Sunflower,102,73,0.715686275
Karnataka,BANGALORE RURAL,2000,Whole Year,Arecanut,514,719,1.398832685
Karnataka,BANGALORE RURAL,2000,Whole Year,Banana,2320,31503,13.57887931
Karnataka,BANGALORE RURAL,2000,Whole Year,Black pepper,8,19,2.375
Karnataka,BANGALORE RURAL,2000,Whole Year,Coconut,15076,71999,4.77573627
Karnataka,BANGALORE RURAL,2000,Whole Year,Coriander,133,14,0.105263158
Karnataka,BANGALORE RURAL,2000,Whole Year,Dry chillies,741,597,0.805668016
Karnataka,BANGALORE RURAL,2000,Whole Year,Garlic,3,3,1
Karnataka,BANGALORE RURAL,2000,Whole Year,Onion,50,288,5.76
Karnataka,BANGALORE RURAL,2000,Whole Year,Potato,1870,29280,15.65775401
Karnataka,BANGALORE RURAL,2000,Whole Year,Sugarcane,1548,158825,102.6001292
Karnataka,BANGALORE RURAL,2000,Whole Year,Sweet potato,47,298,6.340425532
Karnataka,BANGALORE RURAL,2000,Whole Year,Tapioca,173,1260,7.283236994
Karnataka,BANGALORE RURAL,2000,Whole Year,Turmeric,151,678,4.490066225
Karnataka,BANGALORE RURAL,2001,Kharif,Arhar/Tur,4503,2798,0.621363535
Karnataka,BANGALORE RURAL,2001,Kharif,Castor seed,2931,4967,1.694643466
Karnataka,BANGALORE RURAL,2001,Kharif,Dry ginger,59,689,11.6779661
Karnataka,BANGALORE RURAL,2001,Kharif,Groundnut,12305,14116,1.147175945
Karnataka,BANGALORE RURAL,2001,Kharif,Horse-gram,7256,4701,0.647877619
Karnataka,BANGALORE RURAL,2001,Kharif,Maize,5658,23718,4.191940615
Karnataka,BANGALORE RURAL,2001,Kharif,Moong(Green Gram),93,24,0.258064516
Karnataka,BANGALORE RURAL,2001,Kharif,Niger seed,2600,641,0.246538462
Karnataka,BANGALORE RURAL,2001,Kharif,Other Kharif pulses,15964,2793,0.174956151
Karnataka,BANGALORE RURAL,2001,Kharif,Ragi,146131,283423,1.939513177
Karnataka,BANGALORE RURAL,2001,Kharif,Rice,11067,28322,2.559139785
Karnataka,BANGALORE RURAL,2001,Kharif,Sesamum,2668,986,0.369565217
Karnataka,BANGALORE RURAL,2001,Kharif,Small millets,445,383,0.860674157
Karnataka,BANGALORE RURAL,2001,Kharif,Sunflower,49,32,0.653061224
Karnataka,BANGALORE RURAL,2001,Kharif,Urad,81,30,0.37037037
Karnataka,BANGALORE RURAL,2001,Rabi,Gram,12,7,0.583333333
Karnataka,BANGALORE RURAL,2001,Rabi,Horse-gram,2652,2363,0.891025641
Karnataka,BANGALORE RURAL,2001,Rabi,Maize,37,91,2.459459459
Karnataka,BANGALORE RURAL,2001,Rabi,Moong(Green Gram),4,1,0.25
Karnataka,BANGALORE RURAL,2001,Rabi,Other  Rabi pulses,208,26,0.125
Karnataka,BANGALORE RURAL,2001,Rabi,Ragi,168,230,1.369047619
Karnataka,BANGALORE RURAL,2001,Rabi,Rapeseed &Mustard,1766,573,0.324462061
Karnataka,BANGALORE RURAL,2001,Rabi,Rice,169,324,1.917159763
Karnataka,BANGALORE RURAL,2001,Rabi,Sunflower,2,2,1
Karnataka,BANGALORE RURAL,2001,Rabi,Urad,1,0.1,0.1
Karnataka,BANGALORE RURAL,2001,Summer,Maize,417,1097,2.630695444
Karnataka,BANGALORE RURAL,2001,Summer,Ragi,645,1137,1.762790698
Karnataka,BANGALORE RURAL,2001,Summer,Rice,3073,7891,2.567849007
Karnataka,BANGALORE RURAL,2001,Summer,Sunflower,41,33,0.804878049
Karnataka,BANGALORE RURAL,2001,Whole Year,Arecanut,1828,2557,1.398796499
Karnataka,BANGALORE RURAL,2001,Whole Year,Black pepper,5,12,2.4
Karnataka,BANGALORE RURAL,2001,Whole Year,Coconut,21948,78614,3.581829779
Karnataka,BANGALORE RURAL,2001,Whole Year,Coriander,7,1,0.142857143
Karnataka,BANGALORE RURAL,2001,Whole Year,Dry chillies,1578,1226,0.776932826
Karnataka,BANGALORE RURAL,2001,Whole Year,Onion,50,463,9.26
Karnataka,BANGALORE RURAL,2001,Whole Year,Peas & beans (Pulses),675,4498,6.663703704
Karnataka,BANGALORE RURAL,2001,Whole Year,Potato,1636,27066,16.54400978
Karnataka,BANGALORE RURAL,2001,Whole Year,Sugarcane,1608,129846,80.75
Karnataka,BANGALORE RURAL,2001,Whole Year,Turmeric,38,203,5.342105263
Karnataka,BANGALORE RURAL,2002,Kharif,Arhar/Tur,3136,1278,0.40752551
Karnataka,BANGALORE RURAL,2002,Kharif,Castor seed,1622,4364,2.690505549
Karnataka,BANGALORE RURAL,2002,Kharif,Dry ginger,30,350,11.66666667
Karnataka,BANGALORE RURAL,2002,Kharif,Groundnut,10732,10261,0.956112561
Karnataka,BANGALORE RURAL,2002,Kharif,Horse-gram,11091,6828,0.615634298
Karnataka,BANGALORE RURAL,2002,Kharif,Maize,4479,14820,3.30877428
Karnataka,BANGALORE RURAL,2002,Kharif,Moong(Green Gram),22,1,0.045454545
Karnataka,BANGALORE RURAL,2002,Kharif,Niger seed,1493,368,0.24648359
Karnataka,BANGALORE RURAL,2002,Kharif,Other Kharif pulses,3095,520,0.168012924
Karnataka,BANGALORE RURAL,2002,Kharif,Ragi,105139,97923,0.931367047
Karnataka,BANGALORE RURAL,2002,Kharif,Rice,5722,12953,2.263718979
Karnataka,BANGALORE RURAL,2002,Kharif,Sesamum,139,46,0.330935252
Karnataka,BANGALORE RURAL,2002,Kharif,Sunflower,8,6,0.75
Karnataka,BANGALORE RURAL,2002,Kharif,Urad,25,4,0.16
Karnataka,BANGALORE RURAL,2002,Rabi,Groundnut,56,63,1.125
Karnataka,BANGALORE RURAL,2002,Rabi,Horse-gram,3456,1395,0.403645833
Karnataka,BANGALORE RURAL,2002,Rabi,Maize,196,502,2.56122449
Karnataka,BANGALORE RURAL,2002,Rabi,Other  Rabi pulses,78,9,0.115384615
Karnataka,BANGALORE RURAL,2002,Rabi,Ragi,427,671,1.571428571
Karnataka,BANGALORE RURAL,2002,Rabi,Rapeseed &Mustard,957,311,0.324973877
Karnataka,BANGALORE RURAL,2002,Rabi,Rice,32,67,2.09375
Karnataka,BANGALORE RURAL,2002,Rabi,Sunflower,10,7,0.7
Karnataka,BANGALORE RURAL,2002,Summer,Maize,105,268,2.552380952
Karnataka,BANGALORE RURAL,2002,Summer,Ragi,426,489,1.147887324
Karnataka,BANGALORE RURAL,2002,Summer,Rice,431,1192,2.765661253
Karnataka,BANGALORE RURAL,2002,Summer,Sunflower,4,2,0.5
Karnataka,BANGALORE RURAL,2002,Whole Year,Arcanut (Processed),1904,2663,1.398634454
Karnataka,BANGALORE RURAL,2002,Whole Year,Atcanut (Raw),1904,12823,6.734768908
Karnataka,BANGALORE RURAL,2002,Whole Year,Banana,2046,25082,12.25904203
Karnataka,BANGALORE RURAL,2002,Whole Year,Beans & Mutter(Vegetable),545,2086,3.827522936
Karnataka,BANGALORE RURAL,2002,Whole Year,Black pepper,2,5,2.5
Karnataka,BANGALORE RURAL,2002,Whole Year,Brinjal,248,2001,8.068548387
Karnataka,BANGALORE RURAL,2002,Whole Year,Cashewnut Processed,26,3,0.115384615
Karnataka,BANGALORE RURAL,2002,Whole Year,Cashewnut Raw,26,12,0.461538462
Karnataka,BANGALORE RURAL,2002,Whole Year,Citrus Fruit,16,146,9.125
Karnataka,BANGALORE RURAL,2002,Whole Year,Coconut,21426,76744,3.581816485
Karnataka,BANGALORE RURAL,2002,Whole Year,Dry chillies,722,336,0.465373961
Karnataka,BANGALORE RURAL,2002,Whole Year,Grapes,1135,37326,32.88634361
Karnataka,BANGALORE RURAL,2002,Whole Year,Mango,18555,159666,8.605012126
Karnataka,BANGALORE RURAL,2002,Whole Year,Onion,15,60,4
Karnataka,BANGALORE RURAL,2002,Whole Year,Other Fresh Fruits,1045,3542,3.389473684
Karnataka,BANGALORE RURAL,2002,Whole Year,Papaya,43,173,4.023255814
Karnataka,BANGALORE RURAL,2002,Whole Year,Pome Fruit,1103,14188,12.86310063
Karnataka,BANGALORE RURAL,2002,Whole Year,Potato,923,5258,5.696641387
Karnataka,BANGALORE RURAL,2002,Whole Year,Sugarcane,1959,180522,92.15007657
Karnataka,BANGALORE RURAL,2002,Whole Year,Sweet potato,16,101,6.3125
Karnataka,BANGALORE RURAL,2002,Whole Year,Tapioca,245,1804,7.363265306
Karnataka,BANGALORE RURAL,2002,Whole Year,Tomato,1528,26197,17.14463351
Karnataka,BANGALORE RURAL,2002,Whole Year,Turmeric,21,113,5.380952381
Karnataka,BANGALORE RURAL,2003,Kharif,Arhar/Tur,4572,1842,0.402887139
Karnataka,BANGALORE RURAL,2003,Kharif,Castor seed,2049,6813,3.325036603
Karnataka,BANGALORE RURAL,2003,Kharif,Dry ginger,46,537,11.67391304
Karnataka,BANGALORE RURAL,2003,Kharif,Groundnut,10930,9735,0.890667887
Karnataka,BANGALORE RURAL,2003,Kharif,Horse-gram,9223,6606,0.716252846
Karnataka,BANGALORE RURAL,2003,Kharif,Maize,6968,32208,4.622273249
Karnataka,BANGALORE RURAL,2003,Kharif,Moong(Green Gram),20,3,0.15
Karnataka,BANGALORE RURAL,2003,Kharif,Niger seed,1628,401,0.246314496
Karnataka,BANGALORE RURAL,2003,Kharif,Other Kharif pulses,11805,2090,0.177043626
Karnataka,BANGALORE RURAL,2003,Kharif,Ragi,134499,253694,1.886214767
Karnataka,BANGALORE RURAL,2003,Kharif,Rice,5850,13878,2.372307692
Karnataka,BANGALORE RURAL,2003,Kharif,Sesamum,400,204,0.51
Karnataka,BANGALORE RURAL,2003,Kharif,Sunflower,3,2,0.666666667
Karnataka,BANGALORE RURAL,2003,Kharif,Urad,104,26,0.25
Karnataka,BANGALORE RURAL,2003,Rabi,Gram,67,22,0.328358209
Karnataka,BANGALORE RURAL,2003,Rabi,Groundnut,422,410,0.971563981
Karnataka,BANGALORE RURAL,2003,Rabi,Horse-gram,4369,2810,0.643167773
Karnataka,BANGALORE RURAL,2003,Rabi,Maize,100,230,2.3
Karnataka,BANGALORE RURAL,2003,Rabi,Other  Rabi pulses,170,21,0.123529412
Karnataka,BANGALORE RURAL,2003,Rabi,Ragi,245,225,0.918367347
Karnataka,BANGALORE RURAL,2003,Rabi,Rapeseed &Mustard,1377,447,0.324618736
Karnataka,BANGALORE RURAL,2003,Rabi,Rice,240,711,2.9625
Karnataka,BANGALORE RURAL,2003,Rabi,Sunflower,129,99,0.76744186
Karnataka,BANGALORE RURAL,2003,Summer,Maize,103,259,2.514563107
Karnataka,BANGALORE RURAL,2003,Summer,Ragi,449,534,1.189309577
Karnataka,BANGALORE RURAL,2003,Summer,Rice,481,1920,3.991683992
Karnataka,BANGALORE RURAL,2003,Summer,Sunflower,412,218,0.529126214
Karnataka,BANGALORE RURAL,2003,Whole Year,Arecanut,1998,2795,1.398898899
Karnataka,BANGALORE RURAL,2003,Whole Year,Banana,1910,21873,11.45183246
Karnataka,BANGALORE RURAL,2003,Whole Year,Beans & Mutter(Vegetable),462,2708,5.861471861
Karnataka,BANGALORE RURAL,2003,Whole Year,Black pepper,3,7,2.333333333
Karnataka,BANGALORE RURAL,2003,Whole Year,Brinjal,140,1871,13.36428571
Karnataka,BANGALORE RURAL,2003,Whole Year,Citrus Fruit,25,395,15.8
Karnataka,BANGALORE RURAL,2003,Whole Year,Coconut,20131,72106,3.581838955
Karnataka,BANGALORE RURAL,2003,Whole Year,Dry chillies,230,270,1.173913043
Karnataka,BANGALORE RURAL,2003,Whole Year,Grapes,1215,37529,30.88806584
Karnataka,BANGALORE RURAL,2003,Whole Year,Mango,18145,81689,4.502011573
Karnataka,BANGALORE RURAL,2003,Whole Year,Onion,19,49,2.578947368
Karnataka,BANGALORE RURAL,2003,Whole Year,Other Fresh Fruits,1190,4867,4.089915966
Karnataka,BANGALORE RURAL,2003,Whole Year,Pome Fruit,814,10499,12.8980344
Karnataka,BANGALORE RURAL,2003,Whole Year,Potato,1467,20886,14.23721881
Karnataka,BANGALORE RURAL,2003,Whole Year,Sugarcane,589,39728,67.44991511
Karnataka,BANGALORE RURAL,2003,Whole Year,Sweet potato,14,89,6.357142857
Karnataka,BANGALORE RURAL,2003,Whole Year,Tapioca,207,1518,7.333333333
Karnataka,BANGALORE RURAL,2003,Whole Year,Tomato,1463,16441,11.2378674
Karnataka,BANGALORE RURAL,2003,Whole Year,Turmeric,233,1392,5.974248927
Karnataka,BANGALORE RURAL,2004,Kharif,Arhar/Tur,5331,4269,0.800787845
Karnataka,BANGALORE RURAL,2004,Kharif,Castor seed,1568,2640,1.683673469
Karnataka,BANGALORE RURAL,2004,Kharif,Dry ginger,51,595,11.66666667
Karnataka,BANGALORE RURAL,2004,Kharif,Groundnut,16645,22683,1.362751577
Karnataka,BANGALORE RURAL,2004,Kharif,Horse-gram,7914,6270,0.792266869
Karnataka,BANGALORE RURAL,2004,Kharif,Maize,7584,24105,3.178401899
Karnataka,BANGALORE RURAL,2004,Kharif,Moong(Green Gram),64,10,0.15625
Karnataka,BANGALORE RURAL,2004,Kharif,Niger seed,1640,404,0.246341463
Karnataka,BANGALORE RURAL,2004,Kharif,Other Kharif pulses,14176,2551.68,0.18
Karnataka,BANGALORE RURAL,2004,Kharif,Ragi,135894,346941,2.553026624
Karnataka,BANGALORE RURAL,2004,Kharif,Rice,8568,23767.63,2.773999767
Karnataka,BANGALORE RURAL,2004,Kharif,Sesamum,1475,795,0.538983051
Karnataka,BANGALORE RURAL,2004,Kharif,Sunflower,80,40,0.5
Karnataka,BANGALORE RURAL,2004,Kharif,Urad,75,9,0.12
Karnataka,BANGALORE RURAL,2004,Rabi,Gram,142,73,0.514084507
Karnataka,BANGALORE RURAL,2004,Rabi,Groundnut,467,425,0.91006424
Karnataka,BANGALORE RURAL,2004,Rabi,Horse-gram,2853,1876,0.657553453
Karnataka,BANGALORE RURAL,2004,Rabi,Maize,72,219,3.041666667
Karnataka,BANGALORE RURAL,2004,Rabi,Other  Rabi pulses,243,30,0.12345679
Karnataka,BANGALORE RURAL,2004,Rabi,Ragi,145,238,1.64137931
Karnataka,BANGALORE RURAL,2004,Rabi,Rapeseed &Mustard,1405,456,0.32455516
Karnataka,BANGALORE RURAL,2004,Rabi,Rice,5,17,3.4
Karnataka,BANGALORE RURAL,2004,Rabi,Sunflower,134,121,0.902985075
Karnataka,BANGALORE RURAL,2004,Summer,Maize,201,615,3.059701493
Karnataka,BANGALORE RURAL,2004,Summer,Ragi,521,830,1.593090211
Karnataka,BANGALORE RURAL,2004,Summer,Rice,800,3579,4.47375
Karnataka,BANGALORE RURAL,2004,Summer,Sunflower,454,295,0.649779736
Karnataka,BANGALORE RURAL,2004,Whole Year,Arecanut,1975,2763,1.398987342
Karnataka,BANGALORE RURAL,2004,Whole Year,Banana,3128,53351,17.05594629
Karnataka,BANGALORE RURAL,2004,Whole Year,Black pepper,26,63,2.423076923
Karnataka,BANGALORE RURAL,2004,Whole Year,Coconut,19789,715966.02,36.18
Karnataka,BANGALORE RURAL,2004,Whole Year,Dry chillies,940,625,0.664893617
Karnataka,BANGALORE RURAL,2004,Whole Year,Onion,48,319,6.645833333
Karnataka,BANGALORE RURAL,2004,Whole Year,Potato,1660,22458,13.52891566
Karnataka,BANGALORE RURAL,2004,Whole Year,Sweet potato,20,127,6.35
Karnataka,BANGALORE RURAL,2004,Whole Year,Tapioca,215,1579,7.344186047
Karnataka,BANGALORE RURAL,2004,Whole Year,Turmeric,12,57,4.75
Karnataka,BANGALORE RURAL,2005,Kharif,Arhar/Tur,4557,3429,0.752468729
Karnataka,BANGALORE RURAL,2005,Kharif,Bajra,33,19,0.575757576
Karnataka,BANGALORE RURAL,2005,Kharif,Castor seed,2137,7396,3.460926533
Karnataka,BANGALORE RURAL,2005,Kharif,Dry chillies,1032,750,0.726744186
Karnataka,BANGALORE RURAL,2005,Kharif,Groundnut,14516,10850,0.747451088
Karnataka,BANGALORE RURAL,2005,Kharif,Horse-gram,5715,4371,0.764829396
Karnataka,BANGALORE RURAL,2005,Kharif,Maize,8544,37685,4.410697566
Karnataka,BANGALORE RURAL,2005,Kharif,Moong(Green Gram),29,7,0.24137931
Karnataka,BANGALORE RURAL,2005,Kharif,Niger seed,2157,532,0.24663885
Karnataka,BANGALORE RURAL,2005,Kharif,Onion,75,418,5.573333333
Karnataka,BANGALORE RURAL,2005,Kharif,Other Kharif pulses,12750,2178,0.170823529
Karnataka,BANGALORE RURAL,2005,Kharif,Peas & beans (Pulses),100,974,9.74
Karnataka,BANGALORE RURAL,2005,Kharif,Potato,392,1312,3.346938776
Karnataka,BANGALORE RURAL,2005,Kharif,Ragi,138892,287063,2.066807304
Karnataka,BANGALORE RURAL,2005,Kharif,Rice,9729,22181,2.27988488
Karnataka,BANGALORE RURAL,2005,Kharif,Sesamum,3165,2742,0.866350711
Karnataka,BANGALORE RURAL,2005,Kharif,Small millets,183,136,0.743169399
Karnataka,BANGALORE RURAL,2005,Kharif,Sunflower,100,73,0.73
Karnataka,BANGALORE RURAL,2005,Kharif,Urad,24,5,0.208333333
Karnataka,BANGALORE RURAL,2005,Rabi,Dry chillies,35,57,1.628571429
Karnataka,BANGALORE RURAL,2005,Rabi,Gram,100,55,0.55
Karnataka,BANGALORE RURAL,2005,Rabi,Groundnut,119,101,0.848739496
Karnataka,BANGALORE RURAL,2005,Rabi,Horse-gram,3567,2104,0.589851416
Karnataka,BANGALORE RURAL,2005,Rabi,Maize,139,497,3.575539568
Karnataka,BANGALORE RURAL,2005,Rabi,Onion,16,166,10.375
Karnataka,BANGALORE RURAL,2005,Rabi,Other  Rabi pulses,191,24,0.12565445
Karnataka,BANGALORE RURAL,2005,Rabi,Peas & beans (Pulses),95,1179,12.41052632
Karnataka,BANGALORE RURAL,2005,Rabi,Potato,1194,17452,14.61641541
Karnataka,BANGALORE RURAL,2005,Rabi,Ragi,150,436,2.906666667
Karnataka,BANGALORE RURAL,2005,Rabi,Rapeseed &Mustard,1566,509,0.325031928
Karnataka,BANGALORE RURAL,2005,Rabi,Rice,18,40,2.222222222
Karnataka,BANGALORE RURAL,2005,Rabi,Sunflower,4,4,1
Karnataka,BANGALORE RURAL,2005,Summer,Dry chillies,7,18,2.571428571
Karnataka,BANGALORE RURAL,2005,Summer,Maize,370,1144,3.091891892
Karnataka,BANGALORE RURAL,2005,Summer,Onion,5,83,16.6
Karnataka,BANGALORE RURAL,2005,Summer,Peas & beans (Pulses),41,207,5.048780488
Karnataka,BANGALORE RURAL,2005,Summer,Potato,83,1389,16.73493976
Karnataka,BANGALORE RURAL,2005,Summer,Ragi,508,1109,2.183070866
Karnataka,BANGALORE RURAL,2005,Summer,Rice,2094,6511,3.109360076
Karnataka,BANGALORE RURAL,2005,Summer,Sunflower,387,300,0.775193798
Karnataka,BANGALORE RURAL,2005,Whole Year,Arecanut,2099,14137,6.735111958
Karnataka,BANGALORE RURAL,2005,Whole Year,Banana,3407,48182,14.14206046
Karnataka,BANGALORE RURAL,2005,Whole Year,Black pepper,1,2,2
Karnataka,BANGALORE RURAL,2005,Whole Year,Cardamom,1,,
Karnataka,BANGALORE RURAL,2005,Whole Year,Coconut,19251,68954,3.581839904
Karnataka,BANGALORE RURAL,2005,Whole Year,Coriander,86,13,0.151162791
Karnataka,BANGALORE RURAL,2005,Whole Year,Dry ginger,70,817,11.67142857
Karnataka,BANGALORE RURAL,2005,Whole Year,Garlic,8,9,1.125
Karnataka,BANGALORE RURAL,2005,Whole Year,Sugarcane,331,29244,88.35045317
Karnataka,BANGALORE RURAL,2005,Whole Year,Sweet potato,22,139,6.318181818
Karnataka,BANGALORE RURAL,2005,Whole Year,Tapioca,10,73,7.3
Karnataka,BANGALORE RURAL,2005,Whole Year,Turmeric,18,96,5.333333333
Karnataka,BANGALORE RURAL,2006,Kharif,Arhar/Tur,4160,1715,0.412259615
Karnataka,BANGALORE RURAL,2006,Kharif,Bajra,6,3,0.5
Karnataka,BANGALORE RURAL,2006,Kharif,Castor seed,1568,2990,1.906887755
Karnataka,BANGALORE RURAL,2006,Kharif,Gram,45,6,0.133333333
Karnataka,BANGALORE RURAL,2006,Kharif,Groundnut,7884,4094,0.519279554
Karnataka,BANGALORE RURAL,2006,Kharif,Horse-gram,4588,1539,0.335440279
Karnataka,BANGALORE RURAL,2006,Kharif,Maize,6861,23981,3.495263081
Karnataka,BANGALORE RURAL,2006,Kharif,Moong(Green Gram),66,8,0.121212121
Karnataka,BANGALORE RURAL,2006,Kharif,Niger seed,1375,339,0.246545455
Karnataka,BANGALORE RURAL,2006,Kharif,Other Kharif pulses,8572,14192,1.655622958
Karnataka,BANGALORE RURAL,2006,Kharif,Ragi,89257,101013,1.131709558
Karnataka,BANGALORE RURAL,2006,Kharif,Rapeseed &Mustard,1129,367,0.32506643
Karnataka,BANGALORE RURAL,2006,Kharif,Rice,7340,14919,2.032561308
Karnataka,BANGALORE RURAL,2006,Kharif,Sesamum,1250,632,0.5056
Karnataka,BANGALORE RURAL,2006,Kharif,Small millets,33,21,0.636363636
Karnataka,BANGALORE RURAL,2006,Kharif,Sunflower,104,60,0.576923077
Karnataka,BANGALORE RURAL,2006,Kharif,Urad,45,6,0.133333333
Karnataka,BANGALORE RURAL,2006,Rabi,Gram,23,17,0.739130435
Karnataka,BANGALORE RURAL,2006,Rabi,Groundnut,27,20,0.740740741
Karnataka,BANGALORE RURAL,2006,Rabi,Horse-gram,4779,2347,0.491106926
Karnataka,BANGALORE RURAL,2006,Rabi,Maize,160,504,3.15
Karnataka,BANGALORE RURAL,2006,Rabi,Other  Rabi pulses,141,57,0.404255319
Karnataka,BANGALORE RURAL,2006,Rabi,Ragi,257,513,1.996108949
Karnataka,BANGALORE RURAL,2006,Rabi,Rice,13,30,2.307692308
Karnataka,BANGALORE RURAL,2006,Rabi,Sunflower,10,8,0.8
Karnataka,BANGALORE RURAL,2006,Summer,Maize,103,330,3.203883495
Karnataka,BANGALORE RURAL,2006,Summer,Ragi,255,542,2.125490196
Karnataka,BANGALORE RURAL,2006,Summer,Rice,706,545,0.771954674
Karnataka,BANGALORE RURAL,2006,Summer,Sunflower,75,59,0.786666667
Karnataka,BANGALORE RURAL,2006,Whole Year,Arecanut,2257,3157,1.398759415
Karnataka,BANGALORE RURAL,2006,Whole Year,Banana,3317,264763,79.82001809
Karnataka,BANGALORE RURAL,2006,Whole Year,Coconut,19357,69333,3.581805032
Karnataka,BANGALORE RURAL,2006,Whole Year,Coriander,69,11,0.15942029
Karnataka,BANGALORE RURAL,2006,Whole Year,Dry chillies,915,757,0.827322404
Karnataka,BANGALORE RURAL,2006,Whole Year,Dry ginger,85,992,11.67058824
Karnataka,BANGALORE RURAL,2006,Whole Year,Garlic,4,5,1.25
Karnataka,BANGALORE RURAL,2006,Whole Year,Onion,59,346,5.86440678
Karnataka,BANGALORE RURAL,2006,Whole Year,Potato,1802,41882,23.24195339
Karnataka,BANGALORE RURAL,2006,Whole Year,Sugarcane,1753,169866,96.90017114
Karnataka,BANGALORE RURAL,2006,Whole Year,Sweet potato,18,114,6.333333333
Karnataka,BANGALORE RURAL,2006,Whole Year,Tapioca,3,22,7.333333333
Karnataka,BANGALORE RURAL,2006,Whole Year,Turmeric,24,121,5.041666667
Karnataka,BANGALORE RURAL,2007,Kharif,Arhar/Tur,1296,1069,0.824845679
Karnataka,BANGALORE RURAL,2007,Kharif,Bajra,4,3,0.75
Karnataka,BANGALORE RURAL,2007,Kharif,Castor seed,382,256,0.670157068
Karnataka,BANGALORE RURAL,2007,Kharif,Dry chillies,336,303,0.901785714
Karnataka,BANGALORE RURAL,2007,Kharif,Groundnut,635,617,0.971653543
Karnataka,BANGALORE RURAL,2007,Kharif,Horse-gram,1338,933,0.697309417
Karnataka,BANGALORE RURAL,2007,Kharif,Maize,8270,38651,4.673639661
Karnataka,BANGALORE RURAL,2007,Kharif,Moong(Green Gram),6,1,0.166666667
Karnataka,BANGALORE RURAL,2007,Kharif,Niger seed,727,275,0.37826685
Karnataka,BANGALORE RURAL,2007,Kharif,Onion,50,298,5.96
Karnataka,BANGALORE RURAL,2007,Kharif,Other Kharif pulses,4258,4476,1.051197745
Karnataka,BANGALORE RURAL,2007,Kharif,Potato,230,758,3.295652174
Karnataka,BANGALORE RURAL,2007,Kharif,Ragi,47641,110869,2.327176172
Karnataka,BANGALORE RURAL,2007,Kharif,Rapeseed &Mustard,567,268,0.472663139
Karnataka,BANGALORE RURAL,2007,Kharif,Rice,1990,5928,2.978894472
Karnataka,BANGALORE RURAL,2007,Kharif,Sesamum,12,7,0.583333333
Karnataka,BANGALORE RURAL,2007,Kharif,Small millets,12,6,0.5
Karnataka,BANGALORE RURAL,2007,Kharif,Sunflower,62,25,0.403225806
Karnataka,BANGALORE RURAL,2007,Kharif,Urad,4,2,0.5
Karnataka,BANGALORE RURAL,2007,Rabi,Dry chillies,6,10,1.666666667
Karnataka,BANGALORE RURAL,2007,Rabi,Gram,94,56,0.595744681
Karnataka,BANGALORE RURAL,2007,Rabi,Groundnut,56,48,0.857142857
Karnataka,BANGALORE RURAL,2007,Rabi,Horse-gram,1081,510,0.471785384
Karnataka,BANGALORE RURAL,2007,Rabi,Maize,110,393,3.572727273
Karnataka,BANGALORE RURAL,2007,Rabi,Onion,8,67,8.375
Karnataka,BANGALORE RURAL,2007,Rabi,Other  Rabi pulses,72,25,0.347222222
Karnataka,BANGALORE RURAL,2007,Rabi,Potato,1050,12920,12.3047619
Karnataka,BANGALORE RURAL,2007,Rabi,Ragi,108,234,2.166666667
Karnataka,BANGALORE RURAL,2007,Rabi,Rice,16,35,2.1875
Karnataka,BANGALORE RURAL,2007,Rabi,Sunflower,78,68,0.871794872
Karnataka,BANGALORE RURAL,2007,Summer,Dry chillies,10,34,3.4
Karnataka,BANGALORE RURAL,2007,Summer,Maize,85,274,3.223529412
Karnataka,BANGALORE RURAL,2007,Summer,Onion,3,25,8.333333333
Karnataka,BANGALORE RURAL,2007,Summer,Potato,157,2668,16.99363057
Karnataka,BANGALORE RURAL,2007,Summer,Ragi,139,289,2.079136691
Karnataka,BANGALORE RURAL,2007,Summer,Rice,100,305,3.05
Karnataka,BANGALORE RURAL,2007,Summer,Sunflower,65,66,1.015384615
Karnataka,BANGALORE RURAL,2007,Whole Year,Arecanut,1377,9274,6.734931009
Karnataka,BANGALORE RURAL,2007,Whole Year,Banana,1173,34141,29.10571185
Karnataka,BANGALORE RURAL,2007,Whole Year,Black pepper,1,3,3
Karnataka,BANGALORE RURAL,2007,Whole Year,Coconut,3965,20188,5.091551072
Karnataka,BANGALORE RURAL,2007,Whole Year,Coriander,94,33,0.35106383
Karnataka,BANGALORE RURAL,2007,Whole Year,Dry ginger,67,1375,20.52238806
Karnataka,BANGALORE RURAL,2007,Whole Year,Garlic,4,4,1
Karnataka,BANGALORE RURAL,2007,Whole Year,Sugarcane,8,676,84.5
Karnataka,BANGALORE RURAL,2007,Whole Year,Sweet potato,5,32,6.4
Karnataka,BANGALORE RURAL,2007,Whole Year,Tapioca,6,44,7.333333333
Karnataka,BANGALORE RURAL,2007,Whole Year,Turmeric,8,62,7.75
Karnataka,BANGALORE RURAL,2008,Kharif,Arhar/Tur,1340,1419,1.058955224
Karnataka,BANGALORE RURAL,2008,Kharif,Bajra,4,2,0.5
Karnataka,BANGALORE RURAL,2008,Kharif,Castor seed,340,322,0.947058824
Karnataka,BANGALORE RURAL,2008,Kharif,Dry chillies,283,263,0.929328622
Karnataka,BANGALORE RURAL,2008,Kharif,Groundnut,693,699,1.008658009
Karnataka,BANGALORE RURAL,2008,Kharif,Horse-gram,1208,1353,1.120033113
Karnataka,BANGALORE RURAL,2008,Kharif,Maize,10115,48324,4.777459219
Karnataka,BANGALORE RURAL,2008,Kharif,Moong(Green Gram),14,2,0.142857143
Karnataka,BANGALORE RURAL,2008,Kharif,Niger seed,641,220,0.343213729
Karnataka,BANGALORE RURAL,2008,Kharif,Onion,66,342,5.181818182
Karnataka,BANGALORE RURAL,2008,Kharif,Other Kharif pulses,4446,3906,0.87854251
Karnataka,BANGALORE RURAL,2008,Kharif,Potato,191,362,1.895287958
Karnataka,BANGALORE RURAL,2008,Kharif,Ragi,43788,100903,2.304352791
Karnataka,BANGALORE RURAL,2008,Kharif,Rice,1782,7753.48,4.350998878
Karnataka,BANGALORE RURAL,2008,Kharif,Sesamum,2,1,0.5
Karnataka,BANGALORE RURAL,2008,Kharif,Sunflower,32,11,0.34375
Karnataka,BANGALORE RURAL,2008,Kharif,Urad,32,9,0.28125
Karnataka,BANGALORE RURAL,2008,Rabi,Dry chillies,21,36,1.714285714
Karnataka,BANGALORE RURAL,2008,Rabi,Gram,82,44,0.536585366
Karnataka,BANGALORE RURAL,2008,Rabi,Groundnut,22,17,0.772727273
Karnataka,BANGALORE RURAL,2008,Rabi,Horse-gram,1147,425,0.370531822
Karnataka,BANGALORE RURAL,2008,Rabi,Maize,85,268,3.152941176
Karnataka,BANGALORE RURAL,2008,Rabi,Onion,19,127,6.684210526
Karnataka,BANGALORE RURAL,2008,Rabi,Other  Rabi pulses,79,30,0.379746835
Karnataka,BANGALORE RURAL,2008,Rabi,Potato,902,16522,18.31707317
Karnataka,BANGALORE RURAL,2008,Rabi,Ragi,211,441,2.090047393
Karnataka,BANGALORE RURAL,2008,Rabi,Rapeseed &Mustard,690,327,0.473913043
Karnataka,BANGALORE RURAL,2008,Rabi,Rice,12,26,2.166666667
Karnataka,BANGALORE RURAL,2008,Rabi,Sunflower,96,75,0.78125
Karnataka,BANGALORE RURAL,2008,Summer,Dry chillies,16,52,3.25
Karnataka,BANGALORE RURAL,2008,Summer,Maize,152,478,3.144736842
Karnataka,BANGALORE RURAL,2008,Summer,Onion,17,93,5.470588235
Karnataka,BANGALORE RURAL,2008,Summer,Potato,160,2708,16.925
Karnataka,BANGALORE RURAL,2008,Summer,Ragi,217,432,1.99078341
Karnataka,BANGALORE RURAL,2008,Summer,Rice,439,1326,3.020501139
Karnataka,BANGALORE RURAL,2008,Summer,Sunflower,250,200,0.8
Karnataka,BANGALORE RURAL,2008,Whole Year,Arecanut,1338,9011,6.734678625
Karnataka,BANGALORE RURAL,2008,Whole Year,Banana,1054,26183,24.84155598
Karnataka,BANGALORE RURAL,2008,Whole Year,Black pepper,1,4,4
Karnataka,BANGALORE RURAL,2008,Whole Year,Cardamom,1,,
Karnataka,BANGALORE RURAL,2008,Whole Year,Cashewnut,44,27.05,0.614772727
Karnataka,BANGALORE RURAL,2008,Whole Year,Coconut,4027,27588,6.850757388
Karnataka,BANGALORE RURAL,2008,Whole Year,Coriander,55,30,0.545454545
Karnataka,BANGALORE RURAL,2008,Whole Year,Dry ginger,57,1816,31.85964912
Karnataka,BANGALORE RURAL,2008,Whole Year,Garlic,3,7,2.333333333
Karnataka,BANGALORE RURAL,2008,Whole Year,Sugarcane,93,8040,86.4516129
Karnataka,BANGALORE RURAL,2008,Whole Year,Sweet potato,9,91,10.11111111
Karnataka,BANGALORE RURAL,2008,Whole Year,Tapioca,3,29,9.666666667
Karnataka,BANGALORE RURAL,2008,Whole Year,Turmeric,6,29,4.833333333
Karnataka,BANGALORE RURAL,2009,Kharif,Arhar/Tur,1306,1069,0.818529862
Karnataka,BANGALORE RURAL,2009,Kharif,Bajra,4,2,0.5
Karnataka,BANGALORE RURAL,2009,Kharif,Castor seed,303,196,0.646864686
Karnataka,BANGALORE RURAL,2009,Kharif,Gram,1553,1217,0.783644559
Karnataka,BANGALORE RURAL,2009,Kharif,Groundnut,450,297,0.66
Karnataka,BANGALORE RURAL,2009,Kharif,Horse-gram,1553,1217,0.783644559
Karnataka,BANGALORE RURAL,2009,Kharif,Maize,10788,50013,4.635984427
Karnataka,BANGALORE RURAL,2009,Kharif,Moong(Green Gram),6,1,0.166666667
Karnataka,BANGALORE RURAL,2009,Kharif,Niger seed,2626,920,0.350342727
Karnataka,BANGALORE RURAL,2009,Kharif,Onion,77,272,3.532467532
Karnataka,BANGALORE RURAL,2009,Kharif,Other Kharif pulses,4131,3219,0.779230211
Karnataka,BANGALORE RURAL,2009,Kharif,Potato,105,649,6.180952381
Karnataka,BANGALORE RURAL,2009,Kharif,Ragi,41469,91892,2.215920326
Karnataka,BANGALORE RURAL,2009,Kharif,Rice,1525,6751.18,4.427003279
Karnataka,BANGALORE RURAL,2009,Kharif,Sesamum,5,2,0.4
Karnataka,BANGALORE RURAL,2009,Kharif,Small millets,8,4,0.5
Karnataka,BANGALORE RURAL,2009,Kharif,Sunflower,12,3,0.25
Karnataka,BANGALORE RURAL,2009,Kharif,Urad,6,1,0.166666667
Karnataka,BANGALORE RURAL,2009,Rabi,Dry chillies,21,63,3
Karnataka,BANGALORE RURAL,2009,Rabi,Gram,1678,786,0.468414779
Karnataka,BANGALORE RURAL,2009,Rabi,Groundnut,35,27,0.771428571
Karnataka,BANGALORE RURAL,2009,Rabi,Horse-gram,1678,786,0.468414779
Karnataka,BANGALORE RURAL,2009,Rabi,Maize,37,98,2.648648649
Karnataka,BANGALORE RURAL,2009,Rabi,Onion,22,130,5.909090909
Karnataka,BANGALORE RURAL,2009,Rabi,Other  Rabi pulses,75,27,0.36
Karnataka,BANGALORE RURAL,2009,Rabi,Potato,889,13373,15.04274466
Karnataka,BANGALORE RURAL,2009,Rabi,Ragi,143,335,2.342657343
Karnataka,BANGALORE RURAL,2009,Rabi,Rapeseed &Mustard,645,188,0.291472868
Karnataka,BANGALORE RURAL,2009,Rabi,Rice,3,7,2.333333333
Karnataka,BANGALORE RURAL,2009,Rabi,Sunflower,89,56,0.629213483
Karnataka,BANGALORE RURAL,2009,Summer,Dry chillies,16,74,4.625
Karnataka,BANGALORE RURAL,2009,Summer,Maize,110,301,2.736363636
Karnataka,BANGALORE RURAL,2009,Summer,Onion,9,69,7.666666667
Karnataka,BANGALORE RURAL,2009,Summer,Potato,160,2718,16.9875
Karnataka,BANGALORE RURAL,2009,Summer,Ragi,143,268,1.874125874
Karnataka,BANGALORE RURAL,2009,Summer,Rice,139,425,3.057553957
Karnataka,BANGALORE RURAL,2009,Summer,Sunflower,91,78,0.857142857
Karnataka,BANGALORE RURAL,2009,Whole Year,Arecanut,1100,7408,6.734545455
Karnataka,BANGALORE RURAL,2009,Whole Year,Banana,1172,39752,33.91808874
Karnataka,BANGALORE RURAL,2009,Whole Year,Black pepper,1,4,4
Karnataka,BANGALORE RURAL,2009,Whole Year,Cashewnut,159,121,0.761006289
Karnataka,BANGALORE RURAL,2009,Whole Year,Coconut,4504,32024,7.110124334
Karnataka,BANGALORE RURAL,2009,Whole Year,Coriander,68,33,0.485294118
Karnataka,BANGALORE RURAL,2009,Whole Year,Dry ginger,69,2173,31.49275362
Karnataka,BANGALORE RURAL,2009,Whole Year,Garlic,6,8,1.333333333
Karnataka,BANGALORE RURAL,2009,Whole Year,Sweet potato,8,53,6.625
Karnataka,BANGALORE RURAL,2009,Whole Year,Tapioca,5,46,9.2
Karnataka,BANGALORE RURAL,2009,Whole Year,Turmeric,3,15,5
Karnataka,BANGALORE RURAL,2010,Kharif,Arhar/Tur,1640,1806,1.101219512
Karnataka,BANGALORE RURAL,2010,Kharif,Bajra,4,4,1
Karnataka,BANGALORE RURAL,2010,Kharif,Castor seed,315,264,0.838095238
Karnataka,BANGALORE RURAL,2010,Kharif,Cowpea(Lobia),996,999,1.003012048
Karnataka,BANGALORE RURAL,2010,Kharif,Dry chillies,232,191,0.823275862
Karnataka,BANGALORE RURAL,2010,Kharif,Groundnut,475,503,1.058947368
Karnataka,BANGALORE RURAL,2010,Kharif,Horse-gram,1065,1015,0.953051643
Karnataka,BANGALORE RURAL,2010,Kharif,Maize,10109,53329,5.27539816
Karnataka,BANGALORE RURAL,2010,Kharif,Moong(Green Gram),23,6,0.260869565
Karnataka,BANGALORE RURAL,2010,Kharif,Niger seed,559,168,0.300536673
Karnataka,BANGALORE RURAL,2010,Kharif,Onion,74,462,6.243243243
Karnataka,BANGALORE RURAL,2010,Kharif,Other Kharif pulses,3383,4480,1.324268401
Karnataka,BANGALORE RURAL,2010,Kharif,Peas & beans (Pulses),466,4909,10.53433476
Karnataka,BANGALORE RURAL,2010,Kharif,Potato,114,866,7.596491228
Karnataka,BANGALORE RURAL,2010,Kharif,Ragi,43927,115210,2.622760489
Karnataka,BANGALORE RURAL,2010,Kharif,Rice,1531,4486,2.930111039
Karnataka,BANGALORE RURAL,2010,Kharif,Sesamum,31,18,0.580645161
Karnataka,BANGALORE RURAL,2010,Kharif,Small millets,15,7,0.466666667
Karnataka,BANGALORE RURAL,2010,Kharif,Sunflower,13,9,0.692307692
Karnataka,BANGALORE RURAL,2010,Kharif,Urad,25,9,0.36
Karnataka,BANGALORE RURAL,2010,Rabi,Cowpea(Lobia),3,1,0.333333333
Karnataka,BANGALORE RURAL,2010,Rabi,Dry chillies,39,106,2.717948718
Karnataka,BANGALORE RURAL,2010,Rabi,Gram,315,193,0.612698413
Karnataka,BANGALORE RURAL,2010,Rabi,Groundnut,66,58,0.878787879
Karnataka,BANGALORE RURAL,2010,Rabi,Horse-gram,803,486,0.605230386
Karnataka,BANGALORE RURAL,2010,Rabi,Maize,124,365,2.943548387
Karnataka,BANGALORE RURAL,2010,Rabi,Onion,44,301,6.840909091
Karnataka,BANGALORE RURAL,2010,Rabi,Other  Rabi pulses,13,6,0.461538462
Karnataka,BANGALORE RURAL,2010,Rabi,Peas & beans (Pulses),104,739,7.105769231
Karnataka,BANGALORE RURAL,2010,Rabi,Potato,927,27142,29.2793959
Karnataka,BANGALORE RURAL,2010,Rabi,Ragi,203,421,2.073891626
Karnataka,BANGALORE RURAL,2010,Rabi,Rapeseed &Mustard,630,229,0.363492063
Karnataka,BANGALORE RURAL,2010,Rabi,Sunflower,15,13,0.866666667
Karnataka,BANGALORE RURAL,2010,Rabi,Wheat,9,14,1.555555556
Karnataka,BANGALORE RURAL,2010,Summer,Dry chillies,29,88,3.034482759
Karnataka,BANGALORE RURAL,2010,Summer,Maize,105,357,3.4
Karnataka,BANGALORE RURAL,2010,Summer,Onion,4,43,10.75
Karnataka,BANGALORE RURAL,2010,Summer,Peas & beans (Pulses),60,514,8.566666667
Karnataka,BANGALORE RURAL,2010,Summer,Potato,135,2076,15.37777778
Karnataka,BANGALORE RURAL,2010,Summer,Ragi,117,229,1.957264957
Karnataka,BANGALORE RURAL,2010,Summer,Rice,155,501,3.232258065
Karnataka,BANGALORE RURAL,2010,Summer,Sunflower,12,12,1
Karnataka,BANGALORE RURAL,2010,Whole Year,Arecanut,1213,13116,10.81286068
Karnataka,BANGALORE RURAL,2010,Whole Year,Banana,1288,46157,35.83618012
Karnataka,BANGALORE RURAL,2010,Whole Year,Black pepper,1,0.6,0.6
Karnataka,BANGALORE RURAL,2010,Whole Year,Cardamom,1,,
Karnataka,BANGALORE RURAL,2010,Whole Year,Cashewnut,159,117,0.735849057
Karnataka,BANGALORE RURAL,2010,Whole Year,Coconut,4503,43046,9.559404841
Karnataka,BANGALORE RURAL,2010,Whole Year,Coriander,81,30,0.37037037
Karnataka,BANGALORE RURAL,2010,Whole Year,Dry ginger,71,256.9,3.618309859
Karnataka,BANGALORE RURAL,2010,Whole Year,Garlic,9,12,1.333333333
Karnataka,BANGALORE RURAL,2010,Whole Year,Sugarcane,8,775,96.875
Karnataka,BANGALORE RURAL,2010,Whole Year,Sweet potato,5,41,8.2
Karnataka,BANGALORE RURAL,2010,Whole Year,Tapioca,5,55,11
Karnataka,BANGALORE RURAL,2011,Kharif,Arhar/Tur,1650,1014,0.614545455
Karnataka,BANGALORE RURAL,2011,Kharif,Bajra,4,3,0.75
Karnataka,BANGALORE RURAL,2011,Kharif,Castor seed,203,170,0.837438424
Karnataka,BANGALORE RURAL,2011,Kharif,Cowpea(Lobia),845,621,0.734911243
Karnataka,BANGALORE RURAL,2011,Kharif,Dry chillies,303,245,0.808580858
Karnataka,BANGALORE RURAL,2011,Kharif,Groundnut,410,540,1.317073171
Karnataka,BANGALORE RURAL,2011,Kharif,Horse-gram,938,791,0.843283582
Karnataka,BANGALORE RURAL,2011,Kharif,Maize,14355,66335,4.621037966
Karnataka,BANGALORE RURAL,2011,Kharif,Moong(Green Gram),10,3,0.3
Karnataka,BANGALORE RURAL,2011,Kharif,Niger seed,449,122,0.271714922
Karnataka,BANGALORE RURAL,2011,Kharif,Onion,54,267,4.944444444
Karnataka,BANGALORE RURAL,2011,Kharif,Other Kharif pulses,2957,3427,1.158944877
Karnataka,BANGALORE RURAL,2011,Kharif,Peas & beans (Pulses),407,2155,5.294840295
Karnataka,BANGALORE RURAL,2011,Kharif,Potato,181,1496,8.26519337
Karnataka,BANGALORE RURAL,2011,Kharif,Ragi,42716,100336,2.348909074
Karnataka,BANGALORE RURAL,2011,Kharif,Rice,1460,4836,3.312328767
Karnataka,BANGALORE RURAL,2011,Kharif,Sesamum,24,12,0.5
Karnataka,BANGALORE RURAL,2011,Kharif,Small millets,11,5,0.454545455
Karnataka,BANGALORE RURAL,2011,Kharif,Sunflower,3,1,0.333333333
Karnataka,BANGALORE RURAL,2011,Kharif,Urad,8,3,0.375
Karnataka,BANGALORE RURAL,2011,Rabi,Cowpea(Lobia),22,8,0.363636364
Karnataka,BANGALORE RURAL,2011,Rabi,Dry chillies,39,92,2.358974359
Karnataka,BANGALORE RURAL,2011,Rabi,Gram,305,123,0.403278689
Karnataka,BANGALORE RURAL,2011,Rabi,Groundnut,28,23,0.821428571
Karnataka,BANGALORE RURAL,2011,Rabi,Horse-gram,456,230,0.504385965
Karnataka,BANGALORE RURAL,2011,Rabi,Maize,100,323,3.23
Karnataka,BANGALORE RURAL,2011,Rabi,Onion,42,334,7.952380952
Karnataka,BANGALORE RURAL,2011,Rabi,Other  Rabi pulses,21,20,0.952380952
Karnataka,BANGALORE RURAL,2011,Rabi,Peas & beans (Pulses),98,329,3.357142857
Karnataka,BANGALORE RURAL,2011,Rabi,Potato,912,18141,19.89144737
Karnataka,BANGALORE RURAL,2011,Rabi,Ragi,155,312,2.012903226
Karnataka,BANGALORE RURAL,2011,Rabi,Rapeseed &Mustard,609,237,0.389162562
Karnataka,BANGALORE RURAL,2011,Rabi,Sunflower,5,4,0.8
Karnataka,BANGALORE RURAL,2011,Rabi,Wheat,6,7,1.166666667
Karnataka,BANGALORE RURAL,2011,Summer,Dry chillies,22,77,3.5
Karnataka,BANGALORE RURAL,2011,Summer,Maize,96,327,3.40625
Karnataka,BANGALORE RURAL,2011,Summer,Onion,4,25,6.25
Karnataka,BANGALORE RURAL,2011,Summer,Peas & beans (Pulses),107,1245,11.63551402
Karnataka,BANGALORE RURAL,2011,Summer,Potato,150,2164,14.42666667
Karnataka,BANGALORE RURAL,2011,Summer,Ragi,103,198,1.922330097
Karnataka,BANGALORE RURAL,2011,Summer,Rice,153,521,3.405228758
Karnataka,BANGALORE RURAL,2011,Summer,Sunflower,13,13,1
Karnataka,BANGALORE RURAL,2011,Whole Year,Arecanut,1615,13079,8.098452012
Karnataka,BANGALORE RURAL,2011,Whole Year,Banana,875,31914,36.47314286
Karnataka,BANGALORE RURAL,2011,Whole Year,Cashewnut,16,13,0.8125
Karnataka,BANGALORE RURAL,2011,Whole Year,Coconut,4039,40154,9.941569695
Karnataka,BANGALORE RURAL,2011,Whole Year,Coriander,70,28,0.4
Karnataka,BANGALORE RURAL,2011,Whole Year,Dry ginger,54,171.8,3.181481481
Karnataka,BANGALORE RURAL,2011,Whole Year,Garlic,9,11,1.222222222
Karnataka,BANGALORE RURAL,2011,Whole Year,Sweet potato,10,146,14.6
Karnataka,BANGALORE RURAL,2011,Whole Year,Tapioca,9,95,10.55555556
Karnataka,BANGALORE RURAL,2011,Whole Year,Turmeric,3,15,5
Karnataka,BANGALORE RURAL,2012,Kharif,Arhar/Tur,1197,729,0.609022556
Karnataka,BANGALORE RURAL,2012,Kharif,Bajra,5,5,1
Karnataka,BANGALORE RURAL,2012,Kharif,Castor seed,162,101,0.62345679
Karnataka,BANGALORE RURAL,2012,Kharif,Cowpea(Lobia),747,136,0.18206158
Karnataka,BANGALORE RURAL,2012,Kharif,Dry chillies,260,238,0.915384615
Karnataka,BANGALORE RURAL,2012,Kharif,Groundnut,475,254,0.534736842
Karnataka,BANGALORE RURAL,2012,Kharif,Horse-gram,1224,667,0.544934641
Karnataka,BANGALORE RURAL,2012,Kharif,Maize,10363,33207,3.204380971
Karnataka,BANGALORE RURAL,2012,Kharif,Moong(Green Gram),5,2,0.4
Karnataka,BANGALORE RURAL,2012,Kharif,Niger seed,316,76,0.240506329
Karnataka,BANGALORE RURAL,2012,Kharif,Onion,42,223,5.30952381
Karnataka,BANGALORE RURAL,2012,Kharif,Other Kharif pulses,2805,1799,0.641354724
Karnataka,BANGALORE RURAL,2012,Kharif,Potato,207,1322,6.38647343
Karnataka,BANGALORE RURAL,2012,Kharif,Ragi,39812,92776,2.330352657
Karnataka,BANGALORE RURAL,2012,Kharif,Rapeseed &Mustard,425,165,0.388235294
Karnataka,BANGALORE RURAL,2012,Kharif,Rice,963,2796,2.903426791
Karnataka,BANGALORE RURAL,2012,Kharif,Sesamum,23,7,0.304347826
Karnataka,BANGALORE RURAL,2012,Kharif,Small millets,9,4,0.444444444
Karnataka,BANGALORE RURAL,2012,Kharif,Sunflower,7,4,0.571428571
Karnataka,BANGALORE RURAL,2012,Kharif,Urad,10,5,0.5
Karnataka,BANGALORE RURAL,2012,Rabi,Cowpea(Lobia),36,12,0.333333333
Karnataka,BANGALORE RURAL,2012,Rabi,Gram,39,25,0.641025641
Karnataka,BANGALORE RURAL,2012,Rabi,Groundnut,58,98,1.689655172
Karnataka,BANGALORE RURAL,2012,Rabi,Horse-gram,361,138,0.382271468
Karnataka,BANGALORE RURAL,2012,Rabi,Maize,82,248,3.024390244
Karnataka,BANGALORE RURAL,2012,Rabi,Onion,7,46,6.571428571
Karnataka,BANGALORE RURAL,2012,Rabi,Other  Rabi pulses,57,26,0.456140351
Karnataka,BANGALORE RURAL,2012,Rabi,Potato,497,7366,14.82092555
Karnataka,BANGALORE RURAL,2012,Rabi,Ragi,123,177,1.43902439
Karnataka,BANGALORE RURAL,2012,Rabi,Rice,1,2,2
Karnataka,BANGALORE RURAL,2012,Summer,Cowpea(Lobia),2,1,0.5
Karnataka,BANGALORE RURAL,2012,Summer,Dry chillies,11,31,2.818181818
Karnataka,BANGALORE RURAL,2012,Summer,Maize,66,227,3.439393939
Karnataka,BANGALORE RURAL,2012,Summer,Onion,10,57,5.7
Karnataka,BANGALORE RURAL,2012,Summer,Potato,156,3401,21.80128205
Karnataka,BANGALORE RURAL,2012,Summer,Ragi,91,136,1.494505495
Karnataka,BANGALORE RURAL,2012,Summer,Rice,13,41,3.153846154
Karnataka,BANGALORE RURAL,2012,Summer,Sunflower,1,1,1
Karnataka,BANGALORE RURAL,2012,Whole Year,Arecanut,1380,11076,8.026086957
Karnataka,BANGALORE RURAL,2012,Whole Year,Black pepper,1,3,3
Karnataka,BANGALORE RURAL,2012,Whole Year,Cashewnut,21,17,0.80952381
Karnataka,BANGALORE RURAL,2012,Whole Year,Coconut,3448,33947,9.845417633
Karnataka,BANGALORE RURAL,2012,Whole Year,Coriander,47,19,0.404255319
Karnataka,BANGALORE RURAL,2012,Whole Year,Dry ginger,34,1083,31.85294118
Karnataka,BANGALORE RURAL,2012,Whole Year,Garlic,1,1,1
Karnataka,BANGALORE RURAL,2012,Whole Year,Sugarcane,3,251,83.66666667
Karnataka,BANGALORE RURAL,2012,Whole Year,Sweet potato,13,202,15.53846154
Karnataka,BANGALORE RURAL,2012,Whole Year,Tapioca,2,21,10.5
Karnataka,BANGALORE RURAL,2012,Whole Year,Turmeric,2,9,4.5
Karnataka,BANGALORE RURAL,2013,Kharif,Arhar/Tur,1274,815,0.639717425
Karnataka,BANGALORE RURAL,2013,Kharif,Castor seed,167,149,0.892215569
Karnataka,BANGALORE RURAL,2013,Kharif,Cotton(lint),2,6,3
Karnataka,BANGALORE RURAL,2013,Kharif,Cowpea(Lobia),920,404,0.439130435
Karnataka,BANGALORE RURAL,2013,Kharif,Dry chillies,464,514,1.107758621
Karnataka,BANGALORE RURAL,2013,Kharif,Groundnut,228,103,0.451754386
Karnataka,BANGALORE RURAL,2013,Kharif,Horse-gram,1387,910,0.656092286
Karnataka,BANGALORE RURAL,2013,Kharif,Maize,10622,28931,2.723686688
Karnataka,BANGALORE RURAL,2013,Kharif,Moong(Green Gram),11,3,0.272727273
Karnataka,BANGALORE RURAL,2013,Kharif,Niger seed,404,88,0.217821782
Karnataka,BANGALORE RURAL,2013,Kharif,Onion,30,198,6.6
Karnataka,BANGALORE RURAL,2013,Kharif,Other Kharif pulses,1755,1142,0.650712251
Karnataka,BANGALORE RURAL,2013,Kharif,Potato,959,6309,6.578727842
Karnataka,BANGALORE RURAL,2013,Kharif,Ragi,40329,103750,2.572590444
Karnataka,BANGALORE RURAL,2013,Kharif,Rapeseed &Mustard,554,225,0.406137184
Karnataka,BANGALORE RURAL,2013,Kharif,Rice,685,2197,3.20729927
Karnataka,BANGALORE RURAL,2013,Kharif,Sesamum,15,9,0.6
Karnataka,BANGALORE RURAL,2013,Kharif,Small millets,11,7,0.636363636
Karnataka,BANGALORE RURAL,2013,Kharif,Sunflower,13,8,0.615384615
Karnataka,BANGALORE RURAL,2013,Kharif,Urad,5,2,0.4
Karnataka,BANGALORE RURAL,2013,Rabi,Cowpea(Lobia),16,7,0.4375
Karnataka,BANGALORE RURAL,2013,Rabi,Dry chillies,9,17,1.888888889
Karnataka,BANGALORE RURAL,2013,Rabi,Gram,229,173,0.755458515
Karnataka,BANGALORE RURAL,2013,Rabi,Horse-gram,397,203,0.511335013
Karnataka,BANGALORE RURAL,2013,Rabi,Maize,112,343,3.0625
Karnataka,BANGALORE RURAL,2013,Rabi,Onion,15,105,7
Karnataka,BANGALORE RURAL,2013,Rabi,Other  Rabi pulses,93,74,0.795698925
Karnataka,BANGALORE RURAL,2013,Rabi,Potato,362,5810,16.04972376
Karnataka,BANGALORE RURAL,2013,Rabi,Ragi,177,258,1.457627119
Karnataka,BANGALORE RURAL,2013,Summer,Dry chillies,2,5,2.5
Karnataka,BANGALORE RURAL,2013,Summer,Groundnut,41,37,0.902439024
Karnataka,BANGALORE RURAL,2013,Summer,Maize,78,253,3.243589744
Karnataka,BANGALORE RURAL,2013,Summer,Onion,182,1429,7.851648352
Karnataka,BANGALORE RURAL,2013,Summer,Potato,23,323,14.04347826
Karnataka,BANGALORE RURAL,2013,Summer,Ragi,36,71,1.972222222
Karnataka,BANGALORE RURAL,2013,Summer,Rice,137,463,3.379562044
Karnataka,BANGALORE RURAL,2013,Summer,Sunflower,2,2,1
Karnataka,BANGALORE RURAL,2013,Whole Year,Arecanut,1695,18880,11.13864307
Karnataka,BANGALORE RURAL,2013,Whole Year,Black pepper,1,2,2
Karnataka,BANGALORE RURAL,2013,Whole Year,Cashewnut,23,21,0.913043478
Karnataka,BANGALORE RURAL,2013,Whole Year,Coconut,2782,22072,7.933860532
Karnataka,BANGALORE RURAL,2013,Whole Year,Coriander,40,12,0.3
Karnataka,BANGALORE RURAL,2013,Whole Year,Dry ginger,9,249,27.66666667
Karnataka,BANGALORE RURAL,2013,Whole Year,Garlic,1,1,1
Karnataka,BANGALORE RURAL,2013,Whole Year,Sugarcane,1,89,89
Karnataka,BANGALORE RURAL,2013,Whole Year,Sweet potato,18,264,14.66666667
Karnataka,BANGALORE RURAL,2013,Whole Year,Tapioca,4,35,8.75
Karnataka,BANGALORE RURAL,2013,Whole Year,Tobacco,48,39,0.8125
Karnataka,BANGALORE RURAL,2013,Whole Year,Turmeric,1,5,5
Karnataka,BANGALORE RURAL,2014,Kharif,Arhar/Tur,1554,1736,1.117117117
Karnataka,BANGALORE RURAL,2014,Kharif,Castor seed,233,142,0.60944206
Karnataka,BANGALORE RURAL,2014,Kharif,Cowpea(Lobia),591,881,1.490693739
Karnataka,BANGALORE RURAL,2014,Kharif,Dry chillies,366,414,1.131147541
Karnataka,BANGALORE RURAL,2014,Kharif,Groundnut,275,155,0.563636364
Karnataka,BANGALORE RURAL,2014,Kharif,Horse-gram,1223,754,0.616516762
Karnataka,BANGALORE RURAL,2014,Kharif,Maize,14334,44066,3.074229106
Karnataka,BANGALORE RURAL,2014,Kharif,Moong(Green Gram),7,1,0.142857143
Karnataka,BANGALORE RURAL,2014,Kharif,Niger seed,208,55,0.264423077
Karnataka,BANGALORE RURAL,2014,Kharif,Onion,69,354,5.130434783
Karnataka,BANGALORE RURAL,2014,Kharif,Other Kharif pulses,1825,2677,1.466849315
Karnataka,BANGALORE RURAL,2014,Kharif,Potato,439,2702,6.154897494
Karnataka,BANGALORE RURAL,2014,Kharif,Ragi,35844,91940,2.565003906
Karnataka,BANGALORE RURAL,2014,Kharif,Rapeseed &Mustard,311,52,0.167202572
Karnataka,BANGALORE RURAL,2014,Kharif,Rice,598,2093,3.5
Karnataka,BANGALORE RURAL,2014,Kharif,Sesamum,8,4,0.5
Karnataka,BANGALORE RURAL,2014,Kharif,Small millets,17,11,0.647058824
Karnataka,BANGALORE RURAL,2014,Kharif,Sunflower,18,10,0.555555556
Karnataka,BANGALORE RURAL,2014,Kharif,Urad,3,1,0.333333333
Karnataka,BANGALORE RURAL,2014,Rabi,Cowpea(Lobia),29,11,0.379310345
Karnataka,BANGALORE RURAL,2014,Rabi,Dry chillies,24,45,1.875
Karnataka,BANGALORE RURAL,2014,Rabi,Gram,270,194,0.718518519
Karnataka,BANGALORE RURAL,2014,Rabi,Horse-gram,452,222,0.491150442
Karnataka,BANGALORE RURAL,2014,Rabi,Maize,127,429,3.377952756
Karnataka,BANGALORE RURAL,2014,Rabi,Onion,11,73,6.636363636
Karnataka,BANGALORE RURAL,2014,Rabi,Other  Rabi pulses,33,25,0.757575758
Karnataka,BANGALORE RURAL,2014,Rabi,Potato,356,6630,18.62359551
Karnataka,BANGALORE RURAL,2014,Rabi,Ragi,76,123,1.618421053
Karnataka,BANGALORE RURAL,2014,Rabi,Sunflower,1,1,1
Karnataka,BANGALORE RURAL,2014,Summer,Cowpea(Lobia),1,,
Karnataka,BANGALORE RURAL,2014,Summer,Dry chillies,9,17,1.888888889
Karnataka,BANGALORE RURAL,2014,Summer,Groundnut,23,20,0.869565217
Karnataka,BANGALORE RURAL,2014,Summer,Maize,99,323,3.262626263
Karnataka,BANGALORE RURAL,2014,Summer,Onion,6,29,4.833333333
Karnataka,BANGALORE RURAL,2014,Summer,Potato,65,891,13.70769231
Karnataka,BANGALORE RURAL,2014,Summer,Ragi,42,75,1.785714286
Karnataka,BANGALORE RURAL,2014,Summer,Rice,49,150,3.06122449
Karnataka,BANGALORE RURAL,2014,Summer,Sunflower,1,1,1
Karnataka,BANGALORE RURAL,2014,Whole Year,Arecanut,1519,14055,9.252797893
Karnataka,BANGALORE RURAL,2014,Whole Year,Black pepper,1,6,6
Karnataka,BANGALORE RURAL,2014,Whole Year,Cashewnut,24,18,0.75
Karnataka,BANGALORE RURAL,2014,Whole Year,Coconut,2255,20123,8.923725055
Karnataka,BANGALORE RURAL,2014,Whole Year,Coriander,37,13,0.351351351
Karnataka,BANGALORE RURAL,2014,Whole Year,Dry ginger,11,320,29.09090909
Karnataka,BANGALORE RURAL,2014,Whole Year,Garlic,3,3,1
Karnataka,BANGALORE RURAL,2014,Whole Year,Sweet potato,19,322,16.94736842
Karnataka,BANGALORE RURAL,2014,Whole Year,Tapioca,6,54,9
Karnataka,BANGALORE RURAL,2014,Whole Year,Turmeric,1,6,6
Karnataka,BELGAUM,1997,Kharif,Arhar/Tur,11268,1820,0.161519347
Karnataka,BELGAUM,1997,Kharif,Bajra,34917,5666,0.162270527
Karnataka,BELGAUM,1997,Kharif,Dry chillies,8266,12837,1.552988144
Karnataka,BELGAUM,1997,Kharif,Groundnut,75288,58174,0.772686218
Karnataka,BELGAUM,1997,Kharif,Horse-gram,10520,3578,0.340114068
Karnataka,BELGAUM,1997,Kharif,Jowar,52232,64259,1.230261143
Karnataka,BELGAUM,1997,Kharif,Maize,58549,181319,3.096876121
Karnataka,BELGAUM,1997,Kharif,Paddy,63734,137452,2.156651081
Karnataka,BELGAUM,1997,Kharif,Ragi,2501,2525,1.009596162
Karnataka,BELGAUM,1997,Kharif,Rice,63734,91677,1.438431606
Karnataka,BELGAUM,1997,Rabi,Dry chillies,579,324,0.559585492
Karnataka,BELGAUM,1997,Rabi,Groundnut,6733,5565,0.826526066
Karnataka,BELGAUM,1997,Rabi,Horse-gram,2833,964,0.340275327
Karnataka,BELGAUM,1997,Rabi,Jowar,140805,63996,0.454500906
Karnataka,BELGAUM,1997,Rabi,Maize,26432,50103,1.895543281
Karnataka,BELGAUM,1997,Rabi,Wheat,55130,41220,0.747687285
Karnataka,BELGAUM,1997,Summer,Jowar,338,834,2.467455621
Karnataka,BELGAUM,1997,Summer,Maize,3484,6721,1.929104478
Karnataka,BELGAUM,1997,Summer,Paddy,40,171,4.275
Karnataka,BELGAUM,1997,Summer,Rice,40,114,2.85
Karnataka,BELGAUM,1997,Whole Year,Coriander,215,26,0.120930233
Karnataka,BELGAUM,1997,Whole Year,Garlic,765,915,1.196078431
Karnataka,BELGAUM,1997,Whole Year,Sugarcane,125173,11177949,89.3000008
Karnataka,BELGAUM,1997,Whole Year,Turmeric,818,4496,5.496332518
Karnataka,BELGAUM,1998,Kharif,Arhar/Tur,8602,3645,0.423738665
Karnataka,BELGAUM,1998,Kharif,Bajra,30894,8901,0.288114197
Karnataka,BELGAUM,1998,Kharif,Castor seed,323,276,0.854489164
Karnataka,BELGAUM,1998,Kharif,Cotton(lint),65829,98969,1.503425542
Karnataka,BELGAUM,1998,Kharif,Groundnut,81367,68291,0.839296029
Karnataka,BELGAUM,1998,Kharif,Horse-gram,12026,3782,0.314485282
Karnataka,BELGAUM,1998,Kharif,Jowar,58038,92470,1.593266481
Karnataka,BELGAUM,1998,Kharif,Maize,75232,239651,3.185492875
Karnataka,BELGAUM,1998,Kharif,Moong(Green Gram),22776,6708,0.294520548
Karnataka,BELGAUM,1998,Kharif,Niger seed,715,164,0.229370629
Karnataka,BELGAUM,1998,Kharif,Onion,1766,4339,2.456964892
Karnataka,BELGAUM,1998,Kharif,Peas & beans (Pulses),31,284,9.161290323
Karnataka,BELGAUM,1998,Kharif,Potato,5205,62689,12.04399616
Karnataka,BELGAUM,1998,Kharif,Ragi,2625,2325,0.885714286
Karnataka,BELGAUM,1998,Kharif,Rapeseed &Mustard,627,87,0.138755981
Karnataka,BELGAUM,1998,Kharif,Rice,62701,114050,1.818950256
Karnataka,BELGAUM,1998,Kharif,Sesamum,889,360,0.404949381
Karnataka,BELGAUM,1998,Kharif,Soyabean,53052,58866,1.10959059
Karnataka,BELGAUM,1998,Kharif,Sunflower,15407,5647,0.366521711
Karnataka,BELGAUM,1998,Rabi,Gram,24199,17873,0.738584239
Karnataka,BELGAUM,1998,Rabi,Groundnut,4653,5313,1.141843972
Karnataka,BELGAUM,1998,Rabi,Horse-gram,2244,420,0.187165775
Karnataka,BELGAUM,1998,Rabi,Jowar,134018,119907,0.894708174
Karnataka,BELGAUM,1998,Rabi,Linseed,2707,967,0.357222017
Karnataka,BELGAUM,1998,Rabi,Maize,30633,58696,1.916103548
Karnataka,BELGAUM,1998,Rabi,Moong(Green Gram),208,93,0.447115385
Karnataka,BELGAUM,1998,Rabi,Onion,872,7279,8.347477064
Karnataka,BELGAUM,1998,Rabi,Potato,58,1112,19.17241379
Karnataka,BELGAUM,1998,Rabi,Safflower,6427,2930,0.455889217
Karnataka,BELGAUM,1998,Rabi,Sunflower,11420,4536,0.397197898
Karnataka,BELGAUM,1998,Rabi,Wheat,54399,61350,1.127778084
Karnataka,BELGAUM,1998,Summer,Jowar,434,727,1.675115207
Karnataka,BELGAUM,1998,Summer,Maize,3505,8044,2.295007133
Karnataka,BELGAUM,1998,Summer,Onion,646,5240,8.111455108
Karnataka,BELGAUM,1998,Summer,Potato,56,622,11.10714286
Karnataka,BELGAUM,1998,Summer,Rice,30,97,3.233333333
Karnataka,BELGAUM,1998,Summer,Sunflower,1203,675,0.561097257
Karnataka,BELGAUM,1998,Whole Year,Coconut,207,890,4.299516908
Karnataka,BELGAUM,1998,Whole Year,Coriander,465,55,0.11827957
Karnataka,BELGAUM,1998,Whole Year,Dry chillies,10884,6945,0.638092613
Karnataka,BELGAUM,1998,Whole Year,Garlic,768,918,1.1953125
Karnataka,BELGAUM,1998,Whole Year,Turmeric,1222,5135,4.20212766
Karnataka,BELGAUM,1999,Kharif,Arhar/Tur,8564,4491,0.524404484
Karnataka,BELGAUM,1999,Kharif,Bajra,40295,14078,0.349373371
Karnataka,BELGAUM,1999,Kharif,Castor seed,373,288,0.772117962
Karnataka,BELGAUM,1999,Kharif,Cotton(lint),49070,86693,1.766721011
Karnataka,BELGAUM,1999,Kharif,Groundnut,82825,68877,0.83159674
Karnataka,BELGAUM,1999,Kharif,Horse-gram,12127,4263,0.351529645
Karnataka,BELGAUM,1999,Kharif,Jowar,54339,84930,1.562965826
Karnataka,BELGAUM,1999,Kharif,Maize,77884,224182,2.878408916
Karnataka,BELGAUM,1999,Kharif,Mesta,9,19,2.111111111
Karnataka,BELGAUM,1999,Kharif,Moong(Green Gram),25874,6022,0.232743294
Karnataka,BELGAUM,1999,Kharif,Niger seed,658,151,0.229483283
Karnataka,BELGAUM,1999,Kharif,Other Kharif pulses,6836,2125,0.310854301
Karnataka,BELGAUM,1999,Kharif,Ragi,2296,1509,0.657229965
Karnataka,BELGAUM,1999,Kharif,Rice,63427,119657,1.886530973
Karnataka,BELGAUM,1999,Kharif,Sesamum,1096,536,0.489051095
Karnataka,BELGAUM,1999,Kharif,Small millets,4163,2300,0.552486188
Karnataka,BELGAUM,1999,Kharif,Soyabean,54298,50087,0.922446499
Karnataka,BELGAUM,1999,Kharif,Sunflower,11354,5567,0.490311784
Karnataka,BELGAUM,1999,Kharif,Urad,1887,613,0.324854266
Karnataka,BELGAUM,1999,Rabi,Gram,26089,21028,0.806010196
Karnataka,BELGAUM,1999,Rabi,Groundnut,6238,5855,0.938602116
Karnataka,BELGAUM,1999,Rabi,Horse-gram,3675,779,0.211972789
Karnataka,BELGAUM,1999,Rabi,Jowar,141961,115177,0.811328463
Karnataka,BELGAUM,1999,Rabi,Linseed,2341,681,0.290901324
Karnataka,BELGAUM,1999,Rabi,Maize,35256,77615,2.201469253
Karnataka,BELGAUM,1999,Rabi,Moong(Green Gram),148,37,0.25
Karnataka,BELGAUM,1999,Rabi,Other  Rabi pulses,3467,479,0.138159792
Karnataka,BELGAUM,1999,Rabi,Rapeseed &Mustard,382,53,0.138743455
Karnataka,BELGAUM,1999,Rabi,Safflower,6584,3116,0.47326853
Karnataka,BELGAUM,1999,Rabi,Sunflower,9113,3484,0.382310984
Karnataka,BELGAUM,1999,Rabi,Wheat,54433,65485,1.203038598
Karnataka,BELGAUM,1999,Summer,Jowar,294,327,1.112244898
Karnataka,BELGAUM,1999,Summer,Maize,4068,7244,1.78072763
Karnataka,BELGAUM,1999,Summer,Rice,23,32,1.391304348
Karnataka,BELGAUM,1999,Summer,Sunflower,831,468,0.563176895
Karnataka,BELGAUM,1999,Whole Year,Banana,1455,30167,20.73333333
Karnataka,BELGAUM,1999,Whole Year,Coconut,252,1087,4.313492063
Karnataka,BELGAUM,1999,Whole Year,Coriander,488,58,0.118852459
Karnataka,BELGAUM,1999,Whole Year,Dry chillies,10210,16631,1.628893242
Karnataka,BELGAUM,1999,Whole Year,Garlic,791,946,1.195954488
Karnataka,BELGAUM,1999,Whole Year,Onion,3905,27015,6.918053777
Karnataka,BELGAUM,1999,Whole Year,Potato,6100,71181,11.66901639
Karnataka,BELGAUM,1999,Whole Year,Sugarcane,140512,13081667,93.09999858
Karnataka,BELGAUM,1999,Whole Year,Sweet potato,1488,14105,9.479166667
Karnataka,BELGAUM,1999,Whole Year,Tobacco,25208,19422,0.770469692
Karnataka,BELGAUM,1999,Whole Year,Turmeric,1945,6026,3.098200514
Karnataka,BELGAUM,2000,Kharif,Arhar/Tur,10227,3818,0.373325511
Karnataka,BELGAUM,2000,Kharif,Bajra,42290,18187,0.430054386
Karnataka,BELGAUM,2000,Kharif,Castor seed,1066,1365,1.280487805
Karnataka,BELGAUM,2000,Kharif,Cotton(lint),49186,94627,1.923860448
Karnataka,BELGAUM,2000,Kharif,Groundnut,80929,77319,0.955392999
Karnataka,BELGAUM,2000,Kharif,Horse-gram,12063,4870,0.403713836
Karnataka,BELGAUM,2000,Kharif,Jowar,49393,64478,1.305407649
Karnataka,BELGAUM,2000,Kharif,Maize,83042,216060,2.601815949
Karnataka,BELGAUM,2000,Kharif,Mesta,21,45,2.142857143
Karnataka,BELGAUM,2000,Kharif,Moong(Green Gram),29246,7335,0.250803529
Karnataka,BELGAUM,2000,Kharif,Niger seed,482,111,0.230290456
Karnataka,BELGAUM,2000,Kharif,Other Kharif pulses,10123,3237,0.319766868
Karnataka,BELGAUM,2000,Kharif,Ragi,2278,3103,1.362159789
Karnataka,BELGAUM,2000,Kharif,Rice,63810,105237,1.64922426
Karnataka,BELGAUM,2000,Kharif,Sesamum,1359,558,0.410596026
Karnataka,BELGAUM,2000,Kharif,Small millets,4637,2825,0.609230106
Karnataka,BELGAUM,2000,Kharif,Soyabean,52760,56888,1.078241092
Karnataka,BELGAUM,2000,Kharif,Sunflower,8355,4971,0.59497307
Karnataka,BELGAUM,2000,Kharif,Urad,2422,936,0.386457473
Karnataka,BELGAUM,2000,Rabi,Gram,34072,18483,0.542468889
Karnataka,BELGAUM,2000,Rabi,Groundnut,5658,6869,1.214033227
Karnataka,BELGAUM,2000,Rabi,Horse-gram,1752,561,0.320205479
Karnataka,BELGAUM,2000,Rabi,Jowar,141552,97376,0.687916808
Karnataka,BELGAUM,2000,Rabi,Linseed,2454,727,0.296251019
Karnataka,BELGAUM,2000,Rabi,Maize,27118,61570,2.270447673
Karnataka,BELGAUM,2000,Rabi,Moong(Green Gram),178,48,0.269662921
Karnataka,BELGAUM,2000,Rabi,Other  Rabi pulses,1421,197,0.138634764
Karnataka,BELGAUM,2000,Rabi,Rapeseed &Mustard,766,106,0.138381201
Karnataka,BELGAUM,2000,Rabi,Safflower,7250,3810,0.525517241
Karnataka,BELGAUM,2000,Rabi,Sunflower,5740,3077,0.536062718
Karnataka,BELGAUM,2000,Rabi,Wheat,56775,72493,1.276847204
Karnataka,BELGAUM,2000,Summer,Jowar,308,625,2.029220779
Karnataka,BELGAUM,2000,Summer,Maize,3073,8350,2.717214448
Karnataka,BELGAUM,2000,Summer,Sunflower,440,315,0.715909091
Karnataka,BELGAUM,2000,Whole Year,Banana,1466,30141,20.56002729
Karnataka,BELGAUM,2000,Whole Year,Coconut,183,789,4.31147541
Karnataka,BELGAUM,2000,Whole Year,Coriander,389,46,0.118251928
Karnataka,BELGAUM,2000,Whole Year,Dry chillies,8341,10222,1.225512528
Karnataka,BELGAUM,2000,Whole Year,Garlic,558,667,1.195340502
Karnataka,BELGAUM,2000,Whole Year,Onion,2452,7783,3.174143556
Karnataka,BELGAUM,2000,Whole Year,Potato,5958,59905,10.05454851
Karnataka,BELGAUM,2000,Whole Year,Sannhamp,1071,266,0.248366013
Karnataka,BELGAUM,2000,Whole Year,Sugarcane,174706,17924836,102.6000023
Karnataka,BELGAUM,2000,Whole Year,Sweet potato,1535,14551,9.479478827
Karnataka,BELGAUM,2000,Whole Year,Tobacco,26319,27328,1.038337323
Karnataka,BELGAUM,2000,Whole Year,Turmeric,3079,11469,3.724910685
Karnataka,BELGAUM,2001,Kharif,Arhar/Tur,3813,779,0.204301075
Karnataka,BELGAUM,2001,Kharif,Bajra,11314,3171,0.280272229
Karnataka,BELGAUM,2001,Kharif,Castor seed,347,257,0.740634006
Karnataka,BELGAUM,2001,Kharif,Cotton(lint),40767,50651,1.242451002
Karnataka,BELGAUM,2001,Kharif,Groundnut,61100,44963,0.73589198
Karnataka,BELGAUM,2001,Kharif,Horse-gram,5404,1838,0.340118431
Karnataka,BELGAUM,2001,Kharif,Jowar,33844,40781,1.204969862
Karnataka,BELGAUM,2001,Kharif,Maize,64163,130967,2.041160794
Karnataka,BELGAUM,2001,Kharif,Mesta,22,47,2.136363636
Karnataka,BELGAUM,2001,Kharif,Moong(Green Gram),14510,3322,0.228945555
Karnataka,BELGAUM,2001,Kharif,Niger seed,456,105,0.230263158
Karnataka,BELGAUM,2001,Kharif,Other Kharif pulses,4072,1272,0.31237721
Karnataka,BELGAUM,2001,Kharif,Ragi,1995,1911,0.957894737
Karnataka,BELGAUM,2001,Kharif,Rice,63662,56350,0.885143414
Karnataka,BELGAUM,2001,Kharif,Sesamum,789,292,0.37008872
Karnataka,BELGAUM,2001,Kharif,Small millets,4488,2873,0.640151515
Karnataka,BELGAUM,2001,Kharif,Soyabean,42588,35846,0.841692496
Karnataka,BELGAUM,2001,Kharif,Sunflower,3201,2501,0.781318338
Karnataka,BELGAUM,2001,Kharif,Urad,2727,1008,0.369636964
Karnataka,BELGAUM,2001,Rabi,Gram,31986,11149,0.348558744
Karnataka,BELGAUM,2001,Rabi,Horse-gram,1768,349,0.19739819
Karnataka,BELGAUM,2001,Rabi,Jowar,151389,78309,0.517270079
Karnataka,BELGAUM,2001,Rabi,Linseed,2524,571,0.226228209
Karnataka,BELGAUM,2001,Rabi,Maize,32666,71660,2.193718239
Karnataka,BELGAUM,2001,Rabi,Moong(Green Gram),20,6,0.3
Karnataka,BELGAUM,2001,Rabi,Other  Rabi pulses,1356,186,0.137168142
Karnataka,BELGAUM,2001,Rabi,Rapeseed &Mustard,497,69,0.138832998
Karnataka,BELGAUM,2001,Rabi,Safflower,4700,2694,0.573191489
Karnataka,BELGAUM,2001,Rabi,Sunflower,5687,3052,0.536662564
Karnataka,BELGAUM,2001,Rabi,Wheat,45645,49750,1.08993318
Karnataka,BELGAUM,2001,Summer,Jowar,84,165,1.964285714
Karnataka,BELGAUM,2001,Summer,Maize,2299,5225,2.272727273
Karnataka,BELGAUM,2001,Summer,Rice,77,197,2.558441558
Karnataka,BELGAUM,2001,Summer,Sunflower,771,630,0.817120623
Karnataka,BELGAUM,2001,Whole Year,Coconut,200,861,4.305
Karnataka,BELGAUM,2001,Whole Year,Coriander,184,22,0.119565217
Karnataka,BELGAUM,2001,Whole Year,Dry chillies,6918,6618,0.956634866
Karnataka,BELGAUM,2001,Whole Year,Onion,1656,11635,7.025966184
Karnataka,BELGAUM,2001,Whole Year,Peas & beans (Pulses),43,264,6.139534884
Karnataka,BELGAUM,2001,Whole Year,Potato,5228,63008,12.05202754
Karnataka,BELGAUM,2001,Whole Year,Sannhamp,2117,526,0.248464809
Karnataka,BELGAUM,2001,Whole Year,Sugarcane,156043,10969823,70.30000064
Karnataka,BELGAUM,2001,Whole Year,Turmeric,1847,8293,4.489983757
Karnataka,BELGAUM,2002,Kharif,Arhar/Tur,5200,1245,0.239423077
Karnataka,BELGAUM,2002,Kharif,Bajra,20990,2820,0.13434969
Karnataka,BELGAUM,2002,Kharif,Castor seed,295,139,0.471186441
Karnataka,BELGAUM,2002,Kharif,Cotton(lint),29028,31313,1.078717101
Karnataka,BELGAUM,2002,Kharif,Groundnut,63506,38702,0.609422732
Karnataka,BELGAUM,2002,Kharif,Horse-gram,6345,2001,0.31536643
Karnataka,BELGAUM,2002,Kharif,Jowar,42061,57637,1.370319298
Karnataka,BELGAUM,2002,Kharif,Maize,66243,131002,1.977597633
Karnataka,BELGAUM,2002,Kharif,Mesta,6,13,2.166666667
Karnataka,BELGAUM,2002,Kharif,Moong(Green Gram),32037,1217,0.037987327
Karnataka,BELGAUM,2002,Kharif,Niger seed,1060,243,0.229245283
Karnataka,BELGAUM,2002,Kharif,Other Kharif pulses,5256,1600,0.304414003
Karnataka,BELGAUM,2002,Kharif,Ragi,1965,1133,0.576590331
Karnataka,BELGAUM,2002,Kharif,Rice,65854,37874,0.575120722
Karnataka,BELGAUM,2002,Kharif,Sesamum,889,343,0.385826772
Karnataka,BELGAUM,2002,Kharif,Small millets,5915,4818,0.814539307
Karnataka,BELGAUM,2002,Kharif,Soyabean,49707,42830,0.861649265
Karnataka,BELGAUM,2002,Kharif,Sunflower,9632,4590,0.476536545
Karnataka,BELGAUM,2002,Kharif,Urad,1815,202,0.111294766
Karnataka,BELGAUM,2002,Rabi,Gram,36190,13161,0.363663996
Karnataka,BELGAUM,2002,Rabi,Groundnut,3889,3735,0.960401131
Karnataka,BELGAUM,2002,Rabi,Horse-gram,2452,974,0.397226754
Karnataka,BELGAUM,2002,Rabi,Jowar,156042,67765,0.434274106
Karnataka,BELGAUM,2002,Rabi,Linseed,2329,436,0.187204809
Karnataka,BELGAUM,2002,Rabi,Maize,24130,53723,2.226398674
Karnataka,BELGAUM,2002,Rabi,Moong(Green Gram),49,9,0.183673469
Karnataka,BELGAUM,2002,Rabi,Other  Rabi pulses,1346,185,0.137444279
Karnataka,BELGAUM,2002,Rabi,Rapeseed &Mustard,457,63,0.13785558
Karnataka,BELGAUM,2002,Rabi,Safflower,6401,3492,0.545539759
Karnataka,BELGAUM,2002,Rabi,Sunflower,10272,4330,0.421534268
Karnataka,BELGAUM,2002,Rabi,Wheat,52297,38113,0.728779854
Karnataka,BELGAUM,2002,Summer,Jowar,43,71,1.651162791
Karnataka,BELGAUM,2002,Summer,Maize,1851,4023,2.173419773
Karnataka,BELGAUM,2002,Summer,Rice,151,405,2.682119205
Karnataka,BELGAUM,2002,Summer,Sunflower,769,468,0.608582575
Karnataka,BELGAUM,2002,Whole Year,Banana,1198,17373,14.50166945
Karnataka,BELGAUM,2002,Whole Year,Beans & Mutter(Vegetable),99,626,6.323232323
Karnataka,BELGAUM,2002,Whole Year,Brinjal,1549,8744,5.644932214
Karnataka,BELGAUM,2002,Whole Year,Cashewnut Processed,421,46,0.109263658
Karnataka,BELGAUM,2002,Whole Year,Cashewnut Raw,421,180,0.427553444
Karnataka,BELGAUM,2002,Whole Year,Citrus Fruit,74,394,5.324324324
Karnataka,BELGAUM,2002,Whole Year,Coconut,216,930,4.305555556
Karnataka,BELGAUM,2002,Whole Year,Coriander,274,33,0.120437956
Karnataka,BELGAUM,2002,Whole Year,Dry chillies,8543,6498,0.760622732
Karnataka,BELGAUM,2002,Whole Year,Garlic,531,635,1.195856874
Karnataka,BELGAUM,2002,Whole Year,Grapes,536,11355,21.18470149
Karnataka,BELGAUM,2002,Whole Year,Mango,728,1178,1.618131868
Karnataka,BELGAUM,2002,Whole Year,Onion,5551,13647,2.45847595
Karnataka,BELGAUM,2002,Whole Year,Other Fresh Fruits,172,635,3.691860465
Karnataka,BELGAUM,2002,Whole Year,Papaya,41,101,2.463414634
Karnataka,BELGAUM,2002,Whole Year,Pome Fruit,91,557,6.120879121
Karnataka,BELGAUM,2002,Whole Year,Potato,4513,36267,8.036117882
Karnataka,BELGAUM,2002,Whole Year,Sugarcane,145133,10892232,75.05000241
Karnataka,BELGAUM,2002,Whole Year,Sweet potato,1812,17176,9.479028698
Karnataka,BELGAUM,2002,Whole Year,Tobacco,22278,22984,1.031690457
Karnataka,BELGAUM,2002,Whole Year,Tomato,1301,8967,6.892390469
Karnataka,BELGAUM,2002,Whole Year,Turmeric,1141,3971,3.480280456
Karnataka,BELGAUM,2003,Kharif,Arhar/Tur,2346,283,0.120630861
Karnataka,BELGAUM,2003,Kharif,Bajra,5925,1062,0.179240506
Karnataka,BELGAUM,2003,Kharif,Castor seed,121,109,0.900826446
Karnataka,BELGAUM,2003,Kharif,Cotton(lint),18749,13700,0.730705638
Karnataka,BELGAUM,2003,Kharif,Groundnut,47753,31569,0.661089356
Karnataka,BELGAUM,2003,Kharif,Horse-gram,2557,445,0.174032069
Karnataka,BELGAUM,2003,Kharif,Jowar,32556,29673,0.911444895
Karnataka,BELGAUM,2003,Kharif,Maize,41927,104882,2.501538388
Karnataka,BELGAUM,2003,Kharif,Mesta,7,15,2.142857143
Karnataka,BELGAUM,2003,Kharif,Moong(Green Gram),4595,223,0.048531012
Karnataka,BELGAUM,2003,Kharif,Niger seed,512,118,0.23046875
Karnataka,BELGAUM,2003,Kharif,Other Kharif pulses,1768,527,0.298076923
Karnataka,BELGAUM,2003,Kharif,Ragi,2024,1591,0.786067194
Karnataka,BELGAUM,2003,Kharif,Rice,68016,48851,0.718228064
Karnataka,BELGAUM,2003,Kharif,Sesamum,329,145,0.440729483
Karnataka,BELGAUM,2003,Kharif,Small millets,4965,2019,0.406646526
Karnataka,BELGAUM,2003,Kharif,Soyabean,62203,27124,0.436056139
Karnataka,BELGAUM,2003,Kharif,Sunflower,6917,5032,0.727483013
Karnataka,BELGAUM,2003,Kharif,Urad,1064,237,0.222744361
Karnataka,BELGAUM,2003,Rabi,Gram,51985,9214,0.177243436
Karnataka,BELGAUM,2003,Rabi,Groundnut,4885,6469,1.324257932
Karnataka,BELGAUM,2003,Rabi,Horse-gram,1901,112,0.05891636
Karnataka,BELGAUM,2003,Rabi,Jowar,209400,24453,0.116776504
Karnataka,BELGAUM,2003,Rabi,Linseed,1897,373,0.196626252
Karnataka,BELGAUM,2003,Rabi,Maize,29555,50205,1.698697344
Karnataka,BELGAUM,2003,Rabi,Moong(Green Gram),36,11,0.305555556
Karnataka,BELGAUM,2003,Rabi,Other  Rabi pulses,819,113,0.137973138
Karnataka,BELGAUM,2003,Rabi,Rapeseed &Mustard,205,28,0.136585366
Karnataka,BELGAUM,2003,Rabi,Safflower,10361,2699,0.260496091
Karnataka,BELGAUM,2003,Rabi,Sunflower,22349,8675,0.388160544
Karnataka,BELGAUM,2003,Rabi,Wheat,51451,32005,0.622048162
Karnataka,BELGAUM,2003,Summer,Jowar,118,314,2.661016949
Karnataka,BELGAUM,2003,Summer,Maize,1440,3589,2.492361111
Karnataka,BELGAUM,2003,Summer,Rice,111,430,3.873873874
Karnataka,BELGAUM,2003,Summer,Sunflower,1507,796,0.528201725
Karnataka,BELGAUM,2003,Whole Year,Arecanut,2,3,1.5
Karnataka,BELGAUM,2003,Whole Year,Banana,662,14299,21.59969789
Karnataka,BELGAUM,2003,Whole Year,Beans & Mutter(Vegetable),800,5124,6.405
Karnataka,BELGAUM,2003,Whole Year,Brinjal,777,2951,3.797940798
Karnataka,BELGAUM,2003,Whole Year,Citrus Fruit,75,1186,15.81333333
Karnataka,BELGAUM,2003,Whole Year,Coconut,584,2516,4.308219178
Karnataka,BELGAUM,2003,Whole Year,Coriander,278,33,0.118705036
Karnataka,BELGAUM,2003,Whole Year,Dry chillies,2487,1632,0.656212304
Karnataka,BELGAUM,2003,Whole Year,Garlic,285,341,1.196491228
Karnataka,BELGAUM,2003,Whole Year,Grapes,736,18474,25.10054348
Karnataka,BELGAUM,2003,Whole Year,Mango,484,575,1.188016529
Karnataka,BELGAUM,2003,Whole Year,Onion,3778,8693,2.300952885
Karnataka,BELGAUM,2003,Whole Year,Other Fresh Fruits,190,71,0.373684211
Karnataka,BELGAUM,2003,Whole Year,Pome Fruit,72,398,5.527777778
Karnataka,BELGAUM,2003,Whole Year,Potato,5152,49716,9.64984472
Karnataka,BELGAUM,2003,Whole Year,Sugarcane,105237,4898782,46.54999667
Karnataka,BELGAUM,2003,Whole Year,Sweet potato,2020,19148,9.479207921
Karnataka,BELGAUM,2003,Whole Year,Tobacco,24760,17053,0.688731826
Karnataka,BELGAUM,2003,Whole Year,Tomato,1503,7058,4.69594145
Karnataka,BELGAUM,2003,Whole Year,Turmeric,919,3002,3.266594124
Karnataka,BELGAUM,2004,Kharif,Arhar/Tur,5517,1730,0.313576219
Karnataka,BELGAUM,2004,Kharif,Bajra,40727,20505,0.503474354
Karnataka,BELGAUM,2004,Kharif,Castor seed,205,178,0.868292683
Karnataka,BELGAUM,2004,Kharif,Cotton(lint),37659,62440,1.658036592
Karnataka,BELGAUM,2004,Kharif,Groundnut,71840,39503,0.549874722
Karnataka,BELGAUM,2004,Kharif,Horse-gram,5678,3382,0.595632265
Karnataka,BELGAUM,2004,Kharif,Jowar,54078,82103,1.518232923
Karnataka,BELGAUM,2004,Kharif,Maize,94006,298137,3.171467779
Karnataka,BELGAUM,2004,Kharif,Mesta,9,19,2.111111111
Karnataka,BELGAUM,2004,Kharif,Moong(Green Gram),46538,4112,0.088357901
Karnataka,BELGAUM,2004,Kharif,Niger seed,755,173,0.229139073
Karnataka,BELGAUM,2004,Kharif,Other Kharif pulses,8575,2401,0.28
Karnataka,BELGAUM,2004,Kharif,Ragi,1960,2267,1.156632653
Karnataka,BELGAUM,2004,Kharif,Rice,71198,114984.77,1.615
Karnataka,BELGAUM,2004,Kharif,Sesamum,588,317,0.539115646
Karnataka,BELGAUM,2004,Kharif,Small millets,5799,3490,0.601827901
Karnataka,BELGAUM,2004,Kharif,Soyabean,97168,59447,0.611796065
Karnataka,BELGAUM,2004,Kharif,Sunflower,33145,23695,0.714889124
Karnataka,BELGAUM,2004,Kharif,Urad,3611,748,0.207144835
Karnataka,BELGAUM,2004,Rabi,Gram,41421,20354,0.491393255
Karnataka,BELGAUM,2004,Rabi,Groundnut,7693,7981,1.037436631
Karnataka,BELGAUM,2004,Rabi,Horse-gram,2539,902,0.355257976
Karnataka,BELGAUM,2004,Rabi,Jowar,171452,113414,0.661491263
Karnataka,BELGAUM,2004,Rabi,Linseed,1750,318,0.181714286
Karnataka,BELGAUM,2004,Rabi,Maize,25755,79447,3.084721413
Karnataka,BELGAUM,2004,Rabi,Moong(Green Gram),94,23,0.244680851
Karnataka,BELGAUM,2004,Rabi,Other  Rabi pulses,1000,139,0.139
Karnataka,BELGAUM,2004,Rabi,Rapeseed &Mustard,254,35,0.137795276
Karnataka,BELGAUM,2004,Rabi,Safflower,11490,5472,0.476240209
Karnataka,BELGAUM,2004,Rabi,Sunflower,22293,8781,0.393890459
Karnataka,BELGAUM,2004,Rabi,Wheat,56811,59112,1.04050272
Karnataka,BELGAUM,2004,Summer,Jowar,75,60,0.8
Karnataka,BELGAUM,2004,Summer,Maize,1776,6629,3.732545045
Karnataka,BELGAUM,2004,Summer,Rice,143,635,4.440559441
Karnataka,BELGAUM,2004,Summer,Sunflower,1010,655,0.648514851
Karnataka,BELGAUM,2004,Whole Year,Arecanut,8,11,1.375
Karnataka,BELGAUM,2004,Whole Year,Banana,828,19154,23.13285024
Karnataka,BELGAUM,2004,Whole Year,Coconut,599,26062.49,43.51
Karnataka,BELGAUM,2004,Whole Year,Coriander,354,42,0.118644068
Karnataka,BELGAUM,2004,Whole Year,Dry chillies,4945,3690,0.746208291
Karnataka,BELGAUM,2004,Whole Year,Garlic,425,508,1.195294118
Karnataka,BELGAUM,2004,Whole Year,Onion,6967,30687,4.404621788
Karnataka,BELGAUM,2004,Whole Year,Potato,5336,44325,8.306784108
Karnataka,BELGAUM,2004,Whole Year,Sweet potato,2164,20513,9.479205176
Karnataka,BELGAUM,2004,Whole Year,Tobacco,20707,19731,0.952866181
Karnataka,BELGAUM,2004,Whole Year,Turmeric,966,5151,5.332298137
Karnataka,BELGAUM,2005,Kharif,Arhar/Tur,6100,1727,0.283114754
Karnataka,BELGAUM,2005,Kharif,Bajra,27553,10729,0.389394984
Karnataka,BELGAUM,2005,Kharif,Castor seed,127,132,1.039370079
Karnataka,BELGAUM,2005,Kharif,Dry chillies,3596,1320,0.367074527
Karnataka,BELGAUM,2005,Kharif,Groundnut,62529,28617,0.457659646
Karnataka,BELGAUM,2005,Kharif,Horse-gram,6387,3817,0.597620166
Karnataka,BELGAUM,2005,Kharif,Jowar,43427,57808,1.33115343
Karnataka,BELGAUM,2005,Kharif,Maize,93413,331852,3.552524809
Karnataka,BELGAUM,2005,Kharif,Moong(Green Gram),27909,5197,0.186212333
Karnataka,BELGAUM,2005,Kharif,Niger seed,1089,250,0.229568411
Karnataka,BELGAUM,2005,Kharif,Onion,7087,30512,4.30534782
Karnataka,BELGAUM,2005,Kharif,Other Kharif pulses,6594,2085,0.316196542
Karnataka,BELGAUM,2005,Kharif,Peas & beans (Pulses),82,267,3.256097561
Karnataka,BELGAUM,2005,Kharif,Potato,4885,10326,2.11381781
Karnataka,BELGAUM,2005,Kharif,Ragi,1563,756,0.483685221
Karnataka,BELGAUM,2005,Kharif,Rice,66671,145500,2.182358147
Karnataka,BELGAUM,2005,Kharif,Sesamum,759,658,0.866930171
Karnataka,BELGAUM,2005,Kharif,Small millets,4432,4202,0.948104693
Karnataka,BELGAUM,2005,Kharif,Soyabean,69115,38279,0.553845041
Karnataka,BELGAUM,2005,Kharif,Sunflower,27338,12439,0.455007682
Karnataka,BELGAUM,2005,Kharif,Urad,2715,702,0.258563536
Karnataka,BELGAUM,2005,Rabi,Dry chillies,342,399,1.166666667
Karnataka,BELGAUM,2005,Rabi,Gram,48996,24640,0.502898196
Karnataka,BELGAUM,2005,Rabi,Groundnut,11368,8510,0.74859254
Karnataka,BELGAUM,2005,Rabi,Horse-gram,1565,764,0.488178914
Karnataka,BELGAUM,2005,Rabi,Jowar,156692,105932,0.676052383
Karnataka,BELGAUM,2005,Rabi,Linseed,1051,444,0.422454805
Karnataka,BELGAUM,2005,Rabi,Maize,41389,145279,3.510087221
Karnataka,BELGAUM,2005,Rabi,Moong(Green Gram),113,33,0.292035398
Karnataka,BELGAUM,2005,Rabi,Onion,355,3680,10.36619718
Karnataka,BELGAUM,2005,Rabi,Other  Rabi pulses,1515,210,0.138613861
Karnataka,BELGAUM,2005,Rabi,Peas & beans (Pulses),50,263,5.26
Karnataka,BELGAUM,2005,Rabi,Potato,160,2893,18.08125
Karnataka,BELGAUM,2005,Rabi,Rapeseed &Mustard,238,33,0.138655462
Karnataka,BELGAUM,2005,Rabi,Safflower,9662,6991,0.7235562
Karnataka,BELGAUM,2005,Rabi,Sunflower,15159,6477,0.427270928
Karnataka,BELGAUM,2005,Rabi,Wheat,63035,65629,1.041151741
Karnataka,BELGAUM,2005,Summer,Dry chillies,808,1119,1.38490099
Karnataka,BELGAUM,2005,Summer,Jowar,195,213,1.092307692
Karnataka,BELGAUM,2005,Summer,Maize,2780,9171,3.298920863
Karnataka,BELGAUM,2005,Summer,Onion,22,366,16.63636364
Karnataka,BELGAUM,2005,Summer,Peas & beans (Pulses),2,10,5
Karnataka,BELGAUM,2005,Summer,Potato,10,148,14.8
Karnataka,BELGAUM,2005,Summer,Rice,157,484,3.082802548
Karnataka,BELGAUM,2005,Summer,Sunflower,782,374,0.47826087
Karnataka,BELGAUM,2005,Whole Year,Arecanut,9,58,6.444444444
Karnataka,BELGAUM,2005,Whole Year,Banana,1382,49684,35.95079595
Karnataka,BELGAUM,2005,Whole Year,Coconut,611,2632,4.307692308
Karnataka,BELGAUM,2005,Whole Year,Coriander,522,62,0.118773946
Karnataka,BELGAUM,2005,Whole Year,Cotton(lint),28359,41840,1.475369371
Karnataka,BELGAUM,2005,Whole Year,Garlic,509,609,1.196463654
Karnataka,BELGAUM,2005,Whole Year,Mesta,9,19,2.111111111
Karnataka,BELGAUM,2005,Whole Year,Sugarcane,92971,8213988,88.35000161
Karnataka,BELGAUM,2005,Whole Year,Sweet potato,2026,19205,9.479269497
Karnataka,BELGAUM,2005,Whole Year,Tobacco,20109,21663,1.07727883
Karnataka,BELGAUM,2005,Whole Year,Turmeric,784,6271,7.99872449
Karnataka,BELGAUM,2006,Kharif,Arhar/Tur,5658,1666,0.294450336
Karnataka,BELGAUM,2006,Kharif,Bajra,30036,9567,0.318517779
Karnataka,BELGAUM,2006,Kharif,Castor seed,270,216,0.8
Karnataka,BELGAUM,2006,Kharif,Gram,4322,723,0.167283665
Karnataka,BELGAUM,2006,Kharif,Groundnut,62518,29625,0.473863527
Karnataka,BELGAUM,2006,Kharif,Horse-gram,7270,4247,0.584181568
Karnataka,BELGAUM,2006,Kharif,Jowar,38083,50989,1.338891369
Karnataka,BELGAUM,2006,Kharif,Maize,92990,319154,3.432132487
Karnataka,BELGAUM,2006,Kharif,Moong(Green Gram),27519,2640,0.095933719
Karnataka,BELGAUM,2006,Kharif,Niger seed,909,209,0.229922992
Karnataka,BELGAUM,2006,Kharif,Other Kharif pulses,6442,2334,0.362309842
Karnataka,BELGAUM,2006,Kharif,Ragi,14499,941,0.064901028
Karnataka,BELGAUM,2006,Kharif,Rapeseed &Mustard,377,52,0.137931034
Karnataka,BELGAUM,2006,Kharif,Rice,66922,98851,1.477107678
Karnataka,BELGAUM,2006,Kharif,Sesamum,781,332,0.425096031
Karnataka,BELGAUM,2006,Kharif,Small millets,4594,3588,0.78101872
Karnataka,BELGAUM,2006,Kharif,Soyabean,76927,58976,0.766648901
Karnataka,BELGAUM,2006,Kharif,Sunflower,20676,14799,0.7157574
Karnataka,BELGAUM,2006,Kharif,Urad,4322,723,0.167283665
Karnataka,BELGAUM,2006,Rabi,Gram,57001,23099,0.405238505
Karnataka,BELGAUM,2006,Rabi,Groundnut,7567,6865,0.907228756
Karnataka,BELGAUM,2006,Rabi,Horse-gram,1265,340,0.268774704
Karnataka,BELGAUM,2006,Rabi,Jowar,139087,102679,0.73823578
Karnataka,BELGAUM,2006,Rabi,Linseed,1511,630,0.416942422
Karnataka,BELGAUM,2006,Rabi,Maize,31931,97463,3.052300272
Karnataka,BELGAUM,2006,Rabi,Moong(Green Gram),175,53,0.302857143
Karnataka,BELGAUM,2006,Rabi,Other  Rabi pulses,1014,205,0.202169625
Karnataka,BELGAUM,2006,Rabi,Safflower,8131,4665,0.573730168
Karnataka,BELGAUM,2006,Rabi,Sunflower,20518,9609,0.468320499
Karnataka,BELGAUM,2006,Rabi,Wheat,72367,89933,1.242734948
Karnataka,BELGAUM,2006,Summer,Jowar,261,315,1.206896552
Karnataka,BELGAUM,2006,Summer,Maize,3095,11269,3.641033926
Karnataka,BELGAUM,2006,Summer,Rice,140,403,2.878571429
Karnataka,BELGAUM,2006,Summer,Sunflower,1086,459,0.422651934
Karnataka,BELGAUM,2006,Whole Year,Arecanut,9,12,1.333333333
Karnataka,BELGAUM,2006,Whole Year,Banana,1050,47233,44.98380952
Karnataka,BELGAUM,2006,Whole Year,Coconut,632,2722,4.306962025
Karnataka,BELGAUM,2006,Whole Year,Coriander,365,43,0.117808219
Karnataka,BELGAUM,2006,Whole Year,Cotton(lint),28247,50807,1.798668885
Karnataka,BELGAUM,2006,Whole Year,Dry chillies,4552,3845,0.844683656
Karnataka,BELGAUM,2006,Whole Year,Garlic,465,556,1.195698925
Karnataka,BELGAUM,2006,Whole Year,Mesta,12,25,2.083333333
Karnataka,BELGAUM,2006,Whole Year,Onion,7848,61455,7.830657492
Karnataka,BELGAUM,2006,Whole Year,Potato,4951,26129,5.277519693
Karnataka,BELGAUM,2006,Whole Year,Sugarcane,97762,8265777,84.54999898
Karnataka,BELGAUM,2006,Whole Year,Sweet potato,1976,18731,9.479251012
Karnataka,BELGAUM,2006,Whole Year,Tobacco,19667,11920,0.606091422
Karnataka,BELGAUM,2006,Whole Year,Turmeric,319,1669,5.231974922
Karnataka,BELGAUM,2007,Kharif,Arhar/Tur,5702,2346,0.411434584
Karnataka,BELGAUM,2007,Kharif,Bajra,36172,17343,0.47945925
Karnataka,BELGAUM,2007,Kharif,Castor seed,197,132,0.670050761
Karnataka,BELGAUM,2007,Kharif,Dry chillies,4045,3493,0.863535229
Karnataka,BELGAUM,2007,Kharif,Groundnut,57872,37462,0.647325131
Karnataka,BELGAUM,2007,Kharif,Horse-gram,3477,1453,0.417888985
Karnataka,BELGAUM,2007,Kharif,Jowar,38393,76189,1.98445029
Karnataka,BELGAUM,2007,Kharif,Maize,120888,392785,3.249164516
Karnataka,BELGAUM,2007,Kharif,Moong(Green Gram),31767,6126,0.192841628
Karnataka,BELGAUM,2007,Kharif,Niger seed,515,194,0.376699029
Karnataka,BELGAUM,2007,Kharif,Onion,12029,69205,5.753179815
Karnataka,BELGAUM,2007,Kharif,Other Kharif pulses,6590,3271,0.496358118
Karnataka,BELGAUM,2007,Kharif,Potato,3773,16660,4.415584416
Karnataka,BELGAUM,2007,Kharif,Ragi,1111,496,0.446444644
Karnataka,BELGAUM,2007,Kharif,Rapeseed &Mustard,199,72,0.361809045
Karnataka,BELGAUM,2007,Kharif,Rice,69259,100026,1.444231075
Karnataka,BELGAUM,2007,Kharif,Sesamum,873,239,0.273768614
Karnataka,BELGAUM,2007,Kharif,Small millets,3938,2055,0.521838497
Karnataka,BELGAUM,2007,Kharif,Soyabean,64422,55387,0.859752879
Karnataka,BELGAUM,2007,Kharif,Sunflower,23978,15859,0.661397948
Karnataka,BELGAUM,2007,Kharif,Urad,4353,1865,0.428440156
Karnataka,BELGAUM,2007,Rabi,Dry chillies,737,382,0.518317503
Karnataka,BELGAUM,2007,Rabi,Gram,47765,25182,0.527206113
Karnataka,BELGAUM,2007,Rabi,Groundnut,9776,9324,0.953764321
Karnataka,BELGAUM,2007,Rabi,Horse-gram,1441,374,0.259541985
Karnataka,BELGAUM,2007,Rabi,Jowar,118555,97158,0.819518367
Karnataka,BELGAUM,2007,Rabi,Linseed,1549,506,0.326662363
Karnataka,BELGAUM,2007,Rabi,Maize,28881,96184,3.330355597
Karnataka,BELGAUM,2007,Rabi,Moong(Green Gram),31,10,0.322580645
Karnataka,BELGAUM,2007,Rabi,Onion,644,3388,5.260869565
Karnataka,BELGAUM,2007,Rabi,Other  Rabi pulses,1534,346,0.225554107
Karnataka,BELGAUM,2007,Rabi,Potato,130,1600,12.30769231
Karnataka,BELGAUM,2007,Rabi,Safflower,7829,4305,0.549878656
Karnataka,BELGAUM,2007,Rabi,Sunflower,16451,10504,0.638502219
Karnataka,BELGAUM,2007,Rabi,Wheat,62963,78126,1.240823976
Karnataka,BELGAUM,2007,Summer,Dry chillies,662,2208,3.335347432
Karnataka,BELGAUM,2007,Summer,Jowar,388,761,1.961340206
Karnataka,BELGAUM,2007,Summer,Maize,3017,9339,3.095459065
Karnataka,BELGAUM,2007,Summer,Onion,20,169,8.45
Karnataka,BELGAUM,2007,Summer,Rice,165,495,3
Karnataka,BELGAUM,2007,Summer,Sunflower,1328,1269,0.955572289
Karnataka,BELGAUM,2007,Whole Year,Arecanut,7,45,6.428571429
Karnataka,BELGAUM,2007,Whole Year,Banana,1863,89815,48.20987654
Karnataka,BELGAUM,2007,Whole Year,Coconut,318,1619,5.091194969
Karnataka,BELGAUM,2007,Whole Year,Coriander,461,161,0.349240781
Karnataka,BELGAUM,2007,Whole Year,Cotton(lint),21050,51444,2.443895487
Karnataka,BELGAUM,2007,Whole Year,Dry ginger,10,205,20.5
Karnataka,BELGAUM,2007,Whole Year,Garlic,868,897,1.033410138
Karnataka,BELGAUM,2007,Whole Year,Mesta,2,4,2
Karnataka,BELGAUM,2007,Whole Year,Sugarcane,102845,9281761,90.24999757
Karnataka,BELGAUM,2007,Whole Year,Sweet potato,1931,18304,9.479026411
Karnataka,BELGAUM,2007,Whole Year,Tobacco,18585,12871,0.692547754
Karnataka,BELGAUM,2007,Whole Year,Turmeric,2069,15300,7.394876752
Karnataka,BELGAUM,2008,Kharif,Arhar/Tur,4237,1715,0.404767524
Karnataka,BELGAUM,2008,Kharif,Bajra,14131,5753,0.4071191
Karnataka,BELGAUM,2008,Kharif,Castor seed,131,124,0.946564885
Karnataka,BELGAUM,2008,Kharif,Dry chillies,3093,1740,0.562560621
Karnataka,BELGAUM,2008,Kharif,Groundnut,45876,26501,0.577665882
Karnataka,BELGAUM,2008,Kharif,Horse-gram,3525,1644,0.466382979
Karnataka,BELGAUM,2008,Kharif,Jowar,30698,48705,1.586585445
Karnataka,BELGAUM,2008,Kharif,Maize,104540,297062,2.841610867
Karnataka,BELGAUM,2008,Kharif,Moong(Green Gram),27697,2473,0.089287648
Karnataka,BELGAUM,2008,Kharif,Niger seed,349,120,0.343839542
Karnataka,BELGAUM,2008,Kharif,Onion,6139,25941,4.225606776
Karnataka,BELGAUM,2008,Kharif,Other Kharif pulses,3842,2126,0.553357626
Karnataka,BELGAUM,2008,Kharif,Potato,3520,29651,8.423579545
Karnataka,BELGAUM,2008,Kharif,Ragi,969,326,0.336429309
Karnataka,BELGAUM,2008,Kharif,Rice,71079,93184.57,1.311000014
Karnataka,BELGAUM,2008,Kharif,Sesamum,516,109,0.21124031
Karnataka,BELGAUM,2008,Kharif,Soyabean,70104,47152,0.672600708
Karnataka,BELGAUM,2008,Kharif,Sunflower,18343,13176,0.718312163
Karnataka,BELGAUM,2008,Kharif,Urad,2183,512,0.234539624
Karnataka,BELGAUM,2008,Rabi,Dry chillies,1213,894,0.737015664
Karnataka,BELGAUM,2008,Rabi,Gram,52344,25892,0.494650772
Karnataka,BELGAUM,2008,Rabi,Groundnut,5095,3712,0.728557409
Karnataka,BELGAUM,2008,Rabi,Horse-gram,1295,755,0.583011583
Karnataka,BELGAUM,2008,Rabi,Jowar,134393,124846,0.928962074
Karnataka,BELGAUM,2008,Rabi,Linseed,1195,518,0.433472803
Karnataka,BELGAUM,2008,Rabi,Maize,37921,119848,3.160465178
Karnataka,BELGAUM,2008,Rabi,Moong(Green Gram),104,27,0.259615385
Karnataka,BELGAUM,2008,Rabi,Onion,661,1895,2.866868381
Karnataka,BELGAUM,2008,Rabi,Other  Rabi pulses,1873,539,0.287773625
Karnataka,BELGAUM,2008,Rabi,Potato,143,2055,14.37062937
Karnataka,BELGAUM,2008,Rabi,Rapeseed &Mustard,317,205,0.646687697
Karnataka,BELGAUM,2008,Rabi,Safflower,6937,5183,0.747152948
Karnataka,BELGAUM,2008,Rabi,Sunflower,19962,12082,0.605249975
Karnataka,BELGAUM,2008,Rabi,Wheat,63754,68846,1.079869498
Karnataka,BELGAUM,2008,Summer,Dry chillies,631,417,0.660855784
Karnataka,BELGAUM,2008,Summer,Jowar,320,624,1.95
Karnataka,BELGAUM,2008,Summer,Maize,3283,9958,3.03320134
Karnataka,BELGAUM,2008,Summer,Onion,30,164,5.466666667
Karnataka,BELGAUM,2008,Summer,Rice,160,483,3.01875
Karnataka,BELGAUM,2008,Summer,Sunflower,4100,2902,0.707804878
Karnataka,BELGAUM,2008,Whole Year,Arecanut,7,45,6.428571429
Karnataka,BELGAUM,2008,Whole Year,Banana,1950,76538,39.25025641
Karnataka,BELGAUM,2008,Whole Year,Cashewnut,634,389.78,0.614794953
Karnataka,BELGAUM,2008,Whole Year,Coconut,323,2213,6.851393189
Karnataka,BELGAUM,2008,Whole Year,Coriander,612,330,0.539215686
Karnataka,BELGAUM,2008,Whole Year,Cotton(lint),20041,38609,1.926500674
Karnataka,BELGAUM,2008,Whole Year,Dry ginger,5,159,31.8
Karnataka,BELGAUM,2008,Whole Year,Garlic,665,3319,4.990977444
Karnataka,BELGAUM,2008,Whole Year,Mesta,2,4,2
Karnataka,BELGAUM,2008,Whole Year,Sugarcane,114181,9654004,84.55000394
Karnataka,BELGAUM,2008,Whole Year,Sweet potato,1623,16574,10.21195317
Karnataka,BELGAUM,2008,Whole Year,Tobacco,22366,24902,1.11338639
Karnataka,BELGAUM,2008,Whole Year,Turmeric,1637,6502,3.971899817
Karnataka,BELGAUM,2009,Kharif,Arhar/Tur,4671,1424,0.304859773
Karnataka,BELGAUM,2009,Kharif,Bajra,24305,6290,0.258794487
Karnataka,BELGAUM,2009,Kharif,Castor seed,129,83,0.643410853
Karnataka,BELGAUM,2009,Kharif,Gram,3431,1287,0.375109298
Karnataka,BELGAUM,2009,Kharif,Groundnut,43801,24052,0.549119883
Karnataka,BELGAUM,2009,Kharif,Horse-gram,3431,1287,0.375109298
Karnataka,BELGAUM,2009,Kharif,Jowar,31590,39544,1.251788541
Karnataka,BELGAUM,2009,Kharif,Maize,119251,231381,1.940285616
Karnataka,BELGAUM,2009,Kharif,Moong(Green Gram),25311,3342,0.132037454
Karnataka,BELGAUM,2009,Kharif,Niger seed,539,189,0.350649351
Karnataka,BELGAUM,2009,Kharif,Onion,11253,35930,3.192926331
Karnataka,BELGAUM,2009,Kharif,Other Kharif pulses,3795,805,0.212121212
Karnataka,BELGAUM,2009,Kharif,Potato,3583,52784,14.731789
Karnataka,BELGAUM,2009,Kharif,Ragi,1610,589,0.365838509
Karnataka,BELGAUM,2009,Kharif,Rice,71730,83816.51,1.16850007
Karnataka,BELGAUM,2009,Kharif,Sesamum,546,23,0.042124542
Karnataka,BELGAUM,2009,Kharif,Small millets,2639,2139,0.810534293
Karnataka,BELGAUM,2009,Kharif,Soyabean,97400,49318,0.506344969
Karnataka,BELGAUM,2009,Kharif,Sunflower,12972,5592,0.431082331
Karnataka,BELGAUM,2009,Kharif,Urad,3180,574,0.180503145
Karnataka,BELGAUM,2009,Rabi,Dry chillies,819,2639,3.222222222
Karnataka,BELGAUM,2009,Rabi,Gram,1583,326,0.205938092
Karnataka,BELGAUM,2009,Rabi,Groundnut,7862,7364,0.936657339
Karnataka,BELGAUM,2009,Rabi,Horse-gram,1583,326,0.205938092
Karnataka,BELGAUM,2009,Rabi,Jowar,137543,147978,1.075867183
Karnataka,BELGAUM,2009,Rabi,Linseed,1986,492,0.247734139
Karnataka,BELGAUM,2009,Rabi,Maize,39852,101513,2.547249824
Karnataka,BELGAUM,2009,Rabi,Moong(Green Gram),158,41,0.259493671
Karnataka,BELGAUM,2009,Rabi,Onion,1197,2519,2.104427736
Karnataka,BELGAUM,2009,Rabi,Other  Rabi pulses,1708,458,0.268149883
Karnataka,BELGAUM,2009,Rabi,Potato,179,2643,14.76536313
Karnataka,BELGAUM,2009,Rabi,Rapeseed &Mustard,398,116,0.291457286
Karnataka,BELGAUM,2009,Rabi,Safflower,6084,3140,0.516107824
Karnataka,BELGAUM,2009,Rabi,Sunflower,16791,7676,0.457149664
Karnataka,BELGAUM,2009,Rabi,Wheat,57138,58995,1.032500263
Karnataka,BELGAUM,2009,Summer,Dry chillies,832,1527,1.835336538
Karnataka,BELGAUM,2009,Summer,Jowar,181,172,0.950276243
Karnataka,BELGAUM,2009,Summer,Maize,3241,10684,3.296513422
Karnataka,BELGAUM,2009,Summer,Onion,23,176,7.652173913
Karnataka,BELGAUM,2009,Summer,Rice,158,483,3.056962025
Karnataka,BELGAUM,2009,Summer,Sunflower,1910,1606,0.840837696
Karnataka,BELGAUM,2009,Whole Year,Arecanut,7,45,6.428571429
Karnataka,BELGAUM,2009,Whole Year,Banana,2285,97158,42.51991247
Karnataka,BELGAUM,2009,Whole Year,Cashewnut,773,586,0.758085382
Karnataka,BELGAUM,2009,Whole Year,Coconut,344,2446,7.110465116
Karnataka,BELGAUM,2009,Whole Year,Coriander,612,300,0.490196078
Karnataka,BELGAUM,2009,Whole Year,Cotton(lint),30046,63454,2.111895094
Karnataka,BELGAUM,2009,Whole Year,Garlic,885,583,0.658757062
Karnataka,BELGAUM,2009,Whole Year,Mesta,36,52,1.444444444
Karnataka,BELGAUM,2009,Whole Year,Sugarcane,147298,14972842,101.650002
Karnataka,BELGAUM,2009,Whole Year,Sweet potato,1501,9414,6.271818787
Karnataka,BELGAUM,2009,Whole Year,Tobacco,19965,19062,0.954770849
Karnataka,BELGAUM,2009,Whole Year,Turmeric,2200,5152,2.341818182
Karnataka,BELGAUM,2010,Kharif,Arhar/Tur,5623,1955,0.347679175
Karnataka,BELGAUM,2010,Kharif,Bajra,19149,11639,0.607812418
Karnataka,BELGAUM,2010,Kharif,Castor seed,374,313,0.836898396
Karnataka,BELGAUM,2010,Kharif,Cotton(lint),37660,83178,2.208656399
Karnataka,BELGAUM,2010,Kharif,Cowpea(Lobia),1574,673,0.427573062
Karnataka,BELGAUM,2010,Kharif,Dry chillies,3188,5288,1.658720201
Karnataka,BELGAUM,2010,Kharif,Groundnut,37042,28233,0.762188867
Karnataka,BELGAUM,2010,Kharif,Horse-gram,3126,1541,0.492962252
Karnataka,BELGAUM,2010,Kharif,Jowar,27623,54739,1.98164573
Karnataka,BELGAUM,2010,Kharif,Maize,118380,429355,3.626921777
Karnataka,BELGAUM,2010,Kharif,Moong(Green Gram),20351,4853,0.23846494
Karnataka,BELGAUM,2010,Kharif,Niger seed,491,148,0.301425662
Karnataka,BELGAUM,2010,Kharif,Onion,8385,52454,6.255694693
Karnataka,BELGAUM,2010,Kharif,Other Kharif pulses,2262,904,0.399646331
Karnataka,BELGAUM,2010,Kharif,Peas & beans (Pulses),145,1291,8.903448276
Karnataka,BELGAUM,2010,Kharif,Potato,3591,48671,13.55360624
Karnataka,BELGAUM,2010,Kharif,Ragi,1361,867,0.637031594
Karnataka,BELGAUM,2010,Kharif,Rice,68354,139200,2.036457267
Karnataka,BELGAUM,2010,Kharif,Sesamum,615,113,0.183739837
Karnataka,BELGAUM,2010,Kharif,Small millets,1804,1930,1.069844789
Karnataka,BELGAUM,2010,Kharif,Soyabean,78662,64715,0.822697109
Karnataka,BELGAUM,2010,Kharif,Sunflower,9220,7805,0.846529284
Karnataka,BELGAUM,2010,Kharif,Urad,3599,1166,0.323978883
Karnataka,BELGAUM,2010,Rabi,Cotton(lint),671,1277,1.903129657
Karnataka,BELGAUM,2010,Rabi,Cowpea(Lobia),572,151,0.263986014
Karnataka,BELGAUM,2010,Rabi,Dry chillies,630,1386,2.2
Karnataka,BELGAUM,2010,Rabi,Gram,68213,43201,0.633325026
Karnataka,BELGAUM,2010,Rabi,Groundnut,5908,5607,0.949052133
Karnataka,BELGAUM,2010,Rabi,Horse-gram,1497,538,0.359385438
Karnataka,BELGAUM,2010,Rabi,Jowar,118415,115965,0.979310054
Karnataka,BELGAUM,2010,Rabi,Linseed,2145,770,0.358974359
Karnataka,BELGAUM,2010,Rabi,Maize,35650,103811,2.911949509
Karnataka,BELGAUM,2010,Rabi,Moong(Green Gram),159,42,0.264150943
Karnataka,BELGAUM,2010,Rabi,Onion,726,7333,10.10055096
Karnataka,BELGAUM,2010,Rabi,Other  Rabi pulses,979,326,0.33299285
Karnataka,BELGAUM,2010,Rabi,Peas & beans (Pulses),54,383,7.092592593
Karnataka,BELGAUM,2010,Rabi,Potato,166,1932,11.63855422
Karnataka,BELGAUM,2010,Rabi,Rapeseed &Mustard,556,186,0.334532374
Karnataka,BELGAUM,2010,Rabi,Safflower,5901,7796,1.321132012
Karnataka,BELGAUM,2010,Rabi,Sunflower,10489,8464,0.806940604
Karnataka,BELGAUM,2010,Rabi,Wheat,54239,76503,1.410479544
Karnataka,BELGAUM,2010,Summer,Dry chillies,976,1111,1.138319672
Karnataka,BELGAUM,2010,Summer,Jowar,122,255,2.090163934
Karnataka,BELGAUM,2010,Summer,Maize,3481,11002,3.160586038
Karnataka,BELGAUM,2010,Summer,Onion,40,426,10.65
Karnataka,BELGAUM,2010,Summer,Peas & beans (Pulses),52,257,4.942307692
Karnataka,BELGAUM,2010,Summer,Potato,3,46,15.33333333
Karnataka,BELGAUM,2010,Summer,Rice,115,372,3.234782609
Karnataka,BELGAUM,2010,Summer,Sunflower,1160,659,0.568103448
Karnataka,BELGAUM,2010,Whole Year,Arecanut,1,11,11
Karnataka,BELGAUM,2010,Whole Year,Banana,2404,105423,43.8531614
Karnataka,BELGAUM,2010,Whole Year,Cashewnut,896,657,0.733258929
Karnataka,BELGAUM,2010,Whole Year,Coconut,336,3212,9.55952381
Karnataka,BELGAUM,2010,Whole Year,Dry ginger,43,155.6,3.618604651
Karnataka,BELGAUM,2010,Whole Year,Garlic,1146,2538,2.214659686
Karnataka,BELGAUM,2010,Whole Year,Mesta,4,5,1.25
Karnataka,BELGAUM,2010,Whole Year,Sugarcane,187884,18027470,95.95000106
Karnataka,BELGAUM,2010,Whole Year,Sweet potato,1133,9337,8.240953222
Karnataka,BELGAUM,2010,Whole Year,Tobacco,18516,25664,1.386044502
Karnataka,BELGAUM,2010,Whole Year,Turmeric,2365,6142,2.597040169
Karnataka,BELGAUM,2011,Kharif,Arhar/Tur,4160,1636,0.393269231
Karnataka,BELGAUM,2011,Kharif,Bajra,12459,6619,0.531262541
Karnataka,BELGAUM,2011,Kharif,Castor seed,140,117,0.835714286
Karnataka,BELGAUM,2011,Kharif,Cotton(lint),37618,84884,2.256472965
Karnataka,BELGAUM,2011,Kharif,Cowpea(Lobia),1332,583,0.437687688
Karnataka,BELGAUM,2011,Kharif,Dry chillies,2479,4955,1.998789835
Karnataka,BELGAUM,2011,Kharif,Groundnut,31261,26661,0.852851796
Karnataka,BELGAUM,2011,Kharif,Horse-gram,2488,1567,0.629823151
Karnataka,BELGAUM,2011,Kharif,Jowar,26501,42078,1.58778914
Karnataka,BELGAUM,2011,Kharif,Maize,111075,386569,3.480252082
Karnataka,BELGAUM,2011,Kharif,Moong(Green Gram),16954,4123,0.243187448
Karnataka,BELGAUM,2011,Kharif,Niger seed,446,121,0.271300448
Karnataka,BELGAUM,2011,Kharif,Onion,8044,48036,5.971655893
Karnataka,BELGAUM,2011,Kharif,Other Kharif pulses,1643,981,0.597078515
Karnataka,BELGAUM,2011,Kharif,Peas & beans (Pulses),74,424,5.72972973
Karnataka,BELGAUM,2011,Kharif,Potato,3103,41907,13.50531743
Karnataka,BELGAUM,2011,Kharif,Ragi,525,371,0.706666667
Karnataka,BELGAUM,2011,Kharif,Rice,68215,158758,2.327318039
Karnataka,BELGAUM,2011,Kharif,Sesamum,502,65,0.129482072
Karnataka,BELGAUM,2011,Kharif,Small millets,1816,1203,0.662444934
Karnataka,BELGAUM,2011,Kharif,Soyabean,77257,78385,1.014600619
Karnataka,BELGAUM,2011,Kharif,Sunflower,4426,4284,0.967916855
Karnataka,BELGAUM,2011,Kharif,Urad,3257,761,0.233650599
Karnataka,BELGAUM,2011,Rabi,Cotton(lint),394,744,1.888324873
Karnataka,BELGAUM,2011,Rabi,Cowpea(Lobia),485,171,0.35257732
Karnataka,BELGAUM,2011,Rabi,Dry chillies,865,1358,1.569942197
Karnataka,BELGAUM,2011,Rabi,Gram,52173,24054,0.461043068
Karnataka,BELGAUM,2011,Rabi,Groundnut,4992,5430,1.087740385
Karnataka,BELGAUM,2011,Rabi,Horse-gram,1141,499,0.43733567
Karnataka,BELGAUM,2011,Rabi,Jowar,128160,107719,0.840504057
Karnataka,BELGAUM,2011,Rabi,Linseed,718,374,0.520891365
Karnataka,BELGAUM,2011,Rabi,Maize,34155,109475,3.205240814
Karnataka,BELGAUM,2011,Rabi,Moong(Green Gram),94,31,0.329787234
Karnataka,BELGAUM,2011,Rabi,Onion,1107,2431,2.196025294
Karnataka,BELGAUM,2011,Rabi,Other  Rabi pulses,791,410,0.518331226
Karnataka,BELGAUM,2011,Rabi,Peas & beans (Pulses),28,165,5.892857143
Karnataka,BELGAUM,2011,Rabi,Potato,179,2174,12.1452514
Karnataka,BELGAUM,2011,Rabi,Rapeseed &Mustard,489,140,0.286298569
Karnataka,BELGAUM,2011,Rabi,Safflower,6059,2595,0.428288496
Karnataka,BELGAUM,2011,Rabi,Sunflower,11890,7760,0.652649285
Karnataka,BELGAUM,2011,Rabi,Wheat,44014,44456,1.010042259
Karnataka,BELGAUM,2011,Summer,Dry chillies,808,1685,2.08539604
Karnataka,BELGAUM,2011,Summer,Jowar,75,137,1.826666667
Karnataka,BELGAUM,2011,Summer,Maize,2768,7997,2.889089595
Karnataka,BELGAUM,2011,Summer,Onion,32,197,6.15625
Karnataka,BELGAUM,2011,Summer,Peas & beans (Pulses),18,163,9.055555556
Karnataka,BELGAUM,2011,Summer,Rice,92,313,3.402173913
Karnataka,BELGAUM,2011,Summer,Sunflower,490,518,1.057142857
Karnataka,BELGAUM,2011,Whole Year,Arecanut,4,32,8
Karnataka,BELGAUM,2011,Whole Year,Banana,2156,103046,47.79499072
Karnataka,BELGAUM,2011,Whole Year,Cashewnut,796,638,0.801507538
Karnataka,BELGAUM,2011,Whole Year,Coconut,307,3052,9.941368078
Karnataka,BELGAUM,2011,Whole Year,Garlic,1042,2995,2.87428023
Karnataka,BELGAUM,2011,Whole Year,Mesta,1,1,1
Karnataka,BELGAUM,2011,Whole Year,Sugarcane,171205,16264475,95
Karnataka,BELGAUM,2011,Whole Year,Sweet potato,1061,17331,16.33459001
Karnataka,BELGAUM,2011,Whole Year,Tobacco,14746,15578,1.056422081
Karnataka,BELGAUM,2011,Whole Year,Turmeric,3458,7134,2.063042221
Karnataka,BELGAUM,2012,Kharif,Arhar/Tur,2314,1167,0.504321521
Karnataka,BELGAUM,2012,Kharif,Bajra,7579,2657,0.350573954
Karnataka,BELGAUM,2012,Kharif,Castor seed,100,62,0.62
Karnataka,BELGAUM,2012,Kharif,Cotton(lint),22513,41389,1.838448896
Karnataka,BELGAUM,2012,Kharif,Cowpea(Lobia),628,98,0.156050955
Karnataka,BELGAUM,2012,Kharif,Dry chillies,2339,5771,2.467293715
Karnataka,BELGAUM,2012,Kharif,Groundnut,32327,22972,0.710613419
Karnataka,BELGAUM,2012,Kharif,Horse-gram,4045,1333,0.329542645
Karnataka,BELGAUM,2012,Kharif,Jowar,25216,28363,1.124801713
Karnataka,BELGAUM,2012,Kharif,Maize,91964,231694,2.519398895
Karnataka,BELGAUM,2012,Kharif,Moong(Green Gram),4025,792,0.196770186
Karnataka,BELGAUM,2012,Kharif,Niger seed,304,73,0.240131579
Karnataka,BELGAUM,2012,Kharif,Onion,2854,9755,3.418009811
Karnataka,BELGAUM,2012,Kharif,Other Kharif pulses,1328,670,0.504518072
Karnataka,BELGAUM,2012,Kharif,Potato,4591,57767,12.58266173
Karnataka,BELGAUM,2012,Kharif,Ragi,903,672,0.744186047
Karnataka,BELGAUM,2012,Kharif,Rapeseed &Mustard,1,,
Karnataka,BELGAUM,2012,Kharif,Rice,63613,94818,1.490544386
Karnataka,BELGAUM,2012,Kharif,Sesamum,278,26,0.09352518
Karnataka,BELGAUM,2012,Kharif,Small millets,1018,393,0.386051081
Karnataka,BELGAUM,2012,Kharif,Soyabean,60203,40378,0.670697474
Karnataka,BELGAUM,2012,Kharif,Sunflower,4473,2409,0.538564722
Karnataka,BELGAUM,2012,Kharif,Urad,1202,314,0.261231281
Karnataka,BELGAUM,2012,Rabi,Cowpea(Lobia),193,64,0.331606218
Karnataka,BELGAUM,2012,Rabi,Dry chillies,47,86,1.829787234
Karnataka,BELGAUM,2012,Rabi,Gram,41764,21385,0.512043866
Karnataka,BELGAUM,2012,Rabi,Groundnut,3076,5199,1.690182055
Karnataka,BELGAUM,2012,Rabi,Horse-gram,1134,179,0.157848325
Karnataka,BELGAUM,2012,Rabi,Jowar,95721,74839,0.781845154
Karnataka,BELGAUM,2012,Rabi,Linseed,915,170,0.18579235
Karnataka,BELGAUM,2012,Rabi,Maize,37993,111601,2.937409523
Karnataka,BELGAUM,2012,Rabi,Moong(Green Gram),55,13,0.236363636
Karnataka,BELGAUM,2012,Rabi,Onion,1872,5309,2.836004274
Karnataka,BELGAUM,2012,Rabi,Other  Rabi pulses,99,45,0.454545455
Karnataka,BELGAUM,2012,Rabi,Potato,548,9307,16.98357664
Karnataka,BELGAUM,2012,Rabi,Safflower,4847,1552,0.320198061
Karnataka,BELGAUM,2012,Rabi,Sunflower,8506,4751,0.558546908
Karnataka,BELGAUM,2012,Rabi,Wheat,47291,42590,0.900594193
Karnataka,BELGAUM,2012,Summer,Cotton(lint),162,449,2.771604938
Karnataka,BELGAUM,2012,Summer,Cowpea(Lobia),306,110,0.359477124
Karnataka,BELGAUM,2012,Summer,Dry chillies,820,2129,2.596341463
Karnataka,BELGAUM,2012,Summer,Groundnut,2024,1457,0.71986166
Karnataka,BELGAUM,2012,Summer,Jowar,11,18,1.636363636
Karnataka,BELGAUM,2012,Summer,Maize,3211,9536,2.969791342
Karnataka,BELGAUM,2012,Summer,Onion,59,335,5.677966102
Karnataka,BELGAUM,2012,Summer,Potato,59,1286,21.79661017
Karnataka,BELGAUM,2012,Summer,Rice,82,260,3.170731707
Karnataka,BELGAUM,2012,Summer,Sunflower,474,417,0.879746835
Karnataka,BELGAUM,2012,Whole Year,Black pepper,5,14,2.8
Karnataka,BELGAUM,2012,Whole Year,Cashewnut,1392,1120,0.804597701
Karnataka,BELGAUM,2012,Whole Year,Coconut,132,1300,9.848484848
Karnataka,BELGAUM,2012,Whole Year,Coriander,11,4,0.363636364
Karnataka,BELGAUM,2012,Whole Year,Dry ginger,6,191,31.83333333
Karnataka,BELGAUM,2012,Whole Year,Garlic,623,1790,2.873194222
Karnataka,BELGAUM,2012,Whole Year,Mesta,163,199,1.220858896
Karnataka,BELGAUM,2012,Whole Year,Sugarcane,168128,13895779,82.64999881
Karnataka,BELGAUM,2012,Whole Year,Sweet potato,2253,36803,16.33510874
Karnataka,BELGAUM,2012,Whole Year,Tapioca,2,21,10.5
Karnataka,BELGAUM,2012,Whole Year,Tobacco,15703,16484,1.049735719
Karnataka,BELGAUM,2012,Whole Year,Turmeric,3695,6980,1.889039242
Karnataka,BELGAUM,2013,Kharif,Arhar/Tur,3834,1650,0.430359937
Karnataka,BELGAUM,2013,Kharif,Bajra,12444,8204,0.659273545
Karnataka,BELGAUM,2013,Kharif,Castor seed,531,475,0.894538606
Karnataka,BELGAUM,2013,Kharif,Cotton(lint),29844,83384,2.793995443
Karnataka,BELGAUM,2013,Kharif,Cowpea(Lobia),1715,365,0.212827988
Karnataka,BELGAUM,2013,Kharif,Dry chillies,2747,7359,2.678922461
Karnataka,BELGAUM,2013,Kharif,Groundnut,34262,34339,1.002247388
Karnataka,BELGAUM,2013,Kharif,Horse-gram,2413,1169,0.484459179
Karnataka,BELGAUM,2013,Kharif,Jowar,27982,33229,1.187513401
Karnataka,BELGAUM,2013,Kharif,Maize,120574,381092,3.160648233
Karnataka,BELGAUM,2013,Kharif,Moong(Green Gram),16191,3768,0.232721883
Karnataka,BELGAUM,2013,Kharif,Niger seed,896,196,0.21875
Karnataka,BELGAUM,2013,Kharif,Onion,6722,39267,5.84156501
Karnataka,BELGAUM,2013,Kharif,Other Kharif pulses,1686,945,0.560498221
Karnataka,BELGAUM,2013,Kharif,Potato,3888,58396,15.01954733
Karnataka,BELGAUM,2013,Kharif,Ragi,1161,1024,0.881998277
Karnataka,BELGAUM,2013,Kharif,Rapeseed &Mustard,9,3,0.333333333
Karnataka,BELGAUM,2013,Kharif,Rice,58597,123581,2.108998754
Karnataka,BELGAUM,2013,Kharif,Sesamum,321,73,0.22741433
Karnataka,BELGAUM,2013,Kharif,Small millets,1502,549,0.36551265
Karnataka,BELGAUM,2013,Kharif,Soyabean,66769,49159,0.736254849
Karnataka,BELGAUM,2013,Kharif,Sunflower,3335,1996,0.59850075
Karnataka,BELGAUM,2013,Kharif,Urad,4078,1112,0.272682688
Karnataka,BELGAUM,2013,Rabi,Cotton(lint),1256,2316,1.843949045
Karnataka,BELGAUM,2013,Rabi,Cowpea(Lobia),147,62,0.421768707
Karnataka,BELGAUM,2013,Rabi,Dry chillies,764,1448,1.895287958
Karnataka,BELGAUM,2013,Rabi,Gram,64072,31773,0.495895243
Karnataka,BELGAUM,2013,Rabi,Horse-gram,837,250,0.298685783
Karnataka,BELGAUM,2013,Rabi,Jowar,97612,90042,0.92244806
Karnataka,BELGAUM,2013,Rabi,Linseed,610,340,0.557377049
Karnataka,BELGAUM,2013,Rabi,Maize,33690,107026,3.176788364
Karnataka,BELGAUM,2013,Rabi,Moong(Green Gram),66,17,0.257575758
Karnataka,BELGAUM,2013,Rabi,Onion,1105,2978,2.695022624
Karnataka,BELGAUM,2013,Rabi,Other  Rabi pulses,1262,461,0.365293185
Karnataka,BELGAUM,2013,Rabi,Potato,1040,14366,13.81346154
Karnataka,BELGAUM,2013,Rabi,Ragi,62,90,1.451612903
Karnataka,BELGAUM,2013,Rabi,Safflower,2388,1348,0.564489112
Karnataka,BELGAUM,2013,Rabi,Sunflower,6527,4223,0.64700475
Karnataka,BELGAUM,2013,Rabi,Urad,299,171,0.571906355
Karnataka,BELGAUM,2013,Rabi,Wheat,39362,37431,0.950942533
Karnataka,BELGAUM,2013,Summer,Cotton(lint),265,955,3.603773585
Karnataka,BELGAUM,2013,Summer,Cowpea(Lobia),126,50,0.396825397
Karnataka,BELGAUM,2013,Summer,Dry chillies,738,2195,2.974254743
Karnataka,BELGAUM,2013,Summer,Groundnut,5261,4868,0.925299373
Karnataka,BELGAUM,2013,Summer,Jowar,157,255,1.624203822
Karnataka,BELGAUM,2013,Summer,Maize,3375,8131,2.409185185
Karnataka,BELGAUM,2013,Summer,Onion,2,16,8
Karnataka,BELGAUM,2013,Summer,Potato,108,1517,14.0462963
Karnataka,BELGAUM,2013,Summer,Rice,77,260,3.376623377
Karnataka,BELGAUM,2013,Summer,Sunflower,816,867,1.0625
Karnataka,BELGAUM,2013,Whole Year,Arecanut,2,22,11
Karnataka,BELGAUM,2013,Whole Year,Black pepper,5,12,2.4
Karnataka,BELGAUM,2013,Whole Year,Cashewnut,1544,1377,0.891839378
Karnataka,BELGAUM,2013,Whole Year,Coconut,106,841,7.933962264
Karnataka,BELGAUM,2013,Whole Year,Coriander,348,108,0.310344828
Karnataka,BELGAUM,2013,Whole Year,Dry ginger,12,332,27.66666667
Karnataka,BELGAUM,2013,Whole Year,Garlic,648,1309,2.020061728
Karnataka,BELGAUM,2013,Whole Year,Mesta,21,28,1.333333333
Karnataka,BELGAUM,2013,Whole Year,Sannhamp,213,53,0.248826291
Karnataka,BELGAUM,2013,Whole Year,Sugarcane,159443,14389731,90.25000157
Karnataka,BELGAUM,2013,Whole Year,Sweet potato,1974,31094,15.75177305
Karnataka,BELGAUM,2013,Whole Year,Tapioca,51,446,8.745098039
Karnataka,BELGAUM,2013,Whole Year,Tobacco,9492,15609,1.644437421
Karnataka,BELGAUM,2013,Whole Year,Turmeric,3264,8917,2.73192402
Karnataka,BELGAUM,2014,Kharif,Arhar/Tur,2869,2322,0.809341234
Karnataka,BELGAUM,2014,Kharif,Bajra,9256,6146,0.664001729
Karnataka,BELGAUM,2014,Kharif,Castor seed,81,49,0.604938272
Karnataka,BELGAUM,2014,Kharif,Cotton(lint),39811,108785,2.732536234
Karnataka,BELGAUM,2014,Kharif,Cowpea(Lobia),871,830,0.952927669
Karnataka,BELGAUM,2014,Kharif,Dry chillies,2751,7438,2.703744093
Karnataka,BELGAUM,2014,Kharif,Groundnut,33675,30904,0.917713437
Karnataka,BELGAUM,2014,Kharif,Horse-gram,1417,583,0.411432604
Karnataka,BELGAUM,2014,Kharif,Jowar,20218,27793,1.374666139
Karnataka,BELGAUM,2014,Kharif,Maize,119185,447468,3.754398624
Karnataka,BELGAUM,2014,Kharif,Moong(Green Gram),25848,4616,0.178582482
Karnataka,BELGAUM,2014,Kharif,Niger seed,238,71,0.298319328
Karnataka,BELGAUM,2014,Kharif,Onion,10001,48132,4.812718728
Karnataka,BELGAUM,2014,Kharif,Other Kharif pulses,1272,706,0.555031447
Karnataka,BELGAUM,2014,Kharif,Potato,3616,34345,9.498064159
Karnataka,BELGAUM,2014,Kharif,Ragi,1032,1207,1.169573643
Karnataka,BELGAUM,2014,Kharif,Rapeseed &Mustard,246,54,0.219512195
Karnataka,BELGAUM,2014,Kharif,Rice,59938,176688,2.947846108
Karnataka,BELGAUM,2014,Kharif,Sesamum,160,138,0.8625
Karnataka,BELGAUM,2014,Kharif,Small millets,1165,1009,0.866094421
Karnataka,BELGAUM,2014,Kharif,Soyabean,74314,67986,0.914847808
Karnataka,BELGAUM,2014,Kharif,Sunflower,6253,4295,0.686870302
Karnataka,BELGAUM,2014,Kharif,Urad,2705,601,0.222181146
Karnataka,BELGAUM,2014,Rabi,Cotton(lint),470,749,1.593617021
Karnataka,BELGAUM,2014,Rabi,Cowpea(Lobia),166,61,0.36746988
Karnataka,BELGAUM,2014,Rabi,Dry chillies,814,1527,1.875921376
Karnataka,BELGAUM,2014,Rabi,Gram,78641,48934,0.622245394
Karnataka,BELGAUM,2014,Rabi,Horse-gram,940,250,0.265957447
Karnataka,BELGAUM,2014,Rabi,Jowar,103823,114413,1.10200052
Karnataka,BELGAUM,2014,Rabi,Linseed,768,193,0.251302083
Karnataka,BELGAUM,2014,Rabi,Maize,33268,115641,3.476043044
Karnataka,BELGAUM,2014,Rabi,Moong(Green Gram),65,21,0.323076923
Karnataka,BELGAUM,2014,Rabi,Onion,930,3873,4.164516129
Karnataka,BELGAUM,2014,Rabi,Other  Rabi pulses,1697,554,0.326458456
Karnataka,BELGAUM,2014,Rabi,Potato,854,9435,11.04800937
Karnataka,BELGAUM,2014,Rabi,Ragi,101,164,1.623762376
Karnataka,BELGAUM,2014,Rabi,Safflower,2807,2155,0.767723548
Karnataka,BELGAUM,2014,Rabi,Sunflower,8150,4963,0.608957055
Karnataka,BELGAUM,2014,Rabi,Urad,3,1,0.333333333
Karnataka,BELGAUM,2014,Rabi,Wheat,46809,74085,1.582708454
Karnataka,BELGAUM,2014,Summer,Cotton(lint),29,55,1.896551724
Karnataka,BELGAUM,2014,Summer,Cowpea(Lobia),210,77,0.366666667
Karnataka,BELGAUM,2014,Summer,Dry chillies,1135,2607,2.2969163
Karnataka,BELGAUM,2014,Summer,Groundnut,4050,3690,0.911111111
Karnataka,BELGAUM,2014,Summer,Jowar,64,135,2.109375
Karnataka,BELGAUM,2014,Summer,Maize,4265,17427,4.086049238
Karnataka,BELGAUM,2014,Summer,Onion,157,770,4.904458599
Karnataka,BELGAUM,2014,Summer,Potato,106,1453,13.70754717
Karnataka,BELGAUM,2014,Summer,Sunflower,1047,764,0.729703916
Karnataka,BELGAUM,2014,Whole Year,Arecanut,7,65,9.285714286
Karnataka,BELGAUM,2014,Whole Year,Cashewnut,1638,3016,1.841269841
Karnataka,BELGAUM,2014,Whole Year,Coconut,131,1169,8.923664122
Karnataka,BELGAUM,2014,Whole Year,Coriander,215,87,0.404651163
Karnataka,BELGAUM,2014,Whole Year,Dry ginger,22,639,29.04545455
Karnataka,BELGAUM,2014,Whole Year,Garlic,720,1652,2.294444444
Karnataka,BELGAUM,2014,Whole Year,Mesta,171,192,1.122807018
Karnataka,BELGAUM,2014,Whole Year,Sannhamp,77,19,0.246753247
Karnataka,BELGAUM,2014,Whole Year,Sugarcane,180571,16296533,90.25000138
Karnataka,BELGAUM,2014,Whole Year,Sweet potato,2135,38885,18.21311475
Karnataka,BELGAUM,2014,Whole Year,Tobacco,8786,11685,1.329956749
Karnataka,BELGAUM,2014,Whole Year,Turmeric,1960,4943,2.521938776
Karnataka,BELLARY,1997,Kharif,Arhar/Tur,10477,3324,0.317266393
Karnataka,BELLARY,1997,Kharif,Bajra,14047,7221,0.514059942
Karnataka,BELLARY,1997,Kharif,Dry chillies,12763,11640,0.912011283
Karnataka,BELLARY,1997,Kharif,Groundnut,76932,38353,0.49853117
Karnataka,BELLARY,1997,Kharif,Horse-gram,7394,2276,0.307817149
Karnataka,BELLARY,1997,Kharif,Jowar,51462,86921,1.689032684
Karnataka,BELLARY,1997,Kharif,Maize,73445,217603,2.962802097
Karnataka,BELLARY,1997,Kharif,Paddy,34112,145019,4.251260553
Karnataka,BELLARY,1997,Kharif,Ragi,17185,12676,0.737620017
Karnataka,BELLARY,1997,Kharif,Rice,34112,96733,2.835746951
Karnataka,BELLARY,1997,Rabi,Dry chillies,198,635,3.207070707
Karnataka,BELLARY,1997,Rabi,Groundnut,20435,21666,1.060239785
Karnataka,BELLARY,1997,Rabi,Horse-gram,863,437,0.506373117
Karnataka,BELLARY,1997,Rabi,Jowar,41994,40394,0.961899319
Karnataka,BELLARY,1997,Rabi,Maize,600,1225,2.041666667
Karnataka,BELLARY,1997,Rabi,Ragi,31,37,1.193548387
Karnataka,BELLARY,1997,Rabi,Wheat,2900,1893,0.652758621
Karnataka,BELLARY,1997,Summer,Bajra,820,662,0.807317073
Karnataka,BELLARY,1997,Summer,Jowar,738,1820,2.466124661
Karnataka,BELLARY,1997,Summer,Maize,267,578,2.164794007
Karnataka,BELLARY,1997,Summer,Paddy,23573,98311,4.170491664
Karnataka,BELLARY,1997,Summer,Rice,23573,65571,2.781614559
Karnataka,BELLARY,1997,Whole Year,Arecanut,64,92,1.4375
Karnataka,BELLARY,1997,Whole Year,Coriander,10736,2168,0.201937407
Karnataka,BELLARY,1997,Whole Year,Sugarcane,6945,488234,70.30007199
Karnataka,BELLARY,1997,Whole Year,Turmeric,1,6,6
Karnataka,BELLARY,1998,Kharif,Arhar/Tur,7563,2234,0.295385429
Karnataka,BELLARY,1998,Kharif,Bajra,25918,24114,0.930395864
Karnataka,BELLARY,1998,Kharif,Castor seed,508,433,0.852362205
Karnataka,BELLARY,1998,Kharif,Cotton(lint),66412,85696,1.29036921
Karnataka,BELLARY,1998,Kharif,Groundnut,68396,61555,0.899979531
Karnataka,BELLARY,1998,Kharif,Horse-gram,10976,4984,0.454081633
Karnataka,BELLARY,1998,Kharif,Jowar,44671,69654,1.559266638
Karnataka,BELLARY,1998,Kharif,Maize,30252,95976,3.172550575
Karnataka,BELLARY,1998,Kharif,Moong(Green Gram),3031,242,0.079841636
Karnataka,BELLARY,1998,Kharif,Niger seed,1654,427,0.258162031
Karnataka,BELLARY,1998,Kharif,Onion,7638,53886,7.054988217
Karnataka,BELLARY,1998,Kharif,Ragi,6531,5804,0.888684734
Karnataka,BELLARY,1998,Kharif,Rapeseed &Mustard,79,6,0.075949367
Karnataka,BELLARY,1998,Kharif,Rice,39395,124945,3.17159538
Karnataka,BELLARY,1998,Kharif,Sesamum,4680,1089,0.232692308
Karnataka,BELLARY,1998,Kharif,Sunflower,31997,6895,0.215488952
Karnataka,BELLARY,1998,Rabi,Bajra,451,536,1.188470067
Karnataka,BELLARY,1998,Rabi,Gram,9325,6070,0.650938338
Karnataka,BELLARY,1998,Rabi,Groundnut,25407,25244,0.993584445
Karnataka,BELLARY,1998,Rabi,Horse-gram,2428,1119,0.460873147
Karnataka,BELLARY,1998,Rabi,Jowar,49031,47827,0.975444107
Karnataka,BELLARY,1998,Rabi,Linseed,113,37,0.327433628
Karnataka,BELLARY,1998,Rabi,Maize,1217,2472,2.031224322
Karnataka,BELLARY,1998,Rabi,Moong(Green Gram),217,97,0.447004608
Karnataka,BELLARY,1998,Rabi,Onion,150,917,6.113333333
Karnataka,BELLARY,1998,Rabi,Safflower,6134,3243,0.528692533
Karnataka,BELLARY,1998,Rabi,Sunflower,29642,9593,0.323628635
Karnataka,BELLARY,1998,Rabi,Wheat,2382,2193,0.920654912
Karnataka,BELLARY,1998,Summer,Bajra,846,498,0.588652482
Karnataka,BELLARY,1998,Summer,Jowar,761,2018,2.651773982
Karnataka,BELLARY,1998,Summer,Maize,621,1412,2.273752013
Karnataka,BELLARY,1998,Summer,Onion,1108,12024,10.85198556
Karnataka,BELLARY,1998,Summer,Ragi,16,36,2.25
Karnataka,BELLARY,1998,Summer,Rice,29459,99742,3.385790421
Karnataka,BELLARY,1998,Summer,Sunflower,7766,3910,0.503476693
Karnataka,BELLARY,1998,Whole Year,Arecanut,6,40,6.666666667
Karnataka,BELLARY,1998,Whole Year,Coconut,1174,5606,4.775127768
Karnataka,BELLARY,1998,Whole Year,Coriander,11095,2241,0.201982875
Karnataka,BELLARY,1998,Whole Year,Dry chillies,11574,25136,2.171764299
Karnataka,BELLARY,1998,Whole Year,Garlic,2,5,2.5
Karnataka,BELLARY,1998,Whole Year,Turmeric,1,5,5
Karnataka,BELLARY,1999,Kharif,Arhar/Tur,8551,3396,0.397146533
Karnataka,BELLARY,1999,Kharif,Bajra,21565,13334,0.618316717
Karnataka,BELLARY,1999,Kharif,Castor seed,610,471,0.772131148
Karnataka,BELLARY,1999,Kharif,Cotton(lint),55563,55883,1.005759228
Karnataka,BELLARY,1999,Kharif,Groundnut,64145,60202,0.938529893
Karnataka,BELLARY,1999,Kharif,Horse-gram,5650,1846,0.326725664
Karnataka,BELLARY,1999,Kharif,Jowar,46369,71222,1.535983092
Karnataka,BELLARY,1999,Kharif,Maize,43028,139783,3.248652041
Karnataka,BELLARY,1999,Kharif,Moong(Green Gram),3266,1229,0.376301286
Karnataka,BELLARY,1999,Kharif,Niger seed,1581,409,0.258697027
Karnataka,BELLARY,1999,Kharif,Other Kharif pulses,2607,626,0.240122746
Karnataka,BELLARY,1999,Kharif,Ragi,5501,4146,0.753681149
Karnataka,BELLARY,1999,Kharif,Rice,47915,162081,3.382677658
Karnataka,BELLARY,1999,Kharif,Sesamum,6606,2962,0.44838026
Karnataka,BELLARY,1999,Kharif,Small millets,15521,5466,0.35216803
Karnataka,BELLARY,1999,Kharif,Sunflower,24250,8535,0.351958763
Karnataka,BELLARY,1999,Kharif,Urad,269,87,0.323420074
Karnataka,BELLARY,1999,Rabi,Gram,5788,3405,0.588286109
Karnataka,BELLARY,1999,Rabi,Groundnut,16119,15711,0.974688256
Karnataka,BELLARY,1999,Rabi,Horse-gram,1899,817,0.430226435
Karnataka,BELLARY,1999,Rabi,Jowar,66040,61544,0.931920048
Karnataka,BELLARY,1999,Rabi,Linseed,195,66,0.338461538
Karnataka,BELLARY,1999,Rabi,Maize,1513,3647,2.410442829
Karnataka,BELLARY,1999,Rabi,Moong(Green Gram),180,45,0.25
Karnataka,BELLARY,1999,Rabi,Other  Rabi pulses,5484,608,0.11086798
Karnataka,BELLARY,1999,Rabi,Ragi,29,29,1
Karnataka,BELLARY,1999,Rabi,Rapeseed &Mustard,101,8,0.079207921
Karnataka,BELLARY,1999,Rabi,Safflower,6116,6219,1.016841073
Karnataka,BELLARY,1999,Rabi,Sunflower,22273,8090,0.363220042
Karnataka,BELLARY,1999,Rabi,Urad,107,40,0.373831776
Karnataka,BELLARY,1999,Rabi,Wheat,1909,1784,0.934520691
Karnataka,BELLARY,1999,Summer,Jowar,1263,2902,2.29770388
Karnataka,BELLARY,1999,Summer,Maize,591,1080,1.827411168
Karnataka,BELLARY,1999,Summer,Ragi,8,16,2
Karnataka,BELLARY,1999,Summer,Rice,31432,94717,3.013393993
Karnataka,BELLARY,1999,Summer,Sunflower,5648,3348,0.592776204
Karnataka,BELLARY,1999,Whole Year,Banana,1756,48344,27.53075171
Karnataka,BELLARY,1999,Whole Year,Coconut,1173,5601,4.774936061
Karnataka,BELLARY,1999,Whole Year,Coriander,5948,1201,0.201916611
Karnataka,BELLARY,1999,Whole Year,Dry chillies,14920,26749,1.792828418
Karnataka,BELLARY,1999,Whole Year,Garlic,2,5,2.5
Karnataka,BELLARY,1999,Whole Year,Onion,5448,39556,7.260646109
Karnataka,BELLARY,1999,Whole Year,Sannhamp,34,9,0.264705882
Karnataka,BELLARY,1999,Whole Year,Sugarcane,7336,655105,89.30002726
Karnataka,BELLARY,1999,Whole Year,Tobacco,616,364,0.590909091
Karnataka,BELLARY,1999,Whole Year,Turmeric,1,4,4
Karnataka,BELLARY,2000,Kharif,Arhar/Tur,9645,3958,0.410368066
Karnataka,BELLARY,2000,Kharif,Bajra,25729,21054,0.818298418
Karnataka,BELLARY,2000,Kharif,Castor seed,795,1018,1.280503145
Karnataka,BELLARY,2000,Kharif,Cotton(lint),52037,68670,1.31963795
Karnataka,BELLARY,2000,Kharif,Groundnut,59678,54533,0.913787325
Karnataka,BELLARY,2000,Kharif,Horse-gram,8229,3307,0.40187143
Karnataka,BELLARY,2000,Kharif,Jowar,50214,93692,1.865854144
Karnataka,BELLARY,2000,Kharif,Maize,52284,161785,3.094350088
Karnataka,BELLARY,2000,Kharif,Moong(Green Gram),3500,1510,0.431428571
Karnataka,BELLARY,2000,Kharif,Niger seed,1719,444,0.258289703
Karnataka,BELLARY,2000,Kharif,Other Kharif pulses,2240,548,0.244642857
Karnataka,BELLARY,2000,Kharif,Ragi,5338,5730,1.073435744
Karnataka,BELLARY,2000,Kharif,Rice,52654,172729,3.280453527
Karnataka,BELLARY,2000,Kharif,Sesamum,6522,2714,0.416130021
Karnataka,BELLARY,2000,Kharif,Small millets,17240,11033,0.639965197
Karnataka,BELLARY,2000,Kharif,Sunflower,19274,11546,0.599045346
Karnataka,BELLARY,2000,Kharif,Urad,148,57,0.385135135
Karnataka,BELLARY,2000,Rabi,Bajra,160,129,0.80625
Karnataka,BELLARY,2000,Rabi,Gram,9035,9257,1.024571112
Karnataka,BELLARY,2000,Rabi,Groundnut,12594,13472,1.069715738
Karnataka,BELLARY,2000,Rabi,Horse-gram,1151,467,0.405734144
Karnataka,BELLARY,2000,Rabi,Jowar,58780,49827,0.847686288
Karnataka,BELLARY,2000,Rabi,Linseed,11,4,0.363636364
Karnataka,BELLARY,2000,Rabi,Maize,605,1435,2.371900826
Karnataka,BELLARY,2000,Rabi,Moong(Green Gram),137,37,0.270072993
Karnataka,BELLARY,2000,Rabi,Other  Rabi pulses,3986,442,0.110888108
Karnataka,BELLARY,2000,Rabi,Rapeseed &Mustard,164,13,0.079268293
Karnataka,BELLARY,2000,Rabi,Safflower,6084,3237,0.532051282
Karnataka,BELLARY,2000,Rabi,Sunflower,19149,5980,0.312287848
Karnataka,BELLARY,2000,Rabi,Urad,85,30,0.352941176
Karnataka,BELLARY,2000,Rabi,Wheat,2658,2658,1
Karnataka,BELLARY,2000,Summer,Bajra,905,989,1.09281768
Karnataka,BELLARY,2000,Summer,Jowar,714,1450,2.030812325
Karnataka,BELLARY,2000,Summer,Maize,390,1097,2.812820513
Karnataka,BELLARY,2000,Summer,Ragi,10,20,2
Karnataka,BELLARY,2000,Summer,Rice,31393,100892,3.21383748
Karnataka,BELLARY,2000,Summer,Sunflower,3824,2630,0.687761506
Karnataka,BELLARY,2000,Whole Year,Arecanut,19,27,1.421052632
Karnataka,BELLARY,2000,Whole Year,Banana,1780,33816,18.99775281
Karnataka,BELLARY,2000,Whole Year,Coconut,1267,6050,4.775059195
Karnataka,BELLARY,2000,Whole Year,Coriander,4148,838,0.202025072
Karnataka,BELLARY,2000,Whole Year,Dry chillies,8678,14402,1.659598986
Karnataka,BELLARY,2000,Whole Year,Garlic,2,5,2.5
Karnataka,BELLARY,2000,Whole Year,Onion,4118,29659,7.202282661
Karnataka,BELLARY,2000,Whole Year,Sannhamp,29,7,0.24137931
Karnataka,BELLARY,2000,Whole Year,Sugarcane,7174,783760,109.2500697
Karnataka,BELLARY,2000,Whole Year,Tobacco,1069,790,0.739008419
Karnataka,BELLARY,2000,Whole Year,Turmeric,1,4,4
Karnataka,BELLARY,2001,Kharif,Arhar/Tur,5944,2451,0.412348587
Karnataka,BELLARY,2001,Kharif,Bajra,16332,12464,0.76316434
Karnataka,BELLARY,2001,Kharif,Castor seed,620,459,0.740322581
Karnataka,BELLARY,2001,Kharif,Cotton(lint),51505,69414,1.347713814
Karnataka,BELLARY,2001,Kharif,Dry ginger,1,13,13
Karnataka,BELLARY,2001,Kharif,Groundnut,66922,57961,0.866097845
Karnataka,BELLARY,2001,Kharif,Horse-gram,6645,3731,0.561474793
Karnataka,BELLARY,2001,Kharif,Jowar,41225,60618,1.470418435
Karnataka,BELLARY,2001,Kharif,Maize,43231,140539,3.250884782
Karnataka,BELLARY,2001,Kharif,Moong(Green Gram),2206,409,0.185403445
Karnataka,BELLARY,2001,Kharif,Niger seed,1312,339,0.258384146
Karnataka,BELLARY,2001,Kharif,Other Kharif pulses,1800,442,0.245555556
Karnataka,BELLARY,2001,Kharif,Ragi,5844,8087,1.383812457
Karnataka,BELLARY,2001,Kharif,Rice,54582,175813,3.22108021
Karnataka,BELLARY,2001,Kharif,Sesamum,4069,1140,0.280167117
Karnataka,BELLARY,2001,Kharif,Small millets,12709,4729,0.372098513
Karnataka,BELLARY,2001,Kharif,Sunflower,13975,6648,0.475706619
Karnataka,BELLARY,2001,Kharif,Urad,67,25,0.373134328
Karnataka,BELLARY,2001,Rabi,Bajra,207,105,0.507246377
Karnataka,BELLARY,2001,Rabi,Gram,22324,17477,0.782879412
Karnataka,BELLARY,2001,Rabi,Horse-gram,2122,478,0.225259189
Karnataka,BELLARY,2001,Rabi,Jowar,48554,58233,1.199345059
Karnataka,BELLARY,2001,Rabi,Linseed,19,6,0.315789474
Karnataka,BELLARY,2001,Rabi,Maize,1325,3077,2.322264151
Karnataka,BELLARY,2001,Rabi,Moong(Green Gram),24,7,0.291666667
Karnataka,BELLARY,2001,Rabi,Other  Rabi pulses,2277,252,0.110671937
Karnataka,BELLARY,2001,Rabi,Ragi,10,11,1.1
Karnataka,BELLARY,2001,Rabi,Rapeseed &Mustard,185,14,0.075675676
Karnataka,BELLARY,2001,Rabi,Safflower,5265,2076,0.394301994
Karnataka,BELLARY,2001,Rabi,Sunflower,31843,12359,0.388122978
Karnataka,BELLARY,2001,Rabi,Urad,184,69,0.375
Karnataka,BELLARY,2001,Rabi,Wheat,2201,2270,1.031349387
Karnataka,BELLARY,2001,Summer,Bajra,850,929,1.092941176
Karnataka,BELLARY,2001,Summer,Jowar,844,1656,1.962085308
Karnataka,BELLARY,2001,Summer,Maize,295,776,2.630508475
Karnataka,BELLARY,2001,Summer,Rice,29231,78310,2.679005166
Karnataka,BELLARY,2001,Summer,Sunflower,4054,2734,0.674395659
Karnataka,BELLARY,2001,Whole Year,Arecanut,26,37,1.423076923
Karnataka,BELLARY,2001,Whole Year,Coconut,1264,6035,4.774525316
Karnataka,BELLARY,2001,Whole Year,Coriander,6420,1297,0.202024922
Karnataka,BELLARY,2001,Whole Year,Dry chillies,16144,15620,0.967542121
Karnataka,BELLARY,2001,Whole Year,Onion,3980,47730,11.99246231
Karnataka,BELLARY,2001,Whole Year,Sannhamp,18,5,0.277777778
Karnataka,BELLARY,2001,Whole Year,Sugarcane,7666,750118,97.84998696
Karnataka,BELLARY,2001,Whole Year,Turmeric,17,88,5.176470588
Karnataka,BELLARY,2002,Kharif,Arhar/Tur,7906,2704,0.34201872
Karnataka,BELLARY,2002,Kharif,Bajra,13560,6488,0.478466077
Karnataka,BELLARY,2002,Kharif,Castor seed,326,301,0.923312883
Karnataka,BELLARY,2002,Kharif,Cotton(lint),35188,38941,1.106655678
Karnataka,BELLARY,2002,Kharif,Groundnut,52625,30729,0.58392399
Karnataka,BELLARY,2002,Kharif,Horse-gram,6367,1440,0.226166169
Karnataka,BELLARY,2002,Kharif,Jowar,41534,41430,0.997496027
Karnataka,BELLARY,2002,Kharif,Maize,56536,128078,2.265423801
Karnataka,BELLARY,2002,Kharif,Moong(Green Gram),3870,386,0.099741602
Karnataka,BELLARY,2002,Kharif,Niger seed,754,195,0.25862069
Karnataka,BELLARY,2002,Kharif,Other Kharif pulses,983,251,0.255340793
Karnataka,BELLARY,2002,Kharif,Ragi,6325,2775,0.438735178
Karnataka,BELLARY,2002,Kharif,Rice,64289,215581,3.353310831
Karnataka,BELLARY,2002,Kharif,Sesamum,5750,2720,0.473043478
Karnataka,BELLARY,2002,Kharif,Small millets,10556,2338,0.221485411
Karnataka,BELLARY,2002,Kharif,Sunflower,22834,10031,0.439301042
Karnataka,BELLARY,2002,Kharif,Urad,28,4,0.142857143
Karnataka,BELLARY,2002,Rabi,Bajra,271,215,0.793357934
Karnataka,BELLARY,2002,Rabi,Gram,20814,12777,0.613865667
Karnataka,BELLARY,2002,Rabi,Groundnut,6306,6453,1.023311132
Karnataka,BELLARY,2002,Rabi,Horse-gram,443,362,0.817155756
Karnataka,BELLARY,2002,Rabi,Jowar,24226,12096,0.499298275
Karnataka,BELLARY,2002,Rabi,Linseed,11,4,0.363636364
Karnataka,BELLARY,2002,Rabi,Maize,2592,6539,2.522762346
Karnataka,BELLARY,2002,Rabi,Other  Rabi pulses,2095,233,0.111217184
Karnataka,BELLARY,2002,Rabi,Ragi,10,16,1.6
Karnataka,BELLARY,2002,Rabi,Rapeseed &Mustard,29,2,0.068965517
Karnataka,BELLARY,2002,Rabi,Safflower,2259,594,0.262948207
Karnataka,BELLARY,2002,Rabi,Sunflower,35564,9300,0.261500394
Karnataka,BELLARY,2002,Rabi,Urad,105,12,0.114285714
Karnataka,BELLARY,2002,Rabi,Wheat,1077,843,0.782729805
Karnataka,BELLARY,2002,Summer,Bajra,377,322,0.854111406
Karnataka,BELLARY,2002,Summer,Jowar,1426,2723,1.909537167
Karnataka,BELLARY,2002,Summer,Maize,748,1912,2.556149733
Karnataka,BELLARY,2002,Summer,Ragi,14,16,1.142857143
Karnataka,BELLARY,2002,Summer,Rice,7011,17597,2.509912994
Karnataka,BELLARY,2002,Summer,Sunflower,3448,2057,0.596577726
Karnataka,BELLARY,2002,Whole Year,Arcanut (Processed),30,43,1.433333333
Karnataka,BELLARY,2002,Whole Year,Atcanut (Raw),30,201,6.7
Karnataka,BELLARY,2002,Whole Year,Banana,2087,51609,24.72879732
Karnataka,BELLARY,2002,Whole Year,Brinjal,375,2480,6.613333333
Karnataka,BELLARY,2002,Whole Year,Cashewnut Processed,7,1,0.142857143
Karnataka,BELLARY,2002,Whole Year,Cashewnut Raw,7,4,0.571428571
Karnataka,BELLARY,2002,Whole Year,Citrus Fruit,54,937,17.35185185
Karnataka,BELLARY,2002,Whole Year,Coconut,1565,7473,4.775079872
Karnataka,BELLARY,2002,Whole Year,Coriander,2908,587,0.201856946
Karnataka,BELLARY,2002,Whole Year,Dry chillies,12144,28953,2.384140316
Karnataka,BELLARY,2002,Whole Year,Garlic,4,11,2.75
Karnataka,BELLARY,2002,Whole Year,Grapes,12,357,29.75
Karnataka,BELLARY,2002,Whole Year,Mango,1296,4248,3.277777778
Karnataka,BELLARY,2002,Whole Year,Onion,3574,57874,16.193061
Karnataka,BELLARY,2002,Whole Year,Other Fresh Fruits,668,2098,3.140718563
Karnataka,BELLARY,2002,Whole Year,Papaya,373,815,2.184986595
Karnataka,BELLARY,2002,Whole Year,Pome Fruit,55,337,6.127272727
Karnataka,BELLARY,2002,Whole Year,Sannhamp,22,6,0.272727273
Karnataka,BELLARY,2002,Whole Year,Sugarcane,5327,384609,72.19992491
Karnataka,BELLARY,2002,Whole Year,Tobacco,135,48,0.355555556
Karnataka,BELLARY,2002,Whole Year,Tomato,763,13310,17.44429882
Karnataka,BELLARY,2002,Whole Year,Turmeric,5,22,4.4
Karnataka,BELLARY,2003,Kharif,Arhar/Tur,5526,1774,0.321027868
Karnataka,BELLARY,2003,Kharif,Bajra,25949,17480,0.673629042
Karnataka,BELLARY,2003,Kharif,Castor seed,166,149,0.897590361
Karnataka,BELLARY,2003,Kharif,Cotton(lint),26088,21825,0.836591536
Karnataka,BELLARY,2003,Kharif,Dry ginger,1,13,13
Karnataka,BELLARY,2003,Kharif,Groundnut,50766,32963,0.649312532
Karnataka,BELLARY,2003,Kharif,Horse-gram,8108,1833,0.226073014
Karnataka,BELLARY,2003,Kharif,Jowar,20430,28900,1.414586393
Karnataka,BELLARY,2003,Kharif,Maize,58068,159871,2.753168699
Karnataka,BELLARY,2003,Kharif,Moong(Green Gram),1300,59,0.045384615
Karnataka,BELLARY,2003,Kharif,Niger seed,791,204,0.257901391
Karnataka,BELLARY,2003,Kharif,Other Kharif pulses,756,195,0.257936508
Karnataka,BELLARY,2003,Kharif,Ragi,9896,8075,0.815986257
Karnataka,BELLARY,2003,Kharif,Rice,49995,190076,3.80190019
Karnataka,BELLARY,2003,Kharif,Sesamum,2681,311,0.116001492
Karnataka,BELLARY,2003,Kharif,Small millets,13583,6122,0.450710447
Karnataka,BELLARY,2003,Kharif,Sunflower,29880,13043,0.436512718
Karnataka,BELLARY,2003,Kharif,Urad,26,7,0.269230769
Karnataka,BELLARY,2003,Rabi,Bajra,117,105,0.897435897
Karnataka,BELLARY,2003,Rabi,Gram,19014,9108,0.479015462
Karnataka,BELLARY,2003,Rabi,Groundnut,6625,5895,0.889811321
Karnataka,BELLARY,2003,Rabi,Horse-gram,697,41,0.058823529
Karnataka,BELLARY,2003,Rabi,Jowar,39277,41863,1.065840059
Karnataka,BELLARY,2003,Rabi,Linseed,6,0,0
Karnataka,BELLARY,2003,Rabi,Maize,2410,5109,2.119917012
Karnataka,BELLARY,2003,Rabi,Other  Rabi pulses,1435,159,0.110801394
Karnataka,BELLARY,2003,Rabi,Ragi,211,29,0.137440758
Karnataka,BELLARY,2003,Rabi,Rapeseed &Mustard,10,1,0.1
Karnataka,BELLARY,2003,Rabi,Safflower,4850,1209,0.249278351
Karnataka,BELLARY,2003,Rabi,Sunflower,58584,14922,0.254711184
Karnataka,BELLARY,2003,Rabi,Urad,34,18,0.529411765
Karnataka,BELLARY,2003,Rabi,Wheat,990,707,0.714141414
Karnataka,BELLARY,2003,Summer,Bajra,277,250,0.902527076
Karnataka,BELLARY,2003,Summer,Jowar,876,2497,2.850456621
Karnataka,BELLARY,2003,Summer,Maize,576,1450,2.517361111
Karnataka,BELLARY,2003,Summer,Ragi,15,18,1.2
Karnataka,BELLARY,2003,Summer,Rice,5971,27818,4.658851114
Karnataka,BELLARY,2003,Summer,Sunflower,4252,2210,0.519755409
Karnataka,BELLARY,2003,Whole Year,Arecanut,30,43,1.433333333
Karnataka,BELLARY,2003,Whole Year,Banana,2483,47400,19.08981071
Karnataka,BELLARY,2003,Whole Year,Brinjal,1420,10842,7.635211268
Karnataka,BELLARY,2003,Whole Year,Citrus Fruit,57,901,15.80701754
Karnataka,BELLARY,2003,Whole Year,Coconut,1312,6264,4.774390244
Karnataka,BELLARY,2003,Whole Year,Coriander,3503,707,0.201827005
Karnataka,BELLARY,2003,Whole Year,Dry chillies,648,2101,3.242283951
Karnataka,BELLARY,2003,Whole Year,Garlic,3,8,2.666666667
Karnataka,BELLARY,2003,Whole Year,Grapes,15,440,29.33333333
Karnataka,BELLARY,2003,Whole Year,Mango,650,1604,2.467692308
Karnataka,BELLARY,2003,Whole Year,Onion,3745,42375,11.31508678
Karnataka,BELLARY,2003,Whole Year,Other Fresh Fruits,689,2246,3.259796807
Karnataka,BELLARY,2003,Whole Year,Pome Fruit,29,160,5.517241379
Karnataka,BELLARY,2003,Whole Year,Sugarcane,1831,121762,66.50027307
Karnataka,BELLARY,2003,Whole Year,Tobacco,303,170,0.561056106
Karnataka,BELLARY,2003,Whole Year,Tomato,383,4963,12.95822454
Karnataka,BELLARY,2003,Whole Year,Turmeric,1,5,5
Karnataka,BELLARY,2004,Kharif,Arhar/Tur,8889,4982,0.560467994
Karnataka,BELLARY,2004,Kharif,Bajra,17021,12115,0.711767816
Karnataka,BELLARY,2004,Kharif,Castor seed,209,181,0.866028708
Karnataka,BELLARY,2004,Kharif,Cotton(lint),42373,48777,1.151133977
Karnataka,BELLARY,2004,Kharif,Dry ginger,1,13,13
Karnataka,BELLARY,2004,Kharif,Groundnut,65371,25628,0.392039283
Karnataka,BELLARY,2004,Kharif,Horse-gram,5320,2911,0.547180451
Karnataka,BELLARY,2004,Kharif,Jowar,55896,98268,1.758050666
Karnataka,BELLARY,2004,Kharif,Maize,51467,155182,3.015174772
Karnataka,BELLARY,2004,Kharif,Moong(Green Gram),5575,1822,0.326816143
Karnataka,BELLARY,2004,Kharif,Niger seed,831,215,0.258724428
Karnataka,BELLARY,2004,Kharif,Other Kharif pulses,968,251.68,0.26
Karnataka,BELLARY,2004,Kharif,Ragi,5742,4739,0.825322187
Karnataka,BELLARY,2004,Kharif,Rice,51935,178111.08,3.429499952
Karnataka,BELLARY,2004,Kharif,Sesamum,6495,2184,0.336258661
Karnataka,BELLARY,2004,Kharif,Small millets,9702,3725,0.383941455
Karnataka,BELLARY,2004,Kharif,Sunflower,39224,18559,0.473154191
Karnataka,BELLARY,2004,Kharif,Urad,8,1,0.125
Karnataka,BELLARY,2004,Rabi,Bajra,222,200,0.900900901
Karnataka,BELLARY,2004,Rabi,Gram,10510,4448,0.423215985
Karnataka,BELLARY,2004,Rabi,Groundnut,7593,5667,0.746345318
Karnataka,BELLARY,2004,Rabi,Horse-gram,566,192,0.339222615
Karnataka,BELLARY,2004,Rabi,Jowar,29941,19541,0.652650212
Karnataka,BELLARY,2004,Rabi,Linseed,10,2,0.2
Karnataka,BELLARY,2004,Rabi,Maize,1657,3956,2.387447194
Karnataka,BELLARY,2004,Rabi,Moong(Green Gram),102,25,0.245098039
Karnataka,BELLARY,2004,Rabi,Other  Rabi pulses,1435,159,0.110801394
Karnataka,BELLARY,2004,Rabi,Ragi,8,13,1.625
Karnataka,BELLARY,2004,Rabi,Rapeseed &Mustard,17,1,0.058823529
Karnataka,BELLARY,2004,Rabi,Rice,280,944,3.371428571
Karnataka,BELLARY,2004,Rabi,Safflower,5975,1977,0.330878661
Karnataka,BELLARY,2004,Rabi,Sunflower,42374,13615,0.321305518
Karnataka,BELLARY,2004,Rabi,Urad,53,18,0.339622642
Karnataka,BELLARY,2004,Rabi,Wheat,848,768,0.905660377
Karnataka,BELLARY,2004,Summer,Bajra,1327,1072,0.807837227
Karnataka,BELLARY,2004,Summer,Jowar,3133,2488,0.794127035
Karnataka,BELLARY,2004,Summer,Maize,658,2013,3.059270517
Karnataka,BELLARY,2004,Summer,Ragi,44,70,1.590909091
Karnataka,BELLARY,2004,Summer,Rice,14592,68619,4.702508224
Karnataka,BELLARY,2004,Summer,Sunflower,6560,4294,0.654573171
Karnataka,BELLARY,2004,Whole Year,Arecanut,32,46,1.4375
Karnataka,BELLARY,2004,Whole Year,Banana,3255,89106,27.37511521
Karnataka,BELLARY,2004,Whole Year,Coconut,1259,60721.57,48.23
Karnataka,BELLARY,2004,Whole Year,Coriander,4327,874,0.20198752
Karnataka,BELLARY,2004,Whole Year,Dry chillies,10673,10299,0.964958306
Karnataka,BELLARY,2004,Whole Year,Garlic,1,3,3
Karnataka,BELLARY,2004,Whole Year,Onion,3761,38433,10.21882478
Karnataka,BELLARY,2004,Whole Year,Sannhamp,127,32,0.251968504
Karnataka,BELLARY,2004,Whole Year,Tobacco,560,413,0.7375
Karnataka,BELLARY,2004,Whole Year,Turmeric,1,5,5
Karnataka,BELLARY,2005,Kharif,Arhar/Tur,10655,5628,0.528202722
Karnataka,BELLARY,2005,Kharif,Bajra,20594,16424,0.797513839
Karnataka,BELLARY,2005,Kharif,Castor seed,225,234,1.04
Karnataka,BELLARY,2005,Kharif,Dry chillies,9961,15021,1.507981126
Karnataka,BELLARY,2005,Kharif,Groundnut,65711,27396,0.416916498
Karnataka,BELLARY,2005,Kharif,Horse-gram,7122,3687,0.51769166
Karnataka,BELLARY,2005,Kharif,Jowar,40775,86998,2.133611281
Karnataka,BELLARY,2005,Kharif,Maize,68802,223457,3.247827098
Karnataka,BELLARY,2005,Kharif,Moong(Green Gram),3098,412,0.132989025
Karnataka,BELLARY,2005,Kharif,Niger seed,714,184,0.257703081
Karnataka,BELLARY,2005,Kharif,Onion,2999,25442,8.483494498
Karnataka,BELLARY,2005,Kharif,Other Kharif pulses,1451,377,0.259820813
Karnataka,BELLARY,2005,Kharif,Ragi,6581,5714,0.868257104
Karnataka,BELLARY,2005,Kharif,Rice,61783,188994,3.058996811
Karnataka,BELLARY,2005,Kharif,Sesamum,6282,2936,0.467367081
Karnataka,BELLARY,2005,Kharif,Small millets,10327,2822,0.273264259
Karnataka,BELLARY,2005,Kharif,Sunflower,45056,18516,0.410955256
Karnataka,BELLARY,2005,Kharif,Urad,73,14,0.191780822
Karnataka,BELLARY,2005,Rabi,Bajra,78,104,1.333333333
Karnataka,BELLARY,2005,Rabi,Dry chillies,172,207,1.203488372
Karnataka,BELLARY,2005,Rabi,Gram,15561,11198,0.719619562
Karnataka,BELLARY,2005,Rabi,Groundnut,8989,5245,0.583490933
Karnataka,BELLARY,2005,Rabi,Horse-gram,875,448,0.512
Karnataka,BELLARY,2005,Rabi,Jowar,38297,40278,1.051727289
Karnataka,BELLARY,2005,Rabi,Linseed,28,9,0.321428571
Karnataka,BELLARY,2005,Rabi,Maize,2382,8307,3.487405542
Karnataka,BELLARY,2005,Rabi,Moong(Green Gram),108,32,0.296296296
Karnataka,BELLARY,2005,Rabi,Onion,277,2871,10.36462094
Karnataka,BELLARY,2005,Rabi,Other  Rabi pulses,1634,181,0.110771114
Karnataka,BELLARY,2005,Rabi,Rapeseed &Mustard,295,23,0.077966102
Karnataka,BELLARY,2005,Rabi,Rice,490,1871,3.818367347
Karnataka,BELLARY,2005,Rabi,Safflower,4832,1579,0.326779801
Karnataka,BELLARY,2005,Rabi,Sunflower,58156,17037,0.292953436
Karnataka,BELLARY,2005,Rabi,Urad,80,38,0.475
Karnataka,BELLARY,2005,Rabi,Wheat,1228,1341,1.092019544
Karnataka,BELLARY,2005,Summer,Bajra,913,1084,1.187294633
Karnataka,BELLARY,2005,Summer,Dry chillies,63,166,2.634920635
Karnataka,BELLARY,2005,Summer,Jowar,886,2104,2.374717833
Karnataka,BELLARY,2005,Summer,Maize,417,1585,3.800959233
Karnataka,BELLARY,2005,Summer,Onion,741,13535,18.26585695
Karnataka,BELLARY,2005,Summer,Ragi,82,179,2.182926829
Karnataka,BELLARY,2005,Summer,Rice,40538,138524,3.417139474
Karnataka,BELLARY,2005,Summer,Sunflower,5907,4551,0.770441849
Karnataka,BELLARY,2005,Whole Year,Arecanut,58,389,6.706896552
Karnataka,BELLARY,2005,Whole Year,Banana,14,607,43.35714286
Karnataka,BELLARY,2005,Whole Year,Coconut,1140,5443,4.774561404
Karnataka,BELLARY,2005,Whole Year,Coriander,3809,769,0.20189026
Karnataka,BELLARY,2005,Whole Year,Cotton(lint),26690,35262,1.321168977
Karnataka,BELLARY,2005,Whole Year,Dry ginger,1,13,13
Karnataka,BELLARY,2005,Whole Year,Sugarcane,3531,338799,95.94987256
Karnataka,BELLARY,2005,Whole Year,Tobacco,379,240,0.633245383
Karnataka,BELLARY,2006,Kharif,Arhar/Tur,9353,4363,0.466481343
Karnataka,BELLARY,2006,Kharif,Bajra,15831,7505,0.474069863
Karnataka,BELLARY,2006,Kharif,Castor seed,185,148,0.8
Karnataka,BELLARY,2006,Kharif,Gram,32,4,0.125
Karnataka,BELLARY,2006,Kharif,Groundnut,58136,13118,0.225643319
Karnataka,BELLARY,2006,Kharif,Horse-gram,4818,2632,0.546284765
Karnataka,BELLARY,2006,Kharif,Jowar,37111,42306,1.139985449
Karnataka,BELLARY,2006,Kharif,Maize,79209,179807,2.270032446
Karnataka,BELLARY,2006,Kharif,Moong(Green Gram),2698,420,0.155670867
Karnataka,BELLARY,2006,Kharif,Niger seed,663,171,0.257918552
Karnataka,BELLARY,2006,Kharif,Other Kharif pulses,1460,675,0.462328767
Karnataka,BELLARY,2006,Kharif,Ragi,3688,1657,0.449295011
Karnataka,BELLARY,2006,Kharif,Rapeseed &Mustard,75,6,0.08
Karnataka,BELLARY,2006,Kharif,Rice,66354,204553,3.082753112
Karnataka,BELLARY,2006,Kharif,Sesamum,6199,1537,0.247943217
Karnataka,BELLARY,2006,Kharif,Small millets,4021,726,0.180552101
Karnataka,BELLARY,2006,Kharif,Sunflower,48648,18060,0.371238283
Karnataka,BELLARY,2006,Kharif,Urad,32,4,0.125
Karnataka,BELLARY,2006,Rabi,Bajra,25,28,1.12
Karnataka,BELLARY,2006,Rabi,Gram,37539,17799,0.474146887
Karnataka,BELLARY,2006,Rabi,Groundnut,10293,8822,0.857087341
Karnataka,BELLARY,2006,Rabi,Horse-gram,1273,483,0.379418696
Karnataka,BELLARY,2006,Rabi,Jowar,17651,17696,1.002549431
Karnataka,BELLARY,2006,Rabi,Linseed,133,41,0.308270677
Karnataka,BELLARY,2006,Rabi,Maize,871,2274,2.610792193
Karnataka,BELLARY,2006,Rabi,Moong(Green Gram),60,18,0.3
Karnataka,BELLARY,2006,Rabi,Other  Rabi pulses,2164,514,0.237523105
Karnataka,BELLARY,2006,Rabi,Rice,2993,14299,4.777480789
Karnataka,BELLARY,2006,Rabi,Safflower,3765,1628,0.432403718
Karnataka,BELLARY,2006,Rabi,Sunflower,50126,16144,0.322068388
Karnataka,BELLARY,2006,Rabi,Urad,170,89,0.523529412
Karnataka,BELLARY,2006,Rabi,Wheat,889,798,0.897637795
Karnataka,BELLARY,2006,Summer,Bajra,1166,1385,1.187821612
Karnataka,BELLARY,2006,Summer,Jowar,947,2114,2.232312566
Karnataka,BELLARY,2006,Summer,Maize,1155,3701,3.204329004
Karnataka,BELLARY,2006,Summer,Ragi,84,179,2.130952381
Karnataka,BELLARY,2006,Summer,Rice,36575,129221,3.533041695
Karnataka,BELLARY,2006,Summer,Sunflower,8395,7353,0.875878499
Karnataka,BELLARY,2006,Whole Year,Arecanut,62,89,1.435483871
Karnataka,BELLARY,2006,Whole Year,Banana,2295,25435,11.08278867
Karnataka,BELLARY,2006,Whole Year,Coconut,1251,5973,4.774580336
Karnataka,BELLARY,2006,Whole Year,Coriander,2602,525,0.201767871
Karnataka,BELLARY,2006,Whole Year,Cotton(lint),19167,28963,1.511086764
Karnataka,BELLARY,2006,Whole Year,Dry chillies,12714,19139,1.505348435
Karnataka,BELLARY,2006,Whole Year,Dry ginger,1,13,13
Karnataka,BELLARY,2006,Whole Year,Onion,3577,23238,6.496505451
Karnataka,BELLARY,2006,Whole Year,Sugarcane,3293,297193,90.24992408
Karnataka,BELLARY,2006,Whole Year,Tobacco,1069,476,0.445275959
Karnataka,BELLARY,2007,Kharif,Arhar/Tur,9917,5398,0.544317838
Karnataka,BELLARY,2007,Kharif,Bajra,15855,13500,0.851466414
Karnataka,BELLARY,2007,Kharif,Castor seed,184,123,0.668478261
Karnataka,BELLARY,2007,Kharif,Dry chillies,14153,23489,1.659648131
Karnataka,BELLARY,2007,Kharif,Groundnut,57502,43233,0.751852109
Karnataka,BELLARY,2007,Kharif,Horse-gram,3825,3071,0.802875817
Karnataka,BELLARY,2007,Kharif,Jowar,38906,63379,1.629028942
Karnataka,BELLARY,2007,Kharif,Maize,91886,260481,2.834827939
Karnataka,BELLARY,2007,Kharif,Moong(Green Gram),2835,439,0.154850088
Karnataka,BELLARY,2007,Kharif,Niger seed,554,208,0.375451264
Karnataka,BELLARY,2007,Kharif,Onion,3213,20332,6.328042328
Karnataka,BELLARY,2007,Kharif,Other Kharif pulses,1381,659,0.477190442
Karnataka,BELLARY,2007,Kharif,Ragi,3766,2700,0.716941052
Karnataka,BELLARY,2007,Kharif,Rice,76597,283719,3.704048461
Karnataka,BELLARY,2007,Kharif,Sesamum,4816,2219,0.460755814
Karnataka,BELLARY,2007,Kharif,Small millets,4640,1261,0.271767241
Karnataka,BELLARY,2007,Kharif,Sunflower,49902,18862,0.377980842
Karnataka,BELLARY,2007,Kharif,Urad,68,29,0.426470588
Karnataka,BELLARY,2007,Rabi,Bajra,435,504,1.15862069
Karnataka,BELLARY,2007,Rabi,Dry chillies,28,49,1.75
Karnataka,BELLARY,2007,Rabi,Gram,33878,18833,0.555906488
Karnataka,BELLARY,2007,Rabi,Groundnut,10907,9460,0.867332905
Karnataka,BELLARY,2007,Rabi,Horse-gram,1145,520,0.454148472
Karnataka,BELLARY,2007,Rabi,Jowar,24631,41002,1.664650238
Karnataka,BELLARY,2007,Rabi,Linseed,35,14,0.4
Karnataka,BELLARY,2007,Rabi,Maize,2886,9162,3.174636175
Karnataka,BELLARY,2007,Rabi,Moong(Green Gram),116,38,0.327586207
Karnataka,BELLARY,2007,Rabi,Onion,156,1313,8.416666667
Karnataka,BELLARY,2007,Rabi,Other  Rabi pulses,2091,497,0.237685318
Karnataka,BELLARY,2007,Rabi,Rice,367,1414,3.852861035
Karnataka,BELLARY,2007,Rabi,Safflower,3198,1972,0.616635397
Karnataka,BELLARY,2007,Rabi,Sunflower,42833,16935,0.395372727
Karnataka,BELLARY,2007,Rabi,Urad,115,45,0.391304348
Karnataka,BELLARY,2007,Rabi,Wheat,1162,1226,1.055077453
Karnataka,BELLARY,2007,Summer,Bajra,1574,1570,0.997458704
Karnataka,BELLARY,2007,Summer,Dry chillies,45,152,3.377777778
Karnataka,BELLARY,2007,Summer,Jowar,967,2303,2.381592554
Karnataka,BELLARY,2007,Summer,Maize,1416,4001,2.825564972
Karnataka,BELLARY,2007,Summer,Onion,476,2170,4.558823529
Karnataka,BELLARY,2007,Summer,Ragi,63,131,2.079365079
Karnataka,BELLARY,2007,Summer,Rice,40890,131492,3.215749572
Karnataka,BELLARY,2007,Summer,Sunflower,7283,7472,1.025950844
Karnataka,BELLARY,2007,Whole Year,Arecanut,62,416,6.709677419
Karnataka,BELLARY,2007,Whole Year,Banana,1189,21821,18.35239697
Karnataka,BELLARY,2007,Whole Year,Coconut,1310,6670,5.091603053
Karnataka,BELLARY,2007,Whole Year,Coriander,3281,1241,0.378238342
Karnataka,BELLARY,2007,Whole Year,Cotton(lint),26604,48546,1.824763194
Karnataka,BELLARY,2007,Whole Year,Dry ginger,1,21,21
Karnataka,BELLARY,2007,Whole Year,Sannhamp,81,20,0.24691358
Karnataka,BELLARY,2007,Whole Year,Sugarcane,2402,203089,84.54995837
Karnataka,BELLARY,2007,Whole Year,Tobacco,245,104,0.424489796
Karnataka,BELLARY,2007,Whole Year,Turmeric,4,31,7.75
Karnataka,BELLARY,2008,Kharif,Arhar/Tur,9640,4854,0.503526971
Karnataka,BELLARY,2008,Kharif,Bajra,12052,7336,0.608695652
Karnataka,BELLARY,2008,Kharif,Castor seed,118,112,0.949152542
Karnataka,BELLARY,2008,Kharif,Dry chillies,13202,15013,1.137176185
Karnataka,BELLARY,2008,Kharif,Groundnut,62958,16648,0.264430255
Karnataka,BELLARY,2008,Kharif,Horse-gram,4688,2855,0.609001706
Karnataka,BELLARY,2008,Kharif,Jowar,29507,32475,1.100586302
Karnataka,BELLARY,2008,Kharif,Maize,81737,221134,2.70543328
Karnataka,BELLARY,2008,Kharif,Moong(Green Gram),1075,88,0.081860465
Karnataka,BELLARY,2008,Kharif,Niger seed,604,221,0.36589404
Karnataka,BELLARY,2008,Kharif,Onion,3148,16481,5.235387548
Karnataka,BELLARY,2008,Kharif,Other Kharif pulses,926,631,0.681425486
Karnataka,BELLARY,2008,Kharif,Ragi,3576,1783,0.49860179
Karnataka,BELLARY,2008,Kharif,Rice,77958,283650.18,3.638499962
Karnataka,BELLARY,2008,Kharif,Sesamum,2018,581,0.287908821
Karnataka,BELLARY,2008,Kharif,Sunflower,36013,15316,0.425290867
Karnataka,BELLARY,2008,Kharif,Urad,13,3,0.230769231
Karnataka,BELLARY,2008,Rabi,Bajra,354,331,0.935028249
Karnataka,BELLARY,2008,Rabi,Dry chillies,38,64,1.684210526
Karnataka,BELLARY,2008,Rabi,Gram,38579,25555,0.662407009
Karnataka,BELLARY,2008,Rabi,Groundnut,8967,7437,0.829374373
Karnataka,BELLARY,2008,Rabi,Horse-gram,1180,373,0.316101695
Karnataka,BELLARY,2008,Rabi,Jowar,25723,32753,1.273296272
Karnataka,BELLARY,2008,Rabi,Linseed,15,6,0.4
Karnataka,BELLARY,2008,Rabi,Maize,3418,7487,2.190462259
Karnataka,BELLARY,2008,Rabi,Moong(Green Gram),50,13,0.26
Karnataka,BELLARY,2008,Rabi,Onion,122,815,6.680327869
Karnataka,BELLARY,2008,Rabi,Other  Rabi pulses,1762,440,0.249716232
Karnataka,BELLARY,2008,Rabi,Ragi,54,79,1.462962963
Karnataka,BELLARY,2008,Rabi,Rice,150,700,4.666666667
Karnataka,BELLARY,2008,Rabi,Safflower,1285,472,0.367315175
Karnataka,BELLARY,2008,Rabi,Sunflower,52536,17629,0.335560378
Karnataka,BELLARY,2008,Rabi,Urad,126,55,0.436507937
Karnataka,BELLARY,2008,Rabi,Wheat,1272,1444,1.135220126
Karnataka,BELLARY,2008,Summer,Bajra,994,1180,1.187122736
Karnataka,BELLARY,2008,Summer,Dry chillies,34,112,3.294117647
Karnataka,BELLARY,2008,Summer,Jowar,1085,2472,2.278341014
Karnataka,BELLARY,2008,Summer,Maize,2305,6160,2.672451193
Karnataka,BELLARY,2008,Summer,Onion,605,3151,5.208264463
Karnataka,BELLARY,2008,Summer,Ragi,69,137,1.985507246
Karnataka,BELLARY,2008,Summer,Rice,44613,157154,3.522605519
Karnataka,BELLARY,2008,Summer,Sunflower,4680,3881,0.829273504
Karnataka,BELLARY,2008,Whole Year,Arecanut,62,416,6.709677419
Karnataka,BELLARY,2008,Whole Year,Banana,1539,49871,32.40480832
Karnataka,BELLARY,2008,Whole Year,Coconut,1080,7399,6.850925926
Karnataka,BELLARY,2008,Whole Year,Coriander,3755,2015,0.536617843
Karnataka,BELLARY,2008,Whole Year,Cotton(lint),19627,36344,1.851734855
Karnataka,BELLARY,2008,Whole Year,Dry ginger,1,32,32
Karnataka,BELLARY,2008,Whole Year,Mesta,3,4,1.333333333
Karnataka,BELLARY,2008,Whole Year,Sugarcane,1932,249614,129.199793
Karnataka,BELLARY,2008,Whole Year,Tobacco,215,109,0.506976744
Karnataka,BELLARY,2009,Kharif,Arhar/Tur,8938,3303,0.36954576
Karnataka,BELLARY,2009,Kharif,Bajra,13586,8249,0.607169145
Karnataka,BELLARY,2009,Kharif,Castor seed,122,79,0.647540984
Karnataka,BELLARY,2009,Kharif,Gram,3692,1926,0.521668472
Karnataka,BELLARY,2009,Kharif,Groundnut,62079,16191,0.260812835
Karnataka,BELLARY,2009,Kharif,Horse-gram,3692,1926,0.521668472
Karnataka,BELLARY,2009,Kharif,Jowar,30529,28300,0.926987455
Karnataka,BELLARY,2009,Kharif,Maize,97077,189500,1.952058675
Karnataka,BELLARY,2009,Kharif,Moong(Green Gram),1319,278,0.210765732
Karnataka,BELLARY,2009,Kharif,Niger seed,442,158,0.357466063
Karnataka,BELLARY,2009,Kharif,Onion,2732,12217,4.47181552
Karnataka,BELLARY,2009,Kharif,Other Kharif pulses,692,305,0.440751445
Karnataka,BELLARY,2009,Kharif,Ragi,3356,1082,0.322407628
Karnataka,BELLARY,2009,Kharif,Rice,80447,248380.11,3.087499969
Karnataka,BELLARY,2009,Kharif,Sesamum,2911,536,0.184129165
Karnataka,BELLARY,2009,Kharif,Small millets,3181,777,0.24426281
Karnataka,BELLARY,2009,Kharif,Sunflower,24040,8523,0.35453411
Karnataka,BELLARY,2009,Rabi,Bajra,116,132,1.137931034
Karnataka,BELLARY,2009,Rabi,Dry chillies,19,57,3
Karnataka,BELLARY,2009,Rabi,Gram,3606,894,0.247920133
Karnataka,BELLARY,2009,Rabi,Groundnut,8853,7233,0.817011183
Karnataka,BELLARY,2009,Rabi,Horse-gram,3606,894,0.247920133
Karnataka,BELLARY,2009,Rabi,Jowar,24292,26979,1.110612547
Karnataka,BELLARY,2009,Rabi,Linseed,13,4,0.307692308
Karnataka,BELLARY,2009,Rabi,Maize,2216,4954,2.235559567
Karnataka,BELLARY,2009,Rabi,Moong(Green Gram),15,4,0.266666667
Karnataka,BELLARY,2009,Rabi,Onion,458,2713,5.923580786
Karnataka,BELLARY,2009,Rabi,Other  Rabi pulses,1898,458,0.241306639
Karnataka,BELLARY,2009,Rabi,Ragi,25,35,1.4
Karnataka,BELLARY,2009,Rabi,Rice,46,185,4.02173913
Karnataka,BELLARY,2009,Rabi,Safflower,1343,411,0.306031273
Karnataka,BELLARY,2009,Rabi,Sunflower,40331,14103,0.349681387
Karnataka,BELLARY,2009,Rabi,Urad,77,30,0.38961039
Karnataka,BELLARY,2009,Rabi,Wheat,1174,1051,0.895229983
Karnataka,BELLARY,2009,Summer,Bajra,381,428,1.12335958
Karnataka,BELLARY,2009,Summer,Dry chillies,27,124,4.592592593
Karnataka,BELLARY,2009,Summer,Jowar,727,2210,3.039889959
Karnataka,BELLARY,2009,Summer,Maize,1224,3688,3.013071895
Karnataka,BELLARY,2009,Summer,Onion,675,3705,5.488888889
Karnataka,BELLARY,2009,Summer,Ragi,68,128,1.882352941
Karnataka,BELLARY,2009,Summer,Rice,39921,132661,3.323088099
Karnataka,BELLARY,2009,Summer,Sunflower,3224,2625,0.814205955
Karnataka,BELLARY,2009,Whole Year,Arecanut,74,496,6.702702703
Karnataka,BELLARY,2009,Whole Year,Banana,1532,56569,36.92493473
Karnataka,BELLARY,2009,Whole Year,Coconut,1039,7387,7.109720885
Karnataka,BELLARY,2009,Whole Year,Coriander,3354,1551,0.462432916
Karnataka,BELLARY,2009,Whole Year,Cotton(lint),25269,47008,1.860303138
Karnataka,BELLARY,2009,Whole Year,Dry ginger,1,31,31
Karnataka,BELLARY,2009,Whole Year,Sugarcane,2464,238762,96.90016234
Karnataka,BELLARY,2009,Whole Year,Tobacco,466,359,0.770386266
Karnataka,BELLARY,2010,Kharif,Arhar/Tur,10544,4367,0.414169196
Karnataka,BELLARY,2010,Kharif,Bajra,13457,11295,0.83934012
Karnataka,BELLARY,2010,Kharif,Castor seed,145,121,0.834482759
Karnataka,BELLARY,2010,Kharif,Cotton(lint),37118,100359,2.703782531
Karnataka,BELLARY,2010,Kharif,Cowpea(Lobia),362,187,0.516574586
Karnataka,BELLARY,2010,Kharif,Dry chillies,10387,11259,1.083951093
Karnataka,BELLARY,2010,Kharif,Groundnut,63596,20851,0.327866532
Karnataka,BELLARY,2010,Kharif,Horse-gram,3900,2749,0.704871795
Karnataka,BELLARY,2010,Kharif,Jowar,28537,40568,1.42159302
Karnataka,BELLARY,2010,Kharif,Maize,89370,254848,2.851605684
Karnataka,BELLARY,2010,Kharif,Moong(Green Gram),469,105,0.223880597
Karnataka,BELLARY,2010,Kharif,Niger seed,838,143,0.170644391
Karnataka,BELLARY,2010,Kharif,Onion,2798,17961,6.41922802
Karnataka,BELLARY,2010,Kharif,Other Kharif pulses,234,87,0.371794872
Karnataka,BELLARY,2010,Kharif,Ragi,5966,3606,0.604425075
Karnataka,BELLARY,2010,Kharif,Rice,88799,339376,3.821844841
Karnataka,BELLARY,2010,Kharif,Sesamum,2075,656,0.316144578
Karnataka,BELLARY,2010,Kharif,Small millets,4145,1197,0.288781665
Karnataka,BELLARY,2010,Kharif,Sunflower,13422,7750,0.577410222
Karnataka,BELLARY,2010,Kharif,Urad,3,1,0.333333333
Karnataka,BELLARY,2010,Rabi,Bajra,84,86,1.023809524
Karnataka,BELLARY,2010,Rabi,Cotton(lint),7774,20933,2.692693594
Karnataka,BELLARY,2010,Rabi,Cowpea(Lobia),1821,481,0.264140582
Karnataka,BELLARY,2010,Rabi,Dry chillies,12,33,2.75
Karnataka,BELLARY,2010,Rabi,Gram,69458,42262,0.60845403
Karnataka,BELLARY,2010,Rabi,Groundnut,8667,6669,0.769470405
Karnataka,BELLARY,2010,Rabi,Horse-gram,1482,1067,0.719973009
Karnataka,BELLARY,2010,Rabi,Jowar,20656,29007,1.404289311
Karnataka,BELLARY,2010,Rabi,Linseed,7,2,0.285714286
Karnataka,BELLARY,2010,Rabi,Maize,2383,5957,2.49979018
Karnataka,BELLARY,2010,Rabi,Moong(Green Gram),26,7,0.269230769
Karnataka,BELLARY,2010,Rabi,Onion,84,575,6.845238095
Karnataka,BELLARY,2010,Rabi,Rice,135,602,4.459259259
Karnataka,BELLARY,2010,Rabi,Safflower,819,305,0.372405372
Karnataka,BELLARY,2010,Rabi,Sunflower,25145,12560,0.499502883
Karnataka,BELLARY,2010,Rabi,Urad,64,30,0.46875
Karnataka,BELLARY,2010,Rabi,Wheat,1018,1658,1.628683694
Karnataka,BELLARY,2010,Summer,Bajra,358,395,1.103351955
Karnataka,BELLARY,2010,Summer,Dry chillies,52,158,3.038461538
Karnataka,BELLARY,2010,Summer,Jowar,386,1618,4.191709845
Karnataka,BELLARY,2010,Summer,Maize,1740,6486,3.727586207
Karnataka,BELLARY,2010,Summer,Onion,488,3044,6.237704918
Karnataka,BELLARY,2010,Summer,Ragi,38,74,1.947368421
Karnataka,BELLARY,2010,Summer,Rice,41745,145941,3.496011498
Karnataka,BELLARY,2010,Summer,Sunflower,1882,1745,0.927205101
Karnataka,BELLARY,2010,Whole Year,Arecanut,103,1114,10.81553398
Karnataka,BELLARY,2010,Whole Year,Banana,1624,62633,38.56711823
Karnataka,BELLARY,2010,Whole Year,Coconut,1014,9693,9.559171598
Karnataka,BELLARY,2010,Whole Year,Coriander,2084,677,0.324856046
Karnataka,BELLARY,2010,Whole Year,Dry ginger,1,3.6,3.6
Karnataka,BELLARY,2010,Whole Year,Mesta,58,73,1.25862069
Karnataka,BELLARY,2010,Whole Year,Sugarcane,1363,130780,95.95011005
Karnataka,BELLARY,2010,Whole Year,Tobacco,884,966,1.092760181
Karnataka,BELLARY,2011,Kharif,Arhar/Tur,9066,2989,0.32969336
Karnataka,BELLARY,2011,Kharif,Bajra,14124,9253,0.655126027
Karnataka,BELLARY,2011,Kharif,Castor seed,265,222,0.837735849
Karnataka,BELLARY,2011,Kharif,Cotton(lint),37717,80774,2.14158072
Karnataka,BELLARY,2011,Kharif,Cowpea(Lobia),518,274,0.528957529
Karnataka,BELLARY,2011,Kharif,Dry chillies,11851,14174,1.196017214
Karnataka,BELLARY,2011,Kharif,Groundnut,56185,26561,0.472741835
Karnataka,BELLARY,2011,Kharif,Horse-gram,2434,1029,0.422760887
Karnataka,BELLARY,2011,Kharif,Jowar,26778,31726,1.18477855
Karnataka,BELLARY,2011,Kharif,Maize,98727,207485,2.101603411
Karnataka,BELLARY,2011,Kharif,Moong(Green Gram),273,51,0.186813187
Karnataka,BELLARY,2011,Kharif,Niger seed,256,70,0.2734375
Karnataka,BELLARY,2011,Kharif,Onion,3822,23822,6.232862376
Karnataka,BELLARY,2011,Kharif,Other Kharif pulses,124,41,0.330645161
Karnataka,BELLARY,2011,Kharif,Ragi,3580,2472,0.690502793
Karnataka,BELLARY,2011,Kharif,Rice,77226,288837,3.74015228
Karnataka,BELLARY,2011,Kharif,Sesamum,541,143,0.264325323
Karnataka,BELLARY,2011,Kharif,Small millets,2815,685,0.243339254
Karnataka,BELLARY,2011,Kharif,Sunflower,10225,3482,0.340537897
Karnataka,BELLARY,2011,Rabi,Bajra,522,680,1.302681992
Karnataka,BELLARY,2011,Rabi,Cotton(lint),4654,7285,1.565320155
Karnataka,BELLARY,2011,Rabi,Cowpea(Lobia),1243,333,0.267900241
Karnataka,BELLARY,2011,Rabi,Dry chillies,946,2231,2.358350951
Karnataka,BELLARY,2011,Rabi,Gram,60244,35113,0.582846425
Karnataka,BELLARY,2011,Rabi,Groundnut,10618,8433,0.794217367
Karnataka,BELLARY,2011,Rabi,Horse-gram,798,402,0.503759398
Karnataka,BELLARY,2011,Rabi,Jowar,11332,22252,1.963642782
Karnataka,BELLARY,2011,Rabi,Maize,2976,9830,3.303091398
Karnataka,BELLARY,2011,Rabi,Moong(Green Gram),5,2,0.4
Karnataka,BELLARY,2011,Rabi,Onion,268,2133,7.958955224
Karnataka,BELLARY,2011,Rabi,Other  Rabi pulses,111,38,0.342342342
Karnataka,BELLARY,2011,Rabi,Ragi,13,24,1.846153846
Karnataka,BELLARY,2011,Rabi,Rapeseed &Mustard,38,11,0.289473684
Karnataka,BELLARY,2011,Rabi,Safflower,69,16,0.231884058
Karnataka,BELLARY,2011,Rabi,Sunflower,8363,3976,0.475427478
Karnataka,BELLARY,2011,Rabi,Urad,73,37,0.506849315
Karnataka,BELLARY,2011,Rabi,Wheat,653,938,1.436447167
Karnataka,BELLARY,2011,Summer,Bajra,1702,1937,1.138072855
Karnataka,BELLARY,2011,Summer,Dry chillies,523,1831,3.500956023
Karnataka,BELLARY,2011,Summer,Jowar,4075,7456,1.829693252
Karnataka,BELLARY,2011,Summer,Maize,1947,4591,2.357986646
Karnataka,BELLARY,2011,Summer,Onion,430,1836,4.269767442
Karnataka,BELLARY,2011,Summer,Ragi,149,287,1.926174497
Karnataka,BELLARY,2011,Summer,Rice,38943,139548,3.58339111
Karnataka,BELLARY,2011,Summer,Sunflower,3045,3277,1.076190476
Karnataka,BELLARY,2011,Whole Year,Arecanut,108,875,8.101851852
Karnataka,BELLARY,2011,Whole Year,Banana,1649,67189,40.74530018
Karnataka,BELLARY,2011,Whole Year,Coconut,910,9047,9.941758242
Karnataka,BELLARY,2011,Whole Year,Coriander,597,242,0.405360134
Karnataka,BELLARY,2011,Whole Year,Mesta,102,127,1.245098039
Karnataka,BELLARY,2011,Whole Year,Sugarcane,3806,318182,83.6001051
Karnataka,BELLARY,2011,Whole Year,Tobacco,218,200,0.917431193
Karnataka,BELLARY,2011,Whole Year,Turmeric,2,10,5
Karnataka,BELLARY,2012,Kharif,Arhar/Tur,5127,1802,0.351472596
Karnataka,BELLARY,2012,Kharif,Bajra,20897,16954,0.811312629
Karnataka,BELLARY,2012,Kharif,Castor seed,508,317,0.624015748
Karnataka,BELLARY,2012,Kharif,Cotton(lint),62710,171708,2.73812789
Karnataka,BELLARY,2012,Kharif,Cowpea(Lobia),572,156,0.272727273
Karnataka,BELLARY,2012,Kharif,Dry chillies,11545,12130,1.050671286
Karnataka,BELLARY,2012,Kharif,Groundnut,49598,33595,0.677345861
Karnataka,BELLARY,2012,Kharif,Horse-gram,2377,980,0.412284392
Karnataka,BELLARY,2012,Kharif,Jowar,13928,17849,1.281519242
Karnataka,BELLARY,2012,Kharif,Maize,104728,241566,2.306603774
Karnataka,BELLARY,2012,Kharif,Moong(Green Gram),116,35,0.301724138
Karnataka,BELLARY,2012,Kharif,Niger seed,466,112,0.240343348
Karnataka,BELLARY,2012,Kharif,Onion,2594,14135,5.449113338
Karnataka,BELLARY,2012,Kharif,Other Kharif pulses,106,27,0.254716981
Karnataka,BELLARY,2012,Kharif,Ragi,4102,2015,0.491223793
Karnataka,BELLARY,2012,Kharif,Rice,78029,289394,3.708800574
Karnataka,BELLARY,2012,Kharif,Sesamum,82,27,0.329268293
Karnataka,BELLARY,2012,Kharif,Small millets,2882,597,0.207147814
Karnataka,BELLARY,2012,Kharif,Soyabean,23,24,1.043478261
Karnataka,BELLARY,2012,Kharif,Sunflower,14820,7870,0.531039136
Karnataka,BELLARY,2012,Kharif,Urad,16,8,0.5
Karnataka,BELLARY,2012,Rabi,Cotton(lint),1869,2026,1.08400214
Karnataka,BELLARY,2012,Rabi,Cowpea(Lobia),615,205,0.333333333
Karnataka,BELLARY,2012,Rabi,Dry chillies,406,1109,2.731527094
Karnataka,BELLARY,2012,Rabi,Gram,60890,50846,0.835046806
Karnataka,BELLARY,2012,Rabi,Groundnut,1322,2234,1.689863843
Karnataka,BELLARY,2012,Rabi,Horse-gram,1176,258,0.219387755
Karnataka,BELLARY,2012,Rabi,Jowar,22034,26584,1.206499047
Karnataka,BELLARY,2012,Rabi,Maize,2129,6385,2.999060592
Karnataka,BELLARY,2012,Rabi,Moong(Green Gram),94,22,0.234042553
Karnataka,BELLARY,2012,Rabi,Onion,352,2304,6.545454545
Karnataka,BELLARY,2012,Rabi,Other  Rabi pulses,10,5,0.5
Karnataka,BELLARY,2012,Rabi,Ragi,6,9,1.5
Karnataka,BELLARY,2012,Rabi,Safflower,371,167,0.450134771
Karnataka,BELLARY,2012,Rabi,Sunflower,21005,10855,0.516781719
Karnataka,BELLARY,2012,Rabi,Urad,1,1,1
Karnataka,BELLARY,2012,Rabi,Wheat,576,401,0.696180556
Karnataka,BELLARY,2012,Summer,Cotton(lint),922,2555,2.771149675
Karnataka,BELLARY,2012,Summer,Cowpea(Lobia),772,181,0.234455959
Karnataka,BELLARY,2012,Summer,Dry chillies,91,108,1.186813187
Karnataka,BELLARY,2012,Summer,Groundnut,9204,6820,0.740982182
Karnataka,BELLARY,2012,Summer,Jowar,2034,3244,1.594886922
Karnataka,BELLARY,2012,Summer,Maize,2260,6523,2.886283186
Karnataka,BELLARY,2012,Summer,Onion,216,1378,6.37962963
Karnataka,BELLARY,2012,Summer,Ragi,66,99,1.5
Karnataka,BELLARY,2012,Summer,Rice,31119,98386,3.16160545
Karnataka,BELLARY,2012,Summer,Sunflower,3045,2300,0.755336617
Karnataka,BELLARY,2012,Whole Year,Arecanut,132,1059,8.022727273
Karnataka,BELLARY,2012,Whole Year,Coconut,702,6912,9.846153846
Karnataka,BELLARY,2012,Whole Year,Coriander,2831,1118,0.394913458
Karnataka,BELLARY,2012,Whole Year,Mesta,55,67,1.218181818
Karnataka,BELLARY,2012,Whole Year,Sugarcane,5660,483930,85.5
Karnataka,BELLARY,2012,Whole Year,Tobacco,15,9,0.6
Karnataka,BELLARY,2013,Kharif,Arhar/Tur,3325,1614,0.485413534
Karnataka,BELLARY,2013,Kharif,Bajra,17017,17201,1.010812717
Karnataka,BELLARY,2013,Kharif,Castor seed,486,435,0.895061728
Karnataka,BELLARY,2013,Kharif,Cotton(lint),72108,184949,2.564888778
Karnataka,BELLARY,2013,Kharif,Cowpea(Lobia),226,84,0.371681416
Karnataka,BELLARY,2013,Kharif,Dry chillies,12197,15457,1.267278839
Karnataka,BELLARY,2013,Kharif,Groundnut,45709,56364,1.233105078
Karnataka,BELLARY,2013,Kharif,Horse-gram,1924,1029,0.534823285
Karnataka,BELLARY,2013,Kharif,Jowar,31439,55672,1.770794236
Karnataka,BELLARY,2013,Kharif,Maize,80459,220977,2.746454716
Karnataka,BELLARY,2013,Kharif,Moong(Green Gram),118,30,0.254237288
Karnataka,BELLARY,2013,Kharif,Niger seed,281,30,0.106761566
Karnataka,BELLARY,2013,Kharif,Onion,2716,23743,8.741899853
Karnataka,BELLARY,2013,Kharif,Other Kharif pulses,80,31,0.3875
Karnataka,BELLARY,2013,Kharif,Ragi,3525,2548,0.722836879
Karnataka,BELLARY,2013,Kharif,Rapeseed &Mustard,2,1,0.5
Karnataka,BELLARY,2013,Kharif,Rice,76010,290788,3.825654519
Karnataka,BELLARY,2013,Kharif,Sesamum,544,241,0.443014706
Karnataka,BELLARY,2013,Kharif,Small millets,2890,955,0.330449827
Karnataka,BELLARY,2013,Kharif,Sunflower,7895,4890,0.619379354
Karnataka,BELLARY,2013,Rabi,Cotton(lint),1096,2021,1.843978102
Karnataka,BELLARY,2013,Rabi,Cowpea(Lobia),245,104,0.424489796
Karnataka,BELLARY,2013,Rabi,Dry chillies,79,150,1.898734177
Karnataka,BELLARY,2013,Rabi,Gram,53823,46223,0.858796425
Karnataka,BELLARY,2013,Rabi,Horse-gram,819,343,0.418803419
Karnataka,BELLARY,2013,Rabi,Jowar,17618,21323,1.210296288
Karnataka,BELLARY,2013,Rabi,Maize,2470,7070,2.862348178
Karnataka,BELLARY,2013,Rabi,Moong(Green Gram),8,2,0.25
Karnataka,BELLARY,2013,Rabi,Onion,352,2473,7.025568182
Karnataka,BELLARY,2013,Rabi,Other  Rabi pulses,116,40,0.344827586
Karnataka,BELLARY,2013,Rabi,Ragi,149,217,1.456375839
Karnataka,BELLARY,2013,Rabi,Safflower,121,202,1.669421488
Karnataka,BELLARY,2013,Rabi,Sunflower,11730,7444,0.634612106
Karnataka,BELLARY,2013,Rabi,Urad,23,13,0.565217391
Karnataka,BELLARY,2013,Rabi,Wheat,328,346,1.054878049
Karnataka,BELLARY,2013,Summer,Cotton(lint),1095,3947,3.60456621
Karnataka,BELLARY,2013,Summer,Cowpea(Lobia),768,482,0.627604167
Karnataka,BELLARY,2013,Summer,Dry chillies,351,933,2.658119658
Karnataka,BELLARY,2013,Summer,Groundnut,8042,8465,1.052598856
Karnataka,BELLARY,2013,Summer,Jowar,2537,4107,1.618841151
Karnataka,BELLARY,2013,Summer,Maize,1698,6085,3.583627797
Karnataka,BELLARY,2013,Summer,Onion,1111,12048,10.84428443
Karnataka,BELLARY,2013,Summer,Potato,26,365,14.03846154
Karnataka,BELLARY,2013,Summer,Ragi,187,367,1.962566845
Karnataka,BELLARY,2013,Summer,Rice,34538,127832,3.70119868
Karnataka,BELLARY,2013,Summer,Sunflower,1909,2372,1.242535359
Karnataka,BELLARY,2013,Whole Year,Arecanut,10,111,11.1
Karnataka,BELLARY,2013,Whole Year,Coconut,2901,23016,7.933815926
Karnataka,BELLARY,2013,Whole Year,Coriander,838,260,0.31026253
Karnataka,BELLARY,2013,Whole Year,Mesta,42,56,1.333333333
Karnataka,BELLARY,2013,Whole Year,Sugarcane,6004,484823,80.75
Karnataka,BELLARY,2013,Whole Year,Tobacco,9,7,0.777777778
Karnataka,BELLARY,2014,Kharif,Arhar/Tur,3427,1319,0.384884739
Karnataka,BELLARY,2014,Kharif,Bajra,15570,16700,1.072575466
Karnataka,BELLARY,2014,Kharif,Castor seed,64,39,0.609375
Karnataka,BELLARY,2014,Kharif,Cotton(lint),78646,242150,3.078986852
Karnataka,BELLARY,2014,Kharif,Cowpea(Lobia),284,125,0.440140845
Karnataka,BELLARY,2014,Kharif,Dry chillies,11522,14678,1.273910779
Karnataka,BELLARY,2014,Kharif,Groundnut,47214,46513,0.985152709
Karnataka,BELLARY,2014,Kharif,Horse-gram,1312,609,0.464176829
Karnataka,BELLARY,2014,Kharif,Jowar,21316,40197,1.88576656
Karnataka,BELLARY,2014,Kharif,Maize,95624,249999,2.614395968
Karnataka,BELLARY,2014,Kharif,Moong(Green Gram),76,12,0.157894737
Karnataka,BELLARY,2014,Kharif,Niger seed,124,33,0.266129032
Karnataka,BELLARY,2014,Kharif,Onion,5726,44431,7.759517988
Karnataka,BELLARY,2014,Kharif,Other Kharif pulses,168,79,0.470238095
Karnataka,BELLARY,2014,Kharif,Potato,10,62,6.2
Karnataka,BELLARY,2014,Kharif,Ragi,2897,2042,0.704867104
Karnataka,BELLARY,2014,Kharif,Rice,77598,286690,3.694553983
Karnataka,BELLARY,2014,Kharif,Sesamum,1252,457,0.365015974
Karnataka,BELLARY,2014,Kharif,Small millets,1830,612,0.33442623
Karnataka,BELLARY,2014,Kharif,Sunflower,10633,6495,0.610834195
Karnataka,BELLARY,2014,Kharif,Urad,124,35,0.282258065
Karnataka,BELLARY,2014,Rabi,Cotton(lint),2687,4369,1.625976926
Karnataka,BELLARY,2014,Rabi,Cowpea(Lobia),929,341,0.367061356
Karnataka,BELLARY,2014,Rabi,Dry chillies,664,1246,1.876506024
Karnataka,BELLARY,2014,Rabi,Gram,67266,50611,0.752400916
Karnataka,BELLARY,2014,Rabi,Horse-gram,443,213,0.480812641
Karnataka,BELLARY,2014,Rabi,Jowar,17366,25588,1.473453875
Karnataka,BELLARY,2014,Rabi,Maize,2369,6468,2.730265935
Karnataka,BELLARY,2014,Rabi,Moong(Green Gram),2,1,0.5
Karnataka,BELLARY,2014,Rabi,Onion,567,3758,6.627865961
Karnataka,BELLARY,2014,Rabi,Other  Rabi pulses,6,5,0.833333333
Karnataka,BELLARY,2014,Rabi,Potato,23,354,15.39130435
Karnataka,BELLARY,2014,Rabi,Ragi,67,109,1.626865672
Karnataka,BELLARY,2014,Rabi,Rice,40,99,2.475
Karnataka,BELLARY,2014,Rabi,Safflower,118,34,0.288135593
Karnataka,BELLARY,2014,Rabi,Sunflower,13580,8063,0.593740795
Karnataka,BELLARY,2014,Rabi,Wheat,263,344,1.307984791
Karnataka,BELLARY,2014,Summer,Cotton(lint),1010,1913,1.894059406
Karnataka,BELLARY,2014,Summer,Cowpea(Lobia),834,352,0.42206235
Karnataka,BELLARY,2014,Summer,Dry chillies,228,439,1.925438596
Karnataka,BELLARY,2014,Summer,Groundnut,7591,6844,0.901593993
Karnataka,BELLARY,2014,Summer,Jowar,897,1604,1.788182832
Karnataka,BELLARY,2014,Summer,Maize,1859,4812,2.588488435
Karnataka,BELLARY,2014,Summer,Onion,876,5157,5.886986301
Karnataka,BELLARY,2014,Summer,Ragi,189,337,1.783068783
Karnataka,BELLARY,2014,Summer,Rice,41005,121344,2.959248872
Karnataka,BELLARY,2014,Summer,Sunflower,1776,1255,0.706644144
Karnataka,BELLARY,2014,Whole Year,Arecanut,1,9,9
Karnataka,BELLARY,2014,Whole Year,Cashewnut,115,85,0.739130435
Karnataka,BELLARY,2014,Whole Year,Coconut,555,4953,8.924324324
Karnataka,BELLARY,2014,Whole Year,Coriander,1241,420,0.338436745
Karnataka,BELLARY,2014,Whole Year,Sannhamp,130,32,0.246153846
Karnataka,BELLARY,2014,Whole Year,Sugarcane,3406,349456,102.6001174
Karnataka,BELLARY,2014,Whole Year,Tobacco,96,69,0.71875
Karnataka,BENGALURU URBAN,1997,Kharif,Arhar/Tur,6057,4131,0.682020802
Karnataka,BENGALURU URBAN,1997,Kharif,Black pepper,1,2,2
Karnataka,BENGALURU URBAN,1997,Kharif,Dry chillies,1284,1732,1.348909657
Karnataka,BENGALURU URBAN,1997,Kharif,Dry ginger,36,42,1.166666667
Karnataka,BENGALURU URBAN,1997,Kharif,Groundnut,19469,19986,1.026555036
Karnataka,BENGALURU URBAN,1997,Kharif,Horse-gram,8904,4483,0.503481581
Karnataka,BENGALURU URBAN,1997,Kharif,Maize,5972,16426,2.750502344
Karnataka,BENGALURU URBAN,1997,Kharif,Paddy,3507,16540,4.716281722
Karnataka,BENGALURU URBAN,1997,Kharif,Ragi,178931,309672,1.730678306
Karnataka,BENGALURU URBAN,1997,Kharif,Rice,3507,11033,3.145993727
Karnataka,BENGALURU URBAN,1997,Rabi,Dry chillies,186,304,1.634408602
Karnataka,BENGALURU URBAN,1997,Rabi,Groundnut,683,624,0.913616398
Karnataka,BENGALURU URBAN,1997,Rabi,Horse-gram,8299,7442,0.896734546
Karnataka,BENGALURU URBAN,1997,Rabi,Maize,339,694,2.04719764
Karnataka,BENGALURU URBAN,1997,Rabi,Ragi,961,1303,1.355879292
Karnataka,BENGALURU URBAN,1997,Summer,Maize,440,953,2.165909091
Karnataka,BENGALURU URBAN,1997,Summer,Paddy,1252,5232,4.178913738
Karnataka,BENGALURU URBAN,1997,Summer,Ragi,2040,3777,1.851470588
Karnataka,BENGALURU URBAN,1997,Summer,Rice,1252,3490,2.787539936
Karnataka,BENGALURU URBAN,1997,Whole Year,Arecanut,762,1066,1.398950131
Karnataka,BENGALURU URBAN,1997,Whole Year,Coriander,154,17,0.11038961
Karnataka,BENGALURU URBAN,1997,Whole Year,Garlic,21,24,1.142857143
Karnataka,BENGALURU URBAN,1997,Whole Year,Sugarcane,1585,149070,94.05047319
Karnataka,BENGALURU URBAN,1997,Whole Year,Turmeric,54,181,3.351851852
Karnataka,BENGALURU URBAN,1998,Kharif,Arhar/Tur,936,436,0.465811966
Karnataka,BENGALURU URBAN,1998,Kharif,Castor seed,351,299,0.851851852
Karnataka,BENGALURU URBAN,1998,Kharif,Dry ginger,8,93,11.625
Karnataka,BENGALURU URBAN,1998,Kharif,Groundnut,769,709,0.921976593
Karnataka,BENGALURU URBAN,1998,Kharif,Horse-gram,2603,1246,0.478678448
Karnataka,BENGALURU URBAN,1998,Kharif,Maize,977,3216,3.291709314
Karnataka,BENGALURU URBAN,1998,Kharif,Moong(Green Gram),112,22,0.196428571
Karnataka,BENGALURU URBAN,1998,Kharif,Niger seed,688,170,0.247093023
Karnataka,BENGALURU URBAN,1998,Kharif,Onion,74,335,4.527027027
Karnataka,BENGALURU URBAN,1998,Kharif,Peas & beans (Pulses),13,119,9.153846154
Karnataka,BENGALURU URBAN,1998,Kharif,Potato,104,2219,21.33653846
Karnataka,BENGALURU URBAN,1998,Kharif,Ragi,47929,102625,2.141188007
Karnataka,BENGALURU URBAN,1998,Kharif,Rapeseed &Mustard,742,241,0.324797844
Karnataka,BENGALURU URBAN,1998,Kharif,Rice,5124,14255,2.782006245
Karnataka,BENGALURU URBAN,1998,Kharif,Sesamum,137,55,0.401459854
Karnataka,BENGALURU URBAN,1998,Kharif,Sunflower,47,14,0.29787234
Karnataka,BENGALURU URBAN,1998,Rabi,Groundnut,116,137,1.181034483
Karnataka,BENGALURU URBAN,1998,Rabi,Horse-gram,3221,1934,0.600434648
Karnataka,BENGALURU URBAN,1998,Rabi,Maize,165,338,2.048484848
Karnataka,BENGALURU URBAN,1998,Rabi,Peas & beans (Pulses),19,168,8.842105263
Karnataka,BENGALURU URBAN,1998,Rabi,Ragi,278,404,1.45323741
Karnataka,BENGALURU URBAN,1998,Rabi,Sunflower,10,6,0.6
Karnataka,BENGALURU URBAN,1998,Summer,Maize,273,621,2.274725275
Karnataka,BENGALURU URBAN,1998,Summer,Peas & beans (Pulses),24,213,8.875
Karnataka,BENGALURU URBAN,1998,Summer,Potato,16,407,25.4375
Karnataka,BENGALURU URBAN,1998,Summer,Ragi,252,567,2.25
Karnataka,BENGALURU URBAN,1998,Summer,Rice,2121,6847,3.228194248
Karnataka,BENGALURU URBAN,1998,Summer,Sunflower,5,3,0.6
Karnataka,BENGALURU URBAN,1998,Whole Year,Arecanut,81,546,6.740740741
Karnataka,BENGALURU URBAN,1998,Whole Year,Coconut,3347,15984,4.775619958
Karnataka,BENGALURU URBAN,1998,Whole Year,Coriander,12,2,0.166666667
Karnataka,BENGALURU URBAN,1998,Whole Year,Dry chillies,162,159,0.981481481
Karnataka,BENGALURU URBAN,1998,Whole Year,Potato,268,3910,14.58955224
Karnataka,BENGALURU URBAN,1999,Kharif,Arhar/Tur,1417,808,0.570218772
Karnataka,BENGALURU URBAN,1999,Kharif,Castor seed,508,392,0.771653543
Karnataka,BENGALURU URBAN,1999,Kharif,Dry ginger,10,117,11.7
Karnataka,BENGALURU URBAN,1999,Kharif,Groundnut,792,473,0.597222222
Karnataka,BENGALURU URBAN,1999,Kharif,Horse-gram,1237,550,0.444624091
Karnataka,BENGALURU URBAN,1999,Kharif,Maize,1253,3806,3.037509976
Karnataka,BENGALURU URBAN,1999,Kharif,Moong(Green Gram),153,53,0.346405229
Karnataka,BENGALURU URBAN,1999,Kharif,Niger seed,518,128,0.247104247
Karnataka,BENGALURU URBAN,1999,Kharif,Other Kharif pulses,2109,709,0.336178284
Karnataka,BENGALURU URBAN,1999,Kharif,Ragi,45404,124107,2.733393534
Karnataka,BENGALURU URBAN,1999,Kharif,Rice,4551,10649,2.339925291
Karnataka,BENGALURU URBAN,1999,Kharif,Sesamum,260,127,0.488461538
Karnataka,BENGALURU URBAN,1999,Kharif,Small millets,76,52,0.684210526
Karnataka,BENGALURU URBAN,1999,Kharif,Sunflower,25,16,0.64
Karnataka,BENGALURU URBAN,1999,Kharif,Urad,116,38,0.327586207
Karnataka,BENGALURU URBAN,1999,Rabi,Gram,116,60,0.517241379
Karnataka,BENGALURU URBAN,1999,Rabi,Groundnut,51,56,1.098039216
Karnataka,BENGALURU URBAN,1999,Rabi,Horse-gram,2830,1675,0.591872792
Karnataka,BENGALURU URBAN,1999,Rabi,Maize,23,56,2.434782609
Karnataka,BENGALURU URBAN,1999,Rabi,Other  Rabi pulses,472,63,0.133474576
Karnataka,BENGALURU URBAN,1999,Rabi,Ragi,327,424,1.296636086
Karnataka,BENGALURU URBAN,1999,Rabi,Rapeseed &Mustard,845,274,0.324260355
Karnataka,BENGALURU URBAN,1999,Rabi,Rice,12,26,2.166666667
Karnataka,BENGALURU URBAN,1999,Summer,Maize,2651,4845,1.827612222
Karnataka,BENGALURU URBAN,1999,Summer,Ragi,408,816,2
Karnataka,BENGALURU URBAN,1999,Summer,Rice,2350,7289,3.101702128
Karnataka,BENGALURU URBAN,1999,Summer,Sunflower,2,1,0.5
Karnataka,BENGALURU URBAN,1999,Whole Year,Banana,1191,27946,23.4643157
Karnataka,BENGALURU URBAN,1999,Whole Year,Coconut,4383,20932,4.77572439
Karnataka,BENGALURU URBAN,1999,Whole Year,Coriander,19,3,0.157894737
Karnataka,BENGALURU URBAN,1999,Whole Year,Dry chillies,503,528,1.049701789
Karnataka,BENGALURU URBAN,1999,Whole Year,Onion,137,996,7.270072993
Karnataka,BENGALURU URBAN,1999,Whole Year,Potato,1069,17390,16.26753976
Karnataka,BENGALURU URBAN,1999,Whole Year,Sugarcane,66,6646,100.6969697
Karnataka,BENGALURU URBAN,2000,Kharif,Arhar/Tur,909,411,0.452145215
Karnataka,BENGALURU URBAN,2000,Kharif,Castor seed,585,749,1.28034188
Karnataka,BENGALURU URBAN,2000,Kharif,Dry ginger,4,47,11.75
Karnataka,BENGALURU URBAN,2000,Kharif,Groundnut,382,383,1.002617801
Karnataka,BENGALURU URBAN,2000,Kharif,Horse-gram,1635,1462,0.894189602
Karnataka,BENGALURU URBAN,2000,Kharif,Maize,1134,3650,3.218694885
Karnataka,BENGALURU URBAN,2000,Kharif,Moong(Green Gram),122,51,0.418032787
Karnataka,BENGALURU URBAN,2000,Kharif,Niger seed,910,224,0.246153846
Karnataka,BENGALURU URBAN,2000,Kharif,Other Kharif pulses,5621,975,0.17345668
Karnataka,BENGALURU URBAN,2000,Kharif,Ragi,47486,110132,2.31925199
Karnataka,BENGALURU URBAN,2000,Kharif,Rice,4483,12073,2.693062681
Karnataka,BENGALURU URBAN,2000,Kharif,Sesamum,212,87,0.410377358
Karnataka,BENGALURU URBAN,2000,Kharif,Small millets,75,38,0.506666667
Karnataka,BENGALURU URBAN,2000,Kharif,Sunflower,10,8,0.8
Karnataka,BENGALURU URBAN,2000,Kharif,Urad,134,52,0.388059701
Karnataka,BENGALURU URBAN,2000,Rabi,Groundnut,50,55,1.1
Karnataka,BENGALURU URBAN,2000,Rabi,Horse-gram,2589,1535,0.592893009
Karnataka,BENGALURU URBAN,2000,Rabi,Maize,84,212,2.523809524
Karnataka,BENGALURU URBAN,2000,Rabi,Other  Rabi pulses,125,14,0.112
Karnataka,BENGALURU URBAN,2000,Rabi,Ragi,175,272,1.554285714
Karnataka,BENGALURU URBAN,2000,Rabi,Rapeseed &Mustard,890,289,0.324719101
Karnataka,BENGALURU URBAN,2000,Summer,Maize,230,647,2.813043478
Karnataka,BENGALURU URBAN,2000,Summer,Ragi,362,718,1.983425414
Karnataka,BENGALURU URBAN,2000,Summer,Rice,2491,6688,2.684865516
Karnataka,BENGALURU URBAN,2000,Whole Year,Arecanut,81,113,1.395061728
Karnataka,BENGALURU URBAN,2000,Whole Year,Banana,1359,24982,18.38263429
Karnataka,BENGALURU URBAN,2000,Whole Year,Coconut,2959,13604,4.597499155
Karnataka,BENGALURU URBAN,2000,Whole Year,Coriander,24,4,0.166666667
Karnataka,BENGALURU URBAN,2000,Whole Year,Dry chillies,270,293,1.085185185
Karnataka,BENGALURU URBAN,2000,Whole Year,Onion,120,706,5.883333333
Karnataka,BENGALURU URBAN,2000,Whole Year,Potato,192,2963,15.43229167
Karnataka,BENGALURU URBAN,2000,Whole Year,Sugarcane,58,5951,102.6034483
Karnataka,BENGALURU URBAN,2001,Kharif,Arhar/Tur,553,169,0.305605787
Karnataka,BENGALURU URBAN,2001,Kharif,Castor seed,465,344,0.739784946
Karnataka,BENGALURU URBAN,2001,Kharif,Groundnut,223,138,0.618834081
Karnataka,BENGALURU URBAN,2001,Kharif,Horse-gram,1086,574,0.52854512
Karnataka,BENGALURU URBAN,2001,Kharif,Maize,767,2100,2.737940026
Karnataka,BENGALURU URBAN,2001,Kharif,Moong(Green Gram),45,12,0.266666667
Karnataka,BENGALURU URBAN,2001,Kharif,Niger seed,635,157,0.247244094
Karnataka,BENGALURU URBAN,2001,Kharif,Other Kharif pulses,4974,845,0.169883394
Karnataka,BENGALURU URBAN,2001,Kharif,Ragi,47618,111399,2.339430467
Karnataka,BENGALURU URBAN,2001,Kharif,Rice,3753,7313,1.948574474
Karnataka,BENGALURU URBAN,2001,Kharif,Sesamum,56,21,0.375
Karnataka,BENGALURU URBAN,2001,Kharif,Small millets,91,52,0.571428571
Karnataka,BENGALURU URBAN,2001,Kharif,Sunflower,8,7,0.875
Karnataka,BENGALURU URBAN,2001,Kharif,Urad,38,14,0.368421053
Karnataka,BENGALURU URBAN,2001,Rabi,Horse-gram,1190,1060,0.890756303
Karnataka,BENGALURU URBAN,2001,Rabi,Maize,40,99,2.475
Karnataka,BENGALURU URBAN,2001,Rabi,Other  Rabi pulses,176,22,0.125
Karnataka,BENGALURU URBAN,2001,Rabi,Ragi,152,208,1.368421053
Karnataka,BENGALURU URBAN,2001,Rabi,Rapeseed &Mustard,772,251,0.325129534
Karnataka,BENGALURU URBAN,2001,Summer,Maize,118,310,2.627118644
Karnataka,BENGALURU URBAN,2001,Summer,Ragi,179,274,1.530726257
Karnataka,BENGALURU URBAN,2001,Summer,Rice,1592,3271,2.054648241
Karnataka,BENGALURU URBAN,2001,Whole Year,Arecanut,81,113,1.395061728
Karnataka,BENGALURU URBAN,2001,Whole Year,Coconut,1959,7017,3.581929556
Karnataka,BENGALURU URBAN,2001,Whole Year,Coriander,29,5,0.172413793
Karnataka,BENGALURU URBAN,2001,Whole Year,Dry chillies,260,766,2.946153846
Karnataka,BENGALURU URBAN,2001,Whole Year,Onion,157,1143,7.280254777
Karnataka,BENGALURU URBAN,2001,Whole Year,Peas & beans (Pulses),121,942,7.785123967
Karnataka,BENGALURU URBAN,2001,Whole Year,Potato,83,1149,13.84337349
Karnataka,BENGALURU URBAN,2001,Whole Year,Sugarcane,50,4038,80.76
Karnataka,BENGALURU URBAN,2002,Kharif,Arhar/Tur,319,149,0.467084639
Karnataka,BENGALURU URBAN,2002,Kharif,Castor seed,308,284,0.922077922
Karnataka,BENGALURU URBAN,2002,Kharif,Groundnut,81,46,0.567901235
Karnataka,BENGALURU URBAN,2002,Kharif,Horse-gram,2439,1928,0.790487905
Karnataka,BENGALURU URBAN,2002,Kharif,Maize,512,1278,2.49609375
Karnataka,BENGALURU URBAN,2002,Kharif,Moong(Green Gram),16,1,0.0625
Karnataka,BENGALURU URBAN,2002,Kharif,Niger seed,360,89,0.247222222
Karnataka,BENGALURU URBAN,2002,Kharif,Other Kharif pulses,1209,389,0.321753515
Karnataka,BENGALURU URBAN,2002,Kharif,Ragi,32037,34515,1.077348066
Karnataka,BENGALURU URBAN,2002,Kharif,Rice,2393,4836,2.020894275
Karnataka,BENGALURU URBAN,2002,Kharif,Sesamum,7,3,0.428571429
Karnataka,BENGALURU URBAN,2002,Kharif,Small millets,81,71,0.87654321
Karnataka,BENGALURU URBAN,2002,Kharif,Sunflower,7,5,0.714285714
Karnataka,BENGALURU URBAN,2002,Kharif,Urad,13,2,0.153846154
Karnataka,BENGALURU URBAN,2002,Rabi,Gram,6,4,0.666666667
Karnataka,BENGALURU URBAN,2002,Rabi,Horse-gram,1502,1266,0.842876165
Karnataka,BENGALURU URBAN,2002,Rabi,Maize,125,320,2.56
Karnataka,BENGALURU URBAN,2002,Rabi,Other  Rabi pulses,681,91,0.133627019
Karnataka,BENGALURU URBAN,2002,Rabi,Ragi,349,548,1.570200573
Karnataka,BENGALURU URBAN,2002,Rabi,Rapeseed &Mustard,430,140,0.325581395
Karnataka,BENGALURU URBAN,2002,Summer,Maize,87,222,2.551724138
Karnataka,BENGALURU URBAN,2002,Summer,Ragi,146,168,1.150684932
Karnataka,BENGALURU URBAN,2002,Summer,Rice,462,1278,2.766233766
Karnataka,BENGALURU URBAN,2002,Summer,Sunflower,1,1,1
Karnataka,BENGALURU URBAN,2002,Whole Year,Arcanut (Processed),49,69,1.408163265
Karnataka,BENGALURU URBAN,2002,Whole Year,Atcanut (Raw),49,330,6.734693878
Karnataka,BENGALURU URBAN,2002,Whole Year,Banana,345,7631,22.11884058
Karnataka,BENGALURU URBAN,2002,Whole Year,Beans & Mutter(Vegetable),524,5622,10.72900763
Karnataka,BENGALURU URBAN,2002,Whole Year,Brinjal,352,2765,7.855113636
Karnataka,BENGALURU URBAN,2002,Whole Year,Coconut,2008,7192,3.581673307
Karnataka,BENGALURU URBAN,2002,Whole Year,Coriander,24,4,0.166666667
Karnataka,BENGALURU URBAN,2002,Whole Year,Dry chillies,312,579,1.855769231
Karnataka,BENGALURU URBAN,2002,Whole Year,Garlic,8,6,0.75
Karnataka,BENGALURU URBAN,2002,Whole Year,Grapes,975,29187,29.93538462
Karnataka,BENGALURU URBAN,2002,Whole Year,Mango,1470,4510,3.068027211
Karnataka,BENGALURU URBAN,2002,Whole Year,Onion,84,625,7.44047619
Karnataka,BENGALURU URBAN,2002,Whole Year,Other Fresh Fruits,775,2177,2.809032258
Karnataka,BENGALURU URBAN,2002,Whole Year,Papaya,42,169,4.023809524
Karnataka,BENGALURU URBAN,2002,Whole Year,Pome Fruit,727,2045,2.812929849
Karnataka,BENGALURU URBAN,2002,Whole Year,Potato,225,1973,8.768888889
Karnataka,BENGALURU URBAN,2002,Whole Year,Sugarcane,91,7694,84.54945055
Karnataka,BENGALURU URBAN,2002,Whole Year,Tomato,767,6914,9.014341591
Karnataka,BENGALURU URBAN,2003,Kharif,Arhar/Tur,843,316,0.37485172
Karnataka,BENGALURU URBAN,2003,Kharif,Castor seed,399,358,0.897243108
Karnataka,BENGALURU URBAN,2003,Kharif,Groundnut,106,47,0.443396226
Karnataka,BENGALURU URBAN,2003,Kharif,Horse-gram,781,697,0.892445583
Karnataka,BENGALURU URBAN,2003,Kharif,Jowar,253,268,1.059288538
Karnataka,BENGALURU URBAN,2003,Kharif,Maize,601,1832,3.048252912
Karnataka,BENGALURU URBAN,2003,Kharif,Moong(Green Gram),15,2,0.133333333
Karnataka,BENGALURU URBAN,2003,Kharif,Niger seed,646,159,0.246130031
Karnataka,BENGALURU URBAN,2003,Kharif,Other Kharif pulses,4421,754,0.170549649
Karnataka,BENGALURU URBAN,2003,Kharif,Ragi,41685,74079,1.77711407
Karnataka,BENGALURU URBAN,2003,Kharif,Rice,2213,4667,2.108901943
Karnataka,BENGALURU URBAN,2003,Kharif,Small millets,36,21,0.583333333
Karnataka,BENGALURU URBAN,2003,Kharif,Urad,21,5,0.238095238
Karnataka,BENGALURU URBAN,2003,Rabi,Gram,13,6,0.461538462
Karnataka,BENGALURU URBAN,2003,Rabi,Groundnut,5,5,1
Karnataka,BENGALURU URBAN,2003,Rabi,Horse-gram,1160,564,0.486206897
Karnataka,BENGALURU URBAN,2003,Rabi,Maize,34,78,2.294117647
Karnataka,BENGALURU URBAN,2003,Rabi,Other  Rabi pulses,59,8,0.13559322
Karnataka,BENGALURU URBAN,2003,Rabi,Ragi,133,122,0.917293233
Karnataka,BENGALURU URBAN,2003,Rabi,Rapeseed &Mustard,861,280,0.325203252
Karnataka,BENGALURU URBAN,2003,Rabi,Rice,5,15,3
Karnataka,BENGALURU URBAN,2003,Rabi,Sunflower,1,1,1
Karnataka,BENGALURU URBAN,2003,Summer,Maize,42,106,2.523809524
Karnataka,BENGALURU URBAN,2003,Summer,Ragi,78,93,1.192307692
Karnataka,BENGALURU URBAN,2003,Summer,Rice,427,2125,4.976580796
Karnataka,BENGALURU URBAN,2003,Whole Year,Arecanut,216,302,1.398148148
Karnataka,BENGALURU URBAN,2003,Whole Year,Banana,314,6121,19.49363057
Karnataka,BENGALURU URBAN,2003,Whole Year,Beans & Mutter(Vegetable),243,1435,5.905349794
Karnataka,BENGALURU URBAN,2003,Whole Year,Brinjal,399,3181,7.972431078
Karnataka,BENGALURU URBAN,2003,Whole Year,Coconut,2565,9187,3.581676413
Karnataka,BENGALURU URBAN,2003,Whole Year,Coriander,33,5,0.151515152
Karnataka,BENGALURU URBAN,2003,Whole Year,Dry chillies,597,493,0.825795645
Karnataka,BENGALURU URBAN,2003,Whole Year,Garlic,12,9,0.75
Karnataka,BENGALURU URBAN,2003,Whole Year,Grapes,410,6856,16.72195122
Karnataka,BENGALURU URBAN,2003,Whole Year,Mango,1399,6109,4.366690493
Karnataka,BENGALURU URBAN,2003,Whole Year,Onion,76,419,5.513157895
Karnataka,BENGALURU URBAN,2003,Whole Year,Other Fresh Fruits,391,1236,3.16112532
Karnataka,BENGALURU URBAN,2003,Whole Year,Pome Fruit,302,938,3.105960265
Karnataka,BENGALURU URBAN,2003,Whole Year,Potato,245,2418,9.869387755
Karnataka,BENGALURU URBAN,2003,Whole Year,Sugarcane,5,328,65.6
Karnataka,BENGALURU URBAN,2003,Whole Year,Sweet potato,29,184,6.344827586
Karnataka,BENGALURU URBAN,2003,Whole Year,Tomato,641,9083,14.1700468
Karnataka,BENGALURU URBAN,2003,Whole Year,Turmeric,13,85,6.538461538
Karnataka,BENGALURU URBAN,2004,Kharif,Arhar/Tur,1008,522,0.517857143
Karnataka,BENGALURU URBAN,2004,Kharif,Castor seed,457,396,0.866520788
Karnataka,BENGALURU URBAN,2004,Kharif,Groundnut,183,122,0.666666667
Karnataka,BENGALURU URBAN,2004,Kharif,Horse-gram,1469,1595,1.085772634
Karnataka,BENGALURU URBAN,2004,Kharif,Maize,648,2164,3.339506173
Karnataka,BENGALURU URBAN,2004,Kharif,Moong(Green Gram),22,3,0.136363636
Karnataka,BENGALURU URBAN,2004,Kharif,Niger seed,655,161,0.245801527
Karnataka,BENGALURU URBAN,2004,Kharif,Other Kharif pulses,3981,676.77,0.17
Karnataka,BENGALURU URBAN,2004,Kharif,Ragi,38343,111793,2.915603891
Karnataka,BENGALURU URBAN,2004,Kharif,Rice,2778,8577.08,3.0875018
Karnataka,BENGALURU URBAN,2004,Kharif,Sesamum,124,67,0.540322581
Karnataka,BENGALURU URBAN,2004,Kharif,Small millets,26,19,0.730769231
Karnataka,BENGALURU URBAN,2004,Kharif,Sunflower,3,2,0.666666667
Karnataka,BENGALURU URBAN,2004,Kharif,Urad,25,3,0.12
Karnataka,BENGALURU URBAN,2004,Rabi,Gram,25,13,0.52
Karnataka,BENGALURU URBAN,2004,Rabi,Groundnut,20,18,0.9
Karnataka,BENGALURU URBAN,2004,Rabi,Horse-gram,480,286,0.595833333
Karnataka,BENGALURU URBAN,2004,Rabi,Maize,6,18,3
Karnataka,BENGALURU URBAN,2004,Rabi,Other  Rabi pulses,87,10,0.114942529
Karnataka,BENGALURU URBAN,2004,Rabi,Ragi,43,71,1.651162791
Karnataka,BENGALURU URBAN,2004,Rabi,Rapeseed &Mustard,645,209,0.324031008
Karnataka,BENGALURU URBAN,2004,Summer,Maize,70,214,3.057142857
Karnataka,BENGALURU URBAN,2004,Summer,Ragi,68,108,1.588235294
Karnataka,BENGALURU URBAN,2004,Summer,Rice,725,3243,4.473103448
Karnataka,BENGALURU URBAN,2004,Summer,Sunflower,8,5,0.625
Karnataka,BENGALURU URBAN,2004,Whole Year,Arecanut,233,326,1.399141631
Karnataka,BENGALURU URBAN,2004,Whole Year,Banana,530,23206,43.78490566
Karnataka,BENGALURU URBAN,2004,Whole Year,Coconut,2498,90377.64,36.18
Karnataka,BENGALURU URBAN,2004,Whole Year,Coriander,32,5,0.15625
Karnataka,BENGALURU URBAN,2004,Whole Year,Dry chillies,146,185,1.267123288
Karnataka,BENGALURU URBAN,2004,Whole Year,Garlic,13,10,0.769230769
Karnataka,BENGALURU URBAN,2004,Whole Year,Onion,90,744,8.266666667
Karnataka,BENGALURU URBAN,2004,Whole Year,Potato,204,1978,9.696078431
Karnataka,BENGALURU URBAN,2004,Whole Year,Sweet potato,13,82,6.307692308
Karnataka,BENGALURU URBAN,2005,Kharif,Arhar/Tur,849,577,0.679623086
Karnataka,BENGALURU URBAN,2005,Kharif,Castor seed,512,533,1.041015625
Karnataka,BENGALURU URBAN,2005,Kharif,Dry chillies,139,101,0.726618705
Karnataka,BENGALURU URBAN,2005,Kharif,Groundnut,200,103,0.515
Karnataka,BENGALURU URBAN,2005,Kharif,Horse-gram,1250,714,0.5712
Karnataka,BENGALURU URBAN,2005,Kharif,Maize,1018,3640,3.575638507
Karnataka,BENGALURU URBAN,2005,Kharif,Moong(Green Gram),19,5,0.263157895
Karnataka,BENGALURU URBAN,2005,Kharif,Niger seed,460,113,0.245652174
Karnataka,BENGALURU URBAN,2005,Kharif,Onion,77,429,5.571428571
Karnataka,BENGALURU URBAN,2005,Kharif,Other Kharif pulses,4125,701,0.169939394
Karnataka,BENGALURU URBAN,2005,Kharif,Peas & beans (Pulses),103,630,6.116504854
Karnataka,BENGALURU URBAN,2005,Kharif,Potato,127,425,3.346456693
Karnataka,BENGALURU URBAN,2005,Kharif,Ragi,35909,87909,2.448104932
Karnataka,BENGALURU URBAN,2005,Kharif,Rice,2496,6528,2.615384615
Karnataka,BENGALURU URBAN,2005,Kharif,Sesamum,53,46,0.867924528
Karnataka,BENGALURU URBAN,2005,Kharif,Small millets,28,23,0.821428571
Karnataka,BENGALURU URBAN,2005,Kharif,Sunflower,12,9,0.75
Karnataka,BENGALURU URBAN,2005,Kharif,Urad,16,3,0.1875
Karnataka,BENGALURU URBAN,2005,Rabi,Dry chillies,21,34,1.619047619
Karnataka,BENGALURU URBAN,2005,Rabi,Groundnut,29,25,0.862068966
Karnataka,BENGALURU URBAN,2005,Rabi,Horse-gram,279,165,0.591397849
Karnataka,BENGALURU URBAN,2005,Rabi,Maize,41,147,3.585365854
Karnataka,BENGALURU URBAN,2005,Rabi,Other  Rabi pulses,86,11,0.127906977
Karnataka,BENGALURU URBAN,2005,Rabi,Peas & beans (Pulses),28,329,11.75
Karnataka,BENGALURU URBAN,2005,Rabi,Potato,67,1211,18.07462687
Karnataka,BENGALURU URBAN,2005,Rabi,Ragi,54,157,2.907407407
Karnataka,BENGALURU URBAN,2005,Rabi,Rapeseed &Mustard,594,193,0.324915825
Karnataka,BENGALURU URBAN,2005,Rabi,Sunflower,1,1,1
Karnataka,BENGALURU URBAN,2005,Summer,Dry chillies,48,127,2.645833333
Karnataka,BENGALURU URBAN,2005,Summer,Maize,167,516,3.089820359
Karnataka,BENGALURU URBAN,2005,Summer,Peas & beans (Pulses),13,66,5.076923077
Karnataka,BENGALURU URBAN,2005,Summer,Ragi,140,306,2.185714286
Karnataka,BENGALURU URBAN,2005,Summer,Rice,1026,3190,3.109161793
Karnataka,BENGALURU URBAN,2005,Summer,Sunflower,1,1,1
Karnataka,BENGALURU URBAN,2005,Whole Year,Arecanut,274,1845,6.733576642
Karnataka,BENGALURU URBAN,2005,Whole Year,Banana,490,5733,11.7
Karnataka,BENGALURU URBAN,2005,Whole Year,Coconut,2871,10283,3.581678858
Karnataka,BENGALURU URBAN,2005,Whole Year,Coriander,30,5,0.166666667
Karnataka,BENGALURU URBAN,2005,Whole Year,Garlic,16,12,0.75
Karnataka,BENGALURU URBAN,2006,Kharif,Arhar/Tur,586,258,0.440273038
Karnataka,BENGALURU URBAN,2006,Kharif,Castor seed,248,198,0.798387097
Karnataka,BENGALURU URBAN,2006,Kharif,Gram,23,3,0.130434783
Karnataka,BENGALURU URBAN,2006,Kharif,Groundnut,168,61,0.363095238
Karnataka,BENGALURU URBAN,2006,Kharif,Horse-gram,114,41,0.359649123
Karnataka,BENGALURU URBAN,2006,Kharif,Maize,665,2295,3.45112782
Karnataka,BENGALURU URBAN,2006,Kharif,Moong(Green Gram),25,3,0.12
Karnataka,BENGALURU URBAN,2006,Kharif,Niger seed,380,94,0.247368421
Karnataka,BENGALURU URBAN,2006,Kharif,Other Kharif pulses,2439,4722,1.93603936
Karnataka,BENGALURU URBAN,2006,Kharif,Ragi,23136,23258,1.005273167
Karnataka,BENGALURU URBAN,2006,Kharif,Rapeseed &Mustard,419,136,0.324582339
Karnataka,BENGALURU URBAN,2006,Kharif,Rice,1315,3537,2.68973384
Karnataka,BENGALURU URBAN,2006,Kharif,Sesamum,56,33,0.589285714
Karnataka,BENGALURU URBAN,2006,Kharif,Small millets,39,6,0.153846154
Karnataka,BENGALURU URBAN,2006,Kharif,Sunflower,12,7,0.583333333
Karnataka,BENGALURU URBAN,2006,Kharif,Urad,23,3,0.130434783
Karnataka,BENGALURU URBAN,2006,Rabi,Groundnut,7,5,0.714285714
Karnataka,BENGALURU URBAN,2006,Rabi,Horse-gram,607,191,0.314662273
Karnataka,BENGALURU URBAN,2006,Rabi,Maize,24,76,3.166666667
Karnataka,BENGALURU URBAN,2006,Rabi,Other  Rabi pulses,113,44,0.389380531
Karnataka,BENGALURU URBAN,2006,Rabi,Ragi,150,299,1.993333333
Karnataka,BENGALURU URBAN,2006,Summer,Maize,169,542,3.207100592
Karnataka,BENGALURU URBAN,2006,Summer,Ragi,246,523,2.12601626
Karnataka,BENGALURU URBAN,2006,Summer,Rice,557,1744,3.131059246
Karnataka,BENGALURU URBAN,2006,Summer,Sunflower,5,4,0.8
Karnataka,BENGALURU URBAN,2006,Whole Year,Arecanut,247,346,1.400809717
Karnataka,BENGALURU URBAN,2006,Whole Year,Banana,532,2808,5.278195489
Karnataka,BENGALURU URBAN,2006,Whole Year,Coconut,2385,8543,3.58197065
Karnataka,BENGALURU URBAN,2006,Whole Year,Coriander,24,4,0.166666667
Karnataka,BENGALURU URBAN,2006,Whole Year,Dry chillies,179,325,1.815642458
Karnataka,BENGALURU URBAN,2006,Whole Year,Garlic,14,11,0.785714286
Karnataka,BENGALURU URBAN,2006,Whole Year,Onion,32,178,5.5625
Karnataka,BENGALURU URBAN,2006,Whole Year,Potato,299,6184,20.68227425
Karnataka,BENGALURU URBAN,2006,Whole Year,Sugarcane,20,1748,87.4
Karnataka,BENGALURU URBAN,2007,Kharif,Arhar/Tur,630,417,0.661904762
Karnataka,BENGALURU URBAN,2007,Kharif,Castor seed,277,186,0.671480144
Karnataka,BENGALURU URBAN,2007,Kharif,Dry chillies,120,108,0.9
Karnataka,BENGALURU URBAN,2007,Kharif,Groundnut,109,81,0.743119266
Karnataka,BENGALURU URBAN,2007,Kharif,Horse-gram,443,227,0.51241535
Karnataka,BENGALURU URBAN,2007,Kharif,Maize,601,2005,3.336106489
Karnataka,BENGALURU URBAN,2007,Kharif,Moong(Green Gram),46,10,0.217391304
Karnataka,BENGALURU URBAN,2007,Kharif,Niger seed,573,216,0.376963351
Karnataka,BENGALURU URBAN,2007,Kharif,Onion,32,191,5.96875
Karnataka,BENGALURU URBAN,2007,Kharif,Other Kharif pulses,2658,6387,2.402934537
Karnataka,BENGALURU URBAN,2007,Kharif,Potato,66,218,3.303030303
Karnataka,BENGALURU URBAN,2007,Kharif,Ragi,28075,69342,2.469884239
Karnataka,BENGALURU URBAN,2007,Kharif,Rapeseed &Mustard,534,194,0.36329588
Karnataka,BENGALURU URBAN,2007,Kharif,Rice,1523,4752,3.120157584
Karnataka,BENGALURU URBAN,2007,Kharif,Sesamum,21,12,0.571428571
Karnataka,BENGALURU URBAN,2007,Kharif,Small millets,40,27,0.675
Karnataka,BENGALURU URBAN,2007,Kharif,Sunflower,9,7,0.777777778
Karnataka,BENGALURU URBAN,2007,Kharif,Urad,33,14,0.424242424
Karnataka,BENGALURU URBAN,2007,Rabi,Dry chillies,19,33,1.736842105
Karnataka,BENGALURU URBAN,2007,Rabi,Groundnut,21,18,0.857142857
Karnataka,BENGALURU URBAN,2007,Rabi,Horse-gram,583,409,0.701543739
Karnataka,BENGALURU URBAN,2007,Rabi,Maize,133,475,3.571428571
Karnataka,BENGALURU URBAN,2007,Rabi,Other  Rabi pulses,153,54,0.352941176
Karnataka,BENGALURU URBAN,2007,Rabi,Potato,170,2092,12.30588235
Karnataka,BENGALURU URBAN,2007,Rabi,Ragi,147,318,2.163265306
Karnataka,BENGALURU URBAN,2007,Summer,Dry chillies,26,88,3.384615385
Karnataka,BENGALURU URBAN,2007,Summer,Maize,104,336,3.230769231
Karnataka,BENGALURU URBAN,2007,Summer,Ragi,123,256,2.081300813
Karnataka,BENGALURU URBAN,2007,Summer,Rice,517,1642,3.176015474
Karnataka,BENGALURU URBAN,2007,Whole Year,Arecanut,326,2196,6.736196319
Karnataka,BENGALURU URBAN,2007,Whole Year,Banana,415,15375,37.04819277
Karnataka,BENGALURU URBAN,2007,Whole Year,Coconut,2310,11762,5.091774892
Karnataka,BENGALURU URBAN,2007,Whole Year,Coriander,21,7,0.333333333
Karnataka,BENGALURU URBAN,2007,Whole Year,Garlic,13,13,1
Karnataka,BENGALURU URBAN,2007,Whole Year,Sugarcane,20,1691,84.55
Karnataka,BENGALURU URBAN,2008,Kharif,Arhar/Tur,714,376,0.526610644
Karnataka,BENGALURU URBAN,2008,Kharif,Castor seed,288,273,0.947916667
Karnataka,BENGALURU URBAN,2008,Kharif,Dry chillies,105,97,0.923809524
Karnataka,BENGALURU URBAN,2008,Kharif,Groundnut,146,53,0.363013699
Karnataka,BENGALURU URBAN,2008,Kharif,Horse-gram,488,221,0.452868852
Karnataka,BENGALURU URBAN,2008,Kharif,Maize,697,1990,2.855093257
Karnataka,BENGALURU URBAN,2008,Kharif,Moong(Green Gram),49,7,0.142857143
Karnataka,BENGALURU URBAN,2008,Kharif,Niger seed,464,159,0.342672414
Karnataka,BENGALURU URBAN,2008,Kharif,Onion,44,228,5.181818182
Karnataka,BENGALURU URBAN,2008,Kharif,Other Kharif pulses,2486,2318,0.932421561
Karnataka,BENGALURU URBAN,2008,Kharif,Potato,94,178,1.893617021
Karnataka,BENGALURU URBAN,2008,Kharif,Ragi,24839,60948,2.453721969
Karnataka,BENGALURU URBAN,2008,Kharif,Rice,1652,5022.08,3.04
Karnataka,BENGALURU URBAN,2008,Kharif,Sesamum,19,10,0.526315789
Karnataka,BENGALURU URBAN,2008,Kharif,Sunflower,6,5,0.833333333
Karnataka,BENGALURU URBAN,2008,Kharif,Urad,30,8,0.266666667
Karnataka,BENGALURU URBAN,2008,Rabi,Dry chillies,23,39,1.695652174
Karnataka,BENGALURU URBAN,2008,Rabi,Groundnut,18,14,0.777777778
Karnataka,BENGALURU URBAN,2008,Rabi,Horse-gram,429,164,0.382284382
Karnataka,BENGALURU URBAN,2008,Rabi,Maize,123,388,3.154471545
Karnataka,BENGALURU URBAN,2008,Rabi,Other  Rabi pulses,187,91,0.486631016
Karnataka,BENGALURU URBAN,2008,Rabi,Potato,121,1739,14.37190083
Karnataka,BENGALURU URBAN,2008,Rabi,Ragi,142,297,2.091549296
Karnataka,BENGALURU URBAN,2008,Rabi,Rapeseed &Mustard,423,170,0.401891253
Karnataka,BENGALURU URBAN,2008,Summer,Dry chillies,23,75,3.260869565
Karnataka,BENGALURU URBAN,2008,Summer,Maize,91,286,3.142857143
Karnataka,BENGALURU URBAN,2008,Summer,Ragi,97,193,1.989690722
Karnataka,BENGALURU URBAN,2008,Summer,Rice,467,1813,3.882226981
Karnataka,BENGALURU URBAN,2008,Whole Year,Arecanut,315,2122,6.736507937
Karnataka,BENGALURU URBAN,2008,Whole Year,Banana,372,16495,44.34139785
Karnataka,BENGALURU URBAN,2008,Whole Year,Coconut,2313,15846,6.850843061
Karnataka,BENGALURU URBAN,2008,Whole Year,Coriander,17,9,0.529411765
Karnataka,BENGALURU URBAN,2008,Whole Year,Garlic,19,42,2.210526316
Karnataka,BENGALURU URBAN,2009,Kharif,Arhar/Tur,617,285,0.46191248
Karnataka,BENGALURU URBAN,2009,Kharif,Castor seed,235,152,0.646808511
Karnataka,BENGALURU URBAN,2009,Kharif,Gram,611,322,0.52700491
Karnataka,BENGALURU URBAN,2009,Kharif,Groundnut,155,75,0.483870968
Karnataka,BENGALURU URBAN,2009,Kharif,Horse-gram,611,322,0.52700491
Karnataka,BENGALURU URBAN,2009,Kharif,Maize,442,1053,2.382352941
Karnataka,BENGALURU URBAN,2009,Kharif,Moong(Green Gram),50,6,0.12
Karnataka,BENGALURU URBAN,2009,Kharif,Niger seed,425,149,0.350588235
Karnataka,BENGALURU URBAN,2009,Kharif,Onion,45,159,3.533333333
Karnataka,BENGALURU URBAN,2009,Kharif,Other Kharif pulses,2402,1913,0.79641965
Karnataka,BENGALURU URBAN,2009,Kharif,Potato,66,408,6.181818182
Karnataka,BENGALURU URBAN,2009,Kharif,Ragi,23922,53746,2.246718502
Karnataka,BENGALURU URBAN,2009,Kharif,Rice,1594,4361.18,2.735997491
Karnataka,BENGALURU URBAN,2009,Kharif,Sesamum,29,12,0.413793103
Karnataka,BENGALURU URBAN,2009,Kharif,Sunflower,5,3,0.6
Karnataka,BENGALURU URBAN,2009,Kharif,Urad,69,6,0.086956522
Karnataka,BENGALURU URBAN,2009,Rabi,Dry chillies,18,54,3
Karnataka,BENGALURU URBAN,2009,Rabi,Gram,302,146,0.483443709
Karnataka,BENGALURU URBAN,2009,Rabi,Groundnut,12,9,0.75
Karnataka,BENGALURU URBAN,2009,Rabi,Horse-gram,302,146,0.483443709
Karnataka,BENGALURU URBAN,2009,Rabi,Maize,84,221,2.630952381
Karnataka,BENGALURU URBAN,2009,Rabi,Other  Rabi pulses,79,34,0.430379747
Karnataka,BENGALURU URBAN,2009,Rabi,Potato,116,1713,14.76724138
Karnataka,BENGALURU URBAN,2009,Rabi,Ragi,87,204,2.344827586
Karnataka,BENGALURU URBAN,2009,Rabi,Rapeseed &Mustard,373,109,0.292225201
Karnataka,BENGALURU URBAN,2009,Rabi,Sunflower,4,3,0.75
Karnataka,BENGALURU URBAN,2009,Summer,Dry chillies,25,115,4.6
Karnataka,BENGALURU URBAN,2009,Summer,Maize,129,353,2.736434109
Karnataka,BENGALURU URBAN,2009,Summer,Ragi,82,154,1.87804878
Karnataka,BENGALURU URBAN,2009,Summer,Rice,447,1662,3.718120805
Karnataka,BENGALURU URBAN,2009,Whole Year,Arecanut,384,2586,6.734375
Karnataka,BENGALURU URBAN,2009,Whole Year,Banana,408,13127,32.17401961
Karnataka,BENGALURU URBAN,2009,Whole Year,Black pepper,17,63,3.705882353
Karnataka,BENGALURU URBAN,2009,Whole Year,Coconut,2565,18238,7.110331384
Karnataka,BENGALURU URBAN,2009,Whole Year,Coriander,16,8,0.5
Karnataka,BENGALURU URBAN,2009,Whole Year,Garlic,19,27,1.421052632
Karnataka,BENGALURU URBAN,2010,Kharif,Arhar/Tur,737,432,0.586160109
Karnataka,BENGALURU URBAN,2010,Kharif,Castor seed,265,222,0.837735849
Karnataka,BENGALURU URBAN,2010,Kharif,Cowpea(Lobia),456,236,0.51754386
Karnataka,BENGALURU URBAN,2010,Kharif,Dry chillies,74,61,0.824324324
Karnataka,BENGALURU URBAN,2010,Kharif,Groundnut,114,78,0.684210526
Karnataka,BENGALURU URBAN,2010,Kharif,Horse-gram,575,330,0.573913043
Karnataka,BENGALURU URBAN,2010,Kharif,Maize,553,1964,3.551537071
Karnataka,BENGALURU URBAN,2010,Kharif,Moong(Green Gram),49,13,0.265306122
Karnataka,BENGALURU URBAN,2010,Kharif,Niger seed,417,126,0.302158273
Karnataka,BENGALURU URBAN,2010,Kharif,Onion,42,262,6.238095238
Karnataka,BENGALURU URBAN,2010,Kharif,Other Kharif pulses,1806,2107,1.166666667
Karnataka,BENGALURU URBAN,2010,Kharif,Peas & beans (Pulses),42,374,8.904761905
Karnataka,BENGALURU URBAN,2010,Kharif,Potato,59,448,7.593220339
Karnataka,BENGALURU URBAN,2010,Kharif,Ragi,24063,62049,2.578606159
Karnataka,BENGALURU URBAN,2010,Kharif,Rice,1495,4258,2.848160535
Karnataka,BENGALURU URBAN,2010,Kharif,Sesamum,36,20,0.555555556
Karnataka,BENGALURU URBAN,2010,Kharif,Sunflower,1,1,1
Karnataka,BENGALURU URBAN,2010,Kharif,Urad,43,16,0.372093023
Karnataka,BENGALURU URBAN,2010,Rabi,Cowpea(Lobia),40,11,0.275
Karnataka,BENGALURU URBAN,2010,Rabi,Dry chillies,28,76,2.714285714
Karnataka,BENGALURU URBAN,2010,Rabi,Gram,5,4,0.8
Karnataka,BENGALURU URBAN,2010,Rabi,Groundnut,25,22,0.88
Karnataka,BENGALURU URBAN,2010,Rabi,Horse-gram,290,140,0.482758621
Karnataka,BENGALURU URBAN,2010,Rabi,Maize,60,177,2.95
Karnataka,BENGALURU URBAN,2010,Rabi,Other  Rabi pulses,62,34,0.548387097
Karnataka,BENGALURU URBAN,2010,Rabi,Peas & beans (Pulses),52,399,7.673076923
Karnataka,BENGALURU URBAN,2010,Rabi,Potato,113,1315,11.63716814
Karnataka,BENGALURU URBAN,2010,Rabi,Ragi,80,166,2.075
Karnataka,BENGALURU URBAN,2010,Rabi,Rapeseed &Mustard,329,115,0.349544073
Karnataka,BENGALURU URBAN,2010,Summer,Dry chillies,30,91,3.033333333
Karnataka,BENGALURU URBAN,2010,Summer,Maize,136,463,3.404411765
Karnataka,BENGALURU URBAN,2010,Summer,Peas & beans (Pulses),55,487,8.854545455
Karnataka,BENGALURU URBAN,2010,Summer,Ragi,113,221,1.955752212
Karnataka,BENGALURU URBAN,2010,Summer,Rice,400,1293,3.2325
Karnataka,BENGALURU URBAN,2010,Summer,Sunflower,22,22,1
Karnataka,BENGALURU URBAN,2010,Whole Year,Arecanut,383,4141,10.81201044
Karnataka,BENGALURU URBAN,2010,Whole Year,Banana,255,8548,33.52156863
Karnataka,BENGALURU URBAN,2010,Whole Year,Black pepper,16,9.7,0.60625
Karnataka,BENGALURU URBAN,2010,Whole Year,Coconut,2311,22092,9.559498053
Karnataka,BENGALURU URBAN,2010,Whole Year,Coriander,16,6,0.375
Karnataka,BENGALURU URBAN,2010,Whole Year,Garlic,18,23,1.277777778
Karnataka,BENGALURU URBAN,2010,Whole Year,Sugarcane,3,291,97
Karnataka,BENGALURU URBAN,2011,Kharif,Arhar/Tur,1013,464,0.45804541
Karnataka,BENGALURU URBAN,2011,Kharif,Castor seed,288,242,0.840277778
Karnataka,BENGALURU URBAN,2011,Kharif,Cowpea(Lobia),595,314,0.527731092
Karnataka,BENGALURU URBAN,2011,Kharif,Dry chillies,118,95,0.805084746
Karnataka,BENGALURU URBAN,2011,Kharif,Groundnut,172,109,0.63372093
Karnataka,BENGALURU URBAN,2011,Kharif,Horse-gram,391,214,0.547314578
Karnataka,BENGALURU URBAN,2011,Kharif,Maize,633,1963,3.101105845
Karnataka,BENGALURU URBAN,2011,Kharif,Moong(Green Gram),28,7,0.25
Karnataka,BENGALURU URBAN,2011,Kharif,Niger seed,364,99,0.271978022
Karnataka,BENGALURU URBAN,2011,Kharif,Onion,44,217,4.931818182
Karnataka,BENGALURU URBAN,2011,Kharif,Other Kharif pulses,1797,2422,1.347801892
Karnataka,BENGALURU URBAN,2011,Kharif,Peas & beans (Pulses),54,491,9.092592593
Karnataka,BENGALURU URBAN,2011,Kharif,Potato,61,504,8.262295082
Karnataka,BENGALURU URBAN,2011,Kharif,Ragi,24419,70059,2.869036406
Karnataka,BENGALURU URBAN,2011,Kharif,Rice,1410,4853,3.441843972
Karnataka,BENGALURU URBAN,2011,Kharif,Sesamum,84,42,0.5
Karnataka,BENGALURU URBAN,2011,Kharif,Urad,26,10,0.384615385
Karnataka,BENGALURU URBAN,2011,Rabi,Cowpea(Lobia),73,26,0.356164384
Karnataka,BENGALURU URBAN,2011,Rabi,Dry chillies,25,59,2.36
Karnataka,BENGALURU URBAN,2011,Rabi,Gram,2,1,0.5
Karnataka,BENGALURU URBAN,2011,Rabi,Groundnut,18,17,0.944444444
Karnataka,BENGALURU URBAN,2011,Rabi,Horse-gram,276,151,0.547101449
Karnataka,BENGALURU URBAN,2011,Rabi,Maize,73,236,3.232876712
Karnataka,BENGALURU URBAN,2011,Rabi,Other  Rabi pulses,68,64,0.941176471
Karnataka,BENGALURU URBAN,2011,Rabi,Peas & beans (Pulses),56,412,7.357142857
Karnataka,BENGALURU URBAN,2011,Rabi,Potato,103,1251,12.14563107
Karnataka,BENGALURU URBAN,2011,Rabi,Ragi,122,245,2.008196721
Karnataka,BENGALURU URBAN,2011,Rabi,Rapeseed &Mustard,336,133,0.395833333
Karnataka,BENGALURU URBAN,2011,Summer,Dry chillies,31,109,3.516129032
Karnataka,BENGALURU URBAN,2011,Summer,Maize,125,426,3.408
Karnataka,BENGALURU URBAN,2011,Summer,Peas & beans (Pulses),64,727,11.359375
Karnataka,BENGALURU URBAN,2011,Summer,Potato,10,144,14.4
Karnataka,BENGALURU URBAN,2011,Summer,Ragi,110,212,1.927272727
Karnataka,BENGALURU URBAN,2011,Summer,Rice,360,1400,3.888888889
Karnataka,BENGALURU URBAN,2011,Summer,Sunflower,6,6,1
Karnataka,BENGALURU URBAN,2011,Whole Year,Arecanut,401,3247,8.097256858
Karnataka,BENGALURU URBAN,2011,Whole Year,Banana,281,7021,24.98576512
Karnataka,BENGALURU URBAN,2011,Whole Year,Black pepper,15,4.2,0.28
Karnataka,BENGALURU URBAN,2011,Whole Year,Coconut,2264,22508,9.941696113
Karnataka,BENGALURU URBAN,2011,Whole Year,Coriander,18,7,0.388888889
Karnataka,BENGALURU URBAN,2011,Whole Year,Garlic,20,25,1.25
Karnataka,BENGALURU URBAN,2012,Kharif,Arhar/Tur,638,452,0.70846395
Karnataka,BENGALURU URBAN,2012,Kharif,Bajra,2,2,1
Karnataka,BENGALURU URBAN,2012,Kharif,Castor seed,99,62,0.626262626
Karnataka,BENGALURU URBAN,2012,Kharif,Cowpea(Lobia),275,75,0.272727273
Karnataka,BENGALURU URBAN,2012,Kharif,Dry chillies,58,53,0.913793103
Karnataka,BENGALURU URBAN,2012,Kharif,Groundnut,100,56,0.56
Karnataka,BENGALURU URBAN,2012,Kharif,Horse-gram,690,281,0.407246377
Karnataka,BENGALURU URBAN,2012,Kharif,Jowar,750,918,1.224
Karnataka,BENGALURU URBAN,2012,Kharif,Maize,808,2072,2.564356436
Karnataka,BENGALURU URBAN,2012,Kharif,Moong(Green Gram),12,4,0.333333333
Karnataka,BENGALURU URBAN,2012,Kharif,Niger seed,134,32,0.23880597
Karnataka,BENGALURU URBAN,2012,Kharif,Onion,26,138,5.307692308
Karnataka,BENGALURU URBAN,2012,Kharif,Other Kharif pulses,1302,1182,0.907834101
Karnataka,BENGALURU URBAN,2012,Kharif,Potato,206,1315,6.383495146
Karnataka,BENGALURU URBAN,2012,Kharif,Ragi,22457,49517,2.204969497
Karnataka,BENGALURU URBAN,2012,Kharif,Rapeseed &Mustard,200,79,0.395
Karnataka,BENGALURU URBAN,2012,Kharif,Rice,974,3006,3.0862423
Karnataka,BENGALURU URBAN,2012,Kharif,Sesamum,16,5,0.3125
Karnataka,BENGALURU URBAN,2012,Kharif,Small millets,24,6,0.25
Karnataka,BENGALURU URBAN,2012,Kharif,Sunflower,1,1,1
Karnataka,BENGALURU URBAN,2012,Kharif,Urad,28,13,0.464285714
Karnataka,BENGALURU URBAN,2012,Rabi,Cowpea(Lobia),15,5,0.333333333
Karnataka,BENGALURU URBAN,2012,Rabi,Dry chillies,6,16,2.666666667
Karnataka,BENGALURU URBAN,2012,Rabi,Horse-gram,196,121,0.617346939
Karnataka,BENGALURU URBAN,2012,Rabi,Jowar,1,1,1
Karnataka,BENGALURU URBAN,2012,Rabi,Linseed,2,,
Karnataka,BENGALURU URBAN,2012,Rabi,Maize,68,206,3.029411765
Karnataka,BENGALURU URBAN,2012,Rabi,Moong(Green Gram),2,,
Karnataka,BENGALURU URBAN,2012,Rabi,Onion,1,7,7
Karnataka,BENGALURU URBAN,2012,Rabi,Other  Rabi pulses,96,44,0.458333333
Karnataka,BENGALURU URBAN,2012,Rabi,Potato,7,119,17
Karnataka,BENGALURU URBAN,2012,Rabi,Ragi,43,62,1.441860465
Karnataka,BENGALURU URBAN,2012,Rabi,Rice,42,101,2.404761905
Karnataka,BENGALURU URBAN,2012,Summer,Cowpea(Lobia),32,12,0.375
Karnataka,BENGALURU URBAN,2012,Summer,Dry chillies,5,14,2.8
Karnataka,BENGALURU URBAN,2012,Summer,Jowar,14,23,1.642857143
Karnataka,BENGALURU URBAN,2012,Summer,Maize,101,347,3.435643564
Karnataka,BENGALURU URBAN,2012,Summer,Onion,14,79,5.642857143
Karnataka,BENGALURU URBAN,2012,Summer,Potato,17,371,21.82352941
Karnataka,BENGALURU URBAN,2012,Summer,Ragi,95,142,1.494736842
Karnataka,BENGALURU URBAN,2012,Summer,Rice,178,639,3.58988764
Karnataka,BENGALURU URBAN,2012,Whole Year,Arecanut,346,2777,8.026011561
Karnataka,BENGALURU URBAN,2012,Whole Year,Black pepper,2,6,3
Karnataka,BENGALURU URBAN,2012,Whole Year,Cashewnut,3,2,0.666666667
Karnataka,BENGALURU URBAN,2012,Whole Year,Coconut,2312,22763,9.845588235
Karnataka,BENGALURU URBAN,2012,Whole Year,Coriander,41,16,0.390243902
Karnataka,BENGALURU URBAN,2012,Whole Year,Dry ginger,5,159,31.8
Karnataka,BENGALURU URBAN,2012,Whole Year,Garlic,2,3,1.5
Karnataka,BENGALURU URBAN,2012,Whole Year,Sugarcane,12,1003,83.58333333
Karnataka,BENGALURU URBAN,2013,Kharif,Arhar/Tur,1011,929,0.918892186
Karnataka,BENGALURU URBAN,2013,Kharif,Bajra,7,8,1.142857143
Karnataka,BENGALURU URBAN,2013,Kharif,Castor seed,57,51,0.894736842
Karnataka,BENGALURU URBAN,2013,Kharif,Cowpea(Lobia),269,100,0.371747212
Karnataka,BENGALURU URBAN,2013,Kharif,Dry chillies,84,93,1.107142857
Karnataka,BENGALURU URBAN,2013,Kharif,Groundnut,48,41,0.854166667
Karnataka,BENGALURU URBAN,2013,Kharif,Horse-gram,443,223,0.503386005
Karnataka,BENGALURU URBAN,2013,Kharif,Jowar,852,1212,1.422535211
Karnataka,BENGALURU URBAN,2013,Kharif,Maize,907,2875,3.169790518
Karnataka,BENGALURU URBAN,2013,Kharif,Moong(Green Gram),21,5,0.238095238
Karnataka,BENGALURU URBAN,2013,Kharif,Niger seed,161,35,0.217391304
Karnataka,BENGALURU URBAN,2013,Kharif,Onion,31,205,6.612903226
Karnataka,BENGALURU URBAN,2013,Kharif,Other Kharif pulses,1360,1776,1.305882353
Karnataka,BENGALURU URBAN,2013,Kharif,Potato,79,520,6.582278481
Karnataka,BENGALURU URBAN,2013,Kharif,Ragi,23157,72993,3.15209224
Karnataka,BENGALURU URBAN,2013,Kharif,Rapeseed &Mustard,175,78,0.445714286
Karnataka,BENGALURU URBAN,2013,Kharif,Rice,1113,3941,3.540880503
Karnataka,BENGALURU URBAN,2013,Kharif,Sesamum,15,9,0.6
Karnataka,BENGALURU URBAN,2013,Kharif,Small millets,3,1,0.333333333
Karnataka,BENGALURU URBAN,2013,Kharif,Urad,8,4,0.5
Karnataka,BENGALURU URBAN,2013,Rabi,Cowpea(Lobia),27,11,0.407407407
Karnataka,BENGALURU URBAN,2013,Rabi,Dry chillies,10,19,1.9
Karnataka,BENGALURU URBAN,2013,Rabi,Gram,2,2,1
Karnataka,BENGALURU URBAN,2013,Rabi,Horse-gram,166,91,0.548192771
Karnataka,BENGALURU URBAN,2013,Rabi,Jowar,21,23,1.095238095
Karnataka,BENGALURU URBAN,2013,Rabi,Linseed,2,1,0.5
Karnataka,BENGALURU URBAN,2013,Rabi,Maize,171,524,3.064327485
Karnataka,BENGALURU URBAN,2013,Rabi,Moong(Green Gram),4,1,0.25
Karnataka,BENGALURU URBAN,2013,Rabi,Onion,8,56,7
Karnataka,BENGALURU URBAN,2013,Rabi,Other  Rabi pulses,42,33,0.785714286
Karnataka,BENGALURU URBAN,2013,Rabi,Potato,33,502,15.21212121
Karnataka,BENGALURU URBAN,2013,Rabi,Ragi,104,152,1.461538462
Karnataka,BENGALURU URBAN,2013,Rabi,Rice,4,10,2.5
Karnataka,BENGALURU URBAN,2013,Summer,Cowpea(Lobia),22,9,0.409090909
Karnataka,BENGALURU URBAN,2013,Summer,Dry chillies,18,48,2.666666667
Karnataka,BENGALURU URBAN,2013,Summer,Groundnut,7,6,0.857142857
Karnataka,BENGALURU URBAN,2013,Summer,Jowar,12,20,1.666666667
Karnataka,BENGALURU URBAN,2013,Summer,Maize,160,519,3.24375
Karnataka,BENGALURU URBAN,2013,Summer,Potato,4,56,14
Karnataka,BENGALURU URBAN,2013,Summer,Ragi,72,141,1.958333333
Karnataka,BENGALURU URBAN,2013,Summer,Rice,59,218,3.694915254
Karnataka,BENGALURU URBAN,2013,Whole Year,Arecanut,464,5168,11.13793103
Karnataka,BENGALURU URBAN,2013,Whole Year,Black pepper,2,5,2.5
Karnataka,BENGALURU URBAN,2013,Whole Year,Cashewnut,3,3,1
Karnataka,BENGALURU URBAN,2013,Whole Year,Coconut,2116,16788,7.933837429
Karnataka,BENGALURU URBAN,2013,Whole Year,Coriander,9,3,0.333333333
Karnataka,BENGALURU URBAN,2013,Whole Year,Dry ginger,4,111,27.75
Karnataka,BENGALURU URBAN,2013,Whole Year,Garlic,2,2,1
Karnataka,BENGALURU URBAN,2014,Kharif,Arhar/Tur,2093,1362,0.650740564
Karnataka,BENGALURU URBAN,2014,Kharif,Castor seed,52,32,0.615384615
Karnataka,BENGALURU URBAN,2014,Kharif,Cowpea(Lobia),173,76,0.439306358
Karnataka,BENGALURU URBAN,2014,Kharif,Dry chillies,46,52,1.130434783
Karnataka,BENGALURU URBAN,2014,Kharif,Groundnut,84,61,0.726190476
Karnataka,BENGALURU URBAN,2014,Kharif,Horse-gram,403,188,0.466501241
Karnataka,BENGALURU URBAN,2014,Kharif,Jowar,538,744,1.382899628
Karnataka,BENGALURU URBAN,2014,Kharif,Maize,634,1985,3.130914826
Karnataka,BENGALURU URBAN,2014,Kharif,Moong(Green Gram),13,3,0.230769231
Karnataka,BENGALURU URBAN,2014,Kharif,Niger seed,88,23,0.261363636
Karnataka,BENGALURU URBAN,2014,Kharif,Onion,8,41,5.125
Karnataka,BENGALURU URBAN,2014,Kharif,Other Kharif pulses,925,1744,1.885405405
Karnataka,BENGALURU URBAN,2014,Kharif,Potato,64,394,6.15625
Karnataka,BENGALURU URBAN,2014,Kharif,Ragi,23792,66654,2.801529926
Karnataka,BENGALURU URBAN,2014,Kharif,Rapeseed &Mustard,127,28,0.220472441
Karnataka,BENGALURU URBAN,2014,Kharif,Rice,950,3374,3.551578947
Karnataka,BENGALURU URBAN,2014,Kharif,Sesamum,13,7,0.538461538
Karnataka,BENGALURU URBAN,2014,Kharif,Small millets,2,1,0.5
Karnataka,BENGALURU URBAN,2014,Kharif,Sunflower,4,2,0.5
Karnataka,BENGALURU URBAN,2014,Kharif,Urad,17,5,0.294117647
Karnataka,BENGALURU URBAN,2014,Rabi,Cowpea(Lobia),30,11,0.366666667
Karnataka,BENGALURU URBAN,2014,Rabi,Dry chillies,14,26,1.857142857
Karnataka,BENGALURU URBAN,2014,Rabi,Gram,33,24,0.727272727
Karnataka,BENGALURU URBAN,2014,Rabi,Horse-gram,199,135,0.67839196
Karnataka,BENGALURU URBAN,2014,Rabi,Jowar,42,46,1.095238095
Karnataka,BENGALURU URBAN,2014,Rabi,Maize,118,399,3.381355932
Karnataka,BENGALURU URBAN,2014,Rabi,Other  Rabi pulses,39,29,0.743589744
Karnataka,BENGALURU URBAN,2014,Rabi,Potato,14,216,15.42857143
Karnataka,BENGALURU URBAN,2014,Rabi,Ragi,116,188,1.620689655
Karnataka,BENGALURU URBAN,2014,Summer,Cowpea(Lobia),1,,
Karnataka,BENGALURU URBAN,2014,Summer,Dry chillies,21,40,1.904761905
Karnataka,BENGALURU URBAN,2014,Summer,Jowar,3,6,2
Karnataka,BENGALURU URBAN,2014,Summer,Maize,40,130,3.25
Karnataka,BENGALURU URBAN,2014,Summer,Potato,9,123,13.66666667
Karnataka,BENGALURU URBAN,2014,Summer,Ragi,34,61,1.794117647
Karnataka,BENGALURU URBAN,2014,Summer,Rice,21,87,4.142857143
Karnataka,BENGALURU URBAN,2014,Whole Year,Arecanut,231,2137,9.251082251
Karnataka,BENGALURU URBAN,2014,Whole Year,Black pepper,2,12,6
Karnataka,BENGALURU URBAN,2014,Whole Year,Coconut,1281,11431,8.923497268
Karnataka,BENGALURU URBAN,2014,Whole Year,Coriander,22,7,0.318181818
Karnataka,BENGALURU URBAN,2014,Whole Year,Dry ginger,11,320,29.09090909
Karnataka,BENGALURU URBAN,2014,Whole Year,Sugarcane,2,182,91
Karnataka,BENGALURU URBAN,2014,Whole Year,Tapioca,1,9,9
Karnataka,BIDAR,1997,Kharif,Arhar/Tur,48463,3499,0.07219941
Karnataka,BIDAR,1997,Kharif,Bajra,14756,9500,0.643805909
Karnataka,BIDAR,1997,Kharif,Dry chillies,1139,957,0.840210711
Karnataka,BIDAR,1997,Kharif,Dry ginger,1168,1484,1.270547945
Karnataka,BIDAR,1997,Kharif,Groundnut,2499,648,0.259303721
Karnataka,BIDAR,1997,Kharif,Horse-gram,150,67,0.446666667
Karnataka,BIDAR,1997,Kharif,Jowar,76833,115225,1.499681127
Karnataka,BIDAR,1997,Kharif,Maize,292,522,1.787671233
Karnataka,BIDAR,1997,Kharif,Paddy,9385,9155,0.975492808
Karnataka,BIDAR,1997,Kharif,Rice,9385,6109,0.650932339
Karnataka,BIDAR,1997,Rabi,Dry chillies,66,86,1.303030303
Karnataka,BIDAR,1997,Rabi,Groundnut,1337,1255,0.938668661
Karnataka,BIDAR,1997,Rabi,Jowar,37204,5233,0.140656919
Karnataka,BIDAR,1997,Rabi,Maize,38,68,1.789473684
Karnataka,BIDAR,1997,Rabi,Paddy,2,5,2.5
Karnataka,BIDAR,1997,Rabi,Rice,2,3,1.5
Karnataka,BIDAR,1997,Rabi,Wheat,7110,1585,0.222925457
Karnataka,BIDAR,1997,Summer,Jowar,2,5,2.5
Karnataka,BIDAR,1997,Summer,Maize,18,39,2.166666667
Karnataka,BIDAR,1997,Whole Year,Coriander,701,74,0.105563481
Karnataka,BIDAR,1997,Whole Year,Garlic,73,138,1.890410959
Karnataka,BIDAR,1997,Whole Year,Sugarcane,22571,1543856,68.39998228
Karnataka,BIDAR,1997,Whole Year,Turmeric,107,109,1.018691589
Karnataka,BIDAR,1998,Kharif,Arhar/Tur,54354,41464,0.76285094
Karnataka,BIDAR,1998,Kharif,Bajra,13994,6398,0.457195941
Karnataka,BIDAR,1998,Kharif,Cotton(lint),3616,3439,0.951050885
Karnataka,BIDAR,1998,Kharif,Dry ginger,1089,13843,12.71166208
Karnataka,BIDAR,1998,Kharif,Groundnut,2344,681,0.29052901
Karnataka,BIDAR,1998,Kharif,Horse-gram,109,52,0.47706422
Karnataka,BIDAR,1998,Kharif,Jowar,85602,105761,1.235496834
Karnataka,BIDAR,1998,Kharif,Maize,233,585,2.510729614
Karnataka,BIDAR,1998,Kharif,Moong(Green Gram),40707,7657,0.188100327
Karnataka,BIDAR,1998,Kharif,Niger seed,8792,1001,0.113853503
Karnataka,BIDAR,1998,Kharif,Onion,28,127,4.535714286
Karnataka,BIDAR,1998,Kharif,Peas & beans (Pulses),2,18,9
Karnataka,BIDAR,1998,Kharif,Potato,9,99,11
Karnataka,BIDAR,1998,Kharif,Rapeseed &Mustard,24,2,0.083333333
Karnataka,BIDAR,1998,Kharif,Rice,9587,5825,0.607593616
Karnataka,BIDAR,1998,Kharif,Sesamum,14250,7148,0.501614035
Karnataka,BIDAR,1998,Kharif,Soyabean,217,234,1.078341014
Karnataka,BIDAR,1998,Kharif,Sunflower,7880,1442,0.182994924
Karnataka,BIDAR,1998,Rabi,Gram,41731,18557,0.444681412
Karnataka,BIDAR,1998,Rabi,Groundnut,1423,1983,1.393534786
Karnataka,BIDAR,1998,Rabi,Jowar,30169,13646,0.452318605
Karnataka,BIDAR,1998,Rabi,Linseed,503,163,0.324055666
Karnataka,BIDAR,1998,Rabi,Maize,47,78,1.659574468
Karnataka,BIDAR,1998,Rabi,Onion,303,2303,7.600660066
Karnataka,BIDAR,1998,Rabi,Peas & beans (Pulses),2,20,10
Karnataka,BIDAR,1998,Rabi,Potato,10,197,19.7
Karnataka,BIDAR,1998,Rabi,Safflower,9470,9140,0.965153115
Karnataka,BIDAR,1998,Rabi,Sunflower,6059,1787,0.294933157
Karnataka,BIDAR,1998,Rabi,Wheat,8128,7040,0.866141732
Karnataka,BIDAR,1998,Summer,Jowar,17,16,0.941176471
Karnataka,BIDAR,1998,Summer,Maize,26,52,2
Karnataka,BIDAR,1998,Summer,Sunflower,265,149,0.562264151
Karnataka,BIDAR,1998,Whole Year,Coconut,2,10,5
Karnataka,BIDAR,1998,Whole Year,Coriander,786,83,0.105597964
Karnataka,BIDAR,1998,Whole Year,Dry chillies,772,682,0.883419689
Karnataka,BIDAR,1998,Whole Year,Garlic,107,202,1.887850467
Karnataka,BIDAR,1998,Whole Year,Turmeric,70,144,2.057142857
Karnataka,BIDAR,1999,Kharif,Arhar/Tur,56604,44847,0.792293831
Karnataka,BIDAR,1999,Kharif,Bajra,8690,6722,0.773532796
Karnataka,BIDAR,1999,Kharif,Cotton(lint),2817,3001,1.065317714
Karnataka,BIDAR,1999,Kharif,Dry ginger,927,11784,12.71197411
Karnataka,BIDAR,1999,Kharif,Groundnut,1813,956,0.527302813
Karnataka,BIDAR,1999,Kharif,Horse-gram,78,35,0.448717949
Karnataka,BIDAR,1999,Kharif,Jowar,77723,107468,1.382705248
Karnataka,BIDAR,1999,Kharif,Maize,511,1152,2.254403131
Karnataka,BIDAR,1999,Kharif,Mesta,1382,1006,0.727930535
Karnataka,BIDAR,1999,Kharif,Moong(Green Gram),41064,7607,0.185247419
Karnataka,BIDAR,1999,Kharif,Niger seed,13668,1556,0.113842552
Karnataka,BIDAR,1999,Kharif,Other Kharif pulses,866,89,0.102771363
Karnataka,BIDAR,1999,Kharif,Rice,10023,8373,0.835378629
Karnataka,BIDAR,1999,Kharif,Sesamum,12316,9091,0.738145502
Karnataka,BIDAR,1999,Kharif,Small millets,782,481,0.615089514
Karnataka,BIDAR,1999,Kharif,Soyabean,120,110,0.916666667
Karnataka,BIDAR,1999,Kharif,Sunflower,6201,1593,0.256894049
Karnataka,BIDAR,1999,Kharif,Urad,78045,18091,0.231802165
Karnataka,BIDAR,1999,Rabi,Gram,38957,15821,0.406114434
Karnataka,BIDAR,1999,Rabi,Groundnut,824,1116,1.354368932
Karnataka,BIDAR,1999,Rabi,Jowar,31377,15692,0.500111547
Karnataka,BIDAR,1999,Rabi,Linseed,472,159,0.336864407
Karnataka,BIDAR,1999,Rabi,Maize,47,99,2.106382979
Karnataka,BIDAR,1999,Rabi,Other  Rabi pulses,1473,160,0.10862186
Karnataka,BIDAR,1999,Rabi,Rapeseed &Mustard,27,2,0.074074074
Karnataka,BIDAR,1999,Rabi,Safflower,7938,9585,1.207482993
Karnataka,BIDAR,1999,Rabi,Sunflower,4514,1619,0.358661941
Karnataka,BIDAR,1999,Rabi,Wheat,7367,7407,1.005429619
Karnataka,BIDAR,1999,Summer,Jowar,38,32,0.842105263
Karnataka,BIDAR,1999,Summer,Maize,47,69,1.468085106
Karnataka,BIDAR,1999,Summer,Rice,5,7,1.4
Karnataka,BIDAR,1999,Summer,Sunflower,165,93,0.563636364
Karnataka,BIDAR,1999,Whole Year,Banana,411,9644,23.46472019
Karnataka,BIDAR,1999,Whole Year,Black pepper,4,10,2.5
Karnataka,BIDAR,1999,Whole Year,Coconut,3,14,4.666666667
Karnataka,BIDAR,1999,Whole Year,Coriander,717,76,0.105997211
Karnataka,BIDAR,1999,Whole Year,Dry chillies,880,788,0.895454545
Karnataka,BIDAR,1999,Whole Year,Garlic,24,45,1.875
Karnataka,BIDAR,1999,Whole Year,Onion,317,6198,19.55205047
Karnataka,BIDAR,1999,Whole Year,Potato,27,520,19.25925926
Karnataka,BIDAR,1999,Whole Year,Sannhamp,256,64,0.25
Karnataka,BIDAR,1999,Whole Year,Sugarcane,26826,2140715,79.80000746
Karnataka,BIDAR,1999,Whole Year,Turmeric,146,498,3.410958904
Karnataka,BIDAR,2000,Kharif,Arhar/Tur,62518,23757,0.380002559
Karnataka,BIDAR,2000,Kharif,Bajra,9808,7442,0.758768352
Karnataka,BIDAR,2000,Kharif,Cotton(lint),1373,1994,1.452294246
Karnataka,BIDAR,2000,Kharif,Dry ginger,1108,14084,12.71119134
Karnataka,BIDAR,2000,Kharif,Groundnut,1760,558,0.317045455
Karnataka,BIDAR,2000,Kharif,Horse-gram,77,44,0.571428571
Karnataka,BIDAR,2000,Kharif,Jowar,75439,110862,1.469558186
Karnataka,BIDAR,2000,Kharif,Maize,297,643,2.164983165
Karnataka,BIDAR,2000,Kharif,Mesta,1151,838,0.728062554
Karnataka,BIDAR,2000,Kharif,Moong(Green Gram),43847,11038,0.251739002
Karnataka,BIDAR,2000,Kharif,Niger seed,6730,766,0.113818722
Karnataka,BIDAR,2000,Kharif,Other Kharif pulses,853,88,0.103165299
Karnataka,BIDAR,2000,Kharif,Rice,11483,10428,0.908125054
Karnataka,BIDAR,2000,Kharif,Sesamum,11851,4481,0.378111552
Karnataka,BIDAR,2000,Kharif,Small millets,557,442,0.793536804
Karnataka,BIDAR,2000,Kharif,Soyabean,132,138,1.045454545
Karnataka,BIDAR,2000,Kharif,Sunflower,3277,1167,0.356118401
Karnataka,BIDAR,2000,Kharif,Urad,84597,27727,0.327753939
Karnataka,BIDAR,2000,Rabi,Gram,40933,25227,0.616299807
Karnataka,BIDAR,2000,Rabi,Groundnut,1213,1287,1.061005771
Karnataka,BIDAR,2000,Rabi,Jowar,32055,13399,0.418000312
Karnataka,BIDAR,2000,Rabi,Linseed,474,175,0.369198312
Karnataka,BIDAR,2000,Rabi,Maize,46,107,2.326086957
Karnataka,BIDAR,2000,Rabi,Other  Rabi pulses,1363,148,0.108584006
Karnataka,BIDAR,2000,Rabi,Rapeseed &Mustard,18,1,0.055555556
Karnataka,BIDAR,2000,Rabi,Rice,34,49,1.441176471
Karnataka,BIDAR,2000,Rabi,Safflower,9473,10025,1.058270875
Karnataka,BIDAR,2000,Rabi,Sunflower,3420,1223,0.357602339
Karnataka,BIDAR,2000,Rabi,Wheat,9457,9376,0.991434916
Karnataka,BIDAR,2000,Summer,Jowar,13,24,1.846153846
Karnataka,BIDAR,2000,Summer,Maize,17,34,2
Karnataka,BIDAR,2000,Summer,Sunflower,100,72,0.72
Karnataka,BIDAR,2000,Whole Year,Banana,469,8622,18.38379531
Karnataka,BIDAR,2000,Whole Year,Coconut,3,14,4.666666667
Karnataka,BIDAR,2000,Whole Year,Coriander,661,70,0.105900151
Karnataka,BIDAR,2000,Whole Year,Dry chillies,849,701,0.825677267
Karnataka,BIDAR,2000,Whole Year,Garlic,46,87,1.891304348
Karnataka,BIDAR,2000,Whole Year,Onion,420,2438,5.804761905
Karnataka,BIDAR,2000,Whole Year,Potato,24,321,13.375
Karnataka,BIDAR,2000,Whole Year,Sannhamp,268,67,0.25
Karnataka,BIDAR,2000,Whole Year,Sugarcane,30929,2086161,67.44999838
Karnataka,BIDAR,2000,Whole Year,Turmeric,293,1218,4.156996587
Karnataka,BIDAR,2001,Kharif,Arhar/Tur,64077,24349,0.379995942
Karnataka,BIDAR,2001,Kharif,Bajra,8672,5038,0.580950185
Karnataka,BIDAR,2001,Kharif,Cotton(lint),1843,1668,0.90504612
Karnataka,BIDAR,2001,Kharif,Dry ginger,1038,13195,12.71194605
Karnataka,BIDAR,2001,Kharif,Groundnut,2466,1858,0.753446878
Karnataka,BIDAR,2001,Kharif,Horse-gram,55,29,0.527272727
Karnataka,BIDAR,2001,Kharif,Jowar,69180,97825,1.414064759
Karnataka,BIDAR,2001,Kharif,Maize,241,415,1.721991701
Karnataka,BIDAR,2001,Kharif,Mesta,1427,1039,0.728100911
Karnataka,BIDAR,2001,Kharif,Moong(Green Gram),46928,14222,0.303060007
Karnataka,BIDAR,2001,Kharif,Niger seed,5805,661,0.113867356
Karnataka,BIDAR,2001,Kharif,Other Kharif pulses,771,80,0.103761349
Karnataka,BIDAR,2001,Kharif,Rice,11224,9048,0.806129722
Karnataka,BIDAR,2001,Kharif,Sesamum,9479,2215,0.233674438
Karnataka,BIDAR,2001,Kharif,Small millets,521,375,0.719769674
Karnataka,BIDAR,2001,Kharif,Soyabean,125,104,0.832
Karnataka,BIDAR,2001,Kharif,Sunflower,4122,1119,0.27147016
Karnataka,BIDAR,2001,Kharif,Urad,86581,35780,0.41325464
Karnataka,BIDAR,2001,Rabi,Gram,41761,27462,0.657599195
Karnataka,BIDAR,2001,Rabi,Jowar,29109,14347,0.49287162
Karnataka,BIDAR,2001,Rabi,Linseed,609,204,0.334975369
Karnataka,BIDAR,2001,Rabi,Maize,36,68,1.888888889
Karnataka,BIDAR,2001,Rabi,Other  Rabi pulses,1672,182,0.108851675
Karnataka,BIDAR,2001,Rabi,Rapeseed &Mustard,17,1,0.058823529
Karnataka,BIDAR,2001,Rabi,Rice,30,45,1.5
Karnataka,BIDAR,2001,Rabi,Safflower,11239,16272,1.447815642
Karnataka,BIDAR,2001,Rabi,Sunflower,4489,1817,0.404767209
Karnataka,BIDAR,2001,Rabi,Wheat,10101,8188,0.810612811
Karnataka,BIDAR,2001,Summer,Sunflower,202,165,0.816831683
Karnataka,BIDAR,2001,Whole Year,Coconut,27,129,4.777777778
Karnataka,BIDAR,2001,Whole Year,Coriander,788,83,0.105329949
Karnataka,BIDAR,2001,Whole Year,Dry chillies,766,681,0.889033943
Karnataka,BIDAR,2001,Whole Year,Onion,568,6961,12.25528169
Karnataka,BIDAR,2001,Whole Year,Peas & beans (Pulses),22,151,6.863636364
Karnataka,BIDAR,2001,Whole Year,Potato,58,1122,19.34482759
Karnataka,BIDAR,2001,Whole Year,Sannhamp,329,82,0.249240122
Karnataka,BIDAR,2001,Whole Year,Sugarcane,29225,1415951,48.44999145
Karnataka,BIDAR,2001,Whole Year,Turmeric,163,660,4.049079755
Karnataka,BIDAR,2002,Kharif,Arhar/Tur,67313,40990,0.608946266
Karnataka,BIDAR,2002,Kharif,Bajra,8364,6234,0.745337159
Karnataka,BIDAR,2002,Kharif,Cotton(lint),1477,2410,1.63168585
Karnataka,BIDAR,2002,Kharif,Dry ginger,1047,13309,12.71155683
Karnataka,BIDAR,2002,Kharif,Groundnut,1374,733,0.533478894
Karnataka,BIDAR,2002,Kharif,Horse-gram,46,18,0.391304348
Karnataka,BIDAR,2002,Kharif,Jowar,69191,108598,1.569539391
Karnataka,BIDAR,2002,Kharif,Maize,267,386,1.445692884
Karnataka,BIDAR,2002,Kharif,Mesta,1386,999,0.720779221
Karnataka,BIDAR,2002,Kharif,Moong(Green Gram),47526,5328,0.112107057
Karnataka,BIDAR,2002,Kharif,Niger seed,6024,686,0.113877822
Karnataka,BIDAR,2002,Kharif,Other Kharif pulses,963,98,0.101765317
Karnataka,BIDAR,2002,Kharif,Rice,10083,5672,0.562530993
Karnataka,BIDAR,2002,Kharif,Sesamum,9255,5170,0.558616964
Karnataka,BIDAR,2002,Kharif,Small millets,489,299,0.611451943
Karnataka,BIDAR,2002,Kharif,Soyabean,382,317,0.829842932
Karnataka,BIDAR,2002,Kharif,Sunflower,4461,1551,0.347679892
Karnataka,BIDAR,2002,Kharif,Urad,83943,10207,0.121594415
Karnataka,BIDAR,2002,Rabi,Gram,40840,25780,0.631243879
Karnataka,BIDAR,2002,Rabi,Groundnut,749,933,1.245660881
Karnataka,BIDAR,2002,Rabi,Jowar,32041,13638,0.425642146
Karnataka,BIDAR,2002,Rabi,Linseed,570,200,0.350877193
Karnataka,BIDAR,2002,Rabi,Maize,89,145,1.629213483
Karnataka,BIDAR,2002,Rabi,Other  Rabi pulses,1379,150,0.108774474
Karnataka,BIDAR,2002,Rabi,Rapeseed &Mustard,22,2,0.090909091
Karnataka,BIDAR,2002,Rabi,Rice,25,40,1.6
Karnataka,BIDAR,2002,Rabi,Safflower,10898,14173,1.300513856
Karnataka,BIDAR,2002,Rabi,Sunflower,4671,2482,0.531363734
Karnataka,BIDAR,2002,Rabi,Wheat,8840,5975,0.675904977
Karnataka,BIDAR,2002,Summer,Sunflower,83,50,0.602409639
Karnataka,BIDAR,2002,Whole Year,Banana,249,2846,11.42971888
Karnataka,BIDAR,2002,Whole Year,Beans & Mutter(Vegetable),28,215,7.678571429
Karnataka,BIDAR,2002,Whole Year,Brinjal,241,1596,6.622406639
Karnataka,BIDAR,2002,Whole Year,Cashewnut Processed,29,4,0.137931034
Karnataka,BIDAR,2002,Whole Year,Cashewnut Raw,29,17,0.586206897
Karnataka,BIDAR,2002,Whole Year,Citrus Fruit,69,1197,17.34782609
Karnataka,BIDAR,2002,Whole Year,Coconut,23,110,4.782608696
Karnataka,BIDAR,2002,Whole Year,Coriander,729,77,0.105624143
Karnataka,BIDAR,2002,Whole Year,Dry chillies,995,399,0.401005025
Karnataka,BIDAR,2002,Whole Year,Garlic,104,197,1.894230769
Karnataka,BIDAR,2002,Whole Year,Grapes,36,1071,29.75
Karnataka,BIDAR,2002,Whole Year,Mango,707,940,1.329561528
Karnataka,BIDAR,2002,Whole Year,Onion,545,6454,11.84220183
Karnataka,BIDAR,2002,Whole Year,Other Fresh Fruits,28,88,3.142857143
Karnataka,BIDAR,2002,Whole Year,Papaya,154,408,2.649350649
Karnataka,BIDAR,2002,Whole Year,Pome Fruit,72,441,6.125
Karnataka,BIDAR,2002,Whole Year,Potato,67,707,10.55223881
Karnataka,BIDAR,2002,Whole Year,Sannhamp,337,84,0.24925816
Karnataka,BIDAR,2002,Whole Year,Sugarcane,30943,2234085,72.20001293
Karnataka,BIDAR,2002,Whole Year,Sweet potato,2,15,7.5
Karnataka,BIDAR,2002,Whole Year,Tomato,450,519,1.153333333
Karnataka,BIDAR,2002,Whole Year,Turmeric,151,517,3.42384106
Karnataka,BIDAR,2003,Kharif,Arhar/Tur,73792,31967,0.433204141
Karnataka,BIDAR,2003,Kharif,Bajra,10039,9804,0.976591294
Karnataka,BIDAR,2003,Kharif,Cotton(lint),1321,1373,1.039364118
Karnataka,BIDAR,2003,Kharif,Dry ginger,788,10017,12.71192893
Karnataka,BIDAR,2003,Kharif,Groundnut,1219,440,0.3609516
Karnataka,BIDAR,2003,Kharif,Horse-gram,36,13,0.361111111
Karnataka,BIDAR,2003,Kharif,Jowar,65262,93270,1.429162453
Karnataka,BIDAR,2003,Kharif,Maize,433,653,1.508083141
Karnataka,BIDAR,2003,Kharif,Mesta,1255,904,0.720318725
Karnataka,BIDAR,2003,Kharif,Moong(Green Gram),53135,11055,0.208054954
Karnataka,BIDAR,2003,Kharif,Niger seed,6281,715,0.113835377
Karnataka,BIDAR,2003,Kharif,Other Kharif pulses,1054,109,0.10341556
Karnataka,BIDAR,2003,Kharif,Rice,8768,3536,0.403284672
Karnataka,BIDAR,2003,Kharif,Sesamum,9678,5516,0.56995247
Karnataka,BIDAR,2003,Kharif,Small millets,401,219,0.546134663
Karnataka,BIDAR,2003,Kharif,Soyabean,12325,5936,0.481622718
Karnataka,BIDAR,2003,Kharif,Sunflower,5560,2501,0.449820144
Karnataka,BIDAR,2003,Kharif,Urad,69566,16125,0.231794267
Karnataka,BIDAR,2003,Rabi,Gram,40561,22830,0.562855945
Karnataka,BIDAR,2003,Rabi,Groundnut,511,596,1.166340509
Karnataka,BIDAR,2003,Rabi,Jowar,30617,8929,0.291635366
Karnataka,BIDAR,2003,Rabi,Linseed,601,46,0.076539101
Karnataka,BIDAR,2003,Rabi,Maize,92,112,1.217391304
Karnataka,BIDAR,2003,Rabi,Other  Rabi pulses,1176,128,0.108843537
Karnataka,BIDAR,2003,Rabi,Rapeseed &Mustard,14,1,0.071428571
Karnataka,BIDAR,2003,Rabi,Safflower,11053,14511,1.312856238
Karnataka,BIDAR,2003,Rabi,Sunflower,5052,2838,0.56175772
Karnataka,BIDAR,2003,Rabi,Wheat,7887,4620,0.585774059
Karnataka,BIDAR,2003,Summer,Sunflower,39,21,0.538461538
Karnataka,BIDAR,2003,Whole Year,Banana,189,3500,18.51851852
Karnataka,BIDAR,2003,Whole Year,Beans & Mutter(Vegetable),185,1200,6.486486486
Karnataka,BIDAR,2003,Whole Year,Brinjal,163,1347,8.263803681
Karnataka,BIDAR,2003,Whole Year,Citrus Fruit,34,14,0.411764706
Karnataka,BIDAR,2003,Whole Year,Coconut,23,110,4.782608696
Karnataka,BIDAR,2003,Whole Year,Coriander,687,73,0.106259098
Karnataka,BIDAR,2003,Whole Year,Dry chillies,1291,820,0.635166538
Karnataka,BIDAR,2003,Whole Year,Garlic,73,138,1.890410959
Karnataka,BIDAR,2003,Whole Year,Grapes,56,1641,29.30357143
Karnataka,BIDAR,2003,Whole Year,Mango,168,148,0.880952381
Karnataka,BIDAR,2003,Whole Year,Onion,464,4272,9.206896552
Karnataka,BIDAR,2003,Whole Year,Other Fresh Fruits,19,51,2.684210526
Karnataka,BIDAR,2003,Whole Year,Pome Fruit,48,265,5.520833333
Karnataka,BIDAR,2003,Whole Year,Potato,50,550,11
Karnataka,BIDAR,2003,Whole Year,Sannhamp,423,106,0.250591017
Karnataka,BIDAR,2003,Whole Year,Sugarcane,23197,1476489,63.64999784
Karnataka,BIDAR,2003,Whole Year,Sweet potato,1,8,8
Karnataka,BIDAR,2003,Whole Year,Tomato,2307,13245,5.741222367
Karnataka,BIDAR,2003,Whole Year,Turmeric,55,99,1.8
Karnataka,BIDAR,2004,Kharif,Arhar/Tur,70100,44286,0.631754636
Karnataka,BIDAR,2004,Kharif,Bajra,8912,7744,0.868940754
Karnataka,BIDAR,2004,Kharif,Cotton(lint),1914,2194,1.146290491
Karnataka,BIDAR,2004,Kharif,Dry ginger,711,9038,12.7116737
Karnataka,BIDAR,2004,Kharif,Groundnut,1067,344,0.32239925
Karnataka,BIDAR,2004,Kharif,Horse-gram,38,20,0.526315789
Karnataka,BIDAR,2004,Kharif,Jowar,63640,78627,1.235496543
Karnataka,BIDAR,2004,Kharif,Maize,243,450,1.851851852
Karnataka,BIDAR,2004,Kharif,Mesta,1058,762,0.720226843
Karnataka,BIDAR,2004,Kharif,Moong(Green Gram),49269,4025,0.081694372
Karnataka,BIDAR,2004,Kharif,Niger seed,6120,697,0.113888889
Karnataka,BIDAR,2004,Kharif,Other Kharif pulses,866,86.6,0.1
Karnataka,BIDAR,2004,Kharif,Rice,7999,3495.56,0.436999625
Karnataka,BIDAR,2004,Kharif,Sesamum,8161,3745,0.458889842
Karnataka,BIDAR,2004,Kharif,Small millets,369,234,0.634146341
Karnataka,BIDAR,2004,Kharif,Soyabean,28175,17639,0.626051464
Karnataka,BIDAR,2004,Kharif,Sunflower,6765,2201,0.325351072
Karnataka,BIDAR,2004,Kharif,Urad,57157,3964,0.069352835
Karnataka,BIDAR,2004,Rabi,Gram,40496,20938,0.51703872
Karnataka,BIDAR,2004,Rabi,Groundnut,459,471,1.026143791
Karnataka,BIDAR,2004,Rabi,Jowar,31157,11721,0.376191546
Karnataka,BIDAR,2004,Rabi,Linseed,536,113,0.210820896
Karnataka,BIDAR,2004,Rabi,Maize,77,173,2.246753247
Karnataka,BIDAR,2004,Rabi,Other  Rabi pulses,1100,120,0.109090909
Karnataka,BIDAR,2004,Rabi,Rapeseed &Mustard,10,1,0.1
Karnataka,BIDAR,2004,Rabi,Safflower,12160,9819,0.807483553
Karnataka,BIDAR,2004,Rabi,Sunflower,5348,3004,0.56170531
Karnataka,BIDAR,2004,Rabi,Wheat,7373,4546,0.616573986
Karnataka,BIDAR,2004,Summer,Sunflower,169,110,0.650887574
Karnataka,BIDAR,2004,Whole Year,Banana,63,2573,40.84126984
Karnataka,BIDAR,2004,Whole Year,Coconut,24,1158.96,48.29
Karnataka,BIDAR,2004,Whole Year,Coriander,674,71,0.105341246
Karnataka,BIDAR,2004,Whole Year,Dry chillies,624,441,0.706730769
Karnataka,BIDAR,2004,Whole Year,Garlic,85,161,1.894117647
Karnataka,BIDAR,2004,Whole Year,Onion,441,3836,8.698412698
Karnataka,BIDAR,2004,Whole Year,Potato,47,727,15.46808511
Karnataka,BIDAR,2004,Whole Year,Turmeric,24,90,3.75
Karnataka,BIDAR,2005,Kharif,Arhar/Tur,69344,56522,0.815095754
Karnataka,BIDAR,2005,Kharif,Bajra,9577,6050,0.631721834
Karnataka,BIDAR,2005,Kharif,Dry chillies,677,492,0.726735598
Karnataka,BIDAR,2005,Kharif,Groundnut,910,265,0.291208791
Karnataka,BIDAR,2005,Kharif,Horse-gram,38,22,0.578947368
Karnataka,BIDAR,2005,Kharif,Jowar,59339,68914,1.161360994
Karnataka,BIDAR,2005,Kharif,Maize,265,499,1.883018868
Karnataka,BIDAR,2005,Kharif,Moong(Green Gram),49382,4644,0.094042364
Karnataka,BIDAR,2005,Kharif,Niger seed,5785,659,0.113915298
Karnataka,BIDAR,2005,Kharif,Onion,91,507,5.571428571
Karnataka,BIDAR,2005,Kharif,Other Kharif pulses,825,84,0.101818182
Karnataka,BIDAR,2005,Kharif,Peas & beans (Pulses),7,43,6.142857143
Karnataka,BIDAR,2005,Kharif,Potato,4,13,3.25
Karnataka,BIDAR,2005,Kharif,Rice,7436,4059,0.545857988
Karnataka,BIDAR,2005,Kharif,Sesamum,7699,2889,0.375243538
Karnataka,BIDAR,2005,Kharif,Small millets,257,161,0.626459144
Karnataka,BIDAR,2005,Kharif,Soyabean,31876,21652,0.679257121
Karnataka,BIDAR,2005,Kharif,Sunflower,9459,3219,0.340310815
Karnataka,BIDAR,2005,Kharif,Urad,51823,5662,0.109256508
Karnataka,BIDAR,2005,Rabi,Dry chillies,111,129,1.162162162
Karnataka,BIDAR,2005,Rabi,Gram,40091,20541,0.512359382
Karnataka,BIDAR,2005,Rabi,Groundnut,402,383,0.952736318
Karnataka,BIDAR,2005,Rabi,Jowar,29402,10111,0.343888171
Karnataka,BIDAR,2005,Rabi,Linseed,483,161,0.333333333
Karnataka,BIDAR,2005,Rabi,Maize,71,220,3.098591549
Karnataka,BIDAR,2005,Rabi,Onion,415,4302,10.36626506
Karnataka,BIDAR,2005,Rabi,Other  Rabi pulses,1178,127,0.107809847
Karnataka,BIDAR,2005,Rabi,Peas & beans (Pulses),2,14,7
Karnataka,BIDAR,2005,Rabi,Potato,39,705,18.07692308
Karnataka,BIDAR,2005,Rabi,Rapeseed &Mustard,14,1,0.071428571
Karnataka,BIDAR,2005,Rabi,Rice,112,180,1.607142857
Karnataka,BIDAR,2005,Rabi,Safflower,12705,15908,1.25210547
Karnataka,BIDAR,2005,Rabi,Sunflower,5502,3124,0.56779353
Karnataka,BIDAR,2005,Rabi,Wheat,7746,4710,0.608055771
Karnataka,BIDAR,2005,Summer,Dry chillies,3,8,2.666666667
Karnataka,BIDAR,2005,Summer,Onion,22,360,16.36363636
Karnataka,BIDAR,2005,Summer,Peas & beans (Pulses),1,5,5
Karnataka,BIDAR,2005,Summer,Sunflower,77,60,0.779220779
Karnataka,BIDAR,2005,Whole Year,Banana,207,2458,11.87439614
Karnataka,BIDAR,2005,Whole Year,Coconut,25,120,4.8
Karnataka,BIDAR,2005,Whole Year,Coriander,532,56,0.105263158
Karnataka,BIDAR,2005,Whole Year,Cotton(lint),1505,1279,0.849833887
Karnataka,BIDAR,2005,Whole Year,Dry ginger,967,12292,12.7114788
Karnataka,BIDAR,2005,Whole Year,Garlic,75,142,1.893333333
Karnataka,BIDAR,2005,Whole Year,Mesta,1048,755,0.720419847
Karnataka,BIDAR,2005,Whole Year,Sugarcane,23366,1531641,65.54998716
Karnataka,BIDAR,2005,Whole Year,Turmeric,51,272,5.333333333
Karnataka,BIDAR,2006,Kharif,Arhar/Tur,69189,34902,0.504444348
Karnataka,BIDAR,2006,Kharif,Bajra,9430,7831,0.830434783
Karnataka,BIDAR,2006,Kharif,Gram,60364,4416,0.073156186
Karnataka,BIDAR,2006,Kharif,Groundnut,958,347,0.362212944
Karnataka,BIDAR,2006,Kharif,Horse-gram,85,31,0.364705882
Karnataka,BIDAR,2006,Kharif,Jowar,58541,83774,1.431031243
Karnataka,BIDAR,2006,Kharif,Maize,249,407,1.634538153
Karnataka,BIDAR,2006,Kharif,Moong(Green Gram),50855,3817,0.075056533
Karnataka,BIDAR,2006,Kharif,Niger seed,4963,565,0.113842434
Karnataka,BIDAR,2006,Kharif,Other Kharif pulses,822,851,1.035279805
Karnataka,BIDAR,2006,Kharif,Rapeseed &Mustard,22,2,0.090909091
Karnataka,BIDAR,2006,Kharif,Rice,7077,4449,0.62865621
Karnataka,BIDAR,2006,Kharif,Sesamum,7714,3877,0.502592689
Karnataka,BIDAR,2006,Kharif,Small millets,195,112,0.574358974
Karnataka,BIDAR,2006,Kharif,Soyabean,20838,17460,0.837892312
Karnataka,BIDAR,2006,Kharif,Sunflower,9442,3717,0.393666596
Karnataka,BIDAR,2006,Kharif,Urad,60364,4416,0.073156186
Karnataka,BIDAR,2006,Rabi,Gram,39956,27433,0.686580238
Karnataka,BIDAR,2006,Rabi,Groundnut,410,350,0.853658537
Karnataka,BIDAR,2006,Rabi,Jowar,26870,13172,0.490212132
Karnataka,BIDAR,2006,Rabi,Linseed,373,114,0.305630027
Karnataka,BIDAR,2006,Rabi,Maize,83,186,2.240963855
Karnataka,BIDAR,2006,Rabi,Other  Rabi pulses,1332,158,0.118618619
Karnataka,BIDAR,2006,Rabi,Rice,64,110,1.71875
Karnataka,BIDAR,2006,Rabi,Safflower,11744,16021,1.364185967
Karnataka,BIDAR,2006,Rabi,Sunflower,5261,2573,0.489070519
Karnataka,BIDAR,2006,Rabi,Wheat,7339,5444,0.741790435
Karnataka,BIDAR,2006,Summer,Sunflower,63,50,0.793650794
Karnataka,BIDAR,2006,Whole Year,Banana,195,3893,19.96410256
Karnataka,BIDAR,2006,Whole Year,Coconut,26,124,4.769230769
Karnataka,BIDAR,2006,Whole Year,Coriander,331,35,0.105740181
Karnataka,BIDAR,2006,Whole Year,Cotton(lint),1430,1151,0.804895105
Karnataka,BIDAR,2006,Whole Year,Dry chillies,650,869,1.336923077
Karnataka,BIDAR,2006,Whole Year,Dry ginger,1355,17224,12.71143911
Karnataka,BIDAR,2006,Whole Year,Garlic,60,113,1.883333333
Karnataka,BIDAR,2006,Whole Year,Mesta,869,626,0.720368239
Karnataka,BIDAR,2006,Whole Year,Onion,474,2923,6.166666667
Karnataka,BIDAR,2006,Whole Year,Potato,73,1726,23.64383562
Karnataka,BIDAR,2006,Whole Year,Sugarcane,26114,1885431,72.20000766
Karnataka,BIDAR,2006,Whole Year,Turmeric,57,288,5.052631579
Karnataka,BIDAR,2007,Kharif,Arhar/Tur,66110,48422,0.732445923
Karnataka,BIDAR,2007,Kharif,Bajra,8077,8456,1.046923363
Karnataka,BIDAR,2007,Kharif,Dry chillies,548,494,0.901459854
Karnataka,BIDAR,2007,Kharif,Groundnut,862,308,0.357308585
Karnataka,BIDAR,2007,Kharif,Horse-gram,52,27,0.519230769
Karnataka,BIDAR,2007,Kharif,Jowar,60040,114717,1.910676216
Karnataka,BIDAR,2007,Kharif,Maize,433,927,2.140877598
Karnataka,BIDAR,2007,Kharif,Moong(Green Gram),53713,19697,0.366708246
Karnataka,BIDAR,2007,Kharif,Niger seed,4494,1691,0.376279484
Karnataka,BIDAR,2007,Kharif,Onion,91,542,5.956043956
Karnataka,BIDAR,2007,Kharif,Other Kharif pulses,722,679,0.940443213
Karnataka,BIDAR,2007,Kharif,Potato,36,119,3.305555556
Karnataka,BIDAR,2007,Kharif,Rapeseed &Mustard,37,13,0.351351351
Karnataka,BIDAR,2007,Kharif,Rice,6812,4223,0.619935408
Karnataka,BIDAR,2007,Kharif,Sesamum,6754,3413,0.505330175
Karnataka,BIDAR,2007,Kharif,Small millets,126,64,0.507936508
Karnataka,BIDAR,2007,Kharif,Soyabean,14782,15237,1.030780679
Karnataka,BIDAR,2007,Kharif,Sunflower,7658,3358,0.438495691
Karnataka,BIDAR,2007,Kharif,Urad,56276,25234,0.448397185
Karnataka,BIDAR,2007,Rabi,Dry chillies,116,202,1.74137931
Karnataka,BIDAR,2007,Rabi,Gram,35053,17123,0.48848886
Karnataka,BIDAR,2007,Rabi,Groundnut,513,443,0.863547758
Karnataka,BIDAR,2007,Rabi,Jowar,23488,11369,0.484034401
Karnataka,BIDAR,2007,Rabi,Linseed,297,117,0.393939394
Karnataka,BIDAR,2007,Rabi,Maize,77,216,2.805194805
Karnataka,BIDAR,2007,Rabi,Onion,394,5448,13.82741117
Karnataka,BIDAR,2007,Rabi,Other  Rabi pulses,1180,141,0.119491525
Karnataka,BIDAR,2007,Rabi,Potato,41,504,12.29268293
Karnataka,BIDAR,2007,Rabi,Rice,26,45,1.730769231
Karnataka,BIDAR,2007,Rabi,Safflower,9989,14566,1.458204024
Karnataka,BIDAR,2007,Rabi,Sunflower,5444,2817,0.517450404
Karnataka,BIDAR,2007,Rabi,Wheat,6893,8333,1.208907587
Karnataka,BIDAR,2007,Summer,Dry chillies,16,54,3.375
Karnataka,BIDAR,2007,Summer,Onion,31,262,8.451612903
Karnataka,BIDAR,2007,Summer,Sunflower,94,96,1.021276596
Karnataka,BIDAR,2007,Whole Year,Banana,114,2016,17.68421053
Karnataka,BIDAR,2007,Whole Year,Coconut,23,117,5.086956522
Karnataka,BIDAR,2007,Whole Year,Coriander,287,100,0.348432056
Karnataka,BIDAR,2007,Whole Year,Cotton(lint),1307,1066,0.815608263
Karnataka,BIDAR,2007,Whole Year,Dry ginger,817,16767,20.52264382
Karnataka,BIDAR,2007,Whole Year,Garlic,74,76,1.027027027
Karnataka,BIDAR,2007,Whole Year,Mesta,897,646,0.720178372
Karnataka,BIDAR,2007,Whole Year,Sannhamp,306,76,0.248366013
Karnataka,BIDAR,2007,Whole Year,Sugarcane,27086,1852682,68.39998523
Karnataka,BIDAR,2007,Whole Year,Turmeric,68,529,7.779411765
Karnataka,BIDAR,2008,Kharif,Arhar/Tur,62667,50782,0.810346753
Karnataka,BIDAR,2008,Kharif,Bajra,7219,7065,0.978667405
Karnataka,BIDAR,2008,Kharif,Dry chillies,470,436,0.927659574
Karnataka,BIDAR,2008,Kharif,Groundnut,434,169,0.389400922
Karnataka,BIDAR,2008,Kharif,Jowar,56822,88510,1.557671324
Karnataka,BIDAR,2008,Kharif,Maize,560,1028,1.835714286
Karnataka,BIDAR,2008,Kharif,Moong(Green Gram),49123,4153,0.084542882
Karnataka,BIDAR,2008,Kharif,Niger seed,4039,976,0.241643971
Karnataka,BIDAR,2008,Kharif,Onion,114,591,5.184210526
Karnataka,BIDAR,2008,Kharif,Other Kharif pulses,1489,1429,0.9597045
Karnataka,BIDAR,2008,Kharif,Potato,36,68,1.888888889
Karnataka,BIDAR,2008,Kharif,Rice,5503,4077.72,0.740999455
Karnataka,BIDAR,2008,Kharif,Sesamum,5704,2205,0.386570827
Karnataka,BIDAR,2008,Kharif,Soyabean,23924,16091,0.672588196
Karnataka,BIDAR,2008,Kharif,Sunflower,8157,3056,0.374647542
Karnataka,BIDAR,2008,Kharif,Urad,48568,5444,0.112090265
Karnataka,BIDAR,2008,Rabi,Dry chillies,137,232,1.693430657
Karnataka,BIDAR,2008,Rabi,Gram,38454,21799,0.566885109
Karnataka,BIDAR,2008,Rabi,Groundnut,680,535,0.786764706
Karnataka,BIDAR,2008,Rabi,Jowar,24150,13398,0.554782609
Karnataka,BIDAR,2008,Rabi,Linseed,262,99,0.377862595
Karnataka,BIDAR,2008,Rabi,Maize,134,284,2.119402985
Karnataka,BIDAR,2008,Rabi,Onion,341,1311,3.84457478
Karnataka,BIDAR,2008,Rabi,Other  Rabi pulses,187,78,0.417112299
Karnataka,BIDAR,2008,Rabi,Potato,64,920,14.375
Karnataka,BIDAR,2008,Rabi,Rapeseed &Mustard,31,12,0.387096774
Karnataka,BIDAR,2008,Rabi,Safflower,10804,13394,1.239726027
Karnataka,BIDAR,2008,Rabi,Sunflower,5405,2586,0.478445883
Karnataka,BIDAR,2008,Rabi,Wheat,7030,8445,1.201280228
Karnataka,BIDAR,2008,Summer,Dry chillies,22,72,3.272727273
Karnataka,BIDAR,2008,Summer,Maize,33,69,2.090909091
Karnataka,BIDAR,2008,Summer,Onion,28,153,5.464285714
Karnataka,BIDAR,2008,Summer,Sunflower,226,180,0.796460177
Karnataka,BIDAR,2008,Whole Year,Banana,147,5647,38.41496599
Karnataka,BIDAR,2008,Whole Year,Black pepper,1,4,4
Karnataka,BIDAR,2008,Whole Year,Cashewnut,39,23.98,0.614871795
Karnataka,BIDAR,2008,Whole Year,Coconut,24,164,6.833333333
Karnataka,BIDAR,2008,Whole Year,Coriander,272,147,0.540441176
Karnataka,BIDAR,2008,Whole Year,Cotton(lint),1384,1270,0.917630058
Karnataka,BIDAR,2008,Whole Year,Dry ginger,1179,37561,31.85835454
Karnataka,BIDAR,2008,Whole Year,Garlic,67,147,2.194029851
Karnataka,BIDAR,2008,Whole Year,Mesta,596,610,1.023489933
Karnataka,BIDAR,2008,Whole Year,Sannhamp,249,62,0.248995984
Karnataka,BIDAR,2008,Whole Year,Sugarcane,24616,1426497,57.94999188
Karnataka,BIDAR,2008,Whole Year,Turmeric,82,390,4.756097561
Karnataka,BIDAR,2009,Kharif,Arhar/Tur,67000,49647,0.741
Karnataka,BIDAR,2009,Kharif,Bajra,7943,4377,0.55105124
Karnataka,BIDAR,2009,Kharif,Groundnut,542,207,0.381918819
Karnataka,BIDAR,2009,Kharif,Jowar,55352,45436,0.820855615
Karnataka,BIDAR,2009,Kharif,Maize,1440,930,0.645833333
Karnataka,BIDAR,2009,Kharif,Moong(Green Gram),42498,283,0.006659137
Karnataka,BIDAR,2009,Kharif,Niger seed,3296,904,0.274271845
Karnataka,BIDAR,2009,Kharif,Onion,93,328,3.52688172
Karnataka,BIDAR,2009,Kharif,Other Kharif pulses,1319,643,0.487490523
Karnataka,BIDAR,2009,Kharif,Potato,31,192,6.193548387
Karnataka,BIDAR,2009,Kharif,Rice,5039,3877.51,0.769499901
Karnataka,BIDAR,2009,Kharif,Sesamum,5919,1012,0.170974827
Karnataka,BIDAR,2009,Kharif,Small millets,99,53,0.535353535
Karnataka,BIDAR,2009,Kharif,Soyabean,33508,7894,0.235585532
Karnataka,BIDAR,2009,Kharif,Sunflower,5912,1805,0.305311231
Karnataka,BIDAR,2009,Kharif,Urad,44525,465,0.010443571
Karnataka,BIDAR,2009,Rabi,Dry chillies,119,355,2.983193277
Karnataka,BIDAR,2009,Rabi,Groundnut,594,471,0.792929293
Karnataka,BIDAR,2009,Rabi,Jowar,26124,13677,0.523541571
Karnataka,BIDAR,2009,Rabi,Linseed,320,94,0.29375
Karnataka,BIDAR,2009,Rabi,Maize,213,409,1.920187793
Karnataka,BIDAR,2009,Rabi,Onion,438,7057,16.11187215
Karnataka,BIDAR,2009,Rabi,Other  Rabi pulses,589,220,0.373514431
Karnataka,BIDAR,2009,Rabi,Potato,85,1255,14.76470588
Karnataka,BIDAR,2009,Rabi,Rapeseed &Mustard,20,6,0.3
Karnataka,BIDAR,2009,Rabi,Safflower,11412,15408,1.350157729
Karnataka,BIDAR,2009,Rabi,Sunflower,3306,1621,0.490320629
Karnataka,BIDAR,2009,Rabi,Wheat,6387,8518,1.333646469
Karnataka,BIDAR,2009,Summer,Dry chillies,25,115,4.6
Karnataka,BIDAR,2009,Summer,Maize,32,67,2.09375
Karnataka,BIDAR,2009,Summer,Onion,39,298,7.641025641
Karnataka,BIDAR,2009,Summer,Sunflower,191,164,0.858638743
Karnataka,BIDAR,2009,Whole Year,Banana,174,3859,22.17816092
Karnataka,BIDAR,2009,Whole Year,Cashewnut,36,27,0.75
Karnataka,BIDAR,2009,Whole Year,Coconut,19,135,7.105263158
Karnataka,BIDAR,2009,Whole Year,Coriander,285,140,0.49122807
Karnataka,BIDAR,2009,Whole Year,Cotton(lint),1165,1115,0.957081545
Karnataka,BIDAR,2009,Whole Year,Dry ginger,1375,43301,31.49163636
Karnataka,BIDAR,2009,Whole Year,Garlic,107,150,1.401869159
Karnataka,BIDAR,2009,Whole Year,Mesta,973,1504,1.545734841
Karnataka,BIDAR,2009,Whole Year,Sannhamp,264,66,0.25
Karnataka,BIDAR,2009,Whole Year,Sugarcane,25686,1805726,70.30000779
Karnataka,BIDAR,2009,Whole Year,Turmeric,47,177,3.765957447
Karnataka,BIDAR,2010,Kharif,Arhar/Tur,72728,65568,0.901550984
Karnataka,BIDAR,2010,Kharif,Bajra,6717,5117,0.761798422
Karnataka,BIDAR,2010,Kharif,Cotton(lint),787,901,1.144853875
Karnataka,BIDAR,2010,Kharif,Cowpea(Lobia),19,10,0.526315789
Karnataka,BIDAR,2010,Kharif,Dry chillies,496,409,0.824596774
Karnataka,BIDAR,2010,Kharif,Groundnut,280,110,0.392857143
Karnataka,BIDAR,2010,Kharif,Jowar,56034,77549,1.383963308
Karnataka,BIDAR,2010,Kharif,Maize,925,1721,1.860540541
Karnataka,BIDAR,2010,Kharif,Moong(Green Gram),45325,13004,0.286905681
Karnataka,BIDAR,2010,Kharif,Niger seed,2883,642,0.222684703
Karnataka,BIDAR,2010,Kharif,Onion,88,549,6.238636364
Karnataka,BIDAR,2010,Kharif,Other Kharif pulses,662,593,0.895770393
Karnataka,BIDAR,2010,Kharif,Peas & beans (Pulses),4,36,9
Karnataka,BIDAR,2010,Kharif,Potato,26,198,7.615384615
Karnataka,BIDAR,2010,Kharif,Rice,4927,4816,0.977471078
Karnataka,BIDAR,2010,Kharif,Sesamum,5090,2224,0.436935167
Karnataka,BIDAR,2010,Kharif,Small millets,49,23,0.469387755
Karnataka,BIDAR,2010,Kharif,Soyabean,47434,46009,0.969958258
Karnataka,BIDAR,2010,Kharif,Sunflower,2884,961,0.333217753
Karnataka,BIDAR,2010,Kharif,Urad,44916,14252,0.317303411
Karnataka,BIDAR,2010,Rabi,Dry chillies,123,334,2.715447154
Karnataka,BIDAR,2010,Rabi,Gram,43074,28154,0.653619353
Karnataka,BIDAR,2010,Rabi,Groundnut,587,516,0.879045997
Karnataka,BIDAR,2010,Rabi,Jowar,22485,8414,0.374205026
Karnataka,BIDAR,2010,Rabi,Linseed,290,97,0.334482759
Karnataka,BIDAR,2010,Rabi,Maize,315,668,2.120634921
Karnataka,BIDAR,2010,Rabi,Onion,585,4006,6.847863248
Karnataka,BIDAR,2010,Rabi,Other  Rabi pulses,960,296,0.308333333
Karnataka,BIDAR,2010,Rabi,Peas & beans (Pulses),13,92,7.076923077
Karnataka,BIDAR,2010,Rabi,Potato,61,710,11.63934426
Karnataka,BIDAR,2010,Rabi,Rapeseed &Mustard,21,7,0.333333333
Karnataka,BIDAR,2010,Rabi,Safflower,11398,14548,1.276364274
Karnataka,BIDAR,2010,Rabi,Sunflower,3062,1327,0.433376878
Karnataka,BIDAR,2010,Rabi,Wheat,7876,10271,1.30408837
Karnataka,BIDAR,2010,Summer,Dry chillies,10,30,3
Karnataka,BIDAR,2010,Summer,Maize,116,295,2.543103448
Karnataka,BIDAR,2010,Summer,Onion,24,255,10.625
Karnataka,BIDAR,2010,Summer,Peas & beans (Pulses),4,34,8.5
Karnataka,BIDAR,2010,Summer,Potato,1,15,15
Karnataka,BIDAR,2010,Summer,Sunflower,236,239,1.012711864
Karnataka,BIDAR,2010,Whole Year,Banana,219,5144,23.48858447
Karnataka,BIDAR,2010,Whole Year,Cashewnut,66,48,0.727272727
Karnataka,BIDAR,2010,Whole Year,Coconut,20,191,9.55
Karnataka,BIDAR,2010,Whole Year,Coriander,223,83,0.372197309
Karnataka,BIDAR,2010,Whole Year,Dry ginger,1219,4410.9,3.618457752
Karnataka,BIDAR,2010,Whole Year,Garlic,135,174,1.288888889
Karnataka,BIDAR,2010,Whole Year,Mesta,1464,1916,1.308743169
Karnataka,BIDAR,2010,Whole Year,Sannhamp,308,77,0.25
Karnataka,BIDAR,2010,Whole Year,Sugarcane,31299,2200320,70.30000958
Karnataka,BIDAR,2010,Whole Year,Turmeric,67,284,4.23880597
Karnataka,BIDAR,2011,Kharif,Arhar/Tur,76010,44842,0.589948691
Karnataka,BIDAR,2011,Kharif,Bajra,6414,5837,0.910040536
Karnataka,BIDAR,2011,Kharif,Cotton(lint),632,1286,2.034810127
Karnataka,BIDAR,2011,Kharif,Cowpea(Lobia),31,16,0.516129032
Karnataka,BIDAR,2011,Kharif,Dry chillies,488,394,0.807377049
Karnataka,BIDAR,2011,Kharif,Groundnut,253,145,0.57312253
Karnataka,BIDAR,2011,Kharif,Jowar,53943,90870,1.68455592
Karnataka,BIDAR,2011,Kharif,Maize,943,2107,2.234358431
Karnataka,BIDAR,2011,Kharif,Moong(Green Gram),27097,8057,0.297339189
Karnataka,BIDAR,2011,Kharif,Niger seed,2698,644,0.23869533
Karnataka,BIDAR,2011,Kharif,Onion,350,1728,4.937142857
Karnataka,BIDAR,2011,Kharif,Other Kharif pulses,819,879,1.073260073
Karnataka,BIDAR,2011,Kharif,Peas & beans (Pulses),3,27,9
Karnataka,BIDAR,2011,Kharif,Potato,60,496,8.266666667
Karnataka,BIDAR,2011,Kharif,Rice,6489,5830,0.89844352
Karnataka,BIDAR,2011,Kharif,Sesamum,3552,1336,0.376126126
Karnataka,BIDAR,2011,Kharif,Small millets,48,21,0.4375
Karnataka,BIDAR,2011,Kharif,Soyabean,81066,87640,1.081094417
Karnataka,BIDAR,2011,Kharif,Sunflower,2749,997,0.362677337
Karnataka,BIDAR,2011,Kharif,Urad,29580,9751,0.329648411
Karnataka,BIDAR,2011,Rabi,Dry chillies,213,502,2.356807512
Karnataka,BIDAR,2011,Rabi,Gram,37860,19274,0.509086107
Karnataka,BIDAR,2011,Rabi,Groundnut,607,494,0.81383855
Karnataka,BIDAR,2011,Rabi,Jowar,21863,15414,0.705026758
Karnataka,BIDAR,2011,Rabi,Linseed,160,39,0.24375
Karnataka,BIDAR,2011,Rabi,Maize,400,1036,2.59
Karnataka,BIDAR,2011,Rabi,Onion,691,12143,17.57308249
Karnataka,BIDAR,2011,Rabi,Other  Rabi pulses,839,347,0.413587604
Karnataka,BIDAR,2011,Rabi,Peas & beans (Pulses),9,66,7.333333333
Karnataka,BIDAR,2011,Rabi,Potato,116,1409,12.14655172
Karnataka,BIDAR,2011,Rabi,Rapeseed &Mustard,65,19,0.292307692
Karnataka,BIDAR,2011,Rabi,Safflower,9423,11637,1.23495702
Karnataka,BIDAR,2011,Rabi,Sunflower,2682,1043,0.388888889
Karnataka,BIDAR,2011,Rabi,Wheat,6908,7810,1.130573248
Karnataka,BIDAR,2011,Summer,Dry chillies,27,95,3.518518519
Karnataka,BIDAR,2011,Summer,Maize,184,385,2.092391304
Karnataka,BIDAR,2011,Summer,Onion,28,172,6.142857143
Karnataka,BIDAR,2011,Summer,Potato,4,58,14.5
Karnataka,BIDAR,2011,Summer,Sunflower,201,205,1.019900498
Karnataka,BIDAR,2011,Whole Year,Banana,92,2299,24.98913043
Karnataka,BIDAR,2011,Whole Year,Cashewnut,79,63,0.797468354
Karnataka,BIDAR,2011,Whole Year,Coconut,20,199,9.95
Karnataka,BIDAR,2011,Whole Year,Coriander,276,73,0.264492754
Karnataka,BIDAR,2011,Whole Year,Dry ginger,1382,4397.3,3.181837916
Karnataka,BIDAR,2011,Whole Year,Garlic,182,227,1.247252747
Karnataka,BIDAR,2011,Whole Year,Mesta,396,449,1.133838384
Karnataka,BIDAR,2011,Whole Year,Sannhamp,32,8,0.25
Karnataka,BIDAR,2011,Whole Year,Sugarcane,25507,1744679,68.40000784
Karnataka,BIDAR,2011,Whole Year,Turmeric,156,638,4.08974359
Karnataka,BIDAR,2012,Kharif,Arhar/Tur,68625,82666,1.204604736
Karnataka,BIDAR,2012,Kharif,Bajra,5110,5772,1.129549902
Karnataka,BIDAR,2012,Kharif,Cotton(lint),549,1261,2.296903461
Karnataka,BIDAR,2012,Kharif,Cowpea(Lobia),123,34,0.276422764
Karnataka,BIDAR,2012,Kharif,Dry chillies,191,175,0.916230366
Karnataka,BIDAR,2012,Kharif,Groundnut,405,198,0.488888889
Karnataka,BIDAR,2012,Kharif,Jowar,44234,82532,1.865804585
Karnataka,BIDAR,2012,Kharif,Maize,1937,4967,2.564274652
Karnataka,BIDAR,2012,Kharif,Moong(Green Gram),42864,26387,0.615598171
Karnataka,BIDAR,2012,Kharif,Niger seed,2003,478,0.238642037
Karnataka,BIDAR,2012,Kharif,Onion,289,1534,5.307958478
Karnataka,BIDAR,2012,Kharif,Other Kharif pulses,2083,1270,0.609697552
Karnataka,BIDAR,2012,Kharif,Potato,66,421,6.378787879
Karnataka,BIDAR,2012,Kharif,Rice,4939,4880,0.988054262
Karnataka,BIDAR,2012,Kharif,Sesamum,3086,1686,0.546338302
Karnataka,BIDAR,2012,Kharif,Small millets,31,10,0.322580645
Karnataka,BIDAR,2012,Kharif,Soyabean,77187,115271,1.493399148
Karnataka,BIDAR,2012,Kharif,Sunflower,2514,1364,0.542561655
Karnataka,BIDAR,2012,Kharif,Urad,44231,28489,0.64409577
Karnataka,BIDAR,2012,Rabi,Dry chillies,28,77,2.75
Karnataka,BIDAR,2012,Rabi,Gram,47003,37464,0.797055507
Karnataka,BIDAR,2012,Rabi,Groundnut,329,556,1.689969605
Karnataka,BIDAR,2012,Rabi,Jowar,20467,16838,0.822690184
Karnataka,BIDAR,2012,Rabi,Linseed,525,92,0.175238095
Karnataka,BIDAR,2012,Rabi,Maize,444,1344,3.027027027
Karnataka,BIDAR,2012,Rabi,Onion,570,4148,7.277192982
Karnataka,BIDAR,2012,Rabi,Other  Rabi pulses,116,53,0.456896552
Karnataka,BIDAR,2012,Rabi,Potato,92,1562,16.97826087
Karnataka,BIDAR,2012,Rabi,Safflower,11441,11162,0.97561402
Karnataka,BIDAR,2012,Rabi,Sunflower,1874,1004,0.535752401
Karnataka,BIDAR,2012,Rabi,Wheat,6878,9422,1.369874964
Karnataka,BIDAR,2012,Summer,Dry chillies,5,14,2.8
Karnataka,BIDAR,2012,Summer,Groundnut,379,311,0.820580475
Karnataka,BIDAR,2012,Summer,Jowar,44,72,1.636363636
Karnataka,BIDAR,2012,Summer,Maize,337,1158,3.43620178
Karnataka,BIDAR,2012,Summer,Onion,20,113,5.65
Karnataka,BIDAR,2012,Summer,Potato,4,87,21.75
Karnataka,BIDAR,2012,Summer,Sunflower,294,294,1
Karnataka,BIDAR,2012,Whole Year,Cashewnut,61,49,0.803278689
Karnataka,BIDAR,2012,Whole Year,Coconut,21,207,9.857142857
Karnataka,BIDAR,2012,Whole Year,Coriander,64,17,0.265625
Karnataka,BIDAR,2012,Whole Year,Dry ginger,1285,40938,31.85836576
Karnataka,BIDAR,2012,Whole Year,Garlic,128,167,1.3046875
Karnataka,BIDAR,2012,Whole Year,Mesta,323,366,1.133126935
Karnataka,BIDAR,2012,Whole Year,Sannhamp,97,24,0.24742268
Karnataka,BIDAR,2012,Whole Year,Sugarcane,31522,2186051,69.35000952
Karnataka,BIDAR,2012,Whole Year,Turmeric,130,610,4.692307692
Karnataka,BIDAR,2013,Kharif,Arhar/Tur,73270,59305,0.809403576
Karnataka,BIDAR,2013,Kharif,Bajra,2939,3356,1.141884995
Karnataka,BIDAR,2013,Kharif,Castor seed,8,7,0.875
Karnataka,BIDAR,2013,Kharif,Cotton(lint),319,945,2.962382445
Karnataka,BIDAR,2013,Kharif,Cowpea(Lobia),204,76,0.37254902
Karnataka,BIDAR,2013,Kharif,Dry chillies,1717,1904,1.108910891
Karnataka,BIDAR,2013,Kharif,Groundnut,363,172,0.473829201
Karnataka,BIDAR,2013,Kharif,Horse-gram,16,8,0.5
Karnataka,BIDAR,2013,Kharif,Jowar,37997,53352,1.404110851
Karnataka,BIDAR,2013,Kharif,Maize,2145,8359,3.896969697
Karnataka,BIDAR,2013,Kharif,Moong(Green Gram),35857,15295,0.426555484
Karnataka,BIDAR,2013,Kharif,Niger seed,1179,281,0.238337574
Karnataka,BIDAR,2013,Kharif,Onion,343,2269,6.61516035
Karnataka,BIDAR,2013,Kharif,Other Kharif pulses,1028,859,0.835603113
Karnataka,BIDAR,2013,Kharif,Potato,49,322,6.571428571
Karnataka,BIDAR,2013,Kharif,Rapeseed &Mustard,159,45,0.283018868
Karnataka,BIDAR,2013,Kharif,Rice,3572,5541,1.551231803
Karnataka,BIDAR,2013,Kharif,Sesamum,2546,1171,0.459937156
Karnataka,BIDAR,2013,Kharif,Small millets,29,11,0.379310345
Karnataka,BIDAR,2013,Kharif,Soyabean,109391,174900,1.598851825
Karnataka,BIDAR,2013,Kharif,Sunflower,1780,834,0.468539326
Karnataka,BIDAR,2013,Kharif,Urad,32928,16266,0.49398688
Karnataka,BIDAR,2013,Rabi,Dry chillies,31,59,1.903225806
Karnataka,BIDAR,2013,Rabi,Gram,50943,39733,0.77995014
Karnataka,BIDAR,2013,Rabi,Jowar,24711,20072,0.812269839
Karnataka,BIDAR,2013,Rabi,Linseed,439,131,0.298405467
Karnataka,BIDAR,2013,Rabi,Maize,451,1381,3.062084257
Karnataka,BIDAR,2013,Rabi,Onion,455,5443,11.96263736
Karnataka,BIDAR,2013,Rabi,Other  Rabi pulses,434,156,0.359447005
Karnataka,BIDAR,2013,Rabi,Potato,130,1978,15.21538462
Karnataka,BIDAR,2013,Rabi,Safflower,11513,11725,1.018413967
Karnataka,BIDAR,2013,Rabi,Sunflower,2262,810,0.358090186
Karnataka,BIDAR,2013,Rabi,Wheat,6656,8498,1.276742788
Karnataka,BIDAR,2013,Summer,Dry chillies,30,80,2.666666667
Karnataka,BIDAR,2013,Summer,Groundnut,574,511,0.890243902
Karnataka,BIDAR,2013,Summer,Maize,170,552,3.247058824
Karnataka,BIDAR,2013,Summer,Onion,123,966,7.853658537
Karnataka,BIDAR,2013,Summer,Potato,26,365,14.03846154
Karnataka,BIDAR,2013,Summer,Sunflower,247,246,0.995951417
Karnataka,BIDAR,2013,Whole Year,Cashewnut,62,55,0.887096774
Karnataka,BIDAR,2013,Whole Year,Coconut,29,230,7.931034483
Karnataka,BIDAR,2013,Whole Year,Coriander,55,17,0.309090909
Karnataka,BIDAR,2013,Whole Year,Dry ginger,775,12683,16.36516129
Karnataka,BIDAR,2013,Whole Year,Garlic,93,98,1.053763441
Karnataka,BIDAR,2013,Whole Year,Mesta,146,226,1.547945205
Karnataka,BIDAR,2013,Whole Year,Sannhamp,120,30,0.25
Karnataka,BIDAR,2013,Whole Year,Sugarcane,26490,1937744,73.15001888
Karnataka,BIDAR,2013,Whole Year,Turmeric,79,185,2.341772152
Karnataka,BIDAR,2014,Kharif,Arhar/Tur,65965,44243,0.670704161
Karnataka,BIDAR,2014,Kharif,Bajra,3724,3743,1.005102041
Karnataka,BIDAR,2014,Kharif,Castor seed,11,7,0.636363636
Karnataka,BIDAR,2014,Kharif,Cotton(lint),291,794,2.728522337
Karnataka,BIDAR,2014,Kharif,Cowpea(Lobia),54,24,0.444444444
Karnataka,BIDAR,2014,Kharif,Dry chillies,284,321,1.13028169
Karnataka,BIDAR,2014,Kharif,Groundnut,243,62,0.255144033
Karnataka,BIDAR,2014,Kharif,Jowar,24725,29948,1.21124368
Karnataka,BIDAR,2014,Kharif,Maize,1065,1329,1.247887324
Karnataka,BIDAR,2014,Kharif,Moong(Green Gram),29743,5990,0.201391924
Karnataka,BIDAR,2014,Kharif,Niger seed,1120,357,0.31875
Karnataka,BIDAR,2014,Kharif,Onion,170,873,5.135294118
Karnataka,BIDAR,2014,Kharif,Other Kharif pulses,401,341,0.850374065
Karnataka,BIDAR,2014,Kharif,Potato,66,406,6.151515152
Karnataka,BIDAR,2014,Kharif,Rapeseed &Mustard,50,11,0.22
Karnataka,BIDAR,2014,Kharif,Rice,2063,1989,0.964129908
Karnataka,BIDAR,2014,Kharif,Sesamum,2054,507,0.246835443
Karnataka,BIDAR,2014,Kharif,Small millets,20,7,0.35
Karnataka,BIDAR,2014,Kharif,Soyabean,120020,68525,0.570946509
Karnataka,BIDAR,2014,Kharif,Sunflower,1014,412,0.406311637
Karnataka,BIDAR,2014,Kharif,Urad,23718,5250,0.221350873
Karnataka,BIDAR,2014,Rabi,Dry chillies,32,60,1.875
Karnataka,BIDAR,2014,Rabi,Gram,25973,14138,0.544334501
Karnataka,BIDAR,2014,Rabi,Jowar,15021,10346,0.688769057
Karnataka,BIDAR,2014,Rabi,Linseed,150,47,0.313333333
Karnataka,BIDAR,2014,Rabi,Maize,396,1337,3.376262626
Karnataka,BIDAR,2014,Rabi,Onion,389,4510,11.59383033
Karnataka,BIDAR,2014,Rabi,Other  Rabi pulses,188,72,0.382978723
Karnataka,BIDAR,2014,Rabi,Potato,53,816,15.39622642
Karnataka,BIDAR,2014,Rabi,Safflower,6851,6886,1.005108743
Karnataka,BIDAR,2014,Rabi,Sunflower,960,378,0.39375
Karnataka,BIDAR,2014,Rabi,Wheat,4340,5385,1.24078341
Karnataka,BIDAR,2014,Summer,Dry chillies,11,21,1.909090909
Karnataka,BIDAR,2014,Summer,Groundnut,102,87,0.852941176
Karnataka,BIDAR,2014,Summer,Maize,22,72,3.272727273
Karnataka,BIDAR,2014,Summer,Onion,43,211,4.906976744
Karnataka,BIDAR,2014,Summer,Potato,2,27,13.5
Karnataka,BIDAR,2014,Summer,Sunflower,10,9,0.9
Karnataka,BIDAR,2014,Whole Year,Cashewnut,97,72,0.742268041
Karnataka,BIDAR,2014,Whole Year,Coconut,19,170,8.947368421
Karnataka,BIDAR,2014,Whole Year,Coriander,76,26,0.342105263
Karnataka,BIDAR,2014,Whole Year,Dry ginger,902,14279,15.83037694
Karnataka,BIDAR,2014,Whole Year,Garlic,50,55,1.1
Karnataka,BIDAR,2014,Whole Year,Mesta,42,47,1.119047619
Karnataka,BIDAR,2014,Whole Year,Sannhamp,26,6,0.230769231
Karnataka,BIDAR,2014,Whole Year,Sugarcane,28867,1892232,65.5500052
Karnataka,BIDAR,2014,Whole Year,Turmeric,59,114,1.93220339
Karnataka,BIJAPUR,1997,Kharif,Arhar/Tur,20286,2428,0.119688455
Karnataka,BIJAPUR,1997,Kharif,Bajra,94756,40777,0.430336865
Karnataka,BIJAPUR,1997,Kharif,Dry chillies,2131,2996,1.405912717
Karnataka,BIJAPUR,1997,Kharif,Groundnut,61771,18424,0.298262939
Karnataka,BIJAPUR,1997,Kharif,Horse-gram,19447,3473,0.178587957
Karnataka,BIJAPUR,1997,Kharif,Jowar,10562,16812,1.591743988
Karnataka,BIJAPUR,1997,Kharif,Maize,37593,132035,3.51222302
Karnataka,BIJAPUR,1997,Kharif,Paddy,450,952,2.115555556
Karnataka,BIJAPUR,1997,Kharif,Rice,450,635,1.411111111
Karnataka,BIJAPUR,1997,Rabi,Dry chillies,300,1364,4.546666667
Karnataka,BIJAPUR,1997,Rabi,Groundnut,19465,15322,0.787156435
Karnataka,BIJAPUR,1997,Rabi,Horse-gram,7659,3143,0.410366889
Karnataka,BIJAPUR,1997,Rabi,Jowar,510692,263237,0.515451583
Karnataka,BIJAPUR,1997,Rabi,Maize,15892,35590,2.239491568
Karnataka,BIJAPUR,1997,Rabi,Wheat,60800,29117,0.478898026
Karnataka,BIJAPUR,1997,Summer,Jowar,29,72,2.482758621
Karnataka,BIJAPUR,1997,Summer,Maize,2758,6624,2.401740392
Karnataka,BIJAPUR,1997,Whole Year,Coriander,400,38,0.095
Karnataka,BIJAPUR,1997,Whole Year,Garlic,152,126,0.828947368
Karnataka,BIJAPUR,1997,Whole Year,Sugarcane,56484,5795258,102.5999929
Karnataka,BIJAPUR,1997,Whole Year,Turmeric,375,2468,6.581333333
Karnataka,BIJAPUR,1998,Kharif,Arhar/Tur,14304,5191,0.362905481
Karnataka,BIJAPUR,1998,Kharif,Bajra,88693,64614,0.72851296
Karnataka,BIJAPUR,1998,Kharif,Castor seed,157,134,0.853503185
Karnataka,BIJAPUR,1998,Kharif,Cotton(lint),8727,12667,1.451472442
Karnataka,BIJAPUR,1998,Kharif,Groundnut,56125,14096,0.251153675
Karnataka,BIJAPUR,1998,Kharif,Horse-gram,25876,8874,0.342943268
Karnataka,BIJAPUR,1998,Kharif,Jowar,1374,2583,1.879912664
Karnataka,BIJAPUR,1998,Kharif,Maize,5751,21373,3.716397148
Karnataka,BIJAPUR,1998,Kharif,Moong(Green Gram),20519,1696,0.0826551
Karnataka,BIJAPUR,1998,Kharif,Niger seed,450,68,0.151111111
Karnataka,BIJAPUR,1998,Kharif,Onion,4970,13886,2.793963783
Karnataka,BIJAPUR,1998,Kharif,Peas & beans (Pulses),28,257,9.178571429
Karnataka,BIJAPUR,1998,Kharif,Rice,394,541,1.373096447
Karnataka,BIJAPUR,1998,Kharif,Sesamum,1469,575,0.391422737
Karnataka,BIJAPUR,1998,Kharif,Soyabean,132,142,1.075757576
Karnataka,BIJAPUR,1998,Kharif,Sunflower,68412,15600,0.22803017
Karnataka,BIJAPUR,1998,Rabi,Gram,48080,29390,0.611272879
Karnataka,BIJAPUR,1998,Rabi,Groundnut,10311,10716,1.039278441
Karnataka,BIJAPUR,1998,Rabi,Horse-gram,2402,696,0.289758535
Karnataka,BIJAPUR,1998,Rabi,Jowar,293441,201599,0.687017152
Karnataka,BIJAPUR,1998,Rabi,Linseed,6394,2284,0.357209884
Karnataka,BIJAPUR,1998,Rabi,Maize,4216,9629,2.283918406
Karnataka,BIJAPUR,1998,Rabi,Moong(Green Gram),5,2,0.4
Karnataka,BIJAPUR,1998,Rabi,Onion,1859,19819,10.66110812
Karnataka,BIJAPUR,1998,Rabi,Safflower,11372,6266,0.551002462
Karnataka,BIJAPUR,1998,Rabi,Sunflower,91855,24446,0.266136846
Karnataka,BIJAPUR,1998,Rabi,Wheat,62688,45667,0.72848073
Karnataka,BIJAPUR,1998,Summer,Jowar,190,504,2.652631579
Karnataka,BIJAPUR,1998,Summer,Maize,2203,4918,2.23241035
Karnataka,BIJAPUR,1998,Summer,Onion,281,1918,6.825622776
Karnataka,BIJAPUR,1998,Summer,Sunflower,2749,1452,0.52819207
Karnataka,BIJAPUR,1998,Whole Year,Coconut,150,717,4.78
Karnataka,BIJAPUR,1998,Whole Year,Coriander,381,36,0.094488189
Karnataka,BIJAPUR,1998,Whole Year,Dry chillies,2276,1637,0.719244288
Karnataka,BIJAPUR,1998,Whole Year,Garlic,136,113,0.830882353
Karnataka,BIJAPUR,1998,Whole Year,Turmeric,74,375,5.067567568
Karnataka,BIJAPUR,1999,Kharif,Arhar/Tur,20462,11197,0.547209461
Karnataka,BIJAPUR,1999,Kharif,Bajra,114012,73692,0.646353015
Karnataka,BIJAPUR,1999,Kharif,Castor seed,33,25,0.757575758
Karnataka,BIJAPUR,1999,Kharif,Cotton(lint),7198,12749,1.771186441
Karnataka,BIJAPUR,1999,Kharif,Groundnut,50061,23332,0.466071393
Karnataka,BIJAPUR,1999,Kharif,Horse-gram,21934,5209,0.237485183
Karnataka,BIJAPUR,1999,Kharif,Jowar,1420,3298,2.322535211
Karnataka,BIJAPUR,1999,Kharif,Maize,10145,25550,2.518482011
Karnataka,BIJAPUR,1999,Kharif,Moong(Green Gram),38888,13337,0.342959268
Karnataka,BIJAPUR,1999,Kharif,Niger seed,742,112,0.150943396
Karnataka,BIJAPUR,1999,Kharif,Other Kharif pulses,12168,4195,0.344756739
Karnataka,BIJAPUR,1999,Kharif,Rice,365,506,1.38630137
Karnataka,BIJAPUR,1999,Kharif,Sesamum,1627,796,0.489244007
Karnataka,BIJAPUR,1999,Kharif,Small millets,290,92,0.317241379
Karnataka,BIJAPUR,1999,Kharif,Sunflower,32220,12648,0.39255121
Karnataka,BIJAPUR,1999,Rabi,Gram,39763,31992,0.80456706
Karnataka,BIJAPUR,1999,Rabi,Groundnut,6738,4545,0.674532502
Karnataka,BIJAPUR,1999,Rabi,Horse-gram,2306,335,0.1452732
Karnataka,BIJAPUR,1999,Rabi,Jowar,333059,248024,0.744684876
Karnataka,BIJAPUR,1999,Rabi,Linseed,7190,2910,0.40472879
Karnataka,BIJAPUR,1999,Rabi,Maize,5473,14709,2.687557098
Karnataka,BIJAPUR,1999,Rabi,Moong(Green Gram),1,1,1
Karnataka,BIJAPUR,1999,Rabi,Other  Rabi pulses,220,29,0.131818182
Karnataka,BIJAPUR,1999,Rabi,Safflower,11719,8049,0.686833348
Karnataka,BIJAPUR,1999,Rabi,Sunflower,45721,18278,0.399772533
Karnataka,BIJAPUR,1999,Rabi,Urad,124,46,0.370967742
Karnataka,BIJAPUR,1999,Rabi,Wheat,54047,44261,0.818935371
Karnataka,BIJAPUR,1999,Summer,Jowar,107,246,2.299065421
Karnataka,BIJAPUR,1999,Summer,Maize,1283,2345,1.827747467
Karnataka,BIJAPUR,1999,Summer,Sunflower,1908,1330,0.69706499
Karnataka,BIJAPUR,1999,Whole Year,Banana,1289,25517,19.79596587
Karnataka,BIJAPUR,1999,Whole Year,Coconut,162,774,4.777777778
Karnataka,BIJAPUR,1999,Whole Year,Coriander,362,34,0.093922652
Karnataka,BIJAPUR,1999,Whole Year,Dry chillies,1793,2158,1.203569437
Karnataka,BIJAPUR,1999,Whole Year,Garlic,182,151,0.82967033
Karnataka,BIJAPUR,1999,Whole Year,Onion,7341,78353,10.67334151
Karnataka,BIJAPUR,1999,Whole Year,Sugarcane,15680,1787520,114
Karnataka,BIJAPUR,1999,Whole Year,Sweet potato,227,719,3.167400881
Karnataka,BIJAPUR,1999,Whole Year,Turmeric,83,296,3.56626506
Karnataka,BIJAPUR,2000,Kharif,Arhar/Tur,30781,18013,0.585198662
Karnataka,BIJAPUR,2000,Kharif,Bajra,111741,89582,0.801693201
Karnataka,BIJAPUR,2000,Kharif,Castor seed,45,58,1.288888889
Karnataka,BIJAPUR,2000,Kharif,Cotton(lint),14718,27539,1.871110205
Karnataka,BIJAPUR,2000,Kharif,Groundnut,51040,22311,0.437127743
Karnataka,BIJAPUR,2000,Kharif,Horse-gram,16226,6906,0.425613213
Karnataka,BIJAPUR,2000,Kharif,Jowar,1046,2564,2.45124283
Karnataka,BIJAPUR,2000,Kharif,Maize,9338,29016,3.107303491
Karnataka,BIJAPUR,2000,Kharif,Moong(Green Gram),29794,10699,0.359099147
Karnataka,BIJAPUR,2000,Kharif,Niger seed,897,136,0.151616499
Karnataka,BIJAPUR,2000,Kharif,Other Kharif pulses,13405,4622,0.344796718
Karnataka,BIJAPUR,2000,Kharif,Rice,341,529,1.551319648
Karnataka,BIJAPUR,2000,Kharif,Sesamum,1741,852,0.489373923
Karnataka,BIJAPUR,2000,Kharif,Small millets,786,463,0.589058524
Karnataka,BIJAPUR,2000,Kharif,Soyabean,32,33,1.03125
Karnataka,BIJAPUR,2000,Kharif,Sunflower,29059,14149,0.48690595
Karnataka,BIJAPUR,2000,Rabi,Gram,35955,21932,0.609984703
Karnataka,BIJAPUR,2000,Rabi,Groundnut,6293,4215,0.669791832
Karnataka,BIJAPUR,2000,Rabi,Horse-gram,1536,623,0.405598958
Karnataka,BIJAPUR,2000,Rabi,Jowar,324024,212993,0.657337111
Karnataka,BIJAPUR,2000,Rabi,Linseed,5337,2484,0.465430017
Karnataka,BIJAPUR,2000,Rabi,Maize,5709,15652,2.741636013
Karnataka,BIJAPUR,2000,Rabi,Other  Rabi pulses,10,1,0.1
Karnataka,BIJAPUR,2000,Rabi,Safflower,11056,7121,0.64408466
Karnataka,BIJAPUR,2000,Rabi,Sunflower,62338,26988,0.432930155
Karnataka,BIJAPUR,2000,Rabi,Wheat,51283,48031,0.936587173
Karnataka,BIJAPUR,2000,Summer,Jowar,22,45,2.045454545
Karnataka,BIJAPUR,2000,Summer,Maize,890,2503,2.812359551
Karnataka,BIJAPUR,2000,Summer,Sunflower,819,611,0.746031746
Karnataka,BIJAPUR,2000,Whole Year,Banana,1542,29889,19.38326848
Karnataka,BIJAPUR,2000,Whole Year,Coconut,158,755,4.778481013
Karnataka,BIJAPUR,2000,Whole Year,Coriander,506,48,0.09486166
Karnataka,BIJAPUR,2000,Whole Year,Dry chillies,2163,2447,1.131299122
Karnataka,BIJAPUR,2000,Whole Year,Garlic,387,321,0.829457364
Karnataka,BIJAPUR,2000,Whole Year,Onion,6059,34109,5.629476811
Karnataka,BIJAPUR,2000,Whole Year,Sugarcane,20426,1727018,84.54998531
Karnataka,BIJAPUR,2000,Whole Year,Sweet potato,275,871,3.167272727
Karnataka,BIJAPUR,2000,Whole Year,Turmeric,83,296,3.56626506
Karnataka,BIJAPUR,2001,Kharif,Arhar/Tur,11863,4339,0.365759083
Karnataka,BIJAPUR,2001,Kharif,Bajra,10298,5437,0.527966595
Karnataka,BIJAPUR,2001,Kharif,Cotton(lint),11094,14634,1.319091401
Karnataka,BIJAPUR,2001,Kharif,Groundnut,29243,23060,0.788564785
Karnataka,BIJAPUR,2001,Kharif,Horse-gram,5284,1742,0.329674489
Karnataka,BIJAPUR,2001,Kharif,Jowar,265,339,1.279245283
Karnataka,BIJAPUR,2001,Kharif,Maize,3310,6986,2.110574018
Karnataka,BIJAPUR,2001,Kharif,Moong(Green Gram),1515,245,0.161716172
Karnataka,BIJAPUR,2001,Kharif,Niger seed,218,33,0.151376147
Karnataka,BIJAPUR,2001,Kharif,Other Kharif pulses,4208,1454,0.345532319
Karnataka,BIJAPUR,2001,Kharif,Rice,4,6,1.5
Karnataka,BIJAPUR,2001,Kharif,Sesamum,339,65,0.191740413
Karnataka,BIJAPUR,2001,Kharif,Small millets,193,64,0.331606218
Karnataka,BIJAPUR,2001,Kharif,Sunflower,13307,6112,0.459307132
Karnataka,BIJAPUR,2001,Rabi,Gram,55212,35884,0.649931174
Karnataka,BIJAPUR,2001,Rabi,Horse-gram,4423,1580,0.357223604
Karnataka,BIJAPUR,2001,Rabi,Jowar,321559,237752,0.739372868
Karnataka,BIJAPUR,2001,Rabi,Linseed,6271,1829,0.291660022
Karnataka,BIJAPUR,2001,Rabi,Maize,5812,12641,2.174982794
Karnataka,BIJAPUR,2001,Rabi,Moong(Green Gram),4,1,0.25
Karnataka,BIJAPUR,2001,Rabi,Other  Rabi pulses,7,1,0.142857143
Karnataka,BIJAPUR,2001,Rabi,Safflower,10368,6481,0.625096451
Karnataka,BIJAPUR,2001,Rabi,Sunflower,148524,55310,0.372397727
Karnataka,BIJAPUR,2001,Rabi,Wheat,57398,53458,0.931356493
Karnataka,BIJAPUR,2001,Summer,Jowar,104,204,1.961538462
Karnataka,BIJAPUR,2001,Summer,Maize,1260,3314,2.63015873
Karnataka,BIJAPUR,2001,Summer,Sunflower,1706,942,0.552168816
Karnataka,BIJAPUR,2001,Whole Year,Coconut,413,1973,4.777239709
Karnataka,BIJAPUR,2001,Whole Year,Coriander,130,12,0.092307692
Karnataka,BIJAPUR,2001,Whole Year,Dry chillies,1894,2641,1.394403379
Karnataka,BIJAPUR,2001,Whole Year,Onion,10862,133258,12.26827472
Karnataka,BIJAPUR,2001,Whole Year,Peas & beans (Pulses),26,170,6.538461538
Karnataka,BIJAPUR,2001,Whole Year,Sugarcane,20460,1069035,52.25
Karnataka,BIJAPUR,2001,Whole Year,Turmeric,145,550,3.793103448
Karnataka,BIJAPUR,2002,Kharif,Arhar/Tur,18001,6037,0.335370257
Karnataka,BIJAPUR,2002,Kharif,Bajra,55607,22679,0.407844336
Karnataka,BIJAPUR,2002,Kharif,Castor seed,24,22,0.916666667
Karnataka,BIJAPUR,2002,Kharif,Cotton(lint),2851,3673,1.288319888
Karnataka,BIJAPUR,2002,Kharif,Groundnut,41506,14866,0.358165085
Karnataka,BIJAPUR,2002,Kharif,Horse-gram,9833,2242,0.228007729
Karnataka,BIJAPUR,2002,Kharif,Jowar,238,457,1.920168067
Karnataka,BIJAPUR,2002,Kharif,Maize,6193,13395,2.162925884
Karnataka,BIJAPUR,2002,Kharif,Moong(Green Gram),20307,1485,0.073127493
Karnataka,BIJAPUR,2002,Kharif,Niger seed,421,64,0.152019002
Karnataka,BIJAPUR,2002,Kharif,Other Kharif pulses,7620,2629,0.345013123
Karnataka,BIJAPUR,2002,Kharif,Rice,15,16,1.066666667
Karnataka,BIJAPUR,2002,Kharif,Sesamum,696,268,0.385057471
Karnataka,BIJAPUR,2002,Kharif,Small millets,336,75,0.223214286
Karnataka,BIJAPUR,2002,Kharif,Sunflower,40590,16724,0.412022666
Karnataka,BIJAPUR,2002,Rabi,Gram,62900,35391,0.562655008
Karnataka,BIJAPUR,2002,Rabi,Groundnut,12470,10342,0.829350441
Karnataka,BIJAPUR,2002,Rabi,Horse-gram,3001,2452,0.81706098
Karnataka,BIJAPUR,2002,Rabi,Jowar,344126,230764,0.670579962
Karnataka,BIJAPUR,2002,Rabi,Linseed,5006,1831,0.365761087
Karnataka,BIJAPUR,2002,Rabi,Maize,5606,13495,2.40724224
Karnataka,BIJAPUR,2002,Rabi,Other  Rabi pulses,60,8,0.133333333
Karnataka,BIJAPUR,2002,Rabi,Safflower,9490,4931,0.519599579
Karnataka,BIJAPUR,2002,Rabi,Sunflower,156710,64332,0.41051624
Karnataka,BIJAPUR,2002,Rabi,Wheat,50163,38109,0.759703367
Karnataka,BIJAPUR,2002,Summer,Jowar,2,3,1.5
Karnataka,BIJAPUR,2002,Summer,Maize,1202,2855,2.375207987
Karnataka,BIJAPUR,2002,Summer,Sunflower,2130,1295,0.607981221
Karnataka,BIJAPUR,2002,Whole Year,Banana,1512,28318,18.72883598
Karnataka,BIJAPUR,2002,Whole Year,Brinjal,879,5405,6.149032992
Karnataka,BIJAPUR,2002,Whole Year,Citrus Fruit,5548,115909,20.89203317
Karnataka,BIJAPUR,2002,Whole Year,Coconut,175,836,4.777142857
Karnataka,BIJAPUR,2002,Whole Year,Coriander,325,31,0.095384615
Karnataka,BIJAPUR,2002,Whole Year,Dry chillies,1362,927,0.68061674
Karnataka,BIJAPUR,2002,Whole Year,Garlic,582,482,0.828178694
Karnataka,BIJAPUR,2002,Whole Year,Grapes,4981,158127,31.74603493
Karnataka,BIJAPUR,2002,Whole Year,Mango,907,4372,4.820286659
Karnataka,BIJAPUR,2002,Whole Year,Onion,8982,100995,11.24415498
Karnataka,BIJAPUR,2002,Whole Year,Other Fresh Fruits,217,848,3.907834101
Karnataka,BIJAPUR,2002,Whole Year,Papaya,67,182,2.71641791
Karnataka,BIJAPUR,2002,Whole Year,Pome Fruit,155,1707,11.01290323
Karnataka,BIJAPUR,2002,Whole Year,Sugarcane,18537,1355982,73.15002428
Karnataka,BIJAPUR,2002,Whole Year,Sweet potato,8,25,3.125
Karnataka,BIJAPUR,2002,Whole Year,Tomato,594,3160,5.31986532
Karnataka,BIJAPUR,2002,Whole Year,Turmeric,148,195,1.317567568
Karnataka,BIJAPUR,2003,Kharif,Arhar/Tur,21604,5418,0.250786891
Karnataka,BIJAPUR,2003,Kharif,Bajra,36571,21145,0.578190369
Karnataka,BIJAPUR,2003,Kharif,Castor seed,6,5,0.833333333
Karnataka,BIJAPUR,2003,Kharif,Cotton(lint),1226,1753,1.429853181
Karnataka,BIJAPUR,2003,Kharif,Groundnut,30537,9002,0.294789927
Karnataka,BIJAPUR,2003,Kharif,Horse-gram,6247,1056,0.16904114
Karnataka,BIJAPUR,2003,Kharif,Jowar,103,183,1.776699029
Karnataka,BIJAPUR,2003,Kharif,Maize,4262,11570,2.71468794
Karnataka,BIJAPUR,2003,Kharif,Moong(Green Gram),15239,709,0.046525363
Karnataka,BIJAPUR,2003,Kharif,Niger seed,129,20,0.15503876
Karnataka,BIJAPUR,2003,Kharif,Other Kharif pulses,5492,1903,0.346504006
Karnataka,BIJAPUR,2003,Kharif,Rice,28,31,1.107142857
Karnataka,BIJAPUR,2003,Kharif,Sesamum,114,50,0.438596491
Karnataka,BIJAPUR,2003,Kharif,Small millets,74,43,0.581081081
Karnataka,BIJAPUR,2003,Kharif,Sunflower,48810,23928,0.490227412
Karnataka,BIJAPUR,2003,Rabi,Gram,62451,14071,0.225312645
Karnataka,BIJAPUR,2003,Rabi,Groundnut,14450,8195,0.567128028
Karnataka,BIJAPUR,2003,Rabi,Horse-gram,1704,100,0.058685446
Karnataka,BIJAPUR,2003,Rabi,Jowar,228540,105257,0.460562702
Karnataka,BIJAPUR,2003,Rabi,Linseed,3324,38,0.01143201
Karnataka,BIJAPUR,2003,Rabi,Maize,4453,8706,1.955086459
Karnataka,BIJAPUR,2003,Rabi,Safflower,9079,1656,0.182398943
Karnataka,BIJAPUR,2003,Rabi,Sunflower,213421,30700,0.143847138
Karnataka,BIJAPUR,2003,Rabi,Wheat,34432,17796,0.516844796
Karnataka,BIJAPUR,2003,Summer,Jowar,16,43,2.6875
Karnataka,BIJAPUR,2003,Summer,Maize,842,1880,2.232779097
Karnataka,BIJAPUR,2003,Summer,Sunflower,3133,1432,0.457069901
Karnataka,BIJAPUR,2003,Whole Year,Banana,1868,30768,16.47109208
Karnataka,BIJAPUR,2003,Whole Year,Beans & Mutter(Vegetable),4,28,7
Karnataka,BIJAPUR,2003,Whole Year,Brinjal,637,3623,5.687598116
Karnataka,BIJAPUR,2003,Whole Year,Citrus Fruit,5520,107171,19.41503623
Karnataka,BIJAPUR,2003,Whole Year,Coconut,206,984,4.776699029
Karnataka,BIJAPUR,2003,Whole Year,Coriander,26,2,0.076923077
Karnataka,BIJAPUR,2003,Whole Year,Dry chillies,533,483,0.90619137
Karnataka,BIJAPUR,2003,Whole Year,Garlic,200,166,0.83
Karnataka,BIJAPUR,2003,Whole Year,Grapes,4340,109212,25.1640553
Karnataka,BIJAPUR,2003,Whole Year,Mango,437,2090,4.782608696
Karnataka,BIJAPUR,2003,Whole Year,Onion,3923,23241,5.924292633
Karnataka,BIJAPUR,2003,Whole Year,Other Fresh Fruits,198,723,3.651515152
Karnataka,BIJAPUR,2003,Whole Year,Pome Fruit,78,152,1.948717949
Karnataka,BIJAPUR,2003,Whole Year,Sugarcane,8068,505864,62.70004958
Karnataka,BIJAPUR,2003,Whole Year,Sweet potato,3,10,3.333333333
Karnataka,BIJAPUR,2003,Whole Year,Tomato,9673,38364,3.966091182
Karnataka,BIJAPUR,2003,Whole Year,Turmeric,8,0,0
Karnataka,BIJAPUR,2004,Kharif,Arhar/Tur,36948,7055,0.190944029
Karnataka,BIJAPUR,2004,Kharif,Bajra,97629,64623,0.661924223
Karnataka,BIJAPUR,2004,Kharif,Cotton(lint),3043,7663,2.51823858
Karnataka,BIJAPUR,2004,Kharif,Groundnut,61493,18306,0.29769242
Karnataka,BIJAPUR,2004,Kharif,Horse-gram,19297,10174,0.527232212
Karnataka,BIJAPUR,2004,Kharif,Jowar,246,495,2.012195122
Karnataka,BIJAPUR,2004,Kharif,Maize,13607,38971,2.864040567
Karnataka,BIJAPUR,2004,Kharif,Moong(Green Gram),35543,5943,0.16720592
Karnataka,BIJAPUR,2004,Kharif,Niger seed,836,127,0.151913876
Karnataka,BIJAPUR,2004,Kharif,Other Kharif pulses,17278,5874.52,0.34
Karnataka,BIJAPUR,2004,Kharif,Rice,29,47.11,1.624482759
Karnataka,BIJAPUR,2004,Kharif,Sesamum,912,491,0.538377193
Karnataka,BIJAPUR,2004,Kharif,Small millets,394,141,0.35786802
Karnataka,BIJAPUR,2004,Kharif,Soyabean,40,25,0.625
Karnataka,BIJAPUR,2004,Kharif,Sunflower,119295,41441,0.347382539
Karnataka,BIJAPUR,2004,Rabi,Gram,49658,25453,0.512565951
Karnataka,BIJAPUR,2004,Rabi,Groundnut,19959,12723,0.637456786
Karnataka,BIJAPUR,2004,Rabi,Horse-gram,1356,528,0.389380531
Karnataka,BIJAPUR,2004,Rabi,Jowar,244191,146124,0.598400432
Karnataka,BIJAPUR,2004,Rabi,Linseed,4338,1039,0.239511296
Karnataka,BIJAPUR,2004,Rabi,Maize,4776,6547,1.370812395
Karnataka,BIJAPUR,2004,Rabi,Other  Rabi pulses,92,12,0.130434783
Karnataka,BIJAPUR,2004,Rabi,Rice,1,2,2
Karnataka,BIJAPUR,2004,Rabi,Safflower,5644,3217,0.569985826
Karnataka,BIJAPUR,2004,Rabi,Sunflower,186167,53765,0.288799841
Karnataka,BIJAPUR,2004,Rabi,Wheat,49116,44599,0.908034042
Karnataka,BIJAPUR,2004,Summer,Maize,1053,1902,1.806267806
Karnataka,BIJAPUR,2004,Summer,Sunflower,2212,862,0.389692586
Karnataka,BIJAPUR,2004,Whole Year,Banana,520,10514,20.21923077
Karnataka,BIJAPUR,2004,Whole Year,Coconut,178,8590.28,48.26
Karnataka,BIJAPUR,2004,Whole Year,Coriander,130,12,0.092307692
Karnataka,BIJAPUR,2004,Whole Year,Dry chillies,1479,1467,0.99188641
Karnataka,BIJAPUR,2004,Whole Year,Garlic,209,173,0.827751196
Karnataka,BIJAPUR,2004,Whole Year,Onion,5436,52131,9.58995585
Karnataka,BIJAPUR,2004,Whole Year,Sweet potato,5,16,3.2
Karnataka,BIJAPUR,2004,Whole Year,Turmeric,15,1,0.066666667
Karnataka,BIJAPUR,2005,Kharif,Arhar/Tur,38153,15404,0.403742825
Karnataka,BIJAPUR,2005,Kharif,Bajra,83066,52471,0.631678424
Karnataka,BIJAPUR,2005,Kharif,Castor seed,8,8,1
Karnataka,BIJAPUR,2005,Kharif,Dry chillies,937,681,0.72678762
Karnataka,BIJAPUR,2005,Kharif,Groundnut,62927,26248,0.417118248
Karnataka,BIJAPUR,2005,Kharif,Horse-gram,14983,6078,0.405659748
Karnataka,BIJAPUR,2005,Kharif,Jowar,146,264,1.808219178
Karnataka,BIJAPUR,2005,Kharif,Maize,19434,53467,2.751209221
Karnataka,BIJAPUR,2005,Kharif,Moong(Green Gram),6905,840,0.121650978
Karnataka,BIJAPUR,2005,Kharif,Niger seed,252,38,0.150793651
Karnataka,BIJAPUR,2005,Kharif,Onion,4631,35460,7.6570935
Karnataka,BIJAPUR,2005,Kharif,Other Kharif pulses,12677,4384,0.345823144
Karnataka,BIJAPUR,2005,Kharif,Peas & beans (Pulses),20,122,6.1
Karnataka,BIJAPUR,2005,Kharif,Rice,77,137,1.779220779
Karnataka,BIJAPUR,2005,Kharif,Sesamum,526,456,0.866920152
Karnataka,BIJAPUR,2005,Kharif,Soyabean,9,5,0.555555556
Karnataka,BIJAPUR,2005,Kharif,Sunflower,127248,37382,0.29377279
Karnataka,BIJAPUR,2005,Rabi,Dry chillies,227,300,1.321585903
Karnataka,BIJAPUR,2005,Rabi,Gram,52600,21590,0.410456274
Karnataka,BIJAPUR,2005,Rabi,Groundnut,20471,11532,0.563333496
Karnataka,BIJAPUR,2005,Rabi,Horse-gram,1167,706,0.604970009
Karnataka,BIJAPUR,2005,Rabi,Jowar,237840,201726,0.848158426
Karnataka,BIJAPUR,2005,Rabi,Linseed,4104,1622,0.395224172
Karnataka,BIJAPUR,2005,Rabi,Maize,6588,13600,2.064359441
Karnataka,BIJAPUR,2005,Rabi,Onion,1925,11197,5.816623377
Karnataka,BIJAPUR,2005,Rabi,Other  Rabi pulses,156,21,0.134615385
Karnataka,BIJAPUR,2005,Rabi,Rice,14,23,1.642857143
Karnataka,BIJAPUR,2005,Rabi,Safflower,4690,1568,0.334328358
Karnataka,BIJAPUR,2005,Rabi,Sunflower,214078,98845,0.461724231
Karnataka,BIJAPUR,2005,Rabi,Wheat,51103,42121,0.824237325
Karnataka,BIJAPUR,2005,Summer,Dry chillies,121,319,2.636363636
Karnataka,BIJAPUR,2005,Summer,Maize,1066,2076,1.947467167
Karnataka,BIJAPUR,2005,Summer,Onion,734,13347,18.18392371
Karnataka,BIJAPUR,2005,Summer,Sunflower,1625,786,0.483692308
Karnataka,BIJAPUR,2005,Whole Year,Banana,582,6559,11.26975945
Karnataka,BIJAPUR,2005,Whole Year,Coconut,178,850,4.775280899
Karnataka,BIJAPUR,2005,Whole Year,Coriander,74,7,0.094594595
Karnataka,BIJAPUR,2005,Whole Year,Cotton(lint),1863,5568,2.988727858
Karnataka,BIJAPUR,2005,Whole Year,Garlic,243,201,0.827160494
Karnataka,BIJAPUR,2005,Whole Year,Sugarcane,11364,863664,76
Karnataka,BIJAPUR,2005,Whole Year,Sweet potato,5,16,3.2
Karnataka,BIJAPUR,2005,Whole Year,Turmeric,6,32,5.333333333
Karnataka,BIJAPUR,2006,Kharif,Arhar/Tur,48162,20818,0.432249491
Karnataka,BIJAPUR,2006,Kharif,Bajra,95656,44250,0.462595133
Karnataka,BIJAPUR,2006,Kharif,Castor seed,77,62,0.805194805
Karnataka,BIJAPUR,2006,Kharif,Groundnut,53744,17762,0.330492706
Karnataka,BIJAPUR,2006,Kharif,Horse-gram,14568,4055,0.278349808
Karnataka,BIJAPUR,2006,Kharif,Jowar,58,134,2.310344828
Karnataka,BIJAPUR,2006,Kharif,Maize,22120,45226,2.044575045
Karnataka,BIJAPUR,2006,Kharif,Moong(Green Gram),26354,1402,0.053198755
Karnataka,BIJAPUR,2006,Kharif,Niger seed,1053,159,0.150997151
Karnataka,BIJAPUR,2006,Kharif,Other Kharif pulses,12006,4411,0.367399634
Karnataka,BIJAPUR,2006,Kharif,Rice,34,73,2.147058824
Karnataka,BIJAPUR,2006,Kharif,Sesamum,946,556,0.587737844
Karnataka,BIJAPUR,2006,Kharif,Soyabean,10,7,0.7
Karnataka,BIJAPUR,2006,Kharif,Sunflower,117758,20809,0.176709863
Karnataka,BIJAPUR,2006,Rabi,Gram,129903,54110,0.416541573
Karnataka,BIJAPUR,2006,Rabi,Groundnut,15928,8489,0.532960824
Karnataka,BIJAPUR,2006,Rabi,Horse-gram,1595,947,0.593730408
Karnataka,BIJAPUR,2006,Rabi,Jowar,223328,193348,0.865757988
Karnataka,BIJAPUR,2006,Rabi,Linseed,3572,1659,0.464445689
Karnataka,BIJAPUR,2006,Rabi,Maize,6967,17519,2.514568681
Karnataka,BIJAPUR,2006,Rabi,Other  Rabi pulses,8,2,0.25
Karnataka,BIJAPUR,2006,Rabi,Rice,10,17,1.7
Karnataka,BIJAPUR,2006,Rabi,Safflower,8426,3442,0.408497508
Karnataka,BIJAPUR,2006,Rabi,Sunflower,125478,30931,0.246505363
Karnataka,BIJAPUR,2006,Rabi,Wheat,63201,38539,0.609784655
Karnataka,BIJAPUR,2006,Summer,Maize,2251,5158,2.291426033
Karnataka,BIJAPUR,2006,Summer,Sunflower,3854,1930,0.500778412
Karnataka,BIJAPUR,2006,Whole Year,Banana,1406,38697,27.5227596
Karnataka,BIJAPUR,2006,Whole Year,Coconut,189,903,4.777777778
Karnataka,BIJAPUR,2006,Whole Year,Coriander,88,8,0.090909091
Karnataka,BIJAPUR,2006,Whole Year,Cotton(lint),1746,3317,1.899770905
Karnataka,BIJAPUR,2006,Whole Year,Dry chillies,1002,2179,2.174650699
Karnataka,BIJAPUR,2006,Whole Year,Garlic,316,262,0.829113924
Karnataka,BIJAPUR,2006,Whole Year,Onion,9176,52655,5.738339146
Karnataka,BIJAPUR,2006,Whole Year,Sugarcane,22734,1447019,63.6499956
Karnataka,BIJAPUR,2006,Whole Year,Sweet potato,7,22,3.142857143
Karnataka,BIJAPUR,2006,Whole Year,Turmeric,6,30,5
Karnataka,BIJAPUR,2007,Kharif,Arhar/Tur,78533,34394,0.437956018
Karnataka,BIJAPUR,2007,Kharif,Bajra,116368,74324,0.638697924
Karnataka,BIJAPUR,2007,Kharif,Castor seed,104,70,0.673076923
Karnataka,BIJAPUR,2007,Kharif,Dry chillies,795,1130,1.421383648
Karnataka,BIJAPUR,2007,Kharif,Groundnut,64522,25628,0.397197855
Karnataka,BIJAPUR,2007,Kharif,Horse-gram,14767,5415,0.366696011
Karnataka,BIJAPUR,2007,Kharif,Jowar,487,995,2.04312115
Karnataka,BIJAPUR,2007,Kharif,Maize,45259,134598,2.973949933
Karnataka,BIJAPUR,2007,Kharif,Moong(Green Gram),44707,7900,0.176706109
Karnataka,BIJAPUR,2007,Kharif,Niger seed,1257,236,0.187748608
Karnataka,BIJAPUR,2007,Kharif,Onion,11900,65716,5.522352941
Karnataka,BIJAPUR,2007,Kharif,Other Kharif pulses,11820,4074,0.344670051
Karnataka,BIJAPUR,2007,Kharif,Rice,20,45,2.25
Karnataka,BIJAPUR,2007,Kharif,Sesamum,1321,737,0.557910674
Karnataka,BIJAPUR,2007,Kharif,Small millets,45,12,0.266666667
Karnataka,BIJAPUR,2007,Kharif,Soyabean,10,8,0.8
Karnataka,BIJAPUR,2007,Kharif,Sunflower,58479,22743,0.388908839
Karnataka,BIJAPUR,2007,Kharif,Urad,447,193,0.431767338
Karnataka,BIJAPUR,2007,Rabi,Dry chillies,492,735,1.493902439
Karnataka,BIJAPUR,2007,Rabi,Gram,101469,67976,0.669918891
Karnataka,BIJAPUR,2007,Rabi,Groundnut,20458,17103,0.836005475
Karnataka,BIJAPUR,2007,Rabi,Horse-gram,713,166,0.232819074
Karnataka,BIJAPUR,2007,Rabi,Jowar,227144,259424,1.142112493
Karnataka,BIJAPUR,2007,Rabi,Linseed,5093,1727,0.339092873
Karnataka,BIJAPUR,2007,Rabi,Maize,7451,21787,2.924037042
Karnataka,BIJAPUR,2007,Rabi,Onion,3473,23742,6.836164699
Karnataka,BIJAPUR,2007,Rabi,Other  Rabi pulses,123,34,0.276422764
Karnataka,BIJAPUR,2007,Rabi,Safflower,6885,1975,0.286855483
Karnataka,BIJAPUR,2007,Rabi,Sunflower,87034,30627,0.35189696
Karnataka,BIJAPUR,2007,Rabi,Wheat,71151,71114,0.999479979
Karnataka,BIJAPUR,2007,Summer,Dry chillies,350,1185,3.385714286
Karnataka,BIJAPUR,2007,Summer,Maize,3547,9506,2.680011277
Karnataka,BIJAPUR,2007,Summer,Onion,1816,18204,10.02422907
Karnataka,BIJAPUR,2007,Summer,Sunflower,4212,2993,0.710588794
Karnataka,BIJAPUR,2007,Whole Year,Banana,1696,38201,22.52417453
Karnataka,BIJAPUR,2007,Whole Year,Coconut,192,978,5.09375
Karnataka,BIJAPUR,2007,Whole Year,Coriander,80,28,0.35
Karnataka,BIJAPUR,2007,Whole Year,Cotton(lint),4100,10326,2.518536585
Karnataka,BIJAPUR,2007,Whole Year,Garlic,405,1392,3.437037037
Karnataka,BIJAPUR,2007,Whole Year,Sugarcane,29191,1608424,55.09999657
Karnataka,BIJAPUR,2007,Whole Year,Sweet potato,19,60,3.157894737
Karnataka,BIJAPUR,2007,Whole Year,Turmeric,8,62,7.75
Karnataka,BIJAPUR,2008,Kharif,Arhar/Tur,48686,19287,0.396150844
Karnataka,BIJAPUR,2008,Kharif,Bajra,33180,18521,0.558197709
Karnataka,BIJAPUR,2008,Kharif,Castor seed,104,99,0.951923077
Karnataka,BIJAPUR,2008,Kharif,Dry chillies,592,1013,1.711148649
Karnataka,BIJAPUR,2008,Kharif,Groundnut,25669,13304,0.518290545
Karnataka,BIJAPUR,2008,Kharif,Horse-gram,2780,932,0.335251799
Karnataka,BIJAPUR,2008,Kharif,Jowar,343,715,2.084548105
Karnataka,BIJAPUR,2008,Kharif,Maize,27843,77229,2.773731279
Karnataka,BIJAPUR,2008,Kharif,Moong(Green Gram),3598,34,0.009449694
Karnataka,BIJAPUR,2008,Kharif,Niger seed,137,26,0.189781022
Karnataka,BIJAPUR,2008,Kharif,Onion,4022,16193,4.026106415
Karnataka,BIJAPUR,2008,Kharif,Other Kharif pulses,1003,884,0.881355932
Karnataka,BIJAPUR,2008,Kharif,Rice,12,37.05,3.0875
Karnataka,BIJAPUR,2008,Kharif,Sesamum,192,98,0.510416667
Karnataka,BIJAPUR,2008,Kharif,Sunflower,44342,16658,0.375670921
Karnataka,BIJAPUR,2008,Kharif,Urad,21,6,0.285714286
Karnataka,BIJAPUR,2008,Rabi,Dry chillies,552,686,1.242753623
Karnataka,BIJAPUR,2008,Rabi,Gram,129551,79653,0.614838944
Karnataka,BIJAPUR,2008,Rabi,Groundnut,23796,13971,0.587115482
Karnataka,BIJAPUR,2008,Rabi,Horse-gram,933,197,0.211146838
Karnataka,BIJAPUR,2008,Rabi,Jowar,226381,234211,1.034587708
Karnataka,BIJAPUR,2008,Rabi,Linseed,5898,1967,0.333502882
Karnataka,BIJAPUR,2008,Rabi,Maize,13677,29871,2.184031586
Karnataka,BIJAPUR,2008,Rabi,Onion,4982,22907,4.597952629
Karnataka,BIJAPUR,2008,Rabi,Other  Rabi pulses,894,347,0.388143177
Karnataka,BIJAPUR,2008,Rabi,Safflower,10224,4983,0.487382629
Karnataka,BIJAPUR,2008,Rabi,Sunflower,93866,22056,0.23497326
Karnataka,BIJAPUR,2008,Rabi,Wheat,65369,52919,0.80954275
Karnataka,BIJAPUR,2008,Summer,Dry chillies,161,528,3.279503106
Karnataka,BIJAPUR,2008,Summer,Maize,3591,8020,2.233361181
Karnataka,BIJAPUR,2008,Summer,Onion,841,3443,4.093935791
Karnataka,BIJAPUR,2008,Summer,Sunflower,4593,2635,0.573699107
Karnataka,BIJAPUR,2008,Whole Year,Banana,1684,41037,24.36876485
Karnataka,BIJAPUR,2008,Whole Year,Coconut,213,1459,6.849765258
Karnataka,BIJAPUR,2008,Whole Year,Coriander,75,40,0.533333333
Karnataka,BIJAPUR,2008,Whole Year,Cotton(lint),5553,12932,2.328831262
Karnataka,BIJAPUR,2008,Whole Year,Garlic,464,1021,2.200431034
Karnataka,BIJAPUR,2008,Whole Year,Sugarcane,20604,1096133,53.20000971
Karnataka,BIJAPUR,2008,Whole Year,Sweet potato,4,40,10
Karnataka,BIJAPUR,2008,Whole Year,Turmeric,4,19,4.75
Karnataka,BIJAPUR,2009,Kharif,Arhar/Tur,104091,31050,0.298296683
Karnataka,BIJAPUR,2009,Kharif,Bajra,62057,28246,0.45516219
Karnataka,BIJAPUR,2009,Kharif,Castor seed,24,16,0.666666667
Karnataka,BIJAPUR,2009,Kharif,Gram,7343,1207,0.164374234
Karnataka,BIJAPUR,2009,Kharif,Groundnut,43260,14284,0.330189552
Karnataka,BIJAPUR,2009,Kharif,Horse-gram,7343,1207,0.164374234
Karnataka,BIJAPUR,2009,Kharif,Jowar,43,45,1.046511628
Karnataka,BIJAPUR,2009,Kharif,Maize,47123,63432,1.346094264
Karnataka,BIJAPUR,2009,Kharif,Moong(Green Gram),24110,1328,0.055080879
Karnataka,BIJAPUR,2009,Kharif,Niger seed,870,215,0.247126437
Karnataka,BIJAPUR,2009,Kharif,Onion,10288,18140,1.763219285
Karnataka,BIJAPUR,2009,Kharif,Other Kharif pulses,6735,2151,0.319376392
Karnataka,BIJAPUR,2009,Kharif,Rice,27,76.95,2.85
Karnataka,BIJAPUR,2009,Kharif,Sesamum,1130,459,0.40619469
Karnataka,BIJAPUR,2009,Kharif,Soyabean,4,2,0.5
Karnataka,BIJAPUR,2009,Kharif,Sunflower,47917,12729,0.265646848
Karnataka,BIJAPUR,2009,Kharif,Urad,154,13,0.084415584
Karnataka,BIJAPUR,2009,Rabi,Dry chillies,613,975,1.590538336
Karnataka,BIJAPUR,2009,Rabi,Gram,1762,403,0.228717367
Karnataka,BIJAPUR,2009,Rabi,Groundnut,34355,23107,0.672594964
Karnataka,BIJAPUR,2009,Rabi,Horse-gram,1762,403,0.228717367
Karnataka,BIJAPUR,2009,Rabi,Jowar,200679,162018,0.80734905
Karnataka,BIJAPUR,2009,Rabi,Linseed,4209,1196,0.284153005
Karnataka,BIJAPUR,2009,Rabi,Maize,10641,19237,1.807818814
Karnataka,BIJAPUR,2009,Rabi,Onion,4632,18020,3.890328152
Karnataka,BIJAPUR,2009,Rabi,Other  Rabi pulses,346,71,0.205202312
Karnataka,BIJAPUR,2009,Rabi,Safflower,7410,3393,0.457894737
Karnataka,BIJAPUR,2009,Rabi,Sunflower,67856,12075,0.177950365
Karnataka,BIJAPUR,2009,Rabi,Wheat,81437,77309,0.94931051
Karnataka,BIJAPUR,2009,Summer,Dry chillies,208,958,4.605769231
Karnataka,BIJAPUR,2009,Summer,Maize,6794,13573,1.99779217
Karnataka,BIJAPUR,2009,Summer,Onion,895,7231,8.079329609
Karnataka,BIJAPUR,2009,Summer,Sunflower,3749,1710,0.456121632
Karnataka,BIJAPUR,2009,Whole Year,Banana,1932,64878,33.58074534
Karnataka,BIJAPUR,2009,Whole Year,Coconut,268,1906,7.111940299
Karnataka,BIJAPUR,2009,Whole Year,Coriander,199,98,0.492462312
Karnataka,BIJAPUR,2009,Whole Year,Cotton(lint),3669,7636,2.081221041
Karnataka,BIJAPUR,2009,Whole Year,Garlic,563,1604,2.849023091
Karnataka,BIJAPUR,2009,Whole Year,Sugarcane,27663,1892149,68.39999277
Karnataka,BIJAPUR,2009,Whole Year,Sweet potato,5,33,6.6
Karnataka,BIJAPUR,2009,Whole Year,Turmeric,65,327,5.030769231
Karnataka,BIJAPUR,2010,Kharif,Arhar/Tur,189677,107215,0.565250399
Karnataka,BIJAPUR,2010,Kharif,Bajra,65452,45773,0.699336919
Karnataka,BIJAPUR,2010,Kharif,Castor seed,2,2,1
Karnataka,BIJAPUR,2010,Kharif,Cotton(lint),9599,26525,2.763308678
Karnataka,BIJAPUR,2010,Kharif,Cowpea(Lobia),878,275,0.313211845
Karnataka,BIJAPUR,2010,Kharif,Dry chillies,1117,2159,1.932855864
Karnataka,BIJAPUR,2010,Kharif,Groundnut,32521,13183,0.405368839
Karnataka,BIJAPUR,2010,Kharif,Horse-gram,9294,2481,0.266946417
Karnataka,BIJAPUR,2010,Kharif,Maize,58432,161639,2.766275329
Karnataka,BIJAPUR,2010,Kharif,Moong(Green Gram),18761,2994,0.159586376
Karnataka,BIJAPUR,2010,Kharif,Niger seed,1091,338,0.309807516
Karnataka,BIJAPUR,2010,Kharif,Onion,8831,34925,3.954818254
Karnataka,BIJAPUR,2010,Kharif,Other Kharif pulses,5734,1726,0.30101151
Karnataka,BIJAPUR,2010,Kharif,Peas & beans (Pulses),34,303,8.911764706
Karnataka,BIJAPUR,2010,Kharif,Rice,71,228,3.211267606
Karnataka,BIJAPUR,2010,Kharif,Sesamum,624,216,0.346153846
Karnataka,BIJAPUR,2010,Kharif,Sunflower,21566,7156,0.331818603
Karnataka,BIJAPUR,2010,Kharif,Urad,102,37,0.362745098
Karnataka,BIJAPUR,2010,Rabi,Cotton(lint),925,1882,2.034594595
Karnataka,BIJAPUR,2010,Rabi,Cowpea(Lobia),335,88,0.262686567
Karnataka,BIJAPUR,2010,Rabi,Dry chillies,483,1066,2.207039337
Karnataka,BIJAPUR,2010,Rabi,Gram,156207,106149,0.67954061
Karnataka,BIJAPUR,2010,Rabi,Groundnut,35970,24433,0.679260495
Karnataka,BIJAPUR,2010,Rabi,Horse-gram,618,223,0.360841424
Karnataka,BIJAPUR,2010,Rabi,Jowar,190629,190910,1.001474067
Karnataka,BIJAPUR,2010,Rabi,Linseed,3209,1326,0.413212839
Karnataka,BIJAPUR,2010,Rabi,Maize,11971,30069,2.511820232
Karnataka,BIJAPUR,2010,Rabi,Onion,5439,32382,5.953667954
Karnataka,BIJAPUR,2010,Rabi,Other  Rabi pulses,18,7,0.388888889
Karnataka,BIJAPUR,2010,Rabi,Safflower,5868,2581,0.439843217
Karnataka,BIJAPUR,2010,Rabi,Sunflower,35133,12115,0.344832494
Karnataka,BIJAPUR,2010,Rabi,Wheat,63974,68354,1.068465314
Karnataka,BIJAPUR,2010,Summer,Dry chillies,231,703,3.043290043
Karnataka,BIJAPUR,2010,Summer,Maize,5593,13847,2.475773288
Karnataka,BIJAPUR,2010,Summer,Onion,1116,11187,10.02419355
Karnataka,BIJAPUR,2010,Summer,Sunflower,2899,1820,0.627802691
Karnataka,BIJAPUR,2010,Whole Year,Banana,1933,64912,33.58096223
Karnataka,BIJAPUR,2010,Whole Year,Coconut,281,2686,9.558718861
Karnataka,BIJAPUR,2010,Whole Year,Coriander,226,82,0.362831858
Karnataka,BIJAPUR,2010,Whole Year,Garlic,260,797,3.065384615
Karnataka,BIJAPUR,2010,Whole Year,Sugarcane,41377,3459117,83.59999517
Karnataka,BIJAPUR,2010,Whole Year,Sweet potato,7,58,8.285714286
Karnataka,BIJAPUR,2010,Whole Year,Turmeric,1,5,5
Karnataka,BIJAPUR,2011,Kharif,Arhar/Tur,102093,38601,0.378096441
Karnataka,BIJAPUR,2011,Kharif,Bajra,60052,45322,0.754712582
Karnataka,BIJAPUR,2011,Kharif,Castor seed,5,4,0.8
Karnataka,BIJAPUR,2011,Kharif,Cotton(lint),11130,29346,2.636657682
Karnataka,BIJAPUR,2011,Kharif,Cowpea(Lobia),735,156,0.212244898
Karnataka,BIJAPUR,2011,Kharif,Dry chillies,1048,1212,1.15648855
Karnataka,BIJAPUR,2011,Kharif,Groundnut,21544,6184,0.287040475
Karnataka,BIJAPUR,2011,Kharif,Horse-gram,5565,1211,0.217610063
Karnataka,BIJAPUR,2011,Kharif,Maize,67424,239977,3.559222235
Karnataka,BIJAPUR,2011,Kharif,Moong(Green Gram),9241,1247,0.134942106
Karnataka,BIJAPUR,2011,Kharif,Niger seed,342,68,0.198830409
Karnataka,BIJAPUR,2011,Kharif,Onion,13439,50455,3.754371605
Karnataka,BIJAPUR,2011,Kharif,Other Kharif pulses,4243,830,0.195616309
Karnataka,BIJAPUR,2011,Kharif,Peas & beans (Pulses),28,250,8.928571429
Karnataka,BIJAPUR,2011,Kharif,Rice,88,283,3.215909091
Karnataka,BIJAPUR,2011,Kharif,Sesamum,1127,132,0.117125111
Karnataka,BIJAPUR,2011,Kharif,Sunflower,25394,7778,0.306292825
Karnataka,BIJAPUR,2011,Kharif,Urad,140,51,0.364285714
Karnataka,BIJAPUR,2011,Rabi,Cotton(lint),691,672,0.972503618
Karnataka,BIJAPUR,2011,Rabi,Cowpea(Lobia),196,69,0.352040816
Karnataka,BIJAPUR,2011,Rabi,Dry chillies,248,315,1.27016129
Karnataka,BIJAPUR,2011,Rabi,Gram,119379,34199,0.28647417
Karnataka,BIJAPUR,2011,Rabi,Groundnut,20206,10922,0.540532515
Karnataka,BIJAPUR,2011,Rabi,Horse-gram,300,48,0.16
Karnataka,BIJAPUR,2011,Rabi,Jowar,167299,100039,0.59796532
Karnataka,BIJAPUR,2011,Rabi,Linseed,3962,508,0.128218072
Karnataka,BIJAPUR,2011,Rabi,Maize,11094,38458,3.4665585
Karnataka,BIJAPUR,2011,Rabi,Onion,4624,25373,5.487240484
Karnataka,BIJAPUR,2011,Rabi,Safflower,7976,1387,0.17389669
Karnataka,BIJAPUR,2011,Rabi,Sunflower,33202,6549,0.197247154
Karnataka,BIJAPUR,2011,Rabi,Wheat,45949,33346,0.725717643
Karnataka,BIJAPUR,2011,Summer,Dry chillies,145,508,3.503448276
Karnataka,BIJAPUR,2011,Summer,Maize,3372,9046,2.682680902
Karnataka,BIJAPUR,2011,Summer,Onion,1261,7486,5.936558287
Karnataka,BIJAPUR,2011,Summer,Sunflower,1555,703,0.452090032
Karnataka,BIJAPUR,2011,Whole Year,Banana,1855,64548,34.7967655
Karnataka,BIJAPUR,2011,Whole Year,Coconut,288,2863,9.940972222
Karnataka,BIJAPUR,2011,Whole Year,Coriander,101,27,0.267326733
Karnataka,BIJAPUR,2011,Whole Year,Garlic,409,1181,2.887530562
Karnataka,BIJAPUR,2011,Whole Year,Sugarcane,44208,3233815,73.14999548
Karnataka,BIJAPUR,2011,Whole Year,Turmeric,66,137,2.075757576
Karnataka,BIJAPUR,2012,Kharif,Arhar/Tur,86199,50689,0.588046265
Karnataka,BIJAPUR,2012,Kharif,Bajra,55438,51981,0.937642051
Karnataka,BIJAPUR,2012,Kharif,Cotton(lint),11247,25893,2.302213924
Karnataka,BIJAPUR,2012,Kharif,Cowpea(Lobia),252,76,0.301587302
Karnataka,BIJAPUR,2012,Kharif,Dry chillies,941,646,0.686503719
Karnataka,BIJAPUR,2012,Kharif,Groundnut,14208,8814,0.62035473
Karnataka,BIJAPUR,2012,Kharif,Horse-gram,2825,499,0.176637168
Karnataka,BIJAPUR,2012,Kharif,Maize,53818,166214,3.088446245
Karnataka,BIJAPUR,2012,Kharif,Moong(Green Gram),2269,75,0.033054209
Karnataka,BIJAPUR,2012,Kharif,Niger seed,139,28,0.201438849
Karnataka,BIJAPUR,2012,Kharif,Onion,12364,50472,4.082174054
Karnataka,BIJAPUR,2012,Kharif,Other Kharif pulses,1370,294,0.21459854
Karnataka,BIJAPUR,2012,Kharif,Rice,97,247,2.546391753
Karnataka,BIJAPUR,2012,Kharif,Sesamum,254,25,0.098425197
Karnataka,BIJAPUR,2012,Kharif,Sunflower,23679,11090,0.468347481
Karnataka,BIJAPUR,2012,Rabi,Cotton(lint),1492,1843,1.235254692
Karnataka,BIJAPUR,2012,Rabi,Cowpea(Lobia),206,69,0.334951456
Karnataka,BIJAPUR,2012,Rabi,Dry chillies,349,465,1.332378223
Karnataka,BIJAPUR,2012,Rabi,Gram,181651,112515,0.61940204
Karnataka,BIJAPUR,2012,Rabi,Horse-gram,66,9,0.136363636
Karnataka,BIJAPUR,2012,Rabi,Jowar,232476,255747,1.100100656
Karnataka,BIJAPUR,2012,Rabi,Linseed,1481,236,0.159351789
Karnataka,BIJAPUR,2012,Rabi,Maize,14422,48392,3.355429205
Karnataka,BIJAPUR,2012,Rabi,Onion,3892,23586,6.06012333
Karnataka,BIJAPUR,2012,Rabi,Safflower,3868,1121,0.289813857
Karnataka,BIJAPUR,2012,Rabi,Sunflower,49119,20065,0.40849773
Karnataka,BIJAPUR,2012,Rabi,Wheat,52074,44375,0.852152706
Karnataka,BIJAPUR,2012,Summer,Cotton(lint),208,577,2.774038462
Karnataka,BIJAPUR,2012,Summer,Cowpea(Lobia),154,55,0.357142857
Karnataka,BIJAPUR,2012,Summer,Dry chillies,131,370,2.824427481
Karnataka,BIJAPUR,2012,Summer,Groundnut,25711,18002,0.700167244
Karnataka,BIJAPUR,2012,Summer,Maize,4006,13720,3.424862706
Karnataka,BIJAPUR,2012,Summer,Onion,1566,9047,5.777139208
Karnataka,BIJAPUR,2012,Summer,Sunflower,1383,838,0.60592914
Karnataka,BIJAPUR,2012,Whole Year,Coconut,284,2796,9.845070423
Karnataka,BIJAPUR,2012,Whole Year,Coriander,99,26,0.262626263
Karnataka,BIJAPUR,2012,Whole Year,Garlic,682,1969,2.887096774
Karnataka,BIJAPUR,2012,Whole Year,Sugarcane,37382,2770006,74.09999465
Karnataka,BIJAPUR,2012,Whole Year,Turmeric,62,113,1.822580645
Karnataka,BIJAPUR,2013,Kharif,Arhar/Tur,180625,170564,0.944298962
Karnataka,BIJAPUR,2013,Kharif,Bajra,69832,75694,1.083944324
Karnataka,BIJAPUR,2013,Kharif,Cotton(lint),9881,23301,2.358162129
Karnataka,BIJAPUR,2013,Kharif,Cowpea(Lobia),249,58,0.232931727
Karnataka,BIJAPUR,2013,Kharif,Dry chillies,947,723,0.763463569
Karnataka,BIJAPUR,2013,Kharif,Groundnut,17700,12763,0.721073446
Karnataka,BIJAPUR,2013,Kharif,Horse-gram,3896,1081,0.277464066
Karnataka,BIJAPUR,2013,Kharif,Maize,69222,249891,3.609993933
Karnataka,BIJAPUR,2013,Kharif,Moong(Green Gram),6811,1061,0.155777419
Karnataka,BIJAPUR,2013,Kharif,Niger seed,321,70,0.218068536
Karnataka,BIJAPUR,2013,Kharif,Onion,11224,75002,6.682287954
Karnataka,BIJAPUR,2013,Kharif,Other Kharif pulses,2657,684,0.257433195
Karnataka,BIJAPUR,2013,Kharif,Rice,52,154,2.961538462
Karnataka,BIJAPUR,2013,Kharif,Sesamum,395,67,0.169620253
Karnataka,BIJAPUR,2013,Kharif,Sunflower,23887,12390,0.518692176
Karnataka,BIJAPUR,2013,Kharif,Urad,192,92,0.479166667
Karnataka,BIJAPUR,2013,Rabi,Cotton(lint),446,1201,2.692825112
Karnataka,BIJAPUR,2013,Rabi,Cowpea(Lobia),14,6,0.428571429
Karnataka,BIJAPUR,2013,Rabi,Dry chillies,535,454,0.848598131
Karnataka,BIJAPUR,2013,Rabi,Gram,154574,104701,0.677351948
Karnataka,BIJAPUR,2013,Rabi,Horse-gram,65,7,0.107692308
Karnataka,BIJAPUR,2013,Rabi,Jowar,165998,198542,1.196050555
Karnataka,BIJAPUR,2013,Rabi,Linseed,1345,367,0.272862454
Karnataka,BIJAPUR,2013,Rabi,Maize,8703,27921,3.208204068
Karnataka,BIJAPUR,2013,Rabi,Onion,4276,27989,6.545603368
Karnataka,BIJAPUR,2013,Rabi,Other  Rabi pulses,11,9,0.818181818
Karnataka,BIJAPUR,2013,Rabi,Safflower,3257,959,0.294442739
Karnataka,BIJAPUR,2013,Rabi,Sunflower,33664,17749,0.527239781
Karnataka,BIJAPUR,2013,Rabi,Wheat,57511,55182,0.959503399
Karnataka,BIJAPUR,2013,Summer,Cotton(lint),92,332,3.608695652
Karnataka,BIJAPUR,2013,Summer,Cowpea(Lobia),181,71,0.392265193
Karnataka,BIJAPUR,2013,Summer,Dry chillies,386,1026,2.658031088
Karnataka,BIJAPUR,2013,Summer,Groundnut,16606,12431,0.748584849
Karnataka,BIJAPUR,2013,Summer,Maize,3460,13848,4.002312139
Karnataka,BIJAPUR,2013,Summer,Onion,2351,14433,6.139089749
Karnataka,BIJAPUR,2013,Summer,Sunflower,1401,966,0.689507495
Karnataka,BIJAPUR,2013,Whole Year,Coconut,293,2325,7.935153584
Karnataka,BIJAPUR,2013,Whole Year,Coriander,58,18,0.310344828
Karnataka,BIJAPUR,2013,Whole Year,Garlic,471,1481,3.144373673
Karnataka,BIJAPUR,2013,Whole Year,Sugarcane,44914,3456132,76.94999332
Karnataka,BIJAPUR,2013,Whole Year,Turmeric,44,210,4.772727273
Karnataka,BIJAPUR,2014,Kharif,Arhar/Tur,187324,114783,0.612751169
Karnataka,BIJAPUR,2014,Kharif,Bajra,48810,37281,0.763798402
Karnataka,BIJAPUR,2014,Kharif,Cotton(lint),14303,32450,2.268754807
Karnataka,BIJAPUR,2014,Kharif,Cowpea(Lobia),285,32,0.112280702
Karnataka,BIJAPUR,2014,Kharif,Dry chillies,1003,899,0.896311067
Karnataka,BIJAPUR,2014,Kharif,Groundnut,19413,12633,0.650749498
Karnataka,BIJAPUR,2014,Kharif,Horse-gram,3105,587,0.189049919
Karnataka,BIJAPUR,2014,Kharif,Maize,54990,175215,3.186306601
Karnataka,BIJAPUR,2014,Kharif,Moong(Green Gram),5197,523,0.100634982
Karnataka,BIJAPUR,2014,Kharif,Niger seed,178,47,0.264044944
Karnataka,BIJAPUR,2014,Kharif,Onion,8824,46298,5.246826836
Karnataka,BIJAPUR,2014,Kharif,Other Kharif pulses,2828,482,0.170438472
Karnataka,BIJAPUR,2014,Kharif,Rice,50,153,3.06
Karnataka,BIJAPUR,2014,Kharif,Sesamum,302,32,0.105960265
Karnataka,BIJAPUR,2014,Kharif,Sunflower,30515,15132,0.495887269
Karnataka,BIJAPUR,2014,Kharif,Urad,306,85,0.277777778
Karnataka,BIJAPUR,2014,Rabi,Cotton(lint),224,357,1.59375
Karnataka,BIJAPUR,2014,Rabi,Dry chillies,636,517,0.812893082
Karnataka,BIJAPUR,2014,Rabi,Gram,171009,115021,0.672602027
Karnataka,BIJAPUR,2014,Rabi,Jowar,144817,134137,0.926251752
Karnataka,BIJAPUR,2014,Rabi,Linseed,864,177,0.204861111
Karnataka,BIJAPUR,2014,Rabi,Maize,7579,22824,3.011479087
Karnataka,BIJAPUR,2014,Rabi,Onion,5373,23781,4.426018984
Karnataka,BIJAPUR,2014,Rabi,Potato,2,31,15.5
Karnataka,BIJAPUR,2014,Rabi,Safflower,2631,980,0.372481946
Karnataka,BIJAPUR,2014,Rabi,Sunflower,27262,11240,0.412295503
Karnataka,BIJAPUR,2014,Rabi,Wheat,53709,55207,1.027891042
Karnataka,BIJAPUR,2014,Summer,Cotton(lint),37,70,1.891891892
Karnataka,BIJAPUR,2014,Summer,Cowpea(Lobia),152,56,0.368421053
Karnataka,BIJAPUR,2014,Summer,Dry chillies,418,805,1.925837321
Karnataka,BIJAPUR,2014,Summer,Groundnut,22331,15168,0.679235144
Karnataka,BIJAPUR,2014,Summer,Maize,3445,10358,3.006676343
Karnataka,BIJAPUR,2014,Summer,Onion,2471,9918,4.013759611
Karnataka,BIJAPUR,2014,Summer,Potato,22,302,13.72727273
Karnataka,BIJAPUR,2014,Summer,Sunflower,1183,691,0.584108199
Karnataka,BIJAPUR,2014,Whole Year,Coconut,296,2641,8.922297297
Karnataka,BIJAPUR,2014,Whole Year,Coriander,112,38,0.339285714
Karnataka,BIJAPUR,2014,Whole Year,Garlic,448,1379,3.078125
Karnataka,BIJAPUR,2014,Whole Year,Sugarcane,49050,3914190,79.8
Karnataka,BIJAPUR,2014,Whole Year,Turmeric,63,377,5.984126984
Karnataka,CHAMARAJANAGAR,1998,Kharif,Arhar/Tur,2487,572,0.229995979
Karnataka,CHAMARAJANAGAR,1998,Kharif,Bajra,790,548,0.693670886
Karnataka,CHAMARAJANAGAR,1998,Kharif,Castor seed,928,429,0.462284483
Karnataka,CHAMARAJANAGAR,1998,Kharif,Cotton(lint),12738,32303,2.535955409
Karnataka,CHAMARAJANAGAR,1998,Kharif,Groundnut,17248,22861,1.325429035
Karnataka,CHAMARAJANAGAR,1998,Kharif,Horse-gram,1175,534,0.454468085
Karnataka,CHAMARAJANAGAR,1998,Kharif,Jowar,17425,14344,0.823185079
Karnataka,CHAMARAJANAGAR,1998,Kharif,Maize,7137,30038,4.208771192
Karnataka,CHAMARAJANAGAR,1998,Kharif,Moong(Green Gram),423,83,0.196217494
Karnataka,CHAMARAJANAGAR,1998,Kharif,Niger seed,848,175,0.206367925
Karnataka,CHAMARAJANAGAR,1998,Kharif,Onion,675,8324,12.33185185
Karnataka,CHAMARAJANAGAR,1998,Kharif,Peas & beans (Pulses),109,1339,12.28440367
Karnataka,CHAMARAJANAGAR,1998,Kharif,Ragi,20767,29866,1.43814706
Karnataka,CHAMARAJANAGAR,1998,Kharif,Rice,16108,52488,3.258505091
Karnataka,CHAMARAJANAGAR,1998,Kharif,Sesamum,721,410,0.568654646
Karnataka,CHAMARAJANAGAR,1998,Kharif,Soyabean,29,31,1.068965517
Karnataka,CHAMARAJANAGAR,1998,Kharif,Sunflower,8197,4888,0.596315725
Karnataka,CHAMARAJANAGAR,1998,Rabi,Gram,748,201,0.268716578
Karnataka,CHAMARAJANAGAR,1998,Rabi,Groundnut,594,658,1.107744108
Karnataka,CHAMARAJANAGAR,1998,Rabi,Horse-gram,15881,7076,0.445563881
Karnataka,CHAMARAJANAGAR,1998,Rabi,Jowar,120,83,0.691666667
Karnataka,CHAMARAJANAGAR,1998,Rabi,Maize,1508,3093,2.051061008
Karnataka,CHAMARAJANAGAR,1998,Rabi,Moong(Green Gram),217,97,0.447004608
Karnataka,CHAMARAJANAGAR,1998,Rabi,Onion,500,3536,7.072
Karnataka,CHAMARAJANAGAR,1998,Rabi,Peas & beans (Pulses),7,29,4.142857143
Karnataka,CHAMARAJANAGAR,1998,Rabi,Ragi,975,1416,1.452307692
Karnataka,CHAMARAJANAGAR,1998,Rabi,Rice,70,153,2.185714286
Karnataka,CHAMARAJANAGAR,1998,Rabi,Sunflower,103,58,0.563106796
Karnataka,CHAMARAJANAGAR,1998,Rabi,Wheat,10,14,1.4
Karnataka,CHAMARAJANAGAR,1998,Summer,Jowar,241,639,2.651452282
Karnataka,CHAMARAJANAGAR,1998,Summer,Maize,484,1100,2.272727273
Karnataka,CHAMARAJANAGAR,1998,Summer,Onion,411,6053,14.72749392
Karnataka,CHAMARAJANAGAR,1998,Summer,Peas & beans (Pulses),10,41,4.1
Karnataka,CHAMARAJANAGAR,1998,Summer,Ragi,1742,4056,2.328358209
Karnataka,CHAMARAJANAGAR,1998,Summer,Rice,2287,6709,2.933537385
Karnataka,CHAMARAJANAGAR,1998,Summer,Sunflower,108,61,0.564814815
Karnataka,CHAMARAJANAGAR,1998,Whole Year,Arecanut,174,610,3.505747126
Karnataka,CHAMARAJANAGAR,1998,Whole Year,Cardamom,16,1,0.0625
Karnataka,CHAMARAJANAGAR,1998,Whole Year,Coconut,7019,24995,3.561048582
Karnataka,CHAMARAJANAGAR,1998,Whole Year,Coriander,166,16,0.096385542
Karnataka,CHAMARAJANAGAR,1998,Whole Year,Dry chillies,511,491,0.960861057
Karnataka,CHAMARAJANAGAR,1998,Whole Year,Garlic,113,232,2.053097345
Karnataka,CHAMARAJANAGAR,1998,Whole Year,Turmeric,2197,13325,6.065088757
Karnataka,CHAMARAJANAGAR,1999,Kharif,Arhar/Tur,2053,511,0.248904043
Karnataka,CHAMARAJANAGAR,1999,Kharif,Bajra,663,400,0.60331825
Karnataka,CHAMARAJANAGAR,1999,Kharif,Castor seed,580,447,0.770689655
Karnataka,CHAMARAJANAGAR,1999,Kharif,Cotton(lint),12157,16746,1.377477996
Karnataka,CHAMARAJANAGAR,1999,Kharif,Groundnut,11448,13685,1.195405311
Karnataka,CHAMARAJANAGAR,1999,Kharif,Horse-gram,222,209,0.941441441
Karnataka,CHAMARAJANAGAR,1999,Kharif,Jowar,25648,14071,0.548619775
Karnataka,CHAMARAJANAGAR,1999,Kharif,Maize,9242,18623,2.015040035
Karnataka,CHAMARAJANAGAR,1999,Kharif,Moong(Green Gram),517,179,0.34622824
Karnataka,CHAMARAJANAGAR,1999,Kharif,Niger seed,667,137,0.205397301
Karnataka,CHAMARAJANAGAR,1999,Kharif,Other Kharif pulses,2190,1114,0.508675799
Karnataka,CHAMARAJANAGAR,1999,Kharif,Ragi,12758,16180,1.26822386
Karnataka,CHAMARAJANAGAR,1999,Kharif,Rice,13892,41532,2.989634322
Karnataka,CHAMARAJANAGAR,1999,Kharif,Sesamum,1168,571,0.488869863
Karnataka,CHAMARAJANAGAR,1999,Kharif,Small millets,59,36,0.610169492
Karnataka,CHAMARAJANAGAR,1999,Kharif,Soyabean,1,1,1
Karnataka,CHAMARAJANAGAR,1999,Kharif,Sunflower,6741,1602,0.2376502
Karnataka,CHAMARAJANAGAR,1999,Kharif,Urad,356,116,0.325842697
Karnataka,CHAMARAJANAGAR,1999,Rabi,Gram,1075,575,0.534883721
Karnataka,CHAMARAJANAGAR,1999,Rabi,Groundnut,425,467,1.098823529
Karnataka,CHAMARAJANAGAR,1999,Rabi,Horse-gram,18517,5172,0.279310903
Karnataka,CHAMARAJANAGAR,1999,Rabi,Jowar,60,41,0.683333333
Karnataka,CHAMARAJANAGAR,1999,Rabi,Maize,2932,7175,2.447135061
Karnataka,CHAMARAJANAGAR,1999,Rabi,Moong(Green Gram),397,99,0.249370277
Karnataka,CHAMARAJANAGAR,1999,Rabi,Other  Rabi pulses,2909,314,0.107940873
Karnataka,CHAMARAJANAGAR,1999,Rabi,Ragi,1279,1657,1.295543393
Karnataka,CHAMARAJANAGAR,1999,Rabi,Rice,12,26,2.166666667
Karnataka,CHAMARAJANAGAR,1999,Rabi,Sunflower,65,47,0.723076923
Karnataka,CHAMARAJANAGAR,1999,Rabi,Urad,225,84,0.373333333
Karnataka,CHAMARAJANAGAR,1999,Rabi,Wheat,6,8,1.333333333
Karnataka,CHAMARAJANAGAR,1999,Summer,Jowar,175,402,2.297142857
Karnataka,CHAMARAJANAGAR,1999,Summer,Maize,328,600,1.829268293
Karnataka,CHAMARAJANAGAR,1999,Summer,Ragi,1728,2894,1.674768519
Karnataka,CHAMARAJANAGAR,1999,Summer,Rice,1435,4451,3.10174216
Karnataka,CHAMARAJANAGAR,1999,Summer,Sunflower,177,100,0.564971751
Karnataka,CHAMARAJANAGAR,1999,Whole Year,Banana,129,3513,27.23255814
Karnataka,CHAMARAJANAGAR,1999,Whole Year,Cardamom,16,1,0.0625
Karnataka,CHAMARAJANAGAR,1999,Whole Year,Coconut,7047,25095,3.561089825
Karnataka,CHAMARAJANAGAR,1999,Whole Year,Coriander,140,14,0.1
Karnataka,CHAMARAJANAGAR,1999,Whole Year,Dry chillies,508,527,1.037401575
Karnataka,CHAMARAJANAGAR,1999,Whole Year,Garlic,79,162,2.050632911
Karnataka,CHAMARAJANAGAR,1999,Whole Year,Onion,1243,22282,17.92598552
Karnataka,CHAMARAJANAGAR,1999,Whole Year,Sugarcane,19079,2301881,120.6499817
Karnataka,CHAMARAJANAGAR,1999,Whole Year,Tobacco,85,50,0.588235294
Karnataka,CHAMARAJANAGAR,1999,Whole Year,Turmeric,2759,15257,5.529902138
Karnataka,CHAMARAJANAGAR,2000,Kharif,Arhar/Tur,2472,592,0.239482201
Karnataka,CHAMARAJANAGAR,2000,Kharif,Bajra,677,510,0.753323486
Karnataka,CHAMARAJANAGAR,2000,Kharif,Castor seed,427,547,1.281030445
Karnataka,CHAMARAJANAGAR,2000,Kharif,Cotton(lint),9652,7944,0.823041857
Karnataka,CHAMARAJANAGAR,2000,Kharif,Groundnut,6288,8058,1.28148855
Karnataka,CHAMARAJANAGAR,2000,Kharif,Horse-gram,367,166,0.452316076
Karnataka,CHAMARAJANAGAR,2000,Kharif,Jowar,25620,17461,0.681537861
Karnataka,CHAMARAJANAGAR,2000,Kharif,Maize,19773,53980,2.729985334
Karnataka,CHAMARAJANAGAR,2000,Kharif,Moong(Green Gram),838,348,0.415274463
Karnataka,CHAMARAJANAGAR,2000,Kharif,Niger seed,697,144,0.206599713
Karnataka,CHAMARAJANAGAR,2000,Kharif,Other Kharif pulses,5221,2319,0.444167784
Karnataka,CHAMARAJANAGAR,2000,Kharif,Ragi,22084,34312,1.553704039
Karnataka,CHAMARAJANAGAR,2000,Kharif,Rice,16213,42295,2.608709061
Karnataka,CHAMARAJANAGAR,2000,Kharif,Sesamum,954,392,0.410901468
Karnataka,CHAMARAJANAGAR,2000,Kharif,Small millets,51,44,0.862745098
Karnataka,CHAMARAJANAGAR,2000,Kharif,Soyabean,4,4,1
Karnataka,CHAMARAJANAGAR,2000,Kharif,Sunflower,2686,1186,0.441548771
Karnataka,CHAMARAJANAGAR,2000,Kharif,Urad,1053,407,0.38651472
Karnataka,CHAMARAJANAGAR,2000,Rabi,Gram,1100,714,0.649090909
Karnataka,CHAMARAJANAGAR,2000,Rabi,Groundnut,538,591,1.098513011
Karnataka,CHAMARAJANAGAR,2000,Rabi,Horse-gram,19659,6313,0.321125184
Karnataka,CHAMARAJANAGAR,2000,Rabi,Maize,173,474,2.739884393
Karnataka,CHAMARAJANAGAR,2000,Rabi,Moong(Green Gram),687,184,0.26783115
Karnataka,CHAMARAJANAGAR,2000,Rabi,Other  Rabi pulses,1692,200,0.11820331
Karnataka,CHAMARAJANAGAR,2000,Rabi,Ragi,105,163,1.552380952
Karnataka,CHAMARAJANAGAR,2000,Rabi,Rice,85,182,2.141176471
Karnataka,CHAMARAJANAGAR,2000,Rabi,Sunflower,8,6,0.75
Karnataka,CHAMARAJANAGAR,2000,Rabi,Urad,52,18,0.346153846
Karnataka,CHAMARAJANAGAR,2000,Rabi,Wheat,6,9,1.5
Karnataka,CHAMARAJANAGAR,2000,Summer,Jowar,100,203,2.03
Karnataka,CHAMARAJANAGAR,2000,Summer,Maize,269,756,2.810408922
Karnataka,CHAMARAJANAGAR,2000,Summer,Ragi,708,1375,1.942090395
Karnataka,CHAMARAJANAGAR,2000,Summer,Rice,2485,6296,2.53360161
Karnataka,CHAMARAJANAGAR,2000,Summer,Sunflower,154,110,0.714285714
Karnataka,CHAMARAJANAGAR,2000,Whole Year,Arecanut,329,234,0.711246201
Karnataka,CHAMARAJANAGAR,2000,Whole Year,Banana,1132,24597,21.72879859
Karnataka,CHAMARAJANAGAR,2000,Whole Year,Cardamom,14,1,0.071428571
Karnataka,CHAMARAJANAGAR,2000,Whole Year,Coconut,7351,26177,3.561012107
Karnataka,CHAMARAJANAGAR,2000,Whole Year,Coriander,119,12,0.100840336
Karnataka,CHAMARAJANAGAR,2000,Whole Year,Dry chillies,512,465,0.908203125
Karnataka,CHAMARAJANAGAR,2000,Whole Year,Garlic,88,180,2.045454545
Karnataka,CHAMARAJANAGAR,2000,Whole Year,Onion,1689,17041,10.08940201
Karnataka,CHAMARAJANAGAR,2000,Whole Year,Potato,9,84,9.333333333
Karnataka,CHAMARAJANAGAR,2000,Whole Year,Sugarcane,15397,1857648,120.6499968
Karnataka,CHAMARAJANAGAR,2000,Whole Year,Tobacco,65,48,0.738461538
Karnataka,CHAMARAJANAGAR,2000,Whole Year,Turmeric,2890,15606,5.4
Karnataka,CHAMARAJANAGAR,2001,Kharif,Arhar/Tur,2323,466,0.200602669
Karnataka,CHAMARAJANAGAR,2001,Kharif,Bajra,323,160,0.495356037
Karnataka,CHAMARAJANAGAR,2001,Kharif,Castor seed,778,576,0.740359897
Karnataka,CHAMARAJANAGAR,2001,Kharif,Cotton(lint),10547,7085,0.671755001
Karnataka,CHAMARAJANAGAR,2001,Kharif,Groundnut,16021,20834,1.300418201
Karnataka,CHAMARAJANAGAR,2001,Kharif,Horse-gram,2561,1353,0.528309254
Karnataka,CHAMARAJANAGAR,2001,Kharif,Jowar,22443,10912,0.486209509
Karnataka,CHAMARAJANAGAR,2001,Kharif,Maize,13134,33852,2.577432618
Karnataka,CHAMARAJANAGAR,2001,Kharif,Moong(Green Gram),848,221,0.260613208
Karnataka,CHAMARAJANAGAR,2001,Kharif,Niger seed,680,140,0.205882353
Karnataka,CHAMARAJANAGAR,2001,Kharif,Other Kharif pulses,4283,1886,0.440345552
Karnataka,CHAMARAJANAGAR,2001,Kharif,Ragi,23850,38708,1.622976939
Karnataka,CHAMARAJANAGAR,2001,Kharif,Rice,16603,49259,2.966873457
Karnataka,CHAMARAJANAGAR,2001,Kharif,Sesamum,948,98,0.103375527
Karnataka,CHAMARAJANAGAR,2001,Kharif,Small millets,31,24,0.774193548
Karnataka,CHAMARAJANAGAR,2001,Kharif,Sunflower,1952,641,0.328381148
Karnataka,CHAMARAJANAGAR,2001,Kharif,Urad,1720,636,0.369767442
Karnataka,CHAMARAJANAGAR,2001,Rabi,Gram,1073,630,0.587138863
Karnataka,CHAMARAJANAGAR,2001,Rabi,Horse-gram,26730,5180,0.193789749
Karnataka,CHAMARAJANAGAR,2001,Rabi,Maize,2495,5560,2.228456914
Karnataka,CHAMARAJANAGAR,2001,Rabi,Moong(Green Gram),139,41,0.294964029
Karnataka,CHAMARAJANAGAR,2001,Rabi,Other  Rabi pulses,2612,299,0.114471669
Karnataka,CHAMARAJANAGAR,2001,Rabi,Ragi,2845,3325,1.168717047
Karnataka,CHAMARAJANAGAR,2001,Rabi,Rice,600,1150,1.916666667
Karnataka,CHAMARAJANAGAR,2001,Rabi,Sunflower,2,1,0.5
Karnataka,CHAMARAJANAGAR,2001,Rabi,Urad,131,49,0.374045802
Karnataka,CHAMARAJANAGAR,2001,Summer,Jowar,266,522,1.962406015
Karnataka,CHAMARAJANAGAR,2001,Summer,Maize,408,1073,2.629901961
Karnataka,CHAMARAJANAGAR,2001,Summer,Ragi,900,1587,1.763333333
Karnataka,CHAMARAJANAGAR,2001,Summer,Rice,1788,5191,2.903243848
Karnataka,CHAMARAJANAGAR,2001,Summer,Sunflower,225,184,0.817777778
Karnataka,CHAMARAJANAGAR,2001,Whole Year,Arecanut,279,198,0.709677419
Karnataka,CHAMARAJANAGAR,2001,Whole Year,Coconut,7369,19683,2.671054417
Karnataka,CHAMARAJANAGAR,2001,Whole Year,Coriander,18,2,0.111111111
Karnataka,CHAMARAJANAGAR,2001,Whole Year,Dry chillies,539,392,0.727272727
Karnataka,CHAMARAJANAGAR,2001,Whole Year,Onion,2283,19783,8.665352606
Karnataka,CHAMARAJANAGAR,2001,Whole Year,Peas & beans (Pulses),358,2169,6.058659218
Karnataka,CHAMARAJANAGAR,2001,Whole Year,Potato,10,90,9
Karnataka,CHAMARAJANAGAR,2001,Whole Year,Sugarcane,18026,1729595,95.95001664
Karnataka,CHAMARAJANAGAR,2001,Whole Year,Turmeric,2973,18825,6.331987891
Karnataka,CHAMARAJANAGAR,2002,Kharif,Arhar/Tur,2068,246,0.118955513
Karnataka,CHAMARAJANAGAR,2002,Kharif,Bajra,572,377,0.659090909
Karnataka,CHAMARAJANAGAR,2002,Kharif,Castor seed,836,772,0.923444976
Karnataka,CHAMARAJANAGAR,2002,Kharif,Cotton(lint),5271,928,0.176057674
Karnataka,CHAMARAJANAGAR,2002,Kharif,Groundnut,17793,12669,0.712021582
Karnataka,CHAMARAJANAGAR,2002,Kharif,Horse-gram,2505,980,0.391217565
Karnataka,CHAMARAJANAGAR,2002,Kharif,Jowar,19468,4007,0.205824943
Karnataka,CHAMARAJANAGAR,2002,Kharif,Maize,13403,36349,2.712004775
Karnataka,CHAMARAJANAGAR,2002,Kharif,Moong(Green Gram),1398,92,0.065808298
Karnataka,CHAMARAJANAGAR,2002,Kharif,Niger seed,1279,263,0.205629398
Karnataka,CHAMARAJANAGAR,2002,Kharif,Other Kharif pulses,5979,2712,0.453587556
Karnataka,CHAMARAJANAGAR,2002,Kharif,Ragi,21653,28460,1.314367524
Karnataka,CHAMARAJANAGAR,2002,Kharif,Rice,10474,34458,3.289860607
Karnataka,CHAMARAJANAGAR,2002,Kharif,Sesamum,919,361,0.392818281
Karnataka,CHAMARAJANAGAR,2002,Kharif,Small millets,30,22,0.733333333
Karnataka,CHAMARAJANAGAR,2002,Kharif,Sunflower,6219,1380,0.221900627
Karnataka,CHAMARAJANAGAR,2002,Kharif,Urad,1878,293,0.156017039
Karnataka,CHAMARAJANAGAR,2002,Rabi,Gram,1761,900,0.511073254
Karnataka,CHAMARAJANAGAR,2002,Rabi,Groundnut,409,458,1.119804401
Karnataka,CHAMARAJANAGAR,2002,Rabi,Horse-gram,26134,5263,0.201385169
Karnataka,CHAMARAJANAGAR,2002,Rabi,Jowar,121,85,0.702479339
Karnataka,CHAMARAJANAGAR,2002,Rabi,Maize,1610,4120,2.559006211
Karnataka,CHAMARAJANAGAR,2002,Rabi,Moong(Green Gram),406,71,0.174876847
Karnataka,CHAMARAJANAGAR,2002,Rabi,Other  Rabi pulses,4400,498,0.113181818
Karnataka,CHAMARAJANAGAR,2002,Rabi,Ragi,1167,1833,1.570694087
Karnataka,CHAMARAJANAGAR,2002,Rabi,Rice,900,1879,2.087777778
Karnataka,CHAMARAJANAGAR,2002,Rabi,Sunflower,12,8,0.666666667
Karnataka,CHAMARAJANAGAR,2002,Rabi,Urad,303,36,0.118811881
Karnataka,CHAMARAJANAGAR,2002,Summer,Jowar,372,615,1.653225806
Karnataka,CHAMARAJANAGAR,2002,Summer,Maize,1000,2556,2.556
Karnataka,CHAMARAJANAGAR,2002,Summer,Ragi,866,994,1.147806005
Karnataka,CHAMARAJANAGAR,2002,Summer,Rice,669,1135,1.696562033
Karnataka,CHAMARAJANAGAR,2002,Summer,Sunflower,72,44,0.611111111
Karnataka,CHAMARAJANAGAR,2002,Whole Year,Arcanut (Processed),279,198,0.709677419
Karnataka,CHAMARAJANAGAR,2002,Whole Year,Atcanut (Raw),279,979,3.508960573
Karnataka,CHAMARAJANAGAR,2002,Whole Year,Banana,1878,38490,20.49520767
Karnataka,CHAMARAJANAGAR,2002,Whole Year,Beans & Mutter(Vegetable),328,686,2.091463415
Karnataka,CHAMARAJANAGAR,2002,Whole Year,Brinjal,147,831,5.653061224
Karnataka,CHAMARAJANAGAR,2002,Whole Year,Cardamom,13,1,0.076923077
Karnataka,CHAMARAJANAGAR,2002,Whole Year,Cashewnut Processed,137,12,0.087591241
Karnataka,CHAMARAJANAGAR,2002,Whole Year,Cashewnut Raw,137,47,0.343065693
Karnataka,CHAMARAJANAGAR,2002,Whole Year,Citrus Fruit,10,174,17.4
Karnataka,CHAMARAJANAGAR,2002,Whole Year,Coconut,7599,20297,2.671009343
Karnataka,CHAMARAJANAGAR,2002,Whole Year,Coriander,26,3,0.115384615
Karnataka,CHAMARAJANAGAR,2002,Whole Year,Dry chillies,605,421,0.695867769
Karnataka,CHAMARAJANAGAR,2002,Whole Year,Garlic,115,236,2.052173913
Karnataka,CHAMARAJANAGAR,2002,Whole Year,Mango,237,1121,4.729957806
Karnataka,CHAMARAJANAGAR,2002,Whole Year,Onion,2141,15993,7.469873891
Karnataka,CHAMARAJANAGAR,2002,Whole Year,Other Fresh Fruits,137,430,3.138686131
Karnataka,CHAMARAJANAGAR,2002,Whole Year,Pome Fruit,47,288,6.127659574
Karnataka,CHAMARAJANAGAR,2002,Whole Year,Potato,5,10,2
Karnataka,CHAMARAJANAGAR,2002,Whole Year,Sugarcane,16755,1687228,100.6999702
Karnataka,CHAMARAJANAGAR,2002,Whole Year,Tobacco,108,78,0.722222222
Karnataka,CHAMARAJANAGAR,2002,Whole Year,Tomato,301,988,3.282392027
Karnataka,CHAMARAJANAGAR,2002,Whole Year,Turmeric,3753,17763,4.733013589
Karnataka,CHAMARAJANAGAR,2003,Kharif,Arhar/Tur,1459,79,0.054146676
Karnataka,CHAMARAJANAGAR,2003,Kharif,Bajra,241,160,0.663900415
Karnataka,CHAMARAJANAGAR,2003,Kharif,Castor seed,540,484,0.896296296
Karnataka,CHAMARAJANAGAR,2003,Kharif,Cotton(lint),5420,1143,0.210885609
Karnataka,CHAMARAJANAGAR,2003,Kharif,Groundnut,18299,8805,0.481173835
Karnataka,CHAMARAJANAGAR,2003,Kharif,Horse-gram,3427,365,0.106507149
Karnataka,CHAMARAJANAGAR,2003,Kharif,Jowar,16320,2109,0.129227941
Karnataka,CHAMARAJANAGAR,2003,Kharif,Maize,16561,25387,1.532938832
Karnataka,CHAMARAJANAGAR,2003,Kharif,Moong(Green Gram),1299,194,0.149345651
Karnataka,CHAMARAJANAGAR,2003,Kharif,Niger seed,1105,228,0.206334842
Karnataka,CHAMARAJANAGAR,2003,Kharif,Other Kharif pulses,4652,2051,0.440885641
Karnataka,CHAMARAJANAGAR,2003,Kharif,Ragi,24133,15275,0.632950731
Karnataka,CHAMARAJANAGAR,2003,Kharif,Rice,9729,26018,2.674272793
Karnataka,CHAMARAJANAGAR,2003,Kharif,Sesamum,598,263,0.439799331
Karnataka,CHAMARAJANAGAR,2003,Kharif,Small millets,25,14,0.56
Karnataka,CHAMARAJANAGAR,2003,Kharif,Sunflower,3114,502,0.16120745
Karnataka,CHAMARAJANAGAR,2003,Kharif,Urad,1141,33,0.028921998
Karnataka,CHAMARAJANAGAR,2003,Rabi,Gram,2245,723,0.322048998
Karnataka,CHAMARAJANAGAR,2003,Rabi,Groundnut,90,87,0.966666667
Karnataka,CHAMARAJANAGAR,2003,Rabi,Horse-gram,20641,3000,0.145341795
Karnataka,CHAMARAJANAGAR,2003,Rabi,Jowar,194,121,0.62371134
Karnataka,CHAMARAJANAGAR,2003,Rabi,Maize,3804,3948,1.03785489
Karnataka,CHAMARAJANAGAR,2003,Rabi,Moong(Green Gram),295,86,0.291525424
Karnataka,CHAMARAJANAGAR,2003,Rabi,Other  Rabi pulses,3009,338,0.112329678
Karnataka,CHAMARAJANAGAR,2003,Rabi,Ragi,1934,1509,0.78024819
Karnataka,CHAMARAJANAGAR,2003,Rabi,Rice,826,2448,2.963680387
Karnataka,CHAMARAJANAGAR,2003,Rabi,Sunflower,414,317,0.765700483
Karnataka,CHAMARAJANAGAR,2003,Rabi,Urad,549,289,0.526411658
Karnataka,CHAMARAJANAGAR,2003,Summer,Jowar,280,745,2.660714286
Karnataka,CHAMARAJANAGAR,2003,Summer,Maize,573,1279,2.232111693
Karnataka,CHAMARAJANAGAR,2003,Summer,Ragi,1023,1217,1.189638319
Karnataka,CHAMARAJANAGAR,2003,Summer,Rice,910,3302,3.628571429
Karnataka,CHAMARAJANAGAR,2003,Summer,Sunflower,419,221,0.527446301
Karnataka,CHAMARAJANAGAR,2003,Whole Year,Arecanut,309,219,0.708737864
Karnataka,CHAMARAJANAGAR,2003,Whole Year,Banana,3110,37818,12.16012862
Karnataka,CHAMARAJANAGAR,2003,Whole Year,Beans & Mutter(Vegetable),282,405,1.436170213
Karnataka,CHAMARAJANAGAR,2003,Whole Year,Brinjal,678,5290,7.802359882
Karnataka,CHAMARAJANAGAR,2003,Whole Year,Cardamom,14,1,0.071428571
Karnataka,CHAMARAJANAGAR,2003,Whole Year,Citrus Fruit,24,380,15.83333333
Karnataka,CHAMARAJANAGAR,2003,Whole Year,Coconut,7613,20334,2.670957573
Karnataka,CHAMARAJANAGAR,2003,Whole Year,Coriander,137,14,0.102189781
Karnataka,CHAMARAJANAGAR,2003,Whole Year,Dry chillies,498,311,0.624497992
Karnataka,CHAMARAJANAGAR,2003,Whole Year,Garlic,83,170,2.048192771
Karnataka,CHAMARAJANAGAR,2003,Whole Year,Grapes,22,645,29.31818182
Karnataka,CHAMARAJANAGAR,2003,Whole Year,Mango,236,945,4.004237288
Karnataka,CHAMARAJANAGAR,2003,Whole Year,Onion,2278,23520,10.32484636
Karnataka,CHAMARAJANAGAR,2003,Whole Year,Other Fresh Fruits,86,229,2.662790698
Karnataka,CHAMARAJANAGAR,2003,Whole Year,Pome Fruit,39,215,5.512820513
Karnataka,CHAMARAJANAGAR,2003,Whole Year,Potato,2,10,5
Karnataka,CHAMARAJANAGAR,2003,Whole Year,Sugarcane,7581,626570,82.65004617
Karnataka,CHAMARAJANAGAR,2003,Whole Year,Tobacco,97,55,0.567010309
Karnataka,CHAMARAJANAGAR,2003,Whole Year,Tomato,278,1718,6.179856115
Karnataka,CHAMARAJANAGAR,2003,Whole Year,Turmeric,3133,16091,5.135971912
Karnataka,CHAMARAJANAGAR,2004,Kharif,Arhar/Tur,1898,1067,0.562170706
Karnataka,CHAMARAJANAGAR,2004,Kharif,Bajra,619,499,0.806138934
Karnataka,CHAMARAJANAGAR,2004,Kharif,Castor seed,629,546,0.868044515
Karnataka,CHAMARAJANAGAR,2004,Kharif,Cotton(lint),14169,3485,0.245959489
Karnataka,CHAMARAJANAGAR,2004,Kharif,Groundnut,20464,21120,1.032056294
Karnataka,CHAMARAJANAGAR,2004,Kharif,Horse-gram,525,131,0.24952381
Karnataka,CHAMARAJANAGAR,2004,Kharif,Jowar,26890,32609,1.212681294
Karnataka,CHAMARAJANAGAR,2004,Kharif,Maize,17858,48481,2.714805689
Karnataka,CHAMARAJANAGAR,2004,Kharif,Moong(Green Gram),2786,910,0.326633166
Karnataka,CHAMARAJANAGAR,2004,Kharif,Niger seed,728,150,0.206043956
Karnataka,CHAMARAJANAGAR,2004,Kharif,Other Kharif pulses,4793,2156.85,0.45
Karnataka,CHAMARAJANAGAR,2004,Kharif,Ragi,21159,30615,1.446902028
Karnataka,CHAMARAJANAGAR,2004,Kharif,Rice,14425,48511.28,3.363000347
Karnataka,CHAMARAJANAGAR,2004,Kharif,Sesamum,1602,863,0.538701623
Karnataka,CHAMARAJANAGAR,2004,Kharif,Small millets,64,29,0.453125
Karnataka,CHAMARAJANAGAR,2004,Kharif,Sunflower,5437,2913,0.535773404
Karnataka,CHAMARAJANAGAR,2004,Kharif,Urad,3780,783,0.207142857
Karnataka,CHAMARAJANAGAR,2004,Rabi,Gram,2130,2028,0.952112676
Karnataka,CHAMARAJANAGAR,2004,Rabi,Groundnut,440,400,0.909090909
Karnataka,CHAMARAJANAGAR,2004,Rabi,Horse-gram,24663,9185,0.372420225
Karnataka,CHAMARAJANAGAR,2004,Rabi,Maize,1482,4334,2.924426451
Karnataka,CHAMARAJANAGAR,2004,Rabi,Moong(Green Gram),260,63,0.242307692
Karnataka,CHAMARAJANAGAR,2004,Rabi,Other  Rabi pulses,2684,317,0.118107303
Karnataka,CHAMARAJANAGAR,2004,Rabi,Ragi,546,914,1.673992674
Karnataka,CHAMARAJANAGAR,2004,Rabi,Rice,400,1349,3.3725
Karnataka,CHAMARAJANAGAR,2004,Rabi,Sunflower,249,224,0.899598394
Karnataka,CHAMARAJANAGAR,2004,Rabi,Urad,72,25,0.347222222
Karnataka,CHAMARAJANAGAR,2004,Summer,Jowar,287,228,0.794425087
Karnataka,CHAMARAJANAGAR,2004,Summer,Maize,779,1407,1.806161746
Karnataka,CHAMARAJANAGAR,2004,Summer,Ragi,505,804,1.592079208
Karnataka,CHAMARAJANAGAR,2004,Summer,Rice,1205,5391,4.473858921
Karnataka,CHAMARAJANAGAR,2004,Summer,Sunflower,189,123,0.650793651
Karnataka,CHAMARAJANAGAR,2004,Whole Year,Arecanut,309,219,0.708737864
Karnataka,CHAMARAJANAGAR,2004,Whole Year,Banana,1801,26037,14.45696835
Karnataka,CHAMARAJANAGAR,2004,Whole Year,Cardamom,10,1,0.1
Karnataka,CHAMARAJANAGAR,2004,Whole Year,Coconut,12161,328103.78,26.98
Karnataka,CHAMARAJANAGAR,2004,Whole Year,Coriander,118,12,0.101694915
Karnataka,CHAMARAJANAGAR,2004,Whole Year,Dry chillies,1018,666,0.654223969
Karnataka,CHAMARAJANAGAR,2004,Whole Year,Garlic,34,70,2.058823529
Karnataka,CHAMARAJANAGAR,2004,Whole Year,Onion,2547,28985,11.38005497
Karnataka,CHAMARAJANAGAR,2004,Whole Year,Potato,13,80,6.153846154
Karnataka,CHAMARAJANAGAR,2004,Whole Year,Tobacco,100,74,0.74
Karnataka,CHAMARAJANAGAR,2004,Whole Year,Turmeric,1417,6316,4.457304164
Karnataka,CHAMARAJANAGAR,2005,Kharif,Arhar/Tur,1850,1019,0.550810811
Karnataka,CHAMARAJANAGAR,2005,Kharif,Bajra,915,903,0.986885246
Karnataka,CHAMARAJANAGAR,2005,Kharif,Castor seed,854,888,1.039812646
Karnataka,CHAMARAJANAGAR,2005,Kharif,Dry chillies,754,548,0.726790451
Karnataka,CHAMARAJANAGAR,2005,Kharif,Groundnut,22830,19310,0.845816908
Karnataka,CHAMARAJANAGAR,2005,Kharif,Horse-gram,110,46,0.418181818
Karnataka,CHAMARAJANAGAR,2005,Kharif,Jowar,26104,13875,0.531527735
Karnataka,CHAMARAJANAGAR,2005,Kharif,Maize,21021,60392,2.872936587
Karnataka,CHAMARAJANAGAR,2005,Kharif,Moong(Green Gram),1882,710,0.377258236
Karnataka,CHAMARAJANAGAR,2005,Kharif,Niger seed,1185,244,0.205907173
Karnataka,CHAMARAJANAGAR,2005,Kharif,Onion,1817,17598,9.685195377
Karnataka,CHAMARAJANAGAR,2005,Kharif,Other Kharif pulses,5640,2631,0.466489362
Karnataka,CHAMARAJANAGAR,2005,Kharif,Peas & beans (Pulses),172,635,3.691860465
Karnataka,CHAMARAJANAGAR,2005,Kharif,Ragi,22081,29367,1.32996694
Karnataka,CHAMARAJANAGAR,2005,Kharif,Rice,15969,44252,2.771119043
Karnataka,CHAMARAJANAGAR,2005,Kharif,Sesamum,1279,1575,1.231430805
Karnataka,CHAMARAJANAGAR,2005,Kharif,Small millets,20,13,0.65
Karnataka,CHAMARAJANAGAR,2005,Kharif,Sunflower,6424,2331,0.362858032
Karnataka,CHAMARAJANAGAR,2005,Kharif,Urad,2246,653,0.290739092
Karnataka,CHAMARAJANAGAR,2005,Rabi,Dry chillies,65,52,0.8
Karnataka,CHAMARAJANAGAR,2005,Rabi,Gram,2326,1401,0.602321582
Karnataka,CHAMARAJANAGAR,2005,Rabi,Groundnut,104,92,0.884615385
Karnataka,CHAMARAJANAGAR,2005,Rabi,Horse-gram,23374,8549,0.365748267
Karnataka,CHAMARAJANAGAR,2005,Rabi,Jowar,100,61,0.61
Karnataka,CHAMARAJANAGAR,2005,Rabi,Maize,1604,3780,2.356608479
Karnataka,CHAMARAJANAGAR,2005,Rabi,Moong(Green Gram),155,46,0.296774194
Karnataka,CHAMARAJANAGAR,2005,Rabi,Onion,823,8532,10.36695018
Karnataka,CHAMARAJANAGAR,2005,Rabi,Other  Rabi pulses,2072,244,0.117760618
Karnataka,CHAMARAJANAGAR,2005,Rabi,Peas & beans (Pulses),59,124,2.101694915
Karnataka,CHAMARAJANAGAR,2005,Rabi,Ragi,514,1417,2.756809339
Karnataka,CHAMARAJANAGAR,2005,Rabi,Rice,503,1202,2.389662028
Karnataka,CHAMARAJANAGAR,2005,Rabi,Sunflower,170,152,0.894117647
Karnataka,CHAMARAJANAGAR,2005,Rabi,Urad,44,21,0.477272727
Karnataka,CHAMARAJANAGAR,2005,Summer,Dry chillies,460,1214,2.639130435
Karnataka,CHAMARAJANAGAR,2005,Summer,Jowar,230,218,0.947826087
Karnataka,CHAMARAJANAGAR,2005,Summer,Maize,833,2097,2.517406963
Karnataka,CHAMARAJANAGAR,2005,Summer,Onion,218,3389,15.54587156
Karnataka,CHAMARAJANAGAR,2005,Summer,Peas & beans (Pulses),34,172,5.058823529
Karnataka,CHAMARAJANAGAR,2005,Summer,Ragi,608,1030,1.694078947
Karnataka,CHAMARAJANAGAR,2005,Summer,Rice,1759,4679,2.66003411
Karnataka,CHAMARAJANAGAR,2005,Summer,Sunflower,223,173,0.775784753
Karnataka,CHAMARAJANAGAR,2005,Whole Year,Arecanut,311,1091,3.508038585
Karnataka,CHAMARAJANAGAR,2005,Whole Year,Banana,3044,45599,14.97996058
Karnataka,CHAMARAJANAGAR,2005,Whole Year,Cardamom,9,1,0.111111111
Karnataka,CHAMARAJANAGAR,2005,Whole Year,Coconut,12192,32565,2.67101378
Karnataka,CHAMARAJANAGAR,2005,Whole Year,Coriander,583,58,0.09948542
Karnataka,CHAMARAJANAGAR,2005,Whole Year,Cotton(lint),6842,3169,0.463168664
Karnataka,CHAMARAJANAGAR,2005,Whole Year,Dry ginger,2,26,13
Karnataka,CHAMARAJANAGAR,2005,Whole Year,Garlic,28,57,2.035714286
Karnataka,CHAMARAJANAGAR,2005,Whole Year,Sugarcane,6365,586535,92.15003928
Karnataka,CHAMARAJANAGAR,2005,Whole Year,Tobacco,180,114,0.633333333
Karnataka,CHAMARAJANAGAR,2005,Whole Year,Turmeric,3723,16761,4.502014504
Karnataka,CHAMARAJANAGAR,2006,Kharif,Arhar/Tur,1828,865,0.473194748
Karnataka,CHAMARAJANAGAR,2006,Kharif,Bajra,387,244,0.630490956
Karnataka,CHAMARAJANAGAR,2006,Kharif,Castor seed,1169,934,0.798973482
Karnataka,CHAMARAJANAGAR,2006,Kharif,Gram,4127,964,0.233583717
Karnataka,CHAMARAJANAGAR,2006,Kharif,Groundnut,12856,7233,0.562616677
Karnataka,CHAMARAJANAGAR,2006,Kharif,Jowar,20272,13678,0.674723757
Karnataka,CHAMARAJANAGAR,2006,Kharif,Maize,27075,68266,2.521366574
Karnataka,CHAMARAJANAGAR,2006,Kharif,Moong(Green Gram),2516,610,0.242448331
Karnataka,CHAMARAJANAGAR,2006,Kharif,Niger seed,1526,314,0.20576671
Karnataka,CHAMARAJANAGAR,2006,Kharif,Other Kharif pulses,6059,1788,0.295098201
Karnataka,CHAMARAJANAGAR,2006,Kharif,Ragi,17051,21483,1.259926104
Karnataka,CHAMARAJANAGAR,2006,Kharif,Rice,15124,43419,2.870867495
Karnataka,CHAMARAJANAGAR,2006,Kharif,Sesamum,1105,371,0.335746606
Karnataka,CHAMARAJANAGAR,2006,Kharif,Small millets,74,17,0.22972973
Karnataka,CHAMARAJANAGAR,2006,Kharif,Sunflower,15412,8045,0.521995847
Karnataka,CHAMARAJANAGAR,2006,Kharif,Urad,4127,964,0.233583717
Karnataka,CHAMARAJANAGAR,2006,Rabi,Gram,2858,1216,0.425472358
Karnataka,CHAMARAJANAGAR,2006,Rabi,Groundnut,92,70,0.760869565
Karnataka,CHAMARAJANAGAR,2006,Rabi,Horse-gram,19739,6563,0.332488981
Karnataka,CHAMARAJANAGAR,2006,Rabi,Maize,881,1971,2.23723042
Karnataka,CHAMARAJANAGAR,2006,Rabi,Moong(Green Gram),48,15,0.3125
Karnataka,CHAMARAJANAGAR,2006,Rabi,Other  Rabi pulses,1714,374,0.218203034
Karnataka,CHAMARAJANAGAR,2006,Rabi,Ragi,232,336,1.448275862
Karnataka,CHAMARAJANAGAR,2006,Rabi,Rice,140,355,2.535714286
Karnataka,CHAMARAJANAGAR,2006,Rabi,Sunflower,75,61,0.813333333
Karnataka,CHAMARAJANAGAR,2006,Rabi,Urad,66,35,0.53030303
Karnataka,CHAMARAJANAGAR,2006,Summer,Jowar,83,154,1.855421687
Karnataka,CHAMARAJANAGAR,2006,Summer,Maize,807,2456,3.043370508
Karnataka,CHAMARAJANAGAR,2006,Summer,Ragi,403,569,1.41191067
Karnataka,CHAMARAJANAGAR,2006,Summer,Rice,1016,2305,2.268700787
Karnataka,CHAMARAJANAGAR,2006,Summer,Sunflower,395,313,0.792405063
Karnataka,CHAMARAJANAGAR,2006,Whole Year,Arecanut,311,221,0.710610932
Karnataka,CHAMARAJANAGAR,2006,Whole Year,Banana,2395,27514,11.48810021
Karnataka,CHAMARAJANAGAR,2006,Whole Year,Cardamom,9,1,0.111111111
Karnataka,CHAMARAJANAGAR,2006,Whole Year,Coconut,11257,30068,2.671049125
Karnataka,CHAMARAJANAGAR,2006,Whole Year,Coriander,205,20,0.097560976
Karnataka,CHAMARAJANAGAR,2006,Whole Year,Cotton(lint),1511,731,0.483785572
Karnataka,CHAMARAJANAGAR,2006,Whole Year,Dry chillies,1399,1147,0.819871337
Karnataka,CHAMARAJANAGAR,2006,Whole Year,Dry ginger,6,78,13
Karnataka,CHAMARAJANAGAR,2006,Whole Year,Garlic,14,29,2.071428571
Karnataka,CHAMARAJANAGAR,2006,Whole Year,Onion,2425,21722,8.957525773
Karnataka,CHAMARAJANAGAR,2006,Whole Year,Potato,14,90,6.428571429
Karnataka,CHAMARAJANAGAR,2006,Whole Year,Sugarcane,8039,702609,87.40004976
Karnataka,CHAMARAJANAGAR,2006,Whole Year,Tobacco,131,58,0.442748092
Karnataka,CHAMARAJANAGAR,2006,Whole Year,Turmeric,5115,25861,5.055913978
Karnataka,CHAMARAJANAGAR,2007,Kharif,Arhar/Tur,1913,1103,0.576581286
Karnataka,CHAMARAJANAGAR,2007,Kharif,Bajra,782,967,1.23657289
Karnataka,CHAMARAJANAGAR,2007,Kharif,Castor seed,946,135,0.142706131
Karnataka,CHAMARAJANAGAR,2007,Kharif,Dry chillies,1190,1072,0.900840336
Karnataka,CHAMARAJANAGAR,2007,Kharif,Groundnut,11093,7091,0.639231948
Karnataka,CHAMARAJANAGAR,2007,Kharif,Horse-gram,501,103,0.205588822
Karnataka,CHAMARAJANAGAR,2007,Kharif,Jowar,18716,13987,0.747328489
Karnataka,CHAMARAJANAGAR,2007,Kharif,Maize,30951,75660,2.444509063
Karnataka,CHAMARAJANAGAR,2007,Kharif,Moong(Green Gram),1822,431,0.236553238
Karnataka,CHAMARAJANAGAR,2007,Kharif,Niger seed,608,189,0.310855263
Karnataka,CHAMARAJANAGAR,2007,Kharif,Onion,2628,34511,13.13203957
Karnataka,CHAMARAJANAGAR,2007,Kharif,Other Kharif pulses,5086,2545,0.500393236
Karnataka,CHAMARAJANAGAR,2007,Kharif,Potato,15,49,3.266666667
Karnataka,CHAMARAJANAGAR,2007,Kharif,Ragi,17971,15532,0.864281342
Karnataka,CHAMARAJANAGAR,2007,Kharif,Rice,16478,43550,2.64291783
Karnataka,CHAMARAJANAGAR,2007,Kharif,Sesamum,1715,753,0.439067055
Karnataka,CHAMARAJANAGAR,2007,Kharif,Small millets,36,12,0.333333333
Karnataka,CHAMARAJANAGAR,2007,Kharif,Sunflower,15261,4904,0.321341983
Karnataka,CHAMARAJANAGAR,2007,Kharif,Urad,2071,571,0.275712216
Karnataka,CHAMARAJANAGAR,2007,Rabi,Dry chillies,43,75,1.744186047
Karnataka,CHAMARAJANAGAR,2007,Rabi,Gram,3103,1206,0.388656139
Karnataka,CHAMARAJANAGAR,2007,Rabi,Groundnut,101,108,1.069306931
Karnataka,CHAMARAJANAGAR,2007,Rabi,Horse-gram,21125,11981,0.567147929
Karnataka,CHAMARAJANAGAR,2007,Rabi,Jowar,25,51,2.04
Karnataka,CHAMARAJANAGAR,2007,Rabi,Maize,1036,3075,2.968146718
Karnataka,CHAMARAJANAGAR,2007,Rabi,Moong(Green Gram),117,38,0.324786325
Karnataka,CHAMARAJANAGAR,2007,Rabi,Onion,594,4268,7.185185185
Karnataka,CHAMARAJANAGAR,2007,Rabi,Other  Rabi pulses,1803,515,0.285635053
Karnataka,CHAMARAJANAGAR,2007,Rabi,Ragi,690,1102,1.597101449
Karnataka,CHAMARAJANAGAR,2007,Rabi,Rice,130,330,2.538461538
Karnataka,CHAMARAJANAGAR,2007,Rabi,Sunflower,368,305,0.828804348
Karnataka,CHAMARAJANAGAR,2007,Rabi,Urad,166,64,0.385542169
Karnataka,CHAMARAJANAGAR,2007,Rabi,Wheat,1,1,1
Karnataka,CHAMARAJANAGAR,2007,Summer,Dry chillies,20,58,2.9
Karnataka,CHAMARAJANAGAR,2007,Summer,Jowar,137,269,1.96350365
Karnataka,CHAMARAJANAGAR,2007,Summer,Maize,4042,14173,3.506432459
Karnataka,CHAMARAJANAGAR,2007,Summer,Onion,212,1791,8.448113208
Karnataka,CHAMARAJANAGAR,2007,Summer,Ragi,350,603,1.722857143
Karnataka,CHAMARAJANAGAR,2007,Summer,Rice,3093,7475,2.416747494
Karnataka,CHAMARAJANAGAR,2007,Summer,Sunflower,871,890,1.021814007
Karnataka,CHAMARAJANAGAR,2007,Whole Year,Arecanut,317,1112,3.507886435
Karnataka,CHAMARAJANAGAR,2007,Whole Year,Banana,7087,125334,17.68505715
Karnataka,CHAMARAJANAGAR,2007,Whole Year,Black pepper,2,6,3
Karnataka,CHAMARAJANAGAR,2007,Whole Year,Cardamom,1,,
Karnataka,CHAMARAJANAGAR,2007,Whole Year,Coconut,11361,57665,5.075697562
Karnataka,CHAMARAJANAGAR,2007,Whole Year,Coriander,157,50,0.318471338
Karnataka,CHAMARAJANAGAR,2007,Whole Year,Cotton(lint),2248,1772,0.788256228
Karnataka,CHAMARAJANAGAR,2007,Whole Year,Dry ginger,1,21,21
Karnataka,CHAMARAJANAGAR,2007,Whole Year,Garlic,73,75,1.02739726
Karnataka,CHAMARAJANAGAR,2007,Whole Year,Sugarcane,8465,804175,95
Karnataka,CHAMARAJANAGAR,2007,Whole Year,Tobacco,122,52,0.426229508
Karnataka,CHAMARAJANAGAR,2007,Whole Year,Turmeric,8698,63965,7.353989423
Karnataka,CHAMARAJANAGAR,2008,Kharif,Arhar/Tur,2349,1196,0.509152831
Karnataka,CHAMARAJANAGAR,2008,Kharif,Bajra,479,341,0.711899791
Karnataka,CHAMARAJANAGAR,2008,Kharif,Castor seed,1272,2756,2.166666667
Karnataka,CHAMARAJANAGAR,2008,Kharif,Dry chillies,643,597,0.928460342
Karnataka,CHAMARAJANAGAR,2008,Kharif,Groundnut,16393,9578,0.584273775
Karnataka,CHAMARAJANAGAR,2008,Kharif,Horse-gram,2127,725,0.340855665
Karnataka,CHAMARAJANAGAR,2008,Kharif,Jowar,17699,9579,0.541217018
Karnataka,CHAMARAJANAGAR,2008,Kharif,Maize,35549,91273,2.567526513
Karnataka,CHAMARAJANAGAR,2008,Kharif,Moong(Green Gram),1569,495,0.315487572
Karnataka,CHAMARAJANAGAR,2008,Kharif,Niger seed,833,349,0.418967587
Karnataka,CHAMARAJANAGAR,2008,Kharif,Onion,2107,21830,10.36070242
Karnataka,CHAMARAJANAGAR,2008,Kharif,Other Kharif pulses,6884,3672,0.533410808
Karnataka,CHAMARAJANAGAR,2008,Kharif,Potato,45,85,1.888888889
Karnataka,CHAMARAJANAGAR,2008,Kharif,Ragi,19005,21709,1.142278348
Karnataka,CHAMARAJANAGAR,2008,Kharif,Rice,15768,44789,2.840499746
Karnataka,CHAMARAJANAGAR,2008,Kharif,Sesamum,2342,817,0.348847139
Karnataka,CHAMARAJANAGAR,2008,Kharif,Soyabean,1,1,1
Karnataka,CHAMARAJANAGAR,2008,Kharif,Sunflower,16427,10840,0.659889207
Karnataka,CHAMARAJANAGAR,2008,Kharif,Urad,2029,767,0.378018728
Karnataka,CHAMARAJANAGAR,2008,Rabi,Dry chillies,81,137,1.691358025
Karnataka,CHAMARAJANAGAR,2008,Rabi,Gram,3501,2055,0.58697515
Karnataka,CHAMARAJANAGAR,2008,Rabi,Groundnut,55,34,0.618181818
Karnataka,CHAMARAJANAGAR,2008,Rabi,Horse-gram,19014,7225,0.37998317
Karnataka,CHAMARAJANAGAR,2008,Rabi,Jowar,50,62,1.24
Karnataka,CHAMARAJANAGAR,2008,Rabi,Maize,1462,5325,3.642270862
Karnataka,CHAMARAJANAGAR,2008,Rabi,Moong(Green Gram),72,18,0.25
Karnataka,CHAMARAJANAGAR,2008,Rabi,Onion,784,6424,8.193877551
Karnataka,CHAMARAJANAGAR,2008,Rabi,Other  Rabi pulses,726,178,0.245179063
Karnataka,CHAMARAJANAGAR,2008,Rabi,Ragi,660,823,1.246969697
Karnataka,CHAMARAJANAGAR,2008,Rabi,Rice,126,398,3.158730159
Karnataka,CHAMARAJANAGAR,2008,Rabi,Sunflower,240,155,0.645833333
Karnataka,CHAMARAJANAGAR,2008,Rabi,Urad,52,23,0.442307692
Karnataka,CHAMARAJANAGAR,2008,Summer,Dry chillies,22,72,3.272727273
Karnataka,CHAMARAJANAGAR,2008,Summer,Jowar,173,394,2.277456647
Karnataka,CHAMARAJANAGAR,2008,Summer,Maize,4420,17061,3.859954751
Karnataka,CHAMARAJANAGAR,2008,Summer,Onion,331,1805,5.453172205
Karnataka,CHAMARAJANAGAR,2008,Summer,Ragi,612,1398,2.284313725
Karnataka,CHAMARAJANAGAR,2008,Summer,Rice,3400,10372,3.050588235
Karnataka,CHAMARAJANAGAR,2008,Summer,Sunflower,199,159,0.798994975
Karnataka,CHAMARAJANAGAR,2008,Whole Year,Arecanut,317,1112,3.507886435
Karnataka,CHAMARAJANAGAR,2008,Whole Year,Banana,8367,197277,23.57798494
Karnataka,CHAMARAJANAGAR,2008,Whole Year,Black pepper,8,34,4.25
Karnataka,CHAMARAJANAGAR,2008,Whole Year,Cardamom,1,,
Karnataka,CHAMARAJANAGAR,2008,Whole Year,Cashewnut,56,34.43,0.614821429
Karnataka,CHAMARAJANAGAR,2008,Whole Year,Coconut,11360,67242,5.919190141
Karnataka,CHAMARAJANAGAR,2008,Whole Year,Coriander,238,128,0.537815126
Karnataka,CHAMARAJANAGAR,2008,Whole Year,Cotton(lint),443,423,0.954853273
Karnataka,CHAMARAJANAGAR,2008,Whole Year,Dry ginger,37,1179,31.86486486
Karnataka,CHAMARAJANAGAR,2008,Whole Year,Garlic,157,1145,7.292993631
Karnataka,CHAMARAJANAGAR,2008,Whole Year,Sugarcane,8665,716162,82.64997115
Karnataka,CHAMARAJANAGAR,2008,Whole Year,Tobacco,161,82,0.50931677
Karnataka,CHAMARAJANAGAR,2008,Whole Year,Turmeric,7828,35594,4.547010731
Karnataka,CHAMARAJANAGAR,2009,Kharif,Arhar/Tur,1949,1494,0.766546947
Karnataka,CHAMARAJANAGAR,2009,Kharif,Bajra,543,302,0.556169429
Karnataka,CHAMARAJANAGAR,2009,Kharif,Castor seed,599,461,0.769616027
Karnataka,CHAMARAJANAGAR,2009,Kharif,Gram,1278,534,0.417840376
Karnataka,CHAMARAJANAGAR,2009,Kharif,Groundnut,16866,9341,0.55383612
Karnataka,CHAMARAJANAGAR,2009,Kharif,Horse-gram,1278,534,0.417840376
Karnataka,CHAMARAJANAGAR,2009,Kharif,Jowar,19068,9771,0.512429201
Karnataka,CHAMARAJANAGAR,2009,Kharif,Maize,35831,77685,2.168094667
Karnataka,CHAMARAJANAGAR,2009,Kharif,Moong(Green Gram),1905,1397,0.733333333
Karnataka,CHAMARAJANAGAR,2009,Kharif,Niger seed,861,361,0.419279907
Karnataka,CHAMARAJANAGAR,2009,Kharif,Onion,2314,19903,8.601123596
Karnataka,CHAMARAJANAGAR,2009,Kharif,Other Kharif pulses,5974,4410,0.738198862
Karnataka,CHAMARAJANAGAR,2009,Kharif,Potato,21,130,6.19047619
Karnataka,CHAMARAJANAGAR,2009,Kharif,Ragi,16847,22129,1.313527631
Karnataka,CHAMARAJANAGAR,2009,Kharif,Rice,16480,43523.68,2.641
Karnataka,CHAMARAJANAGAR,2009,Kharif,Sesamum,2141,624,0.291452592
Karnataka,CHAMARAJANAGAR,2009,Kharif,Small millets,207,82,0.396135266
Karnataka,CHAMARAJANAGAR,2009,Kharif,Sunflower,16034,3346,0.208681552
Karnataka,CHAMARAJANAGAR,2009,Kharif,Urad,3464,2244,0.647806005
Karnataka,CHAMARAJANAGAR,2009,Rabi,Dry chillies,83,247,2.975903614
Karnataka,CHAMARAJANAGAR,2009,Rabi,Gram,18463,10822,0.586145263
Karnataka,CHAMARAJANAGAR,2009,Rabi,Groundnut,21,14,0.666666667
Karnataka,CHAMARAJANAGAR,2009,Rabi,Horse-gram,18463,10822,0.586145263
Karnataka,CHAMARAJANAGAR,2009,Rabi,Jowar,41,65,1.585365854
Karnataka,CHAMARAJANAGAR,2009,Rabi,Maize,1203,2916,2.42394015
Karnataka,CHAMARAJANAGAR,2009,Rabi,Moong(Green Gram),41,11,0.268292683
Karnataka,CHAMARAJANAGAR,2009,Rabi,Onion,733,7743,10.56343793
Karnataka,CHAMARAJANAGAR,2009,Rabi,Other  Rabi pulses,1319,344,0.260803639
Karnataka,CHAMARAJANAGAR,2009,Rabi,Ragi,611,972,1.590834697
Karnataka,CHAMARAJANAGAR,2009,Rabi,Rice,132,392,2.96969697
Karnataka,CHAMARAJANAGAR,2009,Rabi,Sunflower,124,49,0.39516129
Karnataka,CHAMARAJANAGAR,2009,Rabi,Urad,64,25,0.390625
Karnataka,CHAMARAJANAGAR,2009,Summer,Dry chillies,56,258,4.607142857
Karnataka,CHAMARAJANAGAR,2009,Summer,Jowar,160,236,1.475
Karnataka,CHAMARAJANAGAR,2009,Summer,Maize,865,2331,2.694797688
Karnataka,CHAMARAJANAGAR,2009,Summer,Onion,285,3089,10.83859649
Karnataka,CHAMARAJANAGAR,2009,Summer,Ragi,344,356,1.034883721
Karnataka,CHAMARAJANAGAR,2009,Summer,Rice,502,1754,3.494023904
Karnataka,CHAMARAJANAGAR,2009,Summer,Sunflower,23,20,0.869565217
Karnataka,CHAMARAJANAGAR,2009,Whole Year,Arecanut,331,1161,3.50755287
Karnataka,CHAMARAJANAGAR,2009,Whole Year,Banana,7976,267108,33.4889669
Karnataka,CHAMARAJANAGAR,2009,Whole Year,Black pepper,24,89,3.708333333
Karnataka,CHAMARAJANAGAR,2009,Whole Year,Cashewnut,56,42,0.75
Karnataka,CHAMARAJANAGAR,2009,Whole Year,Coconut,11365,80807,7.11016278
Karnataka,CHAMARAJANAGAR,2009,Whole Year,Coriander,328,161,0.490853659
Karnataka,CHAMARAJANAGAR,2009,Whole Year,Cotton(lint),754,683,0.905835544
Karnataka,CHAMARAJANAGAR,2009,Whole Year,Dry ginger,58,1827,31.5
Karnataka,CHAMARAJANAGAR,2009,Whole Year,Garlic,73,518,7.095890411
Karnataka,CHAMARAJANAGAR,2009,Whole Year,Sugarcane,8511,719605,84.54999413
Karnataka,CHAMARAJANAGAR,2009,Whole Year,Tapioca,2,19,9.5
Karnataka,CHAMARAJANAGAR,2009,Whole Year,Tobacco,154,119,0.772727273
Karnataka,CHAMARAJANAGAR,2009,Whole Year,Turmeric,9671,46730,4.831971875
Karnataka,CHAMARAJANAGAR,2010,Kharif,Arhar/Tur,1292,676,0.523219814
Karnataka,CHAMARAJANAGAR,2010,Kharif,Bajra,305,299,0.980327869
Karnataka,CHAMARAJANAGAR,2010,Kharif,Castor seed,407,280,0.687960688
Karnataka,CHAMARAJANAGAR,2010,Kharif,Cotton(lint),2593,2531,0.976089472
Karnataka,CHAMARAJANAGAR,2010,Kharif,Cowpea(Lobia),2486,966,0.388576026
Karnataka,CHAMARAJANAGAR,2010,Kharif,Dry chillies,670,552,0.823880597
Karnataka,CHAMARAJANAGAR,2010,Kharif,Groundnut,13365,8291,0.620351665
Karnataka,CHAMARAJANAGAR,2010,Kharif,Horse-gram,338,160,0.473372781
Karnataka,CHAMARAJANAGAR,2010,Kharif,Jowar,20625,16831,0.816048485
Karnataka,CHAMARAJANAGAR,2010,Kharif,Maize,30760,94393,3.068693108
Karnataka,CHAMARAJANAGAR,2010,Kharif,Moong(Green Gram),2242,941,0.419714541
Karnataka,CHAMARAJANAGAR,2010,Kharif,Niger seed,838,306,0.365155131
Karnataka,CHAMARAJANAGAR,2010,Kharif,Onion,2310,27903,12.07922078
Karnataka,CHAMARAJANAGAR,2010,Kharif,Other Kharif pulses,2691,3132,1.163879599
Karnataka,CHAMARAJANAGAR,2010,Kharif,Peas & beans (Pulses),624,5628,9.019230769
Karnataka,CHAMARAJANAGAR,2010,Kharif,Potato,1120,8508,7.596428571
Karnataka,CHAMARAJANAGAR,2010,Kharif,Ragi,17749,22259,1.254098822
Karnataka,CHAMARAJANAGAR,2010,Kharif,Rice,16244,46851,2.884203398
Karnataka,CHAMARAJANAGAR,2010,Kharif,Sesamum,2965,899,0.303204047
Karnataka,CHAMARAJANAGAR,2010,Kharif,Small millets,151,54,0.357615894
Karnataka,CHAMARAJANAGAR,2010,Kharif,Sunflower,12268,5234,0.426638409
Karnataka,CHAMARAJANAGAR,2010,Kharif,Urad,4246,2279,0.536740462
Karnataka,CHAMARAJANAGAR,2010,Rabi,Cotton(lint),45,98,2.177777778
Karnataka,CHAMARAJANAGAR,2010,Rabi,Cowpea(Lobia),390,103,0.264102564
Karnataka,CHAMARAJANAGAR,2010,Rabi,Dry chillies,35,95,2.714285714
Karnataka,CHAMARAJANAGAR,2010,Rabi,Gram,3123,1711,0.547870637
Karnataka,CHAMARAJANAGAR,2010,Rabi,Groundnut,35,31,0.885714286
Karnataka,CHAMARAJANAGAR,2010,Rabi,Horse-gram,25285,15565,0.615582361
Karnataka,CHAMARAJANAGAR,2010,Rabi,Maize,915,3640,3.978142077
Karnataka,CHAMARAJANAGAR,2010,Rabi,Moong(Green Gram),95,25,0.263157895
Karnataka,CHAMARAJANAGAR,2010,Rabi,Onion,636,6398,10.05974843
Karnataka,CHAMARAJANAGAR,2010,Rabi,Other  Rabi pulses,1265,369,0.291699605
Karnataka,CHAMARAJANAGAR,2010,Rabi,Peas & beans (Pulses),212,1790,8.443396226
Karnataka,CHAMARAJANAGAR,2010,Rabi,Ragi,228,213,0.934210526
Karnataka,CHAMARAJANAGAR,2010,Rabi,Rice,73,206,2.821917808
Karnataka,CHAMARAJANAGAR,2010,Rabi,Sunflower,28,24,0.857142857
Karnataka,CHAMARAJANAGAR,2010,Rabi,Urad,209,98,0.468899522
Karnataka,CHAMARAJANAGAR,2010,Summer,Dry chillies,25,76,3.04
Karnataka,CHAMARAJANAGAR,2010,Summer,Maize,1016,4537,4.465551181
Karnataka,CHAMARAJANAGAR,2010,Summer,Onion,222,2362,10.63963964
Karnataka,CHAMARAJANAGAR,2010,Summer,Peas & beans (Pulses),128,976,7.625
Karnataka,CHAMARAJANAGAR,2010,Summer,Ragi,463,731,1.578833693
Karnataka,CHAMARAJANAGAR,2010,Summer,Rice,2126,6635,3.12088429
Karnataka,CHAMARAJANAGAR,2010,Summer,Sunflower,75,76,1.013333333
Karnataka,CHAMARAJANAGAR,2010,Whole Year,Arecanut,332,3590,10.81325301
Karnataka,CHAMARAJANAGAR,2010,Whole Year,Banana,8305,298831,35.982059
Karnataka,CHAMARAJANAGAR,2010,Whole Year,Black pepper,23,13.9,0.604347826
Karnataka,CHAMARAJANAGAR,2010,Whole Year,Cardamom,1,,
Karnataka,CHAMARAJANAGAR,2010,Whole Year,Cashewnut,56,41,0.732142857
Karnataka,CHAMARAJANAGAR,2010,Whole Year,Coconut,11377,108409,9.528786147
Karnataka,CHAMARAJANAGAR,2010,Whole Year,Coriander,248,93,0.375
Karnataka,CHAMARAJANAGAR,2010,Whole Year,Dry ginger,43,155.6,3.618604651
Karnataka,CHAMARAJANAGAR,2010,Whole Year,Garlic,72,93,1.291666667
Karnataka,CHAMARAJANAGAR,2010,Whole Year,Sugarcane,6422,671099,104.5
Karnataka,CHAMARAJANAGAR,2010,Whole Year,Tobacco,154,168,1.090909091
Karnataka,CHAMARAJANAGAR,2010,Whole Year,Turmeric,7071,34506,4.879932117
Karnataka,CHAMARAJANAGAR,2011,Kharif,Arhar/Tur,1371,598,0.436177972
Karnataka,CHAMARAJANAGAR,2011,Kharif,Bajra,258,214,0.829457364
Karnataka,CHAMARAJANAGAR,2011,Kharif,Castor seed,508,160,0.31496063
Karnataka,CHAMARAJANAGAR,2011,Kharif,Cotton(lint),6522,10277,1.575743637
Karnataka,CHAMARAJANAGAR,2011,Kharif,Cowpea(Lobia),2879,1058,0.367488711
Karnataka,CHAMARAJANAGAR,2011,Kharif,Dry chillies,549,443,0.806921676
Karnataka,CHAMARAJANAGAR,2011,Kharif,Groundnut,18632,10496,0.563331902
Karnataka,CHAMARAJANAGAR,2011,Kharif,Horse-gram,70,48,0.685714286
Karnataka,CHAMARAJANAGAR,2011,Kharif,Jowar,17847,10829,0.606768645
Karnataka,CHAMARAJANAGAR,2011,Kharif,Maize,35369,77499,2.191156097
Karnataka,CHAMARAJANAGAR,2011,Kharif,Moong(Green Gram),1970,831,0.421827411
Karnataka,CHAMARAJANAGAR,2011,Kharif,Niger seed,1330,357,0.268421053
Karnataka,CHAMARAJANAGAR,2011,Kharif,Onion,2591,19640,7.580084909
Karnataka,CHAMARAJANAGAR,2011,Kharif,Other Kharif pulses,2975,5254,1.76605042
Karnataka,CHAMARAJANAGAR,2011,Kharif,Peas & beans (Pulses),365,2878,7.884931507
Karnataka,CHAMARAJANAGAR,2011,Kharif,Potato,266,791,2.973684211
Karnataka,CHAMARAJANAGAR,2011,Kharif,Ragi,16470,19499,1.18391014
Karnataka,CHAMARAJANAGAR,2011,Kharif,Rice,14443,43509,3.012462785
Karnataka,CHAMARAJANAGAR,2011,Kharif,Sesamum,1951,895,0.458739108
Karnataka,CHAMARAJANAGAR,2011,Kharif,Sunflower,9315,4488,0.481803543
Karnataka,CHAMARAJANAGAR,2011,Kharif,Urad,3820,2058,0.538743455
Karnataka,CHAMARAJANAGAR,2011,Rabi,Cotton(lint),60,113,1.883333333
Karnataka,CHAMARAJANAGAR,2011,Rabi,Cowpea(Lobia),279,98,0.35125448
Karnataka,CHAMARAJANAGAR,2011,Rabi,Dry chillies,32,75,2.34375
Karnataka,CHAMARAJANAGAR,2011,Rabi,Gram,3047,1719,0.56416147
Karnataka,CHAMARAJANAGAR,2011,Rabi,Groundnut,16,13,0.8125
Karnataka,CHAMARAJANAGAR,2011,Rabi,Horse-gram,13822,9205,0.665967299
Karnataka,CHAMARAJANAGAR,2011,Rabi,Maize,1256,3737,2.975318471
Karnataka,CHAMARAJANAGAR,2011,Rabi,Moong(Green Gram),81,27,0.333333333
Karnataka,CHAMARAJANAGAR,2011,Rabi,Onion,851,7459,8.764982374
Karnataka,CHAMARAJANAGAR,2011,Rabi,Other  Rabi pulses,420,156,0.371428571
Karnataka,CHAMARAJANAGAR,2011,Rabi,Peas & beans (Pulses),61,509,8.344262295
Karnataka,CHAMARAJANAGAR,2011,Rabi,Potato,2,24,12
Karnataka,CHAMARAJANAGAR,2011,Rabi,Ragi,419,717,1.711217184
Karnataka,CHAMARAJANAGAR,2011,Rabi,Rapeseed &Mustard,6,2,0.333333333
Karnataka,CHAMARAJANAGAR,2011,Rabi,Rice,489,1693,3.462167689
Karnataka,CHAMARAJANAGAR,2011,Rabi,Sunflower,15,11,0.733333333
Karnataka,CHAMARAJANAGAR,2011,Rabi,Urad,100,51,0.51
Karnataka,CHAMARAJANAGAR,2011,Summer,Dry chillies,23,81,3.52173913
Karnataka,CHAMARAJANAGAR,2011,Summer,Maize,2082,10307,4.950528338
Karnataka,CHAMARAJANAGAR,2011,Summer,Onion,109,671,6.155963303
Karnataka,CHAMARAJANAGAR,2011,Summer,Peas & beans (Pulses),102,792,7.764705882
Karnataka,CHAMARAJANAGAR,2011,Summer,Ragi,141,412,2.921985816
Karnataka,CHAMARAJANAGAR,2011,Summer,Rice,509,1565,3.074656189
Karnataka,CHAMARAJANAGAR,2011,Summer,Sunflower,38,39,1.026315789
Karnataka,CHAMARAJANAGAR,2011,Whole Year,Arecanut,332,2689,8.09939759
Karnataka,CHAMARAJANAGAR,2011,Whole Year,Banana,10261,373090,36.3600039
Karnataka,CHAMARAJANAGAR,2011,Whole Year,Black pepper,28,7.9,0.282142857
Karnataka,CHAMARAJANAGAR,2011,Whole Year,Cashewnut,56,45,0.803571429
Karnataka,CHAMARAJANAGAR,2011,Whole Year,Coconut,11381,89180,7.835866796
Karnataka,CHAMARAJANAGAR,2011,Whole Year,Coriander,478,194,0.405857741
Karnataka,CHAMARAJANAGAR,2011,Whole Year,Dry ginger,55,175,3.181818182
Karnataka,CHAMARAJANAGAR,2011,Whole Year,Garlic,80,100,1.25
Karnataka,CHAMARAJANAGAR,2011,Whole Year,Sugarcane,8513,1067530,125.3999765
Karnataka,CHAMARAJANAGAR,2011,Whole Year,Tobacco,94,86,0.914893617
Karnataka,CHAMARAJANAGAR,2011,Whole Year,Turmeric,11387,61160,5.371037148
Karnataka,CHAMARAJANAGAR,2012,Kharif,Arhar/Tur,917,883,0.962922574
Karnataka,CHAMARAJANAGAR,2012,Kharif,Bajra,640,1260,1.96875
Karnataka,CHAMARAJANAGAR,2012,Kharif,Castor seed,298,79,0.265100671
Karnataka,CHAMARAJANAGAR,2012,Kharif,Cotton(lint),7319,6298,0.860500068
Karnataka,CHAMARAJANAGAR,2012,Kharif,Cowpea(Lobia),3614,323,0.089374654
Karnataka,CHAMARAJANAGAR,2012,Kharif,Dry chillies,338,310,0.917159763
Karnataka,CHAMARAJANAGAR,2012,Kharif,Groundnut,6868,3419,0.497815958
Karnataka,CHAMARAJANAGAR,2012,Kharif,Horse-gram,61,20,0.327868852
Karnataka,CHAMARAJANAGAR,2012,Kharif,Jowar,21351,8742,0.409442181
Karnataka,CHAMARAJANAGAR,2012,Kharif,Maize,25377,79436,3.130236041
Karnataka,CHAMARAJANAGAR,2012,Kharif,Moong(Green Gram),5719,945,0.165238678
Karnataka,CHAMARAJANAGAR,2012,Kharif,Niger seed,78,21,0.269230769
Karnataka,CHAMARAJANAGAR,2012,Kharif,Onion,1756,18450,10.50683371
Karnataka,CHAMARAJANAGAR,2012,Kharif,Other Kharif pulses,898,573,0.638084633
Karnataka,CHAMARAJANAGAR,2012,Kharif,Potato,302,2806,9.291390728
Karnataka,CHAMARAJANAGAR,2012,Kharif,Ragi,8117,10395,1.280645559
Karnataka,CHAMARAJANAGAR,2012,Kharif,Rice,6871,23401,3.405763353
Karnataka,CHAMARAJANAGAR,2012,Kharif,Sesamum,2314,523,0.226015557
Karnataka,CHAMARAJANAGAR,2012,Kharif,Sunflower,8933,1061,0.118773089
Karnataka,CHAMARAJANAGAR,2012,Kharif,Urad,8540,1517,0.17763466
Karnataka,CHAMARAJANAGAR,2012,Rabi,Cowpea(Lobia),930,310,0.333333333
Karnataka,CHAMARAJANAGAR,2012,Rabi,Dry chillies,52,142,2.730769231
Karnataka,CHAMARAJANAGAR,2012,Rabi,Gram,9618,2750,0.285922229
Karnataka,CHAMARAJANAGAR,2012,Rabi,Horse-gram,39632,18825,0.474994954
Karnataka,CHAMARAJANAGAR,2012,Rabi,Maize,8274,32212,3.893159294
Karnataka,CHAMARAJANAGAR,2012,Rabi,Moong(Green Gram),59,14,0.237288136
Karnataka,CHAMARAJANAGAR,2012,Rabi,Onion,763,7180,9.410222805
Karnataka,CHAMARAJANAGAR,2012,Rabi,Other  Rabi pulses,1379,655,0.474981871
Karnataka,CHAMARAJANAGAR,2012,Rabi,Potato,35,594,16.97142857
Karnataka,CHAMARAJANAGAR,2012,Rabi,Ragi,4861,9707,1.996914215
Karnataka,CHAMARAJANAGAR,2012,Rabi,Rice,5933,20646,3.479858419
Karnataka,CHAMARAJANAGAR,2012,Rabi,Sunflower,598,297,0.496655518
Karnataka,CHAMARAJANAGAR,2012,Rabi,Urad,49,25,0.510204082
Karnataka,CHAMARAJANAGAR,2012,Summer,Cotton(lint),55,152,2.763636364
Karnataka,CHAMARAJANAGAR,2012,Summer,Dry chillies,20,57,2.85
Karnataka,CHAMARAJANAGAR,2012,Summer,Groundnut,15,12,0.8
Karnataka,CHAMARAJANAGAR,2012,Summer,Maize,1336,6173,4.620508982
Karnataka,CHAMARAJANAGAR,2012,Summer,Onion,98,556,5.673469388
Karnataka,CHAMARAJANAGAR,2012,Summer,Ragi,267,689,2.580524345
Karnataka,CHAMARAJANAGAR,2012,Summer,Rice,260,1220,4.692307692
Karnataka,CHAMARAJANAGAR,2012,Summer,Sunflower,66,66,1
Karnataka,CHAMARAJANAGAR,2012,Whole Year,Arecanut,332,2665,8.027108434
Karnataka,CHAMARAJANAGAR,2012,Whole Year,Black pepper,28,79,2.821428571
Karnataka,CHAMARAJANAGAR,2012,Whole Year,Cashewnut,56,45,0.803571429
Karnataka,CHAMARAJANAGAR,2012,Whole Year,Coconut,11381,89180,7.835866796
Karnataka,CHAMARAJANAGAR,2012,Whole Year,Coriander,134,53,0.395522388
Karnataka,CHAMARAJANAGAR,2012,Whole Year,Dry ginger,85,2708,31.85882353
Karnataka,CHAMARAJANAGAR,2012,Whole Year,Garlic,80,104,1.3
Karnataka,CHAMARAJANAGAR,2012,Whole Year,Sannhamp,97,24,0.24742268
Karnataka,CHAMARAJANAGAR,2012,Whole Year,Sugarcane,7548,559307,74.1000265
Karnataka,CHAMARAJANAGAR,2012,Whole Year,Tobacco,10,6,0.6
Karnataka,CHAMARAJANAGAR,2012,Whole Year,Turmeric,9327,49004,5.253993781
Karnataka,CHAMARAJANAGAR,2013,Kharif,Arhar/Tur,1124,366,0.325622776
Karnataka,CHAMARAJANAGAR,2013,Kharif,Bajra,915,1409,1.53989071
Karnataka,CHAMARAJANAGAR,2013,Kharif,Castor seed,542,132,0.243542435
Karnataka,CHAMARAJANAGAR,2013,Kharif,Cotton(lint),10166,30108,2.961636829
Karnataka,CHAMARAJANAGAR,2013,Kharif,Cowpea(Lobia),2862,1063,0.371418588
Karnataka,CHAMARAJANAGAR,2013,Kharif,Dry chillies,372,412,1.107526882
Karnataka,CHAMARAJANAGAR,2013,Kharif,Groundnut,15510,13821,0.891102515
Karnataka,CHAMARAJANAGAR,2013,Kharif,Horse-gram,389,210,0.539845758
Karnataka,CHAMARAJANAGAR,2013,Kharif,Jowar,13302,10716,0.805593144
Karnataka,CHAMARAJANAGAR,2013,Kharif,Maize,36353,133030,3.659395373
Karnataka,CHAMARAJANAGAR,2013,Kharif,Moong(Green Gram),2847,1079,0.378995434
Karnataka,CHAMARAJANAGAR,2013,Kharif,Niger seed,431,94,0.218097448
Karnataka,CHAMARAJANAGAR,2013,Kharif,Onion,1683,11133,6.614973262
Karnataka,CHAMARAJANAGAR,2013,Kharif,Other Kharif pulses,2684,1948,0.725782414
Karnataka,CHAMARAJANAGAR,2013,Kharif,Potato,271,1783,6.579335793
Karnataka,CHAMARAJANAGAR,2013,Kharif,Ragi,13801,22997,1.666328527
Karnataka,CHAMARAJANAGAR,2013,Kharif,Rice,15001,55778,3.718285448
Karnataka,CHAMARAJANAGAR,2013,Kharif,Sesamum,1929,737,0.382063245
Karnataka,CHAMARAJANAGAR,2013,Kharif,Small millets,45,22,0.488888889
Karnataka,CHAMARAJANAGAR,2013,Kharif,Sunflower,7620,3960,0.519685039
Karnataka,CHAMARAJANAGAR,2013,Kharif,Urad,4524,1878,0.415119363
Karnataka,CHAMARAJANAGAR,2013,Rabi,Cowpea(Lobia),154,49,0.318181818
Karnataka,CHAMARAJANAGAR,2013,Rabi,Dry chillies,102,193,1.892156863
Karnataka,CHAMARAJANAGAR,2013,Rabi,Gram,3426,1911,0.557793345
Karnataka,CHAMARAJANAGAR,2013,Rabi,Horse-gram,17704,10344,0.58427474
Karnataka,CHAMARAJANAGAR,2013,Rabi,Maize,1458,4165,2.856652949
Karnataka,CHAMARAJANAGAR,2013,Rabi,Moong(Green Gram),7,2,0.285714286
Karnataka,CHAMARAJANAGAR,2013,Rabi,Onion,921,10661,11.57546145
Karnataka,CHAMARAJANAGAR,2013,Rabi,Other  Rabi pulses,411,189,0.459854015
Karnataka,CHAMARAJANAGAR,2013,Rabi,Potato,61,928,15.21311475
Karnataka,CHAMARAJANAGAR,2013,Rabi,Ragi,281,530,1.886120996
Karnataka,CHAMARAJANAGAR,2013,Rabi,Rice,26,65,2.5
Karnataka,CHAMARAJANAGAR,2013,Rabi,Sunflower,56,33,0.589285714
Karnataka,CHAMARAJANAGAR,2013,Rabi,Urad,56,32,0.571428571
Karnataka,CHAMARAJANAGAR,2013,Summer,Dry chillies,53,141,2.660377358
Karnataka,CHAMARAJANAGAR,2013,Summer,Maize,404,1790,4.430693069
Karnataka,CHAMARAJANAGAR,2013,Summer,Onion,516,4051,7.850775194
Karnataka,CHAMARAJANAGAR,2013,Summer,Potato,12,169,14.08333333
Karnataka,CHAMARAJANAGAR,2013,Summer,Ragi,356,881,2.474719101
Karnataka,CHAMARAJANAGAR,2013,Summer,Rice,350,1226,3.502857143
Karnataka,CHAMARAJANAGAR,2013,Summer,Sunflower,70,70,1
Karnataka,CHAMARAJANAGAR,2013,Whole Year,Arecanut,297,3308,11.13804714
Karnataka,CHAMARAJANAGAR,2013,Whole Year,Black pepper,50,124,2.48
Karnataka,CHAMARAJANAGAR,2013,Whole Year,Cardamom,15,1,0.066666667
Karnataka,CHAMARAJANAGAR,2013,Whole Year,Cashewnut,38,34,0.894736842
Karnataka,CHAMARAJANAGAR,2013,Whole Year,Coconut,9299,58513,6.292397032
Karnataka,CHAMARAJANAGAR,2013,Whole Year,Coriander,516,160,0.310077519
Karnataka,CHAMARAJANAGAR,2013,Whole Year,Dry ginger,30,829,27.63333333
Karnataka,CHAMARAJANAGAR,2013,Whole Year,Garlic,59,62,1.050847458
Karnataka,CHAMARAJANAGAR,2013,Whole Year,Sugarcane,3050,289750,95
Karnataka,CHAMARAJANAGAR,2013,Whole Year,Tobacco,258,212,0.821705426
Karnataka,CHAMARAJANAGAR,2013,Whole Year,Turmeric,3734,17886,4.790037493
Karnataka,CHAMARAJANAGAR,2014,Kharif,Arhar/Tur,1054,473,0.448766603
Karnataka,CHAMARAJANAGAR,2014,Kharif,Bajra,370,458,1.237837838
Karnataka,CHAMARAJANAGAR,2014,Kharif,Castor seed,629,128,0.203497615
Karnataka,CHAMARAJANAGAR,2014,Kharif,Cotton(lint),15063,17592,1.167894842
Karnataka,CHAMARAJANAGAR,2014,Kharif,Cowpea(Lobia),3798,870,0.22906793
Karnataka,CHAMARAJANAGAR,2014,Kharif,Dry chillies,354,401,1.132768362
Karnataka,CHAMARAJANAGAR,2014,Kharif,Groundnut,13384,9333,0.697325164
Karnataka,CHAMARAJANAGAR,2014,Kharif,Horse-gram,288,153,0.53125
Karnataka,CHAMARAJANAGAR,2014,Kharif,Jowar,14019,6033,0.430344532
Karnataka,CHAMARAJANAGAR,2014,Kharif,Maize,32800,140127,4.272164634
Karnataka,CHAMARAJANAGAR,2014,Kharif,Moong(Green Gram),3266,990,0.303123086
Karnataka,CHAMARAJANAGAR,2014,Kharif,Niger seed,123,33,0.268292683
Karnataka,CHAMARAJANAGAR,2014,Kharif,Onion,1937,9948,5.135776975
Karnataka,CHAMARAJANAGAR,2014,Kharif,Other Kharif pulses,2516,1009,0.401033386
Karnataka,CHAMARAJANAGAR,2014,Kharif,Potato,147,905,6.156462585
Karnataka,CHAMARAJANAGAR,2014,Kharif,Ragi,15415,23812,1.54472916
Karnataka,CHAMARAJANAGAR,2014,Kharif,Rice,13739,44455,3.235679453
Karnataka,CHAMARAJANAGAR,2014,Kharif,Sesamum,826,204,0.246973366
Karnataka,CHAMARAJANAGAR,2014,Kharif,Small millets,42,24,0.571428571
Karnataka,CHAMARAJANAGAR,2014,Kharif,Sunflower,9141,2223,0.243190023
Karnataka,CHAMARAJANAGAR,2014,Kharif,Urad,2960,920,0.310810811
Karnataka,CHAMARAJANAGAR,2014,Rabi,Dry chillies,66,124,1.878787879
Karnataka,CHAMARAJANAGAR,2014,Rabi,Gram,2780,1656,0.595683453
Karnataka,CHAMARAJANAGAR,2014,Rabi,Horse-gram,15081,6705,0.444599165
Karnataka,CHAMARAJANAGAR,2014,Rabi,Linseed,3,1,0.333333333
Karnataka,CHAMARAJANAGAR,2014,Rabi,Maize,979,2616,2.672114402
Karnataka,CHAMARAJANAGAR,2014,Rabi,Onion,864,8059,9.327546296
Karnataka,CHAMARAJANAGAR,2014,Rabi,Other  Rabi pulses,53,23,0.433962264
Karnataka,CHAMARAJANAGAR,2014,Rabi,Potato,23,354,15.39130435
Karnataka,CHAMARAJANAGAR,2014,Rabi,Ragi,120,208,1.733333333
Karnataka,CHAMARAJANAGAR,2014,Rabi,Rice,17,57,3.352941176
Karnataka,CHAMARAJANAGAR,2014,Rabi,Sunflower,1,1,1
Karnataka,CHAMARAJANAGAR,2014,Summer,Dry chillies,82,158,1.926829268
Karnataka,CHAMARAJANAGAR,2014,Summer,Maize,946,4775,5.04756871
Karnataka,CHAMARAJANAGAR,2014,Summer,Onion,678,3326,4.90560472
Karnataka,CHAMARAJANAGAR,2014,Summer,Potato,3,41,13.66666667
Karnataka,CHAMARAJANAGAR,2014,Summer,Ragi,55,76,1.381818182
Karnataka,CHAMARAJANAGAR,2014,Summer,Rice,60,209,3.483333333
Karnataka,CHAMARAJANAGAR,2014,Whole Year,Arecanut,300,2776,9.253333333
Karnataka,CHAMARAJANAGAR,2014,Whole Year,Black pepper,37,217,5.864864865
Karnataka,CHAMARAJANAGAR,2014,Whole Year,Cardamom,15,1,0.066666667
Karnataka,CHAMARAJANAGAR,2014,Whole Year,Cashewnut,31,23,0.741935484
Karnataka,CHAMARAJANAGAR,2014,Whole Year,Coconut,9122,81403,8.923810568
Karnataka,CHAMARAJANAGAR,2014,Whole Year,Coriander,468,146,0.311965812
Karnataka,CHAMARAJANAGAR,2014,Whole Year,Dry ginger,34,988,29.05882353
Karnataka,CHAMARAJANAGAR,2014,Whole Year,Garlic,99,109,1.101010101
Karnataka,CHAMARAJANAGAR,2014,Whole Year,Sugarcane,3573,298703,83.60005598
Karnataka,CHAMARAJANAGAR,2014,Whole Year,Tapioca,15,135,9
Karnataka,CHAMARAJANAGAR,2014,Whole Year,Tobacco,88,63,0.715909091
Karnataka,CHAMARAJANAGAR,2014,Whole Year,Turmeric,4878,31448,6.446904469
Karnataka,CHIKBALLAPUR,2007,Kharif,Arhar/Tur,7021,3001,0.42743199
Karnataka,CHIKBALLAPUR,2007,Kharif,Castor seed,582,390,0.670103093
Karnataka,CHIKBALLAPUR,2007,Kharif,Dry chillies,452,407,0.900442478
Karnataka,CHIKBALLAPUR,2007,Kharif,Groundnut,40607,37352,0.919841407
Karnataka,CHIKBALLAPUR,2007,Kharif,Horse-gram,320,163,0.509375
Karnataka,CHIKBALLAPUR,2007,Kharif,Maize,32608,57155,1.752790726
Karnataka,CHIKBALLAPUR,2007,Kharif,Niger seed,608,229,0.376644737
Karnataka,CHIKBALLAPUR,2007,Kharif,Onion,277,1651,5.960288809
Karnataka,CHIKBALLAPUR,2007,Kharif,Other Kharif pulses,4854,2901,0.597651422
Karnataka,CHIKBALLAPUR,2007,Kharif,Potato,348,1148,3.298850575
Karnataka,CHIKBALLAPUR,2007,Kharif,Ragi,37310,52440,1.405521308
Karnataka,CHIKBALLAPUR,2007,Kharif,Rapeseed &Mustard,427,155,0.362997658
Karnataka,CHIKBALLAPUR,2007,Kharif,Rice,3974,10646,2.678912934
Karnataka,CHIKBALLAPUR,2007,Kharif,Sunflower,411,163,0.396593674
Karnataka,CHIKBALLAPUR,2007,Rabi,Dry chillies,40,70,1.75
Karnataka,CHIKBALLAPUR,2007,Rabi,Groundnut,1848,2549,1.379329004
Karnataka,CHIKBALLAPUR,2007,Rabi,Horse-gram,295,76,0.257627119
Karnataka,CHIKBALLAPUR,2007,Rabi,Maize,239,837,3.50209205
Karnataka,CHIKBALLAPUR,2007,Rabi,Onion,156,1313,8.416666667
Karnataka,CHIKBALLAPUR,2007,Rabi,Potato,599,7772,12.97495826
Karnataka,CHIKBALLAPUR,2007,Rabi,Ragi,44,95,2.159090909
Karnataka,CHIKBALLAPUR,2007,Rabi,Rice,110,239,2.172727273
Karnataka,CHIKBALLAPUR,2007,Rabi,Sunflower,495,510,1.03030303
Karnataka,CHIKBALLAPUR,2007,Summer,Dry chillies,127,430,3.385826772
Karnataka,CHIKBALLAPUR,2007,Summer,Maize,656,1534,2.338414634
Karnataka,CHIKBALLAPUR,2007,Summer,Onion,159,1343,8.446540881
Karnataka,CHIKBALLAPUR,2007,Summer,Potato,78,1244,15.94871795
Karnataka,CHIKBALLAPUR,2007,Summer,Ragi,238,494,2.075630252
Karnataka,CHIKBALLAPUR,2007,Summer,Rice,1796,5443,3.030623608
Karnataka,CHIKBALLAPUR,2007,Summer,Sunflower,1391,1580,1.135873472
Karnataka,CHIKBALLAPUR,2007,Whole Year,Banana,590,7490,12.69491525
Karnataka,CHIKBALLAPUR,2007,Whole Year,Coconut,630,3208,5.092063492
Karnataka,CHIKBALLAPUR,2007,Whole Year,Coriander,37,13,0.351351351
Karnataka,CHIKBALLAPUR,2008,Kharif,Arhar/Tur,8247,4309,0.522493028
Karnataka,CHIKBALLAPUR,2008,Kharif,Castor seed,730,692,0.947945205
Karnataka,CHIKBALLAPUR,2008,Kharif,Dry chillies,402,373,0.927860697
Karnataka,CHIKBALLAPUR,2008,Kharif,Groundnut,45036,29488,0.654765077
Karnataka,CHIKBALLAPUR,2008,Kharif,Horse-gram,1341,854,0.63683818
Karnataka,CHIKBALLAPUR,2008,Kharif,Maize,32293,114091,3.532994767
Karnataka,CHIKBALLAPUR,2008,Kharif,Niger seed,459,157,0.34204793
Karnataka,CHIKBALLAPUR,2008,Kharif,Onion,296,1535,5.185810811
Karnataka,CHIKBALLAPUR,2008,Kharif,Other Kharif pulses,6352,5117,0.805573048
Karnataka,CHIKBALLAPUR,2008,Kharif,Potato,349,662,1.896848138
Karnataka,CHIKBALLAPUR,2008,Kharif,Ragi,40071,72005,1.79693544
Karnataka,CHIKBALLAPUR,2008,Kharif,Rice,5061,15014,2.96660739
Karnataka,CHIKBALLAPUR,2008,Kharif,Sunflower,782,392,0.501278772
Karnataka,CHIKBALLAPUR,2008,Rabi,Gram,162,115,0.709876543
Karnataka,CHIKBALLAPUR,2008,Rabi,Groundnut,675,753,1.115555556
Karnataka,CHIKBALLAPUR,2008,Rabi,Horse-gram,770,299,0.388311688
Karnataka,CHIKBALLAPUR,2008,Rabi,Maize,1455,4575,3.144329897
Karnataka,CHIKBALLAPUR,2008,Rabi,Onion,269,1796,6.676579926
Karnataka,CHIKBALLAPUR,2008,Rabi,Potato,567,15192,26.79365079
Karnataka,CHIKBALLAPUR,2008,Rabi,Ragi,59,123,2.084745763
Karnataka,CHIKBALLAPUR,2008,Rabi,Sunflower,900,1064,1.182222222
Karnataka,CHIKBALLAPUR,2008,Summer,Dry chillies,4,13,3.25
Karnataka,CHIKBALLAPUR,2008,Summer,Maize,1113,2971,2.669362084
Karnataka,CHIKBALLAPUR,2008,Summer,Onion,44,240,5.454545455
Karnataka,CHIKBALLAPUR,2008,Summer,Potato,15,241,16.06666667
Karnataka,CHIKBALLAPUR,2008,Summer,Ragi,144,286,1.986111111
Karnataka,CHIKBALLAPUR,2008,Summer,Rice,3061,9590,3.132963084
Karnataka,CHIKBALLAPUR,2008,Summer,Sunflower,1693,1800,1.063201418
Karnataka,CHIKBALLAPUR,2008,Whole Year,Banana,2321,42377,18.25807841
Karnataka,CHIKBALLAPUR,2008,Whole Year,Cashewnut,1967,718.56,0.365307575
Karnataka,CHIKBALLAPUR,2008,Whole Year,Coconut,699,4789,6.851216023
Karnataka,CHIKBALLAPUR,2008,Whole Year,Coriander,12,6,0.5
Karnataka,CHIKBALLAPUR,2009,Kharif,Arhar/Tur,3894,1539,0.395223421
Karnataka,CHIKBALLAPUR,2009,Kharif,Castor seed,246,159,0.646341463
Karnataka,CHIKBALLAPUR,2009,Kharif,Gram,6165,2038,0.330575831
Karnataka,CHIKBALLAPUR,2009,Kharif,Groundnut,21082,9752,0.462574708
Karnataka,CHIKBALLAPUR,2009,Kharif,Horse-gram,6165,2038,0.330575831
Karnataka,CHIKBALLAPUR,2009,Kharif,Maize,37809,114248,3.021714407
Karnataka,CHIKBALLAPUR,2009,Kharif,Niger seed,148,24,0.162162162
Karnataka,CHIKBALLAPUR,2009,Kharif,Onion,367,1296,3.53133515
Karnataka,CHIKBALLAPUR,2009,Kharif,Other Kharif pulses,5177,4000,0.772648252
Karnataka,CHIKBALLAPUR,2009,Kharif,Potato,435,2691,6.186206897
Karnataka,CHIKBALLAPUR,2009,Kharif,Ragi,45842,49654,1.083155185
Karnataka,CHIKBALLAPUR,2009,Kharif,Rice,2649,6742,2.545111363
Karnataka,CHIKBALLAPUR,2009,Kharif,Small millets,25,18,0.72
Karnataka,CHIKBALLAPUR,2009,Kharif,Sunflower,460,202,0.439130435
Karnataka,CHIKBALLAPUR,2009,Rabi,Dry chillies,22,66,3
Karnataka,CHIKBALLAPUR,2009,Rabi,Gram,2722,1192,0.437913299
Karnataka,CHIKBALLAPUR,2009,Rabi,Groundnut,610,668,1.095081967
Karnataka,CHIKBALLAPUR,2009,Rabi,Horse-gram,2722,1192,0.437913299
Karnataka,CHIKBALLAPUR,2009,Rabi,Maize,422,1182,2.800947867
Karnataka,CHIKBALLAPUR,2009,Rabi,Onion,139,2212,15.91366906
Karnataka,CHIKBALLAPUR,2009,Rabi,Other  Rabi pulses,21,11,0.523809524
Karnataka,CHIKBALLAPUR,2009,Rabi,Potato,629,13463,21.40381558
Karnataka,CHIKBALLAPUR,2009,Rabi,Ragi,56,131,2.339285714
Karnataka,CHIKBALLAPUR,2009,Rabi,Rapeseed &Mustard,417,122,0.292565947
Karnataka,CHIKBALLAPUR,2009,Rabi,Rice,93,209,2.247311828
Karnataka,CHIKBALLAPUR,2009,Rabi,Sunflower,385,415,1.077922078
Karnataka,CHIKBALLAPUR,2009,Summer,Maize,908,3211,3.536343612
Karnataka,CHIKBALLAPUR,2009,Summer,Onion,33,252,7.636363636
Karnataka,CHIKBALLAPUR,2009,Summer,Potato,30,480,16
Karnataka,CHIKBALLAPUR,2009,Summer,Ragi,82,154,1.87804878
Karnataka,CHIKBALLAPUR,2009,Summer,Rice,617,1552,2.515397083
Karnataka,CHIKBALLAPUR,2009,Summer,Sunflower,1556,1731,1.112467866
Karnataka,CHIKBALLAPUR,2009,Whole Year,Banana,2273,41284,18.16278047
Karnataka,CHIKBALLAPUR,2009,Whole Year,Cashewnut,2628,2971,1.130517504
Karnataka,CHIKBALLAPUR,2009,Whole Year,Coconut,821,5837,7.109622412
Karnataka,CHIKBALLAPUR,2009,Whole Year,Coriander,15,7,0.466666667
Karnataka,CHIKBALLAPUR,2009,Whole Year,Sugarcane,41,3934,95.95121951
Karnataka,CHIKBALLAPUR,2010,Kharif,Arhar/Tur,10964,9260,0.844582269
Karnataka,CHIKBALLAPUR,2010,Kharif,Bajra,46,42,0.913043478
Karnataka,CHIKBALLAPUR,2010,Kharif,Castor seed,330,276,0.836363636
Karnataka,CHIKBALLAPUR,2010,Kharif,Cotton(lint),93,244,2.623655914
Karnataka,CHIKBALLAPUR,2010,Kharif,Cowpea(Lobia),1428,1012,0.708683473
Karnataka,CHIKBALLAPUR,2010,Kharif,Dry chillies,643,2946,4.581648523
Karnataka,CHIKBALLAPUR,2010,Kharif,Groundnut,36033,36728,1.019287875
Karnataka,CHIKBALLAPUR,2010,Kharif,Horse-gram,3131,1817,0.580325775
Karnataka,CHIKBALLAPUR,2010,Kharif,Jowar,2287,3711,1.62264976
Karnataka,CHIKBALLAPUR,2010,Kharif,Maize,38540,125131,3.246782564
Karnataka,CHIKBALLAPUR,2010,Kharif,Niger seed,216,65,0.300925926
Karnataka,CHIKBALLAPUR,2010,Kharif,Onion,572,4026,7.038461538
Karnataka,CHIKBALLAPUR,2010,Kharif,Other Kharif pulses,3457,4099,1.185710153
Karnataka,CHIKBALLAPUR,2010,Kharif,Peas & beans (Pulses),488,6545,13.41188525
Karnataka,CHIKBALLAPUR,2010,Kharif,Potato,990,10891,11.0010101
Karnataka,CHIKBALLAPUR,2010,Kharif,Ragi,41306,83787,2.028446231
Karnataka,CHIKBALLAPUR,2010,Kharif,Rice,6599,21666,3.283224731
Karnataka,CHIKBALLAPUR,2010,Kharif,Small millets,35,22,0.628571429
Karnataka,CHIKBALLAPUR,2010,Kharif,Sunflower,148,79,0.533783784
Karnataka,CHIKBALLAPUR,2010,Rabi,Cotton(lint),134,291,2.171641791
Karnataka,CHIKBALLAPUR,2010,Rabi,Cowpea(Lobia),8,2,0.25
Karnataka,CHIKBALLAPUR,2010,Rabi,Dry chillies,77,209,2.714285714
Karnataka,CHIKBALLAPUR,2010,Rabi,Gram,22,14,0.636363636
Karnataka,CHIKBALLAPUR,2010,Rabi,Groundnut,641,641,1
Karnataka,CHIKBALLAPUR,2010,Rabi,Horse-gram,467,254,0.543897216
Karnataka,CHIKBALLAPUR,2010,Rabi,Maize,1948,4627,2.375256674
Karnataka,CHIKBALLAPUR,2010,Rabi,Onion,605,4143,6.847933884
Karnataka,CHIKBALLAPUR,2010,Rabi,Peas & beans (Pulses),456,2887,6.331140351
Karnataka,CHIKBALLAPUR,2010,Rabi,Potato,1325,15194,11.46716981
Karnataka,CHIKBALLAPUR,2010,Rabi,Ragi,226,468,2.07079646
Karnataka,CHIKBALLAPUR,2010,Rabi,Rapeseed &Mustard,279,51,0.182795699
Karnataka,CHIKBALLAPUR,2010,Rabi,Rice,1155,2748,2.379220779
Karnataka,CHIKBALLAPUR,2010,Rabi,Sunflower,851,811,0.952996475
Karnataka,CHIKBALLAPUR,2010,Summer,Maize,672,2132,3.172619048
Karnataka,CHIKBALLAPUR,2010,Summer,Onion,15,160,10.66666667
Karnataka,CHIKBALLAPUR,2010,Summer,Peas & beans (Pulses),88,664,7.545454545
Karnataka,CHIKBALLAPUR,2010,Summer,Potato,17,261,15.35294118
Karnataka,CHIKBALLAPUR,2010,Summer,Ragi,57,112,1.964912281
Karnataka,CHIKBALLAPUR,2010,Summer,Rice,1912,5108,2.671548117
Karnataka,CHIKBALLAPUR,2010,Summer,Sunflower,723,738,1.020746888
Karnataka,CHIKBALLAPUR,2010,Whole Year,Arecanut,296,3201,10.81418919
Karnataka,CHIKBALLAPUR,2010,Whole Year,Banana,2413,50586,20.9639453
Karnataka,CHIKBALLAPUR,2010,Whole Year,Cashewnut,2694,1446,0.53674833
Karnataka,CHIKBALLAPUR,2010,Whole Year,Coconut,1203,11500,9.559434746
Karnataka,CHIKBALLAPUR,2010,Whole Year,Coriander,14,5,0.357142857
Karnataka,CHIKBALLAPUR,2010,Whole Year,Dry ginger,7,25.3,3.614285714
Karnataka,CHIKBALLAPUR,2010,Whole Year,Garlic,1,1,1
Karnataka,CHIKBALLAPUR,2010,Whole Year,Sugarcane,267,25872,96.8988764
Karnataka,CHIKBALLAPUR,2010,Whole Year,Sweet potato,1,8,8
Karnataka,CHIKBALLAPUR,2011,Kharif,Arhar/Tur,7279,4951,0.680175848
Karnataka,CHIKBALLAPUR,2011,Kharif,Bajra,843,1001,1.18742586
Karnataka,CHIKBALLAPUR,2011,Kharif,Castor seed,118,99,0.838983051
Karnataka,CHIKBALLAPUR,2011,Kharif,Cotton(lint),136,416,3.058823529
Karnataka,CHIKBALLAPUR,2011,Kharif,Cowpea(Lobia),1269,691,0.544523247
Karnataka,CHIKBALLAPUR,2011,Kharif,Dry chillies,607,490,0.807248764
Karnataka,CHIKBALLAPUR,2011,Kharif,Groundnut,29316,17639,0.601685087
Karnataka,CHIKBALLAPUR,2011,Kharif,Horse-gram,285,210,0.736842105
Karnataka,CHIKBALLAPUR,2011,Kharif,Maize,57621,157526,2.73382968
Karnataka,CHIKBALLAPUR,2011,Kharif,Niger seed,348,95,0.272988506
Karnataka,CHIKBALLAPUR,2011,Kharif,Onion,503,2483,4.93638171
Karnataka,CHIKBALLAPUR,2011,Kharif,Other Kharif pulses,4724,3200,0.677392041
Karnataka,CHIKBALLAPUR,2011,Kharif,Peas & beans (Pulses),508,5295,10.42322835
Karnataka,CHIKBALLAPUR,2011,Kharif,Potato,175,3340,19.08571429
Karnataka,CHIKBALLAPUR,2011,Kharif,Ragi,38478,72066,1.872914393
Karnataka,CHIKBALLAPUR,2011,Kharif,Rice,5152,15249,2.959821429
Karnataka,CHIKBALLAPUR,2011,Kharif,Small millets,75,40,0.533333333
Karnataka,CHIKBALLAPUR,2011,Kharif,Sunflower,97,60,0.618556701
Karnataka,CHIKBALLAPUR,2011,Rabi,Cotton(lint),60,113,1.883333333
Karnataka,CHIKBALLAPUR,2011,Rabi,Cowpea(Lobia),22,8,0.363636364
Karnataka,CHIKBALLAPUR,2011,Rabi,Dry chillies,55,130,2.363636364
Karnataka,CHIKBALLAPUR,2011,Rabi,Gram,115,47,0.408695652
Karnataka,CHIKBALLAPUR,2011,Rabi,Groundnut,322,262,0.813664596
Karnataka,CHIKBALLAPUR,2011,Rabi,Horse-gram,327,95,0.290519878
Karnataka,CHIKBALLAPUR,2011,Rabi,Maize,487,1507,3.094455852
Karnataka,CHIKBALLAPUR,2011,Rabi,Onion,663,3406,5.137254902
Karnataka,CHIKBALLAPUR,2011,Rabi,Peas & beans (Pulses),178,1657,9.308988764
Karnataka,CHIKBALLAPUR,2011,Rabi,Potato,2150,19679,9.153023256
Karnataka,CHIKBALLAPUR,2011,Rabi,Ragi,22,44,2
Karnataka,CHIKBALLAPUR,2011,Rabi,Rapeseed &Mustard,713,172,0.241234222
Karnataka,CHIKBALLAPUR,2011,Rabi,Sunflower,400,267,0.6675
Karnataka,CHIKBALLAPUR,2011,Summer,Dry chillies,23,81,3.52173913
Karnataka,CHIKBALLAPUR,2011,Summer,Maize,877,4357,4.968072976
Karnataka,CHIKBALLAPUR,2011,Summer,Onion,75,462,6.16
Karnataka,CHIKBALLAPUR,2011,Summer,Peas & beans (Pulses),86,980,11.39534884
Karnataka,CHIKBALLAPUR,2011,Summer,Potato,20,289,14.45
Karnataka,CHIKBALLAPUR,2011,Summer,Ragi,208,401,1.927884615
Karnataka,CHIKBALLAPUR,2011,Summer,Rice,470,1594,3.391489362
Karnataka,CHIKBALLAPUR,2011,Summer,Sunflower,948,1279,1.349156118
Karnataka,CHIKBALLAPUR,2011,Whole Year,Arecanut,159,1288,8.100628931
Karnataka,CHIKBALLAPUR,2011,Whole Year,Banana,3297,76734,23.27388535
Karnataka,CHIKBALLAPUR,2011,Whole Year,Cashewnut,2708,3212,1.186115214
Karnataka,CHIKBALLAPUR,2011,Whole Year,Coconut,3192,31734,9.941729323
Karnataka,CHIKBALLAPUR,2011,Whole Year,Dry ginger,16,50.9,3.18125
Karnataka,CHIKBALLAPUR,2011,Whole Year,Garlic,30,37,1.233333333
Karnataka,CHIKBALLAPUR,2011,Whole Year,Sugarcane,202,18422,91.1980198
Karnataka,CHIKBALLAPUR,2011,Whole Year,Sweet potato,10,146,14.6
Karnataka,CHIKBALLAPUR,2011,Whole Year,Turmeric,6,30,5
Karnataka,CHIKBALLAPUR,2012,Kharif,Arhar/Tur,5802,2210,0.380903137
Karnataka,CHIKBALLAPUR,2012,Kharif,Castor seed,53,33,0.622641509
Karnataka,CHIKBALLAPUR,2012,Kharif,Cotton(lint),120,276,2.3
Karnataka,CHIKBALLAPUR,2012,Kharif,Cowpea(Lobia),1571,1807,1.150222788
Karnataka,CHIKBALLAPUR,2012,Kharif,Dry chillies,541,496,0.916820702
Karnataka,CHIKBALLAPUR,2012,Kharif,Groundnut,21826,10139,0.464537707
Karnataka,CHIKBALLAPUR,2012,Kharif,Horse-gram,675,266,0.394074074
Karnataka,CHIKBALLAPUR,2012,Kharif,Jowar,2773,3396,1.224666426
Karnataka,CHIKBALLAPUR,2012,Kharif,Maize,59778,165143,2.762604972
Karnataka,CHIKBALLAPUR,2012,Kharif,Niger seed,171,41,0.239766082
Karnataka,CHIKBALLAPUR,2012,Kharif,Onion,464,2463,5.308189655
Karnataka,CHIKBALLAPUR,2012,Kharif,Other Kharif pulses,5535,6347,1.1467028
Karnataka,CHIKBALLAPUR,2012,Kharif,Potato,175,2997,17.12571429
Karnataka,CHIKBALLAPUR,2012,Kharif,Ragi,47375,94558,1.99594723
Karnataka,CHIKBALLAPUR,2012,Kharif,Rapeseed &Mustard,396,96,0.242424242
Karnataka,CHIKBALLAPUR,2012,Kharif,Rice,3082,8623,2.797858533
Karnataka,CHIKBALLAPUR,2012,Kharif,Sunflower,42,21,0.5
Karnataka,CHIKBALLAPUR,2012,Rabi,Cowpea(Lobia),20,7,0.35
Karnataka,CHIKBALLAPUR,2012,Rabi,Dry chillies,62,169,2.725806452
Karnataka,CHIKBALLAPUR,2012,Rabi,Gram,50,32,0.64
Karnataka,CHIKBALLAPUR,2012,Rabi,Horse-gram,312,81,0.259615385
Karnataka,CHIKBALLAPUR,2012,Rabi,Maize,629,2345,3.728139905
Karnataka,CHIKBALLAPUR,2012,Rabi,Onion,665,8334,12.53233083
Karnataka,CHIKBALLAPUR,2012,Rabi,Potato,2548,26186,10.27708006
Karnataka,CHIKBALLAPUR,2012,Rabi,Ragi,140,202,1.442857143
Karnataka,CHIKBALLAPUR,2012,Rabi,Sunflower,498,408,0.819277108
Karnataka,CHIKBALLAPUR,2012,Summer,Cotton(lint),35,97,2.771428571
Karnataka,CHIKBALLAPUR,2012,Summer,Cowpea(Lobia),5,2,0.4
Karnataka,CHIKBALLAPUR,2012,Summer,Dry chillies,19,54,2.842105263
Karnataka,CHIKBALLAPUR,2012,Summer,Groundnut,364,299,0.821428571
Karnataka,CHIKBALLAPUR,2012,Summer,Maize,450,2373,5.273333333
Karnataka,CHIKBALLAPUR,2012,Summer,Onion,60,340,5.666666667
Karnataka,CHIKBALLAPUR,2012,Summer,Potato,17,371,21.82352941
Karnataka,CHIKBALLAPUR,2012,Summer,Ragi,139,208,1.496402878
Karnataka,CHIKBALLAPUR,2012,Summer,Rice,133,422,3.172932331
Karnataka,CHIKBALLAPUR,2012,Summer,Sunflower,405,757,1.869135802
Karnataka,CHIKBALLAPUR,2012,Whole Year,Arecanut,159,1276,8.025157233
Karnataka,CHIKBALLAPUR,2012,Whole Year,Cashewnut,2740,3250,1.186131387
Karnataka,CHIKBALLAPUR,2012,Whole Year,Coconut,3091,30433,9.845681009
Karnataka,CHIKBALLAPUR,2012,Whole Year,Coriander,142,56,0.394366197
Karnataka,CHIKBALLAPUR,2012,Whole Year,Dry ginger,15,478,31.86666667
Karnataka,CHIKBALLAPUR,2012,Whole Year,Garlic,33,43,1.303030303
Karnataka,CHIKBALLAPUR,2012,Whole Year,Sugarcane,212,17723,83.5990566
Karnataka,CHIKBALLAPUR,2012,Whole Year,Sweet potato,10,155,15.5
Karnataka,CHIKBALLAPUR,2012,Whole Year,Turmeric,6,28,4.666666667
Karnataka,CHIKBALLAPUR,2013,Kharif,Arhar/Tur,4989,4033,0.808378433
Karnataka,CHIKBALLAPUR,2013,Kharif,Bajra,2,2,1
Karnataka,CHIKBALLAPUR,2013,Kharif,Castor seed,56,50,0.892857143
Karnataka,CHIKBALLAPUR,2013,Kharif,Cotton(lint),160,474,2.9625
Karnataka,CHIKBALLAPUR,2013,Kharif,Cowpea(Lobia),1349,338,0.250555967
Karnataka,CHIKBALLAPUR,2013,Kharif,Dry chillies,19,21,1.105263158
Karnataka,CHIKBALLAPUR,2013,Kharif,Groundnut,18722,16665,0.89012926
Karnataka,CHIKBALLAPUR,2013,Kharif,Horse-gram,1212,640,0.528052805
Karnataka,CHIKBALLAPUR,2013,Kharif,Jowar,6128,8721,1.423139687
Karnataka,CHIKBALLAPUR,2013,Kharif,Maize,58369,210102,3.599547705
Karnataka,CHIKBALLAPUR,2013,Kharif,Niger seed,79,17,0.215189873
Karnataka,CHIKBALLAPUR,2013,Kharif,Onion,413,2732,6.615012107
Karnataka,CHIKBALLAPUR,2013,Kharif,Other Kharif pulses,4821,3279,0.680149347
Karnataka,CHIKBALLAPUR,2013,Kharif,Potato,178,3034,17.04494382
Karnataka,CHIKBALLAPUR,2013,Kharif,Ragi,47760,105218,2.203056951
Karnataka,CHIKBALLAPUR,2013,Kharif,Rapeseed &Mustard,288,94,0.326388889
Karnataka,CHIKBALLAPUR,2013,Kharif,Rice,2095,5983,2.855847255
Karnataka,CHIKBALLAPUR,2013,Kharif,Small millets,147,90,0.612244898
Karnataka,CHIKBALLAPUR,2013,Kharif,Sunflower,10,6,0.6
Karnataka,CHIKBALLAPUR,2013,Rabi,Dry chillies,64,121,1.890625
Karnataka,CHIKBALLAPUR,2013,Rabi,Gram,210,159,0.757142857
Karnataka,CHIKBALLAPUR,2013,Rabi,Horse-gram,701,298,0.42510699
Karnataka,CHIKBALLAPUR,2013,Rabi,Maize,411,1367,3.326034063
Karnataka,CHIKBALLAPUR,2013,Rabi,Onion,647,1433,2.214837713
Karnataka,CHIKBALLAPUR,2013,Rabi,Potato,2405,27675,11.50727651
Karnataka,CHIKBALLAPUR,2013,Rabi,Ragi,47,69,1.468085106
Karnataka,CHIKBALLAPUR,2013,Rabi,Sunflower,110,107,0.972727273
Karnataka,CHIKBALLAPUR,2013,Summer,Dry chillies,21,56,2.666666667
Karnataka,CHIKBALLAPUR,2013,Summer,Groundnut,80,97,1.2125
Karnataka,CHIKBALLAPUR,2013,Summer,Maize,88,265,3.011363636
Karnataka,CHIKBALLAPUR,2013,Summer,Onion,56,440,7.857142857
Karnataka,CHIKBALLAPUR,2013,Summer,Potato,15,211,14.06666667
Karnataka,CHIKBALLAPUR,2013,Summer,Ragi,10,20,2
Karnataka,CHIKBALLAPUR,2013,Summer,Rice,9,26,2.888888889
Karnataka,CHIKBALLAPUR,2013,Summer,Sunflower,90,121,1.344444444
Karnataka,CHIKBALLAPUR,2013,Whole Year,Arecanut,159,1771,11.13836478
Karnataka,CHIKBALLAPUR,2013,Whole Year,Cashewnut,2740,2444,0.891970803
Karnataka,CHIKBALLAPUR,2013,Whole Year,Coconut,3091,24524,7.934001941
Karnataka,CHIKBALLAPUR,2013,Whole Year,Dry ginger,13,359,27.61538462
Karnataka,CHIKBALLAPUR,2013,Whole Year,Garlic,23,24,1.043478261
Karnataka,CHIKBALLAPUR,2013,Whole Year,Sweet potato,6,88,14.66666667
Karnataka,CHIKBALLAPUR,2013,Whole Year,Turmeric,6,29,4.833333333
Karnataka,CHIKBALLAPUR,2014,Kharif,Arhar/Tur,3417,1834,0.536728124
Karnataka,CHIKBALLAPUR,2014,Kharif,Castor seed,73,44,0.602739726
Karnataka,CHIKBALLAPUR,2014,Kharif,Cotton(lint),67,183,2.731343284
Karnataka,CHIKBALLAPUR,2014,Kharif,Cowpea(Lobia),1020,910,0.892156863
Karnataka,CHIKBALLAPUR,2014,Kharif,Dry chillies,377,427,1.132625995
Karnataka,CHIKBALLAPUR,2014,Kharif,Groundnut,18166,9405,0.517725421
Karnataka,CHIKBALLAPUR,2014,Kharif,Horse-gram,1780,747,0.419662921
Karnataka,CHIKBALLAPUR,2014,Kharif,Jowar,833,1152,1.382953181
Karnataka,CHIKBALLAPUR,2014,Kharif,Maize,64454,129627,2.011155242
Karnataka,CHIKBALLAPUR,2014,Kharif,Niger seed,6,2,0.333333333
Karnataka,CHIKBALLAPUR,2014,Kharif,Onion,563,2891,5.134991119
Karnataka,CHIKBALLAPUR,2014,Kharif,Other Kharif pulses,4499,2570,0.571238053
Karnataka,CHIKBALLAPUR,2014,Kharif,Potato,209,2659,12.72248804
Karnataka,CHIKBALLAPUR,2014,Kharif,Ragi,46858,69310,1.479149772
Karnataka,CHIKBALLAPUR,2014,Kharif,Rapeseed &Mustard,204,47,0.230392157
Karnataka,CHIKBALLAPUR,2014,Kharif,Rice,799,1900,2.377972466
Karnataka,CHIKBALLAPUR,2014,Kharif,Small millets,70,35,0.5
Karnataka,CHIKBALLAPUR,2014,Kharif,Sunflower,5,3,0.6
Karnataka,CHIKBALLAPUR,2014,Rabi,Dry chillies,306,574,1.875816993
Karnataka,CHIKBALLAPUR,2014,Rabi,Gram,66,47,0.712121212
Karnataka,CHIKBALLAPUR,2014,Rabi,Horse-gram,185,62,0.335135135
Karnataka,CHIKBALLAPUR,2014,Rabi,Maize,306,946,3.091503268
Karnataka,CHIKBALLAPUR,2014,Rabi,Onion,743,4697,6.32166891
Karnataka,CHIKBALLAPUR,2014,Rabi,Potato,2650,29905,11.28490566
Karnataka,CHIKBALLAPUR,2014,Rabi,Ragi,53,86,1.622641509
Karnataka,CHIKBALLAPUR,2014,Rabi,Sunflower,30,36,1.2
Karnataka,CHIKBALLAPUR,2014,Summer,Dry chillies,19,37,1.947368421
Karnataka,CHIKBALLAPUR,2014,Summer,Groundnut,105,89,0.847619048
Karnataka,CHIKBALLAPUR,2014,Summer,Maize,412,1344,3.262135922
Karnataka,CHIKBALLAPUR,2014,Summer,Onion,47,231,4.914893617
Karnataka,CHIKBALLAPUR,2014,Summer,Potato,14,192,13.71428571
Karnataka,CHIKBALLAPUR,2014,Summer,Ragi,129,230,1.782945736
Karnataka,CHIKBALLAPUR,2014,Summer,Rice,15,27,1.8
Karnataka,CHIKBALLAPUR,2014,Summer,Sunflower,41,62,1.512195122
Karnataka,CHIKBALLAPUR,2014,Whole Year,Arecanut,140,1295,9.25
Karnataka,CHIKBALLAPUR,2014,Whole Year,Cashewnut,2408,3004,1.247508306
Karnataka,CHIKBALLAPUR,2014,Whole Year,Coconut,2087,18624,8.923814087
Karnataka,CHIKBALLAPUR,2014,Whole Year,Coriander,136,46,0.338235294
Karnataka,CHIKBALLAPUR,2014,Whole Year,Dry ginger,10,290,29
Karnataka,CHIKBALLAPUR,2014,Whole Year,Garlic,77,85,1.103896104
Karnataka,CHIKBALLAPUR,2014,Whole Year,Sugarcane,58,5290,91.20689655
Karnataka,CHIKBALLAPUR,2014,Whole Year,Sweet potato,9,153,17
Karnataka,CHIKMAGALUR,1997,Kharif,Arhar/Tur,930,217,0.233333333
Karnataka,CHIKMAGALUR,1997,Kharif,Black pepper,383,42,0.109660574
Karnataka,CHIKMAGALUR,1997,Kharif,Dry chillies,2922,3097,1.059890486
Karnataka,CHIKMAGALUR,1997,Kharif,Dry ginger,71,86,1.211267606
Karnataka,CHIKMAGALUR,1997,Kharif,Groundnut,5010,6189,1.235329341
Karnataka,CHIKMAGALUR,1997,Kharif,Horse-gram,5150,3581,0.695339806
Karnataka,CHIKMAGALUR,1997,Kharif,Jowar,7927,10074,1.270846474
Karnataka,CHIKMAGALUR,1997,Kharif,Maize,340,742,2.182352941
Karnataka,CHIKMAGALUR,1997,Kharif,Paddy,48109,169273,3.518530836
Karnataka,CHIKMAGALUR,1997,Kharif,Ragi,53900,60319,1.119090909
Karnataka,CHIKMAGALUR,1997,Kharif,Rice,48109,112905,2.346858176
Karnataka,CHIKMAGALUR,1997,Rabi,Groundnut,2082,3964,1.903938521
Karnataka,CHIKMAGALUR,1997,Rabi,Horse-gram,11370,5574,0.490237467
Karnataka,CHIKMAGALUR,1997,Rabi,Jowar,6280,6417,1.021815287
Karnataka,CHIKMAGALUR,1997,Rabi,Wheat,68,39,0.573529412
Karnataka,CHIKMAGALUR,1997,Summer,Paddy,3431,18051,5.261148353
Karnataka,CHIKMAGALUR,1997,Summer,Rice,3431,12040,3.509180997
Karnataka,CHIKMAGALUR,1997,Whole Year,Arecanut,12478,14293,1.145456003
Karnataka,CHIKMAGALUR,1997,Whole Year,Cardamom,3096,190,0.061369509
Karnataka,CHIKMAGALUR,1997,Whole Year,Coriander,1180,120,0.101694915
Karnataka,CHIKMAGALUR,1997,Whole Year,Garlic,8,19,2.375
Karnataka,CHIKMAGALUR,1997,Whole Year,Sugarcane,1488,163978,110.2002688
Karnataka,CHIKMAGALUR,1997,Whole Year,Turmeric,32,15,0.46875
Karnataka,CHIKMAGALUR,1998,Kharif,Arhar/Tur,1035,482,0.465700483
Karnataka,CHIKMAGALUR,1998,Kharif,Castor seed,1442,1230,0.852981969
Karnataka,CHIKMAGALUR,1998,Kharif,Cotton(lint),3270,4898,1.497859327
Karnataka,CHIKMAGALUR,1998,Kharif,Dry ginger,72,880,12.22222222
Karnataka,CHIKMAGALUR,1998,Kharif,Groundnut,5561,7173,1.289875922
Karnataka,CHIKMAGALUR,1998,Kharif,Horse-gram,5100,3479,0.682156863
Karnataka,CHIKMAGALUR,1998,Kharif,Jowar,6664,5047,0.757352941
Karnataka,CHIKMAGALUR,1998,Kharif,Maize,460,1567,3.406521739
Karnataka,CHIKMAGALUR,1998,Kharif,Moong(Green Gram),1975,287,0.145316456
Karnataka,CHIKMAGALUR,1998,Kharif,Niger seed,1745,453,0.259598854
Karnataka,CHIKMAGALUR,1998,Kharif,Onion,2506,22574,9.007980846
Karnataka,CHIKMAGALUR,1998,Kharif,Peas & beans (Pulses),63,571,9.063492063
Karnataka,CHIKMAGALUR,1998,Kharif,Potato,900,14083,15.64777778
Karnataka,CHIKMAGALUR,1998,Kharif,Ragi,61058,104235,1.707147303
Karnataka,CHIKMAGALUR,1998,Kharif,Rapeseed &Mustard,505,139,0.275247525
Karnataka,CHIKMAGALUR,1998,Kharif,Rice,46109,108109,2.344639875
Karnataka,CHIKMAGALUR,1998,Kharif,Sesamum,3967,2386,0.601462062
Karnataka,CHIKMAGALUR,1998,Kharif,Soyabean,115,124,1.07826087
Karnataka,CHIKMAGALUR,1998,Kharif,Sunflower,14635,11206,0.765698668
Karnataka,CHIKMAGALUR,1998,Rabi,Gram,3670,3476,0.947138965
Karnataka,CHIKMAGALUR,1998,Rabi,Groundnut,1986,2847,1.433534743
Karnataka,CHIKMAGALUR,1998,Rabi,Horse-gram,9181,5050,0.550049014
Karnataka,CHIKMAGALUR,1998,Rabi,Jowar,6440,7054,1.095341615
Karnataka,CHIKMAGALUR,1998,Rabi,Moong(Green Gram),87,39,0.448275862
Karnataka,CHIKMAGALUR,1998,Rabi,Onion,10,103,10.3
Karnataka,CHIKMAGALUR,1998,Rabi,Peas & beans (Pulses),8,73,9.125
Karnataka,CHIKMAGALUR,1998,Rabi,Safflower,208,125,0.600961538
Karnataka,CHIKMAGALUR,1998,Rabi,Sunflower,177,49,0.276836158
Karnataka,CHIKMAGALUR,1998,Rabi,Wheat,62,58,0.935483871
Karnataka,CHIKMAGALUR,1998,Summer,Peas & beans (Pulses),26,225,8.653846154
Karnataka,CHIKMAGALUR,1998,Summer,Rice,3732,10704,2.868167203
Karnataka,CHIKMAGALUR,1998,Summer,Sunflower,1,1,1
Karnataka,CHIKMAGALUR,1998,Whole Year,Arecanut,12622,76737,6.079622881
Karnataka,CHIKMAGALUR,1998,Whole Year,Black pepper,647,711,1.098918083
Karnataka,CHIKMAGALUR,1998,Whole Year,Cardamom,2569,158,0.06150253
Karnataka,CHIKMAGALUR,1998,Whole Year,Coconut,30041,75720,2.520555241
Karnataka,CHIKMAGALUR,1998,Whole Year,Coriander,1390,142,0.102158273
Karnataka,CHIKMAGALUR,1998,Whole Year,Dry chillies,2962,809,0.273126266
Karnataka,CHIKMAGALUR,1998,Whole Year,Garlic,8,19,2.375
Karnataka,CHIKMAGALUR,1998,Whole Year,Turmeric,19,96,5.052631579
Karnataka,CHIKMAGALUR,1999,Kharif,Arhar/Tur,1191,679,0.570109152
Karnataka,CHIKMAGALUR,1999,Kharif,Castor seed,895,690,0.770949721
Karnataka,CHIKMAGALUR,1999,Kharif,Cotton(lint),2108,2489,1.180740038
Karnataka,CHIKMAGALUR,1999,Kharif,Dry ginger,71,868,12.22535211
Karnataka,CHIKMAGALUR,1999,Kharif,Groundnut,4264,3099,0.726782364
Karnataka,CHIKMAGALUR,1999,Kharif,Horse-gram,3138,1842,0.586998088
Karnataka,CHIKMAGALUR,1999,Kharif,Jowar,3835,3393,0.884745763
Karnataka,CHIKMAGALUR,1999,Kharif,Maize,212,489,2.306603774
Karnataka,CHIKMAGALUR,1999,Kharif,Moong(Green Gram),2356,801,0.339983022
Karnataka,CHIKMAGALUR,1999,Kharif,Niger seed,985,255,0.258883249
Karnataka,CHIKMAGALUR,1999,Kharif,Other Kharif pulses,5715,1321,0.231146107
Karnataka,CHIKMAGALUR,1999,Kharif,Ragi,55909,89066,1.593052997
Karnataka,CHIKMAGALUR,1999,Kharif,Rice,48320,114524,2.370115894
Karnataka,CHIKMAGALUR,1999,Kharif,Sesamum,5847,5010,0.856849666
Karnataka,CHIKMAGALUR,1999,Kharif,Small millets,503,296,0.588469185
Karnataka,CHIKMAGALUR,1999,Kharif,Soyabean,100,91,0.91
Karnataka,CHIKMAGALUR,1999,Kharif,Sunflower,6603,3005,0.455096168
Karnataka,CHIKMAGALUR,1999,Kharif,Urad,1188,386,0.324915825
Karnataka,CHIKMAGALUR,1999,Rabi,Gram,2635,1547,0.587096774
Karnataka,CHIKMAGALUR,1999,Rabi,Groundnut,1684,2785,1.653800475
Karnataka,CHIKMAGALUR,1999,Rabi,Horse-gram,10331,5712,0.552899042
Karnataka,CHIKMAGALUR,1999,Rabi,Jowar,5435,5938,1.092548298
Karnataka,CHIKMAGALUR,1999,Rabi,Moong(Green Gram),31,8,0.258064516
Karnataka,CHIKMAGALUR,1999,Rabi,Other  Rabi pulses,136,13,0.095588235
Karnataka,CHIKMAGALUR,1999,Rabi,Rapeseed &Mustard,355,98,0.276056338
Karnataka,CHIKMAGALUR,1999,Rabi,Safflower,250,188,0.752
Karnataka,CHIKMAGALUR,1999,Rabi,Sunflower,50,16,0.32
Karnataka,CHIKMAGALUR,1999,Rabi,Urad,46,17,0.369565217
Karnataka,CHIKMAGALUR,1999,Rabi,Wheat,58,27,0.465517241
Karnataka,CHIKMAGALUR,1999,Summer,Rice,4880,14836,3.040163934
Karnataka,CHIKMAGALUR,1999,Summer,Sunflower,1,1,1
Karnataka,CHIKMAGALUR,1999,Whole Year,Banana,1124,26822,23.86298932
Karnataka,CHIKMAGALUR,1999,Whole Year,Black pepper,961,1056,1.098855359
Karnataka,CHIKMAGALUR,1999,Whole Year,Cardamom,2601,160,0.061514802
Karnataka,CHIKMAGALUR,1999,Whole Year,Coconut,30161,76022,2.52053977
Karnataka,CHIKMAGALUR,1999,Whole Year,Coriander,1270,130,0.102362205
Karnataka,CHIKMAGALUR,1999,Whole Year,Dry chillies,3321,1641,0.494128275
Karnataka,CHIKMAGALUR,1999,Whole Year,Garlic,8,19,2.375
Karnataka,CHIKMAGALUR,1999,Whole Year,Onion,2814,30946,10.99715707
Karnataka,CHIKMAGALUR,1999,Whole Year,Potato,1024,16070,15.69335938
Karnataka,CHIKMAGALUR,1999,Whole Year,Sugarcane,1235,140790,114
Karnataka,CHIKMAGALUR,1999,Whole Year,Sweet potato,30,198,6.6
Karnataka,CHIKMAGALUR,1999,Whole Year,Tapioca,20,217,10.85
Karnataka,CHIKMAGALUR,1999,Whole Year,Tobacco,89,53,0.595505618
Karnataka,CHIKMAGALUR,1999,Whole Year,Turmeric,20,87,4.35
Karnataka,CHIKMAGALUR,2000,Kharif,Arhar/Tur,323,146,0.452012384
Karnataka,CHIKMAGALUR,2000,Kharif,Castor seed,698,1127,1.614613181
Karnataka,CHIKMAGALUR,2000,Kharif,Cotton(lint),1969,2906,1.475876079
Karnataka,CHIKMAGALUR,2000,Kharif,Dry ginger,522,6382,12.22605364
Karnataka,CHIKMAGALUR,2000,Kharif,Groundnut,2630,3393,1.290114068
Karnataka,CHIKMAGALUR,2000,Kharif,Horse-gram,2714,1328,0.489314665
Karnataka,CHIKMAGALUR,2000,Kharif,Jowar,3679,3958,1.075835825
Karnataka,CHIKMAGALUR,2000,Kharif,Maize,370,1237,3.343243243
Karnataka,CHIKMAGALUR,2000,Kharif,Moong(Green Gram),1374,544,0.395924309
Karnataka,CHIKMAGALUR,2000,Kharif,Niger seed,795,206,0.259119497
Karnataka,CHIKMAGALUR,2000,Kharif,Other Kharif pulses,7850,1831,0.233248408
Karnataka,CHIKMAGALUR,2000,Kharif,Ragi,65128,116628,1.790750522
Karnataka,CHIKMAGALUR,2000,Kharif,Rice,46223,114036,2.467083487
Karnataka,CHIKMAGALUR,2000,Kharif,Sesamum,4374,2925,0.66872428
Karnataka,CHIKMAGALUR,2000,Kharif,Small millets,547,379,0.692870201
Karnataka,CHIKMAGALUR,2000,Kharif,Soyabean,127,132,1.039370079
Karnataka,CHIKMAGALUR,2000,Kharif,Sunflower,6925,5013,0.723898917
Karnataka,CHIKMAGALUR,2000,Kharif,Urad,681,263,0.386196769
Karnataka,CHIKMAGALUR,2000,Rabi,Gram,2721,1388,0.510106578
Karnataka,CHIKMAGALUR,2000,Rabi,Groundnut,1034,1530,1.479690522
Karnataka,CHIKMAGALUR,2000,Rabi,Horse-gram,9036,3932,0.435148296
Karnataka,CHIKMAGALUR,2000,Rabi,Jowar,3791,3488,0.920073859
Karnataka,CHIKMAGALUR,2000,Rabi,Moong(Green Gram),36,10,0.277777778
Karnataka,CHIKMAGALUR,2000,Rabi,Other  Rabi pulses,137,13,0.094890511
Karnataka,CHIKMAGALUR,2000,Rabi,Rapeseed &Mustard,385,106,0.275324675
Karnataka,CHIKMAGALUR,2000,Rabi,Safflower,288,222,0.770833333
Karnataka,CHIKMAGALUR,2000,Rabi,Sunflower,20,8,0.4
Karnataka,CHIKMAGALUR,2000,Rabi,Urad,19,7,0.368421053
Karnataka,CHIKMAGALUR,2000,Rabi,Wheat,20,10,0.5
Karnataka,CHIKMAGALUR,2000,Summer,Rice,3014,7102,2.356337094
Karnataka,CHIKMAGALUR,2000,Whole Year,Arecanut,14186,16249,1.145425067
Karnataka,CHIKMAGALUR,2000,Whole Year,Banana,1239,23136,18.67312349
Karnataka,CHIKMAGALUR,2000,Whole Year,Black pepper,926,1018,1.099352052
Karnataka,CHIKMAGALUR,2000,Whole Year,Cardamom,2620,161,0.061450382
Karnataka,CHIKMAGALUR,2000,Whole Year,Coconut,30161,76022,2.52053977
Karnataka,CHIKMAGALUR,2000,Whole Year,Coriander,1206,123,0.10199005
Karnataka,CHIKMAGALUR,2000,Whole Year,Dry chillies,3078,2441,0.793047433
Karnataka,CHIKMAGALUR,2000,Whole Year,Garlic,10,24,2.4
Karnataka,CHIKMAGALUR,2000,Whole Year,Onion,2886,22825,7.908870409
Karnataka,CHIKMAGALUR,2000,Whole Year,Potato,853,8305,9.736225088
Karnataka,CHIKMAGALUR,2000,Whole Year,Sugarcane,2037,158682,77.89985272
Karnataka,CHIKMAGALUR,2000,Whole Year,Sweet potato,35,229,6.542857143
Karnataka,CHIKMAGALUR,2000,Whole Year,Tapioca,22,239,10.86363636
Karnataka,CHIKMAGALUR,2000,Whole Year,Tobacco,115,85,0.739130435
Karnataka,CHIKMAGALUR,2000,Whole Year,Turmeric,29,129,4.448275862
Karnataka,CHIKMAGALUR,2001,Kharif,Arhar/Tur,491,150,0.305498982
Karnataka,CHIKMAGALUR,2001,Kharif,Castor seed,738,496,0.672086721
Karnataka,CHIKMAGALUR,2001,Kharif,Cotton(lint),1537,1271,0.826935589
Karnataka,CHIKMAGALUR,2001,Kharif,Dry ginger,316,3864,12.2278481
Karnataka,CHIKMAGALUR,2001,Kharif,Groundnut,5348,4745,0.887247569
Karnataka,CHIKMAGALUR,2001,Kharif,Horse-gram,2915,1083,0.371526587
Karnataka,CHIKMAGALUR,2001,Kharif,Jowar,5212,3576,0.686108979
Karnataka,CHIKMAGALUR,2001,Kharif,Maize,505,1200,2.376237624
Karnataka,CHIKMAGALUR,2001,Kharif,Moong(Green Gram),2039,459,0.225110348
Karnataka,CHIKMAGALUR,2001,Kharif,Niger seed,915,237,0.259016393
Karnataka,CHIKMAGALUR,2001,Kharif,Other Kharif pulses,7281,1693,0.232523005
Karnataka,CHIKMAGALUR,2001,Kharif,Ragi,61247,87219,1.424053423
Karnataka,CHIKMAGALUR,2001,Kharif,Rice,44486,102979,2.314863103
Karnataka,CHIKMAGALUR,2001,Kharif,Sesamum,3781,1397,0.369478974
Karnataka,CHIKMAGALUR,2001,Kharif,Small millets,1819,1364,0.749862562
Karnataka,CHIKMAGALUR,2001,Kharif,Sunflower,3268,1645,0.503365973
Karnataka,CHIKMAGALUR,2001,Kharif,Urad,633,234,0.369668246
Karnataka,CHIKMAGALUR,2001,Rabi,Gram,2592,847,0.326774691
Karnataka,CHIKMAGALUR,2001,Rabi,Horse-gram,8922,3000,0.336247478
Karnataka,CHIKMAGALUR,2001,Rabi,Jowar,5078,4395,0.865498228
Karnataka,CHIKMAGALUR,2001,Rabi,Moong(Green Gram),22,6,0.272727273
Karnataka,CHIKMAGALUR,2001,Rabi,Other  Rabi pulses,90,9,0.1
Karnataka,CHIKMAGALUR,2001,Rabi,Ragi,202,227,1.123762376
Karnataka,CHIKMAGALUR,2001,Rabi,Rapeseed &Mustard,282,78,0.276595745
Karnataka,CHIKMAGALUR,2001,Rabi,Safflower,80,62,0.775
Karnataka,CHIKMAGALUR,2001,Rabi,Sunflower,283,100,0.35335689
Karnataka,CHIKMAGALUR,2001,Rabi,Urad,23,9,0.391304348
Karnataka,CHIKMAGALUR,2001,Rabi,Wheat,21,16,0.761904762
Karnataka,CHIKMAGALUR,2001,Summer,Rice,3067,8904,2.9031627
Karnataka,CHIKMAGALUR,2001,Whole Year,Arecanut,15796,18093,1.145416561
Karnataka,CHIKMAGALUR,2001,Whole Year,Black pepper,1570,1725,1.098726115
Karnataka,CHIKMAGALUR,2001,Whole Year,Coconut,31070,58750,1.890891535
Karnataka,CHIKMAGALUR,2001,Whole Year,Coriander,1594,163,0.102258469
Karnataka,CHIKMAGALUR,2001,Whole Year,Dry chillies,3545,3031,0.855007052
Karnataka,CHIKMAGALUR,2001,Whole Year,Onion,3130,15600,4.984025559
Karnataka,CHIKMAGALUR,2001,Whole Year,Peas & beans (Pulses),140,1034,7.385714286
Karnataka,CHIKMAGALUR,2001,Whole Year,Potato,2552,23524,9.217868339
Karnataka,CHIKMAGALUR,2001,Whole Year,Sugarcane,1867,150760,80.7498661
Karnataka,CHIKMAGALUR,2001,Whole Year,Turmeric,43,222,5.162790698
Karnataka,CHIKMAGALUR,2002,Kharif,Arhar/Tur,919,430,0.467899891
Karnataka,CHIKMAGALUR,2002,Kharif,Castor seed,694,641,0.923631124
Karnataka,CHIKMAGALUR,2002,Kharif,Cotton(lint),1711,1950,1.139684395
Karnataka,CHIKMAGALUR,2002,Kharif,Dry ginger,120,1467,12.225
Karnataka,CHIKMAGALUR,2002,Kharif,Groundnut,4263,3027,0.710063336
Karnataka,CHIKMAGALUR,2002,Kharif,Horse-gram,1355,741,0.546863469
Karnataka,CHIKMAGALUR,2002,Kharif,Jowar,5907,3964,0.671068224
Karnataka,CHIKMAGALUR,2002,Kharif,Maize,810,1397,1.724691358
Karnataka,CHIKMAGALUR,2002,Kharif,Moong(Green Gram),2770,113,0.040794224
Karnataka,CHIKMAGALUR,2002,Kharif,Niger seed,739,192,0.259810555
Karnataka,CHIKMAGALUR,2002,Kharif,Other Kharif pulses,6193,1421,0.229452608
Karnataka,CHIKMAGALUR,2002,Kharif,Ragi,56877,63813,1.12194736
Karnataka,CHIKMAGALUR,2002,Kharif,Rice,42970,84557,1.967814754
Karnataka,CHIKMAGALUR,2002,Kharif,Sesamum,4746,1335,0.281289507
Karnataka,CHIKMAGALUR,2002,Kharif,Small millets,678,558,0.82300885
Karnataka,CHIKMAGALUR,2002,Kharif,Sunflower,8498,2091,0.246057896
Karnataka,CHIKMAGALUR,2002,Kharif,Urad,780,111,0.142307692
Karnataka,CHIKMAGALUR,2002,Rabi,Gram,2035,885,0.434889435
Karnataka,CHIKMAGALUR,2002,Rabi,Groundnut,388,471,1.213917526
Karnataka,CHIKMAGALUR,2002,Rabi,Horse-gram,8740,4185,0.478832952
Karnataka,CHIKMAGALUR,2002,Rabi,Jowar,4630,3019,0.652051836
Karnataka,CHIKMAGALUR,2002,Rabi,Moong(Green Gram),37,7,0.189189189
Karnataka,CHIKMAGALUR,2002,Rabi,Other  Rabi pulses,359,42,0.116991643
Karnataka,CHIKMAGALUR,2002,Rabi,Ragi,885,497,0.561581921
Karnataka,CHIKMAGALUR,2002,Rabi,Rapeseed &Mustard,188,52,0.276595745
Karnataka,CHIKMAGALUR,2002,Rabi,Safflower,29,19,0.655172414
Karnataka,CHIKMAGALUR,2002,Rabi,Sunflower,11,4,0.363636364
Karnataka,CHIKMAGALUR,2002,Rabi,Urad,110,13,0.118181818
Karnataka,CHIKMAGALUR,2002,Rabi,Wheat,6,1,0.166666667
Karnataka,CHIKMAGALUR,2002,Summer,Rice,1014,2871,2.831360947
Karnataka,CHIKMAGALUR,2002,Whole Year,Arcanut (Processed),15910,18224,1.145443118
Karnataka,CHIKMAGALUR,2002,Whole Year,Atcanut (Raw),15910,96726,6.079572596
Karnataka,CHIKMAGALUR,2002,Whole Year,Banana,2241,25337,11.30611334
Karnataka,CHIKMAGALUR,2002,Whole Year,Beans & Mutter(Vegetable),187,1006,5.379679144
Karnataka,CHIKMAGALUR,2002,Whole Year,Black pepper,1664,1829,1.099158654
Karnataka,CHIKMAGALUR,2002,Whole Year,Brinjal,192,1326,6.90625
Karnataka,CHIKMAGALUR,2002,Whole Year,Cardamom,2872,176,0.061281337
Karnataka,CHIKMAGALUR,2002,Whole Year,Cashewnut Processed,299,34,0.113712375
Karnataka,CHIKMAGALUR,2002,Whole Year,Cashewnut Raw,299,136,0.454849498
Karnataka,CHIKMAGALUR,2002,Whole Year,Citrus Fruit,46,562,12.2173913
Karnataka,CHIKMAGALUR,2002,Whole Year,Coconut,31117,58833,1.890702831
Karnataka,CHIKMAGALUR,2002,Whole Year,Coriander,1305,133,0.101915709
Karnataka,CHIKMAGALUR,2002,Whole Year,Dry chillies,2438,3194,1.310090238
Karnataka,CHIKMAGALUR,2002,Whole Year,Grapes,19,565,29.73684211
Karnataka,CHIKMAGALUR,2002,Whole Year,Mango,1759,22753,12.93519045
Karnataka,CHIKMAGALUR,2002,Whole Year,Onion,3102,21476,6.923275306
Karnataka,CHIKMAGALUR,2002,Whole Year,Other Fresh Fruits,95,298,3.136842105
Karnataka,CHIKMAGALUR,2002,Whole Year,Pome Fruit,18,110,6.111111111
Karnataka,CHIKMAGALUR,2002,Whole Year,Potato,1265,2868,2.267193676
Karnataka,CHIKMAGALUR,2002,Whole Year,Sugarcane,1790,175152,97.85027933
Karnataka,CHIKMAGALUR,2002,Whole Year,Sweet potato,76,499,6.565789474
Karnataka,CHIKMAGALUR,2002,Whole Year,Tapioca,32,348,10.875
Karnataka,CHIKMAGALUR,2002,Whole Year,Tobacco,138,99,0.717391304
Karnataka,CHIKMAGALUR,2002,Whole Year,Tomato,971,10417,10.72811535
Karnataka,CHIKMAGALUR,2002,Whole Year,Turmeric,42,182,4.333333333
Karnataka,CHIKMAGALUR,2003,Kharif,Arhar/Tur,487,183,0.375770021
Karnataka,CHIKMAGALUR,2003,Kharif,Castor seed,743,666,0.896366083
Karnataka,CHIKMAGALUR,2003,Kharif,Cotton(lint),392,407,1.038265306
Karnataka,CHIKMAGALUR,2003,Kharif,Dry ginger,160,1956,12.225
Karnataka,CHIKMAGALUR,2003,Kharif,Groundnut,2778,1783,0.641828654
Karnataka,CHIKMAGALUR,2003,Kharif,Horse-gram,3361,1411,0.419815531
Karnataka,CHIKMAGALUR,2003,Kharif,Jowar,4112,1676,0.407587549
Karnataka,CHIKMAGALUR,2003,Kharif,Maize,637,946,1.485086342
Karnataka,CHIKMAGALUR,2003,Kharif,Moong(Green Gram),831,24,0.028880866
Karnataka,CHIKMAGALUR,2003,Kharif,Niger seed,637,165,0.259026688
Karnataka,CHIKMAGALUR,2003,Kharif,Other Kharif pulses,5096,1174,0.230376766
Karnataka,CHIKMAGALUR,2003,Kharif,Ragi,59855,45376,0.758098739
Karnataka,CHIKMAGALUR,2003,Kharif,Rice,40634,76842,1.891076438
Karnataka,CHIKMAGALUR,2003,Kharif,Sesamum,1075,449,0.417674419
Karnataka,CHIKMAGALUR,2003,Kharif,Small millets,1112,676,0.607913669
Karnataka,CHIKMAGALUR,2003,Kharif,Sunflower,9162,1854,0.202357564
Karnataka,CHIKMAGALUR,2003,Kharif,Urad,482,121,0.251037344
Karnataka,CHIKMAGALUR,2003,Rabi,Gram,2069,753,0.363943934
Karnataka,CHIKMAGALUR,2003,Rabi,Groundnut,412,400,0.970873786
Karnataka,CHIKMAGALUR,2003,Rabi,Horse-gram,5668,1890,0.333450953
Karnataka,CHIKMAGALUR,2003,Rabi,Jowar,10745,4308,0.400930665
Karnataka,CHIKMAGALUR,2003,Rabi,Moong(Green Gram),176,51,0.289772727
Karnataka,CHIKMAGALUR,2003,Rabi,Other  Rabi pulses,841,89,0.105826397
Karnataka,CHIKMAGALUR,2003,Rabi,Ragi,32,3,0.09375
Karnataka,CHIKMAGALUR,2003,Rabi,Rapeseed &Mustard,202,56,0.277227723
Karnataka,CHIKMAGALUR,2003,Rabi,Safflower,4,2,0.5
Karnataka,CHIKMAGALUR,2003,Rabi,Sunflower,173,31,0.179190751
Karnataka,CHIKMAGALUR,2003,Rabi,Urad,67,35,0.52238806
Karnataka,CHIKMAGALUR,2003,Rabi,Wheat,1,1,1
Karnataka,CHIKMAGALUR,2003,Summer,Rice,855,3103,3.629239766
Karnataka,CHIKMAGALUR,2003,Summer,Sunflower,5,3,0.6
Karnataka,CHIKMAGALUR,2003,Whole Year,Arecanut,16347,18724,1.145408944
Karnataka,CHIKMAGALUR,2003,Whole Year,Banana,1320,5951,4.508333333
Karnataka,CHIKMAGALUR,2003,Whole Year,Beans & Mutter(Vegetable),2282,15472,6.780017528
Karnataka,CHIKMAGALUR,2003,Whole Year,Black pepper,1761,1935,1.098807496
Karnataka,CHIKMAGALUR,2003,Whole Year,Brinjal,81,512,6.320987654
Karnataka,CHIKMAGALUR,2003,Whole Year,Cardamom,2917,179,0.061364415
Karnataka,CHIKMAGALUR,2003,Whole Year,Citrus Fruit,39,117,3
Karnataka,CHIKMAGALUR,2003,Whole Year,Coconut,31177,58953,1.890913173
Karnataka,CHIKMAGALUR,2003,Whole Year,Coriander,1338,136,0.101644245
Karnataka,CHIKMAGALUR,2003,Whole Year,Dry chillies,2271,2896,1.275209159
Karnataka,CHIKMAGALUR,2003,Whole Year,Mango,1734,9816,5.660899654
Karnataka,CHIKMAGALUR,2003,Whole Year,Onion,3375,14091,4.175111111
Karnataka,CHIKMAGALUR,2003,Whole Year,Other Fresh Fruits,93,247,2.655913978
Karnataka,CHIKMAGALUR,2003,Whole Year,Pome Fruit,13,72,5.538461538
Karnataka,CHIKMAGALUR,2003,Whole Year,Potato,3454,20360,5.894614939
Karnataka,CHIKMAGALUR,2003,Whole Year,Sugarcane,1274,108927,85.5
Karnataka,CHIKMAGALUR,2003,Whole Year,Sweet potato,109,715,6.559633028
Karnataka,CHIKMAGALUR,2003,Whole Year,Tapioca,39,424,10.87179487
Karnataka,CHIKMAGALUR,2003,Whole Year,Tobacco,85,48,0.564705882
Karnataka,CHIKMAGALUR,2003,Whole Year,Tomato,586,5264,8.982935154
Karnataka,CHIKMAGALUR,2003,Whole Year,Turmeric,29,141,4.862068966
Karnataka,CHIKMAGALUR,2004,Kharif,Arhar/Tur,891,461,0.517396184
Karnataka,CHIKMAGALUR,2004,Kharif,Castor seed,537,466,0.867783985
Karnataka,CHIKMAGALUR,2004,Kharif,Cotton(lint),2037,2504,1.229258714
Karnataka,CHIKMAGALUR,2004,Kharif,Dry ginger,928,11346,12.2262931
Karnataka,CHIKMAGALUR,2004,Kharif,Groundnut,4280,2935,0.685747664
Karnataka,CHIKMAGALUR,2004,Kharif,Horse-gram,4647,2852,0.613729288
Karnataka,CHIKMAGALUR,2004,Kharif,Jowar,4934,4833,0.979529793
Karnataka,CHIKMAGALUR,2004,Kharif,Maize,2007,3938,1.962132536
Karnataka,CHIKMAGALUR,2004,Kharif,Moong(Green Gram),3208,634,0.197630923
Karnataka,CHIKMAGALUR,2004,Kharif,Niger seed,1115,289,0.259192825
Karnataka,CHIKMAGALUR,2004,Kharif,Other Kharif pulses,4545,1045.35,0.23
Karnataka,CHIKMAGALUR,2004,Kharif,Ragi,57852,102283,1.768011478
Karnataka,CHIKMAGALUR,2004,Kharif,Rice,41900,105085.2,2.508
Karnataka,CHIKMAGALUR,2004,Kharif,Sesamum,5933,3665,0.617731333
Karnataka,CHIKMAGALUR,2004,Kharif,Small millets,1376,844,0.613372093
Karnataka,CHIKMAGALUR,2004,Kharif,Sunflower,14147,8589,0.607125186
Karnataka,CHIKMAGALUR,2004,Kharif,Urad,876,101,0.115296804
Karnataka,CHIKMAGALUR,2004,Rabi,Gram,3038,1319,0.434167215
Karnataka,CHIKMAGALUR,2004,Rabi,Groundnut,293,267,0.911262799
Karnataka,CHIKMAGALUR,2004,Rabi,Horse-gram,6327,2711,0.428481113
Karnataka,CHIKMAGALUR,2004,Rabi,Jowar,7729,4853,0.627894941
Karnataka,CHIKMAGALUR,2004,Rabi,Moong(Green Gram),17,4,0.235294118
Karnataka,CHIKMAGALUR,2004,Rabi,Other  Rabi pulses,67,9,0.134328358
Karnataka,CHIKMAGALUR,2004,Rabi,Ragi,40,66,1.65
Karnataka,CHIKMAGALUR,2004,Rabi,Rapeseed &Mustard,226,62,0.274336283
Karnataka,CHIKMAGALUR,2004,Rabi,Safflower,10,5,0.5
Karnataka,CHIKMAGALUR,2004,Rabi,Sunflower,722,211,0.292243767
Karnataka,CHIKMAGALUR,2004,Rabi,Urad,23,8,0.347826087
Karnataka,CHIKMAGALUR,2004,Rabi,Wheat,6,9,1.5
Karnataka,CHIKMAGALUR,2004,Summer,Rice,3759,16816,4.473530194
Karnataka,CHIKMAGALUR,2004,Summer,Sunflower,40,26,0.65
Karnataka,CHIKMAGALUR,2004,Whole Year,Arecanut,16616,19032,1.145402022
Karnataka,CHIKMAGALUR,2004,Whole Year,Banana,1612,4465,2.769851117
Karnataka,CHIKMAGALUR,2004,Whole Year,Black pepper,1939,2131,1.099020113
Karnataka,CHIKMAGALUR,2004,Whole Year,Cardamom,2724,167,0.061306902
Karnataka,CHIKMAGALUR,2004,Whole Year,Coconut,31122,594430.2,19.1
Karnataka,CHIKMAGALUR,2004,Whole Year,Coriander,1463,149,0.101845523
Karnataka,CHIKMAGALUR,2004,Whole Year,Dry chillies,5654,5275,0.93296781
Karnataka,CHIKMAGALUR,2004,Whole Year,Onion,5608,37927,6.763017118
Karnataka,CHIKMAGALUR,2004,Whole Year,Potato,4051,32815,8.10046902
Karnataka,CHIKMAGALUR,2004,Whole Year,Sweet potato,177,1162,6.564971751
Karnataka,CHIKMAGALUR,2004,Whole Year,Tapioca,36,391,10.86111111
Karnataka,CHIKMAGALUR,2004,Whole Year,Tobacco,135,100,0.740740741
Karnataka,CHIKMAGALUR,2004,Whole Year,Turmeric,30,143,4.766666667
Karnataka,CHIKMAGALUR,2005,Kharif,Arhar/Tur,652,443,0.679447853
Karnataka,CHIKMAGALUR,2005,Kharif,Castor seed,851,885,1.039952996
Karnataka,CHIKMAGALUR,2005,Kharif,Dry chillies,6210,6055,0.975040258
Karnataka,CHIKMAGALUR,2005,Kharif,Groundnut,4817,4047,0.840149471
Karnataka,CHIKMAGALUR,2005,Kharif,Horse-gram,3733,2131,0.570854541
Karnataka,CHIKMAGALUR,2005,Kharif,Jowar,3757,4360,1.160500399
Karnataka,CHIKMAGALUR,2005,Kharif,Maize,2079,8086,3.889369889
Karnataka,CHIKMAGALUR,2005,Kharif,Moong(Green Gram),1360,213,0.156617647
Karnataka,CHIKMAGALUR,2005,Kharif,Niger seed,525,136,0.259047619
Karnataka,CHIKMAGALUR,2005,Kharif,Onion,6663,49740,7.465105808
Karnataka,CHIKMAGALUR,2005,Kharif,Other Kharif pulses,4340,999,0.230184332
Karnataka,CHIKMAGALUR,2005,Kharif,Peas & beans (Pulses),540,3175,5.87962963
Karnataka,CHIKMAGALUR,2005,Kharif,Potato,4388,20864,4.754785779
Karnataka,CHIKMAGALUR,2005,Kharif,Ragi,60684,105403,1.736915826
Karnataka,CHIKMAGALUR,2005,Kharif,Rice,40973,97398,2.3771264
Karnataka,CHIKMAGALUR,2005,Kharif,Sesamum,7809,9971,1.276860033
Karnataka,CHIKMAGALUR,2005,Kharif,Small millets,3103,2386,0.76893329
Karnataka,CHIKMAGALUR,2005,Kharif,Sunflower,12109,9281,0.766454703
Karnataka,CHIKMAGALUR,2005,Kharif,Urad,727,61,0.083906465
Karnataka,CHIKMAGALUR,2005,Rabi,Dry chillies,7,11,1.571428571
Karnataka,CHIKMAGALUR,2005,Rabi,Gram,4003,1240,0.309767674
Karnataka,CHIKMAGALUR,2005,Rabi,Groundnut,741,363,0.489878543
Karnataka,CHIKMAGALUR,2005,Rabi,Horse-gram,7143,3671,0.513929721
Karnataka,CHIKMAGALUR,2005,Rabi,Jowar,8101,6434,0.794222935
Karnataka,CHIKMAGALUR,2005,Rabi,Moong(Green Gram),14,4,0.285714286
Karnataka,CHIKMAGALUR,2005,Rabi,Onion,9,93,10.33333333
Karnataka,CHIKMAGALUR,2005,Rabi,Other  Rabi pulses,79,9,0.113924051
Karnataka,CHIKMAGALUR,2005,Rabi,Peas & beans (Pulses),3,21,7
Karnataka,CHIKMAGALUR,2005,Rabi,Potato,22,398,18.09090909
Karnataka,CHIKMAGALUR,2005,Rabi,Ragi,38,110,2.894736842
Karnataka,CHIKMAGALUR,2005,Rabi,Rapeseed &Mustard,191,53,0.277486911
Karnataka,CHIKMAGALUR,2005,Rabi,Safflower,43,33,0.76744186
Karnataka,CHIKMAGALUR,2005,Rabi,Sunflower,464,187,0.403017241
Karnataka,CHIKMAGALUR,2005,Rabi,Urad,6,3,0.5
Karnataka,CHIKMAGALUR,2005,Rabi,Wheat,7,8,1.142857143
Karnataka,CHIKMAGALUR,2005,Summer,Dry chillies,33,87,2.636363636
Karnataka,CHIKMAGALUR,2005,Summer,Onion,2,33,16.5
Karnataka,CHIKMAGALUR,2005,Summer,Peas & beans (Pulses),15,76,5.066666667
Karnataka,CHIKMAGALUR,2005,Summer,Rice,3860,10458,2.709326425
Karnataka,CHIKMAGALUR,2005,Whole Year,Arecanut,18192,110600,6.079595427
Karnataka,CHIKMAGALUR,2005,Whole Year,Banana,1609,7797,4.845866998
Karnataka,CHIKMAGALUR,2005,Whole Year,Black pepper,2088,2295,1.099137931
Karnataka,CHIKMAGALUR,2005,Whole Year,Cardamom,2524,155,0.06141046
Karnataka,CHIKMAGALUR,2005,Whole Year,Coconut,37769,71417,1.890889354
Karnataka,CHIKMAGALUR,2005,Whole Year,Coriander,1235,126,0.102024291
Karnataka,CHIKMAGALUR,2005,Whole Year,Cotton(lint),2157,1796,0.832637923
Karnataka,CHIKMAGALUR,2005,Whole Year,Dry ginger,1330,16261,12.22631579
Karnataka,CHIKMAGALUR,2005,Whole Year,Sugarcane,1504,132878,88.34973404
Karnataka,CHIKMAGALUR,2005,Whole Year,Sweet potato,173,1136,6.566473988
Karnataka,CHIKMAGALUR,2005,Whole Year,Tapioca,20,217,10.85
Karnataka,CHIKMAGALUR,2005,Whole Year,Tobacco,136,86,0.632352941
Karnataka,CHIKMAGALUR,2005,Whole Year,Turmeric,52,278,5.346153846
Karnataka,CHIKMAGALUR,2006,Kharif,Arhar/Tur,712,314,0.441011236
Karnataka,CHIKMAGALUR,2006,Kharif,Castor seed,698,558,0.799426934
Karnataka,CHIKMAGALUR,2006,Kharif,Gram,754,145,0.192307692
Karnataka,CHIKMAGALUR,2006,Kharif,Groundnut,4700,2246,0.47787234
Karnataka,CHIKMAGALUR,2006,Kharif,Horse-gram,2081,965,0.463719366
Karnataka,CHIKMAGALUR,2006,Kharif,Jowar,3052,2054,0.673001311
Karnataka,CHIKMAGALUR,2006,Kharif,Maize,2333,8768,3.758251179
Karnataka,CHIKMAGALUR,2006,Kharif,Moong(Green Gram),1475,308,0.208813559
Karnataka,CHIKMAGALUR,2006,Kharif,Niger seed,1009,262,0.259663033
Karnataka,CHIKMAGALUR,2006,Kharif,Other Kharif pulses,4046,3769,0.931537321
Karnataka,CHIKMAGALUR,2006,Kharif,Ragi,52424,64535,1.231020143
Karnataka,CHIKMAGALUR,2006,Kharif,Rapeseed &Mustard,112,31,0.276785714
Karnataka,CHIKMAGALUR,2006,Kharif,Rice,42119,102630,2.436667537
Karnataka,CHIKMAGALUR,2006,Kharif,Sesamum,4450,4092,0.919550562
Karnataka,CHIKMAGALUR,2006,Kharif,Small millets,1955,1282,0.655754476
Karnataka,CHIKMAGALUR,2006,Kharif,Sunflower,16374,6627,0.404727006
Karnataka,CHIKMAGALUR,2006,Kharif,Urad,754,145,0.192307692
Karnataka,CHIKMAGALUR,2006,Rabi,Gram,5673,927,0.163405605
Karnataka,CHIKMAGALUR,2006,Rabi,Groundnut,240,141,0.5875
Karnataka,CHIKMAGALUR,2006,Rabi,Horse-gram,10453,3982,0.38094327
Karnataka,CHIKMAGALUR,2006,Rabi,Jowar,6755,4832,0.715321984
Karnataka,CHIKMAGALUR,2006,Rabi,Moong(Green Gram),16,5,0.3125
Karnataka,CHIKMAGALUR,2006,Rabi,Other  Rabi pulses,27,7,0.259259259
Karnataka,CHIKMAGALUR,2006,Rabi,Ragi,34,68,2
Karnataka,CHIKMAGALUR,2006,Rabi,Safflower,105,78,0.742857143
Karnataka,CHIKMAGALUR,2006,Rabi,Sunflower,185,51,0.275675676
Karnataka,CHIKMAGALUR,2006,Rabi,Urad,18,9,0.5
Karnataka,CHIKMAGALUR,2006,Rabi,Wheat,5,6,1.2
Karnataka,CHIKMAGALUR,2006,Summer,Rice,3562,9610,2.697922515
Karnataka,CHIKMAGALUR,2006,Whole Year,Arecanut,19046,21816,1.145437362
Karnataka,CHIKMAGALUR,2006,Whole Year,Banana,1313,6373,4.853769992
Karnataka,CHIKMAGALUR,2006,Whole Year,Black pepper,2210,2429,1.099095023
Karnataka,CHIKMAGALUR,2006,Whole Year,Cardamom,2639,162,0.061386889
Karnataka,CHIKMAGALUR,2006,Whole Year,Coconut,37921,71705,1.890904776
Karnataka,CHIKMAGALUR,2006,Whole Year,Coriander,784,80,0.102040816
Karnataka,CHIKMAGALUR,2006,Whole Year,Cotton(lint),2023,2227,1.100840336
Karnataka,CHIKMAGALUR,2006,Whole Year,Dry chillies,2909,1769,0.608112754
Karnataka,CHIKMAGALUR,2006,Whole Year,Dry ginger,800,9781,12.22625
Karnataka,CHIKMAGALUR,2006,Whole Year,Onion,4043,25486,6.30373485
Karnataka,CHIKMAGALUR,2006,Whole Year,Potato,4484,37548,8.373773417
Karnataka,CHIKMAGALUR,2006,Whole Year,Sugarcane,2632,207533,78.84992401
Karnataka,CHIKMAGALUR,2006,Whole Year,Sweet potato,28,184,6.571428571
Karnataka,CHIKMAGALUR,2006,Whole Year,Tapioca,20,217,10.85
Karnataka,CHIKMAGALUR,2006,Whole Year,Tobacco,78,35,0.448717949
Karnataka,CHIKMAGALUR,2006,Whole Year,Turmeric,55,278,5.054545455
Karnataka,CHIKMAGALUR,2007,Kharif,Arhar/Tur,811,537,0.662145499
Karnataka,CHIKMAGALUR,2007,Kharif,Castor seed,979,657,0.671092952
Karnataka,CHIKMAGALUR,2007,Kharif,Dry chillies,2563,2449,0.955520874
Karnataka,CHIKMAGALUR,2007,Kharif,Groundnut,4341,3122,0.719189127
Karnataka,CHIKMAGALUR,2007,Kharif,Horse-gram,2400,1446,0.6025
Karnataka,CHIKMAGALUR,2007,Kharif,Jowar,3290,4081,1.240425532
Karnataka,CHIKMAGALUR,2007,Kharif,Maize,4209,12300,2.922309337
Karnataka,CHIKMAGALUR,2007,Kharif,Moong(Green Gram),3068,723,0.235658409
Karnataka,CHIKMAGALUR,2007,Kharif,Niger seed,1276,480,0.376175549
Karnataka,CHIKMAGALUR,2007,Kharif,Onion,3735,22496,6.023025435
Karnataka,CHIKMAGALUR,2007,Kharif,Other Kharif pulses,3730,3671,0.984182306
Karnataka,CHIKMAGALUR,2007,Kharif,Potato,4279,25268,5.905118018
Karnataka,CHIKMAGALUR,2007,Kharif,Ragi,52441,77935,1.486146336
Karnataka,CHIKMAGALUR,2007,Kharif,Rapeseed &Mustard,139,51,0.366906475
Karnataka,CHIKMAGALUR,2007,Kharif,Rice,38745,102482,2.645038069
Karnataka,CHIKMAGALUR,2007,Kharif,Sesamum,5995,4499,0.750458716
Karnataka,CHIKMAGALUR,2007,Kharif,Small millets,876,406,0.46347032
Karnataka,CHIKMAGALUR,2007,Kharif,Sunflower,16504,11493,0.696376636
Karnataka,CHIKMAGALUR,2007,Kharif,Urad,997,246,0.246740221
Karnataka,CHIKMAGALUR,2007,Rabi,Dry chillies,9,16,1.777777778
Karnataka,CHIKMAGALUR,2007,Rabi,Gram,6702,2751,0.410474485
Karnataka,CHIKMAGALUR,2007,Rabi,Groundnut,265,159,0.6
Karnataka,CHIKMAGALUR,2007,Rabi,Horse-gram,6940,3923,0.565273775
Karnataka,CHIKMAGALUR,2007,Rabi,Jowar,5933,7062,1.190291589
Karnataka,CHIKMAGALUR,2007,Rabi,Moong(Green Gram),25,8,0.32
Karnataka,CHIKMAGALUR,2007,Rabi,Onion,21,177,8.428571429
Karnataka,CHIKMAGALUR,2007,Rabi,Other  Rabi pulses,33,9,0.272727273
Karnataka,CHIKMAGALUR,2007,Rabi,Potato,32,394,12.3125
Karnataka,CHIKMAGALUR,2007,Rabi,Ragi,22,48,2.181818182
Karnataka,CHIKMAGALUR,2007,Rabi,Safflower,52,44,0.846153846
Karnataka,CHIKMAGALUR,2007,Rabi,Sunflower,100,37,0.37
Karnataka,CHIKMAGALUR,2007,Rabi,Urad,26,10,0.384615385
Karnataka,CHIKMAGALUR,2007,Rabi,Wheat,10,15,1.5
Karnataka,CHIKMAGALUR,2007,Summer,Onion,2,17,8.5
Karnataka,CHIKMAGALUR,2007,Summer,Rice,3262,8510,2.608828939
Karnataka,CHIKMAGALUR,2007,Whole Year,Arecanut,19453,118266,6.079576415
Karnataka,CHIKMAGALUR,2007,Whole Year,Banana,1896,3109,1.639767932
Karnataka,CHIKMAGALUR,2007,Whole Year,Black pepper,2256,7035,3.118351064
Karnataka,CHIKMAGALUR,2007,Whole Year,Cardamom,2294,143,0.06233653
Karnataka,CHIKMAGALUR,2007,Whole Year,Coconut,37963,140787,3.708531992
Karnataka,CHIKMAGALUR,2007,Whole Year,Coriander,609,174,0.285714286
Karnataka,CHIKMAGALUR,2007,Whole Year,Cotton(lint),1868,3372,1.805139186
Karnataka,CHIKMAGALUR,2007,Whole Year,Dry ginger,638,13093,20.52194357
Karnataka,CHIKMAGALUR,2007,Whole Year,Sugarcane,827,64423,77.89963724
Karnataka,CHIKMAGALUR,2007,Whole Year,Sweet potato,31,203,6.548387097
Karnataka,CHIKMAGALUR,2007,Whole Year,Tapioca,18,196,10.88888889
Karnataka,CHIKMAGALUR,2007,Whole Year,Tobacco,52,22,0.423076923
Karnataka,CHIKMAGALUR,2007,Whole Year,Turmeric,49,381,7.775510204
Karnataka,CHIKMAGALUR,2008,Kharif,Arhar/Tur,597,314,0.525963149
Karnataka,CHIKMAGALUR,2008,Kharif,Castor seed,570,540,0.947368421
Karnataka,CHIKMAGALUR,2008,Kharif,Dry chillies,2458,985,0.400732303
Karnataka,CHIKMAGALUR,2008,Kharif,Groundnut,3522,3329,0.94520159
Karnataka,CHIKMAGALUR,2008,Kharif,Horse-gram,2375,1534,0.645894737
Karnataka,CHIKMAGALUR,2008,Kharif,Jowar,2819,2377,0.843206811
Karnataka,CHIKMAGALUR,2008,Kharif,Maize,4639,11375,2.452037077
Karnataka,CHIKMAGALUR,2008,Kharif,Moong(Green Gram),2506,164,0.065442937
Karnataka,CHIKMAGALUR,2008,Kharif,Niger seed,1460,477,0.326712329
Karnataka,CHIKMAGALUR,2008,Kharif,Onion,3575,20812,5.821538462
Karnataka,CHIKMAGALUR,2008,Kharif,Other Kharif pulses,4223,4129,0.977740942
Karnataka,CHIKMAGALUR,2008,Kharif,Potato,4418,13892,3.144409235
Karnataka,CHIKMAGALUR,2008,Kharif,Ragi,59297,97399,1.642562018
Karnataka,CHIKMAGALUR,2008,Kharif,Rice,40566,100583.4,2.479500074
Karnataka,CHIKMAGALUR,2008,Kharif,Sesamum,5525,4105,0.742986425
Karnataka,CHIKMAGALUR,2008,Kharif,Sunflower,13817,5920,0.428457697
Karnataka,CHIKMAGALUR,2008,Kharif,Urad,795,47,0.059119497
Karnataka,CHIKMAGALUR,2008,Rabi,Dry chillies,10,17,1.7
Karnataka,CHIKMAGALUR,2008,Rabi,Gram,7663,3618,0.472138849
Karnataka,CHIKMAGALUR,2008,Rabi,Groundnut,247,168,0.680161943
Karnataka,CHIKMAGALUR,2008,Rabi,Horse-gram,7141,4308,0.603276852
Karnataka,CHIKMAGALUR,2008,Rabi,Jowar,6662,4981,0.747673371
Karnataka,CHIKMAGALUR,2008,Rabi,Moong(Green Gram),17,4,0.235294118
Karnataka,CHIKMAGALUR,2008,Rabi,Onion,15,100,6.666666667
Karnataka,CHIKMAGALUR,2008,Rabi,Other  Rabi pulses,26,8,0.307692308
Karnataka,CHIKMAGALUR,2008,Rabi,Potato,18,259,14.38888889
Karnataka,CHIKMAGALUR,2008,Rabi,Ragi,9,11,1.222222222
Karnataka,CHIKMAGALUR,2008,Rabi,Rapeseed &Mustard,146,59,0.404109589
Karnataka,CHIKMAGALUR,2008,Rabi,Safflower,54,44,0.814814815
Karnataka,CHIKMAGALUR,2008,Rabi,Sunflower,134,36,0.268656716
Karnataka,CHIKMAGALUR,2008,Rabi,Urad,22,10,0.454545455
Karnataka,CHIKMAGALUR,2008,Rabi,Wheat,9,10,1.111111111
Karnataka,CHIKMAGALUR,2008,Summer,Onion,2,11,5.5
Karnataka,CHIKMAGALUR,2008,Summer,Rice,3223,7704,2.390319578
Karnataka,CHIKMAGALUR,2008,Whole Year,Arecanut,19751,120078,6.079590907
Karnataka,CHIKMAGALUR,2008,Whole Year,Banana,2085,9216,4.420143885
Karnataka,CHIKMAGALUR,2008,Whole Year,Black pepper,2274,9635,4.237027265
Karnataka,CHIKMAGALUR,2008,Whole Year,Cardamom,2304,162,0.0703125
Karnataka,CHIKMAGALUR,2008,Whole Year,Cashewnut,477,216.28,0.453417191
Karnataka,CHIKMAGALUR,2008,Whole Year,Coconut,37990,184478,4.855962095
Karnataka,CHIKMAGALUR,2008,Whole Year,Coriander,595,180,0.302521008
Karnataka,CHIKMAGALUR,2008,Whole Year,Cotton(lint),1202,1364,1.134775374
Karnataka,CHIKMAGALUR,2008,Whole Year,Dry ginger,268,8538,31.85820896
Karnataka,CHIKMAGALUR,2008,Whole Year,Sugarcane,688,39216,57
Karnataka,CHIKMAGALUR,2008,Whole Year,Sweet potato,28,283,10.10714286
Karnataka,CHIKMAGALUR,2008,Whole Year,Tapioca,18,175,9.722222222
Karnataka,CHIKMAGALUR,2008,Whole Year,Tobacco,38,19,0.5
Karnataka,CHIKMAGALUR,2008,Whole Year,Turmeric,6,6,1
Karnataka,CHIKMAGALUR,2009,Kharif,Arhar/Tur,717,332,0.463040446
Karnataka,CHIKMAGALUR,2009,Kharif,Castor seed,667,431,0.646176912
Karnataka,CHIKMAGALUR,2009,Kharif,Gram,1860,1350,0.725806452
Karnataka,CHIKMAGALUR,2009,Kharif,Groundnut,4408,4472,1.014519056
Karnataka,CHIKMAGALUR,2009,Kharif,Horse-gram,1860,1350,0.725806452
Karnataka,CHIKMAGALUR,2009,Kharif,Jowar,2615,2412,0.922370937
Karnataka,CHIKMAGALUR,2009,Kharif,Maize,10697,29449,2.753014864
Karnataka,CHIKMAGALUR,2009,Kharif,Moong(Green Gram),3082,902,0.292667099
Karnataka,CHIKMAGALUR,2009,Kharif,Niger seed,1070,338,0.31588785
Karnataka,CHIKMAGALUR,2009,Kharif,Onion,2792,24699,8.846346705
Karnataka,CHIKMAGALUR,2009,Kharif,Other Kharif pulses,3752,2825,0.75293177
Karnataka,CHIKMAGALUR,2009,Kharif,Potato,4550,31909,7.012967033
Karnataka,CHIKMAGALUR,2009,Kharif,Ragi,52360,89380,1.707028266
Karnataka,CHIKMAGALUR,2009,Kharif,Rice,40065,100102.4,2.498499938
Karnataka,CHIKMAGALUR,2009,Kharif,Sesamum,6618,4508,0.68117256
Karnataka,CHIKMAGALUR,2009,Kharif,Small millets,1407,698,0.496090974
Karnataka,CHIKMAGALUR,2009,Kharif,Sunflower,13566,6199,0.456951202
Karnataka,CHIKMAGALUR,2009,Kharif,Urad,802,212,0.264339152
Karnataka,CHIKMAGALUR,2009,Rabi,Dry chillies,9,27,3
Karnataka,CHIKMAGALUR,2009,Rabi,Gram,6274,4321,0.688715333
Karnataka,CHIKMAGALUR,2009,Rabi,Groundnut,392,363,0.926020408
Karnataka,CHIKMAGALUR,2009,Rabi,Horse-gram,6274,4321,0.688715333
Karnataka,CHIKMAGALUR,2009,Rabi,Jowar,6942,4920,0.708729473
Karnataka,CHIKMAGALUR,2009,Rabi,Moong(Green Gram),25,7,0.28
Karnataka,CHIKMAGALUR,2009,Rabi,Other  Rabi pulses,47,12,0.255319149
Karnataka,CHIKMAGALUR,2009,Rabi,Potato,28,413,14.75
Karnataka,CHIKMAGALUR,2009,Rabi,Rapeseed &Mustard,151,44,0.291390728
Karnataka,CHIKMAGALUR,2009,Rabi,Safflower,30,23,0.766666667
Karnataka,CHIKMAGALUR,2009,Rabi,Sunflower,109,43,0.394495413
Karnataka,CHIKMAGALUR,2009,Rabi,Urad,33,13,0.393939394
Karnataka,CHIKMAGALUR,2009,Rabi,Wheat,7,7,1
Karnataka,CHIKMAGALUR,2009,Summer,Onion,2,15,7.5
Karnataka,CHIKMAGALUR,2009,Summer,Rice,3577,8166,2.282918647
Karnataka,CHIKMAGALUR,2009,Whole Year,Arecanut,20563,125015,6.079609006
Karnataka,CHIKMAGALUR,2009,Whole Year,Banana,2228,16262,7.298922801
Karnataka,CHIKMAGALUR,2009,Whole Year,Black pepper,3524,12978,3.682746879
Karnataka,CHIKMAGALUR,2009,Whole Year,Cardamom,2221,158,0.071139127
Karnataka,CHIKMAGALUR,2009,Whole Year,Cashewnut,393,298,0.75826972
Karnataka,CHIKMAGALUR,2009,Whole Year,Coconut,37996,203239,5.348957785
Karnataka,CHIKMAGALUR,2009,Whole Year,Coriander,477,144,0.301886792
Karnataka,CHIKMAGALUR,2009,Whole Year,Cotton(lint),1028,1425,1.38618677
Karnataka,CHIKMAGALUR,2009,Whole Year,Dry ginger,353,11117,31.49291785
Karnataka,CHIKMAGALUR,2009,Whole Year,Sugarcane,620,48887,78.85
Karnataka,CHIKMAGALUR,2009,Whole Year,Sweet potato,39,256,6.564102564
Karnataka,CHIKMAGALUR,2009,Whole Year,Tapioca,20,185,9.25
Karnataka,CHIKMAGALUR,2009,Whole Year,Tobacco,35,27,0.771428571
Karnataka,CHIKMAGALUR,2010,Kharif,Arhar/Tur,737,432,0.586160109
Karnataka,CHIKMAGALUR,2010,Kharif,Castor seed,587,491,0.836456559
Karnataka,CHIKMAGALUR,2010,Kharif,Cotton(lint),877,2044,2.330672748
Karnataka,CHIKMAGALUR,2010,Kharif,Cowpea(Lobia),839,220,0.262216925
Karnataka,CHIKMAGALUR,2010,Kharif,Dry chillies,1576,957,0.607233503
Karnataka,CHIKMAGALUR,2010,Kharif,Groundnut,3349,3783,1.129590923
Karnataka,CHIKMAGALUR,2010,Kharif,Horse-gram,2070,1318,0.636714976
Karnataka,CHIKMAGALUR,2010,Kharif,Jowar,2353,2949,1.253293668
Karnataka,CHIKMAGALUR,2010,Kharif,Maize,15590,53496,3.431430404
Karnataka,CHIKMAGALUR,2010,Kharif,Moong(Green Gram),3439,902,0.262285548
Karnataka,CHIKMAGALUR,2010,Kharif,Niger seed,1093,329,0.301006404
Karnataka,CHIKMAGALUR,2010,Kharif,Onion,2505,24733,9.873453094
Karnataka,CHIKMAGALUR,2010,Kharif,Other Kharif pulses,3339,3864,1.157232704
Karnataka,CHIKMAGALUR,2010,Kharif,Peas & beans (Pulses),138,962,6.971014493
Karnataka,CHIKMAGALUR,2010,Kharif,Potato,5000,29954,5.9908
Karnataka,CHIKMAGALUR,2010,Kharif,Ragi,52560,93115,1.771594368
Karnataka,CHIKMAGALUR,2010,Kharif,Rice,40562,111308,2.744144766
Karnataka,CHIKMAGALUR,2010,Kharif,Sesamum,8025,6564,0.817943925
Karnataka,CHIKMAGALUR,2010,Kharif,Small millets,1539,1044,0.678362573
Karnataka,CHIKMAGALUR,2010,Kharif,Sunflower,4800,2905,0.605208333
Karnataka,CHIKMAGALUR,2010,Kharif,Urad,704,179,0.254261364
Karnataka,CHIKMAGALUR,2010,Rabi,Cowpea(Lobia),52,14,0.269230769
Karnataka,CHIKMAGALUR,2010,Rabi,Dry chillies,16,43,2.6875
Karnataka,CHIKMAGALUR,2010,Rabi,Gram,7778,5727,0.736307534
Karnataka,CHIKMAGALUR,2010,Rabi,Groundnut,278,256,0.920863309
Karnataka,CHIKMAGALUR,2010,Rabi,Horse-gram,6553,4476,0.683045933
Karnataka,CHIKMAGALUR,2010,Rabi,Jowar,5915,5355,0.905325444
Karnataka,CHIKMAGALUR,2010,Rabi,Moong(Green Gram),17,4,0.235294118
Karnataka,CHIKMAGALUR,2010,Rabi,Peas & beans (Pulses),14,99,7.071428571
Karnataka,CHIKMAGALUR,2010,Rabi,Potato,21,244,11.61904762
Karnataka,CHIKMAGALUR,2010,Rabi,Rapeseed &Mustard,134,45,0.335820896
Karnataka,CHIKMAGALUR,2010,Rabi,Safflower,32,28,0.875
Karnataka,CHIKMAGALUR,2010,Rabi,Sunflower,45,17,0.377777778
Karnataka,CHIKMAGALUR,2010,Rabi,Urad,29,14,0.482758621
Karnataka,CHIKMAGALUR,2010,Rabi,Wheat,2,1,0.5
Karnataka,CHIKMAGALUR,2010,Summer,Onion,3,32,10.66666667
Karnataka,CHIKMAGALUR,2010,Summer,Peas & beans (Pulses),24,206,8.583333333
Karnataka,CHIKMAGALUR,2010,Summer,Rice,3494,7751,2.218374356
Karnataka,CHIKMAGALUR,2010,Whole Year,Arecanut,21517,232659,10.81279918
Karnataka,CHIKMAGALUR,2010,Whole Year,Banana,2195,17780,8.10022779
Karnataka,CHIKMAGALUR,2010,Whole Year,Black pepper,3552,3488.3,0.982066441
Karnataka,CHIKMAGALUR,2010,Whole Year,Cardamom,2240,197,0.087946429
Karnataka,CHIKMAGALUR,2010,Whole Year,Cashewnut,351,257,0.732193732
Karnataka,CHIKMAGALUR,2010,Whole Year,Coconut,38091,211177,5.544013021
Karnataka,CHIKMAGALUR,2010,Whole Year,Coriander,406,155,0.381773399
Karnataka,CHIKMAGALUR,2010,Whole Year,Dry ginger,432,1481.9,3.430324074
Karnataka,CHIKMAGALUR,2010,Whole Year,Sugarcane,817,64420,78.8494492
Karnataka,CHIKMAGALUR,2010,Whole Year,Sweet potato,42,346,8.238095238
Karnataka,CHIKMAGALUR,2010,Whole Year,Tapioca,15,166,11.06666667
Karnataka,CHIKMAGALUR,2010,Whole Year,Tobacco,38,42,1.105263158
Karnataka,CHIKMAGALUR,2010,Whole Year,Turmeric,9,12,1.333333333
Karnataka,CHIKMAGALUR,2011,Kharif,Arhar/Tur,595,272,0.457142857
Karnataka,CHIKMAGALUR,2011,Kharif,Castor seed,632,530,0.838607595
Karnataka,CHIKMAGALUR,2011,Kharif,Cotton(lint),1026,1181,1.151072125
Karnataka,CHIKMAGALUR,2011,Kharif,Cowpea(Lobia),683,229,0.335285505
Karnataka,CHIKMAGALUR,2011,Kharif,Dry chillies,1597,881,0.551659361
Karnataka,CHIKMAGALUR,2011,Kharif,Groundnut,5056,4270,0.844541139
Karnataka,CHIKMAGALUR,2011,Kharif,Horse-gram,960,496,0.516666667
Karnataka,CHIKMAGALUR,2011,Kharif,Jowar,1004,635,0.63247012
Karnataka,CHIKMAGALUR,2011,Kharif,Maize,25064,63622,2.538381743
Karnataka,CHIKMAGALUR,2011,Kharif,Moong(Green Gram),2557,355,0.138834572
Karnataka,CHIKMAGALUR,2011,Kharif,Niger seed,562,165,0.293594306
Karnataka,CHIKMAGALUR,2011,Kharif,Onion,2531,16394,6.477281707
Karnataka,CHIKMAGALUR,2011,Kharif,Other Kharif pulses,2917,1771,0.607130614
Karnataka,CHIKMAGALUR,2011,Kharif,Peas & beans (Pulses),156,1737,11.13461538
Karnataka,CHIKMAGALUR,2011,Kharif,Potato,5271,41031,7.784291406
Karnataka,CHIKMAGALUR,2011,Kharif,Ragi,39215,48505,1.236899146
Karnataka,CHIKMAGALUR,2011,Kharif,Rice,41880,113629,2.713204394
Karnataka,CHIKMAGALUR,2011,Kharif,Sesamum,4513,2500,0.55395524
Karnataka,CHIKMAGALUR,2011,Kharif,Small millets,1182,675,0.57106599
Karnataka,CHIKMAGALUR,2011,Kharif,Sunflower,3875,1314,0.339096774
Karnataka,CHIKMAGALUR,2011,Kharif,Urad,667,105,0.157421289
Karnataka,CHIKMAGALUR,2011,Rabi,Cowpea(Lobia),20,7,0.35
Karnataka,CHIKMAGALUR,2011,Rabi,Dry chillies,18,42,2.333333333
Karnataka,CHIKMAGALUR,2011,Rabi,Gram,6940,4167,0.600432277
Karnataka,CHIKMAGALUR,2011,Rabi,Groundnut,501,391,0.780439122
Karnataka,CHIKMAGALUR,2011,Rabi,Horse-gram,7940,3741,0.47115869
Karnataka,CHIKMAGALUR,2011,Rabi,Jowar,5785,5089,0.87968885
Karnataka,CHIKMAGALUR,2011,Rabi,Moong(Green Gram),20,7,0.35
Karnataka,CHIKMAGALUR,2011,Rabi,Other  Rabi pulses,16,15,0.9375
Karnataka,CHIKMAGALUR,2011,Rabi,Peas & beans (Pulses),18,175,9.722222222
Karnataka,CHIKMAGALUR,2011,Rabi,Potato,17,207,12.17647059
Karnataka,CHIKMAGALUR,2011,Rabi,Rapeseed &Mustard,109,31,0.28440367
Karnataka,CHIKMAGALUR,2011,Rabi,Safflower,43,26,0.604651163
Karnataka,CHIKMAGALUR,2011,Rabi,Sunflower,45,14,0.311111111
Karnataka,CHIKMAGALUR,2011,Rabi,Urad,10,5,0.5
Karnataka,CHIKMAGALUR,2011,Summer,Onion,5,31,6.2
Karnataka,CHIKMAGALUR,2011,Summer,Peas & beans (Pulses),21,190,9.047619048
Karnataka,CHIKMAGALUR,2011,Summer,Rice,3496,8971,2.566075515
Karnataka,CHIKMAGALUR,2011,Whole Year,Arecanut,23085,120327,5.212345679
Karnataka,CHIKMAGALUR,2011,Whole Year,Banana,2354,19180,8.147833475
Karnataka,CHIKMAGALUR,2011,Whole Year,Black pepper,3585,1015.1,0.283152022
Karnataka,CHIKMAGALUR,2011,Whole Year,Cardamom,2290,324,0.141484716
Karnataka,CHIKMAGALUR,2011,Whole Year,Cashewnut,286,229,0.800699301
Karnataka,CHIKMAGALUR,2011,Whole Year,Coconut,38113,207827,5.452916328
Karnataka,CHIKMAGALUR,2011,Whole Year,Coriander,387,166,0.428940568
Karnataka,CHIKMAGALUR,2011,Whole Year,Dry ginger,611,1852.2,3.031423895
Karnataka,CHIKMAGALUR,2011,Whole Year,Sugarcane,894,68793,76.94966443
Karnataka,CHIKMAGALUR,2011,Whole Year,Sweet potato,36,525,14.58333333
Karnataka,CHIKMAGALUR,2011,Whole Year,Tapioca,15,158,10.53333333
Karnataka,CHIKMAGALUR,2011,Whole Year,Tobacco,40,37,0.925
Karnataka,CHIKMAGALUR,2011,Whole Year,Turmeric,3,15,5
Karnataka,CHIKMAGALUR,2012,Kharif,Arhar/Tur,496,351,0.70766129
Karnataka,CHIKMAGALUR,2012,Kharif,Bajra,5,5,1
Karnataka,CHIKMAGALUR,2012,Kharif,Castor seed,245,153,0.624489796
Karnataka,CHIKMAGALUR,2012,Kharif,Cotton(lint),1159,952,0.821397757
Karnataka,CHIKMAGALUR,2012,Kharif,Cowpea(Lobia),229,63,0.27510917
Karnataka,CHIKMAGALUR,2012,Kharif,Dry chillies,2800,745,0.266071429
Karnataka,CHIKMAGALUR,2012,Kharif,Groundnut,4501,2531,0.562319485
Karnataka,CHIKMAGALUR,2012,Kharif,Horse-gram,2507,1165,0.464698843
Karnataka,CHIKMAGALUR,2012,Kharif,Jowar,1939,1081,0.557503868
Karnataka,CHIKMAGALUR,2012,Kharif,Maize,17385,36120,2.077653149
Karnataka,CHIKMAGALUR,2012,Kharif,Moong(Green Gram),2355,242,0.102760085
Karnataka,CHIKMAGALUR,2012,Kharif,Niger seed,119,35,0.294117647
Karnataka,CHIKMAGALUR,2012,Kharif,Onion,5327,35480,6.660409236
Karnataka,CHIKMAGALUR,2012,Kharif,Other Kharif pulses,2293,1680,0.732664631
Karnataka,CHIKMAGALUR,2012,Kharif,Potato,4577,19462,4.252130216
Karnataka,CHIKMAGALUR,2012,Kharif,Ragi,38664,37723,0.975662115
Karnataka,CHIKMAGALUR,2012,Kharif,Rapeseed &Mustard,19,6,0.315789474
Karnataka,CHIKMAGALUR,2012,Kharif,Rice,35282,80175,2.272405192
Karnataka,CHIKMAGALUR,2012,Kharif,Sesamum,5598,1994,0.356198642
Karnataka,CHIKMAGALUR,2012,Kharif,Small millets,2056,830,0.403696498
Karnataka,CHIKMAGALUR,2012,Kharif,Soyabean,5,5,1
Karnataka,CHIKMAGALUR,2012,Kharif,Sunflower,3725,1097,0.294496644
Karnataka,CHIKMAGALUR,2012,Kharif,Urad,258,29,0.112403101
Karnataka,CHIKMAGALUR,2012,Rabi,Dry chillies,23,63,2.739130435
Karnataka,CHIKMAGALUR,2012,Rabi,Gram,8305,5191,0.625045154
Karnataka,CHIKMAGALUR,2012,Rabi,Horse-gram,7691,3186,0.414250423
Karnataka,CHIKMAGALUR,2012,Rabi,Jowar,6981,3913,0.560521415
Karnataka,CHIKMAGALUR,2012,Rabi,Other  Rabi pulses,10,5,0.5
Karnataka,CHIKMAGALUR,2012,Rabi,Potato,12,204,17
Karnataka,CHIKMAGALUR,2012,Rabi,Sunflower,21,6,0.285714286
Karnataka,CHIKMAGALUR,2012,Summer,Cowpea(Lobia),4,1,0.25
Karnataka,CHIKMAGALUR,2012,Summer,Groundnut,110,88,0.8
Karnataka,CHIKMAGALUR,2012,Summer,Maize,4,14,3.5
Karnataka,CHIKMAGALUR,2012,Summer,Onion,7,40,5.714285714
Karnataka,CHIKMAGALUR,2012,Summer,Rice,2708,7298,2.694977843
Karnataka,CHIKMAGALUR,2012,Whole Year,Arecanut,26470,137971,5.212353608
Karnataka,CHIKMAGALUR,2012,Whole Year,Black pepper,7649,21657,2.831350503
Karnataka,CHIKMAGALUR,2012,Whole Year,Cardamom,2127,301,0.141513869
Karnataka,CHIKMAGALUR,2012,Whole Year,Cashewnut,213,171,0.802816901
Karnataka,CHIKMAGALUR,2012,Whole Year,Coconut,42261,230446,5.452923499
Karnataka,CHIKMAGALUR,2012,Whole Year,Coriander,364,156,0.428571429
Karnataka,CHIKMAGALUR,2012,Whole Year,Dry ginger,458,13884,30.31441048
Karnataka,CHIKMAGALUR,2012,Whole Year,Sugarcane,1532,85869,56.0502611
Karnataka,CHIKMAGALUR,2012,Whole Year,Sweet potato,128,1985,15.5078125
Karnataka,CHIKMAGALUR,2012,Whole Year,Tapioca,14,148,10.57142857
Karnataka,CHIKMAGALUR,2012,Whole Year,Tobacco,16,10,0.625
Karnataka,CHIKMAGALUR,2012,Whole Year,Turmeric,13,61,4.692307692
Karnataka,CHIKMAGALUR,2013,Kharif,Arhar/Tur,469,431,0.918976546
Karnataka,CHIKMAGALUR,2013,Kharif,Bajra,1,1,1
Karnataka,CHIKMAGALUR,2013,Kharif,Castor seed,189,169,0.894179894
Karnataka,CHIKMAGALUR,2013,Kharif,Cotton(lint),1299,1386,1.066974596
Karnataka,CHIKMAGALUR,2013,Kharif,Cowpea(Lobia),285,87,0.305263158
Karnataka,CHIKMAGALUR,2013,Kharif,Dry chillies,2702,1389,0.514063657
Karnataka,CHIKMAGALUR,2013,Kharif,Groundnut,6127,4651,0.75909907
Karnataka,CHIKMAGALUR,2013,Kharif,Horse-gram,2966,1443,0.486513823
Karnataka,CHIKMAGALUR,2013,Kharif,Jowar,1408,1146,0.813920455
Karnataka,CHIKMAGALUR,2013,Kharif,Maize,28075,72759,2.591593945
Karnataka,CHIKMAGALUR,2013,Kharif,Moong(Green Gram),3178,830,0.261170548
Karnataka,CHIKMAGALUR,2013,Kharif,Niger seed,129,28,0.217054264
Karnataka,CHIKMAGALUR,2013,Kharif,Onion,5352,34538,6.45328849
Karnataka,CHIKMAGALUR,2013,Kharif,Other Kharif pulses,2442,1916,0.784602785
Karnataka,CHIKMAGALUR,2013,Kharif,Potato,4426,26389,5.962268414
Karnataka,CHIKMAGALUR,2013,Kharif,Ragi,38547,41820,1.084909331
Karnataka,CHIKMAGALUR,2013,Kharif,Rapeseed &Mustard,6,2,0.333333333
Karnataka,CHIKMAGALUR,2013,Kharif,Rice,38396,105672,2.752161684
Karnataka,CHIKMAGALUR,2013,Kharif,Sesamum,4979,3122,0.627033541
Karnataka,CHIKMAGALUR,2013,Kharif,Small millets,2890,2328,0.805536332
Karnataka,CHIKMAGALUR,2013,Kharif,Sunflower,4059,1747,0.430401577
Karnataka,CHIKMAGALUR,2013,Kharif,Urad,542,161,0.29704797
Karnataka,CHIKMAGALUR,2013,Rabi,Dry chillies,30,57,1.9
Karnataka,CHIKMAGALUR,2013,Rabi,Gram,8275,6462,0.780906344
Karnataka,CHIKMAGALUR,2013,Rabi,Horse-gram,7260,3842,0.529201102
Karnataka,CHIKMAGALUR,2013,Rabi,Jowar,6725,4900,0.728624535
Karnataka,CHIKMAGALUR,2013,Rabi,Linseed,4,1,0.25
Karnataka,CHIKMAGALUR,2013,Rabi,Other  Rabi pulses,7,6,0.857142857
Karnataka,CHIKMAGALUR,2013,Rabi,Potato,9,137,15.22222222
Karnataka,CHIKMAGALUR,2013,Rabi,Sunflower,10,4,0.4
Karnataka,CHIKMAGALUR,2013,Summer,Cowpea(Lobia),129,51,0.395348837
Karnataka,CHIKMAGALUR,2013,Summer,Groundnut,131,106,0.809160305
Karnataka,CHIKMAGALUR,2013,Summer,Onion,11,86,7.818181818
Karnataka,CHIKMAGALUR,2013,Summer,Rice,2652,6430,2.424585219
Karnataka,CHIKMAGALUR,2013,Whole Year,Arecanut,26814,298667,11.13847244
Karnataka,CHIKMAGALUR,2013,Whole Year,Black pepper,7746,19248,2.48489543
Karnataka,CHIKMAGALUR,2013,Whole Year,Cardamom,1989,122,0.061337355
Karnataka,CHIKMAGALUR,2013,Whole Year,Cashewnut,204,182,0.892156863
Karnataka,CHIKMAGALUR,2013,Whole Year,Coconut,41229,239553,5.810303427
Karnataka,CHIKMAGALUR,2013,Whole Year,Coriander,326,103,0.31595092
Karnataka,CHIKMAGALUR,2013,Whole Year,Dry ginger,484,15424,31.8677686
Karnataka,CHIKMAGALUR,2013,Whole Year,Sugarcane,1546,88122,57
Karnataka,CHIKMAGALUR,2013,Whole Year,Sweet potato,128,1299,10.1484375
Karnataka,CHIKMAGALUR,2013,Whole Year,Tobacco,15,12,0.8
Karnataka,CHIKMAGALUR,2013,Whole Year,Turmeric,3,14,4.666666667
Karnataka,CHIKMAGALUR,2014,Kharif,Arhar/Tur,545,355,0.651376147
Karnataka,CHIKMAGALUR,2014,Kharif,Castor seed,239,145,0.606694561
Karnataka,CHIKMAGALUR,2014,Kharif,Cotton(lint),1843,3018,1.637547477
Karnataka,CHIKMAGALUR,2014,Kharif,Cowpea(Lobia),503,175,0.347912525
Karnataka,CHIKMAGALUR,2014,Kharif,Dry chillies,2576,1774,0.688664596
Karnataka,CHIKMAGALUR,2014,Kharif,Groundnut,4762,3791,0.796094078
Karnataka,CHIKMAGALUR,2014,Kharif,Horse-gram,4244,2427,0.571866164
Karnataka,CHIKMAGALUR,2014,Kharif,Jowar,2058,1789,0.869290573
Karnataka,CHIKMAGALUR,2014,Kharif,Maize,23589,60797,2.577345373
Karnataka,CHIKMAGALUR,2014,Kharif,Moong(Green Gram),3396,616,0.18138987
Karnataka,CHIKMAGALUR,2014,Kharif,Niger seed,349,92,0.263610315
Karnataka,CHIKMAGALUR,2014,Kharif,Onion,7343,38374,5.225929457
Karnataka,CHIKMAGALUR,2014,Kharif,Other Kharif pulses,2588,1191,0.460200927
Karnataka,CHIKMAGALUR,2014,Kharif,Potato,5150,30006,5.826407767
Karnataka,CHIKMAGALUR,2014,Kharif,Ragi,44122,52437,1.188454739
Karnataka,CHIKMAGALUR,2014,Kharif,Rapeseed &Mustard,19,4,0.210526316
Karnataka,CHIKMAGALUR,2014,Kharif,Rice,37327,97056,2.600155384
Karnataka,CHIKMAGALUR,2014,Kharif,Sesamum,5995,2967,0.494912427
Karnataka,CHIKMAGALUR,2014,Kharif,Small millets,2716,1950,0.717967599
Karnataka,CHIKMAGALUR,2014,Kharif,Sunflower,3240,1468,0.45308642
Karnataka,CHIKMAGALUR,2014,Kharif,Urad,185,30,0.162162162
Karnataka,CHIKMAGALUR,2014,Rabi,Dry chillies,39,73,1.871794872
Karnataka,CHIKMAGALUR,2014,Rabi,Gram,9300,8535,0.917741935
Karnataka,CHIKMAGALUR,2014,Rabi,Horse-gram,7592,4962,0.653582719
Karnataka,CHIKMAGALUR,2014,Rabi,Jowar,8602,7289,0.847361079
Karnataka,CHIKMAGALUR,2014,Rabi,Linseed,2,1,0.5
Karnataka,CHIKMAGALUR,2014,Rabi,Moong(Green Gram),10,3,0.3
Karnataka,CHIKMAGALUR,2014,Rabi,Other  Rabi pulses,7,5,0.714285714
Karnataka,CHIKMAGALUR,2014,Rabi,Potato,6,92,15.33333333
Karnataka,CHIKMAGALUR,2014,Rabi,Sunflower,9,4,0.444444444
Karnataka,CHIKMAGALUR,2014,Summer,Groundnut,92,121,1.315217391
Karnataka,CHIKMAGALUR,2014,Summer,Onion,14,69,4.928571429
Karnataka,CHIKMAGALUR,2014,Summer,Rice,3010,8244,2.738870432
Karnataka,CHIKMAGALUR,2014,Whole Year,Arecanut,27765,147882,5.326202053
Karnataka,CHIKMAGALUR,2014,Whole Year,Black pepper,7788,77795,9.989085773
Karnataka,CHIKMAGALUR,2014,Whole Year,Cardamom,2037,129,0.063328424
Karnataka,CHIKMAGALUR,2014,Whole Year,Cashewnut,179,218,1.217877095
Karnataka,CHIKMAGALUR,2014,Whole Year,Coconut,41329,238089,5.760821699
Karnataka,CHIKMAGALUR,2014,Whole Year,Coriander,269,87,0.323420074
Karnataka,CHIKMAGALUR,2014,Whole Year,Dry ginger,705,20478,29.04680851
Karnataka,CHIKMAGALUR,2014,Whole Year,Sugarcane,1391,132145,95
Karnataka,CHIKMAGALUR,2014,Whole Year,Sweet potato,141,1290,9.14893617
Karnataka,CHIKMAGALUR,2014,Whole Year,Tobacco,18,13,0.722222222
Karnataka,CHIKMAGALUR,2014,Whole Year,Turmeric,5,30,6
Karnataka,CHITRADURGA,1997,Kharif,Arhar/Tur,10247,4225,0.4123158
Karnataka,CHITRADURGA,1997,Kharif,Bajra,5257,1816,0.34544417
Karnataka,CHITRADURGA,1997,Kharif,Dry chillies,4199,5614,1.336984996
Karnataka,CHITRADURGA,1997,Kharif,Groundnut,131629,88231,0.670300618
Karnataka,CHITRADURGA,1997,Kharif,Horse-gram,10284,8754,0.851225204
Karnataka,CHITRADURGA,1997,Kharif,Jowar,26982,43938,1.628418946
Karnataka,CHITRADURGA,1997,Kharif,Maize,109411,261359,2.38878175
Karnataka,CHITRADURGA,1997,Kharif,Paddy,39725,204602,5.150459408
Karnataka,CHITRADURGA,1997,Kharif,Ragi,62426,53619,0.858920962
Karnataka,CHITRADURGA,1997,Kharif,Rice,39725,136465,3.435242291
Karnataka,CHITRADURGA,1997,Rabi,Dry chillies,108,187,1.731481481
Karnataka,CHITRADURGA,1997,Rabi,Groundnut,8545,9644,1.128613224
Karnataka,CHITRADURGA,1997,Rabi,Horse-gram,7963,4055,0.50923019
Karnataka,CHITRADURGA,1997,Rabi,Jowar,32746,13681,0.417791486
Karnataka,CHITRADURGA,1997,Rabi,Maize,494,1010,2.044534413
Karnataka,CHITRADURGA,1997,Rabi,Paddy,355,1133,3.191549296
Karnataka,CHITRADURGA,1997,Rabi,Ragi,44,60,1.363636364
Karnataka,CHITRADURGA,1997,Rabi,Rice,355,756,2.129577465
Karnataka,CHITRADURGA,1997,Rabi,Wheat,518,381,0.735521236
Karnataka,CHITRADURGA,1997,Summer,Jowar,1591,3924,2.46637335
Karnataka,CHITRADURGA,1997,Summer,Maize,45,97,2.155555556
Karnataka,CHITRADURGA,1997,Summer,Paddy,32958,166203,5.042872747
Karnataka,CHITRADURGA,1997,Summer,Ragi,1197,2072,1.730994152
Karnataka,CHITRADURGA,1997,Summer,Rice,32958,110865,3.363826689
Karnataka,CHITRADURGA,1997,Whole Year,Arecanut,7524,7248,0.963317384
Karnataka,CHITRADURGA,1997,Whole Year,Coriander,782,79,0.101023018
Karnataka,CHITRADURGA,1997,Whole Year,Garlic,27,30,1.111111111
Karnataka,CHITRADURGA,1997,Whole Year,Sugarcane,8378,827746,98.79995226
Karnataka,CHITRADURGA,1997,Whole Year,Turmeric,3,17,5.666666667
Karnataka,CHITRADURGA,1998,Kharif,Arhar/Tur,7582,3393,0.447507254
Karnataka,CHITRADURGA,1998,Kharif,Bajra,8649,6113,0.706786912
Karnataka,CHITRADURGA,1998,Kharif,Castor seed,1342,1308,0.97466468
Karnataka,CHITRADURGA,1998,Kharif,Cotton(lint),26795,30271,1.129725695
Karnataka,CHITRADURGA,1998,Kharif,Groundnut,155527,191503,1.231316749
Karnataka,CHITRADURGA,1998,Kharif,Horse-gram,9976,9724,0.974739374
Karnataka,CHITRADURGA,1998,Kharif,Jowar,22972,34346,1.495124499
Karnataka,CHITRADURGA,1998,Kharif,Maize,32832,103976,3.166910331
Karnataka,CHITRADURGA,1998,Kharif,Moong(Green Gram),2537,202,0.0796216
Karnataka,CHITRADURGA,1998,Kharif,Niger seed,555,163,0.293693694
Karnataka,CHITRADURGA,1998,Kharif,Onion,10982,83672,7.61901293
Karnataka,CHITRADURGA,1998,Kharif,Peas & beans (Pulses),16,147,9.1875
Karnataka,CHITRADURGA,1998,Kharif,Ragi,61386,95832,1.561137719
Karnataka,CHITRADURGA,1998,Kharif,Rapeseed &Mustard,235,50,0.212765957
Karnataka,CHITRADURGA,1998,Kharif,Rice,3235,9914,3.064605873
Karnataka,CHITRADURGA,1998,Kharif,Sesamum,4154,1819,0.437891189
Karnataka,CHITRADURGA,1998,Kharif,Sunflower,21838,10045,0.45997802
Karnataka,CHITRADURGA,1998,Rabi,Gram,2960,1627,0.549662162
Karnataka,CHITRADURGA,1998,Rabi,Groundnut,5545,6938,1.251217313
Karnataka,CHITRADURGA,1998,Rabi,Horse-gram,5658,1758,0.310710498
Karnataka,CHITRADURGA,1998,Rabi,Jowar,16789,11307,0.673476681
Karnataka,CHITRADURGA,1998,Rabi,Maize,374,767,2.050802139
Karnataka,CHITRADURGA,1998,Rabi,Onion,199,2006,10.08040201
Karnataka,CHITRADURGA,1998,Rabi,Peas & beans (Pulses),3,30,10
Karnataka,CHITRADURGA,1998,Rabi,Ragi,51,74,1.450980392
Karnataka,CHITRADURGA,1998,Rabi,Rice,730,1518,2.079452055
Karnataka,CHITRADURGA,1998,Rabi,Safflower,1044,549,0.525862069
Karnataka,CHITRADURGA,1998,Rabi,Sunflower,16067,6017,0.374494305
Karnataka,CHITRADURGA,1998,Rabi,Wheat,486,546,1.12345679
Karnataka,CHITRADURGA,1998,Summer,Jowar,526,1395,2.652091255
Karnataka,CHITRADURGA,1998,Summer,Maize,180,409,2.272222222
Karnataka,CHITRADURGA,1998,Summer,Onion,419,2620,6.252983294
Karnataka,CHITRADURGA,1998,Summer,Ragi,972,2263,2.3281893
Karnataka,CHITRADURGA,1998,Summer,Rice,5457,16109,2.951988272
Karnataka,CHITRADURGA,1998,Summer,Sunflower,1564,787,0.503196931
Karnataka,CHITRADURGA,1998,Whole Year,Arecanut,6113,28613,4.680680517
Karnataka,CHITRADURGA,1998,Whole Year,Coconut,36609,214268,5.852877708
Karnataka,CHITRADURGA,1998,Whole Year,Coriander,698,70,0.100286533
Karnataka,CHITRADURGA,1998,Whole Year,Dry chillies,3786,2120,0.559957739
Karnataka,CHITRADURGA,1998,Whole Year,Garlic,4,5,1.25
Karnataka,CHITRADURGA,1998,Whole Year,Turmeric,3,15,5
Karnataka,CHITRADURGA,1999,Kharif,Arhar/Tur,7924,3139,0.396138314
Karnataka,CHITRADURGA,1999,Kharif,Bajra,4852,2259,0.465581204
Karnataka,CHITRADURGA,1999,Kharif,Castor seed,1799,1388,0.771539744
Karnataka,CHITRADURGA,1999,Kharif,Cotton(lint),13905,15166,1.090686803
Karnataka,CHITRADURGA,1999,Kharif,Dry ginger,4,53,13.25
Karnataka,CHITRADURGA,1999,Kharif,Groundnut,157464,107080,0.680028451
Karnataka,CHITRADURGA,1999,Kharif,Horse-gram,12172,3897,0.320161025
Karnataka,CHITRADURGA,1999,Kharif,Jowar,19469,21288,1.093430582
Karnataka,CHITRADURGA,1999,Kharif,Maize,47109,98319,2.087053429
Karnataka,CHITRADURGA,1999,Kharif,Moong(Green Gram),3183,1197,0.37606032
Karnataka,CHITRADURGA,1999,Kharif,Niger seed,466,137,0.293991416
Karnataka,CHITRADURGA,1999,Kharif,Other Kharif pulses,6202,2008,0.323766527
Karnataka,CHITRADURGA,1999,Kharif,Ragi,59772,79814,1.335307502
Karnataka,CHITRADURGA,1999,Kharif,Rice,6229,14509,2.329266335
Karnataka,CHITRADURGA,1999,Kharif,Sesamum,6563,3697,0.563309462
Karnataka,CHITRADURGA,1999,Kharif,Small millets,11043,4200,0.380331432
Karnataka,CHITRADURGA,1999,Kharif,Soyabean,22,20,0.909090909
Karnataka,CHITRADURGA,1999,Kharif,Sunflower,15243,7833,0.513875221
Karnataka,CHITRADURGA,1999,Kharif,Urad,82,27,0.329268293
Karnataka,CHITRADURGA,1999,Rabi,Gram,3168,1252,0.39520202
Karnataka,CHITRADURGA,1999,Rabi,Groundnut,4124,3644,0.883608147
Karnataka,CHITRADURGA,1999,Rabi,Horse-gram,5830,1944,0.333447684
Karnataka,CHITRADURGA,1999,Rabi,Jowar,26641,15741,0.590856199
Karnataka,CHITRADURGA,1999,Rabi,Maize,663,1622,2.446455505
Karnataka,CHITRADURGA,1999,Rabi,Other  Rabi pulses,210,26,0.123809524
Karnataka,CHITRADURGA,1999,Rabi,Ragi,28,35,1.25
Karnataka,CHITRADURGA,1999,Rabi,Rapeseed &Mustard,195,42,0.215384615
Karnataka,CHITRADURGA,1999,Rabi,Rice,747,1539,2.060240964
Karnataka,CHITRADURGA,1999,Rabi,Safflower,2398,1800,0.750625521
Karnataka,CHITRADURGA,1999,Rabi,Sunflower,17176,6155,0.358348859
Karnataka,CHITRADURGA,1999,Rabi,Wheat,1127,1328,1.178349601
Karnataka,CHITRADURGA,1999,Summer,Jowar,515,1183,2.297087379
Karnataka,CHITRADURGA,1999,Summer,Maize,268,490,1.828358209
Karnataka,CHITRADURGA,1999,Summer,Ragi,989,1894,1.915065723
Karnataka,CHITRADURGA,1999,Summer,Rice,6275,16774,2.67314741
Karnataka,CHITRADURGA,1999,Summer,Sunflower,812,531,0.653940887
Karnataka,CHITRADURGA,1999,Whole Year,Banana,575,11806,20.53217391
Karnataka,CHITRADURGA,1999,Whole Year,Coconut,37205,217756,5.852869238
Karnataka,CHITRADURGA,1999,Whole Year,Coriander,387,39,0.100775194
Karnataka,CHITRADURGA,1999,Whole Year,Dry chillies,3376,2239,0.6632109
Karnataka,CHITRADURGA,1999,Whole Year,Garlic,1,1,1
Karnataka,CHITRADURGA,1999,Whole Year,Onion,18323,136619,7.456148011
Karnataka,CHITRADURGA,1999,Whole Year,Sugarcane,1314,132320,100.7001522
Karnataka,CHITRADURGA,1999,Whole Year,Tobacco,541,320,0.591497227
Karnataka,CHITRADURGA,1999,Whole Year,Turmeric,54,234,4.333333333
Karnataka,CHITRADURGA,2000,Kharif,Arhar/Tur,7848,4921,0.627038736
Karnataka,CHITRADURGA,2000,Kharif,Bajra,5174,3919,0.757441051
Karnataka,CHITRADURGA,2000,Kharif,Castor seed,3681,5759,1.564520511
Karnataka,CHITRADURGA,2000,Kharif,Cotton(lint),16297,27965,1.715959993
Karnataka,CHITRADURGA,2000,Kharif,Dry ginger,12,158,13.16666667
Karnataka,CHITRADURGA,2000,Kharif,Groundnut,151983,176342,1.160274504
Karnataka,CHITRADURGA,2000,Kharif,Horse-gram,11990,7096,0.591826522
Karnataka,CHITRADURGA,2000,Kharif,Jowar,14547,25050,1.722004537
Karnataka,CHITRADURGA,2000,Kharif,Maize,43206,135867,3.14463269
Karnataka,CHITRADURGA,2000,Kharif,Moong(Green Gram),2431,1048,0.431098313
Karnataka,CHITRADURGA,2000,Kharif,Niger seed,542,159,0.293357934
Karnataka,CHITRADURGA,2000,Kharif,Other Kharif pulses,6280,2035,0.324044586
Karnataka,CHITRADURGA,2000,Kharif,Ragi,67022,124206,1.853212378
Karnataka,CHITRADURGA,2000,Kharif,Rice,7356,19961,2.713567156
Karnataka,CHITRADURGA,2000,Kharif,Sesamum,3762,1708,0.454013822
Karnataka,CHITRADURGA,2000,Kharif,Small millets,12075,7268,0.601904762
Karnataka,CHITRADURGA,2000,Kharif,Sunflower,14137,8901,0.62962439
Karnataka,CHITRADURGA,2000,Kharif,Urad,81,31,0.382716049
Karnataka,CHITRADURGA,2000,Rabi,Gram,3918,2441,0.62302195
Karnataka,CHITRADURGA,2000,Rabi,Groundnut,4742,5469,1.153310839
Karnataka,CHITRADURGA,2000,Rabi,Horse-gram,5295,489,0.092351275
Karnataka,CHITRADURGA,2000,Rabi,Jowar,10269,6713,0.653715065
Karnataka,CHITRADURGA,2000,Rabi,Maize,910,2293,2.51978022
Karnataka,CHITRADURGA,2000,Rabi,Other  Rabi pulses,145,18,0.124137931
Karnataka,CHITRADURGA,2000,Rabi,Ragi,127,197,1.551181102
Karnataka,CHITRADURGA,2000,Rabi,Rapeseed &Mustard,336,72,0.214285714
Karnataka,CHITRADURGA,2000,Rabi,Rice,1198,2566,2.141903172
Karnataka,CHITRADURGA,2000,Rabi,Safflower,1019,567,0.55642787
Karnataka,CHITRADURGA,2000,Rabi,Sunflower,14787,6939,0.469263542
Karnataka,CHITRADURGA,2000,Rabi,Wheat,1018,1095,1.075638507
Karnataka,CHITRADURGA,2000,Summer,Jowar,941,1910,2.029755579
Karnataka,CHITRADURGA,2000,Summer,Maize,253,711,2.81027668
Karnataka,CHITRADURGA,2000,Summer,Ragi,1085,2151,1.982488479
Karnataka,CHITRADURGA,2000,Summer,Rice,6642,16598,2.498946101
Karnataka,CHITRADURGA,2000,Summer,Sunflower,938,539,0.574626866
Karnataka,CHITRADURGA,2000,Whole Year,Arecanut,9827,9466,0.963264475
Karnataka,CHITRADURGA,2000,Whole Year,Banana,824,9305,11.29247573
Karnataka,CHITRADURGA,2000,Whole Year,Coconut,38162,223358,5.85289031
Karnataka,CHITRADURGA,2000,Whole Year,Coriander,391,39,0.099744246
Karnataka,CHITRADURGA,2000,Whole Year,Dry chillies,3481,3258,0.935937949
Karnataka,CHITRADURGA,2000,Whole Year,Onion,15450,139200,9.009708738
Karnataka,CHITRADURGA,2000,Whole Year,Sugarcane,2095,214947,102.6
Karnataka,CHITRADURGA,2000,Whole Year,Tobacco,666,492,0.738738739
Karnataka,CHITRADURGA,2000,Whole Year,Turmeric,25,111,4.44
Karnataka,CHITRADURGA,2001,Kharif,Arhar/Tur,7248,3642,0.502483444
Karnataka,CHITRADURGA,2001,Kharif,Bajra,3376,1583,0.468898104
Karnataka,CHITRADURGA,2001,Kharif,Castor seed,1838,1234,0.671381937
Karnataka,CHITRADURGA,2001,Kharif,Cotton(lint),17762,16460,0.926697444
Karnataka,CHITRADURGA,2001,Kharif,Groundnut,157816,107955,0.684056116
Karnataka,CHITRADURGA,2001,Kharif,Horse-gram,7558,4436,0.586927759
Karnataka,CHITRADURGA,2001,Kharif,Jowar,12836,18512,1.44219383
Karnataka,CHITRADURGA,2001,Kharif,Maize,47846,129870,2.714333487
Karnataka,CHITRADURGA,2001,Kharif,Moong(Green Gram),4600,1036,0.225217391
Karnataka,CHITRADURGA,2001,Kharif,Niger seed,661,194,0.293494705
Karnataka,CHITRADURGA,2001,Kharif,Other Kharif pulses,6502,2098,0.322669948
Karnataka,CHITRADURGA,2001,Kharif,Ragi,66627,99239,1.489471235
Karnataka,CHITRADURGA,2001,Kharif,Rice,6680,14053,2.103742515
Karnataka,CHITRADURGA,2001,Kharif,Sesamum,3091,2023,0.654480751
Karnataka,CHITRADURGA,2001,Kharif,Small millets,12327,6519,0.528839134
Karnataka,CHITRADURGA,2001,Kharif,Sunflower,7559,5409,0.715570843
Karnataka,CHITRADURGA,2001,Kharif,Urad,40,15,0.375
Karnataka,CHITRADURGA,2001,Rabi,Gram,8376,3574,0.42669532
Karnataka,CHITRADURGA,2001,Rabi,Horse-gram,4401,991,0.225176096
Karnataka,CHITRADURGA,2001,Rabi,Jowar,14732,5856,0.397502036
Karnataka,CHITRADURGA,2001,Rabi,Maize,1277,3119,2.442443226
Karnataka,CHITRADURGA,2001,Rabi,Other  Rabi pulses,42,5,0.119047619
Karnataka,CHITRADURGA,2001,Rabi,Ragi,474,650,1.371308017
Karnataka,CHITRADURGA,2001,Rabi,Rapeseed &Mustard,339,72,0.212389381
Karnataka,CHITRADURGA,2001,Rabi,Rice,1354,2575,1.901772526
Karnataka,CHITRADURGA,2001,Rabi,Safflower,1358,535,0.393961708
Karnataka,CHITRADURGA,2001,Rabi,Sunflower,12816,6531,0.509597378
Karnataka,CHITRADURGA,2001,Rabi,Wheat,1531,1838,1.200522534
Karnataka,CHITRADURGA,2001,Summer,Jowar,1204,2362,1.96179402
Karnataka,CHITRADURGA,2001,Summer,Maize,113,297,2.628318584
Karnataka,CHITRADURGA,2001,Summer,Ragi,1650,2470,1.496969697
Karnataka,CHITRADURGA,2001,Summer,Rice,4425,9838,2.223276836
Karnataka,CHITRADURGA,2001,Summer,Sunflower,1411,1153,0.817150957
Karnataka,CHITRADURGA,2001,Whole Year,Arecanut,12153,11707,0.963301242
Karnataka,CHITRADURGA,2001,Whole Year,Coconut,39311,172562,4.389661927
Karnataka,CHITRADURGA,2001,Whole Year,Coriander,127,13,0.102362205
Karnataka,CHITRADURGA,2001,Whole Year,Dry chillies,2485,1780,0.716297787
Karnataka,CHITRADURGA,2001,Whole Year,Onion,14310,87444,6.110691824
Karnataka,CHITRADURGA,2001,Whole Year,Peas & beans (Pulses),36,217,6.027777778
Karnataka,CHITRADURGA,2001,Whole Year,Sugarcane,2231,180153,80.74988794
Karnataka,CHITRADURGA,2001,Whole Year,Turmeric,1,5,5
Karnataka,CHITRADURGA,2002,Kharif,Arhar/Tur,7458,4124,0.552963261
Karnataka,CHITRADURGA,2002,Kharif,Bajra,3557,2254,0.633680067
Karnataka,CHITRADURGA,2002,Kharif,Castor seed,1478,2334,1.579161028
Karnataka,CHITRADURGA,2002,Kharif,Cotton(lint),7553,9979,1.321196875
Karnataka,CHITRADURGA,2002,Kharif,Groundnut,148298,108358,0.73067742
Karnataka,CHITRADURGA,2002,Kharif,Horse-gram,8280,4059,0.490217391
Karnataka,CHITRADURGA,2002,Kharif,Jowar,13126,14703,1.120143227
Karnataka,CHITRADURGA,2002,Kharif,Maize,46717,73874,1.581308731
Karnataka,CHITRADURGA,2002,Kharif,Moong(Green Gram),4604,188,0.040834057
Karnataka,CHITRADURGA,2002,Kharif,Niger seed,301,89,0.295681063
Karnataka,CHITRADURGA,2002,Kharif,Other Kharif pulses,5659,1815,0.320728044
Karnataka,CHITRADURGA,2002,Kharif,Ragi,59991,62857,1.047773833
Karnataka,CHITRADURGA,2002,Kharif,Rice,4922,10097,2.051401869
Karnataka,CHITRADURGA,2002,Kharif,Sesamum,2922,1424,0.48733744
Karnataka,CHITRADURGA,2002,Kharif,Small millets,9087,3256,0.358314075
Karnataka,CHITRADURGA,2002,Kharif,Sunflower,18123,8681,0.47900458
Karnataka,CHITRADURGA,2002,Kharif,Urad,31,4,0.129032258
Karnataka,CHITRADURGA,2002,Rabi,Gram,6596,2566,0.389023651
Karnataka,CHITRADURGA,2002,Rabi,Groundnut,1979,2029,1.025265285
Karnataka,CHITRADURGA,2002,Rabi,Horse-gram,6691,2085,0.311612614
Karnataka,CHITRADURGA,2002,Rabi,Jowar,22088,9888,0.44766389
Karnataka,CHITRADURGA,2002,Rabi,Maize,1767,4522,2.559139785
Karnataka,CHITRADURGA,2002,Rabi,Other  Rabi pulses,48,6,0.125
Karnataka,CHITRADURGA,2002,Rabi,Ragi,1417,1602,1.130557516
Karnataka,CHITRADURGA,2002,Rabi,Rapeseed &Mustard,146,31,0.212328767
Karnataka,CHITRADURGA,2002,Rabi,Rice,1314,2867,2.181887367
Karnataka,CHITRADURGA,2002,Rabi,Safflower,2708,1760,0.649926145
Karnataka,CHITRADURGA,2002,Rabi,Sunflower,25592,11752,0.459206002
Karnataka,CHITRADURGA,2002,Rabi,Wheat,756,843,1.115079365
Karnataka,CHITRADURGA,2002,Summer,Jowar,953,1575,1.652675761
Karnataka,CHITRADURGA,2002,Summer,Maize,155,396,2.55483871
Karnataka,CHITRADURGA,2002,Summer,Ragi,1174,1347,1.147359455
Karnataka,CHITRADURGA,2002,Summer,Rice,1522,3515,2.309461235
Karnataka,CHITRADURGA,2002,Summer,Sunflower,1965,1195,0.608142494
Karnataka,CHITRADURGA,2002,Whole Year,Arcanut (Processed),13452,12958,0.963276836
Karnataka,CHITRADURGA,2002,Whole Year,Atcanut (Raw),13452,62965,4.680716622
Karnataka,CHITRADURGA,2002,Whole Year,Banana,3199,49719,15.54204439
Karnataka,CHITRADURGA,2002,Whole Year,Beans & Mutter(Vegetable),21,157,7.476190476
Karnataka,CHITRADURGA,2002,Whole Year,Brinjal,413,2376,5.753026634
Karnataka,CHITRADURGA,2002,Whole Year,Cashewnut Processed,7,1,0.142857143
Karnataka,CHITRADURGA,2002,Whole Year,Cashewnut Raw,7,4,0.571428571
Karnataka,CHITRADURGA,2002,Whole Year,Citrus Fruit,34,590,17.35294118
Karnataka,CHITRADURGA,2002,Whole Year,Coconut,39618,173910,4.389671362
Karnataka,CHITRADURGA,2002,Whole Year,Coriander,267,27,0.101123596
Karnataka,CHITRADURGA,2002,Whole Year,Dry chillies,2250,3580,1.591111111
Karnataka,CHITRADURGA,2002,Whole Year,Garlic,3,3,1
Karnataka,CHITRADURGA,2002,Whole Year,Grapes,14,416,29.71428571
Karnataka,CHITRADURGA,2002,Whole Year,Mango,1122,15486,13.80213904
Karnataka,CHITRADURGA,2002,Whole Year,Onion,10886,77697,7.137332353
Karnataka,CHITRADURGA,2002,Whole Year,Other Fresh Fruits,340,2919,8.585294118
Karnataka,CHITRADURGA,2002,Whole Year,Papaya,188,464,2.468085106
Karnataka,CHITRADURGA,2002,Whole Year,Pome Fruit,31,190,6.129032258
Karnataka,CHITRADURGA,2002,Whole Year,Sugarcane,1385,114470,82.64981949
Karnataka,CHITRADURGA,2002,Whole Year,Tobacco,712,512,0.719101124
Karnataka,CHITRADURGA,2002,Whole Year,Tomato,731,2640,3.611491108
Karnataka,CHITRADURGA,2002,Whole Year,Turmeric,2,9,4.5
Karnataka,CHITRADURGA,2003,Kharif,Arhar/Tur,6743,1768,0.262197835
Karnataka,CHITRADURGA,2003,Kharif,Bajra,3139,1212,0.386110226
Karnataka,CHITRADURGA,2003,Kharif,Castor seed,1085,1068,0.984331797
Karnataka,CHITRADURGA,2003,Kharif,Cotton(lint),4092,4300,1.05083089
Karnataka,CHITRADURGA,2003,Kharif,Groundnut,147592,51038,0.345804651
Karnataka,CHITRADURGA,2003,Kharif,Horse-gram,8423,4553,0.540543749
Karnataka,CHITRADURGA,2003,Kharif,Jowar,7564,10694,1.413802221
Karnataka,CHITRADURGA,2003,Kharif,Maize,22938,24500,1.068096608
Karnataka,CHITRADURGA,2003,Kharif,Moong(Green Gram),1240,35,0.028225806
Karnataka,CHITRADURGA,2003,Kharif,Niger seed,423,124,0.293144208
Karnataka,CHITRADURGA,2003,Kharif,Other Kharif pulses,6376,2065,0.323870765
Karnataka,CHITRADURGA,2003,Kharif,Ragi,76547,60243,0.787006676
Karnataka,CHITRADURGA,2003,Kharif,Rice,3489,6921,1.983662941
Karnataka,CHITRADURGA,2003,Kharif,Sesamum,751,71,0.094540613
Karnataka,CHITRADURGA,2003,Kharif,Small millets,13579,4227,0.311289491
Karnataka,CHITRADURGA,2003,Kharif,Sunflower,13230,6163,0.465835223
Karnataka,CHITRADURGA,2003,Kharif,Urad,84,21,0.25
Karnataka,CHITRADURGA,2003,Rabi,Gram,4323,2260,0.522785103
Karnataka,CHITRADURGA,2003,Rabi,Groundnut,2167,1425,0.65759114
Karnataka,CHITRADURGA,2003,Rabi,Horse-gram,4592,986,0.214721254
Karnataka,CHITRADURGA,2003,Rabi,Jowar,30409,7150,0.235127758
Karnataka,CHITRADURGA,2003,Rabi,Maize,3311,6671,2.014799154
Karnataka,CHITRADURGA,2003,Rabi,Other  Rabi pulses,99,12,0.121212121
Karnataka,CHITRADURGA,2003,Rabi,Ragi,377,346,0.917771883
Karnataka,CHITRADURGA,2003,Rabi,Rapeseed &Mustard,174,37,0.212643678
Karnataka,CHITRADURGA,2003,Rabi,Rice,796,2665,3.34798995
Karnataka,CHITRADURGA,2003,Rabi,Safflower,5462,1984,0.36323691
Karnataka,CHITRADURGA,2003,Rabi,Sunflower,31182,10457,0.33535373
Karnataka,CHITRADURGA,2003,Rabi,Wheat,803,637,0.793275218
Karnataka,CHITRADURGA,2003,Summer,Bajra,7,6,0.857142857
Karnataka,CHITRADURGA,2003,Summer,Jowar,947,2519,2.659978881
Karnataka,CHITRADURGA,2003,Summer,Maize,104,252,2.423076923
Karnataka,CHITRADURGA,2003,Summer,Ragi,1197,1423,1.188805347
Karnataka,CHITRADURGA,2003,Summer,Rice,911,2626,2.882546652
Karnataka,CHITRADURGA,2003,Summer,Sunflower,1375,1049,0.762909091
Karnataka,CHITRADURGA,2003,Whole Year,Arecanut,14366,13838,0.963246554
Karnataka,CHITRADURGA,2003,Whole Year,Banana,972,35307,36.32407407
Karnataka,CHITRADURGA,2003,Whole Year,Beans & Mutter(Vegetable),26,156,6
Karnataka,CHITRADURGA,2003,Whole Year,Brinjal,367,2351,6.40599455
Karnataka,CHITRADURGA,2003,Whole Year,Citrus Fruit,35,554,15.82857143
Karnataka,CHITRADURGA,2003,Whole Year,Coconut,43254,189870,4.389651824
Karnataka,CHITRADURGA,2003,Whole Year,Coriander,245,25,0.102040816
Karnataka,CHITRADURGA,2003,Whole Year,Dry chillies,2664,3823,1.43506006
Karnataka,CHITRADURGA,2003,Whole Year,Garlic,5,6,1.2
Karnataka,CHITRADURGA,2003,Whole Year,Grapes,11,322,29.27272727
Karnataka,CHITRADURGA,2003,Whole Year,Mango,1009,7968,7.896927651
Karnataka,CHITRADURGA,2003,Whole Year,Onion,10113,63625,6.2914071
Karnataka,CHITRADURGA,2003,Whole Year,Other Fresh Fruits,394,2094,5.314720812
Karnataka,CHITRADURGA,2003,Whole Year,Pome Fruit,26,144,5.538461538
Karnataka,CHITRADURGA,2003,Whole Year,Sugarcane,330,22258,67.44848485
Karnataka,CHITRADURGA,2003,Whole Year,Tobacco,622,350,0.562700965
Karnataka,CHITRADURGA,2003,Whole Year,Tomato,789,2581,3.271229404
Karnataka,CHITRADURGA,2004,Kharif,Arhar/Tur,7746,5320,0.686806093
Karnataka,CHITRADURGA,2004,Kharif,Bajra,7171,4002,0.55808116
Karnataka,CHITRADURGA,2004,Kharif,Castor seed,1335,2443,1.829962547
Karnataka,CHITRADURGA,2004,Kharif,Cotton(lint),15420,24022,1.557846952
Karnataka,CHITRADURGA,2004,Kharif,Groundnut,157814,148457,0.940708682
Karnataka,CHITRADURGA,2004,Kharif,Horse-gram,6945,7739,1.114326854
Karnataka,CHITRADURGA,2004,Kharif,Jowar,17455,23594,1.351704383
Karnataka,CHITRADURGA,2004,Kharif,Maize,51996,130366,2.507231325
Karnataka,CHITRADURGA,2004,Kharif,Moong(Green Gram),5848,367,0.062756498
Karnataka,CHITRADURGA,2004,Kharif,Niger seed,338,99,0.292899408
Karnataka,CHITRADURGA,2004,Kharif,Other Kharif pulses,4987,1595.84,0.32
Karnataka,CHITRADURGA,2004,Kharif,Ragi,43481,65889,1.515351533
Karnataka,CHITRADURGA,2004,Kharif,Rice,3565,6942.84,1.947500701
Karnataka,CHITRADURGA,2004,Kharif,Sesamum,4699,2656,0.565226644
Karnataka,CHITRADURGA,2004,Kharif,Small millets,10589,6283,0.593351591
Karnataka,CHITRADURGA,2004,Kharif,Sunflower,26255,15214,0.579470577
Karnataka,CHITRADURGA,2004,Kharif,Urad,70,8,0.114285714
Karnataka,CHITRADURGA,2004,Rabi,Gram,6687,1939,0.289965605
Karnataka,CHITRADURGA,2004,Rabi,Groundnut,1745,1112,0.637249284
Karnataka,CHITRADURGA,2004,Rabi,Horse-gram,6186,2815,0.455059812
Karnataka,CHITRADURGA,2004,Rabi,Jowar,15871,2235,0.140822885
Karnataka,CHITRADURGA,2004,Rabi,Maize,1716,4953,2.886363636
Karnataka,CHITRADURGA,2004,Rabi,Other  Rabi pulses,8,1,0.125
Karnataka,CHITRADURGA,2004,Rabi,Ragi,431,709,1.645011601
Karnataka,CHITRADURGA,2004,Rabi,Rapeseed &Mustard,192,41,0.213541667
Karnataka,CHITRADURGA,2004,Rabi,Rice,633,2613,4.127962085
Karnataka,CHITRADURGA,2004,Rabi,Safflower,4153,1378,0.331808331
Karnataka,CHITRADURGA,2004,Rabi,Sunflower,15956,8313,0.520995237
Karnataka,CHITRADURGA,2004,Rabi,Wheat,658,932,1.416413374
Karnataka,CHITRADURGA,2004,Summer,Bajra,12,12,1
Karnataka,CHITRADURGA,2004,Summer,Jowar,598,475,0.794314381
Karnataka,CHITRADURGA,2004,Summer,Maize,120,367,3.058333333
Karnataka,CHITRADURGA,2004,Summer,Ragi,612,542,0.885620915
Karnataka,CHITRADURGA,2004,Summer,Rice,497,1599,3.217303823
Karnataka,CHITRADURGA,2004,Summer,Sunflower,1111,1127,1.01440144
Karnataka,CHITRADURGA,2004,Whole Year,Arecanut,14498,13965,0.963236308
Karnataka,CHITRADURGA,2004,Whole Year,Banana,1171,11100,9.479077711
Karnataka,CHITRADURGA,2004,Whole Year,Coconut,43354,1922316.36,44.34
Karnataka,CHITRADURGA,2004,Whole Year,Coriander,270,27,0.1
Karnataka,CHITRADURGA,2004,Whole Year,Dry chillies,2445,1912,0.78200409
Karnataka,CHITRADURGA,2004,Whole Year,Garlic,8,9,1.125
Karnataka,CHITRADURGA,2004,Whole Year,Onion,13134,100647,7.663088168
Karnataka,CHITRADURGA,2004,Whole Year,Tobacco,287,212,0.738675958
Karnataka,CHITRADURGA,2005,Kharif,Arhar/Tur,8177,5282,0.645958175
Karnataka,CHITRADURGA,2005,Kharif,Bajra,4772,4053,0.849329422
Karnataka,CHITRADURGA,2005,Kharif,Castor seed,2188,2276,1.040219378
Karnataka,CHITRADURGA,2005,Kharif,Dry chillies,2087,2822,1.352180163
Karnataka,CHITRADURGA,2005,Kharif,Groundnut,163656,98202,0.600051327
Karnataka,CHITRADURGA,2005,Kharif,Horse-gram,9014,9257,1.026958065
Karnataka,CHITRADURGA,2005,Kharif,Jowar,14232,23493,1.650716695
Karnataka,CHITRADURGA,2005,Kharif,Maize,46222,64004,1.38470858
Karnataka,CHITRADURGA,2005,Kharif,Moong(Green Gram),6855,1465,0.213712619
Karnataka,CHITRADURGA,2005,Kharif,Niger seed,622,183,0.294212219
Karnataka,CHITRADURGA,2005,Kharif,Onion,13189,124143,9.412616574
Karnataka,CHITRADURGA,2005,Kharif,Other Kharif pulses,6695,2139,0.319492158
Karnataka,CHITRADURGA,2005,Kharif,Peas & beans (Pulses),22,134,6.090909091
Karnataka,CHITRADURGA,2005,Kharif,Ragi,53671,69277,1.290771553
Karnataka,CHITRADURGA,2005,Kharif,Rice,3537,9616,2.718688154
Karnataka,CHITRADURGA,2005,Kharif,Sesamum,7833,8751,1.117196476
Karnataka,CHITRADURGA,2005,Kharif,Small millets,8223,3232,0.393043901
Karnataka,CHITRADURGA,2005,Kharif,Sunflower,34296,16429,0.479035456
Karnataka,CHITRADURGA,2005,Kharif,Urad,105,21,0.2
Karnataka,CHITRADURGA,2005,Rabi,Dry chillies,66,107,1.621212121
Karnataka,CHITRADURGA,2005,Rabi,Gram,10175,3603,0.354103194
Karnataka,CHITRADURGA,2005,Rabi,Groundnut,3551,2264,0.637566883
Karnataka,CHITRADURGA,2005,Rabi,Horse-gram,9587,3324,0.346719516
Karnataka,CHITRADURGA,2005,Rabi,Jowar,16016,9533,0.595217283
Karnataka,CHITRADURGA,2005,Rabi,Maize,1946,6870,3.530318602
Karnataka,CHITRADURGA,2005,Rabi,Onion,1276,13228,10.36677116
Karnataka,CHITRADURGA,2005,Rabi,Other  Rabi pulses,125,15,0.12
Karnataka,CHITRADURGA,2005,Rabi,Ragi,840,2439,2.903571429
Karnataka,CHITRADURGA,2005,Rabi,Rapeseed &Mustard,710,152,0.214084507
Karnataka,CHITRADURGA,2005,Rabi,Rice,1513,4689,3.09914078
Karnataka,CHITRADURGA,2005,Rabi,Safflower,3071,557,0.181374145
Karnataka,CHITRADURGA,2005,Rabi,Sunflower,20044,13671,0.682049491
Karnataka,CHITRADURGA,2005,Rabi,Wheat,1023,1429,1.396871945
Karnataka,CHITRADURGA,2005,Summer,Dry chillies,58,153,2.637931034
Karnataka,CHITRADURGA,2005,Summer,Jowar,906,1506,1.662251656
Karnataka,CHITRADURGA,2005,Summer,Maize,234,811,3.465811966
Karnataka,CHITRADURGA,2005,Summer,Onion,439,6045,13.76993166
Karnataka,CHITRADURGA,2005,Summer,Peas & beans (Pulses),3,15,5
Karnataka,CHITRADURGA,2005,Summer,Ragi,1672,3259,1.949162679
Karnataka,CHITRADURGA,2005,Summer,Rice,5754,17011,2.956378172
Karnataka,CHITRADURGA,2005,Summer,Sunflower,3560,3301,0.927247191
Karnataka,CHITRADURGA,2005,Whole Year,Arecanut,12688,59389,4.680721942
Karnataka,CHITRADURGA,2005,Whole Year,Banana,724,10489,14.48756906
Karnataka,CHITRADURGA,2005,Whole Year,Coconut,40668,178519,4.389667552
Karnataka,CHITRADURGA,2005,Whole Year,Coriander,108,11,0.101851852
Karnataka,CHITRADURGA,2005,Whole Year,Cotton(lint),15383,26687,1.734837158
Karnataka,CHITRADURGA,2005,Whole Year,Garlic,5,6,1.2
Karnataka,CHITRADURGA,2005,Whole Year,Tobacco,312,198,0.634615385
Karnataka,CHITRADURGA,2006,Kharif,Arhar/Tur,7480,3610,0.482620321
Karnataka,CHITRADURGA,2006,Kharif,Bajra,1072,544,0.507462687
Karnataka,CHITRADURGA,2006,Kharif,Castor seed,2142,1711,0.798786181
Karnataka,CHITRADURGA,2006,Kharif,Gram,109,15,0.137614679
Karnataka,CHITRADURGA,2006,Kharif,Groundnut,93890,27837,0.296485249
Karnataka,CHITRADURGA,2006,Kharif,Horse-gram,4237,2520,0.594760444
Karnataka,CHITRADURGA,2006,Kharif,Jowar,14174,12292,0.867221673
Karnataka,CHITRADURGA,2006,Kharif,Maize,59519,105020,1.76447857
Karnataka,CHITRADURGA,2006,Kharif,Moong(Green Gram),5658,720,0.127253446
Karnataka,CHITRADURGA,2006,Kharif,Niger seed,582,171,0.293814433
Karnataka,CHITRADURGA,2006,Kharif,Other Kharif pulses,4907,7538,1.536172814
Karnataka,CHITRADURGA,2006,Kharif,Ragi,35654,35016,0.982105795
Karnataka,CHITRADURGA,2006,Kharif,Rapeseed &Mustard,321,69,0.214953271
Karnataka,CHITRADURGA,2006,Kharif,Rice,4334,10215,2.356945085
Karnataka,CHITRADURGA,2006,Kharif,Sesamum,4382,4146,0.946143314
Karnataka,CHITRADURGA,2006,Kharif,Small millets,7630,2262,0.296461337
Karnataka,CHITRADURGA,2006,Kharif,Sunflower,35474,18184,0.512600778
Karnataka,CHITRADURGA,2006,Kharif,Urad,109,15,0.137614679
Karnataka,CHITRADURGA,2006,Rabi,Bajra,15,11,0.733333333
Karnataka,CHITRADURGA,2006,Rabi,Gram,14296,2830,0.197957471
Karnataka,CHITRADURGA,2006,Rabi,Groundnut,4459,3732,0.836958959
Karnataka,CHITRADURGA,2006,Rabi,Horse-gram,8082,3209,0.397055184
Karnataka,CHITRADURGA,2006,Rabi,Jowar,28966,9674,0.333977767
Karnataka,CHITRADURGA,2006,Rabi,Maize,7136,21374,2.995235426
Karnataka,CHITRADURGA,2006,Rabi,Other  Rabi pulses,117,61,0.521367521
Karnataka,CHITRADURGA,2006,Rabi,Ragi,3236,4051,1.251854141
Karnataka,CHITRADURGA,2006,Rabi,Rice,1111,1735,1.561656166
Karnataka,CHITRADURGA,2006,Rabi,Safflower,2920,2510,0.859589041
Karnataka,CHITRADURGA,2006,Rabi,Sunflower,24868,8222,0.330625704
Karnataka,CHITRADURGA,2006,Rabi,Wheat,1114,1168,1.048473968
Karnataka,CHITRADURGA,2006,Summer,Jowar,592,844,1.425675676
Karnataka,CHITRADURGA,2006,Summer,Maize,432,1384,3.203703704
Karnataka,CHITRADURGA,2006,Summer,Ragi,1622,3454,2.12946979
Karnataka,CHITRADURGA,2006,Summer,Rice,2387,6145,2.574361123
Karnataka,CHITRADURGA,2006,Summer,Sunflower,2238,2298,1.026809651
Karnataka,CHITRADURGA,2006,Whole Year,Arecanut,14820,14276,0.963292848
Karnataka,CHITRADURGA,2006,Whole Year,Banana,1329,14090,10.60195636
Karnataka,CHITRADURGA,2006,Whole Year,Coconut,41821,183580,4.389660697
Karnataka,CHITRADURGA,2006,Whole Year,Coriander,161,16,0.099378882
Karnataka,CHITRADURGA,2006,Whole Year,Cotton(lint),8535,12117,1.419683656
Karnataka,CHITRADURGA,2006,Whole Year,Dry chillies,2067,3576,1.730043541
Karnataka,CHITRADURGA,2006,Whole Year,Garlic,4,5,1.25
Karnataka,CHITRADURGA,2006,Whole Year,Onion,14255,103526,7.262434234
Karnataka,CHITRADURGA,2006,Whole Year,Sugarcane,60,5244,87.4
Karnataka,CHITRADURGA,2006,Whole Year,Tobacco,284,127,0.447183099
Karnataka,CHITRADURGA,2006,Whole Year,Turmeric,1,5,5
Karnataka,CHITRADURGA,2007,Kharif,Arhar/Tur,7366,4940,0.670648928
Karnataka,CHITRADURGA,2007,Kharif,Bajra,2293,2208,0.962930659
Karnataka,CHITRADURGA,2007,Kharif,Castor seed,3074,2062,0.670787248
Karnataka,CHITRADURGA,2007,Kharif,Dry chillies,1868,2358,1.262312634
Karnataka,CHITRADURGA,2007,Kharif,Groundnut,143907,111426,0.77429173
Karnataka,CHITRADURGA,2007,Kharif,Horse-gram,4786,3114,0.650647723
Karnataka,CHITRADURGA,2007,Kharif,Jowar,17556,22125,1.260252905
Karnataka,CHITRADURGA,2007,Kharif,Maize,62178,177038,2.847277172
Karnataka,CHITRADURGA,2007,Kharif,Moong(Green Gram),5752,1317,0.228963839
Karnataka,CHITRADURGA,2007,Kharif,Niger seed,536,202,0.376865672
Karnataka,CHITRADURGA,2007,Kharif,Onion,13687,91994,6.721268357
Karnataka,CHITRADURGA,2007,Kharif,Other Kharif pulses,5612,9886,1.761582324
Karnataka,CHITRADURGA,2007,Kharif,Ragi,57318,74608,1.301650441
Karnataka,CHITRADURGA,2007,Kharif,Rapeseed &Mustard,148,40,0.27027027
Karnataka,CHITRADURGA,2007,Kharif,Rice,2728,6857,2.51356305
Karnataka,CHITRADURGA,2007,Kharif,Sesamum,5708,4945,0.866327961
Karnataka,CHITRADURGA,2007,Kharif,Small millets,6265,2337,0.373024741
Karnataka,CHITRADURGA,2007,Kharif,Sunflower,44108,23939,0.542736012
Karnataka,CHITRADURGA,2007,Kharif,Urad,157,68,0.433121019
Karnataka,CHITRADURGA,2007,Rabi,Dry chillies,99,173,1.747474747
Karnataka,CHITRADURGA,2007,Rabi,Gram,10428,4549,0.436229382
Karnataka,CHITRADURGA,2007,Rabi,Groundnut,2891,2777,0.960567278
Karnataka,CHITRADURGA,2007,Rabi,Horse-gram,3370,1396,0.414243323
Karnataka,CHITRADURGA,2007,Rabi,Jowar,8092,6709,0.82909046
Karnataka,CHITRADURGA,2007,Rabi,Maize,2616,9034,3.453363914
Karnataka,CHITRADURGA,2007,Rabi,Onion,610,3547,5.814754098
Karnataka,CHITRADURGA,2007,Rabi,Other  Rabi pulses,5,1,0.2
Karnataka,CHITRADURGA,2007,Rabi,Ragi,310,558,1.8
Karnataka,CHITRADURGA,2007,Rabi,Rice,436,944,2.165137615
Karnataka,CHITRADURGA,2007,Rabi,Safflower,1952,1022,0.523565574
Karnataka,CHITRADURGA,2007,Rabi,Sunflower,7458,3482,0.466881201
Karnataka,CHITRADURGA,2007,Rabi,Wheat,473,596,1.260042283
Karnataka,CHITRADURGA,2007,Summer,Dry chillies,63,213,3.380952381
Karnataka,CHITRADURGA,2007,Summer,Jowar,652,1276,1.957055215
Karnataka,CHITRADURGA,2007,Summer,Maize,227,733,3.22907489
Karnataka,CHITRADURGA,2007,Summer,Onion,268,1904,7.104477612
Karnataka,CHITRADURGA,2007,Summer,Ragi,1349,2530,1.875463306
Karnataka,CHITRADURGA,2007,Summer,Rice,3510,8760,2.495726496
Karnataka,CHITRADURGA,2007,Summer,Sunflower,1134,1362,1.201058201
Karnataka,CHITRADURGA,2007,Whole Year,Arecanut,15318,71699,4.680702442
Karnataka,CHITRADURGA,2007,Whole Year,Banana,1501,17539,11.68487675
Karnataka,CHITRADURGA,2007,Whole Year,Coconut,42519,216488,5.091559068
Karnataka,CHITRADURGA,2007,Whole Year,Coriander,215,75,0.348837209
Karnataka,CHITRADURGA,2007,Whole Year,Cotton(lint),10648,24767,2.325976709
Karnataka,CHITRADURGA,2007,Whole Year,Sugarcane,65,5496,84.55384615
Karnataka,CHITRADURGA,2007,Whole Year,Tobacco,184,78,0.423913043
Karnataka,CHITRADURGA,2008,Kharif,Arhar/Tur,9533,4284,0.449386342
Karnataka,CHITRADURGA,2008,Kharif,Bajra,1581,600,0.379506641
Karnataka,CHITRADURGA,2008,Kharif,Castor seed,1069,846,0.791393826
Karnataka,CHITRADURGA,2008,Kharif,Dry chillies,1682,1751,1.041022592
Karnataka,CHITRADURGA,2008,Kharif,Groundnut,145532,31181,0.214255284
Karnataka,CHITRADURGA,2008,Kharif,Horse-gram,5609,2856,0.509181672
Karnataka,CHITRADURGA,2008,Kharif,Jowar,11497,10820,0.941115073
Karnataka,CHITRADURGA,2008,Kharif,Maize,64726,77388,1.195624633
Karnataka,CHITRADURGA,2008,Kharif,Moong(Green Gram),2803,383,0.136639315
Karnataka,CHITRADURGA,2008,Kharif,Niger seed,268,92,0.343283582
Karnataka,CHITRADURGA,2008,Kharif,Onion,14810,85458,5.770290344
Karnataka,CHITRADURGA,2008,Kharif,Other Kharif pulses,4509,6578,1.458860058
Karnataka,CHITRADURGA,2008,Kharif,Potato,2,4,2
Karnataka,CHITRADURGA,2008,Kharif,Ragi,63871,60153,0.941788918
Karnataka,CHITRADURGA,2008,Kharif,Rice,5265,11253.94,2.137500475
Karnataka,CHITRADURGA,2008,Kharif,Sesamum,3524,2196,0.623155505
Karnataka,CHITRADURGA,2008,Kharif,Sunflower,29010,11678,0.402550845
Karnataka,CHITRADURGA,2008,Kharif,Urad,22,6,0.272727273
Karnataka,CHITRADURGA,2008,Rabi,Dry chillies,75,127,1.693333333
Karnataka,CHITRADURGA,2008,Rabi,Gram,11102,4192,0.377589623
Karnataka,CHITRADURGA,2008,Rabi,Groundnut,2734,2223,0.813094367
Karnataka,CHITRADURGA,2008,Rabi,Horse-gram,3197,1033,0.323115421
Karnataka,CHITRADURGA,2008,Rabi,Jowar,11013,7142,0.648506311
Karnataka,CHITRADURGA,2008,Rabi,Maize,5209,11688,2.243808792
Karnataka,CHITRADURGA,2008,Rabi,Onion,398,2955,7.424623116
Karnataka,CHITRADURGA,2008,Rabi,Other  Rabi pulses,9,1,0.111111111
Karnataka,CHITRADURGA,2008,Rabi,Ragi,549,710,1.293260474
Karnataka,CHITRADURGA,2008,Rabi,Rapeseed &Mustard,73,20,0.273972603
Karnataka,CHITRADURGA,2008,Rabi,Rice,552,947,1.71557971
Karnataka,CHITRADURGA,2008,Rabi,Safflower,4652,2581,0.554815133
Karnataka,CHITRADURGA,2008,Rabi,Sunflower,12391,4959,0.40020983
Karnataka,CHITRADURGA,2008,Rabi,Wheat,1133,2577,2.274492498
Karnataka,CHITRADURGA,2008,Summer,Bajra,1,1,1
Karnataka,CHITRADURGA,2008,Summer,Dry chillies,45,148,3.288888889
Karnataka,CHITRADURGA,2008,Summer,Jowar,586,1333,2.274744027
Karnataka,CHITRADURGA,2008,Summer,Maize,438,1378,3.146118721
Karnataka,CHITRADURGA,2008,Summer,Onion,120,660,5.5
Karnataka,CHITRADURGA,2008,Summer,Ragi,1276,1843,1.444357367
Karnataka,CHITRADURGA,2008,Summer,Rice,2850,5981,2.098596491
Karnataka,CHITRADURGA,2008,Summer,Sunflower,752,648,0.861702128
Karnataka,CHITRADURGA,2008,Whole Year,Arecanut,15465,72387,4.680698351
Karnataka,CHITRADURGA,2008,Whole Year,Banana,1874,14585,7.782817503
Karnataka,CHITRADURGA,2008,Whole Year,Cashewnut,14,8.61,0.615
Karnataka,CHITRADURGA,2008,Whole Year,Coconut,42563,291591,6.850809388
Karnataka,CHITRADURGA,2008,Whole Year,Coriander,413,265,0.641646489
Karnataka,CHITRADURGA,2008,Whole Year,Cotton(lint),4372,7054,1.613449222
Karnataka,CHITRADURGA,2008,Whole Year,Tobacco,356,181,0.508426966
Karnataka,CHITRADURGA,2009,Kharif,Arhar/Tur,8012,4635,0.578507239
Karnataka,CHITRADURGA,2009,Kharif,Bajra,1278,694,0.543035994
Karnataka,CHITRADURGA,2009,Kharif,Castor seed,1581,1576,0.996837445
Karnataka,CHITRADURGA,2009,Kharif,Gram,3895,2113,0.542490372
Karnataka,CHITRADURGA,2009,Kharif,Groundnut,119677,62493,0.522180536
Karnataka,CHITRADURGA,2009,Kharif,Horse-gram,3895,2113,0.542490372
Karnataka,CHITRADURGA,2009,Kharif,Jowar,10778,12005,1.113843014
Karnataka,CHITRADURGA,2009,Kharif,Maize,79754,132144,1.656894952
Karnataka,CHITRADURGA,2009,Kharif,Moong(Green Gram),4217,1298,0.307801755
Karnataka,CHITRADURGA,2009,Kharif,Niger seed,221,77,0.34841629
Karnataka,CHITRADURGA,2009,Kharif,Onion,21717,125149,5.762720449
Karnataka,CHITRADURGA,2009,Kharif,Other Kharif pulses,4363,3823,0.87623195
Karnataka,CHITRADURGA,2009,Kharif,Ragi,47915,64781,1.35199833
Karnataka,CHITRADURGA,2009,Kharif,Rice,5648,11106.79,1.966499646
Karnataka,CHITRADURGA,2009,Kharif,Sesamum,3813,2905,0.761867296
Karnataka,CHITRADURGA,2009,Kharif,Small millets,7011,2811,0.400941378
Karnataka,CHITRADURGA,2009,Kharif,Sunflower,23861,8581,0.359624492
Karnataka,CHITRADURGA,2009,Kharif,Urad,32,3,0.09375
Karnataka,CHITRADURGA,2009,Rabi,Dry chillies,71,212,2.985915493
Karnataka,CHITRADURGA,2009,Rabi,Gram,4400,1488,0.338181818
Karnataka,CHITRADURGA,2009,Rabi,Groundnut,4168,4114,0.987044146
Karnataka,CHITRADURGA,2009,Rabi,Horse-gram,4400,1488,0.338181818
Karnataka,CHITRADURGA,2009,Rabi,Jowar,15273,9717,0.636220782
Karnataka,CHITRADURGA,2009,Rabi,Maize,3887,8196,2.108567018
Karnataka,CHITRADURGA,2009,Rabi,Onion,384,2330,6.067708333
Karnataka,CHITRADURGA,2009,Rabi,Other  Rabi pulses,31,10,0.322580645
Karnataka,CHITRADURGA,2009,Rabi,Ragi,544,947,1.740808824
Karnataka,CHITRADURGA,2009,Rabi,Rapeseed &Mustard,66,19,0.287878788
Karnataka,CHITRADURGA,2009,Rabi,Rice,1438,2510,1.745479833
Karnataka,CHITRADURGA,2009,Rabi,Safflower,3522,1074,0.304940375
Karnataka,CHITRADURGA,2009,Rabi,Sunflower,5134,1959,0.381573822
Karnataka,CHITRADURGA,2009,Rabi,Wheat,865,1196,1.38265896
Karnataka,CHITRADURGA,2009,Summer,Dry chillies,43,198,4.604651163
Karnataka,CHITRADURGA,2009,Summer,Jowar,563,549,0.975133215
Karnataka,CHITRADURGA,2009,Summer,Maize,797,1588,1.992471769
Karnataka,CHITRADURGA,2009,Summer,Onion,125,954,7.632
Karnataka,CHITRADURGA,2009,Summer,Ragi,1577,2455,1.556753329
Karnataka,CHITRADURGA,2009,Summer,Rice,3989,8542,2.141388819
Karnataka,CHITRADURGA,2009,Summer,Sunflower,756,783,1.035714286
Karnataka,CHITRADURGA,2009,Whole Year,Arecanut,16545,77443,4.680749471
Karnataka,CHITRADURGA,2009,Whole Year,Banana,2228,18515,8.310143627
Karnataka,CHITRADURGA,2009,Whole Year,Cashewnut,4,3,0.75
Karnataka,CHITRADURGA,2009,Whole Year,Coconut,42388,295008,6.959705577
Karnataka,CHITRADURGA,2009,Whole Year,Coriander,205,120,0.585365854
Karnataka,CHITRADURGA,2009,Whole Year,Cotton(lint),10513,14749,1.402929706
Karnataka,CHITRADURGA,2009,Whole Year,Tobacco,457,352,0.7702407
Karnataka,CHITRADURGA,2010,Kharif,Arhar/Tur,15239,10887,0.714416956
Karnataka,CHITRADURGA,2010,Kharif,Bajra,1508,825,0.547082228
Karnataka,CHITRADURGA,2010,Kharif,Castor seed,1963,1975,1.006113092
Karnataka,CHITRADURGA,2010,Kharif,Cotton(lint),14514,32813,2.260782693
Karnataka,CHITRADURGA,2010,Kharif,Cowpea(Lobia),934,755,0.808351178
Karnataka,CHITRADURGA,2010,Kharif,Dry chillies,1398,1733,1.23962804
Karnataka,CHITRADURGA,2010,Kharif,Groundnut,153128,78100,0.510030824
Karnataka,CHITRADURGA,2010,Kharif,Horse-gram,3487,2650,0.759965586
Karnataka,CHITRADURGA,2010,Kharif,Jowar,8592,12956,1.507914339
Karnataka,CHITRADURGA,2010,Kharif,Maize,95720,266771,2.786993314
Karnataka,CHITRADURGA,2010,Kharif,Moong(Green Gram),5153,1214,0.235590918
Karnataka,CHITRADURGA,2010,Kharif,Niger seed,192,58,0.302083333
Karnataka,CHITRADURGA,2010,Kharif,Onion,15607,94535,6.057217915
Karnataka,CHITRADURGA,2010,Kharif,Other Kharif pulses,3843,6221,1.618787406
Karnataka,CHITRADURGA,2010,Kharif,Peas & beans (Pulses),6,54,9
Karnataka,CHITRADURGA,2010,Kharif,Potato,5,38,7.6
Karnataka,CHITRADURGA,2010,Kharif,Ragi,53001,86967,1.640855833
Karnataka,CHITRADURGA,2010,Kharif,Rice,7941,18659,2.349704067
Karnataka,CHITRADURGA,2010,Kharif,Sesamum,4552,3243,0.712434095
Karnataka,CHITRADURGA,2010,Kharif,Small millets,5876,2511,0.427331518
Karnataka,CHITRADURGA,2010,Kharif,Sunflower,9797,5626,0.574257426
Karnataka,CHITRADURGA,2010,Kharif,Urad,56,20,0.357142857
Karnataka,CHITRADURGA,2010,Rabi,Cotton(lint),1600,2305,1.440625
Karnataka,CHITRADURGA,2010,Rabi,Cowpea(Lobia),142,38,0.267605634
Karnataka,CHITRADURGA,2010,Rabi,Dry chillies,81,220,2.716049383
Karnataka,CHITRADURGA,2010,Rabi,Gram,18981,13689,0.721194879
Karnataka,CHITRADURGA,2010,Rabi,Groundnut,3936,4072,1.034552846
Karnataka,CHITRADURGA,2010,Rabi,Horse-gram,4339,1954,0.450334178
Karnataka,CHITRADURGA,2010,Rabi,Jowar,9426,8249,0.875132612
Karnataka,CHITRADURGA,2010,Rabi,Maize,6453,14949,2.316596932
Karnataka,CHITRADURGA,2010,Rabi,Onion,189,1294,6.846560847
Karnataka,CHITRADURGA,2010,Rabi,Other  Rabi pulses,35,14,0.4
Karnataka,CHITRADURGA,2010,Rabi,Peas & beans (Pulses),8,57,7.125
Karnataka,CHITRADURGA,2010,Rabi,Ragi,392,695,1.772959184
Karnataka,CHITRADURGA,2010,Rabi,Rapeseed &Mustard,126,42,0.333333333
Karnataka,CHITRADURGA,2010,Rabi,Rice,953,2099,2.202518363
Karnataka,CHITRADURGA,2010,Rabi,Safflower,523,300,0.573613767
Karnataka,CHITRADURGA,2010,Rabi,Sunflower,2895,1358,0.469084629
Karnataka,CHITRADURGA,2010,Rabi,Wheat,1566,2438,1.556832695
Karnataka,CHITRADURGA,2010,Summer,Dry chillies,42,128,3.047619048
Karnataka,CHITRADURGA,2010,Summer,Jowar,482,1304,2.705394191
Karnataka,CHITRADURGA,2010,Summer,Maize,1547,6077,3.928248222
Karnataka,CHITRADURGA,2010,Summer,Onion,116,1234,10.63793103
Karnataka,CHITRADURGA,2010,Summer,Ragi,2127,3429,1.61212976
Karnataka,CHITRADURGA,2010,Summer,Rice,5054,11610,2.297190344
Karnataka,CHITRADURGA,2010,Summer,Sunflower,967,1098,1.135470527
Karnataka,CHITRADURGA,2010,Whole Year,Arecanut,16229,160667,9.899993838
Karnataka,CHITRADURGA,2010,Whole Year,Banana,2248,27118,12.06316726
Karnataka,CHITRADURGA,2010,Whole Year,Cashewnut,4,3,0.75
Karnataka,CHITRADURGA,2010,Whole Year,Coconut,42299,583165,13.78673255
Karnataka,CHITRADURGA,2010,Whole Year,Coriander,88,33,0.375
Karnataka,CHITRADURGA,2010,Whole Year,Sugarcane,4,388,97
Karnataka,CHITRADURGA,2010,Whole Year,Tobacco,490,535,1.091836735
Karnataka,CHITRADURGA,2011,Kharif,Arhar/Tur,8567,5233,0.610832263
Karnataka,CHITRADURGA,2011,Kharif,Bajra,1612,906,0.562034739
Karnataka,CHITRADURGA,2011,Kharif,Castor seed,952,719,0.755252101
Karnataka,CHITRADURGA,2011,Kharif,Cotton(lint),20190,37180,1.841505696
Karnataka,CHITRADURGA,2011,Kharif,Cowpea(Lobia),915,481,0.52568306
Karnataka,CHITRADURGA,2011,Kharif,Dry chillies,1265,270,0.213438735
Karnataka,CHITRADURGA,2011,Kharif,Groundnut,90519,43119,0.476353031
Karnataka,CHITRADURGA,2011,Kharif,Horse-gram,3301,1446,0.438049076
Karnataka,CHITRADURGA,2011,Kharif,Jowar,3527,4139,1.173518571
Karnataka,CHITRADURGA,2011,Kharif,Maize,97918,162562,1.660185053
Karnataka,CHITRADURGA,2011,Kharif,Moong(Green Gram),4167,895,0.214782817
Karnataka,CHITRADURGA,2011,Kharif,Niger seed,74,20,0.27027027
Karnataka,CHITRADURGA,2011,Kharif,Onion,14888,83758,5.625873186
Karnataka,CHITRADURGA,2011,Kharif,Other Kharif pulses,2471,2509,1.015378389
Karnataka,CHITRADURGA,2011,Kharif,Peas & beans (Pulses),4,36,9
Karnataka,CHITRADURGA,2011,Kharif,Potato,4,33,8.25
Karnataka,CHITRADURGA,2011,Kharif,Ragi,39112,35937,0.918822868
Karnataka,CHITRADURGA,2011,Kharif,Rice,4723,10517,2.226762651
Karnataka,CHITRADURGA,2011,Kharif,Sesamum,2193,1875,0.85499316
Karnataka,CHITRADURGA,2011,Kharif,Small millets,7189,3827,0.532341077
Karnataka,CHITRADURGA,2011,Kharif,Sunflower,3971,1197,0.301435407
Karnataka,CHITRADURGA,2011,Kharif,Urad,33,12,0.363636364
Karnataka,CHITRADURGA,2011,Rabi,Cotton(lint),211,399,1.890995261
Karnataka,CHITRADURGA,2011,Rabi,Cowpea(Lobia),135,48,0.355555556
Karnataka,CHITRADURGA,2011,Rabi,Dry chillies,67,158,2.358208955
Karnataka,CHITRADURGA,2011,Rabi,Gram,29068,9937,0.341853585
Karnataka,CHITRADURGA,2011,Rabi,Groundnut,3440,3480,1.011627907
Karnataka,CHITRADURGA,2011,Rabi,Horse-gram,5759,1685,0.292585518
Karnataka,CHITRADURGA,2011,Rabi,Jowar,20216,11123,0.550207756
Karnataka,CHITRADURGA,2011,Rabi,Maize,3923,9884,2.519500382
Karnataka,CHITRADURGA,2011,Rabi,Moong(Green Gram),10,3,0.3
Karnataka,CHITRADURGA,2011,Rabi,Onion,154,1226,7.961038961
Karnataka,CHITRADURGA,2011,Rabi,Other  Rabi pulses,50,47,0.94
Karnataka,CHITRADURGA,2011,Rabi,Peas & beans (Pulses),3,22,7.333333333
Karnataka,CHITRADURGA,2011,Rabi,Ragi,431,639,1.482598608
Karnataka,CHITRADURGA,2011,Rabi,Rapeseed &Mustard,51,15,0.294117647
Karnataka,CHITRADURGA,2011,Rabi,Rice,510,1174,2.301960784
Karnataka,CHITRADURGA,2011,Rabi,Safflower,602,170,0.282392027
Karnataka,CHITRADURGA,2011,Rabi,Sunflower,8677,2461,0.283623372
Karnataka,CHITRADURGA,2011,Rabi,Wheat,528,777,1.471590909
Karnataka,CHITRADURGA,2011,Summer,Dry chillies,5,18,3.6
Karnataka,CHITRADURGA,2011,Summer,Jowar,933,1787,1.915326902
Karnataka,CHITRADURGA,2011,Summer,Maize,1220,3310,2.713114754
Karnataka,CHITRADURGA,2011,Summer,Onion,100,616,6.16
Karnataka,CHITRADURGA,2011,Summer,Ragi,1634,2020,1.23623011
Karnataka,CHITRADURGA,2011,Summer,Rice,763,1524,1.997378768
Karnataka,CHITRADURGA,2011,Summer,Sunflower,469,401,0.855010661
Karnataka,CHITRADURGA,2011,Whole Year,Arecanut,16363,132511,8.098209375
Karnataka,CHITRADURGA,2011,Whole Year,Banana,2144,28245,13.17397388
Karnataka,CHITRADURGA,2011,Whole Year,Cashewnut,4,3,0.75
Karnataka,CHITRADURGA,2011,Whole Year,Coconut,42531,571248,13.43133244
Karnataka,CHITRADURGA,2011,Whole Year,Coriander,67,27,0.402985075
Karnataka,CHITRADURGA,2011,Whole Year,Sugarcane,10,912,91.2
Karnataka,CHITRADURGA,2011,Whole Year,Tobacco,438,401,0.915525114
Karnataka,CHITRADURGA,2012,Kharif,Arhar/Tur,6382,4165,0.652616735
Karnataka,CHITRADURGA,2012,Kharif,Bajra,1330,699,0.52556391
Karnataka,CHITRADURGA,2012,Kharif,Castor seed,777,576,0.741312741
Karnataka,CHITRADURGA,2012,Kharif,Cotton(lint),17637,25526,1.447298293
Karnataka,CHITRADURGA,2012,Kharif,Cowpea(Lobia),406,280,0.689655172
Karnataka,CHITRADURGA,2012,Kharif,Dry chillies,1139,240,0.21071115
Karnataka,CHITRADURGA,2012,Kharif,Groundnut,71002,41415,0.583293428
Karnataka,CHITRADURGA,2012,Kharif,Horse-gram,4466,2393,0.535826243
Karnataka,CHITRADURGA,2012,Kharif,Jowar,5536,7063,1.275830925
Karnataka,CHITRADURGA,2012,Kharif,Maize,95948,221861,2.312304582
Karnataka,CHITRADURGA,2012,Kharif,Moong(Green Gram),7653,800,0.10453417
Karnataka,CHITRADURGA,2012,Kharif,Niger seed,81,19,0.234567901
Karnataka,CHITRADURGA,2012,Kharif,Onion,11592,63696,5.494824017
Karnataka,CHITRADURGA,2012,Kharif,Other Kharif pulses,1734,2683,1.547289504
Karnataka,CHITRADURGA,2012,Kharif,Ragi,45272,51137,1.129550274
Karnataka,CHITRADURGA,2012,Kharif,Rapeseed &Mustard,82,24,0.292682927
Karnataka,CHITRADURGA,2012,Kharif,Rice,2864,6470,2.259078212
Karnataka,CHITRADURGA,2012,Kharif,Sesamum,2072,569,0.2746139
Karnataka,CHITRADURGA,2012,Kharif,Small millets,6589,2253,0.341933526
Karnataka,CHITRADURGA,2012,Kharif,Sunflower,32354,15245,0.47119367
Karnataka,CHITRADURGA,2012,Kharif,Urad,5,2,0.4
Karnataka,CHITRADURGA,2012,Rabi,Cotton(lint),1785,2204,1.234733894
Karnataka,CHITRADURGA,2012,Rabi,Cowpea(Lobia),22,7,0.318181818
Karnataka,CHITRADURGA,2012,Rabi,Dry chillies,79,216,2.734177215
Karnataka,CHITRADURGA,2012,Rabi,Gram,23213,10607,0.456942231
Karnataka,CHITRADURGA,2012,Rabi,Horse-gram,6080,1715,0.282072368
Karnataka,CHITRADURGA,2012,Rabi,Jowar,15340,10726,0.699217731
Karnataka,CHITRADURGA,2012,Rabi,Maize,4631,12745,2.752105377
Karnataka,CHITRADURGA,2012,Rabi,Onion,158,1034,6.544303797
Karnataka,CHITRADURGA,2012,Rabi,Ragi,284,366,1.288732394
Karnataka,CHITRADURGA,2012,Rabi,Rice,273,668,2.446886447
Karnataka,CHITRADURGA,2012,Rabi,Safflower,204,76,0.37254902
Karnataka,CHITRADURGA,2012,Rabi,Sunflower,18259,7858,0.430363109
Karnataka,CHITRADURGA,2012,Rabi,Wheat,185,163,0.881081081
Karnataka,CHITRADURGA,2012,Summer,Cowpea(Lobia),12,4,0.333333333
Karnataka,CHITRADURGA,2012,Summer,Dry chillies,18,51,2.833333333
Karnataka,CHITRADURGA,2012,Summer,Groundnut,3551,3799,1.069839482
Karnataka,CHITRADURGA,2012,Summer,Jowar,153,146,0.954248366
Karnataka,CHITRADURGA,2012,Summer,Maize,1267,3097,2.444356748
Karnataka,CHITRADURGA,2012,Summer,Onion,141,800,5.673758865
Karnataka,CHITRADURGA,2012,Summer,Ragi,1613,2283,1.415375077
Karnataka,CHITRADURGA,2012,Summer,Rice,410,849,2.070731707
Karnataka,CHITRADURGA,2012,Summer,Sunflower,475,464,0.976842105
Karnataka,CHITRADURGA,2012,Whole Year,Arecanut,17251,138455,8.025911541
Karnataka,CHITRADURGA,2012,Whole Year,Cashewnut,4,3,0.75
Karnataka,CHITRADURGA,2012,Whole Year,Coconut,42526,571181,13.43133612
Karnataka,CHITRADURGA,2012,Whole Year,Coriander,48,19,0.395833333
Karnataka,CHITRADURGA,2012,Whole Year,Sugarcane,37,3093,83.59459459
Karnataka,CHITRADURGA,2012,Whole Year,Tobacco,165,103,0.624242424
Karnataka,CHITRADURGA,2013,Kharif,Arhar/Tur,8957,7250,0.809422798
Karnataka,CHITRADURGA,2013,Kharif,Bajra,2049,1110,0.541727672
Karnataka,CHITRADURGA,2013,Kharif,Castor seed,685,526,0.767883212
Karnataka,CHITRADURGA,2013,Kharif,Cotton(lint),20250,34287,1.693185185
Karnataka,CHITRADURGA,2013,Kharif,Cowpea(Lobia),743,267,0.35935397
Karnataka,CHITRADURGA,2013,Kharif,Dry chillies,995,873,0.877386935
Karnataka,CHITRADURGA,2013,Kharif,Groundnut,111650,79975,0.71630094
Karnataka,CHITRADURGA,2013,Kharif,Horse-gram,3176,1403,0.44175063
Karnataka,CHITRADURGA,2013,Kharif,Jowar,3796,4821,1.270021075
Karnataka,CHITRADURGA,2013,Kharif,Maize,97736,209839,2.146998036
Karnataka,CHITRADURGA,2013,Kharif,Moong(Green Gram),5267,991,0.188152649
Karnataka,CHITRADURGA,2013,Kharif,Niger seed,6,1,0.166666667
Karnataka,CHITRADURGA,2013,Kharif,Onion,11495,75732,6.588255763
Karnataka,CHITRADURGA,2013,Kharif,Other Kharif pulses,2541,2571,1.011806375
Karnataka,CHITRADURGA,2013,Kharif,Potato,23,151,6.565217391
Karnataka,CHITRADURGA,2013,Kharif,Ragi,45995,57896,1.258745516
Karnataka,CHITRADURGA,2013,Kharif,Rapeseed &Mustard,6,2,0.333333333
Karnataka,CHITRADURGA,2013,Kharif,Rice,1196,2692,2.25083612
Karnataka,CHITRADURGA,2013,Kharif,Sesamum,1170,527,0.45042735
Karnataka,CHITRADURGA,2013,Kharif,Small millets,8504,3558,0.418391345
Karnataka,CHITRADURGA,2013,Kharif,Sunflower,14353,6899,0.480666063
Karnataka,CHITRADURGA,2013,Kharif,Urad,15,7,0.466666667
Karnataka,CHITRADURGA,2013,Rabi,Cotton(lint),716,1320,1.843575419
Karnataka,CHITRADURGA,2013,Rabi,Cowpea(Lobia),250,106,0.424
Karnataka,CHITRADURGA,2013,Rabi,Dry chillies,84,159,1.892857143
Karnataka,CHITRADURGA,2013,Rabi,Gram,23061,11545,0.500628767
Karnataka,CHITRADURGA,2013,Rabi,Horse-gram,1979,634,0.32036382
Karnataka,CHITRADURGA,2013,Rabi,Jowar,7853,3984,0.507322043
Karnataka,CHITRADURGA,2013,Rabi,Maize,4882,12040,2.466202376
Karnataka,CHITRADURGA,2013,Rabi,Onion,4592,32264,7.026132404
Karnataka,CHITRADURGA,2013,Rabi,Other  Rabi pulses,105,84,0.8
Karnataka,CHITRADURGA,2013,Rabi,Ragi,173,279,1.612716763
Karnataka,CHITRADURGA,2013,Rabi,Rice,361,994,2.753462604
Karnataka,CHITRADURGA,2013,Rabi,Safflower,825,405,0.490909091
Karnataka,CHITRADURGA,2013,Rabi,Sunflower,2679,1583,0.590892124
Karnataka,CHITRADURGA,2013,Rabi,Wheat,128,199,1.5546875
Karnataka,CHITRADURGA,2013,Summer,Cowpea(Lobia),15,6,0.4
Karnataka,CHITRADURGA,2013,Summer,Dry chillies,19,50,2.631578947
Karnataka,CHITRADURGA,2013,Summer,Groundnut,1701,1708,1.004115226
Karnataka,CHITRADURGA,2013,Summer,Jowar,241,334,1.385892116
Karnataka,CHITRADURGA,2013,Summer,Maize,519,976,1.880539499
Karnataka,CHITRADURGA,2013,Summer,Onion,245,1923,7.848979592
Karnataka,CHITRADURGA,2013,Summer,Ragi,1052,1644,1.562737643
Karnataka,CHITRADURGA,2013,Summer,Rice,612,1307,2.135620915
Karnataka,CHITRADURGA,2013,Summer,Sunflower,190,203,1.068421053
Karnataka,CHITRADURGA,2013,Whole Year,Arecanut,16848,217251,12.89476496
Karnataka,CHITRADURGA,2013,Whole Year,Black pepper,8,20,2.5
Karnataka,CHITRADURGA,2013,Whole Year,Cashewnut,4,4,1
Karnataka,CHITRADURGA,2013,Whole Year,Coconut,38301,504271,13.16600089
Karnataka,CHITRADURGA,2013,Whole Year,Coriander,78,24,0.307692308
Karnataka,CHITRADURGA,2013,Whole Year,Tobacco,44,36,0.818181818
Karnataka,CHITRADURGA,2014,Kharif,Arhar/Tur,8728,7205,0.825504125
Karnataka,CHITRADURGA,2014,Kharif,Bajra,1697,1053,0.620506777
Karnataka,CHITRADURGA,2014,Kharif,Castor seed,652,587,0.900306748
Karnataka,CHITRADURGA,2014,Kharif,Cotton(lint),28366,48504,1.709934429
Karnataka,CHITRADURGA,2014,Kharif,Cowpea(Lobia),523,230,0.439770554
Karnataka,CHITRADURGA,2014,Kharif,Dry chillies,1221,1314,1.076167076
Karnataka,CHITRADURGA,2014,Kharif,Groundnut,118724,77034,0.648849432
Karnataka,CHITRADURGA,2014,Kharif,Horse-gram,4213,1701,0.403750297
Karnataka,CHITRADURGA,2014,Kharif,Jowar,2755,3826,1.388747731
Karnataka,CHITRADURGA,2014,Kharif,Maize,86351,247823,2.869949393
Karnataka,CHITRADURGA,2014,Kharif,Moong(Green Gram),4506,860,0.190856636
Karnataka,CHITRADURGA,2014,Kharif,Niger seed,27,7,0.259259259
Karnataka,CHITRADURGA,2014,Kharif,Onion,24129,201925,8.368560653
Karnataka,CHITRADURGA,2014,Kharif,Other Kharif pulses,1938,1751,0.903508772
Karnataka,CHITRADURGA,2014,Kharif,Ragi,54642,87468,1.600746678
Karnataka,CHITRADURGA,2014,Kharif,Rapeseed &Mustard,11,2,0.181818182
Karnataka,CHITRADURGA,2014,Kharif,Rice,1048,2376,2.267175573
Karnataka,CHITRADURGA,2014,Kharif,Sesamum,3318,2225,0.67058469
Karnataka,CHITRADURGA,2014,Kharif,Small millets,7719,4060,0.525974867
Karnataka,CHITRADURGA,2014,Kharif,Sunflower,12272,6307,0.513934159
Karnataka,CHITRADURGA,2014,Rabi,Cotton(lint),91,141,1.549450549
Karnataka,CHITRADURGA,2014,Rabi,Cowpea(Lobia),263,96,0.365019011
Karnataka,CHITRADURGA,2014,Rabi,Dry chillies,105,197,1.876190476
Karnataka,CHITRADURGA,2014,Rabi,Gram,32153,21534,0.669735328
Karnataka,CHITRADURGA,2014,Rabi,Horse-gram,3152,1318,0.418147208
Karnataka,CHITRADURGA,2014,Rabi,Jowar,11013,8108,0.73622083
Karnataka,CHITRADURGA,2014,Rabi,Maize,3803,8407,2.210623192
Karnataka,CHITRADURGA,2014,Rabi,Onion,1282,8496,6.627145086
Karnataka,CHITRADURGA,2014,Rabi,Other  Rabi pulses,190,145,0.763157895
Karnataka,CHITRADURGA,2014,Rabi,Ragi,567,867,1.529100529
Karnataka,CHITRADURGA,2014,Rabi,Rice,402,927,2.305970149
Karnataka,CHITRADURGA,2014,Rabi,Safflower,1885,883,0.468435013
Karnataka,CHITRADURGA,2014,Rabi,Sunflower,2361,1305,0.552731893
Karnataka,CHITRADURGA,2014,Rabi,Wheat,266,387,1.454887218
Karnataka,CHITRADURGA,2014,Summer,Cotton(lint),84,159,1.892857143
Karnataka,CHITRADURGA,2014,Summer,Cowpea(Lobia),71,26,0.366197183
Karnataka,CHITRADURGA,2014,Summer,Dry chillies,32,62,1.9375
Karnataka,CHITRADURGA,2014,Summer,Groundnut,2111,1943,0.920416864
Karnataka,CHITRADURGA,2014,Summer,Jowar,447,945,2.11409396
Karnataka,CHITRADURGA,2014,Summer,Maize,1195,3577,2.993305439
Karnataka,CHITRADURGA,2014,Summer,Onion,453,2222,4.905077263
Karnataka,CHITRADURGA,2014,Summer,Ragi,1929,2720,1.410057024
Karnataka,CHITRADURGA,2014,Summer,Rice,575,1110,1.930434783
Karnataka,CHITRADURGA,2014,Summer,Sunflower,341,318,0.93255132
Karnataka,CHITRADURGA,2014,Whole Year,Arecanut,17190,194006,11.28598022
Karnataka,CHITRADURGA,2014,Whole Year,Black pepper,48,282,5.875
Karnataka,CHITRADURGA,2014,Whole Year,Cashewnut,4,3,0.75
Karnataka,CHITRADURGA,2014,Whole Year,Coconut,38729,297915,7.692297761
Karnataka,CHITRADURGA,2014,Whole Year,Coriander,104,35,0.336538462
Karnataka,DAKSHIN KANNAD,1997,Kharif,Black pepper,1059,245,0.231350331
Karnataka,DAKSHIN KANNAD,1997,Kharif,Dry chillies,210,111,0.528571429
Karnataka,DAKSHIN KANNAD,1997,Kharif,Dry ginger,471,554,1.176220807
Karnataka,DAKSHIN KANNAD,1997,Kharif,Horse-gram,3854,1728,0.448365335
Karnataka,DAKSHIN KANNAD,1997,Kharif,Paddy,92885,270059,2.907455456
Karnataka,DAKSHIN KANNAD,1997,Kharif,Rice,92885,180119,1.939161329
Karnataka,DAKSHIN KANNAD,1997,Rabi,Dry chillies,889,1197,1.346456693
Karnataka,DAKSHIN KANNAD,1997,Rabi,Groundnut,2966,4931,1.662508429
Karnataka,DAKSHIN KANNAD,1997,Rabi,Horse-gram,222,133,0.599099099
Karnataka,DAKSHIN KANNAD,1997,Rabi,Paddy,40539,117627,2.90157626
Karnataka,DAKSHIN KANNAD,1997,Rabi,Rice,40539,78462,1.935469548
Karnataka,DAKSHIN KANNAD,1997,Summer,Paddy,5312,15963,3.005082831
Karnataka,DAKSHIN KANNAD,1997,Summer,Rice,5312,10650,2.004894578
Karnataka,DAKSHIN KANNAD,1997,Whole Year,Arecanut,24727,44112,1.783960853
Karnataka,DAKSHIN KANNAD,1997,Whole Year,Cardamom,523,24,0.045889101
Karnataka,DAKSHIN KANNAD,1997,Whole Year,Sugarcane,2154,188260,87.4001857
Karnataka,DAKSHIN KANNAD,1997,Whole Year,Turmeric,102,236,2.31372549
Karnataka,DAKSHIN KANNAD,1998,Kharif,Dry ginger,339,3990,11.7699115
Karnataka,DAKSHIN KANNAD,1998,Kharif,Horse-gram,316,151,0.477848101
Karnataka,DAKSHIN KANNAD,1998,Kharif,Moong(Green Gram),60,12,0.2
Karnataka,DAKSHIN KANNAD,1998,Kharif,Rice,39173,79829,2.037857708
Karnataka,DAKSHIN KANNAD,1998,Kharif,Sesamum,506,205,0.40513834
Karnataka,DAKSHIN KANNAD,1998,Rabi,Horse-gram,10,6,0.6
Karnataka,DAKSHIN KANNAD,1998,Rabi,Moong(Green Gram),1248,560,0.448717949
Karnataka,DAKSHIN KANNAD,1998,Rabi,Rice,24984,52455,2.099543708
Karnataka,DAKSHIN KANNAD,1998,Summer,Rice,3597,8927,2.481790381
Karnataka,DAKSHIN KANNAD,1998,Whole Year,Arecanut,21698,181622,8.370448889
Karnataka,DAKSHIN KANNAD,1998,Whole Year,Black pepper,860,1992,2.31627907
Karnataka,DAKSHIN KANNAD,1998,Whole Year,Cardamom,518,24,0.046332046
Karnataka,DAKSHIN KANNAD,1998,Whole Year,Coconut,12827,54757,4.268885944
Karnataka,DAKSHIN KANNAD,1998,Whole Year,Dry chillies,468,608,1.299145299
Karnataka,DAKSHIN KANNAD,1998,Whole Year,Turmeric,47,238,5.063829787
Karnataka,DAKSHIN KANNAD,1999,Kharif,Dry ginger,337,3967,11.77151335
Karnataka,DAKSHIN KANNAD,1999,Kharif,Horse-gram,41,18,0.43902439
Karnataka,DAKSHIN KANNAD,1999,Kharif,Moong(Green Gram),61,21,0.344262295
Karnataka,DAKSHIN KANNAD,1999,Kharif,Other Kharif pulses,45,17,0.377777778
Karnataka,DAKSHIN KANNAD,1999,Kharif,Rice,38291,77076,2.012901204
Karnataka,DAKSHIN KANNAD,1999,Kharif,Sesamum,387,189,0.488372093
Karnataka,DAKSHIN KANNAD,1999,Kharif,Urad,1504,489,0.325132979
Karnataka,DAKSHIN KANNAD,1999,Rabi,Moong(Green Gram),752,187,0.248670213
Karnataka,DAKSHIN KANNAD,1999,Rabi,Other  Rabi pulses,395,42,0.106329114
Karnataka,DAKSHIN KANNAD,1999,Rabi,Rice,24957,53109,2.128020195
Karnataka,DAKSHIN KANNAD,1999,Rabi,Urad,1336,498,0.372754491
Karnataka,DAKSHIN KANNAD,1999,Summer,Rice,2955,5972,2.020981387
Karnataka,DAKSHIN KANNAD,1999,Whole Year,Banana,1891,56940,30.11105235
Karnataka,DAKSHIN KANNAD,1999,Whole Year,Black pepper,870,2015,2.316091954
Karnataka,DAKSHIN KANNAD,1999,Whole Year,Cardamom,422,20,0.047393365
Karnataka,DAKSHIN KANNAD,1999,Whole Year,Coconut,13959,59589,4.268858801
Karnataka,DAKSHIN KANNAD,1999,Whole Year,Dry chillies,573,840,1.465968586
Karnataka,DAKSHIN KANNAD,1999,Whole Year,Sugarcane,598,60219,100.7006689
Karnataka,DAKSHIN KANNAD,1999,Whole Year,Sweet potato,591,3659,6.191201354
Karnataka,DAKSHIN KANNAD,1999,Whole Year,Tapioca,687,5392,7.848617176
Karnataka,DAKSHIN KANNAD,1999,Whole Year,Turmeric,56,243,4.339285714
Karnataka,DAKSHIN KANNAD,2000,Kharif,Dry ginger,346,4073,11.7716763
Karnataka,DAKSHIN KANNAD,2000,Kharif,Rice,35619,73329,2.058704624
Karnataka,DAKSHIN KANNAD,2000,Kharif,Sesamum,438,180,0.410958904
Karnataka,DAKSHIN KANNAD,2000,Rabi,Moong(Green Gram),971,260,0.267765191
Karnataka,DAKSHIN KANNAD,2000,Rabi,Other  Rabi pulses,140,15,0.107142857
Karnataka,DAKSHIN KANNAD,2000,Rabi,Rice,24510,48853,1.993186455
Karnataka,DAKSHIN KANNAD,2000,Rabi,Urad,2590,905,0.349420849
Karnataka,DAKSHIN KANNAD,2000,Summer,Rice,2850,6011,2.109122807
Karnataka,DAKSHIN KANNAD,2000,Whole Year,Arecanut,25447,45397,1.783982395
Karnataka,DAKSHIN KANNAD,2000,Whole Year,Banana,2911,64912,22.29886637
Karnataka,DAKSHIN KANNAD,2000,Whole Year,Black pepper,912,2113,2.316885965
Karnataka,DAKSHIN KANNAD,2000,Whole Year,Cardamom,258,12,0.046511628
Karnataka,DAKSHIN KANNAD,2000,Whole Year,Coconut,14832,63316,4.268878101
Karnataka,DAKSHIN KANNAD,2000,Whole Year,Dry chillies,530,630,1.188679245
Karnataka,DAKSHIN KANNAD,2000,Whole Year,Sugarcane,340,34884,102.6
Karnataka,DAKSHIN KANNAD,2000,Whole Year,Sweet potato,608,3764,6.190789474
Karnataka,DAKSHIN KANNAD,2000,Whole Year,Tapioca,715,5612,7.848951049
Karnataka,DAKSHIN KANNAD,2000,Whole Year,Turmeric,68,302,4.441176471
Karnataka,DAKSHIN KANNAD,2001,Kharif,Dry ginger,325,3826,11.77230769
Karnataka,DAKSHIN KANNAD,2001,Kharif,Rice,34278,74077,2.161065406
Karnataka,DAKSHIN KANNAD,2001,Kharif,Sesamum,454,168,0.370044053
Karnataka,DAKSHIN KANNAD,2001,Rabi,Horse-gram,99,35,0.353535354
Karnataka,DAKSHIN KANNAD,2001,Rabi,Moong(Green Gram),806,237,0.294044665
Karnataka,DAKSHIN KANNAD,2001,Rabi,Other  Rabi pulses,92,10,0.108695652
Karnataka,DAKSHIN KANNAD,2001,Rabi,Rice,24922,54460,2.18521788
Karnataka,DAKSHIN KANNAD,2001,Rabi,Urad,2398,579,0.241451209
Karnataka,DAKSHIN KANNAD,2001,Summer,Rice,2688,6157,2.290550595
Karnataka,DAKSHIN KANNAD,2001,Whole Year,Arecanut,25578,45631,1.783994057
Karnataka,DAKSHIN KANNAD,2001,Whole Year,Black pepper,1930,4471,2.316580311
Karnataka,DAKSHIN KANNAD,2001,Whole Year,Coconut,15437,65899,4.268899398
Karnataka,DAKSHIN KANNAD,2001,Whole Year,Dry chillies,484,667,1.378099174
Karnataka,DAKSHIN KANNAD,2001,Whole Year,Sugarcane,378,30524,80.75132275
Karnataka,DAKSHIN KANNAD,2001,Whole Year,Turmeric,76,392,5.157894737
Karnataka,DAKSHIN KANNAD,2002,Kharif,Dry ginger,311,3661,11.77170418
Karnataka,DAKSHIN KANNAD,2002,Kharif,Rice,33223,74851,2.252987388
Karnataka,DAKSHIN KANNAD,2002,Kharif,Sesamum,470,185,0.393617021
Karnataka,DAKSHIN KANNAD,2002,Rabi,Moong(Green Gram),858,150,0.174825175
Karnataka,DAKSHIN KANNAD,2002,Rabi,Other  Rabi pulses,73,8,0.109589041
Karnataka,DAKSHIN KANNAD,2002,Rabi,Rice,23970,47225,1.970171047
Karnataka,DAKSHIN KANNAD,2002,Rabi,Urad,2303,221,0.095961789
Karnataka,DAKSHIN KANNAD,2002,Summer,Rice,2358,4843,2.053859203
Karnataka,DAKSHIN KANNAD,2002,Whole Year,Arcanut (Processed),27070,48292,1.783967492
Karnataka,DAKSHIN KANNAD,2002,Whole Year,Atcanut (Raw),27070,226588,8.370446989
Karnataka,DAKSHIN KANNAD,2002,Whole Year,Banana,3495,71931,20.58111588
Karnataka,DAKSHIN KANNAD,2002,Whole Year,Black pepper,1945,4506,2.316709512
Karnataka,DAKSHIN KANNAD,2002,Whole Year,Brinjal,182,990,5.43956044
Karnataka,DAKSHIN KANNAD,2002,Whole Year,Cardamom,172,8,0.046511628
Karnataka,DAKSHIN KANNAD,2002,Whole Year,Cashewnut Processed,29196,4451,0.152452391
Karnataka,DAKSHIN KANNAD,2002,Whole Year,Cashewnut Raw,29196,17747,0.607857241
Karnataka,DAKSHIN KANNAD,2002,Whole Year,Citrus Fruit,6,104,17.33333333
Karnataka,DAKSHIN KANNAD,2002,Whole Year,Coconut,15608,66629,4.268900564
Karnataka,DAKSHIN KANNAD,2002,Whole Year,Dry chillies,381,537,1.409448819
Karnataka,DAKSHIN KANNAD,2002,Whole Year,Mango,1309,7180,5.485103132
Karnataka,DAKSHIN KANNAD,2002,Whole Year,Other Fresh Fruits,129,405,3.139534884
Karnataka,DAKSHIN KANNAD,2002,Whole Year,Papaya,86,167,1.941860465
Karnataka,DAKSHIN KANNAD,2002,Whole Year,Pome Fruit,70,428,6.114285714
Karnataka,DAKSHIN KANNAD,2002,Whole Year,Sugarcane,197,16656,84.54822335
Karnataka,DAKSHIN KANNAD,2002,Whole Year,Sweet potato,592,3665,6.190878378
Karnataka,DAKSHIN KANNAD,2002,Whole Year,Tapioca,703,5518,7.849217639
Karnataka,DAKSHIN KANNAD,2002,Whole Year,Turmeric,74,321,4.337837838
Karnataka,DAKSHIN KANNAD,2003,Kharif,Dry ginger,301,3543,11.77076412
Karnataka,DAKSHIN KANNAD,2003,Kharif,Rice,33416,80414,2.406451999
Karnataka,DAKSHIN KANNAD,2003,Kharif,Sesamum,442,194,0.438914027
Karnataka,DAKSHIN KANNAD,2003,Rabi,Horse-gram,114,27,0.236842105
Karnataka,DAKSHIN KANNAD,2003,Rabi,Moong(Green Gram),762,223,0.292650919
Karnataka,DAKSHIN KANNAD,2003,Rabi,Other  Rabi pulses,208,22,0.105769231
Karnataka,DAKSHIN KANNAD,2003,Rabi,Rice,23424,71573,3.055541325
Karnataka,DAKSHIN KANNAD,2003,Rabi,Urad,2281,774,0.339324858
Karnataka,DAKSHIN KANNAD,2003,Summer,Rice,2262,8211,3.629973475
Karnataka,DAKSHIN KANNAD,2003,Whole Year,Arecanut,27092,48332,1.783995275
Karnataka,DAKSHIN KANNAD,2003,Whole Year,Banana,4494,38783,8.629951046
Karnataka,DAKSHIN KANNAD,2003,Whole Year,Black pepper,1973,4571,2.316776483
Karnataka,DAKSHIN KANNAD,2003,Whole Year,Brinjal,309,1199,3.8802589
Karnataka,DAKSHIN KANNAD,2003,Whole Year,Cardamom,173,8,0.046242775
Karnataka,DAKSHIN KANNAD,2003,Whole Year,Citrus Fruit,7,111,15.85714286
Karnataka,DAKSHIN KANNAD,2003,Whole Year,Coconut,15652,66817,4.268911321
Karnataka,DAKSHIN KANNAD,2003,Whole Year,Dry chillies,472,496,1.050847458
Karnataka,DAKSHIN KANNAD,2003,Whole Year,Mango,1358,3967,2.921207658
Karnataka,DAKSHIN KANNAD,2003,Whole Year,Other Fresh Fruits,134,356,2.656716418
Karnataka,DAKSHIN KANNAD,2003,Whole Year,Pome Fruit,51,282,5.529411765
Karnataka,DAKSHIN KANNAD,2003,Whole Year,Sugarcane,23,1508,65.56521739
Karnataka,DAKSHIN KANNAD,2003,Whole Year,Sweet potato,577,3572,6.190641248
Karnataka,DAKSHIN KANNAD,2003,Whole Year,Tapioca,703,5518,7.849217639
Karnataka,DAKSHIN KANNAD,2003,Whole Year,Turmeric,93,453,4.870967742
Karnataka,DAKSHIN KANNAD,2004,Kharif,Dry ginger,292,3437,11.77054795
Karnataka,DAKSHIN KANNAD,2004,Kharif,Rice,33647,76395.51,2.270499896
Karnataka,DAKSHIN KANNAD,2004,Kharif,Sesamum,491,264,0.537678208
Karnataka,DAKSHIN KANNAD,2004,Rabi,Horse-gram,12,4,0.333333333
Karnataka,DAKSHIN KANNAD,2004,Rabi,Moong(Green Gram),821,200,0.243605359
Karnataka,DAKSHIN KANNAD,2004,Rabi,Other  Rabi pulses,238,25,0.105042017
Karnataka,DAKSHIN KANNAD,2004,Rabi,Rice,23073,76108,3.298574091
Karnataka,DAKSHIN KANNAD,2004,Rabi,Urad,2049,707,0.345046364
Karnataka,DAKSHIN KANNAD,2004,Summer,Rice,2118,6833,3.226156752
Karnataka,DAKSHIN KANNAD,2004,Whole Year,Arecanut,27209,48540,1.78396854
Karnataka,DAKSHIN KANNAD,2004,Whole Year,Banana,5220,64952,12.44291188
Karnataka,DAKSHIN KANNAD,2004,Whole Year,Black pepper,1986,4601,2.316717019
Karnataka,DAKSHIN KANNAD,2004,Whole Year,Cardamom,171,8,0.046783626
Karnataka,DAKSHIN KANNAD,2004,Whole Year,Coconut,15684,676294.08,43.12
Karnataka,DAKSHIN KANNAD,2004,Whole Year,Dry chillies,362,537,1.483425414
Karnataka,DAKSHIN KANNAD,2004,Whole Year,Sweet potato,537,3325,6.191806331
Karnataka,DAKSHIN KANNAD,2004,Whole Year,Tapioca,698,5478,7.848137536
Karnataka,DAKSHIN KANNAD,2004,Whole Year,Turmeric,38,181,4.763157895
Karnataka,DAKSHIN KANNAD,2005,Kharif,Dry chillies,112,81,0.723214286
Karnataka,DAKSHIN KANNAD,2005,Kharif,Rice,31968,77109,2.412068318
Karnataka,DAKSHIN KANNAD,2005,Kharif,Sesamum,572,496,0.867132867
Karnataka,DAKSHIN KANNAD,2005,Rabi,Dry chillies,130,199,1.530769231
Karnataka,DAKSHIN KANNAD,2005,Rabi,Horse-gram,97,39,0.402061856
Karnataka,DAKSHIN KANNAD,2005,Rabi,Moong(Green Gram),602,177,0.294019934
Karnataka,DAKSHIN KANNAD,2005,Rabi,Other  Rabi pulses,344,36,0.104651163
Karnataka,DAKSHIN KANNAD,2005,Rabi,Rice,22659,48985,2.16183415
Karnataka,DAKSHIN KANNAD,2005,Rabi,Urad,1791,587,0.32774986
Karnataka,DAKSHIN KANNAD,2005,Summer,Dry chillies,20,53,2.65
Karnataka,DAKSHIN KANNAD,2005,Summer,Rice,2002,3907,1.951548452
Karnataka,DAKSHIN KANNAD,2005,Whole Year,Arecanut,27338,228831,8.370436755
Karnataka,DAKSHIN KANNAD,2005,Whole Year,Banana,8032,15301,1.90500498
Karnataka,DAKSHIN KANNAD,2005,Whole Year,Black pepper,1976,4578,2.316801619
Karnataka,DAKSHIN KANNAD,2005,Whole Year,Cardamom,164,8,0.048780488
Karnataka,DAKSHIN KANNAD,2005,Whole Year,Coconut,15773,67333,4.268877195
Karnataka,DAKSHIN KANNAD,2005,Whole Year,Dry ginger,288,3390,11.77083333
Karnataka,DAKSHIN KANNAD,2005,Whole Year,Sweet potato,426,2638,6.192488263
Karnataka,DAKSHIN KANNAD,2005,Whole Year,Tapioca,699,5486,7.848354793
Karnataka,DAKSHIN KANNAD,2005,Whole Year,Turmeric,53,283,5.339622642
Karnataka,DAKSHIN KANNAD,2006,Kharif,Rice,33090,85160,2.573587186
Karnataka,DAKSHIN KANNAD,2006,Kharif,Sesamum,579,340,0.587219344
Karnataka,DAKSHIN KANNAD,2006,Rabi,Horse-gram,117,35,0.299145299
Karnataka,DAKSHIN KANNAD,2006,Rabi,Moong(Green Gram),672,203,0.302083333
Karnataka,DAKSHIN KANNAD,2006,Rabi,Other  Rabi pulses,419,100,0.238663484
Karnataka,DAKSHIN KANNAD,2006,Rabi,Rice,21927,46930,2.140283669
Karnataka,DAKSHIN KANNAD,2006,Rabi,Urad,1998,907,0.453953954
Karnataka,DAKSHIN KANNAD,2006,Summer,Rice,1741,3970,2.280298679
Karnataka,DAKSHIN KANNAD,2006,Whole Year,Arecanut,27481,49026,1.783996216
Karnataka,DAKSHIN KANNAD,2006,Whole Year,Banana,3089,10444,3.381029459
Karnataka,DAKSHIN KANNAD,2006,Whole Year,Black pepper,2008,4652,2.316733068
Karnataka,DAKSHIN KANNAD,2006,Whole Year,Cardamom,139,6,0.043165468
Karnataka,DAKSHIN KANNAD,2006,Whole Year,Coconut,16094,68703,4.268857959
Karnataka,DAKSHIN KANNAD,2006,Whole Year,Dry chillies,228,551,2.416666667
Karnataka,DAKSHIN KANNAD,2006,Whole Year,Dry ginger,314,3696,11.77070064
Karnataka,DAKSHIN KANNAD,2006,Whole Year,Sugarcane,18,1573,87.38888889
Karnataka,DAKSHIN KANNAD,2006,Whole Year,Sweet potato,340,2105,6.191176471
Karnataka,DAKSHIN KANNAD,2006,Whole Year,Tapioca,663,5204,7.849170437
Karnataka,DAKSHIN KANNAD,2006,Whole Year,Turmeric,60,303,5.05
Karnataka,DAKSHIN KANNAD,2007,Kharif,Dry chillies,96,86,0.895833333
Karnataka,DAKSHIN KANNAD,2007,Kharif,Rice,33029,77189,2.337006873
Karnataka,DAKSHIN KANNAD,2007,Kharif,Sesamum,631,352,0.557844691
Karnataka,DAKSHIN KANNAD,2007,Rabi,Dry chillies,63,110,1.746031746
Karnataka,DAKSHIN KANNAD,2007,Rabi,Horse-gram,56,26,0.464285714
Karnataka,DAKSHIN KANNAD,2007,Rabi,Moong(Green Gram),744,243,0.326612903
Karnataka,DAKSHIN KANNAD,2007,Rabi,Other  Rabi pulses,524,129,0.246183206
Karnataka,DAKSHIN KANNAD,2007,Rabi,Rice,21355,46714,2.187497073
Karnataka,DAKSHIN KANNAD,2007,Rabi,Urad,2143,963,0.449370042
Karnataka,DAKSHIN KANNAD,2007,Summer,Maize,13,27,2.076923077
Karnataka,DAKSHIN KANNAD,2007,Summer,Rice,1561,3556,2.278026906
Karnataka,DAKSHIN KANNAD,2007,Whole Year,Arecanut,27532,230455,8.370441668
Karnataka,DAKSHIN KANNAD,2007,Whole Year,Banana,3132,3154,1.007024266
Karnataka,DAKSHIN KANNAD,2007,Whole Year,Black pepper,2014,4048,2.009930487
Karnataka,DAKSHIN KANNAD,2007,Whole Year,Cardamom,137,13,0.094890511
Karnataka,DAKSHIN KANNAD,2007,Whole Year,Coconut,16122,82086,5.091551917
Karnataka,DAKSHIN KANNAD,2007,Whole Year,Dry ginger,315,6465,20.52380952
Karnataka,DAKSHIN KANNAD,2007,Whole Year,Sweet potato,203,1257,6.192118227
Karnataka,DAKSHIN KANNAD,2007,Whole Year,Tapioca,661,5188,7.84871407
Karnataka,DAKSHIN KANNAD,2007,Whole Year,Turmeric,63,490,7.777777778
Karnataka,DAKSHIN KANNAD,2008,Kharif,Dry chillies,62,58,0.935483871
Karnataka,DAKSHIN KANNAD,2008,Kharif,Rice,32845,83311.34,2.536499924
Karnataka,DAKSHIN KANNAD,2008,Kharif,Sesamum,615,314,0.510569106
Karnataka,DAKSHIN KANNAD,2008,Rabi,Dry chillies,66,112,1.696969697
Karnataka,DAKSHIN KANNAD,2008,Rabi,Horse-gram,28,10,0.357142857
Karnataka,DAKSHIN KANNAD,2008,Rabi,Moong(Green Gram),845,216,0.255621302
Karnataka,DAKSHIN KANNAD,2008,Rabi,Other  Rabi pulses,523,131,0.250478011
Karnataka,DAKSHIN KANNAD,2008,Rabi,Rice,20919,47026,2.248004207
Karnataka,DAKSHIN KANNAD,2008,Rabi,Urad,1994,945,0.473921765
Karnataka,DAKSHIN KANNAD,2008,Summer,Maize,10,21,2.1
Karnataka,DAKSHIN KANNAD,2008,Summer,Rice,1608,3608,2.243781095
Karnataka,DAKSHIN KANNAD,2008,Whole Year,Arecanut,27575,230815,8.370444243
Karnataka,DAKSHIN KANNAD,2008,Whole Year,Banana,3128,3804,1.216112532
Karnataka,DAKSHIN KANNAD,2008,Whole Year,Black pepper,2059,8724,4.237008256
Karnataka,DAKSHIN KANNAD,2008,Whole Year,Cardamom,124,12,0.096774194
Karnataka,DAKSHIN KANNAD,2008,Whole Year,Cashewnut,30941,18807.8,0.607860121
Karnataka,DAKSHIN KANNAD,2008,Whole Year,Coconut,16106,133427,8.284303986
Karnataka,DAKSHIN KANNAD,2008,Whole Year,Dry ginger,301,9589,31.85714286
Karnataka,DAKSHIN KANNAD,2008,Whole Year,Sugarcane,19,1643,86.47368421
Karnataka,DAKSHIN KANNAD,2008,Whole Year,Sweet potato,211,1636,7.753554502
Karnataka,DAKSHIN KANNAD,2008,Whole Year,Tapioca,646,6383,9.880804954
Karnataka,DAKSHIN KANNAD,2008,Whole Year,Turmeric,63,300,4.761904762
Karnataka,DAKSHIN KANNAD,2009,Kharif,Rice,32583,73979.7,2.270499954
Karnataka,DAKSHIN KANNAD,2009,Kharif,Sesamum,604,246,0.407284768
Karnataka,DAKSHIN KANNAD,2009,Rabi,Dry chillies,69,206,2.985507246
Karnataka,DAKSHIN KANNAD,2009,Rabi,Gram,78,37,0.474358974
Karnataka,DAKSHIN KANNAD,2009,Rabi,Horse-gram,78,37,0.474358974
Karnataka,DAKSHIN KANNAD,2009,Rabi,Moong(Green Gram),724,190,0.262430939
Karnataka,DAKSHIN KANNAD,2009,Rabi,Other  Rabi pulses,538,132,0.24535316
Karnataka,DAKSHIN KANNAD,2009,Rabi,Rice,20948,47154,2.251002482
Karnataka,DAKSHIN KANNAD,2009,Rabi,Urad,1827,483,0.264367816
Karnataka,DAKSHIN KANNAD,2009,Summer,Maize,10,12,1.2
Karnataka,DAKSHIN KANNAD,2009,Summer,Rice,1368,2944,2.152046784
Karnataka,DAKSHIN KANNAD,2009,Whole Year,Arecanut,27645,231401,8.370446735
Karnataka,DAKSHIN KANNAD,2009,Whole Year,Banana,3135,7888,2.516108453
Karnataka,DAKSHIN KANNAD,2009,Whole Year,Black pepper,2092,7435,3.554015296
Karnataka,DAKSHIN KANNAD,2009,Whole Year,Cardamom,127,8,0.062992126
Karnataka,DAKSHIN KANNAD,2009,Whole Year,Cashewnut,30957,23476,0.758342217
Karnataka,DAKSHIN KANNAD,2009,Whole Year,Coconut,16096,114445,7.11015159
Karnataka,DAKSHIN KANNAD,2009,Whole Year,Dry ginger,323,10172,31.49226006
Karnataka,DAKSHIN KANNAD,2009,Whole Year,Sugarcane,16,1535,95.9375
Karnataka,DAKSHIN KANNAD,2009,Whole Year,Sweet potato,211,1386,6.568720379
Karnataka,DAKSHIN KANNAD,2009,Whole Year,Tapioca,638,5910,9.263322884
Karnataka,DAKSHIN KANNAD,2009,Whole Year,Turmeric,66,318,4.818181818
Karnataka,DAKSHIN KANNAD,2010,Kharif,Dry chillies,59,49,0.830508475
Karnataka,DAKSHIN KANNAD,2010,Kharif,Rice,32408,80253,2.476333004
Karnataka,DAKSHIN KANNAD,2010,Kharif,Sesamum,622,352,0.565916399
Karnataka,DAKSHIN KANNAD,2010,Rabi,Cowpea(Lobia),559,148,0.264758497
Karnataka,DAKSHIN KANNAD,2010,Rabi,Dry chillies,63,171,2.714285714
Karnataka,DAKSHIN KANNAD,2010,Rabi,Horse-gram,58,35,0.603448276
Karnataka,DAKSHIN KANNAD,2010,Rabi,Moong(Green Gram),764,201,0.263089005
Karnataka,DAKSHIN KANNAD,2010,Rabi,Rice,20982,47350,2.256696216
Karnataka,DAKSHIN KANNAD,2010,Rabi,Urad,1861,1029,0.552928533
Karnataka,DAKSHIN KANNAD,2010,Summer,Maize,8,9,1.125
Karnataka,DAKSHIN KANNAD,2010,Summer,Rice,1243,2855,2.29686243
Karnataka,DAKSHIN KANNAD,2010,Whole Year,Arecanut,27668,339926,12.28588984
Karnataka,DAKSHIN KANNAD,2010,Whole Year,Banana,3146,8186,2.602034329
Karnataka,DAKSHIN KANNAD,2010,Whole Year,Black pepper,2112,1087.3,0.514820076
Karnataka,DAKSHIN KANNAD,2010,Whole Year,Cardamom,130,11,0.084615385
Karnataka,DAKSHIN KANNAD,2010,Whole Year,Cashewnut,30948,28586,0.923678428
Karnataka,DAKSHIN KANNAD,2010,Whole Year,Coconut,16023,214956,13.41546527
Karnataka,DAKSHIN KANNAD,2010,Whole Year,Dry ginger,315,1139.8,3.618412698
Karnataka,DAKSHIN KANNAD,2010,Whole Year,Sugarcane,16,1550,96.875
Karnataka,DAKSHIN KANNAD,2010,Whole Year,Sweet potato,202,1665,8.242574257
Karnataka,DAKSHIN KANNAD,2010,Whole Year,Tapioca,613,6663,10.86949429
Karnataka,DAKSHIN KANNAD,2010,Whole Year,Turmeric,66,215,3.257575758
Karnataka,DAKSHIN KANNAD,2011,Kharif,Dry chillies,59,48,0.813559322
Karnataka,DAKSHIN KANNAD,2011,Kharif,Rice,32423,87200,2.689448848
Karnataka,DAKSHIN KANNAD,2011,Kharif,Sesamum,511,257,0.502935421
Karnataka,DAKSHIN KANNAD,2011,Rabi,Cowpea(Lobia),534,188,0.352059925
Karnataka,DAKSHIN KANNAD,2011,Rabi,Dry chillies,63,149,2.365079365
Karnataka,DAKSHIN KANNAD,2011,Rabi,Horse-gram,172,87,0.505813953
Karnataka,DAKSHIN KANNAD,2011,Rabi,Moong(Green Gram),721,241,0.334257975
Karnataka,DAKSHIN KANNAD,2011,Rabi,Rice,21231,47207,2.223493948
Karnataka,DAKSHIN KANNAD,2011,Rabi,Urad,1850,784,0.423783784
Karnataka,DAKSHIN KANNAD,2011,Summer,Maize,6,12,2
Karnataka,DAKSHIN KANNAD,2011,Summer,Rice,1512,3766,2.490740741
Karnataka,DAKSHIN KANNAD,2011,Whole Year,Arecanut,27734,342934,12.36511142
Karnataka,DAKSHIN KANNAD,2011,Whole Year,Banana,3173,9268,2.920895052
Karnataka,DAKSHIN KANNAD,2011,Whole Year,Black pepper,2146,1111.1,0.517753961
Karnataka,DAKSHIN KANNAD,2011,Whole Year,Cardamom,130,11,0.084615385
Karnataka,DAKSHIN KANNAD,2011,Whole Year,Cashewnut,30967,31516,1.01772855
Karnataka,DAKSHIN KANNAD,2011,Whole Year,Coconut,16077,215649,13.41350998
Karnataka,DAKSHIN KANNAD,2011,Whole Year,Dry ginger,306,973.6,3.181699346
Karnataka,DAKSHIN KANNAD,2011,Whole Year,Sugarcane,19,1733,91.21052632
Karnataka,DAKSHIN KANNAD,2011,Whole Year,Sweet potato,192,2798,14.57291667
Karnataka,DAKSHIN KANNAD,2011,Whole Year,Tapioca,597,6632,11.10887772
Karnataka,DAKSHIN KANNAD,2011,Whole Year,Turmeric,63,52,0.825396825
Karnataka,DAKSHIN KANNAD,2012,Kharif,Cotton(lint),2,3,1.5
Karnataka,DAKSHIN KANNAD,2012,Kharif,Dry chillies,59,54,0.915254237
Karnataka,DAKSHIN KANNAD,2012,Kharif,Rice,31498,83815,2.660962601
Karnataka,DAKSHIN KANNAD,2012,Rabi,Cowpea(Lobia),161,54,0.335403727
Karnataka,DAKSHIN KANNAD,2012,Rabi,Dry chillies,60,164,2.733333333
Karnataka,DAKSHIN KANNAD,2012,Rabi,Horse-gram,140,53,0.378571429
Karnataka,DAKSHIN KANNAD,2012,Rabi,Moong(Green Gram),111,26,0.234234234
Karnataka,DAKSHIN KANNAD,2012,Rabi,Rice,21201,54985,2.59350974
Karnataka,DAKSHIN KANNAD,2012,Rabi,Urad,981,569,0.580020387
Karnataka,DAKSHIN KANNAD,2012,Summer,Cowpea(Lobia),429,154,0.358974359
Karnataka,DAKSHIN KANNAD,2012,Summer,Maize,13,45,3.461538462
Karnataka,DAKSHIN KANNAD,2012,Summer,Rice,1505,3900,2.591362126
Karnataka,DAKSHIN KANNAD,2012,Whole Year,Arecanut,27921,345246,12.36510154
Karnataka,DAKSHIN KANNAD,2012,Whole Year,Black pepper,2183,11303,5.177737059
Karnataka,DAKSHIN KANNAD,2012,Whole Year,Cardamom,122,10,0.081967213
Karnataka,DAKSHIN KANNAD,2012,Whole Year,Cashewnut,31119,31670,1.017706224
Karnataka,DAKSHIN KANNAD,2012,Whole Year,Coconut,16163,216803,13.41353709
Karnataka,DAKSHIN KANNAD,2012,Whole Year,Dry ginger,294,9366,31.85714286
Karnataka,DAKSHIN KANNAD,2012,Whole Year,Sugarcane,25,2090,83.6
Karnataka,DAKSHIN KANNAD,2012,Whole Year,Sweet potato,187,2901,15.51336898
Karnataka,DAKSHIN KANNAD,2012,Whole Year,Tapioca,572,6354,11.10839161
Karnataka,DAKSHIN KANNAD,2012,Whole Year,Turmeric,60,282,4.7
Karnataka,DAKSHIN KANNAD,2013,Kharif,Dry chillies,59,65,1.101694915
Karnataka,DAKSHIN KANNAD,2013,Kharif,Rice,31646,87004,2.74928901
Karnataka,DAKSHIN KANNAD,2013,Rabi,Cowpea(Lobia),168,71,0.422619048
Karnataka,DAKSHIN KANNAD,2013,Rabi,Dry chillies,65,123,1.892307692
Karnataka,DAKSHIN KANNAD,2013,Rabi,Horse-gram,189,97,0.513227513
Karnataka,DAKSHIN KANNAD,2013,Rabi,Moong(Green Gram),768,194,0.252604167
Karnataka,DAKSHIN KANNAD,2013,Rabi,Rice,21705,57921,2.668555632
Karnataka,DAKSHIN KANNAD,2013,Rabi,Urad,1851,1222,0.660183684
Karnataka,DAKSHIN KANNAD,2013,Summer,Cowpea(Lobia),477,188,0.394129979
Karnataka,DAKSHIN KANNAD,2013,Summer,Maize,31,101,3.258064516
Karnataka,DAKSHIN KANNAD,2013,Summer,Rice,1980,5402,2.728282828
Karnataka,DAKSHIN KANNAD,2013,Whole Year,Arecanut,28232,357756,12.6720034
Karnataka,DAKSHIN KANNAD,2013,Whole Year,Black pepper,2241,10893,4.860776439
Karnataka,DAKSHIN KANNAD,2013,Whole Year,Cardamom,122,10,0.081967213
Karnataka,DAKSHIN KANNAD,2013,Whole Year,Cashewnut,31288,38316,1.224622859
Karnataka,DAKSHIN KANNAD,2013,Whole Year,Coconut,16296,219877,13.49269759
Karnataka,DAKSHIN KANNAD,2013,Whole Year,Dry ginger,283,9641,34.06713781
Karnataka,DAKSHIN KANNAD,2013,Whole Year,Sugarcane,16,1444,90.25
Karnataka,DAKSHIN KANNAD,2013,Whole Year,Sweet potato,180,2642,14.67777778
Karnataka,DAKSHIN KANNAD,2013,Whole Year,Tapioca,534,4367,8.177902622
Karnataka,DAKSHIN KANNAD,2013,Whole Year,Turmeric,60,286,4.766666667
Karnataka,DAKSHIN KANNAD,2014,Kharif,Cowpea(Lobia),2,1,0.5
Karnataka,DAKSHIN KANNAD,2014,Kharif,Dry chillies,75,85,1.133333333
Karnataka,DAKSHIN KANNAD,2014,Kharif,Rice,29749,78228,2.629600995
Karnataka,DAKSHIN KANNAD,2014,Rabi,Cowpea(Lobia),129,47,0.364341085
Karnataka,DAKSHIN KANNAD,2014,Rabi,Dry chillies,38,71,1.868421053
Karnataka,DAKSHIN KANNAD,2014,Rabi,Horse-gram,195,96,0.492307692
Karnataka,DAKSHIN KANNAD,2014,Rabi,Moong(Green Gram),573,188,0.328097731
Karnataka,DAKSHIN KANNAD,2014,Rabi,Rice,21240,51979,2.447222222
Karnataka,DAKSHIN KANNAD,2014,Rabi,Urad,1752,639,0.364726027
Karnataka,DAKSHIN KANNAD,2014,Summer,Cowpea(Lobia),322,118,0.366459627
Karnataka,DAKSHIN KANNAD,2014,Summer,Rice,1360,2817,2.071323529
Karnataka,DAKSHIN KANNAD,2014,Whole Year,Arecanut,35183,447929,12.73140437
Karnataka,DAKSHIN KANNAD,2014,Whole Year,Black pepper,2546,13208,5.187745483
Karnataka,DAKSHIN KANNAD,2014,Whole Year,Cardamom,116,9,0.077586207
Karnataka,DAKSHIN KANNAD,2014,Whole Year,Cashewnut,33040,28130,0.851392252
Karnataka,DAKSHIN KANNAD,2014,Whole Year,Coconut,18407,282127,15.32715815
Karnataka,DAKSHIN KANNAD,2014,Whole Year,Dry ginger,266,7726,29.04511278
Karnataka,DAKSHIN KANNAD,2014,Whole Year,Sugarcane,10,912,91.2
Karnataka,DAKSHIN KANNAD,2014,Whole Year,Sweet potato,288,4885,16.96180556
Karnataka,DAKSHIN KANNAD,2014,Whole Year,Tapioca,541,4620,8.53974122
Karnataka,DAKSHIN KANNAD,2014,Whole Year,Turmeric,60,359,5.983333333
Karnataka,DAVANGERE,1998,Kharif,Arhar/Tur,6657,3428,0.514946673
Karnataka,DAVANGERE,1998,Kharif,Bajra,914,515,0.56345733
Karnataka,DAVANGERE,1998,Kharif,Castor seed,184,157,0.85326087
Karnataka,DAVANGERE,1998,Kharif,Cotton(lint),26284,31242,1.188631867
Karnataka,DAVANGERE,1998,Kharif,Dry ginger,1,13,13
Karnataka,DAVANGERE,1998,Kharif,Groundnut,27008,25351,0.938647808
Karnataka,DAVANGERE,1998,Kharif,Horse-gram,2445,2383,0.974642127
Karnataka,DAVANGERE,1998,Kharif,Jowar,46262,110135,2.380679607
Karnataka,DAVANGERE,1998,Kharif,Maize,103618,383191,3.698112297
Karnataka,DAVANGERE,1998,Kharif,Moong(Green Gram),1610,128,0.079503106
Karnataka,DAVANGERE,1998,Kharif,Niger seed,1303,383,0.293937068
Karnataka,DAVANGERE,1998,Kharif,Onion,5640,37540,6.656028369
Karnataka,DAVANGERE,1998,Kharif,Peas & beans (Pulses),104,954,9.173076923
Karnataka,DAVANGERE,1998,Kharif,Potato,1,11,11
Karnataka,DAVANGERE,1998,Kharif,Ragi,35678,61106,1.712708111
Karnataka,DAVANGERE,1998,Kharif,Rapeseed &Mustard,65,14,0.215384615
Karnataka,DAVANGERE,1998,Kharif,Rice,66853,217686,3.256188952
Karnataka,DAVANGERE,1998,Kharif,Sesamum,1235,500,0.4048583
Karnataka,DAVANGERE,1998,Kharif,Soyabean,8,9,1.125
Karnataka,DAVANGERE,1998,Kharif,Sunflower,14471,7216,0.498652477
Karnataka,DAVANGERE,1998,Rabi,Gram,2151,1114,0.517898652
Karnataka,DAVANGERE,1998,Rabi,Groundnut,10704,22443,2.096692825
Karnataka,DAVANGERE,1998,Rabi,Horse-gram,3108,966,0.310810811
Karnataka,DAVANGERE,1998,Rabi,Jowar,8455,8251,0.975872265
Karnataka,DAVANGERE,1998,Rabi,Linseed,8,3,0.375
Karnataka,DAVANGERE,1998,Rabi,Maize,1,2,2
Karnataka,DAVANGERE,1998,Rabi,Moong(Green Gram),97,43,0.443298969
Karnataka,DAVANGERE,1998,Rabi,Onion,72,390,5.416666667
Karnataka,DAVANGERE,1998,Rabi,Rice,99,216,2.181818182
Karnataka,DAVANGERE,1998,Rabi,Safflower,473,285,0.602536998
Karnataka,DAVANGERE,1998,Rabi,Sunflower,7254,4246,0.58533223
Karnataka,DAVANGERE,1998,Rabi,Wheat,601,474,0.788685524
Karnataka,DAVANGERE,1998,Summer,Jowar,1870,4960,2.652406417
Karnataka,DAVANGERE,1998,Summer,Maize,61,139,2.278688525
Karnataka,DAVANGERE,1998,Summer,Onion,140,670,4.785714286
Karnataka,DAVANGERE,1998,Summer,Ragi,63,142,2.253968254
Karnataka,DAVANGERE,1998,Summer,Rice,51226,172906,3.375356264
Karnataka,DAVANGERE,1998,Summer,Sunflower,3098,1560,0.503550678
Karnataka,DAVANGERE,1998,Whole Year,Arecanut,12332,57723,4.68074927
Karnataka,DAVANGERE,1998,Whole Year,Black pepper,2,5,2.5
Karnataka,DAVANGERE,1998,Whole Year,Coconut,12423,72710,5.852853578
Karnataka,DAVANGERE,1998,Whole Year,Coriander,127,13,0.102362205
Karnataka,DAVANGERE,1998,Whole Year,Dry chillies,4683,4237,0.904761905
Karnataka,DAVANGERE,1998,Whole Year,Garlic,12,14,1.166666667
Karnataka,DAVANGERE,1999,Kharif,Arhar/Tur,7135,4284,0.600420463
Karnataka,DAVANGERE,1999,Kharif,Bajra,447,208,0.465324385
Karnataka,DAVANGERE,1999,Kharif,Castor seed,203,157,0.773399015
Karnataka,DAVANGERE,1999,Kharif,Cotton(lint),10250,11062,1.079219512
Karnataka,DAVANGERE,1999,Kharif,Dry ginger,16,210,13.125
Karnataka,DAVANGERE,1999,Kharif,Groundnut,24464,16511,0.674910072
Karnataka,DAVANGERE,1999,Kharif,Horse-gram,1873,833,0.444741057
Karnataka,DAVANGERE,1999,Kharif,Jowar,36185,60735,1.678457925
Karnataka,DAVANGERE,1999,Kharif,Maize,128375,267908,2.086917235
Karnataka,DAVANGERE,1999,Kharif,Moong(Green Gram),1926,725,0.37642783
Karnataka,DAVANGERE,1999,Kharif,Niger seed,1125,331,0.294222222
Karnataka,DAVANGERE,1999,Kharif,Other Kharif pulses,2444,789,0.322831424
Karnataka,DAVANGERE,1999,Kharif,Ragi,37553,44756,1.19180891
Karnataka,DAVANGERE,1999,Kharif,Rice,67236,221562,3.295288238
Karnataka,DAVANGERE,1999,Kharif,Sesamum,1648,806,0.48907767
Karnataka,DAVANGERE,1999,Kharif,Small millets,2643,915,0.346197503
Karnataka,DAVANGERE,1999,Kharif,Sunflower,7860,3375,0.429389313
Karnataka,DAVANGERE,1999,Kharif,Urad,168,55,0.327380952
Karnataka,DAVANGERE,1999,Rabi,Gram,1891,757,0.400317292
Karnataka,DAVANGERE,1999,Rabi,Groundnut,7191,11668,1.622583785
Karnataka,DAVANGERE,1999,Rabi,Horse-gram,2823,1215,0.430393199
Karnataka,DAVANGERE,1999,Rabi,Jowar,10564,5994,0.567398713
Karnataka,DAVANGERE,1999,Rabi,Linseed,4,1,0.25
Karnataka,DAVANGERE,1999,Rabi,Maize,350,816,2.331428571
Karnataka,DAVANGERE,1999,Rabi,Moong(Green Gram),115,29,0.252173913
Karnataka,DAVANGERE,1999,Rabi,Other  Rabi pulses,1508,185,0.122679045
Karnataka,DAVANGERE,1999,Rabi,Rapeseed &Mustard,95,20,0.210526316
Karnataka,DAVANGERE,1999,Rabi,Rice,229,488,2.131004367
Karnataka,DAVANGERE,1999,Rabi,Safflower,189,142,0.751322751
Karnataka,DAVANGERE,1999,Rabi,Sunflower,3804,1665,0.437697161
Karnataka,DAVANGERE,1999,Rabi,Urad,16,6,0.375
Karnataka,DAVANGERE,1999,Rabi,Wheat,510,500,0.980392157
Karnataka,DAVANGERE,1999,Summer,Jowar,1999,4594,2.298149075
Karnataka,DAVANGERE,1999,Summer,Maize,434,793,1.82718894
Karnataka,DAVANGERE,1999,Summer,Ragi,94,188,2
Karnataka,DAVANGERE,1999,Summer,Rice,52272,176784,3.382001837
Karnataka,DAVANGERE,1999,Summer,Sunflower,1877,1229,0.654768247
Karnataka,DAVANGERE,1999,Whole Year,Banana,1007,23628,23.46375372
Karnataka,DAVANGERE,1999,Whole Year,Black pepper,2,5,2.5
Karnataka,DAVANGERE,1999,Whole Year,Coconut,13044,76345,5.852882551
Karnataka,DAVANGERE,1999,Whole Year,Coriander,114,12,0.105263158
Karnataka,DAVANGERE,1999,Whole Year,Dry chillies,3972,2644,0.665659617
Karnataka,DAVANGERE,1999,Whole Year,Garlic,26,29,1.115384615
Karnataka,DAVANGERE,1999,Whole Year,Onion,8520,56489,6.630164319
Karnataka,DAVANGERE,1999,Whole Year,Potato,12,225,18.75
Karnataka,DAVANGERE,1999,Whole Year,Sugarcane,14872,551008,37.0500269
Karnataka,DAVANGERE,1999,Whole Year,Tobacco,2914,1722,0.590940288
Karnataka,DAVANGERE,1999,Whole Year,Turmeric,148,641,4.331081081
Karnataka,DAVANGERE,2000,Kharif,Arhar/Tur,8054,6167,0.765706481
Karnataka,DAVANGERE,2000,Kharif,Bajra,633,368,0.58135861
Karnataka,DAVANGERE,2000,Kharif,Castor seed,550,704,1.28
Karnataka,DAVANGERE,2000,Kharif,Cotton(lint),6321,8061,1.2752729
Karnataka,DAVANGERE,2000,Kharif,Groundnut,17754,18537,1.044102737
Karnataka,DAVANGERE,2000,Kharif,Horse-gram,1812,2296,1.267108168
Karnataka,DAVANGERE,2000,Kharif,Jowar,36946,72804,1.970551616
Karnataka,DAVANGERE,2000,Kharif,Maize,130310,443971,3.407037065
Karnataka,DAVANGERE,2000,Kharif,Moong(Green Gram),2554,1102,0.431480031
Karnataka,DAVANGERE,2000,Kharif,Niger seed,854,251,0.293911007
Karnataka,DAVANGERE,2000,Kharif,Other Kharif pulses,3193,1032,0.323207015
Karnataka,DAVANGERE,2000,Kharif,Ragi,37660,76013,2.018401487
Karnataka,DAVANGERE,2000,Kharif,Rice,70115,247086,3.524010554
Karnataka,DAVANGERE,2000,Kharif,Sesamum,2376,975,0.410353535
Karnataka,DAVANGERE,2000,Kharif,Small millets,1704,1077,0.632042254
Karnataka,DAVANGERE,2000,Kharif,Sunflower,6842,4171,0.609617071
Karnataka,DAVANGERE,2000,Kharif,Urad,169,65,0.384615385
Karnataka,DAVANGERE,2000,Rabi,Gram,1362,848,0.622613803
Karnataka,DAVANGERE,2000,Rabi,Groundnut,7207,10208,1.416400722
Karnataka,DAVANGERE,2000,Rabi,Horse-gram,2723,1079,0.396254131
Karnataka,DAVANGERE,2000,Rabi,Jowar,5812,3401,0.585168617
Karnataka,DAVANGERE,2000,Rabi,Maize,81,171,2.111111111
Karnataka,DAVANGERE,2000,Rabi,Moong(Green Gram),76,20,0.263157895
Karnataka,DAVANGERE,2000,Rabi,Other  Rabi pulses,1855,227,0.122371968
Karnataka,DAVANGERE,2000,Rabi,Ragi,20,28,1.4
Karnataka,DAVANGERE,2000,Rabi,Rapeseed &Mustard,87,19,0.218390805
Karnataka,DAVANGERE,2000,Rabi,Safflower,430,332,0.772093023
Karnataka,DAVANGERE,2000,Rabi,Sunflower,3242,1155,0.356261567
Karnataka,DAVANGERE,2000,Rabi,Urad,53,19,0.358490566
Karnataka,DAVANGERE,2000,Rabi,Wheat,864,760,0.87962963
Karnataka,DAVANGERE,2000,Summer,Jowar,976,1981,2.029713115
Karnataka,DAVANGERE,2000,Summer,Maize,58,163,2.810344828
Karnataka,DAVANGERE,2000,Summer,Ragi,181,359,1.983425414
Karnataka,DAVANGERE,2000,Summer,Rice,46630,170151,3.648959897
Karnataka,DAVANGERE,2000,Summer,Sunflower,1929,2227,1.154484189
Karnataka,DAVANGERE,2000,Whole Year,Arecanut,14476,13944,0.963249516
Karnataka,DAVANGERE,2000,Whole Year,Banana,1150,21140,18.3826087
Karnataka,DAVANGERE,2000,Whole Year,Black pepper,2,5,2.5
Karnataka,DAVANGERE,2000,Whole Year,Coconut,12343,72242,5.852872073
Karnataka,DAVANGERE,2000,Whole Year,Coriander,104,11,0.105769231
Karnataka,DAVANGERE,2000,Whole Year,Dry chillies,4073,2741,0.672968328
Karnataka,DAVANGERE,2000,Whole Year,Garlic,5,6,1.2
Karnataka,DAVANGERE,2000,Whole Year,Onion,8150,51988,6.378895706
Karnataka,DAVANGERE,2000,Whole Year,Sugarcane,16906,2120012,125.3999763
Karnataka,DAVANGERE,2000,Whole Year,Tobacco,3886,2872,0.739063304
Karnataka,DAVANGERE,2000,Whole Year,Turmeric,100,444,4.44
Karnataka,DAVANGERE,2001,Kharif,Arhar/Tur,7871,7582,0.963282937
Karnataka,DAVANGERE,2001,Kharif,Bajra,517,220,0.425531915
Karnataka,DAVANGERE,2001,Kharif,Castor seed,349,258,0.739255014
Karnataka,DAVANGERE,2001,Kharif,Cotton(lint),10159,9014,0.887292056
Karnataka,DAVANGERE,2001,Kharif,Dry ginger,5,66,13.2
Karnataka,DAVANGERE,2001,Kharif,Groundnut,18582,20625,1.109945108
Karnataka,DAVANGERE,2001,Kharif,Horse-gram,1317,759,0.576309795
Karnataka,DAVANGERE,2001,Kharif,Jowar,26197,41960,1.601710119
Karnataka,DAVANGERE,2001,Kharif,Maize,122428,265644,2.169797759
Karnataka,DAVANGERE,2001,Kharif,Mesta,1,1,1
Karnataka,DAVANGERE,2001,Kharif,Moong(Green Gram),1329,246,0.18510158
Karnataka,DAVANGERE,2001,Kharif,Niger seed,684,201,0.293859649
Karnataka,DAVANGERE,2001,Kharif,Other Kharif pulses,2886,931,0.322591823
Karnataka,DAVANGERE,2001,Kharif,Ragi,35495,49822,1.403634315
Karnataka,DAVANGERE,2001,Kharif,Rice,67016,227128,3.389160797
Karnataka,DAVANGERE,2001,Kharif,Sesamum,1078,572,0.530612245
Karnataka,DAVANGERE,2001,Kharif,Small millets,1884,1017,0.539808917
Karnataka,DAVANGERE,2001,Kharif,Sunflower,4899,2446,0.499285568
Karnataka,DAVANGERE,2001,Kharif,Urad,125,46,0.368
Karnataka,DAVANGERE,2001,Rabi,Gram,1709,724,0.423639555
Karnataka,DAVANGERE,2001,Rabi,Horse-gram,3860,1309,0.339119171
Karnataka,DAVANGERE,2001,Rabi,Jowar,5641,2851,0.505406843
Karnataka,DAVANGERE,2001,Rabi,Linseed,3,1,0.333333333
Karnataka,DAVANGERE,2001,Rabi,Maize,71,148,2.084507042
Karnataka,DAVANGERE,2001,Rabi,Moong(Green Gram),162,48,0.296296296
Karnataka,DAVANGERE,2001,Rabi,Other  Rabi pulses,1108,136,0.122743682
Karnataka,DAVANGERE,2001,Rabi,Rapeseed &Mustard,87,19,0.218390805
Karnataka,DAVANGERE,2001,Rabi,Safflower,58,45,0.775862069
Karnataka,DAVANGERE,2001,Rabi,Sunflower,4358,1369,0.314134924
Karnataka,DAVANGERE,2001,Rabi,Urad,246,92,0.37398374
Karnataka,DAVANGERE,2001,Rabi,Wheat,888,738,0.831081081
Karnataka,DAVANGERE,2001,Summer,Jowar,1750,3433,1.961714286
Karnataka,DAVANGERE,2001,Summer,Maize,62,163,2.629032258
Karnataka,DAVANGERE,2001,Summer,Ragi,165,253,1.533333333
Karnataka,DAVANGERE,2001,Summer,Rice,39818,123997,3.114094128
Karnataka,DAVANGERE,2001,Summer,Sunflower,986,964,0.977687627
Karnataka,DAVANGERE,2001,Whole Year,Arecanut,19487,18771,0.963257556
Karnataka,DAVANGERE,2001,Whole Year,Black pepper,19,45,2.368421053
Karnataka,DAVANGERE,2001,Whole Year,Coconut,13116,57575,4.389676731
Karnataka,DAVANGERE,2001,Whole Year,Coriander,53,5,0.094339623
Karnataka,DAVANGERE,2001,Whole Year,Dry chillies,2927,1922,0.656645029
Karnataka,DAVANGERE,2001,Whole Year,Onion,6422,48789,7.597165992
Karnataka,DAVANGERE,2001,Whole Year,Peas & beans (Pulses),53,221,4.169811321
Karnataka,DAVANGERE,2001,Whole Year,Potato,7,63,9
Karnataka,DAVANGERE,2001,Whole Year,Sannhamp,58,14,0.24137931
Karnataka,DAVANGERE,2001,Whole Year,Sugarcane,22295,2181566,97.85001121
Karnataka,DAVANGERE,2001,Whole Year,Turmeric,34,175,5.147058824
Karnataka,DAVANGERE,2002,Kharif,Arhar/Tur,6343,4827,0.760996374
Karnataka,DAVANGERE,2002,Kharif,Bajra,405,142,0.350617284
Karnataka,DAVANGERE,2002,Kharif,Castor seed,237,219,0.924050633
Karnataka,DAVANGERE,2002,Kharif,Cotton(lint),4660,4327,0.928540773
Karnataka,DAVANGERE,2002,Kharif,Dry ginger,9,118,13.11111111
Karnataka,DAVANGERE,2002,Kharif,Groundnut,17219,12633,0.733666299
Karnataka,DAVANGERE,2002,Kharif,Horse-gram,1621,1281,0.79025293
Karnataka,DAVANGERE,2002,Kharif,Jowar,25655,41356,1.612005457
Karnataka,DAVANGERE,2002,Kharif,Maize,129202,197179,1.526129626
Karnataka,DAVANGERE,2002,Kharif,Moong(Green Gram),2971,316,0.106361494
Karnataka,DAVANGERE,2002,Kharif,Niger seed,878,258,0.293849658
Karnataka,DAVANGERE,2002,Kharif,Other Kharif pulses,2865,922,0.321815009
Karnataka,DAVANGERE,2002,Kharif,Ragi,29761,22834,0.767245724
Karnataka,DAVANGERE,2002,Kharif,Rice,65565,193519,2.951559521
Karnataka,DAVANGERE,2002,Kharif,Sesamum,2259,1191,0.527224436
Karnataka,DAVANGERE,2002,Kharif,Small millets,1246,750,0.601926164
Karnataka,DAVANGERE,2002,Kharif,Soyabean,4,3,0.75
Karnataka,DAVANGERE,2002,Kharif,Sunflower,8594,3562,0.414475215
Karnataka,DAVANGERE,2002,Kharif,Urad,45,6,0.133333333
Karnataka,DAVANGERE,2002,Rabi,Gram,1879,732,0.38956892
Karnataka,DAVANGERE,2002,Rabi,Groundnut,2078,3496,1.68238691
Karnataka,DAVANGERE,2002,Rabi,Horse-gram,7352,4673,0.635609358
Karnataka,DAVANGERE,2002,Rabi,Jowar,7543,4023,0.533342172
Karnataka,DAVANGERE,2002,Rabi,Linseed,3,1,0.333333333
Karnataka,DAVANGERE,2002,Rabi,Maize,47,119,2.531914894
Karnataka,DAVANGERE,2002,Rabi,Moong(Green Gram),183,32,0.174863388
Karnataka,DAVANGERE,2002,Rabi,Other  Rabi pulses,2220,272,0.122522523
Karnataka,DAVANGERE,2002,Rabi,Ragi,37,58,1.567567568
Karnataka,DAVANGERE,2002,Rabi,Rapeseed &Mustard,90,19,0.211111111
Karnataka,DAVANGERE,2002,Rabi,Safflower,242,157,0.648760331
Karnataka,DAVANGERE,2002,Rabi,Sunflower,5749,1735,0.301791616
Karnataka,DAVANGERE,2002,Rabi,Urad,746,88,0.117962466
Karnataka,DAVANGERE,2002,Rabi,Wheat,986,566,0.574036511
Karnataka,DAVANGERE,2002,Summer,Jowar,4785,7273,1.519958203
Karnataka,DAVANGERE,2002,Summer,Maize,250,639,2.556
Karnataka,DAVANGERE,2002,Summer,Ragi,237,272,1.147679325
Karnataka,DAVANGERE,2002,Summer,Rice,11376,29904,2.628691983
Karnataka,DAVANGERE,2002,Summer,Sunflower,1192,711,0.59647651
Karnataka,DAVANGERE,2002,Whole Year,Arcanut (Processed),20922,20154,0.963292228
Karnataka,DAVANGERE,2002,Whole Year,Atcanut (Raw),20922,97930,4.680718861
Karnataka,DAVANGERE,2002,Whole Year,Banana,1355,21367,15.76900369
Karnataka,DAVANGERE,2002,Whole Year,Beans & Mutter(Vegetable),130,533,4.1
Karnataka,DAVANGERE,2002,Whole Year,Black pepper,1,2,2
Karnataka,DAVANGERE,2002,Whole Year,Brinjal,118,722,6.118644068
Karnataka,DAVANGERE,2002,Whole Year,Cashewnut Processed,37,5,0.135135135
Karnataka,DAVANGERE,2002,Whole Year,Cashewnut Raw,37,21,0.567567568
Karnataka,DAVANGERE,2002,Whole Year,Citrus Fruit,30,521,17.36666667
Karnataka,DAVANGERE,2002,Whole Year,Coconut,13257,58194,4.389680923
Karnataka,DAVANGERE,2002,Whole Year,Coriander,41,4,0.097560976
Karnataka,DAVANGERE,2002,Whole Year,Dry chillies,1944,1172,0.602880658
Karnataka,DAVANGERE,2002,Whole Year,Garlic,3,3,1
Karnataka,DAVANGERE,2002,Whole Year,Grapes,1,30,30
Karnataka,DAVANGERE,2002,Whole Year,Mango,1032,7856,7.612403101
Karnataka,DAVANGERE,2002,Whole Year,Onion,4661,27044,5.802188372
Karnataka,DAVANGERE,2002,Whole Year,Other Fresh Fruits,125,392,3.136
Karnataka,DAVANGERE,2002,Whole Year,Papaya,54,133,2.462962963
Karnataka,DAVANGERE,2002,Whole Year,Pome Fruit,12,73,6.083333333
Karnataka,DAVANGERE,2002,Whole Year,Sannhamp,7,2,0.285714286
Karnataka,DAVANGERE,2002,Whole Year,Sugarcane,19992,2146141,107.34999
Karnataka,DAVANGERE,2002,Whole Year,Sweet potato,16,127,7.9375
Karnataka,DAVANGERE,2002,Whole Year,Tobacco,1123,401,0.357079252
Karnataka,DAVANGERE,2002,Whole Year,Tomato,915,6719,7.343169399
Karnataka,DAVANGERE,2002,Whole Year,Turmeric,12,52,4.333333333
Karnataka,DAVANGERE,2003,Kharif,Arhar/Tur,5384,2537,0.471210996
Karnataka,DAVANGERE,2003,Kharif,Bajra,905,544,0.601104972
Karnataka,DAVANGERE,2003,Kharif,Castor seed,225,202,0.897777778
Karnataka,DAVANGERE,2003,Kharif,Cotton(lint),3590,2961,0.824791086
Karnataka,DAVANGERE,2003,Kharif,Dry ginger,4,53,13.25
Karnataka,DAVANGERE,2003,Kharif,Groundnut,15774,10681,0.677126918
Karnataka,DAVANGERE,2003,Kharif,Horse-gram,1203,626,0.520365752
Karnataka,DAVANGERE,2003,Kharif,Jowar,20698,19854,0.959223113
Karnataka,DAVANGERE,2003,Kharif,Maize,110680,156104,1.410408385
Karnataka,DAVANGERE,2003,Kharif,Moong(Green Gram),1187,2,0.00168492
Karnataka,DAVANGERE,2003,Kharif,Niger seed,572,168,0.293706294
Karnataka,DAVANGERE,2003,Kharif,Other Kharif pulses,2604,842,0.323348694
Karnataka,DAVANGERE,2003,Kharif,Ragi,44856,42596,0.949616551
Karnataka,DAVANGERE,2003,Kharif,Rice,53106,166588,3.136896019
Karnataka,DAVANGERE,2003,Kharif,Sesamum,784,171,0.218112245
Karnataka,DAVANGERE,2003,Kharif,Small millets,929,460,0.495156082
Karnataka,DAVANGERE,2003,Kharif,Soyabean,4,2,0.5
Karnataka,DAVANGERE,2003,Kharif,Sunflower,11385,4797,0.421343874
Karnataka,DAVANGERE,2003,Kharif,Urad,44,11,0.25
Karnataka,DAVANGERE,2003,Rabi,Gram,1828,382,0.208971554
Karnataka,DAVANGERE,2003,Rabi,Groundnut,3411,5917,1.734681911
Karnataka,DAVANGERE,2003,Rabi,Horse-gram,7565,4865,0.643093192
Karnataka,DAVANGERE,2003,Rabi,Jowar,23542,19284,0.819131765
Karnataka,DAVANGERE,2003,Rabi,Linseed,2,0,0
Karnataka,DAVANGERE,2003,Rabi,Maize,216,473,2.189814815
Karnataka,DAVANGERE,2003,Rabi,Moong(Green Gram),528,154,0.291666667
Karnataka,DAVANGERE,2003,Rabi,Other  Rabi pulses,3100,382,0.123225806
Karnataka,DAVANGERE,2003,Rabi,Ragi,50,36,0.72
Karnataka,DAVANGERE,2003,Rabi,Rapeseed &Mustard,136,29,0.213235294
Karnataka,DAVANGERE,2003,Rabi,Safflower,268,113,0.421641791
Karnataka,DAVANGERE,2003,Rabi,Sunflower,11227,4189,0.373118375
Karnataka,DAVANGERE,2003,Rabi,Urad,528,278,0.526515152
Karnataka,DAVANGERE,2003,Rabi,Wheat,786,445,0.566157761
Karnataka,DAVANGERE,2003,Summer,Jowar,2540,6756,2.65984252
Karnataka,DAVANGERE,2003,Summer,Maize,15,38,2.533333333
Karnataka,DAVANGERE,2003,Summer,Ragi,312,371,1.189102564
Karnataka,DAVANGERE,2003,Summer,Rice,5618,27956,4.976148095
Karnataka,DAVANGERE,2003,Summer,Sunflower,2583,1364,0.528068138
Karnataka,DAVANGERE,2003,Whole Year,Arecanut,21235,20455,0.963268189
Karnataka,DAVANGERE,2003,Whole Year,Banana,222,5529,24.90540541
Karnataka,DAVANGERE,2003,Whole Year,Beans & Mutter(Vegetable),431,3005,6.972157773
Karnataka,DAVANGERE,2003,Whole Year,Black pepper,1,2,2
Karnataka,DAVANGERE,2003,Whole Year,Brinjal,690,5354,7.75942029
Karnataka,DAVANGERE,2003,Whole Year,Citrus Fruit,33,522,15.81818182
Karnataka,DAVANGERE,2003,Whole Year,Coconut,13051,57289,4.389625316
Karnataka,DAVANGERE,2003,Whole Year,Coriander,26,3,0.115384615
Karnataka,DAVANGERE,2003,Whole Year,Dry chillies,681,313,0.459618209
Karnataka,DAVANGERE,2003,Whole Year,Garlic,31,35,1.129032258
Karnataka,DAVANGERE,2003,Whole Year,Mango,818,5888,7.19804401
Karnataka,DAVANGERE,2003,Whole Year,Onion,4606,51174,11.11029092
Karnataka,DAVANGERE,2003,Whole Year,Other Fresh Fruits,150,399,2.66
Karnataka,DAVANGERE,2003,Whole Year,Potato,1,5,5
Karnataka,DAVANGERE,2003,Whole Year,Sugarcane,8150,696825,85.5
Karnataka,DAVANGERE,2003,Whole Year,Tobacco,981,492,0.501529052
Karnataka,DAVANGERE,2003,Whole Year,Tomato,954,4781,5.011530398
Karnataka,DAVANGERE,2003,Whole Year,Turmeric,13,63,4.846153846
Karnataka,DAVANGERE,2004,Kharif,Arhar/Tur,5842,7165,1.22646354
Karnataka,DAVANGERE,2004,Kharif,Bajra,604,333,0.551324503
Karnataka,DAVANGERE,2004,Kharif,Castor seed,222,193,0.869369369
Karnataka,DAVANGERE,2004,Kharif,Cotton(lint),6869,12610,1.835783957
Karnataka,DAVANGERE,2004,Kharif,Dry ginger,1,13,13
Karnataka,DAVANGERE,2004,Kharif,Groundnut,16358,13071,0.799058565
Karnataka,DAVANGERE,2004,Kharif,Horse-gram,696,655,0.941091954
Karnataka,DAVANGERE,2004,Kharif,Jowar,33900,59744,1.762359882
Karnataka,DAVANGERE,2004,Kharif,Maize,169319,524582,3.098187445
Karnataka,DAVANGERE,2004,Kharif,Moong(Green Gram),5389,338,0.062720356
Karnataka,DAVANGERE,2004,Kharif,Niger seed,539,158,0.293135436
Karnataka,DAVANGERE,2004,Kharif,Other Kharif pulses,2959,946.88,0.32
Karnataka,DAVANGERE,2004,Kharif,Ragi,22898,33965,1.48331732
Karnataka,DAVANGERE,2004,Kharif,Rice,59121,183097.74,3.097000051
Karnataka,DAVANGERE,2004,Kharif,Sesamum,3104,4167,1.34246134
Karnataka,DAVANGERE,2004,Kharif,Small millets,784,425,0.542091837
Karnataka,DAVANGERE,2004,Kharif,Sunflower,8025,4400,0.548286604
Karnataka,DAVANGERE,2004,Kharif,Urad,40,5,0.125
Karnataka,DAVANGERE,2004,Rabi,Gram,1715,399,0.232653061
Karnataka,DAVANGERE,2004,Rabi,Groundnut,4388,5519,1.257748405
Karnataka,DAVANGERE,2004,Rabi,Horse-gram,3834,1278,0.333333333
Karnataka,DAVANGERE,2004,Rabi,Jowar,4600,2805,0.609782609
Karnataka,DAVANGERE,2004,Rabi,Maize,81,247,3.049382716
Karnataka,DAVANGERE,2004,Rabi,Moong(Green Gram),104,25,0.240384615
Karnataka,DAVANGERE,2004,Rabi,Other  Rabi pulses,1085,133,0.122580645
Karnataka,DAVANGERE,2004,Rabi,Ragi,130,214,1.646153846
Karnataka,DAVANGERE,2004,Rabi,Rapeseed &Mustard,218,47,0.21559633
Karnataka,DAVANGERE,2004,Rabi,Safflower,151,36,0.238410596
Karnataka,DAVANGERE,2004,Rabi,Sunflower,4108,1868,0.454722493
Karnataka,DAVANGERE,2004,Rabi,Urad,44,15,0.340909091
Karnataka,DAVANGERE,2004,Rabi,Wheat,316,383,1.212025316
Karnataka,DAVANGERE,2004,Summer,Jowar,420,334,0.795238095
Karnataka,DAVANGERE,2004,Summer,Maize,113,346,3.061946903
Karnataka,DAVANGERE,2004,Summer,Ragi,73,116,1.589041096
Karnataka,DAVANGERE,2004,Summer,Rice,47428,222174,4.684448005
Karnataka,DAVANGERE,2004,Summer,Sunflower,2519,1881,0.746724891
Karnataka,DAVANGERE,2004,Whole Year,Arecanut,22015,21206,0.963252328
Karnataka,DAVANGERE,2004,Whole Year,Banana,477,5457,11.44025157
Karnataka,DAVANGERE,2004,Whole Year,Black pepper,36,85,2.361111111
Karnataka,DAVANGERE,2004,Whole Year,Cardamom,2,,
Karnataka,DAVANGERE,2004,Whole Year,Coconut,11978,531104.52,44.34
Karnataka,DAVANGERE,2004,Whole Year,Coriander,19,2,0.105263158
Karnataka,DAVANGERE,2004,Whole Year,Dry chillies,2004,1889,0.94261477
Karnataka,DAVANGERE,2004,Whole Year,Garlic,2,2,1
Karnataka,DAVANGERE,2004,Whole Year,Onion,5459,62703,11.48616963
Karnataka,DAVANGERE,2004,Whole Year,Potato,3,19,6.333333333
Karnataka,DAVANGERE,2004,Whole Year,Sannhamp,2,,
Karnataka,DAVANGERE,2004,Whole Year,Tobacco,1623,1198,0.738139248
Karnataka,DAVANGERE,2004,Whole Year,Turmeric,3,14,4.666666667
Karnataka,DAVANGERE,2005,Kharif,Arhar/Tur,5023,3202,0.637467649
Karnataka,DAVANGERE,2005,Kharif,Bajra,716,436,0.608938547
Karnataka,DAVANGERE,2005,Kharif,Castor seed,205,213,1.03902439
Karnataka,DAVANGERE,2005,Kharif,Dry chillies,1517,2230,1.470006592
Karnataka,DAVANGERE,2005,Kharif,Groundnut,16919,13236,0.78231574
Karnataka,DAVANGERE,2005,Kharif,Horse-gram,1569,2261,1.441045252
Karnataka,DAVANGERE,2005,Kharif,Jowar,33547,76097,2.26836975
Karnataka,DAVANGERE,2005,Kharif,Maize,156239,475046,3.040508452
Karnataka,DAVANGERE,2005,Kharif,Moong(Green Gram),1032,217,0.210271318
Karnataka,DAVANGERE,2005,Kharif,Niger seed,673,198,0.294205052
Karnataka,DAVANGERE,2005,Kharif,Onion,7036,59436,8.447413303
Karnataka,DAVANGERE,2005,Kharif,Other Kharif pulses,1397,447,0.319971367
Karnataka,DAVANGERE,2005,Kharif,Peas & beans (Pulses),36,36,1
Karnataka,DAVANGERE,2005,Kharif,Potato,2,7,3.5
Karnataka,DAVANGERE,2005,Kharif,Ragi,26188,31104,1.187719566
Karnataka,DAVANGERE,2005,Kharif,Rice,71306,225040,3.155975654
Karnataka,DAVANGERE,2005,Kharif,Sesamum,3141,2104,0.669850366
Karnataka,DAVANGERE,2005,Kharif,Small millets,1971,739,0.37493658
Karnataka,DAVANGERE,2005,Kharif,Sunflower,14400,5695,0.395486111
Karnataka,DAVANGERE,2005,Kharif,Urad,23,5,0.217391304
Karnataka,DAVANGERE,2005,Rabi,Dry chillies,85,138,1.623529412
Karnataka,DAVANGERE,2005,Rabi,Gram,1088,339,0.311580882
Karnataka,DAVANGERE,2005,Rabi,Groundnut,4321,5091,1.178199491
Karnataka,DAVANGERE,2005,Rabi,Horse-gram,1542,1081,0.701037613
Karnataka,DAVANGERE,2005,Rabi,Jowar,4485,3595,0.801560758
Karnataka,DAVANGERE,2005,Rabi,Linseed,9,3,0.333333333
Karnataka,DAVANGERE,2005,Rabi,Maize,285,1019,3.575438596
Karnataka,DAVANGERE,2005,Rabi,Moong(Green Gram),65,19,0.292307692
Karnataka,DAVANGERE,2005,Rabi,Onion,626,6489,10.3658147
Karnataka,DAVANGERE,2005,Rabi,Other  Rabi pulses,274,34,0.124087591
Karnataka,DAVANGERE,2005,Rabi,Peas & beans (Pulses),3,21,7
Karnataka,DAVANGERE,2005,Rabi,Ragi,342,993,2.903508772
Karnataka,DAVANGERE,2005,Rabi,Rapeseed &Mustard,46,10,0.217391304
Karnataka,DAVANGERE,2005,Rabi,Safflower,20,15,0.75
Karnataka,DAVANGERE,2005,Rabi,Sunflower,4910,3805,0.774949084
Karnataka,DAVANGERE,2005,Rabi,Urad,22,11,0.5
Karnataka,DAVANGERE,2005,Rabi,Wheat,235,213,0.906382979
Karnataka,DAVANGERE,2005,Summer,Dry chillies,102,269,2.637254902
Karnataka,DAVANGERE,2005,Summer,Jowar,748,1137,1.520053476
Karnataka,DAVANGERE,2005,Summer,Maize,74,264,3.567567568
Karnataka,DAVANGERE,2005,Summer,Onion,73,1214,16.63013699
Karnataka,DAVANGERE,2005,Summer,Peas & beans (Pulses),2,10,5
Karnataka,DAVANGERE,2005,Summer,Ragi,29,63,2.172413793
Karnataka,DAVANGERE,2005,Summer,Rice,59114,227497,3.848445377
Karnataka,DAVANGERE,2005,Summer,Sunflower,1603,1243,0.775421085
Karnataka,DAVANGERE,2005,Whole Year,Arecanut,23241,108785,4.680736629
Karnataka,DAVANGERE,2005,Whole Year,Banana,659,10332,15.67830046
Karnataka,DAVANGERE,2005,Whole Year,Black pepper,12,28,2.333333333
Karnataka,DAVANGERE,2005,Whole Year,Coconut,12138,53282,4.389685286
Karnataka,DAVANGERE,2005,Whole Year,Coriander,18,2,0.111111111
Karnataka,DAVANGERE,2005,Whole Year,Cotton(lint),6364,8361,1.313796354
Karnataka,DAVANGERE,2005,Whole Year,Dry ginger,9,118,13.11111111
Karnataka,DAVANGERE,2005,Whole Year,Sannhamp,6,1,0.166666667
Karnataka,DAVANGERE,2005,Whole Year,Sugarcane,5890,654674,111.1500849
Karnataka,DAVANGERE,2005,Whole Year,Tobacco,898,569,0.63363029
Karnataka,DAVANGERE,2005,Whole Year,Turmeric,6,32,5.333333333
Karnataka,DAVANGERE,2006,Kharif,Arhar/Tur,4986,4651,0.932811873
Karnataka,DAVANGERE,2006,Kharif,Bajra,494,366,0.740890688
Karnataka,DAVANGERE,2006,Kharif,Castor seed,190,152,0.8
Karnataka,DAVANGERE,2006,Kharif,Gram,24,3,0.125
Karnataka,DAVANGERE,2006,Kharif,Groundnut,12244,6465,0.528013721
Karnataka,DAVANGERE,2006,Kharif,Horse-gram,923,494,0.535211268
Karnataka,DAVANGERE,2006,Kharif,Jowar,24697,37716,1.527149046
Karnataka,DAVANGERE,2006,Kharif,Maize,173909,396298,2.278766481
Karnataka,DAVANGERE,2006,Kharif,Moong(Green Gram),790,161,0.203797468
Karnataka,DAVANGERE,2006,Kharif,Niger seed,597,176,0.29480737
Karnataka,DAVANGERE,2006,Kharif,Other Kharif pulses,1260,2523,2.002380952
Karnataka,DAVANGERE,2006,Kharif,Ragi,23050,20966,0.909587852
Karnataka,DAVANGERE,2006,Kharif,Rapeseed &Mustard,34,7,0.205882353
Karnataka,DAVANGERE,2006,Kharif,Rice,70785,237700,3.358056085
Karnataka,DAVANGERE,2006,Kharif,Sesamum,1817,1491,0.820583379
Karnataka,DAVANGERE,2006,Kharif,Small millets,1914,787,0.411180773
Karnataka,DAVANGERE,2006,Kharif,Sunflower,9846,5995,0.608876701
Karnataka,DAVANGERE,2006,Kharif,Urad,24,3,0.125
Karnataka,DAVANGERE,2006,Rabi,Gram,4845,785,0.162022704
Karnataka,DAVANGERE,2006,Rabi,Groundnut,2905,3781,1.301549053
Karnataka,DAVANGERE,2006,Rabi,Horse-gram,1742,909,0.521814007
Karnataka,DAVANGERE,2006,Rabi,Jowar,4809,3226,0.670825535
Karnataka,DAVANGERE,2006,Rabi,Maize,454,1111,2.447136564
Karnataka,DAVANGERE,2006,Rabi,Moong(Green Gram),84,25,0.297619048
Karnataka,DAVANGERE,2006,Rabi,Other  Rabi pulses,510,121,0.237254902
Karnataka,DAVANGERE,2006,Rabi,Ragi,334,430,1.28742515
Karnataka,DAVANGERE,2006,Rabi,Safflower,45,33,0.733333333
Karnataka,DAVANGERE,2006,Rabi,Sunflower,7937,3805,0.479400277
Karnataka,DAVANGERE,2006,Rabi,Urad,23,12,0.52173913
Karnataka,DAVANGERE,2006,Rabi,Wheat,288,262,0.909722222
Karnataka,DAVANGERE,2006,Summer,Jowar,980,810,0.826530612
Karnataka,DAVANGERE,2006,Summer,Maize,207,663,3.202898551
Karnataka,DAVANGERE,2006,Summer,Ragi,20,43,2.15
Karnataka,DAVANGERE,2006,Summer,Rice,54551,192576,3.530201096
Karnataka,DAVANGERE,2006,Summer,Sunflower,1400,1361,0.972142857
Karnataka,DAVANGERE,2006,Whole Year,Arecanut,22779,21942,0.96325563
Karnataka,DAVANGERE,2006,Whole Year,Banana,983,27379,27.85249237
Karnataka,DAVANGERE,2006,Whole Year,Black pepper,13,31,2.384615385
Karnataka,DAVANGERE,2006,Whole Year,Cardamom,1,,
Karnataka,DAVANGERE,2006,Whole Year,Coconut,11469,50345,4.389659081
Karnataka,DAVANGERE,2006,Whole Year,Coriander,26,3,0.115384615
Karnataka,DAVANGERE,2006,Whole Year,Cotton(lint),4976,10089,2.027532154
Karnataka,DAVANGERE,2006,Whole Year,Dry chillies,1607,1565,0.973864343
Karnataka,DAVANGERE,2006,Whole Year,Dry ginger,4,53,13.25
Karnataka,DAVANGERE,2006,Whole Year,Onion,6620,57683,8.713444109
Karnataka,DAVANGERE,2006,Whole Year,Potato,10,64,6.4
Karnataka,DAVANGERE,2006,Whole Year,Sugarcane,3653,451146,123.5001369
Karnataka,DAVANGERE,2006,Whole Year,Tobacco,1005,431,0.428855721
Karnataka,DAVANGERE,2007,Kharif,Arhar/Tur,4594,7096,1.544623422
Karnataka,DAVANGERE,2007,Kharif,Bajra,721,720,0.998613037
Karnataka,DAVANGERE,2007,Kharif,Castor seed,45,30,0.666666667
Karnataka,DAVANGERE,2007,Kharif,Dry chillies,1800,852,0.473333333
Karnataka,DAVANGERE,2007,Kharif,Groundnut,13692,11398,0.832456909
Karnataka,DAVANGERE,2007,Kharif,Horse-gram,754,868,1.151193634
Karnataka,DAVANGERE,2007,Kharif,Jowar,26305,65113,2.475308877
Karnataka,DAVANGERE,2007,Kharif,Maize,171573,533576,3.10990657
Karnataka,DAVANGERE,2007,Kharif,Moong(Green Gram),1557,392,0.251766217
Karnataka,DAVANGERE,2007,Kharif,Niger seed,458,172,0.375545852
Karnataka,DAVANGERE,2007,Kharif,Onion,6298,67334,10.69133058
Karnataka,DAVANGERE,2007,Kharif,Other Kharif pulses,1193,1035,0.867560771
Karnataka,DAVANGERE,2007,Kharif,Potato,30,99,3.3
Karnataka,DAVANGERE,2007,Kharif,Ragi,23300,36791,1.579012876
Karnataka,DAVANGERE,2007,Kharif,Rapeseed &Mustard,10,4,0.4
Karnataka,DAVANGERE,2007,Kharif,Rice,22074,67328,3.050104195
Karnataka,DAVANGERE,2007,Kharif,Sesamum,1574,1319,0.837992376
Karnataka,DAVANGERE,2007,Kharif,Small millets,695,319,0.458992806
Karnataka,DAVANGERE,2007,Kharif,Sunflower,10539,5520,0.523768859
Karnataka,DAVANGERE,2007,Kharif,Urad,2,1,0.5
Karnataka,DAVANGERE,2007,Rabi,Dry chillies,73,127,1.739726027
Karnataka,DAVANGERE,2007,Rabi,Gram,5622,1592,0.283173248
Karnataka,DAVANGERE,2007,Rabi,Groundnut,6040,6685,1.106788079
Karnataka,DAVANGERE,2007,Rabi,Horse-gram,410,301,0.734146341
Karnataka,DAVANGERE,2007,Rabi,Jowar,2866,3502,1.221912073
Karnataka,DAVANGERE,2007,Rabi,Maize,543,1159,2.134438306
Karnataka,DAVANGERE,2007,Rabi,Moong(Green Gram),31,10,0.322580645
Karnataka,DAVANGERE,2007,Rabi,Onion,605,3347,5.532231405
Karnataka,DAVANGERE,2007,Rabi,Other  Rabi pulses,823,261,0.317132442
Karnataka,DAVANGERE,2007,Rabi,Ragi,341,335,0.982404692
Karnataka,DAVANGERE,2007,Rabi,Safflower,161,135,0.838509317
Karnataka,DAVANGERE,2007,Rabi,Sunflower,5838,2917,0.499657417
Karnataka,DAVANGERE,2007,Rabi,Urad,11,4,0.363636364
Karnataka,DAVANGERE,2007,Rabi,Wheat,232,232,1
Karnataka,DAVANGERE,2007,Summer,Bajra,1,1,1
Karnataka,DAVANGERE,2007,Summer,Dry chillies,57,193,3.385964912
Karnataka,DAVANGERE,2007,Summer,Jowar,1097,2377,2.166818596
Karnataka,DAVANGERE,2007,Summer,Maize,166,536,3.228915663
Karnataka,DAVANGERE,2007,Summer,Onion,32,270,8.4375
Karnataka,DAVANGERE,2007,Summer,Ragi,58,121,2.086206897
Karnataka,DAVANGERE,2007,Summer,Rice,56058,203861,3.636608513
Karnataka,DAVANGERE,2007,Summer,Sunflower,2690,1996,0.742007435
Karnataka,DAVANGERE,2007,Whole Year,Arecanut,24229,113409,4.680713195
Karnataka,DAVANGERE,2007,Whole Year,Banana,1452,20560,14.15977961
Karnataka,DAVANGERE,2007,Whole Year,Black pepper,10,31,3.1
Karnataka,DAVANGERE,2007,Whole Year,Cardamom,1,,
Karnataka,DAVANGERE,2007,Whole Year,Coconut,12176,61995,5.091573587
Karnataka,DAVANGERE,2007,Whole Year,Coriander,13,5,0.384615385
Karnataka,DAVANGERE,2007,Whole Year,Cotton(lint),6174,17914,2.901522514
Karnataka,DAVANGERE,2007,Whole Year,Dry ginger,6,123,20.5
Karnataka,DAVANGERE,2007,Whole Year,Sugarcane,7222,809586,112.0999723
Karnataka,DAVANGERE,2007,Whole Year,Tobacco,533,283,0.530956848
Karnataka,DAVANGERE,2008,Kharif,Arhar/Tur,4432,3330,0.751353791
Karnataka,DAVANGERE,2008,Kharif,Bajra,925,582,0.629189189
Karnataka,DAVANGERE,2008,Kharif,Castor seed,90,85,0.944444444
Karnataka,DAVANGERE,2008,Kharif,Dry chillies,2057,2830,1.375789985
Karnataka,DAVANGERE,2008,Kharif,Groundnut,16817,11903,0.707795683
Karnataka,DAVANGERE,2008,Kharif,Horse-gram,814,520,0.638820639
Karnataka,DAVANGERE,2008,Kharif,Jowar,21739,41074,1.889415336
Karnataka,DAVANGERE,2008,Kharif,Maize,168478,426746,2.532947922
Karnataka,DAVANGERE,2008,Kharif,Moong(Green Gram),910,121,0.132967033
Karnataka,DAVANGERE,2008,Kharif,Niger seed,658,225,0.341945289
Karnataka,DAVANGERE,2008,Kharif,Onion,6120,53123,8.680228758
Karnataka,DAVANGERE,2008,Kharif,Other Kharif pulses,969,812,0.837977296
Karnataka,DAVANGERE,2008,Kharif,Potato,69,131,1.898550725
Karnataka,DAVANGERE,2008,Kharif,Ragi,20087,21221,1.056454423
Karnataka,DAVANGERE,2008,Kharif,Rice,70956,235254.62,3.315500028
Karnataka,DAVANGERE,2008,Kharif,Sesamum,1443,1028,0.712404712
Karnataka,DAVANGERE,2008,Kharif,Sunflower,10726,6226,0.580458698
Karnataka,DAVANGERE,2008,Kharif,Urad,18,5,0.277777778
Karnataka,DAVANGERE,2008,Rabi,Dry chillies,109,185,1.697247706
Karnataka,DAVANGERE,2008,Rabi,Gram,2043,531,0.259911894
Karnataka,DAVANGERE,2008,Rabi,Groundnut,1844,1393,0.755422993
Karnataka,DAVANGERE,2008,Rabi,Horse-gram,449,318,0.708240535
Karnataka,DAVANGERE,2008,Rabi,Jowar,3463,4725,1.36442391
Karnataka,DAVANGERE,2008,Rabi,Maize,526,1371,2.606463878
Karnataka,DAVANGERE,2008,Rabi,Onion,497,3800,7.645875252
Karnataka,DAVANGERE,2008,Rabi,Other  Rabi pulses,258,90,0.348837209
Karnataka,DAVANGERE,2008,Rabi,Ragi,295,509,1.725423729
Karnataka,DAVANGERE,2008,Rabi,Rapeseed &Mustard,24,10,0.416666667
Karnataka,DAVANGERE,2008,Rabi,Safflower,30,24,0.8
Karnataka,DAVANGERE,2008,Rabi,Sunflower,4125,3061,0.742060606
Karnataka,DAVANGERE,2008,Rabi,Wheat,428,401,0.936915888
Karnataka,DAVANGERE,2008,Summer,Dry chillies,183,600,3.278688525
Karnataka,DAVANGERE,2008,Summer,Jowar,1149,3383,2.944299391
Karnataka,DAVANGERE,2008,Summer,Maize,740,2328,3.145945946
Karnataka,DAVANGERE,2008,Summer,Onion,117,638,5.452991453
Karnataka,DAVANGERE,2008,Summer,Ragi,24,48,2
Karnataka,DAVANGERE,2008,Summer,Rice,59252,211873,3.57579491
Karnataka,DAVANGERE,2008,Summer,Sunflower,1866,1796,0.962486602
Karnataka,DAVANGERE,2008,Whole Year,Arecanut,26931,126056,4.680702536
Karnataka,DAVANGERE,2008,Whole Year,Banana,1796,21678,12.0701559
Karnataka,DAVANGERE,2008,Whole Year,Black pepper,11,47,4.272727273
Karnataka,DAVANGERE,2008,Whole Year,Cardamom,1,,
Karnataka,DAVANGERE,2008,Whole Year,Cashewnut,35,21.52,0.614857143
Karnataka,DAVANGERE,2008,Whole Year,Coconut,12030,82415,6.850789692
Karnataka,DAVANGERE,2008,Whole Year,Coriander,71,38,0.535211268
Karnataka,DAVANGERE,2008,Whole Year,Cotton(lint),8051,15797,1.962116507
Karnataka,DAVANGERE,2008,Whole Year,Dry ginger,2,64,32
Karnataka,DAVANGERE,2008,Whole Year,Sugarcane,2679,285046,106.4001493
Karnataka,DAVANGERE,2008,Whole Year,Tobacco,389,198,0.508997429
Karnataka,DAVANGERE,2009,Kharif,Arhar/Tur,4385,4066,0.927251995
Karnataka,DAVANGERE,2009,Kharif,Bajra,958,646,0.674321503
Karnataka,DAVANGERE,2009,Kharif,Castor seed,105,68,0.647619048
Karnataka,DAVANGERE,2009,Kharif,Gram,629,526,0.836248013
Karnataka,DAVANGERE,2009,Kharif,Groundnut,16236,16103,0.991808327
Karnataka,DAVANGERE,2009,Kharif,Horse-gram,629,526,0.836248013
Karnataka,DAVANGERE,2009,Kharif,Jowar,20880,43695,2.092672414
Karnataka,DAVANGERE,2009,Kharif,Maize,172337,512542,2.97406825
Karnataka,DAVANGERE,2009,Kharif,Moong(Green Gram),401,164,0.408977556
Karnataka,DAVANGERE,2009,Kharif,Niger seed,381,125,0.32808399
Karnataka,DAVANGERE,2009,Kharif,Onion,5717,39262,6.867587896
Karnataka,DAVANGERE,2009,Kharif,Other Kharif pulses,953,843,0.884575026
Karnataka,DAVANGERE,2009,Kharif,Potato,24,148,6.166666667
Karnataka,DAVANGERE,2009,Kharif,Ragi,16496,25323,1.535099418
Karnataka,DAVANGERE,2009,Kharif,Rice,75176,255673.58,3.401000053
Karnataka,DAVANGERE,2009,Kharif,Sesamum,1015,1699,1.673891626
Karnataka,DAVANGERE,2009,Kharif,Small millets,735,406,0.552380952
Karnataka,DAVANGERE,2009,Kharif,Sunflower,7031,3991,0.567629071
Karnataka,DAVANGERE,2009,Kharif,Urad,12,1,0.083333333
Karnataka,DAVANGERE,2009,Rabi,Bajra,8,6,0.75
Karnataka,DAVANGERE,2009,Rabi,Dry chillies,75,224,2.986666667
Karnataka,DAVANGERE,2009,Rabi,Gram,982,621,0.632382892
Karnataka,DAVANGERE,2009,Rabi,Groundnut,3689,3599,0.975603144
Karnataka,DAVANGERE,2009,Rabi,Horse-gram,982,621,0.632382892
Karnataka,DAVANGERE,2009,Rabi,Jowar,3136,3709,1.182716837
Karnataka,DAVANGERE,2009,Rabi,Maize,729,1854,2.543209877
Karnataka,DAVANGERE,2009,Rabi,Onion,549,4461,8.12568306
Karnataka,DAVANGERE,2009,Rabi,Other  Rabi pulses,1115,332,0.297757848
Karnataka,DAVANGERE,2009,Rabi,Ragi,186,172,0.924731183
Karnataka,DAVANGERE,2009,Rabi,Rapeseed &Mustard,33,10,0.303030303
Karnataka,DAVANGERE,2009,Rabi,Safflower,2,2,1
Karnataka,DAVANGERE,2009,Rabi,Sunflower,3001,2453,0.817394202
Karnataka,DAVANGERE,2009,Rabi,Wheat,513,437,0.851851852
Karnataka,DAVANGERE,2009,Summer,Dry chillies,72,332,4.611111111
Karnataka,DAVANGERE,2009,Summer,Jowar,720,1529,2.123611111
Karnataka,DAVANGERE,2009,Summer,Maize,1106,3843,3.474683544
Karnataka,DAVANGERE,2009,Summer,Onion,92,702,7.630434783
Karnataka,DAVANGERE,2009,Summer,Ragi,57,107,1.877192982
Karnataka,DAVANGERE,2009,Summer,Rice,62273,213861,3.434249193
Karnataka,DAVANGERE,2009,Summer,Sunflower,2207,3625,1.642501133
Karnataka,DAVANGERE,2009,Whole Year,Arecanut,28518,133485,4.680727961
Karnataka,DAVANGERE,2009,Whole Year,Banana,2145,30663,14.2951049
Karnataka,DAVANGERE,2009,Whole Year,Black pepper,14,52,3.714285714
Karnataka,DAVANGERE,2009,Whole Year,Cashewnut,44,33,0.75
Karnataka,DAVANGERE,2009,Whole Year,Coconut,12101,99410,8.215023552
Karnataka,DAVANGERE,2009,Whole Year,Coriander,41,20,0.487804878
Karnataka,DAVANGERE,2009,Whole Year,Cotton(lint),16843,28211,1.674939144
Karnataka,DAVANGERE,2009,Whole Year,Dry ginger,1,31,31
Karnataka,DAVANGERE,2009,Whole Year,Sugarcane,3697,453067,122.5499053
Karnataka,DAVANGERE,2009,Whole Year,Tobacco,1505,1158,0.769435216
Karnataka,DAVANGERE,2010,Kharif,Arhar/Tur,6270,6689,1.066826156
Karnataka,DAVANGERE,2010,Kharif,Bajra,1405,2106,1.498932384
Karnataka,DAVANGERE,2010,Kharif,Castor seed,254,213,0.838582677
Karnataka,DAVANGERE,2010,Kharif,Cotton(lint),22871,50664,2.215207031
Karnataka,DAVANGERE,2010,Kharif,Cowpea(Lobia),260,134,0.515384615
Karnataka,DAVANGERE,2010,Kharif,Dry chillies,1513,2262,1.495042961
Karnataka,DAVANGERE,2010,Kharif,Groundnut,14008,17926,1.279697316
Karnataka,DAVANGERE,2010,Kharif,Horse-gram,545,689,1.264220183
Karnataka,DAVANGERE,2010,Kharif,Jowar,16653,40266,2.417942713
Karnataka,DAVANGERE,2010,Kharif,Maize,177510,640248,3.606827784
Karnataka,DAVANGERE,2010,Kharif,Moong(Green Gram),576,117,0.203125
Karnataka,DAVANGERE,2010,Kharif,Niger seed,323,97,0.300309598
Karnataka,DAVANGERE,2010,Kharif,Onion,5512,46766,8.484397678
Karnataka,DAVANGERE,2010,Kharif,Other Kharif pulses,869,1016,1.169159954
Karnataka,DAVANGERE,2010,Kharif,Peas & beans (Pulses),82,505,6.158536585
Karnataka,DAVANGERE,2010,Kharif,Potato,80,608,7.6
Karnataka,DAVANGERE,2010,Kharif,Ragi,15658,28419,1.814982756
Karnataka,DAVANGERE,2010,Kharif,Rice,76270,271152,3.555159302
Karnataka,DAVANGERE,2010,Kharif,Sesamum,672,897,1.334821429
Karnataka,DAVANGERE,2010,Kharif,Small millets,578,262,0.453287197
Karnataka,DAVANGERE,2010,Kharif,Sunflower,2161,1282,0.593243869
Karnataka,DAVANGERE,2010,Kharif,Urad,16,6,0.375
Karnataka,DAVANGERE,2010,Rabi,Cotton(lint),1016,1759,1.731299213
Karnataka,DAVANGERE,2010,Rabi,Cowpea(Lobia),1805,477,0.264265928
Karnataka,DAVANGERE,2010,Rabi,Dry chillies,168,456,2.714285714
Karnataka,DAVANGERE,2010,Rabi,Gram,3917,1684,0.429920858
Karnataka,DAVANGERE,2010,Rabi,Groundnut,3067,4268,1.391587871
Karnataka,DAVANGERE,2010,Rabi,Horse-gram,2073,1347,0.649782923
Karnataka,DAVANGERE,2010,Rabi,Jowar,4230,4763,1.126004728
Karnataka,DAVANGERE,2010,Rabi,Maize,1824,6158,3.376096491
Karnataka,DAVANGERE,2010,Rabi,Moong(Green Gram),41,11,0.268292683
Karnataka,DAVANGERE,2010,Rabi,Onion,1033,7602,7.359148112
Karnataka,DAVANGERE,2010,Rabi,Other  Rabi pulses,105,41,0.39047619
Karnataka,DAVANGERE,2010,Rabi,Peas & beans (Pulses),19,135,7.105263158
Karnataka,DAVANGERE,2010,Rabi,Ragi,345,409,1.185507246
Karnataka,DAVANGERE,2010,Rabi,Rapeseed &Mustard,16,5,0.3125
Karnataka,DAVANGERE,2010,Rabi,Safflower,67,60,0.895522388
Karnataka,DAVANGERE,2010,Rabi,Sunflower,1372,1347,0.981778426
Karnataka,DAVANGERE,2010,Rabi,Wheat,733,794,1.083219645
Karnataka,DAVANGERE,2010,Summer,Dry chillies,111,338,3.045045045
Karnataka,DAVANGERE,2010,Summer,Jowar,1075,2520,2.344186047
Karnataka,DAVANGERE,2010,Summer,Maize,488,2421,4.961065574
Karnataka,DAVANGERE,2010,Summer,Onion,706,7511,10.6388102
Karnataka,DAVANGERE,2010,Summer,Ragi,116,227,1.956896552
Karnataka,DAVANGERE,2010,Summer,Rice,66254,259570,3.917801189
Karnataka,DAVANGERE,2010,Summer,Sunflower,1188,1436,1.208754209
Karnataka,DAVANGERE,2010,Whole Year,Arecanut,33336,422764,12.68190545
Karnataka,DAVANGERE,2010,Whole Year,Banana,2406,42812,17.79384871
Karnataka,DAVANGERE,2010,Whole Year,Black pepper,9,5.4,0.6
Karnataka,DAVANGERE,2010,Whole Year,Cashewnut,31,23,0.741935484
Karnataka,DAVANGERE,2010,Whole Year,Coconut,11377,92449,8.125955876
Karnataka,DAVANGERE,2010,Whole Year,Coriander,22,8,0.363636364
Karnataka,DAVANGERE,2010,Whole Year,Dry ginger,5,18.1,3.62
Karnataka,DAVANGERE,2010,Whole Year,Sugarcane,4865,660910,135.8499486
Karnataka,DAVANGERE,2010,Whole Year,Tobacco,1125,969,0.861333333
Karnataka,DAVANGERE,2011,Kharif,Arhar/Tur,8352,6927,0.829382184
Karnataka,DAVANGERE,2011,Kharif,Bajra,894,582,0.651006711
Karnataka,DAVANGERE,2011,Kharif,Castor seed,128,107,0.8359375
Karnataka,DAVANGERE,2011,Kharif,Cotton(lint),22930,58939,2.570388138
Karnataka,DAVANGERE,2011,Kharif,Cowpea(Lobia),235,124,0.527659574
Karnataka,DAVANGERE,2011,Kharif,Dry chillies,1057,2610,2.469252602
Karnataka,DAVANGERE,2011,Kharif,Groundnut,14442,11838,0.819692563
Karnataka,DAVANGERE,2011,Kharif,Horse-gram,724,653,0.901933702
Karnataka,DAVANGERE,2011,Kharif,Jowar,11152,22091,1.980900287
Karnataka,DAVANGERE,2011,Kharif,Maize,175401,477066,2.719859066
Karnataka,DAVANGERE,2011,Kharif,Moong(Green Gram),807,148,0.183395291
Karnataka,DAVANGERE,2011,Kharif,Niger seed,329,90,0.273556231
Karnataka,DAVANGERE,2011,Kharif,Onion,4427,31929,7.212333409
Karnataka,DAVANGERE,2011,Kharif,Other Kharif pulses,808,1102,1.363861386
Karnataka,DAVANGERE,2011,Kharif,Peas & beans (Pulses),70,624,8.914285714
Karnataka,DAVANGERE,2011,Kharif,Potato,97,802,8.268041237
Karnataka,DAVANGERE,2011,Kharif,Ragi,13650,14545,1.065567766
Karnataka,DAVANGERE,2011,Kharif,Rice,78404,276223,3.523072802
Karnataka,DAVANGERE,2011,Kharif,Sesamum,301,203,0.674418605
Karnataka,DAVANGERE,2011,Kharif,Small millets,243,173,0.711934156
Karnataka,DAVANGERE,2011,Kharif,Sunflower,1185,716,0.604219409
Karnataka,DAVANGERE,2011,Kharif,Urad,18,7,0.388888889
Karnataka,DAVANGERE,2011,Rabi,Cotton(lint),427,794,1.859484778
Karnataka,DAVANGERE,2011,Rabi,Cowpea(Lobia),991,447,0.451059536
Karnataka,DAVANGERE,2011,Rabi,Dry chillies,190,448,2.357894737
Karnataka,DAVANGERE,2011,Rabi,Gram,2166,770,0.355493998
Karnataka,DAVANGERE,2011,Rabi,Groundnut,4334,6127,1.413705584
Karnataka,DAVANGERE,2011,Rabi,Horse-gram,1733,933,0.538372764
Karnataka,DAVANGERE,2011,Rabi,Jowar,3997,6493,1.624468351
Karnataka,DAVANGERE,2011,Rabi,Maize,1596,5737,3.594611529
Karnataka,DAVANGERE,2011,Rabi,Moong(Green Gram),85,28,0.329411765
Karnataka,DAVANGERE,2011,Rabi,Onion,664,3403,5.125
Karnataka,DAVANGERE,2011,Rabi,Other  Rabi pulses,38,36,0.947368421
Karnataka,DAVANGERE,2011,Rabi,Peas & beans (Pulses),20,201,10.05
Karnataka,DAVANGERE,2011,Rabi,Ragi,407,472,1.15970516
Karnataka,DAVANGERE,2011,Rabi,Rapeseed &Mustard,7,2,0.285714286
Karnataka,DAVANGERE,2011,Rabi,Safflower,23,14,0.608695652
Karnataka,DAVANGERE,2011,Rabi,Sunflower,1306,1449,1.10949464
Karnataka,DAVANGERE,2011,Rabi,Urad,5,3,0.6
Karnataka,DAVANGERE,2011,Rabi,Wheat,1006,813,0.808151093
Karnataka,DAVANGERE,2011,Summer,Dry chillies,154,539,3.5
Karnataka,DAVANGERE,2011,Summer,Jowar,1744,3421,1.961582569
Karnataka,DAVANGERE,2011,Summer,Maize,827,2158,2.609431681
Karnataka,DAVANGERE,2011,Summer,Onion,392,1014,2.586734694
Karnataka,DAVANGERE,2011,Summer,Peas & beans (Pulses),3,27,9
Karnataka,DAVANGERE,2011,Summer,Ragi,307,591,1.925081433
Karnataka,DAVANGERE,2011,Summer,Rice,66915,269152,4.022296944
Karnataka,DAVANGERE,2011,Summer,Sunflower,1270,1803,1.419685039
Karnataka,DAVANGERE,2011,Whole Year,Arecanut,32199,260754,8.098201808
Karnataka,DAVANGERE,2011,Whole Year,Banana,2961,58225,19.66396488
Karnataka,DAVANGERE,2011,Whole Year,Black pepper,18,5.1,0.283333333
Karnataka,DAVANGERE,2011,Whole Year,Cashewnut,36,29,0.805555556
Karnataka,DAVANGERE,2011,Whole Year,Coconut,11710,116416,9.941588386
Karnataka,DAVANGERE,2011,Whole Year,Coriander,40,16,0.4
Karnataka,DAVANGERE,2011,Whole Year,Dry ginger,4,12.7,3.175
Karnataka,DAVANGERE,2011,Whole Year,Sugarcane,5281,702373,133
Karnataka,DAVANGERE,2011,Whole Year,Tobacco,597,547,0.916247906
Karnataka,DAVANGERE,2011,Whole Year,Turmeric,37,186,5.027027027
Karnataka,DAVANGERE,2012,Kharif,Arhar/Tur,7903,4520,0.571934708
Karnataka,DAVANGERE,2012,Kharif,Bajra,882,640,0.725623583
Karnataka,DAVANGERE,2012,Kharif,Castor seed,196,122,0.62244898
Karnataka,DAVANGERE,2012,Kharif,Cotton(lint),14903,26399,1.771388311
Karnataka,DAVANGERE,2012,Kharif,Cowpea(Lobia),342,94,0.274853801
Karnataka,DAVANGERE,2012,Kharif,Dry chillies,1289,1707,1.324282389
Karnataka,DAVANGERE,2012,Kharif,Groundnut,16957,15851,0.934776199
Karnataka,DAVANGERE,2012,Kharif,Horse-gram,901,824,0.914539401
Karnataka,DAVANGERE,2012,Kharif,Jowar,7778,13448,1.728979172
Karnataka,DAVANGERE,2012,Kharif,Maize,177917,482893,2.714147608
Karnataka,DAVANGERE,2012,Kharif,Moong(Green Gram),261,4,0.01532567
Karnataka,DAVANGERE,2012,Kharif,Niger seed,179,43,0.240223464
Karnataka,DAVANGERE,2012,Kharif,Onion,2806,14704,5.240199572
Karnataka,DAVANGERE,2012,Kharif,Other Kharif pulses,1127,4025,3.571428571
Karnataka,DAVANGERE,2012,Kharif,Potato,7,45,6.428571429
Karnataka,DAVANGERE,2012,Kharif,Ragi,10758,11722,1.089607734
Karnataka,DAVANGERE,2012,Kharif,Rapeseed &Mustard,5,1,0.2
Karnataka,DAVANGERE,2012,Kharif,Rice,75562,248085,3.283197904
Karnataka,DAVANGERE,2012,Kharif,Sesamum,55,66,1.2
Karnataka,DAVANGERE,2012,Kharif,Small millets,407,168,0.412776413
Karnataka,DAVANGERE,2012,Kharif,Sunflower,4107,2946,0.717311907
Karnataka,DAVANGERE,2012,Kharif,Urad,30,14,0.466666667
Karnataka,DAVANGERE,2012,Rabi,Cotton(lint),174,215,1.235632184
Karnataka,DAVANGERE,2012,Rabi,Cowpea(Lobia),480,218,0.454166667
Karnataka,DAVANGERE,2012,Rabi,Dry chillies,99,270,2.727272727
Karnataka,DAVANGERE,2012,Rabi,Gram,1324,938,0.708459215
Karnataka,DAVANGERE,2012,Rabi,Groundnut,90,152,1.688888889
Karnataka,DAVANGERE,2012,Rabi,Horse-gram,1332,578,0.433933934
Karnataka,DAVANGERE,2012,Rabi,Jowar,4207,4592,1.091514143
Karnataka,DAVANGERE,2012,Rabi,Maize,4608,14380,3.120659722
Karnataka,DAVANGERE,2012,Rabi,Onion,264,1309,4.958333333
Karnataka,DAVANGERE,2012,Rabi,Other  Rabi pulses,458,210,0.458515284
Karnataka,DAVANGERE,2012,Rabi,Ragi,1327,1326,0.99924642
Karnataka,DAVANGERE,2012,Rabi,Sunflower,2813,2317,0.823675791
Karnataka,DAVANGERE,2012,Rabi,Wheat,334,518,1.550898204
Karnataka,DAVANGERE,2012,Summer,Cotton(lint),356,987,2.77247191
Karnataka,DAVANGERE,2012,Summer,Cowpea(Lobia),589,311,0.528013582
Karnataka,DAVANGERE,2012,Summer,Dry chillies,121,342,2.826446281
Karnataka,DAVANGERE,2012,Summer,Groundnut,5899,7123,1.207492795
Karnataka,DAVANGERE,2012,Summer,Jowar,2436,5265,2.161330049
Karnataka,DAVANGERE,2012,Summer,Maize,1665,6934,4.164564565
Karnataka,DAVANGERE,2012,Summer,Onion,338,829,2.452662722
Karnataka,DAVANGERE,2012,Summer,Ragi,405,607,1.498765432
Karnataka,DAVANGERE,2012,Summer,Rice,41318,139306,3.371557191
Karnataka,DAVANGERE,2012,Summer,Sunflower,3243,4757,1.466851681
Karnataka,DAVANGERE,2012,Whole Year,Arecanut,29415,236083,8.025939147
Karnataka,DAVANGERE,2012,Whole Year,Black pepper,2,6,3
Karnataka,DAVANGERE,2012,Whole Year,Cashewnut,23,19,0.826086957
Karnataka,DAVANGERE,2012,Whole Year,Coconut,11829,116463,9.845549074
Karnataka,DAVANGERE,2012,Whole Year,Coriander,14,6,0.428571429
Karnataka,DAVANGERE,2012,Whole Year,Garlic,6,8,1.333333333
Karnataka,DAVANGERE,2012,Whole Year,Sugarcane,4362,480692,110.1999083
Karnataka,DAVANGERE,2012,Whole Year,Sweet potato,2,31,15.5
Karnataka,DAVANGERE,2012,Whole Year,Tobacco,395,247,0.625316456
Karnataka,DAVANGERE,2012,Whole Year,Turmeric,3,14,4.666666667
Karnataka,DAVANGERE,2013,Kharif,Arhar/Tur,8145,6152,0.755310006
Karnataka,DAVANGERE,2013,Kharif,Bajra,653,659,1.009188361
Karnataka,DAVANGERE,2013,Kharif,Castor seed,358,320,0.893854749
Karnataka,DAVANGERE,2013,Kharif,Cotton(lint),19895,25348,1.274088967
Karnataka,DAVANGERE,2013,Kharif,Cowpea(Lobia),363,136,0.374655647
Karnataka,DAVANGERE,2013,Kharif,Dry chillies,628,1231,1.960191083
Karnataka,DAVANGERE,2013,Kharif,Groundnut,12447,12794,1.027878204
Karnataka,DAVANGERE,2013,Kharif,Horse-gram,596,1124,1.88590604
Karnataka,DAVANGERE,2013,Kharif,Jowar,8675,19746,2.276195965
Karnataka,DAVANGERE,2013,Kharif,Maize,180515,664178,3.679350746
Karnataka,DAVANGERE,2013,Kharif,Moong(Green Gram),466,178,0.381974249
Karnataka,DAVANGERE,2013,Kharif,Niger seed,127,28,0.220472441
Karnataka,DAVANGERE,2013,Kharif,Onion,3327,18964,5.700030057
Karnataka,DAVANGERE,2013,Kharif,Other Kharif pulses,1737,1190,0.685089234
Karnataka,DAVANGERE,2013,Kharif,Potato,56,368,6.571428571
Karnataka,DAVANGERE,2013,Kharif,Ragi,9151,13492,1.474374385
Karnataka,DAVANGERE,2013,Kharif,Rapeseed &Mustard,49,14,0.285714286
Karnataka,DAVANGERE,2013,Kharif,Rice,74223,248272,3.344946984
Karnataka,DAVANGERE,2013,Kharif,Sesamum,72,80,1.111111111
Karnataka,DAVANGERE,2013,Kharif,Small millets,246,85,0.345528455
Karnataka,DAVANGERE,2013,Kharif,Sunflower,1187,594,0.50042123
Karnataka,DAVANGERE,2013,Kharif,Urad,31,15,0.483870968
Karnataka,DAVANGERE,2013,Rabi,Cotton(lint),131,242,1.847328244
Karnataka,DAVANGERE,2013,Rabi,Cowpea(Lobia),446,299,0.670403587
Karnataka,DAVANGERE,2013,Rabi,Dry chillies,119,226,1.899159664
Karnataka,DAVANGERE,2013,Rabi,Gram,1783,490,0.274817723
Karnataka,DAVANGERE,2013,Rabi,Horse-gram,1047,651,0.621776504
Karnataka,DAVANGERE,2013,Rabi,Jowar,3068,3454,1.125814863
Karnataka,DAVANGERE,2013,Rabi,Maize,2580,5154,1.997674419
Karnataka,DAVANGERE,2013,Rabi,Moong(Green Gram),34,9,0.264705882
Karnataka,DAVANGERE,2013,Rabi,Onion,3328,23383,7.026141827
Karnataka,DAVANGERE,2013,Rabi,Other  Rabi pulses,250,199,0.796
Karnataka,DAVANGERE,2013,Rabi,Ragi,996,1769,1.776104418
Karnataka,DAVANGERE,2013,Rabi,Sunflower,1439,1192,0.828353023
Karnataka,DAVANGERE,2013,Rabi,Wheat,185,186,1.005405405
Karnataka,DAVANGERE,2013,Summer,Cotton(lint),552,1990,3.605072464
Karnataka,DAVANGERE,2013,Summer,Cowpea(Lobia),418,142,0.339712919
Karnataka,DAVANGERE,2013,Summer,Dry chillies,140,372,2.657142857
Karnataka,DAVANGERE,2013,Summer,Groundnut,2269,2822,1.2437197
Karnataka,DAVANGERE,2013,Summer,Jowar,511,1077,2.107632094
Karnataka,DAVANGERE,2013,Summer,Maize,1261,2475,1.962727994
Karnataka,DAVANGERE,2013,Summer,Onion,232,1821,7.849137931
Karnataka,DAVANGERE,2013,Summer,Ragi,470,923,1.963829787
Karnataka,DAVANGERE,2013,Summer,Rice,53400,203072,3.802846442
Karnataka,DAVANGERE,2013,Summer,Sunflower,800,961,1.20125
Karnataka,DAVANGERE,2013,Whole Year,Arecanut,26291,345913,13.15708798
Karnataka,DAVANGERE,2013,Whole Year,Black pepper,45,112,2.488888889
Karnataka,DAVANGERE,2013,Whole Year,Cashewnut,41,37,0.902439024
Karnataka,DAVANGERE,2013,Whole Year,Coconut,11022,61815,5.608328797
Karnataka,DAVANGERE,2013,Whole Year,Coriander,4,1,0.25
Karnataka,DAVANGERE,2013,Whole Year,Dry ginger,4,111,27.75
Karnataka,DAVANGERE,2013,Whole Year,Garlic,14,15,1.071428571
Karnataka,DAVANGERE,2013,Whole Year,Sugarcane,6900,793155,114.95
Karnataka,DAVANGERE,2013,Whole Year,Tobacco,393,323,0.821882952
Karnataka,DAVANGERE,2014,Kharif,Arhar/Tur,4403,6224,1.413581649
Karnataka,DAVANGERE,2014,Kharif,Bajra,624,620,0.993589744
Karnataka,DAVANGERE,2014,Kharif,Castor seed,202,123,0.608910891
Karnataka,DAVANGERE,2014,Kharif,Cotton(lint),20325,29075,1.430504305
Karnataka,DAVANGERE,2014,Kharif,Cowpea(Lobia),316,139,0.439873418
Karnataka,DAVANGERE,2014,Kharif,Dry chillies,1041,2198,2.111431316
Karnataka,DAVANGERE,2014,Kharif,Groundnut,14093,15089,1.070673384
Karnataka,DAVANGERE,2014,Kharif,Horse-gram,425,420,0.988235294
Karnataka,DAVANGERE,2014,Kharif,Jowar,6977,17372,2.489895371
Karnataka,DAVANGERE,2014,Kharif,Maize,179496,576021,3.209102153
Karnataka,DAVANGERE,2014,Kharif,Moong(Green Gram),246,73,0.296747967
Karnataka,DAVANGERE,2014,Kharif,Niger seed,182,48,0.263736264
Karnataka,DAVANGERE,2014,Kharif,Onion,6139,35715,5.817722756
Karnataka,DAVANGERE,2014,Kharif,Other Kharif pulses,927,2660,2.869471413
Karnataka,DAVANGERE,2014,Kharif,Potato,24,148,6.166666667
Karnataka,DAVANGERE,2014,Kharif,Ragi,8729,13658,1.564669492
Karnataka,DAVANGERE,2014,Kharif,Rapeseed &Mustard,49,11,0.224489796
Karnataka,DAVANGERE,2014,Kharif,Rice,75259,262676,3.49029352
Karnataka,DAVANGERE,2014,Kharif,Sesamum,38,23,0.605263158
Karnataka,DAVANGERE,2014,Kharif,Small millets,1204,401,0.333056478
Karnataka,DAVANGERE,2014,Kharif,Sunflower,1204,808,0.671096346
Karnataka,DAVANGERE,2014,Kharif,Urad,49,14,0.285714286
Karnataka,DAVANGERE,2014,Rabi,Cotton(lint),259,412,1.590733591
Karnataka,DAVANGERE,2014,Rabi,Cowpea(Lobia),461,225,0.488069414
Karnataka,DAVANGERE,2014,Rabi,Dry chillies,305,572,1.875409836
Karnataka,DAVANGERE,2014,Rabi,Gram,2652,1756,0.66214178
Karnataka,DAVANGERE,2014,Rabi,Horse-gram,857,638,0.74445741
Karnataka,DAVANGERE,2014,Rabi,Jowar,3637,4892,1.345064614
Karnataka,DAVANGERE,2014,Rabi,Maize,1780,6722,3.776404494
Karnataka,DAVANGERE,2014,Rabi,Moong(Green Gram),100,33,0.33
Karnataka,DAVANGERE,2014,Rabi,Onion,639,4235,6.627543036
Karnataka,DAVANGERE,2014,Rabi,Other  Rabi pulses,130,99,0.761538462
Karnataka,DAVANGERE,2014,Rabi,Ragi,2500,3707,1.4828
Karnataka,DAVANGERE,2014,Rabi,Safflower,1,1,1
Karnataka,DAVANGERE,2014,Rabi,Sunflower,2137,2109,0.98689752
Karnataka,DAVANGERE,2014,Rabi,Urad,11,5,0.454545455
Karnataka,DAVANGERE,2014,Rabi,Wheat,374,721,1.927807487
Karnataka,DAVANGERE,2014,Summer,Cotton(lint),130,246,1.892307692
Karnataka,DAVANGERE,2014,Summer,Cowpea(Lobia),565,391,0.692035398
Karnataka,DAVANGERE,2014,Summer,Dry chillies,142,273,1.922535211
Karnataka,DAVANGERE,2014,Summer,Groundnut,3215,4465,1.388802488
Karnataka,DAVANGERE,2014,Summer,Jowar,592,1629,2.751689189
Karnataka,DAVANGERE,2014,Summer,Maize,835,2753,3.297005988
Karnataka,DAVANGERE,2014,Summer,Onion,16,78,4.875
Karnataka,DAVANGERE,2014,Summer,Ragi,824,1469,1.78276699
Karnataka,DAVANGERE,2014,Summer,Rice,61421,237076,3.859852493
Karnataka,DAVANGERE,2014,Summer,Sunflower,1440,1637,1.136805556
Karnataka,DAVANGERE,2014,Whole Year,Arecanut,32316,232268,7.187399431
Karnataka,DAVANGERE,2014,Whole Year,Black pepper,25,147,5.88
Karnataka,DAVANGERE,2014,Whole Year,Cashewnut,35,26,0.742857143
Karnataka,DAVANGERE,2014,Whole Year,Coconut,11863,164139,13.83621344
Karnataka,DAVANGERE,2014,Whole Year,Coriander,15,5,0.333333333
Karnataka,DAVANGERE,2014,Whole Year,Dry ginger,6,174,29
Karnataka,DAVANGERE,2014,Whole Year,Garlic,2,2,1
Karnataka,DAVANGERE,2014,Whole Year,Sugarcane,9523,1221325,128.2500263
Karnataka,DAVANGERE,2014,Whole Year,Tobacco,378,271,0.716931217
Karnataka,DHARWAD,1997,Kharif,Arhar/Tur,13160,4851,0.368617021
Karnataka,DHARWAD,1997,Kharif,Bajra,1581,564,0.356736243
Karnataka,DHARWAD,1997,Kharif,Dry chillies,130292,76481,0.586996899
Karnataka,DHARWAD,1997,Kharif,Dry ginger,12,15,1.25
Karnataka,DHARWAD,1997,Kharif,Groundnut,116222,73437,0.631868321
Karnataka,DHARWAD,1997,Kharif,Horse-gram,5848,1989,0.340116279
Karnataka,DHARWAD,1997,Kharif,Jowar,62307,81074,1.301202112
Karnataka,DHARWAD,1997,Kharif,Maize,109236,281572,2.577648394
Karnataka,DHARWAD,1997,Kharif,Paddy,89655,155033,1.729217556
Karnataka,DHARWAD,1997,Kharif,Ragi,5389,3889,0.721655224
Karnataka,DHARWAD,1997,Kharif,Rice,89655,103406,1.153376833
Karnataka,DHARWAD,1997,Rabi,Dry chillies,695,1202,1.729496403
Karnataka,DHARWAD,1997,Rabi,Groundnut,17497,15425,0.881579699
Karnataka,DHARWAD,1997,Rabi,Horse-gram,13975,5311,0.380035778
Karnataka,DHARWAD,1997,Rabi,Jowar,171442,85600,0.499294222
Karnataka,DHARWAD,1997,Rabi,Maize,1789,3654,2.042481833
Karnataka,DHARWAD,1997,Rabi,Paddy,19,44,2.315789474
Karnataka,DHARWAD,1997,Rabi,Rice,19,30,1.578947368
Karnataka,DHARWAD,1997,Rabi,Wheat,86170,34260,0.397586167
Karnataka,DHARWAD,1997,Summer,Jowar,7,17,2.428571429
Karnataka,DHARWAD,1997,Summer,Maize,143,309,2.160839161
Karnataka,DHARWAD,1997,Summer,Paddy,2464,9267,3.760957792
Karnataka,DHARWAD,1997,Summer,Rice,2464,6181,2.508522727
Karnataka,DHARWAD,1997,Whole Year,Arecanut,219,306,1.397260274
Karnataka,DHARWAD,1997,Whole Year,Coriander,1796,185,0.103006682
Karnataka,DHARWAD,1997,Whole Year,Garlic,3874,2247,0.58002065
Karnataka,DHARWAD,1997,Whole Year,Sugarcane,7762,442434,57
Karnataka,DHARWAD,1998,Kharif,Arhar/Tur,2473,611,0.247068338
Karnataka,DHARWAD,1998,Kharif,Castor seed,6,5,0.833333333
Karnataka,DHARWAD,1998,Kharif,Cotton(lint),86875,160464,1.847067626
Karnataka,DHARWAD,1998,Kharif,Groundnut,38406,38237,0.995599646
Karnataka,DHARWAD,1998,Kharif,Horse-gram,2384,1368,0.573825503
Karnataka,DHARWAD,1998,Kharif,Jowar,14283,18286,1.28026325
Karnataka,DHARWAD,1998,Kharif,Maize,18467,65095,3.524936373
Karnataka,DHARWAD,1998,Kharif,Moong(Green Gram),19183,3062,0.159620497
Karnataka,DHARWAD,1998,Kharif,Niger seed,242,58,0.239669421
Karnataka,DHARWAD,1998,Kharif,Onion,16658,46526,2.793012366
Karnataka,DHARWAD,1998,Kharif,Peas & beans (Pulses),7,64,9.142857143
Karnataka,DHARWAD,1998,Kharif,Potato,5488,55835,10.17401603
Karnataka,DHARWAD,1998,Kharif,Ragi,165,148,0.896969697
Karnataka,DHARWAD,1998,Kharif,Rapeseed &Mustard,9,1,0.111111111
Karnataka,DHARWAD,1998,Kharif,Rice,36998,33695,0.910724904
Karnataka,DHARWAD,1998,Kharif,Sesamum,166,67,0.403614458
Karnataka,DHARWAD,1998,Kharif,Soyabean,5627,6057,1.076417274
Karnataka,DHARWAD,1998,Kharif,Sunflower,1086,333,0.306629834
Karnataka,DHARWAD,1998,Rabi,Gram,25359,15281,0.602586853
Karnataka,DHARWAD,1998,Rabi,Groundnut,1531,2132,1.392553886
Karnataka,DHARWAD,1998,Rabi,Horse-gram,1193,426,0.357082984
Karnataka,DHARWAD,1998,Rabi,Jowar,41923,24906,0.594089163
Karnataka,DHARWAD,1998,Rabi,Linseed,292,95,0.325342466
Karnataka,DHARWAD,1998,Rabi,Maize,76,154,2.026315789
Karnataka,DHARWAD,1998,Rabi,Moong(Green Gram),2521,1130,0.448234827
Karnataka,DHARWAD,1998,Rabi,Onion,412,4224,10.25242718
Karnataka,DHARWAD,1998,Rabi,Rice,2,3,1.5
Karnataka,DHARWAD,1998,Rabi,Safflower,7247,7050,0.972816338
Karnataka,DHARWAD,1998,Rabi,Sunflower,2878,1034,0.359277276
Karnataka,DHARWAD,1998,Rabi,Wheat,43362,30657,0.707001522
Karnataka,DHARWAD,1998,Summer,Jowar,2,5,2.5
Karnataka,DHARWAD,1998,Summer,Maize,26,53,2.038461538
Karnataka,DHARWAD,1998,Summer,Onion,5,58,11.6
Karnataka,DHARWAD,1998,Summer,Rice,633,2032,3.210110585
Karnataka,DHARWAD,1998,Summer,Sunflower,6,3,0.5
Karnataka,DHARWAD,1998,Whole Year,Arecanut,7,47,6.714285714
Karnataka,DHARWAD,1998,Whole Year,Coconut,348,1662,4.775862069
Karnataka,DHARWAD,1998,Whole Year,Coriander,576,59,0.102430556
Karnataka,DHARWAD,1998,Whole Year,Dry chillies,43111,33220,0.770568996
Karnataka,DHARWAD,1998,Whole Year,Garlic,17,10,0.588235294
Karnataka,DHARWAD,1999,Kharif,Arhar/Tur,2156,883,0.409554731
Karnataka,DHARWAD,1999,Kharif,Castor seed,13,10,0.769230769
Karnataka,DHARWAD,1999,Kharif,Cotton(lint),95340,67640,0.709460877
Karnataka,DHARWAD,1999,Kharif,Groundnut,32566,23499,0.72158079
Karnataka,DHARWAD,1999,Kharif,Horse-gram,1882,676,0.359192349
Karnataka,DHARWAD,1999,Kharif,Jowar,12116,13513,1.11530208
Karnataka,DHARWAD,1999,Kharif,Maize,18900,52972,2.802751323
Karnataka,DHARWAD,1999,Kharif,Mesta,38,103,2.710526316
Karnataka,DHARWAD,1999,Kharif,Moong(Green Gram),17910,8950,0.499720826
Karnataka,DHARWAD,1999,Kharif,Niger seed,274,66,0.240875912
Karnataka,DHARWAD,1999,Kharif,Other Kharif pulses,1020,269,0.26372549
Karnataka,DHARWAD,1999,Kharif,Ragi,245,159,0.648979592
Karnataka,DHARWAD,1999,Kharif,Rice,39458,37985,0.962669167
Karnataka,DHARWAD,1999,Kharif,Sesamum,223,109,0.488789238
Karnataka,DHARWAD,1999,Kharif,Small millets,2810,1906,0.678291815
Karnataka,DHARWAD,1999,Kharif,Soyabean,4491,4109,0.914940993
Karnataka,DHARWAD,1999,Kharif,Sunflower,229,82,0.358078603
Karnataka,DHARWAD,1999,Kharif,Urad,569,185,0.32513181
Karnataka,DHARWAD,1999,Rabi,Gram,24898,13148,0.528074544
Karnataka,DHARWAD,1999,Rabi,Groundnut,1296,1423,1.097993827
Karnataka,DHARWAD,1999,Rabi,Horse-gram,2049,434,0.211810639
Karnataka,DHARWAD,1999,Rabi,Jowar,42957,24812,0.577600857
Karnataka,DHARWAD,1999,Rabi,Linseed,290,98,0.337931034
Karnataka,DHARWAD,1999,Rabi,Maize,56,131,2.339285714
Karnataka,DHARWAD,1999,Rabi,Moong(Green Gram),2927,339,0.115818244
Karnataka,DHARWAD,1999,Rabi,Other  Rabi pulses,1158,160,0.138169257
Karnataka,DHARWAD,1999,Rabi,Rapeseed &Mustard,1,1,1
Karnataka,DHARWAD,1999,Rabi,Safflower,7100,7092,0.998873239
Karnataka,DHARWAD,1999,Rabi,Sunflower,1557,702,0.450867052
Karnataka,DHARWAD,1999,Rabi,Urad,8,3,0.375
Karnataka,DHARWAD,1999,Rabi,Wheat,45660,25028,0.548138414
Karnataka,DHARWAD,1999,Summer,Maize,15,26,1.733333333
Karnataka,DHARWAD,1999,Summer,Rice,839,2594,3.091775924
Karnataka,DHARWAD,1999,Whole Year,Banana,92,2159,23.4673913
Karnataka,DHARWAD,1999,Whole Year,Black pepper,4,10,2.5
Karnataka,DHARWAD,1999,Whole Year,Coconut,375,1791,4.776
Karnataka,DHARWAD,1999,Whole Year,Coriander,497,51,0.102615694
Karnataka,DHARWAD,1999,Whole Year,Dry chillies,60134,36773,0.611517611
Karnataka,DHARWAD,1999,Whole Year,Garlic,1306,758,0.580398162
Karnataka,DHARWAD,1999,Whole Year,Onion,36887,145688,3.949575731
Karnataka,DHARWAD,1999,Whole Year,Sugarcane,3906,359938,92.1500256
Karnataka,DHARWAD,1999,Whole Year,Tobacco,2,1,0.5
Karnataka,DHARWAD,2000,Kharif,Arhar/Tur,2407,2184,0.907353552
Karnataka,DHARWAD,2000,Kharif,Bajra,41,18,0.43902439
Karnataka,DHARWAD,2000,Kharif,Castor seed,6,8,1.333333333
Karnataka,DHARWAD,2000,Kharif,Cotton(lint),92898,118695,1.277691662
Karnataka,DHARWAD,2000,Kharif,Groundnut,35073,39663,1.1308699
Karnataka,DHARWAD,2000,Kharif,Horse-gram,2266,2872,1.267431598
Karnataka,DHARWAD,2000,Kharif,Jowar,15887,17560,1.105306225
Karnataka,DHARWAD,2000,Kharif,Maize,22992,76713,3.336508351
Karnataka,DHARWAD,2000,Kharif,Mesta,21,57,2.714285714
Karnataka,DHARWAD,2000,Kharif,Moong(Green Gram),31436,16127,0.513010561
Karnataka,DHARWAD,2000,Kharif,Niger seed,224,54,0.241071429
Karnataka,DHARWAD,2000,Kharif,Other Kharif pulses,1034,284,0.274661509
Karnataka,DHARWAD,2000,Kharif,Ragi,238,289,1.214285714
Karnataka,DHARWAD,2000,Kharif,Rice,38619,53225,1.378207618
Karnataka,DHARWAD,2000,Kharif,Sesamum,315,129,0.40952381
Karnataka,DHARWAD,2000,Kharif,Small millets,2608,2530,0.970092025
Karnataka,DHARWAD,2000,Kharif,Soyabean,4020,2555,0.635572139
Karnataka,DHARWAD,2000,Kharif,Sunflower,285,94,0.329824561
Karnataka,DHARWAD,2000,Kharif,Urad,505,195,0.386138614
Karnataka,DHARWAD,2000,Rabi,Gram,35313,20779,0.588423527
Karnataka,DHARWAD,2000,Rabi,Groundnut,1069,1174,1.098222638
Karnataka,DHARWAD,2000,Rabi,Horse-gram,3410,1351,0.396187683
Karnataka,DHARWAD,2000,Rabi,Jowar,40243,26958,0.669880476
Karnataka,DHARWAD,2000,Rabi,Linseed,342,126,0.368421053
Karnataka,DHARWAD,2000,Rabi,Maize,121,288,2.380165289
Karnataka,DHARWAD,2000,Rabi,Moong(Green Gram),3021,806,0.266799073
Karnataka,DHARWAD,2000,Rabi,Other  Rabi pulses,992,137,0.138104839
Karnataka,DHARWAD,2000,Rabi,Rapeseed &Mustard,8,1,0.125
Karnataka,DHARWAD,2000,Rabi,Safflower,6533,6109,0.93509873
Karnataka,DHARWAD,2000,Rabi,Sunflower,1543,892,0.578094621
Karnataka,DHARWAD,2000,Rabi,Urad,2,1,0.5
Karnataka,DHARWAD,2000,Rabi,Wheat,36411,27686,0.760374612
Karnataka,DHARWAD,2000,Summer,Maize,14,39,2.785714286
Karnataka,DHARWAD,2000,Summer,Rice,884,2701,3.055429864
Karnataka,DHARWAD,2000,Whole Year,Arecanut,17,24,1.411764706
Karnataka,DHARWAD,2000,Whole Year,Banana,105,1930,18.38095238
Karnataka,DHARWAD,2000,Whole Year,Coconut,394,1881,4.774111675
Karnataka,DHARWAD,2000,Whole Year,Coriander,637,66,0.103610675
Karnataka,DHARWAD,2000,Whole Year,Dry chillies,64299,54236,0.843496788
Karnataka,DHARWAD,2000,Whole Year,Garlic,1703,988,0.580152672
Karnataka,DHARWAD,2000,Whole Year,Onion,35186,99266,2.821178878
Karnataka,DHARWAD,2000,Whole Year,Potato,4638,36839,7.942863303
Karnataka,DHARWAD,2000,Whole Year,Sugarcane,3522,317860,90.24985804
Karnataka,DHARWAD,2000,Whole Year,Tobacco,2,1,0.5
Karnataka,DHARWAD,2000,Whole Year,Turmeric,3,13,4.333333333
Karnataka,DHARWAD,2001,Kharif,Arhar/Tur,2247,378,0.168224299
Karnataka,DHARWAD,2001,Kharif,Cotton(lint),105429,49539,0.469880204
Karnataka,DHARWAD,2001,Kharif,Groundnut,20940,8068,0.385291309
Karnataka,DHARWAD,2001,Kharif,Horse-gram,1470,268,0.182312925
Karnataka,DHARWAD,2001,Kharif,Jowar,12286,6979,0.568044929
Karnataka,DHARWAD,2001,Kharif,Maize,9202,14538,1.57987394
Karnataka,DHARWAD,2001,Kharif,Mesta,2,5,2.5
Karnataka,DHARWAD,2001,Kharif,Moong(Green Gram),18713,4498,0.240367659
Karnataka,DHARWAD,2001,Kharif,Niger seed,242,58,0.239669421
Karnataka,DHARWAD,2001,Kharif,Other Kharif pulses,1141,311,0.272567923
Karnataka,DHARWAD,2001,Kharif,Ragi,317,331,1.044164038
Karnataka,DHARWAD,2001,Kharif,Rice,38948,8323,0.213695183
Karnataka,DHARWAD,2001,Kharif,Sesamum,139,51,0.366906475
Karnataka,DHARWAD,2001,Kharif,Small millets,2498,1544,0.618094476
Karnataka,DHARWAD,2001,Kharif,Soyabean,5027,3720,0.740003979
Karnataka,DHARWAD,2001,Kharif,Sunflower,218,83,0.380733945
Karnataka,DHARWAD,2001,Kharif,Urad,1113,411,0.369272237
Karnataka,DHARWAD,2001,Rabi,Gram,39597,8324,0.210217946
Karnataka,DHARWAD,2001,Rabi,Horse-gram,1605,241,0.150155763
Karnataka,DHARWAD,2001,Rabi,Jowar,45173,14788,0.327363691
Karnataka,DHARWAD,2001,Rabi,Linseed,234,78,0.333333333
Karnataka,DHARWAD,2001,Rabi,Maize,81,191,2.358024691
Karnataka,DHARWAD,2001,Rabi,Moong(Green Gram),665,150,0.22556391
Karnataka,DHARWAD,2001,Rabi,Other  Rabi pulses,257,35,0.13618677
Karnataka,DHARWAD,2001,Rabi,Rapeseed &Mustard,19,3,0.157894737
Karnataka,DHARWAD,2001,Rabi,Safflower,7189,3982,0.553901794
Karnataka,DHARWAD,2001,Rabi,Sunflower,3061,1157,0.377981052
Karnataka,DHARWAD,2001,Rabi,Wheat,39212,14201,0.362159543
Karnataka,DHARWAD,2001,Summer,Maize,33,87,2.636363636
Karnataka,DHARWAD,2001,Summer,Rice,376,1008,2.680851064
Karnataka,DHARWAD,2001,Whole Year,Arecanut,10,14,1.4
Karnataka,DHARWAD,2001,Whole Year,Coconut,415,1982,4.775903614
Karnataka,DHARWAD,2001,Whole Year,Coriander,374,39,0.104278075
Karnataka,DHARWAD,2001,Whole Year,Dry chillies,65992,30865,0.467708207
Karnataka,DHARWAD,2001,Whole Year,Onion,32320,85801,2.654733911
Karnataka,DHARWAD,2001,Whole Year,Peas & beans (Pulses),13,74,5.692307692
Karnataka,DHARWAD,2001,Whole Year,Potato,2211,2056,0.929895975
Karnataka,DHARWAD,2001,Whole Year,Sugarcane,2868,209794,73.14993026
Karnataka,DHARWAD,2002,Kharif,Arhar/Tur,2551,162,0.063504508
Karnataka,DHARWAD,2002,Kharif,Cotton(lint),91357,39526,0.432654312
Karnataka,DHARWAD,2002,Kharif,Groundnut,29542,20558,0.695890596
Karnataka,DHARWAD,2002,Kharif,Horse-gram,450,351,0.78
Karnataka,DHARWAD,2002,Kharif,Jowar,11734,9331,0.795210499
Karnataka,DHARWAD,2002,Kharif,Maize,12646,24994,1.976435236
Karnataka,DHARWAD,2002,Kharif,Mesta,6,16,2.666666667
Karnataka,DHARWAD,2002,Kharif,Moong(Green Gram),46120,3812,0.082653946
Karnataka,DHARWAD,2002,Kharif,Niger seed,329,79,0.240121581
Karnataka,DHARWAD,2002,Kharif,Other Kharif pulses,1256,350,0.27866242
Karnataka,DHARWAD,2002,Kharif,Ragi,162,78,0.481481481
Karnataka,DHARWAD,2002,Kharif,Rice,38239,7557,0.197625461
Karnataka,DHARWAD,2002,Kharif,Sesamum,266,105,0.394736842
Karnataka,DHARWAD,2002,Kharif,Small millets,3491,4206,1.204812375
Karnataka,DHARWAD,2002,Kharif,Soyabean,5720,3565,0.623251748
Karnataka,DHARWAD,2002,Kharif,Sunflower,386,149,0.386010363
Karnataka,DHARWAD,2002,Kharif,Urad,1489,212,0.142377435
Karnataka,DHARWAD,2002,Rabi,Gram,41959,12295,0.293024143
Karnataka,DHARWAD,2002,Rabi,Groundnut,1054,1181,1.120493359
Karnataka,DHARWAD,2002,Rabi,Horse-gram,4413,608,0.137774756
Karnataka,DHARWAD,2002,Rabi,Jowar,42258,13735,0.325027214
Karnataka,DHARWAD,2002,Rabi,Linseed,234,82,0.35042735
Karnataka,DHARWAD,2002,Rabi,Maize,178,446,2.505617978
Karnataka,DHARWAD,2002,Rabi,Moong(Green Gram),898,204,0.227171492
Karnataka,DHARWAD,2002,Rabi,Other  Rabi pulses,357,48,0.134453782
Karnataka,DHARWAD,2002,Rabi,Rapeseed &Mustard,11,2,0.181818182
Karnataka,DHARWAD,2002,Rabi,Safflower,6283,3110,0.494986471
Karnataka,DHARWAD,2002,Rabi,Sunflower,4260,1700,0.399061033
Karnataka,DHARWAD,2002,Rabi,Wheat,36056,10108,0.280341691
Karnataka,DHARWAD,2002,Summer,Maize,59,151,2.559322034
Karnataka,DHARWAD,2002,Summer,Rice,263,656,2.494296578
Karnataka,DHARWAD,2002,Summer,Sunflower,10,6,0.6
Karnataka,DHARWAD,2002,Whole Year,Arcanut (Processed),10,14,1.4
Karnataka,DHARWAD,2002,Whole Year,Atcanut (Raw),10,67,6.7
Karnataka,DHARWAD,2002,Whole Year,Banana,113,1935,17.12389381
Karnataka,DHARWAD,2002,Whole Year,Brinjal,445,2051,4.608988764
Karnataka,DHARWAD,2002,Whole Year,Cashewnut Processed,11,0,0
Karnataka,DHARWAD,2002,Whole Year,Cashewnut Raw,11,2,0.181818182
Karnataka,DHARWAD,2002,Whole Year,Citrus Fruit,33,573,17.36363636
Karnataka,DHARWAD,2002,Whole Year,Coconut,418,1996,4.775119617
Karnataka,DHARWAD,2002,Whole Year,Coriander,498,51,0.102409639
Karnataka,DHARWAD,2002,Whole Year,Dry chillies,56638,52565,0.92808715
Karnataka,DHARWAD,2002,Whole Year,Garlic,1652,958,0.579903148
Karnataka,DHARWAD,2002,Whole Year,Mango,2941,7061,2.400884053
Karnataka,DHARWAD,2002,Whole Year,Onion,29025,65301,2.249819121
Karnataka,DHARWAD,2002,Whole Year,Other Fresh Fruits,967,1806,1.867631851
Karnataka,DHARWAD,2002,Whole Year,Papaya,14,37,2.642857143
Karnataka,DHARWAD,2002,Whole Year,Pome Fruit,446,2112,4.735426009
Karnataka,DHARWAD,2002,Whole Year,Potato,2224,1762,0.792266187
Karnataka,DHARWAD,2002,Whole Year,Sugarcane,3560,223212,62.7
Karnataka,DHARWAD,2002,Whole Year,Tobacco,7,5,0.714285714
Karnataka,DHARWAD,2002,Whole Year,Tomato,661,2383,3.605143722
Karnataka,DHARWAD,2003,Kharif,Arhar/Tur,3004,300,0.099866844
Karnataka,DHARWAD,2003,Kharif,Cotton(lint),51899,30814,0.59373013
Karnataka,DHARWAD,2003,Kharif,Groundnut,35971,4626,0.128603597
Karnataka,DHARWAD,2003,Kharif,Horse-gram,504,54,0.107142857
Karnataka,DHARWAD,2003,Kharif,Jowar,14425,5667,0.392859619
Karnataka,DHARWAD,2003,Kharif,Maize,9146,10001,1.09348349
Karnataka,DHARWAD,2003,Kharif,Moong(Green Gram),16752,589,0.035159981
Karnataka,DHARWAD,2003,Kharif,Niger seed,192,46,0.239583333
Karnataka,DHARWAD,2003,Kharif,Other Kharif pulses,1236,336,0.27184466
Karnataka,DHARWAD,2003,Kharif,Ragi,83,91,1.096385542
Karnataka,DHARWAD,2003,Kharif,Rice,29090,6476,0.222619457
Karnataka,DHARWAD,2003,Kharif,Sesamum,317,139,0.438485804
Karnataka,DHARWAD,2003,Kharif,Small millets,5102,3155,0.618384947
Karnataka,DHARWAD,2003,Kharif,Soyabean,18343,11710,0.638390667
Karnataka,DHARWAD,2003,Kharif,Sunflower,205,93,0.453658537
Karnataka,DHARWAD,2003,Kharif,Urad,789,22,0.027883397
Karnataka,DHARWAD,2003,Rabi,Gram,54648,1452,0.026570048
Karnataka,DHARWAD,2003,Rabi,Groundnut,1119,1088,0.972296693
Karnataka,DHARWAD,2003,Rabi,Horse-gram,4179,957,0.229002154
Karnataka,DHARWAD,2003,Rabi,Jowar,58521,2198,0.037559167
Karnataka,DHARWAD,2003,Rabi,Linseed,68,5,0.073529412
Karnataka,DHARWAD,2003,Rabi,Maize,349,797,2.283667622
Karnataka,DHARWAD,2003,Rabi,Moong(Green Gram),1317,385,0.292331055
Karnataka,DHARWAD,2003,Rabi,Other  Rabi pulses,240,33,0.1375
Karnataka,DHARWAD,2003,Rabi,Rapeseed &Mustard,80,13,0.1625
Karnataka,DHARWAD,2003,Rabi,Safflower,14712,2212,0.150353453
Karnataka,DHARWAD,2003,Rabi,Sunflower,8563,1194,0.139437113
Karnataka,DHARWAD,2003,Rabi,Wheat,52237,3902,0.074698011
Karnataka,DHARWAD,2003,Summer,Maize,99,249,2.515151515
Karnataka,DHARWAD,2003,Summer,Rice,226,878,3.884955752
Karnataka,DHARWAD,2003,Summer,Sunflower,70,37,0.528571429
Karnataka,DHARWAD,2003,Whole Year,Arecanut,8,11,1.375
Karnataka,DHARWAD,2003,Whole Year,Banana,129,1675,12.98449612
Karnataka,DHARWAD,2003,Whole Year,Brinjal,275,1118,4.065454545
Karnataka,DHARWAD,2003,Whole Year,Citrus Fruit,27,427,15.81481481
Karnataka,DHARWAD,2003,Whole Year,Coconut,437,2087,4.775743707
Karnataka,DHARWAD,2003,Whole Year,Coriander,329,34,0.103343465
Karnataka,DHARWAD,2003,Whole Year,Dry chillies,21988,28011,1.273922139
Karnataka,DHARWAD,2003,Whole Year,Garlic,1739,1009,0.580218516
Karnataka,DHARWAD,2003,Whole Year,Mango,2334,4344,1.861182519
Karnataka,DHARWAD,2003,Whole Year,Onion,39483,9586,0.242788035
Karnataka,DHARWAD,2003,Whole Year,Other Fresh Fruits,1268,2523,1.989747634
Karnataka,DHARWAD,2003,Whole Year,Pome Fruit,250,1035,4.14
Karnataka,DHARWAD,2003,Whole Year,Potato,2054,62,0.030185005
Karnataka,DHARWAD,2003,Whole Year,Sannhamp,8,2,0.25
Karnataka,DHARWAD,2003,Whole Year,Sugarcane,3039,98160,32.30009872
Karnataka,DHARWAD,2003,Whole Year,Tomato,547,1103,2.016453382
Karnataka,DHARWAD,2004,Kharif,Arhar/Tur,2893,1627,0.562391981
Karnataka,DHARWAD,2004,Kharif,Cotton(lint),86481,70947,0.82037673
Karnataka,DHARWAD,2004,Kharif,Groundnut,36666,24853,0.677821415
Karnataka,DHARWAD,2004,Kharif,Horse-gram,248,129,0.52016129
Karnataka,DHARWAD,2004,Kharif,Jowar,13525,9482,0.701072089
Karnataka,DHARWAD,2004,Kharif,Maize,20284,42861,2.113044764
Karnataka,DHARWAD,2004,Kharif,Moong(Green Gram),45273,5849,0.129194001
Karnataka,DHARWAD,2004,Kharif,Niger seed,408,98,0.240196078
Karnataka,DHARWAD,2004,Kharif,Other Kharif pulses,1405,393.4,0.28
Karnataka,DHARWAD,2004,Kharif,Ragi,129,142,1.100775194
Karnataka,DHARWAD,2004,Kharif,Rice,23623,15484.88,0.655500148
Karnataka,DHARWAD,2004,Kharif,Sesamum,441,238,0.53968254
Karnataka,DHARWAD,2004,Kharif,Small millets,3716,1711,0.460441335
Karnataka,DHARWAD,2004,Kharif,Soyabean,22827,16243,0.711569632
Karnataka,DHARWAD,2004,Kharif,Sunflower,1213,918,0.756801319
Karnataka,DHARWAD,2004,Kharif,Urad,681,141,0.207048458
Karnataka,DHARWAD,2004,Rabi,Gram,39111,17433,0.44573138
Karnataka,DHARWAD,2004,Rabi,Groundnut,1241,1561,1.257856567
Karnataka,DHARWAD,2004,Rabi,Horse-gram,2330,403,0.172961373
Karnataka,DHARWAD,2004,Rabi,Jowar,44291,32994,0.744936895
Karnataka,DHARWAD,2004,Rabi,Linseed,197,42,0.21319797
Karnataka,DHARWAD,2004,Rabi,Maize,381,1160,3.044619423
Karnataka,DHARWAD,2004,Rabi,Moong(Green Gram),578,141,0.243944637
Karnataka,DHARWAD,2004,Rabi,Other  Rabi pulses,199,27,0.135678392
Karnataka,DHARWAD,2004,Rabi,Rapeseed &Mustard,3,,
Karnataka,DHARWAD,2004,Rabi,Safflower,15581,10358,0.664784032
Karnataka,DHARWAD,2004,Rabi,Sunflower,8776,3368,0.383773929
Karnataka,DHARWAD,2004,Rabi,Wheat,39502,21470,0.543516784
Karnataka,DHARWAD,2004,Summer,Maize,58,177,3.051724138
Karnataka,DHARWAD,2004,Summer,Rice,202,899,4.45049505
Karnataka,DHARWAD,2004,Summer,Sunflower,63,41,0.650793651
Karnataka,DHARWAD,2004,Whole Year,Arecanut,11,15,1.363636364
Karnataka,DHARWAD,2004,Whole Year,Banana,160,2008,12.55
Karnataka,DHARWAD,2004,Whole Year,Black pepper,3,7,2.333333333
Karnataka,DHARWAD,2004,Whole Year,Coconut,431,20787.13,48.23
Karnataka,DHARWAD,2004,Whole Year,Coriander,390,40,0.102564103
Karnataka,DHARWAD,2004,Whole Year,Dry chillies,57735,27436,0.475205681
Karnataka,DHARWAD,2004,Whole Year,Garlic,2389,1386,0.580159062
Karnataka,DHARWAD,2004,Whole Year,Onion,38112,114847,3.013407851
Karnataka,DHARWAD,2004,Whole Year,Potato,284,914,3.218309859
Karnataka,DHARWAD,2005,Kharif,Arhar/Tur,3174,1897,0.597668557
Karnataka,DHARWAD,2005,Kharif,Dry chillies,44299,23567,0.531998465
Karnataka,DHARWAD,2005,Kharif,Groundnut,45806,21331,0.465681352
Karnataka,DHARWAD,2005,Kharif,Horse-gram,237,123,0.518987342
Karnataka,DHARWAD,2005,Kharif,Jowar,14113,11673,0.827109757
Karnataka,DHARWAD,2005,Kharif,Maize,30187,95459,3.162255275
Karnataka,DHARWAD,2005,Kharif,Moong(Green Gram),39195,9607,0.245107794
Karnataka,DHARWAD,2005,Kharif,Niger seed,434,104,0.239631336
Karnataka,DHARWAD,2005,Kharif,Onion,38798,136154,3.509304603
Karnataka,DHARWAD,2005,Kharif,Other Kharif pulses,1487,418,0.281102892
Karnataka,DHARWAD,2005,Kharif,Peas & beans (Pulses),10,61,6.1
Karnataka,DHARWAD,2005,Kharif,Potato,733,2849,3.886766712
Karnataka,DHARWAD,2005,Kharif,Ragi,135,164,1.214814815
Karnataka,DHARWAD,2005,Kharif,Rice,22611,39091,1.72884879
Karnataka,DHARWAD,2005,Kharif,Sesamum,322,279,0.866459627
Karnataka,DHARWAD,2005,Kharif,Small millets,2905,2192,0.754561102
Karnataka,DHARWAD,2005,Kharif,Soyabean,21646,8349,0.385706366
Karnataka,DHARWAD,2005,Kharif,Sunflower,2934,1284,0.437627812
Karnataka,DHARWAD,2005,Kharif,Urad,703,100,0.142247511
Karnataka,DHARWAD,2005,Rabi,Dry chillies,32,81,2.53125
Karnataka,DHARWAD,2005,Rabi,Gram,36568,22059,0.603232334
Karnataka,DHARWAD,2005,Rabi,Groundnut,1218,1078,0.885057471
Karnataka,DHARWAD,2005,Rabi,Horse-gram,4606,2179,0.473078593
Karnataka,DHARWAD,2005,Rabi,Jowar,44313,29882,0.674339359
Karnataka,DHARWAD,2005,Rabi,Linseed,129,43,0.333333333
Karnataka,DHARWAD,2005,Rabi,Maize,527,1737,3.29601518
Karnataka,DHARWAD,2005,Rabi,Moong(Green Gram),1911,298,0.155939299
Karnataka,DHARWAD,2005,Rabi,Onion,54,560,10.37037037
Karnataka,DHARWAD,2005,Rabi,Other  Rabi pulses,356,48,0.134831461
Karnataka,DHARWAD,2005,Rabi,Rapeseed &Mustard,12,2,0.166666667
Karnataka,DHARWAD,2005,Rabi,Safflower,8789,9273,1.055068836
Karnataka,DHARWAD,2005,Rabi,Sunflower,7829,4790,0.61182782
Karnataka,DHARWAD,2005,Rabi,Wheat,38907,24515,0.630092271
Karnataka,DHARWAD,2005,Summer,Dry chillies,182,325,1.785714286
Karnataka,DHARWAD,2005,Summer,Maize,55,191,3.472727273
Karnataka,DHARWAD,2005,Summer,Onion,3,32,10.66666667
Karnataka,DHARWAD,2005,Summer,Rice,292,905,3.099315068
Karnataka,DHARWAD,2005,Summer,Sunflower,43,33,0.76744186
Karnataka,DHARWAD,2005,Whole Year,Arecanut,15,101,6.733333333
Karnataka,DHARWAD,2005,Whole Year,Banana,253,3004,11.87351779
Karnataka,DHARWAD,2005,Whole Year,Black pepper,1,2,2
Karnataka,DHARWAD,2005,Whole Year,Coconut,402,1919,4.773631841
Karnataka,DHARWAD,2005,Whole Year,Coriander,582,60,0.103092784
Karnataka,DHARWAD,2005,Whole Year,Cotton(lint),76994,71552,0.929319168
Karnataka,DHARWAD,2005,Whole Year,Garlic,1985,1152,0.580352645
Karnataka,DHARWAD,2005,Whole Year,Sugarcane,1247,110172,88.34963913
Karnataka,DHARWAD,2006,Kharif,Arhar/Tur,2967,1404,0.473205258
Karnataka,DHARWAD,2006,Kharif,Castor seed,43,34,0.790697674
Karnataka,DHARWAD,2006,Kharif,Gram,900,267,0.296666667
Karnataka,DHARWAD,2006,Kharif,Groundnut,33010,21538,0.652468949
Karnataka,DHARWAD,2006,Kharif,Horse-gram,73,26,0.356164384
Karnataka,DHARWAD,2006,Kharif,Jowar,10433,7018,0.672673248
Karnataka,DHARWAD,2006,Kharif,Maize,35648,142175,3.988302289
Karnataka,DHARWAD,2006,Kharif,Moong(Green Gram),38499,8924,0.231798229
Karnataka,DHARWAD,2006,Kharif,Niger seed,598,144,0.240802676
Karnataka,DHARWAD,2006,Kharif,Other Kharif pulses,1838,450,0.244831338
Karnataka,DHARWAD,2006,Kharif,Ragi,95,85,0.894736842
Karnataka,DHARWAD,2006,Kharif,Rice,24429,32376,1.325310082
Karnataka,DHARWAD,2006,Kharif,Sesamum,410,241,0.587804878
Karnataka,DHARWAD,2006,Kharif,Small millets,2975,2750,0.924369748
Karnataka,DHARWAD,2006,Kharif,Soyabean,22431,10740,0.478801658
Karnataka,DHARWAD,2006,Kharif,Sunflower,1096,619,0.564781022
Karnataka,DHARWAD,2006,Kharif,Urad,900,267,0.296666667
Karnataka,DHARWAD,2006,Rabi,Gram,45060,29734,0.659875721
Karnataka,DHARWAD,2006,Rabi,Groundnut,780,897,1.15
Karnataka,DHARWAD,2006,Rabi,Horse-gram,2650,1697,0.640377358
Karnataka,DHARWAD,2006,Rabi,Jowar,34138,22343,0.654490597
Karnataka,DHARWAD,2006,Rabi,Linseed,70,21,0.3
Karnataka,DHARWAD,2006,Rabi,Maize,287,834,2.905923345
Karnataka,DHARWAD,2006,Rabi,Moong(Green Gram),2026,331,0.163376111
Karnataka,DHARWAD,2006,Rabi,Other  Rabi pulses,406,109,0.268472906
Karnataka,DHARWAD,2006,Rabi,Safflower,9609,11092,1.154334478
Karnataka,DHARWAD,2006,Rabi,Sunflower,9738,4222,0.433559252
Karnataka,DHARWAD,2006,Rabi,Wheat,37675,22644,0.601035169
Karnataka,DHARWAD,2006,Summer,Maize,226,724,3.203539823
Karnataka,DHARWAD,2006,Summer,Rice,139,397,2.856115108
Karnataka,DHARWAD,2006,Summer,Sunflower,61,48,0.786885246
Karnataka,DHARWAD,2006,Whole Year,Arecanut,18,25,1.388888889
Karnataka,DHARWAD,2006,Whole Year,Banana,239,4772,19.9665272
Karnataka,DHARWAD,2006,Whole Year,Coconut,445,2125,4.775280899
Karnataka,DHARWAD,2006,Whole Year,Coriander,566,58,0.102473498
Karnataka,DHARWAD,2006,Whole Year,Cotton(lint),74021,85558,1.155861175
Karnataka,DHARWAD,2006,Whole Year,Dry chillies,49399,30513,0.617684569
Karnataka,DHARWAD,2006,Whole Year,Garlic,2449,1421,0.580236831
Karnataka,DHARWAD,2006,Whole Year,Mesta,59,79,1.338983051
Karnataka,DHARWAD,2006,Whole Year,Onion,43015,182949,4.253144252
Karnataka,DHARWAD,2006,Whole Year,Potato,1234,13881,11.24878444
Karnataka,DHARWAD,2006,Whole Year,Sugarcane,1383,89342,64.60014461
Karnataka,DHARWAD,2006,Whole Year,Tobacco,81,36,0.444444444
Karnataka,DHARWAD,2007,Kharif,Arhar/Tur,2944,2377,0.807404891
Karnataka,DHARWAD,2007,Kharif,Castor seed,15,10,0.666666667
Karnataka,DHARWAD,2007,Kharif,Dry chillies,48915,28997,0.592803843
Karnataka,DHARWAD,2007,Kharif,Groundnut,33785,27303,0.808139707
Karnataka,DHARWAD,2007,Kharif,Horse-gram,119,99,0.831932773
Karnataka,DHARWAD,2007,Kharif,Jowar,9371,10127,1.080674421
Karnataka,DHARWAD,2007,Kharif,Maize,40453,87212,2.155884607
Karnataka,DHARWAD,2007,Kharif,Moong(Green Gram),43956,12653,0.287856038
Karnataka,DHARWAD,2007,Kharif,Niger seed,597,225,0.376884422
Karnataka,DHARWAD,2007,Kharif,Onion,43194,260937,6.041047368
Karnataka,DHARWAD,2007,Kharif,Other Kharif pulses,1941,578,0.297784647
Karnataka,DHARWAD,2007,Kharif,Potato,1890,11355,6.007936508
Karnataka,DHARWAD,2007,Kharif,Ragi,108,150,1.388888889
Karnataka,DHARWAD,2007,Kharif,Rice,25693,44801,1.743704511
Karnataka,DHARWAD,2007,Kharif,Sesamum,431,240,0.556844548
Karnataka,DHARWAD,2007,Kharif,Small millets,2830,1695,0.598939929
Karnataka,DHARWAD,2007,Kharif,Soyabean,24847,13620,0.548154707
Karnataka,DHARWAD,2007,Kharif,Sunflower,428,187,0.436915888
Karnataka,DHARWAD,2007,Kharif,Urad,2210,535,0.242081448
Karnataka,DHARWAD,2007,Rabi,Gram,47573,27578,0.579698569
Karnataka,DHARWAD,2007,Rabi,Groundnut,681,668,0.980910426
Karnataka,DHARWAD,2007,Rabi,Horse-gram,1915,1115,0.582245431
Karnataka,DHARWAD,2007,Rabi,Jowar,41768,31143,0.745618655
Karnataka,DHARWAD,2007,Rabi,Linseed,92,36,0.391304348
Karnataka,DHARWAD,2007,Rabi,Maize,772,2137,2.768134715
Karnataka,DHARWAD,2007,Rabi,Moong(Green Gram),2454,317,0.129176854
Karnataka,DHARWAD,2007,Rabi,Onion,8,67,8.375
Karnataka,DHARWAD,2007,Rabi,Other  Rabi pulses,301,85,0.282392027
Karnataka,DHARWAD,2007,Rabi,Potato,29,357,12.31034483
Karnataka,DHARWAD,2007,Rabi,Safflower,8919,10201,1.143738087
Karnataka,DHARWAD,2007,Rabi,Sunflower,6140,2456,0.4
Karnataka,DHARWAD,2007,Rabi,Wheat,41041,27261,0.664238201
Karnataka,DHARWAD,2007,Summer,Dry chillies,117,396,3.384615385
Karnataka,DHARWAD,2007,Summer,Maize,152,491,3.230263158
Karnataka,DHARWAD,2007,Summer,Onion,10,84,8.4
Karnataka,DHARWAD,2007,Summer,Rice,259,791,3.054054054
Karnataka,DHARWAD,2007,Summer,Sunflower,30,31,1.033333333
Karnataka,DHARWAD,2007,Whole Year,Arecanut,17,114,6.705882353
Karnataka,DHARWAD,2007,Whole Year,Banana,276,4881,17.68478261
Karnataka,DHARWAD,2007,Whole Year,Coconut,450,2291,5.091111111
Karnataka,DHARWAD,2007,Whole Year,Coriander,492,119,0.241869919
Karnataka,DHARWAD,2007,Whole Year,Cotton(lint),72612,91219,1.25625241
Karnataka,DHARWAD,2007,Whole Year,Garlic,1898,1593,0.839304531
Karnataka,DHARWAD,2007,Whole Year,Mesta,51,68,1.333333333
Karnataka,DHARWAD,2007,Whole Year,Sugarcane,3722,240441,64.59994627
Karnataka,DHARWAD,2007,Whole Year,Tobacco,34,14,0.411764706
Karnataka,DHARWAD,2008,Kharif,Arhar/Tur,3549,3149,0.887292195
Karnataka,DHARWAD,2008,Kharif,Dry chillies,50974,37723,0.740043944
Karnataka,DHARWAD,2008,Kharif,Groundnut,40406,18548,0.459040737
Karnataka,DHARWAD,2008,Kharif,Horse-gram,214,97,0.453271028
Karnataka,DHARWAD,2008,Kharif,Jowar,11634,9553,0.821127729
Karnataka,DHARWAD,2008,Kharif,Maize,38605,88303,2.287346199
Karnataka,DHARWAD,2008,Kharif,Moong(Green Gram),13548,2819,0.208074993
Karnataka,DHARWAD,2008,Kharif,Niger seed,426,173,0.406103286
Karnataka,DHARWAD,2008,Kharif,Onion,26962,75459,2.798716712
Karnataka,DHARWAD,2008,Kharif,Other Kharif pulses,1710,1221,0.714035088
Karnataka,DHARWAD,2008,Kharif,Potato,1268,4776,3.766561514
Karnataka,DHARWAD,2008,Kharif,Ragi,62,40,0.64516129
Karnataka,DHARWAD,2008,Kharif,Rice,32699,27647,0.845499862
Karnataka,DHARWAD,2008,Kharif,Sesamum,310,158,0.509677419
Karnataka,DHARWAD,2008,Kharif,Soyabean,27471,19991,0.727712861
Karnataka,DHARWAD,2008,Kharif,Sunflower,3350,1381,0.412238806
Karnataka,DHARWAD,2008,Kharif,Urad,1120,428,0.382142857
Karnataka,DHARWAD,2008,Rabi,Dry chillies,5,8,1.6
Karnataka,DHARWAD,2008,Rabi,Gram,49498,35892,0.725120207
Karnataka,DHARWAD,2008,Rabi,Groundnut,667,665,0.997001499
Karnataka,DHARWAD,2008,Rabi,Horse-gram,1721,737,0.428239396
Karnataka,DHARWAD,2008,Rabi,Jowar,36556,28888,0.790239632
Karnataka,DHARWAD,2008,Rabi,Linseed,119,45,0.378151261
Karnataka,DHARWAD,2008,Rabi,Maize,2713,7954,2.931809805
Karnataka,DHARWAD,2008,Rabi,Moong(Green Gram),2414,200,0.082850041
Karnataka,DHARWAD,2008,Rabi,Onion,11,73,6.636363636
Karnataka,DHARWAD,2008,Rabi,Other  Rabi pulses,370,152,0.410810811
Karnataka,DHARWAD,2008,Rabi,Potato,76,1092,14.36842105
Karnataka,DHARWAD,2008,Rabi,Rapeseed &Mustard,2,1,0.5
Karnataka,DHARWAD,2008,Rabi,Safflower,7026,10916,1.553657842
Karnataka,DHARWAD,2008,Rabi,Sunflower,13224,4713,0.356397459
Karnataka,DHARWAD,2008,Rabi,Wheat,38357,35130,0.915869333
Karnataka,DHARWAD,2008,Summer,Dry chillies,91,299,3.285714286
Karnataka,DHARWAD,2008,Summer,Maize,358,1126,3.145251397
Karnataka,DHARWAD,2008,Summer,Onion,5,27,5.4
Karnataka,DHARWAD,2008,Summer,Rice,135,408,3.022222222
Karnataka,DHARWAD,2008,Summer,Sunflower,52,41,0.788461538
Karnataka,DHARWAD,2008,Whole Year,Arecanut,9,61,6.777777778
Karnataka,DHARWAD,2008,Whole Year,Banana,326,12462,38.22699387
Karnataka,DHARWAD,2008,Whole Year,Black pepper,9,38,4.222222222
Karnataka,DHARWAD,2008,Whole Year,Cashewnut,85,52.26,0.614823529
Karnataka,DHARWAD,2008,Whole Year,Coconut,442,3028,6.850678733
Karnataka,DHARWAD,2008,Whole Year,Coriander,314,281,0.894904459
Karnataka,DHARWAD,2008,Whole Year,Cotton(lint),71221,118158,1.65903315
Karnataka,DHARWAD,2008,Whole Year,Garlic,1835,1388,0.75640327
Karnataka,DHARWAD,2008,Whole Year,Sugarcane,2869,177161,61.75008714
Karnataka,DHARWAD,2008,Whole Year,Tobacco,55,28,0.509090909
Karnataka,DHARWAD,2009,Kharif,Arhar/Tur,2573,1995,0.775359503
Karnataka,DHARWAD,2009,Kharif,Gram,151,80,0.529801325
Karnataka,DHARWAD,2009,Kharif,Groundnut,38033,35666,0.937764573
Karnataka,DHARWAD,2009,Kharif,Horse-gram,151,80,0.529801325
Karnataka,DHARWAD,2009,Kharif,Jowar,6635,5212,0.785531274
Karnataka,DHARWAD,2009,Kharif,Maize,49010,110768,2.260110182
Karnataka,DHARWAD,2009,Kharif,Moong(Green Gram),28530,7806,0.27360673
Karnataka,DHARWAD,2009,Kharif,Niger seed,311,74,0.237942122
Karnataka,DHARWAD,2009,Kharif,Onion,42879,100330,2.339840015
Karnataka,DHARWAD,2009,Kharif,Other Kharif pulses,1587,703,0.442974165
Karnataka,DHARWAD,2009,Kharif,Potato,952,2960,3.109243697
Karnataka,DHARWAD,2009,Kharif,Ragi,56,62,1.107142857
Karnataka,DHARWAD,2009,Kharif,Rice,26681,30669.81,1.149500019
Karnataka,DHARWAD,2009,Kharif,Sesamum,475,193,0.406315789
Karnataka,DHARWAD,2009,Kharif,Small millets,1058,653,0.617202268
Karnataka,DHARWAD,2009,Kharif,Soyabean,36033,19204,0.532955902
Karnataka,DHARWAD,2009,Kharif,Sunflower,54,13,0.240740741
Karnataka,DHARWAD,2009,Kharif,Urad,2380,904,0.379831933
Karnataka,DHARWAD,2009,Rabi,Dry chillies,5,15,3
Karnataka,DHARWAD,2009,Rabi,Gram,1663,885,0.532170776
Karnataka,DHARWAD,2009,Rabi,Groundnut,1074,1037,0.965549348
Karnataka,DHARWAD,2009,Rabi,Horse-gram,1663,885,0.532170776
Karnataka,DHARWAD,2009,Rabi,Jowar,37019,23236,0.627677679
Karnataka,DHARWAD,2009,Rabi,Linseed,102,30,0.294117647
Karnataka,DHARWAD,2009,Rabi,Maize,2128,6436,3.02443609
Karnataka,DHARWAD,2009,Rabi,Moong(Green Gram),2770,626,0.22599278
Karnataka,DHARWAD,2009,Rabi,Onion,10,59,5.9
Karnataka,DHARWAD,2009,Rabi,Other  Rabi pulses,397,118,0.297229219
Karnataka,DHARWAD,2009,Rabi,Potato,175,2584,14.76571429
Karnataka,DHARWAD,2009,Rabi,Rapeseed &Mustard,17,5,0.294117647
Karnataka,DHARWAD,2009,Rabi,Safflower,7221,6937,0.960670267
Karnataka,DHARWAD,2009,Rabi,Sunflower,8171,3710,0.454044793
Karnataka,DHARWAD,2009,Rabi,Wheat,38088,30612,0.803717706
Karnataka,DHARWAD,2009,Summer,Dry chillies,56,258,4.607142857
Karnataka,DHARWAD,2009,Summer,Maize,724,900,1.243093923
Karnataka,DHARWAD,2009,Summer,Onion,2,15,7.5
Karnataka,DHARWAD,2009,Summer,Rice,277,846,3.054151625
Karnataka,DHARWAD,2009,Summer,Sunflower,72,62,0.861111111
Karnataka,DHARWAD,2009,Whole Year,Arecanut,15,101,6.733333333
Karnataka,DHARWAD,2009,Whole Year,Banana,371,8228,22.17789757
Karnataka,DHARWAD,2009,Whole Year,Cashewnut,94,71,0.755319149
Karnataka,DHARWAD,2009,Whole Year,Coconut,472,3356,7.110169492
Karnataka,DHARWAD,2009,Whole Year,Coriander,345,332,0.962318841
Karnataka,DHARWAD,2009,Whole Year,Cotton(lint),83461,130437,1.562849714
Karnataka,DHARWAD,2009,Whole Year,Garlic,820,589,0.718292683
Karnataka,DHARWAD,2009,Whole Year,Mesta,1,1,1
Karnataka,DHARWAD,2009,Whole Year,Sannhamp,1,,
Karnataka,DHARWAD,2009,Whole Year,Sugarcane,872,61302,70.30045872
Karnataka,DHARWAD,2009,Whole Year,Tobacco,7,5,0.714285714
Karnataka,DHARWAD,2010,Kharif,Arhar/Tur,3618,2083,0.575732449
Karnataka,DHARWAD,2010,Kharif,Cotton(lint),44413,95992,2.161349155
Karnataka,DHARWAD,2010,Kharif,Cowpea(Lobia),1020,398,0.390196078
Karnataka,DHARWAD,2010,Kharif,Dry chillies,41140,17939,0.436047642
Karnataka,DHARWAD,2010,Kharif,Groundnut,34724,47183,1.358800829
Karnataka,DHARWAD,2010,Kharif,Horse-gram,60,34,0.566666667
Karnataka,DHARWAD,2010,Kharif,Jowar,5507,5122,0.930088978
Karnataka,DHARWAD,2010,Kharif,Maize,44582,133395,2.992126867
Karnataka,DHARWAD,2010,Kharif,Moong(Green Gram),23193,7954,0.342948303
Karnataka,DHARWAD,2010,Kharif,Niger seed,350,105,0.3
Karnataka,DHARWAD,2010,Kharif,Onion,28152,153192,5.441602728
Karnataka,DHARWAD,2010,Kharif,Other Kharif pulses,65,57,0.876923077
Karnataka,DHARWAD,2010,Kharif,Peas & beans (Pulses),20,179,8.95
Karnataka,DHARWAD,2010,Kharif,Potato,1017,8070,7.935103245
Karnataka,DHARWAD,2010,Kharif,Ragi,54,54,1
Karnataka,DHARWAD,2010,Kharif,Rice,27881,33658,1.207202037
Karnataka,DHARWAD,2010,Kharif,Sesamum,337,191,0.566765579
Karnataka,DHARWAD,2010,Kharif,Small millets,817,699,0.855569155
Karnataka,DHARWAD,2010,Kharif,Soyabean,30809,25873,0.839787075
Karnataka,DHARWAD,2010,Kharif,Sunflower,22,9,0.409090909
Karnataka,DHARWAD,2010,Kharif,Urad,2127,851,0.400094029
Karnataka,DHARWAD,2010,Rabi,Cotton(lint),43927,42621,0.970268855
Karnataka,DHARWAD,2010,Rabi,Cowpea(Lobia),92,24,0.260869565
Karnataka,DHARWAD,2010,Rabi,Dry chillies,25,68,2.72
Karnataka,DHARWAD,2010,Rabi,Gram,52161,39471,0.756714787
Karnataka,DHARWAD,2010,Rabi,Groundnut,964,1161,1.204356846
Karnataka,DHARWAD,2010,Rabi,Horse-gram,2114,930,0.439924314
Karnataka,DHARWAD,2010,Rabi,Jowar,37783,24144,0.639017548
Karnataka,DHARWAD,2010,Rabi,Linseed,82,27,0.329268293
Karnataka,DHARWAD,2010,Rabi,Maize,1804,6692,3.709534368
Karnataka,DHARWAD,2010,Rabi,Moong(Green Gram),3157,534,0.169147925
Karnataka,DHARWAD,2010,Rabi,Onion,15,103,6.866666667
Karnataka,DHARWAD,2010,Rabi,Other  Rabi pulses,303,117,0.386138614
Karnataka,DHARWAD,2010,Rabi,Potato,125,1455,11.64
Karnataka,DHARWAD,2010,Rabi,Rapeseed &Mustard,3,1,0.333333333
Karnataka,DHARWAD,2010,Rabi,Safflower,5441,6394,1.175151627
Karnataka,DHARWAD,2010,Rabi,Sunflower,10127,6745,0.666041276
Karnataka,DHARWAD,2010,Rabi,Wheat,39144,41158,1.051451053
Karnataka,DHARWAD,2010,Summer,Dry chillies,65,198,3.046153846
Karnataka,DHARWAD,2010,Summer,Maize,780,2210,2.833333333
Karnataka,DHARWAD,2010,Summer,Onion,7,74,10.57142857
Karnataka,DHARWAD,2010,Summer,Rice,273,883,3.234432234
Karnataka,DHARWAD,2010,Summer,Sunflower,71,72,1.014084507
Karnataka,DHARWAD,2010,Whole Year,Arecanut,16,173,10.8125
Karnataka,DHARWAD,2010,Whole Year,Banana,393,9230,23.48600509
Karnataka,DHARWAD,2010,Whole Year,Cashewnut,94,69,0.734042553
Karnataka,DHARWAD,2010,Whole Year,Coconut,509,4866,9.559921415
Karnataka,DHARWAD,2010,Whole Year,Coriander,363,235,0.64738292
Karnataka,DHARWAD,2010,Whole Year,Garlic,601,576,0.958402662
Karnataka,DHARWAD,2010,Whole Year,Mesta,1,1,1
Karnataka,DHARWAD,2010,Whole Year,Sugarcane,4533,254075,56.05007721
Karnataka,DHARWAD,2010,Whole Year,Tobacco,5,5,1
Karnataka,DHARWAD,2011,Kharif,Arhar/Tur,2897,1841,0.635484984
Karnataka,DHARWAD,2011,Kharif,Cotton(lint),48647,88766,1.824696281
Karnataka,DHARWAD,2011,Kharif,Cowpea(Lobia),706,118,0.16713881
Karnataka,DHARWAD,2011,Kharif,Dry chillies,30271,14523,0.479766113
Karnataka,DHARWAD,2011,Kharif,Groundnut,34834,29476,0.846184762
Karnataka,DHARWAD,2011,Kharif,Horse-gram,263,144,0.547528517
Karnataka,DHARWAD,2011,Kharif,Jowar,4612,3035,0.658065915
Karnataka,DHARWAD,2011,Kharif,Maize,40717,85321,2.095463811
Karnataka,DHARWAD,2011,Kharif,Moong(Green Gram),19809,6586,0.332475138
Karnataka,DHARWAD,2011,Kharif,Niger seed,178,48,0.269662921
Karnataka,DHARWAD,2011,Kharif,Onion,21641,73334,3.388660413
Karnataka,DHARWAD,2011,Kharif,Other Kharif pulses,50,54,1.08
Karnataka,DHARWAD,2011,Kharif,Peas & beans (Pulses),9,80,8.888888889
Karnataka,DHARWAD,2011,Kharif,Potato,1109,10022,9.036970243
Karnataka,DHARWAD,2011,Kharif,Ragi,50,56,1.12
Karnataka,DHARWAD,2011,Kharif,Rice,25634,25790,1.006085667
Karnataka,DHARWAD,2011,Kharif,Sesamum,212,107,0.504716981
Karnataka,DHARWAD,2011,Kharif,Small millets,860,399,0.463953488
Karnataka,DHARWAD,2011,Kharif,Soyabean,23219,17757,0.764761618
Karnataka,DHARWAD,2011,Kharif,Sunflower,50,17,0.34
Karnataka,DHARWAD,2011,Kharif,Urad,1523,697,0.457649376
Karnataka,DHARWAD,2011,Rabi,Cotton(lint),20322,18078,0.889577797
Karnataka,DHARWAD,2011,Rabi,Cowpea(Lobia),60,21,0.35
Karnataka,DHARWAD,2011,Rabi,Dry chillies,27,64,2.37037037
Karnataka,DHARWAD,2011,Rabi,Gram,60643,23824,0.392856554
Karnataka,DHARWAD,2011,Rabi,Groundnut,816,685,0.839460784
Karnataka,DHARWAD,2011,Rabi,Horse-gram,1451,419,0.288766368
Karnataka,DHARWAD,2011,Rabi,Jowar,39465,22536,0.571037628
Karnataka,DHARWAD,2011,Rabi,Linseed,45,11,0.244444444
Karnataka,DHARWAD,2011,Rabi,Maize,3795,10313,2.717523057
Karnataka,DHARWAD,2011,Rabi,Moong(Green Gram),2760,671,0.243115942
Karnataka,DHARWAD,2011,Rabi,Onion,2,16,8
Karnataka,DHARWAD,2011,Rabi,Other  Rabi pulses,231,209,0.904761905
Karnataka,DHARWAD,2011,Rabi,Peas & beans (Pulses),2,15,7.5
Karnataka,DHARWAD,2011,Rabi,Potato,73,887,12.15068493
Karnataka,DHARWAD,2011,Rabi,Rapeseed &Mustard,15,4,0.266666667
Karnataka,DHARWAD,2011,Rabi,Safflower,14884,7092,0.476484816
Karnataka,DHARWAD,2011,Rabi,Sunflower,5852,2918,0.498632946
Karnataka,DHARWAD,2011,Rabi,Wheat,42988,31164,0.724946497
Karnataka,DHARWAD,2011,Summer,Dry chillies,49,172,3.510204082
Karnataka,DHARWAD,2011,Summer,Jowar,15,27,1.8
Karnataka,DHARWAD,2011,Summer,Maize,760,2109,2.775
Karnataka,DHARWAD,2011,Summer,Onion,2,12,6
Karnataka,DHARWAD,2011,Summer,Rice,195,663,3.4
Karnataka,DHARWAD,2011,Summer,Sunflower,24,25,1.041666667
Karnataka,DHARWAD,2011,Whole Year,Arecanut,16,130,8.125
Karnataka,DHARWAD,2011,Whole Year,Banana,254,6347,24.98818898
Karnataka,DHARWAD,2011,Whole Year,Cashewnut,100,80,0.8
Karnataka,DHARWAD,2011,Whole Year,Coconut,511,5080,9.941291585
Karnataka,DHARWAD,2011,Whole Year,Coriander,331,179,0.540785498
Karnataka,DHARWAD,2011,Whole Year,Garlic,865,778,0.899421965
Karnataka,DHARWAD,2011,Whole Year,Mesta,5,6,1.2
Karnataka,DHARWAD,2011,Whole Year,Sugarcane,3465,207380,59.84992785
Karnataka,DHARWAD,2011,Whole Year,Tobacco,5,5,1
Karnataka,DHARWAD,2012,Kharif,Arhar/Tur,1292,404,0.312693498
Karnataka,DHARWAD,2012,Kharif,Bajra,15,16,1.066666667
Karnataka,DHARWAD,2012,Kharif,Cotton(lint),24211,35040,1.447276032
Karnataka,DHARWAD,2012,Kharif,Cowpea(Lobia),681,155,0.227606461
Karnataka,DHARWAD,2012,Kharif,Dry chillies,9823,2193,0.223251552
Karnataka,DHARWAD,2012,Kharif,Groundnut,16710,9604,0.574745661
Karnataka,DHARWAD,2012,Kharif,Horse-gram,89,36,0.404494382
Karnataka,DHARWAD,2012,Kharif,Jowar,3222,1886,0.585350714
Karnataka,DHARWAD,2012,Kharif,Maize,23658,57042,2.411108293
Karnataka,DHARWAD,2012,Kharif,Moong(Green Gram),2523,508,0.201347602
Karnataka,DHARWAD,2012,Kharif,Niger seed,189,45,0.238095238
Karnataka,DHARWAD,2012,Kharif,Onion,1442,2367,1.64147018
Karnataka,DHARWAD,2012,Kharif,Other Kharif pulses,784,581,0.741071429
Karnataka,DHARWAD,2012,Kharif,Potato,625,2227,3.5632
Karnataka,DHARWAD,2012,Kharif,Ragi,38,58,1.526315789
Karnataka,DHARWAD,2012,Kharif,Rice,27411,24009,0.875889242
Karnataka,DHARWAD,2012,Kharif,Sesamum,119,39,0.327731092
Karnataka,DHARWAD,2012,Kharif,Small millets,358,234,0.653631285
Karnataka,DHARWAD,2012,Kharif,Soyabean,21244,15984,0.752400678
Karnataka,DHARWAD,2012,Kharif,Sunflower,66,33,0.5
Karnataka,DHARWAD,2012,Kharif,Urad,483,125,0.258799172
Karnataka,DHARWAD,2012,Rabi,Cotton(lint),16699,12131,0.726450686
Karnataka,DHARWAD,2012,Rabi,Cowpea(Lobia),37,12,0.324324324
Karnataka,DHARWAD,2012,Rabi,Dry chillies,51,139,2.725490196
Karnataka,DHARWAD,2012,Rabi,Gram,82719,29311,0.354344226
Karnataka,DHARWAD,2012,Rabi,Horse-gram,1503,407,0.27079175
Karnataka,DHARWAD,2012,Rabi,Jowar,48159,20817,0.432255653
Karnataka,DHARWAD,2012,Rabi,Linseed,17,3,0.176470588
Karnataka,DHARWAD,2012,Rabi,Maize,3770,11848,3.14270557
Karnataka,DHARWAD,2012,Rabi,Moong(Green Gram),2093,431,0.20592451
Karnataka,DHARWAD,2012,Rabi,Onion,3,20,6.666666667
Karnataka,DHARWAD,2012,Rabi,Other  Rabi pulses,144,66,0.458333333
Karnataka,DHARWAD,2012,Rabi,Potato,26,442,17
Karnataka,DHARWAD,2012,Rabi,Ragi,17,24,1.411764706
Karnataka,DHARWAD,2012,Rabi,Safflower,10716,3614,0.337252706
Karnataka,DHARWAD,2012,Rabi,Sunflower,11113,2428,0.218482858
Karnataka,DHARWAD,2012,Rabi,Urad,7,4,0.571428571
Karnataka,DHARWAD,2012,Rabi,Wheat,42901,20989,0.489242675
Karnataka,DHARWAD,2012,Summer,Cowpea(Lobia),42,15,0.357142857
Karnataka,DHARWAD,2012,Summer,Dry chillies,105,297,2.828571429
Karnataka,DHARWAD,2012,Summer,Groundnut,693,876,1.264069264
Karnataka,DHARWAD,2012,Summer,Maize,862,1621,1.880510441
Karnataka,DHARWAD,2012,Summer,Onion,2,11,5.5
Karnataka,DHARWAD,2012,Summer,Potato,20,436,21.8
Karnataka,DHARWAD,2012,Summer,Rice,96,305,3.177083333
Karnataka,DHARWAD,2012,Summer,Sunflower,1,1,1
Karnataka,DHARWAD,2012,Whole Year,Arecanut,4,32,8
Karnataka,DHARWAD,2012,Whole Year,Cashewnut,55,44,0.8
Karnataka,DHARWAD,2012,Whole Year,Coconut,451,4440,9.844789357
Karnataka,DHARWAD,2012,Whole Year,Coriander,60,32,0.533333333
Karnataka,DHARWAD,2012,Whole Year,Garlic,714,642,0.899159664
Karnataka,DHARWAD,2012,Whole Year,Sugarcane,4534,297204,65.55006617
Karnataka,DHARWAD,2012,Whole Year,Turmeric,4,19,4.75
Karnataka,DHARWAD,2013,Kharif,Arhar/Tur,2694,1996,0.740905716
Karnataka,DHARWAD,2013,Kharif,Bajra,8,9,1.125
Karnataka,DHARWAD,2013,Kharif,Castor seed,1,1,1
Karnataka,DHARWAD,2013,Kharif,Cotton(lint),60529,79824,1.31877282
Karnataka,DHARWAD,2013,Kharif,Cowpea(Lobia),752,480,0.638297872
Karnataka,DHARWAD,2013,Kharif,Dry chillies,25165,11619,0.461712696
Karnataka,DHARWAD,2013,Kharif,Groundnut,36328,31958,0.879707113
Karnataka,DHARWAD,2013,Kharif,Horse-gram,104,52,0.5
Karnataka,DHARWAD,2013,Kharif,Jowar,4072,3416,0.838899804
Karnataka,DHARWAD,2013,Kharif,Maize,41375,110726,2.6761571
Karnataka,DHARWAD,2013,Kharif,Moong(Green Gram),23676,6613,0.279312384
Karnataka,DHARWAD,2013,Kharif,Niger seed,408,89,0.218137255
Karnataka,DHARWAD,2013,Kharif,Onion,21220,141315,6.659519321
Karnataka,DHARWAD,2013,Kharif,Other Kharif pulses,390,280,0.717948718
Karnataka,DHARWAD,2013,Kharif,Potato,1157,7612,6.579083838
Karnataka,DHARWAD,2013,Kharif,Ragi,46,87,1.891304348
Karnataka,DHARWAD,2013,Kharif,Rapeseed &Mustard,1,,
Karnataka,DHARWAD,2013,Kharif,Rice,22354,25080,1.121946855
Karnataka,DHARWAD,2013,Kharif,Sesamum,212,121,0.570754717
Karnataka,DHARWAD,2013,Kharif,Small millets,480,535,1.114583333
Karnataka,DHARWAD,2013,Kharif,Soyabean,28677,28278,0.986086411
Karnataka,DHARWAD,2013,Kharif,Sunflower,7,4,0.571428571
Karnataka,DHARWAD,2013,Kharif,Urad,1157,392,0.33880726
Karnataka,DHARWAD,2013,Rabi,Cotton(lint),29968,55262,1.844033636
Karnataka,DHARWAD,2013,Rabi,Cowpea(Lobia),46,19,0.413043478
Karnataka,DHARWAD,2013,Rabi,Dry chillies,117,222,1.897435897
Karnataka,DHARWAD,2013,Rabi,Gram,53045,35275,0.665001414
Karnataka,DHARWAD,2013,Rabi,Horse-gram,1297,430,0.33153431
Karnataka,DHARWAD,2013,Rabi,Jowar,34759,26054,0.749561265
Karnataka,DHARWAD,2013,Rabi,Linseed,81,24,0.296296296
Karnataka,DHARWAD,2013,Rabi,Maize,3123,7150,2.289465258
Karnataka,DHARWAD,2013,Rabi,Moong(Green Gram),1912,376,0.19665272
Karnataka,DHARWAD,2013,Rabi,Onion,11,77,7
Karnataka,DHARWAD,2013,Rabi,Other  Rabi pulses,244,181,0.741803279
Karnataka,DHARWAD,2013,Rabi,Potato,79,1202,15.21518987
Karnataka,DHARWAD,2013,Rabi,Safflower,8151,4569,0.560544718
Karnataka,DHARWAD,2013,Rabi,Sunflower,4257,1492,0.35048156
Karnataka,DHARWAD,2013,Rabi,Urad,6,3,0.5
Karnataka,DHARWAD,2013,Rabi,Wheat,32155,28470,0.885398849
Karnataka,DHARWAD,2013,Summer,Cowpea(Lobia),36,14,0.388888889
Karnataka,DHARWAD,2013,Summer,Dry chillies,99,263,2.656565657
Karnataka,DHARWAD,2013,Summer,Groundnut,532,677,1.272556391
Karnataka,DHARWAD,2013,Summer,Jowar,20,33,1.65
Karnataka,DHARWAD,2013,Summer,Maize,925,2047,2.212972973
Karnataka,DHARWAD,2013,Summer,Potato,3,42,14
Karnataka,DHARWAD,2013,Summer,Rice,89,301,3.382022472
Karnataka,DHARWAD,2013,Summer,Sunflower,1,1,1
Karnataka,DHARWAD,2013,Whole Year,Arecanut,17,189,11.11764706
Karnataka,DHARWAD,2013,Whole Year,Cashewnut,49,44,0.897959184
Karnataka,DHARWAD,2013,Whole Year,Coconut,435,3451,7.933333333
Karnataka,DHARWAD,2013,Whole Year,Coriander,144,45,0.3125
Karnataka,DHARWAD,2013,Whole Year,Garlic,802,868,1.082294264
Karnataka,DHARWAD,2013,Whole Year,Sugarcane,3706,253490,68.39989207
Karnataka,DHARWAD,2013,Whole Year,Sweet potato,2,29,14.5
Karnataka,DHARWAD,2014,Kharif,Arhar/Tur,1609,1637,1.017402113
Karnataka,DHARWAD,2014,Kharif,Bajra,5,5,1
Karnataka,DHARWAD,2014,Kharif,Cotton(lint),80222,167657,2.089912991
Karnataka,DHARWAD,2014,Kharif,Cowpea(Lobia),301,77,0.255813953
Karnataka,DHARWAD,2014,Kharif,Dry chillies,25031,26585,1.062083017
Karnataka,DHARWAD,2014,Kharif,Groundnut,26377,21525,0.816051863
Karnataka,DHARWAD,2014,Kharif,Horse-gram,250,117,0.468
Karnataka,DHARWAD,2014,Kharif,Jowar,2056,1650,0.802529183
Karnataka,DHARWAD,2014,Kharif,Maize,29177,79828,2.735990678
Karnataka,DHARWAD,2014,Kharif,Moong(Green Gram),28788,5306,0.184312908
Karnataka,DHARWAD,2014,Kharif,Niger seed,296,78,0.263513514
Karnataka,DHARWAD,2014,Kharif,Onion,35455,109602,3.09129883
Karnataka,DHARWAD,2014,Kharif,Other Kharif pulses,50,35,0.7
Karnataka,DHARWAD,2014,Kharif,Potato,1286,7917,6.1562986
Karnataka,DHARWAD,2014,Kharif,Ragi,11,20,1.818181818
Karnataka,DHARWAD,2014,Kharif,Rapeseed &Mustard,12,3,0.25
Karnataka,DHARWAD,2014,Kharif,Rice,20554,32589,1.585530797
Karnataka,DHARWAD,2014,Kharif,Sesamum,348,178,0.511494253
Karnataka,DHARWAD,2014,Kharif,Small millets,313,223,0.712460064
Karnataka,DHARWAD,2014,Kharif,Soyabean,31984,32846,1.026950975
Karnataka,DHARWAD,2014,Kharif,Sunflower,14,8,0.571428571
Karnataka,DHARWAD,2014,Kharif,Urad,917,227,0.247546347
Karnataka,DHARWAD,2014,Rabi,Cotton(lint),16962,18388,1.084070275
Karnataka,DHARWAD,2014,Rabi,Cowpea(Lobia),23,8,0.347826087
Karnataka,DHARWAD,2014,Rabi,Dry chillies,36,68,1.888888889
Karnataka,DHARWAD,2014,Rabi,Gram,50622,41502,0.819841176
Karnataka,DHARWAD,2014,Rabi,Horse-gram,1557,609,0.391136802
Karnataka,DHARWAD,2014,Rabi,Jowar,39070,39492,1.010801126
Karnataka,DHARWAD,2014,Rabi,Linseed,65,20,0.307692308
Karnataka,DHARWAD,2014,Rabi,Maize,3768,8373,2.222133758
Karnataka,DHARWAD,2014,Rabi,Moong(Green Gram),2029,684,0.337111878
Karnataka,DHARWAD,2014,Rabi,Other  Rabi pulses,233,148,0.635193133
Karnataka,DHARWAD,2014,Rabi,Potato,193,2973,15.40414508
Karnataka,DHARWAD,2014,Rabi,Safflower,5389,3522,0.653553535
Karnataka,DHARWAD,2014,Rabi,Sunflower,3187,1399,0.438970819
Karnataka,DHARWAD,2014,Rabi,Wheat,28985,35714,1.232154563
Karnataka,DHARWAD,2014,Summer,Cowpea(Lobia),70,26,0.371428571
Karnataka,DHARWAD,2014,Summer,Dry chillies,173,333,1.924855491
Karnataka,DHARWAD,2014,Summer,Groundnut,766,787,1.027415144
Karnataka,DHARWAD,2014,Summer,Jowar,18,38,2.111111111
Karnataka,DHARWAD,2014,Summer,Maize,634,2068,3.261829653
Karnataka,DHARWAD,2014,Summer,Onion,2,10,5
Karnataka,DHARWAD,2014,Summer,Rice,123,376,3.056910569
Karnataka,DHARWAD,2014,Whole Year,Arecanut,14,130,9.285714286
Karnataka,DHARWAD,2014,Whole Year,Cashewnut,67,50,0.746268657
Karnataka,DHARWAD,2014,Whole Year,Coconut,318,2838,8.924528302
Karnataka,DHARWAD,2014,Whole Year,Coriander,76,27,0.355263158
Karnataka,DHARWAD,2014,Whole Year,Dry ginger,5,145,29
Karnataka,DHARWAD,2014,Whole Year,Garlic,359,339,0.944289694
Karnataka,DHARWAD,2014,Whole Year,Sugarcane,8653,641187,74.09996533
Karnataka,GADAG,1998,Kharif,Arhar/Tur,2449,503,0.205389955
Karnataka,GADAG,1998,Kharif,Bajra,1190,598,0.502521008
Karnataka,GADAG,1998,Kharif,Castor seed,67,57,0.850746269
Karnataka,GADAG,1998,Kharif,Cotton(lint),62230,69246,1.11274305
Karnataka,GADAG,1998,Kharif,Groundnut,77698,53509,0.688679245
Karnataka,GADAG,1998,Kharif,Horse-gram,255,122,0.478431373
Karnataka,GADAG,1998,Kharif,Jowar,12865,16737,1.300971628
Karnataka,GADAG,1998,Kharif,Maize,17956,64872,3.612831366
Karnataka,GADAG,1998,Kharif,Moong(Green Gram),38109,6082,0.159594846
Karnataka,GADAG,1998,Kharif,Niger seed,689,166,0.240928882
Karnataka,GADAG,1998,Kharif,Onion,11756,19962,1.69802654
Karnataka,GADAG,1998,Kharif,Ragi,18,26,1.444444444
Karnataka,GADAG,1998,Kharif,Rice,815,1884,2.311656442
Karnataka,GADAG,1998,Kharif,Sesamum,2082,843,0.404899135
Karnataka,GADAG,1998,Kharif,Soyabean,235,253,1.076595745
Karnataka,GADAG,1998,Kharif,Sunflower,10270,3295,0.32083739
Karnataka,GADAG,1998,Rabi,Gram,26180,13291,0.507677617
Karnataka,GADAG,1998,Rabi,Groundnut,6743,5669,0.840723713
Karnataka,GADAG,1998,Rabi,Horse-gram,1321,472,0.357305072
Karnataka,GADAG,1998,Rabi,Jowar,71513,39828,0.556933704
Karnataka,GADAG,1998,Rabi,Linseed,1173,381,0.324808184
Karnataka,GADAG,1998,Rabi,Maize,17,35,2.058823529
Karnataka,GADAG,1998,Rabi,Onion,178,1784,10.02247191
Karnataka,GADAG,1998,Rabi,Rice,2,3,1.5
Karnataka,GADAG,1998,Rabi,Safflower,5326,3128,0.587307548
Karnataka,GADAG,1998,Rabi,Sunflower,29556,9670,0.327175531
Karnataka,GADAG,1998,Rabi,Wheat,35181,25021,0.711207754
Karnataka,GADAG,1998,Summer,Jowar,49,130,2.653061224
Karnataka,GADAG,1998,Summer,Maize,90,205,2.277777778
Karnataka,GADAG,1998,Summer,Onion,174,2007,11.53448276
Karnataka,GADAG,1998,Summer,Peas & beans (Pulses),11,95,8.636363636
Karnataka,GADAG,1998,Summer,Rice,227,678,2.986784141
Karnataka,GADAG,1998,Summer,Sunflower,1994,1142,0.572718154
Karnataka,GADAG,1998,Whole Year,Coconut,350,1671,4.774285714
Karnataka,GADAG,1998,Whole Year,Coriander,113,12,0.10619469
Karnataka,GADAG,1998,Whole Year,Dry chillies,14529,6003,0.413173653
Karnataka,GADAG,1998,Whole Year,Garlic,67,39,0.582089552
Karnataka,GADAG,1999,Kharif,Arhar/Tur,2509,434,0.172977282
Karnataka,GADAG,1999,Kharif,Bajra,1168,444,0.380136986
Karnataka,GADAG,1999,Kharif,Castor seed,54,42,0.777777778
Karnataka,GADAG,1999,Kharif,Cotton(lint),57536,41642,0.723755562
Karnataka,GADAG,1999,Kharif,Groundnut,59896,17927,0.299302124
Karnataka,GADAG,1999,Kharif,Horse-gram,199,88,0.442211055
Karnataka,GADAG,1999,Kharif,Jowar,11752,13841,1.177756978
Karnataka,GADAG,1999,Kharif,Maize,17179,52200,3.038593632
Karnataka,GADAG,1999,Kharif,Mesta,23,62,2.695652174
Karnataka,GADAG,1999,Kharif,Moong(Green Gram),24421,8561,0.350558945
Karnataka,GADAG,1999,Kharif,Niger seed,944,227,0.240466102
Karnataka,GADAG,1999,Kharif,Other Kharif pulses,1227,345,0.281173594
Karnataka,GADAG,1999,Kharif,Ragi,26,36,1.384615385
Karnataka,GADAG,1999,Kharif,Rice,816,1882,2.306372549
Karnataka,GADAG,1999,Kharif,Sesamum,2060,1008,0.489320388
Karnataka,GADAG,1999,Kharif,Small millets,1037,385,0.371263259
Karnataka,GADAG,1999,Kharif,Sunflower,5536,1430,0.258309249
Karnataka,GADAG,1999,Rabi,Gram,23815,9064,0.380600462
Karnataka,GADAG,1999,Rabi,Groundnut,7460,5684,0.761930295
Karnataka,GADAG,1999,Rabi,Horse-gram,2385,505,0.211740042
Karnataka,GADAG,1999,Rabi,Jowar,78752,33816,0.429398618
Karnataka,GADAG,1999,Rabi,Linseed,1140,384,0.336842105
Karnataka,GADAG,1999,Rabi,Maize,958,2321,2.422755741
Karnataka,GADAG,1999,Rabi,Other  Rabi pulses,960,130,0.135416667
Karnataka,GADAG,1999,Rabi,Safflower,5325,4304,0.808262911
Karnataka,GADAG,1999,Rabi,Sunflower,32895,9949,0.30244718
Karnataka,GADAG,1999,Rabi,Wheat,34882,21769,0.624075454
Karnataka,GADAG,1999,Summer,Jowar,63,145,2.301587302
Karnataka,GADAG,1999,Summer,Maize,83,152,1.831325301
Karnataka,GADAG,1999,Summer,Rice,328,961,2.929878049
Karnataka,GADAG,1999,Summer,Sunflower,1369,856,0.625273923
Karnataka,GADAG,1999,Whole Year,Banana,40,939,23.475
Karnataka,GADAG,1999,Whole Year,Coconut,365,1743,4.775342466
Karnataka,GADAG,1999,Whole Year,Coriander,143,15,0.104895105
Karnataka,GADAG,1999,Whole Year,Dry chillies,11539,6295,0.545541208
Karnataka,GADAG,1999,Whole Year,Garlic,113,66,0.584070796
Karnataka,GADAG,1999,Whole Year,Onion,19953,114309,5.728912945
Karnataka,GADAG,1999,Whole Year,Sugarcane,130,13091,100.7
Karnataka,GADAG,1999,Whole Year,Tobacco,322,190,0.590062112
Karnataka,GADAG,2000,Kharif,Arhar/Tur,2657,674,0.253669552
Karnataka,GADAG,2000,Kharif,Bajra,1858,945,0.50861141
Karnataka,GADAG,2000,Kharif,Castor seed,278,356,1.28057554
Karnataka,GADAG,2000,Kharif,Cotton(lint),67713,97437,1.43897036
Karnataka,GADAG,2000,Kharif,Groundnut,72846,39036,0.535870192
Karnataka,GADAG,2000,Kharif,Horse-gram,456,262,0.574561404
Karnataka,GADAG,2000,Kharif,Jowar,14575,18032,1.237186964
Karnataka,GADAG,2000,Kharif,Maize,24833,79387,3.196834857
Karnataka,GADAG,2000,Kharif,Moong(Green Gram),58241,25119,0.431294106
Karnataka,GADAG,2000,Kharif,Niger seed,1112,268,0.241007194
Karnataka,GADAG,2000,Kharif,Other Kharif pulses,1386,390,0.281385281
Karnataka,GADAG,2000,Kharif,Ragi,76,135,1.776315789
Karnataka,GADAG,2000,Kharif,Rice,888,2118,2.385135135
Karnataka,GADAG,2000,Kharif,Sesamum,2360,962,0.407627119
Karnataka,GADAG,2000,Kharif,Small millets,1217,787,0.646672145
Karnataka,GADAG,2000,Kharif,Sunflower,9498,4847,0.510317962
Karnataka,GADAG,2000,Kharif,Urad,8,3,0.375
Karnataka,GADAG,2000,Rabi,Gram,30927,14662,0.474084134
Karnataka,GADAG,2000,Rabi,Groundnut,7348,4502,0.612683723
Karnataka,GADAG,2000,Rabi,Horse-gram,1522,480,0.315374507
Karnataka,GADAG,2000,Rabi,Jowar,70293,33939,0.482821903
Karnataka,GADAG,2000,Rabi,Linseed,1036,382,0.368725869
Karnataka,GADAG,2000,Rabi,Maize,1902,4759,2.502103049
Karnataka,GADAG,2000,Rabi,Other  Rabi pulses,505,68,0.134653465
Karnataka,GADAG,2000,Rabi,Rapeseed &Mustard,19,5,0.263157895
Karnataka,GADAG,2000,Rabi,Safflower,3681,2994,0.813365933
Karnataka,GADAG,2000,Rabi,Sunflower,37015,14374,0.388329056
Karnataka,GADAG,2000,Rabi,Wheat,35664,18323,0.513767384
Karnataka,GADAG,2000,Summer,Jowar,25,51,2.04
Karnataka,GADAG,2000,Summer,Maize,1,3,3
Karnataka,GADAG,2000,Summer,Rice,264,668,2.53030303
Karnataka,GADAG,2000,Summer,Sunflower,1813,1042,0.574738003
Karnataka,GADAG,2000,Whole Year,Banana,45,827,18.37777778
Karnataka,GADAG,2000,Whole Year,Coconut,373,1781,4.774798928
Karnataka,GADAG,2000,Whole Year,Coriander,103,11,0.106796117
Karnataka,GADAG,2000,Whole Year,Dry chillies,18383,13481,0.733340586
Karnataka,GADAG,2000,Whole Year,Garlic,78,45,0.576923077
Karnataka,GADAG,2000,Whole Year,Onion,23877,133567,5.593960715
Karnataka,GADAG,2000,Whole Year,Potato,2,19,9.5
Karnataka,GADAG,2000,Whole Year,Sugarcane,347,35602,102.5994236
Karnataka,GADAG,2000,Whole Year,Sweet potato,1,7,7
Karnataka,GADAG,2000,Whole Year,Tobacco,410,303,0.73902439
Karnataka,GADAG,2001,Kharif,Arhar/Tur,1521,256,0.168310322
Karnataka,GADAG,2001,Kharif,Bajra,2032,1084,0.533464567
Karnataka,GADAG,2001,Kharif,Castor seed,117,87,0.743589744
Karnataka,GADAG,2001,Kharif,Cotton(lint),77125,50442,0.654029173
Karnataka,GADAG,2001,Kharif,Dry ginger,6,79,13.16666667
Karnataka,GADAG,2001,Kharif,Groundnut,55887,19622,0.351101329
Karnataka,GADAG,2001,Kharif,Horse-gram,646,341,0.527863777
Karnataka,GADAG,2001,Kharif,Jowar,7518,8698,1.156956637
Karnataka,GADAG,2001,Kharif,Maize,9272,14150,1.526100086
Karnataka,GADAG,2001,Kharif,Moong(Green Gram),32337,4485,0.138695612
Karnataka,GADAG,2001,Kharif,Niger seed,729,175,0.24005487
Karnataka,GADAG,2001,Kharif,Other Kharif pulses,913,256,0.280394304
Karnataka,GADAG,2001,Kharif,Ragi,29,45,1.551724138
Karnataka,GADAG,2001,Kharif,Rice,705,1411,2.00141844
Karnataka,GADAG,2001,Kharif,Sesamum,977,188,0.192425793
Karnataka,GADAG,2001,Kharif,Small millets,1026,452,0.440545809
Karnataka,GADAG,2001,Kharif,Sunflower,5548,1963,0.353821197
Karnataka,GADAG,2001,Kharif,Urad,4,1,0.25
Karnataka,GADAG,2001,Rabi,Gram,35003,6330,0.180841642
Karnataka,GADAG,2001,Rabi,Horse-gram,760,150,0.197368421
Karnataka,GADAG,2001,Rabi,Jowar,69767,29735,0.426204366
Karnataka,GADAG,2001,Rabi,Linseed,979,221,0.225740552
Karnataka,GADAG,2001,Rabi,Maize,863,2120,2.456546929
Karnataka,GADAG,2001,Rabi,Other  Rabi pulses,588,80,0.136054422
Karnataka,GADAG,2001,Rabi,Rapeseed &Mustard,230,61,0.265217391
Karnataka,GADAG,2001,Rabi,Rice,3,4,1.333333333
Karnataka,GADAG,2001,Rabi,Safflower,2800,2171,0.775357143
Karnataka,GADAG,2001,Rabi,Sunflower,42020,13877,0.330247501
Karnataka,GADAG,2001,Rabi,Wheat,34893,11223,0.321640444
Karnataka,GADAG,2001,Summer,Jowar,5,10,2
Karnataka,GADAG,2001,Summer,Maize,62,163,2.629032258
Karnataka,GADAG,2001,Summer,Rice,324,779,2.404320988
Karnataka,GADAG,2001,Summer,Sunflower,2447,1351,0.552104618
Karnataka,GADAG,2001,Whole Year,Coconut,391,1867,4.774936061
Karnataka,GADAG,2001,Whole Year,Coriander,147,15,0.102040816
Karnataka,GADAG,2001,Whole Year,Dry chillies,23815,9732,0.40865001
Karnataka,GADAG,2001,Whole Year,Onion,30560,114753,3.755006545
Karnataka,GADAG,2001,Whole Year,Sugarcane,535,43201,80.74953271
Karnataka,GADAG,2001,Whole Year,Turmeric,3,15,5
Karnataka,GADAG,2002,Kharif,Arhar/Tur,2480,549,0.221370968
Karnataka,GADAG,2002,Kharif,Bajra,1395,811,0.581362007
Karnataka,GADAG,2002,Kharif,Castor seed,58,54,0.931034483
Karnataka,GADAG,2002,Kharif,Cotton(lint),45540,20497,0.450087835
Karnataka,GADAG,2002,Kharif,Groundnut,59352,13519,0.227776655
Karnataka,GADAG,2002,Kharif,Horse-gram,389,152,0.390745501
Karnataka,GADAG,2002,Kharif,Jowar,9439,5929,0.628138574
Karnataka,GADAG,2002,Kharif,Maize,18515,26563,1.434674588
Karnataka,GADAG,2002,Kharif,Moong(Green Gram),65638,748,0.011395838
Karnataka,GADAG,2002,Kharif,Niger seed,780,188,0.241025641
Karnataka,GADAG,2002,Kharif,Other Kharif pulses,1297,363,0.279876638
Karnataka,GADAG,2002,Kharif,Ragi,50,24,0.48
Karnataka,GADAG,2002,Kharif,Rice,1233,2732,2.215733982
Karnataka,GADAG,2002,Kharif,Sesamum,2753,931,0.338176535
Karnataka,GADAG,2002,Kharif,Small millets,1065,552,0.518309859
Karnataka,GADAG,2002,Kharif,Sunflower,12572,3115,0.247772829
Karnataka,GADAG,2002,Kharif,Urad,1,0.1,0.1
Karnataka,GADAG,2002,Rabi,Gram,47859,7206,0.150567291
Karnataka,GADAG,2002,Rabi,Groundnut,4386,3379,0.770405837
Karnataka,GADAG,2002,Rabi,Horse-gram,1607,1021,0.635345364
Karnataka,GADAG,2002,Rabi,Jowar,78563,22012,0.280182783
Karnataka,GADAG,2002,Rabi,Linseed,1051,322,0.306374881
Karnataka,GADAG,2002,Rabi,Maize,1170,1625,1.388888889
Karnataka,GADAG,2002,Rabi,Other  Rabi pulses,375,51,0.136
Karnataka,GADAG,2002,Rabi,Rapeseed &Mustard,18,5,0.277777778
Karnataka,GADAG,2002,Rabi,Safflower,6832,2210,0.323477752
Karnataka,GADAG,2002,Rabi,Sunflower,49218,9728,0.197651266
Karnataka,GADAG,2002,Rabi,Wheat,36223,7680,0.212019987
Karnataka,GADAG,2002,Summer,Jowar,1,2,2
Karnataka,GADAG,2002,Summer,Maize,430,596,1.386046512
Karnataka,GADAG,2002,Summer,Rice,180,333,1.85
Karnataka,GADAG,2002,Summer,Sunflower,2200,1018,0.462727273
Karnataka,GADAG,2002,Whole Year,Banana,183,3133,17.12021858
Karnataka,GADAG,2002,Whole Year,Beans & Mutter(Vegetable),4,32,8
Karnataka,GADAG,2002,Whole Year,Brinjal,325,2228,6.855384615
Karnataka,GADAG,2002,Whole Year,Citrus Fruit,21,364,17.33333333
Karnataka,GADAG,2002,Whole Year,Coconut,419,2001,4.775656325
Karnataka,GADAG,2002,Whole Year,Coriander,148,15,0.101351351
Karnataka,GADAG,2002,Whole Year,Dry chillies,16756,6351,0.379028408
Karnataka,GADAG,2002,Whole Year,Garlic,74,43,0.581081081
Karnataka,GADAG,2002,Whole Year,Mango,255,938,3.678431373
Karnataka,GADAG,2002,Whole Year,Onion,28063,57276,2.040979225
Karnataka,GADAG,2002,Whole Year,Other Fresh Fruits,82,257,3.134146341
Karnataka,GADAG,2002,Whole Year,Papaya,6,16,2.666666667
Karnataka,GADAG,2002,Whole Year,Pome Fruit,68,416,6.117647059
Karnataka,GADAG,2002,Whole Year,Sugarcane,550,46502,84.54909091
Karnataka,GADAG,2002,Whole Year,Tobacco,72,52,0.722222222
Karnataka,GADAG,2002,Whole Year,Tomato,333,2367,7.108108108
Karnataka,GADAG,2003,Kharif,Arhar/Tur,1338,133,0.099402093
Karnataka,GADAG,2003,Kharif,Bajra,1498,693,0.462616822
Karnataka,GADAG,2003,Kharif,Castor seed,100,90,0.9
Karnataka,GADAG,2003,Kharif,Cotton(lint),37175,7485,0.20134499
Karnataka,GADAG,2003,Kharif,Groundnut,30107,3353,0.111369449
Karnataka,GADAG,2003,Kharif,Horse-gram,745,261,0.35033557
Karnataka,GADAG,2003,Kharif,Jowar,6841,4315,0.630755737
Karnataka,GADAG,2003,Kharif,Maize,7059,18614,2.63691741
Karnataka,GADAG,2003,Kharif,Moong(Green Gram),17257,148,0.00857623
Karnataka,GADAG,2003,Kharif,Niger seed,261,63,0.24137931
Karnataka,GADAG,2003,Kharif,Other Kharif pulses,312,87,0.278846154
Karnataka,GADAG,2003,Kharif,Ragi,52,57,1.096153846
Karnataka,GADAG,2003,Kharif,Rice,1244,2867,2.304662379
Karnataka,GADAG,2003,Kharif,Sesamum,1216,535,0.439967105
Karnataka,GADAG,2003,Kharif,Small millets,687,398,0.579330422
Karnataka,GADAG,2003,Kharif,Sunflower,8219,3847,0.468061808
Karnataka,GADAG,2003,Rabi,Gram,43264,4894,0.113119453
Karnataka,GADAG,2003,Rabi,Groundnut,5847,3844,0.657431161
Karnataka,GADAG,2003,Rabi,Horse-gram,1652,391,0.236682809
Karnataka,GADAG,2003,Rabi,Jowar,86741,7053,0.081311029
Karnataka,GADAG,2003,Rabi,Linseed,1014,78,0.076923077
Karnataka,GADAG,2003,Rabi,Maize,1215,2707,2.227983539
Karnataka,GADAG,2003,Rabi,Other  Rabi pulses,443,60,0.135440181
Karnataka,GADAG,2003,Rabi,Safflower,4425,1615,0.364971751
Karnataka,GADAG,2003,Rabi,Sunflower,89240,15591,0.174708651
Karnataka,GADAG,2003,Rabi,Wheat,37589,8208,0.218361755
Karnataka,GADAG,2003,Summer,Jowar,217,577,2.658986175
Karnataka,GADAG,2003,Summer,Maize,45,113,2.511111111
Karnataka,GADAG,2003,Summer,Rice,299,1079,3.608695652
Karnataka,GADAG,2003,Summer,Sunflower,1580,1205,0.762658228
Karnataka,GADAG,2003,Whole Year,Arecanut,2,3,1.5
Karnataka,GADAG,2003,Whole Year,Banana,269,3494,12.98884758
Karnataka,GADAG,2003,Whole Year,Brinjal,153,973,6.359477124
Karnataka,GADAG,2003,Whole Year,Citrus Fruit,30,474,15.8
Karnataka,GADAG,2003,Whole Year,Coconut,522,2492,4.77394636
Karnataka,GADAG,2003,Whole Year,Coriander,227,23,0.101321586
Karnataka,GADAG,2003,Whole Year,Dry chillies,4096,5515,1.346435547
Karnataka,GADAG,2003,Whole Year,Garlic,153,89,0.581699346
Karnataka,GADAG,2003,Whole Year,Grapes,21,615,29.28571429
Karnataka,GADAG,2003,Whole Year,Mango,108,368,3.407407407
Karnataka,GADAG,2003,Whole Year,Onion,12183,25249,2.072478043
Karnataka,GADAG,2003,Whole Year,Other Fresh Fruits,134,356,2.656716418
Karnataka,GADAG,2003,Whole Year,Pome Fruit,38,210,5.526315789
Karnataka,GADAG,2003,Whole Year,Sugarcane,92,6031,65.55434783
Karnataka,GADAG,2003,Whole Year,Tobacco,9,5,0.555555556
Karnataka,GADAG,2003,Whole Year,Tomato,257,1326,5.159533074
Karnataka,GADAG,2003,Whole Year,Turmeric,1,5,5
Karnataka,GADAG,2004,Kharif,Arhar/Tur,2784,1214,0.436063218
Karnataka,GADAG,2004,Kharif,Bajra,2015,1191,0.591066998
Karnataka,GADAG,2004,Kharif,Castor seed,102,88,0.862745098
Karnataka,GADAG,2004,Kharif,Cotton(lint),59863,42548,0.710756227
Karnataka,GADAG,2004,Kharif,Dry ginger,6,79,13.16666667
Karnataka,GADAG,2004,Kharif,Groundnut,51811,23240,0.448553396
Karnataka,GADAG,2004,Kharif,Horse-gram,550,286,0.52
Karnataka,GADAG,2004,Kharif,Jowar,14512,15718,1.083103638
Karnataka,GADAG,2004,Kharif,Maize,21321,95130,4.461798227
Karnataka,GADAG,2004,Kharif,Moong(Green Gram),104570,18676,0.178598068
Karnataka,GADAG,2004,Kharif,Niger seed,632,152,0.240506329
Karnataka,GADAG,2004,Kharif,Other Kharif pulses,1233,345.24,0.28
Karnataka,GADAG,2004,Kharif,Ragi,101,111,1.099009901
Karnataka,GADAG,2004,Kharif,Rice,679,1399.76,2.061502209
Karnataka,GADAG,2004,Kharif,Sesamum,2960,1814,0.612837838
Karnataka,GADAG,2004,Kharif,Small millets,917,449,0.489640131
Karnataka,GADAG,2004,Kharif,Soyabean,76,48,0.631578947
Karnataka,GADAG,2004,Kharif,Sunflower,18049,8617,0.477422572
Karnataka,GADAG,2004,Kharif,Urad,19,2,0.105263158
Karnataka,GADAG,2004,Rabi,Gram,38988,24736,0.634451626
Karnataka,GADAG,2004,Rabi,Groundnut,6035,5607,0.929080365
Karnataka,GADAG,2004,Rabi,Horse-gram,1647,585,0.355191257
Karnataka,GADAG,2004,Rabi,Jowar,79138,46913,0.592799919
Karnataka,GADAG,2004,Rabi,Linseed,1329,322,0.242287434
Karnataka,GADAG,2004,Rabi,Maize,1260,3837,3.045238095
Karnataka,GADAG,2004,Rabi,Other  Rabi pulses,481,65,0.135135135
Karnataka,GADAG,2004,Rabi,Rapeseed &Mustard,16,4,0.25
Karnataka,GADAG,2004,Rabi,Safflower,5142,2926,0.569039284
Karnataka,GADAG,2004,Rabi,Sunflower,64375,28261,0.439005825
Karnataka,GADAG,2004,Rabi,Wheat,36348,24519,0.674562562
Karnataka,GADAG,2004,Summer,Jowar,9,7,0.777777778
Karnataka,GADAG,2004,Summer,Maize,40,122,3.05
Karnataka,GADAG,2004,Summer,Rice,664,2683,4.040662651
Karnataka,GADAG,2004,Summer,Sunflower,1682,1707,1.014863258
Karnataka,GADAG,2004,Whole Year,Arecanut,3,4,1.333333333
Karnataka,GADAG,2004,Whole Year,Banana,254,3188,12.5511811
Karnataka,GADAG,2004,Whole Year,Coconut,622,29999.06,48.23
Karnataka,GADAG,2004,Whole Year,Coriander,387,40,0.103359173
Karnataka,GADAG,2004,Whole Year,Dry chillies,17068,12812,0.750644481
Karnataka,GADAG,2004,Whole Year,Garlic,256,149,0.58203125
Karnataka,GADAG,2004,Whole Year,Onion,30434,190133,6.24738779
Karnataka,GADAG,2004,Whole Year,Tobacco,52,38,0.730769231
Karnataka,GADAG,2005,Kharif,Arhar/Tur,3224,1164,0.361042184
Karnataka,GADAG,2005,Kharif,Bajra,2482,2204,0.887993554
Karnataka,GADAG,2005,Kharif,Castor seed,292,304,1.04109589
Karnataka,GADAG,2005,Kharif,Dry chillies,16520,11085,0.671004843
Karnataka,GADAG,2005,Kharif,Groundnut,59902,17888,0.298621081
Karnataka,GADAG,2005,Kharif,Horse-gram,653,386,0.591117917
Karnataka,GADAG,2005,Kharif,Jowar,12277,20141,1.640547365
Karnataka,GADAG,2005,Kharif,Maize,34713,132951,3.83000605
Karnataka,GADAG,2005,Kharif,Moong(Green Gram),96143,24935,0.259353255
Karnataka,GADAG,2005,Kharif,Niger seed,1080,260,0.240740741
Karnataka,GADAG,2005,Kharif,Onion,31782,143024,4.500157322
Karnataka,GADAG,2005,Kharif,Other Kharif pulses,1475,415,0.281355932
Karnataka,GADAG,2005,Kharif,Ragi,72,88,1.222222222
Karnataka,GADAG,2005,Kharif,Rice,1847,8212,4.446128858
Karnataka,GADAG,2005,Kharif,Sesamum,1953,1432,0.733230927
Karnataka,GADAG,2005,Kharif,Small millets,581,216,0.371772806
Karnataka,GADAG,2005,Kharif,Soyabean,75,42,0.56
Karnataka,GADAG,2005,Kharif,Sunflower,20245,8271,0.40854532
Karnataka,GADAG,2005,Kharif,Urad,15,3,0.2
Karnataka,GADAG,2005,Rabi,Dry chillies,33,54,1.636363636
Karnataka,GADAG,2005,Rabi,Gram,29319,15558,0.530645656
Karnataka,GADAG,2005,Rabi,Groundnut,7244,5664,0.781888459
Karnataka,GADAG,2005,Rabi,Horse-gram,1574,644,0.409148666
Karnataka,GADAG,2005,Rabi,Jowar,63572,38928,0.612345058
Karnataka,GADAG,2005,Rabi,Linseed,1012,418,0.413043478
Karnataka,GADAG,2005,Rabi,Maize,1190,6301,5.294957983
Karnataka,GADAG,2005,Rabi,Onion,266,2757,10.36466165
Karnataka,GADAG,2005,Rabi,Other  Rabi pulses,423,57,0.134751773
Karnataka,GADAG,2005,Rabi,Peas & beans (Pulses),1,7,7
Karnataka,GADAG,2005,Rabi,Rapeseed &Mustard,295,78,0.26440678
Karnataka,GADAG,2005,Rabi,Safflower,3791,2846,0.750725402
Karnataka,GADAG,2005,Rabi,Sunflower,73737,41473,0.562444906
Karnataka,GADAG,2005,Rabi,Wheat,35992,31253,0.868331852
Karnataka,GADAG,2005,Summer,Dry chillies,71,187,2.633802817
Karnataka,GADAG,2005,Summer,Jowar,3,5,1.666666667
Karnataka,GADAG,2005,Summer,Maize,17,81,4.764705882
Karnataka,GADAG,2005,Summer,Onion,203,3326,16.38423645
Karnataka,GADAG,2005,Summer,Rice,1087,4402,4.049678013
Karnataka,GADAG,2005,Summer,Sunflower,1970,1881,0.954822335
Karnataka,GADAG,2005,Whole Year,Arecanut,3,19,6.333333333
Karnataka,GADAG,2005,Whole Year,Banana,99,1176,11.87878788
Karnataka,GADAG,2005,Whole Year,Coconut,579,2765,4.775474957
Karnataka,GADAG,2005,Whole Year,Coriander,253,26,0.102766798
Karnataka,GADAG,2005,Whole Year,Cotton(lint),55846,44817,0.802510475
Karnataka,GADAG,2005,Whole Year,Garlic,147,85,0.578231293
Karnataka,GADAG,2005,Whole Year,Sannhamp,21,5,0.238095238
Karnataka,GADAG,2005,Whole Year,Sugarcane,38,3357,88.34210526
Karnataka,GADAG,2005,Whole Year,Tobacco,18,11,0.611111111
Karnataka,GADAG,2005,Whole Year,Turmeric,1,5,5
Karnataka,GADAG,2006,Kharif,Arhar/Tur,2188,478,0.218464351
Karnataka,GADAG,2006,Kharif,Bajra,2004,890,0.444111776
Karnataka,GADAG,2006,Kharif,Castor seed,83,66,0.795180723
Karnataka,GADAG,2006,Kharif,Gram,60,8,0.133333333
Karnataka,GADAG,2006,Kharif,Groundnut,50797,12708,0.250172254
Karnataka,GADAG,2006,Kharif,Horse-gram,215,55,0.255813953
Karnataka,GADAG,2006,Kharif,Jowar,10357,6858,0.662160857
Karnataka,GADAG,2006,Kharif,Maize,27557,97206,3.52745219
Karnataka,GADAG,2006,Kharif,Moong(Green Gram),98110,11744,0.119702375
Karnataka,GADAG,2006,Kharif,Niger seed,672,162,0.241071429
Karnataka,GADAG,2006,Kharif,Other Kharif pulses,1087,571,0.525298988
Karnataka,GADAG,2006,Kharif,Ragi,57,51,0.894736842
Karnataka,GADAG,2006,Kharif,Rapeseed &Mustard,259,68,0.262548263
Karnataka,GADAG,2006,Kharif,Rice,1495,4122,2.757190635
Karnataka,GADAG,2006,Kharif,Sesamum,841,329,0.391200951
Karnataka,GADAG,2006,Kharif,Small millets,551,179,0.324863884
Karnataka,GADAG,2006,Kharif,Soyabean,120,89,0.741666667
Karnataka,GADAG,2006,Kharif,Sunflower,13455,2959,0.219918246
Karnataka,GADAG,2006,Kharif,Urad,60,8,0.133333333
Karnataka,GADAG,2006,Rabi,Gram,48676,13041,0.267914373
Karnataka,GADAG,2006,Rabi,Groundnut,5048,3765,0.745839937
Karnataka,GADAG,2006,Rabi,Horse-gram,1079,283,0.262279889
Karnataka,GADAG,2006,Rabi,Jowar,55872,19134,0.34246134
Karnataka,GADAG,2006,Rabi,Linseed,781,242,0.309859155
Karnataka,GADAG,2006,Rabi,Maize,615,1364,2.217886179
Karnataka,GADAG,2006,Rabi,Other  Rabi pulses,580,138,0.237931034
Karnataka,GADAG,2006,Rabi,Safflower,5873,2682,0.456666099
Karnataka,GADAG,2006,Rabi,Sunflower,81177,18235,0.224632593
Karnataka,GADAG,2006,Rabi,Wheat,37586,21114,0.561751716
Karnataka,GADAG,2006,Summer,Jowar,43,47,1.093023256
Karnataka,GADAG,2006,Summer,Maize,39,125,3.205128205
Karnataka,GADAG,2006,Summer,Rice,883,1359,1.539071348
Karnataka,GADAG,2006,Summer,Sunflower,2030,1232,0.606896552
Karnataka,GADAG,2006,Whole Year,Arecanut,3,4,1.333333333
Karnataka,GADAG,2006,Whole Year,Banana,93,1857,19.96774194
Karnataka,GADAG,2006,Whole Year,Coconut,592,2827,4.775337838
Karnataka,GADAG,2006,Whole Year,Coriander,205,21,0.102439024
Karnataka,GADAG,2006,Whole Year,Cotton(lint),37817,17854,0.472115715
Karnataka,GADAG,2006,Whole Year,Dry chillies,18798,5526,0.293967443
Karnataka,GADAG,2006,Whole Year,Garlic,385,223,0.579220779
Karnataka,GADAG,2006,Whole Year,Onion,34577,182711,5.284177343
Karnataka,GADAG,2006,Whole Year,Sannhamp,17,4,0.235294118
Karnataka,GADAG,2006,Whole Year,Sugarcane,87,7604,87.40229885
Karnataka,GADAG,2006,Whole Year,Sweet potato,3,25,8.333333333
Karnataka,GADAG,2006,Whole Year,Tobacco,18,8,0.444444444
Karnataka,GADAG,2007,Kharif,Arhar/Tur,3051,1220,0.399868895
Karnataka,GADAG,2007,Kharif,Bajra,1950,3198,1.64
Karnataka,GADAG,2007,Kharif,Castor seed,280,188,0.671428571
Karnataka,GADAG,2007,Kharif,Dry chillies,18075,11213,0.620359613
Karnataka,GADAG,2007,Kharif,Groundnut,48617,25987,0.53452496
Karnataka,GADAG,2007,Kharif,Horse-gram,626,251,0.400958466
Karnataka,GADAG,2007,Kharif,Jowar,11446,17698,1.546217019
Karnataka,GADAG,2007,Kharif,Maize,41095,143408,3.489670276
Karnataka,GADAG,2007,Kharif,Moong(Green Gram),99290,16130,0.162453419
Karnataka,GADAG,2007,Kharif,Niger seed,1026,305,0.297270955
Karnataka,GADAG,2007,Kharif,Onion,40648,188444,4.635996851
Karnataka,GADAG,2007,Kharif,Other Kharif pulses,1235,654,0.529554656
Karnataka,GADAG,2007,Kharif,Ragi,27,38,1.407407407
Karnataka,GADAG,2007,Kharif,Rapeseed &Mustard,179,65,0.363128492
Karnataka,GADAG,2007,Kharif,Rice,1473,3705,2.515274949
Karnataka,GADAG,2007,Kharif,Sesamum,1054,384,0.364326376
Karnataka,GADAG,2007,Kharif,Small millets,364,120,0.32967033
Karnataka,GADAG,2007,Kharif,Soyabean,41,33,0.804878049
Karnataka,GADAG,2007,Kharif,Sunflower,13059,4236,0.324373995
Karnataka,GADAG,2007,Kharif,Urad,125,54,0.432
Karnataka,GADAG,2007,Rabi,Dry chillies,4,7,1.75
Karnataka,GADAG,2007,Rabi,Gram,43512,19829,0.455713366
Karnataka,GADAG,2007,Rabi,Groundnut,5985,3957,0.661152882
Karnataka,GADAG,2007,Rabi,Horse-gram,1098,586,0.533697632
Karnataka,GADAG,2007,Rabi,Jowar,62798,58093,0.925077232
Karnataka,GADAG,2007,Rabi,Linseed,758,421,0.555408971
Karnataka,GADAG,2007,Rabi,Maize,1311,1167,0.890160183
Karnataka,GADAG,2007,Rabi,Onion,168,1415,8.422619048
Karnataka,GADAG,2007,Rabi,Other  Rabi pulses,398,136,0.341708543
Karnataka,GADAG,2007,Rabi,Safflower,3209,3411,1.062947959
Karnataka,GADAG,2007,Rabi,Sunflower,62385,26214,0.420197163
Karnataka,GADAG,2007,Rabi,Wheat,37370,30516,0.816590848
Karnataka,GADAG,2007,Summer,Dry chillies,53,179,3.377358491
Karnataka,GADAG,2007,Summer,Jowar,15,29,1.933333333
Karnataka,GADAG,2007,Summer,Maize,17,55,3.235294118
Karnataka,GADAG,2007,Summer,Onion,141,1191,8.446808511
Karnataka,GADAG,2007,Summer,Rice,517,1223,2.3655706
Karnataka,GADAG,2007,Summer,Sunflower,1344,1233,0.917410714
Karnataka,GADAG,2007,Whole Year,Arecanut,3,19,6.333333333
Karnataka,GADAG,2007,Whole Year,Banana,163,2883,17.68711656
Karnataka,GADAG,2007,Whole Year,Coconut,612,3116,5.091503268
Karnataka,GADAG,2007,Whole Year,Coriander,213,74,0.34741784
Karnataka,GADAG,2007,Whole Year,Cotton(lint),49518,76528,1.545458217
Karnataka,GADAG,2007,Whole Year,Garlic,137,142,1.03649635
Karnataka,GADAG,2007,Whole Year,Sugarcane,101,8540,84.55445545
Karnataka,GADAG,2007,Whole Year,Sweet potato,2,17,8.5
Karnataka,GADAG,2008,Kharif,Arhar/Tur,1365,407,0.298168498
Karnataka,GADAG,2008,Kharif,Bajra,1621,930,0.573719926
Karnataka,GADAG,2008,Kharif,Castor seed,32,30,0.9375
Karnataka,GADAG,2008,Kharif,Dry chillies,8527,4731,0.554825847
Karnataka,GADAG,2008,Kharif,Groundnut,43935,15515,0.353135314
Karnataka,GADAG,2008,Kharif,Horse-gram,154,91,0.590909091
Karnataka,GADAG,2008,Kharif,Jowar,5330,5555,1.042213884
Karnataka,GADAG,2008,Kharif,Maize,25630,61952,2.417167382
Karnataka,GADAG,2008,Kharif,Moong(Green Gram),50567,2930,0.057942927
Karnataka,GADAG,2008,Kharif,Niger seed,495,166,0.335353535
Karnataka,GADAG,2008,Kharif,Onion,32691,173171,5.297207182
Karnataka,GADAG,2008,Kharif,Other Kharif pulses,557,374,0.671454219
Karnataka,GADAG,2008,Kharif,Ragi,10,6,0.6
Karnataka,GADAG,2008,Kharif,Rice,1100,1755.6,1.596
Karnataka,GADAG,2008,Kharif,Sesamum,586,205,0.349829352
Karnataka,GADAG,2008,Kharif,Soyabean,6,4,0.666666667
Karnataka,GADAG,2008,Kharif,Sunflower,15710,5203,0.331190325
Karnataka,GADAG,2008,Kharif,Urad,25,7,0.28
Karnataka,GADAG,2008,Rabi,Dry chillies,10,17,1.7
Karnataka,GADAG,2008,Rabi,Gram,44735,18701,0.418039566
Karnataka,GADAG,2008,Rabi,Groundnut,5850,4407,0.753333333
Karnataka,GADAG,2008,Rabi,Horse-gram,1235,422,0.341700405
Karnataka,GADAG,2008,Rabi,Jowar,65046,62606,0.962488085
Karnataka,GADAG,2008,Rabi,Linseed,822,472,0.574209246
Karnataka,GADAG,2008,Rabi,Maize,2607,6013,2.306482547
Karnataka,GADAG,2008,Rabi,Onion,242,1616,6.67768595
Karnataka,GADAG,2008,Rabi,Other  Rabi pulses,341,85,0.249266862
Karnataka,GADAG,2008,Rabi,Rapeseed &Mustard,161,65,0.403726708
Karnataka,GADAG,2008,Rabi,Safflower,4391,4292,0.977453883
Karnataka,GADAG,2008,Rabi,Sunflower,61430,22364,0.36405665
Karnataka,GADAG,2008,Rabi,Wheat,33917,22306,0.657664298
Karnataka,GADAG,2008,Summer,Dry chillies,73,239,3.273972603
Karnataka,GADAG,2008,Summer,Jowar,19,43,2.263157895
Karnataka,GADAG,2008,Summer,Maize,46,145,3.152173913
Karnataka,GADAG,2008,Summer,Onion,99,540,5.454545455
Karnataka,GADAG,2008,Summer,Rice,805,906,1.125465839
Karnataka,GADAG,2008,Summer,Sunflower,1570,1108,0.705732484
Karnataka,GADAG,2008,Whole Year,Arecanut,3,19,6.333333333
Karnataka,GADAG,2008,Whole Year,Banana,211,3666,17.37440758
Karnataka,GADAG,2008,Whole Year,Coconut,638,3187,4.995297806
Karnataka,GADAG,2008,Whole Year,Coriander,82,44,0.536585366
Karnataka,GADAG,2008,Whole Year,Cotton(lint),41834,95198,2.275613138
Karnataka,GADAG,2008,Whole Year,Garlic,46,101,2.195652174
Karnataka,GADAG,2008,Whole Year,Sugarcane,178,15388,86.4494382
Karnataka,GADAG,2008,Whole Year,Tobacco,1,1,1
Karnataka,GADAG,2009,Kharif,Arhar/Tur,2939,782,0.266076897
Karnataka,GADAG,2009,Kharif,Bajra,1804,913,0.506097561
Karnataka,GADAG,2009,Kharif,Castor seed,62,40,0.64516129
Karnataka,GADAG,2009,Kharif,Gram,488,116,0.237704918
Karnataka,GADAG,2009,Kharif,Groundnut,59038,17502,0.296453132
Karnataka,GADAG,2009,Kharif,Horse-gram,488,116,0.237704918
Karnataka,GADAG,2009,Kharif,Jowar,10340,7411,0.716731141
Karnataka,GADAG,2009,Kharif,Maize,44090,87217,1.978158313
Karnataka,GADAG,2009,Kharif,Moong(Green Gram),75273,13944,0.185245706
Karnataka,GADAG,2009,Kharif,Niger seed,1043,435,0.417066155
Karnataka,GADAG,2009,Kharif,Onion,47235,153601,3.251847147
Karnataka,GADAG,2009,Kharif,Other Kharif pulses,1818,828,0.455445545
Karnataka,GADAG,2009,Kharif,Ragi,11,12,1.090909091
Karnataka,GADAG,2009,Kharif,Rice,928,819.89,0.883502155
Karnataka,GADAG,2009,Kharif,Sesamum,1698,358,0.210836278
Karnataka,GADAG,2009,Kharif,Small millets,279,110,0.394265233
Karnataka,GADAG,2009,Kharif,Soyabean,4,2,0.5
Karnataka,GADAG,2009,Kharif,Sunflower,9659,2575,0.266590744
Karnataka,GADAG,2009,Kharif,Urad,80,7,0.0875
Karnataka,GADAG,2009,Rabi,Dry chillies,22,66,3
Karnataka,GADAG,2009,Rabi,Gram,1604,911,0.567955112
Karnataka,GADAG,2009,Rabi,Groundnut,9446,7394,0.782765192
Karnataka,GADAG,2009,Rabi,Horse-gram,1604,911,0.567955112
Karnataka,GADAG,2009,Rabi,Jowar,59056,39711,0.672429558
Karnataka,GADAG,2009,Rabi,Linseed,510,312,0.611764706
Karnataka,GADAG,2009,Rabi,Maize,4120,3801,0.922572816
Karnataka,GADAG,2009,Rabi,Onion,433,2565,5.923787529
Karnataka,GADAG,2009,Rabi,Other  Rabi pulses,695,192,0.276258993
Karnataka,GADAG,2009,Rabi,Rapeseed &Mustard,158,66,0.417721519
Karnataka,GADAG,2009,Rabi,Safflower,4020,3762,0.935820896
Karnataka,GADAG,2009,Rabi,Sunflower,43814,11059,0.252407906
Karnataka,GADAG,2009,Rabi,Wheat,31810,15550,0.488839987
Karnataka,GADAG,2009,Summer,Dry chillies,16,74,4.625
Karnataka,GADAG,2009,Summer,Jowar,12,18,1.5
Karnataka,GADAG,2009,Summer,Maize,82,224,2.731707317
Karnataka,GADAG,2009,Summer,Onion,140,1069,7.635714286
Karnataka,GADAG,2009,Summer,Rice,1084,2899,2.674354244
Karnataka,GADAG,2009,Summer,Sunflower,1803,1238,0.686633389
Karnataka,GADAG,2009,Whole Year,Arecanut,3,19,6.333333333
Karnataka,GADAG,2009,Whole Year,Banana,206,4569,22.17961165
Karnataka,GADAG,2009,Whole Year,Coconut,664,4721,7.109939759
Karnataka,GADAG,2009,Whole Year,Coriander,113,55,0.486725664
Karnataka,GADAG,2009,Whole Year,Cotton(lint),62015,82054,1.3231315
Karnataka,GADAG,2009,Whole Year,Garlic,56,79,1.410714286
Karnataka,GADAG,2009,Whole Year,Sugarcane,107,10267,95.95327103
Karnataka,GADAG,2009,Whole Year,Tobacco,62,48,0.774193548
Karnataka,GADAG,2010,Kharif,Arhar/Tur,2783,1142,0.410348545
Karnataka,GADAG,2010,Kharif,Bajra,2799,1781,0.636298678
Karnataka,GADAG,2010,Kharif,Castor seed,68,57,0.838235294
Karnataka,GADAG,2010,Kharif,Cotton(lint),24843,57340,2.308094836
Karnataka,GADAG,2010,Kharif,Cowpea(Lobia),995,207,0.208040201
Karnataka,GADAG,2010,Kharif,Dry chillies,17224,15299,0.888237343
Karnataka,GADAG,2010,Kharif,Groundnut,55460,40430,0.728993869
Karnataka,GADAG,2010,Kharif,Horse-gram,547,347,0.634369287
Karnataka,GADAG,2010,Kharif,Jowar,6916,9578,1.384904569
Karnataka,GADAG,2010,Kharif,Maize,49417,135931,2.750693081
Karnataka,GADAG,2010,Kharif,Moong(Green Gram),70316,15765,0.224202173
Karnataka,GADAG,2010,Kharif,Niger seed,858,354,0.412587413
Karnataka,GADAG,2010,Kharif,Onion,43374,244224,5.630654309
Karnataka,GADAG,2010,Kharif,Other Kharif pulses,292,128,0.438356164
Karnataka,GADAG,2010,Kharif,Rice,865,1914,2.212716763
Karnataka,GADAG,2010,Kharif,Sesamum,679,517,0.761413844
Karnataka,GADAG,2010,Kharif,Small millets,230,111,0.482608696
Karnataka,GADAG,2010,Kharif,Sunflower,11932,4895,0.410241368
Karnataka,GADAG,2010,Kharif,Urad,75,27,0.36
Karnataka,GADAG,2010,Rabi,Cotton(lint),48527,54557,1.124260721
Karnataka,GADAG,2010,Rabi,Cowpea(Lobia),617,163,0.264181524
Karnataka,GADAG,2010,Rabi,Gram,74980,34479,0.459842625
Karnataka,GADAG,2010,Rabi,Groundnut,10826,10141,0.936726399
Karnataka,GADAG,2010,Rabi,Horse-gram,2182,846,0.38771769
Karnataka,GADAG,2010,Rabi,Jowar,55180,38245,0.693095324
Karnataka,GADAG,2010,Rabi,Linseed,650,173,0.266153846
Karnataka,GADAG,2010,Rabi,Maize,1225,3803,3.104489796
Karnataka,GADAG,2010,Rabi,Onion,416,2849,6.848557692
Karnataka,GADAG,2010,Rabi,Rapeseed &Mustard,96,32,0.333333333
Karnataka,GADAG,2010,Rabi,Safflower,1714,1330,0.77596266
Karnataka,GADAG,2010,Rabi,Sunflower,26734,12839,0.480249869
Karnataka,GADAG,2010,Rabi,Wheat,29193,21580,0.739218306
Karnataka,GADAG,2010,Summer,Dry chillies,16,49,3.0625
Karnataka,GADAG,2010,Summer,Maize,41,139,3.390243902
Karnataka,GADAG,2010,Summer,Onion,132,1404,10.63636364
Karnataka,GADAG,2010,Summer,Rice,1480,4682,3.163513514
Karnataka,GADAG,2010,Summer,Sunflower,1007,974,0.967229394
Karnataka,GADAG,2010,Whole Year,Arecanut,3,32,10.66666667
Karnataka,GADAG,2010,Whole Year,Banana,247,5801,23.48582996
Karnataka,GADAG,2010,Whole Year,Coconut,696,6653,9.558908046
Karnataka,GADAG,2010,Whole Year,Coriander,64,24,0.375
Karnataka,GADAG,2010,Whole Year,Garlic,138,88,0.637681159
Karnataka,GADAG,2010,Whole Year,Sugarcane,852,82559,96.90023474
Karnataka,GADAG,2010,Whole Year,Tobacco,79,86,1.088607595
Karnataka,GADAG,2011,Kharif,Arhar/Tur,2749,854,0.310658421
Karnataka,GADAG,2011,Kharif,Bajra,2159,1240,0.574339972
Karnataka,GADAG,2011,Kharif,Castor seed,7,6,0.857142857
Karnataka,GADAG,2011,Kharif,Cotton(lint),24721,43291,1.751183205
Karnataka,GADAG,2011,Kharif,Cowpea(Lobia),988,174,0.17611336
Karnataka,GADAG,2011,Kharif,Dry chillies,14934,6696,0.44837284
Karnataka,GADAG,2011,Kharif,Groundnut,42233,30300,0.717448441
Karnataka,GADAG,2011,Kharif,Horse-gram,232,114,0.49137931
Karnataka,GADAG,2011,Kharif,Jowar,7036,10680,1.517907902
Karnataka,GADAG,2011,Kharif,Maize,62334,131926,2.116437257
Karnataka,GADAG,2011,Kharif,Moong(Green Gram),54831,13491,0.246046944
Karnataka,GADAG,2011,Kharif,Niger seed,915,362,0.395628415
Karnataka,GADAG,2011,Kharif,Onion,34982,121533,3.474158138
Karnataka,GADAG,2011,Kharif,Other Kharif pulses,193,47,0.243523316
Karnataka,GADAG,2011,Kharif,Ragi,11,12,1.090909091
Karnataka,GADAG,2011,Kharif,Rice,1063,2933,2.759172154
Karnataka,GADAG,2011,Kharif,Sesamum,697,336,0.482065997
Karnataka,GADAG,2011,Kharif,Small millets,212,73,0.344339623
Karnataka,GADAG,2011,Kharif,Sunflower,10785,3987,0.369680111
Karnataka,GADAG,2011,Kharif,Urad,32,12,0.375
Karnataka,GADAG,2011,Rabi,Cotton(lint),34985,16915,0.483492926
Karnataka,GADAG,2011,Rabi,Cowpea(Lobia),348,205,0.58908046
Karnataka,GADAG,2011,Rabi,Dry chillies,20,47,2.35
Karnataka,GADAG,2011,Rabi,Gram,67604,13557,0.200535471
Karnataka,GADAG,2011,Rabi,Groundnut,8294,8194,0.987943091
Karnataka,GADAG,2011,Rabi,Horse-gram,1378,301,0.218432511
Karnataka,GADAG,2011,Rabi,Jowar,46319,22357,0.482674496
Karnataka,GADAG,2011,Rabi,Linseed,440,143,0.325
Karnataka,GADAG,2011,Rabi,Maize,1450,2769,1.909655172
Karnataka,GADAG,2011,Rabi,Onion,287,2284,7.958188153
Karnataka,GADAG,2011,Rabi,Rapeseed &Mustard,29,8,0.275862069
Karnataka,GADAG,2011,Rabi,Safflower,1852,1001,0.54049676
Karnataka,GADAG,2011,Rabi,Sunflower,26639,9326,0.350088217
Karnataka,GADAG,2011,Rabi,Wheat,32351,10646,0.329077926
Karnataka,GADAG,2011,Summer,Dry chillies,56,196,3.5
Karnataka,GADAG,2011,Summer,Jowar,190,348,1.831578947
Karnataka,GADAG,2011,Summer,Maize,76,259,3.407894737
Karnataka,GADAG,2011,Summer,Onion,119,733,6.159663866
Karnataka,GADAG,2011,Summer,Rice,644,1474,2.288819876
Karnataka,GADAG,2011,Summer,Sunflower,570,506,0.887719298
Karnataka,GADAG,2011,Whole Year,Banana,456,11394,24.98684211
Karnataka,GADAG,2011,Whole Year,Coconut,461,4583,9.94143167
Karnataka,GADAG,2011,Whole Year,Coriander,234,95,0.405982906
Karnataka,GADAG,2011,Whole Year,Garlic,178,123,0.691011236
Karnataka,GADAG,2011,Whole Year,Sugarcane,4305,392616,91.2
Karnataka,GADAG,2011,Whole Year,Turmeric,2,10,5
Karnataka,GADAG,2012,Kharif,Arhar/Tur,1737,391,0.225100748
Karnataka,GADAG,2012,Kharif,Bajra,2964,2312,0.780026991
Karnataka,GADAG,2012,Kharif,Cotton(lint),12863,20413,1.586954832
Karnataka,GADAG,2012,Kharif,Cowpea(Lobia),249,64,0.257028112
Karnataka,GADAG,2012,Kharif,Dry chillies,3630,2473,0.681267218
Karnataka,GADAG,2012,Kharif,Groundnut,19090,12822,0.671660555
Karnataka,GADAG,2012,Kharif,Horse-gram,154,37,0.24025974
Karnataka,GADAG,2012,Kharif,Jowar,5907,6352,1.075334349
Karnataka,GADAG,2012,Kharif,Maize,36458,74362,2.039662077
Karnataka,GADAG,2012,Kharif,Moong(Green Gram),17799,643,0.036125625
Karnataka,GADAG,2012,Kharif,Niger seed,208,82,0.394230769
Karnataka,GADAG,2012,Kharif,Onion,8834,26444,2.993434458
Karnataka,GADAG,2012,Kharif,Other Kharif pulses,111,46,0.414414414
Karnataka,GADAG,2012,Kharif,Ragi,9,14,1.555555556
Karnataka,GADAG,2012,Kharif,Rapeseed &Mustard,3,1,0.333333333
Karnataka,GADAG,2012,Kharif,Rice,895,2125,2.374301676
Karnataka,GADAG,2012,Kharif,Sesamum,339,44,0.12979351
Karnataka,GADAG,2012,Kharif,Small millets,144,26,0.180555556
Karnataka,GADAG,2012,Kharif,Sunflower,27967,12381,0.442700325
Karnataka,GADAG,2012,Kharif,Urad,3,1,0.333333333
Karnataka,GADAG,2012,Rabi,Cotton(lint),20231,37420,1.849636696
Karnataka,GADAG,2012,Rabi,Dry chillies,19,52,2.736842105
Karnataka,GADAG,2012,Rabi,Gram,87687,32488,0.370499618
Karnataka,GADAG,2012,Rabi,Horse-gram,1125,472,0.419555556
Karnataka,GADAG,2012,Rabi,Jowar,82029,50653,0.617501128
Karnataka,GADAG,2012,Rabi,Linseed,392,80,0.204081633
Karnataka,GADAG,2012,Rabi,Maize,2081,4798,2.305622297
Karnataka,GADAG,2012,Rabi,Onion,614,4019,6.545602606
Karnataka,GADAG,2012,Rabi,Safflower,5193,3883,0.747737339
Karnataka,GADAG,2012,Rabi,Sunflower,35208,14884,0.422744831
Karnataka,GADAG,2012,Rabi,Wheat,31619,20516,0.648850375
Karnataka,GADAG,2012,Summer,Cowpea(Lobia),499,271,0.543086172
Karnataka,GADAG,2012,Summer,Dry chillies,11,31,2.818181818
Karnataka,GADAG,2012,Summer,Groundnut,9160,7519,0.820851528
Karnataka,GADAG,2012,Summer,Jowar,12,20,1.666666667
Karnataka,GADAG,2012,Summer,Maize,43,148,3.441860465
Karnataka,GADAG,2012,Summer,Onion,159,902,5.672955975
Karnataka,GADAG,2012,Summer,Rice,682,1651,2.420821114
Karnataka,GADAG,2012,Summer,Sunflower,787,552,0.701397713
Karnataka,GADAG,2012,Whole Year,Coconut,192,1890,9.84375
Karnataka,GADAG,2012,Whole Year,Coriander,20,8,0.4
Karnataka,GADAG,2012,Whole Year,Garlic,65,45,0.692307692
Karnataka,GADAG,2012,Whole Year,Sugarcane,1572,131419,83.59987277
Karnataka,GADAG,2012,Whole Year,Turmeric,2,9,4.5
Karnataka,GADAG,2013,Kharif,Arhar/Tur,1808,670,0.370575221
Karnataka,GADAG,2013,Kharif,Bajra,2771,2169,0.78274991
Karnataka,GADAG,2013,Kharif,Castor seed,23,21,0.913043478
Karnataka,GADAG,2013,Kharif,Cotton(lint),25670,100411,3.911608882
Karnataka,GADAG,2013,Kharif,Cowpea(Lobia),425,127,0.298823529
Karnataka,GADAG,2013,Kharif,Dry chillies,10626,17191,1.617824205
Karnataka,GADAG,2013,Kharif,Groundnut,37982,30959,0.815096625
Karnataka,GADAG,2013,Kharif,Horse-gram,326,102,0.312883436
Karnataka,GADAG,2013,Kharif,Jowar,6498,8593,1.322406894
Karnataka,GADAG,2013,Kharif,Maize,58627,135396,2.309447865
Karnataka,GADAG,2013,Kharif,Moong(Green Gram),68612,8408,0.122544161
Karnataka,GADAG,2013,Kharif,Niger seed,453,99,0.218543046
Karnataka,GADAG,2013,Kharif,Onion,27890,138386,4.961850125
Karnataka,GADAG,2013,Kharif,Other Kharif pulses,71,24,0.338028169
Karnataka,GADAG,2013,Kharif,Ragi,2,4,2
Karnataka,GADAG,2013,Kharif,Rapeseed &Mustard,54,15,0.277777778
Karnataka,GADAG,2013,Kharif,Rice,1362,3906,2.86784141
Karnataka,GADAG,2013,Kharif,Sesamum,373,148,0.396782842
Karnataka,GADAG,2013,Kharif,Small millets,153,23,0.150326797
Karnataka,GADAG,2013,Kharif,Sunflower,14166,7375,0.520612735
Karnataka,GADAG,2013,Kharif,Urad,15,7,0.466666667
Karnataka,GADAG,2013,Rabi,Cotton(lint),32535,59632,1.832856923
Karnataka,GADAG,2013,Rabi,Cowpea(Lobia),1,,
Karnataka,GADAG,2013,Rabi,Dry chillies,26,49,1.884615385
Karnataka,GADAG,2013,Rabi,Gram,84952,52781,0.621303795
Karnataka,GADAG,2013,Rabi,Horse-gram,1050,414,0.394285714
Karnataka,GADAG,2013,Rabi,Jowar,61130,46401,0.759054474
Karnataka,GADAG,2013,Rabi,Linseed,252,107,0.424603175
Karnataka,GADAG,2013,Rabi,Maize,2617,5609,2.143293848
Karnataka,GADAG,2013,Rabi,Onion,675,3492,5.173333333
Karnataka,GADAG,2013,Rabi,Safflower,3949,2547,0.644973411
Karnataka,GADAG,2013,Rabi,Sunflower,31613,18650,0.589947174
Karnataka,GADAG,2013,Rabi,Wheat,31896,27362,0.857850514
Karnataka,GADAG,2013,Summer,Cowpea(Lobia),442,171,0.386877828
Karnataka,GADAG,2013,Summer,Dry chillies,73,194,2.657534247
Karnataka,GADAG,2013,Summer,Groundnut,7050,6778,0.96141844
Karnataka,GADAG,2013,Summer,Jowar,3,5,1.666666667
Karnataka,GADAG,2013,Summer,Maize,25,81,3.24
Karnataka,GADAG,2013,Summer,Onion,137,1076,7.854014599
Karnataka,GADAG,2013,Summer,Rice,1565,4166,2.661980831
Karnataka,GADAG,2013,Summer,Sunflower,1919,1796,0.935904117
Karnataka,GADAG,2013,Whole Year,Coconut,286,2269,7.933566434
Karnataka,GADAG,2013,Whole Year,Coriander,20,6,0.3
Karnataka,GADAG,2013,Whole Year,Garlic,36,38,1.055555556
Karnataka,GADAG,2013,Whole Year,Sugarcane,964,89748,93.09958506
Karnataka,GADAG,2013,Whole Year,Tobacco,5,4,0.8
Karnataka,GADAG,2013,Whole Year,Turmeric,1,5,5
Karnataka,GADAG,2014,Kharif,Arhar/Tur,1540,726,0.471428571
Karnataka,GADAG,2014,Kharif,Bajra,2420,1421,0.587190083
Karnataka,GADAG,2014,Kharif,Castor seed,3,2,0.666666667
Karnataka,GADAG,2014,Kharif,Cotton(lint),64795,198055,3.056640173
Karnataka,GADAG,2014,Kharif,Cowpea(Lobia),332,106,0.319277108
Karnataka,GADAG,2014,Kharif,Dry chillies,14993,7649,0.510171413
Karnataka,GADAG,2014,Kharif,Groundnut,37259,29662,0.796102955
Karnataka,GADAG,2014,Kharif,Horse-gram,406,200,0.492610837
Karnataka,GADAG,2014,Kharif,Jowar,3985,6254,1.569385194
Karnataka,GADAG,2014,Kharif,Maize,53717,146664,2.730308841
Karnataka,GADAG,2014,Kharif,Moong(Green Gram),57368,10246,0.178601311
Karnataka,GADAG,2014,Kharif,Niger seed,319,84,0.263322884
Karnataka,GADAG,2014,Kharif,Onion,40943,155350,3.794299392
Karnataka,GADAG,2014,Kharif,Other Kharif pulses,79,22,0.278481013
Karnataka,GADAG,2014,Kharif,Ragi,10,18,1.8
Karnataka,GADAG,2014,Kharif,Rapeseed &Mustard,22,5,0.227272727
Karnataka,GADAG,2014,Kharif,Rice,1044,2594,2.48467433
Karnataka,GADAG,2014,Kharif,Sesamum,366,262,0.715846995
Karnataka,GADAG,2014,Kharif,Small millets,99,23,0.232323232
Karnataka,GADAG,2014,Kharif,Sunflower,7622,4330,0.568092364
Karnataka,GADAG,2014,Kharif,Urad,21,6,0.285714286
Karnataka,GADAG,2014,Rabi,Cotton(lint),33366,65817,1.972576875
Karnataka,GADAG,2014,Rabi,Cowpea(Lobia),5,2,0.4
Karnataka,GADAG,2014,Rabi,Dry chillies,15,28,1.866666667
Karnataka,GADAG,2014,Rabi,Gram,85005,54186,0.637444856
Karnataka,GADAG,2014,Rabi,Horse-gram,836,426,0.509569378
Karnataka,GADAG,2014,Rabi,Jowar,58982,55753,0.945254484
Karnataka,GADAG,2014,Rabi,Linseed,115,36,0.313043478
Karnataka,GADAG,2014,Rabi,Maize,1532,3030,1.977806789
Karnataka,GADAG,2014,Rabi,Onion,188,1100,5.85106383
Karnataka,GADAG,2014,Rabi,Other  Rabi pulses,2,2,1
Karnataka,GADAG,2014,Rabi,Safflower,2136,2045,0.957397004
Karnataka,GADAG,2014,Rabi,Sunflower,33608,17209,0.512050702
Karnataka,GADAG,2014,Rabi,Wheat,16757,18068,1.078235961
Karnataka,GADAG,2014,Summer,Cowpea(Lobia),701,211,0.300998573
Karnataka,GADAG,2014,Summer,Dry chillies,20,39,1.95
Karnataka,GADAG,2014,Summer,Groundnut,6174,6692,1.083900227
Karnataka,GADAG,2014,Summer,Maize,115,375,3.260869565
Karnataka,GADAG,2014,Summer,Onion,192,942,4.90625
Karnataka,GADAG,2014,Summer,Rice,999,3405,3.408408408
Karnataka,GADAG,2014,Summer,Sunflower,795,801,1.00754717
Karnataka,GADAG,2014,Whole Year,Arecanut,5,46,9.2
Karnataka,GADAG,2014,Whole Year,Coconut,184,1642,8.923913043
Karnataka,GADAG,2014,Whole Year,Coriander,41,14,0.341463415
Karnataka,GADAG,2014,Whole Year,Dry ginger,2,58,29
Karnataka,GADAG,2014,Whole Year,Garlic,112,123,1.098214286
Karnataka,GADAG,2014,Whole Year,Sugarcane,1870,197192,105.4502674
Karnataka,GADAG,2014,Whole Year,Tobacco,5,4,0.8
Karnataka,GADAG,2014,Whole Year,Turmeric,1,6,6
Karnataka,GULBARGA,1997,Kharif,Arhar/Tur,238994,60394,0.252700905
Karnataka,GULBARGA,1997,Kharif,Bajra,66832,39483,0.590779866
Karnataka,GULBARGA,1997,Kharif,Dry chillies,4199,3657,0.870921648
Karnataka,GULBARGA,1997,Kharif,Dry ginger,5,6,1.2
Karnataka,GULBARGA,1997,Kharif,Groundnut,66070,29837,0.451596791
Karnataka,GULBARGA,1997,Kharif,Horse-gram,2196,455,0.2071949
Karnataka,GULBARGA,1997,Kharif,Jowar,8780,6574,0.748747153
Karnataka,GULBARGA,1997,Kharif,Maize,1267,3407,2.689029203
Karnataka,GULBARGA,1997,Kharif,Paddy,6591,18259,2.770292824
Karnataka,GULBARGA,1997,Kharif,Ragi,76,99,1.302631579
Karnataka,GULBARGA,1997,Kharif,Rice,6591,12179,1.847822789
Karnataka,GULBARGA,1997,Rabi,Dry chillies,177,303,1.711864407
Karnataka,GULBARGA,1997,Rabi,Groundnut,49964,40662,0.813825955
Karnataka,GULBARGA,1997,Rabi,Horse-gram,4168,2110,0.506238004
Karnataka,GULBARGA,1997,Rabi,Jowar,357100,146121,0.409187903
Karnataka,GULBARGA,1997,Rabi,Maize,228,462,2.026315789
Karnataka,GULBARGA,1997,Rabi,Paddy,1846,5940,3.217768147
Karnataka,GULBARGA,1997,Rabi,Rice,1846,3963,2.1468039
Karnataka,GULBARGA,1997,Rabi,Wheat,19143,6226,0.325236379
Karnataka,GULBARGA,1997,Summer,Jowar,8,20,2.5
Karnataka,GULBARGA,1997,Summer,Maize,126,271,2.150793651
Karnataka,GULBARGA,1997,Summer,Paddy,636,2687,4.224842767
Karnataka,GULBARGA,1997,Summer,Rice,636,1792,2.817610063
Karnataka,GULBARGA,1997,Whole Year,Coriander,21,3,0.142857143
Karnataka,GULBARGA,1997,Whole Year,Garlic,17,51,3
Karnataka,GULBARGA,1997,Whole Year,Sugarcane,5032,411114,81.69992051
Karnataka,GULBARGA,1997,Whole Year,Turmeric,405,714,1.762962963
Karnataka,GULBARGA,1998,Kharif,Arhar/Tur,273391,124147,0.454100537
Karnataka,GULBARGA,1998,Kharif,Bajra,74628,47736,0.639652677
Karnataka,GULBARGA,1998,Kharif,Castor seed,34,29,0.852941176
Karnataka,GULBARGA,1998,Kharif,Cotton(lint),20113,38605,1.91940536
Karnataka,GULBARGA,1998,Kharif,Dry ginger,19,248,13.05263158
Karnataka,GULBARGA,1998,Kharif,Groundnut,59104,19989,0.33820046
Karnataka,GULBARGA,1998,Kharif,Horse-gram,2432,633,0.260279605
Karnataka,GULBARGA,1998,Kharif,Jowar,12192,7256,0.595144357
Karnataka,GULBARGA,1998,Kharif,Maize,1312,4287,3.267530488
Karnataka,GULBARGA,1998,Kharif,Moong(Green Gram),106199,25525,0.240350662
Karnataka,GULBARGA,1998,Kharif,Niger seed,2658,316,0.118886381
Karnataka,GULBARGA,1998,Kharif,Onion,1674,9415,5.624253286
Karnataka,GULBARGA,1998,Kharif,Ragi,5,4,0.8
Karnataka,GULBARGA,1998,Kharif,Rice,13228,17439,1.318339885
Karnataka,GULBARGA,1998,Kharif,Sesamum,37037,16220,0.437940438
Karnataka,GULBARGA,1998,Kharif,Soyabean,4,4,1
Karnataka,GULBARGA,1998,Kharif,Sunflower,103027,18031,0.175012375
Karnataka,GULBARGA,1998,Rabi,Gram,119488,62134,0.520002009
Karnataka,GULBARGA,1998,Rabi,Groundnut,58901,59987,1.018437718
Karnataka,GULBARGA,1998,Rabi,Horse-gram,2127,980,0.46074283
Karnataka,GULBARGA,1998,Rabi,Jowar,362341,226824,0.625995954
Karnataka,GULBARGA,1998,Rabi,Linseed,1616,292,0.180693069
Karnataka,GULBARGA,1998,Rabi,Maize,163,331,2.030674847
Karnataka,GULBARGA,1998,Rabi,Onion,1301,11174,8.588777863
Karnataka,GULBARGA,1998,Rabi,Potato,2,39,19.5
Karnataka,GULBARGA,1998,Rabi,Rice,4595,9858,2.145375408
Karnataka,GULBARGA,1998,Rabi,Safflower,24459,12365,0.505539883
Karnataka,GULBARGA,1998,Rabi,Sunflower,42388,10560,0.249127111
Karnataka,GULBARGA,1998,Rabi,Wheat,21882,10947,0.500274198
Karnataka,GULBARGA,1998,Summer,Jowar,1443,3827,2.652113652
Karnataka,GULBARGA,1998,Summer,Maize,546,1241,2.272893773
Karnataka,GULBARGA,1998,Summer,Onion,79,430,5.443037975
Karnataka,GULBARGA,1998,Summer,Rice,4379,14038,3.205754739
Karnataka,GULBARGA,1998,Summer,Sunflower,3743,2144,0.572802565
Karnataka,GULBARGA,1998,Whole Year,Coconut,748,3763,5.030748663
Karnataka,GULBARGA,1998,Whole Year,Coriander,46,7,0.152173913
Karnataka,GULBARGA,1998,Whole Year,Dry chillies,3070,4185,1.363192182
Karnataka,GULBARGA,1998,Whole Year,Garlic,22,66,3
Karnataka,GULBARGA,1998,Whole Year,Turmeric,404,1815,4.492574257
Karnataka,GULBARGA,1999,Kharif,Arhar/Tur,311666,181795,0.583300713
Karnataka,GULBARGA,1999,Kharif,Bajra,82670,59531,0.720104028
Karnataka,GULBARGA,1999,Kharif,Castor seed,82,63,0.768292683
Karnataka,GULBARGA,1999,Kharif,Cotton(lint),12085,18754,1.551841125
Karnataka,GULBARGA,1999,Kharif,Dry ginger,15,196,13.06666667
Karnataka,GULBARGA,1999,Kharif,Groundnut,54268,25474,0.469411071
Karnataka,GULBARGA,1999,Kharif,Horse-gram,2447,672,0.274621986
Karnataka,GULBARGA,1999,Kharif,Jowar,12472,17321,1.388790892
Karnataka,GULBARGA,1999,Kharif,Maize,1733,4271,2.464512406
Karnataka,GULBARGA,1999,Kharif,Mesta,1706,3156,1.849941383
Karnataka,GULBARGA,1999,Kharif,Moong(Green Gram),150151,60766,0.404699269
Karnataka,GULBARGA,1999,Kharif,Niger seed,2022,240,0.118694362
Karnataka,GULBARGA,1999,Kharif,Other Kharif pulses,2408,367,0.152408638
Karnataka,GULBARGA,1999,Kharif,Ragi,7,5,0.714285714
Karnataka,GULBARGA,1999,Kharif,Rice,10705,16115,1.505371322
Karnataka,GULBARGA,1999,Kharif,Sesamum,28540,10384,0.363840224
Karnataka,GULBARGA,1999,Kharif,Small millets,1769,914,0.516676088
Karnataka,GULBARGA,1999,Kharif,Soyabean,164,150,0.914634146
Karnataka,GULBARGA,1999,Kharif,Sunflower,20852,7055,0.33833685
Karnataka,GULBARGA,1999,Kharif,Urad,28059,16367,0.583306604
Karnataka,GULBARGA,1999,Rabi,Gram,101945,50003,0.49048997
Karnataka,GULBARGA,1999,Rabi,Groundnut,51697,53827,1.041201617
Karnataka,GULBARGA,1999,Rabi,Horse-gram,2173,526,0.242061666
Karnataka,GULBARGA,1999,Rabi,Jowar,420914,316937,0.752973291
Karnataka,GULBARGA,1999,Rabi,Linseed,1176,347,0.295068027
Karnataka,GULBARGA,1999,Rabi,Maize,183,448,2.448087432
Karnataka,GULBARGA,1999,Rabi,Other  Rabi pulses,114,13,0.114035088
Karnataka,GULBARGA,1999,Rabi,Rice,1847,3867,2.093665403
Karnataka,GULBARGA,1999,Rabi,Safflower,27271,19118,0.701037732
Karnataka,GULBARGA,1999,Rabi,Sunflower,16911,6073,0.359115369
Karnataka,GULBARGA,1999,Rabi,Wheat,24012,12540,0.522238881
Karnataka,GULBARGA,1999,Summer,Jowar,875,2011,2.298285714
Karnataka,GULBARGA,1999,Summer,Maize,290,530,1.827586207
Karnataka,GULBARGA,1999,Summer,Rice,7462,23145,3.101715358
Karnataka,GULBARGA,1999,Summer,Sunflower,563,248,0.440497336
Karnataka,GULBARGA,1999,Whole Year,Banana,3099,59755,19.28202646
Karnataka,GULBARGA,1999,Whole Year,Coconut,780,3924,5.030769231
Karnataka,GULBARGA,1999,Whole Year,Coriander,41,6,0.146341463
Karnataka,GULBARGA,1999,Whole Year,Dry chillies,3166,4408,1.392293114
Karnataka,GULBARGA,1999,Whole Year,Garlic,16,48,3
Karnataka,GULBARGA,1999,Whole Year,Onion,3327,26425,7.942590923
Karnataka,GULBARGA,1999,Whole Year,Potato,23,447,19.43478261
Karnataka,GULBARGA,1999,Whole Year,Sannhamp,46,10,0.217391304
Karnataka,GULBARGA,1999,Whole Year,Sugarcane,8535,810825,95
Karnataka,GULBARGA,1999,Whole Year,Sweet potato,52,347,6.673076923
Karnataka,GULBARGA,1999,Whole Year,Turmeric,421,1495,3.551068884
Karnataka,GULBARGA,2000,Kharif,Arhar/Tur,366678,164418,0.448398868
Karnataka,GULBARGA,2000,Kharif,Bajra,86296,77248,0.895151571
Karnataka,GULBARGA,2000,Kharif,Castor seed,116,149,1.284482759
Karnataka,GULBARGA,2000,Kharif,Cotton(lint),10595,28167,2.658518169
Karnataka,GULBARGA,2000,Kharif,Dry ginger,4,52,13
Karnataka,GULBARGA,2000,Kharif,Groundnut,46936,35519,0.756753878
Karnataka,GULBARGA,2000,Kharif,Horse-gram,2382,548,0.230058774
Karnataka,GULBARGA,2000,Kharif,Jowar,17686,17264,0.976139319
Karnataka,GULBARGA,2000,Kharif,Maize,1903,5005,2.630057803
Karnataka,GULBARGA,2000,Kharif,Mesta,3081,5700,1.850048685
Karnataka,GULBARGA,2000,Kharif,Moong(Green Gram),159057,71170,0.447449656
Karnataka,GULBARGA,2000,Kharif,Niger seed,2484,295,0.118760064
Karnataka,GULBARGA,2000,Kharif,Other Kharif pulses,2400,364,0.151666667
Karnataka,GULBARGA,2000,Kharif,Ragi,6,7,1.166666667
Karnataka,GULBARGA,2000,Kharif,Rice,16485,25012,1.517258113
Karnataka,GULBARGA,2000,Kharif,Sesamum,22634,6988,0.308739065
Karnataka,GULBARGA,2000,Kharif,Small millets,1455,989,0.679725086
Karnataka,GULBARGA,2000,Kharif,Soyabean,33,34,1.03030303
Karnataka,GULBARGA,2000,Kharif,Sunflower,5869,2691,0.45851082
Karnataka,GULBARGA,2000,Kharif,Urad,37524,19321,0.514897133
Karnataka,GULBARGA,2000,Rabi,Gram,118439,93626,0.790499751
Karnataka,GULBARGA,2000,Rabi,Groundnut,44896,37107,0.826510157
Karnataka,GULBARGA,2000,Rabi,Horse-gram,1925,607,0.315324675
Karnataka,GULBARGA,2000,Rabi,Jowar,308438,218924,0.709782841
Karnataka,GULBARGA,2000,Rabi,Linseed,1006,371,0.368787276
Karnataka,GULBARGA,2000,Rabi,Maize,132,332,2.515151515
Karnataka,GULBARGA,2000,Rabi,Other  Rabi pulses,103,13,0.126213592
Karnataka,GULBARGA,2000,Rabi,Rice,3976,8518,2.142354125
Karnataka,GULBARGA,2000,Rabi,Safflower,24078,18416,0.764847579
Karnataka,GULBARGA,2000,Rabi,Sunflower,8137,3520,0.432591864
Karnataka,GULBARGA,2000,Rabi,Wheat,31913,23660,0.741390656
Karnataka,GULBARGA,2000,Summer,Jowar,416,845,2.03125
Karnataka,GULBARGA,2000,Summer,Maize,411,1156,2.812652068
Karnataka,GULBARGA,2000,Summer,Rice,11749,27759,2.362669163
Karnataka,GULBARGA,2000,Summer,Sunflower,1590,914,0.574842767
Karnataka,GULBARGA,2000,Whole Year,Banana,2725,54176,19.88110092
Karnataka,GULBARGA,2000,Whole Year,Coconut,794,3995,5.031486146
Karnataka,GULBARGA,2000,Whole Year,Coriander,63,10,0.158730159
Karnataka,GULBARGA,2000,Whole Year,Dry chillies,2887,4041,1.399722896
Karnataka,GULBARGA,2000,Whole Year,Garlic,14,42,3
Karnataka,GULBARGA,2000,Whole Year,Onion,3002,16974,5.654230513
Karnataka,GULBARGA,2000,Whole Year,Potato,2,31,15.5
Karnataka,GULBARGA,2000,Whole Year,Sannhamp,19,4,0.210526316
Karnataka,GULBARGA,2000,Whole Year,Sugarcane,9673,680012,70.30001034
Karnataka,GULBARGA,2000,Whole Year,Sweet potato,31,205,6.612903226
Karnataka,GULBARGA,2000,Whole Year,Turmeric,1097,5168,4.711030082
Karnataka,GULBARGA,2001,Kharif,Arhar/Tur,318250,81329,0.255550668
Karnataka,GULBARGA,2001,Kharif,Bajra,59717,41750,0.699130901
Karnataka,GULBARGA,2001,Kharif,Castor seed,65,48,0.738461538
Karnataka,GULBARGA,2001,Kharif,Cotton(lint),28394,53835,1.895999155
Karnataka,GULBARGA,2001,Kharif,Dry ginger,14,183,13.07142857
Karnataka,GULBARGA,2001,Kharif,Groundnut,63796,50187,0.786679416
Karnataka,GULBARGA,2001,Kharif,Horse-gram,1548,818,0.528423773
Karnataka,GULBARGA,2001,Kharif,Jowar,13099,11994,0.915642415
Karnataka,GULBARGA,2001,Kharif,Maize,1685,4135,2.454005935
Karnataka,GULBARGA,2001,Kharif,Mesta,2207,4083,1.850022655
Karnataka,GULBARGA,2001,Kharif,Moong(Green Gram),98886,23673,0.239396881
Karnataka,GULBARGA,2001,Kharif,Niger seed,1708,203,0.118852459
Karnataka,GULBARGA,2001,Kharif,Other Kharif pulses,1483,229,0.154416723
Karnataka,GULBARGA,2001,Kharif,Rice,18722,32644,1.743617135
Karnataka,GULBARGA,2001,Kharif,Sesamum,16607,4938,0.297344493
Karnataka,GULBARGA,2001,Kharif,Small millets,887,565,0.636978579
Karnataka,GULBARGA,2001,Kharif,Soyabean,16,13,0.8125
Karnataka,GULBARGA,2001,Kharif,Sunflower,15812,6698,0.423602327
Karnataka,GULBARGA,2001,Kharif,Urad,49255,14646,0.297350523
Karnataka,GULBARGA,2001,Rabi,Gram,155658,121548,0.780865744
Karnataka,GULBARGA,2001,Rabi,Horse-gram,1617,548,0.338899196
Karnataka,GULBARGA,2001,Rabi,Jowar,350155,264658,0.755830989
Karnataka,GULBARGA,2001,Rabi,Linseed,1081,363,0.335800185
Karnataka,GULBARGA,2001,Rabi,Maize,119,277,2.327731092
Karnataka,GULBARGA,2001,Rabi,Other  Rabi pulses,28,4,0.142857143
Karnataka,GULBARGA,2001,Rabi,Rice,7271,4620,0.635400908
Karnataka,GULBARGA,2001,Rabi,Safflower,21107,16388,0.776424883
Karnataka,GULBARGA,2001,Rabi,Sunflower,32484,14331,0.441171038
Karnataka,GULBARGA,2001,Rabi,Wheat,29456,17455,0.592578762
Karnataka,GULBARGA,2001,Summer,Jowar,105,206,1.961904762
Karnataka,GULBARGA,2001,Summer,Maize,235,618,2.629787234
Karnataka,GULBARGA,2001,Summer,Rice,15635,28281,1.808826351
Karnataka,GULBARGA,2001,Summer,Sunflower,1736,1418,0.816820276
Karnataka,GULBARGA,2001,Whole Year,Black pepper,1,2,2
Karnataka,GULBARGA,2001,Whole Year,Coconut,866,4357,5.031177829
Karnataka,GULBARGA,2001,Whole Year,Coriander,63,10,0.158730159
Karnataka,GULBARGA,2001,Whole Year,Dry chillies,6274,8007,1.276219318
Karnataka,GULBARGA,2001,Whole Year,Onion,3486,25953,7.444922547
Karnataka,GULBARGA,2001,Whole Year,Potato,2,44,22
Karnataka,GULBARGA,2001,Whole Year,Sannhamp,11,2,0.181818182
Karnataka,GULBARGA,2001,Whole Year,Sugarcane,7861,575032,73.14998092
Karnataka,GULBARGA,2001,Whole Year,Turmeric,454,1727,3.803964758
Karnataka,GULBARGA,2002,Kharif,Arhar/Tur,335663,161667,0.481634854
Karnataka,GULBARGA,2002,Kharif,Bajra,60130,45774,0.761250624
Karnataka,GULBARGA,2002,Kharif,Castor seed,32,30,0.9375
Karnataka,GULBARGA,2002,Kharif,Cotton(lint),16443,43235,2.629386365
Karnataka,GULBARGA,2002,Kharif,Dry ginger,12,157,13.08333333
Karnataka,GULBARGA,2002,Kharif,Groundnut,26278,15291,0.581893599
Karnataka,GULBARGA,2002,Kharif,Horse-gram,1292,323,0.25
Karnataka,GULBARGA,2002,Kharif,Jowar,8490,8070,0.950530035
Karnataka,GULBARGA,2002,Kharif,Maize,1832,3741,2.042030568
Karnataka,GULBARGA,2002,Kharif,Mesta,1712,3136,1.831775701
Karnataka,GULBARGA,2002,Kharif,Moong(Green Gram),103607,7480,0.072195894
Karnataka,GULBARGA,2002,Kharif,Niger seed,1028,122,0.118677043
Karnataka,GULBARGA,2002,Kharif,Other Kharif pulses,1470,215,0.146258503
Karnataka,GULBARGA,2002,Kharif,Rice,25098,48090,1.916088931
Karnataka,GULBARGA,2002,Kharif,Sesamum,13485,4894,0.362921765
Karnataka,GULBARGA,2002,Kharif,Small millets,648,383,0.591049383
Karnataka,GULBARGA,2002,Kharif,Soyabean,21,17,0.80952381
Karnataka,GULBARGA,2002,Kharif,Sunflower,63695,42044,0.660083209
Karnataka,GULBARGA,2002,Kharif,Urad,53648,9378,0.174806144
Karnataka,GULBARGA,2002,Rabi,Gram,134522,103350,0.768275821
Karnataka,GULBARGA,2002,Rabi,Groundnut,37911,47648,1.256838385
Karnataka,GULBARGA,2002,Rabi,Horse-gram,1021,212,0.207639569
Karnataka,GULBARGA,2002,Rabi,Jowar,308920,239661,0.775802797
Karnataka,GULBARGA,2002,Rabi,Linseed,788,277,0.351522843
Karnataka,GULBARGA,2002,Rabi,Maize,108,276,2.555555556
Karnataka,GULBARGA,2002,Rabi,Moong(Green Gram),7,1,0.142857143
Karnataka,GULBARGA,2002,Rabi,Other  Rabi pulses,63,8,0.126984127
Karnataka,GULBARGA,2002,Rabi,Rapeseed &Mustard,103,27,0.262135922
Karnataka,GULBARGA,2002,Rabi,Rice,4913,12198,2.482800733
Karnataka,GULBARGA,2002,Rabi,Safflower,19101,13829,0.723993508
Karnataka,GULBARGA,2002,Rabi,Sunflower,66321,37704,0.568507712
Karnataka,GULBARGA,2002,Rabi,Wheat,20389,9759,0.478640443
Karnataka,GULBARGA,2002,Summer,Jowar,30,33,1.1
Karnataka,GULBARGA,2002,Summer,Maize,260,657,2.526923077
Karnataka,GULBARGA,2002,Summer,Rice,17599,41226,2.342519461
Karnataka,GULBARGA,2002,Summer,Sunflower,2904,1379,0.474862259
Karnataka,GULBARGA,2002,Whole Year,Banana,2126,50652,23.82502352
Karnataka,GULBARGA,2002,Whole Year,Black pepper,1,2,2
Karnataka,GULBARGA,2002,Whole Year,Brinjal,466,3429,7.358369099
Karnataka,GULBARGA,2002,Whole Year,Cashewnut Processed,1,0,0
Karnataka,GULBARGA,2002,Whole Year,Cashewnut Raw,1,1,1
Karnataka,GULBARGA,2002,Whole Year,Citrus Fruit,1163,5429,4.668099742
Karnataka,GULBARGA,2002,Whole Year,Coconut,872,4387,5.030963303
Karnataka,GULBARGA,2002,Whole Year,Coriander,63,10,0.158730159
Karnataka,GULBARGA,2002,Whole Year,Dry chillies,5784,14934,2.581950207
Karnataka,GULBARGA,2002,Whole Year,Garlic,6,18,3
Karnataka,GULBARGA,2002,Whole Year,Grapes,115,2932,25.49565217
Karnataka,GULBARGA,2002,Whole Year,Mango,1676,3372,2.011933174
Karnataka,GULBARGA,2002,Whole Year,Onion,2399,19462,8.112546895
Karnataka,GULBARGA,2002,Whole Year,Other Fresh Fruits,67,210,3.134328358
Karnataka,GULBARGA,2002,Whole Year,Papaya,70,153,2.185714286
Karnataka,GULBARGA,2002,Whole Year,Pome Fruit,159,973,6.119496855
Karnataka,GULBARGA,2002,Whole Year,Potato,2,26,13
Karnataka,GULBARGA,2002,Whole Year,Sannhamp,10,2,0.2
Karnataka,GULBARGA,2002,Whole Year,Sugarcane,8228,414280,50.35002431
Karnataka,GULBARGA,2002,Whole Year,Sweet potato,22,146,6.636363636
Karnataka,GULBARGA,2002,Whole Year,Tobacco,4,3,0.75
Karnataka,GULBARGA,2002,Whole Year,Tomato,638,4216,6.60815047
Karnataka,GULBARGA,2002,Whole Year,Turmeric,252,657,2.607142857
Karnataka,GULBARGA,2003,Kharif,Arhar/Tur,349894,136616,0.390449679
Karnataka,GULBARGA,2003,Kharif,Bajra,72378,52136,0.720329382
Karnataka,GULBARGA,2003,Kharif,Castor seed,54,48,0.888888889
Karnataka,GULBARGA,2003,Kharif,Cotton(lint),17295,48613,2.810812374
Karnataka,GULBARGA,2003,Kharif,Dry ginger,15,196,13.06666667
Karnataka,GULBARGA,2003,Kharif,Groundnut,26296,17995,0.684324612
Karnataka,GULBARGA,2003,Kharif,Horse-gram,1077,281,0.260909935
Karnataka,GULBARGA,2003,Kharif,Jowar,7143,7273,1.018199636
Karnataka,GULBARGA,2003,Kharif,Maize,2132,4459,2.091463415
Karnataka,GULBARGA,2003,Kharif,Mesta,2647,4848,1.831507367
Karnataka,GULBARGA,2003,Kharif,Moong(Green Gram),116063,23485,0.202347001
Karnataka,GULBARGA,2003,Kharif,Niger seed,2040,242,0.118627451
Karnataka,GULBARGA,2003,Kharif,Other Kharif pulses,2227,299,0.134261338
Karnataka,GULBARGA,2003,Kharif,Rice,32457,75482,2.325600025
Karnataka,GULBARGA,2003,Kharif,Sesamum,14529,8254,0.568105169
Karnataka,GULBARGA,2003,Kharif,Small millets,785,450,0.573248408
Karnataka,GULBARGA,2003,Kharif,Soyabean,177,85,0.480225989
Karnataka,GULBARGA,2003,Kharif,Sunflower,94496,50359,0.532922028
Karnataka,GULBARGA,2003,Kharif,Urad,48416,14213,0.29355998
Karnataka,GULBARGA,2003,Rabi,Gram,136025,82448,0.606123874
Karnataka,GULBARGA,2003,Rabi,Groundnut,34651,31997,0.923407694
Karnataka,GULBARGA,2003,Rabi,Horse-gram,1287,295,0.229215229
Karnataka,GULBARGA,2003,Rabi,Jowar,285790,165105,0.577714406
Karnataka,GULBARGA,2003,Rabi,Linseed,485,37,0.07628866
Karnataka,GULBARGA,2003,Rabi,Maize,128,295,2.3046875
Karnataka,GULBARGA,2003,Rabi,Other  Rabi pulses,20,2,0.1
Karnataka,GULBARGA,2003,Rabi,Rapeseed &Mustard,137,36,0.262773723
Karnataka,GULBARGA,2003,Rabi,Rice,4701,9863,2.098064242
Karnataka,GULBARGA,2003,Rabi,Safflower,17807,8363,0.469646768
Karnataka,GULBARGA,2003,Rabi,Sunflower,61597,26527,0.43065409
Karnataka,GULBARGA,2003,Rabi,Wheat,17523,7700,0.439422473
Karnataka,GULBARGA,2003,Summer,Jowar,21,56,2.666666667
Karnataka,GULBARGA,2003,Summer,Maize,308,775,2.516233766
Karnataka,GULBARGA,2003,Summer,Rice,28529,104074,3.648007291
Karnataka,GULBARGA,2003,Summer,Sunflower,3101,1417,0.456949371
Karnataka,GULBARGA,2003,Whole Year,Banana,948,10061,10.6128692
Karnataka,GULBARGA,2003,Whole Year,Beans & Mutter(Vegetable),2,17,8.5
Karnataka,GULBARGA,2003,Whole Year,Brinjal,472,2782,5.894067797
Karnataka,GULBARGA,2003,Whole Year,Citrus Fruit,1109,3236,2.917944094
Karnataka,GULBARGA,2003,Whole Year,Coconut,757,3809,5.031704095
Karnataka,GULBARGA,2003,Whole Year,Coriander,73,11,0.150684932
Karnataka,GULBARGA,2003,Whole Year,Dry chillies,5725,12863,2.246812227
Karnataka,GULBARGA,2003,Whole Year,Garlic,2,6,3
Karnataka,GULBARGA,2003,Whole Year,Grapes,147,4308,29.30612245
Karnataka,GULBARGA,2003,Whole Year,Mango,888,4499,5.066441441
Karnataka,GULBARGA,2003,Whole Year,Onion,1798,23597,13.1240267
Karnataka,GULBARGA,2003,Whole Year,Other Fresh Fruits,74,197,2.662162162
Karnataka,GULBARGA,2003,Whole Year,Pome Fruit,110,608,5.527272727
Karnataka,GULBARGA,2003,Whole Year,Potato,4,69,17.25
Karnataka,GULBARGA,2003,Whole Year,Sannhamp,12,3,0.25
Karnataka,GULBARGA,2003,Whole Year,Sugarcane,5724,184885,32.29996506
Karnataka,GULBARGA,2003,Whole Year,Sweet potato,22,146,6.636363636
Karnataka,GULBARGA,2003,Whole Year,Tomato,303,4227,13.95049505
Karnataka,GULBARGA,2003,Whole Year,Turmeric,215,412,1.91627907
Karnataka,GULBARGA,2004,Kharif,Arhar/Tur,345723,177356,0.513000292
Karnataka,GULBARGA,2004,Kharif,Bajra,68824,54244,0.788155295
Karnataka,GULBARGA,2004,Kharif,Castor seed,70,61,0.871428571
Karnataka,GULBARGA,2004,Kharif,Cotton(lint),27881,73916,2.651124422
Karnataka,GULBARGA,2004,Kharif,Dry ginger,2,26,13
Karnataka,GULBARGA,2004,Kharif,Groundnut,22683,10724,0.47277697
Karnataka,GULBARGA,2004,Kharif,Horse-gram,1724,406,0.23549884
Karnataka,GULBARGA,2004,Kharif,Jowar,7025,6560,0.933807829
Karnataka,GULBARGA,2004,Kharif,Maize,1716,6679,3.892191142
Karnataka,GULBARGA,2004,Kharif,Mesta,1622,2971,1.831689273
Karnataka,GULBARGA,2004,Kharif,Moong(Green Gram),106047,20955,0.197601064
Karnataka,GULBARGA,2004,Kharif,Niger seed,1947,231,0.118644068
Karnataka,GULBARGA,2004,Kharif,Other Kharif pulses,1876,281.4,0.15
Karnataka,GULBARGA,2004,Kharif,Rice,39664,92317.96,2.3275
Karnataka,GULBARGA,2004,Kharif,Sesamum,17026,5693,0.334370962
Karnataka,GULBARGA,2004,Kharif,Small millets,641,408,0.63650546
Karnataka,GULBARGA,2004,Kharif,Soyabean,205,128,0.624390244
Karnataka,GULBARGA,2004,Kharif,Sunflower,110701,41285,0.372941527
Karnataka,GULBARGA,2004,Kharif,Urad,45837,6662,0.1453411
Karnataka,GULBARGA,2004,Rabi,Gram,124029,86312,0.695901765
Karnataka,GULBARGA,2004,Rabi,Groundnut,36364,30297,0.833159168
Karnataka,GULBARGA,2004,Rabi,Horse-gram,1294,344,0.265842349
Karnataka,GULBARGA,2004,Rabi,Jowar,284978,206449,0.724438378
Karnataka,GULBARGA,2004,Rabi,Linseed,567,120,0.211640212
Karnataka,GULBARGA,2004,Rabi,Maize,175,533,3.045714286
Karnataka,GULBARGA,2004,Rabi,Other  Rabi pulses,35,4,0.114285714
Karnataka,GULBARGA,2004,Rabi,Rapeseed &Mustard,94,25,0.265957447
Karnataka,GULBARGA,2004,Rabi,Rice,3599,11522,3.201444846
Karnataka,GULBARGA,2004,Rabi,Safflower,15365,6566,0.427334852
Karnataka,GULBARGA,2004,Rabi,Sunflower,61829,26509,0.428747028
Karnataka,GULBARGA,2004,Rabi,Wheat,16517,11494,0.695889084
Karnataka,GULBARGA,2004,Summer,Jowar,123,98,0.796747967
Karnataka,GULBARGA,2004,Summer,Maize,394,1205,3.058375635
Karnataka,GULBARGA,2004,Summer,Rice,34143,148297,4.343408605
Karnataka,GULBARGA,2004,Summer,Sunflower,1340,591,0.441044776
Karnataka,GULBARGA,2004,Whole Year,Banana,908,17701,19.49449339
Karnataka,GULBARGA,2004,Whole Year,Coconut,734,37301.88,50.82
Karnataka,GULBARGA,2004,Whole Year,Coriander,88,13,0.147727273
Karnataka,GULBARGA,2004,Whole Year,Dry chillies,6714,9392,1.398868037
Karnataka,GULBARGA,2004,Whole Year,Garlic,3,9,3
Karnataka,GULBARGA,2004,Whole Year,Onion,1919,16844,8.777488275
Karnataka,GULBARGA,2004,Whole Year,Potato,4,66,16.5
Karnataka,GULBARGA,2004,Whole Year,Sannhamp,16,4,0.25
Karnataka,GULBARGA,2004,Whole Year,Sweet potato,31,206,6.64516129
Karnataka,GULBARGA,2004,Whole Year,Turmeric,396,798,2.015151515
Karnataka,GULBARGA,2005,Kharif,Arhar/Tur,382765,273447,0.714399174
Karnataka,GULBARGA,2005,Kharif,Bajra,72667,70441,0.969367113
Karnataka,GULBARGA,2005,Kharif,Castor seed,332,345,1.039156627
Karnataka,GULBARGA,2005,Kharif,Dry chillies,3613,6915,1.913921949
Karnataka,GULBARGA,2005,Kharif,Groundnut,24657,12419,0.503670357
Karnataka,GULBARGA,2005,Kharif,Horse-gram,1177,672,0.570943076
Karnataka,GULBARGA,2005,Kharif,Jowar,6245,6663,1.066933547
Karnataka,GULBARGA,2005,Kharif,Maize,4155,11596,2.790854392
Karnataka,GULBARGA,2005,Kharif,Moong(Green Gram),82258,23365,0.284045321
Karnataka,GULBARGA,2005,Kharif,Niger seed,1647,196,0.11900425
Karnataka,GULBARGA,2005,Kharif,Onion,868,4836,5.571428571
Karnataka,GULBARGA,2005,Kharif,Other Kharif pulses,1845,281,0.152303523
Karnataka,GULBARGA,2005,Kharif,Potato,2,7,3.5
Karnataka,GULBARGA,2005,Kharif,Ragi,6,7,1.166666667
Karnataka,GULBARGA,2005,Kharif,Rice,49114,129091,2.628395162
Karnataka,GULBARGA,2005,Kharif,Sesamum,16829,12982,0.771406501
Karnataka,GULBARGA,2005,Kharif,Small millets,453,381,0.841059603
Karnataka,GULBARGA,2005,Kharif,Soyabean,826,463,0.560532688
Karnataka,GULBARGA,2005,Kharif,Sunflower,119927,48043,0.400602033
Karnataka,GULBARGA,2005,Kharif,Urad,36125,11051,0.305910035
Karnataka,GULBARGA,2005,Rabi,Dry chillies,152,228,1.5
Karnataka,GULBARGA,2005,Rabi,Gram,112801,83283,0.738317923
Karnataka,GULBARGA,2005,Rabi,Groundnut,35892,36587,1.019363646
Karnataka,GULBARGA,2005,Rabi,Horse-gram,1117,323,0.289167413
Karnataka,GULBARGA,2005,Rabi,Jowar,277912,252008,0.906790639
Karnataka,GULBARGA,2005,Rabi,Linseed,649,216,0.332819723
Karnataka,GULBARGA,2005,Rabi,Maize,159,566,3.559748428
Karnataka,GULBARGA,2005,Rabi,Onion,1898,28433,14.9805058
Karnataka,GULBARGA,2005,Rabi,Other  Rabi pulses,46,5,0.108695652
Karnataka,GULBARGA,2005,Rabi,Potato,7,127,18.14285714
Karnataka,GULBARGA,2005,Rabi,Rapeseed &Mustard,260,69,0.265384615
Karnataka,GULBARGA,2005,Rabi,Rice,5485,10745,1.958979034
Karnataka,GULBARGA,2005,Rabi,Safflower,15585,10882,0.698235483
Karnataka,GULBARGA,2005,Rabi,Sunflower,55982,27093,0.48395913
Karnataka,GULBARGA,2005,Rabi,Wheat,19876,15003,0.754829946
Karnataka,GULBARGA,2005,Summer,Dry chillies,72,190,2.638888889
Karnataka,GULBARGA,2005,Summer,Jowar,95,158,1.663157895
Karnataka,GULBARGA,2005,Summer,Maize,287,887,3.090592334
Karnataka,GULBARGA,2005,Summer,Onion,85,1469,17.28235294
Karnataka,GULBARGA,2005,Summer,Rice,35536,109650,3.085603332
Karnataka,GULBARGA,2005,Summer,Sunflower,1019,873,0.856722277
Karnataka,GULBARGA,2005,Whole Year,Banana,862,20523,23.80858469
Karnataka,GULBARGA,2005,Whole Year,Coconut,645,3245,5.031007752
Karnataka,GULBARGA,2005,Whole Year,Coriander,125,19,0.152
Karnataka,GULBARGA,2005,Whole Year,Cotton(lint),28773,103776,3.606714628
Karnataka,GULBARGA,2005,Whole Year,Dry ginger,6,78,13
Karnataka,GULBARGA,2005,Whole Year,Garlic,26,78,3
Karnataka,GULBARGA,2005,Whole Year,Mesta,918,1681,1.831154684
Karnataka,GULBARGA,2005,Whole Year,Sugarcane,4494,273235,60.7999555
Karnataka,GULBARGA,2005,Whole Year,Sweet potato,19,126,6.631578947
Karnataka,GULBARGA,2005,Whole Year,Turmeric,435,1144,2.629885057
Karnataka,GULBARGA,2006,Kharif,Arhar/Tur,382521,163528,0.427500712
Karnataka,GULBARGA,2006,Kharif,Bajra,65634,43042,0.655788159
Karnataka,GULBARGA,2006,Kharif,Castor seed,180,144,0.8
Karnataka,GULBARGA,2006,Kharif,Gram,55251,9920,0.179544262
Karnataka,GULBARGA,2006,Kharif,Groundnut,20939,6495,0.310186733
Karnataka,GULBARGA,2006,Kharif,Horse-gram,1196,431,0.360367893
Karnataka,GULBARGA,2006,Kharif,Jowar,6242,5693,0.912047421
Karnataka,GULBARGA,2006,Kharif,Maize,1985,3015,1.518891688
Karnataka,GULBARGA,2006,Kharif,Moong(Green Gram),111120,11190,0.100701944
Karnataka,GULBARGA,2006,Kharif,Niger seed,1478,176,0.119079838
Karnataka,GULBARGA,2006,Kharif,Other Kharif pulses,1727,951,0.550665895
Karnataka,GULBARGA,2006,Kharif,Rapeseed &Mustard,5,1,0.2
Karnataka,GULBARGA,2006,Kharif,Rice,47975,107324,2.237081813
Karnataka,GULBARGA,2006,Kharif,Sesamum,17684,6770,0.382831938
Karnataka,GULBARGA,2006,Kharif,Small millets,325,104,0.32
Karnataka,GULBARGA,2006,Kharif,Soyabean,723,536,0.741355463
Karnataka,GULBARGA,2006,Kharif,Sunflower,74068,15620,0.210887293
Karnataka,GULBARGA,2006,Kharif,Urad,55251,9920,0.179544262
Karnataka,GULBARGA,2006,Rabi,Bajra,4,4,1
Karnataka,GULBARGA,2006,Rabi,Gram,147503,81566,0.552978583
Karnataka,GULBARGA,2006,Rabi,Groundnut,31340,18072,0.576643267
Karnataka,GULBARGA,2006,Rabi,Horse-gram,991,239,0.241170535
Karnataka,GULBARGA,2006,Rabi,Jowar,282259,222336,0.787702075
Karnataka,GULBARGA,2006,Rabi,Linseed,689,211,0.306240929
Karnataka,GULBARGA,2006,Rabi,Maize,94,293,3.117021277
Karnataka,GULBARGA,2006,Rabi,Other  Rabi pulses,78,19,0.243589744
Karnataka,GULBARGA,2006,Rabi,Rice,4237,5543,1.30823696
Karnataka,GULBARGA,2006,Rabi,Safflower,12788,8420,0.658429778
Karnataka,GULBARGA,2006,Rabi,Sunflower,43405,17603,0.405552356
Karnataka,GULBARGA,2006,Rabi,Wheat,17993,12674,0.704385039
Karnataka,GULBARGA,2006,Summer,Jowar,60,86,1.433333333
Karnataka,GULBARGA,2006,Summer,Maize,319,1022,3.203761755
Karnataka,GULBARGA,2006,Summer,Rice,35031,75944,2.167908424
Karnataka,GULBARGA,2006,Summer,Sunflower,1880,854,0.454255319
Karnataka,GULBARGA,2006,Whole Year,Banana,1131,25622,22.65428824
Karnataka,GULBARGA,2006,Whole Year,Coconut,598,3009,5.031772575
Karnataka,GULBARGA,2006,Whole Year,Coriander,36,5,0.138888889
Karnataka,GULBARGA,2006,Whole Year,Cotton(lint),23582,85067,3.607285218
Karnataka,GULBARGA,2006,Whole Year,Dry chillies,3819,7443,1.948939513
Karnataka,GULBARGA,2006,Whole Year,Dry ginger,8,104,13
Karnataka,GULBARGA,2006,Whole Year,Garlic,25,75,3
Karnataka,GULBARGA,2006,Whole Year,Mesta,1015,1859,1.831527094
Karnataka,GULBARGA,2006,Whole Year,Onion,2345,19607,8.36119403
Karnataka,GULBARGA,2006,Whole Year,Potato,16,247,15.4375
Karnataka,GULBARGA,2006,Whole Year,Sugarcane,5330,324064,60.8
Karnataka,GULBARGA,2006,Whole Year,Sweet potato,6,40,6.666666667
Karnataka,GULBARGA,2006,Whole Year,Turmeric,292,614,2.102739726
Karnataka,GULBARGA,2007,Kharif,Arhar/Tur,429589,302817,0.704899334
Karnataka,GULBARGA,2007,Kharif,Bajra,61866,48530,0.784437332
Karnataka,GULBARGA,2007,Kharif,Castor seed,88,59,0.670454545
Karnataka,GULBARGA,2007,Kharif,Dry chillies,3184,8131,2.55370603
Karnataka,GULBARGA,2007,Kharif,Groundnut,18811,12907,0.686141088
Karnataka,GULBARGA,2007,Kharif,Horse-gram,1053,539,0.511870845
Karnataka,GULBARGA,2007,Kharif,Jowar,7791,9060,1.162880246
Karnataka,GULBARGA,2007,Kharif,Maize,2087,4887,2.341638716
Karnataka,GULBARGA,2007,Kharif,Moong(Green Gram),116024,30421,0.262195753
Karnataka,GULBARGA,2007,Kharif,Niger seed,1612,407,0.25248139
Karnataka,GULBARGA,2007,Kharif,Onion,1519,9055,5.961158657
Karnataka,GULBARGA,2007,Kharif,Other Kharif pulses,1635,719,0.439755352
Karnataka,GULBARGA,2007,Kharif,Potato,44,145,3.295454545
Karnataka,GULBARGA,2007,Kharif,Rapeseed &Mustard,8,3,0.375
Karnataka,GULBARGA,2007,Kharif,Rice,52131,141389,2.712186607
Karnataka,GULBARGA,2007,Kharif,Sesamum,17785,9310,0.523474838
Karnataka,GULBARGA,2007,Kharif,Small millets,479,105,0.219206681
Karnataka,GULBARGA,2007,Kharif,Soyabean,418,341,0.815789474
Karnataka,GULBARGA,2007,Kharif,Sunflower,73487,33263,0.452637882
Karnataka,GULBARGA,2007,Kharif,Urad,76920,34345,0.44650286
Karnataka,GULBARGA,2007,Rabi,Bajra,4,2,0.5
Karnataka,GULBARGA,2007,Rabi,Dry chillies,40,70,1.75
Karnataka,GULBARGA,2007,Rabi,Gram,138387,94324,0.681595815
Karnataka,GULBARGA,2007,Rabi,Groundnut,33452,26538,0.793315796
Karnataka,GULBARGA,2007,Rabi,Horse-gram,586,288,0.491467577
Karnataka,GULBARGA,2007,Rabi,Jowar,246031,245291,0.996992249
Karnataka,GULBARGA,2007,Rabi,Linseed,401,158,0.394014963
Karnataka,GULBARGA,2007,Rabi,Maize,276,955,3.460144928
Karnataka,GULBARGA,2007,Rabi,Onion,1255,18001,14.34342629
Karnataka,GULBARGA,2007,Rabi,Other  Rabi pulses,54,13,0.240740741
Karnataka,GULBARGA,2007,Rabi,Potato,5,62,12.4
Karnataka,GULBARGA,2007,Rabi,Rice,3448,5477,1.588457077
Karnataka,GULBARGA,2007,Rabi,Safflower,11342,7734,0.681890319
Karnataka,GULBARGA,2007,Rabi,Sunflower,31052,13711,0.441549659
Karnataka,GULBARGA,2007,Rabi,Wheat,17936,17282,0.963537021
Karnataka,GULBARGA,2007,Summer,Dry chillies,43,146,3.395348837
Karnataka,GULBARGA,2007,Summer,Jowar,15,29,1.933333333
Karnataka,GULBARGA,2007,Summer,Maize,318,1027,3.229559748
Karnataka,GULBARGA,2007,Summer,Onion,92,777,8.445652174
Karnataka,GULBARGA,2007,Summer,Rice,35232,76379,2.167887148
Karnataka,GULBARGA,2007,Summer,Sunflower,1978,1366,0.690596562
Karnataka,GULBARGA,2007,Whole Year,Banana,1114,22293,20.01166966
Karnataka,GULBARGA,2007,Whole Year,Coconut,567,2887,5.091710758
Karnataka,GULBARGA,2007,Whole Year,Coriander,9,3,0.333333333
Karnataka,GULBARGA,2007,Whole Year,Cotton(lint),26010,106214,4.083583237
Karnataka,GULBARGA,2007,Whole Year,Dry ginger,5,103,20.6
Karnataka,GULBARGA,2007,Whole Year,Garlic,6,6,1
Karnataka,GULBARGA,2007,Whole Year,Mesta,902,1652,1.831485588
Karnataka,GULBARGA,2007,Whole Year,Sugarcane,12797,802372,62.70000781
Karnataka,GULBARGA,2007,Whole Year,Sweet potato,2,13,6.5
Karnataka,GULBARGA,2007,Whole Year,Turmeric,387,2489,6.431524548
Karnataka,GULBARGA,2008,Kharif,Arhar/Tur,379769,187606,0.4940003
Karnataka,GULBARGA,2008,Kharif,Bajra,52617,41894,0.796206549
Karnataka,GULBARGA,2008,Kharif,Castor seed,83,79,0.951807229
Karnataka,GULBARGA,2008,Kharif,Dry chillies,2674,4994,1.867614061
Karnataka,GULBARGA,2008,Kharif,Groundnut,13393,9100,0.679459419
Karnataka,GULBARGA,2008,Kharif,Horse-gram,803,363,0.452054795
Karnataka,GULBARGA,2008,Kharif,Jowar,7044,10776,1.529812606
Karnataka,GULBARGA,2008,Kharif,Maize,4202,8820,2.099000476
Karnataka,GULBARGA,2008,Kharif,Moong(Green Gram),61871,16752,0.270756897
Karnataka,GULBARGA,2008,Kharif,Niger seed,1230,421,0.342276423
Karnataka,GULBARGA,2008,Kharif,Onion,1121,3441,3.069580731
Karnataka,GULBARGA,2008,Kharif,Other Kharif pulses,1649,620,0.375985446
Karnataka,GULBARGA,2008,Kharif,Potato,4,8,2
Karnataka,GULBARGA,2008,Kharif,Rice,47292,122202.53,2.584000042
Karnataka,GULBARGA,2008,Kharif,Sesamum,7677,2305,0.300247493
Karnataka,GULBARGA,2008,Kharif,Soyabean,1058,730,0.689981096
Karnataka,GULBARGA,2008,Kharif,Sunflower,84572,31709,0.374934967
Karnataka,GULBARGA,2008,Kharif,Urad,41265,17994,0.436059615
Karnataka,GULBARGA,2008,Rabi,Dry chillies,61,103,1.68852459
Karnataka,GULBARGA,2008,Rabi,Gram,181767,113619,0.62508046
Karnataka,GULBARGA,2008,Rabi,Groundnut,27934,17647,0.631739099
Karnataka,GULBARGA,2008,Rabi,Horse-gram,667,242,0.362818591
Karnataka,GULBARGA,2008,Rabi,Jowar,298885,301618,1.009143985
Karnataka,GULBARGA,2008,Rabi,Linseed,606,229,0.377887789
Karnataka,GULBARGA,2008,Rabi,Maize,864,2597,3.005787037
Karnataka,GULBARGA,2008,Rabi,Onion,1204,14014,11.63953488
Karnataka,GULBARGA,2008,Rabi,Other  Rabi pulses,48,5,0.104166667
Karnataka,GULBARGA,2008,Rabi,Potato,4,57,14.25
Karnataka,GULBARGA,2008,Rabi,Rapeseed &Mustard,15,6,0.4
Karnataka,GULBARGA,2008,Rabi,Rice,5122,7980,1.557985162
Karnataka,GULBARGA,2008,Rabi,Safflower,14355,9101,0.633995124
Karnataka,GULBARGA,2008,Rabi,Sunflower,48746,19767,0.405510196
Karnataka,GULBARGA,2008,Rabi,Wheat,20333,22229,1.09324743
Karnataka,GULBARGA,2008,Summer,Bajra,81,61,0.75308642
Karnataka,GULBARGA,2008,Summer,Dry chillies,59,194,3.288135593
Karnataka,GULBARGA,2008,Summer,Jowar,44,100,2.272727273
Karnataka,GULBARGA,2008,Summer,Maize,871,2741,3.14695752
Karnataka,GULBARGA,2008,Summer,Onion,124,676,5.451612903
Karnataka,GULBARGA,2008,Summer,Rice,40326,86388,2.142240738
Karnataka,GULBARGA,2008,Summer,Sunflower,1047,540,0.515759312
Karnataka,GULBARGA,2008,Whole Year,Banana,1146,19734,17.21989529
Karnataka,GULBARGA,2008,Whole Year,Coconut,513,3514,6.849902534
Karnataka,GULBARGA,2008,Whole Year,Coriander,18,10,0.555555556
Karnataka,GULBARGA,2008,Whole Year,Cotton(lint),50976,185757,3.644008945
Karnataka,GULBARGA,2008,Whole Year,Dry ginger,9,287,31.88888889
Karnataka,GULBARGA,2008,Whole Year,Garlic,10,22,2.2
Karnataka,GULBARGA,2008,Whole Year,Mesta,542,993,1.832103321
Karnataka,GULBARGA,2008,Whole Year,Sannhamp,4,1,0.25
Karnataka,GULBARGA,2008,Whole Year,Sugarcane,7944,407527,51.29997482
Karnataka,GULBARGA,2008,Whole Year,Sweet potato,14,142,10.14285714
Karnataka,GULBARGA,2008,Whole Year,Turmeric,312,954,3.057692308
Karnataka,GULBARGA,2009,Kharif,Arhar/Tur,336853,153285,0.455050126
Karnataka,GULBARGA,2009,Kharif,Bajra,35856,20403,0.569026104
Karnataka,GULBARGA,2009,Kharif,Castor seed,128,83,0.6484375
Karnataka,GULBARGA,2009,Kharif,Gram,486,256,0.526748971
Karnataka,GULBARGA,2009,Kharif,Groundnut,9545,3610,0.378208486
Karnataka,GULBARGA,2009,Kharif,Horse-gram,486,256,0.526748971
Karnataka,GULBARGA,2009,Kharif,Jowar,6761,5182,0.766454666
Karnataka,GULBARGA,2009,Kharif,Maize,4971,4138,0.832428083
Karnataka,GULBARGA,2009,Kharif,Moong(Green Gram),90846,2848,0.031349757
Karnataka,GULBARGA,2009,Kharif,Niger seed,994,180,0.181086519
Karnataka,GULBARGA,2009,Kharif,Onion,934,2929,3.135974304
Karnataka,GULBARGA,2009,Kharif,Other Kharif pulses,1908,496,0.259958071
Karnataka,GULBARGA,2009,Kharif,Potato,4,25,6.25
Karnataka,GULBARGA,2009,Kharif,Rice,39593,91024.31,2.299000076
Karnataka,GULBARGA,2009,Kharif,Sesamum,12108,1288,0.10637595
Karnataka,GULBARGA,2009,Kharif,Small millets,163,36,0.220858896
Karnataka,GULBARGA,2009,Kharif,Soyabean,1850,192,0.103783784
Karnataka,GULBARGA,2009,Kharif,Sunflower,70366,15846,0.225193986
Karnataka,GULBARGA,2009,Kharif,Urad,42716,1096,0.025657833
Karnataka,GULBARGA,2009,Rabi,Dry chillies,48,143,2.979166667
Karnataka,GULBARGA,2009,Rabi,Gram,317,138,0.43533123
Karnataka,GULBARGA,2009,Rabi,Groundnut,50491,35207,0.697292587
Karnataka,GULBARGA,2009,Rabi,Horse-gram,317,138,0.43533123
Karnataka,GULBARGA,2009,Rabi,Jowar,311886,308217,0.988236086
Karnataka,GULBARGA,2009,Rabi,Linseed,752,221,0.293882979
Karnataka,GULBARGA,2009,Rabi,Maize,352,621,1.764204545
Karnataka,GULBARGA,2009,Rabi,Onion,1274,9335,7.327315542
Karnataka,GULBARGA,2009,Rabi,Other  Rabi pulses,52,11,0.211538462
Karnataka,GULBARGA,2009,Rabi,Potato,4,59,14.75
Karnataka,GULBARGA,2009,Rabi,Rapeseed &Mustard,32,9,0.28125
Karnataka,GULBARGA,2009,Rabi,Rice,2164,4529,2.092883549
Karnataka,GULBARGA,2009,Rabi,Safflower,14679,10949,0.745895497
Karnataka,GULBARGA,2009,Rabi,Sunflower,43105,14621,0.339194989
Karnataka,GULBARGA,2009,Rabi,Wheat,24573,26294,1.070036219
Karnataka,GULBARGA,2009,Summer,Bajra,373,279,0.747989276
Karnataka,GULBARGA,2009,Summer,Dry chillies,88,405,4.602272727
Karnataka,GULBARGA,2009,Summer,Jowar,345,510,1.47826087
Karnataka,GULBARGA,2009,Summer,Maize,1029,2382,2.314868805
Karnataka,GULBARGA,2009,Summer,Onion,123,939,7.634146341
Karnataka,GULBARGA,2009,Summer,Rice,37715,84951,2.252445976
Karnataka,GULBARGA,2009,Summer,Sunflower,1488,831,0.558467742
Karnataka,GULBARGA,2009,Whole Year,Banana,1886,44740,23.72216331
Karnataka,GULBARGA,2009,Whole Year,Coconut,479,3406,7.110647182
Karnataka,GULBARGA,2009,Whole Year,Coriander,13,6,0.461538462
Karnataka,GULBARGA,2009,Whole Year,Cotton(lint),23502,55471,2.360267211
Karnataka,GULBARGA,2009,Whole Year,Dry ginger,8,252,31.5
Karnataka,GULBARGA,2009,Whole Year,Garlic,19,27,1.421052632
Karnataka,GULBARGA,2009,Whole Year,Mesta,286,322,1.125874126
Karnataka,GULBARGA,2009,Whole Year,Sugarcane,11995,763482,63.65002084
Karnataka,GULBARGA,2009,Whole Year,Sweet potato,10,66,6.6
Karnataka,GULBARGA,2009,Whole Year,Turmeric,238,538,2.260504202
Karnataka,GULBARGA,2010,Kharif,Arhar/Tur,377775,206718,0.547198729
Karnataka,GULBARGA,2010,Kharif,Bajra,18875,13796,0.730913907
Karnataka,GULBARGA,2010,Kharif,Castor seed,68,57,0.838235294
Karnataka,GULBARGA,2010,Kharif,Cotton(lint),13759,38254,2.780289265
Karnataka,GULBARGA,2010,Kharif,Cowpea(Lobia),1872,285,0.15224359
Karnataka,GULBARGA,2010,Kharif,Dry chillies,1493,2861,1.916275954
Karnataka,GULBARGA,2010,Kharif,Groundnut,1638,583,0.355921856
Karnataka,GULBARGA,2010,Kharif,Horse-gram,1127,648,0.574977817
Karnataka,GULBARGA,2010,Kharif,Jowar,2760,2313,0.838043478
Karnataka,GULBARGA,2010,Kharif,Maize,5641,11018,1.953199787
Karnataka,GULBARGA,2010,Kharif,Moong(Green Gram),44830,16013,0.357193843
Karnataka,GULBARGA,2010,Kharif,Niger seed,1034,174,0.16827853
Karnataka,GULBARGA,2010,Kharif,Onion,523,4242,8.110898662
Karnataka,GULBARGA,2010,Kharif,Other Kharif pulses,858,167,0.194638695
Karnataka,GULBARGA,2010,Kharif,Potato,8,61,7.625
Karnataka,GULBARGA,2010,Kharif,Rice,3033,4822,1.589845038
Karnataka,GULBARGA,2010,Kharif,Sesamum,15782,4228,0.267900139
Karnataka,GULBARGA,2010,Kharif,Small millets,20,7,0.35
Karnataka,GULBARGA,2010,Kharif,Soyabean,375,140,0.373333333
Karnataka,GULBARGA,2010,Kharif,Sunflower,23457,8592,0.366287249
Karnataka,GULBARGA,2010,Kharif,Urad,49090,18281,0.372397637
Karnataka,GULBARGA,2010,Rabi,Dry chillies,82,223,2.719512195
Karnataka,GULBARGA,2010,Rabi,Gram,208465,147961,0.709764229
Karnataka,GULBARGA,2010,Rabi,Groundnut,4129,2930,0.709614919
Karnataka,GULBARGA,2010,Rabi,Horse-gram,77,47,0.61038961
Karnataka,GULBARGA,2010,Rabi,Jowar,210038,173408,0.825602986
Karnataka,GULBARGA,2010,Rabi,Linseed,549,184,0.335154827
Karnataka,GULBARGA,2010,Rabi,Maize,1176,404,0.343537415
Karnataka,GULBARGA,2010,Rabi,Onion,664,6733,10.14006024
Karnataka,GULBARGA,2010,Rabi,Rapeseed &Mustard,15,5,0.333333333
Karnataka,GULBARGA,2010,Rabi,Rice,608,1850,3.042763158
Karnataka,GULBARGA,2010,Rabi,Safflower,9877,5520,0.558874152
Karnataka,GULBARGA,2010,Rabi,Sunflower,8980,4284,0.477060134
Karnataka,GULBARGA,2010,Rabi,Wheat,17702,26539,1.499209129
Karnataka,GULBARGA,2010,Summer,Dry chillies,99,301,3.04040404
Karnataka,GULBARGA,2010,Summer,Maize,1124,2713,2.413701068
Karnataka,GULBARGA,2010,Summer,Onion,191,2032,10.63874346
Karnataka,GULBARGA,2010,Summer,Rice,901,2913,3.233074362
Karnataka,GULBARGA,2010,Summer,Sunflower,287,165,0.574912892
Karnataka,GULBARGA,2010,Whole Year,Banana,2326,60127,25.84995701
Karnataka,GULBARGA,2010,Whole Year,Coconut,238,2275,9.558823529
Karnataka,GULBARGA,2010,Whole Year,Coriander,10,4,0.4
Karnataka,GULBARGA,2010,Whole Year,Dry ginger,72,260.5,3.618055556
Karnataka,GULBARGA,2010,Whole Year,Garlic,15,19,1.266666667
Karnataka,GULBARGA,2010,Whole Year,Mesta,370,397,1.072972973
Karnataka,GULBARGA,2010,Whole Year,Sugarcane,10891,724252,66.50004591
Karnataka,GULBARGA,2010,Whole Year,Turmeric,259,573,2.212355212
Karnataka,GULBARGA,2011,Kharif,Arhar/Tur,370523,175998,0.474998853
Karnataka,GULBARGA,2011,Kharif,Bajra,20942,16845,0.804364435
Karnataka,GULBARGA,2011,Kharif,Castor seed,108,91,0.842592593
Karnataka,GULBARGA,2011,Kharif,Cotton(lint),26496,107190,4.045516304
Karnataka,GULBARGA,2011,Kharif,Cowpea(Lobia),1143,404,0.353455818
Karnataka,GULBARGA,2011,Kharif,Dry chillies,1871,2853,1.52485302
Karnataka,GULBARGA,2011,Kharif,Groundnut,1555,932,0.599356913
Karnataka,GULBARGA,2011,Kharif,Horse-gram,1152,629,0.546006944
Karnataka,GULBARGA,2011,Kharif,Jowar,2635,3376,1.281214421
Karnataka,GULBARGA,2011,Kharif,Maize,5918,13977,2.361777628
Karnataka,GULBARGA,2011,Kharif,Moong(Green Gram),21905,7991,0.364802556
Karnataka,GULBARGA,2011,Kharif,Niger seed,1264,344,0.272151899
Karnataka,GULBARGA,2011,Kharif,Onion,734,3623,4.935967302
Karnataka,GULBARGA,2011,Kharif,Other Kharif pulses,914,478,0.52297593
Karnataka,GULBARGA,2011,Kharif,Peas & beans (Pulses),8,71,8.875
Karnataka,GULBARGA,2011,Kharif,Potato,100,826,8.26
Karnataka,GULBARGA,2011,Kharif,Rice,3282,5331,1.624314442
Karnataka,GULBARGA,2011,Kharif,Sesamum,5720,2744,0.47972028
Karnataka,GULBARGA,2011,Kharif,Small millets,25,8,0.32
Karnataka,GULBARGA,2011,Kharif,Soyabean,875,320,0.365714286
Karnataka,GULBARGA,2011,Kharif,Sunflower,23356,11108,0.475595136
Karnataka,GULBARGA,2011,Kharif,Urad,30220,11139,0.368596956
Karnataka,GULBARGA,2011,Rabi,Dry chillies,143,337,2.356643357
Karnataka,GULBARGA,2011,Rabi,Gram,166956,116889,0.700118594
Karnataka,GULBARGA,2011,Rabi,Groundnut,5991,4195,0.700216992
Karnataka,GULBARGA,2011,Rabi,Horse-gram,81,41,0.50617284
Karnataka,GULBARGA,2011,Rabi,Jowar,205263,190996,0.930494049
Karnataka,GULBARGA,2011,Rabi,Linseed,395,97,0.24556962
Karnataka,GULBARGA,2011,Rabi,Maize,262,190,0.72519084
Karnataka,GULBARGA,2011,Rabi,Onion,799,18982,23.7571965
Karnataka,GULBARGA,2011,Rabi,Rapeseed &Mustard,6,2,0.333333333
Karnataka,GULBARGA,2011,Rabi,Rice,575,718,1.248695652
Karnataka,GULBARGA,2011,Rabi,Safflower,5880,3962,0.673809524
Karnataka,GULBARGA,2011,Rabi,Sunflower,12201,6742,0.552577658
Karnataka,GULBARGA,2011,Rabi,Wheat,16516,24893,1.507205134
Karnataka,GULBARGA,2011,Summer,Dry chillies,40,140,3.5
Karnataka,GULBARGA,2011,Summer,Maize,779,1104,1.41720154
Karnataka,GULBARGA,2011,Summer,Onion,93,573,6.161290323
Karnataka,GULBARGA,2011,Summer,Rice,106,182,1.716981132
Karnataka,GULBARGA,2011,Summer,Sunflower,174,95,0.545977011
Karnataka,GULBARGA,2011,Whole Year,Banana,2539,68891,27.13312328
Karnataka,GULBARGA,2011,Whole Year,Coconut,242,2406,9.94214876
Karnataka,GULBARGA,2011,Whole Year,Coriander,10,4,0.4
Karnataka,GULBARGA,2011,Whole Year,Dry ginger,202,642.7,3.181683168
Karnataka,GULBARGA,2011,Whole Year,Garlic,14,17,1.214285714
Karnataka,GULBARGA,2011,Whole Year,Mesta,312,434,1.391025641
Karnataka,GULBARGA,2011,Whole Year,Sugarcane,15074,615773,40.85000663
Karnataka,GULBARGA,2011,Whole Year,Turmeric,1036,5204,5.023166023
Karnataka,GULBARGA,2012,Kharif,Arhar/Tur,340119,250736,0.737200803
Karnataka,GULBARGA,2012,Kharif,Bajra,15566,16961,1.089618399
Karnataka,GULBARGA,2012,Kharif,Castor seed,11,7,0.636363636
Karnataka,GULBARGA,2012,Kharif,Cotton(lint),39523,90771,2.296662703
Karnataka,GULBARGA,2012,Kharif,Cowpea(Lobia),266,118,0.443609023
Karnataka,GULBARGA,2012,Kharif,Dry chillies,177,153,0.86440678
Karnataka,GULBARGA,2012,Kharif,Groundnut,1085,610,0.562211982
Karnataka,GULBARGA,2012,Kharif,Horse-gram,435,177,0.406896552
Karnataka,GULBARGA,2012,Kharif,Jowar,3010,4092,1.359468439
Karnataka,GULBARGA,2012,Kharif,Maize,4818,13278,2.755915318
Karnataka,GULBARGA,2012,Kharif,Moong(Green Gram),22825,10148,0.444600219
Karnataka,GULBARGA,2012,Kharif,Niger seed,304,73,0.240131579
Karnataka,GULBARGA,2012,Kharif,Onion,741,3934,5.309041835
Karnataka,GULBARGA,2012,Kharif,Other Kharif pulses,276,202,0.731884058
Karnataka,GULBARGA,2012,Kharif,Potato,29,185,6.379310345
Karnataka,GULBARGA,2012,Kharif,Rice,2799,4834,1.727045373
Karnataka,GULBARGA,2012,Kharif,Sesamum,5694,2651,0.465577801
Karnataka,GULBARGA,2012,Kharif,Small millets,19,5,0.263157895
Karnataka,GULBARGA,2012,Kharif,Soyabean,4512,3416,0.757092199
Karnataka,GULBARGA,2012,Kharif,Sunflower,23810,12079,0.507307854
Karnataka,GULBARGA,2012,Kharif,Urad,31178,16646,0.53390211
Karnataka,GULBARGA,2012,Rabi,Dry chillies,26,71,2.730769231
Karnataka,GULBARGA,2012,Rabi,Gram,158987,129137,0.8122488
Karnataka,GULBARGA,2012,Rabi,Groundnut,673,1137,1.689450223
Karnataka,GULBARGA,2012,Rabi,Jowar,197537,217123,1.099151045
Karnataka,GULBARGA,2012,Rabi,Linseed,261,46,0.176245211
Karnataka,GULBARGA,2012,Rabi,Maize,292,591,2.023972603
Karnataka,GULBARGA,2012,Rabi,Onion,337,4227,12.54302671
Karnataka,GULBARGA,2012,Rabi,Rice,1623,2277,1.402957486
Karnataka,GULBARGA,2012,Rabi,Safflower,5147,4807,0.933942102
Karnataka,GULBARGA,2012,Rabi,Sunflower,19047,9934,0.52155195
Karnataka,GULBARGA,2012,Rabi,Wheat,11271,14787,1.311951025
Karnataka,GULBARGA,2012,Summer,Dry chillies,23,65,2.826086957
Karnataka,GULBARGA,2012,Summer,Groundnut,2811,2310,0.821771612
Karnataka,GULBARGA,2012,Summer,Maize,701,2383,3.399429387
Karnataka,GULBARGA,2012,Summer,Onion,51,289,5.666666667
Karnataka,GULBARGA,2012,Summer,Rice,140,210,1.5
Karnataka,GULBARGA,2012,Summer,Sunflower,271,148,0.546125461
Karnataka,GULBARGA,2012,Whole Year,Coconut,181,1782,9.845303867
Karnataka,GULBARGA,2012,Whole Year,Coriander,17,7,0.411764706
Karnataka,GULBARGA,2012,Whole Year,Dry ginger,2,64,32
Karnataka,GULBARGA,2012,Whole Year,Garlic,12,16,1.333333333
Karnataka,GULBARGA,2012,Whole Year,Mesta,168,234,1.392857143
Karnataka,GULBARGA,2012,Whole Year,Sugarcane,14801,731169,49.39997297
Karnataka,GULBARGA,2012,Whole Year,Sweet potato,5,78,15.6
Karnataka,GULBARGA,2012,Whole Year,Turmeric,462,920,1.991341991
Karnataka,GULBARGA,2013,Kharif,Arhar/Tur,369537,394592,1.067801059
Karnataka,GULBARGA,2013,Kharif,Bajra,14897,19870,1.333825602
Karnataka,GULBARGA,2013,Kharif,Cotton(lint),47273,269445,5.699765194
Karnataka,GULBARGA,2013,Kharif,Cowpea(Lobia),327,107,0.327217125
Karnataka,GULBARGA,2013,Kharif,Dry chillies,1252,2581,2.061501597
Karnataka,GULBARGA,2013,Kharif,Groundnut,1249,592,0.473979183
Karnataka,GULBARGA,2013,Kharif,Horse-gram,387,195,0.503875969
Karnataka,GULBARGA,2013,Kharif,Jowar,3811,4703,1.234059302
Karnataka,GULBARGA,2013,Kharif,Maize,5302,13705,2.584873633
Karnataka,GULBARGA,2013,Kharif,Moong(Green Gram),35951,17077,0.475007649
Karnataka,GULBARGA,2013,Kharif,Niger seed,532,116,0.218045113
Karnataka,GULBARGA,2013,Kharif,Onion,711,4703,6.614627286
Karnataka,GULBARGA,2013,Kharif,Other Kharif pulses,414,232,0.560386473
Karnataka,GULBARGA,2013,Kharif,Potato,4,26,6.5
Karnataka,GULBARGA,2013,Kharif,Rapeseed &Mustard,4,1,0.25
Karnataka,GULBARGA,2013,Kharif,Rice,4281,11335,2.647745854
Karnataka,GULBARGA,2013,Kharif,Sesamum,5419,3202,0.590883927
Karnataka,GULBARGA,2013,Kharif,Small millets,22,8,0.363636364
Karnataka,GULBARGA,2013,Kharif,Soyabean,6054,8334,1.376610505
Karnataka,GULBARGA,2013,Kharif,Sunflower,27776,16281,0.586153514
Karnataka,GULBARGA,2013,Kharif,Urad,40904,22033,0.538651477
Karnataka,GULBARGA,2013,Rabi,Dry chillies,9,17,1.888888889
Karnataka,GULBARGA,2013,Rabi,Gram,172556,155732,0.902501217
Karnataka,GULBARGA,2013,Rabi,Jowar,229797,292750,1.273950487
Karnataka,GULBARGA,2013,Rabi,Linseed,209,62,0.296650718
Karnataka,GULBARGA,2013,Rabi,Maize,437,1295,2.963386728
Karnataka,GULBARGA,2013,Rabi,Onion,373,4867,13.04825737
Karnataka,GULBARGA,2013,Rabi,Rice,875,1949,2.227428571
Karnataka,GULBARGA,2013,Rabi,Safflower,4979,5719,1.148624222
Karnataka,GULBARGA,2013,Rabi,Sunflower,17346,10777,0.621295976
Karnataka,GULBARGA,2013,Rabi,Wheat,13467,23502,1.745154823
Karnataka,GULBARGA,2013,Summer,Dry chillies,49,130,2.653061224
Karnataka,GULBARGA,2013,Summer,Groundnut,2996,2416,0.806408545
Karnataka,GULBARGA,2013,Summer,Maize,288,801,2.78125
Karnataka,GULBARGA,2013,Summer,Onion,41,322,7.853658537
Karnataka,GULBARGA,2013,Summer,Rice,122,249,2.040983607
Karnataka,GULBARGA,2013,Summer,Sunflower,73,62,0.849315068
Karnataka,GULBARGA,2013,Whole Year,Coconut,119,944,7.932773109
Karnataka,GULBARGA,2013,Whole Year,Coriander,21,7,0.333333333
Karnataka,GULBARGA,2013,Whole Year,Garlic,24,25,1.041666667
Karnataka,GULBARGA,2013,Whole Year,Mesta,140,156,1.114285714
Karnataka,GULBARGA,2013,Whole Year,Sugarcane,27602,1678202,60.80001449
Karnataka,GULBARGA,2013,Whole Year,Turmeric,653,2016,3.087289433
Karnataka,GULBARGA,2014,Kharif,Arhar/Tur,315343,210003,0.665951044
Karnataka,GULBARGA,2014,Kharif,Bajra,15642,18218,1.164684823
Karnataka,GULBARGA,2014,Kharif,Castor seed,79,48,0.607594937
Karnataka,GULBARGA,2014,Kharif,Cotton(lint),82637,338020,4.090419546
Karnataka,GULBARGA,2014,Kharif,Cowpea(Lobia),534,221,0.413857678
Karnataka,GULBARGA,2014,Kharif,Groundnut,649,235,0.362095532
Karnataka,GULBARGA,2014,Kharif,Horse-gram,530,248,0.467924528
Karnataka,GULBARGA,2014,Kharif,Jowar,1579,1730,1.095630146
Karnataka,GULBARGA,2014,Kharif,Maize,4747,12713,2.678112492
Karnataka,GULBARGA,2014,Kharif,Moong(Green Gram),20292,6362,0.31352257
Karnataka,GULBARGA,2014,Kharif,Niger seed,422,112,0.265402844
Karnataka,GULBARGA,2014,Kharif,Onion,710,3646,5.135211268
Karnataka,GULBARGA,2014,Kharif,Other Kharif pulses,440,220,0.5
Karnataka,GULBARGA,2014,Kharif,Potato,53,326,6.150943396
Karnataka,GULBARGA,2014,Kharif,Rapeseed &Mustard,106,23,0.216981132
Karnataka,GULBARGA,2014,Kharif,Rice,1556,2887,1.855398458
Karnataka,GULBARGA,2014,Kharif,Sesamum,4430,2277,0.513995485
Karnataka,GULBARGA,2014,Kharif,Small millets,197,67,0.340101523
Karnataka,GULBARGA,2014,Kharif,Soyabean,21695,13170,0.607052316
Karnataka,GULBARGA,2014,Kharif,Sunflower,21910,12822,0.585212232
Karnataka,GULBARGA,2014,Kharif,Urad,18672,6616,0.354327335
Karnataka,GULBARGA,2014,Rabi,Dry chillies,86,161,1.872093023
Karnataka,GULBARGA,2014,Rabi,Gram,184515,155482,0.842652359
Karnataka,GULBARGA,2014,Rabi,Jowar,237624,271569,1.142851732
Karnataka,GULBARGA,2014,Rabi,Linseed,335,104,0.310447761
Karnataka,GULBARGA,2014,Rabi,Maize,136,87,0.639705882
Karnataka,GULBARGA,2014,Rabi,Onion,453,11671,25.76379691
Karnataka,GULBARGA,2014,Rabi,Rice,356,452,1.269662921
Karnataka,GULBARGA,2014,Rabi,Safflower,3203,2398,0.748673119
Karnataka,GULBARGA,2014,Rabi,Sunflower,20278,10692,0.527270934
Karnataka,GULBARGA,2014,Rabi,Wheat,14149,23751,1.678634532
Karnataka,GULBARGA,2014,Summer,Dry chillies,64,123,1.921875
Karnataka,GULBARGA,2014,Summer,Groundnut,3447,2914,0.845372788
Karnataka,GULBARGA,2014,Summer,Maize,601,593,0.986688852
Karnataka,GULBARGA,2014,Summer,Onion,117,574,4.905982906
Karnataka,GULBARGA,2014,Summer,Rice,3744,4542,1.213141026
Karnataka,GULBARGA,2014,Summer,Sunflower,257,192,0.747081712
Karnataka,GULBARGA,2014,Whole Year,Coconut,192,1713,8.921875
Karnataka,GULBARGA,2014,Whole Year,Coriander,44,15,0.340909091
Karnataka,GULBARGA,2014,Whole Year,Sugarcane,45503,3025950,66.50001099
Karnataka,HASSAN,1997,Kharif,Arhar/Tur,3432,828,0.241258741
Karnataka,HASSAN,1997,Kharif,Black pepper,198,21,0.106060606
Karnataka,HASSAN,1997,Kharif,Dry chillies,1846,4855,2.630010834
Karnataka,HASSAN,1997,Kharif,Dry ginger,25,32,1.28
Karnataka,HASSAN,1997,Kharif,Groundnut,3506,4250,1.212207644
Karnataka,HASSAN,1997,Kharif,Horse-gram,9947,7068,0.710566
Karnataka,HASSAN,1997,Kharif,Jowar,2811,3318,1.18036286
Karnataka,HASSAN,1997,Kharif,Maize,4808,13259,2.757695507
Karnataka,HASSAN,1997,Kharif,Paddy,53948,220500,4.087269222
Karnataka,HASSAN,1997,Kharif,Ragi,106980,143458,1.340979622
Karnataka,HASSAN,1997,Kharif,Rice,53948,147084,2.726403203
Karnataka,HASSAN,1997,Rabi,Dry chillies,90,278,3.088888889
Karnataka,HASSAN,1997,Rabi,Groundnut,2722,2488,0.914033799
Karnataka,HASSAN,1997,Rabi,Horse-gram,25411,18636,0.733383181
Karnataka,HASSAN,1997,Rabi,Jowar,1433,630,0.439637125
Karnataka,HASSAN,1997,Rabi,Maize,9,18,2
Karnataka,HASSAN,1997,Rabi,Paddy,4744,19042,4.01391231
Karnataka,HASSAN,1997,Rabi,Ragi,15851,18853,1.189388682
Karnataka,HASSAN,1997,Rabi,Rice,4744,12700,2.677065767
Karnataka,HASSAN,1997,Summer,Paddy,8904,41677,4.680705301
Karnataka,HASSAN,1997,Summer,Ragi,788,1459,1.851522843
Karnataka,HASSAN,1997,Summer,Rice,8904,27796,3.121743037
Karnataka,HASSAN,1997,Whole Year,Arecanut,1793,1752,0.977133296
Karnataka,HASSAN,1997,Whole Year,Cardamom,7097,344,0.048471185
Karnataka,HASSAN,1997,Whole Year,Coriander,251,32,0.12749004
Karnataka,HASSAN,1997,Whole Year,Garlic,12,32,2.666666667
Karnataka,HASSAN,1997,Whole Year,Sugarcane,4919,495343,100.699939
Karnataka,HASSAN,1997,Whole Year,Turmeric,16,89,5.5625
Karnataka,HASSAN,1998,Kharif,Arhar/Tur,3730,858,0.23002681
Karnataka,HASSAN,1998,Kharif,Castor seed,4275,1978,0.462690058
Karnataka,HASSAN,1998,Kharif,Cotton(lint),5225,5688,1.08861244
Karnataka,HASSAN,1998,Kharif,Dry ginger,29,378,13.03448276
Karnataka,HASSAN,1998,Kharif,Groundnut,1884,1826,0.969214437
Karnataka,HASSAN,1998,Kharif,Horse-gram,5608,3213,0.572931526
Karnataka,HASSAN,1998,Kharif,Jowar,2375,3315,1.395789474
Karnataka,HASSAN,1998,Kharif,Maize,5057,16901,3.342100059
Karnataka,HASSAN,1998,Kharif,Moong(Green Gram),2937,843,0.287027579
Karnataka,HASSAN,1998,Kharif,Niger seed,5007,872,0.174156181
Karnataka,HASSAN,1998,Kharif,Onion,34,154,4.529411765
Karnataka,HASSAN,1998,Kharif,Peas & beans (Pulses),191,1392,7.287958115
Karnataka,HASSAN,1998,Kharif,Potato,14692,153737,10.46399401
Karnataka,HASSAN,1998,Kharif,Ragi,115642,215818,1.866259663
Karnataka,HASSAN,1998,Kharif,Rapeseed &Mustard,371,100,0.269541779
Karnataka,HASSAN,1998,Kharif,Rice,55878,129213,2.312412756
Karnataka,HASSAN,1998,Kharif,Sesamum,4010,2411,0.601246883
Karnataka,HASSAN,1998,Kharif,Soyabean,57,61,1.070175439
Karnataka,HASSAN,1998,Kharif,Sunflower,8237,6342,0.769940512
Karnataka,HASSAN,1998,Rabi,Gram,3937,909,0.230886462
Karnataka,HASSAN,1998,Rabi,Groundnut,2319,2747,1.184562311
Karnataka,HASSAN,1998,Rabi,Horse-gram,25188,13639,0.54148801
Karnataka,HASSAN,1998,Rabi,Jowar,1558,989,0.63478819
Karnataka,HASSAN,1998,Rabi,Maize,156,304,1.948717949
Karnataka,HASSAN,1998,Rabi,Moong(Green Gram),216,97,0.449074074
Karnataka,HASSAN,1998,Rabi,Onion,3,31,10.33333333
Karnataka,HASSAN,1998,Rabi,Peas & beans (Pulses),16,102,6.375
Karnataka,HASSAN,1998,Rabi,Potato,506,5795,11.45256917
Karnataka,HASSAN,1998,Rabi,Ragi,18889,24563,1.300386468
Karnataka,HASSAN,1998,Rabi,Rice,2937,7771,2.645897174
Karnataka,HASSAN,1998,Rabi,Sunflower,3064,1746,0.569843342
Karnataka,HASSAN,1998,Summer,Maize,29,66,2.275862069
Karnataka,HASSAN,1998,Summer,Onion,3,35,11.66666667
Karnataka,HASSAN,1998,Summer,Peas & beans (Pulses),243,1970,8.106995885
Karnataka,HASSAN,1998,Summer,Potato,205,2369,11.55609756
Karnataka,HASSAN,1998,Summer,Ragi,488,1098,2.25
Karnataka,HASSAN,1998,Summer,Rice,7869,19264,2.448087432
Karnataka,HASSAN,1998,Summer,Sunflower,308,173,0.561688312
Karnataka,HASSAN,1998,Whole Year,Arecanut,1805,9666,5.355124654
Karnataka,HASSAN,1998,Whole Year,Black pepper,211,232,1.099526066
Karnataka,HASSAN,1998,Whole Year,Cardamom,7105,345,0.048557354
Karnataka,HASSAN,1998,Whole Year,Coconut,48845,270410,5.53608353
Karnataka,HASSAN,1998,Whole Year,Coriander,226,28,0.123893805
Karnataka,HASSAN,1998,Whole Year,Dry chillies,1712,4571,2.669976636
Karnataka,HASSAN,1998,Whole Year,Garlic,16,43,2.6875
Karnataka,HASSAN,1998,Whole Year,Turmeric,11,56,5.090909091
Karnataka,HASSAN,1999,Kharif,Arhar/Tur,3134,780,0.248883216
Karnataka,HASSAN,1999,Kharif,Castor seed,4337,2517,0.580355084
Karnataka,HASSAN,1999,Kharif,Cotton(lint),5425,9278,1.710230415
Karnataka,HASSAN,1999,Kharif,Dry ginger,100,1303,13.03
Karnataka,HASSAN,1999,Kharif,Groundnut,3208,2533,0.789588529
Karnataka,HASSAN,1999,Kharif,Horse-gram,2657,1661,0.625141137
Karnataka,HASSAN,1999,Kharif,Jowar,2247,2769,1.232309746
Karnataka,HASSAN,1999,Kharif,Maize,9475,44007,4.644538259
Karnataka,HASSAN,1999,Kharif,Moong(Green Gram),3327,1132,0.340246468
Karnataka,HASSAN,1999,Kharif,Niger seed,4731,824,0.174170366
Karnataka,HASSAN,1999,Kharif,Other Kharif pulses,10435,3092,0.296310494
Karnataka,HASSAN,1999,Kharif,Ragi,97148,138813,1.428881706
Karnataka,HASSAN,1999,Kharif,Rice,54588,153597,2.813750275
Karnataka,HASSAN,1999,Kharif,Sesamum,6278,2326,0.370500159
Karnataka,HASSAN,1999,Kharif,Small millets,138,76,0.550724638
Karnataka,HASSAN,1999,Kharif,Soyabean,61,56,0.918032787
Karnataka,HASSAN,1999,Kharif,Sunflower,6278,4068,0.647977063
Karnataka,HASSAN,1999,Kharif,Urad,1570,510,0.324840764
Karnataka,HASSAN,1999,Rabi,Gram,2014,1182,0.586891758
Karnataka,HASSAN,1999,Rabi,Groundnut,1762,1935,1.098183882
Karnataka,HASSAN,1999,Rabi,Horse-gram,26713,14541,0.544341706
Karnataka,HASSAN,1999,Rabi,Jowar,782,599,0.765984655
Karnataka,HASSAN,1999,Rabi,Maize,1639,3893,2.375228798
Karnataka,HASSAN,1999,Rabi,Moong(Green Gram),233,58,0.248927039
Karnataka,HASSAN,1999,Rabi,Other  Rabi pulses,6004,697,0.116089274
Karnataka,HASSAN,1999,Rabi,Ragi,19251,16956,0.880785414
Karnataka,HASSAN,1999,Rabi,Rapeseed &Mustard,334,90,0.269461078
Karnataka,HASSAN,1999,Rabi,Rice,3189,6383,2.00156789
Karnataka,HASSAN,1999,Rabi,Sunflower,1685,647,0.383976261
Karnataka,HASSAN,1999,Rabi,Urad,196,73,0.37244898
Karnataka,HASSAN,1999,Summer,Maize,200,366,1.83
Karnataka,HASSAN,1999,Summer,Ragi,649,1297,1.998459168
Karnataka,HASSAN,1999,Summer,Rice,9635,23954,2.486144266
Karnataka,HASSAN,1999,Summer,Sunflower,239,135,0.564853556
Karnataka,HASSAN,1999,Whole Year,Banana,1210,26694,22.06115702
Karnataka,HASSAN,1999,Whole Year,Black pepper,361,397,1.099722992
Karnataka,HASSAN,1999,Whole Year,Cardamom,7345,356,0.048468346
Karnataka,HASSAN,1999,Whole Year,Coconut,48984,271179,5.536073003
Karnataka,HASSAN,1999,Whole Year,Coriander,223,28,0.125560538
Karnataka,HASSAN,1999,Whole Year,Dry chillies,1357,2081,1.533529845
Karnataka,HASSAN,1999,Whole Year,Garlic,16,43,2.6875
Karnataka,HASSAN,1999,Whole Year,Onion,67,415,6.194029851
Karnataka,HASSAN,1999,Whole Year,Potato,11247,139906,12.43940606
Karnataka,HASSAN,1999,Whole Year,Sugarcane,5054,576156,114
Karnataka,HASSAN,1999,Whole Year,Sweet potato,232,1413,6.090517241
Karnataka,HASSAN,1999,Whole Year,Tobacco,3934,2433,0.618454499
Karnataka,HASSAN,1999,Whole Year,Turmeric,20,87,4.35
Karnataka,HASSAN,2000,Kharif,Arhar/Tur,3014,722,0.239548772
Karnataka,HASSAN,2000,Kharif,Castor seed,4008,1489,0.371506986
Karnataka,HASSAN,2000,Kharif,Cotton(lint),3462,5608,1.619872906
Karnataka,HASSAN,2000,Kharif,Dry ginger,932,12142,13.027897
Karnataka,HASSAN,2000,Kharif,Groundnut,1167,1172,1.00428449
Karnataka,HASSAN,2000,Kharif,Horse-gram,5835,1591,0.272664953
Karnataka,HASSAN,2000,Kharif,Jowar,1481,2342,1.581363943
Karnataka,HASSAN,2000,Kharif,Maize,13708,56049,4.088780274
Karnataka,HASSAN,2000,Kharif,Moong(Green Gram),2651,1050,0.396076952
Karnataka,HASSAN,2000,Kharif,Niger seed,10066,1754,0.17424995
Karnataka,HASSAN,2000,Kharif,Other Kharif pulses,10962,3048,0.27805145
Karnataka,HASSAN,2000,Kharif,Ragi,114138,200464,1.756330057
Karnataka,HASSAN,2000,Kharif,Rice,54598,131867,2.41523499
Karnataka,HASSAN,2000,Kharif,Sesamum,4987,2260,0.453178263
Karnataka,HASSAN,2000,Kharif,Small millets,185,139,0.751351351
Karnataka,HASSAN,2000,Kharif,Soyabean,40,42,1.05
Karnataka,HASSAN,2000,Kharif,Sunflower,4187,3728,0.89037497
Karnataka,HASSAN,2000,Kharif,Urad,968,498,0.51446281
Karnataka,HASSAN,2000,Rabi,Gram,965,469,0.486010363
Karnataka,HASSAN,2000,Rabi,Groundnut,3108,3413,1.098133848
Karnataka,HASSAN,2000,Rabi,Horse-gram,22404,9407,0.419880379
Karnataka,HASSAN,2000,Rabi,Jowar,380,353,0.928947368
Karnataka,HASSAN,2000,Rabi,Maize,994,1974,1.985915493
Karnataka,HASSAN,2000,Rabi,Moong(Green Gram),165,44,0.266666667
Karnataka,HASSAN,2000,Rabi,Other  Rabi pulses,3667,440,0.119989092
Karnataka,HASSAN,2000,Rabi,Ragi,15276,8809,0.576656193
Karnataka,HASSAN,2000,Rabi,Rapeseed &Mustard,390,105,0.269230769
Karnataka,HASSAN,2000,Rabi,Rice,2006,4581,2.283649053
Karnataka,HASSAN,2000,Rabi,Sunflower,414,248,0.599033816
Karnataka,HASSAN,2000,Rabi,Urad,183,64,0.349726776
Karnataka,HASSAN,2000,Summer,Maize,51,143,2.803921569
Karnataka,HASSAN,2000,Summer,Ragi,818,1622,1.982885086
Karnataka,HASSAN,2000,Summer,Rice,11638,33622,2.888984362
Karnataka,HASSAN,2000,Summer,Sunflower,63,45,0.714285714
Karnataka,HASSAN,2000,Whole Year,Arecanut,1922,1878,0.97710718
Karnataka,HASSAN,2000,Whole Year,Banana,2012,35055,17.42296223
Karnataka,HASSAN,2000,Whole Year,Black pepper,414,455,1.099033816
Karnataka,HASSAN,2000,Whole Year,Cardamom,7403,359,0.048493854
Karnataka,HASSAN,2000,Whole Year,Coconut,49079,271705,5.536074492
Karnataka,HASSAN,2000,Whole Year,Coriander,138,17,0.123188406
Karnataka,HASSAN,2000,Whole Year,Dry chillies,1686,2843,1.68623962
Karnataka,HASSAN,2000,Whole Year,Garlic,4,11,2.75
Karnataka,HASSAN,2000,Whole Year,Onion,230,1255,5.456521739
Karnataka,HASSAN,2000,Whole Year,Potato,14230,142180,9.991567112
Karnataka,HASSAN,2000,Whole Year,Sugarcane,5560,623276,112.1
Karnataka,HASSAN,2000,Whole Year,Sweet potato,240,1463,6.095833333
Karnataka,HASSAN,2000,Whole Year,Tobacco,3897,2636,0.676417757
Karnataka,HASSAN,2000,Whole Year,Turmeric,22,98,4.454545455
Karnataka,HASSAN,2001,Kharif,Arhar/Tur,2478,497,0.200564972
Karnataka,HASSAN,2001,Kharif,Castor seed,3711,1685,0.454055511
Karnataka,HASSAN,2001,Kharif,Cotton(lint),2326,4147,1.78288908
Karnataka,HASSAN,2001,Kharif,Dry ginger,1053,13719,13.02849003
Karnataka,HASSAN,2001,Kharif,Groundnut,1897,1274,0.671586716
Karnataka,HASSAN,2001,Kharif,Horse-gram,3890,2380,0.611825193
Karnataka,HASSAN,2001,Kharif,Jowar,1085,1755,1.617511521
Karnataka,HASSAN,2001,Kharif,Maize,12840,53488,4.165732087
Karnataka,HASSAN,2001,Kharif,Moong(Green Gram),1830,954,0.521311475
Karnataka,HASSAN,2001,Kharif,Niger seed,6094,1062,0.174269774
Karnataka,HASSAN,2001,Kharif,Other Kharif pulses,12761,3470,0.271922263
Karnataka,HASSAN,2001,Kharif,Ragi,100335,170597,1.700274082
Karnataka,HASSAN,2001,Kharif,Rice,52286,132604,2.536128218
Karnataka,HASSAN,2001,Kharif,Sesamum,2838,1318,0.464411557
Karnataka,HASSAN,2001,Kharif,Small millets,160,103,0.64375
Karnataka,HASSAN,2001,Kharif,Soyabean,18,15,0.833333333
Karnataka,HASSAN,2001,Kharif,Sunflower,1794,1696,0.945373467
Karnataka,HASSAN,2001,Kharif,Urad,828,54,0.065217391
Karnataka,HASSAN,2001,Rabi,Gram,1585,931,0.587381703
Karnataka,HASSAN,2001,Rabi,Horse-gram,28949,10781,0.372413555
Karnataka,HASSAN,2001,Rabi,Jowar,1070,663,0.619626168
Karnataka,HASSAN,2001,Rabi,Maize,2172,4215,1.940607735
Karnataka,HASSAN,2001,Rabi,Moong(Green Gram),231,68,0.294372294
Karnataka,HASSAN,2001,Rabi,Other  Rabi pulses,3439,416,0.120965397
Karnataka,HASSAN,2001,Rabi,Ragi,15015,13707,0.912887113
Karnataka,HASSAN,2001,Rabi,Rapeseed &Mustard,395,107,0.270886076
Karnataka,HASSAN,2001,Rabi,Rice,1952,4840,2.479508197
Karnataka,HASSAN,2001,Rabi,Sunflower,346,214,0.61849711
Karnataka,HASSAN,2001,Rabi,Urad,338,127,0.375739645
Karnataka,HASSAN,2001,Summer,Maize,95,250,2.631578947
Karnataka,HASSAN,2001,Summer,Ragi,232,356,1.534482759
Karnataka,HASSAN,2001,Summer,Rice,2928,6693,2.285860656
Karnataka,HASSAN,2001,Summer,Sunflower,6,5,0.833333333
Karnataka,HASSAN,2001,Whole Year,Arecanut,2128,2079,0.976973684
Karnataka,HASSAN,2001,Whole Year,Black pepper,802,881,1.098503741
Karnataka,HASSAN,2001,Whole Year,Coconut,55056,228596,4.152063354
Karnataka,HASSAN,2001,Whole Year,Coriander,282,35,0.124113475
Karnataka,HASSAN,2001,Whole Year,Dry chillies,1923,5573,2.898075923
Karnataka,HASSAN,2001,Whole Year,Onion,326,2212,6.785276074
Karnataka,HASSAN,2001,Whole Year,Peas & beans (Pulses),897,6607,7.365663322
Karnataka,HASSAN,2001,Whole Year,Potato,15367,138495,9.012494306
Karnataka,HASSAN,2001,Whole Year,Sugarcane,7159,720911,100.6999581
Karnataka,HASSAN,2001,Whole Year,Turmeric,18,93,5.166666667
Karnataka,HASSAN,2002,Kharif,Arhar/Tur,2186,359,0.164226898
Karnataka,HASSAN,2002,Kharif,Castor seed,2040,802,0.393137255
Karnataka,HASSAN,2002,Kharif,Cotton(lint),1802,957,0.531076582
Karnataka,HASSAN,2002,Kharif,Dry ginger,2123,27659,13.02826189
Karnataka,HASSAN,2002,Kharif,Groundnut,590,314,0.53220339
Karnataka,HASSAN,2002,Kharif,Horse-gram,6896,1336,0.193735499
Karnataka,HASSAN,2002,Kharif,Jowar,2837,2014,0.709904829
Karnataka,HASSAN,2002,Kharif,Maize,16137,51034,3.162545702
Karnataka,HASSAN,2002,Kharif,Moong(Green Gram),3469,511,0.147304699
Karnataka,HASSAN,2002,Kharif,Niger seed,4001,697,0.174206448
Karnataka,HASSAN,2002,Kharif,Other Kharif pulses,7569,2024,0.267406527
Karnataka,HASSAN,2002,Kharif,Ragi,82096,89454,1.089626778
Karnataka,HASSAN,2002,Kharif,Rice,45807,76209,1.663697688
Karnataka,HASSAN,2002,Kharif,Sesamum,3914,1629,0.416198263
Karnataka,HASSAN,2002,Kharif,Small millets,145,111,0.765517241
Karnataka,HASSAN,2002,Kharif,Soyabean,2,2,1
Karnataka,HASSAN,2002,Kharif,Sunflower,7042,2763,0.392360125
Karnataka,HASSAN,2002,Kharif,Urad,751,107,0.142476698
Karnataka,HASSAN,2002,Rabi,Gram,1898,970,0.511064278
Karnataka,HASSAN,2002,Rabi,Groundnut,1776,1569,0.883445946
Karnataka,HASSAN,2002,Rabi,Horse-gram,25827,4809,0.186200488
Karnataka,HASSAN,2002,Rabi,Jowar,5041,3295,0.653640151
Karnataka,HASSAN,2002,Rabi,Maize,2972,7353,2.474091521
Karnataka,HASSAN,2002,Rabi,Moong(Green Gram),46,8,0.173913043
Karnataka,HASSAN,2002,Rabi,Other  Rabi pulses,8923,1106,0.123949344
Karnataka,HASSAN,2002,Rabi,Ragi,33016,14114,0.427489702
Karnataka,HASSAN,2002,Rabi,Rapeseed &Mustard,242,65,0.268595041
Karnataka,HASSAN,2002,Rabi,Rice,1830,3115,1.702185792
Karnataka,HASSAN,2002,Rabi,Sunflower,187,83,0.443850267
Karnataka,HASSAN,2002,Rabi,Urad,221,26,0.117647059
Karnataka,HASSAN,2002,Summer,Maize,55,141,2.563636364
Karnataka,HASSAN,2002,Summer,Ragi,281,322,1.145907473
Karnataka,HASSAN,2002,Summer,Rice,1147,2880,2.510897995
Karnataka,HASSAN,2002,Summer,Sunflower,21,13,0.619047619
Karnataka,HASSAN,2002,Whole Year,Arcanut (Processed),3171,3098,0.976978871
Karnataka,HASSAN,2002,Whole Year,Atcanut (Raw),3171,16980,5.354777673
Karnataka,HASSAN,2002,Whole Year,Banana,2444,41169,16.84492635
Karnataka,HASSAN,2002,Whole Year,Beans & Mutter(Vegetable),855,5834,6.823391813
Karnataka,HASSAN,2002,Whole Year,Black pepper,1293,1421,1.098994586
Karnataka,HASSAN,2002,Whole Year,Brinjal,2157,17499,8.112656467
Karnataka,HASSAN,2002,Whole Year,Cardamom,7443,361,0.048501948
Karnataka,HASSAN,2002,Whole Year,Cashewnut Processed,20,4,0.2
Karnataka,HASSAN,2002,Whole Year,Cashewnut Raw,20,15,0.75
Karnataka,HASSAN,2002,Whole Year,Citrus Fruit,97,1683,17.35051546
Karnataka,HASSAN,2002,Whole Year,Coconut,57885,240342,4.152060119
Karnataka,HASSAN,2002,Whole Year,Coriander,473,59,0.124735729
Karnataka,HASSAN,2002,Whole Year,Dry chillies,3439,10416,3.028787438
Karnataka,HASSAN,2002,Whole Year,Garlic,35,94,2.685714286
Karnataka,HASSAN,2002,Whole Year,Mango,1925,9698,5.037922078
Karnataka,HASSAN,2002,Whole Year,Onion,325,1785,5.492307692
Karnataka,HASSAN,2002,Whole Year,Other Fresh Fruits,320,1568,4.9
Karnataka,HASSAN,2002,Whole Year,Papaya,55,90,1.636363636
Karnataka,HASSAN,2002,Whole Year,Pome Fruit,209,552,2.641148325
Karnataka,HASSAN,2002,Whole Year,Potato,35647,50077,1.404802648
Karnataka,HASSAN,2002,Whole Year,Sugarcane,8610,842488,97.84994193
Karnataka,HASSAN,2002,Whole Year,Sweet potato,209,1273,6.090909091
Karnataka,HASSAN,2002,Whole Year,Tobacco,7165,4894,0.683042568
Karnataka,HASSAN,2002,Whole Year,Tomato,2501,25279,10.10755698
Karnataka,HASSAN,2002,Whole Year,Turmeric,31,134,4.322580645
Karnataka,HASSAN,2003,Kharif,Arhar/Tur,2155,336,0.155916473
Karnataka,HASSAN,2003,Kharif,Castor seed,2548,663,0.260204082
Karnataka,HASSAN,2003,Kharif,Cotton(lint),169,133,0.786982249
Karnataka,HASSAN,2003,Kharif,Dry ginger,1326,17276,13.02865762
Karnataka,HASSAN,2003,Kharif,Groundnut,256,103,0.40234375
Karnataka,HASSAN,2003,Kharif,Horse-gram,5109,1335,0.261303582
Karnataka,HASSAN,2003,Kharif,Jowar,1770,1064,0.601129944
Karnataka,HASSAN,2003,Kharif,Maize,20683,36743,1.776483102
Karnataka,HASSAN,2003,Kharif,Moong(Green Gram),726,1,0.00137741
Karnataka,HASSAN,2003,Kharif,Niger seed,2715,473,0.174217311
Karnataka,HASSAN,2003,Kharif,Other Kharif pulses,10918,3078,0.281919766
Karnataka,HASSAN,2003,Kharif,Ragi,101116,91377,0.903684877
Karnataka,HASSAN,2003,Kharif,Rice,37991,63113,1.661261878
Karnataka,HASSAN,2003,Kharif,Sesamum,1352,465,0.343934911
Karnataka,HASSAN,2003,Kharif,Soyabean,5,2,0.4
Karnataka,HASSAN,2003,Kharif,Sunflower,5600,1468,0.262142857
Karnataka,HASSAN,2003,Kharif,Urad,435,110,0.252873563
Karnataka,HASSAN,2003,Rabi,Gram,2558,864,0.337763878
Karnataka,HASSAN,2003,Rabi,Groundnut,688,669,0.972383721
Karnataka,HASSAN,2003,Rabi,Horse-gram,12428,2810,0.22610235
Karnataka,HASSAN,2003,Rabi,Jowar,4035,1574,0.390086741
Karnataka,HASSAN,2003,Rabi,Maize,1141,1498,1.312883436
Karnataka,HASSAN,2003,Rabi,Moong(Green Gram),46,13,0.282608696
Karnataka,HASSAN,2003,Rabi,Other  Rabi pulses,2604,303,0.116359447
Karnataka,HASSAN,2003,Rabi,Ragi,41181,2543,0.061751779
Karnataka,HASSAN,2003,Rabi,Rapeseed &Mustard,485,131,0.270103093
Karnataka,HASSAN,2003,Rabi,Rice,793,1318,1.662042875
Karnataka,HASSAN,2003,Rabi,Sunflower,173,63,0.36416185
Karnataka,HASSAN,2003,Rabi,Urad,72,10,0.138888889
Karnataka,HASSAN,2003,Summer,Maize,95,239,2.515789474
Karnataka,HASSAN,2003,Summer,Ragi,241,287,1.190871369
Karnataka,HASSAN,2003,Summer,Rice,749,3258,4.349799733
Karnataka,HASSAN,2003,Whole Year,Arecanut,3193,3120,0.977137488
Karnataka,HASSAN,2003,Whole Year,Banana,1469,8367,5.695711368
Karnataka,HASSAN,2003,Whole Year,Beans & Mutter(Vegetable),193,1321,6.844559585
Karnataka,HASSAN,2003,Whole Year,Black pepper,1432,1574,1.099162011
Karnataka,HASSAN,2003,Whole Year,Brinjal,1083,9680,8.938134811
Karnataka,HASSAN,2003,Whole Year,Cardamom,7489,363,0.048471091
Karnataka,HASSAN,2003,Whole Year,Citrus Fruit,97,1534,15.81443299
Karnataka,HASSAN,2003,Whole Year,Coconut,60075,249435,4.152059925
Karnataka,HASSAN,2003,Whole Year,Coriander,54,7,0.12962963
Karnataka,HASSAN,2003,Whole Year,Dry chillies,1436,2969,2.067548747
Karnataka,HASSAN,2003,Whole Year,Garlic,40,107,2.675
Karnataka,HASSAN,2003,Whole Year,Grapes,2,59,29.5
Karnataka,HASSAN,2003,Whole Year,Mango,559,3478,6.221824687
Karnataka,HASSAN,2003,Whole Year,Onion,240,693,2.8875
Karnataka,HASSAN,2003,Whole Year,Other Fresh Fruits,271,510,1.881918819
Karnataka,HASSAN,2003,Whole Year,Pome Fruit,80,149,1.8625
Karnataka,HASSAN,2003,Whole Year,Potato,35363,155712,4.403246331
Karnataka,HASSAN,2003,Whole Year,Sugarcane,3792,392662,103.5501055
Karnataka,HASSAN,2003,Whole Year,Sweet potato,199,1213,6.095477387
Karnataka,HASSAN,2003,Whole Year,Tobacco,6287,4330,0.688722761
Karnataka,HASSAN,2003,Whole Year,Tomato,1311,13285,10.13348589
Karnataka,HASSAN,2003,Whole Year,Turmeric,10,49,4.9
Karnataka,HASSAN,2004,Kharif,Arhar/Tur,2111,921,0.43628612
Karnataka,HASSAN,2004,Kharif,Castor seed,2435,1131,0.464476386
Karnataka,HASSAN,2004,Kharif,Cotton(lint),1809,1795,0.992260918
Karnataka,HASSAN,2004,Kharif,Dry ginger,3466,45156,13.02827467
Karnataka,HASSAN,2004,Kharif,Groundnut,1332,941,0.706456456
Karnataka,HASSAN,2004,Kharif,Horse-gram,11789,7101,0.602341165
Karnataka,HASSAN,2004,Kharif,Jowar,3735,4238,1.134672021
Karnataka,HASSAN,2004,Kharif,Maize,26722,88000,3.293166679
Karnataka,HASSAN,2004,Kharif,Moong(Green Gram),3732,585,0.156752412
Karnataka,HASSAN,2004,Kharif,Niger seed,4991,870,0.174313765
Karnataka,HASSAN,2004,Kharif,Other Kharif pulses,12831,3720.99,0.29
Karnataka,HASSAN,2004,Kharif,Ragi,90029,160600,1.783869642
Karnataka,HASSAN,2004,Kharif,Rice,51406,128437.89,2.498499981
Karnataka,HASSAN,2004,Kharif,Sesamum,4955,3088,0.62320888
Karnataka,HASSAN,2004,Kharif,Small millets,319,230,0.721003135
Karnataka,HASSAN,2004,Kharif,Soyabean,4,3,0.75
Karnataka,HASSAN,2004,Kharif,Sunflower,9778,8481,0.867355287
Karnataka,HASSAN,2004,Kharif,Urad,1152,132,0.114583333
Karnataka,HASSAN,2004,Rabi,Gram,2864,1096,0.382681564
Karnataka,HASSAN,2004,Rabi,Groundnut,1418,2104,1.483779972
Karnataka,HASSAN,2004,Rabi,Horse-gram,9001,3053,0.339184535
Karnataka,HASSAN,2004,Rabi,Jowar,1525,900,0.590163934
Karnataka,HASSAN,2004,Rabi,Maize,3287,9866,3.001521144
Karnataka,HASSAN,2004,Rabi,Moong(Green Gram),134,33,0.246268657
Karnataka,HASSAN,2004,Rabi,Other  Rabi pulses,2865,343,0.119720768
Karnataka,HASSAN,2004,Rabi,Ragi,18776,8275,0.440722199
Karnataka,HASSAN,2004,Rabi,Rapeseed &Mustard,408,110,0.269607843
Karnataka,HASSAN,2004,Rabi,Rice,695,2857,4.110791367
Karnataka,HASSAN,2004,Rabi,Sunflower,615,216,0.351219512
Karnataka,HASSAN,2004,Rabi,Urad,144,50,0.347222222
Karnataka,HASSAN,2004,Summer,Maize,62,190,3.064516129
Karnataka,HASSAN,2004,Summer,Ragi,49,78,1.591836735
Karnataka,HASSAN,2004,Summer,Rice,1083,4042,3.7322253
Karnataka,HASSAN,2004,Summer,Sunflower,5,3,0.6
Karnataka,HASSAN,2004,Whole Year,Arecanut,3483,3403,0.977031295
Karnataka,HASSAN,2004,Whole Year,Banana,2728,14649,5.369868035
Karnataka,HASSAN,2004,Whole Year,Black pepper,1648,1811,1.098907767
Karnataka,HASSAN,2004,Whole Year,Cardamom,7555,366,0.048444739
Karnataka,HASSAN,2004,Whole Year,Coconut,61098,2562450.12,41.94
Karnataka,HASSAN,2004,Whole Year,Coriander,171,21,0.122807018
Karnataka,HASSAN,2004,Whole Year,Dry chillies,2261,4306,1.90446705
Karnataka,HASSAN,2004,Whole Year,Garlic,17,45,2.647058824
Karnataka,HASSAN,2004,Whole Year,Onion,107,624,5.831775701
Karnataka,HASSAN,2004,Whole Year,Potato,36151,183135,5.06583497
Karnataka,HASSAN,2004,Whole Year,Sweet potato,68,414,6.088235294
Karnataka,HASSAN,2004,Whole Year,Tobacco,7876,6487,0.823641442
Karnataka,HASSAN,2004,Whole Year,Turmeric,81,385,4.75308642
Karnataka,HASSAN,2005,Kharif,Arhar/Tur,2706,1162,0.429416112
Karnataka,HASSAN,2005,Kharif,Castor seed,2923,2072,0.708860759
Karnataka,HASSAN,2005,Kharif,Dry chillies,1198,871,0.727045075
Karnataka,HASSAN,2005,Kharif,Groundnut,921,457,0.496199783
Karnataka,HASSAN,2005,Kharif,Horse-gram,1757,816,0.464428002
Karnataka,HASSAN,2005,Kharif,Jowar,2300,3371,1.465652174
Karnataka,HASSAN,2005,Kharif,Maize,25909,76276,2.943996295
Karnataka,HASSAN,2005,Kharif,Moong(Green Gram),2494,517,0.207297514
Karnataka,HASSAN,2005,Kharif,Niger seed,4700,819,0.174255319
Karnataka,HASSAN,2005,Kharif,Onion,157,875,5.573248408
Karnataka,HASSAN,2005,Kharif,Other Kharif pulses,9198,2534,0.275494673
Karnataka,HASSAN,2005,Kharif,Peas & beans (Pulses),104,697,6.701923077
Karnataka,HASSAN,2005,Kharif,Potato,55716,185997,3.338304975
Karnataka,HASSAN,2005,Kharif,Ragi,85414,134077,1.569730957
Karnataka,HASSAN,2005,Kharif,Rice,46309,105878,2.286337429
Karnataka,HASSAN,2005,Kharif,Sesamum,3631,4401,1.212062793
Karnataka,HASSAN,2005,Kharif,Small millets,147,33,0.224489796
Karnataka,HASSAN,2005,Kharif,Sunflower,11482,9290,0.809092493
Karnataka,HASSAN,2005,Kharif,Urad,580,114,0.196551724
Karnataka,HASSAN,2005,Rabi,Dry chillies,87,218,2.505747126
Karnataka,HASSAN,2005,Rabi,Gram,1702,758,0.445358402
Karnataka,HASSAN,2005,Rabi,Groundnut,1274,2113,1.65855573
Karnataka,HASSAN,2005,Rabi,Horse-gram,16049,5916,0.368621098
Karnataka,HASSAN,2005,Rabi,Jowar,772,423,0.547927461
Karnataka,HASSAN,2005,Rabi,Maize,6087,17832,2.929521932
Karnataka,HASSAN,2005,Rabi,Moong(Green Gram),166,49,0.295180723
Karnataka,HASSAN,2005,Rabi,Other  Rabi pulses,2932,346,0.118008186
Karnataka,HASSAN,2005,Rabi,Peas & beans (Pulses),12,84,7
Karnataka,HASSAN,2005,Rabi,Potato,50,904,18.08
Karnataka,HASSAN,2005,Rabi,Ragi,21152,25350,1.19846823
Karnataka,HASSAN,2005,Rabi,Rapeseed &Mustard,204,55,0.269607843
Karnataka,HASSAN,2005,Rabi,Rice,651,1123,1.725038402
Karnataka,HASSAN,2005,Rabi,Sunflower,1597,1217,0.762053851
Karnataka,HASSAN,2005,Rabi,Urad,148,71,0.47972973
Karnataka,HASSAN,2005,Summer,Dry chillies,852,2676,3.14084507
Karnataka,HASSAN,2005,Summer,Maize,229,708,3.091703057
Karnataka,HASSAN,2005,Summer,Peas & beans (Pulses),23,116,5.043478261
Karnataka,HASSAN,2005,Summer,Potato,25,360,14.4
Karnataka,HASSAN,2005,Summer,Ragi,271,592,2.184501845
Karnataka,HASSAN,2005,Summer,Rice,5572,12455,2.235283561
Karnataka,HASSAN,2005,Summer,Sunflower,15,12,0.8
Karnataka,HASSAN,2005,Whole Year,Arecanut,3680,19706,5.354891304
Karnataka,HASSAN,2005,Whole Year,Banana,3211,55509,17.28713796
Karnataka,HASSAN,2005,Whole Year,Black pepper,2689,2955,1.098921532
Karnataka,HASSAN,2005,Whole Year,Cardamom,7555,366,0.048444739
Karnataka,HASSAN,2005,Whole Year,Coconut,61775,256494,4.152067989
Karnataka,HASSAN,2005,Whole Year,Coriander,153,19,0.124183007
Karnataka,HASSAN,2005,Whole Year,Cotton(lint),1249,1221,0.977582066
Karnataka,HASSAN,2005,Whole Year,Dry ginger,11763,153253,13.02839412
Karnataka,HASSAN,2005,Whole Year,Garlic,10,27,2.7
Karnataka,HASSAN,2005,Whole Year,Sugarcane,2542,258394,101.649882
Karnataka,HASSAN,2005,Whole Year,Sweet potato,58,353,6.086206897
Karnataka,HASSAN,2005,Whole Year,Tobacco,8964,4777,0.532909415
Karnataka,HASSAN,2005,Whole Year,Turmeric,115,614,5.339130435
Karnataka,HASSAN,2006,Kharif,Arhar/Tur,2478,838,0.338175948
Karnataka,HASSAN,2006,Kharif,Castor seed,2584,1404,0.543343653
Karnataka,HASSAN,2006,Kharif,Gram,603,82,0.135986733
Karnataka,HASSAN,2006,Kharif,Groundnut,1246,463,0.371589085
Karnataka,HASSAN,2006,Kharif,Horse-gram,3173,1522,0.479672234
Karnataka,HASSAN,2006,Kharif,Jowar,4167,3058,0.733861291
Karnataka,HASSAN,2006,Kharif,Maize,34116,106492,3.121467933
Karnataka,HASSAN,2006,Kharif,Moong(Green Gram),2619,1169,0.44635357
Karnataka,HASSAN,2006,Kharif,Niger seed,4152,723,0.174132948
Karnataka,HASSAN,2006,Kharif,Other Kharif pulses,6459,3780,0.585229912
Karnataka,HASSAN,2006,Kharif,Ragi,50273,66852,1.329779404
Karnataka,HASSAN,2006,Kharif,Rapeseed &Mustard,217,59,0.271889401
Karnataka,HASSAN,2006,Kharif,Rice,48517,117396,2.419687944
Karnataka,HASSAN,2006,Kharif,Sesamum,3748,3215,0.857790822
Karnataka,HASSAN,2006,Kharif,Small millets,790,131,0.165822785
Karnataka,HASSAN,2006,Kharif,Sunflower,14642,5070,0.346264172
Karnataka,HASSAN,2006,Kharif,Urad,603,82,0.135986733
Karnataka,HASSAN,2006,Rabi,Gram,3020,1610,0.533112583
Karnataka,HASSAN,2006,Rabi,Groundnut,424,395,0.931603774
Karnataka,HASSAN,2006,Rabi,Horse-gram,17310,6759,0.390467938
Karnataka,HASSAN,2006,Rabi,Jowar,1751,824,0.470588235
Karnataka,HASSAN,2006,Rabi,Maize,6848,22729,3.319071262
Karnataka,HASSAN,2006,Rabi,Moong(Green Gram),67,20,0.298507463
Karnataka,HASSAN,2006,Rabi,Other  Rabi pulses,5396,1405,0.260378058
Karnataka,HASSAN,2006,Rabi,Ragi,30450,24878,0.817011494
Karnataka,HASSAN,2006,Rabi,Rice,373,944,2.530831099
Karnataka,HASSAN,2006,Rabi,Sunflower,992,764,0.77016129
Karnataka,HASSAN,2006,Rabi,Urad,139,73,0.525179856
Karnataka,HASSAN,2006,Summer,Maize,215,689,3.204651163
Karnataka,HASSAN,2006,Summer,Ragi,194,412,2.12371134
Karnataka,HASSAN,2006,Summer,Rice,2850,8160,2.863157895
Karnataka,HASSAN,2006,Summer,Sunflower,4,3,0.75
Karnataka,HASSAN,2006,Whole Year,Arecanut,3819,3732,0.977219167
Karnataka,HASSAN,2006,Whole Year,Banana,3135,65954,21.03795853
Karnataka,HASSAN,2006,Whole Year,Black pepper,2752,3024,1.098837209
Karnataka,HASSAN,2006,Whole Year,Cardamom,7560,367,0.048544974
Karnataka,HASSAN,2006,Whole Year,Coconut,61788,256547,4.152052178
Karnataka,HASSAN,2006,Whole Year,Coriander,172,22,0.127906977
Karnataka,HASSAN,2006,Whole Year,Cotton(lint),3106,2551,0.821313587
Karnataka,HASSAN,2006,Whole Year,Dry chillies,2084,6681,3.205854127
Karnataka,HASSAN,2006,Whole Year,Dry ginger,6910,90026,13.02836469
Karnataka,HASSAN,2006,Whole Year,Garlic,8,21,2.625
Karnataka,HASSAN,2006,Whole Year,Onion,144,802,5.569444444
Karnataka,HASSAN,2006,Whole Year,Potato,42834,263565,6.153172713
Karnataka,HASSAN,2006,Whole Year,Sannhamp,6,1,0.166666667
Karnataka,HASSAN,2006,Whole Year,Sugarcane,5730,664107,115.9
Karnataka,HASSAN,2006,Whole Year,Sweet potato,63,384,6.095238095
Karnataka,HASSAN,2006,Whole Year,Tobacco,8875,7074,0.797070423
Karnataka,HASSAN,2006,Whole Year,Turmeric,50,44,0.88
Karnataka,HASSAN,2007,Kharif,Arhar/Tur,2072,758,0.365830116
Karnataka,HASSAN,2007,Kharif,Castor seed,2504,1246,0.497603834
Karnataka,HASSAN,2007,Kharif,Dry chillies,1142,1028,0.900175131
Karnataka,HASSAN,2007,Kharif,Groundnut,630,516,0.819047619
Karnataka,HASSAN,2007,Kharif,Horse-gram,1245,615,0.493975904
Karnataka,HASSAN,2007,Kharif,Jowar,3046,3385,1.1112935
Karnataka,HASSAN,2007,Kharif,Maize,39669,123676,3.117698959
Karnataka,HASSAN,2007,Kharif,Moong(Green Gram),2364,456,0.192893401
Karnataka,HASSAN,2007,Kharif,Niger seed,3777,1421,0.376224517
Karnataka,HASSAN,2007,Kharif,Onion,159,948,5.962264151
Karnataka,HASSAN,2007,Kharif,Other Kharif pulses,8128,3507,0.431471457
Karnataka,HASSAN,2007,Kharif,Potato,43327,110804,2.557389157
Karnataka,HASSAN,2007,Kharif,Ragi,59178,79869,1.349640069
Karnataka,HASSAN,2007,Kharif,Rapeseed &Mustard,156,57,0.365384615
Karnataka,HASSAN,2007,Kharif,Rice,46186,113954,2.467284458
Karnataka,HASSAN,2007,Kharif,Sesamum,2840,1532,0.53943662
Karnataka,HASSAN,2007,Kharif,Small millets,120,82,0.683333333
Karnataka,HASSAN,2007,Kharif,Sunflower,14374,8456,0.588284402
Karnataka,HASSAN,2007,Kharif,Urad,648,279,0.430555556
Karnataka,HASSAN,2007,Rabi,Dry chillies,240,419,1.745833333
Karnataka,HASSAN,2007,Rabi,Gram,1726,972,0.563151796
Karnataka,HASSAN,2007,Rabi,Groundnut,680,453,0.666176471
Karnataka,HASSAN,2007,Rabi,Horse-gram,14182,5780,0.407558877
Karnataka,HASSAN,2007,Rabi,Jowar,432,269,0.622685185
Karnataka,HASSAN,2007,Rabi,Maize,7299,23706,3.24784217
Karnataka,HASSAN,2007,Rabi,Moong(Green Gram),46,15,0.326086957
Karnataka,HASSAN,2007,Rabi,Other  Rabi pulses,4269,1129,0.264464746
Karnataka,HASSAN,2007,Rabi,Potato,26,320,12.30769231
Karnataka,HASSAN,2007,Rabi,Ragi,16284,18143,1.11416114
Karnataka,HASSAN,2007,Rabi,Rice,220,446,2.027272727
Karnataka,HASSAN,2007,Rabi,Sunflower,734,551,0.750681199
Karnataka,HASSAN,2007,Rabi,Urad,46,18,0.391304348
Karnataka,HASSAN,2007,Summer,Dry chillies,825,4401,5.334545455
Karnataka,HASSAN,2007,Summer,Maize,465,1501,3.227956989
Karnataka,HASSAN,2007,Summer,Ragi,189,393,2.079365079
Karnataka,HASSAN,2007,Summer,Rice,6019,14249,2.367336767
Karnataka,HASSAN,2007,Summer,Sunflower,43,44,1.023255814
Karnataka,HASSAN,2007,Whole Year,Arecanut,3880,20777,5.354896907
Karnataka,HASSAN,2007,Whole Year,Banana,3313,52143,15.73890733
Karnataka,HASSAN,2007,Whole Year,Black pepper,2784,10280,3.692528736
Karnataka,HASSAN,2007,Whole Year,Cardamom,7554,411,0.054408261
Karnataka,HASSAN,2007,Whole Year,Coconut,61805,296879,4.803478683
Karnataka,HASSAN,2007,Whole Year,Coriander,121,42,0.347107438
Karnataka,HASSAN,2007,Whole Year,Cotton(lint),1108,966,0.871841155
Karnataka,HASSAN,2007,Whole Year,Dry ginger,6425,146552,22.80964981
Karnataka,HASSAN,2007,Whole Year,Garlic,5,5,1
Karnataka,HASSAN,2007,Whole Year,Sugarcane,5049,412503,81.69994058
Karnataka,HASSAN,2007,Whole Year,Sweet potato,67,408,6.089552239
Karnataka,HASSAN,2007,Whole Year,Tobacco,9315,6487,0.69640365
Karnataka,HASSAN,2007,Whole Year,Turmeric,97,754,7.773195876
Karnataka,HASSAN,2008,Kharif,Arhar/Tur,1757,614,0.349459306
Karnataka,HASSAN,2008,Kharif,Castor seed,2766,1553,0.561460593
Karnataka,HASSAN,2008,Kharif,Dry chillies,1152,2520,2.1875
Karnataka,HASSAN,2008,Kharif,Groundnut,509,293,0.575638507
Karnataka,HASSAN,2008,Kharif,Horse-gram,805,379,0.470807453
Karnataka,HASSAN,2008,Kharif,Jowar,2854,3199,1.120882971
Karnataka,HASSAN,2008,Kharif,Maize,33769,113332,3.356095828
Karnataka,HASSAN,2008,Kharif,Moong(Green Gram),2231,407,0.182429404
Karnataka,HASSAN,2008,Kharif,Niger seed,3059,1429,0.467146126
Karnataka,HASSAN,2008,Kharif,Onion,133,690,5.187969925
Karnataka,HASSAN,2008,Kharif,Other Kharif pulses,9145,3402,0.372006561
Karnataka,HASSAN,2008,Kharif,Potato,57481,78143,1.359457908
Karnataka,HASSAN,2008,Kharif,Ragi,55121,80225,1.455434408
Karnataka,HASSAN,2008,Kharif,Rice,47315,115969.07,2.451000106
Karnataka,HASSAN,2008,Kharif,Sesamum,2812,1205,0.428520626
Karnataka,HASSAN,2008,Kharif,Sunflower,13994,7503,0.536158354
Karnataka,HASSAN,2008,Kharif,Urad,541,144,0.266173752
Karnataka,HASSAN,2008,Rabi,Dry chillies,267,453,1.696629213
Karnataka,HASSAN,2008,Rabi,Gram,1918,1567,0.816996872
Karnataka,HASSAN,2008,Rabi,Groundnut,294,372,1.265306122
Karnataka,HASSAN,2008,Rabi,Horse-gram,9867,3862,0.391405696
Karnataka,HASSAN,2008,Rabi,Jowar,521,501,0.961612284
Karnataka,HASSAN,2008,Rabi,Maize,7202,21848,3.033601777
Karnataka,HASSAN,2008,Rabi,Moong(Green Gram),52,13,0.25
Karnataka,HASSAN,2008,Rabi,Other  Rabi pulses,3397,802,0.236090668
Karnataka,HASSAN,2008,Rabi,Potato,15,216,14.4
Karnataka,HASSAN,2008,Rabi,Ragi,18666,19681,1.054376942
Karnataka,HASSAN,2008,Rabi,Rapeseed &Mustard,180,72,0.4
Karnataka,HASSAN,2008,Rabi,Rice,300,604,2.013333333
Karnataka,HASSAN,2008,Rabi,Sunflower,736,721,0.979619565
Karnataka,HASSAN,2008,Rabi,Urad,45,20,0.444444444
Karnataka,HASSAN,2008,Summer,Dry chillies,956,5891,6.162133891
Karnataka,HASSAN,2008,Summer,Maize,783,3118,3.982120051
Karnataka,HASSAN,2008,Summer,Ragi,145,288,1.986206897
Karnataka,HASSAN,2008,Summer,Rice,5531,14739,2.664798409
Karnataka,HASSAN,2008,Summer,Sunflower,18,14,0.777777778
Karnataka,HASSAN,2008,Whole Year,Arecanut,3928,21034,5.354887984
Karnataka,HASSAN,2008,Whole Year,Banana,3403,42211,12.40405525
Karnataka,HASSAN,2008,Whole Year,Black pepper,2794,10732,3.841088046
Karnataka,HASSAN,2008,Whole Year,Cardamom,7554,561,0.07426529
Karnataka,HASSAN,2008,Whole Year,Cashewnut,6,3.69,0.615
Karnataka,HASSAN,2008,Whole Year,Coconut,61880,347167,5.610326438
Karnataka,HASSAN,2008,Whole Year,Coriander,185,100,0.540540541
Karnataka,HASSAN,2008,Whole Year,Cotton(lint),815,1303,1.598773006
Karnataka,HASSAN,2008,Whole Year,Dry ginger,13844,464481,33.55106906
Karnataka,HASSAN,2008,Whole Year,Garlic,6,13,2.166666667
Karnataka,HASSAN,2008,Whole Year,Sugarcane,2659,267761,100.6998872
Karnataka,HASSAN,2008,Whole Year,Sweet potato,60,607,10.11666667
Karnataka,HASSAN,2008,Whole Year,Tobacco,9180,7483,0.815141612
Karnataka,HASSAN,2008,Whole Year,Turmeric,118,110,0.93220339
Karnataka,HASSAN,2009,Kharif,Arhar/Tur,2235,871,0.389709172
Karnataka,HASSAN,2009,Kharif,Castor seed,2020,1075,0.532178218
Karnataka,HASSAN,2009,Kharif,Gram,1251,537,0.429256595
Karnataka,HASSAN,2009,Kharif,Groundnut,866,398,0.459584296
Karnataka,HASSAN,2009,Kharif,Horse-gram,1251,537,0.429256595
Karnataka,HASSAN,2009,Kharif,Jowar,2605,3234,1.241458733
Karnataka,HASSAN,2009,Kharif,Maize,57735,205628,3.561583095
Karnataka,HASSAN,2009,Kharif,Moong(Green Gram),3455,1014,0.293487699
Karnataka,HASSAN,2009,Kharif,Niger seed,3090,1413,0.457281553
Karnataka,HASSAN,2009,Kharif,Onion,90,318,3.533333333
Karnataka,HASSAN,2009,Kharif,Other Kharif pulses,11141,5589,0.501660533
Karnataka,HASSAN,2009,Kharif,Potato,18250,81434,4.462136986
Karnataka,HASSAN,2009,Kharif,Ragi,60590,94000,1.551411124
Karnataka,HASSAN,2009,Kharif,Rice,41520,112020.96,2.698
Karnataka,HASSAN,2009,Kharif,Sesamum,3711,2292,0.617623282
Karnataka,HASSAN,2009,Kharif,Small millets,60,41,0.683333333
Karnataka,HASSAN,2009,Kharif,Sunflower,14440,7602,0.526454294
Karnataka,HASSAN,2009,Kharif,Urad,1320,112,0.084848485
Karnataka,HASSAN,2009,Rabi,Dry chillies,890,2653,2.980898876
Karnataka,HASSAN,2009,Rabi,Gram,9461,4557,0.481661558
Karnataka,HASSAN,2009,Rabi,Groundnut,370,286,0.772972973
Karnataka,HASSAN,2009,Rabi,Horse-gram,9461,4557,0.481661558
Karnataka,HASSAN,2009,Rabi,Jowar,701,601,0.857346648
Karnataka,HASSAN,2009,Rabi,Maize,4725,14884,3.15005291
Karnataka,HASSAN,2009,Rabi,Moong(Green Gram),25,7,0.28
Karnataka,HASSAN,2009,Rabi,Other  Rabi pulses,3222,859,0.266604593
Karnataka,HASSAN,2009,Rabi,Potato,15,221,14.73333333
Karnataka,HASSAN,2009,Rabi,Ragi,9541,12692,1.330258883
Karnataka,HASSAN,2009,Rabi,Rapeseed &Mustard,296,86,0.290540541
Karnataka,HASSAN,2009,Rabi,Rice,1110,2255,2.031531532
Karnataka,HASSAN,2009,Rabi,Sunflower,840,521,0.620238095
Karnataka,HASSAN,2009,Rabi,Urad,45,18,0.4
Karnataka,HASSAN,2009,Summer,Dry chillies,927,5976,6.446601942
Karnataka,HASSAN,2009,Summer,Maize,365,1738,4.761643836
Karnataka,HASSAN,2009,Summer,Ragi,75,141,1.88
Karnataka,HASSAN,2009,Summer,Rice,5029,13755,2.73513621
Karnataka,HASSAN,2009,Summer,Sunflower,15,13,0.866666667
Karnataka,HASSAN,2009,Whole Year,Arecanut,4110,22009,5.354987835
Karnataka,HASSAN,2009,Whole Year,Banana,3630,49295,13.57988981
Karnataka,HASSAN,2009,Whole Year,Black pepper,3049,11712,3.841259429
Karnataka,HASSAN,2009,Whole Year,Cardamom,7670,547,0.071316819
Karnataka,HASSAN,2009,Whole Year,Cashewnut,6,5,0.833333333
Karnataka,HASSAN,2009,Whole Year,Coconut,62256,442651,7.11017412
Karnataka,HASSAN,2009,Whole Year,Coriander,147,72,0.489795918
Karnataka,HASSAN,2009,Whole Year,Cotton(lint),297,453,1.525252525
Karnataka,HASSAN,2009,Whole Year,Dry ginger,34005,1070882,31.49189825
Karnataka,HASSAN,2009,Whole Year,Garlic,6,8,1.333333333
Karnataka,HASSAN,2009,Whole Year,Sugarcane,2015,235453,116.8501241
Karnataka,HASSAN,2009,Whole Year,Sweet potato,77,506,6.571428571
Karnataka,HASSAN,2009,Whole Year,Tobacco,12050,10806,0.896763485
Karnataka,HASSAN,2009,Whole Year,Turmeric,135,630,4.666666667
Karnataka,HASSAN,2010,Kharif,Arhar/Tur,2518,1545,0.613582208
Karnataka,HASSAN,2010,Kharif,Castor seed,2075,1644,0.792289157
Karnataka,HASSAN,2010,Kharif,Cotton(lint),106,234,2.20754717
Karnataka,HASSAN,2010,Kharif,Cowpea(Lobia),9186,3787,0.412257784
Karnataka,HASSAN,2010,Kharif,Dry chillies,1002,942,0.94011976
Karnataka,HASSAN,2010,Kharif,Groundnut,505,323,0.63960396
Karnataka,HASSAN,2010,Kharif,Horse-gram,3351,2757,0.822739481
Karnataka,HASSAN,2010,Kharif,Jowar,3380,6730,1.99112426
Karnataka,HASSAN,2010,Kharif,Maize,53920,253287,4.697459199
Karnataka,HASSAN,2010,Kharif,Moong(Green Gram),10395,2933,0.282154882
Karnataka,HASSAN,2010,Kharif,Niger seed,3619,1010,0.27908262
Karnataka,HASSAN,2010,Kharif,Onion,115,718,6.243478261
Karnataka,HASSAN,2010,Kharif,Other Kharif pulses,4080,2802,0.686764706
Karnataka,HASSAN,2010,Kharif,Peas & beans (Pulses),515,4586,8.904854369
Karnataka,HASSAN,2010,Kharif,Potato,20610,139465,6.766860747
Karnataka,HASSAN,2010,Kharif,Ragi,57557,114919,1.996612054
Karnataka,HASSAN,2010,Kharif,Rice,35785,105364,2.944362163
Karnataka,HASSAN,2010,Kharif,Sesamum,5185,5285,1.019286403
Karnataka,HASSAN,2010,Kharif,Small millets,60,47,0.783333333
Karnataka,HASSAN,2010,Kharif,Sunflower,6636,5495,0.828059072
Karnataka,HASSAN,2010,Kharif,Urad,2912,1057,0.362980769
Karnataka,HASSAN,2010,Rabi,Cowpea(Lobia),4507,1190,0.264033725
Karnataka,HASSAN,2010,Rabi,Dry chillies,725,2654,3.660689655
Karnataka,HASSAN,2010,Rabi,Gram,2330,1585,0.680257511
Karnataka,HASSAN,2010,Rabi,Groundnut,523,663,1.267686424
Karnataka,HASSAN,2010,Rabi,Horse-gram,18160,11956,0.658370044
Karnataka,HASSAN,2010,Rabi,Jowar,430,510,1.186046512
Karnataka,HASSAN,2010,Rabi,Maize,9321,29706,3.186997103
Karnataka,HASSAN,2010,Rabi,Moong(Green Gram),30,8,0.266666667
Karnataka,HASSAN,2010,Rabi,Other  Rabi pulses,4110,1292,0.314355231
Karnataka,HASSAN,2010,Rabi,Peas & beans (Pulses),320,2421,7.565625
Karnataka,HASSAN,2010,Rabi,Potato,37,431,11.64864865
Karnataka,HASSAN,2010,Rabi,Ragi,28378,41031,1.445873564
Karnataka,HASSAN,2010,Rabi,Rapeseed &Mustard,265,89,0.335849057
Karnataka,HASSAN,2010,Rabi,Rice,10790,29009,2.688507878
Karnataka,HASSAN,2010,Rabi,Sunflower,149,111,0.744966443
Karnataka,HASSAN,2010,Rabi,Urad,40,19,0.475
Karnataka,HASSAN,2010,Summer,Dry chillies,934,7875,8.431477516
Karnataka,HASSAN,2010,Summer,Maize,332,1129,3.40060241
Karnataka,HASSAN,2010,Summer,Peas & beans (Pulses),167,1471,8.808383234
Karnataka,HASSAN,2010,Summer,Ragi,127,249,1.960629921
Karnataka,HASSAN,2010,Summer,Rice,5170,13364,2.584912959
Karnataka,HASSAN,2010,Summer,Sunflower,24,24,1
Karnataka,HASSAN,2010,Whole Year,Arecanut,4192,45327,10.81273855
Karnataka,HASSAN,2010,Whole Year,Banana,3630,56555,15.57988981
Karnataka,HASSAN,2010,Whole Year,Black pepper,3460,1233.1,0.356387283
Karnataka,HASSAN,2010,Whole Year,Cardamom,7687,594,0.077273319
Karnataka,HASSAN,2010,Whole Year,Cashewnut,6,4,0.666666667
Karnataka,HASSAN,2010,Whole Year,Coconut,62390,404012,6.475589037
Karnataka,HASSAN,2010,Whole Year,Coriander,188,70,0.372340426
Karnataka,HASSAN,2010,Whole Year,Dry ginger,34073,119749.6,3.514501218
Karnataka,HASSAN,2010,Whole Year,Garlic,4,5,1.25
Karnataka,HASSAN,2010,Whole Year,Sugarcane,3640,394212,108.3
Karnataka,HASSAN,2010,Whole Year,Sweet potato,95,783,8.242105263
Karnataka,HASSAN,2010,Whole Year,Tobacco,15525,14881,0.958518519
Karnataka,HASSAN,2010,Whole Year,Turmeric,1,5,5
Karnataka,HASSAN,2011,Kharif,Arhar/Tur,2568,1600,0.62305296
Karnataka,HASSAN,2011,Kharif,Castor seed,1820,1483,0.814835165
Karnataka,HASSAN,2011,Kharif,Cotton(lint),88,178,2.022727273
Karnataka,HASSAN,2011,Kharif,Cowpea(Lobia),11998,5574,0.46457743
Karnataka,HASSAN,2011,Kharif,Dry chillies,1023,826,0.80742913
Karnataka,HASSAN,2011,Kharif,Groundnut,583,368,0.631217839
Karnataka,HASSAN,2011,Kharif,Horse-gram,6865,4337,0.63175528
Karnataka,HASSAN,2011,Kharif,Jowar,1735,1375,0.792507205
Karnataka,HASSAN,2011,Kharif,Maize,56445,191839,3.398688989
Karnataka,HASSAN,2011,Kharif,Moong(Green Gram),11281,2229,0.197588866
Karnataka,HASSAN,2011,Kharif,Niger seed,1687,302,0.179016005
Karnataka,HASSAN,2011,Kharif,Onion,128,632,4.9375
Karnataka,HASSAN,2011,Kharif,Other Kharif pulses,3840,2459,0.640364583
Karnataka,HASSAN,2011,Kharif,Peas & beans (Pulses),614,5776,9.407166124
Karnataka,HASSAN,2011,Kharif,Potato,20267,152412,7.52020526
Karnataka,HASSAN,2011,Kharif,Ragi,58620,76377,1.302917093
Karnataka,HASSAN,2011,Kharif,Rice,46451,119911,2.581451422
Karnataka,HASSAN,2011,Kharif,Sesamum,4830,2799,0.579503106
Karnataka,HASSAN,2011,Kharif,Small millets,55,32,0.581818182
Karnataka,HASSAN,2011,Kharif,Sunflower,2564,2539,0.99024961
Karnataka,HASSAN,2011,Kharif,Urad,2767,402,0.145283701
Karnataka,HASSAN,2011,Rabi,Cowpea(Lobia),1214,458,0.377265239
Karnataka,HASSAN,2011,Rabi,Dry chillies,225,1115,4.955555556
Karnataka,HASSAN,2011,Rabi,Gram,2282,1507,0.660385627
Karnataka,HASSAN,2011,Rabi,Groundnut,210,203,0.966666667
Karnataka,HASSAN,2011,Rabi,Horse-gram,10086,4417,0.43793377
Karnataka,HASSAN,2011,Rabi,Jowar,439,300,0.683371298
Karnataka,HASSAN,2011,Rabi,Maize,8075,22895,2.835294118
Karnataka,HASSAN,2011,Rabi,Moong(Green Gram),15,5,0.333333333
Karnataka,HASSAN,2011,Rabi,Onion,7,56,8
Karnataka,HASSAN,2011,Rabi,Other  Rabi pulses,613,812,1.324632953
Karnataka,HASSAN,2011,Rabi,Peas & beans (Pulses),76,636,8.368421053
Karnataka,HASSAN,2011,Rabi,Potato,19,231,12.15789474
Karnataka,HASSAN,2011,Rabi,Ragi,13176,17510,1.32893139
Karnataka,HASSAN,2011,Rabi,Rapeseed &Mustard,191,55,0.287958115
Karnataka,HASSAN,2011,Rabi,Rice,523,1388,2.653919694
Karnataka,HASSAN,2011,Rabi,Sunflower,11,3,0.272727273
Karnataka,HASSAN,2011,Rabi,Urad,5,3,0.6
Karnataka,HASSAN,2011,Summer,Dry chillies,632,4044,6.398734177
Karnataka,HASSAN,2011,Summer,Maize,575,1959,3.406956522
Karnataka,HASSAN,2011,Summer,Peas & beans (Pulses),131,631,4.816793893
Karnataka,HASSAN,2011,Summer,Potato,2,29,14.5
Karnataka,HASSAN,2011,Summer,Ragi,142,273,1.922535211
Karnataka,HASSAN,2011,Summer,Rice,1895,4710,2.485488127
Karnataka,HASSAN,2011,Whole Year,Arecanut,4325,31193,7.212254335
Karnataka,HASSAN,2011,Whole Year,Banana,4160,72039,17.31706731
Karnataka,HASSAN,2011,Whole Year,Black pepper,3574,1040.2,0.291046447
Karnataka,HASSAN,2011,Whole Year,Cardamom,7707,679,0.088101726
Karnataka,HASSAN,2011,Whole Year,Cashewnut,4,3,0.75
Karnataka,HASSAN,2011,Whole Year,Coconut,62575,622094,9.941574111
Karnataka,HASSAN,2011,Whole Year,Coriander,95,39,0.410526316
Karnataka,HASSAN,2011,Whole Year,Dry ginger,13873,44141.9,3.181856844
Karnataka,HASSAN,2011,Whole Year,Garlic,3,4,1.333333333
Karnataka,HASSAN,2011,Whole Year,Sugarcane,2180,213313,97.85
Karnataka,HASSAN,2011,Whole Year,Sweet potato,13,189,14.53846154
Karnataka,HASSAN,2011,Whole Year,Tobacco,15902,15666,0.985159099
Karnataka,HASSAN,2011,Whole Year,Turmeric,1633,8203,5.023270055
Karnataka,HASSAN,2012,Kharif,Arhar/Tur,1831,612,0.334243583
Karnataka,HASSAN,2012,Kharif,Bajra,43,45,1.046511628
Karnataka,HASSAN,2012,Kharif,Castor seed,909,459,0.504950495
Karnataka,HASSAN,2012,Kharif,Cotton(lint),64,147,2.296875
Karnataka,HASSAN,2012,Kharif,Cowpea(Lobia),13387,1908,0.142526332
Karnataka,HASSAN,2012,Kharif,Dry chillies,831,762,0.916967509
Karnataka,HASSAN,2012,Kharif,Groundnut,552,310,0.561594203
Karnataka,HASSAN,2012,Kharif,Horse-gram,4079,1259,0.308654082
Karnataka,HASSAN,2012,Kharif,Jowar,2526,1212,0.479809976
Karnataka,HASSAN,2012,Kharif,Maize,64465,169333,2.626743194
Karnataka,HASSAN,2012,Kharif,Moong(Green Gram),12390,518,0.04180791
Karnataka,HASSAN,2012,Kharif,Niger seed,2556,458,0.179186228
Karnataka,HASSAN,2012,Kharif,Onion,82,435,5.304878049
Karnataka,HASSAN,2012,Kharif,Other Kharif pulses,6520,3085,0.473159509
Karnataka,HASSAN,2012,Kharif,Potato,16245,84062,5.17463835
Karnataka,HASSAN,2012,Kharif,Ragi,64850,66290,1.022205089
Karnataka,HASSAN,2012,Kharif,Rapeseed &Mustard,165,49,0.296969697
Karnataka,HASSAN,2012,Kharif,Rice,48265,105184,2.179301771
Karnataka,HASSAN,2012,Kharif,Sesamum,3450,603,0.174782609
Karnataka,HASSAN,2012,Kharif,Small millets,560,220,0.392857143
Karnataka,HASSAN,2012,Kharif,Sunflower,1125,360,0.32
Karnataka,HASSAN,2012,Kharif,Urad,2909,144,0.049501547
Karnataka,HASSAN,2012,Rabi,Cowpea(Lobia),821,250,0.304506699
Karnataka,HASSAN,2012,Rabi,Dry chillies,532,2215,4.163533835
Karnataka,HASSAN,2012,Rabi,Gram,1288,653,0.506987578
Karnataka,HASSAN,2012,Rabi,Horse-gram,5762,1620,0.281152378
Karnataka,HASSAN,2012,Rabi,Jowar,185,89,0.481081081
Karnataka,HASSAN,2012,Rabi,Maize,5437,15526,2.855618907
Karnataka,HASSAN,2012,Rabi,Other  Rabi pulses,759,324,0.42687747
Karnataka,HASSAN,2012,Rabi,Ragi,9514,6001,0.630754677
Karnataka,HASSAN,2012,Rabi,Rice,26,67,2.576923077
Karnataka,HASSAN,2012,Rabi,Sunflower,19,9,0.473684211
Karnataka,HASSAN,2012,Rabi,Urad,3,2,0.666666667
Karnataka,HASSAN,2012,Summer,Cowpea(Lobia),123,44,0.357723577
Karnataka,HASSAN,2012,Summer,Dry chillies,561,2859,5.096256684
Karnataka,HASSAN,2012,Summer,Groundnut,104,128,1.230769231
Karnataka,HASSAN,2012,Summer,Maize,232,668,2.879310345
Karnataka,HASSAN,2012,Summer,Ragi,111,166,1.495495495
Karnataka,HASSAN,2012,Summer,Rice,1003,2529,2.521435693
Karnataka,HASSAN,2012,Whole Year,Arecanut,4598,33161,7.212048717
Karnataka,HASSAN,2012,Whole Year,Black pepper,4165,12123,2.910684274
Karnataka,HASSAN,2012,Whole Year,Cardamom,7608,670,0.088065195
Karnataka,HASSAN,2012,Whole Year,Cashewnut,24,19,0.791666667
Karnataka,HASSAN,2012,Whole Year,Coconut,63056,620821,9.845549987
Karnataka,HASSAN,2012,Whole Year,Coriander,22,9,0.409090909
Karnataka,HASSAN,2012,Whole Year,Dry ginger,4899,156073,31.85813431
Karnataka,HASSAN,2012,Whole Year,Garlic,17,22,1.294117647
Karnataka,HASSAN,2012,Whole Year,Sugarcane,2428,182221,75.04983526
Karnataka,HASSAN,2012,Whole Year,Sweet potato,25,388,15.52
Karnataka,HASSAN,2012,Whole Year,Tapioca,57,602,10.56140351
Karnataka,HASSAN,2012,Whole Year,Tobacco,14688,14149,0.963303377
Karnataka,HASSAN,2012,Whole Year,Turmeric,278,1305,4.694244604
Karnataka,HASSAN,2013,Kharif,Arhar/Tur,2015,869,0.431265509
Karnataka,HASSAN,2013,Kharif,Bajra,43,51,1.186046512
Karnataka,HASSAN,2013,Kharif,Castor seed,1181,1266,1.071972904
Karnataka,HASSAN,2013,Kharif,Cotton(lint),281,832,2.960854093
Karnataka,HASSAN,2013,Kharif,Cowpea(Lobia),13954,1829,0.131073527
Karnataka,HASSAN,2013,Kharif,Dry chillies,736,816,1.108695652
Karnataka,HASSAN,2013,Kharif,Groundnut,980,828,0.844897959
Karnataka,HASSAN,2013,Kharif,Horse-gram,2134,892,0.417994377
Karnataka,HASSAN,2013,Kharif,Jowar,2341,1579,0.674498078
Karnataka,HASSAN,2013,Kharif,Maize,66119,218903,3.310742752
Karnataka,HASSAN,2013,Kharif,Moong(Green Gram),4496,320,0.071174377
Karnataka,HASSAN,2013,Kharif,Niger seed,3367,473,0.14048114
Karnataka,HASSAN,2013,Kharif,Onion,25,165,6.6
Karnataka,HASSAN,2013,Kharif,Other Kharif pulses,4068,3896,0.957718781
Karnataka,HASSAN,2013,Kharif,Potato,18561,90157,4.857335273
Karnataka,HASSAN,2013,Kharif,Ragi,68540,126384,1.843945142
Karnataka,HASSAN,2013,Kharif,Rapeseed &Mustard,173,21,0.121387283
Karnataka,HASSAN,2013,Kharif,Rice,50260,153841,3.060903303
Karnataka,HASSAN,2013,Kharif,Sesamum,1886,469,0.248674443
Karnataka,HASSAN,2013,Kharif,Small millets,300,155,0.516666667
Karnataka,HASSAN,2013,Kharif,Sunflower,652,274,0.420245399
Karnataka,HASSAN,2013,Kharif,Urad,1454,111,0.076341128
Karnataka,HASSAN,2013,Rabi,Cowpea(Lobia),474,212,0.447257384
Karnataka,HASSAN,2013,Rabi,Dry chillies,446,1511,3.387892377
Karnataka,HASSAN,2013,Rabi,Gram,1883,1095,0.581518853
Karnataka,HASSAN,2013,Rabi,Horse-gram,3564,1524,0.427609428
Karnataka,HASSAN,2013,Rabi,Jowar,313,209,0.667731629
Karnataka,HASSAN,2013,Rabi,Maize,3806,10992,2.888071466
Karnataka,HASSAN,2013,Rabi,Moong(Green Gram),11,3,0.272727273
Karnataka,HASSAN,2013,Rabi,Onion,26,183,7.038461538
Karnataka,HASSAN,2013,Rabi,Other  Rabi pulses,1079,998,0.924930491
Karnataka,HASSAN,2013,Rabi,Ragi,7826,8126,1.038333759
Karnataka,HASSAN,2013,Rabi,Rice,453,1007,2.222958057
Karnataka,HASSAN,2013,Rabi,Urad,5,3,0.6
Karnataka,HASSAN,2013,Summer,Cowpea(Lobia),18,7,0.388888889
Karnataka,HASSAN,2013,Summer,Dry chillies,484,2864,5.917355372
Karnataka,HASSAN,2013,Summer,Groundnut,47,42,0.893617021
Karnataka,HASSAN,2013,Summer,Maize,95,308,3.242105263
Karnataka,HASSAN,2013,Summer,Ragi,53,104,1.962264151
Karnataka,HASSAN,2013,Summer,Rice,1086,3746,3.449355433
Karnataka,HASSAN,2013,Whole Year,Arecanut,4405,34430,7.816118048
Karnataka,HASSAN,2013,Whole Year,Black pepper,4730,7445,1.573995772
Karnataka,HASSAN,2013,Whole Year,Cardamom,7463,621,0.083210505
Karnataka,HASSAN,2013,Whole Year,Cashewnut,19,17,0.894736842
Karnataka,HASSAN,2013,Whole Year,Coconut,61138,319823,5.23116556
Karnataka,HASSAN,2013,Whole Year,Coriander,8,2,0.25
Karnataka,HASSAN,2013,Whole Year,Dry ginger,7065,239067,33.83821656
Karnataka,HASSAN,2013,Whole Year,Garlic,9,9,1
Karnataka,HASSAN,2013,Whole Year,Sugarcane,1463,122307,83.60013671
Karnataka,HASSAN,2013,Whole Year,Sweet potato,46,675,14.67391304
Karnataka,HASSAN,2013,Whole Year,Tobacco,13850,11881,0.857833935
Karnataka,HASSAN,2013,Whole Year,Turmeric,240,1438,5.991666667
Karnataka,HASSAN,2014,Kharif,Arhar/Tur,2359,3433,1.45527766
Karnataka,HASSAN,2014,Kharif,Castor seed,1314,1247,0.949010654
Karnataka,HASSAN,2014,Kharif,Cotton(lint),400,1091,2.7275
Karnataka,HASSAN,2014,Kharif,Cowpea(Lobia),11756,3887,0.330639673
Karnataka,HASSAN,2014,Kharif,Dry chillies,855,967,1.130994152
Karnataka,HASSAN,2014,Kharif,Groundnut,739,538,0.728010825
Karnataka,HASSAN,2014,Kharif,Horse-gram,1331,756,0.567993989
Karnataka,HASSAN,2014,Kharif,Jowar,1126,960,0.852575488
Karnataka,HASSAN,2014,Kharif,Maize,78492,307814,3.921597105
Karnataka,HASSAN,2014,Kharif,Moong(Green Gram),10403,1828,0.175718543
Karnataka,HASSAN,2014,Kharif,Niger seed,1871,578,0.308925708
Karnataka,HASSAN,2014,Kharif,Onion,23,118,5.130434783
Karnataka,HASSAN,2014,Kharif,Other Kharif pulses,3157,2972,0.941400063
Karnataka,HASSAN,2014,Kharif,Potato,22207,124934,5.62588373
Karnataka,HASSAN,2014,Kharif,Ragi,63354,141859,2.239148278
Karnataka,HASSAN,2014,Kharif,Rapeseed &Mustard,180,39,0.216666667
Karnataka,HASSAN,2014,Kharif,Rice,45653,140563,3.078943333
Karnataka,HASSAN,2014,Kharif,Sesamum,3613,1768,0.489344035
Karnataka,HASSAN,2014,Kharif,Small millets,366,169,0.461748634
Karnataka,HASSAN,2014,Kharif,Sunflower,908,691,0.761013216
Karnataka,HASSAN,2014,Kharif,Urad,2208,422,0.191123188
Karnataka,HASSAN,2014,Rabi,Cowpea(Lobia),2109,890,0.422000948
Karnataka,HASSAN,2014,Rabi,Dry chillies,454,762,1.678414097
Karnataka,HASSAN,2014,Rabi,Gram,1847,1897,1.027070926
Karnataka,HASSAN,2014,Rabi,Horse-gram,6239,3212,0.514826094
Karnataka,HASSAN,2014,Rabi,Maize,4806,15012,3.123595506
Karnataka,HASSAN,2014,Rabi,Moong(Green Gram),36,12,0.333333333
Karnataka,HASSAN,2014,Rabi,Onion,48,318,6.625
Karnataka,HASSAN,2014,Rabi,Other  Rabi pulses,1563,1213,0.776071657
Karnataka,HASSAN,2014,Rabi,Potato,10,154,15.4
Karnataka,HASSAN,2014,Rabi,Ragi,10978,14038,1.278739297
Karnataka,HASSAN,2014,Rabi,Rice,1752,3911,2.232305936
Karnataka,HASSAN,2014,Rabi,Urad,45,20,0.444444444
Karnataka,HASSAN,2014,Summer,Cowpea(Lobia),33,12,0.363636364
Karnataka,HASSAN,2014,Summer,Dry chillies,417,739,1.772182254
Karnataka,HASSAN,2014,Summer,Groundnut,75,64,0.853333333
Karnataka,HASSAN,2014,Summer,Maize,138,450,3.260869565
Karnataka,HASSAN,2014,Summer,Onion,5,25,5
Karnataka,HASSAN,2014,Summer,Potato,4,55,13.75
Karnataka,HASSAN,2014,Summer,Ragi,46,82,1.782608696
Karnataka,HASSAN,2014,Summer,Rice,667,1814,2.71964018
Karnataka,HASSAN,2014,Whole Year,Arecanut,32,296,9.25
Karnataka,HASSAN,2014,Whole Year,Black pepper,4790,21102,4.405427975
Karnataka,HASSAN,2014,Whole Year,Cardamom,7405,601,0.081161377
Karnataka,HASSAN,2014,Whole Year,Coconut,61019,382629,6.270653403
Karnataka,HASSAN,2014,Whole Year,Coriander,64,22,0.34375
Karnataka,HASSAN,2014,Whole Year,Dry ginger,15736,510979,32.47197509
Karnataka,HASSAN,2014,Whole Year,Garlic,10,11,1.1
Karnataka,HASSAN,2014,Whole Year,Sugarcane,1568,171304,109.25
Karnataka,HASSAN,2014,Whole Year,Sweet potato,51,865,16.96078431
Karnataka,HASSAN,2014,Whole Year,Tobacco,12037,10543,0.875882695
Karnataka,HASSAN,2014,Whole Year,Turmeric,67,323,4.820895522
Karnataka,HAVERI,1998,Kharif,Arhar/Tur,7477,2216,0.296375552
Karnataka,HAVERI,1998,Kharif,Bajra,892,589,0.660313901
Karnataka,HAVERI,1998,Kharif,Castor seed,148,126,0.851351351
Karnataka,HAVERI,1998,Kharif,Cotton(lint),79382,91997,1.158915119
Karnataka,HAVERI,1998,Kharif,Dry ginger,31,409,13.19354839
Karnataka,HAVERI,1998,Kharif,Groundnut,29150,33033,1.133207547
Karnataka,HAVERI,1998,Kharif,Horse-gram,2081,1194,0.573762614
Karnataka,HAVERI,1998,Kharif,Jowar,33309,63708,1.912636224
Karnataka,HAVERI,1998,Kharif,Maize,53828,174707,3.24565282
Karnataka,HAVERI,1998,Kharif,Moong(Green Gram),14396,2298,0.159627674
Karnataka,HAVERI,1998,Kharif,Niger seed,1803,434,0.240709928
Karnataka,HAVERI,1998,Kharif,Onion,9054,31372,3.464987851
Karnataka,HAVERI,1998,Kharif,Peas & beans (Pulses),24,220,9.166666667
Karnataka,HAVERI,1998,Kharif,Ragi,4756,4079,0.85765349
Karnataka,HAVERI,1998,Kharif,Rapeseed &Mustard,81,13,0.160493827
Karnataka,HAVERI,1998,Kharif,Rice,52395,78129,1.491153736
Karnataka,HAVERI,1998,Kharif,Sesamum,1320,534,0.404545455
Karnataka,HAVERI,1998,Kharif,Soyabean,456,491,1.076754386
Karnataka,HAVERI,1998,Kharif,Sunflower,6163,2685,0.435664449
Karnataka,HAVERI,1998,Rabi,Gram,1902,1169,0.614616193
Karnataka,HAVERI,1998,Rabi,Groundnut,8701,12118,1.392713481
Karnataka,HAVERI,1998,Rabi,Horse-gram,8711,3112,0.357249455
Karnataka,HAVERI,1998,Rabi,Jowar,40371,29613,0.733521587
Karnataka,HAVERI,1998,Rabi,Linseed,436,142,0.325688073
Karnataka,HAVERI,1998,Rabi,Maize,80,164,2.05
Karnataka,HAVERI,1998,Rabi,Moong(Green Gram),2631,1180,0.44849867
Karnataka,HAVERI,1998,Rabi,Onion,143,260,1.818181818
Karnataka,HAVERI,1998,Rabi,Safflower,2506,1471,0.586991221
Karnataka,HAVERI,1998,Rabi,Sunflower,7429,2872,0.386593081
Karnataka,HAVERI,1998,Rabi,Wheat,2138,1557,0.728250702
Karnataka,HAVERI,1998,Summer,Jowar,26,69,2.653846154
Karnataka,HAVERI,1998,Summer,Maize,175,387,2.211428571
Karnataka,HAVERI,1998,Summer,Onion,42,485,11.54761905
Karnataka,HAVERI,1998,Summer,Rice,1980,5204,2.628282828
Karnataka,HAVERI,1998,Summer,Sunflower,3968,2273,0.572832661
Karnataka,HAVERI,1998,Whole Year,Arecanut,225,1515,6.733333333
Karnataka,HAVERI,1998,Whole Year,Coconut,738,3524,4.775067751
Karnataka,HAVERI,1998,Whole Year,Coriander,518,53,0.102316602
Karnataka,HAVERI,1998,Whole Year,Dry chillies,53823,41073,0.763112424
Karnataka,HAVERI,1998,Whole Year,Garlic,2227,1292,0.580152672
Karnataka,HAVERI,1999,Kharif,Arhar/Tur,8099,4978,0.614643783
Karnataka,HAVERI,1999,Kharif,Bajra,647,352,0.544049459
Karnataka,HAVERI,1999,Kharif,Castor seed,207,160,0.77294686
Karnataka,HAVERI,1999,Kharif,Cotton(lint),71949,65398,0.908949395
Karnataka,HAVERI,1999,Kharif,Dry ginger,84,1108,13.19047619
Karnataka,HAVERI,1999,Kharif,Groundnut,27664,20820,0.75260266
Karnataka,HAVERI,1999,Kharif,Horse-gram,1167,419,0.359040274
Karnataka,HAVERI,1999,Kharif,Jowar,32375,56728,1.752216216
Karnataka,HAVERI,1999,Kharif,Maize,65394,205231,3.138376609
Karnataka,HAVERI,1999,Kharif,Moong(Green Gram),16370,7449,0.455039707
Karnataka,HAVERI,1999,Kharif,Niger seed,2020,486,0.240594059
Karnataka,HAVERI,1999,Kharif,Other Kharif pulses,4383,1216,0.277435546
Karnataka,HAVERI,1999,Kharif,Ragi,3748,2576,0.687299893
Karnataka,HAVERI,1999,Kharif,Rice,53741,89761,1.670251763
Karnataka,HAVERI,1999,Kharif,Sesamum,1292,632,0.489164087
Karnataka,HAVERI,1999,Kharif,Small millets,12175,6915,0.567967146
Karnataka,HAVERI,1999,Kharif,Soyabean,583,533,0.914236707
Karnataka,HAVERI,1999,Kharif,Sunflower,3527,1668,0.472923164
Karnataka,HAVERI,1999,Kharif,Urad,1113,362,0.32524708
Karnataka,HAVERI,1999,Rabi,Gram,1987,804,0.404630096
Karnataka,HAVERI,1999,Rabi,Groundnut,7316,9855,1.347047567
Karnataka,HAVERI,1999,Rabi,Horse-gram,7523,2809,0.373388276
Karnataka,HAVERI,1999,Rabi,Jowar,40242,24123,0.599448338
Karnataka,HAVERI,1999,Rabi,Linseed,430,145,0.337209302
Karnataka,HAVERI,1999,Rabi,Maize,1679,3889,2.316259678
Karnataka,HAVERI,1999,Rabi,Moong(Green Gram),2827,328,0.116024054
Karnataka,HAVERI,1999,Rabi,Other  Rabi pulses,4046,550,0.135936728
Karnataka,HAVERI,1999,Rabi,Rapeseed &Mustard,124,20,0.161290323
Karnataka,HAVERI,1999,Rabi,Safflower,3388,2736,0.80755608
Karnataka,HAVERI,1999,Rabi,Sunflower,3550,2202,0.62028169
Karnataka,HAVERI,1999,Rabi,Urad,298,111,0.372483221
Karnataka,HAVERI,1999,Rabi,Wheat,1924,1201,0.624220374
Karnataka,HAVERI,1999,Summer,Jowar,84,193,2.297619048
Karnataka,HAVERI,1999,Summer,Maize,511,903,1.767123288
Karnataka,HAVERI,1999,Summer,Rice,1931,4822,2.497151735
Karnataka,HAVERI,1999,Summer,Sunflower,2214,1384,0.625112918
Karnataka,HAVERI,1999,Whole Year,Banana,500,11732,23.464
Karnataka,HAVERI,1999,Whole Year,Coconut,771,3681,4.774319066
Karnataka,HAVERI,1999,Whole Year,Coriander,442,46,0.104072398
Karnataka,HAVERI,1999,Whole Year,Dry chillies,44946,31784,0.707159703
Karnataka,HAVERI,1999,Whole Year,Garlic,2372,1376,0.58010118
Karnataka,HAVERI,1999,Whole Year,Onion,7772,8752,1.12609367
Karnataka,HAVERI,1999,Whole Year,Sannhamp,1,1,1
Karnataka,HAVERI,1999,Whole Year,Sugarcane,7251,668180,92.15004827
Karnataka,HAVERI,1999,Whole Year,Tobacco,17,10,0.588235294
Karnataka,HAVERI,1999,Whole Year,Turmeric,3,13,4.333333333
Karnataka,HAVERI,2000,Kharif,Arhar/Tur,6348,4191,0.66020794
Karnataka,HAVERI,2000,Kharif,Bajra,382,286,0.748691099
Karnataka,HAVERI,2000,Kharif,Castor seed,298,382,1.281879195
Karnataka,HAVERI,2000,Kharif,Cotton(lint),67008,119094,1.777310172
Karnataka,HAVERI,2000,Kharif,Dry ginger,112,1477,13.1875
Karnataka,HAVERI,2000,Kharif,Groundnut,24709,28329,1.146505322
Karnataka,HAVERI,2000,Kharif,Horse-gram,824,1044,1.266990291
Karnataka,HAVERI,2000,Kharif,Jowar,27719,60351,2.177243046
Karnataka,HAVERI,2000,Kharif,Maize,82099,339203,4.131633759
Karnataka,HAVERI,2000,Kharif,Moong(Green Gram),15319,10988,0.717279196
Karnataka,HAVERI,2000,Kharif,Niger seed,1686,406,0.240806643
Karnataka,HAVERI,2000,Kharif,Other Kharif pulses,3364,906,0.269322235
Karnataka,HAVERI,2000,Kharif,Ragi,3057,4897,1.601897285
Karnataka,HAVERI,2000,Kharif,Rice,54985,112869,2.05272347
Karnataka,HAVERI,2000,Kharif,Sesamum,1091,448,0.410632447
Karnataka,HAVERI,2000,Kharif,Small millets,12723,11712,0.920537609
Karnataka,HAVERI,2000,Kharif,Soyabean,499,521,1.044088176
Karnataka,HAVERI,2000,Kharif,Sunflower,1932,990,0.51242236
Karnataka,HAVERI,2000,Kharif,Urad,1178,455,0.386247878
Karnataka,HAVERI,2000,Rabi,Gram,1536,996,0.6484375
Karnataka,HAVERI,2000,Rabi,Groundnut,7851,11091,1.412686282
Karnataka,HAVERI,2000,Rabi,Horse-gram,5701,3390,0.594632521
Karnataka,HAVERI,2000,Rabi,Jowar,34284,21034,0.613522343
Karnataka,HAVERI,2000,Rabi,Linseed,285,105,0.368421053
Karnataka,HAVERI,2000,Rabi,Maize,1164,2715,2.332474227
Karnataka,HAVERI,2000,Rabi,Moong(Green Gram),3545,956,0.269675599
Karnataka,HAVERI,2000,Rabi,Other  Rabi pulses,4152,565,0.136078998
Karnataka,HAVERI,2000,Rabi,Rapeseed &Mustard,232,37,0.159482759
Karnataka,HAVERI,2000,Rabi,Safflower,2055,1144,0.556690998
Karnataka,HAVERI,2000,Rabi,Sunflower,1996,1147,0.574649299
Karnataka,HAVERI,2000,Rabi,Urad,468,164,0.35042735
Karnataka,HAVERI,2000,Rabi,Wheat,1695,1102,0.650147493
Karnataka,HAVERI,2000,Summer,Bajra,8,9,1.125
Karnataka,HAVERI,2000,Summer,Jowar,409,830,2.029339853
Karnataka,HAVERI,2000,Summer,Maize,475,1336,2.812631579
Karnataka,HAVERI,2000,Summer,Ragi,1,2,2
Karnataka,HAVERI,2000,Summer,Rice,1758,4506,2.563139932
Karnataka,HAVERI,2000,Summer,Sunflower,1027,863,0.840311587
Karnataka,HAVERI,2000,Whole Year,Arecanut,360,503,1.397222222
Karnataka,HAVERI,2000,Whole Year,Banana,571,10497,18.38353765
Karnataka,HAVERI,2000,Whole Year,Coconut,660,3151,4.774242424
Karnataka,HAVERI,2000,Whole Year,Coriander,494,51,0.103238866
Karnataka,HAVERI,2000,Whole Year,Dry chillies,37609,22115,0.588024143
Karnataka,HAVERI,2000,Whole Year,Garlic,3023,1754,0.580218326
Karnataka,HAVERI,2000,Whole Year,Onion,7044,17951,2.548409994
Karnataka,HAVERI,2000,Whole Year,Potato,3,28,9.333333333
Karnataka,HAVERI,2000,Whole Year,Sannhamp,2,1,0.5
Karnataka,HAVERI,2000,Whole Year,Sugarcane,7565,718675,95
Karnataka,HAVERI,2000,Whole Year,Tobacco,26,19,0.730769231
Karnataka,HAVERI,2000,Whole Year,Turmeric,6,27,4.5
Karnataka,HAVERI,2001,Kharif,Arhar/Tur,6277,2815,0.448462641
Karnataka,HAVERI,2001,Kharif,Bajra,344,172,0.5
Karnataka,HAVERI,2001,Kharif,Castor seed,262,194,0.740458015
Karnataka,HAVERI,2001,Kharif,Cotton(lint),80825,79106,0.978731828
Karnataka,HAVERI,2001,Kharif,Dry ginger,199,2624,13.18592965
Karnataka,HAVERI,2001,Kharif,Groundnut,23640,13270,0.561336717
Karnataka,HAVERI,2001,Kharif,Horse-gram,1301,687,0.528055342
Karnataka,HAVERI,2001,Kharif,Jowar,21539,30522,1.417057431
Karnataka,HAVERI,2001,Kharif,Maize,80490,187534,2.329904336
Karnataka,HAVERI,2001,Kharif,Mesta,1,3,3
Karnataka,HAVERI,2001,Kharif,Moong(Green Gram),12141,5675,0.46742443
Karnataka,HAVERI,2001,Kharif,Niger seed,1633,393,0.240661359
Karnataka,HAVERI,2001,Kharif,Other Kharif pulses,2969,788,0.265409229
Karnataka,HAVERI,2001,Kharif,Ragi,2370,1507,0.635864979
Karnataka,HAVERI,2001,Kharif,Rice,56369,27476,0.487431035
Karnataka,HAVERI,2001,Kharif,Sesamum,1047,678,0.64756447
Karnataka,HAVERI,2001,Kharif,Small millets,11564,10636,0.919750951
Karnataka,HAVERI,2001,Kharif,Soyabean,177,147,0.830508475
Karnataka,HAVERI,2001,Kharif,Sunflower,1074,491,0.45716946
Karnataka,HAVERI,2001,Kharif,Urad,1156,427,0.369377163
Karnataka,HAVERI,2001,Rabi,Gram,1330,781,0.587218045
Karnataka,HAVERI,2001,Rabi,Horse-gram,5128,1135,0.221333853
Karnataka,HAVERI,2001,Rabi,Jowar,40961,9429,0.230194575
Karnataka,HAVERI,2001,Rabi,Linseed,74,25,0.337837838
Karnataka,HAVERI,2001,Rabi,Maize,927,2167,2.337648328
Karnataka,HAVERI,2001,Rabi,Moong(Green Gram),699,157,0.224606581
Karnataka,HAVERI,2001,Rabi,Other  Rabi pulses,2041,267,0.130818226
Karnataka,HAVERI,2001,Rabi,Rapeseed &Mustard,148,23,0.155405405
Karnataka,HAVERI,2001,Rabi,Safflower,1708,922,0.539812646
Karnataka,HAVERI,2001,Rabi,Sunflower,1557,957,0.614643545
Karnataka,HAVERI,2001,Rabi,Urad,121,45,0.371900826
Karnataka,HAVERI,2001,Rabi,Wheat,1362,969,0.711453744
Karnataka,HAVERI,2001,Summer,Jowar,474,930,1.962025316
Karnataka,HAVERI,2001,Summer,Maize,574,1510,2.630662021
Karnataka,HAVERI,2001,Summer,Rice,1765,3493,1.979036827
Karnataka,HAVERI,2001,Summer,Sunflower,1174,1148,0.977853492
Karnataka,HAVERI,2001,Whole Year,Arecanut,507,708,1.396449704
Karnataka,HAVERI,2001,Whole Year,Coconut,1297,6193,4.774865073
Karnataka,HAVERI,2001,Whole Year,Coriander,322,33,0.102484472
Karnataka,HAVERI,2001,Whole Year,Dry chillies,42720,20270,0.474485019
Karnataka,HAVERI,2001,Whole Year,Onion,4512,14019,3.107047872
Karnataka,HAVERI,2001,Whole Year,Peas & beans (Pulses),47,275,5.85106383
Karnataka,HAVERI,2001,Whole Year,Sugarcane,5763,454413,78.85007808
Karnataka,HAVERI,2001,Whole Year,Turmeric,5,26,5.2
Karnataka,HAVERI,2002,Kharif,Arhar/Tur,4803,1036,0.215698522
Karnataka,HAVERI,2002,Kharif,Bajra,433,157,0.362586605
Karnataka,HAVERI,2002,Kharif,Castor seed,100,92,0.92
Karnataka,HAVERI,2002,Kharif,Cotton(lint),59585,49612,0.832625661
Karnataka,HAVERI,2002,Kharif,Dry ginger,139,1833,13.18705036
Karnataka,HAVERI,2002,Kharif,Groundnut,20724,7885,0.380476742
Karnataka,HAVERI,2002,Kharif,Horse-gram,580,227,0.39137931
Karnataka,HAVERI,2002,Kharif,Jowar,24532,30823,1.256440567
Karnataka,HAVERI,2002,Kharif,Maize,103154,206334,2.00025205
Karnataka,HAVERI,2002,Kharif,Mesta,1,3,3
Karnataka,HAVERI,2002,Kharif,Moong(Green Gram),22375,744,0.033251397
Karnataka,HAVERI,2002,Kharif,Niger seed,940,226,0.240425532
Karnataka,HAVERI,2002,Kharif,Other Kharif pulses,2204,604,0.274047187
Karnataka,HAVERI,2002,Kharif,Ragi,1711,893,0.521917008
Karnataka,HAVERI,2002,Kharif,Rice,55222,23928,0.433305567
Karnataka,HAVERI,2002,Kharif,Sesamum,949,373,0.393045311
Karnataka,HAVERI,2002,Kharif,Small millets,12705,11033,0.868398268
Karnataka,HAVERI,2002,Kharif,Soyabean,327,272,0.831804281
Karnataka,HAVERI,2002,Kharif,Sunflower,2944,1046,0.355298913
Karnataka,HAVERI,2002,Kharif,Urad,419,47,0.112171838
Karnataka,HAVERI,2002,Rabi,Gram,1742,708,0.406429392
Karnataka,HAVERI,2002,Rabi,Groundnut,3153,3696,1.172216936
Karnataka,HAVERI,2002,Rabi,Horse-gram,7508,2261,0.301145445
Karnataka,HAVERI,2002,Rabi,Jowar,54092,7908,0.146195371
Karnataka,HAVERI,2002,Rabi,Linseed,45,16,0.355555556
Karnataka,HAVERI,2002,Rabi,Maize,870,2225,2.557471264
Karnataka,HAVERI,2002,Rabi,Moong(Green Gram),2140,486,0.227102804
Karnataka,HAVERI,2002,Rabi,Other  Rabi pulses,2263,308,0.136102519
Karnataka,HAVERI,2002,Rabi,Rapeseed &Mustard,33,5,0.151515152
Karnataka,HAVERI,2002,Rabi,Rice,53,111,2.094339623
Karnataka,HAVERI,2002,Rabi,Safflower,1443,632,0.437976438
Karnataka,HAVERI,2002,Rabi,Sunflower,3712,1549,0.417295259
Karnataka,HAVERI,2002,Rabi,Urad,619,73,0.117932149
Karnataka,HAVERI,2002,Rabi,Wheat,1274,488,0.383045526
Karnataka,HAVERI,2002,Summer,Jowar,397,656,1.652392947
Karnataka,HAVERI,2002,Summer,Maize,466,1191,2.555793991
Karnataka,HAVERI,2002,Summer,Rice,2098,3576,1.704480458
Karnataka,HAVERI,2002,Summer,Sunflower,1363,829,0.608217168
Karnataka,HAVERI,2002,Whole Year,Arcanut (Processed),721,1007,1.39667129
Karnataka,HAVERI,2002,Whole Year,Atcanut (Raw),721,4856,6.735090153
Karnataka,HAVERI,2002,Whole Year,Banana,1501,38304,25.51898734
Karnataka,HAVERI,2002,Whole Year,Beans & Mutter(Vegetable),3,24,8
Karnataka,HAVERI,2002,Whole Year,Brinjal,510,1926,3.776470588
Karnataka,HAVERI,2002,Whole Year,Cashewnut Processed,16,1,0.0625
Karnataka,HAVERI,2002,Whole Year,Cashewnut Raw,16,3,0.1875
Karnataka,HAVERI,2002,Whole Year,Citrus Fruit,37,642,17.35135135
Karnataka,HAVERI,2002,Whole Year,Coconut,1852,8843,4.774838013
Karnataka,HAVERI,2002,Whole Year,Coriander,222,23,0.103603604
Karnataka,HAVERI,2002,Whole Year,Dry chillies,29606,9940,0.335742755
Karnataka,HAVERI,2002,Whole Year,Garlic,2208,1281,0.580163043
Karnataka,HAVERI,2002,Whole Year,Mango,994,8067,8.115694165
Karnataka,HAVERI,2002,Whole Year,Onion,7809,10550,1.35100525
Karnataka,HAVERI,2002,Whole Year,Other Fresh Fruits,306,961,3.140522876
Karnataka,HAVERI,2002,Whole Year,Papaya,15,39,2.6
Karnataka,HAVERI,2002,Whole Year,Pome Fruit,87,228,2.620689655
Karnataka,HAVERI,2002,Whole Year,Potato,14,28,2
Karnataka,HAVERI,2002,Whole Year,Sannhamp,6,1,0.166666667
Karnataka,HAVERI,2002,Whole Year,Sugarcane,3391,125637,37.0501327
Karnataka,HAVERI,2002,Whole Year,Tobacco,3,2,0.666666667
Karnataka,HAVERI,2002,Whole Year,Tomato,1281,4679,3.652615144
Karnataka,HAVERI,2002,Whole Year,Turmeric,1,4,4
Karnataka,HAVERI,2003,Kharif,Arhar/Tur,2946,523,0.177528853
Karnataka,HAVERI,2003,Kharif,Bajra,43,25,0.581395349
Karnataka,HAVERI,2003,Kharif,Castor seed,43,39,0.906976744
Karnataka,HAVERI,2003,Kharif,Cotton(lint),47319,31332,0.66214417
Karnataka,HAVERI,2003,Kharif,Dry ginger,123,1622,13.18699187
Karnataka,HAVERI,2003,Kharif,Groundnut,18533,5928,0.319861868
Karnataka,HAVERI,2003,Kharif,Horse-gram,464,242,0.521551724
Karnataka,HAVERI,2003,Kharif,Jowar,19795,10977,0.554533973
Karnataka,HAVERI,2003,Kharif,Maize,108212,115966,1.071655639
Karnataka,HAVERI,2003,Kharif,Moong(Green Gram),16564,220,0.013281816
Karnataka,HAVERI,2003,Kharif,Niger seed,652,157,0.240797546
Karnataka,HAVERI,2003,Kharif,Other Kharif pulses,1215,328,0.269958848
Karnataka,HAVERI,2003,Kharif,Ragi,2382,741,0.311083123
Karnataka,HAVERI,2003,Kharif,Rice,35641,24198,0.678937179
Karnataka,HAVERI,2003,Kharif,Sesamum,655,143,0.218320611
Karnataka,HAVERI,2003,Kharif,Small millets,11795,8006,0.678762187
Karnataka,HAVERI,2003,Kharif,Soyabean,544,262,0.481617647
Karnataka,HAVERI,2003,Kharif,Sunflower,3184,812,0.255025126
Karnataka,HAVERI,2003,Kharif,Urad,171,43,0.251461988
Karnataka,HAVERI,2003,Rabi,Gram,1983,655,0.330307615
Karnataka,HAVERI,2003,Rabi,Groundnut,5398,5492,1.017413857
Karnataka,HAVERI,2003,Rabi,Horse-gram,8187,1501,0.183339441
Karnataka,HAVERI,2003,Rabi,Jowar,91552,16779,0.183272894
Karnataka,HAVERI,2003,Rabi,Linseed,33,3,0.090909091
Karnataka,HAVERI,2003,Rabi,Maize,1369,2999,2.19065011
Karnataka,HAVERI,2003,Rabi,Moong(Green Gram),1824,534,0.292763158
Karnataka,HAVERI,2003,Rabi,Other  Rabi pulses,1582,214,0.135271808
Karnataka,HAVERI,2003,Rabi,Rapeseed &Mustard,30,5,0.166666667
Karnataka,HAVERI,2003,Rabi,Safflower,2252,663,0.294404973
Karnataka,HAVERI,2003,Rabi,Sunflower,11844,3601,0.304035799
Karnataka,HAVERI,2003,Rabi,Urad,240,126,0.525
Karnataka,HAVERI,2003,Rabi,Wheat,1833,295,0.160938352
Karnataka,HAVERI,2003,Summer,Jowar,466,1240,2.660944206
Karnataka,HAVERI,2003,Summer,Maize,500,1259,2.518
Karnataka,HAVERI,2003,Summer,Rice,1467,5385,3.670756646
Karnataka,HAVERI,2003,Summer,Sunflower,1391,736,0.529115744
Karnataka,HAVERI,2003,Whole Year,Arecanut,634,886,1.397476341
Karnataka,HAVERI,2003,Whole Year,Banana,862,35231,40.8712297
Karnataka,HAVERI,2003,Whole Year,Beans & Mutter(Vegetable),237,1653,6.974683544
Karnataka,HAVERI,2003,Whole Year,Brinjal,567,3162,5.576719577
Karnataka,HAVERI,2003,Whole Year,Citrus Fruit,21,332,15.80952381
Karnataka,HAVERI,2003,Whole Year,Coconut,1229,5868,4.774613507
Karnataka,HAVERI,2003,Whole Year,Coriander,237,24,0.101265823
Karnataka,HAVERI,2003,Whole Year,Dry chillies,12265,15662,1.276966979
Karnataka,HAVERI,2003,Whole Year,Garlic,1189,690,0.580319596
Karnataka,HAVERI,2003,Whole Year,Mango,613,4276,6.975530179
Karnataka,HAVERI,2003,Whole Year,Onion,6568,20412,3.107795371
Karnataka,HAVERI,2003,Whole Year,Other Fresh Fruits,167,444,2.658682635
Karnataka,HAVERI,2003,Whole Year,Pome Fruit,130,69,0.530769231
Karnataka,HAVERI,2003,Whole Year,Potato,1,5,5
Karnataka,HAVERI,2003,Whole Year,Sannhamp,1,0,0
Karnataka,HAVERI,2003,Whole Year,Sugarcane,2246,98150,43.69991095
Karnataka,HAVERI,2003,Whole Year,Tobacco,5,3,0.6
Karnataka,HAVERI,2003,Whole Year,Tomato,1486,5520,3.714670256
Karnataka,HAVERI,2003,Whole Year,Turmeric,1,5,5
Karnataka,HAVERI,2004,Kharif,Arhar/Tur,4375,1517,0.346742857
Karnataka,HAVERI,2004,Kharif,Bajra,178,97,0.54494382
Karnataka,HAVERI,2004,Kharif,Castor seed,133,115,0.864661654
Karnataka,HAVERI,2004,Kharif,Cotton(lint),63400,92471,1.458533123
Karnataka,HAVERI,2004,Kharif,Dry ginger,86,1134,13.18604651
Karnataka,HAVERI,2004,Kharif,Groundnut,20345,13936,0.684984026
Karnataka,HAVERI,2004,Kharif,Horse-gram,381,198,0.519685039
Karnataka,HAVERI,2004,Kharif,Jowar,21827,36833,1.687497137
Karnataka,HAVERI,2004,Kharif,Maize,132467,299230,2.258902217
Karnataka,HAVERI,2004,Kharif,Moong(Green Gram),20337,5410,0.266017603
Karnataka,HAVERI,2004,Kharif,Niger seed,828,199,0.240338164
Karnataka,HAVERI,2004,Kharif,Other Kharif pulses,1476,,
Karnataka,HAVERI,2004,Kharif,Ragi,1323,1655,1.250944822
Karnataka,HAVERI,2004,Kharif,Rice,34035,43973.22,1.292
Karnataka,HAVERI,2004,Kharif,Sesamum,928,500,0.538793103
Karnataka,HAVERI,2004,Kharif,Small millets,10663,8232,0.77201538
Karnataka,HAVERI,2004,Kharif,Soyabean,1253,784,0.625698324
Karnataka,HAVERI,2004,Kharif,Sunflower,3626,1853,0.51103144
Karnataka,HAVERI,2004,Kharif,Urad,336,39,0.116071429
Karnataka,HAVERI,2004,Rabi,Gram,1877,479,0.255194459
Karnataka,HAVERI,2004,Rabi,Groundnut,5251,4465,0.850314226
Karnataka,HAVERI,2004,Rabi,Horse-gram,7150,1712,0.239440559
Karnataka,HAVERI,2004,Rabi,Jowar,44210,32891,0.743971952
Karnataka,HAVERI,2004,Rabi,Linseed,40,8,0.2
Karnataka,HAVERI,2004,Rabi,Maize,432,1314,3.041666667
Karnataka,HAVERI,2004,Rabi,Moong(Green Gram),1380,337,0.244202899
Karnataka,HAVERI,2004,Rabi,Other  Rabi pulses,1385,188,0.135740072
Karnataka,HAVERI,2004,Rabi,Rapeseed &Mustard,40,6,0.15
Karnataka,HAVERI,2004,Rabi,Safflower,1459,1317,0.902673064
Karnataka,HAVERI,2004,Rabi,Sunflower,6932,5179,0.74711483
Karnataka,HAVERI,2004,Rabi,Urad,161,55,0.341614907
Karnataka,HAVERI,2004,Rabi,Wheat,783,433,0.553001277
Karnataka,HAVERI,2004,Summer,Jowar,234,186,0.794871795
Karnataka,HAVERI,2004,Summer,Maize,688,2105,3.059593023
Karnataka,HAVERI,2004,Summer,Rice,3278,14664,4.473459426
Karnataka,HAVERI,2004,Summer,Sunflower,2392,1520,0.635451505
Karnataka,HAVERI,2004,Whole Year,Arecanut,717,1002,1.39748954
Karnataka,HAVERI,2004,Whole Year,Banana,942,36550,38.80042463
Karnataka,HAVERI,2004,Whole Year,Coconut,1147,55319.81,48.23
Karnataka,HAVERI,2004,Whole Year,Coriander,177,18,0.101694915
Karnataka,HAVERI,2004,Whole Year,Dry chillies,24901,11794,0.473635597
Karnataka,HAVERI,2004,Whole Year,Garlic,1605,931,0.580062305
Karnataka,HAVERI,2004,Whole Year,Onion,10372,53516,5.159660625
Karnataka,HAVERI,2004,Whole Year,Potato,1,6,6
Karnataka,HAVERI,2004,Whole Year,Sannhamp,2,1,0.5
Karnataka,HAVERI,2004,Whole Year,Tobacco,7,5,0.714285714
Karnataka,HAVERI,2004,Whole Year,Turmeric,3,14,4.666666667
Karnataka,HAVERI,2005,Kharif,Arhar/Tur,3698,3183,0.860735533
Karnataka,HAVERI,2005,Kharif,Bajra,73,62,0.849315068
Karnataka,HAVERI,2005,Kharif,Castor seed,89,93,1.04494382
Karnataka,HAVERI,2005,Kharif,Dry chillies,15995,6350,0.396999062
Karnataka,HAVERI,2005,Kharif,Groundnut,22119,9725,0.439667254
Karnataka,HAVERI,2005,Kharif,Horse-gram,244,139,0.569672131
Karnataka,HAVERI,2005,Kharif,Jowar,19508,33777,1.73144351
Karnataka,HAVERI,2005,Kharif,Maize,153167,360596,2.354266911
Karnataka,HAVERI,2005,Kharif,Moong(Green Gram),13761,4079,0.296417412
Karnataka,HAVERI,2005,Kharif,Niger seed,645,155,0.240310078
Karnataka,HAVERI,2005,Kharif,Onion,11134,60026,5.391234058
Karnataka,HAVERI,2005,Kharif,Other Kharif pulses,1175,313,0.266382979
Karnataka,HAVERI,2005,Kharif,Peas & beans (Pulses),38,232,6.105263158
Karnataka,HAVERI,2005,Kharif,Potato,1,3,3
Karnataka,HAVERI,2005,Kharif,Ragi,1391,1953,1.404025881
Karnataka,HAVERI,2005,Kharif,Rice,26796,55400,2.067472757
Karnataka,HAVERI,2005,Kharif,Sesamum,976,979,1.00307377
Karnataka,HAVERI,2005,Kharif,Small millets,7864,6237,0.793107833
Karnataka,HAVERI,2005,Kharif,Soyabean,2958,837,0.28296146
Karnataka,HAVERI,2005,Kharif,Sunflower,6573,2937,0.446827932
Karnataka,HAVERI,2005,Kharif,Urad,342,61,0.178362573
Karnataka,HAVERI,2005,Rabi,Dry chillies,280,455,1.625
Karnataka,HAVERI,2005,Rabi,Gram,1071,368,0.343604108
Karnataka,HAVERI,2005,Rabi,Groundnut,4997,5597,1.120072043
Karnataka,HAVERI,2005,Rabi,Horse-gram,5481,2234,0.407589856
Karnataka,HAVERI,2005,Rabi,Jowar,37239,27709,0.744085502
Karnataka,HAVERI,2005,Rabi,Linseed,111,37,0.333333333
Karnataka,HAVERI,2005,Rabi,Maize,788,1802,2.28680203
Karnataka,HAVERI,2005,Rabi,Moong(Green Gram),1587,932,0.587271582
Karnataka,HAVERI,2005,Rabi,Onion,121,1254,10.36363636
Karnataka,HAVERI,2005,Rabi,Other  Rabi pulses,2903,394,0.135721667
Karnataka,HAVERI,2005,Rabi,Peas & beans (Pulses),1,7,7
Karnataka,HAVERI,2005,Rabi,Rapeseed &Mustard,53,8,0.150943396
Karnataka,HAVERI,2005,Rabi,Safflower,1888,1376,0.728813559
Karnataka,HAVERI,2005,Rabi,Sunflower,8059,5701,0.707407867
Karnataka,HAVERI,2005,Rabi,Urad,355,170,0.478873239
Karnataka,HAVERI,2005,Rabi,Wheat,1090,713,0.65412844
Karnataka,HAVERI,2005,Summer,Dry chillies,1905,3917,2.056167979
Karnataka,HAVERI,2005,Summer,Jowar,273,467,1.710622711
Karnataka,HAVERI,2005,Summer,Maize,885,2018,2.280225989
Karnataka,HAVERI,2005,Summer,Onion,88,1505,17.10227273
Karnataka,HAVERI,2005,Summer,Ragi,1,2,2
Karnataka,HAVERI,2005,Summer,Rice,4621,14667,3.173988314
Karnataka,HAVERI,2005,Summer,Sunflower,3225,1226,0.380155039
Karnataka,HAVERI,2005,Whole Year,Arecanut,715,4816,6.735664336
Karnataka,HAVERI,2005,Whole Year,Banana,1199,41846,34.90075063
Karnataka,HAVERI,2005,Whole Year,Coconut,974,4651,4.775154004
Karnataka,HAVERI,2005,Whole Year,Coriander,92,9,0.097826087
Karnataka,HAVERI,2005,Whole Year,Cotton(lint),59771,96519,1.614813204
Karnataka,HAVERI,2005,Whole Year,Dry ginger,122,1609,13.18852459
Karnataka,HAVERI,2005,Whole Year,Garlic,1816,1054,0.580396476
Karnataka,HAVERI,2005,Whole Year,Sugarcane,1135,100277,88.34977974
Karnataka,HAVERI,2005,Whole Year,Tobacco,22,14,0.636363636
Karnataka,HAVERI,2005,Whole Year,Turmeric,6,32,5.333333333
Karnataka,HAVERI,2006,Kharif,Arhar/Tur,3690,3172,0.859620596
Karnataka,HAVERI,2006,Kharif,Bajra,69,28,0.405797101
Karnataka,HAVERI,2006,Kharif,Castor seed,59,47,0.796610169
Karnataka,HAVERI,2006,Kharif,Gram,498,94,0.18875502
Karnataka,HAVERI,2006,Kharif,Groundnut,17577,11561,0.657734539
Karnataka,HAVERI,2006,Kharif,Horse-gram,404,145,0.358910891
Karnataka,HAVERI,2006,Kharif,Jowar,15968,25520,1.598196393
Karnataka,HAVERI,2006,Kharif,Maize,127899,336397,2.630176936
Karnataka,HAVERI,2006,Kharif,Moong(Green Gram),10621,2401,0.226061576
Karnataka,HAVERI,2006,Kharif,Niger seed,665,160,0.240601504
Karnataka,HAVERI,2006,Kharif,Other Kharif pulses,700,388,0.554285714
Karnataka,HAVERI,2006,Kharif,Ragi,1272,1328,1.044025157
Karnataka,HAVERI,2006,Kharif,Rapeseed &Mustard,72,11,0.152777778
Karnataka,HAVERI,2006,Kharif,Rice,36385,68978,1.895781229
Karnataka,HAVERI,2006,Kharif,Sesamum,708,684,0.966101695
Karnataka,HAVERI,2006,Kharif,Small millets,7887,7680,0.973754279
Karnataka,HAVERI,2006,Kharif,Soyabean,6502,6022,0.926176561
Karnataka,HAVERI,2006,Kharif,Sunflower,4216,1454,0.34487666
Karnataka,HAVERI,2006,Kharif,Urad,498,94,0.18875502
Karnataka,HAVERI,2006,Rabi,Gram,1361,335,0.246142542
Karnataka,HAVERI,2006,Rabi,Groundnut,2808,2726,0.970797721
Karnataka,HAVERI,2006,Rabi,Horse-gram,4711,2591,0.549989387
Karnataka,HAVERI,2006,Rabi,Jowar,31772,24407,0.768192119
Karnataka,HAVERI,2006,Rabi,Linseed,118,36,0.305084746
Karnataka,HAVERI,2006,Rabi,Maize,1398,2426,1.735336195
Karnataka,HAVERI,2006,Rabi,Moong(Green Gram),3454,1414,0.409380428
Karnataka,HAVERI,2006,Rabi,Other  Rabi pulses,2215,544,0.245598194
Karnataka,HAVERI,2006,Rabi,Safflower,1766,1196,0.677236693
Karnataka,HAVERI,2006,Rabi,Sunflower,7984,4908,0.614729459
Karnataka,HAVERI,2006,Rabi,Urad,412,217,0.526699029
Karnataka,HAVERI,2006,Rabi,Wheat,1093,902,0.825251601
Karnataka,HAVERI,2006,Summer,Jowar,303,533,1.759075908
Karnataka,HAVERI,2006,Summer,Maize,1017,4196,4.125860374
Karnataka,HAVERI,2006,Summer,Rice,3172,10719,3.37925599
Karnataka,HAVERI,2006,Summer,Sunflower,2404,2124,0.883527454
Karnataka,HAVERI,2006,Whole Year,Arecanut,794,1109,1.396725441
Karnataka,HAVERI,2006,Whole Year,Banana,1201,38731,32.2489592
Karnataka,HAVERI,2006,Whole Year,Coconut,1058,5052,4.775047259
Karnataka,HAVERI,2006,Whole Year,Coriander,215,22,0.102325581
Karnataka,HAVERI,2006,Whole Year,Cotton(lint),76459,129621,1.695300749
Karnataka,HAVERI,2006,Whole Year,Dry chillies,20421,28525,1.396846384
Karnataka,HAVERI,2006,Whole Year,Dry ginger,85,1121,13.18823529
Karnataka,HAVERI,2006,Whole Year,Garlic,2812,1631,0.580014225
Karnataka,HAVERI,2006,Whole Year,Mesta,8,11,1.375
Karnataka,HAVERI,2006,Whole Year,Onion,9949,27137,2.727610815
Karnataka,HAVERI,2006,Whole Year,Potato,2,13,6.5
Karnataka,HAVERI,2006,Whole Year,Sugarcane,1069,92415,86.44995323
Karnataka,HAVERI,2006,Whole Year,Tobacco,124,55,0.443548387
Karnataka,HAVERI,2006,Whole Year,Turmeric,1,5,5
Karnataka,HAVERI,2007,Kharif,Arhar/Tur,2807,1872,0.666904168
Karnataka,HAVERI,2007,Kharif,Bajra,47,34,0.723404255
Karnataka,HAVERI,2007,Kharif,Castor seed,63,42,0.666666667
Karnataka,HAVERI,2007,Kharif,Dry chillies,17289,19414,1.122910521
Karnataka,HAVERI,2007,Kharif,Groundnut,15853,12018,0.758089951
Karnataka,HAVERI,2007,Kharif,Horse-gram,174,89,0.511494253
Karnataka,HAVERI,2007,Kharif,Jowar,16956,29556,1.743099788
Karnataka,HAVERI,2007,Kharif,Maize,137735,331828,2.409177043
Karnataka,HAVERI,2007,Kharif,Moong(Green Gram),9585,1512,0.157746479
Karnataka,HAVERI,2007,Kharif,Niger seed,555,138,0.248648649
Karnataka,HAVERI,2007,Kharif,Onion,8266,30900,3.738204694
Karnataka,HAVERI,2007,Kharif,Other Kharif pulses,686,399,0.581632653
Karnataka,HAVERI,2007,Kharif,Ragi,920,960,1.043478261
Karnataka,HAVERI,2007,Kharif,Rapeseed &Mustard,47,17,0.361702128
Karnataka,HAVERI,2007,Kharif,Rice,37740,92017,2.4381823
Karnataka,HAVERI,2007,Kharif,Sesamum,417,368,0.882494005
Karnataka,HAVERI,2007,Kharif,Small millets,7046,5993,0.850553506
Karnataka,HAVERI,2007,Kharif,Soyabean,5866,3962,0.675417661
Karnataka,HAVERI,2007,Kharif,Sunflower,3196,1591,0.497809762
Karnataka,HAVERI,2007,Kharif,Urad,744,245,0.329301075
Karnataka,HAVERI,2007,Rabi,Dry chillies,754,2342,3.106100796
Karnataka,HAVERI,2007,Rabi,Gram,1208,419,0.346854305
Karnataka,HAVERI,2007,Rabi,Groundnut,3733,3256,0.872220734
Karnataka,HAVERI,2007,Rabi,Horse-gram,4245,2589,0.609893993
Karnataka,HAVERI,2007,Rabi,Jowar,28334,25973,0.916672549
Karnataka,HAVERI,2007,Rabi,Linseed,128,51,0.3984375
Karnataka,HAVERI,2007,Rabi,Maize,1750,5120,2.925714286
Karnataka,HAVERI,2007,Rabi,Moong(Green Gram),2407,947,0.393435812
Karnataka,HAVERI,2007,Rabi,Onion,79,665,8.417721519
Karnataka,HAVERI,2007,Rabi,Other  Rabi pulses,2002,507,0.253246753
Karnataka,HAVERI,2007,Rabi,Safflower,1776,1517,0.854166667
Karnataka,HAVERI,2007,Rabi,Sunflower,6598,4870,0.738102455
Karnataka,HAVERI,2007,Rabi,Urad,450,36,0.08
Karnataka,HAVERI,2007,Rabi,Wheat,1112,875,0.786870504
Karnataka,HAVERI,2007,Summer,Dry chillies,1595,3832,2.402507837
Karnataka,HAVERI,2007,Summer,Jowar,323,611,1.891640867
Karnataka,HAVERI,2007,Summer,Maize,1031,3147,3.052376334
Karnataka,HAVERI,2007,Summer,Onion,40,338,8.45
Karnataka,HAVERI,2007,Summer,Rice,4127,12395,3.003392295
Karnataka,HAVERI,2007,Summer,Sunflower,2421,2590,1.069805865
Karnataka,HAVERI,2007,Whole Year,Arecanut,922,6210,6.735357918
Karnataka,HAVERI,2007,Whole Year,Banana,1246,73996,59.38683788
Karnataka,HAVERI,2007,Whole Year,Coconut,1123,5718,5.091718611
Karnataka,HAVERI,2007,Whole Year,Coriander,71,25,0.352112676
Karnataka,HAVERI,2007,Whole Year,Cotton(lint),78900,152978,1.938884664
Karnataka,HAVERI,2007,Whole Year,Dry ginger,52,624,12
Karnataka,HAVERI,2007,Whole Year,Garlic,2621,2065,0.787867226
Karnataka,HAVERI,2007,Whole Year,Sugarcane,2189,155966,71.24988579
Karnataka,HAVERI,2007,Whole Year,Tobacco,94,40,0.425531915
Karnataka,HAVERI,2008,Kharif,Arhar/Tur,2332,1187,0.509005146
Karnataka,HAVERI,2008,Kharif,Bajra,15,8,0.533333333
Karnataka,HAVERI,2008,Kharif,Castor seed,60,57,0.95
Karnataka,HAVERI,2008,Kharif,Dry chillies,10191,17698,1.73663036
Karnataka,HAVERI,2008,Kharif,Groundnut,18076,10852,0.600354061
Karnataka,HAVERI,2008,Kharif,Horse-gram,112,51,0.455357143
Karnataka,HAVERI,2008,Kharif,Jowar,13334,19567,1.467451627
Karnataka,HAVERI,2008,Kharif,Maize,120619,313857,2.602052745
Karnataka,HAVERI,2008,Kharif,Moong(Green Gram),6593,820,0.124374336
Karnataka,HAVERI,2008,Kharif,Niger seed,579,198,0.341968912
Karnataka,HAVERI,2008,Kharif,Onion,6248,36225,5.797855314
Karnataka,HAVERI,2008,Kharif,Other Kharif pulses,537,286,0.532588454
Karnataka,HAVERI,2008,Kharif,Ragi,988,1254,1.269230769
Karnataka,HAVERI,2008,Kharif,Rice,46954,56650,1.206499979
Karnataka,HAVERI,2008,Kharif,Sesamum,478,337,0.705020921
Karnataka,HAVERI,2008,Kharif,Soyabean,9273,6228,0.671627305
Karnataka,HAVERI,2008,Kharif,Sunflower,3363,1549,0.460600654
Karnataka,HAVERI,2008,Kharif,Urad,465,119,0.255913978
Karnataka,HAVERI,2008,Rabi,Dry chillies,1269,3561,2.806146572
Karnataka,HAVERI,2008,Rabi,Gram,1033,387,0.37463698
Karnataka,HAVERI,2008,Rabi,Groundnut,2800,2229,0.796071429
Karnataka,HAVERI,2008,Rabi,Horse-gram,3314,1388,0.418829209
Karnataka,HAVERI,2008,Rabi,Jowar,29830,24121,0.808615488
Karnataka,HAVERI,2008,Rabi,Linseed,102,38,0.37254902
Karnataka,HAVERI,2008,Rabi,Maize,2207,6508,2.948799275
Karnataka,HAVERI,2008,Rabi,Moong(Green Gram),2199,852,0.38744884
Karnataka,HAVERI,2008,Rabi,Onion,106,708,6.679245283
Karnataka,HAVERI,2008,Rabi,Other  Rabi pulses,1234,209,0.169367909
Karnataka,HAVERI,2008,Rabi,Rapeseed &Mustard,52,21,0.403846154
Karnataka,HAVERI,2008,Rabi,Safflower,2504,1832,0.731629393
Karnataka,HAVERI,2008,Rabi,Sunflower,7034,4208,0.598237134
Karnataka,HAVERI,2008,Rabi,Urad,396,119,0.300505051
Karnataka,HAVERI,2008,Rabi,Wheat,1357,801,0.59027266
Karnataka,HAVERI,2008,Summer,Dry chillies,2303,8347,3.624402953
Karnataka,HAVERI,2008,Summer,Jowar,369,842,2.281842818
Karnataka,HAVERI,2008,Summer,Maize,1567,4985,3.181238034
Karnataka,HAVERI,2008,Summer,Onion,16,87,5.4375
Karnataka,HAVERI,2008,Summer,Rice,4715,15131,3.20911983
Karnataka,HAVERI,2008,Summer,Sunflower,2168,2000,0.922509225
Karnataka,HAVERI,2008,Whole Year,Arecanut,1043,7025,6.735378715
Karnataka,HAVERI,2008,Whole Year,Banana,1016,39199,38.58169291
Karnataka,HAVERI,2008,Whole Year,Cashewnut,44,27.05,0.614772727
Karnataka,HAVERI,2008,Whole Year,Coconut,1148,5957,5.18902439
Karnataka,HAVERI,2008,Whole Year,Coriander,64,35,0.546875
Karnataka,HAVERI,2008,Whole Year,Cotton(lint),91934,163838,1.782126308
Karnataka,HAVERI,2008,Whole Year,Dry ginger,53,1688,31.8490566
Karnataka,HAVERI,2008,Whole Year,Garlic,2318,5101,2.200603969
Karnataka,HAVERI,2008,Whole Year,Sugarcane,2237,110508,49.40008941
Karnataka,HAVERI,2008,Whole Year,Tobacco,65,33,0.507692308
Karnataka,HAVERI,2008,Whole Year,Turmeric,1,5,5
Karnataka,HAVERI,2009,Kharif,Arhar/Tur,2546,1461,0.57384132
Karnataka,HAVERI,2009,Kharif,Bajra,1,,
Karnataka,HAVERI,2009,Kharif,Castor seed,13,8,0.615384615
Karnataka,HAVERI,2009,Kharif,Gram,72,38,0.527777778
Karnataka,HAVERI,2009,Kharif,Groundnut,17403,11384,0.654140091
Karnataka,HAVERI,2009,Kharif,Horse-gram,72,38,0.527777778
Karnataka,HAVERI,2009,Kharif,Jowar,10583,9381,0.88642162
Karnataka,HAVERI,2009,Kharif,Maize,120119,248755,2.070904686
Karnataka,HAVERI,2009,Kharif,Moong(Green Gram),4019,565,0.140582234
Karnataka,HAVERI,2009,Kharif,Niger seed,449,157,0.349665924
Karnataka,HAVERI,2009,Kharif,Onion,5529,17806,3.220473865
Karnataka,HAVERI,2009,Kharif,Other Kharif pulses,449,194,0.432071269
Karnataka,HAVERI,2009,Kharif,Ragi,562,371,0.660142349
Karnataka,HAVERI,2009,Kharif,Rice,43936,47582.69,1.083000046
Karnataka,HAVERI,2009,Kharif,Sesamum,313,211,0.674121406
Karnataka,HAVERI,2009,Kharif,Small millets,3172,2487,0.784047919
Karnataka,HAVERI,2009,Kharif,Soyabean,11342,3739,0.329659672
Karnataka,HAVERI,2009,Kharif,Sunflower,1438,758,0.527121001
Karnataka,HAVERI,2009,Kharif,Urad,501,102,0.203592814
Karnataka,HAVERI,2009,Rabi,Dry chillies,1250,5558,4.4464
Karnataka,HAVERI,2009,Rabi,Gram,4144,2366,0.570945946
Karnataka,HAVERI,2009,Rabi,Groundnut,2992,2487,0.831216578
Karnataka,HAVERI,2009,Rabi,Horse-gram,4144,2366,0.570945946
Karnataka,HAVERI,2009,Rabi,Jowar,28483,20640,0.724642769
Karnataka,HAVERI,2009,Rabi,Linseed,120,35,0.291666667
Karnataka,HAVERI,2009,Rabi,Maize,3665,10735,2.929058663
Karnataka,HAVERI,2009,Rabi,Moong(Green Gram),2467,785,0.318200243
Karnataka,HAVERI,2009,Rabi,Onion,98,581,5.928571429
Karnataka,HAVERI,2009,Rabi,Other  Rabi pulses,1504,376,0.25
Karnataka,HAVERI,2009,Rabi,Rapeseed &Mustard,5,1,0.2
Karnataka,HAVERI,2009,Rabi,Safflower,1965,1434,0.729770992
Karnataka,HAVERI,2009,Rabi,Sunflower,6167,4615,0.748337928
Karnataka,HAVERI,2009,Rabi,Urad,359,75,0.208913649
Karnataka,HAVERI,2009,Rabi,Wheat,2014,1430,0.710029791
Karnataka,HAVERI,2009,Summer,Dry chillies,1997,11315,5.665998998
Karnataka,HAVERI,2009,Summer,Jowar,350,616,1.76
Karnataka,HAVERI,2009,Summer,Maize,2181,2930,1.343420449
Karnataka,HAVERI,2009,Summer,Onion,37,282,7.621621622
Karnataka,HAVERI,2009,Summer,Rice,6059,12652,2.088133355
Karnataka,HAVERI,2009,Summer,Sunflower,1782,1938,1.087542088
Karnataka,HAVERI,2009,Whole Year,Arecanut,1288,8675,6.735248447
Karnataka,HAVERI,2009,Whole Year,Banana,1089,28219,25.912764
Karnataka,HAVERI,2009,Whole Year,Cashewnut,49,37,0.755102041
Karnataka,HAVERI,2009,Whole Year,Coconut,1243,5598,4.503620274
Karnataka,HAVERI,2009,Whole Year,Coriander,45,22,0.488888889
Karnataka,HAVERI,2009,Whole Year,Cotton(lint),109231,143134,1.310378922
Karnataka,HAVERI,2009,Whole Year,Dry ginger,61,1921,31.49180328
Karnataka,HAVERI,2009,Whole Year,Garlic,2118,2977,1.405571294
Karnataka,HAVERI,2009,Whole Year,Sugarcane,965,72423,75.04974093
Karnataka,HAVERI,2009,Whole Year,Tobacco,15,12,0.8
Karnataka,HAVERI,2009,Whole Year,Turmeric,4,20,5
Karnataka,HAVERI,2010,Kharif,Arhar/Tur,3031,1889,0.623226658
Karnataka,HAVERI,2010,Kharif,Castor seed,11,9,0.818181818
Karnataka,HAVERI,2010,Kharif,Cotton(lint),100887,277675,2.752336773
Karnataka,HAVERI,2010,Kharif,Cowpea(Lobia),465,240,0.516129032
Karnataka,HAVERI,2010,Kharif,Dry chillies,6567,4642,0.706867672
Karnataka,HAVERI,2010,Kharif,Groundnut,16319,19306,1.183038176
Karnataka,HAVERI,2010,Kharif,Horse-gram,151,87,0.57615894
Karnataka,HAVERI,2010,Kharif,Jowar,8119,15676,1.930779653
Karnataka,HAVERI,2010,Kharif,Maize,129212,472631,3.657794942
Karnataka,HAVERI,2010,Kharif,Moong(Green Gram),2986,1282,0.429336906
Karnataka,HAVERI,2010,Kharif,Niger seed,379,114,0.300791557
Karnataka,HAVERI,2010,Kharif,Onion,4249,22920,5.394210402
Karnataka,HAVERI,2010,Kharif,Other Kharif pulses,104,93,0.894230769
Karnataka,HAVERI,2010,Kharif,Peas & beans (Pulses),32,222,6.9375
Karnataka,HAVERI,2010,Kharif,Ragi,483,275,0.569358178
Karnataka,HAVERI,2010,Kharif,Rice,44996,89319,1.985043115
Karnataka,HAVERI,2010,Kharif,Sesamum,245,84,0.342857143
Karnataka,HAVERI,2010,Kharif,Small millets,2841,1236,0.435058078
Karnataka,HAVERI,2010,Kharif,Soyabean,7024,7794,1.109624146
Karnataka,HAVERI,2010,Kharif,Sunflower,519,225,0.433526012
Karnataka,HAVERI,2010,Kharif,Urad,152,48,0.315789474
Karnataka,HAVERI,2010,Rabi,Cotton(lint),3843,2921,0.760083268
Karnataka,HAVERI,2010,Rabi,Cowpea(Lobia),1227,324,0.26405868
Karnataka,HAVERI,2010,Rabi,Dry chillies,1742,4253,2.441446613
Karnataka,HAVERI,2010,Rabi,Gram,1426,573,0.401823282
Karnataka,HAVERI,2010,Rabi,Groundnut,2669,3261,1.22180592
Karnataka,HAVERI,2010,Rabi,Horse-gram,3830,1790,0.467362924
Karnataka,HAVERI,2010,Rabi,Jowar,27027,29136,1.078033078
Karnataka,HAVERI,2010,Rabi,Linseed,131,44,0.335877863
Karnataka,HAVERI,2010,Rabi,Maize,3736,11877,3.179068522
Karnataka,HAVERI,2010,Rabi,Moong(Green Gram),3002,998,0.332445037
Karnataka,HAVERI,2010,Rabi,Onion,117,801,6.846153846
Karnataka,HAVERI,2010,Rabi,Other  Rabi pulses,268,104,0.388059701
Karnataka,HAVERI,2010,Rabi,Peas & beans (Pulses),8,57,7.125
Karnataka,HAVERI,2010,Rabi,Rapeseed &Mustard,22,7,0.318181818
Karnataka,HAVERI,2010,Rabi,Safflower,1453,595,0.409497591
Karnataka,HAVERI,2010,Rabi,Sunflower,3819,2837,0.742864624
Karnataka,HAVERI,2010,Rabi,Urad,472,158,0.334745763
Karnataka,HAVERI,2010,Rabi,Wheat,1086,1014,0.933701657
Karnataka,HAVERI,2010,Summer,Dry chillies,2744,6037,2.200072886
Karnataka,HAVERI,2010,Summer,Jowar,836,1854,2.217703349
Karnataka,HAVERI,2010,Summer,Maize,2983,10559,3.539725109
Karnataka,HAVERI,2010,Summer,Onion,73,777,10.64383562
Karnataka,HAVERI,2010,Summer,Peas & beans (Pulses),11,93,8.454545455
Karnataka,HAVERI,2010,Summer,Rice,5931,17833,3.006744225
Karnataka,HAVERI,2010,Summer,Sunflower,1124,1096,0.975088968
Karnataka,HAVERI,2010,Whole Year,Arecanut,1580,17084,10.81265823
Karnataka,HAVERI,2010,Whole Year,Banana,1516,42166,27.81398417
Karnataka,HAVERI,2010,Whole Year,Cashewnut,55,40,0.727272727
Karnataka,HAVERI,2010,Whole Year,Coconut,1287,12303,9.559440559
Karnataka,HAVERI,2010,Whole Year,Coriander,26,10,0.384615385
Karnataka,HAVERI,2010,Whole Year,Dry ginger,159,575.3,3.618238994
Karnataka,HAVERI,2010,Whole Year,Garlic,1818,1119,0.615511551
Karnataka,HAVERI,2010,Whole Year,Sugarcane,1489,141455,95
Karnataka,HAVERI,2010,Whole Year,Turmeric,1,5,5
Karnataka,HAVERI,2011,Kharif,Arhar/Tur,2635,1482,0.562428843
Karnataka,HAVERI,2011,Kharif,Bajra,7,6,0.857142857
Karnataka,HAVERI,2011,Kharif,Castor seed,16,13,0.8125
Karnataka,HAVERI,2011,Kharif,Cotton(lint),104276,304176,2.917027888
Karnataka,HAVERI,2011,Kharif,Cowpea(Lobia),301,159,0.528239203
Karnataka,HAVERI,2011,Kharif,Dry chillies,5158,5865,1.137068631
Karnataka,HAVERI,2011,Kharif,Groundnut,17143,18062,1.053607887
Karnataka,HAVERI,2011,Kharif,Horse-gram,66,36,0.545454545
Karnataka,HAVERI,2011,Kharif,Jowar,7288,12756,1.750274424
Karnataka,HAVERI,2011,Kharif,Maize,128640,422394,3.283535448
Karnataka,HAVERI,2011,Kharif,Moong(Green Gram),1704,665,0.390258216
Karnataka,HAVERI,2011,Kharif,Niger seed,313,85,0.271565495
Karnataka,HAVERI,2011,Kharif,Onion,3805,22195,5.833114323
Karnataka,HAVERI,2011,Kharif,Other Kharif pulses,147,158,1.074829932
Karnataka,HAVERI,2011,Kharif,Peas & beans (Pulses),4,36,9
Karnataka,HAVERI,2011,Kharif,Ragi,604,528,0.874172185
Karnataka,HAVERI,2011,Kharif,Rice,44761,102249,2.284332343
Karnataka,HAVERI,2011,Kharif,Sesamum,206,69,0.334951456
Karnataka,HAVERI,2011,Kharif,Small millets,3057,3487,1.140660779
Karnataka,HAVERI,2011,Kharif,Soyabean,5528,6024,1.089725036
Karnataka,HAVERI,2011,Kharif,Sunflower,209,122,0.583732057
Karnataka,HAVERI,2011,Kharif,Urad,114,60,0.526315789
Karnataka,HAVERI,2011,Rabi,Cotton(lint),1865,1710,0.91689008
Karnataka,HAVERI,2011,Rabi,Cowpea(Lobia),664,120,0.180722892
Karnataka,HAVERI,2011,Rabi,Dry chillies,1263,4058,3.212984956
Karnataka,HAVERI,2011,Rabi,Gram,1152,352,0.305555556
Karnataka,HAVERI,2011,Rabi,Groundnut,2942,3007,1.022093814
Karnataka,HAVERI,2011,Rabi,Horse-gram,3896,1514,0.388603696
Karnataka,HAVERI,2011,Rabi,Jowar,21742,13120,0.603440346
Karnataka,HAVERI,2011,Rabi,Linseed,116,28,0.24137931
Karnataka,HAVERI,2011,Rabi,Maize,6870,24040,3.499272198
Karnataka,HAVERI,2011,Rabi,Moong(Green Gram),2261,947,0.418841221
Karnataka,HAVERI,2011,Rabi,Onion,72,573,7.958333333
Karnataka,HAVERI,2011,Rabi,Other  Rabi pulses,157,147,0.936305732
Karnataka,HAVERI,2011,Rabi,Peas & beans (Pulses),4,29,7.25
Karnataka,HAVERI,2011,Rabi,Rapeseed &Mustard,14,4,0.285714286
Karnataka,HAVERI,2011,Rabi,Safflower,1049,1046,0.997140133
Karnataka,HAVERI,2011,Rabi,Sunflower,1664,1201,0.721754808
Karnataka,HAVERI,2011,Rabi,Urad,257,99,0.385214008
Karnataka,HAVERI,2011,Rabi,Wheat,471,558,1.184713376
Karnataka,HAVERI,2011,Summer,Dry chillies,1740,6028,3.464367816
Karnataka,HAVERI,2011,Summer,Jowar,1224,2367,1.933823529
Karnataka,HAVERI,2011,Summer,Maize,3468,10408,3.001153403
Karnataka,HAVERI,2011,Summer,Onion,11,68,6.181818182
Karnataka,HAVERI,2011,Summer,Peas & beans (Pulses),1,9,9
Karnataka,HAVERI,2011,Summer,Rice,4917,16340,3.323164531
Karnataka,HAVERI,2011,Summer,Sunflower,751,666,0.886817577
Karnataka,HAVERI,2011,Whole Year,Arecanut,1655,13403,8.098489426
Karnataka,HAVERI,2011,Whole Year,Banana,1413,40820,28.88888889
Karnataka,HAVERI,2011,Whole Year,Cashewnut,61,49,0.803278689
Karnataka,HAVERI,2011,Whole Year,Coconut,1290,12825,9.941860465
Karnataka,HAVERI,2011,Whole Year,Coriander,81,33,0.407407407
Karnataka,HAVERI,2011,Whole Year,Dry ginger,192,610.9,3.181770833
Karnataka,HAVERI,2011,Whole Year,Garlic,2248,843,0.375
Karnataka,HAVERI,2011,Whole Year,Sugarcane,3397,280762,82.64998528
Karnataka,HAVERI,2011,Whole Year,Turmeric,6,30,5
Karnataka,HAVERI,2012,Kharif,Arhar/Tur,1973,1160,0.587937152
Karnataka,HAVERI,2012,Kharif,Bajra,59,61,1.033898305
Karnataka,HAVERI,2012,Kharif,Castor seed,5,3,0.6
Karnataka,HAVERI,2012,Kharif,Cotton(lint),64332,144873,2.25195859
Karnataka,HAVERI,2012,Kharif,Cowpea(Lobia),330,90,0.272727273
Karnataka,HAVERI,2012,Kharif,Dry chillies,2987,3070,1.027787077
Karnataka,HAVERI,2012,Kharif,Groundnut,20312,12002,0.590882237
Karnataka,HAVERI,2012,Kharif,Horse-gram,61,25,0.409836066
Karnataka,HAVERI,2012,Kharif,Jowar,4847,5010,1.033629049
Karnataka,HAVERI,2012,Kharif,Maize,163807,321971,1.965550923
Karnataka,HAVERI,2012,Kharif,Moong(Green Gram),1595,212,0.132915361
Karnataka,HAVERI,2012,Kharif,Niger seed,282,68,0.241134752
Karnataka,HAVERI,2012,Kharif,Onion,2744,3785,1.379373178
Karnataka,HAVERI,2012,Kharif,Other Kharif pulses,112,109,0.973214286
Karnataka,HAVERI,2012,Kharif,Ragi,249,98,0.393574297
Karnataka,HAVERI,2012,Kharif,Rapeseed &Mustard,16,5,0.3125
Karnataka,HAVERI,2012,Kharif,Rice,46099,37313,0.809410182
Karnataka,HAVERI,2012,Kharif,Sesamum,228,16,0.070175439
Karnataka,HAVERI,2012,Kharif,Small millets,2224,1893,0.851169065
Karnataka,HAVERI,2012,Kharif,Soyabean,6046,2499,0.413331128
Karnataka,HAVERI,2012,Kharif,Sunflower,1026,199,0.193957115
Karnataka,HAVERI,2012,Kharif,Urad,54,7,0.12962963
Karnataka,HAVERI,2012,Rabi,Cotton(lint),1327,1112,0.837980407
Karnataka,HAVERI,2012,Rabi,Cowpea(Lobia),340,113,0.332352941
Karnataka,HAVERI,2012,Rabi,Dry chillies,1470,4546,3.092517007
Karnataka,HAVERI,2012,Rabi,Gram,1037,382,0.368370299
Karnataka,HAVERI,2012,Rabi,Horse-gram,4473,1190,0.266040689
Karnataka,HAVERI,2012,Rabi,Jowar,31611,18889,0.597545158
Karnataka,HAVERI,2012,Rabi,Linseed,38,7,0.184210526
Karnataka,HAVERI,2012,Rabi,Maize,5969,21457,3.594739487
Karnataka,HAVERI,2012,Rabi,Moong(Green Gram),1540,420,0.272727273
Karnataka,HAVERI,2012,Rabi,Onion,69,452,6.550724638
Karnataka,HAVERI,2012,Rabi,Other  Rabi pulses,146,67,0.45890411
Karnataka,HAVERI,2012,Rabi,Safflower,1717,1194,0.695398952
Karnataka,HAVERI,2012,Rabi,Sunflower,2924,1997,0.682968536
Karnataka,HAVERI,2012,Rabi,Urad,262,77,0.29389313
Karnataka,HAVERI,2012,Rabi,Wheat,1255,458,0.364940239
Karnataka,HAVERI,2012,Summer,Cowpea(Lobia),634,143,0.22555205
Karnataka,HAVERI,2012,Summer,Dry chillies,2196,5652,2.573770492
Karnataka,HAVERI,2012,Summer,Groundnut,2766,2121,0.76681128
Karnataka,HAVERI,2012,Summer,Jowar,929,1140,1.227125942
Karnataka,HAVERI,2012,Summer,Maize,3711,8387,2.260037726
Karnataka,HAVERI,2012,Summer,Onion,35,199,5.685714286
Karnataka,HAVERI,2012,Summer,Rice,4592,9301,2.025479094
Karnataka,HAVERI,2012,Summer,Sunflower,701,499,0.711840228
Karnataka,HAVERI,2012,Whole Year,Arecanut,1873,15033,8.026161239
Karnataka,HAVERI,2012,Whole Year,Cashewnut,50,40,0.8
Karnataka,HAVERI,2012,Whole Year,Coconut,1394,13725,9.845767575
Karnataka,HAVERI,2012,Whole Year,Coriander,33,13,0.393939394
Karnataka,HAVERI,2012,Whole Year,Dry ginger,107,3409,31.85981308
Karnataka,HAVERI,2012,Whole Year,Garlic,1856,696,0.375
Karnataka,HAVERI,2012,Whole Year,Sugarcane,5676,372062,65.55003524
Karnataka,HAVERI,2012,Whole Year,Turmeric,3,14,4.666666667
Karnataka,HAVERI,2013,Kharif,Arhar/Tur,1673,1162,0.694560669
Karnataka,HAVERI,2013,Kharif,Castor seed,27,24,0.888888889
Karnataka,HAVERI,2013,Kharif,Cotton(lint),96977,192919,1.989327366
Karnataka,HAVERI,2013,Kharif,Cowpea(Lobia),241,90,0.373443983
Karnataka,HAVERI,2013,Kharif,Dry chillies,3362,4468,1.328970851
Karnataka,HAVERI,2013,Kharif,Groundnut,20418,29425,1.441130375
Karnataka,HAVERI,2013,Kharif,Horse-gram,116,58,0.5
Karnataka,HAVERI,2013,Kharif,Jowar,3938,7834,1.989334688
Karnataka,HAVERI,2013,Kharif,Maize,147684,525142,3.555848975
Karnataka,HAVERI,2013,Kharif,Moong(Green Gram),1087,354,0.325666973
Karnataka,HAVERI,2013,Kharif,Niger seed,275,60,0.218181818
Karnataka,HAVERI,2013,Kharif,Onion,3245,29490,9.087827427
Karnataka,HAVERI,2013,Kharif,Other Kharif pulses,165,122,0.739393939
Karnataka,HAVERI,2013,Kharif,Ragi,150,83,0.553333333
Karnataka,HAVERI,2013,Kharif,Rapeseed &Mustard,18,5,0.277777778
Karnataka,HAVERI,2013,Kharif,Rice,41051,101006,2.460500353
Karnataka,HAVERI,2013,Kharif,Sesamum,154,78,0.506493506
Karnataka,HAVERI,2013,Kharif,Small millets,1537,2156,1.402732596
Karnataka,HAVERI,2013,Kharif,Soyabean,5006,5873,1.173192169
Karnataka,HAVERI,2013,Kharif,Sunflower,74,37,0.5
Karnataka,HAVERI,2013,Kharif,Urad,78,42,0.538461538
Karnataka,HAVERI,2013,Rabi,Cotton(lint),821,1514,1.84409257
Karnataka,HAVERI,2013,Rabi,Cowpea(Lobia),743,314,0.422611036
Karnataka,HAVERI,2013,Rabi,Dry chillies,2028,3844,1.895463511
Karnataka,HAVERI,2013,Rabi,Gram,1322,525,0.397125567
Karnataka,HAVERI,2013,Rabi,Horse-gram,3390,1546,0.456047198
Karnataka,HAVERI,2013,Rabi,Jowar,23338,21506,0.921501414
Karnataka,HAVERI,2013,Rabi,Linseed,46,14,0.304347826
Karnataka,HAVERI,2013,Rabi,Maize,6138,23307,3.7971652
Karnataka,HAVERI,2013,Rabi,Moong(Green Gram),1540,588,0.381818182
Karnataka,HAVERI,2013,Rabi,Onion,142,998,7.028169014
Karnataka,HAVERI,2013,Rabi,Other  Rabi pulses,275,214,0.778181818
Karnataka,HAVERI,2013,Rabi,Safflower,1080,926,0.857407407
Karnataka,HAVERI,2013,Rabi,Sunflower,2646,2137,0.807634165
Karnataka,HAVERI,2013,Rabi,Urad,331,172,0.519637462
Karnataka,HAVERI,2013,Rabi,Wheat,887,641,0.722660654
Karnataka,HAVERI,2013,Summer,Cowpea(Lobia),512,148,0.2890625
Karnataka,HAVERI,2013,Summer,Dry chillies,2932,5977,2.038540246
Karnataka,HAVERI,2013,Summer,Groundnut,1693,1723,1.017720024
Karnataka,HAVERI,2013,Summer,Jowar,398,278,0.698492462
Karnataka,HAVERI,2013,Summer,Maize,3061,9148,2.988565828
Karnataka,HAVERI,2013,Summer,Onion,69,542,7.855072464
Karnataka,HAVERI,2013,Summer,Rice,7312,21110,2.887035011
Karnataka,HAVERI,2013,Summer,Sunflower,984,732,0.743902439
Karnataka,HAVERI,2013,Whole Year,Arecanut,1882,20963,11.13868225
Karnataka,HAVERI,2013,Whole Year,Cashewnut,54,48,0.888888889
Karnataka,HAVERI,2013,Whole Year,Coconut,1395,11068,7.934050179
Karnataka,HAVERI,2013,Whole Year,Coriander,31,10,0.322580645
Karnataka,HAVERI,2013,Whole Year,Dry ginger,163,4505,27.63803681
Karnataka,HAVERI,2013,Whole Year,Garlic,3008,1540,0.511968085
Karnataka,HAVERI,2013,Whole Year,Sannhamp,5,1,0.2
Karnataka,HAVERI,2013,Whole Year,Sugarcane,7338,871388,118.7500681
Karnataka,HAVERI,2013,Whole Year,Sweet potato,15,220,14.66666667
Karnataka,HAVERI,2014,Kharif,Arhar/Tur,1410,964,0.683687943
Karnataka,HAVERI,2014,Kharif,Castor seed,13,8,0.615384615
Karnataka,HAVERI,2014,Kharif,Cotton(lint),105249,211727,2.011677071
Karnataka,HAVERI,2014,Kharif,Cowpea(Lobia),108,47,0.435185185
Karnataka,HAVERI,2014,Kharif,Dry chillies,4336,4910,1.132380074
Karnataka,HAVERI,2014,Kharif,Groundnut,15918,20490,1.287222013
Karnataka,HAVERI,2014,Kharif,Horse-gram,63,29,0.46031746
Karnataka,HAVERI,2014,Kharif,Jowar,2431,3540,1.456190868
Karnataka,HAVERI,2014,Kharif,Maize,137136,382369,2.788246704
Karnataka,HAVERI,2014,Kharif,Moong(Green Gram),921,166,0.180238871
Karnataka,HAVERI,2014,Kharif,Niger seed,179,47,0.262569832
Karnataka,HAVERI,2014,Kharif,Onion,5847,10676,1.825893621
Karnataka,HAVERI,2014,Kharif,Other Kharif pulses,148,126,0.851351351
Karnataka,HAVERI,2014,Kharif,Potato,1,6,6
Karnataka,HAVERI,2014,Kharif,Ragi,225,160,0.711111111
Karnataka,HAVERI,2014,Kharif,Rapeseed &Mustard,2,,
Karnataka,HAVERI,2014,Kharif,Rice,39894,99031,2.482353236
Karnataka,HAVERI,2014,Kharif,Sesamum,140,101,0.721428571
Karnataka,HAVERI,2014,Kharif,Small millets,1217,1229,1.009860312
Karnataka,HAVERI,2014,Kharif,Soyabean,5016,4150,0.827352472
Karnataka,HAVERI,2014,Kharif,Sunflower,89,14,0.157303371
Karnataka,HAVERI,2014,Kharif,Urad,8,3,0.375
Karnataka,HAVERI,2014,Rabi,Cotton(lint),244,281,1.151639344
Karnataka,HAVERI,2014,Rabi,Cowpea(Lobia),571,209,0.366024518
Karnataka,HAVERI,2014,Rabi,Dry chillies,1985,3724,1.876070529
Karnataka,HAVERI,2014,Rabi,Gram,938,488,0.520255864
Karnataka,HAVERI,2014,Rabi,Horse-gram,4124,2672,0.647914646
Karnataka,HAVERI,2014,Rabi,Jowar,28922,30910,1.068736602
Karnataka,HAVERI,2014,Rabi,Linseed,74,23,0.310810811
Karnataka,HAVERI,2014,Rabi,Maize,7944,28768,3.621349446
Karnataka,HAVERI,2014,Rabi,Moong(Green Gram),1779,642,0.360876897
Karnataka,HAVERI,2014,Rabi,Onion,137,908,6.627737226
Karnataka,HAVERI,2014,Rabi,Other  Rabi pulses,238,177,0.743697479
Karnataka,HAVERI,2014,Rabi,Safflower,674,777,1.152818991
Karnataka,HAVERI,2014,Rabi,Sunflower,3095,2511,0.811308562
Karnataka,HAVERI,2014,Rabi,Urad,256,69,0.26953125
Karnataka,HAVERI,2014,Rabi,Wheat,634,470,0.741324921
Karnataka,HAVERI,2014,Summer,Cotton(lint),534,1012,1.895131086
Karnataka,HAVERI,2014,Summer,Cowpea(Lobia),487,187,0.383983573
Karnataka,HAVERI,2014,Summer,Dry chillies,2189,3858,1.762448607
Karnataka,HAVERI,2014,Summer,Groundnut,1676,1771,1.056682578
Karnataka,HAVERI,2014,Summer,Jowar,525,1024,1.95047619
Karnataka,HAVERI,2014,Summer,Maize,3124,9571,3.063700384
Karnataka,HAVERI,2014,Summer,Onion,60,294,4.9
Karnataka,HAVERI,2014,Summer,Rice,6285,19345,3.077963405
Karnataka,HAVERI,2014,Summer,Sunflower,1417,1229,0.867325335
Karnataka,HAVERI,2014,Whole Year,Arecanut,2314,21410,9.252376837
Karnataka,HAVERI,2014,Whole Year,Black pepper,21,123,5.857142857
Karnataka,HAVERI,2014,Whole Year,Cashewnut,38,28,0.736842105
Karnataka,HAVERI,2014,Whole Year,Coconut,1360,12136,8.923529412
Karnataka,HAVERI,2014,Whole Year,Coriander,34,12,0.352941176
Karnataka,HAVERI,2014,Whole Year,Dry ginger,869,25241,29.04602992
Karnataka,HAVERI,2014,Whole Year,Garlic,2737,1314,0.480087687
Karnataka,HAVERI,2014,Whole Year,Sannhamp,5,1,0.2
Karnataka,HAVERI,2014,Whole Year,Sugarcane,10376,1094149,105.4499807
Karnataka,HAVERI,2014,Whole Year,Sweet potato,1,17,17
Karnataka,HAVERI,2014,Whole Year,Turmeric,3,18,6
Karnataka,KODAGU,1997,Kharif,Black pepper,1385,393,0.283754513
Karnataka,KODAGU,1997,Kharif,Dry ginger,445,575,1.292134831
Karnataka,KODAGU,1997,Kharif,Maize,1510,3295,2.182119205
Karnataka,KODAGU,1997,Kharif,Paddy,39414,131138,3.327193383
Karnataka,KODAGU,1997,Kharif,Ragi,360,470,1.305555556
Karnataka,KODAGU,1997,Kharif,Rice,39414,87476,2.219414421
Karnataka,KODAGU,1997,Rabi,Dry chillies,449,777,1.730512249
Karnataka,KODAGU,1997,Rabi,Paddy,83,269,3.240963855
Karnataka,KODAGU,1997,Rabi,Rice,83,180,2.168674699
Karnataka,KODAGU,1997,Summer,Maize,40,88,2.2
Karnataka,KODAGU,1997,Summer,Paddy,835,3568,4.273053892
Karnataka,KODAGU,1997,Summer,Ragi,20,37,1.85
Karnataka,KODAGU,1997,Summer,Rice,835,2380,2.850299401
Karnataka,KODAGU,1997,Whole Year,Arecanut,959,1342,1.399374348
Karnataka,KODAGU,1997,Whole Year,Cardamom,9800,611,0.062346939
Karnataka,KODAGU,1997,Whole Year,Sugarcane,7,658,94
Karnataka,KODAGU,1997,Whole Year,Turmeric,8,44,5.5
Karnataka,KODAGU,1998,Kharif,Cotton(lint),2,3,1.5
Karnataka,KODAGU,1998,Kharif,Dry ginger,651,8423,12.93855607
Karnataka,KODAGU,1998,Kharif,Maize,1495,5800,3.879598662
Karnataka,KODAGU,1998,Kharif,Ragi,425,460,1.082352941
Karnataka,KODAGU,1998,Kharif,Rice,40092,83315,2.078095381
Karnataka,KODAGU,1998,Rabi,Rice,24,52,2.166666667
Karnataka,KODAGU,1998,Summer,Rice,550,1775,3.227272727
Karnataka,KODAGU,1998,Whole Year,Arecanut,1097,7388,6.734731085
Karnataka,KODAGU,1998,Whole Year,Black pepper,1580,4489,2.841139241
Karnataka,KODAGU,1998,Whole Year,Cardamom,9325,582,0.062412869
Karnataka,KODAGU,1998,Whole Year,Coconut,776,3708,4.778350515
Karnataka,KODAGU,1998,Whole Year,Dry chillies,256,1363,5.32421875
Karnataka,KODAGU,1998,Whole Year,Turmeric,5,25,5
Karnataka,KODAGU,1999,Kharif,Dry ginger,3672,47513,12.93927015
Karnataka,KODAGU,1999,Kharif,Maize,1506,3477,2.30876494
Karnataka,KODAGU,1999,Kharif,Other Kharif pulses,10,4,0.4
Karnataka,KODAGU,1999,Kharif,Ragi,203,263,1.295566502
Karnataka,KODAGU,1999,Kharif,Rice,36166,83189,2.300199082
Karnataka,KODAGU,1999,Rabi,Rice,25,53,2.12
Karnataka,KODAGU,1999,Summer,Rice,250,750,3
Karnataka,KODAGU,1999,Whole Year,Banana,171,4012,23.4619883
Karnataka,KODAGU,1999,Whole Year,Black pepper,3547,10078,2.841274316
Karnataka,KODAGU,1999,Whole Year,Cardamom,8950,558,0.062346369
Karnataka,KODAGU,1999,Whole Year,Coconut,1038,4959,4.777456647
Karnataka,KODAGU,1999,Whole Year,Dry chillies,595,1164,1.956302521
Karnataka,KODAGU,1999,Whole Year,Onion,15,88,5.866666667
Karnataka,KODAGU,1999,Whole Year,Sweet potato,15,94,6.266666667
Karnataka,KODAGU,1999,Whole Year,Tapioca,15,302,20.13333333
Karnataka,KODAGU,1999,Whole Year,Tobacco,486,287,0.590534979
Karnataka,KODAGU,2000,Kharif,Dry ginger,4200,54345,12.93928571
Karnataka,KODAGU,2000,Kharif,Maize,1640,5422,3.306097561
Karnataka,KODAGU,2000,Kharif,Other Kharif pulses,127,45,0.354330709
Karnataka,KODAGU,2000,Kharif,Ragi,787,1333,1.693773825
Karnataka,KODAGU,2000,Kharif,Rice,36441,83597,2.294036936
Karnataka,KODAGU,2000,Rabi,Groundnut,5,5,1
Karnataka,KODAGU,2000,Rabi,Other  Rabi pulses,731,79,0.108071135
Karnataka,KODAGU,2000,Rabi,Ragi,146,113,0.773972603
Karnataka,KODAGU,2000,Rabi,Rice,5,11,2.2
Karnataka,KODAGU,2000,Summer,Maize,5,14,2.8
Karnataka,KODAGU,2000,Summer,Ragi,12,24,2
Karnataka,KODAGU,2000,Summer,Rice,509,1449,2.84675835
Karnataka,KODAGU,2000,Whole Year,Arecanut,1198,1676,1.398998331
Karnataka,KODAGU,2000,Whole Year,Banana,195,3585,18.38461538
Karnataka,KODAGU,2000,Whole Year,Black pepper,3752,10661,2.84141791
Karnataka,KODAGU,2000,Whole Year,Cardamom,8943,558,0.062395169
Karnataka,KODAGU,2000,Whole Year,Coconut,1055,5041,4.778199052
Karnataka,KODAGU,2000,Whole Year,Dry chillies,334,841,2.517964072
Karnataka,KODAGU,2000,Whole Year,Sweet potato,4,25,6.25
Karnataka,KODAGU,2000,Whole Year,Tapioca,2,40,20
Karnataka,KODAGU,2000,Whole Year,Tobacco,320,237,0.740625
Karnataka,KODAGU,2001,Kharif,Dry ginger,3560,46064,12.93932584
Karnataka,KODAGU,2001,Kharif,Groundnut,2,1,0.5
Karnataka,KODAGU,2001,Kharif,Maize,2334,10018,4.292202228
Karnataka,KODAGU,2001,Kharif,Other Kharif pulses,315,111,0.352380952
Karnataka,KODAGU,2001,Kharif,Ragi,575,866,1.506086957
Karnataka,KODAGU,2001,Kharif,Rice,35742,89223,2.496306866
Karnataka,KODAGU,2001,Rabi,Other  Rabi pulses,605,65,0.107438017
Karnataka,KODAGU,2001,Rabi,Rice,11,21,1.909090909
Karnataka,KODAGU,2001,Summer,Maize,30,79,2.633333333
Karnataka,KODAGU,2001,Summer,Ragi,75,115,1.533333333
Karnataka,KODAGU,2001,Summer,Rice,511,1288,2.520547945
Karnataka,KODAGU,2001,Whole Year,Arecanut,1230,1721,1.399186992
Karnataka,KODAGU,2001,Whole Year,Black pepper,4112,11683,2.841196498
Karnataka,KODAGU,2001,Whole Year,Coconut,1338,6393,4.778026906
Karnataka,KODAGU,2001,Whole Year,Dry chillies,202,235,1.163366337
Karnataka,KODAGU,2002,Kharif,Dry ginger,3665,47423,12.93942701
Karnataka,KODAGU,2002,Kharif,Groundnut,3,2,0.666666667
Karnataka,KODAGU,2002,Kharif,Maize,2430,9776,4.023045267
Karnataka,KODAGU,2002,Kharif,Other Kharif pulses,290,102,0.351724138
Karnataka,KODAGU,2002,Kharif,Ragi,365,307,0.84109589
Karnataka,KODAGU,2002,Kharif,Rice,35248,69729,1.9782399
Karnataka,KODAGU,2002,Rabi,Other  Rabi pulses,76,8,0.105263158
Karnataka,KODAGU,2002,Rabi,Rice,9,19,2.111111111
Karnataka,KODAGU,2002,Summer,Maize,36,91,2.527777778
Karnataka,KODAGU,2002,Summer,Rice,90,226,2.511111111
Karnataka,KODAGU,2002,Whole Year,Arcanut (Processed),1332,1863,1.398648649
Karnataka,KODAGU,2002,Whole Year,Atcanut (Raw),1332,8970,6.734234234
Karnataka,KODAGU,2002,Whole Year,Banana,613,8188,13.35725938
Karnataka,KODAGU,2002,Whole Year,Beans & Mutter(Vegetable),25,198,7.92
Karnataka,KODAGU,2002,Whole Year,Black pepper,4167,11840,2.84137269
Karnataka,KODAGU,2002,Whole Year,Brinjal,19,134,7.052631579
Karnataka,KODAGU,2002,Whole Year,Cardamom,8170,510,0.062423501
Karnataka,KODAGU,2002,Whole Year,Cashewnut Processed,2126,312,0.146754468
Karnataka,KODAGU,2002,Whole Year,Cashewnut Raw,2126,1250,0.587958608
Karnataka,KODAGU,2002,Whole Year,Citrus Fruit,61,354,5.803278689
Karnataka,KODAGU,2002,Whole Year,Coconut,1285,6139,4.777431907
Karnataka,KODAGU,2002,Whole Year,Dry chillies,423,1959,4.631205674
Karnataka,KODAGU,2002,Whole Year,Mango,72,305,4.236111111
Karnataka,KODAGU,2002,Whole Year,Other Fresh Fruits,24,75,3.125
Karnataka,KODAGU,2002,Whole Year,Pome Fruit,31,190,6.129032258
Karnataka,KODAGU,2002,Whole Year,Sweet potato,10,62,6.2
Karnataka,KODAGU,2002,Whole Year,Tapioca,5,101,20.2
Karnataka,KODAGU,2002,Whole Year,Tobacco,375,270,0.72
Karnataka,KODAGU,2002,Whole Year,Tomato,7,64,9.142857143
Karnataka,KODAGU,2003,Kharif,Dry ginger,3332,43114,12.93937575
Karnataka,KODAGU,2003,Kharif,Groundnut,2,1,0.5
Karnataka,KODAGU,2003,Kharif,Maize,2347,10551,4.495526204
Karnataka,KODAGU,2003,Kharif,Other Kharif pulses,55,19,0.345454545
Karnataka,KODAGU,2003,Kharif,Ragi,450,514,1.142222222
Karnataka,KODAGU,2003,Kharif,Rice,35917,71460,1.989587104
Karnataka,KODAGU,2003,Rabi,Gram,80,29,0.3625
Karnataka,KODAGU,2003,Rabi,Horse-gram,166,39,0.234939759
Karnataka,KODAGU,2003,Rabi,Other  Rabi pulses,184,20,0.108695652
Karnataka,KODAGU,2003,Rabi,Rice,12,36,3
Karnataka,KODAGU,2003,Summer,Maize,35,88,2.514285714
Karnataka,KODAGU,2003,Summer,Rice,177,679,3.836158192
Karnataka,KODAGU,2003,Whole Year,Arecanut,1344,1880,1.398809524
Karnataka,KODAGU,2003,Whole Year,Banana,164,510,3.109756098
Karnataka,KODAGU,2003,Whole Year,Beans & Mutter(Vegetable),153,1065,6.960784314
Karnataka,KODAGU,2003,Whole Year,Black pepper,4210,11962,2.841330166
Karnataka,KODAGU,2003,Whole Year,Brinjal,11,87,7.909090909
Karnataka,KODAGU,2003,Whole Year,Cardamom,8165,509,0.062339253
Karnataka,KODAGU,2003,Whole Year,Citrus Fruit,53,838,15.81132075
Karnataka,KODAGU,2003,Whole Year,Coconut,1292,6173,4.777863777
Karnataka,KODAGU,2003,Whole Year,Dry chillies,180,984,5.466666667
Karnataka,KODAGU,2003,Whole Year,Mango,38,108,2.842105263
Karnataka,KODAGU,2003,Whole Year,Other Fresh Fruits,26,69,2.653846154
Karnataka,KODAGU,2003,Whole Year,Pome Fruit,21,116,5.523809524
Karnataka,KODAGU,2003,Whole Year,Sweet potato,10,62,6.2
Karnataka,KODAGU,2003,Whole Year,Tapioca,7,141,20.14285714
Karnataka,KODAGU,2003,Whole Year,Tobacco,305,172,0.563934426
Karnataka,KODAGU,2003,Whole Year,Tomato,7,52,7.428571429
Karnataka,KODAGU,2004,Kharif,Dry ginger,3643,47138,12.93933571
Karnataka,KODAGU,2004,Kharif,Groundnut,3,2,0.666666667
Karnataka,KODAGU,2004,Kharif,Horse-gram,85,44,0.517647059
Karnataka,KODAGU,2004,Kharif,Maize,2700,11176,4.139259259
Karnataka,KODAGU,2004,Kharif,Other Kharif pulses,585,187,0.31965812
Karnataka,KODAGU,2004,Kharif,Ragi,357,607,1.700280112
Karnataka,KODAGU,2004,Kharif,Rice,36049,84246.51,2.336999917
Karnataka,KODAGU,2004,Rabi,Gram,25,13,0.52
Karnataka,KODAGU,2004,Rabi,Groundnut,40,36,0.9
Karnataka,KODAGU,2004,Rabi,Maize,50,150,3
Karnataka,KODAGU,2004,Rabi,Other  Rabi pulses,175,19,0.108571429
Karnataka,KODAGU,2004,Rabi,Ragi,80,39,0.4875
Karnataka,KODAGU,2004,Rabi,Rice,25,84,3.36
Karnataka,KODAGU,2004,Summer,Maize,125,382,3.056
Karnataka,KODAGU,2004,Summer,Ragi,25,39,1.56
Karnataka,KODAGU,2004,Summer,Rice,1154,4989,4.32322357
Karnataka,KODAGU,2004,Whole Year,Arecanut,1386,1939,1.398989899
Karnataka,KODAGU,2004,Whole Year,Banana,547,9767,17.85557587
Karnataka,KODAGU,2004,Whole Year,Black pepper,5403,15352,2.841384416
Karnataka,KODAGU,2004,Whole Year,Cardamom,8267,516,0.062416838
Karnataka,KODAGU,2004,Whole Year,Coconut,1331,64234.06,48.26
Karnataka,KODAGU,2004,Whole Year,Dry chillies,224,1121,5.004464286
Karnataka,KODAGU,2004,Whole Year,Sweet potato,12,75,6.25
Karnataka,KODAGU,2004,Whole Year,Tapioca,9,181,20.11111111
Karnataka,KODAGU,2004,Whole Year,Tobacco,300,221,0.736666667
Karnataka,KODAGU,2004,Whole Year,Turmeric,8,38,4.75
Karnataka,KODAGU,2005,Kharif,Arhar/Tur,15,10,0.666666667
Karnataka,KODAGU,2005,Kharif,Castor seed,125,130,1.04
Karnataka,KODAGU,2005,Kharif,Groundnut,10,5,0.5
Karnataka,KODAGU,2005,Kharif,Maize,1850,10172,5.498378378
Karnataka,KODAGU,2005,Kharif,Other Kharif pulses,680,239,0.351470588
Karnataka,KODAGU,2005,Kharif,Peas & beans (Pulses),42,257,6.119047619
Karnataka,KODAGU,2005,Kharif,Potato,135,452,3.348148148
Karnataka,KODAGU,2005,Kharif,Ragi,380,646,1.7
Karnataka,KODAGU,2005,Kharif,Rice,34276,78998,2.304761349
Karnataka,KODAGU,2005,Kharif,Sesamum,10,9,0.9
Karnataka,KODAGU,2005,Rabi,Gram,10,5,0.5
Karnataka,KODAGU,2005,Rabi,Horse-gram,5,2,0.4
Karnataka,KODAGU,2005,Rabi,Other  Rabi pulses,745,81,0.108724832
Karnataka,KODAGU,2005,Rabi,Ragi,200,338,1.69
Karnataka,KODAGU,2005,Rabi,Rice,65,144,2.215384615
Karnataka,KODAGU,2005,Summer,Dry chillies,419,2815,6.718377088
Karnataka,KODAGU,2005,Summer,Maize,490,1515,3.091836735
Karnataka,KODAGU,2005,Summer,Peas & beans (Pulses),4,20,5
Karnataka,KODAGU,2005,Summer,Ragi,150,328,2.186666667
Karnataka,KODAGU,2005,Summer,Rice,965,2074,2.149222798
Karnataka,KODAGU,2005,Whole Year,Arecanut,1423,9582,6.733661279
Karnataka,KODAGU,2005,Whole Year,Banana,563,7440,13.21492007
Karnataka,KODAGU,2005,Whole Year,Black pepper,6733,19130,2.841229764
Karnataka,KODAGU,2005,Whole Year,Cardamom,8811,550,0.062421973
Karnataka,KODAGU,2005,Whole Year,Coconut,1386,6622,4.777777778
Karnataka,KODAGU,2005,Whole Year,Dry ginger,4630,59909,12.93930886
Karnataka,KODAGU,2005,Whole Year,Sweet potato,48,300,6.25
Karnataka,KODAGU,2005,Whole Year,Tapioca,30,604,20.13333333
Karnataka,KODAGU,2005,Whole Year,Tobacco,260,165,0.634615385
Karnataka,KODAGU,2005,Whole Year,Turmeric,16,85,5.3125
Karnataka,KODAGU,2006,Kharif,Arhar/Tur,15,7,0.466666667
Karnataka,KODAGU,2006,Kharif,Castor seed,125,100,0.8
Karnataka,KODAGU,2006,Kharif,Groundnut,10,3,0.3
Karnataka,KODAGU,2006,Kharif,Maize,2500,11428,4.5712
Karnataka,KODAGU,2006,Kharif,Other Kharif pulses,620,384,0.619354839
Karnataka,KODAGU,2006,Kharif,Ragi,435,450,1.034482759
Karnataka,KODAGU,2006,Kharif,Rice,34298,84576,2.46591638
Karnataka,KODAGU,2006,Kharif,Sesamum,10,6,0.6
Karnataka,KODAGU,2006,Rabi,Gram,5,4,0.8
Karnataka,KODAGU,2006,Rabi,Horse-gram,10,3,0.3
Karnataka,KODAGU,2006,Rabi,Maize,50,158,3.16
Karnataka,KODAGU,2006,Rabi,Other  Rabi pulses,350,83,0.237142857
Karnataka,KODAGU,2006,Rabi,Ragi,150,264,1.76
Karnataka,KODAGU,2006,Rabi,Rice,15,34,2.266666667
Karnataka,KODAGU,2006,Summer,Maize,100,320,3.2
Karnataka,KODAGU,2006,Summer,Ragi,150,171,1.14
Karnataka,KODAGU,2006,Summer,Rice,307,707,2.302931596
Karnataka,KODAGU,2006,Whole Year,Arecanut,2298,3215,1.399042646
Karnataka,KODAGU,2006,Whole Year,Banana,499,2376,4.761523046
Karnataka,KODAGU,2006,Whole Year,Black pepper,5464,15525,2.841325037
Karnataka,KODAGU,2006,Whole Year,Cardamom,12682,791,0.062371866
Karnataka,KODAGU,2006,Whole Year,Coconut,2076,9919,4.777938343
Karnataka,KODAGU,2006,Whole Year,Dry chillies,260,1078,4.146153846
Karnataka,KODAGU,2006,Whole Year,Dry ginger,3894,50386,12.93939394
Karnataka,KODAGU,2006,Whole Year,Potato,123,787,6.398373984
Karnataka,KODAGU,2006,Whole Year,Sweet potato,43,269,6.255813953
Karnataka,KODAGU,2006,Whole Year,Tapioca,35,705,20.14285714
Karnataka,KODAGU,2006,Whole Year,Tobacco,260,116,0.446153846
Karnataka,KODAGU,2006,Whole Year,Turmeric,23,116,5.043478261
Karnataka,KODAGU,2007,Kharif,Castor seed,108,72,0.666666667
Karnataka,KODAGU,2007,Kharif,Groundnut,12,9,0.75
Karnataka,KODAGU,2007,Kharif,Horse-gram,7,4,0.571428571
Karnataka,KODAGU,2007,Kharif,Maize,2685,11389,4.241713222
Karnataka,KODAGU,2007,Kharif,Other Kharif pulses,409,258,0.630806846
Karnataka,KODAGU,2007,Kharif,Potato,85,280,3.294117647
Karnataka,KODAGU,2007,Kharif,Ragi,274,432,1.576642336
Karnataka,KODAGU,2007,Kharif,Rice,36752,94257,2.564676752
Karnataka,KODAGU,2007,Kharif,Sesamum,8,4,0.5
Karnataka,KODAGU,2007,Rabi,Gram,15,9,0.6
Karnataka,KODAGU,2007,Rabi,Groundnut,5,4,0.8
Karnataka,KODAGU,2007,Rabi,Horse-gram,12,6,0.5
Karnataka,KODAGU,2007,Rabi,Maize,45,161,3.577777778
Karnataka,KODAGU,2007,Rabi,Other  Rabi pulses,251,64,0.25498008
Karnataka,KODAGU,2007,Rabi,Ragi,20,30,1.5
Karnataka,KODAGU,2007,Rabi,Rice,25,54,2.16
Karnataka,KODAGU,2007,Summer,Dry chillies,300,1015,3.383333333
Karnataka,KODAGU,2007,Summer,Maize,410,1324,3.229268293
Karnataka,KODAGU,2007,Summer,Ragi,60,122,2.033333333
Karnataka,KODAGU,2007,Summer,Rice,421,1165,2.767220903
Karnataka,KODAGU,2007,Whole Year,Arecanut,2851,19199,6.734128376
Karnataka,KODAGU,2007,Whole Year,Banana,1564,8940,5.716112532
Karnataka,KODAGU,2007,Whole Year,Black pepper,7945,24855,3.128382631
Karnataka,KODAGU,2007,Whole Year,Cardamom,10411,1340,0.128710018
Karnataka,KODAGU,2007,Whole Year,Coconut,1872,9531,5.091346154
Karnataka,KODAGU,2007,Whole Year,Dry ginger,2346,48146,20.52259165
Karnataka,KODAGU,2007,Whole Year,Sweet potato,86,537,6.244186047
Karnataka,KODAGU,2007,Whole Year,Tapioca,22,443,20.13636364
Karnataka,KODAGU,2007,Whole Year,Tobacco,237,100,0.421940928
Karnataka,KODAGU,2008,Kharif,Castor seed,78,74,0.948717949
Karnataka,KODAGU,2008,Kharif,Dry chillies,36,33,0.916666667
Karnataka,KODAGU,2008,Kharif,Groundnut,10,4,0.4
Karnataka,KODAGU,2008,Kharif,Maize,3015,14351,4.75986733
Karnataka,KODAGU,2008,Kharif,Other Kharif pulses,161,88,0.546583851
Karnataka,KODAGU,2008,Kharif,Potato,85,161,1.894117647
Karnataka,KODAGU,2008,Kharif,Ragi,205,252,1.229268293
Karnataka,KODAGU,2008,Kharif,Rice,34881,83505.11,2.393999885
Karnataka,KODAGU,2008,Kharif,Sesamum,5,3,0.6
Karnataka,KODAGU,2008,Rabi,Groundnut,28,21,0.75
Karnataka,KODAGU,2008,Rabi,Horse-gram,106,39,0.367924528
Karnataka,KODAGU,2008,Rabi,Maize,146,460,3.150684932
Karnataka,KODAGU,2008,Rabi,Other  Rabi pulses,265,66,0.249056604
Karnataka,KODAGU,2008,Rabi,Ragi,106,125,1.179245283
Karnataka,KODAGU,2008,Rabi,Rice,20,44,2.2
Karnataka,KODAGU,2008,Summer,Dry chillies,395,1296,3.281012658
Karnataka,KODAGU,2008,Summer,Maize,645,2029,3.145736434
Karnataka,KODAGU,2008,Summer,Potato,5,80,16
Karnataka,KODAGU,2008,Summer,Ragi,84,130,1.547619048
Karnataka,KODAGU,2008,Summer,Rice,461,1162,2.520607375
Karnataka,KODAGU,2008,Whole Year,Arecanut,2994,20162,6.734134937
Karnataka,KODAGU,2008,Whole Year,Banana,1541,9973,6.471771577
Karnataka,KODAGU,2008,Whole Year,Black pepper,8880,39385,4.435247748
Karnataka,KODAGU,2008,Whole Year,Cardamom,9043,1164,0.128718346
Karnataka,KODAGU,2008,Whole Year,Cashewnut,2344,1519.97,0.648451365
Karnataka,KODAGU,2008,Whole Year,Coconut,1879,12873,6.850984566
Karnataka,KODAGU,2008,Whole Year,Dry ginger,2869,84158,29.3335657
Karnataka,KODAGU,2008,Whole Year,Sweet potato,128,1645,12.8515625
Karnataka,KODAGU,2008,Whole Year,Tapioca,25,292,11.68
Karnataka,KODAGU,2008,Whole Year,Tobacco,277,141,0.509025271
Karnataka,KODAGU,2009,Kharif,Maize,3336,15753,4.722122302
Karnataka,KODAGU,2009,Kharif,Potato,76,470,6.184210526
Karnataka,KODAGU,2009,Kharif,Ragi,204,227,1.112745098
Karnataka,KODAGU,2009,Kharif,Rice,34632,84554.03,2.441500058
Karnataka,KODAGU,2009,Rabi,Gram,120,56,0.466666667
Karnataka,KODAGU,2009,Rabi,Groundnut,33,26,0.787878788
Karnataka,KODAGU,2009,Rabi,Horse-gram,120,56,0.466666667
Karnataka,KODAGU,2009,Rabi,Maize,120,316,2.633333333
Karnataka,KODAGU,2009,Rabi,Other  Rabi pulses,269,66,0.24535316
Karnataka,KODAGU,2009,Rabi,Ragi,5,7,1.4
Karnataka,KODAGU,2009,Rabi,Rice,10,22,2.2
Karnataka,KODAGU,2009,Summer,Dry chillies,340,1689,4.967647059
Karnataka,KODAGU,2009,Summer,Maize,120,667,5.558333333
Karnataka,KODAGU,2009,Summer,Potato,5,80,16
Karnataka,KODAGU,2009,Summer,Ragi,60,93,1.55
Karnataka,KODAGU,2009,Summer,Rice,202,536,2.653465347
Karnataka,KODAGU,2009,Whole Year,Arecanut,3067,20653,6.733941963
Karnataka,KODAGU,2009,Whole Year,Banana,1392,4325,3.10704023
Karnataka,KODAGU,2009,Whole Year,Black pepper,9409,35210,3.74216176
Karnataka,KODAGU,2009,Whole Year,Cardamom,8289,443,0.053444324
Karnataka,KODAGU,2009,Whole Year,Cashewnut,2272,1354,0.595950704
Karnataka,KODAGU,2009,Whole Year,Coconut,1750,12443,7.110285714
Karnataka,KODAGU,2009,Whole Year,Dry ginger,2354,89490,38.01614274
Karnataka,KODAGU,2009,Whole Year,Sweet potato,80,974,12.175
Karnataka,KODAGU,2009,Whole Year,Tapioca,24,322,13.41666667
Karnataka,KODAGU,2009,Whole Year,Tobacco,259,199,0.768339768
Karnataka,KODAGU,2010,Kharif,Dry chillies,14,12,0.857142857
Karnataka,KODAGU,2010,Kharif,Maize,3110,15160,4.874598071
Karnataka,KODAGU,2010,Kharif,Potato,18,137,7.611111111
Karnataka,KODAGU,2010,Kharif,Ragi,228,434,1.903508772
Karnataka,KODAGU,2010,Kharif,Rice,35291,89155,2.526281488
Karnataka,KODAGU,2010,Rabi,Cowpea(Lobia),280,74,0.264285714
Karnataka,KODAGU,2010,Rabi,Groundnut,23,20,0.869565217
Karnataka,KODAGU,2010,Rabi,Horse-gram,135,82,0.607407407
Karnataka,KODAGU,2010,Rabi,Maize,33,97,2.939393939
Karnataka,KODAGU,2010,Rabi,Other  Rabi pulses,50,14,0.28
Karnataka,KODAGU,2010,Rabi,Peas & beans (Pulses),29,205,7.068965517
Karnataka,KODAGU,2010,Rabi,Ragi,110,176,1.6
Karnataka,KODAGU,2010,Rabi,Rice,5,12,2.4
Karnataka,KODAGU,2010,Summer,Dry chillies,325,1224,3.766153846
Karnataka,KODAGU,2010,Summer,Maize,130,442,3.4
Karnataka,KODAGU,2010,Summer,Peas & beans (Pulses),5,42,8.4
Karnataka,KODAGU,2010,Summer,Potato,5,77,15.4
Karnataka,KODAGU,2010,Summer,Rice,140,399,2.85
Karnataka,KODAGU,2010,Whole Year,Arecanut,3612,39056,10.81284607
Karnataka,KODAGU,2010,Whole Year,Banana,1976,10145,5.134109312
Karnataka,KODAGU,2010,Whole Year,Black pepper,10321,6038.7,0.585088654
Karnataka,KODAGU,2010,Whole Year,Cardamom,8073,615,0.076179859
Karnataka,KODAGU,2010,Whole Year,Cashewnut,2045,2306,1.127628362
Karnataka,KODAGU,2010,Whole Year,Coconut,1544,14760,9.559585492
Karnataka,KODAGU,2010,Whole Year,Dry ginger,2205,14643.2,6.640907029
Karnataka,KODAGU,2010,Whole Year,Sweet potato,61,503,8.245901639
Karnataka,KODAGU,2010,Whole Year,Tapioca,134,1590,11.86567164
Karnataka,KODAGU,2010,Whole Year,Tobacco,244,267,1.094262295
Karnataka,KODAGU,2011,Kharif,Dry chillies,7,6,0.857142857
Karnataka,KODAGU,2011,Kharif,Maize,3625,13792,3.804689655
Karnataka,KODAGU,2011,Kharif,Peas & beans (Pulses),33,294,8.909090909
Karnataka,KODAGU,2011,Kharif,Potato,16,132,8.25
Karnataka,KODAGU,2011,Kharif,Ragi,229,385,1.681222707
Karnataka,KODAGU,2011,Kharif,Rice,34065,88570,2.600029356
Karnataka,KODAGU,2011,Rabi,Cowpea(Lobia),36,13,0.361111111
Karnataka,KODAGU,2011,Rabi,Maize,35,113,3.228571429
Karnataka,KODAGU,2011,Rabi,Ragi,20,33,1.65
Karnataka,KODAGU,2011,Rabi,Rice,3,7,2.333333333
Karnataka,KODAGU,2011,Summer,Dry chillies,185,648,3.502702703
Karnataka,KODAGU,2011,Summer,Maize,43,147,3.418604651
Karnataka,KODAGU,2011,Summer,Rice,147,450,3.06122449
Karnataka,KODAGU,2011,Whole Year,Arecanut,3838,31081,8.098228244
Karnataka,KODAGU,2011,Whole Year,Banana,1941,13760,7.089129315
Karnataka,KODAGU,2011,Whole Year,Black pepper,10643,2497.2,0.234633092
Karnataka,KODAGU,2011,Whole Year,Cardamom,8376,481,0.057425979
Karnataka,KODAGU,2011,Whole Year,Cashewnut,1993,2151,1.079277471
Karnataka,KODAGU,2011,Whole Year,Coconut,1617,16076,9.941867656
Karnataka,KODAGU,2011,Whole Year,Dry ginger,2047,5990.4,2.92642892
Karnataka,KODAGU,2011,Whole Year,Sweet potato,53,772,14.56603774
Karnataka,KODAGU,2011,Whole Year,Tapioca,139,1136,8.172661871
Karnataka,KODAGU,2011,Whole Year,Tobacco,225,206,0.915555556
Karnataka,KODAGU,2011,Whole Year,Turmeric,2,10,5
Karnataka,KODAGU,2012,Kharif,Cowpea(Lobia),6,2,0.333333333
Karnataka,KODAGU,2012,Kharif,Groundnut,1,1,1
Karnataka,KODAGU,2012,Kharif,Jowar,1,1,1
Karnataka,KODAGU,2012,Kharif,Maize,3880,17420,4.489690722
Karnataka,KODAGU,2012,Kharif,Potato,7,45,6.428571429
Karnataka,KODAGU,2012,Kharif,Ragi,12,10,0.833333333
Karnataka,KODAGU,2012,Kharif,Rice,31281,77621,2.481410441
Karnataka,KODAGU,2012,Kharif,Sunflower,4,2,0.5
Karnataka,KODAGU,2012,Summer,Cowpea(Lobia),35,13,0.371428571
Karnataka,KODAGU,2012,Summer,Dry chillies,184,520,2.826086957
Karnataka,KODAGU,2012,Summer,Maize,25,86,3.44
Karnataka,KODAGU,2012,Summer,Rice,85,156,1.835294118
Karnataka,KODAGU,2012,Whole Year,Arecanut,3877,31117,8.02605107
Karnataka,KODAGU,2012,Whole Year,Black pepper,10797,25333,2.346299898
Karnataka,KODAGU,2012,Whole Year,Cardamom,8326,478,0.057410521
Karnataka,KODAGU,2012,Whole Year,Cashewnut,1975,2131,1.078987342
Karnataka,KODAGU,2012,Whole Year,Coconut,1602,15773,9.845817728
Karnataka,KODAGU,2012,Whole Year,Dry ginger,1298,37985,29.2642527
Karnataka,KODAGU,2012,Whole Year,Sweet potato,15,233,15.53333333
Karnataka,KODAGU,2012,Whole Year,Tapioca,130,1063,8.176923077
Karnataka,KODAGU,2012,Whole Year,Tobacco,127,80,0.62992126
Karnataka,KODAGU,2013,Kharif,Cowpea(Lobia),10,4,0.4
Karnataka,KODAGU,2013,Kharif,Dry chillies,5,6,1.2
Karnataka,KODAGU,2013,Kharif,Groundnut,7,6,0.857142857
Karnataka,KODAGU,2013,Kharif,Maize,2049,7936,3.873108834
Karnataka,KODAGU,2013,Kharif,Potato,7,46,6.571428571
Karnataka,KODAGU,2013,Kharif,Rice,31917,91843,2.877557415
Karnataka,KODAGU,2013,Summer,Cowpea(Lobia),28,11,0.392857143
Karnataka,KODAGU,2013,Summer,Dry chillies,149,396,2.657718121
Karnataka,KODAGU,2013,Summer,Groundnut,4,4,1
Karnataka,KODAGU,2013,Summer,Maize,52,169,3.25
Karnataka,KODAGU,2013,Summer,Rice,110,366,3.327272727
Karnataka,KODAGU,2013,Whole Year,Arecanut,3894,43373,11.13841808
Karnataka,KODAGU,2013,Whole Year,Black pepper,11002,25814,2.346300673
Karnataka,KODAGU,2013,Whole Year,Cardamom,8330,635,0.076230492
Karnataka,KODAGU,2013,Whole Year,Cashewnut,1982,2229,1.124621594
Karnataka,KODAGU,2013,Whole Year,Coconut,1605,12734,7.933956386
Karnataka,KODAGU,2013,Whole Year,Dry ginger,1190,32893,27.64117647
Karnataka,KODAGU,2013,Whole Year,Sweet potato,16,235,14.6875
Karnataka,KODAGU,2013,Whole Year,Tapioca,123,1379,11.21138211
Karnataka,KODAGU,2013,Whole Year,Tobacco,130,107,0.823076923
Karnataka,KODAGU,2013,Whole Year,Turmeric,1,5,5
Karnataka,KODAGU,2014,Kharif,Dry chillies,42,48,1.142857143
Karnataka,KODAGU,2014,Kharif,Groundnut,60,44,0.733333333
Karnataka,KODAGU,2014,Kharif,Maize,3467,17740,5.116815691
Karnataka,KODAGU,2014,Kharif,Potato,18,111,6.166666667
Karnataka,KODAGU,2014,Kharif,Rice,30899,86741,2.807242953
Karnataka,KODAGU,2014,Rabi,Maize,15,51,3.4
Karnataka,KODAGU,2014,Rabi,Rice,5,12,2.4
Karnataka,KODAGU,2014,Summer,Cowpea(Lobia),12,4,0.333333333
Karnataka,KODAGU,2014,Summer,Groundnut,11,9,0.818181818
Karnataka,KODAGU,2014,Summer,Maize,38,124,3.263157895
Karnataka,KODAGU,2014,Summer,Rice,56,147,2.625
Karnataka,KODAGU,2014,Whole Year,Arecanut,4613,42682,9.252547149
Karnataka,KODAGU,2014,Whole Year,Black pepper,14934,66531,4.455002009
Karnataka,KODAGU,2014,Whole Year,Cardamom,7748,568,0.073309241
Karnataka,KODAGU,2014,Whole Year,Cashewnut,1964,2275,1.158350305
Karnataka,KODAGU,2014,Whole Year,Coconut,1586,14153,8.92370744
Karnataka,KODAGU,2014,Whole Year,Dry ginger,1528,59692,39.06544503
Karnataka,KODAGU,2014,Whole Year,Sweet potato,24,407,16.95833333
Karnataka,KODAGU,2014,Whole Year,Tapioca,114,1263,11.07894737
Karnataka,KODAGU,2014,Whole Year,Tobacco,223,160,0.717488789
Karnataka,KOLAR,1997,Kharif,Arhar/Tur,9925,3432,0.345793451
Karnataka,KOLAR,1997,Kharif,Bajra,119,44,0.369747899
Karnataka,KOLAR,1997,Kharif,Dry chillies,1126,1558,1.38365897
Karnataka,KOLAR,1997,Kharif,Dry ginger,4,5,1.25
Karnataka,KOLAR,1997,Kharif,Groundnut,86924,68844,0.792002209
Karnataka,KOLAR,1997,Kharif,Horse-gram,7154,2433,0.34008946
Karnataka,KOLAR,1997,Kharif,Maize,11503,40636,3.532643658
Karnataka,KOLAR,1997,Kharif,Paddy,12130,40165,3.311211871
Karnataka,KOLAR,1997,Kharif,Ragi,100225,142957,1.426360688
Karnataka,KOLAR,1997,Kharif,Rice,12130,26791,2.208656224
Karnataka,KOLAR,1997,Rabi,Dry chillies,165,177,1.072727273
Karnataka,KOLAR,1997,Rabi,Groundnut,2622,3801,1.449656751
Karnataka,KOLAR,1997,Rabi,Horse-gram,6605,3376,0.511127933
Karnataka,KOLAR,1997,Rabi,Maize,239,489,2.046025105
Karnataka,KOLAR,1997,Rabi,Paddy,330,1070,3.242424242
Karnataka,KOLAR,1997,Rabi,Ragi,187,254,1.35828877
Karnataka,KOLAR,1997,Rabi,Rice,330,714,2.163636364
Karnataka,KOLAR,1997,Summer,Maize,740,1601,2.163513514
Karnataka,KOLAR,1997,Summer,Paddy,7914,33073,4.179049785
Karnataka,KOLAR,1997,Summer,Ragi,574,1063,1.851916376
Karnataka,KOLAR,1997,Summer,Rice,7914,22059,2.787338893
Karnataka,KOLAR,1997,Whole Year,Arecanut,111,155,1.396396396
Karnataka,KOLAR,1997,Whole Year,Coriander,67,7,0.104477612
Karnataka,KOLAR,1997,Whole Year,Garlic,12,14,1.166666667
Karnataka,KOLAR,1997,Whole Year,Sugarcane,3183,290290,91.20012567
Karnataka,KOLAR,1997,Whole Year,Turmeric,4,22,5.5
Karnataka,KOLAR,1998,Kharif,Arhar/Tur,12694,11239,0.885378919
Karnataka,KOLAR,1998,Kharif,Bajra,172,81,0.470930233
Karnataka,KOLAR,1998,Kharif,Castor seed,298,254,0.852348993
Karnataka,KOLAR,1998,Kharif,Cotton(lint),30,53,1.766666667
Karnataka,KOLAR,1998,Kharif,Dry ginger,3,39,13
Karnataka,KOLAR,1998,Kharif,Groundnut,84759,69141,0.815736382
Karnataka,KOLAR,1998,Kharif,Horse-gram,4489,2879,0.641345511
Karnataka,KOLAR,1998,Kharif,Maize,13482,45983,3.410695742
Karnataka,KOLAR,1998,Kharif,Moong(Green Gram),186,37,0.198924731
Karnataka,KOLAR,1998,Kharif,Niger seed,1069,246,0.230121609
Karnataka,KOLAR,1998,Kharif,Onion,773,11697,15.13195343
Karnataka,KOLAR,1998,Kharif,Peas & beans (Pulses),739,6239,8.442489851
Karnataka,KOLAR,1998,Kharif,Potato,1410,17952,12.73191489
Karnataka,KOLAR,1998,Kharif,Ragi,117395,220794,1.880778568
Karnataka,KOLAR,1998,Kharif,Rapeseed &Mustard,1281,367,0.286494926
Karnataka,KOLAR,1998,Kharif,Rice,13466,34437,2.557329571
Karnataka,KOLAR,1998,Kharif,Sesamum,15,6,0.4
Karnataka,KOLAR,1998,Kharif,Sunflower,1688,575,0.34063981
Karnataka,KOLAR,1998,Rabi,Gram,21,15,0.714285714
Karnataka,KOLAR,1998,Rabi,Groundnut,2135,2365,1.107728337
Karnataka,KOLAR,1998,Rabi,Horse-gram,5426,3320,0.61186878
Karnataka,KOLAR,1998,Rabi,Maize,64,131,2.046875
Karnataka,KOLAR,1998,Rabi,Moong(Green Gram),3,1,0.333333333
Karnataka,KOLAR,1998,Rabi,Onion,1423,19450,13.66830639
Karnataka,KOLAR,1998,Rabi,Peas & beans (Pulses),322,3299,10.24534161
Karnataka,KOLAR,1998,Rabi,Potato,3368,69974,20.77612827
Karnataka,KOLAR,1998,Rabi,Ragi,150,218,1.453333333
Karnataka,KOLAR,1998,Rabi,Rice,260,568,2.184615385
Karnataka,KOLAR,1998,Rabi,Sunflower,45,25,0.555555556
Karnataka,KOLAR,1998,Summer,Maize,475,1080,2.273684211
Karnataka,KOLAR,1998,Summer,Onion,51,588,11.52941176
Karnataka,KOLAR,1998,Summer,Peas & beans (Pulses),645,5668,8.787596899
Karnataka,KOLAR,1998,Summer,Potato,216,5069,23.46759259
Karnataka,KOLAR,1998,Summer,Ragi,899,2022,2.24916574
Karnataka,KOLAR,1998,Summer,Rice,15541,44823,2.884177337
Karnataka,KOLAR,1998,Summer,Sunflower,553,310,0.560578662
Karnataka,KOLAR,1998,Whole Year,Arecanut,111,749,6.747747748
Karnataka,KOLAR,1998,Whole Year,Coconut,2101,10030,4.773917182
Karnataka,KOLAR,1998,Whole Year,Coriander,60,6,0.1
Karnataka,KOLAR,1998,Whole Year,Dry chillies,2070,1822,0.880193237
Karnataka,KOLAR,1998,Whole Year,Garlic,15,17,1.133333333
Karnataka,KOLAR,1998,Whole Year,Turmeric,1,5,5
Karnataka,KOLAR,1999,Kharif,Arhar/Tur,8908,5568,0.625056129
Karnataka,KOLAR,1999,Kharif,Bajra,228,87,0.381578947
Karnataka,KOLAR,1999,Kharif,Castor seed,412,318,0.77184466
Karnataka,KOLAR,1999,Kharif,Groundnut,65167,30583,0.469301947
Karnataka,KOLAR,1999,Kharif,Horse-gram,3992,1498,0.375250501
Karnataka,KOLAR,1999,Kharif,Maize,13183,32078,2.433285292
Karnataka,KOLAR,1999,Kharif,Moong(Green Gram),150,52,0.346666667
Karnataka,KOLAR,1999,Kharif,Niger seed,1037,238,0.229508197
Karnataka,KOLAR,1999,Kharif,Other Kharif pulses,11708,3064,0.261701401
Karnataka,KOLAR,1999,Kharif,Ragi,90091,127105,1.41085125
Karnataka,KOLAR,1999,Kharif,Rice,7917,16842,2.127320955
Karnataka,KOLAR,1999,Kharif,Small millets,765,516,0.674509804
Karnataka,KOLAR,1999,Kharif,Sunflower,1987,1040,0.523402114
Karnataka,KOLAR,1999,Rabi,Groundnut,729,1206,1.654320988
Karnataka,KOLAR,1999,Rabi,Horse-gram,20533,9344,0.455072323
Karnataka,KOLAR,1999,Rabi,Maize,202,494,2.445544554
Karnataka,KOLAR,1999,Rabi,Other  Rabi pulses,140,17,0.121428571
Karnataka,KOLAR,1999,Rabi,Ragi,108,140,1.296296296
Karnataka,KOLAR,1999,Rabi,Rapeseed &Mustard,1324,379,0.286253776
Karnataka,KOLAR,1999,Rabi,Sunflower,77,55,0.714285714
Karnataka,KOLAR,1999,Summer,Maize,444,812,1.828828829
Karnataka,KOLAR,1999,Summer,Ragi,858,1715,1.998834499
Karnataka,KOLAR,1999,Summer,Rice,2079,4191,2.015873016
Karnataka,KOLAR,1999,Summer,Sunflower,388,219,0.56443299
Karnataka,KOLAR,1999,Whole Year,Banana,422,9902,23.46445498
Karnataka,KOLAR,1999,Whole Year,Coconut,2101,10030,4.773917182
Karnataka,KOLAR,1999,Whole Year,Coriander,70,7,0.1
Karnataka,KOLAR,1999,Whole Year,Dry chillies,2127,2453,1.153267513
Karnataka,KOLAR,1999,Whole Year,Garlic,5,6,1.2
Karnataka,KOLAR,1999,Whole Year,Onion,1476,22878,15.5
Karnataka,KOLAR,1999,Whole Year,Potato,7739,151312,19.55188009
Karnataka,KOLAR,1999,Whole Year,Sugarcane,4101,483098,117.8000488
Karnataka,KOLAR,2000,Kharif,Arhar/Tur,8048,6828,0.848409543
Karnataka,KOLAR,2000,Kharif,Bajra,44,19,0.431818182
Karnataka,KOLAR,2000,Kharif,Castor seed,292,374,1.280821918
Karnataka,KOLAR,2000,Kharif,Groundnut,53073,75207,1.417048217
Karnataka,KOLAR,2000,Kharif,Horse-gram,4684,1811,0.386635354
Karnataka,KOLAR,2000,Kharif,Maize,15632,40280,2.576765609
Karnataka,KOLAR,2000,Kharif,Moong(Green Gram),90,37,0.411111111
Karnataka,KOLAR,2000,Kharif,Niger seed,1094,251,0.229433272
Karnataka,KOLAR,2000,Kharif,Other Kharif pulses,14970,3921,0.261923848
Karnataka,KOLAR,2000,Kharif,Ragi,130824,241192,1.843637253
Karnataka,KOLAR,2000,Kharif,Rice,11995,29032,2.420341809
Karnataka,KOLAR,2000,Kharif,Small millets,718,649,0.903899721
Karnataka,KOLAR,2000,Kharif,Sunflower,1175,820,0.69787234
Karnataka,KOLAR,2000,Rabi,Groundnut,1943,2697,1.388059701
Karnataka,KOLAR,2000,Rabi,Horse-gram,5009,1951,0.389498902
Karnataka,KOLAR,2000,Rabi,Other  Rabi pulses,102,12,0.117647059
Karnataka,KOLAR,2000,Rabi,Ragi,9,14,1.555555556
Karnataka,KOLAR,2000,Rabi,Rapeseed &Mustard,1553,444,0.285898261
Karnataka,KOLAR,2000,Rabi,Sunflower,14,10,0.714285714
Karnataka,KOLAR,2000,Summer,Maize,802,2255,2.811720698
Karnataka,KOLAR,2000,Summer,Ragi,1123,2227,1.983081033
Karnataka,KOLAR,2000,Summer,Rice,10760,31034,2.884200743
Karnataka,KOLAR,2000,Summer,Sunflower,541,388,0.717190388
Karnataka,KOLAR,2000,Whole Year,Arecanut,86,120,1.395348837
Karnataka,KOLAR,2000,Whole Year,Banana,481,8842,18.38253638
Karnataka,KOLAR,2000,Whole Year,Coconut,2101,10030,4.773917182
Karnataka,KOLAR,2000,Whole Year,Coriander,120,12,0.1
Karnataka,KOLAR,2000,Whole Year,Dry chillies,1792,1439,0.803013393
Karnataka,KOLAR,2000,Whole Year,Onion,2143,15646,7.300979935
Karnataka,KOLAR,2000,Whole Year,Potato,10372,170713,16.4590243
Karnataka,KOLAR,2000,Whole Year,Sugarcane,2545,198256,77.90019646
Karnataka,KOLAR,2001,Kharif,Arhar/Tur,4702,1979,0.42088473
Karnataka,KOLAR,2001,Kharif,Castor seed,124,92,0.741935484
Karnataka,KOLAR,2001,Kharif,Groundnut,54751,30857,0.56358788
Karnataka,KOLAR,2001,Kharif,Horse-gram,1932,1182,0.611801242
Karnataka,KOLAR,2001,Kharif,Maize,15429,22856,1.481366258
Karnataka,KOLAR,2001,Kharif,Moong(Green Gram),44,11,0.25
Karnataka,KOLAR,2001,Kharif,Niger seed,1069,246,0.230121609
Karnataka,KOLAR,2001,Kharif,Other Kharif pulses,10311,2660,0.257976918
Karnataka,KOLAR,2001,Kharif,Ragi,100223,165110,1.647426239
Karnataka,KOLAR,2001,Kharif,Rice,6189,14118,2.281143965
Karnataka,KOLAR,2001,Kharif,Small millets,619,536,0.865912763
Karnataka,KOLAR,2001,Kharif,Sunflower,683,514,0.752562225
Karnataka,KOLAR,2001,Kharif,Urad,41,15,0.365853659
Karnataka,KOLAR,2001,Rabi,Gram,10,6,0.6
Karnataka,KOLAR,2001,Rabi,Horse-gram,6815,2596,0.380924431
Karnataka,KOLAR,2001,Rabi,Maize,63,155,2.46031746
Karnataka,KOLAR,2001,Rabi,Other  Rabi pulses,152,18,0.118421053
Karnataka,KOLAR,2001,Rabi,Ragi,12,16,1.333333333
Karnataka,KOLAR,2001,Rabi,Rapeseed &Mustard,1245,356,0.285943775
Karnataka,KOLAR,2001,Summer,Maize,804,2115,2.630597015
Karnataka,KOLAR,2001,Summer,Ragi,668,1024,1.532934132
Karnataka,KOLAR,2001,Summer,Rice,18419,37848,2.054834682
Karnataka,KOLAR,2001,Summer,Sunflower,531,434,0.8173258
Karnataka,KOLAR,2001,Whole Year,Arecanut,81,113,1.395061728
Karnataka,KOLAR,2001,Whole Year,Coconut,2101,7523,3.580675869
Karnataka,KOLAR,2001,Whole Year,Coriander,56,6,0.107142857
Karnataka,KOLAR,2001,Whole Year,Dry chillies,1782,2122,1.190796857
Karnataka,KOLAR,2001,Whole Year,Onion,1779,18154,10.20460933
Karnataka,KOLAR,2001,Whole Year,Peas & beans (Pulses),3784,21108,5.578224101
Karnataka,KOLAR,2001,Whole Year,Potato,11834,214109,18.092699
Karnataka,KOLAR,2001,Whole Year,Sugarcane,1225,123358,100.7004082
Karnataka,KOLAR,2002,Kharif,Arhar/Tur,2883,852,0.295525494
Karnataka,KOLAR,2002,Kharif,Bajra,378,138,0.365079365
Karnataka,KOLAR,2002,Kharif,Castor seed,140,129,0.921428571
Karnataka,KOLAR,2002,Kharif,Groundnut,33281,10445,0.313842733
Karnataka,KOLAR,2002,Kharif,Horse-gram,6053,1300,0.214769536
Karnataka,KOLAR,2002,Kharif,Maize,15647,18642,1.191410494
Karnataka,KOLAR,2002,Kharif,Niger seed,402,92,0.228855721
Karnataka,KOLAR,2002,Kharif,Other Kharif pulses,5003,1304,0.260643614
Karnataka,KOLAR,2002,Kharif,Ragi,46550,27240,0.585177229
Karnataka,KOLAR,2002,Kharif,Rice,5630,11215,1.992007105
Karnataka,KOLAR,2002,Kharif,Small millets,243,213,0.87654321
Karnataka,KOLAR,2002,Kharif,Sunflower,889,662,0.744656918
Karnataka,KOLAR,2002,Rabi,Groundnut,209,227,1.086124402
Karnataka,KOLAR,2002,Rabi,Horse-gram,14178,3152,0.222316265
Karnataka,KOLAR,2002,Rabi,Maize,657,1681,2.558599696
Karnataka,KOLAR,2002,Rabi,Other  Rabi pulses,406,49,0.120689655
Karnataka,KOLAR,2002,Rabi,Ragi,4315,6776,1.570336037
Karnataka,KOLAR,2002,Rabi,Rapeseed &Mustard,469,134,0.285714286
Karnataka,KOLAR,2002,Rabi,Sunflower,1080,763,0.706481481
Karnataka,KOLAR,2002,Summer,Maize,598,1528,2.555183946
Karnataka,KOLAR,2002,Summer,Ragi,388,445,1.146907216
Karnataka,KOLAR,2002,Summer,Rice,220,347,1.577272727
Karnataka,KOLAR,2002,Summer,Sunflower,408,248,0.607843137
Karnataka,KOLAR,2002,Whole Year,Arcanut (Processed),72,101,1.402777778
Karnataka,KOLAR,2002,Whole Year,Atcanut (Raw),72,486,6.75
Karnataka,KOLAR,2002,Whole Year,Banana,1096,14701,13.41332117
Karnataka,KOLAR,2002,Whole Year,Beans & Mutter(Vegetable),2575,23457,9.109514563
Karnataka,KOLAR,2002,Whole Year,Brinjal,955,5296,5.545549738
Karnataka,KOLAR,2002,Whole Year,Cashewnut Processed,2344,218,0.093003413
Karnataka,KOLAR,2002,Whole Year,Cashewnut Raw,2344,856,0.365187713
Karnataka,KOLAR,2002,Whole Year,Citrus Fruit,72,1249,17.34722222
Karnataka,KOLAR,2002,Whole Year,Coconut,2101,7523,3.580675869
Karnataka,KOLAR,2002,Whole Year,Coriander,57,6,0.105263158
Karnataka,KOLAR,2002,Whole Year,Dry chillies,1101,2209,2.006357856
Karnataka,KOLAR,2002,Whole Year,Grapes,1457,36402,24.98421414
Karnataka,KOLAR,2002,Whole Year,Mango,40508,74818,1.846993187
Karnataka,KOLAR,2002,Whole Year,Onion,1568,8929,5.694515306
Karnataka,KOLAR,2002,Whole Year,Other Fresh Fruits,2026,4165,2.055774926
Karnataka,KOLAR,2002,Whole Year,Papaya,274,489,1.784671533
Karnataka,KOLAR,2002,Whole Year,Pome Fruit,1307,4152,3.176740627
Karnataka,KOLAR,2002,Whole Year,Potato,5550,48176,8.68036036
Karnataka,KOLAR,2002,Whole Year,Sugarcane,1268,104800,82.64984227
Karnataka,KOLAR,2002,Whole Year,Tomato,7532,58006,7.701274562
Karnataka,KOLAR,2003,Kharif,Arhar/Tur,6078,4533,0.745804541
Karnataka,KOLAR,2003,Kharif,Bajra,31,9,0.290322581
Karnataka,KOLAR,2003,Kharif,Castor seed,671,602,0.897168405
Karnataka,KOLAR,2003,Kharif,Groundnut,43008,30706,0.713960193
Karnataka,KOLAR,2003,Kharif,Horse-gram,1754,450,0.256556442
Karnataka,KOLAR,2003,Kharif,Maize,25698,53583,2.085103899
Karnataka,KOLAR,2003,Kharif,Niger seed,847,195,0.230224321
Karnataka,KOLAR,2003,Kharif,Other Kharif pulses,11716,2956,0.252304541
Karnataka,KOLAR,2003,Kharif,Ragi,120681,176361,1.461381659
Karnataka,KOLAR,2003,Kharif,Rice,8368,18998,2.270315488
Karnataka,KOLAR,2003,Kharif,Small millets,1863,1071,0.574879227
Karnataka,KOLAR,2003,Kharif,Sunflower,605,353,0.583471074
Karnataka,KOLAR,2003,Rabi,Groundnut,225,219,0.973333333
Karnataka,KOLAR,2003,Rabi,Horse-gram,5911,1690,0.28590763
Karnataka,KOLAR,2003,Rabi,Maize,339,781,2.303834808
Karnataka,KOLAR,2003,Rabi,Ragi,108,99,0.916666667
Karnataka,KOLAR,2003,Rabi,Rapeseed &Mustard,1409,403,0.286018453
Karnataka,KOLAR,2003,Rabi,Sunflower,1662,1279,0.769554753
Karnataka,KOLAR,2003,Summer,Maize,293,738,2.518771331
Karnataka,KOLAR,2003,Summer,Ragi,129,153,1.186046512
Karnataka,KOLAR,2003,Summer,Rice,691,1814,2.625180897
Karnataka,KOLAR,2003,Summer,Sunflower,888,469,0.528153153
Karnataka,KOLAR,2003,Whole Year,Arecanut,67,94,1.402985075
Karnataka,KOLAR,2003,Whole Year,Banana,1366,42123,30.83674963
Karnataka,KOLAR,2003,Whole Year,Beans & Mutter(Vegetable),1335,13505,10.11610487
Karnataka,KOLAR,2003,Whole Year,Brinjal,326,2964,9.09202454
Karnataka,KOLAR,2003,Whole Year,Citrus Fruit,71,1123,15.81690141
Karnataka,KOLAR,2003,Whole Year,Coconut,2101,7523,3.580675869
Karnataka,KOLAR,2003,Whole Year,Coriander,88,9,0.102272727
Karnataka,KOLAR,2003,Whole Year,Dry chillies,1864,2858,1.533261803
Karnataka,KOLAR,2003,Whole Year,Grapes,1275,36594,28.70117647
Karnataka,KOLAR,2003,Whole Year,Mango,44718,77452,1.732009482
Karnataka,KOLAR,2003,Whole Year,Onion,1760,8616,4.895454545
Karnataka,KOLAR,2003,Whole Year,Other Fresh Fruits,1907,3150,1.651809124
Karnataka,KOLAR,2003,Whole Year,Pome Fruit,1488,5312,3.569892473
Karnataka,KOLAR,2003,Whole Year,Potato,5116,91056,17.79827991
Karnataka,KOLAR,2003,Whole Year,Sugarcane,692,46018,66.5
Karnataka,KOLAR,2003,Whole Year,Tomato,6618,66553,10.05636144
Karnataka,KOLAR,2004,Kharif,Arhar/Tur,7907,6332,0.800809409
Karnataka,KOLAR,2004,Kharif,Bajra,77,29,0.376623377
Karnataka,KOLAR,2004,Kharif,Castor seed,297,258,0.868686869
Karnataka,KOLAR,2004,Kharif,Groundnut,50172,31973,0.637267799
Karnataka,KOLAR,2004,Kharif,Horse-gram,3199,1267,0.396061269
Karnataka,KOLAR,2004,Kharif,Maize,24304,46248,1.902896643
Karnataka,KOLAR,2004,Kharif,Moong(Green Gram),159,25,0.157232704
Karnataka,KOLAR,2004,Kharif,Niger seed,811,186,0.229346486
Karnataka,KOLAR,2004,Kharif,Other Kharif pulses,11374,2890,0.254088271
Karnataka,KOLAR,2004,Kharif,Ragi,109068,152191,1.395377196
Karnataka,KOLAR,2004,Kharif,Rice,6972,16558.5,2.375
Karnataka,KOLAR,2004,Kharif,Small millets,488,351,0.719262295
Karnataka,KOLAR,2004,Kharif,Sunflower,1917,1310,0.683359416
Karnataka,KOLAR,2004,Kharif,Urad,23,3,0.130434783
Karnataka,KOLAR,2004,Rabi,Gram,144,108,0.75
Karnataka,KOLAR,2004,Rabi,Groundnut,79,72,0.911392405
Karnataka,KOLAR,2004,Rabi,Horse-gram,12327,3279,0.26600146
Karnataka,KOLAR,2004,Rabi,Maize,367,1118,3.046321526
Karnataka,KOLAR,2004,Rabi,Ragi,175,335,1.914285714
Karnataka,KOLAR,2004,Rabi,Rapeseed &Mustard,895,256,0.28603352
Karnataka,KOLAR,2004,Rabi,Sunflower,2509,5713,2.27700279
Karnataka,KOLAR,2004,Summer,Maize,226,691,3.057522124
Karnataka,KOLAR,2004,Summer,Ragi,69,110,1.594202899
Karnataka,KOLAR,2004,Summer,Rice,351,1570,4.472934473
Karnataka,KOLAR,2004,Summer,Sunflower,1009,655,0.649157582
Karnataka,KOLAR,2004,Whole Year,Arecanut,54,76,1.407407407
Karnataka,KOLAR,2004,Whole Year,Banana,1101,7498,6.81017257
Karnataka,KOLAR,2004,Whole Year,Coconut,2101,75993.17,36.17
Karnataka,KOLAR,2004,Whole Year,Coriander,108,11,0.101851852
Karnataka,KOLAR,2004,Whole Year,Dry chillies,1444,1332,0.922437673
Karnataka,KOLAR,2004,Whole Year,Onion,1507,17872,11.85932316
Karnataka,KOLAR,2004,Whole Year,Potato,4028,72607,18.025571
Karnataka,KOLAR,2005,Kharif,Arhar/Tur,8991,5091,0.5662329
Karnataka,KOLAR,2005,Kharif,Bajra,93,54,0.580645161
Karnataka,KOLAR,2005,Kharif,Castor seed,497,517,1.040241449
Karnataka,KOLAR,2005,Kharif,Dry chillies,527,383,0.726755218
Karnataka,KOLAR,2005,Kharif,Groundnut,51664,36605,0.70852044
Karnataka,KOLAR,2005,Kharif,Horse-gram,2686,1271,0.473194341
Karnataka,KOLAR,2005,Kharif,Maize,22036,60505,2.745734253
Karnataka,KOLAR,2005,Kharif,Moong(Green Gram),74,18,0.243243243
Karnataka,KOLAR,2005,Kharif,Niger seed,537,123,0.229050279
Karnataka,KOLAR,2005,Kharif,Onion,505,2814,5.572277228
Karnataka,KOLAR,2005,Kharif,Other Kharif pulses,13049,3394,0.260096559
Karnataka,KOLAR,2005,Kharif,Peas & beans (Pulses),2177,14671,6.739090492
Karnataka,KOLAR,2005,Kharif,Potato,1145,3833,3.347598253
Karnataka,KOLAR,2005,Kharif,Ragi,106403,193572,1.81923442
Karnataka,KOLAR,2005,Kharif,Rice,6487,14584,2.248188685
Karnataka,KOLAR,2005,Kharif,Small millets,333,276,0.828828829
Karnataka,KOLAR,2005,Kharif,Sunflower,671,660,0.983606557
Karnataka,KOLAR,2005,Kharif,Urad,16,3,0.1875
Karnataka,KOLAR,2005,Rabi,Dry chillies,244,388,1.590163934
Karnataka,KOLAR,2005,Rabi,Gram,52,36,0.692307692
Karnataka,KOLAR,2005,Rabi,Groundnut,382,376,0.984293194
Karnataka,KOLAR,2005,Rabi,Horse-gram,3907,1845,0.472229332
Karnataka,KOLAR,2005,Rabi,Maize,536,1916,3.574626866
Karnataka,KOLAR,2005,Rabi,Onion,401,4157,10.36658354
Karnataka,KOLAR,2005,Rabi,Other  Rabi pulses,29,3,0.103448276
Karnataka,KOLAR,2005,Rabi,Peas & beans (Pulses),366,2311,6.31420765
Karnataka,KOLAR,2005,Rabi,Potato,3836,73493,19.15875912
Karnataka,KOLAR,2005,Rabi,Ragi,167,485,2.904191617
Karnataka,KOLAR,2005,Rabi,Rapeseed &Mustard,1227,351,0.28606357
Karnataka,KOLAR,2005,Rabi,Rice,25,55,2.2
Karnataka,KOLAR,2005,Rabi,Sunflower,1613,7775,4.820210787
Karnataka,KOLAR,2005,Summer,Dry chillies,340,473,1.391176471
Karnataka,KOLAR,2005,Summer,Maize,518,1747,3.372586873
Karnataka,KOLAR,2005,Summer,Onion,132,2281,17.28030303
Karnataka,KOLAR,2005,Summer,Peas & beans (Pulses),194,982,5.06185567
Karnataka,KOLAR,2005,Summer,Potato,178,2859,16.06179775
Karnataka,KOLAR,2005,Summer,Ragi,117,256,2.188034188
Karnataka,KOLAR,2005,Summer,Rice,10231,45108,4.408953182
Karnataka,KOLAR,2005,Summer,Sunflower,4045,3136,0.775278121
Karnataka,KOLAR,2005,Whole Year,Arecanut,54,364,6.740740741
Karnataka,KOLAR,2005,Whole Year,Banana,1382,23168,16.76410999
Karnataka,KOLAR,2005,Whole Year,Coconut,2101,7523,3.580675869
Karnataka,KOLAR,2005,Whole Year,Coriander,78,8,0.102564103
Karnataka,KOLAR,2005,Whole Year,Sugarcane,402,35517,88.35074627
Karnataka,KOLAR,2006,Kharif,Arhar/Tur,6166,3321,0.538598767
Karnataka,KOLAR,2006,Kharif,Bajra,100,45,0.45
Karnataka,KOLAR,2006,Kharif,Castor seed,497,397,0.798792757
Karnataka,KOLAR,2006,Kharif,Gram,16,2,0.125
Karnataka,KOLAR,2006,Kharif,Groundnut,37775,11709,0.309966909
Karnataka,KOLAR,2006,Kharif,Horse-gram,3021,1533,0.507447865
Karnataka,KOLAR,2006,Kharif,Maize,20465,39468,1.928560958
Karnataka,KOLAR,2006,Kharif,Moong(Green Gram),14,2,0.142857143
Karnataka,KOLAR,2006,Kharif,Niger seed,537,123,0.229050279
Karnataka,KOLAR,2006,Kharif,Other Kharif pulses,5478,7340,1.339905075
Karnataka,KOLAR,2006,Kharif,Ragi,62021,72276,1.165347221
Karnataka,KOLAR,2006,Kharif,Rice,9734,18143,1.863879186
Karnataka,KOLAR,2006,Kharif,Small millets,185,143,0.772972973
Karnataka,KOLAR,2006,Kharif,Sunflower,889,288,0.323959505
Karnataka,KOLAR,2006,Kharif,Urad,16,2,0.125
Karnataka,KOLAR,2006,Rabi,Groundnut,273,330,1.208791209
Karnataka,KOLAR,2006,Rabi,Horse-gram,13882,3666,0.264082985
Karnataka,KOLAR,2006,Rabi,Maize,2369,5200,2.195018995
Karnataka,KOLAR,2006,Rabi,Other  Rabi pulses,89,47,0.528089888
Karnataka,KOLAR,2006,Rabi,Ragi,80,160,2
Karnataka,KOLAR,2006,Rabi,Sunflower,597,1316,2.204355109
Karnataka,KOLAR,2006,Summer,Maize,1118,3582,3.203935599
Karnataka,KOLAR,2006,Summer,Ragi,417,886,2.12470024
Karnataka,KOLAR,2006,Summer,Rice,521,1409,2.704414587
Karnataka,KOLAR,2006,Summer,Sunflower,1275,2508,1.967058824
Karnataka,KOLAR,2006,Whole Year,Arecanut,54,76,1.407407407
Karnataka,KOLAR,2006,Whole Year,Banana,2068,63037,30.48210832
Karnataka,KOLAR,2006,Whole Year,Coconut,2101,7523,3.580675869
Karnataka,KOLAR,2006,Whole Year,Coriander,66,7,0.106060606
Karnataka,KOLAR,2006,Whole Year,Dry chillies,988,2113,2.138663968
Karnataka,KOLAR,2006,Whole Year,Onion,696,4384,6.298850575
Karnataka,KOLAR,2006,Whole Year,Potato,7162,164474,22.9648143
Karnataka,KOLAR,2006,Whole Year,Sugarcane,327,28580,87.40061162
Karnataka,KOLAR,2007,Kharif,Arhar/Tur,3195,1685,0.527386541
Karnataka,KOLAR,2007,Kharif,Bajra,39,27,0.692307692
Karnataka,KOLAR,2007,Kharif,Castor seed,45,30,0.666666667
Karnataka,KOLAR,2007,Kharif,Dry chillies,283,255,0.901060071
Karnataka,KOLAR,2007,Kharif,Groundnut,10776,11155,1.03517075
Karnataka,KOLAR,2007,Kharif,Horse-gram,147,78,0.530612245
Karnataka,KOLAR,2007,Kharif,Maize,932,2906,3.118025751
Karnataka,KOLAR,2007,Kharif,Niger seed,174,65,0.373563218
Karnataka,KOLAR,2007,Kharif,Onion,220,1311,5.959090909
Karnataka,KOLAR,2007,Kharif,Other Kharif pulses,4871,3853,0.791008007
Karnataka,KOLAR,2007,Kharif,Potato,510,13259,25.99803922
Karnataka,KOLAR,2007,Kharif,Ragi,60285,72434,1.201526084
Karnataka,KOLAR,2007,Kharif,Rice,4759,7223,1.517755831
Karnataka,KOLAR,2007,Kharif,Small millets,53,35,0.660377358
Karnataka,KOLAR,2007,Kharif,Sunflower,49,37,0.755102041
Karnataka,KOLAR,2007,Rabi,Dry chillies,198,346,1.747474747
Karnataka,KOLAR,2007,Rabi,Groundnut,95,82,0.863157895
Karnataka,KOLAR,2007,Rabi,Horse-gram,4270,1610,0.37704918
Karnataka,KOLAR,2007,Rabi,Onion,9,76,8.444444444
Karnataka,KOLAR,2007,Rabi,Other  Rabi pulses,85,18,0.211764706
Karnataka,KOLAR,2007,Rabi,Potato,790,9319,11.79620253
Karnataka,KOLAR,2007,Rabi,Ragi,75,162,2.16
Karnataka,KOLAR,2007,Summer,Dry chillies,858,2904,3.384615385
Karnataka,KOLAR,2007,Summer,Maize,109,352,3.229357798
Karnataka,KOLAR,2007,Summer,Onion,50,151,3.02
Karnataka,KOLAR,2007,Summer,Potato,1726,27519,15.9438007
Karnataka,KOLAR,2007,Summer,Ragi,330,686,2.078787879
Karnataka,KOLAR,2007,Summer,Rice,801,2409,3.007490637
Karnataka,KOLAR,2007,Summer,Sunflower,68,69,1.014705882
Karnataka,KOLAR,2007,Whole Year,Banana,568,5824,10.25352113
Karnataka,KOLAR,2007,Whole Year,Coconut,1471,7490,5.091774303
Karnataka,KOLAR,2007,Whole Year,Coriander,5,2,0.4
Karnataka,KOLAR,2007,Whole Year,Sugarcane,100,8455,84.55
Karnataka,KOLAR,2008,Kharif,Arhar/Tur,3200,2803,0.8759375
Karnataka,KOLAR,2008,Kharif,Castor seed,69,65,0.942028986
Karnataka,KOLAR,2008,Kharif,Dry chillies,394,366,0.92893401
Karnataka,KOLAR,2008,Kharif,Groundnut,12475,7626,0.611302605
Karnataka,KOLAR,2008,Kharif,Horse-gram,127,49,0.385826772
Karnataka,KOLAR,2008,Kharif,Maize,520,1672,3.215384615
Karnataka,KOLAR,2008,Kharif,Niger seed,680,233,0.342647059
Karnataka,KOLAR,2008,Kharif,Onion,185,960,5.189189189
Karnataka,KOLAR,2008,Kharif,Other Kharif pulses,6432,6508,1.01181592
Karnataka,KOLAR,2008,Kharif,Ragi,63571,102755,1.616381683
Karnataka,KOLAR,2008,Kharif,Rice,3939,6211.8,1.576999238
Karnataka,KOLAR,2008,Kharif,Sunflower,40,23,0.575
Karnataka,KOLAR,2008,Rabi,Dry chillies,316,536,1.696202532
Karnataka,KOLAR,2008,Rabi,Groundnut,35,26,0.742857143
Karnataka,KOLAR,2008,Rabi,Horse-gram,4900,1182,0.24122449
Karnataka,KOLAR,2008,Rabi,Maize,94,296,3.14893617
Karnataka,KOLAR,2008,Rabi,Onion,28,187,6.678571429
Karnataka,KOLAR,2008,Rabi,Other  Rabi pulses,15,4,0.266666667
Karnataka,KOLAR,2008,Rabi,Potato,4028,47274,11.73634558
Karnataka,KOLAR,2008,Rabi,Ragi,105,219,2.085714286
Karnataka,KOLAR,2008,Rabi,Rapeseed &Mustard,615,247,0.401626016
Karnataka,KOLAR,2008,Summer,Dry chillies,1063,1592,1.497648166
Karnataka,KOLAR,2008,Summer,Maize,103,324,3.145631068
Karnataka,KOLAR,2008,Summer,Onion,222,1211,5.454954955
Karnataka,KOLAR,2008,Summer,Potato,1507,24188,16.05043132
Karnataka,KOLAR,2008,Summer,Ragi,185,368,1.989189189
Karnataka,KOLAR,2008,Summer,Rice,218,466,2.137614679
Karnataka,KOLAR,2008,Summer,Sunflower,10,8,0.8
Karnataka,KOLAR,2008,Whole Year,Banana,518,16886,32.5984556
Karnataka,KOLAR,2008,Whole Year,Cashewnut,883,542.86,0.614790487
Karnataka,KOLAR,2008,Whole Year,Coconut,1471,10078,6.851121686
Karnataka,KOLAR,2008,Whole Year,Coriander,5,3,0.6
Karnataka,KOLAR,2009,Kharif,Arhar/Tur,1852,1510,0.815334773
Karnataka,KOLAR,2009,Kharif,Castor seed,72,47,0.652777778
Karnataka,KOLAR,2009,Kharif,Gram,127,75,0.590551181
Karnataka,KOLAR,2009,Kharif,Groundnut,7814,7002,0.896083952
Karnataka,KOLAR,2009,Kharif,Horse-gram,127,75,0.590551181
Karnataka,KOLAR,2009,Kharif,Maize,526,1257,2.38973384
Karnataka,KOLAR,2009,Kharif,Niger seed,223,78,0.349775785
Karnataka,KOLAR,2009,Kharif,Onion,90,318,3.533333333
Karnataka,KOLAR,2009,Kharif,Other Kharif pulses,6115,5184,0.847751431
Karnataka,KOLAR,2009,Kharif,Ragi,50091,67737,1.352278852
Karnataka,KOLAR,2009,Kharif,Rice,3832,6370.7,1.6625
Karnataka,KOLAR,2009,Kharif,Small millets,60,44,0.733333333
Karnataka,KOLAR,2009,Kharif,Sunflower,46,16,0.347826087
Karnataka,KOLAR,2009,Rabi,Dry chillies,227,371,1.634361233
Karnataka,KOLAR,2009,Rabi,Gram,5890,1757,0.298302207
Karnataka,KOLAR,2009,Rabi,Groundnut,64,50,0.78125
Karnataka,KOLAR,2009,Rabi,Horse-gram,5890,1757,0.298302207
Karnataka,KOLAR,2009,Rabi,Maize,77,203,2.636363636
Karnataka,KOLAR,2009,Rabi,Onion,59,350,5.93220339
Karnataka,KOLAR,2009,Rabi,Other  Rabi pulses,60,20,0.333333333
Karnataka,KOLAR,2009,Rabi,Potato,3641,49338,13.55067289
Karnataka,KOLAR,2009,Rabi,Ragi,86,202,2.348837209
Karnataka,KOLAR,2009,Rabi,Rapeseed &Mustard,285,77,0.270175439
Karnataka,KOLAR,2009,Summer,Dry chillies,840,2221,2.644047619
Karnataka,KOLAR,2009,Summer,Maize,242,662,2.73553719
Karnataka,KOLAR,2009,Summer,Onion,143,857,5.993006993
Karnataka,KOLAR,2009,Summer,Potato,2513,40325,16.0465579
Karnataka,KOLAR,2009,Summer,Ragi,460,864,1.87826087
Karnataka,KOLAR,2009,Summer,Rice,3264,6465,1.980698529
Karnataka,KOLAR,2009,Summer,Sunflower,5,4,0.8
Karnataka,KOLAR,2009,Whole Year,Banana,568,8145,14.33978873
Karnataka,KOLAR,2009,Whole Year,Cashewnut,883,670,0.758776897
Karnataka,KOLAR,2009,Whole Year,Coconut,1471,10459,7.110129164
Karnataka,KOLAR,2009,Whole Year,Coriander,5,2,0.4
Karnataka,KOLAR,2010,Kharif,Arhar/Tur,4086,7503,1.836270191
Karnataka,KOLAR,2010,Kharif,Castor seed,80,67,0.8375
Karnataka,KOLAR,2010,Kharif,Cowpea(Lobia),1766,2027,1.147791619
Karnataka,KOLAR,2010,Kharif,Dry chillies,501,413,0.824351297
Karnataka,KOLAR,2010,Kharif,Groundnut,11163,10313,0.923855594
Karnataka,KOLAR,2010,Kharif,Horse-gram,127,81,0.637795276
Karnataka,KOLAR,2010,Kharif,Maize,455,1653,3.632967033
Karnataka,KOLAR,2010,Kharif,Niger seed,289,87,0.301038062
Karnataka,KOLAR,2010,Kharif,Onion,180,1124,6.244444444
Karnataka,KOLAR,2010,Kharif,Other Kharif pulses,7764,10282,1.324317362
Karnataka,KOLAR,2010,Kharif,Peas & beans (Pulses),565,4684,8.290265487
Karnataka,KOLAR,2010,Kharif,Ragi,57153,108551,1.899305373
Karnataka,KOLAR,2010,Kharif,Rice,7539,16286,2.160233453
Karnataka,KOLAR,2010,Kharif,Sesamum,86,49,0.569767442
Karnataka,KOLAR,2010,Kharif,Small millets,65,43,0.661538462
Karnataka,KOLAR,2010,Kharif,Sunflower,42,18,0.428571429
Karnataka,KOLAR,2010,Rabi,Cowpea(Lobia),18,5,0.277777778
Karnataka,KOLAR,2010,Rabi,Dry chillies,288,782,2.715277778
Karnataka,KOLAR,2010,Rabi,Gram,26,16,0.615384615
Karnataka,KOLAR,2010,Rabi,Groundnut,15,13,0.866666667
Karnataka,KOLAR,2010,Rabi,Horse-gram,6955,4083,0.587059669
Karnataka,KOLAR,2010,Rabi,Maize,74,218,2.945945946
Karnataka,KOLAR,2010,Rabi,Onion,110,753,6.845454545
Karnataka,KOLAR,2010,Rabi,Peas & beans (Pulses),500,3768,7.536
Karnataka,KOLAR,2010,Rabi,Potato,3083,19770,6.412585144
Karnataka,KOLAR,2010,Rabi,Ragi,81,168,2.074074074
Karnataka,KOLAR,2010,Rabi,Rapeseed &Mustard,327,109,0.333333333
Karnataka,KOLAR,2010,Summer,Dry chillies,745,1166,1.565100671
Karnataka,KOLAR,2010,Summer,Maize,197,670,3.401015228
Karnataka,KOLAR,2010,Summer,Onion,189,2011,10.64021164
Karnataka,KOLAR,2010,Summer,Peas & beans (Pulses),580,5685,9.801724138
Karnataka,KOLAR,2010,Summer,Potato,1275,19603,15.37490196
Karnataka,KOLAR,2010,Summer,Ragi,260,509,1.957692308
Karnataka,KOLAR,2010,Summer,Rice,2040,3397,1.665196078
Karnataka,KOLAR,2010,Summer,Sunflower,4,4,1
Karnataka,KOLAR,2010,Whole Year,Banana,823,10525,12.78857837
Karnataka,KOLAR,2010,Whole Year,Cashewnut,1566,569,0.363346105
Karnataka,KOLAR,2010,Whole Year,Coconut,2805,26814,9.559358289
Karnataka,KOLAR,2010,Whole Year,Coriander,5,2,0.4
Karnataka,KOLAR,2010,Whole Year,Sugarcane,300,29070,96.9
Karnataka,KOLAR,2011,Kharif,Arhar/Tur,3401,5208,1.531314319
Karnataka,KOLAR,2011,Kharif,Castor seed,87,73,0.83908046
Karnataka,KOLAR,2011,Kharif,Cowpea(Lobia),1600,2804,1.7525
Karnataka,KOLAR,2011,Kharif,Dry chillies,503,406,0.807157058
Karnataka,KOLAR,2011,Kharif,Groundnut,10513,14532,1.382288595
Karnataka,KOLAR,2011,Kharif,Horse-gram,135,147,1.088888889
Karnataka,KOLAR,2011,Kharif,Maize,550,1697,3.085454545
Karnataka,KOLAR,2011,Kharif,Niger seed,229,62,0.270742358
Karnataka,KOLAR,2011,Kharif,Onion,197,972,4.934010152
Karnataka,KOLAR,2011,Kharif,Other Kharif pulses,8023,18132,2.260002493
Karnataka,KOLAR,2011,Kharif,Peas & beans (Pulses),510,5961,11.68823529
Karnataka,KOLAR,2011,Kharif,Ragi,60011,118044,1.967039376
Karnataka,KOLAR,2011,Kharif,Rice,5138,10063,1.958544181
Karnataka,KOLAR,2011,Kharif,Sesamum,300,151,0.503333333
Karnataka,KOLAR,2011,Kharif,Small millets,70,51,0.728571429
Karnataka,KOLAR,2011,Kharif,Sunflower,8,3,0.375
Karnataka,KOLAR,2011,Rabi,Cowpea(Lobia),19,7,0.368421053
Karnataka,KOLAR,2011,Rabi,Dry chillies,245,578,2.359183673
Karnataka,KOLAR,2011,Rabi,Gram,28,11,0.392857143
Karnataka,KOLAR,2011,Rabi,Groundnut,15,12,0.8
Karnataka,KOLAR,2011,Rabi,Horse-gram,7206,4943,0.685956148
Karnataka,KOLAR,2011,Rabi,Maize,80,258,3.225
Karnataka,KOLAR,2011,Rabi,Onion,52,414,7.961538462
Karnataka,KOLAR,2011,Rabi,Peas & beans (Pulses),455,3855,8.472527473
Karnataka,KOLAR,2011,Rabi,Potato,3125,37335,11.9472
Karnataka,KOLAR,2011,Rabi,Ragi,77,155,2.012987013
Karnataka,KOLAR,2011,Rabi,Rapeseed &Mustard,339,97,0.286135693
Karnataka,KOLAR,2011,Summer,Dry chillies,300,428,1.426666667
Karnataka,KOLAR,2011,Summer,Maize,209,712,3.406698565
Karnataka,KOLAR,2011,Summer,Onion,80,493,6.1625
Karnataka,KOLAR,2011,Summer,Peas & beans (Pulses),525,5580,10.62857143
Karnataka,KOLAR,2011,Summer,Potato,463,6680,14.42764579
Karnataka,KOLAR,2011,Summer,Ragi,185,356,1.924324324
Karnataka,KOLAR,2011,Summer,Rice,65,221,3.4
Karnataka,KOLAR,2011,Summer,Sunflower,4,4,1
Karnataka,KOLAR,2011,Whole Year,Banana,750,10234,13.64533333
Karnataka,KOLAR,2011,Whole Year,Cashewnut,1566,2223,1.41954023
Karnataka,KOLAR,2011,Whole Year,Coconut,2805,27886,9.941532977
Karnataka,KOLAR,2011,Whole Year,Coriander,5,2,0.4
Karnataka,KOLAR,2011,Whole Year,Sugarcane,70,6384,91.2
Karnataka,KOLAR,2012,Kharif,Arhar/Tur,3829,4420,1.154348394
Karnataka,KOLAR,2012,Kharif,Castor seed,104,65,0.625
Karnataka,KOLAR,2012,Kharif,Cowpea(Lobia),1200,1754,1.461666667
Karnataka,KOLAR,2012,Kharif,Dry chillies,272,249,0.915441176
Karnataka,KOLAR,2012,Kharif,Groundnut,10401,6640,0.638400154
Karnataka,KOLAR,2012,Kharif,Horse-gram,248,204,0.822580645
Karnataka,KOLAR,2012,Kharif,Maize,420,1077,2.564285714
Karnataka,KOLAR,2012,Kharif,Niger seed,164,39,0.237804878
Karnataka,KOLAR,2012,Kharif,Onion,180,956,5.311111111
Karnataka,KOLAR,2012,Kharif,Other Kharif pulses,7152,21382,2.989653244
Karnataka,KOLAR,2012,Kharif,Ragi,57079,137406,2.407295152
Karnataka,KOLAR,2012,Kharif,Rapeseed &Mustard,289,85,0.294117647
Karnataka,KOLAR,2012,Kharif,Rice,3909,8552,2.187771809
Karnataka,KOLAR,2012,Kharif,Sesamum,256,83,0.32421875
Karnataka,KOLAR,2012,Kharif,Small millets,70,34,0.485714286
Karnataka,KOLAR,2012,Rabi,Cowpea(Lobia),14,5,0.357142857
Karnataka,KOLAR,2012,Rabi,Dry chillies,246,672,2.731707317
Karnataka,KOLAR,2012,Rabi,Gram,15,10,0.666666667
Karnataka,KOLAR,2012,Rabi,Horse-gram,7223,3445,0.476948636
Karnataka,KOLAR,2012,Rabi,Maize,77,233,3.025974026
Karnataka,KOLAR,2012,Rabi,Onion,55,360,6.545454545
Karnataka,KOLAR,2012,Rabi,Potato,3055,70043,22.92733224
Karnataka,KOLAR,2012,Rabi,Ragi,76,110,1.447368421
Karnataka,KOLAR,2012,Summer,Dry chillies,275,397,1.443636364
Karnataka,KOLAR,2012,Summer,Groundnut,7,6,0.857142857
Karnataka,KOLAR,2012,Summer,Maize,168,577,3.43452381
Karnataka,KOLAR,2012,Summer,Onion,76,431,5.671052632
Karnataka,KOLAR,2012,Summer,Potato,350,7632,21.80571429
Karnataka,KOLAR,2012,Summer,Ragi,180,270,1.5
Karnataka,KOLAR,2012,Summer,Rice,66,155,2.348484848
Karnataka,KOLAR,2012,Summer,Sunflower,4,4,1
Karnataka,KOLAR,2012,Whole Year,Cashewnut,1515,2151,1.41980198
Karnataka,KOLAR,2012,Whole Year,Coconut,2805,27617,9.845632799
Karnataka,KOLAR,2012,Whole Year,Coriander,5,2,0.4
Karnataka,KOLAR,2012,Whole Year,Sugarcane,95,7942,83.6
Karnataka,KOLAR,2013,Kharif,Arhar/Tur,2506,1895,0.756185156
Karnataka,KOLAR,2013,Kharif,Castor seed,104,93,0.894230769
Karnataka,KOLAR,2013,Kharif,Cowpea(Lobia),1255,941,0.749800797
Karnataka,KOLAR,2013,Kharif,Dry chillies,459,509,1.108932462
Karnataka,KOLAR,2013,Kharif,Groundnut,6733,6914,1.026882519
Karnataka,KOLAR,2013,Kharif,Horse-gram,550,448,0.814545455
Karnataka,KOLAR,2013,Kharif,Maize,420,1331,3.169047619
Karnataka,KOLAR,2013,Kharif,Niger seed,135,30,0.222222222
Karnataka,KOLAR,2013,Kharif,Onion,98,648,6.612244898
Karnataka,KOLAR,2013,Kharif,Other Kharif pulses,6476,4774,0.737183447
Karnataka,KOLAR,2013,Kharif,Ragi,55002,123680,2.248645504
Karnataka,KOLAR,2013,Kharif,Rapeseed &Mustard,214,61,0.285046729
Karnataka,KOLAR,2013,Kharif,Rice,1917,3278,1.709963485
Karnataka,KOLAR,2013,Kharif,Sesamum,239,137,0.573221757
Karnataka,KOLAR,2013,Kharif,Small millets,70,43,0.614285714
Karnataka,KOLAR,2013,Rabi,Cowpea(Lobia),14,6,0.428571429
Karnataka,KOLAR,2013,Rabi,Dry chillies,225,426,1.893333333
Karnataka,KOLAR,2013,Rabi,Gram,14,11,0.785714286
Karnataka,KOLAR,2013,Rabi,Horse-gram,11780,9826,0.834125637
Karnataka,KOLAR,2013,Rabi,Maize,70,214,3.057142857
Karnataka,KOLAR,2013,Rabi,Onion,55,386,7.018181818
Karnataka,KOLAR,2013,Rabi,Potato,3205,58837,18.35787832
Karnataka,KOLAR,2013,Rabi,Ragi,74,108,1.459459459
Karnataka,KOLAR,2013,Summer,Dry chillies,250,664,2.656
Karnataka,KOLAR,2013,Summer,Maize,75,243,3.24
Karnataka,KOLAR,2013,Summer,Onion,70,550,7.857142857
Karnataka,KOLAR,2013,Summer,Potato,340,4777,14.05
Karnataka,KOLAR,2013,Summer,Ragi,60,118,1.966666667
Karnataka,KOLAR,2013,Summer,Rice,60,203,3.383333333
Karnataka,KOLAR,2013,Whole Year,Cashewnut,1425,868,0.609122807
Karnataka,KOLAR,2013,Whole Year,Coconut,2805,22254,7.93368984
Karnataka,KOLAR,2013,Whole Year,Coriander,5,2,0.4
Karnataka,KOLAR,2014,Kharif,Arhar/Tur,4657,4929,1.0584067
Karnataka,KOLAR,2014,Kharif,Castor seed,57,35,0.614035088
Karnataka,KOLAR,2014,Kharif,Cowpea(Lobia),928,785,0.845905172
Karnataka,KOLAR,2014,Kharif,Dry chillies,425,481,1.131764706
Karnataka,KOLAR,2014,Kharif,Groundnut,13160,5663,0.430319149
Karnataka,KOLAR,2014,Kharif,Horse-gram,135,121,0.896296296
Karnataka,KOLAR,2014,Kharif,Maize,439,1374,3.129840547
Karnataka,KOLAR,2014,Kharif,Niger seed,71,19,0.267605634
Karnataka,KOLAR,2014,Kharif,Onion,107,550,5.140186916
Karnataka,KOLAR,2014,Kharif,Other Kharif pulses,5117,7277,1.422122337
Karnataka,KOLAR,2014,Kharif,Ragi,52427,70824,1.350906975
Karnataka,KOLAR,2014,Kharif,Rapeseed &Mustard,161,35,0.217391304
Karnataka,KOLAR,2014,Kharif,Rice,344,873,2.537790698
Karnataka,KOLAR,2014,Kharif,Sesamum,191,98,0.513089005
Karnataka,KOLAR,2014,Kharif,Small millets,70,45,0.642857143
Karnataka,KOLAR,2014,Rabi,Cowpea(Lobia),14,5,0.357142857
Karnataka,KOLAR,2014,Rabi,Dry chillies,223,418,1.874439462
Karnataka,KOLAR,2014,Rabi,Gram,8,6,0.75
Karnataka,KOLAR,2014,Rabi,Horse-gram,9961,6397,0.642204598
Karnataka,KOLAR,2014,Rabi,Maize,35,118,3.371428571
Karnataka,KOLAR,2014,Rabi,Onion,52,345,6.634615385
Karnataka,KOLAR,2014,Rabi,Potato,3024,60070,19.86441799
Karnataka,KOLAR,2014,Rabi,Ragi,43,70,1.627906977
Karnataka,KOLAR,2014,Summer,Dry chillies,179,345,1.927374302
Karnataka,KOLAR,2014,Summer,Maize,55,179,3.254545455
Karnataka,KOLAR,2014,Summer,Onion,64,314,4.90625
Karnataka,KOLAR,2014,Summer,Potato,320,4387,13.709375
Karnataka,KOLAR,2014,Summer,Ragi,21,37,1.761904762
Karnataka,KOLAR,2014,Whole Year,Cashewnut,700,450,0.642857143
Karnataka,KOLAR,2014,Whole Year,Coconut,2566,22899,8.924006235
Karnataka,KOLAR,2014,Whole Year,Coriander,5,2,0.4
Karnataka,KOPPAL,1998,Kharif,Arhar/Tur,13481,2818,0.209034938
Karnataka,KOPPAL,1998,Kharif,Bajra,54118,26932,0.497653276
Karnataka,KOPPAL,1998,Kharif,Castor seed,2437,2375,0.974558884
Karnataka,KOPPAL,1998,Kharif,Cotton(lint),19182,18430,0.96079658
Karnataka,KOPPAL,1998,Kharif,Groundnut,33546,13592,0.405174984
Karnataka,KOPPAL,1998,Kharif,Horse-gram,14113,3674,0.260327358
Karnataka,KOPPAL,1998,Kharif,Jowar,21650,17921,0.827759815
Karnataka,KOPPAL,1998,Kharif,Maize,14984,54206,3.617592098
Karnataka,KOPPAL,1998,Kharif,Moong(Green Gram),5849,1267,0.216618225
Karnataka,KOPPAL,1998,Kharif,Niger seed,1467,192,0.130879346
Karnataka,KOPPAL,1998,Kharif,Onion,416,1884,4.528846154
Karnataka,KOPPAL,1998,Kharif,Rice,35128,119948,3.414598041
Karnataka,KOPPAL,1998,Kharif,Sesamum,16759,2977,0.177635897
Karnataka,KOPPAL,1998,Kharif,Sunflower,18863,3828,0.202936967
Karnataka,KOPPAL,1998,Rabi,Gram,11179,5352,0.478754808
Karnataka,KOPPAL,1998,Rabi,Groundnut,19845,17929,0.903451751
Karnataka,KOPPAL,1998,Rabi,Horse-gram,844,389,0.460900474
Karnataka,KOPPAL,1998,Rabi,Jowar,39997,23824,0.595644673
Karnataka,KOPPAL,1998,Rabi,Linseed,1424,257,0.180477528
Karnataka,KOPPAL,1998,Rabi,Maize,285,583,2.045614035
Karnataka,KOPPAL,1998,Rabi,Onion,15,154,10.26666667
Karnataka,KOPPAL,1998,Rabi,Safflower,7073,3454,0.488335925
Karnataka,KOPPAL,1998,Rabi,Sunflower,20124,5323,0.264510038
Karnataka,KOPPAL,1998,Rabi,Wheat,11287,4097,0.362983964
Karnataka,KOPPAL,1998,Summer,Jowar,1062,2817,2.652542373
Karnataka,KOPPAL,1998,Summer,Maize,395,898,2.273417722
Karnataka,KOPPAL,1998,Summer,Onion,3,35,11.66666667
Karnataka,KOPPAL,1998,Summer,Rice,33719,113461,3.364898129
Karnataka,KOPPAL,1998,Summer,Sunflower,4030,2504,0.62133995
Karnataka,KOPPAL,1998,Whole Year,Coconut,254,1211,4.767716535
Karnataka,KOPPAL,1998,Whole Year,Coriander,413,72,0.17433414
Karnataka,KOPPAL,1998,Whole Year,Dry chillies,156,134,0.858974359
Karnataka,KOPPAL,1999,Kharif,Arhar/Tur,13009,3745,0.287877623
Karnataka,KOPPAL,1999,Kharif,Bajra,50498,28131,0.557071567
Karnataka,KOPPAL,1999,Kharif,Castor seed,1476,1139,0.771680217
Karnataka,KOPPAL,1999,Kharif,Cotton(lint),19037,14362,0.754425592
Karnataka,KOPPAL,1999,Kharif,Groundnut,40810,22826,0.559323695
Karnataka,KOPPAL,1999,Kharif,Horse-gram,10729,2273,0.211855718
Karnataka,KOPPAL,1999,Kharif,Jowar,33803,31105,0.920184599
Karnataka,KOPPAL,1999,Kharif,Maize,10064,28185,2.800576312
Karnataka,KOPPAL,1999,Kharif,Moong(Green Gram),9101,1184,0.130095594
Karnataka,KOPPAL,1999,Kharif,Niger seed,1510,197,0.130463576
Karnataka,KOPPAL,1999,Kharif,Other Kharif pulses,5098,627,0.122989408
Karnataka,KOPPAL,1999,Kharif,Rice,36461,131751,3.613477414
Karnataka,KOPPAL,1999,Kharif,Sesamum,8810,5047,0.572871737
Karnataka,KOPPAL,1999,Kharif,Small millets,5985,1561,0.260818713
Karnataka,KOPPAL,1999,Kharif,Sunflower,15109,6252,0.413793103
Karnataka,KOPPAL,1999,Kharif,Urad,45,15,0.333333333
Karnataka,KOPPAL,1999,Rabi,Gram,9148,3465,0.378771316
Karnataka,KOPPAL,1999,Rabi,Groundnut,20484,19907,0.971831674
Karnataka,KOPPAL,1999,Rabi,Horse-gram,3330,1433,0.43033033
Karnataka,KOPPAL,1999,Rabi,Jowar,49096,32013,0.652049047
Karnataka,KOPPAL,1999,Rabi,Linseed,1470,434,0.295238095
Karnataka,KOPPAL,1999,Rabi,Maize,755,1848,2.447682119
Karnataka,KOPPAL,1999,Rabi,Moong(Green Gram),15,4,0.266666667
Karnataka,KOPPAL,1999,Rabi,Other  Rabi pulses,5215,589,0.112943432
Karnataka,KOPPAL,1999,Rabi,Safflower,5387,4294,0.79710414
Karnataka,KOPPAL,1999,Rabi,Sunflower,19845,5439,0.274074074
Karnataka,KOPPAL,1999,Rabi,Urad,25,9,0.36
Karnataka,KOPPAL,1999,Rabi,Wheat,10564,4909,0.464691405
Karnataka,KOPPAL,1999,Summer,Jowar,741,1703,2.298245614
Karnataka,KOPPAL,1999,Summer,Maize,647,1183,1.828438949
Karnataka,KOPPAL,1999,Summer,Rice,37115,128590,3.464636939
Karnataka,KOPPAL,1999,Summer,Sunflower,4475,2389,0.533854749
Karnataka,KOPPAL,1999,Whole Year,Banana,570,13374,23.46315789
Karnataka,KOPPAL,1999,Whole Year,Coconut,623,2971,4.768860353
Karnataka,KOPPAL,1999,Whole Year,Coriander,355,62,0.174647887
Karnataka,KOPPAL,1999,Whole Year,Dry chillies,519,627,1.208092486
Karnataka,KOPPAL,1999,Whole Year,Onion,1177,8912,7.571792693
Karnataka,KOPPAL,1999,Whole Year,Sugarcane,2194,220936,100.7000912
Karnataka,KOPPAL,1999,Whole Year,Sweet potato,10,74,7.4
Karnataka,KOPPAL,2000,Kharif,Arhar/Tur,12649,4230,0.334413788
Karnataka,KOPPAL,2000,Kharif,Bajra,59035,35279,0.597594647
Karnataka,KOPPAL,2000,Kharif,Castor seed,1966,3076,1.564598169
Karnataka,KOPPAL,2000,Kharif,Cotton(lint),25417,20690,0.814022111
Karnataka,KOPPAL,2000,Kharif,Groundnut,34526,22654,0.656143196
Karnataka,KOPPAL,2000,Kharif,Horse-gram,10295,6445,0.626032054
Karnataka,KOPPAL,2000,Kharif,Jowar,30061,32764,1.089917168
Karnataka,KOPPAL,2000,Kharif,Maize,10493,42904,4.088821119
Karnataka,KOPPAL,2000,Kharif,Moong(Green Gram),9842,6059,0.615626905
Karnataka,KOPPAL,2000,Kharif,Niger seed,1761,230,0.130607609
Karnataka,KOPPAL,2000,Kharif,Other Kharif pulses,5770,709,0.12287695
Karnataka,KOPPAL,2000,Kharif,Rice,37081,124532,3.358377606
Karnataka,KOPPAL,2000,Kharif,Sesamum,8461,3617,0.42749084
Karnataka,KOPPAL,2000,Kharif,Small millets,7581,3810,0.50257222
Karnataka,KOPPAL,2000,Kharif,Sunflower,7888,3938,0.499239351
Karnataka,KOPPAL,2000,Kharif,Urad,53,20,0.377358491
Karnataka,KOPPAL,2000,Rabi,Gram,11735,6517,0.555347252
Karnataka,KOPPAL,2000,Rabi,Groundnut,21225,23430,1.103886926
Karnataka,KOPPAL,2000,Rabi,Horse-gram,1371,663,0.483588621
Karnataka,KOPPAL,2000,Rabi,Jowar,39296,20578,0.523666531
Karnataka,KOPPAL,2000,Rabi,Linseed,1674,617,0.368578256
Karnataka,KOPPAL,2000,Rabi,Maize,942,2373,2.51910828
Karnataka,KOPPAL,2000,Rabi,Other  Rabi pulses,3040,343,0.112828947
Karnataka,KOPPAL,2000,Rabi,Safflower,6708,4901,0.730620155
Karnataka,KOPPAL,2000,Rabi,Sunflower,20169,6181,0.30646041
Karnataka,KOPPAL,2000,Rabi,Urad,129,45,0.348837209
Karnataka,KOPPAL,2000,Rabi,Wheat,11009,5448,0.494867835
Karnataka,KOPPAL,2000,Summer,Jowar,612,1242,2.029411765
Karnataka,KOPPAL,2000,Summer,Maize,294,827,2.81292517
Karnataka,KOPPAL,2000,Summer,Rice,36327,129035,3.552041181
Karnataka,KOPPAL,2000,Summer,Sunflower,4471,2752,0.615522255
Karnataka,KOPPAL,2000,Whole Year,Banana,650,11949,18.38307692
Karnataka,KOPPAL,2000,Whole Year,Coconut,672,3205,4.769345238
Karnataka,KOPPAL,2000,Whole Year,Coriander,463,81,0.174946004
Karnataka,KOPPAL,2000,Whole Year,Dry chillies,715,842,1.177622378
Karnataka,KOPPAL,2000,Whole Year,Onion,939,5726,6.097976571
Karnataka,KOPPAL,2000,Whole Year,Sugarcane,1714,154688,90.24970828
Karnataka,KOPPAL,2001,Kharif,Arhar/Tur,7572,1806,0.238510301
Karnataka,KOPPAL,2001,Kharif,Bajra,38041,15489,0.407165953
Karnataka,KOPPAL,2001,Kharif,Castor seed,1180,444,0.376271186
Karnataka,KOPPAL,2001,Kharif,Cotton(lint),35991,38735,1.076241283
Karnataka,KOPPAL,2001,Kharif,Groundnut,47029,43902,0.933509111
Karnataka,KOPPAL,2001,Kharif,Horse-gram,14561,2656,0.182405055
Karnataka,KOPPAL,2001,Kharif,Jowar,8568,13610,1.588468721
Karnataka,KOPPAL,2001,Kharif,Maize,9936,32259,3.246678744
Karnataka,KOPPAL,2001,Kharif,Moong(Green Gram),3808,488,0.128151261
Karnataka,KOPPAL,2001,Kharif,Niger seed,2095,274,0.130787589
Karnataka,KOPPAL,2001,Kharif,Other Kharif pulses,3955,485,0.122629583
Karnataka,KOPPAL,2001,Kharif,Rice,37599,135034,3.591425304
Karnataka,KOPPAL,2001,Kharif,Sesamum,13671,5143,0.376197791
Karnataka,KOPPAL,2001,Kharif,Small millets,13683,3107,0.227070087
Karnataka,KOPPAL,2001,Kharif,Sunflower,19687,8610,0.43734444
Karnataka,KOPPAL,2001,Kharif,Urad,3,1,0.333333333
Karnataka,KOPPAL,2001,Rabi,Bajra,235,116,0.493617021
Karnataka,KOPPAL,2001,Rabi,Gram,21333,7805,0.365865092
Karnataka,KOPPAL,2001,Rabi,Horse-gram,8324,1313,0.157736665
Karnataka,KOPPAL,2001,Rabi,Jowar,41606,18787,0.45154545
Karnataka,KOPPAL,2001,Rabi,Linseed,1389,586,0.421886249
Karnataka,KOPPAL,2001,Rabi,Maize,617,1520,2.463533225
Karnataka,KOPPAL,2001,Rabi,Other  Rabi pulses,4306,486,0.112865769
Karnataka,KOPPAL,2001,Rabi,Safflower,7564,5957,0.787546272
Karnataka,KOPPAL,2001,Rabi,Sunflower,25441,8532,0.335364176
Karnataka,KOPPAL,2001,Rabi,Wheat,8872,2513,0.283250676
Karnataka,KOPPAL,2001,Summer,Jowar,453,889,1.962472406
Karnataka,KOPPAL,2001,Summer,Maize,128,337,2.6328125
Karnataka,KOPPAL,2001,Summer,Rice,37126,117413,3.162554544
Karnataka,KOPPAL,2001,Summer,Sunflower,6801,5679,0.835024261
Karnataka,KOPPAL,2001,Whole Year,Coconut,1098,5236,4.76867031
Karnataka,KOPPAL,2001,Whole Year,Coriander,170,30,0.176470588
Karnataka,KOPPAL,2001,Whole Year,Dry chillies,521,260,0.499040307
Karnataka,KOPPAL,2001,Whole Year,Onion,598,5212,8.715719064
Karnataka,KOPPAL,2001,Whole Year,Sugarcane,1418,111809,78.84978843
Karnataka,KOPPAL,2002,Kharif,Arhar/Tur,11252,2159,0.191877
Karnataka,KOPPAL,2002,Kharif,Bajra,50604,5960,0.117777251
Karnataka,KOPPAL,2002,Kharif,Castor seed,1238,582,0.470113086
Karnataka,KOPPAL,2002,Kharif,Cotton(lint),4684,4337,0.925918019
Karnataka,KOPPAL,2002,Kharif,Groundnut,30680,10837,0.353226858
Karnataka,KOPPAL,2002,Kharif,Horse-gram,4295,653,0.152037253
Karnataka,KOPPAL,2002,Kharif,Jowar,23368,14414,0.616826429
Karnataka,KOPPAL,2002,Kharif,Maize,9853,21330,2.164822897
Karnataka,KOPPAL,2002,Kharif,Moong(Green Gram),12527,1904,0.151991698
Karnataka,KOPPAL,2002,Kharif,Niger seed,1289,168,0.130333592
Karnataka,KOPPAL,2002,Kharif,Other Kharif pulses,5445,672,0.123415978
Karnataka,KOPPAL,2002,Kharif,Rice,38244,154793,4.047510721
Karnataka,KOPPAL,2002,Kharif,Sesamum,6504,1427,0.219403444
Karnataka,KOPPAL,2002,Kharif,Small millets,2568,173,0.067367601
Karnataka,KOPPAL,2002,Kharif,Sunflower,20409,8667,0.424665589
Karnataka,KOPPAL,2002,Kharif,Urad,106,15,0.141509434
Karnataka,KOPPAL,2002,Rabi,Gram,20762,2515,0.121134765
Karnataka,KOPPAL,2002,Rabi,Groundnut,14398,12721,0.88352549
Karnataka,KOPPAL,2002,Rabi,Horse-gram,3337,694,0.207971232
Karnataka,KOPPAL,2002,Rabi,Jowar,45155,6645,0.147159783
Karnataka,KOPPAL,2002,Rabi,Linseed,2013,618,0.307004471
Karnataka,KOPPAL,2002,Rabi,Maize,934,2387,2.555674518
Karnataka,KOPPAL,2002,Rabi,Moong(Green Gram),436,76,0.174311927
Karnataka,KOPPAL,2002,Rabi,Other  Rabi pulses,2132,241,0.1130394
Karnataka,KOPPAL,2002,Rabi,Rice,8,13,1.625
Karnataka,KOPPAL,2002,Rabi,Safflower,6390,2143,0.335367762
Karnataka,KOPPAL,2002,Rabi,Sunflower,39605,5729,0.144653453
Karnataka,KOPPAL,2002,Rabi,Urad,970,114,0.117525773
Karnataka,KOPPAL,2002,Rabi,Wheat,12264,1899,0.154843444
Karnataka,KOPPAL,2002,Summer,Bajra,65,59,0.907692308
Karnataka,KOPPAL,2002,Summer,Jowar,608,1005,1.652960526
Karnataka,KOPPAL,2002,Summer,Maize,699,1786,2.555078684
Karnataka,KOPPAL,2002,Summer,Rice,4185,13687,3.270489845
Karnataka,KOPPAL,2002,Summer,Sunflower,8102,4711,0.581461368
Karnataka,KOPPAL,2002,Whole Year,Banana,497,8510,17.12273642
Karnataka,KOPPAL,2002,Whole Year,Brinjal,261,752,2.881226054
Karnataka,KOPPAL,2002,Whole Year,Citrus Fruit,75,1301,17.34666667
Karnataka,KOPPAL,2002,Whole Year,Coconut,492,2346,4.768292683
Karnataka,KOPPAL,2002,Whole Year,Coriander,150,26,0.173333333
Karnataka,KOPPAL,2002,Whole Year,Dry chillies,515,251,0.487378641
Karnataka,KOPPAL,2002,Whole Year,Grapes,19,565,29.73684211
Karnataka,KOPPAL,2002,Whole Year,Mango,416,2165,5.204326923
Karnataka,KOPPAL,2002,Whole Year,Onion,488,3461,7.092213115
Karnataka,KOPPAL,2002,Whole Year,Other Fresh Fruits,109,243,2.229357798
Karnataka,KOPPAL,2002,Whole Year,Papaya,15,33,2.2
Karnataka,KOPPAL,2002,Whole Year,Pome Fruit,34,208,6.117647059
Karnataka,KOPPAL,2002,Whole Year,Sugarcane,668,41884,62.7005988
Karnataka,KOPPAL,2002,Whole Year,Tomato,335,1913,5.710447761
Karnataka,KOPPAL,2003,Kharif,Arhar/Tur,11083,1727,0.155824235
Karnataka,KOPPAL,2003,Kharif,Bajra,76296,48590,0.636861697
Karnataka,KOPPAL,2003,Kharif,Castor seed,1430,1027,0.718181818
Karnataka,KOPPAL,2003,Kharif,Cotton(lint),12569,5093,0.405203278
Karnataka,KOPPAL,2003,Kharif,Groundnut,26530,13614,0.513154919
Karnataka,KOPPAL,2003,Kharif,Horse-gram,10418,3563,0.342004223
Karnataka,KOPPAL,2003,Kharif,Jowar,8981,6022,0.670526667
Karnataka,KOPPAL,2003,Kharif,Maize,14670,36123,2.462372188
Karnataka,KOPPAL,2003,Kharif,Moong(Green Gram),5256,729,0.13869863
Karnataka,KOPPAL,2003,Kharif,Niger seed,1130,148,0.130973451
Karnataka,KOPPAL,2003,Kharif,Other Kharif pulses,2563,315,0.122902848
Karnataka,KOPPAL,2003,Kharif,Rice,37303,153179,4.106345334
Karnataka,KOPPAL,2003,Kharif,Sesamum,10867,5131,0.472163431
Karnataka,KOPPAL,2003,Kharif,Small millets,7487,9887,1.32055563
Karnataka,KOPPAL,2003,Kharif,Sunflower,27093,10489,0.387147972
Karnataka,KOPPAL,2003,Kharif,Urad,34,9,0.264705882
Karnataka,KOPPAL,2003,Rabi,Gram,17881,1696,0.094849281
Karnataka,KOPPAL,2003,Rabi,Groundnut,16907,15082,0.892056545
Karnataka,KOPPAL,2003,Rabi,Horse-gram,462,43,0.093073593
Karnataka,KOPPAL,2003,Rabi,Jowar,44476,6741,0.151564889
Karnataka,KOPPAL,2003,Rabi,Linseed,1784,139,0.077914798
Karnataka,KOPPAL,2003,Rabi,Maize,414,908,2.193236715
Karnataka,KOPPAL,2003,Rabi,Moong(Green Gram),41,12,0.292682927
Karnataka,KOPPAL,2003,Rabi,Other  Rabi pulses,1468,166,0.113079019
Karnataka,KOPPAL,2003,Rabi,Safflower,7480,1720,0.229946524
Karnataka,KOPPAL,2003,Rabi,Sunflower,48159,6843,0.142091821
Karnataka,KOPPAL,2003,Rabi,Urad,194,102,0.525773196
Karnataka,KOPPAL,2003,Rabi,Wheat,8578,920,0.107251107
Karnataka,KOPPAL,2003,Summer,Bajra,2,2,1
Karnataka,KOPPAL,2003,Summer,Jowar,439,1168,2.660592255
Karnataka,KOPPAL,2003,Summer,Maize,550,1385,2.518181818
Karnataka,KOPPAL,2003,Summer,Rice,5930,26966,4.547386172
Karnataka,KOPPAL,2003,Summer,Sunflower,7073,2862,0.404637353
Karnataka,KOPPAL,2003,Whole Year,Banana,363,271,0.746556474
Karnataka,KOPPAL,2003,Whole Year,Brinjal,119,437,3.672268908
Karnataka,KOPPAL,2003,Whole Year,Citrus Fruit,82,1297,15.81707317
Karnataka,KOPPAL,2003,Whole Year,Coconut,204,973,4.769607843
Karnataka,KOPPAL,2003,Whole Year,Coriander,388,68,0.175257732
Karnataka,KOPPAL,2003,Whole Year,Dry chillies,1574,2575,1.635959339
Karnataka,KOPPAL,2003,Whole Year,Grapes,40,1320,33
Karnataka,KOPPAL,2003,Whole Year,Mango,1246,5490,4.406099518
Karnataka,KOPPAL,2003,Whole Year,Onion,593,4323,7.29005059
Karnataka,KOPPAL,2003,Whole Year,Other Fresh Fruits,69,118,1.710144928
Karnataka,KOPPAL,2003,Whole Year,Pome Fruit,21,39,1.857142857
Karnataka,KOPPAL,2003,Whole Year,Tomato,629,2444,3.885532591
Karnataka,KOPPAL,2004,Kharif,Arhar/Tur,11807,2490,0.210891844
Karnataka,KOPPAL,2004,Kharif,Bajra,73307,33517,0.457214181
Karnataka,KOPPAL,2004,Kharif,Castor seed,1392,581,0.417385057
Karnataka,KOPPAL,2004,Kharif,Cotton(lint),29156,26932,0.923720675
Karnataka,KOPPAL,2004,Kharif,Groundnut,25682,13677,0.532551982
Karnataka,KOPPAL,2004,Kharif,Horse-gram,11050,3265,0.295475113
Karnataka,KOPPAL,2004,Kharif,Jowar,24020,17851,0.743172356
Karnataka,KOPPAL,2004,Kharif,Maize,15929,43116,2.706761253
Karnataka,KOPPAL,2004,Kharif,Moong(Green Gram),19516,1316,0.067431851
Karnataka,KOPPAL,2004,Kharif,Niger seed,1452,190,0.130853994
Karnataka,KOPPAL,2004,Kharif,Other Kharif pulses,4758,578,0.121479613
Karnataka,KOPPAL,2004,Kharif,Rice,40357,125369.02,3.106499988
Karnataka,KOPPAL,2004,Kharif,Sesamum,14641,5244,0.358172256
Karnataka,KOPPAL,2004,Kharif,Small millets,7425,1446,0.194747475
Karnataka,KOPPAL,2004,Kharif,Sunflower,40378,15821,0.391822279
Karnataka,KOPPAL,2004,Rabi,Gram,4117,3723,0.904299247
Karnataka,KOPPAL,2004,Rabi,Groundnut,16148,8821,0.546259599
Karnataka,KOPPAL,2004,Rabi,Horse-gram,1404,261,0.185897436
Karnataka,KOPPAL,2004,Rabi,Jowar,36252,13485,0.371979477
Karnataka,KOPPAL,2004,Rabi,Linseed,2070,376,0.181642512
Karnataka,KOPPAL,2004,Rabi,Maize,437,1323,3.027459954
Karnataka,KOPPAL,2004,Rabi,Moong(Green Gram),70,17,0.242857143
Karnataka,KOPPAL,2004,Rabi,Other  Rabi pulses,1461,165,0.112936345
Karnataka,KOPPAL,2004,Rabi,Rapeseed &Mustard,175,49,0.28
Karnataka,KOPPAL,2004,Rabi,Safflower,7295,2772,0.379986292
Karnataka,KOPPAL,2004,Rabi,Sunflower,42462,12243,0.288328388
Karnataka,KOPPAL,2004,Rabi,Urad,80,28,0.35
Karnataka,KOPPAL,2004,Rabi,Wheat,9762,4371,0.447756607
Karnataka,KOPPAL,2004,Summer,Jowar,3657,2904,0.794093519
Karnataka,KOPPAL,2004,Summer,Maize,217,664,3.059907834
Karnataka,KOPPAL,2004,Summer,Rice,22100,114229,5.168733032
Karnataka,KOPPAL,2004,Summer,Sunflower,10667,6779,0.63551139
Karnataka,KOPPAL,2004,Whole Year,Banana,3657,12445,3.40306262
Karnataka,KOPPAL,2004,Whole Year,Coconut,344,16570.48,48.17
Karnataka,KOPPAL,2004,Whole Year,Coriander,824,144,0.174757282
Karnataka,KOPPAL,2004,Whole Year,Dry chillies,561,550,0.980392157
Karnataka,KOPPAL,2004,Whole Year,Onion,960,7733,8.055208333
Karnataka,KOPPAL,2004,Whole Year,Potato,3,50,16.66666667
Karnataka,KOPPAL,2005,Kharif,Arhar/Tur,12798,5860,0.457884044
Karnataka,KOPPAL,2005,Kharif,Bajra,94687,101389,1.070780572
Karnataka,KOPPAL,2005,Kharif,Castor seed,1532,2225,1.452349869
Karnataka,KOPPAL,2005,Kharif,Dry chillies,500,364,0.728
Karnataka,KOPPAL,2005,Kharif,Groundnut,29315,14847,0.506464267
Karnataka,KOPPAL,2005,Kharif,Horse-gram,9489,3516,0.370534303
Karnataka,KOPPAL,2005,Kharif,Jowar,16182,22990,1.420714374
Karnataka,KOPPAL,2005,Kharif,Maize,14497,30297,2.089880665
Karnataka,KOPPAL,2005,Kharif,Moong(Green Gram),18108,13590,0.750497018
Karnataka,KOPPAL,2005,Kharif,Niger seed,1667,218,0.130773845
Karnataka,KOPPAL,2005,Kharif,Onion,675,3761,5.571851852
Karnataka,KOPPAL,2005,Kharif,Other Kharif pulses,3346,405,0.121040048
Karnataka,KOPPAL,2005,Kharif,Peas & beans (Pulses),238,1455,6.113445378
Karnataka,KOPPAL,2005,Kharif,Rice,41650,134083,3.219279712
Karnataka,KOPPAL,2005,Kharif,Sesamum,13848,11827,0.854058348
Karnataka,KOPPAL,2005,Kharif,Small millets,6980,2235,0.320200573
Karnataka,KOPPAL,2005,Kharif,Sunflower,45323,18648,0.411446727
Karnataka,KOPPAL,2005,Rabi,Dry chillies,167,271,1.622754491
Karnataka,KOPPAL,2005,Rabi,Gram,16611,6486,0.39046415
Karnataka,KOPPAL,2005,Rabi,Groundnut,15624,10553,0.675435228
Karnataka,KOPPAL,2005,Rabi,Horse-gram,473,135,0.285412262
Karnataka,KOPPAL,2005,Rabi,Jowar,34012,19205,0.564653652
Karnataka,KOPPAL,2005,Rabi,Linseed,1724,599,0.347447796
Karnataka,KOPPAL,2005,Rabi,Maize,1420,5075,3.573943662
Karnataka,KOPPAL,2005,Rabi,Onion,690,7153,10.36666667
Karnataka,KOPPAL,2005,Rabi,Other  Rabi pulses,1249,141,0.112890312
Karnataka,KOPPAL,2005,Rabi,Safflower,5660,2468,0.436042403
Karnataka,KOPPAL,2005,Rabi,Sunflower,62097,22727,0.365991916
Karnataka,KOPPAL,2005,Rabi,Wheat,7681,3445,0.448509309
Karnataka,KOPPAL,2005,Summer,Dry chillies,240,633,2.6375
Karnataka,KOPPAL,2005,Summer,Jowar,126,138,1.095238095
Karnataka,KOPPAL,2005,Summer,Maize,415,887,2.137349398
Karnataka,KOPPAL,2005,Summer,Onion,229,3916,17.10043668
Karnataka,KOPPAL,2005,Summer,Peas & beans (Pulses),80,405,5.0625
Karnataka,KOPPAL,2005,Summer,Rice,37213,135541,3.642302421
Karnataka,KOPPAL,2005,Summer,Sunflower,5744,4065,0.707694986
Karnataka,KOPPAL,2005,Whole Year,Banana,376,4119,10.95478723
Karnataka,KOPPAL,2005,Whole Year,Coconut,980,4673,4.768367347
Karnataka,KOPPAL,2005,Whole Year,Coriander,812,141,0.17364532
Karnataka,KOPPAL,2005,Whole Year,Cotton(lint),11560,4788,0.414186851
Karnataka,KOPPAL,2005,Whole Year,Mesta,40,51,1.275
Karnataka,KOPPAL,2005,Whole Year,Sannhamp,86,19,0.220930233
Karnataka,KOPPAL,2005,Whole Year,Turmeric,6,32,5.333333333
Karnataka,KOPPAL,2006,Kharif,Arhar/Tur,10810,2003,0.185291397
Karnataka,KOPPAL,2006,Kharif,Bajra,69097,16612,0.240415648
Karnataka,KOPPAL,2006,Kharif,Castor seed,1278,1958,1.532081377
Karnataka,KOPPAL,2006,Kharif,Gram,4,1,0.25
Karnataka,KOPPAL,2006,Kharif,Groundnut,19135,2786,0.145597073
Karnataka,KOPPAL,2006,Kharif,Horse-gram,4958,480,0.096813231
Karnataka,KOPPAL,2006,Kharif,Jowar,15937,10329,0.648114451
Karnataka,KOPPAL,2006,Kharif,Maize,15344,26306,1.714416058
Karnataka,KOPPAL,2006,Kharif,Moong(Green Gram),14479,619,0.042751571
Karnataka,KOPPAL,2006,Kharif,Niger seed,1406,184,0.13086771
Karnataka,KOPPAL,2006,Kharif,Other Kharif pulses,3471,808,0.232785941
Karnataka,KOPPAL,2006,Kharif,Rice,39882,141720,3.553482774
Karnataka,KOPPAL,2006,Kharif,Sesamum,7724,2084,0.269808389
Karnataka,KOPPAL,2006,Kharif,Small millets,3147,466,0.148077534
Karnataka,KOPPAL,2006,Kharif,Sunflower,62202,10211,0.164158709
Karnataka,KOPPAL,2006,Kharif,Urad,4,1,0.25
Karnataka,KOPPAL,2006,Rabi,Gram,17526,2288,0.130548899
Karnataka,KOPPAL,2006,Rabi,Groundnut,13175,8198,0.622239089
Karnataka,KOPPAL,2006,Rabi,Horse-gram,1317,249,0.189066059
Karnataka,KOPPAL,2006,Rabi,Jowar,32385,3232,0.09979929
Karnataka,KOPPAL,2006,Rabi,Linseed,1406,151,0.107396871
Karnataka,KOPPAL,2006,Rabi,Maize,1928,5115,2.653008299
Karnataka,KOPPAL,2006,Rabi,Other  Rabi pulses,1815,431,0.237465565
Karnataka,KOPPAL,2006,Rabi,Safflower,4231,1021,0.24131411
Karnataka,KOPPAL,2006,Rabi,Sunflower,33711,3599,0.106760405
Karnataka,KOPPAL,2006,Rabi,Urad,75,39,0.52
Karnataka,KOPPAL,2006,Rabi,Wheat,4923,764,0.155189925
Karnataka,KOPPAL,2006,Summer,Jowar,285,298,1.045614035
Karnataka,KOPPAL,2006,Summer,Maize,256,820,3.203125
Karnataka,KOPPAL,2006,Summer,Rice,36314,98424,2.710359641
Karnataka,KOPPAL,2006,Summer,Sunflower,6229,3349,0.537646492
Karnataka,KOPPAL,2006,Whole Year,Banana,368,15238,41.4076087
Karnataka,KOPPAL,2006,Whole Year,Coconut,628,2995,4.76910828
Karnataka,KOPPAL,2006,Whole Year,Cotton(lint),3779,1940,0.513363324
Karnataka,KOPPAL,2006,Whole Year,Dry chillies,840,1664,1.980952381
Karnataka,KOPPAL,2006,Whole Year,Onion,1028,6512,6.33463035
Karnataka,KOPPAL,2007,Kharif,Arhar/Tur,9449,5081,0.53772886
Karnataka,KOPPAL,2007,Kharif,Bajra,72360,61349,0.847830293
Karnataka,KOPPAL,2007,Kharif,Castor seed,1112,637,0.572841727
Karnataka,KOPPAL,2007,Kharif,Dry chillies,712,641,0.900280899
Karnataka,KOPPAL,2007,Kharif,Groundnut,18185,11649,0.640582898
Karnataka,KOPPAL,2007,Kharif,Horse-gram,6741,2184,0.323987539
Karnataka,KOPPAL,2007,Kharif,Jowar,23805,26647,1.119386683
Karnataka,KOPPAL,2007,Kharif,Maize,24263,70315,2.898034044
Karnataka,KOPPAL,2007,Kharif,Moong(Green Gram),31503,4489,0.142494366
Karnataka,KOPPAL,2007,Kharif,Niger seed,1374,182,0.132459971
Karnataka,KOPPAL,2007,Kharif,Onion,3257,19416,5.961314093
Karnataka,KOPPAL,2007,Kharif,Other Kharif pulses,4089,1558,0.381022255
Karnataka,KOPPAL,2007,Kharif,Rice,38476,145069,3.770376338
Karnataka,KOPPAL,2007,Kharif,Sesamum,12029,5291,0.439853687
Karnataka,KOPPAL,2007,Kharif,Small millets,5207,1970,0.378336854
Karnataka,KOPPAL,2007,Kharif,Sunflower,45873,18176,0.396224359
Karnataka,KOPPAL,2007,Kharif,Urad,5,5,1
Karnataka,KOPPAL,2007,Rabi,Dry chillies,533,930,1.744840525
Karnataka,KOPPAL,2007,Rabi,Gram,17926,9311,0.519413143
Karnataka,KOPPAL,2007,Rabi,Groundnut,13716,11844,0.86351706
Karnataka,KOPPAL,2007,Rabi,Horse-gram,2413,656,0.271860754
Karnataka,KOPPAL,2007,Rabi,Jowar,44010,50603,1.149806862
Karnataka,KOPPAL,2007,Rabi,Linseed,1473,469,0.318397828
Karnataka,KOPPAL,2007,Rabi,Maize,2365,7582,3.205919662
Karnataka,KOPPAL,2007,Rabi,Onion,2317,19509,8.419939577
Karnataka,KOPPAL,2007,Rabi,Other  Rabi pulses,1751,432,0.246716162
Karnataka,KOPPAL,2007,Rabi,Safflower,6801,4161,0.611821791
Karnataka,KOPPAL,2007,Rabi,Sunflower,40024,10300,0.257345593
Karnataka,KOPPAL,2007,Rabi,Urad,100,39,0.39
Karnataka,KOPPAL,2007,Rabi,Wheat,8876,4599,0.518138801
Karnataka,KOPPAL,2007,Summer,Dry chillies,203,687,3.384236453
Karnataka,KOPPAL,2007,Summer,Jowar,382,899,2.353403141
Karnataka,KOPPAL,2007,Summer,Maize,544,1756,3.227941176
Karnataka,KOPPAL,2007,Summer,Onion,375,3168,8.448
Karnataka,KOPPAL,2007,Summer,Rice,36714,136130,3.707849867
Karnataka,KOPPAL,2007,Summer,Sunflower,8670,7298,0.841753172
Karnataka,KOPPAL,2007,Whole Year,Banana,870,37339,42.9183908
Karnataka,KOPPAL,2007,Whole Year,Coconut,585,2979,5.092307692
Karnataka,KOPPAL,2007,Whole Year,Coriander,174,61,0.350574713
Karnataka,KOPPAL,2007,Whole Year,Cotton(lint),12819,9164,0.714876355
Karnataka,KOPPAL,2007,Whole Year,Sugarcane,916,77448,84.55021834
Karnataka,KOPPAL,2008,Kharif,Arhar/Tur,9479,4151,0.437915392
Karnataka,KOPPAL,2008,Kharif,Bajra,64697,35840,0.553966954
Karnataka,KOPPAL,2008,Kharif,Castor seed,1206,1028,0.852404643
Karnataka,KOPPAL,2008,Kharif,Dry chillies,730,678,0.928767123
Karnataka,KOPPAL,2008,Kharif,Groundnut,23118,12154,0.525737521
Karnataka,KOPPAL,2008,Kharif,Horse-gram,5417,1441,0.266014399
Karnataka,KOPPAL,2008,Kharif,Jowar,11105,10755,0.968482665
Karnataka,KOPPAL,2008,Kharif,Maize,23591,64894,2.750794795
Karnataka,KOPPAL,2008,Kharif,Moong(Green Gram),13398,2317,0.172936259
Karnataka,KOPPAL,2008,Kharif,Niger seed,690,236,0.342028986
Karnataka,KOPPAL,2008,Kharif,Onion,919,3477,3.783460283
Karnataka,KOPPAL,2008,Kharif,Other Kharif pulses,3165,2610,0.82464455
Karnataka,KOPPAL,2008,Kharif,Rice,40332,149430.06,3.705
Karnataka,KOPPAL,2008,Kharif,Sesamum,4741,2247,0.473950643
Karnataka,KOPPAL,2008,Kharif,Sunflower,41009,14360,0.350167037
Karnataka,KOPPAL,2008,Kharif,Urad,20,5,0.25
Karnataka,KOPPAL,2008,Rabi,Dry chillies,738,1251,1.695121951
Karnataka,KOPPAL,2008,Rabi,Gram,24391,9162,0.375630355
Karnataka,KOPPAL,2008,Rabi,Groundnut,18791,13424,0.714384546
Karnataka,KOPPAL,2008,Rabi,Horse-gram,5431,1171,0.215614067
Karnataka,KOPPAL,2008,Rabi,Jowar,45576,26763,0.587216956
Karnataka,KOPPAL,2008,Rabi,Linseed,1546,548,0.354463131
Karnataka,KOPPAL,2008,Rabi,Maize,3263,8790,2.693840025
Karnataka,KOPPAL,2008,Rabi,Onion,925,6177,6.677837838
Karnataka,KOPPAL,2008,Rabi,Other  Rabi pulses,2355,765,0.324840764
Karnataka,KOPPAL,2008,Rabi,Safflower,3771,1974,0.523468576
Karnataka,KOPPAL,2008,Rabi,Sunflower,42604,9216,0.216317717
Karnataka,KOPPAL,2008,Rabi,Urad,121,53,0.438016529
Karnataka,KOPPAL,2008,Rabi,Wheat,8193,3785,0.461979739
Karnataka,KOPPAL,2008,Summer,Dry chillies,166,545,3.28313253
Karnataka,KOPPAL,2008,Summer,Jowar,622,769,1.236334405
Karnataka,KOPPAL,2008,Summer,Maize,636,1839,2.891509434
Karnataka,KOPPAL,2008,Summer,Onion,189,806,4.264550265
Karnataka,KOPPAL,2008,Summer,Rice,34891,114654,3.286062308
Karnataka,KOPPAL,2008,Summer,Sunflower,7565,5052,0.667812293
Karnataka,KOPPAL,2008,Whole Year,Banana,1281,23577,18.40515222
Karnataka,KOPPAL,2008,Whole Year,Coconut,595,4076,6.850420168
Karnataka,KOPPAL,2008,Whole Year,Coriander,452,244,0.539823009
Karnataka,KOPPAL,2008,Whole Year,Cotton(lint),10878,15302,1.406692407
Karnataka,KOPPAL,2008,Whole Year,Sugarcane,417,36050,86.45083933
Karnataka,KOPPAL,2009,Kharif,Arhar/Tur,11005,2415,0.219445706
Karnataka,KOPPAL,2009,Kharif,Bajra,56210,18512,0.329336417
Karnataka,KOPPAL,2009,Kharif,Castor seed,1513,614,0.405816259
Karnataka,KOPPAL,2009,Kharif,Gram,6518,1319,0.202362688
Karnataka,KOPPAL,2009,Kharif,Groundnut,22986,7712,0.33550857
Karnataka,KOPPAL,2009,Kharif,Horse-gram,6518,1319,0.202362688
Karnataka,KOPPAL,2009,Kharif,Jowar,12583,8992,0.714614957
Karnataka,KOPPAL,2009,Kharif,Maize,34283,44074,1.285593443
Karnataka,KOPPAL,2009,Kharif,Moong(Green Gram),10235,885,0.086468002
Karnataka,KOPPAL,2009,Kharif,Niger seed,1590,491,0.308805031
Karnataka,KOPPAL,2009,Kharif,Onion,843,2977,3.53143535
Karnataka,KOPPAL,2009,Kharif,Other Kharif pulses,5160,2650,0.513565891
Karnataka,KOPPAL,2009,Kharif,Rice,37107,114920.38,3.097000027
Karnataka,KOPPAL,2009,Kharif,Sesamum,9123,1508,0.165296503
Karnataka,KOPPAL,2009,Kharif,Small millets,3472,643,0.185195853
Karnataka,KOPPAL,2009,Kharif,Sunflower,35390,7901,0.223255157
Karnataka,KOPPAL,2009,Kharif,Urad,20,2,0.1
Karnataka,KOPPAL,2009,Rabi,Dry chillies,767,2573,3.354628422
Karnataka,KOPPAL,2009,Rabi,Gram,4576,843,0.184222028
Karnataka,KOPPAL,2009,Rabi,Groundnut,25107,18032,0.718206078
Karnataka,KOPPAL,2009,Rabi,Horse-gram,4576,843,0.184222028
Karnataka,KOPPAL,2009,Rabi,Jowar,43766,22063,0.504112782
Karnataka,KOPPAL,2009,Rabi,Linseed,1952,571,0.292520492
Karnataka,KOPPAL,2009,Rabi,Maize,4604,10475,2.275195482
Karnataka,KOPPAL,2009,Rabi,Onion,1014,5723,5.643984221
Karnataka,KOPPAL,2009,Rabi,Other  Rabi pulses,3241,874,0.269669855
Karnataka,KOPPAL,2009,Rabi,Safflower,4326,1763,0.40753583
Karnataka,KOPPAL,2009,Rabi,Sunflower,45771,9192,0.20082585
Karnataka,KOPPAL,2009,Rabi,Urad,274,107,0.390510949
Karnataka,KOPPAL,2009,Rabi,Wheat,11267,5324,0.472530399
Karnataka,KOPPAL,2009,Summer,Dry chillies,158,728,4.607594937
Karnataka,KOPPAL,2009,Summer,Jowar,1527,1693,1.108709889
Karnataka,KOPPAL,2009,Summer,Maize,2169,7222,3.329644998
Karnataka,KOPPAL,2009,Summer,Onion,201,1534,7.631840796
Karnataka,KOPPAL,2009,Summer,Rice,36848,130501,3.541603343
Karnataka,KOPPAL,2009,Summer,Sunflower,2273,1885,0.829300484
Karnataka,KOPPAL,2009,Whole Year,Banana,1183,50410,42.61200338
Karnataka,KOPPAL,2009,Whole Year,Coconut,618,4394,7.110032362
Karnataka,KOPPAL,2009,Whole Year,Cotton(lint),17514,7430,0.424232043
Karnataka,KOPPAL,2009,Whole Year,Sugarcane,334,32047,95.9491018
Karnataka,KOPPAL,2010,Kharif,Arhar/Tur,12677,5757,0.454129526
Karnataka,KOPPAL,2010,Kharif,Bajra,66897,82512,1.233418539
Karnataka,KOPPAL,2010,Kharif,Castor seed,922,1359,1.473969631
Karnataka,KOPPAL,2010,Kharif,Cotton(lint),2575,5108,1.98368932
Karnataka,KOPPAL,2010,Kharif,Cowpea(Lobia),3541,3021,0.853148828
Karnataka,KOPPAL,2010,Kharif,Dry chillies,770,1997,2.593506494
Karnataka,KOPPAL,2010,Kharif,Groundnut,22818,18681,0.818695767
Karnataka,KOPPAL,2010,Kharif,Horse-gram,5462,1904,0.34859026
Karnataka,KOPPAL,2010,Kharif,Jowar,11143,18498,1.66005564
Karnataka,KOPPAL,2010,Kharif,Maize,39768,109285,2.74806377
Karnataka,KOPPAL,2010,Kharif,Moong(Green Gram),12049,2232,0.185243589
Karnataka,KOPPAL,2010,Kharif,Niger seed,1320,350,0.265151515
Karnataka,KOPPAL,2010,Kharif,Onion,948,5306,5.597046414
Karnataka,KOPPAL,2010,Kharif,Other Kharif pulses,2170,749,0.34516129
Karnataka,KOPPAL,2010,Kharif,Rice,41275,170981,4.142483343
Karnataka,KOPPAL,2010,Kharif,Sesamum,7077,3812,0.538646319
Karnataka,KOPPAL,2010,Kharif,Small millets,2885,1307,0.453032929
Karnataka,KOPPAL,2010,Kharif,Sunflower,18208,9291,0.510270211
Karnataka,KOPPAL,2010,Kharif,Urad,12,4,0.333333333
Karnataka,KOPPAL,2010,Rabi,Cotton(lint),18792,23661,1.259099617
Karnataka,KOPPAL,2010,Rabi,Cowpea(Lobia),3751,991,0.264196214
Karnataka,KOPPAL,2010,Rabi,Dry chillies,760,3430,4.513157895
Karnataka,KOPPAL,2010,Rabi,Gram,41074,25045,0.609753128
Karnataka,KOPPAL,2010,Rabi,Groundnut,24183,22836,0.944299715
Karnataka,KOPPAL,2010,Rabi,Horse-gram,5285,2771,0.524314096
Karnataka,KOPPAL,2010,Rabi,Jowar,48522,32396,0.667655909
Karnataka,KOPPAL,2010,Rabi,Linseed,1660,489,0.294578313
Karnataka,KOPPAL,2010,Rabi,Maize,5985,18457,3.083876358
Karnataka,KOPPAL,2010,Rabi,Onion,982,5578,5.680244399
Karnataka,KOPPAL,2010,Rabi,Safflower,4675,3700,0.79144385
Karnataka,KOPPAL,2010,Rabi,Sunflower,18185,7119,0.391476492
Karnataka,KOPPAL,2010,Rabi,Urad,239,112,0.468619247
Karnataka,KOPPAL,2010,Rabi,Wheat,9156,5958,0.650720839
Karnataka,KOPPAL,2010,Summer,Dry chillies,166,505,3.042168675
Karnataka,KOPPAL,2010,Summer,Jowar,1413,1756,1.242745931
Karnataka,KOPPAL,2010,Summer,Maize,2434,8706,3.576828266
Karnataka,KOPPAL,2010,Summer,Onion,242,2575,10.64049587
Karnataka,KOPPAL,2010,Summer,Rice,36859,152810,4.145798855
Karnataka,KOPPAL,2010,Summer,Sunflower,3558,4009,1.126756605
Karnataka,KOPPAL,2010,Whole Year,Banana,1279,75163,58.76700547
Karnataka,KOPPAL,2010,Whole Year,Coconut,629,6013,9.559618442
Karnataka,KOPPAL,2010,Whole Year,Sugarcane,403,39051,96.90074442
Karnataka,KOPPAL,2011,Kharif,Arhar/Tur,10684,3136,0.293523025
Karnataka,KOPPAL,2011,Kharif,Bajra,65874,75586,1.147432978
Karnataka,KOPPAL,2011,Kharif,Castor seed,717,1008,1.405857741
Karnataka,KOPPAL,2011,Kharif,Cotton(lint),4252,10621,2.497883349
Karnataka,KOPPAL,2011,Kharif,Cowpea(Lobia),1795,694,0.386629526
Karnataka,KOPPAL,2011,Kharif,Dry chillies,774,625,0.80749354
Karnataka,KOPPAL,2011,Kharif,Groundnut,18007,15435,0.857166657
Karnataka,KOPPAL,2011,Kharif,Horse-gram,2072,435,0.209942085
Karnataka,KOPPAL,2011,Kharif,Jowar,7293,9105,1.248457425
Karnataka,KOPPAL,2011,Kharif,Maize,46264,127395,2.753652948
Karnataka,KOPPAL,2011,Kharif,Moong(Green Gram),17867,3072,0.171937091
Karnataka,KOPPAL,2011,Kharif,Niger seed,808,208,0.257425743
Karnataka,KOPPAL,2011,Kharif,Onion,3821,14861,3.889295996
Karnataka,KOPPAL,2011,Kharif,Other Kharif pulses,2034,634,0.311701082
Karnataka,KOPPAL,2011,Kharif,Rice,42421,161960,3.81792037
Karnataka,KOPPAL,2011,Kharif,Sesamum,5245,2322,0.44270734
Karnataka,KOPPAL,2011,Kharif,Small millets,2759,1035,0.375135919
Karnataka,KOPPAL,2011,Kharif,Sunflower,22484,11655,0.518368618
Karnataka,KOPPAL,2011,Kharif,Urad,8,3,0.375
Karnataka,KOPPAL,2011,Rabi,Cotton(lint),6910,3128,0.452677279
Karnataka,KOPPAL,2011,Rabi,Cowpea(Lobia),2106,744,0.353276353
Karnataka,KOPPAL,2011,Rabi,Dry chillies,650,1659,2.552307692
Karnataka,KOPPAL,2011,Rabi,Gram,33152,6299,0.19000362
Karnataka,KOPPAL,2011,Rabi,Groundnut,23893,18022,0.754279496
Karnataka,KOPPAL,2011,Rabi,Horse-gram,3180,214,0.067295597
Karnataka,KOPPAL,2011,Rabi,Jowar,23217,5545,0.238833613
Karnataka,KOPPAL,2011,Rabi,Linseed,580,74,0.127586207
Karnataka,KOPPAL,2011,Rabi,Maize,4077,10864,2.66470444
Karnataka,KOPPAL,2011,Rabi,Onion,863,3616,4.190034762
Karnataka,KOPPAL,2011,Rabi,Safflower,1063,616,0.579492004
Karnataka,KOPPAL,2011,Rabi,Sunflower,10287,2499,0.242927967
Karnataka,KOPPAL,2011,Rabi,Urad,153,78,0.509803922
Karnataka,KOPPAL,2011,Rabi,Wheat,4424,1621,0.366410488
Karnataka,KOPPAL,2011,Summer,Dry chillies,222,777,3.5
Karnataka,KOPPAL,2011,Summer,Jowar,1053,1590,1.50997151
Karnataka,KOPPAL,2011,Summer,Maize,2775,9077,3.270990991
Karnataka,KOPPAL,2011,Summer,Onion,225,1386,6.16
Karnataka,KOPPAL,2011,Summer,Rice,33652,115410,3.429513848
Karnataka,KOPPAL,2011,Summer,Sunflower,4566,4585,1.004161191
Karnataka,KOPPAL,2011,Whole Year,Banana,1425,97498,68.41964912
Karnataka,KOPPAL,2011,Whole Year,Coconut,652,6482,9.941717791
Karnataka,KOPPAL,2011,Whole Year,Sugarcane,1225,111720,91.2
Karnataka,KOPPAL,2012,Kharif,Arhar/Tur,7769,3366,0.433260394
Karnataka,KOPPAL,2012,Kharif,Bajra,71347,97196,1.362299746
Karnataka,KOPPAL,2012,Kharif,Castor seed,332,457,1.376506024
Karnataka,KOPPAL,2012,Kharif,Cotton(lint),4919,15393,3.129294572
Karnataka,KOPPAL,2012,Kharif,Cowpea(Lobia),1118,300,0.268336315
Karnataka,KOPPAL,2012,Kharif,Dry chillies,790,724,0.916455696
Karnataka,KOPPAL,2012,Kharif,Groundnut,10639,6559,0.616505311
Karnataka,KOPPAL,2012,Kharif,Horse-gram,2304,703,0.305121528
Karnataka,KOPPAL,2012,Kharif,Jowar,3067,4443,1.448646886
Karnataka,KOPPAL,2012,Kharif,Maize,49098,132187,2.692309259
Karnataka,KOPPAL,2012,Kharif,Moong(Green Gram),2163,279,0.128987517
Karnataka,KOPPAL,2012,Kharif,Niger seed,548,141,0.25729927
Karnataka,KOPPAL,2012,Kharif,Onion,3821,25141,6.57969118
Karnataka,KOPPAL,2012,Kharif,Other Kharif pulses,830,373,0.44939759
Karnataka,KOPPAL,2012,Kharif,Rice,41047,131451,3.202450849
Karnataka,KOPPAL,2012,Kharif,Sesamum,3402,2230,0.655496767
Karnataka,KOPPAL,2012,Kharif,Small millets,2963,1030,0.347620655
Karnataka,KOPPAL,2012,Kharif,Sunflower,20085,16829,0.837888972
Karnataka,KOPPAL,2012,Rabi,Cotton(lint),4310,2071,0.480510441
Karnataka,KOPPAL,2012,Rabi,Dry chillies,655,1623,2.477862595
Karnataka,KOPPAL,2012,Rabi,Gram,63187,37397,0.591846424
Karnataka,KOPPAL,2012,Rabi,Horse-gram,4377,919,0.209961161
Karnataka,KOPPAL,2012,Rabi,Jowar,52338,50666,0.968053804
Karnataka,KOPPAL,2012,Rabi,Linseed,777,215,0.276705277
Karnataka,KOPPAL,2012,Rabi,Maize,3777,11701,3.097961345
Karnataka,KOPPAL,2012,Rabi,Onion,863,4542,5.263035921
Karnataka,KOPPAL,2012,Rabi,Safflower,1208,831,0.687913907
Karnataka,KOPPAL,2012,Rabi,Sunflower,29673,20945,0.705860547
Karnataka,KOPPAL,2012,Rabi,Wheat,6540,3945,0.603211009
Karnataka,KOPPAL,2012,Summer,Cowpea(Lobia),1619,578,0.3570105
Karnataka,KOPPAL,2012,Summer,Dry chillies,166,469,2.825301205
Karnataka,KOPPAL,2012,Summer,Groundnut,21722,10937,0.503498757
Karnataka,KOPPAL,2012,Summer,Jowar,2226,2789,1.252920036
Karnataka,KOPPAL,2012,Summer,Maize,3034,10079,3.322017139
Karnataka,KOPPAL,2012,Summer,Onion,242,1373,5.673553719
Karnataka,KOPPAL,2012,Summer,Rice,35833,133102,3.714508972
Karnataka,KOPPAL,2012,Summer,Sunflower,3940,3814,0.968020305
Karnataka,KOPPAL,2012,Whole Year,Coconut,652,6419,9.845092025
Karnataka,KOPPAL,2012,Whole Year,Sugarcane,2100,175560,83.6
Karnataka,KOPPAL,2013,Kharif,Arhar/Tur,10186,4809,0.472118594
Karnataka,KOPPAL,2013,Kharif,Bajra,59563,99363,1.668200057
Karnataka,KOPPAL,2013,Kharif,Castor seed,324,560,1.728395062
Karnataka,KOPPAL,2013,Kharif,Cotton(lint),4447,12077,2.715763436
Karnataka,KOPPAL,2013,Kharif,Cowpea(Lobia),1044,494,0.473180077
Karnataka,KOPPAL,2013,Kharif,Dry chillies,811,899,1.108508015
Karnataka,KOPPAL,2013,Kharif,Groundnut,13048,11627,0.891094421
Karnataka,KOPPAL,2013,Kharif,Horse-gram,2129,631,0.296383279
Karnataka,KOPPAL,2013,Kharif,Jowar,3807,8767,2.302863147
Karnataka,KOPPAL,2013,Kharif,Maize,59167,212637,3.593844542
Karnataka,KOPPAL,2013,Kharif,Moong(Green Gram),20960,3923,0.187166031
Karnataka,KOPPAL,2013,Kharif,Niger seed,395,102,0.258227848
Karnataka,KOPPAL,2013,Kharif,Onion,3906,38224,9.785970302
Karnataka,KOPPAL,2013,Kharif,Other Kharif pulses,1189,487,0.409587889
Karnataka,KOPPAL,2013,Kharif,Rice,39740,134099,3.374408656
Karnataka,KOPPAL,2013,Kharif,Sesamum,4103,5063,1.23397514
Karnataka,KOPPAL,2013,Kharif,Small millets,2533,1239,0.489143308
Karnataka,KOPPAL,2013,Kharif,Sunflower,20508,19132,0.932904232
Karnataka,KOPPAL,2013,Rabi,Cotton(lint),7653,14112,1.843982752
Karnataka,KOPPAL,2013,Rabi,Dry chillies,713,1351,1.894810659
Karnataka,KOPPAL,2013,Rabi,Gram,56132,32528,0.579491199
Karnataka,KOPPAL,2013,Rabi,Horse-gram,6466,1849,0.285957315
Karnataka,KOPPAL,2013,Rabi,Jowar,31314,25822,0.824615188
Karnataka,KOPPAL,2013,Rabi,Linseed,1018,358,0.351669941
Karnataka,KOPPAL,2013,Rabi,Maize,6948,17808,2.563039724
Karnataka,KOPPAL,2013,Rabi,Onion,910,6020,6.615384615
Karnataka,KOPPAL,2013,Rabi,Safflower,4582,4409,0.962243562
Karnataka,KOPPAL,2013,Rabi,Sunflower,31118,21758,0.699209461
Karnataka,KOPPAL,2013,Rabi,Urad,214,122,0.570093458
Karnataka,KOPPAL,2013,Rabi,Wheat,6985,5932,0.849248389
Karnataka,KOPPAL,2013,Summer,Cowpea(Lobia),2956,1059,0.358254398
Karnataka,KOPPAL,2013,Summer,Dry chillies,191,508,2.659685864
Karnataka,KOPPAL,2013,Summer,Groundnut,20324,17396,0.855933871
Karnataka,KOPPAL,2013,Summer,Jowar,490,1001,2.042857143
Karnataka,KOPPAL,2013,Summer,Maize,1725,5192,3.009855072
Karnataka,KOPPAL,2013,Summer,Onion,237,1861,7.852320675
Karnataka,KOPPAL,2013,Summer,Rice,36137,128944,3.568198799
Karnataka,KOPPAL,2013,Summer,Sunflower,6182,5691,0.920575865
Karnataka,KOPPAL,2013,Whole Year,Coconut,696,5522,7.933908046
Karnataka,KOPPAL,2013,Whole Year,Sugarcane,2593,231555,89.30003857
Karnataka,KOPPAL,2014,Kharif,Arhar/Tur,14572,8472,0.581388965
Karnataka,KOPPAL,2014,Kharif,Bajra,51338,88910,1.731855546
Karnataka,KOPPAL,2014,Kharif,Castor seed,1050,659,0.627619048
Karnataka,KOPPAL,2014,Kharif,Cotton(lint),12128,36529,3.011955805
Karnataka,KOPPAL,2014,Kharif,Cowpea(Lobia),2005,733,0.365586035
Karnataka,KOPPAL,2014,Kharif,Dry chillies,3999,4525,1.131532883
Karnataka,KOPPAL,2014,Kharif,Groundnut,13360,10750,0.804640719
Karnataka,KOPPAL,2014,Kharif,Horse-gram,4600,1814,0.394347826
Karnataka,KOPPAL,2014,Kharif,Jowar,2385,4420,1.853249476
Karnataka,KOPPAL,2014,Kharif,Maize,56712,172189,3.036200451
Karnataka,KOPPAL,2014,Kharif,Moong(Green Gram),16571,2204,0.13300344
Karnataka,KOPPAL,2014,Kharif,Niger seed,1011,267,0.264094955
Karnataka,KOPPAL,2014,Kharif,Onion,4178,45458,10.88032551
Karnataka,KOPPAL,2014,Kharif,Other Kharif pulses,1778,443,0.249156355
Karnataka,KOPPAL,2014,Kharif,Rice,39439,145559,3.690737595
Karnataka,KOPPAL,2014,Kharif,Sesamum,10077,6902,0.684926069
Karnataka,KOPPAL,2014,Kharif,Small millets,2859,1019,0.356418328
Karnataka,KOPPAL,2014,Kharif,Sunflower,16994,12286,0.722961045
Karnataka,KOPPAL,2014,Rabi,Cotton(lint),10772,13182,1.223728184
Karnataka,KOPPAL,2014,Rabi,Dry chillies,591,1109,1.876480541
Karnataka,KOPPAL,2014,Rabi,Gram,52053,31352,0.602309185
Karnataka,KOPPAL,2014,Rabi,Horse-gram,9093,4570,0.502584406
Karnataka,KOPPAL,2014,Rabi,Jowar,33480,43161,1.289157706
Karnataka,KOPPAL,2014,Rabi,Linseed,780,455,0.583333333
Karnataka,KOPPAL,2014,Rabi,Maize,5486,16948,3.089318265
Karnataka,KOPPAL,2014,Rabi,Onion,257,1409,5.482490272
Karnataka,KOPPAL,2014,Rabi,Safflower,4308,5439,1.262534819
Karnataka,KOPPAL,2014,Rabi,Sunflower,26542,19516,0.735287469
Karnataka,KOPPAL,2014,Rabi,Urad,208,95,0.456730769
Karnataka,KOPPAL,2014,Rabi,Wheat,6356,8164,1.284455632
Karnataka,KOPPAL,2014,Summer,Cowpea(Lobia),2467,705,0.285772193
Karnataka,KOPPAL,2014,Summer,Dry chillies,204,393,1.926470588
Karnataka,KOPPAL,2014,Summer,Groundnut,21705,19197,0.884450587
Karnataka,KOPPAL,2014,Summer,Jowar,472,998,2.11440678
Karnataka,KOPPAL,2014,Summer,Maize,1740,4324,2.485057471
Karnataka,KOPPAL,2014,Summer,Onion,215,1055,4.906976744
Karnataka,KOPPAL,2014,Summer,Rice,35716,95208,2.665696047
Karnataka,KOPPAL,2014,Summer,Sunflower,5353,5075,0.948066505
Karnataka,KOPPAL,2014,Whole Year,Coconut,812,7246,8.92364532
Karnataka,KOPPAL,2014,Whole Year,Coriander,1225,415,0.33877551
Karnataka,KOPPAL,2014,Whole Year,Sugarcane,2383,217330,91.20016786
Karnataka,MANDYA,1997,Kharif,Arhar/Tur,1806,422,0.233665559
Karnataka,MANDYA,1997,Kharif,Dry chillies,288,150,0.520833333
Karnataka,MANDYA,1997,Kharif,Groundnut,7230,4372,0.604702628
Karnataka,MANDYA,1997,Kharif,Horse-gram,19371,11851,0.611790821
Karnataka,MANDYA,1997,Kharif,Jowar,3968,6001,1.51234879
Karnataka,MANDYA,1997,Kharif,Maize,102,251,2.460784314
Karnataka,MANDYA,1997,Kharif,Paddy,57997,226249,3.901046606
Karnataka,MANDYA,1997,Kharif,Ragi,78428,137349,1.751275055
Karnataka,MANDYA,1997,Kharif,Rice,57997,150905,2.601944928
Karnataka,MANDYA,1997,Rabi,Dry chillies,140,242,1.728571429
Karnataka,MANDYA,1997,Rabi,Groundnut,118,108,0.915254237
Karnataka,MANDYA,1997,Rabi,Horse-gram,13029,6214,0.476936066
Karnataka,MANDYA,1997,Rabi,Paddy,1619,5249,3.242124768
Karnataka,MANDYA,1997,Rabi,Ragi,2953,4006,1.356586522
Karnataka,MANDYA,1997,Rabi,Rice,1619,3502,2.16306362
Karnataka,MANDYA,1997,Summer,Paddy,25359,126767,4.998895856
Karnataka,MANDYA,1997,Summer,Ragi,3386,7000,2.06733609
Karnataka,MANDYA,1997,Summer,Rice,25359,84560,3.334516345
Karnataka,MANDYA,1997,Whole Year,Arecanut,630,881,1.398412698
Karnataka,MANDYA,1997,Whole Year,Sugarcane,26846,2958429,110.1999926
Karnataka,MANDYA,1997,Whole Year,Turmeric,72,453,6.291666667
Karnataka,MANDYA,1998,Kharif,Arhar/Tur,2060,959,0.465533981
Karnataka,MANDYA,1998,Kharif,Bajra,5,2,0.4
Karnataka,MANDYA,1998,Kharif,Castor seed,2069,1765,0.853069116
Karnataka,MANDYA,1998,Kharif,Cotton(lint),44,65,1.477272727
Karnataka,MANDYA,1998,Kharif,Dry ginger,5,66,13.2
Karnataka,MANDYA,1998,Kharif,Groundnut,8857,7657,0.864513944
Karnataka,MANDYA,1998,Kharif,Horse-gram,17281,10819,0.626063307
Karnataka,MANDYA,1998,Kharif,Jowar,3536,3618,1.023190045
Karnataka,MANDYA,1998,Kharif,Maize,22,77,3.5
Karnataka,MANDYA,1998,Kharif,Moong(Green Gram),680,134,0.197058824
Karnataka,MANDYA,1998,Kharif,Niger seed,3079,579,0.188048068
Karnataka,MANDYA,1998,Kharif,Onion,81,367,4.530864198
Karnataka,MANDYA,1998,Kharif,Peas & beans (Pulses),85,780,9.176470588
Karnataka,MANDYA,1998,Kharif,Potato,79,871,11.02531646
Karnataka,MANDYA,1998,Kharif,Ragi,80593,156027,1.935986996
Karnataka,MANDYA,1998,Kharif,Rice,60785,178974,2.944377725
Karnataka,MANDYA,1998,Kharif,Sesamum,4127,2348,0.568936273
Karnataka,MANDYA,1998,Kharif,Soyabean,44,47,1.068181818
Karnataka,MANDYA,1998,Kharif,Sunflower,76,22,0.289473684
Karnataka,MANDYA,1998,Rabi,Gram,57,38,0.666666667
Karnataka,MANDYA,1998,Rabi,Groundnut,125,148,1.184
Karnataka,MANDYA,1998,Rabi,Horse-gram,9771,4966,0.508238665
Karnataka,MANDYA,1998,Rabi,Moong(Green Gram),113,51,0.451327434
Karnataka,MANDYA,1998,Rabi,Onion,70,718,10.25714286
Karnataka,MANDYA,1998,Rabi,Peas & beans (Pulses),66,652,9.878787879
Karnataka,MANDYA,1998,Rabi,Potato,17,335,19.70588235
Karnataka,MANDYA,1998,Rabi,Ragi,2401,3488,1.45272803
Karnataka,MANDYA,1998,Rabi,Sunflower,20,5,0.25
Karnataka,MANDYA,1998,Summer,Onion,35,404,11.54285714
Karnataka,MANDYA,1998,Summer,Peas & beans (Pulses),49,182,3.714285714
Karnataka,MANDYA,1998,Summer,Ragi,2473,5244,2.120501415
Karnataka,MANDYA,1998,Summer,Rice,19107,66689,3.490291516
Karnataka,MANDYA,1998,Summer,Sunflower,1,1,1
Karnataka,MANDYA,1998,Whole Year,Arecanut,674,4539,6.734421365
Karnataka,MANDYA,1998,Whole Year,Black pepper,3,7,2.333333333
Karnataka,MANDYA,1998,Whole Year,Coconut,16761,80063,4.776743631
Karnataka,MANDYA,1998,Whole Year,Dry chillies,1251,1298,1.037569944
Karnataka,MANDYA,1998,Whole Year,Turmeric,79,401,5.075949367
Karnataka,MANDYA,1999,Kharif,Arhar/Tur,1220,695,0.569672131
Karnataka,MANDYA,1999,Kharif,Castor seed,1678,1294,0.771156138
Karnataka,MANDYA,1999,Kharif,Cotton(lint),109,121,1.110091743
Karnataka,MANDYA,1999,Kharif,Dry ginger,4,53,13.25
Karnataka,MANDYA,1999,Kharif,Groundnut,6443,5086,0.789383827
Karnataka,MANDYA,1999,Kharif,Horse-gram,9085,4445,0.489268024
Karnataka,MANDYA,1999,Kharif,Jowar,2397,2365,0.986649979
Karnataka,MANDYA,1999,Kharif,Maize,45,127,2.822222222
Karnataka,MANDYA,1999,Kharif,Moong(Green Gram),436,151,0.346330275
Karnataka,MANDYA,1999,Kharif,Niger seed,2168,408,0.188191882
Karnataka,MANDYA,1999,Kharif,Other Kharif pulses,8099,3215,0.396962588
Karnataka,MANDYA,1999,Kharif,Ragi,60099,98795,1.643870946
Karnataka,MANDYA,1999,Kharif,Rice,59144,186017,3.1451542
Karnataka,MANDYA,1999,Kharif,Sesamum,3399,1259,0.37040306
Karnataka,MANDYA,1999,Kharif,Small millets,6,4,0.666666667
Karnataka,MANDYA,1999,Kharif,Soyabean,48,44,0.916666667
Karnataka,MANDYA,1999,Kharif,Sunflower,17,6,0.352941176
Karnataka,MANDYA,1999,Kharif,Urad,408,133,0.325980392
Karnataka,MANDYA,1999,Rabi,Gram,213,117,0.549295775
Karnataka,MANDYA,1999,Rabi,Groundnut,131,144,1.099236641
Karnataka,MANDYA,1999,Rabi,Horse-gram,28624,15010,0.524385131
Karnataka,MANDYA,1999,Rabi,Moong(Green Gram),264,66,0.25
Karnataka,MANDYA,1999,Rabi,Other  Rabi pulses,2679,239,0.089212393
Karnataka,MANDYA,1999,Rabi,Ragi,4831,5933,1.228110122
Karnataka,MANDYA,1999,Rabi,Rice,289,616,2.131487889
Karnataka,MANDYA,1999,Rabi,Sunflower,32,23,0.71875
Karnataka,MANDYA,1999,Rabi,Urad,232,86,0.370689655
Karnataka,MANDYA,1999,Summer,Ragi,2823,6748,2.39036486
Karnataka,MANDYA,1999,Summer,Rice,19487,59722,3.064709807
Karnataka,MANDYA,1999,Whole Year,Banana,1211,23788,19.64327002
Karnataka,MANDYA,1999,Whole Year,Black pepper,3,7,2.333333333
Karnataka,MANDYA,1999,Whole Year,Coconut,16956,80995,4.776775183
Karnataka,MANDYA,1999,Whole Year,Dry chillies,826,808,0.978208232
Karnataka,MANDYA,1999,Whole Year,Onion,271,2420,8.929889299
Karnataka,MANDYA,1999,Whole Year,Potato,58,1080,18.62068966
Karnataka,MANDYA,1999,Whole Year,Sugarcane,31377,4113525,131.1000096
Karnataka,MANDYA,1999,Whole Year,Sweet potato,10,63,6.3
Karnataka,MANDYA,1999,Whole Year,Turmeric,94,407,4.329787234
Karnataka,MANDYA,2000,Kharif,Arhar/Tur,1209,547,0.452440033
Karnataka,MANDYA,2000,Kharif,Castor seed,1484,1900,1.28032345
Karnataka,MANDYA,2000,Kharif,Cotton(lint),21,32,1.523809524
Karnataka,MANDYA,2000,Kharif,Dry ginger,5,66,13.2
Karnataka,MANDYA,2000,Kharif,Groundnut,8177,6231,0.762015409
Karnataka,MANDYA,2000,Kharif,Horse-gram,13550,8135,0.600369004
Karnataka,MANDYA,2000,Kharif,Jowar,3924,3725,0.949286442
Karnataka,MANDYA,2000,Kharif,Maize,309,1029,3.330097087
Karnataka,MANDYA,2000,Kharif,Moong(Green Gram),467,194,0.415417559
Karnataka,MANDYA,2000,Kharif,Niger seed,2696,507,0.18805638
Karnataka,MANDYA,2000,Kharif,Other Kharif pulses,9699,3623,0.373543664
Karnataka,MANDYA,2000,Kharif,Ragi,73905,150532,2.036831067
Karnataka,MANDYA,2000,Kharif,Rice,60834,175903,2.891524476
Karnataka,MANDYA,2000,Kharif,Sesamum,3249,1182,0.363804247
Karnataka,MANDYA,2000,Kharif,Small millets,6,5,0.833333333
Karnataka,MANDYA,2000,Kharif,Soyabean,55,57,1.036363636
Karnataka,MANDYA,2000,Kharif,Sunflower,11,5,0.454545455
Karnataka,MANDYA,2000,Kharif,Urad,469,181,0.385927505
Karnataka,MANDYA,2000,Rabi,Groundnut,60,66,1.1
Karnataka,MANDYA,2000,Rabi,Horse-gram,12404,8779,0.707755563
Karnataka,MANDYA,2000,Rabi,Moong(Green Gram),81,22,0.271604938
Karnataka,MANDYA,2000,Rabi,Other  Rabi pulses,412,37,0.089805825
Karnataka,MANDYA,2000,Rabi,Ragi,2515,3904,1.552286282
Karnataka,MANDYA,2000,Rabi,Rice,30,64,2.133333333
Karnataka,MANDYA,2000,Rabi,Sunflower,7,5,0.714285714
Karnataka,MANDYA,2000,Rabi,Urad,131,46,0.351145038
Karnataka,MANDYA,2000,Summer,Ragi,1922,3898,2.028095734
Karnataka,MANDYA,2000,Summer,Rice,17920,57541,3.210993304
Karnataka,MANDYA,2000,Summer,Sunflower,5,4,0.8
Karnataka,MANDYA,2000,Whole Year,Arecanut,700,979,1.398571429
Karnataka,MANDYA,2000,Whole Year,Banana,1556,30034,19.30205656
Karnataka,MANDYA,2000,Whole Year,Black pepper,4,10,2.5
Karnataka,MANDYA,2000,Whole Year,Coconut,17047,81429,4.776734909
Karnataka,MANDYA,2000,Whole Year,Dry chillies,796,767,0.963567839
Karnataka,MANDYA,2000,Whole Year,Onion,390,2402,6.158974359
Karnataka,MANDYA,2000,Whole Year,Potato,95,1309,13.77894737
Karnataka,MANDYA,2000,Whole Year,Sugarcane,27708,3632519,131.1000072
Karnataka,MANDYA,2000,Whole Year,Turmeric,141,625,4.432624113
Karnataka,MANDYA,2001,Kharif,Arhar/Tur,647,198,0.306027821
Karnataka,MANDYA,2001,Kharif,Castor seed,807,383,0.474597274
Karnataka,MANDYA,2001,Kharif,Cotton(lint),1,2,2
Karnataka,MANDYA,2001,Kharif,Dry ginger,5,66,13.2
Karnataka,MANDYA,2001,Kharif,Groundnut,5785,4537,0.784269663
Karnataka,MANDYA,2001,Kharif,Horse-gram,14523,8402,0.578530607
Karnataka,MANDYA,2001,Kharif,Jowar,1796,1211,0.674276169
Karnataka,MANDYA,2001,Kharif,Moong(Green Gram),330,86,0.260606061
Karnataka,MANDYA,2001,Kharif,Niger seed,2843,535,0.188181498
Karnataka,MANDYA,2001,Kharif,Other Kharif pulses,7693,2637,0.34277915
Karnataka,MANDYA,2001,Kharif,Ragi,67843,127803,1.883805256
Karnataka,MANDYA,2001,Kharif,Rice,57793,176998,3.06262004
Karnataka,MANDYA,2001,Kharif,Sesamum,1927,1023,0.530877011
Karnataka,MANDYA,2001,Kharif,Small millets,8,7,0.875
Karnataka,MANDYA,2001,Kharif,Soyabean,11,9,0.818181818
Karnataka,MANDYA,2001,Kharif,Sunflower,7,3,0.428571429
Karnataka,MANDYA,2001,Kharif,Urad,350,129,0.368571429
Karnataka,MANDYA,2001,Rabi,Horse-gram,23017,11349,0.493070339
Karnataka,MANDYA,2001,Rabi,Moong(Green Gram),83,24,0.289156627
Karnataka,MANDYA,2001,Rabi,Other  Rabi pulses,508,45,0.088582677
Karnataka,MANDYA,2001,Rabi,Ragi,7384,8858,1.199620802
Karnataka,MANDYA,2001,Rabi,Rice,19,36,1.894736842
Karnataka,MANDYA,2001,Rabi,Sunflower,3,3,1
Karnataka,MANDYA,2001,Rabi,Urad,79,30,0.379746835
Karnataka,MANDYA,2001,Summer,Ragi,1769,1934,1.093273036
Karnataka,MANDYA,2001,Summer,Rice,14182,36458,2.570723452
Karnataka,MANDYA,2001,Summer,Sunflower,1,1,1
Karnataka,MANDYA,2001,Whole Year,Arecanut,732,1023,1.397540984
Karnataka,MANDYA,2001,Whole Year,Black pepper,4,10,2.5
Karnataka,MANDYA,2001,Whole Year,Coconut,17047,61076,3.582800493
Karnataka,MANDYA,2001,Whole Year,Coriander,1,,
Karnataka,MANDYA,2001,Whole Year,Dry chillies,833,1899,2.279711885
Karnataka,MANDYA,2001,Whole Year,Onion,337,2646,7.851632047
Karnataka,MANDYA,2001,Whole Year,Peas & beans (Pulses),411,2526,6.145985401
Karnataka,MANDYA,2001,Whole Year,Potato,110,2137,19.42727273
Karnataka,MANDYA,2001,Whole Year,Sugarcane,35063,4263661,121.6000057
Karnataka,MANDYA,2001,Whole Year,Turmeric,109,319,2.926605505
Karnataka,MANDYA,2002,Kharif,Arhar/Tur,704,330,0.46875
Karnataka,MANDYA,2002,Kharif,Castor seed,574,245,0.426829268
Karnataka,MANDYA,2002,Kharif,Cotton(lint),1,2,2
Karnataka,MANDYA,2002,Kharif,Dry ginger,2,26,13
Karnataka,MANDYA,2002,Kharif,Groundnut,1977,1707,0.863429439
Karnataka,MANDYA,2002,Kharif,Horse-gram,7502,2445,0.32591309
Karnataka,MANDYA,2002,Kharif,Jowar,871,503,0.57749713
Karnataka,MANDYA,2002,Kharif,Maize,2726,4704,1.725605282
Karnataka,MANDYA,2002,Kharif,Moong(Green Gram),306,20,0.065359477
Karnataka,MANDYA,2002,Kharif,Niger seed,1128,212,0.187943262
Karnataka,MANDYA,2002,Kharif,Other Kharif pulses,4582,1733,0.378219118
Karnataka,MANDYA,2002,Kharif,Ragi,44718,47439,1.060847981
Karnataka,MANDYA,2002,Kharif,Rice,38327,110983,2.895687114
Karnataka,MANDYA,2002,Kharif,Sesamum,1214,531,0.437397035
Karnataka,MANDYA,2002,Kharif,Small millets,3,0.1,0.033333333
Karnataka,MANDYA,2002,Kharif,Soyabean,29,24,0.827586207
Karnataka,MANDYA,2002,Kharif,Urad,291,41,0.140893471
Karnataka,MANDYA,2002,Rabi,Gram,176,90,0.511363636
Karnataka,MANDYA,2002,Rabi,Groundnut,27,30,1.111111111
Karnataka,MANDYA,2002,Rabi,Horse-gram,24686,6496,0.263145102
Karnataka,MANDYA,2002,Rabi,Jowar,240,100,0.416666667
Karnataka,MANDYA,2002,Rabi,Maize,245,627,2.559183673
Karnataka,MANDYA,2002,Rabi,Moong(Green Gram),230,40,0.173913043
Karnataka,MANDYA,2002,Rabi,Other  Rabi pulses,1336,119,0.089071856
Karnataka,MANDYA,2002,Rabi,Ragi,7062,9617,1.361795525
Karnataka,MANDYA,2002,Rabi,Rice,2000,4176,2.088
Karnataka,MANDYA,2002,Rabi,Sunflower,4,2,0.5
Karnataka,MANDYA,2002,Rabi,Urad,249,29,0.116465863
Karnataka,MANDYA,2002,Summer,Jowar,15,25,1.666666667
Karnataka,MANDYA,2002,Summer,Maize,241,616,2.556016598
Karnataka,MANDYA,2002,Summer,Ragi,1006,1154,1.147117296
Karnataka,MANDYA,2002,Summer,Rice,2797,7201,2.574544154
Karnataka,MANDYA,2002,Summer,Sunflower,1,1,1
Karnataka,MANDYA,2002,Whole Year,Arcanut (Processed),804,1124,1.39800995
Karnataka,MANDYA,2002,Whole Year,Atcanut (Raw),804,5415,6.735074627
Karnataka,MANDYA,2002,Whole Year,Banana,1463,23642,16.15994532
Karnataka,MANDYA,2002,Whole Year,Beans & Mutter(Vegetable),260,327,1.257692308
Karnataka,MANDYA,2002,Whole Year,Black pepper,2,5,2.5
Karnataka,MANDYA,2002,Whole Year,Brinjal,626,4166,6.654952077
Karnataka,MANDYA,2002,Whole Year,Cashewnut Processed,262,23,0.08778626
Karnataka,MANDYA,2002,Whole Year,Cashewnut Raw,262,91,0.347328244
Karnataka,MANDYA,2002,Whole Year,Citrus Fruit,35,607,17.34285714
Karnataka,MANDYA,2002,Whole Year,Coconut,17882,64068,3.582820714
Karnataka,MANDYA,2002,Whole Year,Dry chillies,608,711,1.169407895
Karnataka,MANDYA,2002,Whole Year,Garlic,1,1,1
Karnataka,MANDYA,2002,Whole Year,Mango,1014,7533,7.428994083
Karnataka,MANDYA,2002,Whole Year,Onion,325,2537,7.806153846
Karnataka,MANDYA,2002,Whole Year,Other Fresh Fruits,362,1273,3.516574586
Karnataka,MANDYA,2002,Whole Year,Papaya,23,33,1.434782609
Karnataka,MANDYA,2002,Whole Year,Pome Fruit,108,83,0.768518519
Karnataka,MANDYA,2002,Whole Year,Potato,150,2010,13.4
Karnataka,MANDYA,2002,Whole Year,Sugarcane,29686,3356002,113.0499899
Karnataka,MANDYA,2002,Whole Year,Sweet potato,4,25,6.25
Karnataka,MANDYA,2002,Whole Year,Tomato,1852,10260,5.539956803
Karnataka,MANDYA,2002,Whole Year,Turmeric,32,81,2.53125
Karnataka,MANDYA,2003,Kharif,Arhar/Tur,649,244,0.37596302
Karnataka,MANDYA,2003,Kharif,Castor seed,891,799,0.89674523
Karnataka,MANDYA,2003,Kharif,Cotton(lint),2,5,2.5
Karnataka,MANDYA,2003,Kharif,Dry ginger,1,13,13
Karnataka,MANDYA,2003,Kharif,Groundnut,2726,3194,1.171680117
Karnataka,MANDYA,2003,Kharif,Horse-gram,4554,1220,0.267896355
Karnataka,MANDYA,2003,Kharif,Jowar,535,286,0.534579439
Karnataka,MANDYA,2003,Kharif,Maize,2514,5806,2.309466985
Karnataka,MANDYA,2003,Kharif,Moong(Green Gram),529,79,0.149338374
Karnataka,MANDYA,2003,Kharif,Niger seed,1356,255,0.188053097
Karnataka,MANDYA,2003,Kharif,Other Kharif pulses,6991,2676,0.382777857
Karnataka,MANDYA,2003,Kharif,Ragi,59036,67520,1.143708923
Karnataka,MANDYA,2003,Kharif,Rice,52050,167381,3.215773295
Karnataka,MANDYA,2003,Kharif,Sesamum,3473,759,0.218543046
Karnataka,MANDYA,2003,Kharif,Small millets,1,0,0
Karnataka,MANDYA,2003,Kharif,Soyabean,20,10,0.5
Karnataka,MANDYA,2003,Kharif,Sunflower,10,5,0.5
Karnataka,MANDYA,2003,Kharif,Urad,469,118,0.251599147
Karnataka,MANDYA,2003,Rabi,Gram,238,77,0.323529412
Karnataka,MANDYA,2003,Rabi,Groundnut,50,49,0.98
Karnataka,MANDYA,2003,Rabi,Horse-gram,30680,7170,0.233702738
Karnataka,MANDYA,2003,Rabi,Jowar,145,18,0.124137931
Karnataka,MANDYA,2003,Rabi,Maize,913,1681,1.841182913
Karnataka,MANDYA,2003,Rabi,Moong(Green Gram),103,30,0.291262136
Karnataka,MANDYA,2003,Rabi,Other  Rabi pulses,975,89,0.091282051
Karnataka,MANDYA,2003,Rabi,Ragi,5251,4726,0.900019044
Karnataka,MANDYA,2003,Rabi,Rice,894,2650,2.964205817
Karnataka,MANDYA,2003,Rabi,Sunflower,2,2,1
Karnataka,MANDYA,2003,Rabi,Urad,117,62,0.52991453
Karnataka,MANDYA,2003,Summer,Maize,71,179,2.521126761
Karnataka,MANDYA,2003,Summer,Ragi,1297,1543,1.189668466
Karnataka,MANDYA,2003,Summer,Rice,1619,6829,4.218035825
Karnataka,MANDYA,2003,Whole Year,Arecanut,816,1141,1.398284314
Karnataka,MANDYA,2003,Whole Year,Banana,752,9569,12.72473404
Karnataka,MANDYA,2003,Whole Year,Beans & Mutter(Vegetable),523,1054,2.015296367
Karnataka,MANDYA,2003,Whole Year,Black pepper,2,5,2.5
Karnataka,MANDYA,2003,Whole Year,Brinjal,333,2356,7.075075075
Karnataka,MANDYA,2003,Whole Year,Citrus Fruit,35,554,15.82857143
Karnataka,MANDYA,2003,Whole Year,Coconut,17985,64437,3.582819016
Karnataka,MANDYA,2003,Whole Year,Dry chillies,1063,1512,1.422389464
Karnataka,MANDYA,2003,Whole Year,Garlic,1,1,1
Karnataka,MANDYA,2003,Whole Year,Mango,2348,11618,4.948040886
Karnataka,MANDYA,2003,Whole Year,Onion,243,2103,8.654320988
Karnataka,MANDYA,2003,Whole Year,Other Fresh Fruits,205,607,2.96097561
Karnataka,MANDYA,2003,Whole Year,Pome Fruit,100,95,0.95
Karnataka,MANDYA,2003,Whole Year,Potato,100,1474,14.74
Karnataka,MANDYA,2003,Whole Year,Sugarcane,13042,1474398,113.0499923
Karnataka,MANDYA,2003,Whole Year,Sweet potato,5,31,6.2
Karnataka,MANDYA,2003,Whole Year,Tomato,1214,6613,5.447281713
Karnataka,MANDYA,2003,Whole Year,Turmeric,19,28,1.473684211
Karnataka,MANDYA,2004,Kharif,Arhar/Tur,1245,645,0.518072289
Karnataka,MANDYA,2004,Kharif,Castor seed,1538,1334,0.867360208
Karnataka,MANDYA,2004,Kharif,Cotton(lint),5,5,1
Karnataka,MANDYA,2004,Kharif,Dry ginger,5,66,13.2
Karnataka,MANDYA,2004,Kharif,Groundnut,4041,4651,1.150952734
Karnataka,MANDYA,2004,Kharif,Horse-gram,6648,3802,0.571901324
Karnataka,MANDYA,2004,Kharif,Jowar,1253,952,0.759776536
Karnataka,MANDYA,2004,Kharif,Maize,3872,13676,3.532024793
Karnataka,MANDYA,2004,Kharif,Moong(Green Gram),556,87,0.15647482
Karnataka,MANDYA,2004,Kharif,Niger seed,2145,403,0.187878788
Karnataka,MANDYA,2004,Kharif,Other Kharif pulses,10151,4182,0.411979115
Karnataka,MANDYA,2004,Kharif,Ragi,61633,125121,2.030097513
Karnataka,MANDYA,2004,Kharif,Rice,72125,243926.75,3.382
Karnataka,MANDYA,2004,Kharif,Sesamum,13554,8447,0.62321086
Karnataka,MANDYA,2004,Kharif,Soyabean,63,39,0.619047619
Karnataka,MANDYA,2004,Kharif,Sunflower,40,15,0.375
Karnataka,MANDYA,2004,Kharif,Urad,572,66,0.115384615
Karnataka,MANDYA,2004,Rabi,Gram,49,37,0.755102041
Karnataka,MANDYA,2004,Rabi,Groundnut,130,118,0.907692308
Karnataka,MANDYA,2004,Rabi,Horse-gram,18793,8570,0.456020859
Karnataka,MANDYA,2004,Rabi,Jowar,25,14,0.56
Karnataka,MANDYA,2004,Rabi,Maize,92,280,3.043478261
Karnataka,MANDYA,2004,Rabi,Moong(Green Gram),58,14,0.24137931
Karnataka,MANDYA,2004,Rabi,Other  Rabi pulses,749,67,0.089452603
Karnataka,MANDYA,2004,Rabi,Ragi,2568,3212,1.250778816
Karnataka,MANDYA,2004,Rabi,Rice,170,703,4.135294118
Karnataka,MANDYA,2004,Rabi,Sunflower,6,3,0.5
Karnataka,MANDYA,2004,Rabi,Urad,78,27,0.346153846
Karnataka,MANDYA,2004,Rabi,Wheat,3,1,0.333333333
Karnataka,MANDYA,2004,Summer,Maize,152,465,3.059210526
Karnataka,MANDYA,2004,Summer,Ragi,2453,4272,1.74154097
Karnataka,MANDYA,2004,Summer,Rice,19698,95156,4.830744238
Karnataka,MANDYA,2004,Summer,Sunflower,2,1,0.5
Karnataka,MANDYA,2004,Whole Year,Arecanut,879,1229,1.39817975
Karnataka,MANDYA,2004,Whole Year,Banana,1272,15496,12.18238994
Karnataka,MANDYA,2004,Whole Year,Black pepper,2,5,2.5
Karnataka,MANDYA,2004,Whole Year,Coconut,18165,657391.35,36.19
Karnataka,MANDYA,2004,Whole Year,Dry chillies,612,430,0.702614379
Karnataka,MANDYA,2004,Whole Year,Garlic,3,2,0.666666667
Karnataka,MANDYA,2004,Whole Year,Onion,414,3237,7.81884058
Karnataka,MANDYA,2004,Whole Year,Potato,115,1196,10.4
Karnataka,MANDYA,2004,Whole Year,Sweet potato,14,88,6.285714286
Karnataka,MANDYA,2004,Whole Year,Tapioca,4,32,8
Karnataka,MANDYA,2004,Whole Year,Turmeric,19,90,4.736842105
Karnataka,MANDYA,2005,Kharif,Arhar/Tur,1139,775,0.680421422
Karnataka,MANDYA,2005,Kharif,Castor seed,1096,1140,1.040145985
Karnataka,MANDYA,2005,Kharif,Dry chillies,579,421,0.727115717
Karnataka,MANDYA,2005,Kharif,Groundnut,4157,2519,0.605965841
Karnataka,MANDYA,2005,Kharif,Horse-gram,4967,2407,0.484598349
Karnataka,MANDYA,2005,Kharif,Jowar,1614,813,0.503717472
Karnataka,MANDYA,2005,Kharif,Maize,2480,5952,2.4
Karnataka,MANDYA,2005,Kharif,Moong(Green Gram),749,184,0.245660881
Karnataka,MANDYA,2005,Kharif,Niger seed,2117,398,0.188001889
Karnataka,MANDYA,2005,Kharif,Onion,237,1321,5.573839662
Karnataka,MANDYA,2005,Kharif,Other Kharif pulses,8194,3063,0.373810105
Karnataka,MANDYA,2005,Kharif,Peas & beans (Pulses),222,529,2.382882883
Karnataka,MANDYA,2005,Kharif,Potato,80,268,3.35
Karnataka,MANDYA,2005,Kharif,Ragi,71422,140026,1.96054437
Karnataka,MANDYA,2005,Kharif,Rice,60924,180615,2.964595233
Karnataka,MANDYA,2005,Kharif,Sesamum,6922,8923,1.289078301
Karnataka,MANDYA,2005,Kharif,Soyabean,84,47,0.55952381
Karnataka,MANDYA,2005,Kharif,Sunflower,73,26,0.356164384
Karnataka,MANDYA,2005,Kharif,Urad,490,96,0.195918367
Karnataka,MANDYA,2005,Rabi,Dry chillies,19,31,1.631578947
Karnataka,MANDYA,2005,Rabi,Gram,3,2,0.666666667
Karnataka,MANDYA,2005,Rabi,Groundnut,57,48,0.842105263
Karnataka,MANDYA,2005,Rabi,Horse-gram,18024,7500,0.416111851
Karnataka,MANDYA,2005,Rabi,Jowar,10,6,0.6
Karnataka,MANDYA,2005,Rabi,Maize,18,64,3.555555556
Karnataka,MANDYA,2005,Rabi,Moong(Green Gram),72,21,0.291666667
Karnataka,MANDYA,2005,Rabi,Onion,147,1524,10.36734694
Karnataka,MANDYA,2005,Rabi,Other  Rabi pulses,582,52,0.089347079
Karnataka,MANDYA,2005,Rabi,Peas & beans (Pulses),32,225,7.03125
Karnataka,MANDYA,2005,Rabi,Potato,40,723,18.075
Karnataka,MANDYA,2005,Rabi,Ragi,2091,5300,2.534672406
Karnataka,MANDYA,2005,Rabi,Rapeseed &Mustard,2,1,0.5
Karnataka,MANDYA,2005,Rabi,Rice,12,30,2.5
Karnataka,MANDYA,2005,Rabi,Sunflower,2,2,1
Karnataka,MANDYA,2005,Rabi,Urad,78,37,0.474358974
Karnataka,MANDYA,2005,Summer,Dry chillies,19,50,2.631578947
Karnataka,MANDYA,2005,Summer,Maize,101,254,2.514851485
Karnataka,MANDYA,2005,Summer,Onion,35,599,17.11428571
Karnataka,MANDYA,2005,Summer,Peas & beans (Pulses),36,182,5.055555556
Karnataka,MANDYA,2005,Summer,Potato,10,158,15.8
Karnataka,MANDYA,2005,Summer,Ragi,1818,4660,2.563256326
Karnataka,MANDYA,2005,Summer,Rice,22874,76100,3.326921395
Karnataka,MANDYA,2005,Whole Year,Arecanut,833,5610,6.734693878
Karnataka,MANDYA,2005,Whole Year,Banana,2617,52714,20.14291173
Karnataka,MANDYA,2005,Whole Year,Black pepper,2,5,2.5
Karnataka,MANDYA,2005,Whole Year,Coconut,19112,68475,3.582827543
Karnataka,MANDYA,2005,Whole Year,Cotton(lint),5,15,3
Karnataka,MANDYA,2005,Whole Year,Dry ginger,16,210,13.125
Karnataka,MANDYA,2005,Whole Year,Garlic,2,2,1
Karnataka,MANDYA,2005,Whole Year,Sugarcane,13131,1384664,105.4500038
Karnataka,MANDYA,2005,Whole Year,Sweet potato,4,25,6.25
Karnataka,MANDYA,2005,Whole Year,Turmeric,39,208,5.333333333
Karnataka,MANDYA,2006,Kharif,Arhar/Tur,744,328,0.440860215
Karnataka,MANDYA,2006,Kharif,Castor seed,673,538,0.799405646
Karnataka,MANDYA,2006,Kharif,Gram,445,61,0.137078652
Karnataka,MANDYA,2006,Kharif,Groundnut,2441,1021,0.4182712
Karnataka,MANDYA,2006,Kharif,Horse-gram,4809,1444,0.300270326
Karnataka,MANDYA,2006,Kharif,Jowar,115,202,1.756521739
Karnataka,MANDYA,2006,Kharif,Maize,2347,4584,1.953131657
Karnataka,MANDYA,2006,Kharif,Moong(Green Gram),620,72,0.116129032
Karnataka,MANDYA,2006,Kharif,Niger seed,547,103,0.188299817
Karnataka,MANDYA,2006,Kharif,Other Kharif pulses,3650,1745,0.478082192
Karnataka,MANDYA,2006,Kharif,Ragi,14700,16051,1.091904762
Karnataka,MANDYA,2006,Kharif,Rice,56683,170969,3.016230616
Karnataka,MANDYA,2006,Kharif,Sesamum,4693,3879,0.826550181
Karnataka,MANDYA,2006,Kharif,Soyabean,11,8,0.727272727
Karnataka,MANDYA,2006,Kharif,Sunflower,16,10,0.625
Karnataka,MANDYA,2006,Kharif,Urad,445,61,0.137078652
Karnataka,MANDYA,2006,Rabi,Gram,45,32,0.711111111
Karnataka,MANDYA,2006,Rabi,Groundnut,23,17,0.739130435
Karnataka,MANDYA,2006,Rabi,Horse-gram,66900,9597,0.143452915
Karnataka,MANDYA,2006,Rabi,Maize,760,1615,2.125
Karnataka,MANDYA,2006,Rabi,Moong(Green Gram),66,20,0.303030303
Karnataka,MANDYA,2006,Rabi,Other  Rabi pulses,1021,242,0.237022527
Karnataka,MANDYA,2006,Rabi,Ragi,3969,9761,2.45930965
Karnataka,MANDYA,2006,Rabi,Rice,13,37,2.846153846
Karnataka,MANDYA,2006,Rabi,Urad,50,26,0.52
Karnataka,MANDYA,2006,Summer,Maize,145,465,3.206896552
Karnataka,MANDYA,2006,Summer,Ragi,1992,4648,2.333333333
Karnataka,MANDYA,2006,Summer,Rice,12848,38667,3.009573474
Karnataka,MANDYA,2006,Whole Year,Arecanut,868,1213,1.397465438
Karnataka,MANDYA,2006,Whole Year,Banana,2650,53254,20.09584906
Karnataka,MANDYA,2006,Whole Year,Coconut,18297,65555,3.582827786
Karnataka,MANDYA,2006,Whole Year,Dry chillies,524,554,1.057251908
Karnataka,MANDYA,2006,Whole Year,Dry ginger,19,250,13.15789474
Karnataka,MANDYA,2006,Whole Year,Garlic,3,2,0.666666667
Karnataka,MANDYA,2006,Whole Year,Onion,324,2013,6.212962963
Karnataka,MANDYA,2006,Whole Year,Potato,156,2612,16.74358974
Karnataka,MANDYA,2006,Whole Year,Sugarcane,18847,2076939,110.1999788
Karnataka,MANDYA,2006,Whole Year,Sweet potato,27,169,6.259259259
Karnataka,MANDYA,2006,Whole Year,Turmeric,43,217,5.046511628
Karnataka,MANDYA,2007,Kharif,Arhar/Tur,903,598,0.662236988
Karnataka,MANDYA,2007,Kharif,Castor seed,960,644,0.670833333
Karnataka,MANDYA,2007,Kharif,Dry chillies,448,403,0.899553571
Karnataka,MANDYA,2007,Kharif,Groundnut,2541,1910,0.75167257
Karnataka,MANDYA,2007,Kharif,Horse-gram,8645,4772,0.551995373
Karnataka,MANDYA,2007,Kharif,Jowar,238,201,0.844537815
Karnataka,MANDYA,2007,Kharif,Maize,2101,6948,3.306996668
Karnataka,MANDYA,2007,Kharif,Moong(Green Gram),491,111,0.226069246
Karnataka,MANDYA,2007,Kharif,Niger seed,1366,514,0.376281113
Karnataka,MANDYA,2007,Kharif,Onion,185,1103,5.962162162
Karnataka,MANDYA,2007,Kharif,Other Kharif pulses,7138,6495,0.909918745
Karnataka,MANDYA,2007,Kharif,Potato,150,495,3.3
Karnataka,MANDYA,2007,Kharif,Ragi,61094,113067,1.85070547
Karnataka,MANDYA,2007,Kharif,Rice,64691,209714,3.241780155
Karnataka,MANDYA,2007,Kharif,Sesamum,5447,4357,0.799889848
Karnataka,MANDYA,2007,Kharif,Soyabean,6,5,0.833333333
Karnataka,MANDYA,2007,Kharif,Sunflower,15,11,0.733333333
Karnataka,MANDYA,2007,Kharif,Urad,396,171,0.431818182
Karnataka,MANDYA,2007,Rabi,Dry chillies,20,35,1.75
Karnataka,MANDYA,2007,Rabi,Gram,182,139,0.763736264
Karnataka,MANDYA,2007,Rabi,Groundnut,12,10,0.833333333
Karnataka,MANDYA,2007,Rabi,Horse-gram,16707,8571,0.513018495
Karnataka,MANDYA,2007,Rabi,Maize,12,43,3.583333333
Karnataka,MANDYA,2007,Rabi,Moong(Green Gram),114,37,0.324561404
Karnataka,MANDYA,2007,Rabi,Onion,143,1204,8.41958042
Karnataka,MANDYA,2007,Rabi,Other  Rabi pulses,516,127,0.246124031
Karnataka,MANDYA,2007,Rabi,Potato,85,1046,12.30588235
Karnataka,MANDYA,2007,Rabi,Ragi,3390,7372,2.174631268
Karnataka,MANDYA,2007,Rabi,Rice,53,134,2.528301887
Karnataka,MANDYA,2007,Rabi,Urad,119,46,0.386554622
Karnataka,MANDYA,2007,Summer,Dry chillies,29,98,3.379310345
Karnataka,MANDYA,2007,Summer,Maize,55,178,3.236363636
Karnataka,MANDYA,2007,Summer,Onion,85,718,8.447058824
Karnataka,MANDYA,2007,Summer,Potato,180,2845,15.80555556
Karnataka,MANDYA,2007,Summer,Ragi,3240,7267,2.242901235
Karnataka,MANDYA,2007,Summer,Rice,21977,68188,3.102698275
Karnataka,MANDYA,2007,Whole Year,Arecanut,620,4176,6.735483871
Karnataka,MANDYA,2007,Whole Year,Banana,1833,58409,31.86524823
Karnataka,MANDYA,2007,Whole Year,Coconut,17905,113446,6.335995532
Karnataka,MANDYA,2007,Whole Year,Coriander,1,,
Karnataka,MANDYA,2007,Whole Year,Dry ginger,23,472,20.52173913
Karnataka,MANDYA,2007,Whole Year,Garlic,7,7,1
Karnataka,MANDYA,2007,Whole Year,Sugarcane,23864,2335092,97.84998324
Karnataka,MANDYA,2007,Whole Year,Sweet potato,34,213,6.264705882
Karnataka,MANDYA,2007,Whole Year,Turmeric,51,397,7.784313725
Karnataka,MANDYA,2008,Kharif,Arhar/Tur,1163,612,0.526225279
Karnataka,MANDYA,2008,Kharif,Castor seed,1081,1025,0.948196115
Karnataka,MANDYA,2008,Kharif,Dry chillies,461,428,0.928416486
Karnataka,MANDYA,2008,Kharif,Groundnut,1683,1113,0.661319073
Karnataka,MANDYA,2008,Kharif,Horse-gram,11008,4267,0.38762718
Karnataka,MANDYA,2008,Kharif,Maize,5790,9452,1.632469775
Karnataka,MANDYA,2008,Kharif,Moong(Green Gram),281,39,0.138790036
Karnataka,MANDYA,2008,Kharif,Niger seed,1806,619,0.342746401
Karnataka,MANDYA,2008,Kharif,Onion,157,814,5.184713376
Karnataka,MANDYA,2008,Kharif,Other Kharif pulses,8809,6000,0.68112158
Karnataka,MANDYA,2008,Kharif,Potato,40,76,1.9
Karnataka,MANDYA,2008,Kharif,Ragi,73470,94933,1.292132843
Karnataka,MANDYA,2008,Kharif,Rice,68187,217652.9,3.191999941
Karnataka,MANDYA,2008,Kharif,Sesamum,4604,4072,0.884448306
Karnataka,MANDYA,2008,Kharif,Urad,279,74,0.265232975
Karnataka,MANDYA,2008,Rabi,Dry chillies,32,54,1.6875
Karnataka,MANDYA,2008,Rabi,Gram,2,1,0.5
Karnataka,MANDYA,2008,Rabi,Groundnut,46,35,0.760869565
Karnataka,MANDYA,2008,Rabi,Horse-gram,14006,4830,0.344852206
Karnataka,MANDYA,2008,Rabi,Moong(Green Gram),95,24,0.252631579
Karnataka,MANDYA,2008,Rabi,Onion,183,1222,6.677595628
Karnataka,MANDYA,2008,Rabi,Other  Rabi pulses,592,143,0.241554054
Karnataka,MANDYA,2008,Rabi,Potato,115,1653,14.37391304
Karnataka,MANDYA,2008,Rabi,Ragi,2845,6078,2.136379613
Karnataka,MANDYA,2008,Rabi,Rice,14,44,3.142857143
Karnataka,MANDYA,2008,Rabi,Urad,84,37,0.44047619
Karnataka,MANDYA,2008,Summer,Dry chillies,57,187,3.280701754
Karnataka,MANDYA,2008,Summer,Maize,148,466,3.148648649
Karnataka,MANDYA,2008,Summer,Onion,90,491,5.455555556
Karnataka,MANDYA,2008,Summer,Potato,208,3288,15.80769231
Karnataka,MANDYA,2008,Summer,Ragi,3355,7474,2.227719821
Karnataka,MANDYA,2008,Summer,Rice,21156,68153,3.22145018
Karnataka,MANDYA,2008,Whole Year,Arecanut,653,4398,6.735068913
Karnataka,MANDYA,2008,Whole Year,Banana,1606,24016,14.95392279
Karnataka,MANDYA,2008,Whole Year,Cashewnut,4,2.46,0.615
Karnataka,MANDYA,2008,Whole Year,Coconut,22940,145348,6.336006975
Karnataka,MANDYA,2008,Whole Year,Coriander,6,3,0.5
Karnataka,MANDYA,2008,Whole Year,Dry ginger,22,701,31.86363636
Karnataka,MANDYA,2008,Whole Year,Garlic,4,9,2.25
Karnataka,MANDYA,2008,Whole Year,Sugarcane,22257,2643019,118.7500112
Karnataka,MANDYA,2008,Whole Year,Sweet potato,46,466,10.13043478
Karnataka,MANDYA,2008,Whole Year,Turmeric,42,270,6.428571429
Karnataka,MANDYA,2009,Kharif,Arhar/Tur,1316,609,0.462765957
Karnataka,MANDYA,2009,Kharif,Castor seed,902,583,0.646341463
Karnataka,MANDYA,2009,Kharif,Gram,13752,6898,0.501599767
Karnataka,MANDYA,2009,Kharif,Groundnut,1245,1403,1.126907631
Karnataka,MANDYA,2009,Kharif,Horse-gram,13752,6898,0.501599767
Karnataka,MANDYA,2009,Kharif,Maize,4013,5106,1.272364814
Karnataka,MANDYA,2009,Kharif,Moong(Green Gram),308,38,0.123376623
Karnataka,MANDYA,2009,Kharif,Niger seed,1806,796,0.440753045
Karnataka,MANDYA,2009,Kharif,Onion,117,413,3.52991453
Karnataka,MANDYA,2009,Kharif,Other Kharif pulses,8141,2985,0.366662572
Karnataka,MANDYA,2009,Kharif,Potato,80,495,6.1875
Karnataka,MANDYA,2009,Kharif,Ragi,59498,86392,1.452015194
Karnataka,MANDYA,2009,Kharif,Rice,61250,199001.25,3.249
Karnataka,MANDYA,2009,Kharif,Sesamum,4091,3175,0.776093865
Karnataka,MANDYA,2009,Kharif,Urad,266,22,0.082706767
Karnataka,MANDYA,2009,Rabi,Dry chillies,28,83,2.964285714
Karnataka,MANDYA,2009,Rabi,Gram,12622,5408,0.428458248
Karnataka,MANDYA,2009,Rabi,Groundnut,18,24,1.333333333
Karnataka,MANDYA,2009,Rabi,Horse-gram,12622,5408,0.428458248
Karnataka,MANDYA,2009,Rabi,Maize,22,51,2.318181818
Karnataka,MANDYA,2009,Rabi,Moong(Green Gram),148,39,0.263513514
Karnataka,MANDYA,2009,Rabi,Onion,178,1055,5.926966292
Karnataka,MANDYA,2009,Rabi,Other  Rabi pulses,1084,262,0.241697417
Karnataka,MANDYA,2009,Rabi,Potato,125,1846,14.768
Karnataka,MANDYA,2009,Rabi,Ragi,3532,7730,2.188561721
Karnataka,MANDYA,2009,Rabi,Urad,138,54,0.391304348
Karnataka,MANDYA,2009,Summer,Dry chillies,94,433,4.606382979
Karnataka,MANDYA,2009,Summer,Maize,38,104,2.736842105
Karnataka,MANDYA,2009,Summer,Onion,76,580,7.631578947
Karnataka,MANDYA,2009,Summer,Potato,180,2845,15.80555556
Karnataka,MANDYA,2009,Summer,Ragi,2558,5832,2.279906177
Karnataka,MANDYA,2009,Summer,Rice,18711,64276,3.435198546
Karnataka,MANDYA,2009,Whole Year,Arecanut,851,5731,6.734430082
Karnataka,MANDYA,2009,Whole Year,Banana,1889,47095,24.93118052
Karnataka,MANDYA,2009,Whole Year,Cashewnut,3,2,0.666666667
Karnataka,MANDYA,2009,Whole Year,Coconut,25410,255056,10.03762298
Karnataka,MANDYA,2009,Whole Year,Coriander,7,3,0.428571429
Karnataka,MANDYA,2009,Whole Year,Dry ginger,21,661,31.47619048
Karnataka,MANDYA,2009,Whole Year,Sugarcane,24342,2682488,110.1999836
Karnataka,MANDYA,2009,Whole Year,Sweet potato,52,342,6.576923077
Karnataka,MANDYA,2009,Whole Year,Turmeric,36,194,5.388888889
Karnataka,MANDYA,2010,Kharif,Arhar/Tur,1548,907,0.585917313
Karnataka,MANDYA,2010,Kharif,Castor seed,1355,1134,0.836900369
Karnataka,MANDYA,2010,Kharif,Cowpea(Lobia),8702,6423,0.738106182
Karnataka,MANDYA,2010,Kharif,Dry chillies,430,354,0.823255814
Karnataka,MANDYA,2010,Kharif,Groundnut,1524,1220,0.800524934
Karnataka,MANDYA,2010,Kharif,Horse-gram,7801,4676,0.599410332
Karnataka,MANDYA,2010,Kharif,Jowar,10,16,1.6
Karnataka,MANDYA,2010,Kharif,Maize,4671,7619,1.631128238
Karnataka,MANDYA,2010,Kharif,Moong(Green Gram),584,161,0.275684932
Karnataka,MANDYA,2010,Kharif,Niger seed,1960,959,0.489285714
Karnataka,MANDYA,2010,Kharif,Onion,125,780,6.24
Karnataka,MANDYA,2010,Kharif,Other Kharif pulses,4627,2295,0.496001729
Karnataka,MANDYA,2010,Kharif,Peas & beans (Pulses),318,2128,6.691823899
Karnataka,MANDYA,2010,Kharif,Potato,86,653,7.593023256
Karnataka,MANDYA,2010,Kharif,Ragi,66786,151162,2.263378552
Karnataka,MANDYA,2010,Kharif,Rice,60845,225761,3.710428137
Karnataka,MANDYA,2010,Kharif,Sesamum,5553,4326,0.779038358
Karnataka,MANDYA,2010,Kharif,Soyabean,14,12,0.857142857
Karnataka,MANDYA,2010,Kharif,Urad,354,128,0.361581921
Karnataka,MANDYA,2010,Rabi,Cowpea(Lobia),1006,266,0.264413519
Karnataka,MANDYA,2010,Rabi,Dry chillies,51,139,2.725490196
Karnataka,MANDYA,2010,Rabi,Gram,12,9,0.75
Karnataka,MANDYA,2010,Rabi,Groundnut,51,45,0.882352941
Karnataka,MANDYA,2010,Rabi,Horse-gram,14291,8295,0.580435239
Karnataka,MANDYA,2010,Rabi,Maize,39,115,2.948717949
Karnataka,MANDYA,2010,Rabi,Moong(Green Gram),109,29,0.266055046
Karnataka,MANDYA,2010,Rabi,Onion,160,1096,6.85
Karnataka,MANDYA,2010,Rabi,Other  Rabi pulses,20,4,0.2
Karnataka,MANDYA,2010,Rabi,Peas & beans (Pulses),176,596,3.386363636
Karnataka,MANDYA,2010,Rabi,Potato,80,931,11.6375
Karnataka,MANDYA,2010,Rabi,Ragi,3704,7567,2.042926566
Karnataka,MANDYA,2010,Rabi,Urad,99,46,0.464646465
Karnataka,MANDYA,2010,Summer,Dry chillies,113,344,3.044247788
Karnataka,MANDYA,2010,Summer,Maize,40,136,3.4
Karnataka,MANDYA,2010,Summer,Onion,86,915,10.63953488
Karnataka,MANDYA,2010,Summer,Peas & beans (Pulses),184,1104,6
Karnataka,MANDYA,2010,Summer,Ragi,2877,6784,2.358011818
Karnataka,MANDYA,2010,Summer,Rice,19795,71103,3.591967669
Karnataka,MANDYA,2010,Summer,Sunflower,3,3,1
Karnataka,MANDYA,2010,Whole Year,Arecanut,873,9440,10.81328751
Karnataka,MANDYA,2010,Whole Year,Banana,1779,51345,28.86172007
Karnataka,MANDYA,2010,Whole Year,Cashewnut,3,2,0.666666667
Karnataka,MANDYA,2010,Whole Year,Coconut,26335,328112,12.45916081
Karnataka,MANDYA,2010,Whole Year,Dry ginger,30,108.6,3.62
Karnataka,MANDYA,2010,Whole Year,Sugarcane,38031,5021994,132.0500118
Karnataka,MANDYA,2010,Whole Year,Sweet potato,67,552,8.23880597
Karnataka,MANDYA,2010,Whole Year,Turmeric,1,5,5
Karnataka,MANDYA,2011,Kharif,Arhar/Tur,1365,499,0.365567766
Karnataka,MANDYA,2011,Kharif,Castor seed,851,714,0.839012926
Karnataka,MANDYA,2011,Kharif,Cowpea(Lobia),7729,4494,0.5814465
Karnataka,MANDYA,2011,Kharif,Dry chillies,268,216,0.805970149
Karnataka,MANDYA,2011,Kharif,Groundnut,1773,956,0.539199098
Karnataka,MANDYA,2011,Kharif,Horse-gram,3004,1844,0.613848202
Karnataka,MANDYA,2011,Kharif,Jowar,32,47,1.46875
Karnataka,MANDYA,2011,Kharif,Maize,4498,9662,2.148065807
Karnataka,MANDYA,2011,Kharif,Moong(Green Gram),321,82,0.255451713
Karnataka,MANDYA,2011,Kharif,Niger seed,1678,447,0.266388558
Karnataka,MANDYA,2011,Kharif,Onion,152,750,4.934210526
Karnataka,MANDYA,2011,Kharif,Other Kharif pulses,2473,1915,0.774363122
Karnataka,MANDYA,2011,Kharif,Peas & beans (Pulses),323,2878,8.910216718
Karnataka,MANDYA,2011,Kharif,Potato,30,248,8.266666667
Karnataka,MANDYA,2011,Kharif,Ragi,49329,82707,1.676640516
Karnataka,MANDYA,2011,Kharif,Rice,57137,225491,3.946497016
Karnataka,MANDYA,2011,Kharif,Sesamum,5504,3906,0.709665698
Karnataka,MANDYA,2011,Kharif,Soyabean,1,1,1
Karnataka,MANDYA,2011,Kharif,Urad,315,116,0.368253968
Karnataka,MANDYA,2011,Rabi,Cowpea(Lobia),1536,333,0.216796875
Karnataka,MANDYA,2011,Rabi,Dry chillies,61,144,2.360655738
Karnataka,MANDYA,2011,Rabi,Groundnut,22,18,0.818181818
Karnataka,MANDYA,2011,Rabi,Horse-gram,19436,9454,0.486416958
Karnataka,MANDYA,2011,Rabi,Maize,180,581,3.227777778
Karnataka,MANDYA,2011,Rabi,Moong(Green Gram),129,43,0.333333333
Karnataka,MANDYA,2011,Rabi,Onion,153,1218,7.960784314
Karnataka,MANDYA,2011,Rabi,Other  Rabi pulses,20,19,0.95
Karnataka,MANDYA,2011,Rabi,Peas & beans (Pulses),151,482,3.19205298
Karnataka,MANDYA,2011,Rabi,Potato,65,790,12.15384615
Karnataka,MANDYA,2011,Rabi,Ragi,3268,6421,1.964810282
Karnataka,MANDYA,2011,Rabi,Urad,82,42,0.512195122
Karnataka,MANDYA,2011,Summer,Dry chillies,106,371,3.5
Karnataka,MANDYA,2011,Summer,Maize,581,1980,3.407917384
Karnataka,MANDYA,2011,Summer,Onion,75,462,6.16
Karnataka,MANDYA,2011,Summer,Peas & beans (Pulses),149,901,6.046979866
Karnataka,MANDYA,2011,Summer,Potato,85,1226,14.42352941
Karnataka,MANDYA,2011,Summer,Ragi,2933,6598,2.249573815
Karnataka,MANDYA,2011,Summer,Rice,17024,53322,3.132166353
Karnataka,MANDYA,2011,Whole Year,Arecanut,883,7151,8.098527746
Karnataka,MANDYA,2011,Whole Year,Banana,2107,62005,29.42809682
Karnataka,MANDYA,2011,Whole Year,Cashewnut,2,2,1
Karnataka,MANDYA,2011,Whole Year,Coconut,26727,345458,12.92543121
Karnataka,MANDYA,2011,Whole Year,Dry ginger,47,149.5,3.180851064
Karnataka,MANDYA,2011,Whole Year,Sugarcane,30966,4089060,132.0499903
Karnataka,MANDYA,2011,Whole Year,Sweet potato,141,2055,14.57446809
Karnataka,MANDYA,2011,Whole Year,Turmeric,152,763,5.019736842
Karnataka,MANDYA,2012,Kharif,Arhar/Tur,1748,531,0.303775744
Karnataka,MANDYA,2012,Kharif,Castor seed,694,433,0.623919308
Karnataka,MANDYA,2012,Kharif,Cowpea(Lobia),7223,3760,0.520559324
Karnataka,MANDYA,2012,Kharif,Dry chillies,88,81,0.920454545
Karnataka,MANDYA,2012,Kharif,Groundnut,1447,767,0.530062198
Karnataka,MANDYA,2012,Kharif,Horse-gram,10588,4084,0.385719683
Karnataka,MANDYA,2012,Kharif,Jowar,840,1029,1.225
Karnataka,MANDYA,2012,Kharif,Maize,3868,6350,1.641675284
Karnataka,MANDYA,2012,Kharif,Moong(Green Gram),245,74,0.302040816
Karnataka,MANDYA,2012,Kharif,Niger seed,928,247,0.266163793
Karnataka,MANDYA,2012,Kharif,Onion,224,1189,5.308035714
Karnataka,MANDYA,2012,Kharif,Other Kharif pulses,2422,1415,0.584227911
Karnataka,MANDYA,2012,Kharif,Potato,101,645,6.386138614
Karnataka,MANDYA,2012,Kharif,Ragi,38581,61575,1.595992846
Karnataka,MANDYA,2012,Kharif,Rice,47709,148389,3.110293655
Karnataka,MANDYA,2012,Kharif,Sesamum,5414,895,0.165312154
Karnataka,MANDYA,2012,Kharif,Sunflower,8,4,0.5
Karnataka,MANDYA,2012,Kharif,Urad,177,85,0.480225989
Karnataka,MANDYA,2012,Rabi,Cowpea(Lobia),821,161,0.196102314
Karnataka,MANDYA,2012,Rabi,Dry chillies,29,79,2.724137931
Karnataka,MANDYA,2012,Rabi,Gram,42,27,0.642857143
Karnataka,MANDYA,2012,Rabi,Horse-gram,12286,3385,0.275516848
Karnataka,MANDYA,2012,Rabi,Maize,365,1105,3.02739726
Karnataka,MANDYA,2012,Rabi,Moong(Green Gram),23,5,0.217391304
Karnataka,MANDYA,2012,Rabi,Onion,70,458,6.542857143
Karnataka,MANDYA,2012,Rabi,Potato,20,340,17
Karnataka,MANDYA,2012,Rabi,Ragi,8035,13343,1.660609832
Karnataka,MANDYA,2012,Rabi,Rice,318,1083,3.405660377
Karnataka,MANDYA,2012,Rabi,Urad,27,14,0.518518519
Karnataka,MANDYA,2012,Summer,Cowpea(Lobia),214,64,0.299065421
Karnataka,MANDYA,2012,Summer,Dry chillies,45,127,2.822222222
Karnataka,MANDYA,2012,Summer,Jowar,2,3,1.5
Karnataka,MANDYA,2012,Summer,Maize,77,265,3.441558442
Karnataka,MANDYA,2012,Summer,Onion,75,425,5.666666667
Karnataka,MANDYA,2012,Summer,Potato,104,2268,21.80769231
Karnataka,MANDYA,2012,Summer,Ragi,660,1053,1.595454545
Karnataka,MANDYA,2012,Summer,Rice,1923,6189,3.218408736
Karnataka,MANDYA,2012,Whole Year,Arecanut,1081,8676,8.025901943
Karnataka,MANDYA,2012,Whole Year,Cashewnut,5,4,0.8
Karnataka,MANDYA,2012,Whole Year,Coconut,21418,276837,12.92543655
Karnataka,MANDYA,2012,Whole Year,Coriander,42,17,0.404761905
Karnataka,MANDYA,2012,Whole Year,Dry ginger,39,1242,31.84615385
Karnataka,MANDYA,2012,Whole Year,Garlic,7,9,1.285714286
Karnataka,MANDYA,2012,Whole Year,Sugarcane,28751,3468808,120.6499948
Karnataka,MANDYA,2012,Whole Year,Sweet potato,489,7585,15.51124744
Karnataka,MANDYA,2012,Whole Year,Tapioca,26,275,10.57692308
Karnataka,MANDYA,2012,Whole Year,Tobacco,2,1,0.5
Karnataka,MANDYA,2012,Whole Year,Turmeric,40,188,4.7
Karnataka,MANDYA,2013,Kharif,Arhar/Tur,1234,359,0.290923825
Karnataka,MANDYA,2013,Kharif,Castor seed,452,404,0.89380531
Karnataka,MANDYA,2013,Kharif,Cotton(lint),4,12,3
Karnataka,MANDYA,2013,Kharif,Cowpea(Lobia),5081,2824,0.555796103
Karnataka,MANDYA,2013,Kharif,Dry chillies,479,531,1.108559499
Karnataka,MANDYA,2013,Kharif,Groundnut,1297,1030,0.794140324
Karnataka,MANDYA,2013,Kharif,Horse-gram,9825,4340,0.44173028
Karnataka,MANDYA,2013,Kharif,Jowar,870,1238,1.422988506
Karnataka,MANDYA,2013,Kharif,Maize,2868,9937,3.464783821
Karnataka,MANDYA,2013,Kharif,Moong(Green Gram),445,112,0.251685393
Karnataka,MANDYA,2013,Kharif,Niger seed,869,286,0.329113924
Karnataka,MANDYA,2013,Kharif,Onion,55,364,6.618181818
Karnataka,MANDYA,2013,Kharif,Other Kharif pulses,2614,1560,0.596786534
Karnataka,MANDYA,2013,Kharif,Potato,17,112,6.588235294
Karnataka,MANDYA,2013,Kharif,Ragi,41362,80042,1.935157874
Karnataka,MANDYA,2013,Kharif,Rapeseed &Mustard,1,,
Karnataka,MANDYA,2013,Kharif,Rice,52305,183107,3.500755186
Karnataka,MANDYA,2013,Kharif,Sesamum,5005,2610,0.521478521
Karnataka,MANDYA,2013,Kharif,Sunflower,8,5,0.625
Karnataka,MANDYA,2013,Kharif,Urad,345,166,0.48115942
Karnataka,MANDYA,2013,Rabi,Cowpea(Lobia),363,209,0.575757576
Karnataka,MANDYA,2013,Rabi,Dry chillies,86,163,1.895348837
Karnataka,MANDYA,2013,Rabi,Gram,210,159,0.757142857
Karnataka,MANDYA,2013,Rabi,Horse-gram,11554,4797,0.41518089
Karnataka,MANDYA,2013,Rabi,Maize,144,441,3.0625
Karnataka,MANDYA,2013,Rabi,Moong(Green Gram),10,3,0.3
Karnataka,MANDYA,2013,Rabi,Onion,62,436,7.032258065
Karnataka,MANDYA,2013,Rabi,Other  Rabi pulses,151,120,0.794701987
Karnataka,MANDYA,2013,Rabi,Potato,22,335,15.22727273
Karnataka,MANDYA,2013,Rabi,Ragi,5419,10682,1.971212401
Karnataka,MANDYA,2013,Rabi,Rice,1407,5089,3.616915423
Karnataka,MANDYA,2013,Rabi,Sunflower,1,1,1
Karnataka,MANDYA,2013,Rabi,Urad,21,12,0.571428571
Karnataka,MANDYA,2013,Summer,Cowpea(Lobia),341,134,0.392961877
Karnataka,MANDYA,2013,Summer,Dry chillies,84,223,2.654761905
Karnataka,MANDYA,2013,Summer,Jowar,7,11,1.571428571
Karnataka,MANDYA,2013,Summer,Maize,161,522,3.242236025
Karnataka,MANDYA,2013,Summer,Onion,38,298,7.842105263
Karnataka,MANDYA,2013,Summer,Potato,23,323,14.04347826
Karnataka,MANDYA,2013,Summer,Ragi,3198,6553,2.049093183
Karnataka,MANDYA,2013,Summer,Rice,11903,40957,3.440897253
Karnataka,MANDYA,2013,Whole Year,Arecanut,986,10983,11.13894523
Karnataka,MANDYA,2013,Whole Year,Coconut,20872,149354,7.155711
Karnataka,MANDYA,2013,Whole Year,Coriander,2,1,0.5
Karnataka,MANDYA,2013,Whole Year,Dry ginger,19,525,27.63157895
Karnataka,MANDYA,2013,Whole Year,Sugarcane,19462,2496002,128.2500257
Karnataka,MANDYA,2013,Whole Year,Sweet potato,484,7103,14.67561983
Karnataka,MANDYA,2013,Whole Year,Tapioca,2,17,8.5
Karnataka,MANDYA,2013,Whole Year,Tobacco,6,5,0.833333333
Karnataka,MANDYA,2013,Whole Year,Turmeric,27,129,4.777777778
Karnataka,MANDYA,2014,Kharif,Arhar/Tur,1073,315,0.293569432
Karnataka,MANDYA,2014,Kharif,Bajra,35,37,1.057142857
Karnataka,MANDYA,2014,Kharif,Castor seed,667,406,0.608695652
Karnataka,MANDYA,2014,Kharif,Cotton(lint),5,14,2.8
Karnataka,MANDYA,2014,Kharif,Cowpea(Lobia),3796,1616,0.425711275
Karnataka,MANDYA,2014,Kharif,Dry chillies,875,990,1.131428571
Karnataka,MANDYA,2014,Kharif,Groundnut,1176,824,0.700680272
Karnataka,MANDYA,2014,Kharif,Horse-gram,8562,3717,0.43412754
Karnataka,MANDYA,2014,Kharif,Jowar,1293,1788,1.382830626
Karnataka,MANDYA,2014,Kharif,Maize,3904,15978,4.09272541
Karnataka,MANDYA,2014,Kharif,Moong(Green Gram),188,37,0.196808511
Karnataka,MANDYA,2014,Kharif,Niger seed,957,189,0.197492163
Karnataka,MANDYA,2014,Kharif,Onion,212,1089,5.136792453
Karnataka,MANDYA,2014,Kharif,Other Kharif pulses,2605,1745,0.669865643
Karnataka,MANDYA,2014,Kharif,Potato,19,117,6.157894737
Karnataka,MANDYA,2014,Kharif,Ragi,50810,89492,1.761306829
Karnataka,MANDYA,2014,Kharif,Rice,51037,189916,3.721143484
Karnataka,MANDYA,2014,Kharif,Sesamum,3292,954,0.289793439
Karnataka,MANDYA,2014,Kharif,Sunflower,12,7,0.583333333
Karnataka,MANDYA,2014,Kharif,Urad,180,50,0.277777778
Karnataka,MANDYA,2014,Rabi,Cowpea(Lobia),271,99,0.365313653
Karnataka,MANDYA,2014,Rabi,Dry chillies,169,317,1.875739645
Karnataka,MANDYA,2014,Rabi,Gram,211,152,0.720379147
Karnataka,MANDYA,2014,Rabi,Horse-gram,20555,9783,0.475942593
Karnataka,MANDYA,2014,Rabi,Jowar,1,1,1
Karnataka,MANDYA,2014,Rabi,Maize,411,1388,3.377128954
Karnataka,MANDYA,2014,Rabi,Moong(Green Gram),23,8,0.347826087
Karnataka,MANDYA,2014,Rabi,Onion,65,431,6.630769231
Karnataka,MANDYA,2014,Rabi,Other  Rabi pulses,132,101,0.765151515
Karnataka,MANDYA,2014,Rabi,Potato,63,970,15.3968254
Karnataka,MANDYA,2014,Rabi,Ragi,5922,12231,2.065349544
Karnataka,MANDYA,2014,Rabi,Rice,828,2628,3.173913043
Karnataka,MANDYA,2014,Rabi,Urad,28,13,0.464285714
Karnataka,MANDYA,2014,Summer,Cowpea(Lobia),177,65,0.367231638
Karnataka,MANDYA,2014,Summer,Dry chillies,45,87,1.933333333
Karnataka,MANDYA,2014,Summer,Maize,173,564,3.260115607
Karnataka,MANDYA,2014,Summer,Onion,1,5,5
Karnataka,MANDYA,2014,Summer,Potato,8,110,13.75
Karnataka,MANDYA,2014,Summer,Ragi,2627,5381,2.048344119
Karnataka,MANDYA,2014,Summer,Rice,14657,52912,3.610015692
Karnataka,MANDYA,2014,Whole Year,Arecanut,674,6236,9.252225519
Karnataka,MANDYA,2014,Whole Year,Cashewnut,1,1,1
Karnataka,MANDYA,2014,Whole Year,Coconut,27573,273682,9.925724441
Karnataka,MANDYA,2014,Whole Year,Coriander,12,4,0.333333333
Karnataka,MANDYA,2014,Whole Year,Dry ginger,27,784,29.03703704
Karnataka,MANDYA,2014,Whole Year,Sugarcane,21592,2543538,117.8000185
Karnataka,MANDYA,2014,Whole Year,Sweet potato,444,5959,13.42117117
Karnataka,MANDYA,2014,Whole Year,Tapioca,2,18,9
Karnataka,MANDYA,2014,Whole Year,Turmeric,31,70,2.258064516
Karnataka,MYSORE,1997,Kharif,Arhar/Tur,7509,1812,0.241310427
Karnataka,MYSORE,1997,Kharif,Bajra,365,161,0.44109589
Karnataka,MYSORE,1997,Kharif,Black pepper,12,3,0.25
Karnataka,MYSORE,1997,Kharif,Dry chillies,3097,768,0.247981918
Karnataka,MYSORE,1997,Kharif,Dry ginger,62,80,1.290322581
Karnataka,MYSORE,1997,Kharif,Groundnut,36156,36705,1.015184202
Karnataka,MYSORE,1997,Kharif,Horse-gram,22413,11115,0.495917548
Karnataka,MYSORE,1997,Kharif,Jowar,39698,35995,0.906720742
Karnataka,MYSORE,1997,Kharif,Maize,20029,65080,3.249288532
Karnataka,MYSORE,1997,Kharif,Paddy,105069,459876,4.376895183
Karnataka,MYSORE,1997,Kharif,Ragi,90302,133034,1.47321211
Karnataka,MYSORE,1997,Kharif,Rice,105069,306717,2.919195957
Karnataka,MYSORE,1997,Rabi,Dry chillies,207,272,1.314009662
Karnataka,MYSORE,1997,Rabi,Groundnut,1466,2153,1.468622101
Karnataka,MYSORE,1997,Rabi,Horse-gram,36782,13069,0.355309662
Karnataka,MYSORE,1997,Rabi,Jowar,1026,462,0.450292398
Karnataka,MYSORE,1997,Rabi,Maize,1338,2712,2.02690583
Karnataka,MYSORE,1997,Rabi,Paddy,817,2649,3.242350061
Karnataka,MYSORE,1997,Rabi,Ragi,6089,7875,1.293315815
Karnataka,MYSORE,1997,Rabi,Rice,817,1767,2.162790698
Karnataka,MYSORE,1997,Rabi,Wheat,4,4,1
Karnataka,MYSORE,1997,Summer,Jowar,490,1208,2.465306122
Karnataka,MYSORE,1997,Summer,Maize,945,2045,2.164021164
Karnataka,MYSORE,1997,Summer,Paddy,20560,85453,4.156274319
Karnataka,MYSORE,1997,Summer,Ragi,4857,8407,1.73090385
Karnataka,MYSORE,1997,Summer,Rice,20560,56994,2.772081712
Karnataka,MYSORE,1997,Whole Year,Arecanut,600,426,0.71
Karnataka,MYSORE,1997,Whole Year,Cardamom,16,1,0.0625
Karnataka,MYSORE,1997,Whole Year,Coriander,870,86,0.098850575
Karnataka,MYSORE,1997,Whole Year,Garlic,98,201,2.051020408
Karnataka,MYSORE,1997,Whole Year,Sugarcane,19349,2058734,106.4000207
Karnataka,MYSORE,1997,Whole Year,Turmeric,2316,15147,6.54015544
Karnataka,MYSORE,1998,Kharif,Arhar/Tur,6687,1957,0.292657395
Karnataka,MYSORE,1998,Kharif,Bajra,6,3,0.5
Karnataka,MYSORE,1998,Kharif,Castor seed,2476,1146,0.462843296
Karnataka,MYSORE,1998,Kharif,Cotton(lint),59668,153042,2.564892405
Karnataka,MYSORE,1998,Kharif,Dry ginger,140,1830,13.07142857
Karnataka,MYSORE,1998,Kharif,Groundnut,10799,12051,1.115936661
Karnataka,MYSORE,1998,Kharif,Horse-gram,25569,11611,0.45410458
Karnataka,MYSORE,1998,Kharif,Jowar,15239,16502,1.082879454
Karnataka,MYSORE,1998,Kharif,Maize,17459,74847,4.287015293
Karnataka,MYSORE,1998,Kharif,Moong(Green Gram),2309,454,0.196621914
Karnataka,MYSORE,1998,Kharif,Niger seed,2809,578,0.205767177
Karnataka,MYSORE,1998,Kharif,Onion,12,54,4.5
Karnataka,MYSORE,1998,Kharif,Peas & beans (Pulses),22,202,9.181818182
Karnataka,MYSORE,1998,Kharif,Potato,28,309,11.03571429
Karnataka,MYSORE,1998,Kharif,Ragi,71644,115488,1.611970298
Karnataka,MYSORE,1998,Kharif,Rice,95399,291632,3.056971247
Karnataka,MYSORE,1998,Kharif,Sesamum,6314,3593,0.569052898
Karnataka,MYSORE,1998,Kharif,Soyabean,8,9,1.125
Karnataka,MYSORE,1998,Kharif,Sunflower,1268,778,0.613564669
Karnataka,MYSORE,1998,Rabi,Gram,923,213,0.230769231
Karnataka,MYSORE,1998,Rabi,Groundnut,991,1098,1.107971746
Karnataka,MYSORE,1998,Rabi,Horse-gram,24298,10110,0.416083628
Karnataka,MYSORE,1998,Rabi,Jowar,1130,777,0.687610619
Karnataka,MYSORE,1998,Rabi,Maize,109,215,1.972477064
Karnataka,MYSORE,1998,Rabi,Moong(Green Gram),778,349,0.448586118
Karnataka,MYSORE,1998,Rabi,Peas & beans (Pulses),17,168,9.882352941
Karnataka,MYSORE,1998,Rabi,Ragi,10701,14587,1.363143631
Karnataka,MYSORE,1998,Rabi,Rice,612,1336,2.183006536
Karnataka,MYSORE,1998,Rabi,Sunflower,130,36,0.276923077
Karnataka,MYSORE,1998,Summer,Jowar,1123,2979,2.652715939
Karnataka,MYSORE,1998,Summer,Maize,34,77,2.264705882
Karnataka,MYSORE,1998,Summer,Peas & beans (Pulses),121,1048,8.661157025
Karnataka,MYSORE,1998,Summer,Ragi,1325,3085,2.328301887
Karnataka,MYSORE,1998,Summer,Rice,13655,40058,2.933577444
Karnataka,MYSORE,1998,Summer,Sunflower,5,3,0.6
Karnataka,MYSORE,1998,Whole Year,Arecanut,453,1589,3.507726269
Karnataka,MYSORE,1998,Whole Year,Black pepper,5,13,2.6
Karnataka,MYSORE,1998,Whole Year,Coconut,11821,42095,3.561035445
Karnataka,MYSORE,1998,Whole Year,Coriander,639,63,0.098591549
Karnataka,MYSORE,1998,Whole Year,Dry chillies,2000,564,0.282
Karnataka,MYSORE,1998,Whole Year,Turmeric,331,1092,3.299093656
Karnataka,MYSORE,1999,Kharif,Arhar/Tur,6465,3617,0.559474091
Karnataka,MYSORE,1999,Kharif,Bajra,52,29,0.557692308
Karnataka,MYSORE,1999,Kharif,Castor seed,2727,1583,0.580491382
Karnataka,MYSORE,1999,Kharif,Cotton(lint),63107,154105,2.441963649
Karnataka,MYSORE,1999,Kharif,Dry ginger,145,1893,13.05517241
Karnataka,MYSORE,1999,Kharif,Groundnut,9189,5646,0.614430297
Karnataka,MYSORE,1999,Kharif,Horse-gram,20126,18986,0.943356852
Karnataka,MYSORE,1999,Kharif,Jowar,18560,20711,1.115894397
Karnataka,MYSORE,1999,Kharif,Maize,13391,41903,3.129191248
Karnataka,MYSORE,1999,Kharif,Moong(Green Gram),2237,774,0.345999106
Karnataka,MYSORE,1999,Kharif,Niger seed,2897,597,0.20607525
Karnataka,MYSORE,1999,Kharif,Other Kharif pulses,16684,8282,0.49640374
Karnataka,MYSORE,1999,Kharif,Ragi,55044,59440,1.079863382
Karnataka,MYSORE,1999,Kharif,Rice,91444,264324,2.890555969
Karnataka,MYSORE,1999,Kharif,Sesamum,7462,2786,0.373358349
Karnataka,MYSORE,1999,Kharif,Small millets,4,1,0.25
Karnataka,MYSORE,1999,Kharif,Soyabean,16,15,0.9375
Karnataka,MYSORE,1999,Kharif,Sunflower,1713,615,0.359019264
Karnataka,MYSORE,1999,Kharif,Urad,1846,600,0.325027086
Karnataka,MYSORE,1999,Rabi,Gram,1335,694,0.519850187
Karnataka,MYSORE,1999,Rabi,Groundnut,645,708,1.097674419
Karnataka,MYSORE,1999,Rabi,Horse-gram,30071,15084,0.50161285
Karnataka,MYSORE,1999,Rabi,Jowar,1081,744,0.688251619
Karnataka,MYSORE,1999,Rabi,Maize,15,28,1.866666667
Karnataka,MYSORE,1999,Rabi,Moong(Green Gram),1606,400,0.249066002
Karnataka,MYSORE,1999,Rabi,Other  Rabi pulses,21565,2133,0.098910271
Karnataka,MYSORE,1999,Rabi,Ragi,16415,18860,1.148949132
Karnataka,MYSORE,1999,Rabi,Rapeseed &Mustard,7,2,0.285714286
Karnataka,MYSORE,1999,Rabi,Rice,1687,3438,2.037937167
Karnataka,MYSORE,1999,Rabi,Sunflower,320,102,0.31875
Karnataka,MYSORE,1999,Rabi,Urad,967,360,0.372285419
Karnataka,MYSORE,1999,Summer,Jowar,186,427,2.295698925
Karnataka,MYSORE,1999,Summer,Maize,10,15,1.5
Karnataka,MYSORE,1999,Summer,Ragi,1442,2406,1.66851595
Karnataka,MYSORE,1999,Summer,Rice,17520,47691,2.722089041
Karnataka,MYSORE,1999,Whole Year,Banana,976,20468,20.97131148
Karnataka,MYSORE,1999,Whole Year,Black pepper,16,41,2.5625
Karnataka,MYSORE,1999,Whole Year,Coconut,11281,40172,3.561031823
Karnataka,MYSORE,1999,Whole Year,Coriander,630,62,0.098412698
Karnataka,MYSORE,1999,Whole Year,Dry chillies,986,1100,1.115618661
Karnataka,MYSORE,1999,Whole Year,Onion,8,47,5.875
Karnataka,MYSORE,1999,Whole Year,Sugarcane,11118,1288576,115.899982
Karnataka,MYSORE,1999,Whole Year,Tobacco,39824,18879,0.474060868
Karnataka,MYSORE,1999,Whole Year,Turmeric,572,1928,3.370629371
Karnataka,MYSORE,2000,Kharif,Arhar/Tur,4911,1694,0.344939931
Karnataka,MYSORE,2000,Kharif,Bajra,21,15,0.714285714
Karnataka,MYSORE,2000,Kharif,Castor seed,2377,3837,1.614219605
Karnataka,MYSORE,2000,Kharif,Cotton(lint),64715,130909,2.022854052
Karnataka,MYSORE,2000,Kharif,Dry ginger,399,5210,13.05764411
Karnataka,MYSORE,2000,Kharif,Groundnut,6818,6483,0.950865356
Karnataka,MYSORE,2000,Kharif,Horse-gram,28851,21242,0.736265641
Karnataka,MYSORE,2000,Kharif,Jowar,13556,11948,0.881380938
Karnataka,MYSORE,2000,Kharif,Maize,21315,64028,3.003893971
Karnataka,MYSORE,2000,Kharif,Moong(Green Gram),3085,1216,0.394165316
Karnataka,MYSORE,2000,Kharif,Niger seed,3046,627,0.205843729
Karnataka,MYSORE,2000,Kharif,Other Kharif pulses,21004,10433,0.496714911
Karnataka,MYSORE,2000,Kharif,Ragi,63305,102662,1.621704447
Karnataka,MYSORE,2000,Kharif,Rice,91522,275479,3.009975744
Karnataka,MYSORE,2000,Kharif,Sesamum,5608,2621,0.467368046
Karnataka,MYSORE,2000,Kharif,Soyabean,43,45,1.046511628
Karnataka,MYSORE,2000,Kharif,Sunflower,823,251,0.304981774
Karnataka,MYSORE,2000,Kharif,Urad,2645,1023,0.386767486
Karnataka,MYSORE,2000,Rabi,Gram,1238,804,0.649434572
Karnataka,MYSORE,2000,Rabi,Groundnut,486,534,1.098765432
Karnataka,MYSORE,2000,Rabi,Horse-gram,20704,14398,0.695421175
Karnataka,MYSORE,2000,Rabi,Jowar,1171,899,0.767719898
Karnataka,MYSORE,2000,Rabi,Maize,282,555,1.968085106
Karnataka,MYSORE,2000,Rabi,Moong(Green Gram),934,250,0.267665953
Karnataka,MYSORE,2000,Rabi,Other  Rabi pulses,4857,511,0.105208977
Karnataka,MYSORE,2000,Rabi,Ragi,9616,10852,1.128535774
Karnataka,MYSORE,2000,Rabi,Rapeseed &Mustard,5,1,0.2
Karnataka,MYSORE,2000,Rabi,Rice,1179,2356,1.998303647
Karnataka,MYSORE,2000,Rabi,Sunflower,5,2,0.4
Karnataka,MYSORE,2000,Rabi,Urad,776,271,0.349226804
Karnataka,MYSORE,2000,Summer,Jowar,286,581,2.031468531
Karnataka,MYSORE,2000,Summer,Maize,78,219,2.807692308
Karnataka,MYSORE,2000,Summer,Ragi,1670,3311,1.982634731
Karnataka,MYSORE,2000,Summer,Rice,16308,46416,2.846210449
Karnataka,MYSORE,2000,Summer,Sunflower,34,24,0.705882353
Karnataka,MYSORE,2000,Whole Year,Arecanut,400,284,0.71
Karnataka,MYSORE,2000,Whole Year,Banana,1409,30423,21.59190916
Karnataka,MYSORE,2000,Whole Year,Black pepper,14,36,2.571428571
Karnataka,MYSORE,2000,Whole Year,Coconut,12512,44556,3.561061381
Karnataka,MYSORE,2000,Whole Year,Coriander,15,1,0.066666667
Karnataka,MYSORE,2000,Whole Year,Dry chillies,1894,1838,0.970432946
Karnataka,MYSORE,2000,Whole Year,Onion,15,80,5.333333333
Karnataka,MYSORE,2000,Whole Year,Potato,30,282,9.4
Karnataka,MYSORE,2000,Whole Year,Sugarcane,8964,698296,77.90004462
Karnataka,MYSORE,2000,Whole Year,Tobacco,33375,17058,0.511101124
Karnataka,MYSORE,2000,Whole Year,Turmeric,827,2918,3.528415961
Karnataka,MYSORE,2001,Kharif,Arhar/Tur,4394,2651,0.603322713
Karnataka,MYSORE,2001,Kharif,Castor seed,2301,1091,0.474141678
Karnataka,MYSORE,2001,Kharif,Cotton(lint),55918,76555,1.369058264
Karnataka,MYSORE,2001,Kharif,Dry ginger,1320,17237,13.05833333
Karnataka,MYSORE,2001,Kharif,Groundnut,7817,6958,0.890111296
Karnataka,MYSORE,2001,Kharif,Horse-gram,35698,29538,0.827441313
Karnataka,MYSORE,2001,Kharif,Jowar,13458,9029,0.670902066
Karnataka,MYSORE,2001,Kharif,Maize,15251,65459,4.292111993
Karnataka,MYSORE,2001,Kharif,Moong(Green Gram),3433,1790,0.521409846
Karnataka,MYSORE,2001,Kharif,Niger seed,3277,675,0.20598108
Karnataka,MYSORE,2001,Kharif,Other Kharif pulses,27408,13212,0.482049037
Karnataka,MYSORE,2001,Kharif,Ragi,66135,109676,1.658365465
Karnataka,MYSORE,2001,Kharif,Rice,102365,327885,3.203096762
Karnataka,MYSORE,2001,Kharif,Sesamum,4926,3660,0.742996346
Karnataka,MYSORE,2001,Kharif,Soyabean,67,56,0.835820896
Karnataka,MYSORE,2001,Kharif,Sunflower,767,435,0.56714472
Karnataka,MYSORE,2001,Kharif,Urad,5184,1916,0.369598765
Karnataka,MYSORE,2001,Rabi,Gram,1857,1090,0.586968228
Karnataka,MYSORE,2001,Rabi,Horse-gram,24566,10805,0.439835545
Karnataka,MYSORE,2001,Rabi,Jowar,991,747,0.753784057
Karnataka,MYSORE,2001,Rabi,Maize,654,1225,1.873088685
Karnataka,MYSORE,2001,Rabi,Moong(Green Gram),1146,336,0.293193717
Karnataka,MYSORE,2001,Rabi,Other  Rabi pulses,5350,580,0.108411215
Karnataka,MYSORE,2001,Rabi,Ragi,12642,17457,1.38087328
Karnataka,MYSORE,2001,Rabi,Rice,176,436,2.477272727
Karnataka,MYSORE,2001,Rabi,Sunflower,15,5,0.333333333
Karnataka,MYSORE,2001,Rabi,Urad,768,288,0.375
Karnataka,MYSORE,2001,Summer,Maize,205,539,2.629268293
Karnataka,MYSORE,2001,Summer,Ragi,756,1159,1.533068783
Karnataka,MYSORE,2001,Summer,Rice,12254,33574,2.739840052
Karnataka,MYSORE,2001,Whole Year,Arecanut,798,566,0.709273183
Karnataka,MYSORE,2001,Whole Year,Black pepper,20,51,2.55
Karnataka,MYSORE,2001,Whole Year,Coconut,18765,50122,2.671036504
Karnataka,MYSORE,2001,Whole Year,Coriander,217,21,0.096774194
Karnataka,MYSORE,2001,Whole Year,Dry chillies,1666,1573,0.944177671
Karnataka,MYSORE,2001,Whole Year,Onion,5,21,4.2
Karnataka,MYSORE,2001,Whole Year,Peas & beans (Pulses),148,763,5.155405405
Karnataka,MYSORE,2001,Whole Year,Potato,50,448,8.96
Karnataka,MYSORE,2001,Whole Year,Sugarcane,11009,983104,89.30002725
Karnataka,MYSORE,2001,Whole Year,Turmeric,691,2594,3.75397974
Karnataka,MYSORE,2002,Kharif,Arhar/Tur,6267,2697,0.430349449
Karnataka,MYSORE,2002,Kharif,Castor seed,3021,1289,0.426679907
Karnataka,MYSORE,2002,Kharif,Cotton(lint),36105,31900,0.883534137
Karnataka,MYSORE,2002,Kharif,Dry ginger,1105,14429,13.05791855
Karnataka,MYSORE,2002,Kharif,Groundnut,6041,4563,0.75533852
Karnataka,MYSORE,2002,Kharif,Horse-gram,19024,8603,0.452218251
Karnataka,MYSORE,2002,Kharif,Jowar,10366,4464,0.430638626
Karnataka,MYSORE,2002,Kharif,Maize,12935,28164,2.17734828
Karnataka,MYSORE,2002,Kharif,Moong(Green Gram),4682,734,0.156770611
Karnataka,MYSORE,2002,Kharif,Niger seed,4244,874,0.205937795
Karnataka,MYSORE,2002,Kharif,Other Kharif pulses,21318,10156,0.476404916
Karnataka,MYSORE,2002,Kharif,Ragi,47217,45080,0.954740877
Karnataka,MYSORE,2002,Kharif,Rice,80233,217716,2.713546795
Karnataka,MYSORE,2002,Kharif,Sesamum,5256,1947,0.37043379
Karnataka,MYSORE,2002,Kharif,Sunflower,1896,730,0.385021097
Karnataka,MYSORE,2002,Kharif,Urad,3569,556,0.155785934
Karnataka,MYSORE,2002,Rabi,Gram,1239,545,0.439870864
Karnataka,MYSORE,2002,Rabi,Groundnut,255,333,1.305882353
Karnataka,MYSORE,2002,Rabi,Horse-gram,41160,9306,0.226093294
Karnataka,MYSORE,2002,Rabi,Jowar,1474,1059,0.718453189
Karnataka,MYSORE,2002,Rabi,Maize,5382,13379,2.485878855
Karnataka,MYSORE,2002,Rabi,Moong(Green Gram),1566,274,0.174968072
Karnataka,MYSORE,2002,Rabi,Other  Rabi pulses,9486,963,0.101518027
Karnataka,MYSORE,2002,Rabi,Ragi,23032,19920,0.86488364
Karnataka,MYSORE,2002,Rabi,Rice,627,1309,2.087719298
Karnataka,MYSORE,2002,Rabi,Sunflower,260,92,0.353846154
Karnataka,MYSORE,2002,Rabi,Urad,1941,229,0.117980422
Karnataka,MYSORE,2002,Summer,Jowar,92,127,1.380434783
Karnataka,MYSORE,2002,Summer,Maize,515,1316,2.555339806
Karnataka,MYSORE,2002,Summer,Ragi,654,751,1.148318043
Karnataka,MYSORE,2002,Summer,Rice,2487,6355,2.555287495
Karnataka,MYSORE,2002,Summer,Sunflower,62,38,0.612903226
Karnataka,MYSORE,2002,Whole Year,Arcanut (Processed),679,482,0.709867452
Karnataka,MYSORE,2002,Whole Year,Atcanut (Raw),679,2382,3.508100147
Karnataka,MYSORE,2002,Whole Year,Banana,1579,32041,20.29195693
Karnataka,MYSORE,2002,Whole Year,Beans & Mutter(Vegetable),104,950,9.134615385
Karnataka,MYSORE,2002,Whole Year,Black pepper,124,317,2.556451613
Karnataka,MYSORE,2002,Whole Year,Brinjal,769,5377,6.992197659
Karnataka,MYSORE,2002,Whole Year,Cashewnut Processed,169,15,0.088757396
Karnataka,MYSORE,2002,Whole Year,Cashewnut Raw,169,59,0.349112426
Karnataka,MYSORE,2002,Whole Year,Citrus Fruit,2,35,17.5
Karnataka,MYSORE,2002,Whole Year,Coconut,19801,52889,2.671026716
Karnataka,MYSORE,2002,Whole Year,Coriander,34,3,0.088235294
Karnataka,MYSORE,2002,Whole Year,Dry chillies,1484,1634,1.101078167
Karnataka,MYSORE,2002,Whole Year,Mango,4004,18639,4.655094905
Karnataka,MYSORE,2002,Whole Year,Onion,5,17,3.4
Karnataka,MYSORE,2002,Whole Year,Other Fresh Fruits,380,2062,5.426315789
Karnataka,MYSORE,2002,Whole Year,Papaya,2,3,1.5
Karnataka,MYSORE,2002,Whole Year,Pome Fruit,50,289,5.78
Karnataka,MYSORE,2002,Whole Year,Potato,52,104,2
Karnataka,MYSORE,2002,Whole Year,Sugarcane,13048,1351120,103.5499693
Karnataka,MYSORE,2002,Whole Year,Tobacco,49790,29563,0.593753766
Karnataka,MYSORE,2002,Whole Year,Tomato,1785,20801,11.65322129
Karnataka,MYSORE,2002,Whole Year,Turmeric,428,2009,4.693925234
Karnataka,MYSORE,2003,Kharif,Arhar/Tur,3601,2111,0.586226048
Karnataka,MYSORE,2003,Kharif,Castor seed,1863,699,0.375201288
Karnataka,MYSORE,2003,Kharif,Cotton(lint),42809,33251,0.776729192
Karnataka,MYSORE,2003,Kharif,Dry ginger,386,5040,13.05699482
Karnataka,MYSORE,2003,Kharif,Groundnut,4965,2933,0.590735146
Karnataka,MYSORE,2003,Kharif,Horse-gram,14199,3575,0.251778294
Karnataka,MYSORE,2003,Kharif,Jowar,10369,4631,0.446619732
Karnataka,MYSORE,2003,Kharif,Maize,13108,39107,2.983445224
Karnataka,MYSORE,2003,Kharif,Moong(Green Gram),4004,612,0.152847153
Karnataka,MYSORE,2003,Kharif,Niger seed,3609,743,0.205874203
Karnataka,MYSORE,2003,Kharif,Other Kharif pulses,24367,11493,0.471662494
Karnataka,MYSORE,2003,Kharif,Ragi,61691,74870,1.213629217
Karnataka,MYSORE,2003,Kharif,Rice,76564,228647,2.986351288
Karnataka,MYSORE,2003,Kharif,Sesamum,4335,1783,0.411303345
Karnataka,MYSORE,2003,Kharif,Sunflower,994,380,0.382293763
Karnataka,MYSORE,2003,Kharif,Urad,5918,1321,0.223217303
Karnataka,MYSORE,2003,Rabi,Gram,1143,416,0.363954506
Karnataka,MYSORE,2003,Rabi,Groundnut,43,42,0.976744186
Karnataka,MYSORE,2003,Rabi,Horse-gram,38006,6463,0.170052097
Karnataka,MYSORE,2003,Rabi,Jowar,1499,567,0.378252168
Karnataka,MYSORE,2003,Rabi,Maize,2051,2850,1.389566065
Karnataka,MYSORE,2003,Rabi,Moong(Green Gram),590,173,0.293220339
Karnataka,MYSORE,2003,Rabi,Other  Rabi pulses,4098,422,0.102977062
Karnataka,MYSORE,2003,Rabi,Ragi,14384,3701,0.257299778
Karnataka,MYSORE,2003,Rabi,Rice,2484,7363,2.964170692
Karnataka,MYSORE,2003,Rabi,Sunflower,317,63,0.19873817
Karnataka,MYSORE,2003,Rabi,Urad,463,244,0.52699784
Karnataka,MYSORE,2003,Summer,Jowar,80,190,2.375
Karnataka,MYSORE,2003,Summer,Maize,396,997,2.517676768
Karnataka,MYSORE,2003,Summer,Ragi,619,736,1.18901454
Karnataka,MYSORE,2003,Summer,Rice,2454,9449,3.850448248
Karnataka,MYSORE,2003,Whole Year,Arecanut,645,458,0.710077519
Karnataka,MYSORE,2003,Whole Year,Banana,2085,27931,13.39616307
Karnataka,MYSORE,2003,Whole Year,Beans & Mutter(Vegetable),422,2644,6.265402844
Karnataka,MYSORE,2003,Whole Year,Black pepper,25,64,2.56
Karnataka,MYSORE,2003,Whole Year,Brinjal,616,5707,9.26461039
Karnataka,MYSORE,2003,Whole Year,Citrus Fruit,4,63,15.75
Karnataka,MYSORE,2003,Whole Year,Coconut,18005,48092,2.671035823
Karnataka,MYSORE,2003,Whole Year,Coriander,75,7,0.093333333
Karnataka,MYSORE,2003,Whole Year,Dry chillies,804,1931,2.401741294
Karnataka,MYSORE,2003,Whole Year,Mango,3538,10897,3.079988694
Karnataka,MYSORE,2003,Whole Year,Onion,5,13,2.6
Karnataka,MYSORE,2003,Whole Year,Other Fresh Fruits,322,1521,4.723602484
Karnataka,MYSORE,2003,Whole Year,Pome Fruit,38,210,5.526315789
Karnataka,MYSORE,2003,Whole Year,Potato,50,257,5.14
Karnataka,MYSORE,2003,Whole Year,Sugarcane,9849,1253778,127.3000305
Karnataka,MYSORE,2003,Whole Year,Tobacco,64147,32176,0.501597892
Karnataka,MYSORE,2003,Whole Year,Tomato,1638,14951,9.127594628
Karnataka,MYSORE,2003,Whole Year,Turmeric,566,4183,7.390459364
Karnataka,MYSORE,2004,Kharif,Arhar/Tur,5345,3214,0.601309635
Karnataka,MYSORE,2004,Kharif,Castor seed,2383,1564,0.656315569
Karnataka,MYSORE,2004,Kharif,Cotton(lint),72962,83989,1.151133467
Karnataka,MYSORE,2004,Kharif,Dry ginger,158,2063,13.05696203
Karnataka,MYSORE,2004,Kharif,Groundnut,7168,5640,0.786830357
Karnataka,MYSORE,2004,Kharif,Horse-gram,26453,8796,0.332514271
Karnataka,MYSORE,2004,Kharif,Jowar,19079,32450,1.700822894
Karnataka,MYSORE,2004,Kharif,Maize,14851,50799,3.420577739
Karnataka,MYSORE,2004,Kharif,Moong(Green Gram),6683,2216,0.33158761
Karnataka,MYSORE,2004,Kharif,Niger seed,3731,768,0.205842938
Karnataka,MYSORE,2004,Kharif,Other Kharif pulses,37944,18310,0.482553236
Karnataka,MYSORE,2004,Kharif,Ragi,58102,106653,1.835616674
Karnataka,MYSORE,2004,Kharif,Rice,99284,312198.54,3.14450002
Karnataka,MYSORE,2004,Kharif,Sesamum,11153,11252,1.008876535
Karnataka,MYSORE,2004,Kharif,Soyabean,18,11,0.611111111
Karnataka,MYSORE,2004,Kharif,Sunflower,1008,425,0.421626984
Karnataka,MYSORE,2004,Kharif,Urad,6565,1185,0.180502666
Karnataka,MYSORE,2004,Rabi,Gram,991,379,0.382441978
Karnataka,MYSORE,2004,Rabi,Groundnut,735,669,0.910204082
Karnataka,MYSORE,2004,Rabi,Horse-gram,32278,7973,0.247010348
Karnataka,MYSORE,2004,Rabi,Jowar,739,369,0.49932341
Karnataka,MYSORE,2004,Rabi,Maize,2861,8616,3.011534429
Karnataka,MYSORE,2004,Rabi,Moong(Green Gram),462,113,0.244588745
Karnataka,MYSORE,2004,Rabi,Other  Rabi pulses,6626,724,0.109266526
Karnataka,MYSORE,2004,Rabi,Ragi,20819,15766,0.757289015
Karnataka,MYSORE,2004,Rabi,Rice,48,162,3.375
Karnataka,MYSORE,2004,Rabi,Sunflower,42,24,0.571428571
Karnataka,MYSORE,2004,Rabi,Urad,577,199,0.344887348
Karnataka,MYSORE,2004,Summer,Jowar,1,1,1
Karnataka,MYSORE,2004,Summer,Maize,506,1548,3.059288538
Karnataka,MYSORE,2004,Summer,Ragi,2446,3895,1.592395748
Karnataka,MYSORE,2004,Summer,Rice,19148,84113,4.392782536
Karnataka,MYSORE,2004,Summer,Sunflower,164,106,0.646341463
Karnataka,MYSORE,2004,Whole Year,Arecanut,676,480,0.710059172
Karnataka,MYSORE,2004,Whole Year,Banana,1570,34482,21.96305732
Karnataka,MYSORE,2004,Whole Year,Black pepper,28,72,2.571428571
Karnataka,MYSORE,2004,Whole Year,Coconut,19404,523519.92,26.98
Karnataka,MYSORE,2004,Whole Year,Coriander,24,2,0.083333333
Karnataka,MYSORE,2004,Whole Year,Dry chillies,1391,2653,1.907260963
Karnataka,MYSORE,2004,Whole Year,Onion,5,29,5.8
Karnataka,MYSORE,2004,Whole Year,Potato,15,93,6.2
Karnataka,MYSORE,2004,Whole Year,Tobacco,59482,38821,0.652651222
Karnataka,MYSORE,2004,Whole Year,Turmeric,614,3450,5.618892508
Karnataka,MYSORE,2005,Kharif,Arhar/Tur,4315,2513,0.582387022
Karnataka,MYSORE,2005,Kharif,Castor seed,4735,2604,0.549947202
Karnataka,MYSORE,2005,Kharif,Dry chillies,525,382,0.727619048
Karnataka,MYSORE,2005,Kharif,Groundnut,14357,8771,0.610921502
Karnataka,MYSORE,2005,Kharif,Horse-gram,24665,12114,0.491141293
Karnataka,MYSORE,2005,Kharif,Jowar,13295,17122,1.287852576
Karnataka,MYSORE,2005,Kharif,Maize,19445,77852,4.003702751
Karnataka,MYSORE,2005,Kharif,Moong(Green Gram),4415,986,0.223329558
Karnataka,MYSORE,2005,Kharif,Niger seed,4914,1012,0.205942206
Karnataka,MYSORE,2005,Kharif,Onion,20,111,5.55
Karnataka,MYSORE,2005,Kharif,Other Kharif pulses,37545,16765,0.44653083
Karnataka,MYSORE,2005,Kharif,Peas & beans (Pulses),90,550,6.111111111
Karnataka,MYSORE,2005,Kharif,Potato,10,33,3.3
Karnataka,MYSORE,2005,Kharif,Ragi,78192,171342,2.191298343
Karnataka,MYSORE,2005,Kharif,Rice,99671,294884,2.958573707
Karnataka,MYSORE,2005,Kharif,Sesamum,8410,11713,1.39274673
Karnataka,MYSORE,2005,Kharif,Soyabean,11,6,0.545454545
Karnataka,MYSORE,2005,Kharif,Sunflower,1970,696,0.353299492
Karnataka,MYSORE,2005,Kharif,Urad,4123,1034,0.250788261
Karnataka,MYSORE,2005,Rabi,Dry chillies,127,470,3.700787402
Karnataka,MYSORE,2005,Rabi,Gram,1321,722,0.54655564
Karnataka,MYSORE,2005,Rabi,Groundnut,180,152,0.844444444
Karnataka,MYSORE,2005,Rabi,Horse-gram,36747,12358,0.336299562
Karnataka,MYSORE,2005,Rabi,Jowar,380,220,0.578947368
Karnataka,MYSORE,2005,Rabi,Maize,1545,5173,3.348220065
Karnataka,MYSORE,2005,Rabi,Moong(Green Gram),465,137,0.294623656
Karnataka,MYSORE,2005,Rabi,Other  Rabi pulses,9140,1056,0.115536105
Karnataka,MYSORE,2005,Rabi,Peas & beans (Pulses),7,49,7
Karnataka,MYSORE,2005,Rabi,Ragi,20603,49286,2.392175897
Karnataka,MYSORE,2005,Rabi,Rapeseed &Mustard,25,7,0.28
Karnataka,MYSORE,2005,Rabi,Rice,35,78,2.228571429
Karnataka,MYSORE,2005,Rabi,Sunflower,42,21,0.5
Karnataka,MYSORE,2005,Rabi,Urad,518,248,0.478764479
Karnataka,MYSORE,2005,Summer,Dry chillies,228,1178,5.166666667
Karnataka,MYSORE,2005,Summer,Jowar,412,587,1.424757282
Karnataka,MYSORE,2005,Summer,Maize,516,1716,3.325581395
Karnataka,MYSORE,2005,Summer,Peas & beans (Pulses),22,111,5.045454545
Karnataka,MYSORE,2005,Summer,Ragi,2114,4617,2.184011353
Karnataka,MYSORE,2005,Summer,Rice,21147,64086,3.03050078
Karnataka,MYSORE,2005,Summer,Sunflower,23,18,0.782608696
Karnataka,MYSORE,2005,Whole Year,Arecanut,556,1950,3.507194245
Karnataka,MYSORE,2005,Whole Year,Banana,2337,44669,19.11382114
Karnataka,MYSORE,2005,Whole Year,Black pepper,25,64,2.56
Karnataka,MYSORE,2005,Whole Year,Coconut,13158,35145,2.670998632
Karnataka,MYSORE,2005,Whole Year,Coriander,25,2,0.08
Karnataka,MYSORE,2005,Whole Year,Cotton(lint),46606,78651,1.687572416
Karnataka,MYSORE,2005,Whole Year,Dry ginger,135,1763,13.05925926
Karnataka,MYSORE,2005,Whole Year,Sugarcane,8744,988509,113.0499771
Karnataka,MYSORE,2005,Whole Year,Tobacco,69104,35779,0.517755846
Karnataka,MYSORE,2005,Whole Year,Turmeric,535,2588,4.837383178
Karnataka,MYSORE,2006,Kharif,Arhar/Tur,5591,5025,0.898765874
Karnataka,MYSORE,2006,Kharif,Castor seed,3904,2618,0.670594262
Karnataka,MYSORE,2006,Kharif,Gram,5836,1547,0.265078821
Karnataka,MYSORE,2006,Kharif,Groundnut,9204,3747,0.407105606
Karnataka,MYSORE,2006,Kharif,Horse-gram,25447,7446,0.292608166
Karnataka,MYSORE,2006,Kharif,Jowar,14845,21862,1.472684406
Karnataka,MYSORE,2006,Kharif,Maize,23868,94829,3.973060164
Karnataka,MYSORE,2006,Kharif,Moong(Green Gram),4923,1239,0.251675807
Karnataka,MYSORE,2006,Kharif,Niger seed,2836,584,0.205923836
Karnataka,MYSORE,2006,Kharif,Other Kharif pulses,31048,22195,0.714860861
Karnataka,MYSORE,2006,Kharif,Ragi,48661,78258,1.608228355
Karnataka,MYSORE,2006,Kharif,Rice,100912,276379,2.738812034
Karnataka,MYSORE,2006,Kharif,Sesamum,14032,13997,0.997505701
Karnataka,MYSORE,2006,Kharif,Soyabean,23,17,0.739130435
Karnataka,MYSORE,2006,Kharif,Sunflower,2303,692,0.300477638
Karnataka,MYSORE,2006,Kharif,Urad,5836,1547,0.265078821
Karnataka,MYSORE,2006,Rabi,Gram,2373,983,0.414243574
Karnataka,MYSORE,2006,Rabi,Groundnut,172,131,0.761627907
Karnataka,MYSORE,2006,Rabi,Horse-gram,37818,13545,0.35816278
Karnataka,MYSORE,2006,Rabi,Jowar,430,218,0.506976744
Karnataka,MYSORE,2006,Rabi,Maize,2462,7439,3.021527214
Karnataka,MYSORE,2006,Rabi,Moong(Green Gram),357,108,0.302521008
Karnataka,MYSORE,2006,Rabi,Other  Rabi pulses,11529,2937,0.254748894
Karnataka,MYSORE,2006,Rabi,Ragi,18181,24358,1.339750289
Karnataka,MYSORE,2006,Rabi,Rice,202,465,2.301980198
Karnataka,MYSORE,2006,Rabi,Sunflower,12,4,0.333333333
Karnataka,MYSORE,2006,Rabi,Urad,458,241,0.526200873
Karnataka,MYSORE,2006,Summer,Jowar,10,15,1.5
Karnataka,MYSORE,2006,Summer,Maize,374,1198,3.203208556
Karnataka,MYSORE,2006,Summer,Ragi,739,1406,1.902571042
Karnataka,MYSORE,2006,Summer,Rice,13280,40624,3.059036145
Karnataka,MYSORE,2006,Summer,Sunflower,5,4,0.8
Karnataka,MYSORE,2006,Whole Year,Arecanut,1026,728,0.709551657
Karnataka,MYSORE,2006,Whole Year,Banana,2027,44570,21.98815984
Karnataka,MYSORE,2006,Whole Year,Black pepper,26,66,2.538461538
Karnataka,MYSORE,2006,Whole Year,Coconut,18462,49312,2.670999892
Karnataka,MYSORE,2006,Whole Year,Coriander,42,4,0.095238095
Karnataka,MYSORE,2006,Whole Year,Cotton(lint),55070,50468,0.91643363
Karnataka,MYSORE,2006,Whole Year,Dry chillies,1077,2513,2.333333333
Karnataka,MYSORE,2006,Whole Year,Dry ginger,1080,14103,13.05833333
Karnataka,MYSORE,2006,Whole Year,Onion,5,28,5.6
Karnataka,MYSORE,2006,Whole Year,Potato,186,1190,6.397849462
Karnataka,MYSORE,2006,Whole Year,Sugarcane,11178,1592865,142.5
Karnataka,MYSORE,2006,Whole Year,Tapioca,15,126,8.4
Karnataka,MYSORE,2006,Whole Year,Tobacco,71231,25444,0.357204026
Karnataka,MYSORE,2006,Whole Year,Turmeric,665,3272,4.920300752
Karnataka,MYSORE,2007,Kharif,Arhar/Tur,3194,1420,0.444583594
Karnataka,MYSORE,2007,Kharif,Castor seed,3856,1989,0.515819502
Karnataka,MYSORE,2007,Kharif,Dry chillies,530,477,0.9
Karnataka,MYSORE,2007,Kharif,Groundnut,9744,6569,0.674158456
Karnataka,MYSORE,2007,Kharif,Horse-gram,20757,7592,0.36575613
Karnataka,MYSORE,2007,Kharif,Jowar,11724,13363,1.139798704
Karnataka,MYSORE,2007,Kharif,Maize,25387,87986,3.465789577
Karnataka,MYSORE,2007,Kharif,Moong(Green Gram),3564,1087,0.304994388
Karnataka,MYSORE,2007,Kharif,Niger seed,6482,3401,0.52468374
Karnataka,MYSORE,2007,Kharif,Onion,7,42,6
Karnataka,MYSORE,2007,Kharif,Other Kharif pulses,42327,23980,0.566541451
Karnataka,MYSORE,2007,Kharif,Potato,190,627,3.3
Karnataka,MYSORE,2007,Kharif,Ragi,64082,108905,1.699463188
Karnataka,MYSORE,2007,Kharif,Rice,105745,315901,2.987384746
Karnataka,MYSORE,2007,Kharif,Sesamum,8518,5810,0.682084996
Karnataka,MYSORE,2007,Kharif,Soyabean,52,42,0.807692308
Karnataka,MYSORE,2007,Kharif,Sunflower,1877,888,0.473095365
Karnataka,MYSORE,2007,Kharif,Urad,5835,1358,0.232733505
Karnataka,MYSORE,2007,Rabi,Dry chillies,197,344,1.746192893
Karnataka,MYSORE,2007,Rabi,Gram,1549,1842,1.189154293
Karnataka,MYSORE,2007,Rabi,Groundnut,271,238,0.878228782
Karnataka,MYSORE,2007,Rabi,Horse-gram,31809,12359,0.388537835
Karnataka,MYSORE,2007,Rabi,Jowar,179,82,0.458100559
Karnataka,MYSORE,2007,Rabi,Maize,3105,8409,2.70821256
Karnataka,MYSORE,2007,Rabi,Moong(Green Gram),515,168,0.326213592
Karnataka,MYSORE,2007,Rabi,Other  Rabi pulses,13471,3688,0.273773291
Karnataka,MYSORE,2007,Rabi,Ragi,15858,31549,1.989469038
Karnataka,MYSORE,2007,Rabi,Rice,200,435,2.175
Karnataka,MYSORE,2007,Rabi,Sunflower,28,12,0.428571429
Karnataka,MYSORE,2007,Rabi,Urad,503,195,0.387673956
Karnataka,MYSORE,2007,Summer,Dry chillies,423,1432,3.38534279
Karnataka,MYSORE,2007,Summer,Jowar,15,29,1.933333333
Karnataka,MYSORE,2007,Summer,Maize,203,655,3.226600985
Karnataka,MYSORE,2007,Summer,Ragi,660,1235,1.871212121
Karnataka,MYSORE,2007,Summer,Rice,16841,53740,3.191021911
Karnataka,MYSORE,2007,Whole Year,Arecanut,911,3195,3.507135016
Karnataka,MYSORE,2007,Whole Year,Banana,2863,67366,23.52986378
Karnataka,MYSORE,2007,Whole Year,Black pepper,59,184,3.118644068
Karnataka,MYSORE,2007,Whole Year,Coconut,22122,112636,5.09158304
Karnataka,MYSORE,2007,Whole Year,Coriander,26,9,0.346153846
Karnataka,MYSORE,2007,Whole Year,Cotton(lint),52439,35750,0.681744503
Karnataka,MYSORE,2007,Whole Year,Dry ginger,999,20502,20.52252252
Karnataka,MYSORE,2007,Whole Year,Sugarcane,10002,1178236,117.80004
Karnataka,MYSORE,2007,Whole Year,Sweet potato,15,125,8.333333333
Karnataka,MYSORE,2007,Whole Year,Tobacco,82890,27482,0.331547834
Karnataka,MYSORE,2007,Whole Year,Turmeric,677,3905,5.768094535
Karnataka,MYSORE,2008,Kharif,Arhar/Tur,3136,1335,0.425701531
Karnataka,MYSORE,2008,Kharif,Castor seed,2527,883,0.349426197
Karnataka,MYSORE,2008,Kharif,Dry chillies,629,584,0.92845787
Karnataka,MYSORE,2008,Kharif,Groundnut,3761,2744,0.729593193
Karnataka,MYSORE,2008,Kharif,Horse-gram,23592,8270,0.350542557
Karnataka,MYSORE,2008,Kharif,Jowar,11519,10598,0.920045143
Karnataka,MYSORE,2008,Kharif,Maize,22771,83658,3.673883448
Karnataka,MYSORE,2008,Kharif,Moong(Green Gram),3583,1382,0.385710299
Karnataka,MYSORE,2008,Kharif,Niger seed,3054,1046,0.342501637
Karnataka,MYSORE,2008,Kharif,Onion,7,36,5.142857143
Karnataka,MYSORE,2008,Kharif,Other Kharif pulses,34737,18422,0.530327892
Karnataka,MYSORE,2008,Kharif,Potato,116,220,1.896551724
Karnataka,MYSORE,2008,Kharif,Ragi,52888,103766,1.96199516
Karnataka,MYSORE,2008,Kharif,Rice,110591,327791.72,2.963999964
Karnataka,MYSORE,2008,Kharif,Sesamum,6534,4463,0.683042547
Karnataka,MYSORE,2008,Kharif,Soyabean,17,12,0.705882353
Karnataka,MYSORE,2008,Kharif,Sunflower,1845,1065,0.577235772
Karnataka,MYSORE,2008,Kharif,Urad,3120,1286,0.412179487
Karnataka,MYSORE,2008,Rabi,Dry chillies,133,225,1.691729323
Karnataka,MYSORE,2008,Rabi,Gram,1197,655,0.547201337
Karnataka,MYSORE,2008,Rabi,Groundnut,185,139,0.751351351
Karnataka,MYSORE,2008,Rabi,Horse-gram,33177,10464,0.315399222
Karnataka,MYSORE,2008,Rabi,Jowar,195,106,0.543589744
Karnataka,MYSORE,2008,Rabi,Maize,3323,8461,2.546193199
Karnataka,MYSORE,2008,Rabi,Moong(Green Gram),530,135,0.254716981
Karnataka,MYSORE,2008,Rabi,Other  Rabi pulses,11750,3751,0.319234043
Karnataka,MYSORE,2008,Rabi,Ragi,10319,18336,1.776916368
Karnataka,MYSORE,2008,Rabi,Sunflower,5,1,0.2
Karnataka,MYSORE,2008,Rabi,Urad,489,213,0.435582822
Karnataka,MYSORE,2008,Summer,Dry chillies,455,1493,3.281318681
Karnataka,MYSORE,2008,Summer,Jowar,75,171,2.28
Karnataka,MYSORE,2008,Summer,Maize,322,1013,3.145962733
Karnataka,MYSORE,2008,Summer,Ragi,559,830,1.484794275
Karnataka,MYSORE,2008,Summer,Rice,13212,37629,2.848092643
Karnataka,MYSORE,2008,Whole Year,Arecanut,1109,3890,3.507664563
Karnataka,MYSORE,2008,Whole Year,Banana,3706,60286,16.26713438
Karnataka,MYSORE,2008,Whole Year,Black pepper,62,263,4.241935484
Karnataka,MYSORE,2008,Whole Year,Cashewnut,200,122.96,0.6148
Karnataka,MYSORE,2008,Whole Year,Coconut,21977,193857,8.820903672
Karnataka,MYSORE,2008,Whole Year,Coriander,63,34,0.53968254
Karnataka,MYSORE,2008,Whole Year,Cotton(lint),43629,34863,0.799078595
Karnataka,MYSORE,2008,Whole Year,Dry ginger,1714,65855,38.4218203
Karnataka,MYSORE,2008,Whole Year,Sugarcane,5588,637032,114
Karnataka,MYSORE,2008,Whole Year,Sweet potato,16,162,10.125
Karnataka,MYSORE,2008,Whole Year,Tapioca,110,906,8.236363636
Karnataka,MYSORE,2008,Whole Year,Tobacco,73995,21229,0.286897763
Karnataka,MYSORE,2008,Whole Year,Turmeric,1946,9356,4.807810894
Karnataka,MYSORE,2009,Kharif,Arhar/Tur,3368,1766,0.524346793
Karnataka,MYSORE,2009,Kharif,Castor seed,2755,906,0.328856624
Karnataka,MYSORE,2009,Kharif,Gram,33250,25112,0.75524812
Karnataka,MYSORE,2009,Kharif,Groundnut,5838,4330,0.74169236
Karnataka,MYSORE,2009,Kharif,Horse-gram,33250,25112,0.75524812
Karnataka,MYSORE,2009,Kharif,Jowar,12911,9880,0.765238944
Karnataka,MYSORE,2009,Kharif,Maize,26496,85131,3.212975543
Karnataka,MYSORE,2009,Kharif,Moong(Green Gram),7178,2346,0.326831987
Karnataka,MYSORE,2009,Kharif,Niger seed,2819,1153,0.409010287
Karnataka,MYSORE,2009,Kharif,Onion,10,35,3.5
Karnataka,MYSORE,2009,Kharif,Other Kharif pulses,15798,19019,1.203886568
Karnataka,MYSORE,2009,Kharif,Potato,116,718,6.189655172
Karnataka,MYSORE,2009,Kharif,Ragi,52134,99941,1.91700234
Karnataka,MYSORE,2009,Kharif,Rice,110196,341277.01,3.096999982
Karnataka,MYSORE,2009,Kharif,Sesamum,10079,7095,0.703938883
Karnataka,MYSORE,2009,Kharif,Sunflower,2313,1151,0.497622136
Karnataka,MYSORE,2009,Kharif,Urad,8673,3419,0.394211922
Karnataka,MYSORE,2009,Rabi,Dry chillies,232,692,2.982758621
Karnataka,MYSORE,2009,Rabi,Gram,16153,8900,0.550981242
Karnataka,MYSORE,2009,Rabi,Groundnut,17,13,0.764705882
Karnataka,MYSORE,2009,Rabi,Horse-gram,16153,8900,0.550981242
Karnataka,MYSORE,2009,Rabi,Jowar,325,229,0.704615385
Karnataka,MYSORE,2009,Rabi,Maize,2643,6463,2.44532728
Karnataka,MYSORE,2009,Rabi,Moong(Green Gram),145,38,0.262068966
Karnataka,MYSORE,2009,Rabi,Other  Rabi pulses,12789,3918,0.306357026
Karnataka,MYSORE,2009,Rabi,Ragi,11962,20148,1.684333723
Karnataka,MYSORE,2009,Rabi,Sunflower,169,38,0.224852071
Karnataka,MYSORE,2009,Rabi,Urad,207,81,0.391304348
Karnataka,MYSORE,2009,Summer,Dry chillies,468,2155,4.604700855
Karnataka,MYSORE,2009,Summer,Jowar,267,394,1.475655431
Karnataka,MYSORE,2009,Summer,Maize,252,906,3.595238095
Karnataka,MYSORE,2009,Summer,Ragi,552,802,1.452898551
Karnataka,MYSORE,2009,Summer,Rice,13454,40747,3.028616025
Karnataka,MYSORE,2009,Whole Year,Arecanut,1066,3739,3.50750469
Karnataka,MYSORE,2009,Whole Year,Banana,4454,131054,29.42388864
Karnataka,MYSORE,2009,Whole Year,Black pepper,166,616,3.710843373
Karnataka,MYSORE,2009,Whole Year,Cashewnut,190,144,0.757894737
Karnataka,MYSORE,2009,Whole Year,Coconut,22070,130899,5.931082918
Karnataka,MYSORE,2009,Whole Year,Coriander,61,30,0.491803279
Karnataka,MYSORE,2009,Whole Year,Cotton(lint),41255,54175,1.313174161
Karnataka,MYSORE,2009,Whole Year,Dry ginger,1801,65507,36.37257079
Karnataka,MYSORE,2009,Whole Year,Sugarcane,8435,897484,106.4
Karnataka,MYSORE,2009,Whole Year,Sweet potato,16,105,6.5625
Karnataka,MYSORE,2009,Whole Year,Tapioca,115,965,8.391304348
Karnataka,MYSORE,2009,Whole Year,Tobacco,83050,58700,0.706803131
Karnataka,MYSORE,2009,Whole Year,Turmeric,1935,9896,5.114211886
Karnataka,MYSORE,2010,Kharif,Arhar/Tur,4426,3561,0.80456394
Karnataka,MYSORE,2010,Kharif,Castor seed,3643,2824,0.775185287
Karnataka,MYSORE,2010,Kharif,Cotton(lint),38897,62164,1.598169525
Karnataka,MYSORE,2010,Kharif,Cowpea(Lobia),24202,9910,0.409470292
Karnataka,MYSORE,2010,Kharif,Dry chillies,923,760,0.82340195
Karnataka,MYSORE,2010,Kharif,Groundnut,4220,3638,0.862085308
Karnataka,MYSORE,2010,Kharif,Horse-gram,18331,10692,0.583274235
Karnataka,MYSORE,2010,Kharif,Jowar,11629,14165,1.218075501
Karnataka,MYSORE,2010,Kharif,Maize,25928,106277,4.0989278
Karnataka,MYSORE,2010,Kharif,Moong(Green Gram),5901,3291,0.557702084
Karnataka,MYSORE,2010,Kharif,Niger seed,2180,796,0.365137615
Karnataka,MYSORE,2010,Kharif,Onion,15,94,6.266666667
Karnataka,MYSORE,2010,Kharif,Other Kharif pulses,17056,9203,0.539575516
Karnataka,MYSORE,2010,Kharif,Peas & beans (Pulses),257,2288,8.902723735
Karnataka,MYSORE,2010,Kharif,Potato,103,782,7.59223301
Karnataka,MYSORE,2010,Kharif,Ragi,42299,66557,1.573488735
Karnataka,MYSORE,2010,Kharif,Rice,106382,337247,3.170150965
Karnataka,MYSORE,2010,Kharif,Sesamum,10490,9099,0.867397521
Karnataka,MYSORE,2010,Kharif,Sunflower,1987,1818,0.914947157
Karnataka,MYSORE,2010,Kharif,Urad,7946,3835,0.482632771
Karnataka,MYSORE,2010,Rabi,Cotton(lint),133,288,2.165413534
Karnataka,MYSORE,2010,Rabi,Cowpea(Lobia),7576,2001,0.264123548
Karnataka,MYSORE,2010,Rabi,Dry chillies,252,685,2.718253968
Karnataka,MYSORE,2010,Rabi,Gram,759,861,1.134387352
Karnataka,MYSORE,2010,Rabi,Groundnut,70,62,0.885714286
Karnataka,MYSORE,2010,Rabi,Horse-gram,25775,16136,0.626032978
Karnataka,MYSORE,2010,Rabi,Jowar,130,124,0.953846154
Karnataka,MYSORE,2010,Rabi,Maize,4292,10860,2.53028891
Karnataka,MYSORE,2010,Rabi,Moong(Green Gram),233,61,0.261802575
Karnataka,MYSORE,2010,Rabi,Other  Rabi pulses,4488,1411,0.314393939
Karnataka,MYSORE,2010,Rabi,Peas & beans (Pulses),105,971,9.247619048
Karnataka,MYSORE,2010,Rabi,Ragi,11663,19310,1.655663208
Karnataka,MYSORE,2010,Rabi,Sunflower,2,2,1
Karnataka,MYSORE,2010,Rabi,Urad,299,140,0.468227425
Karnataka,MYSORE,2010,Summer,Dry chillies,422,1284,3.042654028
Karnataka,MYSORE,2010,Summer,Maize,205,697,3.4
Karnataka,MYSORE,2010,Summer,Peas & beans (Pulses),59,505,8.559322034
Karnataka,MYSORE,2010,Summer,Ragi,379,501,1.321899736
Karnataka,MYSORE,2010,Summer,Rice,18712,56724,3.031423685
Karnataka,MYSORE,2010,Whole Year,Arecanut,1375,14868,10.81309091
Karnataka,MYSORE,2010,Whole Year,Banana,5468,142523,26.06492319
Karnataka,MYSORE,2010,Whole Year,Black pepper,63,38,0.603174603
Karnataka,MYSORE,2010,Whole Year,Cashewnut,184,135,0.733695652
Karnataka,MYSORE,2010,Whole Year,Coconut,26195,324630,12.39282306
Karnataka,MYSORE,2010,Whole Year,Coriander,46,17,0.369565217
Karnataka,MYSORE,2010,Whole Year,Dry ginger,1692,5368.6,3.172931442
Karnataka,MYSORE,2010,Whole Year,Sugarcane,12303,1367478,111.1499634
Karnataka,MYSORE,2010,Whole Year,Tapioca,13,144,11.07692308
Karnataka,MYSORE,2010,Whole Year,Tobacco,88280,93343,1.057351609
Karnataka,MYSORE,2010,Whole Year,Turmeric,2081,14927,7.172993753
Karnataka,MYSORE,2011,Kharif,Arhar/Tur,4439,2142,0.482541113
Karnataka,MYSORE,2011,Kharif,Castor seed,2739,1520,0.554947061
Karnataka,MYSORE,2011,Kharif,Cotton(lint),44335,100051,2.256704635
Karnataka,MYSORE,2011,Kharif,Cowpea(Lobia),25791,11638,0.451242682
Karnataka,MYSORE,2011,Kharif,Dry chillies,920,743,0.807608696
Karnataka,MYSORE,2011,Kharif,Groundnut,4440,3051,0.687162162
Karnataka,MYSORE,2011,Kharif,Horse-gram,11315,6514,0.575695979
Karnataka,MYSORE,2011,Kharif,Jowar,9337,18323,1.962407626
Karnataka,MYSORE,2011,Kharif,Maize,28414,77629,2.732068699
Karnataka,MYSORE,2011,Kharif,Moong(Green Gram),6752,3316,0.491113744
Karnataka,MYSORE,2011,Kharif,Niger seed,2017,751,0.372335151
Karnataka,MYSORE,2011,Kharif,Onion,17,84,4.941176471
Karnataka,MYSORE,2011,Kharif,Other Kharif pulses,12601,6967,0.552892628
Karnataka,MYSORE,2011,Kharif,Peas & beans (Pulses),289,2210,7.647058824
Karnataka,MYSORE,2011,Kharif,Potato,105,868,8.266666667
Karnataka,MYSORE,2011,Kharif,Ragi,29873,51570,1.726308037
Karnataka,MYSORE,2011,Kharif,Rice,107820,349693,3.243303654
Karnataka,MYSORE,2011,Kharif,Sesamum,9580,6052,0.631732777
Karnataka,MYSORE,2011,Kharif,Sunflower,1153,803,0.696444059
Karnataka,MYSORE,2011,Kharif,Urad,10079,5027,0.498759798
Karnataka,MYSORE,2011,Rabi,Cowpea(Lobia),8335,3159,0.379004199
Karnataka,MYSORE,2011,Rabi,Dry chillies,335,790,2.358208955
Karnataka,MYSORE,2011,Rabi,Gram,972,758,0.779835391
Karnataka,MYSORE,2011,Rabi,Groundnut,129,129,1
Karnataka,MYSORE,2011,Rabi,Horse-gram,25692,13766,0.535808812
Karnataka,MYSORE,2011,Rabi,Maize,4602,13516,2.93698392
Karnataka,MYSORE,2011,Rabi,Moong(Green Gram),166,56,0.337349398
Karnataka,MYSORE,2011,Rabi,Other  Rabi pulses,6292,5894,0.936745073
Karnataka,MYSORE,2011,Rabi,Peas & beans (Pulses),117,926,7.914529915
Karnataka,MYSORE,2011,Rabi,Ragi,15363,23774,1.547484215
Karnataka,MYSORE,2011,Rabi,Rice,4,9,2.25
Karnataka,MYSORE,2011,Rabi,Urad,199,101,0.507537688
Karnataka,MYSORE,2011,Summer,Dry chillies,339,1187,3.501474926
Karnataka,MYSORE,2011,Summer,Maize,186,634,3.408602151
Karnataka,MYSORE,2011,Summer,Peas & beans (Pulses),70,531,7.585714286
Karnataka,MYSORE,2011,Summer,Ragi,166,207,1.246987952
Karnataka,MYSORE,2011,Summer,Rice,13180,45113,3.422837633
Karnataka,MYSORE,2011,Whole Year,Arecanut,1424,11532,8.098314607
Karnataka,MYSORE,2011,Whole Year,Banana,5610,154656,27.56791444
Karnataka,MYSORE,2011,Whole Year,Black pepper,73,20.7,0.283561644
Karnataka,MYSORE,2011,Whole Year,Cashewnut,184,147,0.798913043
Karnataka,MYSORE,2011,Whole Year,Coconut,26280,238760,9.085235921
Karnataka,MYSORE,2011,Whole Year,Coriander,19,8,0.421052632
Karnataka,MYSORE,2011,Whole Year,Dry ginger,2472,7782.4,3.148220065
Karnataka,MYSORE,2011,Whole Year,Garlic,5,6,1.2
Karnataka,MYSORE,2011,Whole Year,Sugarcane,11500,1190825,103.55
Karnataka,MYSORE,2011,Whole Year,Sweet potato,2,29,14.5
Karnataka,MYSORE,2011,Whole Year,Tapioca,23,243,10.56521739
Karnataka,MYSORE,2011,Whole Year,Tobacco,82234,72185,0.877799937
Karnataka,MYSORE,2011,Whole Year,Turmeric,3908,20372,5.212896622
Karnataka,MYSORE,2012,Kharif,Arhar/Tur,4804,3551,0.739175687
Karnataka,MYSORE,2012,Kharif,Castor seed,2473,1238,0.500606551
Karnataka,MYSORE,2012,Kharif,Cotton(lint),44424,50145,1.12878174
Karnataka,MYSORE,2012,Kharif,Cowpea(Lobia),26432,4846,0.183338378
Karnataka,MYSORE,2012,Kharif,Dry chillies,1330,1219,0.916541353
Karnataka,MYSORE,2012,Kharif,Groundnut,4164,1903,0.457012488
Karnataka,MYSORE,2012,Kharif,Horse-gram,1839,416,0.226209897
Karnataka,MYSORE,2012,Kharif,Jowar,7795,1126,0.144451572
Karnataka,MYSORE,2012,Kharif,Maize,33510,61982,1.849656819
Karnataka,MYSORE,2012,Kharif,Moong(Green Gram),8656,765,0.088378004
Karnataka,MYSORE,2012,Kharif,Niger seed,644,240,0.372670807
Karnataka,MYSORE,2012,Kharif,Onion,16,85,5.3125
Karnataka,MYSORE,2012,Kharif,Other Kharif pulses,15394,6405,0.416071197
Karnataka,MYSORE,2012,Kharif,Potato,139,888,6.388489209
Karnataka,MYSORE,2012,Kharif,Ragi,21283,18965,0.891086783
Karnataka,MYSORE,2012,Kharif,Rice,87894,276550,3.146403623
Karnataka,MYSORE,2012,Kharif,Sesamum,6001,1357,0.226128979
Karnataka,MYSORE,2012,Kharif,Sunflower,1255,407,0.324302789
Karnataka,MYSORE,2012,Kharif,Urad,12067,1559,0.129195326
Karnataka,MYSORE,2012,Rabi,Cowpea(Lobia),1770,668,0.37740113
Karnataka,MYSORE,2012,Rabi,Dry chillies,339,926,2.731563422
Karnataka,MYSORE,2012,Rabi,Gram,534,172,0.322097378
Karnataka,MYSORE,2012,Rabi,Groundnut,16,27,1.6875
Karnataka,MYSORE,2012,Rabi,Horse-gram,31602,11558,0.365736346
Karnataka,MYSORE,2012,Rabi,Jowar,1086,205,0.188766114
Karnataka,MYSORE,2012,Rabi,Maize,6454,19810,3.069414317
Karnataka,MYSORE,2012,Rabi,Other  Rabi pulses,1343,615,0.457930007
Karnataka,MYSORE,2012,Rabi,Ragi,11862,20960,1.766987017
Karnataka,MYSORE,2012,Rabi,Rice,240,579,2.4125
Karnataka,MYSORE,2012,Summer,Cotton(lint),67,186,2.776119403
Karnataka,MYSORE,2012,Summer,Cowpea(Lobia),187,78,0.417112299
Karnataka,MYSORE,2012,Summer,Dry chillies,98,277,2.826530612
Karnataka,MYSORE,2012,Summer,Maize,114,392,3.438596491
Karnataka,MYSORE,2012,Summer,Ragi,172,153,0.889534884
Karnataka,MYSORE,2012,Summer,Rice,901,2709,3.006659267
Karnataka,MYSORE,2012,Whole Year,Arecanut,1527,12256,8.026195154
Karnataka,MYSORE,2012,Whole Year,Black pepper,46,130,2.826086957
Karnataka,MYSORE,2012,Whole Year,Cashewnut,219,176,0.803652968
Karnataka,MYSORE,2012,Whole Year,Coconut,21605,196286,9.085211757
Karnataka,MYSORE,2012,Whole Year,Coriander,34,13,0.382352941
Karnataka,MYSORE,2012,Whole Year,Dry ginger,2172,68379,31.4820442
Karnataka,MYSORE,2012,Whole Year,Sugarcane,6545,547162,83.6
Karnataka,MYSORE,2012,Whole Year,Sweet potato,16,248,15.5
Karnataka,MYSORE,2012,Whole Year,Tapioca,33,349,10.57575758
Karnataka,MYSORE,2012,Whole Year,Tobacco,75310,35558,0.472155092
Karnataka,MYSORE,2012,Whole Year,Turmeric,3540,21884,6.181920904
Karnataka,MYSORE,2013,Kharif,Arhar/Tur,3763,2291,0.608822748
Karnataka,MYSORE,2013,Kharif,Bajra,4,5,1.25
Karnataka,MYSORE,2013,Kharif,Castor seed,2044,748,0.365949119
Karnataka,MYSORE,2013,Kharif,Cotton(lint),46165,136724,2.961637604
Karnataka,MYSORE,2013,Kharif,Cowpea(Lobia),25712,11578,0.450295582
Karnataka,MYSORE,2013,Kharif,Dry chillies,879,975,1.109215017
Karnataka,MYSORE,2013,Kharif,Groundnut,2532,1710,0.67535545
Karnataka,MYSORE,2013,Kharif,Horse-gram,1065,295,0.276995305
Karnataka,MYSORE,2013,Kharif,Jowar,5463,7058,1.291964122
Karnataka,MYSORE,2013,Kharif,Maize,30416,92060,3.026696476
Karnataka,MYSORE,2013,Kharif,Moong(Green Gram),5751,1961,0.340984177
Karnataka,MYSORE,2013,Kharif,Niger seed,1572,585,0.372137405
Karnataka,MYSORE,2013,Kharif,Onion,2,13,6.5
Karnataka,MYSORE,2013,Kharif,Other Kharif pulses,10116,4930,0.487346777
Karnataka,MYSORE,2013,Kharif,Potato,119,783,6.579831933
Karnataka,MYSORE,2013,Kharif,Ragi,27007,46875,1.735661125
Karnataka,MYSORE,2013,Kharif,Rice,91737,311039,3.39055125
Karnataka,MYSORE,2013,Kharif,Sesamum,5907,3457,0.585237853
Karnataka,MYSORE,2013,Kharif,Small millets,3,1,0.333333333
Karnataka,MYSORE,2013,Kharif,Sunflower,1016,647,0.636811024
Karnataka,MYSORE,2013,Kharif,Urad,7969,3225,0.404693186
Karnataka,MYSORE,2013,Rabi,Cowpea(Lobia),5729,2259,0.394309653
Karnataka,MYSORE,2013,Rabi,Dry chillies,221,419,1.895927602
Karnataka,MYSORE,2013,Rabi,Gram,786,421,0.53562341
Karnataka,MYSORE,2013,Rabi,Horse-gram,27203,12430,0.456934897
Karnataka,MYSORE,2013,Rabi,Jowar,390,231,0.592307692
Karnataka,MYSORE,2013,Rabi,Maize,4167,12874,3.089512839
Karnataka,MYSORE,2013,Rabi,Moong(Green Gram),53,13,0.245283019
Karnataka,MYSORE,2013,Rabi,Other  Rabi pulses,3953,3151,0.797116114
Karnataka,MYSORE,2013,Rabi,Ragi,9290,13609,1.464908504
Karnataka,MYSORE,2013,Rabi,Rice,50,125,2.5
Karnataka,MYSORE,2013,Rabi,Urad,107,61,0.570093458
Karnataka,MYSORE,2013,Summer,Cotton(lint),10,36,3.6
Karnataka,MYSORE,2013,Summer,Cowpea(Lobia),160,63,0.39375
Karnataka,MYSORE,2013,Summer,Dry chillies,309,821,2.656957929
Karnataka,MYSORE,2013,Summer,Groundnut,49,44,0.897959184
Karnataka,MYSORE,2013,Summer,Jowar,1,2,2
Karnataka,MYSORE,2013,Summer,Maize,880,2855,3.244318182
Karnataka,MYSORE,2013,Summer,Onion,2,16,8
Karnataka,MYSORE,2013,Summer,Ragi,540,1030,1.907407407
Karnataka,MYSORE,2013,Summer,Rice,10661,39236,3.680330175
Karnataka,MYSORE,2013,Whole Year,Arecanut,1617,18011,11.13852814
Karnataka,MYSORE,2013,Whole Year,Black pepper,21,52,2.476190476
Karnataka,MYSORE,2013,Whole Year,Cashewnut,127,113,0.88976378
Karnataka,MYSORE,2013,Whole Year,Coconut,22417,177853,7.93384485
Karnataka,MYSORE,2013,Whole Year,Coriander,51,16,0.31372549
Karnataka,MYSORE,2013,Whole Year,Dry ginger,2567,82771,32.24425399
Karnataka,MYSORE,2013,Whole Year,Sugarcane,7995,683572,85.49993746
Karnataka,MYSORE,2013,Whole Year,Sweet potato,2,29,14.5
Karnataka,MYSORE,2013,Whole Year,Tapioca,2,17,8.5
Karnataka,MYSORE,2013,Whole Year,Tobacco,84544,61282,0.724853331
Karnataka,MYSORE,2013,Whole Year,Turmeric,3340,21870,6.547904192
Karnataka,MYSORE,2014,Kharif,Arhar/Tur,2697,1617,0.599555061
Karnataka,MYSORE,2014,Kharif,Castor seed,1125,679,0.603555556
Karnataka,MYSORE,2014,Kharif,Cotton(lint),48174,85874,1.782579815
Karnataka,MYSORE,2014,Kharif,Cowpea(Lobia),22587,8948,0.396157082
Karnataka,MYSORE,2014,Kharif,Dry chillies,1061,1200,1.131008483
Karnataka,MYSORE,2014,Kharif,Groundnut,2567,1853,0.721854305
Karnataka,MYSORE,2014,Kharif,Jowar,5459,8038,1.472430848
Karnataka,MYSORE,2014,Kharif,Maize,30195,101259,3.353502235
Karnataka,MYSORE,2014,Kharif,Moong(Green Gram),7912,2247,0.283998989
Karnataka,MYSORE,2014,Kharif,Niger seed,1864,493,0.264484979
Karnataka,MYSORE,2014,Kharif,Other Kharif pulses,11389,6091,0.534814294
Karnataka,MYSORE,2014,Kharif,Potato,200,1231,6.155
Karnataka,MYSORE,2014,Kharif,Ragi,26942,60430,2.242966372
Karnataka,MYSORE,2014,Kharif,Rice,94359,319929,3.390550981
Karnataka,MYSORE,2014,Kharif,Sesamum,4460,2669,0.598430493
Karnataka,MYSORE,2014,Kharif,Sunflower,696,827,1.188218391
Karnataka,MYSORE,2014,Kharif,Urad,10082,3007,0.298254315
Karnataka,MYSORE,2014,Rabi,Cowpea(Lobia),4096,1331,0.324951172
Karnataka,MYSORE,2014,Rabi,Dry chillies,286,537,1.877622378
Karnataka,MYSORE,2014,Rabi,Gram,2240,1551,0.692410714
Karnataka,MYSORE,2014,Rabi,Horse-gram,34171,14965,0.437944456
Karnataka,MYSORE,2014,Rabi,Jowar,308,157,0.50974026
Karnataka,MYSORE,2014,Rabi,Linseed,11,3,0.272727273
Karnataka,MYSORE,2014,Rabi,Maize,6266,22704,3.623364188
Karnataka,MYSORE,2014,Rabi,Moong(Green Gram),77,25,0.324675325
Karnataka,MYSORE,2014,Rabi,Onion,5,33,6.6
Karnataka,MYSORE,2014,Rabi,Other  Rabi pulses,3614,2764,0.764803542
Karnataka,MYSORE,2014,Rabi,Potato,31,478,15.41935484
Karnataka,MYSORE,2014,Rabi,Ragi,12834,22361,1.742325074
Karnataka,MYSORE,2014,Rabi,Urad,707,322,0.455445545
Karnataka,MYSORE,2014,Summer,Cowpea(Lobia),211,77,0.36492891
Karnataka,MYSORE,2014,Summer,Dry chillies,270,520,1.925925926
Karnataka,MYSORE,2014,Summer,Maize,238,776,3.260504202
Karnataka,MYSORE,2014,Summer,Potato,1,14,14
Karnataka,MYSORE,2014,Summer,Ragi,356,676,1.898876404
Karnataka,MYSORE,2014,Summer,Rice,8864,30349,3.423849278
Karnataka,MYSORE,2014,Whole Year,Arecanut,1786,16525,9.252519597
Karnataka,MYSORE,2014,Whole Year,Black pepper,52,305,5.865384615
Karnataka,MYSORE,2014,Whole Year,Cardamom,5,,
Karnataka,MYSORE,2014,Whole Year,Cashewnut,39,29,0.743589744
Karnataka,MYSORE,2014,Whole Year,Coconut,22352,197674,8.843682892
Karnataka,MYSORE,2014,Whole Year,Coriander,9,3,0.333333333
Karnataka,MYSORE,2014,Whole Year,Dry ginger,3468,110622,31.89792388
Karnataka,MYSORE,2014,Whole Year,Garlic,101,111,1.099009901
Karnataka,MYSORE,2014,Whole Year,Mesta,48,54,1.125
Karnataka,MYSORE,2014,Whole Year,Sugarcane,4104,374285,91.20004873
Karnataka,MYSORE,2014,Whole Year,Sweet potato,28,475,16.96428571
Karnataka,MYSORE,2014,Whole Year,Tapioca,3,27,9
Karnataka,MYSORE,2014,Whole Year,Tobacco,72647,44721,0.615593211
Karnataka,MYSORE,2014,Whole Year,Turmeric,3382,23234,6.869899468
Karnataka,RAICHUR,1997,Kharif,Arhar/Tur,25952,3156,0.121609125
Karnataka,RAICHUR,1997,Kharif,Bajra,68296,26777,0.392072742
Karnataka,RAICHUR,1997,Kharif,Dry chillies,2109,2491,1.181128497
Karnataka,RAICHUR,1997,Kharif,Groundnut,62527,22818,0.36493035
Karnataka,RAICHUR,1997,Kharif,Horse-gram,19319,4001,0.207101817
Karnataka,RAICHUR,1997,Kharif,Jowar,31464,25101,0.797768879
Karnataka,RAICHUR,1997,Kharif,Maize,9911,34724,3.503581879
Karnataka,RAICHUR,1997,Kharif,Paddy,92636,431073,4.653406883
Karnataka,RAICHUR,1997,Kharif,Rice,92636,287526,3.103825726
Karnataka,RAICHUR,1997,Rabi,Dry chillies,262,453,1.729007634
Karnataka,RAICHUR,1997,Rabi,Groundnut,31657,20511,0.647913574
Karnataka,RAICHUR,1997,Rabi,Horse-gram,3161,1601,0.506485289
Karnataka,RAICHUR,1997,Rabi,Jowar,194872,94518,0.485026068
Karnataka,RAICHUR,1997,Rabi,Maize,336,658,1.958333333
Karnataka,RAICHUR,1997,Rabi,Wheat,18598,3725,0.200290354
Karnataka,RAICHUR,1997,Summer,Jowar,2699,6656,2.466098555
Karnataka,RAICHUR,1997,Summer,Maize,339,734,2.16519174
Karnataka,RAICHUR,1997,Summer,Paddy,79540,285001,3.583115414
Karnataka,RAICHUR,1997,Summer,Rice,79540,190102,2.390017601
Karnataka,RAICHUR,1997,Whole Year,Coriander,38,7,0.184210526
Karnataka,RAICHUR,1997,Whole Year,Sugarcane,1304,122641,94.04984663
Karnataka,RAICHUR,1998,Kharif,Arhar/Tur,19100,3429,0.179528796
Karnataka,RAICHUR,1998,Kharif,Bajra,65722,42536,0.64721098
Karnataka,RAICHUR,1998,Kharif,Castor seed,578,493,0.852941176
Karnataka,RAICHUR,1998,Kharif,Cotton(lint),49208,58421,1.187225654
Karnataka,RAICHUR,1998,Kharif,Dry ginger,1,13,13
Karnataka,RAICHUR,1998,Kharif,Groundnut,35726,14179,0.396881823
Karnataka,RAICHUR,1998,Kharif,Horse-gram,2294,597,0.260244115
Karnataka,RAICHUR,1998,Kharif,Jowar,3611,1943,0.538078095
Karnataka,RAICHUR,1998,Kharif,Maize,216,741,3.430555556
Karnataka,RAICHUR,1998,Kharif,Moong(Green Gram),9376,2031,0.216616894
Karnataka,RAICHUR,1998,Kharif,Niger seed,6,1,0.166666667
Karnataka,RAICHUR,1998,Kharif,Onion,1940,1141,0.58814433
Karnataka,RAICHUR,1998,Kharif,Rice,66264,225260,3.399432573
Karnataka,RAICHUR,1998,Kharif,Sesamum,6428,1142,0.177660236
Karnataka,RAICHUR,1998,Kharif,Sunflower,52531,10824,0.206049761
Karnataka,RAICHUR,1998,Rabi,Gram,14597,10077,0.690347332
Karnataka,RAICHUR,1998,Rabi,Groundnut,14314,14836,1.036467794
Karnataka,RAICHUR,1998,Rabi,Horse-gram,707,326,0.461103253
Karnataka,RAICHUR,1998,Rabi,Jowar,169677,125732,0.741007915
Karnataka,RAICHUR,1998,Rabi,Linseed,395,128,0.324050633
Karnataka,RAICHUR,1998,Rabi,Onion,140,777,5.55
Karnataka,RAICHUR,1998,Rabi,Safflower,11158,5151,0.461641871
Karnataka,RAICHUR,1998,Rabi,Sunflower,48627,13614,0.279967919
Karnataka,RAICHUR,1998,Rabi,Wheat,4158,1772,0.426166426
Karnataka,RAICHUR,1998,Summer,Jowar,1098,2912,2.652094718
Karnataka,RAICHUR,1998,Summer,Maize,33,75,2.272727273
Karnataka,RAICHUR,1998,Summer,Onion,58,669,11.53448276
Karnataka,RAICHUR,1998,Summer,Rice,51083,170193,3.331695476
Karnataka,RAICHUR,1998,Summer,Sunflower,8625,5359,0.621333333
Karnataka,RAICHUR,1998,Whole Year,Coconut,90,429,4.766666667
Karnataka,RAICHUR,1998,Whole Year,Dry chillies,1392,1081,0.77658046
Karnataka,RAICHUR,1998,Whole Year,Turmeric,11,56,5.090909091
Karnataka,RAICHUR,1999,Kharif,Arhar/Tur,12469,2499,0.200417034
Karnataka,RAICHUR,1999,Kharif,Bajra,54069,21834,0.403817345
Karnataka,RAICHUR,1999,Kharif,Castor seed,1267,977,0.771112865
Karnataka,RAICHUR,1999,Kharif,Cotton(lint),34301,35606,1.038045538
Karnataka,RAICHUR,1999,Kharif,Dry ginger,1,13,13
Karnataka,RAICHUR,1999,Kharif,Groundnut,33776,14921,0.441763382
Karnataka,RAICHUR,1999,Kharif,Horse-gram,1532,421,0.274804178
Karnataka,RAICHUR,1999,Kharif,Jowar,2784,4231,1.519755747
Karnataka,RAICHUR,1999,Kharif,Maize,144,420,2.916666667
Karnataka,RAICHUR,1999,Kharif,Moong(Green Gram),9553,1243,0.130116194
Karnataka,RAICHUR,1999,Kharif,Niger seed,35,5,0.142857143
Karnataka,RAICHUR,1999,Kharif,Other Kharif pulses,435,54,0.124137931
Karnataka,RAICHUR,1999,Kharif,Rice,90604,278618,3.075118096
Karnataka,RAICHUR,1999,Kharif,Sesamum,4442,1502,0.338135975
Karnataka,RAICHUR,1999,Kharif,Small millets,1632,518,0.317401961
Karnataka,RAICHUR,1999,Kharif,Soyabean,3,3,1
Karnataka,RAICHUR,1999,Kharif,Sunflower,21647,5874,0.271353998
Karnataka,RAICHUR,1999,Rabi,Gram,14620,7262,0.496716826
Karnataka,RAICHUR,1999,Rabi,Groundnut,13474,10547,0.78276681
Karnataka,RAICHUR,1999,Rabi,Horse-gram,2650,642,0.242264151
Karnataka,RAICHUR,1999,Rabi,Jowar,193745,165312,0.853245245
Karnataka,RAICHUR,1999,Rabi,Linseed,254,86,0.338582677
Karnataka,RAICHUR,1999,Rabi,Safflower,12923,6012,0.465217055
Karnataka,RAICHUR,1999,Rabi,Sunflower,43061,14651,0.340238267
Karnataka,RAICHUR,1999,Rabi,Wheat,3174,1473,0.464083176
Karnataka,RAICHUR,1999,Summer,Jowar,2083,4787,2.2981277
Karnataka,RAICHUR,1999,Summer,Maize,11,20,1.818181818
Karnataka,RAICHUR,1999,Summer,Rice,57121,180417,3.158505628
Karnataka,RAICHUR,1999,Summer,Sunflower,7337,3234,0.44077961
Karnataka,RAICHUR,1999,Whole Year,Banana,20,469,23.45
Karnataka,RAICHUR,1999,Whole Year,Coconut,178,849,4.769662921
Karnataka,RAICHUR,1999,Whole Year,Dry chillies,1694,3331,1.96635183
Karnataka,RAICHUR,1999,Whole Year,Onion,1532,8583,5.602480418
Karnataka,RAICHUR,1999,Whole Year,Sugarcane,88,8862,100.7045455
Karnataka,RAICHUR,1999,Whole Year,Sweet potato,8,59,7.375
Karnataka,RAICHUR,1999,Whole Year,Tobacco,811,479,0.590628853
Karnataka,RAICHUR,2000,Kharif,Arhar/Tur,20627,2920,0.14156203
Karnataka,RAICHUR,2000,Kharif,Bajra,75776,44190,0.583166174
Karnataka,RAICHUR,2000,Kharif,Castor seed,3200,4098,1.280625
Karnataka,RAICHUR,2000,Kharif,Cotton(lint),36981,43909,1.187339445
Karnataka,RAICHUR,2000,Kharif,Dry ginger,6,79,13.16666667
Karnataka,RAICHUR,2000,Kharif,Groundnut,35823,20610,0.575328699
Karnataka,RAICHUR,2000,Kharif,Horse-gram,1954,449,0.229785056
Karnataka,RAICHUR,2000,Kharif,Jowar,3398,3746,1.102413184
Karnataka,RAICHUR,2000,Kharif,Maize,188,622,3.308510638
Karnataka,RAICHUR,2000,Kharif,Moong(Green Gram),13925,3466,0.248904847
Karnataka,RAICHUR,2000,Kharif,Niger seed,71,9,0.126760563
Karnataka,RAICHUR,2000,Kharif,Other Kharif pulses,1113,137,0.123090746
Karnataka,RAICHUR,2000,Kharif,Rice,90009,294349,3.270217423
Karnataka,RAICHUR,2000,Kharif,Sesamum,10159,4140,0.407520425
Karnataka,RAICHUR,2000,Kharif,Small millets,931,519,0.557465091
Karnataka,RAICHUR,2000,Kharif,Sunflower,39027,14760,0.378199708
Karnataka,RAICHUR,2000,Kharif,Urad,31,12,0.387096774
Karnataka,RAICHUR,2000,Rabi,Gram,23214,11094,0.477901266
Karnataka,RAICHUR,2000,Rabi,Groundnut,17058,21342,1.251143159
Karnataka,RAICHUR,2000,Rabi,Horse-gram,2567,1241,0.483443709
Karnataka,RAICHUR,2000,Rabi,Jowar,170356,140604,0.825353965
Karnataka,RAICHUR,2000,Rabi,Linseed,52,19,0.365384615
Karnataka,RAICHUR,2000,Rabi,Other  Rabi pulses,86,9,0.104651163
Karnataka,RAICHUR,2000,Rabi,Safflower,11593,10176,0.877771069
Karnataka,RAICHUR,2000,Rabi,Sunflower,45620,17023,0.373147742
Karnataka,RAICHUR,2000,Rabi,Wheat,3566,2045,0.573471677
Karnataka,RAICHUR,2000,Summer,Jowar,985,1985,2.015228426
Karnataka,RAICHUR,2000,Summer,Rice,51537,151023,2.930380115
Karnataka,RAICHUR,2000,Summer,Sunflower,7388,5376,0.727666486
Karnataka,RAICHUR,2000,Whole Year,Banana,23,423,18.39130435
Karnataka,RAICHUR,2000,Whole Year,Coconut,111,529,4.765765766
Karnataka,RAICHUR,2000,Whole Year,Coriander,23,4,0.173913043
Karnataka,RAICHUR,2000,Whole Year,Dry chillies,1920,1350,0.703125
Karnataka,RAICHUR,2000,Whole Year,Onion,1470,8402,5.715646259
Karnataka,RAICHUR,2000,Whole Year,Sugarcane,51,5233,102.6078431
Karnataka,RAICHUR,2000,Whole Year,Sweet potato,10,74,7.4
Karnataka,RAICHUR,2001,Kharif,Arhar/Tur,13450,2581,0.191895911
Karnataka,RAICHUR,2001,Kharif,Bajra,41821,12900,0.308457474
Karnataka,RAICHUR,2001,Kharif,Castor seed,1076,405,0.376394052
Karnataka,RAICHUR,2001,Kharif,Cotton(lint),44627,41939,0.939767405
Karnataka,RAICHUR,2001,Kharif,Dry ginger,9,118,13.11111111
Karnataka,RAICHUR,2001,Kharif,Groundnut,40392,28282,0.700188156
Karnataka,RAICHUR,2001,Kharif,Horse-gram,2448,1293,0.528186275
Karnataka,RAICHUR,2001,Kharif,Jowar,1040,1004,0.965384615
Karnataka,RAICHUR,2001,Kharif,Maize,135,368,2.725925926
Karnataka,RAICHUR,2001,Kharif,Moong(Green Gram),1504,983,0.653590426
Karnataka,RAICHUR,2001,Kharif,Niger seed,15,2,0.133333333
Karnataka,RAICHUR,2001,Kharif,Other Kharif pulses,252,31,0.123015873
Karnataka,RAICHUR,2001,Kharif,Rice,77825,245184,3.150452939
Karnataka,RAICHUR,2001,Kharif,Sesamum,2575,267,0.10368932
Karnataka,RAICHUR,2001,Kharif,Small millets,1065,395,0.370892019
Karnataka,RAICHUR,2001,Kharif,Sunflower,16555,4829,0.291694352
Karnataka,RAICHUR,2001,Kharif,Urad,42,16,0.380952381
Karnataka,RAICHUR,2001,Rabi,Gram,32056,18760,0.585225855
Karnataka,RAICHUR,2001,Rabi,Horse-gram,2773,437,0.157591057
Karnataka,RAICHUR,2001,Rabi,Jowar,184291,114503,0.621316288
Karnataka,RAICHUR,2001,Rabi,Linseed,155,52,0.335483871
Karnataka,RAICHUR,2001,Rabi,Other  Rabi pulses,20,2,0.1
Karnataka,RAICHUR,2001,Rabi,Rapeseed &Mustard,30,8,0.266666667
Karnataka,RAICHUR,2001,Rabi,Safflower,13780,12376,0.898113208
Karnataka,RAICHUR,2001,Rabi,Sunflower,55888,23715,0.424330804
Karnataka,RAICHUR,2001,Rabi,Wheat,3048,1231,0.403871391
Karnataka,RAICHUR,2001,Summer,Jowar,1038,1829,1.762042389
Karnataka,RAICHUR,2001,Summer,Rice,43935,108088,2.460179811
Karnataka,RAICHUR,2001,Summer,Sunflower,14856,12801,0.861672052
Karnataka,RAICHUR,2001,Whole Year,Coconut,208,992,4.769230769
Karnataka,RAICHUR,2001,Whole Year,Coriander,275,48,0.174545455
Karnataka,RAICHUR,2001,Whole Year,Dry chillies,1608,1294,0.804726368
Karnataka,RAICHUR,2001,Whole Year,Onion,1597,11068,6.930494678
Karnataka,RAICHUR,2001,Whole Year,Peas & beans (Pulses),49,338,6.897959184
Karnataka,RAICHUR,2001,Whole Year,Sugarcane,41,3311,80.75609756
Karnataka,RAICHUR,2001,Whole Year,Turmeric,23,119,5.173913043
Karnataka,RAICHUR,2002,Kharif,Arhar/Tur,12569,3403,0.270745485
Karnataka,RAICHUR,2002,Kharif,Bajra,63588,18369,0.288875259
Karnataka,RAICHUR,2002,Kharif,Castor seed,429,140,0.326340326
Karnataka,RAICHUR,2002,Kharif,Cotton(lint),31605,21270,0.672994779
Karnataka,RAICHUR,2002,Kharif,Groundnut,26591,10245,0.385280734
Karnataka,RAICHUR,2002,Kharif,Horse-gram,2890,722,0.24982699
Karnataka,RAICHUR,2002,Kharif,Jowar,1955,1914,0.979028133
Karnataka,RAICHUR,2002,Kharif,Maize,85,155,1.823529412
Karnataka,RAICHUR,2002,Kharif,Moong(Green Gram),7935,460,0.057971014
Karnataka,RAICHUR,2002,Kharif,Niger seed,73,10,0.136986301
Karnataka,RAICHUR,2002,Kharif,Other Kharif pulses,659,81,0.122913505
Karnataka,RAICHUR,2002,Kharif,Rice,81970,271989,3.318152983
Karnataka,RAICHUR,2002,Kharif,Sesamum,10017,3264,0.325846062
Karnataka,RAICHUR,2002,Kharif,Small millets,803,179,0.222914072
Karnataka,RAICHUR,2002,Kharif,Sunflower,40186,13923,0.346463943
Karnataka,RAICHUR,2002,Kharif,Urad,13,2,0.153846154
Karnataka,RAICHUR,2002,Rabi,Gram,28033,13094,0.467092355
Karnataka,RAICHUR,2002,Rabi,Groundnut,15674,18940,1.20837055
Karnataka,RAICHUR,2002,Rabi,Horse-gram,1401,359,0.256245539
Karnataka,RAICHUR,2002,Rabi,Jowar,168277,109308,0.649571837
Karnataka,RAICHUR,2002,Rabi,Linseed,334,117,0.350299401
Karnataka,RAICHUR,2002,Rabi,Moong(Green Gram),168,29,0.172619048
Karnataka,RAICHUR,2002,Rabi,Other  Rabi pulses,65,7,0.107692308
Karnataka,RAICHUR,2002,Rabi,Rapeseed &Mustard,332,89,0.268072289
Karnataka,RAICHUR,2002,Rabi,Safflower,8954,5487,0.612798749
Karnataka,RAICHUR,2002,Rabi,Sunflower,80254,30990,0.386148977
Karnataka,RAICHUR,2002,Rabi,Urad,809,95,0.117428925
Karnataka,RAICHUR,2002,Rabi,Wheat,3197,978,0.305911792
Karnataka,RAICHUR,2002,Summer,Jowar,465,1082,2.32688172
Karnataka,RAICHUR,2002,Summer,Maize,21,54,2.571428571
Karnataka,RAICHUR,2002,Summer,Rice,5954,13383,2.247732617
Karnataka,RAICHUR,2002,Summer,Sunflower,4530,2870,0.633554084
Karnataka,RAICHUR,2002,Whole Year,Banana,36,616,17.11111111
Karnataka,RAICHUR,2002,Whole Year,Brinjal,189,1194,6.317460317
Karnataka,RAICHUR,2002,Whole Year,Citrus Fruit,360,6247,17.35277778
Karnataka,RAICHUR,2002,Whole Year,Coconut,523,2494,4.768642447
Karnataka,RAICHUR,2002,Whole Year,Coriander,103,18,0.174757282
Karnataka,RAICHUR,2002,Whole Year,Dry chillies,1890,1839,0.973015873
Karnataka,RAICHUR,2002,Whole Year,Grapes,3,89,29.66666667
Karnataka,RAICHUR,2002,Whole Year,Mango,666,896,1.345345345
Karnataka,RAICHUR,2002,Whole Year,Onion,1849,11856,6.412114657
Karnataka,RAICHUR,2002,Whole Year,Other Fresh Fruits,116,364,3.137931034
Karnataka,RAICHUR,2002,Whole Year,Papaya,32,74,2.3125
Karnataka,RAICHUR,2002,Whole Year,Pome Fruit,45,275,6.111111111
Karnataka,RAICHUR,2002,Whole Year,Sugarcane,142,12006,84.54929577
Karnataka,RAICHUR,2002,Whole Year,Tobacco,9,6,0.666666667
Karnataka,RAICHUR,2002,Whole Year,Tomato,310,2363,7.622580645
Karnataka,RAICHUR,2002,Whole Year,Turmeric,21,91,4.333333333
Karnataka,RAICHUR,2003,Kharif,Arhar/Tur,17478,3719,0.212781783
Karnataka,RAICHUR,2003,Kharif,Bajra,69550,29978,0.431028037
Karnataka,RAICHUR,2003,Kharif,Castor seed,1165,437,0.375107296
Karnataka,RAICHUR,2003,Kharif,Cotton(lint),31965,30941,0.967964962
Karnataka,RAICHUR,2003,Kharif,Groundnut,20561,10247,0.498370702
Karnataka,RAICHUR,2003,Kharif,Horse-gram,1350,144,0.106666667
Karnataka,RAICHUR,2003,Kharif,Jowar,2264,1448,0.639575972
Karnataka,RAICHUR,2003,Kharif,Maize,397,1268,3.19395466
Karnataka,RAICHUR,2003,Kharif,Moong(Green Gram),5806,866,0.149156045
Karnataka,RAICHUR,2003,Kharif,Niger seed,57,7,0.122807018
Karnataka,RAICHUR,2003,Kharif,Other Kharif pulses,370,46,0.124324324
Karnataka,RAICHUR,2003,Kharif,Rice,65710,172865,2.630725917
Karnataka,RAICHUR,2003,Kharif,Sesamum,3872,710,0.183367769
Karnataka,RAICHUR,2003,Kharif,Small millets,610,355,0.581967213
Karnataka,RAICHUR,2003,Kharif,Sunflower,75176,27419,0.364730765
Karnataka,RAICHUR,2003,Rabi,Gram,37409,14265,0.38132535
Karnataka,RAICHUR,2003,Rabi,Groundnut,15973,14385,0.900582233
Karnataka,RAICHUR,2003,Rabi,Horse-gram,1932,195,0.100931677
Karnataka,RAICHUR,2003,Rabi,Jowar,157200,98682,0.627748092
Karnataka,RAICHUR,2003,Rabi,Linseed,157,12,0.076433121
Karnataka,RAICHUR,2003,Rabi,Maize,36,67,1.861111111
Karnataka,RAICHUR,2003,Rabi,Moong(Green Gram),7,2,0.285714286
Karnataka,RAICHUR,2003,Rabi,Other  Rabi pulses,1,0,0
Karnataka,RAICHUR,2003,Rabi,Rapeseed &Mustard,32,9,0.28125
Karnataka,RAICHUR,2003,Rabi,Rice,7058,20920,2.964012468
Karnataka,RAICHUR,2003,Rabi,Safflower,8123,4509,0.555090484
Karnataka,RAICHUR,2003,Rabi,Sunflower,83305,26556,0.318780385
Karnataka,RAICHUR,2003,Rabi,Wheat,2584,587,0.227167183
Karnataka,RAICHUR,2003,Summer,Bajra,14,13,0.928571429
Karnataka,RAICHUR,2003,Summer,Jowar,913,2429,2.660460022
Karnataka,RAICHUR,2003,Summer,Maize,53,133,2.509433962
Karnataka,RAICHUR,2003,Summer,Rice,6234,18738,3.005774783
Karnataka,RAICHUR,2003,Summer,Sunflower,4598,1446,0.314484559
Karnataka,RAICHUR,2003,Whole Year,Banana,25,325,13
Karnataka,RAICHUR,2003,Whole Year,Brinjal,68,540,7.941176471
Karnataka,RAICHUR,2003,Whole Year,Citrus Fruit,275,4349,15.81454545
Karnataka,RAICHUR,2003,Whole Year,Coconut,496,2365,4.768145161
Karnataka,RAICHUR,2003,Whole Year,Coriander,18,3,0.166666667
Karnataka,RAICHUR,2003,Whole Year,Dry chillies,1514,1229,0.811756935
Karnataka,RAICHUR,2003,Whole Year,Mango,684,2018,2.950292398
Karnataka,RAICHUR,2003,Whole Year,Onion,1354,4531,3.346381093
Karnataka,RAICHUR,2003,Whole Year,Other Fresh Fruits,49,130,2.653061224
Karnataka,RAICHUR,2003,Whole Year,Sugarcane,7,459,65.57142857
Karnataka,RAICHUR,2003,Whole Year,Tobacco,64,36,0.5625
Karnataka,RAICHUR,2003,Whole Year,Tomato,402,2444,6.07960199
Karnataka,RAICHUR,2003,Whole Year,Turmeric,4,20,5
Karnataka,RAICHUR,2004,Kharif,Arhar/Tur,17583,8569,0.487345732
Karnataka,RAICHUR,2004,Kharif,Bajra,74080,32237,0.435164687
Karnataka,RAICHUR,2004,Kharif,Castor seed,1598,1386,0.867334168
Karnataka,RAICHUR,2004,Kharif,Cotton(lint),35250,32681,0.927120567
Karnataka,RAICHUR,2004,Kharif,Groundnut,17913,10880,0.607380115
Karnataka,RAICHUR,2004,Kharif,Horse-gram,1367,342,0.250182882
Karnataka,RAICHUR,2004,Kharif,Jowar,1382,746,0.539797395
Karnataka,RAICHUR,2004,Kharif,Maize,385,1311,3.405194805
Karnataka,RAICHUR,2004,Kharif,Moong(Green Gram),9929,1802,0.181488569
Karnataka,RAICHUR,2004,Kharif,Niger seed,20,3,0.15
Karnataka,RAICHUR,2004,Kharif,Other Kharif pulses,652,80,0.122699387
Karnataka,RAICHUR,2004,Kharif,Rice,89833,240662.61,2.679000033
Karnataka,RAICHUR,2004,Kharif,Sesamum,5166,692,0.133952768
Karnataka,RAICHUR,2004,Kharif,Small millets,497,178,0.358148893
Karnataka,RAICHUR,2004,Kharif,Sunflower,100715,21923,0.217673634
Karnataka,RAICHUR,2004,Kharif,Urad,50,6,0.12
Karnataka,RAICHUR,2004,Rabi,Gram,18483,8823,0.477357572
Karnataka,RAICHUR,2004,Rabi,Groundnut,17456,18076,1.035517874
Karnataka,RAICHUR,2004,Rabi,Horse-gram,1690,315,0.186390533
Karnataka,RAICHUR,2004,Rabi,Jowar,127952,80001,0.625242278
Karnataka,RAICHUR,2004,Rabi,Linseed,160,34,0.2125
Karnataka,RAICHUR,2004,Rabi,Moong(Green Gram),8,2,0.25
Karnataka,RAICHUR,2004,Rabi,Other  Rabi pulses,116,13,0.112068966
Karnataka,RAICHUR,2004,Rabi,Rapeseed &Mustard,229,62,0.270742358
Karnataka,RAICHUR,2004,Rabi,Rice,555,1872,3.372972973
Karnataka,RAICHUR,2004,Rabi,Safflower,7150,2037,0.284895105
Karnataka,RAICHUR,2004,Rabi,Sunflower,92989,25308,0.272161223
Karnataka,RAICHUR,2004,Rabi,Urad,5,2,0.4
Karnataka,RAICHUR,2004,Rabi,Wheat,2746,756,0.275309541
Karnataka,RAICHUR,2004,Summer,Bajra,769,621,0.807542263
Karnataka,RAICHUR,2004,Summer,Jowar,7422,5895,0.794260307
Karnataka,RAICHUR,2004,Summer,Maize,48,147,3.0625
Karnataka,RAICHUR,2004,Summer,Rice,17602,53376,3.032382684
Karnataka,RAICHUR,2004,Summer,Sunflower,8257,3616,0.437931452
Karnataka,RAICHUR,2004,Whole Year,Banana,22,276,12.54545455
Karnataka,RAICHUR,2004,Whole Year,Coconut,441,21242.97,48.17
Karnataka,RAICHUR,2004,Whole Year,Coriander,18,3,0.166666667
Karnataka,RAICHUR,2004,Whole Year,Dry chillies,3241,1641,0.506325208
Karnataka,RAICHUR,2004,Whole Year,Onion,1429,12466,8.723582925
Karnataka,RAICHUR,2004,Whole Year,Tobacco,83,61,0.734939759
Karnataka,RAICHUR,2004,Whole Year,Turmeric,3,14,4.666666667
Karnataka,RAICHUR,2005,Kharif,Arhar/Tur,16413,9387,0.571924694
Karnataka,RAICHUR,2005,Kharif,Bajra,68058,69299,1.018234447
Karnataka,RAICHUR,2005,Kharif,Castor seed,2220,550,0.247747748
Karnataka,RAICHUR,2005,Kharif,Dry chillies,1007,678,0.673286991
Karnataka,RAICHUR,2005,Kharif,Groundnut,20330,16726,0.822725037
Karnataka,RAICHUR,2005,Kharif,Horse-gram,1296,528,0.407407407
Karnataka,RAICHUR,2005,Kharif,Jowar,1860,1432,0.769892473
Karnataka,RAICHUR,2005,Kharif,Maize,355,1285,3.61971831
Karnataka,RAICHUR,2005,Kharif,Moong(Green Gram),4099,787,0.191998048
Karnataka,RAICHUR,2005,Kharif,Niger seed,9,1,0.111111111
Karnataka,RAICHUR,2005,Kharif,Onion,1527,22135,14.49574329
Karnataka,RAICHUR,2005,Kharif,Other Kharif pulses,844,104,0.123222749
Karnataka,RAICHUR,2005,Kharif,Rice,100632,273862,2.721420622
Karnataka,RAICHUR,2005,Kharif,Sesamum,7088,1832,0.258465011
Karnataka,RAICHUR,2005,Kharif,Small millets,386,106,0.274611399
Karnataka,RAICHUR,2005,Kharif,Sunflower,114184,42968,0.376304911
Karnataka,RAICHUR,2005,Kharif,Urad,2,,
Karnataka,RAICHUR,2005,Rabi,Dry chillies,11,18,1.636363636
Karnataka,RAICHUR,2005,Rabi,Gram,23661,12447,0.526055534
Karnataka,RAICHUR,2005,Rabi,Groundnut,24013,17976,0.748594511
Karnataka,RAICHUR,2005,Rabi,Horse-gram,999,277,0.277277277
Karnataka,RAICHUR,2005,Rabi,Jowar,114822,102423,0.892015467
Karnataka,RAICHUR,2005,Rabi,Linseed,112,37,0.330357143
Karnataka,RAICHUR,2005,Rabi,Moong(Green Gram),3,1,0.333333333
Karnataka,RAICHUR,2005,Rabi,Onion,45,466,10.35555556
Karnataka,RAICHUR,2005,Rabi,Other  Rabi pulses,155,17,0.109677419
Karnataka,RAICHUR,2005,Rabi,Safflower,7291,6705,0.919626937
Karnataka,RAICHUR,2005,Rabi,Sunflower,110591,47485,0.429374904
Karnataka,RAICHUR,2005,Rabi,Wheat,2825,1041,0.368495575
Karnataka,RAICHUR,2005,Summer,Bajra,4,5,1.25
Karnataka,RAICHUR,2005,Summer,Dry chillies,98,259,2.642857143
Karnataka,RAICHUR,2005,Summer,Jowar,1799,3076,1.709838799
Karnataka,RAICHUR,2005,Summer,Maize,344,1063,3.090116279
Karnataka,RAICHUR,2005,Summer,Onion,324,5540,17.09876543
Karnataka,RAICHUR,2005,Summer,Rice,77553,155308,2.00260467
Karnataka,RAICHUR,2005,Summer,Sunflower,7055,4310,0.610914245
Karnataka,RAICHUR,2005,Whole Year,Banana,8,95,11.875
Karnataka,RAICHUR,2005,Whole Year,Coconut,138,658,4.768115942
Karnataka,RAICHUR,2005,Whole Year,Coriander,4,1,0.25
Karnataka,RAICHUR,2005,Whole Year,Cotton(lint),22061,31534,1.429400299
Karnataka,RAICHUR,2005,Whole Year,Sannhamp,92,21,0.22826087
Karnataka,RAICHUR,2005,Whole Year,Sugarcane,3,265,88.33333333
Karnataka,RAICHUR,2005,Whole Year,Tobacco,201,127,0.631840796
Karnataka,RAICHUR,2005,Whole Year,Turmeric,36,192,5.333333333
Karnataka,RAICHUR,2006,Kharif,Arhar/Tur,13338,4688,0.351476983
Karnataka,RAICHUR,2006,Kharif,Bajra,57333,17692,0.308583189
Karnataka,RAICHUR,2006,Kharif,Castor seed,1583,209,0.132027795
Karnataka,RAICHUR,2006,Kharif,Gram,25,3,0.12
Karnataka,RAICHUR,2006,Kharif,Groundnut,14477,5747,0.396974511
Karnataka,RAICHUR,2006,Kharif,Horse-gram,744,154,0.206989247
Karnataka,RAICHUR,2006,Kharif,Jowar,1854,1162,0.626752967
Karnataka,RAICHUR,2006,Kharif,Maize,625,2278,3.6448
Karnataka,RAICHUR,2006,Kharif,Moong(Green Gram),6240,184,0.029487179
Karnataka,RAICHUR,2006,Kharif,Niger seed,72,9,0.125
Karnataka,RAICHUR,2006,Kharif,Other Kharif pulses,472,273,0.578389831
Karnataka,RAICHUR,2006,Kharif,Rapeseed &Mustard,41,11,0.268292683
Karnataka,RAICHUR,2006,Kharif,Rice,81530,285068,3.496479823
Karnataka,RAICHUR,2006,Kharif,Sesamum,3959,809,0.204344531
Karnataka,RAICHUR,2006,Kharif,Small millets,227,53,0.233480176
Karnataka,RAICHUR,2006,Kharif,Sunflower,96199,15997,0.16629071
Karnataka,RAICHUR,2006,Kharif,Urad,25,3,0.12
Karnataka,RAICHUR,2006,Rabi,Gram,64084,31152,0.486111978
Karnataka,RAICHUR,2006,Rabi,Groundnut,25156,23420,0.930990619
Karnataka,RAICHUR,2006,Rabi,Horse-gram,1525,565,0.370491803
Karnataka,RAICHUR,2006,Rabi,Jowar,119447,88504,0.740947868
Karnataka,RAICHUR,2006,Rabi,Linseed,85,26,0.305882353
Karnataka,RAICHUR,2006,Rabi,Maize,40,126,3.15
Karnataka,RAICHUR,2006,Rabi,Moong(Green Gram),45,14,0.311111111
Karnataka,RAICHUR,2006,Rabi,Other  Rabi pulses,87,21,0.24137931
Karnataka,RAICHUR,2006,Rabi,Safflower,7325,5486,0.74894198
Karnataka,RAICHUR,2006,Rabi,Sunflower,102957,30489,0.296133337
Karnataka,RAICHUR,2006,Rabi,Urad,91,48,0.527472527
Karnataka,RAICHUR,2006,Rabi,Wheat,4029,2214,0.549516009
Karnataka,RAICHUR,2006,Summer,Bajra,70,30,0.428571429
Karnataka,RAICHUR,2006,Summer,Jowar,1228,1983,1.614820847
Karnataka,RAICHUR,2006,Summer,Maize,141,452,3.205673759
Karnataka,RAICHUR,2006,Summer,Rice,56238,130306,2.317045414
Karnataka,RAICHUR,2006,Summer,Sunflower,13391,9058,0.676424464
Karnataka,RAICHUR,2006,Whole Year,Banana,8,160,20
Karnataka,RAICHUR,2006,Whole Year,Coconut,158,753,4.765822785
Karnataka,RAICHUR,2006,Whole Year,Cotton(lint),12783,24291,1.900258155
Karnataka,RAICHUR,2006,Whole Year,Dry chillies,1799,1788,0.993885492
Karnataka,RAICHUR,2006,Whole Year,Onion,2142,23100,10.78431373
Karnataka,RAICHUR,2006,Whole Year,Sugarcane,15,1311,87.4
Karnataka,RAICHUR,2006,Whole Year,Tobacco,920,410,0.445652174
Karnataka,RAICHUR,2006,Whole Year,Turmeric,83,419,5.048192771
Karnataka,RAICHUR,2007,Kharif,Arhar/Tur,17912,6245,0.34864895
Karnataka,RAICHUR,2007,Kharif,Bajra,62068,43211,0.696188052
Karnataka,RAICHUR,2007,Kharif,Castor seed,1401,287,0.204853676
Karnataka,RAICHUR,2007,Kharif,Dry chillies,3311,1761,0.531863485
Karnataka,RAICHUR,2007,Kharif,Groundnut,15476,9497,0.61365986
Karnataka,RAICHUR,2007,Kharif,Horse-gram,1283,628,0.489477786
Karnataka,RAICHUR,2007,Kharif,Jowar,2559,2602,1.016803439
Karnataka,RAICHUR,2007,Kharif,Maize,606,1188,1.96039604
Karnataka,RAICHUR,2007,Kharif,Moong(Green Gram),11911,962,0.080765679
Karnataka,RAICHUR,2007,Kharif,Onion,1771,17156,9.687182383
Karnataka,RAICHUR,2007,Kharif,Other Kharif pulses,617,322,0.521880065
Karnataka,RAICHUR,2007,Kharif,Rice,96323,286365,2.972965958
Karnataka,RAICHUR,2007,Kharif,Sesamum,5159,1446,0.280286877
Karnataka,RAICHUR,2007,Kharif,Small millets,73,24,0.328767123
Karnataka,RAICHUR,2007,Kharif,Sunflower,91908,45008,0.489707098
Karnataka,RAICHUR,2007,Kharif,Urad,29,13,0.448275862
Karnataka,RAICHUR,2007,Rabi,Dry chillies,15,26,1.733333333
Karnataka,RAICHUR,2007,Rabi,Gram,58483,35870,0.613340629
Karnataka,RAICHUR,2007,Rabi,Groundnut,31075,28193,0.907256637
Karnataka,RAICHUR,2007,Rabi,Horse-gram,988,367,0.37145749
Karnataka,RAICHUR,2007,Rabi,Jowar,115414,149896,1.298767914
Karnataka,RAICHUR,2007,Rabi,Linseed,237,94,0.396624473
Karnataka,RAICHUR,2007,Rabi,Maize,369,1312,3.555555556
Karnataka,RAICHUR,2007,Rabi,Moong(Green Gram),33,11,0.333333333
Karnataka,RAICHUR,2007,Rabi,Onion,20,168,8.4
Karnataka,RAICHUR,2007,Rabi,Other  Rabi pulses,71,18,0.253521127
Karnataka,RAICHUR,2007,Rabi,Safflower,5007,5491,1.096664669
Karnataka,RAICHUR,2007,Rabi,Sunflower,93898,40141,0.427495793
Karnataka,RAICHUR,2007,Rabi,Wheat,3155,1908,0.604754358
Karnataka,RAICHUR,2007,Summer,Bajra,9,8,0.888888889
Karnataka,RAICHUR,2007,Summer,Dry chillies,10,34,3.4
Karnataka,RAICHUR,2007,Summer,Jowar,2045,3256,1.592176039
Karnataka,RAICHUR,2007,Summer,Maize,193,623,3.227979275
Karnataka,RAICHUR,2007,Summer,Onion,251,819,3.262948207
Karnataka,RAICHUR,2007,Summer,Rice,63904,175509,2.746447797
Karnataka,RAICHUR,2007,Summer,Sunflower,6980,6246,0.894842407
Karnataka,RAICHUR,2007,Whole Year,Banana,93,1645,17.68817204
Karnataka,RAICHUR,2007,Whole Year,Coconut,429,2184,5.090909091
Karnataka,RAICHUR,2007,Whole Year,Cotton(lint),22259,51779,2.326205131
Karnataka,RAICHUR,2007,Whole Year,Sannhamp,13,3,0.230769231
Karnataka,RAICHUR,2007,Whole Year,Sugarcane,81,6849,84.55555556
Karnataka,RAICHUR,2007,Whole Year,Tobacco,645,273,0.423255814
Karnataka,RAICHUR,2008,Kharif,Arhar/Tur,13531,3432,0.25363979
Karnataka,RAICHUR,2008,Kharif,Bajra,53497,36280,0.678168869
Karnataka,RAICHUR,2008,Kharif,Castor seed,1062,376,0.354048964
Karnataka,RAICHUR,2008,Kharif,Dry chillies,3284,2480,0.755176614
Karnataka,RAICHUR,2008,Kharif,Groundnut,10493,7451,0.710092443
Karnataka,RAICHUR,2008,Kharif,Horse-gram,811,355,0.437731196
Karnataka,RAICHUR,2008,Kharif,Jowar,708,343,0.484463277
Karnataka,RAICHUR,2008,Kharif,Maize,438,1103,2.51826484
Karnataka,RAICHUR,2008,Kharif,Moong(Green Gram),470,9,0.019148936
Karnataka,RAICHUR,2008,Kharif,Niger seed,12,4,0.333333333
Karnataka,RAICHUR,2008,Kharif,Onion,1595,16574,10.39122257
Karnataka,RAICHUR,2008,Kharif,Other Kharif pulses,395,234,0.592405063
Karnataka,RAICHUR,2008,Kharif,Rice,94423,334587.9,3.543499995
Karnataka,RAICHUR,2008,Kharif,Sesamum,2295,815,0.355119826
Karnataka,RAICHUR,2008,Kharif,Sunflower,67831,30631,0.451578187
Karnataka,RAICHUR,2008,Kharif,Urad,10,3,0.3
Karnataka,RAICHUR,2008,Rabi,Dry chillies,6,10,1.666666667
Karnataka,RAICHUR,2008,Rabi,Gram,76525,27376,0.357739301
Karnataka,RAICHUR,2008,Rabi,Groundnut,28747,22285,0.775211326
Karnataka,RAICHUR,2008,Rabi,Horse-gram,1000,261,0.261
Karnataka,RAICHUR,2008,Rabi,Jowar,91205,125493,1.375944301
Karnataka,RAICHUR,2008,Rabi,Linseed,52,17,0.326923077
Karnataka,RAICHUR,2008,Rabi,Maize,116,366,3.155172414
Karnataka,RAICHUR,2008,Rabi,Onion,14,93,6.642857143
Karnataka,RAICHUR,2008,Rabi,Other  Rabi pulses,131,33,0.251908397
Karnataka,RAICHUR,2008,Rabi,Safflower,3763,2900,0.770661706
Karnataka,RAICHUR,2008,Rabi,Sunflower,91313,27868,0.305192032
Karnataka,RAICHUR,2008,Rabi,Wheat,1780,802,0.450561798
Karnataka,RAICHUR,2008,Summer,Bajra,8,7,0.875
Karnataka,RAICHUR,2008,Summer,Dry chillies,10,33,3.3
Karnataka,RAICHUR,2008,Summer,Jowar,375,831,2.216
Karnataka,RAICHUR,2008,Summer,Maize,198,623,3.146464646
Karnataka,RAICHUR,2008,Summer,Onion,221,2212,10.00904977
Karnataka,RAICHUR,2008,Summer,Rice,70502,188205,2.669498738
Karnataka,RAICHUR,2008,Summer,Sunflower,3682,2092,0.568169473
Karnataka,RAICHUR,2008,Whole Year,Banana,59,1025,17.37288136
Karnataka,RAICHUR,2008,Whole Year,Coconut,229,1569,6.851528384
Karnataka,RAICHUR,2008,Whole Year,Cotton(lint),26561,73442,2.765031437
Karnataka,RAICHUR,2008,Whole Year,Sannhamp,13,3,0.230769231
Karnataka,RAICHUR,2008,Whole Year,Tobacco,922,469,0.50867679
Karnataka,RAICHUR,2008,Whole Year,Turmeric,6,6,1
Karnataka,RAICHUR,2009,Kharif,Arhar/Tur,12984,3626,0.27926679
Karnataka,RAICHUR,2009,Kharif,Bajra,55935,24202,0.43268079
Karnataka,RAICHUR,2009,Kharif,Castor seed,953,249,0.261280168
Karnataka,RAICHUR,2009,Kharif,Gram,583,187,0.320754717
Karnataka,RAICHUR,2009,Kharif,Groundnut,8592,3879,0.45146648
Karnataka,RAICHUR,2009,Kharif,Horse-gram,583,187,0.320754717
Karnataka,RAICHUR,2009,Kharif,Jowar,519,432,0.832369942
Karnataka,RAICHUR,2009,Kharif,Maize,475,662,1.393684211
Karnataka,RAICHUR,2009,Kharif,Moong(Green Gram),3563,54,0.015155768
Karnataka,RAICHUR,2009,Kharif,Onion,1255,8274,6.592828685
Karnataka,RAICHUR,2009,Kharif,Other Kharif pulses,235,96,0.408510638
Karnataka,RAICHUR,2009,Kharif,Rice,96230,252315.06,2.622
Karnataka,RAICHUR,2009,Kharif,Sesamum,4577,335,0.073192047
Karnataka,RAICHUR,2009,Kharif,Small millets,14,4,0.285714286
Karnataka,RAICHUR,2009,Kharif,Sunflower,69592,14681,0.210958156
Karnataka,RAICHUR,2009,Kharif,Urad,31,3,0.096774194
Karnataka,RAICHUR,2009,Rabi,Dry chillies,68,203,2.985294118
Karnataka,RAICHUR,2009,Rabi,Gram,797,202,0.253450439
Karnataka,RAICHUR,2009,Rabi,Groundnut,30330,21869,0.721035279
Karnataka,RAICHUR,2009,Rabi,Horse-gram,797,202,0.253450439
Karnataka,RAICHUR,2009,Rabi,Jowar,110905,144492,1.302844777
Karnataka,RAICHUR,2009,Rabi,Linseed,119,61,0.512605042
Karnataka,RAICHUR,2009,Rabi,Maize,109,287,2.633027523
Karnataka,RAICHUR,2009,Rabi,Onion,10,59,5.9
Karnataka,RAICHUR,2009,Rabi,Other  Rabi pulses,176,43,0.244318182
Karnataka,RAICHUR,2009,Rabi,Safflower,3337,1909,0.572070722
Karnataka,RAICHUR,2009,Rabi,Sunflower,58324,12404,0.212674028
Karnataka,RAICHUR,2009,Rabi,Urad,45,18,0.4
Karnataka,RAICHUR,2009,Rabi,Wheat,1798,941,0.523359288
Karnataka,RAICHUR,2009,Summer,Dry chillies,10,46,4.6
Karnataka,RAICHUR,2009,Summer,Jowar,1078,834,0.773654917
Karnataka,RAICHUR,2009,Summer,Maize,331,906,2.737160121
Karnataka,RAICHUR,2009,Summer,Onion,291,2225,7.64604811
Karnataka,RAICHUR,2009,Summer,Rice,80210,240181,2.994402194
Karnataka,RAICHUR,2009,Summer,Sunflower,4222,2378,0.563240171
Karnataka,RAICHUR,2009,Whole Year,Banana,65,1442,22.18461538
Karnataka,RAICHUR,2009,Whole Year,Coconut,175,1244,7.108571429
Karnataka,RAICHUR,2009,Whole Year,Cotton(lint),22101,53381,2.415320574
Karnataka,RAICHUR,2009,Whole Year,Sugarcane,30,2879,95.96666667
Karnataka,RAICHUR,2009,Whole Year,Tobacco,69,53,0.768115942
Karnataka,RAICHUR,2009,Whole Year,Turmeric,51,257,5.039215686
Karnataka,RAICHUR,2010,Kharif,Arhar/Tur,62051,20986,0.33820567
Karnataka,RAICHUR,2010,Kharif,Bajra,53772,47919,0.891151529
Karnataka,RAICHUR,2010,Kharif,Castor seed,1301,510,0.392006149
Karnataka,RAICHUR,2010,Kharif,Cotton(lint),27086,55465,2.047736838
Karnataka,RAICHUR,2010,Kharif,Cowpea(Lobia),187,97,0.518716578
Karnataka,RAICHUR,2010,Kharif,Dry chillies,2024,2780,1.373517787
Karnataka,RAICHUR,2010,Kharif,Groundnut,10064,6106,0.606717011
Karnataka,RAICHUR,2010,Kharif,Horse-gram,117,50,0.427350427
Karnataka,RAICHUR,2010,Kharif,Jowar,346,413,1.193641618
Karnataka,RAICHUR,2010,Kharif,Maize,358,1029,2.874301676
Karnataka,RAICHUR,2010,Kharif,Moong(Green Gram),15445,2362,0.152929751
Karnataka,RAICHUR,2010,Kharif,Niger seed,26,8,0.307692308
Karnataka,RAICHUR,2010,Kharif,Onion,1004,11457,11.41135458
Karnataka,RAICHUR,2010,Kharif,Other Kharif pulses,47,20,0.425531915
Karnataka,RAICHUR,2010,Kharif,Rice,100297,309529,3.086124211
Karnataka,RAICHUR,2010,Kharif,Sesamum,5977,2254,0.377112264
Karnataka,RAICHUR,2010,Kharif,Small millets,19,7,0.368421053
Karnataka,RAICHUR,2010,Kharif,Sunflower,30610,15180,0.495916367
Karnataka,RAICHUR,2010,Kharif,Urad,42,15,0.357142857
Karnataka,RAICHUR,2010,Rabi,Cotton(lint),280,657,2.346428571
Karnataka,RAICHUR,2010,Rabi,Cowpea(Lobia),228,60,0.263157895
Karnataka,RAICHUR,2010,Rabi,Dry chillies,62,168,2.709677419
Karnataka,RAICHUR,2010,Rabi,Gram,100330,45180,0.450313964
Karnataka,RAICHUR,2010,Rabi,Groundnut,27558,24766,0.898686407
Karnataka,RAICHUR,2010,Rabi,Horse-gram,948,338,0.356540084
Karnataka,RAICHUR,2010,Rabi,Jowar,112097,162948,1.453633906
Karnataka,RAICHUR,2010,Rabi,Linseed,159,75,0.471698113
Karnataka,RAICHUR,2010,Rabi,Maize,339,999,2.946902655
Karnataka,RAICHUR,2010,Rabi,Onion,15,103,6.866666667
Karnataka,RAICHUR,2010,Rabi,Safflower,3517,2967,0.843616719
Karnataka,RAICHUR,2010,Rabi,Sunflower,23381,10846,0.463880929
Karnataka,RAICHUR,2010,Rabi,Wheat,2558,2112,0.825645035
Karnataka,RAICHUR,2010,Summer,Bajra,115,98,0.852173913
Karnataka,RAICHUR,2010,Summer,Dry chillies,38,116,3.052631579
Karnataka,RAICHUR,2010,Summer,Jowar,1085,1997,1.840552995
Karnataka,RAICHUR,2010,Summer,Maize,316,1075,3.401898734
Karnataka,RAICHUR,2010,Summer,Onion,251,2670,10.6374502
Karnataka,RAICHUR,2010,Summer,Rice,74459,212420,2.85284519
Karnataka,RAICHUR,2010,Summer,Sunflower,2125,1954,0.919529412
Karnataka,RAICHUR,2010,Whole Year,Banana,79,1855,23.48101266
Karnataka,RAICHUR,2010,Whole Year,Coconut,30,287,9.566666667
Karnataka,RAICHUR,2010,Whole Year,Sugarcane,134,12985,96.90298507
Karnataka,RAICHUR,2011,Kharif,Arhar/Tur,42859,11808,0.275508061
Karnataka,RAICHUR,2011,Kharif,Bajra,45346,40543,0.894081066
Karnataka,RAICHUR,2011,Kharif,Castor seed,890,194,0.217977528
Karnataka,RAICHUR,2011,Kharif,Cotton(lint),38467,69268,1.800712299
Karnataka,RAICHUR,2011,Kharif,Cowpea(Lobia),181,96,0.53038674
Karnataka,RAICHUR,2011,Kharif,Dry chillies,3437,3595,1.045970323
Karnataka,RAICHUR,2011,Kharif,Groundnut,9933,5472,0.550890969
Karnataka,RAICHUR,2011,Kharif,Horse-gram,100,31,0.31
Karnataka,RAICHUR,2011,Kharif,Jowar,339,425,1.253687316
Karnataka,RAICHUR,2011,Kharif,Maize,329,1074,3.26443769
Karnataka,RAICHUR,2011,Kharif,Moong(Green Gram),2717,485,0.178505705
Karnataka,RAICHUR,2011,Kharif,Niger seed,44,12,0.272727273
Karnataka,RAICHUR,2011,Kharif,Onion,826,8317,10.06900726
Karnataka,RAICHUR,2011,Kharif,Other Kharif pulses,50,25,0.5
Karnataka,RAICHUR,2011,Kharif,Rice,105525,346950,3.287846482
Karnataka,RAICHUR,2011,Kharif,Sesamum,5327,850,0.159564483
Karnataka,RAICHUR,2011,Kharif,Small millets,30,9,0.3
Karnataka,RAICHUR,2011,Kharif,Sunflower,34946,12848,0.36765295
Karnataka,RAICHUR,2011,Kharif,Urad,20,7,0.35
Karnataka,RAICHUR,2011,Rabi,Cowpea(Lobia),80,28,0.35
Karnataka,RAICHUR,2011,Rabi,Dry chillies,46,108,2.347826087
Karnataka,RAICHUR,2011,Rabi,Gram,69776,26348,0.377608347
Karnataka,RAICHUR,2011,Rabi,Groundnut,28115,21661,0.770442824
Karnataka,RAICHUR,2011,Rabi,Horse-gram,342,74,0.216374269
Karnataka,RAICHUR,2011,Rabi,Jowar,84790,61297,0.722927232
Karnataka,RAICHUR,2011,Rabi,Linseed,299,164,0.548494983
Karnataka,RAICHUR,2011,Rabi,Maize,199,642,3.226130653
Karnataka,RAICHUR,2011,Rabi,Onion,390,3104,7.958974359
Karnataka,RAICHUR,2011,Rabi,Safflower,2874,1911,0.664926931
Karnataka,RAICHUR,2011,Rabi,Sunflower,18367,4563,0.248434693
Karnataka,RAICHUR,2011,Rabi,Urad,28,14,0.5
Karnataka,RAICHUR,2011,Rabi,Wheat,2307,1294,0.560901604
Karnataka,RAICHUR,2011,Summer,Bajra,870,744,0.855172414
Karnataka,RAICHUR,2011,Summer,Jowar,1009,1745,1.729435084
Karnataka,RAICHUR,2011,Summer,Maize,159,542,3.408805031
Karnataka,RAICHUR,2011,Summer,Onion,135,831,6.155555556
Karnataka,RAICHUR,2011,Summer,Rice,37175,108244,2.911741762
Karnataka,RAICHUR,2011,Summer,Sunflower,877,495,0.564424173
Karnataka,RAICHUR,2011,Whole Year,Banana,71,1774,24.98591549
Karnataka,RAICHUR,2011,Whole Year,Coconut,27,268,9.925925926
Karnataka,RAICHUR,2011,Whole Year,Turmeric,56,281,5.017857143
Karnataka,RAICHUR,2012,Kharif,Arhar/Tur,31072,12103,0.389514676
Karnataka,RAICHUR,2012,Kharif,Bajra,52357,51281,0.979448784
Karnataka,RAICHUR,2012,Kharif,Castor seed,707,185,0.261669024
Karnataka,RAICHUR,2012,Kharif,Cotton(lint),53170,174109,3.274572127
Karnataka,RAICHUR,2012,Kharif,Cowpea(Lobia),62,17,0.274193548
Karnataka,RAICHUR,2012,Kharif,Dry chillies,4363,4895,1.121934449
Karnataka,RAICHUR,2012,Kharif,Groundnut,5363,3831,0.714338989
Karnataka,RAICHUR,2012,Kharif,Horse-gram,69,28,0.405797101
Karnataka,RAICHUR,2012,Kharif,Jowar,81,115,1.419753086
Karnataka,RAICHUR,2012,Kharif,Maize,141,311,2.205673759
Karnataka,RAICHUR,2012,Kharif,Moong(Green Gram),530,62,0.116981132
Karnataka,RAICHUR,2012,Kharif,Onion,1147,9869,8.60418483
Karnataka,RAICHUR,2012,Kharif,Other Kharif pulses,35,9,0.257142857
Karnataka,RAICHUR,2012,Kharif,Rice,113989,354865,3.113151269
Karnataka,RAICHUR,2012,Kharif,Sesamum,968,220,0.227272727
Karnataka,RAICHUR,2012,Kharif,Sunflower,25208,13698,0.543398921
Karnataka,RAICHUR,2012,Rabi,Cotton(lint),190,235,1.236842105
Karnataka,RAICHUR,2012,Rabi,Dry chillies,52,142,2.730769231
Karnataka,RAICHUR,2012,Rabi,Gram,109636,103113,0.940503119
Karnataka,RAICHUR,2012,Rabi,Horse-gram,664,144,0.21686747
Karnataka,RAICHUR,2012,Rabi,Jowar,108723,141813,1.304351425
Karnataka,RAICHUR,2012,Rabi,Linseed,38,15,0.394736842
Karnataka,RAICHUR,2012,Rabi,Maize,338,1023,3.026627219
Karnataka,RAICHUR,2012,Rabi,Onion,124,812,6.548387097
Karnataka,RAICHUR,2012,Rabi,Safflower,1350,596,0.441481481
Karnataka,RAICHUR,2012,Rabi,Sunflower,40399,20418,0.50540855
Karnataka,RAICHUR,2012,Rabi,Wheat,2332,1172,0.502572899
Karnataka,RAICHUR,2012,Summer,Cowpea(Lobia),77,28,0.363636364
Karnataka,RAICHUR,2012,Summer,Dry chillies,25,71,2.84
Karnataka,RAICHUR,2012,Summer,Groundnut,38169,34629,0.907254578
Karnataka,RAICHUR,2012,Summer,Jowar,399,884,2.215538847
Karnataka,RAICHUR,2012,Summer,Maize,171,588,3.438596491
Karnataka,RAICHUR,2012,Summer,Rice,37718,115881,3.072299698
Karnataka,RAICHUR,2012,Summer,Sunflower,2160,2066,0.956481481
Karnataka,RAICHUR,2012,Whole Year,Coconut,36,354,9.833333333
Karnataka,RAICHUR,2012,Whole Year,Sugarcane,382,31935,83.59947644
Karnataka,RAICHUR,2012,Whole Year,Turmeric,16,133,8.3125
Karnataka,RAICHUR,2013,Kharif,Arhar/Tur,38322,16965,0.442696101
Karnataka,RAICHUR,2013,Kharif,Bajra,50996,56876,1.115303161
Karnataka,RAICHUR,2013,Kharif,Castor seed,1011,284,0.28090999
Karnataka,RAICHUR,2013,Kharif,Cotton(lint),55755,165126,2.961635728
Karnataka,RAICHUR,2013,Kharif,Cowpea(Lobia),196,73,0.37244898
Karnataka,RAICHUR,2013,Kharif,Dry chillies,3757,4676,1.244610061
Karnataka,RAICHUR,2013,Kharif,Groundnut,4165,2888,0.693397359
Karnataka,RAICHUR,2013,Kharif,Horse-gram,60,34,0.566666667
Karnataka,RAICHUR,2013,Kharif,Jowar,469,450,0.959488273
Karnataka,RAICHUR,2013,Kharif,Maize,227,870,3.832599119
Karnataka,RAICHUR,2013,Kharif,Moong(Green Gram),2419,761,0.314592807
Karnataka,RAICHUR,2013,Kharif,Onion,837,6572,7.851851852
Karnataka,RAICHUR,2013,Kharif,Rice,107557,347511,3.230947312
Karnataka,RAICHUR,2013,Kharif,Sesamum,2309,704,0.304893893
Karnataka,RAICHUR,2013,Kharif,Sunflower,33642,18920,0.562392248
Karnataka,RAICHUR,2013,Rabi,Dry chillies,45,85,1.888888889
Karnataka,RAICHUR,2013,Rabi,Gram,127854,127170,0.994650148
Karnataka,RAICHUR,2013,Rabi,Horse-gram,412,194,0.470873786
Karnataka,RAICHUR,2013,Rabi,Jowar,95243,133821,1.40504814
Karnataka,RAICHUR,2013,Rabi,Linseed,48,21,0.4375
Karnataka,RAICHUR,2013,Rabi,Maize,103,315,3.058252427
Karnataka,RAICHUR,2013,Rabi,Onion,140,984,7.028571429
Karnataka,RAICHUR,2013,Rabi,Safflower,781,683,0.874519846
Karnataka,RAICHUR,2013,Rabi,Sunflower,29139,16997,0.583307595
Karnataka,RAICHUR,2013,Rabi,Wheat,1054,1047,0.993358634
Karnataka,RAICHUR,2013,Summer,Dry chillies,22,58,2.636363636
Karnataka,RAICHUR,2013,Summer,Groundnut,48600,44231,0.910102881
Karnataka,RAICHUR,2013,Summer,Maize,50,107,2.14
Karnataka,RAICHUR,2013,Summer,Onion,44,345,7.840909091
Karnataka,RAICHUR,2013,Summer,Rice,70799,225452,3.18439526
Karnataka,RAICHUR,2013,Summer,Sunflower,595,644,1.082352941
Karnataka,RAICHUR,2013,Whole Year,Coconut,63,500,7.936507937
Karnataka,RAICHUR,2013,Whole Year,Sugarcane,345,30808,89.29855072
Karnataka,RAICHUR,2013,Whole Year,Turmeric,50,238,4.76
Karnataka,RAICHUR,2014,Kharif,Arhar/Tur,37594,24929,0.663111135
Karnataka,RAICHUR,2014,Kharif,Bajra,46275,33806,0.730545651
Karnataka,RAICHUR,2014,Kharif,Castor seed,1341,285,0.212527964
Karnataka,RAICHUR,2014,Kharif,Cotton(lint),104970,302671,2.883404782
Karnataka,RAICHUR,2014,Kharif,Cowpea(Lobia),172,75,0.436046512
Karnataka,RAICHUR,2014,Kharif,Dry chillies,3763,7990,2.123305873
Karnataka,RAICHUR,2014,Kharif,Groundnut,2847,1571,0.551808922
Karnataka,RAICHUR,2014,Kharif,Horse-gram,30,10,0.333333333
Karnataka,RAICHUR,2014,Kharif,Maize,198,293,1.47979798
Karnataka,RAICHUR,2014,Kharif,Moong(Green Gram),266,10,0.037593985
Karnataka,RAICHUR,2014,Kharif,Onion,1173,7150,6.095481671
Karnataka,RAICHUR,2014,Kharif,Rice,97935,320982,3.277500383
Karnataka,RAICHUR,2014,Kharif,Sesamum,1431,173,0.120894479
Karnataka,RAICHUR,2014,Kharif,Sunflower,13318,6048,0.454122241
Karnataka,RAICHUR,2014,Rabi,Dry chillies,76,143,1.881578947
Karnataka,RAICHUR,2014,Rabi,Gram,60078,57474,0.956656347
Karnataka,RAICHUR,2014,Rabi,Horse-gram,502,215,0.428286853
Karnataka,RAICHUR,2014,Rabi,Jowar,76744,107465,1.40030491
Karnataka,RAICHUR,2014,Rabi,Linseed,57,44,0.771929825
Karnataka,RAICHUR,2014,Rabi,Maize,118,399,3.381355932
Karnataka,RAICHUR,2014,Rabi,Onion,137,908,6.627737226
Karnataka,RAICHUR,2014,Rabi,Safflower,1163,979,0.841788478
Karnataka,RAICHUR,2014,Rabi,Sunflower,16293,8157,0.500644449
Karnataka,RAICHUR,2014,Rabi,Wheat,656,589,0.897865854
Karnataka,RAICHUR,2014,Summer,Groundnut,30100,29081,0.966146179
Karnataka,RAICHUR,2014,Summer,Onion,30,147,4.9
Karnataka,RAICHUR,2014,Summer,Rice,64645,171894,2.659045557
Karnataka,RAICHUR,2014,Summer,Sunflower,850,649,0.763529412
Karnataka,RAICHUR,2014,Whole Year,Coconut,80,714,8.925
Karnataka,RAICHUR,2014,Whole Year,Sugarcane,295,26904,91.2
Karnataka,RAICHUR,2014,Whole Year,Turmeric,35,210,6
Karnataka,RAMANAGARA,2007,Kharif,Arhar/Tur,3615,3115,0.861687414
Karnataka,RAMANAGARA,2007,Kharif,Castor seed,1605,3478,2.166978193
Karnataka,RAMANAGARA,2007,Kharif,Dry chillies,612,551,0.900326797
Karnataka,RAMANAGARA,2007,Kharif,Groundnut,7810,5750,0.736235595
Karnataka,RAMANAGARA,2007,Kharif,Horse-gram,4210,3208,0.761995249
Karnataka,RAMANAGARA,2007,Kharif,Maize,1669,12220,7.321749551
Karnataka,RAMANAGARA,2007,Kharif,Moong(Green Gram),85,19,0.223529412
Karnataka,RAMANAGARA,2007,Kharif,Niger seed,1034,383,0.37040619
Karnataka,RAMANAGARA,2007,Kharif,Onion,2,12,6
Karnataka,RAMANAGARA,2007,Kharif,Other Kharif pulses,7611,7706,1.012481934
Karnataka,RAMANAGARA,2007,Kharif,Ragi,74200,164366,2.215175202
Karnataka,RAMANAGARA,2007,Kharif,Rapeseed &Mustard,547,229,0.418647166
Karnataka,RAMANAGARA,2007,Kharif,Rice,5784,15901,2.749135546
Karnataka,RAMANAGARA,2007,Kharif,Sesamum,1736,147,0.084677419
Karnataka,RAMANAGARA,2007,Kharif,Small millets,98,65,0.663265306
Karnataka,RAMANAGARA,2007,Kharif,Sunflower,80,33,0.4125
Karnataka,RAMANAGARA,2007,Kharif,Urad,80,35,0.4375
Karnataka,RAMANAGARA,2007,Rabi,Gram,17,13,0.764705882
Karnataka,RAMANAGARA,2007,Rabi,Groundnut,20,17,0.85
Karnataka,RAMANAGARA,2007,Rabi,Horse-gram,3887,2223,0.571906355
Karnataka,RAMANAGARA,2007,Rabi,Maize,60,214,3.566666667
Karnataka,RAMANAGARA,2007,Rabi,Other  Rabi pulses,10,4,0.4
Karnataka,RAMANAGARA,2007,Rabi,Ragi,33,71,2.151515152
Karnataka,RAMANAGARA,2007,Summer,Maize,146,471,3.226027397
Karnataka,RAMANAGARA,2007,Summer,Ragi,173,359,2.075144509
Karnataka,RAMANAGARA,2007,Summer,Rice,290,905,3.120689655
Karnataka,RAMANAGARA,2007,Summer,Sunflower,1,1,1
Karnataka,RAMANAGARA,2007,Whole Year,Arecanut,868,5846,6.735023041
Karnataka,RAMANAGARA,2007,Whole Year,Banana,2920,72962,24.9869863
Karnataka,RAMANAGARA,2007,Whole Year,Coconut,13825,70391,5.091573237
Karnataka,RAMANAGARA,2007,Whole Year,Dry ginger,4,82,20.5
Karnataka,RAMANAGARA,2007,Whole Year,Sugarcane,195,13338,68.4
Karnataka,RAMANAGARA,2007,Whole Year,Sweet potato,4,25,6.25
Karnataka,RAMANAGARA,2007,Whole Year,Tapioca,2,15,7.5
Karnataka,RAMANAGARA,2007,Whole Year,Turmeric,15,117,7.8
Karnataka,RAMANAGARA,2008,Kharif,Arhar/Tur,3748,2407,0.642209178
Karnataka,RAMANAGARA,2008,Kharif,Castor seed,1754,3541,2.018814139
Karnataka,RAMANAGARA,2008,Kharif,Dry chillies,529,491,0.928166352
Karnataka,RAMANAGARA,2008,Kharif,Groundnut,7723,3903,0.505373559
Karnataka,RAMANAGARA,2008,Kharif,Horse-gram,3763,1970,0.523518469
Karnataka,RAMANAGARA,2008,Kharif,Maize,1754,5374,3.063854048
Karnataka,RAMANAGARA,2008,Kharif,Moong(Green Gram),80,11,0.1375
Karnataka,RAMANAGARA,2008,Kharif,Niger seed,1309,416,0.317799847
Karnataka,RAMANAGARA,2008,Kharif,Onion,23,119,5.173913043
Karnataka,RAMANAGARA,2008,Kharif,Other Kharif pulses,7808,7849,1.005251025
Karnataka,RAMANAGARA,2008,Kharif,Ragi,78025,137659,1.764293496
Karnataka,RAMANAGARA,2008,Kharif,Rice,6252,16531,2.644113884
Karnataka,RAMANAGARA,2008,Kharif,Sesamum,2178,836,0.383838384
Karnataka,RAMANAGARA,2008,Kharif,Sunflower,143,49,0.342657343
Karnataka,RAMANAGARA,2008,Kharif,Urad,75,20,0.266666667
Karnataka,RAMANAGARA,2008,Rabi,Dry chillies,25,42,1.68
Karnataka,RAMANAGARA,2008,Rabi,Groundnut,52,39,0.75
Karnataka,RAMANAGARA,2008,Rabi,Horse-gram,4321,1979,0.457995834
Karnataka,RAMANAGARA,2008,Rabi,Maize,100,315,3.15
Karnataka,RAMANAGARA,2008,Rabi,Other  Rabi pulses,45,17,0.377777778
Karnataka,RAMANAGARA,2008,Rabi,Ragi,11,23,2.090909091
Karnataka,RAMANAGARA,2008,Rabi,Rapeseed &Mustard,768,322,0.419270833
Karnataka,RAMANAGARA,2008,Summer,Dry chillies,7,23,3.285714286
Karnataka,RAMANAGARA,2008,Summer,Maize,146,459,3.143835616
Karnataka,RAMANAGARA,2008,Summer,Ragi,178,354,1.988764045
Karnataka,RAMANAGARA,2008,Summer,Rice,360,1130,3.138888889
Karnataka,RAMANAGARA,2008,Whole Year,Arecanut,2051,13813,6.73476353
Karnataka,RAMANAGARA,2008,Whole Year,Banana,3655,136649,37.38686731
Karnataka,RAMANAGARA,2008,Whole Year,Cashewnut,20,12.3,0.615
Karnataka,RAMANAGARA,2008,Whole Year,Coconut,13861,92242,6.654786812
Karnataka,RAMANAGARA,2008,Whole Year,Dry ginger,4,127,31.75
Karnataka,RAMANAGARA,2008,Whole Year,Sugarcane,936,86252,92.14957265
Karnataka,RAMANAGARA,2008,Whole Year,Sweet potato,10,101,10.1
Karnataka,RAMANAGARA,2008,Whole Year,Tapioca,4,39,9.75
Karnataka,RAMANAGARA,2008,Whole Year,Turmeric,16,76,4.75
Karnataka,RAMANAGARA,2009,Kharif,Arhar/Tur,3607,2700,0.748544497
Karnataka,RAMANAGARA,2009,Kharif,Castor seed,1892,2056,1.086680761
Karnataka,RAMANAGARA,2009,Kharif,Gram,4067,1758,0.432259651
Karnataka,RAMANAGARA,2009,Kharif,Groundnut,7464,5368,0.719185423
Karnataka,RAMANAGARA,2009,Kharif,Horse-gram,4067,1758,0.432259651
Karnataka,RAMANAGARA,2009,Kharif,Maize,1646,6845,4.158566221
Karnataka,RAMANAGARA,2009,Kharif,Moong(Green Gram),68,8,0.117647059
Karnataka,RAMANAGARA,2009,Kharif,Niger seed,1418,434,0.30606488
Karnataka,RAMANAGARA,2009,Kharif,Onion,20,71,3.55
Karnataka,RAMANAGARA,2009,Kharif,Other Kharif pulses,8212,7015,0.854237701
Karnataka,RAMANAGARA,2009,Kharif,Ragi,76469,138869,1.816016948
Karnataka,RAMANAGARA,2009,Kharif,Rice,7446,21277,2.857507387
Karnataka,RAMANAGARA,2009,Kharif,Sesamum,2099,1382,0.658408766
Karnataka,RAMANAGARA,2009,Kharif,Small millets,158,42,0.265822785
Karnataka,RAMANAGARA,2009,Kharif,Sunflower,79,18,0.227848101
Karnataka,RAMANAGARA,2009,Kharif,Urad,72,6,0.083333333
Karnataka,RAMANAGARA,2009,Rabi,Dry chillies,18,54,3
Karnataka,RAMANAGARA,2009,Rabi,Gram,3536,1821,0.514988688
Karnataka,RAMANAGARA,2009,Rabi,Groundnut,77,60,0.779220779
Karnataka,RAMANAGARA,2009,Rabi,Horse-gram,3536,1821,0.514988688
Karnataka,RAMANAGARA,2009,Rabi,Maize,85,224,2.635294118
Karnataka,RAMANAGARA,2009,Rabi,Other  Rabi pulses,22,9,0.409090909
Karnataka,RAMANAGARA,2009,Rabi,Ragi,25,59,2.36
Karnataka,RAMANAGARA,2009,Rabi,Rapeseed &Mustard,1427,393,0.275402943
Karnataka,RAMANAGARA,2009,Summer,Maize,262,717,2.736641221
Karnataka,RAMANAGARA,2009,Summer,Ragi,278,522,1.877697842
Karnataka,RAMANAGARA,2009,Summer,Rice,868,2738,3.15437788
Karnataka,RAMANAGARA,2009,Whole Year,Arecanut,2063,13894,6.734852157
Karnataka,RAMANAGARA,2009,Whole Year,Banana,3376,100865,29.87707346
Karnataka,RAMANAGARA,2009,Whole Year,Cashewnut,18,14,0.777777778
Karnataka,RAMANAGARA,2009,Whole Year,Coconut,14328,101875,7.110203797
Karnataka,RAMANAGARA,2009,Whole Year,Dry ginger,6,189,31.5
Karnataka,RAMANAGARA,2009,Whole Year,Sugarcane,863,87724,101.6500579
Karnataka,RAMANAGARA,2009,Whole Year,Sweet potato,8,53,6.625
Karnataka,RAMANAGARA,2009,Whole Year,Tapioca,4,37,9.25
Karnataka,RAMANAGARA,2009,Whole Year,Turmeric,87,438,5.034482759
Karnataka,RAMANAGARA,2010,Kharif,Arhar/Tur,3363,1444,0.429378531
Karnataka,RAMANAGARA,2010,Kharif,Castor seed,1651,2121,1.284675954
Karnataka,RAMANAGARA,2010,Kharif,Cowpea(Lobia),2199,1157,0.526148249
Karnataka,RAMANAGARA,2010,Kharif,Dry chillies,485,399,0.822680412
Karnataka,RAMANAGARA,2010,Kharif,Groundnut,4204,4521,1.075404377
Karnataka,RAMANAGARA,2010,Kharif,Horse-gram,4318,3319,0.76864289
Karnataka,RAMANAGARA,2010,Kharif,Maize,1134,5367,4.732804233
Karnataka,RAMANAGARA,2010,Kharif,Moong(Green Gram),8,2,0.25
Karnataka,RAMANAGARA,2010,Kharif,Niger seed,967,291,0.300930714
Karnataka,RAMANAGARA,2010,Kharif,Onion,5,31,6.2
Karnataka,RAMANAGARA,2010,Kharif,Other Kharif pulses,5391,3938,0.73047672
Karnataka,RAMANAGARA,2010,Kharif,Peas & beans (Pulses),139,435,3.129496403
Karnataka,RAMANAGARA,2010,Kharif,Ragi,72967,165230,2.264448312
Karnataka,RAMANAGARA,2010,Kharif,Rice,7884,19794,2.51065449
Karnataka,RAMANAGARA,2010,Kharif,Sesamum,6392,1816,0.284105131
Karnataka,RAMANAGARA,2010,Kharif,Small millets,3,2,0.666666667
Karnataka,RAMANAGARA,2010,Kharif,Sunflower,23,11,0.47826087
Karnataka,RAMANAGARA,2010,Kharif,Urad,8,3,0.375
Karnataka,RAMANAGARA,2010,Rabi,Cowpea(Lobia),23,6,0.260869565
Karnataka,RAMANAGARA,2010,Rabi,Dry chillies,13,35,2.692307692
Karnataka,RAMANAGARA,2010,Rabi,Groundnut,71,83,1.169014085
Karnataka,RAMANAGARA,2010,Rabi,Horse-gram,3970,3711,0.934760705
Karnataka,RAMANAGARA,2010,Rabi,Maize,200,589,2.945
Karnataka,RAMANAGARA,2010,Rabi,Other  Rabi pulses,18,7,0.388888889
Karnataka,RAMANAGARA,2010,Rabi,Peas & beans (Pulses),6,43,7.166666667
Karnataka,RAMANAGARA,2010,Rabi,Ragi,67,139,2.074626866
Karnataka,RAMANAGARA,2010,Rabi,Rapeseed &Mustard,610,274,0.449180328
Karnataka,RAMANAGARA,2010,Summer,Maize,391,1330,3.401534527
Karnataka,RAMANAGARA,2010,Summer,Peas & beans (Pulses),3,26,8.666666667
Karnataka,RAMANAGARA,2010,Summer,Ragi,440,861,1.956818182
Karnataka,RAMANAGARA,2010,Summer,Rice,589,1744,2.960950764
Karnataka,RAMANAGARA,2010,Whole Year,Arecanut,2330,25194,10.81287554
Karnataka,RAMANAGARA,2010,Whole Year,Banana,2127,64046,30.1109544
Karnataka,RAMANAGARA,2010,Whole Year,Cashewnut,2,1,0.5
Karnataka,RAMANAGARA,2010,Whole Year,Coconut,14982,143220,9.559471366
Karnataka,RAMANAGARA,2010,Whole Year,Sugarcane,924,100947,109.25
Karnataka,RAMANAGARA,2010,Whole Year,Sweet potato,89,1089,12.23595506
Karnataka,RAMANAGARA,2010,Whole Year,Tapioca,9,99,11
Karnataka,RAMANAGARA,2010,Whole Year,Turmeric,1,5,5
Karnataka,RAMANAGARA,2011,Kharif,Arhar/Tur,3210,2531,0.78847352
Karnataka,RAMANAGARA,2011,Kharif,Castor seed,1441,3402,2.360860514
Karnataka,RAMANAGARA,2011,Kharif,Cowpea(Lobia),1996,2585,1.29509018
Karnataka,RAMANAGARA,2011,Kharif,Dry chillies,602,486,0.80730897
Karnataka,RAMANAGARA,2011,Kharif,Groundnut,4700,4401,0.936382979
Karnataka,RAMANAGARA,2011,Kharif,Horse-gram,4584,3828,0.835078534
Karnataka,RAMANAGARA,2011,Kharif,Maize,1959,6797,3.469627361
Karnataka,RAMANAGARA,2011,Kharif,Moong(Green Gram),19,5,0.263157895
Karnataka,RAMANAGARA,2011,Kharif,Niger seed,916,249,0.271834061
Karnataka,RAMANAGARA,2011,Kharif,Onion,30,148,4.933333333
Karnataka,RAMANAGARA,2011,Kharif,Other Kharif pulses,3709,5342,1.440280399
Karnataka,RAMANAGARA,2011,Kharif,Peas & beans (Pulses),26,232,8.923076923
Karnataka,RAMANAGARA,2011,Kharif,Ragi,70613,165450,2.343052979
Karnataka,RAMANAGARA,2011,Kharif,Rice,7230,19461,2.691701245
Karnataka,RAMANAGARA,2011,Kharif,Sesamum,4576,2852,0.623251748
Karnataka,RAMANAGARA,2011,Kharif,Small millets,106,61,0.575471698
Karnataka,RAMANAGARA,2011,Kharif,Sunflower,14,11,0.785714286
Karnataka,RAMANAGARA,2011,Kharif,Urad,61,22,0.360655738
Karnataka,RAMANAGARA,2011,Rabi,Cowpea(Lobia),12,4,0.333333333
Karnataka,RAMANAGARA,2011,Rabi,Groundnut,24,20,0.833333333
Karnataka,RAMANAGARA,2011,Rabi,Horse-gram,3205,2305,0.719188768
Karnataka,RAMANAGARA,2011,Rabi,Maize,131,482,3.679389313
Karnataka,RAMANAGARA,2011,Rabi,Other  Rabi pulses,61,57,0.93442623
Karnataka,RAMANAGARA,2011,Rabi,Peas & beans (Pulses),4,38,9.5
Karnataka,RAMANAGARA,2011,Rabi,Ragi,10,20,2
Karnataka,RAMANAGARA,2011,Rabi,Rapeseed &Mustard,593,146,0.246205734
Karnataka,RAMANAGARA,2011,Summer,Maize,299,1019,3.408026756
Karnataka,RAMANAGARA,2011,Summer,Peas & beans (Pulses),1,9,9
Karnataka,RAMANAGARA,2011,Summer,Ragi,335,645,1.925373134
Karnataka,RAMANAGARA,2011,Summer,Rice,467,802,1.717344754
Karnataka,RAMANAGARA,2011,Whole Year,Arecanut,2331,18877,8.098241098
Karnataka,RAMANAGARA,2011,Whole Year,Banana,2163,71083,32.86315303
Karnataka,RAMANAGARA,2011,Whole Year,Black pepper,2,0.6,0.3
Karnataka,RAMANAGARA,2011,Whole Year,Cashewnut,1,1,1
Karnataka,RAMANAGARA,2011,Whole Year,Coconut,14532,168554,11.59881641
Karnataka,RAMANAGARA,2011,Whole Year,Coriander,9,4,0.444444444
Karnataka,RAMANAGARA,2011,Whole Year,Dry ginger,9,28.6,3.177777778
Karnataka,RAMANAGARA,2011,Whole Year,Garlic,2,2,1
Karnataka,RAMANAGARA,2011,Whole Year,Sugarcane,876,74066,84.55022831
Karnataka,RAMANAGARA,2011,Whole Year,Sweet potato,15,219,14.6
Karnataka,RAMANAGARA,2011,Whole Year,Tapioca,5,53,10.6
Karnataka,RAMANAGARA,2011,Whole Year,Tobacco,18,16,0.888888889
Karnataka,RAMANAGARA,2011,Whole Year,Turmeric,6,30,5
Karnataka,RAMANAGARA,2012,Kharif,Arhar/Tur,3559,2008,0.564203428
Karnataka,RAMANAGARA,2012,Kharif,Bajra,12,12,1
Karnataka,RAMANAGARA,2012,Kharif,Castor seed,892,1447,1.622197309
Karnataka,RAMANAGARA,2012,Kharif,Cowpea(Lobia),1154,724,0.627383016
Karnataka,RAMANAGARA,2012,Kharif,Dry chillies,455,417,0.916483516
Karnataka,RAMANAGARA,2012,Kharif,Groundnut,3168,2387,0.753472222
Karnataka,RAMANAGARA,2012,Kharif,Horse-gram,4694,2698,0.57477631
Karnataka,RAMANAGARA,2012,Kharif,Maize,2988,10784,3.609103079
Karnataka,RAMANAGARA,2012,Kharif,Moong(Green Gram),38,12,0.315789474
Karnataka,RAMANAGARA,2012,Kharif,Niger seed,617,148,0.23987034
Karnataka,RAMANAGARA,2012,Kharif,Onion,10,53,5.3
Karnataka,RAMANAGARA,2012,Kharif,Other Kharif pulses,2106,1765,0.838081671
Karnataka,RAMANAGARA,2012,Kharif,Ragi,62037,127654,2.057707497
Karnataka,RAMANAGARA,2012,Kharif,Rapeseed &Mustard,368,91,0.247282609
Karnataka,RAMANAGARA,2012,Kharif,Rice,6340,15407,2.430126183
Karnataka,RAMANAGARA,2012,Kharif,Sesamum,727,23,0.031636864
Karnataka,RAMANAGARA,2012,Kharif,Small millets,77,37,0.480519481
Karnataka,RAMANAGARA,2012,Kharif,Sunflower,40,20,0.5
Karnataka,RAMANAGARA,2012,Kharif,Urad,24,12,0.5
Karnataka,RAMANAGARA,2012,Rabi,Gram,55,35,0.636363636
Karnataka,RAMANAGARA,2012,Rabi,Horse-gram,2782,1575,0.566139468
Karnataka,RAMANAGARA,2012,Rabi,Maize,134,550,4.104477612
Karnataka,RAMANAGARA,2012,Rabi,Other  Rabi pulses,39,18,0.461538462
Karnataka,RAMANAGARA,2012,Rabi,Ragi,1,1,1
Karnataka,RAMANAGARA,2012,Summer,Groundnut,5,4,0.8
Karnataka,RAMANAGARA,2012,Summer,Maize,262,900,3.435114504
Karnataka,RAMANAGARA,2012,Summer,Ragi,288,431,1.496527778
Karnataka,RAMANAGARA,2012,Summer,Rice,412,849,2.060679612
Karnataka,RAMANAGARA,2012,Whole Year,Arecanut,1329,10666,8.025583145
Karnataka,RAMANAGARA,2012,Whole Year,Black pepper,19,54,2.842105263
Karnataka,RAMANAGARA,2012,Whole Year,Cashewnut,2,2,1
Karnataka,RAMANAGARA,2012,Whole Year,Coconut,14014,162546,11.59882974
Karnataka,RAMANAGARA,2012,Whole Year,Coriander,2,1,0.5
Karnataka,RAMANAGARA,2012,Whole Year,Dry ginger,7,223,31.85714286
Karnataka,RAMANAGARA,2012,Whole Year,Garlic,2,3,1.5
Karnataka,RAMANAGARA,2012,Whole Year,Sugarcane,719,66256,92.15020862
Karnataka,RAMANAGARA,2012,Whole Year,Sweet potato,34,527,15.5
Karnataka,RAMANAGARA,2012,Whole Year,Tapioca,2,21,10.5
Karnataka,RAMANAGARA,2012,Whole Year,Turmeric,8,38,4.75
Karnataka,RAMANAGARA,2013,Kharif,Arhar/Tur,5030,4654,0.925248509
Karnataka,RAMANAGARA,2013,Kharif,Bajra,68,80,1.176470588
Karnataka,RAMANAGARA,2013,Kharif,Castor seed,1511,3563,2.358041032
Karnataka,RAMANAGARA,2013,Kharif,Cowpea(Lobia),1327,495,0.373021854
Karnataka,RAMANAGARA,2013,Kharif,Dry chillies,484,537,1.109504132
Karnataka,RAMANAGARA,2013,Kharif,Groundnut,5588,7342,1.313886901
Karnataka,RAMANAGARA,2013,Kharif,Horse-gram,7356,5996,0.815116911
Karnataka,RAMANAGARA,2013,Kharif,Maize,4270,18323,4.291100703
Karnataka,RAMANAGARA,2013,Kharif,Moong(Green Gram),7,2,0.285714286
Karnataka,RAMANAGARA,2013,Kharif,Niger seed,975,213,0.218461538
Karnataka,RAMANAGARA,2013,Kharif,Onion,5,33,6.6
Karnataka,RAMANAGARA,2013,Kharif,Other Kharif pulses,5852,6088,1.040328093
Karnataka,RAMANAGARA,2013,Kharif,Potato,4,26,6.5
Karnataka,RAMANAGARA,2013,Kharif,Ragi,69955,175912,2.514645129
Karnataka,RAMANAGARA,2013,Kharif,Rapeseed &Mustard,565,136,0.240707965
Karnataka,RAMANAGARA,2013,Kharif,Rice,5321,13931,2.618116895
Karnataka,RAMANAGARA,2013,Kharif,Sesamum,1934,920,0.475698035
Karnataka,RAMANAGARA,2013,Kharif,Small millets,5,3,0.6
Karnataka,RAMANAGARA,2013,Kharif,Sunflower,88,51,0.579545455
Karnataka,RAMANAGARA,2013,Kharif,Urad,116,56,0.482758621
Karnataka,RAMANAGARA,2013,Rabi,Dry chillies,1,2,2
Karnataka,RAMANAGARA,2013,Rabi,Gram,35,27,0.771428571
Karnataka,RAMANAGARA,2013,Rabi,Horse-gram,2810,1839,0.654448399
Karnataka,RAMANAGARA,2013,Rabi,Maize,104,391,3.759615385
Karnataka,RAMANAGARA,2013,Rabi,Other  Rabi pulses,109,87,0.798165138
Karnataka,RAMANAGARA,2013,Rabi,Ragi,4,6,1.5
Karnataka,RAMANAGARA,2013,Summer,Groundnut,38,34,0.894736842
Karnataka,RAMANAGARA,2013,Summer,Maize,304,986,3.243421053
Karnataka,RAMANAGARA,2013,Summer,Ragi,330,648,1.963636364
Karnataka,RAMANAGARA,2013,Summer,Rice,431,799,1.853828306
Karnataka,RAMANAGARA,2013,Whole Year,Arecanut,1274,14190,11.13814757
Karnataka,RAMANAGARA,2013,Whole Year,Black pepper,10,25,2.5
Karnataka,RAMANAGARA,2013,Whole Year,Cashewnut,2,2,1
Karnataka,RAMANAGARA,2013,Whole Year,Coconut,13637,108194,7.93385642
Karnataka,RAMANAGARA,2013,Whole Year,Dry ginger,2,55,27.5
Karnataka,RAMANAGARA,2013,Whole Year,Garlic,1,1,1
Karnataka,RAMANAGARA,2013,Whole Year,Sugarcane,191,14697,76.94764398
Karnataka,RAMANAGARA,2013,Whole Year,Sweet potato,47,690,14.68085106
Karnataka,RAMANAGARA,2013,Whole Year,Tapioca,4,35,8.75
Karnataka,RAMANAGARA,2013,Whole Year,Turmeric,21,100,4.761904762
Karnataka,RAMANAGARA,2014,Kharif,Arhar/Tur,2468,1564,0.633711507
Karnataka,RAMANAGARA,2014,Kharif,Bajra,3,3,1
Karnataka,RAMANAGARA,2014,Kharif,Castor seed,1001,888,0.887112887
Karnataka,RAMANAGARA,2014,Kharif,Cotton(lint),1,3,3
Karnataka,RAMANAGARA,2014,Kharif,Cowpea(Lobia),1160,1697,1.462931034
Karnataka,RAMANAGARA,2014,Kharif,Dry chillies,484,548,1.132231405
Karnataka,RAMANAGARA,2014,Kharif,Groundnut,3648,4332,1.1875
Karnataka,RAMANAGARA,2014,Kharif,Horse-gram,5299,3182,0.600490659
Karnataka,RAMANAGARA,2014,Kharif,Maize,2084,8262,3.964491363
Karnataka,RAMANAGARA,2014,Kharif,Moong(Green Gram),6,1,0.166666667
Karnataka,RAMANAGARA,2014,Kharif,Niger seed,579,152,0.262521589
Karnataka,RAMANAGARA,2014,Kharif,Onion,7,36,5.142857143
Karnataka,RAMANAGARA,2014,Kharif,Other Kharif pulses,5626,7958,1.414504088
Karnataka,RAMANAGARA,2014,Kharif,Potato,12,74,6.166666667
Karnataka,RAMANAGARA,2014,Kharif,Ragi,69083,136049,1.969355703
Karnataka,RAMANAGARA,2014,Kharif,Rapeseed &Mustard,387,102,0.263565891
Karnataka,RAMANAGARA,2014,Kharif,Rice,4617,10759,2.330301061
Karnataka,RAMANAGARA,2014,Kharif,Sesamum,1372,521,0.379737609
Karnataka,RAMANAGARA,2014,Kharif,Small millets,6,4,0.666666667
Karnataka,RAMANAGARA,2014,Kharif,Sunflower,2,1,0.5
Karnataka,RAMANAGARA,2014,Kharif,Urad,20,6,0.3
Karnataka,RAMANAGARA,2014,Rabi,Dry chillies,2,4,2
Karnataka,RAMANAGARA,2014,Rabi,Gram,18,13,0.722222222
Karnataka,RAMANAGARA,2014,Rabi,Horse-gram,2154,1512,0.701949861
Karnataka,RAMANAGARA,2014,Rabi,Maize,114,467,4.096491228
Karnataka,RAMANAGARA,2014,Rabi,Other  Rabi pulses,76,58,0.763157895
Karnataka,RAMANAGARA,2014,Rabi,Ragi,25,41,1.64
Karnataka,RAMANAGARA,2014,Rabi,Rice,2,5,2.5
Karnataka,RAMANAGARA,2014,Summer,Groundnut,42,36,0.857142857
Karnataka,RAMANAGARA,2014,Summer,Maize,530,1729,3.262264151
Karnataka,RAMANAGARA,2014,Summer,Ragi,503,896,1.781312127
Karnataka,RAMANAGARA,2014,Summer,Rice,605,1887,3.119008264
Karnataka,RAMANAGARA,2014,Whole Year,Arecanut,1452,13435,9.252754821
Karnataka,RAMANAGARA,2014,Whole Year,Black pepper,11,65,5.909090909
Karnataka,RAMANAGARA,2014,Whole Year,Cashewnut,2,1,0.5
Karnataka,RAMANAGARA,2014,Whole Year,Coconut,15056,167850,11.14837938
Karnataka,RAMANAGARA,2014,Whole Year,Coriander,2,1,0.5
Karnataka,RAMANAGARA,2014,Whole Year,Dry ginger,3,87,29
Karnataka,RAMANAGARA,2014,Whole Year,Garlic,1,1,1
Karnataka,RAMANAGARA,2014,Whole Year,Sugarcane,1027,67320,65.55014606
Karnataka,RAMANAGARA,2014,Whole Year,Sweet potato,18,305,16.94444444
Karnataka,RAMANAGARA,2014,Whole Year,Tapioca,18,162,9
Karnataka,RAMANAGARA,2014,Whole Year,Turmeric,21,126,6
Karnataka,SHIMOGA,1997,Kharif,Arhar/Tur,1951,456,0.233726294
Karnataka,SHIMOGA,1997,Kharif,Black pepper,668,189,0.282934132
Karnataka,SHIMOGA,1997,Kharif,Dry chillies,6644,3933,0.591962673
Karnataka,SHIMOGA,1997,Kharif,Dry ginger,1300,1840,1.415384615
Karnataka,SHIMOGA,1997,Kharif,Groundnut,6407,7075,1.104260965
Karnataka,SHIMOGA,1997,Kharif,Horse-gram,3254,1459,0.448371235
Karnataka,SHIMOGA,1997,Kharif,Jowar,10451,18271,1.748253756
Karnataka,SHIMOGA,1997,Kharif,Maize,55694,131489,2.360918591
Karnataka,SHIMOGA,1997,Kharif,Paddy,162939,555483,3.409146981
Karnataka,SHIMOGA,1997,Kharif,Ragi,20950,19094,0.911408115
Karnataka,SHIMOGA,1997,Kharif,Rice,162939,370499,2.27385095
Karnataka,SHIMOGA,1997,Rabi,Dry chillies,27,47,1.740740741
Karnataka,SHIMOGA,1997,Rabi,Groundnut,7707,10639,1.380433372
Karnataka,SHIMOGA,1997,Rabi,Horse-gram,2566,1258,0.49025721
Karnataka,SHIMOGA,1997,Rabi,Jowar,2779,1239,0.445843829
Karnataka,SHIMOGA,1997,Rabi,Maize,2,4,2
Karnataka,SHIMOGA,1997,Rabi,Wheat,255,60,0.235294118
Karnataka,SHIMOGA,1997,Summer,Jowar,166,409,2.463855422
Karnataka,SHIMOGA,1997,Summer,Maize,6,13,2.166666667
Karnataka,SHIMOGA,1997,Summer,Paddy,38347,178942,4.666388505
Karnataka,SHIMOGA,1997,Summer,Ragi,59,109,1.847457627
Karnataka,SHIMOGA,1997,Summer,Rice,38347,119344,3.112212168
Karnataka,SHIMOGA,1997,Whole Year,Arecanut,26588,40010,1.504814202
Karnataka,SHIMOGA,1997,Whole Year,Cardamom,267,20,0.074906367
Karnataka,SHIMOGA,1997,Whole Year,Coriander,83,8,0.096385542
Karnataka,SHIMOGA,1997,Whole Year,Sugarcane,12141,1614753,133
Karnataka,SHIMOGA,1997,Whole Year,Turmeric,16,38,2.375
Karnataka,SHIMOGA,1998,Kharif,Arhar/Tur,508,236,0.464566929
Karnataka,SHIMOGA,1998,Kharif,Castor seed,165,141,0.854545455
Karnataka,SHIMOGA,1998,Kharif,Cotton(lint),18011,42405,2.354394537
Karnataka,SHIMOGA,1998,Kharif,Dry ginger,1332,18857,14.15690691
Karnataka,SHIMOGA,1998,Kharif,Groundnut,2883,2791,0.968088796
Karnataka,SHIMOGA,1998,Kharif,Horse-gram,3173,2035,0.641348881
Karnataka,SHIMOGA,1998,Kharif,Jowar,2060,3515,1.70631068
Karnataka,SHIMOGA,1998,Kharif,Maize,8268,32073,3.879172714
Karnataka,SHIMOGA,1998,Kharif,Moong(Green Gram),139,27,0.194244604
Karnataka,SHIMOGA,1998,Kharif,Niger seed,177,46,0.259887006
Karnataka,SHIMOGA,1998,Kharif,Peas & beans (Pulses),29,266,9.172413793
Karnataka,SHIMOGA,1998,Kharif,Ragi,8654,12441,1.437601109
Karnataka,SHIMOGA,1998,Kharif,Rapeseed &Mustard,21,6,0.285714286
Karnataka,SHIMOGA,1998,Kharif,Rice,136875,315137,2.302370776
Karnataka,SHIMOGA,1998,Kharif,Sesamum,237,96,0.405063291
Karnataka,SHIMOGA,1998,Kharif,Soyabean,32,34,1.0625
Karnataka,SHIMOGA,1998,Kharif,Sunflower,427,120,0.281030445
Karnataka,SHIMOGA,1998,Rabi,Gram,332,186,0.560240964
Karnataka,SHIMOGA,1998,Rabi,Groundnut,2516,3689,1.466216216
Karnataka,SHIMOGA,1998,Rabi,Horse-gram,710,327,0.46056338
Karnataka,SHIMOGA,1998,Rabi,Jowar,100,69,0.69
Karnataka,SHIMOGA,1998,Rabi,Linseed,32,10,0.3125
Karnataka,SHIMOGA,1998,Rabi,Maize,1,2,2
Karnataka,SHIMOGA,1998,Rabi,Moong(Green Gram),3856,1729,0.448392116
Karnataka,SHIMOGA,1998,Rabi,Sunflower,102,57,0.558823529
Karnataka,SHIMOGA,1998,Rabi,Wheat,4,2,0.5
Karnataka,SHIMOGA,1998,Summer,Jowar,55,146,2.654545455
Karnataka,SHIMOGA,1998,Summer,Maize,26,59,2.269230769
Karnataka,SHIMOGA,1998,Summer,Ragi,48,108,2.25
Karnataka,SHIMOGA,1998,Summer,Rice,21758,68480,3.147348102
Karnataka,SHIMOGA,1998,Summer,Sunflower,308,173,0.561688312
Karnataka,SHIMOGA,1998,Whole Year,Arecanut,19163,137087,7.153733758
Karnataka,SHIMOGA,1998,Whole Year,Black pepper,732,2073,2.831967213
Karnataka,SHIMOGA,1998,Whole Year,Cardamom,237,18,0.075949367
Karnataka,SHIMOGA,1998,Whole Year,Coconut,6638,23434,3.530280205
Karnataka,SHIMOGA,1998,Whole Year,Dry chillies,2217,1634,0.737032025
Karnataka,SHIMOGA,1998,Whole Year,Turmeric,5,25,5
Karnataka,SHIMOGA,1999,Kharif,Arhar/Tur,757,431,0.569352708
Karnataka,SHIMOGA,1999,Kharif,Castor seed,141,109,0.773049645
Karnataka,SHIMOGA,1999,Kharif,Cotton(lint),15072,27147,1.801154459
Karnataka,SHIMOGA,1999,Kharif,Dry ginger,2024,28654,14.15711462
Karnataka,SHIMOGA,1999,Kharif,Groundnut,2754,1852,0.672476398
Karnataka,SHIMOGA,1999,Kharif,Horse-gram,2281,1465,0.642262166
Karnataka,SHIMOGA,1999,Kharif,Jowar,2057,3201,1.556149733
Karnataka,SHIMOGA,1999,Kharif,Maize,13238,40172,3.034597371
Karnataka,SHIMOGA,1999,Kharif,Moong(Green Gram),128,44,0.34375
Karnataka,SHIMOGA,1999,Kharif,Niger seed,272,71,0.261029412
Karnataka,SHIMOGA,1999,Kharif,Other Kharif pulses,545,226,0.414678899
Karnataka,SHIMOGA,1999,Kharif,Ragi,7383,9348,1.266151971
Karnataka,SHIMOGA,1999,Kharif,Rice,138371,314020,2.269406162
Karnataka,SHIMOGA,1999,Kharif,Sesamum,241,118,0.489626556
Karnataka,SHIMOGA,1999,Kharif,Small millets,49,33,0.673469388
Karnataka,SHIMOGA,1999,Kharif,Soyabean,16,15,0.9375
Karnataka,SHIMOGA,1999,Kharif,Sunflower,110,38,0.345454545
Karnataka,SHIMOGA,1999,Kharif,Urad,111,36,0.324324324
Karnataka,SHIMOGA,1999,Rabi,Gram,373,194,0.520107239
Karnataka,SHIMOGA,1999,Rabi,Groundnut,1977,3280,1.659079413
Karnataka,SHIMOGA,1999,Rabi,Horse-gram,521,224,0.429942418
Karnataka,SHIMOGA,1999,Rabi,Jowar,75,52,0.693333333
Karnataka,SHIMOGA,1999,Rabi,Linseed,31,10,0.322580645
Karnataka,SHIMOGA,1999,Rabi,Maize,63,129,2.047619048
Karnataka,SHIMOGA,1999,Rabi,Moong(Green Gram),3286,1246,0.379184419
Karnataka,SHIMOGA,1999,Rabi,Other  Rabi pulses,1257,153,0.121718377
Karnataka,SHIMOGA,1999,Rabi,Ragi,4,5,1.25
Karnataka,SHIMOGA,1999,Rabi,Rapeseed &Mustard,26,8,0.307692308
Karnataka,SHIMOGA,1999,Rabi,Sunflower,38,27,0.710526316
Karnataka,SHIMOGA,1999,Rabi,Urad,686,255,0.371720117
Karnataka,SHIMOGA,1999,Rabi,Wheat,9,6,0.666666667
Karnataka,SHIMOGA,1999,Summer,Jowar,51,117,2.294117647
Karnataka,SHIMOGA,1999,Summer,Maize,389,711,1.827763496
Karnataka,SHIMOGA,1999,Summer,Ragi,86,172,2
Karnataka,SHIMOGA,1999,Summer,Rice,22658,69311,3.059007856
Karnataka,SHIMOGA,1999,Summer,Sunflower,146,82,0.561643836
Karnataka,SHIMOGA,1999,Whole Year,Banana,2994,76338,25.49699399
Karnataka,SHIMOGA,1999,Whole Year,Black pepper,719,2036,2.831710709
Karnataka,SHIMOGA,1999,Whole Year,Cardamom,270,21,0.077777778
Karnataka,SHIMOGA,1999,Whole Year,Coconut,6759,23862,3.530403906
Karnataka,SHIMOGA,1999,Whole Year,Coriander,2,1,0.5
Karnataka,SHIMOGA,1999,Whole Year,Dry chillies,1779,3174,1.784148398
Karnataka,SHIMOGA,1999,Whole Year,Onion,12,70,5.833333333
Karnataka,SHIMOGA,1999,Whole Year,Sannhamp,3,1,0.333333333
Karnataka,SHIMOGA,1999,Whole Year,Sugarcane,11398,1342684,117.7999649
Karnataka,SHIMOGA,1999,Whole Year,Tapioca,26,170,6.538461538
Karnataka,SHIMOGA,1999,Whole Year,Tobacco,426,252,0.591549296
Karnataka,SHIMOGA,1999,Whole Year,Turmeric,10,43,4.3
Karnataka,SHIMOGA,2000,Kharif,Arhar/Tur,369,167,0.452574526
Karnataka,SHIMOGA,2000,Kharif,Castor seed,111,142,1.279279279
Karnataka,SHIMOGA,2000,Kharif,Cotton(lint),9050,13958,1.542320442
Karnataka,SHIMOGA,2000,Kharif,Dry ginger,2853,40390,14.15702769
Karnataka,SHIMOGA,2000,Kharif,Groundnut,2111,2814,1.333017527
Karnataka,SHIMOGA,2000,Kharif,Horse-gram,1835,832,0.453405995
Karnataka,SHIMOGA,2000,Kharif,Jowar,1399,1566,1.119370979
Karnataka,SHIMOGA,2000,Kharif,Maize,18624,61571,3.306003007
Karnataka,SHIMOGA,2000,Kharif,Mesta,2,2,1
Karnataka,SHIMOGA,2000,Kharif,Moong(Green Gram),131,54,0.41221374
Karnataka,SHIMOGA,2000,Kharif,Niger seed,169,44,0.26035503
Karnataka,SHIMOGA,2000,Kharif,Other Kharif pulses,678,265,0.390855457
Karnataka,SHIMOGA,2000,Kharif,Ragi,5724,8007,1.39884696
Karnataka,SHIMOGA,2000,Kharif,Rice,135079,309306,2.289815589
Karnataka,SHIMOGA,2000,Kharif,Sesamum,140,57,0.407142857
Karnataka,SHIMOGA,2000,Kharif,Small millets,28,25,0.892857143
Karnataka,SHIMOGA,2000,Kharif,Soyabean,45,47,1.044444444
Karnataka,SHIMOGA,2000,Kharif,Sunflower,57,28,0.49122807
Karnataka,SHIMOGA,2000,Kharif,Urad,117,45,0.384615385
Karnataka,SHIMOGA,2000,Rabi,Gram,152,99,0.651315789
Karnataka,SHIMOGA,2000,Rabi,Groundnut,2026,2967,1.464461994
Karnataka,SHIMOGA,2000,Rabi,Horse-gram,762,368,0.482939633
Karnataka,SHIMOGA,2000,Rabi,Jowar,58,35,0.603448276
Karnataka,SHIMOGA,2000,Rabi,Linseed,6,2,0.333333333
Karnataka,SHIMOGA,2000,Rabi,Moong(Green Gram),2452,657,0.267944535
Karnataka,SHIMOGA,2000,Rabi,Other  Rabi pulses,646,79,0.122291022
Karnataka,SHIMOGA,2000,Rabi,Ragi,1,2,2
Karnataka,SHIMOGA,2000,Rabi,Rapeseed &Mustard,46,13,0.282608696
Karnataka,SHIMOGA,2000,Rabi,Sunflower,4,3,0.75
Karnataka,SHIMOGA,2000,Rabi,Urad,451,158,0.350332594
Karnataka,SHIMOGA,2000,Rabi,Wheat,2,3,1.5
Karnataka,SHIMOGA,2000,Summer,Jowar,71,144,2.028169014
Karnataka,SHIMOGA,2000,Summer,Maize,45,127,2.822222222
Karnataka,SHIMOGA,2000,Summer,Ragi,79,157,1.987341772
Karnataka,SHIMOGA,2000,Summer,Rice,21285,61673,2.897486493
Karnataka,SHIMOGA,2000,Summer,Sunflower,69,49,0.710144928
Karnataka,SHIMOGA,2000,Whole Year,Arecanut,23927,36005,1.504785389
Karnataka,SHIMOGA,2000,Whole Year,Banana,3463,52825,15.25411493
Karnataka,SHIMOGA,2000,Whole Year,Black pepper,839,2376,2.831942789
Karnataka,SHIMOGA,2000,Whole Year,Cardamom,274,21,0.076642336
Karnataka,SHIMOGA,2000,Whole Year,Coconut,6938,24493,3.530268089
Karnataka,SHIMOGA,2000,Whole Year,Dry chillies,1962,1197,0.610091743
Karnataka,SHIMOGA,2000,Whole Year,Onion,10,51,5.1
Karnataka,SHIMOGA,2000,Whole Year,Sugarcane,10764,1278225,118.75
Karnataka,SHIMOGA,2000,Whole Year,Tapioca,25,163,6.52
Karnataka,SHIMOGA,2000,Whole Year,Tobacco,331,245,0.740181269
Karnataka,SHIMOGA,2000,Whole Year,Turmeric,14,62,4.428571429
Karnataka,SHIMOGA,2001,Kharif,Arhar/Tur,721,221,0.306518724
Karnataka,SHIMOGA,2001,Kharif,Bajra,4,2,0.5
Karnataka,SHIMOGA,2001,Kharif,Castor seed,108,80,0.740740741
Karnataka,SHIMOGA,2001,Kharif,Cotton(lint),11760,13537,1.151105442
Karnataka,SHIMOGA,2001,Kharif,Dry ginger,2586,36610,14.15699923
Karnataka,SHIMOGA,2001,Kharif,Groundnut,2535,2251,0.887968442
Karnataka,SHIMOGA,2001,Kharif,Horse-gram,1158,430,0.371329879
Karnataka,SHIMOGA,2001,Kharif,Jowar,1122,2166,1.930481283
Karnataka,SHIMOGA,2001,Kharif,Maize,17497,49533,2.830942447
Karnataka,SHIMOGA,2001,Kharif,Moong(Green Gram),96,25,0.260416667
Karnataka,SHIMOGA,2001,Kharif,Niger seed,224,58,0.258928571
Karnataka,SHIMOGA,2001,Kharif,Other Kharif pulses,376,160,0.425531915
Karnataka,SHIMOGA,2001,Kharif,Ragi,5558,6688,1.203310543
Karnataka,SHIMOGA,2001,Kharif,Rice,131783,197149,1.496012384
Karnataka,SHIMOGA,2001,Kharif,Sesamum,122,45,0.368852459
Karnataka,SHIMOGA,2001,Kharif,Small millets,18,15,0.833333333
Karnataka,SHIMOGA,2001,Kharif,Sunflower,23,9,0.391304348
Karnataka,SHIMOGA,2001,Kharif,Urad,110,41,0.372727273
Karnataka,SHIMOGA,2001,Rabi,Gram,42,25,0.595238095
Karnataka,SHIMOGA,2001,Rabi,Horse-gram,404,144,0.356435644
Karnataka,SHIMOGA,2001,Rabi,Jowar,202,113,0.559405941
Karnataka,SHIMOGA,2001,Rabi,Linseed,5,2,0.4
Karnataka,SHIMOGA,2001,Rabi,Maize,69,162,2.347826087
Karnataka,SHIMOGA,2001,Rabi,Moong(Green Gram),1863,618,0.331723027
Karnataka,SHIMOGA,2001,Rabi,Other  Rabi pulses,653,79,0.120980092
Karnataka,SHIMOGA,2001,Rabi,Ragi,1,1,1
Karnataka,SHIMOGA,2001,Rabi,Rapeseed &Mustard,33,10,0.303030303
Karnataka,SHIMOGA,2001,Rabi,Sunflower,21,18,0.857142857
Karnataka,SHIMOGA,2001,Rabi,Urad,284,107,0.376760563
Karnataka,SHIMOGA,2001,Summer,Jowar,87,171,1.965517241
Karnataka,SHIMOGA,2001,Summer,Maize,257,676,2.630350195
Karnataka,SHIMOGA,2001,Summer,Ragi,116,178,1.534482759
Karnataka,SHIMOGA,2001,Summer,Rice,17038,47441,2.784423054
Karnataka,SHIMOGA,2001,Summer,Sunflower,74,60,0.810810811
Karnataka,SHIMOGA,2001,Whole Year,Arecanut,26359,39665,1.50479912
Karnataka,SHIMOGA,2001,Whole Year,Black pepper,818,2316,2.831295844
Karnataka,SHIMOGA,2001,Whole Year,Coconut,6925,18339,2.648231047
Karnataka,SHIMOGA,2001,Whole Year,Dry chillies,2261,1034,0.45731977
Karnataka,SHIMOGA,2001,Whole Year,Onion,20,86,4.3
Karnataka,SHIMOGA,2001,Whole Year,Peas & beans (Pulses),61,397,6.508196721
Karnataka,SHIMOGA,2001,Whole Year,Sugarcane,9682,1020967,105.4500103
Karnataka,SHIMOGA,2001,Whole Year,Turmeric,22,113,5.136363636
Karnataka,SHIMOGA,2002,Kharif,Arhar/Tur,575,269,0.467826087
Karnataka,SHIMOGA,2002,Kharif,Bajra,34,12,0.352941176
Karnataka,SHIMOGA,2002,Kharif,Castor seed,60,55,0.916666667
Karnataka,SHIMOGA,2002,Kharif,Cotton(lint),7472,11023,1.475240899
Karnataka,SHIMOGA,2002,Kharif,Dry ginger,2246,31797,14.1571683
Karnataka,SHIMOGA,2002,Kharif,Groundnut,1682,1449,0.861474435
Karnataka,SHIMOGA,2002,Kharif,Horse-gram,992,491,0.494959677
Karnataka,SHIMOGA,2002,Kharif,Jowar,767,716,0.933507171
Karnataka,SHIMOGA,2002,Kharif,Maize,26170,95297,3.641459687
Karnataka,SHIMOGA,2002,Kharif,Moong(Green Gram),217,14,0.064516129
Karnataka,SHIMOGA,2002,Kharif,Niger seed,181,47,0.259668508
Karnataka,SHIMOGA,2002,Kharif,Other Kharif pulses,599,255,0.425709516
Karnataka,SHIMOGA,2002,Kharif,Ragi,5123,5524,1.078274449
Karnataka,SHIMOGA,2002,Kharif,Rice,131561,195445,1.485584634
Karnataka,SHIMOGA,2002,Kharif,Sesamum,150,59,0.393333333
Karnataka,SHIMOGA,2002,Kharif,Small millets,14,11,0.785714286
Karnataka,SHIMOGA,2002,Kharif,Soyabean,2,2,1
Karnataka,SHIMOGA,2002,Kharif,Sunflower,81,31,0.382716049
Karnataka,SHIMOGA,2002,Kharif,Urad,116,17,0.146551724
Karnataka,SHIMOGA,2002,Rabi,Gram,88,45,0.511363636
Karnataka,SHIMOGA,2002,Rabi,Groundnut,1227,1489,1.213528932
Karnataka,SHIMOGA,2002,Rabi,Horse-gram,107,31,0.289719626
Karnataka,SHIMOGA,2002,Rabi,Jowar,93,39,0.419354839
Karnataka,SHIMOGA,2002,Rabi,Linseed,5,2,0.4
Karnataka,SHIMOGA,2002,Rabi,Maize,9,22,2.444444444
Karnataka,SHIMOGA,2002,Rabi,Moong(Green Gram),2280,277,0.121491228
Karnataka,SHIMOGA,2002,Rabi,Other  Rabi pulses,667,81,0.12143928
Karnataka,SHIMOGA,2002,Rabi,Rapeseed &Mustard,38,11,0.289473684
Karnataka,SHIMOGA,2002,Rabi,Sunflower,31,22,0.709677419
Karnataka,SHIMOGA,2002,Rabi,Urad,351,41,0.116809117
Karnataka,SHIMOGA,2002,Summer,Jowar,120,198,1.65
Karnataka,SHIMOGA,2002,Summer,Maize,500,1278,2.556
Karnataka,SHIMOGA,2002,Summer,Ragi,384,441,1.1484375
Karnataka,SHIMOGA,2002,Summer,Rice,7472,19038,2.547912206
Karnataka,SHIMOGA,2002,Summer,Sunflower,235,143,0.608510638
Karnataka,SHIMOGA,2002,Whole Year,Arcanut (Processed),26725,40216,1.504808232
Karnataka,SHIMOGA,2002,Whole Year,Atcanut (Raw),26725,191184,7.153751169
Karnataka,SHIMOGA,2002,Whole Year,Banana,3044,39788,13.07095926
Karnataka,SHIMOGA,2002,Whole Year,Beans & Mutter(Vegetable),28,221,7.892857143
Karnataka,SHIMOGA,2002,Whole Year,Black pepper,814,2305,2.831695332
Karnataka,SHIMOGA,2002,Whole Year,Brinjal,61,350,5.737704918
Karnataka,SHIMOGA,2002,Whole Year,Cardamom,284,22,0.077464789
Karnataka,SHIMOGA,2002,Whole Year,Cashewnut Processed,1483,54,0.036412677
Karnataka,SHIMOGA,2002,Whole Year,Cashewnut Raw,1483,220,0.148347943
Karnataka,SHIMOGA,2002,Whole Year,Citrus Fruit,6,104,17.33333333
Karnataka,SHIMOGA,2002,Whole Year,Coconut,6820,18061,2.648240469
Karnataka,SHIMOGA,2002,Whole Year,Dry chillies,1391,1318,0.94751977
Karnataka,SHIMOGA,2002,Whole Year,Mango,1932,11389,5.894927536
Karnataka,SHIMOGA,2002,Whole Year,Onion,13,44,3.384615385
Karnataka,SHIMOGA,2002,Whole Year,Other Fresh Fruits,175,473,2.702857143
Karnataka,SHIMOGA,2002,Whole Year,Pome Fruit,20,122,6.1
Karnataka,SHIMOGA,2002,Whole Year,Sugarcane,9961,1305887,131.09999
Karnataka,SHIMOGA,2002,Whole Year,Tapioca,12,78,6.5
Karnataka,SHIMOGA,2002,Whole Year,Tobacco,256,184,0.71875
Karnataka,SHIMOGA,2002,Whole Year,Tomato,109,905,8.302752294
Karnataka,SHIMOGA,2002,Whole Year,Turmeric,10,43,4.3
Karnataka,SHIMOGA,2003,Kharif,Arhar/Tur,590,221,0.374576271
Karnataka,SHIMOGA,2003,Kharif,Castor seed,34,30,0.882352941
Karnataka,SHIMOGA,2003,Kharif,Cotton(lint),4809,7901,1.642961115
Karnataka,SHIMOGA,2003,Kharif,Dry ginger,1664,23557,14.15685096
Karnataka,SHIMOGA,2003,Kharif,Groundnut,1812,1622,0.895143488
Karnataka,SHIMOGA,2003,Kharif,Horse-gram,808,283,0.350247525
Karnataka,SHIMOGA,2003,Kharif,Jowar,805,852,1.058385093
Karnataka,SHIMOGA,2003,Kharif,Maize,48313,142715,2.953966841
Karnataka,SHIMOGA,2003,Kharif,Moong(Green Gram),111,17,0.153153153
Karnataka,SHIMOGA,2003,Kharif,Niger seed,122,32,0.262295082
Karnataka,SHIMOGA,2003,Kharif,Other Kharif pulses,680,290,0.426470588
Karnataka,SHIMOGA,2003,Kharif,Ragi,5012,6698,1.336392658
Karnataka,SHIMOGA,2003,Kharif,Rice,113986,217783,1.91061183
Karnataka,SHIMOGA,2003,Kharif,Sesamum,96,42,0.4375
Karnataka,SHIMOGA,2003,Kharif,Sunflower,243,93,0.382716049
Karnataka,SHIMOGA,2003,Kharif,Urad,76,19,0.25
Karnataka,SHIMOGA,2003,Rabi,Gram,88,28,0.318181818
Karnataka,SHIMOGA,2003,Rabi,Groundnut,2476,2408,0.972536349
Karnataka,SHIMOGA,2003,Rabi,Horse-gram,108,26,0.240740741
Karnataka,SHIMOGA,2003,Rabi,Jowar,181,56,0.309392265
Karnataka,SHIMOGA,2003,Rabi,Linseed,5,0,0
Karnataka,SHIMOGA,2003,Rabi,Maize,34,78,2.294117647
Karnataka,SHIMOGA,2003,Rabi,Moong(Green Gram),1897,555,0.292567211
Karnataka,SHIMOGA,2003,Rabi,Other  Rabi pulses,762,93,0.122047244
Karnataka,SHIMOGA,2003,Rabi,Rapeseed &Mustard,23,7,0.304347826
Karnataka,SHIMOGA,2003,Rabi,Rice,5,15,3
Karnataka,SHIMOGA,2003,Rabi,Sunflower,283,218,0.770318021
Karnataka,SHIMOGA,2003,Rabi,Urad,310,163,0.525806452
Karnataka,SHIMOGA,2003,Summer,Jowar,54,144,2.666666667
Karnataka,SHIMOGA,2003,Summer,Maize,299,753,2.518394649
Karnataka,SHIMOGA,2003,Summer,Ragi,335,398,1.188059701
Karnataka,SHIMOGA,2003,Summer,Rice,6262,24164,3.858831044
Karnataka,SHIMOGA,2003,Summer,Sunflower,402,212,0.527363184
Karnataka,SHIMOGA,2003,Whole Year,Arecanut,28039,42193,1.50479689
Karnataka,SHIMOGA,2003,Whole Year,Banana,602,2239,3.719269103
Karnataka,SHIMOGA,2003,Whole Year,Beans & Mutter(Vegetable),229,1597,6.973799127
Karnataka,SHIMOGA,2003,Whole Year,Black pepper,853,2415,2.831184056
Karnataka,SHIMOGA,2003,Whole Year,Brinjal,281,1381,4.914590747
Karnataka,SHIMOGA,2003,Whole Year,Cardamom,272,21,0.077205882
Karnataka,SHIMOGA,2003,Whole Year,Citrus Fruit,6,95,15.83333333
Karnataka,SHIMOGA,2003,Whole Year,Coconut,6700,17743,2.648208955
Karnataka,SHIMOGA,2003,Whole Year,Dry chillies,1496,2180,1.457219251
Karnataka,SHIMOGA,2003,Whole Year,Garlic,1,1,1
Karnataka,SHIMOGA,2003,Whole Year,Mango,1902,10332,5.432176656
Karnataka,SHIMOGA,2003,Whole Year,Onion,12,43,3.583333333
Karnataka,SHIMOGA,2003,Whole Year,Other Fresh Fruits,213,567,2.661971831
Karnataka,SHIMOGA,2003,Whole Year,Pome Fruit,12,66,5.5
Karnataka,SHIMOGA,2003,Whole Year,Sugarcane,8333,1029126,123.50006
Karnataka,SHIMOGA,2003,Whole Year,Tapioca,11,72,6.545454545
Karnataka,SHIMOGA,2003,Whole Year,Tobacco,272,153,0.5625
Karnataka,SHIMOGA,2003,Whole Year,Tomato,99,1182,11.93939394
Karnataka,SHIMOGA,2003,Whole Year,Turmeric,4,20,5
Karnataka,SHIMOGA,2004,Kharif,Arhar/Tur,324,168,0.518518519
Karnataka,SHIMOGA,2004,Kharif,Castor seed,11,10,0.909090909
Karnataka,SHIMOGA,2004,Kharif,Cotton(lint),6223,12067,1.939096899
Karnataka,SHIMOGA,2004,Kharif,Dry ginger,1544,21858,14.15673575
Karnataka,SHIMOGA,2004,Kharif,Groundnut,2037,2340,1.148748159
Karnataka,SHIMOGA,2004,Kharif,Horse-gram,366,191,0.521857923
Karnataka,SHIMOGA,2004,Kharif,Jowar,655,1012,1.545038168
Karnataka,SHIMOGA,2004,Kharif,Maize,59981,220658,3.678798286
Karnataka,SHIMOGA,2004,Kharif,Moong(Green Gram),69,11,0.15942029
Karnataka,SHIMOGA,2004,Kharif,Niger seed,125,32,0.256
Karnataka,SHIMOGA,2004,Kharif,Other Kharif pulses,378,163,0.431216931
Karnataka,SHIMOGA,2004,Kharif,Ragi,2621,4692,1.790156429
Karnataka,SHIMOGA,2004,Kharif,Rice,114078,249260.43,2.185
Karnataka,SHIMOGA,2004,Kharif,Sesamum,125,67,0.536
Karnataka,SHIMOGA,2004,Kharif,Soyabean,5,3,0.6
Karnataka,SHIMOGA,2004,Kharif,Sunflower,73,24,0.328767123
Karnataka,SHIMOGA,2004,Kharif,Urad,58,7,0.120689655
Karnataka,SHIMOGA,2004,Rabi,Gram,39,20,0.512820513
Karnataka,SHIMOGA,2004,Rabi,Groundnut,1913,2839,1.484056456
Karnataka,SHIMOGA,2004,Rabi,Horse-gram,65,22,0.338461538
Karnataka,SHIMOGA,2004,Rabi,Jowar,12,9,0.75
Karnataka,SHIMOGA,2004,Rabi,Linseed,29,6,0.206896552
Karnataka,SHIMOGA,2004,Rabi,Maize,4,12,3
Karnataka,SHIMOGA,2004,Rabi,Moong(Green Gram),1041,254,0.243996158
Karnataka,SHIMOGA,2004,Rabi,Other  Rabi pulses,322,39,0.121118012
Karnataka,SHIMOGA,2004,Rabi,Rapeseed &Mustard,28,8,0.285714286
Karnataka,SHIMOGA,2004,Rabi,Safflower,4,2,0.5
Karnataka,SHIMOGA,2004,Rabi,Sunflower,706,636,0.900849858
Karnataka,SHIMOGA,2004,Rabi,Urad,241,83,0.34439834
Karnataka,SHIMOGA,2004,Summer,Jowar,15,12,0.8
Karnataka,SHIMOGA,2004,Summer,Maize,155,474,3.058064516
Karnataka,SHIMOGA,2004,Summer,Ragi,167,266,1.592814371
Karnataka,SHIMOGA,2004,Summer,Rice,14045,64219,4.572374511
Karnataka,SHIMOGA,2004,Summer,Sunflower,648,420,0.648148148
Karnataka,SHIMOGA,2004,Whole Year,Arecanut,29150,43865,1.504802744
Karnataka,SHIMOGA,2004,Whole Year,Banana,3210,19485,6.070093458
Karnataka,SHIMOGA,2004,Whole Year,Black pepper,814,2305,2.831695332
Karnataka,SHIMOGA,2004,Whole Year,Cardamom,289,22,0.076124567
Karnataka,SHIMOGA,2004,Whole Year,Coconut,6613,176897.75,26.75
Karnataka,SHIMOGA,2004,Whole Year,Dry chillies,843,807,0.957295374
Karnataka,SHIMOGA,2004,Whole Year,Onion,20,126,6.3
Karnataka,SHIMOGA,2004,Whole Year,Tapioca,10,65,6.5
Karnataka,SHIMOGA,2004,Whole Year,Tobacco,116,86,0.74137931
Karnataka,SHIMOGA,2004,Whole Year,Turmeric,22,105,4.772727273
Karnataka,SHIMOGA,2005,Kharif,Arhar/Tur,335,228,0.680597015
Karnataka,SHIMOGA,2005,Kharif,Castor seed,60,62,1.033333333
Karnataka,SHIMOGA,2005,Kharif,Dry chillies,679,494,0.727540501
Karnataka,SHIMOGA,2005,Kharif,Groundnut,1805,989,0.547922438
Karnataka,SHIMOGA,2005,Kharif,Horse-gram,262,150,0.572519084
Karnataka,SHIMOGA,2005,Kharif,Jowar,424,820,1.933962264
Karnataka,SHIMOGA,2005,Kharif,Maize,60039,160869,2.679408385
Karnataka,SHIMOGA,2005,Kharif,Moong(Green Gram),100,25,0.25
Karnataka,SHIMOGA,2005,Kharif,Niger seed,98,25,0.255102041
Karnataka,SHIMOGA,2005,Kharif,Onion,17,95,5.588235294
Karnataka,SHIMOGA,2005,Kharif,Other Kharif pulses,231,95,0.411255411
Karnataka,SHIMOGA,2005,Kharif,Peas & beans (Pulses),50,306,6.12
Karnataka,SHIMOGA,2005,Kharif,Ragi,1992,2843,1.427208835
Karnataka,SHIMOGA,2005,Kharif,Rice,116186,275507,2.371258155
Karnataka,SHIMOGA,2005,Kharif,Sesamum,141,122,0.865248227
Karnataka,SHIMOGA,2005,Kharif,Small millets,3,1,0.333333333
Karnataka,SHIMOGA,2005,Kharif,Sunflower,46,16,0.347826087
Karnataka,SHIMOGA,2005,Kharif,Urad,60,12,0.2
Karnataka,SHIMOGA,2005,Rabi,Dry chillies,65,106,1.630769231
Karnataka,SHIMOGA,2005,Rabi,Gram,123,70,0.569105691
Karnataka,SHIMOGA,2005,Rabi,Groundnut,1734,2356,1.358708189
Karnataka,SHIMOGA,2005,Rabi,Horse-gram,243,97,0.399176955
Karnataka,SHIMOGA,2005,Rabi,Jowar,23,15,0.652173913
Karnataka,SHIMOGA,2005,Rabi,Linseed,18,6,0.333333333
Karnataka,SHIMOGA,2005,Rabi,Maize,10,36,3.6
Karnataka,SHIMOGA,2005,Rabi,Moong(Green Gram),1441,225,0.156141568
Karnataka,SHIMOGA,2005,Rabi,Other  Rabi pulses,411,49,0.119221411
Karnataka,SHIMOGA,2005,Rabi,Peas & beans (Pulses),1,7,7
Karnataka,SHIMOGA,2005,Rabi,Rapeseed &Mustard,11,3,0.272727273
Karnataka,SHIMOGA,2005,Rabi,Safflower,2,2,1
Karnataka,SHIMOGA,2005,Rabi,Sunflower,640,1301,2.0328125
Karnataka,SHIMOGA,2005,Rabi,Urad,235,113,0.480851064
Karnataka,SHIMOGA,2005,Summer,Dry chillies,348,1053,3.025862069
Karnataka,SHIMOGA,2005,Summer,Jowar,29,49,1.689655172
Karnataka,SHIMOGA,2005,Summer,Maize,224,479,2.138392857
Karnataka,SHIMOGA,2005,Summer,Peas & beans (Pulses),2,10,5
Karnataka,SHIMOGA,2005,Summer,Ragi,84,183,2.178571429
Karnataka,SHIMOGA,2005,Summer,Rice,17408,57617,3.309800092
Karnataka,SHIMOGA,2005,Summer,Sunflower,1149,1919,1.670147955
Karnataka,SHIMOGA,2005,Whole Year,Arecanut,31167,222961,7.153752366
Karnataka,SHIMOGA,2005,Whole Year,Banana,4788,28335,5.917919799
Karnataka,SHIMOGA,2005,Whole Year,Black pepper,744,2107,2.831989247
Karnataka,SHIMOGA,2005,Whole Year,Cardamom,279,21,0.075268817
Karnataka,SHIMOGA,2005,Whole Year,Coconut,6843,18122,2.64825369
Karnataka,SHIMOGA,2005,Whole Year,Cotton(lint),6662,11764,1.765836085
Karnataka,SHIMOGA,2005,Whole Year,Dry ginger,2181,30876,14.1568088
Karnataka,SHIMOGA,2005,Whole Year,Sugarcane,5314,580554,109.2499059
Karnataka,SHIMOGA,2005,Whole Year,Tapioca,9,59,6.555555556
Karnataka,SHIMOGA,2005,Whole Year,Tobacco,121,77,0.636363636
Karnataka,SHIMOGA,2005,Whole Year,Turmeric,23,123,5.347826087
Karnataka,SHIMOGA,2006,Kharif,Arhar/Tur,446,197,0.441704036
Karnataka,SHIMOGA,2006,Kharif,Castor seed,52,42,0.807692308
Karnataka,SHIMOGA,2006,Kharif,Gram,28,4,0.142857143
Karnataka,SHIMOGA,2006,Kharif,Groundnut,1309,992,0.757830405
Karnataka,SHIMOGA,2006,Kharif,Horse-gram,372,134,0.360215054
Karnataka,SHIMOGA,2006,Kharif,Jowar,415,693,1.669879518
Karnataka,SHIMOGA,2006,Kharif,Maize,57437,179506,3.125267685
Karnataka,SHIMOGA,2006,Kharif,Moong(Green Gram),93,11,0.11827957
Karnataka,SHIMOGA,2006,Kharif,Niger seed,110,29,0.263636364
Karnataka,SHIMOGA,2006,Kharif,Other Kharif pulses,307,241,0.785016287
Karnataka,SHIMOGA,2006,Kharif,Ragi,2216,3173,1.431859206
Karnataka,SHIMOGA,2006,Kharif,Rapeseed &Mustard,5,1,0.2
Karnataka,SHIMOGA,2006,Kharif,Rice,117493,267405,2.275922821
Karnataka,SHIMOGA,2006,Kharif,Sesamum,77,45,0.584415584
Karnataka,SHIMOGA,2006,Kharif,Sunflower,21,4,0.19047619
Karnataka,SHIMOGA,2006,Kharif,Urad,28,4,0.142857143
Karnataka,SHIMOGA,2006,Rabi,Gram,37,18,0.486486486
Karnataka,SHIMOGA,2006,Rabi,Groundnut,773,1240,1.604139715
Karnataka,SHIMOGA,2006,Rabi,Horse-gram,136,40,0.294117647
Karnataka,SHIMOGA,2006,Rabi,Jowar,20,10,0.5
Karnataka,SHIMOGA,2006,Rabi,Linseed,5,2,0.4
Karnataka,SHIMOGA,2006,Rabi,Maize,22,69,3.136363636
Karnataka,SHIMOGA,2006,Rabi,Moong(Green Gram),968,200,0.20661157
Karnataka,SHIMOGA,2006,Rabi,Other  Rabi pulses,251,61,0.243027888
Karnataka,SHIMOGA,2006,Rabi,Sunflower,703,1608,2.287339972
Karnataka,SHIMOGA,2006,Rabi,Urad,144,76,0.527777778
Karnataka,SHIMOGA,2006,Summer,Jowar,5,8,1.6
Karnataka,SHIMOGA,2006,Summer,Maize,1089,3490,3.204775023
Karnataka,SHIMOGA,2006,Summer,Ragi,31,66,2.129032258
Karnataka,SHIMOGA,2006,Summer,Rice,15189,47313,3.11495161
Karnataka,SHIMOGA,2006,Summer,Sunflower,1297,2458,1.895142637
Karnataka,SHIMOGA,2006,Whole Year,Arecanut,32938,49565,1.504796891
Karnataka,SHIMOGA,2006,Whole Year,Banana,4193,26416,6.300023849
Karnataka,SHIMOGA,2006,Whole Year,Black pepper,705,1996,2.831205674
Karnataka,SHIMOGA,2006,Whole Year,Cardamom,280,21,0.075
Karnataka,SHIMOGA,2006,Whole Year,Coconut,6864,18178,2.648310023
Karnataka,SHIMOGA,2006,Whole Year,Cotton(lint),9495,18836,1.983780937
Karnataka,SHIMOGA,2006,Whole Year,Dry chillies,774,1178,1.521963824
Karnataka,SHIMOGA,2006,Whole Year,Dry ginger,2734,38705,14.15691295
Karnataka,SHIMOGA,2006,Whole Year,Onion,19,106,5.578947368
Karnataka,SHIMOGA,2006,Whole Year,Sugarcane,7666,808380,105.4500391
Karnataka,SHIMOGA,2006,Whole Year,Tapioca,8,52,6.5
Karnataka,SHIMOGA,2006,Whole Year,Tobacco,78,35,0.448717949
Karnataka,SHIMOGA,2006,Whole Year,Turmeric,16,81,5.0625
Karnataka,SHIMOGA,2007,Kharif,Arhar/Tur,392,260,0.663265306
Karnataka,SHIMOGA,2007,Kharif,Castor seed,6,4,0.666666667
Karnataka,SHIMOGA,2007,Kharif,Dry chillies,547,493,0.901279707
Karnataka,SHIMOGA,2007,Kharif,Groundnut,828,739,0.892512077
Karnataka,SHIMOGA,2007,Kharif,Horse-gram,294,151,0.513605442
Karnataka,SHIMOGA,2007,Kharif,Jowar,396,795,2.007575758
Karnataka,SHIMOGA,2007,Kharif,Maize,54816,119668,2.183085231
Karnataka,SHIMOGA,2007,Kharif,Moong(Green Gram),89,20,0.224719101
Karnataka,SHIMOGA,2007,Kharif,Niger seed,78,29,0.371794872
Karnataka,SHIMOGA,2007,Kharif,Onion,20,119,5.95
Karnataka,SHIMOGA,2007,Kharif,Other Kharif pulses,297,224,0.754208754
Karnataka,SHIMOGA,2007,Kharif,Ragi,2050,2727,1.330243902
Karnataka,SHIMOGA,2007,Kharif,Rapeseed &Mustard,1,,
Karnataka,SHIMOGA,2007,Kharif,Rice,114973,279602,2.431892705
Karnataka,SHIMOGA,2007,Kharif,Sesamum,23,13,0.565217391
Karnataka,SHIMOGA,2007,Kharif,Sunflower,36,15,0.416666667
Karnataka,SHIMOGA,2007,Kharif,Urad,73,31,0.424657534
Karnataka,SHIMOGA,2007,Rabi,Dry chillies,72,126,1.75
Karnataka,SHIMOGA,2007,Rabi,Gram,55,37,0.672727273
Karnataka,SHIMOGA,2007,Rabi,Groundnut,849,1131,1.332155477
Karnataka,SHIMOGA,2007,Rabi,Horse-gram,230,109,0.473913043
Karnataka,SHIMOGA,2007,Rabi,Jowar,9,7,0.777777778
Karnataka,SHIMOGA,2007,Rabi,Linseed,11,4,0.363636364
Karnataka,SHIMOGA,2007,Rabi,Maize,19,68,3.578947368
Karnataka,SHIMOGA,2007,Rabi,Moong(Green Gram),1698,473,0.278563015
Karnataka,SHIMOGA,2007,Rabi,Other  Rabi pulses,348,109,0.313218391
Karnataka,SHIMOGA,2007,Rabi,Sunflower,629,1480,2.352941176
Karnataka,SHIMOGA,2007,Rabi,Urad,190,74,0.389473684
Karnataka,SHIMOGA,2007,Summer,Dry chillies,80,271,3.3875
Karnataka,SHIMOGA,2007,Summer,Jowar,18,35,1.944444444
Karnataka,SHIMOGA,2007,Summer,Maize,979,3617,3.694586313
Karnataka,SHIMOGA,2007,Summer,Ragi,45,92,2.044444444
Karnataka,SHIMOGA,2007,Summer,Rice,15004,44260,2.949880032
Karnataka,SHIMOGA,2007,Summer,Sunflower,2029,4667,2.300147856
Karnataka,SHIMOGA,2007,Whole Year,Arecanut,35492,253901,7.153752958
Karnataka,SHIMOGA,2007,Whole Year,Banana,5305,65618,12.36908577
Karnataka,SHIMOGA,2007,Whole Year,Black pepper,696,2660,3.82183908
Karnataka,SHIMOGA,2007,Whole Year,Cardamom,284,24,0.084507042
Karnataka,SHIMOGA,2007,Whole Year,Coconut,6875,33167,4.824290909
Karnataka,SHIMOGA,2007,Whole Year,Cotton(lint),4063,8923,2.196160473
Karnataka,SHIMOGA,2007,Whole Year,Dry ginger,2873,44740,15.57257222
Karnataka,SHIMOGA,2007,Whole Year,Sugarcane,9044,790446,87.40004423
Karnataka,SHIMOGA,2007,Whole Year,Tobacco,78,33,0.423076923
Karnataka,SHIMOGA,2007,Whole Year,Turmeric,19,148,7.789473684
Karnataka,SHIMOGA,2008,Kharif,Arhar/Tur,530,279,0.526415094
Karnataka,SHIMOGA,2008,Kharif,Castor seed,31,29,0.935483871
Karnataka,SHIMOGA,2008,Kharif,Dry chillies,311,289,0.92926045
Karnataka,SHIMOGA,2008,Kharif,Groundnut,908,985,1.084801762
Karnataka,SHIMOGA,2008,Kharif,Horse-gram,255,115,0.450980392
Karnataka,SHIMOGA,2008,Kharif,Jowar,212,415,1.95754717
Karnataka,SHIMOGA,2008,Kharif,Maize,54225,203967,3.761493776
Karnataka,SHIMOGA,2008,Kharif,Moong(Green Gram),115,16,0.139130435
Karnataka,SHIMOGA,2008,Kharif,Niger seed,72,25,0.347222222
Karnataka,SHIMOGA,2008,Kharif,Onion,10,52,5.2
Karnataka,SHIMOGA,2008,Kharif,Other Kharif pulses,321,222,0.691588785
Karnataka,SHIMOGA,2008,Kharif,Potato,1,2,2
Karnataka,SHIMOGA,2008,Kharif,Ragi,1688,2134,1.264218009
Karnataka,SHIMOGA,2008,Kharif,Rice,114629,267887.97,2.336999974
Karnataka,SHIMOGA,2008,Kharif,Sesamum,75,38,0.506666667
Karnataka,SHIMOGA,2008,Kharif,Sunflower,34,12,0.352941176
Karnataka,SHIMOGA,2008,Kharif,Urad,43,11,0.255813953
Karnataka,SHIMOGA,2008,Rabi,Dry chillies,51,86,1.68627451
Karnataka,SHIMOGA,2008,Rabi,Gram,41,27,0.658536585
Karnataka,SHIMOGA,2008,Rabi,Groundnut,640,907,1.4171875
Karnataka,SHIMOGA,2008,Rabi,Horse-gram,145,54,0.372413793
Karnataka,SHIMOGA,2008,Rabi,Jowar,39,38,0.974358974
Karnataka,SHIMOGA,2008,Rabi,Linseed,4,2,0.5
Karnataka,SHIMOGA,2008,Rabi,Maize,120,378,3.15
Karnataka,SHIMOGA,2008,Rabi,Moong(Green Gram),848,378,0.445754717
Karnataka,SHIMOGA,2008,Rabi,Onion,1,7,7
Karnataka,SHIMOGA,2008,Rabi,Other  Rabi pulses,458,120,0.262008734
Karnataka,SHIMOGA,2008,Rabi,Sunflower,564,742,1.315602837
Karnataka,SHIMOGA,2008,Rabi,Urad,190,83,0.436842105
Karnataka,SHIMOGA,2008,Summer,Dry chillies,266,873,3.281954887
Karnataka,SHIMOGA,2008,Summer,Jowar,65,148,2.276923077
Karnataka,SHIMOGA,2008,Summer,Maize,2172,8138,3.746777164
Karnataka,SHIMOGA,2008,Summer,Onion,6,33,5.5
Karnataka,SHIMOGA,2008,Summer,Ragi,84,167,1.988095238
Karnataka,SHIMOGA,2008,Summer,Rice,16441,52677,3.20400219
Karnataka,SHIMOGA,2008,Summer,Sunflower,1373,2618,1.906773489
Karnataka,SHIMOGA,2008,Whole Year,Arecanut,37631,269202,7.153729638
Karnataka,SHIMOGA,2008,Whole Year,Banana,6358,68972,10.84806543
Karnataka,SHIMOGA,2008,Whole Year,Black pepper,725,2433,3.355862069
Karnataka,SHIMOGA,2008,Whole Year,Cardamom,278,40,0.143884892
Karnataka,SHIMOGA,2008,Whole Year,Cashewnut,1463,899.44,0.614791524
Karnataka,SHIMOGA,2008,Whole Year,Coconut,6655,55567,8.349661908
Karnataka,SHIMOGA,2008,Whole Year,Cotton(lint),3924,8596,2.190621814
Karnataka,SHIMOGA,2008,Whole Year,Dry ginger,4691,122047,26.01726711
Karnataka,SHIMOGA,2008,Whole Year,Sugarcane,2625,261844,99.75009524
Karnataka,SHIMOGA,2008,Whole Year,Tobacco,35,18,0.514285714
Karnataka,SHIMOGA,2008,Whole Year,Turmeric,5,24,4.8
Karnataka,SHIMOGA,2009,Kharif,Arhar/Tur,362,167,0.461325967
Karnataka,SHIMOGA,2009,Kharif,Castor seed,22,14,0.636363636
Karnataka,SHIMOGA,2009,Kharif,Gram,156,82,0.525641026
Karnataka,SHIMOGA,2009,Kharif,Groundnut,508,375,0.738188976
Karnataka,SHIMOGA,2009,Kharif,Horse-gram,156,82,0.525641026
Karnataka,SHIMOGA,2009,Kharif,Jowar,506,933,1.843873518
Karnataka,SHIMOGA,2009,Kharif,Maize,66719,191274,2.866859515
Karnataka,SHIMOGA,2009,Kharif,Moong(Green Gram),39,5,0.128205128
Karnataka,SHIMOGA,2009,Kharif,Niger seed,49,17,0.346938776
Karnataka,SHIMOGA,2009,Kharif,Onion,1,4,4
Karnataka,SHIMOGA,2009,Kharif,Other Kharif pulses,221,126,0.570135747
Karnataka,SHIMOGA,2009,Kharif,Ragi,1593,2129,1.336472065
Karnataka,SHIMOGA,2009,Kharif,Rice,115124,265763.75,2.308499965
Karnataka,SHIMOGA,2009,Kharif,Sesamum,60,24,0.4
Karnataka,SHIMOGA,2009,Kharif,Sunflower,23,5,0.217391304
Karnataka,SHIMOGA,2009,Kharif,Urad,14,1,0.071428571
Karnataka,SHIMOGA,2009,Rabi,Dry chillies,46,137,2.97826087
Karnataka,SHIMOGA,2009,Rabi,Gram,353,165,0.467422096
Karnataka,SHIMOGA,2009,Rabi,Groundnut,430,525,1.220930233
Karnataka,SHIMOGA,2009,Rabi,Horse-gram,353,165,0.467422096
Karnataka,SHIMOGA,2009,Rabi,Jowar,9,8,0.888888889
Karnataka,SHIMOGA,2009,Rabi,Linseed,19,6,0.315789474
Karnataka,SHIMOGA,2009,Rabi,Maize,416,1096,2.634615385
Karnataka,SHIMOGA,2009,Rabi,Moong(Green Gram),1530,401,0.262091503
Karnataka,SHIMOGA,2009,Rabi,Other  Rabi pulses,293,81,0.276450512
Karnataka,SHIMOGA,2009,Rabi,Rapeseed &Mustard,4,1,0.25
Karnataka,SHIMOGA,2009,Rabi,Safflower,3,2,0.666666667
Karnataka,SHIMOGA,2009,Rabi,Sunflower,531,985,1.854990584
Karnataka,SHIMOGA,2009,Rabi,Urad,175,68,0.388571429
Karnataka,SHIMOGA,2009,Summer,Dry chillies,145,668,4.606896552
Karnataka,SHIMOGA,2009,Summer,Jowar,40,59,1.475
Karnataka,SHIMOGA,2009,Summer,Maize,2346,7562,3.223358909
Karnataka,SHIMOGA,2009,Summer,Ragi,35,66,1.885714286
Karnataka,SHIMOGA,2009,Summer,Rice,18135,54388,2.999062586
Karnataka,SHIMOGA,2009,Summer,Sunflower,617,1288,2.087520259
Karnataka,SHIMOGA,2009,Whole Year,Arecanut,41185,294627,7.153745296
Karnataka,SHIMOGA,2009,Whole Year,Banana,5756,102399,17.7899583
Karnataka,SHIMOGA,2009,Whole Year,Black pepper,700,2349,3.355714286
Karnataka,SHIMOGA,2009,Whole Year,Cardamom,292,40,0.136986301
Karnataka,SHIMOGA,2009,Whole Year,Cashewnut,1464,833,0.568989071
Karnataka,SHIMOGA,2009,Whole Year,Coconut,6339,45071,7.110112005
Karnataka,SHIMOGA,2009,Whole Year,Cotton(lint),1680,2460,1.464285714
Karnataka,SHIMOGA,2009,Whole Year,Dry ginger,4029,102709,25.49242988
Karnataka,SHIMOGA,2009,Whole Year,Sugarcane,3739,454662,121.599893
Karnataka,SHIMOGA,2009,Whole Year,Tobacco,63,48,0.761904762
Karnataka,SHIMOGA,2009,Whole Year,Turmeric,15,75,5
Karnataka,SHIMOGA,2010,Kharif,Arhar/Tur,282,165,0.585106383
Karnataka,SHIMOGA,2010,Kharif,Castor seed,2,2,1
Karnataka,SHIMOGA,2010,Kharif,Cotton(lint),1479,2942,1.98918188
Karnataka,SHIMOGA,2010,Kharif,Cowpea(Lobia),84,43,0.511904762
Karnataka,SHIMOGA,2010,Kharif,Dry chillies,180,148,0.822222222
Karnataka,SHIMOGA,2010,Kharif,Groundnut,530,751,1.416981132
Karnataka,SHIMOGA,2010,Kharif,Horse-gram,79,45,0.569620253
Karnataka,SHIMOGA,2010,Kharif,Jowar,438,660,1.506849315
Karnataka,SHIMOGA,2010,Kharif,Maize,60120,256876,4.272721224
Karnataka,SHIMOGA,2010,Kharif,Moong(Green Gram),60,17,0.283333333
Karnataka,SHIMOGA,2010,Kharif,Niger seed,57,17,0.298245614
Karnataka,SHIMOGA,2010,Kharif,Other Kharif pulses,70,63,0.9
Karnataka,SHIMOGA,2010,Kharif,Peas & beans (Pulses),11,98,8.909090909
Karnataka,SHIMOGA,2010,Kharif,Ragi,1310,1890,1.442748092
Karnataka,SHIMOGA,2010,Kharif,Rice,112819,307516,2.72574655
Karnataka,SHIMOGA,2010,Kharif,Sesamum,64,36,0.5625
Karnataka,SHIMOGA,2010,Kharif,Soyabean,46,40,0.869565217
Karnataka,SHIMOGA,2010,Kharif,Urad,20,7,0.35
Karnataka,SHIMOGA,2010,Rabi,Cowpea(Lobia),330,87,0.263636364
Karnataka,SHIMOGA,2010,Rabi,Dry chillies,29,79,2.724137931
Karnataka,SHIMOGA,2010,Rabi,Gram,78,48,0.615384615
Karnataka,SHIMOGA,2010,Rabi,Groundnut,404,355,0.878712871
Karnataka,SHIMOGA,2010,Rabi,Horse-gram,84,51,0.607142857
Karnataka,SHIMOGA,2010,Rabi,Jowar,6,6,1
Karnataka,SHIMOGA,2010,Rabi,Linseed,12,4,0.333333333
Karnataka,SHIMOGA,2010,Rabi,Maize,269,1158,4.304832714
Karnataka,SHIMOGA,2010,Rabi,Moong(Green Gram),1828,641,0.350656455
Karnataka,SHIMOGA,2010,Rabi,Other  Rabi pulses,18,7,0.388888889
Karnataka,SHIMOGA,2010,Rabi,Rapeseed &Mustard,3,1,0.333333333
Karnataka,SHIMOGA,2010,Rabi,Sunflower,190,362,1.905263158
Karnataka,SHIMOGA,2010,Rabi,Urad,172,80,0.465116279
Karnataka,SHIMOGA,2010,Rabi,Wheat,2,3,1.5
Karnataka,SHIMOGA,2010,Summer,Dry chillies,126,383,3.03968254
Karnataka,SHIMOGA,2010,Summer,Jowar,27,57,2.111111111
Karnataka,SHIMOGA,2010,Summer,Maize,3345,15965,4.772795217
Karnataka,SHIMOGA,2010,Summer,Peas & beans (Pulses),8,69,8.625
Karnataka,SHIMOGA,2010,Summer,Ragi,44,86,1.954545455
Karnataka,SHIMOGA,2010,Summer,Rice,19575,67802,3.463703704
Karnataka,SHIMOGA,2010,Summer,Sunflower,591,1551,2.624365482
Karnataka,SHIMOGA,2010,Whole Year,Arecanut,43530,373631,8.583298874
Karnataka,SHIMOGA,2010,Whole Year,Banana,5372,97341,18.12006701
Karnataka,SHIMOGA,2010,Whole Year,Black pepper,742,492.2,0.663342318
Karnataka,SHIMOGA,2010,Whole Year,Cardamom,412,69,0.167475728
Karnataka,SHIMOGA,2010,Whole Year,Cashewnut,1534,1125,0.733376793
Karnataka,SHIMOGA,2010,Whole Year,Coconut,6351,60712,9.559439458
Karnataka,SHIMOGA,2010,Whole Year,Dry ginger,5808,18744.7,3.227393251
Karnataka,SHIMOGA,2010,Whole Year,Sugarcane,5900,650180,110.2
Karnataka,SHIMOGA,2010,Whole Year,Tapioca,16,177,11.0625
Karnataka,SHIMOGA,2010,Whole Year,Tobacco,48,52,1.083333333
Karnataka,SHIMOGA,2010,Whole Year,Turmeric,1,5,5
Karnataka,SHIMOGA,2011,Kharif,Arhar/Tur,466,213,0.457081545
Karnataka,SHIMOGA,2011,Kharif,Castor seed,2,2,1
Karnataka,SHIMOGA,2011,Kharif,Cotton(lint),1546,4786,3.095730918
Karnataka,SHIMOGA,2011,Kharif,Cowpea(Lobia),114,60,0.526315789
Karnataka,SHIMOGA,2011,Kharif,Dry chillies,184,149,0.809782609
Karnataka,SHIMOGA,2011,Kharif,Groundnut,756,565,0.747354497
Karnataka,SHIMOGA,2011,Kharif,Horse-gram,83,45,0.542168675
Karnataka,SHIMOGA,2011,Kharif,Jowar,196,397,2.025510204
Karnataka,SHIMOGA,2011,Kharif,Maize,57418,241810,4.211397123
Karnataka,SHIMOGA,2011,Kharif,Moong(Green Gram),42,11,0.261904762
Karnataka,SHIMOGA,2011,Kharif,Niger seed,17,5,0.294117647
Karnataka,SHIMOGA,2011,Kharif,Other Kharif pulses,34,36,1.058823529
Karnataka,SHIMOGA,2011,Kharif,Peas & beans (Pulses),19,169,8.894736842
Karnataka,SHIMOGA,2011,Kharif,Ragi,1016,1538,1.513779528
Karnataka,SHIMOGA,2011,Kharif,Rice,111399,324594,2.913796354
Karnataka,SHIMOGA,2011,Kharif,Sesamum,28,14,0.5
Karnataka,SHIMOGA,2011,Kharif,Sunflower,3,1,0.333333333
Karnataka,SHIMOGA,2011,Kharif,Urad,10,4,0.4
Karnataka,SHIMOGA,2011,Rabi,Cowpea(Lobia),276,97,0.351449275
Karnataka,SHIMOGA,2011,Rabi,Dry chillies,34,80,2.352941176
Karnataka,SHIMOGA,2011,Rabi,Gram,65,27,0.415384615
Karnataka,SHIMOGA,2011,Rabi,Groundnut,316,257,0.813291139
Karnataka,SHIMOGA,2011,Rabi,Horse-gram,64,32,0.5
Karnataka,SHIMOGA,2011,Rabi,Jowar,18,13,0.722222222
Karnataka,SHIMOGA,2011,Rabi,Linseed,30,7,0.233333333
Karnataka,SHIMOGA,2011,Rabi,Maize,976,4598,4.711065574
Karnataka,SHIMOGA,2011,Rabi,Moong(Green Gram),1311,518,0.39511823
Karnataka,SHIMOGA,2011,Rabi,Other  Rabi pulses,26,9,0.346153846
Karnataka,SHIMOGA,2011,Rabi,Ragi,1,2,2
Karnataka,SHIMOGA,2011,Rabi,Rapeseed &Mustard,6,2,0.333333333
Karnataka,SHIMOGA,2011,Rabi,Safflower,9,6,0.666666667
Karnataka,SHIMOGA,2011,Rabi,Sunflower,615,1288,2.094308943
Karnataka,SHIMOGA,2011,Rabi,Urad,167,85,0.508982036
Karnataka,SHIMOGA,2011,Summer,Dry chillies,88,308,3.5
Karnataka,SHIMOGA,2011,Summer,Jowar,89,163,1.831460674
Karnataka,SHIMOGA,2011,Summer,Maize,4623,22012,4.76141034
Karnataka,SHIMOGA,2011,Summer,Peas & beans (Pulses),7,63,9
Karnataka,SHIMOGA,2011,Summer,Ragi,42,81,1.928571429
Karnataka,SHIMOGA,2011,Summer,Rice,17580,60060,3.416382253
Karnataka,SHIMOGA,2011,Summer,Sunflower,384,1089,2.8359375
Karnataka,SHIMOGA,2011,Whole Year,Arecanut,45411,243442,5.360859704
Karnataka,SHIMOGA,2011,Whole Year,Banana,5765,112031,19.4329575
Karnataka,SHIMOGA,2011,Whole Year,Black pepper,838,237.3,0.283174224
Karnataka,SHIMOGA,2011,Whole Year,Cardamom,327,22,0.067278287
Karnataka,SHIMOGA,2011,Whole Year,Cashewnut,1345,1077,0.800743494
Karnataka,SHIMOGA,2011,Whole Year,Coconut,5954,59286,9.957339604
Karnataka,SHIMOGA,2011,Whole Year,Dry ginger,7460,24438.3,3.275911528
Karnataka,SHIMOGA,2011,Whole Year,Sugarcane,4197,442574,105.4500834
Karnataka,SHIMOGA,2011,Whole Year,Tapioca,6,63,10.5
Karnataka,SHIMOGA,2011,Whole Year,Tobacco,39,36,0.923076923
Karnataka,SHIMOGA,2011,Whole Year,Turmeric,232,1165,5.021551724
Karnataka,SHIMOGA,2012,Kharif,Arhar/Tur,665,471,0.708270677
Karnataka,SHIMOGA,2012,Kharif,Castor seed,103,64,0.621359223
Karnataka,SHIMOGA,2012,Kharif,Cotton(lint),986,2265,2.297160243
Karnataka,SHIMOGA,2012,Kharif,Cowpea(Lobia),242,66,0.272727273
Karnataka,SHIMOGA,2012,Kharif,Dry chillies,163,149,0.914110429
Karnataka,SHIMOGA,2012,Kharif,Groundnut,473,266,0.562367865
Karnataka,SHIMOGA,2012,Kharif,Horse-gram,53,22,0.41509434
Karnataka,SHIMOGA,2012,Kharif,Jowar,318,664,2.088050314
Karnataka,SHIMOGA,2012,Kharif,Maize,63635,260977,4.101155025
Karnataka,SHIMOGA,2012,Kharif,Moong(Green Gram),45,14,0.311111111
Karnataka,SHIMOGA,2012,Kharif,Niger seed,8,2,0.25
Karnataka,SHIMOGA,2012,Kharif,Other Kharif pulses,10,10,1
Karnataka,SHIMOGA,2012,Kharif,Ragi,1019,1698,1.666339549
Karnataka,SHIMOGA,2012,Kharif,Rice,107987,279757,2.590654431
Karnataka,SHIMOGA,2012,Kharif,Sesamum,6,2,0.333333333
Karnataka,SHIMOGA,2012,Kharif,Sunflower,25,13,0.52
Karnataka,SHIMOGA,2012,Kharif,Urad,5,2,0.4
Karnataka,SHIMOGA,2012,Rabi,Cowpea(Lobia),52,17,0.326923077
Karnataka,SHIMOGA,2012,Rabi,Dry chillies,86,235,2.73255814
Karnataka,SHIMOGA,2012,Rabi,Gram,63,41,0.650793651
Karnataka,SHIMOGA,2012,Rabi,Groundnut,54,91,1.685185185
Karnataka,SHIMOGA,2012,Rabi,Horse-gram,30,11,0.366666667
Karnataka,SHIMOGA,2012,Rabi,Jowar,35,35,1
Karnataka,SHIMOGA,2012,Rabi,Linseed,3,1,0.333333333
Karnataka,SHIMOGA,2012,Rabi,Maize,476,1975,4.149159664
Karnataka,SHIMOGA,2012,Rabi,Moong(Green Gram),219,53,0.242009132
Karnataka,SHIMOGA,2012,Rabi,Other  Rabi pulses,28,13,0.464285714
Karnataka,SHIMOGA,2012,Rabi,Ragi,4,6,1.5
Karnataka,SHIMOGA,2012,Rabi,Safflower,15,9,0.6
Karnataka,SHIMOGA,2012,Rabi,Sunflower,756,1318,1.743386243
Karnataka,SHIMOGA,2012,Rabi,Urad,65,34,0.523076923
Karnataka,SHIMOGA,2012,Summer,Cowpea(Lobia),169,61,0.360946746
Karnataka,SHIMOGA,2012,Summer,Dry chillies,58,164,2.827586207
Karnataka,SHIMOGA,2012,Summer,Groundnut,156,128,0.820512821
Karnataka,SHIMOGA,2012,Summer,Jowar,29,48,1.655172414
Karnataka,SHIMOGA,2012,Summer,Maize,5416,24285,4.483936484
Karnataka,SHIMOGA,2012,Summer,Ragi,49,73,1.489795918
Karnataka,SHIMOGA,2012,Summer,Rice,15324,49147,3.207191334
Karnataka,SHIMOGA,2012,Summer,Sunflower,604,1202,1.990066225
Karnataka,SHIMOGA,2012,Whole Year,Arecanut,47478,254522,5.36084081
Karnataka,SHIMOGA,2012,Whole Year,Black pepper,973,2755,2.831449126
Karnataka,SHIMOGA,2012,Whole Year,Cardamom,314,21,0.066878981
Karnataka,SHIMOGA,2012,Whole Year,Cashewnut,1394,1122,0.804878049
Karnataka,SHIMOGA,2012,Whole Year,Coconut,5736,57116,9.957461646
Karnataka,SHIMOGA,2012,Whole Year,Coriander,2,1,0.5
Karnataka,SHIMOGA,2012,Whole Year,Dry ginger,5450,178537,32.75908257
Karnataka,SHIMOGA,2012,Whole Year,Sugarcane,3943,449502,114
Karnataka,SHIMOGA,2012,Whole Year,Tobacco,15,9,0.6
Karnataka,SHIMOGA,2012,Whole Year,Turmeric,118,1130,9.576271186
Karnataka,SHIMOGA,2013,Kharif,Arhar/Tur,252,231,0.916666667
Karnataka,SHIMOGA,2013,Kharif,Bajra,4,5,1.25
Karnataka,SHIMOGA,2013,Kharif,Castor seed,5,4,0.8
Karnataka,SHIMOGA,2013,Kharif,Cotton(lint),738,1905,2.581300813
Karnataka,SHIMOGA,2013,Kharif,Cowpea(Lobia),34,13,0.382352941
Karnataka,SHIMOGA,2013,Kharif,Dry chillies,103,114,1.106796117
Karnataka,SHIMOGA,2013,Kharif,Groundnut,343,290,0.84548105
Karnataka,SHIMOGA,2013,Kharif,Horse-gram,26,13,0.5
Karnataka,SHIMOGA,2013,Kharif,Jowar,344,633,1.840116279
Karnataka,SHIMOGA,2013,Kharif,Maize,60228,169247,2.810104935
Karnataka,SHIMOGA,2013,Kharif,Moong(Green Gram),1,,
Karnataka,SHIMOGA,2013,Kharif,Niger seed,108,24,0.222222222
Karnataka,SHIMOGA,2013,Kharif,Other Kharif pulses,24,18,0.75
Karnataka,SHIMOGA,2013,Kharif,Ragi,662,1114,1.682779456
Karnataka,SHIMOGA,2013,Kharif,Rice,108268,326666,3.017198064
Karnataka,SHIMOGA,2013,Kharif,Sesamum,12,7,0.583333333
Karnataka,SHIMOGA,2013,Kharif,Sunflower,2,1,0.5
Karnataka,SHIMOGA,2013,Rabi,Cowpea(Lobia),21,9,0.428571429
Karnataka,SHIMOGA,2013,Rabi,Dry chillies,100,190,1.9
Karnataka,SHIMOGA,2013,Rabi,Gram,47,36,0.765957447
Karnataka,SHIMOGA,2013,Rabi,Horse-gram,11,6,0.545454545
Karnataka,SHIMOGA,2013,Rabi,Jowar,25,28,1.12
Karnataka,SHIMOGA,2013,Rabi,Linseed,2,1,0.5
Karnataka,SHIMOGA,2013,Rabi,Maize,397,1885,4.748110831
Karnataka,SHIMOGA,2013,Rabi,Moong(Green Gram),1026,182,0.177387914
Karnataka,SHIMOGA,2013,Rabi,Other  Rabi pulses,36,22,0.611111111
Karnataka,SHIMOGA,2013,Rabi,Safflower,8,6,0.75
Karnataka,SHIMOGA,2013,Rabi,Sunflower,436,1004,2.302752294
Karnataka,SHIMOGA,2013,Rabi,Urad,56,32,0.571428571
Karnataka,SHIMOGA,2013,Summer,Cotton(lint),1,4,4
Karnataka,SHIMOGA,2013,Summer,Cowpea(Lobia),174,68,0.390804598
Karnataka,SHIMOGA,2013,Summer,Dry chillies,50,133,2.66
Karnataka,SHIMOGA,2013,Summer,Groundnut,132,118,0.893939394
Karnataka,SHIMOGA,2013,Summer,Jowar,14,23,1.642857143
Karnataka,SHIMOGA,2013,Summer,Maize,4812,20210,4.199916874
Karnataka,SHIMOGA,2013,Summer,Potato,1,14,14
Karnataka,SHIMOGA,2013,Summer,Ragi,13,26,2
Karnataka,SHIMOGA,2013,Summer,Rice,16354,54144,3.310749664
Karnataka,SHIMOGA,2013,Summer,Sunflower,486,988,2.032921811
Karnataka,SHIMOGA,2013,Whole Year,Arecanut,48401,538587,11.12760067
Karnataka,SHIMOGA,2013,Whole Year,Black pepper,1116,2773,2.484767025
Karnataka,SHIMOGA,2013,Whole Year,Cardamom,258,42,0.162790698
Karnataka,SHIMOGA,2013,Whole Year,Cashewnut,1154,363,0.314558059
Karnataka,SHIMOGA,2013,Whole Year,Coconut,5419,42994,7.933936151
Karnataka,SHIMOGA,2013,Whole Year,Dry ginger,5889,115436,19.60196977
Karnataka,SHIMOGA,2013,Whole Year,Sugarcane,4915,471594,95.94994914
Karnataka,SHIMOGA,2013,Whole Year,Tobacco,2,2,1
Karnataka,SHIMOGA,2013,Whole Year,Turmeric,69,329,4.768115942
Karnataka,SHIMOGA,2014,Kharif,Arhar/Tur,251,163,0.64940239
Karnataka,SHIMOGA,2014,Kharif,Bajra,2,2,1
Karnataka,SHIMOGA,2014,Kharif,Cotton(lint),849,2111,2.486454653
Karnataka,SHIMOGA,2014,Kharif,Cowpea(Lobia),146,64,0.438356164
Karnataka,SHIMOGA,2014,Kharif,Dry chillies,114,129,1.131578947
Karnataka,SHIMOGA,2014,Kharif,Groundnut,249,181,0.726907631
Karnataka,SHIMOGA,2014,Kharif,Horse-gram,21,10,0.476190476
Karnataka,SHIMOGA,2014,Kharif,Jowar,309,662,2.142394822
Karnataka,SHIMOGA,2014,Kharif,Maize,58712,209831,3.57390312
Karnataka,SHIMOGA,2014,Kharif,Moong(Green Gram),5,1,0.2
Karnataka,SHIMOGA,2014,Kharif,Niger seed,4,1,0.25
Karnataka,SHIMOGA,2014,Kharif,Other Kharif pulses,22,19,0.863636364
Karnataka,SHIMOGA,2014,Kharif,Ragi,564,1039,1.842198582
Karnataka,SHIMOGA,2014,Kharif,Rice,105581,313744,2.971595268
Karnataka,SHIMOGA,2014,Kharif,Sesamum,3,2,0.666666667
Karnataka,SHIMOGA,2014,Kharif,Sunflower,13,7,0.538461538
Karnataka,SHIMOGA,2014,Kharif,Urad,11,3,0.272727273
Karnataka,SHIMOGA,2014,Rabi,Cowpea(Lobia),4,1,0.25
Karnataka,SHIMOGA,2014,Rabi,Dry chillies,57,107,1.877192982
Karnataka,SHIMOGA,2014,Rabi,Gram,13,9,0.692307692
Karnataka,SHIMOGA,2014,Rabi,Horse-gram,44,22,0.5
Karnataka,SHIMOGA,2014,Rabi,Jowar,42,46,1.095238095
Karnataka,SHIMOGA,2014,Rabi,Maize,268,1367,5.100746269
Karnataka,SHIMOGA,2014,Rabi,Moong(Green Gram),919,277,0.301414581
Karnataka,SHIMOGA,2014,Rabi,Other  Rabi pulses,54,40,0.740740741
Karnataka,SHIMOGA,2014,Rabi,Safflower,11,9,0.818181818
Karnataka,SHIMOGA,2014,Rabi,Sunflower,559,1177,2.105545617
Karnataka,SHIMOGA,2014,Rabi,Urad,72,33,0.458333333
Karnataka,SHIMOGA,2014,Summer,Cowpea(Lobia),126,46,0.365079365
Karnataka,SHIMOGA,2014,Summer,Dry chillies,41,79,1.926829268
Karnataka,SHIMOGA,2014,Summer,Groundnut,19,16,0.842105263
Karnataka,SHIMOGA,2014,Summer,Jowar,35,74,2.114285714
Karnataka,SHIMOGA,2014,Summer,Rice,16288,56262,3.454199411
Karnataka,SHIMOGA,2014,Whole Year,Arecanut,51689,386605,7.479444369
Karnataka,SHIMOGA,2014,Whole Year,Black pepper,1255,5293,4.21752988
Karnataka,SHIMOGA,2014,Whole Year,Cardamom,400,54,0.135
Karnataka,SHIMOGA,2014,Whole Year,Cashewnut,1148,285,0.24825784
Karnataka,SHIMOGA,2014,Whole Year,Coconut,5403,48216,8.923931149
Karnataka,SHIMOGA,2014,Whole Year,Coriander,3,1,0.333333333
Karnataka,SHIMOGA,2014,Whole Year,Dry ginger,6604,124744,18.88915809
Karnataka,SHIMOGA,2014,Whole Year,Sugarcane,3940,393015,99.75
Karnataka,SHIMOGA,2014,Whole Year,Tobacco,6,4,0.666666667
Karnataka,SHIMOGA,2014,Whole Year,Turmeric,34,149,4.382352941
Karnataka,TUMKUR,1997,Kharif,Arhar/Tur,11135,3427,0.307768298
Karnataka,TUMKUR,1997,Kharif,Bajra,223,47,0.210762332
Karnataka,TUMKUR,1997,Kharif,Dry chillies,3620,5998,1.656906077
Karnataka,TUMKUR,1997,Kharif,Dry ginger,9,12,1.333333333
Karnataka,TUMKUR,1997,Kharif,Groundnut,89163,47699,0.534964055
Karnataka,TUMKUR,1997,Kharif,Horse-gram,23417,11701,0.49967972
Karnataka,TUMKUR,1997,Kharif,Jowar,4005,2380,0.594257179
Karnataka,TUMKUR,1997,Kharif,Maize,3049,7239,2.374221056
Karnataka,TUMKUR,1997,Kharif,Paddy,22589,86756,3.840630395
Karnataka,TUMKUR,1997,Kharif,Ragi,180184,195029,1.082388003
Karnataka,TUMKUR,1997,Kharif,Rice,22589,57865,2.561645048
Karnataka,TUMKUR,1997,Rabi,Dry chillies,11,19,1.727272727
Karnataka,TUMKUR,1997,Rabi,Groundnut,13118,17846,1.360420796
Karnataka,TUMKUR,1997,Rabi,Horse-gram,16189,8197,0.50633146
Karnataka,TUMKUR,1997,Rabi,Jowar,2740,1218,0.444525547
Karnataka,TUMKUR,1997,Rabi,Maize,1104,2239,2.02807971
Karnataka,TUMKUR,1997,Rabi,Paddy,909,2943,3.237623762
Karnataka,TUMKUR,1997,Rabi,Ragi,972,1286,1.323045267
Karnataka,TUMKUR,1997,Rabi,Rice,909,1963,2.159515952
Karnataka,TUMKUR,1997,Rabi,Wheat,2,2,1
Karnataka,TUMKUR,1997,Summer,Maize,379,820,2.163588391
Karnataka,TUMKUR,1997,Summer,Paddy,10102,47284,4.680657296
Karnataka,TUMKUR,1997,Summer,Ragi,600,1111,1.851666667
Karnataka,TUMKUR,1997,Summer,Rice,10102,31535,3.121659077
Karnataka,TUMKUR,1997,Whole Year,Arecanut,7282,8932,1.226586103
Karnataka,TUMKUR,1997,Whole Year,Coriander,23,3,0.130434783
Karnataka,TUMKUR,1997,Whole Year,Garlic,2,2,1
Karnataka,TUMKUR,1997,Whole Year,Sugarcane,1732,171122,98.80023095
Karnataka,TUMKUR,1997,Whole Year,Turmeric,3,17,5.666666667
Karnataka,TUMKUR,1998,Kharif,Arhar/Tur,15946,6787,0.425623981
Karnataka,TUMKUR,1998,Kharif,Bajra,376,176,0.468085106
Karnataka,TUMKUR,1998,Kharif,Castor seed,5970,6709,1.123785595
Karnataka,TUMKUR,1998,Kharif,Cotton(lint),1343,2020,1.504095309
Karnataka,TUMKUR,1998,Kharif,Dry ginger,6,81,13.5
Karnataka,TUMKUR,1998,Kharif,Groundnut,174731,237842,1.361189486
Karnataka,TUMKUR,1998,Kharif,Horse-gram,25963,11839,0.45599507
Karnataka,TUMKUR,1998,Kharif,Jowar,4081,4431,1.085763293
Karnataka,TUMKUR,1998,Kharif,Maize,5889,15450,2.623535405
Karnataka,TUMKUR,1998,Kharif,Moong(Green Gram),3892,1117,0.286998972
Karnataka,TUMKUR,1998,Kharif,Niger seed,3181,923,0.290160327
Karnataka,TUMKUR,1998,Kharif,Onion,83,376,4.530120482
Karnataka,TUMKUR,1998,Kharif,Peas & beans (Pulses),82,506,6.170731707
Karnataka,TUMKUR,1998,Kharif,Potato,4,44,11
Karnataka,TUMKUR,1998,Kharif,Ragi,205777,294692,1.432093966
Karnataka,TUMKUR,1998,Kharif,Rapeseed &Mustard,1307,344,0.263198164
Karnataka,TUMKUR,1998,Kharif,Rice,29765,81706,2.745036116
Karnataka,TUMKUR,1998,Kharif,Sesamum,686,278,0.405247813
Karnataka,TUMKUR,1998,Kharif,Soyabean,23,25,1.086956522
Karnataka,TUMKUR,1998,Kharif,Sunflower,7238,3887,0.537026803
Karnataka,TUMKUR,1998,Rabi,Gram,474,260,0.548523207
Karnataka,TUMKUR,1998,Rabi,Groundnut,15392,26342,1.711408524
Karnataka,TUMKUR,1998,Rabi,Horse-gram,2756,1270,0.460812772
Karnataka,TUMKUR,1998,Rabi,Jowar,498,339,0.680722892
Karnataka,TUMKUR,1998,Rabi,Maize,220,444,2.018181818
Karnataka,TUMKUR,1998,Rabi,Moong(Green Gram),79,35,0.443037975
Karnataka,TUMKUR,1998,Rabi,Peas & beans (Pulses),7,69,9.857142857
Karnataka,TUMKUR,1998,Rabi,Ragi,152,221,1.453947368
Karnataka,TUMKUR,1998,Rabi,Rice,1301,2828,2.173712529
Karnataka,TUMKUR,1998,Rabi,Sunflower,1090,397,0.364220183
Karnataka,TUMKUR,1998,Rabi,Wheat,6,8,1.333333333
Karnataka,TUMKUR,1998,Summer,Maize,110,250,2.272727273
Karnataka,TUMKUR,1998,Summer,Onion,29,335,11.55172414
Karnataka,TUMKUR,1998,Summer,Peas & beans (Pulses),217,1879,8.658986175
Karnataka,TUMKUR,1998,Summer,Potato,15,256,17.06666667
Karnataka,TUMKUR,1998,Summer,Ragi,639,1437,2.248826291
Karnataka,TUMKUR,1998,Summer,Rice,16382,52369,3.196740325
Karnataka,TUMKUR,1998,Summer,Sunflower,526,295,0.560836502
Karnataka,TUMKUR,1998,Whole Year,Arecanut,7649,43262,5.655902732
Karnataka,TUMKUR,1998,Whole Year,Coconut,83818,551484,6.579541387
Karnataka,TUMKUR,1998,Whole Year,Coriander,52,6,0.115384615
Karnataka,TUMKUR,1998,Whole Year,Dry chillies,3716,4467,1.202099031
Karnataka,TUMKUR,1998,Whole Year,Garlic,1,1,1
Karnataka,TUMKUR,1998,Whole Year,Turmeric,2,10,5
Karnataka,TUMKUR,1999,Kharif,Arhar/Tur,12898,3566,0.276476973
Karnataka,TUMKUR,1999,Kharif,Bajra,207,79,0.381642512
Karnataka,TUMKUR,1999,Kharif,Castor seed,4442,4169,0.938541198
Karnataka,TUMKUR,1999,Kharif,Cotton(lint),548,920,1.678832117
Karnataka,TUMKUR,1999,Kharif,Dry ginger,7,95,13.57142857
Karnataka,TUMKUR,1999,Kharif,Groundnut,168771,72917,0.432046975
Karnataka,TUMKUR,1999,Kharif,Horse-gram,16961,7122,0.419904487
Karnataka,TUMKUR,1999,Kharif,Jowar,2875,2794,0.971826087
Karnataka,TUMKUR,1999,Kharif,Maize,7726,16262,2.104840797
Karnataka,TUMKUR,1999,Kharif,Moong(Green Gram),6240,2122,0.340064103
Karnataka,TUMKUR,1999,Kharif,Niger seed,2234,648,0.290062668
Karnataka,TUMKUR,1999,Kharif,Other Kharif pulses,17120,5526,0.322780374
Karnataka,TUMKUR,1999,Kharif,Ragi,170759,220106,1.288986232
Karnataka,TUMKUR,1999,Kharif,Rice,27627,72363,2.619285482
Karnataka,TUMKUR,1999,Kharif,Sesamum,1111,544,0.489648965
Karnataka,TUMKUR,1999,Kharif,Small millets,3498,1103,0.315323042
Karnataka,TUMKUR,1999,Kharif,Soyabean,1,1,1
Karnataka,TUMKUR,1999,Kharif,Sunflower,1471,953,0.6478586
Karnataka,TUMKUR,1999,Kharif,Urad,833,271,0.325330132
Karnataka,TUMKUR,1999,Rabi,Gram,553,287,0.518987342
Karnataka,TUMKUR,1999,Rabi,Groundnut,13697,22576,1.648244141
Karnataka,TUMKUR,1999,Rabi,Horse-gram,24609,7014,0.285017676
Karnataka,TUMKUR,1999,Rabi,Jowar,1214,846,0.696869852
Karnataka,TUMKUR,1999,Rabi,Maize,536,1312,2.447761194
Karnataka,TUMKUR,1999,Rabi,Moong(Green Gram),26,6,0.230769231
Karnataka,TUMKUR,1999,Rabi,Other  Rabi pulses,1630,194,0.119018405
Karnataka,TUMKUR,1999,Rabi,Ragi,6721,6917,1.029162327
Karnataka,TUMKUR,1999,Rabi,Rapeseed &Mustard,1107,292,0.263775971
Karnataka,TUMKUR,1999,Rabi,Rice,1533,3265,2.129810828
Karnataka,TUMKUR,1999,Rabi,Sunflower,1461,1021,0.698836413
Karnataka,TUMKUR,1999,Rabi,Urad,12,4,0.333333333
Karnataka,TUMKUR,1999,Rabi,Wheat,5,7,1.4
Karnataka,TUMKUR,1999,Summer,Jowar,40,92,2.3
Karnataka,TUMKUR,1999,Summer,Maize,318,581,1.827044025
Karnataka,TUMKUR,1999,Summer,Ragi,4266,8527,1.998827942
Karnataka,TUMKUR,1999,Summer,Rice,10873,31360,2.88420859
Karnataka,TUMKUR,1999,Summer,Sunflower,536,302,0.563432836
Karnataka,TUMKUR,1999,Whole Year,Banana,2251,48766,21.66414927
Karnataka,TUMKUR,1999,Whole Year,Coconut,88293,580927,6.579536317
Karnataka,TUMKUR,1999,Whole Year,Coriander,69,8,0.115942029
Karnataka,TUMKUR,1999,Whole Year,Dry chillies,5136,6407,1.247468847
Karnataka,TUMKUR,1999,Whole Year,Garlic,1,1,1
Karnataka,TUMKUR,1999,Whole Year,Onion,183,1201,6.56284153
Karnataka,TUMKUR,1999,Whole Year,Sugarcane,1674,197197,117.7998805
Karnataka,TUMKUR,1999,Whole Year,Sweet potato,18,114,6.333333333
Karnataka,TUMKUR,1999,Whole Year,Tapioca,32,210,6.5625
Karnataka,TUMKUR,1999,Whole Year,Tobacco,97,57,0.587628866
Karnataka,TUMKUR,1999,Whole Year,Turmeric,2,9,4.5
Karnataka,TUMKUR,2000,Kharif,Arhar/Tur,11220,6012,0.535828877
Karnataka,TUMKUR,2000,Kharif,Bajra,311,136,0.437299035
Karnataka,TUMKUR,2000,Kharif,Castor seed,4630,5692,1.22937365
Karnataka,TUMKUR,2000,Kharif,Cotton(lint),695,1493,2.148201439
Karnataka,TUMKUR,2000,Kharif,Dry ginger,2,27,13.5
Karnataka,TUMKUR,2000,Kharif,Groundnut,156788,215651,1.375430518
Karnataka,TUMKUR,2000,Kharif,Horse-gram,24075,10704,0.444610592
Karnataka,TUMKUR,2000,Kharif,Jowar,4881,7119,1.4585126
Karnataka,TUMKUR,2000,Kharif,Maize,10030,27997,2.791326022
Karnataka,TUMKUR,2000,Kharif,Moong(Green Gram),3384,1334,0.394208038
Karnataka,TUMKUR,2000,Kharif,Niger seed,2424,703,0.290016502
Karnataka,TUMKUR,2000,Kharif,Other Kharif pulses,17572,5585,0.317835192
Karnataka,TUMKUR,2000,Kharif,Ragi,198361,308091,1.553183337
Karnataka,TUMKUR,2000,Kharif,Rice,30892,88230,2.856079244
Karnataka,TUMKUR,2000,Kharif,Sesamum,497,204,0.410462777
Karnataka,TUMKUR,2000,Kharif,Small millets,4725,1752,0.370793651
Karnataka,TUMKUR,2000,Kharif,Soyabean,5,5,1
Karnataka,TUMKUR,2000,Kharif,Sunflower,1401,1074,0.766595289
Karnataka,TUMKUR,2000,Kharif,Urad,660,255,0.386363636
Karnataka,TUMKUR,2000,Rabi,Gram,323,208,0.643962848
Karnataka,TUMKUR,2000,Rabi,Groundnut,14851,20612,1.387920005
Karnataka,TUMKUR,2000,Rabi,Horse-gram,2415,668,0.276604555
Karnataka,TUMKUR,2000,Rabi,Jowar,92,55,0.597826087
Karnataka,TUMKUR,2000,Rabi,Linseed,3,1,0.333333333
Karnataka,TUMKUR,2000,Rabi,Maize,20,50,2.5
Karnataka,TUMKUR,2000,Rabi,Moong(Green Gram),11,3,0.272727273
Karnataka,TUMKUR,2000,Rabi,Other  Rabi pulses,420,50,0.119047619
Karnataka,TUMKUR,2000,Rabi,Ragi,170,178,1.047058824
Karnataka,TUMKUR,2000,Rabi,Rapeseed &Mustard,1165,307,0.263519313
Karnataka,TUMKUR,2000,Rabi,Rice,2525,5409,2.142178218
Karnataka,TUMKUR,2000,Rabi,Sunflower,1079,674,0.624652456
Karnataka,TUMKUR,2000,Rabi,Urad,3,1,0.333333333
Karnataka,TUMKUR,2000,Summer,Maize,397,1116,2.811083123
Karnataka,TUMKUR,2000,Summer,Ragi,1341,2659,1.98284862
Karnataka,TUMKUR,2000,Summer,Rice,23498,58576,2.492807899
Karnataka,TUMKUR,2000,Summer,Sunflower,291,208,0.714776632
Karnataka,TUMKUR,2000,Whole Year,Arecanut,10428,12791,1.226601458
Karnataka,TUMKUR,2000,Whole Year,Banana,2630,47840,18.19011407
Karnataka,TUMKUR,2000,Whole Year,Coconut,100810,663283,6.57953576
Karnataka,TUMKUR,2000,Whole Year,Coriander,58,6,0.103448276
Karnataka,TUMKUR,2000,Whole Year,Dry chillies,4571,6584,1.440385036
Karnataka,TUMKUR,2000,Whole Year,Garlic,1,1,1
Karnataka,TUMKUR,2000,Whole Year,Onion,757,3998,5.281373844
Karnataka,TUMKUR,2000,Whole Year,Potato,20,203,10.15
Karnataka,TUMKUR,2000,Whole Year,Sugarcane,2327,238750,102.5999141
Karnataka,TUMKUR,2000,Whole Year,Sweet potato,25,158,6.32
Karnataka,TUMKUR,2000,Whole Year,Tapioca,20,131,6.55
Karnataka,TUMKUR,2000,Whole Year,Tobacco,23,17,0.739130435
Karnataka,TUMKUR,2000,Whole Year,Turmeric,3,13,4.333333333
Karnataka,TUMKUR,2001,Kharif,Arhar/Tur,9512,5033,0.52912111
Karnataka,TUMKUR,2001,Kharif,Bajra,253,102,0.403162055
Karnataka,TUMKUR,2001,Kharif,Castor seed,3963,3023,0.762805955
Karnataka,TUMKUR,2001,Kharif,Cotton(lint),973,1809,1.859198356
Karnataka,TUMKUR,2001,Kharif,Dry ginger,4,54,13.5
Karnataka,TUMKUR,2001,Kharif,Groundnut,140165,53139,0.379117469
Karnataka,TUMKUR,2001,Kharif,Horse-gram,34425,12002,0.348641975
Karnataka,TUMKUR,2001,Kharif,Jowar,3699,5654,1.528521222
Karnataka,TUMKUR,2001,Kharif,Maize,8820,18686,2.118594104
Karnataka,TUMKUR,2001,Kharif,Moong(Green Gram),1796,1971,1.097438753
Karnataka,TUMKUR,2001,Kharif,Niger seed,2139,620,0.289855072
Karnataka,TUMKUR,2001,Kharif,Other Kharif pulses,14538,4622,0.317925437
Karnataka,TUMKUR,2001,Kharif,Ragi,171518,216119,1.260036847
Karnataka,TUMKUR,2001,Kharif,Rice,24781,58974,2.37980711
Karnataka,TUMKUR,2001,Kharif,Sesamum,323,120,0.371517028
Karnataka,TUMKUR,2001,Kharif,Small millets,4012,2080,0.518444666
Karnataka,TUMKUR,2001,Kharif,Soyabean,5,4,0.8
Karnataka,TUMKUR,2001,Kharif,Sunflower,1115,782,0.701345291
Karnataka,TUMKUR,2001,Kharif,Urad,490,181,0.369387755
Karnataka,TUMKUR,2001,Rabi,Gram,485,285,0.587628866
Karnataka,TUMKUR,2001,Rabi,Horse-gram,15649,3999,0.255543485
Karnataka,TUMKUR,2001,Rabi,Jowar,319,195,0.611285266
Karnataka,TUMKUR,2001,Rabi,Maize,268,519,1.936567164
Karnataka,TUMKUR,2001,Rabi,Moong(Green Gram),37,11,0.297297297
Karnataka,TUMKUR,2001,Rabi,Other  Rabi pulses,431,51,0.118329466
Karnataka,TUMKUR,2001,Rabi,Ragi,1481,1845,1.245779878
Karnataka,TUMKUR,2001,Rabi,Rapeseed &Mustard,944,249,0.263771186
Karnataka,TUMKUR,2001,Rabi,Rice,1708,3273,1.916276347
Karnataka,TUMKUR,2001,Rabi,Safflower,20,16,0.8
Karnataka,TUMKUR,2001,Rabi,Sunflower,744,856,1.150537634
Karnataka,TUMKUR,2001,Rabi,Urad,6,2,0.333333333
Karnataka,TUMKUR,2001,Rabi,Wheat,3,3,1
Karnataka,TUMKUR,2001,Summer,Jowar,4,8,2
Karnataka,TUMKUR,2001,Summer,Maize,481,1265,2.62993763
Karnataka,TUMKUR,2001,Summer,Ragi,2116,3667,1.732986767
Karnataka,TUMKUR,2001,Summer,Rice,23875,70221,2.941193717
Karnataka,TUMKUR,2001,Summer,Sunflower,1472,1203,0.817255435
Karnataka,TUMKUR,2001,Whole Year,Arecanut,12628,15490,1.226639214
Karnataka,TUMKUR,2001,Whole Year,Black pepper,1,2,2
Karnataka,TUMKUR,2001,Whole Year,Coconut,110993,547767,4.935149063
Karnataka,TUMKUR,2001,Whole Year,Coriander,20,2,0.1
Karnataka,TUMKUR,2001,Whole Year,Dry chillies,4715,7101,1.506044539
Karnataka,TUMKUR,2001,Whole Year,Onion,529,2824,5.338374291
Karnataka,TUMKUR,2001,Whole Year,Peas & beans (Pulses),90,443,4.922222222
Karnataka,TUMKUR,2001,Whole Year,Potato,8,96,12
Karnataka,TUMKUR,2001,Whole Year,Sugarcane,1736,140182,80.75
Karnataka,TUMKUR,2001,Whole Year,Turmeric,3,15,5
Karnataka,TUMKUR,2002,Kharif,Arhar/Tur,10208,3947,0.386657524
Karnataka,TUMKUR,2002,Kharif,Bajra,244,89,0.364754098
Karnataka,TUMKUR,2002,Kharif,Castor seed,3469,3190,0.919573364
Karnataka,TUMKUR,2002,Kharif,Cotton(lint),856,1576,1.841121495
Karnataka,TUMKUR,2002,Kharif,Dry ginger,4,54,13.5
Karnataka,TUMKUR,2002,Kharif,Groundnut,116447,62636,0.537892775
Karnataka,TUMKUR,2002,Kharif,Horse-gram,29952,11752,0.392361111
Karnataka,TUMKUR,2002,Kharif,Jowar,3276,3799,1.15964591
Karnataka,TUMKUR,2002,Kharif,Maize,12076,15547,1.287429612
Karnataka,TUMKUR,2002,Kharif,Moong(Green Gram),3492,514,0.147193585
Karnataka,TUMKUR,2002,Kharif,Niger seed,1455,422,0.290034364
Karnataka,TUMKUR,2002,Kharif,Other Kharif pulses,11460,3654,0.318848168
Karnataka,TUMKUR,2002,Kharif,Ragi,139019,116029,0.834626921
Karnataka,TUMKUR,2002,Kharif,Rice,14283,34214,2.395435133
Karnataka,TUMKUR,2002,Kharif,Sesamum,455,179,0.393406593
Karnataka,TUMKUR,2002,Kharif,Small millets,4118,1496,0.363283147
Karnataka,TUMKUR,2002,Kharif,Sunflower,6827,3291,0.48205654
Karnataka,TUMKUR,2002,Kharif,Urad,408,58,0.142156863
Karnataka,TUMKUR,2002,Rabi,Gram,1821,932,0.5118067
Karnataka,TUMKUR,2002,Rabi,Groundnut,3367,4641,1.378378378
Karnataka,TUMKUR,2002,Rabi,Horse-gram,10964,2291,0.208956585
Karnataka,TUMKUR,2002,Rabi,Jowar,4274,2402,0.562002808
Karnataka,TUMKUR,2002,Rabi,Maize,1618,4109,2.539555006
Karnataka,TUMKUR,2002,Rabi,Moong(Green Gram),34,6,0.176470588
Karnataka,TUMKUR,2002,Rabi,Other  Rabi pulses,1144,141,0.123251748
Karnataka,TUMKUR,2002,Rabi,Ragi,7697,4481,0.582174873
Karnataka,TUMKUR,2002,Rabi,Rapeseed &Mustard,623,164,0.263242376
Karnataka,TUMKUR,2002,Rabi,Rice,744,1623,2.181451613
Karnataka,TUMKUR,2002,Rabi,Sunflower,4213,2753,0.653453596
Karnataka,TUMKUR,2002,Summer,Maize,817,2088,2.555691554
Karnataka,TUMKUR,2002,Summer,Ragi,1353,1553,1.14781966
Karnataka,TUMKUR,2002,Summer,Rice,2509,8041,3.204862495
Karnataka,TUMKUR,2002,Summer,Sunflower,2366,1439,0.608199493
Karnataka,TUMKUR,2002,Whole Year,Arcanut (Processed),14226,17450,1.226627302
Karnataka,TUMKUR,2002,Whole Year,Atcanut (Raw),14226,80460,5.655841417
Karnataka,TUMKUR,2002,Whole Year,Banana,2348,29662,12.63287905
Karnataka,TUMKUR,2002,Whole Year,Beans & Mutter(Vegetable),91,439,4.824175824
Karnataka,TUMKUR,2002,Whole Year,Black pepper,8,18,2.25
Karnataka,TUMKUR,2002,Whole Year,Brinjal,284,2427,8.545774648
Karnataka,TUMKUR,2002,Whole Year,Cashewnut Processed,85,6,0.070588235
Karnataka,TUMKUR,2002,Whole Year,Cashewnut Raw,85,26,0.305882353
Karnataka,TUMKUR,2002,Whole Year,Citrus Fruit,31,538,17.35483871
Karnataka,TUMKUR,2002,Whole Year,Coconut,111248,549026,4.93515389
Karnataka,TUMKUR,2002,Whole Year,Coriander,8,1,0.125
Karnataka,TUMKUR,2002,Whole Year,Dry chillies,3159,1806,0.571699905
Karnataka,TUMKUR,2002,Whole Year,Grapes,13,387,29.76923077
Karnataka,TUMKUR,2002,Whole Year,Mango,9205,29125,3.164041282
Karnataka,TUMKUR,2002,Whole Year,Onion,157,1085,6.910828025
Karnataka,TUMKUR,2002,Whole Year,Other Fresh Fruits,205,644,3.141463415
Karnataka,TUMKUR,2002,Whole Year,Papaya,35,83,2.371428571
Karnataka,TUMKUR,2002,Whole Year,Pome Fruit,108,509,4.712962963
Karnataka,TUMKUR,2002,Whole Year,Potato,8,16,2
Karnataka,TUMKUR,2002,Whole Year,Sugarcane,1426,131406,92.15007013
Karnataka,TUMKUR,2002,Whole Year,Sweet potato,19,120,6.315789474
Karnataka,TUMKUR,2002,Whole Year,Tapioca,12,79,6.583333333
Karnataka,TUMKUR,2002,Whole Year,Tobacco,175,126,0.72
Karnataka,TUMKUR,2002,Whole Year,Tomato,632,4442,7.028481013
Karnataka,TUMKUR,2002,Whole Year,Turmeric,3,13,4.333333333
Karnataka,TUMKUR,2003,Kharif,Arhar/Tur,9806,2906,0.296349174
Karnataka,TUMKUR,2003,Kharif,Bajra,309,88,0.284789644
Karnataka,TUMKUR,2003,Kharif,Castor seed,3080,1150,0.373376623
Karnataka,TUMKUR,2003,Kharif,Cotton(lint),312,698,2.237179487
Karnataka,TUMKUR,2003,Kharif,Dry ginger,2,27,13.5
Karnataka,TUMKUR,2003,Kharif,Groundnut,137987,42297,0.306528876
Karnataka,TUMKUR,2003,Kharif,Horse-gram,24126,9076,0.37619166
Karnataka,TUMKUR,2003,Kharif,Jowar,2528,1591,0.629351266
Karnataka,TUMKUR,2003,Kharif,Maize,12991,19286,1.484566238
Karnataka,TUMKUR,2003,Kharif,Moong(Green Gram),1494,362,0.242302544
Karnataka,TUMKUR,2003,Kharif,Niger seed,1627,472,0.290104487
Karnataka,TUMKUR,2003,Kharif,Other Kharif pulses,13750,4332,0.315054545
Karnataka,TUMKUR,2003,Kharif,Ragi,182390,184374,1.010877789
Karnataka,TUMKUR,2003,Kharif,Rice,11589,27546,2.376909138
Karnataka,TUMKUR,2003,Kharif,Sesamum,260,114,0.438461538
Karnataka,TUMKUR,2003,Kharif,Small millets,5044,1641,0.325337034
Karnataka,TUMKUR,2003,Kharif,Soyabean,11,5,0.454545455
Karnataka,TUMKUR,2003,Kharif,Sunflower,4725,2874,0.608253968
Karnataka,TUMKUR,2003,Kharif,Urad,397,100,0.251889169
Karnataka,TUMKUR,2003,Rabi,Gram,1402,452,0.322396576
Karnataka,TUMKUR,2003,Rabi,Groundnut,3228,3530,1.093556382
Karnataka,TUMKUR,2003,Rabi,Horse-gram,6920,1709,0.246965318
Karnataka,TUMKUR,2003,Rabi,Jowar,6735,1164,0.172828508
Karnataka,TUMKUR,2003,Rabi,Maize,331,756,2.283987915
Karnataka,TUMKUR,2003,Rabi,Other  Rabi pulses,106,12,0.113207547
Karnataka,TUMKUR,2003,Rabi,Ragi,1362,365,0.267988253
Karnataka,TUMKUR,2003,Rabi,Rapeseed &Mustard,808,213,0.263613861
Karnataka,TUMKUR,2003,Rabi,Rice,273,917,3.358974359
Karnataka,TUMKUR,2003,Rabi,Sunflower,1619,1035,0.639283508
Karnataka,TUMKUR,2003,Summer,Maize,474,1193,2.516877637
Karnataka,TUMKUR,2003,Summer,Ragi,870,1035,1.189655172
Karnataka,TUMKUR,2003,Summer,Rice,1283,5685,4.431021044
Karnataka,TUMKUR,2003,Summer,Sunflower,1735,1586,0.914121037
Karnataka,TUMKUR,2003,Whole Year,Arecanut,15459,18962,1.226599392
Karnataka,TUMKUR,2003,Whole Year,Banana,2039,27210,13.34477685
Karnataka,TUMKUR,2003,Whole Year,Beans & Mutter(Vegetable),525,3761,7.163809524
Karnataka,TUMKUR,2003,Whole Year,Black pepper,10,23,2.3
Karnataka,TUMKUR,2003,Whole Year,Brinjal,298,2481,8.325503356
Karnataka,TUMKUR,2003,Whole Year,Citrus Fruit,30,474,15.8
Karnataka,TUMKUR,2003,Whole Year,Coconut,109443,540118,4.935153459
Karnataka,TUMKUR,2003,Whole Year,Coriander,9,1,0.111111111
Karnataka,TUMKUR,2003,Whole Year,Dry chillies,2443,806,0.329922227
Karnataka,TUMKUR,2003,Whole Year,Garlic,3,2,0.666666667
Karnataka,TUMKUR,2003,Whole Year,Grapes,9,264,29.33333333
Karnataka,TUMKUR,2003,Whole Year,Mango,13102,34602,2.640970844
Karnataka,TUMKUR,2003,Whole Year,Onion,257,1125,4.377431907
Karnataka,TUMKUR,2003,Whole Year,Other Fresh Fruits,244,649,2.659836066
Karnataka,TUMKUR,2003,Whole Year,Pome Fruit,124,685,5.524193548
Karnataka,TUMKUR,2003,Whole Year,Potato,17,172,10.11764706
Karnataka,TUMKUR,2003,Whole Year,Sannhamp,2,0,0
Karnataka,TUMKUR,2003,Whole Year,Sugarcane,574,38171,66.5
Karnataka,TUMKUR,2003,Whole Year,Sweet potato,23,146,6.347826087
Karnataka,TUMKUR,2003,Whole Year,Tapioca,24,158,6.583333333
Karnataka,TUMKUR,2003,Whole Year,Tobacco,113,64,0.566371681
Karnataka,TUMKUR,2003,Whole Year,Tomato,840,5591,6.655952381
Karnataka,TUMKUR,2003,Whole Year,Turmeric,2,10,5
Karnataka,TUMKUR,2004,Kharif,Arhar/Tur,12595,9465,0.751488686
Karnataka,TUMKUR,2004,Kharif,Bajra,261,97,0.37164751
Karnataka,TUMKUR,2004,Kharif,Castor seed,5038,3920,0.778086542
Karnataka,TUMKUR,2004,Kharif,Cotton(lint),786,1186,1.508905852
Karnataka,TUMKUR,2004,Kharif,Dry ginger,3,41,13.66666667
Karnataka,TUMKUR,2004,Kharif,Groundnut,150455,99138,0.658921272
Karnataka,TUMKUR,2004,Kharif,Horse-gram,21694,10119,0.466442334
Karnataka,TUMKUR,2004,Kharif,Jowar,2620,3401,1.298091603
Karnataka,TUMKUR,2004,Kharif,Maize,12024,31659,2.632984032
Karnataka,TUMKUR,2004,Kharif,Moong(Green Gram),8584,1794,0.208993476
Karnataka,TUMKUR,2004,Kharif,Niger seed,1827,530,0.290093049
Karnataka,TUMKUR,2004,Kharif,Other Kharif pulses,15795,5006,0.316935739
Karnataka,TUMKUR,2004,Kharif,Ragi,190048,321090,1.689520542
Karnataka,TUMKUR,2004,Kharif,Rice,21635,60221.02,2.783499884
Karnataka,TUMKUR,2004,Kharif,Sesamum,964,519,0.538381743
Karnataka,TUMKUR,2004,Kharif,Small millets,4536,2370,0.522486772
Karnataka,TUMKUR,2004,Kharif,Soyabean,14,9,0.642857143
Karnataka,TUMKUR,2004,Kharif,Sunflower,10787,15834,1.467878001
Karnataka,TUMKUR,2004,Kharif,Urad,1127,130,0.115350488
Karnataka,TUMKUR,2004,Rabi,Gram,588,564,0.959183673
Karnataka,TUMKUR,2004,Rabi,Groundnut,2066,2758,1.334946757
Karnataka,TUMKUR,2004,Rabi,Horse-gram,3373,1327,0.393418322
Karnataka,TUMKUR,2004,Rabi,Jowar,221,255,1.153846154
Karnataka,TUMKUR,2004,Rabi,Linseed,26,5,0.192307692
Karnataka,TUMKUR,2004,Rabi,Maize,413,1258,3.046004843
Karnataka,TUMKUR,2004,Rabi,Moong(Green Gram),5,1,0.2
Karnataka,TUMKUR,2004,Rabi,Other  Rabi pulses,118,14,0.118644068
Karnataka,TUMKUR,2004,Rabi,Ragi,846,764,0.903073286
Karnataka,TUMKUR,2004,Rabi,Rapeseed &Mustard,930,245,0.26344086
Karnataka,TUMKUR,2004,Rabi,Rice,1588,5356,3.37279597
Karnataka,TUMKUR,2004,Rabi,Safflower,14,7,0.5
Karnataka,TUMKUR,2004,Rabi,Sunflower,1890,2616,1.384126984
Karnataka,TUMKUR,2004,Summer,Maize,104,318,3.057692308
Karnataka,TUMKUR,2004,Summer,Ragi,415,723,1.742168675
Karnataka,TUMKUR,2004,Summer,Rice,2916,12809,4.39266118
Karnataka,TUMKUR,2004,Summer,Sunflower,1342,1928,1.436661699
Karnataka,TUMKUR,2004,Whole Year,Arecanut,16197,19867,1.22658517
Karnataka,TUMKUR,2004,Whole Year,Banana,4531,30779,6.792981682
Karnataka,TUMKUR,2004,Whole Year,Black pepper,12,27,2.25
Karnataka,TUMKUR,2004,Whole Year,Coconut,110937,5530209.45,49.85
Karnataka,TUMKUR,2004,Whole Year,Coriander,21,2,0.095238095
Karnataka,TUMKUR,2004,Whole Year,Dry chillies,4086,2487,0.60866373
Karnataka,TUMKUR,2004,Whole Year,Garlic,2,2,1
Karnataka,TUMKUR,2004,Whole Year,Onion,201,1325,6.592039801
Karnataka,TUMKUR,2004,Whole Year,Potato,22,290,13.18181818
Karnataka,TUMKUR,2004,Whole Year,Sweet potato,18,114,6.333333333
Karnataka,TUMKUR,2004,Whole Year,Tapioca,28,184,6.571428571
Karnataka,TUMKUR,2004,Whole Year,Tobacco,75,55,0.733333333
Karnataka,TUMKUR,2004,Whole Year,Turmeric,2,10,5
Karnataka,TUMKUR,2005,Kharif,Arhar/Tur,11861,8778,0.740072507
Karnataka,TUMKUR,2005,Kharif,Bajra,249,212,0.851405622
Karnataka,TUMKUR,2005,Kharif,Castor seed,3973,3382,0.85124591
Karnataka,TUMKUR,2005,Kharif,Dry chillies,3138,2429,0.774059911
Karnataka,TUMKUR,2005,Kharif,Groundnut,169958,69921,0.41140164
Karnataka,TUMKUR,2005,Kharif,Horse-gram,25505,14707,0.576632033
Karnataka,TUMKUR,2005,Kharif,Jowar,3479,4168,1.198045415
Karnataka,TUMKUR,2005,Kharif,Maize,15538,47362,3.048140044
Karnataka,TUMKUR,2005,Kharif,Moong(Green Gram),4489,1147,0.255513477
Karnataka,TUMKUR,2005,Kharif,Niger seed,1690,490,0.289940828
Karnataka,TUMKUR,2005,Kharif,Onion,227,1265,5.572687225
Karnataka,TUMKUR,2005,Kharif,Other Kharif pulses,15703,4982,0.317264217
Karnataka,TUMKUR,2005,Kharif,Peas & beans (Pulses),121,740,6.115702479
Karnataka,TUMKUR,2005,Kharif,Potato,3,10,3.333333333
Karnataka,TUMKUR,2005,Kharif,Ragi,192991,290027,1.502800649
Karnataka,TUMKUR,2005,Kharif,Rice,27455,69045,2.514842469
Karnataka,TUMKUR,2005,Kharif,Sesamum,422,366,0.867298578
Karnataka,TUMKUR,2005,Kharif,Small millets,3956,1493,0.377401416
Karnataka,TUMKUR,2005,Kharif,Soyabean,3,2,0.666666667
Karnataka,TUMKUR,2005,Kharif,Sunflower,12580,9716,0.772337043
Karnataka,TUMKUR,2005,Kharif,Urad,553,108,0.195298373
Karnataka,TUMKUR,2005,Rabi,Dry chillies,26,42,1.615384615
Karnataka,TUMKUR,2005,Rabi,Gram,594,324,0.545454545
Karnataka,TUMKUR,2005,Rabi,Groundnut,5715,7384,1.292038495
Karnataka,TUMKUR,2005,Rabi,Horse-gram,2171,1029,0.473975127
Karnataka,TUMKUR,2005,Rabi,Jowar,47,36,0.765957447
Karnataka,TUMKUR,2005,Rabi,Linseed,33,11,0.333333333
Karnataka,TUMKUR,2005,Rabi,Maize,84,300,3.571428571
Karnataka,TUMKUR,2005,Rabi,Moong(Green Gram),5,1,0.2
Karnataka,TUMKUR,2005,Rabi,Onion,4,41,10.25
Karnataka,TUMKUR,2005,Rabi,Other  Rabi pulses,209,25,0.119617225
Karnataka,TUMKUR,2005,Rabi,Peas & beans (Pulses),26,183,7.038461538
Karnataka,TUMKUR,2005,Rabi,Potato,1,18,18
Karnataka,TUMKUR,2005,Rabi,Ragi,162,443,2.734567901
Karnataka,TUMKUR,2005,Rabi,Rapeseed &Mustard,898,236,0.262806236
Karnataka,TUMKUR,2005,Rabi,Rice,422,934,2.213270142
Karnataka,TUMKUR,2005,Rabi,Safflower,15,11,0.733333333
Karnataka,TUMKUR,2005,Rabi,Sunflower,345,321,0.930434783
Karnataka,TUMKUR,2005,Summer,Dry chillies,29,77,2.655172414
Karnataka,TUMKUR,2005,Summer,Maize,240,742,3.091666667
Karnataka,TUMKUR,2005,Summer,Onion,45,770,17.11111111
Karnataka,TUMKUR,2005,Summer,Peas & beans (Pulses),53,268,5.056603774
Karnataka,TUMKUR,2005,Summer,Potato,11,164,14.90909091
Karnataka,TUMKUR,2005,Summer,Ragi,729,1592,2.183813443
Karnataka,TUMKUR,2005,Summer,Rice,11205,35851,3.199553771
Karnataka,TUMKUR,2005,Summer,Sunflower,1692,2358,1.393617021
Karnataka,TUMKUR,2005,Whole Year,Arecanut,19044,107710,5.655849611
Karnataka,TUMKUR,2005,Whole Year,Banana,3064,26890,8.776109661
Karnataka,TUMKUR,2005,Whole Year,Black pepper,12,27,2.25
Karnataka,TUMKUR,2005,Whole Year,Coconut,122690,605494,4.935153639
Karnataka,TUMKUR,2005,Whole Year,Coriander,8,1,0.125
Karnataka,TUMKUR,2005,Whole Year,Cotton(lint),812,1609,1.981527094
Karnataka,TUMKUR,2005,Whole Year,Dry ginger,2,27,13.5
Karnataka,TUMKUR,2005,Whole Year,Garlic,1,1,1
Karnataka,TUMKUR,2005,Whole Year,Sugarcane,267,23589,88.34831461
Karnataka,TUMKUR,2005,Whole Year,Sweet potato,60,380,6.333333333
Karnataka,TUMKUR,2005,Whole Year,Tapioca,15,99,6.6
Karnataka,TUMKUR,2005,Whole Year,Tobacco,54,34,0.62962963
Karnataka,TUMKUR,2005,Whole Year,Turmeric,2,11,5.5
Karnataka,TUMKUR,2006,Kharif,Arhar/Tur,9257,3579,0.386626337
Karnataka,TUMKUR,2006,Kharif,Bajra,113,51,0.451327434
Karnataka,TUMKUR,2006,Kharif,Castor seed,2622,1637,0.624332571
Karnataka,TUMKUR,2006,Kharif,Gram,603,82,0.135986733
Karnataka,TUMKUR,2006,Kharif,Groundnut,95256,21263,0.223219535
Karnataka,TUMKUR,2006,Kharif,Horse-gram,27453,10119,0.368593596
Karnataka,TUMKUR,2006,Kharif,Jowar,1973,1372,0.695387734
Karnataka,TUMKUR,2006,Kharif,Maize,12823,21857,1.704515324
Karnataka,TUMKUR,2006,Kharif,Moong(Green Gram),4752,1725,0.363005051
Karnataka,TUMKUR,2006,Kharif,Niger seed,1039,301,0.289701636
Karnataka,TUMKUR,2006,Kharif,Other Kharif pulses,10613,6288,0.59248092
Karnataka,TUMKUR,2006,Kharif,Ragi,115688,76930,0.664978217
Karnataka,TUMKUR,2006,Kharif,Rapeseed &Mustard,529,139,0.262759924
Karnataka,TUMKUR,2006,Kharif,Rice,23853,56459,2.366955938
Karnataka,TUMKUR,2006,Kharif,Sesamum,659,388,0.588770865
Karnataka,TUMKUR,2006,Kharif,Small millets,2992,1082,0.361631016
Karnataka,TUMKUR,2006,Kharif,Soyabean,5,4,0.8
Karnataka,TUMKUR,2006,Kharif,Sunflower,12184,7583,0.622373605
Karnataka,TUMKUR,2006,Kharif,Urad,603,82,0.135986733
Karnataka,TUMKUR,2006,Rabi,Gram,934,386,0.413276231
Karnataka,TUMKUR,2006,Rabi,Groundnut,3642,3463,0.950851181
Karnataka,TUMKUR,2006,Rabi,Horse-gram,11369,3510,0.308734277
Karnataka,TUMKUR,2006,Rabi,Jowar,1543,931,0.603370058
Karnataka,TUMKUR,2006,Rabi,Maize,837,2637,3.150537634
Karnataka,TUMKUR,2006,Rabi,Moong(Green Gram),28,8,0.285714286
Karnataka,TUMKUR,2006,Rabi,Other  Rabi pulses,173,40,0.231213873
Karnataka,TUMKUR,2006,Rabi,Ragi,491,809,1.647657841
Karnataka,TUMKUR,2006,Rabi,Rice,140,322,2.3
Karnataka,TUMKUR,2006,Rabi,Safflower,14,10,0.714285714
Karnataka,TUMKUR,2006,Rabi,Sunflower,586,478,0.815699659
Karnataka,TUMKUR,2006,Summer,Maize,345,1106,3.205797101
Karnataka,TUMKUR,2006,Summer,Ragi,854,1815,2.12529274
Karnataka,TUMKUR,2006,Summer,Rice,5023,18023,3.588094764
Karnataka,TUMKUR,2006,Summer,Sunflower,1498,1460,0.974632844
Karnataka,TUMKUR,2006,Whole Year,Arecanut,19584,24022,1.226613562
Karnataka,TUMKUR,2006,Whole Year,Banana,2945,23357,7.93106961
Karnataka,TUMKUR,2006,Whole Year,Black pepper,7,16,2.285714286
Karnataka,TUMKUR,2006,Whole Year,Coconut,125511,619416,4.935153094
Karnataka,TUMKUR,2006,Whole Year,Coriander,2,,
Karnataka,TUMKUR,2006,Whole Year,Cotton(lint),926,1761,1.901727862
Karnataka,TUMKUR,2006,Whole Year,Dry chillies,2663,2895,1.08711979
Karnataka,TUMKUR,2006,Whole Year,Dry ginger,2,27,13.5
Karnataka,TUMKUR,2006,Whole Year,Garlic,1,1,1
Karnataka,TUMKUR,2006,Whole Year,Onion,177,1006,5.683615819
Karnataka,TUMKUR,2006,Whole Year,Potato,28,609,21.75
Karnataka,TUMKUR,2006,Whole Year,Sannhamp,2,,
Karnataka,TUMKUR,2006,Whole Year,Sugarcane,1560,136344,87.4
Karnataka,TUMKUR,2006,Whole Year,Sweet potato,30,190,6.333333333
Karnataka,TUMKUR,2006,Whole Year,Tapioca,11,72,6.545454545
Karnataka,TUMKUR,2006,Whole Year,Tobacco,77,34,0.441558442
Karnataka,TUMKUR,2006,Whole Year,Turmeric,2,10,5
Karnataka,TUMKUR,2007,Kharif,Arhar/Tur,13744,11386,0.828434226
Karnataka,TUMKUR,2007,Kharif,Bajra,193,135,0.699481865
Karnataka,TUMKUR,2007,Kharif,Castor seed,4574,2955,0.646042851
Karnataka,TUMKUR,2007,Kharif,Dry chillies,2528,3475,1.37460443
Karnataka,TUMKUR,2007,Kharif,Groundnut,153431,131100,0.854455749
Karnataka,TUMKUR,2007,Kharif,Horse-gram,20456,12904,0.630817364
Karnataka,TUMKUR,2007,Kharif,Jowar,2170,2471,1.138709677
Karnataka,TUMKUR,2007,Kharif,Maize,20634,58445,2.832460987
Karnataka,TUMKUR,2007,Kharif,Moong(Green Gram),8765,2681,0.305875642
Karnataka,TUMKUR,2007,Kharif,Niger seed,1362,512,0.375917768
Karnataka,TUMKUR,2007,Kharif,Onion,405,2414,5.960493827
Karnataka,TUMKUR,2007,Kharif,Other Kharif pulses,14901,17394,1.167304208
Karnataka,TUMKUR,2007,Kharif,Potato,8,26,3.25
Karnataka,TUMKUR,2007,Kharif,Ragi,195661,306575,1.566868206
Karnataka,TUMKUR,2007,Kharif,Rapeseed &Mustard,916,255,0.278384279
Karnataka,TUMKUR,2007,Kharif,Rice,18728,54575,2.914085861
Karnataka,TUMKUR,2007,Kharif,Sesamum,631,352,0.557844691
Karnataka,TUMKUR,2007,Kharif,Small millets,2668,960,0.35982009
Karnataka,TUMKUR,2007,Kharif,Soyabean,44,36,0.818181818
Karnataka,TUMKUR,2007,Kharif,Sunflower,13649,7893,0.578284123
Karnataka,TUMKUR,2007,Kharif,Urad,593,256,0.431703204
Karnataka,TUMKUR,2007,Rabi,Dry chillies,63,110,1.746031746
Karnataka,TUMKUR,2007,Rabi,Gram,895,511,0.570949721
Karnataka,TUMKUR,2007,Rabi,Groundnut,5652,4317,0.763800425
Karnataka,TUMKUR,2007,Rabi,Horse-gram,4072,1733,0.425589391
Karnataka,TUMKUR,2007,Rabi,Jowar,95,158,1.663157895
Karnataka,TUMKUR,2007,Rabi,Maize,81,159,1.962962963
Karnataka,TUMKUR,2007,Rabi,Onion,25,210,8.4
Karnataka,TUMKUR,2007,Rabi,Other  Rabi pulses,272,83,0.305147059
Karnataka,TUMKUR,2007,Rabi,Ragi,430,861,2.002325581
Karnataka,TUMKUR,2007,Rabi,Rice,1525,3315,2.173770492
Karnataka,TUMKUR,2007,Rabi,Sunflower,155,135,0.870967742
Karnataka,TUMKUR,2007,Summer,Dry chillies,20,68,3.4
Karnataka,TUMKUR,2007,Summer,Maize,340,1098,3.229411765
Karnataka,TUMKUR,2007,Summer,Onion,28,237,8.464285714
Karnataka,TUMKUR,2007,Summer,Potato,15,224,14.93333333
Karnataka,TUMKUR,2007,Summer,Ragi,1115,2317,2.078026906
Karnataka,TUMKUR,2007,Summer,Rice,9619,27506,2.85954881
Karnataka,TUMKUR,2007,Summer,Sunflower,958,1104,1.152400835
Karnataka,TUMKUR,2007,Whole Year,Arecanut,19937,112761,5.655865978
Karnataka,TUMKUR,2007,Whole Year,Banana,3815,44285,11.60812582
Karnataka,TUMKUR,2007,Whole Year,Black pepper,12,37,3.083333333
Karnataka,TUMKUR,2007,Whole Year,Coconut,124110,683765,5.509346547
Karnataka,TUMKUR,2007,Whole Year,Coriander,16,6,0.375
Karnataka,TUMKUR,2007,Whole Year,Cotton(lint),1046,2848,2.722753346
Karnataka,TUMKUR,2007,Whole Year,Dry ginger,10,205,20.5
Karnataka,TUMKUR,2007,Whole Year,Garlic,1,1,1
Karnataka,TUMKUR,2007,Whole Year,Sugarcane,2003,169354,84.55017474
Karnataka,TUMKUR,2007,Whole Year,Sweet potato,31,197,6.35483871
Karnataka,TUMKUR,2007,Whole Year,Tapioca,3,20,6.666666667
Karnataka,TUMKUR,2007,Whole Year,Tobacco,40,17,0.425
Karnataka,TUMKUR,2007,Whole Year,Turmeric,2,16,8
Karnataka,TUMKUR,2008,Kharif,Arhar/Tur,19497,13558,0.695389034
Karnataka,TUMKUR,2008,Kharif,Bajra,143,70,0.48951049
Karnataka,TUMKUR,2008,Kharif,Castor seed,4174,4029,0.96526114
Karnataka,TUMKUR,2008,Kharif,Dry chillies,3359,2349,0.699315272
Karnataka,TUMKUR,2008,Kharif,Groundnut,152340,41434,0.271983721
Karnataka,TUMKUR,2008,Kharif,Horse-gram,22010,11584,0.526306224
Karnataka,TUMKUR,2008,Kharif,Jowar,2278,3174,1.39332748
Karnataka,TUMKUR,2008,Kharif,Maize,19414,37071,1.9094983
Karnataka,TUMKUR,2008,Kharif,Moong(Green Gram),4399,844,0.191861787
Karnataka,TUMKUR,2008,Kharif,Niger seed,1912,655,0.342573222
Karnataka,TUMKUR,2008,Kharif,Onion,385,3088,8.020779221
Karnataka,TUMKUR,2008,Kharif,Other Kharif pulses,19573,21733,1.110356103
Karnataka,TUMKUR,2008,Kharif,Potato,9,17,1.888888889
Karnataka,TUMKUR,2008,Kharif,Ragi,196385,207853,1.058395499
Karnataka,TUMKUR,2008,Kharif,Rice,24342,61512.23,2.526999836
Karnataka,TUMKUR,2008,Kharif,Sesamum,517,264,0.510638298
Karnataka,TUMKUR,2008,Kharif,Soyabean,17,12,0.705882353
Karnataka,TUMKUR,2008,Kharif,Sunflower,10362,8508,0.821077012
Karnataka,TUMKUR,2008,Kharif,Urad,413,110,0.266343826
Karnataka,TUMKUR,2008,Rabi,Dry chillies,52,88,1.692307692
Karnataka,TUMKUR,2008,Rabi,Gram,1005,515,0.512437811
Karnataka,TUMKUR,2008,Rabi,Groundnut,4302,4737,1.10111576
Karnataka,TUMKUR,2008,Rabi,Horse-gram,2893,989,0.341859661
Karnataka,TUMKUR,2008,Rabi,Jowar,82,88,1.073170732
Karnataka,TUMKUR,2008,Rabi,Maize,71,91,1.281690141
Karnataka,TUMKUR,2008,Rabi,Moong(Green Gram),6,2,0.333333333
Karnataka,TUMKUR,2008,Rabi,Onion,15,100,6.666666667
Karnataka,TUMKUR,2008,Rabi,Other  Rabi pulses,196,68,0.346938776
Karnataka,TUMKUR,2008,Rabi,Potato,7,101,14.42857143
Karnataka,TUMKUR,2008,Rabi,Ragi,177,361,2.039548023
Karnataka,TUMKUR,2008,Rabi,Rapeseed &Mustard,1075,299,0.278139535
Karnataka,TUMKUR,2008,Rabi,Rice,1531,4253,2.777922926
Karnataka,TUMKUR,2008,Rabi,Sunflower,210,162,0.771428571
Karnataka,TUMKUR,2008,Summer,Dry chillies,49,161,3.285714286
Karnataka,TUMKUR,2008,Summer,Maize,739,2325,3.146143437
Karnataka,TUMKUR,2008,Summer,Onion,17,93,5.470588235
Karnataka,TUMKUR,2008,Summer,Potato,12,179,14.91666667
Karnataka,TUMKUR,2008,Summer,Ragi,1941,3861,1.989180835
Karnataka,TUMKUR,2008,Summer,Rice,13943,41168,2.952592699
Karnataka,TUMKUR,2008,Summer,Sunflower,1081,1108,1.024976873
Karnataka,TUMKUR,2008,Whole Year,Arecanut,22058,124757,5.655861819
Karnataka,TUMKUR,2008,Whole Year,Banana,4903,41298,8.423006323
Karnataka,TUMKUR,2008,Whole Year,Black pepper,7,30,4.285714286
Karnataka,TUMKUR,2008,Whole Year,Cashewnut,130,79.92,0.614769231
Karnataka,TUMKUR,2008,Whole Year,Coconut,132587,994566,7.501233153
Karnataka,TUMKUR,2008,Whole Year,Coriander,28,15,0.535714286
Karnataka,TUMKUR,2008,Whole Year,Cotton(lint),668,2529,3.785928144
Karnataka,TUMKUR,2008,Whole Year,Dry ginger,1,32,32
Karnataka,TUMKUR,2008,Whole Year,Garlic,1,2,2
Karnataka,TUMKUR,2008,Whole Year,Sugarcane,2063,178346,86.44983034
Karnataka,TUMKUR,2008,Whole Year,Sweet potato,16,162,10.125
Karnataka,TUMKUR,2008,Whole Year,Tapioca,6,58,9.666666667
Karnataka,TUMKUR,2008,Whole Year,Tobacco,19,10,0.526315789
Karnataka,TUMKUR,2008,Whole Year,Turmeric,1,5,5
Karnataka,TUMKUR,2009,Kharif,Arhar/Tur,12229,7098,0.580423583
Karnataka,TUMKUR,2009,Kharif,Bajra,136,42,0.308823529
Karnataka,TUMKUR,2009,Kharif,Castor seed,3486,2629,0.754159495
Karnataka,TUMKUR,2009,Kharif,Gram,22435,11168,0.497793626
Karnataka,TUMKUR,2009,Kharif,Groundnut,94748,31215,0.329452864
Karnataka,TUMKUR,2009,Kharif,Horse-gram,22435,11168,0.497793626
Karnataka,TUMKUR,2009,Kharif,Jowar,6767,5298,0.782917098
Karnataka,TUMKUR,2009,Kharif,Maize,18999,36836,1.938838886
Karnataka,TUMKUR,2009,Kharif,Moong(Green Gram),7218,2119,0.293571626
Karnataka,TUMKUR,2009,Kharif,Niger seed,1543,504,0.326636423
Karnataka,TUMKUR,2009,Kharif,Onion,216,1576,7.296296296
Karnataka,TUMKUR,2009,Kharif,Other Kharif pulses,13376,12286,0.918510766
Karnataka,TUMKUR,2009,Kharif,Potato,12,74,6.166666667
Karnataka,TUMKUR,2009,Kharif,Ragi,177795,248170,1.39582103
Karnataka,TUMKUR,2009,Kharif,Rice,26158,65355.76,2.498499885
Karnataka,TUMKUR,2009,Kharif,Sesamum,794,323,0.406801008
Karnataka,TUMKUR,2009,Kharif,Small millets,2880,2026,0.703472222
Karnataka,TUMKUR,2009,Kharif,Soyabean,5,2,0.4
Karnataka,TUMKUR,2009,Kharif,Sunflower,7797,5139,0.659099654
Karnataka,TUMKUR,2009,Kharif,Urad,664,56,0.084337349
Karnataka,TUMKUR,2009,Rabi,Dry chillies,40,119,2.975
Karnataka,TUMKUR,2009,Rabi,Gram,7872,2767,0.351498984
Karnataka,TUMKUR,2009,Rabi,Groundnut,5025,4917,0.978507463
Karnataka,TUMKUR,2009,Rabi,Horse-gram,7872,2767,0.351498984
Karnataka,TUMKUR,2009,Rabi,Jowar,597,638,1.068676717
Karnataka,TUMKUR,2009,Rabi,Maize,919,1600,1.741022851
Karnataka,TUMKUR,2009,Rabi,Moong(Green Gram),2,1,0.5
Karnataka,TUMKUR,2009,Rabi,Onion,33,195,5.909090909
Karnataka,TUMKUR,2009,Rabi,Other  Rabi pulses,193,57,0.295336788
Karnataka,TUMKUR,2009,Rabi,Potato,4,59,14.75
Karnataka,TUMKUR,2009,Rabi,Ragi,759,1290,1.699604743
Karnataka,TUMKUR,2009,Rabi,Rapeseed &Mustard,789,241,0.305449937
Karnataka,TUMKUR,2009,Rabi,Rice,718,1764,2.456824513
Karnataka,TUMKUR,2009,Rabi,Sunflower,128,81,0.6328125
Karnataka,TUMKUR,2009,Summer,Dry chillies,27,124,4.592592593
Karnataka,TUMKUR,2009,Summer,Jowar,3,4,1.333333333
Karnataka,TUMKUR,2009,Summer,Maize,388,912,2.350515464
Karnataka,TUMKUR,2009,Summer,Onion,46,351,7.630434783
Karnataka,TUMKUR,2009,Summer,Potato,25,373,14.92
Karnataka,TUMKUR,2009,Summer,Ragi,1613,3028,1.877247365
Karnataka,TUMKUR,2009,Summer,Rice,9459,25925,2.740775981
Karnataka,TUMKUR,2009,Summer,Sunflower,217,288,1.32718894
Karnataka,TUMKUR,2009,Whole Year,Arecanut,25045,141651,5.655859453
Karnataka,TUMKUR,2009,Whole Year,Banana,5512,105748,19.1850508
Karnataka,TUMKUR,2009,Whole Year,Black pepper,16,59,3.6875
Karnataka,TUMKUR,2009,Whole Year,Cashewnut,159,121,0.761006289
Karnataka,TUMKUR,2009,Whole Year,Coconut,138660,985898,7.110183182
Karnataka,TUMKUR,2009,Whole Year,Coriander,4,2,0.5
Karnataka,TUMKUR,2009,Whole Year,Cotton(lint),852,2114,2.481220657
Karnataka,TUMKUR,2009,Whole Year,Dry ginger,1,31,31
Karnataka,TUMKUR,2009,Whole Year,Garlic,1,1,1
Karnataka,TUMKUR,2009,Whole Year,Sugarcane,1683,188664,112.0998217
Karnataka,TUMKUR,2009,Whole Year,Sweet potato,28,184,6.571428571
Karnataka,TUMKUR,2009,Whole Year,Tapioca,14,130,9.285714286
Karnataka,TUMKUR,2009,Whole Year,Tobacco,5,4,0.8
Karnataka,TUMKUR,2010,Kharif,Arhar/Tur,19151,5604,0.292621795
Karnataka,TUMKUR,2010,Kharif,Bajra,197,108,0.54822335
Karnataka,TUMKUR,2010,Kharif,Castor seed,3259,2031,0.6231973
Karnataka,TUMKUR,2010,Kharif,Cotton(lint),867,2659,3.066897347
Karnataka,TUMKUR,2010,Kharif,Cowpea(Lobia),5112,2972,0.581377152
Karnataka,TUMKUR,2010,Kharif,Dry chillies,2622,3652,1.392829901
Karnataka,TUMKUR,2010,Kharif,Groundnut,132244,64549,0.48810532
Karnataka,TUMKUR,2010,Kharif,Horse-gram,18271,10779,0.589951289
Karnataka,TUMKUR,2010,Kharif,Jowar,434,329,0.758064516
Karnataka,TUMKUR,2010,Kharif,Maize,20840,55194,2.648464491
Karnataka,TUMKUR,2010,Kharif,Moong(Green Gram),9825,3332,0.33913486
Karnataka,TUMKUR,2010,Kharif,Niger seed,1245,308,0.247389558
Karnataka,TUMKUR,2010,Kharif,Onion,290,1811,6.244827586
Karnataka,TUMKUR,2010,Kharif,Other Kharif pulses,9717,8613,0.886384687
Karnataka,TUMKUR,2010,Kharif,Peas & beans (Pulses),133,765,5.751879699
Karnataka,TUMKUR,2010,Kharif,Potato,16,122,7.625
Karnataka,TUMKUR,2010,Kharif,Ragi,178909,304510,1.702038466
Karnataka,TUMKUR,2010,Kharif,Rice,23766,66025,2.778128419
Karnataka,TUMKUR,2010,Kharif,Sesamum,800,453,0.56625
Karnataka,TUMKUR,2010,Kharif,Small millets,2851,1494,0.524026657
Karnataka,TUMKUR,2010,Kharif,Soyabean,15,13,0.866666667
Karnataka,TUMKUR,2010,Kharif,Sunflower,4029,3824,0.949118888
Karnataka,TUMKUR,2010,Kharif,Urad,616,224,0.363636364
Karnataka,TUMKUR,2010,Rabi,Cotton(lint),101,219,2.168316832
Karnataka,TUMKUR,2010,Rabi,Cowpea(Lobia),80,21,0.2625
Karnataka,TUMKUR,2010,Rabi,Dry chillies,28,76,2.714285714
Karnataka,TUMKUR,2010,Rabi,Gram,1032,633,0.613372093
Karnataka,TUMKUR,2010,Rabi,Groundnut,2775,3374,1.215855856
Karnataka,TUMKUR,2010,Rabi,Horse-gram,3446,1961,0.569065583
Karnataka,TUMKUR,2010,Rabi,Maize,518,1138,2.196911197
Karnataka,TUMKUR,2010,Rabi,Moong(Green Gram),7,2,0.285714286
Karnataka,TUMKUR,2010,Rabi,Onion,8,55,6.875
Karnataka,TUMKUR,2010,Rabi,Peas & beans (Pulses),64,454,7.09375
Karnataka,TUMKUR,2010,Rabi,Potato,6,70,11.66666667
Karnataka,TUMKUR,2010,Rabi,Ragi,417,828,1.985611511
Karnataka,TUMKUR,2010,Rabi,Rapeseed &Mustard,394,82,0.208121827
Karnataka,TUMKUR,2010,Rabi,Rice,461,1421,3.082429501
Karnataka,TUMKUR,2010,Rabi,Sunflower,95,82,0.863157895
Karnataka,TUMKUR,2010,Summer,Dry chillies,54,164,3.037037037
Karnataka,TUMKUR,2010,Summer,Maize,399,1062,2.661654135
Karnataka,TUMKUR,2010,Summer,Onion,48,511,10.64583333
Karnataka,TUMKUR,2010,Summer,Peas & beans (Pulses),42,360,8.571428571
Karnataka,TUMKUR,2010,Summer,Potato,1,15,15
Karnataka,TUMKUR,2010,Summer,Ragi,1517,2970,1.95781147
Karnataka,TUMKUR,2010,Summer,Rice,10349,31186,3.013431249
Karnataka,TUMKUR,2010,Summer,Sunflower,73,101,1.383561644
Karnataka,TUMKUR,2010,Whole Year,Arecanut,29014,259664,8.949610533
Karnataka,TUMKUR,2010,Whole Year,Banana,5145,102257,19.8750243
Karnataka,TUMKUR,2010,Whole Year,Black pepper,11,6.6,0.6
Karnataka,TUMKUR,2010,Whole Year,Cardamom,1,,
Karnataka,TUMKUR,2010,Whole Year,Cashewnut,164,120,0.731707317
Karnataka,TUMKUR,2010,Whole Year,Coconut,142248,1347700,9.474298408
Karnataka,TUMKUR,2010,Whole Year,Coriander,8,3,0.375
Karnataka,TUMKUR,2010,Whole Year,Dry ginger,3,10.9,3.633333333
Karnataka,TUMKUR,2010,Whole Year,Garlic,1,1,1
Karnataka,TUMKUR,2010,Whole Year,Sugarcane,1650,161452,97.84969697
Karnataka,TUMKUR,2010,Whole Year,Sweet potato,36,297,8.25
Karnataka,TUMKUR,2010,Whole Year,Tapioca,20,221,11.05
Karnataka,TUMKUR,2010,Whole Year,Tobacco,4,4,1
Karnataka,TUMKUR,2011,Kharif,Arhar/Tur,14476,4868,0.336280741
Karnataka,TUMKUR,2011,Kharif,Bajra,90,64,0.711111111
Karnataka,TUMKUR,2011,Kharif,Castor seed,4317,2735,0.633541811
Karnataka,TUMKUR,2011,Kharif,Cotton(lint),1428,4046,2.833333333
Karnataka,TUMKUR,2011,Kharif,Cowpea(Lobia),2923,2196,0.751282928
Karnataka,TUMKUR,2011,Kharif,Dry chillies,3068,3288,1.071707953
Karnataka,TUMKUR,2011,Kharif,Groundnut,87050,20326,0.23349799
Karnataka,TUMKUR,2011,Kharif,Horse-gram,17787,9615,0.540563333
Karnataka,TUMKUR,2011,Kharif,Jowar,195,160,0.820512821
Karnataka,TUMKUR,2011,Kharif,Maize,25130,57843,2.301750895
Karnataka,TUMKUR,2011,Kharif,Moong(Green Gram),9672,2490,0.257444169
Karnataka,TUMKUR,2011,Kharif,Niger seed,1100,267,0.242727273
Karnataka,TUMKUR,2011,Kharif,Onion,650,4166,6.409230769
Karnataka,TUMKUR,2011,Kharif,Other Kharif pulses,7385,6546,0.886391334
Karnataka,TUMKUR,2011,Kharif,Peas & beans (Pulses),85,358,4.211764706
Karnataka,TUMKUR,2011,Kharif,Potato,23,190,8.260869565
Karnataka,TUMKUR,2011,Kharif,Ragi,149946,226360,1.509610126
Karnataka,TUMKUR,2011,Kharif,Rice,22359,56895,2.544612908
Karnataka,TUMKUR,2011,Kharif,Sesamum,734,370,0.504087193
Karnataka,TUMKUR,2011,Kharif,Small millets,2550,815,0.319607843
Karnataka,TUMKUR,2011,Kharif,Soyabean,1,1,1
Karnataka,TUMKUR,2011,Kharif,Sunflower,2392,2160,0.903010033
Karnataka,TUMKUR,2011,Kharif,Urad,611,224,0.366612111
Karnataka,TUMKUR,2011,Rabi,Cotton(lint),20,38,1.9
Karnataka,TUMKUR,2011,Rabi,Cowpea(Lobia),92,32,0.347826087
Karnataka,TUMKUR,2011,Rabi,Dry chillies,16,38,2.375
Karnataka,TUMKUR,2011,Rabi,Gram,746,302,0.404825737
Karnataka,TUMKUR,2011,Rabi,Groundnut,1498,2177,1.453271028
Karnataka,TUMKUR,2011,Rabi,Horse-gram,3421,2025,0.591932184
Karnataka,TUMKUR,2011,Rabi,Maize,231,583,2.523809524
Karnataka,TUMKUR,2011,Rabi,Moong(Green Gram),49,16,0.326530612
Karnataka,TUMKUR,2011,Rabi,Onion,5,40,8
Karnataka,TUMKUR,2011,Rabi,Peas & beans (Pulses),41,193,4.707317073
Karnataka,TUMKUR,2011,Rabi,Potato,2,24,12
Karnataka,TUMKUR,2011,Rabi,Ragi,362,562,1.552486188
Karnataka,TUMKUR,2011,Rabi,Rapeseed &Mustard,561,115,0.204991087
Karnataka,TUMKUR,2011,Rabi,Rice,239,772,3.230125523
Karnataka,TUMKUR,2011,Rabi,Sunflower,57,43,0.754385965
Karnataka,TUMKUR,2011,Rabi,Urad,11,6,0.545454545
Karnataka,TUMKUR,2011,Summer,Dry chillies,7,25,3.571428571
Karnataka,TUMKUR,2011,Summer,Maize,533,1707,3.202626642
Karnataka,TUMKUR,2011,Summer,Onion,19,117,6.157894737
Karnataka,TUMKUR,2011,Summer,Peas & beans (Pulses),60,335,5.583333333
Karnataka,TUMKUR,2011,Summer,Potato,3,43,14.33333333
Karnataka,TUMKUR,2011,Summer,Ragi,1153,2368,2.053772767
Karnataka,TUMKUR,2011,Summer,Rice,5839,19498,3.339270423
Karnataka,TUMKUR,2011,Summer,Sunflower,53,68,1.283018868
Karnataka,TUMKUR,2011,Whole Year,Arecanut,29807,217923,7.311134968
Karnataka,TUMKUR,2011,Whole Year,Banana,4655,95339,20.48098818
Karnataka,TUMKUR,2011,Whole Year,Black pepper,1,0.3,0.3
Karnataka,TUMKUR,2011,Whole Year,Cashewnut,150,120,0.8
Karnataka,TUMKUR,2011,Whole Year,Coconut,143110,1351758,9.44558731
Karnataka,TUMKUR,2011,Whole Year,Coriander,58,24,0.413793103
Karnataka,TUMKUR,2011,Whole Year,Dry ginger,9,28.6,3.177777778
Karnataka,TUMKUR,2011,Whole Year,Sannhamp,10,2,0.2
Karnataka,TUMKUR,2011,Whole Year,Sugarcane,2066,178606,86.45014521
Karnataka,TUMKUR,2011,Whole Year,Sweet potato,18,262,14.55555556
Karnataka,TUMKUR,2011,Whole Year,Tapioca,19,201,10.57894737
Karnataka,TUMKUR,2011,Whole Year,Tobacco,2,2,1
Karnataka,TUMKUR,2011,Whole Year,Turmeric,2,10,5
Karnataka,TUMKUR,2012,Kharif,Arhar/Tur,10988,3100,0.282125956
Karnataka,TUMKUR,2012,Kharif,Bajra,90,94,1.044444444
Karnataka,TUMKUR,2012,Kharif,Castor seed,2764,1260,0.455861071
Karnataka,TUMKUR,2012,Kharif,Cotton(lint),1379,3167,2.296591733
Karnataka,TUMKUR,2012,Kharif,Cowpea(Lobia),3467,751,0.216613787
Karnataka,TUMKUR,2012,Kharif,Dry chillies,2384,1701,0.713506711
Karnataka,TUMKUR,2012,Kharif,Groundnut,82878,23699,0.285950433
Karnataka,TUMKUR,2012,Kharif,Horse-gram,19071,7754,0.406585916
Karnataka,TUMKUR,2012,Kharif,Maize,24792,56714,2.287592772
Karnataka,TUMKUR,2012,Kharif,Moong(Green Gram),10026,410,0.040893676
Karnataka,TUMKUR,2012,Kharif,Niger seed,1131,274,0.242263484
Karnataka,TUMKUR,2012,Kharif,Onion,400,3624,9.06
Karnataka,TUMKUR,2012,Kharif,Other Kharif pulses,8077,4596,0.569023152
Karnataka,TUMKUR,2012,Kharif,Potato,37,236,6.378378378
Karnataka,TUMKUR,2012,Kharif,Ragi,140555,149551,1.064003415
Karnataka,TUMKUR,2012,Kharif,Rapeseed &Mustard,232,48,0.206896552
Karnataka,TUMKUR,2012,Kharif,Rice,14298,36131,2.526996783
Karnataka,TUMKUR,2012,Kharif,Sesamum,448,145,0.323660714
Karnataka,TUMKUR,2012,Kharif,Small millets,2451,675,0.275397797
Karnataka,TUMKUR,2012,Kharif,Sunflower,1686,1493,0.885527877
Karnataka,TUMKUR,2012,Kharif,Urad,166,3,0.018072289
Karnataka,TUMKUR,2012,Rabi,Cowpea(Lobia),231,77,0.333333333
Karnataka,TUMKUR,2012,Rabi,Dry chillies,8,22,2.75
Karnataka,TUMKUR,2012,Rabi,Gram,283,182,0.643109541
Karnataka,TUMKUR,2012,Rabi,Groundnut,17,29,1.705882353
Karnataka,TUMKUR,2012,Rabi,Horse-gram,4526,1582,0.349536014
Karnataka,TUMKUR,2012,Rabi,Jowar,3262,3291,1.008890251
Karnataka,TUMKUR,2012,Rabi,Linseed,37,6,0.162162162
Karnataka,TUMKUR,2012,Rabi,Maize,162,687,4.240740741
Karnataka,TUMKUR,2012,Rabi,Other  Rabi pulses,7,3,0.428571429
Karnataka,TUMKUR,2012,Rabi,Potato,3,51,17
Karnataka,TUMKUR,2012,Rabi,Ragi,341,491,1.439882698
Karnataka,TUMKUR,2012,Rabi,Rice,147,387,2.632653061
Karnataka,TUMKUR,2012,Rabi,Sunflower,44,22,0.5
Karnataka,TUMKUR,2012,Summer,Cotton(lint),5,14,2.8
Karnataka,TUMKUR,2012,Summer,Dry chillies,2,6,3
Karnataka,TUMKUR,2012,Summer,Groundnut,1089,1302,1.195592287
Karnataka,TUMKUR,2012,Summer,Jowar,72,119,1.652777778
Karnataka,TUMKUR,2012,Summer,Maize,299,1083,3.622073579
Karnataka,TUMKUR,2012,Summer,Onion,5,28,5.6
Karnataka,TUMKUR,2012,Summer,Potato,2,44,22
Karnataka,TUMKUR,2012,Summer,Ragi,1103,1536,1.39256573
Karnataka,TUMKUR,2012,Summer,Rice,442,1201,2.71719457
Karnataka,TUMKUR,2012,Summer,Sunflower,50,70,1.4
Karnataka,TUMKUR,2012,Whole Year,Arecanut,30917,226039,7.311155675
Karnataka,TUMKUR,2012,Whole Year,Black pepper,1,3,3
Karnataka,TUMKUR,2012,Whole Year,Cashewnut,145,117,0.806896552
Karnataka,TUMKUR,2012,Whole Year,Coconut,147539,1393593,9.445590657
Karnataka,TUMKUR,2012,Whole Year,Coriander,42,17,0.404761905
Karnataka,TUMKUR,2012,Whole Year,Dry ginger,15,478,31.86666667
Karnataka,TUMKUR,2012,Whole Year,Sannhamp,5,1,0.2
Karnataka,TUMKUR,2012,Whole Year,Sugarcane,1747,147709,84.55008586
Karnataka,TUMKUR,2012,Whole Year,Sweet potato,33,512,15.51515152
Karnataka,TUMKUR,2012,Whole Year,Tapioca,11,116,10.54545455
Karnataka,TUMKUR,2012,Whole Year,Turmeric,8,38,4.75
Karnataka,TUMKUR,2013,Kharif,Arhar/Tur,10966,4240,0.386649644
Karnataka,TUMKUR,2013,Kharif,Bajra,92,109,1.184782609
Karnataka,TUMKUR,2013,Kharif,Castor seed,2265,1478,0.652538631
Karnataka,TUMKUR,2013,Kharif,Cotton(lint),753,1675,2.224435591
Karnataka,TUMKUR,2013,Kharif,Cowpea(Lobia),3558,1531,0.43029792
Karnataka,TUMKUR,2013,Kharif,Dry chillies,1969,2202,1.11833418
Karnataka,TUMKUR,2013,Kharif,Groundnut,71042,35230,0.495903832
Karnataka,TUMKUR,2013,Kharif,Horse-gram,17219,7885,0.457924386
Karnataka,TUMKUR,2013,Kharif,Jowar,1724,994,0.576566125
Karnataka,TUMKUR,2013,Kharif,Maize,25247,53678,2.126113994
Karnataka,TUMKUR,2013,Kharif,Moong(Green Gram),6143,607,0.098811656
Karnataka,TUMKUR,2013,Kharif,Niger seed,1048,153,0.145992366
Karnataka,TUMKUR,2013,Kharif,Onion,457,3466,7.584245077
Karnataka,TUMKUR,2013,Kharif,Other Kharif pulses,6073,3571,0.588012514
Karnataka,TUMKUR,2013,Kharif,Potato,15,99,6.6
Karnataka,TUMKUR,2013,Kharif,Ragi,153043,231462,1.512398476
Karnataka,TUMKUR,2013,Kharif,Rapeseed &Mustard,422,66,0.156398104
Karnataka,TUMKUR,2013,Kharif,Rice,11659,34225,2.935500472
Karnataka,TUMKUR,2013,Kharif,Sesamum,316,148,0.46835443
Karnataka,TUMKUR,2013,Kharif,Small millets,2301,903,0.39243807
Karnataka,TUMKUR,2013,Kharif,Sunflower,1241,818,0.65914585
Karnataka,TUMKUR,2013,Kharif,Urad,407,19,0.046683047
Karnataka,TUMKUR,2013,Rabi,Cotton(lint),2,4,2
Karnataka,TUMKUR,2013,Rabi,Cowpea(Lobia),54,23,0.425925926
Karnataka,TUMKUR,2013,Rabi,Dry chillies,14,27,1.928571429
Karnataka,TUMKUR,2013,Rabi,Gram,244,185,0.758196721
Karnataka,TUMKUR,2013,Rabi,Horse-gram,873,509,0.583046964
Karnataka,TUMKUR,2013,Rabi,Linseed,1,,
Karnataka,TUMKUR,2013,Rabi,Maize,71,121,1.704225352
Karnataka,TUMKUR,2013,Rabi,Moong(Green Gram),1,,
Karnataka,TUMKUR,2013,Rabi,Onion,23,162,7.043478261
Karnataka,TUMKUR,2013,Rabi,Potato,8,122,15.25
Karnataka,TUMKUR,2013,Rabi,Ragi,313,457,1.460063898
Karnataka,TUMKUR,2013,Rabi,Rice,109,274,2.513761468
Karnataka,TUMKUR,2013,Rabi,Safflower,26,21,0.807692308
Karnataka,TUMKUR,2013,Summer,Cotton(lint),7,25,3.571428571
Karnataka,TUMKUR,2013,Summer,Cowpea(Lobia),51,20,0.392156863
Karnataka,TUMKUR,2013,Summer,Dry chillies,40,106,2.65
Karnataka,TUMKUR,2013,Summer,Groundnut,830,1090,1.313253012
Karnataka,TUMKUR,2013,Summer,Jowar,57,93,1.631578947
Karnataka,TUMKUR,2013,Summer,Maize,150,487,3.246666667
Karnataka,TUMKUR,2013,Summer,Onion,116,911,7.853448276
Karnataka,TUMKUR,2013,Summer,Potato,1,14,14
Karnataka,TUMKUR,2013,Summer,Ragi,935,1837,1.964705882
Karnataka,TUMKUR,2013,Summer,Rice,1268,3994,3.149842271
Karnataka,TUMKUR,2013,Summer,Sunflower,3,3,1
Karnataka,TUMKUR,2013,Whole Year,Arecanut,29334,241183,8.221960865
Karnataka,TUMKUR,2013,Whole Year,Black pepper,1,2,2
Karnataka,TUMKUR,2013,Whole Year,Cashewnut,48,43,0.895833333
Karnataka,TUMKUR,2013,Whole Year,Coconut,145910,1139718,7.811102735
Karnataka,TUMKUR,2013,Whole Year,Dry ginger,8,221,27.625
Karnataka,TUMKUR,2013,Whole Year,Sugarcane,1556,122691,78.85025707
Karnataka,TUMKUR,2013,Whole Year,Sweet potato,4,59,14.75
Karnataka,TUMKUR,2013,Whole Year,Tapioca,20,175,8.75
Karnataka,TUMKUR,2014,Kharif,Arhar/Tur,10040,2337,0.232768924
Karnataka,TUMKUR,2014,Kharif,Bajra,337,358,1.06231454
Karnataka,TUMKUR,2014,Kharif,Castor seed,2977,1660,0.557608331
Karnataka,TUMKUR,2014,Kharif,Cotton(lint),1742,4507,2.587256028
Karnataka,TUMKUR,2014,Kharif,Cowpea(Lobia),2581,1530,0.592793491
Karnataka,TUMKUR,2014,Kharif,Dry chillies,2008,3262,1.624501992
Karnataka,TUMKUR,2014,Kharif,Groundnut,86127,42056,0.488302158
Karnataka,TUMKUR,2014,Kharif,Horse-gram,17649,8450,0.478780667
Karnataka,TUMKUR,2014,Kharif,Jowar,29,14,0.482758621
Karnataka,TUMKUR,2014,Kharif,Maize,27981,66721,2.384510918
Karnataka,TUMKUR,2014,Kharif,Moong(Green Gram),8624,729,0.08453154
Karnataka,TUMKUR,2014,Kharif,Niger seed,602,73,0.121262458
Karnataka,TUMKUR,2014,Kharif,Onion,625,2844,4.5504
Karnataka,TUMKUR,2014,Kharif,Other Kharif pulses,8611,4532,0.526303565
Karnataka,TUMKUR,2014,Kharif,Potato,51,314,6.156862745
Karnataka,TUMKUR,2014,Kharif,Ragi,170691,323016,1.89240206
Karnataka,TUMKUR,2014,Kharif,Rapeseed &Mustard,147,29,0.197278912
Karnataka,TUMKUR,2014,Kharif,Rice,7636,22713,2.97446307
Karnataka,TUMKUR,2014,Kharif,Sesamum,272,27,0.099264706
Karnataka,TUMKUR,2014,Kharif,Small millets,2764,1009,0.365050651
Karnataka,TUMKUR,2014,Kharif,Sunflower,1467,1045,0.712338105
Karnataka,TUMKUR,2014,Kharif,Urad,176,51,0.289772727
Karnataka,TUMKUR,2014,Rabi,Cotton(lint),2,3,1.5
Karnataka,TUMKUR,2014,Rabi,Cowpea(Lobia),95,35,0.368421053
Karnataka,TUMKUR,2014,Rabi,Dry chillies,15,28,1.866666667
Karnataka,TUMKUR,2014,Rabi,Gram,1892,1359,0.718287526
Karnataka,TUMKUR,2014,Rabi,Horse-gram,2956,570,0.192828146
Karnataka,TUMKUR,2014,Rabi,Jowar,1593,1728,1.084745763
Karnataka,TUMKUR,2014,Rabi,Linseed,31,10,0.322580645
Karnataka,TUMKUR,2014,Rabi,Maize,77,246,3.194805195
Karnataka,TUMKUR,2014,Rabi,Onion,15,99,6.6
Karnataka,TUMKUR,2014,Rabi,Other  Rabi pulses,2,2,1
Karnataka,TUMKUR,2014,Rabi,Potato,32,493,15.40625
Karnataka,TUMKUR,2014,Rabi,Ragi,233,378,1.622317597
Karnataka,TUMKUR,2014,Rabi,Rice,67,165,2.462686567
Karnataka,TUMKUR,2014,Summer,Cotton(lint),9,17,1.888888889
Karnataka,TUMKUR,2014,Summer,Cowpea(Lobia),19,7,0.368421053
Karnataka,TUMKUR,2014,Summer,Dry chillies,23,44,1.913043478
Karnataka,TUMKUR,2014,Summer,Groundnut,1884,2400,1.27388535
Karnataka,TUMKUR,2014,Summer,Jowar,452,955,2.112831858
Karnataka,TUMKUR,2014,Summer,Maize,146,476,3.260273973
Karnataka,TUMKUR,2014,Summer,Onion,15,74,4.933333333
Karnataka,TUMKUR,2014,Summer,Potato,8,110,13.75
Karnataka,TUMKUR,2014,Summer,Ragi,603,1075,1.782752902
Karnataka,TUMKUR,2014,Summer,Rice,1802,4054,2.249722531
Karnataka,TUMKUR,2014,Summer,Sunflower,7,6,0.857142857
Karnataka,TUMKUR,2014,Whole Year,Arecanut,32775,314901,9.607963387
Karnataka,TUMKUR,2014,Whole Year,Black pepper,31,182,5.870967742
Karnataka,TUMKUR,2014,Whole Year,Cashewnut,78,58,0.743589744
Karnataka,TUMKUR,2014,Whole Year,Coconut,149419,1283692,8.591223338
Karnataka,TUMKUR,2014,Whole Year,Coriander,3,1,0.333333333
Karnataka,TUMKUR,2014,Whole Year,Dry ginger,23,668,29.04347826
Karnataka,TUMKUR,2014,Whole Year,Garlic,6,7,1.166666667
Karnataka,TUMKUR,2014,Whole Year,Sugarcane,1670,174515,104.5
Karnataka,TUMKUR,2014,Whole Year,Sweet potato,27,458,16.96296296
Karnataka,TUMKUR,2014,Whole Year,Tobacco,38,27,0.710526316
Karnataka,TUMKUR,2014,Whole Year,Turmeric,1,6,6
Karnataka,UDUPI,1998,Kharif,Dry ginger,128,1507,11.7734375
Karnataka,UDUPI,1998,Kharif,Groundnut,13,12,0.923076923
Karnataka,UDUPI,1998,Kharif,Horse-gram,3246,1554,0.478743068
Karnataka,UDUPI,1998,Kharif,Moong(Green Gram),501,99,0.19760479
Karnataka,UDUPI,1998,Kharif,Rice,54300,94221,1.73519337
Karnataka,UDUPI,1998,Kharif,Sesamum,410,166,0.404878049
Karnataka,UDUPI,1998,Rabi,Groundnut,2943,5885,1.999660211
Karnataka,UDUPI,1998,Rabi,Horse-gram,157,102,0.649681529
Karnataka,UDUPI,1998,Rabi,Moong(Green Gram),873,391,0.447880871
Karnataka,UDUPI,1998,Rabi,Onion,6,62,10.33333333
Karnataka,UDUPI,1998,Rabi,Rice,13680,24573,1.79627193
Karnataka,UDUPI,1998,Summer,Rice,1618,3312,2.04697157
Karnataka,UDUPI,1998,Whole Year,Arecanut,3629,30376,8.370349959
Karnataka,UDUPI,1998,Whole Year,Black pepper,223,517,2.31838565
Karnataka,UDUPI,1998,Whole Year,Coconut,13003,55508,4.268861032
Karnataka,UDUPI,1998,Whole Year,Dry chillies,542,705,1.300738007
Karnataka,UDUPI,1998,Whole Year,Turmeric,157,458,2.917197452
Karnataka,UDUPI,1999,Kharif,Rice,53534,93170,1.740389285
Karnataka,UDUPI,1999,Rabi,Rice,14847,27686,1.864753822
Karnataka,UDUPI,1999,Summer,Rice,1511,3052,2.019854401
Karnataka,UDUPI,2000,Kharif,Dry ginger,133,1566,11.77443609
Karnataka,UDUPI,2000,Kharif,Groundnut,4,4,1
Karnataka,UDUPI,2000,Kharif,Rice,52574,106050,2.01715677
Karnataka,UDUPI,2000,Kharif,Sesamum,352,144,0.409090909
Karnataka,UDUPI,2000,Rabi,Groundnut,2688,3961,1.47358631
Karnataka,UDUPI,2000,Rabi,Horse-gram,3147,2783,0.884334287
Karnataka,UDUPI,2000,Rabi,Moong(Green Gram),1468,393,0.267711172
Karnataka,UDUPI,2000,Rabi,Other  Rabi pulses,800,85,0.10625
Karnataka,UDUPI,2000,Rabi,Rice,13283,27170,2.045471655
Karnataka,UDUPI,2000,Rabi,Urad,5974,2089,0.349681955
Karnataka,UDUPI,2000,Summer,Rice,1279,2570,2.00938233
Karnataka,UDUPI,2000,Whole Year,Arecanut,4012,7157,1.783898305
Karnataka,UDUPI,2000,Whole Year,Banana,1091,20308,18.61411549
Karnataka,UDUPI,2000,Whole Year,Black pepper,243,563,2.316872428
Karnataka,UDUPI,2000,Whole Year,Coconut,13736,58637,4.268855562
Karnataka,UDUPI,2000,Whole Year,Dry chillies,532,571,1.073308271
Karnataka,UDUPI,2000,Whole Year,Onion,7,41,5.857142857
Karnataka,UDUPI,2000,Whole Year,Sugarcane,1374,127919,93.09970888
Karnataka,UDUPI,2000,Whole Year,Sweet potato,589,3647,6.191850594
Karnataka,UDUPI,2000,Whole Year,Tapioca,73,573,7.849315068
Karnataka,UDUPI,2000,Whole Year,Turmeric,108,339,3.138888889
Karnataka,UDUPI,2001,Kharif,Dry ginger,127,1495,11.77165354
Karnataka,UDUPI,2001,Kharif,Groundnut,2313,4247,1.836143537
Karnataka,UDUPI,2001,Kharif,Rice,52119,114744,2.20157716
Karnataka,UDUPI,2001,Kharif,Sesamum,257,95,0.369649805
Karnataka,UDUPI,2001,Rabi,Horse-gram,2578,1533,0.594647013
Karnataka,UDUPI,2001,Rabi,Moong(Green Gram),568,167,0.294014085
Karnataka,UDUPI,2001,Rabi,Other  Rabi pulses,743,79,0.106325707
Karnataka,UDUPI,2001,Rabi,Rice,12885,23456,1.820411331
Karnataka,UDUPI,2001,Rabi,Urad,6631,2810,0.423767154
Karnataka,UDUPI,2001,Summer,Rice,725,1402,1.933793103
Karnataka,UDUPI,2001,Whole Year,Arecanut,4877,8700,1.783883535
Karnataka,UDUPI,2001,Whole Year,Black pepper,258,598,2.317829457
Karnataka,UDUPI,2001,Whole Year,Coconut,14003,59777,4.268870956
Karnataka,UDUPI,2001,Whole Year,Dry chillies,484,457,0.944214876
Karnataka,UDUPI,2001,Whole Year,Onion,6,86,14.33333333
Karnataka,UDUPI,2001,Whole Year,Sugarcane,933,75340,80.75026795
Karnataka,UDUPI,2001,Whole Year,Turmeric,70,320,4.571428571
Karnataka,UDUPI,2002,Kharif,Dry ginger,109,1283,11.7706422
Karnataka,UDUPI,2002,Kharif,Rice,51179,107809,2.106508529
Karnataka,UDUPI,2002,Kharif,Sesamum,177,70,0.395480226
Karnataka,UDUPI,2002,Rabi,Groundnut,2188,3290,1.503656307
Karnataka,UDUPI,2002,Rabi,Horse-gram,1591,1647,1.035197989
Karnataka,UDUPI,2002,Rabi,Moong(Green Gram),407,71,0.174447174
Karnataka,UDUPI,2002,Rabi,Rice,11841,23960,2.023477747
Karnataka,UDUPI,2002,Rabi,Urad,6705,841,0.125428784
Karnataka,UDUPI,2002,Summer,Rice,468,1132,2.418803419
Karnataka,UDUPI,2002,Whole Year,Arcanut (Processed),4930,8795,1.783975659
Karnataka,UDUPI,2002,Whole Year,Atcanut (Raw),4930,41266,8.370385396
Karnataka,UDUPI,2002,Whole Year,Banana,1086,17924,16.50460405
Karnataka,UDUPI,2002,Whole Year,Black pepper,259,600,2.316602317
Karnataka,UDUPI,2002,Whole Year,Brinjal,163,2365,14.50920245
Karnataka,UDUPI,2002,Whole Year,Cashewnut Processed,18778,2863,0.152465651
Karnataka,UDUPI,2002,Whole Year,Cashewnut Raw,18778,11414,0.60783896
Karnataka,UDUPI,2002,Whole Year,Citrus Fruit,71,1232,17.35211268
Karnataka,UDUPI,2002,Whole Year,Coconut,14179,60528,4.268848297
Karnataka,UDUPI,2002,Whole Year,Dry chillies,443,599,1.35214447
Karnataka,UDUPI,2002,Whole Year,Mango,1670,4648,2.783233533
Karnataka,UDUPI,2002,Whole Year,Onion,5,66,13.2
Karnataka,UDUPI,2002,Whole Year,Other Fresh Fruits,682,2521,3.696480938
Karnataka,UDUPI,2002,Whole Year,Papaya,64,124,1.9375
Karnataka,UDUPI,2002,Whole Year,Pome Fruit,15,92,6.133333333
Karnataka,UDUPI,2002,Whole Year,Sugarcane,345,29170,84.55072464
Karnataka,UDUPI,2002,Whole Year,Sweet potato,554,3430,6.19133574
Karnataka,UDUPI,2002,Whole Year,Tapioca,69,542,7.855072464
Karnataka,UDUPI,2002,Whole Year,Turmeric,103,392,3.805825243
Karnataka,UDUPI,2003,Kharif,Dry ginger,109,1283,11.7706422
Karnataka,UDUPI,2003,Kharif,Rice,50975,126487,2.481353605
Karnataka,UDUPI,2003,Kharif,Sesamum,105,46,0.438095238
Karnataka,UDUPI,2003,Rabi,Groundnut,1998,3138,1.570570571
Karnataka,UDUPI,2003,Rabi,Horse-gram,1298,975,0.751155624
Karnataka,UDUPI,2003,Rabi,Moong(Green Gram),177,52,0.293785311
Karnataka,UDUPI,2003,Rabi,Other  Rabi pulses,406,43,0.10591133
Karnataka,UDUPI,2003,Rabi,Rice,10922,30362,2.779893792
Karnataka,UDUPI,2003,Rabi,Urad,5876,3550,0.604152485
Karnataka,UDUPI,2003,Summer,Rice,206,804,3.902912621
Karnataka,UDUPI,2003,Whole Year,Arecanut,4954,8838,1.784012919
Karnataka,UDUPI,2003,Whole Year,Banana,2350,5866,2.496170213
Karnataka,UDUPI,2003,Whole Year,Black pepper,260,602,2.315384615
Karnataka,UDUPI,2003,Whole Year,Brinjal,296,4199,14.18581081
Karnataka,UDUPI,2003,Whole Year,Citrus Fruit,70,1107,15.81428571
Karnataka,UDUPI,2003,Whole Year,Coconut,14319,61126,4.268873525
Karnataka,UDUPI,2003,Whole Year,Dry chillies,498,831,1.668674699
Karnataka,UDUPI,2003,Whole Year,Mango,1165,2184,1.874678112
Karnataka,UDUPI,2003,Whole Year,Onion,4,42,10.5
Karnataka,UDUPI,2003,Whole Year,Other Fresh Fruits,447,617,1.380313199
Karnataka,UDUPI,2003,Whole Year,Pome Fruit,11,61,5.545454545
Karnataka,UDUPI,2003,Whole Year,Sugarcane,29,1901,65.55172414
Karnataka,UDUPI,2003,Whole Year,Sweet potato,499,3090,6.19238477
Karnataka,UDUPI,2003,Whole Year,Tapioca,67,526,7.850746269
Karnataka,UDUPI,2003,Whole Year,Turmeric,83,279,3.361445783
Karnataka,UDUPI,2004,Kharif,Dry ginger,105,1236,11.77142857
Karnataka,UDUPI,2004,Kharif,Horse-gram,928,483,0.520474138
Karnataka,UDUPI,2004,Kharif,Moong(Green Gram),44,7,0.159090909
Karnataka,UDUPI,2004,Kharif,Other Kharif pulses,259,103,0.397683398
Karnataka,UDUPI,2004,Kharif,Rice,51390,124492.27,2.422499903
Karnataka,UDUPI,2004,Kharif,Sesamum,89,48,0.539325843
Karnataka,UDUPI,2004,Kharif,Urad,5944,683,0.114905787
Karnataka,UDUPI,2004,Rabi,Groundnut,2006,3423,1.706380857
Karnataka,UDUPI,2004,Rabi,Horse-gram,4,2,0.5
Karnataka,UDUPI,2004,Rabi,Moong(Green Gram),51,12,0.235294118
Karnataka,UDUPI,2004,Rabi,Other  Rabi pulses,128,14,0.109375
Karnataka,UDUPI,2004,Rabi,Rice,10723,34153,3.185022848
Karnataka,UDUPI,2004,Rabi,Urad,326,109,0.334355828
Karnataka,UDUPI,2004,Summer,Rice,177,792,4.474576271
Karnataka,UDUPI,2004,Whole Year,Arecanut,5019,8954,1.784020721
Karnataka,UDUPI,2004,Whole Year,Banana,1025,922,0.899512195
Karnataka,UDUPI,2004,Whole Year,Black pepper,271,628,2.317343173
Karnataka,UDUPI,2004,Whole Year,Coconut,14464,623687.68,43.12
Karnataka,UDUPI,2004,Whole Year,Dry chillies,318,347,1.091194969
Karnataka,UDUPI,2004,Whole Year,Onion,4,36,9
Karnataka,UDUPI,2004,Whole Year,Sweet potato,439,2718,6.191343964
Karnataka,UDUPI,2004,Whole Year,Tapioca,66,518,7.848484848
Karnataka,UDUPI,2004,Whole Year,Turmeric,48,228,4.75
Karnataka,UDUPI,2005,Kharif,Dry chillies,111,81,0.72972973
Karnataka,UDUPI,2005,Kharif,Rice,51709,132551,2.563402889
Karnataka,UDUPI,2005,Kharif,Sesamum,105,91,0.866666667
Karnataka,UDUPI,2005,Rabi,Dry chillies,284,534,1.88028169
Karnataka,UDUPI,2005,Rabi,Gram,12,7,0.583333333
Karnataka,UDUPI,2005,Rabi,Groundnut,2034,3899,1.916912488
Karnataka,UDUPI,2005,Rabi,Horse-gram,1122,836,0.745098039
Karnataka,UDUPI,2005,Rabi,Maize,32,114,3.5625
Karnataka,UDUPI,2005,Rabi,Moong(Green Gram),173,51,0.294797688
Karnataka,UDUPI,2005,Rabi,Onion,2,21,10.5
Karnataka,UDUPI,2005,Rabi,Other  Rabi pulses,702,74,0.105413105
Karnataka,UDUPI,2005,Rabi,Rapeseed &Mustard,20,5,0.25
Karnataka,UDUPI,2005,Rabi,Rice,10910,22966,2.105041247
Karnataka,UDUPI,2005,Rabi,Sunflower,4,2,0.5
Karnataka,UDUPI,2005,Rabi,Urad,6470,3368,0.520556414
Karnataka,UDUPI,2005,Summer,Dry chillies,118,311,2.63559322
Karnataka,UDUPI,2005,Summer,Maize,1,3,3
Karnataka,UDUPI,2005,Summer,Rice,146,338,2.315068493
Karnataka,UDUPI,2005,Whole Year,Arecanut,5127,42915,8.370392042
Karnataka,UDUPI,2005,Whole Year,Banana,838,482,0.575178998
Karnataka,UDUPI,2005,Whole Year,Black pepper,280,649,2.317857143
Karnataka,UDUPI,2005,Whole Year,Coconut,14876,63504,4.268889486
Karnataka,UDUPI,2005,Whole Year,Dry ginger,107,1260,11.77570093
Karnataka,UDUPI,2005,Whole Year,Sugarcane,11,972,88.36363636
Karnataka,UDUPI,2005,Whole Year,Sweet potato,432,2675,6.19212963
Karnataka,UDUPI,2005,Whole Year,Tapioca,58,455,7.844827586
Karnataka,UDUPI,2005,Whole Year,Turmeric,70,374,5.342857143
Karnataka,UDUPI,2006,Kharif,Rapeseed &Mustard,21,6,0.285714286
Karnataka,UDUPI,2006,Kharif,Rice,51355,131763,2.565728751
Karnataka,UDUPI,2006,Kharif,Sesamum,118,69,0.584745763
Karnataka,UDUPI,2006,Rabi,Gram,4,2,0.5
Karnataka,UDUPI,2006,Rabi,Groundnut,2035,4015,1.972972973
Karnataka,UDUPI,2006,Rabi,Horse-gram,917,806,0.878953108
Karnataka,UDUPI,2006,Rabi,Maize,30,95,3.166666667
Karnataka,UDUPI,2006,Rabi,Moong(Green Gram),201,61,0.303482587
Karnataka,UDUPI,2006,Rabi,Other  Rabi pulses,759,180,0.23715415
Karnataka,UDUPI,2006,Rabi,Rice,10912,24184,2.21627566
Karnataka,UDUPI,2006,Rabi,Sunflower,8,2,0.25
Karnataka,UDUPI,2006,Rabi,Urad,6709,3671,0.547175436
Karnataka,UDUPI,2006,Summer,Maize,6,19,3.166666667
Karnataka,UDUPI,2006,Summer,Rice,160,404,2.525
Karnataka,UDUPI,2006,Whole Year,Arecanut,5174,9230,1.783919598
Karnataka,UDUPI,2006,Whole Year,Banana,1627,1812,1.113706208
Karnataka,UDUPI,2006,Whole Year,Black pepper,287,665,2.317073171
Karnataka,UDUPI,2006,Whole Year,Coconut,14976,63931,4.268896902
Karnataka,UDUPI,2006,Whole Year,Dry chillies,325,853,2.624615385
Karnataka,UDUPI,2006,Whole Year,Dry ginger,97,1142,11.77319588
Karnataka,UDUPI,2006,Whole Year,Onion,1,6,6
Karnataka,UDUPI,2006,Whole Year,Sugarcane,10,874,87.4
Karnataka,UDUPI,2006,Whole Year,Sweet potato,393,2433,6.190839695
Karnataka,UDUPI,2006,Whole Year,Tapioca,60,471,7.85
Karnataka,UDUPI,2006,Whole Year,Turmeric,73,369,5.054794521
Karnataka,UDUPI,2007,Kharif,Dry chillies,119,107,0.899159664
Karnataka,UDUPI,2007,Kharif,Rice,51353,124387,2.422195393
Karnataka,UDUPI,2007,Kharif,Sesamum,66,37,0.560606061
Karnataka,UDUPI,2007,Rabi,Dry chillies,186,325,1.747311828
Karnataka,UDUPI,2007,Rabi,Groundnut,2074,4279,2.06316297
Karnataka,UDUPI,2007,Rabi,Horse-gram,819,880,1.074481074
Karnataka,UDUPI,2007,Rabi,Maize,15,54,3.6
Karnataka,UDUPI,2007,Rabi,Moong(Green Gram),206,67,0.325242718
Karnataka,UDUPI,2007,Rabi,Other  Rabi pulses,731,174,0.238030096
Karnataka,UDUPI,2007,Rabi,Rice,10505,23099,2.198857687
Karnataka,UDUPI,2007,Rabi,Urad,6186,2404,0.388619463
Karnataka,UDUPI,2007,Summer,Dry chillies,18,61,3.388888889
Karnataka,UDUPI,2007,Summer,Maize,4,13,3.25
Karnataka,UDUPI,2007,Summer,Rice,142,343,2.415492958
Karnataka,UDUPI,2007,Whole Year,Arecanut,5294,44313,8.370419343
Karnataka,UDUPI,2007,Whole Year,Banana,1298,6421,4.946841294
Karnataka,UDUPI,2007,Whole Year,Black pepper,293,914,3.119453925
Karnataka,UDUPI,2007,Whole Year,Coconut,15009,73730,4.912385902
Karnataka,UDUPI,2007,Whole Year,Dry ginger,96,1970,20.52083333
Karnataka,UDUPI,2007,Whole Year,Sugarcane,7,592,84.57142857
Karnataka,UDUPI,2007,Whole Year,Sweet potato,398,2464,6.190954774
Karnataka,UDUPI,2007,Whole Year,Tapioca,62,487,7.85483871
Karnataka,UDUPI,2007,Whole Year,Turmeric,81,630,7.777777778
Karnataka,UDUPI,2008,Kharif,Dry chillies,121,112,0.925619835
Karnataka,UDUPI,2008,Kharif,Rice,51040,117825.84,2.3085
Karnataka,UDUPI,2008,Kharif,Sesamum,102,52,0.509803922
Karnataka,UDUPI,2008,Rabi,Dry chillies,174,295,1.695402299
Karnataka,UDUPI,2008,Rabi,Groundnut,2127,4167,1.95909732
Karnataka,UDUPI,2008,Rabi,Horse-gram,619,770,1.243941842
Karnataka,UDUPI,2008,Rabi,Maize,39,123,3.153846154
Karnataka,UDUPI,2008,Rabi,Moong(Green Gram),243,62,0.255144033
Karnataka,UDUPI,2008,Rabi,Other  Rabi pulses,716,179,0.25
Karnataka,UDUPI,2008,Rabi,Rice,10318,22594,2.189765458
Karnataka,UDUPI,2008,Rabi,Urad,6503,2805,0.431339382
Karnataka,UDUPI,2008,Summer,Dry chillies,15,49,3.266666667
Karnataka,UDUPI,2008,Summer,Maize,6,19,3.166666667
Karnataka,UDUPI,2008,Summer,Rice,154,336,2.181818182
Karnataka,UDUPI,2008,Whole Year,Arecanut,5474,45820,8.370478626
Karnataka,UDUPI,2008,Whole Year,Banana,1345,11282,8.388104089
Karnataka,UDUPI,2008,Whole Year,Black pepper,297,1258,4.235690236
Karnataka,UDUPI,2008,Whole Year,Cashewnut,19964,12273.67,0.614790122
Karnataka,UDUPI,2008,Whole Year,Coconut,15114,118416,7.834855101
Karnataka,UDUPI,2008,Whole Year,Dry ginger,99,3154,31.85858586
Karnataka,UDUPI,2008,Whole Year,Sugarcane,10,864,86.4
Karnataka,UDUPI,2008,Whole Year,Sweet potato,380,3846,10.12105263
Karnataka,UDUPI,2008,Whole Year,Tapioca,60,582,9.7
Karnataka,UDUPI,2008,Whole Year,Turmeric,89,342,3.842696629
Karnataka,UDUPI,2009,Kharif,Rice,48083,116481.07,2.422500052
Karnataka,UDUPI,2009,Kharif,Sesamum,70,28,0.4
Karnataka,UDUPI,2009,Rabi,Dry chillies,158,471,2.981012658
Karnataka,UDUPI,2009,Rabi,Gram,391,395,1.010230179
Karnataka,UDUPI,2009,Rabi,Groundnut,2090,4479,2.143062201
Karnataka,UDUPI,2009,Rabi,Horse-gram,391,395,1.010230179
Karnataka,UDUPI,2009,Rabi,Maize,12,32,2.666666667
Karnataka,UDUPI,2009,Rabi,Moong(Green Gram),123,32,0.260162602
Karnataka,UDUPI,2009,Rabi,Other  Rabi pulses,499,120,0.240480962
Karnataka,UDUPI,2009,Rabi,Rice,9283,21400,2.305289238
Karnataka,UDUPI,2009,Rabi,Urad,5220,2331,0.446551724
Karnataka,UDUPI,2009,Summer,Dry chillies,10,46,4.6
Karnataka,UDUPI,2009,Summer,Maize,3,8,2.666666667
Karnataka,UDUPI,2009,Summer,Rice,143,316,2.20979021
Karnataka,UDUPI,2009,Whole Year,Arecanut,5864,49084,8.370395634
Karnataka,UDUPI,2009,Whole Year,Banana,1305,23835,18.26436782
Karnataka,UDUPI,2009,Whole Year,Black pepper,294,1091,3.710884354
Karnataka,UDUPI,2009,Whole Year,Cashewnut,20167,15293,0.758318044
Karnataka,UDUPI,2009,Whole Year,Coconut,16224,130132,8.020956607
Karnataka,UDUPI,2009,Whole Year,Dry ginger,94,2960,31.4893617
Karnataka,UDUPI,2009,Whole Year,Sugarcane,56,5373,95.94642857
Karnataka,UDUPI,2009,Whole Year,Sweet potato,320,2103,6.571875
Karnataka,UDUPI,2009,Whole Year,Tapioca,59,547,9.271186441
Karnataka,UDUPI,2009,Whole Year,Turmeric,86,433,5.034883721
Karnataka,UDUPI,2010,Kharif,Dry chillies,88,72,0.818181818
Karnataka,UDUPI,2010,Kharif,Rice,47200,122102,2.58690678
Karnataka,UDUPI,2010,Kharif,Sesamum,54,31,0.574074074
Karnataka,UDUPI,2010,Rabi,Cowpea(Lobia),349,92,0.263610315
Karnataka,UDUPI,2010,Rabi,Dry chillies,125,340,2.72
Karnataka,UDUPI,2010,Rabi,Groundnut,2059,3699,1.796503157
Karnataka,UDUPI,2010,Rabi,Horse-gram,211,187,0.886255924
Karnataka,UDUPI,2010,Rabi,Maize,17,50,2.941176471
Karnataka,UDUPI,2010,Rabi,Moong(Green Gram),82,22,0.268292683
Karnataka,UDUPI,2010,Rabi,Rice,8982,19578,2.179692719
Karnataka,UDUPI,2010,Rabi,Urad,4677,2088,0.446440026
Karnataka,UDUPI,2010,Summer,Dry chillies,8,24,3
Karnataka,UDUPI,2010,Summer,Maize,3,10,3.333333333
Karnataka,UDUPI,2010,Summer,Rice,158,382,2.417721519
Karnataka,UDUPI,2010,Whole Year,Arecanut,7028,86311,12.28101878
Karnataka,UDUPI,2010,Whole Year,Banana,1337,26014,19.45699327
Karnataka,UDUPI,2010,Whole Year,Black pepper,343,207.1,0.603790087
Karnataka,UDUPI,2010,Whole Year,Cashewnut,19593,9117,0.465319247
Karnataka,UDUPI,2010,Whole Year,Coconut,17095,154889,9.060485522
Karnataka,UDUPI,2010,Whole Year,Dry ginger,87,314.8,3.618390805
Karnataka,UDUPI,2010,Whole Year,Sugarcane,68,6589,96.89705882
Karnataka,UDUPI,2010,Whole Year,Sweet potato,256,1754,6.8515625
Karnataka,UDUPI,2010,Whole Year,Tapioca,54,597,11.05555556
Karnataka,UDUPI,2010,Whole Year,Turmeric,87,287,3.298850575
Karnataka,UDUPI,2011,Kharif,Dry chillies,83,67,0.807228916
Karnataka,UDUPI,2011,Kharif,Rice,46990,121037,2.575803362
Karnataka,UDUPI,2011,Kharif,Sesamum,44,22,0.5
Karnataka,UDUPI,2011,Rabi,Cowpea(Lobia),344,121,0.351744186
Karnataka,UDUPI,2011,Rabi,Dry chillies,98,231,2.357142857
Karnataka,UDUPI,2011,Rabi,Groundnut,2050,4904,2.392195122
Karnataka,UDUPI,2011,Rabi,Horse-gram,153,187,1.222222222
Karnataka,UDUPI,2011,Rabi,Maize,9,29,3.222222222
Karnataka,UDUPI,2011,Rabi,Moong(Green Gram),74,25,0.337837838
Karnataka,UDUPI,2011,Rabi,Rice,8239,18951,2.300157786
Karnataka,UDUPI,2011,Rabi,Urad,4803,2628,0.547158026
Karnataka,UDUPI,2011,Summer,Dry chillies,6,21,3.5
Karnataka,UDUPI,2011,Summer,Maize,21,44,2.095238095
Karnataka,UDUPI,2011,Summer,Rice,103,231,2.242718447
Karnataka,UDUPI,2011,Whole Year,Arecanut,7403,57642,7.78630285
Karnataka,UDUPI,2011,Whole Year,Banana,1339,28143,21.01792382
Karnataka,UDUPI,2011,Whole Year,Black pepper,347,98.2,0.282997118
Karnataka,UDUPI,2011,Whole Year,Cashewnut,19784,7110,0.359381318
Karnataka,UDUPI,2011,Whole Year,Coconut,17512,171739,9.806932389
Karnataka,UDUPI,2011,Whole Year,Dry ginger,89,283.2,3.182022472
Karnataka,UDUPI,2011,Whole Year,Sugarcane,56,5107,91.19642857
Karnataka,UDUPI,2011,Whole Year,Sweet potato,227,1437,6.330396476
Karnataka,UDUPI,2011,Whole Year,Tapioca,47,496,10.55319149
Karnataka,UDUPI,2011,Whole Year,Turmeric,78,246,3.153846154
Karnataka,UDUPI,2012,Kharif,Dry chillies,72,66,0.916666667
Karnataka,UDUPI,2012,Kharif,Rice,44563,110579,2.481408343
Karnataka,UDUPI,2012,Rabi,Cowpea(Lobia),159,53,0.333333333
Karnataka,UDUPI,2012,Rabi,Dry chillies,90,246,2.733333333
Karnataka,UDUPI,2012,Rabi,Groundnut,1865,2821,1.512600536
Karnataka,UDUPI,2012,Rabi,Horse-gram,111,121,1.09009009
Karnataka,UDUPI,2012,Rabi,Maize,11,33,3
Karnataka,UDUPI,2012,Rabi,Moong(Green Gram),18,4,0.222222222
Karnataka,UDUPI,2012,Rabi,Rice,6949,15362,2.210677795
Karnataka,UDUPI,2012,Rabi,Urad,3739,1939,0.518587858
Karnataka,UDUPI,2012,Summer,Cowpea(Lobia),117,42,0.358974359
Karnataka,UDUPI,2012,Summer,Dry chillies,6,17,2.833333333
Karnataka,UDUPI,2012,Summer,Maize,4,14,3.5
Karnataka,UDUPI,2012,Summer,Rice,96,221,2.302083333
Karnataka,UDUPI,2012,Whole Year,Arecanut,7501,58405,7.786295161
Karnataka,UDUPI,2012,Whole Year,Black pepper,339,960,2.831858407
Karnataka,UDUPI,2012,Whole Year,Cashewnut,19196,6898,0.359345697
Karnataka,UDUPI,2012,Whole Year,Coconut,17587,172475,9.806959686
Karnataka,UDUPI,2012,Whole Year,Dry ginger,74,2358,31.86486486
Karnataka,UDUPI,2012,Whole Year,Sugarcane,66,5518,83.60606061
Karnataka,UDUPI,2012,Whole Year,Sweet potato,202,1279,6.331683168
Karnataka,UDUPI,2012,Whole Year,Tapioca,43,454,10.55813953
Karnataka,UDUPI,2012,Whole Year,Turmeric,58,204,3.517241379
Karnataka,UDUPI,2013,Kharif,Dry chillies,65,72,1.107692308
Karnataka,UDUPI,2013,Kharif,Rice,44663,120373,2.695139153
Karnataka,UDUPI,2013,Kharif,Sesamum,2,1,0.5
Karnataka,UDUPI,2013,Rabi,Cowpea(Lobia),107,45,0.420560748
Karnataka,UDUPI,2013,Rabi,Dry chillies,83,157,1.891566265
Karnataka,UDUPI,2013,Rabi,Groundnut,1841,3472,1.885931559
Karnataka,UDUPI,2013,Rabi,Horse-gram,76,103,1.355263158
Karnataka,UDUPI,2013,Rabi,Maize,15,46,3.066666667
Karnataka,UDUPI,2013,Rabi,Moong(Green Gram),37,9,0.243243243
Karnataka,UDUPI,2013,Rabi,Rice,6824,17231,2.525058617
Karnataka,UDUPI,2013,Rabi,Urad,3529,1871,0.530178521
Karnataka,UDUPI,2013,Summer,Cowpea(Lobia),135,53,0.392592593
Karnataka,UDUPI,2013,Summer,Dry chillies,5,13,2.6
Karnataka,UDUPI,2013,Summer,Maize,8,26,3.25
Karnataka,UDUPI,2013,Summer,Rice,110,291,2.645454545
Karnataka,UDUPI,2013,Whole Year,Arecanut,7714,60751,7.875421312
Karnataka,UDUPI,2013,Whole Year,Black pepper,350,1015,2.9
Karnataka,UDUPI,2013,Whole Year,Cashewnut,19622,7032,0.358373255
Karnataka,UDUPI,2013,Whole Year,Coconut,17771,177939,10.01288616
Karnataka,UDUPI,2013,Whole Year,Dry ginger,56,1548,27.64285714
Karnataka,UDUPI,2013,Whole Year,Sugarcane,55,4912,89.30909091
Karnataka,UDUPI,2013,Whole Year,Sweet potato,183,1140,6.229508197
Karnataka,UDUPI,2013,Whole Year,Tapioca,32,280,8.75
Karnataka,UDUPI,2013,Whole Year,Turmeric,53,252,4.754716981
Karnataka,UDUPI,2014,Kharif,Dry chillies,63,71,1.126984127
Karnataka,UDUPI,2014,Kharif,Rice,43013,119359,2.774951759
Karnataka,UDUPI,2014,Kharif,Sesamum,2,1,0.5
Karnataka,UDUPI,2014,Rabi,Cowpea(Lobia),89,33,0.370786517
Karnataka,UDUPI,2014,Rabi,Dry chillies,79,148,1.873417722
Karnataka,UDUPI,2014,Rabi,Groundnut,1799,3647,2.027237354
Karnataka,UDUPI,2014,Rabi,Horse-gram,53,71,1.339622642
Karnataka,UDUPI,2014,Rabi,Maize,29,98,3.379310345
Karnataka,UDUPI,2014,Rabi,Moong(Green Gram),35,12,0.342857143
Karnataka,UDUPI,2014,Rabi,Rice,6441,17690,2.74646794
Karnataka,UDUPI,2014,Rabi,Urad,3649,1868,0.511921074
Karnataka,UDUPI,2014,Summer,Cowpea(Lobia),120,44,0.366666667
Karnataka,UDUPI,2014,Summer,Dry chillies,5,10,2
Karnataka,UDUPI,2014,Summer,Maize,1,3,3
Karnataka,UDUPI,2014,Summer,Rice,95,283,2.978947368
Karnataka,UDUPI,2014,Whole Year,Arecanut,7856,109506,13.93915479
Karnataka,UDUPI,2014,Whole Year,Black pepper,352,2066,5.869318182
Karnataka,UDUPI,2014,Whole Year,Cashewnut,19562,6217,0.31781004
Karnataka,UDUPI,2014,Whole Year,Coconut,17825,313547,17.59029453
Karnataka,UDUPI,2014,Whole Year,Dry ginger,49,1423,29.04081633
Karnataka,UDUPI,2014,Whole Year,Sugarcane,42,3830,91.19047619
Karnataka,UDUPI,2014,Whole Year,Sweet potato,180,3053,16.96111111
Karnataka,UDUPI,2014,Whole Year,Tapioca,30,269,8.966666667
Karnataka,UDUPI,2014,Whole Year,Turmeric,52,311,5.980769231
Karnataka,UTTAR KANNAD,1997,Kharif,Arhar/Tur,218,51,0.233944954
Karnataka,UTTAR KANNAD,1997,Kharif,Black pepper,119,29,0.243697479
Karnataka,UTTAR KANNAD,1997,Kharif,Dry chillies,444,331,0.745495495
Karnataka,UTTAR KANNAD,1997,Kharif,Dry ginger,11,14,1.272727273
Karnataka,UTTAR KANNAD,1997,Kharif,Groundnut,863,520,0.602549247
Karnataka,UTTAR KANNAD,1997,Kharif,Horse-gram,250,112,0.448
Karnataka,UTTAR KANNAD,1997,Kharif,Jowar,208,150,0.721153846
Karnataka,UTTAR KANNAD,1997,Kharif,Maize,86,174,2.023255814
Karnataka,UTTAR KANNAD,1997,Kharif,Paddy,85415,192088,2.248879003
Karnataka,UTTAR KANNAD,1997,Kharif,Ragi,84,92,1.095238095
Karnataka,UTTAR KANNAD,1997,Kharif,Rice,85415,128113,1.499888778
Karnataka,UTTAR KANNAD,1997,Rabi,Dry chillies,16,28,1.75
Karnataka,UTTAR KANNAD,1997,Rabi,Groundnut,3299,4467,1.354046681
Karnataka,UTTAR KANNAD,1997,Rabi,Horse-gram,2078,1052,0.506256015
Karnataka,UTTAR KANNAD,1997,Rabi,Jowar,59,27,0.457627119
Karnataka,UTTAR KANNAD,1997,Rabi,Maize,4,6,1.5
Karnataka,UTTAR KANNAD,1997,Rabi,Paddy,2431,7327,3.013986014
Karnataka,UTTAR KANNAD,1997,Rabi,Ragi,16,22,1.375
Karnataka,UTTAR KANNAD,1997,Rabi,Rice,2431,4888,2.010695187
Karnataka,UTTAR KANNAD,1997,Summer,Jowar,69,170,2.463768116
Karnataka,UTTAR KANNAD,1997,Summer,Paddy,2467,7329,2.970814755
Karnataka,UTTAR KANNAD,1997,Summer,Rice,2467,4888,1.981353871
Karnataka,UTTAR KANNAD,1997,Whole Year,Arecanut,9363,12727,1.359286553
Karnataka,UTTAR KANNAD,1997,Whole Year,Cardamom,431,24,0.055684455
Karnataka,UTTAR KANNAD,1997,Whole Year,Sugarcane,1804,99400,55.09977827
Karnataka,UTTAR KANNAD,1997,Whole Year,Turmeric,10,56,5.6
Karnataka,UTTAR KANNAD,1998,Kharif,Arhar/Tur,204,95,0.465686275
Karnataka,UTTAR KANNAD,1998,Kharif,Cotton(lint),6286,14823,2.358097359
Karnataka,UTTAR KANNAD,1998,Kharif,Dry ginger,8,102,12.75
Karnataka,UTTAR KANNAD,1998,Kharif,Groundnut,765,713,0.932026144
Karnataka,UTTAR KANNAD,1998,Kharif,Horse-gram,250,120,0.48
Karnataka,UTTAR KANNAD,1998,Kharif,Jowar,236,218,0.923728814
Karnataka,UTTAR KANNAD,1998,Kharif,Maize,45,92,2.044444444
Karnataka,UTTAR KANNAD,1998,Kharif,Moong(Green Gram),7,1,0.142857143
Karnataka,UTTAR KANNAD,1998,Kharif,Ragi,87,96,1.103448276
Karnataka,UTTAR KANNAD,1998,Kharif,Rapeseed &Mustard,5,1,0.2
Karnataka,UTTAR KANNAD,1998,Kharif,Rice,84624,146655,1.733019002
Karnataka,UTTAR KANNAD,1998,Kharif,Sesamum,11,4,0.363636364
Karnataka,UTTAR KANNAD,1998,Rabi,Gram,128,70,0.546875
Karnataka,UTTAR KANNAD,1998,Rabi,Groundnut,3288,6409,1.949209246
Karnataka,UTTAR KANNAD,1998,Rabi,Horse-gram,1685,776,0.460534125
Karnataka,UTTAR KANNAD,1998,Rabi,Jowar,51,35,0.68627451
Karnataka,UTTAR KANNAD,1998,Rabi,Linseed,46,15,0.326086957
Karnataka,UTTAR KANNAD,1998,Rabi,Maize,2,2,1
Karnataka,UTTAR KANNAD,1998,Rabi,Moong(Green Gram),2478,1111,0.44834544
Karnataka,UTTAR KANNAD,1998,Rabi,Ragi,20,16,0.8
Karnataka,UTTAR KANNAD,1998,Rabi,Rice,2486,4738,1.905872888
Karnataka,UTTAR KANNAD,1998,Rabi,Sunflower,85,23,0.270588235
Karnataka,UTTAR KANNAD,1998,Summer,Onion,131,4890,37.32824427
Karnataka,UTTAR KANNAD,1998,Summer,Ragi,2,4,2
Karnataka,UTTAR KANNAD,1998,Summer,Rice,2758,5646,2.047135606
Karnataka,UTTAR KANNAD,1998,Whole Year,Arecanut,9728,63023,6.478515625
Karnataka,UTTAR KANNAD,1998,Whole Year,Black pepper,124,303,2.443548387
Karnataka,UTTAR KANNAD,1998,Whole Year,Cardamom,448,25,0.055803571
Karnataka,UTTAR KANNAD,1998,Whole Year,Coconut,5624,26748,4.756045519
Karnataka,UTTAR KANNAD,1998,Whole Year,Dry chillies,125,111,0.888
Karnataka,UTTAR KANNAD,1998,Whole Year,Turmeric,8,41,5.125
Karnataka,UTTAR KANNAD,1999,Kharif,Arhar/Tur,213,121,0.568075117
Karnataka,UTTAR KANNAD,1999,Kharif,Cotton(lint),6119,7351,1.201340088
Karnataka,UTTAR KANNAD,1999,Kharif,Dry ginger,12,153,12.75
Karnataka,UTTAR KANNAD,1999,Kharif,Groundnut,733,428,0.583901774
Karnataka,UTTAR KANNAD,1999,Kharif,Horse-gram,187,83,0.443850267
Karnataka,UTTAR KANNAD,1999,Kharif,Jowar,151,117,0.774834437
Karnataka,UTTAR KANNAD,1999,Kharif,Maize,85,175,2.058823529
Karnataka,UTTAR KANNAD,1999,Kharif,Mesta,12,28,2.333333333
Karnataka,UTTAR KANNAD,1999,Kharif,Other Kharif pulses,4,1,0.25
Karnataka,UTTAR KANNAD,1999,Kharif,Ragi,56,36,0.642857143
Karnataka,UTTAR KANNAD,1999,Kharif,Rice,83704,136236,1.627592469
Karnataka,UTTAR KANNAD,1999,Kharif,Sesamum,13,6,0.461538462
Karnataka,UTTAR KANNAD,1999,Kharif,Soyabean,1,1,1
Karnataka,UTTAR KANNAD,1999,Kharif,Sunflower,4,1,0.25
Karnataka,UTTAR KANNAD,1999,Rabi,Gram,128,67,0.5234375
Karnataka,UTTAR KANNAD,1999,Rabi,Groundnut,3160,5357,1.695253165
Karnataka,UTTAR KANNAD,1999,Rabi,Horse-gram,1637,611,0.373243739
Karnataka,UTTAR KANNAD,1999,Rabi,Jowar,59,41,0.694915254
Karnataka,UTTAR KANNAD,1999,Rabi,Linseed,50,17,0.34
Karnataka,UTTAR KANNAD,1999,Rabi,Maize,2,3,1.5
Karnataka,UTTAR KANNAD,1999,Rabi,Moong(Green Gram),2568,973,0.378894081
Karnataka,UTTAR KANNAD,1999,Rabi,Other  Rabi pulses,2584,358,0.138544892
Karnataka,UTTAR KANNAD,1999,Rabi,Ragi,23,14,0.608695652
Karnataka,UTTAR KANNAD,1999,Rabi,Rapeseed &Mustard,10,1,0.1
Karnataka,UTTAR KANNAD,1999,Rabi,Rice,2592,5064,1.953703704
Karnataka,UTTAR KANNAD,1999,Rabi,Safflower,2,2,1
Karnataka,UTTAR KANNAD,1999,Rabi,Sunflower,100,32,0.32
Karnataka,UTTAR KANNAD,1999,Rabi,Urad,1188,442,0.372053872
Karnataka,UTTAR KANNAD,1999,Summer,Ragi,2,1,0.5
Karnataka,UTTAR KANNAD,1999,Summer,Rice,2435,7304,2.999589322
Karnataka,UTTAR KANNAD,1999,Summer,Sunflower,2,1,0.5
Karnataka,UTTAR KANNAD,1999,Whole Year,Banana,1238,39382,31.81098546
Karnataka,UTTAR KANNAD,1999,Whole Year,Black pepper,141,345,2.446808511
Karnataka,UTTAR KANNAD,1999,Whole Year,Cardamom,445,25,0.056179775
Karnataka,UTTAR KANNAD,1999,Whole Year,Coconut,5805,27608,4.755900086
Karnataka,UTTAR KANNAD,1999,Whole Year,Dry chillies,12,19,1.583333333
Karnataka,UTTAR KANNAD,1999,Whole Year,Onion,85,886,10.42352941
Karnataka,UTTAR KANNAD,1999,Whole Year,Sannhamp,6,2,0.333333333
Karnataka,UTTAR KANNAD,1999,Whole Year,Sugarcane,1616,164266,101.6497525
Karnataka,UTTAR KANNAD,1999,Whole Year,Sweet potato,58,368,6.344827586
Karnataka,UTTAR KANNAD,1999,Whole Year,Turmeric,9,39,4.333333333
Karnataka,UTTAR KANNAD,2000,Kharif,Arhar/Tur,140,63,0.45
Karnataka,UTTAR KANNAD,2000,Kharif,Cotton(lint),5888,12536,2.129076087
Karnataka,UTTAR KANNAD,2000,Kharif,Dry ginger,83,1057,12.73493976
Karnataka,UTTAR KANNAD,2000,Kharif,Groundnut,737,740,1.004070556
Karnataka,UTTAR KANNAD,2000,Kharif,Horse-gram,190,109,0.573684211
Karnataka,UTTAR KANNAD,2000,Kharif,Jowar,136,148,1.088235294
Karnataka,UTTAR KANNAD,2000,Kharif,Maize,169,505,2.98816568
Karnataka,UTTAR KANNAD,2000,Kharif,Mesta,3,7,2.333333333
Karnataka,UTTAR KANNAD,2000,Kharif,Other Kharif pulses,23,8,0.347826087
Karnataka,UTTAR KANNAD,2000,Kharif,Ragi,44,53,1.204545455
Karnataka,UTTAR KANNAD,2000,Kharif,Rice,85251,145985,1.712413931
Karnataka,UTTAR KANNAD,2000,Kharif,Sesamum,12,5,0.416666667
Karnataka,UTTAR KANNAD,2000,Kharif,Soyabean,1,1,1
Karnataka,UTTAR KANNAD,2000,Kharif,Sunflower,1,0.1,0.1
Karnataka,UTTAR KANNAD,2000,Rabi,Gram,61,40,0.655737705
Karnataka,UTTAR KANNAD,2000,Rabi,Groundnut,2947,4342,1.473362742
Karnataka,UTTAR KANNAD,2000,Rabi,Horse-gram,1004,888,0.884462151
Karnataka,UTTAR KANNAD,2000,Rabi,Jowar,55,33,0.6
Karnataka,UTTAR KANNAD,2000,Rabi,Linseed,38,14,0.368421053
Karnataka,UTTAR KANNAD,2000,Rabi,Maize,1,2,2
Karnataka,UTTAR KANNAD,2000,Rabi,Moong(Green Gram),1704,455,0.267018779
Karnataka,UTTAR KANNAD,2000,Rabi,Other  Rabi pulses,1067,151,0.141518276
Karnataka,UTTAR KANNAD,2000,Rabi,Ragi,22,39,1.772727273
Karnataka,UTTAR KANNAD,2000,Rabi,Rapeseed &Mustard,24,3,0.125
Karnataka,UTTAR KANNAD,2000,Rabi,Rice,2459,5044,2.051240342
Karnataka,UTTAR KANNAD,2000,Rabi,Safflower,2,2,1
Karnataka,UTTAR KANNAD,2000,Rabi,Sunflower,54,20,0.37037037
Karnataka,UTTAR KANNAD,2000,Rabi,Urad,1003,351,0.34995015
Karnataka,UTTAR KANNAD,2000,Summer,Rice,2784,6943,2.493893678
Karnataka,UTTAR KANNAD,2000,Whole Year,Arecanut,11160,15169,1.359229391
Karnataka,UTTAR KANNAD,2000,Whole Year,Banana,1315,24163,18.37490494
Karnataka,UTTAR KANNAD,2000,Whole Year,Black pepper,135,330,2.444444444
Karnataka,UTTAR KANNAD,2000,Whole Year,Cardamom,369,20,0.054200542
Karnataka,UTTAR KANNAD,2000,Whole Year,Coconut,5907,28093,4.755882851
Karnataka,UTTAR KANNAD,2000,Whole Year,Dry chillies,66,47,0.712121212
Karnataka,UTTAR KANNAD,2000,Whole Year,Onion,75,441,5.88
Karnataka,UTTAR KANNAD,2000,Whole Year,Sugarcane,1361,126709,93.09992652
Karnataka,UTTAR KANNAD,2000,Whole Year,Sweet potato,50,317,6.34
Karnataka,UTTAR KANNAD,2000,Whole Year,Turmeric,10,44,4.4
Karnataka,UTTAR KANNAD,2001,Kharif,Arhar/Tur,141,43,0.304964539
Karnataka,UTTAR KANNAD,2001,Kharif,Cotton(lint),5792,10033,1.732216851
Karnataka,UTTAR KANNAD,2001,Kharif,Dry ginger,50,637,12.74
Karnataka,UTTAR KANNAD,2001,Kharif,Groundnut,3257,5166,1.586122198
Karnataka,UTTAR KANNAD,2001,Kharif,Horse-gram,156,82,0.525641026
Karnataka,UTTAR KANNAD,2001,Kharif,Jowar,110,94,0.854545455
Karnataka,UTTAR KANNAD,2001,Kharif,Maize,60,112,1.866666667
Karnataka,UTTAR KANNAD,2001,Kharif,Mesta,3,7,2.333333333
Karnataka,UTTAR KANNAD,2001,Kharif,Other Kharif pulses,4,1,0.25
Karnataka,UTTAR KANNAD,2001,Kharif,Ragi,42,44,1.047619048
Karnataka,UTTAR KANNAD,2001,Kharif,Rice,81215,87420,1.076402142
Karnataka,UTTAR KANNAD,2001,Kharif,Sesamum,6,2,0.333333333
Karnataka,UTTAR KANNAD,2001,Kharif,Sunflower,1,,
Karnataka,UTTAR KANNAD,2001,Rabi,Gram,21,12,0.571428571
Karnataka,UTTAR KANNAD,2001,Rabi,Horse-gram,295,175,0.593220339
Karnataka,UTTAR KANNAD,2001,Rabi,Jowar,3,2,0.666666667
Karnataka,UTTAR KANNAD,2001,Rabi,Linseed,7,2,0.285714286
Karnataka,UTTAR KANNAD,2001,Rabi,Moong(Green Gram),638,212,0.332288401
Karnataka,UTTAR KANNAD,2001,Rabi,Other  Rabi pulses,403,55,0.136476427
Karnataka,UTTAR KANNAD,2001,Rabi,Ragi,21,25,1.19047619
Karnataka,UTTAR KANNAD,2001,Rabi,Rice,2380,4459,1.873529412
Karnataka,UTTAR KANNAD,2001,Rabi,Sunflower,24,21,0.875
Karnataka,UTTAR KANNAD,2001,Rabi,Urad,643,241,0.374805599
Karnataka,UTTAR KANNAD,2001,Summer,Rice,1412,2638,1.868271955
Karnataka,UTTAR KANNAD,2001,Whole Year,Arecanut,11483,15608,1.359226683
Karnataka,UTTAR KANNAD,2001,Whole Year,Black pepper,159,389,2.446540881
Karnataka,UTTAR KANNAD,2001,Whole Year,Coconut,6069,28864,4.755972977
Karnataka,UTTAR KANNAD,2001,Whole Year,Dry chillies,27,21,0.777777778
Karnataka,UTTAR KANNAD,2001,Whole Year,Onion,75,1081,14.41333333
Karnataka,UTTAR KANNAD,2001,Whole Year,Sugarcane,1358,109658,80.74963181
Karnataka,UTTAR KANNAD,2001,Whole Year,Turmeric,12,62,5.166666667
Karnataka,UTTAR KANNAD,2002,Kharif,Arhar/Tur,196,92,0.469387755
Karnataka,UTTAR KANNAD,2002,Kharif,Cotton(lint),5971,8308,1.391391727
Karnataka,UTTAR KANNAD,2002,Kharif,Dry ginger,18,229,12.72222222
Karnataka,UTTAR KANNAD,2002,Kharif,Groundnut,635,338,0.532283465
Karnataka,UTTAR KANNAD,2002,Kharif,Horse-gram,121,47,0.388429752
Karnataka,UTTAR KANNAD,2002,Kharif,Jowar,89,38,0.426966292
Karnataka,UTTAR KANNAD,2002,Kharif,Maize,117,171,1.461538462
Karnataka,UTTAR KANNAD,2002,Kharif,Mesta,1,2,2
Karnataka,UTTAR KANNAD,2002,Kharif,Moong(Green Gram),8,1,0.125
Karnataka,UTTAR KANNAD,2002,Kharif,Other Kharif pulses,20,7,0.35
Karnataka,UTTAR KANNAD,2002,Kharif,Ragi,42,20,0.476190476
Karnataka,UTTAR KANNAD,2002,Kharif,Rice,82568,96656,1.170623002
Karnataka,UTTAR KANNAD,2002,Kharif,Sesamum,6,2,0.333333333
Karnataka,UTTAR KANNAD,2002,Kharif,Sunflower,2,1,0.5
Karnataka,UTTAR KANNAD,2002,Rabi,Gram,12,6,0.5
Karnataka,UTTAR KANNAD,2002,Rabi,Groundnut,2851,5136,1.801473167
Karnataka,UTTAR KANNAD,2002,Rabi,Horse-gram,305,88,0.28852459
Karnataka,UTTAR KANNAD,2002,Rabi,Jowar,3,1,0.333333333
Karnataka,UTTAR KANNAD,2002,Rabi,Linseed,15,5,0.333333333
Karnataka,UTTAR KANNAD,2002,Rabi,Maize,1,3,3
Karnataka,UTTAR KANNAD,2002,Rabi,Moong(Green Gram),739,90,0.121786198
Karnataka,UTTAR KANNAD,2002,Rabi,Other  Rabi pulses,445,62,0.139325843
Karnataka,UTTAR KANNAD,2002,Rabi,Ragi,4,6,1.5
Karnataka,UTTAR KANNAD,2002,Rabi,Rapeseed &Mustard,2,0.1,0.05
Karnataka,UTTAR KANNAD,2002,Rabi,Rice,2190,3710,1.694063927
Karnataka,UTTAR KANNAD,2002,Rabi,Sunflower,14,10,0.714285714
Karnataka,UTTAR KANNAD,2002,Rabi,Urad,652,77,0.11809816
Karnataka,UTTAR KANNAD,2002,Summer,Jowar,5,8,1.6
Karnataka,UTTAR KANNAD,2002,Summer,Maize,2,3,1.5
Karnataka,UTTAR KANNAD,2002,Summer,Rice,1385,3227,2.329963899
Karnataka,UTTAR KANNAD,2002,Whole Year,Arcanut (Processed),11824,16072,1.359269283
Karnataka,UTTAR KANNAD,2002,Whole Year,Atcanut (Raw),11824,76602,6.478518268
Karnataka,UTTAR KANNAD,2002,Whole Year,Banana,1613,24577,15.23682579
Karnataka,UTTAR KANNAD,2002,Whole Year,Black pepper,134,328,2.447761194
Karnataka,UTTAR KANNAD,2002,Whole Year,Brinjal,20,136,6.8
Karnataka,UTTAR KANNAD,2002,Whole Year,Cardamom,451,25,0.055432373
Karnataka,UTTAR KANNAD,2002,Whole Year,Cashewnut Processed,2007,68,0.033881415
Karnataka,UTTAR KANNAD,2002,Whole Year,Cashewnut Raw,2007,270,0.134529148
Karnataka,UTTAR KANNAD,2002,Whole Year,Citrus Fruit,4,69,17.25
Karnataka,UTTAR KANNAD,2002,Whole Year,Coconut,6162,29306,4.755923401
Karnataka,UTTAR KANNAD,2002,Whole Year,Dry chillies,23,23,1
Karnataka,UTTAR KANNAD,2002,Whole Year,Mango,1305,6364,4.876628352
Karnataka,UTTAR KANNAD,2002,Whole Year,Onion,74,982,13.27027027
Karnataka,UTTAR KANNAD,2002,Whole Year,Other Fresh Fruits,43,135,3.139534884
Karnataka,UTTAR KANNAD,2002,Whole Year,Papaya,17,48,2.823529412
Karnataka,UTTAR KANNAD,2002,Whole Year,Pome Fruit,15,92,6.133333333
Karnataka,UTTAR KANNAD,2002,Whole Year,Sugarcane,1033,64769,62.69990319
Karnataka,UTTAR KANNAD,2002,Whole Year,Sweet potato,30,190,6.333333333
Karnataka,UTTAR KANNAD,2002,Whole Year,Tomato,6,55,9.166666667
Karnataka,UTTAR KANNAD,2002,Whole Year,Turmeric,10,43,4.3
Karnataka,UTTAR KANNAD,2003,Kharif,Arhar/Tur,137,51,0.372262774
Karnataka,UTTAR KANNAD,2003,Kharif,Cotton(lint),6247,14522,2.324635825
Karnataka,UTTAR KANNAD,2003,Kharif,Dry ginger,23,293,12.73913043
Karnataka,UTTAR KANNAD,2003,Kharif,Groundnut,622,251,0.403536977
Karnataka,UTTAR KANNAD,2003,Kharif,Horse-gram,108,38,0.351851852
Karnataka,UTTAR KANNAD,2003,Kharif,Jowar,91,52,0.571428571
Karnataka,UTTAR KANNAD,2003,Kharif,Maize,708,1043,1.473163842
Karnataka,UTTAR KANNAD,2003,Kharif,Mesta,1,2,2
Karnataka,UTTAR KANNAD,2003,Kharif,Other Kharif pulses,55,19,0.345454545
Karnataka,UTTAR KANNAD,2003,Kharif,Ragi,42,46,1.095238095
Karnataka,UTTAR KANNAD,2003,Kharif,Rice,80050,125609,1.569131793
Karnataka,UTTAR KANNAD,2003,Kharif,Sesamum,6,3,0.5
Karnataka,UTTAR KANNAD,2003,Kharif,Sunflower,10,8,0.8
Karnataka,UTTAR KANNAD,2003,Rabi,Gram,10,3,0.3
Karnataka,UTTAR KANNAD,2003,Rabi,Groundnut,3013,4688,1.555924328
Karnataka,UTTAR KANNAD,2003,Rabi,Horse-gram,197,47,0.23857868
Karnataka,UTTAR KANNAD,2003,Rabi,Jowar,19,2,0.105263158
Karnataka,UTTAR KANNAD,2003,Rabi,Linseed,10,1,0.1
Karnataka,UTTAR KANNAD,2003,Rabi,Maize,6,4,0.666666667
Karnataka,UTTAR KANNAD,2003,Rabi,Moong(Green Gram),581,170,0.292598967
Karnataka,UTTAR KANNAD,2003,Rabi,Other  Rabi pulses,427,59,0.138173302
Karnataka,UTTAR KANNAD,2003,Rabi,Ragi,3,3,1
Karnataka,UTTAR KANNAD,2003,Rabi,Rice,2196,7190,3.274134791
Karnataka,UTTAR KANNAD,2003,Rabi,Sunflower,15,12,0.8
Karnataka,UTTAR KANNAD,2003,Rabi,Urad,666,351,0.527027027
Karnataka,UTTAR KANNAD,2003,Summer,Jowar,3,7,2.333333333
Karnataka,UTTAR KANNAD,2003,Summer,Rice,1324,4930,3.723564955
Karnataka,UTTAR KANNAD,2003,Whole Year,Arecanut,12177,16552,1.359283896
Karnataka,UTTAR KANNAD,2003,Whole Year,Banana,1819,1819,1
Karnataka,UTTAR KANNAD,2003,Whole Year,Black pepper,164,401,2.445121951
Karnataka,UTTAR KANNAD,2003,Whole Year,Brinjal,24,171,7.125
Karnataka,UTTAR KANNAD,2003,Whole Year,Cardamom,450,25,0.055555556
Karnataka,UTTAR KANNAD,2003,Whole Year,Citrus Fruit,1,16,16
Karnataka,UTTAR KANNAD,2003,Whole Year,Coconut,6224,29601,4.75594473
Karnataka,UTTAR KANNAD,2003,Whole Year,Dry chillies,82,140,1.707317073
Karnataka,UTTAR KANNAD,2003,Whole Year,Mango,1251,4949,3.956035172
Karnataka,UTTAR KANNAD,2003,Whole Year,Onion,75,783,10.44
Karnataka,UTTAR KANNAD,2003,Whole Year,Other Fresh Fruits,45,120,2.666666667
Karnataka,UTTAR KANNAD,2003,Whole Year,Pome Fruit,12,66,5.5
Karnataka,UTTAR KANNAD,2003,Whole Year,Sannhamp,1,0,0
Karnataka,UTTAR KANNAD,2003,Whole Year,Sugarcane,893,58536,65.54983203
Karnataka,UTTAR KANNAD,2003,Whole Year,Sweet potato,27,171,6.333333333
Karnataka,UTTAR KANNAD,2003,Whole Year,Tomato,4,27,6.75
Karnataka,UTTAR KANNAD,2003,Whole Year,Turmeric,8,39,4.875
Karnataka,UTTAR KANNAD,2004,Kharif,Arhar/Tur,160,83,0.51875
Karnataka,UTTAR KANNAD,2004,Kharif,Cotton(lint),7245,10162,1.402622498
Karnataka,UTTAR KANNAD,2004,Kharif,Dry ginger,17,216,12.70588235
Karnataka,UTTAR KANNAD,2004,Kharif,Groundnut,590,380,0.644067797
Karnataka,UTTAR KANNAD,2004,Kharif,Horse-gram,20,10,0.5
Karnataka,UTTAR KANNAD,2004,Kharif,Jowar,284,398,1.401408451
Karnataka,UTTAR KANNAD,2004,Kharif,Maize,1125,2883,2.562666667
Karnataka,UTTAR KANNAD,2004,Kharif,Mesta,1,2,2
Karnataka,UTTAR KANNAD,2004,Kharif,Other Kharif pulses,98,34,0.346938776
Karnataka,UTTAR KANNAD,2004,Kharif,Ragi,41,45,1.097560976
Karnataka,UTTAR KANNAD,2004,Kharif,Rice,78702,139814.1,1.776499962
Karnataka,UTTAR KANNAD,2004,Kharif,Sesamum,5,3,0.6
Karnataka,UTTAR KANNAD,2004,Kharif,Sunflower,13,10,0.769230769
Karnataka,UTTAR KANNAD,2004,Rabi,Gram,7,4,0.571428571
Karnataka,UTTAR KANNAD,2004,Rabi,Groundnut,2984,5045,1.690683646
Karnataka,UTTAR KANNAD,2004,Rabi,Horse-gram,268,91,0.339552239
Karnataka,UTTAR KANNAD,2004,Rabi,Jowar,2,1,0.5
Karnataka,UTTAR KANNAD,2004,Rabi,Linseed,14,3,0.214285714
Karnataka,UTTAR KANNAD,2004,Rabi,Maize,3,5,1.666666667
Karnataka,UTTAR KANNAD,2004,Rabi,Moong(Green Gram),607,148,0.243822076
Karnataka,UTTAR KANNAD,2004,Rabi,Other  Rabi pulses,588,81,0.137755102
Karnataka,UTTAR KANNAD,2004,Rabi,Ragi,6,5,0.833333333
Karnataka,UTTAR KANNAD,2004,Rabi,Rice,2066,6493,3.142787996
Karnataka,UTTAR KANNAD,2004,Rabi,Sunflower,18,16,0.888888889
Karnataka,UTTAR KANNAD,2004,Rabi,Urad,652,224,0.343558282
Karnataka,UTTAR KANNAD,2004,Summer,Jowar,3,2,0.666666667
Karnataka,UTTAR KANNAD,2004,Summer,Maize,2,6,3
Karnataka,UTTAR KANNAD,2004,Summer,Rice,1429,4599,3.2183345
Karnataka,UTTAR KANNAD,2004,Whole Year,Arecanut,12287,16701,1.359241475
Karnataka,UTTAR KANNAD,2004,Whole Year,Banana,1254,4705,3.75199362
Karnataka,UTTAR KANNAD,2004,Whole Year,Black pepper,176,430,2.443181818
Karnataka,UTTAR KANNAD,2004,Whole Year,Cardamom,443,25,0.056433409
Karnataka,UTTAR KANNAD,2004,Whole Year,Coconut,6276,301499.04,48.04
Karnataka,UTTAR KANNAD,2004,Whole Year,Dry chillies,33,24,0.727272727
Karnataka,UTTAR KANNAD,2004,Whole Year,Onion,77,697,9.051948052
Karnataka,UTTAR KANNAD,2004,Whole Year,Sweet potato,28,178,6.357142857
Karnataka,UTTAR KANNAD,2004,Whole Year,Turmeric,4,19,4.75
Karnataka,UTTAR KANNAD,2005,Kharif,Arhar/Tur,106,72,0.679245283
Karnataka,UTTAR KANNAD,2005,Kharif,Dry chillies,16,12,0.75
Karnataka,UTTAR KANNAD,2005,Kharif,Groundnut,554,272,0.490974729
Karnataka,UTTAR KANNAD,2005,Kharif,Horse-gram,31,18,0.580645161
Karnataka,UTTAR KANNAD,2005,Kharif,Jowar,226,325,1.438053097
Karnataka,UTTAR KANNAD,2005,Kharif,Maize,1887,4424,2.344462109
Karnataka,UTTAR KANNAD,2005,Kharif,Ragi,17,21,1.235294118
Karnataka,UTTAR KANNAD,2005,Kharif,Rice,78255,157443,2.011922561
Karnataka,UTTAR KANNAD,2005,Kharif,Sesamum,2,2,1
Karnataka,UTTAR KANNAD,2005,Kharif,Soyabean,308,173,0.561688312
Karnataka,UTTAR KANNAD,2005,Kharif,Sunflower,6,4,0.666666667
Karnataka,UTTAR KANNAD,2005,Rabi,Dry chillies,5,8,1.6
Karnataka,UTTAR KANNAD,2005,Rabi,Gram,15,8,0.533333333
Karnataka,UTTAR KANNAD,2005,Rabi,Groundnut,2872,4572,1.591922006
Karnataka,UTTAR KANNAD,2005,Rabi,Horse-gram,276,110,0.398550725
Karnataka,UTTAR KANNAD,2005,Rabi,Jowar,6,4,0.666666667
Karnataka,UTTAR KANNAD,2005,Rabi,Linseed,1,,
Karnataka,UTTAR KANNAD,2005,Rabi,Maize,37,63,1.702702703
Karnataka,UTTAR KANNAD,2005,Rabi,Moong(Green Gram),778,229,0.294344473
Karnataka,UTTAR KANNAD,2005,Rabi,Onion,72,746,10.36111111
Karnataka,UTTAR KANNAD,2005,Rabi,Other  Rabi pulses,614,84,0.136807818
Karnataka,UTTAR KANNAD,2005,Rabi,Ragi,10,17,1.7
Karnataka,UTTAR KANNAD,2005,Rabi,Rapeseed &Mustard,3,,
Karnataka,UTTAR KANNAD,2005,Rabi,Rice,2030,4418,2.17635468
Karnataka,UTTAR KANNAD,2005,Rabi,Sunflower,90,84,0.933333333
Karnataka,UTTAR KANNAD,2005,Rabi,Urad,698,334,0.478510029
Karnataka,UTTAR KANNAD,2005,Summer,Jowar,3,5,1.666666667
Karnataka,UTTAR KANNAD,2005,Summer,Maize,4,12,3
Karnataka,UTTAR KANNAD,2005,Summer,Rice,2027,4791,2.363591515
Karnataka,UTTAR KANNAD,2005,Whole Year,Arecanut,14324,92799,6.478567439
Karnataka,UTTAR KANNAD,2005,Whole Year,Banana,1731,2069,1.195262854
Karnataka,UTTAR KANNAD,2005,Whole Year,Black pepper,234,572,2.444444444
Karnataka,UTTAR KANNAD,2005,Whole Year,Cardamom,471,26,0.055201699
Karnataka,UTTAR KANNAD,2005,Whole Year,Coconut,7197,34229,4.756009448
Karnataka,UTTAR KANNAD,2005,Whole Year,Cotton(lint),8176,5939,0.726394325
Karnataka,UTTAR KANNAD,2005,Whole Year,Dry ginger,40,509,12.725
Karnataka,UTTAR KANNAD,2005,Whole Year,Sugarcane,1029,90912,88.34985423
Karnataka,UTTAR KANNAD,2005,Whole Year,Sweet potato,33,209,6.333333333
Karnataka,UTTAR KANNAD,2005,Whole Year,Tobacco,40,25,0.625
Karnataka,UTTAR KANNAD,2005,Whole Year,Turmeric,1,5,5
Karnataka,UTTAR KANNAD,2006,Kharif,Arhar/Tur,89,39,0.438202247
Karnataka,UTTAR KANNAD,2006,Kharif,Groundnut,424,136,0.320754717
Karnataka,UTTAR KANNAD,2006,Kharif,Horse-gram,15,5,0.333333333
Karnataka,UTTAR KANNAD,2006,Kharif,Jowar,134,135,1.007462687
Karnataka,UTTAR KANNAD,2006,Kharif,Maize,1980,1581,0.798484848
Karnataka,UTTAR KANNAD,2006,Kharif,Ragi,16,14,0.875
Karnataka,UTTAR KANNAD,2006,Kharif,Rice,77829,154515,1.985313958
Karnataka,UTTAR KANNAD,2006,Kharif,Sesamum,1,1,1
Karnataka,UTTAR KANNAD,2006,Kharif,Soyabean,182,135,0.741758242
Karnataka,UTTAR KANNAD,2006,Kharif,Sunflower,12,7,0.583333333
Karnataka,UTTAR KANNAD,2006,Rabi,Gram,12,6,0.5
Karnataka,UTTAR KANNAD,2006,Rabi,Groundnut,2809,4318,1.537201851
Karnataka,UTTAR KANNAD,2006,Rabi,Horse-gram,261,77,0.295019157
Karnataka,UTTAR KANNAD,2006,Rabi,Jowar,3,2,0.666666667
Karnataka,UTTAR KANNAD,2006,Rabi,Linseed,2,1,0.5
Karnataka,UTTAR KANNAD,2006,Rabi,Maize,18,18,1
Karnataka,UTTAR KANNAD,2006,Rabi,Moong(Green Gram),774,234,0.302325581
Karnataka,UTTAR KANNAD,2006,Rabi,Other  Rabi pulses,573,126,0.219895288
Karnataka,UTTAR KANNAD,2006,Rabi,Ragi,7,7,1
Karnataka,UTTAR KANNAD,2006,Rabi,Rice,1913,4791,2.504443283
Karnataka,UTTAR KANNAD,2006,Rabi,Sunflower,117,95,0.811965812
Karnataka,UTTAR KANNAD,2006,Rabi,Urad,633,333,0.526066351
Karnataka,UTTAR KANNAD,2006,Summer,Maize,43,131,3.046511628
Karnataka,UTTAR KANNAD,2006,Summer,Rice,1442,3717,2.577669903
Karnataka,UTTAR KANNAD,2006,Summer,Sunflower,2,2,1
Karnataka,UTTAR KANNAD,2006,Whole Year,Arecanut,14813,20135,1.359279012
Karnataka,UTTAR KANNAD,2006,Whole Year,Banana,1986,4232,2.130916415
Karnataka,UTTAR KANNAD,2006,Whole Year,Black pepper,254,621,2.44488189
Karnataka,UTTAR KANNAD,2006,Whole Year,Cardamom,517,29,0.056092843
Karnataka,UTTAR KANNAD,2006,Whole Year,Coconut,7479,35570,4.75598342
Karnataka,UTTAR KANNAD,2006,Whole Year,Cotton(lint),8335,4285,0.514097181
Karnataka,UTTAR KANNAD,2006,Whole Year,Dry chillies,17,27,1.588235294
Karnataka,UTTAR KANNAD,2006,Whole Year,Dry ginger,78,993,12.73076923
Karnataka,UTTAR KANNAD,2006,Whole Year,Onion,74,457,6.175675676
Karnataka,UTTAR KANNAD,2006,Whole Year,Sugarcane,1247,108988,87.40016038
Karnataka,UTTAR KANNAD,2006,Whole Year,Sweet potato,34,216,6.352941176
Karnataka,UTTAR KANNAD,2006,Whole Year,Tobacco,132,59,0.446969697
Karnataka,UTTAR KANNAD,2006,Whole Year,Turmeric,1,5,5
Karnataka,UTTAR KANNAD,2007,Kharif,Arhar/Tur,82,54,0.658536585
Karnataka,UTTAR KANNAD,2007,Kharif,Dry chillies,12,11,0.916666667
Karnataka,UTTAR KANNAD,2007,Kharif,Groundnut,323,230,0.712074303
Karnataka,UTTAR KANNAD,2007,Kharif,Horse-gram,13,7,0.538461538
Karnataka,UTTAR KANNAD,2007,Kharif,Jowar,76,132,1.736842105
Karnataka,UTTAR KANNAD,2007,Kharif,Maize,2826,8409,2.975583864
Karnataka,UTTAR KANNAD,2007,Kharif,Ragi,19,26,1.368421053
Karnataka,UTTAR KANNAD,2007,Kharif,Rice,77362,155370,2.008350353
Karnataka,UTTAR KANNAD,2007,Kharif,Sesamum,1,1,1
Karnataka,UTTAR KANNAD,2007,Kharif,Soyabean,127,104,0.818897638
Karnataka,UTTAR KANNAD,2007,Kharif,Sunflower,4,3,0.75
Karnataka,UTTAR KANNAD,2007,Rabi,Dry chillies,5,9,1.8
Karnataka,UTTAR KANNAD,2007,Rabi,Gram,16,9,0.5625
Karnataka,UTTAR KANNAD,2007,Rabi,Groundnut,2761,4699,1.701919594
Karnataka,UTTAR KANNAD,2007,Rabi,Horse-gram,243,115,0.473251029
Karnataka,UTTAR KANNAD,2007,Rabi,Jowar,14,12,0.857142857
Karnataka,UTTAR KANNAD,2007,Rabi,Linseed,2,1,0.5
Karnataka,UTTAR KANNAD,2007,Rabi,Maize,56,145,2.589285714
Karnataka,UTTAR KANNAD,2007,Rabi,Moong(Green Gram),865,687,0.794219653
Karnataka,UTTAR KANNAD,2007,Rabi,Onion,71,598,8.422535211
Karnataka,UTTAR KANNAD,2007,Rabi,Other  Rabi pulses,524,140,0.267175573
Karnataka,UTTAR KANNAD,2007,Rabi,Ragi,7,13,1.857142857
Karnataka,UTTAR KANNAD,2007,Rabi,Rice,1909,4075,2.134625458
Karnataka,UTTAR KANNAD,2007,Rabi,Sunflower,167,145,0.868263473
Karnataka,UTTAR KANNAD,2007,Rabi,Urad,582,226,0.388316151
Karnataka,UTTAR KANNAD,2007,Summer,Maize,52,168,3.230769231
Karnataka,UTTAR KANNAD,2007,Summer,Onion,10,84,8.4
Karnataka,UTTAR KANNAD,2007,Summer,Rice,1706,3847,2.254982415
Karnataka,UTTAR KANNAD,2007,Whole Year,Arecanut,14988,97101,6.478582866
Karnataka,UTTAR KANNAD,2007,Whole Year,Banana,1980,5453,2.754040404
Karnataka,UTTAR KANNAD,2007,Whole Year,Black pepper,247,814,3.295546559
Karnataka,UTTAR KANNAD,2007,Whole Year,Cardamom,505,47,0.093069307
Karnataka,UTTAR KANNAD,2007,Whole Year,Coconut,7415,38738,5.224275118
Karnataka,UTTAR KANNAD,2007,Whole Year,Cotton(lint),5596,5504,0.983559685
Karnataka,UTTAR KANNAD,2007,Whole Year,Dry ginger,92,1888,20.52173913
Karnataka,UTTAR KANNAD,2007,Whole Year,Sugarcane,1484,125472,84.54986523
Karnataka,UTTAR KANNAD,2007,Whole Year,Sweet potato,31,197,6.35483871
Karnataka,UTTAR KANNAD,2007,Whole Year,Tobacco,108,46,0.425925926
Karnataka,UTTAR KANNAD,2007,Whole Year,Turmeric,1,8,8
Karnataka,UTTAR KANNAD,2008,Kharif,Arhar/Tur,68,36,0.529411765
Karnataka,UTTAR KANNAD,2008,Kharif,Groundnut,302,108,0.357615894
Karnataka,UTTAR KANNAD,2008,Kharif,Horse-gram,13,6,0.461538462
Karnataka,UTTAR KANNAD,2008,Kharif,Jowar,64,85,1.328125
Karnataka,UTTAR KANNAD,2008,Kharif,Maize,2976,13141,4.415658602
Karnataka,UTTAR KANNAD,2008,Kharif,Ragi,28,18,0.642857143
Karnataka,UTTAR KANNAD,2008,Kharif,Rice,77373,115401.83,1.491500006
Karnataka,UTTAR KANNAD,2008,Kharif,Sesamum,1,1,1
Karnataka,UTTAR KANNAD,2008,Kharif,Soyabean,31,21,0.677419355
Karnataka,UTTAR KANNAD,2008,Kharif,Sunflower,4,3,0.75
Karnataka,UTTAR KANNAD,2008,Rabi,Dry chillies,4,7,1.75
Karnataka,UTTAR KANNAD,2008,Rabi,Gram,10,5,0.5
Karnataka,UTTAR KANNAD,2008,Rabi,Groundnut,2650,4031,1.521132075
Karnataka,UTTAR KANNAD,2008,Rabi,Horse-gram,190,70,0.368421053
Karnataka,UTTAR KANNAD,2008,Rabi,Jowar,2,2,1
Karnataka,UTTAR KANNAD,2008,Rabi,Linseed,8,3,0.375
Karnataka,UTTAR KANNAD,2008,Rabi,Maize,231,728,3.151515152
Karnataka,UTTAR KANNAD,2008,Rabi,Moong(Green Gram),818,176,0.215158924
Karnataka,UTTAR KANNAD,2008,Rabi,Onion,72,481,6.680555556
Karnataka,UTTAR KANNAD,2008,Rabi,Other  Rabi pulses,488,153,0.31352459
Karnataka,UTTAR KANNAD,2008,Rabi,Ragi,2,3,1.5
Karnataka,UTTAR KANNAD,2008,Rabi,Rice,1918,4456,2.323253389
Karnataka,UTTAR KANNAD,2008,Rabi,Sunflower,222,174,0.783783784
Karnataka,UTTAR KANNAD,2008,Rabi,Urad,518,225,0.434362934
Karnataka,UTTAR KANNAD,2008,Summer,Maize,118,371,3.144067797
Karnataka,UTTAR KANNAD,2008,Summer,Rice,1199,2650,2.210175146
Karnataka,UTTAR KANNAD,2008,Summer,Sunflower,2,2,1
Karnataka,UTTAR KANNAD,2008,Whole Year,Arecanut,15801,102368,6.478577305
Karnataka,UTTAR KANNAD,2008,Whole Year,Banana,2186,10552,4.827081427
Karnataka,UTTAR KANNAD,2008,Whole Year,Black pepper,323,1369,4.238390093
Karnataka,UTTAR KANNAD,2008,Whole Year,Cardamom,532,53,0.09962406
Karnataka,UTTAR KANNAD,2008,Whole Year,Cashewnut,2952,2525.02,0.855359079
Karnataka,UTTAR KANNAD,2008,Whole Year,Coconut,7514,54795,7.292387543
Karnataka,UTTAR KANNAD,2008,Whole Year,Cotton(lint),3445,6391,1.855152395
Karnataka,UTTAR KANNAD,2008,Whole Year,Dry ginger,319,10163,31.85893417
Karnataka,UTTAR KANNAD,2008,Whole Year,Sugarcane,1242,107371,86.45008052
Karnataka,UTTAR KANNAD,2008,Whole Year,Sweet potato,27,273,10.11111111
Karnataka,UTTAR KANNAD,2008,Whole Year,Tobacco,65,33,0.507692308
Karnataka,UTTAR KANNAD,2008,Whole Year,Turmeric,3,14,4.666666667
Karnataka,UTTAR KANNAD,2009,Kharif,Arhar/Tur,45,21,0.466666667
Karnataka,UTTAR KANNAD,2009,Kharif,Gram,19,10,0.526315789
Karnataka,UTTAR KANNAD,2009,Kharif,Groundnut,316,145,0.458860759
Karnataka,UTTAR KANNAD,2009,Kharif,Horse-gram,19,10,0.526315789
Karnataka,UTTAR KANNAD,2009,Kharif,Jowar,36,36,1
Karnataka,UTTAR KANNAD,2009,Kharif,Maize,4042,15271,3.778080158
Karnataka,UTTAR KANNAD,2009,Kharif,Ragi,8,9,1.125
Karnataka,UTTAR KANNAD,2009,Kharif,Rice,76409,146628.87,1.918999987
Karnataka,UTTAR KANNAD,2009,Kharif,Sesamum,1,,
Karnataka,UTTAR KANNAD,2009,Kharif,Soyabean,18,8,0.444444444
Karnataka,UTTAR KANNAD,2009,Rabi,Dry chillies,4,12,3
Karnataka,UTTAR KANNAD,2009,Rabi,Gram,211,99,0.469194313
Karnataka,UTTAR KANNAD,2009,Rabi,Groundnut,2635,4667,1.771157495
Karnataka,UTTAR KANNAD,2009,Rabi,Horse-gram,211,99,0.469194313
Karnataka,UTTAR KANNAD,2009,Rabi,Jowar,2,1,0.5
Karnataka,UTTAR KANNAD,2009,Rabi,Maize,229,603,2.633187773
Karnataka,UTTAR KANNAD,2009,Rabi,Moong(Green Gram),785,167,0.212738854
Karnataka,UTTAR KANNAD,2009,Rabi,Onion,71,421,5.929577465
Karnataka,UTTAR KANNAD,2009,Rabi,Other  Rabi pulses,521,140,0.268714012
Karnataka,UTTAR KANNAD,2009,Rabi,Rice,1802,4209,2.335738069
Karnataka,UTTAR KANNAD,2009,Rabi,Sunflower,222,140,0.630630631
Karnataka,UTTAR KANNAD,2009,Rabi,Urad,628,245,0.390127389
Karnataka,UTTAR KANNAD,2009,Summer,Maize,180,487,2.705555556
Karnataka,UTTAR KANNAD,2009,Summer,Rice,2061,4707,2.283842795
Karnataka,UTTAR KANNAD,2009,Summer,Sunflower,1,1,1
Karnataka,UTTAR KANNAD,2009,Whole Year,Arecanut,16078,104162,6.478542107
Karnataka,UTTAR KANNAD,2009,Whole Year,Banana,2236,22836,10.21288014
Karnataka,UTTAR KANNAD,2009,Whole Year,Black pepper,400,1485,3.7125
Karnataka,UTTAR KANNAD,2009,Whole Year,Cardamom,579,71,0.122625216
Karnataka,UTTAR KANNAD,2009,Whole Year,Cashewnut,2958,1906,0.644354293
Karnataka,UTTAR KANNAD,2009,Whole Year,Coconut,7581,53902,7.110143781
Karnataka,UTTAR KANNAD,2009,Whole Year,Cotton(lint),2783,5287,1.899748473
Karnataka,UTTAR KANNAD,2009,Whole Year,Dry ginger,277,8723,31.49097473
Karnataka,UTTAR KANNAD,2009,Whole Year,Sannhamp,17,4,0.235294118
Karnataka,UTTAR KANNAD,2009,Whole Year,Sugarcane,1256,105002,83.60031847
Karnataka,UTTAR KANNAD,2009,Whole Year,Sweet potato,27,177,6.555555556
Karnataka,UTTAR KANNAD,2009,Whole Year,Tobacco,5,4,0.8
Karnataka,UTTAR KANNAD,2009,Whole Year,Turmeric,3,15,5
Karnataka,UTTAR KANNAD,2010,Kharif,Arhar/Tur,39,23,0.58974359
Karnataka,UTTAR KANNAD,2010,Kharif,Cotton(lint),2986,8226,2.754855995
Karnataka,UTTAR KANNAD,2010,Kharif,Groundnut,356,228,0.640449438
Karnataka,UTTAR KANNAD,2010,Kharif,Horse-gram,15,9,0.6
Karnataka,UTTAR KANNAD,2010,Kharif,Jowar,19,30,1.578947368
Karnataka,UTTAR KANNAD,2010,Kharif,Maize,4143,17818,4.30074825
Karnataka,UTTAR KANNAD,2010,Kharif,Other Kharif pulses,9,3,0.333333333
Karnataka,UTTAR KANNAD,2010,Kharif,Ragi,8,8,1
Karnataka,UTTAR KANNAD,2010,Kharif,Rice,75425,143863,1.907364932
Karnataka,UTTAR KANNAD,2010,Kharif,Sesamum,4,2,0.5
Karnataka,UTTAR KANNAD,2010,Rabi,Cowpea(Lobia),334,88,0.263473054
Karnataka,UTTAR KANNAD,2010,Rabi,Dry chillies,7,19,2.714285714
Karnataka,UTTAR KANNAD,2010,Rabi,Gram,10,6,0.6
Karnataka,UTTAR KANNAD,2010,Rabi,Groundnut,2588,4273,1.651081917
Karnataka,UTTAR KANNAD,2010,Rabi,Horse-gram,175,106,0.605714286
Karnataka,UTTAR KANNAD,2010,Rabi,Jowar,2,1,0.5
Karnataka,UTTAR KANNAD,2010,Rabi,Maize,212,625,2.948113208
Karnataka,UTTAR KANNAD,2010,Rabi,Moong(Green Gram),713,117,0.164095372
Karnataka,UTTAR KANNAD,2010,Rabi,Onion,73,500,6.849315068
Karnataka,UTTAR KANNAD,2010,Rabi,Other  Rabi pulses,134,51,0.380597015
Karnataka,UTTAR KANNAD,2010,Rabi,Ragi,4,7,1.75
Karnataka,UTTAR KANNAD,2010,Rabi,Rice,2036,4460,2.190569745
Karnataka,UTTAR KANNAD,2010,Rabi,Sunflower,215,185,0.860465116
Karnataka,UTTAR KANNAD,2010,Rabi,Urad,566,265,0.46819788
Karnataka,UTTAR KANNAD,2010,Summer,Maize,134,302,2.253731343
Karnataka,UTTAR KANNAD,2010,Summer,Rice,1558,3137,2.013478819
Karnataka,UTTAR KANNAD,2010,Whole Year,Arecanut,16634,232441,13.97384874
Karnataka,UTTAR KANNAD,2010,Whole Year,Banana,2316,26060,11.25215889
Karnataka,UTTAR KANNAD,2010,Whole Year,Black pepper,408,96.1,0.235539216
Karnataka,UTTAR KANNAD,2010,Whole Year,Cardamom,536,64,0.119402985
Karnataka,UTTAR KANNAD,2010,Whole Year,Cashewnut,2996,1860,0.62082777
Karnataka,UTTAR KANNAD,2010,Whole Year,Coconut,7690,65107,8.466449935
Karnataka,UTTAR KANNAD,2010,Whole Year,Dry ginger,204,738.2,3.618627451
Karnataka,UTTAR KANNAD,2010,Whole Year,Sannhamp,33,8,0.242424242
Karnataka,UTTAR KANNAD,2010,Whole Year,Sugarcane,1290,137256,106.4
Karnataka,UTTAR KANNAD,2010,Whole Year,Sweet potato,34,280,8.235294118
Karnataka,UTTAR KANNAD,2010,Whole Year,Turmeric,1,5,5
Karnataka,UTTAR KANNAD,2011,Kharif,Arhar/Tur,30,14,0.466666667
Karnataka,UTTAR KANNAD,2011,Kharif,Cotton(lint),3208,3298,1.028054863
Karnataka,UTTAR KANNAD,2011,Kharif,Groundnut,266,147,0.552631579
Karnataka,UTTAR KANNAD,2011,Kharif,Horse-gram,13,7,0.538461538
Karnataka,UTTAR KANNAD,2011,Kharif,Jowar,3,4,1.333333333
Karnataka,UTTAR KANNAD,2011,Kharif,Maize,3633,10596,2.916597853
Karnataka,UTTAR KANNAD,2011,Kharif,Ragi,6,7,1.166666667
Karnataka,UTTAR KANNAD,2011,Kharif,Rice,72590,144585,1.991803279
Karnataka,UTTAR KANNAD,2011,Kharif,Sesamum,2,1,0.5
Karnataka,UTTAR KANNAD,2011,Rabi,Cowpea(Lobia),219,77,0.351598174
Karnataka,UTTAR KANNAD,2011,Rabi,Dry chillies,6,14,2.333333333
Karnataka,UTTAR KANNAD,2011,Rabi,Gram,4,2,0.5
Karnataka,UTTAR KANNAD,2011,Rabi,Groundnut,2312,3418,1.478373702
Karnataka,UTTAR KANNAD,2011,Rabi,Horse-gram,322,162,0.50310559
Karnataka,UTTAR KANNAD,2011,Rabi,Maize,214,690,3.224299065
Karnataka,UTTAR KANNAD,2011,Rabi,Moong(Green Gram),933,292,0.312968917
Karnataka,UTTAR KANNAD,2011,Rabi,Onion,56,446,7.964285714
Karnataka,UTTAR KANNAD,2011,Rabi,Other  Rabi pulses,121,112,0.925619835
Karnataka,UTTAR KANNAD,2011,Rabi,Ragi,4,7,1.75
Karnataka,UTTAR KANNAD,2011,Rabi,Rice,1869,4262,2.280363831
Karnataka,UTTAR KANNAD,2011,Rabi,Sunflower,167,127,0.760479042
Karnataka,UTTAR KANNAD,2011,Rabi,Urad,515,262,0.508737864
Karnataka,UTTAR KANNAD,2011,Summer,Jowar,2,4,2
Karnataka,UTTAR KANNAD,2011,Summer,Maize,367,994,2.708446866
Karnataka,UTTAR KANNAD,2011,Summer,Rice,1289,2818,2.186190846
Karnataka,UTTAR KANNAD,2011,Summer,Sunflower,4,4,1
Karnataka,UTTAR KANNAD,2011,Whole Year,Arecanut,17075,240463,14.08275256
Karnataka,UTTAR KANNAD,2011,Whole Year,Banana,2375,28977,12.20084211
Karnataka,UTTAR KANNAD,2011,Whole Year,Black pepper,431,110.9,0.257308585
Karnataka,UTTAR KANNAD,2011,Whole Year,Cardamom,533,66,0.123827392
Karnataka,UTTAR KANNAD,2011,Whole Year,Cashewnut,3026,1872,0.618638467
Karnataka,UTTAR KANNAD,2011,Whole Year,Coconut,7713,59392,7.700246337
Karnataka,UTTAR KANNAD,2011,Whole Year,Dry ginger,560,1781.8,3.181785714
Karnataka,UTTAR KANNAD,2011,Whole Year,Sugarcane,2744,151194,55.09985423
Karnataka,UTTAR KANNAD,2011,Whole Year,Sweet potato,27,393,14.55555556
Karnataka,UTTAR KANNAD,2011,Whole Year,Turmeric,6,30,5
Karnataka,UTTAR KANNAD,2012,Kharif,Arhar/Tur,34,24,0.705882353
Karnataka,UTTAR KANNAD,2012,Kharif,Cotton(lint),2597,5964,2.296495957
Karnataka,UTTAR KANNAD,2012,Kharif,Groundnut,182,102,0.56043956
Karnataka,UTTAR KANNAD,2012,Kharif,Horse-gram,9,4,0.444444444
Karnataka,UTTAR KANNAD,2012,Kharif,Jowar,5,6,1.2
Karnataka,UTTAR KANNAD,2012,Kharif,Maize,3974,23044,5.798691495
Karnataka,UTTAR KANNAD,2012,Kharif,Ragi,12,18,1.5
Karnataka,UTTAR KANNAD,2012,Kharif,Rice,71506,144149,2.015900764
Karnataka,UTTAR KANNAD,2012,Kharif,Soyabean,4,4,1
Karnataka,UTTAR KANNAD,2012,Rabi,Cowpea(Lobia),100,33,0.33
Karnataka,UTTAR KANNAD,2012,Rabi,Dry chillies,6,16,2.666666667
Karnataka,UTTAR KANNAD,2012,Rabi,Gram,4,3,0.75
Karnataka,UTTAR KANNAD,2012,Rabi,Groundnut,1548,2949,1.90503876
Karnataka,UTTAR KANNAD,2012,Rabi,Horse-gram,297,113,0.38047138
Karnataka,UTTAR KANNAD,2012,Rabi,Jowar,3,3,1
Karnataka,UTTAR KANNAD,2012,Rabi,Maize,238,720,3.025210084
Karnataka,UTTAR KANNAD,2012,Rabi,Moong(Green Gram),654,152,0.232415902
Karnataka,UTTAR KANNAD,2012,Rabi,Onion,54,353,6.537037037
Karnataka,UTTAR KANNAD,2012,Rabi,Other  Rabi pulses,108,49,0.453703704
Karnataka,UTTAR KANNAD,2012,Rabi,Ragi,4,6,1.5
Karnataka,UTTAR KANNAD,2012,Rabi,Rice,1567,3421,2.183152521
Karnataka,UTTAR KANNAD,2012,Rabi,Sunflower,141,70,0.496453901
Karnataka,UTTAR KANNAD,2012,Rabi,Urad,241,125,0.518672199
Karnataka,UTTAR KANNAD,2012,Summer,Cowpea(Lobia),124,45,0.362903226
Karnataka,UTTAR KANNAD,2012,Summer,Groundnut,674,691,1.025222552
Karnataka,UTTAR KANNAD,2012,Summer,Maize,295,1014,3.437288136
Karnataka,UTTAR KANNAD,2012,Summer,Rice,1211,2499,2.063583815
Karnataka,UTTAR KANNAD,2012,Summer,Sunflower,9,9,1
Karnataka,UTTAR KANNAD,2012,Whole Year,Arecanut,17746,249912,14.08272287
Karnataka,UTTAR KANNAD,2012,Whole Year,Black pepper,627,1614,2.574162679
Karnataka,UTTAR KANNAD,2012,Whole Year,Cardamom,789,98,0.124207858
Karnataka,UTTAR KANNAD,2012,Whole Year,Cashewnut,3190,1974,0.618808777
Karnataka,UTTAR KANNAD,2012,Whole Year,Coconut,7752,59692,7.700206398
Karnataka,UTTAR KANNAD,2012,Whole Year,Dry ginger,268,8538,31.85820896
Karnataka,UTTAR KANNAD,2012,Whole Year,Sannhamp,59,15,0.254237288
Karnataka,UTTAR KANNAD,2012,Whole Year,Sugarcane,3079,327606,106.4001299
Karnataka,UTTAR KANNAD,2012,Whole Year,Sweet potato,26,403,15.5
Karnataka,UTTAR KANNAD,2012,Whole Year,Turmeric,56,263,4.696428571
Karnataka,UTTAR KANNAD,2013,Kharif,Arhar/Tur,7,6,0.857142857
Karnataka,UTTAR KANNAD,2013,Kharif,Cotton(lint),1351,2763,2.045151739
Karnataka,UTTAR KANNAD,2013,Kharif,Groundnut,176,149,0.846590909
Karnataka,UTTAR KANNAD,2013,Kharif,Horse-gram,15,8,0.533333333
Karnataka,UTTAR KANNAD,2013,Kharif,Maize,5243,14718,2.807171467
Karnataka,UTTAR KANNAD,2013,Kharif,Ragi,8,15,1.875
Karnataka,UTTAR KANNAD,2013,Kharif,Rice,67136,163211,2.431050405
Karnataka,UTTAR KANNAD,2013,Rabi,Cowpea(Lobia),165,70,0.424242424
Karnataka,UTTAR KANNAD,2013,Rabi,Dry chillies,7,13,1.857142857
Karnataka,UTTAR KANNAD,2013,Rabi,Gram,13,10,0.769230769
Karnataka,UTTAR KANNAD,2013,Rabi,Groundnut,2200,3994,1.815454545
Karnataka,UTTAR KANNAD,2013,Rabi,Horse-gram,269,137,0.50929368
Karnataka,UTTAR KANNAD,2013,Rabi,Jowar,2,2,1
Karnataka,UTTAR KANNAD,2013,Rabi,Maize,254,778,3.062992126
Karnataka,UTTAR KANNAD,2013,Rabi,Moong(Green Gram),668,152,0.22754491
Karnataka,UTTAR KANNAD,2013,Rabi,Onion,61,429,7.032786885
Karnataka,UTTAR KANNAD,2013,Rabi,Other  Rabi pulses,98,78,0.795918367
Karnataka,UTTAR KANNAD,2013,Rabi,Ragi,1,1,1
Karnataka,UTTAR KANNAD,2013,Rabi,Rice,1527,4115,2.694826457
Karnataka,UTTAR KANNAD,2013,Rabi,Sunflower,94,56,0.595744681
Karnataka,UTTAR KANNAD,2013,Rabi,Urad,345,197,0.571014493
Karnataka,UTTAR KANNAD,2013,Summer,Cowpea(Lobia),117,46,0.393162393
Karnataka,UTTAR KANNAD,2013,Summer,Dry chillies,6,16,2.666666667
Karnataka,UTTAR KANNAD,2013,Summer,Jowar,2,3,1.5
Karnataka,UTTAR KANNAD,2013,Summer,Maize,411,1333,3.243309002
Karnataka,UTTAR KANNAD,2013,Summer,Rice,1302,2997,2.301843318
Karnataka,UTTAR KANNAD,2013,Summer,Sunflower,3,3,1
Karnataka,UTTAR KANNAD,2013,Whole Year,Arecanut,17671,196828,11.13847547
Karnataka,UTTAR KANNAD,2013,Whole Year,Black pepper,624,1903,3.049679487
Karnataka,UTTAR KANNAD,2013,Whole Year,Cardamom,495,85,0.171717172
Karnataka,UTTAR KANNAD,2013,Whole Year,Cashewnut,3325,3618,1.088120301
Karnataka,UTTAR KANNAD,2013,Whole Year,Coconut,7768,61630,7.933831102
Karnataka,UTTAR KANNAD,2013,Whole Year,Dry ginger,384,7288,18.97916667
Karnataka,UTTAR KANNAD,2013,Whole Year,Sugarcane,5324,419797,78.84992487
Karnataka,UTTAR KANNAD,2013,Whole Year,Sweet potato,20,294,14.7
Karnataka,UTTAR KANNAD,2013,Whole Year,Turmeric,7,33,4.714285714
Karnataka,UTTAR KANNAD,2014,Kharif,Arhar/Tur,5,3,0.6
Karnataka,UTTAR KANNAD,2014,Kharif,Cotton(lint),1412,2612,1.849858357
Karnataka,UTTAR KANNAD,2014,Kharif,Groundnut,149,109,0.731543624
Karnataka,UTTAR KANNAD,2014,Kharif,Horse-gram,7,3,0.428571429
Karnataka,UTTAR KANNAD,2014,Kharif,Maize,5667,21938,3.871184048
Karnataka,UTTAR KANNAD,2014,Kharif,Ragi,8,15,1.875
Karnataka,UTTAR KANNAD,2014,Kharif,Rice,65865,145604,2.210642982
Karnataka,UTTAR KANNAD,2014,Kharif,Soyabean,4,3,0.75
Karnataka,UTTAR KANNAD,2014,Rabi,Cowpea(Lobia),190,70,0.368421053
Karnataka,UTTAR KANNAD,2014,Rabi,Dry chillies,5,9,1.8
Karnataka,UTTAR KANNAD,2014,Rabi,Gram,18,13,0.722222222
Karnataka,UTTAR KANNAD,2014,Rabi,Groundnut,1921,3779,1.967204581
Karnataka,UTTAR KANNAD,2014,Rabi,Horse-gram,461,226,0.490238612
Karnataka,UTTAR KANNAD,2014,Rabi,Maize,187,632,3.379679144
Karnataka,UTTAR KANNAD,2014,Rabi,Moong(Green Gram),582,143,0.245704467
Karnataka,UTTAR KANNAD,2014,Rabi,Onion,58,384,6.620689655
Karnataka,UTTAR KANNAD,2014,Rabi,Other  Rabi pulses,64,49,0.765625
Karnataka,UTTAR KANNAD,2014,Rabi,Ragi,1,2,2
Karnataka,UTTAR KANNAD,2014,Rabi,Rice,1498,4012,2.67823765
Karnataka,UTTAR KANNAD,2014,Rabi,Sunflower,47,27,0.574468085
Karnataka,UTTAR KANNAD,2014,Rabi,Urad,362,165,0.455801105
Karnataka,UTTAR KANNAD,2014,Summer,Cowpea(Lobia),104,38,0.365384615
Karnataka,UTTAR KANNAD,2014,Summer,Dry chillies,9,17,1.888888889
Karnataka,UTTAR KANNAD,2014,Summer,Groundnut,33,28,0.848484848
Karnataka,UTTAR KANNAD,2014,Summer,Maize,439,1432,3.261958998
Karnataka,UTTAR KANNAD,2014,Summer,Rice,1147,3086,2.690496949
Karnataka,UTTAR KANNAD,2014,Summer,Sunflower,2,2,1
Karnataka,UTTAR KANNAD,2014,Whole Year,Arecanut,17912,227247,12.68685797
Karnataka,UTTAR KANNAD,2014,Whole Year,Black pepper,772,4532,5.870466321
Karnataka,UTTAR KANNAD,2014,Whole Year,Cardamom,528,67,0.126893939
Karnataka,UTTAR KANNAD,2014,Whole Year,Cashewnut,3380,3718,1.1
Karnataka,UTTAR KANNAD,2014,Whole Year,Coconut,7784,69463,8.923818088
Karnataka,UTTAR KANNAD,2014,Whole Year,Dry ginger,372,10805,29.04569892
Karnataka,UTTAR KANNAD,2014,Whole Year,Sannhamp,73,18,0.246575342
Karnataka,UTTAR KANNAD,2014,Whole Year,Sugarcane,6207,483525,77.89995167
Karnataka,UTTAR KANNAD,2014,Whole Year,Sweet potato,20,339,16.95
Karnataka,UTTAR KANNAD,2014,Whole Year,Turmeric,7,42,6
Karnataka,YADGIR,2010,Kharif,Arhar/Tur,67495,48218,0.714393659
Karnataka,YADGIR,2010,Kharif,Bajra,23349,18167,0.7780633
Karnataka,YADGIR,2010,Kharif,Castor seed,23,19,0.826086957
Karnataka,YADGIR,2010,Kharif,Cotton(lint),33316,87054,2.612978749
Karnataka,YADGIR,2010,Kharif,Cowpea(Lobia),363,83,0.228650138
Karnataka,YADGIR,2010,Kharif,Dry chillies,1451,1385,0.954514128
Karnataka,YADGIR,2010,Kharif,Groundnut,5426,3893,0.717471434
Karnataka,YADGIR,2010,Kharif,Horse-gram,90,52,0.577777778
Karnataka,YADGIR,2010,Kharif,Jowar,1080,1666,1.542592593
Karnataka,YADGIR,2010,Kharif,Maize,471,921,1.955414013
Karnataka,YADGIR,2010,Kharif,Moong(Green Gram),47166,20298,0.430352372
Karnataka,YADGIR,2010,Kharif,Niger seed,83,25,0.301204819
Karnataka,YADGIR,2010,Kharif,Onion,311,1952,6.276527331
Karnataka,YADGIR,2010,Kharif,Other Kharif pulses,173,43,0.248554913
Karnataka,YADGIR,2010,Kharif,Rice,52699,106769,2.026015674
Karnataka,YADGIR,2010,Kharif,Sesamum,222,61,0.274774775
Karnataka,YADGIR,2010,Kharif,Small millets,86,69,0.802325581
Karnataka,YADGIR,2010,Kharif,Sunflower,8343,3189,0.382236606
Karnataka,YADGIR,2010,Kharif,Urad,1250,544,0.4352
Karnataka,YADGIR,2010,Rabi,Bajra,76,50,0.657894737
Karnataka,YADGIR,2010,Rabi,Cowpea(Lobia),54,14,0.259259259
Karnataka,YADGIR,2010,Rabi,Dry chillies,22,60,2.727272727
Karnataka,YADGIR,2010,Rabi,Gram,27391,18141,0.662297835
Karnataka,YADGIR,2010,Rabi,Groundnut,31286,18873,0.603241066
Karnataka,YADGIR,2010,Rabi,Horse-gram,407,177,0.434889435
Karnataka,YADGIR,2010,Rabi,Jowar,55633,58731,1.055686373
Karnataka,YADGIR,2010,Rabi,Linseed,23,8,0.347826087
Karnataka,YADGIR,2010,Rabi,Maize,101,291,2.881188119
Karnataka,YADGIR,2010,Rabi,Onion,285,1952,6.849122807
Karnataka,YADGIR,2010,Rabi,Rice,3520,8166,2.319886364
Karnataka,YADGIR,2010,Rabi,Safflower,1045,650,0.622009569
Karnataka,YADGIR,2010,Rabi,Sunflower,2640,883,0.334469697
Karnataka,YADGIR,2010,Rabi,Wheat,1804,1605,0.889689579
Karnataka,YADGIR,2010,Summer,Bajra,617,462,0.748784441
Karnataka,YADGIR,2010,Summer,Dry chillies,2,6,3
Karnataka,YADGIR,2010,Summer,Jowar,20,42,2.1
Karnataka,YADGIR,2010,Summer,Maize,17,58,3.411764706
Karnataka,YADGIR,2010,Summer,Onion,18,192,10.66666667
Karnataka,YADGIR,2010,Summer,Rice,39552,81236,2.053903722
Karnataka,YADGIR,2010,Summer,Sunflower,142,70,0.492957746
Karnataka,YADGIR,2010,Whole Year,Coconut,218,2084,9.559633028
Karnataka,YADGIR,2010,Whole Year,Coriander,1,,
Karnataka,YADGIR,2010,Whole Year,Mesta,6,8,1.333333333
Karnataka,YADGIR,2010,Whole Year,Sugarcane,135,13082,96.9037037
Karnataka,YADGIR,2010,Whole Year,Sweet potato,19,157,8.263157895
Karnataka,YADGIR,2011,Kharif,Arhar/Tur,77524,29975,0.386654455
Karnataka,YADGIR,2011,Kharif,Bajra,17401,9655,0.554853169
Karnataka,YADGIR,2011,Kharif,Castor seed,28,23,0.821428571
Karnataka,YADGIR,2011,Kharif,Cotton(lint),61892,109239,1.76499386
Karnataka,YADGIR,2011,Kharif,Cowpea(Lobia),263,139,0.52851711
Karnataka,YADGIR,2011,Kharif,Dry chillies,1559,1998,1.281590763
Karnataka,YADGIR,2011,Kharif,Groundnut,4490,2120,0.472160356
Karnataka,YADGIR,2011,Kharif,Horse-gram,63,34,0.53968254
Karnataka,YADGIR,2011,Kharif,Jowar,278,368,1.323741007
Karnataka,YADGIR,2011,Kharif,Maize,241,374,1.55186722
Karnataka,YADGIR,2011,Kharif,Moong(Green Gram),30697,8486,0.276443952
Karnataka,YADGIR,2011,Kharif,Niger seed,5,1,0.2
Karnataka,YADGIR,2011,Kharif,Onion,560,2764,4.935714286
Karnataka,YADGIR,2011,Kharif,Other Kharif pulses,10,11,1.1
Karnataka,YADGIR,2011,Kharif,Rice,51863,102798,1.982106704
Karnataka,YADGIR,2011,Kharif,Sesamum,427,47,0.110070258
Karnataka,YADGIR,2011,Kharif,Small millets,46,15,0.326086957
Karnataka,YADGIR,2011,Kharif,Sunflower,10967,2944,0.268441689
Karnataka,YADGIR,2011,Kharif,Urad,673,331,0.491827637
Karnataka,YADGIR,2011,Rabi,Bajra,828,545,0.65821256
Karnataka,YADGIR,2011,Rabi,Cotton(lint),3,6,2
Karnataka,YADGIR,2011,Rabi,Cowpea(Lobia),13,5,0.384615385
Karnataka,YADGIR,2011,Rabi,Dry chillies,2,5,2.5
Karnataka,YADGIR,2011,Rabi,Gram,12407,4627,0.372934634
Karnataka,YADGIR,2011,Rabi,Groundnut,23194,13247,0.571139088
Karnataka,YADGIR,2011,Rabi,Horse-gram,102,42,0.411764706
Karnataka,YADGIR,2011,Rabi,Jowar,50007,33855,0.677005219
Karnataka,YADGIR,2011,Rabi,Linseed,19,5,0.263157895
Karnataka,YADGIR,2011,Rabi,Maize,97,308,3.175257732
Karnataka,YADGIR,2011,Rabi,Moong(Green Gram),9,3,0.333333333
Karnataka,YADGIR,2011,Rabi,Onion,384,3056,7.958333333
Karnataka,YADGIR,2011,Rabi,Rapeseed &Mustard,32,9,0.28125
Karnataka,YADGIR,2011,Rabi,Rice,9510,18015,1.894321767
Karnataka,YADGIR,2011,Rabi,Safflower,982,343,0.349287169
Karnataka,YADGIR,2011,Rabi,Sunflower,2662,577,0.21675432
Karnataka,YADGIR,2011,Rabi,Urad,2,1,0.5
Karnataka,YADGIR,2011,Rabi,Wheat,1675,1126,0.672238806
Karnataka,YADGIR,2011,Summer,Bajra,621,647,1.041867955
Karnataka,YADGIR,2011,Summer,Dry chillies,4,14,3.5
Karnataka,YADGIR,2011,Summer,Jowar,80,146,1.825
Karnataka,YADGIR,2011,Summer,Maize,141,480,3.404255319
Karnataka,YADGIR,2011,Summer,Onion,15,92,6.133333333
Karnataka,YADGIR,2011,Summer,Rice,7726,11222,1.452498059
Karnataka,YADGIR,2011,Summer,Sunflower,185,72,0.389189189
Karnataka,YADGIR,2011,Whole Year,Coconut,218,2167,9.940366972
Karnataka,YADGIR,2011,Whole Year,Coriander,2,1,0.5
Karnataka,YADGIR,2011,Whole Year,Mesta,5,6,1.2
Karnataka,YADGIR,2011,Whole Year,Sugarcane,278,25354,91.20143885
Karnataka,YADGIR,2012,Kharif,Arhar/Tur,61773,34389,0.556699529
Karnataka,YADGIR,2012,Kharif,Bajra,21183,18977,0.895859888
Karnataka,YADGIR,2012,Kharif,Castor seed,30,19,0.633333333
Karnataka,YADGIR,2012,Kharif,Cotton(lint),59706,183167,3.06781563
Karnataka,YADGIR,2012,Kharif,Cowpea(Lobia),83,23,0.277108434
Karnataka,YADGIR,2012,Kharif,Dry chillies,1032,1365,1.322674419
Karnataka,YADGIR,2012,Kharif,Groundnut,8608,5921,0.687848513
Karnataka,YADGIR,2012,Kharif,Horse-gram,103,42,0.40776699
Karnataka,YADGIR,2012,Kharif,Jowar,1222,1095,0.896072013
Karnataka,YADGIR,2012,Kharif,Maize,164,318,1.93902439
Karnataka,YADGIR,2012,Kharif,Moong(Green Gram),24232,8310,0.342934962
Karnataka,YADGIR,2012,Kharif,Niger seed,64,15,0.234375
Karnataka,YADGIR,2012,Kharif,Onion,264,1401,5.306818182
Karnataka,YADGIR,2012,Kharif,Other Kharif pulses,93,78,0.838709677
Karnataka,YADGIR,2012,Kharif,Rice,48612,64608,1.329054554
Karnataka,YADGIR,2012,Kharif,Sesamum,134,14,0.104477612
Karnataka,YADGIR,2012,Kharif,Small millets,36,11,0.305555556
Karnataka,YADGIR,2012,Kharif,Sunflower,7824,2973,0.379984663
Karnataka,YADGIR,2012,Kharif,Urad,1250,473,0.3784
Karnataka,YADGIR,2012,Rabi,Cowpea(Lobia),15,5,0.333333333
Karnataka,YADGIR,2012,Rabi,Gram,15711,9328,0.593724142
Karnataka,YADGIR,2012,Rabi,Groundnut,9770,16512,1.690071648
Karnataka,YADGIR,2012,Rabi,Horse-gram,146,66,0.452054795
Karnataka,YADGIR,2012,Rabi,Jowar,56954,59463,1.044053095
Karnataka,YADGIR,2012,Rabi,Linseed,3,1,0.333333333
Karnataka,YADGIR,2012,Rabi,Maize,388,1174,3.025773196
Karnataka,YADGIR,2012,Rabi,Onion,260,1702,6.546153846
Karnataka,YADGIR,2012,Rabi,Rice,7006,9731,1.388952327
Karnataka,YADGIR,2012,Rabi,Safflower,881,484,0.549375709
Karnataka,YADGIR,2012,Rabi,Sunflower,4073,1625,0.398968819
Karnataka,YADGIR,2012,Rabi,Urad,1,1,1
Karnataka,YADGIR,2012,Rabi,Wheat,1098,873,0.795081967
Karnataka,YADGIR,2012,Summer,Groundnut,14431,9665,0.669738757
Karnataka,YADGIR,2012,Summer,Maize,91,313,3.43956044
Karnataka,YADGIR,2012,Summer,Onion,4,23,5.75
Karnataka,YADGIR,2012,Summer,Rice,6912,9285,1.343315972
Karnataka,YADGIR,2012,Summer,Sunflower,202,101,0.5
Karnataka,YADGIR,2012,Whole Year,Coconut,214,2107,9.845794393
Karnataka,YADGIR,2012,Whole Year,Mesta,4,5,1.25
Karnataka,YADGIR,2012,Whole Year,Sugarcane,1171,97896,83.60034159
Karnataka,YADGIR,2013,Kharif,Arhar/Tur,82658,66589,0.805596554
Karnataka,YADGIR,2013,Kharif,Bajra,19647,20531,1.044994147
Karnataka,YADGIR,2013,Kharif,Castor seed,157,140,0.891719745
Karnataka,YADGIR,2013,Kharif,Cotton(lint),80504,381928,4.744211468
Karnataka,YADGIR,2013,Kharif,Cowpea(Lobia),48,18,0.375
Karnataka,YADGIR,2013,Kharif,Dry chillies,1381,1324,0.958725561
Karnataka,YADGIR,2013,Kharif,Groundnut,6246,5228,0.83701569
Karnataka,YADGIR,2013,Kharif,Horse-gram,40,20,0.5
Karnataka,YADGIR,2013,Kharif,Jowar,232,203,0.875
Karnataka,YADGIR,2013,Kharif,Maize,76,202,2.657894737
Karnataka,YADGIR,2013,Kharif,Moong(Green Gram),35651,11177,0.313511542
Karnataka,YADGIR,2013,Kharif,Niger seed,20,4,0.2
Karnataka,YADGIR,2013,Kharif,Onion,253,1674,6.616600791
Karnataka,YADGIR,2013,Kharif,Other Kharif pulses,5,4,0.8
Karnataka,YADGIR,2013,Kharif,Rice,50943,101680,1.995956265
Karnataka,YADGIR,2013,Kharif,Sesamum,141,25,0.177304965
Karnataka,YADGIR,2013,Kharif,Small millets,34,12,0.352941176
Karnataka,YADGIR,2013,Kharif,Sunflower,9585,4580,0.477829943
Karnataka,YADGIR,2013,Kharif,Urad,526,251,0.477186312
Karnataka,YADGIR,2013,Rabi,Cowpea(Lobia),72,30,0.416666667
Karnataka,YADGIR,2013,Rabi,Dry chillies,37,70,1.891891892
Karnataka,YADGIR,2013,Rabi,Gram,12194,8711,0.714367722
Karnataka,YADGIR,2013,Rabi,Horse-gram,68,33,0.485294118
Karnataka,YADGIR,2013,Rabi,Jowar,53608,71604,1.335696165
Karnataka,YADGIR,2013,Rabi,Linseed,8,2,0.25
Karnataka,YADGIR,2013,Rabi,Maize,54,165,3.055555556
Karnataka,YADGIR,2013,Rabi,Onion,791,5558,7.026548673
Karnataka,YADGIR,2013,Rabi,Rice,7555,13859,1.834414295
Karnataka,YADGIR,2013,Rabi,Safflower,565,376,0.665486726
Karnataka,YADGIR,2013,Rabi,Sunflower,3670,1778,0.484468665
Karnataka,YADGIR,2013,Rabi,Wheat,564,532,0.943262411
Karnataka,YADGIR,2013,Summer,Groundnut,34699,26239,0.756188939
Karnataka,YADGIR,2013,Summer,Jowar,11,18,1.636363636
Karnataka,YADGIR,2013,Summer,Maize,89,289,3.247191011
Karnataka,YADGIR,2013,Summer,Onion,3,24,8
Karnataka,YADGIR,2013,Summer,Rice,10905,18875,1.730857405
Karnataka,YADGIR,2013,Summer,Sunflower,583,408,0.699828473
Karnataka,YADGIR,2013,Whole Year,Coconut,197,1563,7.934010152
Karnataka,YADGIR,2013,Whole Year,Sugarcane,1207,107785,89.29991715
Karnataka,YADGIR,2014,Kharif,Arhar/Tur,44909,28414,0.632701686
Karnataka,YADGIR,2014,Kharif,Bajra,16160,15552,0.962376238
Karnataka,YADGIR,2014,Kharif,Castor seed,50,30,0.6
Karnataka,YADGIR,2014,Kharif,Cotton(lint),103866,362752,3.492499952
Karnataka,YADGIR,2014,Kharif,Cowpea(Lobia),68,30,0.441176471
Karnataka,YADGIR,2014,Kharif,Dry chillies,1145,1424,1.243668122
Karnataka,YADGIR,2014,Kharif,Groundnut,3751,3225,0.859770728
Karnataka,YADGIR,2014,Kharif,Horse-gram,11,5,0.454545455
Karnataka,YADGIR,2014,Kharif,Jowar,490,441,0.9
Karnataka,YADGIR,2014,Kharif,Maize,714,2316,3.243697479
Karnataka,YADGIR,2014,Kharif,Moong(Green Gram),10550,3598,0.341042654
Karnataka,YADGIR,2014,Kharif,Niger seed,14,4,0.285714286
Karnataka,YADGIR,2014,Kharif,Onion,395,2029,5.136708861
Karnataka,YADGIR,2014,Kharif,Other Kharif pulses,17,6,0.352941176
Karnataka,YADGIR,2014,Kharif,Rice,51456,146014,2.837647699
Karnataka,YADGIR,2014,Kharif,Sesamum,139,34,0.244604317
Karnataka,YADGIR,2014,Kharif,Small millets,55,20,0.363636364
Karnataka,YADGIR,2014,Kharif,Sunflower,4215,2114,0.501542112
Karnataka,YADGIR,2014,Kharif,Urad,184,65,0.35326087
Karnataka,YADGIR,2014,Rabi,Cowpea(Lobia),38,14,0.368421053
Karnataka,YADGIR,2014,Rabi,Dry chillies,51,96,1.882352941
Karnataka,YADGIR,2014,Rabi,Gram,17533,12026,0.685906576
Karnataka,YADGIR,2014,Rabi,Horse-gram,135,72,0.533333333
Karnataka,YADGIR,2014,Rabi,Jowar,41065,48023,1.169438695
Karnataka,YADGIR,2014,Rabi,Maize,114,385,3.377192982
Karnataka,YADGIR,2014,Rabi,Onion,329,2180,6.626139818
Karnataka,YADGIR,2014,Rabi,Rice,15448,36542,2.365484205
Karnataka,YADGIR,2014,Rabi,Safflower,559,311,0.556350626
Karnataka,YADGIR,2014,Rabi,Sunflower,299,136,0.454849498
Karnataka,YADGIR,2014,Rabi,Wheat,1080,1137,1.052777778
Karnataka,YADGIR,2014,Summer,Cowpea(Lobia),12,4,0.333333333
Karnataka,YADGIR,2014,Summer,Groundnut,39607,23140,0.58424016
Karnataka,YADGIR,2014,Summer,Jowar,29,61,2.103448276
Karnataka,YADGIR,2014,Summer,Maize,18,59,3.277777778
Karnataka,YADGIR,2014,Summer,Onion,7,34,4.857142857
Karnataka,YADGIR,2014,Summer,Rice,15205,35029,2.303781651
Karnataka,YADGIR,2014,Summer,Sunflower,14,5,0.357142857
Karnataka,YADGIR,2014,Whole Year,Coconut,168,1499,8.922619048
Karnataka,YADGIR,2014,Whole Year,Coriander,1,,
Karnataka,YADGIR,2014,Whole Year,Sugarcane,862,78614,91.19953596
Kerala,ALAPPUZHA,1997,Whole Year,Arecanut,2253,1518,0.673768309
Kerala,ALAPPUZHA,1997,Whole Year,Black pepper,2235,248,0.110961969
Kerala,ALAPPUZHA,1997,Whole Year,Cashewnut,7205,2358,0.327272727
Kerala,ALAPPUZHA,1997,Whole Year,Coconut,77893,399000,5.122411513
Kerala,ALAPPUZHA,1997,Whole Year,Tapioca,3911,74110,18.94911787
Kerala,ALAPPUZHA,1998,Autumn,Rice,8719,17570,2.015139351
Kerala,ALAPPUZHA,1998,Kharif,Sesamum,1150,140,0.12173913
Kerala,ALAPPUZHA,1998,Summer,Rice,19058,58013,3.044023507
Kerala,ALAPPUZHA,1998,Whole Year,Arecanut,2067,766,0.370585389
Kerala,ALAPPUZHA,1998,Whole Year,Banana,324,4493,13.86728395
Kerala,ALAPPUZHA,1998,Whole Year,Black pepper,2028,256,0.126232742
Kerala,ALAPPUZHA,1998,Whole Year,Cashewnut,4860,792,0.162962963
Kerala,ALAPPUZHA,1998,Whole Year,Coconut,58621,288000000,4912.915167
Kerala,ALAPPUZHA,1998,Whole Year,Dry ginger,119,224,1.882352941
Kerala,ALAPPUZHA,1998,Whole Year,Sugarcane,192,4190,21.82291667
Kerala,ALAPPUZHA,1998,Whole Year,Sweet potato,7,81,11.57142857
Kerala,ALAPPUZHA,1998,Whole Year,Tapioca,4929,86808,17.61168594
Kerala,ALAPPUZHA,1998,Whole Year,Turmeric,12,14,1.166666667
Kerala,ALAPPUZHA,1998,Winter,Rice,7348,16098,2.190800218
Kerala,ALAPPUZHA,1999,Autumn,Rice,8233,24776,3.009352605
Kerala,ALAPPUZHA,1999,Kharif,Sesamum,902,126,0.139689579
Kerala,ALAPPUZHA,1999,Summer,Rice,16404,39718,2.421238722
Kerala,ALAPPUZHA,1999,Whole Year,Arecanut,2308,1043,0.451906412
Kerala,ALAPPUZHA,1999,Whole Year,Banana,536,5418,10.10820896
Kerala,ALAPPUZHA,1999,Whole Year,Black pepper,1943,242,0.124549665
Kerala,ALAPPUZHA,1999,Whole Year,Cashewnut,4909,1326,0.270116113
Kerala,ALAPPUZHA,1999,Whole Year,Coconut,61270,333000000,5434.960013
Kerala,ALAPPUZHA,1999,Whole Year,Dry ginger,125,333,2.664
Kerala,ALAPPUZHA,1999,Whole Year,Sugarcane,92,2890,31.41304348
Kerala,ALAPPUZHA,1999,Whole Year,Sweet potato,2,23,11.5
Kerala,ALAPPUZHA,1999,Whole Year,Tapioca,4524,90552,20.01591512
Kerala,ALAPPUZHA,1999,Whole Year,Turmeric,11,13,1.181818182
Kerala,ALAPPUZHA,1999,Winter,Rice,10689,27593,2.581438862
Kerala,ALAPPUZHA,2000,Autumn,Rice,9808,16384,1.670473083
Kerala,ALAPPUZHA,2000,Kharif,Sesamum,617,201,0.325769854
Kerala,ALAPPUZHA,2000,Summer,Rice,17536,55953,3.190750456
Kerala,ALAPPUZHA,2000,Whole Year,Arecanut,2205,917,0.415873016
Kerala,ALAPPUZHA,2000,Whole Year,Banana,595,4134,6.94789916
Kerala,ALAPPUZHA,2000,Whole Year,Black pepper,2134,297,0.139175258
Kerala,ALAPPUZHA,2000,Whole Year,Cashewnut,4728,1234,0.260998308
Kerala,ALAPPUZHA,2000,Whole Year,Coconut,59775,288000000,4818.067754
Kerala,ALAPPUZHA,2000,Whole Year,Dry ginger,161,353,2.192546584
Kerala,ALAPPUZHA,2000,Whole Year,Sugarcane,116,7900,68.10344828
Kerala,ALAPPUZHA,2000,Whole Year,Sweet potato,1,12,12
Kerala,ALAPPUZHA,2000,Whole Year,Tapioca,4843,81313,16.78979971
Kerala,ALAPPUZHA,2000,Whole Year,Turmeric,11,12,1.090909091
Kerala,ALAPPUZHA,2000,Winter,Rice,10396,31207,3.001827626
Kerala,ALAPPUZHA,2001,Autumn,Rice,6851,2390,0.348854182
Kerala,ALAPPUZHA,2001,Kharif,Sesamum,140,36,0.257142857
Kerala,ALAPPUZHA,2001,Summer,Rice,8741,22668,2.593295962
Kerala,ALAPPUZHA,2001,Whole Year,Arecanut,2389,792,0.331519464
Kerala,ALAPPUZHA,2001,Whole Year,Banana,553,3372,6.097649186
Kerala,ALAPPUZHA,2001,Whole Year,Black pepper,2054,196,0.095423564
Kerala,ALAPPUZHA,2001,Whole Year,Cashewnut,4472,1355,0.302996422
Kerala,ALAPPUZHA,2001,Whole Year,Coconut,57047,280000000,4908.233562
Kerala,ALAPPUZHA,2001,Whole Year,Dry ginger,180,308,1.711111111
Kerala,ALAPPUZHA,2001,Whole Year,Rubber,3849,4114,1.068849052
Kerala,ALAPPUZHA,2001,Whole Year,Sugarcane,104,7080,68.07692308
Kerala,ALAPPUZHA,2001,Whole Year,Sweet potato,4,48,12
Kerala,ALAPPUZHA,2001,Whole Year,Tapioca,4367,72694,16.64621021
Kerala,ALAPPUZHA,2001,Whole Year,Turmeric,15,20,1.333333333
Kerala,ALAPPUZHA,2001,Winter,Rice,17519,47741,2.725098465
Kerala,ALAPPUZHA,2002,Autumn,Rice,3721,9467,2.544208546
Kerala,ALAPPUZHA,2002,Kharif,Sesamum,74,27,0.364864865
Kerala,ALAPPUZHA,2002,Summer,Rice,8765,28992,3.307701084
Kerala,ALAPPUZHA,2002,Whole Year,Arecanut,2441,1016,0.416222859
Kerala,ALAPPUZHA,2002,Whole Year,Banana,470,3815,8.117021277
Kerala,ALAPPUZHA,2002,Whole Year,Bhindi,16,0,0
Kerala,ALAPPUZHA,2002,Whole Year,Bitter Gourd,86,0,0
Kerala,ALAPPUZHA,2002,Whole Year,Black pepper,1940,174,0.089690722
Kerala,ALAPPUZHA,2002,Whole Year,Brinjal,55,0,0
Kerala,ALAPPUZHA,2002,Whole Year,Cashewnut,4313,1349,0.31277533
Kerala,ALAPPUZHA,2002,Whole Year,Cashewnut Raw,4313,1349,0.31277533
Kerala,ALAPPUZHA,2002,Whole Year,Coconut,55407,267000000,4818.8857
Kerala,ALAPPUZHA,2002,Whole Year,Drum Stick,825,920,1.115151515
Kerala,ALAPPUZHA,2002,Whole Year,Dry ginger,125,220,1.76
Kerala,ALAPPUZHA,2002,Whole Year,Jack Fruit,3015,5,0.001658375
Kerala,ALAPPUZHA,2002,Whole Year,Mango,5708,19244,3.371408549
Kerala,ALAPPUZHA,2002,Whole Year,Other Fresh Fruits,883,0,0
Kerala,ALAPPUZHA,2002,Whole Year,other oilseeds,135,0,0
Kerala,ALAPPUZHA,2002,Whole Year,Other Vegetables,1977,0,0
Kerala,ALAPPUZHA,2002,Whole Year,Papaya,1099,5467,4.974522293
Kerala,ALAPPUZHA,2002,Whole Year,Pineapple,105,403,3.838095238
Kerala,ALAPPUZHA,2002,Whole Year,Rubber,3825,4356,1.138823529
Kerala,ALAPPUZHA,2002,Whole Year,Snak Guard,76,0,0
Kerala,ALAPPUZHA,2002,Whole Year,Sugarcane,120,8170,68.08333333
Kerala,ALAPPUZHA,2002,Whole Year,Sweet potato,1,12,12
Kerala,ALAPPUZHA,2002,Whole Year,Tapioca,4121,70944,17.21523902
Kerala,ALAPPUZHA,2002,Whole Year,Turmeric,9,11,1.222222222
Kerala,ALAPPUZHA,2002,Winter,Rice,17149,53102,3.096507085
Kerala,ALAPPUZHA,2003,Autumn,Rice,5650,11736,2.077168142
Kerala,ALAPPUZHA,2003,Kharif,Sesamum,168,38,0.226190476
Kerala,ALAPPUZHA,2003,Kharif,Small millets,5,4,0.8
Kerala,ALAPPUZHA,2003,Summer,Rice,9727,21180,2.177444227
Kerala,ALAPPUZHA,2003,Whole Year,Arecanut,2416,978,0.404801325
Kerala,ALAPPUZHA,2003,Whole Year,Banana,553,3717,6.721518987
Kerala,ALAPPUZHA,2003,Whole Year,Bhindi,11,0,0
Kerala,ALAPPUZHA,2003,Whole Year,Bitter Gourd,90,0,0
Kerala,ALAPPUZHA,2003,Whole Year,Black pepper,1997,167,0.083625438
Kerala,ALAPPUZHA,2003,Whole Year,Brinjal,56,0,0
Kerala,ALAPPUZHA,2003,Whole Year,Cashewnut,4092,1394,0.340664712
Kerala,ALAPPUZHA,2003,Whole Year,Coconut,55982,312000000,5573.219964
Kerala,ALAPPUZHA,2003,Whole Year,Drum Stick,851,945,1.110458284
Kerala,ALAPPUZHA,2003,Whole Year,Dry ginger,117,198,1.692307692
Kerala,ALAPPUZHA,2003,Whole Year,Jack Fruit,3015,7,0.002321725
Kerala,ALAPPUZHA,2003,Whole Year,Mango,5371,19968,3.717743437
Kerala,ALAPPUZHA,2003,Whole Year,Other Fresh Fruits,762,0,0
Kerala,ALAPPUZHA,2003,Whole Year,Other Vegetables,2262,0,0
Kerala,ALAPPUZHA,2003,Whole Year,Papaya,1123,5581,4.969723954
Kerala,ALAPPUZHA,2003,Whole Year,Pineapple,87,392,4.505747126
Kerala,ALAPPUZHA,2003,Whole Year,Snak Guard,93,0,0
Kerala,ALAPPUZHA,2003,Whole Year,Sugarcane,162,11030,68.08641975
Kerala,ALAPPUZHA,2003,Whole Year,Sweet potato,1,12,12
Kerala,ALAPPUZHA,2003,Whole Year,Tapioca,3602,85333,23.69044975
Kerala,ALAPPUZHA,2003,Whole Year,Turmeric,8,7,0.875
Kerala,ALAPPUZHA,2003,Winter,Rice,16706,30092,1.801269005
Kerala,ALAPPUZHA,2004,Autumn,Rice,6366,18345,2.881715363
Kerala,ALAPPUZHA,2004,Kharif,Sesamum,176,48,0.272727273
Kerala,ALAPPUZHA,2004,Summer,Rice,11991,27680,2.308397965
Kerala,ALAPPUZHA,2004,Whole Year,Arecanut,2376,1006,0.423400673
Kerala,ALAPPUZHA,2004,Whole Year,Banana,564,3725,6.604609929
Kerala,ALAPPUZHA,2004,Whole Year,Black pepper,2079,181,0.087061087
Kerala,ALAPPUZHA,2004,Whole Year,Cashewnut,3749,1016,0.271005601
Kerala,ALAPPUZHA,2004,Whole Year,Coconut,56325,328000000,5823.346649
Kerala,ALAPPUZHA,2004,Whole Year,Dry ginger,92,182,1.97826087
Kerala,ALAPPUZHA,2004,Whole Year,Sugarcane,152,10350,68.09210526
Kerala,ALAPPUZHA,2004,Whole Year,Sweet potato,8,96,12
Kerala,ALAPPUZHA,2004,Whole Year,Tapioca,3462,82144,23.72732525
Kerala,ALAPPUZHA,2004,Whole Year,Turmeric,11,12,1.090909091
Kerala,ALAPPUZHA,2004,Winter,Rice,13801,32466,2.352438229
Kerala,ALAPPUZHA,2005,Autumn,Rice,8643,16555,1.915422886
Kerala,ALAPPUZHA,2005,Kharif,Sesamum,62,17,0.274193548
Kerala,ALAPPUZHA,2005,Summer,Rice,4465,11764,2.634714446
Kerala,ALAPPUZHA,2005,Whole Year,Arecanut,2353,950,0.403739907
Kerala,ALAPPUZHA,2005,Whole Year,Banana,578,3927,6.794117647
Kerala,ALAPPUZHA,2005,Whole Year,Black pepper,2000,177,0.0885
Kerala,ALAPPUZHA,2005,Whole Year,Cashewnut,3525,1182,0.335319149
Kerala,ALAPPUZHA,2005,Whole Year,Coconut,56154,357000000,6357.516829
Kerala,ALAPPUZHA,2005,Whole Year,Dry ginger,34,73,2.147058824
Kerala,ALAPPUZHA,2005,Whole Year,Sugarcane,8,440,55
Kerala,ALAPPUZHA,2005,Whole Year,Sweet potato,2,24,12
Kerala,ALAPPUZHA,2005,Whole Year,Tapioca,2668,62286,23.34557721
Kerala,ALAPPUZHA,2005,Whole Year,Turmeric,11,13,1.181818182
Kerala,ALAPPUZHA,2005,Winter,Rice,15660,43429,2.773243934
Kerala,ALAPPUZHA,2006,Autumn,Rice,7594,22287,2.934816961
Kerala,ALAPPUZHA,2006,Kharif,Sesamum,192,72,0.375
Kerala,ALAPPUZHA,2006,Summer,Rice,9770,27762,2.841555783
Kerala,ALAPPUZHA,2006,Whole Year,Arecanut,2021,671,0.332013855
Kerala,ALAPPUZHA,2006,Whole Year,Banana,601,4310,7.171381032
Kerala,ALAPPUZHA,2006,Whole Year,Black pepper,1872,232,0.123931624
Kerala,ALAPPUZHA,2006,Whole Year,Cashewnut,2995,978,0.32654424
Kerala,ALAPPUZHA,2006,Whole Year,Coconut,48726,360000000,7388.252678
Kerala,ALAPPUZHA,2006,Whole Year,Dry ginger,66,163,2.46969697
Kerala,ALAPPUZHA,2006,Whole Year,Sugarcane,48,2860,59.58333333
Kerala,ALAPPUZHA,2006,Whole Year,Sweet potato,6,72,12
Kerala,ALAPPUZHA,2006,Whole Year,Tapioca,2664,66790,25.07132132
Kerala,ALAPPUZHA,2006,Whole Year,Turmeric,20,21,1.05
Kerala,ALAPPUZHA,2006,Winter,Rice,13696,40111,2.928665304
Kerala,ALAPPUZHA,2007,Autumn,Rice,7991,14128,1.767988988
Kerala,ALAPPUZHA,2007,Kharif,Ragi,1,1,1
Kerala,ALAPPUZHA,2007,Kharif,Sesamum,61,12,0.196721311
Kerala,ALAPPUZHA,2007,Summer,Rice,15291,26776,1.751095416
Kerala,ALAPPUZHA,2007,Whole Year,Arecanut,1696,687,0.405070755
Kerala,ALAPPUZHA,2007,Whole Year,Banana,635,4072,6.412598425
Kerala,ALAPPUZHA,2007,Whole Year,Black pepper,1790,207,0.115642458
Kerala,ALAPPUZHA,2007,Whole Year,Cashewnut,2515,993,0.394831014
Kerala,ALAPPUZHA,2007,Whole Year,Coconut,43976,301000000,6844.642532
Kerala,ALAPPUZHA,2007,Whole Year,Dry ginger,94,172,1.829787234
Kerala,ALAPPUZHA,2007,Whole Year,Sugarcane,25,1870,74.8
Kerala,ALAPPUZHA,2007,Whole Year,Sweet potato,6,72,12
Kerala,ALAPPUZHA,2007,Whole Year,Tapioca,2516,70918,28.18680445
Kerala,ALAPPUZHA,2007,Whole Year,Turmeric,28,34,1.214285714
Kerala,ALAPPUZHA,2007,Winter,Rice,10053,21366,2.125335721
Kerala,ALAPPUZHA,2008,Autumn,Rice,8755,26254,2.998743575
Kerala,ALAPPUZHA,2008,Kharif,Sesamum,93,78,0.838709677
Kerala,ALAPPUZHA,2008,Summer,Rice,18121,55997,3.090171624
Kerala,ALAPPUZHA,2008,Whole Year,Arecanut,1577,955,0.605580216
Kerala,ALAPPUZHA,2008,Whole Year,Banana,563,3790,6.731793961
Kerala,ALAPPUZHA,2008,Whole Year,Black pepper,1357,126,0.092851879
Kerala,ALAPPUZHA,2008,Whole Year,Cashewnut,2150,668,0.310697674
Kerala,ALAPPUZHA,2008,Whole Year,Coconut,38859,275000000,7076.86765
Kerala,ALAPPUZHA,2008,Whole Year,Dry ginger,81,203,2.50617284
Kerala,ALAPPUZHA,2008,Whole Year,Sugarcane,60,5530,92.16666667
Kerala,ALAPPUZHA,2008,Whole Year,Sweet potato,7,84,12
Kerala,ALAPPUZHA,2008,Whole Year,Tapioca,3272,95578,29.2108802
Kerala,ALAPPUZHA,2008,Whole Year,Turmeric,22,31,1.409090909
Kerala,ALAPPUZHA,2008,Winter,Rice,7267,21999,3.027246457
Kerala,ALAPPUZHA,2009,Autumn,Rice,9128,28912,3.16739702
Kerala,ALAPPUZHA,2009,Kharif,Sesamum,238,50,0.210084034
Kerala,ALAPPUZHA,2009,Summer,Rice,16820,46392,2.758145065
Kerala,ALAPPUZHA,2009,Whole Year,Arecanut,1711,1008,0.589129164
Kerala,ALAPPUZHA,2009,Whole Year,Banana,538,4322,8.033457249
Kerala,ALAPPUZHA,2009,Whole Year,Black pepper,1387,134,0.096611391
Kerala,ALAPPUZHA,2009,Whole Year,Cashewnut,2110,814,0.385781991
Kerala,ALAPPUZHA,2009,Whole Year,Coconut,39816,257000000,6454.691581
Kerala,ALAPPUZHA,2009,Whole Year,Dry ginger,61,168,2.754098361
Kerala,ALAPPUZHA,2009,Whole Year,Sugarcane,66,5790,87.72727273
Kerala,ALAPPUZHA,2009,Whole Year,Sweet potato,4,48,12
Kerala,ALAPPUZHA,2009,Whole Year,Tapioca,2687,73478,27.34573874
Kerala,ALAPPUZHA,2009,Whole Year,Turmeric,12,21,1.75
Kerala,ALAPPUZHA,2009,Winter,Rice,7492,22672,3.026161239
Kerala,ALAPPUZHA,2010,Autumn,Rice,10445.22,23855.73,2.283889664
Kerala,ALAPPUZHA,2010,Kharif,Sesamum,43.05,5.7,0.132404181
Kerala,ALAPPUZHA,2010,Summer,Rice,22744.6,58234.49,2.560365537
Kerala,ALAPPUZHA,2010,Whole Year,Arecanut,1608.73,769.04,0.478041685
Kerala,ALAPPUZHA,2010,Whole Year,Banana,660.15,5202.36,7.880572597
Kerala,ALAPPUZHA,2010,Whole Year,Black pepper,1506.15,150.73,0.100076354
Kerala,ALAPPUZHA,2010,Whole Year,Cashewnut,2092.85,492.62,0.235382373
Kerala,ALAPPUZHA,2010,Whole Year,Coconut,39343.71,263500000,6697.385681
Kerala,ALAPPUZHA,2010,Whole Year,Dry ginger,87.46,263.71,3.015206952
Kerala,ALAPPUZHA,2010,Whole Year,Sugarcane,54.25,4752,87.59447005
Kerala,ALAPPUZHA,2010,Whole Year,Tapioca,2788.49,76992.07,27.61066742
Kerala,ALAPPUZHA,2010,Whole Year,Turmeric,22.2,31.17,1.404054054
Kerala,ALAPPUZHA,2010,Winter,Rice,3869.68,9234.54,2.38638337
Kerala,ALAPPUZHA,2011,Autumn,Rice,9966.03,30522.44,3.062647815
Kerala,ALAPPUZHA,2011,Kharif,Sesamum,13.93,4.58,0.328786791
Kerala,ALAPPUZHA,2011,Summer,Rice,17169.79,53156.99,3.095960405
Kerala,ALAPPUZHA,2011,Whole Year,Arecanut,1615.43,659.29,0.408120439
Kerala,ALAPPUZHA,2011,Whole Year,Banana,454.95,3604.05,7.921859545
Kerala,ALAPPUZHA,2011,Whole Year,Black pepper,724.76,136.22,0.187951874
Kerala,ALAPPUZHA,2011,Whole Year,Cashewnut,2559.81,547.69,0.213957286
Kerala,ALAPPUZHA,2011,Whole Year,Coconut,38555.94,219318000,5688.306393
Kerala,ALAPPUZHA,2011,Whole Year,Dry ginger,93.64,298.28,3.185390859
Kerala,ALAPPUZHA,2011,Whole Year,Potato,7,84,12
Kerala,ALAPPUZHA,2011,Whole Year,Sugarcane,94.93,8337.2,87.82471295
Kerala,ALAPPUZHA,2011,Whole Year,Tapioca,2450.86,61076.79,24.92055442
Kerala,ALAPPUZHA,2011,Whole Year,Turmeric,20.6,41.57,2.017961165
Kerala,ALAPPUZHA,2011,Winter,Rice,9115.09,28301.03,3.104854697
Kerala,ALAPPUZHA,2012,Autumn,Rice,10758,32362,3.008179959
Kerala,ALAPPUZHA,2012,Summer,Rice,20325,57043,2.806543665
Kerala,ALAPPUZHA,2012,Whole Year,Arecanut,1387,682,0.491708724
Kerala,ALAPPUZHA,2012,Whole Year,Banana,631,5002,7.927099842
Kerala,ALAPPUZHA,2012,Whole Year,Black pepper,639,148,0.231611894
Kerala,ALAPPUZHA,2012,Whole Year,Cashewnut,2110,436,0.206635071
Kerala,ALAPPUZHA,2012,Whole Year,Coconut,36986,233000000,6299.68096
Kerala,ALAPPUZHA,2012,Whole Year,Cowpea(Lobia),2,,
Kerala,ALAPPUZHA,2012,Whole Year,Drum Stick,457,277,0.606126915
Kerala,ALAPPUZHA,2012,Whole Year,Dry ginger,89,261,2.93258427
Kerala,ALAPPUZHA,2012,Whole Year,Jack Fruit,2199,,
Kerala,ALAPPUZHA,2012,Whole Year,Mango,3786,16221,4.284469097
Kerala,ALAPPUZHA,2012,Whole Year,Moong(Green Gram),33,,
Kerala,ALAPPUZHA,2012,Whole Year,Papaya,1010,9255,9.163366337
Kerala,ALAPPUZHA,2012,Whole Year,Pineapple,81,569,7.024691358
Kerala,ALAPPUZHA,2012,Whole Year,Pump Kin,30,,
Kerala,ALAPPUZHA,2012,Whole Year,Sesamum,60,23,0.383333333
Kerala,ALAPPUZHA,2012,Whole Year,Sugarcane,73,639,8.753424658
Kerala,ALAPPUZHA,2012,Whole Year,Sweet potato,2,21,10.5
Kerala,ALAPPUZHA,2012,Whole Year,Tapioca,2545,72919,28.6518664
Kerala,ALAPPUZHA,2012,Whole Year,Turmeric,33,63,1.909090909
Kerala,ALAPPUZHA,2012,Winter,Rice,5112,15188,2.971048513
Kerala,ALAPPUZHA,2012,Winter,Sesamum,60,23,0.383333333
Kerala,ALAPPUZHA,2013,Autumn,Rice,6339,20589,3.247988642
Kerala,ALAPPUZHA,2013,Summer,Rice,19626,50082,2.551819016
Kerala,ALAPPUZHA,2013,Whole Year,Arecanut,1304,513,0.393404908
Kerala,ALAPPUZHA,2013,Whole Year,Banana,472,4481,9.493644068
Kerala,ALAPPUZHA,2013,Whole Year,Black pepper,663,158,0.238310709
Kerala,ALAPPUZHA,2013,Whole Year,Cashewnut,2118,433,0.204438149
Kerala,ALAPPUZHA,2013,Whole Year,Coconut,36880,217000000,5883.947939
Kerala,ALAPPUZHA,2013,Whole Year,Drum Stick,482,292,0.605809129
Kerala,ALAPPUZHA,2013,Whole Year,Dry ginger,85,292,3.435294118
Kerala,ALAPPUZHA,2013,Whole Year,Mango,4179,18300,4.379038047
Kerala,ALAPPUZHA,2013,Whole Year,Moong(Green Gram),20,,
Kerala,ALAPPUZHA,2013,Whole Year,Pump Kin,38,,
Kerala,ALAPPUZHA,2013,Whole Year,Sesamum,41,12,0.292682927
Kerala,ALAPPUZHA,2013,Whole Year,Sugarcane,45,403,8.955555556
Kerala,ALAPPUZHA,2013,Whole Year,Sweet potato,3,33,11
Kerala,ALAPPUZHA,2013,Whole Year,Tapioca,2511,62212,24.77578654
Kerala,ALAPPUZHA,2013,Whole Year,Turmeric,31,63,2.032258065
Kerala,ALAPPUZHA,2013,Winter,Rice,11438,36195,3.164451827
Kerala,ALAPPUZHA,2014,Autumn,Rice,11073,28432,2.567687167
Kerala,ALAPPUZHA,2014,Summer,Rice,18685,60549,3.240513781
Kerala,ALAPPUZHA,2014,Whole Year,Arecanut,1332,641,0.481231231
Kerala,ALAPPUZHA,2014,Whole Year,Banana,450,3733,8.295555556
Kerala,ALAPPUZHA,2014,Whole Year,Black pepper,614,147,0.239413681
Kerala,ALAPPUZHA,2014,Whole Year,Cashewnut,1921,318,0.165538782
Kerala,ALAPPUZHA,2014,Whole Year,Coconut,35161,218000000,6200.051193
Kerala,ALAPPUZHA,2014,Whole Year,Cowpea(Lobia),8,,
Kerala,ALAPPUZHA,2014,Whole Year,Drum Stick,494,334,0.67611336
Kerala,ALAPPUZHA,2014,Whole Year,Dry ginger,77,261,3.38961039
Kerala,ALAPPUZHA,2014,Whole Year,Mango,4123,20707,5.022313849
Kerala,ALAPPUZHA,2014,Whole Year,Moong(Green Gram),48,,
Kerala,ALAPPUZHA,2014,Whole Year,Papaya,960,7925,8.255208333
Kerala,ALAPPUZHA,2014,Whole Year,Pineapple,72,681,9.458333333
Kerala,ALAPPUZHA,2014,Whole Year,Pump Kin,41,,
Kerala,ALAPPUZHA,2014,Whole Year,Sesamum,62,16.87,0.272096774
Kerala,ALAPPUZHA,2014,Whole Year,Sugarcane,54.9,25,0.455373406
Kerala,ALAPPUZHA,2014,Whole Year,Sweet potato,7,75,10.71428571
Kerala,ALAPPUZHA,2014,Whole Year,Tapioca,2670,87834,32.89662921
Kerala,ALAPPUZHA,2014,Whole Year,Turmeric,36,78,2.166666667
Kerala,ALAPPUZHA,2014,Winter,Rice,4657,14114,3.030706463
Kerala,ERNAKULAM,1997,Whole Year,Arecanut,3513,6148,1.750071164
Kerala,ERNAKULAM,1997,Whole Year,Black pepper,6659,1114,0.167292386
Kerala,ERNAKULAM,1997,Whole Year,Cashewnut,2389,1316,0.5508581
Kerala,ERNAKULAM,1997,Whole Year,Coconut,61016,382000,6.260652943
Kerala,ERNAKULAM,1997,Whole Year,Tapioca,5732,134817,23.52006281
Kerala,ERNAKULAM,1998,Autumn,Rice,16822,28778,1.710735941
Kerala,ERNAKULAM,1998,Kharif,Sesamum,589,311,0.528013582
Kerala,ERNAKULAM,1998,Summer,Rice,12446,19138,1.53768279
Kerala,ERNAKULAM,1998,Whole Year,Arecanut,3604,1941,0.538568257
Kerala,ERNAKULAM,1998,Whole Year,Banana,3026,41314,13.65300727
Kerala,ERNAKULAM,1998,Whole Year,Black pepper,6039,1026,0.169895678
Kerala,ERNAKULAM,1998,Whole Year,Cashewnut,1374,517,0.376273654
Kerala,ERNAKULAM,1998,Whole Year,Coconut,61719,345000000,5589.850775
Kerala,ERNAKULAM,1998,Whole Year,Dry chillies,10,9,0.9
Kerala,ERNAKULAM,1998,Whole Year,Dry ginger,442,1234,2.791855204
Kerala,ERNAKULAM,1998,Whole Year,Sugarcane,12,840,70
Kerala,ERNAKULAM,1998,Whole Year,Sweet potato,4,45,11.25
Kerala,ERNAKULAM,1998,Whole Year,Tapioca,5021,140764,28.03505278
Kerala,ERNAKULAM,1998,Whole Year,Turmeric,436,746,1.711009174
Kerala,ERNAKULAM,1998,Winter,Rice,20462,36613,1.789316782
Kerala,ERNAKULAM,1999,Autumn,Rice,15467,31401,2.030193315
Kerala,ERNAKULAM,1999,Kharif,Sesamum,236,131,0.555084746
Kerala,ERNAKULAM,1999,Summer,Rice,9737,17067,1.752798603
Kerala,ERNAKULAM,1999,Whole Year,Arecanut,3964,2661,0.671291625
Kerala,ERNAKULAM,1999,Whole Year,Banana,4200,41312,9.836190476
Kerala,ERNAKULAM,1999,Whole Year,Black pepper,7002,906,0.129391602
Kerala,ERNAKULAM,1999,Whole Year,Cashewnut,1576,549,0.348350254
Kerala,ERNAKULAM,1999,Whole Year,Coconut,68110,406000000,5960.945529
Kerala,ERNAKULAM,1999,Whole Year,Dry ginger,469,1592,3.39445629
Kerala,ERNAKULAM,1999,Whole Year,Sugarcane,15,1890,126
Kerala,ERNAKULAM,1999,Whole Year,Sweet potato,8,90,11.25
Kerala,ERNAKULAM,1999,Whole Year,Tapioca,5131,154251,30.0625609
Kerala,ERNAKULAM,1999,Whole Year,Turmeric,505,864,1.710891089
Kerala,ERNAKULAM,1999,Winter,Rice,17690,33858,1.913962691
Kerala,ERNAKULAM,2000,Autumn,Rice,14600,26770,1.833561644
Kerala,ERNAKULAM,2000,Kharif,Sesamum,238,100,0.420168067
Kerala,ERNAKULAM,2000,Summer,Rice,7381,11941,1.617802466
Kerala,ERNAKULAM,2000,Whole Year,Arecanut,4238,3349,0.790231241
Kerala,ERNAKULAM,2000,Whole Year,Banana,4737,31880,6.729997889
Kerala,ERNAKULAM,2000,Whole Year,Black pepper,7312,918,0.125547046
Kerala,ERNAKULAM,2000,Whole Year,Cashewnut,1578,496,0.314321926
Kerala,ERNAKULAM,2000,Whole Year,Coconut,67402,358000000,5311.415092
Kerala,ERNAKULAM,2000,Whole Year,Dry ginger,446,1343,3.011210762
Kerala,ERNAKULAM,2000,Whole Year,Sugarcane,14,1760,125.7142857
Kerala,ERNAKULAM,2000,Whole Year,Sweet potato,12,135,11.25
Kerala,ERNAKULAM,2000,Whole Year,Tapioca,5208,154559,29.67722734
Kerala,ERNAKULAM,2000,Whole Year,Turmeric,575,1186,2.062608696
Kerala,ERNAKULAM,2000,Winter,Rice,15452,26596,1.721201139
Kerala,ERNAKULAM,2001,Autumn,Rice,11821,22370,1.89239489
Kerala,ERNAKULAM,2001,Kharif,Sesamum,192,82,0.427083333
Kerala,ERNAKULAM,2001,Summer,Rice,6693,10867,1.623636635
Kerala,ERNAKULAM,2001,Whole Year,Arecanut,4662,3607,0.773702274
Kerala,ERNAKULAM,2001,Whole Year,Banana,5447,38650,7.095648981
Kerala,ERNAKULAM,2001,Whole Year,Black pepper,7941,1219,0.153507115
Kerala,ERNAKULAM,2001,Whole Year,Cashewnut,1468,724,0.493188011
Kerala,ERNAKULAM,2001,Whole Year,Coconut,62684,343000000,5471.890754
Kerala,ERNAKULAM,2001,Whole Year,Dry ginger,462,1399,3.028138528
Kerala,ERNAKULAM,2001,Whole Year,Rubber,56710,73219,1.291112679
Kerala,ERNAKULAM,2001,Whole Year,Sugarcane,12,1510,125.8333333
Kerala,ERNAKULAM,2001,Whole Year,Sweet potato,13,146,11.23076923
Kerala,ERNAKULAM,2001,Whole Year,Tapioca,5777,143424,24.82672667
Kerala,ERNAKULAM,2001,Whole Year,Turmeric,639,1456,2.27856025
Kerala,ERNAKULAM,2001,Winter,Rice,14391,26486,1.84045584
Kerala,ERNAKULAM,2002,Autumn,Rice,12016,23859,1.98560253
Kerala,ERNAKULAM,2002,Kharif,Sesamum,161,47,0.291925466
Kerala,ERNAKULAM,2002,Summer,Rice,6608,11936,1.8062954
Kerala,ERNAKULAM,2002,Whole Year,Arecanut,4886,3728,0.762996316
Kerala,ERNAKULAM,2002,Whole Year,Banana,6410,46806,7.302028081
Kerala,ERNAKULAM,2002,Whole Year,Bhindi,33,0,0
Kerala,ERNAKULAM,2002,Whole Year,Bitter Gourd,142,0,0
Kerala,ERNAKULAM,2002,Whole Year,Black pepper,7309,1171,0.160213435
Kerala,ERNAKULAM,2002,Whole Year,Brinjal,21,0,0
Kerala,ERNAKULAM,2002,Whole Year,Cashewnut,1364,607,0.445014663
Kerala,ERNAKULAM,2002,Whole Year,Cashewnut Raw,1364,607,0.445014663
Kerala,ERNAKULAM,2002,Whole Year,Coconut,61034,309000000,5062.751909
Kerala,ERNAKULAM,2002,Whole Year,Drum Stick,910,713,0.783516484
Kerala,ERNAKULAM,2002,Whole Year,Dry ginger,421,1162,2.760095012
Kerala,ERNAKULAM,2002,Whole Year,Jack Fruit,4755,18,0.003785489
Kerala,ERNAKULAM,2002,Whole Year,Mango,4514,16953,3.755649092
Kerala,ERNAKULAM,2002,Whole Year,Other Fresh Fruits,1078,0,0
Kerala,ERNAKULAM,2002,Whole Year,other oilseeds,101,0,0
Kerala,ERNAKULAM,2002,Whole Year,Other Vegetables,3013,0,0
Kerala,ERNAKULAM,2002,Whole Year,Papaya,1497,7248,4.841683367
Kerala,ERNAKULAM,2002,Whole Year,Pineapple,6056,56478,9.325957728
Kerala,ERNAKULAM,2002,Whole Year,Rubber,56737,73752,1.299892486
Kerala,ERNAKULAM,2002,Whole Year,Snak Guard,95,0,0
Kerala,ERNAKULAM,2002,Whole Year,Sugarcane,8,1010,126.25
Kerala,ERNAKULAM,2002,Whole Year,Sweet potato,11,124,11.27272727
Kerala,ERNAKULAM,2002,Whole Year,Tapioca,5668,170411,30.06545519
Kerala,ERNAKULAM,2002,Whole Year,Tea,2,0.1,0.05
Kerala,ERNAKULAM,2002,Whole Year,Turmeric,493,1092,2.215010142
Kerala,ERNAKULAM,2002,Winter,Rice,13448,25091,1.865779298
Kerala,ERNAKULAM,2003,Autumn,Rice,11291,20467,1.812682668
Kerala,ERNAKULAM,2003,Kharif,Sesamum,126,33,0.261904762
Kerala,ERNAKULAM,2003,Summer,Rice,6155,10828,1.759220146
Kerala,ERNAKULAM,2003,Whole Year,Arecanut,5275,3813,0.722843602
Kerala,ERNAKULAM,2003,Whole Year,Banana,5872,55367,9.428985014
Kerala,ERNAKULAM,2003,Whole Year,Bhindi,38,0,0
Kerala,ERNAKULAM,2003,Whole Year,Bitter Gourd,140,0,0
Kerala,ERNAKULAM,2003,Whole Year,Black pepper,6973,1107,0.158755199
Kerala,ERNAKULAM,2003,Whole Year,Brinjal,43,0,0
Kerala,ERNAKULAM,2003,Whole Year,Cashewnut,1241,528,0.425463336
Kerala,ERNAKULAM,2003,Whole Year,Coconut,57964,311000000,5365.399213
Kerala,ERNAKULAM,2003,Whole Year,Drum Stick,865,675,0.780346821
Kerala,ERNAKULAM,2003,Whole Year,Dry ginger,349,902,2.584527221
Kerala,ERNAKULAM,2003,Whole Year,Jack Fruit,4650,20,0.004301075
Kerala,ERNAKULAM,2003,Whole Year,Mango,4305,17262,4.009756098
Kerala,ERNAKULAM,2003,Whole Year,Other Fresh Fruits,912,0,0
Kerala,ERNAKULAM,2003,Whole Year,Other Vegetables,2239,0,0
Kerala,ERNAKULAM,2003,Whole Year,Papaya,1470,7115,4.840136054
Kerala,ERNAKULAM,2003,Whole Year,Pineapple,6696,57669,8.612455197
Kerala,ERNAKULAM,2003,Whole Year,Snak Guard,74,0,0
Kerala,ERNAKULAM,2003,Whole Year,Sugarcane,1,130,130
Kerala,ERNAKULAM,2003,Whole Year,Sweet potato,2,23,11.5
Kerala,ERNAKULAM,2003,Whole Year,Tapioca,5642,163782,29.02906771
Kerala,ERNAKULAM,2003,Whole Year,Turmeric,484,1074,2.219008264
Kerala,ERNAKULAM,2003,Winter,Rice,12049,22749,1.888040501
Kerala,ERNAKULAM,2004,Autumn,Rice,10797,21349,1.977308512
Kerala,ERNAKULAM,2004,Kharif,Ragi,1,1,1
Kerala,ERNAKULAM,2004,Kharif,Sesamum,130,23,0.176923077
Kerala,ERNAKULAM,2004,Summer,Rice,4862,8752,1.800082271
Kerala,ERNAKULAM,2004,Whole Year,Arecanut,5679,4245,0.747490755
Kerala,ERNAKULAM,2004,Whole Year,Banana,6107,51869,8.493368266
Kerala,ERNAKULAM,2004,Whole Year,Black pepper,6825,1014,0.148571429
Kerala,ERNAKULAM,2004,Whole Year,Cashewnut,1167,545,0.467009426
Kerala,ERNAKULAM,2004,Whole Year,Coconut,58735,313000000,5329.020175
Kerala,ERNAKULAM,2004,Whole Year,Dry ginger,295,800,2.711864407
Kerala,ERNAKULAM,2004,Whole Year,Sugarcane,1,130,130
Kerala,ERNAKULAM,2004,Whole Year,Sweet potato,5,58,11.6
Kerala,ERNAKULAM,2004,Whole Year,Tapioca,4415,130038,29.45368063
Kerala,ERNAKULAM,2004,Whole Year,Turmeric,484,947,1.95661157
Kerala,ERNAKULAM,2004,Winter,Rice,12486,24400,1.954188691
Kerala,ERNAKULAM,2005,Autumn,Rice,9976,19168,1.921411387
Kerala,ERNAKULAM,2005,Kharif,Sesamum,54,13,0.240740741
Kerala,ERNAKULAM,2005,Summer,Rice,2812,5301,1.885135135
Kerala,ERNAKULAM,2005,Whole Year,Arecanut,5644,6050,1.071934798
Kerala,ERNAKULAM,2005,Whole Year,Banana,6308,47906,7.594483196
Kerala,ERNAKULAM,2005,Whole Year,Black pepper,6700,1274,0.190149254
Kerala,ERNAKULAM,2005,Whole Year,Cashewnut,1130,507,0.448672566
Kerala,ERNAKULAM,2005,Whole Year,Coconut,58553,369000000,6301.982819
Kerala,ERNAKULAM,2005,Whole Year,Dry ginger,372,1181,3.174731183
Kerala,ERNAKULAM,2005,Whole Year,Sugarcane,6,400,66.66666667
Kerala,ERNAKULAM,2005,Whole Year,Tapioca,5636,182605,32.3997516
Kerala,ERNAKULAM,2005,Whole Year,Turmeric,568,1427,2.512323944
Kerala,ERNAKULAM,2005,Winter,Rice,12146,23564,1.940062572
Kerala,ERNAKULAM,2006,Autumn,Rice,5740,11034,1.922299652
Kerala,ERNAKULAM,2006,Kharif,Ragi,4,3,0.75
Kerala,ERNAKULAM,2006,Kharif,Sesamum,68,35,0.514705882
Kerala,ERNAKULAM,2006,Summer,Rice,2455,4432,1.805295316
Kerala,ERNAKULAM,2006,Whole Year,Arecanut,4908,5020,1.022819886
Kerala,ERNAKULAM,2006,Whole Year,Banana,6855,59908,8.739314369
Kerala,ERNAKULAM,2006,Whole Year,Black pepper,6637,1133,0.170709658
Kerala,ERNAKULAM,2006,Whole Year,Cashewnut,948,438,0.462025316
Kerala,ERNAKULAM,2006,Whole Year,Coconut,54710,376000000,6872.600987
Kerala,ERNAKULAM,2006,Whole Year,Dry ginger,396,1322,3.338383838
Kerala,ERNAKULAM,2006,Whole Year,Sweet potato,10,116,11.6
Kerala,ERNAKULAM,2006,Whole Year,Tapioca,6117,223441,36.52787314
Kerala,ERNAKULAM,2006,Whole Year,Turmeric,629,1874,2.979332273
Kerala,ERNAKULAM,2006,Winter,Rice,13700,28541,2.083284672
Kerala,ERNAKULAM,2007,Autumn,Rice,4382,8196,1.870378822
Kerala,ERNAKULAM,2007,Kharif,Sesamum,48,10,0.208333333
Kerala,ERNAKULAM,2007,Summer,Rice,2236,4123,1.84391771
Kerala,ERNAKULAM,2007,Whole Year,Arecanut,5207,6395,1.228154408
Kerala,ERNAKULAM,2007,Whole Year,Banana,6115,49537,8.100899428
Kerala,ERNAKULAM,2007,Whole Year,Black pepper,6106,995,0.162954471
Kerala,ERNAKULAM,2007,Whole Year,Cashewnut,783,350,0.446998723
Kerala,ERNAKULAM,2007,Whole Year,Coconut,49412,292000000,5909.495669
Kerala,ERNAKULAM,2007,Whole Year,Dry ginger,337,930,2.759643917
Kerala,ERNAKULAM,2007,Whole Year,Sugarcane,8,230,28.75
Kerala,ERNAKULAM,2007,Whole Year,Sweet potato,4,46,11.5
Kerala,ERNAKULAM,2007,Whole Year,Tapioca,5148,178642,34.7012432
Kerala,ERNAKULAM,2007,Whole Year,Turmeric,368,1010,2.744565217
Kerala,ERNAKULAM,2007,Winter,Rice,5725,12088,2.111441048
Kerala,ERNAKULAM,2008,Autumn,Rice,5097,10172,1.995683736
Kerala,ERNAKULAM,2008,Kharif,Sesamum,26,20,0.769230769
Kerala,ERNAKULAM,2008,Summer,Rice,1962,3401,1.73343527
Kerala,ERNAKULAM,2008,Whole Year,Arecanut,4783,5564,1.16328664
Kerala,ERNAKULAM,2008,Whole Year,Banana,6385,60775,9.518402506
Kerala,ERNAKULAM,2008,Whole Year,Black pepper,5317,928,0.174534512
Kerala,ERNAKULAM,2008,Whole Year,Cashewnut,596,241,0.404362416
Kerala,ERNAKULAM,2008,Whole Year,Coconut,46240,249000000,5384.948097
Kerala,ERNAKULAM,2008,Whole Year,Dry ginger,260,736,2.830769231
Kerala,ERNAKULAM,2008,Whole Year,Sugarcane,2,,
Kerala,ERNAKULAM,2008,Whole Year,Sweet potato,4,46,11.5
Kerala,ERNAKULAM,2008,Whole Year,Tapioca,5680,209906,36.95528169
Kerala,ERNAKULAM,2008,Whole Year,Turmeric,326,869,2.665644172
Kerala,ERNAKULAM,2008,Winter,Rice,5907,12334,2.088031149
Kerala,ERNAKULAM,2009,Autumn,Rice,4090,7803,1.907823961
Kerala,ERNAKULAM,2009,Kharif,Sesamum,15,2,0.133333333
Kerala,ERNAKULAM,2009,Summer,Rice,1576,2599,1.649111675
Kerala,ERNAKULAM,2009,Whole Year,Arecanut,4674,5130,1.097560976
Kerala,ERNAKULAM,2009,Whole Year,Banana,6500,58787,9.044153846
Kerala,ERNAKULAM,2009,Whole Year,Black pepper,5273,798,0.151337
Kerala,ERNAKULAM,2009,Whole Year,Cashewnut,581,218,0.375215146
Kerala,ERNAKULAM,2009,Whole Year,Coconut,44475,235000000,5283.867341
Kerala,ERNAKULAM,2009,Whole Year,Dry ginger,199,588,2.954773869
Kerala,ERNAKULAM,2009,Whole Year,Sugarcane,5,,
Kerala,ERNAKULAM,2009,Whole Year,Sweet potato,7,81,11.57142857
Kerala,ERNAKULAM,2009,Whole Year,Tapioca,5265,228343,43.3699905
Kerala,ERNAKULAM,2009,Whole Year,Turmeric,279,900,3.225806452
Kerala,ERNAKULAM,2009,Winter,Rice,5121,10622,2.074204257
Kerala,ERNAKULAM,2010,Autumn,Rice,3353.88,6379.8,1.902214748
Kerala,ERNAKULAM,2010,Kharif,Sesamum,6.06,0.75,0.123762376
Kerala,ERNAKULAM,2010,Summer,Rice,1152.89,2242.17,1.944825612
Kerala,ERNAKULAM,2010,Whole Year,Arecanut,4549.93,4889.9,1.074719831
Kerala,ERNAKULAM,2010,Whole Year,Banana,6318.15,59939.5,9.486875114
Kerala,ERNAKULAM,2010,Whole Year,Black pepper,5024.82,717.77,0.142844918
Kerala,ERNAKULAM,2010,Whole Year,Cashewnut,573.89,184.56,0.321594731
Kerala,ERNAKULAM,2010,Whole Year,Coconut,42893.79,221125000,5155.175143
Kerala,ERNAKULAM,2010,Whole Year,Dry ginger,195.77,638.04,3.259130612
Kerala,ERNAKULAM,2010,Whole Year,Sugarcane,1.36,,
Kerala,ERNAKULAM,2010,Whole Year,Tapioca,5484.11,221247.66,40.34340303
Kerala,ERNAKULAM,2010,Whole Year,Turmeric,264.52,888.01,3.357061848
Kerala,ERNAKULAM,2010,Winter,Rice,4508.73,9200.58,2.040614541
Kerala,ERNAKULAM,2011,Autumn,Rice,3134.85,6488.16,2.069687545
Kerala,ERNAKULAM,2011,Kharif,Sesamum,4.31,0.57,0.13225058
Kerala,ERNAKULAM,2011,Summer,Rice,718.83,1567.97,2.181280692
Kerala,ERNAKULAM,2011,Whole Year,Arecanut,4943.83,4639.87,0.938517303
Kerala,ERNAKULAM,2011,Whole Year,Banana,5669.4,54434.51,9.601458708
Kerala,ERNAKULAM,2011,Whole Year,Black pepper,2456.42,619.85,0.252338769
Kerala,ERNAKULAM,2011,Whole Year,Cashewnut,648.12,155.76,0.240325866
Kerala,ERNAKULAM,2011,Whole Year,Coconut,46376.43,240698000,5190.09333
Kerala,ERNAKULAM,2011,Whole Year,Dry ginger,197.54,679.56,3.440113395
Kerala,ERNAKULAM,2011,Whole Year,Potato,4,46,11.5
Kerala,ERNAKULAM,2011,Whole Year,Sugarcane,12.93,,
Kerala,ERNAKULAM,2011,Whole Year,Tapioca,6142.77,241774.09,39.35913114
Kerala,ERNAKULAM,2011,Whole Year,Turmeric,319.12,1000.26,3.134432189
Kerala,ERNAKULAM,2011,Winter,Rice,3877.16,8516.26,2.196520133
Kerala,ERNAKULAM,2012,Autumn,Rice,1370,2693,1.965693431
Kerala,ERNAKULAM,2012,Summer,Rice,343,770,2.244897959
Kerala,ERNAKULAM,2012,Whole Year,Arecanut,4754,4052,0.852334876
Kerala,ERNAKULAM,2012,Whole Year,Banana,5586,50746,9.084496957
Kerala,ERNAKULAM,2012,Whole Year,Black pepper,2113,631,0.298627544
Kerala,ERNAKULAM,2012,Whole Year,Cashewnut,604,149,0.246688742
Kerala,ERNAKULAM,2012,Whole Year,Coconut,43751,209000000,4777.033668
Kerala,ERNAKULAM,2012,Whole Year,Cowpea(Lobia),156,,
Kerala,ERNAKULAM,2012,Whole Year,Drum Stick,525,563,1.072380952
Kerala,ERNAKULAM,2012,Whole Year,Dry ginger,131,388,2.961832061
Kerala,ERNAKULAM,2012,Whole Year,Jack Fruit,3955,,
Kerala,ERNAKULAM,2012,Whole Year,Mango,4123,32276,7.828280378
Kerala,ERNAKULAM,2012,Whole Year,Moong(Green Gram),2,,
Kerala,ERNAKULAM,2012,Whole Year,Papaya,1162,8391,7.221170396
Kerala,ERNAKULAM,2012,Whole Year,Pineapple,5413,50706,9.367448735
Kerala,ERNAKULAM,2012,Whole Year,Pump Kin,57,,
Kerala,ERNAKULAM,2012,Whole Year,Sesamum,13,11,0.846153846
Kerala,ERNAKULAM,2012,Whole Year,Sugarcane,1,,
Kerala,ERNAKULAM,2012,Whole Year,Sweet potato,4,46,11.5
Kerala,ERNAKULAM,2012,Whole Year,Tapioca,5443,211550,38.86643395
Kerala,ERNAKULAM,2012,Whole Year,Turmeric,282,759,2.691489362
Kerala,ERNAKULAM,2012,Winter,Rice,2227,5070,2.276605299
Kerala,ERNAKULAM,2012,Winter,Sesamum,13,11,0.846153846
Kerala,ERNAKULAM,2013,Autumn,Rice,911,1908,2.094401756
Kerala,ERNAKULAM,2013,Summer,Rice,433,940,2.170900693
Kerala,ERNAKULAM,2013,Whole Year,Arecanut,4463,3924,0.879229218
Kerala,ERNAKULAM,2013,Whole Year,Banana,5638,54056,9.587797091
Kerala,ERNAKULAM,2013,Whole Year,Black pepper,2026,599,0.295656466
Kerala,ERNAKULAM,2013,Whole Year,Cashewnut,557,168,0.301615799
Kerala,ERNAKULAM,2013,Whole Year,Coconut,44582,227000000,5091.741061
Kerala,ERNAKULAM,2013,Whole Year,Cowpea(Lobia),194,,
Kerala,ERNAKULAM,2013,Whole Year,Drum Stick,553,593,1.072332731
Kerala,ERNAKULAM,2013,Whole Year,Dry ginger,101,304,3.00990099
Kerala,ERNAKULAM,2013,Whole Year,Mango,4586,33978,7.409071086
Kerala,ERNAKULAM,2013,Whole Year,Pump Kin,51,,
Kerala,ERNAKULAM,2013,Whole Year,Sesamum,28,6,0.214285714
Kerala,ERNAKULAM,2013,Whole Year,Sugarcane,1,,
Kerala,ERNAKULAM,2013,Whole Year,Sweet potato,6,72,12
Kerala,ERNAKULAM,2013,Whole Year,Tapioca,4975,205464,41.29929648
Kerala,ERNAKULAM,2013,Whole Year,Turmeric,206,567,2.752427184
Kerala,ERNAKULAM,2013,Winter,Rice,2708,6208,2.292466765
Kerala,ERNAKULAM,2014,Autumn,Rice,1330,2593,1.94962406
Kerala,ERNAKULAM,2014,Summer,Rice,390,857,2.197435897
Kerala,ERNAKULAM,2014,Whole Year,Arecanut,4133,4533,1.096781999
Kerala,ERNAKULAM,2014,Whole Year,Banana,4904,44953,9.166598695
Kerala,ERNAKULAM,2014,Whole Year,Black pepper,1913,539,0.281756404
Kerala,ERNAKULAM,2014,Whole Year,Cashewnut,430,122,0.28372093
Kerala,ERNAKULAM,2014,Whole Year,Coconut,43680,212000000,4853.479853
Kerala,ERNAKULAM,2014,Whole Year,Cowpea(Lobia),359,,
Kerala,ERNAKULAM,2014,Whole Year,Dry ginger,84,265,3.154761905
Kerala,ERNAKULAM,2014,Whole Year,Moong(Green Gram),1,,
Kerala,ERNAKULAM,2014,Whole Year,Pump Kin,49,,
Kerala,ERNAKULAM,2014,Whole Year,Sesamum,4,1.07,0.2675
Kerala,ERNAKULAM,2014,Whole Year,Sugarcane,0.2,,
Kerala,ERNAKULAM,2014,Whole Year,Sweet potato,3,36,12
Kerala,ERNAKULAM,2014,Whole Year,Tapioca,5386,229341,42.58095061
Kerala,ERNAKULAM,2014,Whole Year,Turmeric,213,640,3.004694836
Kerala,ERNAKULAM,2014,Winter,Rice,2924,6524,2.23119015
Kerala,IDUKKI,1997,Whole Year,Arecanut,4616,7131,1.544844021
Kerala,IDUKKI,1997,Whole Year,Black pepper,45566,18706,0.410525392
Kerala,IDUKKI,1997,Whole Year,Cashewnut,1600,780,0.4875
Kerala,IDUKKI,1997,Whole Year,Coconut,31303,148000,4.727981344
Kerala,IDUKKI,1997,Whole Year,Tapioca,10849,317756,29.28896673
Kerala,IDUKKI,1998,Autumn,Rice,1065,2314,2.172769953
Kerala,IDUKKI,1998,Kharif,Jowar,2,1,0.5
Kerala,IDUKKI,1998,Kharif,Ragi,42,34,0.80952381
Kerala,IDUKKI,1998,Kharif,Sesamum,21,1,0.047619048
Kerala,IDUKKI,1998,Summer,Rice,329,812,2.468085106
Kerala,IDUKKI,1998,Whole Year,Arecanut,2899,2792,0.963090721
Kerala,IDUKKI,1998,Whole Year,Banana,1771,23692,13.37775268
Kerala,IDUKKI,1998,Whole Year,Black pepper,49749,29372,0.590403827
Kerala,IDUKKI,1998,Whole Year,Cardamom,32686,4556,0.139386893
Kerala,IDUKKI,1998,Whole Year,Cashewnut,1143,536,0.468941382
Kerala,IDUKKI,1998,Whole Year,Coconut,21444,87000000,4057.078903
Kerala,IDUKKI,1998,Whole Year,Dry ginger,1561,6486,4.155028828
Kerala,IDUKKI,1998,Whole Year,Garlic,742,12614,17
Kerala,IDUKKI,1998,Whole Year,Sugarcane,2894,202540,69.9861783
Kerala,IDUKKI,1998,Whole Year,Sweet potato,22,250,11.36363636
Kerala,IDUKKI,1998,Whole Year,Tapioca,7027,241324,34.34239362
Kerala,IDUKKI,1998,Whole Year,Turmeric,626,1505,2.404153355
Kerala,IDUKKI,1998,Winter,Rice,2452,5869,2.393556281
Kerala,IDUKKI,1999,Autumn,Rice,866,2215,2.557736721
Kerala,IDUKKI,1999,Kharif,Ragi,33,27,0.818181818
Kerala,IDUKKI,1999,Kharif,Sesamum,9,2,0.222222222
Kerala,IDUKKI,1999,Summer,Rice,385,1122,2.914285714
Kerala,IDUKKI,1999,Whole Year,Arecanut,3348,3312,0.989247312
Kerala,IDUKKI,1999,Whole Year,Banana,1138,12190,10.71177504
Kerala,IDUKKI,1999,Whole Year,Black pepper,57211,13629,0.238223419
Kerala,IDUKKI,1999,Whole Year,Cardamom,32667,6077,0.186028714
Kerala,IDUKKI,1999,Whole Year,Cashewnut,1341,395,0.294556301
Kerala,IDUKKI,1999,Whole Year,Coconut,23696,92000000,3882.511816
Kerala,IDUKKI,1999,Whole Year,Dry ginger,1711,7369,4.306838106
Kerala,IDUKKI,1999,Whole Year,Garlic,849,14433,17
Kerala,IDUKKI,1999,Whole Year,Sugarcane,2624,221640,84.46646341
Kerala,IDUKKI,1999,Whole Year,Sweet potato,17,193,11.35294118
Kerala,IDUKKI,1999,Whole Year,Tapioca,7775,251629,32.36385852
Kerala,IDUKKI,1999,Whole Year,Turmeric,416,1000,2.403846154
Kerala,IDUKKI,1999,Winter,Rice,2389,5719,2.393888656
Kerala,IDUKKI,2000,Autumn,Rice,999,2323,2.325325325
Kerala,IDUKKI,2000,Kharif,Ragi,8,7,0.875
Kerala,IDUKKI,2000,Kharif,Sesamum,11,8,0.727272727
Kerala,IDUKKI,2000,Summer,Rice,291,782,2.687285223
Kerala,IDUKKI,2000,Whole Year,Arecanut,3682,3805,1.033405758
Kerala,IDUKKI,2000,Whole Year,Banana,1306,12372,9.473200613
Kerala,IDUKKI,2000,Whole Year,Black pepper,58209,23282,0.399972513
Kerala,IDUKKI,2000,Whole Year,Cardamom,32671,7072,0.216461082
Kerala,IDUKKI,2000,Whole Year,Cashewnut,1394,594,0.426111908
Kerala,IDUKKI,2000,Whole Year,Coconut,23811,91000000,3821.763051
Kerala,IDUKKI,2000,Whole Year,Dry ginger,1912,7723,4.039225941
Kerala,IDUKKI,2000,Whole Year,Garlic,538,9146,17
Kerala,IDUKKI,2000,Whole Year,Sugarcane,1318,111330,84.46889226
Kerala,IDUKKI,2000,Whole Year,Sweet potato,5,57,11.4
Kerala,IDUKKI,2000,Whole Year,Tapioca,7794,267112,34.27149089
Kerala,IDUKKI,2000,Whole Year,Turmeric,502,1300,2.589641434
Kerala,IDUKKI,2000,Winter,Rice,2183,4787,2.192853871
Kerala,IDUKKI,2001,Autumn,Rice,1063,2593,2.439322672
Kerala,IDUKKI,2001,Kharif,Ragi,11,9,0.818181818
Kerala,IDUKKI,2001,Kharif,Sesamum,7,2,0.285714286
Kerala,IDUKKI,2001,Summer,Rice,555,1297,2.336936937
Kerala,IDUKKI,2001,Whole Year,Arecanut,3942,3432,0.870624049
Kerala,IDUKKI,2001,Whole Year,Banana,1567,13252,8.456924059
Kerala,IDUKKI,2001,Whole Year,Black pepper,60537,24560,0.405702298
Kerala,IDUKKI,2001,Whole Year,Cardamom,32668,7788,0.238398433
Kerala,IDUKKI,2001,Whole Year,Cashewnut,1350,547,0.405185185
Kerala,IDUKKI,2001,Whole Year,Coconut,25603,96000000,3749.560598
Kerala,IDUKKI,2001,Whole Year,Coffee,12635,9130,0.722595964
Kerala,IDUKKI,2001,Whole Year,Dry ginger,1694,6026,3.557260921
Kerala,IDUKKI,2001,Whole Year,Garlic,293,4981,17
Kerala,IDUKKI,2001,Whole Year,Rubber,38123,45260,1.187209821
Kerala,IDUKKI,2001,Whole Year,Sugarcane,1344,113520,84.46428571
Kerala,IDUKKI,2001,Whole Year,Sweet potato,7,80,11.42857143
Kerala,IDUKKI,2001,Whole Year,Tapioca,8224,261523,31.79997568
Kerala,IDUKKI,2001,Whole Year,Tea,24792,46439,1.873144563
Kerala,IDUKKI,2001,Whole Year,Turmeric,349,703,2.014326648
Kerala,IDUKKI,2001,Winter,Rice,2770,6836,2.467870036
Kerala,IDUKKI,2002,Autumn,Rice,1294,3111,2.404173107
Kerala,IDUKKI,2002,Kharif,Jowar,2,1,0.5
Kerala,IDUKKI,2002,Kharif,Ragi,25,20,0.8
Kerala,IDUKKI,2002,Kharif,Sesamum,6,1,0.166666667
Kerala,IDUKKI,2002,Summer,Rice,286,538,1.881118881
Kerala,IDUKKI,2002,Whole Year,Arecanut,4096,3846,0.938964844
Kerala,IDUKKI,2002,Whole Year,Banana,1602,13608,8.494382022
Kerala,IDUKKI,2002,Whole Year,Bhindi,6,0,0
Kerala,IDUKKI,2002,Whole Year,Bitter Gourd,586,0,0
Kerala,IDUKKI,2002,Whole Year,Black pepper,65142,35534,0.545485248
Kerala,IDUKKI,2002,Whole Year,Brinjal,29,0,0
Kerala,IDUKKI,2002,Whole Year,Cardamom,32743,8057,0.246067862
Kerala,IDUKKI,2002,Whole Year,Cashewnut,1321,788,0.59651779
Kerala,IDUKKI,2002,Whole Year,Cashewnut Raw,1321,788,0.59651779
Kerala,IDUKKI,2002,Whole Year,Coconut,25810,104000000,4029.445951
Kerala,IDUKKI,2002,Whole Year,Coffee,11490,8475,0.737597911
Kerala,IDUKKI,2002,Whole Year,Drum Stick,647,850,1.313755796
Kerala,IDUKKI,2002,Whole Year,Dry ginger,1374,4791,3.486899563
Kerala,IDUKKI,2002,Whole Year,Garlic,616,10472,17
Kerala,IDUKKI,2002,Whole Year,Jack Fruit,6332,28,0.004421984
Kerala,IDUKKI,2002,Whole Year,Mango,3142,15543,4.946849141
Kerala,IDUKKI,2002,Whole Year,Other Fresh Fruits,931,0,0
Kerala,IDUKKI,2002,Whole Year,other oilseeds,29,0,0
Kerala,IDUKKI,2002,Whole Year,Other Vegetables,6024,0,0
Kerala,IDUKKI,2002,Whole Year,Papaya,761,1895,2.490144547
Kerala,IDUKKI,2002,Whole Year,Pineapple,1569,15618,9.954110899
Kerala,IDUKKI,2002,Whole Year,Rubber,38250,45295,1.184183007
Kerala,IDUKKI,2002,Whole Year,Snak Guard,3,0,0
Kerala,IDUKKI,2002,Whole Year,Sugarcane,1473,124420,84.467074
Kerala,IDUKKI,2002,Whole Year,Sweet potato,6,69,11.5
Kerala,IDUKKI,2002,Whole Year,Tapioca,7806,249774,31.99769408
Kerala,IDUKKI,2002,Whole Year,Tea,24953,39854,1.597162666
Kerala,IDUKKI,2002,Whole Year,Turmeric,257,623,2.424124514
Kerala,IDUKKI,2002,Winter,Rice,2205,4925,2.233560091
Kerala,IDUKKI,2003,Autumn,Rice,1201,2844,2.368026644
Kerala,IDUKKI,2003,Kharif,Jowar,2,1,0.5
Kerala,IDUKKI,2003,Kharif,Ragi,74,59,0.797297297
Kerala,IDUKKI,2003,Kharif,Small millets,176,137,0.778409091
Kerala,IDUKKI,2003,Summer,Rice,77,102,1.324675325
Kerala,IDUKKI,2003,Whole Year,Arecanut,3831,3635,0.948838423
Kerala,IDUKKI,2003,Whole Year,Banana,1648,14473,8.782160194
Kerala,IDUKKI,2003,Whole Year,Bhindi,7,0,0
Kerala,IDUKKI,2003,Whole Year,Bitter Gourd,394,0,0
Kerala,IDUKKI,2003,Whole Year,Black pepper,68595,36417,0.530898754
Kerala,IDUKKI,2003,Whole Year,Brinjal,42,0,0
Kerala,IDUKKI,2003,Whole Year,Cardamom,32815,8224,0.250617096
Kerala,IDUKKI,2003,Whole Year,Cashewnut,1211,536,0.442609414
Kerala,IDUKKI,2003,Whole Year,Coconut,24383,92000000,3773.120617
Kerala,IDUKKI,2003,Whole Year,Drum Stick,630,825,1.30952381
Kerala,IDUKKI,2003,Whole Year,Dry ginger,904,3635,4.021017699
Kerala,IDUKKI,2003,Whole Year,Garlic,638,10846,17
Kerala,IDUKKI,2003,Whole Year,Jack Fruit,6444,25,0.003879578
Kerala,IDUKKI,2003,Whole Year,Mango,2982,15709,5.267940979
Kerala,IDUKKI,2003,Whole Year,Other Fresh Fruits,712,0,0
Kerala,IDUKKI,2003,Whole Year,Other Vegetables,8047,0,0
Kerala,IDUKKI,2003,Whole Year,Papaya,794,1977,2.489924433
Kerala,IDUKKI,2003,Whole Year,Pineapple,1459,14798,10.1425634
Kerala,IDUKKI,2003,Whole Year,Snak Guard,5,0,0
Kerala,IDUKKI,2003,Whole Year,Sugarcane,1595,134620,84.40125392
Kerala,IDUKKI,2003,Whole Year,Sweet potato,10,115,11.5
Kerala,IDUKKI,2003,Whole Year,Tapioca,7350,274386,37.33142857
Kerala,IDUKKI,2003,Whole Year,Turmeric,251,584,2.326693227
Kerala,IDUKKI,2003,Winter,Rice,1950,4580,2.348717949
Kerala,IDUKKI,2004,Autumn,Rice,1147,2943,2.565823888
Kerala,IDUKKI,2004,Kharif,Jowar,2,1,0.5
Kerala,IDUKKI,2004,Kharif,Other Cereals & Millets,154,120,0.779220779
Kerala,IDUKKI,2004,Kharif,Ragi,65,52,0.8
Kerala,IDUKKI,2004,Kharif,Sesamum,8,6,0.75
Kerala,IDUKKI,2004,Summer,Rice,157,394,2.50955414
Kerala,IDUKKI,2004,Whole Year,Arecanut,4054,4351,1.073260977
Kerala,IDUKKI,2004,Whole Year,Banana,1748,11458,6.554919908
Kerala,IDUKKI,2004,Whole Year,Black pepper,82316,38787,0.471196365
Kerala,IDUKKI,2004,Whole Year,Cardamom,32856,7931,0.241386657
Kerala,IDUKKI,2004,Whole Year,Cashewnut,1270,677,0.533070866
Kerala,IDUKKI,2004,Whole Year,Coconut,24274,87000000,3584.081734
Kerala,IDUKKI,2004,Whole Year,Dry ginger,876,3181,3.631278539
Kerala,IDUKKI,2004,Whole Year,Garlic,306,5202,17
Kerala,IDUKKI,2004,Whole Year,Sugarcane,790,66670,84.39240506
Kerala,IDUKKI,2004,Whole Year,Sweet potato,2,23,11.5
Kerala,IDUKKI,2004,Whole Year,Tapioca,5823,203171,34.89112142
Kerala,IDUKKI,2004,Whole Year,Turmeric,281,702,2.498220641
Kerala,IDUKKI,2004,Winter,Rice,1862,4445,2.387218045
Kerala,IDUKKI,2005,Autumn,Rice,850,2093,2.462352941
Kerala,IDUKKI,2005,Kharif,Other Cereals & Millets,11,21,1.909090909
Kerala,IDUKKI,2005,Summer,Rice,238,649,2.726890756
Kerala,IDUKKI,2005,Whole Year,Arecanut,4009,4669,1.164629583
Kerala,IDUKKI,2005,Whole Year,Banana,1828,13883,7.59463895
Kerala,IDUKKI,2005,Whole Year,Black pepper,84219,52063,0.61818592
Kerala,IDUKKI,2005,Whole Year,Cardamom,32846,9076,0.276319795
Kerala,IDUKKI,2005,Whole Year,Cashewnut,1197,746,0.623224728
Kerala,IDUKKI,2005,Whole Year,Coconut,24343,90000000,3697.161402
Kerala,IDUKKI,2005,Whole Year,Dry ginger,900,3103,3.447777778
Kerala,IDUKKI,2005,Whole Year,Garlic,65,1105,17
Kerala,IDUKKI,2005,Whole Year,Sugarcane,760,51600,67.89473684
Kerala,IDUKKI,2005,Whole Year,Sweet potato,10,115,11.5
Kerala,IDUKKI,2005,Whole Year,Tapioca,6608,205293,31.06734262
Kerala,IDUKKI,2005,Whole Year,Turmeric,330,787,2.384848485
Kerala,IDUKKI,2005,Winter,Rice,1844,4758,2.580260304
Kerala,IDUKKI,2006,Autumn,Rice,851,2345,2.755581669
Kerala,IDUKKI,2006,Kharif,Jowar,11,6,0.545454545
Kerala,IDUKKI,2006,Kharif,Other Cereals & Millets,114,89,0.780701754
Kerala,IDUKKI,2006,Kharif,Ragi,6,5,0.833333333
Kerala,IDUKKI,2006,Kharif,Sesamum,7,3,0.428571429
Kerala,IDUKKI,2006,Summer,Rice,217,569,2.622119816
Kerala,IDUKKI,2006,Whole Year,Arecanut,3416,5041,1.475702576
Kerala,IDUKKI,2006,Whole Year,Banana,1971,14654,7.434804668
Kerala,IDUKKI,2006,Whole Year,Black pepper,83652,35299,0.42197437
Kerala,IDUKKI,2006,Whole Year,Cardamom,32840,7894,0.240377588
Kerala,IDUKKI,2006,Whole Year,Cashewnut,1240,542,0.437096774
Kerala,IDUKKI,2006,Whole Year,Coconut,23668,99000000,4182.862937
Kerala,IDUKKI,2006,Whole Year,Dry ginger,863,2753,3.190034762
Kerala,IDUKKI,2006,Whole Year,Garlic,221,3757,17
Kerala,IDUKKI,2006,Whole Year,Sugarcane,781,48760,62.43277849
Kerala,IDUKKI,2006,Whole Year,Sweet potato,15,173,11.53333333
Kerala,IDUKKI,2006,Whole Year,Tapioca,7141,230842,32.32628483
Kerala,IDUKKI,2006,Whole Year,Turmeric,321,730,2.274143302
Kerala,IDUKKI,2006,Winter,Rice,1810,4593,2.537569061
Kerala,IDUKKI,2007,Autumn,Rice,462,1156,2.502164502
Kerala,IDUKKI,2007,Kharif,Cotton(lint),3,,
Kerala,IDUKKI,2007,Kharif,Jowar,1,1,1
Kerala,IDUKKI,2007,Kharif,Other Cereals & Millets,51,40,0.784313725
Kerala,IDUKKI,2007,Kharif,Ragi,1,1,1
Kerala,IDUKKI,2007,Summer,Rice,58,153,2.637931034
Kerala,IDUKKI,2007,Whole Year,Arecanut,3451,3886,1.12605042
Kerala,IDUKKI,2007,Whole Year,Banana,2559,18733,7.320437671
Kerala,IDUKKI,2007,Whole Year,Black pepper,65333,23311,0.356802841
Kerala,IDUKKI,2007,Whole Year,Cardamom,31241,6404,0.204987036
Kerala,IDUKKI,2007,Whole Year,Cashewnut,1617,588,0.363636364
Kerala,IDUKKI,2007,Whole Year,Coconut,19925,72000000,3613.550816
Kerala,IDUKKI,2007,Whole Year,Dry ginger,934,2968,3.177730193
Kerala,IDUKKI,2007,Whole Year,Garlic,350,5950,17
Kerala,IDUKKI,2007,Whole Year,Sugarcane,2105,128260,60.93111639
Kerala,IDUKKI,2007,Whole Year,Sweet potato,7,81,11.57142857
Kerala,IDUKKI,2007,Whole Year,Tapioca,6374,211702,33.2133668
Kerala,IDUKKI,2007,Whole Year,Turmeric,287,588,2.048780488
Kerala,IDUKKI,2007,Winter,Rice,1670,4650,2.784431138
Kerala,IDUKKI,2008,Autumn,Rice,494,1302,2.63562753
Kerala,IDUKKI,2008,Kharif,Jowar,1,1,1
Kerala,IDUKKI,2008,Kharif,Other Cereals & Millets,26,20,0.769230769
Kerala,IDUKKI,2008,Kharif,Ragi,5,4,0.8
Kerala,IDUKKI,2008,Kharif,Sesamum,5,1,0.2
Kerala,IDUKKI,2008,Summer,Rice,57,135,2.368421053
Kerala,IDUKKI,2008,Whole Year,Arecanut,3173,3778,1.190671289
Kerala,IDUKKI,2008,Whole Year,Banana,2705,23662,8.747504621
Kerala,IDUKKI,2008,Whole Year,Black pepper,58290,16708,0.286635787
Kerala,IDUKKI,2008,Whole Year,Cardamom,33078,7827,0.236622529
Kerala,IDUKKI,2008,Whole Year,Cashewnut,1365,731,0.535531136
Kerala,IDUKKI,2008,Whole Year,Coconut,17776,79000000,4444.194419
Kerala,IDUKKI,2008,Whole Year,Dry ginger,695,2359,3.394244604
Kerala,IDUKKI,2008,Whole Year,Garlic,320,5440,17
Kerala,IDUKKI,2008,Whole Year,Sugarcane,2487,191340,76.93606755
Kerala,IDUKKI,2008,Whole Year,Sweet potato,3,35,11.66666667
Kerala,IDUKKI,2008,Whole Year,Tapioca,7706,255284,33.12795225
Kerala,IDUKKI,2008,Whole Year,Turmeric,217,441,2.032258065
Kerala,IDUKKI,2008,Winter,Rice,1564,4057,2.59398977
Kerala,IDUKKI,2009,Autumn,Rice,588,1510,2.568027211
Kerala,IDUKKI,2009,Kharif,Jowar,10,10,1
Kerala,IDUKKI,2009,Kharif,Other Cereals & Millets,12,9,0.75
Kerala,IDUKKI,2009,Kharif,Sesamum,5,2,0.4
Kerala,IDUKKI,2009,Summer,Rice,209,521,2.492822967
Kerala,IDUKKI,2009,Whole Year,Arecanut,2753,3148,1.14347984
Kerala,IDUKKI,2009,Whole Year,Banana,2541,19506,7.676505313
Kerala,IDUKKI,2009,Whole Year,Black pepper,85739,25472,0.297087673
Kerala,IDUKKI,2009,Whole Year,Cardamom,33083,7077,0.213916513
Kerala,IDUKKI,2009,Whole Year,Cashewnut,1237,497,0.401778496
Kerala,IDUKKI,2009,Whole Year,Coconut,17189,90000000,5235.906685
Kerala,IDUKKI,2009,Whole Year,Dry ginger,691,2316,3.351664255
Kerala,IDUKKI,2009,Whole Year,Garlic,336,5712,17
Kerala,IDUKKI,2009,Whole Year,Sugarcane,2201,222030,100.8768741
Kerala,IDUKKI,2009,Whole Year,Sweet potato,4,46,11.5
Kerala,IDUKKI,2009,Whole Year,Tapioca,6032,213318,35.36438992
Kerala,IDUKKI,2009,Whole Year,Turmeric,245,555,2.265306122
Kerala,IDUKKI,2009,Winter,Rice,1531,4106,2.68190725
Kerala,IDUKKI,2010,Autumn,Rice,418.33,1083.47,2.589988765
Kerala,IDUKKI,2010,Summer,Rice,220.64,582.19,2.638642132
Kerala,IDUKKI,2010,Whole Year,Arecanut,2520.54,1789.52,0.709974847
Kerala,IDUKKI,2010,Whole Year,Banana,2665.37,23265.38,8.72876186
Kerala,IDUKKI,2010,Whole Year,Black pepper,87273.78,30919.38,0.354280289
Kerala,IDUKKI,2010,Whole Year,Cashewnut,1200.93,342.25,0.284987468
Kerala,IDUKKI,2010,Whole Year,Coconut,17011.58,79789000,4690.275683
Kerala,IDUKKI,2010,Whole Year,Dry ginger,696.59,2693.07,3.866076171
Kerala,IDUKKI,2010,Whole Year,Sugarcane,2173.53,217410,100.0262246
Kerala,IDUKKI,2010,Whole Year,Tapioca,6222.55,240290.03,38.6160063
Kerala,IDUKKI,2010,Whole Year,Turmeric,226.21,559.01,2.471199328
Kerala,IDUKKI,2010,Winter,Rice,1180.4,3078.76,2.608234497
Kerala,IDUKKI,2011,Autumn,Rice,259.85,626.12,2.409543968
Kerala,IDUKKI,2011,Kharif,Sesamum,0.97,0.12,0.12371134
Kerala,IDUKKI,2011,Summer,Rice,66.07,157.18,2.378991978
Kerala,IDUKKI,2011,Whole Year,Arecanut,2708.92,2507.34,0.925586581
Kerala,IDUKKI,2011,Whole Year,Banana,2900.57,25338.1,8.735558873
Kerala,IDUKKI,2011,Whole Year,Black pepper,44010.47,22762.96,0.517216926
Kerala,IDUKKI,2011,Whole Year,Cashewnut,1497.12,507.95,0.33928476
Kerala,IDUKKI,2011,Whole Year,Coconut,17158.12,94937000,5533.065394
Kerala,IDUKKI,2011,Whole Year,Dry ginger,654.25,3315.25,5.067252579
Kerala,IDUKKI,2011,Whole Year,Potato,3,35,11.66666667
Kerala,IDUKKI,2011,Whole Year,Sugarcane,2123.82,227197.2,106.9757324
Kerala,IDUKKI,2011,Whole Year,Tapioca,6317.9,261059.05,41.32054164
Kerala,IDUKKI,2011,Whole Year,Turmeric,204.36,628.87,3.07726561
Kerala,IDUKKI,2011,Winter,Rice,937.82,2352.15,2.508103901
Kerala,IDUKKI,2012,Autumn,Rice,208,512,2.461538462
Kerala,IDUKKI,2012,Summer,Rice,91,166,1.824175824
Kerala,IDUKKI,2012,Whole Year,Arecanut,2569,2379,0.926041261
Kerala,IDUKKI,2012,Whole Year,Arhar/Tur,12,20,1.666666667
Kerala,IDUKKI,2012,Whole Year,Banana,3080,28844,9.364935065
Kerala,IDUKKI,2012,Whole Year,Black pepper,43755,30424,0.695326248
Kerala,IDUKKI,2012,Whole Year,Cardamom,33076,9286,0.28074737
Kerala,IDUKKI,2012,Whole Year,Cashewnut,1537,482,0.313597918
Kerala,IDUKKI,2012,Whole Year,Coconut,17265,94000000,5444.540979
Kerala,IDUKKI,2012,Whole Year,Drum Stick,570,614,1.077192982
Kerala,IDUKKI,2012,Whole Year,Dry ginger,591,3445,5.829103215
Kerala,IDUKKI,2012,Whole Year,Garlic,72,658,9.138888889
Kerala,IDUKKI,2012,Whole Year,Jack Fruit,14631,,
Kerala,IDUKKI,2012,Whole Year,Maize,3,3,1
Kerala,IDUKKI,2012,Whole Year,Mango,5486,53078,9.675173168
Kerala,IDUKKI,2012,Whole Year,Papaya,916,6251,6.824235808
Kerala,IDUKKI,2012,Whole Year,Pineapple,838,6879,8.208830549
Kerala,IDUKKI,2012,Whole Year,Potato,959,18758,19.55995829
Kerala,IDUKKI,2012,Whole Year,Pump Kin,52,,
Kerala,IDUKKI,2012,Whole Year,Sugarcane,1371,14321,10.4456601
Kerala,IDUKKI,2012,Whole Year,Sweet potato,4,108,27
Kerala,IDUKKI,2012,Whole Year,Tapioca,6239,303380,48.62638243
Kerala,IDUKKI,2012,Whole Year,Turmeric,195,784,4.020512821
Kerala,IDUKKI,2012,Whole Year,Wheat,1,,
Kerala,IDUKKI,2012,Winter,Rice,877,2505,2.856328392
Kerala,IDUKKI,2013,Autumn,Rice,62,157,2.532258065
Kerala,IDUKKI,2013,Summer,Rice,39,105,2.692307692
Kerala,IDUKKI,2013,Whole Year,Arecanut,2381,1795,0.753884922
Kerala,IDUKKI,2013,Whole Year,Arhar/Tur,10,17,1.7
Kerala,IDUKKI,2013,Whole Year,Banana,3211,29664,9.238243538
Kerala,IDUKKI,2013,Whole Year,Black pepper,42924,15036,0.350293542
Kerala,IDUKKI,2013,Whole Year,Cardamom,31810,13040,0.409933983
Kerala,IDUKKI,2013,Whole Year,Cashewnut,1413,530,0.375088464
Kerala,IDUKKI,2013,Whole Year,Coconut,16518,90000000,5448.601526
Kerala,IDUKKI,2013,Whole Year,Drum Stick,603,650,1.077943615
Kerala,IDUKKI,2013,Whole Year,Dry ginger,575,3302,5.742608696
Kerala,IDUKKI,2013,Whole Year,Garlic,146,1314,9
Kerala,IDUKKI,2013,Whole Year,Maize,2,3,1.5
Kerala,IDUKKI,2013,Whole Year,Mango,5642,49346,8.746189295
Kerala,IDUKKI,2013,Whole Year,Moong(Green Gram),1,,
Kerala,IDUKKI,2013,Whole Year,Onion,6,,
Kerala,IDUKKI,2013,Whole Year,Potato,759,14846,19.5599473
Kerala,IDUKKI,2013,Whole Year,Pump Kin,51,,
Kerala,IDUKKI,2013,Whole Year,Sugarcane,1660,17559,10.57771084
Kerala,IDUKKI,2013,Whole Year,Sweet potato,4,108,27
Kerala,IDUKKI,2013,Whole Year,Tapioca,6332,313513,49.51247631
Kerala,IDUKKI,2013,Whole Year,Turmeric,185,733,3.962162162
Kerala,IDUKKI,2013,Winter,Rice,560,1534,2.739285714
Kerala,IDUKKI,2014,Autumn,Rice,89,206,2.314606742
Kerala,IDUKKI,2014,Summer,Rice,33,89,2.696969697
Kerala,IDUKKI,2014,Whole Year,Arecanut,2264,1748,0.772084806
Kerala,IDUKKI,2014,Whole Year,Banana,3469,31893,9.193715768
Kerala,IDUKKI,2014,Whole Year,Black pepper,43852,23916,0.545379914
Kerala,IDUKKI,2014,Whole Year,Cardamom,31810,15000,0.471549827
Kerala,IDUKKI,2014,Whole Year,Cashewnut,1375,410,0.298181818
Kerala,IDUKKI,2014,Whole Year,Coconut,16655,75000000,4503.152207
Kerala,IDUKKI,2014,Whole Year,Cowpea(Lobia),73,,
Kerala,IDUKKI,2014,Whole Year,Dry ginger,520,3066,5.896153846
Kerala,IDUKKI,2014,Whole Year,Garlic,75,625,8.333333333
Kerala,IDUKKI,2014,Whole Year,Maize,2,5,2.5
Kerala,IDUKKI,2014,Whole Year,Onion,4,,
Kerala,IDUKKI,2014,Whole Year,Potato,852,15811,18.55751174
Kerala,IDUKKI,2014,Whole Year,Pump Kin,59,,
Kerala,IDUKKI,2014,Whole Year,Ragi,2,2,1
Kerala,IDUKKI,2014,Whole Year,Sugarcane,1068.9,11512,10.76995042
Kerala,IDUKKI,2014,Whole Year,Sweet potato,4,88,22
Kerala,IDUKKI,2014,Whole Year,Tapioca,7541,340911,45.20766477
Kerala,IDUKKI,2014,Whole Year,Turmeric,180,790,4.388888889
Kerala,IDUKKI,2014,Whole Year,Wheat,1,3,3
Kerala,IDUKKI,2014,Winter,Rice,575,1508,2.622608696
Kerala,KANNUR,1997,Whole Year,Arecanut,10588,14786,1.396486589
Kerala,KANNUR,1997,Whole Year,Black pepper,16488,4416,0.26783115
Kerala,KANNUR,1997,Whole Year,Cashewnut,30111,37909,1.258975125
Kerala,KANNUR,1997,Whole Year,Coconut,137554,1009000,7.335301045
Kerala,KANNUR,1997,Whole Year,Tapioca,4173,101291,24.27294512
Kerala,KANNUR,1998,Autumn,Rice,8665,14122,1.629774957
Kerala,KANNUR,1998,Kharif,Sesamum,14,18,1.285714286
Kerala,KANNUR,1998,Summer,Rice,295,347,1.176271186
Kerala,KANNUR,1998,Whole Year,Arecanut,12360,10794,0.873300971
Kerala,KANNUR,1998,Whole Year,Banana,1453,16634,11.44803854
Kerala,KANNUR,1998,Whole Year,Black pepper,23419,5236,0.223579145
Kerala,KANNUR,1998,Whole Year,Cardamom,128,,
Kerala,KANNUR,1998,Whole Year,Cashewnut,27632,25774,0.93275912
Kerala,KANNUR,1998,Whole Year,Coconut,95118,529000000,5561.513068
Kerala,KANNUR,1998,Whole Year,Dry chillies,12,10,0.833333333
Kerala,KANNUR,1998,Whole Year,Dry ginger,314,1121,3.570063694
Kerala,KANNUR,1998,Whole Year,Sugarcane,20,1410,70.5
Kerala,KANNUR,1998,Whole Year,Sweet potato,27,306,11.33333333
Kerala,KANNUR,1998,Whole Year,Tapioca,4733,124267,26.25544052
Kerala,KANNUR,1998,Whole Year,Turmeric,307,1120,3.648208469
Kerala,KANNUR,1998,Winter,Rice,4918,8071,1.641114274
Kerala,KANNUR,1999,Autumn,Rice,6898,11598,1.681356915
Kerala,KANNUR,1999,Summer,Rice,264,334,1.265151515
Kerala,KANNUR,1999,Whole Year,Arecanut,12630,12191,0.965241489
Kerala,KANNUR,1999,Whole Year,Banana,1840,18024,9.795652174
Kerala,KANNUR,1999,Whole Year,Black pepper,23301,3430,0.147203983
Kerala,KANNUR,1999,Whole Year,Cardamom,128,,
Kerala,KANNUR,1999,Whole Year,Cashewnut,26101,35954,1.377495115
Kerala,KANNUR,1999,Whole Year,Coconut,95257,515000000,5406.426824
Kerala,KANNUR,1999,Whole Year,Dry chillies,13,11,0.846153846
Kerala,KANNUR,1999,Whole Year,Dry ginger,358,1395,3.896648045
Kerala,KANNUR,1999,Whole Year,Sugarcane,4,650,162.5
Kerala,KANNUR,1999,Whole Year,Sweet potato,26,295,11.34615385
Kerala,KANNUR,1999,Whole Year,Tapioca,3996,86741,21.70695696
Kerala,KANNUR,1999,Whole Year,Turmeric,323,1178,3.647058824
Kerala,KANNUR,1999,Winter,Rice,4548,7868,1.729991205
Kerala,KANNUR,2000,Autumn,Rice,6926,12046,1.739243431
Kerala,KANNUR,2000,Kharif,Sesamum,10,6,0.6
Kerala,KANNUR,2000,Summer,Rice,324,410,1.265432099
Kerala,KANNUR,2000,Whole Year,Arecanut,13274,12923,0.97355733
Kerala,KANNUR,2000,Whole Year,Banana,2035,16436,8.076658477
Kerala,KANNUR,2000,Whole Year,Black pepper,24569,5038,0.205055151
Kerala,KANNUR,2000,Whole Year,Cardamom,128,,
Kerala,KANNUR,2000,Whole Year,Cashewnut,27757,27621,0.995100335
Kerala,KANNUR,2000,Whole Year,Coconut,96975,621000000,6403.712297
Kerala,KANNUR,2000,Whole Year,Dry ginger,240,859,3.579166667
Kerala,KANNUR,2000,Whole Year,Sugarcane,5,810,162
Kerala,KANNUR,2000,Whole Year,Sweet potato,22,250,11.36363636
Kerala,KANNUR,2000,Whole Year,Tapioca,3945,90706,22.99264892
Kerala,KANNUR,2000,Whole Year,Turmeric,279,761,2.727598566
Kerala,KANNUR,2000,Winter,Rice,4541,8228,1.811935697
Kerala,KANNUR,2001,Autumn,Rice,5915,10557,1.784784446
Kerala,KANNUR,2001,Kharif,Sesamum,4,,
Kerala,KANNUR,2001,Summer,Rice,369,514,1.39295393
Kerala,KANNUR,2001,Whole Year,Arecanut,14436,14237,0.986215018
Kerala,KANNUR,2001,Whole Year,Banana,2480,17736,7.151612903
Kerala,KANNUR,2001,Whole Year,Black pepper,23341,4412,0.189023607
Kerala,KANNUR,2001,Whole Year,Cardamom,128,,
Kerala,KANNUR,2001,Whole Year,Cashewnut,27103,24087,0.888720806
Kerala,KANNUR,2001,Whole Year,Coconut,95712,604000000,6310.598462
Kerala,KANNUR,2001,Whole Year,Dry ginger,345,1188,3.443478261
Kerala,KANNUR,2001,Whole Year,Rubber,34012,38800,1.140773845
Kerala,KANNUR,2001,Whole Year,Sweet potato,34,386,11.35294118
Kerala,KANNUR,2001,Whole Year,Tapioca,3420,73011,21.34824561
Kerala,KANNUR,2001,Whole Year,Turmeric,174,445,2.557471264
Kerala,KANNUR,2001,Winter,Rice,4703,8392,1.784392941
Kerala,KANNUR,2002,Autumn,Rice,6369,11911,1.8701523
Kerala,KANNUR,2002,Kharif,Sesamum,1,,
Kerala,KANNUR,2002,Summer,Rice,318,428,1.34591195
Kerala,KANNUR,2002,Whole Year,Arecanut,14182,14737,1.039134114
Kerala,KANNUR,2002,Whole Year,Banana,2445,20280,8.294478528
Kerala,KANNUR,2002,Whole Year,Bhindi,27,0,0
Kerala,KANNUR,2002,Whole Year,Bitter Gourd,76,0,0
Kerala,KANNUR,2002,Whole Year,Black pepper,22492,4362,0.193935622
Kerala,KANNUR,2002,Whole Year,Brinjal,8,0,0
Kerala,KANNUR,2002,Whole Year,Cardamom,128,,
Kerala,KANNUR,2002,Whole Year,Cashewnut,27123,25474,0.939202891
Kerala,KANNUR,2002,Whole Year,Cashewnut Raw,27123,25474,0.939202891
Kerala,KANNUR,2002,Whole Year,Coconut,94217,559000000,5933.111859
Kerala,KANNUR,2002,Whole Year,Drum Stick,2020,1541,0.762871287
Kerala,KANNUR,2002,Whole Year,Dry ginger,266,942,3.541353383
Kerala,KANNUR,2002,Whole Year,Jack Fruit,13828,46,0.003326584
Kerala,KANNUR,2002,Whole Year,Mango,12003,57320,4.775472798
Kerala,KANNUR,2002,Whole Year,Other Fresh Fruits,900,0,0
Kerala,KANNUR,2002,Whole Year,other oilseeds,124,0,0
Kerala,KANNUR,2002,Whole Year,Other Vegetables,1802,0,0
Kerala,KANNUR,2002,Whole Year,Papaya,1741,9325,5.356117174
Kerala,KANNUR,2002,Whole Year,Pineapple,349,2002,5.736389685
Kerala,KANNUR,2002,Whole Year,Rubber,34085,40658,1.192841426
Kerala,KANNUR,2002,Whole Year,Snak Guard,6,0,0
Kerala,KANNUR,2002,Whole Year,Sugarcane,5,810,162
Kerala,KANNUR,2002,Whole Year,Sweet potato,33,375,11.36363636
Kerala,KANNUR,2002,Whole Year,Tapioca,3247,86223,26.55466585
Kerala,KANNUR,2002,Whole Year,Turmeric,136,384,2.823529412
Kerala,KANNUR,2002,Winter,Rice,4636,8455,1.823770492
Kerala,KANNUR,2003,Autumn,Rice,5287,10147,1.919235862
Kerala,KANNUR,2003,Kharif,Jowar,1,1,1
Kerala,KANNUR,2003,Summer,Rice,191,202,1.057591623
Kerala,KANNUR,2003,Whole Year,Arecanut,13489,14692,1.089183779
Kerala,KANNUR,2003,Whole Year,Banana,2310,20157,8.725974026
Kerala,KANNUR,2003,Whole Year,Bhindi,19,0,0
Kerala,KANNUR,2003,Whole Year,Bitter Gourd,77,0,0
Kerala,KANNUR,2003,Whole Year,Black pepper,22089,4078,0.184616778
Kerala,KANNUR,2003,Whole Year,Brinjal,13,0,0
Kerala,KANNUR,2003,Whole Year,Cardamom,128,,
Kerala,KANNUR,2003,Whole Year,Cashewnut,27817,25482,0.916058525
Kerala,KANNUR,2003,Whole Year,Coconut,95278,597000000,6265.874599
Kerala,KANNUR,2003,Whole Year,Drum Stick,1948,1403,0.720225873
Kerala,KANNUR,2003,Whole Year,Dry ginger,166,518,3.120481928
Kerala,KANNUR,2003,Whole Year,Jack Fruit,13584,50,0.003680801
Kerala,KANNUR,2003,Whole Year,Mango,11354,60681,5.344460102
Kerala,KANNUR,2003,Whole Year,Other Fresh Fruits,795,0,0
Kerala,KANNUR,2003,Whole Year,Other Vegetables,1774,0,0
Kerala,KANNUR,2003,Whole Year,Papaya,1774,9509,5.360202931
Kerala,KANNUR,2003,Whole Year,Pineapple,244,1427,5.848360656
Kerala,KANNUR,2003,Whole Year,Snak Guard,18,0,0
Kerala,KANNUR,2003,Whole Year,Sugarcane,3,490,163.3333333
Kerala,KANNUR,2003,Whole Year,Sweet potato,21,239,11.38095238
Kerala,KANNUR,2003,Whole Year,Tapioca,2659,76064,28.60624295
Kerala,KANNUR,2003,Whole Year,Turmeric,112,291,2.598214286
Kerala,KANNUR,2003,Winter,Rice,3983,6169,1.548832538
Kerala,KANNUR,2004,Autumn,Rice,4877,9257,1.89809309
Kerala,KANNUR,2004,Kharif,Sesamum,1,,
Kerala,KANNUR,2004,Summer,Rice,118,149,1.262711864
Kerala,KANNUR,2004,Whole Year,Arecanut,13776,14743,1.070194541
Kerala,KANNUR,2004,Whole Year,Banana,2493,22089,8.860409146
Kerala,KANNUR,2004,Whole Year,Black pepper,22727,4716,0.20750649
Kerala,KANNUR,2004,Whole Year,Cardamom,128,,
Kerala,KANNUR,2004,Whole Year,Cashewnut,25681,25230,0.982438379
Kerala,KANNUR,2004,Whole Year,Coconut,94518,642000000,6792.357011
Kerala,KANNUR,2004,Whole Year,Dry ginger,149,529,3.55033557
Kerala,KANNUR,2004,Whole Year,Sugarcane,4,650,162.5
Kerala,KANNUR,2004,Whole Year,Sweet potato,27,307,11.37037037
Kerala,KANNUR,2004,Whole Year,Tapioca,2607,66969,25.6881473
Kerala,KANNUR,2004,Whole Year,Turmeric,146,389,2.664383562
Kerala,KANNUR,2004,Winter,Rice,4107,7692,1.872899927
Kerala,KANNUR,2005,Autumn,Rice,5302,9980,1.882308563
Kerala,KANNUR,2005,Kharif,Jowar,1,,
Kerala,KANNUR,2005,Kharif,Sesamum,4,0.6,0.15
Kerala,KANNUR,2005,Summer,Rice,82,89,1.085365854
Kerala,KANNUR,2005,Whole Year,Arecanut,14104,16486,1.168888259
Kerala,KANNUR,2005,Whole Year,Banana,2554,27532,10.77995301
Kerala,KANNUR,2005,Whole Year,Black pepper,22659,5473,0.241537579
Kerala,KANNUR,2005,Whole Year,Cardamom,128,,
Kerala,KANNUR,2005,Whole Year,Cashewnut,25066,29252,1.166999122
Kerala,KANNUR,2005,Whole Year,Coconut,93934,692000000,7366.874614
Kerala,KANNUR,2005,Whole Year,Dry ginger,76,279,3.671052632
Kerala,KANNUR,2005,Whole Year,Sugarcane,8,780,97.5
Kerala,KANNUR,2005,Whole Year,Sweet potato,38,432,11.36842105
Kerala,KANNUR,2005,Whole Year,Tapioca,2442,63880,26.15888616
Kerala,KANNUR,2005,Whole Year,Turmeric,104,304,2.923076923
Kerala,KANNUR,2005,Winter,Rice,3839,7314,1.905183642
Kerala,KANNUR,2006,Autumn,Rice,4602,8733,1.897653194
Kerala,KANNUR,2006,Summer,Rice,98,120,1.224489796
Kerala,KANNUR,2006,Whole Year,Arecanut,12806,14207,1.109401843
Kerala,KANNUR,2006,Whole Year,Banana,2728,25124,9.209677419
Kerala,KANNUR,2006,Whole Year,Black pepper,15068,3139,0.208322272
Kerala,KANNUR,2006,Whole Year,Cardamom,128,,
Kerala,KANNUR,2006,Whole Year,Cashewnut,25191,30786,1.222103132
Kerala,KANNUR,2006,Whole Year,Coconut,91393,640000000,7002.724497
Kerala,KANNUR,2006,Whole Year,Dry ginger,160,697,4.35625
Kerala,KANNUR,2006,Whole Year,Sugarcane,2,30,15
Kerala,KANNUR,2006,Whole Year,Sweet potato,40,455,11.375
Kerala,KANNUR,2006,Whole Year,Tapioca,2102,60190,28.63463368
Kerala,KANNUR,2006,Whole Year,Turmeric,163,570,3.496932515
Kerala,KANNUR,2006,Winter,Rice,4142,8522,2.057460164
Kerala,KANNUR,2007,Autumn,Rice,3470,6321,1.821613833
Kerala,KANNUR,2007,Kharif,Sesamum,3,1,0.333333333
Kerala,KANNUR,2007,Summer,Rice,121,189,1.561983471
Kerala,KANNUR,2007,Whole Year,Arecanut,11262,10605,0.941662227
Kerala,KANNUR,2007,Whole Year,Banana,2181,14353,6.580926181
Kerala,KANNUR,2007,Whole Year,Black pepper,12533,1865,0.148807149
Kerala,KANNUR,2007,Whole Year,Cardamom,128,,
Kerala,KANNUR,2007,Whole Year,Cashewnut,19366,25715,1.327842611
Kerala,KANNUR,2007,Whole Year,Coconut,82223,554000000,6737.774102
Kerala,KANNUR,2007,Whole Year,Dry ginger,95,393,4.136842105
Kerala,KANNUR,2007,Whole Year,Sugarcane,2,50,25
Kerala,KANNUR,2007,Whole Year,Sweet potato,27,307,11.37037037
Kerala,KANNUR,2007,Whole Year,Tapioca,1831,52367,28.60021846
Kerala,KANNUR,2007,Whole Year,Turmeric,138,451,3.268115942
Kerala,KANNUR,2007,Winter,Rice,3641,7601,2.087613293
Kerala,KANNUR,2008,Autumn,Rice,3723,6541,1.756916465
Kerala,KANNUR,2008,Summer,Rice,118,192,1.627118644
Kerala,KANNUR,2008,Whole Year,Arecanut,11520,14655,1.272135417
Kerala,KANNUR,2008,Whole Year,Banana,2340,18192,7.774358974
Kerala,KANNUR,2008,Whole Year,Black pepper,10211,2046,0.200372148
Kerala,KANNUR,2008,Whole Year,Cardamom,128,,
Kerala,KANNUR,2008,Whole Year,Cashewnut,19372,20757,1.071494941
Kerala,KANNUR,2008,Whole Year,Coconut,77705,500000000,6434.592369
Kerala,KANNUR,2008,Whole Year,Dry ginger,108,532,4.925925926
Kerala,KANNUR,2008,Whole Year,Sugarcane,40,7220,180.5
Kerala,KANNUR,2008,Whole Year,Sweet potato,29,330,11.37931034
Kerala,KANNUR,2008,Whole Year,Tapioca,2111,69013,32.69208906
Kerala,KANNUR,2008,Whole Year,Turmeric,141,461,3.269503546
Kerala,KANNUR,2008,Winter,Rice,3808,6904,1.81302521
Kerala,KANNUR,2009,Autumn,Rice,4098,7843,1.91386042
Kerala,KANNUR,2009,Summer,Rice,108,157,1.453703704
Kerala,KANNUR,2009,Whole Year,Arecanut,10674,13516,1.26625445
Kerala,KANNUR,2009,Whole Year,Banana,2566,18640,7.264224474
Kerala,KANNUR,2009,Whole Year,Black pepper,9631,2505,0.260097601
Kerala,KANNUR,2009,Whole Year,Cardamom,128,,
Kerala,KANNUR,2009,Whole Year,Cashewnut,19377,21595,1.114465604
Kerala,KANNUR,2009,Whole Year,Coconut,78024,479000000,6139.136676
Kerala,KANNUR,2009,Whole Year,Dry ginger,87,352,4.045977011
Kerala,KANNUR,2009,Whole Year,Sugarcane,1,150,150
Kerala,KANNUR,2009,Whole Year,Sweet potato,28,318,11.35714286
Kerala,KANNUR,2009,Whole Year,Tapioca,2083,77740,37.32117139
Kerala,KANNUR,2009,Whole Year,Turmeric,118,349,2.957627119
Kerala,KANNUR,2009,Winter,Rice,2924,5843,1.998290014
Kerala,KANNUR,2010,Autumn,Rice,3054.17,6536.19,2.14008716
Kerala,KANNUR,2010,Summer,Rice,107.51,241.64,2.247604874
Kerala,KANNUR,2010,Whole Year,Arecanut,11666.43,12018.1,1.030143754
Kerala,KANNUR,2010,Whole Year,Banana,2371.63,19283.92,8.131082842
Kerala,KANNUR,2010,Whole Year,Black pepper,9568.71,1739.63,0.181804026
Kerala,KANNUR,2010,Whole Year,Cashewnut,17294.71,22521.87,1.302240396
Kerala,KANNUR,2010,Whole Year,Coconut,76916.76,528790000,6874.834561
Kerala,KANNUR,2010,Whole Year,Dry ginger,76.61,387.11,5.052995692
Kerala,KANNUR,2010,Whole Year,Sugarcane,1.24,175.19,141.2822581
Kerala,KANNUR,2010,Whole Year,Tapioca,1818.66,64802.22,35.63184982
Kerala,KANNUR,2010,Whole Year,Turmeric,94.5,350.19,3.705714286
Kerala,KANNUR,2010,Winter,Rice,3176.82,6530.49,2.055668876
Kerala,KANNUR,2011,Autumn,Rice,2516.78,5093.77,2.023923426
Kerala,KANNUR,2011,Summer,Rice,95.92,199.38,2.078607173
Kerala,KANNUR,2011,Whole Year,Arecanut,10687.29,13925.23,1.302971099
Kerala,KANNUR,2011,Whole Year,Banana,2103.78,18292.24,8.694939585
Kerala,KANNUR,2011,Whole Year,Black pepper,4960.73,1928.49,0.388751252
Kerala,KANNUR,2011,Whole Year,Cardamom,128,,
Kerala,KANNUR,2011,Whole Year,Cashewnut,23190.1,24205.48,1.043785063
Kerala,KANNUR,2011,Whole Year,Coconut,90350.48,644511000,7133.454078
Kerala,KANNUR,2011,Whole Year,Dry ginger,76.41,360.19,4.713911792
Kerala,KANNUR,2011,Whole Year,Potato,29,330,11.37931034
Kerala,KANNUR,2011,Whole Year,Sugarcane,2.58,296.7,115
Kerala,KANNUR,2011,Whole Year,Tapioca,1775.81,68253.15,38.43493955
Kerala,KANNUR,2011,Whole Year,Turmeric,125.9,460.44,3.657188245
Kerala,KANNUR,2011,Winter,Rice,3126.88,6876.57,2.199179374
Kerala,KANNUR,2012,Autumn,Rice,3618,7926,2.190713101
Kerala,KANNUR,2012,Summer,Rice,56,101,1.803571429
Kerala,KANNUR,2012,Whole Year,Arecanut,10649,13529,1.270447929
Kerala,KANNUR,2012,Whole Year,Arhar/Tur,1,1,1
Kerala,KANNUR,2012,Whole Year,Banana,2086,17936,8.598274209
Kerala,KANNUR,2012,Whole Year,Black pepper,5018,2366,0.471502591
Kerala,KANNUR,2012,Whole Year,Blackgram,115,,
Kerala,KANNUR,2012,Whole Year,Cardamom,128,,
Kerala,KANNUR,2012,Whole Year,Cashewnut,22585,26333,1.165950852
Kerala,KANNUR,2012,Whole Year,Coconut,86818,567000000,6530.90373
Kerala,KANNUR,2012,Whole Year,Cowpea(Lobia),79,,
Kerala,KANNUR,2012,Whole Year,Drum Stick,1623,1306,0.804682686
Kerala,KANNUR,2012,Whole Year,Dry ginger,66,289,4.378787879
Kerala,KANNUR,2012,Whole Year,Horse-gram,6,,
Kerala,KANNUR,2012,Whole Year,Jack Fruit,8447,,
Kerala,KANNUR,2012,Whole Year,Mango,7797,37126,4.761574965
Kerala,KANNUR,2012,Whole Year,Moong(Green Gram),42,,
Kerala,KANNUR,2012,Whole Year,Papaya,1736,12849,7.401497696
Kerala,KANNUR,2012,Whole Year,Pineapple,113,737,6.522123894
Kerala,KANNUR,2012,Whole Year,Pump Kin,60,,
Kerala,KANNUR,2012,Whole Year,Sugarcane,4,45,11.25
Kerala,KANNUR,2012,Whole Year,Sweet potato,24,254,10.58333333
Kerala,KANNUR,2012,Whole Year,Tapioca,1751,64224,36.67846945
Kerala,KANNUR,2012,Whole Year,Turmeric,148,497,3.358108108
Kerala,KANNUR,2012,Winter,Rice,3010,6210,2.063122924
Kerala,KANNUR,2013,Autumn,Rice,2684,5908,2.20119225
Kerala,KANNUR,2013,Summer,Rice,20,46,2.3
Kerala,KANNUR,2013,Whole Year,Arecanut,9959,12103,1.215282659
Kerala,KANNUR,2013,Whole Year,Arhar/Tur,1,1,1
Kerala,KANNUR,2013,Whole Year,Banana,1986,17663,8.893756294
Kerala,KANNUR,2013,Whole Year,Black pepper,4765,1881,0.39475341
Kerala,KANNUR,2013,Whole Year,Blackgram,246,,
Kerala,KANNUR,2013,Whole Year,Cashewnut,21238,20984,0.988040305
Kerala,KANNUR,2013,Whole Year,Coconut,85063,574000000,6747.939762
Kerala,KANNUR,2013,Whole Year,Cowpea(Lobia),201,,
Kerala,KANNUR,2013,Whole Year,Drum Stick,1695,1364,0.804719764
Kerala,KANNUR,2013,Whole Year,Dry ginger,43,182,4.23255814
Kerala,KANNUR,2013,Whole Year,Horse-gram,3,,
Kerala,KANNUR,2013,Whole Year,Mango,7668,37622,4.906364111
Kerala,KANNUR,2013,Whole Year,Moong(Green Gram),32,,
Kerala,KANNUR,2013,Whole Year,Pump Kin,45,,
Kerala,KANNUR,2013,Whole Year,Sugarcane,1,9,9
Kerala,KANNUR,2013,Whole Year,Sweet potato,26,286,11
Kerala,KANNUR,2013,Whole Year,Tapioca,1553,60042,38.66194462
Kerala,KANNUR,2013,Whole Year,Turmeric,101,295,2.920792079
Kerala,KANNUR,2013,Winter,Rice,2376,5339,2.247053872
Kerala,KANNUR,2014,Autumn,Rice,2638,5905,2.238438211
Kerala,KANNUR,2014,Summer,Rice,11,25,2.272727273
Kerala,KANNUR,2014,Whole Year,Arecanut,9180,10660,1.161220044
Kerala,KANNUR,2014,Whole Year,Banana,2298,19593,8.526109661
Kerala,KANNUR,2014,Whole Year,Black pepper,4626,2146,0.463899697
Kerala,KANNUR,2014,Whole Year,Blackgram,240,,
Kerala,KANNUR,2014,Whole Year,Cashewnut,20351,18570,0.912485873
Kerala,KANNUR,2014,Whole Year,Coconut,85807,533000000,6211.614437
Kerala,KANNUR,2014,Whole Year,Cowpea(Lobia),182,,
Kerala,KANNUR,2014,Whole Year,Dry ginger,55,248,4.509090909
Kerala,KANNUR,2014,Whole Year,Horse-gram,10,,
Kerala,KANNUR,2014,Whole Year,Moong(Green Gram),65,,
Kerala,KANNUR,2014,Whole Year,Pump Kin,83,,
Kerala,KANNUR,2014,Whole Year,Sesamum,1,0.33,0.33
Kerala,KANNUR,2014,Whole Year,Sugarcane,3.43,46,13.41107872
Kerala,KANNUR,2014,Whole Year,Sweet potato,32,353,11.03125
Kerala,KANNUR,2014,Whole Year,Tapioca,2127,85880,40.3761166
Kerala,KANNUR,2014,Whole Year,Turmeric,135,479,3.548148148
Kerala,KANNUR,2014,Winter,Rice,2306,5234,2.269731136
Kerala,KASARAGOD,1997,Whole Year,Arecanut,9170,13737,1.498037077
Kerala,KASARAGOD,1997,Whole Year,Black pepper,3947,793,0.200912085
Kerala,KASARAGOD,1997,Whole Year,Cashewnut,13643,9487,0.695374918
Kerala,KASARAGOD,1997,Whole Year,Coconut,41011,227000,5.535100339
Kerala,KASARAGOD,1997,Whole Year,Tapioca,493,10554,21.40770791
Kerala,KASARAGOD,1998,Autumn,Rice,4806,10048,2.090719933
Kerala,KASARAGOD,1998,Summer,Rice,261,366,1.402298851
Kerala,KASARAGOD,1998,Whole Year,Arecanut,10832,17899,1.652418759
Kerala,KASARAGOD,1998,Whole Year,Banana,727,9427,12.96698762
Kerala,KASARAGOD,1998,Whole Year,Black pepper,6199,1287,0.207614131
Kerala,KASARAGOD,1998,Whole Year,Cardamom,515,,
Kerala,KASARAGOD,1998,Whole Year,Cashewnut,21801,6605,0.302967754
Kerala,KASARAGOD,1998,Whole Year,Coconut,48596,337000000,6934.727138
Kerala,KASARAGOD,1998,Whole Year,Dry chillies,138,129,0.934782609
Kerala,KASARAGOD,1998,Whole Year,Dry ginger,46,182,3.956521739
Kerala,KASARAGOD,1998,Whole Year,Sugarcane,2,40,20
Kerala,KASARAGOD,1998,Whole Year,Sweet potato,116,2116,18.24137931
Kerala,KASARAGOD,1998,Whole Year,Tapioca,1092,27847,25.50091575
Kerala,KASARAGOD,1998,Whole Year,Tobacco,41,228,5.56097561
Kerala,KASARAGOD,1998,Whole Year,Turmeric,39,67,1.717948718
Kerala,KASARAGOD,1998,Winter,Rice,2941,5617,1.909894594
Kerala,KASARAGOD,1999,Autumn,Rice,4749,9280,1.954095599
Kerala,KASARAGOD,1999,Kharif,Sesamum,26,14,0.538461538
Kerala,KASARAGOD,1999,Summer,Rice,217,426,1.963133641
Kerala,KASARAGOD,1999,Whole Year,Arecanut,12738,25032,1.965143665
Kerala,KASARAGOD,1999,Whole Year,Banana,792,8778,11.08333333
Kerala,KASARAGOD,1999,Whole Year,Black pepper,7051,1568,0.222379804
Kerala,KASARAGOD,1999,Whole Year,Cardamom,515,1,0.001941748
Kerala,KASARAGOD,1999,Whole Year,Cashewnut,19962,10530,0.527502254
Kerala,KASARAGOD,1999,Whole Year,Coconut,56183,364000000,6478.828115
Kerala,KASARAGOD,1999,Whole Year,Dry chillies,149,139,0.932885906
Kerala,KASARAGOD,1999,Whole Year,Dry ginger,129,495,3.837209302
Kerala,KASARAGOD,1999,Whole Year,Sugarcane,2,70,35
Kerala,KASARAGOD,1999,Whole Year,Sweet potato,78,1423,18.24358974
Kerala,KASARAGOD,1999,Whole Year,Tapioca,1280,25479,19.90546875
Kerala,KASARAGOD,1999,Whole Year,Tobacco,44,245,5.568181818
Kerala,KASARAGOD,1999,Whole Year,Turmeric,70,120,1.714285714
Kerala,KASARAGOD,1999,Winter,Rice,3420,6290,1.839181287
Kerala,KASARAGOD,2000,Autumn,Rice,5200,9978,1.918846154
Kerala,KASARAGOD,2000,Kharif,Sesamum,4,,
Kerala,KASARAGOD,2000,Summer,Rice,285,514,1.803508772
Kerala,KASARAGOD,2000,Whole Year,Arecanut,13515,26359,1.950351461
Kerala,KASARAGOD,2000,Whole Year,Banana,983,8493,8.639877925
Kerala,KASARAGOD,2000,Whole Year,Black pepper,6229,1226,0.19682132
Kerala,KASARAGOD,2000,Whole Year,Cardamom,515,,
Kerala,KASARAGOD,2000,Whole Year,Cashewnut,20448,18415,0.900577074
Kerala,KASARAGOD,2000,Whole Year,Coconut,59073,469000000,7939.329304
Kerala,KASARAGOD,2000,Whole Year,Dry ginger,139,444,3.194244604
Kerala,KASARAGOD,2000,Whole Year,Sugarcane,3,110,36.66666667
Kerala,KASARAGOD,2000,Whole Year,Sweet potato,66,1204,18.24242424
Kerala,KASARAGOD,2000,Whole Year,Tapioca,1373,27755,20.21485798
Kerala,KASARAGOD,2000,Whole Year,Tobacco,213,1186,5.568075117
Kerala,KASARAGOD,2000,Whole Year,Turmeric,87,186,2.137931034
Kerala,KASARAGOD,2000,Winter,Rice,3673,6992,1.903621018
Kerala,KASARAGOD,2001,Autumn,Rice,4602,10052,2.18426771
Kerala,KASARAGOD,2001,Kharif,Jowar,2,1,0.5
Kerala,KASARAGOD,2001,Summer,Rice,195,326,1.671794872
Kerala,KASARAGOD,2001,Whole Year,Arecanut,14579,21813,1.496193155
Kerala,KASARAGOD,2001,Whole Year,Banana,750,6442,8.589333333
Kerala,KASARAGOD,2001,Whole Year,Black pepper,6478,1376,0.212411238
Kerala,KASARAGOD,2001,Whole Year,Cardamom,515,,
Kerala,KASARAGOD,2001,Whole Year,Cashewnut,19936,21996,1.103330658
Kerala,KASARAGOD,2001,Whole Year,Coconut,57285,438000000,7645.980623
Kerala,KASARAGOD,2001,Whole Year,Dry ginger,158,591,3.740506329
Kerala,KASARAGOD,2001,Whole Year,Rubber,22348,24125,1.079514945
Kerala,KASARAGOD,2001,Whole Year,Sweet potato,107,1952,18.24299065
Kerala,KASARAGOD,2001,Whole Year,Tapioca,1326,30136,22.72699849
Kerala,KASARAGOD,2001,Whole Year,Tobacco,71,395,5.563380282
Kerala,KASARAGOD,2001,Whole Year,Turmeric,89,223,2.505617978
Kerala,KASARAGOD,2001,Winter,Rice,2616,5259,2.010321101
Kerala,KASARAGOD,2002,Autumn,Rice,4408,10094,2.289927405
Kerala,KASARAGOD,2002,Summer,Rice,148,250,1.689189189
Kerala,KASARAGOD,2002,Whole Year,Arecanut,15183,30363,1.999802411
Kerala,KASARAGOD,2002,Whole Year,Banana,764,7690,10.06544503
Kerala,KASARAGOD,2002,Whole Year,Bhindi,29,0,0
Kerala,KASARAGOD,2002,Whole Year,Bitter Gourd,41,0,0
Kerala,KASARAGOD,2002,Whole Year,Black pepper,6948,2052,0.295336788
Kerala,KASARAGOD,2002,Whole Year,Brinjal,10,0,0
Kerala,KASARAGOD,2002,Whole Year,Cardamom,515,,
Kerala,KASARAGOD,2002,Whole Year,Cashewnut,20218,20737,1.025670195
Kerala,KASARAGOD,2002,Whole Year,Cashewnut Raw,20218,20737,1.025670195
Kerala,KASARAGOD,2002,Whole Year,Coconut,56236,409000000,7272.92126
Kerala,KASARAGOD,2002,Whole Year,Drum Stick,687,1028,1.49636099
Kerala,KASARAGOD,2002,Whole Year,Dry ginger,147,545,3.707482993
Kerala,KASARAGOD,2002,Whole Year,Jack Fruit,2745,12,0.004371585
Kerala,KASARAGOD,2002,Whole Year,Mango,3041,15692,5.160144689
Kerala,KASARAGOD,2002,Whole Year,Other Fresh Fruits,650,0,0
Kerala,KASARAGOD,2002,Whole Year,other oilseeds,50,0,0
Kerala,KASARAGOD,2002,Whole Year,Other Vegetables,1075,0,0
Kerala,KASARAGOD,2002,Whole Year,Papaya,636,3914,6.15408805
Kerala,KASARAGOD,2002,Whole Year,Pineapple,88,774,8.795454545
Kerala,KASARAGOD,2002,Whole Year,Rubber,22420,25795,1.150535236
Kerala,KASARAGOD,2002,Whole Year,Snak Guard,5,0,0
Kerala,KASARAGOD,2002,Whole Year,Sugarcane,6,220,36.66666667
Kerala,KASARAGOD,2002,Whole Year,Sweet potato,175,3193,18.24571429
Kerala,KASARAGOD,2002,Whole Year,Tapioca,1148,27417,23.88240418
Kerala,KASARAGOD,2002,Whole Year,Tobacco,90,501,5.566666667
Kerala,KASARAGOD,2002,Whole Year,Turmeric,68,162,2.382352941
Kerala,KASARAGOD,2002,Winter,Rice,2640,5300,2.007575758
Kerala,KASARAGOD,2003,Autumn,Rice,3756,9315,2.480031949
Kerala,KASARAGOD,2003,Kharif,Jowar,3,1,0.333333333
Kerala,KASARAGOD,2003,Kharif,Small millets,5,3,0.6
Kerala,KASARAGOD,2003,Summer,Rice,73,109,1.493150685
Kerala,KASARAGOD,2003,Whole Year,Arecanut,15832,29577,1.868178373
Kerala,KASARAGOD,2003,Whole Year,Banana,717,7272,10.14225941
Kerala,KASARAGOD,2003,Whole Year,Bhindi,54,0,0
Kerala,KASARAGOD,2003,Whole Year,Bitter Gourd,61,0,0
Kerala,KASARAGOD,2003,Whole Year,Black pepper,7371,2136,0.28978429
Kerala,KASARAGOD,2003,Whole Year,Brinjal,11,0,0
Kerala,KASARAGOD,2003,Whole Year,Cardamom,368,1,0.002717391
Kerala,KASARAGOD,2003,Whole Year,Cashewnut,19389,21346,1.100933519
Kerala,KASARAGOD,2003,Whole Year,Coconut,57811,419000000,7247.755617
Kerala,KASARAGOD,2003,Whole Year,Drum Stick,718,1077,1.5
Kerala,KASARAGOD,2003,Whole Year,Dry ginger,116,423,3.646551724
Kerala,KASARAGOD,2003,Whole Year,Jack Fruit,2819,13,0.004611564
Kerala,KASARAGOD,2003,Whole Year,Mango,3148,18568,5.898348158
Kerala,KASARAGOD,2003,Whole Year,Other Fresh Fruits,582,0,0
Kerala,KASARAGOD,2003,Whole Year,Other Vegetables,1071,0,0
Kerala,KASARAGOD,2003,Whole Year,Papaya,665,4090,6.15037594
Kerala,KASARAGOD,2003,Whole Year,Pineapple,114,852,7.473684211
Kerala,KASARAGOD,2003,Whole Year,Snak Guard,2,0,0
Kerala,KASARAGOD,2003,Whole Year,Sugarcane,1,40,40
Kerala,KASARAGOD,2003,Whole Year,Sweet potato,182,3320,18.24175824
Kerala,KASARAGOD,2003,Whole Year,Tapioca,757,18629,24.60898283
Kerala,KASARAGOD,2003,Whole Year,Tobacco,76,423,5.565789474
Kerala,KASARAGOD,2003,Whole Year,Turmeric,68,153,2.25
Kerala,KASARAGOD,2003,Winter,Rice,2434,4963,2.039030403
Kerala,KASARAGOD,2004,Autumn,Rice,3059,7270,2.376593658
Kerala,KASARAGOD,2004,Kharif,Other Cereals & Millets,1,1,1
Kerala,KASARAGOD,2004,Summer,Rice,92,175,1.902173913
Kerala,KASARAGOD,2004,Whole Year,Arecanut,17432,31702,1.818609454
Kerala,KASARAGOD,2004,Whole Year,Banana,780,6507,8.342307692
Kerala,KASARAGOD,2004,Whole Year,Black pepper,6876,2015,0.293048284
Kerala,KASARAGOD,2004,Whole Year,Cardamom,367,1,0.002724796
Kerala,KASARAGOD,2004,Whole Year,Cashewnut,18341,17208,0.938225833
Kerala,KASARAGOD,2004,Whole Year,Coconut,57906,471000000,8133.872138
Kerala,KASARAGOD,2004,Whole Year,Dry ginger,104,340,3.269230769
Kerala,KASARAGOD,2004,Whole Year,Sugarcane,2,80,40
Kerala,KASARAGOD,2004,Whole Year,Sweet potato,155,2827,18.23870968
Kerala,KASARAGOD,2004,Whole Year,Tapioca,717,18690,26.06694561
Kerala,KASARAGOD,2004,Whole Year,Tobacco,40,223,5.575
Kerala,KASARAGOD,2004,Whole Year,Turmeric,74,148,2
Kerala,KASARAGOD,2004,Winter,Rice,2524,5160,2.04437401
Kerala,KASARAGOD,2005,Autumn,Rice,3237,8234,2.543713315
Kerala,KASARAGOD,2005,Kharif,Jowar,2,1,0.5
Kerala,KASARAGOD,2005,Kharif,Sesamum,3,2,0.666666667
Kerala,KASARAGOD,2005,Summer,Rice,160,364,2.275
Kerala,KASARAGOD,2005,Whole Year,Arecanut,17622,32701,1.855691749
Kerala,KASARAGOD,2005,Whole Year,Banana,789,7130,9.036755387
Kerala,KASARAGOD,2005,Whole Year,Black pepper,6672,1950,0.292266187
Kerala,KASARAGOD,2005,Whole Year,Cardamom,367,1,0.002724796
Kerala,KASARAGOD,2005,Whole Year,Cashewnut,18068,17925,0.992085455
Kerala,KASARAGOD,2005,Whole Year,Coconut,58088,426000000,7333.700592
Kerala,KASARAGOD,2005,Whole Year,Dry ginger,56,195,3.482142857
Kerala,KASARAGOD,2005,Whole Year,Sugarcane,2,10,5
Kerala,KASARAGOD,2005,Whole Year,Sweet potato,173,3156,18.24277457
Kerala,KASARAGOD,2005,Whole Year,Tapioca,576,13752,23.875
Kerala,KASARAGOD,2005,Whole Year,Tobacco,43,69,1.604651163
Kerala,KASARAGOD,2005,Whole Year,Turmeric,50,118,2.36
Kerala,KASARAGOD,2005,Winter,Rice,2633,5188,1.970375997
Kerala,KASARAGOD,2006,Autumn,Rice,2766,6592,2.383224873
Kerala,KASARAGOD,2006,Kharif,Jowar,4,2,0.5
Kerala,KASARAGOD,2006,Kharif,Sesamum,1,1,1
Kerala,KASARAGOD,2006,Summer,Rice,188,404,2.14893617
Kerala,KASARAGOD,2006,Whole Year,Arecanut,14910,35289,2.366800805
Kerala,KASARAGOD,2006,Whole Year,Banana,778,7485,9.620822622
Kerala,KASARAGOD,2006,Whole Year,Black pepper,6657,1957,0.293976266
Kerala,KASARAGOD,2006,Whole Year,Cardamom,368,1,0.002717391
Kerala,KASARAGOD,2006,Whole Year,Cashewnut,14518,14897,1.026105524
Kerala,KASARAGOD,2006,Whole Year,Coconut,58236,395000000,6782.746068
Kerala,KASARAGOD,2006,Whole Year,Dry ginger,60,266,4.433333333
Kerala,KASARAGOD,2006,Whole Year,Sugarcane,2,20,10
Kerala,KASARAGOD,2006,Whole Year,Sweet potato,122,2226,18.24590164
Kerala,KASARAGOD,2006,Whole Year,Tapioca,503,12278,24.40954274
Kerala,KASARAGOD,2006,Whole Year,Tobacco,31,50,1.612903226
Kerala,KASARAGOD,2006,Whole Year,Turmeric,57,86,1.50877193
Kerala,KASARAGOD,2006,Winter,Rice,2369,5146,2.172224567
Kerala,KASARAGOD,2007,Autumn,Rice,3060,6628,2.166013072
Kerala,KASARAGOD,2007,Kharif,Jowar,8,4,0.5
Kerala,KASARAGOD,2007,Kharif,Sesamum,1,1,1
Kerala,KASARAGOD,2007,Summer,Rice,168,311,1.851190476
Kerala,KASARAGOD,2007,Whole Year,Arecanut,15060,43474,2.886719788
Kerala,KASARAGOD,2007,Whole Year,Banana,685,7704,11.24671533
Kerala,KASARAGOD,2007,Whole Year,Black pepper,6660,1583,0.237687688
Kerala,KASARAGOD,2007,Whole Year,Cardamom,368,,
Kerala,KASARAGOD,2007,Whole Year,Cashewnut,11667,11210,0.960829691
Kerala,KASARAGOD,2007,Whole Year,Coconut,57057,445000000,7799.218326
Kerala,KASARAGOD,2007,Whole Year,Dry ginger,65,235,3.615384615
Kerala,KASARAGOD,2007,Whole Year,Sugarcane,1,50,50
Kerala,KASARAGOD,2007,Whole Year,Sweet potato,130,2372,18.24615385
Kerala,KASARAGOD,2007,Whole Year,Tapioca,452,9815,21.71460177
Kerala,KASARAGOD,2007,Whole Year,Tobacco,43,69,1.604651163
Kerala,KASARAGOD,2007,Whole Year,Turmeric,39,96,2.461538462
Kerala,KASARAGOD,2007,Winter,Rice,1936,4024,2.078512397
Kerala,KASARAGOD,2008,Autumn,Rice,2796,6682,2.389842632
Kerala,KASARAGOD,2008,Kharif,Jowar,5,3,0.6
Kerala,KASARAGOD,2008,Kharif,Other Cereals & Millets,1,1,1
Kerala,KASARAGOD,2008,Kharif,Ragi,1,1,1
Kerala,KASARAGOD,2008,Summer,Rice,170,326,1.917647059
Kerala,KASARAGOD,2008,Whole Year,Arecanut,14927,37446,2.508608562
Kerala,KASARAGOD,2008,Whole Year,Banana,401,3231,8.057356608
Kerala,KASARAGOD,2008,Whole Year,Black pepper,5407,1386,0.256334381
Kerala,KASARAGOD,2008,Whole Year,Cardamom,368,,
Kerala,KASARAGOD,2008,Whole Year,Cashewnut,9487,10347,1.090650364
Kerala,KASARAGOD,2008,Whole Year,Coconut,52266,439000000,8399.341828
Kerala,KASARAGOD,2008,Whole Year,Dry ginger,17,60,3.529411765
Kerala,KASARAGOD,2008,Whole Year,Sugarcane,1,,
Kerala,KASARAGOD,2008,Whole Year,Sweet potato,82,1496,18.24390244
Kerala,KASARAGOD,2008,Whole Year,Tapioca,245,5672,23.15102041
Kerala,KASARAGOD,2008,Whole Year,Tobacco,39,63,1.615384615
Kerala,KASARAGOD,2008,Whole Year,Turmeric,21,48,2.285714286
Kerala,KASARAGOD,2008,Winter,Rice,2025,4035,1.992592593
Kerala,KASARAGOD,2009,Autumn,Rice,2464,5678,2.304383117
Kerala,KASARAGOD,2009,Kharif,Jowar,5,3,0.6
Kerala,KASARAGOD,2009,Kharif,Ragi,1,,
Kerala,KASARAGOD,2009,Summer,Rice,116,238,2.051724138
Kerala,KASARAGOD,2009,Whole Year,Arecanut,15256,27680,1.814368117
Kerala,KASARAGOD,2009,Whole Year,Banana,475,3715,7.821052632
Kerala,KASARAGOD,2009,Whole Year,Black pepper,4764,1098,0.230478589
Kerala,KASARAGOD,2009,Whole Year,Cardamom,368,,
Kerala,KASARAGOD,2009,Whole Year,Cashewnut,8205,5189,0.632419257
Kerala,KASARAGOD,2009,Whole Year,Coconut,54224,416000000,7671.879611
Kerala,KASARAGOD,2009,Whole Year,Dry ginger,22,77,3.5
Kerala,KASARAGOD,2009,Whole Year,Sugarcane,1,60,60
Kerala,KASARAGOD,2009,Whole Year,Sweet potato,47,858,18.25531915
Kerala,KASARAGOD,2009,Whole Year,Tapioca,389,8849,22.74807198
Kerala,KASARAGOD,2009,Whole Year,Tobacco,29,34,1.172413793
Kerala,KASARAGOD,2009,Whole Year,Turmeric,22,44,2
Kerala,KASARAGOD,2009,Winter,Rice,1814,3344,1.843439912
Kerala,KASARAGOD,2010,Autumn,Rice,2283.99,5824.31,2.550059326
Kerala,KASARAGOD,2010,Summer,Rice,414.04,976.06,2.357405082
Kerala,KASARAGOD,2010,Whole Year,Arecanut,18038.61,30036.14,1.665102799
Kerala,KASARAGOD,2010,Whole Year,Banana,384.46,4379.7,11.3918223
Kerala,KASARAGOD,2010,Whole Year,Black pepper,6830.35,2538.97,0.371718872
Kerala,KASARAGOD,2010,Whole Year,Cashewnut,6803.06,5131.57,0.754303211
Kerala,KASARAGOD,2010,Whole Year,Coconut,56173.75,418372000,7447.820379
Kerala,KASARAGOD,2010,Whole Year,Dry ginger,22.06,66.14,2.998186763
Kerala,KASARAGOD,2010,Whole Year,Sugarcane,1.01,31.36,31.04950495
Kerala,KASARAGOD,2010,Whole Year,Tapioca,335.26,8059.06,24.03823898
Kerala,KASARAGOD,2010,Whole Year,Turmeric,20.2,49.18,2.434653465
Kerala,KASARAGOD,2010,Winter,Rice,1457.39,3033.99,2.081796911
Kerala,KASARAGOD,2011,Autumn,Rice,2021.02,4751.35,2.350966344
Kerala,KASARAGOD,2011,Summer,Rice,334.66,872.35,2.606675432
Kerala,KASARAGOD,2011,Whole Year,Arecanut,19551.82,38142.91,1.950862375
Kerala,KASARAGOD,2011,Whole Year,Banana,509.32,3188.9,6.261093222
Kerala,KASARAGOD,2011,Whole Year,Black pepper,2729.21,2192.7,0.803419304
Kerala,KASARAGOD,2011,Whole Year,Cardamom,368,,
Kerala,KASARAGOD,2011,Whole Year,Cashewnut,8250.07,5683.95,0.688957791
Kerala,KASARAGOD,2011,Whole Year,Coconut,59655.93,508038000,8516.135781
Kerala,KASARAGOD,2011,Whole Year,Dry ginger,22.66,74.94,3.307149162
Kerala,KASARAGOD,2011,Whole Year,Potato,82,1496,18.24390244
Kerala,KASARAGOD,2011,Whole Year,Sugarcane,0.63,5,7.936507937
Kerala,KASARAGOD,2011,Whole Year,Tapioca,292.1,7255.59,24.83940431
Kerala,KASARAGOD,2011,Whole Year,Tobacco,43,69,1.604651163
Kerala,KASARAGOD,2011,Whole Year,Turmeric,22.49,54.48,2.42240996
Kerala,KASARAGOD,2011,Winter,Rice,1501.35,2931.77,1.952755853
Kerala,KASARAGOD,2012,Autumn,Rice,1883,4831,2.56558683
Kerala,KASARAGOD,2012,Summer,Rice,268,628,2.343283582
Kerala,KASARAGOD,2012,Whole Year,Arecanut,18937,36797,1.943127211
Kerala,KASARAGOD,2012,Whole Year,Arhar/Tur,14,24,1.714285714
Kerala,KASARAGOD,2012,Whole Year,Banana,529,4671,8.829867675
Kerala,KASARAGOD,2012,Whole Year,Black pepper,2707,1596,0.589582564
Kerala,KASARAGOD,2012,Whole Year,Blackgram,25,,
Kerala,KASARAGOD,2012,Whole Year,Cardamom,368,,
Kerala,KASARAGOD,2012,Whole Year,Cashewnut,7981,5144,0.644530761
Kerala,KASARAGOD,2012,Whole Year,Coconut,58836,469000000,7971.310082
Kerala,KASARAGOD,2012,Whole Year,Cowpea(Lobia),20,,
Kerala,KASARAGOD,2012,Whole Year,Drum Stick,594,572,0.962962963
Kerala,KASARAGOD,2012,Whole Year,Dry ginger,20,56,2.8
Kerala,KASARAGOD,2012,Whole Year,Horse-gram,5,,
Kerala,KASARAGOD,2012,Whole Year,Jack Fruit,2433,,
Kerala,KASARAGOD,2012,Whole Year,Jowar,1,1,1
Kerala,KASARAGOD,2012,Whole Year,Mango,2163,6261,2.894590846
Kerala,KASARAGOD,2012,Whole Year,Moong(Green Gram),7,,
Kerala,KASARAGOD,2012,Whole Year,Papaya,738,5151,6.979674797
Kerala,KASARAGOD,2012,Whole Year,Pineapple,52,310,5.961538462
Kerala,KASARAGOD,2012,Whole Year,Pump Kin,28,,
Kerala,KASARAGOD,2012,Whole Year,Sugarcane,2,6,3
Kerala,KASARAGOD,2012,Whole Year,Sweet potato,53,1533,28.9245283
Kerala,KASARAGOD,2012,Whole Year,Tapioca,274,6048,22.0729927
Kerala,KASARAGOD,2012,Whole Year,Tobacco,13,23,1.769230769
Kerala,KASARAGOD,2012,Whole Year,Turmeric,22,45,2.045454545
Kerala,KASARAGOD,2012,Winter,Rice,1363,2657,1.949376376
Kerala,KASARAGOD,2013,Autumn,Rice,2091,5093,2.43567671
Kerala,KASARAGOD,2013,Summer,Rice,407,926,2.275184275
Kerala,KASARAGOD,2013,Whole Year,Arecanut,19488,33652,1.72680624
Kerala,KASARAGOD,2013,Whole Year,Arhar/Tur,8,14,1.75
Kerala,KASARAGOD,2013,Whole Year,Banana,487,3420,7.022587269
Kerala,KASARAGOD,2013,Whole Year,Black pepper,2927,1809,0.618038948
Kerala,KASARAGOD,2013,Whole Year,Blackgram,6,,
Kerala,KASARAGOD,2013,Whole Year,Cashewnut,7811,6193,0.792856228
Kerala,KASARAGOD,2013,Whole Year,Coconut,61836,602000000,9735.4292
Kerala,KASARAGOD,2013,Whole Year,Cowpea(Lobia),20,,
Kerala,KASARAGOD,2013,Whole Year,Drum Stick,548,528,0.96350365
Kerala,KASARAGOD,2013,Whole Year,Dry ginger,29,63,2.172413793
Kerala,KASARAGOD,2013,Whole Year,Horse-gram,3,,
Kerala,KASARAGOD,2013,Whole Year,Jowar,1,1,1
Kerala,KASARAGOD,2013,Whole Year,Mango,2170,7509,3.460368664
Kerala,KASARAGOD,2013,Whole Year,Moong(Green Gram),5,,
Kerala,KASARAGOD,2013,Whole Year,Pump Kin,21,,
Kerala,KASARAGOD,2013,Whole Year,Sesamum,1,,
Kerala,KASARAGOD,2013,Whole Year,Sugarcane,1,,
Kerala,KASARAGOD,2013,Whole Year,Sweet potato,49,1421,29
Kerala,KASARAGOD,2013,Whole Year,Tapioca,331,9826,29.6858006
Kerala,KASARAGOD,2013,Whole Year,Tobacco,9,17,1.888888889
Kerala,KASARAGOD,2013,Whole Year,Turmeric,34,55,1.617647059
Kerala,KASARAGOD,2013,Winter,Rice,1707,3420,2.003514938
Kerala,KASARAGOD,2014,Autumn,Rice,1629,3863,2.371393493
Kerala,KASARAGOD,2014,Summer,Rice,296,677,2.287162162
Kerala,KASARAGOD,2014,Whole Year,Arecanut,18733,51406,2.744141355
Kerala,KASARAGOD,2014,Whole Year,Banana,665,4890,7.353383459
Kerala,KASARAGOD,2014,Whole Year,Black pepper,3084,2077,0.673476005
Kerala,KASARAGOD,2014,Whole Year,Blackgram,22,,
Kerala,KASARAGOD,2014,Whole Year,Cashewnut,7182,6323,0.880395433
Kerala,KASARAGOD,2014,Whole Year,Coconut,63791,705000000,11051.71576
Kerala,KASARAGOD,2014,Whole Year,Cowpea(Lobia),96,,
Kerala,KASARAGOD,2014,Whole Year,Dry ginger,16,66,4.125
Kerala,KASARAGOD,2014,Whole Year,Horse-gram,12,,
Kerala,KASARAGOD,2014,Whole Year,Moong(Green Gram),10,,
Kerala,KASARAGOD,2014,Whole Year,Pump Kin,33,,
Kerala,KASARAGOD,2014,Whole Year,Sugarcane,0.66,,
Kerala,KASARAGOD,2014,Whole Year,Sweet potato,61,1138,18.6557377
Kerala,KASARAGOD,2014,Whole Year,Tapioca,413,12926,31.29782082
Kerala,KASARAGOD,2014,Whole Year,Tobacco,13,21,1.615384615
Kerala,KASARAGOD,2014,Whole Year,Turmeric,34,103,3.029411765
Kerala,KASARAGOD,2014,Winter,Rice,740,1555,2.101351351
Kerala,KOLLAM,1997,Whole Year,Arecanut,2626,2430,0.925361767
Kerala,KOLLAM,1997,Whole Year,Black pepper,10911,3554,0.325726331
Kerala,KOLLAM,1997,Whole Year,Cashewnut,6002,4991,0.831556148
Kerala,KOLLAM,1997,Whole Year,Coconut,87179,404000,4.634143544
Kerala,KOLLAM,1997,Whole Year,Tapioca,31028,619474,19.96499936
Kerala,KOLLAM,1998,Autumn,Rice,7549,14574,1.930586833
Kerala,KOLLAM,1998,Kharif,Sesamum,727,260,0.357634113
Kerala,KOLLAM,1998,Whole Year,Arecanut,1941,1593,0.820710974
Kerala,KOLLAM,1998,Whole Year,Banana,1390,17276,12.42877698
Kerala,KOLLAM,1998,Whole Year,Black pepper,9256,2828,0.305531547
Kerala,KOLLAM,1998,Whole Year,Cashewnut,5180,3032,0.585328185
Kerala,KOLLAM,1998,Whole Year,Coconut,75614,350000000,4628.77245
Kerala,KOLLAM,1998,Whole Year,Dry chillies,6,6,1
Kerala,KOLLAM,1998,Whole Year,Dry ginger,442,1331,3.011312217
Kerala,KOLLAM,1998,Whole Year,Tapioca,28005,532109,19.00049991
Kerala,KOLLAM,1998,Whole Year,Turmeric,160,238,1.4875
Kerala,KOLLAM,1998,Winter,Rice,10022,18737,1.869586909
Kerala,KOLLAM,1999,Autumn,Rice,7649,15737,2.057393123
Kerala,KOLLAM,1999,Kharif,Sesamum,581,166,0.285714286
Kerala,KOLLAM,1999,Summer,Rice,10,13,1.3
Kerala,KOLLAM,1999,Whole Year,Arecanut,2235,1442,0.645190157
Kerala,KOLLAM,1999,Whole Year,Banana,1489,15742,10.5721961
Kerala,KOLLAM,1999,Whole Year,Black pepper,10170,3269,0.321435595
Kerala,KOLLAM,1999,Whole Year,Cashewnut,4604,2662,0.578192876
Kerala,KOLLAM,1999,Whole Year,Coconut,79906,399000000,4993.367206
Kerala,KOLLAM,1999,Whole Year,Dry ginger,480,1213,2.527083333
Kerala,KOLLAM,1999,Whole Year,Sweet potato,1,11,11
Kerala,KOLLAM,1999,Whole Year,Tapioca,25678,470705,18.33106161
Kerala,KOLLAM,1999,Whole Year,Turmeric,184,274,1.489130435
Kerala,KOLLAM,1999,Winter,Rice,9767,19333,1.979420498
Kerala,KOLLAM,2000,Autumn,Rice,6703,14645,2.184842608
Kerala,KOLLAM,2000,Kharif,Sesamum,455,229,0.503296703
Kerala,KOLLAM,2000,Summer,Rice,4,4,1
Kerala,KOLLAM,2000,Whole Year,Arecanut,2442,1144,0.468468468
Kerala,KOLLAM,2000,Whole Year,Banana,1743,10253,5.88238669
Kerala,KOLLAM,2000,Whole Year,Black pepper,10418,3713,0.35640238
Kerala,KOLLAM,2000,Whole Year,Cardamom,6,,
Kerala,KOLLAM,2000,Whole Year,Cashewnut,4955,3630,0.73259334
Kerala,KOLLAM,2000,Whole Year,Coconut,79709,387000000,4855.160647
Kerala,KOLLAM,2000,Whole Year,Dry ginger,534,1303,2.440074906
Kerala,KOLLAM,2000,Whole Year,Sugarcane,3,310,103.3333333
Kerala,KOLLAM,2000,Whole Year,Sweet potato,2,22,11
Kerala,KOLLAM,2000,Whole Year,Tapioca,26484,566274,21.38173992
Kerala,KOLLAM,2000,Whole Year,Turmeric,187,285,1.524064171
Kerala,KOLLAM,2000,Winter,Rice,8232,16163,1.963435374
Kerala,KOLLAM,2001,Autumn,Rice,5263,11232,2.134144024
Kerala,KOLLAM,2001,Kharif,Sesamum,93,44,0.47311828
Kerala,KOLLAM,2001,Summer,Rice,8,19,2.375
Kerala,KOLLAM,2001,Whole Year,Arecanut,2382,1321,0.554575987
Kerala,KOLLAM,2001,Whole Year,Banana,1613,12400,7.687538748
Kerala,KOLLAM,2001,Whole Year,Black pepper,11381,4275,0.375626043
Kerala,KOLLAM,2001,Whole Year,Cardamom,7,,
Kerala,KOLLAM,2001,Whole Year,Cashewnut,4772,3756,0.787091366
Kerala,KOLLAM,2001,Whole Year,Coconut,74956,425000000,5669.993063
Kerala,KOLLAM,2001,Whole Year,Dry ginger,732,1762,2.407103825
Kerala,KOLLAM,2001,Whole Year,Rubber,36863,46854,1.271030573
Kerala,KOLLAM,2001,Whole Year,Sugarcane,6,620,103.3333333
Kerala,KOLLAM,2001,Whole Year,Sweet potato,2,22,11
Kerala,KOLLAM,2001,Whole Year,Tapioca,26114,559896,21.4404534
Kerala,KOLLAM,2001,Whole Year,Tea,1258,367,0.291732909
Kerala,KOLLAM,2001,Whole Year,Turmeric,298,418,1.402684564
Kerala,KOLLAM,2001,Winter,Rice,6188,13682,2.211053652
Kerala,KOLLAM,2002,Autumn,Rice,4626,10122,2.188067445
Kerala,KOLLAM,2002,Kharif,Jowar,2,1,0.5
Kerala,KOLLAM,2002,Kharif,Sesamum,106,60,0.566037736
Kerala,KOLLAM,2002,Summer,Rice,24,27,1.125
Kerala,KOLLAM,2002,Whole Year,Arecanut,2502,1710,0.683453237
Kerala,KOLLAM,2002,Whole Year,Banana,1800,14596,8.108888889
Kerala,KOLLAM,2002,Whole Year,Bhindi,39,13,0.333333333
Kerala,KOLLAM,2002,Whole Year,Bitter Gourd,117,0,0
Kerala,KOLLAM,2002,Whole Year,Black pepper,10633,3235,0.304241512
Kerala,KOLLAM,2002,Whole Year,Brinjal,103,0,0
Kerala,KOLLAM,2002,Whole Year,Cardamom,11,,
Kerala,KOLLAM,2002,Whole Year,Cashewnut,4663,3043,0.652584173
Kerala,KOLLAM,2002,Whole Year,Cashewnut Raw,4663,3043,0.652584173
Kerala,KOLLAM,2002,Whole Year,Coconut,71310,411000000,5763.567522
Kerala,KOLLAM,2002,Whole Year,Drum Stick,1745,3191,1.828653295
Kerala,KOLLAM,2002,Whole Year,Dry ginger,612,1648,2.692810458
Kerala,KOLLAM,2002,Whole Year,Jack Fruit,6142,22,0.003581895
Kerala,KOLLAM,2002,Whole Year,Mango,5211,27221,5.223757436
Kerala,KOLLAM,2002,Whole Year,Other Fresh Fruits,448,0,0
Kerala,KOLLAM,2002,Whole Year,other oilseeds,32,0,0
Kerala,KOLLAM,2002,Whole Year,Other Vegetables,4743,0,0
Kerala,KOLLAM,2002,Whole Year,Papaya,1099,1021,0.929026388
Kerala,KOLLAM,2002,Whole Year,Pineapple,566,4497,7.945229682
Kerala,KOLLAM,2002,Whole Year,Rubber,36797,48386,1.314944153
Kerala,KOLLAM,2002,Whole Year,Snak Guard,18,0,0
Kerala,KOLLAM,2002,Whole Year,Sugarcane,1,100,100
Kerala,KOLLAM,2002,Whole Year,Sweet potato,6,66,11
Kerala,KOLLAM,2002,Whole Year,Tapioca,24065,556140,23.10991066
Kerala,KOLLAM,2002,Whole Year,Turmeric,258,449,1.740310078
Kerala,KOLLAM,2002,Winter,Rice,6807,14055,2.064786249
Kerala,KOLLAM,2003,Autumn,Rice,3412,7693,2.254689332
Kerala,KOLLAM,2003,Kharif,Jowar,1,1,1
Kerala,KOLLAM,2003,Kharif,Sesamum,175,86,0.491428571
Kerala,KOLLAM,2003,Kharif,Small millets,2,0,0
Kerala,KOLLAM,2003,Summer,Rice,20,,
Kerala,KOLLAM,2003,Whole Year,Arecanut,2322,1380,0.594315245
Kerala,KOLLAM,2003,Whole Year,Banana,1600,12176,7.61
Kerala,KOLLAM,2003,Whole Year,Bhindi,27,0,0
Kerala,KOLLAM,2003,Whole Year,Bitter Gourd,140,0,0
Kerala,KOLLAM,2003,Whole Year,Black pepper,11305,3301,0.291994693
Kerala,KOLLAM,2003,Whole Year,Brinjal,57,0,0
Kerala,KOLLAM,2003,Whole Year,Cardamom,6,,
Kerala,KOLLAM,2003,Whole Year,Cashewnut,4404,3218,0.730699364
Kerala,KOLLAM,2003,Whole Year,Coconut,67531,439000000,6500.718189
Kerala,KOLLAM,2003,Whole Year,Drum Stick,1762,3224,1.829738933
Kerala,KOLLAM,2003,Whole Year,Dry ginger,432,1224,2.833333333
Kerala,KOLLAM,2003,Whole Year,Jack Fruit,6029,28,0.00464422
Kerala,KOLLAM,2003,Whole Year,Mango,5060,27296,5.394466403
Kerala,KOLLAM,2003,Whole Year,Other Fresh Fruits,479,0,0
Kerala,KOLLAM,2003,Whole Year,Other Vegetables,4049,0,0
Kerala,KOLLAM,2003,Whole Year,Papaya,1120,1042,0.930357143
Kerala,KOLLAM,2003,Whole Year,Pineapple,504,4206,8.345238095
Kerala,KOLLAM,2003,Whole Year,Snak Guard,31,0,0
Kerala,KOLLAM,2003,Whole Year,Sugarcane,2,200,100
Kerala,KOLLAM,2003,Whole Year,Sweet potato,13,143,11
Kerala,KOLLAM,2003,Whole Year,Tapioca,22253,581214,26.11845594
Kerala,KOLLAM,2003,Whole Year,Turmeric,162,269,1.660493827
Kerala,KOLLAM,2003,Winter,Rice,6755,14726,2.180014804
Kerala,KOLLAM,2004,Autumn,Rice,3589,8695,2.422680412
Kerala,KOLLAM,2004,Kharif,Sesamum,183,88,0.480874317
Kerala,KOLLAM,2004,Whole Year,Arecanut,2525,1392,0.551287129
Kerala,KOLLAM,2004,Whole Year,Banana,1713,11882,6.936368943
Kerala,KOLLAM,2004,Whole Year,Black pepper,13565,3743,0.275930704
Kerala,KOLLAM,2004,Whole Year,Cardamom,7,,
Kerala,KOLLAM,2004,Whole Year,Cashewnut,4666,3160,0.677239606
Kerala,KOLLAM,2004,Whole Year,Coconut,66153,444000000,6711.713754
Kerala,KOLLAM,2004,Whole Year,Dry ginger,557,1418,2.545780969
Kerala,KOLLAM,2004,Whole Year,Sugarcane,3,300,100
Kerala,KOLLAM,2004,Whole Year,Sweet potato,14,154,11
Kerala,KOLLAM,2004,Whole Year,Tapioca,21817,577573,26.47352982
Kerala,KOLLAM,2004,Whole Year,Turmeric,195,304,1.558974359
Kerala,KOLLAM,2004,Winter,Rice,5360,11951,2.229664179
Kerala,KOLLAM,2005,Autumn,Rice,2571,5713,2.222092571
Kerala,KOLLAM,2005,Kharif,Sesamum,101,69,0.683168317
Kerala,KOLLAM,2005,Summer,Rice,3,5,1.666666667
Kerala,KOLLAM,2005,Whole Year,Arecanut,2485,1794,0.72193159
Kerala,KOLLAM,2005,Whole Year,Banana,1772,12846,7.249435666
Kerala,KOLLAM,2005,Whole Year,Black pepper,13509,4625,0.34236435
Kerala,KOLLAM,2005,Whole Year,Cardamom,12,,
Kerala,KOLLAM,2005,Whole Year,Cashewnut,4271,3003,0.703114025
Kerala,KOLLAM,2005,Whole Year,Coconut,66134,504000000,7620.890918
Kerala,KOLLAM,2005,Whole Year,Dry ginger,676,1999,2.957100592
Kerala,KOLLAM,2005,Whole Year,Sugarcane,2,120,60
Kerala,KOLLAM,2005,Whole Year,Sweet potato,19,209,11
Kerala,KOLLAM,2005,Whole Year,Tapioca,23814,694984,29.18384144
Kerala,KOLLAM,2005,Whole Year,Turmeric,264,484,1.833333333
Kerala,KOLLAM,2005,Winter,Rice,4644,10345,2.227605512
Kerala,KOLLAM,2006,Autumn,Rice,1615,3904,2.417337461
Kerala,KOLLAM,2006,Kharif,Sesamum,52,31,0.596153846
Kerala,KOLLAM,2006,Summer,Rice,3,4,1.333333333
Kerala,KOLLAM,2006,Whole Year,Arecanut,2398,1699,0.708507089
Kerala,KOLLAM,2006,Whole Year,Banana,1917,11776,6.142931664
Kerala,KOLLAM,2006,Whole Year,Black pepper,10873,3158,0.29044422
Kerala,KOLLAM,2006,Whole Year,Cardamom,12,,
Kerala,KOLLAM,2006,Whole Year,Cashewnut,3701,2424,0.654958119
Kerala,KOLLAM,2006,Whole Year,Coconut,65392,512000000,7829.703939
Kerala,KOLLAM,2006,Whole Year,Dry ginger,529,1525,2.882797732
Kerala,KOLLAM,2006,Whole Year,Sugarcane,1,20,20
Kerala,KOLLAM,2006,Whole Year,Sweet potato,14,154,11
Kerala,KOLLAM,2006,Whole Year,Tapioca,21863,596629,27.28943878
Kerala,KOLLAM,2006,Whole Year,Turmeric,266,510,1.917293233
Kerala,KOLLAM,2006,Winter,Rice,3879,8672,2.235627739
Kerala,KOLLAM,2007,Autumn,Rice,1046,2478,2.369024857
Kerala,KOLLAM,2007,Kharif,Sesamum,100,40,0.4
Kerala,KOLLAM,2007,Summer,Rice,60,97,1.616666667
Kerala,KOLLAM,2007,Whole Year,Arecanut,2297,1382,0.601654332
Kerala,KOLLAM,2007,Whole Year,Banana,2053,13165,6.412566975
Kerala,KOLLAM,2007,Whole Year,Black pepper,8988,2018,0.224521584
Kerala,KOLLAM,2007,Whole Year,Cardamom,7,,
Kerala,KOLLAM,2007,Whole Year,Cashewnut,3274,1669,0.509773977
Kerala,KOLLAM,2007,Whole Year,Coconut,58575,378000000,6453.265045
Kerala,KOLLAM,2007,Whole Year,Dry ginger,441,1125,2.551020408
Kerala,KOLLAM,2007,Whole Year,Sugarcane,2,40,20
Kerala,KOLLAM,2007,Whole Year,Sweet potato,8,88,11
Kerala,KOLLAM,2007,Whole Year,Tapioca,21281,650489,30.5666557
Kerala,KOLLAM,2007,Whole Year,Turmeric,239,441,1.845188285
Kerala,KOLLAM,2007,Winter,Rice,2432,5413,2.225740132
Kerala,KOLLAM,2008,Autumn,Rice,1318,2983,2.263277693
Kerala,KOLLAM,2008,Kharif,Ragi,1,1,1
Kerala,KOLLAM,2008,Kharif,Sesamum,165,94,0.56969697
Kerala,KOLLAM,2008,Summer,Rice,118,83,0.703389831
Kerala,KOLLAM,2008,Whole Year,Arecanut,2236,1686,0.754025045
Kerala,KOLLAM,2008,Whole Year,Banana,1806,12436,6.88593577
Kerala,KOLLAM,2008,Whole Year,Black pepper,8527,1613,0.189163833
Kerala,KOLLAM,2008,Whole Year,Cashewnut,2989,1340,0.448310472
Kerala,KOLLAM,2008,Whole Year,Coconut,58397,443000000,7586.00613
Kerala,KOLLAM,2008,Whole Year,Dry ginger,375,892,2.378666667
Kerala,KOLLAM,2008,Whole Year,Sugarcane,1,,
Kerala,KOLLAM,2008,Whole Year,Sweet potato,8,88,11
Kerala,KOLLAM,2008,Whole Year,Tapioca,19208,546135,28.4326843
Kerala,KOLLAM,2008,Whole Year,Turmeric,244,424,1.737704918
Kerala,KOLLAM,2008,Winter,Rice,2423,5226,2.156830376
Kerala,KOLLAM,2009,Autumn,Rice,878,2060,2.346241458
Kerala,KOLLAM,2009,Kharif,Sesamum,133,86,0.646616541
Kerala,KOLLAM,2009,Summer,Rice,104,194,1.865384615
Kerala,KOLLAM,2009,Whole Year,Arecanut,2122,1587,0.747879359
Kerala,KOLLAM,2009,Whole Year,Banana,2068,13624,6.588007737
Kerala,KOLLAM,2009,Whole Year,Black pepper,8138,1501,0.184443352
Kerala,KOLLAM,2009,Whole Year,Cashewnut,2858,1271,0.444716585
Kerala,KOLLAM,2009,Whole Year,Coconut,56675,412000000,7269.519188
Kerala,KOLLAM,2009,Whole Year,Dry ginger,390,898,2.302564103
Kerala,KOLLAM,2009,Whole Year,Sugarcane,2,,
Kerala,KOLLAM,2009,Whole Year,Sweet potato,12,132,11
Kerala,KOLLAM,2009,Whole Year,Tapioca,16933,503095,29.71091951
Kerala,KOLLAM,2009,Whole Year,Turmeric,240,341,1.420833333
Kerala,KOLLAM,2009,Winter,Rice,2471,5693,2.303925536
Kerala,KOLLAM,2010,Autumn,Rice,960.36,2158.51,2.247605065
Kerala,KOLLAM,2010,Kharif,Sesamum,190.85,129.21,0.677023841
Kerala,KOLLAM,2010,Summer,Rice,80.58,136.73,1.696823033
Kerala,KOLLAM,2010,Whole Year,Arecanut,2006.87,1164.47,0.580241869
Kerala,KOLLAM,2010,Whole Year,Banana,2053.96,15902.09,7.742161483
Kerala,KOLLAM,2010,Whole Year,Black pepper,7932.31,1311.97,0.165395704
Kerala,KOLLAM,2010,Whole Year,Cashewnut,2774.95,926.45,0.333861871
Kerala,KOLLAM,2010,Whole Year,Coconut,56059.5,377754000,6738.447542
Kerala,KOLLAM,2010,Whole Year,Dry ginger,386.97,877.9,2.268651317
Kerala,KOLLAM,2010,Whole Year,Sugarcane,0.5,,
Kerala,KOLLAM,2010,Whole Year,Tapioca,16172.48,454879.62,28.12676967
Kerala,KOLLAM,2010,Whole Year,Turmeric,244.58,347.26,1.419821735
Kerala,KOLLAM,2010,Winter,Rice,2300.57,4859.45,2.11228087
Kerala,KOLLAM,2011,Autumn,Rice,619.89,1396.29,2.252480279
Kerala,KOLLAM,2011,Kharif,Sesamum,54.59,32.22,0.590217989
Kerala,KOLLAM,2011,Summer,Rice,23.85,36.92,1.548008386
Kerala,KOLLAM,2011,Whole Year,Arecanut,2443.6,2005.8,0.820838108
Kerala,KOLLAM,2011,Whole Year,Banana,1693.98,12325.57,7.276101253
Kerala,KOLLAM,2011,Whole Year,Black pepper,3885.03,1395.06,0.35908603
Kerala,KOLLAM,2011,Whole Year,Cashewnut,3352.45,914.46,0.272773643
Kerala,KOLLAM,2011,Whole Year,Coconut,55303.75,426635000,7714.395498
Kerala,KOLLAM,2011,Whole Year,Dry ginger,397.68,884.98,2.225357071
Kerala,KOLLAM,2011,Whole Year,Potato,8,88,11
Kerala,KOLLAM,2011,Whole Year,Sugarcane,0.29,,
Kerala,KOLLAM,2011,Whole Year,Tapioca,16859.18,525486.18,31.16914227
Kerala,KOLLAM,2011,Whole Year,Turmeric,240.94,345.91,1.435668631
Kerala,KOLLAM,2011,Winter,Rice,1453.06,3335.19,2.295287187
Kerala,KOLLAM,2012,Autumn,Rice,171,413,2.415204678
Kerala,KOLLAM,2012,Summer,Rice,145,305,2.103448276
Kerala,KOLLAM,2012,Whole Year,Arecanut,2377,1453,0.611274716
Kerala,KOLLAM,2012,Whole Year,Banana,2295,16022,6.981263617
Kerala,KOLLAM,2012,Whole Year,Black pepper,3745,1486,0.396795728
Kerala,KOLLAM,2012,Whole Year,Blackgram,5,,
Kerala,KOLLAM,2012,Whole Year,Cashewnut,3264,883,0.270526961
Kerala,KOLLAM,2012,Whole Year,Coconut,55120,372000000,6748.911466
Kerala,KOLLAM,2012,Whole Year,Cowpea(Lobia),53,,
Kerala,KOLLAM,2012,Whole Year,Drum Stick,1844,1648,0.893709328
Kerala,KOLLAM,2012,Whole Year,Dry ginger,359,819,2.281337047
Kerala,KOLLAM,2012,Whole Year,Jack Fruit,7383,,
Kerala,KOLLAM,2012,Whole Year,Mango,6171,62540,10.13450008
Kerala,KOLLAM,2012,Whole Year,Moong(Green Gram),10,,
Kerala,KOLLAM,2012,Whole Year,Papaya,1465,7891,5.386348123
Kerala,KOLLAM,2012,Whole Year,Pineapple,168,1019,6.06547619
Kerala,KOLLAM,2012,Whole Year,Pump Kin,46,,
Kerala,KOLLAM,2012,Whole Year,Sesamum,57,27,0.473684211
Kerala,KOLLAM,2012,Whole Year,Sweet potato,2,22,11
Kerala,KOLLAM,2012,Whole Year,Tapioca,16397,531482,32.4133683
Kerala,KOLLAM,2012,Whole Year,Turmeric,225,361,1.604444444
Kerala,KOLLAM,2012,Winter,Rice,1071,2210,2.063492063
Kerala,KOLLAM,2012,Winter,Sesamum,57,27,0.473684211
Kerala,KOLLAM,2013,Autumn,Rice,275,684,2.487272727
Kerala,KOLLAM,2013,Summer,Rice,5,5,1
Kerala,KOLLAM,2013,Whole Year,Arecanut,1913,1251,0.653946681
Kerala,KOLLAM,2013,Whole Year,Banana,2763,19151,6.931234166
Kerala,KOLLAM,2013,Whole Year,Black pepper,3236,1263,0.390296663
Kerala,KOLLAM,2013,Whole Year,Blackgram,1,,
Kerala,KOLLAM,2013,Whole Year,Cashewnut,2848,922,0.323735955
Kerala,KOLLAM,2013,Whole Year,Coconut,61309,473000000,7715.017371
Kerala,KOLLAM,2013,Whole Year,Cowpea(Lobia),56,,
Kerala,KOLLAM,2013,Whole Year,Drum Stick,1679,1501,0.893984515
Kerala,KOLLAM,2013,Whole Year,Dry ginger,327,716,2.189602446
Kerala,KOLLAM,2013,Whole Year,Mango,5728,58605,10.23131983
Kerala,KOLLAM,2013,Whole Year,Moong(Green Gram),37,,
Kerala,KOLLAM,2013,Whole Year,Pump Kin,47,,
Kerala,KOLLAM,2013,Whole Year,Sesamum,70,34,0.485714286
Kerala,KOLLAM,2013,Whole Year,Sugarcane,5,,
Kerala,KOLLAM,2013,Whole Year,Sweet potato,2,22,11
Kerala,KOLLAM,2013,Whole Year,Tapioca,16507,568257,34.42521355
Kerala,KOLLAM,2013,Whole Year,Turmeric,210,330,1.571428571
Kerala,KOLLAM,2013,Winter,Rice,1083,2545,2.349953832
Kerala,KOLLAM,2014,Autumn,Rice,374,941,2.516042781
Kerala,KOLLAM,2014,Summer,Rice,1,2,2
Kerala,KOLLAM,2014,Whole Year,Arecanut,1906,1443,0.757082896
Kerala,KOLLAM,2014,Whole Year,Banana,2443,17032,6.971756038
Kerala,KOLLAM,2014,Whole Year,Black pepper,3244,1195,0.36837238
Kerala,KOLLAM,2014,Whole Year,Blackgram,5,,
Kerala,KOLLAM,2014,Whole Year,Cashewnut,2680,772,0.288059701
Kerala,KOLLAM,2014,Whole Year,Coconut,52360,387000000,7391.138273
Kerala,KOLLAM,2014,Whole Year,Cowpea(Lobia),60,,
Kerala,KOLLAM,2014,Whole Year,Dry ginger,338,828,2.449704142
Kerala,KOLLAM,2014,Whole Year,Moong(Green Gram),4,,
Kerala,KOLLAM,2014,Whole Year,Pump Kin,54,,
Kerala,KOLLAM,2014,Whole Year,Sesamum,58,29.02,0.500344828
Kerala,KOLLAM,2014,Whole Year,Sugarcane,0.38,,
Kerala,KOLLAM,2014,Whole Year,Sweet potato,4,44,11
Kerala,KOLLAM,2014,Whole Year,Tapioca,17028,661600,38.85365281
Kerala,KOLLAM,2014,Whole Year,Turmeric,230,409,1.77826087
Kerala,KOLLAM,2014,Winter,Rice,952,2207,2.318277311
Kerala,KOTTAYAM,1997,Whole Year,Arecanut,1389,868,0.624910007
Kerala,KOTTAYAM,1997,Whole Year,Black pepper,8357,1489,0.178173986
Kerala,KOTTAYAM,1997,Whole Year,Cashewnut,788,200,0.253807107
Kerala,KOTTAYAM,1997,Whole Year,Coconut,47710,172000,3.605114232
Kerala,KOTTAYAM,1997,Whole Year,Tapioca,4050,76743,18.94888889
Kerala,KOTTAYAM,1998,Autumn,Rice,3277,6580,2.007934086
Kerala,KOTTAYAM,1998,Kharif,Sesamum,36,20,0.555555556
Kerala,KOTTAYAM,1998,Summer,Rice,3883,11030,2.840587175
Kerala,KOTTAYAM,1998,Whole Year,Arecanut,1130,816,0.722123894
Kerala,KOTTAYAM,1998,Whole Year,Banana,1813,27845,15.35852179
Kerala,KOTTAYAM,1998,Whole Year,Black pepper,7727,1102,0.142616798
Kerala,KOTTAYAM,1998,Whole Year,Cardamom,129,12,0.093023256
Kerala,KOTTAYAM,1998,Whole Year,Cashewnut,619,203,0.327948304
Kerala,KOTTAYAM,1998,Whole Year,Coconut,42571,171000000,4016.818961
Kerala,KOTTAYAM,1998,Whole Year,Dry chillies,8,7,0.875
Kerala,KOTTAYAM,1998,Whole Year,Dry ginger,159,392,2.465408805
Kerala,KOTTAYAM,1998,Whole Year,Sugarcane,137,12030,87.81021898
Kerala,KOTTAYAM,1998,Whole Year,Sweet potato,2,20,10
Kerala,KOTTAYAM,1998,Whole Year,Tapioca,6930,196351,28.33347763
Kerala,KOTTAYAM,1998,Whole Year,Turmeric,183,386,2.109289617
Kerala,KOTTAYAM,1998,Winter,Rice,7233,18048,2.495230195
Kerala,KOTTAYAM,1999,Autumn,Rice,3405,8984,2.638472834
Kerala,KOTTAYAM,1999,Kharif,Sesamum,46,33,0.717391304
Kerala,KOTTAYAM,1999,Summer,Rice,6829,19320,2.829111144
Kerala,KOTTAYAM,1999,Whole Year,Arecanut,1215,671,0.552263374
Kerala,KOTTAYAM,1999,Whole Year,Banana,2655,30012,11.3039548
Kerala,KOTTAYAM,1999,Whole Year,Black pepper,8499,777,0.09142252
Kerala,KOTTAYAM,1999,Whole Year,Cardamom,200,21,0.105
Kerala,KOTTAYAM,1999,Whole Year,Cashewnut,701,170,0.242510699
Kerala,KOTTAYAM,1999,Whole Year,Coconut,43272,201000000,4645.036051
Kerala,KOTTAYAM,1999,Whole Year,Dry chillies,3,3,1
Kerala,KOTTAYAM,1999,Whole Year,Dry ginger,163,458,2.809815951
Kerala,KOTTAYAM,1999,Whole Year,Sugarcane,81,3810,47.03703704
Kerala,KOTTAYAM,1999,Whole Year,Tapioca,7745,202980,26.20787605
Kerala,KOTTAYAM,1999,Whole Year,Turmeric,196,413,2.107142857
Kerala,KOTTAYAM,1999,Winter,Rice,5588,13127,2.349141016
Kerala,KOTTAYAM,2000,Autumn,Rice,3878,7836,2.02062919
Kerala,KOTTAYAM,2000,Kharif,Sesamum,6,1,0.166666667
Kerala,KOTTAYAM,2000,Summer,Rice,7074,22409,3.167797569
Kerala,KOTTAYAM,2000,Whole Year,Arecanut,1443,808,0.55994456
Kerala,KOTTAYAM,2000,Whole Year,Banana,2885,25340,8.783362218
Kerala,KOTTAYAM,2000,Whole Year,Black pepper,8581,1153,0.134366624
Kerala,KOTTAYAM,2000,Whole Year,Cardamom,200,21,0.105
Kerala,KOTTAYAM,2000,Whole Year,Cashewnut,747,233,0.311914324
Kerala,KOTTAYAM,2000,Whole Year,Coconut,41604,197000000,4735.121623
Kerala,KOTTAYAM,2000,Whole Year,Dry ginger,245,574,2.342857143
Kerala,KOTTAYAM,2000,Whole Year,Sugarcane,28,1300,46.42857143
Kerala,KOTTAYAM,2000,Whole Year,Sweet potato,3,24,8
Kerala,KOTTAYAM,2000,Whole Year,Tapioca,8749,256831,29.3554692
Kerala,KOTTAYAM,2000,Whole Year,Turmeric,240,488,2.033333333
Kerala,KOTTAYAM,2000,Winter,Rice,5725,12810,2.237554585
Kerala,KOTTAYAM,2001,Autumn,Rice,2057,4226,2.054448226
Kerala,KOTTAYAM,2001,Summer,Rice,5968,12824,2.148793566
Kerala,KOTTAYAM,2001,Whole Year,Arecanut,1587,725,0.456836799
Kerala,KOTTAYAM,2001,Whole Year,Banana,3260,25831,7.923619632
Kerala,KOTTAYAM,2001,Whole Year,Black pepper,9139,1372,0.150125834
Kerala,KOTTAYAM,2001,Whole Year,Cardamom,200,24,0.12
Kerala,KOTTAYAM,2001,Whole Year,Cashewnut,765,229,0.299346405
Kerala,KOTTAYAM,2001,Whole Year,Coconut,39429,180000000,4565.16777
Kerala,KOTTAYAM,2001,Whole Year,Dry ginger,256,746,2.9140625
Kerala,KOTTAYAM,2001,Whole Year,Rubber,111301,140543,1.262728996
Kerala,KOTTAYAM,2001,Whole Year,Sugarcane,34,1640,48.23529412
Kerala,KOTTAYAM,2001,Whole Year,Sweet potato,12,96,8
Kerala,KOTTAYAM,2001,Whole Year,Tapioca,7780,201964,25.95938303
Kerala,KOTTAYAM,2001,Whole Year,Tea,2168,245,0.11300738
Kerala,KOTTAYAM,2001,Whole Year,Turmeric,197,520,2.639593909
Kerala,KOTTAYAM,2001,Winter,Rice,7225,17601,2.436124567
Kerala,KOTTAYAM,2002,Autumn,Rice,2497,6532,2.615939127
Kerala,KOTTAYAM,2002,Kharif,Sesamum,4,2,0.5
Kerala,KOTTAYAM,2002,Summer,Rice,4806,12176,2.533499792
Kerala,KOTTAYAM,2002,Whole Year,Arecanut,1767,1085,0.614035088
Kerala,KOTTAYAM,2002,Whole Year,Banana,3394,32373,9.538302887
Kerala,KOTTAYAM,2002,Whole Year,Bhindi,18,0,0
Kerala,KOTTAYAM,2002,Whole Year,Bitter Gourd,257,0,0
Kerala,KOTTAYAM,2002,Whole Year,Black pepper,9245,1436,0.155327204
Kerala,KOTTAYAM,2002,Whole Year,Brinjal,49,0,0
Kerala,KOTTAYAM,2002,Whole Year,Cardamom,200,24,0.12
Kerala,KOTTAYAM,2002,Whole Year,Cashewnut,700,226,0.322857143
Kerala,KOTTAYAM,2002,Whole Year,Cashewnut Raw,700,226,0.322857143
Kerala,KOTTAYAM,2002,Whole Year,Coconut,41424,213000000,5141.946698
Kerala,KOTTAYAM,2002,Whole Year,Drum Stick,888,488,0.54954955
Kerala,KOTTAYAM,2002,Whole Year,Dry ginger,211,619,2.933649289
Kerala,KOTTAYAM,2002,Whole Year,Jack Fruit,4501,21,0.00466563
Kerala,KOTTAYAM,2002,Whole Year,Mango,3175,15506,4.883779528
Kerala,KOTTAYAM,2002,Whole Year,Other Fresh Fruits,920,0,0
Kerala,KOTTAYAM,2002,Whole Year,other oilseeds,51,0,0
Kerala,KOTTAYAM,2002,Whole Year,Other Vegetables,2063,0,0
Kerala,KOTTAYAM,2002,Whole Year,Papaya,1175,8463,7.202553191
Kerala,KOTTAYAM,2002,Whole Year,Pineapple,633,4586,7.244865719
Kerala,KOTTAYAM,2002,Whole Year,Rubber,111776,143244,1.28152734
Kerala,KOTTAYAM,2002,Whole Year,Snak Guard,310,0,0
Kerala,KOTTAYAM,2002,Whole Year,Sugarcane,36,1740,48.33333333
Kerala,KOTTAYAM,2002,Whole Year,Sweet potato,18,144,8
Kerala,KOTTAYAM,2002,Whole Year,Tapioca,7426,224130,30.1817937
Kerala,KOTTAYAM,2002,Whole Year,Tea,2176,226,0.103860294
Kerala,KOTTAYAM,2002,Whole Year,Turmeric,178,466,2.617977528
Kerala,KOTTAYAM,2002,Winter,Rice,4961,12176,2.454343882
Kerala,KOTTAYAM,2003,Autumn,Rice,2564,6823,2.661076443
Kerala,KOTTAYAM,2003,Kharif,Sesamum,2,1,0.5
Kerala,KOTTAYAM,2003,Kharif,Small millets,1,1,1
Kerala,KOTTAYAM,2003,Summer,Rice,3720,7978,2.144623656
Kerala,KOTTAYAM,2003,Whole Year,Arecanut,1952,1259,0.644979508
Kerala,KOTTAYAM,2003,Whole Year,Banana,3107,30310,9.755391052
Kerala,KOTTAYAM,2003,Whole Year,Bhindi,19,0,0
Kerala,KOTTAYAM,2003,Whole Year,Bitter Gourd,154,0,0
Kerala,KOTTAYAM,2003,Whole Year,Black pepper,9097,1801,0.197977355
Kerala,KOTTAYAM,2003,Whole Year,Brinjal,62,0,0
Kerala,KOTTAYAM,2003,Whole Year,Cardamom,201,26,0.129353234
Kerala,KOTTAYAM,2003,Whole Year,Cashewnut,640,214,0.334375
Kerala,KOTTAYAM,2003,Whole Year,Coconut,39286,217000000,5523.596192
Kerala,KOTTAYAM,2003,Whole Year,Drum Stick,852,469,0.550469484
Kerala,KOTTAYAM,2003,Whole Year,Dry ginger,172,524,3.046511628
Kerala,KOTTAYAM,2003,Whole Year,Jack Fruit,4399,18,0.004091839
Kerala,KOTTAYAM,2003,Whole Year,Mango,3060,16117,5.266993464
Kerala,KOTTAYAM,2003,Whole Year,Other Fresh Fruits,859,0,0
Kerala,KOTTAYAM,2003,Whole Year,Other Vegetables,1954,0,0
Kerala,KOTTAYAM,2003,Whole Year,Papaya,1176,8467,7.199829932
Kerala,KOTTAYAM,2003,Whole Year,Pineapple,821,5128,6.246041413
Kerala,KOTTAYAM,2003,Whole Year,Snak Guard,207,0,0
Kerala,KOTTAYAM,2003,Whole Year,Sugarcane,41,1980,48.29268293
Kerala,KOTTAYAM,2003,Whole Year,Sweet potato,1,8,8
Kerala,KOTTAYAM,2003,Whole Year,Tapioca,6760,209915,31.05251479
Kerala,KOTTAYAM,2003,Whole Year,Turmeric,156,370,2.371794872
Kerala,KOTTAYAM,2003,Winter,Rice,5218,11394,2.183595247
Kerala,KOTTAYAM,2004,Autumn,Rice,2881,8270,2.870531066
Kerala,KOTTAYAM,2004,Kharif,Sesamum,1,,
Kerala,KOTTAYAM,2004,Summer,Rice,3172,7291,2.298549811
Kerala,KOTTAYAM,2004,Whole Year,Arecanut,2109,1257,0.59601707
Kerala,KOTTAYAM,2004,Whole Year,Banana,3200,29867,9.3334375
Kerala,KOTTAYAM,2004,Whole Year,Black pepper,9828,2074,0.211029711
Kerala,KOTTAYAM,2004,Whole Year,Cardamom,200,25,0.125
Kerala,KOTTAYAM,2004,Whole Year,Cashewnut,688,222,0.322674419
Kerala,KOTTAYAM,2004,Whole Year,Coconut,40532,187000000,4613.638607
Kerala,KOTTAYAM,2004,Whole Year,Dry ginger,198,595,3.005050505
Kerala,KOTTAYAM,2004,Whole Year,Sugarcane,47,2270,48.29787234
Kerala,KOTTAYAM,2004,Whole Year,Sweet potato,1,8,8
Kerala,KOTTAYAM,2004,Whole Year,Tapioca,5740,162744,28.35261324
Kerala,KOTTAYAM,2004,Whole Year,Turmeric,136,333,2.448529412
Kerala,KOTTAYAM,2004,Winter,Rice,7108,17228,2.42374789
Kerala,KOTTAYAM,2005,Autumn,Rice,3937,9138,2.321056642
Kerala,KOTTAYAM,2005,Kharif,Sesamum,8,2,0.25
Kerala,KOTTAYAM,2005,Summer,Rice,2511,6300,2.508960573
Kerala,KOTTAYAM,2005,Whole Year,Arecanut,2081,1201,0.577126382
Kerala,KOTTAYAM,2005,Whole Year,Banana,3342,28817,8.622681029
Kerala,KOTTAYAM,2005,Whole Year,Black pepper,9482,1695,0.178759755
Kerala,KOTTAYAM,2005,Whole Year,Cardamom,200,25,0.125
Kerala,KOTTAYAM,2005,Whole Year,Cashewnut,638,269,0.421630094
Kerala,KOTTAYAM,2005,Whole Year,Coconut,39943,217000000,5432.741657
Kerala,KOTTAYAM,2005,Whole Year,Dry ginger,225,772,3.431111111
Kerala,KOTTAYAM,2005,Whole Year,Sugarcane,14,900,64.28571429
Kerala,KOTTAYAM,2005,Whole Year,Sweet potato,3,24,8
Kerala,KOTTAYAM,2005,Whole Year,Tapioca,5727,182262,31.82503929
Kerala,KOTTAYAM,2005,Whole Year,Turmeric,160,367,2.29375
Kerala,KOTTAYAM,2005,Winter,Rice,6109,15823,2.590112948
Kerala,KOTTAYAM,2006,Autumn,Rice,4149,10767,2.595083153
Kerala,KOTTAYAM,2006,Summer,Rice,5473,14887,2.720080395
Kerala,KOTTAYAM,2006,Whole Year,Arecanut,1940,1455,0.75
Kerala,KOTTAYAM,2006,Whole Year,Banana,2637,23982,9.094425484
Kerala,KOTTAYAM,2006,Whole Year,Black pepper,10418,1754,0.16836245
Kerala,KOTTAYAM,2006,Whole Year,Cardamom,200,19,0.095
Kerala,KOTTAYAM,2006,Whole Year,Cashewnut,589,226,0.383701188
Kerala,KOTTAYAM,2006,Whole Year,Coconut,36204,202000000,5579.493979
Kerala,KOTTAYAM,2006,Whole Year,Dry ginger,230,645,2.804347826
Kerala,KOTTAYAM,2006,Whole Year,Sugarcane,67,2730,40.74626866
Kerala,KOTTAYAM,2006,Whole Year,Sweet potato,4,32,8
Kerala,KOTTAYAM,2006,Whole Year,Tapioca,5908,192110,32.5169262
Kerala,KOTTAYAM,2006,Whole Year,Turmeric,169,401,2.372781065
Kerala,KOTTAYAM,2006,Winter,Rice,4192,9896,2.360687023
Kerala,KOTTAYAM,2007,Autumn,Rice,2661,6894,2.590755355
Kerala,KOTTAYAM,2007,Summer,Rice,5989,15467,2.582568041
Kerala,KOTTAYAM,2007,Whole Year,Arecanut,1917,1621,0.845592071
Kerala,KOTTAYAM,2007,Whole Year,Banana,3061,28483,9.305129043
Kerala,KOTTAYAM,2007,Whole Year,Black pepper,9866,1605,0.162679911
Kerala,KOTTAYAM,2007,Whole Year,Cardamom,200,20,0.1
Kerala,KOTTAYAM,2007,Whole Year,Cashewnut,581,222,0.382099828
Kerala,KOTTAYAM,2007,Whole Year,Coconut,35226,205000000,5819.565094
Kerala,KOTTAYAM,2007,Whole Year,Dry ginger,161,463,2.875776398
Kerala,KOTTAYAM,2007,Whole Year,Sugarcane,29,1000,34.48275862
Kerala,KOTTAYAM,2007,Whole Year,Sweet potato,1,8,8
Kerala,KOTTAYAM,2007,Whole Year,Tapioca,6027,170248,28.24755268
Kerala,KOTTAYAM,2007,Whole Year,Turmeric,118,272,2.305084746
Kerala,KOTTAYAM,2007,Winter,Rice,2319,6067,2.616213885
Kerala,KOTTAYAM,2008,Autumn,Rice,3331,10065,3.021615131
Kerala,KOTTAYAM,2008,Summer,Rice,5341,16247,3.041939712
Kerala,KOTTAYAM,2008,Whole Year,Arecanut,1854,1346,0.725997843
Kerala,KOTTAYAM,2008,Whole Year,Banana,2904,27413,9.439738292
Kerala,KOTTAYAM,2008,Whole Year,Black pepper,9573,1347,0.140708242
Kerala,KOTTAYAM,2008,Whole Year,Cardamom,200,14,0.07
Kerala,KOTTAYAM,2008,Whole Year,Cashewnut,554,160,0.288808664
Kerala,KOTTAYAM,2008,Whole Year,Coconut,34881,194000000,5561.767151
Kerala,KOTTAYAM,2008,Whole Year,Dry ginger,193,528,2.735751295
Kerala,KOTTAYAM,2008,Whole Year,Sugarcane,8,550,68.75
Kerala,KOTTAYAM,2008,Whole Year,Sweet potato,3,24,8
Kerala,KOTTAYAM,2008,Whole Year,Tapioca,6272,221996,35.39477041
Kerala,KOTTAYAM,2008,Whole Year,Turmeric,169,388,2.295857988
Kerala,KOTTAYAM,2008,Winter,Rice,2279,5842,2.563405002
Kerala,KOTTAYAM,2009,Autumn,Rice,3940,11484,2.914720812
Kerala,KOTTAYAM,2009,Summer,Rice,8396,20295,2.417222487
Kerala,KOTTAYAM,2009,Whole Year,Arecanut,1731,1333,0.770075101
Kerala,KOTTAYAM,2009,Whole Year,Banana,2839,25696,9.051074322
Kerala,KOTTAYAM,2009,Whole Year,Black pepper,6711,967,0.14409179
Kerala,KOTTAYAM,2009,Whole Year,Cardamom,200,13,0.065
Kerala,KOTTAYAM,2009,Whole Year,Cashewnut,404,127,0.314356436
Kerala,KOTTAYAM,2009,Whole Year,Coconut,28185,141000000,5002.66099
Kerala,KOTTAYAM,2009,Whole Year,Dry ginger,88,268,3.045454545
Kerala,KOTTAYAM,2009,Whole Year,Sugarcane,31,1470,47.41935484
Kerala,KOTTAYAM,2009,Whole Year,Sweet potato,2,16,8
Kerala,KOTTAYAM,2009,Whole Year,Tapioca,5868,226941,38.67433538
Kerala,KOTTAYAM,2009,Whole Year,Turmeric,77,178,2.311688312
Kerala,KOTTAYAM,2009,Winter,Rice,3138,7634,2.43275972
Kerala,KOTTAYAM,2010,Autumn,Rice,5463.56,16064.76,2.940346587
Kerala,KOTTAYAM,2010,Summer,Rice,7775.37,21435.58,2.756856587
Kerala,KOTTAYAM,2010,Whole Year,Arecanut,1681.22,1239.36,0.737178953
Kerala,KOTTAYAM,2010,Whole Year,Banana,2853.22,25290.47,8.863834545
Kerala,KOTTAYAM,2010,Whole Year,Black pepper,6770.6,866.53,0.127984226
Kerala,KOTTAYAM,2010,Whole Year,Cashewnut,415.69,110.99,0.267001852
Kerala,KOTTAYAM,2010,Whole Year,Coconut,28410.34,148421000,5224.189503
Kerala,KOTTAYAM,2010,Whole Year,Dry ginger,107.41,294.46,2.741457965
Kerala,KOTTAYAM,2010,Whole Year,Sugarcane,18.63,1653.53,88.75630703
Kerala,KOTTAYAM,2010,Whole Year,Tapioca,5669.92,214799.04,37.88396309
Kerala,KOTTAYAM,2010,Whole Year,Turmeric,83.94,233.16,2.777698356
Kerala,KOTTAYAM,2010,Winter,Rice,1536.12,3469.17,2.258397781
Kerala,KOTTAYAM,2011,Autumn,Rice,6810.31,19437.67,2.854153482
Kerala,KOTTAYAM,2011,Summer,Rice,11635.88,36177.88,3.109165787
Kerala,KOTTAYAM,2011,Whole Year,Arecanut,1747.49,1271.58,0.727660816
Kerala,KOTTAYAM,2011,Whole Year,Banana,2520.52,22138.18,8.783179661
Kerala,KOTTAYAM,2011,Whole Year,Black pepper,3335.5,1145.33,0.343375806
Kerala,KOTTAYAM,2011,Whole Year,Cardamom,200,14,0.07
Kerala,KOTTAYAM,2011,Whole Year,Cashewnut,468.81,117.34,0.250293296
Kerala,KOTTAYAM,2011,Whole Year,Coconut,28208.84,149436000,5297.488305
Kerala,KOTTAYAM,2011,Whole Year,Dry ginger,109.77,286.35,2.608636239
Kerala,KOTTAYAM,2011,Whole Year,Potato,3,24,8
Kerala,KOTTAYAM,2011,Whole Year,Sugarcane,11,1034.3,94.02727273
Kerala,KOTTAYAM,2011,Whole Year,Tapioca,5957.23,211343.85,35.47686593
Kerala,KOTTAYAM,2011,Whole Year,Turmeric,92.94,192.95,2.076070583
Kerala,KOTTAYAM,2011,Winter,Rice,2964.06,7963.02,2.686524564
Kerala,KOTTAYAM,2012,Autumn,Rice,4360,14479,3.32087156
Kerala,KOTTAYAM,2012,Summer,Rice,10902,29589,2.714089158
Kerala,KOTTAYAM,2012,Whole Year,Arecanut,1650,1074,0.650909091
Kerala,KOTTAYAM,2012,Whole Year,Banana,2518,21084,8.373312153
Kerala,KOTTAYAM,2012,Whole Year,Black pepper,3192,1179,0.369360902
Kerala,KOTTAYAM,2012,Whole Year,Cardamom,200,12,0.06
Kerala,KOTTAYAM,2012,Whole Year,Cashewnut,457,125,0.273522976
Kerala,KOTTAYAM,2012,Whole Year,Coconut,27500,131000000,4763.636364
Kerala,KOTTAYAM,2012,Whole Year,Cowpea(Lobia),12,,
Kerala,KOTTAYAM,2012,Whole Year,Drum Stick,578,399,0.690311419
Kerala,KOTTAYAM,2012,Whole Year,Dry ginger,107,311,2.906542056
Kerala,KOTTAYAM,2012,Whole Year,Jack Fruit,3997,,
Kerala,KOTTAYAM,2012,Whole Year,Mango,2610,18524,7.097318008
Kerala,KOTTAYAM,2012,Whole Year,Papaya,1057,5277,4.99243141
Kerala,KOTTAYAM,2012,Whole Year,Pineapple,1107,7626,6.888888889
Kerala,KOTTAYAM,2012,Whole Year,Pump Kin,49,,
Kerala,KOTTAYAM,2012,Whole Year,Sugarcane,13,109,8.384615385
Kerala,KOTTAYAM,2012,Whole Year,Sweet potato,1,3,3
Kerala,KOTTAYAM,2012,Whole Year,Tapioca,5284,187089,35.40669947
Kerala,KOTTAYAM,2012,Whole Year,Turmeric,93,202,2.172043011
Kerala,KOTTAYAM,2012,Winter,Rice,2309,6951,3.01039411
Kerala,KOTTAYAM,2013,Autumn,Rice,1106,2834,2.56238698
Kerala,KOTTAYAM,2013,Summer,Rice,7823,25574,3.269078359
Kerala,KOTTAYAM,2013,Whole Year,Arecanut,1581,1103,0.697659709
Kerala,KOTTAYAM,2013,Whole Year,Banana,2498,22609,9.050840673
Kerala,KOTTAYAM,2013,Whole Year,Black pepper,3120,1172,0.375641026
Kerala,KOTTAYAM,2013,Whole Year,Blackgram,2,,
Kerala,KOTTAYAM,2013,Whole Year,Cardamom,85,5,0.058823529
Kerala,KOTTAYAM,2013,Whole Year,Cashewnut,410,123,0.3
Kerala,KOTTAYAM,2013,Whole Year,Coconut,27019,126000000,4663.385025
Kerala,KOTTAYAM,2013,Whole Year,Cowpea(Lobia),13,,
Kerala,KOTTAYAM,2013,Whole Year,Drum Stick,512,353,0.689453125
Kerala,KOTTAYAM,2013,Whole Year,Dry ginger,96,285,2.96875
Kerala,KOTTAYAM,2013,Whole Year,Mango,2636,18537,7.032245827
Kerala,KOTTAYAM,2013,Whole Year,Pump Kin,45,,
Kerala,KOTTAYAM,2013,Whole Year,Sugarcane,7,54,7.714285714
Kerala,KOTTAYAM,2013,Whole Year,Sweet potato,1,10,10
Kerala,KOTTAYAM,2013,Whole Year,Tapioca,5341,210271,39.36921925
Kerala,KOTTAYAM,2013,Whole Year,Turmeric,87,218,2.505747126
Kerala,KOTTAYAM,2013,Winter,Rice,6817,22321,3.274314214
Kerala,KOTTAYAM,2014,Autumn,Rice,5059,14354,2.837319628
Kerala,KOTTAYAM,2014,Summer,Rice,9346,27118,2.901562166
Kerala,KOTTAYAM,2014,Whole Year,Arecanut,1579,1214,0.768841039
Kerala,KOTTAYAM,2014,Whole Year,Banana,2734,23152,8.468178493
Kerala,KOTTAYAM,2014,Whole Year,Black pepper,3135,1078,0.343859649
Kerala,KOTTAYAM,2014,Whole Year,Cardamom,85,5,0.058823529
Kerala,KOTTAYAM,2014,Whole Year,Cashewnut,399,103,0.258145363
Kerala,KOTTAYAM,2014,Whole Year,Coconut,26529,140000000,5277.243771
Kerala,KOTTAYAM,2014,Whole Year,Cowpea(Lobia),15,,
Kerala,KOTTAYAM,2014,Whole Year,Dry ginger,153,511,3.339869281
Kerala,KOTTAYAM,2014,Whole Year,Pump Kin,51,,
Kerala,KOTTAYAM,2014,Whole Year,Sugarcane,10.21,73,7.149853085
Kerala,KOTTAYAM,2014,Whole Year,Sweet potato,1,11,11
Kerala,KOTTAYAM,2014,Whole Year,Tapioca,5588,217348,38.89549034
Kerala,KOTTAYAM,2014,Whole Year,Turmeric,132,338,2.560606061
Kerala,KOTTAYAM,2014,Winter,Rice,2890,7921,2.74083045
Kerala,KOZHIKODE,1997,Whole Year,Arecanut,7434,10194,1.371267151
Kerala,KOZHIKODE,1997,Whole Year,Black pepper,11378,2354,0.20689049
Kerala,KOZHIKODE,1997,Whole Year,Cashewnut,4972,2888,0.580852776
Kerala,KOZHIKODE,1997,Whole Year,Coconut,134858,1012000,7.504189592
Kerala,KOZHIKODE,1997,Whole Year,Tapioca,3514,83893,23.87393284
Kerala,KOZHIKODE,1998,Autumn,Rice,921,850,0.922909881
Kerala,KOZHIKODE,1998,Summer,Rice,953,1165,1.222455404
Kerala,KOZHIKODE,1998,Whole Year,Arecanut,8970,11528,1.285172798
Kerala,KOZHIKODE,1998,Whole Year,Banana,1519,16867,11.1040158
Kerala,KOZHIKODE,1998,Whole Year,Black pepper,11976,3288,0.274549098
Kerala,KOZHIKODE,1998,Whole Year,Cardamom,221,,
Kerala,KOZHIKODE,1998,Whole Year,Cashewnut,3471,1858,0.535292423
Kerala,KOZHIKODE,1998,Whole Year,Coconut,129506,999000000,7713.928312
Kerala,KOZHIKODE,1998,Whole Year,Dry ginger,238,670,2.81512605
Kerala,KOZHIKODE,1998,Whole Year,Sugarcane,15,1150,76.66666667
Kerala,KOZHIKODE,1998,Whole Year,Sweet potato,26,295,11.34615385
Kerala,KOZHIKODE,1998,Whole Year,Tapioca,4182,92145,22.03371593
Kerala,KOZHIKODE,1998,Whole Year,Turmeric,682,1496,2.193548387
Kerala,KOZHIKODE,1998,Winter,Rice,4969,5819,1.171060576
Kerala,KOZHIKODE,1999,Autumn,Rice,681,857,1.258443465
Kerala,KOZHIKODE,1999,Summer,Rice,917,1540,1.679389313
Kerala,KOZHIKODE,1999,Whole Year,Arecanut,10139,13314,1.313147253
Kerala,KOZHIKODE,1999,Whole Year,Banana,1667,16329,9.795440912
Kerala,KOZHIKODE,1999,Whole Year,Black pepper,11869,1806,0.152161092
Kerala,KOZHIKODE,1999,Whole Year,Cardamom,220,,
Kerala,KOZHIKODE,1999,Whole Year,Cashewnut,3863,2049,0.530416775
Kerala,KOZHIKODE,1999,Whole Year,Coconut,131061,1059000000,8080.206927
Kerala,KOZHIKODE,1999,Whole Year,Dry ginger,287,749,2.609756098
Kerala,KOZHIKODE,1999,Whole Year,Sugarcane,13,1300,100
Kerala,KOZHIKODE,1999,Whole Year,Sweet potato,36,408,11.33333333
Kerala,KOZHIKODE,1999,Whole Year,Tapioca,4924,108758,22.08732738
Kerala,KOZHIKODE,1999,Whole Year,Turmeric,747,1639,2.194109772
Kerala,KOZHIKODE,1999,Winter,Rice,4897,6323,1.291198693
Kerala,KOZHIKODE,2000,Autumn,Rice,770,980,1.272727273
Kerala,KOZHIKODE,2000,Summer,Rice,791,1186,1.499367889
Kerala,KOZHIKODE,2000,Whole Year,Arecanut,10692,15285,1.429573513
Kerala,KOZHIKODE,2000,Whole Year,Banana,1839,15500,8.428493747
Kerala,KOZHIKODE,2000,Whole Year,Black pepper,11939,2277,0.190719491
Kerala,KOZHIKODE,2000,Whole Year,Cashewnut,3867,1795,0.464184122
Kerala,KOZHIKODE,2000,Whole Year,Coconut,128739,903000000,7014.191504
Kerala,KOZHIKODE,2000,Whole Year,Dry ginger,367,1098,2.991825613
Kerala,KOZHIKODE,2000,Whole Year,Sugarcane,2,200,100
Kerala,KOZHIKODE,2000,Whole Year,Sweet potato,5,57,11.4
Kerala,KOZHIKODE,2000,Whole Year,Tapioca,4037,88366,21.8890265
Kerala,KOZHIKODE,2000,Whole Year,Turmeric,728,1549,2.127747253
Kerala,KOZHIKODE,2000,Winter,Rice,5176,6879,1.329018547
Kerala,KOZHIKODE,2001,Autumn,Rice,652,748,1.147239264
Kerala,KOZHIKODE,2001,Kharif,Jowar,4,,
Kerala,KOZHIKODE,2001,Kharif,Sesamum,4,1,0.25
Kerala,KOZHIKODE,2001,Summer,Rice,872,1483,1.700688073
Kerala,KOZHIKODE,2001,Whole Year,Arecanut,11189,12830,1.1466619
Kerala,KOZHIKODE,2001,Whole Year,Banana,1949,14909,7.649563879
Kerala,KOZHIKODE,2001,Whole Year,Black pepper,12775,2722,0.213072407
Kerala,KOZHIKODE,2001,Whole Year,Cardamom,220,,
Kerala,KOZHIKODE,2001,Whole Year,Cashewnut,4099,2306,0.562576238
Kerala,KOZHIKODE,2001,Whole Year,Coconut,130100,895000000,6879.323597
Kerala,KOZHIKODE,2001,Whole Year,Dry ginger,297,1028,3.461279461
Kerala,KOZHIKODE,2001,Whole Year,Rubber,17575,22884,1.302076814
Kerala,KOZHIKODE,2001,Whole Year,Sugarcane,1,100,100
Kerala,KOZHIKODE,2001,Whole Year,Sweet potato,15,171,11.4
Kerala,KOZHIKODE,2001,Whole Year,Tapioca,4311,71503,16.5861749
Kerala,KOZHIKODE,2001,Whole Year,Turmeric,424,964,2.273584906
Kerala,KOZHIKODE,2001,Winter,Rice,4878,6082,1.246822468
Kerala,KOZHIKODE,2002,Autumn,Rice,399,581,1.456140351
Kerala,KOZHIKODE,2002,Summer,Rice,784,1401,1.786989796
Kerala,KOZHIKODE,2002,Whole Year,Arecanut,10584,15584,1.472411187
Kerala,KOZHIKODE,2002,Whole Year,Banana,1963,16640,8.476821192
Kerala,KOZHIKODE,2002,Whole Year,Bhindi,5,0,0
Kerala,KOZHIKODE,2002,Whole Year,Bitter Gourd,20,0,0
Kerala,KOZHIKODE,2002,Whole Year,Black pepper,12365,1765,0.142741609
Kerala,KOZHIKODE,2002,Whole Year,Brinjal,1,0,0
Kerala,KOZHIKODE,2002,Whole Year,Cardamom,220,,
Kerala,KOZHIKODE,2002,Whole Year,Cashewnut,3883,2177,0.560648983
Kerala,KOZHIKODE,2002,Whole Year,Cashewnut Raw,3883,2177,0.560648983
Kerala,KOZHIKODE,2002,Whole Year,Coconut,127402,888000000,6970.063264
Kerala,KOZHIKODE,2002,Whole Year,Drum Stick,2958,1178,0.398242055
Kerala,KOZHIKODE,2002,Whole Year,Dry ginger,217,598,2.755760369
Kerala,KOZHIKODE,2002,Whole Year,Jack Fruit,10814,23,0.002126873
Kerala,KOZHIKODE,2002,Whole Year,Mango,10483,19320,1.842983879
Kerala,KOZHIKODE,2002,Whole Year,Other Fresh Fruits,852,0,0
Kerala,KOZHIKODE,2002,Whole Year,other oilseeds,16,0,0
Kerala,KOZHIKODE,2002,Whole Year,Other Vegetables,1670,0,0
Kerala,KOZHIKODE,2002,Whole Year,Papaya,1994,1296,0.64994985
Kerala,KOZHIKODE,2002,Whole Year,Pineapple,253,1650,6.52173913
Kerala,KOZHIKODE,2002,Whole Year,Rubber,17591,23490,1.335341936
Kerala,KOZHIKODE,2002,Whole Year,Snak Guard,2,0,0
Kerala,KOZHIKODE,2002,Whole Year,Sweet potato,9,103,11.44444444
Kerala,KOZHIKODE,2002,Whole Year,Tapioca,3964,77016,19.42885974
Kerala,KOZHIKODE,2002,Whole Year,Turmeric,305,723,2.370491803
Kerala,KOZHIKODE,2002,Winter,Rice,3902,5185,1.328805741
Kerala,KOZHIKODE,2003,Autumn,Rice,516,710,1.375968992
Kerala,KOZHIKODE,2003,Summer,Rice,1058,1815,1.715500945
Kerala,KOZHIKODE,2003,Whole Year,Arecanut,11499,14316,1.244977824
Kerala,KOZHIKODE,2003,Whole Year,Banana,1993,17206,8.633216257
Kerala,KOZHIKODE,2003,Whole Year,Bhindi,11,0,0
Kerala,KOZHIKODE,2003,Whole Year,Bitter Gourd,53,0,0
Kerala,KOZHIKODE,2003,Whole Year,Black pepper,13094,1800,0.137467542
Kerala,KOZHIKODE,2003,Whole Year,Brinjal,1,0,0
Kerala,KOZHIKODE,2003,Whole Year,Cardamom,220,,
Kerala,KOZHIKODE,2003,Whole Year,Cashewnut,3754,2334,0.621736814
Kerala,KOZHIKODE,2003,Whole Year,Coconut,129365,898000000,6941.599351
Kerala,KOZHIKODE,2003,Whole Year,Drum Stick,2993,1197,0.399933177
Kerala,KOZHIKODE,2003,Whole Year,Dry ginger,135,410,3.037037037
Kerala,KOZHIKODE,2003,Whole Year,Jack Fruit,10982,26,0.00236751
Kerala,KOZHIKODE,2003,Whole Year,Mango,10360,25035,2.416505792
Kerala,KOZHIKODE,2003,Whole Year,Other Fresh Fruits,682,0,0
Kerala,KOZHIKODE,2003,Whole Year,Other Vegetables,1885,0,0
Kerala,KOZHIKODE,2003,Whole Year,Papaya,2035,2930,1.43980344
Kerala,KOZHIKODE,2003,Whole Year,Pineapple,266,1629,6.12406015
Kerala,KOZHIKODE,2003,Whole Year,Snak Guard,8,0,0
Kerala,KOZHIKODE,2003,Whole Year,Sweet potato,21,240,11.42857143
Kerala,KOZHIKODE,2003,Whole Year,Tapioca,3569,97710,27.37741664
Kerala,KOZHIKODE,2003,Whole Year,Turmeric,366,851,2.325136612
Kerala,KOZHIKODE,2003,Winter,Rice,3611,5054,1.399612296
Kerala,KOZHIKODE,2004,Autumn,Rice,431,583,1.352668213
Kerala,KOZHIKODE,2004,Kharif,Sesamum,1,,
Kerala,KOZHIKODE,2004,Summer,Rice,644,1300,2.01863354
Kerala,KOZHIKODE,2004,Whole Year,Arecanut,12173,13042,1.071387497
Kerala,KOZHIKODE,2004,Whole Year,Banana,2092,18720,8.948374761
Kerala,KOZHIKODE,2004,Whole Year,Black pepper,13993,1934,0.138211963
Kerala,KOZHIKODE,2004,Whole Year,Cardamom,220,,
Kerala,KOZHIKODE,2004,Whole Year,Cashewnut,3552,2063,0.58079955
Kerala,KOZHIKODE,2004,Whole Year,Coconut,129865,854000000,6576.059754
Kerala,KOZHIKODE,2004,Whole Year,Dry ginger,122,362,2.967213115
Kerala,KOZHIKODE,2004,Whole Year,Sweet potato,26,297,11.42307692
Kerala,KOZHIKODE,2004,Whole Year,Tapioca,2724,68573,25.1736417
Kerala,KOZHIKODE,2004,Whole Year,Turmeric,359,886,2.467966574
Kerala,KOZHIKODE,2004,Winter,Rice,3548,4844,1.365276212
Kerala,KOZHIKODE,2005,Autumn,Rice,353,431,1.220963173
Kerala,KOZHIKODE,2005,Summer,Rice,684,1325,1.937134503
Kerala,KOZHIKODE,2005,Whole Year,Arecanut,12478,14522,1.163808303
Kerala,KOZHIKODE,2005,Whole Year,Banana,2165,15605,7.207852194
Kerala,KOZHIKODE,2005,Whole Year,Black pepper,13923,1869,0.134238311
Kerala,KOZHIKODE,2005,Whole Year,Cardamom,220,1,0.004545455
Kerala,KOZHIKODE,2005,Whole Year,Cashewnut,3368,2200,0.653206651
Kerala,KOZHIKODE,2005,Whole Year,Coconut,129500,845000000,6525.096525
Kerala,KOZHIKODE,2005,Whole Year,Dry ginger,165,504,3.054545455
Kerala,KOZHIKODE,2005,Whole Year,Sweet potato,41,469,11.43902439
Kerala,KOZHIKODE,2005,Whole Year,Tapioca,2476,61311,24.76211632
Kerala,KOZHIKODE,2005,Whole Year,Turmeric,234,466,1.991452991
Kerala,KOZHIKODE,2005,Winter,Rice,3666,4558,1.243316967
Kerala,KOZHIKODE,2006,Autumn,Rice,295,397,1.345762712
Kerala,KOZHIKODE,2006,Summer,Rice,571,950,1.663747811
Kerala,KOZHIKODE,2006,Whole Year,Arecanut,12340,12020,0.974068071
Kerala,KOZHIKODE,2006,Whole Year,Banana,1880,15417,8.200531915
Kerala,KOZHIKODE,2006,Whole Year,Black pepper,10652,1313,0.123263237
Kerala,KOZHIKODE,2006,Whole Year,Cardamom,220,1,0.004545455
Kerala,KOZHIKODE,2006,Whole Year,Cashewnut,2948,1478,0.501356852
Kerala,KOZHIKODE,2006,Whole Year,Coconut,129401,824000000,6367.802413
Kerala,KOZHIKODE,2006,Whole Year,Dry ginger,160,536,3.35
Kerala,KOZHIKODE,2006,Whole Year,Sweet potato,26,297,11.42307692
Kerala,KOZHIKODE,2006,Whole Year,Tapioca,1963,45263,23.05807438
Kerala,KOZHIKODE,2006,Whole Year,Turmeric,407,1046,2.57002457
Kerala,KOZHIKODE,2006,Winter,Rice,3429,4745,1.38378536
Kerala,KOZHIKODE,2007,Autumn,Rice,232,264,1.137931034
Kerala,KOZHIKODE,2007,Summer,Rice,788,1601,2.031725888
Kerala,KOZHIKODE,2007,Whole Year,Arecanut,12258,13373,1.090961005
Kerala,KOZHIKODE,2007,Whole Year,Banana,1983,14980,7.554210792
Kerala,KOZHIKODE,2007,Whole Year,Black pepper,9665,884,0.091464046
Kerala,KOZHIKODE,2007,Whole Year,Cardamom,220,1,0.004545455
Kerala,KOZHIKODE,2007,Whole Year,Cashewnut,2864,1899,0.663058659
Kerala,KOZHIKODE,2007,Whole Year,Coconut,122929,851000000,6922.695214
Kerala,KOZHIKODE,2007,Whole Year,Dry ginger,105,310,2.952380952
Kerala,KOZHIKODE,2007,Whole Year,Sweet potato,31,354,11.41935484
Kerala,KOZHIKODE,2007,Whole Year,Tapioca,2130,49119,23.06056338
Kerala,KOZHIKODE,2007,Whole Year,Turmeric,370,981,2.651351351
Kerala,KOZHIKODE,2007,Winter,Rice,2780,3232,1.162589928
Kerala,KOZHIKODE,2008,Autumn,Rice,216,289,1.337962963
Kerala,KOZHIKODE,2008,Summer,Rice,678,1422,2.097345133
Kerala,KOZHIKODE,2008,Whole Year,Arecanut,11616,16243,1.39832989
Kerala,KOZHIKODE,2008,Whole Year,Banana,1412,10528,7.456090652
Kerala,KOZHIKODE,2008,Whole Year,Black pepper,8421,823,0.097731861
Kerala,KOZHIKODE,2008,Whole Year,Cardamom,220,1,0.004545455
Kerala,KOZHIKODE,2008,Whole Year,Cashewnut,2222,1124,0.505850585
Kerala,KOZHIKODE,2008,Whole Year,Coconut,120704,941000000,7795.930541
Kerala,KOZHIKODE,2008,Whole Year,Dry ginger,85,255,3
Kerala,KOZHIKODE,2008,Whole Year,Sweet potato,22,251,11.40909091
Kerala,KOZHIKODE,2008,Whole Year,Tapioca,1860,48589,26.12311828
Kerala,KOZHIKODE,2008,Whole Year,Turmeric,349,811,2.323782235
Kerala,KOZHIKODE,2008,Winter,Rice,3144,3902,1.241094148
Kerala,KOZHIKODE,2009,Autumn,Rice,173,221,1.277456647
Kerala,KOZHIKODE,2009,Summer,Rice,610,1231,2.018032787
Kerala,KOZHIKODE,2009,Whole Year,Arecanut,10054,12710,1.264173463
Kerala,KOZHIKODE,2009,Whole Year,Banana,1476,11102,7.521680217
Kerala,KOZHIKODE,2009,Whole Year,Black pepper,7972,1010,0.126693427
Kerala,KOZHIKODE,2009,Whole Year,Cardamom,220,3,0.013636364
Kerala,KOZHIKODE,2009,Whole Year,Cashewnut,2068,704,0.340425532
Kerala,KOZHIKODE,2009,Whole Year,Coconut,119166,868000000,7283.956833
Kerala,KOZHIKODE,2009,Whole Year,Dry ginger,104,401,3.855769231
Kerala,KOZHIKODE,2009,Whole Year,Sugarcane,1,,
Kerala,KOZHIKODE,2009,Whole Year,Sweet potato,17,194,11.41176471
Kerala,KOZHIKODE,2009,Whole Year,Tapioca,1823,51171,28.06966539
Kerala,KOZHIKODE,2009,Whole Year,Turmeric,295,721,2.444067797
Kerala,KOZHIKODE,2009,Winter,Rice,2494,2850,1.142742582
Kerala,KOZHIKODE,2010,Autumn,Rice,144.09,182.38,1.265736692
Kerala,KOZHIKODE,2010,Summer,Rice,509.52,1029.51,2.020548752
Kerala,KOZHIKODE,2010,Whole Year,Arecanut,9661.57,8774.34,0.908169169
Kerala,KOZHIKODE,2010,Whole Year,Banana,1586.17,11723.46,7.391048879
Kerala,KOZHIKODE,2010,Whole Year,Black pepper,7613.27,823.04,0.108105978
Kerala,KOZHIKODE,2010,Whole Year,Cashewnut,1964.2,881.64,0.448854495
Kerala,KOZHIKODE,2010,Whole Year,Coconut,121688.42,769685000,6325.047198
Kerala,KOZHIKODE,2010,Whole Year,Dry ginger,78.35,255.56,3.261774091
Kerala,KOZHIKODE,2010,Whole Year,Sugarcane,0.04,,
Kerala,KOZHIKODE,2010,Whole Year,Tapioca,1805.69,47770.37,26.45546578
Kerala,KOZHIKODE,2010,Whole Year,Turmeric,283.16,737.09,2.603086594
Kerala,KOZHIKODE,2010,Winter,Rice,2349.43,2601.91,1.107464364
Kerala,KOZHIKODE,2011,Autumn,Rice,115.91,181.9,1.569321025
Kerala,KOZHIKODE,2011,Summer,Rice,528.26,1207.71,2.286203763
Kerala,KOZHIKODE,2011,Whole Year,Arecanut,10458.76,11177.47,1.068718471
Kerala,KOZHIKODE,2011,Whole Year,Banana,1533.27,12477.5,8.137836128
Kerala,KOZHIKODE,2011,Whole Year,Black pepper,3419.87,614.67,0.179734902
Kerala,KOZHIKODE,2011,Whole Year,Cardamom,220,1,0.004545455
Kerala,KOZHIKODE,2011,Whole Year,Cashewnut,2304.49,702.91,0.305017596
Kerala,KOZHIKODE,2011,Whole Year,Coconut,127699.25,852009000,6671.996899
Kerala,KOZHIKODE,2011,Whole Year,Dry ginger,78.3,245.55,3.136015326
Kerala,KOZHIKODE,2011,Whole Year,Potato,22,251,11.40909091
Kerala,KOZHIKODE,2011,Whole Year,Sugarcane,0.05,,
Kerala,KOZHIKODE,2011,Whole Year,Tapioca,1846.37,40117.23,21.72762231
Kerala,KOZHIKODE,2011,Whole Year,Turmeric,302.31,731.76,2.420561675
Kerala,KOZHIKODE,2011,Winter,Rice,2276.29,2883.95,1.266951926
Kerala,KOZHIKODE,2012,Autumn,Rice,143,204,1.426573427
Kerala,KOZHIKODE,2012,Summer,Rice,631,1443,2.286846276
Kerala,KOZHIKODE,2012,Whole Year,Arecanut,10247,9883,0.964477408
Kerala,KOZHIKODE,2012,Whole Year,Banana,1700,13616,8.009411765
Kerala,KOZHIKODE,2012,Whole Year,Black pepper,3332,1098,0.329531813
Kerala,KOZHIKODE,2012,Whole Year,Cardamom,220,4,0.018181818
Kerala,KOZHIKODE,2012,Whole Year,Cashewnut,2179,834,0.382744378
Kerala,KOZHIKODE,2012,Whole Year,Coconut,124819,882000000,7066.231904
Kerala,KOZHIKODE,2012,Whole Year,Cowpea(Lobia),8,,
Kerala,KOZHIKODE,2012,Whole Year,Drum Stick,1440,427,0.296527778
Kerala,KOZHIKODE,2012,Whole Year,Dry ginger,62,181,2.919354839
Kerala,KOZHIKODE,2012,Whole Year,Jack Fruit,10011,,
Kerala,KOZHIKODE,2012,Whole Year,Mango,8262,38273,4.632413459
Kerala,KOZHIKODE,2012,Whole Year,Moong(Green Gram),1,,
Kerala,KOZHIKODE,2012,Whole Year,Papaya,1764,7001,3.968820862
Kerala,KOZHIKODE,2012,Whole Year,Pineapple,144,834,5.791666667
Kerala,KOZHIKODE,2012,Whole Year,Pump Kin,46,,
Kerala,KOZHIKODE,2012,Whole Year,Sesamum,1,,
Kerala,KOZHIKODE,2012,Whole Year,Sweet potato,14,225,16.07142857
Kerala,KOZHIKODE,2012,Whole Year,Tapioca,1824,43208,23.68859649
Kerala,KOZHIKODE,2012,Whole Year,Turmeric,328,867,2.643292683
Kerala,KOZHIKODE,2012,Winter,Rice,2737,3679,1.344172452
Kerala,KOZHIKODE,2012,Winter,Sesamum,1,,
Kerala,KOZHIKODE,2013,Autumn,Rice,79,120,1.518987342
Kerala,KOZHIKODE,2013,Summer,Rice,563,1437,2.552397869
Kerala,KOZHIKODE,2013,Whole Year,Arecanut,9897,8875,0.896736385
Kerala,KOZHIKODE,2013,Whole Year,Banana,1633,11642,7.129210043
Kerala,KOZHIKODE,2013,Whole Year,Black pepper,3345,824,0.246337818
Kerala,KOZHIKODE,2013,Whole Year,Cardamom,220,5,0.022727273
Kerala,KOZHIKODE,2013,Whole Year,Cashewnut,2103,937,0.445553971
Kerala,KOZHIKODE,2013,Whole Year,Coconut,123115,948000000,7700.117776
Kerala,KOZHIKODE,2013,Whole Year,Cowpea(Lobia),3,,
Kerala,KOZHIKODE,2013,Whole Year,Drum Stick,1589,471,0.296412838
Kerala,KOZHIKODE,2013,Whole Year,Dry ginger,46,154,3.347826087
Kerala,KOZHIKODE,2013,Whole Year,Mango,8275,51590,6.234441088
Kerala,KOZHIKODE,2013,Whole Year,Moong(Green Gram),1,,
Kerala,KOZHIKODE,2013,Whole Year,Pump Kin,28,,
Kerala,KOZHIKODE,2013,Whole Year,Sweet potato,12,192,16
Kerala,KOZHIKODE,2013,Whole Year,Tapioca,1647,39934,24.2465088
Kerala,KOZHIKODE,2013,Whole Year,Turmeric,301,729,2.42192691
Kerala,KOZHIKODE,2013,Winter,Rice,1791,2293,1.280290341
Kerala,KOZHIKODE,2014,Autumn,Rice,62,62,1
Kerala,KOZHIKODE,2014,Summer,Rice,551,1284,2.33030853
Kerala,KOZHIKODE,2014,Whole Year,Arecanut,9966,11279,1.131747943
Kerala,KOZHIKODE,2014,Whole Year,Banana,1832,14536,7.934497817
Kerala,KOZHIKODE,2014,Whole Year,Black pepper,3428,1056,0.308051342
Kerala,KOZHIKODE,2014,Whole Year,Cardamom,220,5,0.022727273
Kerala,KOZHIKODE,2014,Whole Year,Cashewnut,2015,740,0.367245658
Kerala,KOZHIKODE,2014,Whole Year,Coconut,123066,1001000000,8133.846879
Kerala,KOZHIKODE,2014,Whole Year,Cowpea(Lobia),5,,
Kerala,KOZHIKODE,2014,Whole Year,Dry ginger,43,153,3.558139535
Kerala,KOZHIKODE,2014,Whole Year,Moong(Green Gram),1,,
Kerala,KOZHIKODE,2014,Whole Year,Pump Kin,49,,
Kerala,KOZHIKODE,2014,Whole Year,Sugarcane,0.21,,
Kerala,KOZHIKODE,2014,Whole Year,Sweet potato,15,230,15.33333333
Kerala,KOZHIKODE,2014,Whole Year,Tapioca,1826,53782,29.45345016
Kerala,KOZHIKODE,2014,Whole Year,Turmeric,264,820,3.106060606
Kerala,KOZHIKODE,2014,Winter,Rice,1708,2077,1.216042155
Kerala,MALAPPURAM,1997,Whole Year,Arecanut,14893,14240,0.956153898
Kerala,MALAPPURAM,1997,Whole Year,Black pepper,7010,665,0.094864479
Kerala,MALAPPURAM,1997,Whole Year,Cashewnut,12314,5642,0.458177684
Kerala,MALAPPURAM,1997,Whole Year,Coconut,123798,683000,5.517051972
Kerala,MALAPPURAM,1997,Whole Year,Tapioca,9072,242758,26.7590388
Kerala,MALAPPURAM,1998,Autumn,Rice,6289,13044,2.074097631
Kerala,MALAPPURAM,1998,Kharif,Sesamum,496,182,0.366935484
Kerala,MALAPPURAM,1998,Summer,Rice,1882,4697,2.495749203
Kerala,MALAPPURAM,1998,Whole Year,Arecanut,14190,9823,0.692248062
Kerala,MALAPPURAM,1998,Whole Year,Banana,5083,59389,11.68384812
Kerala,MALAPPURAM,1998,Whole Year,Black pepper,7086,1145,0.161586226
Kerala,MALAPPURAM,1998,Whole Year,Cardamom,70,,
Kerala,MALAPPURAM,1998,Whole Year,Cashewnut,9950,4169,0.418994975
Kerala,MALAPPURAM,1998,Whole Year,Coconut,99276,600000000,6043.756799
Kerala,MALAPPURAM,1998,Whole Year,Dry ginger,158,271,1.715189873
Kerala,MALAPPURAM,1998,Whole Year,Sugarcane,6,460,76.66666667
Kerala,MALAPPURAM,1998,Whole Year,Sweet potato,206,2371,11.50970874
Kerala,MALAPPURAM,1998,Whole Year,Tapioca,8043,205796,25.58697004
Kerala,MALAPPURAM,1998,Whole Year,Turmeric,239,350,1.464435146
Kerala,MALAPPURAM,1998,Winter,Rice,15647,24600,1.572186362
Kerala,MALAPPURAM,1999,Autumn,Rice,5844,10230,1.750513347
Kerala,MALAPPURAM,1999,Kharif,Sesamum,558,154,0.275985663
Kerala,MALAPPURAM,1999,Summer,Rice,2211,6210,2.808683853
Kerala,MALAPPURAM,1999,Whole Year,Arecanut,15894,11934,0.750849377
Kerala,MALAPPURAM,1999,Whole Year,Banana,7049,65122,9.238473542
Kerala,MALAPPURAM,1999,Whole Year,Black pepper,7885,914,0.115916297
Kerala,MALAPPURAM,1999,Whole Year,Cardamom,70,,
Kerala,MALAPPURAM,1999,Whole Year,Cashewnut,10982,5669,0.516208341
Kerala,MALAPPURAM,1999,Whole Year,Coconut,107142,717000000,6692.053536
Kerala,MALAPPURAM,1999,Whole Year,Dry ginger,200,509,2.545
Kerala,MALAPPURAM,1999,Whole Year,Sugarcane,4,400,100
Kerala,MALAPPURAM,1999,Whole Year,Sweet potato,252,2900,11.50793651
Kerala,MALAPPURAM,1999,Whole Year,Tapioca,8491,227107,26.74679072
Kerala,MALAPPURAM,1999,Whole Year,Turmeric,309,453,1.466019417
Kerala,MALAPPURAM,1999,Winter,Rice,15440,25677,1.663018135
Kerala,MALAPPURAM,2000,Autumn,Rice,6952,13419,1.930235903
Kerala,MALAPPURAM,2000,Kharif,Ragi,4,3,0.75
Kerala,MALAPPURAM,2000,Kharif,Sesamum,411,170,0.413625304
Kerala,MALAPPURAM,2000,Summer,Rice,1878,4755,2.531948882
Kerala,MALAPPURAM,2000,Whole Year,Arecanut,16123,9909,0.614587856
Kerala,MALAPPURAM,2000,Whole Year,Banana,7136,48464,6.791479821
Kerala,MALAPPURAM,2000,Whole Year,Black pepper,8253,1053,0.127589967
Kerala,MALAPPURAM,2000,Whole Year,Cardamom,70,,
Kerala,MALAPPURAM,2000,Whole Year,Cashewnut,11243,5841,0.519523259
Kerala,MALAPPURAM,2000,Whole Year,Coconut,110378,626000000,5671.420029
Kerala,MALAPPURAM,2000,Whole Year,Dry ginger,184,394,2.141304348
Kerala,MALAPPURAM,2000,Whole Year,Sugarcane,5,510,102
Kerala,MALAPPURAM,2000,Whole Year,Sweet potato,260,2992,11.50769231
Kerala,MALAPPURAM,2000,Whole Year,Tapioca,7508,185143,24.65942994
Kerala,MALAPPURAM,2000,Whole Year,Turmeric,355,700,1.971830986
Kerala,MALAPPURAM,2000,Winter,Rice,14318,25623,1.789565582
Kerala,MALAPPURAM,2001,Autumn,Rice,6908,13313,1.927185871
Kerala,MALAPPURAM,2001,Kharif,Jowar,5,3,0.6
Kerala,MALAPPURAM,2001,Kharif,Ragi,3,2,0.666666667
Kerala,MALAPPURAM,2001,Kharif,Sesamum,293,70,0.23890785
Kerala,MALAPPURAM,2001,Summer,Rice,1723,5108,2.964596634
Kerala,MALAPPURAM,2001,Whole Year,Arecanut,17735,11085,0.625035241
Kerala,MALAPPURAM,2001,Whole Year,Banana,8420,55835,6.631235154
Kerala,MALAPPURAM,2001,Whole Year,Black pepper,8996,616,0.068474878
Kerala,MALAPPURAM,2001,Whole Year,Cardamom,70,1,0.014285714
Kerala,MALAPPURAM,2001,Whole Year,Cashewnut,10953,4941,0.451109285
Kerala,MALAPPURAM,2001,Whole Year,Coconut,104171,599000000,5750.160793
Kerala,MALAPPURAM,2001,Whole Year,Dry ginger,212,426,2.009433962
Kerala,MALAPPURAM,2001,Whole Year,Rubber,29263,32904,1.124423333
Kerala,MALAPPURAM,2001,Whole Year,Sugarcane,7,710,101.4285714
Kerala,MALAPPURAM,2001,Whole Year,Sweet potato,251,2888,11.5059761
Kerala,MALAPPURAM,2001,Whole Year,Tapioca,7206,166980,23.17235637
Kerala,MALAPPURAM,2001,Whole Year,Turmeric,241,348,1.443983402
Kerala,MALAPPURAM,2001,Winter,Rice,14023,25638,1.828282108
Kerala,MALAPPURAM,2002,Autumn,Rice,5781,11308,1.956062965
Kerala,MALAPPURAM,2002,Kharif,Ragi,1,1,1
Kerala,MALAPPURAM,2002,Kharif,Sesamum,291,76,0.261168385
Kerala,MALAPPURAM,2002,Summer,Rice,1637,5104,3.117898595
Kerala,MALAPPURAM,2002,Whole Year,Arecanut,19622,17527,0.893232086
Kerala,MALAPPURAM,2002,Whole Year,Banana,9804,67931,6.928906569
Kerala,MALAPPURAM,2002,Whole Year,Bhindi,119,0,0
Kerala,MALAPPURAM,2002,Whole Year,Bitter Gourd,248,0,0
Kerala,MALAPPURAM,2002,Whole Year,Black pepper,9846,979,0.099431241
Kerala,MALAPPURAM,2002,Whole Year,Brinjal,33,0,0
Kerala,MALAPPURAM,2002,Whole Year,Cardamom,70,3,0.042857143
Kerala,MALAPPURAM,2002,Whole Year,Cashewnut,10735,4481,0.417419655
Kerala,MALAPPURAM,2002,Whole Year,Cashewnut Raw,10735,4481,0.417419655
Kerala,MALAPPURAM,2002,Whole Year,Coconut,107254,787000000,7337.72167
Kerala,MALAPPURAM,2002,Whole Year,Drum Stick,3193,3341,1.046351394
Kerala,MALAPPURAM,2002,Whole Year,Dry ginger,181,424,2.342541436
Kerala,MALAPPURAM,2002,Whole Year,Jack Fruit,9847,30,0.003046613
Kerala,MALAPPURAM,2002,Whole Year,Mango,11167,36403,3.25987284
Kerala,MALAPPURAM,2002,Whole Year,Other Fresh Fruits,1085,0,0
Kerala,MALAPPURAM,2002,Whole Year,other oilseeds,159,0,0
Kerala,MALAPPURAM,2002,Whole Year,Other Vegetables,4985,0,0
Kerala,MALAPPURAM,2002,Whole Year,Papaya,2325,10042,4.319139785
Kerala,MALAPPURAM,2002,Whole Year,Pineapple,335,1827,5.453731343
Kerala,MALAPPURAM,2002,Whole Year,Rubber,29335,33883,1.155036646
Kerala,MALAPPURAM,2002,Whole Year,Snak Guard,90,0,0
Kerala,MALAPPURAM,2002,Whole Year,Sugarcane,11,1120,101.8181818
Kerala,MALAPPURAM,2002,Whole Year,Sweet potato,333,3831,11.5045045
Kerala,MALAPPURAM,2002,Whole Year,Tapioca,6947,176344,25.38419462
Kerala,MALAPPURAM,2002,Whole Year,Tea,192,0.1,0.000520833
Kerala,MALAPPURAM,2002,Whole Year,Turmeric,339,576,1.699115044
Kerala,MALAPPURAM,2002,Winter,Rice,12260,22569,1.8408646
Kerala,MALAPPURAM,2003,Autumn,Rice,5032,10792,2.144674086
Kerala,MALAPPURAM,2003,Kharif,Jowar,9,5,0.555555556
Kerala,MALAPPURAM,2003,Kharif,Sesamum,370,91,0.245945946
Kerala,MALAPPURAM,2003,Summer,Rice,1686,5383,3.192763938
Kerala,MALAPPURAM,2003,Whole Year,Arecanut,20476,15986,0.78071889
Kerala,MALAPPURAM,2003,Whole Year,Banana,8963,71210,7.944884525
Kerala,MALAPPURAM,2003,Whole Year,Bhindi,121,0,0
Kerala,MALAPPURAM,2003,Whole Year,Bitter Gourd,166,0,0
Kerala,MALAPPURAM,2003,Whole Year,Black pepper,10525,1014,0.096342043
Kerala,MALAPPURAM,2003,Whole Year,Brinjal,69,0,0
Kerala,MALAPPURAM,2003,Whole Year,Cardamom,70,3,0.042857143
Kerala,MALAPPURAM,2003,Whole Year,Cashewnut,10215,4237,0.414782183
Kerala,MALAPPURAM,2003,Whole Year,Coconut,109582,858000000,7829.753062
Kerala,MALAPPURAM,2003,Whole Year,Drum Stick,3232,3361,1.039913366
Kerala,MALAPPURAM,2003,Whole Year,Dry ginger,146,365,2.5
Kerala,MALAPPURAM,2003,Whole Year,Jack Fruit,10086,39,0.003866746
Kerala,MALAPPURAM,2003,Whole Year,Mango,10932,39345,3.599066959
Kerala,MALAPPURAM,2003,Whole Year,Other Fresh Fruits,925,0,0
Kerala,MALAPPURAM,2003,Whole Year,Other Vegetables,5403,0,0
Kerala,MALAPPURAM,2003,Whole Year,Papaya,2358,10184,4.318914334
Kerala,MALAPPURAM,2003,Whole Year,Pineapple,302,1551,5.135761589
Kerala,MALAPPURAM,2003,Whole Year,Snak Guard,61,0,0
Kerala,MALAPPURAM,2003,Whole Year,Sugarcane,4,410,102.5
Kerala,MALAPPURAM,2003,Whole Year,Sweet potato,372,4278,11.5
Kerala,MALAPPURAM,2003,Whole Year,Tapioca,6484,208078,32.09099321
Kerala,MALAPPURAM,2003,Whole Year,Turmeric,268,474,1.768656716
Kerala,MALAPPURAM,2003,Winter,Rice,10953,20569,1.877932986
Kerala,MALAPPURAM,2004,Autumn,Rice,4697,9907,2.10921865
Kerala,MALAPPURAM,2004,Kharif,Ragi,5,4,0.8
Kerala,MALAPPURAM,2004,Kharif,Sesamum,242,72,0.297520661
Kerala,MALAPPURAM,2004,Summer,Rice,1590,5396,3.393710692
Kerala,MALAPPURAM,2004,Whole Year,Arecanut,19979,17152,0.858501426
Kerala,MALAPPURAM,2004,Whole Year,Banana,9498,71742,7.553379659
Kerala,MALAPPURAM,2004,Whole Year,Black pepper,11661,1146,0.098276306
Kerala,MALAPPURAM,2004,Whole Year,Cardamom,70,3,0.042857143
Kerala,MALAPPURAM,2004,Whole Year,Cashewnut,9601,3876,0.403707947
Kerala,MALAPPURAM,2004,Whole Year,Coconut,113162,900000000,7953.199837
Kerala,MALAPPURAM,2004,Whole Year,Dry ginger,133,282,2.120300752
Kerala,MALAPPURAM,2004,Whole Year,Sugarcane,3,310,103.3333333
Kerala,MALAPPURAM,2004,Whole Year,Sweet potato,274,3151,11.5
Kerala,MALAPPURAM,2004,Whole Year,Tapioca,5060,155833,30.79703557
Kerala,MALAPPURAM,2004,Whole Year,Turmeric,222,347,1.563063063
Kerala,MALAPPURAM,2004,Winter,Rice,10462,21236,2.029822214
Kerala,MALAPPURAM,2005,Autumn,Rice,3605,7732,2.14479889
Kerala,MALAPPURAM,2005,Kharif,Sesamum,231,72,0.311688312
Kerala,MALAPPURAM,2005,Summer,Rice,1506,4836,3.211155378
Kerala,MALAPPURAM,2005,Whole Year,Arecanut,20022,15623,0.780291679
Kerala,MALAPPURAM,2005,Whole Year,Banana,9897,69993,7.072143074
Kerala,MALAPPURAM,2005,Whole Year,Black pepper,11371,1456,0.128045027
Kerala,MALAPPURAM,2005,Whole Year,Cardamom,70,3,0.042857143
Kerala,MALAPPURAM,2005,Whole Year,Cashewnut,9123,7394,0.810479009
Kerala,MALAPPURAM,2005,Whole Year,Coconut,113411,863000000,7609.491143
Kerala,MALAPPURAM,2005,Whole Year,Dry ginger,175,336,1.92
Kerala,MALAPPURAM,2005,Whole Year,Sugarcane,1,90,90
Kerala,MALAPPURAM,2005,Whole Year,Sweet potato,229,2634,11.50218341
Kerala,MALAPPURAM,2005,Whole Year,Tapioca,5346,164029,30.6825664
Kerala,MALAPPURAM,2005,Whole Year,Turmeric,285,462,1.621052632
Kerala,MALAPPURAM,2005,Winter,Rice,9774,18809,1.924391242
Kerala,MALAPPURAM,2006,Autumn,Rice,4782,10514,2.198661648
Kerala,MALAPPURAM,2006,Kharif,Jowar,1,1,1
Kerala,MALAPPURAM,2006,Kharif,Sesamum,303,137,0.452145215
Kerala,MALAPPURAM,2006,Summer,Rice,1595,5515,3.457680251
Kerala,MALAPPURAM,2006,Whole Year,Arecanut,16900,16001,0.946804734
Kerala,MALAPPURAM,2006,Whole Year,Banana,9048,69787,7.712975243
Kerala,MALAPPURAM,2006,Whole Year,Black pepper,9187,1114,0.1212583
Kerala,MALAPPURAM,2006,Whole Year,Cardamom,70,3,0.042857143
Kerala,MALAPPURAM,2006,Whole Year,Cashewnut,7249,5054,0.697199614
Kerala,MALAPPURAM,2006,Whole Year,Coconut,112238,859000000,7653.379426
Kerala,MALAPPURAM,2006,Whole Year,Dry ginger,151,288,1.907284768
Kerala,MALAPPURAM,2006,Whole Year,Sweet potato,132,1518,11.5
Kerala,MALAPPURAM,2006,Whole Year,Tapioca,6048,191559,31.67311508
Kerala,MALAPPURAM,2006,Whole Year,Turmeric,321,459,1.429906542
Kerala,MALAPPURAM,2006,Winter,Rice,8732,17094,1.957627119
Kerala,MALAPPURAM,2007,Autumn,Rice,1583,2881,1.819962097
Kerala,MALAPPURAM,2007,Kharif,Ragi,2,2,1
Kerala,MALAPPURAM,2007,Kharif,Sesamum,239,91,0.380753138
Kerala,MALAPPURAM,2007,Summer,Rice,1528,5268,3.447643979
Kerala,MALAPPURAM,2007,Whole Year,Arecanut,17517,17550,1.001883884
Kerala,MALAPPURAM,2007,Whole Year,Banana,7308,51899,7.101669403
Kerala,MALAPPURAM,2007,Whole Year,Black pepper,7858,1014,0.129040468
Kerala,MALAPPURAM,2007,Whole Year,Cardamom,70,2,0.028571429
Kerala,MALAPPURAM,2007,Whole Year,Cashewnut,6178,5411,0.87584979
Kerala,MALAPPURAM,2007,Whole Year,Coconut,104731,832000000,7944.16171
Kerala,MALAPPURAM,2007,Whole Year,Dry ginger,75,149,1.986666667
Kerala,MALAPPURAM,2007,Whole Year,Sweet potato,132,1518,11.5
Kerala,MALAPPURAM,2007,Whole Year,Tapioca,7096,287438,40.50704622
Kerala,MALAPPURAM,2007,Whole Year,Turmeric,356,631,1.77247191
Kerala,MALAPPURAM,2007,Winter,Rice,6385,13599,2.129835552
Kerala,MALAPPURAM,2008,Autumn,Rice,1744,3819,2.189793578
Kerala,MALAPPURAM,2008,Kharif,Other Cereals & Millets,1,1,1
Kerala,MALAPPURAM,2008,Kharif,Sesamum,217,101,0.465437788
Kerala,MALAPPURAM,2008,Summer,Rice,1521,4742,3.117685733
Kerala,MALAPPURAM,2008,Whole Year,Arecanut,16587,19472,1.173931392
Kerala,MALAPPURAM,2008,Whole Year,Banana,6391,47785,7.47692067
Kerala,MALAPPURAM,2008,Whole Year,Black pepper,5998,590,0.098366122
Kerala,MALAPPURAM,2008,Whole Year,Cardamom,70,1,0.014285714
Kerala,MALAPPURAM,2008,Whole Year,Cashewnut,5394,3153,0.584538376
Kerala,MALAPPURAM,2008,Whole Year,Coconut,105789,952000000,8999.045269
Kerala,MALAPPURAM,2008,Whole Year,Dry ginger,77,161,2.090909091
Kerala,MALAPPURAM,2008,Whole Year,Sweet potato,124,1426,11.5
Kerala,MALAPPURAM,2008,Whole Year,Tapioca,7533,292908,38.88331342
Kerala,MALAPPURAM,2008,Whole Year,Turmeric,342,639,1.868421053
Kerala,MALAPPURAM,2008,Winter,Rice,7748,14704,1.897780072
Kerala,MALAPPURAM,2009,Autumn,Rice,1187,2343,1.973883741
Kerala,MALAPPURAM,2009,Kharif,Sesamum,116,48,0.413793103
Kerala,MALAPPURAM,2009,Summer,Rice,1295,4281,3.305791506
Kerala,MALAPPURAM,2009,Whole Year,Arecanut,19994,25542,1.277483245
Kerala,MALAPPURAM,2009,Whole Year,Banana,6516,45590,6.996623696
Kerala,MALAPPURAM,2009,Whole Year,Black pepper,6147,581,0.094517651
Kerala,MALAPPURAM,2009,Whole Year,Cardamom,70,,
Kerala,MALAPPURAM,2009,Whole Year,Cashewnut,4475,2272,0.507709497
Kerala,MALAPPURAM,2009,Whole Year,Coconut,108380,1063000000,9808.082672
Kerala,MALAPPURAM,2009,Whole Year,Dry ginger,62,141,2.274193548
Kerala,MALAPPURAM,2009,Whole Year,Sweet potato,106,1219,11.5
Kerala,MALAPPURAM,2009,Whole Year,Tapioca,5808,225500,38.82575758
Kerala,MALAPPURAM,2009,Whole Year,Turmeric,240,469,1.954166667
Kerala,MALAPPURAM,2009,Winter,Rice,6356,13269,2.087633732
Kerala,MALAPPURAM,2010,Autumn,Rice,1088.27,2296.7,2.110413776
Kerala,MALAPPURAM,2010,Kharif,Sesamum,170.64,76.19,0.446495546
Kerala,MALAPPURAM,2010,Summer,Rice,1770.44,5946.44,3.358735682
Kerala,MALAPPURAM,2010,Whole Year,Arecanut,19619.88,17290.67,0.881283168
Kerala,MALAPPURAM,2010,Whole Year,Banana,7843.57,57176.5,7.289601546
Kerala,MALAPPURAM,2010,Whole Year,Black pepper,5732.39,477.9,0.083368368
Kerala,MALAPPURAM,2010,Whole Year,Cashewnut,3572.25,1304.46,0.365164812
Kerala,MALAPPURAM,2010,Whole Year,Coconut,104178.22,916053000,8793.133536
Kerala,MALAPPURAM,2010,Whole Year,Dry ginger,61.15,124.69,2.039084219
Kerala,MALAPPURAM,2010,Whole Year,Sugarcane,0.05,,
Kerala,MALAPPURAM,2010,Whole Year,Tapioca,5499.89,197190.02,35.85344798
Kerala,MALAPPURAM,2010,Whole Year,Turmeric,266.33,485.76,1.823902677
Kerala,MALAPPURAM,2010,Winter,Rice,6090.74,12826.27,2.105863984
Kerala,MALAPPURAM,2011,Autumn,Rice,766.64,1588.67,2.072250339
Kerala,MALAPPURAM,2011,Kharif,Sesamum,101.07,34.13,0.337686752
Kerala,MALAPPURAM,2011,Summer,Rice,1620.08,5845.58,3.608204533
Kerala,MALAPPURAM,2011,Whole Year,Arecanut,19977.85,23233.34,1.162954973
Kerala,MALAPPURAM,2011,Whole Year,Banana,6865.81,61965.69,9.025255578
Kerala,MALAPPURAM,2011,Whole Year,Black pepper,2589.77,519.81,0.200716666
Kerala,MALAPPURAM,2011,Whole Year,Cardamom,70,1,0.014285714
Kerala,MALAPPURAM,2011,Whole Year,Cashewnut,3825.91,1624.7,0.42465714
Kerala,MALAPPURAM,2011,Whole Year,Coconut,109229.36,946781000,8667.825207
Kerala,MALAPPURAM,2011,Whole Year,Dry ginger,47.41,96.82,2.042185193
Kerala,MALAPPURAM,2011,Whole Year,Potato,124,1426,11.5
Kerala,MALAPPURAM,2011,Whole Year,Sugarcane,0.09,,
Kerala,MALAPPURAM,2011,Whole Year,Tapioca,5267.6,185161.01,35.15092452
Kerala,MALAPPURAM,2011,Whole Year,Turmeric,282.5,532.91,1.88640708
Kerala,MALAPPURAM,2011,Winter,Rice,5140.8,11142.31,2.167427249
Kerala,MALAPPURAM,2012,Autumn,Rice,493,1074,2.178498986
Kerala,MALAPPURAM,2012,Summer,Rice,1458,5115,3.508230453
Kerala,MALAPPURAM,2012,Whole Year,Arecanut,19411,27126,1.397455051
Kerala,MALAPPURAM,2012,Whole Year,Banana,7529,62501,8.301368044
Kerala,MALAPPURAM,2012,Whole Year,Black pepper,2517,542,0.215335717
Kerala,MALAPPURAM,2012,Whole Year,Blackgram,4,,
Kerala,MALAPPURAM,2012,Whole Year,Cardamom,70,2,0.028571429
Kerala,MALAPPURAM,2012,Whole Year,Cashewnut,3347,1313,0.392291604
Kerala,MALAPPURAM,2012,Whole Year,Coconut,102417,1125000000,10984.50453
Kerala,MALAPPURAM,2012,Whole Year,Cowpea(Lobia),39,,
Kerala,MALAPPURAM,2012,Whole Year,Drum Stick,2045,981,0.479706601
Kerala,MALAPPURAM,2012,Whole Year,Dry ginger,42,77,1.833333333
Kerala,MALAPPURAM,2012,Whole Year,Jack Fruit,8161,,
Kerala,MALAPPURAM,2012,Whole Year,Mango,7490,34568,4.615220294
Kerala,MALAPPURAM,2012,Whole Year,Papaya,1697,7987,4.706540955
Kerala,MALAPPURAM,2012,Whole Year,Pineapple,115,710,6.173913043
Kerala,MALAPPURAM,2012,Whole Year,Pump Kin,295,,
Kerala,MALAPPURAM,2012,Whole Year,Ragi,1,,
Kerala,MALAPPURAM,2012,Whole Year,Sesamum,95,29,0.305263158
Kerala,MALAPPURAM,2012,Whole Year,Sugarcane,1,,
Kerala,MALAPPURAM,2012,Whole Year,Sweet potato,65,796,12.24615385
Kerala,MALAPPURAM,2012,Whole Year,Tapioca,5010,185481,37.02215569
Kerala,MALAPPURAM,2012,Whole Year,Turmeric,258,483,1.872093023
Kerala,MALAPPURAM,2012,Winter,Rice,4723,9188,1.945373703
Kerala,MALAPPURAM,2012,Winter,Sesamum,95,29,0.305263158
Kerala,MALAPPURAM,2013,Autumn,Rice,121,272,2.247933884
Kerala,MALAPPURAM,2013,Summer,Rice,1798,6624,3.684093437
Kerala,MALAPPURAM,2013,Whole Year,Arecanut,18644,18838,1.010405492
Kerala,MALAPPURAM,2013,Whole Year,Banana,7740,67216,8.684237726
Kerala,MALAPPURAM,2013,Whole Year,Black pepper,2631,613,0.232991258
Kerala,MALAPPURAM,2013,Whole Year,Blackgram,2,,
Kerala,MALAPPURAM,2013,Whole Year,Cardamom,70,2,0.028571429
Kerala,MALAPPURAM,2013,Whole Year,Cashewnut,2913,930,0.319258496
Kerala,MALAPPURAM,2013,Whole Year,Coconut,105481,935000000,8864.15563
Kerala,MALAPPURAM,2013,Whole Year,Cowpea(Lobia),37,,
Kerala,MALAPPURAM,2013,Whole Year,Drum Stick,2427,1164,0.47960445
Kerala,MALAPPURAM,2013,Whole Year,Dry ginger,28,61,2.178571429
Kerala,MALAPPURAM,2013,Whole Year,Mango,8010,34153,4.263795256
Kerala,MALAPPURAM,2013,Whole Year,Moong(Green Gram),3,,
Kerala,MALAPPURAM,2013,Whole Year,Pump Kin,293,,
Kerala,MALAPPURAM,2013,Whole Year,Sesamum,88,30,0.340909091
Kerala,MALAPPURAM,2013,Whole Year,Sweet potato,84,1008,12
Kerala,MALAPPURAM,2013,Whole Year,Tapioca,4317,149997,34.74565671
Kerala,MALAPPURAM,2013,Whole Year,Turmeric,254,503,1.980314961
Kerala,MALAPPURAM,2013,Winter,Rice,5630,12813,2.275843694
Kerala,MALAPPURAM,2014,Autumn,Rice,494,1020,2.064777328
Kerala,MALAPPURAM,2014,Summer,Rice,1940,7577,3.905670103
Kerala,MALAPPURAM,2014,Whole Year,Arecanut,18352,22073,1.202757193
Kerala,MALAPPURAM,2014,Whole Year,Banana,6986,58163,8.325651303
Kerala,MALAPPURAM,2014,Whole Year,Black pepper,2913,650,0.223137659
Kerala,MALAPPURAM,2014,Whole Year,Cardamom,70,2,0.028571429
Kerala,MALAPPURAM,2014,Whole Year,Cashewnut,2582,671,0.259876065
Kerala,MALAPPURAM,2014,Whole Year,Coconut,103691,933000000,8997.887956
Kerala,MALAPPURAM,2014,Whole Year,Cowpea(Lobia),168,,
Kerala,MALAPPURAM,2014,Whole Year,Dry ginger,44,98,2.227272727
Kerala,MALAPPURAM,2014,Whole Year,Pump Kin,360,,
Kerala,MALAPPURAM,2014,Whole Year,Sesamum,107,36.49,0.341028037
Kerala,MALAPPURAM,2014,Whole Year,Sweet potato,106,1272,12
Kerala,MALAPPURAM,2014,Whole Year,Tapioca,5405,191322,35.39722479
Kerala,MALAPPURAM,2014,Whole Year,Turmeric,284,621,2.186619718
Kerala,MALAPPURAM,2014,Winter,Rice,5968,13682,2.292560322
Kerala,PALAKKAD,1997,Whole Year,Arecanut,4425,3336,0.753898305
Kerala,PALAKKAD,1997,Whole Year,Black pepper,4302,540,0.125523013
Kerala,PALAKKAD,1997,Whole Year,Cashewnut,7113,2666,0.374806692
Kerala,PALAKKAD,1997,Whole Year,Coconut,58268,225000,3.861467701
Kerala,PALAKKAD,1997,Whole Year,Tapioca,7692,142187,18.4850494
Kerala,PALAKKAD,1998,Autumn,Rice,45915,98955,2.155178046
Kerala,PALAKKAD,1998,Kharif,Cotton(lint),10999,17752,1.613964906
Kerala,PALAKKAD,1998,Kharif,Groundnut,7019,5218,0.743410742
Kerala,PALAKKAD,1998,Kharif,Jowar,2175,1107,0.508965517
Kerala,PALAKKAD,1998,Kharif,Ragi,1115,902,0.80896861
Kerala,PALAKKAD,1998,Kharif,Sesamum,78,39,0.5
Kerala,PALAKKAD,1998,Summer,Rice,5822,15619,2.682755067
Kerala,PALAKKAD,1998,Whole Year,Arecanut,3767,1921,0.509954871
Kerala,PALAKKAD,1998,Whole Year,Banana,4612,54078,11.7254987
Kerala,PALAKKAD,1998,Whole Year,Black pepper,4733,826,0.174519332
Kerala,PALAKKAD,1998,Whole Year,Cardamom,2928,175,0.05976776
Kerala,PALAKKAD,1998,Whole Year,Cashewnut,5998,2612,0.435478493
Kerala,PALAKKAD,1998,Whole Year,Coconut,45439,194000000,4269.460155
Kerala,PALAKKAD,1998,Whole Year,Dry chillies,100,107,1.07
Kerala,PALAKKAD,1998,Whole Year,Dry ginger,940,3329,3.541489362
Kerala,PALAKKAD,1998,Whole Year,Sugarcane,2653,236770,89.24613645
Kerala,PALAKKAD,1998,Whole Year,Sweet potato,649,5986,9.223420647
Kerala,PALAKKAD,1998,Whole Year,Tapioca,6815,156619,22.98151137
Kerala,PALAKKAD,1998,Whole Year,Turmeric,598,1162,1.943143813
Kerala,PALAKKAD,1998,Winter,Rice,55730,123214,2.210909743
Kerala,PALAKKAD,1999,Autumn,Rice,51685,106137,2.053535842
Kerala,PALAKKAD,1999,Kharif,Cotton(lint),4772,7702,1.613998324
Kerala,PALAKKAD,1999,Kharif,Groundnut,6920,5144,0.743352601
Kerala,PALAKKAD,1999,Kharif,Jowar,2528,1287,0.509098101
Kerala,PALAKKAD,1999,Kharif,Ragi,837,677,0.808841099
Kerala,PALAKKAD,1999,Kharif,Sesamum,115,53,0.460869565
Kerala,PALAKKAD,1999,Summer,Rice,7289,21482,2.947180683
Kerala,PALAKKAD,1999,Whole Year,Arecanut,3786,2320,0.612783941
Kerala,PALAKKAD,1999,Whole Year,Banana,5279,52737,9.98996022
Kerala,PALAKKAD,1999,Whole Year,Black pepper,4844,818,0.168868704
Kerala,PALAKKAD,1999,Whole Year,Cardamom,2919,180,0.061664954
Kerala,PALAKKAD,1999,Whole Year,Cashewnut,5854,2258,0.385719166
Kerala,PALAKKAD,1999,Whole Year,Coconut,45857,218000000,4753.908891
Kerala,PALAKKAD,1999,Whole Year,Dry chillies,139,149,1.071942446
Kerala,PALAKKAD,1999,Whole Year,Dry ginger,1191,3433,2.882451721
Kerala,PALAKKAD,1999,Whole Year,Sugarcane,2713,334730,123.3800221
Kerala,PALAKKAD,1999,Whole Year,Sweet potato,519,4787,9.223506744
Kerala,PALAKKAD,1999,Whole Year,Tapioca,6373,133282,20.9135415
Kerala,PALAKKAD,1999,Whole Year,Turmeric,771,1498,1.942931258
Kerala,PALAKKAD,1999,Winter,Rice,50730,123292,2.430356791
Kerala,PALAKKAD,2000,Autumn,Rice,58580,125079,2.135182656
Kerala,PALAKKAD,2000,Kharif,Cotton(lint),3847,6209,1.613984923
Kerala,PALAKKAD,2000,Kharif,Groundnut,3676,2733,0.743471164
Kerala,PALAKKAD,2000,Kharif,Jowar,463,236,0.509719222
Kerala,PALAKKAD,2000,Kharif,Ragi,1943,1572,0.809058157
Kerala,PALAKKAD,2000,Kharif,Sesamum,142,41,0.288732394
Kerala,PALAKKAD,2000,Summer,Rice,7600,24496,3.223157895
Kerala,PALAKKAD,2000,Whole Year,Arecanut,4241,2859,0.674133459
Kerala,PALAKKAD,2000,Whole Year,Banana,5931,40376,6.807620975
Kerala,PALAKKAD,2000,Whole Year,Black pepper,4916,598,0.121643613
Kerala,PALAKKAD,2000,Whole Year,Cardamom,2921,176,0.060253338
Kerala,PALAKKAD,2000,Whole Year,Cashewnut,6136,2458,0.400586701
Kerala,PALAKKAD,2000,Whole Year,Coconut,46393,252000000,5431.853943
Kerala,PALAKKAD,2000,Whole Year,Dry ginger,1460,5699,3.903424658
Kerala,PALAKKAD,2000,Whole Year,Sugarcane,1643,139770,85.06999391
Kerala,PALAKKAD,2000,Whole Year,Sweet potato,369,3403,9.222222222
Kerala,PALAKKAD,2000,Whole Year,Tapioca,6646,136341,20.51474571
Kerala,PALAKKAD,2000,Whole Year,Turmeric,778,1985,2.551413882
Kerala,PALAKKAD,2000,Winter,Rice,52521,112598,2.143866263
Kerala,PALAKKAD,2001,Autumn,Rice,57462,129463,2.253019387
Kerala,PALAKKAD,2001,Kharif,Cotton(lint),3760,6069,1.614095745
Kerala,PALAKKAD,2001,Kharif,Groundnut,2437,1812,0.743537136
Kerala,PALAKKAD,2001,Kharif,Jowar,2891,1474,0.509858181
Kerala,PALAKKAD,2001,Kharif,Ragi,1933,1564,0.809105018
Kerala,PALAKKAD,2001,Kharif,Sesamum,93,34,0.365591398
Kerala,PALAKKAD,2001,Summer,Rice,7338,20493,2.792722813
Kerala,PALAKKAD,2001,Whole Year,Arecanut,4026,4007,0.995280676
Kerala,PALAKKAD,2001,Whole Year,Banana,7414,66041,8.90760723
Kerala,PALAKKAD,2001,Whole Year,Black pepper,5063,723,0.142800711
Kerala,PALAKKAD,2001,Whole Year,Cardamom,2754,190,0.068990559
Kerala,PALAKKAD,2001,Whole Year,Cashewnut,5947,2262,0.380359845
Kerala,PALAKKAD,2001,Whole Year,Coconut,50568,284000000,5616.199968
Kerala,PALAKKAD,2001,Whole Year,Coffee,4650,3450,0.741935484
Kerala,PALAKKAD,2001,Whole Year,Dry ginger,1452,6478,4.461432507
Kerala,PALAKKAD,2001,Whole Year,Rubber,28985,31759,1.095704675
Kerala,PALAKKAD,2001,Whole Year,Sugarcane,1610,136960,85.06832298
Kerala,PALAKKAD,2001,Whole Year,Sweet potato,257,2370,9.221789883
Kerala,PALAKKAD,2001,Whole Year,Tapioca,5649,133313,23.59939812
Kerala,PALAKKAD,2001,Whole Year,Tea,852,1973,2.3157277
Kerala,PALAKKAD,2001,Whole Year,Turmeric,799,2152,2.693366708
Kerala,PALAKKAD,2001,Winter,Rice,51104,119346,2.335355354
Kerala,PALAKKAD,2002,Autumn,Rice,57583,117326,2.037511071
Kerala,PALAKKAD,2002,Kharif,Cotton(lint),3400,5488,1.614117647
Kerala,PALAKKAD,2002,Kharif,Groundnut,2422,1801,0.74360033
Kerala,PALAKKAD,2002,Kharif,Jowar,2565,1308,0.50994152
Kerala,PALAKKAD,2002,Kharif,Ragi,1294,1047,0.809119011
Kerala,PALAKKAD,2002,Kharif,Sesamum,106,26,0.245283019
Kerala,PALAKKAD,2002,Summer,Rice,5124,14371,2.804644809
Kerala,PALAKKAD,2002,Whole Year,Arecanut,4936,5706,1.155996759
Kerala,PALAKKAD,2002,Whole Year,Banana,8155,65005,7.971183323
Kerala,PALAKKAD,2002,Whole Year,Bhindi,446,0,0
Kerala,PALAKKAD,2002,Whole Year,Bitter Gourd,232,0,0
Kerala,PALAKKAD,2002,Whole Year,Black pepper,5482,778,0.141919008
Kerala,PALAKKAD,2002,Whole Year,Brinjal,139,0,0
Kerala,PALAKKAD,2002,Whole Year,Cardamom,2754,201,0.072984749
Kerala,PALAKKAD,2002,Whole Year,Cashewnut,5463,2316,0.423942889
Kerala,PALAKKAD,2002,Whole Year,Cashewnut Raw,5463,2316,0.423942889
Kerala,PALAKKAD,2002,Whole Year,Coconut,53207,363000000,6822.410585
Kerala,PALAKKAD,2002,Whole Year,Coffee,4650,2150,0.462365591
Kerala,PALAKKAD,2002,Whole Year,Drum Stick,2041,2714,1.329740323
Kerala,PALAKKAD,2002,Whole Year,Dry ginger,1133,4196,3.703442189
Kerala,PALAKKAD,2002,Whole Year,Jack Fruit,5398,21,0.00389033
Kerala,PALAKKAD,2002,Whole Year,Mango,8742,46783,5.351521391
Kerala,PALAKKAD,2002,Whole Year,Other Fresh Fruits,1307,0,0
Kerala,PALAKKAD,2002,Whole Year,other oilseeds,1235,0,0
Kerala,PALAKKAD,2002,Whole Year,Other Vegetables,10497,0,0
Kerala,PALAKKAD,2002,Whole Year,Papaya,1326,8791,6.629713424
Kerala,PALAKKAD,2002,Whole Year,Pineapple,139,1001,7.201438849
Kerala,PALAKKAD,2002,Whole Year,Rubber,29064,34334,1.181323975
Kerala,PALAKKAD,2002,Whole Year,Snak Guard,43,0,0
Kerala,PALAKKAD,2002,Whole Year,Sugarcane,1989,169200,85.0678733
Kerala,PALAKKAD,2002,Whole Year,Sweet potato,180,1660,9.222222222
Kerala,PALAKKAD,2002,Whole Year,Tapioca,4960,105002,21.16975806
Kerala,PALAKKAD,2002,Whole Year,Tea,852,2124,2.492957746
Kerala,PALAKKAD,2002,Whole Year,Turmeric,698,1747,2.50286533
Kerala,PALAKKAD,2002,Winter,Rice,53203,112229,2.109448715
Kerala,PALAKKAD,2003,Autumn,Rice,52811,114479,2.167711272
Kerala,PALAKKAD,2003,Kharif,Cotton(lint),2949,4748,1.610037301
Kerala,PALAKKAD,2003,Kharif,Groundnut,2687,1988,0.739858578
Kerala,PALAKKAD,2003,Kharif,Jowar,2109,1076,0.510194405
Kerala,PALAKKAD,2003,Kharif,Ragi,1427,1156,0.8100911
Kerala,PALAKKAD,2003,Kharif,Sesamum,159,17,0.106918239
Kerala,PALAKKAD,2003,Kharif,Small millets,1033,806,0.780251694
Kerala,PALAKKAD,2003,Summer,Rice,3967,6551,1.651373834
Kerala,PALAKKAD,2003,Whole Year,Arecanut,5963,6615,1.109340936
Kerala,PALAKKAD,2003,Whole Year,Banana,10096,74576,7.386687797
Kerala,PALAKKAD,2003,Whole Year,Bhindi,468,0,0
Kerala,PALAKKAD,2003,Whole Year,Bitter Gourd,252,0,0
Kerala,PALAKKAD,2003,Whole Year,Black pepper,6079,875,0.143938148
Kerala,PALAKKAD,2003,Whole Year,Brinjal,284,0,0
Kerala,PALAKKAD,2003,Whole Year,Cardamom,2754,213,0.077342048
Kerala,PALAKKAD,2003,Whole Year,Cashewnut,5083,2123,0.417666732
Kerala,PALAKKAD,2003,Whole Year,Coconut,55655,380000000,6827.778277
Kerala,PALAKKAD,2003,Whole Year,Drum Stick,2092,2782,1.329827916
Kerala,PALAKKAD,2003,Whole Year,Dry ginger,902,1932,2.141906874
Kerala,PALAKKAD,2003,Whole Year,Jack Fruit,5536,21,0.003793353
Kerala,PALAKKAD,2003,Whole Year,Mango,9802,66664,6.801061008
Kerala,PALAKKAD,2003,Whole Year,Other Fresh Fruits,1112,0,0
Kerala,PALAKKAD,2003,Whole Year,Other Vegetables,11483,0,0
Kerala,PALAKKAD,2003,Whole Year,Papaya,1352,8964,6.630177515
Kerala,PALAKKAD,2003,Whole Year,Pineapple,183,1733,9.469945355
Kerala,PALAKKAD,2003,Whole Year,Snak Guard,54,0,0
Kerala,PALAKKAD,2003,Whole Year,Sugarcane,1592,135480,85.10050251
Kerala,PALAKKAD,2003,Whole Year,Sweet potato,330,3043,9.221212121
Kerala,PALAKKAD,2003,Whole Year,Tapioca,3939,92021,23.36151307
Kerala,PALAKKAD,2003,Whole Year,Turmeric,548,933,1.702554745
Kerala,PALAKKAD,2003,Winter,Rice,48353,68413,1.414865675
Kerala,PALAKKAD,2004,Autumn,Rice,54409,126966,2.333547759
Kerala,PALAKKAD,2004,Kharif,Cotton(lint),1472,2370,1.610054348
Kerala,PALAKKAD,2004,Kharif,Groundnut,1346,996,0.739970282
Kerala,PALAKKAD,2004,Kharif,Jowar,2564,1308,0.510140406
Kerala,PALAKKAD,2004,Kharif,Other Cereals & Millets,794,620,0.780856423
Kerala,PALAKKAD,2004,Kharif,Ragi,1310,1061,0.809923664
Kerala,PALAKKAD,2004,Kharif,Sesamum,57,7,0.122807018
Kerala,PALAKKAD,2004,Summer,Rice,420,749,1.783333333
Kerala,PALAKKAD,2004,Whole Year,Arecanut,6464,6248,0.966584158
Kerala,PALAKKAD,2004,Whole Year,Banana,10705,86083,8.041382532
Kerala,PALAKKAD,2004,Whole Year,Black pepper,7305,991,0.135660507
Kerala,PALAKKAD,2004,Whole Year,Cardamom,2756,229,0.083091437
Kerala,PALAKKAD,2004,Whole Year,Cashewnut,4814,2436,0.506024096
Kerala,PALAKKAD,2004,Whole Year,Coconut,55533,344000000,6194.514973
Kerala,PALAKKAD,2004,Whole Year,Dry ginger,969,3316,3.422084623
Kerala,PALAKKAD,2004,Whole Year,Sugarcane,790,67230,85.10126582
Kerala,PALAKKAD,2004,Whole Year,Sweet potato,276,2545,9.221014493
Kerala,PALAKKAD,2004,Whole Year,Tapioca,4186,101867,24.33516484
Kerala,PALAKKAD,2004,Whole Year,Turmeric,532,1287,2.419172932
Kerala,PALAKKAD,2004,Winter,Rice,56200,132403,2.355925267
Kerala,PALAKKAD,2005,Autumn,Rice,49411,112132,2.269373216
Kerala,PALAKKAD,2005,Kharif,Cotton(lint),2655,3452,1.300188324
Kerala,PALAKKAD,2005,Kharif,Groundnut,3299,2441,0.739921188
Kerala,PALAKKAD,2005,Kharif,Jowar,2446,1247,0.509811938
Kerala,PALAKKAD,2005,Kharif,Ragi,414,335,0.809178744
Kerala,PALAKKAD,2005,Kharif,Sesamum,64,11,0.171875
Kerala,PALAKKAD,2005,Summer,Rice,318,774,2.433962264
Kerala,PALAKKAD,2005,Whole Year,Arecanut,6466,6290,0.972780699
Kerala,PALAKKAD,2005,Whole Year,Banana,11248,82643,7.34735064
Kerala,PALAKKAD,2005,Whole Year,Black pepper,7457,1129,0.151401368
Kerala,PALAKKAD,2005,Whole Year,Cardamom,2754,270,0.098039216
Kerala,PALAKKAD,2005,Whole Year,Cashewnut,4391,1785,0.406513323
Kerala,PALAKKAD,2005,Whole Year,Coconut,55437,415000000,7485.975071
Kerala,PALAKKAD,2005,Whole Year,Dry ginger,1362,6350,4.66226138
Kerala,PALAKKAD,2005,Whole Year,Sugarcane,360,34850,96.80555556
Kerala,PALAKKAD,2005,Whole Year,Sweet potato,129,1190,9.224806202
Kerala,PALAKKAD,2005,Whole Year,Tapioca,3994,105321,26.36980471
Kerala,PALAKKAD,2005,Whole Year,Turmeric,799,2501,3.130162703
Kerala,PALAKKAD,2005,Winter,Rice,64190,153728,2.39489017
Kerala,PALAKKAD,2006,Autumn,Rice,44443,100669,2.265126117
Kerala,PALAKKAD,2006,Kharif,Cotton(lint),1300,1690,1.3
Kerala,PALAKKAD,2006,Kharif,Groundnut,2813,2081,0.739779595
Kerala,PALAKKAD,2006,Kharif,Jowar,1802,919,0.509988901
Kerala,PALAKKAD,2006,Kharif,Other Cereals & Millets,489,382,0.781186094
Kerala,PALAKKAD,2006,Kharif,Ragi,504,408,0.80952381
Kerala,PALAKKAD,2006,Kharif,Sesamum,98,13,0.132653061
Kerala,PALAKKAD,2006,Summer,Rice,6090,17605,2.890804598
Kerala,PALAKKAD,2006,Whole Year,Arecanut,8003,5766,0.72047982
Kerala,PALAKKAD,2006,Whole Year,Banana,11007,80246,7.290451531
Kerala,PALAKKAD,2006,Whole Year,Black pepper,8368,1447,0.17292065
Kerala,PALAKKAD,2006,Whole Year,Cardamom,2754,260,0.094408134
Kerala,PALAKKAD,2006,Whole Year,Cashewnut,5094,1980,0.38869258
Kerala,PALAKKAD,2006,Whole Year,Coconut,60182,420000000,6978.83088
Kerala,PALAKKAD,2006,Whole Year,Dry ginger,1762,8651,4.909761635
Kerala,PALAKKAD,2006,Whole Year,Sugarcane,222,10120,45.58558559
Kerala,PALAKKAD,2006,Whole Year,Sweet potato,87,803,9.229885057
Kerala,PALAKKAD,2006,Whole Year,Tapioca,3643,97180,26.67581663
Kerala,PALAKKAD,2006,Whole Year,Turmeric,923,2856,3.094257855
Kerala,PALAKKAD,2006,Winter,Rice,58675,151829,2.587626758
Kerala,PALAKKAD,2007,Autumn,Rice,47083,108300,2.300193276
Kerala,PALAKKAD,2007,Kharif,Cotton(lint),1292,1680,1.300309598
Kerala,PALAKKAD,2007,Kharif,Groundnut,2910,2153,0.739862543
Kerala,PALAKKAD,2007,Kharif,Jowar,3065,1563,0.50995106
Kerala,PALAKKAD,2007,Kharif,Other Cereals & Millets,289,226,0.78200692
Kerala,PALAKKAD,2007,Kharif,Ragi,260,210,0.807692308
Kerala,PALAKKAD,2007,Kharif,Sesamum,76,15,0.197368421
Kerala,PALAKKAD,2007,Summer,Rice,6086,17088,2.807755504
Kerala,PALAKKAD,2007,Whole Year,Arecanut,7551,5231,0.692755926
Kerala,PALAKKAD,2007,Whole Year,Banana,12940,93157,7.199149923
Kerala,PALAKKAD,2007,Whole Year,Black pepper,7081,985,0.139104646
Kerala,PALAKKAD,2007,Whole Year,Cardamom,2754,274,0.099491649
Kerala,PALAKKAD,2007,Whole Year,Cashewnut,3442,1571,0.456420686
Kerala,PALAKKAD,2007,Whole Year,Coconut,60393,422000000,6987.564784
Kerala,PALAKKAD,2007,Whole Year,Dry ginger,1240,5744,4.632258065
Kerala,PALAKKAD,2007,Whole Year,Sugarcane,772,27140,35.15544041
Kerala,PALAKKAD,2007,Whole Year,Sweet potato,115,1061,9.226086957
Kerala,PALAKKAD,2007,Whole Year,Tapioca,3225,72528,22.48930233
Kerala,PALAKKAD,2007,Whole Year,Turmeric,716,1980,2.765363128
Kerala,PALAKKAD,2007,Winter,Rice,46004,118856,2.583601426
Kerala,PALAKKAD,2008,Autumn,Rice,45659,111561,2.443351804
Kerala,PALAKKAD,2008,Kharif,Cotton(lint),1152,1498,1.300347222
Kerala,PALAKKAD,2008,Kharif,Groundnut,1733,1282,0.739757646
Kerala,PALAKKAD,2008,Kharif,Jowar,2294,1170,0.510026155
Kerala,PALAKKAD,2008,Kharif,Other Cereals & Millets,342,267,0.780701754
Kerala,PALAKKAD,2008,Kharif,Ragi,598,484,0.809364548
Kerala,PALAKKAD,2008,Kharif,Sesamum,33,9,0.272727273
Kerala,PALAKKAD,2008,Summer,Rice,8143,23537,2.890458062
Kerala,PALAKKAD,2008,Whole Year,Arecanut,8195,10595,1.292861501
Kerala,PALAKKAD,2008,Whole Year,Banana,11517,103260,8.96587653
Kerala,PALAKKAD,2008,Whole Year,Black pepper,5661,870,0.153683095
Kerala,PALAKKAD,2008,Whole Year,Cardamom,2754,333,0.120915033
Kerala,PALAKKAD,2008,Whole Year,Cashewnut,3740,1750,0.467914439
Kerala,PALAKKAD,2008,Whole Year,Coconut,59076,450000000,7617.30652
Kerala,PALAKKAD,2008,Whole Year,Dry ginger,1044,4492,4.302681992
Kerala,PALAKKAD,2008,Whole Year,Sugarcane,772,67630,87.60362694
Kerala,PALAKKAD,2008,Whole Year,Sweet potato,63,581,9.222222222
Kerala,PALAKKAD,2008,Whole Year,Tapioca,3200,75446,23.576875
Kerala,PALAKKAD,2008,Whole Year,Turmeric,528,1396,2.643939394
Kerala,PALAKKAD,2008,Winter,Rice,42388,105045,2.478177786
Kerala,PALAKKAD,2009,Autumn,Rice,45200,112866,2.497035398
Kerala,PALAKKAD,2009,Kharif,Cotton(lint),1018,1324,1.300589391
Kerala,PALAKKAD,2009,Kharif,Groundnut,1339,991,0.740104556
Kerala,PALAKKAD,2009,Kharif,Jowar,2516,1283,0.509936407
Kerala,PALAKKAD,2009,Kharif,Other Cereals & Millets,214,167,0.780373832
Kerala,PALAKKAD,2009,Kharif,Ragi,292,236,0.808219178
Kerala,PALAKKAD,2009,Kharif,Sesamum,63,7,0.111111111
Kerala,PALAKKAD,2009,Summer,Rice,6266,16827,2.68544526
Kerala,PALAKKAD,2009,Whole Year,Arecanut,10202,11554,1.132523035
Kerala,PALAKKAD,2009,Whole Year,Banana,10593,80068,7.558576418
Kerala,PALAKKAD,2009,Whole Year,Black pepper,5758,1121,0.194685655
Kerala,PALAKKAD,2009,Whole Year,Cardamom,2754,330,0.119825708
Kerala,PALAKKAD,2009,Whole Year,Cashewnut,3002,1047,0.348767488
Kerala,PALAKKAD,2009,Whole Year,Coconut,57186,417000000,7291.994544
Kerala,PALAKKAD,2009,Whole Year,Dry ginger,812,3779,4.653940887
Kerala,PALAKKAD,2009,Whole Year,Sugarcane,647,54750,84.62132921
Kerala,PALAKKAD,2009,Whole Year,Sweet potato,137,1264,9.226277372
Kerala,PALAKKAD,2009,Whole Year,Tapioca,2843,90428,31.80724587
Kerala,PALAKKAD,2009,Whole Year,Turmeric,487,1430,2.936344969
Kerala,PALAKKAD,2009,Winter,Rice,49056,136538,2.783308871
Kerala,PALAKKAD,2010,Autumn,Rice,38647.59,96029.74,2.484753642
Kerala,PALAKKAD,2010,Kharif,Sesamum,68.38,9.47,0.138490787
Kerala,PALAKKAD,2010,Summer,Rice,5499.34,15300.23,2.782193863
Kerala,PALAKKAD,2010,Whole Year,Arecanut,9683.13,9338.21,0.964379286
Kerala,PALAKKAD,2010,Whole Year,Banana,14231.5,123004.57,8.643120542
Kerala,PALAKKAD,2010,Whole Year,Black pepper,5465.22,953.99,0.174556559
Kerala,PALAKKAD,2010,Whole Year,Cashewnut,2913.77,901.92,0.309537129
Kerala,PALAKKAD,2010,Whole Year,Coconut,57094.11,407624000,7139.510538
Kerala,PALAKKAD,2010,Whole Year,Dry ginger,1256.2,6880.52,5.477248846
Kerala,PALAKKAD,2010,Whole Year,Sugarcane,567.79,46783.71,82.39614999
Kerala,PALAKKAD,2010,Whole Year,Tapioca,2474.53,68340.6,27.61760819
Kerala,PALAKKAD,2010,Whole Year,Turmeric,515.13,1616.96,3.138935803
Kerala,PALAKKAD,2010,Winter,Rice,43364.45,106825.43,2.463433296
Kerala,PALAKKAD,2011,Autumn,Rice,37932.97,92522.58,2.439107194
Kerala,PALAKKAD,2011,Kharif,Sesamum,16.83,3.25,0.193107546
Kerala,PALAKKAD,2011,Summer,Rice,3660.19,10687.72,2.919990492
Kerala,PALAKKAD,2011,Whole Year,Arecanut,9589.08,12032.54,1.254816938
Kerala,PALAKKAD,2011,Whole Year,Banana,16458.23,145887.04,8.864078336
Kerala,PALAKKAD,2011,Whole Year,Black pepper,2559.28,869.87,0.339888562
Kerala,PALAKKAD,2011,Whole Year,Cardamom,2754,333,0.120915033
Kerala,PALAKKAD,2011,Whole Year,Cashewnut,2701.59,638.66,0.236401527
Kerala,PALAKKAD,2011,Whole Year,Coconut,60528.6,492736000,8140.548435
Kerala,PALAKKAD,2011,Whole Year,Dry ginger,1840.43,9543.97,5.185728335
Kerala,PALAKKAD,2011,Whole Year,Potato,63,581,9.222222222
Kerala,PALAKKAD,2011,Whole Year,Sugarcane,329.43,25044.8,76.02464864
Kerala,PALAKKAD,2011,Whole Year,Tapioca,2837.54,85678.57,30.1946651
Kerala,PALAKKAD,2011,Whole Year,Turmeric,960.57,2887.57,3.006100544
Kerala,PALAKKAD,2011,Winter,Rice,42405.07,121202.43,2.858206106
Kerala,PALAKKAD,2012,Autumn,Rice,37021,89411,2.415142757
Kerala,PALAKKAD,2012,Summer,Rice,2678,5286,1.97386109
Kerala,PALAKKAD,2012,Whole Year,Arecanut,9601,8946,0.93177794
Kerala,PALAKKAD,2012,Whole Year,Arhar/Tur,1087,1739,1.599816007
Kerala,PALAKKAD,2012,Whole Year,Banana,15243,140094,9.19071049
Kerala,PALAKKAD,2012,Whole Year,Black pepper,2723,914,0.335659199
Kerala,PALAKKAD,2012,Whole Year,Blackgram,111,,
Kerala,PALAKKAD,2012,Whole Year,Cardamom,2754,284,0.103122731
Kerala,PALAKKAD,2012,Whole Year,Cashewnut,3134,615,0.196234844
Kerala,PALAKKAD,2012,Whole Year,Coconut,62513,461000000,7374.466111
Kerala,PALAKKAD,2012,Whole Year,Cowpea(Lobia),10,,
Kerala,PALAKKAD,2012,Whole Year,Drum Stick,1727,3544,2.052113492
Kerala,PALAKKAD,2012,Whole Year,Dry ginger,738,3310,4.485094851
Kerala,PALAKKAD,2012,Whole Year,Groundnut,784,976,1.244897959
Kerala,PALAKKAD,2012,Whole Year,Horse-gram,92,,
Kerala,PALAKKAD,2012,Whole Year,Jack Fruit,7062,,
Kerala,PALAKKAD,2012,Whole Year,Jowar,141,110,0.780141844
Kerala,PALAKKAD,2012,Whole Year,Maize,177,12,0.06779661
Kerala,PALAKKAD,2012,Whole Year,Mango,9368,54380,5.804867635
Kerala,PALAKKAD,2012,Whole Year,Moong(Green Gram),5,,
Kerala,PALAKKAD,2012,Whole Year,Onion,40,,
Kerala,PALAKKAD,2012,Whole Year,Papaya,816,3571,4.37622549
Kerala,PALAKKAD,2012,Whole Year,Pineapple,84,423,5.035714286
Kerala,PALAKKAD,2012,Whole Year,Potato,16,292,18.25
Kerala,PALAKKAD,2012,Whole Year,Pump Kin,276,,
Kerala,PALAKKAD,2012,Whole Year,Ragi,112,123,1.098214286
Kerala,PALAKKAD,2012,Whole Year,Sesamum,17,3,0.176470588
Kerala,PALAKKAD,2012,Whole Year,Small millets,62,61,0.983870968
Kerala,PALAKKAD,2012,Whole Year,Soyabean,7,10,1.428571429
Kerala,PALAKKAD,2012,Whole Year,Sugarcane,264,1406,5.325757576
Kerala,PALAKKAD,2012,Whole Year,Sweet potato,90,1516,16.84444444
Kerala,PALAKKAD,2012,Whole Year,Tapioca,2378,69377,29.1745164
Kerala,PALAKKAD,2012,Whole Year,Turmeric,660,1916,2.903030303
Kerala,PALAKKAD,2012,Winter,Rice,39502,94532,2.393094021
Kerala,PALAKKAD,2012,Winter,Sesamum,17,3,0.176470588
Kerala,PALAKKAD,2013,Autumn,Rice,35561,97030,2.728550941
Kerala,PALAKKAD,2013,Summer,Rice,4642,13159,2.834769496
Kerala,PALAKKAD,2013,Whole Year,Arecanut,9562,8402,0.878686467
Kerala,PALAKKAD,2013,Whole Year,Arhar/Tur,821,1325,1.613885505
Kerala,PALAKKAD,2013,Whole Year,Banana,17427,147292,8.451942388
Kerala,PALAKKAD,2013,Whole Year,Black pepper,2772,1109,0.40007215
Kerala,PALAKKAD,2013,Whole Year,Blackgram,113,,
Kerala,PALAKKAD,2013,Whole Year,Cardamom,2755,290,0.105263158
Kerala,PALAKKAD,2013,Whole Year,Cashewnut,3117,804,0.257940327
Kerala,PALAKKAD,2013,Whole Year,Coconut,61016,397000000,6506.490101
Kerala,PALAKKAD,2013,Whole Year,Cowpea(Lobia),196,,
Kerala,PALAKKAD,2013,Whole Year,Drum Stick,2003,4110,2.051922117
Kerala,PALAKKAD,2013,Whole Year,Dry ginger,836,4080,4.880382775
Kerala,PALAKKAD,2013,Whole Year,Groundnut,710,868,1.222535211
Kerala,PALAKKAD,2013,Whole Year,Horse-gram,63,,
Kerala,PALAKKAD,2013,Whole Year,Jowar,145,115,0.793103448
Kerala,PALAKKAD,2013,Whole Year,Maize,49,68,1.387755102
Kerala,PALAKKAD,2013,Whole Year,Mango,9399,48305,5.139376529
Kerala,PALAKKAD,2013,Whole Year,Moong(Green Gram),3,,
Kerala,PALAKKAD,2013,Whole Year,Onion,97,,
Kerala,PALAKKAD,2013,Whole Year,Pump Kin,327,,
Kerala,PALAKKAD,2013,Whole Year,Ragi,82,85,1.036585366
Kerala,PALAKKAD,2013,Whole Year,Sesamum,31,4,0.129032258
Kerala,PALAKKAD,2013,Whole Year,Small millets,40,35,0.875
Kerala,PALAKKAD,2013,Whole Year,Soyabean,6,9,1.5
Kerala,PALAKKAD,2013,Whole Year,Sugarcane,473,3955,8.361522199
Kerala,PALAKKAD,2013,Whole Year,Sweet potato,123,2091,17
Kerala,PALAKKAD,2013,Whole Year,Tapioca,2170,62837,28.95714286
Kerala,PALAKKAD,2013,Whole Year,Turmeric,656,1897,2.891768293
Kerala,PALAKKAD,2013,Winter,Rice,42693,127876,2.995245122
Kerala,PALAKKAD,2014,Autumn,Rice,37371,95178,2.546841133
Kerala,PALAKKAD,2014,Summer,Rice,2695,8925,3.311688312
Kerala,PALAKKAD,2014,Whole Year,Arecanut,9062,8561,0.944714191
Kerala,PALAKKAD,2014,Whole Year,Arhar/Tur,827,1384,1.673518742
Kerala,PALAKKAD,2014,Whole Year,Banana,18628,175132,9.40154606
Kerala,PALAKKAD,2014,Whole Year,Black pepper,2695,969,0.359554731
Kerala,PALAKKAD,2014,Whole Year,Blackgram,122,,
Kerala,PALAKKAD,2014,Whole Year,Cardamom,2755,290,0.105263158
Kerala,PALAKKAD,2014,Whole Year,Cashewnut,2353,609,0.25881853
Kerala,PALAKKAD,2014,Whole Year,Coconut,60687,442000000,7283.273189
Kerala,PALAKKAD,2014,Whole Year,Cowpea(Lobia),24,,
Kerala,PALAKKAD,2014,Whole Year,Dry ginger,1140,5154,4.521052632
Kerala,PALAKKAD,2014,Whole Year,Groundnut,480,692,1.441666667
Kerala,PALAKKAD,2014,Whole Year,Horse-gram,89,,
Kerala,PALAKKAD,2014,Whole Year,Jowar,173,128,0.739884393
Kerala,PALAKKAD,2014,Whole Year,Maize,64,64,1
Kerala,PALAKKAD,2014,Whole Year,Moong(Green Gram),8,,
Kerala,PALAKKAD,2014,Whole Year,Onion,57,,
Kerala,PALAKKAD,2014,Whole Year,Pump Kin,336,,
Kerala,PALAKKAD,2014,Whole Year,Ragi,77,76,0.987012987
Kerala,PALAKKAD,2014,Whole Year,Sesamum,23,3.96,0.172173913
Kerala,PALAKKAD,2014,Whole Year,Small millets,27,21,0.777777778
Kerala,PALAKKAD,2014,Whole Year,Soyabean,1,1.4,1.4
Kerala,PALAKKAD,2014,Whole Year,Sugarcane,371.81,3142,8.450552702
Kerala,PALAKKAD,2014,Whole Year,Sweet potato,110,1650,15
Kerala,PALAKKAD,2014,Whole Year,Tapioca,2631,78634,29.88749525
Kerala,PALAKKAD,2014,Whole Year,Turmeric,591,1629,2.756345178
Kerala,PALAKKAD,2014,Winter,Rice,42846,132295,3.087686132
Kerala,PATHANAMTHITTA,1997,Whole Year,Arecanut,1306,1873,1.434150077
Kerala,PATHANAMTHITTA,1997,Whole Year,Black pepper,4420,1767,0.399773756
Kerala,PATHANAMTHITTA,1997,Whole Year,Cashewnut,1195,800,0.669456067
Kerala,PATHANAMTHITTA,1997,Whole Year,Coconut,26032,163000,6.261524278
Kerala,PATHANAMTHITTA,1997,Whole Year,Tapioca,7338,159359,21.71695285
Kerala,PATHANAMTHITTA,1998,Autumn,Rice,1372,2499,1.821428571
Kerala,PATHANAMTHITTA,1998,Kharif,Sesamum,16,12,0.75
Kerala,PATHANAMTHITTA,1998,Summer,Rice,2960,10424,3.521621622
Kerala,PATHANAMTHITTA,1998,Whole Year,Arecanut,1146,923,0.805410122
Kerala,PATHANAMTHITTA,1998,Whole Year,Banana,1213,16980,13.9983512
Kerala,PATHANAMTHITTA,1998,Whole Year,Black pepper,3793,1097,0.289216979
Kerala,PATHANAMTHITTA,1998,Whole Year,Cardamom,664,46,0.069277108
Kerala,PATHANAMTHITTA,1998,Whole Year,Cashewnut,1050,403,0.383809524
Kerala,PATHANAMTHITTA,1998,Whole Year,Coconut,21994,118000000,5365.099573
Kerala,PATHANAMTHITTA,1998,Whole Year,Dry chillies,2,2,1
Kerala,PATHANAMTHITTA,1998,Whole Year,Dry ginger,387,997,2.57622739
Kerala,PATHANAMTHITTA,1998,Whole Year,Sugarcane,227,12580,55.4185022
Kerala,PATHANAMTHITTA,1998,Whole Year,Tapioca,6076,165089,27.17067149
Kerala,PATHANAMTHITTA,1998,Whole Year,Turmeric,70,115,1.642857143
Kerala,PATHANAMTHITTA,1998,Winter,Rice,3165,6544,2.067614534
Kerala,PATHANAMTHITTA,1999,Autumn,Rice,1000,1967,1.967
Kerala,PATHANAMTHITTA,1999,Kharif,Sesamum,8,3,0.375
Kerala,PATHANAMTHITTA,1999,Summer,Rice,3036,10667,3.513504611
Kerala,PATHANAMTHITTA,1999,Whole Year,Arecanut,1213,1105,0.910964551
Kerala,PATHANAMTHITTA,1999,Whole Year,Banana,1669,16865,10.10485321
Kerala,PATHANAMTHITTA,1999,Whole Year,Black pepper,4224,912,0.215909091
Kerala,PATHANAMTHITTA,1999,Whole Year,Cardamom,664,61,0.09186747
Kerala,PATHANAMTHITTA,1999,Whole Year,Cashewnut,1044,419,0.401340996
Kerala,PATHANAMTHITTA,1999,Whole Year,Coconut,22769,131000000,5753.43669
Kerala,PATHANAMTHITTA,1999,Whole Year,Dry chillies,3,3,1
Kerala,PATHANAMTHITTA,1999,Whole Year,Dry ginger,442,1295,2.929864253
Kerala,PATHANAMTHITTA,1999,Whole Year,Sugarcane,230,11240,48.86956522
Kerala,PATHANAMTHITTA,1999,Whole Year,Tapioca,6877,157998,22.97484368
Kerala,PATHANAMTHITTA,1999,Whole Year,Turmeric,103,169,1.640776699
Kerala,PATHANAMTHITTA,1999,Winter,Rice,2680,6005,2.240671642
Kerala,PATHANAMTHITTA,2000,Autumn,Rice,1070,2214,2.069158879
Kerala,PATHANAMTHITTA,2000,Kharif,Sesamum,1,,
Kerala,PATHANAMTHITTA,2000,Summer,Rice,2557,8975,3.509972624
Kerala,PATHANAMTHITTA,2000,Whole Year,Arecanut,1269,1071,0.843971631
Kerala,PATHANAMTHITTA,2000,Whole Year,Banana,1975,13354,6.761518987
Kerala,PATHANAMTHITTA,2000,Whole Year,Black pepper,5059,1228,0.242735719
Kerala,PATHANAMTHITTA,2000,Whole Year,Cardamom,664,67,0.100903614
Kerala,PATHANAMTHITTA,2000,Whole Year,Cashewnut,1074,522,0.48603352
Kerala,PATHANAMTHITTA,2000,Whole Year,Coconut,22794,126000000,5527.770466
Kerala,PATHANAMTHITTA,2000,Whole Year,Dry ginger,490,1480,3.020408163
Kerala,PATHANAMTHITTA,2000,Whole Year,Sugarcane,224,10950,48.88392857
Kerala,PATHANAMTHITTA,2000,Whole Year,Tapioca,7681,167849,21.85249316
Kerala,PATHANAMTHITTA,2000,Whole Year,Turmeric,72,109,1.513888889
Kerala,PATHANAMTHITTA,2000,Winter,Rice,2652,5970,2.251131222
Kerala,PATHANAMTHITTA,2001,Autumn,Rice,801,1729,2.15855181
Kerala,PATHANAMTHITTA,2001,Kharif,Sesamum,2,,
Kerala,PATHANAMTHITTA,2001,Summer,Rice,2299,6215,2.703349282
Kerala,PATHANAMTHITTA,2001,Whole Year,Arecanut,1345,1071,0.796282528
Kerala,PATHANAMTHITTA,2001,Whole Year,Banana,2083,15173,7.284205473
Kerala,PATHANAMTHITTA,2001,Whole Year,Black pepper,5613,1455,0.259219669
Kerala,PATHANAMTHITTA,2001,Whole Year,Cardamom,664,77,0.115963855
Kerala,PATHANAMTHITTA,2001,Whole Year,Cashewnut,1137,524,0.460861917
Kerala,PATHANAMTHITTA,2001,Whole Year,Coconut,22696,124000000,5463.5178
Kerala,PATHANAMTHITTA,2001,Whole Year,Dry ginger,482,1351,2.802904564
Kerala,PATHANAMTHITTA,2001,Whole Year,Rubber,47862,62502,1.305879403
Kerala,PATHANAMTHITTA,2001,Whole Year,Sugarcane,142,6940,48.87323944
Kerala,PATHANAMTHITTA,2001,Whole Year,Tapioca,8833,199315,22.56481377
Kerala,PATHANAMTHITTA,2001,Whole Year,Turmeric,69,117,1.695652174
Kerala,PATHANAMTHITTA,2001,Winter,Rice,2118,4911,2.318696884
Kerala,PATHANAMTHITTA,2002,Autumn,Rice,815,1639,2.011042945
Kerala,PATHANAMTHITTA,2002,Kharif,Sesamum,1,,
Kerala,PATHANAMTHITTA,2002,Summer,Rice,2380,6992,2.937815126
Kerala,PATHANAMTHITTA,2002,Whole Year,Arecanut,1343,1317,0.980640357
Kerala,PATHANAMTHITTA,2002,Whole Year,Banana,2055,18389,8.948418491
Kerala,PATHANAMTHITTA,2002,Whole Year,Bhindi,48,0,0
Kerala,PATHANAMTHITTA,2002,Whole Year,Bitter Gourd,85,0,0
Kerala,PATHANAMTHITTA,2002,Whole Year,Black pepper,5214,1231,0.236095129
Kerala,PATHANAMTHITTA,2002,Whole Year,Brinjal,57,0,0
Kerala,PATHANAMTHITTA,2002,Whole Year,Cardamom,664,78,0.11746988
Kerala,PATHANAMTHITTA,2002,Whole Year,Cashewnut,1107,527,0.476061427
Kerala,PATHANAMTHITTA,2002,Whole Year,Cashewnut Raw,1107,527,0.476061427
Kerala,PATHANAMTHITTA,2002,Whole Year,Coconut,21764,122000000,5605.587208
Kerala,PATHANAMTHITTA,2002,Whole Year,Drum Stick,615,632,1.027642276
Kerala,PATHANAMTHITTA,2002,Whole Year,Dry ginger,619,1536,2.481421648
Kerala,PATHANAMTHITTA,2002,Whole Year,Jack Fruit,2903,16,0.00551154
Kerala,PATHANAMTHITTA,2002,Whole Year,Mango,1630,13013,7.983435583
Kerala,PATHANAMTHITTA,2002,Whole Year,Other Fresh Fruits,875,0,0
Kerala,PATHANAMTHITTA,2002,Whole Year,other oilseeds,27,0,0
Kerala,PATHANAMTHITTA,2002,Whole Year,Other Vegetables,5496,0,0
Kerala,PATHANAMTHITTA,2002,Whole Year,Papaya,681,3762,5.524229075
Kerala,PATHANAMTHITTA,2002,Whole Year,Pineapple,235,1582,6.731914894
Kerala,PATHANAMTHITTA,2002,Whole Year,Rubber,47905,62833,1.311616741
Kerala,PATHANAMTHITTA,2002,Whole Year,Snak Guard,59,0,0
Kerala,PATHANAMTHITTA,2002,Whole Year,Sugarcane,95,4640,48.84210526
Kerala,PATHANAMTHITTA,2002,Whole Year,Sweet potato,4,44,11
Kerala,PATHANAMTHITTA,2002,Whole Year,Tapioca,7614,186265,24.46348831
Kerala,PATHANAMTHITTA,2002,Whole Year,Tea,1348,0.1,7.4184E-05
Kerala,PATHANAMTHITTA,2002,Whole Year,Turmeric,102,144,1.411764706
Kerala,PATHANAMTHITTA,2002,Winter,Rice,2236,4890,2.186940966
Kerala,PATHANAMTHITTA,2003,Autumn,Rice,683,1437,2.103953148
Kerala,PATHANAMTHITTA,2003,Kharif,Sesamum,12,2,0.166666667
Kerala,PATHANAMTHITTA,2003,Summer,Rice,2009,5299,2.637630662
Kerala,PATHANAMTHITTA,2003,Whole Year,Arecanut,1488,1289,0.866263441
Kerala,PATHANAMTHITTA,2003,Whole Year,Banana,2343,18070,7.712334614
Kerala,PATHANAMTHITTA,2003,Whole Year,Bhindi,37,0,0
Kerala,PATHANAMTHITTA,2003,Whole Year,Bitter Gourd,84,0,0
Kerala,PATHANAMTHITTA,2003,Whole Year,Black pepper,5154,1356,0.263096624
Kerala,PATHANAMTHITTA,2003,Whole Year,Brinjal,83,0,0
Kerala,PATHANAMTHITTA,2003,Whole Year,Cardamom,664,79,0.118975904
Kerala,PATHANAMTHITTA,2003,Whole Year,Cashewnut,1149,631,0.549173194
Kerala,PATHANAMTHITTA,2003,Whole Year,Coconut,21660,121000000,5586.334257
Kerala,PATHANAMTHITTA,2003,Whole Year,Drum Stick,628,647,1.030254777
Kerala,PATHANAMTHITTA,2003,Whole Year,Dry ginger,470,1150,2.446808511
Kerala,PATHANAMTHITTA,2003,Whole Year,Jack Fruit,2997,15,0.005005005
Kerala,PATHANAMTHITTA,2003,Whole Year,Mango,1684,12529,7.440023753
Kerala,PATHANAMTHITTA,2003,Whole Year,Other Fresh Fruits,766,0,0
Kerala,PATHANAMTHITTA,2003,Whole Year,Other Vegetables,4546,0,0
Kerala,PATHANAMTHITTA,2003,Whole Year,Papaya,698,3853,5.520057307
Kerala,PATHANAMTHITTA,2003,Whole Year,Pineapple,279,1798,6.444444444
Kerala,PATHANAMTHITTA,2003,Whole Year,Snak Guard,88,0,0
Kerala,PATHANAMTHITTA,2003,Whole Year,Sugarcane,129,6300,48.8372093
Kerala,PATHANAMTHITTA,2003,Whole Year,Tapioca,7524,184733,24.55249867
Kerala,PATHANAMTHITTA,2003,Whole Year,Turmeric,95,159,1.673684211
Kerala,PATHANAMTHITTA,2003,Winter,Rice,2570,5905,2.29766537
Kerala,PATHANAMTHITTA,2004,Autumn,Rice,834,1852,2.220623501
Kerala,PATHANAMTHITTA,2004,Kharif,Sesamum,3,1,0.333333333
Kerala,PATHANAMTHITTA,2004,Summer,Rice,1702,4699,2.760869565
Kerala,PATHANAMTHITTA,2004,Whole Year,Arecanut,1467,1216,0.828902522
Kerala,PATHANAMTHITTA,2004,Whole Year,Banana,2483,17659,7.111961337
Kerala,PATHANAMTHITTA,2004,Whole Year,Black pepper,5651,1328,0.235002654
Kerala,PATHANAMTHITTA,2004,Whole Year,Cardamom,664,82,0.123493976
Kerala,PATHANAMTHITTA,2004,Whole Year,Cashewnut,1141,636,0.557405784
Kerala,PATHANAMTHITTA,2004,Whole Year,Coconut,21739,114000000,5244.031464
Kerala,PATHANAMTHITTA,2004,Whole Year,Dry ginger,526,1358,2.581749049
Kerala,PATHANAMTHITTA,2004,Whole Year,Sugarcane,123,6010,48.86178862
Kerala,PATHANAMTHITTA,2004,Whole Year,Tapioca,7991,226993,28.40608184
Kerala,PATHANAMTHITTA,2004,Whole Year,Turmeric,126,234,1.857142857
Kerala,PATHANAMTHITTA,2004,Winter,Rice,1803,4233,2.347753744
Kerala,PATHANAMTHITTA,2005,Autumn,Rice,772,1549,2.006476684
Kerala,PATHANAMTHITTA,2005,Kharif,Sesamum,10,3,0.3
Kerala,PATHANAMTHITTA,2005,Summer,Rice,955,2460,2.57591623
Kerala,PATHANAMTHITTA,2005,Whole Year,Arecanut,1462,1637,1.119699042
Kerala,PATHANAMTHITTA,2005,Whole Year,Banana,2583,23302,9.02129307
Kerala,PATHANAMTHITTA,2005,Whole Year,Black pepper,5529,1419,0.256646772
Kerala,PATHANAMTHITTA,2005,Whole Year,Cardamom,664,9,0.013554217
Kerala,PATHANAMTHITTA,2005,Whole Year,Cashewnut,1048,528,0.503816794
Kerala,PATHANAMTHITTA,2005,Whole Year,Coconut,21375,119000000,5567.251462
Kerala,PATHANAMTHITTA,2005,Whole Year,Dry ginger,632,1908,3.018987342
Kerala,PATHANAMTHITTA,2005,Whole Year,Sugarcane,55,2020,36.72727273
Kerala,PATHANAMTHITTA,2005,Whole Year,Sweet potato,7,77,11
Kerala,PATHANAMTHITTA,2005,Whole Year,Tapioca,7868,255006,32.41052364
Kerala,PATHANAMTHITTA,2005,Whole Year,Turmeric,137,263,1.919708029
Kerala,PATHANAMTHITTA,2005,Winter,Rice,1564,3509,2.243606138
Kerala,PATHANAMTHITTA,2006,Autumn,Rice,230,550,2.391304348
Kerala,PATHANAMTHITTA,2006,Kharif,Sesamum,1,,
Kerala,PATHANAMTHITTA,2006,Summer,Rice,952,3128,3.285714286
Kerala,PATHANAMTHITTA,2006,Whole Year,Arecanut,1346,1003,0.745170877
Kerala,PATHANAMTHITTA,2006,Whole Year,Banana,2599,21447,8.252020008
Kerala,PATHANAMTHITTA,2006,Whole Year,Black pepper,4919,1434,0.291522667
Kerala,PATHANAMTHITTA,2006,Whole Year,Cardamom,664,8,0.012048193
Kerala,PATHANAMTHITTA,2006,Whole Year,Cashewnut,1025,458,0.446829268
Kerala,PATHANAMTHITTA,2006,Whole Year,Coconut,18842,109000000,5784.948519
Kerala,PATHANAMTHITTA,2006,Whole Year,Dry ginger,604,1797,2.975165563
Kerala,PATHANAMTHITTA,2006,Whole Year,Sugarcane,36,1200,33.33333333
Kerala,PATHANAMTHITTA,2006,Whole Year,Sweet potato,5,55,11
Kerala,PATHANAMTHITTA,2006,Whole Year,Tapioca,7000,246963,35.28042857
Kerala,PATHANAMTHITTA,2006,Whole Year,Turmeric,103,174,1.689320388
Kerala,PATHANAMTHITTA,2006,Winter,Rice,1434,3423,2.387029289
Kerala,PATHANAMTHITTA,2007,Autumn,Rice,105,241,2.295238095
Kerala,PATHANAMTHITTA,2007,Kharif,Sesamum,1,,
Kerala,PATHANAMTHITTA,2007,Summer,Rice,1329,3040,2.287434161
Kerala,PATHANAMTHITTA,2007,Whole Year,Arecanut,1212,593,0.489273927
Kerala,PATHANAMTHITTA,2007,Whole Year,Banana,2513,20270,8.066056506
Kerala,PATHANAMTHITTA,2007,Whole Year,Black pepper,3934,1191,0.302745297
Kerala,PATHANAMTHITTA,2007,Whole Year,Cardamom,664,6,0.009036145
Kerala,PATHANAMTHITTA,2007,Whole Year,Cashewnut,893,303,0.339305711
Kerala,PATHANAMTHITTA,2007,Whole Year,Coconut,17903,107000000,5976.651958
Kerala,PATHANAMTHITTA,2007,Whole Year,Dry ginger,545,1777,3.260550459
Kerala,PATHANAMTHITTA,2007,Whole Year,Sugarcane,45,440,9.777777778
Kerala,PATHANAMTHITTA,2007,Whole Year,Sweet potato,3,33,11
Kerala,PATHANAMTHITTA,2007,Whole Year,Tapioca,6783,253419,37.36090226
Kerala,PATHANAMTHITTA,2007,Whole Year,Turmeric,92,167,1.815217391
Kerala,PATHANAMTHITTA,2007,Winter,Rice,567,1350,2.380952381
Kerala,PATHANAMTHITTA,2008,Autumn,Rice,130,303,2.330769231
Kerala,PATHANAMTHITTA,2008,Summer,Rice,1687,4941,2.928867813
Kerala,PATHANAMTHITTA,2008,Whole Year,Arecanut,1082,555,0.512939002
Kerala,PATHANAMTHITTA,2008,Whole Year,Banana,1994,15715,7.88114343
Kerala,PATHANAMTHITTA,2008,Whole Year,Black pepper,3612,986,0.272978959
Kerala,PATHANAMTHITTA,2008,Whole Year,Cardamom,664,12,0.018072289
Kerala,PATHANAMTHITTA,2008,Whole Year,Cashewnut,704,253,0.359375
Kerala,PATHANAMTHITTA,2008,Whole Year,Coconut,16632,111000000,6673.881674
Kerala,PATHANAMTHITTA,2008,Whole Year,Dry ginger,166,463,2.789156627
Kerala,PATHANAMTHITTA,2008,Whole Year,Sugarcane,14,3210,229.2857143
Kerala,PATHANAMTHITTA,2008,Whole Year,Sweet potato,2,22,11
Kerala,PATHANAMTHITTA,2008,Whole Year,Tapioca,6454,235436,36.47908274
Kerala,PATHANAMTHITTA,2008,Whole Year,Turmeric,43,83,1.930232558
Kerala,PATHANAMTHITTA,2008,Winter,Rice,864,2155,2.494212963
Kerala,PATHANAMTHITTA,2009,Autumn,Rice,185,466,2.518918919
Kerala,PATHANAMTHITTA,2009,Summer,Rice,2208,5782,2.61865942
Kerala,PATHANAMTHITTA,2009,Whole Year,Arecanut,1104,615,0.557065217
Kerala,PATHANAMTHITTA,2009,Whole Year,Banana,2032,16860,8.297244094
Kerala,PATHANAMTHITTA,2009,Whole Year,Black pepper,3598,850,0.236242357
Kerala,PATHANAMTHITTA,2009,Whole Year,Cardamom,664,11,0.016566265
Kerala,PATHANAMTHITTA,2009,Whole Year,Cashewnut,658,254,0.386018237
Kerala,PATHANAMTHITTA,2009,Whole Year,Coconut,16213,114000000,7031.39456
Kerala,PATHANAMTHITTA,2009,Whole Year,Dry ginger,305,860,2.819672131
Kerala,PATHANAMTHITTA,2009,Whole Year,Sugarcane,9,720,80
Kerala,PATHANAMTHITTA,2009,Whole Year,Sweet potato,1,11,11
Kerala,PATHANAMTHITTA,2009,Whole Year,Tapioca,6440,293652,45.59813665
Kerala,PATHANAMTHITTA,2009,Whole Year,Turmeric,77,125,1.623376623
Kerala,PATHANAMTHITTA,2009,Winter,Rice,603,1490,2.470978441
Kerala,PATHANAMTHITTA,2010,Autumn,Rice,112.56,245.28,2.179104478
Kerala,PATHANAMTHITTA,2010,Summer,Rice,2393.46,5289.7,2.210064091
Kerala,PATHANAMTHITTA,2010,Whole Year,Arecanut,1118.41,674.23,0.602846899
Kerala,PATHANAMTHITTA,2010,Whole Year,Banana,2061.47,16321.3,7.917311433
Kerala,PATHANAMTHITTA,2010,Whole Year,Black pepper,3420.93,782.1,0.228622041
Kerala,PATHANAMTHITTA,2010,Whole Year,Cashewnut,596.9,204.07,0.341883062
Kerala,PATHANAMTHITTA,2010,Whole Year,Coconut,15626.74,112043000,7169.953554
Kerala,PATHANAMTHITTA,2010,Whole Year,Dry ginger,323.56,985.4,3.045493881
Kerala,PATHANAMTHITTA,2010,Whole Year,Sugarcane,23.75,1021.25,43
Kerala,PATHANAMTHITTA,2010,Whole Year,Tapioca,6124.23,235256.85,38.41411084
Kerala,PATHANAMTHITTA,2010,Whole Year,Turmeric,91.6,171.8,1.875545852
Kerala,PATHANAMTHITTA,2010,Winter,Rice,479.99,1092.54,2.27617242
Kerala,PATHANAMTHITTA,2011,Autumn,Rice,45.42,96.02,2.114046675
Kerala,PATHANAMTHITTA,2011,Summer,Rice,2282.25,7513.28,3.292049513
Kerala,PATHANAMTHITTA,2011,Whole Year,Arecanut,1219.11,754.1,0.618566003
Kerala,PATHANAMTHITTA,2011,Whole Year,Banana,1966.23,15631.45,7.949960076
Kerala,PATHANAMTHITTA,2011,Whole Year,Black pepper,1733.21,858.93,0.4955718
Kerala,PATHANAMTHITTA,2011,Whole Year,Cardamom,664,12,0.018072289
Kerala,PATHANAMTHITTA,2011,Whole Year,Cashewnut,620.91,201.6,0.324684737
Kerala,PATHANAMTHITTA,2011,Whole Year,Coconut,16184.56,137055000,8468.256165
Kerala,PATHANAMTHITTA,2011,Whole Year,Dry ginger,313.77,1009.04,3.21585875
Kerala,PATHANAMTHITTA,2011,Whole Year,Potato,2,22,11
Kerala,PATHANAMTHITTA,2011,Whole Year,Sugarcane,25.28,1119,44.26424051
Kerala,PATHANAMTHITTA,2011,Whole Year,Tapioca,6001.19,232745.84,38.78328132
Kerala,PATHANAMTHITTA,2011,Whole Year,Turmeric,91.16,189.39,2.077555946
Kerala,PATHANAMTHITTA,2011,Winter,Rice,474.82,1380.16,2.906701487
Kerala,PATHANAMTHITTA,2012,Autumn,Rice,34,92,2.705882353
Kerala,PATHANAMTHITTA,2012,Summer,Rice,1847,4965,2.688142934
Kerala,PATHANAMTHITTA,2012,Whole Year,Arecanut,1197,766,0.639933166
Kerala,PATHANAMTHITTA,2012,Whole Year,Banana,2020,15210,7.52970297
Kerala,PATHANAMTHITTA,2012,Whole Year,Black pepper,1692,753,0.445035461
Kerala,PATHANAMTHITTA,2012,Whole Year,Cardamom,664,24,0.036144578
Kerala,PATHANAMTHITTA,2012,Whole Year,Cashewnut,532,161,0.302631579
Kerala,PATHANAMTHITTA,2012,Whole Year,Coconut,15433,110000000,7127.583749
Kerala,PATHANAMTHITTA,2012,Whole Year,Drum Stick,441,291,0.659863946
Kerala,PATHANAMTHITTA,2012,Whole Year,Dry ginger,294,814,2.768707483
Kerala,PATHANAMTHITTA,2012,Whole Year,Jack Fruit,2554,,
Kerala,PATHANAMTHITTA,2012,Whole Year,Mango,1520,8644,5.686842105
Kerala,PATHANAMTHITTA,2012,Whole Year,Papaya,630,6003,9.528571429
Kerala,PATHANAMTHITTA,2012,Whole Year,Pineapple,168,1294,7.702380952
Kerala,PATHANAMTHITTA,2012,Whole Year,Pump Kin,36,,
Kerala,PATHANAMTHITTA,2012,Whole Year,Sugarcane,10,44,4.4
Kerala,PATHANAMTHITTA,2012,Whole Year,Tapioca,5420,214843,39.63892989
Kerala,PATHANAMTHITTA,2012,Whole Year,Turmeric,73,135,1.849315068
Kerala,PATHANAMTHITTA,2012,Winter,Rice,399,984,2.466165414
Kerala,PATHANAMTHITTA,2013,Autumn,Rice,8,18,2.25
Kerala,PATHANAMTHITTA,2013,Summer,Rice,1970,6304,3.2
Kerala,PATHANAMTHITTA,2013,Whole Year,Arecanut,1210,833,0.688429752
Kerala,PATHANAMTHITTA,2013,Whole Year,Banana,2096,15265,7.282919847
Kerala,PATHANAMTHITTA,2013,Whole Year,Black pepper,1653,738,0.44646098
Kerala,PATHANAMTHITTA,2013,Whole Year,Cardamom,665,8,0.012030075
Kerala,PATHANAMTHITTA,2013,Whole Year,Cashewnut,475,135,0.284210526
Kerala,PATHANAMTHITTA,2013,Whole Year,Coconut,15606,98000000,6279.636037
Kerala,PATHANAMTHITTA,2013,Whole Year,Cowpea(Lobia),14,,
Kerala,PATHANAMTHITTA,2013,Whole Year,Drum Stick,498,329,0.66064257
Kerala,PATHANAMTHITTA,2013,Whole Year,Dry ginger,276,834,3.02173913
Kerala,PATHANAMTHITTA,2013,Whole Year,Mango,1714,9274,5.410735123
Kerala,PATHANAMTHITTA,2013,Whole Year,Pump Kin,38,,
Kerala,PATHANAMTHITTA,2013,Whole Year,Sugarcane,16,169,10.5625
Kerala,PATHANAMTHITTA,2013,Whole Year,Sweet potato,1,11,11
Kerala,PATHANAMTHITTA,2013,Whole Year,Tapioca,5082,214215,42.15171192
Kerala,PATHANAMTHITTA,2013,Whole Year,Turmeric,73,130,1.780821918
Kerala,PATHANAMTHITTA,2013,Winter,Rice,489,1232,2.519427403
Kerala,PATHANAMTHITTA,2014,Autumn,Rice,35,53,1.514285714
Kerala,PATHANAMTHITTA,2014,Summer,Rice,2084,6214,2.981765835
Kerala,PATHANAMTHITTA,2014,Whole Year,Arecanut,1182,840,0.710659898
Kerala,PATHANAMTHITTA,2014,Whole Year,Banana,2182,17091,7.832722273
Kerala,PATHANAMTHITTA,2014,Whole Year,Black pepper,1661,705,0.424443107
Kerala,PATHANAMTHITTA,2014,Whole Year,Cardamom,665,8,0.012030075
Kerala,PATHANAMTHITTA,2014,Whole Year,Cashewnut,455,121,0.265934066
Kerala,PATHANAMTHITTA,2014,Whole Year,Coconut,15803,92000000,5821.679428
Kerala,PATHANAMTHITTA,2014,Whole Year,Cowpea(Lobia),12,,
Kerala,PATHANAMTHITTA,2014,Whole Year,Dry ginger,289,1044,3.612456747
Kerala,PATHANAMTHITTA,2014,Whole Year,Pump Kin,45,,
Kerala,PATHANAMTHITTA,2014,Whole Year,Sugarcane,5.3,53,10
Kerala,PATHANAMTHITTA,2014,Whole Year,Sweet potato,1,12,12
Kerala,PATHANAMTHITTA,2014,Whole Year,Tapioca,5356,233420,43.58103062
Kerala,PATHANAMTHITTA,2014,Whole Year,Turmeric,76,170,2.236842105
Kerala,PATHANAMTHITTA,2014,Winter,Rice,473,1306,2.761099366
Kerala,THIRUVANANTHAPURAM,1997,Whole Year,Arecanut,1079,491,0.455050973
Kerala,THIRUVANANTHAPURAM,1997,Whole Year,Black pepper,5559,1492,0.268393596
Kerala,THIRUVANANTHAPURAM,1997,Whole Year,Cashewnut,2839,2178,0.767171539
Kerala,THIRUVANANTHAPURAM,1997,Whole Year,Coconut,112601,592000,5.257502154
Kerala,THIRUVANANTHAPURAM,1997,Whole Year,Tapioca,39434,730475,18.52398945
Kerala,THIRUVANANTHAPURAM,1998,Autumn,Rice,4798,8892,1.853272197
Kerala,THIRUVANANTHAPURAM,1998,Kharif,Groundnut,2,1,0.5
Kerala,THIRUVANANTHAPURAM,1998,Summer,Rice,16,5,0.3125
Kerala,THIRUVANANTHAPURAM,1998,Whole Year,Arecanut,827,455,0.550181378
Kerala,THIRUVANANTHAPURAM,1998,Whole Year,Banana,1389,15859,11.41756659
Kerala,THIRUVANANTHAPURAM,1998,Whole Year,Black pepper,5800,1953,0.336724138
Kerala,THIRUVANANTHAPURAM,1998,Whole Year,Cashewnut,2466,2417,0.980129765
Kerala,THIRUVANANTHAPURAM,1998,Whole Year,Coconut,91271,555000000,6080.792366
Kerala,THIRUVANANTHAPURAM,1998,Whole Year,Dry chillies,3,3,1
Kerala,THIRUVANANTHAPURAM,1998,Whole Year,Dry ginger,80,232,2.9
Kerala,THIRUVANANTHAPURAM,1998,Whole Year,Sugarcane,2,150,75
Kerala,THIRUVANANTHAPURAM,1998,Whole Year,Sweet potato,40,454,11.35
Kerala,THIRUVANANTHAPURAM,1998,Whole Year,Tapioca,26631,566484,21.27160077
Kerala,THIRUVANANTHAPURAM,1998,Whole Year,Turmeric,70,159,2.271428571
Kerala,THIRUVANANTHAPURAM,1998,Winter,Rice,4784,8792,1.837792642
Kerala,THIRUVANANTHAPURAM,1999,Autumn,Rice,3705,8206,2.214844804
Kerala,THIRUVANANTHAPURAM,1999,Summer,Rice,50,85,1.7
Kerala,THIRUVANANTHAPURAM,1999,Whole Year,Arecanut,904,467,0.51659292
Kerala,THIRUVANANTHAPURAM,1999,Whole Year,Banana,1599,16134,10.09005629
Kerala,THIRUVANANTHAPURAM,1999,Whole Year,Black pepper,5775,1377,0.238441558
Kerala,THIRUVANANTHAPURAM,1999,Whole Year,Cashewnut,2804,1406,0.501426534
Kerala,THIRUVANANTHAPURAM,1999,Whole Year,Coconut,91362,608000000,6654.845559
Kerala,THIRUVANANTHAPURAM,1999,Whole Year,Dry chillies,5,5,1
Kerala,THIRUVANANTHAPURAM,1999,Whole Year,Dry ginger,77,254,3.298701299
Kerala,THIRUVANANTHAPURAM,1999,Whole Year,Sweet potato,47,533,11.34042553
Kerala,THIRUVANANTHAPURAM,1999,Whole Year,Tapioca,25981,530595,20.42242408
Kerala,THIRUVANANTHAPURAM,1999,Whole Year,Turmeric,52,118,2.269230769
Kerala,THIRUVANANTHAPURAM,1999,Winter,Rice,4214,9259,2.19719981
Kerala,THIRUVANANTHAPURAM,2000,Autumn,Rice,3388,7216,2.12987013
Kerala,THIRUVANANTHAPURAM,2000,Kharif,Groundnut,1,,
Kerala,THIRUVANANTHAPURAM,2000,Summer,Rice,9,8,0.888888889
Kerala,THIRUVANANTHAPURAM,2000,Whole Year,Arecanut,1104,538,0.487318841
Kerala,THIRUVANANTHAPURAM,2000,Whole Year,Banana,2149,13668,6.36016752
Kerala,THIRUVANANTHAPURAM,2000,Whole Year,Black pepper,5668,1705,0.300811574
Kerala,THIRUVANANTHAPURAM,2000,Whole Year,Cardamom,5,,
Kerala,THIRUVANANTHAPURAM,2000,Whole Year,Cashewnut,2734,1252,0.457937089
Kerala,THIRUVANANTHAPURAM,2000,Whole Year,Coconut,88663,635000000,7161.950306
Kerala,THIRUVANANTHAPURAM,2000,Whole Year,Dry ginger,103,312,3.029126214
Kerala,THIRUVANANTHAPURAM,2000,Whole Year,Sugarcane,2,200,100
Kerala,THIRUVANANTHAPURAM,2000,Whole Year,Sweet potato,56,635,11.33928571
Kerala,THIRUVANANTHAPURAM,2000,Whole Year,Tapioca,27084,468213,17.28743908
Kerala,THIRUVANANTHAPURAM,2000,Whole Year,Turmeric,32,40,1.25
Kerala,THIRUVANANTHAPURAM,2000,Winter,Rice,3598,7245,2.013618677
Kerala,THIRUVANANTHAPURAM,2001,Autumn,Rice,3336,7335,2.198741007
Kerala,THIRUVANANTHAPURAM,2001,Kharif,Sesamum,1,1,1
Kerala,THIRUVANANTHAPURAM,2001,Summer,Rice,8,6,0.75
Kerala,THIRUVANANTHAPURAM,2001,Whole Year,Arecanut,1106,493,0.445750452
Kerala,THIRUVANANTHAPURAM,2001,Whole Year,Banana,2333,13637,5.845263609
Kerala,THIRUVANANTHAPURAM,2001,Whole Year,Black pepper,6376,1642,0.257528231
Kerala,THIRUVANANTHAPURAM,2001,Whole Year,Cardamom,4,,
Kerala,THIRUVANANTHAPURAM,2001,Whole Year,Cashewnut,2461,988,0.40146282
Kerala,THIRUVANANTHAPURAM,2001,Whole Year,Coconut,88604,627000000,7076.429958
Kerala,THIRUVANANTHAPURAM,2001,Whole Year,Dry ginger,121,441,3.644628099
Kerala,THIRUVANANTHAPURAM,2001,Whole Year,Rubber,28296,33586,1.186952219
Kerala,THIRUVANANTHAPURAM,2001,Whole Year,Sugarcane,1,100,100
Kerala,THIRUVANANTHAPURAM,2001,Whole Year,Sweet potato,35,397,11.34285714
Kerala,THIRUVANANTHAPURAM,2001,Whole Year,Tapioca,25085,455574,18.16121188
Kerala,THIRUVANANTHAPURAM,2001,Whole Year,Tea,965,124,0.128497409
Kerala,THIRUVANANTHAPURAM,2001,Whole Year,Turmeric,30,60,2
Kerala,THIRUVANANTHAPURAM,2001,Winter,Rice,3466,7345,2.11915753
Kerala,THIRUVANANTHAPURAM,2002,Autumn,Rice,3189,7246,2.272185638
Kerala,THIRUVANANTHAPURAM,2002,Summer,Rice,3,3,1
Kerala,THIRUVANANTHAPURAM,2002,Whole Year,Arecanut,1216,520,0.427631579
Kerala,THIRUVANANTHAPURAM,2002,Whole Year,Banana,2496,16739,6.706330128
Kerala,THIRUVANANTHAPURAM,2002,Whole Year,Bhindi,26,0,0
Kerala,THIRUVANANTHAPURAM,2002,Whole Year,Bitter Gourd,128,0,0
Kerala,THIRUVANANTHAPURAM,2002,Whole Year,Black pepper,6569,1790,0.272492008
Kerala,THIRUVANANTHAPURAM,2002,Whole Year,Brinjal,27,0,0
Kerala,THIRUVANANTHAPURAM,2002,Whole Year,Cashewnut,2349,1097,0.467007237
Kerala,THIRUVANANTHAPURAM,2002,Whole Year,Cashewnut Raw,2349,1097,0.467007237
Kerala,THIRUVANANTHAPURAM,2002,Whole Year,Coconut,87118,606000000,6956.082555
Kerala,THIRUVANANTHAPURAM,2002,Whole Year,Drum Stick,2211,3566,1.612844867
Kerala,THIRUVANANTHAPURAM,2002,Whole Year,Dry ginger,106,282,2.660377358
Kerala,THIRUVANANTHAPURAM,2002,Whole Year,Jack Fruit,6615,31,0.004686319
Kerala,THIRUVANANTHAPURAM,2002,Whole Year,Mango,5006,25574,5.108669596
Kerala,THIRUVANANTHAPURAM,2002,Whole Year,Other Fresh Fruits,601,0,0
Kerala,THIRUVANANTHAPURAM,2002,Whole Year,other oilseeds,47,0,0
Kerala,THIRUVANANTHAPURAM,2002,Whole Year,Other Vegetables,2286,0,0
Kerala,THIRUVANANTHAPURAM,2002,Whole Year,Papaya,1041,6855,6.585014409
Kerala,THIRUVANANTHAPURAM,2002,Whole Year,Pineapple,298,2207,7.406040268
Kerala,THIRUVANANTHAPURAM,2002,Whole Year,Rubber,28415,34206,1.203800809
Kerala,THIRUVANANTHAPURAM,2002,Whole Year,Snak Guard,154,0,0
Kerala,THIRUVANANTHAPURAM,2002,Whole Year,Sweet potato,56,635,11.33928571
Kerala,THIRUVANANTHAPURAM,2002,Whole Year,Tapioca,23922,392510,16.40790904
Kerala,THIRUVANANTHAPURAM,2002,Whole Year,Tea,966,336,0.347826087
Kerala,THIRUVANANTHAPURAM,2002,Whole Year,Turmeric,45,72,1.6
Kerala,THIRUVANANTHAPURAM,2002,Winter,Rice,3231,6870,2.126276695
Kerala,THIRUVANANTHAPURAM,2003,Autumn,Rice,2551,5666,2.221089769
Kerala,THIRUVANANTHAPURAM,2003,Kharif,Small millets,4,3,0.75
Kerala,THIRUVANANTHAPURAM,2003,Summer,Rice,18,26,1.444444444
Kerala,THIRUVANANTHAPURAM,2003,Whole Year,Arecanut,1220,491,0.402459016
Kerala,THIRUVANANTHAPURAM,2003,Whole Year,Banana,2353,18872,8.02039949
Kerala,THIRUVANANTHAPURAM,2003,Whole Year,Bhindi,33,0,0
Kerala,THIRUVANANTHAPURAM,2003,Whole Year,Bitter Gourd,77,0,0
Kerala,THIRUVANANTHAPURAM,2003,Whole Year,Black pepper,6915,1758,0.254229935
Kerala,THIRUVANANTHAPURAM,2003,Whole Year,Brinjal,9,0,0
Kerala,THIRUVANANTHAPURAM,2003,Whole Year,Cashewnut,2239,909,0.405984815
Kerala,THIRUVANANTHAPURAM,2003,Whole Year,Coconut,85506,553000000,6467.382406
Kerala,THIRUVANANTHAPURAM,2003,Whole Year,Drum Stick,2227,3585,1.609788954
Kerala,THIRUVANANTHAPURAM,2003,Whole Year,Dry ginger,91,284,3.120879121
Kerala,THIRUVANANTHAPURAM,2003,Whole Year,Jack Fruit,6704,30,0.00447494
Kerala,THIRUVANANTHAPURAM,2003,Whole Year,Mango,4897,24264,4.954870329
Kerala,THIRUVANANTHAPURAM,2003,Whole Year,Other Fresh Fruits,510,0,0
Kerala,THIRUVANANTHAPURAM,2003,Whole Year,Other Vegetables,1986,0,0
Kerala,THIRUVANANTHAPURAM,2003,Whole Year,Papaya,1059,6979,6.590179415
Kerala,THIRUVANANTHAPURAM,2003,Whole Year,Pineapple,284,2005,7.059859155
Kerala,THIRUVANANTHAPURAM,2003,Whole Year,Snak Guard,104,0,0
Kerala,THIRUVANANTHAPURAM,2003,Whole Year,Sugarcane,2,0,0
Kerala,THIRUVANANTHAPURAM,2003,Whole Year,Sweet potato,34,385,11.32352941
Kerala,THIRUVANANTHAPURAM,2003,Whole Year,Tapioca,20621,422572,20.49231366
Kerala,THIRUVANANTHAPURAM,2003,Whole Year,Turmeric,38,82,2.157894737
Kerala,THIRUVANANTHAPURAM,2003,Winter,Rice,2802,5586,1.993576017
Kerala,THIRUVANANTHAPURAM,2004,Autumn,Rice,2621,6423,2.450591377
Kerala,THIRUVANANTHAPURAM,2004,Summer,Rice,2,3,1.5
Kerala,THIRUVANANTHAPURAM,2004,Whole Year,Arecanut,1263,547,0.433095804
Kerala,THIRUVANANTHAPURAM,2004,Whole Year,Banana,2492,15803,6.341492777
Kerala,THIRUVANANTHAPURAM,2004,Whole Year,Black pepper,7320,2028,0.27704918
Kerala,THIRUVANANTHAPURAM,2004,Whole Year,Cashewnut,2061,761,0.369238234
Kerala,THIRUVANANTHAPURAM,2004,Whole Year,Coconut,84073,568000000,6756.033447
Kerala,THIRUVANANTHAPURAM,2004,Whole Year,Dry ginger,103,306,2.970873786
Kerala,THIRUVANANTHAPURAM,2004,Whole Year,Sugarcane,3,,
Kerala,THIRUVANANTHAPURAM,2004,Whole Year,Sweet potato,31,351,11.32258065
Kerala,THIRUVANANTHAPURAM,2004,Whole Year,Tapioca,19833,467006,23.54691675
Kerala,THIRUVANANTHAPURAM,2004,Whole Year,Turmeric,59,85,1.440677966
Kerala,THIRUVANANTHAPURAM,2004,Winter,Rice,2573,5930,2.304702682
Kerala,THIRUVANANTHAPURAM,2005,Autumn,Rice,2178,5232,2.402203857
Kerala,THIRUVANANTHAPURAM,2005,Summer,Rice,14,24,1.714285714
Kerala,THIRUVANANTHAPURAM,2005,Whole Year,Arecanut,1249,690,0.552441954
Kerala,THIRUVANANTHAPURAM,2005,Whole Year,Banana,2575,17794,6.910291262
Kerala,THIRUVANANTHAPURAM,2005,Whole Year,Black pepper,6980,1710,0.244985673
Kerala,THIRUVANANTHAPURAM,2005,Whole Year,Cashewnut,1869,1087,0.581594436
Kerala,THIRUVANANTHAPURAM,2005,Whole Year,Coconut,84078,665000000,7909.322296
Kerala,THIRUVANANTHAPURAM,2005,Whole Year,Dry ginger,127,298,2.346456693
Kerala,THIRUVANANTHAPURAM,2005,Whole Year,Sugarcane,2,120,60
Kerala,THIRUVANANTHAPURAM,2005,Whole Year,Sweet potato,45,510,11.33333333
Kerala,THIRUVANANTHAPURAM,2005,Whole Year,Tapioca,19619,463702,23.63535348
Kerala,THIRUVANANTHAPURAM,2005,Whole Year,Turmeric,65,134,2.061538462
Kerala,THIRUVANANTHAPURAM,2005,Winter,Rice,2513,5778,2.299243932
Kerala,THIRUVANANTHAPURAM,2006,Autumn,Rice,1403,3602,2.567355666
Kerala,THIRUVANANTHAPURAM,2006,Kharif,Jowar,1,1,1
Kerala,THIRUVANANTHAPURAM,2006,Summer,Rice,73,187,2.561643836
Kerala,THIRUVANANTHAPURAM,2006,Whole Year,Arecanut,1074,789,0.734636872
Kerala,THIRUVANANTHAPURAM,2006,Whole Year,Banana,2257,15135,6.705804165
Kerala,THIRUVANANTHAPURAM,2006,Whole Year,Black pepper,6295,1450,0.230341541
Kerala,THIRUVANANTHAPURAM,2006,Whole Year,Cashewnut,1197,582,0.486215539
Kerala,THIRUVANANTHAPURAM,2006,Whole Year,Coconut,77463,603000000,7784.361566
Kerala,THIRUVANANTHAPURAM,2006,Whole Year,Dry ginger,89,247,2.775280899
Kerala,THIRUVANANTHAPURAM,2006,Whole Year,Sugarcane,1,20,20
Kerala,THIRUVANANTHAPURAM,2006,Whole Year,Sweet potato,23,261,11.34782609
Kerala,THIRUVANANTHAPURAM,2006,Whole Year,Tapioca,18122,418332,23.08420704
Kerala,THIRUVANANTHAPURAM,2006,Whole Year,Turmeric,28,51,1.821428571
Kerala,THIRUVANANTHAPURAM,2006,Winter,Rice,2373,6288,2.649810367
Kerala,THIRUVANANTHAPURAM,2007,Autumn,Rice,1309,3243,2.477463713
Kerala,THIRUVANANTHAPURAM,2007,Kharif,Groundnut,1,1,1
Kerala,THIRUVANANTHAPURAM,2007,Kharif,Ragi,1,1,1
Kerala,THIRUVANANTHAPURAM,2007,Summer,Rice,77,184,2.38961039
Kerala,THIRUVANANTHAPURAM,2007,Whole Year,Arecanut,1077,579,0.537604457
Kerala,THIRUVANANTHAPURAM,2007,Whole Year,Banana,2078,13159,6.33253128
Kerala,THIRUVANANTHAPURAM,2007,Whole Year,Black pepper,5557,1423,0.256073421
Kerala,THIRUVANANTHAPURAM,2007,Whole Year,Cardamom,5,,
Kerala,THIRUVANANTHAPURAM,2007,Whole Year,Cashewnut,1222,512,0.41898527
Kerala,THIRUVANANTHAPURAM,2007,Whole Year,Coconut,72473,562000000,7754.612062
Kerala,THIRUVANANTHAPURAM,2007,Whole Year,Dry ginger,94,248,2.638297872
Kerala,THIRUVANANTHAPURAM,2007,Whole Year,Sugarcane,1,40,40
Kerala,THIRUVANANTHAPURAM,2007,Whole Year,Sweet potato,16,182,11.375
Kerala,THIRUVANANTHAPURAM,2007,Whole Year,Tapioca,16538,413181,24.98373443
Kerala,THIRUVANANTHAPURAM,2007,Whole Year,Turmeric,53,97,1.830188679
Kerala,THIRUVANANTHAPURAM,2007,Winter,Rice,1481,3755,2.535449021
Kerala,THIRUVANANTHAPURAM,2008,Autumn,Rice,1350,3360,2.488888889
Kerala,THIRUVANANTHAPURAM,2008,Summer,Rice,116,306,2.637931034
Kerala,THIRUVANANTHAPURAM,2008,Whole Year,Arecanut,999,601,0.601601602
Kerala,THIRUVANANTHAPURAM,2008,Whole Year,Banana,2689,18858,7.013015991
Kerala,THIRUVANANTHAPURAM,2008,Whole Year,Black pepper,5683,1201,0.211332043
Kerala,THIRUVANANTHAPURAM,2008,Whole Year,Cashewnut,1024,443,0.432617188
Kerala,THIRUVANANTHAPURAM,2008,Whole Year,Coconut,71675,600000000,8371.119637
Kerala,THIRUVANANTHAPURAM,2008,Whole Year,Dry ginger,95,291,3.063157895
Kerala,THIRUVANANTHAPURAM,2008,Whole Year,Sweet potato,18,204,11.33333333
Kerala,THIRUVANANTHAPURAM,2008,Whole Year,Tapioca,20288,525897,25.92157926
Kerala,THIRUVANANTHAPURAM,2008,Whole Year,Turmeric,58,124,2.137931034
Kerala,THIRUVANANTHAPURAM,2008,Winter,Rice,1529,3608,2.35971223
Kerala,THIRUVANANTHAPURAM,2009,Autumn,Rice,1417,3942,2.781933663
Kerala,THIRUVANANTHAPURAM,2009,Kharif,Groundnut,1,1,1
Kerala,THIRUVANANTHAPURAM,2009,Summer,Rice,163,340,2.085889571
Kerala,THIRUVANANTHAPURAM,2009,Whole Year,Arecanut,890,460,0.516853933
Kerala,THIRUVANANTHAPURAM,2009,Whole Year,Banana,2349,17250,7.343550447
Kerala,THIRUVANANTHAPURAM,2009,Whole Year,Black pepper,4902,1031,0.210322317
Kerala,THIRUVANANTHAPURAM,2009,Whole Year,Cashewnut,1001,403,0.402597403
Kerala,THIRUVANANTHAPURAM,2009,Whole Year,Coconut,71376,591000000,8280.094149
Kerala,THIRUVANANTHAPURAM,2009,Whole Year,Dry ginger,61,152,2.491803279
Kerala,THIRUVANANTHAPURAM,2009,Whole Year,Sweet potato,19,216,11.36842105
Kerala,THIRUVANANTHAPURAM,2009,Whole Year,Tapioca,16132,424015,26.28409373
Kerala,THIRUVANANTHAPURAM,2009,Whole Year,Turmeric,46,84,1.826086957
Kerala,THIRUVANANTHAPURAM,2009,Winter,Rice,1360,3282,2.413235294
Kerala,THIRUVANANTHAPURAM,2010,Autumn,Rice,1492.8,3593.07,2.40693328
Kerala,THIRUVANANTHAPURAM,2010,Summer,Rice,267.49,559.54,2.091816517
Kerala,THIRUVANANTHAPURAM,2010,Whole Year,Arecanut,922.45,555.85,0.602580086
Kerala,THIRUVANANTHAPURAM,2010,Whole Year,Banana,2891.63,16247.89,5.618938108
Kerala,THIRUVANANTHAPURAM,2010,Whole Year,Black pepper,4760.82,938.82,0.197197122
Kerala,THIRUVANANTHAPURAM,2010,Whole Year,Cashewnut,1067.85,390.5,0.365688065
Kerala,THIRUVANANTHAPURAM,2010,Whole Year,Coconut,69668.44,499402000,7168.267296
Kerala,THIRUVANANTHAPURAM,2010,Whole Year,Dry ginger,69.73,180.25,2.584970601
Kerala,THIRUVANANTHAPURAM,2010,Whole Year,Sugarcane,0.18,,
Kerala,THIRUVANANTHAPURAM,2010,Whole Year,Tapioca,14261.47,409253.45,28.69644223
Kerala,THIRUVANANTHAPURAM,2010,Whole Year,Turmeric,51.34,86.56,1.686014803
Kerala,THIRUVANANTHAPURAM,2010,Winter,Rice,1158.51,2770.17,2.391148976
Kerala,THIRUVANANTHAPURAM,2011,Autumn,Rice,1204.98,3137.87,2.604084715
Kerala,THIRUVANANTHAPURAM,2011,Summer,Rice,112.24,268.31,2.390502495
Kerala,THIRUVANANTHAPURAM,2011,Whole Year,Arecanut,968.24,494.22,0.510431298
Kerala,THIRUVANANTHAPURAM,2011,Whole Year,Banana,1794.19,10855.74,6.050496324
Kerala,THIRUVANANTHAPURAM,2011,Whole Year,Black pepper,2344.39,988.51,0.421649128
Kerala,THIRUVANANTHAPURAM,2011,Whole Year,Cashewnut,1328.6,410.48,0.308956797
Kerala,THIRUVANANTHAPURAM,2011,Whole Year,Coconut,71423.51,572372000,8013.775856
Kerala,THIRUVANANTHAPURAM,2011,Whole Year,Dry ginger,73.58,177.97,2.418727915
Kerala,THIRUVANANTHAPURAM,2011,Whole Year,Potato,18,204,11.33333333
Kerala,THIRUVANANTHAPURAM,2011,Whole Year,Sugarcane,0.13,,
Kerala,THIRUVANANTHAPURAM,2011,Whole Year,Tapioca,14946.85,457614.43,30.61611176
Kerala,THIRUVANANTHAPURAM,2011,Whole Year,Turmeric,51.12,88.18,1.724960876
Kerala,THIRUVANANTHAPURAM,2011,Winter,Rice,1077.65,2732.52,2.535628451
Kerala,THIRUVANANTHAPURAM,2012,Autumn,Rice,596,1471,2.468120805
Kerala,THIRUVANANTHAPURAM,2012,Summer,Rice,40,91,2.275
Kerala,THIRUVANANTHAPURAM,2012,Whole Year,Arecanut,1024,577,0.563476563
Kerala,THIRUVANANTHAPURAM,2012,Whole Year,Banana,3567,24290,6.809643959
Kerala,THIRUVANANTHAPURAM,2012,Whole Year,Black pepper,2441,873,0.357640311
Kerala,THIRUVANANTHAPURAM,2012,Whole Year,Blackgram,5,,
Kerala,THIRUVANANTHAPURAM,2012,Whole Year,Cashewnut,1460,417,0.285616438
Kerala,THIRUVANANTHAPURAM,2012,Whole Year,Coconut,70233,552000000,7859.553201
Kerala,THIRUVANANTHAPURAM,2012,Whole Year,Cowpea(Lobia),21,,
Kerala,THIRUVANANTHAPURAM,2012,Whole Year,Drum Stick,1989,2661,1.33785822
Kerala,THIRUVANANTHAPURAM,2012,Whole Year,Dry ginger,67,154,2.298507463
Kerala,THIRUVANANTHAPURAM,2012,Whole Year,Jack Fruit,6066,,
Kerala,THIRUVANANTHAPURAM,2012,Whole Year,Mango,4538,25617,5.644997796
Kerala,THIRUVANANTHAPURAM,2012,Whole Year,Moong(Green Gram),1,,
Kerala,THIRUVANANTHAPURAM,2012,Whole Year,Papaya,1651,14443,8.748031496
Kerala,THIRUVANANTHAPURAM,2012,Whole Year,Pineapple,184,1306,7.097826087
Kerala,THIRUVANANTHAPURAM,2012,Whole Year,Pump Kin,13,,
Kerala,THIRUVANANTHAPURAM,2012,Whole Year,Sweet potato,13,147,11.30769231
Kerala,THIRUVANANTHAPURAM,2012,Whole Year,Tapioca,13625,414271,30.40521101
Kerala,THIRUVANANTHAPURAM,2012,Whole Year,Turmeric,51,84,1.647058824
Kerala,THIRUVANANTHAPURAM,2012,Winter,Rice,1180,2534,2.147457627
Kerala,THIRUVANANTHAPURAM,2013,Autumn,Rice,875,2468,2.820571429
Kerala,THIRUVANANTHAPURAM,2013,Summer,Rice,133,360,2.706766917
Kerala,THIRUVANANTHAPURAM,2013,Whole Year,Arecanut,1001,476,0.475524476
Kerala,THIRUVANANTHAPURAM,2013,Whole Year,Banana,2343,18753,8.003841229
Kerala,THIRUVANANTHAPURAM,2013,Whole Year,Black pepper,2529,909,0.359430605
Kerala,THIRUVANANTHAPURAM,2013,Whole Year,Blackgram,2,,
Kerala,THIRUVANANTHAPURAM,2013,Whole Year,Cashewnut,1360,370,0.272058824
Kerala,THIRUVANANTHAPURAM,2013,Whole Year,Coconut,71320,551000000,7725.74313
Kerala,THIRUVANANTHAPURAM,2013,Whole Year,Cowpea(Lobia),40,,
Kerala,THIRUVANANTHAPURAM,2013,Whole Year,Drum Stick,2098,2807,1.337940896
Kerala,THIRUVANANTHAPURAM,2013,Whole Year,Dry ginger,65,138,2.123076923
Kerala,THIRUVANANTHAPURAM,2013,Whole Year,Mango,4840,28582,5.905371901
Kerala,THIRUVANANTHAPURAM,2013,Whole Year,Moong(Green Gram),19,,
Kerala,THIRUVANANTHAPURAM,2013,Whole Year,Pump Kin,11,,
Kerala,THIRUVANANTHAPURAM,2013,Whole Year,Sweet potato,7,77,11
Kerala,THIRUVANANTHAPURAM,2013,Whole Year,Tapioca,14210,467512,32.90021112
Kerala,THIRUVANANTHAPURAM,2013,Whole Year,Turmeric,56,89,1.589285714
Kerala,THIRUVANANTHAPURAM,2013,Winter,Rice,993,2498,2.515609265
Kerala,THIRUVANANTHAPURAM,2014,Autumn,Rice,963,2588,2.687435099
Kerala,THIRUVANANTHAPURAM,2014,Summer,Rice,66,174,2.636363636
Kerala,THIRUVANANTHAPURAM,2014,Whole Year,Arecanut,1033,596,0.57696031
Kerala,THIRUVANANTHAPURAM,2014,Whole Year,Banana,2329,15999,6.869471876
Kerala,THIRUVANANTHAPURAM,2014,Whole Year,Black pepper,2401,916,0.381507705
Kerala,THIRUVANANTHAPURAM,2014,Whole Year,Blackgram,14,,
Kerala,THIRUVANANTHAPURAM,2014,Whole Year,Cashewnut,1278,306,0.23943662
Kerala,THIRUVANANTHAPURAM,2014,Whole Year,Coconut,73079,665000000,9099.741376
Kerala,THIRUVANANTHAPURAM,2014,Whole Year,Cowpea(Lobia),2,,
Kerala,THIRUVANANTHAPURAM,2014,Whole Year,Dry ginger,75,203,2.706666667
Kerala,THIRUVANANTHAPURAM,2014,Whole Year,Moong(Green Gram),26,,
Kerala,THIRUVANANTHAPURAM,2014,Whole Year,Pump Kin,11,,
Kerala,THIRUVANANTHAPURAM,2014,Whole Year,Sugarcane,0.07,,
Kerala,THIRUVANANTHAPURAM,2014,Whole Year,Sweet potato,6,66,11
Kerala,THIRUVANANTHAPURAM,2014,Whole Year,Tapioca,15754,586394,37.2219119
Kerala,THIRUVANANTHAPURAM,2014,Whole Year,Turmeric,65,122,1.876923077
Kerala,THIRUVANANTHAPURAM,2014,Winter,Rice,1064,2799,2.630639098
Kerala,THRISSUR,1997,Whole Year,Arecanut,6238,9140,1.465213209
Kerala,THRISSUR,1997,Whole Year,Black pepper,5958,1046,0.175562269
Kerala,THRISSUR,1997,Whole Year,Cashewnut,4658,2301,0.493988836
Kerala,THRISSUR,1997,Whole Year,Coconut,75784,482000,6.360181569
Kerala,THRISSUR,1997,Whole Year,Tapioca,3087,76277,24.70910269
Kerala,THRISSUR,1998,Autumn,Rice,10019,17623,1.75895798
Kerala,THRISSUR,1998,Kharif,Sesamum,148,70,0.472972973
Kerala,THRISSUR,1998,Summer,Rice,6196,14233,2.297127179
Kerala,THRISSUR,1998,Whole Year,Arecanut,5450,5750,1.055045872
Kerala,THRISSUR,1998,Whole Year,Banana,2475,35071,14.17010101
Kerala,THRISSUR,1998,Whole Year,Black pepper,4369,919,0.210345617
Kerala,THRISSUR,1998,Whole Year,Cashewnut,4339,1796,0.413920258
Kerala,THRISSUR,1998,Whole Year,Coconut,81171,534000000,6578.704217
Kerala,THRISSUR,1998,Whole Year,Dry chillies,18,15,0.833333333
Kerala,THRISSUR,1998,Whole Year,Dry ginger,92,176,1.913043478
Kerala,THRISSUR,1998,Whole Year,Tapioca,1809,38529,21.29850746
Kerala,THRISSUR,1998,Whole Year,Turmeric,87,123,1.413793103
Kerala,THRISSUR,1998,Winter,Rice,23000,42334,1.840608696
Kerala,THRISSUR,1999,Autumn,Rice,11343,21488,1.894384202
Kerala,THRISSUR,1999,Kharif,Groundnut,1,,
Kerala,THRISSUR,1999,Kharif,Sesamum,111,31,0.279279279
Kerala,THRISSUR,1999,Summer,Rice,7922,19589,2.472734158
Kerala,THRISSUR,1999,Whole Year,Arecanut,6355,6109,0.961290323
Kerala,THRISSUR,1999,Whole Year,Banana,2791,33729,12.0849158
Kerala,THRISSUR,1999,Whole Year,Black pepper,3861,563,0.145817146
Kerala,THRISSUR,1999,Whole Year,Cashewnut,4101,1216,0.296513046
Kerala,THRISSUR,1999,Whole Year,Coconut,88307,610000000,6907.71966
Kerala,THRISSUR,1999,Whole Year,Dry ginger,112,284,2.535714286
Kerala,THRISSUR,1999,Whole Year,Sugarcane,1,100,100
Kerala,THRISSUR,1999,Whole Year,Tapioca,1527,34226,22.41388343
Kerala,THRISSUR,1999,Whole Year,Turmeric,125,177,1.416
Kerala,THRISSUR,1999,Winter,Rice,23622,51132,2.164592329
Kerala,THRISSUR,2000,Autumn,Rice,10878,21416,1.968744254
Kerala,THRISSUR,2000,Kharif,Sesamum,83,34,0.409638554
Kerala,THRISSUR,2000,Summer,Rice,6328,15668,2.475979772
Kerala,THRISSUR,2000,Whole Year,Arecanut,7099,6281,0.884772503
Kerala,THRISSUR,2000,Whole Year,Banana,2810,20138,7.166548043
Kerala,THRISSUR,2000,Whole Year,Black pepper,3938,526,0.13357034
Kerala,THRISSUR,2000,Whole Year,Cashewnut,3925,1319,0.336050955
Kerala,THRISSUR,2000,Whole Year,Coconut,89472,540000000,6035.407725
Kerala,THRISSUR,2000,Whole Year,Dry ginger,87,133,1.528735632
Kerala,THRISSUR,2000,Whole Year,Sugarcane,2,200,100
Kerala,THRISSUR,2000,Whole Year,Sweet potato,3,32,10.66666667
Kerala,THRISSUR,2000,Whole Year,Tapioca,1637,41524,25.36591326
Kerala,THRISSUR,2000,Whole Year,Turmeric,142,174,1.225352113
Kerala,THRISSUR,2000,Winter,Rice,22178,45021,2.029984669
Kerala,THRISSUR,2001,Autumn,Rice,9809,19830,2.021612805
Kerala,THRISSUR,2001,Kharif,Sesamum,31,8,0.258064516
Kerala,THRISSUR,2001,Summer,Rice,6129,15861,2.587860989
Kerala,THRISSUR,2001,Whole Year,Arecanut,7179,6584,0.917119376
Kerala,THRISSUR,2001,Whole Year,Banana,2828,17361,6.138967468
Kerala,THRISSUR,2001,Whole Year,Black pepper,4174,589,0.141111644
Kerala,THRISSUR,2001,Whole Year,Cashewnut,3719,1525,0.410056467
Kerala,THRISSUR,2001,Whole Year,Coconut,85480,545000000,6375.760412
Kerala,THRISSUR,2001,Whole Year,Dry ginger,123,353,2.869918699
Kerala,THRISSUR,2001,Whole Year,Rubber,13402,19762,1.474556036
Kerala,THRISSUR,2001,Whole Year,Sugarcane,2,200,100
Kerala,THRISSUR,2001,Whole Year,Sweet potato,1,11,11
Kerala,THRISSUR,2001,Whole Year,Tapioca,1405,27823,19.80284698
Kerala,THRISSUR,2001,Whole Year,Tea,530,1687,3.183018868
Kerala,THRISSUR,2001,Whole Year,Turmeric,97,225,2.319587629
Kerala,THRISSUR,2001,Winter,Rice,21074,48590,2.30568473
Kerala,THRISSUR,2002,Autumn,Rice,9740,20021,2.055544148
Kerala,THRISSUR,2002,Kharif,Sesamum,51,18,0.352941176
Kerala,THRISSUR,2002,Summer,Rice,7698,23084,2.998700961
Kerala,THRISSUR,2002,Whole Year,Arecanut,7526,6903,0.917220303
Kerala,THRISSUR,2002,Whole Year,Banana,2844,19974,7.023206751
Kerala,THRISSUR,2002,Whole Year,Bhindi,54,0,0
Kerala,THRISSUR,2002,Whole Year,Bitter Gourd,188,0,0
Kerala,THRISSUR,2002,Whole Year,Black pepper,4583,787,0.17172158
Kerala,THRISSUR,2002,Whole Year,Brinjal,32,0,0
Kerala,THRISSUR,2002,Whole Year,Cashewnut,3854,1982,0.514270887
Kerala,THRISSUR,2002,Whole Year,Cashewnut Raw,3854,1982,0.514270887
Kerala,THRISSUR,2002,Whole Year,Coconut,86068,620000000,7203.606451
Kerala,THRISSUR,2002,Whole Year,Drum Stick,1567,2127,1.357370772
Kerala,THRISSUR,2002,Whole Year,Dry ginger,136,285,2.095588235
Kerala,THRISSUR,2002,Whole Year,Jack Fruit,5515,21,0.003807797
Kerala,THRISSUR,2002,Whole Year,Mango,7692,27166,3.531721269
Kerala,THRISSUR,2002,Whole Year,Other Fresh Fruits,1149,0,0
Kerala,THRISSUR,2002,Whole Year,other oilseeds,246,0,0
Kerala,THRISSUR,2002,Whole Year,Other Vegetables,1935,0,0
Kerala,THRISSUR,2002,Whole Year,Papaya,1611,7045,4.373060211
Kerala,THRISSUR,2002,Whole Year,Pineapple,280,2048,7.314285714
Kerala,THRISSUR,2002,Whole Year,Rubber,13396,19932,1.487906838
Kerala,THRISSUR,2002,Whole Year,Snak Guard,50,0,0
Kerala,THRISSUR,2002,Whole Year,Sugarcane,9,900,100
Kerala,THRISSUR,2002,Whole Year,Sweet potato,5,55,11
Kerala,THRISSUR,2002,Whole Year,Tapioca,1376,25861,18.7943314
Kerala,THRISSUR,2002,Whole Year,Tea,530,1466,2.766037736
Kerala,THRISSUR,2002,Whole Year,Turmeric,125,219,1.752
Kerala,THRISSUR,2002,Winter,Rice,19836,44167,2.226608187
Kerala,THRISSUR,2003,Autumn,Rice,8016,18023,2.248378244
Kerala,THRISSUR,2003,Kharif,Sesamum,173,15,0.086705202
Kerala,THRISSUR,2003,Kharif,Small millets,6,5,0.833333333
Kerala,THRISSUR,2003,Summer,Rice,6317,18894,2.990976729
Kerala,THRISSUR,2003,Whole Year,Arecanut,8052,7267,0.902508693
Kerala,THRISSUR,2003,Whole Year,Banana,2532,18652,7.366508689
Kerala,THRISSUR,2003,Whole Year,Bhindi,77,0,0
Kerala,THRISSUR,2003,Whole Year,Bitter Gourd,263,0,0
Kerala,THRISSUR,2003,Whole Year,Black pepper,4959,1032,0.208106473
Kerala,THRISSUR,2003,Whole Year,Brinjal,24,0,0
Kerala,THRISSUR,2003,Whole Year,Cashewnut,3796,1827,0.481296101
Kerala,THRISSUR,2003,Whole Year,Coconut,87397,632000000,7231.369498
Kerala,THRISSUR,2003,Whole Year,Drum Stick,1604,2181,1.359725686
Kerala,THRISSUR,2003,Whole Year,Dry ginger,124,150,1.209677419
Kerala,THRISSUR,2003,Whole Year,Jack Fruit,5595,20,0.00357462
Kerala,THRISSUR,2003,Whole Year,Mango,7869,28988,3.683822595
Kerala,THRISSUR,2003,Whole Year,Other Fresh Fruits,1328,0,0
Kerala,THRISSUR,2003,Whole Year,Other Vegetables,2267,0,0
Kerala,THRISSUR,2003,Whole Year,Papaya,1642,7176,4.370280146
Kerala,THRISSUR,2003,Whole Year,Pineapple,194,1623,8.365979381
Kerala,THRISSUR,2003,Whole Year,Snak Guard,79,0,0
Kerala,THRISSUR,2003,Whole Year,Sugarcane,1,100,100
Kerala,THRISSUR,2003,Whole Year,Sweet potato,1,11,11
Kerala,THRISSUR,2003,Whole Year,Tapioca,1173,23744,20.24211424
Kerala,THRISSUR,2003,Whole Year,Turmeric,97,129,1.329896907
Kerala,THRISSUR,2003,Winter,Rice,19825,42925,2.16519546
Kerala,THRISSUR,2004,Autumn,Rice,9641,19964,2.07073955
Kerala,THRISSUR,2004,Kharif,Sesamum,61,13,0.213114754
Kerala,THRISSUR,2004,Summer,Rice,8658,26886,3.105336105
Kerala,THRISSUR,2004,Whole Year,Arecanut,8071,7730,0.957749969
Kerala,THRISSUR,2004,Whole Year,Banana,2713,19946,7.352008846
Kerala,THRISSUR,2004,Whole Year,Black pepper,5950,1126,0.189243697
Kerala,THRISSUR,2004,Whole Year,Cashewnut,3541,1862,0.525840158
Kerala,THRISSUR,2004,Whole Year,Coconut,85115,709000000,8329.906597
Kerala,THRISSUR,2004,Whole Year,Dry ginger,136,260,1.911764706
Kerala,THRISSUR,2004,Whole Year,Sugarcane,1,100,100
Kerala,THRISSUR,2004,Whole Year,Sweet potato,4,44,11
Kerala,THRISSUR,2004,Whole Year,Tapioca,1972,46527,23.59381339
Kerala,THRISSUR,2004,Whole Year,Turmeric,117,203,1.735042735
Kerala,THRISSUR,2004,Winter,Rice,18052,40613,2.249778418
Kerala,THRISSUR,2005,Autumn,Rice,7421,14563,1.962403989
Kerala,THRISSUR,2005,Kharif,Sesamum,58,20,0.344827586
Kerala,THRISSUR,2005,Summer,Rice,5877,19489,3.316147694
Kerala,THRISSUR,2005,Whole Year,Arecanut,8116,10661,1.313578117
Kerala,THRISSUR,2005,Whole Year,Banana,2919,25285,8.662213087
Kerala,THRISSUR,2005,Whole Year,Black pepper,6033,1282,0.212497928
Kerala,THRISSUR,2005,Whole Year,Cashewnut,3356,1687,0.502681764
Kerala,THRISSUR,2005,Whole Year,Coconut,85366,726000000,8504.556849
Kerala,THRISSUR,2005,Whole Year,Dry ginger,157,467,2.974522293
Kerala,THRISSUR,2005,Whole Year,Sugarcane,2,140,70
Kerala,THRISSUR,2005,Whole Year,Sweet potato,4,44,11
Kerala,THRISSUR,2005,Whole Year,Tapioca,1417,28254,19.9393084
Kerala,THRISSUR,2005,Whole Year,Turmeric,126,290,2.301587302
Kerala,THRISSUR,2005,Winter,Rice,17776,38899,2.188287579
Kerala,THRISSUR,2006,Autumn,Rice,5389,9847,1.827240675
Kerala,THRISSUR,2006,Kharif,Other Cereals & Millets,22,18,0.818181818
Kerala,THRISSUR,2006,Kharif,Sesamum,7,1,0.142857143
Kerala,THRISSUR,2006,Summer,Rice,5894,20401,3.461316593
Kerala,THRISSUR,2006,Whole Year,Arecanut,7279,5390,0.740486331
Kerala,THRISSUR,2006,Whole Year,Banana,2980,26430,8.869127517
Kerala,THRISSUR,2006,Whole Year,Black pepper,5623,1006,0.178908056
Kerala,THRISSUR,2006,Whole Year,Cashewnut,2419,960,0.396858206
Kerala,THRISSUR,2006,Whole Year,Coconut,84454,608000000,7199.185355
Kerala,THRISSUR,2006,Whole Year,Dry ginger,111,221,1.990990991
Kerala,THRISSUR,2006,Whole Year,Sweet potato,5,55,11
Kerala,THRISSUR,2006,Whole Year,Tapioca,1454,43096,29.63961486
Kerala,THRISSUR,2006,Whole Year,Turmeric,141,206,1.460992908
Kerala,THRISSUR,2006,Winter,Rice,16028,34788,2.17045171
Kerala,THRISSUR,2007,Autumn,Rice,4149,7378,1.778259822
Kerala,THRISSUR,2007,Kharif,Sesamum,3,1,0.333333333
Kerala,THRISSUR,2007,Summer,Rice,8721,26374,3.024194473
Kerala,THRISSUR,2007,Whole Year,Arecanut,7069,4687,0.66303579
Kerala,THRISSUR,2007,Whole Year,Banana,3107,19864,6.393305439
Kerala,THRISSUR,2007,Whole Year,Black pepper,4766,811,0.170163659
Kerala,THRISSUR,2007,Whole Year,Cashewnut,2846,1425,0.500702741
Kerala,THRISSUR,2007,Whole Year,Coconut,81697,575000000,7038.202137
Kerala,THRISSUR,2007,Whole Year,Dry ginger,75,158,2.106666667
Kerala,THRISSUR,2007,Whole Year,Sweet potato,3,33,11
Kerala,THRISSUR,2007,Whole Year,Tapioca,1521,41049,26.98816568
Kerala,THRISSUR,2007,Whole Year,Turmeric,81,125,1.543209877
Kerala,THRISSUR,2007,Winter,Rice,11552,25629,2.21857687
Kerala,THRISSUR,2008,Autumn,Rice,4768,9439,1.97965604
Kerala,THRISSUR,2008,Kharif,Sesamum,37,5,0.135135135
Kerala,THRISSUR,2008,Summer,Rice,8834,28887,3.269979624
Kerala,THRISSUR,2008,Whole Year,Arecanut,7209,7240,1.00430018
Kerala,THRISSUR,2008,Whole Year,Banana,2773,25096,9.050126217
Kerala,THRISSUR,2008,Whole Year,Black pepper,4829,841,0.17415614
Kerala,THRISSUR,2008,Whole Year,Cashewnut,2441,1049,0.429741909
Kerala,THRISSUR,2008,Whole Year,Coconut,76753,531000000,6918.296353
Kerala,THRISSUR,2008,Whole Year,Dry ginger,59,124,2.101694915
Kerala,THRISSUR,2008,Whole Year,Sweet potato,9,99,11
Kerala,THRISSUR,2008,Whole Year,Tapioca,1117,35426,31.71530886
Kerala,THRISSUR,2008,Whole Year,Turmeric,90,141,1.566666667
Kerala,THRISSUR,2008,Winter,Rice,14326,33583,2.344199358
Kerala,THRISSUR,2009,Autumn,Rice,3901,6922,1.774416816
Kerala,THRISSUR,2009,Kharif,Sesamum,33,11,0.333333333
Kerala,THRISSUR,2009,Summer,Rice,8989,28329,3.151518523
Kerala,THRISSUR,2009,Whole Year,Arecanut,7163,7095,0.990506771
Kerala,THRISSUR,2009,Whole Year,Banana,2464,19455,7.895698052
Kerala,THRISSUR,2009,Whole Year,Black pepper,4898,895,0.182727644
Kerala,THRISSUR,2009,Whole Year,Cashewnut,2290,933,0.407423581
Kerala,THRISSUR,2009,Whole Year,Coconut,77509,538000000,6941.129417
Kerala,THRISSUR,2009,Whole Year,Dry ginger,80,164,2.05
Kerala,THRISSUR,2009,Whole Year,Sugarcane,1,,
Kerala,THRISSUR,2009,Whole Year,Sweet potato,6,66,11
Kerala,THRISSUR,2009,Whole Year,Tapioca,924,28236,30.55844156
Kerala,THRISSUR,2009,Whole Year,Turmeric,111,177,1.594594595
Kerala,THRISSUR,2009,Winter,Rice,12549,28603,2.279305124
Kerala,THRISSUR,2010,Autumn,Rice,3033.46,6012.32,1.982000752
Kerala,THRISSUR,2010,Kharif,Sesamum,35.28,6.03,0.170918367
Kerala,THRISSUR,2010,Summer,Rice,6361.9,20223.94,3.178915104
Kerala,THRISSUR,2010,Whole Year,Arecanut,6310.76,4307.83,0.682616674
Kerala,THRISSUR,2010,Whole Year,Banana,2283.36,17962.59,7.866735863
Kerala,THRISSUR,2010,Whole Year,Black pepper,4093.65,614.46,0.150100766
Kerala,THRISSUR,2010,Whole Year,Cashewnut,1953.28,856.62,0.438554636
Kerala,THRISSUR,2010,Whole Year,Coconut,75364.43,493258000,6544.970883
Kerala,THRISSUR,2010,Whole Year,Dry ginger,52.63,136.42,2.592057762
Kerala,THRISSUR,2010,Whole Year,Sugarcane,0.11,,
Kerala,THRISSUR,2010,Whole Year,Tapioca,1361.72,51157.69,37.56843551
Kerala,THRISSUR,2010,Whole Year,Turmeric,66.26,126.1,1.903108965
Kerala,THRISSUR,2010,Winter,Rice,10863.98,26843.21,2.470844939
Kerala,THRISSUR,2011,Autumn,Rice,2740.18,5819.23,2.123667058
Kerala,THRISSUR,2011,Kharif,Sesamum,4.58,1.16,0.253275109
Kerala,THRISSUR,2011,Summer,Rice,7705.17,27973.72,3.630513019
Kerala,THRISSUR,2011,Whole Year,Arecanut,7055.17,4700.74,0.666283024
Kerala,THRISSUR,2011,Whole Year,Banana,2240.37,20670.74,9.226484911
Kerala,THRISSUR,2011,Whole Year,Black pepper,2164.81,776.44,0.358664271
Kerala,THRISSUR,2011,Whole Year,Cashewnut,2504.77,692.17,0.276340742
Kerala,THRISSUR,2011,Whole Year,Coconut,89676.79,607999000,6779.892545
Kerala,THRISSUR,2011,Whole Year,Dry ginger,48.99,124.34,2.538068994
Kerala,THRISSUR,2011,Whole Year,Potato,9,99,11
Kerala,THRISSUR,2011,Whole Year,Sugarcane,0.17,,
Kerala,THRISSUR,2011,Whole Year,Tapioca,1430.99,52637.31,36.78384196
Kerala,THRISSUR,2011,Whole Year,Turmeric,71.97,151.53,2.105460609
Kerala,THRISSUR,2011,Winter,Rice,10726.71,28522.89,2.659052962
Kerala,THRISSUR,2012,Autumn,Rice,2577,5615,2.178890182
Kerala,THRISSUR,2012,Summer,Rice,7476,26342,3.523542001
Kerala,THRISSUR,2012,Whole Year,Arecanut,6419,5173,0.805888768
Kerala,THRISSUR,2012,Whole Year,Banana,2141,20636,9.638486688
Kerala,THRISSUR,2012,Whole Year,Black pepper,1888,582,0.308262712
Kerala,THRISSUR,2012,Whole Year,Cashewnut,2148,671,0.312383613
Kerala,THRISSUR,2012,Whole Year,Coconut,86476,548000000,6337.018363
Kerala,THRISSUR,2012,Whole Year,Drum Stick,1215,1445,1.189300412
Kerala,THRISSUR,2012,Whole Year,Dry ginger,46,113,2.456521739
Kerala,THRISSUR,2012,Whole Year,Jack Fruit,4949,,
Kerala,THRISSUR,2012,Whole Year,Mango,6902,43315,6.275717183
Kerala,THRISSUR,2012,Whole Year,Papaya,1203,4092,3.401496259
Kerala,THRISSUR,2012,Whole Year,Pineapple,41,305,7.43902439
Kerala,THRISSUR,2012,Whole Year,Pump Kin,71,,
Kerala,THRISSUR,2012,Whole Year,Sesamum,13,4,0.307692308
Kerala,THRISSUR,2012,Whole Year,Sugarcane,1,2,2
Kerala,THRISSUR,2012,Whole Year,Sweet potato,4,15,3.75
Kerala,THRISSUR,2012,Whole Year,Tapioca,1262,58693,46.50792393
Kerala,THRISSUR,2012,Whole Year,Turmeric,81,183,2.259259259
Kerala,THRISSUR,2012,Winter,Rice,13045,35612,2.729934841
Kerala,THRISSUR,2012,Winter,Sesamum,13,4,0.307692308
Kerala,THRISSUR,2013,Autumn,Rice,1810,4153,2.294475138
Kerala,THRISSUR,2013,Summer,Rice,7884,27853,3.532851344
Kerala,THRISSUR,2013,Whole Year,Arecanut,6424,4268,0.664383562
Kerala,THRISSUR,2013,Whole Year,Banana,2388,21569,9.032244556
Kerala,THRISSUR,2013,Whole Year,Black pepper,1947,546,0.280431433
Kerala,THRISSUR,2013,Whole Year,Blackgram,2,,
Kerala,THRISSUR,2013,Whole Year,Cashewnut,1892,580,0.306553911
Kerala,THRISSUR,2013,Whole Year,Coconut,87177,618000000,7089.025775
Kerala,THRISSUR,2013,Whole Year,Drum Stick,1201,1428,1.189009159
Kerala,THRISSUR,2013,Whole Year,Dry ginger,39,104,2.666666667
Kerala,THRISSUR,2013,Whole Year,Mango,6601,35685,5.405999091
Kerala,THRISSUR,2013,Whole Year,Pump Kin,70,,
Kerala,THRISSUR,2013,Whole Year,Sesamum,6,2,0.333333333
Kerala,THRISSUR,2013,Whole Year,Sugarcane,0.29,3,10.34482759
Kerala,THRISSUR,2013,Whole Year,Sweet potato,6,24,4
Kerala,THRISSUR,2013,Whole Year,Tapioca,1290,53818,41.71937984
Kerala,THRISSUR,2013,Whole Year,Turmeric,68,141,2.073529412
Kerala,THRISSUR,2013,Winter,Rice,12580,34647,2.754133545
Kerala,THRISSUR,2014,Autumn,Rice,2864,6282,2.193435754
Kerala,THRISSUR,2014,Summer,Rice,8051,29830,3.705129798
Kerala,THRISSUR,2014,Whole Year,Arecanut,6351,4861,0.765391277
Kerala,THRISSUR,2014,Whole Year,Arhar/Tur,1,1,1
Kerala,THRISSUR,2014,Whole Year,Banana,2297,18980,8.262951676
Kerala,THRISSUR,2014,Whole Year,Black pepper,1801,502,0.278734037
Kerala,THRISSUR,2014,Whole Year,Cashewnut,1697,426,0.251031232
Kerala,THRISSUR,2014,Whole Year,Coconut,83221,485000000,5827.85595
Kerala,THRISSUR,2014,Whole Year,Dry ginger,41,100,2.43902439
Kerala,THRISSUR,2014,Whole Year,Pump Kin,67,,
Kerala,THRISSUR,2014,Whole Year,Sesamum,6,1.22,0.203333333
Kerala,THRISSUR,2014,Whole Year,Sugarcane,0.24,2,8.333333333
Kerala,THRISSUR,2014,Whole Year,Sweet potato,3,21,7
Kerala,THRISSUR,2014,Whole Year,Tapioca,1441,64739,44.92643997
Kerala,THRISSUR,2014,Whole Year,Turmeric,69,140,2.028985507
Kerala,THRISSUR,2014,Winter,Rice,13236,39904,3.014808099
Kerala,WAYANAD,1997,Whole Year,Arecanut,6615,8103,1.224943311
Kerala,WAYANAD,1997,Whole Year,Black pepper,41065,17336,0.42215999
Kerala,WAYANAD,1997,Whole Year,Cashewnut,1244,626,0.503215434
Kerala,WAYANAD,1997,Whole Year,Coconut,5278,13000,2.463054187
Kerala,WAYANAD,1997,Whole Year,Tapioca,2502,72125,28.82693845
Kerala,WAYANAD,1998,Kharif,Sesamum,28,4,0.142857143
Kerala,WAYANAD,1998,Summer,Rice,3599,9023,2.507085301
Kerala,WAYANAD,1998,Whole Year,Arecanut,4456,1478,0.331687612
Kerala,WAYANAD,1998,Whole Year,Banana,3726,47663,12.79200215
Kerala,WAYANAD,1998,Whole Year,Black pepper,40210,18175,0.45200199
Kerala,WAYANAD,1998,Whole Year,Cardamom,4108,201,0.048928919
Kerala,WAYANAD,1998,Whole Year,Cashewnut,1385,622,0.449097473
Kerala,WAYANAD,1998,Whole Year,Coconut,9948,25000000,2513.067953
Kerala,WAYANAD,1998,Whole Year,Dry ginger,6129,22717,3.706477403
Kerala,WAYANAD,1998,Whole Year,Tapioca,1481,56023,37.82781904
Kerala,WAYANAD,1998,Whole Year,Turmeric,197,553,2.807106599
Kerala,WAYANAD,1998,Winter,Rice,12043,25666,2.131196546
Kerala,WAYANAD,1999,Kharif,Jowar,1,,
Kerala,WAYANAD,1999,Kharif,Sesamum,20,5,0.25
Kerala,WAYANAD,1999,Summer,Rice,2750,6978,2.537454545
Kerala,WAYANAD,1999,Whole Year,Arecanut,5212,1736,0.333077513
Kerala,WAYANAD,1999,Whole Year,Banana,6342,65753,10.36786503
Kerala,WAYANAD,1999,Whole Year,Black pepper,44771,17332,0.387125595
Kerala,WAYANAD,1999,Whole Year,Cardamom,4108,245,0.059639727
Kerala,WAYANAD,1999,Whole Year,Cashewnut,1561,944,0.604740551
Kerala,WAYANAD,1999,Whole Year,Coconut,10843,27000000,2490.08577
Kerala,WAYANAD,1999,Whole Year,Dry ginger,5520,21965,3.979166667
Kerala,WAYANAD,1999,Whole Year,Sugarcane,1,100,100
Kerala,WAYANAD,1999,Whole Year,Sweet potato,3,35,11.66666667
Kerala,WAYANAD,1999,Whole Year,Tapioca,1620,57449,35.46234568
Kerala,WAYANAD,1999,Whole Year,Turmeric,159,446,2.805031447
Kerala,WAYANAD,1999,Winter,Rice,14554,37783,2.596056067
Kerala,WAYANAD,2000,Kharif,Sesamum,24,7,0.291666667
Kerala,WAYANAD,2000,Summer,Rice,3200,7505,2.3453125
Kerala,WAYANAD,2000,Whole Year,Arecanut,6033,2699,0.447372783
Kerala,WAYANAD,2000,Whole Year,Banana,8935,67547,7.559820929
Kerala,WAYANAD,2000,Whole Year,Black pepper,44908,17915,0.398926695
Kerala,WAYANAD,2000,Whole Year,Cardamom,4108,244,0.0593963
Kerala,WAYANAD,2000,Whole Year,Cashewnut,1536,768,0.5
Kerala,WAYANAD,2000,Whole Year,Coconut,10995,43000000,3910.868577
Kerala,WAYANAD,2000,Whole Year,Dry ginger,5244,20984,4.001525553
Kerala,WAYANAD,2000,Whole Year,Sugarcane,2,200,100
Kerala,WAYANAD,2000,Whole Year,Sweet potato,12,140,11.66666667
Kerala,WAYANAD,2000,Whole Year,Tapioca,1620,54917,33.89938272
Kerala,WAYANAD,2000,Whole Year,Turmeric,139,262,1.884892086
Kerala,WAYANAD,2000,Winter,Rice,11800,26297,2.228559322
Kerala,WAYANAD,2001,Kharif,Sesamum,18,6,0.333333333
Kerala,WAYANAD,2001,Summer,Rice,2952,7351,2.490176152
Kerala,WAYANAD,2001,Whole Year,Arecanut,6636,2682,0.404159132
Kerala,WAYANAD,2001,Whole Year,Banana,10174,75264,7.397680362
Kerala,WAYANAD,2001,Whole Year,Black pepper,40088,13083,0.326357015
Kerala,WAYANAD,2001,Whole Year,Cardamom,4106,300,0.073063809
Kerala,WAYANAD,2001,Whole Year,Cashewnut,1536,627,0.408203125
Kerala,WAYANAD,2001,Whole Year,Coconut,11383,39000000,3426.16182
Kerala,WAYANAD,2001,Whole Year,Coffee,67510,54110,0.801510887
Kerala,WAYANAD,2001,Whole Year,Dry ginger,4192,18084,4.313931298
Kerala,WAYANAD,2001,Whole Year,Rubber,6450,4038,0.626046512
Kerala,WAYANAD,2001,Whole Year,Sugarcane,4,400,100
Kerala,WAYANAD,2001,Whole Year,Sweet potato,9,105,11.66666667
Kerala,WAYANAD,2001,Whole Year,Tapioca,1692,58724,34.70685579
Kerala,WAYANAD,2001,Whole Year,Tea,6049,15255,2.521904447
Kerala,WAYANAD,2001,Whole Year,Turmeric,137,244,1.781021898
Kerala,WAYANAD,2001,Winter,Rice,9903,24725,2.496718166
Kerala,WAYANAD,2002,Kharif,Jowar,2,1,0.5
Kerala,WAYANAD,2002,Kharif,Sesamum,10,3,0.3
Kerala,WAYANAD,2002,Summer,Rice,2498,6548,2.621297038
Kerala,WAYANAD,2002,Whole Year,Arecanut,7201,3237,0.4495209
Kerala,WAYANAD,2002,Whole Year,Banana,11466,77963,6.799494157
Kerala,WAYANAD,2002,Whole Year,Bhindi,5,0,0
Kerala,WAYANAD,2002,Whole Year,Bitter Gourd,133,0,0
Kerala,WAYANAD,2002,Whole Year,Black pepper,40839,12064,0.295403903
Kerala,WAYANAD,2002,Whole Year,Brinjal,10,0,0
Kerala,WAYANAD,2002,Whole Year,Cardamom,4107,317,0.077185293
Kerala,WAYANAD,2002,Whole Year,Cashewnut,1455,1283,0.881786942
Kerala,WAYANAD,2002,Whole Year,Cashewnut Raw,1455,1283,0.881786942
Kerala,WAYANAD,2002,Whole Year,Coconut,10947,51000000,4658.810633
Kerala,WAYANAD,2002,Whole Year,Coffee,66973,52697,0.786839473
Kerala,WAYANAD,2002,Whole Year,Drum Stick,945,763,0.807407407
Kerala,WAYANAD,2002,Whole Year,Dry ginger,3450,15164,4.395362319
Kerala,WAYANAD,2002,Whole Year,Jack Fruit,10241,26,0.002538815
Kerala,WAYANAD,2002,Whole Year,Mango,4830,11416,2.363561077
Kerala,WAYANAD,2002,Whole Year,Other Fresh Fruits,650,0,0
Kerala,WAYANAD,2002,Whole Year,other oilseeds,1,0,0
Kerala,WAYANAD,2002,Whole Year,Other Vegetables,2756,0,0
Kerala,WAYANAD,2002,Whole Year,Papaya,399,2664,6.676691729
Kerala,WAYANAD,2002,Whole Year,Pineapple,37,169,4.567567568
Kerala,WAYANAD,2002,Whole Year,Rubber,6451,4753,0.736784995
Kerala,WAYANAD,2002,Whole Year,Snak Guard,1,0,0
Kerala,WAYANAD,2002,Whole Year,Sugarcane,5,500,100
Kerala,WAYANAD,2002,Whole Year,Sweet potato,13,152,11.69230769
Kerala,WAYANAD,2002,Whole Year,Tapioca,1915,65180,34.03655352
Kerala,WAYANAD,2002,Whole Year,Tea,6049,10983,1.815672012
Kerala,WAYANAD,2002,Whole Year,Turmeric,127,270,2.125984252
Kerala,WAYANAD,2002,Winter,Rice,10490,24778,2.362059104
Kerala,WAYANAD,2003,Kharif,Jowar,4,2,0.5
Kerala,WAYANAD,2003,Kharif,Ragi,3,2,0.666666667
Kerala,WAYANAD,2003,Kharif,Sesamum,19,2,0.105263158
Kerala,WAYANAD,2003,Kharif,Small millets,1,1,1
Kerala,WAYANAD,2003,Summer,Rice,2168,4872,2.247232472
Kerala,WAYANAD,2003,Whole Year,Arecanut,8689,4192,0.482449074
Kerala,WAYANAD,2003,Whole Year,Banana,11819,80162,6.782468906
Kerala,WAYANAD,2003,Whole Year,Bhindi,8,0,0
Kerala,WAYANAD,2003,Whole Year,Bitter Gourd,211,0,0
Kerala,WAYANAD,2003,Whole Year,Black pepper,42287,12173,0.287866247
Kerala,WAYANAD,2003,Whole Year,Brinjal,8,0,0
Kerala,WAYANAD,2003,Whole Year,Cardamom,4106,329,0.080126644
Kerala,WAYANAD,2003,Whole Year,Cashewnut,1346,876,0.650817236
Kerala,WAYANAD,2003,Whole Year,Coconut,11098,47000000,4234.997297
Kerala,WAYANAD,2003,Whole Year,Drum Stick,891,722,0.810325477
Kerala,WAYANAD,2003,Whole Year,Dry ginger,4392,21257,4.839936248
Kerala,WAYANAD,2003,Whole Year,Jack Fruit,10021,29,0.002893923
Kerala,WAYANAD,2003,Whole Year,Mango,4604,11764,2.555169418
Kerala,WAYANAD,2003,Whole Year,Other Fresh Fruits,462,0,0
Kerala,WAYANAD,2003,Whole Year,Other Vegetables,2685,0,0
Kerala,WAYANAD,2003,Whole Year,Papaya,433,2888,6.669745958
Kerala,WAYANAD,2003,Whole Year,Pineapple,51,190,3.725490196
Kerala,WAYANAD,2003,Whole Year,Snak Guard,4,0,0
Kerala,WAYANAD,2003,Whole Year,Sugarcane,2,200,100
Kerala,WAYANAD,2003,Whole Year,Sweet potato,14,164,11.71428571
Kerala,WAYANAD,2003,Whole Year,Tapioca,1964,102609,52.24490835
Kerala,WAYANAD,2003,Whole Year,Turmeric,121,276,2.280991736
Kerala,WAYANAD,2003,Winter,Rice,10175,23549,2.314398034
Kerala,WAYANAD,2004,Kharif,Other Cereals & Millets,6,5,0.833333333
Kerala,WAYANAD,2004,Kharif,Ragi,2,1,0.5
Kerala,WAYANAD,2004,Kharif,Sesamum,20,2,0.1
Kerala,WAYANAD,2004,Summer,Rice,2324,6278,2.701376936
Kerala,WAYANAD,2004,Whole Year,Arecanut,10204,5711,0.559682477
Kerala,WAYANAD,2004,Whole Year,Banana,12278,108021,8.797931259
Kerala,WAYANAD,2004,Whole Year,Black pepper,41573,13897,0.33427946
Kerala,WAYANAD,2004,Whole Year,Cardamom,4110,345,0.083941606
Kerala,WAYANAD,2004,Whole Year,Cashewnut,1275,892,0.699607843
Kerala,WAYANAD,2004,Whole Year,Coconut,11337,40000000,3528.270266
Kerala,WAYANAD,2004,Whole Year,Dry ginger,5731,32376,5.649275868
Kerala,WAYANAD,2004,Whole Year,Sugarcane,2,200,100
Kerala,WAYANAD,2004,Whole Year,Sweet potato,13,152,11.69230769
Kerala,WAYANAD,2004,Whole Year,Tapioca,2139,91915,42.97101449
Kerala,WAYANAD,2004,Whole Year,Turmeric,139,367,2.64028777
Kerala,WAYANAD,2004,Winter,Rice,9007,22928,2.545575663
Kerala,WAYANAD,2005,Kharif,Jowar,1,,
Kerala,WAYANAD,2005,Kharif,Sesamum,5,0.4,0.08
Kerala,WAYANAD,2005,Summer,Rice,2232,6353,2.846326165
Kerala,WAYANAD,2005,Whole Year,Arecanut,10499,6035,0.574816649
Kerala,WAYANAD,2005,Whole Year,Banana,12842,115160,8.967450553
Kerala,WAYANAD,2005,Whole Year,Black pepper,41464,11483,0.276939031
Kerala,WAYANAD,2005,Whole Year,Cardamom,4106,380,0.092547491
Kerala,WAYANAD,2005,Whole Year,Cashewnut,1235,697,0.56437247
Kerala,WAYANAD,2005,Whole Year,Coconut,11517,38000000,3299.470348
Kerala,WAYANAD,2005,Whole Year,Dry ginger,7269,38823,5.340899711
Kerala,WAYANAD,2005,Whole Year,Sugarcane,2,180,90
Kerala,WAYANAD,2005,Whole Year,Sweet potato,11,129,11.72727273
Kerala,WAYANAD,2005,Whole Year,Tapioca,2348,85599,36.45613288
Kerala,WAYANAD,2005,Whole Year,Turmeric,251,621,2.474103586
Kerala,WAYANAD,2005,Winter,Rice,9271,22032,2.376442671
Kerala,WAYANAD,2006,Kharif,Jowar,8,,
Kerala,WAYANAD,2006,Kharif,Ragi,2,1,0.5
Kerala,WAYANAD,2006,Kharif,Sesamum,3,1,0.333333333
Kerala,WAYANAD,2006,Summer,Rice,2567,7607,2.963381379
Kerala,WAYANAD,2006,Whole Year,Arecanut,12737,5617,0.440998665
Kerala,WAYANAD,2006,Whole Year,Banana,11885,88065,7.409760202
Kerala,WAYANAD,2006,Whole Year,Black pepper,36488,9828,0.269348827
Kerala,WAYANAD,2006,Whole Year,Cardamom,4106,359,0.087433025
Kerala,WAYANAD,2006,Whole Year,Cashewnut,1349,877,0.650111193
Kerala,WAYANAD,2006,Whole Year,Coconut,12034,47000000,3905.600798
Kerala,WAYANAD,2006,Whole Year,Dry ginger,5901,23385,3.962887646
Kerala,WAYANAD,2006,Whole Year,Sugarcane,1,30,30
Kerala,WAYANAD,2006,Whole Year,Sweet potato,16,188,11.75
Kerala,WAYANAD,2006,Whole Year,Tapioca,2600,94326,36.27923077
Kerala,WAYANAD,2006,Whole Year,Turmeric,369,996,2.699186992
Kerala,WAYANAD,2006,Winter,Rice,9265,23115,2.494873179
Kerala,WAYANAD,2007,Kharif,Jowar,9,5,0.555555556
Kerala,WAYANAD,2007,Kharif,Other Cereals & Millets,1,1,1
Kerala,WAYANAD,2007,Kharif,Ragi,1,1,1
Kerala,WAYANAD,2007,Kharif,Sesamum,1,,
Kerala,WAYANAD,2007,Summer,Rice,2995,8606,2.87345576
Kerala,WAYANAD,2007,Whole Year,Arecanut,12213,4627,0.378858593
Kerala,WAYANAD,2007,Whole Year,Banana,12123,90427,7.459127279
Kerala,WAYANAD,2007,Whole Year,Black pepper,25542,4060,0.15895388
Kerala,WAYANAD,2007,Whole Year,Cardamom,4106,324,0.078908914
Kerala,WAYANAD,2007,Whole Year,Cashewnut,1133,534,0.471315093
Kerala,WAYANAD,2007,Whole Year,Coconut,12292,45000000,3660.91767
Kerala,WAYANAD,2007,Whole Year,Dry ginger,4604,17054,3.704170287
Kerala,WAYANAD,2007,Whole Year,Sugarcane,1,30,30
Kerala,WAYANAD,2007,Whole Year,Sweet potato,16,188,11.75
Kerala,WAYANAD,2007,Whole Year,Tapioca,3068,95540,31.14080834
Kerala,WAYANAD,2007,Whole Year,Turmeric,270,561,2.077777778
Kerala,WAYANAD,2007,Winter,Rice,9413,23473,2.493678955
Kerala,WAYANAD,2008,Kharif,Jowar,6,3,0.5
Kerala,WAYANAD,2008,Kharif,Other Cereals & Millets,1,1,1
Kerala,WAYANAD,2008,Kharif,Ragi,3,2,0.666666667
Kerala,WAYANAD,2008,Summer,Rice,2896,8154,2.815607735
Kerala,WAYANAD,2008,Whole Year,Arecanut,11734,5518,0.470257372
Kerala,WAYANAD,2008,Whole Year,Banana,10859,65238,6.007735519
Kerala,WAYANAD,2008,Whole Year,Black pepper,20825,4526,0.217334934
Kerala,WAYANAD,2008,Whole Year,Cardamom,4106,362,0.088163663
Kerala,WAYANAD,2008,Whole Year,Cashewnut,969,318,0.328173375
Kerala,WAYANAD,2008,Whole Year,Coconut,11016,38000000,3449.527959
Kerala,WAYANAD,2008,Whole Year,Dry ginger,4166,19713,4.7318771
Kerala,WAYANAD,2008,Whole Year,Sugarcane,7,,
Kerala,WAYANAD,2008,Whole Year,Sweet potato,12,141,11.75
Kerala,WAYANAD,2008,Whole Year,Tapioca,2295,94828,41.31938998
Kerala,WAYANAD,2008,Whole Year,Turmeric,232,508,2.189655172
Kerala,WAYANAD,2008,Winter,Rice,9850,25707,2.609847716
Kerala,WAYANAD,2009,Kharif,Jowar,16,9,0.5625
Kerala,WAYANAD,2009,Kharif,Sesamum,5,,
Kerala,WAYANAD,2009,Summer,Rice,2419,6819,2.818933444
Kerala,WAYANAD,2009,Whole Year,Arecanut,10862,5385,0.495765052
Kerala,WAYANAD,2009,Whole Year,Banana,8318,71627,8.611084395
Kerala,WAYANAD,2009,Whole Year,Black pepper,16571,4497,0.271377708
Kerala,WAYANAD,2009,Whole Year,Cardamom,4106,366,0.089137847
Kerala,WAYANAD,2009,Whole Year,Cashewnut,706,494,0.699716714
Kerala,WAYANAD,2009,Whole Year,Coconut,10200,46000000,4509.803922
Kerala,WAYANAD,2009,Whole Year,Dry ginger,2446,18439,7.53843009
Kerala,WAYANAD,2009,Whole Year,Sugarcane,7,,
Kerala,WAYANAD,2009,Whole Year,Sweet potato,9,106,11.77777778
Kerala,WAYANAD,2009,Whole Year,Tapioca,1698,80618,47.47820966
Kerala,WAYANAD,2009,Whole Year,Turmeric,189,672,3.555555556
Kerala,WAYANAD,2009,Winter,Rice,10576,26338,2.490355522
Kerala,WAYANAD,2010,Kharif,Sesamum,4.55,0.55,0.120879121
Kerala,WAYANAD,2010,Summer,Rice,1834.85,5266.37,2.870191024
Kerala,WAYANAD,2010,Whole Year,Arecanut,10444.97,7061.85,0.676100554
Kerala,WAYANAD,2010,Whole Year,Banana,10466.5,87967.67,8.404688291
Kerala,WAYANAD,2010,Whole Year,Black pepper,16188.55,2431.28,0.150185162
Kerala,WAYANAD,2010,Whole Year,Cashewnut,623.42,502.01,0.805251676
Kerala,WAYANAD,2010,Whole Year,Coconut,10043.34,50745000,5052.602023
Kerala,WAYANAD,2010,Whole Year,Dry ginger,2673.44,19413.99,7.261801275
Kerala,WAYANAD,2010,Whole Year,Sugarcane,2.47,17.6,7.125506073
Kerala,WAYANAD,2010,Whole Year,Tapioca,2265.1,118922.98,52.50230895
Kerala,WAYANAD,2010,Whole Year,Turmeric,160.81,516.14,3.209626267
Kerala,WAYANAD,2010,Winter,Rice,9218.78,22644.74,2.456370583
Kerala,WAYANAD,2011,Kharif,Sesamum,0.28,0.02,0.071428571
Kerala,WAYANAD,2011,Summer,Rice,1336.82,3551.95,2.657014407
Kerala,WAYANAD,2011,Whole Year,Arecanut,11581.77,6078.91,0.524868824
Kerala,WAYANAD,2011,Whole Year,Banana,12358.78,107243.88,8.677545842
Kerala,WAYANAD,2011,Whole Year,Black pepper,8421.93,2691.7,0.319606076
Kerala,WAYANAD,2011,Whole Year,Cardamom,4106,362,0.088163663
Kerala,WAYANAD,2011,Whole Year,Cashewnut,799.46,339.54,0.42471168
Kerala,WAYANAD,2011,Whole Year,Coconut,10515.38,48039000,4568.451164
Kerala,WAYANAD,2011,Whole Year,Dry ginger,2953.16,20028.32,6.781996235
Kerala,WAYANAD,2011,Whole Year,Potato,12,141,11.75
Kerala,WAYANAD,2011,Whole Year,Sugarcane,3.08,,
Kerala,WAYANAD,2011,Whole Year,Tapioca,2371.45,117195.55,49.41936368
Kerala,WAYANAD,2011,Whole Year,Turmeric,184.47,639.72,3.467880956
Kerala,WAYANAD,2011,Winter,Rice,7658.14,19974.22,2.608233853
Kerala,WAYANAD,2012,Summer,Rice,1034,2765,2.674081238
Kerala,WAYANAD,2012,Whole Year,Arecanut,11553,5796,0.501687873
Kerala,WAYANAD,2012,Whole Year,Arhar/Tur,72,108,1.5
Kerala,WAYANAD,2012,Whole Year,Banana,12086,94955,7.856610955
Kerala,WAYANAD,2012,Whole Year,Black pepper,8945,3706,0.41430967
Kerala,WAYANAD,2012,Whole Year,Cardamom,4120,610,0.148058252
Kerala,WAYANAD,2012,Whole Year,Cashewnut,748,356,0.475935829
Kerala,WAYANAD,2012,Whole Year,Coconut,9995,46000000,4602.301151
Kerala,WAYANAD,2012,Whole Year,Cowpea(Lobia),685,,
Kerala,WAYANAD,2012,Whole Year,Drum Stick,417,149,0.357314149
Kerala,WAYANAD,2012,Whole Year,Dry ginger,1893,11846,6.257791865
Kerala,WAYANAD,2012,Whole Year,Horse-gram,2,,
Kerala,WAYANAD,2012,Whole Year,Jack Fruit,7854,,
Kerala,WAYANAD,2012,Whole Year,Jowar,6,5,0.833333333
Kerala,WAYANAD,2012,Whole Year,Mango,4226,10210,2.415996214
Kerala,WAYANAD,2012,Whole Year,Papaya,352,3045,8.650568182
Kerala,WAYANAD,2012,Whole Year,Pineapple,32,139,4.34375
Kerala,WAYANAD,2012,Whole Year,Pump Kin,179,,
Kerala,WAYANAD,2012,Whole Year,Sesamum,4,1,0.25
Kerala,WAYANAD,2012,Whole Year,Sugarcane,2,,
Kerala,WAYANAD,2012,Whole Year,Sweet potato,6,94,15.66666667
Kerala,WAYANAD,2012,Whole Year,Tapioca,2134,95950,44.96251172
Kerala,WAYANAD,2012,Whole Year,Turmeric,179,525,2.932960894
Kerala,WAYANAD,2012,Winter,Rice,9196,25287,2.749782514
Kerala,WAYANAD,2012,Winter,Sesamum,4,1,0.25
Kerala,WAYANAD,2013,Summer,Rice,1522,4062,2.668856767
Kerala,WAYANAD,2013,Whole Year,Arecanut,12181,3985,0.327148838
Kerala,WAYANAD,2013,Whole Year,Arhar/Tur,48,72,1.5
Kerala,WAYANAD,2013,Whole Year,Banana,11579,98518,8.508334053
Kerala,WAYANAD,2013,Whole Year,Black pepper,9527,2751,0.288758266
Kerala,WAYANAD,2013,Whole Year,Cardamom,4125,650,0.157575758
Kerala,WAYANAD,2013,Whole Year,Cashewnut,850,266,0.312941176
Kerala,WAYANAD,2013,Whole Year,Coconut,11725,65000000,5543.710021
Kerala,WAYANAD,2013,Whole Year,Cowpea(Lobia),1,,
Kerala,WAYANAD,2013,Whole Year,Drum Stick,468,167,0.356837607
Kerala,WAYANAD,2013,Whole Year,Dry ginger,1992,11006,5.525100402
Kerala,WAYANAD,2013,Whole Year,Jowar,4,3,0.75
Kerala,WAYANAD,2013,Whole Year,Mango,5710,25581,4.480035026
Kerala,WAYANAD,2013,Whole Year,Pump Kin,154,,
Kerala,WAYANAD,2013,Whole Year,Sugarcane,1,,
Kerala,WAYANAD,2013,Whole Year,Sweet potato,6,96,16
Kerala,WAYANAD,2013,Whole Year,Tapioca,1323,55172,41.70219199
Kerala,WAYANAD,2013,Whole Year,Turmeric,168,503,2.994047619
Kerala,WAYANAD,2013,Winter,Rice,9959,26693,2.680289186
Kerala,WAYANAD,2014,Summer,Rice,1039,2844,2.737247353
Kerala,WAYANAD,2014,Whole Year,Arecanut,11613,6071,0.522776199
Kerala,WAYANAD,2014,Whole Year,Arhar/Tur,648,518,0.799382716
Kerala,WAYANAD,2014,Whole Year,Banana,10719,100284,9.355723482
Kerala,WAYANAD,2014,Whole Year,Black pepper,10064,4794,0.476351351
Kerala,WAYANAD,2014,Whole Year,Cardamom,4125,690,0.167272727
Kerala,WAYANAD,2014,Whole Year,Cashewnut,718,224,0.311977716
Kerala,WAYANAD,2014,Whole Year,Coconut,10326,59000000,5713.732326
Kerala,WAYANAD,2014,Whole Year,Dry ginger,1925,10992,5.71012987
Kerala,WAYANAD,2014,Whole Year,Maize,1,,
Kerala,WAYANAD,2014,Whole Year,Pump Kin,135,,
Kerala,WAYANAD,2014,Whole Year,Sesamum,1,0.45,0.45
Kerala,WAYANAD,2014,Whole Year,Sugarcane,0.75,,
Kerala,WAYANAD,2014,Whole Year,Sweet potato,8,127,15.875
Kerala,WAYANAD,2014,Whole Year,Tapioca,2327,99788,42.88268156
Kerala,WAYANAD,2014,Whole Year,Turmeric,161,481,2.98757764
Kerala,WAYANAD,2014,Winter,Rice,8651,23324,2.696104497
Madhya Pradesh,AGAR MALWA,2013,Kharif,Arhar/Tur,1834,739,0.402944384
Madhya Pradesh,AGAR MALWA,2013,Kharif,Bajra,5,4,0.8
Madhya Pradesh,AGAR MALWA,2013,Kharif,Barley,286,466,1.629370629
Madhya Pradesh,AGAR MALWA,2013,Kharif,Groundnut,1077,1138,1.056638812
Madhya Pradesh,AGAR MALWA,2013,Kharif,Jowar,2750,3347,1.217090909
Madhya Pradesh,AGAR MALWA,2013,Kharif,Maize,15270,16578,1.085658153
Madhya Pradesh,AGAR MALWA,2013,Kharif,Moong(Green Gram),424,143,0.337264151
Madhya Pradesh,AGAR MALWA,2013,Kharif,Other Kharif pulses,55,3,0.054545455
Madhya Pradesh,AGAR MALWA,2013,Kharif,Rice,2,1,0.5
Madhya Pradesh,AGAR MALWA,2013,Kharif,Sannhamp,21,50,2.380952381
Madhya Pradesh,AGAR MALWA,2013,Kharif,Soyabean,137322,80718,0.587800935
Madhya Pradesh,AGAR MALWA,2013,Kharif,Urad,1892,687,0.363107822
Madhya Pradesh,AGAR MALWA,2013,Rabi,Gram,41916,27026,0.644765722
Madhya Pradesh,AGAR MALWA,2013,Rabi,Linseed,33,25,0.757575758
Madhya Pradesh,AGAR MALWA,2013,Rabi,Masoor,7170,3886,0.541980474
Madhya Pradesh,AGAR MALWA,2013,Rabi,Other  Rabi pulses,23,7,0.304347826
Madhya Pradesh,AGAR MALWA,2013,Rabi,Peas & beans (Pulses),255,147,0.576470588
Madhya Pradesh,AGAR MALWA,2013,Rabi,Rapeseed &Mustard,5205,4828,0.927569645
Madhya Pradesh,AGAR MALWA,2013,Rabi,Wheat,40434,91502,2.262996488
Madhya Pradesh,AGAR MALWA,2013,Whole Year,Coriander,14333,6909,0.482034466
Madhya Pradesh,AGAR MALWA,2013,Whole Year,Dry chillies,598,300,0.501672241
Madhya Pradesh,AGAR MALWA,2013,Whole Year,Dry ginger,2,2,1
Madhya Pradesh,AGAR MALWA,2013,Whole Year,Garlic,1572,2644,1.681933842
Madhya Pradesh,AGAR MALWA,2013,Whole Year,Onion,2015,25913,12.86004963
Madhya Pradesh,AGAR MALWA,2013,Whole Year,Potato,795,10679,13.4327044
Madhya Pradesh,AGAR MALWA,2013,Whole Year,Sesamum,671,296,0.441132638
Madhya Pradesh,AGAR MALWA,2013,Whole Year,Sugarcane,14,530,37.85714286
Madhya Pradesh,AGAR MALWA,2013,Whole Year,Sweet potato,66,433,6.560606061
Madhya Pradesh,ALIRAJPUR,2008,Kharif,Arhar/Tur,2421,1270,0.524576621
Madhya Pradesh,ALIRAJPUR,2008,Kharif,Bajra,16862,11650,0.690902621
Madhya Pradesh,ALIRAJPUR,2008,Kharif,Castor seed,482,202,0.419087137
Madhya Pradesh,ALIRAJPUR,2008,Kharif,Cotton(lint),5122,776,0.151503319
Madhya Pradesh,ALIRAJPUR,2008,Kharif,Groundnut,10627,10717,1.008468994
Madhya Pradesh,ALIRAJPUR,2008,Kharif,Horse-gram,10047,4340,0.431969742
Madhya Pradesh,ALIRAJPUR,2008,Kharif,Jowar,13113,13442,1.025089606
Madhya Pradesh,ALIRAJPUR,2008,Kharif,Maize,37707,45428,1.204763041
Madhya Pradesh,ALIRAJPUR,2008,Kharif,Rice,7665,3561,0.464579256
Madhya Pradesh,ALIRAJPUR,2008,Kharif,Sannhamp,37,17,0.459459459
Madhya Pradesh,ALIRAJPUR,2008,Kharif,Soyabean,11244,8536,0.759160441
Madhya Pradesh,ALIRAJPUR,2008,Kharif,Urad,56305,27252,0.484006749
Madhya Pradesh,ALIRAJPUR,2008,Rabi,Barley,11,11,1
Madhya Pradesh,ALIRAJPUR,2008,Rabi,Gram,7912,4415,0.558013145
Madhya Pradesh,ALIRAJPUR,2008,Rabi,Jowar,1055,1252,1.186729858
Madhya Pradesh,ALIRAJPUR,2008,Rabi,Peas & beans (Pulses),17,9,0.529411765
Madhya Pradesh,ALIRAJPUR,2008,Rabi,Wheat,14047,25303,1.801309888
Madhya Pradesh,ALIRAJPUR,2008,Whole Year,Garlic,64,144,2.25
Madhya Pradesh,ALIRAJPUR,2008,Whole Year,Onion,84,832,9.904761905
Madhya Pradesh,ALIRAJPUR,2008,Whole Year,Sesamum,83,33,0.397590361
Madhya Pradesh,ALIRAJPUR,2008,Whole Year,Small millets,1801,505,0.280399778
Madhya Pradesh,ALIRAJPUR,2008,Whole Year,Sugarcane,3,90,30
Madhya Pradesh,ALIRAJPUR,2008,Whole Year,Sweet potato,9,57,6.333333333
Madhya Pradesh,ALIRAJPUR,2008,Whole Year,Turmeric,2,2,1
Madhya Pradesh,ALIRAJPUR,2009,Kharif,Horse-gram,9466,3832,0.404817241
Madhya Pradesh,ALIRAJPUR,2009,Kharif,Jowar,13372,15520,1.160634161
Madhya Pradesh,ALIRAJPUR,2009,Kharif,Moong(Green Gram),1292,485,0.375386997
Madhya Pradesh,ALIRAJPUR,2009,Kharif,Small millets,1892,459,0.242600423
Madhya Pradesh,ALIRAJPUR,2009,Kharif,Urad,54620,27337,0.500494324
Madhya Pradesh,ALIRAJPUR,2009,Rabi,Jowar,1448,1869,1.290745856
Madhya Pradesh,ALIRAJPUR,2009,Rabi,Moong(Green Gram),58,15,0.25862069
Madhya Pradesh,ALIRAJPUR,2009,Whole Year,Arhar/Tur,2751,1462,0.531443112
Madhya Pradesh,ALIRAJPUR,2009,Whole Year,Bajra,16308,9956,0.610497915
Madhya Pradesh,ALIRAJPUR,2009,Whole Year,Castor seed,429,184,0.428904429
Madhya Pradesh,ALIRAJPUR,2009,Whole Year,Cotton(lint),5011,536,0.106964678
Madhya Pradesh,ALIRAJPUR,2009,Whole Year,Dry chillies,408,781,1.914215686
Madhya Pradesh,ALIRAJPUR,2009,Whole Year,Dry ginger,9,11,1.222222222
Madhya Pradesh,ALIRAJPUR,2009,Whole Year,Garlic,71,179,2.521126761
Madhya Pradesh,ALIRAJPUR,2009,Whole Year,Gram,8716,5389,0.618288206
Madhya Pradesh,ALIRAJPUR,2009,Whole Year,Groundnut,9971,10035,1.006418614
Madhya Pradesh,ALIRAJPUR,2009,Whole Year,Linseed,4,2,0.5
Madhya Pradesh,ALIRAJPUR,2009,Whole Year,Maize,38269,34443,0.900023518
Madhya Pradesh,ALIRAJPUR,2009,Whole Year,Mesta,38,13,0.342105263
Madhya Pradesh,ALIRAJPUR,2009,Whole Year,Onion,92,974,10.58695652
Madhya Pradesh,ALIRAJPUR,2009,Whole Year,Peas & beans (Pulses),7,3,0.428571429
Madhya Pradesh,ALIRAJPUR,2009,Whole Year,Potato,2,20,10
Madhya Pradesh,ALIRAJPUR,2009,Whole Year,Rice,7226,3008,0.416274564
Madhya Pradesh,ALIRAJPUR,2009,Whole Year,Sannhamp,56,23,0.410714286
Madhya Pradesh,ALIRAJPUR,2009,Whole Year,Sesamum,50,25,0.5
Madhya Pradesh,ALIRAJPUR,2009,Whole Year,Soyabean,14367,9770,0.680030626
Madhya Pradesh,ALIRAJPUR,2009,Whole Year,Sugarcane,1,30,30
Madhya Pradesh,ALIRAJPUR,2009,Whole Year,Sweet potato,15,80,5.333333333
Madhya Pradesh,ALIRAJPUR,2009,Whole Year,Turmeric,2,2,1
Madhya Pradesh,ALIRAJPUR,2009,Whole Year,Wheat,13700,24847,1.813649635
Madhya Pradesh,ALIRAJPUR,2010,Kharif,Arhar/Tur,2722,787,0.289125643
Madhya Pradesh,ALIRAJPUR,2010,Kharif,Bajra,16271,11789,0.724540594
Madhya Pradesh,ALIRAJPUR,2010,Kharif,Castor seed,542,235,0.433579336
Madhya Pradesh,ALIRAJPUR,2010,Kharif,Cotton(lint),5348,3381,0.632198953
Madhya Pradesh,ALIRAJPUR,2010,Kharif,Groundnut,10094,12298,1.218347533
Madhya Pradesh,ALIRAJPUR,2010,Kharif,Horse-gram,8698,3698,0.425155208
Madhya Pradesh,ALIRAJPUR,2010,Kharif,Jowar,13954,17750,1.272036692
Madhya Pradesh,ALIRAJPUR,2010,Kharif,Maize,38468,43669,1.135203286
Madhya Pradesh,ALIRAJPUR,2010,Kharif,Moong(Green Gram),1672,628,0.375598086
Madhya Pradesh,ALIRAJPUR,2010,Kharif,Other Kharif pulses,818,207,0.253056235
Madhya Pradesh,ALIRAJPUR,2010,Kharif,Rice,7122,5226,0.733782645
Madhya Pradesh,ALIRAJPUR,2010,Kharif,Small millets,1609,452,0.280919826
Madhya Pradesh,ALIRAJPUR,2010,Kharif,Soyabean,15590,12022,0.771135343
Madhya Pradesh,ALIRAJPUR,2010,Kharif,Urad,53651,26852,0.500493933
Madhya Pradesh,ALIRAJPUR,2010,Rabi,Barley,3,3,1
Madhya Pradesh,ALIRAJPUR,2010,Rabi,Gram,9160,5085,0.555131004
Madhya Pradesh,ALIRAJPUR,2010,Rabi,Jowar,1290,1551,1.202325581
Madhya Pradesh,ALIRAJPUR,2010,Rabi,Linseed,3,2,0.666666667
Madhya Pradesh,ALIRAJPUR,2010,Rabi,Moong(Green Gram),92,18,0.195652174
Madhya Pradesh,ALIRAJPUR,2010,Rabi,Peas & beans (Pulses),15,5,0.333333333
Madhya Pradesh,ALIRAJPUR,2010,Rabi,Wheat,15612,28584,1.830899308
Madhya Pradesh,ALIRAJPUR,2010,Whole Year,Coriander,24,12,0.5
Madhya Pradesh,ALIRAJPUR,2010,Whole Year,Dry chillies,407,867,2.13022113
Madhya Pradesh,ALIRAJPUR,2010,Whole Year,Dry ginger,8,11,1.375
Madhya Pradesh,ALIRAJPUR,2010,Whole Year,Garlic,82,146,1.780487805
Madhya Pradesh,ALIRAJPUR,2010,Whole Year,Mesta,19,37,1.947368421
Madhya Pradesh,ALIRAJPUR,2010,Whole Year,Onion,109,1360,12.47706422
Madhya Pradesh,ALIRAJPUR,2010,Whole Year,Sannhamp,68,156,2.294117647
Madhya Pradesh,ALIRAJPUR,2010,Whole Year,Sesamum,68,37,0.544117647
Madhya Pradesh,ALIRAJPUR,2010,Whole Year,Sweet potato,30,129,4.3
Madhya Pradesh,ALIRAJPUR,2010,Whole Year,Turmeric,2,2,1
Madhya Pradesh,ALIRAJPUR,2011,Kharif,Arhar/Tur,2677,1006,0.375793799
Madhya Pradesh,ALIRAJPUR,2011,Kharif,Bajra,15630,11110,0.71081254
Madhya Pradesh,ALIRAJPUR,2011,Kharif,Barley,10,12,1.2
Madhya Pradesh,ALIRAJPUR,2011,Kharif,Castor seed,487,139,0.285420945
Madhya Pradesh,ALIRAJPUR,2011,Kharif,Cotton(lint),6223,6776,1.088863892
Madhya Pradesh,ALIRAJPUR,2011,Kharif,Groundnut,10139,11719,1.155833909
Madhya Pradesh,ALIRAJPUR,2011,Kharif,Horse-gram,8326,2570,0.308671631
Madhya Pradesh,ALIRAJPUR,2011,Kharif,Jowar,13694,14990,1.094639988
Madhya Pradesh,ALIRAJPUR,2011,Kharif,Maize,38919,31776,0.816464966
Madhya Pradesh,ALIRAJPUR,2011,Kharif,Mesta,27,33,1.222222222
Madhya Pradesh,ALIRAJPUR,2011,Kharif,Moong(Green Gram),1501,378,0.251832112
Madhya Pradesh,ALIRAJPUR,2011,Kharif,Other Kharif pulses,1164,224,0.192439863
Madhya Pradesh,ALIRAJPUR,2011,Kharif,Rice,6823,5131,0.752015243
Madhya Pradesh,ALIRAJPUR,2011,Kharif,Sannhamp,64,106,1.65625
Madhya Pradesh,ALIRAJPUR,2011,Kharif,Small millets,1476,320,0.216802168
Madhya Pradesh,ALIRAJPUR,2011,Kharif,Soyabean,15785,11507,0.728983212
Madhya Pradesh,ALIRAJPUR,2011,Kharif,Urad,53867,17847,0.331316019
Madhya Pradesh,ALIRAJPUR,2011,Rabi,Gram,8123,4053,0.498953589
Madhya Pradesh,ALIRAJPUR,2011,Rabi,Jowar,1010,1323,1.30990099
Madhya Pradesh,ALIRAJPUR,2011,Rabi,Moong(Green Gram),51,10,0.196078431
Madhya Pradesh,ALIRAJPUR,2011,Rabi,Other  Rabi pulses,17,,
Madhya Pradesh,ALIRAJPUR,2011,Rabi,Peas & beans (Pulses),17,6,0.352941176
Madhya Pradesh,ALIRAJPUR,2011,Rabi,Wheat,14773,28261,1.91301699
Madhya Pradesh,ALIRAJPUR,2011,Whole Year,Coriander,21,9,0.428571429
Madhya Pradesh,ALIRAJPUR,2011,Whole Year,Dry chillies,462,950,2.056277056
Madhya Pradesh,ALIRAJPUR,2011,Whole Year,Dry ginger,19,19,1
Madhya Pradesh,ALIRAJPUR,2011,Whole Year,Garlic,101,204,2.01980198
Madhya Pradesh,ALIRAJPUR,2011,Whole Year,Onion,126,1566,12.42857143
Madhya Pradesh,ALIRAJPUR,2011,Whole Year,Sesamum,68,39,0.573529412
Madhya Pradesh,ALIRAJPUR,2011,Whole Year,Sweet potato,15,76,5.066666667
Madhya Pradesh,ALIRAJPUR,2011,Whole Year,Turmeric,2,2,1
Madhya Pradesh,ALIRAJPUR,2012,Kharif,Arhar/Tur,2481,1295,0.521966949
Madhya Pradesh,ALIRAJPUR,2012,Kharif,Bajra,15577,19716,1.265712268
Madhya Pradesh,ALIRAJPUR,2012,Kharif,Barley,48,48,1
Madhya Pradesh,ALIRAJPUR,2012,Kharif,Castor seed,570,223,0.39122807
Madhya Pradesh,ALIRAJPUR,2012,Kharif,Cotton(lint),7239,9035,1.248100566
Madhya Pradesh,ALIRAJPUR,2012,Kharif,Groundnut,8670,9147,1.055017301
Madhya Pradesh,ALIRAJPUR,2012,Kharif,Horse-gram,8281,4109,0.496196112
Madhya Pradesh,ALIRAJPUR,2012,Kharif,Jowar,13471,17217,1.278078836
Madhya Pradesh,ALIRAJPUR,2012,Kharif,Maize,39203,76316,1.946687753
Madhya Pradesh,ALIRAJPUR,2012,Kharif,Mesta,25,6,0.24
Madhya Pradesh,ALIRAJPUR,2012,Kharif,Moong(Green Gram),1379,622,0.451051487
Madhya Pradesh,ALIRAJPUR,2012,Kharif,Other Kharif pulses,1001,185,0.184815185
Madhya Pradesh,ALIRAJPUR,2012,Kharif,Rice,7082,3857,0.544620164
Madhya Pradesh,ALIRAJPUR,2012,Kharif,Sannhamp,57,100,1.754385965
Madhya Pradesh,ALIRAJPUR,2012,Kharif,Small millets,1376,442,0.32122093
Madhya Pradesh,ALIRAJPUR,2012,Kharif,Soyabean,16206,15787,0.974145378
Madhya Pradesh,ALIRAJPUR,2012,Kharif,Urad,53353,30598,0.573501021
Madhya Pradesh,ALIRAJPUR,2012,Rabi,Gram,8582,4563,0.531694244
Madhya Pradesh,ALIRAJPUR,2012,Rabi,Jowar,1001,1901,1.899100899
Madhya Pradesh,ALIRAJPUR,2012,Rabi,Moong(Green Gram),88,28,0.318181818
Madhya Pradesh,ALIRAJPUR,2012,Rabi,Peas & beans (Pulses),37,19,0.513513514
Madhya Pradesh,ALIRAJPUR,2012,Rabi,Wheat,17561,53421,3.042024942
Madhya Pradesh,ALIRAJPUR,2012,Whole Year,Coriander,54,23,0.425925926
Madhya Pradesh,ALIRAJPUR,2012,Whole Year,Dry chillies,526,1073,2.039923954
Madhya Pradesh,ALIRAJPUR,2012,Whole Year,Dry ginger,24,33,1.375
Madhya Pradesh,ALIRAJPUR,2012,Whole Year,Garlic,136,315,2.316176471
Madhya Pradesh,ALIRAJPUR,2012,Whole Year,Onion,185,2540,13.72972973
Madhya Pradesh,ALIRAJPUR,2012,Whole Year,Sesamum,66,32,0.484848485
Madhya Pradesh,ALIRAJPUR,2012,Whole Year,Sugarcane,6,220,36.66666667
Madhya Pradesh,ALIRAJPUR,2012,Whole Year,Sweet potato,11,69,6.272727273
Madhya Pradesh,ALIRAJPUR,2012,Whole Year,Turmeric,24,22,0.916666667
Madhya Pradesh,ALIRAJPUR,2013,Kharif,Arhar/Tur,2639,1042,0.394846533
Madhya Pradesh,ALIRAJPUR,2013,Kharif,Bajra,13619,18378,1.349438285
Madhya Pradesh,ALIRAJPUR,2013,Kharif,Barley,49,61,1.244897959
Madhya Pradesh,ALIRAJPUR,2013,Kharif,Castor seed,513,352,0.686159844
Madhya Pradesh,ALIRAJPUR,2013,Kharif,Cotton(lint),7870,16717,2.124142313
Madhya Pradesh,ALIRAJPUR,2013,Kharif,Groundnut,10067,8635,0.857753055
Madhya Pradesh,ALIRAJPUR,2013,Kharif,Horse-gram,7694,4838,0.628801664
Madhya Pradesh,ALIRAJPUR,2013,Kharif,Jowar,13289,21633,1.627887727
Madhya Pradesh,ALIRAJPUR,2013,Kharif,Maize,38841,30247,0.778738961
Madhya Pradesh,ALIRAJPUR,2013,Kharif,Mesta,21,32,1.523809524
Madhya Pradesh,ALIRAJPUR,2013,Kharif,Moong(Green Gram),1371,436,0.318016047
Madhya Pradesh,ALIRAJPUR,2013,Kharif,Other Kharif pulses,1122,190,0.169340463
Madhya Pradesh,ALIRAJPUR,2013,Kharif,Rice,6947,4361,0.627752987
Madhya Pradesh,ALIRAJPUR,2013,Kharif,Sannhamp,66,134,2.03030303
Madhya Pradesh,ALIRAJPUR,2013,Kharif,Small millets,1319,572,0.433661865
Madhya Pradesh,ALIRAJPUR,2013,Kharif,Soyabean,16990,8793,0.517539729
Madhya Pradesh,ALIRAJPUR,2013,Kharif,Urad,53493,18948,0.35421457
Madhya Pradesh,ALIRAJPUR,2013,Rabi,Gram,10224,9764,0.955007825
Madhya Pradesh,ALIRAJPUR,2013,Rabi,Jowar,1212,1951,1.609735974
Madhya Pradesh,ALIRAJPUR,2013,Rabi,Moong(Green Gram),292,140,0.479452055
Madhya Pradesh,ALIRAJPUR,2013,Rabi,Peas & beans (Pulses),62,61,0.983870968
Madhya Pradesh,ALIRAJPUR,2013,Rabi,Wheat,21006,54048,2.572979149
Madhya Pradesh,ALIRAJPUR,2013,Whole Year,Coriander,66,48,0.727272727
Madhya Pradesh,ALIRAJPUR,2013,Whole Year,Dry chillies,529,924,1.746691871
Madhya Pradesh,ALIRAJPUR,2013,Whole Year,Dry ginger,27,62,2.296296296
Madhya Pradesh,ALIRAJPUR,2013,Whole Year,Garlic,150,319,2.126666667
Madhya Pradesh,ALIRAJPUR,2013,Whole Year,Onion,194,1597,8.231958763
Madhya Pradesh,ALIRAJPUR,2013,Whole Year,Sesamum,310,226,0.729032258
Madhya Pradesh,ALIRAJPUR,2013,Whole Year,Sugarcane,8,400,50
Madhya Pradesh,ALIRAJPUR,2013,Whole Year,Sweet potato,9,41,4.555555556
Madhya Pradesh,ALIRAJPUR,2013,Whole Year,Turmeric,81,70,0.864197531
Madhya Pradesh,ANUPPUR,2002,Whole Year,Sugarcane,9,0,0
Madhya Pradesh,ANUPPUR,2003,Kharif,Arhar/Tur,3722,1895,0.509134874
Madhya Pradesh,ANUPPUR,2003,Kharif,Bajra,1,2,2
Madhya Pradesh,ANUPPUR,2003,Kharif,Dry ginger,112,148,1.321428571
Madhya Pradesh,ANUPPUR,2003,Kharif,Groundnut,517,370,0.715667311
Madhya Pradesh,ANUPPUR,2003,Kharif,Horse-gram,125,28,0.224
Madhya Pradesh,ANUPPUR,2003,Kharif,Jowar,384,354,0.921875
Madhya Pradesh,ANUPPUR,2003,Kharif,Maize,12105,15439,1.275423379
Madhya Pradesh,ANUPPUR,2003,Kharif,Niger seed,11624,3312,0.284927736
Madhya Pradesh,ANUPPUR,2003,Kharif,Other Kharif pulses,2920,819,0.280479452
Madhya Pradesh,ANUPPUR,2003,Kharif,other misc. pulses,15,0.01,0.000666667
Madhya Pradesh,ANUPPUR,2003,Kharif,Rice,98997,63427,0.640696183
Madhya Pradesh,ANUPPUR,2003,Kharif,Sesamum,1299,300,0.230946882
Madhya Pradesh,ANUPPUR,2003,Kharif,Small millets,19757,6865,0.347471782
Madhya Pradesh,ANUPPUR,2003,Kharif,Soyabean,1409,709,0.503193754
Madhya Pradesh,ANUPPUR,2003,Kharif,Urad,2787,766,0.274847506
Madhya Pradesh,ANUPPUR,2003,Rabi,Barley,57,35,0.614035088
Madhya Pradesh,ANUPPUR,2003,Rabi,Gram,3644,1963,0.538693743
Madhya Pradesh,ANUPPUR,2003,Rabi,Linseed,3946,1125,0.285098834
Madhya Pradesh,ANUPPUR,2003,Rabi,Other  Rabi pulses,8168,3367,0.412218413
Madhya Pradesh,ANUPPUR,2003,Rabi,Rapeseed &Mustard,9012,2741,0.304150022
Madhya Pradesh,ANUPPUR,2003,Rabi,Urad,2,1,0.5
Madhya Pradesh,ANUPPUR,2003,Rabi,Wheat,14438,10222,0.707992797
Madhya Pradesh,ANUPPUR,2003,Whole Year,Banana,2,35,17.5
Madhya Pradesh,ANUPPUR,2003,Whole Year,Beans & Mutter(Vegetable),25,0,0
Madhya Pradesh,ANUPPUR,2003,Whole Year,Bhindi,146,0,0
Madhya Pradesh,ANUPPUR,2003,Whole Year,Brinjal,94,0,0
Madhya Pradesh,ANUPPUR,2003,Whole Year,Cabbage,50,0,0
Madhya Pradesh,ANUPPUR,2003,Whole Year,Cauliflower,86,0,0
Madhya Pradesh,ANUPPUR,2003,Whole Year,Coriander,82,21,0.256097561
Madhya Pradesh,ANUPPUR,2003,Whole Year,Dry chillies,55,21,0.381818182
Madhya Pradesh,ANUPPUR,2003,Whole Year,Garlic,60,139,2.316666667
Madhya Pradesh,ANUPPUR,2003,Whole Year,Mango,26,0,0
Madhya Pradesh,ANUPPUR,2003,Whole Year,Onion,76,689,9.065789474
Madhya Pradesh,ANUPPUR,2003,Whole Year,Other Vegetables,185,0,0
Madhya Pradesh,ANUPPUR,2003,Whole Year,Potato,193,2068,10.71502591
Madhya Pradesh,ANUPPUR,2003,Whole Year,Sannhamp,70,122,1.742857143
Madhya Pradesh,ANUPPUR,2003,Whole Year,Sugarcane,9,230,25.55555556
Madhya Pradesh,ANUPPUR,2003,Whole Year,Sweet potato,38,203,5.342105263
Madhya Pradesh,ANUPPUR,2003,Whole Year,Tomato,130,0,0
Madhya Pradesh,ANUPPUR,2004,Kharif,Arhar/Tur,3533,1777,0.502971978
Madhya Pradesh,ANUPPUR,2004,Kharif,Dry ginger,129,176,1.364341085
Madhya Pradesh,ANUPPUR,2004,Kharif,Groundnut,518,430,0.83011583
Madhya Pradesh,ANUPPUR,2004,Kharif,Horse-gram,96,26,0.270833333
Madhya Pradesh,ANUPPUR,2004,Kharif,Jowar,292,254,0.869863014
Madhya Pradesh,ANUPPUR,2004,Kharif,Maize,12232,12442,1.017168084
Madhya Pradesh,ANUPPUR,2004,Kharif,Niger seed,11630,3374,0.29011178
Madhya Pradesh,ANUPPUR,2004,Kharif,Rice,101146,48614,0.480631958
Madhya Pradesh,ANUPPUR,2004,Kharif,Sesamum,1175,296,0.251914894
Madhya Pradesh,ANUPPUR,2004,Kharif,Small millets,18885,5902,0.312523167
Madhya Pradesh,ANUPPUR,2004,Kharif,Soyabean,1204,544,0.451827243
Madhya Pradesh,ANUPPUR,2004,Kharif,Urad,2919,1123,0.384720795
Madhya Pradesh,ANUPPUR,2004,Rabi,Barley,65,36,0.553846154
Madhya Pradesh,ANUPPUR,2004,Rabi,Gram,3490,1714,0.491117479
Madhya Pradesh,ANUPPUR,2004,Rabi,Linseed,3909,1126,0.288053211
Madhya Pradesh,ANUPPUR,2004,Rabi,Masoor,7444,1148,0.154218162
Madhya Pradesh,ANUPPUR,2004,Rabi,Rapeseed &Mustard,9136,2821,0.308778459
Madhya Pradesh,ANUPPUR,2004,Rabi,Wheat,13626,8967,0.658080141
Madhya Pradesh,ANUPPUR,2004,Whole Year,Coriander,70,19,0.271428571
Madhya Pradesh,ANUPPUR,2004,Whole Year,Garlic,27,75,2.777777778
Madhya Pradesh,ANUPPUR,2004,Whole Year,Onion,56,703,12.55357143
Madhya Pradesh,ANUPPUR,2004,Whole Year,Potato,180,2084,11.57777778
Madhya Pradesh,ANUPPUR,2004,Whole Year,Sugarcane,7,180,25.71428571
Madhya Pradesh,ANUPPUR,2004,Whole Year,Sweet potato,40,231,5.775
Madhya Pradesh,ANUPPUR,2004,Whole Year,Turmeric,10,8,0.8
Madhya Pradesh,ANUPPUR,2005,Kharif,Arhar/Tur,3844,1578,0.410509886
Madhya Pradesh,ANUPPUR,2005,Kharif,Groundnut,492,340,0.691056911
Madhya Pradesh,ANUPPUR,2005,Kharif,Horse-gram,85,25,0.294117647
Madhya Pradesh,ANUPPUR,2005,Kharif,Jowar,274,218,0.795620438
Madhya Pradesh,ANUPPUR,2005,Kharif,Maize,12186,12459,1.022402757
Madhya Pradesh,ANUPPUR,2005,Kharif,Moong(Green Gram),4,1,0.25
Madhya Pradesh,ANUPPUR,2005,Kharif,Niger seed,11793,3595,0.304841855
Madhya Pradesh,ANUPPUR,2005,Kharif,Rice,101813,109440,1.074911848
Madhya Pradesh,ANUPPUR,2005,Kharif,Sesamum,1084,187,0.172509225
Madhya Pradesh,ANUPPUR,2005,Kharif,Small millets,3,1,0.333333333
Madhya Pradesh,ANUPPUR,2005,Kharif,Soyabean,1274,636,0.499215071
Madhya Pradesh,ANUPPUR,2005,Kharif,Urad,2802,1091,0.389364739
Madhya Pradesh,ANUPPUR,2005,Rabi,Barley,61,42,0.68852459
Madhya Pradesh,ANUPPUR,2005,Rabi,Gram,3463,1473,0.42535374
Madhya Pradesh,ANUPPUR,2005,Rabi,Linseed,4108,1074,0.261441091
Madhya Pradesh,ANUPPUR,2005,Rabi,Masoor,7819,3203,0.409643177
Madhya Pradesh,ANUPPUR,2005,Rabi,Peas & beans (Pulses),1384,437,0.315751445
Madhya Pradesh,ANUPPUR,2005,Rabi,Rapeseed &Mustard,9275,3307,0.356549865
Madhya Pradesh,ANUPPUR,2005,Rabi,Wheat,13841,9830,0.7102088
Madhya Pradesh,ANUPPUR,2005,Whole Year,Onion,80,847,10.5875
Madhya Pradesh,ANUPPUR,2005,Whole Year,Potato,194,2147,11.06701031
Madhya Pradesh,ANUPPUR,2005,Whole Year,Sweet potato,45,264,5.866666667
Madhya Pradesh,ANUPPUR,2006,Kharif,Arhar/Tur,3742,1432,0.382683057
Madhya Pradesh,ANUPPUR,2006,Kharif,Dry ginger,161,223,1.385093168
Madhya Pradesh,ANUPPUR,2006,Kharif,Groundnut,532,359,0.67481203
Madhya Pradesh,ANUPPUR,2006,Kharif,Horse-gram,87,25,0.287356322
Madhya Pradesh,ANUPPUR,2006,Kharif,Jowar,276,230,0.833333333
Madhya Pradesh,ANUPPUR,2006,Kharif,Jute,64,122,1.90625
Madhya Pradesh,ANUPPUR,2006,Kharif,Maize,12059,7836,0.649805125
Madhya Pradesh,ANUPPUR,2006,Kharif,Mesta,3,7,2.333333333
Madhya Pradesh,ANUPPUR,2006,Kharif,Moong(Green Gram),12,3,0.25
Madhya Pradesh,ANUPPUR,2006,Kharif,Niger seed,11758,3259,0.277172989
Madhya Pradesh,ANUPPUR,2006,Kharif,Other Kharif pulses,80,30,0.375
Madhya Pradesh,ANUPPUR,2006,Kharif,Rice,101189,99704,0.985324492
Madhya Pradesh,ANUPPUR,2006,Kharif,Small millets,17848,5089,0.285129987
Madhya Pradesh,ANUPPUR,2006,Kharif,Soyabean,1321,643,0.48675246
Madhya Pradesh,ANUPPUR,2006,Kharif,Sunflower,4,1,0.25
Madhya Pradesh,ANUPPUR,2006,Kharif,Urad,2694,1049,0.389383816
Madhya Pradesh,ANUPPUR,2006,Rabi,Gram,3375,1314,0.389333333
Madhya Pradesh,ANUPPUR,2006,Rabi,Khesari,163,69,0.423312883
Madhya Pradesh,ANUPPUR,2006,Rabi,Linseed,4214,1103,0.261746559
Madhya Pradesh,ANUPPUR,2006,Rabi,Masoor,7811,3072,0.393291512
Madhya Pradesh,ANUPPUR,2006,Rabi,Other  Rabi pulses,13,5,0.384615385
Madhya Pradesh,ANUPPUR,2006,Rabi,Peas & beans (Pulses),1429,471,0.32960112
Madhya Pradesh,ANUPPUR,2006,Rabi,Rapeseed &Mustard,9125,3169,0.347287671
Madhya Pradesh,ANUPPUR,2006,Rabi,Wheat,13737,10118,0.736550921
Madhya Pradesh,ANUPPUR,2006,Whole Year,Banana,1,,
Madhya Pradesh,ANUPPUR,2006,Whole Year,Coriander,80,21,0.2625
Madhya Pradesh,ANUPPUR,2006,Whole Year,Dry chillies,82,38,0.463414634
Madhya Pradesh,ANUPPUR,2006,Whole Year,Garlic,27,46,1.703703704
Madhya Pradesh,ANUPPUR,2006,Whole Year,Onion,84,539,6.416666667
Madhya Pradesh,ANUPPUR,2006,Whole Year,Potato,212,2251,10.61792453
Madhya Pradesh,ANUPPUR,2006,Whole Year,Sesamum,1045,168,0.16076555
Madhya Pradesh,ANUPPUR,2006,Whole Year,Sugarcane,8,290,36.25
Madhya Pradesh,ANUPPUR,2006,Whole Year,Sweet potato,48,282,5.875
Madhya Pradesh,ANUPPUR,2007,Kharif,Arhar/Tur,3327,1022,0.307183649
Madhya Pradesh,ANUPPUR,2007,Kharif,Groundnut,539,286,0.530612245
Madhya Pradesh,ANUPPUR,2007,Kharif,Horse-gram,84,23,0.273809524
Madhya Pradesh,ANUPPUR,2007,Kharif,Jowar,295,217,0.73559322
Madhya Pradesh,ANUPPUR,2007,Kharif,Maize,11960,8889,0.743227425
Madhya Pradesh,ANUPPUR,2007,Kharif,Niger seed,10785,2630,0.243857209
Madhya Pradesh,ANUPPUR,2007,Kharif,Rice,101031,64536,0.638774238
Madhya Pradesh,ANUPPUR,2007,Kharif,Sannhamp,66,20,0.303030303
Madhya Pradesh,ANUPPUR,2007,Kharif,Soyabean,1805,597,0.330747922
Madhya Pradesh,ANUPPUR,2007,Kharif,Urad,2641,815,0.308595229
Madhya Pradesh,ANUPPUR,2007,Rabi,Barley,527,363,0.688804554
Madhya Pradesh,ANUPPUR,2007,Rabi,Gram,3280,1124,0.342682927
Madhya Pradesh,ANUPPUR,2007,Rabi,Khesari,150,47,0.313333333
Madhya Pradesh,ANUPPUR,2007,Rabi,Linseed,3836,932,0.242961418
Madhya Pradesh,ANUPPUR,2007,Rabi,Masoor,9137,3893,0.426069826
Madhya Pradesh,ANUPPUR,2007,Rabi,Peas & beans (Pulses),1535,580,0.377850163
Madhya Pradesh,ANUPPUR,2007,Rabi,Rapeseed &Mustard,8809,3302,0.37484391
Madhya Pradesh,ANUPPUR,2007,Rabi,Urad,1,,
Madhya Pradesh,ANUPPUR,2007,Rabi,Wheat,11964,8230,0.687897024
Madhya Pradesh,ANUPPUR,2007,Whole Year,Banana,1,20,20
Madhya Pradesh,ANUPPUR,2007,Whole Year,Coriander,110,29,0.263636364
Madhya Pradesh,ANUPPUR,2007,Whole Year,Garlic,23,55,2.391304348
Madhya Pradesh,ANUPPUR,2007,Whole Year,Onion,89,811,9.112359551
Madhya Pradesh,ANUPPUR,2007,Whole Year,Potato,235,2342,9.965957447
Madhya Pradesh,ANUPPUR,2007,Whole Year,Sesamum,1066,184,0.17260788
Madhya Pradesh,ANUPPUR,2007,Whole Year,Small millets,19,4,0.210526316
Madhya Pradesh,ANUPPUR,2007,Whole Year,Sugarcane,7,160,22.85714286
Madhya Pradesh,ANUPPUR,2007,Whole Year,Sweet potato,46,270,5.869565217
Madhya Pradesh,ANUPPUR,2007,Whole Year,Turmeric,12,10,0.833333333
Madhya Pradesh,ANUPPUR,2008,Kharif,Arhar/Tur,4023,1924,0.478250062
Madhya Pradesh,ANUPPUR,2008,Kharif,Groundnut,539,449,0.833024119
Madhya Pradesh,ANUPPUR,2008,Kharif,Horse-gram,155,38,0.24516129
Madhya Pradesh,ANUPPUR,2008,Kharif,Jowar,371,357,0.962264151
Madhya Pradesh,ANUPPUR,2008,Kharif,Maize,11947,9865,0.825730309
Madhya Pradesh,ANUPPUR,2008,Kharif,Niger seed,9902,2744,0.277115734
Madhya Pradesh,ANUPPUR,2008,Kharif,Rice,100199,104585,1.043772892
Madhya Pradesh,ANUPPUR,2008,Kharif,Sannhamp,63,18,0.285714286
Madhya Pradesh,ANUPPUR,2008,Kharif,Soyabean,2071,1142,0.551424433
Madhya Pradesh,ANUPPUR,2008,Kharif,Urad,2530,930,0.367588933
Madhya Pradesh,ANUPPUR,2008,Rabi,Barley,59,40,0.677966102
Madhya Pradesh,ANUPPUR,2008,Rabi,Gram,3556,1411,0.396794151
Madhya Pradesh,ANUPPUR,2008,Rabi,Khesari,177,65,0.367231638
Madhya Pradesh,ANUPPUR,2008,Rabi,Linseed,4060,987,0.243103448
Madhya Pradesh,ANUPPUR,2008,Rabi,Masoor,9395,3387,0.36051091
Madhya Pradesh,ANUPPUR,2008,Rabi,Peas & beans (Pulses),1544,478,0.309585492
Madhya Pradesh,ANUPPUR,2008,Rabi,Rapeseed &Mustard,8758,2976,0.339803608
Madhya Pradesh,ANUPPUR,2008,Rabi,Wheat,12438,9059,0.728332529
Madhya Pradesh,ANUPPUR,2008,Whole Year,Coriander,77,20,0.25974026
Madhya Pradesh,ANUPPUR,2008,Whole Year,Garlic,39,92,2.358974359
Madhya Pradesh,ANUPPUR,2008,Whole Year,Onion,97,876,9.030927835
Madhya Pradesh,ANUPPUR,2008,Whole Year,Potato,209,1799,8.607655502
Madhya Pradesh,ANUPPUR,2008,Whole Year,Sesamum,1006,195,0.193836978
Madhya Pradesh,ANUPPUR,2008,Whole Year,Small millets,17400,5613,0.322586207
Madhya Pradesh,ANUPPUR,2008,Whole Year,Sugarcane,15,540,36
Madhya Pradesh,ANUPPUR,2008,Whole Year,Sweet potato,45,264,5.866666667
Madhya Pradesh,ANUPPUR,2008,Whole Year,Turmeric,5,4,0.8
Madhya Pradesh,ANUPPUR,2009,Kharif,Cowpea(Lobia),78,26,0.333333333
Madhya Pradesh,ANUPPUR,2009,Kharif,Horse-gram,89,26,0.292134831
Madhya Pradesh,ANUPPUR,2009,Kharif,Jowar,364,289,0.793956044
Madhya Pradesh,ANUPPUR,2009,Kharif,Moong(Green Gram),7,1,0.142857143
Madhya Pradesh,ANUPPUR,2009,Kharif,Small millets,15817,2667,0.168616046
Madhya Pradesh,ANUPPUR,2009,Kharif,Urad,2375,558,0.234947368
Madhya Pradesh,ANUPPUR,2009,Rabi,Cowpea(Lobia),30,10,0.333333333
Madhya Pradesh,ANUPPUR,2009,Whole Year,Arhar/Tur,3652,1779,0.48713034
Madhya Pradesh,ANUPPUR,2009,Whole Year,Banana,2,45,22.5
Madhya Pradesh,ANUPPUR,2009,Whole Year,Barley,89,54,0.606741573
Madhya Pradesh,ANUPPUR,2009,Whole Year,Coriander,72,19,0.263888889
Madhya Pradesh,ANUPPUR,2009,Whole Year,Dry chillies,97,82,0.845360825
Madhya Pradesh,ANUPPUR,2009,Whole Year,Dry ginger,169,138,0.816568047
Madhya Pradesh,ANUPPUR,2009,Whole Year,Garlic,29,64,2.206896552
Madhya Pradesh,ANUPPUR,2009,Whole Year,Gram,3719,1475,0.396611992
Madhya Pradesh,ANUPPUR,2009,Whole Year,Groundnut,475,268,0.564210526
Madhya Pradesh,ANUPPUR,2009,Whole Year,Khesari,185,65,0.351351351
Madhya Pradesh,ANUPPUR,2009,Whole Year,Linseed,4087,1053,0.257646195
Madhya Pradesh,ANUPPUR,2009,Whole Year,Maize,11733,7086,0.603937612
Madhya Pradesh,ANUPPUR,2009,Whole Year,Masoor,9536,3594,0.376887584
Madhya Pradesh,ANUPPUR,2009,Whole Year,Niger seed,10884,2050,0.188349871
Madhya Pradesh,ANUPPUR,2009,Whole Year,Onion,97,860,8.865979381
Madhya Pradesh,ANUPPUR,2009,Whole Year,Peas & beans (Pulses),1372,424,0.309037901
Madhya Pradesh,ANUPPUR,2009,Whole Year,Potato,193,1699,8.803108808
Madhya Pradesh,ANUPPUR,2009,Whole Year,Rapeseed &Mustard,8734,3075,0.352072361
Madhya Pradesh,ANUPPUR,2009,Whole Year,Rice,97064,56420,0.581265969
Madhya Pradesh,ANUPPUR,2009,Whole Year,Sannhamp,70,15,0.214285714
Madhya Pradesh,ANUPPUR,2009,Whole Year,Sesamum,933,127,0.136120043
Madhya Pradesh,ANUPPUR,2009,Whole Year,Soyabean,2474,912,0.368633791
Madhya Pradesh,ANUPPUR,2009,Whole Year,Sugarcane,16,520,32.5
Madhya Pradesh,ANUPPUR,2009,Whole Year,Sweet potato,44,219,4.977272727
Madhya Pradesh,ANUPPUR,2009,Whole Year,Turmeric,5,4,0.8
Madhya Pradesh,ANUPPUR,2009,Whole Year,Wheat,13072,8778,0.671511628
Madhya Pradesh,ANUPPUR,2010,Kharif,Arhar/Tur,7389,723,0.097848153
Madhya Pradesh,ANUPPUR,2010,Kharif,Cowpea(Lobia),66,14,0.212121212
Madhya Pradesh,ANUPPUR,2010,Kharif,Groundnut,464,356,0.767241379
Madhya Pradesh,ANUPPUR,2010,Kharif,Horse-gram,83,14,0.168674699
Madhya Pradesh,ANUPPUR,2010,Kharif,Jowar,338,356,1.053254438
Madhya Pradesh,ANUPPUR,2010,Kharif,Maize,11619,8465,0.728548068
Madhya Pradesh,ANUPPUR,2010,Kharif,Moong(Green Gram),3,1,0.333333333
Madhya Pradesh,ANUPPUR,2010,Kharif,Niger seed,9929,1492,0.150266895
Madhya Pradesh,ANUPPUR,2010,Kharif,Rice,97568,63043,0.646144228
Madhya Pradesh,ANUPPUR,2010,Kharif,Small millets,15095,3500,0.231864856
Madhya Pradesh,ANUPPUR,2010,Kharif,Soyabean,3025,1217,0.40231405
Madhya Pradesh,ANUPPUR,2010,Kharif,Urad,2315,502,0.216846652
Madhya Pradesh,ANUPPUR,2010,Rabi,Barley,85,48,0.564705882
Madhya Pradesh,ANUPPUR,2010,Rabi,Cowpea(Lobia),34,6,0.176470588
Madhya Pradesh,ANUPPUR,2010,Rabi,Gram,3177,847,0.266603714
Madhya Pradesh,ANUPPUR,2010,Rabi,Khesari,179,41,0.229050279
Madhya Pradesh,ANUPPUR,2010,Rabi,Linseed,3735,668,0.178848728
Madhya Pradesh,ANUPPUR,2010,Rabi,Masoor,21743,3354,0.154256542
Madhya Pradesh,ANUPPUR,2010,Rabi,Peas & beans (Pulses),2282,363,0.15907099
Madhya Pradesh,ANUPPUR,2010,Rabi,Rapeseed &Mustard,8527,2289,0.268441421
Madhya Pradesh,ANUPPUR,2010,Rabi,Urad,5,1,0.2
Madhya Pradesh,ANUPPUR,2010,Rabi,Wheat,10883,6963,0.639805201
Madhya Pradesh,ANUPPUR,2010,Whole Year,Coriander,124,21,0.169354839
Madhya Pradesh,ANUPPUR,2010,Whole Year,Dry chillies,108,117,1.083333333
Madhya Pradesh,ANUPPUR,2010,Whole Year,Dry ginger,191,127,0.664921466
Madhya Pradesh,ANUPPUR,2010,Whole Year,Garlic,32,55,1.71875
Madhya Pradesh,ANUPPUR,2010,Whole Year,Onion,106,1059,9.990566038
Madhya Pradesh,ANUPPUR,2010,Whole Year,Potato,237,1629,6.873417722
Madhya Pradesh,ANUPPUR,2010,Whole Year,Sannhamp,62,61,0.983870968
Madhya Pradesh,ANUPPUR,2010,Whole Year,Sesamum,997,251,0.251755266
Madhya Pradesh,ANUPPUR,2010,Whole Year,Sugarcane,2,30,15
Madhya Pradesh,ANUPPUR,2010,Whole Year,Sweet potato,63,226,3.587301587
Madhya Pradesh,ANUPPUR,2010,Whole Year,Turmeric,13,7,0.538461538
Madhya Pradesh,ANUPPUR,2011,Kharif,Arhar/Tur,6249,2031,0.325012002
Madhya Pradesh,ANUPPUR,2011,Kharif,Barley,68,61,0.897058824
Madhya Pradesh,ANUPPUR,2011,Kharif,Groundnut,540,558,1.033333333
Madhya Pradesh,ANUPPUR,2011,Kharif,Horse-gram,100,20,0.2
Madhya Pradesh,ANUPPUR,2011,Kharif,Jowar,287,246,0.857142857
Madhya Pradesh,ANUPPUR,2011,Kharif,Maize,11468,10080,0.878967562
Madhya Pradesh,ANUPPUR,2011,Kharif,Moong(Green Gram),20,3,0.15
Madhya Pradesh,ANUPPUR,2011,Kharif,Niger seed,10036,1949,0.194200877
Madhya Pradesh,ANUPPUR,2011,Kharif,Other Kharif pulses,325,20,0.061538462
Madhya Pradesh,ANUPPUR,2011,Kharif,Rice,99732,102712,1.029880079
Madhya Pradesh,ANUPPUR,2011,Kharif,Sannhamp,50,67,1.34
Madhya Pradesh,ANUPPUR,2011,Kharif,Small millets,15075,4323,0.286766169
Madhya Pradesh,ANUPPUR,2011,Kharif,Soyabean,3444,1418,0.411730546
Madhya Pradesh,ANUPPUR,2011,Kharif,Urad,2314,540,0.233362143
Madhya Pradesh,ANUPPUR,2011,Rabi,Gram,3434,1764,0.513686663
Madhya Pradesh,ANUPPUR,2011,Rabi,Khesari,206,78,0.378640777
Madhya Pradesh,ANUPPUR,2011,Rabi,Linseed,3555,1136,0.31954993
Madhya Pradesh,ANUPPUR,2011,Rabi,Masoor,19450,5812,0.298817481
Madhya Pradesh,ANUPPUR,2011,Rabi,Other  Rabi pulses,50,12,0.24
Madhya Pradesh,ANUPPUR,2011,Rabi,Peas & beans (Pulses),2012,480,0.238568588
Madhya Pradesh,ANUPPUR,2011,Rabi,Rapeseed &Mustard,8222,3293,0.400510825
Madhya Pradesh,ANUPPUR,2011,Rabi,Urad,5,1,0.2
Madhya Pradesh,ANUPPUR,2011,Rabi,Wheat,11637,14752,1.267680674
Madhya Pradesh,ANUPPUR,2011,Whole Year,Coriander,79,14,0.17721519
Madhya Pradesh,ANUPPUR,2011,Whole Year,Dry chillies,108,77,0.712962963
Madhya Pradesh,ANUPPUR,2011,Whole Year,Dry ginger,220,237,1.077272727
Madhya Pradesh,ANUPPUR,2011,Whole Year,Garlic,36,64,1.777777778
Madhya Pradesh,ANUPPUR,2011,Whole Year,Onion,113,1032,9.132743363
Madhya Pradesh,ANUPPUR,2011,Whole Year,Potato,236,2245,9.512711864
Madhya Pradesh,ANUPPUR,2011,Whole Year,Sesamum,986,262,0.265720081
Madhya Pradesh,ANUPPUR,2011,Whole Year,Sweet potato,73,351,4.808219178
Madhya Pradesh,ANUPPUR,2011,Whole Year,Tobacco,1,,
Madhya Pradesh,ANUPPUR,2011,Whole Year,Turmeric,3,2,0.666666667
Madhya Pradesh,ANUPPUR,2012,Kharif,Arhar/Tur,6020,2841,0.47192691
Madhya Pradesh,ANUPPUR,2012,Kharif,Barley,64,53,0.828125
Madhya Pradesh,ANUPPUR,2012,Kharif,Groundnut,594,759,1.277777778
Madhya Pradesh,ANUPPUR,2012,Kharif,Horse-gram,101,34,0.336633663
Madhya Pradesh,ANUPPUR,2012,Kharif,Jowar,250,326,1.304
Madhya Pradesh,ANUPPUR,2012,Kharif,Maize,11464,15990,1.394801117
Madhya Pradesh,ANUPPUR,2012,Kharif,Moong(Green Gram),42,15,0.357142857
Madhya Pradesh,ANUPPUR,2012,Kharif,Niger seed,8998,4987,0.554234274
Madhya Pradesh,ANUPPUR,2012,Kharif,Other Kharif pulses,84,34,0.404761905
Madhya Pradesh,ANUPPUR,2012,Kharif,Rice,105693,118574,1.121871836
Madhya Pradesh,ANUPPUR,2012,Kharif,Sannhamp,43,83,1.930232558
Madhya Pradesh,ANUPPUR,2012,Kharif,Small millets,13987,6459,0.461785944
Madhya Pradesh,ANUPPUR,2012,Kharif,Soyabean,4657,4349,0.933863002
Madhya Pradesh,ANUPPUR,2012,Kharif,Urad,2596,1584,0.610169492
Madhya Pradesh,ANUPPUR,2012,Rabi,Gram,4104,1999,0.48708577
Madhya Pradesh,ANUPPUR,2012,Rabi,Horse-gram,4,,
Madhya Pradesh,ANUPPUR,2012,Rabi,Khesari,285,141,0.494736842
Madhya Pradesh,ANUPPUR,2012,Rabi,Linseed,3908,1812,0.463664278
Madhya Pradesh,ANUPPUR,2012,Rabi,Masoor,19329,8868,0.458792488
Madhya Pradesh,ANUPPUR,2012,Rabi,Other  Rabi pulses,61,24,0.393442623
Madhya Pradesh,ANUPPUR,2012,Rabi,Peas & beans (Pulses),2273,1077,0.473823141
Madhya Pradesh,ANUPPUR,2012,Rabi,Rapeseed &Mustard,8356,3459,0.413954045
Madhya Pradesh,ANUPPUR,2012,Rabi,Urad,6,1,0.166666667
Madhya Pradesh,ANUPPUR,2012,Rabi,Wheat,13374,20455,1.529460147
Madhya Pradesh,ANUPPUR,2012,Whole Year,Banana,2,,
Madhya Pradesh,ANUPPUR,2012,Whole Year,Coriander,163,49,0.300613497
Madhya Pradesh,ANUPPUR,2012,Whole Year,Dry chillies,135,128,0.948148148
Madhya Pradesh,ANUPPUR,2012,Whole Year,Dry ginger,256,449,1.75390625
Madhya Pradesh,ANUPPUR,2012,Whole Year,Garlic,51,121,2.37254902
Madhya Pradesh,ANUPPUR,2012,Whole Year,Onion,157,1949,12.41401274
Madhya Pradesh,ANUPPUR,2012,Whole Year,Potato,312,3074,9.852564103
Madhya Pradesh,ANUPPUR,2012,Whole Year,Sesamum,1108,320,0.288808664
Madhya Pradesh,ANUPPUR,2012,Whole Year,Sweet potato,97,544,5.608247423
Madhya Pradesh,ANUPPUR,2012,Whole Year,Turmeric,10,10,1
Madhya Pradesh,ANUPPUR,2013,Kharif,Arhar/Tur,5612,3615,0.644155381
Madhya Pradesh,ANUPPUR,2013,Kharif,Barley,59,48,0.813559322
Madhya Pradesh,ANUPPUR,2013,Kharif,Groundnut,556,517,0.929856115
Madhya Pradesh,ANUPPUR,2013,Kharif,Horse-gram,104,37,0.355769231
Madhya Pradesh,ANUPPUR,2013,Kharif,Jowar,244,165,0.676229508
Madhya Pradesh,ANUPPUR,2013,Kharif,Maize,11342,15688,1.38317757
Madhya Pradesh,ANUPPUR,2013,Kharif,Moong(Green Gram),45,18,0.4
Madhya Pradesh,ANUPPUR,2013,Kharif,Niger seed,8020,3556,0.443391521
Madhya Pradesh,ANUPPUR,2013,Kharif,Other Kharif pulses,71,30,0.422535211
Madhya Pradesh,ANUPPUR,2013,Kharif,Rice,105066,190548,1.813602878
Madhya Pradesh,ANUPPUR,2013,Kharif,Sannhamp,41,83,2.024390244
Madhya Pradesh,ANUPPUR,2013,Kharif,Small millets,12613,6669,0.528740189
Madhya Pradesh,ANUPPUR,2013,Kharif,Soyabean,5843,4585,0.784699641
Madhya Pradesh,ANUPPUR,2013,Kharif,Urad,2610,1494,0.572413793
Madhya Pradesh,ANUPPUR,2013,Rabi,Gram,4624,2419,0.523140138
Madhya Pradesh,ANUPPUR,2013,Rabi,Khesari,305,118,0.386885246
Madhya Pradesh,ANUPPUR,2013,Rabi,Linseed,4422,1717,0.388285844
Madhya Pradesh,ANUPPUR,2013,Rabi,Masoor,19034,11558,0.607229169
Madhya Pradesh,ANUPPUR,2013,Rabi,Other  Rabi pulses,44,18,0.409090909
Madhya Pradesh,ANUPPUR,2013,Rabi,Peas & beans (Pulses),2154,1544,0.716805942
Madhya Pradesh,ANUPPUR,2013,Rabi,Rapeseed &Mustard,8445,2457,0.290941385
Madhya Pradesh,ANUPPUR,2013,Rabi,Wheat,13770,17542,1.273928831
Madhya Pradesh,ANUPPUR,2013,Whole Year,Banana,1,,
Madhya Pradesh,ANUPPUR,2013,Whole Year,Coriander,124,41,0.330645161
Madhya Pradesh,ANUPPUR,2013,Whole Year,Dry chillies,139,75,0.539568345
Madhya Pradesh,ANUPPUR,2013,Whole Year,Dry ginger,257,451,1.754863813
Madhya Pradesh,ANUPPUR,2013,Whole Year,Garlic,64,162,2.53125
Madhya Pradesh,ANUPPUR,2013,Whole Year,Onion,167,1746,10.45508982
Madhya Pradesh,ANUPPUR,2013,Whole Year,Potato,327,2727,8.339449541
Madhya Pradesh,ANUPPUR,2013,Whole Year,Sesamum,1097,315,0.287146764
Madhya Pradesh,ANUPPUR,2013,Whole Year,Sweet potato,84,550,6.547619048
Madhya Pradesh,ANUPPUR,2013,Whole Year,Tobacco,2,1,0.5
Madhya Pradesh,ANUPPUR,2013,Whole Year,Turmeric,5,5,1
Madhya Pradesh,ASHOKNAGAR,2003,Kharif,Arhar/Tur,24,14,0.583333333
Madhya Pradesh,ASHOKNAGAR,2003,Kharif,Dry ginger,33,28,0.848484848
Madhya Pradesh,ASHOKNAGAR,2003,Kharif,Groundnut,343,454,1.32361516
Madhya Pradesh,ASHOKNAGAR,2003,Kharif,Jowar,10964,9928,0.905508938
Madhya Pradesh,ASHOKNAGAR,2003,Kharif,Maize,7503,13087,1.744235639
Madhya Pradesh,ASHOKNAGAR,2003,Kharif,Niger seed,36,7,0.194444444
Madhya Pradesh,ASHOKNAGAR,2003,Kharif,Other Kharif pulses,26946,12000,0.445335115
Madhya Pradesh,ASHOKNAGAR,2003,Kharif,Rice,797,708,0.888331242
Madhya Pradesh,ASHOKNAGAR,2003,Kharif,Sesamum,334,208,0.622754491
Madhya Pradesh,ASHOKNAGAR,2003,Kharif,Small millets,7,2,0.285714286
Madhya Pradesh,ASHOKNAGAR,2003,Kharif,Soyabean,46269,44370,0.958957401
Madhya Pradesh,ASHOKNAGAR,2003,Kharif,Urad,25777,11543,0.447802304
Madhya Pradesh,ASHOKNAGAR,2003,Rabi,Barley,253,411,1.624505929
Madhya Pradesh,ASHOKNAGAR,2003,Rabi,Gram,122124,93669,0.766999116
Madhya Pradesh,ASHOKNAGAR,2003,Rabi,Linseed,537,450,0.837988827
Madhya Pradesh,ASHOKNAGAR,2003,Rabi,Other  Rabi pulses,11937,8055,0.674792661
Madhya Pradesh,ASHOKNAGAR,2003,Rabi,Rapeseed &Mustard,1364,998,0.731671554
Madhya Pradesh,ASHOKNAGAR,2003,Rabi,Wheat,115613,123781,1.070649494
Madhya Pradesh,ASHOKNAGAR,2003,Whole Year,Bhindi,31,0,0
Madhya Pradesh,ASHOKNAGAR,2003,Whole Year,Brinjal,35,0,0
Madhya Pradesh,ASHOKNAGAR,2003,Whole Year,Cabbage,18,0,0
Madhya Pradesh,ASHOKNAGAR,2003,Whole Year,Cauliflower,5,0,0
Madhya Pradesh,ASHOKNAGAR,2003,Whole Year,Coriander,5379,1429,0.265662763
Madhya Pradesh,ASHOKNAGAR,2003,Whole Year,Dry chillies,4,2,0.5
Madhya Pradesh,ASHOKNAGAR,2003,Whole Year,Garlic,13,31,2.384615385
Madhya Pradesh,ASHOKNAGAR,2003,Whole Year,Mango,112,0,0
Madhya Pradesh,ASHOKNAGAR,2003,Whole Year,Onion,49,554,11.30612245
Madhya Pradesh,ASHOKNAGAR,2003,Whole Year,Orange,1,0,0
Madhya Pradesh,ASHOKNAGAR,2003,Whole Year,Other Citrus Fruit,1,0,0
Madhya Pradesh,ASHOKNAGAR,2003,Whole Year,Other Fresh Fruits,52,0,0
Madhya Pradesh,ASHOKNAGAR,2003,Whole Year,Other Vegetables,116,0,0
Madhya Pradesh,ASHOKNAGAR,2003,Whole Year,Papaya,11,447,40.63636364
Madhya Pradesh,ASHOKNAGAR,2003,Whole Year,Pome Fruit,25,0,0
Madhya Pradesh,ASHOKNAGAR,2003,Whole Year,Potato,97,1093,11.26804124
Madhya Pradesh,ASHOKNAGAR,2003,Whole Year,Sugarcane,526,12200,23.19391635
Madhya Pradesh,ASHOKNAGAR,2003,Whole Year,Sweet potato,23,124,5.391304348
Madhya Pradesh,ASHOKNAGAR,2003,Whole Year,Tomato,62,0,0
Madhya Pradesh,ASHOKNAGAR,2004,Kharif,Arhar/Tur,66,37,0.560606061
Madhya Pradesh,ASHOKNAGAR,2004,Kharif,Groundnut,429,682,1.58974359
Madhya Pradesh,ASHOKNAGAR,2004,Kharif,Jowar,8922,8455,0.947657476
Madhya Pradesh,ASHOKNAGAR,2004,Kharif,Maize,7500,10170,1.356
Madhya Pradesh,ASHOKNAGAR,2004,Kharif,Niger seed,53,11,0.20754717
Madhya Pradesh,ASHOKNAGAR,2004,Kharif,Rice,875,714,0.816
Madhya Pradesh,ASHOKNAGAR,2004,Kharif,Sesamum,374,247,0.660427807
Madhya Pradesh,ASHOKNAGAR,2004,Kharif,Small millets,19,6,0.315789474
Madhya Pradesh,ASHOKNAGAR,2004,Kharif,Soyabean,58355,51007,0.874081056
Madhya Pradesh,ASHOKNAGAR,2004,Kharif,Urad,26225,12939,0.493384175
Madhya Pradesh,ASHOKNAGAR,2004,Rabi,Barley,253,401,1.584980237
Madhya Pradesh,ASHOKNAGAR,2004,Rabi,Gram,125321,99129,0.79100071
Madhya Pradesh,ASHOKNAGAR,2004,Rabi,Linseed,390,357,0.915384615
Madhya Pradesh,ASHOKNAGAR,2004,Rabi,Masoor,14665,9992,0.681350153
Madhya Pradesh,ASHOKNAGAR,2004,Rabi,Rapeseed &Mustard,2847,2253,0.791359326
Madhya Pradesh,ASHOKNAGAR,2004,Rabi,Safflower,102,24,0.235294118
Madhya Pradesh,ASHOKNAGAR,2004,Rabi,Wheat,115497,120388,1.04234742
Madhya Pradesh,ASHOKNAGAR,2004,Whole Year,Coriander,5042,1297,0.257239191
Madhya Pradesh,ASHOKNAGAR,2004,Whole Year,Garlic,9,22,2.444444444
Madhya Pradesh,ASHOKNAGAR,2004,Whole Year,Onion,75,1018,13.57333333
Madhya Pradesh,ASHOKNAGAR,2004,Whole Year,Potato,79,995,12.59493671
Madhya Pradesh,ASHOKNAGAR,2004,Whole Year,Sugarcane,374,8680,23.20855615
Madhya Pradesh,ASHOKNAGAR,2004,Whole Year,Sweet potato,6,33,5.5
Madhya Pradesh,ASHOKNAGAR,2005,Kharif,Arhar/Tur,92,62,0.673913043
Madhya Pradesh,ASHOKNAGAR,2005,Kharif,Bajra,308,479,1.555194805
Madhya Pradesh,ASHOKNAGAR,2005,Kharif,Groundnut,546,743,1.360805861
Madhya Pradesh,ASHOKNAGAR,2005,Kharif,Jowar,7572,7656,1.011093502
Madhya Pradesh,ASHOKNAGAR,2005,Kharif,Maize,7153,11282,1.577240319
Madhya Pradesh,ASHOKNAGAR,2005,Kharif,Moong(Green Gram),327,141,0.431192661
Madhya Pradesh,ASHOKNAGAR,2005,Kharif,Niger seed,49,10,0.204081633
Madhya Pradesh,ASHOKNAGAR,2005,Kharif,Rice,848,580,0.683962264
Madhya Pradesh,ASHOKNAGAR,2005,Kharif,Sesamum,397,234,0.589420655
Madhya Pradesh,ASHOKNAGAR,2005,Kharif,Small millets,7,3,0.428571429
Madhya Pradesh,ASHOKNAGAR,2005,Kharif,Soyabean,42293,43586,1.030572435
Madhya Pradesh,ASHOKNAGAR,2005,Kharif,Urad,27284,13462,0.493402727
Madhya Pradesh,ASHOKNAGAR,2005,Rabi,Barley,368,750,2.038043478
Madhya Pradesh,ASHOKNAGAR,2005,Rabi,Gram,124927,112309,0.898997014
Madhya Pradesh,ASHOKNAGAR,2005,Rabi,Linseed,390,445,1.141025641
Madhya Pradesh,ASHOKNAGAR,2005,Rabi,Masoor,22164,15101,0.681330085
Madhya Pradesh,ASHOKNAGAR,2005,Rabi,Peas & beans (Pulses),1715,885,0.516034985
Madhya Pradesh,ASHOKNAGAR,2005,Rabi,Rapeseed &Mustard,9074,7082,0.780471677
Madhya Pradesh,ASHOKNAGAR,2005,Rabi,Wheat,110382,139832,1.266800746
Madhya Pradesh,ASHOKNAGAR,2005,Whole Year,Onion,104,1513,14.54807692
Madhya Pradesh,ASHOKNAGAR,2005,Whole Year,Potato,104,1453,13.97115385
Madhya Pradesh,ASHOKNAGAR,2005,Whole Year,Sugarcane,578,12640,21.86851211
Madhya Pradesh,ASHOKNAGAR,2005,Whole Year,Sweet potato,3,18,6
Madhya Pradesh,ASHOKNAGAR,2006,Kharif,Arhar/Tur,91,45,0.494505495
Madhya Pradesh,ASHOKNAGAR,2006,Kharif,Bajra,2,3,1.5
Madhya Pradesh,ASHOKNAGAR,2006,Kharif,Dry ginger,9,9,1
Madhya Pradesh,ASHOKNAGAR,2006,Kharif,Groundnut,508,635,1.25
Madhya Pradesh,ASHOKNAGAR,2006,Kharif,Jowar,5897,5727,0.971171782
Madhya Pradesh,ASHOKNAGAR,2006,Kharif,Maize,7580,8508,1.122427441
Madhya Pradesh,ASHOKNAGAR,2006,Kharif,Moong(Green Gram),500,222,0.444
Madhya Pradesh,ASHOKNAGAR,2006,Kharif,Niger seed,53,11,0.20754717
Madhya Pradesh,ASHOKNAGAR,2006,Kharif,Rice,809,543,0.671199011
Madhya Pradesh,ASHOKNAGAR,2006,Kharif,Soyabean,45759,45262,0.989138749
Madhya Pradesh,ASHOKNAGAR,2006,Kharif,Urad,30228,16060,0.531295488
Madhya Pradesh,ASHOKNAGAR,2006,Rabi,Gram,123060,116415,0.94600195
Madhya Pradesh,ASHOKNAGAR,2006,Rabi,Khesari,99,114,1.151515152
Madhya Pradesh,ASHOKNAGAR,2006,Rabi,Linseed,313,349,1.115015974
Madhya Pradesh,ASHOKNAGAR,2006,Rabi,Masoor,23877,18020,0.754701177
Madhya Pradesh,ASHOKNAGAR,2006,Rabi,Peas & beans (Pulses),1920,1180,0.614583333
Madhya Pradesh,ASHOKNAGAR,2006,Rabi,Rapeseed &Mustard,6926,6118,0.883338146
Madhya Pradesh,ASHOKNAGAR,2006,Rabi,Small millets,1,,
Madhya Pradesh,ASHOKNAGAR,2006,Rabi,Wheat,112288,140309,1.249545811
Madhya Pradesh,ASHOKNAGAR,2006,Whole Year,Coriander,3737,1146,0.306663099
Madhya Pradesh,ASHOKNAGAR,2006,Whole Year,Dry chillies,14,7,0.5
Madhya Pradesh,ASHOKNAGAR,2006,Whole Year,Garlic,7,19,2.714285714
Madhya Pradesh,ASHOKNAGAR,2006,Whole Year,Onion,108,1559,14.43518519
Madhya Pradesh,ASHOKNAGAR,2006,Whole Year,Potato,87,1257,14.44827586
Madhya Pradesh,ASHOKNAGAR,2006,Whole Year,Sesamum,420,260,0.619047619
Madhya Pradesh,ASHOKNAGAR,2006,Whole Year,Sugarcane,769,19110,24.85045514
Madhya Pradesh,ASHOKNAGAR,2006,Whole Year,Sweet potato,11,67,6.090909091
Madhya Pradesh,ASHOKNAGAR,2007,Kharif,Arhar/Tur,139,76,0.54676259
Madhya Pradesh,ASHOKNAGAR,2007,Kharif,Groundnut,493,683,1.385395538
Madhya Pradesh,ASHOKNAGAR,2007,Kharif,Jowar,4945,5150,1.041456016
Madhya Pradesh,ASHOKNAGAR,2007,Kharif,Maize,7549,11188,1.482050603
Madhya Pradesh,ASHOKNAGAR,2007,Kharif,Niger seed,41,9,0.219512195
Madhya Pradesh,ASHOKNAGAR,2007,Kharif,Rice,803,631,0.785803238
Madhya Pradesh,ASHOKNAGAR,2007,Kharif,Soyabean,48466,52085,1.074670903
Madhya Pradesh,ASHOKNAGAR,2007,Kharif,Urad,38117,20252,0.531311488
Madhya Pradesh,ASHOKNAGAR,2007,Rabi,Barley,374,754,2.016042781
Madhya Pradesh,ASHOKNAGAR,2007,Rabi,Gram,128060,66847,0.521997501
Madhya Pradesh,ASHOKNAGAR,2007,Rabi,Khesari,113,86,0.761061947
Madhya Pradesh,ASHOKNAGAR,2007,Rabi,Linseed,283,274,0.96819788
Madhya Pradesh,ASHOKNAGAR,2007,Rabi,Masoor,25288,18289,0.723228409
Madhya Pradesh,ASHOKNAGAR,2007,Rabi,Peas & beans (Pulses),2427,1272,0.524103832
Madhya Pradesh,ASHOKNAGAR,2007,Rabi,Rapeseed &Mustard,5638,4276,0.758424973
Madhya Pradesh,ASHOKNAGAR,2007,Rabi,Wheat,104899,119871,1.142727767
Madhya Pradesh,ASHOKNAGAR,2007,Whole Year,Coriander,3242,950,0.293028994
Madhya Pradesh,ASHOKNAGAR,2007,Whole Year,Garlic,18,43,2.388888889
Madhya Pradesh,ASHOKNAGAR,2007,Whole Year,Onion,107,1145,10.70093458
Madhya Pradesh,ASHOKNAGAR,2007,Whole Year,Potato,116,1510,13.01724138
Madhya Pradesh,ASHOKNAGAR,2007,Whole Year,Sesamum,398,320,0.804020101
Madhya Pradesh,ASHOKNAGAR,2007,Whole Year,Sugarcane,1138,27900,24.51669596
Madhya Pradesh,ASHOKNAGAR,2007,Whole Year,Sweet potato,1,5,5
Madhya Pradesh,ASHOKNAGAR,2008,Kharif,Arhar/Tur,158,105,0.664556962
Madhya Pradesh,ASHOKNAGAR,2008,Kharif,Bajra,3,3,1
Madhya Pradesh,ASHOKNAGAR,2008,Kharif,Groundnut,502,707,1.408366534
Madhya Pradesh,ASHOKNAGAR,2008,Kharif,Jowar,3546,3895,1.098420756
Madhya Pradesh,ASHOKNAGAR,2008,Kharif,Maize,7223,10200,1.412155614
Madhya Pradesh,ASHOKNAGAR,2008,Kharif,Niger seed,5,1,0.2
Madhya Pradesh,ASHOKNAGAR,2008,Kharif,Rice,593,418,0.704890388
Madhya Pradesh,ASHOKNAGAR,2008,Kharif,Soyabean,53336,59436,1.114369282
Madhya Pradesh,ASHOKNAGAR,2008,Kharif,Urad,39182,19628,0.500944311
Madhya Pradesh,ASHOKNAGAR,2008,Rabi,Barley,374,800,2.139037433
Madhya Pradesh,ASHOKNAGAR,2008,Rabi,Gram,127922,135981,1.062999328
Madhya Pradesh,ASHOKNAGAR,2008,Rabi,Khesari,192,198,1.03125
Madhya Pradesh,ASHOKNAGAR,2008,Rabi,Linseed,208,252,1.211538462
Madhya Pradesh,ASHOKNAGAR,2008,Rabi,Masoor,26983,19798,0.733721232
Madhya Pradesh,ASHOKNAGAR,2008,Rabi,Peas & beans (Pulses),2646,1561,0.58994709
Madhya Pradesh,ASHOKNAGAR,2008,Rabi,Rapeseed &Mustard,5374,4888,0.90956457
Madhya Pradesh,ASHOKNAGAR,2008,Rabi,Wheat,105343,147956,1.404516674
Madhya Pradesh,ASHOKNAGAR,2008,Whole Year,Coriander,2708,843,0.311299852
Madhya Pradesh,ASHOKNAGAR,2008,Whole Year,Garlic,5,14,2.8
Madhya Pradesh,ASHOKNAGAR,2008,Whole Year,Onion,55,716,13.01818182
Madhya Pradesh,ASHOKNAGAR,2008,Whole Year,Potato,73,908,12.43835616
Madhya Pradesh,ASHOKNAGAR,2008,Whole Year,Sesamum,424,284,0.669811321
Madhya Pradesh,ASHOKNAGAR,2008,Whole Year,Sugarcane,1007,25020,24.84607746
Madhya Pradesh,ASHOKNAGAR,2009,Kharif,Jowar,2027,2520,1.243216576
Madhya Pradesh,ASHOKNAGAR,2009,Kharif,Moong(Green Gram),595,276,0.463865546
Madhya Pradesh,ASHOKNAGAR,2009,Kharif,Urad,41765,22508,0.538920148
Madhya Pradesh,ASHOKNAGAR,2009,Rabi,Moong(Green Gram),3,1,0.333333333
Madhya Pradesh,ASHOKNAGAR,2009,Whole Year,Arhar/Tur,291,180,0.618556701
Madhya Pradesh,ASHOKNAGAR,2009,Whole Year,Barley,658,1338,2.03343465
Madhya Pradesh,ASHOKNAGAR,2009,Whole Year,Coriander,1947,651,0.334360555
Madhya Pradesh,ASHOKNAGAR,2009,Whole Year,Dry chillies,15,17,1.133333333
Madhya Pradesh,ASHOKNAGAR,2009,Whole Year,Dry ginger,19,20,1.052631579
Madhya Pradesh,ASHOKNAGAR,2009,Whole Year,Garlic,3,8,2.666666667
Madhya Pradesh,ASHOKNAGAR,2009,Whole Year,Gram,132722,157541,1.186999895
Madhya Pradesh,ASHOKNAGAR,2009,Whole Year,Groundnut,469,680,1.44989339
Madhya Pradesh,ASHOKNAGAR,2009,Whole Year,Khesari,275,257,0.934545455
Madhya Pradesh,ASHOKNAGAR,2009,Whole Year,Linseed,146,200,1.369863014
Madhya Pradesh,ASHOKNAGAR,2009,Whole Year,Maize,6923,8812,1.272858587
Madhya Pradesh,ASHOKNAGAR,2009,Whole Year,Masoor,28319,22263,0.786150641
Madhya Pradesh,ASHOKNAGAR,2009,Whole Year,Niger seed,7,1,0.142857143
Madhya Pradesh,ASHOKNAGAR,2009,Whole Year,Onion,81,1018,12.56790123
Madhya Pradesh,ASHOKNAGAR,2009,Whole Year,Peas & beans (Pulses),1619,968,0.597899938
Madhya Pradesh,ASHOKNAGAR,2009,Whole Year,Potato,124,1527,12.31451613
Madhya Pradesh,ASHOKNAGAR,2009,Whole Year,Rapeseed &Mustard,4427,3913,0.883894285
Madhya Pradesh,ASHOKNAGAR,2009,Whole Year,Rice,544,383,0.704044118
Madhya Pradesh,ASHOKNAGAR,2009,Whole Year,Sesamum,477,364,0.763102725
Madhya Pradesh,ASHOKNAGAR,2009,Whole Year,Soyabean,65199,72942,1.11875949
Madhya Pradesh,ASHOKNAGAR,2009,Whole Year,Sugarcane,612,14810,24.19934641
Madhya Pradesh,ASHOKNAGAR,2009,Whole Year,Sweet potato,1,6,6
Madhya Pradesh,ASHOKNAGAR,2009,Whole Year,Wheat,109105,173044,1.586031804
Madhya Pradesh,ASHOKNAGAR,2010,Kharif,Arhar/Tur,404,156,0.386138614
Madhya Pradesh,ASHOKNAGAR,2010,Kharif,Groundnut,510,931,1.825490196
Madhya Pradesh,ASHOKNAGAR,2010,Kharif,Jowar,692,838,1.210982659
Madhya Pradesh,ASHOKNAGAR,2010,Kharif,Maize,6749,9787,1.450140762
Madhya Pradesh,ASHOKNAGAR,2010,Kharif,Moong(Green Gram),575,209,0.363478261
Madhya Pradesh,ASHOKNAGAR,2010,Kharif,Rice,609,494,0.811165846
Madhya Pradesh,ASHOKNAGAR,2010,Kharif,Soyabean,65780,84245,1.280708422
Madhya Pradesh,ASHOKNAGAR,2010,Kharif,Urad,46195,19479,0.421669012
Madhya Pradesh,ASHOKNAGAR,2010,Rabi,Barley,725,2048,2.824827586
Madhya Pradesh,ASHOKNAGAR,2010,Rabi,Gram,123174,99771,0.810000487
Madhya Pradesh,ASHOKNAGAR,2010,Rabi,Khesari,251,156,0.621513944
Madhya Pradesh,ASHOKNAGAR,2010,Rabi,Linseed,124,104,0.838709677
Madhya Pradesh,ASHOKNAGAR,2010,Rabi,Masoor,28726,14854,0.517092529
Madhya Pradesh,ASHOKNAGAR,2010,Rabi,Moong(Green Gram),3,1,0.333333333
Madhya Pradesh,ASHOKNAGAR,2010,Rabi,Peas & beans (Pulses),1795,765,0.426183844
Madhya Pradesh,ASHOKNAGAR,2010,Rabi,Rapeseed &Mustard,4360,3860,0.885321101
Madhya Pradesh,ASHOKNAGAR,2010,Rabi,Wheat,110298,193043,1.750194926
Madhya Pradesh,ASHOKNAGAR,2010,Whole Year,Coriander,1673,327,0.195457262
Madhya Pradesh,ASHOKNAGAR,2010,Whole Year,Dry chillies,108,173,1.601851852
Madhya Pradesh,ASHOKNAGAR,2010,Whole Year,Dry ginger,18,14,0.777777778
Madhya Pradesh,ASHOKNAGAR,2010,Whole Year,Garlic,26,52,2
Madhya Pradesh,ASHOKNAGAR,2010,Whole Year,Onion,115,2386,20.74782609
Madhya Pradesh,ASHOKNAGAR,2010,Whole Year,Potato,150,1889,12.59333333
Madhya Pradesh,ASHOKNAGAR,2010,Whole Year,Sesamum,477,478,1.002096436
Madhya Pradesh,ASHOKNAGAR,2010,Whole Year,Sugarcane,657,11990,18.24961948
Madhya Pradesh,ASHOKNAGAR,2010,Whole Year,Sweet potato,4,17,4.25
Madhya Pradesh,ASHOKNAGAR,2011,Kharif,Arhar/Tur,814,409,0.502457002
Madhya Pradesh,ASHOKNAGAR,2011,Kharif,Barley,808,2582,3.195544554
Madhya Pradesh,ASHOKNAGAR,2011,Kharif,Cotton(lint),3,5,1.666666667
Madhya Pradesh,ASHOKNAGAR,2011,Kharif,Groundnut,487,944,1.938398357
Madhya Pradesh,ASHOKNAGAR,2011,Kharif,Jowar,159,201,1.264150943
Madhya Pradesh,ASHOKNAGAR,2011,Kharif,Maize,7222,8225,1.138881196
Madhya Pradesh,ASHOKNAGAR,2011,Kharif,Moong(Green Gram),1252,398,0.317891374
Madhya Pradesh,ASHOKNAGAR,2011,Kharif,Rice,874,806,0.922196796
Madhya Pradesh,ASHOKNAGAR,2011,Kharif,Soyabean,108023,127275,1.178221305
Madhya Pradesh,ASHOKNAGAR,2011,Kharif,Urad,65457,25836,0.394701865
Madhya Pradesh,ASHOKNAGAR,2011,Rabi,Gram,114857,152484,1.327598666
Madhya Pradesh,ASHOKNAGAR,2011,Rabi,Khesari,346,419,1.210982659
Madhya Pradesh,ASHOKNAGAR,2011,Rabi,Linseed,9,16,1.777777778
Madhya Pradesh,ASHOKNAGAR,2011,Rabi,Masoor,26692,18086,0.677581298
Madhya Pradesh,ASHOKNAGAR,2011,Rabi,Moong(Green Gram),37,8,0.216216216
Madhya Pradesh,ASHOKNAGAR,2011,Rabi,Peas & beans (Pulses),1908,1023,0.536163522
Madhya Pradesh,ASHOKNAGAR,2011,Rabi,Rapeseed &Mustard,4083,4660,1.141317659
Madhya Pradesh,ASHOKNAGAR,2011,Rabi,Urad,146,33,0.226027397
Madhya Pradesh,ASHOKNAGAR,2011,Rabi,Wheat,123302,291230,2.361924381
Madhya Pradesh,ASHOKNAGAR,2011,Whole Year,Coriander,1362,347,0.254772394
Madhya Pradesh,ASHOKNAGAR,2011,Whole Year,Dry chillies,106,100,0.943396226
Madhya Pradesh,ASHOKNAGAR,2011,Whole Year,Dry ginger,7,6,0.857142857
Madhya Pradesh,ASHOKNAGAR,2011,Whole Year,Garlic,46,117,2.543478261
Madhya Pradesh,ASHOKNAGAR,2011,Whole Year,Onion,110,1988,18.07272727
Madhya Pradesh,ASHOKNAGAR,2011,Whole Year,Potato,230,3039,13.21304348
Madhya Pradesh,ASHOKNAGAR,2011,Whole Year,Sesamum,816,897,1.099264706
Madhya Pradesh,ASHOKNAGAR,2011,Whole Year,Sugarcane,511,11430,22.36790607
Madhya Pradesh,ASHOKNAGAR,2011,Whole Year,Sweet potato,5,28,5.6
Madhya Pradesh,ASHOKNAGAR,2012,Kharif,Arhar/Tur,710,502,0.707042254
Madhya Pradesh,ASHOKNAGAR,2012,Kharif,Barley,681,1513,2.221732746
Madhya Pradesh,ASHOKNAGAR,2012,Kharif,Groundnut,387,731,1.888888889
Madhya Pradesh,ASHOKNAGAR,2012,Kharif,Jowar,81,127,1.567901235
Madhya Pradesh,ASHOKNAGAR,2012,Kharif,Maize,5500,14966,2.721090909
Madhya Pradesh,ASHOKNAGAR,2012,Kharif,Moong(Green Gram),1223,675,0.551921504
Madhya Pradesh,ASHOKNAGAR,2012,Kharif,Rice,1329,3883,2.921745673
Madhya Pradesh,ASHOKNAGAR,2012,Kharif,Soyabean,118835,247776,2.085042286
Madhya Pradesh,ASHOKNAGAR,2012,Kharif,Urad,66224,19915,0.300721793
Madhya Pradesh,ASHOKNAGAR,2012,Rabi,Gram,116525,176885,1.518000429
Madhya Pradesh,ASHOKNAGAR,2012,Rabi,Khesari,472,674,1.427966102
Madhya Pradesh,ASHOKNAGAR,2012,Rabi,Linseed,2,2,1
Madhya Pradesh,ASHOKNAGAR,2012,Rabi,Masoor,24140,26473,1.096644573
Madhya Pradesh,ASHOKNAGAR,2012,Rabi,Peas & beans (Pulses),1769,1135,0.641605427
Madhya Pradesh,ASHOKNAGAR,2012,Rabi,Rapeseed &Mustard,3001,3626,1.208263912
Madhya Pradesh,ASHOKNAGAR,2012,Rabi,Wheat,125817,325956,2.590715086
Madhya Pradesh,ASHOKNAGAR,2012,Whole Year,Coriander,918,573,0.624183007
Madhya Pradesh,ASHOKNAGAR,2012,Whole Year,Dry chillies,453,627,1.38410596
Madhya Pradesh,ASHOKNAGAR,2012,Whole Year,Dry ginger,3,5,1.666666667
Madhya Pradesh,ASHOKNAGAR,2012,Whole Year,Garlic,43,113,2.627906977
Madhya Pradesh,ASHOKNAGAR,2012,Whole Year,Onion,130,2333,17.94615385
Madhya Pradesh,ASHOKNAGAR,2012,Whole Year,Potato,343,4974,14.50145773
Madhya Pradesh,ASHOKNAGAR,2012,Whole Year,Sesamum,652,659,1.010736196
Madhya Pradesh,ASHOKNAGAR,2012,Whole Year,Sugarcane,418,14500,34.68899522
Madhya Pradesh,ASHOKNAGAR,2012,Whole Year,Sweet potato,1,5,5
Madhya Pradesh,ASHOKNAGAR,2013,Kharif,Arhar/Tur,701,382,0.544935806
Madhya Pradesh,ASHOKNAGAR,2013,Kharif,Barley,669,1721,2.572496263
Madhya Pradesh,ASHOKNAGAR,2013,Kharif,Groundnut,420,651,1.55
Madhya Pradesh,ASHOKNAGAR,2013,Kharif,Jowar,34,34,1
Madhya Pradesh,ASHOKNAGAR,2013,Kharif,Maize,4551,7299,1.603823336
Madhya Pradesh,ASHOKNAGAR,2013,Kharif,Moong(Green Gram),1134,376,0.331569665
Madhya Pradesh,ASHOKNAGAR,2013,Kharif,Rice,1409,2336,1.657913414
Madhya Pradesh,ASHOKNAGAR,2013,Kharif,Soyabean,162861,152419,0.935883975
Madhya Pradesh,ASHOKNAGAR,2013,Kharif,Urad,36417,10530,0.289150671
Madhya Pradesh,ASHOKNAGAR,2013,Rabi,Gram,112313,78752,0.7011833
Madhya Pradesh,ASHOKNAGAR,2013,Rabi,Khesari,515,426,0.827184466
Madhya Pradesh,ASHOKNAGAR,2013,Rabi,Linseed,3,3,1
Madhya Pradesh,ASHOKNAGAR,2013,Rabi,Masoor,19986,26657,1.333783649
Madhya Pradesh,ASHOKNAGAR,2013,Rabi,Moong(Green Gram),96,104,1.083333333
Madhya Pradesh,ASHOKNAGAR,2013,Rabi,Peas & beans (Pulses),1588,1155,0.727329975
Madhya Pradesh,ASHOKNAGAR,2013,Rabi,Rapeseed &Mustard,3156,3479,1.10234474
Madhya Pradesh,ASHOKNAGAR,2013,Rabi,Urad,35,5,0.142857143
Madhya Pradesh,ASHOKNAGAR,2013,Rabi,Wheat,139588,350656,2.512078402
Madhya Pradesh,ASHOKNAGAR,2013,Whole Year,Coriander,808,505,0.625
Madhya Pradesh,ASHOKNAGAR,2013,Whole Year,Dry chillies,518,406,0.783783784
Madhya Pradesh,ASHOKNAGAR,2013,Whole Year,Dry ginger,6,9,1.5
Madhya Pradesh,ASHOKNAGAR,2013,Whole Year,Garlic,47,149,3.170212766
Madhya Pradesh,ASHOKNAGAR,2013,Whole Year,Onion,137,2638,19.25547445
Madhya Pradesh,ASHOKNAGAR,2013,Whole Year,Potato,350,4298,12.28
Madhya Pradesh,ASHOKNAGAR,2013,Whole Year,Sesamum,581,495,0.851979346
Madhya Pradesh,ASHOKNAGAR,2013,Whole Year,Sugarcane,233,7680,32.96137339
Madhya Pradesh,ASHOKNAGAR,2013,Whole Year,Sunflower,3,2,0.666666667
Madhya Pradesh,ASHOKNAGAR,2013,Whole Year,Sweet potato,1,6,6
Madhya Pradesh,BALAGHAT,1997,Kharif,Arhar/Tur,3000,2700,0.9
Madhya Pradesh,BALAGHAT,1997,Kharif,Groundnut,100,100,1
Madhya Pradesh,BALAGHAT,1997,Kharif,Jowar,300,300,1
Madhya Pradesh,BALAGHAT,1997,Kharif,Maize,4600,4400,0.956521739
Madhya Pradesh,BALAGHAT,1997,Kharif,Paddy,243900,257700,1.056580566
Madhya Pradesh,BALAGHAT,1997,Kharif,Sesamum,1100,500,0.454545455
Madhya Pradesh,BALAGHAT,1997,Kharif,Small millets,13700,6300,0.459854015
Madhya Pradesh,BALAGHAT,1997,Kharif,Soyabean,300,400,1.333333333
Madhya Pradesh,BALAGHAT,1997,Rabi,Linseed,19000,3600,0.189473684
Madhya Pradesh,BALAGHAT,1997,Rabi,Rapeseed &Mustard,3500,2800,0.8
Madhya Pradesh,BALAGHAT,1997,Rabi,Wheat,13100,6500,0.496183206
Madhya Pradesh,BALAGHAT,1998,Kharif,Arhar/Tur,3000,3900,1.3
Madhya Pradesh,BALAGHAT,1998,Kharif,Bajra,100,200,2
Madhya Pradesh,BALAGHAT,1998,Kharif,Groundnut,100,200,2
Madhya Pradesh,BALAGHAT,1998,Kharif,Jowar,200,300,1.5
Madhya Pradesh,BALAGHAT,1998,Kharif,Maize,4500,6700,1.488888889
Madhya Pradesh,BALAGHAT,1998,Kharif,Rice,245200,230000,0.938009788
Madhya Pradesh,BALAGHAT,1998,Kharif,Sesamum,1100,400,0.363636364
Madhya Pradesh,BALAGHAT,1998,Kharif,Small millets,13400,5700,0.425373134
Madhya Pradesh,BALAGHAT,1998,Kharif,Soyabean,300,300,1
Madhya Pradesh,BALAGHAT,1998,Rabi,Gram,5100,4200,0.823529412
Madhya Pradesh,BALAGHAT,1998,Rabi,Linseed,19600,6000,0.306122449
Madhya Pradesh,BALAGHAT,1998,Rabi,Rapeseed &Mustard,3600,2900,0.805555556
Madhya Pradesh,BALAGHAT,1998,Rabi,Wheat,15300,13200,0.862745098
Madhya Pradesh,BALAGHAT,1998,Whole Year,Sugarcane,1767,56550,32.00339559
Madhya Pradesh,BALAGHAT,1999,Kharif,Arhar/Tur,2669,3073,1.151367553
Madhya Pradesh,BALAGHAT,1999,Kharif,Bajra,3,1,0.333333333
Madhya Pradesh,BALAGHAT,1999,Kharif,Castor seed,72,30,0.416666667
Madhya Pradesh,BALAGHAT,1999,Kharif,Dry ginger,118,221,1.872881356
Madhya Pradesh,BALAGHAT,1999,Kharif,Groundnut,153,192,1.254901961
Madhya Pradesh,BALAGHAT,1999,Kharif,Jowar,114,159,1.394736842
Madhya Pradesh,BALAGHAT,1999,Kharif,Maize,4587,7572,1.650752126
Madhya Pradesh,BALAGHAT,1999,Kharif,Niger seed,151,33,0.218543046
Madhya Pradesh,BALAGHAT,1999,Kharif,Other Kharif pulses,3463,1393,0.402252382
Madhya Pradesh,BALAGHAT,1999,Kharif,Ragi,494,166,0.336032389
Madhya Pradesh,BALAGHAT,1999,Kharif,Rice,249741,333339,1.334738789
Madhya Pradesh,BALAGHAT,1999,Kharif,Sesamum,1027,436,0.424537488
Madhya Pradesh,BALAGHAT,1999,Kharif,Soyabean,275,323,1.174545455
Madhya Pradesh,BALAGHAT,1999,Kharif,Sunflower,22,6,0.272727273
Madhya Pradesh,BALAGHAT,1999,Kharif,Urad,1665,692,0.415615616
Madhya Pradesh,BALAGHAT,1999,Rabi,Barley,3,4,1.333333333
Madhya Pradesh,BALAGHAT,1999,Rabi,Gram,5663,5195,0.917358291
Madhya Pradesh,BALAGHAT,1999,Rabi,Linseed,21261,7092,0.333568506
Madhya Pradesh,BALAGHAT,1999,Rabi,Other  Rabi pulses,21521,12958,0.602109567
Madhya Pradesh,BALAGHAT,1999,Rabi,Rapeseed &Mustard,3676,2746,0.747007617
Madhya Pradesh,BALAGHAT,1999,Rabi,Safflower,3,1,0.333333333
Madhya Pradesh,BALAGHAT,1999,Rabi,Urad,4990,2254,0.451703407
Madhya Pradesh,BALAGHAT,1999,Rabi,Wheat,18548,18630,1.004420962
Madhya Pradesh,BALAGHAT,1999,Whole Year,Coriander,353,95,0.269121813
Madhya Pradesh,BALAGHAT,1999,Whole Year,Dry chillies,439,140,0.318906606
Madhya Pradesh,BALAGHAT,1999,Whole Year,Garlic,172,591,3.436046512
Madhya Pradesh,BALAGHAT,1999,Whole Year,Onion,196,3343,17.05612245
Madhya Pradesh,BALAGHAT,1999,Whole Year,Potato,407,4615,11.33906634
Madhya Pradesh,BALAGHAT,1999,Whole Year,Sannhamp,132,289,2.189393939
Madhya Pradesh,BALAGHAT,1999,Whole Year,Sugarcane,1333,57740,43.31582896
Madhya Pradesh,BALAGHAT,1999,Whole Year,Sweet potato,154,1013,6.577922078
Madhya Pradesh,BALAGHAT,1999,Whole Year,Turmeric,19,16,0.842105263
Madhya Pradesh,BALAGHAT,2000,Kharif,Arhar/Tur,2880,3193,1.108680556
Madhya Pradesh,BALAGHAT,2000,Kharif,Bajra,2,2,1
Madhya Pradesh,BALAGHAT,2000,Kharif,Castor seed,10,3,0.3
Madhya Pradesh,BALAGHAT,2000,Kharif,Dry ginger,104,181,1.740384615
Madhya Pradesh,BALAGHAT,2000,Kharif,Groundnut,134,203,1.514925373
Madhya Pradesh,BALAGHAT,2000,Kharif,Jowar,89,143,1.606741573
Madhya Pradesh,BALAGHAT,2000,Kharif,Maize,4579,7081,1.546407513
Madhya Pradesh,BALAGHAT,2000,Kharif,Niger seed,161,22,0.136645963
Madhya Pradesh,BALAGHAT,2000,Kharif,Other Kharif pulses,3252,970,0.298277983
Madhya Pradesh,BALAGHAT,2000,Kharif,Ragi,412,110,0.266990291
Madhya Pradesh,BALAGHAT,2000,Kharif,Rice,246559,209385,0.849228785
Madhya Pradesh,BALAGHAT,2000,Kharif,Sesamum,1031,632,0.61299709
Madhya Pradesh,BALAGHAT,2000,Kharif,Small millets,13261,4850,0.365734108
Madhya Pradesh,BALAGHAT,2000,Kharif,Soyabean,197,235,1.192893401
Madhya Pradesh,BALAGHAT,2000,Kharif,Sunflower,4,1,0.25
Madhya Pradesh,BALAGHAT,2000,Rabi,Barley,1,2,2
Madhya Pradesh,BALAGHAT,2000,Rabi,Gram,4766,3640,0.763743181
Madhya Pradesh,BALAGHAT,2000,Rabi,Linseed,13849,5437,0.392591523
Madhya Pradesh,BALAGHAT,2000,Rabi,Other  Rabi pulses,17748,8148,0.459093982
Madhya Pradesh,BALAGHAT,2000,Rabi,Rapeseed &Mustard,3442,1888,0.548518303
Madhya Pradesh,BALAGHAT,2000,Rabi,Safflower,6,1,0.166666667
Madhya Pradesh,BALAGHAT,2000,Rabi,Wheat,14004,9796,0.699514424
Madhya Pradesh,BALAGHAT,2000,Whole Year,Coriander,291,65,0.223367698
Madhya Pradesh,BALAGHAT,2000,Whole Year,Dry chillies,405,72,0.177777778
Madhya Pradesh,BALAGHAT,2000,Whole Year,Garlic,131,449,3.427480916
Madhya Pradesh,BALAGHAT,2000,Whole Year,Onion,187,4071,21.77005348
Madhya Pradesh,BALAGHAT,2000,Whole Year,Sannhamp,91,183,2.010989011
Madhya Pradesh,BALAGHAT,2000,Whole Year,Sugarcane,1847,37420,20.25988089
Madhya Pradesh,BALAGHAT,2000,Whole Year,Turmeric,23,20,0.869565217
Madhya Pradesh,BALAGHAT,2001,Kharif,Arhar/Tur,2915,3528,1.210291595
Madhya Pradesh,BALAGHAT,2001,Kharif,Bajra,2,1,0.5
Madhya Pradesh,BALAGHAT,2001,Kharif,Castor seed,81,25,0.308641975
Madhya Pradesh,BALAGHAT,2001,Kharif,Dry ginger,118,239,2.025423729
Madhya Pradesh,BALAGHAT,2001,Kharif,Groundnut,138,129,0.934782609
Madhya Pradesh,BALAGHAT,2001,Kharif,Jowar,131,183,1.396946565
Madhya Pradesh,BALAGHAT,2001,Kharif,Maize,4462,10377,2.325638727
Madhya Pradesh,BALAGHAT,2001,Kharif,Niger seed,115,24,0.208695652
Madhya Pradesh,BALAGHAT,2001,Kharif,Other Kharif pulses,3155,985,0.312202853
Madhya Pradesh,BALAGHAT,2001,Kharif,Ragi,384,103,0.268229167
Madhya Pradesh,BALAGHAT,2001,Kharif,Rice,249479,358158,1.43562384
Madhya Pradesh,BALAGHAT,2001,Kharif,Sesamum,1032,636,0.61627907
Madhya Pradesh,BALAGHAT,2001,Kharif,Small millets,13023,4914,0.377332412
Madhya Pradesh,BALAGHAT,2001,Kharif,Soyabean,181,230,1.270718232
Madhya Pradesh,BALAGHAT,2001,Rabi,Gram,5450,4477,0.82146789
Madhya Pradesh,BALAGHAT,2001,Rabi,Linseed,16950,5344,0.315280236
Madhya Pradesh,BALAGHAT,2001,Rabi,Other  Rabi pulses,18134,9142,0.504135877
Madhya Pradesh,BALAGHAT,2001,Rabi,Rapeseed &Mustard,3435,2294,0.66783115
Madhya Pradesh,BALAGHAT,2001,Rabi,Safflower,12,3,0.25
Madhya Pradesh,BALAGHAT,2001,Rabi,Wheat,15963,14630,0.916494393
Madhya Pradesh,BALAGHAT,2001,Whole Year,Banana,16,168,10.5
Madhya Pradesh,BALAGHAT,2001,Whole Year,Coriander,298,86,0.288590604
Madhya Pradesh,BALAGHAT,2001,Whole Year,Dry chillies,412,94,0.22815534
Madhya Pradesh,BALAGHAT,2001,Whole Year,Garlic,173,594,3.433526012
Madhya Pradesh,BALAGHAT,2001,Whole Year,Onion,262,5710,21.79389313
Madhya Pradesh,BALAGHAT,2001,Whole Year,Potato,376,5479,14.57180851
Madhya Pradesh,BALAGHAT,2001,Whole Year,Sannhamp,107,217,2.028037383
Madhya Pradesh,BALAGHAT,2001,Whole Year,Sugarcane,963,38500,39.97923157
Madhya Pradesh,BALAGHAT,2001,Whole Year,Sweet potato,113,744,6.584070796
Madhya Pradesh,BALAGHAT,2001,Whole Year,Tobacco,3,2,0.666666667
Madhya Pradesh,BALAGHAT,2001,Whole Year,Turmeric,28,24,0.857142857
Madhya Pradesh,BALAGHAT,2002,Kharif,Arhar/Tur,2809,2802,0.99750801
Madhya Pradesh,BALAGHAT,2002,Kharif,Bajra,5,2,0.4
Madhya Pradesh,BALAGHAT,2002,Kharif,Castor seed,14,4,0.285714286
Madhya Pradesh,BALAGHAT,2002,Kharif,Dry ginger,115,199,1.730434783
Madhya Pradesh,BALAGHAT,2002,Kharif,Groundnut,300,235,0.783333333
Madhya Pradesh,BALAGHAT,2002,Kharif,Jowar,92,107,1.163043478
Madhya Pradesh,BALAGHAT,2002,Kharif,Maize,4446,9525,2.142375169
Madhya Pradesh,BALAGHAT,2002,Kharif,Niger seed,138,23,0.166666667
Madhya Pradesh,BALAGHAT,2002,Kharif,Other Kharif pulses,3044,925,0.303876478
Madhya Pradesh,BALAGHAT,2002,Kharif,Ragi,440,118,0.268181818
Madhya Pradesh,BALAGHAT,2002,Kharif,Rice,247502,207801,0.839593215
Madhya Pradesh,BALAGHAT,2002,Kharif,Sesamum,1100,710,0.645454545
Madhya Pradesh,BALAGHAT,2002,Kharif,Small millets,12766,5084,0.398245339
Madhya Pradesh,BALAGHAT,2002,Kharif,Soyabean,150,180,1.2
Madhya Pradesh,BALAGHAT,2002,Kharif,Sunflower,22,5,0.227272727
Madhya Pradesh,BALAGHAT,2002,Rabi,Barley,1,2,2
Madhya Pradesh,BALAGHAT,2002,Rabi,Gram,6041,5225,0.864923026
Madhya Pradesh,BALAGHAT,2002,Rabi,Linseed,19746,9094,0.460548972
Madhya Pradesh,BALAGHAT,2002,Rabi,Other  Rabi pulses,17347,9035,0.520839338
Madhya Pradesh,BALAGHAT,2002,Rabi,Rapeseed &Mustard,3451,2797,0.810489713
Madhya Pradesh,BALAGHAT,2002,Rabi,Safflower,14,3,0.214285714
Madhya Pradesh,BALAGHAT,2002,Rabi,Wheat,16629,17587,1.057610199
Madhya Pradesh,BALAGHAT,2002,Whole Year,Banana,23,769,33.43478261
Madhya Pradesh,BALAGHAT,2002,Whole Year,Bhindi,215,0,0
Madhya Pradesh,BALAGHAT,2002,Whole Year,Brinjal,632,0,0
Madhya Pradesh,BALAGHAT,2002,Whole Year,Cabbage,43,0,0
Madhya Pradesh,BALAGHAT,2002,Whole Year,Cauliflower,84,0,0
Madhya Pradesh,BALAGHAT,2002,Whole Year,Citrus Fruit,28,0,0
Madhya Pradesh,BALAGHAT,2002,Whole Year,Coriander,342,91,0.266081871
Madhya Pradesh,BALAGHAT,2002,Whole Year,Dry chillies,381,106,0.278215223
Madhya Pradesh,BALAGHAT,2002,Whole Year,Garlic,140,481,3.435714286
Madhya Pradesh,BALAGHAT,2002,Whole Year,Mango,115,0,0
Madhya Pradesh,BALAGHAT,2002,Whole Year,Onion,205,4291,20.93170732
Madhya Pradesh,BALAGHAT,2002,Whole Year,Other Fresh Fruits,44,0,0
Madhya Pradesh,BALAGHAT,2002,Whole Year,Other Vegetables,1056,0,0
Madhya Pradesh,BALAGHAT,2002,Whole Year,Papaya,1,73,73
Madhya Pradesh,BALAGHAT,2002,Whole Year,Pome Fruit,8,0,0
Madhya Pradesh,BALAGHAT,2002,Whole Year,Potato,380,5191,13.66052632
Madhya Pradesh,BALAGHAT,2002,Whole Year,Sannhamp,102,206,2.019607843
Madhya Pradesh,BALAGHAT,2002,Whole Year,Sugarcane,835,36160,43.30538922
Madhya Pradesh,BALAGHAT,2002,Whole Year,Sweet potato,104,684,6.576923077
Madhya Pradesh,BALAGHAT,2002,Whole Year,Tobacco,1,1,1
Madhya Pradesh,BALAGHAT,2002,Whole Year,Tomato,198,0,0
Madhya Pradesh,BALAGHAT,2003,Kharif,Arhar/Tur,2927,3021,1.032114793
Madhya Pradesh,BALAGHAT,2003,Kharif,Bajra,5,3,0.6
Madhya Pradesh,BALAGHAT,2003,Kharif,Castor seed,8,2,0.25
Madhya Pradesh,BALAGHAT,2003,Kharif,Dry ginger,126,219,1.738095238
Madhya Pradesh,BALAGHAT,2003,Kharif,Groundnut,197,174,0.883248731
Madhya Pradesh,BALAGHAT,2003,Kharif,Horse-gram,979,301,0.307456588
Madhya Pradesh,BALAGHAT,2003,Kharif,Jowar,80,107,1.3375
Madhya Pradesh,BALAGHAT,2003,Kharif,Maize,4445,8237,1.853093363
Madhya Pradesh,BALAGHAT,2003,Kharif,Niger seed,68,11,0.161764706
Madhya Pradesh,BALAGHAT,2003,Kharif,Other Kharif pulses,2401,943,0.39275302
Madhya Pradesh,BALAGHAT,2003,Kharif,Ragi,469,125,0.26652452
Madhya Pradesh,BALAGHAT,2003,Kharif,Rice,252065,370435,1.469601095
Madhya Pradesh,BALAGHAT,2003,Kharif,Sesamum,1105,872,0.789140271
Madhya Pradesh,BALAGHAT,2003,Kharif,Small millets,12650,5477,0.432964427
Madhya Pradesh,BALAGHAT,2003,Kharif,Soyabean,138,199,1.442028986
Madhya Pradesh,BALAGHAT,2003,Kharif,Sunflower,107,25,0.23364486
Madhya Pradesh,BALAGHAT,2003,Kharif,Urad,1359,409,0.300956586
Madhya Pradesh,BALAGHAT,2003,Rabi,Gram,6408,5353,0.835362047
Madhya Pradesh,BALAGHAT,2003,Rabi,Horse-gram,149,42,0.281879195
Madhya Pradesh,BALAGHAT,2003,Rabi,Jowar,10,18,1.8
Madhya Pradesh,BALAGHAT,2003,Rabi,Linseed,20569,9872,0.479945549
Madhya Pradesh,BALAGHAT,2003,Rabi,Other  Rabi pulses,18608,9638,0.517949269
Madhya Pradesh,BALAGHAT,2003,Rabi,Rapeseed &Mustard,3552,3240,0.912162162
Madhya Pradesh,BALAGHAT,2003,Rabi,Safflower,10,2,0.2
Madhya Pradesh,BALAGHAT,2003,Rabi,Urad,4026,1819,0.451813214
Madhya Pradesh,BALAGHAT,2003,Rabi,Wheat,16311,17415,1.067684385
Madhya Pradesh,BALAGHAT,2003,Whole Year,Banana,25,479,19.16
Madhya Pradesh,BALAGHAT,2003,Whole Year,Bhindi,256,0,0
Madhya Pradesh,BALAGHAT,2003,Whole Year,Brinjal,507,0,0
Madhya Pradesh,BALAGHAT,2003,Whole Year,Cabbage,14,0,0
Madhya Pradesh,BALAGHAT,2003,Whole Year,Cauliflower,122,0,0
Madhya Pradesh,BALAGHAT,2003,Whole Year,Citrus Fruit,2,0,0
Madhya Pradesh,BALAGHAT,2003,Whole Year,Coriander,325,90,0.276923077
Madhya Pradesh,BALAGHAT,2003,Whole Year,Dry chillies,406,111,0.273399015
Madhya Pradesh,BALAGHAT,2003,Whole Year,Garlic,139,477,3.431654676
Madhya Pradesh,BALAGHAT,2003,Whole Year,Mango,109,0,0
Madhya Pradesh,BALAGHAT,2003,Whole Year,Onion,219,4291,19.59360731
Madhya Pradesh,BALAGHAT,2003,Whole Year,Orange,24,0,0
Madhya Pradesh,BALAGHAT,2003,Whole Year,Other Fresh Fruits,67,0,0
Madhya Pradesh,BALAGHAT,2003,Whole Year,Other Vegetables,1083,0,0
Madhya Pradesh,BALAGHAT,2003,Whole Year,Papaya,2,0,0
Madhya Pradesh,BALAGHAT,2003,Whole Year,Pome Fruit,5,0,0
Madhya Pradesh,BALAGHAT,2003,Whole Year,Potato,386,5400,13.98963731
Madhya Pradesh,BALAGHAT,2003,Whole Year,Sannhamp,98,195,1.989795918
Madhya Pradesh,BALAGHAT,2003,Whole Year,Sugarcane,1210,48380,39.98347107
Madhya Pradesh,BALAGHAT,2003,Whole Year,Sweet potato,93,612,6.580645161
Madhya Pradesh,BALAGHAT,2003,Whole Year,Tomato,173,0,0
Madhya Pradesh,BALAGHAT,2003,Whole Year,Turmeric,43,37,0.860465116
Madhya Pradesh,BALAGHAT,2003,Whole Year,Water Melon,2,0,0
Madhya Pradesh,BALAGHAT,2004,Kharif,Arhar/Tur,2781,2737,0.984178353
Madhya Pradesh,BALAGHAT,2004,Kharif,Bajra,4,3,0.75
Madhya Pradesh,BALAGHAT,2004,Kharif,Castor seed,47,14,0.29787234
Madhya Pradesh,BALAGHAT,2004,Kharif,Dry ginger,116,202,1.74137931
Madhya Pradesh,BALAGHAT,2004,Kharif,Groundnut,90,121,1.344444444
Madhya Pradesh,BALAGHAT,2004,Kharif,Horse-gram,975,270,0.276923077
Madhya Pradesh,BALAGHAT,2004,Kharif,Jowar,83,105,1.265060241
Madhya Pradesh,BALAGHAT,2004,Kharif,Maize,4380,7140,1.630136986
Madhya Pradesh,BALAGHAT,2004,Kharif,Niger seed,100,17,0.17
Madhya Pradesh,BALAGHAT,2004,Kharif,Ragi,329,88,0.267477204
Madhya Pradesh,BALAGHAT,2004,Kharif,Rice,224800,246491,1.096490214
Madhya Pradesh,BALAGHAT,2004,Kharif,Sesamum,1033,892,0.863504356
Madhya Pradesh,BALAGHAT,2004,Kharif,Small millets,12597,4816,0.382313249
Madhya Pradesh,BALAGHAT,2004,Kharif,Soyabean,125,162,1.296
Madhya Pradesh,BALAGHAT,2004,Kharif,Sunflower,154,45,0.292207792
Madhya Pradesh,BALAGHAT,2004,Kharif,Urad,1390,419,0.301438849
Madhya Pradesh,BALAGHAT,2004,Rabi,Gram,5825,4667,0.801201717
Madhya Pradesh,BALAGHAT,2004,Rabi,Horse-gram,157,44,0.280254777
Madhya Pradesh,BALAGHAT,2004,Rabi,Jowar,82,122,1.487804878
Madhya Pradesh,BALAGHAT,2004,Rabi,Linseed,13227,4667,0.35283889
Madhya Pradesh,BALAGHAT,2004,Rabi,Masoor,84,25,0.297619048
Madhya Pradesh,BALAGHAT,2004,Rabi,Rapeseed &Mustard,3288,2539,0.772201946
Madhya Pradesh,BALAGHAT,2004,Rabi,Safflower,12,3,0.25
Madhya Pradesh,BALAGHAT,2004,Rabi,Urad,3807,1720,0.451799317
Madhya Pradesh,BALAGHAT,2004,Rabi,Wheat,11336,7896,0.69654199
Madhya Pradesh,BALAGHAT,2004,Whole Year,Coriander,324,87,0.268518519
Madhya Pradesh,BALAGHAT,2004,Whole Year,Garlic,111,382,3.441441441
Madhya Pradesh,BALAGHAT,2004,Whole Year,Onion,174,3969,22.81034483
Madhya Pradesh,BALAGHAT,2004,Whole Year,Potato,297,4640,15.62289562
Madhya Pradesh,BALAGHAT,2004,Whole Year,Sugarcane,755,30180,39.97350993
Madhya Pradesh,BALAGHAT,2004,Whole Year,Sweet potato,109,717,6.577981651
Madhya Pradesh,BALAGHAT,2004,Whole Year,Turmeric,41,36,0.87804878
Madhya Pradesh,BALAGHAT,2005,Kharif,Arhar/Tur,2885,2773,0.96117851
Madhya Pradesh,BALAGHAT,2005,Kharif,Bajra,4,3,0.75
Madhya Pradesh,BALAGHAT,2005,Kharif,Castor seed,16,6,0.375
Madhya Pradesh,BALAGHAT,2005,Kharif,Groundnut,417,426,1.021582734
Madhya Pradesh,BALAGHAT,2005,Kharif,Horse-gram,986,273,0.276876268
Madhya Pradesh,BALAGHAT,2005,Kharif,Jowar,84,114,1.357142857
Madhya Pradesh,BALAGHAT,2005,Kharif,Maize,4435,8108,1.828184893
Madhya Pradesh,BALAGHAT,2005,Kharif,Moong(Green Gram),78,28,0.358974359
Madhya Pradesh,BALAGHAT,2005,Kharif,Niger seed,167,28,0.167664671
Madhya Pradesh,BALAGHAT,2005,Kharif,Ragi,415,111,0.26746988
Madhya Pradesh,BALAGHAT,2005,Kharif,Rice,248696,365281,1.468785184
Madhya Pradesh,BALAGHAT,2005,Kharif,Sesamum,1091,897,0.822181485
Madhya Pradesh,BALAGHAT,2005,Kharif,Small millets,89,33,0.370786517
Madhya Pradesh,BALAGHAT,2005,Kharif,Soyabean,115,167,1.452173913
Madhya Pradesh,BALAGHAT,2005,Kharif,Urad,1353,407,0.300813008
Madhya Pradesh,BALAGHAT,2005,Rabi,Gram,7462,5906,0.791476816
Madhya Pradesh,BALAGHAT,2005,Rabi,Horse-gram,147,42,0.285714286
Madhya Pradesh,BALAGHAT,2005,Rabi,Linseed,18108,7336,0.405124807
Madhya Pradesh,BALAGHAT,2005,Rabi,Peas & beans (Pulses),679,196,0.288659794
Madhya Pradesh,BALAGHAT,2005,Rabi,Rapeseed &Mustard,3507,2712,0.773310522
Madhya Pradesh,BALAGHAT,2005,Rabi,Urad,4220,1906,0.451658768
Madhya Pradesh,BALAGHAT,2005,Rabi,Wheat,16582,15838,0.955132071
Madhya Pradesh,BALAGHAT,2005,Whole Year,Onion,192,4352,22.66666667
Madhya Pradesh,BALAGHAT,2005,Whole Year,Potato,370,4905,13.25675676
Madhya Pradesh,BALAGHAT,2005,Whole Year,Sugarcane,920,37970,41.27173913
Madhya Pradesh,BALAGHAT,2005,Whole Year,Sweet potato,102,671,6.578431373
Madhya Pradesh,BALAGHAT,2006,Kharif,Arhar/Tur,2904,2167,0.746212121
Madhya Pradesh,BALAGHAT,2006,Kharif,Bajra,11,8,0.727272727
Madhya Pradesh,BALAGHAT,2006,Kharif,Castor seed,44,13,0.295454545
Madhya Pradesh,BALAGHAT,2006,Kharif,Dry ginger,112,243,2.169642857
Madhya Pradesh,BALAGHAT,2006,Kharif,Groundnut,438,383,0.874429224
Madhya Pradesh,BALAGHAT,2006,Kharif,Horse-gram,951,292,0.307045216
Madhya Pradesh,BALAGHAT,2006,Kharif,Jowar,65,91,1.4
Madhya Pradesh,BALAGHAT,2006,Kharif,Jute,68,133,1.955882353
Madhya Pradesh,BALAGHAT,2006,Kharif,Maize,4358,4507,1.034189995
Madhya Pradesh,BALAGHAT,2006,Kharif,Mesta,118,391,3.313559322
Madhya Pradesh,BALAGHAT,2006,Kharif,Moong(Green Gram),75,27,0.36
Madhya Pradesh,BALAGHAT,2006,Kharif,Niger seed,121,20,0.165289256
Madhya Pradesh,BALAGHAT,2006,Kharif,Other Kharif pulses,627,182,0.290271132
Madhya Pradesh,BALAGHAT,2006,Kharif,Rice,248652,299342,1.203859209
Madhya Pradesh,BALAGHAT,2006,Kharif,Small millets,12515,5154,0.411825809
Madhya Pradesh,BALAGHAT,2006,Kharif,Soyabean,104,129,1.240384615
Madhya Pradesh,BALAGHAT,2006,Kharif,Sunflower,24,7,0.291666667
Madhya Pradesh,BALAGHAT,2006,Kharif,Urad,1348,406,0.301186944
Madhya Pradesh,BALAGHAT,2006,Rabi,Gram,7125,6275,0.880701754
Madhya Pradesh,BALAGHAT,2006,Rabi,Horse-gram,209,59,0.282296651
Madhya Pradesh,BALAGHAT,2006,Rabi,Khesari,11216,6089,0.542885164
Madhya Pradesh,BALAGHAT,2006,Rabi,Linseed,17929,7427,0.414245078
Madhya Pradesh,BALAGHAT,2006,Rabi,Masoor,135,40,0.296296296
Madhya Pradesh,BALAGHAT,2006,Rabi,Moong(Green Gram),156,58,0.371794872
Madhya Pradesh,BALAGHAT,2006,Rabi,Other  Rabi pulses,1323,397,0.300075586
Madhya Pradesh,BALAGHAT,2006,Rabi,Peas & beans (Pulses),607,176,0.289950577
Madhya Pradesh,BALAGHAT,2006,Rabi,Rapeseed &Mustard,3560,2737,0.768820225
Madhya Pradesh,BALAGHAT,2006,Rabi,Small millets,12,,
Madhya Pradesh,BALAGHAT,2006,Rabi,Urad,4346,1571,0.361481822
Madhya Pradesh,BALAGHAT,2006,Rabi,Wheat,15045,11431,0.759787305
Madhya Pradesh,BALAGHAT,2006,Whole Year,Banana,25,863,34.52
Madhya Pradesh,BALAGHAT,2006,Whole Year,Coriander,340,91,0.267647059
Madhya Pradesh,BALAGHAT,2006,Whole Year,Dry chillies,372,120,0.322580645
Madhya Pradesh,BALAGHAT,2006,Whole Year,Garlic,140,481,3.435714286
Madhya Pradesh,BALAGHAT,2006,Whole Year,Onion,202,4607,22.80693069
Madhya Pradesh,BALAGHAT,2006,Whole Year,Potato,360,4735,13.15277778
Madhya Pradesh,BALAGHAT,2006,Whole Year,Sesamum,1136,779,0.685739437
Madhya Pradesh,BALAGHAT,2006,Whole Year,Sugarcane,701,28030,39.98573466
Madhya Pradesh,BALAGHAT,2006,Whole Year,Sweet potato,94,618,6.574468085
Madhya Pradesh,BALAGHAT,2006,Whole Year,Turmeric,83,60,0.722891566
Madhya Pradesh,BALAGHAT,2007,Kharif,Arhar/Tur,3061,2640,0.862463247
Madhya Pradesh,BALAGHAT,2007,Kharif,Bajra,11,6,0.545454545
Madhya Pradesh,BALAGHAT,2007,Kharif,Castor seed,19,7,0.368421053
Madhya Pradesh,BALAGHAT,2007,Kharif,Groundnut,432,399,0.923611111
Madhya Pradesh,BALAGHAT,2007,Kharif,Horse-gram,970,358,0.369072165
Madhya Pradesh,BALAGHAT,2007,Kharif,Jowar,66,93,1.409090909
Madhya Pradesh,BALAGHAT,2007,Kharif,Maize,4365,5713,1.30882016
Madhya Pradesh,BALAGHAT,2007,Kharif,Niger seed,101,17,0.168316832
Madhya Pradesh,BALAGHAT,2007,Kharif,Ragi,413,129,0.312348668
Madhya Pradesh,BALAGHAT,2007,Kharif,Rice,249811,354236,1.41801602
Madhya Pradesh,BALAGHAT,2007,Kharif,Sannhamp,84,35,0.416666667
Madhya Pradesh,BALAGHAT,2007,Kharif,Soyabean,109,119,1.091743119
Madhya Pradesh,BALAGHAT,2007,Kharif,Urad,1360,409,0.300735294
Madhya Pradesh,BALAGHAT,2007,Rabi,Gram,7090,5383,0.759238364
Madhya Pradesh,BALAGHAT,2007,Rabi,Horse-gram,134,38,0.28358209
Madhya Pradesh,BALAGHAT,2007,Rabi,Khesari,11902,5136,0.431524114
Madhya Pradesh,BALAGHAT,2007,Rabi,Linseed,17092,7506,0.43915282
Madhya Pradesh,BALAGHAT,2007,Rabi,Masoor,83,25,0.301204819
Madhya Pradesh,BALAGHAT,2007,Rabi,Peas & beans (Pulses),656,190,0.289634146
Madhya Pradesh,BALAGHAT,2007,Rabi,Rapeseed &Mustard,3509,2637,0.751496153
Madhya Pradesh,BALAGHAT,2007,Rabi,Safflower,3,1,0.333333333
Madhya Pradesh,BALAGHAT,2007,Rabi,Urad,4638,1677,0.361578266
Madhya Pradesh,BALAGHAT,2007,Rabi,Wheat,14672,13166,0.897355507
Madhya Pradesh,BALAGHAT,2007,Whole Year,Banana,11,527,47.90909091
Madhya Pradesh,BALAGHAT,2007,Whole Year,Coriander,308,83,0.269480519
Madhya Pradesh,BALAGHAT,2007,Whole Year,Garlic,150,515,3.433333333
Madhya Pradesh,BALAGHAT,2007,Whole Year,Onion,226,4460,19.73451327
Madhya Pradesh,BALAGHAT,2007,Whole Year,Potato,347,4997,14.40057637
Madhya Pradesh,BALAGHAT,2007,Whole Year,Sesamum,1108,961,0.86732852
Madhya Pradesh,BALAGHAT,2007,Whole Year,Sugarcane,1032,41250,39.97093023
Madhya Pradesh,BALAGHAT,2007,Whole Year,Sunflower,60,15,0.25
Madhya Pradesh,BALAGHAT,2007,Whole Year,Sweet potato,90,592,6.577777778
Madhya Pradesh,BALAGHAT,2007,Whole Year,Turmeric,70,50,0.714285714
Madhya Pradesh,BALAGHAT,2008,Kharif,Arhar/Tur,3022,2601,0.860688286
Madhya Pradesh,BALAGHAT,2008,Kharif,Bajra,8,5,0.625
Madhya Pradesh,BALAGHAT,2008,Kharif,Castor seed,15,5,0.333333333
Madhya Pradesh,BALAGHAT,2008,Kharif,Groundnut,535,532,0.994392523
Madhya Pradesh,BALAGHAT,2008,Kharif,Horse-gram,964,355,0.368257261
Madhya Pradesh,BALAGHAT,2008,Kharif,Jowar,107,162,1.514018692
Madhya Pradesh,BALAGHAT,2008,Kharif,Maize,4189,5613,1.339937933
Madhya Pradesh,BALAGHAT,2008,Kharif,Niger seed,80,14,0.175
Madhya Pradesh,BALAGHAT,2008,Kharif,Ragi,424,132,0.311320755
Madhya Pradesh,BALAGHAT,2008,Kharif,Rice,249835,275043,1.100898593
Madhya Pradesh,BALAGHAT,2008,Kharif,Sannhamp,71,30,0.422535211
Madhya Pradesh,BALAGHAT,2008,Kharif,Soyabean,97,115,1.18556701
Madhya Pradesh,BALAGHAT,2008,Kharif,Sunflower,47,11,0.234042553
Madhya Pradesh,BALAGHAT,2008,Kharif,Urad,1343,405,0.301563663
Madhya Pradesh,BALAGHAT,2008,Rabi,Gram,7043,5830,0.827772256
Madhya Pradesh,BALAGHAT,2008,Rabi,Horse-gram,193,54,0.279792746
Madhya Pradesh,BALAGHAT,2008,Rabi,Khesari,12216,6388,0.52292076
Madhya Pradesh,BALAGHAT,2008,Rabi,Linseed,16807,7025,0.417980603
Madhya Pradesh,BALAGHAT,2008,Rabi,Masoor,123,37,0.300813008
Madhya Pradesh,BALAGHAT,2008,Rabi,Peas & beans (Pulses),671,194,0.289120715
Madhya Pradesh,BALAGHAT,2008,Rabi,Rapeseed &Mustard,3250,2608,0.802461538
Madhya Pradesh,BALAGHAT,2008,Rabi,Safflower,5,1,0.2
Madhya Pradesh,BALAGHAT,2008,Rabi,Urad,4553,1646,0.361519877
Madhya Pradesh,BALAGHAT,2008,Rabi,Wheat,15147,12263,0.809599261
Madhya Pradesh,BALAGHAT,2008,Whole Year,Banana,24,923,38.45833333
Madhya Pradesh,BALAGHAT,2008,Whole Year,Coriander,408,109,0.267156863
Madhya Pradesh,BALAGHAT,2008,Whole Year,Garlic,147,505,3.43537415
Madhya Pradesh,BALAGHAT,2008,Whole Year,Onion,217,4346,20.02764977
Madhya Pradesh,BALAGHAT,2008,Whole Year,Potato,376,4146,11.02659574
Madhya Pradesh,BALAGHAT,2008,Whole Year,Sesamum,1149,983,0.855526545
Madhya Pradesh,BALAGHAT,2008,Whole Year,Small millets,12168,5131,0.421679816
Madhya Pradesh,BALAGHAT,2008,Whole Year,Sugarcane,784,39170,49.96173469
Madhya Pradesh,BALAGHAT,2008,Whole Year,Sweet potato,111,730,6.576576577
Madhya Pradesh,BALAGHAT,2008,Whole Year,Turmeric,86,79,0.918604651
Madhya Pradesh,BALAGHAT,2009,Kharif,Cowpea(Lobia),153,44,0.287581699
Madhya Pradesh,BALAGHAT,2009,Kharif,Horse-gram,1033,381,0.368828654
Madhya Pradesh,BALAGHAT,2009,Kharif,Jowar,119,202,1.697478992
Madhya Pradesh,BALAGHAT,2009,Kharif,Moong(Green Gram),89,38,0.426966292
Madhya Pradesh,BALAGHAT,2009,Kharif,Small millets,11770,5547,0.471282923
Madhya Pradesh,BALAGHAT,2009,Kharif,Urad,1372,414,0.301749271
Madhya Pradesh,BALAGHAT,2009,Rabi,Cowpea(Lobia),214,62,0.289719626
Madhya Pradesh,BALAGHAT,2009,Rabi,Horse-gram,160,53,0.33125
Madhya Pradesh,BALAGHAT,2009,Rabi,Moong(Green Gram),96,36,0.375
Madhya Pradesh,BALAGHAT,2009,Rabi,Urad,4323,1823,0.421697895
Madhya Pradesh,BALAGHAT,2009,Whole Year,Arhar/Tur,3048,3538,1.160761155
Madhya Pradesh,BALAGHAT,2009,Whole Year,Banana,5,298,59.6
Madhya Pradesh,BALAGHAT,2009,Whole Year,Castor seed,13,4,0.307692308
Madhya Pradesh,BALAGHAT,2009,Whole Year,Coriander,339,91,0.268436578
Madhya Pradesh,BALAGHAT,2009,Whole Year,Dry chillies,343,216,0.629737609
Madhya Pradesh,BALAGHAT,2009,Whole Year,Dry ginger,133,269,2.022556391
Madhya Pradesh,BALAGHAT,2009,Whole Year,Garlic,146,502,3.438356164
Madhya Pradesh,BALAGHAT,2009,Whole Year,Gram,7442,7667,1.030233808
Madhya Pradesh,BALAGHAT,2009,Whole Year,Groundnut,801,663,0.827715356
Madhya Pradesh,BALAGHAT,2009,Whole Year,Khesari,12777,6993,0.547311575
Madhya Pradesh,BALAGHAT,2009,Whole Year,Linseed,15659,8116,0.518296187
Madhya Pradesh,BALAGHAT,2009,Whole Year,Maize,4242,5047,1.189768977
Madhya Pradesh,BALAGHAT,2009,Whole Year,Masoor,117,42,0.358974359
Madhya Pradesh,BALAGHAT,2009,Whole Year,Mesta,89,49,0.550561798
Madhya Pradesh,BALAGHAT,2009,Whole Year,Niger seed,96,16,0.166666667
Madhya Pradesh,BALAGHAT,2009,Whole Year,Onion,217,4502,20.74654378
Madhya Pradesh,BALAGHAT,2009,Whole Year,Peas & beans (Pulses),723,244,0.337482711
Madhya Pradesh,BALAGHAT,2009,Whole Year,Potato,374,4755,12.71390374
Madhya Pradesh,BALAGHAT,2009,Whole Year,Ragi,379,119,0.313984169
Madhya Pradesh,BALAGHAT,2009,Whole Year,Rapeseed &Mustard,3422,3896,1.138515488
Madhya Pradesh,BALAGHAT,2009,Whole Year,Rice,247791,338221,1.364944651
Madhya Pradesh,BALAGHAT,2009,Whole Year,Safflower,16,4,0.25
Madhya Pradesh,BALAGHAT,2009,Whole Year,Sannhamp,53,23,0.433962264
Madhya Pradesh,BALAGHAT,2009,Whole Year,Sesamum,1289,1122,0.870442203
Madhya Pradesh,BALAGHAT,2009,Whole Year,Soyabean,116,142,1.224137931
Madhya Pradesh,BALAGHAT,2009,Whole Year,Sugarcane,918,45870,49.96732026
Madhya Pradesh,BALAGHAT,2009,Whole Year,Sunflower,12,3,0.25
Madhya Pradesh,BALAGHAT,2009,Whole Year,Sweet potato,89,585,6.573033708
Madhya Pradesh,BALAGHAT,2009,Whole Year,Turmeric,77,56,0.727272727
Madhya Pradesh,BALAGHAT,2009,Whole Year,Wheat,14689,19492,1.326979372
Madhya Pradesh,BALAGHAT,2010,Kharif,Arhar/Tur,3976,2291,0.576207243
Madhya Pradesh,BALAGHAT,2010,Kharif,Castor seed,24,7,0.291666667
Madhya Pradesh,BALAGHAT,2010,Kharif,Cowpea(Lobia),138,27,0.195652174
Madhya Pradesh,BALAGHAT,2010,Kharif,Groundnut,817,1074,1.314565483
Madhya Pradesh,BALAGHAT,2010,Kharif,Horse-gram,902,388,0.430155211
Madhya Pradesh,BALAGHAT,2010,Kharif,Jowar,90,168,1.866666667
Madhya Pradesh,BALAGHAT,2010,Kharif,Maize,4269,6587,1.542984305
Madhya Pradesh,BALAGHAT,2010,Kharif,Moong(Green Gram),63,27,0.428571429
Madhya Pradesh,BALAGHAT,2010,Kharif,Niger seed,91,15,0.164835165
Madhya Pradesh,BALAGHAT,2010,Kharif,Other Kharif pulses,397,76,0.191435768
Madhya Pradesh,BALAGHAT,2010,Kharif,Ragi,279,87,0.311827957
Madhya Pradesh,BALAGHAT,2010,Kharif,Rice,247865,353009,1.424198657
Madhya Pradesh,BALAGHAT,2010,Kharif,Small millets,10489,6173,0.588521308
Madhya Pradesh,BALAGHAT,2010,Kharif,Soyabean,93,162,1.741935484
Madhya Pradesh,BALAGHAT,2010,Kharif,Sunflower,14,4,0.285714286
Madhya Pradesh,BALAGHAT,2010,Kharif,Urad,1117,404,0.36168308
Madhya Pradesh,BALAGHAT,2010,Rabi,Cowpea(Lobia),97,19,0.195876289
Madhya Pradesh,BALAGHAT,2010,Rabi,Gram,6854,7157,1.044207762
Madhya Pradesh,BALAGHAT,2010,Rabi,Horse-gram,100,25,0.25
Madhya Pradesh,BALAGHAT,2010,Rabi,Khesari,11077,5508,0.497246547
Madhya Pradesh,BALAGHAT,2010,Rabi,Linseed,15521,7347,0.473358675
Madhya Pradesh,BALAGHAT,2010,Rabi,Masoor,212,57,0.268867925
Madhya Pradesh,BALAGHAT,2010,Rabi,Moong(Green Gram),107,31,0.289719626
Madhya Pradesh,BALAGHAT,2010,Rabi,Peas & beans (Pulses),873,221,0.253150057
Madhya Pradesh,BALAGHAT,2010,Rabi,Rapeseed &Mustard,3135,3035,0.968102073
Madhya Pradesh,BALAGHAT,2010,Rabi,Safflower,6,2,0.333333333
Madhya Pradesh,BALAGHAT,2010,Rabi,Urad,3980,1678,0.42160804
Madhya Pradesh,BALAGHAT,2010,Rabi,Wheat,15102,22942,1.519136538
Madhya Pradesh,BALAGHAT,2010,Whole Year,Banana,4,190,47.5
Madhya Pradesh,BALAGHAT,2010,Whole Year,Coriander,323,87,0.269349845
Madhya Pradesh,BALAGHAT,2010,Whole Year,Dry chillies,281,218,0.775800712
Madhya Pradesh,BALAGHAT,2010,Whole Year,Dry ginger,155,313,2.019354839
Madhya Pradesh,BALAGHAT,2010,Whole Year,Garlic,157,456,2.904458599
Madhya Pradesh,BALAGHAT,2010,Whole Year,Mesta,88,272,3.090909091
Madhya Pradesh,BALAGHAT,2010,Whole Year,Onion,234,5622,24.02564103
Madhya Pradesh,BALAGHAT,2010,Whole Year,Potato,383,4571,11.93472585
Madhya Pradesh,BALAGHAT,2010,Whole Year,Sannhamp,43,100,2.325581395
Madhya Pradesh,BALAGHAT,2010,Whole Year,Sesamum,1273,1140,0.895522388
Madhya Pradesh,BALAGHAT,2010,Whole Year,Sugarcane,729,36430,49.97256516
Madhya Pradesh,BALAGHAT,2010,Whole Year,Sweet potato,94,522,5.553191489
Madhya Pradesh,BALAGHAT,2010,Whole Year,Turmeric,90,43,0.477777778
Madhya Pradesh,BALAGHAT,2011,Kharif,Arhar/Tur,4007,3566,0.8899426
Madhya Pradesh,BALAGHAT,2011,Kharif,Castor seed,25,8,0.32
Madhya Pradesh,BALAGHAT,2011,Kharif,Groundnut,751,890,1.185086551
Madhya Pradesh,BALAGHAT,2011,Kharif,Horse-gram,857,264,0.308051342
Madhya Pradesh,BALAGHAT,2011,Kharif,Jowar,81,162,2
Madhya Pradesh,BALAGHAT,2011,Kharif,Maize,4276,5360,1.253507951
Madhya Pradesh,BALAGHAT,2011,Kharif,Mesta,94,260,2.765957447
Madhya Pradesh,BALAGHAT,2011,Kharif,Moong(Green Gram),90,30,0.333333333
Madhya Pradesh,BALAGHAT,2011,Kharif,Niger seed,98,14,0.142857143
Madhya Pradesh,BALAGHAT,2011,Kharif,Other Kharif pulses,568,118,0.207746479
Madhya Pradesh,BALAGHAT,2011,Kharif,Ragi,261,68,0.260536398
Madhya Pradesh,BALAGHAT,2011,Kharif,Rice,255517,346073,1.354403034
Madhya Pradesh,BALAGHAT,2011,Kharif,Sannhamp,45,94,2.088888889
Madhya Pradesh,BALAGHAT,2011,Kharif,Small millets,10249,5866,0.572348522
Madhya Pradesh,BALAGHAT,2011,Kharif,Soyabean,58,98,1.689655172
Madhya Pradesh,BALAGHAT,2011,Kharif,Urad,1147,257,0.224062772
Madhya Pradesh,BALAGHAT,2011,Rabi,Gram,7429,7851,1.056804415
Madhya Pradesh,BALAGHAT,2011,Rabi,Horse-gram,90,22,0.244444444
Madhya Pradesh,BALAGHAT,2011,Rabi,Khesari,10737,6666,0.620843811
Madhya Pradesh,BALAGHAT,2011,Rabi,Linseed,14886,9710,0.652290743
Madhya Pradesh,BALAGHAT,2011,Rabi,Masoor,212,57,0.268867925
Madhya Pradesh,BALAGHAT,2011,Rabi,Moong(Green Gram),98,29,0.295918367
Madhya Pradesh,BALAGHAT,2011,Rabi,Other  Rabi pulses,1039,232,0.223291627
Madhya Pradesh,BALAGHAT,2011,Rabi,Peas & beans (Pulses),793,201,0.253467844
Madhya Pradesh,BALAGHAT,2011,Rabi,Rapeseed &Mustard,3028,3457,1.141677675
Madhya Pradesh,BALAGHAT,2011,Rabi,Urad,3940,1330,0.337563452
Madhya Pradesh,BALAGHAT,2011,Rabi,Wheat,16951,20130,1.187540558
Madhya Pradesh,BALAGHAT,2011,Whole Year,Banana,16,760,47.5
Madhya Pradesh,BALAGHAT,2011,Whole Year,Coriander,333,89,0.267267267
Madhya Pradesh,BALAGHAT,2011,Whole Year,Dry chillies,242,104,0.429752066
Madhya Pradesh,BALAGHAT,2011,Whole Year,Dry ginger,144,254,1.763888889
Madhya Pradesh,BALAGHAT,2011,Whole Year,Garlic,138,429,3.108695652
Madhya Pradesh,BALAGHAT,2011,Whole Year,Onion,216,5941,27.50462963
Madhya Pradesh,BALAGHAT,2011,Whole Year,Potato,382,5694,14.90575916
Madhya Pradesh,BALAGHAT,2011,Whole Year,Sesamum,1276,1642,1.286833856
Madhya Pradesh,BALAGHAT,2011,Whole Year,Sugarcane,970,36000,37.11340206
Madhya Pradesh,BALAGHAT,2011,Whole Year,Sunflower,1,,
Madhya Pradesh,BALAGHAT,2011,Whole Year,Sweet potato,104,618,5.942307692
Madhya Pradesh,BALAGHAT,2011,Whole Year,Turmeric,66,44,0.666666667
Madhya Pradesh,BALAGHAT,2012,Kharif,Arhar/Tur,4396,5061,1.151273885
Madhya Pradesh,BALAGHAT,2012,Kharif,Castor seed,17,5,0.294117647
Madhya Pradesh,BALAGHAT,2012,Kharif,Groundnut,698,1045,1.49713467
Madhya Pradesh,BALAGHAT,2012,Kharif,Horse-gram,874,435,0.49771167
Madhya Pradesh,BALAGHAT,2012,Kharif,Jowar,98,206,2.102040816
Madhya Pradesh,BALAGHAT,2012,Kharif,Maize,4233,9945,2.34939759
Madhya Pradesh,BALAGHAT,2012,Kharif,Mesta,81,43,0.530864198
Madhya Pradesh,BALAGHAT,2012,Kharif,Moong(Green Gram),84,32,0.380952381
Madhya Pradesh,BALAGHAT,2012,Kharif,Niger seed,98,16,0.163265306
Madhya Pradesh,BALAGHAT,2012,Kharif,Other Kharif pulses,504,213,0.422619048
Madhya Pradesh,BALAGHAT,2012,Kharif,Ragi,223,64,0.286995516
Madhya Pradesh,BALAGHAT,2012,Kharif,Rice,260767,486464,1.865512124
Madhya Pradesh,BALAGHAT,2012,Kharif,Sannhamp,41,89,2.170731707
Madhya Pradesh,BALAGHAT,2012,Kharif,Small millets,10618,4652,0.43812394
Madhya Pradesh,BALAGHAT,2012,Kharif,Soyabean,44,60,1.363636364
Madhya Pradesh,BALAGHAT,2012,Kharif,Urad,1145,569,0.496943231
Madhya Pradesh,BALAGHAT,2012,Rabi,Gram,7896,7489,0.948454914
Madhya Pradesh,BALAGHAT,2012,Rabi,Horse-gram,71,26,0.366197183
Madhya Pradesh,BALAGHAT,2012,Rabi,Khesari,10709,8474,0.79129704
Madhya Pradesh,BALAGHAT,2012,Rabi,Linseed,14463,6918,0.478323999
Madhya Pradesh,BALAGHAT,2012,Rabi,Masoor,214,106,0.495327103
Madhya Pradesh,BALAGHAT,2012,Rabi,Moong(Green Gram),111,35,0.315315315
Madhya Pradesh,BALAGHAT,2012,Rabi,Other  Rabi pulses,1009,426,0.422200198
Madhya Pradesh,BALAGHAT,2012,Rabi,Peas & beans (Pulses),691,312,0.451519537
Madhya Pradesh,BALAGHAT,2012,Rabi,Rapeseed &Mustard,3183,3338,1.048696199
Madhya Pradesh,BALAGHAT,2012,Rabi,Urad,4156,2065,0.496871992
Madhya Pradesh,BALAGHAT,2012,Rabi,Wheat,18316,23716,1.294824197
Madhya Pradesh,BALAGHAT,2012,Whole Year,Banana,11,141,12.81818182
Madhya Pradesh,BALAGHAT,2012,Whole Year,Coriander,340,67,0.197058824
Madhya Pradesh,BALAGHAT,2012,Whole Year,Dry chillies,250,184,0.736
Madhya Pradesh,BALAGHAT,2012,Whole Year,Dry ginger,181,319,1.762430939
Madhya Pradesh,BALAGHAT,2012,Whole Year,Garlic,142,442,3.112676056
Madhya Pradesh,BALAGHAT,2012,Whole Year,Onion,211,5762,27.30805687
Madhya Pradesh,BALAGHAT,2012,Whole Year,Potato,373,4647,12.45844504
Madhya Pradesh,BALAGHAT,2012,Whole Year,Sesamum,1309,1484,1.13368984
Madhya Pradesh,BALAGHAT,2012,Whole Year,Sugarcane,684,34180,49.97076023
Madhya Pradesh,BALAGHAT,2012,Whole Year,Sunflower,2,1,0.5
Madhya Pradesh,BALAGHAT,2012,Whole Year,Sweet potato,95,565,5.947368421
Madhya Pradesh,BALAGHAT,2012,Whole Year,Turmeric,93,66,0.709677419
Madhya Pradesh,BALAGHAT,2013,Kharif,Arhar/Tur,4343,4288,0.987335943
Madhya Pradesh,BALAGHAT,2013,Kharif,Castor seed,17,6,0.352941176
Madhya Pradesh,BALAGHAT,2013,Kharif,Groundnut,630,670,1.063492063
Madhya Pradesh,BALAGHAT,2013,Kharif,Horse-gram,955,475,0.497382199
Madhya Pradesh,BALAGHAT,2013,Kharif,Jowar,81,114,1.407407407
Madhya Pradesh,BALAGHAT,2013,Kharif,Maize,4292,7377,1.718779124
Madhya Pradesh,BALAGHAT,2013,Kharif,Mesta,75,229,3.053333333
Madhya Pradesh,BALAGHAT,2013,Kharif,Moong(Green Gram),75,29,0.386666667
Madhya Pradesh,BALAGHAT,2013,Kharif,Niger seed,102,22,0.215686275
Madhya Pradesh,BALAGHAT,2013,Kharif,Other Kharif pulses,493,227,0.460446247
Madhya Pradesh,BALAGHAT,2013,Kharif,Ragi,220,67,0.304545455
Madhya Pradesh,BALAGHAT,2013,Kharif,Rice,258647,434079,1.678268064
Madhya Pradesh,BALAGHAT,2013,Kharif,Sannhamp,41,95,2.317073171
Madhya Pradesh,BALAGHAT,2013,Kharif,Small millets,9758,5014,0.513834802
Madhya Pradesh,BALAGHAT,2013,Kharif,Soyabean,45,32,0.711111111
Madhya Pradesh,BALAGHAT,2013,Kharif,Urad,1165,579,0.496995708
Madhya Pradesh,BALAGHAT,2013,Rabi,Gram,7492,6327,0.844500801
Madhya Pradesh,BALAGHAT,2013,Rabi,Horse-gram,71,26,0.366197183
Madhya Pradesh,BALAGHAT,2013,Rabi,Khesari,10706,5270,0.492247338
Madhya Pradesh,BALAGHAT,2013,Rabi,Linseed,14195,5525,0.389221557
Madhya Pradesh,BALAGHAT,2013,Rabi,Masoor,207,103,0.497584541
Madhya Pradesh,BALAGHAT,2013,Rabi,Moong(Green Gram),149,48,0.322147651
Madhya Pradesh,BALAGHAT,2013,Rabi,Other  Rabi pulses,922,388,0.420824295
Madhya Pradesh,BALAGHAT,2013,Rabi,Peas & beans (Pulses),676,318,0.470414201
Madhya Pradesh,BALAGHAT,2013,Rabi,Rapeseed &Mustard,3061,2812,0.918654035
Madhya Pradesh,BALAGHAT,2013,Rabi,Urad,3811,1894,0.496982419
Madhya Pradesh,BALAGHAT,2013,Rabi,Wheat,17520,22851,1.304280822
Madhya Pradesh,BALAGHAT,2013,Whole Year,Banana,16,1742,108.875
Madhya Pradesh,BALAGHAT,2013,Whole Year,Coriander,333,76,0.228228228
Madhya Pradesh,BALAGHAT,2013,Whole Year,Dry chillies,238,107,0.449579832
Madhya Pradesh,BALAGHAT,2013,Whole Year,Dry ginger,182,344,1.89010989
Madhya Pradesh,BALAGHAT,2013,Whole Year,Garlic,148,552,3.72972973
Madhya Pradesh,BALAGHAT,2013,Whole Year,Onion,196,4924,25.12244898
Madhya Pradesh,BALAGHAT,2013,Whole Year,Potato,371,3889,10.48247978
Madhya Pradesh,BALAGHAT,2013,Whole Year,Sesamum,1311,1189,0.906941266
Madhya Pradesh,BALAGHAT,2013,Whole Year,Sugarcane,912,48610,53.3004386
Madhya Pradesh,BALAGHAT,2013,Whole Year,Sunflower,2,1,0.5
Madhya Pradesh,BALAGHAT,2013,Whole Year,Sweet potato,99,707,7.141414141
Madhya Pradesh,BALAGHAT,2013,Whole Year,Turmeric,90,65,0.722222222
Madhya Pradesh,BARWANI,1998,Kharif,Arhar/Tur,5400,3000,0.555555556
Madhya Pradesh,BARWANI,1998,Kharif,Bajra,10800,4200,0.388888889
Madhya Pradesh,BARWANI,1998,Kharif,Cotton(lint),45200,6100,0.134955752
Madhya Pradesh,BARWANI,1998,Kharif,Groundnut,23800,18200,0.764705882
Madhya Pradesh,BARWANI,1998,Kharif,Jowar,50500,46200,0.914851485
Madhya Pradesh,BARWANI,1998,Kharif,Maize,30200,39800,1.317880795
Madhya Pradesh,BARWANI,1998,Kharif,Rice,3200,1400,0.4375
Madhya Pradesh,BARWANI,1998,Kharif,Sesamum,400,100,0.25
Madhya Pradesh,BARWANI,1998,Kharif,Soyabean,25300,14200,0.561264822
Madhya Pradesh,BARWANI,1998,Rabi,Gram,5700,3800,0.666666667
Madhya Pradesh,BARWANI,1998,Rabi,Jowar,3500,3300,0.942857143
Madhya Pradesh,BARWANI,1998,Rabi,Wheat,30100,63600,2.112956811
Madhya Pradesh,BARWANI,1998,Whole Year,Sugarcane,3440,73070,21.24127907
Madhya Pradesh,BARWANI,1999,Kharif,Arhar/Tur,5300,2461,0.464339623
Madhya Pradesh,BARWANI,1999,Kharif,Bajra,10237,2260,0.220767803
Madhya Pradesh,BARWANI,1999,Kharif,Castor seed,107,41,0.38317757
Madhya Pradesh,BARWANI,1999,Kharif,Cotton(lint),45214,29365,0.649466979
Madhya Pradesh,BARWANI,1999,Kharif,Dry ginger,352,269,0.764204545
Madhya Pradesh,BARWANI,1999,Kharif,Groundnut,20332,11361,0.558774346
Madhya Pradesh,BARWANI,1999,Kharif,Jowar,49157,17647,0.358992615
Madhya Pradesh,BARWANI,1999,Kharif,Maize,31454,28249,0.898105169
Madhya Pradesh,BARWANI,1999,Kharif,Other Kharif pulses,26632,6140,0.230549715
Madhya Pradesh,BARWANI,1999,Kharif,Rice,2994,1529,0.510688043
Madhya Pradesh,BARWANI,1999,Kharif,Sesamum,303,44,0.145214521
Madhya Pradesh,BARWANI,1999,Kharif,Soyabean,29867,9930,0.332473968
Madhya Pradesh,BARWANI,1999,Kharif,Sunflower,26,6,0.230769231
Madhya Pradesh,BARWANI,1999,Kharif,Urad,10425,2792,0.267817746
Madhya Pradesh,BARWANI,1999,Rabi,Gram,5150,3414,0.662912621
Madhya Pradesh,BARWANI,1999,Rabi,Jowar,3257,2733,0.839115751
Madhya Pradesh,BARWANI,1999,Rabi,Linseed,36,8,0.222222222
Madhya Pradesh,BARWANI,1999,Rabi,Other  Rabi pulses,370,80,0.216216216
Madhya Pradesh,BARWANI,1999,Rabi,Rapeseed &Mustard,10,2,0.2
Madhya Pradesh,BARWANI,1999,Rabi,Wheat,23589,43875,1.859977108
Madhya Pradesh,BARWANI,1999,Whole Year,Coriander,61,16,0.262295082
Madhya Pradesh,BARWANI,1999,Whole Year,Dry chillies,4609,2307,0.500542417
Madhya Pradesh,BARWANI,1999,Whole Year,Garlic,100,220,2.2
Madhya Pradesh,BARWANI,1999,Whole Year,Onion,609,3587,5.88998358
Madhya Pradesh,BARWANI,1999,Whole Year,Potato,42,340,8.095238095
Madhya Pradesh,BARWANI,1999,Whole Year,Sannhamp,294,400,1.360544218
Madhya Pradesh,BARWANI,1999,Whole Year,Sugarcane,2255,84640,37.53436807
Madhya Pradesh,BARWANI,1999,Whole Year,Sweet potato,79,367,4.64556962
Madhya Pradesh,BARWANI,1999,Whole Year,Turmeric,80,119,1.4875
Madhya Pradesh,BARWANI,2000,Kharif,Arhar/Tur,5568,1772,0.318247126
Madhya Pradesh,BARWANI,2000,Kharif,Bajra,10070,3014,0.299304866
Madhya Pradesh,BARWANI,2000,Kharif,Castor seed,482,105,0.217842324
Madhya Pradesh,BARWANI,2000,Kharif,Cotton(lint),45459,20980,0.461514772
Madhya Pradesh,BARWANI,2000,Kharif,Dry ginger,351,211,0.601139601
Madhya Pradesh,BARWANI,2000,Kharif,Groundnut,18020,11281,0.626026637
Madhya Pradesh,BARWANI,2000,Kharif,Jowar,49600,33774,0.680927419
Madhya Pradesh,BARWANI,2000,Kharif,Maize,32442,38219,1.178071636
Madhya Pradesh,BARWANI,2000,Kharif,Other Kharif pulses,26226,5022,0.191489362
Madhya Pradesh,BARWANI,2000,Kharif,Rice,2739,874,0.31909456
Madhya Pradesh,BARWANI,2000,Kharif,Sesamum,384,67,0.174479167
Madhya Pradesh,BARWANI,2000,Kharif,Small millets,1594,196,0.122961104
Madhya Pradesh,BARWANI,2000,Kharif,Soyabean,28504,10686,0.374894752
Madhya Pradesh,BARWANI,2000,Kharif,Sunflower,137,46,0.335766423
Madhya Pradesh,BARWANI,2000,Rabi,Gram,1970,978,0.496446701
Madhya Pradesh,BARWANI,2000,Rabi,Jowar,1140,632,0.554385965
Madhya Pradesh,BARWANI,2000,Rabi,Linseed,16,3,0.1875
Madhya Pradesh,BARWANI,2000,Rabi,Other  Rabi pulses,237,43,0.181434599
Madhya Pradesh,BARWANI,2000,Rabi,Rapeseed &Mustard,2,0.1,0.05
Madhya Pradesh,BARWANI,2000,Rabi,Wheat,13293,23601,1.775445723
Madhya Pradesh,BARWANI,2000,Whole Year,Coriander,46,10,0.217391304
Madhya Pradesh,BARWANI,2000,Whole Year,Dry chillies,4717,1182,0.250582998
Madhya Pradesh,BARWANI,2000,Whole Year,Garlic,85,209,2.458823529
Madhya Pradesh,BARWANI,2000,Whole Year,Onion,544,4332,7.963235294
Madhya Pradesh,BARWANI,2000,Whole Year,Sannhamp,304,327,1.075657895
Madhya Pradesh,BARWANI,2000,Whole Year,Sugarcane,3425,33670,9.830656934
Madhya Pradesh,BARWANI,2000,Whole Year,Turmeric,50,37,0.74
Madhya Pradesh,BARWANI,2001,Kharif,Arhar/Tur,5012,2176,0.434158021
Madhya Pradesh,BARWANI,2001,Kharif,Bajra,9830,3391,0.344964395
Madhya Pradesh,BARWANI,2001,Kharif,Castor seed,125,36,0.288
Madhya Pradesh,BARWANI,2001,Kharif,Cotton(lint),49214,25517,0.518490673
Madhya Pradesh,BARWANI,2001,Kharif,Dry ginger,401,301,0.750623441
Madhya Pradesh,BARWANI,2001,Kharif,Groundnut,17410,13584,0.780241241
Madhya Pradesh,BARWANI,2001,Kharif,Jowar,50094,46127,0.920808879
Madhya Pradesh,BARWANI,2001,Kharif,Maize,33240,66096,1.988447653
Madhya Pradesh,BARWANI,2001,Kharif,Other Kharif pulses,25072,7457,0.297423421
Madhya Pradesh,BARWANI,2001,Kharif,Rice,2596,1092,0.420647149
Madhya Pradesh,BARWANI,2001,Kharif,Sesamum,282,61,0.216312057
Madhya Pradesh,BARWANI,2001,Kharif,Small millets,1169,192,0.164242943
Madhya Pradesh,BARWANI,2001,Kharif,Soyabean,27842,13406,0.481502766
Madhya Pradesh,BARWANI,2001,Rabi,Gram,2554,1449,0.567345341
Madhya Pradesh,BARWANI,2001,Rabi,Jowar,2033,1961,0.964584358
Madhya Pradesh,BARWANI,2001,Rabi,Linseed,1,0.01,0.01
Madhya Pradesh,BARWANI,2001,Rabi,Other  Rabi pulses,276,62,0.224637681
Madhya Pradesh,BARWANI,2001,Rabi,Rapeseed &Mustard,3,1,0.333333333
Madhya Pradesh,BARWANI,2001,Rabi,Wheat,16907,32620,1.929378364
Madhya Pradesh,BARWANI,2001,Whole Year,Banana,660,12673,19.20151515
Madhya Pradesh,BARWANI,2001,Whole Year,Coriander,88,23,0.261363636
Madhya Pradesh,BARWANI,2001,Whole Year,Dry chillies,4821,2782,0.577058702
Madhya Pradesh,BARWANI,2001,Whole Year,Garlic,90,218,2.422222222
Madhya Pradesh,BARWANI,2001,Whole Year,Onion,627,5275,8.41307815
Madhya Pradesh,BARWANI,2001,Whole Year,Potato,14,130,9.285714286
Madhya Pradesh,BARWANI,2001,Whole Year,Sannhamp,291,389,1.336769759
Madhya Pradesh,BARWANI,2001,Whole Year,Sugarcane,2322,72850,31.37381568
Madhya Pradesh,BARWANI,2001,Whole Year,Sweet potato,83,347,4.180722892
Madhya Pradesh,BARWANI,2001,Whole Year,Tobacco,67,40,0.597014925
Madhya Pradesh,BARWANI,2001,Whole Year,Turmeric,27,30,1.111111111
Madhya Pradesh,BARWANI,2002,Kharif,Arhar/Tur,4910,1800,0.366598778
Madhya Pradesh,BARWANI,2002,Kharif,Bajra,9914,2456,0.247730482
Madhya Pradesh,BARWANI,2002,Kharif,Castor seed,119,36,0.302521008
Madhya Pradesh,BARWANI,2002,Kharif,Cotton(lint),50785,25646,0.504991631
Madhya Pradesh,BARWANI,2002,Kharif,Dry ginger,411,301,0.732360097
Madhya Pradesh,BARWANI,2002,Kharif,Groundnut,17254,12486,0.723658282
Madhya Pradesh,BARWANI,2002,Kharif,Jowar,48822,38893,0.796628569
Madhya Pradesh,BARWANI,2002,Kharif,Maize,34241,59876,1.748663882
Madhya Pradesh,BARWANI,2002,Kharif,Other Kharif pulses,31290,6257,0.199968041
Madhya Pradesh,BARWANI,2002,Kharif,Rice,2494,1239,0.496792302
Madhya Pradesh,BARWANI,2002,Kharif,Sesamum,317,73,0.230283912
Madhya Pradesh,BARWANI,2002,Kharif,Small millets,975,199,0.204102564
Madhya Pradesh,BARWANI,2002,Kharif,Soyabean,20852,11868,0.569154038
Madhya Pradesh,BARWANI,2002,Rabi,Gram,2858,1674,0.585724283
Madhya Pradesh,BARWANI,2002,Rabi,Jowar,1735,1605,0.925072046
Madhya Pradesh,BARWANI,2002,Rabi,Linseed,1,0.01,0.01
Madhya Pradesh,BARWANI,2002,Rabi,Other  Rabi pulses,506,103,0.203557312
Madhya Pradesh,BARWANI,2002,Rabi,Rapeseed &Mustard,1,0.01,0.01
Madhya Pradesh,BARWANI,2002,Rabi,Wheat,22163,43815,1.976943555
Madhya Pradesh,BARWANI,2002,Whole Year,Banana,656,13469,20.5320122
Madhya Pradesh,BARWANI,2002,Whole Year,Bhindi,230,0,0
Madhya Pradesh,BARWANI,2002,Whole Year,Brinjal,120,0,0
Madhya Pradesh,BARWANI,2002,Whole Year,Cabbage,86,0,0
Madhya Pradesh,BARWANI,2002,Whole Year,Cauliflower,73,0,0
Madhya Pradesh,BARWANI,2002,Whole Year,Citrus Fruit,167,0,0
Madhya Pradesh,BARWANI,2002,Whole Year,Coriander,121,35,0.289256198
Madhya Pradesh,BARWANI,2002,Whole Year,Dry chillies,5232,3303,0.631307339
Madhya Pradesh,BARWANI,2002,Whole Year,Garlic,138,386,2.797101449
Madhya Pradesh,BARWANI,2002,Whole Year,Mango,15,0,0
Madhya Pradesh,BARWANI,2002,Whole Year,Onion,931,8183,8.789473684
Madhya Pradesh,BARWANI,2002,Whole Year,Other Fresh Fruits,54,0,0
Madhya Pradesh,BARWANI,2002,Whole Year,Other Vegetables,325,0,0
Madhya Pradesh,BARWANI,2002,Whole Year,Papaya,86,1871,21.75581395
Madhya Pradesh,BARWANI,2002,Whole Year,Pome Fruit,267,0,0
Madhya Pradesh,BARWANI,2002,Whole Year,Potato,6,60,10
Madhya Pradesh,BARWANI,2002,Whole Year,Sannhamp,253,356,1.407114625
Madhya Pradesh,BARWANI,2002,Whole Year,Sugarcane,412,14850,36.04368932
Madhya Pradesh,BARWANI,2002,Whole Year,Sweet potato,166,1026,6.180722892
Madhya Pradesh,BARWANI,2002,Whole Year,Tobacco,44,23,0.522727273
Madhya Pradesh,BARWANI,2002,Whole Year,Tomato,32,0,0
Madhya Pradesh,BARWANI,2002,Whole Year,Turmeric,50785,25646,0.504991631
Madhya Pradesh,BARWANI,2003,Kharif,Arhar/Tur,5081,2445,0.481204487
Madhya Pradesh,BARWANI,2003,Kharif,Bajra,10062,4110,0.408467501
Madhya Pradesh,BARWANI,2003,Kharif,Castor seed,117,47,0.401709402
Madhya Pradesh,BARWANI,2003,Kharif,Cotton(lint),51220,47399,0.925400234
Madhya Pradesh,BARWANI,2003,Kharif,Dry ginger,423,335,0.791962175
Madhya Pradesh,BARWANI,2003,Kharif,Groundnut,17155,15505,0.903818129
Madhya Pradesh,BARWANI,2003,Kharif,Horse-gram,7050,1766,0.250496454
Madhya Pradesh,BARWANI,2003,Kharif,Jowar,47226,60442,1.279845848
Madhya Pradesh,BARWANI,2003,Kharif,Maize,35841,60232,1.680533467
Madhya Pradesh,BARWANI,2003,Kharif,Other Kharif pulses,23361,7814,0.334489106
Madhya Pradesh,BARWANI,2003,Kharif,other misc. pulses,1242,0.01,8.05153E-06
Madhya Pradesh,BARWANI,2003,Kharif,Rice,2504,1497,0.59784345
Madhya Pradesh,BARWANI,2003,Kharif,Sesamum,345,115,0.333333333
Madhya Pradesh,BARWANI,2003,Kharif,Small millets,1437,318,0.221294363
Madhya Pradesh,BARWANI,2003,Kharif,Soyabean,25521,19192,0.75200815
Madhya Pradesh,BARWANI,2003,Kharif,Urad,9387,3545,0.377649941
Madhya Pradesh,BARWANI,2003,Rabi,Gram,3276,1890,0.576923077
Madhya Pradesh,BARWANI,2003,Rabi,Jowar,1665,2146,1.288888889
Madhya Pradesh,BARWANI,2003,Rabi,Linseed,4,2,0.5
Madhya Pradesh,BARWANI,2003,Rabi,Other  Rabi pulses,635,175,0.275590551
Madhya Pradesh,BARWANI,2003,Rabi,Rapeseed &Mustard,4,1,0.25
Madhya Pradesh,BARWANI,2003,Rabi,Safflower,1,0,0
Madhya Pradesh,BARWANI,2003,Rabi,Wheat,26186,61217,2.337775911
Madhya Pradesh,BARWANI,2003,Whole Year,Banana,585,11721,20.03589744
Madhya Pradesh,BARWANI,2003,Whole Year,Bhindi,269,0,0
Madhya Pradesh,BARWANI,2003,Whole Year,Brinjal,223,0,0
Madhya Pradesh,BARWANI,2003,Whole Year,Cabbage,128,0,0
Madhya Pradesh,BARWANI,2003,Whole Year,Cauliflower,126,0,0
Madhya Pradesh,BARWANI,2003,Whole Year,Citrus Fruit,115,0,0
Madhya Pradesh,BARWANI,2003,Whole Year,Coriander,145,42,0.289655172
Madhya Pradesh,BARWANI,2003,Whole Year,Dry chillies,5672,4633,0.816819464
Madhya Pradesh,BARWANI,2003,Whole Year,Garlic,172,437,2.540697674
Madhya Pradesh,BARWANI,2003,Whole Year,Mango,7,0,0
Madhya Pradesh,BARWANI,2003,Whole Year,Onion,1021,7450,7.296767875
Madhya Pradesh,BARWANI,2003,Whole Year,Orange,9,0,0
Madhya Pradesh,BARWANI,2003,Whole Year,Other Citrus Fruit,13,0,0
Madhya Pradesh,BARWANI,2003,Whole Year,Other Fresh Fruits,85,0,0
Madhya Pradesh,BARWANI,2003,Whole Year,Other Vegetables,280,0,0
Madhya Pradesh,BARWANI,2003,Whole Year,Papaya,74,3674,49.64864865
Madhya Pradesh,BARWANI,2003,Whole Year,Pome Fruit,252,0,0
Madhya Pradesh,BARWANI,2003,Whole Year,Potato,7,68,9.714285714
Madhya Pradesh,BARWANI,2003,Whole Year,Sannhamp,321,644,2.00623053
Madhya Pradesh,BARWANI,2003,Whole Year,Sugarcane,2155,74850,34.73317865
Madhya Pradesh,BARWANI,2003,Whole Year,Sweet potato,165,900,5.454545455
Madhya Pradesh,BARWANI,2003,Whole Year,Tomato,36,0,0
Madhya Pradesh,BARWANI,2003,Whole Year,Turmeric,49,56,1.142857143
Madhya Pradesh,BARWANI,2003,Whole Year,Water Melon,2,0,0
Madhya Pradesh,BARWANI,2004,Kharif,Arhar/Tur,4744,1925,0.405775717
Madhya Pradesh,BARWANI,2004,Kharif,Bajra,10229,3638,0.355655489
Madhya Pradesh,BARWANI,2004,Kharif,Castor seed,88,34,0.386363636
Madhya Pradesh,BARWANI,2004,Kharif,Cotton(lint),51210,41621,0.812751416
Madhya Pradesh,BARWANI,2004,Kharif,Dry ginger,389,314,0.807197943
Madhya Pradesh,BARWANI,2004,Kharif,Groundnut,17690,10144,0.573431317
Madhya Pradesh,BARWANI,2004,Kharif,Horse-gram,7703,1410,0.183045567
Madhya Pradesh,BARWANI,2004,Kharif,Jowar,46835,41190,0.879470481
Madhya Pradesh,BARWANI,2004,Kharif,Maize,35503,32390,0.912317269
Madhya Pradesh,BARWANI,2004,Kharif,Rice,2297,1034,0.450152373
Madhya Pradesh,BARWANI,2004,Kharif,Sesamum,355,114,0.321126761
Madhya Pradesh,BARWANI,2004,Kharif,Small millets,1467,263,0.179277437
Madhya Pradesh,BARWANI,2004,Kharif,Soyabean,26877,14187,0.52784909
Madhya Pradesh,BARWANI,2004,Kharif,Sunflower,3,1,0.333333333
Madhya Pradesh,BARWANI,2004,Kharif,Urad,9004,2164,0.240337628
Madhya Pradesh,BARWANI,2004,Rabi,Gram,3318,1763,0.531344183
Madhya Pradesh,BARWANI,2004,Rabi,Jowar,2072,2037,0.983108108
Madhya Pradesh,BARWANI,2004,Rabi,Linseed,1,,
Madhya Pradesh,BARWANI,2004,Rabi,Rapeseed &Mustard,6,3,0.5
Madhya Pradesh,BARWANI,2004,Rabi,Wheat,27108,49974,1.84351483
Madhya Pradesh,BARWANI,2004,Whole Year,Coriander,138,31,0.224637681
Madhya Pradesh,BARWANI,2004,Whole Year,Garlic,137,355,2.591240876
Madhya Pradesh,BARWANI,2004,Whole Year,Onion,943,8013,8.497348887
Madhya Pradesh,BARWANI,2004,Whole Year,Potato,7,84,12
Madhya Pradesh,BARWANI,2004,Whole Year,Sugarcane,158,4690,29.6835443
Madhya Pradesh,BARWANI,2004,Whole Year,Sweet potato,89,486,5.460674157
Madhya Pradesh,BARWANI,2004,Whole Year,Turmeric,63,70,1.111111111
Madhya Pradesh,BARWANI,2005,Kharif,Arhar/Tur,4294,1348,0.313926409
Madhya Pradesh,BARWANI,2005,Kharif,Bajra,9922,3405,0.343176779
Madhya Pradesh,BARWANI,2005,Kharif,Castor seed,214,31,0.144859813
Madhya Pradesh,BARWANI,2005,Kharif,Cotton(lint),50553,31132,0.615828932
Madhya Pradesh,BARWANI,2005,Kharif,Groundnut,15750,9148,0.580825397
Madhya Pradesh,BARWANI,2005,Kharif,Horse-gram,6680,805,0.120508982
Madhya Pradesh,BARWANI,2005,Kharif,Jowar,47829,42085,0.879905497
Madhya Pradesh,BARWANI,2005,Kharif,Maize,33857,32824,0.969489323
Madhya Pradesh,BARWANI,2005,Kharif,Moong(Green Gram),6372,1238,0.194287508
Madhya Pradesh,BARWANI,2005,Kharif,Rice,2230,757,0.339461883
Madhya Pradesh,BARWANI,2005,Kharif,Sesamum,316,100,0.316455696
Madhya Pradesh,BARWANI,2005,Kharif,Small millets,938,1279,1.363539446
Madhya Pradesh,BARWANI,2005,Kharif,Soyabean,30990,11036,0.356114876
Madhya Pradesh,BARWANI,2005,Kharif,Sunflower,7,1,0.142857143
Madhya Pradesh,BARWANI,2005,Kharif,Urad,8464,1370,0.161862004
Madhya Pradesh,BARWANI,2005,Rabi,Gram,2412,1205,0.499585406
Madhya Pradesh,BARWANI,2005,Rabi,Jowar,1228,1012,0.824104235
Madhya Pradesh,BARWANI,2005,Rabi,Peas & beans (Pulses),4,1,0.25
Madhya Pradesh,BARWANI,2005,Rabi,Wheat,18130,21423,1.181632653
Madhya Pradesh,BARWANI,2005,Whole Year,Onion,861,5682,6.599303136
Madhya Pradesh,BARWANI,2005,Whole Year,Potato,8,66,8.25
Madhya Pradesh,BARWANI,2005,Whole Year,Sugarcane,2046,53840,26.31476051
Madhya Pradesh,BARWANI,2005,Whole Year,Sweet potato,63,179,2.841269841
Madhya Pradesh,BARWANI,2006,Kharif,Arhar/Tur,4224,1684,0.398674242
Madhya Pradesh,BARWANI,2006,Kharif,Bajra,9732,4064,0.417591451
Madhya Pradesh,BARWANI,2006,Kharif,Castor seed,117,28,0.239316239
Madhya Pradesh,BARWANI,2006,Kharif,Cotton(lint),53252,39349,0.738920604
Madhya Pradesh,BARWANI,2006,Kharif,Dry ginger,355,194,0.546478873
Madhya Pradesh,BARWANI,2006,Kharif,Groundnut,14031,8487,0.60487492
Madhya Pradesh,BARWANI,2006,Kharif,Horse-gram,6207,777,0.125181247
Madhya Pradesh,BARWANI,2006,Kharif,Jowar,48586,53371,1.09848516
Madhya Pradesh,BARWANI,2006,Kharif,Jute,313,289,0.923322684
Madhya Pradesh,BARWANI,2006,Kharif,Maize,33575,24415,0.72717796
Madhya Pradesh,BARWANI,2006,Kharif,Mesta,35,48,1.371428571
Madhya Pradesh,BARWANI,2006,Kharif,Moong(Green Gram),6524,1291,0.197884733
Madhya Pradesh,BARWANI,2006,Kharif,Other Kharif pulses,1210,,
Madhya Pradesh,BARWANI,2006,Kharif,Rice,2236,869,0.388640429
Madhya Pradesh,BARWANI,2006,Kharif,Small millets,809,174,0.215080346
Madhya Pradesh,BARWANI,2006,Kharif,Soyabean,29572,10505,0.355234681
Madhya Pradesh,BARWANI,2006,Kharif,Sunflower,9,2,0.222222222
Madhya Pradesh,BARWANI,2006,Kharif,Urad,8144,1429,0.175466601
Madhya Pradesh,BARWANI,2006,Rabi,Gram,3487,2077,0.595640952
Madhya Pradesh,BARWANI,2006,Rabi,Jowar,1644,1513,0.920316302
Madhya Pradesh,BARWANI,2006,Rabi,Linseed,1,,
Madhya Pradesh,BARWANI,2006,Rabi,Moong(Green Gram),706,112,0.158640227
Madhya Pradesh,BARWANI,2006,Rabi,Peas & beans (Pulses),3,1,0.333333333
Madhya Pradesh,BARWANI,2006,Rabi,Safflower,1,,
Madhya Pradesh,BARWANI,2006,Rabi,Small millets,8,,
Madhya Pradesh,BARWANI,2006,Rabi,Urad,23,6,0.260869565
Madhya Pradesh,BARWANI,2006,Rabi,Wheat,32436,62945,1.940590702
Madhya Pradesh,BARWANI,2006,Whole Year,Banana,403,5130,12.72952854
Madhya Pradesh,BARWANI,2006,Whole Year,Coriander,68,14,0.205882353
Madhya Pradesh,BARWANI,2006,Whole Year,Dry chillies,5654,3871,0.684648037
Madhya Pradesh,BARWANI,2006,Whole Year,Garlic,165,287,1.739393939
Madhya Pradesh,BARWANI,2006,Whole Year,Onion,977,7587,7.765609007
Madhya Pradesh,BARWANI,2006,Whole Year,Potato,6,48,8
Madhya Pradesh,BARWANI,2006,Whole Year,Sesamum,318,91,0.286163522
Madhya Pradesh,BARWANI,2006,Whole Year,Sugarcane,257,7890,30.70038911
Madhya Pradesh,BARWANI,2006,Whole Year,Sweet potato,85,337,3.964705882
Madhya Pradesh,BARWANI,2006,Whole Year,Tobacco,63,27,0.428571429
Madhya Pradesh,BARWANI,2006,Whole Year,Turmeric,71,58,0.816901408
Madhya Pradesh,BARWANI,2007,Kharif,Arhar/Tur,4304,1487,0.345492565
Madhya Pradesh,BARWANI,2007,Kharif,Bajra,9431,3750,0.397624854
Madhya Pradesh,BARWANI,2007,Kharif,Castor seed,80,18,0.225
Madhya Pradesh,BARWANI,2007,Kharif,Cotton(lint),54616,6779,0.124121137
Madhya Pradesh,BARWANI,2007,Kharif,Groundnut,15642,11162,0.713591612
Madhya Pradesh,BARWANI,2007,Kharif,Horse-gram,6239,857,0.137361757
Madhya Pradesh,BARWANI,2007,Kharif,Jowar,46638,50888,1.091127407
Madhya Pradesh,BARWANI,2007,Kharif,Maize,32591,34789,1.067441932
Madhya Pradesh,BARWANI,2007,Kharif,Rice,2121,862,0.40641207
Madhya Pradesh,BARWANI,2007,Kharif,Sannhamp,335,289,0.862686567
Madhya Pradesh,BARWANI,2007,Kharif,Soyabean,29679,12332,0.415512652
Madhya Pradesh,BARWANI,2007,Kharif,Urad,7972,1506,0.188911189
Madhya Pradesh,BARWANI,2007,Rabi,Gram,3365,1585,0.47102526
Madhya Pradesh,BARWANI,2007,Rabi,Jowar,1650,1425,0.863636364
Madhya Pradesh,BARWANI,2007,Rabi,Linseed,2,,
Madhya Pradesh,BARWANI,2007,Rabi,Peas & beans (Pulses),3,1,0.333333333
Madhya Pradesh,BARWANI,2007,Rabi,Urad,25,5,0.2
Madhya Pradesh,BARWANI,2007,Rabi,Wheat,34398,51908,1.509041223
Madhya Pradesh,BARWANI,2007,Whole Year,Banana,260,7910,30.42307692
Madhya Pradesh,BARWANI,2007,Whole Year,Coriander,77,14,0.181818182
Madhya Pradesh,BARWANI,2007,Whole Year,Garlic,166,289,1.740963855
Madhya Pradesh,BARWANI,2007,Whole Year,Onion,1177,8544,7.25913339
Madhya Pradesh,BARWANI,2007,Whole Year,Potato,15,102,6.8
Madhya Pradesh,BARWANI,2007,Whole Year,Sesamum,343,135,0.393586006
Madhya Pradesh,BARWANI,2007,Whole Year,Small millets,734,181,0.246594005
Madhya Pradesh,BARWANI,2007,Whole Year,Sugarcane,2184,52680,24.12087912
Madhya Pradesh,BARWANI,2007,Whole Year,Sunflower,1,,
Madhya Pradesh,BARWANI,2007,Whole Year,Sweet potato,90,288,3.2
Madhya Pradesh,BARWANI,2007,Whole Year,Tobacco,23,11,0.47826087
Madhya Pradesh,BARWANI,2007,Whole Year,Turmeric,59,45,0.762711864
Madhya Pradesh,BARWANI,2008,Kharif,Arhar/Tur,4333,2026,0.467574429
Madhya Pradesh,BARWANI,2008,Kharif,Bajra,8943,4306,0.481493906
Madhya Pradesh,BARWANI,2008,Kharif,Castor seed,95,22,0.231578947
Madhya Pradesh,BARWANI,2008,Kharif,Cotton(lint),56059,9678,0.17263954
Madhya Pradesh,BARWANI,2008,Kharif,Groundnut,14837,10164,0.685044146
Madhya Pradesh,BARWANI,2008,Kharif,Horse-gram,6200,628,0.101290323
Madhya Pradesh,BARWANI,2008,Kharif,Jowar,45802,63239,1.380703899
Madhya Pradesh,BARWANI,2008,Kharif,Maize,32136,35119,1.092824247
Madhya Pradesh,BARWANI,2008,Kharif,Rice,2328,807,0.346649485
Madhya Pradesh,BARWANI,2008,Kharif,Sannhamp,389,69,0.177377892
Madhya Pradesh,BARWANI,2008,Kharif,Soyabean,31171,13750,0.441115139
Madhya Pradesh,BARWANI,2008,Kharif,Sunflower,1,,
Madhya Pradesh,BARWANI,2008,Kharif,Urad,7800,1500,0.192307692
Madhya Pradesh,BARWANI,2008,Rabi,Gram,2708,1669,0.616322009
Madhya Pradesh,BARWANI,2008,Rabi,Jowar,1392,1581,1.135775862
Madhya Pradesh,BARWANI,2008,Rabi,Peas & beans (Pulses),2,1,0.5
Madhya Pradesh,BARWANI,2008,Rabi,Urad,21,4,0.19047619
Madhya Pradesh,BARWANI,2008,Rabi,Wheat,25305,62053,2.452203122
Madhya Pradesh,BARWANI,2008,Whole Year,Banana,114,2886,25.31578947
Madhya Pradesh,BARWANI,2008,Whole Year,Coriander,53,10,0.188679245
Madhya Pradesh,BARWANI,2008,Whole Year,Garlic,152,247,1.625
Madhya Pradesh,BARWANI,2008,Whole Year,Onion,1057,6277,5.938505203
Madhya Pradesh,BARWANI,2008,Whole Year,Potato,11,72,6.545454545
Madhya Pradesh,BARWANI,2008,Whole Year,Sesamum,401,160,0.399002494
Madhya Pradesh,BARWANI,2008,Whole Year,Small millets,701,172,0.245363766
Madhya Pradesh,BARWANI,2008,Whole Year,Sugarcane,563,16050,28.5079929
Madhya Pradesh,BARWANI,2008,Whole Year,Sweet potato,63,201,3.19047619
Madhya Pradesh,BARWANI,2008,Whole Year,Tobacco,23,11,0.47826087
Madhya Pradesh,BARWANI,2008,Whole Year,Turmeric,57,49,0.859649123
Madhya Pradesh,BARWANI,2009,Kharif,Horse-gram,5909,755,0.127771196
Madhya Pradesh,BARWANI,2009,Kharif,Jowar,45200,63115,1.396349558
Madhya Pradesh,BARWANI,2009,Kharif,Moong(Green Gram),6219,1348,0.216755105
Madhya Pradesh,BARWANI,2009,Kharif,Small millets,656,137,0.208841463
Madhya Pradesh,BARWANI,2009,Kharif,Urad,7613,1412,0.185472219
Madhya Pradesh,BARWANI,2009,Rabi,Jowar,1769,1946,1.100056529
Madhya Pradesh,BARWANI,2009,Rabi,Moong(Green Gram),514,54,0.105058366
Madhya Pradesh,BARWANI,2009,Rabi,Urad,16,3,0.1875
Madhya Pradesh,BARWANI,2009,Whole Year,Arhar/Tur,4254,1790,0.420780442
Madhya Pradesh,BARWANI,2009,Whole Year,Bajra,8575,4278,0.498892128
Madhya Pradesh,BARWANI,2009,Whole Year,Banana,215,7097,33.00930233
Madhya Pradesh,BARWANI,2009,Whole Year,Castor seed,40,8,0.2
Madhya Pradesh,BARWANI,2009,Whole Year,Coriander,178,33,0.185393258
Madhya Pradesh,BARWANI,2009,Whole Year,Cotton(lint),58807,8104,0.137806724
Madhya Pradesh,BARWANI,2009,Whole Year,Dry chillies,6073,10143,1.670179483
Madhya Pradesh,BARWANI,2009,Whole Year,Dry ginger,494,298,0.603238866
Madhya Pradesh,BARWANI,2009,Whole Year,Garlic,162,297,1.833333333
Madhya Pradesh,BARWANI,2009,Whole Year,Gram,4163,2063,0.495556089
Madhya Pradesh,BARWANI,2009,Whole Year,Groundnut,13105,9671,0.73796261
Madhya Pradesh,BARWANI,2009,Whole Year,Linseed,1,,
Madhya Pradesh,BARWANI,2009,Whole Year,Maize,31887,29881,0.93709035
Madhya Pradesh,BARWANI,2009,Whole Year,Mesta,51,11,0.215686275
Madhya Pradesh,BARWANI,2009,Whole Year,Onion,1198,9010,7.520868114
Madhya Pradesh,BARWANI,2009,Whole Year,Potato,34,301,8.852941176
Madhya Pradesh,BARWANI,2009,Whole Year,Rapeseed &Mustard,4,2,0.5
Madhya Pradesh,BARWANI,2009,Whole Year,Rice,1926,759,0.394080997
Madhya Pradesh,BARWANI,2009,Whole Year,Sannhamp,309,53,0.171521036
Madhya Pradesh,BARWANI,2009,Whole Year,Sesamum,339,134,0.395280236
Madhya Pradesh,BARWANI,2009,Whole Year,Soyabean,31404,14556,0.463507833
Madhya Pradesh,BARWANI,2009,Whole Year,Sugarcane,1503,36910,24.55755156
Madhya Pradesh,BARWANI,2009,Whole Year,Sweet potato,59,192,3.254237288
Madhya Pradesh,BARWANI,2009,Whole Year,Tobacco,17,7,0.411764706
Madhya Pradesh,BARWANI,2009,Whole Year,Turmeric,71,62,0.873239437
Madhya Pradesh,BARWANI,2009,Whole Year,Wheat,31879,49080,1.539571505
Madhya Pradesh,BARWANI,2010,Kharif,Arhar/Tur,4504,1022,0.226909414
Madhya Pradesh,BARWANI,2010,Kharif,Bajra,7364,4454,0.604834329
Madhya Pradesh,BARWANI,2010,Kharif,Castor seed,43,11,0.255813953
Madhya Pradesh,BARWANI,2010,Kharif,Cotton(lint),61553,79751,1.295647653
Madhya Pradesh,BARWANI,2010,Kharif,Groundnut,11788,12266,1.040549712
Madhya Pradesh,BARWANI,2010,Kharif,Horse-gram,4797,717,0.149468418
Madhya Pradesh,BARWANI,2010,Kharif,Jowar,43500,69960,1.608275862
Madhya Pradesh,BARWANI,2010,Kharif,Maize,33178,44792,1.350051239
Madhya Pradesh,BARWANI,2010,Kharif,Moong(Green Gram),5756,1247,0.216643502
Madhya Pradesh,BARWANI,2010,Kharif,Rice,1476,1090,0.738482385
Madhya Pradesh,BARWANI,2010,Kharif,Small millets,386,95,0.24611399
Madhya Pradesh,BARWANI,2010,Kharif,Soyabean,33138,9509,0.286951536
Madhya Pradesh,BARWANI,2010,Kharif,Sunflower,7,1,0.142857143
Madhya Pradesh,BARWANI,2010,Kharif,Urad,7012,1466,0.209070165
Madhya Pradesh,BARWANI,2010,Rabi,Gram,4828,2848,0.589892295
Madhya Pradesh,BARWANI,2010,Rabi,Jowar,2028,3084,1.520710059
Madhya Pradesh,BARWANI,2010,Rabi,Linseed,1,,
Madhya Pradesh,BARWANI,2010,Rabi,Moong(Green Gram),422,49,0.116113744
Madhya Pradesh,BARWANI,2010,Rabi,Wheat,38103,83053,2.179697137
Madhya Pradesh,BARWANI,2010,Whole Year,Banana,158,4032,25.51898734
Madhya Pradesh,BARWANI,2010,Whole Year,Coriander,174,38,0.218390805
Madhya Pradesh,BARWANI,2010,Whole Year,Dry chillies,6293,16081,2.555378993
Madhya Pradesh,BARWANI,2010,Whole Year,Dry ginger,497,323,0.649899396
Madhya Pradesh,BARWANI,2010,Whole Year,Garlic,146,155,1.061643836
Madhya Pradesh,BARWANI,2010,Whole Year,Mesta,15,21,1.4
Madhya Pradesh,BARWANI,2010,Whole Year,Onion,1347,7961,5.91017075
Madhya Pradesh,BARWANI,2010,Whole Year,Potato,33,251,7.606060606
Madhya Pradesh,BARWANI,2010,Whole Year,Sannhamp,263,244,0.927756654
Madhya Pradesh,BARWANI,2010,Whole Year,Sesamum,318,144,0.452830189
Madhya Pradesh,BARWANI,2010,Whole Year,Sugarcane,971,34070,35.08753862
Madhya Pradesh,BARWANI,2010,Whole Year,Sweet potato,82,169,2.06097561
Madhya Pradesh,BARWANI,2010,Whole Year,Tobacco,13,8,0.615384615
Madhya Pradesh,BARWANI,2010,Whole Year,Turmeric,70,47,0.671428571
Madhya Pradesh,BARWANI,2011,Kharif,Arhar/Tur,4225,1721,0.407337278
Madhya Pradesh,BARWANI,2011,Kharif,Bajra,6808,6240,0.916568743
Madhya Pradesh,BARWANI,2011,Kharif,Castor seed,65,11,0.169230769
Madhya Pradesh,BARWANI,2011,Kharif,Cotton(lint),62091,83150,1.339163486
Madhya Pradesh,BARWANI,2011,Kharif,Groundnut,10797,13691,1.268037418
Madhya Pradesh,BARWANI,2011,Kharif,Horse-gram,3974,399,0.100402617
Madhya Pradesh,BARWANI,2011,Kharif,Jowar,41284,148078,3.586813293
Madhya Pradesh,BARWANI,2011,Kharif,Maize,35197,49728,1.412847686
Madhya Pradesh,BARWANI,2011,Kharif,Mesta,35,40,1.142857143
Madhya Pradesh,BARWANI,2011,Kharif,Moong(Green Gram),5479,873,0.159335645
Madhya Pradesh,BARWANI,2011,Kharif,Other Kharif pulses,1247,,
Madhya Pradesh,BARWANI,2011,Kharif,Rice,1363,1168,0.856933236
Madhya Pradesh,BARWANI,2011,Kharif,Sannhamp,204,144,0.705882353
Madhya Pradesh,BARWANI,2011,Kharif,Small millets,372,90,0.241935484
Madhya Pradesh,BARWANI,2011,Kharif,Soyabean,35375,12315,0.348127208
Madhya Pradesh,BARWANI,2011,Kharif,Urad,7057,1082,0.153322942
Madhya Pradesh,BARWANI,2011,Rabi,Gram,3995,2552,0.638798498
Madhya Pradesh,BARWANI,2011,Rabi,Jowar,1389,2316,1.667386609
Madhya Pradesh,BARWANI,2011,Rabi,Linseed,12,7,0.583333333
Madhya Pradesh,BARWANI,2011,Rabi,Moong(Green Gram),234,23,0.098290598
Madhya Pradesh,BARWANI,2011,Rabi,Peas & beans (Pulses),1,,
Madhya Pradesh,BARWANI,2011,Rabi,Rapeseed &Mustard,1,,
Madhya Pradesh,BARWANI,2011,Rabi,Urad,1,,
Madhya Pradesh,BARWANI,2011,Rabi,Wheat,38149,136268,3.571994023
Madhya Pradesh,BARWANI,2011,Whole Year,Banana,386,7903,20.47409326
Madhya Pradesh,BARWANI,2011,Whole Year,Coriander,183,39,0.213114754
Madhya Pradesh,BARWANI,2011,Whole Year,Dry chillies,6332,9242,1.459570436
Madhya Pradesh,BARWANI,2011,Whole Year,Dry ginger,508,243,0.478346457
Madhya Pradesh,BARWANI,2011,Whole Year,Garlic,146,158,1.082191781
Madhya Pradesh,BARWANI,2011,Whole Year,Onion,1323,11246,8.500377929
Madhya Pradesh,BARWANI,2011,Whole Year,Potato,29,222,7.655172414
Madhya Pradesh,BARWANI,2011,Whole Year,Sesamum,338,168,0.49704142
Madhya Pradesh,BARWANI,2011,Whole Year,Sugarcane,1283,37420,29.16601715
Madhya Pradesh,BARWANI,2011,Whole Year,Sweet potato,66,131,1.984848485
Madhya Pradesh,BARWANI,2011,Whole Year,Tobacco,1,,
Madhya Pradesh,BARWANI,2011,Whole Year,Turmeric,77,48,0.623376623
Madhya Pradesh,BARWANI,2012,Kharif,Arhar/Tur,4178,1818,0.435136429
Madhya Pradesh,BARWANI,2012,Kharif,Bajra,5825,10135,1.739914163
Madhya Pradesh,BARWANI,2012,Kharif,Castor seed,144,52,0.361111111
Madhya Pradesh,BARWANI,2012,Kharif,Cotton(lint),64488,308540,4.784456023
Madhya Pradesh,BARWANI,2012,Kharif,Groundnut,9348,14330,1.532948224
Madhya Pradesh,BARWANI,2012,Kharif,Horse-gram,2540,696,0.274015748
Madhya Pradesh,BARWANI,2012,Kharif,Jowar,38882,205538,5.28619927
Madhya Pradesh,BARWANI,2012,Kharif,Maize,39285,244209,6.216342115
Madhya Pradesh,BARWANI,2012,Kharif,Mesta,38,14,0.368421053
Madhya Pradesh,BARWANI,2012,Kharif,Moong(Green Gram),5022,4277,0.851652728
Madhya Pradesh,BARWANI,2012,Kharif,Other Kharif pulses,1133,,
Madhya Pradesh,BARWANI,2012,Kharif,Rice,1158,1213,1.047495682
Madhya Pradesh,BARWANI,2012,Kharif,Sannhamp,145,189,1.303448276
Madhya Pradesh,BARWANI,2012,Kharif,Small millets,192,50,0.260416667
Madhya Pradesh,BARWANI,2012,Kharif,Soyabean,37511,76924,2.050705126
Madhya Pradesh,BARWANI,2012,Kharif,Urad,6231,6631,1.064195153
Madhya Pradesh,BARWANI,2012,Rabi,Gram,4475,5183,1.158212291
Madhya Pradesh,BARWANI,2012,Rabi,Jowar,1288,2564,1.99068323
Madhya Pradesh,BARWANI,2012,Rabi,Moong(Green Gram),313,39,0.124600639
Madhya Pradesh,BARWANI,2012,Rabi,Urad,7,2,0.285714286
Madhya Pradesh,BARWANI,2012,Rabi,Wheat,34868,105232,3.018010784
Madhya Pradesh,BARWANI,2012,Whole Year,Banana,500,17126,34.252
Madhya Pradesh,BARWANI,2012,Whole Year,Coriander,128,54,0.421875
Madhya Pradesh,BARWANI,2012,Whole Year,Dry chillies,9100,58073,6.381648352
Madhya Pradesh,BARWANI,2012,Whole Year,Dry ginger,458,842,1.838427948
Madhya Pradesh,BARWANI,2012,Whole Year,Garlic,186,355,1.908602151
Madhya Pradesh,BARWANI,2012,Whole Year,Onion,1116,11706,10.48924731
Madhya Pradesh,BARWANI,2012,Whole Year,Potato,9,254,28.22222222
Madhya Pradesh,BARWANI,2012,Whole Year,Sesamum,298,111,0.372483221
Madhya Pradesh,BARWANI,2012,Whole Year,Sugarcane,1577,76560,48.54787571
Madhya Pradesh,BARWANI,2012,Whole Year,Sunflower,3,1,0.333333333
Madhya Pradesh,BARWANI,2012,Whole Year,Sweet potato,142,610,4.295774648
Madhya Pradesh,BARWANI,2012,Whole Year,Turmeric,181,337,1.861878453
Madhya Pradesh,BARWANI,2013,Kharif,Arhar/Tur,4088,2712,0.663405088
Madhya Pradesh,BARWANI,2013,Kharif,Bajra,5897,6993,1.185857216
Madhya Pradesh,BARWANI,2013,Kharif,Castor seed,158,53,0.335443038
Madhya Pradesh,BARWANI,2013,Kharif,Cotton(lint),65882,198850,3.018275098
Madhya Pradesh,BARWANI,2013,Kharif,Groundnut,9772,11647,1.191874744
Madhya Pradesh,BARWANI,2013,Kharif,Horse-gram,2001,478,0.23888056
Madhya Pradesh,BARWANI,2013,Kharif,Jowar,37107,79513,2.142803245
Madhya Pradesh,BARWANI,2013,Kharif,Maize,39586,133331,3.368135199
Madhya Pradesh,BARWANI,2013,Kharif,Mesta,17,29,1.705882353
Madhya Pradesh,BARWANI,2013,Kharif,Moong(Green Gram),5184,3545,0.683834877
Madhya Pradesh,BARWANI,2013,Kharif,Other Kharif pulses,1446,,
Madhya Pradesh,BARWANI,2013,Kharif,Rice,1092,414,0.379120879
Madhya Pradesh,BARWANI,2013,Kharif,Sannhamp,91,122,1.340659341
Madhya Pradesh,BARWANI,2013,Kharif,Small millets,180,48,0.266666667
Madhya Pradesh,BARWANI,2013,Kharif,Soyabean,37886,39626,1.045927255
Madhya Pradesh,BARWANI,2013,Kharif,Urad,6630,6398,0.965007541
Madhya Pradesh,BARWANI,2013,Rabi,Gram,4169,4557,1.093067882
Madhya Pradesh,BARWANI,2013,Rabi,Jowar,1287,1833,1.424242424
Madhya Pradesh,BARWANI,2013,Rabi,Moong(Green Gram),261,42,0.16091954
Madhya Pradesh,BARWANI,2013,Rabi,Wheat,47358,136202,2.876008277
Madhya Pradesh,BARWANI,2013,Whole Year,Banana,546,30318,55.52747253
Madhya Pradesh,BARWANI,2013,Whole Year,Coriander,149,66,0.44295302
Madhya Pradesh,BARWANI,2013,Whole Year,Dry chillies,6785,38199,5.629918939
Madhya Pradesh,BARWANI,2013,Whole Year,Dry ginger,461,820,1.778741866
Madhya Pradesh,BARWANI,2013,Whole Year,Garlic,179,339,1.893854749
Madhya Pradesh,BARWANI,2013,Whole Year,Onion,1523,19076,12.52527905
Madhya Pradesh,BARWANI,2013,Whole Year,Potato,11,269,24.45454545
Madhya Pradesh,BARWANI,2013,Whole Year,Sesamum,265,100,0.377358491
Madhya Pradesh,BARWANI,2013,Whole Year,Sugarcane,1241,51730,41.68412571
Madhya Pradesh,BARWANI,2013,Whole Year,Sweet potato,197,940,4.771573604
Madhya Pradesh,BARWANI,2013,Whole Year,Turmeric,168,295,1.755952381
Madhya Pradesh,BETUL,1997,Kharif,Arhar/Tur,16900,9300,0.550295858
Madhya Pradesh,BETUL,1997,Kharif,Bajra,500,300,0.6
Madhya Pradesh,BETUL,1997,Kharif,Cotton(lint),1500,2000,1.333333333
Madhya Pradesh,BETUL,1997,Kharif,Groundnut,5500,5900,1.072727273
Madhya Pradesh,BETUL,1997,Kharif,Jowar,52800,22900,0.433712121
Madhya Pradesh,BETUL,1997,Kharif,Maize,18300,22700,1.240437158
Madhya Pradesh,BETUL,1997,Kharif,Paddy,30600,33900,1.107843137
Madhya Pradesh,BETUL,1997,Kharif,Sesamum,1200,200,0.166666667
Madhya Pradesh,BETUL,1997,Kharif,Small millets,38200,6700,0.17539267
Madhya Pradesh,BETUL,1997,Kharif,Soyabean,185200,128400,0.693304536
Madhya Pradesh,BETUL,1997,Kharif,Sunflower,700,100,0.142857143
Madhya Pradesh,BETUL,1997,Rabi,Linseed,2800,800,0.285714286
Madhya Pradesh,BETUL,1997,Rabi,Rapeseed &Mustard,500,200,0.4
Madhya Pradesh,BETUL,1997,Rabi,Wheat,99500,84900,0.853266332
Madhya Pradesh,BETUL,1998,Kharif,Arhar/Tur,17500,13400,0.765714286
Madhya Pradesh,BETUL,1998,Kharif,Cotton(lint),1300,100,0.076923077
Madhya Pradesh,BETUL,1998,Kharif,Groundnut,5400,4700,0.87037037
Madhya Pradesh,BETUL,1998,Kharif,Jowar,53500,38000,0.710280374
Madhya Pradesh,BETUL,1998,Kharif,Maize,20400,30500,1.495098039
Madhya Pradesh,BETUL,1998,Kharif,Rice,30500,23800,0.780327869
Madhya Pradesh,BETUL,1998,Kharif,Sesamum,1100,300,0.272727273
Madhya Pradesh,BETUL,1998,Kharif,Small millets,41200,7700,0.186893204
Madhya Pradesh,BETUL,1998,Kharif,Soyabean,177300,81700,0.460800902
Madhya Pradesh,BETUL,1998,Kharif,Sunflower,1600,300,0.1875
Madhya Pradesh,BETUL,1998,Rabi,Gram,33100,15300,0.46223565
Madhya Pradesh,BETUL,1998,Rabi,Linseed,1700,600,0.352941176
Madhya Pradesh,BETUL,1998,Rabi,Rapeseed &Mustard,300,200,0.666666667
Madhya Pradesh,BETUL,1998,Rabi,Wheat,93800,135200,1.441364606
Madhya Pradesh,BETUL,1998,Whole Year,Sugarcane,4116,123220,29.93683188
Madhya Pradesh,BETUL,1999,Kharif,Arhar/Tur,16231,13582,0.83679379
Madhya Pradesh,BETUL,1999,Kharif,Bajra,52,27,0.519230769
Madhya Pradesh,BETUL,1999,Kharif,Castor seed,13,5,0.384615385
Madhya Pradesh,BETUL,1999,Kharif,Cotton(lint),896,415,0.463169643
Madhya Pradesh,BETUL,1999,Kharif,Dry ginger,6,11,1.833333333
Madhya Pradesh,BETUL,1999,Kharif,Groundnut,5197,5775,1.11121801
Madhya Pradesh,BETUL,1999,Kharif,Jowar,48416,29970,0.619010245
Madhya Pradesh,BETUL,1999,Kharif,Maize,22000,39361,1.789136364
Madhya Pradesh,BETUL,1999,Kharif,Niger seed,14570,3428,0.235277968
Madhya Pradesh,BETUL,1999,Kharif,Other Kharif pulses,13521,3699,0.27357444
Madhya Pradesh,BETUL,1999,Kharif,Ragi,26,7,0.269230769
Madhya Pradesh,BETUL,1999,Kharif,Rice,34904,42447,1.216107036
Madhya Pradesh,BETUL,1999,Kharif,Sesamum,1046,221,0.211281071
Madhya Pradesh,BETUL,1999,Kharif,Soyabean,168872,105595,0.625296082
Madhya Pradesh,BETUL,1999,Kharif,Sunflower,550,168,0.305454545
Madhya Pradesh,BETUL,1999,Kharif,Urad,12162,3276,0.269363592
Madhya Pradesh,BETUL,1999,Rabi,Gram,29186,14891,0.510210375
Madhya Pradesh,BETUL,1999,Rabi,Linseed,2424,1270,0.523927393
Madhya Pradesh,BETUL,1999,Rabi,Other  Rabi pulses,7257,2307,0.317899959
Madhya Pradesh,BETUL,1999,Rabi,Rapeseed &Mustard,553,359,0.649186257
Madhya Pradesh,BETUL,1999,Rabi,Safflower,23,5,0.217391304
Madhya Pradesh,BETUL,1999,Rabi,Urad,808,205,0.253712871
Madhya Pradesh,BETUL,1999,Rabi,Wheat,104168,165808,1.591736426
Madhya Pradesh,BETUL,1999,Whole Year,Coriander,274,71,0.259124088
Madhya Pradesh,BETUL,1999,Whole Year,Dry chillies,1733,858,0.495095211
Madhya Pradesh,BETUL,1999,Whole Year,Garlic,151,790,5.231788079
Madhya Pradesh,BETUL,1999,Whole Year,Onion,314,4820,15.35031847
Madhya Pradesh,BETUL,1999,Whole Year,Potato,1120,10128,9.042857143
Madhya Pradesh,BETUL,1999,Whole Year,Sannhamp,460,1000,2.173913043
Madhya Pradesh,BETUL,1999,Whole Year,Sugarcane,3865,172870,44.72703752
Madhya Pradesh,BETUL,1999,Whole Year,Sweet potato,74,477,6.445945946
Madhya Pradesh,BETUL,1999,Whole Year,Turmeric,8,7,0.875
Madhya Pradesh,BETUL,2000,Kharif,Arhar/Tur,15639,10379,0.663661359
Madhya Pradesh,BETUL,2000,Kharif,Bajra,43,23,0.534883721
Madhya Pradesh,BETUL,2000,Kharif,Castor seed,6,2,0.333333333
Madhya Pradesh,BETUL,2000,Kharif,Cotton(lint),745,394,0.52885906
Madhya Pradesh,BETUL,2000,Kharif,Dry ginger,7,12,1.714285714
Madhya Pradesh,BETUL,2000,Kharif,Groundnut,5490,5042,0.918397086
Madhya Pradesh,BETUL,2000,Kharif,Jowar,48838,31305,0.640996765
Madhya Pradesh,BETUL,2000,Kharif,Maize,24429,72854,2.982275165
Madhya Pradesh,BETUL,2000,Kharif,Niger seed,10156,1745,0.171819614
Madhya Pradesh,BETUL,2000,Kharif,Other Kharif pulses,12495,2552,0.204241697
Madhya Pradesh,BETUL,2000,Kharif,Ragi,26,5,0.192307692
Madhya Pradesh,BETUL,2000,Kharif,Rice,41920,25430,0.606631679
Madhya Pradesh,BETUL,2000,Kharif,Sesamum,709,173,0.244005642
Madhya Pradesh,BETUL,2000,Kharif,Small millets,39190,5317,0.135672365
Madhya Pradesh,BETUL,2000,Kharif,Soyabean,160638,93409,0.581487568
Madhya Pradesh,BETUL,2000,Kharif,Sunflower,71,17,0.23943662
Madhya Pradesh,BETUL,2000,Rabi,Gram,14919,5608,0.375896508
Madhya Pradesh,BETUL,2000,Rabi,Linseed,398,157,0.394472362
Madhya Pradesh,BETUL,2000,Rabi,Other  Rabi pulses,3885,1141,0.293693694
Madhya Pradesh,BETUL,2000,Rabi,Rapeseed &Mustard,242,140,0.578512397
Madhya Pradesh,BETUL,2000,Rabi,Safflower,10,2,0.2
Madhya Pradesh,BETUL,2000,Rabi,Wheat,38688,49080,1.268610422
Madhya Pradesh,BETUL,2000,Whole Year,Coriander,128,33,0.2578125
Madhya Pradesh,BETUL,2000,Whole Year,Dry chillies,1585,431,0.27192429
Madhya Pradesh,BETUL,2000,Whole Year,Garlic,95,475,5
Madhya Pradesh,BETUL,2000,Whole Year,Onion,147,2798,19.03401361
Madhya Pradesh,BETUL,2000,Whole Year,Sannhamp,463,683,1.475161987
Madhya Pradesh,BETUL,2000,Whole Year,Sugarcane,5226,110420,21.12897053
Madhya Pradesh,BETUL,2000,Whole Year,Turmeric,17,15,0.882352941
Madhya Pradesh,BETUL,2001,Kharif,Arhar/Tur,17381,12819,0.737529486
Madhya Pradesh,BETUL,2001,Kharif,Bajra,124,69,0.556451613
Madhya Pradesh,BETUL,2001,Kharif,Cotton(lint),1075,578,0.537674419
Madhya Pradesh,BETUL,2001,Kharif,Dry ginger,6,10,1.666666667
Madhya Pradesh,BETUL,2001,Kharif,Groundnut,5488,6290,1.146137026
Madhya Pradesh,BETUL,2001,Kharif,Jowar,51821,44100,0.851006349
Madhya Pradesh,BETUL,2001,Kharif,Maize,26597,60463,2.2733015
Madhya Pradesh,BETUL,2001,Kharif,Niger seed,10372,2285,0.220304666
Madhya Pradesh,BETUL,2001,Kharif,Other Kharif pulses,12708,3772,0.2968209
Madhya Pradesh,BETUL,2001,Kharif,Ragi,23,6,0.260869565
Madhya Pradesh,BETUL,2001,Kharif,Rice,43272,38114,0.880800518
Madhya Pradesh,BETUL,2001,Kharif,Sesamum,1154,296,0.256499133
Madhya Pradesh,BETUL,2001,Kharif,Small millets,39318,8847,0.225011445
Madhya Pradesh,BETUL,2001,Kharif,Soyabean,156462,137978,0.881862689
Madhya Pradesh,BETUL,2001,Kharif,Sunflower,484,132,0.272727273
Madhya Pradesh,BETUL,2001,Rabi,Barley,10,10,1
Madhya Pradesh,BETUL,2001,Rabi,Gram,27368,14836,0.542092955
Madhya Pradesh,BETUL,2001,Rabi,Linseed,2069,946,0.457225713
Madhya Pradesh,BETUL,2001,Rabi,Other  Rabi pulses,6749,2385,0.353385687
Madhya Pradesh,BETUL,2001,Rabi,Rapeseed &Mustard,267,166,0.621722846
Madhya Pradesh,BETUL,2001,Rabi,Safflower,21,4,0.19047619
Madhya Pradesh,BETUL,2001,Rabi,Wheat,84123,118557,1.409329197
Madhya Pradesh,BETUL,2001,Whole Year,Banana,3,39,13
Madhya Pradesh,BETUL,2001,Whole Year,Coriander,257,71,0.276264591
Madhya Pradesh,BETUL,2001,Whole Year,Dry chillies,1624,626,0.38546798
Madhya Pradesh,BETUL,2001,Whole Year,Garlic,175,902,5.154285714
Madhya Pradesh,BETUL,2001,Whole Year,Onion,280,5333,19.04642857
Madhya Pradesh,BETUL,2001,Whole Year,Potato,1032,10866,10.52906977
Madhya Pradesh,BETUL,2001,Whole Year,Sannhamp,399,706,1.769423559
Madhya Pradesh,BETUL,2001,Whole Year,Sugarcane,3211,135290,42.13329181
Madhya Pradesh,BETUL,2001,Whole Year,Sweet potato,82,522,6.365853659
Madhya Pradesh,BETUL,2001,Whole Year,Turmeric,4,4,1
Madhya Pradesh,BETUL,2002,Kharif,Arhar/Tur,21873,12362,0.565171673
Madhya Pradesh,BETUL,2002,Kharif,Bajra,156,78,0.5
Madhya Pradesh,BETUL,2002,Kharif,Cotton(lint),1145,500,0.436681223
Madhya Pradesh,BETUL,2002,Kharif,Groundnut,6353,5532,0.870769715
Madhya Pradesh,BETUL,2002,Kharif,Jowar,52727,50882,0.96500844
Madhya Pradesh,BETUL,2002,Kharif,Maize,32081,71261,2.221283626
Madhya Pradesh,BETUL,2002,Kharif,Niger seed,9498,2093,0.220362182
Madhya Pradesh,BETUL,2002,Kharif,Other Kharif pulses,13029,3569,0.273927393
Madhya Pradesh,BETUL,2002,Kharif,Ragi,38,9,0.236842105
Madhya Pradesh,BETUL,2002,Kharif,Rice,41040,27970,0.681530214
Madhya Pradesh,BETUL,2002,Kharif,Sesamum,1105,262,0.237104072
Madhya Pradesh,BETUL,2002,Kharif,Small millets,39080,7345,0.187947799
Madhya Pradesh,BETUL,2002,Kharif,Soyabean,160842,104794,0.651533803
Madhya Pradesh,BETUL,2002,Kharif,Sunflower,519,150,0.289017341
Madhya Pradesh,BETUL,2002,Rabi,Gram,28252,13120,0.464391901
Madhya Pradesh,BETUL,2002,Rabi,Linseed,1058,513,0.484877127
Madhya Pradesh,BETUL,2002,Rabi,Other  Rabi pulses,6905,2468,0.357422158
Madhya Pradesh,BETUL,2002,Rabi,Rapeseed &Mustard,321,195,0.607476636
Madhya Pradesh,BETUL,2002,Rabi,Safflower,16,3,0.1875
Madhya Pradesh,BETUL,2002,Rabi,Wheat,84042,96494,1.148164013
Madhya Pradesh,BETUL,2002,Whole Year,Banana,4,74,18.5
Madhya Pradesh,BETUL,2002,Whole Year,Beans & Mutter(Vegetable),179,0,0
Madhya Pradesh,BETUL,2002,Whole Year,Bhindi,930,0,0
Madhya Pradesh,BETUL,2002,Whole Year,Brinjal,1024,0,0
Madhya Pradesh,BETUL,2002,Whole Year,Cabbage,418,0,0
Madhya Pradesh,BETUL,2002,Whole Year,Cauliflower,378,0,0
Madhya Pradesh,BETUL,2002,Whole Year,Citrus Fruit,384,0,0
Madhya Pradesh,BETUL,2002,Whole Year,Coriander,225,57,0.253333333
Madhya Pradesh,BETUL,2002,Whole Year,Dry chillies,1684,893,0.530285036
Madhya Pradesh,BETUL,2002,Whole Year,Garlic,223,1150,5.156950673
Madhya Pradesh,BETUL,2002,Whole Year,Mango,17,0,0
Madhya Pradesh,BETUL,2002,Whole Year,Onion,308,5636,18.2987013
Madhya Pradesh,BETUL,2002,Whole Year,Other Vegetables,735,0,0
Madhya Pradesh,BETUL,2002,Whole Year,Pome Fruit,4,0,0
Madhya Pradesh,BETUL,2002,Whole Year,Potato,1258,11775,9.36009539
Madhya Pradesh,BETUL,2002,Whole Year,Sannhamp,417,683,1.637889688
Madhya Pradesh,BETUL,2002,Whole Year,Sugarcane,3387,147100,43.43076469
Madhya Pradesh,BETUL,2002,Whole Year,Sweet potato,74,471,6.364864865
Madhya Pradesh,BETUL,2002,Whole Year,Tomato,818,0,0
Madhya Pradesh,BETUL,2002,Whole Year,Turmeric,1145,500,0.436681223
Madhya Pradesh,BETUL,2003,Kharif,Arhar/Tur,22827,16623,0.728216586
Madhya Pradesh,BETUL,2003,Kharif,Bajra,55,36,0.654545455
Madhya Pradesh,BETUL,2003,Kharif,Cotton(lint),1047,741,0.70773639
Madhya Pradesh,BETUL,2003,Kharif,Groundnut,8451,9968,1.179505384
Madhya Pradesh,BETUL,2003,Kharif,Horse-gram,360,114,0.316666667
Madhya Pradesh,BETUL,2003,Kharif,Jowar,51444,71250,1.385001166
Madhya Pradesh,BETUL,2003,Kharif,Maize,42175,85079,2.017285122
Madhya Pradesh,BETUL,2003,Kharif,Niger seed,11564,2635,0.227862331
Madhya Pradesh,BETUL,2003,Kharif,Other Kharif pulses,14420,4174,0.289459085
Madhya Pradesh,BETUL,2003,Kharif,other misc. pulses,26,0.01,0.000384615
Madhya Pradesh,BETUL,2003,Kharif,Ragi,21,5,0.238095238
Madhya Pradesh,BETUL,2003,Kharif,Rice,41015,41700,1.016701207
Madhya Pradesh,BETUL,2003,Kharif,Sesamum,857,300,0.350058343
Madhya Pradesh,BETUL,2003,Kharif,Small millets,28346,6144,0.216750159
Madhya Pradesh,BETUL,2003,Kharif,Soyabean,153247,136725,0.892187123
Madhya Pradesh,BETUL,2003,Kharif,Sunflower,293,97,0.33105802
Madhya Pradesh,BETUL,2003,Kharif,Urad,12514,3696,0.295349209
Madhya Pradesh,BETUL,2003,Rabi,Gram,29533,18760,0.635221616
Madhya Pradesh,BETUL,2003,Rabi,Linseed,1673,1036,0.619246862
Madhya Pradesh,BETUL,2003,Rabi,Other  Rabi pulses,7491,2904,0.387665198
Madhya Pradesh,BETUL,2003,Rabi,Rapeseed &Mustard,2546,1834,0.72034564
Madhya Pradesh,BETUL,2003,Rabi,Safflower,54,12,0.222222222
Madhya Pradesh,BETUL,2003,Rabi,Urad,632,157,0.248417722
Madhya Pradesh,BETUL,2003,Rabi,Wheat,87720,125236,1.427678979
Madhya Pradesh,BETUL,2003,Whole Year,Banana,2,38,19
Madhya Pradesh,BETUL,2003,Whole Year,Beans & Mutter(Vegetable),184,0,0
Madhya Pradesh,BETUL,2003,Whole Year,Bhindi,916,0,0
Madhya Pradesh,BETUL,2003,Whole Year,Brinjal,941,0,0
Madhya Pradesh,BETUL,2003,Whole Year,Cabbage,395,0,0
Madhya Pradesh,BETUL,2003,Whole Year,Cauliflower,302,0,0
Madhya Pradesh,BETUL,2003,Whole Year,Citrus Fruit,10,0,0
Madhya Pradesh,BETUL,2003,Whole Year,Coriander,278,74,0.26618705
Madhya Pradesh,BETUL,2003,Whole Year,Dry chillies,1738,952,0.547756041
Madhya Pradesh,BETUL,2003,Whole Year,Garlic,228,1141,5.004385965
Madhya Pradesh,BETUL,2003,Whole Year,Mango,17,0,0
Madhya Pradesh,BETUL,2003,Whole Year,Onion,322,5432,16.86956522
Madhya Pradesh,BETUL,2003,Whole Year,Orange,374,0,0
Madhya Pradesh,BETUL,2003,Whole Year,Other Vegetables,677,0,0
Madhya Pradesh,BETUL,2003,Whole Year,Pome Fruit,4,0,0
Madhya Pradesh,BETUL,2003,Whole Year,Potato,1318,13553,10.28300455
Madhya Pradesh,BETUL,2003,Whole Year,Sannhamp,312,522,1.673076923
Madhya Pradesh,BETUL,2003,Whole Year,Sugarcane,5452,243840,44.72487161
Madhya Pradesh,BETUL,2003,Whole Year,Sweet potato,73,458,6.273972603
Madhya Pradesh,BETUL,2003,Whole Year,Tomato,820,0,0
Madhya Pradesh,BETUL,2004,Kharif,Arhar/Tur,25441,17667,0.69443025
Madhya Pradesh,BETUL,2004,Kharif,Bajra,14,7,0.5
Madhya Pradesh,BETUL,2004,Kharif,Cotton(lint),1110,789,0.710810811
Madhya Pradesh,BETUL,2004,Kharif,Groundnut,6390,7085,1.108763693
Madhya Pradesh,BETUL,2004,Kharif,Horse-gram,393,123,0.312977099
Madhya Pradesh,BETUL,2004,Kharif,Jowar,49544,32352,0.652995317
Madhya Pradesh,BETUL,2004,Kharif,Maize,44540,72050,1.617647059
Madhya Pradesh,BETUL,2004,Kharif,Niger seed,10907,2404,0.220408912
Madhya Pradesh,BETUL,2004,Kharif,Rice,41160,31475,0.764698737
Madhya Pradesh,BETUL,2004,Kharif,Sesamum,766,226,0.295039164
Madhya Pradesh,BETUL,2004,Kharif,Small millets,19974,3250,0.162711525
Madhya Pradesh,BETUL,2004,Kharif,Soyabean,158212,108929,0.68850024
Madhya Pradesh,BETUL,2004,Kharif,Sunflower,333,107,0.321321321
Madhya Pradesh,BETUL,2004,Kharif,Urad,12626,3860,0.305718359
Madhya Pradesh,BETUL,2004,Rabi,Gram,30904,18832,0.609370955
Madhya Pradesh,BETUL,2004,Rabi,Linseed,751,478,0.636484687
Madhya Pradesh,BETUL,2004,Rabi,Masoor,3966,1889,0.476298538
Madhya Pradesh,BETUL,2004,Rabi,Rapeseed &Mustard,2865,2233,0.779406632
Madhya Pradesh,BETUL,2004,Rabi,Urad,638,152,0.238244514
Madhya Pradesh,BETUL,2004,Rabi,Wheat,91137,128795,1.413202102
Madhya Pradesh,BETUL,2004,Whole Year,Coriander,500,137,0.274
Madhya Pradesh,BETUL,2004,Whole Year,Garlic,253,1247,4.928853755
Madhya Pradesh,BETUL,2004,Whole Year,Onion,313,6151,19.65175719
Madhya Pradesh,BETUL,2004,Whole Year,Potato,840,8994,10.70714286
Madhya Pradesh,BETUL,2004,Whole Year,Sugarcane,5700,236460,41.48421053
Madhya Pradesh,BETUL,2004,Whole Year,Sweet potato,74,464,6.27027027
Madhya Pradesh,BETUL,2005,Kharif,Arhar/Tur,26201,17914,0.683714362
Madhya Pradesh,BETUL,2005,Kharif,Cotton(lint),1133,1008,0.889673433
Madhya Pradesh,BETUL,2005,Kharif,Groundnut,5652,6040,1.068648266
Madhya Pradesh,BETUL,2005,Kharif,Horse-gram,228,79,0.346491228
Madhya Pradesh,BETUL,2005,Kharif,Jowar,48709,67949,1.394998871
Madhya Pradesh,BETUL,2005,Kharif,Maize,45095,71998,1.596584987
Madhya Pradesh,BETUL,2005,Kharif,Moong(Green Gram),517,140,0.270793037
Madhya Pradesh,BETUL,2005,Kharif,Niger seed,18961,4533,0.239069669
Madhya Pradesh,BETUL,2005,Kharif,Rice,42176,37968,0.900227618
Madhya Pradesh,BETUL,2005,Kharif,Sesamum,978,271,0.277096115
Madhya Pradesh,BETUL,2005,Kharif,Small millets,156,66,0.423076923
Madhya Pradesh,BETUL,2005,Kharif,Soyabean,176721,189912,1.074643081
Madhya Pradesh,BETUL,2005,Kharif,Sunflower,188,60,0.319148936
Madhya Pradesh,BETUL,2005,Kharif,Urad,10086,3396,0.336704343
Madhya Pradesh,BETUL,2005,Rabi,Gram,26686,18271,0.684666117
Madhya Pradesh,BETUL,2005,Rabi,Linseed,1900,1137,0.598421053
Madhya Pradesh,BETUL,2005,Rabi,Masoor,3929,1871,0.476202596
Madhya Pradesh,BETUL,2005,Rabi,Peas & beans (Pulses),4003,1411,0.352485636
Madhya Pradesh,BETUL,2005,Rabi,Rapeseed &Mustard,4066,3668,0.902115101
Madhya Pradesh,BETUL,2005,Rabi,Urad,654,161,0.24617737
Madhya Pradesh,BETUL,2005,Rabi,Wheat,85054,133046,1.564253298
Madhya Pradesh,BETUL,2005,Whole Year,Onion,402,7759,19.30099502
Madhya Pradesh,BETUL,2005,Whole Year,Potato,943,9189,9.744432662
Madhya Pradesh,BETUL,2005,Whole Year,Sugarcane,3825,166730,43.58954248
Madhya Pradesh,BETUL,2005,Whole Year,Sweet potato,125,783,6.264
Madhya Pradesh,BETUL,2006,Kharif,Arhar/Tur,27915,18840,0.674905965
Madhya Pradesh,BETUL,2006,Kharif,Cotton(lint),1200,1018,0.848333333
Madhya Pradesh,BETUL,2006,Kharif,Groundnut,5705,5367,0.940753725
Madhya Pradesh,BETUL,2006,Kharif,Jowar,45523,41790,0.917997496
Madhya Pradesh,BETUL,2006,Kharif,Jute,39,83,2.128205128
Madhya Pradesh,BETUL,2006,Kharif,Maize,48000,50583,1.0538125
Madhya Pradesh,BETUL,2006,Kharif,Moong(Green Gram),1717,480,0.279557368
Madhya Pradesh,BETUL,2006,Kharif,Niger seed,21262,5241,0.246496096
Madhya Pradesh,BETUL,2006,Kharif,Other Kharif pulses,235,72,0.306382979
Madhya Pradesh,BETUL,2006,Kharif,Rice,40742,40065,0.983383241
Madhya Pradesh,BETUL,2006,Kharif,Small millets,10527,2150,0.204236725
Madhya Pradesh,BETUL,2006,Kharif,Soyabean,173919,182385,1.048677833
Madhya Pradesh,BETUL,2006,Kharif,Sunflower,186,63,0.338709677
Madhya Pradesh,BETUL,2006,Kharif,Urad,9431,3323,0.352348637
Madhya Pradesh,BETUL,2006,Rabi,Gram,31732,21631,0.681677802
Madhya Pradesh,BETUL,2006,Rabi,Khesari,19,10,0.526315789
Madhya Pradesh,BETUL,2006,Rabi,Linseed,2987,1909,0.639102779
Madhya Pradesh,BETUL,2006,Rabi,Masoor,2996,1469,0.490320427
Madhya Pradesh,BETUL,2006,Rabi,Peas & beans (Pulses),3918,1421,0.362685043
Madhya Pradesh,BETUL,2006,Rabi,Rapeseed &Mustard,4869,4106,0.843294311
Madhya Pradesh,BETUL,2006,Rabi,Urad,443,112,0.25282167
Madhya Pradesh,BETUL,2006,Rabi,Wheat,93809,145019,1.545896449
Madhya Pradesh,BETUL,2006,Whole Year,Coriander,411,124,0.301703163
Madhya Pradesh,BETUL,2006,Whole Year,Dry chillies,3761,2577,0.685190109
Madhya Pradesh,BETUL,2006,Whole Year,Garlic,502,2587,5.153386454
Madhya Pradesh,BETUL,2006,Whole Year,Onion,387,7514,19.41602067
Madhya Pradesh,BETUL,2006,Whole Year,Potato,1082,11347,10.487061
Madhya Pradesh,BETUL,2006,Whole Year,Sesamum,228,55,0.24122807
Madhya Pradesh,BETUL,2006,Whole Year,Sugarcane,4598,194450,42.29012614
Madhya Pradesh,BETUL,2006,Whole Year,Sweet potato,146,929,6.363013699
Madhya Pradesh,BETUL,2007,Kharif,Arhar/Tur,24252,15769,0.650214415
Madhya Pradesh,BETUL,2007,Kharif,Castor seed,33,12,0.363636364
Madhya Pradesh,BETUL,2007,Kharif,Cotton(lint),1272,167,0.131289308
Madhya Pradesh,BETUL,2007,Kharif,Groundnut,5649,6114,1.082315454
Madhya Pradesh,BETUL,2007,Kharif,Jowar,46904,44230,0.942989937
Madhya Pradesh,BETUL,2007,Kharif,Maize,46266,63540,1.373362729
Madhya Pradesh,BETUL,2007,Kharif,Niger seed,19379,4922,0.253986274
Madhya Pradesh,BETUL,2007,Kharif,Rice,43886,46121,1.050927403
Madhya Pradesh,BETUL,2007,Kharif,Sannhamp,33,13,0.393939394
Madhya Pradesh,BETUL,2007,Kharif,Soyabean,194077,203262,1.047326577
Madhya Pradesh,BETUL,2007,Kharif,Urad,8936,3194,0.357430618
Madhya Pradesh,BETUL,2007,Rabi,Gram,32825,19567,0.596100533
Madhya Pradesh,BETUL,2007,Rabi,Khesari,271,90,0.332103321
Madhya Pradesh,BETUL,2007,Rabi,Linseed,1097,647,0.589790337
Madhya Pradesh,BETUL,2007,Rabi,Masoor,3549,1791,0.504649197
Madhya Pradesh,BETUL,2007,Rabi,Peas & beans (Pulses),4375,1609,0.367771429
Madhya Pradesh,BETUL,2007,Rabi,Rapeseed &Mustard,197,173,0.878172589
Madhya Pradesh,BETUL,2007,Rabi,Urad,389,63,0.161953728
Madhya Pradesh,BETUL,2007,Rabi,Wheat,99067,153407,1.54851767
Madhya Pradesh,BETUL,2007,Whole Year,Coriander,558,172,0.308243728
Madhya Pradesh,BETUL,2007,Whole Year,Garlic,315,1482,4.704761905
Madhya Pradesh,BETUL,2007,Whole Year,Onion,388,6134,15.80927835
Madhya Pradesh,BETUL,2007,Whole Year,Potato,830,8551,10.30240964
Madhya Pradesh,BETUL,2007,Whole Year,Sesamum,258,88,0.341085271
Madhya Pradesh,BETUL,2007,Whole Year,Sugarcane,6406,291740,45.54167968
Madhya Pradesh,BETUL,2007,Whole Year,Sunflower,25,9,0.36
Madhya Pradesh,BETUL,2007,Whole Year,Sweet potato,68,426,6.264705882
Madhya Pradesh,BETUL,2008,Kharif,Arhar/Tur,24767,18740,0.756651997
Madhya Pradesh,BETUL,2008,Kharif,Cotton(lint),1263,210,0.166270784
Madhya Pradesh,BETUL,2008,Kharif,Groundnut,5585,5941,1.063742167
Madhya Pradesh,BETUL,2008,Kharif,Jowar,48057,51854,1.079010342
Madhya Pradesh,BETUL,2008,Kharif,Maize,42507,59766,1.406027243
Madhya Pradesh,BETUL,2008,Kharif,Niger seed,22701,5850,0.257697899
Madhya Pradesh,BETUL,2008,Kharif,Rice,42970,45223,1.052431929
Madhya Pradesh,BETUL,2008,Kharif,Sannhamp,53,20,0.377358491
Madhya Pradesh,BETUL,2008,Kharif,Soyabean,196974,222831,1.131271132
Madhya Pradesh,BETUL,2008,Kharif,Sunflower,26,10,0.384615385
Madhya Pradesh,BETUL,2008,Kharif,Urad,8076,2804,0.347201585
Madhya Pradesh,BETUL,2008,Rabi,Gram,34252,21331,0.622766554
Madhya Pradesh,BETUL,2008,Rabi,Khesari,297,165,0.555555556
Madhya Pradesh,BETUL,2008,Rabi,Linseed,1182,752,0.636209814
Madhya Pradesh,BETUL,2008,Rabi,Masoor,3846,1859,0.483359334
Madhya Pradesh,BETUL,2008,Rabi,Peas & beans (Pulses),3956,1414,0.357431749
Madhya Pradesh,BETUL,2008,Rabi,Rapeseed &Mustard,271,259,0.955719557
Madhya Pradesh,BETUL,2008,Rabi,Urad,360,55,0.152777778
Madhya Pradesh,BETUL,2008,Rabi,Wheat,105415,168042,1.594099511
Madhya Pradesh,BETUL,2008,Whole Year,Coriander,256,78,0.3046875
Madhya Pradesh,BETUL,2008,Whole Year,Garlic,345,1649,4.779710145
Madhya Pradesh,BETUL,2008,Whole Year,Onion,373,5704,15.2922252
Madhya Pradesh,BETUL,2008,Whole Year,Potato,903,8186,9.065337763
Madhya Pradesh,BETUL,2008,Whole Year,Sesamum,305,104,0.340983607
Madhya Pradesh,BETUL,2008,Whole Year,Small millets,10591,2225,0.210084034
Madhya Pradesh,BETUL,2008,Whole Year,Sugarcane,5394,242150,44.89247312
Madhya Pradesh,BETUL,2008,Whole Year,Sweet potato,82,499,6.085365854
Madhya Pradesh,BETUL,2009,Kharif,Cowpea(Lobia),257,82,0.319066148
Madhya Pradesh,BETUL,2009,Kharif,Jowar,48213,47924,0.994005766
Madhya Pradesh,BETUL,2009,Kharif,Moong(Green Gram),1017,316,0.310717797
Madhya Pradesh,BETUL,2009,Kharif,Small millets,3721,834,0.224133298
Madhya Pradesh,BETUL,2009,Kharif,Urad,7211,2578,0.357509361
Madhya Pradesh,BETUL,2009,Rabi,Cowpea(Lobia),30,9,0.3
Madhya Pradesh,BETUL,2009,Rabi,Urad,401,91,0.226932668
Madhya Pradesh,BETUL,2009,Whole Year,Arhar/Tur,29532,22147,0.749932277
Madhya Pradesh,BETUL,2009,Whole Year,Coriander,766,239,0.312010444
Madhya Pradesh,BETUL,2009,Whole Year,Cotton(lint),534,69,0.129213483
Madhya Pradesh,BETUL,2009,Whole Year,Dry chillies,2025,2728,1.347160494
Madhya Pradesh,BETUL,2009,Whole Year,Garlic,408,1921,4.708333333
Madhya Pradesh,BETUL,2009,Whole Year,Gram,38150,24477,0.641598952
Madhya Pradesh,BETUL,2009,Whole Year,Groundnut,5517,6143,1.113467464
Madhya Pradesh,BETUL,2009,Whole Year,Khesari,67,35,0.52238806
Madhya Pradesh,BETUL,2009,Whole Year,Linseed,1115,765,0.686098655
Madhya Pradesh,BETUL,2009,Whole Year,Maize,46594,59027,1.266836932
Madhya Pradesh,BETUL,2009,Whole Year,Masoor,3889,1935,0.497557213
Madhya Pradesh,BETUL,2009,Whole Year,Niger seed,19399,4927,0.253982164
Madhya Pradesh,BETUL,2009,Whole Year,Onion,554,9067,16.36642599
Madhya Pradesh,BETUL,2009,Whole Year,Peas & beans (Pulses),4464,1619,0.362679211
Madhya Pradesh,BETUL,2009,Whole Year,Potato,1025,9604,9.369756098
Madhya Pradesh,BETUL,2009,Whole Year,Rapeseed &Mustard,297,289,0.973063973
Madhya Pradesh,BETUL,2009,Whole Year,Rice,44079,46212,1.04839039
Madhya Pradesh,BETUL,2009,Whole Year,Sannhamp,109,44,0.403669725
Madhya Pradesh,BETUL,2009,Whole Year,Sesamum,282,102,0.361702128
Madhya Pradesh,BETUL,2009,Whole Year,Soyabean,210304,256667,1.220457053
Madhya Pradesh,BETUL,2009,Whole Year,Sugarcane,3762,171330,45.54226475
Madhya Pradesh,BETUL,2009,Whole Year,Sunflower,48,18,0.375
Madhya Pradesh,BETUL,2009,Whole Year,Sweet potato,84,488,5.80952381
Madhya Pradesh,BETUL,2009,Whole Year,Wheat,116695,181637,1.556510562
Madhya Pradesh,BETUL,2010,Kharif,Arhar/Tur,28121,2858,0.101632232
Madhya Pradesh,BETUL,2010,Kharif,Cotton(lint),220,186,0.845454545
Madhya Pradesh,BETUL,2010,Kharif,Cowpea(Lobia),213,53,0.248826291
Madhya Pradesh,BETUL,2010,Kharif,Groundnut,5535,8068,1.457633243
Madhya Pradesh,BETUL,2010,Kharif,Jowar,41724,55952,1.34100278
Madhya Pradesh,BETUL,2010,Kharif,Maize,48508,75842,1.563494681
Madhya Pradesh,BETUL,2010,Kharif,Moong(Green Gram),1186,381,0.321247892
Madhya Pradesh,BETUL,2010,Kharif,Niger seed,19016,4901,0.257730332
Madhya Pradesh,BETUL,2010,Kharif,Rice,43688,60801,1.391709394
Madhya Pradesh,BETUL,2010,Kharif,Small millets,13438,4289,0.319169519
Madhya Pradesh,BETUL,2010,Kharif,Soyabean,229015,250962,1.095832151
Madhya Pradesh,BETUL,2010,Kharif,Urad,7916,2912,0.367862557
Madhya Pradesh,BETUL,2010,Rabi,Cowpea(Lobia),93,22,0.23655914
Madhya Pradesh,BETUL,2010,Rabi,Gram,40335,14323,0.355101029
Madhya Pradesh,BETUL,2010,Rabi,Khesari,87,37,0.425287356
Madhya Pradesh,BETUL,2010,Rabi,Linseed,1402,849,0.605563481
Madhya Pradesh,BETUL,2010,Rabi,Masoor,3458,347,0.100347021
Madhya Pradesh,BETUL,2010,Rabi,Moong(Green Gram),34,8,0.235294118
Madhya Pradesh,BETUL,2010,Rabi,Peas & beans (Pulses),4058,434,0.106949236
Madhya Pradesh,BETUL,2010,Rabi,Rapeseed &Mustard,198,166,0.838383838
Madhya Pradesh,BETUL,2010,Rabi,Urad,236,52,0.220338983
Madhya Pradesh,BETUL,2010,Rabi,Wheat,116097,137266,1.182338906
Madhya Pradesh,BETUL,2010,Whole Year,Coriander,629,184,0.292527822
Madhya Pradesh,BETUL,2010,Whole Year,Dry chillies,1827,3583,1.961138478
Madhya Pradesh,BETUL,2010,Whole Year,Dry ginger,10,16,1.6
Madhya Pradesh,BETUL,2010,Whole Year,Garlic,414,1628,3.93236715
Madhya Pradesh,BETUL,2010,Whole Year,Onion,755,13907,18.41986755
Madhya Pradesh,BETUL,2010,Whole Year,Potato,1069,8717,8.15434986
Madhya Pradesh,BETUL,2010,Whole Year,Sannhamp,108,261,2.416666667
Madhya Pradesh,BETUL,2010,Whole Year,Sesamum,402,186,0.462686567
Madhya Pradesh,BETUL,2010,Whole Year,Sugarcane,4069,145790,35.82944212
Madhya Pradesh,BETUL,2010,Whole Year,Sweet potato,173,873,5.046242775
Madhya Pradesh,BETUL,2011,Kharif,Arhar/Tur,28649,18890,0.659359838
Madhya Pradesh,BETUL,2011,Kharif,Cotton(lint),219,303,1.383561644
Madhya Pradesh,BETUL,2011,Kharif,Groundnut,5542,7783,1.404366655
Madhya Pradesh,BETUL,2011,Kharif,Jowar,33674,34819,1.034002495
Madhya Pradesh,BETUL,2011,Kharif,Maize,49569,72174,1.456030987
Madhya Pradesh,BETUL,2011,Kharif,Moong(Green Gram),1188,300,0.252525253
Madhya Pradesh,BETUL,2011,Kharif,Niger seed,18958,4054,0.213841122
Madhya Pradesh,BETUL,2011,Kharif,Other Kharif pulses,318,85,0.267295597
Madhya Pradesh,BETUL,2011,Kharif,Rice,42539,67005,1.57514281
Madhya Pradesh,BETUL,2011,Kharif,Sannhamp,64,106,1.65625
Madhya Pradesh,BETUL,2011,Kharif,Small millets,3198,876,0.273921201
Madhya Pradesh,BETUL,2011,Kharif,Soyabean,206858,262469,1.268836593
Madhya Pradesh,BETUL,2011,Kharif,Urad,6564,1827,0.27833638
Madhya Pradesh,BETUL,2011,Rabi,Gram,38795,49986,1.288465008
Madhya Pradesh,BETUL,2011,Rabi,Khesari,38,21,0.552631579
Madhya Pradesh,BETUL,2011,Rabi,Linseed,1030,988,0.959223301
Madhya Pradesh,BETUL,2011,Rabi,Masoor,2990,1412,0.472240803
Madhya Pradesh,BETUL,2011,Rabi,Moong(Green Gram),7,2,0.285714286
Madhya Pradesh,BETUL,2011,Rabi,Other  Rabi pulses,35,9,0.257142857
Madhya Pradesh,BETUL,2011,Rabi,Peas & beans (Pulses),3492,1821,0.521477663
Madhya Pradesh,BETUL,2011,Rabi,Rapeseed &Mustard,314,379,1.207006369
Madhya Pradesh,BETUL,2011,Rabi,Urad,249,39,0.156626506
Madhya Pradesh,BETUL,2011,Rabi,Wheat,100696,212083,2.106171049
Madhya Pradesh,BETUL,2011,Whole Year,Coriander,409,127,0.310513447
Madhya Pradesh,BETUL,2011,Whole Year,Dry chillies,2174,2831,1.302207912
Madhya Pradesh,BETUL,2011,Whole Year,Dry ginger,14,15,1.071428571
Madhya Pradesh,BETUL,2011,Whole Year,Garlic,415,1729,4.16626506
Madhya Pradesh,BETUL,2011,Whole Year,Onion,487,10311,21.1724846
Madhya Pradesh,BETUL,2011,Whole Year,Potato,1392,13222,9.498563218
Madhya Pradesh,BETUL,2011,Whole Year,Sesamum,213,110,0.516431925
Madhya Pradesh,BETUL,2011,Whole Year,Sugarcane,4150,162060,39.05060241
Madhya Pradesh,BETUL,2011,Whole Year,Sweet potato,335,1716,5.12238806
Madhya Pradesh,BETUL,2011,Whole Year,Turmeric,3,3,1
Madhya Pradesh,BETUL,2012,Kharif,Arhar/Tur,25692,20248,0.788105247
Madhya Pradesh,BETUL,2012,Kharif,Bajra,39,90,2.307692308
Madhya Pradesh,BETUL,2012,Kharif,Cotton(lint),320,505,1.578125
Madhya Pradesh,BETUL,2012,Kharif,Groundnut,5339,7437,1.392957483
Madhya Pradesh,BETUL,2012,Kharif,Horse-gram,97,25,0.257731959
Madhya Pradesh,BETUL,2012,Kharif,Jowar,22834,33270,1.457037751
Madhya Pradesh,BETUL,2012,Kharif,Maize,50251,175854,3.499512448
Madhya Pradesh,BETUL,2012,Kharif,Moong(Green Gram),1078,398,0.369202226
Madhya Pradesh,BETUL,2012,Kharif,Niger seed,15654,4512,0.288233039
Madhya Pradesh,BETUL,2012,Kharif,Other Kharif pulses,97,38,0.391752577
Madhya Pradesh,BETUL,2012,Kharif,Rice,44860,121756,2.714132858
Madhya Pradesh,BETUL,2012,Kharif,Sannhamp,71,150,2.112676056
Madhya Pradesh,BETUL,2012,Kharif,Small millets,4129,1602,0.387987406
Madhya Pradesh,BETUL,2012,Kharif,Soyabean,236004,436686,1.850333045
Madhya Pradesh,BETUL,2012,Kharif,Urad,5497,2384,0.433691104
Madhya Pradesh,BETUL,2012,Rabi,Gram,38811,46738,1.204246219
Madhya Pradesh,BETUL,2012,Rabi,Khesari,41,35,0.853658537
Madhya Pradesh,BETUL,2012,Rabi,Linseed,521,435,0.834932821
Madhya Pradesh,BETUL,2012,Rabi,Masoor,2551,1597,0.626029008
Madhya Pradesh,BETUL,2012,Rabi,Moong(Green Gram),96,16,0.166666667
Madhya Pradesh,BETUL,2012,Rabi,Other  Rabi pulses,125,47,0.376
Madhya Pradesh,BETUL,2012,Rabi,Peas & beans (Pulses),3352,1704,0.508353222
Madhya Pradesh,BETUL,2012,Rabi,Rapeseed &Mustard,463,601,1.298056156
Madhya Pradesh,BETUL,2012,Rabi,Wheat,117620,263370,2.239160007
Madhya Pradesh,BETUL,2012,Whole Year,Banana,2,,
Madhya Pradesh,BETUL,2012,Whole Year,Coriander,391,160,0.409207161
Madhya Pradesh,BETUL,2012,Whole Year,Dry chillies,2159,5035,2.332098194
Madhya Pradesh,BETUL,2012,Whole Year,Dry ginger,110,147,1.336363636
Madhya Pradesh,BETUL,2012,Whole Year,Garlic,418,2477,5.925837321
Madhya Pradesh,BETUL,2012,Whole Year,Onion,513,15037,29.31189084
Madhya Pradesh,BETUL,2012,Whole Year,Potato,1084,15170,13.99446494
Madhya Pradesh,BETUL,2012,Whole Year,Sesamum,691,561,0.81186686
Madhya Pradesh,BETUL,2012,Whole Year,Sugarcane,4035,227150,56.29491945
Madhya Pradesh,BETUL,2012,Whole Year,Sweet potato,344,2433,7.072674419
Madhya Pradesh,BETUL,2012,Whole Year,Turmeric,4,4,1
Madhya Pradesh,BETUL,2013,Kharif,Arhar/Tur,23549,15771,0.669709966
Madhya Pradesh,BETUL,2013,Kharif,Bajra,35,67,1.914285714
Madhya Pradesh,BETUL,2013,Kharif,Cotton(lint),214,221,1.03271028
Madhya Pradesh,BETUL,2013,Kharif,Groundnut,5052,8660,1.714172605
Madhya Pradesh,BETUL,2013,Kharif,Jowar,20309,25894,1.275001231
Madhya Pradesh,BETUL,2013,Kharif,Maize,53778,67442,1.254081595
Madhya Pradesh,BETUL,2013,Kharif,Moong(Green Gram),1113,266,0.238993711
Madhya Pradesh,BETUL,2013,Kharif,Niger seed,9370,2818,0.300747065
Madhya Pradesh,BETUL,2013,Kharif,Other Kharif pulses,220,124,0.563636364
Madhya Pradesh,BETUL,2013,Kharif,Rice,43844,98853,2.25465286
Madhya Pradesh,BETUL,2013,Kharif,Sannhamp,40,72,1.8
Madhya Pradesh,BETUL,2013,Kharif,Small millets,4152,1687,0.406310212
Madhya Pradesh,BETUL,2013,Kharif,Soyabean,241852,152296,0.629707424
Madhya Pradesh,BETUL,2013,Kharif,Urad,3518,901,0.256111427
Madhya Pradesh,BETUL,2013,Rabi,Gram,42475,27914,0.65718658
Madhya Pradesh,BETUL,2013,Rabi,Khesari,109,38,0.348623853
Madhya Pradesh,BETUL,2013,Rabi,Linseed,606,463,0.764026403
Madhya Pradesh,BETUL,2013,Rabi,Masoor,1827,1306,0.71483306
Madhya Pradesh,BETUL,2013,Rabi,Moong(Green Gram),119,34,0.285714286
Madhya Pradesh,BETUL,2013,Rabi,Other  Rabi pulses,134,81,0.604477612
Madhya Pradesh,BETUL,2013,Rabi,Peas & beans (Pulses),3517,2183,0.62069946
Madhya Pradesh,BETUL,2013,Rabi,Rapeseed &Mustard,413,430,1.041162228
Madhya Pradesh,BETUL,2013,Rabi,Urad,12,2,0.166666667
Madhya Pradesh,BETUL,2013,Rabi,Wheat,122803,231996,1.889172089
Madhya Pradesh,BETUL,2013,Whole Year,Coriander,426,203,0.476525822
Madhya Pradesh,BETUL,2013,Whole Year,Dry chillies,2235,3113,1.392841163
Madhya Pradesh,BETUL,2013,Whole Year,Dry ginger,44,85,1.931818182
Madhya Pradesh,BETUL,2013,Whole Year,Garlic,427,2849,6.672131148
Madhya Pradesh,BETUL,2013,Whole Year,Onion,523,14050,26.86424474
Madhya Pradesh,BETUL,2013,Whole Year,Potato,1230,15034,12.22276423
Madhya Pradesh,BETUL,2013,Whole Year,Sesamum,482,219,0.454356846
Madhya Pradesh,BETUL,2013,Whole Year,Sugarcane,4861,297110,61.12116848
Madhya Pradesh,BETUL,2013,Whole Year,Sweet potato,346,2946,8.514450867
Madhya Pradesh,BHIND,1997,Kharif,Arhar/Tur,9300,5700,0.612903226
Madhya Pradesh,BHIND,1997,Kharif,Bajra,26000,30000,1.153846154
Madhya Pradesh,BHIND,1997,Kharif,Jowar,14400,15200,1.055555556
Madhya Pradesh,BHIND,1997,Kharif,Paddy,13000,15600,1.2
Madhya Pradesh,BHIND,1997,Kharif,Sesamum,2500,900,0.36
Madhya Pradesh,BHIND,1997,Kharif,Soyabean,600,500,0.833333333
Madhya Pradesh,BHIND,1997,Rabi,Barley,7900,13400,1.696202532
Madhya Pradesh,BHIND,1997,Rabi,Linseed,500,100,0.2
Madhya Pradesh,BHIND,1997,Rabi,Rapeseed &Mustard,121000,80300,0.663636364
Madhya Pradesh,BHIND,1997,Rabi,Wheat,85300,183900,2.155920281
Madhya Pradesh,BHIND,1998,Kharif,Arhar/Tur,10400,7500,0.721153846
Madhya Pradesh,BHIND,1998,Kharif,Bajra,30000,40700,1.356666667
Madhya Pradesh,BHIND,1998,Kharif,Jowar,13600,18400,1.352941176
Madhya Pradesh,BHIND,1998,Kharif,Rice,13900,8900,0.64028777
Madhya Pradesh,BHIND,1998,Kharif,Sesamum,1700,700,0.411764706
Madhya Pradesh,BHIND,1998,Kharif,Soyabean,900,600,0.666666667
Madhya Pradesh,BHIND,1998,Rabi,Barley,7400,12000,1.621621622
Madhya Pradesh,BHIND,1998,Rabi,Gram,49700,50400,1.014084507
Madhya Pradesh,BHIND,1998,Rabi,Linseed,2400,600,0.25
Madhya Pradesh,BHIND,1998,Rabi,Rapeseed &Mustard,126300,127500,1.009501188
Madhya Pradesh,BHIND,1998,Rabi,Wheat,72200,157800,2.185595568
Madhya Pradesh,BHIND,1998,Whole Year,Sugarcane,136,2380,17.5
Madhya Pradesh,BHIND,1999,Kharif,Arhar/Tur,8843,6318,0.714463417
Madhya Pradesh,BHIND,1999,Kharif,Bajra,30247,32911,1.08807485
Madhya Pradesh,BHIND,1999,Kharif,Castor seed,2,1,0.5
Madhya Pradesh,BHIND,1999,Kharif,Groundnut,4,3,0.75
Madhya Pradesh,BHIND,1999,Kharif,Jowar,10553,13305,1.260778925
Madhya Pradesh,BHIND,1999,Kharif,Maize,5,8,1.6
Madhya Pradesh,BHIND,1999,Kharif,Other Kharif pulses,4243,1457,0.343389111
Madhya Pradesh,BHIND,1999,Kharif,Rice,13700,29710,2.168613139
Madhya Pradesh,BHIND,1999,Kharif,Sesamum,1301,508,0.39046887
Madhya Pradesh,BHIND,1999,Kharif,Soyabean,151,113,0.748344371
Madhya Pradesh,BHIND,1999,Kharif,Urad,725,236,0.325517241
Madhya Pradesh,BHIND,1999,Rabi,Barley,7661,13786,1.799503981
Madhya Pradesh,BHIND,1999,Rabi,Gram,43526,47487,1.091003079
Madhya Pradesh,BHIND,1999,Rabi,Linseed,544,238,0.4375
Madhya Pradesh,BHIND,1999,Rabi,Other  Rabi pulses,22063,11388,0.516158274
Madhya Pradesh,BHIND,1999,Rabi,Rapeseed &Mustard,116496,129544,1.112003846
Madhya Pradesh,BHIND,1999,Rabi,Wheat,88122,183748,2.085154672
Madhya Pradesh,BHIND,1999,Whole Year,Dry chillies,126,62,0.492063492
Madhya Pradesh,BHIND,1999,Whole Year,Garlic,4,9,2.25
Madhya Pradesh,BHIND,1999,Whole Year,Onion,209,1605,7.679425837
Madhya Pradesh,BHIND,1999,Whole Year,Potato,443,4183,9.442437923
Madhya Pradesh,BHIND,1999,Whole Year,Sannhamp,24,44,1.833333333
Madhya Pradesh,BHIND,1999,Whole Year,Sugarcane,78,1970,25.25641026
Madhya Pradesh,BHIND,1999,Whole Year,Sweet potato,23,120,5.217391304
Madhya Pradesh,BHIND,2000,Kharif,Arhar/Tur,9435,4328,0.458717541
Madhya Pradesh,BHIND,2000,Kharif,Bajra,34248,36844,1.075800047
Madhya Pradesh,BHIND,2000,Kharif,Groundnut,8,5,0.625
Madhya Pradesh,BHIND,2000,Kharif,Jowar,12691,3083,0.242928059
Madhya Pradesh,BHIND,2000,Kharif,Niger seed,11,2,0.181818182
Madhya Pradesh,BHIND,2000,Kharif,Other Kharif pulses,4765,844,0.177124869
Madhya Pradesh,BHIND,2000,Kharif,Rice,14034,13239,0.94335186
Madhya Pradesh,BHIND,2000,Kharif,Sesamum,2682,1559,0.581282625
Madhya Pradesh,BHIND,2000,Kharif,Soyabean,194,98,0.505154639
Madhya Pradesh,BHIND,2000,Rabi,Barley,8154,8433,1.034216336
Madhya Pradesh,BHIND,2000,Rabi,Gram,46550,33376,0.716992481
Madhya Pradesh,BHIND,2000,Rabi,Linseed,2668,690,0.25862069
Madhya Pradesh,BHIND,2000,Rabi,Other  Rabi pulses,17557,6752,0.384575953
Madhya Pradesh,BHIND,2000,Rabi,Rapeseed &Mustard,80711,73124,0.905997943
Madhya Pradesh,BHIND,2000,Rabi,Wheat,76350,98346,1.288094303
Madhya Pradesh,BHIND,2000,Whole Year,Coriander,2,1,0.5
Madhya Pradesh,BHIND,2000,Whole Year,Dry chillies,81,25,0.308641975
Madhya Pradesh,BHIND,2000,Whole Year,Garlic,5,11,2.2
Madhya Pradesh,BHIND,2000,Whole Year,Onion,162,1589,9.808641975
Madhya Pradesh,BHIND,2000,Whole Year,Sannhamp,21,28,1.333333333
Madhya Pradesh,BHIND,2000,Whole Year,Sugarcane,89,1970,22.13483146
Madhya Pradesh,BHIND,2001,Kharif,Arhar/Tur,8127,6615,0.813953488
Madhya Pradesh,BHIND,2001,Kharif,Bajra,29498,35121,1.190623093
Madhya Pradesh,BHIND,2001,Kharif,Groundnut,8,7,0.875
Madhya Pradesh,BHIND,2001,Kharif,Jowar,12079,15237,1.261445484
Madhya Pradesh,BHIND,2001,Kharif,Maize,40,81,2.025
Madhya Pradesh,BHIND,2001,Kharif,Niger seed,4,1,0.25
Madhya Pradesh,BHIND,2001,Kharif,Other Kharif pulses,4280,1455,0.339953271
Madhya Pradesh,BHIND,2001,Kharif,Rice,15710,33464,2.130108211
Madhya Pradesh,BHIND,2001,Kharif,Sesamum,3411,1951,0.571973028
Madhya Pradesh,BHIND,2001,Kharif,Small millets,17,7,0.411764706
Madhya Pradesh,BHIND,2001,Kharif,Soyabean,107,88,0.822429907
Madhya Pradesh,BHIND,2001,Rabi,Barley,7104,11870,1.67088964
Madhya Pradesh,BHIND,2001,Rabi,Gram,57802,76356,1.320992353
Madhya Pradesh,BHIND,2001,Rabi,Linseed,57,33,0.578947368
Madhya Pradesh,BHIND,2001,Rabi,Other  Rabi pulses,21247,10123,0.476443733
Madhya Pradesh,BHIND,2001,Rabi,Rapeseed &Mustard,106533,116014,1.088995898
Madhya Pradesh,BHIND,2001,Rabi,Wheat,81275,182867,2.249978468
Madhya Pradesh,BHIND,2001,Whole Year,Coriander,2,1,0.5
Madhya Pradesh,BHIND,2001,Whole Year,Dry chillies,77,38,0.493506494
Madhya Pradesh,BHIND,2001,Whole Year,Garlic,12,26,2.166666667
Madhya Pradesh,BHIND,2001,Whole Year,Onion,201,1973,9.815920398
Madhya Pradesh,BHIND,2001,Whole Year,Potato,330,4291,13.0030303
Madhya Pradesh,BHIND,2001,Whole Year,Sannhamp,27,50,1.851851852
Madhya Pradesh,BHIND,2001,Whole Year,Sugarcane,43,1090,25.34883721
Madhya Pradesh,BHIND,2001,Whole Year,Sweet potato,10,50,5
Madhya Pradesh,BHIND,2002,Kharif,Arhar/Tur,7589,4698,0.619053894
Madhya Pradesh,BHIND,2002,Kharif,Bajra,33298,34700,1.042104631
Madhya Pradesh,BHIND,2002,Kharif,Dry ginger,2,0.1,0.05
Madhya Pradesh,BHIND,2002,Kharif,Groundnut,7,6,0.857142857
Madhya Pradesh,BHIND,2002,Kharif,Jowar,10530,13362,1.268945869
Madhya Pradesh,BHIND,2002,Kharif,Maize,3,7,2.333333333
Madhya Pradesh,BHIND,2002,Kharif,Niger seed,8,0.01,0.00125
Madhya Pradesh,BHIND,2002,Kharif,Other Kharif pulses,5001,1589,0.317736453
Madhya Pradesh,BHIND,2002,Kharif,Rice,6064,14153,2.333937995
Madhya Pradesh,BHIND,2002,Kharif,Sesamum,1963,1090,0.555272542
Madhya Pradesh,BHIND,2002,Kharif,Small millets,1,0,0
Madhya Pradesh,BHIND,2002,Kharif,Soyabean,20,15,0.75
Madhya Pradesh,BHIND,2002,Rabi,Barley,10026,15132,1.509275883
Madhya Pradesh,BHIND,2002,Rabi,Gram,64365,64687,1.005002719
Madhya Pradesh,BHIND,2002,Rabi,Linseed,175,69,0.394285714
Madhya Pradesh,BHIND,2002,Rabi,Other  Rabi pulses,18134,6254,0.344877027
Madhya Pradesh,BHIND,2002,Rabi,Rapeseed &Mustard,98227,78189,0.796003136
Madhya Pradesh,BHIND,2002,Rabi,Wheat,68747,118064,1.717369485
Madhya Pradesh,BHIND,2002,Whole Year,Beans & Mutter(Vegetable),31,0,0
Madhya Pradesh,BHIND,2002,Whole Year,Bhindi,31,0,0
Madhya Pradesh,BHIND,2002,Whole Year,Brinjal,71,0,0
Madhya Pradesh,BHIND,2002,Whole Year,Cabbage,31,0,0
Madhya Pradesh,BHIND,2002,Whole Year,Cauliflower,31,0,0
Madhya Pradesh,BHIND,2002,Whole Year,Citrus Fruit,1,0,0
Madhya Pradesh,BHIND,2002,Whole Year,Coriander,1,0.01,0.01
Madhya Pradesh,BHIND,2002,Whole Year,Dry chillies,94,40,0.425531915
Madhya Pradesh,BHIND,2002,Whole Year,Garlic,18,39,2.166666667
Madhya Pradesh,BHIND,2002,Whole Year,Onion,176,1659,9.426136364
Madhya Pradesh,BHIND,2002,Whole Year,Other Fresh Fruits,285,0,0
Madhya Pradesh,BHIND,2002,Whole Year,Other Vegetables,479,0,0
Madhya Pradesh,BHIND,2002,Whole Year,Papaya,6,0,0
Madhya Pradesh,BHIND,2002,Whole Year,Pome Fruit,28,0,0
Madhya Pradesh,BHIND,2002,Whole Year,Potato,351,4277,12.18518519
Madhya Pradesh,BHIND,2002,Whole Year,Sannhamp,36,67,1.861111111
Madhya Pradesh,BHIND,2002,Whole Year,Sugarcane,25,630,25.2
Madhya Pradesh,BHIND,2002,Whole Year,Sweet potato,15,78,5.2
Madhya Pradesh,BHIND,2002,Whole Year,Tomato,60,0,0
Madhya Pradesh,BHIND,2003,Kharif,Arhar/Tur,7925,5077,0.640630915
Madhya Pradesh,BHIND,2003,Kharif,Bajra,34778,48046,1.381505549
Madhya Pradesh,BHIND,2003,Kharif,Castor seed,7,2,0.285714286
Madhya Pradesh,BHIND,2003,Kharif,Dry ginger,2,2,1
Madhya Pradesh,BHIND,2003,Kharif,Groundnut,7,6,0.857142857
Madhya Pradesh,BHIND,2003,Kharif,Horse-gram,1,0,0
Madhya Pradesh,BHIND,2003,Kharif,Jowar,11025,16106,1.460861678
Madhya Pradesh,BHIND,2003,Kharif,Maize,4,8,2
Madhya Pradesh,BHIND,2003,Kharif,Niger seed,2,0,0
Madhya Pradesh,BHIND,2003,Kharif,Other Kharif pulses,5462,1848,0.338337605
Madhya Pradesh,BHIND,2003,Kharif,other misc. pulses,37,0.01,0.00027027
Madhya Pradesh,BHIND,2003,Kharif,Rice,1339,3468,2.589992532
Madhya Pradesh,BHIND,2003,Kharif,Sesamum,2625,1775,0.676190476
Madhya Pradesh,BHIND,2003,Kharif,Soyabean,31,27,0.870967742
Madhya Pradesh,BHIND,2003,Kharif,Urad,2281,742,0.325295923
Madhya Pradesh,BHIND,2003,Rabi,Barley,10553,22447,2.12707287
Madhya Pradesh,BHIND,2003,Rabi,Gram,49722,67224,1.351997104
Madhya Pradesh,BHIND,2003,Rabi,Jowar,2,4,2
Madhya Pradesh,BHIND,2003,Rabi,Linseed,471,277,0.588110403
Madhya Pradesh,BHIND,2003,Rabi,Other  Rabi pulses,19776,10235,0.517546521
Madhya Pradesh,BHIND,2003,Rabi,Rapeseed &Mustard,123970,146285,1.180003227
Madhya Pradesh,BHIND,2003,Rabi,Urad,17,3,0.176470588
Madhya Pradesh,BHIND,2003,Rabi,Wheat,76189,151032,1.982333408
Madhya Pradesh,BHIND,2003,Whole Year,Beans & Mutter(Vegetable),49,0,0
Madhya Pradesh,BHIND,2003,Whole Year,Bhindi,64,0,0
Madhya Pradesh,BHIND,2003,Whole Year,Brinjal,278,0,0
Madhya Pradesh,BHIND,2003,Whole Year,Cabbage,45,0,0
Madhya Pradesh,BHIND,2003,Whole Year,Cauliflower,43,0,0
Madhya Pradesh,BHIND,2003,Whole Year,Citrus Fruit,1,0,0
Madhya Pradesh,BHIND,2003,Whole Year,Coriander,6,2,0.333333333
Madhya Pradesh,BHIND,2003,Whole Year,Dry chillies,119,71,0.596638655
Madhya Pradesh,BHIND,2003,Whole Year,Garlic,28,50,1.785714286
Madhya Pradesh,BHIND,2003,Whole Year,Onion,164,1279,7.798780488
Madhya Pradesh,BHIND,2003,Whole Year,Other Fresh Fruits,68,0,0
Madhya Pradesh,BHIND,2003,Whole Year,Other Vegetables,654,0,0
Madhya Pradesh,BHIND,2003,Whole Year,Papaya,6,324,54
Madhya Pradesh,BHIND,2003,Whole Year,Pome Fruit,29,0,0
Madhya Pradesh,BHIND,2003,Whole Year,Potato,447,5579,12.48098434
Madhya Pradesh,BHIND,2003,Whole Year,Sannhamp,20,39,1.95
Madhya Pradesh,BHIND,2003,Whole Year,Sugarcane,27,680,25.18518519
Madhya Pradesh,BHIND,2003,Whole Year,Sweet potato,17,78,4.588235294
Madhya Pradesh,BHIND,2003,Whole Year,Tomato,197,0,0
Madhya Pradesh,BHIND,2003,Whole Year,Turmeric,2,2,1
Madhya Pradesh,BHIND,2004,Kharif,Arhar/Tur,6981,4265,0.610943991
Madhya Pradesh,BHIND,2004,Kharif,Bajra,36108,50344,1.394261659
Madhya Pradesh,BHIND,2004,Kharif,Groundnut,4,6,1.5
Madhya Pradesh,BHIND,2004,Kharif,Horse-gram,3,1,0.333333333
Madhya Pradesh,BHIND,2004,Kharif,Jowar,9719,13305,1.368968001
Madhya Pradesh,BHIND,2004,Kharif,Maize,134,215,1.604477612
Madhya Pradesh,BHIND,2004,Kharif,Rice,1797,4098,2.280467446
Madhya Pradesh,BHIND,2004,Kharif,Sesamum,2953,2189,0.741280054
Madhya Pradesh,BHIND,2004,Kharif,Small millets,2,,
Madhya Pradesh,BHIND,2004,Kharif,Soyabean,165,129,0.781818182
Madhya Pradesh,BHIND,2004,Kharif,Urad,1642,534,0.325213155
Madhya Pradesh,BHIND,2004,Rabi,Barley,10388,19953,1.92077397
Madhya Pradesh,BHIND,2004,Rabi,Gram,45741,50041,1.094007564
Madhya Pradesh,BHIND,2004,Rabi,Linseed,86,51,0.593023256
Madhya Pradesh,BHIND,2004,Rabi,Masoor,12316,6322,0.513316012
Madhya Pradesh,BHIND,2004,Rabi,Rapeseed &Mustard,134363,125361,0.933002389
Madhya Pradesh,BHIND,2004,Rabi,Wheat,70676,133315,1.886283887
Madhya Pradesh,BHIND,2004,Whole Year,Coriander,4,1,0.25
Madhya Pradesh,BHIND,2004,Whole Year,Garlic,30,65,2.166666667
Madhya Pradesh,BHIND,2004,Whole Year,Onion,165,1695,10.27272727
Madhya Pradesh,BHIND,2004,Whole Year,Potato,613,8543,13.93637847
Madhya Pradesh,BHIND,2004,Whole Year,Sugarcane,116,2930,25.25862069
Madhya Pradesh,BHIND,2004,Whole Year,Sweet potato,6,31,5.166666667
Madhya Pradesh,BHIND,2005,Kharif,Arhar/Tur,6172,4145,0.671581335
Madhya Pradesh,BHIND,2005,Kharif,Bajra,33056,42459,1.28445668
Madhya Pradesh,BHIND,2005,Kharif,Groundnut,2,2,1
Madhya Pradesh,BHIND,2005,Kharif,Jowar,10732,14025,1.306839359
Madhya Pradesh,BHIND,2005,Kharif,Moong(Green Gram),2496,866,0.346955128
Madhya Pradesh,BHIND,2005,Kharif,Rice,3729,7840,2.102440333
Madhya Pradesh,BHIND,2005,Kharif,Sesamum,4997,3157,0.631779067
Madhya Pradesh,BHIND,2005,Kharif,Small millets,2,,
Madhya Pradesh,BHIND,2005,Kharif,Soyabean,82,67,0.817073171
Madhya Pradesh,BHIND,2005,Kharif,Urad,1975,657,0.332658228
Madhya Pradesh,BHIND,2005,Rabi,Barley,9692,19408,2.002476269
Madhya Pradesh,BHIND,2005,Rabi,Gram,34283,35997,1.049995625
Madhya Pradesh,BHIND,2005,Rabi,Linseed,32,18,0.5625
Madhya Pradesh,BHIND,2005,Rabi,Masoor,12342,6513,0.527710258
Madhya Pradesh,BHIND,2005,Rabi,Peas & beans (Pulses),5829,3160,0.542117001
Madhya Pradesh,BHIND,2005,Rabi,Rapeseed &Mustard,150470,187185,1.244002127
Madhya Pradesh,BHIND,2005,Rabi,Wheat,71706,141895,1.978844169
Madhya Pradesh,BHIND,2005,Whole Year,Onion,193,1736,8.994818653
Madhya Pradesh,BHIND,2005,Whole Year,Potato,1068,12734,11.92322097
Madhya Pradesh,BHIND,2005,Whole Year,Sugarcane,90,2280,25.33333333
Madhya Pradesh,BHIND,2005,Whole Year,Sweet potato,25,119,4.76
Madhya Pradesh,BHIND,2006,Kharif,Arhar/Tur,5206,2280,0.437956204
Madhya Pradesh,BHIND,2006,Kharif,Bajra,31689,34066,1.075010256
Madhya Pradesh,BHIND,2006,Kharif,Groundnut,2,1,0.5
Madhya Pradesh,BHIND,2006,Kharif,Jowar,10408,10689,1.026998463
Madhya Pradesh,BHIND,2006,Kharif,Jute,2,6,3
Madhya Pradesh,BHIND,2006,Kharif,Moong(Green Gram),2030,493,0.242857143
Madhya Pradesh,BHIND,2006,Kharif,Other Kharif pulses,2,,
Madhya Pradesh,BHIND,2006,Kharif,Rice,410,829,2.02195122
Madhya Pradesh,BHIND,2006,Kharif,Soyabean,28,16,0.571428571
Madhya Pradesh,BHIND,2006,Kharif,Urad,990,247,0.249494949
Madhya Pradesh,BHIND,2006,Rabi,Gram,28902,24885,0.861013079
Madhya Pradesh,BHIND,2006,Rabi,Linseed,159,76,0.477987421
Madhya Pradesh,BHIND,2006,Rabi,Masoor,7672,3239,0.422184567
Madhya Pradesh,BHIND,2006,Rabi,Peas & beans (Pulses),3005,1276,0.424625624
Madhya Pradesh,BHIND,2006,Rabi,Rapeseed &Mustard,151595,130826,0.862996801
Madhya Pradesh,BHIND,2006,Rabi,Urad,21,2,0.095238095
Madhya Pradesh,BHIND,2006,Rabi,Wheat,72279,133424,1.845958024
Madhya Pradesh,BHIND,2006,Whole Year,Coriander,4,1,0.25
Madhya Pradesh,BHIND,2006,Whole Year,Dry chillies,56,42,0.75
Madhya Pradesh,BHIND,2006,Whole Year,Garlic,14,31,2.214285714
Madhya Pradesh,BHIND,2006,Whole Year,Onion,53,465,8.773584906
Madhya Pradesh,BHIND,2006,Whole Year,Potato,577,6826,11.83015598
Madhya Pradesh,BHIND,2006,Whole Year,Sesamum,11198,5898,0.526701197
Madhya Pradesh,BHIND,2006,Whole Year,Sugarcane,66,1670,25.3030303
Madhya Pradesh,BHIND,2006,Whole Year,Sweet potato,7,37,5.285714286
Madhya Pradesh,BHIND,2007,Kharif,Arhar/Tur,4494,2391,0.532042724
Madhya Pradesh,BHIND,2007,Kharif,Bajra,33189,38076,1.147247582
Madhya Pradesh,BHIND,2007,Kharif,Groundnut,1,,
Madhya Pradesh,BHIND,2007,Kharif,Jowar,9895,12790,1.292572006
Madhya Pradesh,BHIND,2007,Kharif,Maize,3,2,0.666666667
Madhya Pradesh,BHIND,2007,Kharif,Rice,320,587,1.834375
Madhya Pradesh,BHIND,2007,Kharif,Sannhamp,4,1,0.25
Madhya Pradesh,BHIND,2007,Kharif,Soyabean,26,14,0.538461538
Madhya Pradesh,BHIND,2007,Kharif,Urad,618,182,0.294498382
Madhya Pradesh,BHIND,2007,Rabi,Barley,7400,9963,1.346351351
Madhya Pradesh,BHIND,2007,Rabi,Gram,21307,15469,0.726005538
Madhya Pradesh,BHIND,2007,Rabi,Linseed,130,47,0.361538462
Madhya Pradesh,BHIND,2007,Rabi,Masoor,3954,1321,0.334092059
Madhya Pradesh,BHIND,2007,Rabi,Peas & beans (Pulses),2312,878,0.379757785
Madhya Pradesh,BHIND,2007,Rabi,Rapeseed &Mustard,146747,136768,0.93199861
Madhya Pradesh,BHIND,2007,Rabi,Urad,9,1,0.111111111
Madhya Pradesh,BHIND,2007,Rabi,Wheat,73949,102508,1.386198596
Madhya Pradesh,BHIND,2007,Whole Year,Coriander,7,1,0.142857143
Madhya Pradesh,BHIND,2007,Whole Year,Garlic,18,30,1.666666667
Madhya Pradesh,BHIND,2007,Whole Year,Onion,62,352,5.677419355
Madhya Pradesh,BHIND,2007,Whole Year,Potato,811,6603,8.141800247
Madhya Pradesh,BHIND,2007,Whole Year,Sesamum,20656,10549,0.51069907
Madhya Pradesh,BHIND,2007,Whole Year,Sugarcane,72,1820,25.27777778
Madhya Pradesh,BHIND,2007,Whole Year,Sweet potato,10,40,4
Madhya Pradesh,BHIND,2008,Kharif,Arhar/Tur,3559,1883,0.529081203
Madhya Pradesh,BHIND,2008,Kharif,Bajra,28334,30053,1.060669161
Madhya Pradesh,BHIND,2008,Kharif,Jowar,7061,7563,1.071094746
Madhya Pradesh,BHIND,2008,Kharif,Maize,2,2,1
Madhya Pradesh,BHIND,2008,Kharif,Rice,10279,17879,1.739371534
Madhya Pradesh,BHIND,2008,Kharif,Sannhamp,9,3,0.333333333
Madhya Pradesh,BHIND,2008,Kharif,Soyabean,2,1,0.5
Madhya Pradesh,BHIND,2008,Kharif,Urad,570,136,0.238596491
Madhya Pradesh,BHIND,2008,Rabi,Barley,5315,10697,2.012605833
Madhya Pradesh,BHIND,2008,Rabi,Gram,19903,24501,1.231020449
Madhya Pradesh,BHIND,2008,Rabi,Linseed,39,22,0.564102564
Madhya Pradesh,BHIND,2008,Rabi,Masoor,3974,2237,0.562908908
Madhya Pradesh,BHIND,2008,Rabi,Peas & beans (Pulses),3182,1668,0.524198617
Madhya Pradesh,BHIND,2008,Rabi,Rapeseed &Mustard,176708,226716,1.28299794
Madhya Pradesh,BHIND,2008,Rabi,Wheat,84124,177929,2.11508012
Madhya Pradesh,BHIND,2008,Whole Year,Coriander,1,,
Madhya Pradesh,BHIND,2008,Whole Year,Garlic,8,19,2.375
Madhya Pradesh,BHIND,2008,Whole Year,Onion,63,363,5.761904762
Madhya Pradesh,BHIND,2008,Whole Year,Potato,837,8577,10.24731183
Madhya Pradesh,BHIND,2008,Whole Year,Sesamum,8205,3870,0.47166362
Madhya Pradesh,BHIND,2008,Whole Year,Small millets,4,1,0.25
Madhya Pradesh,BHIND,2008,Whole Year,Sugarcane,29,550,18.96551724
Madhya Pradesh,BHIND,2008,Whole Year,Sweet potato,5,31,6.2
Madhya Pradesh,BHIND,2009,Kharif,Jowar,7182,9096,1.266499582
Madhya Pradesh,BHIND,2009,Kharif,Moong(Green Gram),1591,294,0.184789441
Madhya Pradesh,BHIND,2009,Kharif,Urad,407,106,0.26044226
Madhya Pradesh,BHIND,2009,Whole Year,Arhar/Tur,4063,2119,0.521535811
Madhya Pradesh,BHIND,2009,Whole Year,Bajra,33206,39657,1.194272119
Madhya Pradesh,BHIND,2009,Whole Year,Barley,5114,9282,1.815017599
Madhya Pradesh,BHIND,2009,Whole Year,Dry chillies,32,35,1.09375
Madhya Pradesh,BHIND,2009,Whole Year,Garlic,14,36,2.571428571
Madhya Pradesh,BHIND,2009,Whole Year,Gram,20692,26051,1.258988981
Madhya Pradesh,BHIND,2009,Whole Year,Linseed,58,36,0.620689655
Madhya Pradesh,BHIND,2009,Whole Year,Maize,1,1,1
Madhya Pradesh,BHIND,2009,Whole Year,Masoor,6664,3517,0.527761104
Madhya Pradesh,BHIND,2009,Whole Year,Onion,62,494,7.967741935
Madhya Pradesh,BHIND,2009,Whole Year,Peas & beans (Pulses),3130,1301,0.415654952
Madhya Pradesh,BHIND,2009,Whole Year,Potato,1217,11931,9.803615448
Madhya Pradesh,BHIND,2009,Whole Year,Rapeseed &Mustard,177555,224430,1.264002703
Madhya Pradesh,BHIND,2009,Whole Year,Rice,1627,3475,2.135832821
Madhya Pradesh,BHIND,2009,Whole Year,Sannhamp,3,1,0.333333333
Madhya Pradesh,BHIND,2009,Whole Year,Sesamum,10780,6250,0.579777365
Madhya Pradesh,BHIND,2009,Whole Year,Soyabean,1,2,2
Madhya Pradesh,BHIND,2009,Whole Year,Sugarcane,19,380,20
Madhya Pradesh,BHIND,2009,Whole Year,Sweet potato,3,18,6
Madhya Pradesh,BHIND,2009,Whole Year,Wheat,84642,214197,2.530623095
Madhya Pradesh,BHIND,2010,Kharif,Arhar/Tur,3759,1127,0.29981378
Madhya Pradesh,BHIND,2010,Kharif,Bajra,35363,50222,1.420184939
Madhya Pradesh,BHIND,2010,Kharif,Jowar,6250,10457,1.67312
Madhya Pradesh,BHIND,2010,Kharif,Maize,42,50,1.19047619
Madhya Pradesh,BHIND,2010,Kharif,Moong(Green Gram),1609,512,0.318210068
Madhya Pradesh,BHIND,2010,Kharif,Rice,5616,15345,2.732371795
Madhya Pradesh,BHIND,2010,Kharif,Soyabean,2,,
Madhya Pradesh,BHIND,2010,Kharif,Urad,472,144,0.305084746
Madhya Pradesh,BHIND,2010,Rabi,Barley,4447,9410,2.116033281
Madhya Pradesh,BHIND,2010,Rabi,Gram,17253,22412,1.29902046
Madhya Pradesh,BHIND,2010,Rabi,Linseed,26,11,0.423076923
Madhya Pradesh,BHIND,2010,Rabi,Masoor,6060,2173,0.358580858
Madhya Pradesh,BHIND,2010,Rabi,Moong(Green Gram),2,,
Madhya Pradesh,BHIND,2010,Rabi,Peas & beans (Pulses),2837,975,0.343672894
Madhya Pradesh,BHIND,2010,Rabi,Rapeseed &Mustard,180648,272959,1.510999291
Madhya Pradesh,BHIND,2010,Rabi,Wheat,89927,185215,2.059615021
Madhya Pradesh,BHIND,2010,Whole Year,Dry chillies,29,52,1.793103448
Madhya Pradesh,BHIND,2010,Whole Year,Garlic,5,8,1.6
Madhya Pradesh,BHIND,2010,Whole Year,Onion,118,824,6.983050847
Madhya Pradesh,BHIND,2010,Whole Year,Potato,932,8057,8.644849785
Madhya Pradesh,BHIND,2010,Whole Year,Sannhamp,5,11,2.2
Madhya Pradesh,BHIND,2010,Whole Year,Sesamum,9383,8161,0.869764468
Madhya Pradesh,BHIND,2010,Whole Year,Sugarcane,24,630,26.25
Madhya Pradesh,BHIND,2010,Whole Year,Sweet potato,2,8,4
Madhya Pradesh,BHIND,2011,Kharif,Arhar/Tur,3445,1318,0.382583454
Madhya Pradesh,BHIND,2011,Kharif,Bajra,33586,51991,1.547996189
Madhya Pradesh,BHIND,2011,Kharif,Barley,4443,11981,2.696601395
Madhya Pradesh,BHIND,2011,Kharif,Jowar,6274,9535,1.519764106
Madhya Pradesh,BHIND,2011,Kharif,Moong(Green Gram),1375,241,0.175272727
Madhya Pradesh,BHIND,2011,Kharif,Rice,5717,18814,3.290886829
Madhya Pradesh,BHIND,2011,Kharif,Sannhamp,4,6,1.5
Madhya Pradesh,BHIND,2011,Kharif,Soyabean,17,14,0.823529412
Madhya Pradesh,BHIND,2011,Kharif,Urad,509,89,0.174852652
Madhya Pradesh,BHIND,2011,Rabi,Gram,18807,21661,1.151752007
Madhya Pradesh,BHIND,2011,Rabi,Linseed,17,11,0.647058824
Madhya Pradesh,BHIND,2011,Rabi,Masoor,5309,1688,0.31795065
Madhya Pradesh,BHIND,2011,Rabi,Other  Rabi pulses,90,,
Madhya Pradesh,BHIND,2011,Rabi,Peas & beans (Pulses),2903,1126,0.387874612
Madhya Pradesh,BHIND,2011,Rabi,Rapeseed &Mustard,172917,201275,1.163997756
Madhya Pradesh,BHIND,2011,Rabi,Wheat,94557,303846,3.213363368
Madhya Pradesh,BHIND,2011,Whole Year,Dry chillies,30,29,0.966666667
Madhya Pradesh,BHIND,2011,Whole Year,Garlic,6,9,1.5
Madhya Pradesh,BHIND,2011,Whole Year,Onion,127,677,5.330708661
Madhya Pradesh,BHIND,2011,Whole Year,Potato,1096,9739,8.885948905
Madhya Pradesh,BHIND,2011,Whole Year,Sesamum,9520,6340,0.665966387
Madhya Pradesh,BHIND,2011,Whole Year,Sugarcane,26,510,19.61538462
Madhya Pradesh,BHIND,2011,Whole Year,Sweet potato,7,29,4.142857143
Madhya Pradesh,BHIND,2012,Kharif,Arhar/Tur,3672,1226,0.333877996
Madhya Pradesh,BHIND,2012,Kharif,Bajra,36918,60857,1.648437077
Madhya Pradesh,BHIND,2012,Kharif,Barley,4747,7184,1.51337687
Madhya Pradesh,BHIND,2012,Kharif,Jowar,6054,8198,1.354146019
Madhya Pradesh,BHIND,2012,Kharif,Moong(Green Gram),1541,312,0.202465931
Madhya Pradesh,BHIND,2012,Kharif,Rice,4623,12471,2.697598962
Madhya Pradesh,BHIND,2012,Kharif,Sannhamp,25,33,1.32
Madhya Pradesh,BHIND,2012,Kharif,Small millets,5,1,0.2
Madhya Pradesh,BHIND,2012,Kharif,Soyabean,3,2,0.666666667
Madhya Pradesh,BHIND,2012,Kharif,Urad,559,117,0.209302326
Madhya Pradesh,BHIND,2012,Rabi,Gram,15716,23123,1.471303131
Madhya Pradesh,BHIND,2012,Rabi,Masoor,3991,2701,0.676772739
Madhya Pradesh,BHIND,2012,Rabi,Peas & beans (Pulses),3222,4650,1.44320298
Madhya Pradesh,BHIND,2012,Rabi,Rapeseed &Mustard,182808,312053,1.7069986
Madhya Pradesh,BHIND,2012,Rabi,Wheat,94920,358415,3.775969237
Madhya Pradesh,BHIND,2012,Whole Year,Dry chillies,31,36,1.161290323
Madhya Pradesh,BHIND,2012,Whole Year,Garlic,3,6,2
Madhya Pradesh,BHIND,2012,Whole Year,Onion,119,1065,8.949579832
Madhya Pradesh,BHIND,2012,Whole Year,Potato,954,14919,15.63836478
Madhya Pradesh,BHIND,2012,Whole Year,Sesamum,10067,5754,0.571570478
Madhya Pradesh,BHIND,2012,Whole Year,Sugarcane,16,250,15.625
Madhya Pradesh,BHIND,2012,Whole Year,Sweet potato,7,31,4.428571429
Madhya Pradesh,BHIND,2013,Kharif,Arhar/Tur,3261,4226,1.295921496
Madhya Pradesh,BHIND,2013,Kharif,Bajra,29763,84759,2.847797601
Madhya Pradesh,BHIND,2013,Kharif,Barley,4492,17184,3.825467498
Madhya Pradesh,BHIND,2013,Kharif,Jowar,4858,11983,2.466652944
Madhya Pradesh,BHIND,2013,Kharif,Moong(Green Gram),1189,1496,1.258200168
Madhya Pradesh,BHIND,2013,Kharif,Other Kharif pulses,36,,
Madhya Pradesh,BHIND,2013,Kharif,Rice,4800,20805,4.334375
Madhya Pradesh,BHIND,2013,Kharif,Sannhamp,103,133,1.291262136
Madhya Pradesh,BHIND,2013,Kharif,Soyabean,124,140,1.129032258
Madhya Pradesh,BHIND,2013,Kharif,Urad,536,197,0.367537313
Madhya Pradesh,BHIND,2013,Rabi,Gram,13004,13566,1.043217472
Madhya Pradesh,BHIND,2013,Rabi,Khesari,86,43,0.5
Madhya Pradesh,BHIND,2013,Rabi,Masoor,3531,2593,0.734352875
Madhya Pradesh,BHIND,2013,Rabi,Other  Rabi pulses,12,,
Madhya Pradesh,BHIND,2013,Rabi,Peas & beans (Pulses),4172,6718,1.610258869
Madhya Pradesh,BHIND,2013,Rabi,Rapeseed &Mustard,184782,156141,0.845001136
Madhya Pradesh,BHIND,2013,Rabi,Wheat,104177,370227,3.55382666
Madhya Pradesh,BHIND,2013,Whole Year,Dry chillies,12,8,0.666666667
Madhya Pradesh,BHIND,2013,Whole Year,Garlic,3,5,1.666666667
Madhya Pradesh,BHIND,2013,Whole Year,Onion,29,205,7.068965517
Madhya Pradesh,BHIND,2013,Whole Year,Potato,803,8971,11.17185554
Madhya Pradesh,BHIND,2013,Whole Year,Sesamum,8500,7389,0.869294118
Madhya Pradesh,BHIND,2013,Whole Year,Sugarcane,30,840,28
Madhya Pradesh,BHIND,2013,Whole Year,Sweet potato,2,9,4.5
Madhya Pradesh,BHOPAL,1997,Kharif,Arhar/Tur,800,500,0.625
Madhya Pradesh,BHOPAL,1997,Kharif,Groundnut,200,200,1
Madhya Pradesh,BHOPAL,1997,Kharif,Jowar,3000,2600,0.866666667
Madhya Pradesh,BHOPAL,1997,Kharif,Maize,2100,1200,0.571428571
Madhya Pradesh,BHOPAL,1997,Kharif,Paddy,600,400,0.666666667
Madhya Pradesh,BHOPAL,1997,Kharif,Soyabean,74700,68200,0.912985274
Madhya Pradesh,BHOPAL,1997,Rabi,Linseed,800,500,0.625
Madhya Pradesh,BHOPAL,1997,Rabi,Rapeseed &Mustard,200,100,0.5
Madhya Pradesh,BHOPAL,1997,Rabi,Wheat,78800,129500,1.643401015
Madhya Pradesh,BHOPAL,1998,Kharif,Arhar/Tur,1000,600,0.6
Madhya Pradesh,BHOPAL,1998,Kharif,Groundnut,200,200,1
Madhya Pradesh,BHOPAL,1998,Kharif,Jowar,2400,2900,1.208333333
Madhya Pradesh,BHOPAL,1998,Kharif,Maize,2100,2100,1
Madhya Pradesh,BHOPAL,1998,Kharif,Rice,600,300,0.5
Madhya Pradesh,BHOPAL,1998,Kharif,Sesamum,100,,
Madhya Pradesh,BHOPAL,1998,Kharif,Soyabean,77800,59400,0.763496144
Madhya Pradesh,BHOPAL,1998,Rabi,Gram,40000,39400,0.985
Madhya Pradesh,BHOPAL,1998,Rabi,Linseed,800,400,0.5
Madhya Pradesh,BHOPAL,1998,Rabi,Rapeseed &Mustard,200,200,1
Madhya Pradesh,BHOPAL,1998,Rabi,Wheat,78200,130800,1.672634271
Madhya Pradesh,BHOPAL,1998,Whole Year,Sugarcane,576,7460,12.95138889
Madhya Pradesh,BHOPAL,1999,Kharif,Arhar/Tur,926,585,0.63174946
Madhya Pradesh,BHOPAL,1999,Kharif,Dry ginger,13,12,0.923076923
Madhya Pradesh,BHOPAL,1999,Kharif,Groundnut,200,165,0.825
Madhya Pradesh,BHOPAL,1999,Kharif,Jowar,1949,1937,0.993842996
Madhya Pradesh,BHOPAL,1999,Kharif,Maize,2116,2683,1.267958412
Madhya Pradesh,BHOPAL,1999,Kharif,Other Kharif pulses,461,148,0.321041215
Madhya Pradesh,BHOPAL,1999,Kharif,Rice,617,485,0.786061588
Madhya Pradesh,BHOPAL,1999,Kharif,Sesamum,77,16,0.207792208
Madhya Pradesh,BHOPAL,1999,Kharif,Soyabean,81731,78153,0.956222241
Madhya Pradesh,BHOPAL,1999,Kharif,Sunflower,7,3,0.428571429
Madhya Pradesh,BHOPAL,1999,Kharif,Urad,232,76,0.327586207
Madhya Pradesh,BHOPAL,1999,Rabi,Barley,8,10,1.25
Madhya Pradesh,BHOPAL,1999,Rabi,Gram,40392,37823,0.936398297
Madhya Pradesh,BHOPAL,1999,Rabi,Linseed,719,448,0.623087622
Madhya Pradesh,BHOPAL,1999,Rabi,Other  Rabi pulses,6085,3500,0.575184881
Madhya Pradesh,BHOPAL,1999,Rabi,Rapeseed &Mustard,210,136,0.647619048
Madhya Pradesh,BHOPAL,1999,Rabi,Safflower,8,1,0.125
Madhya Pradesh,BHOPAL,1999,Rabi,Wheat,79650,149570,1.877840552
Madhya Pradesh,BHOPAL,1999,Whole Year,Coriander,1128,470,0.416666667
Madhya Pradesh,BHOPAL,1999,Whole Year,Dry chillies,155,76,0.490322581
Madhya Pradesh,BHOPAL,1999,Whole Year,Garlic,210,569,2.70952381
Madhya Pradesh,BHOPAL,1999,Whole Year,Onion,581,6850,11.79001721
Madhya Pradesh,BHOPAL,1999,Whole Year,Potato,108,1188,11
Madhya Pradesh,BHOPAL,1999,Whole Year,Sannhamp,85,156,1.835294118
Madhya Pradesh,BHOPAL,1999,Whole Year,Sugarcane,532,12500,23.4962406
Madhya Pradesh,BHOPAL,1999,Whole Year,Sweet potato,8,47,5.875
Madhya Pradesh,BHOPAL,2000,Kharif,Arhar/Tur,924,658,0.712121212
Madhya Pradesh,BHOPAL,2000,Kharif,Dry ginger,11,8,0.727272727
Madhya Pradesh,BHOPAL,2000,Kharif,Groundnut,227,344,1.515418502
Madhya Pradesh,BHOPAL,2000,Kharif,Jowar,1426,1638,1.148667602
Madhya Pradesh,BHOPAL,2000,Kharif,Maize,2171,3407,1.569322893
Madhya Pradesh,BHOPAL,2000,Kharif,Niger seed,1,0,0
Madhya Pradesh,BHOPAL,2000,Kharif,Other Kharif pulses,472,181,0.383474576
Madhya Pradesh,BHOPAL,2000,Kharif,Rice,662,396,0.598187311
Madhya Pradesh,BHOPAL,2000,Kharif,Sesamum,109,39,0.357798165
Madhya Pradesh,BHOPAL,2000,Kharif,Soyabean,81954,98440,1.201161627
Madhya Pradesh,BHOPAL,2000,Rabi,Barley,6,6,1
Madhya Pradesh,BHOPAL,2000,Rabi,Gram,31251,27959,0.894659371
Madhya Pradesh,BHOPAL,2000,Rabi,Linseed,513,411,0.801169591
Madhya Pradesh,BHOPAL,2000,Rabi,Other  Rabi pulses,4490,2413,0.537416481
Madhya Pradesh,BHOPAL,2000,Rabi,Rapeseed &Mustard,133,75,0.563909774
Madhya Pradesh,BHOPAL,2000,Rabi,Safflower,7,1,0.142857143
Madhya Pradesh,BHOPAL,2000,Rabi,Wheat,61168,100407,1.641495553
Madhya Pradesh,BHOPAL,2000,Whole Year,Coriander,508,206,0.405511811
Madhya Pradesh,BHOPAL,2000,Whole Year,Dry chillies,161,73,0.453416149
Madhya Pradesh,BHOPAL,2000,Whole Year,Garlic,215,467,2.172093023
Madhya Pradesh,BHOPAL,2000,Whole Year,Onion,564,6677,11.83865248
Madhya Pradesh,BHOPAL,2000,Whole Year,Sannhamp,111,239,2.153153153
Madhya Pradesh,BHOPAL,2000,Whole Year,Sugarcane,693,9910,14.3001443
Madhya Pradesh,BHOPAL,2001,Kharif,Arhar/Tur,930,650,0.698924731
Madhya Pradesh,BHOPAL,2001,Kharif,Dry ginger,3,3,1
Madhya Pradesh,BHOPAL,2001,Kharif,Groundnut,240,274,1.141666667
Madhya Pradesh,BHOPAL,2001,Kharif,Jowar,1727,1746,1.011001737
Madhya Pradesh,BHOPAL,2001,Kharif,Maize,2341,3946,1.685604443
Madhya Pradesh,BHOPAL,2001,Kharif,Other Kharif pulses,527,154,0.292220114
Madhya Pradesh,BHOPAL,2001,Kharif,Rice,634,407,0.641955836
Madhya Pradesh,BHOPAL,2001,Kharif,Sesamum,94,32,0.340425532
Madhya Pradesh,BHOPAL,2001,Kharif,Soyabean,83994,82770,0.985427531
Madhya Pradesh,BHOPAL,2001,Rabi,Barley,2,3,1.5
Madhya Pradesh,BHOPAL,2001,Rabi,Gram,35940,35152,0.978074569
Madhya Pradesh,BHOPAL,2001,Rabi,Linseed,526,372,0.707224335
Madhya Pradesh,BHOPAL,2001,Rabi,Other  Rabi pulses,4621,2232,0.483012335
Madhya Pradesh,BHOPAL,2001,Rabi,Rapeseed &Mustard,146,102,0.698630137
Madhya Pradesh,BHOPAL,2001,Rabi,Safflower,6,1,0.166666667
Madhya Pradesh,BHOPAL,2001,Rabi,Wheat,64554,109679,1.699027171
Madhya Pradesh,BHOPAL,2001,Whole Year,Coriander,569,197,0.346221441
Madhya Pradesh,BHOPAL,2001,Whole Year,Dry chillies,174,103,0.591954023
Madhya Pradesh,BHOPAL,2001,Whole Year,Garlic,213,385,1.807511737
Madhya Pradesh,BHOPAL,2001,Whole Year,Onion,638,6407,10.04231975
Madhya Pradesh,BHOPAL,2001,Whole Year,Potato,53,642,12.11320755
Madhya Pradesh,BHOPAL,2001,Whole Year,Sannhamp,86,155,1.802325581
Madhya Pradesh,BHOPAL,2001,Whole Year,Sugarcane,228,4940,21.66666667
Madhya Pradesh,BHOPAL,2001,Whole Year,Sweet potato,5,25,5
Madhya Pradesh,BHOPAL,2002,Kharif,Arhar/Tur,1058,590,0.557655955
Madhya Pradesh,BHOPAL,2002,Kharif,Dry ginger,6,5,0.833333333
Madhya Pradesh,BHOPAL,2002,Kharif,Groundnut,296,266,0.898648649
Madhya Pradesh,BHOPAL,2002,Kharif,Jowar,2515,2559,1.01749503
Madhya Pradesh,BHOPAL,2002,Kharif,Maize,2662,4906,1.842975207
Madhya Pradesh,BHOPAL,2002,Kharif,Other Kharif pulses,580,184,0.317241379
Madhya Pradesh,BHOPAL,2002,Kharif,Rice,699,426,0.60944206
Madhya Pradesh,BHOPAL,2002,Kharif,Sesamum,132,38,0.287878788
Madhya Pradesh,BHOPAL,2002,Kharif,Soyabean,84692,77632,0.916639116
Madhya Pradesh,BHOPAL,2002,Rabi,Gram,31754,29484,0.928512943
Madhya Pradesh,BHOPAL,2002,Rabi,Linseed,455,335,0.736263736
Madhya Pradesh,BHOPAL,2002,Rabi,Other  Rabi pulses,4008,1720,0.429141717
Madhya Pradesh,BHOPAL,2002,Rabi,Rapeseed &Mustard,156,102,0.653846154
Madhya Pradesh,BHOPAL,2002,Rabi,Safflower,7,1,0.142857143
Madhya Pradesh,BHOPAL,2002,Rabi,Wheat,58060,88090,1.517223562
Madhya Pradesh,BHOPAL,2002,Whole Year,Bhindi,209,0,0
Madhya Pradesh,BHOPAL,2002,Whole Year,Brinjal,393,0,0
Madhya Pradesh,BHOPAL,2002,Whole Year,Cabbage,4,0,0
Madhya Pradesh,BHOPAL,2002,Whole Year,Cauliflower,113,0,0
Madhya Pradesh,BHOPAL,2002,Whole Year,Citrus Fruit,2,0,0
Madhya Pradesh,BHOPAL,2002,Whole Year,Coriander,386,134,0.347150259
Madhya Pradesh,BHOPAL,2002,Whole Year,Dry chillies,179,87,0.48603352
Madhya Pradesh,BHOPAL,2002,Whole Year,Garlic,206,372,1.805825243
Madhya Pradesh,BHOPAL,2002,Whole Year,Mango,94,0,0
Madhya Pradesh,BHOPAL,2002,Whole Year,Onion,615,5932,9.645528455
Madhya Pradesh,BHOPAL,2002,Whole Year,Other Vegetables,581,0,0
Madhya Pradesh,BHOPAL,2002,Whole Year,Papaya,1,0,0
Madhya Pradesh,BHOPAL,2002,Whole Year,Pome Fruit,3,0,0
Madhya Pradesh,BHOPAL,2002,Whole Year,Potato,76,878,11.55263158
Madhya Pradesh,BHOPAL,2002,Whole Year,Sannhamp,61,111,1.819672131
Madhya Pradesh,BHOPAL,2002,Whole Year,Sugarcane,256,5090,19.8828125
Madhya Pradesh,BHOPAL,2002,Whole Year,Sweet potato,4,22,5.5
Madhya Pradesh,BHOPAL,2002,Whole Year,Tomato,565,0,0
Madhya Pradesh,BHOPAL,2003,Kharif,Arhar/Tur,1196,643,0.537625418
Madhya Pradesh,BHOPAL,2003,Kharif,Dry ginger,6,5,0.833333333
Madhya Pradesh,BHOPAL,2003,Kharif,Groundnut,401,424,1.057356608
Madhya Pradesh,BHOPAL,2003,Kharif,Jowar,3170,3711,1.170662461
Madhya Pradesh,BHOPAL,2003,Kharif,Maize,2926,4584,1.566643882
Madhya Pradesh,BHOPAL,2003,Kharif,Other Kharif pulses,565,181,0.320353982
Madhya Pradesh,BHOPAL,2003,Kharif,Rice,593,410,0.691399663
Madhya Pradesh,BHOPAL,2003,Kharif,Sesamum,191,68,0.356020942
Madhya Pradesh,BHOPAL,2003,Kharif,Soyabean,86430,91994,1.064375795
Madhya Pradesh,BHOPAL,2003,Kharif,Urad,293,93,0.317406143
Madhya Pradesh,BHOPAL,2003,Rabi,Barley,2,3,1.5
Madhya Pradesh,BHOPAL,2003,Rabi,Gram,34645,34451,0.994400346
Madhya Pradesh,BHOPAL,2003,Rabi,Linseed,372,281,0.755376344
Madhya Pradesh,BHOPAL,2003,Rabi,Other  Rabi pulses,3937,1855,0.471170942
Madhya Pradesh,BHOPAL,2003,Rabi,other misc. pulses,3,0.01,0.003333333
Madhya Pradesh,BHOPAL,2003,Rabi,Rapeseed &Mustard,175,138,0.788571429
Madhya Pradesh,BHOPAL,2003,Rabi,Safflower,7,1,0.142857143
Madhya Pradesh,BHOPAL,2003,Rabi,Wheat,65577,108227,1.650380469
Madhya Pradesh,BHOPAL,2003,Whole Year,Bhindi,260,0,0
Madhya Pradesh,BHOPAL,2003,Whole Year,Brinjal,445,0,0
Madhya Pradesh,BHOPAL,2003,Whole Year,Cabbage,7,0,0
Madhya Pradesh,BHOPAL,2003,Whole Year,Cauliflower,103,0,0
Madhya Pradesh,BHOPAL,2003,Whole Year,Coriander,614,221,0.359934853
Madhya Pradesh,BHOPAL,2003,Whole Year,Dry chillies,202,117,0.579207921
Madhya Pradesh,BHOPAL,2003,Whole Year,Garlic,256,555,2.16796875
Madhya Pradesh,BHOPAL,2003,Whole Year,Mango,75,0,0
Madhya Pradesh,BHOPAL,2003,Whole Year,Onion,748,8103,10.8328877
Madhya Pradesh,BHOPAL,2003,Whole Year,Orange,2,0,0
Madhya Pradesh,BHOPAL,2003,Whole Year,Other Vegetables,735,0,0
Madhya Pradesh,BHOPAL,2003,Whole Year,Papaya,2,0,0
Madhya Pradesh,BHOPAL,2003,Whole Year,Pome Fruit,4,0,0
Madhya Pradesh,BHOPAL,2003,Whole Year,Potato,73,848,11.61643836
Madhya Pradesh,BHOPAL,2003,Whole Year,Sannhamp,44,78,1.772727273
Madhya Pradesh,BHOPAL,2003,Whole Year,Sugarcane,260,5640,21.69230769
Madhya Pradesh,BHOPAL,2003,Whole Year,Sweet potato,1,5,5
Madhya Pradesh,BHOPAL,2003,Whole Year,Tomato,625,0,0
Madhya Pradesh,BHOPAL,2004,Kharif,Arhar/Tur,1012,556,0.549407115
Madhya Pradesh,BHOPAL,2004,Kharif,Cotton(lint),13,10,0.769230769
Madhya Pradesh,BHOPAL,2004,Kharif,Dry ginger,9,8,0.888888889
Madhya Pradesh,BHOPAL,2004,Kharif,Groundnut,413,424,1.026634383
Madhya Pradesh,BHOPAL,2004,Kharif,Jowar,2691,3297,1.225195095
Madhya Pradesh,BHOPAL,2004,Kharif,Maize,2938,3819,1.299863853
Madhya Pradesh,BHOPAL,2004,Kharif,Rice,601,376,0.62562396
Madhya Pradesh,BHOPAL,2004,Kharif,Sesamum,276,114,0.413043478
Madhya Pradesh,BHOPAL,2004,Kharif,Soyabean,89662,88624,0.988423189
Madhya Pradesh,BHOPAL,2004,Kharif,Urad,290,94,0.324137931
Madhya Pradesh,BHOPAL,2004,Rabi,Gram,34250,32671,0.95389781
Madhya Pradesh,BHOPAL,2004,Rabi,Linseed,377,322,0.854111406
Madhya Pradesh,BHOPAL,2004,Rabi,Masoor,3414,1653,0.484182777
Madhya Pradesh,BHOPAL,2004,Rabi,Rapeseed &Mustard,168,140,0.833333333
Madhya Pradesh,BHOPAL,2004,Rabi,Safflower,6,1,0.166666667
Madhya Pradesh,BHOPAL,2004,Rabi,Wheat,67233,135360,2.013297042
Madhya Pradesh,BHOPAL,2004,Whole Year,Coriander,667,235,0.352323838
Madhya Pradesh,BHOPAL,2004,Whole Year,Garlic,265,594,2.241509434
Madhya Pradesh,BHOPAL,2004,Whole Year,Onion,832,11195,13.45552885
Madhya Pradesh,BHOPAL,2004,Whole Year,Potato,70,910,13
Madhya Pradesh,BHOPAL,2004,Whole Year,Sugarcane,220,4850,22.04545455
Madhya Pradesh,BHOPAL,2004,Whole Year,Sweet potato,2,11,5.5
Madhya Pradesh,BHOPAL,2005,Kharif,Arhar/Tur,976,593,0.607581967
Madhya Pradesh,BHOPAL,2005,Kharif,Groundnut,426,467,1.096244131
Madhya Pradesh,BHOPAL,2005,Kharif,Jowar,1751,2086,1.191319246
Madhya Pradesh,BHOPAL,2005,Kharif,Maize,2851,3434,1.204489653
Madhya Pradesh,BHOPAL,2005,Kharif,Moong(Green Gram),260,83,0.319230769
Madhya Pradesh,BHOPAL,2005,Kharif,Rice,588,382,0.649659864
Madhya Pradesh,BHOPAL,2005,Kharif,Sesamum,189,71,0.375661376
Madhya Pradesh,BHOPAL,2005,Kharif,Soyabean,90623,105066,1.159374552
Madhya Pradesh,BHOPAL,2005,Kharif,Urad,248,83,0.334677419
Madhya Pradesh,BHOPAL,2005,Rabi,Gram,35124,37465,1.066649584
Madhya Pradesh,BHOPAL,2005,Rabi,Linseed,338,296,0.875739645
Madhya Pradesh,BHOPAL,2005,Rabi,Masoor,3686,1845,0.500542594
Madhya Pradesh,BHOPAL,2005,Rabi,Peas & beans (Pulses),708,256,0.361581921
Madhya Pradesh,BHOPAL,2005,Rabi,Rapeseed &Mustard,184,157,0.85326087
Madhya Pradesh,BHOPAL,2005,Rabi,Urad,1,,
Madhya Pradesh,BHOPAL,2005,Rabi,Wheat,69462,122904,1.769370303
Madhya Pradesh,BHOPAL,2005,Whole Year,Onion,852,10042,11.78638498
Madhya Pradesh,BHOPAL,2005,Whole Year,Potato,97,1123,11.57731959
Madhya Pradesh,BHOPAL,2005,Whole Year,Sugarcane,243,5560,22.88065844
Madhya Pradesh,BHOPAL,2006,Kharif,Arhar/Tur,859,479,0.557625146
Madhya Pradesh,BHOPAL,2006,Kharif,Dry ginger,10,9,0.9
Madhya Pradesh,BHOPAL,2006,Kharif,Groundnut,377,382,1.013262599
Madhya Pradesh,BHOPAL,2006,Kharif,Jowar,1530,1941,1.268627451
Madhya Pradesh,BHOPAL,2006,Kharif,Jute,44,83,1.886363636
Madhya Pradesh,BHOPAL,2006,Kharif,Maize,2828,2474,0.874823197
Madhya Pradesh,BHOPAL,2006,Kharif,Moong(Green Gram),339,111,0.327433628
Madhya Pradesh,BHOPAL,2006,Kharif,Other Kharif pulses,28,9,0.321428571
Madhya Pradesh,BHOPAL,2006,Kharif,Rice,599,411,0.686143573
Madhya Pradesh,BHOPAL,2006,Kharif,Soyabean,92321,95412,1.033481006
Madhya Pradesh,BHOPAL,2006,Kharif,Urad,273,94,0.344322344
Madhya Pradesh,BHOPAL,2006,Rabi,Gram,35735,36345,1.017070099
Madhya Pradesh,BHOPAL,2006,Rabi,Khesari,204,154,0.754901961
Madhya Pradesh,BHOPAL,2006,Rabi,Linseed,280,255,0.910714286
Madhya Pradesh,BHOPAL,2006,Rabi,Masoor,3835,1857,0.48422425
Madhya Pradesh,BHOPAL,2006,Rabi,Other  Rabi pulses,2,1,0.5
Madhya Pradesh,BHOPAL,2006,Rabi,Peas & beans (Pulses),732,274,0.37431694
Madhya Pradesh,BHOPAL,2006,Rabi,Rapeseed &Mustard,169,152,0.899408284
Madhya Pradesh,BHOPAL,2006,Rabi,Wheat,70375,127302,1.808909414
Madhya Pradesh,BHOPAL,2006,Whole Year,Coriander,672,257,0.382440476
Madhya Pradesh,BHOPAL,2006,Whole Year,Dry chillies,195,140,0.717948718
Madhya Pradesh,BHOPAL,2006,Whole Year,Garlic,145,352,2.427586207
Madhya Pradesh,BHOPAL,2006,Whole Year,Onion,1036,13434,12.96718147
Madhya Pradesh,BHOPAL,2006,Whole Year,Potato,80,948,11.85
Madhya Pradesh,BHOPAL,2006,Whole Year,Sesamum,164,50,0.304878049
Madhya Pradesh,BHOPAL,2006,Whole Year,Sugarcane,277,7330,26.46209386
Madhya Pradesh,BHOPAL,2006,Whole Year,Sweet potato,4,22,5.5
Madhya Pradesh,BHOPAL,2007,Kharif,Arhar/Tur,792,439,0.554292929
Madhya Pradesh,BHOPAL,2007,Kharif,Groundnut,406,464,1.142857143
Madhya Pradesh,BHOPAL,2007,Kharif,Jowar,1322,1748,1.322239032
Madhya Pradesh,BHOPAL,2007,Kharif,Maize,3031,3508,1.157373804
Madhya Pradesh,BHOPAL,2007,Kharif,Rice,564,416,0.737588652
Madhya Pradesh,BHOPAL,2007,Kharif,Sannhamp,27,10,0.37037037
Madhya Pradesh,BHOPAL,2007,Kharif,Soyabean,96061,119660,1.245666816
Madhya Pradesh,BHOPAL,2007,Kharif,Urad,259,87,0.335907336
Madhya Pradesh,BHOPAL,2007,Rabi,Gram,35566,31677,0.890653995
Madhya Pradesh,BHOPAL,2007,Rabi,Khesari,297,183,0.616161616
Madhya Pradesh,BHOPAL,2007,Rabi,Linseed,264,234,0.886363636
Madhya Pradesh,BHOPAL,2007,Rabi,Masoor,3359,1708,0.508484668
Madhya Pradesh,BHOPAL,2007,Rabi,Peas & beans (Pulses),683,255,0.373352855
Madhya Pradesh,BHOPAL,2007,Rabi,Rapeseed &Mustard,149,125,0.838926174
Madhya Pradesh,BHOPAL,2007,Rabi,Urad,4,1,0.25
Madhya Pradesh,BHOPAL,2007,Rabi,Wheat,68225,120087,1.760161231
Madhya Pradesh,BHOPAL,2007,Whole Year,Coriander,1347,525,0.389755011
Madhya Pradesh,BHOPAL,2007,Whole Year,Garlic,372,811,2.180107527
Madhya Pradesh,BHOPAL,2007,Whole Year,Onion,941,9048,9.615302869
Madhya Pradesh,BHOPAL,2007,Whole Year,Potato,109,1212,11.11926606
Madhya Pradesh,BHOPAL,2007,Whole Year,Sesamum,129,55,0.426356589
Madhya Pradesh,BHOPAL,2007,Whole Year,Sugarcane,235,5960,25.36170213
Madhya Pradesh,BHOPAL,2007,Whole Year,Sweet potato,2,11,5.5
Madhya Pradesh,BHOPAL,2008,Kharif,Arhar/Tur,967,603,0.623578077
Madhya Pradesh,BHOPAL,2008,Kharif,Groundnut,377,446,1.183023873
Madhya Pradesh,BHOPAL,2008,Kharif,Jowar,854,1244,1.456674473
Madhya Pradesh,BHOPAL,2008,Kharif,Maize,2851,3280,1.150473518
Madhya Pradesh,BHOPAL,2008,Kharif,Rice,522,365,0.699233716
Madhya Pradesh,BHOPAL,2008,Kharif,Sannhamp,21,7,0.333333333
Madhya Pradesh,BHOPAL,2008,Kharif,Soyabean,103983,138043,1.327553542
Madhya Pradesh,BHOPAL,2008,Kharif,Urad,291,100,0.343642612
Madhya Pradesh,BHOPAL,2008,Rabi,Gram,35071,31960,0.911294232
Madhya Pradesh,BHOPAL,2008,Rabi,Khesari,370,285,0.77027027
Madhya Pradesh,BHOPAL,2008,Rabi,Linseed,222,201,0.905405405
Madhya Pradesh,BHOPAL,2008,Rabi,Masoor,3081,1517,0.492372606
Madhya Pradesh,BHOPAL,2008,Rabi,Peas & beans (Pulses),723,266,0.36791148
Madhya Pradesh,BHOPAL,2008,Rabi,Rapeseed &Mustard,152,135,0.888157895
Madhya Pradesh,BHOPAL,2008,Rabi,Wheat,67395,126748,1.88067364
Madhya Pradesh,BHOPAL,2008,Whole Year,Coriander,1306,517,0.395865237
Madhya Pradesh,BHOPAL,2008,Whole Year,Garlic,310,753,2.429032258
Madhya Pradesh,BHOPAL,2008,Whole Year,Onion,829,8898,10.73341375
Madhya Pradesh,BHOPAL,2008,Whole Year,Potato,77,776,10.07792208
Madhya Pradesh,BHOPAL,2008,Whole Year,Sesamum,120,48,0.4
Madhya Pradesh,BHOPAL,2008,Whole Year,Sugarcane,206,4410,21.40776699
Madhya Pradesh,BHOPAL,2008,Whole Year,Sweet potato,3,16,5.333333333
Madhya Pradesh,BHOPAL,2009,Kharif,Cowpea(Lobia),7,3,0.428571429
Madhya Pradesh,BHOPAL,2009,Kharif,Jowar,609,944,1.550082102
Madhya Pradesh,BHOPAL,2009,Kharif,Moong(Green Gram),308,99,0.321428571
Madhya Pradesh,BHOPAL,2009,Kharif,Urad,293,100,0.341296928
Madhya Pradesh,BHOPAL,2009,Rabi,Moong(Green Gram),2,1,0.5
Madhya Pradesh,BHOPAL,2009,Whole Year,Arhar/Tur,1651,1103,0.668079952
Madhya Pradesh,BHOPAL,2009,Whole Year,Coriander,984,465,0.472560976
Madhya Pradesh,BHOPAL,2009,Whole Year,Dry chillies,198,319,1.611111111
Madhya Pradesh,BHOPAL,2009,Whole Year,Dry ginger,4,4,1
Madhya Pradesh,BHOPAL,2009,Whole Year,Garlic,285,744,2.610526316
Madhya Pradesh,BHOPAL,2009,Whole Year,Gram,37919,40835,1.076900762
Madhya Pradesh,BHOPAL,2009,Whole Year,Groundnut,373,433,1.160857909
Madhya Pradesh,BHOPAL,2009,Whole Year,Khesari,324,240,0.740740741
Madhya Pradesh,BHOPAL,2009,Whole Year,Linseed,173,176,1.01734104
Madhya Pradesh,BHOPAL,2009,Whole Year,Maize,2756,2774,1.006531205
Madhya Pradesh,BHOPAL,2009,Whole Year,Masoor,3106,1655,0.532839665
Madhya Pradesh,BHOPAL,2009,Whole Year,Onion,805,9499,11.8
Madhya Pradesh,BHOPAL,2009,Whole Year,Peas & beans (Pulses),692,271,0.391618497
Madhya Pradesh,BHOPAL,2009,Whole Year,Potato,100,981,9.81
Madhya Pradesh,BHOPAL,2009,Whole Year,Rapeseed &Mustard,83,84,1.012048193
Madhya Pradesh,BHOPAL,2009,Whole Year,Rice,503,345,0.685884692
Madhya Pradesh,BHOPAL,2009,Whole Year,Sannhamp,13,4,0.307692308
Madhya Pradesh,BHOPAL,2009,Whole Year,Sesamum,83,32,0.385542169
Madhya Pradesh,BHOPAL,2009,Whole Year,Soyabean,103292,137770,1.333791581
Madhya Pradesh,BHOPAL,2009,Whole Year,Sugarcane,233,5670,24.33476395
Madhya Pradesh,BHOPAL,2009,Whole Year,Sweet potato,1,5,5
Madhya Pradesh,BHOPAL,2009,Whole Year,Wheat,72028,147055,2.041636586
Madhya Pradesh,BHOPAL,2010,Kharif,Arhar/Tur,2590,254,0.098069498
Madhya Pradesh,BHOPAL,2010,Kharif,Cowpea(Lobia),23,6,0.260869565
Madhya Pradesh,BHOPAL,2010,Kharif,Groundnut,319,479,1.501567398
Madhya Pradesh,BHOPAL,2010,Kharif,Jowar,237,474,2
Madhya Pradesh,BHOPAL,2010,Kharif,Maize,2682,3800,1.416853095
Madhya Pradesh,BHOPAL,2010,Kharif,Moong(Green Gram),303,100,0.330033003
Madhya Pradesh,BHOPAL,2010,Kharif,Rice,461,437,0.947939262
Madhya Pradesh,BHOPAL,2010,Kharif,Soyabean,106792,123504,1.156491123
Madhya Pradesh,BHOPAL,2010,Kharif,Urad,291,105,0.360824742
Madhya Pradesh,BHOPAL,2010,Rabi,Barley,1,2,2
Madhya Pradesh,BHOPAL,2010,Rabi,Cowpea(Lobia),14,3,0.214285714
Madhya Pradesh,BHOPAL,2010,Rabi,Gram,36553,23852,0.65253194
Madhya Pradesh,BHOPAL,2010,Rabi,Khesari,343,159,0.463556851
Madhya Pradesh,BHOPAL,2010,Rabi,Linseed,107,75,0.700934579
Madhya Pradesh,BHOPAL,2010,Rabi,Masoor,2827,834,0.295012381
Madhya Pradesh,BHOPAL,2010,Rabi,Moong(Green Gram),2,,
Madhya Pradesh,BHOPAL,2010,Rabi,Peas & beans (Pulses),706,159,0.225212465
Madhya Pradesh,BHOPAL,2010,Rabi,Rapeseed &Mustard,81,73,0.901234568
Madhya Pradesh,BHOPAL,2010,Rabi,Wheat,75338,127546,1.69298362
Madhya Pradesh,BHOPAL,2010,Whole Year,Coriander,1806,576,0.318936877
Madhya Pradesh,BHOPAL,2010,Whole Year,Dry chillies,152,270,1.776315789
Madhya Pradesh,BHOPAL,2010,Whole Year,Dry ginger,16,18,1.125
Madhya Pradesh,BHOPAL,2010,Whole Year,Garlic,228,475,2.083333333
Madhya Pradesh,BHOPAL,2010,Whole Year,Onion,644,3397,5.27484472
Madhya Pradesh,BHOPAL,2010,Whole Year,Potato,63,516,8.19047619
Madhya Pradesh,BHOPAL,2010,Whole Year,Sannhamp,2,6,3
Madhya Pradesh,BHOPAL,2010,Whole Year,Sesamum,47,25,0.531914894
Madhya Pradesh,BHOPAL,2010,Whole Year,Sugarcane,236,4970,21.05932203
Madhya Pradesh,BHOPAL,2010,Whole Year,Sweet potato,1,4,4
Madhya Pradesh,BHOPAL,2011,Kharif,Arhar/Tur,2715,2819,1.038305709
Madhya Pradesh,BHOPAL,2011,Kharif,Groundnut,332,530,1.596385542
Madhya Pradesh,BHOPAL,2011,Kharif,Jowar,116,171,1.474137931
Madhya Pradesh,BHOPAL,2011,Kharif,Maize,2803,3831,1.366749911
Madhya Pradesh,BHOPAL,2011,Kharif,Moong(Green Gram),263,73,0.27756654
Madhya Pradesh,BHOPAL,2011,Kharif,Other Kharif pulses,9,2,0.222222222
Madhya Pradesh,BHOPAL,2011,Kharif,Rice,460,760,1.652173913
Madhya Pradesh,BHOPAL,2011,Kharif,Sannhamp,12,22,1.833333333
Madhya Pradesh,BHOPAL,2011,Kharif,Soyabean,107712,128755,1.195363562
Madhya Pradesh,BHOPAL,2011,Kharif,Urad,300,86,0.286666667
Madhya Pradesh,BHOPAL,2011,Rabi,Gram,33026,49695,1.504723551
Madhya Pradesh,BHOPAL,2011,Rabi,Khesari,314,273,0.869426752
Madhya Pradesh,BHOPAL,2011,Rabi,Linseed,52,93,1.788461538
Madhya Pradesh,BHOPAL,2011,Rabi,Masoor,2517,2598,1.032181168
Madhya Pradesh,BHOPAL,2011,Rabi,Other  Rabi pulses,12,3,0.25
Madhya Pradesh,BHOPAL,2011,Rabi,Peas & beans (Pulses),669,245,0.366218236
Madhya Pradesh,BHOPAL,2011,Rabi,Rapeseed &Mustard,126,180,1.428571429
Madhya Pradesh,BHOPAL,2011,Rabi,Wheat,77021,207547,2.694680672
Madhya Pradesh,BHOPAL,2011,Whole Year,Coriander,1472,658,0.44701087
Madhya Pradesh,BHOPAL,2011,Whole Year,Dry chillies,197,321,1.629441624
Madhya Pradesh,BHOPAL,2011,Whole Year,Dry ginger,10,10,1
Madhya Pradesh,BHOPAL,2011,Whole Year,Garlic,284,887,3.123239437
Madhya Pradesh,BHOPAL,2011,Whole Year,Onion,691,15643,22.6382055
Madhya Pradesh,BHOPAL,2011,Whole Year,Potato,85,1055,12.41176471
Madhya Pradesh,BHOPAL,2011,Whole Year,Sesamum,55,34,0.618181818
Madhya Pradesh,BHOPAL,2011,Whole Year,Sugarcane,244,5660,23.19672131
Madhya Pradesh,BHOPAL,2011,Whole Year,Sweet potato,1,6,6
Madhya Pradesh,BHOPAL,2012,Kharif,Arhar/Tur,2469,1429,0.578776833
Madhya Pradesh,BHOPAL,2012,Kharif,Groundnut,349,679,1.945558739
Madhya Pradesh,BHOPAL,2012,Kharif,Jowar,77,171,2.220779221
Madhya Pradesh,BHOPAL,2012,Kharif,Maize,2590,5845,2.256756757
Madhya Pradesh,BHOPAL,2012,Kharif,Moong(Green Gram),264,114,0.431818182
Madhya Pradesh,BHOPAL,2012,Kharif,Other Kharif pulses,2,1,0.5
Madhya Pradesh,BHOPAL,2012,Kharif,Rice,683,776,1.136163982
Madhya Pradesh,BHOPAL,2012,Kharif,Sannhamp,4,11,2.75
Madhya Pradesh,BHOPAL,2012,Kharif,Soyabean,110462,160467,1.452689613
Madhya Pradesh,BHOPAL,2012,Kharif,Urad,280,133,0.475
Madhya Pradesh,BHOPAL,2012,Rabi,Gram,30482,37563,1.23230103
Madhya Pradesh,BHOPAL,2012,Rabi,Khesari,331,399,1.205438066
Madhya Pradesh,BHOPAL,2012,Rabi,Linseed,38,50,1.315789474
Madhya Pradesh,BHOPAL,2012,Rabi,Masoor,2251,2636,1.171035096
Madhya Pradesh,BHOPAL,2012,Rabi,Peas & beans (Pulses),645,384,0.595348837
Madhya Pradesh,BHOPAL,2012,Rabi,Rapeseed &Mustard,58,87,1.5
Madhya Pradesh,BHOPAL,2012,Rabi,Wheat,82297,247868,3.011871636
Madhya Pradesh,BHOPAL,2012,Whole Year,Coriander,1423,973,0.68376669
Madhya Pradesh,BHOPAL,2012,Whole Year,Dry chillies,200,480,2.4
Madhya Pradesh,BHOPAL,2012,Whole Year,Dry ginger,7,10,1.428571429
Madhya Pradesh,BHOPAL,2012,Whole Year,Garlic,312,1264,4.051282051
Madhya Pradesh,BHOPAL,2012,Whole Year,Onion,733,22922,31.27148704
Madhya Pradesh,BHOPAL,2012,Whole Year,Potato,83,1202,14.48192771
Madhya Pradesh,BHOPAL,2012,Whole Year,Sesamum,57,33,0.578947368
Madhya Pradesh,BHOPAL,2012,Whole Year,Sugarcane,177,5270,29.7740113
Madhya Pradesh,BHOPAL,2012,Whole Year,Sweet potato,2,17,8.5
Madhya Pradesh,BHOPAL,2013,Kharif,Arhar/Tur,1679,1617,0.963073258
Madhya Pradesh,BHOPAL,2013,Kharif,Groundnut,318,327,1.028301887
Madhya Pradesh,BHOPAL,2013,Kharif,Jowar,26,25,0.961538462
Madhya Pradesh,BHOPAL,2013,Kharif,Maize,2223,1684,0.757534863
Madhya Pradesh,BHOPAL,2013,Kharif,Moong(Green Gram),224,65,0.290178571
Madhya Pradesh,BHOPAL,2013,Kharif,Other Kharif pulses,4,2,0.5
Madhya Pradesh,BHOPAL,2013,Kharif,Rice,522,678,1.298850575
Madhya Pradesh,BHOPAL,2013,Kharif,Sannhamp,5,5,1
Madhya Pradesh,BHOPAL,2013,Kharif,Soyabean,114254,72556,0.635041224
Madhya Pradesh,BHOPAL,2013,Kharif,Urad,258,85,0.329457364
Madhya Pradesh,BHOPAL,2013,Rabi,Gram,28520,28399,0.995757363
Madhya Pradesh,BHOPAL,2013,Rabi,Khesari,241,202,0.838174274
Madhya Pradesh,BHOPAL,2013,Rabi,Linseed,16,11,0.6875
Madhya Pradesh,BHOPAL,2013,Rabi,Masoor,1880,2330,1.239361702
Madhya Pradesh,BHOPAL,2013,Rabi,Peas & beans (Pulses),542,251,0.463099631
Madhya Pradesh,BHOPAL,2013,Rabi,Rapeseed &Mustard,60,51,0.85
Madhya Pradesh,BHOPAL,2013,Rabi,Wheat,84996,317551,3.736069933
Madhya Pradesh,BHOPAL,2013,Whole Year,Coriander,1470,1171,0.796598639
Madhya Pradesh,BHOPAL,2013,Whole Year,Dry chillies,220,282,1.281818182
Madhya Pradesh,BHOPAL,2013,Whole Year,Dry ginger,5,7,1.4
Madhya Pradesh,BHOPAL,2013,Whole Year,Garlic,307,919,2.993485342
Madhya Pradesh,BHOPAL,2013,Whole Year,Onion,696,10216,14.67816092
Madhya Pradesh,BHOPAL,2013,Whole Year,Potato,66,789,11.95454545
Madhya Pradesh,BHOPAL,2013,Whole Year,Sesamum,56,23,0.410714286
Madhya Pradesh,BHOPAL,2013,Whole Year,Sugarcane,175,5140,29.37142857
Madhya Pradesh,BURHANPUR,2003,Kharif,Arhar/Tur,3991,4409,1.104735655
Madhya Pradesh,BURHANPUR,2003,Kharif,Bajra,192,199,1.036458333
Madhya Pradesh,BURHANPUR,2003,Kharif,Castor seed,1,0,0
Madhya Pradesh,BURHANPUR,2003,Kharif,Cotton(lint),43190,37124,0.859550822
Madhya Pradesh,BURHANPUR,2003,Kharif,Dry ginger,7,8,1.142857143
Madhya Pradesh,BURHANPUR,2003,Kharif,Groundnut,677,709,1.047267356
Madhya Pradesh,BURHANPUR,2003,Kharif,Horse-gram,72,24,0.333333333
Madhya Pradesh,BURHANPUR,2003,Kharif,Jowar,16122,21021,1.303870488
Madhya Pradesh,BURHANPUR,2003,Kharif,Maize,2001,6846,3.421289355
Madhya Pradesh,BURHANPUR,2003,Kharif,Moong(Green Gram),709,172,0.242595205
Madhya Pradesh,BURHANPUR,2003,Kharif,Other Kharif pulses,121,2,0.016528926
Madhya Pradesh,BURHANPUR,2003,Kharif,other misc. pulses,113,0.01,8.84956E-05
Madhya Pradesh,BURHANPUR,2003,Kharif,Rice,4241,4455,1.050459797
Madhya Pradesh,BURHANPUR,2003,Kharif,Sesamum,471,189,0.401273885
Madhya Pradesh,BURHANPUR,2003,Kharif,Small millets,293,76,0.259385666
Madhya Pradesh,BURHANPUR,2003,Kharif,Soyabean,10383,7583,0.730328421
Madhya Pradesh,BURHANPUR,2003,Kharif,Sunflower,2,1,0.5
Madhya Pradesh,BURHANPUR,2003,Kharif,Urad,2794,875,0.313171081
Madhya Pradesh,BURHANPUR,2003,Rabi,Gram,2716,3103,1.142488954
Madhya Pradesh,BURHANPUR,2003,Rabi,Jowar,81,92,1.135802469
Madhya Pradesh,BURHANPUR,2003,Rabi,Masoor,17,8,0.470588235
Madhya Pradesh,BURHANPUR,2003,Rabi,Moong(Green Gram),13,3,0.230769231
Madhya Pradesh,BURHANPUR,2003,Rabi,Peas & beans (Pulses),5,2,0.4
Madhya Pradesh,BURHANPUR,2003,Rabi,Safflower,1,0,0
Madhya Pradesh,BURHANPUR,2003,Rabi,Wheat,8280,17487,2.111956522
Madhya Pradesh,BURHANPUR,2003,Whole Year,Banana,13840,408724,29.53208092
Madhya Pradesh,BURHANPUR,2003,Whole Year,Bhindi,27,0,0
Madhya Pradesh,BURHANPUR,2003,Whole Year,Brinjal,164,0,0
Madhya Pradesh,BURHANPUR,2003,Whole Year,Cauliflower,29,0,0
Madhya Pradesh,BURHANPUR,2003,Whole Year,Citrus Fruit,77,0,0
Madhya Pradesh,BURHANPUR,2003,Whole Year,Coriander,196,70,0.357142857
Madhya Pradesh,BURHANPUR,2003,Whole Year,Dry chillies,220,215,0.977272727
Madhya Pradesh,BURHANPUR,2003,Whole Year,Garlic,4,14,3.5
Madhya Pradesh,BURHANPUR,2003,Whole Year,Mango,12,0,0
Madhya Pradesh,BURHANPUR,2003,Whole Year,Onion,208,6754,32.47115385
Madhya Pradesh,BURHANPUR,2003,Whole Year,Orange,7,0,0
Madhya Pradesh,BURHANPUR,2003,Whole Year,Other Citrus Fruit,1,0,0
Madhya Pradesh,BURHANPUR,2003,Whole Year,Other Fresh Fruits,57,0,0
Madhya Pradesh,BURHANPUR,2003,Whole Year,Other Vegetables,113,0,0
Madhya Pradesh,BURHANPUR,2003,Whole Year,Papaya,43,144,3.348837209
Madhya Pradesh,BURHANPUR,2003,Whole Year,Pome Fruit,10,0,0
Madhya Pradesh,BURHANPUR,2003,Whole Year,Potato,2,22,11
Madhya Pradesh,BURHANPUR,2003,Whole Year,Sannhamp,13,28,2.153846154
Madhya Pradesh,BURHANPUR,2003,Whole Year,Sugarcane,2609,147670,56.60022997
Madhya Pradesh,BURHANPUR,2003,Whole Year,Tomato,50,0,0
Madhya Pradesh,BURHANPUR,2003,Whole Year,Turmeric,1,1,1
Madhya Pradesh,BURHANPUR,2003,Whole Year,Water Melon,55,0,0
Madhya Pradesh,BURHANPUR,2004,Kharif,Arhar/Tur,3648,4015,1.10060307
Madhya Pradesh,BURHANPUR,2004,Kharif,Bajra,365,223,0.610958904
Madhya Pradesh,BURHANPUR,2004,Kharif,Cotton(lint),45303,37252,0.8222855
Madhya Pradesh,BURHANPUR,2004,Kharif,Dry ginger,12,11,0.916666667
Madhya Pradesh,BURHANPUR,2004,Kharif,Groundnut,556,654,1.176258993
Madhya Pradesh,BURHANPUR,2004,Kharif,Horse-gram,33,9,0.272727273
Madhya Pradesh,BURHANPUR,2004,Kharif,Jowar,13567,16807,1.238814771
Madhya Pradesh,BURHANPUR,2004,Kharif,Maize,2054,3598,1.751703992
Madhya Pradesh,BURHANPUR,2004,Kharif,Rice,3478,3764,1.082231167
Madhya Pradesh,BURHANPUR,2004,Kharif,Sesamum,288,170,0.590277778
Madhya Pradesh,BURHANPUR,2004,Kharif,Small millets,256,42,0.1640625
Madhya Pradesh,BURHANPUR,2004,Kharif,Soyabean,14214,6924,0.487125369
Madhya Pradesh,BURHANPUR,2004,Kharif,Sunflower,2,1,0.5
Madhya Pradesh,BURHANPUR,2004,Kharif,Urad,1938,523,0.269865841
Madhya Pradesh,BURHANPUR,2004,Rabi,Gram,2802,2791,0.996074233
Madhya Pradesh,BURHANPUR,2004,Rabi,Jowar,51,44,0.862745098
Madhya Pradesh,BURHANPUR,2004,Rabi,Masoor,21,8,0.380952381
Madhya Pradesh,BURHANPUR,2004,Rabi,Rapeseed &Mustard,1,,
Madhya Pradesh,BURHANPUR,2004,Rabi,Wheat,8727,16682,1.911538902
Madhya Pradesh,BURHANPUR,2004,Whole Year,Coriander,155,41,0.264516129
Madhya Pradesh,BURHANPUR,2004,Whole Year,Garlic,5,22,4.4
Madhya Pradesh,BURHANPUR,2004,Whole Year,Onion,229,7969,34.79912664
Madhya Pradesh,BURHANPUR,2004,Whole Year,Potato,3,35,11.66666667
Madhya Pradesh,BURHANPUR,2004,Whole Year,Sugarcane,2564,143340,55.90483619
Madhya Pradesh,BURHANPUR,2005,Kharif,Arhar/Tur,3943,4209,1.067461324
Madhya Pradesh,BURHANPUR,2005,Kharif,Bajra,126,90,0.714285714
Madhya Pradesh,BURHANPUR,2005,Kharif,Castor seed,17,4,0.235294118
Madhya Pradesh,BURHANPUR,2005,Kharif,Cotton(lint),46650,38963,0.835219721
Madhya Pradesh,BURHANPUR,2005,Kharif,Groundnut,512,498,0.97265625
Madhya Pradesh,BURHANPUR,2005,Kharif,Horse-gram,30,9,0.3
Madhya Pradesh,BURHANPUR,2005,Kharif,Jowar,13566,17648,1.300899307
Madhya Pradesh,BURHANPUR,2005,Kharif,Maize,2846,6047,2.124736472
Madhya Pradesh,BURHANPUR,2005,Kharif,Moong(Green Gram),557,175,0.314183124
Madhya Pradesh,BURHANPUR,2005,Kharif,Rice,3098,3194,1.030987734
Madhya Pradesh,BURHANPUR,2005,Kharif,Sesamum,268,130,0.485074627
Madhya Pradesh,BURHANPUR,2005,Kharif,Small millets,73,24,0.328767123
Madhya Pradesh,BURHANPUR,2005,Kharif,Soyabean,13081,8494,0.649338736
Madhya Pradesh,BURHANPUR,2005,Kharif,Sunflower,6,2,0.333333333
Madhya Pradesh,BURHANPUR,2005,Kharif,Urad,1750,506,0.289142857
Madhya Pradesh,BURHANPUR,2005,Rabi,Gram,2582,2646,1.024786987
Madhya Pradesh,BURHANPUR,2005,Rabi,Jowar,56,58,1.035714286
Madhya Pradesh,BURHANPUR,2005,Rabi,Linseed,3,2,0.666666667
Madhya Pradesh,BURHANPUR,2005,Rabi,Masoor,20,9,0.45
Madhya Pradesh,BURHANPUR,2005,Rabi,Peas & beans (Pulses),10,4,0.4
Madhya Pradesh,BURHANPUR,2005,Rabi,Rapeseed &Mustard,2,2,1
Madhya Pradesh,BURHANPUR,2005,Rabi,Wheat,8421,16960,2.014012588
Madhya Pradesh,BURHANPUR,2005,Whole Year,Onion,357,12442,34.85154062
Madhya Pradesh,BURHANPUR,2005,Whole Year,Sugarcane,2396,133940,55.9015025
Madhya Pradesh,BURHANPUR,2005,Whole Year,Sweet potato,2,11,5.5
Madhya Pradesh,BURHANPUR,2006,Kharif,Arhar/Tur,3846,4153,1.079823193
Madhya Pradesh,BURHANPUR,2006,Kharif,Bajra,107,82,0.76635514
Madhya Pradesh,BURHANPUR,2006,Kharif,Castor seed,2,,
Madhya Pradesh,BURHANPUR,2006,Kharif,Cotton(lint),47673,40417,0.847796447
Madhya Pradesh,BURHANPUR,2006,Kharif,Dry ginger,14,18,1.285714286
Madhya Pradesh,BURHANPUR,2006,Kharif,Groundnut,584,579,0.991438356
Madhya Pradesh,BURHANPUR,2006,Kharif,Horse-gram,26,9,0.346153846
Madhya Pradesh,BURHANPUR,2006,Kharif,Jowar,12843,15108,1.176360663
Madhya Pradesh,BURHANPUR,2006,Kharif,Jute,63,139,2.206349206
Madhya Pradesh,BURHANPUR,2006,Kharif,Maize,3334,4542,1.362327534
Madhya Pradesh,BURHANPUR,2006,Kharif,Moong(Green Gram),670,200,0.298507463
Madhya Pradesh,BURHANPUR,2006,Kharif,Other Kharif pulses,66,,
Madhya Pradesh,BURHANPUR,2006,Kharif,Rice,2888,3122,1.081024931
Madhya Pradesh,BURHANPUR,2006,Kharif,Small millets,114,29,0.254385965
Madhya Pradesh,BURHANPUR,2006,Kharif,Soyabean,13126,9642,0.734572604
Madhya Pradesh,BURHANPUR,2006,Kharif,Sunflower,4,2,0.5
Madhya Pradesh,BURHANPUR,2006,Kharif,Urad,1672,524,0.313397129
Madhya Pradesh,BURHANPUR,2006,Rabi,Gram,2541,2553,1.00472255
Madhya Pradesh,BURHANPUR,2006,Rabi,Jowar,66,85,1.287878788
Madhya Pradesh,BURHANPUR,2006,Rabi,Masoor,24,11,0.458333333
Madhya Pradesh,BURHANPUR,2006,Rabi,Moong(Green Gram),23,8,0.347826087
Madhya Pradesh,BURHANPUR,2006,Rabi,Other  Rabi pulses,2,,
Madhya Pradesh,BURHANPUR,2006,Rabi,Peas & beans (Pulses),13,5,0.384615385
Madhya Pradesh,BURHANPUR,2006,Rabi,Rapeseed &Mustard,6,4,0.666666667
Madhya Pradesh,BURHANPUR,2006,Rabi,Urad,3,1,0.333333333
Madhya Pradesh,BURHANPUR,2006,Rabi,Wheat,9078,18792,2.070059484
Madhya Pradesh,BURHANPUR,2006,Whole Year,Banana,13486,439247,32.57059172
Madhya Pradesh,BURHANPUR,2006,Whole Year,Coriander,99,31,0.313131313
Madhya Pradesh,BURHANPUR,2006,Whole Year,Dry chillies,282,316,1.120567376
Madhya Pradesh,BURHANPUR,2006,Whole Year,Garlic,2,7,3.5
Madhya Pradesh,BURHANPUR,2006,Whole Year,Onion,400,12271,30.6775
Madhya Pradesh,BURHANPUR,2006,Whole Year,Sesamum,203,71,0.349753695
Madhya Pradesh,BURHANPUR,2006,Whole Year,Sugarcane,2327,130090,55.9045982
Madhya Pradesh,BURHANPUR,2006,Whole Year,Sweet potato,9,48,5.333333333
Madhya Pradesh,BURHANPUR,2007,Kharif,Arhar/Tur,3655,3352,0.917099863
Madhya Pradesh,BURHANPUR,2007,Kharif,Bajra,226,147,0.650442478
Madhya Pradesh,BURHANPUR,2007,Kharif,Castor seed,1,,
Madhya Pradesh,BURHANPUR,2007,Kharif,Cotton(lint),45867,6659,0.145180631
Madhya Pradesh,BURHANPUR,2007,Kharif,Groundnut,500,558,1.116
Madhya Pradesh,BURHANPUR,2007,Kharif,Horse-gram,27,9,0.333333333
Madhya Pradesh,BURHANPUR,2007,Kharif,Jowar,12810,15723,1.227400468
Madhya Pradesh,BURHANPUR,2007,Kharif,Maize,3545,6112,1.724118477
Madhya Pradesh,BURHANPUR,2007,Kharif,Rice,2277,2743,1.204655248
Madhya Pradesh,BURHANPUR,2007,Kharif,Sannhamp,63,139,2.206349206
Madhya Pradesh,BURHANPUR,2007,Kharif,Soyabean,14324,8523,0.595015359
Madhya Pradesh,BURHANPUR,2007,Kharif,Urad,1648,501,0.304004854
Madhya Pradesh,BURHANPUR,2007,Rabi,Gram,2457,1870,0.761090761
Madhya Pradesh,BURHANPUR,2007,Rabi,Jowar,34,43,1.264705882
Madhya Pradesh,BURHANPUR,2007,Rabi,Linseed,2,,
Madhya Pradesh,BURHANPUR,2007,Rabi,Masoor,30,12,0.4
Madhya Pradesh,BURHANPUR,2007,Rabi,Peas & beans (Pulses),8,3,0.375
Madhya Pradesh,BURHANPUR,2007,Rabi,Rapeseed &Mustard,1,,
Madhya Pradesh,BURHANPUR,2007,Rabi,Safflower,1,,
Madhya Pradesh,BURHANPUR,2007,Rabi,Wheat,10380,19911,1.918208092
Madhya Pradesh,BURHANPUR,2007,Whole Year,Banana,6832,438136,64.12997658
Madhya Pradesh,BURHANPUR,2007,Whole Year,Coriander,78,26,0.333333333
Madhya Pradesh,BURHANPUR,2007,Whole Year,Garlic,5,22,4.4
Madhya Pradesh,BURHANPUR,2007,Whole Year,Onion,411,12467,30.33333333
Madhya Pradesh,BURHANPUR,2007,Whole Year,Potato,1,11,11
Madhya Pradesh,BURHANPUR,2007,Whole Year,Sesamum,171,94,0.549707602
Madhya Pradesh,BURHANPUR,2007,Whole Year,Small millets,1,,
Madhya Pradesh,BURHANPUR,2007,Whole Year,Sugarcane,2582,144340,55.90240124
Madhya Pradesh,BURHANPUR,2007,Whole Year,Sunflower,5,2,0.4
Madhya Pradesh,BURHANPUR,2008,Kharif,Arhar/Tur,3826,4076,1.065342394
Madhya Pradesh,BURHANPUR,2008,Kharif,Bajra,52,37,0.711538462
Madhya Pradesh,BURHANPUR,2008,Kharif,Castor seed,7,1,0.142857143
Madhya Pradesh,BURHANPUR,2008,Kharif,Cotton(lint),46046,7392,0.160535117
Madhya Pradesh,BURHANPUR,2008,Kharif,Groundnut,505,507,1.003960396
Madhya Pradesh,BURHANPUR,2008,Kharif,Horse-gram,36,10,0.277777778
Madhya Pradesh,BURHANPUR,2008,Kharif,Jowar,12576,17532,1.394083969
Madhya Pradesh,BURHANPUR,2008,Kharif,Maize,4233,7692,1.817150957
Madhya Pradesh,BURHANPUR,2008,Kharif,Rice,2284,2184,0.956217163
Madhya Pradesh,BURHANPUR,2008,Kharif,Sannhamp,50,18,0.36
Madhya Pradesh,BURHANPUR,2008,Kharif,Soyabean,14321,9350,0.652887368
Madhya Pradesh,BURHANPUR,2008,Kharif,Sunflower,4,2,0.5
Madhya Pradesh,BURHANPUR,2008,Kharif,Urad,1491,432,0.289738431
Madhya Pradesh,BURHANPUR,2008,Rabi,Gram,2489,2064,0.829248694
Madhya Pradesh,BURHANPUR,2008,Rabi,Jowar,29,43,1.482758621
Madhya Pradesh,BURHANPUR,2008,Rabi,Linseed,7,4,0.571428571
Madhya Pradesh,BURHANPUR,2008,Rabi,Masoor,35,14,0.4
Madhya Pradesh,BURHANPUR,2008,Rabi,Peas & beans (Pulses),10,3,0.3
Madhya Pradesh,BURHANPUR,2008,Rabi,Rapeseed &Mustard,4,3,0.75
Madhya Pradesh,BURHANPUR,2008,Rabi,Safflower,3,1,0.333333333
Madhya Pradesh,BURHANPUR,2008,Rabi,Wheat,10564,20148,1.907232109
Madhya Pradesh,BURHANPUR,2008,Whole Year,Banana,7334,377611,51.48772839
Madhya Pradesh,BURHANPUR,2008,Whole Year,Coriander,70,20,0.285714286
Madhya Pradesh,BURHANPUR,2008,Whole Year,Garlic,7,30,4.285714286
Madhya Pradesh,BURHANPUR,2008,Whole Year,Onion,417,12839,30.78896882
Madhya Pradesh,BURHANPUR,2008,Whole Year,Sesamum,118,52,0.440677966
Madhya Pradesh,BURHANPUR,2008,Whole Year,Small millets,40,10,0.25
Madhya Pradesh,BURHANPUR,2008,Whole Year,Sugarcane,3213,168400,52.41207594
Madhya Pradesh,BURHANPUR,2008,Whole Year,Sweet potato,1,5,5
Madhya Pradesh,BURHANPUR,2009,Kharif,Horse-gram,48,14,0.291666667
Madhya Pradesh,BURHANPUR,2009,Kharif,Jowar,11488,15530,1.351845404
Madhya Pradesh,BURHANPUR,2009,Kharif,Moong(Green Gram),742,228,0.307277628
Madhya Pradesh,BURHANPUR,2009,Kharif,Small millets,39,6,0.153846154
Madhya Pradesh,BURHANPUR,2009,Kharif,Urad,1617,491,0.303648732
Madhya Pradesh,BURHANPUR,2009,Rabi,Jowar,35,49,1.4
Madhya Pradesh,BURHANPUR,2009,Rabi,Moong(Green Gram),10,4,0.4
Madhya Pradesh,BURHANPUR,2009,Rabi,Small millets,2,4,2
Madhya Pradesh,BURHANPUR,2009,Whole Year,Arhar/Tur,3563,3657,1.026382262
Madhya Pradesh,BURHANPUR,2009,Whole Year,Bajra,54,44,0.814814815
Madhya Pradesh,BURHANPUR,2009,Whole Year,Banana,7336,467962,63.78980371
Madhya Pradesh,BURHANPUR,2009,Whole Year,Castor seed,18,5,0.277777778
Madhya Pradesh,BURHANPUR,2009,Whole Year,Coriander,53,18,0.339622642
Madhya Pradesh,BURHANPUR,2009,Whole Year,Cotton(lint),45001,5522,0.122708384
Madhya Pradesh,BURHANPUR,2009,Whole Year,Dry chillies,168,285,1.696428571
Madhya Pradesh,BURHANPUR,2009,Whole Year,Dry ginger,10,13,1.3
Madhya Pradesh,BURHANPUR,2009,Whole Year,Garlic,3,13,4.333333333
Madhya Pradesh,BURHANPUR,2009,Whole Year,Gram,2996,2678,0.893858478
Madhya Pradesh,BURHANPUR,2009,Whole Year,Groundnut,485,534,1.101030928
Madhya Pradesh,BURHANPUR,2009,Whole Year,Maize,4653,7510,1.614012465
Madhya Pradesh,BURHANPUR,2009,Whole Year,Masoor,52,19,0.365384615
Madhya Pradesh,BURHANPUR,2009,Whole Year,Onion,421,13432,31.90498812
Madhya Pradesh,BURHANPUR,2009,Whole Year,Peas & beans (Pulses),11,4,0.363636364
Madhya Pradesh,BURHANPUR,2009,Whole Year,Rapeseed &Mustard,5,3,0.6
Madhya Pradesh,BURHANPUR,2009,Whole Year,Rice,1826,1733,0.949069003
Madhya Pradesh,BURHANPUR,2009,Whole Year,Sannhamp,66,23,0.348484848
Madhya Pradesh,BURHANPUR,2009,Whole Year,Sesamum,121,49,0.404958678
Madhya Pradesh,BURHANPUR,2009,Whole Year,Soyabean,15068,10477,0.695314574
Madhya Pradesh,BURHANPUR,2009,Whole Year,Sugarcane,2144,104880,48.91791045
Madhya Pradesh,BURHANPUR,2009,Whole Year,Sweet potato,2,10,5
Madhya Pradesh,BURHANPUR,2009,Whole Year,Turmeric,1,1,1
Madhya Pradesh,BURHANPUR,2009,Whole Year,Wheat,10799,19398,1.796277433
Madhya Pradesh,BURHANPUR,2010,Kharif,Arhar/Tur,3099,2019,0.651500484
Madhya Pradesh,BURHANPUR,2010,Kharif,Bajra,93,100,1.075268817
Madhya Pradesh,BURHANPUR,2010,Kharif,Castor seed,10,2,0.2
Madhya Pradesh,BURHANPUR,2010,Kharif,Cotton(lint),45391,36816,0.811085898
Madhya Pradesh,BURHANPUR,2010,Kharif,Groundnut,475,779,1.64
Madhya Pradesh,BURHANPUR,2010,Kharif,Horse-gram,35,8,0.228571429
Madhya Pradesh,BURHANPUR,2010,Kharif,Jowar,11134,22746,2.042931561
Madhya Pradesh,BURHANPUR,2010,Kharif,Maize,5145,11165,2.170068027
Madhya Pradesh,BURHANPUR,2010,Kharif,Moong(Green Gram),676,149,0.220414201
Madhya Pradesh,BURHANPUR,2010,Kharif,Rice,1671,2461,1.472770796
Madhya Pradesh,BURHANPUR,2010,Kharif,Small millets,10,2,0.2
Madhya Pradesh,BURHANPUR,2010,Kharif,Soyabean,15113,7861,0.520148217
Madhya Pradesh,BURHANPUR,2010,Kharif,Urad,1556,366,0.235218509
Madhya Pradesh,BURHANPUR,2010,Rabi,Gram,3021,2712,0.897715988
Madhya Pradesh,BURHANPUR,2010,Rabi,Jowar,43,79,1.837209302
Madhya Pradesh,BURHANPUR,2010,Rabi,Masoor,40,13,0.325
Madhya Pradesh,BURHANPUR,2010,Rabi,Moong(Green Gram),13,4,0.307692308
Madhya Pradesh,BURHANPUR,2010,Rabi,Peas & beans (Pulses),9,2,0.222222222
Madhya Pradesh,BURHANPUR,2010,Rabi,Rapeseed &Mustard,4,3,0.75
Madhya Pradesh,BURHANPUR,2010,Rabi,Wheat,10790,24756,2.294346617
Madhya Pradesh,BURHANPUR,2010,Whole Year,Banana,7633,416751,54.59858509
Madhya Pradesh,BURHANPUR,2010,Whole Year,Coriander,62,15,0.241935484
Madhya Pradesh,BURHANPUR,2010,Whole Year,Dry chillies,186,553,2.97311828
Madhya Pradesh,BURHANPUR,2010,Whole Year,Dry ginger,14,13,0.928571429
Madhya Pradesh,BURHANPUR,2010,Whole Year,Garlic,6,14,2.333333333
Madhya Pradesh,BURHANPUR,2010,Whole Year,Onion,485,14944,30.81237113
Madhya Pradesh,BURHANPUR,2010,Whole Year,Potato,1,11,11
Madhya Pradesh,BURHANPUR,2010,Whole Year,Sannhamp,24,33,1.375
Madhya Pradesh,BURHANPUR,2010,Whole Year,Sesamum,154,109,0.707792208
Madhya Pradesh,BURHANPUR,2010,Whole Year,Sugarcane,3229,170230,52.71910808
Madhya Pradesh,BURHANPUR,2010,Whole Year,Sweet potato,3,9,3
Madhya Pradesh,BURHANPUR,2010,Whole Year,Turmeric,4,3,0.75
Madhya Pradesh,BURHANPUR,2011,Kharif,Arhar/Tur,3530,3693,1.046175637
Madhya Pradesh,BURHANPUR,2011,Kharif,Bajra,102,105,1.029411765
Madhya Pradesh,BURHANPUR,2011,Kharif,Cotton(lint),44348,63738,1.437223776
Madhya Pradesh,BURHANPUR,2011,Kharif,Groundnut,434,724,1.668202765
Madhya Pradesh,BURHANPUR,2011,Kharif,Jowar,10943,20688,1.890523622
Madhya Pradesh,BURHANPUR,2011,Kharif,Maize,6132,11528,1.879973907
Madhya Pradesh,BURHANPUR,2011,Kharif,Moong(Green Gram),633,190,0.300157978
Madhya Pradesh,BURHANPUR,2011,Kharif,Other Kharif pulses,127,,
Madhya Pradesh,BURHANPUR,2011,Kharif,Rice,1550,2412,1.556129032
Madhya Pradesh,BURHANPUR,2011,Kharif,Sannhamp,26,44,1.692307692
Madhya Pradesh,BURHANPUR,2011,Kharif,Small millets,12,4,0.333333333
Madhya Pradesh,BURHANPUR,2011,Kharif,Soyabean,15618,8544,0.547061083
Madhya Pradesh,BURHANPUR,2011,Kharif,Urad,1458,385,0.264060357
Madhya Pradesh,BURHANPUR,2011,Rabi,Gram,2681,2994,1.116747482
Madhya Pradesh,BURHANPUR,2011,Rabi,Jowar,26,54,2.076923077
Madhya Pradesh,BURHANPUR,2011,Rabi,Masoor,32,13,0.40625
Madhya Pradesh,BURHANPUR,2011,Rabi,Moong(Green Gram),13,5,0.384615385
Madhya Pradesh,BURHANPUR,2011,Rabi,Other  Rabi pulses,7,,
Madhya Pradesh,BURHANPUR,2011,Rabi,Peas & beans (Pulses),13,4,0.307692308
Madhya Pradesh,BURHANPUR,2011,Rabi,Rapeseed &Mustard,2,2,1
Madhya Pradesh,BURHANPUR,2011,Rabi,Wheat,10618,28148,2.650970051
Madhya Pradesh,BURHANPUR,2011,Whole Year,Banana,15830,567197,35.83051169
Madhya Pradesh,BURHANPUR,2011,Whole Year,Coriander,66,17,0.257575758
Madhya Pradesh,BURHANPUR,2011,Whole Year,Dry chillies,131,261,1.992366412
Madhya Pradesh,BURHANPUR,2011,Whole Year,Dry ginger,15,15,1
Madhya Pradesh,BURHANPUR,2011,Whole Year,Garlic,3,8,2.666666667
Madhya Pradesh,BURHANPUR,2011,Whole Year,Onion,363,15336,42.24793388
Madhya Pradesh,BURHANPUR,2011,Whole Year,Potato,1,11,11
Madhya Pradesh,BURHANPUR,2011,Whole Year,Sesamum,114,84,0.736842105
Madhya Pradesh,BURHANPUR,2011,Whole Year,Sugarcane,2353,122240,51.95070123
Madhya Pradesh,BURHANPUR,2011,Whole Year,Turmeric,3,2,0.666666667
Madhya Pradesh,BURHANPUR,2012,Kharif,Arhar/Tur,3011,3756,1.247426104
Madhya Pradesh,BURHANPUR,2012,Kharif,Bajra,108,129,1.194444444
Madhya Pradesh,BURHANPUR,2012,Kharif,Castor seed,13,3,0.230769231
Madhya Pradesh,BURHANPUR,2012,Kharif,Cotton(lint),43248,74596,1.724842767
Madhya Pradesh,BURHANPUR,2012,Kharif,Groundnut,427,933,2.18501171
Madhya Pradesh,BURHANPUR,2012,Kharif,Jowar,9304,27116,2.9144454
Madhya Pradesh,BURHANPUR,2012,Kharif,Maize,7530,31614,4.198406375
Madhya Pradesh,BURHANPUR,2012,Kharif,Moong(Green Gram),614,239,0.389250814
Madhya Pradesh,BURHANPUR,2012,Kharif,Other Kharif pulses,164,,
Madhya Pradesh,BURHANPUR,2012,Kharif,Rice,904,1507,1.667035398
Madhya Pradesh,BURHANPUR,2012,Kharif,Sannhamp,9,17,1.888888889
Madhya Pradesh,BURHANPUR,2012,Kharif,Small millets,3,1,0.333333333
Madhya Pradesh,BURHANPUR,2012,Kharif,Soyabean,17179,16638,0.968508062
Madhya Pradesh,BURHANPUR,2012,Kharif,Urad,1518,632,0.416337286
Madhya Pradesh,BURHANPUR,2012,Rabi,Gram,2977,3314,1.113201209
Madhya Pradesh,BURHANPUR,2012,Rabi,Jowar,26,94,3.615384615
Madhya Pradesh,BURHANPUR,2012,Rabi,Khesari,17,12,0.705882353
Madhya Pradesh,BURHANPUR,2012,Rabi,Moong(Green Gram),32,13,0.40625
Madhya Pradesh,BURHANPUR,2012,Rabi,Other  Rabi pulses,8,,
Madhya Pradesh,BURHANPUR,2012,Rabi,Peas & beans (Pulses),22,10,0.454545455
Madhya Pradesh,BURHANPUR,2012,Rabi,Rapeseed &Mustard,2,2,1
Madhya Pradesh,BURHANPUR,2012,Rabi,Wheat,11061,31767,2.871982642
Madhya Pradesh,BURHANPUR,2012,Whole Year,Banana,16536,605427,36.61266328
Madhya Pradesh,BURHANPUR,2012,Whole Year,Coriander,133,50,0.37593985
Madhya Pradesh,BURHANPUR,2012,Whole Year,Dry chillies,184,416,2.260869565
Madhya Pradesh,BURHANPUR,2012,Whole Year,Dry ginger,23,25,1.086956522
Madhya Pradesh,BURHANPUR,2012,Whole Year,Garlic,5,23,4.6
Madhya Pradesh,BURHANPUR,2012,Whole Year,Onion,386,21029,54.47927461
Madhya Pradesh,BURHANPUR,2012,Whole Year,Potato,6,88,14.66666667
Madhya Pradesh,BURHANPUR,2012,Whole Year,Sesamum,88,69,0.784090909
Madhya Pradesh,BURHANPUR,2012,Whole Year,Sugarcane,3030,206990,68.31353135
Madhya Pradesh,BURHANPUR,2012,Whole Year,Sweet potato,4,14,3.5
Madhya Pradesh,BURHANPUR,2012,Whole Year,Turmeric,25,25,1
Madhya Pradesh,BURHANPUR,2013,Kharif,Arhar/Tur,2846,2527,0.88791286
Madhya Pradesh,BURHANPUR,2013,Kharif,Bajra,69,74,1.072463768
Madhya Pradesh,BURHANPUR,2013,Kharif,Castor seed,2,1,0.5
Madhya Pradesh,BURHANPUR,2013,Kharif,Cotton(lint),42221,119578,2.832192511
Madhya Pradesh,BURHANPUR,2013,Kharif,Groundnut,428,534,1.247663551
Madhya Pradesh,BURHANPUR,2013,Kharif,Jowar,9023,43330,4.802172227
Madhya Pradesh,BURHANPUR,2013,Kharif,Maize,9176,41007,4.468940715
Madhya Pradesh,BURHANPUR,2013,Kharif,Moong(Green Gram),604,167,0.276490066
Madhya Pradesh,BURHANPUR,2013,Kharif,Other Kharif pulses,99,,
Madhya Pradesh,BURHANPUR,2013,Kharif,Rice,919,909,0.989118607
Madhya Pradesh,BURHANPUR,2013,Kharif,Sannhamp,21,33,1.571428571
Madhya Pradesh,BURHANPUR,2013,Kharif,Soyabean,18301,26185,1.430796131
Madhya Pradesh,BURHANPUR,2013,Kharif,Urad,1437,609,0.423799582
Madhya Pradesh,BURHANPUR,2013,Rabi,Gram,3699,3428,0.926736956
Madhya Pradesh,BURHANPUR,2013,Rabi,Jowar,26,82,3.153846154
Madhya Pradesh,BURHANPUR,2013,Rabi,Masoor,11,8,0.727272727
Madhya Pradesh,BURHANPUR,2013,Rabi,Moong(Green Gram),39,12,0.307692308
Madhya Pradesh,BURHANPUR,2013,Rabi,Peas & beans (Pulses),22,19,0.863636364
Madhya Pradesh,BURHANPUR,2013,Rabi,Rapeseed &Mustard,5,3,0.6
Madhya Pradesh,BURHANPUR,2013,Rabi,Wheat,11254,23802,2.11498134
Madhya Pradesh,BURHANPUR,2013,Whole Year,Banana,17000,1414642,83.21423529
Madhya Pradesh,BURHANPUR,2013,Whole Year,Coriander,145,41,0.282758621
Madhya Pradesh,BURHANPUR,2013,Whole Year,Dry chillies,199,579,2.909547739
Madhya Pradesh,BURHANPUR,2013,Whole Year,Dry ginger,27,28,1.037037037
Madhya Pradesh,BURHANPUR,2013,Whole Year,Garlic,11,52,4.727272727
Madhya Pradesh,BURHANPUR,2013,Whole Year,Onion,587,25822,43.98977853
Madhya Pradesh,BURHANPUR,2013,Whole Year,Potato,17,160,9.411764706
Madhya Pradesh,BURHANPUR,2013,Whole Year,Sesamum,94,99,1.053191489
Madhya Pradesh,BURHANPUR,2013,Whole Year,Sugarcane,2832,172860,61.03813559
Madhya Pradesh,BURHANPUR,2013,Whole Year,Sunflower,1,,
Madhya Pradesh,BURHANPUR,2013,Whole Year,Sweet potato,7,29,4.142857143
Madhya Pradesh,BURHANPUR,2013,Whole Year,Turmeric,38,29,0.763157895
Madhya Pradesh,CHHATARPUR,1997,Kharif,Arhar/Tur,11400,6100,0.535087719
Madhya Pradesh,CHHATARPUR,1997,Kharif,Groundnut,6300,5000,0.793650794
Madhya Pradesh,CHHATARPUR,1997,Kharif,Jowar,22200,10900,0.490990991
Madhya Pradesh,CHHATARPUR,1997,Kharif,Maize,700,600,0.857142857
Madhya Pradesh,CHHATARPUR,1997,Kharif,Paddy,19900,13900,0.698492462
Madhya Pradesh,CHHATARPUR,1997,Kharif,Sesamum,30600,5600,0.183006536
Madhya Pradesh,CHHATARPUR,1997,Kharif,Small millets,4300,1700,0.395348837
Madhya Pradesh,CHHATARPUR,1997,Kharif,Soyabean,43900,33500,0.76309795
Madhya Pradesh,CHHATARPUR,1997,Rabi,Barley,11300,13600,1.203539823
Madhya Pradesh,CHHATARPUR,1997,Rabi,Linseed,12800,4100,0.3203125
Madhya Pradesh,CHHATARPUR,1997,Rabi,Rapeseed &Mustard,14200,3800,0.267605634
Madhya Pradesh,CHHATARPUR,1997,Rabi,Wheat,135900,261500,1.924208977
Madhya Pradesh,CHHATARPUR,1998,Kharif,Arhar/Tur,10900,6600,0.605504587
Madhya Pradesh,CHHATARPUR,1998,Kharif,Bajra,300,200,0.666666667
Madhya Pradesh,CHHATARPUR,1998,Kharif,Groundnut,5800,4700,0.810344828
Madhya Pradesh,CHHATARPUR,1998,Kharif,Jowar,21000,19900,0.947619048
Madhya Pradesh,CHHATARPUR,1998,Kharif,Maize,900,900,1
Madhya Pradesh,CHHATARPUR,1998,Kharif,Rice,18800,10100,0.537234043
Madhya Pradesh,CHHATARPUR,1998,Kharif,Sesamum,30600,8200,0.267973856
Madhya Pradesh,CHHATARPUR,1998,Kharif,Small millets,3300,1300,0.393939394
Madhya Pradesh,CHHATARPUR,1998,Kharif,Soyabean,41900,21300,0.508353222
Madhya Pradesh,CHHATARPUR,1998,Rabi,Barley,10900,12500,1.146788991
Madhya Pradesh,CHHATARPUR,1998,Rabi,Gram,67800,82600,1.218289086
Madhya Pradesh,CHHATARPUR,1998,Rabi,Linseed,13100,4900,0.374045802
Madhya Pradesh,CHHATARPUR,1998,Rabi,Rapeseed &Mustard,12600,4000,0.317460317
Madhya Pradesh,CHHATARPUR,1998,Rabi,Wheat,137900,279600,2.0275562
Madhya Pradesh,CHHATARPUR,1998,Whole Year,Sugarcane,260,3290,12.65384615
Madhya Pradesh,CHHATARPUR,1999,Kharif,Arhar/Tur,11559,6680,0.577904663
Madhya Pradesh,CHHATARPUR,1999,Kharif,Bajra,12,7,0.583333333
Madhya Pradesh,CHHATARPUR,1999,Kharif,Castor seed,1,0,0
Madhya Pradesh,CHHATARPUR,1999,Kharif,Dry ginger,209,175,0.837320574
Madhya Pradesh,CHHATARPUR,1999,Kharif,Groundnut,7197,5931,0.824093372
Madhya Pradesh,CHHATARPUR,1999,Kharif,Jowar,19643,17133,0.872219111
Madhya Pradesh,CHHATARPUR,1999,Kharif,Maize,667,699,1.047976012
Madhya Pradesh,CHHATARPUR,1999,Kharif,Niger seed,41,7,0.170731707
Madhya Pradesh,CHHATARPUR,1999,Kharif,Other Kharif pulses,41210,9138,0.221742296
Madhya Pradesh,CHHATARPUR,1999,Kharif,Rice,19505,20393,1.045526788
Madhya Pradesh,CHHATARPUR,1999,Kharif,Sesamum,32831,7573,0.230666139
Madhya Pradesh,CHHATARPUR,1999,Kharif,Soyabean,33464,17819,0.532482668
Madhya Pradesh,CHHATARPUR,1999,Kharif,Urad,35241,7813,0.221701995
Madhya Pradesh,CHHATARPUR,1999,Rabi,Barley,10670,12725,1.192596064
Madhya Pradesh,CHHATARPUR,1999,Rabi,Gram,71242,79079,1.110005334
Madhya Pradesh,CHHATARPUR,1999,Rabi,Linseed,12742,5041,0.395620782
Madhya Pradesh,CHHATARPUR,1999,Rabi,Other  Rabi pulses,34680,12067,0.34795271
Madhya Pradesh,CHHATARPUR,1999,Rabi,Rapeseed &Mustard,11923,3516,0.294892225
Madhya Pradesh,CHHATARPUR,1999,Rabi,Urad,9,3,0.333333333
Madhya Pradesh,CHHATARPUR,1999,Rabi,Wheat,145170,274633,1.891802714
Madhya Pradesh,CHHATARPUR,1999,Whole Year,Coriander,504,105,0.208333333
Madhya Pradesh,CHHATARPUR,1999,Whole Year,Dry chillies,703,178,0.253200569
Madhya Pradesh,CHHATARPUR,1999,Whole Year,Garlic,104,200,1.923076923
Madhya Pradesh,CHHATARPUR,1999,Whole Year,Onion,751,5393,7.181091877
Madhya Pradesh,CHHATARPUR,1999,Whole Year,Potato,1235,10720,8.680161943
Madhya Pradesh,CHHATARPUR,1999,Whole Year,Sannhamp,743,1294,1.741588156
Madhya Pradesh,CHHATARPUR,1999,Whole Year,Sugarcane,154,3450,22.4025974
Madhya Pradesh,CHHATARPUR,1999,Whole Year,Sweet potato,409,2268,5.545232274
Madhya Pradesh,CHHATARPUR,1999,Whole Year,Turmeric,33,25,0.757575758
Madhya Pradesh,CHHATARPUR,2000,Kharif,Arhar/Tur,11324,5065,0.447280113
Madhya Pradesh,CHHATARPUR,2000,Kharif,Bajra,20,10,0.5
Madhya Pradesh,CHHATARPUR,2000,Kharif,Dry ginger,202,137,0.678217822
Madhya Pradesh,CHHATARPUR,2000,Kharif,Groundnut,7332,4321,0.589334424
Madhya Pradesh,CHHATARPUR,2000,Kharif,Jowar,18835,12660,0.672152907
Madhya Pradesh,CHHATARPUR,2000,Kharif,Maize,621,538,0.866344605
Madhya Pradesh,CHHATARPUR,2000,Kharif,Niger seed,45,6,0.133333333
Madhya Pradesh,CHHATARPUR,2000,Kharif,Other Kharif pulses,38409,5870,0.152828764
Madhya Pradesh,CHHATARPUR,2000,Kharif,Rice,18249,8362,0.458216889
Madhya Pradesh,CHHATARPUR,2000,Kharif,Sesamum,33177,7429,0.223920186
Madhya Pradesh,CHHATARPUR,2000,Kharif,Small millets,5616,1148,0.204415954
Madhya Pradesh,CHHATARPUR,2000,Kharif,Soyabean,30462,11358,0.372857987
Madhya Pradesh,CHHATARPUR,2000,Rabi,Barley,10256,11691,1.139918097
Madhya Pradesh,CHHATARPUR,2000,Rabi,Gram,74467,65531,0.880000537
Madhya Pradesh,CHHATARPUR,2000,Rabi,Linseed,12199,4729,0.387654726
Madhya Pradesh,CHHATARPUR,2000,Rabi,Other  Rabi pulses,32766,8599,0.262436672
Madhya Pradesh,CHHATARPUR,2000,Rabi,Rapeseed &Mustard,10501,2460,0.234263403
Madhya Pradesh,CHHATARPUR,2000,Rabi,Wheat,132233,203349,1.537808263
Madhya Pradesh,CHHATARPUR,2000,Whole Year,Coriander,460,85,0.184782609
Madhya Pradesh,CHHATARPUR,2000,Whole Year,Dry chillies,641,119,0.185647426
Madhya Pradesh,CHHATARPUR,2000,Whole Year,Garlic,104,200,1.923076923
Madhya Pradesh,CHHATARPUR,2000,Whole Year,Onion,637,5838,9.164835165
Madhya Pradesh,CHHATARPUR,2000,Whole Year,Sannhamp,637,661,1.037676609
Madhya Pradesh,CHHATARPUR,2000,Whole Year,Sugarcane,314,3470,11.05095541
Madhya Pradesh,CHHATARPUR,2000,Whole Year,Turmeric,27,18,0.666666667
Madhya Pradesh,CHHATARPUR,2001,Kharif,Arhar/Tur,8738,4172,0.477454795
Madhya Pradesh,CHHATARPUR,2001,Kharif,Bajra,19,7,0.368421053
Madhya Pradesh,CHHATARPUR,2001,Kharif,Castor seed,3,1,0.333333333
Madhya Pradesh,CHHATARPUR,2001,Kharif,Dry ginger,369,269,0.72899729
Madhya Pradesh,CHHATARPUR,2001,Kharif,Groundnut,7621,5653,0.741766172
Madhya Pradesh,CHHATARPUR,2001,Kharif,Jowar,17548,14178,0.807955323
Madhya Pradesh,CHHATARPUR,2001,Kharif,Maize,644,691,1.072981366
Madhya Pradesh,CHHATARPUR,2001,Kharif,Niger seed,40,6,0.15
Madhya Pradesh,CHHATARPUR,2001,Kharif,Other Kharif pulses,34364,6933,0.201751833
Madhya Pradesh,CHHATARPUR,2001,Kharif,Ragi,3,1,0.333333333
Madhya Pradesh,CHHATARPUR,2001,Kharif,Rice,17373,11855,0.682380706
Madhya Pradesh,CHHATARPUR,2001,Kharif,Sesamum,27915,6868,0.246032599
Madhya Pradesh,CHHATARPUR,2001,Kharif,Small millets,4684,1390,0.29675491
Madhya Pradesh,CHHATARPUR,2001,Kharif,Soyabean,23904,12095,0.505982262
Madhya Pradesh,CHHATARPUR,2001,Rabi,Barley,10667,13945,1.307302897
Madhya Pradesh,CHHATARPUR,2001,Rabi,Gram,87143,97600,1.119998164
Madhya Pradesh,CHHATARPUR,2001,Rabi,Linseed,11814,4868,0.412053496
Madhya Pradesh,CHHATARPUR,2001,Rabi,Other  Rabi pulses,32232,10273,0.318720526
Madhya Pradesh,CHHATARPUR,2001,Rabi,Rapeseed &Mustard,10524,3218,0.305777271
Madhya Pradesh,CHHATARPUR,2001,Rabi,Safflower,2,0.01,0.005
Madhya Pradesh,CHHATARPUR,2001,Rabi,Wheat,135877,238501,1.755271312
Madhya Pradesh,CHHATARPUR,2001,Whole Year,Banana,6,169,28.16666667
Madhya Pradesh,CHHATARPUR,2001,Whole Year,Coriander,535,101,0.188785047
Madhya Pradesh,CHHATARPUR,2001,Whole Year,Dry chillies,735,197,0.268027211
Madhya Pradesh,CHHATARPUR,2001,Whole Year,Garlic,141,281,1.992907801
Madhya Pradesh,CHHATARPUR,2001,Whole Year,Onion,670,6358,9.489552239
Madhya Pradesh,CHHATARPUR,2001,Whole Year,Potato,1253,12371,9.873104549
Madhya Pradesh,CHHATARPUR,2001,Whole Year,Sannhamp,637,933,1.464678179
Madhya Pradesh,CHHATARPUR,2001,Whole Year,Sugarcane,167,3730,22.33532934
Madhya Pradesh,CHHATARPUR,2001,Whole Year,Sweet potato,362,1905,5.262430939
Madhya Pradesh,CHHATARPUR,2001,Whole Year,Tobacco,72,32,0.444444444
Madhya Pradesh,CHHATARPUR,2001,Whole Year,Turmeric,43,29,0.674418605
Madhya Pradesh,CHHATARPUR,2002,Kharif,Arhar/Tur,8183,2414,0.295001833
Madhya Pradesh,CHHATARPUR,2002,Kharif,Bajra,35,9,0.257142857
Madhya Pradesh,CHHATARPUR,2002,Kharif,Castor seed,14,3,0.214285714
Madhya Pradesh,CHHATARPUR,2002,Kharif,Dry ginger,501,259,0.516966068
Madhya Pradesh,CHHATARPUR,2002,Kharif,Groundnut,6855,2575,0.37563822
Madhya Pradesh,CHHATARPUR,2002,Kharif,Jowar,15938,9065,0.56876647
Madhya Pradesh,CHHATARPUR,2002,Kharif,Maize,647,543,0.839258114
Madhya Pradesh,CHHATARPUR,2002,Kharif,Niger seed,29,3,0.103448276
Madhya Pradesh,CHHATARPUR,2002,Kharif,Other Kharif pulses,34405,5637,0.163842465
Madhya Pradesh,CHHATARPUR,2002,Kharif,Ragi,5,1,0.2
Madhya Pradesh,CHHATARPUR,2002,Kharif,Rice,14845,6585,0.443583698
Madhya Pradesh,CHHATARPUR,2002,Kharif,Sesamum,26803,6084,0.226989516
Madhya Pradesh,CHHATARPUR,2002,Kharif,Small millets,3565,775,0.217391304
Madhya Pradesh,CHHATARPUR,2002,Kharif,Soyabean,15201,4526,0.29774357
Madhya Pradesh,CHHATARPUR,2002,Rabi,Barley,10875,15527,1.427770115
Madhya Pradesh,CHHATARPUR,2002,Rabi,Gram,98601,97221,0.986004199
Madhya Pradesh,CHHATARPUR,2002,Rabi,Linseed,11353,4618,0.406764732
Madhya Pradesh,CHHATARPUR,2002,Rabi,Other  Rabi pulses,30423,9432,0.310028597
Madhya Pradesh,CHHATARPUR,2002,Rabi,Rapeseed &Mustard,10755,3159,0.293723849
Madhya Pradesh,CHHATARPUR,2002,Rabi,Safflower,1,0.01,0.01
Madhya Pradesh,CHHATARPUR,2002,Rabi,Wheat,131359,192925,1.468685054
Madhya Pradesh,CHHATARPUR,2002,Whole Year,Banana,6,166,27.66666667
Madhya Pradesh,CHHATARPUR,2002,Whole Year,Bhindi,121,0,0
Madhya Pradesh,CHHATARPUR,2002,Whole Year,Brinjal,1249,0,0
Madhya Pradesh,CHHATARPUR,2002,Whole Year,Cauliflower,57,0,0
Madhya Pradesh,CHHATARPUR,2002,Whole Year,Citrus Fruit,10,0,0
Madhya Pradesh,CHHATARPUR,2002,Whole Year,Coriander,540,100,0.185185185
Madhya Pradesh,CHHATARPUR,2002,Whole Year,Dry chillies,762,232,0.304461942
Madhya Pradesh,CHHATARPUR,2002,Whole Year,Garlic,125,249,1.992
Madhya Pradesh,CHHATARPUR,2002,Whole Year,Mango,32,0,0
Madhya Pradesh,CHHATARPUR,2002,Whole Year,Onion,726,6619,9.11707989
Madhya Pradesh,CHHATARPUR,2002,Whole Year,Other Vegetables,1065,0,0
Madhya Pradesh,CHHATARPUR,2002,Whole Year,Papaya,62,0,0
Madhya Pradesh,CHHATARPUR,2002,Whole Year,Pome Fruit,62,0,0
Madhya Pradesh,CHHATARPUR,2002,Whole Year,Potato,1229,11376,9.25630594
Madhya Pradesh,CHHATARPUR,2002,Whole Year,Sannhamp,668,739,1.106287425
Madhya Pradesh,CHHATARPUR,2002,Whole Year,Sugarcane,171,3820,22.33918129
Madhya Pradesh,CHHATARPUR,2002,Whole Year,Sweet potato,309,1684,5.449838188
Madhya Pradesh,CHHATARPUR,2002,Whole Year,Tobacco,54,21,0.388888889
Madhya Pradesh,CHHATARPUR,2002,Whole Year,Tomato,1243,0,0
Madhya Pradesh,CHHATARPUR,2003,Kharif,Arhar/Tur,8459,4462,0.527485518
Madhya Pradesh,CHHATARPUR,2003,Kharif,Bajra,32,17,0.53125
Madhya Pradesh,CHHATARPUR,2003,Kharif,Castor seed,8,2,0.25
Madhya Pradesh,CHHATARPUR,2003,Kharif,Dry ginger,465,290,0.623655914
Madhya Pradesh,CHHATARPUR,2003,Kharif,Groundnut,7058,4936,0.699348257
Madhya Pradesh,CHHATARPUR,2003,Kharif,Jowar,17020,16245,0.954465335
Madhya Pradesh,CHHATARPUR,2003,Kharif,Maize,675,797,1.180740741
Madhya Pradesh,CHHATARPUR,2003,Kharif,Niger seed,66,7,0.106060606
Madhya Pradesh,CHHATARPUR,2003,Kharif,Other Kharif pulses,43364,7135,0.164537404
Madhya Pradesh,CHHATARPUR,2003,Kharif,Rice,16219,13881,0.855848079
Madhya Pradesh,CHHATARPUR,2003,Kharif,Sesamum,31053,8828,0.284288153
Madhya Pradesh,CHHATARPUR,2003,Kharif,Small millets,3738,1291,0.345371857
Madhya Pradesh,CHHATARPUR,2003,Kharif,Soyabean,17617,11701,0.664188
Madhya Pradesh,CHHATARPUR,2003,Kharif,Urad,37486,6142,0.163847837
Madhya Pradesh,CHHATARPUR,2003,Rabi,Barley,11047,15069,1.364080746
Madhya Pradesh,CHHATARPUR,2003,Rabi,Gram,99289,114381,1.152000725
Madhya Pradesh,CHHATARPUR,2003,Rabi,Horse-gram,3,1,0.333333333
Madhya Pradesh,CHHATARPUR,2003,Rabi,Linseed,10707,4710,0.439899131
Madhya Pradesh,CHHATARPUR,2003,Rabi,Other  Rabi pulses,31819,10528,0.330871492
Madhya Pradesh,CHHATARPUR,2003,Rabi,Rapeseed &Mustard,10792,3822,0.354151223
Madhya Pradesh,CHHATARPUR,2003,Rabi,Wheat,145293,249562,1.717646411
Madhya Pradesh,CHHATARPUR,2003,Whole Year,Banana,4,0,0
Madhya Pradesh,CHHATARPUR,2003,Whole Year,Bhindi,130,0,0
Madhya Pradesh,CHHATARPUR,2003,Whole Year,Brinjal,1105,0,0
Madhya Pradesh,CHHATARPUR,2003,Whole Year,Cauliflower,153,0,0
Madhya Pradesh,CHHATARPUR,2003,Whole Year,Citrus Fruit,9,0,0
Madhya Pradesh,CHHATARPUR,2003,Whole Year,Coriander,596,114,0.191275168
Madhya Pradesh,CHHATARPUR,2003,Whole Year,Dry chillies,872,269,0.308486239
Madhya Pradesh,CHHATARPUR,2003,Whole Year,Garlic,162,322,1.987654321
Madhya Pradesh,CHHATARPUR,2003,Whole Year,Mango,27,0,0
Madhya Pradesh,CHHATARPUR,2003,Whole Year,Onion,769,6561,8.531859558
Madhya Pradesh,CHHATARPUR,2003,Whole Year,Orange,3,0,0
Madhya Pradesh,CHHATARPUR,2003,Whole Year,Other Vegetables,1525,0,0
Madhya Pradesh,CHHATARPUR,2003,Whole Year,Papaya,72,1892,26.27777778
Madhya Pradesh,CHHATARPUR,2003,Whole Year,Pome Fruit,47,0,0
Madhya Pradesh,CHHATARPUR,2003,Whole Year,Potato,1277,12552,9.829287392
Madhya Pradesh,CHHATARPUR,2003,Whole Year,Sannhamp,699,1050,1.502145923
Madhya Pradesh,CHHATARPUR,2003,Whole Year,Sugarcane,118,2820,23.89830508
Madhya Pradesh,CHHATARPUR,2003,Whole Year,Sweet potato,372,2062,5.543010753
Madhya Pradesh,CHHATARPUR,2003,Whole Year,Tomato,1061,0,0
Madhya Pradesh,CHHATARPUR,2003,Whole Year,Turmeric,77,57,0.74025974
Madhya Pradesh,CHHATARPUR,2004,Kharif,Arhar/Tur,8455,3805,0.450029568
Madhya Pradesh,CHHATARPUR,2004,Kharif,Bajra,40,22,0.55
Madhya Pradesh,CHHATARPUR,2004,Kharif,Castor seed,5,1,0.2
Madhya Pradesh,CHHATARPUR,2004,Kharif,Dry ginger,561,380,0.677361854
Madhya Pradesh,CHHATARPUR,2004,Kharif,Groundnut,6857,4434,0.646638472
Madhya Pradesh,CHHATARPUR,2004,Kharif,Horse-gram,5,1,0.2
Madhya Pradesh,CHHATARPUR,2004,Kharif,Jowar,16522,14777,0.894383247
Madhya Pradesh,CHHATARPUR,2004,Kharif,Maize,730,664,0.909589041
Madhya Pradesh,CHHATARPUR,2004,Kharif,Niger seed,99,13,0.131313131
Madhya Pradesh,CHHATARPUR,2004,Kharif,Rice,15682,10424,0.664711134
Madhya Pradesh,CHHATARPUR,2004,Kharif,Sesamum,38602,16247,0.420884928
Madhya Pradesh,CHHATARPUR,2004,Kharif,Small millets,3262,1142,0.350091968
Madhya Pradesh,CHHATARPUR,2004,Kharif,Soyabean,22837,12309,0.538993738
Madhya Pradesh,CHHATARPUR,2004,Kharif,Urad,41380,8375,0.20239246
Madhya Pradesh,CHHATARPUR,2004,Rabi,Barley,10425,12842,1.231846523
Madhya Pradesh,CHHATARPUR,2004,Rabi,Gram,102883,117184,1.139002556
Madhya Pradesh,CHHATARPUR,2004,Rabi,Linseed,11338,5039,0.444434645
Madhya Pradesh,CHHATARPUR,2004,Rabi,Masoor,11147,3535,0.317125684
Madhya Pradesh,CHHATARPUR,2004,Rabi,Rapeseed &Mustard,13267,4772,0.359689455
Madhya Pradesh,CHHATARPUR,2004,Rabi,Urad,4,1,0.25
Madhya Pradesh,CHHATARPUR,2004,Rabi,Wheat,143398,243744,1.699772661
Madhya Pradesh,CHHATARPUR,2004,Whole Year,Coriander,563,108,0.191829485
Madhya Pradesh,CHHATARPUR,2004,Whole Year,Garlic,155,308,1.987096774
Madhya Pradesh,CHHATARPUR,2004,Whole Year,Onion,812,8068,9.935960591
Madhya Pradesh,CHHATARPUR,2004,Whole Year,Potato,1235,13559,10.97894737
Madhya Pradesh,CHHATARPUR,2004,Whole Year,Sugarcane,123,2510,20.40650407
Madhya Pradesh,CHHATARPUR,2004,Whole Year,Sweet potato,404,2278,5.638613861
Madhya Pradesh,CHHATARPUR,2004,Whole Year,Turmeric,58,43,0.74137931
Madhya Pradesh,CHHATARPUR,2005,Kharif,Arhar/Tur,8043,3373,0.419370882
Madhya Pradesh,CHHATARPUR,2005,Kharif,Bajra,44,21,0.477272727
Madhya Pradesh,CHHATARPUR,2005,Kharif,Groundnut,7376,4233,0.573888286
Madhya Pradesh,CHHATARPUR,2005,Kharif,Horse-gram,7,1,0.142857143
Madhya Pradesh,CHHATARPUR,2005,Kharif,Jowar,14605,12715,0.870592263
Madhya Pradesh,CHHATARPUR,2005,Kharif,Maize,693,600,0.865800866
Madhya Pradesh,CHHATARPUR,2005,Kharif,Moong(Green Gram),5795,1202,0.20742019
Madhya Pradesh,CHHATARPUR,2005,Kharif,Niger seed,38,5,0.131578947
Madhya Pradesh,CHHATARPUR,2005,Kharif,Rice,15080,9702,0.6433687
Madhya Pradesh,CHHATARPUR,2005,Kharif,Sesamum,41958,14065,0.335216169
Madhya Pradesh,CHHATARPUR,2005,Kharif,Small millets,1315,357,0.27148289
Madhya Pradesh,CHHATARPUR,2005,Kharif,Soyabean,23280,11387,0.489132302
Madhya Pradesh,CHHATARPUR,2005,Kharif,Urad,38519,7611,0.197590799
Madhya Pradesh,CHHATARPUR,2005,Rabi,Barley,10542,12391,1.175393663
Madhya Pradesh,CHHATARPUR,2005,Rabi,Gram,102505,108655,1.059997073
Madhya Pradesh,CHHATARPUR,2005,Rabi,Linseed,10692,4602,0.430415264
Madhya Pradesh,CHHATARPUR,2005,Rabi,Masoor,13129,4252,0.323863204
Madhya Pradesh,CHHATARPUR,2005,Rabi,Peas & beans (Pulses),31220,10565,0.338404869
Madhya Pradesh,CHHATARPUR,2005,Rabi,Rapeseed &Mustard,17388,5593,0.321658615
Madhya Pradesh,CHHATARPUR,2005,Rabi,Urad,31,7,0.225806452
Madhya Pradesh,CHHATARPUR,2005,Rabi,Wheat,141982,200171,1.409833641
Madhya Pradesh,CHHATARPUR,2005,Whole Year,Onion,888,7121,8.019144144
Madhya Pradesh,CHHATARPUR,2005,Whole Year,Potato,1140,10808,9.480701754
Madhya Pradesh,CHHATARPUR,2005,Whole Year,Sugarcane,124,2640,21.29032258
Madhya Pradesh,CHHATARPUR,2005,Whole Year,Sweet potato,512,2421,4.728515625
Madhya Pradesh,CHHATARPUR,2006,Kharif,Arhar/Tur,7062,2815,0.398612291
Madhya Pradesh,CHHATARPUR,2006,Kharif,Bajra,236,121,0.512711864
Madhya Pradesh,CHHATARPUR,2006,Kharif,Castor seed,11,3,0.272727273
Madhya Pradesh,CHHATARPUR,2006,Kharif,Dry ginger,495,315,0.636363636
Madhya Pradesh,CHHATARPUR,2006,Kharif,Groundnut,6472,3142,0.485475896
Madhya Pradesh,CHHATARPUR,2006,Kharif,Jowar,13802,9684,0.701637444
Madhya Pradesh,CHHATARPUR,2006,Kharif,Jute,797,983,1.233375157
Madhya Pradesh,CHHATARPUR,2006,Kharif,Maize,611,309,0.505728314
Madhya Pradesh,CHHATARPUR,2006,Kharif,Mesta,2,3,1.5
Madhya Pradesh,CHHATARPUR,2006,Kharif,Moong(Green Gram),4518,826,0.182824259
Madhya Pradesh,CHHATARPUR,2006,Kharif,Niger seed,37,5,0.135135135
Madhya Pradesh,CHHATARPUR,2006,Kharif,Other Kharif pulses,26,6,0.230769231
Madhya Pradesh,CHHATARPUR,2006,Kharif,Rice,11865,5017,0.422840287
Madhya Pradesh,CHHATARPUR,2006,Kharif,Small millets,1871,567,0.303046499
Madhya Pradesh,CHHATARPUR,2006,Kharif,Soyabean,22066,9425,0.427127708
Madhya Pradesh,CHHATARPUR,2006,Kharif,Urad,35790,6718,0.187706063
Madhya Pradesh,CHHATARPUR,2006,Rabi,Gram,76994,60671,0.787996467
Madhya Pradesh,CHHATARPUR,2006,Rabi,Horse-gram,1,,
Madhya Pradesh,CHHATARPUR,2006,Rabi,Khesari,46,33,0.717391304
Madhya Pradesh,CHHATARPUR,2006,Rabi,Linseed,10590,3405,0.321529745
Madhya Pradesh,CHHATARPUR,2006,Rabi,Masoor,9727,2194,0.225557726
Madhya Pradesh,CHHATARPUR,2006,Rabi,Moong(Green Gram),585,107,0.182905983
Madhya Pradesh,CHHATARPUR,2006,Rabi,Other  Rabi pulses,9,2,0.222222222
Madhya Pradesh,CHHATARPUR,2006,Rabi,Peas & beans (Pulses),20822,5186,0.249063491
Madhya Pradesh,CHHATARPUR,2006,Rabi,Rapeseed &Mustard,12409,3205,0.25828028
Madhya Pradesh,CHHATARPUR,2006,Rabi,Small millets,2,,
Madhya Pradesh,CHHATARPUR,2006,Rabi,Urad,7,1,0.142857143
Madhya Pradesh,CHHATARPUR,2006,Rabi,Wheat,101758,119213,1.171534425
Madhya Pradesh,CHHATARPUR,2006,Whole Year,Banana,5,,
Madhya Pradesh,CHHATARPUR,2006,Whole Year,Coriander,463,74,0.159827214
Madhya Pradesh,CHHATARPUR,2006,Whole Year,Dry chillies,732,229,0.31284153
Madhya Pradesh,CHHATARPUR,2006,Whole Year,Garlic,116,196,1.689655172
Madhya Pradesh,CHHATARPUR,2006,Whole Year,Onion,614,4196,6.833876221
Madhya Pradesh,CHHATARPUR,2006,Whole Year,Potato,928,7325,7.893318966
Madhya Pradesh,CHHATARPUR,2006,Whole Year,Sesamum,37102,7776,0.209584389
Madhya Pradesh,CHHATARPUR,2006,Whole Year,Sugarcane,192,3530,18.38541667
Madhya Pradesh,CHHATARPUR,2006,Whole Year,Sweet potato,394,1863,4.728426396
Madhya Pradesh,CHHATARPUR,2006,Whole Year,Tobacco,66,23,0.348484848
Madhya Pradesh,CHHATARPUR,2006,Whole Year,Turmeric,89,61,0.685393258
Madhya Pradesh,CHHATARPUR,2007,Kharif,Arhar/Tur,8838,3326,0.376329486
Madhya Pradesh,CHHATARPUR,2007,Kharif,Bajra,263,115,0.437262357
Madhya Pradesh,CHHATARPUR,2007,Kharif,Groundnut,7507,3870,0.515518849
Madhya Pradesh,CHHATARPUR,2007,Kharif,Jowar,19941,15918,0.798254852
Madhya Pradesh,CHHATARPUR,2007,Kharif,Maize,686,430,0.626822157
Madhya Pradesh,CHHATARPUR,2007,Kharif,Rice,11344,3644,0.32122708
Madhya Pradesh,CHHATARPUR,2007,Kharif,Sannhamp,1003,230,0.229312064
Madhya Pradesh,CHHATARPUR,2007,Kharif,Soyabean,31903,9221,0.289032379
Madhya Pradesh,CHHATARPUR,2007,Kharif,Urad,61650,10963,0.17782644
Madhya Pradesh,CHHATARPUR,2007,Rabi,Barley,4864,4270,0.877878289
Madhya Pradesh,CHHATARPUR,2007,Rabi,Gram,51896,37676,0.725990442
Madhya Pradesh,CHHATARPUR,2007,Rabi,Khesari,43,17,0.395348837
Madhya Pradesh,CHHATARPUR,2007,Rabi,Linseed,8816,2575,0.292082577
Madhya Pradesh,CHHATARPUR,2007,Rabi,Masoor,7659,1639,0.213996605
Madhya Pradesh,CHHATARPUR,2007,Rabi,Peas & beans (Pulses),9418,2286,0.242726694
Madhya Pradesh,CHHATARPUR,2007,Rabi,Rapeseed &Mustard,7147,1720,0.240660417
Madhya Pradesh,CHHATARPUR,2007,Rabi,Urad,52,10,0.192307692
Madhya Pradesh,CHHATARPUR,2007,Rabi,Wheat,57707,60129,1.041970645
Madhya Pradesh,CHHATARPUR,2007,Whole Year,Coriander,269,39,0.144981413
Madhya Pradesh,CHHATARPUR,2007,Whole Year,Garlic,205,352,1.717073171
Madhya Pradesh,CHHATARPUR,2007,Whole Year,Onion,317,1911,6.028391167
Madhya Pradesh,CHHATARPUR,2007,Whole Year,Potato,566,3836,6.777385159
Madhya Pradesh,CHHATARPUR,2007,Whole Year,Sesamum,59951,20376,0.339877567
Madhya Pradesh,CHHATARPUR,2007,Whole Year,Sugarcane,172,2900,16.86046512
Madhya Pradesh,CHHATARPUR,2007,Whole Year,Sweet potato,414,1957,4.72705314
Madhya Pradesh,CHHATARPUR,2007,Whole Year,Tobacco,46,14,0.304347826
Madhya Pradesh,CHHATARPUR,2007,Whole Year,Turmeric,77,47,0.61038961
Madhya Pradesh,CHHATARPUR,2008,Kharif,Arhar/Tur,9087,4178,0.459777704
Madhya Pradesh,CHHATARPUR,2008,Kharif,Bajra,177,94,0.531073446
Madhya Pradesh,CHHATARPUR,2008,Kharif,Groundnut,7276,4790,0.658328752
Madhya Pradesh,CHHATARPUR,2008,Kharif,Jowar,18753,17541,0.935370341
Madhya Pradesh,CHHATARPUR,2008,Kharif,Maize,761,520,0.683311432
Madhya Pradesh,CHHATARPUR,2008,Kharif,Niger seed,16,2,0.125
Madhya Pradesh,CHHATARPUR,2008,Kharif,Rice,11323,7426,0.65583326
Madhya Pradesh,CHHATARPUR,2008,Kharif,Sannhamp,806,209,0.259305211
Madhya Pradesh,CHHATARPUR,2008,Kharif,Soyabean,33511,21341,0.636835666
Madhya Pradesh,CHHATARPUR,2008,Kharif,Urad,56331,13914,0.247004314
Madhya Pradesh,CHHATARPUR,2008,Rabi,Barley,10467,11875,1.134518009
Madhya Pradesh,CHHATARPUR,2008,Rabi,Gram,84268,86375,1.02500356
Madhya Pradesh,CHHATARPUR,2008,Rabi,Jowar,5,7,1.4
Madhya Pradesh,CHHATARPUR,2008,Rabi,Linseed,9938,4160,0.418595291
Madhya Pradesh,CHHATARPUR,2008,Rabi,Masoor,8734,2374,0.271811312
Madhya Pradesh,CHHATARPUR,2008,Rabi,Peas & beans (Pulses),16020,5115,0.31928839
Madhya Pradesh,CHHATARPUR,2008,Rabi,Rapeseed &Mustard,15993,5133,0.320952917
Madhya Pradesh,CHHATARPUR,2008,Rabi,Urad,57,13,0.228070175
Madhya Pradesh,CHHATARPUR,2008,Rabi,Wheat,128111,195792,1.528299678
Madhya Pradesh,CHHATARPUR,2008,Whole Year,Coriander,399,80,0.200501253
Madhya Pradesh,CHHATARPUR,2008,Whole Year,Garlic,158,267,1.689873418
Madhya Pradesh,CHHATARPUR,2008,Whole Year,Onion,736,4327,5.879076087
Madhya Pradesh,CHHATARPUR,2008,Whole Year,Potato,915,5668,6.194535519
Madhya Pradesh,CHHATARPUR,2008,Whole Year,Sesamum,58260,20344,0.349193272
Madhya Pradesh,CHHATARPUR,2008,Whole Year,Small millets,1698,516,0.303886926
Madhya Pradesh,CHHATARPUR,2008,Whole Year,Sugarcane,156,3660,23.46153846
Madhya Pradesh,CHHATARPUR,2008,Whole Year,Sweet potato,452,2095,4.634955752
Madhya Pradesh,CHHATARPUR,2008,Whole Year,Tobacco,153,55,0.359477124
Madhya Pradesh,CHHATARPUR,2008,Whole Year,Turmeric,149,91,0.610738255
Madhya Pradesh,CHHATARPUR,2009,Kharif,Cowpea(Lobia),72,17,0.236111111
Madhya Pradesh,CHHATARPUR,2009,Kharif,Jowar,18359,19426,1.058118634
Madhya Pradesh,CHHATARPUR,2009,Kharif,Moong(Green Gram),7432,1799,0.242061356
Madhya Pradesh,CHHATARPUR,2009,Kharif,Small millets,1279,396,0.309616888
Madhya Pradesh,CHHATARPUR,2009,Kharif,Urad,59490,14106,0.237115482
Madhya Pradesh,CHHATARPUR,2009,Rabi,Cowpea(Lobia),3,1,0.333333333
Madhya Pradesh,CHHATARPUR,2009,Rabi,Horse-gram,3,1,0.333333333
Madhya Pradesh,CHHATARPUR,2009,Rabi,Moong(Green Gram),383,83,0.216710183
Madhya Pradesh,CHHATARPUR,2009,Whole Year,Arhar/Tur,10232,4531,0.442826427
Madhya Pradesh,CHHATARPUR,2009,Whole Year,Bajra,16,8,0.5
Madhya Pradesh,CHHATARPUR,2009,Whole Year,Barley,10905,11754,1.077854195
Madhya Pradesh,CHHATARPUR,2009,Whole Year,Coriander,369,72,0.195121951
Madhya Pradesh,CHHATARPUR,2009,Whole Year,Dry chillies,845,483,0.571597633
Madhya Pradesh,CHHATARPUR,2009,Whole Year,Dry ginger,666,406,0.60960961
Madhya Pradesh,CHHATARPUR,2009,Whole Year,Garlic,126,212,1.682539683
Madhya Pradesh,CHHATARPUR,2009,Whole Year,Gram,91756,94417,1.029000828
Madhya Pradesh,CHHATARPUR,2009,Whole Year,Groundnut,7262,4557,0.627513082
Madhya Pradesh,CHHATARPUR,2009,Whole Year,Linseed,10345,4789,0.462928951
Madhya Pradesh,CHHATARPUR,2009,Whole Year,Maize,794,462,0.58186398
Madhya Pradesh,CHHATARPUR,2009,Whole Year,Masoor,8043,2280,0.283476315
Madhya Pradesh,CHHATARPUR,2009,Whole Year,Niger seed,86,11,0.127906977
Madhya Pradesh,CHHATARPUR,2009,Whole Year,Onion,707,4309,6.09476662
Madhya Pradesh,CHHATARPUR,2009,Whole Year,Peas & beans (Pulses),13658,4361,0.319300044
Madhya Pradesh,CHHATARPUR,2009,Whole Year,Potato,1062,7243,6.820150659
Madhya Pradesh,CHHATARPUR,2009,Whole Year,Rapeseed &Mustard,18806,6240,0.331808997
Madhya Pradesh,CHHATARPUR,2009,Whole Year,Rice,9707,4427,0.456062635
Madhya Pradesh,CHHATARPUR,2009,Whole Year,Sannhamp,810,225,0.277777778
Madhya Pradesh,CHHATARPUR,2009,Whole Year,Sesamum,72720,24320,0.334433443
Madhya Pradesh,CHHATARPUR,2009,Whole Year,Soyabean,41644,26312,0.631831716
Madhya Pradesh,CHHATARPUR,2009,Whole Year,Sugarcane,81,1970,24.32098765
Madhya Pradesh,CHHATARPUR,2009,Whole Year,Sweet potato,377,1747,4.633952255
Madhya Pradesh,CHHATARPUR,2009,Whole Year,Tobacco,39,14,0.358974359
Madhya Pradesh,CHHATARPUR,2009,Whole Year,Turmeric,106,64,0.603773585
Madhya Pradesh,CHHATARPUR,2009,Whole Year,Wheat,142689,203935,1.4292272
Madhya Pradesh,CHHATARPUR,2010,Kharif,Arhar/Tur,12107,2184,0.180391509
Madhya Pradesh,CHHATARPUR,2010,Kharif,Bajra,26,14,0.538461538
Madhya Pradesh,CHHATARPUR,2010,Kharif,Cowpea(Lobia),91,14,0.153846154
Madhya Pradesh,CHHATARPUR,2010,Kharif,Groundnut,6458,5016,0.776711056
Madhya Pradesh,CHHATARPUR,2010,Kharif,Jowar,18132,21032,1.159938231
Madhya Pradesh,CHHATARPUR,2010,Kharif,Maize,781,480,0.614596671
Madhya Pradesh,CHHATARPUR,2010,Kharif,Moong(Green Gram),6742,1632,0.242064669
Madhya Pradesh,CHHATARPUR,2010,Kharif,Niger seed,7,1,0.142857143
Madhya Pradesh,CHHATARPUR,2010,Kharif,Rice,8872,5538,0.624211001
Madhya Pradesh,CHHATARPUR,2010,Kharif,Small millets,681,212,0.311306902
Madhya Pradesh,CHHATARPUR,2010,Kharif,Soyabean,47380,19632,0.414352047
Madhya Pradesh,CHHATARPUR,2010,Kharif,Urad,62157,14737,0.237093167
Madhya Pradesh,CHHATARPUR,2010,Rabi,Barley,11755,11382,0.968268822
Madhya Pradesh,CHHATARPUR,2010,Rabi,Cowpea(Lobia),5,1,0.2
Madhya Pradesh,CHHATARPUR,2010,Rabi,Gram,95219,88839,0.932996566
Madhya Pradesh,CHHATARPUR,2010,Rabi,Khesari,20,8,0.4
Madhya Pradesh,CHHATARPUR,2010,Rabi,Linseed,10037,2807,0.279665239
Madhya Pradesh,CHHATARPUR,2010,Rabi,Masoor,8839,1409,0.159407173
Madhya Pradesh,CHHATARPUR,2010,Rabi,Moong(Green Gram),323,41,0.126934985
Madhya Pradesh,CHHATARPUR,2010,Rabi,Peas & beans (Pulses),14237,2522,0.177144061
Madhya Pradesh,CHHATARPUR,2010,Rabi,Rapeseed &Mustard,18318,5270,0.287695163
Madhya Pradesh,CHHATARPUR,2010,Rabi,Urad,50,11,0.22
Madhya Pradesh,CHHATARPUR,2010,Rabi,Wheat,140174,169099,1.206350678
Madhya Pradesh,CHHATARPUR,2010,Whole Year,Banana,1,27,27
Madhya Pradesh,CHHATARPUR,2010,Whole Year,Coriander,342,66,0.192982456
Madhya Pradesh,CHHATARPUR,2010,Whole Year,Dry chillies,903,698,0.772978959
Madhya Pradesh,CHHATARPUR,2010,Whole Year,Dry ginger,765,446,0.583006536
Madhya Pradesh,CHHATARPUR,2010,Whole Year,Garlic,134,143,1.067164179
Madhya Pradesh,CHHATARPUR,2010,Whole Year,Onion,798,4335,5.432330827
Madhya Pradesh,CHHATARPUR,2010,Whole Year,Potato,1243,6178,4.970233307
Madhya Pradesh,CHHATARPUR,2010,Whole Year,Sannhamp,798,1227,1.537593985
Madhya Pradesh,CHHATARPUR,2010,Whole Year,Sesamum,76417,26825,0.351034456
Madhya Pradesh,CHHATARPUR,2010,Whole Year,Sugarcane,81,1810,22.34567901
Madhya Pradesh,CHHATARPUR,2010,Whole Year,Sweet potato,345,977,2.831884058
Madhya Pradesh,CHHATARPUR,2010,Whole Year,Tobacco,49,18,0.367346939
Madhya Pradesh,CHHATARPUR,2010,Whole Year,Turmeric,129,45,0.348837209
Madhya Pradesh,CHHATARPUR,2011,Kharif,Arhar/Tur,14624,4040,0.276258206
Madhya Pradesh,CHHATARPUR,2011,Kharif,Bajra,19,8,0.421052632
Madhya Pradesh,CHHATARPUR,2011,Kharif,Barley,15447,17489,1.132193954
Madhya Pradesh,CHHATARPUR,2011,Kharif,Groundnut,5943,4632,0.779404341
Madhya Pradesh,CHHATARPUR,2011,Kharif,Jowar,16427,12032,0.732452669
Madhya Pradesh,CHHATARPUR,2011,Kharif,Maize,824,329,0.399271845
Madhya Pradesh,CHHATARPUR,2011,Kharif,Moong(Green Gram),7098,922,0.129895745
Madhya Pradesh,CHHATARPUR,2011,Kharif,Other Kharif pulses,53,8,0.150943396
Madhya Pradesh,CHHATARPUR,2011,Kharif,Rice,7242,6445,0.889947528
Madhya Pradesh,CHHATARPUR,2011,Kharif,Sannhamp,863,706,0.818076477
Madhya Pradesh,CHHATARPUR,2011,Kharif,Small millets,448,143,0.319196429
Madhya Pradesh,CHHATARPUR,2011,Kharif,Soyabean,60896,25358,0.416414871
Madhya Pradesh,CHHATARPUR,2011,Kharif,Urad,62735,7778,0.123981828
Madhya Pradesh,CHHATARPUR,2011,Rabi,Gram,87986,132806,1.509399223
Madhya Pradesh,CHHATARPUR,2011,Rabi,Khesari,23,10,0.434782609
Madhya Pradesh,CHHATARPUR,2011,Rabi,Linseed,8535,3737,0.437844171
Madhya Pradesh,CHHATARPUR,2011,Rabi,Masoor,8872,1500,0.169071235
Madhya Pradesh,CHHATARPUR,2011,Rabi,Moong(Green Gram),284,39,0.137323944
Madhya Pradesh,CHHATARPUR,2011,Rabi,Other  Rabi pulses,31,6,0.193548387
Madhya Pradesh,CHHATARPUR,2011,Rabi,Peas & beans (Pulses),13089,2460,0.187944075
Madhya Pradesh,CHHATARPUR,2011,Rabi,Rapeseed &Mustard,18036,5606,0.310822799
Madhya Pradesh,CHHATARPUR,2011,Rabi,Urad,208,26,0.125
Madhya Pradesh,CHHATARPUR,2011,Rabi,Wheat,163932,412496,2.516262841
Madhya Pradesh,CHHATARPUR,2011,Whole Year,Banana,1,,
Madhya Pradesh,CHHATARPUR,2011,Whole Year,Coriander,458,92,0.200873362
Madhya Pradesh,CHHATARPUR,2011,Whole Year,Dry chillies,1106,418,0.377938517
Madhya Pradesh,CHHATARPUR,2011,Whole Year,Dry ginger,880,327,0.371590909
Madhya Pradesh,CHHATARPUR,2011,Whole Year,Garlic,140,144,1.028571429
Madhya Pradesh,CHHATARPUR,2011,Whole Year,Onion,876,4986,5.691780822
Madhya Pradesh,CHHATARPUR,2011,Whole Year,Potato,1444,8229,5.698753463
Madhya Pradesh,CHHATARPUR,2011,Whole Year,Sesamum,76636,27499,0.358826139
Madhya Pradesh,CHHATARPUR,2011,Whole Year,Sugarcane,84,1370,16.30952381
Madhya Pradesh,CHHATARPUR,2011,Whole Year,Sweet potato,383,1085,2.832898172
Madhya Pradesh,CHHATARPUR,2011,Whole Year,Tobacco,73,17,0.232876712
Madhya Pradesh,CHHATARPUR,2011,Whole Year,Turmeric,111,43,0.387387387
Madhya Pradesh,CHHATARPUR,2012,Kharif,Arhar/Tur,10547,2125,0.201479094
Madhya Pradesh,CHHATARPUR,2012,Kharif,Barley,15897,15650,0.984462477
Madhya Pradesh,CHHATARPUR,2012,Kharif,Groundnut,9637,13357,1.386012244
Madhya Pradesh,CHHATARPUR,2012,Kharif,Jowar,12785,17267,1.350567071
Madhya Pradesh,CHHATARPUR,2012,Kharif,Maize,563,305,0.541740675
Madhya Pradesh,CHHATARPUR,2012,Kharif,Moong(Green Gram),8615,2291,0.265931515
Madhya Pradesh,CHHATARPUR,2012,Kharif,Other Kharif pulses,38,10,0.263157895
Madhya Pradesh,CHHATARPUR,2012,Kharif,Rice,5791,2167,0.374201347
Madhya Pradesh,CHHATARPUR,2012,Kharif,Sannhamp,621,955,1.53784219
Madhya Pradesh,CHHATARPUR,2012,Kharif,Small millets,244,62,0.254098361
Madhya Pradesh,CHHATARPUR,2012,Kharif,Soyabean,73206,61806,0.844275059
Madhya Pradesh,CHHATARPUR,2012,Kharif,Urad,73143,23749,0.324692725
Madhya Pradesh,CHHATARPUR,2012,Rabi,Gram,92367,117364,1.270626956
Madhya Pradesh,CHHATARPUR,2012,Rabi,Khesari,18,7,0.388888889
Madhya Pradesh,CHHATARPUR,2012,Rabi,Linseed,8266,3516,0.425356884
Madhya Pradesh,CHHATARPUR,2012,Rabi,Masoor,8437,3125,0.37039232
Madhya Pradesh,CHHATARPUR,2012,Rabi,Moong(Green Gram),353,96,0.271954674
Madhya Pradesh,CHHATARPUR,2012,Rabi,Other  Rabi pulses,29,9,0.310344828
Madhya Pradesh,CHHATARPUR,2012,Rabi,Peas & beans (Pulses),11866,8181,0.689448845
Madhya Pradesh,CHHATARPUR,2012,Rabi,Rapeseed &Mustard,19916,6183,0.310453906
Madhya Pradesh,CHHATARPUR,2012,Rabi,Urad,204,30,0.147058824
Madhya Pradesh,CHHATARPUR,2012,Rabi,Wheat,176279,436147,2.474185808
Madhya Pradesh,CHHATARPUR,2012,Whole Year,Banana,1,,
Madhya Pradesh,CHHATARPUR,2012,Whole Year,Coriander,443,93,0.20993228
Madhya Pradesh,CHHATARPUR,2012,Whole Year,Dry chillies,1067,491,0.460168697
Madhya Pradesh,CHHATARPUR,2012,Whole Year,Dry ginger,845,571,0.675739645
Madhya Pradesh,CHHATARPUR,2012,Whole Year,Garlic,163,313,1.920245399
Madhya Pradesh,CHHATARPUR,2012,Whole Year,Onion,909,6164,6.781078108
Madhya Pradesh,CHHATARPUR,2012,Whole Year,Potato,1512,10309,6.818121693
Madhya Pradesh,CHHATARPUR,2012,Whole Year,Sesamum,76441,34712,0.454101856
Madhya Pradesh,CHHATARPUR,2012,Whole Year,Sugarcane,70,1530,21.85714286
Madhya Pradesh,CHHATARPUR,2012,Whole Year,Sweet potato,357,1992,5.579831933
Madhya Pradesh,CHHATARPUR,2012,Whole Year,Tobacco,77,33,0.428571429
Madhya Pradesh,CHHATARPUR,2012,Whole Year,Turmeric,120,83,0.691666667
Madhya Pradesh,CHHATARPUR,2013,Kharif,Arhar/Tur,9785,2800,0.286152274
Madhya Pradesh,CHHATARPUR,2013,Kharif,Bajra,73,45,0.616438356
Madhya Pradesh,CHHATARPUR,2013,Kharif,Barley,19960,21008,1.05250501
Madhya Pradesh,CHHATARPUR,2013,Kharif,Groundnut,11054,12292,1.111995658
Madhya Pradesh,CHHATARPUR,2013,Kharif,Jowar,10340,5439,0.526015474
Madhya Pradesh,CHHATARPUR,2013,Kharif,Maize,530,411,0.775471698
Madhya Pradesh,CHHATARPUR,2013,Kharif,Moong(Green Gram),8858,3229,0.364529239
Madhya Pradesh,CHHATARPUR,2013,Kharif,Other Kharif pulses,60,17,0.283333333
Madhya Pradesh,CHHATARPUR,2013,Kharif,Rice,5369,4745,0.88377724
Madhya Pradesh,CHHATARPUR,2013,Kharif,Sannhamp,685,2189,3.195620438
Madhya Pradesh,CHHATARPUR,2013,Kharif,Small millets,108,64,0.592592593
Madhya Pradesh,CHHATARPUR,2013,Kharif,Soyabean,88287,52767,0.597675762
Madhya Pradesh,CHHATARPUR,2013,Kharif,Urad,70689,28616,0.404815459
Madhya Pradesh,CHHATARPUR,2013,Rabi,Gram,93687,28072,0.299636022
Madhya Pradesh,CHHATARPUR,2013,Rabi,Jowar,831,1070,1.287605295
Madhya Pradesh,CHHATARPUR,2013,Rabi,Linseed,6885,2658,0.386056645
Madhya Pradesh,CHHATARPUR,2013,Rabi,Masoor,7896,2906,0.368034448
Madhya Pradesh,CHHATARPUR,2013,Rabi,Moong(Green Gram),399,163,0.408521303
Madhya Pradesh,CHHATARPUR,2013,Rabi,Other  Rabi pulses,56,15,0.267857143
Madhya Pradesh,CHHATARPUR,2013,Rabi,Peas & beans (Pulses),13246,8026,0.605918768
Madhya Pradesh,CHHATARPUR,2013,Rabi,Rapeseed &Mustard,21036,9299,0.442051721
Madhya Pradesh,CHHATARPUR,2013,Rabi,Urad,278,103,0.370503597
Madhya Pradesh,CHHATARPUR,2013,Rabi,Wheat,192585,434619,2.256764546
Madhya Pradesh,CHHATARPUR,2013,Whole Year,Banana,1,,
Madhya Pradesh,CHHATARPUR,2013,Whole Year,Coriander,536,98,0.182835821
Madhya Pradesh,CHHATARPUR,2013,Whole Year,Dry chillies,1133,255,0.225066196
Madhya Pradesh,CHHATARPUR,2013,Whole Year,Dry ginger,910,760,0.835164835
Madhya Pradesh,CHHATARPUR,2013,Whole Year,Garlic,176,344,1.954545455
Madhya Pradesh,CHHATARPUR,2013,Whole Year,Onion,1047,5979,5.710601719
Madhya Pradesh,CHHATARPUR,2013,Whole Year,Potato,1660,10673,6.429518072
Madhya Pradesh,CHHATARPUR,2013,Whole Year,Sesamum,69322,17810,0.256916996
Madhya Pradesh,CHHATARPUR,2013,Whole Year,Sugarcane,266,9680,36.39097744
Madhya Pradesh,CHHATARPUR,2013,Whole Year,Sweet potato,454,2233,4.918502203
Madhya Pradesh,CHHATARPUR,2013,Whole Year,Tobacco,53,22,0.41509434
Madhya Pradesh,CHHATARPUR,2013,Whole Year,Turmeric,102,75,0.735294118
Madhya Pradesh,CHHINDWARA,1997,Kharif,Arhar/Tur,23600,25000,1.059322034
Madhya Pradesh,CHHINDWARA,1997,Kharif,Bajra,200,200,1
Madhya Pradesh,CHHINDWARA,1997,Kharif,Cotton(lint),14600,27000,1.849315068
Madhya Pradesh,CHHINDWARA,1997,Kharif,Groundnut,26800,32000,1.194029851
Madhya Pradesh,CHHINDWARA,1997,Kharif,Jowar,62100,26600,0.428341385
Madhya Pradesh,CHHINDWARA,1997,Kharif,Maize,53600,145800,2.720149254
Madhya Pradesh,CHHINDWARA,1997,Kharif,Paddy,19700,14900,0.756345178
Madhya Pradesh,CHHINDWARA,1997,Kharif,Sesamum,1700,300,0.176470588
Madhya Pradesh,CHHINDWARA,1997,Kharif,Small millets,55700,9800,0.175942549
Madhya Pradesh,CHHINDWARA,1997,Kharif,Soyabean,134800,155300,1.152077151
Madhya Pradesh,CHHINDWARA,1997,Kharif,Sunflower,500,300,0.6
Madhya Pradesh,CHHINDWARA,1997,Rabi,Jowar,100,100,1
Madhya Pradesh,CHHINDWARA,1997,Rabi,Linseed,1600,300,0.1875
Madhya Pradesh,CHHINDWARA,1997,Rabi,Rapeseed &Mustard,300,100,0.333333333
Madhya Pradesh,CHHINDWARA,1997,Rabi,Wheat,90300,86700,0.96013289
Madhya Pradesh,CHHINDWARA,1998,Kharif,Arhar/Tur,24200,41700,1.723140496
Madhya Pradesh,CHHINDWARA,1998,Kharif,Bajra,200,100,0.5
Madhya Pradesh,CHHINDWARA,1998,Kharif,Cotton(lint),15300,4800,0.31372549
Madhya Pradesh,CHHINDWARA,1998,Kharif,Groundnut,26400,30700,1.162878788
Madhya Pradesh,CHHINDWARA,1998,Kharif,Jowar,63200,36300,0.574367089
Madhya Pradesh,CHHINDWARA,1998,Kharif,Maize,55400,125300,2.261732852
Madhya Pradesh,CHHINDWARA,1998,Kharif,Rice,20100,8600,0.427860697
Madhya Pradesh,CHHINDWARA,1998,Kharif,Sesamum,1900,300,0.157894737
Madhya Pradesh,CHHINDWARA,1998,Kharif,Small millets,53200,8600,0.161654135
Madhya Pradesh,CHHINDWARA,1998,Kharif,Soyabean,125200,83400,0.666134185
Madhya Pradesh,CHHINDWARA,1998,Kharif,Sunflower,500,200,0.4
Madhya Pradesh,CHHINDWARA,1998,Rabi,Gram,27100,30200,1.114391144
Madhya Pradesh,CHHINDWARA,1998,Rabi,Jowar,100,200,2
Madhya Pradesh,CHHINDWARA,1998,Rabi,Linseed,1500,600,0.4
Madhya Pradesh,CHHINDWARA,1998,Rabi,Rapeseed &Mustard,500,300,0.6
Madhya Pradesh,CHHINDWARA,1998,Rabi,Wheat,101800,171200,1.68172888
Madhya Pradesh,CHHINDWARA,1998,Whole Year,Sugarcane,13903,370000,26.61296123
Madhya Pradesh,CHHINDWARA,1999,Kharif,Arhar/Tur,25071,38862,1.550077779
Madhya Pradesh,CHHINDWARA,1999,Kharif,Bajra,92,56,0.608695652
Madhya Pradesh,CHHINDWARA,1999,Kharif,Castor seed,29,12,0.413793103
Madhya Pradesh,CHHINDWARA,1999,Kharif,Cotton(lint),19737,31105,1.575974059
Madhya Pradesh,CHHINDWARA,1999,Kharif,Dry ginger,530,1098,2.071698113
Madhya Pradesh,CHHINDWARA,1999,Kharif,Groundnut,29732,33837,1.138066729
Madhya Pradesh,CHHINDWARA,1999,Kharif,Jowar,65961,44128,0.66900138
Madhya Pradesh,CHHINDWARA,1999,Kharif,Maize,84298,188815,2.239851479
Madhya Pradesh,CHHINDWARA,1999,Kharif,Niger seed,29013,5244,0.180746562
Madhya Pradesh,CHHINDWARA,1999,Kharif,Other Kharif pulses,27280,5296,0.194134897
Madhya Pradesh,CHHINDWARA,1999,Kharif,Ragi,1,0.1,0.1
Madhya Pradesh,CHHINDWARA,1999,Kharif,Rice,25405,21098,0.830466444
Madhya Pradesh,CHHINDWARA,1999,Kharif,Sesamum,1979,395,0.199595755
Madhya Pradesh,CHHINDWARA,1999,Kharif,Soyabean,74226,68019,0.916377011
Madhya Pradesh,CHHINDWARA,1999,Kharif,Sunflower,160,72,0.45
Madhya Pradesh,CHHINDWARA,1999,Kharif,Urad,21105,3662,0.173513385
Madhya Pradesh,CHHINDWARA,1999,Rabi,Gram,28048,33051,1.17837279
Madhya Pradesh,CHHINDWARA,1999,Rabi,Jowar,108,201,1.861111111
Madhya Pradesh,CHHINDWARA,1999,Rabi,Linseed,1651,752,0.455481526
Madhya Pradesh,CHHINDWARA,1999,Rabi,Other  Rabi pulses,6440,3379,0.524689441
Madhya Pradesh,CHHINDWARA,1999,Rabi,Rapeseed &Mustard,623,345,0.553772071
Madhya Pradesh,CHHINDWARA,1999,Rabi,Safflower,8,3,0.375
Madhya Pradesh,CHHINDWARA,1999,Rabi,Wheat,104202,272719,2.617214641
Madhya Pradesh,CHHINDWARA,1999,Whole Year,Coriander,638,175,0.274294671
Madhya Pradesh,CHHINDWARA,1999,Whole Year,Dry chillies,2049,716,0.349438751
Madhya Pradesh,CHHINDWARA,1999,Whole Year,Garlic,943,4374,4.638388123
Madhya Pradesh,CHHINDWARA,1999,Whole Year,Onion,1036,20207,19.50482625
Madhya Pradesh,CHHINDWARA,1999,Whole Year,Potato,3139,58640,18.68110863
Madhya Pradesh,CHHINDWARA,1999,Whole Year,Sannhamp,732,1472,2.010928962
Madhya Pradesh,CHHINDWARA,1999,Whole Year,Sugarcane,8419,570460,67.75864117
Madhya Pradesh,CHHINDWARA,1999,Whole Year,Sweet potato,214,1121,5.238317757
Madhya Pradesh,CHHINDWARA,1999,Whole Year,Turmeric,10,10,1
Madhya Pradesh,CHHINDWARA,2000,Kharif,Arhar/Tur,22400,27360,1.221428571
Madhya Pradesh,CHHINDWARA,2000,Kharif,Bajra,315,231,0.733333333
Madhya Pradesh,CHHINDWARA,2000,Kharif,Castor seed,25,8,0.32
Madhya Pradesh,CHHINDWARA,2000,Kharif,Cotton(lint),24796,36862,1.486610744
Madhya Pradesh,CHHINDWARA,2000,Kharif,Dry ginger,538,836,1.553903346
Madhya Pradesh,CHHINDWARA,2000,Kharif,Groundnut,27241,30921,1.135090489
Madhya Pradesh,CHHINDWARA,2000,Kharif,Jowar,64667,59300,0.917005582
Madhya Pradesh,CHHINDWARA,2000,Kharif,Maize,70082,158540,2.262207129
Madhya Pradesh,CHHINDWARA,2000,Kharif,Niger seed,24500,3542,0.144571429
Madhya Pradesh,CHHINDWARA,2000,Kharif,Other Kharif pulses,24149,2723,0.112758292
Madhya Pradesh,CHHINDWARA,2000,Kharif,Ragi,3,1,0.333333333
Madhya Pradesh,CHHINDWARA,2000,Kharif,Rice,24750,11002,0.444525253
Madhya Pradesh,CHHINDWARA,2000,Kharif,Sesamum,1777,379,0.21328081
Madhya Pradesh,CHHINDWARA,2000,Kharif,Small millets,49630,5814,0.117146887
Madhya Pradesh,CHHINDWARA,2000,Kharif,Soyabean,87018,71664,0.823553748
Madhya Pradesh,CHHINDWARA,2000,Kharif,Sunflower,63,24,0.380952381
Madhya Pradesh,CHHINDWARA,2000,Rabi,Gram,16882,14254,0.84433124
Madhya Pradesh,CHHINDWARA,2000,Rabi,Jowar,154,124,0.805194805
Madhya Pradesh,CHHINDWARA,2000,Rabi,Linseed,635,231,0.363779528
Madhya Pradesh,CHHINDWARA,2000,Rabi,Other  Rabi pulses,3743,1259,0.336361208
Madhya Pradesh,CHHINDWARA,2000,Rabi,Rapeseed &Mustard,100,33,0.33
Madhya Pradesh,CHHINDWARA,2000,Rabi,Wheat,61486,92942,1.511596136
Madhya Pradesh,CHHINDWARA,2000,Whole Year,Coriander,333,79,0.237237237
Madhya Pradesh,CHHINDWARA,2000,Whole Year,Dry chillies,1365,305,0.223443223
Madhya Pradesh,CHHINDWARA,2000,Whole Year,Garlic,604,2402,3.976821192
Madhya Pradesh,CHHINDWARA,2000,Whole Year,Onion,812,20214,24.89408867
Madhya Pradesh,CHHINDWARA,2000,Whole Year,Sannhamp,537,972,1.810055866
Madhya Pradesh,CHHINDWARA,2000,Whole Year,Sugarcane,12903,364480,28.24769433
Madhya Pradesh,CHHINDWARA,2000,Whole Year,Turmeric,8,7,0.875
Madhya Pradesh,CHHINDWARA,2001,Kharif,Arhar/Tur,21664,23755,1.096519572
Madhya Pradesh,CHHINDWARA,2001,Kharif,Bajra,336,225,0.669642857
Madhya Pradesh,CHHINDWARA,2001,Kharif,Castor seed,131,36,0.27480916
Madhya Pradesh,CHHINDWARA,2001,Kharif,Cotton(lint),28556,44030,1.541882617
Madhya Pradesh,CHHINDWARA,2001,Kharif,Dry ginger,585,1061,1.813675214
Madhya Pradesh,CHHINDWARA,2001,Kharif,Groundnut,24340,24143,0.991906327
Madhya Pradesh,CHHINDWARA,2001,Kharif,Jowar,62166,51473,0.827992793
Madhya Pradesh,CHHINDWARA,2001,Kharif,Maize,80696,160066,1.983567959
Madhya Pradesh,CHHINDWARA,2001,Kharif,Niger seed,24607,5336,0.216848864
Madhya Pradesh,CHHINDWARA,2001,Kharif,Other Kharif pulses,21567,4357,0.202021607
Madhya Pradesh,CHHINDWARA,2001,Kharif,Rice,25426,11317,0.445095571
Madhya Pradesh,CHHINDWARA,2001,Kharif,Sesamum,1456,271,0.186126374
Madhya Pradesh,CHHINDWARA,2001,Kharif,Small millets,47566,8202,0.172434092
Madhya Pradesh,CHHINDWARA,2001,Kharif,Soyabean,90343,67465,0.746765106
Madhya Pradesh,CHHINDWARA,2001,Kharif,Sunflower,93,41,0.440860215
Madhya Pradesh,CHHINDWARA,2001,Rabi,Barley,54,10,0.185185185
Madhya Pradesh,CHHINDWARA,2001,Rabi,Gram,19271,14777,0.766799855
Madhya Pradesh,CHHINDWARA,2001,Rabi,Jowar,122,212,1.737704918
Madhya Pradesh,CHHINDWARA,2001,Rabi,Linseed,709,251,0.354019746
Madhya Pradesh,CHHINDWARA,2001,Rabi,Other  Rabi pulses,4196,1474,0.35128694
Madhya Pradesh,CHHINDWARA,2001,Rabi,Rapeseed &Mustard,235,93,0.395744681
Madhya Pradesh,CHHINDWARA,2001,Rabi,Safflower,8,3,0.375
Madhya Pradesh,CHHINDWARA,2001,Rabi,Wheat,59831,84900,1.418996841
Madhya Pradesh,CHHINDWARA,2001,Whole Year,Banana,2,177,88.5
Madhya Pradesh,CHHINDWARA,2001,Whole Year,Coriander,296,64,0.216216216
Madhya Pradesh,CHHINDWARA,2001,Whole Year,Dry chillies,1211,315,0.260115607
Madhya Pradesh,CHHINDWARA,2001,Whole Year,Garlic,638,2198,3.445141066
Madhya Pradesh,CHHINDWARA,2001,Whole Year,Onion,736,15895,21.59646739
Madhya Pradesh,CHHINDWARA,2001,Whole Year,Potato,1910,30564,16.00209424
Madhya Pradesh,CHHINDWARA,2001,Whole Year,Sannhamp,476,728,1.529411765
Madhya Pradesh,CHHINDWARA,2001,Whole Year,Sugarcane,5731,252410,44.04292445
Madhya Pradesh,CHHINDWARA,2001,Whole Year,Sweet potato,158,649,4.107594937
Madhya Pradesh,CHHINDWARA,2001,Whole Year,Turmeric,3,3,1
Madhya Pradesh,CHHINDWARA,2002,Kharif,Arhar/Tur,21728,22286,1.025681149
Madhya Pradesh,CHHINDWARA,2002,Kharif,Bajra,121,49,0.404958678
Madhya Pradesh,CHHINDWARA,2002,Kharif,Castor seed,16,4,0.25
Madhya Pradesh,CHHINDWARA,2002,Kharif,Cotton(lint),29868,42206,1.413084237
Madhya Pradesh,CHHINDWARA,2002,Kharif,Dry ginger,623,1065,1.709470305
Madhya Pradesh,CHHINDWARA,2002,Kharif,Groundnut,27915,19364,0.693677234
Madhya Pradesh,CHHINDWARA,2002,Kharif,Jowar,60963,67547,1.107999934
Madhya Pradesh,CHHINDWARA,2002,Kharif,Maize,73579,196085,2.664958752
Madhya Pradesh,CHHINDWARA,2002,Kharif,Niger seed,23634,2648,0.112041973
Madhya Pradesh,CHHINDWARA,2002,Kharif,Other Kharif pulses,18775,4055,0.215978695
Madhya Pradesh,CHHINDWARA,2002,Kharif,Rice,25431,10972,0.431441941
Madhya Pradesh,CHHINDWARA,2002,Kharif,Sesamum,1388,291,0.209654179
Madhya Pradesh,CHHINDWARA,2002,Kharif,Small millets,46444,6742,0.145164069
Madhya Pradesh,CHHINDWARA,2002,Kharif,Soyabean,100708,74589,0.740646225
Madhya Pradesh,CHHINDWARA,2002,Kharif,Sunflower,54,16,0.296296296
Madhya Pradesh,CHHINDWARA,2002,Rabi,Gram,23325,18832,0.807374062
Madhya Pradesh,CHHINDWARA,2002,Rabi,Jowar,99,110,1.111111111
Madhya Pradesh,CHHINDWARA,2002,Rabi,Linseed,863,311,0.3603708
Madhya Pradesh,CHHINDWARA,2002,Rabi,Other  Rabi pulses,4966,1524,0.30688683
Madhya Pradesh,CHHINDWARA,2002,Rabi,Rapeseed &Mustard,415,166,0.4
Madhya Pradesh,CHHINDWARA,2002,Rabi,Wheat,71348,105133,1.473524135
Madhya Pradesh,CHHINDWARA,2002,Whole Year,Banana,1,0,0
Madhya Pradesh,CHHINDWARA,2002,Whole Year,Beans & Mutter(Vegetable),114,0,0
Madhya Pradesh,CHHINDWARA,2002,Whole Year,Bhindi,515,0,0
Madhya Pradesh,CHHINDWARA,2002,Whole Year,Brinjal,713,0,0
Madhya Pradesh,CHHINDWARA,2002,Whole Year,Cabbage,150,0,0
Madhya Pradesh,CHHINDWARA,2002,Whole Year,Cauliflower,1202,0,0
Madhya Pradesh,CHHINDWARA,2002,Whole Year,Citrus Fruit,8980,0,0
Madhya Pradesh,CHHINDWARA,2002,Whole Year,Coriander,469,99,0.21108742
Madhya Pradesh,CHHINDWARA,2002,Whole Year,Dry chillies,1611,578,0.358783364
Madhya Pradesh,CHHINDWARA,2002,Whole Year,Garlic,742,2409,3.246630728
Madhya Pradesh,CHHINDWARA,2002,Whole Year,Onion,840,16755,19.94642857
Madhya Pradesh,CHHINDWARA,2002,Whole Year,Other Fresh Fruits,16,0,0
Madhya Pradesh,CHHINDWARA,2002,Whole Year,Other Vegetables,2472,0,0
Madhya Pradesh,CHHINDWARA,2002,Whole Year,Pome Fruit,3,0,0
Madhya Pradesh,CHHINDWARA,2002,Whole Year,Potato,2090,37625,18.00239234
Madhya Pradesh,CHHINDWARA,2002,Whole Year,Sannhamp,428,600,1.401869159
Madhya Pradesh,CHHINDWARA,2002,Whole Year,Sugarcane,5822,335320,57.59532807
Madhya Pradesh,CHHINDWARA,2002,Whole Year,Sweet potato,131,549,4.190839695
Madhya Pradesh,CHHINDWARA,2002,Whole Year,Tomato,888,0,0
Madhya Pradesh,CHHINDWARA,2002,Whole Year,Turmeric,29868,42206,1.413084237
Madhya Pradesh,CHHINDWARA,2003,Kharif,Arhar/Tur,22156,36392,1.642534754
Madhya Pradesh,CHHINDWARA,2003,Kharif,Bajra,79,61,0.772151899
Madhya Pradesh,CHHINDWARA,2003,Kharif,Castor seed,18,5,0.277777778
Madhya Pradesh,CHHINDWARA,2003,Kharif,Cotton(lint),30504,74208,2.432730134
Madhya Pradesh,CHHINDWARA,2003,Kharif,Dry ginger,606,1052,1.735973597
Madhya Pradesh,CHHINDWARA,2003,Kharif,Groundnut,28047,43512,1.551395871
Madhya Pradesh,CHHINDWARA,2003,Kharif,Horse-gram,178,58,0.325842697
Madhya Pradesh,CHHINDWARA,2003,Kharif,Jowar,57531,56841,0.988006466
Madhya Pradesh,CHHINDWARA,2003,Kharif,Maize,81991,241910,2.950445781
Madhya Pradesh,CHHINDWARA,2003,Kharif,Niger seed,21585,4135,0.191568219
Madhya Pradesh,CHHINDWARA,2003,Kharif,Other Kharif pulses,16602,5765,0.34724732
Madhya Pradesh,CHHINDWARA,2003,Kharif,Ragi,3,1,0.333333333
Madhya Pradesh,CHHINDWARA,2003,Kharif,Rice,24282,21091,0.868585784
Madhya Pradesh,CHHINDWARA,2003,Kharif,Sesamum,1533,667,0.435094586
Madhya Pradesh,CHHINDWARA,2003,Kharif,Small millets,42248,10837,0.256509184
Madhya Pradesh,CHHINDWARA,2003,Kharif,Soyabean,109582,158708,1.448303554
Madhya Pradesh,CHHINDWARA,2003,Kharif,Sunflower,65,31,0.476923077
Madhya Pradesh,CHHINDWARA,2003,Kharif,Urad,13995,4452,0.318113612
Madhya Pradesh,CHHINDWARA,2003,Rabi,Gram,28580,38110,1.333449965
Madhya Pradesh,CHHINDWARA,2003,Rabi,Jowar,42,80,1.904761905
Madhya Pradesh,CHHINDWARA,2003,Rabi,Linseed,875,451,0.515428571
Madhya Pradesh,CHHINDWARA,2003,Rabi,Other  Rabi pulses,5400,2486,0.46037037
Madhya Pradesh,CHHINDWARA,2003,Rabi,Rapeseed &Mustard,455,313,0.687912088
Madhya Pradesh,CHHINDWARA,2003,Rabi,Safflower,2,1,0.5
Madhya Pradesh,CHHINDWARA,2003,Rabi,Wheat,84177,170198,2.021906221
Madhya Pradesh,CHHINDWARA,2003,Whole Year,Banana,1,84,84
Madhya Pradesh,CHHINDWARA,2003,Whole Year,Beans & Mutter(Vegetable),73,0,0
Madhya Pradesh,CHHINDWARA,2003,Whole Year,Bhindi,535,0,0
Madhya Pradesh,CHHINDWARA,2003,Whole Year,Brinjal,795,0,0
Madhya Pradesh,CHHINDWARA,2003,Whole Year,Cabbage,178,0,0
Madhya Pradesh,CHHINDWARA,2003,Whole Year,Cauliflower,1348,0,0
Madhya Pradesh,CHHINDWARA,2003,Whole Year,Citrus Fruit,17,0,0
Madhya Pradesh,CHHINDWARA,2003,Whole Year,Coriander,448,119,0.265625
Madhya Pradesh,CHHINDWARA,2003,Whole Year,Dry chillies,1523,654,0.429415627
Madhya Pradesh,CHHINDWARA,2003,Whole Year,Garlic,847,3256,3.844155844
Madhya Pradesh,CHHINDWARA,2003,Whole Year,Onion,845,18927,22.39881657
Madhya Pradesh,CHHINDWARA,2003,Whole Year,Orange,8603,0,0
Madhya Pradesh,CHHINDWARA,2003,Whole Year,Other Citrus Fruit,9,0,0
Madhya Pradesh,CHHINDWARA,2003,Whole Year,Other Fresh Fruits,22,0,0
Madhya Pradesh,CHHINDWARA,2003,Whole Year,Other Vegetables,2706,0,0
Madhya Pradesh,CHHINDWARA,2003,Whole Year,Pome Fruit,9,0,0
Madhya Pradesh,CHHINDWARA,2003,Whole Year,Potato,2182,43578,19.9715857
Madhya Pradesh,CHHINDWARA,2003,Whole Year,Sannhamp,417,1022,2.450839329
Madhya Pradesh,CHHINDWARA,2003,Whole Year,Sugarcane,6045,389120,64.37055418
Madhya Pradesh,CHHINDWARA,2003,Whole Year,Sweet potato,153,776,5.071895425
Madhya Pradesh,CHHINDWARA,2003,Whole Year,Tomato,897,0,0
Madhya Pradesh,CHHINDWARA,2003,Whole Year,Turmeric,3,3,1
Madhya Pradesh,CHHINDWARA,2003,Whole Year,Water Melon,11,0,0
Madhya Pradesh,CHHINDWARA,2004,Kharif,Arhar/Tur,22001,31811,1.445888823
Madhya Pradesh,CHHINDWARA,2004,Kharif,Bajra,107,94,0.878504673
Madhya Pradesh,CHHINDWARA,2004,Kharif,Castor seed,29,11,0.379310345
Madhya Pradesh,CHHINDWARA,2004,Kharif,Cotton(lint),30071,67212,2.235110239
Madhya Pradesh,CHHINDWARA,2004,Kharif,Dry ginger,636,989,1.555031447
Madhya Pradesh,CHHINDWARA,2004,Kharif,Groundnut,25894,42097,1.625743415
Madhya Pradesh,CHHINDWARA,2004,Kharif,Horse-gram,165,58,0.351515152
Madhya Pradesh,CHHINDWARA,2004,Kharif,Jowar,53070,59704,1.125004711
Madhya Pradesh,CHHINDWARA,2004,Kharif,Maize,76013,158535,2.08563009
Madhya Pradesh,CHHINDWARA,2004,Kharif,Niger seed,18444,3867,0.209661679
Madhya Pradesh,CHHINDWARA,2004,Kharif,Rice,22682,15223,0.671148929
Madhya Pradesh,CHHINDWARA,2004,Kharif,Sesamum,1272,545,0.428459119
Madhya Pradesh,CHHINDWARA,2004,Kharif,Small millets,38744,8789,0.226848028
Madhya Pradesh,CHHINDWARA,2004,Kharif,Soyabean,140087,117083,0.83578776
Madhya Pradesh,CHHINDWARA,2004,Kharif,Sunflower,80,44,0.55
Madhya Pradesh,CHHINDWARA,2004,Kharif,Urad,11978,3464,0.289196861
Madhya Pradesh,CHHINDWARA,2004,Rabi,Gram,31146,36161,1.161015861
Madhya Pradesh,CHHINDWARA,2004,Rabi,Jowar,18,36,2
Madhya Pradesh,CHHINDWARA,2004,Rabi,Linseed,812,447,0.550492611
Madhya Pradesh,CHHINDWARA,2004,Rabi,Masoor,1746,821,0.47021764
Madhya Pradesh,CHHINDWARA,2004,Rabi,Rapeseed &Mustard,484,284,0.58677686
Madhya Pradesh,CHHINDWARA,2004,Rabi,Wheat,84257,145572,1.727714018
Madhya Pradesh,CHHINDWARA,2004,Whole Year,Coriander,302,76,0.251655629
Madhya Pradesh,CHHINDWARA,2004,Whole Year,Garlic,1036,4119,3.975868726
Madhya Pradesh,CHHINDWARA,2004,Whole Year,Onion,843,21992,26.08778173
Madhya Pradesh,CHHINDWARA,2004,Whole Year,Potato,2148,44962,20.9320298
Madhya Pradesh,CHHINDWARA,2004,Whole Year,Sugarcane,6407,369010,57.59481817
Madhya Pradesh,CHHINDWARA,2004,Whole Year,Sweet potato,140,722,5.157142857
Madhya Pradesh,CHHINDWARA,2004,Whole Year,Turmeric,3,3,1
Madhya Pradesh,CHHINDWARA,2005,Kharif,Arhar/Tur,21630,31848,1.472399445
Madhya Pradesh,CHHINDWARA,2005,Kharif,Bajra,78,54,0.692307692
Madhya Pradesh,CHHINDWARA,2005,Kharif,Castor seed,11,4,0.363636364
Madhya Pradesh,CHHINDWARA,2005,Kharif,Cotton(lint),32027,82184,2.566084866
Madhya Pradesh,CHHINDWARA,2005,Kharif,Groundnut,25862,30549,1.18123115
Madhya Pradesh,CHHINDWARA,2005,Kharif,Horse-gram,146,36,0.246575342
Madhya Pradesh,CHHINDWARA,2005,Kharif,Jowar,49039,61544,1.255001122
Madhya Pradesh,CHHINDWARA,2005,Kharif,Maize,74553,139936,1.877000255
Madhya Pradesh,CHHINDWARA,2005,Kharif,Moong(Green Gram),1861,404,0.217087587
Madhya Pradesh,CHHINDWARA,2005,Kharif,Niger seed,17839,3224,0.180727619
Madhya Pradesh,CHHINDWARA,2005,Kharif,Ragi,2,1,0.5
Madhya Pradesh,CHHINDWARA,2005,Kharif,Rice,21568,16485,0.76432678
Madhya Pradesh,CHHINDWARA,2005,Kharif,Sesamum,1041,280,0.268972142
Madhya Pradesh,CHHINDWARA,2005,Kharif,Small millets,1460,817,0.559589041
Madhya Pradesh,CHHINDWARA,2005,Kharif,Soyabean,128631,114639,0.891223733
Madhya Pradesh,CHHINDWARA,2005,Kharif,Sunflower,87,48,0.551724138
Madhya Pradesh,CHHINDWARA,2005,Kharif,Urad,10696,2062,0.192782349
Madhya Pradesh,CHHINDWARA,2005,Rabi,Gram,33111,38325,1.157470327
Madhya Pradesh,CHHINDWARA,2005,Rabi,Jowar,56,99,1.767857143
Madhya Pradesh,CHHINDWARA,2005,Rabi,Linseed,852,365,0.428403756
Madhya Pradesh,CHHINDWARA,2005,Rabi,Masoor,1921,834,0.434148881
Madhya Pradesh,CHHINDWARA,2005,Rabi,Peas & beans (Pulses),3826,1659,0.433612128
Madhya Pradesh,CHHINDWARA,2005,Rabi,Rapeseed &Mustard,547,285,0.521023766
Madhya Pradesh,CHHINDWARA,2005,Rabi,Wheat,91935,139558,1.518007288
Madhya Pradesh,CHHINDWARA,2005,Whole Year,Onion,990,24085,24.32828283
Madhya Pradesh,CHHINDWARA,2005,Whole Year,Potato,2637,53746,20.38149412
Madhya Pradesh,CHHINDWARA,2005,Whole Year,Sugarcane,6148,380130,61.82986337
Madhya Pradesh,CHHINDWARA,2005,Whole Year,Sweet potato,152,863,5.677631579
Madhya Pradesh,CHHINDWARA,2006,Kharif,Arhar/Tur,18322,27923,1.524014846
Madhya Pradesh,CHHINDWARA,2006,Kharif,Bajra,105,91,0.866666667
Madhya Pradesh,CHHINDWARA,2006,Kharif,Castor seed,23,9,0.391304348
Madhya Pradesh,CHHINDWARA,2006,Kharif,Cotton(lint),31096,92392,2.971186005
Madhya Pradesh,CHHINDWARA,2006,Kharif,Dry ginger,919,1583,1.722524483
Madhya Pradesh,CHHINDWARA,2006,Kharif,Groundnut,24813,32963,1.328456857
Madhya Pradesh,CHHINDWARA,2006,Kharif,Horse-gram,214,81,0.378504673
Madhya Pradesh,CHHINDWARA,2006,Kharif,Jowar,43896,51446,1.171997449
Madhya Pradesh,CHHINDWARA,2006,Kharif,Jute,333,1072,3.219219219
Madhya Pradesh,CHHINDWARA,2006,Kharif,Maize,85132,158203,1.858325894
Madhya Pradesh,CHHINDWARA,2006,Kharif,Mesta,12,34,2.833333333
Madhya Pradesh,CHHINDWARA,2006,Kharif,Moong(Green Gram),1733,705,0.406809002
Madhya Pradesh,CHHINDWARA,2006,Kharif,Niger seed,18519,4016,0.216858362
Madhya Pradesh,CHHINDWARA,2006,Kharif,Other Kharif pulses,1333,479,0.359339835
Madhya Pradesh,CHHINDWARA,2006,Kharif,Rice,20557,16671,0.810964635
Madhya Pradesh,CHHINDWARA,2006,Kharif,Small millets,28711,7506,0.2614329
Madhya Pradesh,CHHINDWARA,2006,Kharif,Soyabean,139798,190889,1.365463025
Madhya Pradesh,CHHINDWARA,2006,Kharif,Sunflower,24,12,0.5
Madhya Pradesh,CHHINDWARA,2006,Kharif,Urad,15439,5581,0.361487143
Madhya Pradesh,CHHINDWARA,2006,Rabi,Gram,34732,40929,1.178423356
Madhya Pradesh,CHHINDWARA,2006,Rabi,Jowar,2,4,2
Madhya Pradesh,CHHINDWARA,2006,Rabi,Khesari,119,78,0.655462185
Madhya Pradesh,CHHINDWARA,2006,Rabi,Linseed,915,501,0.547540984
Madhya Pradesh,CHHINDWARA,2006,Rabi,Masoor,2096,1061,0.50620229
Madhya Pradesh,CHHINDWARA,2006,Rabi,Moong(Green Gram),51,19,0.37254902
Madhya Pradesh,CHHINDWARA,2006,Rabi,Other  Rabi pulses,37,12,0.324324324
Madhya Pradesh,CHHINDWARA,2006,Rabi,Peas & beans (Pulses),4546,2300,0.505939287
Madhya Pradesh,CHHINDWARA,2006,Rabi,Rapeseed &Mustard,517,317,0.613152805
Madhya Pradesh,CHHINDWARA,2006,Rabi,Small millets,82,,
Madhya Pradesh,CHHINDWARA,2006,Rabi,Urad,2,,
Madhya Pradesh,CHHINDWARA,2006,Rabi,Wheat,105946,198974,1.87806996
Madhya Pradesh,CHHINDWARA,2006,Whole Year,Banana,5,368,73.6
Madhya Pradesh,CHHINDWARA,2006,Whole Year,Coriander,465,129,0.277419355
Madhya Pradesh,CHHINDWARA,2006,Whole Year,Dry chillies,1560,740,0.474358974
Madhya Pradesh,CHHINDWARA,2006,Whole Year,Garlic,2042,9489,4.646914789
Madhya Pradesh,CHHINDWARA,2006,Whole Year,Onion,1039,25426,24.47160731
Madhya Pradesh,CHHINDWARA,2006,Whole Year,Potato,2681,52665,19.64378963
Madhya Pradesh,CHHINDWARA,2006,Whole Year,Sesamum,948,256,0.270042194
Madhya Pradesh,CHHINDWARA,2006,Whole Year,Sugarcane,7966,519530,65.21842832
Madhya Pradesh,CHHINDWARA,2006,Whole Year,Sweet potato,204,1247,6.112745098
Madhya Pradesh,CHHINDWARA,2006,Whole Year,Turmeric,4,4,1
Madhya Pradesh,CHHINDWARA,2007,Kharif,Arhar/Tur,19128,28083,1.468161857
Madhya Pradesh,CHHINDWARA,2007,Kharif,Bajra,37,34,0.918918919
Madhya Pradesh,CHHINDWARA,2007,Kharif,Castor seed,9,4,0.444444444
Madhya Pradesh,CHHINDWARA,2007,Kharif,Cotton(lint),28632,15101,0.527416876
Madhya Pradesh,CHHINDWARA,2007,Kharif,Groundnut,26113,34895,1.336307586
Madhya Pradesh,CHHINDWARA,2007,Kharif,Horse-gram,6,2,0.333333333
Madhya Pradesh,CHHINDWARA,2007,Kharif,Jowar,39453,52196,1.322991914
Madhya Pradesh,CHHINDWARA,2007,Kharif,Maize,92126,216648,2.351648829
Madhya Pradesh,CHHINDWARA,2007,Kharif,Niger seed,16961,4291,0.252992158
Madhya Pradesh,CHHINDWARA,2007,Kharif,Rice,20459,18175,0.88836209
Madhya Pradesh,CHHINDWARA,2007,Kharif,Sannhamp,280,141,0.503571429
Madhya Pradesh,CHHINDWARA,2007,Kharif,Soyabean,144594,216608,1.498042796
Madhya Pradesh,CHHINDWARA,2007,Kharif,Urad,9655,3025,0.313309166
Madhya Pradesh,CHHINDWARA,2007,Rabi,Gram,34466,38915,1.129083735
Madhya Pradesh,CHHINDWARA,2007,Rabi,Jowar,70,142,2.028571429
Madhya Pradesh,CHHINDWARA,2007,Rabi,Khesari,147,88,0.598639456
Madhya Pradesh,CHHINDWARA,2007,Rabi,Linseed,568,306,0.538732394
Madhya Pradesh,CHHINDWARA,2007,Rabi,Masoor,1857,872,0.469574583
Madhya Pradesh,CHHINDWARA,2007,Rabi,Peas & beans (Pulses),3971,2009,0.505917905
Madhya Pradesh,CHHINDWARA,2007,Rabi,Rapeseed &Mustard,412,302,0.733009709
Madhya Pradesh,CHHINDWARA,2007,Rabi,Safflower,9,3,0.333333333
Madhya Pradesh,CHHINDWARA,2007,Rabi,Wheat,110732,223408,2.017555901
Madhya Pradesh,CHHINDWARA,2007,Whole Year,Banana,3,198,66
Madhya Pradesh,CHHINDWARA,2007,Whole Year,Coriander,508,132,0.25984252
Madhya Pradesh,CHHINDWARA,2007,Whole Year,Garlic,1909,8618,4.514405448
Madhya Pradesh,CHHINDWARA,2007,Whole Year,Onion,1112,24550,22.07733813
Madhya Pradesh,CHHINDWARA,2007,Whole Year,Potato,3199,60708,18.97718037
Madhya Pradesh,CHHINDWARA,2007,Whole Year,Sesamum,705,267,0.378723404
Madhya Pradesh,CHHINDWARA,2007,Whole Year,Small millets,377,104,0.275862069
Madhya Pradesh,CHHINDWARA,2007,Whole Year,Sugarcane,6726,450050,66.91198335
Madhya Pradesh,CHHINDWARA,2007,Whole Year,Sunflower,4,2,0.5
Madhya Pradesh,CHHINDWARA,2007,Whole Year,Sweet potato,218,1333,6.114678899
Madhya Pradesh,CHHINDWARA,2007,Whole Year,Turmeric,4,3,0.75
Madhya Pradesh,CHHINDWARA,2008,Kharif,Arhar/Tur,17933,29276,1.632521051
Madhya Pradesh,CHHINDWARA,2008,Kharif,Bajra,35,31,0.885714286
Madhya Pradesh,CHHINDWARA,2008,Kharif,Castor seed,13,4,0.307692308
Madhya Pradesh,CHHINDWARA,2008,Kharif,Cotton(lint),28144,15998,0.568433769
Madhya Pradesh,CHHINDWARA,2008,Kharif,Groundnut,25590,32791,1.281398984
Madhya Pradesh,CHHINDWARA,2008,Kharif,Horse-gram,91,30,0.32967033
Madhya Pradesh,CHHINDWARA,2008,Kharif,Jowar,38858,43055,1.108008647
Madhya Pradesh,CHHINDWARA,2008,Kharif,Maize,87069,190062,2.182889433
Madhya Pradesh,CHHINDWARA,2008,Kharif,Niger seed,14904,3178,0.213231347
Madhya Pradesh,CHHINDWARA,2008,Kharif,Rice,19254,14490,0.752570894
Madhya Pradesh,CHHINDWARA,2008,Kharif,Sannhamp,290,125,0.431034483
Madhya Pradesh,CHHINDWARA,2008,Kharif,Soyabean,147912,176512,1.193358213
Madhya Pradesh,CHHINDWARA,2008,Kharif,Sunflower,58,30,0.517241379
Madhya Pradesh,CHHINDWARA,2008,Kharif,Urad,9190,2613,0.284330794
Madhya Pradesh,CHHINDWARA,2008,Rabi,Gram,29454,34184,1.160589394
Madhya Pradesh,CHHINDWARA,2008,Rabi,Jowar,34,74,2.176470588
Madhya Pradesh,CHHINDWARA,2008,Rabi,Khesari,99,61,0.616161616
Madhya Pradesh,CHHINDWARA,2008,Rabi,Linseed,548,302,0.551094891
Madhya Pradesh,CHHINDWARA,2008,Rabi,Masoor,1969,840,0.426612494
Madhya Pradesh,CHHINDWARA,2008,Rabi,Peas & beans (Pulses),4013,1769,0.440817344
Madhya Pradesh,CHHINDWARA,2008,Rabi,Rapeseed &Mustard,335,243,0.725373134
Madhya Pradesh,CHHINDWARA,2008,Rabi,Urad,3,1,0.333333333
Madhya Pradesh,CHHINDWARA,2008,Rabi,Wheat,82751,175192,2.117098283
Madhya Pradesh,CHHINDWARA,2008,Whole Year,Coriander,596,158,0.265100671
Madhya Pradesh,CHHINDWARA,2008,Whole Year,Garlic,1900,8577,4.514210526
Madhya Pradesh,CHHINDWARA,2008,Whole Year,Onion,1222,27380,22.40589198
Madhya Pradesh,CHHINDWARA,2008,Whole Year,Potato,2736,41738,15.25511696
Madhya Pradesh,CHHINDWARA,2008,Whole Year,Sesamum,843,294,0.348754448
Madhya Pradesh,CHHINDWARA,2008,Whole Year,Small millets,31623,7838,0.247857572
Madhya Pradesh,CHHINDWARA,2008,Whole Year,Sugarcane,5871,382900,65.21887242
Madhya Pradesh,CHHINDWARA,2008,Whole Year,Sweet potato,201,1229,6.114427861
Madhya Pradesh,CHHINDWARA,2008,Whole Year,Turmeric,3,3,1
Madhya Pradesh,CHHINDWARA,2009,Kharif,Cowpea(Lobia),937,406,0.433297759
Madhya Pradesh,CHHINDWARA,2009,Kharif,Horse-gram,161,52,0.322981366
Madhya Pradesh,CHHINDWARA,2009,Kharif,Jowar,38471,58591,1.522991344
Madhya Pradesh,CHHINDWARA,2009,Kharif,Moong(Green Gram),1723,691,0.401044689
Madhya Pradesh,CHHINDWARA,2009,Kharif,Small millets,28543,9719,0.340503801
Madhya Pradesh,CHHINDWARA,2009,Kharif,Urad,9454,3053,0.322932092
Madhya Pradesh,CHHINDWARA,2009,Rabi,Cowpea(Lobia),61,20,0.327868852
Madhya Pradesh,CHHINDWARA,2009,Rabi,Jowar,4,10,2.5
Madhya Pradesh,CHHINDWARA,2009,Rabi,Moong(Green Gram),39,15,0.384615385
Madhya Pradesh,CHHINDWARA,2009,Rabi,Small millets,60,23,0.383333333
Madhya Pradesh,CHHINDWARA,2009,Rabi,Urad,1,,
Madhya Pradesh,CHHINDWARA,2009,Whole Year,Arhar/Tur,19775,31573,1.596611884
Madhya Pradesh,CHHINDWARA,2009,Whole Year,Bajra,57,57,1
Madhya Pradesh,CHHINDWARA,2009,Whole Year,Castor seed,8,3,0.375
Madhya Pradesh,CHHINDWARA,2009,Whole Year,Coriander,352,104,0.295454545
Madhya Pradesh,CHHINDWARA,2009,Whole Year,Cotton(lint),27383,27185,0.992769236
Madhya Pradesh,CHHINDWARA,2009,Whole Year,Dry chillies,1635,1549,0.947400612
Madhya Pradesh,CHHINDWARA,2009,Whole Year,Dry ginger,1616,2784,1.722772277
Madhya Pradesh,CHHINDWARA,2009,Whole Year,Garlic,2285,10770,4.713347921
Madhya Pradesh,CHHINDWARA,2009,Whole Year,Gram,36251,58717,1.619734628
Madhya Pradesh,CHHINDWARA,2009,Whole Year,Groundnut,23514,32385,1.377264608
Madhya Pradesh,CHHINDWARA,2009,Whole Year,Khesari,89,57,0.640449438
Madhya Pradesh,CHHINDWARA,2009,Whole Year,Linseed,818,553,0.67603912
Madhya Pradesh,CHHINDWARA,2009,Whole Year,Maize,88881,233125,2.622889031
Madhya Pradesh,CHHINDWARA,2009,Whole Year,Masoor,2191,1314,0.599726152
Madhya Pradesh,CHHINDWARA,2009,Whole Year,Niger seed,14293,3255,0.227733856
Madhya Pradesh,CHHINDWARA,2009,Whole Year,Onion,1388,32229,23.21974063
Madhya Pradesh,CHHINDWARA,2009,Whole Year,Peas & beans (Pulses),4569,2741,0.599912453
Madhya Pradesh,CHHINDWARA,2009,Whole Year,Potato,3222,53993,16.75760397
Madhya Pradesh,CHHINDWARA,2009,Whole Year,Ragi,3,1,0.333333333
Madhya Pradesh,CHHINDWARA,2009,Whole Year,Rapeseed &Mustard,362,284,0.784530387
Madhya Pradesh,CHHINDWARA,2009,Whole Year,Rice,18751,14240,0.759426164
Madhya Pradesh,CHHINDWARA,2009,Whole Year,Sannhamp,313,137,0.437699681
Madhya Pradesh,CHHINDWARA,2009,Whole Year,Sesamum,816,289,0.354166667
Madhya Pradesh,CHHINDWARA,2009,Whole Year,Soyabean,157217,265973,1.691757253
Madhya Pradesh,CHHINDWARA,2009,Whole Year,Sugarcane,4673,308720,66.06462658
Madhya Pradesh,CHHINDWARA,2009,Whole Year,Sunflower,34,18,0.529411765
Madhya Pradesh,CHHINDWARA,2009,Whole Year,Sweet potato,209,1369,6.550239234
Madhya Pradesh,CHHINDWARA,2009,Whole Year,Turmeric,5,5,1
Madhya Pradesh,CHHINDWARA,2009,Whole Year,Wheat,111114,425244,3.827096495
Madhya Pradesh,CHHINDWARA,2010,Kharif,Arhar/Tur,27517,25024,0.909401461
Madhya Pradesh,CHHINDWARA,2010,Kharif,Bajra,110,106,0.963636364
Madhya Pradesh,CHHINDWARA,2010,Kharif,Castor seed,6,2,0.333333333
Madhya Pradesh,CHHINDWARA,2010,Kharif,Cotton(lint),28339,251263,8.866332616
Madhya Pradesh,CHHINDWARA,2010,Kharif,Cowpea(Lobia),879,196,0.22298066
Madhya Pradesh,CHHINDWARA,2010,Kharif,Groundnut,19856,33169,1.670477438
Madhya Pradesh,CHHINDWARA,2010,Kharif,Horse-gram,223,85,0.381165919
Madhya Pradesh,CHHINDWARA,2010,Kharif,Jowar,36607,50554,1.380992706
Madhya Pradesh,CHHINDWARA,2010,Kharif,Maize,94379,279101,2.95723625
Madhya Pradesh,CHHINDWARA,2010,Kharif,Moong(Green Gram),1416,576,0.406779661
Madhya Pradesh,CHHINDWARA,2010,Kharif,Niger seed,14591,3323,0.227743129
Madhya Pradesh,CHHINDWARA,2010,Kharif,Other Kharif pulses,569,127,0.223198594
Madhya Pradesh,CHHINDWARA,2010,Kharif,Ragi,1,,
Madhya Pradesh,CHHINDWARA,2010,Kharif,Rice,18316,30176,1.647521293
Madhya Pradesh,CHHINDWARA,2010,Kharif,Small millets,24878,6368,0.255969129
Madhya Pradesh,CHHINDWARA,2010,Kharif,Soyabean,161561,320806,1.985664857
Madhya Pradesh,CHHINDWARA,2010,Kharif,Sunflower,15,8,0.533333333
Madhya Pradesh,CHHINDWARA,2010,Kharif,Urad,8818,2890,0.327738716
Madhya Pradesh,CHHINDWARA,2010,Rabi,Cowpea(Lobia),78,17,0.217948718
Madhya Pradesh,CHHINDWARA,2010,Rabi,Gram,43287,57478,1.327835147
Madhya Pradesh,CHHINDWARA,2010,Rabi,Jowar,3,8,2.666666667
Madhya Pradesh,CHHINDWARA,2010,Rabi,Khesari,236,142,0.601694915
Madhya Pradesh,CHHINDWARA,2010,Rabi,Linseed,608,288,0.473684211
Madhya Pradesh,CHHINDWARA,2010,Rabi,Masoor,5691,2519,0.442628712
Madhya Pradesh,CHHINDWARA,2010,Rabi,Moong(Green Gram),26,8,0.307692308
Madhya Pradesh,CHHINDWARA,2010,Rabi,Peas & beans (Pulses),5579,2688,0.481806775
Madhya Pradesh,CHHINDWARA,2010,Rabi,Rapeseed &Mustard,418,284,0.679425837
Madhya Pradesh,CHHINDWARA,2010,Rabi,Safflower,12,4,0.333333333
Madhya Pradesh,CHHINDWARA,2010,Rabi,Wheat,114454,388857,3.397495937
Madhya Pradesh,CHHINDWARA,2010,Whole Year,Coriander,353,92,0.260623229
Madhya Pradesh,CHHINDWARA,2010,Whole Year,Dry chillies,2039,2675,1.311917607
Madhya Pradesh,CHHINDWARA,2010,Whole Year,Dry ginger,1598,2753,1.722778473
Madhya Pradesh,CHHINDWARA,2010,Whole Year,Garlic,2654,10551,3.975508666
Madhya Pradesh,CHHINDWARA,2010,Whole Year,Onion,2084,58979,28.30086372
Madhya Pradesh,CHHINDWARA,2010,Whole Year,Potato,3972,66869,16.83509567
Madhya Pradesh,CHHINDWARA,2010,Whole Year,Sannhamp,259,667,2.575289575
Madhya Pradesh,CHHINDWARA,2010,Whole Year,Sesamum,2105,1055,0.501187648
Madhya Pradesh,CHHINDWARA,2010,Whole Year,Sugarcane,4747,321660,67.76069096
Madhya Pradesh,CHHINDWARA,2010,Whole Year,Sweet potato,281,1554,5.53024911
Madhya Pradesh,CHHINDWARA,2010,Whole Year,Turmeric,6,5,0.833333333
Madhya Pradesh,CHHINDWARA,2011,Kharif,Arhar/Tur,25171,34998,1.390409598
Madhya Pradesh,CHHINDWARA,2011,Kharif,Bajra,110,134,1.218181818
Madhya Pradesh,CHHINDWARA,2011,Kharif,Castor seed,7,2,0.285714286
Madhya Pradesh,CHHINDWARA,2011,Kharif,Cotton(lint),27679,177400,6.409191083
Madhya Pradesh,CHHINDWARA,2011,Kharif,Groundnut,23431,62172,2.653407878
Madhya Pradesh,CHHINDWARA,2011,Kharif,Horse-gram,258,61,0.236434109
Madhya Pradesh,CHHINDWARA,2011,Kharif,Jowar,27383,48851,1.783990067
Madhya Pradesh,CHHINDWARA,2011,Kharif,Maize,124799,516395,4.137813604
Madhya Pradesh,CHHINDWARA,2011,Kharif,Moong(Green Gram),1623,399,0.245841035
Madhya Pradesh,CHHINDWARA,2011,Kharif,Niger seed,13404,3198,0.238585497
Madhya Pradesh,CHHINDWARA,2011,Kharif,Other Kharif pulses,1638,531,0.324175824
Madhya Pradesh,CHHINDWARA,2011,Kharif,Rice,18142,39481,2.176220924
Madhya Pradesh,CHHINDWARA,2011,Kharif,Sannhamp,189,356,1.883597884
Madhya Pradesh,CHHINDWARA,2011,Kharif,Small millets,24954,10248,0.410675643
Madhya Pradesh,CHHINDWARA,2011,Kharif,Soyabean,146659,264376,1.802657866
Madhya Pradesh,CHHINDWARA,2011,Kharif,Urad,8341,1809,0.21688047
Madhya Pradesh,CHHINDWARA,2011,Rabi,Gram,43870,109803,2.502917711
Madhya Pradesh,CHHINDWARA,2011,Rabi,Jowar,5,13,2.6
Madhya Pradesh,CHHINDWARA,2011,Rabi,Khesari,222,198,0.891891892
Madhya Pradesh,CHHINDWARA,2011,Rabi,Linseed,409,571,1.39608802
Madhya Pradesh,CHHINDWARA,2011,Rabi,Masoor,5088,2583,0.507665094
Madhya Pradesh,CHHINDWARA,2011,Rabi,Moong(Green Gram),32,10,0.3125
Madhya Pradesh,CHHINDWARA,2011,Rabi,Other  Rabi pulses,90,26,0.288888889
Madhya Pradesh,CHHINDWARA,2011,Rabi,Peas & beans (Pulses),6604,3580,0.5420957
Madhya Pradesh,CHHINDWARA,2011,Rabi,Rapeseed &Mustard,429,616,1.435897436
Madhya Pradesh,CHHINDWARA,2011,Rabi,Safflower,10,4,0.4
Madhya Pradesh,CHHINDWARA,2011,Rabi,Wheat,126936,278799,2.196374551
Madhya Pradesh,CHHINDWARA,2011,Whole Year,Banana,3,151,50.33333333
Madhya Pradesh,CHHINDWARA,2011,Whole Year,Coriander,429,149,0.347319347
Madhya Pradesh,CHHINDWARA,2011,Whole Year,Dry chillies,2154,2134,0.990714949
Madhya Pradesh,CHHINDWARA,2011,Whole Year,Dry ginger,2396,4241,1.770033389
Madhya Pradesh,CHHINDWARA,2011,Whole Year,Garlic,3299,14372,4.356471658
Madhya Pradesh,CHHINDWARA,2011,Whole Year,Onion,2133,67084,31.45053915
Madhya Pradesh,CHHINDWARA,2011,Whole Year,Potato,3935,76603,19.46709022
Madhya Pradesh,CHHINDWARA,2011,Whole Year,Sesamum,712,342,0.480337079
Madhya Pradesh,CHHINDWARA,2011,Whole Year,Sugarcane,5050,344600,68.23762376
Madhya Pradesh,CHHINDWARA,2011,Whole Year,Sunflower,2,1,0.5
Madhya Pradesh,CHHINDWARA,2011,Whole Year,Sweet potato,331,1830,5.528700906
Madhya Pradesh,CHHINDWARA,2011,Whole Year,Turmeric,10,9,0.9
Madhya Pradesh,CHHINDWARA,2012,Kharif,Arhar/Tur,27456,46571,1.696204837
Madhya Pradesh,CHHINDWARA,2012,Kharif,Castor seed,29,11,0.379310345
Madhya Pradesh,CHHINDWARA,2012,Kharif,Cotton(lint),33774,36671,1.085776041
Madhya Pradesh,CHHINDWARA,2012,Kharif,Groundnut,17663,30009,1.698975259
Madhya Pradesh,CHHINDWARA,2012,Kharif,Horse-gram,195,66,0.338461538
Madhya Pradesh,CHHINDWARA,2012,Kharif,Jowar,29908,30865,1.031998128
Madhya Pradesh,CHHINDWARA,2012,Kharif,Maize,134979,483900,3.585002111
Madhya Pradesh,CHHINDWARA,2012,Kharif,Moong(Green Gram),2488,1019,0.409565916
Madhya Pradesh,CHHINDWARA,2012,Kharif,Niger seed,10987,3558,0.323837262
Madhya Pradesh,CHHINDWARA,2012,Kharif,Other Kharif pulses,1982,808,0.407669021
Madhya Pradesh,CHHINDWARA,2012,Kharif,Ragi,76,30,0.394736842
Madhya Pradesh,CHHINDWARA,2012,Kharif,Rice,13938,38372,2.753049218
Madhya Pradesh,CHHINDWARA,2012,Kharif,Sannhamp,279,778,2.788530466
Madhya Pradesh,CHHINDWARA,2012,Kharif,Small millets,21781,11141,0.511500849
Madhya Pradesh,CHHINDWARA,2012,Kharif,Soyabean,153727,382552,2.488515355
Madhya Pradesh,CHHINDWARA,2012,Kharif,Urad,8428,3453,0.409705743
Madhya Pradesh,CHHINDWARA,2012,Rabi,Gram,44054,124614,2.82866482
Madhya Pradesh,CHHINDWARA,2012,Rabi,Jowar,7,39,5.571428571
Madhya Pradesh,CHHINDWARA,2012,Rabi,Khesari,202,183,0.905940594
Madhya Pradesh,CHHINDWARA,2012,Rabi,Linseed,459,396,0.862745098
Madhya Pradesh,CHHINDWARA,2012,Rabi,Masoor,5296,3254,0.614425982
Madhya Pradesh,CHHINDWARA,2012,Rabi,Moong(Green Gram),44,17,0.386363636
Madhya Pradesh,CHHINDWARA,2012,Rabi,Other  Rabi pulses,87,35,0.402298851
Madhya Pradesh,CHHINDWARA,2012,Rabi,Peas & beans (Pulses),6696,4405,0.657855436
Madhya Pradesh,CHHINDWARA,2012,Rabi,Rapeseed &Mustard,412,507,1.230582524
Madhya Pradesh,CHHINDWARA,2012,Rabi,Safflower,18,8,0.444444444
Madhya Pradesh,CHHINDWARA,2012,Rabi,Wheat,138574,438736,3.166077331
Madhya Pradesh,CHHINDWARA,2012,Whole Year,Banana,2,,
Madhya Pradesh,CHHINDWARA,2012,Whole Year,Coriander,537,198,0.368715084
Madhya Pradesh,CHHINDWARA,2012,Whole Year,Dry chillies,2265,2788,1.230905077
Madhya Pradesh,CHHINDWARA,2012,Whole Year,Dry ginger,3369,8930,2.650638172
Madhya Pradesh,CHHINDWARA,2012,Whole Year,Garlic,3764,17491,4.646918172
Madhya Pradesh,CHHINDWARA,2012,Whole Year,Onion,2310,69358,30.02510823
Madhya Pradesh,CHHINDWARA,2012,Whole Year,Potato,5121,110821,21.6404999
Madhya Pradesh,CHHINDWARA,2012,Whole Year,Sesamum,724,468,0.64640884
Madhya Pradesh,CHHINDWARA,2012,Whole Year,Sugarcane,5719,388310,67.89823396
Madhya Pradesh,CHHINDWARA,2012,Whole Year,Sunflower,2,1,0.5
Madhya Pradesh,CHHINDWARA,2012,Whole Year,Sweet potato,450,2322,5.16
Madhya Pradesh,CHHINDWARA,2012,Whole Year,Turmeric,28,32,1.142857143
Madhya Pradesh,CHHINDWARA,2013,Kharif,Arhar/Tur,24775,35167,1.419455096
Madhya Pradesh,CHHINDWARA,2013,Kharif,Bajra,6,3,0.5
Madhya Pradesh,CHHINDWARA,2013,Kharif,Castor seed,48,13,0.270833333
Madhya Pradesh,CHHINDWARA,2013,Kharif,Cotton(lint),34093,38227,1.121256563
Madhya Pradesh,CHHINDWARA,2013,Kharif,Groundnut,17484,43444,2.48478609
Madhya Pradesh,CHHINDWARA,2013,Kharif,Horse-gram,175,40,0.228571429
Madhya Pradesh,CHHINDWARA,2013,Kharif,Jowar,22170,35206,1.588001804
Madhya Pradesh,CHHINDWARA,2013,Kharif,Maize,154251,173173,1.122670193
Madhya Pradesh,CHHINDWARA,2013,Kharif,Moong(Green Gram),2440,412,0.168852459
Madhya Pradesh,CHHINDWARA,2013,Kharif,Niger seed,8912,4097,0.459717235
Madhya Pradesh,CHHINDWARA,2013,Kharif,Other Kharif pulses,2070,906,0.437681159
Madhya Pradesh,CHHINDWARA,2013,Kharif,Rice,13808,28052,2.031575898
Madhya Pradesh,CHHINDWARA,2013,Kharif,Sannhamp,181,267,1.475138122
Madhya Pradesh,CHHINDWARA,2013,Kharif,Small millets,23451,8475,0.361391838
Madhya Pradesh,CHHINDWARA,2013,Kharif,Soyabean,150014,115412,0.769341528
Madhya Pradesh,CHHINDWARA,2013,Kharif,Urad,7904,1143,0.144610324
Madhya Pradesh,CHHINDWARA,2013,Rabi,Gram,42935,105855,2.465471061
Madhya Pradesh,CHHINDWARA,2013,Rabi,Khesari,36,23,0.638888889
Madhya Pradesh,CHHINDWARA,2013,Rabi,Linseed,363,341,0.939393939
Madhya Pradesh,CHHINDWARA,2013,Rabi,Masoor,3975,2586,0.650566038
Madhya Pradesh,CHHINDWARA,2013,Rabi,Moong(Green Gram),46,18,0.391304348
Madhya Pradesh,CHHINDWARA,2013,Rabi,Other  Rabi pulses,94,38,0.404255319
Madhya Pradesh,CHHINDWARA,2013,Rabi,Peas & beans (Pulses),6825,4934,0.722930403
Madhya Pradesh,CHHINDWARA,2013,Rabi,Rapeseed &Mustard,394,513,1.302030457
Madhya Pradesh,CHHINDWARA,2013,Rabi,Safflower,19,10,0.526315789
Madhya Pradesh,CHHINDWARA,2013,Rabi,Urad,3,1,0.333333333
Madhya Pradesh,CHHINDWARA,2013,Rabi,Wheat,146144,332519,2.275283282
Madhya Pradesh,CHHINDWARA,2013,Whole Year,Coriander,362,148,0.408839779
Madhya Pradesh,CHHINDWARA,2013,Whole Year,Dry chillies,2472,1941,0.785194175
Madhya Pradesh,CHHINDWARA,2013,Whole Year,Dry ginger,3723,9868,2.650550631
Madhya Pradesh,CHHINDWARA,2013,Whole Year,Garlic,4344,25954,5.974677716
Madhya Pradesh,CHHINDWARA,2013,Whole Year,Onion,2219,59956,27.0193781
Madhya Pradesh,CHHINDWARA,2013,Whole Year,Potato,4897,93779,19.1502961
Madhya Pradesh,CHHINDWARA,2013,Whole Year,Sesamum,822,547,0.665450122
Madhya Pradesh,CHHINDWARA,2013,Whole Year,Sugarcane,4527,313800,69.31742876
Madhya Pradesh,CHHINDWARA,2013,Whole Year,Sweet potato,420,2788,6.638095238
Madhya Pradesh,CHHINDWARA,2013,Whole Year,Turmeric,9,11,1.222222222
Madhya Pradesh,DAMOH,1997,Kharif,Arhar/Tur,2800,1700,0.607142857
Madhya Pradesh,DAMOH,1997,Kharif,Groundnut,400,300,0.75
Madhya Pradesh,DAMOH,1997,Kharif,Jowar,7900,7500,0.949367089
Madhya Pradesh,DAMOH,1997,Kharif,Maize,2100,2600,1.238095238
Madhya Pradesh,DAMOH,1997,Kharif,Paddy,52600,34700,0.659695817
Madhya Pradesh,DAMOH,1997,Kharif,Sesamum,1200,200,0.166666667
Madhya Pradesh,DAMOH,1997,Kharif,Small millets,1600,400,0.25
Madhya Pradesh,DAMOH,1997,Kharif,Soyabean,82200,73100,0.889294404
Madhya Pradesh,DAMOH,1997,Rabi,Barley,100,100,1
Madhya Pradesh,DAMOH,1997,Rabi,Linseed,17200,5900,0.343023256
Madhya Pradesh,DAMOH,1997,Rabi,Rapeseed &Mustard,800,400,0.5
Madhya Pradesh,DAMOH,1997,Rabi,Wheat,100900,131700,1.305252725
Madhya Pradesh,DAMOH,1998,Kharif,Arhar/Tur,3000,2100,0.7
Madhya Pradesh,DAMOH,1998,Kharif,Groundnut,700,600,0.857142857
Madhya Pradesh,DAMOH,1998,Kharif,Jowar,7700,9200,1.194805195
Madhya Pradesh,DAMOH,1998,Kharif,Maize,2200,2900,1.318181818
Madhya Pradesh,DAMOH,1998,Kharif,Rice,52600,23600,0.448669202
Madhya Pradesh,DAMOH,1998,Kharif,Sesamum,1600,300,0.1875
Madhya Pradesh,DAMOH,1998,Kharif,Small millets,1500,400,0.266666667
Madhya Pradesh,DAMOH,1998,Kharif,Soyabean,78000,45600,0.584615385
Madhya Pradesh,DAMOH,1998,Kharif,Sunflower,100,,
Madhya Pradesh,DAMOH,1998,Rabi,Barley,100,200,2
Madhya Pradesh,DAMOH,1998,Rabi,Gram,69800,50000,0.716332378
Madhya Pradesh,DAMOH,1998,Rabi,Linseed,15300,5300,0.346405229
Madhya Pradesh,DAMOH,1998,Rabi,Rapeseed &Mustard,700,500,0.714285714
Madhya Pradesh,DAMOH,1998,Rabi,Wheat,97300,130500,1.341212744
Madhya Pradesh,DAMOH,1998,Whole Year,Sugarcane,97,990,10.20618557
Madhya Pradesh,DAMOH,1999,Kharif,Arhar/Tur,2883,2198,0.762400277
Madhya Pradesh,DAMOH,1999,Kharif,Bajra,3,3,1
Madhya Pradesh,DAMOH,1999,Kharif,Dry ginger,57,72,1.263157895
Madhya Pradesh,DAMOH,1999,Kharif,Groundnut,1352,1201,0.888313609
Madhya Pradesh,DAMOH,1999,Kharif,Jowar,7361,8006,1.087623964
Madhya Pradesh,DAMOH,1999,Kharif,Maize,2129,3454,1.622357915
Madhya Pradesh,DAMOH,1999,Kharif,Niger seed,3,0,0
Madhya Pradesh,DAMOH,1999,Kharif,Other Kharif pulses,9053,2584,0.285430244
Madhya Pradesh,DAMOH,1999,Kharif,Rice,53285,44539,0.835863752
Madhya Pradesh,DAMOH,1999,Kharif,Sesamum,2036,366,0.179764244
Madhya Pradesh,DAMOH,1999,Kharif,Soyabean,56083,40098,0.714976018
Madhya Pradesh,DAMOH,1999,Kharif,Sunflower,61,14,0.229508197
Madhya Pradesh,DAMOH,1999,Kharif,Urad,8294,2398,0.289124668
Madhya Pradesh,DAMOH,1999,Rabi,Barley,58,69,1.189655172
Madhya Pradesh,DAMOH,1999,Rabi,Gram,83245,74588,0.896005766
Madhya Pradesh,DAMOH,1999,Rabi,Linseed,14303,5421,0.379011396
Madhya Pradesh,DAMOH,1999,Rabi,Other  Rabi pulses,40630,19675,0.484248093
Madhya Pradesh,DAMOH,1999,Rabi,Rapeseed &Mustard,786,501,0.63740458
Madhya Pradesh,DAMOH,1999,Rabi,Urad,5,1,0.2
Madhya Pradesh,DAMOH,1999,Rabi,Wheat,99758,147530,1.478878887
Madhya Pradesh,DAMOH,1999,Whole Year,Coriander,280,75,0.267857143
Madhya Pradesh,DAMOH,1999,Whole Year,Dry chillies,272,123,0.452205882
Madhya Pradesh,DAMOH,1999,Whole Year,Garlic,68,247,3.632352941
Madhya Pradesh,DAMOH,1999,Whole Year,Onion,533,9128,17.12570356
Madhya Pradesh,DAMOH,1999,Whole Year,Potato,637,10298,16.16640502
Madhya Pradesh,DAMOH,1999,Whole Year,Sannhamp,7,11,1.571428571
Madhya Pradesh,DAMOH,1999,Whole Year,Sugarcane,57,1510,26.49122807
Madhya Pradesh,DAMOH,1999,Whole Year,Sweet potato,171,1009,5.900584795
Madhya Pradesh,DAMOH,1999,Whole Year,Turmeric,9,8,0.888888889
Madhya Pradesh,DAMOH,2000,Kharif,Arhar/Tur,2764,1394,0.504341534
Madhya Pradesh,DAMOH,2000,Kharif,Bajra,2,2,1
Madhya Pradesh,DAMOH,2000,Kharif,Dry ginger,69,74,1.072463768
Madhya Pradesh,DAMOH,2000,Kharif,Groundnut,1302,1322,1.015360983
Madhya Pradesh,DAMOH,2000,Kharif,Jowar,6715,6535,0.973194341
Madhya Pradesh,DAMOH,2000,Kharif,Maize,2171,3847,1.771994473
Madhya Pradesh,DAMOH,2000,Kharif,Niger seed,4,0,0
Madhya Pradesh,DAMOH,2000,Kharif,Other Kharif pulses,9795,1914,0.195405819
Madhya Pradesh,DAMOH,2000,Kharif,Rice,53995,23001,0.425983887
Madhya Pradesh,DAMOH,2000,Kharif,Sesamum,2128,391,0.183740602
Madhya Pradesh,DAMOH,2000,Kharif,Small millets,1503,220,0.146373919
Madhya Pradesh,DAMOH,2000,Kharif,Soyabean,56111,29074,0.518151521
Madhya Pradesh,DAMOH,2000,Kharif,Sunflower,31,12,0.387096774
Madhya Pradesh,DAMOH,2000,Rabi,Barley,63,55,0.873015873
Madhya Pradesh,DAMOH,2000,Rabi,Gram,99707,64610,0.647998636
Madhya Pradesh,DAMOH,2000,Rabi,Linseed,10841,3170,0.292408449
Madhya Pradesh,DAMOH,2000,Rabi,Other  Rabi pulses,36290,13128,0.361752549
Madhya Pradesh,DAMOH,2000,Rabi,Rapeseed &Mustard,548,204,0.372262774
Madhya Pradesh,DAMOH,2000,Rabi,Wheat,86128,89183,1.035470463
Madhya Pradesh,DAMOH,2000,Whole Year,Coriander,267,52,0.194756554
Madhya Pradesh,DAMOH,2000,Whole Year,Dry chillies,290,94,0.324137931
Madhya Pradesh,DAMOH,2000,Whole Year,Garlic,69,172,2.492753623
Madhya Pradesh,DAMOH,2000,Whole Year,Onion,489,7231,14.78732106
Madhya Pradesh,DAMOH,2000,Whole Year,Sannhamp,4,6,1.5
Madhya Pradesh,DAMOH,2000,Whole Year,Sugarcane,128,1000,7.8125
Madhya Pradesh,DAMOH,2000,Whole Year,Turmeric,10,6,0.6
Madhya Pradesh,DAMOH,2001,Kharif,Arhar/Tur,2555,1804,0.706066536
Madhya Pradesh,DAMOH,2001,Kharif,Bajra,1,1,1
Madhya Pradesh,DAMOH,2001,Kharif,Dry ginger,87,107,1.229885057
Madhya Pradesh,DAMOH,2001,Kharif,Groundnut,1220,1164,0.954098361
Madhya Pradesh,DAMOH,2001,Kharif,Jowar,6225,6225,1
Madhya Pradesh,DAMOH,2001,Kharif,Maize,2242,4992,2.226583408
Madhya Pradesh,DAMOH,2001,Kharif,Niger seed,6,1,0.166666667
Madhya Pradesh,DAMOH,2001,Kharif,Other Kharif pulses,9373,2755,0.293929372
Madhya Pradesh,DAMOH,2001,Kharif,Rice,55098,34422,0.62474137
Madhya Pradesh,DAMOH,2001,Kharif,Sesamum,1809,457,0.25262576
Madhya Pradesh,DAMOH,2001,Kharif,Small millets,1252,326,0.260383387
Madhya Pradesh,DAMOH,2001,Kharif,Soyabean,50041,39056,0.780480006
Madhya Pradesh,DAMOH,2001,Rabi,Barley,51,62,1.215686275
Madhya Pradesh,DAMOH,2001,Rabi,Gram,122904,95865,0.779999024
Madhya Pradesh,DAMOH,2001,Rabi,Linseed,9031,3634,0.402391762
Madhya Pradesh,DAMOH,2001,Rabi,Other  Rabi pulses,29566,14034,0.474666847
Madhya Pradesh,DAMOH,2001,Rabi,Rapeseed &Mustard,437,276,0.631578947
Madhya Pradesh,DAMOH,2001,Rabi,Wheat,79854,113192,1.417486914
Madhya Pradesh,DAMOH,2001,Whole Year,Coriander,293,70,0.23890785
Madhya Pradesh,DAMOH,2001,Whole Year,Dry chillies,281,142,0.505338078
Madhya Pradesh,DAMOH,2001,Whole Year,Garlic,70,243,3.471428571
Madhya Pradesh,DAMOH,2001,Whole Year,Onion,500,10618,21.236
Madhya Pradesh,DAMOH,2001,Whole Year,Potato,610,11945,19.58196721
Madhya Pradesh,DAMOH,2001,Whole Year,Sannhamp,8,11,1.375
Madhya Pradesh,DAMOH,2001,Whole Year,Sugarcane,55,1400,25.45454545
Madhya Pradesh,DAMOH,2001,Whole Year,Sweet potato,171,979,5.725146199
Madhya Pradesh,DAMOH,2001,Whole Year,Turmeric,6,5,0.833333333
Madhya Pradesh,DAMOH,2002,Kharif,Arhar/Tur,2899,1257,0.433597792
Madhya Pradesh,DAMOH,2002,Kharif,Bajra,100,45,0.45
Madhya Pradesh,DAMOH,2002,Kharif,Dry ginger,66,81,1.227272727
Madhya Pradesh,DAMOH,2002,Kharif,Groundnut,948,518,0.546413502
Madhya Pradesh,DAMOH,2002,Kharif,Jowar,5813,4308,0.74109754
Madhya Pradesh,DAMOH,2002,Kharif,Maize,2155,3912,1.815313225
Madhya Pradesh,DAMOH,2002,Kharif,Niger seed,1,0.01,0.01
Madhya Pradesh,DAMOH,2002,Kharif,Other Kharif pulses,16659,2798,0.16795726
Madhya Pradesh,DAMOH,2002,Kharif,Rice,51902,15126,0.291433856
Madhya Pradesh,DAMOH,2002,Kharif,Sesamum,1816,279,0.153634361
Madhya Pradesh,DAMOH,2002,Kharif,Small millets,1128,163,0.144503546
Madhya Pradesh,DAMOH,2002,Kharif,Soyabean,26412,12184,0.461305467
Madhya Pradesh,DAMOH,2002,Kharif,Sunflower,2,0.01,0.005
Madhya Pradesh,DAMOH,2002,Rabi,Barley,71,80,1.126760563
Madhya Pradesh,DAMOH,2002,Rabi,Gram,180263,36696,0.203569229
Madhya Pradesh,DAMOH,2002,Rabi,Jowar,3,3,1
Madhya Pradesh,DAMOH,2002,Rabi,Linseed,5053,1427,0.282406491
Madhya Pradesh,DAMOH,2002,Rabi,Other  Rabi pulses,18430,5805,0.314975583
Madhya Pradesh,DAMOH,2002,Rabi,Rapeseed &Mustard,564,325,0.576241135
Madhya Pradesh,DAMOH,2002,Rabi,Wheat,57906,77098,1.331433703
Madhya Pradesh,DAMOH,2002,Whole Year,Banana,4,0,0
Madhya Pradesh,DAMOH,2002,Whole Year,Beans & Mutter(Vegetable),20,0,0
Madhya Pradesh,DAMOH,2002,Whole Year,Bhindi,124,0,0
Madhya Pradesh,DAMOH,2002,Whole Year,Brinjal,696,0,0
Madhya Pradesh,DAMOH,2002,Whole Year,Cabbage,9,0,0
Madhya Pradesh,DAMOH,2002,Whole Year,Cauliflower,72,0,0
Madhya Pradesh,DAMOH,2002,Whole Year,Citrus Fruit,4,0,0
Madhya Pradesh,DAMOH,2002,Whole Year,Coriander,318,65,0.204402516
Madhya Pradesh,DAMOH,2002,Whole Year,Dry chillies,266,98,0.368421053
Madhya Pradesh,DAMOH,2002,Whole Year,Garlic,104,372,3.576923077
Madhya Pradesh,DAMOH,2002,Whole Year,Onion,496,10118,20.39919355
Madhya Pradesh,DAMOH,2002,Whole Year,Other Fresh Fruits,99,0,0
Madhya Pradesh,DAMOH,2002,Whole Year,Other Vegetables,268,0,0
Madhya Pradesh,DAMOH,2002,Whole Year,Papaya,11,0,0
Madhya Pradesh,DAMOH,2002,Whole Year,Pome Fruit,40,0,0
Madhya Pradesh,DAMOH,2002,Whole Year,Potato,615,10778,17.52520325
Madhya Pradesh,DAMOH,2002,Whole Year,Sannhamp,12,11,0.916666667
Madhya Pradesh,DAMOH,2002,Whole Year,Sugarcane,41,920,22.43902439
Madhya Pradesh,DAMOH,2002,Whole Year,Sweet potato,154,895,5.811688312
Madhya Pradesh,DAMOH,2002,Whole Year,Tomato,568,0,0
Madhya Pradesh,DAMOH,2003,Kharif,Arhar/Tur,2752,1741,0.632630814
Madhya Pradesh,DAMOH,2003,Kharif,Bajra,166,214,1.289156627
Madhya Pradesh,DAMOH,2003,Kharif,Dry ginger,58,70,1.206896552
Madhya Pradesh,DAMOH,2003,Kharif,Groundnut,803,688,0.856787049
Madhya Pradesh,DAMOH,2003,Kharif,Horse-gram,1,0,0
Madhya Pradesh,DAMOH,2003,Kharif,Jowar,5337,6724,1.25988383
Madhya Pradesh,DAMOH,2003,Kharif,Maize,2045,4439,2.170660147
Madhya Pradesh,DAMOH,2003,Kharif,Niger seed,2,0,0
Madhya Pradesh,DAMOH,2003,Kharif,Other Kharif pulses,19081,4684,0.245479797
Madhya Pradesh,DAMOH,2003,Kharif,Rice,52592,40951,0.778654548
Madhya Pradesh,DAMOH,2003,Kharif,Sesamum,1659,580,0.349608198
Madhya Pradesh,DAMOH,2003,Kharif,Small millets,951,292,0.307045216
Madhya Pradesh,DAMOH,2003,Kharif,Soyabean,32342,32772,1.013295405
Madhya Pradesh,DAMOH,2003,Kharif,Urad,18495,4546,0.245796161
Madhya Pradesh,DAMOH,2003,Rabi,Barley,66,94,1.424242424
Madhya Pradesh,DAMOH,2003,Rabi,Gram,176026,145045,0.823997591
Madhya Pradesh,DAMOH,2003,Rabi,Linseed,4644,2172,0.467700258
Madhya Pradesh,DAMOH,2003,Rabi,Other  Rabi pulses,17683,8757,0.495221399
Madhya Pradesh,DAMOH,2003,Rabi,other misc. pulses,1,0.01,0.01
Madhya Pradesh,DAMOH,2003,Rabi,Rapeseed &Mustard,433,312,0.720554273
Madhya Pradesh,DAMOH,2003,Rabi,Urad,24,3,0.125
Madhya Pradesh,DAMOH,2003,Rabi,Wheat,65282,96619,1.480025122
Madhya Pradesh,DAMOH,2003,Whole Year,Banana,4,0,0
Madhya Pradesh,DAMOH,2003,Whole Year,Bhindi,130,0,0
Madhya Pradesh,DAMOH,2003,Whole Year,Brinjal,638,0,0
Madhya Pradesh,DAMOH,2003,Whole Year,Cabbage,11,0,0
Madhya Pradesh,DAMOH,2003,Whole Year,Cauliflower,35,0,0
Madhya Pradesh,DAMOH,2003,Whole Year,Citrus Fruit,4,0,0
Madhya Pradesh,DAMOH,2003,Whole Year,Coriander,305,81,0.26557377
Madhya Pradesh,DAMOH,2003,Whole Year,Dry chillies,257,163,0.634241245
Madhya Pradesh,DAMOH,2003,Whole Year,Garlic,123,447,3.634146341
Madhya Pradesh,DAMOH,2003,Whole Year,Onion,505,10080,19.96039604
Madhya Pradesh,DAMOH,2003,Whole Year,Other Fresh Fruits,111,0,0
Madhya Pradesh,DAMOH,2003,Whole Year,Other Vegetables,194,0,0
Madhya Pradesh,DAMOH,2003,Whole Year,Papaya,11,0,0
Madhya Pradesh,DAMOH,2003,Whole Year,Pome Fruit,35,0,0
Madhya Pradesh,DAMOH,2003,Whole Year,Potato,590,11429,19.37118644
Madhya Pradesh,DAMOH,2003,Whole Year,Sannhamp,11,22,2
Madhya Pradesh,DAMOH,2003,Whole Year,Sugarcane,31,900,29.03225806
Madhya Pradesh,DAMOH,2003,Whole Year,Sweet potato,141,832,5.90070922
Madhya Pradesh,DAMOH,2003,Whole Year,Tomato,527,0,0
Madhya Pradesh,DAMOH,2003,Whole Year,Turmeric,4,4,1
Madhya Pradesh,DAMOH,2003,Whole Year,Water Melon,5,0,0
Madhya Pradesh,DAMOH,2004,Kharif,Arhar/Tur,2674,1587,0.593492895
Madhya Pradesh,DAMOH,2004,Kharif,Bajra,56,74,1.321428571
Madhya Pradesh,DAMOH,2004,Kharif,Dry ginger,81,101,1.24691358
Madhya Pradesh,DAMOH,2004,Kharif,Groundnut,530,581,1.096226415
Madhya Pradesh,DAMOH,2004,Kharif,Jowar,5036,6426,1.276012708
Madhya Pradesh,DAMOH,2004,Kharif,Maize,2098,3486,1.661582459
Madhya Pradesh,DAMOH,2004,Kharif,Rice,53227,36549,0.686662784
Madhya Pradesh,DAMOH,2004,Kharif,Sesamum,2040,782,0.383333333
Madhya Pradesh,DAMOH,2004,Kharif,Small millets,781,210,0.268886044
Madhya Pradesh,DAMOH,2004,Kharif,Soyabean,44881,42738,0.95225151
Madhya Pradesh,DAMOH,2004,Kharif,Sunflower,3,1,0.333333333
Madhya Pradesh,DAMOH,2004,Kharif,Urad,16764,4201,0.250596516
Madhya Pradesh,DAMOH,2004,Rabi,Barley,77,101,1.311688312
Madhya Pradesh,DAMOH,2004,Rabi,Gram,169254,134388,0.794001914
Madhya Pradesh,DAMOH,2004,Rabi,Linseed,5166,2567,0.496902826
Madhya Pradesh,DAMOH,2004,Rabi,Masoor,15549,8284,0.532767381
Madhya Pradesh,DAMOH,2004,Rabi,Rapeseed &Mustard,638,473,0.74137931
Madhya Pradesh,DAMOH,2004,Rabi,Urad,18,2,0.111111111
Madhya Pradesh,DAMOH,2004,Rabi,Wheat,67619,97849,1.447063695
Madhya Pradesh,DAMOH,2004,Whole Year,Coriander,328,88,0.268292683
Madhya Pradesh,DAMOH,2004,Whole Year,Garlic,124,450,3.629032258
Madhya Pradesh,DAMOH,2004,Whole Year,Onion,533,12389,23.24390244
Madhya Pradesh,DAMOH,2004,Whole Year,Potato,600,13173,21.955
Madhya Pradesh,DAMOH,2004,Whole Year,Sugarcane,37,1060,28.64864865
Madhya Pradesh,DAMOH,2004,Whole Year,Sweet potato,148,873,5.898648649
Madhya Pradesh,DAMOH,2004,Whole Year,Turmeric,6,5,0.833333333
Madhya Pradesh,DAMOH,2005,Kharif,Arhar/Tur,3013,1933,0.641553269
Madhya Pradesh,DAMOH,2005,Kharif,Bajra,61,75,1.229508197
Madhya Pradesh,DAMOH,2005,Kharif,Groundnut,434,484,1.115207373
Madhya Pradesh,DAMOH,2005,Kharif,Jowar,4063,5020,1.235540241
Madhya Pradesh,DAMOH,2005,Kharif,Maize,2009,3517,1.7506222
Madhya Pradesh,DAMOH,2005,Kharif,Moong(Green Gram),499,147,0.294589178
Madhya Pradesh,DAMOH,2005,Kharif,Niger seed,10,1,0.1
Madhya Pradesh,DAMOH,2005,Kharif,Rice,53298,34397,0.645371308
Madhya Pradesh,DAMOH,2005,Kharif,Sesamum,1664,474,0.284855769
Madhya Pradesh,DAMOH,2005,Kharif,Small millets,110,19,0.172727273
Madhya Pradesh,DAMOH,2005,Kharif,Soyabean,45302,46687,1.030572602
Madhya Pradesh,DAMOH,2005,Kharif,Urad,13545,4113,0.303654485
Madhya Pradesh,DAMOH,2005,Rabi,Barley,102,140,1.37254902
Madhya Pradesh,DAMOH,2005,Rabi,Gram,166725,143050,0.8579997
Madhya Pradesh,DAMOH,2005,Rabi,Linseed,5102,2560,0.501764014
Madhya Pradesh,DAMOH,2005,Rabi,Masoor,18253,9870,0.54073303
Madhya Pradesh,DAMOH,2005,Rabi,Peas & beans (Pulses),6753,3490,0.516807345
Madhya Pradesh,DAMOH,2005,Rabi,Rapeseed &Mustard,756,581,0.768518519
Madhya Pradesh,DAMOH,2005,Rabi,Wheat,68961,102842,1.491306681
Madhya Pradesh,DAMOH,2005,Whole Year,Onion,644,13067,20.29037267
Madhya Pradesh,DAMOH,2005,Whole Year,Potato,625,11811,18.8976
Madhya Pradesh,DAMOH,2005,Whole Year,Sugarcane,52,1490,28.65384615
Madhya Pradesh,DAMOH,2005,Whole Year,Sweet potato,193,1122,5.813471503
Madhya Pradesh,DAMOH,2006,Kharif,Arhar/Tur,3077,1585,0.515112122
Madhya Pradesh,DAMOH,2006,Kharif,Bajra,68,79,1.161764706
Madhya Pradesh,DAMOH,2006,Kharif,Dry ginger,141,122,0.865248227
Madhya Pradesh,DAMOH,2006,Kharif,Groundnut,300,228,0.76
Madhya Pradesh,DAMOH,2006,Kharif,Jowar,4052,4213,1.039733465
Madhya Pradesh,DAMOH,2006,Kharif,Maize,2019,2225,1.102030708
Madhya Pradesh,DAMOH,2006,Kharif,Moong(Green Gram),530,149,0.281132075
Madhya Pradesh,DAMOH,2006,Kharif,Other Kharif pulses,6,2,0.333333333
Madhya Pradesh,DAMOH,2006,Kharif,Rice,53262,28778,0.540310165
Madhya Pradesh,DAMOH,2006,Kharif,Small millets,580,130,0.224137931
Madhya Pradesh,DAMOH,2006,Kharif,Soyabean,54564,45611,0.835917455
Madhya Pradesh,DAMOH,2006,Kharif,Sunflower,1,,
Madhya Pradesh,DAMOH,2006,Kharif,Urad,14065,3795,0.269818699
Madhya Pradesh,DAMOH,2006,Rabi,Gram,164998,151303,0.916998994
Madhya Pradesh,DAMOH,2006,Rabi,Khesari,121,69,0.570247934
Madhya Pradesh,DAMOH,2006,Rabi,Linseed,4389,2041,0.465026202
Madhya Pradesh,DAMOH,2006,Rabi,Masoor,17205,7893,0.458761988
Madhya Pradesh,DAMOH,2006,Rabi,Moong(Green Gram),7,2,0.285714286
Madhya Pradesh,DAMOH,2006,Rabi,Other  Rabi pulses,4,1,0.25
Madhya Pradesh,DAMOH,2006,Rabi,Peas & beans (Pulses),7025,3080,0.438434164
Madhya Pradesh,DAMOH,2006,Rabi,Rapeseed &Mustard,662,489,0.738670695
Madhya Pradesh,DAMOH,2006,Rabi,Small millets,26,,
Madhya Pradesh,DAMOH,2006,Rabi,Urad,66,9,0.136363636
Madhya Pradesh,DAMOH,2006,Rabi,Wheat,69621,88409,1.269861105
Madhya Pradesh,DAMOH,2006,Whole Year,Coriander,316,75,0.237341772
Madhya Pradesh,DAMOH,2006,Whole Year,Dry chillies,290,180,0.620689655
Madhya Pradesh,DAMOH,2006,Whole Year,Garlic,113,343,3.03539823
Madhya Pradesh,DAMOH,2006,Whole Year,Onion,725,12552,17.31310345
Madhya Pradesh,DAMOH,2006,Whole Year,Potato,728,9749,13.39148352
Madhya Pradesh,DAMOH,2006,Whole Year,Sesamum,1559,363,0.232841565
Madhya Pradesh,DAMOH,2006,Whole Year,Sugarcane,54,1550,28.7037037
Madhya Pradesh,DAMOH,2006,Whole Year,Sweet potato,186,936,5.032258065
Madhya Pradesh,DAMOH,2006,Whole Year,Turmeric,3,2,0.666666667
Madhya Pradesh,DAMOH,2007,Kharif,Arhar/Tur,3721,2177,0.58505778
Madhya Pradesh,DAMOH,2007,Kharif,Bajra,71,74,1.042253521
Madhya Pradesh,DAMOH,2007,Kharif,Groundnut,283,207,0.731448763
Madhya Pradesh,DAMOH,2007,Kharif,Jowar,4048,4658,1.1506917
Madhya Pradesh,DAMOH,2007,Kharif,Maize,1923,2423,1.2600104
Madhya Pradesh,DAMOH,2007,Kharif,Niger seed,60,9,0.15
Madhya Pradesh,DAMOH,2007,Kharif,Rice,53919,31075,0.576327454
Madhya Pradesh,DAMOH,2007,Kharif,Soyabean,108702,62304,0.573163327
Madhya Pradesh,DAMOH,2007,Kharif,Urad,37976,10798,0.284337476
Madhya Pradesh,DAMOH,2007,Rabi,Barley,120,142,1.183333333
Madhya Pradesh,DAMOH,2007,Rabi,Gram,157807,105257,0.666998295
Madhya Pradesh,DAMOH,2007,Rabi,Khesari,109,49,0.449541284
Madhya Pradesh,DAMOH,2007,Rabi,Linseed,2932,1282,0.437244202
Madhya Pradesh,DAMOH,2007,Rabi,Masoor,14998,7127,0.475196693
Madhya Pradesh,DAMOH,2007,Rabi,Peas & beans (Pulses),6939,3152,0.454244127
Madhya Pradesh,DAMOH,2007,Rabi,Rapeseed &Mustard,565,402,0.711504425
Madhya Pradesh,DAMOH,2007,Rabi,Urad,67,14,0.208955224
Madhya Pradesh,DAMOH,2007,Rabi,Wheat,63063,99767,1.582021153
Madhya Pradesh,DAMOH,2007,Whole Year,Banana,2,64,32
Madhya Pradesh,DAMOH,2007,Whole Year,Coriander,355,71,0.2
Madhya Pradesh,DAMOH,2007,Whole Year,Garlic,105,302,2.876190476
Madhya Pradesh,DAMOH,2007,Whole Year,Onion,720,12345,17.14583333
Madhya Pradesh,DAMOH,2007,Whole Year,Potato,661,9138,13.82450832
Madhya Pradesh,DAMOH,2007,Whole Year,Sesamum,1647,423,0.256830601
Madhya Pradesh,DAMOH,2007,Whole Year,Small millets,30,5,0.166666667
Madhya Pradesh,DAMOH,2007,Whole Year,Sugarcane,52,1280,24.61538462
Madhya Pradesh,DAMOH,2007,Whole Year,Sweet potato,141,795,5.638297872
Madhya Pradesh,DAMOH,2007,Whole Year,Turmeric,3,2,0.666666667
Madhya Pradesh,DAMOH,2008,Kharif,Arhar/Tur,3679,3124,0.849143789
Madhya Pradesh,DAMOH,2008,Kharif,Bajra,22,31,1.409090909
Madhya Pradesh,DAMOH,2008,Kharif,Groundnut,338,285,0.843195266
Madhya Pradesh,DAMOH,2008,Kharif,Jowar,3675,5995,1.631292517
Madhya Pradesh,DAMOH,2008,Kharif,Maize,2089,3800,1.819052178
Madhya Pradesh,DAMOH,2008,Kharif,Niger seed,4,1,0.25
Madhya Pradesh,DAMOH,2008,Kharif,Rice,56255,43443,0.772251355
Madhya Pradesh,DAMOH,2008,Kharif,Sannhamp,4,2,0.5
Madhya Pradesh,DAMOH,2008,Kharif,Soyabean,92979,109369,1.176276363
Madhya Pradesh,DAMOH,2008,Kharif,Urad,549,206,0.375227687
Madhya Pradesh,DAMOH,2008,Rabi,Barley,105,183,1.742857143
Madhya Pradesh,DAMOH,2008,Rabi,Gram,158737,153181,0.964998709
Madhya Pradesh,DAMOH,2008,Rabi,Khesari,173,139,0.803468208
Madhya Pradesh,DAMOH,2008,Rabi,Linseed,2845,1910,0.671353251
Madhya Pradesh,DAMOH,2008,Rabi,Masoor,16184,11005,0.679992585
Madhya Pradesh,DAMOH,2008,Rabi,Peas & beans (Pulses),7544,4904,0.650053022
Madhya Pradesh,DAMOH,2008,Rabi,Rapeseed &Mustard,541,567,1.04805915
Madhya Pradesh,DAMOH,2008,Rabi,Urad,5,1,0.2
Madhya Pradesh,DAMOH,2008,Rabi,Wheat,66962,131749,1.967518891
Madhya Pradesh,DAMOH,2008,Whole Year,Coriander,415,136,0.327710843
Madhya Pradesh,DAMOH,2008,Whole Year,Garlic,106,459,4.330188679
Madhya Pradesh,DAMOH,2008,Whole Year,Onion,678,14088,20.77876106
Madhya Pradesh,DAMOH,2008,Whole Year,Potato,746,13902,18.63538874
Madhya Pradesh,DAMOH,2008,Whole Year,Sesamum,1762,647,0.367196368
Madhya Pradesh,DAMOH,2008,Whole Year,Small millets,478,170,0.355648536
Madhya Pradesh,DAMOH,2008,Whole Year,Sugarcane,41,1160,28.29268293
Madhya Pradesh,DAMOH,2008,Whole Year,Sweet potato,157,1090,6.942675159
Madhya Pradesh,DAMOH,2008,Whole Year,Turmeric,12,12,1
Madhya Pradesh,DAMOH,2009,Kharif,Cowpea(Lobia),7,3,0.428571429
Madhya Pradesh,DAMOH,2009,Kharif,Jowar,4254,8356,1.964268923
Madhya Pradesh,DAMOH,2009,Kharif,Moong(Green Gram),619,209,0.337641357
Madhya Pradesh,DAMOH,2009,Kharif,Small millets,355,107,0.301408451
Madhya Pradesh,DAMOH,2009,Kharif,Urad,33070,11156,0.337345026
Madhya Pradesh,DAMOH,2009,Rabi,Cowpea(Lobia),9,4,0.444444444
Madhya Pradesh,DAMOH,2009,Rabi,Moong(Green Gram),6,2,0.333333333
Madhya Pradesh,DAMOH,2009,Rabi,Small millets,21,8,0.380952381
Madhya Pradesh,DAMOH,2009,Rabi,Urad,80,13,0.1625
Madhya Pradesh,DAMOH,2009,Whole Year,Arhar/Tur,6411,5439,0.848385587
Madhya Pradesh,DAMOH,2009,Whole Year,Bajra,6,8,1.333333333
Madhya Pradesh,DAMOH,2009,Whole Year,Banana,3,139,46.33333333
Madhya Pradesh,DAMOH,2009,Whole Year,Barley,150,250,1.666666667
Madhya Pradesh,DAMOH,2009,Whole Year,Coriander,480,159,0.33125
Madhya Pradesh,DAMOH,2009,Whole Year,Dry chillies,432,764,1.768518519
Madhya Pradesh,DAMOH,2009,Whole Year,Dry ginger,173,250,1.445086705
Madhya Pradesh,DAMOH,2009,Whole Year,Garlic,104,467,4.490384615
Madhya Pradesh,DAMOH,2009,Whole Year,Gram,151379,161370,1.065999908
Madhya Pradesh,DAMOH,2009,Whole Year,Groundnut,292,269,0.921232877
Madhya Pradesh,DAMOH,2009,Whole Year,Khesari,128,99,0.7734375
Madhya Pradesh,DAMOH,2009,Whole Year,Linseed,2276,1623,0.713093146
Madhya Pradesh,DAMOH,2009,Whole Year,Maize,2138,3630,1.697848457
Madhya Pradesh,DAMOH,2009,Whole Year,Masoor,17439,11859,0.680027525
Madhya Pradesh,DAMOH,2009,Whole Year,Niger seed,3,1,0.333333333
Madhya Pradesh,DAMOH,2009,Whole Year,Onion,791,17671,22.34007585
Madhya Pradesh,DAMOH,2009,Whole Year,Peas & beans (Pulses),7591,4934,0.64998024
Madhya Pradesh,DAMOH,2009,Whole Year,Potato,805,14831,18.42360248
Madhya Pradesh,DAMOH,2009,Whole Year,Rapeseed &Mustard,830,883,1.063855422
Madhya Pradesh,DAMOH,2009,Whole Year,Rice,55599,37500,0.674472562
Madhya Pradesh,DAMOH,2009,Whole Year,Sesamum,2678,1023,0.382001494
Madhya Pradesh,DAMOH,2009,Whole Year,Soyabean,90993,101800,1.118767378
Madhya Pradesh,DAMOH,2009,Whole Year,Sugarcane,54,1840,34.07407407
Madhya Pradesh,DAMOH,2009,Whole Year,Sweet potato,164,1181,7.201219512
Madhya Pradesh,DAMOH,2009,Whole Year,Turmeric,5,3,0.6
Madhya Pradesh,DAMOH,2009,Whole Year,Wheat,72082,136316,1.891123998
Madhya Pradesh,DAMOH,2010,Kharif,Arhar/Tur,63818,15759,0.246936601
Madhya Pradesh,DAMOH,2010,Kharif,Bajra,7,14,2
Madhya Pradesh,DAMOH,2010,Kharif,Groundnut,245,334,1.363265306
Madhya Pradesh,DAMOH,2010,Kharif,Horse-gram,10,2,0.2
Madhya Pradesh,DAMOH,2010,Kharif,Jowar,1779,4124,2.318156268
Madhya Pradesh,DAMOH,2010,Kharif,Maize,1753,3534,2.015972618
Madhya Pradesh,DAMOH,2010,Kharif,Moong(Green Gram),395,158,0.4
Madhya Pradesh,DAMOH,2010,Kharif,Rice,50196,51888,1.033707865
Madhya Pradesh,DAMOH,2010,Kharif,Small millets,167,74,0.443113772
Madhya Pradesh,DAMOH,2010,Kharif,Soyabean,62110,90483,1.456818548
Madhya Pradesh,DAMOH,2010,Kharif,Urad,21031,8412,0.39998098
Madhya Pradesh,DAMOH,2010,Rabi,Barley,31,68,2.193548387
Madhya Pradesh,DAMOH,2010,Rabi,Cowpea(Lobia),5,1,0.2
Madhya Pradesh,DAMOH,2010,Rabi,Gram,111324,60449,0.543000611
Madhya Pradesh,DAMOH,2010,Rabi,Khesari,56,36,0.642857143
Madhya Pradesh,DAMOH,2010,Rabi,Linseed,1003,605,0.603190429
Madhya Pradesh,DAMOH,2010,Rabi,Masoor,38251,18388,0.480719458
Madhya Pradesh,DAMOH,2010,Rabi,Moong(Green Gram),13,3,0.230769231
Madhya Pradesh,DAMOH,2010,Rabi,Peas & beans (Pulses),14951,5944,0.39756538
Madhya Pradesh,DAMOH,2010,Rabi,Rapeseed &Mustard,768,736,0.958333333
Madhya Pradesh,DAMOH,2010,Rabi,Urad,57,9,0.157894737
Madhya Pradesh,DAMOH,2010,Rabi,Wheat,71811,171444,2.38743368
Madhya Pradesh,DAMOH,2010,Whole Year,Banana,1,18,18
Madhya Pradesh,DAMOH,2010,Whole Year,Coriander,413,136,0.329297821
Madhya Pradesh,DAMOH,2010,Whole Year,Dry chillies,395,1013,2.564556962
Madhya Pradesh,DAMOH,2010,Whole Year,Dry ginger,173,260,1.502890173
Madhya Pradesh,DAMOH,2010,Whole Year,Garlic,114,202,1.771929825
Madhya Pradesh,DAMOH,2010,Whole Year,Onion,1043,13224,12.67881112
Madhya Pradesh,DAMOH,2010,Whole Year,Potato,1447,12720,8.790601244
Madhya Pradesh,DAMOH,2010,Whole Year,Sesamum,1896,1068,0.563291139
Madhya Pradesh,DAMOH,2010,Whole Year,Sugarcane,55,1870,34
Madhya Pradesh,DAMOH,2010,Whole Year,Sweet potato,186,550,2.956989247
Madhya Pradesh,DAMOH,2010,Whole Year,Turmeric,13,9,0.692307692
Madhya Pradesh,DAMOH,2011,Kharif,Arhar/Tur,36565,27011,0.738711883
Madhya Pradesh,DAMOH,2011,Kharif,Bajra,1400,2692,1.922857143
Madhya Pradesh,DAMOH,2011,Kharif,Barley,50,125,2.5
Madhya Pradesh,DAMOH,2011,Kharif,Groundnut,268,351,1.309701493
Madhya Pradesh,DAMOH,2011,Kharif,Jowar,2439,5166,2.118081181
Madhya Pradesh,DAMOH,2011,Kharif,Maize,1769,3090,1.746749576
Madhya Pradesh,DAMOH,2011,Kharif,Moong(Green Gram),501,160,0.319361277
Madhya Pradesh,DAMOH,2011,Kharif,Other Kharif pulses,628,,
Madhya Pradesh,DAMOH,2011,Kharif,Rice,53261,57884,1.086798971
Madhya Pradesh,DAMOH,2011,Kharif,Small millets,15914,7121,0.447467639
Madhya Pradesh,DAMOH,2011,Kharif,Soyabean,50544,65082,1.287630579
Madhya Pradesh,DAMOH,2011,Kharif,Urad,24466,7829,0.319995095
Madhya Pradesh,DAMOH,2011,Rabi,Gram,107431,102520,0.954286938
Madhya Pradesh,DAMOH,2011,Rabi,Horse-gram,27,7,0.259259259
Madhya Pradesh,DAMOH,2011,Rabi,Khesari,1591,1438,0.903834067
Madhya Pradesh,DAMOH,2011,Rabi,Linseed,907,893,0.984564498
Madhya Pradesh,DAMOH,2011,Rabi,Masoor,33431,18367,0.549400257
Madhya Pradesh,DAMOH,2011,Rabi,Moong(Green Gram),10,3,0.3
Madhya Pradesh,DAMOH,2011,Rabi,Other  Rabi pulses,28,8,0.285714286
Madhya Pradesh,DAMOH,2011,Rabi,Peas & beans (Pulses),15785,8368,0.530123535
Madhya Pradesh,DAMOH,2011,Rabi,Rapeseed &Mustard,1110,3146,2.834234234
Madhya Pradesh,DAMOH,2011,Rabi,Urad,78,16,0.205128205
Madhya Pradesh,DAMOH,2011,Rabi,Wheat,91557,150254,1.641097895
Madhya Pradesh,DAMOH,2011,Whole Year,Banana,1,26,26
Madhya Pradesh,DAMOH,2011,Whole Year,Coriander,464,148,0.318965517
Madhya Pradesh,DAMOH,2011,Whole Year,Dry chillies,459,759,1.653594771
Madhya Pradesh,DAMOH,2011,Whole Year,Dry ginger,201,236,1.174129353
Madhya Pradesh,DAMOH,2011,Whole Year,Garlic,127,451,3.551181102
Madhya Pradesh,DAMOH,2011,Whole Year,Onion,947,25658,27.09398099
Madhya Pradesh,DAMOH,2011,Whole Year,Potato,1419,26925,18.97463002
Madhya Pradesh,DAMOH,2011,Whole Year,Sesamum,2288,1320,0.576923077
Madhya Pradesh,DAMOH,2011,Whole Year,Sugarcane,39,1130,28.97435897
Madhya Pradesh,DAMOH,2011,Whole Year,Sweet potato,155,916,5.909677419
Madhya Pradesh,DAMOH,2011,Whole Year,Turmeric,7,5,0.714285714
Madhya Pradesh,DAMOH,2012,Kharif,Arhar/Tur,13437,10915,0.812309295
Madhya Pradesh,DAMOH,2012,Kharif,Bajra,14,21,1.5
Madhya Pradesh,DAMOH,2012,Kharif,Barley,25,45,1.8
Madhya Pradesh,DAMOH,2012,Kharif,Groundnut,184,253,1.375
Madhya Pradesh,DAMOH,2012,Kharif,Jowar,795,1912,2.405031447
Madhya Pradesh,DAMOH,2012,Kharif,Maize,1789,4679,2.615427613
Madhya Pradesh,DAMOH,2012,Kharif,Moong(Green Gram),502,221,0.440239044
Madhya Pradesh,DAMOH,2012,Kharif,Other Kharif pulses,2281,3,0.001315213
Madhya Pradesh,DAMOH,2012,Kharif,Rice,56299,55933,0.993498996
Madhya Pradesh,DAMOH,2012,Kharif,Small millets,98,34,0.346938776
Madhya Pradesh,DAMOH,2012,Kharif,Soyabean,102710,129912,1.264842761
Madhya Pradesh,DAMOH,2012,Kharif,Urad,28803,14113,0.489983682
Madhya Pradesh,DAMOH,2012,Rabi,Gram,135121,151600,1.121957357
Madhya Pradesh,DAMOH,2012,Rabi,Khesari,46,39,0.847826087
Madhya Pradesh,DAMOH,2012,Rabi,Linseed,358,239,0.667597765
Madhya Pradesh,DAMOH,2012,Rabi,Masoor,19536,14847,0.759981572
Madhya Pradesh,DAMOH,2012,Rabi,Moong(Green Gram),7,3,0.428571429
Madhya Pradesh,DAMOH,2012,Rabi,Other  Rabi pulses,5,2,0.4
Madhya Pradesh,DAMOH,2012,Rabi,Peas & beans (Pulses),11303,8251,0.72998319
Madhya Pradesh,DAMOH,2012,Rabi,Rapeseed &Mustard,716,757,1.05726257
Madhya Pradesh,DAMOH,2012,Rabi,Urad,40,12,0.3
Madhya Pradesh,DAMOH,2012,Rabi,Wheat,82427,167966,2.037754619
Madhya Pradesh,DAMOH,2012,Whole Year,Banana,1,32,32
Madhya Pradesh,DAMOH,2012,Whole Year,Coriander,491,187,0.380855397
Madhya Pradesh,DAMOH,2012,Whole Year,Dry chillies,501,1048,2.091816367
Madhya Pradesh,DAMOH,2012,Whole Year,Dry ginger,230,371,1.613043478
Madhya Pradesh,DAMOH,2012,Whole Year,Garlic,137,623,4.547445255
Madhya Pradesh,DAMOH,2012,Whole Year,Onion,1191,32040,26.90176322
Madhya Pradesh,DAMOH,2012,Whole Year,Potato,1308,24932,19.06116208
Madhya Pradesh,DAMOH,2012,Whole Year,Sesamum,1790,849,0.474301676
Madhya Pradesh,DAMOH,2012,Whole Year,Sugarcane,56,1910,34.10714286
Madhya Pradesh,DAMOH,2012,Whole Year,Sweet potato,157,957,6.095541401
Madhya Pradesh,DAMOH,2012,Whole Year,Turmeric,13,16,1.230769231
Madhya Pradesh,DAMOH,2013,Kharif,Arhar/Tur,8427,5869,0.696451881
Madhya Pradesh,DAMOH,2013,Kharif,Bajra,1,1,1
Madhya Pradesh,DAMOH,2013,Kharif,Barley,140,342,2.442857143
Madhya Pradesh,DAMOH,2013,Kharif,Groundnut,93,73,0.784946237
Madhya Pradesh,DAMOH,2013,Kharif,Jowar,319,247,0.774294671
Madhya Pradesh,DAMOH,2013,Kharif,Maize,1681,2436,1.449137418
Madhya Pradesh,DAMOH,2013,Kharif,Moong(Green Gram),495,118,0.238383838
Madhya Pradesh,DAMOH,2013,Kharif,Other Kharif pulses,1098,6,0.005464481
Madhya Pradesh,DAMOH,2013,Kharif,Rice,55634,62313,1.120052486
Madhya Pradesh,DAMOH,2013,Kharif,Small millets,97,24,0.24742268
Madhya Pradesh,DAMOH,2013,Kharif,Soyabean,128582,64844,0.504300757
Madhya Pradesh,DAMOH,2013,Kharif,Urad,24827,6888,0.277439884
Madhya Pradesh,DAMOH,2013,Rabi,Gram,178072,67391,0.378448043
Madhya Pradesh,DAMOH,2013,Rabi,Jowar,4,4,1
Madhya Pradesh,DAMOH,2013,Rabi,Khesari,6,4,0.666666667
Madhya Pradesh,DAMOH,2013,Rabi,Linseed,182,65,0.357142857
Madhya Pradesh,DAMOH,2013,Rabi,Masoor,12798,4688,0.366307236
Madhya Pradesh,DAMOH,2013,Rabi,Moong(Green Gram),139,60,0.431654676
Madhya Pradesh,DAMOH,2013,Rabi,Other  Rabi pulses,1,1,1
Madhya Pradesh,DAMOH,2013,Rabi,Peas & beans (Pulses),9070,3191,0.351819184
Madhya Pradesh,DAMOH,2013,Rabi,Rapeseed &Mustard,613,285,0.464926591
Madhya Pradesh,DAMOH,2013,Rabi,Urad,158,32,0.202531646
Madhya Pradesh,DAMOH,2013,Rabi,Wheat,88617,164342,1.854520013
Madhya Pradesh,DAMOH,2013,Whole Year,Coriander,376,172,0.457446809
Madhya Pradesh,DAMOH,2013,Whole Year,Dry chillies,368,401,1.089673913
Madhya Pradesh,DAMOH,2013,Whole Year,Dry ginger,184,357,1.940217391
Madhya Pradesh,DAMOH,2013,Whole Year,Garlic,107,464,4.336448598
Madhya Pradesh,DAMOH,2013,Whole Year,Onion,916,19572,21.36681223
Madhya Pradesh,DAMOH,2013,Whole Year,Potato,981,19535,19.91335372
Madhya Pradesh,DAMOH,2013,Whole Year,Sesamum,1203,283,0.23524522
Madhya Pradesh,DAMOH,2013,Whole Year,Sugarcane,40,1640,41
Madhya Pradesh,DAMOH,2013,Whole Year,Sweet potato,97,673,6.93814433
Madhya Pradesh,DAMOH,2013,Whole Year,Turmeric,12,16,1.333333333
Madhya Pradesh,DATIA,1997,Kharif,Arhar/Tur,4400,2700,0.613636364
Madhya Pradesh,DATIA,1997,Kharif,Bajra,200,300,1.5
Madhya Pradesh,DATIA,1997,Kharif,Groundnut,4700,4400,0.936170213
Madhya Pradesh,DATIA,1997,Kharif,Jowar,5300,4900,0.924528302
Madhya Pradesh,DATIA,1997,Kharif,Maize,500,500,1
Madhya Pradesh,DATIA,1997,Kharif,Paddy,600,700,1.166666667
Madhya Pradesh,DATIA,1997,Kharif,Sesamum,2300,900,0.391304348
Madhya Pradesh,DATIA,1997,Kharif,Soyabean,4600,4600,1
Madhya Pradesh,DATIA,1997,Rabi,Barley,2600,4300,1.653846154
Madhya Pradesh,DATIA,1997,Rabi,Linseed,1700,700,0.411764706
Madhya Pradesh,DATIA,1997,Rabi,Rapeseed &Mustard,8300,3800,0.457831325
Madhya Pradesh,DATIA,1997,Rabi,Wheat,49000,80800,1.648979592
Madhya Pradesh,DATIA,1998,Kharif,Arhar/Tur,5700,4500,0.789473684
Madhya Pradesh,DATIA,1998,Kharif,Bajra,800,1000,1.25
Madhya Pradesh,DATIA,1998,Kharif,Groundnut,5200,4700,0.903846154
Madhya Pradesh,DATIA,1998,Kharif,Jowar,7500,8600,1.146666667
Madhya Pradesh,DATIA,1998,Kharif,Maize,500,600,1.2
Madhya Pradesh,DATIA,1998,Kharif,Rice,600,400,0.666666667
Madhya Pradesh,DATIA,1998,Kharif,Sesamum,2100,900,0.428571429
Madhya Pradesh,DATIA,1998,Kharif,Soyabean,4900,3600,0.734693878
Madhya Pradesh,DATIA,1998,Rabi,Barley,3500,6400,1.828571429
Madhya Pradesh,DATIA,1998,Rabi,Gram,51800,64400,1.243243243
Madhya Pradesh,DATIA,1998,Rabi,Linseed,1900,1000,0.526315789
Madhya Pradesh,DATIA,1998,Rabi,Rapeseed &Mustard,8400,5100,0.607142857
Madhya Pradesh,DATIA,1998,Rabi,Wheat,66300,139400,2.102564103
Madhya Pradesh,DATIA,1998,Whole Year,Sugarcane,2394,39330,16.42857143
Madhya Pradesh,DATIA,1999,Kharif,Arhar/Tur,4244,2977,0.701460886
Madhya Pradesh,DATIA,1999,Kharif,Bajra,744,775,1.041666667
Madhya Pradesh,DATIA,1999,Kharif,Castor seed,1,1,1
Madhya Pradesh,DATIA,1999,Kharif,Dry ginger,11,8,0.727272727
Madhya Pradesh,DATIA,1999,Kharif,Groundnut,6796,7384,1.086521483
Madhya Pradesh,DATIA,1999,Kharif,Jowar,5591,5612,1.003756036
Madhya Pradesh,DATIA,1999,Kharif,Maize,534,772,1.445692884
Madhya Pradesh,DATIA,1999,Kharif,Other Kharif pulses,7292,1920,0.263302249
Madhya Pradesh,DATIA,1999,Kharif,Rice,1206,1735,1.438640133
Madhya Pradesh,DATIA,1999,Kharif,Sesamum,1323,443,0.334845049
Madhya Pradesh,DATIA,1999,Kharif,Soyabean,1269,848,0.668242711
Madhya Pradesh,DATIA,1999,Kharif,Urad,3888,1067,0.274434156
Madhya Pradesh,DATIA,1999,Rabi,Barley,3228,6502,2.01425031
Madhya Pradesh,DATIA,1999,Rabi,Gram,47548,70095,1.474194498
Madhya Pradesh,DATIA,1999,Rabi,Linseed,1290,775,0.600775194
Madhya Pradesh,DATIA,1999,Rabi,Other  Rabi pulses,38247,23899,0.624859466
Madhya Pradesh,DATIA,1999,Rabi,Rapeseed &Mustard,8197,5086,0.620470904
Madhya Pradesh,DATIA,1999,Rabi,Wheat,70373,186801,2.654441334
Madhya Pradesh,DATIA,1999,Whole Year,Coriander,9,3,0.333333333
Madhya Pradesh,DATIA,1999,Whole Year,Dry chillies,169,72,0.426035503
Madhya Pradesh,DATIA,1999,Whole Year,Garlic,7,18,2.571428571
Madhya Pradesh,DATIA,1999,Whole Year,Onion,59,580,9.830508475
Madhya Pradesh,DATIA,1999,Whole Year,Potato,147,2617,17.80272109
Madhya Pradesh,DATIA,1999,Whole Year,Sannhamp,25,66,2.64
Madhya Pradesh,DATIA,1999,Whole Year,Sugarcane,1380,47940,34.73913043
Madhya Pradesh,DATIA,1999,Whole Year,Sweet potato,4,21,5.25
Madhya Pradesh,DATIA,2000,Kharif,Arhar/Tur,4747,3161,0.665894249
Madhya Pradesh,DATIA,2000,Kharif,Bajra,653,1007,1.542113323
Madhya Pradesh,DATIA,2000,Kharif,Dry ginger,17,14,0.823529412
Madhya Pradesh,DATIA,2000,Kharif,Groundnut,6928,7386,1.066108545
Madhya Pradesh,DATIA,2000,Kharif,Jowar,6517,7673,1.177382231
Madhya Pradesh,DATIA,2000,Kharif,Maize,544,719,1.321691176
Madhya Pradesh,DATIA,2000,Kharif,Other Kharif pulses,11079,2644,0.238649698
Madhya Pradesh,DATIA,2000,Kharif,Rice,2024,1855,0.916501976
Madhya Pradesh,DATIA,2000,Kharif,Sesamum,2667,1620,0.607424072
Madhya Pradesh,DATIA,2000,Kharif,Small millets,10,4,0.4
Madhya Pradesh,DATIA,2000,Kharif,Soyabean,1877,1388,0.73947789
Madhya Pradesh,DATIA,2000,Rabi,Barley,3337,6657,1.994905604
Madhya Pradesh,DATIA,2000,Rabi,Gram,48027,63414,1.320382285
Madhya Pradesh,DATIA,2000,Rabi,Linseed,546,317,0.580586081
Madhya Pradesh,DATIA,2000,Rabi,Other  Rabi pulses,32307,15597,0.482774631
Madhya Pradesh,DATIA,2000,Rabi,Rapeseed &Mustard,4379,2206,0.503767984
Madhya Pradesh,DATIA,2000,Rabi,Wheat,65348,160887,2.462003428
Madhya Pradesh,DATIA,2000,Whole Year,Coriander,3,1,0.333333333
Madhya Pradesh,DATIA,2000,Whole Year,Dry chillies,194,56,0.288659794
Madhya Pradesh,DATIA,2000,Whole Year,Garlic,7,14,2
Madhya Pradesh,DATIA,2000,Whole Year,Onion,55,563,10.23636364
Madhya Pradesh,DATIA,2000,Whole Year,Sannhamp,46,139,3.02173913
Madhya Pradesh,DATIA,2000,Whole Year,Sugarcane,3523,83920,23.82060744
Madhya Pradesh,DATIA,2001,Kharif,Arhar/Tur,4133,3274,0.792160658
Madhya Pradesh,DATIA,2001,Kharif,Bajra,584,676,1.157534247
Madhya Pradesh,DATIA,2001,Kharif,Dry ginger,8,7,0.875
Madhya Pradesh,DATIA,2001,Kharif,Groundnut,11045,12407,1.123313717
Madhya Pradesh,DATIA,2001,Kharif,Jowar,5372,5950,1.107594937
Madhya Pradesh,DATIA,2001,Kharif,Maize,897,1622,1.808249721
Madhya Pradesh,DATIA,2001,Kharif,Other Kharif pulses,13832,5043,0.364589358
Madhya Pradesh,DATIA,2001,Kharif,Rice,1978,2261,1.143073812
Madhya Pradesh,DATIA,2001,Kharif,Sesamum,2654,1594,0.600602864
Madhya Pradesh,DATIA,2001,Kharif,Small millets,11,4,0.363636364
Madhya Pradesh,DATIA,2001,Kharif,Soyabean,1806,1861,1.030454042
Madhya Pradesh,DATIA,2001,Rabi,Barley,5046,10716,2.123662307
Madhya Pradesh,DATIA,2001,Rabi,Gram,60676,89791,1.47984376
Madhya Pradesh,DATIA,2001,Rabi,Linseed,675,454,0.672592593
Madhya Pradesh,DATIA,2001,Rabi,Other  Rabi pulses,25523,13350,0.523057634
Madhya Pradesh,DATIA,2001,Rabi,Rapeseed &Mustard,6472,3747,0.578955501
Madhya Pradesh,DATIA,2001,Rabi,Wheat,67883,170064,2.505251683
Madhya Pradesh,DATIA,2001,Whole Year,Coriander,4,1,0.25
Madhya Pradesh,DATIA,2001,Whole Year,Dry chillies,172,72,0.418604651
Madhya Pradesh,DATIA,2001,Whole Year,Garlic,10,24,2.4
Madhya Pradesh,DATIA,2001,Whole Year,Onion,80,856,10.7
Madhya Pradesh,DATIA,2001,Whole Year,Potato,113,2486,22
Madhya Pradesh,DATIA,2001,Whole Year,Sannhamp,36,106,2.944444444
Madhya Pradesh,DATIA,2001,Whole Year,Sugarcane,3434,114770,33.4216657
Madhya Pradesh,DATIA,2001,Whole Year,Sweet potato,16,80,5
Madhya Pradesh,DATIA,2002,Kharif,Arhar/Tur,2841,1092,0.3843717
Madhya Pradesh,DATIA,2002,Kharif,Bajra,1223,683,0.558462796
Madhya Pradesh,DATIA,2002,Kharif,Castor seed,1,0.01,0.01
Madhya Pradesh,DATIA,2002,Kharif,Dry ginger,21,6,0.285714286
Madhya Pradesh,DATIA,2002,Kharif,Groundnut,8285,5033,0.607483404
Madhya Pradesh,DATIA,2002,Kharif,Jowar,4113,2016,0.490153173
Madhya Pradesh,DATIA,2002,Kharif,Maize,651,778,1.195084485
Madhya Pradesh,DATIA,2002,Kharif,Other Kharif pulses,16181,3644,0.225202398
Madhya Pradesh,DATIA,2002,Kharif,Rice,1166,769,0.659519726
Madhya Pradesh,DATIA,2002,Kharif,Sesamum,2125,626,0.294588235
Madhya Pradesh,DATIA,2002,Kharif,Small millets,8,2,0.25
Madhya Pradesh,DATIA,2002,Kharif,Soyabean,528,311,0.589015152
Madhya Pradesh,DATIA,2002,Rabi,Barley,3333,6506,1.9519952
Madhya Pradesh,DATIA,2002,Rabi,Gram,63670,87139,1.368603738
Madhya Pradesh,DATIA,2002,Rabi,Linseed,532,251,0.471804511
Madhya Pradesh,DATIA,2002,Rabi,Other  Rabi pulses,23262,10620,0.456538561
Madhya Pradesh,DATIA,2002,Rabi,Rapeseed &Mustard,5660,2028,0.358303887
Madhya Pradesh,DATIA,2002,Rabi,Wheat,67281,128287,1.906734442
Madhya Pradesh,DATIA,2002,Whole Year,Bhindi,7,0,0
Madhya Pradesh,DATIA,2002,Whole Year,Brinjal,250,0,0
Madhya Pradesh,DATIA,2002,Whole Year,Cabbage,4,0,0
Madhya Pradesh,DATIA,2002,Whole Year,Cauliflower,8,0,0
Madhya Pradesh,DATIA,2002,Whole Year,Coriander,10,2,0.2
Madhya Pradesh,DATIA,2002,Whole Year,Dry chillies,126,47,0.373015873
Madhya Pradesh,DATIA,2002,Whole Year,Garlic,19,38,2
Madhya Pradesh,DATIA,2002,Whole Year,Mango,3,0,0
Madhya Pradesh,DATIA,2002,Whole Year,Onion,84,536,6.380952381
Madhya Pradesh,DATIA,2002,Whole Year,Other Vegetables,58,0,0
Madhya Pradesh,DATIA,2002,Whole Year,Papaya,6,159,26.5
Madhya Pradesh,DATIA,2002,Whole Year,Pome Fruit,52,0,0
Madhya Pradesh,DATIA,2002,Whole Year,Potato,134,2254,16.82089552
Madhya Pradesh,DATIA,2002,Whole Year,Sannhamp,19,39,2.052631579
Madhya Pradesh,DATIA,2002,Whole Year,Sugarcane,2936,76180,25.94686649
Madhya Pradesh,DATIA,2002,Whole Year,Sweet potato,1,5,5
Madhya Pradesh,DATIA,2002,Whole Year,Tomato,582,0,0
Madhya Pradesh,DATIA,2002,Whole Year,Turmeric,1,0.01,0.01
Madhya Pradesh,DATIA,2003,Kharif,Arhar/Tur,2959,1534,0.518418385
Madhya Pradesh,DATIA,2003,Kharif,Bajra,1144,1213,1.060314685
Madhya Pradesh,DATIA,2003,Kharif,Castor seed,1,0,0
Madhya Pradesh,DATIA,2003,Kharif,Dry ginger,10,10,1
Madhya Pradesh,DATIA,2003,Kharif,Groundnut,9245,9089,0.983126014
Madhya Pradesh,DATIA,2003,Kharif,Jowar,4346,4089,0.940865163
Madhya Pradesh,DATIA,2003,Kharif,Maize,1234,1661,1.346029173
Madhya Pradesh,DATIA,2003,Kharif,Other Kharif pulses,26972,6598,0.244624055
Madhya Pradesh,DATIA,2003,Kharif,Rice,1385,1981,1.43032491
Madhya Pradesh,DATIA,2003,Kharif,Sesamum,3108,2017,0.648970399
Madhya Pradesh,DATIA,2003,Kharif,Small millets,6,3,0.5
Madhya Pradesh,DATIA,2003,Kharif,Soyabean,606,527,0.869636964
Madhya Pradesh,DATIA,2003,Kharif,Urad,23943,5954,0.248673934
Madhya Pradesh,DATIA,2003,Rabi,Barley,3861,7828,2.027454027
Madhya Pradesh,DATIA,2003,Rabi,Gram,61143,77075,1.260569485
Madhya Pradesh,DATIA,2003,Rabi,Linseed,485,364,0.750515464
Madhya Pradesh,DATIA,2003,Rabi,Other  Rabi pulses,27210,15303,0.562403528
Madhya Pradesh,DATIA,2003,Rabi,other misc. pulses,2970,0.01,3.367E-06
Madhya Pradesh,DATIA,2003,Rabi,Rapeseed &Mustard,7067,3755,0.531342861
Madhya Pradesh,DATIA,2003,Rabi,Wheat,73465,180909,2.462519567
Madhya Pradesh,DATIA,2003,Whole Year,Bhindi,11,0,0
Madhya Pradesh,DATIA,2003,Whole Year,Brinjal,398,0,0
Madhya Pradesh,DATIA,2003,Whole Year,Cabbage,2,0,0
Madhya Pradesh,DATIA,2003,Whole Year,Cauliflower,20,0,0
Madhya Pradesh,DATIA,2003,Whole Year,Citrus Fruit,3,0,0
Madhya Pradesh,DATIA,2003,Whole Year,Coriander,5,1,0.2
Madhya Pradesh,DATIA,2003,Whole Year,Dry chillies,125,52,0.416
Madhya Pradesh,DATIA,2003,Whole Year,Garlic,12,20,1.666666667
Madhya Pradesh,DATIA,2003,Whole Year,Mango,5,0,0
Madhya Pradesh,DATIA,2003,Whole Year,Onion,56,505,9.017857143
Madhya Pradesh,DATIA,2003,Whole Year,Other Vegetables,102,0,0
Madhya Pradesh,DATIA,2003,Whole Year,Papaya,3,0,0
Madhya Pradesh,DATIA,2003,Whole Year,Pome Fruit,36,0,0
Madhya Pradesh,DATIA,2003,Whole Year,Potato,144,2321,16.11805556
Madhya Pradesh,DATIA,2003,Whole Year,Sannhamp,34,78,2.294117647
Madhya Pradesh,DATIA,2003,Whole Year,Sugarcane,3512,114290,32.54271071
Madhya Pradesh,DATIA,2003,Whole Year,Sweet potato,1,5,5
Madhya Pradesh,DATIA,2003,Whole Year,Tomato,676,0,0
Madhya Pradesh,DATIA,2004,Kharif,Arhar/Tur,2093,924,0.441471572
Madhya Pradesh,DATIA,2004,Kharif,Bajra,1091,858,0.786434464
Madhya Pradesh,DATIA,2004,Kharif,Dry ginger,15,11,0.733333333
Madhya Pradesh,DATIA,2004,Kharif,Groundnut,9314,7137,0.766265836
Madhya Pradesh,DATIA,2004,Kharif,Jowar,3464,2221,0.641166282
Madhya Pradesh,DATIA,2004,Kharif,Maize,1257,932,0.741447892
Madhya Pradesh,DATIA,2004,Kharif,Rice,1754,1147,0.653933865
Madhya Pradesh,DATIA,2004,Kharif,Sesamum,5768,2839,0.492198336
Madhya Pradesh,DATIA,2004,Kharif,Small millets,6,1,0.166666667
Madhya Pradesh,DATIA,2004,Kharif,Soyabean,761,515,0.67674113
Madhya Pradesh,DATIA,2004,Kharif,Sunflower,1,,
Madhya Pradesh,DATIA,2004,Kharif,Urad,15984,3727,0.233170671
Madhya Pradesh,DATIA,2004,Rabi,Barley,3249,5664,1.743305633
Madhya Pradesh,DATIA,2004,Rabi,Gram,49659,58110,1.170180632
Madhya Pradesh,DATIA,2004,Rabi,Linseed,372,217,0.583333333
Madhya Pradesh,DATIA,2004,Rabi,Masoor,16175,8069,0.49885626
Madhya Pradesh,DATIA,2004,Rabi,Rapeseed &Mustard,11573,6938,0.599498833
Madhya Pradesh,DATIA,2004,Rabi,Wheat,68463,139141,2.032353242
Madhya Pradesh,DATIA,2004,Whole Year,Coriander,3,1,0.333333333
Madhya Pradesh,DATIA,2004,Whole Year,Garlic,15,28,1.866666667
Madhya Pradesh,DATIA,2004,Whole Year,Onion,83,800,9.638554217
Madhya Pradesh,DATIA,2004,Whole Year,Potato,206,3518,17.0776699
Madhya Pradesh,DATIA,2004,Whole Year,Sugarcane,3160,100050,31.66139241
Madhya Pradesh,DATIA,2004,Whole Year,Sweet potato,8,35,4.375
Madhya Pradesh,DATIA,2004,Whole Year,Turmeric,4,2,0.5
Madhya Pradesh,DATIA,2005,Kharif,Arhar/Tur,2055,1203,0.58540146
Madhya Pradesh,DATIA,2005,Kharif,Bajra,1014,1310,1.291913215
Madhya Pradesh,DATIA,2005,Kharif,Groundnut,8340,7622,0.913908873
Madhya Pradesh,DATIA,2005,Kharif,Jowar,3442,3814,1.1080767
Madhya Pradesh,DATIA,2005,Kharif,Maize,1219,1546,1.268252666
Madhya Pradesh,DATIA,2005,Kharif,Moong(Green Gram),2335,681,0.291648822
Madhya Pradesh,DATIA,2005,Kharif,Rice,1681,1592,0.947055324
Madhya Pradesh,DATIA,2005,Kharif,Sesamum,12243,7830,0.63954913
Madhya Pradesh,DATIA,2005,Kharif,Small millets,3,1,0.333333333
Madhya Pradesh,DATIA,2005,Kharif,Soyabean,794,699,0.880352645
Madhya Pradesh,DATIA,2005,Kharif,Urad,11699,3566,0.304812377
Madhya Pradesh,DATIA,2005,Rabi,Barley,2871,6567,2.287356322
Madhya Pradesh,DATIA,2005,Rabi,Gram,36728,53828,1.46558484
Madhya Pradesh,DATIA,2005,Rabi,Linseed,304,215,0.707236842
Madhya Pradesh,DATIA,2005,Rabi,Masoor,10967,6269,0.571623963
Madhya Pradesh,DATIA,2005,Rabi,Peas & beans (Pulses),25451,16942,0.66567129
Madhya Pradesh,DATIA,2005,Rabi,Rapeseed &Mustard,13477,8650,0.641834236
Madhya Pradesh,DATIA,2005,Rabi,Wheat,73569,158813,2.158694559
Madhya Pradesh,DATIA,2005,Whole Year,Onion,116,1065,9.181034483
Madhya Pradesh,DATIA,2005,Whole Year,Potato,208,3555,17.09134615
Madhya Pradesh,DATIA,2005,Whole Year,Sugarcane,3916,126400,32.27783453
Madhya Pradesh,DATIA,2005,Whole Year,Sweet potato,4,19,4.75
Madhya Pradesh,DATIA,2006,Kharif,Arhar/Tur,1471,730,0.496261047
Madhya Pradesh,DATIA,2006,Kharif,Bajra,1022,1188,1.162426614
Madhya Pradesh,DATIA,2006,Kharif,Dry ginger,8,6,0.75
Madhya Pradesh,DATIA,2006,Kharif,Groundnut,5998,4079,0.68006002
Madhya Pradesh,DATIA,2006,Kharif,Jowar,3203,3392,1.059007181
Madhya Pradesh,DATIA,2006,Kharif,Jute,5,11,2.2
Madhya Pradesh,DATIA,2006,Kharif,Maize,1408,1036,0.735795455
Madhya Pradesh,DATIA,2006,Kharif,Mesta,2,3,1.5
Madhya Pradesh,DATIA,2006,Kharif,Moong(Green Gram),1580,461,0.291772152
Madhya Pradesh,DATIA,2006,Kharif,Rice,1455,1230,0.845360825
Madhya Pradesh,DATIA,2006,Kharif,Soyabean,416,338,0.8125
Madhya Pradesh,DATIA,2006,Kharif,Urad,8218,2505,0.304818691
Madhya Pradesh,DATIA,2006,Rabi,Gram,24629,26223,1.064720452
Madhya Pradesh,DATIA,2006,Rabi,Linseed,137,81,0.591240876
Madhya Pradesh,DATIA,2006,Rabi,Masoor,4943,2261,0.457414526
Madhya Pradesh,DATIA,2006,Rabi,Peas & beans (Pulses),19051,10535,0.552989344
Madhya Pradesh,DATIA,2006,Rabi,Rapeseed &Mustard,8932,4704,0.526645768
Madhya Pradesh,DATIA,2006,Rabi,Wheat,97516,169236,1.735469051
Madhya Pradesh,DATIA,2006,Whole Year,Coriander,5,1,0.2
Madhya Pradesh,DATIA,2006,Whole Year,Dry chillies,50,22,0.44
Madhya Pradesh,DATIA,2006,Whole Year,Garlic,44,71,1.613636364
Madhya Pradesh,DATIA,2006,Whole Year,Onion,33,266,8.060606061
Madhya Pradesh,DATIA,2006,Whole Year,Potato,123,1936,15.7398374
Madhya Pradesh,DATIA,2006,Whole Year,Sesamum,45398,23421,0.515903784
Madhya Pradesh,DATIA,2006,Whole Year,Sugarcane,3501,100620,28.7403599
Madhya Pradesh,DATIA,2007,Kharif,Arhar/Tur,2633,754,0.286365363
Madhya Pradesh,DATIA,2007,Kharif,Bajra,2164,1385,0.640018484
Madhya Pradesh,DATIA,2007,Kharif,Groundnut,5714,3715,0.650157508
Madhya Pradesh,DATIA,2007,Kharif,Jowar,3800,3366,0.885789474
Madhya Pradesh,DATIA,2007,Kharif,Maize,916,754,0.823144105
Madhya Pradesh,DATIA,2007,Kharif,Rice,1528,1369,0.895942408
Madhya Pradesh,DATIA,2007,Kharif,Sannhamp,20,6,0.3
Madhya Pradesh,DATIA,2007,Kharif,Soyabean,352,160,0.454545455
Madhya Pradesh,DATIA,2007,Kharif,Urad,11908,2310,0.193987235
Madhya Pradesh,DATIA,2007,Rabi,Barley,4787,6968,1.455608941
Madhya Pradesh,DATIA,2007,Rabi,Gram,22536,17242,0.765086972
Madhya Pradesh,DATIA,2007,Rabi,Linseed,60,29,0.483333333
Madhya Pradesh,DATIA,2007,Rabi,Masoor,2421,852,0.351920694
Madhya Pradesh,DATIA,2007,Rabi,Peas & beans (Pulses),13031,5339,0.409715294
Madhya Pradesh,DATIA,2007,Rabi,Rapeseed &Mustard,9798,4366,0.445601143
Madhya Pradesh,DATIA,2007,Rabi,Wheat,88482,151820,1.715829208
Madhya Pradesh,DATIA,2007,Whole Year,Coriander,7,1,0.142857143
Madhya Pradesh,DATIA,2007,Whole Year,Garlic,2,3,1.5
Madhya Pradesh,DATIA,2007,Whole Year,Onion,60,610,10.16666667
Madhya Pradesh,DATIA,2007,Whole Year,Potato,188,2671,14.20744681
Madhya Pradesh,DATIA,2007,Whole Year,Sesamum,50012,20670,0.413300808
Madhya Pradesh,DATIA,2007,Whole Year,Sugarcane,4676,165400,35.37211292
Madhya Pradesh,DATIA,2007,Whole Year,Sunflower,1,,
Madhya Pradesh,DATIA,2007,Whole Year,Sweet potato,10,56,5.6
Madhya Pradesh,DATIA,2008,Kharif,Arhar/Tur,601,410,0.682196339
Madhya Pradesh,DATIA,2008,Kharif,Bajra,813,1588,1.953259533
Madhya Pradesh,DATIA,2008,Kharif,Castor seed,75,25,0.333333333
Madhya Pradesh,DATIA,2008,Kharif,Groundnut,2809,2693,0.958704165
Madhya Pradesh,DATIA,2008,Kharif,Jowar,2342,2035,0.868915457
Madhya Pradesh,DATIA,2008,Kharif,Maize,2356,2644,1.122241087
Madhya Pradesh,DATIA,2008,Kharif,Rice,3960,4995,1.261363636
Madhya Pradesh,DATIA,2008,Kharif,Sannhamp,12,4,0.333333333
Madhya Pradesh,DATIA,2008,Kharif,Soyabean,270,177,0.655555556
Madhya Pradesh,DATIA,2008,Kharif,Urad,6404,1597,0.24937539
Madhya Pradesh,DATIA,2008,Rabi,Barley,5123,9213,1.798360336
Madhya Pradesh,DATIA,2008,Rabi,Gram,28805,36040,1.251171672
Madhya Pradesh,DATIA,2008,Rabi,Linseed,262,198,0.755725191
Madhya Pradesh,DATIA,2008,Rabi,Masoor,2156,1422,0.659554731
Madhya Pradesh,DATIA,2008,Rabi,Peas & beans (Pulses),16176,11596,0.716864491
Madhya Pradesh,DATIA,2008,Rabi,Rapeseed &Mustard,11300,7170,0.634513274
Madhya Pradesh,DATIA,2008,Rabi,Wheat,117578,229352,1.950637024
Madhya Pradesh,DATIA,2008,Whole Year,Coriander,11,4,0.363636364
Madhya Pradesh,DATIA,2008,Whole Year,Garlic,12,26,2.166666667
Madhya Pradesh,DATIA,2008,Whole Year,Onion,42,279,6.642857143
Madhya Pradesh,DATIA,2008,Whole Year,Potato,123,2185,17.76422764
Madhya Pradesh,DATIA,2008,Whole Year,Sesamum,19711,8048,0.408299934
Madhya Pradesh,DATIA,2008,Whole Year,Sugarcane,2689,98690,36.70137598
Madhya Pradesh,DATIA,2008,Whole Year,Sweet potato,4,24,6
Madhya Pradesh,DATIA,2009,Kharif,Cowpea(Lobia),3,1,0.333333333
Madhya Pradesh,DATIA,2009,Kharif,Jowar,2037,2253,1.106038292
Madhya Pradesh,DATIA,2009,Kharif,Moong(Green Gram),1897,454,0.23932525
Madhya Pradesh,DATIA,2009,Kharif,Urad,8236,1826,0.221709568
Madhya Pradesh,DATIA,2009,Rabi,Jowar,22,21,0.954545455
Madhya Pradesh,DATIA,2009,Whole Year,Arhar/Tur,435,191,0.43908046
Madhya Pradesh,DATIA,2009,Whole Year,Bajra,955,1248,1.306806283
Madhya Pradesh,DATIA,2009,Whole Year,Barley,3296,7321,2.221177184
Madhya Pradesh,DATIA,2009,Whole Year,Coriander,22,6,0.272727273
Madhya Pradesh,DATIA,2009,Whole Year,Dry chillies,37,43,1.162162162
Madhya Pradesh,DATIA,2009,Whole Year,Dry ginger,15,11,0.733333333
Madhya Pradesh,DATIA,2009,Whole Year,Garlic,9,14,1.555555556
Madhya Pradesh,DATIA,2009,Whole Year,Gram,21768,27267,1.252618523
Madhya Pradesh,DATIA,2009,Whole Year,Groundnut,4448,4332,0.973920863
Madhya Pradesh,DATIA,2009,Whole Year,Khesari,412,154,0.373786408
Madhya Pradesh,DATIA,2009,Whole Year,Linseed,38,28,0.736842105
Madhya Pradesh,DATIA,2009,Whole Year,Maize,2674,2443,0.913612565
Madhya Pradesh,DATIA,2009,Whole Year,Masoor,2833,1620,0.57183198
Madhya Pradesh,DATIA,2009,Whole Year,Mesta,273,63,0.230769231
Madhya Pradesh,DATIA,2009,Whole Year,Onion,56,386,6.892857143
Madhya Pradesh,DATIA,2009,Whole Year,Peas & beans (Pulses),13057,6017,0.460825611
Madhya Pradesh,DATIA,2009,Whole Year,Potato,171,1931,11.29239766
Madhya Pradesh,DATIA,2009,Whole Year,Rapeseed &Mustard,19984,13919,0.696507206
Madhya Pradesh,DATIA,2009,Whole Year,Rice,4303,5041,1.17150825
Madhya Pradesh,DATIA,2009,Whole Year,Sannhamp,177,69,0.389830508
Madhya Pradesh,DATIA,2009,Whole Year,Sesamum,41914,22883,0.545951233
Madhya Pradesh,DATIA,2009,Whole Year,Soyabean,265,200,0.754716981
Madhya Pradesh,DATIA,2009,Whole Year,Sugarcane,2804,85550,30.50998573
Madhya Pradesh,DATIA,2009,Whole Year,Tobacco,192,87,0.453125
Madhya Pradesh,DATIA,2009,Whole Year,Wheat,123889,290873,2.347851706
Madhya Pradesh,DATIA,2010,Kharif,Arhar/Tur,5376,965,0.179501488
Madhya Pradesh,DATIA,2010,Kharif,Bajra,910,1066,1.171428571
Madhya Pradesh,DATIA,2010,Kharif,Castor seed,4454,2156,0.484059273
Madhya Pradesh,DATIA,2010,Kharif,Groundnut,5345,5960,1.115060804
Madhya Pradesh,DATIA,2010,Kharif,Jowar,1568,1900,1.211734694
Madhya Pradesh,DATIA,2010,Kharif,Maize,1974,2078,1.052684904
Madhya Pradesh,DATIA,2010,Kharif,Moong(Green Gram),1308,381,0.291284404
Madhya Pradesh,DATIA,2010,Kharif,Rice,5747,7083,1.232469114
Madhya Pradesh,DATIA,2010,Kharif,Soyabean,325,187,0.575384615
Madhya Pradesh,DATIA,2010,Kharif,Urad,5391,1643,0.304767205
Madhya Pradesh,DATIA,2010,Rabi,Barley,3188,7144,2.240903388
Madhya Pradesh,DATIA,2010,Rabi,Gram,19387,20477,1.056223242
Madhya Pradesh,DATIA,2010,Rabi,Jowar,11,6,0.545454545
Madhya Pradesh,DATIA,2010,Rabi,Khesari,131,40,0.305343511
Madhya Pradesh,DATIA,2010,Rabi,Linseed,57,27,0.473684211
Madhya Pradesh,DATIA,2010,Rabi,Masoor,3766,1203,0.319437069
Madhya Pradesh,DATIA,2010,Rabi,Peas & beans (Pulses),10817,3343,0.309050569
Madhya Pradesh,DATIA,2010,Rabi,Rapeseed &Mustard,18217,9960,0.546742054
Madhya Pradesh,DATIA,2010,Rabi,Wheat,130273,260159,1.997029315
Madhya Pradesh,DATIA,2010,Whole Year,Coriander,51,13,0.254901961
Madhya Pradesh,DATIA,2010,Whole Year,Dry chillies,21,32,1.523809524
Madhya Pradesh,DATIA,2010,Whole Year,Dry ginger,9,5,0.555555556
Madhya Pradesh,DATIA,2010,Whole Year,Garlic,32,34,1.0625
Madhya Pradesh,DATIA,2010,Whole Year,Onion,121,802,6.628099174
Madhya Pradesh,DATIA,2010,Whole Year,Potato,135,1221,9.044444444
Madhya Pradesh,DATIA,2010,Whole Year,Sesamum,41355,22646,0.547600048
Madhya Pradesh,DATIA,2010,Whole Year,Sugarcane,3474,99850,28.74208405
Madhya Pradesh,DATIA,2010,Whole Year,Sweet potato,7,28,4
Madhya Pradesh,DATIA,2011,Kharif,Arhar/Tur,1408,545,0.387073864
Madhya Pradesh,DATIA,2011,Kharif,Bajra,1092,1424,1.304029304
Madhya Pradesh,DATIA,2011,Kharif,Barley,3164,9444,2.98482933
Madhya Pradesh,DATIA,2011,Kharif,Castor seed,25,8,0.32
Madhya Pradesh,DATIA,2011,Kharif,Groundnut,5159,5543,1.07443303
Madhya Pradesh,DATIA,2011,Kharif,Jowar,1575,1871,1.187936508
Madhya Pradesh,DATIA,2011,Kharif,Maize,1539,1140,0.740740741
Madhya Pradesh,DATIA,2011,Kharif,Moong(Green Gram),1263,217,0.171813143
Madhya Pradesh,DATIA,2011,Kharif,Other Kharif pulses,2,,
Madhya Pradesh,DATIA,2011,Kharif,Rice,7383,8981,1.21644318
Madhya Pradesh,DATIA,2011,Kharif,Sannhamp,7,11,1.571428571
Madhya Pradesh,DATIA,2011,Kharif,Soyabean,709,458,0.645980254
Madhya Pradesh,DATIA,2011,Kharif,Urad,6905,1297,0.187834902
Madhya Pradesh,DATIA,2011,Rabi,Gram,20316,25614,1.260779681
Madhya Pradesh,DATIA,2011,Rabi,Jowar,21,25,1.19047619
Madhya Pradesh,DATIA,2011,Rabi,Linseed,19,18,0.947368421
Madhya Pradesh,DATIA,2011,Rabi,Masoor,3300,1158,0.350909091
Madhya Pradesh,DATIA,2011,Rabi,Other  Rabi pulses,2421,,
Madhya Pradesh,DATIA,2011,Rabi,Peas & beans (Pulses),11143,5357,0.480750247
Madhya Pradesh,DATIA,2011,Rabi,Rapeseed &Mustard,16032,13608,0.848802395
Madhya Pradesh,DATIA,2011,Rabi,Wheat,133799,344936,2.578016278
Madhya Pradesh,DATIA,2011,Whole Year,Coriander,9,3,0.333333333
Madhya Pradesh,DATIA,2011,Whole Year,Dry chillies,63,47,0.746031746
Madhya Pradesh,DATIA,2011,Whole Year,Dry ginger,9,5,0.555555556
Madhya Pradesh,DATIA,2011,Whole Year,Garlic,50,64,1.28
Madhya Pradesh,DATIA,2011,Whole Year,Onion,132,1216,9.212121212
Madhya Pradesh,DATIA,2011,Whole Year,Potato,276,3892,14.10144928
Madhya Pradesh,DATIA,2011,Whole Year,Sesamum,34597,25325,0.731999884
Madhya Pradesh,DATIA,2011,Whole Year,Sugarcane,1467,46380,31.61554192
Madhya Pradesh,DATIA,2012,Kharif,Arhar/Tur,646,381,0.589783282
Madhya Pradesh,DATIA,2012,Kharif,Bajra,963,1661,1.724818276
Madhya Pradesh,DATIA,2012,Kharif,Barley,3242,8222,2.536088834
Madhya Pradesh,DATIA,2012,Kharif,Groundnut,6088,8493,1.395039422
Madhya Pradesh,DATIA,2012,Kharif,Jowar,1545,2075,1.343042071
Madhya Pradesh,DATIA,2012,Kharif,Maize,1483,2612,1.761294673
Madhya Pradesh,DATIA,2012,Kharif,Mesta,15,5,0.333333333
Madhya Pradesh,DATIA,2012,Kharif,Moong(Green Gram),1434,544,0.379358438
Madhya Pradesh,DATIA,2012,Kharif,Other Kharif pulses,1014,,
Madhya Pradesh,DATIA,2012,Kharif,Rice,8077,16534,2.047047171
Madhya Pradesh,DATIA,2012,Kharif,Sannhamp,12,28,2.333333333
Madhya Pradesh,DATIA,2012,Kharif,Small millets,100,34,0.34
Madhya Pradesh,DATIA,2012,Kharif,Soyabean,800,729,0.91125
Madhya Pradesh,DATIA,2012,Kharif,Urad,8615,2524,0.292977365
Madhya Pradesh,DATIA,2012,Rabi,Gram,21893,30745,1.404330151
Madhya Pradesh,DATIA,2012,Rabi,Khesari,228,139,0.609649123
Madhya Pradesh,DATIA,2012,Rabi,Linseed,46,31,0.673913043
Madhya Pradesh,DATIA,2012,Rabi,Masoor,3387,2612,0.771183939
Madhya Pradesh,DATIA,2012,Rabi,Peas & beans (Pulses),14249,21631,1.518071444
Madhya Pradesh,DATIA,2012,Rabi,Rapeseed &Mustard,16695,13074,0.783108715
Madhya Pradesh,DATIA,2012,Rabi,Wheat,136956,408540,2.98300184
Madhya Pradesh,DATIA,2012,Whole Year,Coriander,19,8,0.421052632
Madhya Pradesh,DATIA,2012,Whole Year,Dry chillies,56,67,1.196428571
Madhya Pradesh,DATIA,2012,Whole Year,Garlic,34,70,2.058823529
Madhya Pradesh,DATIA,2012,Whole Year,Onion,112,1338,11.94642857
Madhya Pradesh,DATIA,2012,Whole Year,Potato,294,6647,22.60884354
Madhya Pradesh,DATIA,2012,Whole Year,Sesamum,26324,20689,0.785936788
Madhya Pradesh,DATIA,2012,Whole Year,Sugarcane,3628,157360,43.37375965
Madhya Pradesh,DATIA,2012,Whole Year,Sweet potato,28,167,5.964285714
Madhya Pradesh,DATIA,2013,Kharif,Arhar/Tur,219,139,0.634703196
Madhya Pradesh,DATIA,2013,Kharif,Bajra,806,889,1.102977667
Madhya Pradesh,DATIA,2013,Kharif,Barley,3434,12446,3.624344787
Madhya Pradesh,DATIA,2013,Kharif,Groundnut,6599,7842,1.188361873
Madhya Pradesh,DATIA,2013,Kharif,Jowar,1216,1225,1.007401316
Madhya Pradesh,DATIA,2013,Kharif,Maize,694,993,1.430835735
Madhya Pradesh,DATIA,2013,Kharif,Moong(Green Gram),1232,489,0.396915584
Madhya Pradesh,DATIA,2013,Kharif,Rice,12141,13898,1.144716251
Madhya Pradesh,DATIA,2013,Kharif,Sannhamp,275,,
Madhya Pradesh,DATIA,2013,Kharif,Soyabean,1769,1446,0.817410967
Madhya Pradesh,DATIA,2013,Kharif,Urad,10690,3181,0.29756782
Madhya Pradesh,DATIA,2013,Rabi,Gram,17407,20222,1.161716551
Madhya Pradesh,DATIA,2013,Rabi,Masoor,3178,2688,0.845814978
Madhya Pradesh,DATIA,2013,Rabi,Peas & beans (Pulses),20970,40424,1.927706247
Madhya Pradesh,DATIA,2013,Rabi,Rapeseed &Mustard,14595,10726,0.734909215
Madhya Pradesh,DATIA,2013,Rabi,Wheat,136121,408332,2.999772261
Madhya Pradesh,DATIA,2013,Whole Year,Coriander,19,7,0.368421053
Madhya Pradesh,DATIA,2013,Whole Year,Dry chillies,75,51,0.68
Madhya Pradesh,DATIA,2013,Whole Year,Dry ginger,25,22,0.88
Madhya Pradesh,DATIA,2013,Whole Year,Garlic,27,74,2.740740741
Madhya Pradesh,DATIA,2013,Whole Year,Onion,162,1225,7.561728395
Madhya Pradesh,DATIA,2013,Whole Year,Potato,302,5707,18.89735099
Madhya Pradesh,DATIA,2013,Whole Year,Sesamum,20899,13687,0.654911718
Madhya Pradesh,DATIA,2013,Whole Year,Sugarcane,5908,320310,54.21631686
Madhya Pradesh,DATIA,2013,Whole Year,Sweet potato,3,22,7.333333333
Madhya Pradesh,DATIA,2013,Whole Year,Turmeric,4,3,0.75
Madhya Pradesh,DEWAS,1997,Kharif,Arhar/Tur,10100,5200,0.514851485
Madhya Pradesh,DEWAS,1997,Kharif,Bajra,100,100,1
Madhya Pradesh,DEWAS,1997,Kharif,Cotton(lint),35400,63000,1.779661017
Madhya Pradesh,DEWAS,1997,Kharif,Groundnut,500,500,1
Madhya Pradesh,DEWAS,1997,Kharif,Jowar,25500,26100,1.023529412
Madhya Pradesh,DEWAS,1997,Kharif,Maize,7600,7100,0.934210526
Madhya Pradesh,DEWAS,1997,Kharif,Paddy,700,500,0.714285714
Madhya Pradesh,DEWAS,1997,Kharif,Sesamum,3000,900,0.3
Madhya Pradesh,DEWAS,1997,Kharif,Soyabean,240400,346800,1.442595674
Madhya Pradesh,DEWAS,1997,Rabi,Barley,100,100,1
Madhya Pradesh,DEWAS,1997,Rabi,Jowar,100,100,1
Madhya Pradesh,DEWAS,1997,Rabi,Linseed,2900,1600,0.551724138
Madhya Pradesh,DEWAS,1997,Rabi,Rapeseed &Mustard,500,400,0.8
Madhya Pradesh,DEWAS,1997,Rabi,Wheat,108900,235300,2.160697888
Madhya Pradesh,DEWAS,1998,Kharif,Arhar/Tur,9800,6700,0.683673469
Madhya Pradesh,DEWAS,1998,Kharif,Bajra,100,,
Madhya Pradesh,DEWAS,1998,Kharif,Cotton(lint),29900,5000,0.16722408
Madhya Pradesh,DEWAS,1998,Kharif,Groundnut,400,500,1.25
Madhya Pradesh,DEWAS,1998,Kharif,Jowar,21500,31400,1.460465116
Madhya Pradesh,DEWAS,1998,Kharif,Maize,7700,8300,1.077922078
Madhya Pradesh,DEWAS,1998,Kharif,Rice,800,400,0.5
Madhya Pradesh,DEWAS,1998,Kharif,Sesamum,900,300,0.333333333
Madhya Pradesh,DEWAS,1998,Kharif,Soyabean,257000,320500,1.247081712
Madhya Pradesh,DEWAS,1998,Rabi,Gram,90900,97000,1.067106711
Madhya Pradesh,DEWAS,1998,Rabi,Jowar,100,100,1
Madhya Pradesh,DEWAS,1998,Rabi,Linseed,1900,1100,0.578947368
Madhya Pradesh,DEWAS,1998,Rabi,Rapeseed &Mustard,500,400,0.8
Madhya Pradesh,DEWAS,1998,Rabi,Wheat,114200,267700,2.3441331
Madhya Pradesh,DEWAS,1998,Whole Year,Sugarcane,3612,68130,18.86212625
Madhya Pradesh,DEWAS,1999,Kharif,Arhar/Tur,8870,5951,0.670913191
Madhya Pradesh,DEWAS,1999,Kharif,Bajra,13,9,0.692307692
Madhya Pradesh,DEWAS,1999,Kharif,Cotton(lint),26641,22832,0.857024886
Madhya Pradesh,DEWAS,1999,Kharif,Dry ginger,174,154,0.885057471
Madhya Pradesh,DEWAS,1999,Kharif,Groundnut,383,376,0.981723238
Madhya Pradesh,DEWAS,1999,Kharif,Jowar,18186,14258,0.784009678
Madhya Pradesh,DEWAS,1999,Kharif,Maize,8955,11454,1.279061977
Madhya Pradesh,DEWAS,1999,Kharif,Other Kharif pulses,389,132,0.33933162
Madhya Pradesh,DEWAS,1999,Kharif,Rice,815,607,0.744785276
Madhya Pradesh,DEWAS,1999,Kharif,Sesamum,999,307,0.307307307
Madhya Pradesh,DEWAS,1999,Kharif,Soyabean,267945,307333,1.147000317
Madhya Pradesh,DEWAS,1999,Kharif,Sunflower,10,3,0.3
Madhya Pradesh,DEWAS,1999,Kharif,Urad,185,55,0.297297297
Madhya Pradesh,DEWAS,1999,Rabi,Barley,48,73,1.520833333
Madhya Pradesh,DEWAS,1999,Rabi,Gram,92672,100780,1.087491367
Madhya Pradesh,DEWAS,1999,Rabi,Jowar,50,92,1.84
Madhya Pradesh,DEWAS,1999,Rabi,Linseed,1435,906,0.631358885
Madhya Pradesh,DEWAS,1999,Rabi,Other  Rabi pulses,3771,2005,0.531689207
Madhya Pradesh,DEWAS,1999,Rabi,Rapeseed &Mustard,425,348,0.818823529
Madhya Pradesh,DEWAS,1999,Rabi,Safflower,23,8,0.347826087
Madhya Pradesh,DEWAS,1999,Rabi,Wheat,120104,282260,2.350129887
Madhya Pradesh,DEWAS,1999,Whole Year,Coriander,118,49,0.415254237
Madhya Pradesh,DEWAS,1999,Whole Year,Dry chillies,183,102,0.557377049
Madhya Pradesh,DEWAS,1999,Whole Year,Garlic,1374,5736,4.174672489
Madhya Pradesh,DEWAS,1999,Whole Year,Onion,834,9693,11.62230216
Madhya Pradesh,DEWAS,1999,Whole Year,Potato,5629,65476,11.6319062
Madhya Pradesh,DEWAS,1999,Whole Year,Sannhamp,68,167,2.455882353
Madhya Pradesh,DEWAS,1999,Whole Year,Sugarcane,3043,58660,19.27702925
Madhya Pradesh,DEWAS,1999,Whole Year,Sweet potato,29,262,9.034482759
Madhya Pradesh,DEWAS,2000,Kharif,Arhar/Tur,8993,5362,0.596241521
Madhya Pradesh,DEWAS,2000,Kharif,Bajra,63,50,0.793650794
Madhya Pradesh,DEWAS,2000,Kharif,Castor seed,11,2,0.181818182
Madhya Pradesh,DEWAS,2000,Kharif,Cotton(lint),24097,23267,0.965555878
Madhya Pradesh,DEWAS,2000,Kharif,Dry ginger,130,108,0.830769231
Madhya Pradesh,DEWAS,2000,Kharif,Groundnut,378,380,1.005291005
Madhya Pradesh,DEWAS,2000,Kharif,Jowar,15479,16563,1.070030364
Madhya Pradesh,DEWAS,2000,Kharif,Maize,12514,18880,1.508710245
Madhya Pradesh,DEWAS,2000,Kharif,Other Kharif pulses,251,55,0.219123506
Madhya Pradesh,DEWAS,2000,Kharif,Rice,787,370,0.470139771
Madhya Pradesh,DEWAS,2000,Kharif,Sesamum,919,340,0.369967356
Madhya Pradesh,DEWAS,2000,Kharif,Small millets,14,4,0.285714286
Madhya Pradesh,DEWAS,2000,Kharif,Soyabean,274185,276927,1.010000547
Madhya Pradesh,DEWAS,2000,Kharif,Sunflower,34,10,0.294117647
Madhya Pradesh,DEWAS,2000,Rabi,Barley,34,54,1.588235294
Madhya Pradesh,DEWAS,2000,Rabi,Gram,26104,22907,0.877528348
Madhya Pradesh,DEWAS,2000,Rabi,Jowar,24,47,1.958333333
Madhya Pradesh,DEWAS,2000,Rabi,Linseed,243,145,0.596707819
Madhya Pradesh,DEWAS,2000,Rabi,Other  Rabi pulses,1297,507,0.390902082
Madhya Pradesh,DEWAS,2000,Rabi,Rapeseed &Mustard,84,52,0.619047619
Madhya Pradesh,DEWAS,2000,Rabi,Wheat,43307,68484,1.581360981
Madhya Pradesh,DEWAS,2000,Whole Year,Coriander,69,16,0.231884058
Madhya Pradesh,DEWAS,2000,Whole Year,Dry chillies,162,44,0.271604938
Madhya Pradesh,DEWAS,2000,Whole Year,Garlic,907,2114,2.33076075
Madhya Pradesh,DEWAS,2000,Whole Year,Onion,742,7148,9.633423181
Madhya Pradesh,DEWAS,2000,Whole Year,Sannhamp,46,78,1.695652174
Madhya Pradesh,DEWAS,2000,Whole Year,Sugarcane,4224,43760,10.35984848
Madhya Pradesh,DEWAS,2001,Kharif,Arhar/Tur,10060,7097,0.705467197
Madhya Pradesh,DEWAS,2001,Kharif,Bajra,59,47,0.796610169
Madhya Pradesh,DEWAS,2001,Kharif,Castor seed,2,1,0.5
Madhya Pradesh,DEWAS,2001,Kharif,Cotton(lint),28282,24139,0.853511067
Madhya Pradesh,DEWAS,2001,Kharif,Dry ginger,121,101,0.834710744
Madhya Pradesh,DEWAS,2001,Kharif,Groundnut,439,611,1.391799544
Madhya Pradesh,DEWAS,2001,Kharif,Jowar,16749,20920,1.249029793
Madhya Pradesh,DEWAS,2001,Kharif,Maize,13072,23917,1.829635863
Madhya Pradesh,DEWAS,2001,Kharif,Other Kharif pulses,156,52,0.333333333
Madhya Pradesh,DEWAS,2001,Kharif,Rice,822,528,0.642335766
Madhya Pradesh,DEWAS,2001,Kharif,Sesamum,971,403,0.415036045
Madhya Pradesh,DEWAS,2001,Kharif,Small millets,77,12,0.155844156
Madhya Pradesh,DEWAS,2001,Kharif,Soyabean,270396,313659,1.159998669
Madhya Pradesh,DEWAS,2001,Kharif,Sunflower,14,3,0.214285714
Madhya Pradesh,DEWAS,2001,Rabi,Barley,32,50,1.5625
Madhya Pradesh,DEWAS,2001,Rabi,Gram,76877,80611,1.048571094
Madhya Pradesh,DEWAS,2001,Rabi,Jowar,15,24,1.6
Madhya Pradesh,DEWAS,2001,Rabi,Linseed,412,262,0.63592233
Madhya Pradesh,DEWAS,2001,Rabi,Other  Rabi pulses,2205,937,0.424943311
Madhya Pradesh,DEWAS,2001,Rabi,Rapeseed &Mustard,327,232,0.709480122
Madhya Pradesh,DEWAS,2001,Rabi,Wheat,73348,146254,1.993973932
Madhya Pradesh,DEWAS,2001,Whole Year,Coriander,55,16,0.290909091
Madhya Pradesh,DEWAS,2001,Whole Year,Dry chillies,175,58,0.331428571
Madhya Pradesh,DEWAS,2001,Whole Year,Garlic,1165,4169,3.578540773
Madhya Pradesh,DEWAS,2001,Whole Year,Onion,868,10545,12.14861751
Madhya Pradesh,DEWAS,2001,Whole Year,Potato,2935,37069,12.62998296
Madhya Pradesh,DEWAS,2001,Whole Year,Sannhamp,39,94,2.41025641
Madhya Pradesh,DEWAS,2001,Whole Year,Sugarcane,1640,30620,18.67073171
Madhya Pradesh,DEWAS,2001,Whole Year,Sweet potato,69,506,7.333333333
Madhya Pradesh,DEWAS,2002,Kharif,Arhar/Tur,7584,3866,0.509757384
Madhya Pradesh,DEWAS,2002,Kharif,Bajra,51,33,0.647058824
Madhya Pradesh,DEWAS,2002,Kharif,Castor seed,4,1,0.25
Madhya Pradesh,DEWAS,2002,Kharif,Cotton(lint),32784,22488,0.685944363
Madhya Pradesh,DEWAS,2002,Kharif,Dry ginger,100,83,0.83
Madhya Pradesh,DEWAS,2002,Kharif,Groundnut,387,347,0.896640827
Madhya Pradesh,DEWAS,2002,Kharif,Jowar,18096,24611,1.360024315
Madhya Pradesh,DEWAS,2002,Kharif,Maize,15311,26667,1.741688982
Madhya Pradesh,DEWAS,2002,Kharif,Other Kharif pulses,249,74,0.297188755
Madhya Pradesh,DEWAS,2002,Kharif,Rice,843,439,0.520759193
Madhya Pradesh,DEWAS,2002,Kharif,Sesamum,983,462,0.469989827
Madhya Pradesh,DEWAS,2002,Kharif,Small millets,13,3,0.230769231
Madhya Pradesh,DEWAS,2002,Kharif,Soyabean,268745,266595,0.991999851
Madhya Pradesh,DEWAS,2002,Kharif,Sunflower,18,5,0.277777778
Madhya Pradesh,DEWAS,2002,Rabi,Barley,30,54,1.8
Madhya Pradesh,DEWAS,2002,Rabi,Gram,56511,61347,1.085576259
Madhya Pradesh,DEWAS,2002,Rabi,Linseed,195,136,0.697435897
Madhya Pradesh,DEWAS,2002,Rabi,Other  Rabi pulses,2194,1002,0.456700091
Madhya Pradesh,DEWAS,2002,Rabi,Rapeseed &Mustard,92,75,0.815217391
Madhya Pradesh,DEWAS,2002,Rabi,Wheat,66389,122072,1.838738345
Madhya Pradesh,DEWAS,2002,Whole Year,Bhindi,76,0,0
Madhya Pradesh,DEWAS,2002,Whole Year,Brinjal,140,0,0
Madhya Pradesh,DEWAS,2002,Whole Year,Cabbage,84,0,0
Madhya Pradesh,DEWAS,2002,Whole Year,Cauliflower,180,0,0
Madhya Pradesh,DEWAS,2002,Whole Year,Citrus Fruit,6,0,0
Madhya Pradesh,DEWAS,2002,Whole Year,Coriander,65,21,0.323076923
Madhya Pradesh,DEWAS,2002,Whole Year,Dry chillies,172,105,0.610465116
Madhya Pradesh,DEWAS,2002,Whole Year,Garlic,1600,5638,3.52375
Madhya Pradesh,DEWAS,2002,Whole Year,Grapes,2,0,0
Madhya Pradesh,DEWAS,2002,Whole Year,Mango,73,0,0
Madhya Pradesh,DEWAS,2002,Whole Year,Onion,1018,11691,11.48428291
Madhya Pradesh,DEWAS,2002,Whole Year,Other Fresh Fruits,3,0,0
Madhya Pradesh,DEWAS,2002,Whole Year,Other Vegetables,312,0,0
Madhya Pradesh,DEWAS,2002,Whole Year,Papaya,2,0,0
Madhya Pradesh,DEWAS,2002,Whole Year,Pome Fruit,9,0,0
Madhya Pradesh,DEWAS,2002,Whole Year,Potato,2988,35969,12.03781794
Madhya Pradesh,DEWAS,2002,Whole Year,Sannhamp,37,78,2.108108108
Madhya Pradesh,DEWAS,2002,Whole Year,Sugarcane,1995,37260,18.67669173
Madhya Pradesh,DEWAS,2002,Whole Year,Sweet potato,21,127,6.047619048
Madhya Pradesh,DEWAS,2002,Whole Year,Tomato,68,0,0
Madhya Pradesh,DEWAS,2002,Whole Year,Turmeric,32784,22488,0.685944363
Madhya Pradesh,DEWAS,2003,Kharif,Arhar/Tur,10079,6249,0.620001984
Madhya Pradesh,DEWAS,2003,Kharif,Bajra,49,46,0.93877551
Madhya Pradesh,DEWAS,2003,Kharif,Cotton(lint),31201,33070,1.059901926
Madhya Pradesh,DEWAS,2003,Kharif,Dry ginger,194,188,0.969072165
Madhya Pradesh,DEWAS,2003,Kharif,Groundnut,600,633,1.055
Madhya Pradesh,DEWAS,2003,Kharif,Jowar,20787,34382,1.654014528
Madhya Pradesh,DEWAS,2003,Kharif,Maize,14391,23429,1.628031409
Madhya Pradesh,DEWAS,2003,Kharif,Other Kharif pulses,174,49,0.281609195
Madhya Pradesh,DEWAS,2003,Kharif,Rice,765,523,0.683660131
Madhya Pradesh,DEWAS,2003,Kharif,Sesamum,1004,536,0.533864542
Madhya Pradesh,DEWAS,2003,Kharif,Small millets,5,1,0.2
Madhya Pradesh,DEWAS,2003,Kharif,Soyabean,271095,384142,1.41700142
Madhya Pradesh,DEWAS,2003,Kharif,Sunflower,16,5,0.3125
Madhya Pradesh,DEWAS,2003,Kharif,Urad,124,33,0.266129032
Madhya Pradesh,DEWAS,2003,Rabi,Barley,35,61,1.742857143
Madhya Pradesh,DEWAS,2003,Rabi,Gram,79891,83746,1.048253245
Madhya Pradesh,DEWAS,2003,Rabi,Linseed,193,142,0.735751295
Madhya Pradesh,DEWAS,2003,Rabi,Other  Rabi pulses,2744,1270,0.462827988
Madhya Pradesh,DEWAS,2003,Rabi,Rapeseed &Mustard,135,120,0.888888889
Madhya Pradesh,DEWAS,2003,Rabi,Safflower,12,4,0.333333333
Madhya Pradesh,DEWAS,2003,Rabi,Urad,6,1,0.166666667
Madhya Pradesh,DEWAS,2003,Rabi,Wheat,99393,218840,2.201764712
Madhya Pradesh,DEWAS,2003,Whole Year,Banana,7,0,0
Madhya Pradesh,DEWAS,2003,Whole Year,Bhindi,87,0,0
Madhya Pradesh,DEWAS,2003,Whole Year,Brinjal,190,0,0
Madhya Pradesh,DEWAS,2003,Whole Year,Cabbage,73,0,0
Madhya Pradesh,DEWAS,2003,Whole Year,Cauliflower,228,0,0
Madhya Pradesh,DEWAS,2003,Whole Year,Citrus Fruit,10,0,0
Madhya Pradesh,DEWAS,2003,Whole Year,Coriander,81,27,0.333333333
Madhya Pradesh,DEWAS,2003,Whole Year,Dry chillies,189,115,0.608465608
Madhya Pradesh,DEWAS,2003,Whole Year,Garlic,2358,9077,3.849448685
Madhya Pradesh,DEWAS,2003,Whole Year,Grapes,2,0,0
Madhya Pradesh,DEWAS,2003,Whole Year,Mango,88,0,0
Madhya Pradesh,DEWAS,2003,Whole Year,Onion,1621,19949,12.30660086
Madhya Pradesh,DEWAS,2003,Whole Year,Orange,2,0,0
Madhya Pradesh,DEWAS,2003,Whole Year,Other Fresh Fruits,1,0,0
Madhya Pradesh,DEWAS,2003,Whole Year,Other Vegetables,261,0,0
Madhya Pradesh,DEWAS,2003,Whole Year,Papaya,3,148,49.33333333
Madhya Pradesh,DEWAS,2003,Whole Year,Pome Fruit,26,0,0
Madhya Pradesh,DEWAS,2003,Whole Year,Potato,4152,52862,12.73169557
Madhya Pradesh,DEWAS,2003,Whole Year,Sannhamp,46,106,2.304347826
Madhya Pradesh,DEWAS,2003,Whole Year,Sugarcane,1445,29160,20.1799308
Madhya Pradesh,DEWAS,2003,Whole Year,Sweet potato,11,93,8.454545455
Madhya Pradesh,DEWAS,2003,Whole Year,Tomato,68,0,0
Madhya Pradesh,DEWAS,2003,Whole Year,Water Melon,8,0,0
Madhya Pradesh,DEWAS,2004,Kharif,Arhar/Tur,8977,4753,0.529464186
Madhya Pradesh,DEWAS,2004,Kharif,Bajra,37,37,1
Madhya Pradesh,DEWAS,2004,Kharif,Cotton(lint),32635,34564,1.059108319
Madhya Pradesh,DEWAS,2004,Kharif,Dry ginger,70,60,0.857142857
Madhya Pradesh,DEWAS,2004,Kharif,Groundnut,603,863,1.431177446
Madhya Pradesh,DEWAS,2004,Kharif,Jowar,17811,17152,0.963000393
Madhya Pradesh,DEWAS,2004,Kharif,Maize,16479,18116,1.099338552
Madhya Pradesh,DEWAS,2004,Kharif,Rice,685,413,0.602919708
Madhya Pradesh,DEWAS,2004,Kharif,Sesamum,370,217,0.586486486
Madhya Pradesh,DEWAS,2004,Kharif,Soyabean,274218,287106,1.046999103
Madhya Pradesh,DEWAS,2004,Kharif,Sunflower,18,4,0.222222222
Madhya Pradesh,DEWAS,2004,Kharif,Urad,89,26,0.292134831
Madhya Pradesh,DEWAS,2004,Rabi,Barley,50,79,1.58
Madhya Pradesh,DEWAS,2004,Rabi,Gram,83215,92187,1.1078171
Madhya Pradesh,DEWAS,2004,Rabi,Linseed,201,156,0.776119403
Madhya Pradesh,DEWAS,2004,Rabi,Masoor,266,146,0.54887218
Madhya Pradesh,DEWAS,2004,Rabi,Rapeseed &Mustard,41,42,1.024390244
Madhya Pradesh,DEWAS,2004,Rabi,Safflower,327,109,0.333333333
Madhya Pradesh,DEWAS,2004,Rabi,Urad,7,2,0.285714286
Madhya Pradesh,DEWAS,2004,Rabi,Wheat,102110,225355,2.206982666
Madhya Pradesh,DEWAS,2004,Whole Year,Coriander,112,36,0.321428571
Madhya Pradesh,DEWAS,2004,Whole Year,Garlic,2880,10149,3.523958333
Madhya Pradesh,DEWAS,2004,Whole Year,Onion,2172,26308,12.11233886
Madhya Pradesh,DEWAS,2004,Whole Year,Potato,5422,73427,13.54241977
Madhya Pradesh,DEWAS,2004,Whole Year,Sugarcane,334,6840,20.47904192
Madhya Pradesh,DEWAS,2004,Whole Year,Sweet potato,16,106,6.625
Madhya Pradesh,DEWAS,2005,Kharif,Arhar/Tur,7998,4450,0.556389097
Madhya Pradesh,DEWAS,2005,Kharif,Bajra,58,38,0.655172414
Madhya Pradesh,DEWAS,2005,Kharif,Cotton(lint),33762,40741,1.206711688
Madhya Pradesh,DEWAS,2005,Kharif,Groundnut,577,681,1.180242634
Madhya Pradesh,DEWAS,2005,Kharif,Jowar,15369,21778,1.417008263
Madhya Pradesh,DEWAS,2005,Kharif,Maize,15210,19811,1.302498356
Madhya Pradesh,DEWAS,2005,Kharif,Moong(Green Gram),84,30,0.357142857
Madhya Pradesh,DEWAS,2005,Kharif,Rice,603,305,0.505804312
Madhya Pradesh,DEWAS,2005,Kharif,Sesamum,738,305,0.413279133
Madhya Pradesh,DEWAS,2005,Kharif,Soyabean,280697,360976,1.285998782
Madhya Pradesh,DEWAS,2005,Kharif,Sunflower,8,3,0.375
Madhya Pradesh,DEWAS,2005,Kharif,Urad,64,20,0.3125
Madhya Pradesh,DEWAS,2005,Rabi,Barley,39,56,1.435897436
Madhya Pradesh,DEWAS,2005,Rabi,Gram,87184,103302,1.184873371
Madhya Pradesh,DEWAS,2005,Rabi,Linseed,108,92,0.851851852
Madhya Pradesh,DEWAS,2005,Rabi,Masoor,266,116,0.436090226
Madhya Pradesh,DEWAS,2005,Rabi,Peas & beans (Pulses),2185,1027,0.470022883
Madhya Pradesh,DEWAS,2005,Rabi,Rapeseed &Mustard,471,427,0.906581741
Madhya Pradesh,DEWAS,2005,Rabi,Wheat,75762,155626,2.054143238
Madhya Pradesh,DEWAS,2005,Whole Year,Onion,1860,19947,10.72419355
Madhya Pradesh,DEWAS,2005,Whole Year,Potato,3252,46708,14.36285363
Madhya Pradesh,DEWAS,2005,Whole Year,Sugarcane,980,17720,18.08163265
Madhya Pradesh,DEWAS,2005,Whole Year,Sweet potato,5,36,7.2
Madhya Pradesh,DEWAS,2006,Kharif,Arhar/Tur,7839,4375,0.558106901
Madhya Pradesh,DEWAS,2006,Kharif,Bajra,36,36,1
Madhya Pradesh,DEWAS,2006,Kharif,Castor seed,2,1,0.5
Madhya Pradesh,DEWAS,2006,Kharif,Cotton(lint),37581,51509,1.37061281
Madhya Pradesh,DEWAS,2006,Kharif,Dry ginger,59,61,1.033898305
Madhya Pradesh,DEWAS,2006,Kharif,Groundnut,654,719,1.099388379
Madhya Pradesh,DEWAS,2006,Kharif,Jowar,13794,18153,1.31600696
Madhya Pradesh,DEWAS,2006,Kharif,Jute,34,83,2.441176471
Madhya Pradesh,DEWAS,2006,Kharif,Maize,13058,12161,0.931306479
Madhya Pradesh,DEWAS,2006,Kharif,Mesta,2,3,1.5
Madhya Pradesh,DEWAS,2006,Kharif,Moong(Green Gram),63,25,0.396825397
Madhya Pradesh,DEWAS,2006,Kharif,Rice,536,287,0.535447761
Madhya Pradesh,DEWAS,2006,Kharif,Soyabean,282514,336757,1.192001104
Madhya Pradesh,DEWAS,2006,Kharif,Sunflower,1,,
Madhya Pradesh,DEWAS,2006,Kharif,Urad,44,13,0.295454545
Madhya Pradesh,DEWAS,2006,Rabi,Gram,95489,124478,1.303584706
Madhya Pradesh,DEWAS,2006,Rabi,Jowar,35,89,2.542857143
Madhya Pradesh,DEWAS,2006,Rabi,Khesari,3,1,0.333333333
Madhya Pradesh,DEWAS,2006,Rabi,Linseed,104,98,0.942307692
Madhya Pradesh,DEWAS,2006,Rabi,Masoor,224,114,0.508928571
Madhya Pradesh,DEWAS,2006,Rabi,Moong(Green Gram),162,59,0.364197531
Madhya Pradesh,DEWAS,2006,Rabi,Peas & beans (Pulses),2187,1199,0.548239598
Madhya Pradesh,DEWAS,2006,Rabi,Rapeseed &Mustard,452,474,1.048672566
Madhya Pradesh,DEWAS,2006,Rabi,Safflower,2,1,0.5
Madhya Pradesh,DEWAS,2006,Rabi,Urad,1,,
Madhya Pradesh,DEWAS,2006,Rabi,Wheat,105152,270931,2.576565353
Madhya Pradesh,DEWAS,2006,Whole Year,Banana,2,61,30.5
Madhya Pradesh,DEWAS,2006,Whole Year,Coriander,103,39,0.378640777
Madhya Pradesh,DEWAS,2006,Whole Year,Dry chillies,166,91,0.548192771
Madhya Pradesh,DEWAS,2006,Whole Year,Garlic,2872,11367,3.957869081
Madhya Pradesh,DEWAS,2006,Whole Year,Onion,2082,25619,12.3049952
Madhya Pradesh,DEWAS,2006,Whole Year,Potato,3890,55434,14.2503856
Madhya Pradesh,DEWAS,2006,Whole Year,Sesamum,732,275,0.37568306
Madhya Pradesh,DEWAS,2006,Whole Year,Sugarcane,174,3930,22.5862069
Madhya Pradesh,DEWAS,2006,Whole Year,Sweet potato,7,62,8.857142857
Madhya Pradesh,DEWAS,2007,Kharif,Arhar/Tur,6782,3907,0.576083751
Madhya Pradesh,DEWAS,2007,Kharif,Bajra,56,41,0.732142857
Madhya Pradesh,DEWAS,2007,Kharif,Cotton(lint),32024,7252,0.226455159
Madhya Pradesh,DEWAS,2007,Kharif,Groundnut,564,615,1.090425532
Madhya Pradesh,DEWAS,2007,Kharif,Jowar,12043,17426,1.446981649
Madhya Pradesh,DEWAS,2007,Kharif,Maize,12322,16756,1.359844181
Madhya Pradesh,DEWAS,2007,Kharif,Rice,557,390,0.700179533
Madhya Pradesh,DEWAS,2007,Kharif,Sannhamp,40,19,0.475
Madhya Pradesh,DEWAS,2007,Kharif,Soyabean,296090,356492,1.203998784
Madhya Pradesh,DEWAS,2007,Kharif,Urad,63,23,0.365079365
Madhya Pradesh,DEWAS,2007,Rabi,Barley,29,64,2.206896552
Madhya Pradesh,DEWAS,2007,Rabi,Gram,102452,115162,1.124058095
Madhya Pradesh,DEWAS,2007,Rabi,Jowar,21,51,2.428571429
Madhya Pradesh,DEWAS,2007,Rabi,Khesari,2,1,0.5
Madhya Pradesh,DEWAS,2007,Rabi,Linseed,50,45,0.9
Madhya Pradesh,DEWAS,2007,Rabi,Masoor,258,152,0.589147287
Madhya Pradesh,DEWAS,2007,Rabi,Peas & beans (Pulses),2295,1348,0.587363834
Madhya Pradesh,DEWAS,2007,Rabi,Rapeseed &Mustard,339,368,1.085545723
Madhya Pradesh,DEWAS,2007,Rabi,Urad,1,,
Madhya Pradesh,DEWAS,2007,Rabi,Wheat,118746,215031,1.810848365
Madhya Pradesh,DEWAS,2007,Whole Year,Coriander,63,26,0.412698413
Madhya Pradesh,DEWAS,2007,Whole Year,Garlic,3867,14676,3.79519007
Madhya Pradesh,DEWAS,2007,Whole Year,Onion,2724,27407,10.0613069
Madhya Pradesh,DEWAS,2007,Whole Year,Potato,4160,55634,13.37355769
Madhya Pradesh,DEWAS,2007,Whole Year,Sesamum,616,367,0.595779221
Madhya Pradesh,DEWAS,2007,Whole Year,Sugarcane,856,19330,22.5817757
Madhya Pradesh,DEWAS,2007,Whole Year,Sunflower,10,3,0.3
Madhya Pradesh,DEWAS,2007,Whole Year,Sweet potato,21,152,7.238095238
Madhya Pradesh,DEWAS,2008,Kharif,Arhar/Tur,6144,4238,0.689778646
Madhya Pradesh,DEWAS,2008,Kharif,Bajra,74,96,1.297297297
Madhya Pradesh,DEWAS,2008,Kharif,Cotton(lint),32080,9065,0.282574813
Madhya Pradesh,DEWAS,2008,Kharif,Groundnut,582,667,1.14604811
Madhya Pradesh,DEWAS,2008,Kharif,Jowar,9680,14685,1.517045455
Madhya Pradesh,DEWAS,2008,Kharif,Maize,10462,14566,1.392276811
Madhya Pradesh,DEWAS,2008,Kharif,Rice,449,306,0.681514477
Madhya Pradesh,DEWAS,2008,Kharif,Sannhamp,51,26,0.509803922
Madhya Pradesh,DEWAS,2008,Kharif,Soyabean,303541,367892,1.212001015
Madhya Pradesh,DEWAS,2008,Kharif,Sunflower,1,,
Madhya Pradesh,DEWAS,2008,Kharif,Urad,60,22,0.366666667
Madhya Pradesh,DEWAS,2008,Rabi,Barley,25,51,2.04
Madhya Pradesh,DEWAS,2008,Rabi,Gram,106022,121267,1.143790911
Madhya Pradesh,DEWAS,2008,Rabi,Jowar,16,43,2.6875
Madhya Pradesh,DEWAS,2008,Rabi,Khesari,2,1,0.5
Madhya Pradesh,DEWAS,2008,Rabi,Linseed,137,138,1.00729927
Madhya Pradesh,DEWAS,2008,Rabi,Masoor,196,115,0.586734694
Madhya Pradesh,DEWAS,2008,Rabi,Peas & beans (Pulses),2093,1229,0.587195413
Madhya Pradesh,DEWAS,2008,Rabi,Rapeseed &Mustard,92,107,1.163043478
Madhya Pradesh,DEWAS,2008,Rabi,Urad,1,,
Madhya Pradesh,DEWAS,2008,Rabi,Wheat,101299,211020,2.083140011
Madhya Pradesh,DEWAS,2008,Whole Year,Coriander,79,28,0.35443038
Madhya Pradesh,DEWAS,2008,Whole Year,Garlic,3881,15781,4.066220046
Madhya Pradesh,DEWAS,2008,Whole Year,Onion,2837,31490,11.09975326
Madhya Pradesh,DEWAS,2008,Whole Year,Potato,4811,57469,11.94533361
Madhya Pradesh,DEWAS,2008,Whole Year,Sesamum,581,340,0.585197935
Madhya Pradesh,DEWAS,2008,Whole Year,Sugarcane,310,7000,22.58064516
Madhya Pradesh,DEWAS,2008,Whole Year,Sweet potato,33,298,9.03030303
Madhya Pradesh,DEWAS,2009,Kharif,Jowar,9007,9070,1.00699456
Madhya Pradesh,DEWAS,2009,Kharif,Moong(Green Gram),684,309,0.451754386
Madhya Pradesh,DEWAS,2009,Kharif,Urad,487,176,0.361396304
Madhya Pradesh,DEWAS,2009,Rabi,Moong(Green Gram),58,27,0.465517241
Madhya Pradesh,DEWAS,2009,Whole Year,Arhar/Tur,7448,4289,0.575859291
Madhya Pradesh,DEWAS,2009,Whole Year,Barley,38,79,2.078947368
Madhya Pradesh,DEWAS,2009,Whole Year,Coriander,93,34,0.365591398
Madhya Pradesh,DEWAS,2009,Whole Year,Cotton(lint),30618,6081,0.198608662
Madhya Pradesh,DEWAS,2009,Whole Year,Dry chillies,141,121,0.858156028
Madhya Pradesh,DEWAS,2009,Whole Year,Dry ginger,43,41,0.953488372
Madhya Pradesh,DEWAS,2009,Whole Year,Garlic,3868,15728,4.066184074
Madhya Pradesh,DEWAS,2009,Whole Year,Gram,137658,168897,1.226931962
Madhya Pradesh,DEWAS,2009,Whole Year,Groundnut,709,825,1.163610719
Madhya Pradesh,DEWAS,2009,Whole Year,Khesari,2,1,0.5
Madhya Pradesh,DEWAS,2009,Whole Year,Linseed,191,206,1.078534031
Madhya Pradesh,DEWAS,2009,Whole Year,Maize,9371,11587,1.236474229
Madhya Pradesh,DEWAS,2009,Whole Year,Masoor,560,329,0.5875
Madhya Pradesh,DEWAS,2009,Whole Year,Mesta,27,11,0.407407407
Madhya Pradesh,DEWAS,2009,Whole Year,Onion,3603,41442,11.5020816
Madhya Pradesh,DEWAS,2009,Whole Year,Potato,5090,60110,11.80943026
Madhya Pradesh,DEWAS,2009,Whole Year,Rapeseed &Mustard,1255,1477,1.17689243
Madhya Pradesh,DEWAS,2009,Whole Year,Rice,241,153,0.634854772
Madhya Pradesh,DEWAS,2009,Whole Year,Sannhamp,37,19,0.513513514
Madhya Pradesh,DEWAS,2009,Whole Year,Sesamum,283,170,0.600706714
Madhya Pradesh,DEWAS,2009,Whole Year,Soyabean,306593,393972,1.284999984
Madhya Pradesh,DEWAS,2009,Whole Year,Sugarcane,327,7380,22.56880734
Madhya Pradesh,DEWAS,2009,Whole Year,Wheat,99107,247949,2.501831354
Madhya Pradesh,DEWAS,2010,Kharif,Arhar/Tur,6344,2555,0.402742749
Madhya Pradesh,DEWAS,2010,Kharif,Cotton(lint),21496,29295,1.362811686
Madhya Pradesh,DEWAS,2010,Kharif,Groundnut,656,958,1.460365854
Madhya Pradesh,DEWAS,2010,Kharif,Jowar,7275,9174,1.261030928
Madhya Pradesh,DEWAS,2010,Kharif,Maize,9715,13948,1.435717962
Madhya Pradesh,DEWAS,2010,Kharif,Moong(Green Gram),307,139,0.45276873
Madhya Pradesh,DEWAS,2010,Kharif,Rice,180,158,0.877777778
Madhya Pradesh,DEWAS,2010,Kharif,Soyabean,321639,402458,1.251272389
Madhya Pradesh,DEWAS,2010,Kharif,Urad,362,131,0.361878453
Madhya Pradesh,DEWAS,2010,Rabi,Barley,37,94,2.540540541
Madhya Pradesh,DEWAS,2010,Rabi,Gram,140951,141173,1.001575015
Madhya Pradesh,DEWAS,2010,Rabi,Linseed,37,38,1.027027027
Madhya Pradesh,DEWAS,2010,Rabi,Masoor,221,110,0.497737557
Madhya Pradesh,DEWAS,2010,Rabi,Moong(Green Gram),75,27,0.36
Madhya Pradesh,DEWAS,2010,Rabi,Rapeseed &Mustard,1617,1732,1.071119357
Madhya Pradesh,DEWAS,2010,Rabi,Wheat,137337,247471,1.801925191
Madhya Pradesh,DEWAS,2010,Whole Year,Coriander,82,34,0.414634146
Madhya Pradesh,DEWAS,2010,Whole Year,Dry ginger,34,37,1.088235294
Madhya Pradesh,DEWAS,2010,Whole Year,Garlic,3977,13369,3.36157908
Madhya Pradesh,DEWAS,2010,Whole Year,Mesta,24,56,2.333333333
Madhya Pradesh,DEWAS,2010,Whole Year,Onion,3860,55689,14.42720207
Madhya Pradesh,DEWAS,2010,Whole Year,Potato,6131,63887,10.42032295
Madhya Pradesh,DEWAS,2010,Whole Year,Sannhamp,26,78,3
Madhya Pradesh,DEWAS,2010,Whole Year,Sesamum,317,266,0.839116719
Madhya Pradesh,DEWAS,2010,Whole Year,Sugarcane,350,7910,22.6
Madhya Pradesh,DEWAS,2010,Whole Year,Sweet potato,16,125,7.8125
Madhya Pradesh,DEWAS,2010,Whole Year,Turmeric,1,1,1
Madhya Pradesh,DEWAS,2011,Kharif,Arhar/Tur,6000,3482,0.580333333
Madhya Pradesh,DEWAS,2011,Kharif,Barley,13,38,2.923076923
Madhya Pradesh,DEWAS,2011,Kharif,Cotton(lint),20006,43354,2.167049885
Madhya Pradesh,DEWAS,2011,Kharif,Groundnut,397,558,1.405541562
Madhya Pradesh,DEWAS,2011,Kharif,Jowar,5633,5898,1.047044204
Madhya Pradesh,DEWAS,2011,Kharif,Maize,11503,14833,1.289489698
Madhya Pradesh,DEWAS,2011,Kharif,Mesta,27,46,1.703703704
Madhya Pradesh,DEWAS,2011,Kharif,Moong(Green Gram),68,26,0.382352941
Madhya Pradesh,DEWAS,2011,Kharif,Rice,167,155,0.928143713
Madhya Pradesh,DEWAS,2011,Kharif,Sannhamp,24,50,2.083333333
Madhya Pradesh,DEWAS,2011,Kharif,Soyabean,324299,418021,1.288998733
Madhya Pradesh,DEWAS,2011,Kharif,Urad,128,39,0.3046875
Madhya Pradesh,DEWAS,2011,Rabi,Gram,118067,131038,1.10986135
Madhya Pradesh,DEWAS,2011,Rabi,Linseed,42,63,1.5
Madhya Pradesh,DEWAS,2011,Rabi,Masoor,179,89,0.497206704
Madhya Pradesh,DEWAS,2011,Rabi,Moong(Green Gram),79,,
Madhya Pradesh,DEWAS,2011,Rabi,Rapeseed &Mustard,241,374,1.55186722
Madhya Pradesh,DEWAS,2011,Rabi,Wheat,148723,479929,3.226999186
Madhya Pradesh,DEWAS,2011,Whole Year,Coriander,219,90,0.410958904
Madhya Pradesh,DEWAS,2011,Whole Year,Dry ginger,100,87,0.87
Madhya Pradesh,DEWAS,2011,Whole Year,Garlic,6785,22807,3.361385409
Madhya Pradesh,DEWAS,2011,Whole Year,Onion,7695,111186,14.44912281
Madhya Pradesh,DEWAS,2011,Whole Year,Potato,9434,114938,12.18337927
Madhya Pradesh,DEWAS,2011,Whole Year,Sesamum,316,277,0.876582278
Madhya Pradesh,DEWAS,2011,Whole Year,Sugarcane,159,3330,20.94339623
Madhya Pradesh,DEWAS,2011,Whole Year,Turmeric,86,69,0.802325581
Madhya Pradesh,DEWAS,2012,Kharif,Arhar/Tur,4357,4640,1.064952949
Madhya Pradesh,DEWAS,2012,Kharif,Barley,2,6,3
Madhya Pradesh,DEWAS,2012,Kharif,Cotton(lint),7646,19898,2.602406487
Madhya Pradesh,DEWAS,2012,Kharif,Groundnut,380,745,1.960526316
Madhya Pradesh,DEWAS,2012,Kharif,Jowar,3203,4632,1.44614424
Madhya Pradesh,DEWAS,2012,Kharif,Maize,11701,23563,2.013759508
Madhya Pradesh,DEWAS,2012,Kharif,Mesta,27,9,0.333333333
Madhya Pradesh,DEWAS,2012,Kharif,Moong(Green Gram),74,29,0.391891892
Madhya Pradesh,DEWAS,2012,Kharif,Rice,143,120,0.839160839
Madhya Pradesh,DEWAS,2012,Kharif,Sannhamp,25,61,2.44
Madhya Pradesh,DEWAS,2012,Kharif,Soyabean,340532,544170,1.597999601
Madhya Pradesh,DEWAS,2012,Kharif,Urad,64,20,0.3125
Madhya Pradesh,DEWAS,2012,Rabi,Gram,112935,170661,1.511143578
Madhya Pradesh,DEWAS,2012,Rabi,Linseed,37,52,1.405405405
Madhya Pradesh,DEWAS,2012,Rabi,Masoor,133,98,0.736842105
Madhya Pradesh,DEWAS,2012,Rabi,Moong(Green Gram),14,8,0.571428571
Madhya Pradesh,DEWAS,2012,Rabi,Rapeseed &Mustard,446,749,1.679372197
Madhya Pradesh,DEWAS,2012,Rabi,Wheat,169544,550848,3.24899731
Madhya Pradesh,DEWAS,2012,Whole Year,Coriander,224,108,0.482142857
Madhya Pradesh,DEWAS,2012,Whole Year,Dry ginger,123,112,0.910569106
Madhya Pradesh,DEWAS,2012,Whole Year,Garlic,6199,29875,4.819325698
Madhya Pradesh,DEWAS,2012,Whole Year,Onion,8106,124069,15.30582285
Madhya Pradesh,DEWAS,2012,Whole Year,Potato,8511,164239,19.29726237
Madhya Pradesh,DEWAS,2012,Whole Year,Sesamum,272,402,1.477941176
Madhya Pradesh,DEWAS,2012,Whole Year,Sugarcane,220,6500,29.54545455
Madhya Pradesh,DEWAS,2012,Whole Year,Turmeric,96,86,0.895833333
Madhya Pradesh,DEWAS,2013,Kharif,Arhar/Tur,3234,2215,0.684910328
Madhya Pradesh,DEWAS,2013,Kharif,Barley,5,10,2
Madhya Pradesh,DEWAS,2013,Kharif,Cotton(lint),6625,12930,1.951698113
Madhya Pradesh,DEWAS,2013,Kharif,Groundnut,276,421,1.525362319
Madhya Pradesh,DEWAS,2013,Kharif,Jowar,2359,1986,0.841882153
Madhya Pradesh,DEWAS,2013,Kharif,Maize,9048,11662,1.288903625
Madhya Pradesh,DEWAS,2013,Kharif,Mesta,27,46,1.703703704
Madhya Pradesh,DEWAS,2013,Kharif,Moong(Green Gram),83,33,0.397590361
Madhya Pradesh,DEWAS,2013,Kharif,Rice,113,76,0.672566372
Madhya Pradesh,DEWAS,2013,Kharif,Sannhamp,24,78,3.25
Madhya Pradesh,DEWAS,2013,Kharif,Soyabean,350963,267434,0.762000553
Madhya Pradesh,DEWAS,2013,Kharif,Urad,64,20,0.3125
Madhya Pradesh,DEWAS,2013,Rabi,Gram,109463,76356,0.697550771
Madhya Pradesh,DEWAS,2013,Rabi,Linseed,30,29,0.966666667
Madhya Pradesh,DEWAS,2013,Rabi,Masoor,114,84,0.736842105
Madhya Pradesh,DEWAS,2013,Rabi,Moong(Green Gram),37,15,0.405405405
Madhya Pradesh,DEWAS,2013,Rabi,Rapeseed &Mustard,452,558,1.234513274
Madhya Pradesh,DEWAS,2013,Rabi,Wheat,192236,442051,2.299522462
Madhya Pradesh,DEWAS,2013,Whole Year,Coriander,121,31,0.256198347
Madhya Pradesh,DEWAS,2013,Whole Year,Dry chillies,6,6,1
Madhya Pradesh,DEWAS,2013,Whole Year,Dry ginger,55,47,0.854545455
Madhya Pradesh,DEWAS,2013,Whole Year,Garlic,6211,37415,6.023989696
Madhya Pradesh,DEWAS,2013,Whole Year,Onion,8624,147871,17.14645176
Madhya Pradesh,DEWAS,2013,Whole Year,Potato,8560,124249,14.51507009
Madhya Pradesh,DEWAS,2013,Whole Year,Sesamum,275,277,1.007272727
Madhya Pradesh,DEWAS,2013,Whole Year,Sugarcane,97,2860,29.48453608
Madhya Pradesh,DEWAS,2013,Whole Year,Turmeric,5,4,0.8
Madhya Pradesh,DHAR,1997,Kharif,Arhar/Tur,5200,3000,0.576923077
Madhya Pradesh,DHAR,1997,Kharif,Bajra,5200,1900,0.365384615
Madhya Pradesh,DHAR,1997,Kharif,Cotton(lint),72400,160000,2.209944751
Madhya Pradesh,DHAR,1997,Kharif,Groundnut,9000,7600,0.844444444
Madhya Pradesh,DHAR,1997,Kharif,Jowar,28100,18300,0.651245552
Madhya Pradesh,DHAR,1997,Kharif,Maize,78900,100300,1.271229404
Madhya Pradesh,DHAR,1997,Kharif,Paddy,3900,2300,0.58974359
Madhya Pradesh,DHAR,1997,Kharif,Sesamum,200,100,0.5
Madhya Pradesh,DHAR,1997,Kharif,Soyabean,225500,200900,0.890909091
Madhya Pradesh,DHAR,1997,Rabi,Barley,100,100,1
Madhya Pradesh,DHAR,1997,Rabi,Jowar,400,200,0.5
Madhya Pradesh,DHAR,1997,Rabi,Linseed,1400,400,0.285714286
Madhya Pradesh,DHAR,1997,Rabi,Rapeseed &Mustard,200,100,0.5
Madhya Pradesh,DHAR,1997,Rabi,Wheat,145900,296600,2.032899246
Madhya Pradesh,DHAR,1998,Kharif,Arhar/Tur,4900,3000,0.612244898
Madhya Pradesh,DHAR,1998,Kharif,Bajra,4800,2000,0.416666667
Madhya Pradesh,DHAR,1998,Kharif,Cotton(lint),73300,15300,0.208731241
Madhya Pradesh,DHAR,1998,Kharif,Groundnut,7100,6500,0.915492958
Madhya Pradesh,DHAR,1998,Kharif,Jowar,23900,13900,0.581589958
Madhya Pradesh,DHAR,1998,Kharif,Maize,66300,89200,1.345399698
Madhya Pradesh,DHAR,1998,Kharif,Rice,3300,1600,0.484848485
Madhya Pradesh,DHAR,1998,Kharif,Sesamum,100,100,1
Madhya Pradesh,DHAR,1998,Kharif,Soyabean,252800,272100,1.076344937
Madhya Pradesh,DHAR,1998,Rabi,Barley,100,100,1
Madhya Pradesh,DHAR,1998,Rabi,Gram,51800,38600,0.745173745
Madhya Pradesh,DHAR,1998,Rabi,Jowar,600,400,0.666666667
Madhya Pradesh,DHAR,1998,Rabi,Linseed,700,200,0.285714286
Madhya Pradesh,DHAR,1998,Rabi,Wheat,161400,342400,2.121437423
Madhya Pradesh,DHAR,1998,Whole Year,Sugarcane,549,4540,8.269581056
Madhya Pradesh,DHAR,1999,Kharif,Arhar/Tur,4753,2502,0.526404376
Madhya Pradesh,DHAR,1999,Kharif,Bajra,4727,971,0.205415697
Madhya Pradesh,DHAR,1999,Kharif,Castor seed,857,178,0.207701284
Madhya Pradesh,DHAR,1999,Kharif,Cotton(lint),74258,76112,1.024967007
Madhya Pradesh,DHAR,1999,Kharif,Dry ginger,64,97,1.515625
Madhya Pradesh,DHAR,1999,Kharif,Groundnut,5704,3356,0.588359046
Madhya Pradesh,DHAR,1999,Kharif,Jowar,22400,9587,0.427991071
Madhya Pradesh,DHAR,1999,Kharif,Maize,69708,83681,1.20045045
Madhya Pradesh,DHAR,1999,Kharif,Niger seed,2,0,0
Madhya Pradesh,DHAR,1999,Kharif,Other Kharif pulses,27443,5977,0.217796888
Madhya Pradesh,DHAR,1999,Kharif,Rice,3014,1722,0.571333776
Madhya Pradesh,DHAR,1999,Kharif,Sesamum,157,23,0.146496815
Madhya Pradesh,DHAR,1999,Kharif,Soyabean,255420,256186,1.002998982
Madhya Pradesh,DHAR,1999,Kharif,Urad,13209,3056,0.231357408
Madhya Pradesh,DHAR,1999,Rabi,Barley,47,55,1.170212766
Madhya Pradesh,DHAR,1999,Rabi,Gram,52108,30066,0.576993936
Madhya Pradesh,DHAR,1999,Rabi,Jowar,778,390,0.501285347
Madhya Pradesh,DHAR,1999,Rabi,Linseed,811,261,0.321824908
Madhya Pradesh,DHAR,1999,Rabi,Other  Rabi pulses,3988,2311,0.579488465
Madhya Pradesh,DHAR,1999,Rabi,Rapeseed &Mustard,211,113,0.535545024
Madhya Pradesh,DHAR,1999,Rabi,Safflower,27,6,0.222222222
Madhya Pradesh,DHAR,1999,Rabi,Urad,3,1,0.333333333
Madhya Pradesh,DHAR,1999,Rabi,Wheat,148711,271087,1.822911553
Madhya Pradesh,DHAR,1999,Whole Year,Coriander,89,30,0.337078652
Madhya Pradesh,DHAR,1999,Whole Year,Dry chillies,8422,5786,0.687010211
Madhya Pradesh,DHAR,1999,Whole Year,Garlic,1414,4510,3.189533239
Madhya Pradesh,DHAR,1999,Whole Year,Onion,716,5727,7.998603352
Madhya Pradesh,DHAR,1999,Whole Year,Potato,1671,17398,10.4117295
Madhya Pradesh,DHAR,1999,Whole Year,Sannhamp,200,294,1.47
Madhya Pradesh,DHAR,1999,Whole Year,Sugarcane,307,5690,18.53420195
Madhya Pradesh,DHAR,1999,Whole Year,Sweet potato,82,543,6.62195122
Madhya Pradesh,DHAR,1999,Whole Year,Turmeric,3,2,0.666666667
Madhya Pradesh,DHAR,2000,Kharif,Arhar/Tur,4732,1553,0.32819104
Madhya Pradesh,DHAR,2000,Kharif,Bajra,5601,1706,0.304588466
Madhya Pradesh,DHAR,2000,Kharif,Castor seed,1218,268,0.220032841
Madhya Pradesh,DHAR,2000,Kharif,Cotton(lint),83067,47108,0.567108479
Madhya Pradesh,DHAR,2000,Kharif,Dry ginger,63,47,0.746031746
Madhya Pradesh,DHAR,2000,Kharif,Groundnut,4255,2428,0.570622797
Madhya Pradesh,DHAR,2000,Kharif,Jowar,21901,5278,0.240993562
Madhya Pradesh,DHAR,2000,Kharif,Maize,70790,76635,1.082568159
Madhya Pradesh,DHAR,2000,Kharif,Other Kharif pulses,25061,4592,0.183232912
Madhya Pradesh,DHAR,2000,Kharif,Rice,2875,813,0.282782609
Madhya Pradesh,DHAR,2000,Kharif,Sesamum,201,34,0.169154229
Madhya Pradesh,DHAR,2000,Kharif,Small millets,167,15,0.089820359
Madhya Pradesh,DHAR,2000,Kharif,Soyabean,250055,215547,0.86199836
Madhya Pradesh,DHAR,2000,Rabi,Barley,11,4,0.363636364
Madhya Pradesh,DHAR,2000,Rabi,Gram,9902,3961,0.400020198
Madhya Pradesh,DHAR,2000,Rabi,Jowar,12,5,0.416666667
Madhya Pradesh,DHAR,2000,Rabi,Linseed,91,17,0.186813187
Madhya Pradesh,DHAR,2000,Rabi,Other  Rabi pulses,1663,430,0.258568851
Madhya Pradesh,DHAR,2000,Rabi,Rapeseed &Mustard,9,2,0.222222222
Madhya Pradesh,DHAR,2000,Rabi,Wheat,39493,48006,1.215557187
Madhya Pradesh,DHAR,2000,Whole Year,Coriander,60,14,0.233333333
Madhya Pradesh,DHAR,2000,Whole Year,Dry chillies,7682,2682,0.349127831
Madhya Pradesh,DHAR,2000,Whole Year,Garlic,716,1878,2.622905028
Madhya Pradesh,DHAR,2000,Whole Year,Onion,423,4455,10.53191489
Madhya Pradesh,DHAR,2000,Whole Year,Sannhamp,220,228,1.036363636
Madhya Pradesh,DHAR,2000,Whole Year,Sugarcane,772,7110,9.20984456
Madhya Pradesh,DHAR,2000,Whole Year,Turmeric,10,5,0.5
Madhya Pradesh,DHAR,2001,Kharif,Arhar/Tur,4135,2064,0.499153567
Madhya Pradesh,DHAR,2001,Kharif,Bajra,5871,2383,0.405893374
Madhya Pradesh,DHAR,2001,Kharif,Castor seed,327,109,0.333333333
Madhya Pradesh,DHAR,2001,Kharif,Cotton(lint),95193,79662,0.836847247
Madhya Pradesh,DHAR,2001,Kharif,Dry ginger,106,113,1.066037736
Madhya Pradesh,DHAR,2001,Kharif,Groundnut,4383,3613,0.824321241
Madhya Pradesh,DHAR,2001,Kharif,Jowar,23652,13009,0.550016912
Madhya Pradesh,DHAR,2001,Kharif,Maize,75721,161001,2.126239749
Madhya Pradesh,DHAR,2001,Kharif,Other Kharif pulses,22666,5747,0.253551575
Madhya Pradesh,DHAR,2001,Kharif,Rice,2773,1124,0.40533718
Madhya Pradesh,DHAR,2001,Kharif,Sesamum,258,60,0.23255814
Madhya Pradesh,DHAR,2001,Kharif,Small millets,138,14,0.101449275
Madhya Pradesh,DHAR,2001,Kharif,Soyabean,237708,207519,0.872999647
Madhya Pradesh,DHAR,2001,Rabi,Barley,19,21,1.105263158
Madhya Pradesh,DHAR,2001,Rabi,Gram,42178,29187,0.691995827
Madhya Pradesh,DHAR,2001,Rabi,Jowar,255,172,0.674509804
Madhya Pradesh,DHAR,2001,Rabi,Linseed,1096,323,0.294708029
Madhya Pradesh,DHAR,2001,Rabi,Other  Rabi pulses,6452,2679,0.415220087
Madhya Pradesh,DHAR,2001,Rabi,Rapeseed &Mustard,196,85,0.433673469
Madhya Pradesh,DHAR,2001,Rabi,Safflower,25,7,0.28
Madhya Pradesh,DHAR,2001,Rabi,Wheat,118035,135110,1.144660482
Madhya Pradesh,DHAR,2001,Whole Year,Banana,500,13095,26.19
Madhya Pradesh,DHAR,2001,Whole Year,Coriander,37,13,0.351351351
Madhya Pradesh,DHAR,2001,Whole Year,Dry chillies,6773,3986,0.588513214
Madhya Pradesh,DHAR,2001,Whole Year,Garlic,835,2406,2.881437126
Madhya Pradesh,DHAR,2001,Whole Year,Onion,442,4303,9.735294118
Madhya Pradesh,DHAR,2001,Whole Year,Potato,534,7023,13.15168539
Madhya Pradesh,DHAR,2001,Whole Year,Sannhamp,206,295,1.432038835
Madhya Pradesh,DHAR,2001,Whole Year,Sugarcane,433,8020,18.52193995
Madhya Pradesh,DHAR,2001,Whole Year,Sweet potato,35,201,5.742857143
Madhya Pradesh,DHAR,2001,Whole Year,Tobacco,23,7,0.304347826
Madhya Pradesh,DHAR,2001,Whole Year,Turmeric,2,1,0.5
Madhya Pradesh,DHAR,2002,Kharif,Arhar/Tur,4948,2522,0.509700889
Madhya Pradesh,DHAR,2002,Kharif,Bajra,6327,2328,0.367946894
Madhya Pradesh,DHAR,2002,Kharif,Castor seed,228,86,0.377192982
Madhya Pradesh,DHAR,2002,Kharif,Cotton(lint),94477,75148,0.795410523
Madhya Pradesh,DHAR,2002,Kharif,Dry ginger,109,143,1.311926606
Madhya Pradesh,DHAR,2002,Kharif,Groundnut,4931,4051,0.821537214
Madhya Pradesh,DHAR,2002,Kharif,Jowar,23116,13500,0.584011075
Madhya Pradesh,DHAR,2002,Kharif,Maize,74881,163104,2.178176039
Madhya Pradesh,DHAR,2002,Kharif,Other Kharif pulses,28302,8032,0.283796198
Madhya Pradesh,DHAR,2002,Kharif,Ragi,2,0.1,0.05
Madhya Pradesh,DHAR,2002,Kharif,Rice,2662,1396,0.524417731
Madhya Pradesh,DHAR,2002,Kharif,Sesamum,354,105,0.296610169
Madhya Pradesh,DHAR,2002,Kharif,Small millets,258,48,0.186046512
Madhya Pradesh,DHAR,2002,Kharif,Soyabean,230887,195330,0.845998259
Madhya Pradesh,DHAR,2002,Rabi,Barley,19,24,1.263157895
Madhya Pradesh,DHAR,2002,Rabi,Gram,15800,9970,0.631012658
Madhya Pradesh,DHAR,2002,Rabi,Jowar,88,51,0.579545455
Madhya Pradesh,DHAR,2002,Rabi,Linseed,192,60,0.3125
Madhya Pradesh,DHAR,2002,Rabi,Other  Rabi pulses,1742,711,0.40815155
Madhya Pradesh,DHAR,2002,Rabi,Rapeseed &Mustard,16,8,0.5
Madhya Pradesh,DHAR,2002,Rabi,Safflower,3,1,0.333333333
Madhya Pradesh,DHAR,2002,Rabi,Wheat,81925,131682,1.607348184
Madhya Pradesh,DHAR,2002,Whole Year,Banana,564,12856,22.79432624
Madhya Pradesh,DHAR,2002,Whole Year,Bhindi,103,0,0
Madhya Pradesh,DHAR,2002,Whole Year,Brinjal,96,0,0
Madhya Pradesh,DHAR,2002,Whole Year,Cabbage,21,0,0
Madhya Pradesh,DHAR,2002,Whole Year,Cauliflower,285,0,0
Madhya Pradesh,DHAR,2002,Whole Year,Citrus Fruit,275,0,0
Madhya Pradesh,DHAR,2002,Whole Year,Coriander,39,12,0.307692308
Madhya Pradesh,DHAR,2002,Whole Year,Dry chillies,8505,7567,0.889711934
Madhya Pradesh,DHAR,2002,Whole Year,Garlic,1514,4517,2.98348745
Madhya Pradesh,DHAR,2002,Whole Year,Grapes,1,0,0
Madhya Pradesh,DHAR,2002,Whole Year,Mango,8,0,0
Madhya Pradesh,DHAR,2002,Whole Year,Onion,640,5984,9.35
Madhya Pradesh,DHAR,2002,Whole Year,Other Fresh Fruits,47,0,0
Madhya Pradesh,DHAR,2002,Whole Year,Other Vegetables,456,0,0
Madhya Pradesh,DHAR,2002,Whole Year,Papaya,180,3747,20.81666667
Madhya Pradesh,DHAR,2002,Whole Year,Pome Fruit,151,0,0
Madhya Pradesh,DHAR,2002,Whole Year,Potato,530,6426,12.1245283
Madhya Pradesh,DHAR,2002,Whole Year,Sannhamp,213,422,1.981220657
Madhya Pradesh,DHAR,2002,Whole Year,Sugarcane,459,8640,18.82352941
Madhya Pradesh,DHAR,2002,Whole Year,Sweet potato,48,276,5.75
Madhya Pradesh,DHAR,2002,Whole Year,Tobacco,2,1,0.5
Madhya Pradesh,DHAR,2002,Whole Year,Tomato,840,0,0
Madhya Pradesh,DHAR,2002,Whole Year,Turmeric,94477,75148,0.795410523
Madhya Pradesh,DHAR,2003,Kharif,Arhar/Tur,4031,2387,0.592160754
Madhya Pradesh,DHAR,2003,Kharif,Bajra,5726,2985,0.521306322
Madhya Pradesh,DHAR,2003,Kharif,Castor seed,139,53,0.381294964
Madhya Pradesh,DHAR,2003,Kharif,Cotton(lint),97357,120856,1.241369393
Madhya Pradesh,DHAR,2003,Kharif,Dry ginger,68,90,1.323529412
Madhya Pradesh,DHAR,2003,Kharif,Groundnut,5138,5251,1.021992993
Madhya Pradesh,DHAR,2003,Kharif,Horse-gram,4450,1452,0.326292135
Madhya Pradesh,DHAR,2003,Kharif,Jowar,24599,17687,0.719012968
Madhya Pradesh,DHAR,2003,Kharif,Maize,81784,171761,2.100178519
Madhya Pradesh,DHAR,2003,Kharif,Other Kharif pulses,22613,7910,0.349798788
Madhya Pradesh,DHAR,2003,Kharif,Rice,2578,2046,0.793638479
Madhya Pradesh,DHAR,2003,Kharif,Sesamum,360,136,0.377777778
Madhya Pradesh,DHAR,2003,Kharif,Small millets,154,42,0.272727273
Madhya Pradesh,DHAR,2003,Kharif,Soyabean,224609,260771,1.160999782
Madhya Pradesh,DHAR,2003,Kharif,Urad,10318,3461,0.335433223
Madhya Pradesh,DHAR,2003,Rabi,Barley,16,22,1.375
Madhya Pradesh,DHAR,2003,Rabi,Gram,25384,17667,0.6959896
Madhya Pradesh,DHAR,2003,Rabi,Jowar,158,143,0.905063291
Madhya Pradesh,DHAR,2003,Rabi,Linseed,276,110,0.398550725
Madhya Pradesh,DHAR,2003,Rabi,Other  Rabi pulses,2857,1513,0.529576479
Madhya Pradesh,DHAR,2003,Rabi,Rapeseed &Mustard,46,30,0.652173913
Madhya Pradesh,DHAR,2003,Rabi,Safflower,3,1,0.333333333
Madhya Pradesh,DHAR,2003,Rabi,Wheat,156405,350701,2.242262076
Madhya Pradesh,DHAR,2003,Whole Year,Banana,629,16083,25.56915739
Madhya Pradesh,DHAR,2003,Whole Year,Bhindi,170,0,0
Madhya Pradesh,DHAR,2003,Whole Year,Brinjal,69,0,0
Madhya Pradesh,DHAR,2003,Whole Year,Cabbage,71,0,0
Madhya Pradesh,DHAR,2003,Whole Year,Cauliflower,137,0,0
Madhya Pradesh,DHAR,2003,Whole Year,Citrus Fruit,183,0,0
Madhya Pradesh,DHAR,2003,Whole Year,Coriander,51,19,0.37254902
Madhya Pradesh,DHAR,2003,Whole Year,Dry chillies,9797,9108,0.929672349
Madhya Pradesh,DHAR,2003,Whole Year,Garlic,1849,6468,3.498107085
Madhya Pradesh,DHAR,2003,Whole Year,Grapes,1,0,0
Madhya Pradesh,DHAR,2003,Whole Year,Mango,19,0,0
Madhya Pradesh,DHAR,2003,Whole Year,Onion,757,7174,9.476882431
Madhya Pradesh,DHAR,2003,Whole Year,Other Citrus Fruit,68,0,0
Madhya Pradesh,DHAR,2003,Whole Year,Other Fresh Fruits,53,0,0
Madhya Pradesh,DHAR,2003,Whole Year,Other Vegetables,402,0,0
Madhya Pradesh,DHAR,2003,Whole Year,Papaya,116,6225,53.6637931
Madhya Pradesh,DHAR,2003,Whole Year,Pome Fruit,131,0,0
Madhya Pradesh,DHAR,2003,Whole Year,Potato,748,10087,13.48529412
Madhya Pradesh,DHAR,2003,Whole Year,Sannhamp,212,428,2.018867925
Madhya Pradesh,DHAR,2003,Whole Year,Sugarcane,580,11720,20.20689655
Madhya Pradesh,DHAR,2003,Whole Year,Sweet potato,55,358,6.509090909
Madhya Pradesh,DHAR,2003,Whole Year,Tomato,815,0,0
Madhya Pradesh,DHAR,2003,Whole Year,Turmeric,73,55,0.753424658
Madhya Pradesh,DHAR,2003,Whole Year,Water Melon,5,0,0
Madhya Pradesh,DHAR,2004,Kharif,Arhar/Tur,3516,1893,0.538395904
Madhya Pradesh,DHAR,2004,Kharif,Bajra,5606,2712,0.483767392
Madhya Pradesh,DHAR,2004,Kharif,Castor seed,222,85,0.382882883
Madhya Pradesh,DHAR,2004,Kharif,Cotton(lint),108128,142281,1.315857132
Madhya Pradesh,DHAR,2004,Kharif,Dry ginger,92,116,1.260869565
Madhya Pradesh,DHAR,2004,Kharif,Groundnut,4697,4968,1.057696402
Madhya Pradesh,DHAR,2004,Kharif,Horse-gram,4284,1132,0.264239029
Madhya Pradesh,DHAR,2004,Kharif,Jowar,20478,12840,0.627014357
Madhya Pradesh,DHAR,2004,Kharif,Maize,71525,91612,1.280838868
Madhya Pradesh,DHAR,2004,Kharif,Ragi,10,3,0.3
Madhya Pradesh,DHAR,2004,Kharif,Rice,2351,1222,0.519778818
Madhya Pradesh,DHAR,2004,Kharif,Sesamum,261,102,0.390804598
Madhya Pradesh,DHAR,2004,Kharif,Small millets,110,28,0.254545455
Madhya Pradesh,DHAR,2004,Kharif,Soyabean,238485,217260,0.911000692
Madhya Pradesh,DHAR,2004,Kharif,Sunflower,9,2,0.222222222
Madhya Pradesh,DHAR,2004,Kharif,Urad,8437,2391,0.283394572
Madhya Pradesh,DHAR,2004,Rabi,Barley,12,16,1.333333333
Madhya Pradesh,DHAR,2004,Rabi,Gram,27534,22798,0.82799448
Madhya Pradesh,DHAR,2004,Rabi,Jowar,178,138,0.775280899
Madhya Pradesh,DHAR,2004,Rabi,Linseed,160,68,0.425
Madhya Pradesh,DHAR,2004,Rabi,Masoor,769,377,0.490247074
Madhya Pradesh,DHAR,2004,Rabi,Rapeseed &Mustard,260,179,0.688461538
Madhya Pradesh,DHAR,2004,Rabi,Safflower,3,1,0.333333333
Madhya Pradesh,DHAR,2004,Rabi,Wheat,166847,341423,2.046323878
Madhya Pradesh,DHAR,2004,Whole Year,Coriander,68,25,0.367647059
Madhya Pradesh,DHAR,2004,Whole Year,Garlic,1899,6643,3.498156925
Madhya Pradesh,DHAR,2004,Whole Year,Onion,771,8641,11.2075227
Madhya Pradesh,DHAR,2004,Whole Year,Potato,682,12391,18.1686217
Madhya Pradesh,DHAR,2004,Whole Year,Sugarcane,685,13460,19.64963504
Madhya Pradesh,DHAR,2004,Whole Year,Sweet potato,43,303,7.046511628
Madhya Pradesh,DHAR,2004,Whole Year,Turmeric,85,76,0.894117647
Madhya Pradesh,DHAR,2005,Kharif,Arhar/Tur,3305,1697,0.513464448
Madhya Pradesh,DHAR,2005,Kharif,Bajra,5559,2456,0.44180608
Madhya Pradesh,DHAR,2005,Kharif,Castor seed,178,59,0.331460674
Madhya Pradesh,DHAR,2005,Kharif,Cotton(lint),107802,161076,1.494183781
Madhya Pradesh,DHAR,2005,Kharif,Groundnut,4349,3662,0.842032651
Madhya Pradesh,DHAR,2005,Kharif,Horse-gram,4412,1188,0.269265639
Madhya Pradesh,DHAR,2005,Kharif,Jowar,19201,12999,0.67699599
Madhya Pradesh,DHAR,2005,Kharif,Maize,67145,88078,1.311758135
Madhya Pradesh,DHAR,2005,Kharif,Moong(Green Gram),6185,1851,0.299272433
Madhya Pradesh,DHAR,2005,Kharif,Rice,2257,1175,0.52060257
Madhya Pradesh,DHAR,2005,Kharif,Sesamum,341,95,0.278592375
Madhya Pradesh,DHAR,2005,Kharif,Small millets,114,26,0.228070175
Madhya Pradesh,DHAR,2005,Kharif,Soyabean,245913,312801,1.271998634
Madhya Pradesh,DHAR,2005,Kharif,Urad,8044,2280,0.283441074
Madhya Pradesh,DHAR,2005,Rabi,Barley,13,17,1.307692308
Madhya Pradesh,DHAR,2005,Rabi,Gram,32557,28455,0.87400559
Madhya Pradesh,DHAR,2005,Rabi,Jowar,106,90,0.849056604
Madhya Pradesh,DHAR,2005,Rabi,Linseed,61,22,0.360655738
Madhya Pradesh,DHAR,2005,Rabi,Masoor,1136,420,0.36971831
Madhya Pradesh,DHAR,2005,Rabi,Peas & beans (Pulses),641,208,0.32449298
Madhya Pradesh,DHAR,2005,Rabi,Rapeseed &Mustard,529,319,0.603024575
Madhya Pradesh,DHAR,2005,Rabi,Wheat,93166,162700,1.746345233
Madhya Pradesh,DHAR,2005,Whole Year,Onion,671,6725,10.02235469
Madhya Pradesh,DHAR,2005,Whole Year,Potato,810,9858,12.17037037
Madhya Pradesh,DHAR,2005,Whole Year,Sugarcane,605,11520,19.04132231
Madhya Pradesh,DHAR,2005,Whole Year,Sweet potato,56,364,6.5
Madhya Pradesh,DHAR,2006,Kharif,Arhar/Tur,3321,1748,0.526347486
Madhya Pradesh,DHAR,2006,Kharif,Bajra,5266,2476,0.4701861
Madhya Pradesh,DHAR,2006,Kharif,Castor seed,181,70,0.386740331
Madhya Pradesh,DHAR,2006,Kharif,Cotton(lint),115479,189984,1.645182241
Madhya Pradesh,DHAR,2006,Kharif,Dry ginger,112,149,1.330357143
Madhya Pradesh,DHAR,2006,Kharif,Groundnut,4396,3604,0.819836215
Madhya Pradesh,DHAR,2006,Kharif,Horse-gram,4101,1168,0.284808583
Madhya Pradesh,DHAR,2006,Kharif,Jowar,17570,14583,0.829994308
Madhya Pradesh,DHAR,2006,Kharif,Jute,189,372,1.968253968
Madhya Pradesh,DHAR,2006,Kharif,Maize,61964,50825,0.82023433
Madhya Pradesh,DHAR,2006,Kharif,Moong(Green Gram),6020,1801,0.299169435
Madhya Pradesh,DHAR,2006,Kharif,Other Kharif pulses,768,256,0.333333333
Madhya Pradesh,DHAR,2006,Kharif,Rice,1857,1054,0.567582122
Madhya Pradesh,DHAR,2006,Kharif,Small millets,98,28,0.285714286
Madhya Pradesh,DHAR,2006,Kharif,Soyabean,247272,311068,1.257999288
Madhya Pradesh,DHAR,2006,Kharif,Urad,6981,2019,0.28921358
Madhya Pradesh,DHAR,2006,Rabi,Gram,41827,42705,1.020991226
Madhya Pradesh,DHAR,2006,Rabi,Jowar,157,132,0.840764331
Madhya Pradesh,DHAR,2006,Rabi,Khesari,1254,1014,0.80861244
Madhya Pradesh,DHAR,2006,Rabi,Linseed,39,17,0.435897436
Madhya Pradesh,DHAR,2006,Rabi,Masoor,934,464,0.496788009
Madhya Pradesh,DHAR,2006,Rabi,Moong(Green Gram),23,7,0.304347826
Madhya Pradesh,DHAR,2006,Rabi,Peas & beans (Pulses),1072,481,0.44869403
Madhya Pradesh,DHAR,2006,Rabi,Rapeseed &Mustard,190,144,0.757894737
Madhya Pradesh,DHAR,2006,Rabi,Safflower,3,1,0.333333333
Madhya Pradesh,DHAR,2006,Rabi,Small millets,1,,
Madhya Pradesh,DHAR,2006,Rabi,Wheat,188416,436796,2.318253227
Madhya Pradesh,DHAR,2006,Whole Year,Banana,464,13942,30.04741379
Madhya Pradesh,DHAR,2006,Whole Year,Coriander,70,29,0.414285714
Madhya Pradesh,DHAR,2006,Whole Year,Dry chillies,6752,7003,1.037174171
Madhya Pradesh,DHAR,2006,Whole Year,Garlic,1578,5683,3.60139417
Madhya Pradesh,DHAR,2006,Whole Year,Onion,816,10122,12.40441176
Madhya Pradesh,DHAR,2006,Whole Year,Potato,845,13265,15.69822485
Madhya Pradesh,DHAR,2006,Whole Year,Sesamum,220,59,0.268181818
Madhya Pradesh,DHAR,2006,Whole Year,Sugarcane,631,13990,22.17115689
Madhya Pradesh,DHAR,2006,Whole Year,Sweet potato,33,250,7.575757576
Madhya Pradesh,DHAR,2006,Whole Year,Tobacco,2,1,0.5
Madhya Pradesh,DHAR,2006,Whole Year,Turmeric,46,43,0.934782609
Madhya Pradesh,DHAR,2007,Kharif,Arhar/Tur,4157,2266,0.545104643
Madhya Pradesh,DHAR,2007,Kharif,Bajra,5173,2261,0.437077131
Madhya Pradesh,DHAR,2007,Kharif,Castor seed,153,60,0.392156863
Madhya Pradesh,DHAR,2007,Kharif,Cotton(lint),116645,30566,0.262042951
Madhya Pradesh,DHAR,2007,Kharif,Groundnut,4335,3802,0.87704729
Madhya Pradesh,DHAR,2007,Kharif,Horse-gram,3862,1281,0.331693423
Madhya Pradesh,DHAR,2007,Kharif,Jowar,16695,16612,0.995028452
Madhya Pradesh,DHAR,2007,Kharif,Maize,58999,71447,1.210986627
Madhya Pradesh,DHAR,2007,Kharif,Rice,1656,1031,0.622584541
Madhya Pradesh,DHAR,2007,Kharif,Sannhamp,168,372,2.214285714
Madhya Pradesh,DHAR,2007,Kharif,Soyabean,250261,331095,1.322998789
Madhya Pradesh,DHAR,2007,Kharif,Urad,6927,2444,0.35282229
Madhya Pradesh,DHAR,2007,Rabi,Barley,33,50,1.515151515
Madhya Pradesh,DHAR,2007,Rabi,Gram,46890,47265,1.007997441
Madhya Pradesh,DHAR,2007,Rabi,Jowar,163,172,1.055214724
Madhya Pradesh,DHAR,2007,Rabi,Khesari,1160,693,0.597413793
Madhya Pradesh,DHAR,2007,Rabi,Linseed,18,7,0.388888889
Madhya Pradesh,DHAR,2007,Rabi,Masoor,574,285,0.496515679
Madhya Pradesh,DHAR,2007,Rabi,Peas & beans (Pulses),1129,479,0.424269265
Madhya Pradesh,DHAR,2007,Rabi,Rapeseed &Mustard,63,41,0.650793651
Madhya Pradesh,DHAR,2007,Rabi,Wheat,216267,500035,2.312118816
Madhya Pradesh,DHAR,2007,Whole Year,Banana,222,12796,57.63963964
Madhya Pradesh,DHAR,2007,Whole Year,Coriander,153,58,0.379084967
Madhya Pradesh,DHAR,2007,Whole Year,Garlic,2700,9723,3.601111111
Madhya Pradesh,DHAR,2007,Whole Year,Onion,1209,12976,10.73283706
Madhya Pradesh,DHAR,2007,Whole Year,Potato,1465,21030,14.35494881
Madhya Pradesh,DHAR,2007,Whole Year,Sesamum,203,66,0.325123153
Madhya Pradesh,DHAR,2007,Whole Year,Small millets,24,4,0.166666667
Madhya Pradesh,DHAR,2007,Whole Year,Sugarcane,1075,22010,20.4744186
Madhya Pradesh,DHAR,2007,Whole Year,Sunflower,1,,
Madhya Pradesh,DHAR,2007,Whole Year,Sweet potato,38,288,7.578947368
Madhya Pradesh,DHAR,2007,Whole Year,Turmeric,31,29,0.935483871
Madhya Pradesh,DHAR,2008,Kharif,Arhar/Tur,2982,1701,0.570422535
Madhya Pradesh,DHAR,2008,Kharif,Bajra,4673,2339,0.500534988
Madhya Pradesh,DHAR,2008,Kharif,Castor seed,160,63,0.39375
Madhya Pradesh,DHAR,2008,Kharif,Cotton(lint),110362,24110,0.218462877
Madhya Pradesh,DHAR,2008,Kharif,Groundnut,3908,3656,0.935516888
Madhya Pradesh,DHAR,2008,Kharif,Horse-gram,3804,1261,0.331493165
Madhya Pradesh,DHAR,2008,Kharif,Jowar,15730,15054,0.957024793
Madhya Pradesh,DHAR,2008,Kharif,Maize,61146,75809,1.239803094
Madhya Pradesh,DHAR,2008,Kharif,Ragi,16,5,0.3125
Madhya Pradesh,DHAR,2008,Kharif,Rice,1365,829,0.607326007
Madhya Pradesh,DHAR,2008,Kharif,Sannhamp,148,61,0.412162162
Madhya Pradesh,DHAR,2008,Kharif,Soyabean,260142,375905,1.44499927
Madhya Pradesh,DHAR,2008,Kharif,Urad,6687,2321,0.347091371
Madhya Pradesh,DHAR,2008,Rabi,Barley,25,34,1.36
Madhya Pradesh,DHAR,2008,Rabi,Gram,84422,82396,0.976001516
Madhya Pradesh,DHAR,2008,Rabi,Jowar,55,56,1.018181818
Madhya Pradesh,DHAR,2008,Rabi,Khesari,711,499,0.701828411
Madhya Pradesh,DHAR,2008,Rabi,Linseed,18,7,0.388888889
Madhya Pradesh,DHAR,2008,Rabi,Masoor,832,354,0.425480769
Madhya Pradesh,DHAR,2008,Rabi,Peas & beans (Pulses),789,315,0.399239544
Madhya Pradesh,DHAR,2008,Rabi,Rapeseed &Mustard,83,58,0.698795181
Madhya Pradesh,DHAR,2008,Rabi,Safflower,1,,
Madhya Pradesh,DHAR,2008,Rabi,Wheat,141211,298775,2.115805426
Madhya Pradesh,DHAR,2008,Whole Year,Banana,202,9348,46.27722772
Madhya Pradesh,DHAR,2008,Whole Year,Coriander,141,52,0.368794326
Madhya Pradesh,DHAR,2008,Whole Year,Garlic,3181,10637,3.343917007
Madhya Pradesh,DHAR,2008,Whole Year,Onion,1223,11656,9.530662306
Madhya Pradesh,DHAR,2008,Whole Year,Potato,2056,22544,10.96498054
Madhya Pradesh,DHAR,2008,Whole Year,Sesamum,235,76,0.323404255
Madhya Pradesh,DHAR,2008,Whole Year,Small millets,58,16,0.275862069
Madhya Pradesh,DHAR,2008,Whole Year,Sugarcane,818,15810,19.32762836
Madhya Pradesh,DHAR,2008,Whole Year,Sweet potato,29,223,7.689655172
Madhya Pradesh,DHAR,2008,Whole Year,Turmeric,22,19,0.863636364
Madhya Pradesh,DHAR,2009,Kharif,Cowpea(Lobia),727,241,0.331499312
Madhya Pradesh,DHAR,2009,Kharif,Horse-gram,3514,1093,0.311041548
Madhya Pradesh,DHAR,2009,Kharif,Jowar,14629,18242,1.246975186
Madhya Pradesh,DHAR,2009,Kharif,Moong(Green Gram),5388,1643,0.304936897
Madhya Pradesh,DHAR,2009,Kharif,Small millets,49,14,0.285714286
Madhya Pradesh,DHAR,2009,Kharif,Urad,6341,2017,0.31808863
Madhya Pradesh,DHAR,2009,Rabi,Jowar,91,101,1.10989011
Madhya Pradesh,DHAR,2009,Rabi,Moong(Green Gram),37,12,0.324324324
Madhya Pradesh,DHAR,2009,Rabi,Small millets,3,1,0.333333333
Madhya Pradesh,DHAR,2009,Whole Year,Arhar/Tur,3009,1653,0.549351944
Madhya Pradesh,DHAR,2009,Whole Year,Bajra,4241,2199,0.518509785
Madhya Pradesh,DHAR,2009,Whole Year,Banana,309,17715,57.33009709
Madhya Pradesh,DHAR,2009,Whole Year,Barley,8,12,1.5
Madhya Pradesh,DHAR,2009,Whole Year,Castor seed,28,11,0.392857143
Madhya Pradesh,DHAR,2009,Whole Year,Coriander,162,59,0.364197531
Madhya Pradesh,DHAR,2009,Whole Year,Cotton(lint),111556,22925,0.205502169
Madhya Pradesh,DHAR,2009,Whole Year,Dry chillies,8650,17126,1.979884393
Madhya Pradesh,DHAR,2009,Whole Year,Dry ginger,151,220,1.456953642
Madhya Pradesh,DHAR,2009,Whole Year,Garlic,3215,10751,3.344012442
Madhya Pradesh,DHAR,2009,Whole Year,Gram,97722,106517,1.090000205
Madhya Pradesh,DHAR,2009,Whole Year,Groundnut,3681,3313,0.900027167
Madhya Pradesh,DHAR,2009,Whole Year,Khesari,492,329,0.668699187
Madhya Pradesh,DHAR,2009,Whole Year,Linseed,17,8,0.470588235
Madhya Pradesh,DHAR,2009,Whole Year,Maize,52557,56033,1.066137717
Madhya Pradesh,DHAR,2009,Whole Year,Masoor,523,242,0.462715105
Madhya Pradesh,DHAR,2009,Whole Year,Onion,1332,13531,10.15840841
Madhya Pradesh,DHAR,2009,Whole Year,Peas & beans (Pulses),1063,424,0.398871119
Madhya Pradesh,DHAR,2009,Whole Year,Potato,1900,20597,10.84052632
Madhya Pradesh,DHAR,2009,Whole Year,Rapeseed &Mustard,62,46,0.741935484
Madhya Pradesh,DHAR,2009,Whole Year,Rice,1208,659,0.545529801
Madhya Pradesh,DHAR,2009,Whole Year,Safflower,106,53,0.5
Madhya Pradesh,DHAR,2009,Whole Year,Sannhamp,127,52,0.409448819
Madhya Pradesh,DHAR,2009,Whole Year,Sesamum,200,66,0.33
Madhya Pradesh,DHAR,2009,Whole Year,Soyabean,268058,443904,1.655999821
Madhya Pradesh,DHAR,2009,Whole Year,Sugarcane,693,13400,19.33621934
Madhya Pradesh,DHAR,2009,Whole Year,Sweet potato,26,200,7.692307692
Madhya Pradesh,DHAR,2009,Whole Year,Tobacco,1,,
Madhya Pradesh,DHAR,2009,Whole Year,Turmeric,24,21,0.875
Madhya Pradesh,DHAR,2009,Whole Year,Wheat,158890,354861,2.233375291
Madhya Pradesh,DHAR,2010,Kharif,Arhar/Tur,3040,987,0.324671053
Madhya Pradesh,DHAR,2010,Kharif,Bajra,3742,2330,0.622661678
Madhya Pradesh,DHAR,2010,Kharif,Castor seed,55,22,0.4
Madhya Pradesh,DHAR,2010,Kharif,Cotton(lint),106361,121715,1.144357424
Madhya Pradesh,DHAR,2010,Kharif,Cowpea(Lobia),778,198,0.254498715
Madhya Pradesh,DHAR,2010,Kharif,Groundnut,3547,4145,1.168593177
Madhya Pradesh,DHAR,2010,Kharif,Horse-gram,3374,1049,0.310906935
Madhya Pradesh,DHAR,2010,Kharif,Jowar,13911,15399,1.106965711
Madhya Pradesh,DHAR,2010,Kharif,Maize,60767,86899,1.430036039
Madhya Pradesh,DHAR,2010,Kharif,Moong(Green Gram),5090,1693,0.332612967
Madhya Pradesh,DHAR,2010,Kharif,Rice,1198,906,0.756260434
Madhya Pradesh,DHAR,2010,Kharif,Small millets,51,23,0.450980392
Madhya Pradesh,DHAR,2010,Kharif,Soyabean,267948,354564,1.323256751
Madhya Pradesh,DHAR,2010,Kharif,Urad,5787,2075,0.358562295
Madhya Pradesh,DHAR,2010,Rabi,Barley,12,23,1.916666667
Madhya Pradesh,DHAR,2010,Rabi,Gram,79962,84920,1.062004452
Madhya Pradesh,DHAR,2010,Rabi,Jowar,206,253,1.22815534
Madhya Pradesh,DHAR,2010,Rabi,Khesari,342,204,0.596491228
Madhya Pradesh,DHAR,2010,Rabi,Linseed,51,19,0.37254902
Madhya Pradesh,DHAR,2010,Rabi,Masoor,381,135,0.354330709
Madhya Pradesh,DHAR,2010,Rabi,Moong(Green Gram),59,14,0.237288136
Madhya Pradesh,DHAR,2010,Rabi,Peas & beans (Pulses),320,100,0.3125
Madhya Pradesh,DHAR,2010,Rabi,Rapeseed &Mustard,38,26,0.684210526
Madhya Pradesh,DHAR,2010,Rabi,Safflower,72,20,0.277777778
Madhya Pradesh,DHAR,2010,Rabi,Wheat,192953,453526,2.350448037
Madhya Pradesh,DHAR,2010,Whole Year,Banana,123,5471,44.4796748
Madhya Pradesh,DHAR,2010,Whole Year,Coriander,220,87,0.395454545
Madhya Pradesh,DHAR,2010,Whole Year,Dry chillies,7895,26357,3.338442052
Madhya Pradesh,DHAR,2010,Whole Year,Dry ginger,231,337,1.458874459
Madhya Pradesh,DHAR,2010,Whole Year,Garlic,4016,11154,2.777390438
Madhya Pradesh,DHAR,2010,Whole Year,Onion,1749,20949,11.97770154
Madhya Pradesh,DHAR,2010,Whole Year,Potato,2207,26138,11.8432261
Madhya Pradesh,DHAR,2010,Whole Year,Sannhamp,132,300,2.272727273
Madhya Pradesh,DHAR,2010,Whole Year,Sesamum,219,111,0.506849315
Madhya Pradesh,DHAR,2010,Whole Year,Sugarcane,713,15200,21.31837307
Madhya Pradesh,DHAR,2010,Whole Year,Sweet potato,55,349,6.345454545
Madhya Pradesh,DHAR,2010,Whole Year,Tobacco,2,1,0.5
Madhya Pradesh,DHAR,2010,Whole Year,Turmeric,13,10,0.769230769
Madhya Pradesh,DHAR,2011,Kharif,Arhar/Tur,2832,1265,0.446680791
Madhya Pradesh,DHAR,2011,Kharif,Bajra,3672,1960,0.533769063
Madhya Pradesh,DHAR,2011,Kharif,Barley,17,37,2.176470588
Madhya Pradesh,DHAR,2011,Kharif,Castor seed,45,13,0.288888889
Madhya Pradesh,DHAR,2011,Kharif,Cotton(lint),102209,182584,1.78637889
Madhya Pradesh,DHAR,2011,Kharif,Groundnut,3364,4141,1.23097503
Madhya Pradesh,DHAR,2011,Kharif,Horse-gram,3107,708,0.227872546
Madhya Pradesh,DHAR,2011,Kharif,Jowar,12947,16184,1.250019309
Madhya Pradesh,DHAR,2011,Kharif,Maize,55554,55260,0.994707852
Madhya Pradesh,DHAR,2011,Kharif,Moong(Green Gram),5109,1221,0.238990018
Madhya Pradesh,DHAR,2011,Kharif,Other Kharif pulses,735,180,0.244897959
Madhya Pradesh,DHAR,2011,Kharif,Rice,961,833,0.866805411
Madhya Pradesh,DHAR,2011,Kharif,Sannhamp,80,139,1.7375
Madhya Pradesh,DHAR,2011,Kharif,Small millets,24,8,0.333333333
Madhya Pradesh,DHAR,2011,Kharif,Soyabean,277526,363004,1.307999971
Madhya Pradesh,DHAR,2011,Kharif,Urad,5814,1367,0.235122119
Madhya Pradesh,DHAR,2011,Rabi,Gram,92215,93734,1.016472374
Madhya Pradesh,DHAR,2011,Rabi,Jowar,80,92,1.15
Madhya Pradesh,DHAR,2011,Rabi,Khesari,171,203,1.187134503
Madhya Pradesh,DHAR,2011,Rabi,Linseed,7,4,0.571428571
Madhya Pradesh,DHAR,2011,Rabi,Masoor,312,108,0.346153846
Madhya Pradesh,DHAR,2011,Rabi,Moong(Green Gram),22,6,0.272727273
Madhya Pradesh,DHAR,2011,Rabi,Peas & beans (Pulses),473,146,0.308668076
Madhya Pradesh,DHAR,2011,Rabi,Rapeseed &Mustard,40,33,0.825
Madhya Pradesh,DHAR,2011,Rabi,Safflower,77,15,0.194805195
Madhya Pradesh,DHAR,2011,Rabi,Wheat,160816,433339,2.694626157
Madhya Pradesh,DHAR,2011,Whole Year,Banana,476,17850,37.5
Madhya Pradesh,DHAR,2011,Whole Year,Coriander,94,37,0.393617021
Madhya Pradesh,DHAR,2011,Whole Year,Dry chillies,9320,16446,1.764592275
Madhya Pradesh,DHAR,2011,Whole Year,Dry ginger,308,375,1.217532468
Madhya Pradesh,DHAR,2011,Whole Year,Garlic,5124,13603,2.654761905
Madhya Pradesh,DHAR,2011,Whole Year,Onion,2045,26920,13.16381418
Madhya Pradesh,DHAR,2011,Whole Year,Potato,2962,34073,11.5033761
Madhya Pradesh,DHAR,2011,Whole Year,Sesamum,165,69,0.418181818
Madhya Pradesh,DHAR,2011,Whole Year,Sugarcane,683,11580,16.95461201
Madhya Pradesh,DHAR,2011,Whole Year,Sweet potato,37,231,6.243243243
Madhya Pradesh,DHAR,2011,Whole Year,Tobacco,1,,
Madhya Pradesh,DHAR,2011,Whole Year,Turmeric,58,44,0.75862069
Madhya Pradesh,DHAR,2012,Kharif,Arhar/Tur,2648,2279,0.860649547
Madhya Pradesh,DHAR,2012,Kharif,Bajra,3261,3407,1.044771542
Madhya Pradesh,DHAR,2012,Kharif,Barley,5,8,1.6
Madhya Pradesh,DHAR,2012,Kharif,Castor seed,94,40,0.425531915
Madhya Pradesh,DHAR,2012,Kharif,Cotton(lint),98378,218068,2.2166338
Madhya Pradesh,DHAR,2012,Kharif,Groundnut,2770,3385,1.222021661
Madhya Pradesh,DHAR,2012,Kharif,Horse-gram,2569,798,0.310626703
Madhya Pradesh,DHAR,2012,Kharif,Jowar,11823,20844,1.763004314
Madhya Pradesh,DHAR,2012,Kharif,Maize,61605,130677,2.121207694
Madhya Pradesh,DHAR,2012,Kharif,Moong(Green Gram),5006,1720,0.343587695
Madhya Pradesh,DHAR,2012,Kharif,Other Kharif pulses,726,262,0.360881543
Madhya Pradesh,DHAR,2012,Kharif,Rice,764,656,0.858638743
Madhya Pradesh,DHAR,2012,Kharif,Sannhamp,62,144,2.322580645
Madhya Pradesh,DHAR,2012,Kharif,Small millets,18,8,0.444444444
Madhya Pradesh,DHAR,2012,Kharif,Soyabean,277787,442515,1.593001112
Madhya Pradesh,DHAR,2012,Kharif,Urad,5427,2040,0.375898286
Madhya Pradesh,DHAR,2012,Rabi,Gram,96472,117687,1.219908367
Madhya Pradesh,DHAR,2012,Rabi,Jowar,84,152,1.80952381
Madhya Pradesh,DHAR,2012,Rabi,Khesari,25,26,1.04
Madhya Pradesh,DHAR,2012,Rabi,Linseed,6,2,0.333333333
Madhya Pradesh,DHAR,2012,Rabi,Masoor,104,68,0.653846154
Madhya Pradesh,DHAR,2012,Rabi,Moong(Green Gram),18,7,0.388888889
Madhya Pradesh,DHAR,2012,Rabi,Peas & beans (Pulses),1068,426,0.398876404
Madhya Pradesh,DHAR,2012,Rabi,Rapeseed &Mustard,11,10,0.909090909
Madhya Pradesh,DHAR,2012,Rabi,Safflower,70,25,0.357142857
Madhya Pradesh,DHAR,2012,Rabi,Wheat,166594,548037,3.28965629
Madhya Pradesh,DHAR,2012,Whole Year,Banana,593,7459,12.57841484
Madhya Pradesh,DHAR,2012,Whole Year,Coriander,325,131,0.403076923
Madhya Pradesh,DHAR,2012,Whole Year,Dry chillies,10731,25260,2.353927873
Madhya Pradesh,DHAR,2012,Whole Year,Dry ginger,443,680,1.534988713
Madhya Pradesh,DHAR,2012,Whole Year,Garlic,5346,19252,3.601197157
Madhya Pradesh,DHAR,2012,Whole Year,Onion,2179,29667,13.61496099
Madhya Pradesh,DHAR,2012,Whole Year,Potato,2732,32737,11.98279649
Madhya Pradesh,DHAR,2012,Whole Year,Sesamum,180,62,0.344444444
Madhya Pradesh,DHAR,2012,Whole Year,Sugarcane,775,15420,19.89677419
Madhya Pradesh,DHAR,2012,Whole Year,Sweet potato,58,440,7.586206897
Madhya Pradesh,DHAR,2012,Whole Year,Tobacco,1,,
Madhya Pradesh,DHAR,2012,Whole Year,Turmeric,86,86,1
Madhya Pradesh,DHAR,2013,Kharif,Arhar/Tur,2734,2105,0.769934162
Madhya Pradesh,DHAR,2013,Kharif,Bajra,2845,3755,1.319859402
Madhya Pradesh,DHAR,2013,Kharif,Barley,13,26,2
Madhya Pradesh,DHAR,2013,Kharif,Castor seed,121,81,0.669421488
Madhya Pradesh,DHAR,2013,Kharif,Cotton(lint),96409,235076,2.438320074
Madhya Pradesh,DHAR,2013,Kharif,Groundnut,2864,5240,1.829608939
Madhya Pradesh,DHAR,2013,Kharif,Horse-gram,2422,1192,0.492155244
Madhya Pradesh,DHAR,2013,Kharif,Jowar,9628,11274,1.170959701
Madhya Pradesh,DHAR,2013,Kharif,Maize,52938,205645,3.884638634
Madhya Pradesh,DHAR,2013,Kharif,Moong(Green Gram),4972,4595,0.924175382
Madhya Pradesh,DHAR,2013,Kharif,Other Kharif pulses,663,257,0.387631976
Madhya Pradesh,DHAR,2013,Kharif,Rice,664,500,0.753012048
Madhya Pradesh,DHAR,2013,Kharif,Sannhamp,71,217,3.056338028
Madhya Pradesh,DHAR,2013,Kharif,Small millets,20,,
Madhya Pradesh,DHAR,2013,Kharif,Soyabean,292197,433328,1.482999483
Madhya Pradesh,DHAR,2013,Kharif,Urad,5454,3778,0.692702604
Madhya Pradesh,DHAR,2013,Rabi,Gram,94277,107658,1.141932815
Madhya Pradesh,DHAR,2013,Rabi,Jowar,80,83,1.0375
Madhya Pradesh,DHAR,2013,Rabi,Khesari,13,13,1
Madhya Pradesh,DHAR,2013,Rabi,Linseed,3,3,1
Madhya Pradesh,DHAR,2013,Rabi,Masoor,83,84,1.012048193
Madhya Pradesh,DHAR,2013,Rabi,Moong(Green Gram),25,13,0.52
Madhya Pradesh,DHAR,2013,Rabi,Peas & beans (Pulses),1567,963,0.614550096
Madhya Pradesh,DHAR,2013,Rabi,Rapeseed &Mustard,12,12,1
Madhya Pradesh,DHAR,2013,Rabi,Urad,1,,
Madhya Pradesh,DHAR,2013,Rabi,Wheat,205397,513612,2.5005818
Madhya Pradesh,DHAR,2013,Whole Year,Banana,648,52571,81.12808642
Madhya Pradesh,DHAR,2013,Whole Year,Coriander,276,169,0.612318841
Madhya Pradesh,DHAR,2013,Whole Year,Dry chillies,11996,21050,1.754751584
Madhya Pradesh,DHAR,2013,Whole Year,Dry ginger,275,1014,3.687272727
Madhya Pradesh,DHAR,2013,Whole Year,Garlic,5361,19306,3.601193807
Madhya Pradesh,DHAR,2013,Whole Year,Onion,2266,26228,11.57458076
Madhya Pradesh,DHAR,2013,Whole Year,Potato,1489,22941,15.40698455
Madhya Pradesh,DHAR,2013,Whole Year,Sesamum,167,104,0.622754491
Madhya Pradesh,DHAR,2013,Whole Year,Sugarcane,873,24810,28.41924399
Madhya Pradesh,DHAR,2013,Whole Year,Sweet potato,62,437,7.048387097
Madhya Pradesh,DHAR,2013,Whole Year,Turmeric,43,40,0.930232558
Madhya Pradesh,DINDORI,1998,Kharif,Arhar/Tur,2400,2800,1.166666667
Madhya Pradesh,DINDORI,1998,Kharif,Jowar,200,200,1
Madhya Pradesh,DINDORI,1998,Kharif,Maize,20200,30700,1.51980198
Madhya Pradesh,DINDORI,1998,Kharif,Rice,82800,45900,0.554347826
Madhya Pradesh,DINDORI,1998,Kharif,Sesamum,400,100,0.25
Madhya Pradesh,DINDORI,1998,Kharif,Small millets,57400,15800,0.275261324
Madhya Pradesh,DINDORI,1998,Kharif,Soyabean,4900,3900,0.795918367
Madhya Pradesh,DINDORI,1998,Rabi,Barley,200,200,1
Madhya Pradesh,DINDORI,1998,Rabi,Gram,7200,5700,0.791666667
Madhya Pradesh,DINDORI,1998,Rabi,Linseed,9200,2500,0.27173913
Madhya Pradesh,DINDORI,1998,Rabi,Rapeseed &Mustard,19200,13700,0.713541667
Madhya Pradesh,DINDORI,1998,Rabi,Wheat,47900,36900,0.770354906
Madhya Pradesh,DINDORI,1998,Whole Year,Sugarcane,13,60,4.615384615
Madhya Pradesh,DINDORI,1999,Kharif,Arhar/Tur,2308,2657,1.151213172
Madhya Pradesh,DINDORI,1999,Kharif,Groundnut,11,9,0.818181818
Madhya Pradesh,DINDORI,1999,Kharif,Jowar,151,138,0.913907285
Madhya Pradesh,DINDORI,1999,Kharif,Maize,17683,32552,1.840864107
Madhya Pradesh,DINDORI,1999,Kharif,Niger seed,28199,6014,0.213269974
Madhya Pradesh,DINDORI,1999,Kharif,Other Kharif pulses,5085,954,0.187610619
Madhya Pradesh,DINDORI,1999,Kharif,Rice,71213,80624,1.132152837
Madhya Pradesh,DINDORI,1999,Kharif,Sesamum,219,32,0.146118721
Madhya Pradesh,DINDORI,1999,Kharif,Soyabean,3932,3731,0.948880977
Madhya Pradesh,DINDORI,1999,Kharif,Urad,5085,954,0.187610619
Madhya Pradesh,DINDORI,1999,Rabi,Barley,147,133,0.904761905
Madhya Pradesh,DINDORI,1999,Rabi,Gram,6898,4561,0.661206147
Madhya Pradesh,DINDORI,1999,Rabi,Linseed,7838,2115,0.269839245
Madhya Pradesh,DINDORI,1999,Rabi,Other  Rabi pulses,18795,6767,0.360042565
Madhya Pradesh,DINDORI,1999,Rabi,Rapeseed &Mustard,17079,11875,0.69529832
Madhya Pradesh,DINDORI,1999,Rabi,Safflower,4,1,0.25
Madhya Pradesh,DINDORI,1999,Rabi,Wheat,45229,29675,0.656105596
Madhya Pradesh,DINDORI,1999,Whole Year,Coriander,315,63,0.2
Madhya Pradesh,DINDORI,1999,Whole Year,Dry chillies,4,2,0.5
Madhya Pradesh,DINDORI,1999,Whole Year,Garlic,8,28,3.5
Madhya Pradesh,DINDORI,1999,Whole Year,Onion,29,334,11.51724138
Madhya Pradesh,DINDORI,1999,Whole Year,Potato,15,101,6.733333333
Madhya Pradesh,DINDORI,1999,Whole Year,Sannhamp,53,83,1.566037736
Madhya Pradesh,DINDORI,1999,Whole Year,Sugarcane,4,80,20
Madhya Pradesh,DINDORI,1999,Whole Year,Sweet potato,38,219,5.763157895
Madhya Pradesh,DINDORI,2000,Kharif,Arhar/Tur,2243,1409,0.628176549
Madhya Pradesh,DINDORI,2000,Kharif,Groundnut,14,9,0.642857143
Madhya Pradesh,DINDORI,2000,Kharif,Jowar,118,73,0.618644068
Madhya Pradesh,DINDORI,2000,Kharif,Maize,17928,38302,2.136434627
Madhya Pradesh,DINDORI,2000,Kharif,Niger seed,27629,3395,0.122878135
Madhya Pradesh,DINDORI,2000,Kharif,Other Kharif pulses,3979,619,0.155566725
Madhya Pradesh,DINDORI,2000,Kharif,Ragi,1,0.1,0.1
Madhya Pradesh,DINDORI,2000,Kharif,Rice,73146,27903,0.381469937
Madhya Pradesh,DINDORI,2000,Kharif,Sesamum,200,26,0.13
Madhya Pradesh,DINDORI,2000,Kharif,Small millets,48643,5655,0.116255165
Madhya Pradesh,DINDORI,2000,Kharif,Soyabean,3137,1493,0.47593242
Madhya Pradesh,DINDORI,2000,Rabi,Barley,37,23,0.621621622
Madhya Pradesh,DINDORI,2000,Rabi,Gram,5223,2175,0.416427341
Madhya Pradesh,DINDORI,2000,Rabi,Linseed,5168,866,0.167569659
Madhya Pradesh,DINDORI,2000,Rabi,Other  Rabi pulses,14770,3078,0.208395396
Madhya Pradesh,DINDORI,2000,Rabi,Rapeseed &Mustard,16990,5280,0.310771042
Madhya Pradesh,DINDORI,2000,Rabi,Wheat,32682,12825,0.392417845
Madhya Pradesh,DINDORI,2000,Whole Year,Coriander,229,32,0.139737991
Madhya Pradesh,DINDORI,2000,Whole Year,Dry chillies,3,1,0.333333333
Madhya Pradesh,DINDORI,2000,Whole Year,Garlic,6,19,3.166666667
Madhya Pradesh,DINDORI,2000,Whole Year,Onion,22,384,17.45454545
Madhya Pradesh,DINDORI,2000,Whole Year,Sannhamp,32,33,1.03125
Madhya Pradesh,DINDORI,2000,Whole Year,Sugarcane,5,100,20
Madhya Pradesh,DINDORI,2001,Kharif,Arhar/Tur,2390,2603,1.089121339
Madhya Pradesh,DINDORI,2001,Kharif,Groundnut,8,9,1.125
Madhya Pradesh,DINDORI,2001,Kharif,Jowar,100,101,1.01
Madhya Pradesh,DINDORI,2001,Kharif,Maize,18096,38803,2.14428603
Madhya Pradesh,DINDORI,2001,Kharif,Niger seed,28146,5086,0.180700632
Madhya Pradesh,DINDORI,2001,Kharif,Other Kharif pulses,3046,683,0.224228496
Madhya Pradesh,DINDORI,2001,Kharif,Ragi,5,1,0.2
Madhya Pradesh,DINDORI,2001,Kharif,Rice,76095,59604,0.783284053
Madhya Pradesh,DINDORI,2001,Kharif,Sesamum,186,38,0.204301075
Madhya Pradesh,DINDORI,2001,Kharif,Small millets,47919,11555,0.241136084
Madhya Pradesh,DINDORI,2001,Kharif,Soyabean,3493,2678,0.76667621
Madhya Pradesh,DINDORI,2001,Rabi,Barley,27,21,0.777777778
Madhya Pradesh,DINDORI,2001,Rabi,Gram,5914,3329,0.562901589
Madhya Pradesh,DINDORI,2001,Rabi,Linseed,6273,1781,0.283915192
Madhya Pradesh,DINDORI,2001,Rabi,Other  Rabi pulses,18614,5861,0.314870528
Madhya Pradesh,DINDORI,2001,Rabi,Rapeseed &Mustard,17291,10707,0.619223874
Madhya Pradesh,DINDORI,2001,Rabi,Safflower,2,0.01,0.005
Madhya Pradesh,DINDORI,2001,Rabi,Wheat,37159,23372,0.628972793
Madhya Pradesh,DINDORI,2001,Whole Year,Coriander,213,40,0.187793427
Madhya Pradesh,DINDORI,2001,Whole Year,Dry chillies,4,2,0.5
Madhya Pradesh,DINDORI,2001,Whole Year,Garlic,5,20,4
Madhya Pradesh,DINDORI,2001,Whole Year,Onion,25,437,17.48
Madhya Pradesh,DINDORI,2001,Whole Year,Potato,16,144,9
Madhya Pradesh,DINDORI,2001,Whole Year,Sannhamp,36,56,1.555555556
Madhya Pradesh,DINDORI,2001,Whole Year,Sugarcane,3,60,20
Madhya Pradesh,DINDORI,2001,Whole Year,Sweet potato,50,270,5.4
Madhya Pradesh,DINDORI,2002,Kharif,Arhar/Tur,3103,2218,0.714792137
Madhya Pradesh,DINDORI,2002,Kharif,Groundnut,12,8,0.666666667
Madhya Pradesh,DINDORI,2002,Kharif,Jowar,84,51,0.607142857
Madhya Pradesh,DINDORI,2002,Kharif,Maize,18251,33946,1.859952879
Madhya Pradesh,DINDORI,2002,Kharif,Niger seed,27215,3541,0.130112071
Madhya Pradesh,DINDORI,2002,Kharif,Other Kharif pulses,2768,545,0.196893064
Madhya Pradesh,DINDORI,2002,Kharif,Ragi,1,0.1,0.1
Madhya Pradesh,DINDORI,2002,Kharif,Rice,74670,36401,0.48749163
Madhya Pradesh,DINDORI,2002,Kharif,Sesamum,207,40,0.193236715
Madhya Pradesh,DINDORI,2002,Kharif,Small millets,47397,8288,0.174863388
Madhya Pradesh,DINDORI,2002,Kharif,Soyabean,3682,2427,0.659152634
Madhya Pradesh,DINDORI,2002,Rabi,Barley,23,19,0.826086957
Madhya Pradesh,DINDORI,2002,Rabi,Gram,6057,3508,0.579164603
Madhya Pradesh,DINDORI,2002,Rabi,Linseed,4878,863,0.176916769
Madhya Pradesh,DINDORI,2002,Rabi,Other  Rabi pulses,23156,5858,0.252979789
Madhya Pradesh,DINDORI,2002,Rabi,Rapeseed &Mustard,16707,6589,0.394385587
Madhya Pradesh,DINDORI,2002,Rabi,Safflower,1,0.01,0.01
Madhya Pradesh,DINDORI,2002,Rabi,Wheat,32870,16964,0.516093702
Madhya Pradesh,DINDORI,2002,Whole Year,Bhindi,33,0,0
Madhya Pradesh,DINDORI,2002,Whole Year,Brinjal,17,0,0
Madhya Pradesh,DINDORI,2002,Whole Year,Cabbage,15,0,0
Madhya Pradesh,DINDORI,2002,Whole Year,Coriander,334,48,0.143712575
Madhya Pradesh,DINDORI,2002,Whole Year,Dry chillies,5,2,0.4
Madhya Pradesh,DINDORI,2002,Whole Year,Garlic,7,19,2.714285714
Madhya Pradesh,DINDORI,2002,Whole Year,Mango,8,0,0
Madhya Pradesh,DINDORI,2002,Whole Year,Onion,31,447,14.41935484
Madhya Pradesh,DINDORI,2002,Whole Year,Other Fresh Fruits,6,0,0
Madhya Pradesh,DINDORI,2002,Whole Year,Other Vegetables,17,0,0
Madhya Pradesh,DINDORI,2002,Whole Year,Pome Fruit,9,0,0
Madhya Pradesh,DINDORI,2002,Whole Year,Potato,22,196,8.909090909
Madhya Pradesh,DINDORI,2002,Whole Year,Sannhamp,38,50,1.315789474
Madhya Pradesh,DINDORI,2002,Whole Year,Sugarcane,3,60,20
Madhya Pradesh,DINDORI,2002,Whole Year,Sweet potato,47,213,4.531914894
Madhya Pradesh,DINDORI,2002,Whole Year,Tomato,35,0,0
Madhya Pradesh,DINDORI,2003,Kharif,Arhar/Tur,3127,2474,0.791173649
Madhya Pradesh,DINDORI,2003,Kharif,Groundnut,16,11,0.6875
Madhya Pradesh,DINDORI,2003,Kharif,Jowar,88,95,1.079545455
Madhya Pradesh,DINDORI,2003,Kharif,Maize,18340,33994,1.853544166
Madhya Pradesh,DINDORI,2003,Kharif,Niger seed,27550,5676,0.206025408
Madhya Pradesh,DINDORI,2003,Kharif,Other Kharif pulses,2795,588,0.210375671
Madhya Pradesh,DINDORI,2003,Kharif,Ragi,1,0.1,0.1
Madhya Pradesh,DINDORI,2003,Kharif,Rice,77340,58795,0.760214637
Madhya Pradesh,DINDORI,2003,Kharif,Sesamum,250,53,0.212
Madhya Pradesh,DINDORI,2003,Kharif,Small millets,47236,10437,0.220954357
Madhya Pradesh,DINDORI,2003,Kharif,Soyabean,4164,3230,0.775696446
Madhya Pradesh,DINDORI,2003,Kharif,Urad,2795,588,0.210375671
Madhya Pradesh,DINDORI,2003,Rabi,Barley,23,18,0.782608696
Madhya Pradesh,DINDORI,2003,Rabi,Gram,6334,3624,0.5721503
Madhya Pradesh,DINDORI,2003,Rabi,Linseed,5743,1775,0.309071914
Madhya Pradesh,DINDORI,2003,Rabi,Other  Rabi pulses,26412,8408,0.318340148
Madhya Pradesh,DINDORI,2003,Rabi,Rapeseed &Mustard,17420,12510,0.718140069
Madhya Pradesh,DINDORI,2003,Rabi,Safflower,1,0,0
Madhya Pradesh,DINDORI,2003,Rabi,Wheat,34492,21856,0.633654181
Madhya Pradesh,DINDORI,2003,Whole Year,Bhindi,17,0,0
Madhya Pradesh,DINDORI,2003,Whole Year,Brinjal,22,0,0
Madhya Pradesh,DINDORI,2003,Whole Year,Cauliflower,12,0,0
Madhya Pradesh,DINDORI,2003,Whole Year,Coriander,215,41,0.190697674
Madhya Pradesh,DINDORI,2003,Whole Year,Dry chillies,5,2,0.4
Madhya Pradesh,DINDORI,2003,Whole Year,Garlic,4,14,3.5
Madhya Pradesh,DINDORI,2003,Whole Year,Mango,5,0,0
Madhya Pradesh,DINDORI,2003,Whole Year,Onion,26,402,15.46153846
Madhya Pradesh,DINDORI,2003,Whole Year,Other Fresh Fruits,6,0,0
Madhya Pradesh,DINDORI,2003,Whole Year,Other Vegetables,24,0,0
Madhya Pradesh,DINDORI,2003,Whole Year,Pome Fruit,9,0,0
Madhya Pradesh,DINDORI,2003,Whole Year,Potato,22,237,10.77272727
Madhya Pradesh,DINDORI,2003,Whole Year,Sannhamp,35,44,1.257142857
Madhya Pradesh,DINDORI,2003,Whole Year,Sugarcane,1,,
Madhya Pradesh,DINDORI,2003,Whole Year,Sweet potato,29,162,5.586206897
Madhya Pradesh,DINDORI,2003,Whole Year,Tomato,35,0,0
Madhya Pradesh,DINDORI,2004,Kharif,Arhar/Tur,3144,2939,0.934796438
Madhya Pradesh,DINDORI,2004,Kharif,Groundnut,9,11,1.222222222
Madhya Pradesh,DINDORI,2004,Kharif,Jowar,86,72,0.837209302
Madhya Pradesh,DINDORI,2004,Kharif,Maize,18089,27188,1.503012881
Madhya Pradesh,DINDORI,2004,Kharif,Niger seed,26996,5952,0.220477108
Madhya Pradesh,DINDORI,2004,Kharif,Rice,78225,59160,0.756279962
Madhya Pradesh,DINDORI,2004,Kharif,Sesamum,253,77,0.304347826
Madhya Pradesh,DINDORI,2004,Kharif,Small millets,46074,8799,0.190975387
Madhya Pradesh,DINDORI,2004,Kharif,Soyabean,4455,3481,0.781369248
Madhya Pradesh,DINDORI,2004,Kharif,Urad,2846,703,0.247013352
Madhya Pradesh,DINDORI,2004,Rabi,Barley,25,22,0.88
Madhya Pradesh,DINDORI,2004,Rabi,Gram,6308,4250,0.673747622
Madhya Pradesh,DINDORI,2004,Rabi,Linseed,5947,2110,0.35480074
Madhya Pradesh,DINDORI,2004,Rabi,Masoor,21115,8555,0.405162207
Madhya Pradesh,DINDORI,2004,Rabi,Rapeseed &Mustard,17688,12901,0.729364541
Madhya Pradesh,DINDORI,2004,Rabi,Wheat,33279,24017,0.721686349
Madhya Pradesh,DINDORI,2004,Whole Year,Coriander,229,44,0.192139738
Madhya Pradesh,DINDORI,2004,Whole Year,Garlic,6,18,3
Madhya Pradesh,DINDORI,2004,Whole Year,Onion,24,383,15.95833333
Madhya Pradesh,DINDORI,2004,Whole Year,Potato,24,245,10.20833333
Madhya Pradesh,DINDORI,2004,Whole Year,Sugarcane,1,20,20
Madhya Pradesh,DINDORI,2004,Whole Year,Sweet potato,21,101,4.80952381
Madhya Pradesh,DINDORI,2005,Kharif,Arhar/Tur,3095,1577,0.509531502
Madhya Pradesh,DINDORI,2005,Kharif,Groundnut,8,6,0.75
Madhya Pradesh,DINDORI,2005,Kharif,Jowar,89,78,0.876404494
Madhya Pradesh,DINDORI,2005,Kharif,Maize,18369,16602,0.903805324
Madhya Pradesh,DINDORI,2005,Kharif,Niger seed,27109,4939,0.182190416
Madhya Pradesh,DINDORI,2005,Kharif,Rice,78260,66422,0.848734986
Madhya Pradesh,DINDORI,2005,Kharif,Sesamum,273,86,0.315018315
Madhya Pradesh,DINDORI,2005,Kharif,Small millets,305,5,0.016393443
Madhya Pradesh,DINDORI,2005,Kharif,Soyabean,4913,2539,0.516792184
Madhya Pradesh,DINDORI,2005,Kharif,Urad,2819,523,0.185526783
Madhya Pradesh,DINDORI,2005,Rabi,Barley,23,15,0.652173913
Madhya Pradesh,DINDORI,2005,Rabi,Gram,6278,3058,0.487097802
Madhya Pradesh,DINDORI,2005,Rabi,Linseed,6224,1730,0.277956298
Madhya Pradesh,DINDORI,2005,Rabi,Masoor,23049,5138,0.222916396
Madhya Pradesh,DINDORI,2005,Rabi,Peas & beans (Pulses),7174,1391,0.193894619
Madhya Pradesh,DINDORI,2005,Rabi,Rapeseed &Mustard,17850,9963,0.558151261
Madhya Pradesh,DINDORI,2005,Rabi,Wheat,32710,16760,0.512381535
Madhya Pradesh,DINDORI,2005,Whole Year,Onion,29,414,14.27586207
Madhya Pradesh,DINDORI,2005,Whole Year,Potato,27,237,8.777777778
Madhya Pradesh,DINDORI,2005,Whole Year,Sugarcane,1,20,20
Madhya Pradesh,DINDORI,2005,Whole Year,Sweet potato,19,58,3.052631579
Madhya Pradesh,DINDORI,2006,Kharif,Arhar/Tur,3117,1705,0.547000321
Madhya Pradesh,DINDORI,2006,Kharif,Groundnut,5,4,0.8
Madhya Pradesh,DINDORI,2006,Kharif,Jowar,77,56,0.727272727
Madhya Pradesh,DINDORI,2006,Kharif,Jute,23,22,0.956521739
Madhya Pradesh,DINDORI,2006,Kharif,Maize,18297,11360,0.620866809
Madhya Pradesh,DINDORI,2006,Kharif,Niger seed,26884,4806,0.17876804
Madhya Pradesh,DINDORI,2006,Kharif,Rice,78637,55661,0.707822018
Madhya Pradesh,DINDORI,2006,Kharif,Small millets,44277,7642,0.172595253
Madhya Pradesh,DINDORI,2006,Kharif,Soyabean,5130,3045,0.593567251
Madhya Pradesh,DINDORI,2006,Kharif,Urad,2761,629,0.227816009
Madhya Pradesh,DINDORI,2006,Rabi,Gram,6587,3591,0.545164718
Madhya Pradesh,DINDORI,2006,Rabi,Khesari,145,69,0.475862069
Madhya Pradesh,DINDORI,2006,Rabi,Linseed,6297,1895,0.300936954
Madhya Pradesh,DINDORI,2006,Rabi,Masoor,23315,5612,0.24070341
Madhya Pradesh,DINDORI,2006,Rabi,Peas & beans (Pulses),6941,1581,0.227776977
Madhya Pradesh,DINDORI,2006,Rabi,Rapeseed &Mustard,16943,10125,0.597591926
Madhya Pradesh,DINDORI,2006,Rabi,Wheat,34473,19184,0.556493488
Madhya Pradesh,DINDORI,2006,Whole Year,Coriander,245,34,0.13877551
Madhya Pradesh,DINDORI,2006,Whole Year,Dry chillies,7,5,0.714285714
Madhya Pradesh,DINDORI,2006,Whole Year,Garlic,2,5,2.5
Madhya Pradesh,DINDORI,2006,Whole Year,Onion,35,439,12.54285714
Madhya Pradesh,DINDORI,2006,Whole Year,Potato,29,200,6.896551724
Madhya Pradesh,DINDORI,2006,Whole Year,Sesamum,278,73,0.262589928
Madhya Pradesh,DINDORI,2006,Whole Year,Sugarcane,2,40,20
Madhya Pradesh,DINDORI,2006,Whole Year,Sweet potato,18,56,3.111111111
Madhya Pradesh,DINDORI,2007,Kharif,Arhar/Tur,4457,2172,0.487323312
Madhya Pradesh,DINDORI,2007,Kharif,Groundnut,13,11,0.846153846
Madhya Pradesh,DINDORI,2007,Kharif,Jowar,51,44,0.862745098
Madhya Pradesh,DINDORI,2007,Kharif,Maize,18072,16426,0.908919876
Madhya Pradesh,DINDORI,2007,Kharif,Niger seed,25270,4604,0.182192323
Madhya Pradesh,DINDORI,2007,Kharif,Rice,79050,64059,0.810360531
Madhya Pradesh,DINDORI,2007,Kharif,Sannhamp,6,1,0.166666667
Madhya Pradesh,DINDORI,2007,Kharif,Soyabean,5387,3421,0.635047336
Madhya Pradesh,DINDORI,2007,Kharif,Urad,3270,745,0.227828746
Madhya Pradesh,DINDORI,2007,Rabi,Barley,17,12,0.705882353
Madhya Pradesh,DINDORI,2007,Rabi,Gram,7523,3013,0.400505118
Madhya Pradesh,DINDORI,2007,Rabi,Khesari,94,32,0.340425532
Madhya Pradesh,DINDORI,2007,Rabi,Linseed,5197,1446,0.278237445
Madhya Pradesh,DINDORI,2007,Rabi,Masoor,33286,6974,0.209517515
Madhya Pradesh,DINDORI,2007,Rabi,Peas & beans (Pulses),8947,1622,0.181289818
Madhya Pradesh,DINDORI,2007,Rabi,Rapeseed &Mustard,17259,9901,0.573671708
Madhya Pradesh,DINDORI,2007,Rabi,Wheat,29692,14958,0.50377206
Madhya Pradesh,DINDORI,2007,Whole Year,Coriander,191,21,0.109947644
Madhya Pradesh,DINDORI,2007,Whole Year,Garlic,2,5,2.5
Madhya Pradesh,DINDORI,2007,Whole Year,Onion,33,352,10.66666667
Madhya Pradesh,DINDORI,2007,Whole Year,Potato,25,172,6.88
Madhya Pradesh,DINDORI,2007,Whole Year,Sesamum,245,88,0.359183673
Madhya Pradesh,DINDORI,2007,Whole Year,Sugarcane,1,20,20
Madhya Pradesh,DINDORI,2007,Whole Year,Sweet potato,9,26,2.888888889
Madhya Pradesh,DINDORI,2008,Kharif,Arhar/Tur,3811,2405,0.631067961
Madhya Pradesh,DINDORI,2008,Kharif,Bajra,2,2,1
Madhya Pradesh,DINDORI,2008,Kharif,Groundnut,7,7,1
Madhya Pradesh,DINDORI,2008,Kharif,Jowar,59,60,1.016949153
Madhya Pradesh,DINDORI,2008,Kharif,Maize,18470,16896,0.914780726
Madhya Pradesh,DINDORI,2008,Kharif,Niger seed,25615,4839,0.188912746
Madhya Pradesh,DINDORI,2008,Kharif,Rice,79304,61693,0.777930495
Madhya Pradesh,DINDORI,2008,Kharif,Sannhamp,15,3,0.2
Madhya Pradesh,DINDORI,2008,Kharif,Soyabean,5459,3528,0.646272211
Madhya Pradesh,DINDORI,2008,Kharif,Urad,3262,770,0.236051502
Madhya Pradesh,DINDORI,2008,Rabi,Barley,17,14,0.823529412
Madhya Pradesh,DINDORI,2008,Rabi,Gram,7152,3803,0.531739374
Madhya Pradesh,DINDORI,2008,Rabi,Khesari,108,48,0.444444444
Madhya Pradesh,DINDORI,2008,Rabi,Linseed,6036,1865,0.308979457
Madhya Pradesh,DINDORI,2008,Rabi,Masoor,30580,7634,0.249640288
Madhya Pradesh,DINDORI,2008,Rabi,Peas & beans (Pulses),8017,1859,0.23188225
Madhya Pradesh,DINDORI,2008,Rabi,Rapeseed &Mustard,17571,11158,0.635023618
Madhya Pradesh,DINDORI,2008,Rabi,Wheat,30622,19352,0.631963947
Madhya Pradesh,DINDORI,2008,Whole Year,Coriander,209,25,0.119617225
Madhya Pradesh,DINDORI,2008,Whole Year,Garlic,5,13,2.6
Madhya Pradesh,DINDORI,2008,Whole Year,Onion,29,302,10.4137931
Madhya Pradesh,DINDORI,2008,Whole Year,Potato,29,185,6.379310345
Madhya Pradesh,DINDORI,2008,Whole Year,Sesamum,229,85,0.371179039
Madhya Pradesh,DINDORI,2008,Whole Year,Small millets,42363,8749,0.206524562
Madhya Pradesh,DINDORI,2008,Whole Year,Sweet potato,17,51,3
Madhya Pradesh,DINDORI,2009,Kharif,Jowar,109,104,0.95412844
Madhya Pradesh,DINDORI,2009,Kharif,Small millets,42225,8205,0.194316163
Madhya Pradesh,DINDORI,2009,Kharif,Urad,3279,747,0.227813358
Madhya Pradesh,DINDORI,2009,Whole Year,Arhar/Tur,3742,2317,0.6191876
Madhya Pradesh,DINDORI,2009,Whole Year,Barley,11,9,0.818181818
Madhya Pradesh,DINDORI,2009,Whole Year,Coriander,139,17,0.122302158
Madhya Pradesh,DINDORI,2009,Whole Year,Dry chillies,2,4,2
Madhya Pradesh,DINDORI,2009,Whole Year,Garlic,1,3,3
Madhya Pradesh,DINDORI,2009,Whole Year,Gram,7550,4161,0.551125828
Madhya Pradesh,DINDORI,2009,Whole Year,Groundnut,8,9,1.125
Madhya Pradesh,DINDORI,2009,Whole Year,Khesari,101,43,0.425742574
Madhya Pradesh,DINDORI,2009,Whole Year,Linseed,4905,1552,0.316411825
Madhya Pradesh,DINDORI,2009,Whole Year,Maize,18142,16263,0.896428178
Madhya Pradesh,DINDORI,2009,Whole Year,Masoor,30247,7551,0.249644593
Madhya Pradesh,DINDORI,2009,Whole Year,Niger seed,25636,4670,0.182165704
Madhya Pradesh,DINDORI,2009,Whole Year,Onion,33,418,12.66666667
Madhya Pradesh,DINDORI,2009,Whole Year,Peas & beans (Pulses),7923,1804,0.227691531
Madhya Pradesh,DINDORI,2009,Whole Year,Potato,14,86,6.142857143
Madhya Pradesh,DINDORI,2009,Whole Year,Rapeseed &Mustard,17209,9714,0.564472079
Madhya Pradesh,DINDORI,2009,Whole Year,Rice,69269,47782,0.68980352
Madhya Pradesh,DINDORI,2009,Whole Year,Sannhamp,12,2,0.166666667
Madhya Pradesh,DINDORI,2009,Whole Year,Sesamum,197,76,0.385786802
Madhya Pradesh,DINDORI,2009,Whole Year,Soyabean,5798,3791,0.653846154
Madhya Pradesh,DINDORI,2009,Whole Year,Sugarcane,2,30,15
Madhya Pradesh,DINDORI,2009,Whole Year,Sweet potato,13,44,3.384615385
Madhya Pradesh,DINDORI,2009,Whole Year,Wheat,31749,19070,0.600648839
Madhya Pradesh,DINDORI,2010,Kharif,Arhar/Tur,7274,1312,0.180368436
Madhya Pradesh,DINDORI,2010,Kharif,Groundnut,10,11,1.1
Madhya Pradesh,DINDORI,2010,Kharif,Jowar,91,108,1.186813187
Madhya Pradesh,DINDORI,2010,Kharif,Maize,18199,21410,1.176438266
Madhya Pradesh,DINDORI,2010,Kharif,Moong(Green Gram),5,1,0.2
Madhya Pradesh,DINDORI,2010,Kharif,Niger seed,24320,4430,0.182154605
Madhya Pradesh,DINDORI,2010,Kharif,Rice,78412,54328,0.692853135
Madhya Pradesh,DINDORI,2010,Kharif,Small millets,42156,9869,0.234106651
Madhya Pradesh,DINDORI,2010,Kharif,Soyabean,6394,5097,0.797153581
Madhya Pradesh,DINDORI,2010,Kharif,Urad,3186,793,0.248901444
Madhya Pradesh,DINDORI,2010,Rabi,Barley,7,6,0.857142857
Madhya Pradesh,DINDORI,2010,Rabi,Gram,9376,1597,0.170328498
Madhya Pradesh,DINDORI,2010,Rabi,Khesari,126,37,0.293650794
Madhya Pradesh,DINDORI,2010,Rabi,Linseed,4976,1134,0.227893891
Madhya Pradesh,DINDORI,2010,Rabi,Masoor,45856,2652,0.057833217
Madhya Pradesh,DINDORI,2010,Rabi,Peas & beans (Pulses),10671,622,0.05828882
Madhya Pradesh,DINDORI,2010,Rabi,Rapeseed &Mustard,16638,8123,0.488219738
Madhya Pradesh,DINDORI,2010,Rabi,Wheat,27663,16037,0.579727434
Madhya Pradesh,DINDORI,2010,Whole Year,Coriander,184,22,0.119565217
Madhya Pradesh,DINDORI,2010,Whole Year,Dry chillies,2,4,2
Madhya Pradesh,DINDORI,2010,Whole Year,Garlic,2,4,2
Madhya Pradesh,DINDORI,2010,Whole Year,Onion,42,576,13.71428571
Madhya Pradesh,DINDORI,2010,Whole Year,Potato,14,68,4.857142857
Madhya Pradesh,DINDORI,2010,Whole Year,Sannhamp,16,17,1.0625
Madhya Pradesh,DINDORI,2010,Whole Year,Sesamum,220,82,0.372727273
Madhya Pradesh,DINDORI,2010,Whole Year,Sweet potato,11,23,2.090909091
Madhya Pradesh,DINDORI,2011,Kharif,Arhar/Tur,6135,2082,0.339364303
Madhya Pradesh,DINDORI,2011,Kharif,Barley,7,7,1
Madhya Pradesh,DINDORI,2011,Kharif,Groundnut,14,21,1.5
Madhya Pradesh,DINDORI,2011,Kharif,Jowar,64,56,0.875
Madhya Pradesh,DINDORI,2011,Kharif,Maize,18121,11652,0.643010871
Madhya Pradesh,DINDORI,2011,Kharif,Niger seed,23359,2834,0.121323687
Madhya Pradesh,DINDORI,2011,Kharif,Rice,78694,79465,1.009797443
Madhya Pradesh,DINDORI,2011,Kharif,Sannhamp,10,6,0.6
Madhya Pradesh,DINDORI,2011,Kharif,Small millets,40600,9844,0.242463054
Madhya Pradesh,DINDORI,2011,Kharif,Soyabean,8901,4966,0.557914841
Madhya Pradesh,DINDORI,2011,Kharif,Urad,3574,525,0.146894236
Madhya Pradesh,DINDORI,2011,Rabi,Gram,8637,4040,0.467755008
Madhya Pradesh,DINDORI,2011,Rabi,Khesari,56,20,0.357142857
Madhya Pradesh,DINDORI,2011,Rabi,Linseed,4993,1682,0.33687162
Madhya Pradesh,DINDORI,2011,Rabi,Masoor,38700,4700,0.121447028
Madhya Pradesh,DINDORI,2011,Rabi,Peas & beans (Pulses),9858,1307,0.132582674
Madhya Pradesh,DINDORI,2011,Rabi,Rapeseed &Mustard,16664,10373,0.622479597
Madhya Pradesh,DINDORI,2011,Rabi,Wheat,28978,31782,1.096763062
Madhya Pradesh,DINDORI,2011,Whole Year,Coriander,225,27,0.12
Madhya Pradesh,DINDORI,2011,Whole Year,Dry chillies,9,10,1.111111111
Madhya Pradesh,DINDORI,2011,Whole Year,Garlic,2,4,2
Madhya Pradesh,DINDORI,2011,Whole Year,Onion,56,693,12.375
Madhya Pradesh,DINDORI,2011,Whole Year,Potato,13,65,5
Madhya Pradesh,DINDORI,2011,Whole Year,Sesamum,361,143,0.396121884
Madhya Pradesh,DINDORI,2011,Whole Year,Sugarcane,2,20,10
Madhya Pradesh,DINDORI,2011,Whole Year,Sweet potato,15,31,2.066666667
Madhya Pradesh,DINDORI,2012,Kharif,Arhar/Tur,5842,2119,0.362718247
Madhya Pradesh,DINDORI,2012,Kharif,Barley,7,4,0.571428571
Madhya Pradesh,DINDORI,2012,Kharif,Groundnut,14,20,1.428571429
Madhya Pradesh,DINDORI,2012,Kharif,Jowar,79,106,1.341772152
Madhya Pradesh,DINDORI,2012,Kharif,Maize,18225,43159,2.368120713
Madhya Pradesh,DINDORI,2012,Kharif,Moong(Green Gram),4,1,0.25
Madhya Pradesh,DINDORI,2012,Kharif,Niger seed,22295,6608,0.296389325
Madhya Pradesh,DINDORI,2012,Kharif,Rice,81710,126115,1.543446335
Madhya Pradesh,DINDORI,2012,Kharif,Sannhamp,7,6,0.857142857
Madhya Pradesh,DINDORI,2012,Kharif,Small millets,39684,19361,0.487879246
Madhya Pradesh,DINDORI,2012,Kharif,Soyabean,6733,4043,0.600475271
Madhya Pradesh,DINDORI,2012,Kharif,Urad,3973,1531,0.38535112
Madhya Pradesh,DINDORI,2012,Rabi,Gram,9349,4397,0.470317681
Madhya Pradesh,DINDORI,2012,Rabi,Khesari,63,22,0.349206349
Madhya Pradesh,DINDORI,2012,Rabi,Linseed,5232,1850,0.353593272
Madhya Pradesh,DINDORI,2012,Rabi,Masoor,39325,18231,0.46359822
Madhya Pradesh,DINDORI,2012,Rabi,Peas & beans (Pulses),10007,4051,0.404816628
Madhya Pradesh,DINDORI,2012,Rabi,Rapeseed &Mustard,16747,11745,0.701319639
Madhya Pradesh,DINDORI,2012,Rabi,Wheat,30298,45359,1.497095518
Madhya Pradesh,DINDORI,2012,Whole Year,Coriander,199,36,0.180904523
Madhya Pradesh,DINDORI,2012,Whole Year,Dry chillies,12,23,1.916666667
Madhya Pradesh,DINDORI,2012,Whole Year,Garlic,2,6,3
Madhya Pradesh,DINDORI,2012,Whole Year,Onion,62,804,12.96774194
Madhya Pradesh,DINDORI,2012,Whole Year,Potato,24,171,7.125
Madhya Pradesh,DINDORI,2012,Whole Year,Sesamum,338,158,0.467455621
Madhya Pradesh,DINDORI,2012,Whole Year,Sweet potato,9,34,3.777777778
Madhya Pradesh,DINDORI,2013,Kharif,Arhar/Tur,5567,1732,0.311119095
Madhya Pradesh,DINDORI,2013,Kharif,Barley,14,15,1.071428571
Madhya Pradesh,DINDORI,2013,Kharif,Groundnut,16,16,1
Madhya Pradesh,DINDORI,2013,Kharif,Jowar,77,81,1.051948052
Madhya Pradesh,DINDORI,2013,Kharif,Maize,18314,33441,1.825980124
Madhya Pradesh,DINDORI,2013,Kharif,Moong(Green Gram),6,2,0.333333333
Madhya Pradesh,DINDORI,2013,Kharif,Niger seed,21782,7322,0.336149114
Madhya Pradesh,DINDORI,2013,Kharif,Rice,81182,124803,1.537323545
Madhya Pradesh,DINDORI,2013,Kharif,Sannhamp,15,22,1.466666667
Madhya Pradesh,DINDORI,2013,Kharif,Small millets,38274,33811,0.883393426
Madhya Pradesh,DINDORI,2013,Kharif,Soyabean,7224,5782,0.800387597
Madhya Pradesh,DINDORI,2013,Kharif,Urad,3779,1493,0.395078063
Madhya Pradesh,DINDORI,2013,Rabi,Gram,9409,5230,0.555850781
Madhya Pradesh,DINDORI,2013,Rabi,Khesari,69,34,0.492753623
Madhya Pradesh,DINDORI,2013,Rabi,Linseed,5029,1508,0.299860807
Madhya Pradesh,DINDORI,2013,Rabi,Masoor,38449,37846,0.984316887
Madhya Pradesh,DINDORI,2013,Rabi,Moong(Green Gram),4,1,0.25
Madhya Pradesh,DINDORI,2013,Rabi,Peas & beans (Pulses),10061,8983,0.892853593
Madhya Pradesh,DINDORI,2013,Rabi,Rapeseed &Mustard,16797,9610,0.572125975
Madhya Pradesh,DINDORI,2013,Rabi,Urad,2,2,1
Madhya Pradesh,DINDORI,2013,Rabi,Wheat,32144,51839,1.612711548
Madhya Pradesh,DINDORI,2013,Whole Year,Coriander,231,57,0.246753247
Madhya Pradesh,DINDORI,2013,Whole Year,Dry chillies,11,11,1
Madhya Pradesh,DINDORI,2013,Whole Year,Garlic,2,5,2.5
Madhya Pradesh,DINDORI,2013,Whole Year,Onion,76,1324,17.42105263
Madhya Pradesh,DINDORI,2013,Whole Year,Potato,17,174,10.23529412
Madhya Pradesh,DINDORI,2013,Whole Year,Sesamum,407,245,0.601965602
Madhya Pradesh,DINDORI,2013,Whole Year,Sweet potato,8,45,5.625
Madhya Pradesh,GUNA,1997,Kharif,Arhar/Tur,1300,800,0.615384615
Madhya Pradesh,GUNA,1997,Kharif,Bajra,100,100,1
Madhya Pradesh,GUNA,1997,Kharif,Groundnut,400,400,1
Madhya Pradesh,GUNA,1997,Kharif,Jowar,53600,37800,0.705223881
Madhya Pradesh,GUNA,1997,Kharif,Maize,23400,20500,0.876068376
Madhya Pradesh,GUNA,1997,Kharif,Paddy,1500,1100,0.733333333
Madhya Pradesh,GUNA,1997,Kharif,Sesamum,1400,500,0.357142857
Madhya Pradesh,GUNA,1997,Kharif,Soyabean,124700,102600,0.822774659
Madhya Pradesh,GUNA,1997,Kharif,Sunflower,100,100,1
Madhya Pradesh,GUNA,1997,Rabi,Barley,200,400,2
Madhya Pradesh,GUNA,1997,Rabi,Linseed,3800,2300,0.605263158
Madhya Pradesh,GUNA,1997,Rabi,Rapeseed &Mustard,3300,2000,0.606060606
Madhya Pradesh,GUNA,1997,Rabi,Wheat,198800,268500,1.350603622
Madhya Pradesh,GUNA,1998,Kharif,Arhar/Tur,900,600,0.666666667
Madhya Pradesh,GUNA,1998,Kharif,Bajra,100,100,1
Madhya Pradesh,GUNA,1998,Kharif,Groundnut,400,600,1.5
Madhya Pradesh,GUNA,1998,Kharif,Jowar,46900,35600,0.759061834
Madhya Pradesh,GUNA,1998,Kharif,Maize,23600,28200,1.194915254
Madhya Pradesh,GUNA,1998,Kharif,Rice,1600,700,0.4375
Madhya Pradesh,GUNA,1998,Kharif,Sesamum,1300,500,0.384615385
Madhya Pradesh,GUNA,1998,Kharif,Soyabean,129600,91600,0.706790123
Madhya Pradesh,GUNA,1998,Rabi,Barley,200,300,1.5
Madhya Pradesh,GUNA,1998,Rabi,Gram,193600,182500,0.942665289
Madhya Pradesh,GUNA,1998,Rabi,Linseed,3600,2400,0.666666667
Madhya Pradesh,GUNA,1998,Rabi,Rapeseed &Mustard,3500,2400,0.685714286
Madhya Pradesh,GUNA,1998,Rabi,Wheat,196800,253800,1.289634146
Madhya Pradesh,GUNA,1998,Whole Year,Sugarcane,804,11970,14.8880597
Madhya Pradesh,GUNA,1999,Kharif,Arhar/Tur,2622,1812,0.691075515
Madhya Pradesh,GUNA,1999,Kharif,Bajra,52,55,1.057692308
Madhya Pradesh,GUNA,1999,Kharif,Dry ginger,34,30,0.882352941
Madhya Pradesh,GUNA,1999,Kharif,Groundnut,661,930,1.406959153
Madhya Pradesh,GUNA,1999,Kharif,Jowar,42812,30439,0.710992245
Madhya Pradesh,GUNA,1999,Kharif,Maize,24002,36017,1.500583285
Madhya Pradesh,GUNA,1999,Kharif,Niger seed,615,122,0.198373984
Madhya Pradesh,GUNA,1999,Kharif,Other Kharif pulses,7845,3408,0.434416826
Madhya Pradesh,GUNA,1999,Kharif,Rice,1660,1683,1.013855422
Madhya Pradesh,GUNA,1999,Kharif,Sesamum,1398,599,0.428469242
Madhya Pradesh,GUNA,1999,Kharif,Soyabean,120681,111326,0.922481584
Madhya Pradesh,GUNA,1999,Kharif,Sunflower,1,1,1
Madhya Pradesh,GUNA,1999,Kharif,Urad,2677,1321,0.493462832
Madhya Pradesh,GUNA,1999,Rabi,Barley,263,430,1.634980989
Madhya Pradesh,GUNA,1999,Rabi,Gram,197932,174972,0.884000566
Madhya Pradesh,GUNA,1999,Rabi,Linseed,2936,2318,0.789509537
Madhya Pradesh,GUNA,1999,Rabi,Other  Rabi pulses,14509,11057,0.76207871
Madhya Pradesh,GUNA,1999,Rabi,Rapeseed &Mustard,4763,3318,0.696619777
Madhya Pradesh,GUNA,1999,Rabi,Safflower,488,116,0.237704918
Madhya Pradesh,GUNA,1999,Rabi,Wheat,212471,267478,1.258891802
Madhya Pradesh,GUNA,1999,Whole Year,Coriander,62080,18849,0.303624356
Madhya Pradesh,GUNA,1999,Whole Year,Dry chillies,38,12,0.315789474
Madhya Pradesh,GUNA,1999,Whole Year,Garlic,34,94,2.764705882
Madhya Pradesh,GUNA,1999,Whole Year,Onion,155,1722,11.10967742
Madhya Pradesh,GUNA,1999,Whole Year,Potato,146,1662,11.38356164
Madhya Pradesh,GUNA,1999,Whole Year,Sannhamp,9,22,2.444444444
Madhya Pradesh,GUNA,1999,Whole Year,Sugarcane,700,16460,23.51428571
Madhya Pradesh,GUNA,1999,Whole Year,Sweet potato,20,121,6.05
Madhya Pradesh,GUNA,2000,Kharif,Arhar/Tur,682,475,0.696480938
Madhya Pradesh,GUNA,2000,Kharif,Bajra,55,85,1.545454545
Madhya Pradesh,GUNA,2000,Kharif,Dry ginger,36,35,0.972222222
Madhya Pradesh,GUNA,2000,Kharif,Groundnut,597,979,1.639865997
Madhya Pradesh,GUNA,2000,Kharif,Jowar,40256,37398,0.929004372
Madhya Pradesh,GUNA,2000,Kharif,Maize,26259,50882,1.937697551
Madhya Pradesh,GUNA,2000,Kharif,Niger seed,748,151,0.201871658
Madhya Pradesh,GUNA,2000,Kharif,Other Kharif pulses,9686,4765,0.49194714
Madhya Pradesh,GUNA,2000,Kharif,Rice,1721,1335,0.775711795
Madhya Pradesh,GUNA,2000,Kharif,Sesamum,1284,782,0.609034268
Madhya Pradesh,GUNA,2000,Kharif,Small millets,5,2,0.4
Madhya Pradesh,GUNA,2000,Kharif,Soyabean,138740,135786,0.978708375
Madhya Pradesh,GUNA,2000,Rabi,Barley,306,531,1.735294118
Madhya Pradesh,GUNA,2000,Rabi,Gram,208247,168472,0.80900085
Madhya Pradesh,GUNA,2000,Rabi,Linseed,2880,2470,0.857638889
Madhya Pradesh,GUNA,2000,Rabi,Other  Rabi pulses,14952,11016,0.736757624
Madhya Pradesh,GUNA,2000,Rabi,Rapeseed &Mustard,3072,1831,0.596028646
Madhya Pradesh,GUNA,2000,Rabi,Safflower,28,7,0.25
Madhya Pradesh,GUNA,2000,Rabi,Wheat,190867,234890,1.230647519
Madhya Pradesh,GUNA,2000,Whole Year,Coriander,58723,14858,0.253018408
Madhya Pradesh,GUNA,2000,Whole Year,Dry chillies,57,15,0.263157895
Madhya Pradesh,GUNA,2000,Whole Year,Garlic,56,155,2.767857143
Madhya Pradesh,GUNA,2000,Whole Year,Onion,219,3107,14.18721461
Madhya Pradesh,GUNA,2000,Whole Year,Sannhamp,13,33,2.538461538
Madhya Pradesh,GUNA,2000,Whole Year,Sugarcane,1083,14000,12.92705448
Madhya Pradesh,GUNA,2001,Kharif,Arhar/Tur,1169,888,0.75962361
Madhya Pradesh,GUNA,2001,Kharif,Bajra,205,229,1.117073171
Madhya Pradesh,GUNA,2001,Kharif,Dry ginger,7,7,1
Madhya Pradesh,GUNA,2001,Kharif,Groundnut,497,754,1.517102616
Madhya Pradesh,GUNA,2001,Kharif,Jowar,35519,26817,0.755004364
Madhya Pradesh,GUNA,2001,Kharif,Maize,23912,47666,1.993392439
Madhya Pradesh,GUNA,2001,Kharif,Niger seed,685,140,0.204379562
Madhya Pradesh,GUNA,2001,Kharif,Other Kharif pulses,12507,6443,0.515151515
Madhya Pradesh,GUNA,2001,Kharif,Rice,1711,1432,0.836937463
Madhya Pradesh,GUNA,2001,Kharif,Sesamum,1098,628,0.571948998
Madhya Pradesh,GUNA,2001,Kharif,Small millets,2,1,0.5
Madhya Pradesh,GUNA,2001,Kharif,Soyabean,157610,149423,0.948055326
Madhya Pradesh,GUNA,2001,Rabi,Barley,291,529,1.817869416
Madhya Pradesh,GUNA,2001,Rabi,Gram,211958,200300,0.944998537
Madhya Pradesh,GUNA,2001,Rabi,Linseed,2468,2240,0.907617504
Madhya Pradesh,GUNA,2001,Rabi,Other  Rabi pulses,13979,10330,0.738965591
Madhya Pradesh,GUNA,2001,Rabi,Rapeseed &Mustard,2833,2056,0.725732439
Madhya Pradesh,GUNA,2001,Rabi,Safflower,169,41,0.24260355
Madhya Pradesh,GUNA,2001,Rabi,Wheat,188780,262519,1.390608115
Madhya Pradesh,GUNA,2001,Whole Year,Coriander,57979,18337,0.316269684
Madhya Pradesh,GUNA,2001,Whole Year,Dry chillies,33,10,0.303030303
Madhya Pradesh,GUNA,2001,Whole Year,Garlic,51,141,2.764705882
Madhya Pradesh,GUNA,2001,Whole Year,Onion,214,3081,14.39719626
Madhya Pradesh,GUNA,2001,Whole Year,Potato,245,3634,14.83265306
Madhya Pradesh,GUNA,2001,Whole Year,Sannhamp,9,22,2.444444444
Madhya Pradesh,GUNA,2001,Whole Year,Sugarcane,1000,23860,23.86
Madhya Pradesh,GUNA,2001,Whole Year,Sweet potato,21,131,6.238095238
Madhya Pradesh,GUNA,2002,Kharif,Arhar/Tur,553,134,0.242314647
Madhya Pradesh,GUNA,2002,Kharif,Bajra,236,103,0.436440678
Madhya Pradesh,GUNA,2002,Kharif,Castor seed,2,1,0.5
Madhya Pradesh,GUNA,2002,Kharif,Dry ginger,37,19,0.513513514
Madhya Pradesh,GUNA,2002,Kharif,Groundnut,410,425,1.036585366
Madhya Pradesh,GUNA,2002,Kharif,Jowar,34387,11932,0.346991596
Madhya Pradesh,GUNA,2002,Kharif,Maize,23946,15089,0.630126117
Madhya Pradesh,GUNA,2002,Kharif,Niger seed,329,30,0.09118541
Madhya Pradesh,GUNA,2002,Kharif,Other Kharif pulses,21664,4443,0.20508678
Madhya Pradesh,GUNA,2002,Kharif,Rice,1617,519,0.32096475
Madhya Pradesh,GUNA,2002,Kharif,Sesamum,911,169,0.185510428
Madhya Pradesh,GUNA,2002,Kharif,Small millets,12,2,0.166666667
Madhya Pradesh,GUNA,2002,Kharif,Soyabean,149184,49470,0.331603925
Madhya Pradesh,GUNA,2002,Rabi,Barley,243,340,1.399176955
Madhya Pradesh,GUNA,2002,Rabi,Gram,188652,77159,0.40900176
Madhya Pradesh,GUNA,2002,Rabi,Linseed,1339,581,0.4339059
Madhya Pradesh,GUNA,2002,Rabi,Other  Rabi pulses,12412,3881,0.312681276
Madhya Pradesh,GUNA,2002,Rabi,Rapeseed &Mustard,1773,613,0.345741681
Madhya Pradesh,GUNA,2002,Rabi,Safflower,150,13,0.086666667
Madhya Pradesh,GUNA,2002,Rabi,Wheat,152917,102992,0.673515698
Madhya Pradesh,GUNA,2002,Whole Year,Bhindi,103,0,0
Madhya Pradesh,GUNA,2002,Whole Year,Brinjal,110,0,0
Madhya Pradesh,GUNA,2002,Whole Year,Cabbage,14,0,0
Madhya Pradesh,GUNA,2002,Whole Year,Cauliflower,20,0,0
Madhya Pradesh,GUNA,2002,Whole Year,Citrus Fruit,19,0,0
Madhya Pradesh,GUNA,2002,Whole Year,Coriander,31130,3282,0.105428847
Madhya Pradesh,GUNA,2002,Whole Year,Dry chillies,6,0.01,0.001666667
Madhya Pradesh,GUNA,2002,Whole Year,Garlic,28,54,1.928571429
Madhya Pradesh,GUNA,2002,Whole Year,Grapes,10,0,0
Madhya Pradesh,GUNA,2002,Whole Year,Mango,112,0,0
Madhya Pradesh,GUNA,2002,Whole Year,Onion,151,1352,8.953642384
Madhya Pradesh,GUNA,2002,Whole Year,Other Fresh Fruits,12,0,0
Madhya Pradesh,GUNA,2002,Whole Year,Other Vegetables,323,0,0
Madhya Pradesh,GUNA,2002,Whole Year,Papaya,8,309,38.625
Madhya Pradesh,GUNA,2002,Whole Year,Pome Fruit,62,0,0
Madhya Pradesh,GUNA,2002,Whole Year,Potato,206,1313,6.373786408
Madhya Pradesh,GUNA,2002,Whole Year,Sannhamp,10,11,1.1
Madhya Pradesh,GUNA,2002,Whole Year,Sugarcane,946,11910,12.58985201
Madhya Pradesh,GUNA,2002,Whole Year,Sweet potato,49,196,4
Madhya Pradesh,GUNA,2002,Whole Year,Tomato,158,0,0
Madhya Pradesh,GUNA,2003,Kharif,Arhar/Tur,450,262,0.582222222
Madhya Pradesh,GUNA,2003,Kharif,Bajra,332,464,1.397590361
Madhya Pradesh,GUNA,2003,Kharif,Cotton(lint),1,1,1
Madhya Pradesh,GUNA,2003,Kharif,Dry ginger,16,16,1
Madhya Pradesh,GUNA,2003,Kharif,Groundnut,143,204,1.426573427
Madhya Pradesh,GUNA,2003,Kharif,Jowar,42616,46111,1.082011451
Madhya Pradesh,GUNA,2003,Kharif,Maize,21717,41426,1.907537874
Madhya Pradesh,GUNA,2003,Kharif,Niger seed,113,24,0.212389381
Madhya Pradesh,GUNA,2003,Kharif,Other Kharif pulses,4988,2224,0.445870088
Madhya Pradesh,GUNA,2003,Kharif,Rice,1030,1018,0.988349515
Madhya Pradesh,GUNA,2003,Kharif,Sesamum,887,629,0.709131905
Madhya Pradesh,GUNA,2003,Kharif,Small millets,18,6,0.333333333
Madhya Pradesh,GUNA,2003,Kharif,Soyabean,123041,130695,1.062206907
Madhya Pradesh,GUNA,2003,Kharif,Sunflower,15,9,0.6
Madhya Pradesh,GUNA,2003,Kharif,Urad,2298,1012,0.440382942
Madhya Pradesh,GUNA,2003,Rabi,Barley,40,74,1.85
Madhya Pradesh,GUNA,2003,Rabi,Gram,66626,58098,0.872001921
Madhya Pradesh,GUNA,2003,Rabi,Linseed,361,351,0.972299169
Madhya Pradesh,GUNA,2003,Rabi,Other  Rabi pulses,1114,697,0.62567325
Madhya Pradesh,GUNA,2003,Rabi,Rapeseed &Mustard,885,722,0.815819209
Madhya Pradesh,GUNA,2003,Rabi,Safflower,317,74,0.233438486
Madhya Pradesh,GUNA,2003,Rabi,Wheat,71747,105969,1.476981616
Madhya Pradesh,GUNA,2003,Whole Year,Bhindi,75,0,0
Madhya Pradesh,GUNA,2003,Whole Year,Brinjal,74,0,0
Madhya Pradesh,GUNA,2003,Whole Year,Cabbage,13,0,0
Madhya Pradesh,GUNA,2003,Whole Year,Cauliflower,13,0,0
Madhya Pradesh,GUNA,2003,Whole Year,Citrus Fruit,17,0,0
Madhya Pradesh,GUNA,2003,Whole Year,Coriander,49957,14958,0.299417499
Madhya Pradesh,GUNA,2003,Whole Year,Dry chillies,15,6,0.4
Madhya Pradesh,GUNA,2003,Whole Year,Garlic,49,128,2.612244898
Madhya Pradesh,GUNA,2003,Whole Year,Mango,48,0,0
Madhya Pradesh,GUNA,2003,Whole Year,Onion,88,1107,12.57954545
Madhya Pradesh,GUNA,2003,Whole Year,Other Vegetables,302,0,0
Madhya Pradesh,GUNA,2003,Whole Year,Papaya,1,69,69
Madhya Pradesh,GUNA,2003,Whole Year,Pome Fruit,4,0,0
Madhya Pradesh,GUNA,2003,Whole Year,Potato,87,1221,14.03448276
Madhya Pradesh,GUNA,2003,Whole Year,Sannhamp,9,22,2.444444444
Madhya Pradesh,GUNA,2003,Whole Year,Sugarcane,366,8610,23.52459016
Madhya Pradesh,GUNA,2003,Whole Year,Sweet potato,17,103,6.058823529
Madhya Pradesh,GUNA,2003,Whole Year,Tomato,137,0,0
Madhya Pradesh,GUNA,2004,Kharif,Arhar/Tur,472,280,0.593220339
Madhya Pradesh,GUNA,2004,Kharif,Bajra,241,330,1.369294606
Madhya Pradesh,GUNA,2004,Kharif,Cotton(lint),2,2,1
Madhya Pradesh,GUNA,2004,Kharif,Dry ginger,12,11,0.916666667
Madhya Pradesh,GUNA,2004,Kharif,Groundnut,106,172,1.622641509
Madhya Pradesh,GUNA,2004,Kharif,Jowar,32515,30824,0.947993234
Madhya Pradesh,GUNA,2004,Kharif,Maize,21291,27124,1.273965525
Madhya Pradesh,GUNA,2004,Kharif,Niger seed,76,16,0.210526316
Madhya Pradesh,GUNA,2004,Kharif,Rice,836,729,0.872009569
Madhya Pradesh,GUNA,2004,Kharif,Sesamum,1055,822,0.779146919
Madhya Pradesh,GUNA,2004,Kharif,Soyabean,141410,112366,0.794611414
Madhya Pradesh,GUNA,2004,Kharif,Urad,2057,890,0.432668935
Madhya Pradesh,GUNA,2004,Rabi,Barley,37,61,1.648648649
Madhya Pradesh,GUNA,2004,Rabi,Gram,70647,56094,0.794003992
Madhya Pradesh,GUNA,2004,Rabi,Linseed,212,191,0.900943396
Madhya Pradesh,GUNA,2004,Rabi,Masoor,1436,963,0.670612813
Madhya Pradesh,GUNA,2004,Rabi,Rapeseed &Mustard,9940,7866,0.791348089
Madhya Pradesh,GUNA,2004,Rabi,Safflower,508,121,0.238188976
Madhya Pradesh,GUNA,2004,Rabi,Wheat,78774,103157,1.309531064
Madhya Pradesh,GUNA,2004,Whole Year,Coriander,49719,14467,0.290975281
Madhya Pradesh,GUNA,2004,Whole Year,Garlic,29,76,2.620689655
Madhya Pradesh,GUNA,2004,Whole Year,Onion,118,1730,14.66101695
Madhya Pradesh,GUNA,2004,Whole Year,Potato,90,1352,15.02222222
Madhya Pradesh,GUNA,2004,Whole Year,Sugarcane,365,7620,20.87671233
Madhya Pradesh,GUNA,2004,Whole Year,Sweet potato,9,55,6.111111111
Madhya Pradesh,GUNA,2005,Kharif,Arhar/Tur,639,362,0.566510172
Madhya Pradesh,GUNA,2005,Kharif,Bajra,54,84,1.555555556
Madhya Pradesh,GUNA,2005,Kharif,Groundnut,83,113,1.361445783
Madhya Pradesh,GUNA,2005,Kharif,Jowar,25064,20377,0.812998723
Madhya Pradesh,GUNA,2005,Kharif,Maize,21056,31136,1.478723404
Madhya Pradesh,GUNA,2005,Kharif,Moong(Green Gram),1724,777,0.450696056
Madhya Pradesh,GUNA,2005,Kharif,Rice,791,663,0.83817952
Madhya Pradesh,GUNA,2005,Kharif,Sesamum,1224,854,0.697712418
Madhya Pradesh,GUNA,2005,Kharif,Soyabean,138371,148890,1.076020264
Madhya Pradesh,GUNA,2005,Kharif,Urad,1913,1017,0.531625719
Madhya Pradesh,GUNA,2005,Rabi,Barley,47,101,2.14893617
Madhya Pradesh,GUNA,2005,Rabi,Gram,66563,59840,0.898997942
Madhya Pradesh,GUNA,2005,Rabi,Linseed,178,210,1.179775281
Madhya Pradesh,GUNA,2005,Rabi,Masoor,2095,1559,0.744152745
Madhya Pradesh,GUNA,2005,Rabi,Peas & beans (Pulses),267,153,0.573033708
Madhya Pradesh,GUNA,2005,Rabi,Rapeseed &Mustard,26542,22310,0.840554593
Madhya Pradesh,GUNA,2005,Rabi,Wheat,73209,118262,1.615402478
Madhya Pradesh,GUNA,2005,Whole Year,Onion,109,1563,14.33944954
Madhya Pradesh,GUNA,2005,Whole Year,Potato,74,1034,13.97297297
Madhya Pradesh,GUNA,2005,Whole Year,Sugarcane,230,5260,22.86956522
Madhya Pradesh,GUNA,2005,Whole Year,Sweet potato,20,120,6
Madhya Pradesh,GUNA,2006,Kharif,Arhar/Tur,966,554,0.573498965
Madhya Pradesh,GUNA,2006,Kharif,Bajra,162,260,1.604938272
Madhya Pradesh,GUNA,2006,Kharif,Castor seed,4,2,0.5
Madhya Pradesh,GUNA,2006,Kharif,Dry ginger,28,28,1
Madhya Pradesh,GUNA,2006,Kharif,Groundnut,107,133,1.242990654
Madhya Pradesh,GUNA,2006,Kharif,Jowar,17490,14936,0.853973699
Madhya Pradesh,GUNA,2006,Kharif,Maize,18913,19075,1.008565537
Madhya Pradesh,GUNA,2006,Kharif,Moong(Green Gram),1273,565,0.443833464
Madhya Pradesh,GUNA,2006,Kharif,Niger seed,82,16,0.195121951
Madhya Pradesh,GUNA,2006,Kharif,Rice,790,673,0.851898734
Madhya Pradesh,GUNA,2006,Kharif,Soyabean,140729,137242,0.97522188
Madhya Pradesh,GUNA,2006,Kharif,Urad,1617,872,0.539270254
Madhya Pradesh,GUNA,2006,Rabi,Gram,70388,71233,1.012004887
Madhya Pradesh,GUNA,2006,Rabi,Linseed,179,216,1.206703911
Madhya Pradesh,GUNA,2006,Rabi,Masoor,1469,1108,0.754254595
Madhya Pradesh,GUNA,2006,Rabi,Peas & beans (Pulses),406,236,0.581280788
Madhya Pradesh,GUNA,2006,Rabi,Rapeseed &Mustard,18861,15763,0.835745719
Madhya Pradesh,GUNA,2006,Rabi,Safflower,347,85,0.244956772
Madhya Pradesh,GUNA,2006,Rabi,Wheat,84938,131288,1.545692152
Madhya Pradesh,GUNA,2006,Whole Year,Coriander,42152,13702,0.325061682
Madhya Pradesh,GUNA,2006,Whole Year,Dry chillies,30,16,0.533333333
Madhya Pradesh,GUNA,2006,Whole Year,Garlic,34,93,2.735294118
Madhya Pradesh,GUNA,2006,Whole Year,Onion,100,1442,14.42
Madhya Pradesh,GUNA,2006,Whole Year,Potato,72,1027,14.26388889
Madhya Pradesh,GUNA,2006,Whole Year,Sesamum,993,621,0.625377644
Madhya Pradesh,GUNA,2006,Whole Year,Sugarcane,660,15520,23.51515152
Madhya Pradesh,GUNA,2006,Whole Year,Sweet potato,21,128,6.095238095
Madhya Pradesh,GUNA,2007,Kharif,Arhar/Tur,635,347,0.546456693
Madhya Pradesh,GUNA,2007,Kharif,Bajra,168,140,0.833333333
Madhya Pradesh,GUNA,2007,Kharif,Groundnut,95,114,1.2
Madhya Pradesh,GUNA,2007,Kharif,Jowar,18918,17064,0.901998097
Madhya Pradesh,GUNA,2007,Kharif,Maize,20799,22265,1.070484158
Madhya Pradesh,GUNA,2007,Kharif,Niger seed,47,10,0.212765957
Madhya Pradesh,GUNA,2007,Kharif,Rice,780,620,0.794871795
Madhya Pradesh,GUNA,2007,Kharif,Sannhamp,5,2,0.4
Madhya Pradesh,GUNA,2007,Kharif,Soyabean,162370,188456,1.160657757
Madhya Pradesh,GUNA,2007,Kharif,Urad,2877,1289,0.448036149
Madhya Pradesh,GUNA,2007,Rabi,Barley,37,81,2.189189189
Madhya Pradesh,GUNA,2007,Rabi,Gram,72973,37508,0.513998328
Madhya Pradesh,GUNA,2007,Rabi,Linseed,97,104,1.072164948
Madhya Pradesh,GUNA,2007,Rabi,Masoor,1842,1101,0.59771987
Madhya Pradesh,GUNA,2007,Rabi,Peas & beans (Pulses),297,146,0.491582492
Madhya Pradesh,GUNA,2007,Rabi,Rapeseed &Mustard,11059,6840,0.618500769
Madhya Pradesh,GUNA,2007,Rabi,Safflower,363,67,0.184573003
Madhya Pradesh,GUNA,2007,Rabi,Wheat,79286,119369,1.50554953
Madhya Pradesh,GUNA,2007,Whole Year,Coriander,45253,10566,0.233487283
Madhya Pradesh,GUNA,2007,Whole Year,Garlic,47,111,2.361702128
Madhya Pradesh,GUNA,2007,Whole Year,Onion,105,1123,10.6952381
Madhya Pradesh,GUNA,2007,Whole Year,Potato,48,464,9.666666667
Madhya Pradesh,GUNA,2007,Whole Year,Sesamum,685,544,0.794160584
Madhya Pradesh,GUNA,2007,Whole Year,Sugarcane,1058,19270,18.21361059
Madhya Pradesh,GUNA,2007,Whole Year,Sweet potato,18,94,5.222222222
Madhya Pradesh,GUNA,2008,Kharif,Arhar/Tur,696,429,0.61637931
Madhya Pradesh,GUNA,2008,Kharif,Bajra,83,105,1.265060241
Madhya Pradesh,GUNA,2008,Kharif,Groundnut,106,148,1.396226415
Madhya Pradesh,GUNA,2008,Kharif,Jowar,13174,10381,0.787991498
Madhya Pradesh,GUNA,2008,Kharif,Maize,20183,23395,1.159143834
Madhya Pradesh,GUNA,2008,Kharif,Niger seed,65,13,0.2
Madhya Pradesh,GUNA,2008,Kharif,Rice,820,517,0.630487805
Madhya Pradesh,GUNA,2008,Kharif,Sannhamp,18,7,0.388888889
Madhya Pradesh,GUNA,2008,Kharif,Soyabean,177375,183938,1.037000705
Madhya Pradesh,GUNA,2008,Kharif,Urad,2834,1420,0.501058574
Madhya Pradesh,GUNA,2008,Rabi,Barley,28,43,1.535714286
Madhya Pradesh,GUNA,2008,Rabi,Gram,75061,88647,1.180999454
Madhya Pradesh,GUNA,2008,Rabi,Linseed,14,15,1.071428571
Madhya Pradesh,GUNA,2008,Rabi,Masoor,2309,1452,0.628843655
Madhya Pradesh,GUNA,2008,Rabi,Peas & beans (Pulses),238,127,0.533613445
Madhya Pradesh,GUNA,2008,Rabi,Rapeseed &Mustard,9954,7815,0.785111513
Madhya Pradesh,GUNA,2008,Rabi,Safflower,226,46,0.203539823
Madhya Pradesh,GUNA,2008,Rabi,Wheat,84461,143443,1.698334142
Madhya Pradesh,GUNA,2008,Whole Year,Coriander,46864,15233,0.325046944
Madhya Pradesh,GUNA,2008,Whole Year,Garlic,52,150,2.884615385
Madhya Pradesh,GUNA,2008,Whole Year,Onion,78,1017,13.03846154
Madhya Pradesh,GUNA,2008,Whole Year,Potato,80,930,11.625
Madhya Pradesh,GUNA,2008,Whole Year,Sesamum,754,541,0.717506631
Madhya Pradesh,GUNA,2008,Whole Year,Sugarcane,818,17620,21.5403423
Madhya Pradesh,GUNA,2008,Whole Year,Sweet potato,20,121,6.05
Madhya Pradesh,GUNA,2009,Kharif,Jowar,9632,8091,0.840012458
Madhya Pradesh,GUNA,2009,Kharif,Moong(Green Gram),319,148,0.463949843
Madhya Pradesh,GUNA,2009,Kharif,Urad,2726,1469,0.538884813
Madhya Pradesh,GUNA,2009,Whole Year,Arhar/Tur,717,451,0.629009763
Madhya Pradesh,GUNA,2009,Whole Year,Bajra,77,128,1.662337662
Madhya Pradesh,GUNA,2009,Whole Year,Barley,9,17,1.888888889
Madhya Pradesh,GUNA,2009,Whole Year,Coriander,44155,14555,0.329634243
Madhya Pradesh,GUNA,2009,Whole Year,Dry chillies,33,30,0.909090909
Madhya Pradesh,GUNA,2009,Whole Year,Dry ginger,33,35,1.060606061
Madhya Pradesh,GUNA,2009,Whole Year,Garlic,86,232,2.697674419
Madhya Pradesh,GUNA,2009,Whole Year,Gram,83644,80716,0.964994501
Madhya Pradesh,GUNA,2009,Whole Year,Groundnut,120,145,1.208333333
Madhya Pradesh,GUNA,2009,Whole Year,Linseed,23,28,1.217391304
Madhya Pradesh,GUNA,2009,Whole Year,Maize,18391,22719,1.2353325
Madhya Pradesh,GUNA,2009,Whole Year,Masoor,1839,1349,0.733550843
Madhya Pradesh,GUNA,2009,Whole Year,Niger seed,29,4,0.137931034
Madhya Pradesh,GUNA,2009,Whole Year,Onion,98,1231,12.56122449
Madhya Pradesh,GUNA,2009,Whole Year,Peas & beans (Pulses),382,216,0.565445026
Madhya Pradesh,GUNA,2009,Whole Year,Potato,102,1089,10.67647059
Madhya Pradesh,GUNA,2009,Whole Year,Rapeseed &Mustard,7750,6852,0.884129032
Madhya Pradesh,GUNA,2009,Whole Year,Rice,777,652,0.839124839
Madhya Pradesh,GUNA,2009,Whole Year,Safflower,243,53,0.218106996
Madhya Pradesh,GUNA,2009,Whole Year,Sesamum,787,464,0.589580686
Madhya Pradesh,GUNA,2009,Whole Year,Soyabean,188948,196286,1.038836082
Madhya Pradesh,GUNA,2009,Whole Year,Sugarcane,714,15380,21.54061625
Madhya Pradesh,GUNA,2009,Whole Year,Sweet potato,36,219,6.083333333
Madhya Pradesh,GUNA,2009,Whole Year,Wheat,79261,127375,1.607032462
Madhya Pradesh,GUNA,2010,Kharif,Arhar/Tur,2723,963,0.353654058
Madhya Pradesh,GUNA,2010,Kharif,Bajra,62,116,1.870967742
Madhya Pradesh,GUNA,2010,Kharif,Groundnut,84,140,1.666666667
Madhya Pradesh,GUNA,2010,Kharif,Jowar,7907,7551,0.954976603
Madhya Pradesh,GUNA,2010,Kharif,Maize,17243,27898,1.617931914
Madhya Pradesh,GUNA,2010,Kharif,Moong(Green Gram),529,245,0.463137996
Madhya Pradesh,GUNA,2010,Kharif,Niger seed,28,7,0.25
Madhya Pradesh,GUNA,2010,Kharif,Rice,706,816,1.155807365
Madhya Pradesh,GUNA,2010,Kharif,Soyabean,212013,252860,1.192662714
Madhya Pradesh,GUNA,2010,Kharif,Urad,3986,1966,0.493226292
Madhya Pradesh,GUNA,2010,Rabi,Barley,21,55,2.619047619
Madhya Pradesh,GUNA,2010,Rabi,Gram,83245,88822,1.066995015
Madhya Pradesh,GUNA,2010,Rabi,Linseed,12,12,1
Madhya Pradesh,GUNA,2010,Rabi,Masoor,2319,1271,0.548081069
Madhya Pradesh,GUNA,2010,Rabi,Peas & beans (Pulses),238,114,0.478991597
Madhya Pradesh,GUNA,2010,Rabi,Rapeseed &Mustard,8141,6577,0.807886009
Madhya Pradesh,GUNA,2010,Rabi,Safflower,284,57,0.200704225
Madhya Pradesh,GUNA,2010,Rabi,Wheat,88906,187919,2.113681866
Madhya Pradesh,GUNA,2010,Whole Year,Coriander,44296,11357,0.256388839
Madhya Pradesh,GUNA,2010,Whole Year,Dry chillies,43,56,1.302325581
Madhya Pradesh,GUNA,2010,Whole Year,Dry ginger,29,29,1
Madhya Pradesh,GUNA,2010,Whole Year,Garlic,110,231,2.1
Madhya Pradesh,GUNA,2010,Whole Year,Onion,186,2545,13.6827957
Madhya Pradesh,GUNA,2010,Whole Year,Potato,136,1428,10.5
Madhya Pradesh,GUNA,2010,Whole Year,Sesamum,515,433,0.840776699
Madhya Pradesh,GUNA,2010,Whole Year,Sugarcane,461,9930,21.54013015
Madhya Pradesh,GUNA,2010,Whole Year,Sweet potato,21,91,4.333333333
Madhya Pradesh,GUNA,2011,Kharif,Arhar/Tur,1044,580,0.555555556
Madhya Pradesh,GUNA,2011,Kharif,Bajra,80,129,1.6125
Madhya Pradesh,GUNA,2011,Kharif,Barley,20,68,3.4
Madhya Pradesh,GUNA,2011,Kharif,Cotton(lint),29,31,1.068965517
Madhya Pradesh,GUNA,2011,Kharif,Groundnut,77,126,1.636363636
Madhya Pradesh,GUNA,2011,Kharif,Jowar,6458,6865,1.063022608
Madhya Pradesh,GUNA,2011,Kharif,Maize,17952,23213,1.293059269
Madhya Pradesh,GUNA,2011,Kharif,Moong(Green Gram),271,94,0.346863469
Madhya Pradesh,GUNA,2011,Kharif,Rice,602,828,1.375415282
Madhya Pradesh,GUNA,2011,Kharif,Soyabean,212999,298643,1.402086395
Madhya Pradesh,GUNA,2011,Kharif,Urad,3640,1551,0.426098901
Madhya Pradesh,GUNA,2011,Rabi,Gram,73157,88171,1.205229848
Madhya Pradesh,GUNA,2011,Rabi,Khesari,4,4,1
Madhya Pradesh,GUNA,2011,Rabi,Masoor,1717,1101,0.641234712
Madhya Pradesh,GUNA,2011,Rabi,Peas & beans (Pulses),208,88,0.423076923
Madhya Pradesh,GUNA,2011,Rabi,Rapeseed &Mustard,3837,4358,1.135783164
Madhya Pradesh,GUNA,2011,Rabi,Safflower,66,13,0.196969697
Madhya Pradesh,GUNA,2011,Rabi,Wheat,105476,328821,3.117495923
Madhya Pradesh,GUNA,2011,Whole Year,Coriander,37286,11096,0.297591589
Madhya Pradesh,GUNA,2011,Whole Year,Dry chillies,30,26,0.866666667
Madhya Pradesh,GUNA,2011,Whole Year,Dry ginger,28,23,0.821428571
Madhya Pradesh,GUNA,2011,Whole Year,Garlic,70,163,2.328571429
Madhya Pradesh,GUNA,2011,Whole Year,Onion,167,3197,19.14371257
Madhya Pradesh,GUNA,2011,Whole Year,Potato,98,1178,12.02040816
Madhya Pradesh,GUNA,2011,Whole Year,Sesamum,589,620,1.052631579
Madhya Pradesh,GUNA,2011,Whole Year,Sugarcane,522,9510,18.2183908
Madhya Pradesh,GUNA,2011,Whole Year,Sweet potato,16,75,4.6875
Madhya Pradesh,GUNA,2012,Kharif,Arhar/Tur,855,418,0.488888889
Madhya Pradesh,GUNA,2012,Kharif,Bajra,61,95,1.557377049
Madhya Pradesh,GUNA,2012,Kharif,Barley,13,30,2.307692308
Madhya Pradesh,GUNA,2012,Kharif,Groundnut,108,238,2.203703704
Madhya Pradesh,GUNA,2012,Kharif,Jowar,3704,3319,0.896058315
Madhya Pradesh,GUNA,2012,Kharif,Maize,16815,29837,1.774427594
Madhya Pradesh,GUNA,2012,Kharif,Moong(Green Gram),165,82,0.496969697
Madhya Pradesh,GUNA,2012,Kharif,Other Kharif pulses,6,,
Madhya Pradesh,GUNA,2012,Kharif,Rice,542,639,1.17896679
Madhya Pradesh,GUNA,2012,Kharif,Soyabean,234532,299283,1.276085993
Madhya Pradesh,GUNA,2012,Kharif,Urad,4179,2477,0.592725532
Madhya Pradesh,GUNA,2012,Rabi,Gram,78328,128818,1.644597079
Madhya Pradesh,GUNA,2012,Rabi,Linseed,31,37,1.193548387
Madhya Pradesh,GUNA,2012,Rabi,Masoor,1368,1208,0.883040936
Madhya Pradesh,GUNA,2012,Rabi,Moong(Green Gram),576,230,0.399305556
Madhya Pradesh,GUNA,2012,Rabi,Peas & beans (Pulses),236,173,0.733050847
Madhya Pradesh,GUNA,2012,Rabi,Rapeseed &Mustard,2222,2004,0.901890189
Madhya Pradesh,GUNA,2012,Rabi,Safflower,140,108,0.771428571
Madhya Pradesh,GUNA,2012,Rabi,Wheat,113743,425775,3.74330728
Madhya Pradesh,GUNA,2012,Whole Year,Coriander,35541,32321,0.909400411
Madhya Pradesh,GUNA,2012,Whole Year,Dry chillies,25,28,1.12
Madhya Pradesh,GUNA,2012,Whole Year,Dry ginger,54,56,1.037037037
Madhya Pradesh,GUNA,2012,Whole Year,Garlic,71,180,2.535211268
Madhya Pradesh,GUNA,2012,Whole Year,Onion,223,3988,17.88340807
Madhya Pradesh,GUNA,2012,Whole Year,Potato,139,2026,14.57553957
Madhya Pradesh,GUNA,2012,Whole Year,Sesamum,427,372,0.871194379
Madhya Pradesh,GUNA,2012,Whole Year,Sugarcane,592,11400,19.25675676
Madhya Pradesh,GUNA,2012,Whole Year,Sunflower,3,3,1
Madhya Pradesh,GUNA,2012,Whole Year,Sweet potato,24,129,5.375
Madhya Pradesh,GUNA,2013,Kharif,Arhar/Tur,993,628,0.632426989
Madhya Pradesh,GUNA,2013,Kharif,Bajra,69,89,1.289855072
Madhya Pradesh,GUNA,2013,Kharif,Barley,8,19,2.375
Madhya Pradesh,GUNA,2013,Kharif,Groundnut,85,178,2.094117647
Madhya Pradesh,GUNA,2013,Kharif,Jowar,2831,2307,0.814906394
Madhya Pradesh,GUNA,2013,Kharif,Maize,15467,13057,0.844184393
Madhya Pradesh,GUNA,2013,Kharif,Moong(Green Gram),155,81,0.522580645
Madhya Pradesh,GUNA,2013,Kharif,Rice,512,826,1.61328125
Madhya Pradesh,GUNA,2013,Kharif,Soyabean,247130,148366,0.600356088
Madhya Pradesh,GUNA,2013,Kharif,Urad,3981,2674,0.67169053
Madhya Pradesh,GUNA,2013,Rabi,Gram,79602,77262,0.970603754
Madhya Pradesh,GUNA,2013,Rabi,Masoor,972,672,0.691358025
Madhya Pradesh,GUNA,2013,Rabi,Moong(Green Gram),2513,1091,0.434142459
Madhya Pradesh,GUNA,2013,Rabi,Peas & beans (Pulses),237,240,1.012658228
Madhya Pradesh,GUNA,2013,Rabi,Rapeseed &Mustard,2108,1883,0.893263757
Madhya Pradesh,GUNA,2013,Rabi,Wheat,120843,418358,3.461996144
Madhya Pradesh,GUNA,2013,Whole Year,Coriander,35656,37945,1.064196769
Madhya Pradesh,GUNA,2013,Whole Year,Dry chillies,18,11,0.611111111
Madhya Pradesh,GUNA,2013,Whole Year,Dry ginger,21,25,1.19047619
Madhya Pradesh,GUNA,2013,Whole Year,Garlic,81,236,2.913580247
Madhya Pradesh,GUNA,2013,Whole Year,Onion,257,4193,16.3151751
Madhya Pradesh,GUNA,2013,Whole Year,Potato,216,2771,12.8287037
Madhya Pradesh,GUNA,2013,Whole Year,Sesamum,235,206,0.876595745
Madhya Pradesh,GUNA,2013,Whole Year,Sugarcane,867,22340,25.76701269
Madhya Pradesh,GUNA,2013,Whole Year,Sweet potato,55,312,5.672727273
Madhya Pradesh,GWALIOR,1997,Kharif,Arhar/Tur,4600,3300,0.717391304
Madhya Pradesh,GWALIOR,1997,Kharif,Bajra,1800,3000,1.666666667
Madhya Pradesh,GWALIOR,1997,Kharif,Groundnut,2400,2400,1
Madhya Pradesh,GWALIOR,1997,Kharif,Jowar,10400,17300,1.663461538
Madhya Pradesh,GWALIOR,1997,Kharif,Maize,100,100,1
Madhya Pradesh,GWALIOR,1997,Kharif,Paddy,29800,63700,2.137583893
Madhya Pradesh,GWALIOR,1997,Kharif,Sesamum,1800,600,0.333333333
Madhya Pradesh,GWALIOR,1997,Kharif,Soyabean,7900,13800,1.746835443
Madhya Pradesh,GWALIOR,1997,Rabi,Barley,2300,6000,2.608695652
Madhya Pradesh,GWALIOR,1997,Rabi,Linseed,1700,1200,0.705882353
Madhya Pradesh,GWALIOR,1997,Rabi,Rapeseed &Mustard,64800,42900,0.662037037
Madhya Pradesh,GWALIOR,1997,Rabi,Wheat,109400,225600,2.062157221
Madhya Pradesh,GWALIOR,1998,Kharif,Arhar/Tur,1900,1600,0.842105263
Madhya Pradesh,GWALIOR,1998,Kharif,Bajra,1800,3500,1.944444444
Madhya Pradesh,GWALIOR,1998,Kharif,Groundnut,2200,2500,1.136363636
Madhya Pradesh,GWALIOR,1998,Kharif,Jowar,3600,7500,2.083333333
Madhya Pradesh,GWALIOR,1998,Kharif,Rice,30400,35500,1.167763158
Madhya Pradesh,GWALIOR,1998,Kharif,Sesamum,1400,500,0.357142857
Madhya Pradesh,GWALIOR,1998,Kharif,Soyabean,5000,6700,1.34
Madhya Pradesh,GWALIOR,1998,Rabi,Barley,1000,2500,2.5
Madhya Pradesh,GWALIOR,1998,Rabi,Gram,24100,25500,1.058091286
Madhya Pradesh,GWALIOR,1998,Rabi,Linseed,1000,800,0.8
Madhya Pradesh,GWALIOR,1998,Rabi,Rapeseed &Mustard,63700,46400,0.728414443
Madhya Pradesh,GWALIOR,1998,Rabi,Wheat,97200,236500,2.433127572
Madhya Pradesh,GWALIOR,1998,Whole Year,Sugarcane,1930,48200,24.97409326
Madhya Pradesh,GWALIOR,1999,Kharif,Arhar/Tur,1346,1211,0.899702823
Madhya Pradesh,GWALIOR,1999,Kharif,Bajra,1432,2781,1.942039106
Madhya Pradesh,GWALIOR,1999,Kharif,Groundnut,1800,1844,1.024444444
Madhya Pradesh,GWALIOR,1999,Kharif,Jowar,3553,7597,2.138193076
Madhya Pradesh,GWALIOR,1999,Kharif,Maize,48,142,2.958333333
Madhya Pradesh,GWALIOR,1999,Kharif,Other Kharif pulses,3338,1792,0.536848412
Madhya Pradesh,GWALIOR,1999,Kharif,Rice,37462,83553,2.230340078
Madhya Pradesh,GWALIOR,1999,Kharif,Sesamum,907,290,0.319735391
Madhya Pradesh,GWALIOR,1999,Kharif,Soyabean,1419,2978,2.098661029
Madhya Pradesh,GWALIOR,1999,Kharif,Urad,3205,1731,0.540093604
Madhya Pradesh,GWALIOR,1999,Rabi,Barley,1216,3493,2.872532895
Madhya Pradesh,GWALIOR,1999,Rabi,Gram,21784,27426,1.258997429
Madhya Pradesh,GWALIOR,1999,Rabi,Linseed,365,395,1.082191781
Madhya Pradesh,GWALIOR,1999,Rabi,Other  Rabi pulses,10354,8036,0.776125169
Madhya Pradesh,GWALIOR,1999,Rabi,Rapeseed &Mustard,67068,67605,1.008006799
Madhya Pradesh,GWALIOR,1999,Rabi,Wheat,99083,294677,2.974041965
Madhya Pradesh,GWALIOR,1999,Whole Year,Coriander,22,13,0.590909091
Madhya Pradesh,GWALIOR,1999,Whole Year,Dry chillies,258,211,0.817829457
Madhya Pradesh,GWALIOR,1999,Whole Year,Garlic,7,19,2.714285714
Madhya Pradesh,GWALIOR,1999,Whole Year,Onion,203,2478,12.20689655
Madhya Pradesh,GWALIOR,1999,Whole Year,Potato,1089,24366,22.37465565
Madhya Pradesh,GWALIOR,1999,Whole Year,Sannhamp,2,6,3
Madhya Pradesh,GWALIOR,1999,Whole Year,Sugarcane,1044,45280,43.37164751
Madhya Pradesh,GWALIOR,1999,Whole Year,Sweet potato,25,192,7.68
Madhya Pradesh,GWALIOR,2000,Kharif,Arhar/Tur,1612,1134,0.703473945
Madhya Pradesh,GWALIOR,2000,Kharif,Bajra,2305,4981,2.160954447
Madhya Pradesh,GWALIOR,2000,Kharif,Groundnut,1598,1962,1.227784731
Madhya Pradesh,GWALIOR,2000,Kharif,Jowar,3425,5570,1.626277372
Madhya Pradesh,GWALIOR,2000,Kharif,Maize,99,228,2.303030303
Madhya Pradesh,GWALIOR,2000,Kharif,Other Kharif pulses,5868,2973,0.506646217
Madhya Pradesh,GWALIOR,2000,Kharif,Rice,38925,81700,2.098908157
Madhya Pradesh,GWALIOR,2000,Kharif,Sesamum,2257,1126,0.498892335
Madhya Pradesh,GWALIOR,2000,Kharif,Soyabean,917,2059,2.245365322
Madhya Pradesh,GWALIOR,2000,Rabi,Barley,1390,3729,2.682733813
Madhya Pradesh,GWALIOR,2000,Rabi,Gram,31523,37260,1.1819941
Madhya Pradesh,GWALIOR,2000,Rabi,Linseed,423,309,0.730496454
Madhya Pradesh,GWALIOR,2000,Rabi,Other  Rabi pulses,9624,5732,0.595594347
Madhya Pradesh,GWALIOR,2000,Rabi,Rapeseed &Mustard,22774,15623,0.686001581
Madhya Pradesh,GWALIOR,2000,Rabi,Wheat,78147,185126,2.368945705
Madhya Pradesh,GWALIOR,2000,Whole Year,Coriander,28,12,0.428571429
Madhya Pradesh,GWALIOR,2000,Whole Year,Dry chillies,298,175,0.587248322
Madhya Pradesh,GWALIOR,2000,Whole Year,Garlic,2,5,2.5
Madhya Pradesh,GWALIOR,2000,Whole Year,Onion,112,1866,16.66071429
Madhya Pradesh,GWALIOR,2000,Whole Year,Sannhamp,10,28,2.8
Madhya Pradesh,GWALIOR,2000,Whole Year,Sugarcane,1665,32290,19.39339339
Madhya Pradesh,GWALIOR,2001,Kharif,Arhar/Tur,1761,1666,0.946053379
Madhya Pradesh,GWALIOR,2001,Kharif,Bajra,3906,8615,2.205581157
Madhya Pradesh,GWALIOR,2001,Kharif,Groundnut,1613,1955,1.212027278
Madhya Pradesh,GWALIOR,2001,Kharif,Jowar,4658,8523,1.82975526
Madhya Pradesh,GWALIOR,2001,Kharif,Maize,105,432,4.114285714
Madhya Pradesh,GWALIOR,2001,Kharif,Other Kharif pulses,10037,6310,0.628673907
Madhya Pradesh,GWALIOR,2001,Kharif,Rice,43431,98738,2.273445235
Madhya Pradesh,GWALIOR,2001,Kharif,Sesamum,2899,1587,0.547430148
Madhya Pradesh,GWALIOR,2001,Kharif,Soyabean,1401,2830,2.019985724
Madhya Pradesh,GWALIOR,2001,Rabi,Barley,1241,4025,3.243352135
Madhya Pradesh,GWALIOR,2001,Rabi,Gram,43286,49130,1.13500901
Madhya Pradesh,GWALIOR,2001,Rabi,Linseed,201,257,1.278606965
Madhya Pradesh,GWALIOR,2001,Rabi,Other  Rabi pulses,8006,5887,0.735323507
Madhya Pradesh,GWALIOR,2001,Rabi,Rapeseed &Mustard,42054,33517,0.796999096
Madhya Pradesh,GWALIOR,2001,Rabi,Wheat,84690,242960,2.868815681
Madhya Pradesh,GWALIOR,2001,Whole Year,Coriander,23,14,0.608695652
Madhya Pradesh,GWALIOR,2001,Whole Year,Dry chillies,227,178,0.784140969
Madhya Pradesh,GWALIOR,2001,Whole Year,Garlic,1,3,3
Madhya Pradesh,GWALIOR,2001,Whole Year,Onion,116,2067,17.81896552
Madhya Pradesh,GWALIOR,2001,Whole Year,Potato,961,26936,28.02913632
Madhya Pradesh,GWALIOR,2001,Whole Year,Sugarcane,1147,50370,43.91455972
Madhya Pradesh,GWALIOR,2001,Whole Year,Sweet potato,61,418,6.852459016
Madhya Pradesh,GWALIOR,2002,Kharif,Arhar/Tur,1031,253,0.245392823
Madhya Pradesh,GWALIOR,2002,Kharif,Bajra,5606,2998,0.53478416
Madhya Pradesh,GWALIOR,2002,Kharif,Dry ginger,3,1,0.333333333
Madhya Pradesh,GWALIOR,2002,Kharif,Groundnut,828,653,0.788647343
Madhya Pradesh,GWALIOR,2002,Kharif,Jowar,3464,2254,0.650692841
Madhya Pradesh,GWALIOR,2002,Kharif,Maize,98,139,1.418367347
Madhya Pradesh,GWALIOR,2002,Kharif,Other Kharif pulses,4712,922,0.195670628
Madhya Pradesh,GWALIOR,2002,Kharif,Rice,15805,14219,0.899652009
Madhya Pradesh,GWALIOR,2002,Kharif,Sesamum,2314,874,0.377700951
Madhya Pradesh,GWALIOR,2002,Kharif,Soyabean,432,440,1.018518519
Madhya Pradesh,GWALIOR,2002,Rabi,Barley,1962,6618,3.373088685
Madhya Pradesh,GWALIOR,2002,Rabi,Gram,44440,43196,0.972007201
Madhya Pradesh,GWALIOR,2002,Rabi,Linseed,1701,1099,0.646090535
Madhya Pradesh,GWALIOR,2002,Rabi,Other  Rabi pulses,9305,6569,0.705964535
Madhya Pradesh,GWALIOR,2002,Rabi,Rapeseed &Mustard,23120,16346,0.70700692
Madhya Pradesh,GWALIOR,2002,Rabi,Wheat,67973,174274,2.563870949
Madhya Pradesh,GWALIOR,2002,Whole Year,Beans & Mutter(Vegetable),31,0,0
Madhya Pradesh,GWALIOR,2002,Whole Year,Bhindi,141,0,0
Madhya Pradesh,GWALIOR,2002,Whole Year,Brinjal,190,0,0
Madhya Pradesh,GWALIOR,2002,Whole Year,Cabbage,55,0,0
Madhya Pradesh,GWALIOR,2002,Whole Year,Cauliflower,72,0,0
Madhya Pradesh,GWALIOR,2002,Whole Year,Citrus Fruit,9,0,0
Madhya Pradesh,GWALIOR,2002,Whole Year,Coriander,30,8,0.266666667
Madhya Pradesh,GWALIOR,2002,Whole Year,Dry chillies,132,115,0.871212121
Madhya Pradesh,GWALIOR,2002,Whole Year,Garlic,16,35,2.1875
Madhya Pradesh,GWALIOR,2002,Whole Year,Mango,21,0,0
Madhya Pradesh,GWALIOR,2002,Whole Year,Onion,86,1379,16.03488372
Madhya Pradesh,GWALIOR,2002,Whole Year,Other Fresh Fruits,71,0,0
Madhya Pradesh,GWALIOR,2002,Whole Year,Other Vegetables,754,0,0
Madhya Pradesh,GWALIOR,2002,Whole Year,Papaya,6,0,0
Madhya Pradesh,GWALIOR,2002,Whole Year,Pome Fruit,19,0,0
Madhya Pradesh,GWALIOR,2002,Whole Year,Potato,761,15895,20.8869908
Madhya Pradesh,GWALIOR,2002,Whole Year,Sugarcane,1112,40390,36.32194245
Madhya Pradesh,GWALIOR,2002,Whole Year,Sweet potato,4,21,5.25
Madhya Pradesh,GWALIOR,2002,Whole Year,Tomato,206,0,0
Madhya Pradesh,GWALIOR,2003,Kharif,Arhar/Tur,596,475,0.796979866
Madhya Pradesh,GWALIOR,2003,Kharif,Bajra,13151,26356,2.004106152
Madhya Pradesh,GWALIOR,2003,Kharif,Groundnut,778,910,1.16966581
Madhya Pradesh,GWALIOR,2003,Kharif,Jowar,3614,8246,2.281682346
Madhya Pradesh,GWALIOR,2003,Kharif,Maize,168,609,3.625
Madhya Pradesh,GWALIOR,2003,Kharif,Other Kharif pulses,21837,8022,0.367358154
Madhya Pradesh,GWALIOR,2003,Kharif,Rice,14905,36700,2.462260986
Madhya Pradesh,GWALIOR,2003,Kharif,Sesamum,2316,1473,0.636010363
Madhya Pradesh,GWALIOR,2003,Kharif,Soyabean,3082,6597,2.140493186
Madhya Pradesh,GWALIOR,2003,Kharif,Urad,21422,7884,0.368032863
Madhya Pradesh,GWALIOR,2003,Rabi,Barley,1334,4530,3.395802099
Madhya Pradesh,GWALIOR,2003,Rabi,Gram,33419,40972,1.226009156
Madhya Pradesh,GWALIOR,2003,Rabi,Linseed,203,186,0.916256158
Madhya Pradesh,GWALIOR,2003,Rabi,Other  Rabi pulses,7001,5222,0.745893444
Madhya Pradesh,GWALIOR,2003,Rabi,Rapeseed &Mustard,45645,47106,1.032007887
Madhya Pradesh,GWALIOR,2003,Rabi,Wheat,96606,274323,2.839606236
Madhya Pradesh,GWALIOR,2003,Whole Year,Beans & Mutter(Vegetable),46,0,0
Madhya Pradesh,GWALIOR,2003,Whole Year,Bhindi,121,0,0
Madhya Pradesh,GWALIOR,2003,Whole Year,Brinjal,194,0,0
Madhya Pradesh,GWALIOR,2003,Whole Year,Cabbage,73,0,0
Madhya Pradesh,GWALIOR,2003,Whole Year,Cauliflower,78,0,0
Madhya Pradesh,GWALIOR,2003,Whole Year,Citrus Fruit,13,0,0
Madhya Pradesh,GWALIOR,2003,Whole Year,Coriander,25,11,0.44
Madhya Pradesh,GWALIOR,2003,Whole Year,Dry chillies,66,61,0.924242424
Madhya Pradesh,GWALIOR,2003,Whole Year,Garlic,8,14,1.75
Madhya Pradesh,GWALIOR,2003,Whole Year,Mango,13,0,0
Madhya Pradesh,GWALIOR,2003,Whole Year,Onion,72,763,10.59722222
Madhya Pradesh,GWALIOR,2003,Whole Year,Other Fresh Fruits,79,0,0
Madhya Pradesh,GWALIOR,2003,Whole Year,Other Vegetables,765,0,0
Madhya Pradesh,GWALIOR,2003,Whole Year,Papaya,3,0,0
Madhya Pradesh,GWALIOR,2003,Whole Year,Pome Fruit,23,0,0
Madhya Pradesh,GWALIOR,2003,Whole Year,Potato,960,23515,24.49479167
Madhya Pradesh,GWALIOR,2003,Whole Year,Sannhamp,5,17,3.4
Madhya Pradesh,GWALIOR,2003,Whole Year,Sugarcane,1344,57560,42.82738095
Madhya Pradesh,GWALIOR,2003,Whole Year,Sweet potato,7,44,6.285714286
Madhya Pradesh,GWALIOR,2003,Whole Year,Tomato,252,0,0
Madhya Pradesh,GWALIOR,2003,Whole Year,Water Melon,43,0,0
Madhya Pradesh,GWALIOR,2004,Kharif,Arhar/Tur,375,224,0.597333333
Madhya Pradesh,GWALIOR,2004,Kharif,Bajra,6981,13685,1.960320871
Madhya Pradesh,GWALIOR,2004,Kharif,Groundnut,461,573,1.242950108
Madhya Pradesh,GWALIOR,2004,Kharif,Jowar,2513,5221,2.077596498
Madhya Pradesh,GWALIOR,2004,Kharif,Maize,233,540,2.317596567
Madhya Pradesh,GWALIOR,2004,Kharif,Rice,14640,30884,2.109562842
Madhya Pradesh,GWALIOR,2004,Kharif,Sesamum,3696,2501,0.676677489
Madhya Pradesh,GWALIOR,2004,Kharif,Soyabean,19941,41610,2.086655634
Madhya Pradesh,GWALIOR,2004,Kharif,Urad,12311,6748,0.548127691
Madhya Pradesh,GWALIOR,2004,Rabi,Barley,1023,2802,2.739002933
Madhya Pradesh,GWALIOR,2004,Rabi,Gram,22159,27278,1.23101223
Madhya Pradesh,GWALIOR,2004,Rabi,Linseed,449,564,1.256124722
Madhya Pradesh,GWALIOR,2004,Rabi,Masoor,2686,1408,0.524199553
Madhya Pradesh,GWALIOR,2004,Rabi,Rapeseed &Mustard,71732,63841,0.889993308
Madhya Pradesh,GWALIOR,2004,Rabi,Wheat,92009,236311,2.568346575
Madhya Pradesh,GWALIOR,2004,Whole Year,Coriander,22,10,0.454545455
Madhya Pradesh,GWALIOR,2004,Whole Year,Garlic,16,32,2
Madhya Pradesh,GWALIOR,2004,Whole Year,Onion,47,755,16.06382979
Madhya Pradesh,GWALIOR,2004,Whole Year,Potato,998,24996,25.04609218
Madhya Pradesh,GWALIOR,2004,Whole Year,Sugarcane,1117,47870,42.85586392
Madhya Pradesh,GWALIOR,2004,Whole Year,Sweet potato,14,83,5.928571429
Madhya Pradesh,GWALIOR,2005,Kharif,Arhar/Tur,295,151,0.511864407
Madhya Pradesh,GWALIOR,2005,Kharif,Bajra,5779,13561,2.346599758
Madhya Pradesh,GWALIOR,2005,Kharif,Groundnut,494,539,1.091093117
Madhya Pradesh,GWALIOR,2005,Kharif,Jowar,2661,5912,2.221721157
Madhya Pradesh,GWALIOR,2005,Kharif,Maize,157,347,2.210191083
Madhya Pradesh,GWALIOR,2005,Kharif,Moong(Green Gram),170,75,0.441176471
Madhya Pradesh,GWALIOR,2005,Kharif,Rice,17543,40559,2.311976287
Madhya Pradesh,GWALIOR,2005,Kharif,Sesamum,7481,4457,0.595775966
Madhya Pradesh,GWALIOR,2005,Kharif,Soyabean,20755,44824,2.159672368
Madhya Pradesh,GWALIOR,2005,Kharif,Urad,7110,3842,0.540365682
Madhya Pradesh,GWALIOR,2005,Rabi,Barley,882,2444,2.770975057
Madhya Pradesh,GWALIOR,2005,Rabi,Gram,23339,30177,1.292985989
Madhya Pradesh,GWALIOR,2005,Rabi,Linseed,185,231,1.248648649
Madhya Pradesh,GWALIOR,2005,Rabi,Masoor,2402,1324,0.551207327
Madhya Pradesh,GWALIOR,2005,Rabi,Peas & beans (Pulses),3187,1935,0.607154063
Madhya Pradesh,GWALIOR,2005,Rabi,Rapeseed &Mustard,67800,65834,0.97100295
Madhya Pradesh,GWALIOR,2005,Rabi,Wheat,91356,230270,2.520578834
Madhya Pradesh,GWALIOR,2005,Whole Year,Onion,24,353,14.70833333
Madhya Pradesh,GWALIOR,2005,Whole Year,Potato,962,20831,21.65384615
Madhya Pradesh,GWALIOR,2005,Whole Year,Sugarcane,2131,90120,42.29000469
Madhya Pradesh,GWALIOR,2005,Whole Year,Sweet potato,32,204,6.375
Madhya Pradesh,GWALIOR,2006,Kharif,Arhar/Tur,120,45,0.375
Madhya Pradesh,GWALIOR,2006,Kharif,Bajra,5915,13181,2.228402367
Madhya Pradesh,GWALIOR,2006,Kharif,Groundnut,436,254,0.582568807
Madhya Pradesh,GWALIOR,2006,Kharif,Jowar,3058,6148,2.010464356
Madhya Pradesh,GWALIOR,2006,Kharif,Jute,2,6,3
Madhya Pradesh,GWALIOR,2006,Kharif,Maize,204,346,1.696078431
Madhya Pradesh,GWALIOR,2006,Kharif,Moong(Green Gram),474,153,0.32278481
Madhya Pradesh,GWALIOR,2006,Kharif,Rice,15926,37380,2.347105362
Madhya Pradesh,GWALIOR,2006,Kharif,Soyabean,15941,23496,1.473935136
Madhya Pradesh,GWALIOR,2006,Kharif,Urad,6203,2186,0.352410124
Madhya Pradesh,GWALIOR,2006,Rabi,Gram,21920,23805,1.085994526
Madhya Pradesh,GWALIOR,2006,Rabi,Linseed,180,165,0.916666667
Madhya Pradesh,GWALIOR,2006,Rabi,Masoor,867,407,0.469434833
Madhya Pradesh,GWALIOR,2006,Rabi,Other  Rabi pulses,22,,
Madhya Pradesh,GWALIOR,2006,Rabi,Peas & beans (Pulses),2254,1271,0.563886424
Madhya Pradesh,GWALIOR,2006,Rabi,Rapeseed &Mustard,55600,40644,0.731007194
Madhya Pradesh,GWALIOR,2006,Rabi,Wheat,86985,187030,2.150140829
Madhya Pradesh,GWALIOR,2006,Whole Year,Coriander,23,7,0.304347826
Madhya Pradesh,GWALIOR,2006,Whole Year,Dry chillies,68,62,0.911764706
Madhya Pradesh,GWALIOR,2006,Whole Year,Garlic,15,38,2.533333333
Madhya Pradesh,GWALIOR,2006,Whole Year,Onion,14,161,11.5
Madhya Pradesh,GWALIOR,2006,Whole Year,Potato,927,18018,19.4368932
Madhya Pradesh,GWALIOR,2006,Whole Year,Sesamum,20558,10672,0.519116646
Madhya Pradesh,GWALIOR,2006,Whole Year,Sugarcane,2301,94810,41.20382442
Madhya Pradesh,GWALIOR,2006,Whole Year,Sweet potato,26,184,7.076923077
Madhya Pradesh,GWALIOR,2007,Kharif,Arhar/Tur,221,74,0.334841629
Madhya Pradesh,GWALIOR,2007,Kharif,Bajra,9648,11462,1.188018242
Madhya Pradesh,GWALIOR,2007,Kharif,Groundnut,334,166,0.497005988
Madhya Pradesh,GWALIOR,2007,Kharif,Jowar,4552,5682,1.248242531
Madhya Pradesh,GWALIOR,2007,Kharif,Maize,163,148,0.90797546
Madhya Pradesh,GWALIOR,2007,Kharif,Rice,11726,16744,1.427937916
Madhya Pradesh,GWALIOR,2007,Kharif,Soyabean,16963,28864,1.701585804
Madhya Pradesh,GWALIOR,2007,Kharif,Urad,9755,3438,0.352434649
Madhya Pradesh,GWALIOR,2007,Rabi,Barley,1219,2473,2.028712059
Madhya Pradesh,GWALIOR,2007,Rabi,Gram,15668,17219,1.098991575
Madhya Pradesh,GWALIOR,2007,Rabi,Linseed,106,82,0.773584906
Madhya Pradesh,GWALIOR,2007,Rabi,Masoor,933,354,0.379421222
Madhya Pradesh,GWALIOR,2007,Rabi,Peas & beans (Pulses),2044,886,0.433463796
Madhya Pradesh,GWALIOR,2007,Rabi,Rapeseed &Mustard,37087,25701,0.692992154
Madhya Pradesh,GWALIOR,2007,Rabi,Wheat,67870,111365,1.640857522
Madhya Pradesh,GWALIOR,2007,Whole Year,Coriander,21,7,0.333333333
Madhya Pradesh,GWALIOR,2007,Whole Year,Garlic,5,8,1.6
Madhya Pradesh,GWALIOR,2007,Whole Year,Onion,69,640,9.275362319
Madhya Pradesh,GWALIOR,2007,Whole Year,Potato,749,12466,16.6435247
Madhya Pradesh,GWALIOR,2007,Whole Year,Sesamum,25916,8138,0.314014508
Madhya Pradesh,GWALIOR,2007,Whole Year,Sugarcane,2762,74870,27.10716872
Madhya Pradesh,GWALIOR,2007,Whole Year,Sweet potato,41,223,5.43902439
Madhya Pradesh,GWALIOR,2008,Kharif,Arhar/Tur,517,286,0.553191489
Madhya Pradesh,GWALIOR,2008,Kharif,Bajra,9717,21161,2.177729752
Madhya Pradesh,GWALIOR,2008,Kharif,Groundnut,231,180,0.779220779
Madhya Pradesh,GWALIOR,2008,Kharif,Jowar,5608,11812,2.106276748
Madhya Pradesh,GWALIOR,2008,Kharif,Maize,182,287,1.576923077
Madhya Pradesh,GWALIOR,2008,Kharif,Rice,30991,81797,2.639379175
Madhya Pradesh,GWALIOR,2008,Kharif,Sannhamp,2,1,0.5
Madhya Pradesh,GWALIOR,2008,Kharif,Soyabean,6974,13284,1.904789217
Madhya Pradesh,GWALIOR,2008,Kharif,Urad,6038,2411,0.399304405
Madhya Pradesh,GWALIOR,2008,Rabi,Barley,1349,3290,2.438843588
Madhya Pradesh,GWALIOR,2008,Rabi,Gram,17374,22395,1.28899505
Madhya Pradesh,GWALIOR,2008,Rabi,Linseed,108,110,1.018518519
Madhya Pradesh,GWALIOR,2008,Rabi,Masoor,1232,702,0.569805195
Madhya Pradesh,GWALIOR,2008,Rabi,Peas & beans (Pulses),2091,1473,0.704447633
Madhya Pradesh,GWALIOR,2008,Rabi,Rapeseed &Mustard,58919,58565,0.993991751
Madhya Pradesh,GWALIOR,2008,Rabi,Wheat,89278,229108,2.566231322
Madhya Pradesh,GWALIOR,2008,Whole Year,Coriander,27,14,0.518518519
Madhya Pradesh,GWALIOR,2008,Whole Year,Garlic,6,15,2.5
Madhya Pradesh,GWALIOR,2008,Whole Year,Onion,52,490,9.423076923
Madhya Pradesh,GWALIOR,2008,Whole Year,Potato,780,13825,17.72435897
Madhya Pradesh,GWALIOR,2008,Whole Year,Sesamum,15757,7851,0.498254744
Madhya Pradesh,GWALIOR,2008,Whole Year,Sugarcane,2199,83460,37.95361528
Madhya Pradesh,GWALIOR,2008,Whole Year,Sweet potato,147,1215,8.265306122
Madhya Pradesh,GWALIOR,2009,Kharif,Jowar,5307,13325,2.510834747
Madhya Pradesh,GWALIOR,2009,Kharif,Moong(Green Gram),238,87,0.365546218
Madhya Pradesh,GWALIOR,2009,Kharif,Urad,5378,2400,0.446262551
Madhya Pradesh,GWALIOR,2009,Whole Year,Arhar/Tur,342,185,0.540935673
Madhya Pradesh,GWALIOR,2009,Whole Year,Bajra,11234,28961,2.577977568
Madhya Pradesh,GWALIOR,2009,Whole Year,Barley,1061,2722,2.565504241
Madhya Pradesh,GWALIOR,2009,Whole Year,Coriander,9,5,0.555555556
Madhya Pradesh,GWALIOR,2009,Whole Year,Dry chillies,45,91,2.022222222
Madhya Pradesh,GWALIOR,2009,Whole Year,Garlic,12,29,2.416666667
Madhya Pradesh,GWALIOR,2009,Whole Year,Gram,21701,29687,1.368001475
Madhya Pradesh,GWALIOR,2009,Whole Year,Groundnut,231,183,0.792207792
Madhya Pradesh,GWALIOR,2009,Whole Year,Linseed,123,170,1.382113821
Madhya Pradesh,GWALIOR,2009,Whole Year,Maize,158,210,1.329113924
Madhya Pradesh,GWALIOR,2009,Whole Year,Masoor,1431,776,0.542278127
Madhya Pradesh,GWALIOR,2009,Whole Year,Onion,93,1218,13.09677419
Madhya Pradesh,GWALIOR,2009,Whole Year,Peas & beans (Pulses),2199,1574,0.7157799
Madhya Pradesh,GWALIOR,2009,Whole Year,Potato,875,16569,18.936
Madhya Pradesh,GWALIOR,2009,Whole Year,Rapeseed &Mustard,64350,70463,1.094996115
Madhya Pradesh,GWALIOR,2009,Whole Year,Rice,21025,54135,2.574791914
Madhya Pradesh,GWALIOR,2009,Whole Year,Sesamum,24064,14256,0.592420213
Madhya Pradesh,GWALIOR,2009,Whole Year,Soyabean,4174,7346,1.759942501
Madhya Pradesh,GWALIOR,2009,Whole Year,Sugarcane,1814,64910,35.78280044
Madhya Pradesh,GWALIOR,2009,Whole Year,Sweet potato,164,1355,8.262195122
Madhya Pradesh,GWALIOR,2009,Whole Year,Wheat,83400,189873,2.276654676
Madhya Pradesh,GWALIOR,2010,Kharif,Arhar/Tur,1111,252,0.226822682
Madhya Pradesh,GWALIOR,2010,Kharif,Bajra,10085,25910,2.569162122
Madhya Pradesh,GWALIOR,2010,Kharif,Groundnut,302,426,1.410596026
Madhya Pradesh,GWALIOR,2010,Kharif,Jowar,4910,14428,2.938492872
Madhya Pradesh,GWALIOR,2010,Kharif,Maize,158,286,1.810126582
Madhya Pradesh,GWALIOR,2010,Kharif,Moong(Green Gram),266,99,0.372180451
Madhya Pradesh,GWALIOR,2010,Kharif,Rice,24474,63953,2.613099616
Madhya Pradesh,GWALIOR,2010,Kharif,Soyabean,2160,3247,1.503240741
Madhya Pradesh,GWALIOR,2010,Kharif,Urad,4816,2112,0.438538206
Madhya Pradesh,GWALIOR,2010,Rabi,Barley,946,2803,2.963002114
Madhya Pradesh,GWALIOR,2010,Rabi,Gram,17039,30312,1.77897764
Madhya Pradesh,GWALIOR,2010,Rabi,Linseed,83,82,0.987951807
Madhya Pradesh,GWALIOR,2010,Rabi,Masoor,1237,494,0.399353274
Madhya Pradesh,GWALIOR,2010,Rabi,Peas & beans (Pulses),1925,948,0.492467532
Madhya Pradesh,GWALIOR,2010,Rabi,Rapeseed &Mustard,64410,74973,1.163996274
Madhya Pradesh,GWALIOR,2010,Rabi,Wheat,93835,254063,2.707550488
Madhya Pradesh,GWALIOR,2010,Whole Year,Coriander,11,5,0.454545455
Madhya Pradesh,GWALIOR,2010,Whole Year,Dry chillies,27,73,2.703703704
Madhya Pradesh,GWALIOR,2010,Whole Year,Garlic,8,13,1.625
Madhya Pradesh,GWALIOR,2010,Whole Year,Onion,101,1100,10.89108911
Madhya Pradesh,GWALIOR,2010,Whole Year,Potato,733,12611,17.20463847
Madhya Pradesh,GWALIOR,2010,Whole Year,Sesamum,21055,17695,0.840417953
Madhya Pradesh,GWALIOR,2010,Whole Year,Sugarcane,1999,74780,37.40870435
Madhya Pradesh,GWALIOR,2010,Whole Year,Sweet potato,144,738,5.125
Madhya Pradesh,GWALIOR,2011,Kharif,Arhar/Tur,797,329,0.412797992
Madhya Pradesh,GWALIOR,2011,Kharif,Bajra,10317,27437,2.659397112
Madhya Pradesh,GWALIOR,2011,Kharif,Barley,936,3421,3.65491453
Madhya Pradesh,GWALIOR,2011,Kharif,Groundnut,290,320,1.103448276
Madhya Pradesh,GWALIOR,2011,Kharif,Jowar,3581,8245,2.302429489
Madhya Pradesh,GWALIOR,2011,Kharif,Maize,156,212,1.358974359
Madhya Pradesh,GWALIOR,2011,Kharif,Moong(Green Gram),289,74,0.256055363
Madhya Pradesh,GWALIOR,2011,Kharif,Other Kharif pulses,5,,
Madhya Pradesh,GWALIOR,2011,Kharif,Rice,30616,96275,3.144597596
Madhya Pradesh,GWALIOR,2011,Kharif,Soyabean,1675,2905,1.734328358
Madhya Pradesh,GWALIOR,2011,Kharif,Urad,5075,1540,0.303448276
Madhya Pradesh,GWALIOR,2011,Rabi,Gram,12905,22396,1.735451375
Madhya Pradesh,GWALIOR,2011,Rabi,Linseed,65,102,1.569230769
Madhya Pradesh,GWALIOR,2011,Rabi,Masoor,1301,544,0.418139892
Madhya Pradesh,GWALIOR,2011,Rabi,Peas & beans (Pulses),2149,1105,0.514192648
Madhya Pradesh,GWALIOR,2011,Rabi,Rapeseed &Mustard,53799,73382,1.364003048
Madhya Pradesh,GWALIOR,2011,Rabi,Wheat,112519,396967,3.527999716
Madhya Pradesh,GWALIOR,2011,Whole Year,Coriander,10,5,0.5
Madhya Pradesh,GWALIOR,2011,Whole Year,Dry chillies,23,36,1.565217391
Madhya Pradesh,GWALIOR,2011,Whole Year,Garlic,3,5,1.666666667
Madhya Pradesh,GWALIOR,2011,Whole Year,Onion,86,1070,12.44186047
Madhya Pradesh,GWALIOR,2011,Whole Year,Potato,687,12018,17.49344978
Madhya Pradesh,GWALIOR,2011,Whole Year,Sesamum,18638,12151,0.651947634
Madhya Pradesh,GWALIOR,2011,Whole Year,Sugarcane,1462,46150,31.56634747
Madhya Pradesh,GWALIOR,2011,Whole Year,Sweet potato,131,727,5.549618321
Madhya Pradesh,GWALIOR,2012,Kharif,Arhar/Tur,713,202,0.283309958
Madhya Pradesh,GWALIOR,2012,Kharif,Bajra,9089,22652,2.492243371
Madhya Pradesh,GWALIOR,2012,Kharif,Barley,1092,2554,2.338827839
Madhya Pradesh,GWALIOR,2012,Kharif,Groundnut,385,463,1.202597403
Madhya Pradesh,GWALIOR,2012,Kharif,Jowar,3675,10062,2.737959184
Madhya Pradesh,GWALIOR,2012,Kharif,Maize,64,127,1.984375
Madhya Pradesh,GWALIOR,2012,Kharif,Moong(Green Gram),261,81,0.310344828
Madhya Pradesh,GWALIOR,2012,Kharif,Rice,49164,89431,1.819034253
Madhya Pradesh,GWALIOR,2012,Kharif,Soyabean,8158,14640,1.79455749
Madhya Pradesh,GWALIOR,2012,Kharif,Urad,6245,2180,0.349079263
Madhya Pradesh,GWALIOR,2012,Rabi,Gram,23281,37232,1.599244019
Madhya Pradesh,GWALIOR,2012,Rabi,Linseed,72,74,1.027777778
Madhya Pradesh,GWALIOR,2012,Rabi,Masoor,1348,547,0.40578635
Madhya Pradesh,GWALIOR,2012,Rabi,Other  Rabi pulses,183,,
Madhya Pradesh,GWALIOR,2012,Rabi,Peas & beans (Pulses),2411,1240,0.514309415
Madhya Pradesh,GWALIOR,2012,Rabi,Rapeseed &Mustard,47466,54064,1.139004761
Madhya Pradesh,GWALIOR,2012,Rabi,Wheat,115404,420858,3.646823334
Madhya Pradesh,GWALIOR,2012,Whole Year,Coriander,3,1,0.333333333
Madhya Pradesh,GWALIOR,2012,Whole Year,Dry chillies,33,62,1.878787879
Madhya Pradesh,GWALIOR,2012,Whole Year,Garlic,10,19,1.9
Madhya Pradesh,GWALIOR,2012,Whole Year,Onion,69,961,13.92753623
Madhya Pradesh,GWALIOR,2012,Whole Year,Potato,697,11343,16.27403156
Madhya Pradesh,GWALIOR,2012,Whole Year,Sesamum,13680,7056,0.515789474
Madhya Pradesh,GWALIOR,2012,Whole Year,Sugarcane,1790,57300,32.01117318
Madhya Pradesh,GWALIOR,2012,Whole Year,Sweet potato,105,628,5.980952381
Madhya Pradesh,GWALIOR,2013,Kharif,Arhar/Tur,805,395,0.49068323
Madhya Pradesh,GWALIOR,2013,Kharif,Bajra,7047,13650,1.936994466
Madhya Pradesh,GWALIOR,2013,Kharif,Barley,838,2103,2.509546539
Madhya Pradesh,GWALIOR,2013,Kharif,Groundnut,488,732,1.5
Madhya Pradesh,GWALIOR,2013,Kharif,Jowar,3306,5561,1.682093164
Madhya Pradesh,GWALIOR,2013,Kharif,Maize,41,93,2.268292683
Madhya Pradesh,GWALIOR,2013,Kharif,Moong(Green Gram),379,173,0.45646438
Madhya Pradesh,GWALIOR,2013,Kharif,Other Kharif pulses,5,,
Madhya Pradesh,GWALIOR,2013,Kharif,Rice,57509,135088,2.348988854
Madhya Pradesh,GWALIOR,2013,Kharif,Sannhamp,5,5,1
Madhya Pradesh,GWALIOR,2013,Kharif,Soyabean,5596,7727,1.38080772
Madhya Pradesh,GWALIOR,2013,Kharif,Urad,3911,1307,0.33418563
Madhya Pradesh,GWALIOR,2013,Rabi,Gram,16754,20312,1.212367196
Madhya Pradesh,GWALIOR,2013,Rabi,Linseed,42,28,0.666666667
Madhya Pradesh,GWALIOR,2013,Rabi,Masoor,615,292,0.474796748
Madhya Pradesh,GWALIOR,2013,Rabi,Moong(Green Gram),73,20,0.273972603
Madhya Pradesh,GWALIOR,2013,Rabi,Peas & beans (Pulses),1935,979,0.505943152
Madhya Pradesh,GWALIOR,2013,Rabi,Rapeseed &Mustard,49682,39050,0.785998953
Madhya Pradesh,GWALIOR,2013,Rabi,Wheat,119285,363643,3.048522446
Madhya Pradesh,GWALIOR,2013,Whole Year,Coriander,31,10,0.322580645
Madhya Pradesh,GWALIOR,2013,Whole Year,Dry chillies,33,33,1
Madhya Pradesh,GWALIOR,2013,Whole Year,Garlic,4,7,1.75
Madhya Pradesh,GWALIOR,2013,Whole Year,Onion,64,706,11.03125
Madhya Pradesh,GWALIOR,2013,Whole Year,Potato,902,10986,12.17960089
Madhya Pradesh,GWALIOR,2013,Whole Year,Sesamum,9931,4564,0.45957104
Madhya Pradesh,GWALIOR,2013,Whole Year,Sugarcane,771,23990,31.1154345
Madhya Pradesh,GWALIOR,2013,Whole Year,Sweet potato,117,710,6.068376068
Madhya Pradesh,HARDA,1998,Kharif,Arhar/Tur,3300,4500,1.363636364
Madhya Pradesh,HARDA,1998,Kharif,Cotton(lint),3900,600,0.153846154
Madhya Pradesh,HARDA,1998,Kharif,Jowar,1300,1600,1.230769231
Madhya Pradesh,HARDA,1998,Kharif,Maize,1200,1700,1.416666667
Madhya Pradesh,HARDA,1998,Kharif,Rice,2100,1900,0.904761905
Madhya Pradesh,HARDA,1998,Kharif,Sesamum,300,100,0.333333333
Madhya Pradesh,HARDA,1998,Kharif,Small millets,1200,300,0.25
Madhya Pradesh,HARDA,1998,Kharif,Soyabean,150400,130700,0.869015957
Madhya Pradesh,HARDA,1998,Rabi,Barley,300,500,1.666666667
Madhya Pradesh,HARDA,1998,Rabi,Gram,30500,35800,1.173770492
Madhya Pradesh,HARDA,1998,Rabi,Jowar,200,300,1.5
Madhya Pradesh,HARDA,1998,Rabi,Linseed,700,300,0.428571429
Madhya Pradesh,HARDA,1998,Rabi,Wheat,76300,160500,2.103538663
Madhya Pradesh,HARDA,1998,Whole Year,Sugarcane,119,2460,20.67226891
Madhya Pradesh,HARDA,1999,Kharif,Arhar/Tur,3022,2979,0.985771013
Madhya Pradesh,HARDA,1999,Kharif,Bajra,12,10,0.833333333
Madhya Pradesh,HARDA,1999,Kharif,Cotton(lint),2502,1416,0.565947242
Madhya Pradesh,HARDA,1999,Kharif,Dry ginger,7,10,1.428571429
Madhya Pradesh,HARDA,1999,Kharif,Groundnut,4,5,1.25
Madhya Pradesh,HARDA,1999,Kharif,Jowar,1021,1083,1.06072478
Madhya Pradesh,HARDA,1999,Kharif,Maize,1129,1807,1.600531444
Madhya Pradesh,HARDA,1999,Kharif,Niger seed,5,1,0.2
Madhya Pradesh,HARDA,1999,Kharif,Other Kharif pulses,91,26,0.285714286
Madhya Pradesh,HARDA,1999,Kharif,Rice,1897,2605,1.373220875
Madhya Pradesh,HARDA,1999,Kharif,Sesamum,190,51,0.268421053
Madhya Pradesh,HARDA,1999,Kharif,Soyabean,147295,151089,1.025757833
Madhya Pradesh,HARDA,1999,Kharif,Sunflower,14,6,0.428571429
Madhya Pradesh,HARDA,1999,Kharif,Urad,59,16,0.271186441
Madhya Pradesh,HARDA,1999,Rabi,Barley,359,358,0.997214485
Madhya Pradesh,HARDA,1999,Rabi,Gram,29958,29020,0.968689499
Madhya Pradesh,HARDA,1999,Rabi,Jowar,126,184,1.46031746
Madhya Pradesh,HARDA,1999,Rabi,Linseed,474,158,0.333333333
Madhya Pradesh,HARDA,1999,Rabi,Other  Rabi pulses,874,337,0.385583524
Madhya Pradesh,HARDA,1999,Rabi,Rapeseed &Mustard,4,2,0.5
Madhya Pradesh,HARDA,1999,Rabi,Urad,1,,
Madhya Pradesh,HARDA,1999,Rabi,Wheat,88895,141806,1.595207829
Madhya Pradesh,HARDA,1999,Whole Year,Coriander,393,169,0.430025445
Madhya Pradesh,HARDA,1999,Whole Year,Dry chillies,104,67,0.644230769
Madhya Pradesh,HARDA,1999,Whole Year,Garlic,19,73,3.842105263
Madhya Pradesh,HARDA,1999,Whole Year,Onion,131,1981,15.1221374
Madhya Pradesh,HARDA,1999,Whole Year,Potato,14,145,10.35714286
Madhya Pradesh,HARDA,1999,Whole Year,Sannhamp,1,,
Madhya Pradesh,HARDA,1999,Whole Year,Sugarcane,43,1330,30.93023256
Madhya Pradesh,HARDA,1999,Whole Year,Sweet potato,26,135,5.192307692
Madhya Pradesh,HARDA,2000,Kharif,Arhar/Tur,2822,2358,0.835577605
Madhya Pradesh,HARDA,2000,Kharif,Bajra,3,2,0.666666667
Madhya Pradesh,HARDA,2000,Kharif,Castor seed,13,4,0.307692308
Madhya Pradesh,HARDA,2000,Kharif,Cotton(lint),1426,1062,0.744740533
Madhya Pradesh,HARDA,2000,Kharif,Dry ginger,9,12,1.333333333
Madhya Pradesh,HARDA,2000,Kharif,Groundnut,3,4,1.333333333
Madhya Pradesh,HARDA,2000,Kharif,Jowar,867,891,1.027681661
Madhya Pradesh,HARDA,2000,Kharif,Maize,1275,2522,1.978039216
Madhya Pradesh,HARDA,2000,Kharif,Niger seed,55,14,0.254545455
Madhya Pradesh,HARDA,2000,Kharif,Other Kharif pulses,117,31,0.264957265
Madhya Pradesh,HARDA,2000,Kharif,Rice,1812,1672,0.922737307
Madhya Pradesh,HARDA,2000,Kharif,Sesamum,480,177,0.36875
Madhya Pradesh,HARDA,2000,Kharif,Small millets,1219,213,0.174733388
Madhya Pradesh,HARDA,2000,Kharif,Soyabean,144772,139615,0.964378471
Madhya Pradesh,HARDA,2000,Rabi,Barley,249,300,1.204819277
Madhya Pradesh,HARDA,2000,Rabi,Gram,28123,26460,0.940866906
Madhya Pradesh,HARDA,2000,Rabi,Jowar,70,112,1.6
Madhya Pradesh,HARDA,2000,Rabi,Linseed,307,110,0.358306189
Madhya Pradesh,HARDA,2000,Rabi,Other  Rabi pulses,637,261,0.409733124
Madhya Pradesh,HARDA,2000,Rabi,Rapeseed &Mustard,34,16,0.470588235
Madhya Pradesh,HARDA,2000,Rabi,Safflower,9,3,0.333333333
Madhya Pradesh,HARDA,2000,Rabi,Wheat,76441,137531,1.799178451
Madhya Pradesh,HARDA,2000,Whole Year,Coriander,255,74,0.290196078
Madhya Pradesh,HARDA,2000,Whole Year,Dry chillies,126,57,0.452380952
Madhya Pradesh,HARDA,2000,Whole Year,Garlic,20,84,4.2
Madhya Pradesh,HARDA,2000,Whole Year,Onion,138,2481,17.97826087
Madhya Pradesh,HARDA,2000,Whole Year,Sannhamp,1,,
Madhya Pradesh,HARDA,2000,Whole Year,Sugarcane,141,2300,16.31205674
Madhya Pradesh,HARDA,2001,Kharif,Arhar/Tur,2662,3146,1.181818182
Madhya Pradesh,HARDA,2001,Kharif,Bajra,7,6,0.857142857
Madhya Pradesh,HARDA,2001,Kharif,Castor seed,15,5,0.333333333
Madhya Pradesh,HARDA,2001,Kharif,Cotton(lint),1448,1107,0.764502762
Madhya Pradesh,HARDA,2001,Kharif,Dry ginger,10,12,1.2
Madhya Pradesh,HARDA,2001,Kharif,Groundnut,4,3,0.75
Madhya Pradesh,HARDA,2001,Kharif,Jowar,1037,1116,1.076181292
Madhya Pradesh,HARDA,2001,Kharif,Maize,1459,2946,2.019191227
Madhya Pradesh,HARDA,2001,Kharif,Niger seed,2,1,0.5
Madhya Pradesh,HARDA,2001,Kharif,Other Kharif pulses,41,11,0.268292683
Madhya Pradesh,HARDA,2001,Kharif,Rice,1647,2270,1.378263509
Madhya Pradesh,HARDA,2001,Kharif,Sesamum,304,128,0.421052632
Madhya Pradesh,HARDA,2001,Kharif,Small millets,1208,273,0.225993377
Madhya Pradesh,HARDA,2001,Kharif,Soyabean,146632,175918,1.19972448
Madhya Pradesh,HARDA,2001,Rabi,Barley,221,295,1.334841629
Madhya Pradesh,HARDA,2001,Rabi,Gram,30793,34751,1.128535706
Madhya Pradesh,HARDA,2001,Rabi,Jowar,128,158,1.234375
Madhya Pradesh,HARDA,2001,Rabi,Linseed,231,93,0.402597403
Madhya Pradesh,HARDA,2001,Rabi,Other  Rabi pulses,606,258,0.425742574
Madhya Pradesh,HARDA,2001,Rabi,Rapeseed &Mustard,17,12,0.705882353
Madhya Pradesh,HARDA,2001,Rabi,Wheat,83574,182925,2.188778807
Madhya Pradesh,HARDA,2001,Whole Year,Coriander,305,111,0.363934426
Madhya Pradesh,HARDA,2001,Whole Year,Dry chillies,115,67,0.582608696
Madhya Pradesh,HARDA,2001,Whole Year,Garlic,37,123,3.324324324
Madhya Pradesh,HARDA,2001,Whole Year,Onion,119,1757,14.76470588
Madhya Pradesh,HARDA,2001,Whole Year,Potato,17,172,10.11764706
Madhya Pradesh,HARDA,2001,Whole Year,Sannhamp,2,5,2.5
Madhya Pradesh,HARDA,2001,Whole Year,Sugarcane,124,3570,28.79032258
Madhya Pradesh,HARDA,2001,Whole Year,Sweet potato,25,132,5.28
Madhya Pradesh,HARDA,2001,Whole Year,Turmeric,1,1,1
Madhya Pradesh,HARDA,2002,Kharif,Arhar/Tur,2864,2837,0.990572626
Madhya Pradesh,HARDA,2002,Kharif,Bajra,23,18,0.782608696
Madhya Pradesh,HARDA,2002,Kharif,Castor seed,4,1,0.25
Madhya Pradesh,HARDA,2002,Kharif,Cotton(lint),1329,678,0.510158014
Madhya Pradesh,HARDA,2002,Kharif,Dry ginger,9,11,1.222222222
Madhya Pradesh,HARDA,2002,Kharif,Groundnut,5,3,0.6
Madhya Pradesh,HARDA,2002,Kharif,Jowar,964,876,0.908713693
Madhya Pradesh,HARDA,2002,Kharif,Maize,1533,3210,2.093933464
Madhya Pradesh,HARDA,2002,Kharif,Niger seed,2,1,0.5
Madhya Pradesh,HARDA,2002,Kharif,Other Kharif pulses,32,8,0.25
Madhya Pradesh,HARDA,2002,Kharif,Rice,1045,983,0.940669856
Madhya Pradesh,HARDA,2002,Kharif,Sesamum,315,127,0.403174603
Madhya Pradesh,HARDA,2002,Kharif,Soyabean,150508,125224,0.83200893
Madhya Pradesh,HARDA,2002,Kharif,Sunflower,22,10,0.454545455
Madhya Pradesh,HARDA,2002,Rabi,Barley,226,342,1.513274336
Madhya Pradesh,HARDA,2002,Rabi,Gram,30931,36752,1.188193075
Madhya Pradesh,HARDA,2002,Rabi,Jowar,154,187,1.214285714
Madhya Pradesh,HARDA,2002,Rabi,Linseed,241,104,0.43153527
Madhya Pradesh,HARDA,2002,Rabi,Other  Rabi pulses,693,307,0.443001443
Madhya Pradesh,HARDA,2002,Rabi,Rapeseed &Mustard,37,24,0.648648649
Madhya Pradesh,HARDA,2002,Rabi,Safflower,8,3,0.375
Madhya Pradesh,HARDA,2002,Rabi,Wheat,87463,175508,2.006654242
Madhya Pradesh,HARDA,2002,Whole Year,Banana,6,256,42.66666667
Madhya Pradesh,HARDA,2002,Whole Year,Beans & Mutter(Vegetable),32,0,0
Madhya Pradesh,HARDA,2002,Whole Year,Bhindi,40,0,0
Madhya Pradesh,HARDA,2002,Whole Year,Brinjal,56,0,0
Madhya Pradesh,HARDA,2002,Whole Year,Cabbage,28,0,0
Madhya Pradesh,HARDA,2002,Whole Year,Cauliflower,31,0,0
Madhya Pradesh,HARDA,2002,Whole Year,Citrus Fruit,11,0,0
Madhya Pradesh,HARDA,2002,Whole Year,Coriander,376,138,0.367021277
Madhya Pradesh,HARDA,2002,Whole Year,Dry chillies,134,98,0.731343284
Madhya Pradesh,HARDA,2002,Whole Year,Garlic,123,400,3.25203252
Madhya Pradesh,HARDA,2002,Whole Year,Mango,1,0,0
Madhya Pradesh,HARDA,2002,Whole Year,Onion,132,1770,13.40909091
Madhya Pradesh,HARDA,2002,Whole Year,Other Fresh Fruits,5,0,0
Madhya Pradesh,HARDA,2002,Whole Year,Other Vegetables,89,0,0
Madhya Pradesh,HARDA,2002,Whole Year,Papaya,4,321,80.25
Madhya Pradesh,HARDA,2002,Whole Year,Pome Fruit,21,0,0
Madhya Pradesh,HARDA,2002,Whole Year,Potato,30,295,9.833333333
Madhya Pradesh,HARDA,2002,Whole Year,Sannhamp,3,6,2
Madhya Pradesh,HARDA,2002,Whole Year,Sugarcane,74,2320,31.35135135
Madhya Pradesh,HARDA,2002,Whole Year,Sweet potato,23,106,4.608695652
Madhya Pradesh,HARDA,2002,Whole Year,Tomato,50,0,0
Madhya Pradesh,HARDA,2002,Whole Year,Turmeric,1329,678,0.510158014
Madhya Pradesh,HARDA,2003,Kharif,Arhar/Tur,2879,2697,0.936783605
Madhya Pradesh,HARDA,2003,Kharif,Bajra,31,30,0.967741935
Madhya Pradesh,HARDA,2003,Kharif,Castor seed,3,1,0.333333333
Madhya Pradesh,HARDA,2003,Kharif,Cotton(lint),1019,845,0.829244357
Madhya Pradesh,HARDA,2003,Kharif,Dry ginger,17,21,1.235294118
Madhya Pradesh,HARDA,2003,Kharif,Groundnut,5,3,0.6
Madhya Pradesh,HARDA,2003,Kharif,Jowar,1389,2180,1.569474442
Madhya Pradesh,HARDA,2003,Kharif,Maize,1765,3370,1.909348442
Madhya Pradesh,HARDA,2003,Kharif,Niger seed,2,1,0.5
Madhya Pradesh,HARDA,2003,Kharif,Other Kharif pulses,36,10,0.277777778
Madhya Pradesh,HARDA,2003,Kharif,Rice,1938,2142,1.105263158
Madhya Pradesh,HARDA,2003,Kharif,Sesamum,656,298,0.454268293
Madhya Pradesh,HARDA,2003,Kharif,Small millets,900,202,0.224444444
Madhya Pradesh,HARDA,2003,Kharif,Soyabean,152302,202030,1.326509173
Madhya Pradesh,HARDA,2003,Kharif,Sunflower,22,10,0.454545455
Madhya Pradesh,HARDA,2003,Kharif,Urad,26,7,0.269230769
Madhya Pradesh,HARDA,2003,Rabi,Barley,160,238,1.4875
Madhya Pradesh,HARDA,2003,Rabi,Gram,29344,34828,1.186886587
Madhya Pradesh,HARDA,2003,Rabi,Jowar,92,135,1.467391304
Madhya Pradesh,HARDA,2003,Rabi,Linseed,133,63,0.473684211
Madhya Pradesh,HARDA,2003,Rabi,Other  Rabi pulses,772,343,0.444300518
Madhya Pradesh,HARDA,2003,Rabi,other misc. pulses,2,0.01,0.005
Madhya Pradesh,HARDA,2003,Rabi,Rapeseed &Mustard,36,25,0.694444444
Madhya Pradesh,HARDA,2003,Rabi,Urad,1,,
Madhya Pradesh,HARDA,2003,Rabi,Wheat,91845,179841,1.958092438
Madhya Pradesh,HARDA,2003,Whole Year,Banana,8,0,0
Madhya Pradesh,HARDA,2003,Whole Year,Beans & Mutter(Vegetable),73,0,0
Madhya Pradesh,HARDA,2003,Whole Year,Bhindi,56,0,0
Madhya Pradesh,HARDA,2003,Whole Year,Brinjal,46,0,0
Madhya Pradesh,HARDA,2003,Whole Year,Cabbage,57,0,0
Madhya Pradesh,HARDA,2003,Whole Year,Cauliflower,50,0,0
Madhya Pradesh,HARDA,2003,Whole Year,Coriander,305,110,0.360655738
Madhya Pradesh,HARDA,2003,Whole Year,Dry chillies,194,129,0.664948454
Madhya Pradesh,HARDA,2003,Whole Year,Garlic,136,443,3.257352941
Madhya Pradesh,HARDA,2003,Whole Year,Mango,1,0,0
Madhya Pradesh,HARDA,2003,Whole Year,Onion,190,2431,12.79473684
Madhya Pradesh,HARDA,2003,Whole Year,Orange,7,0,0
Madhya Pradesh,HARDA,2003,Whole Year,Other Citrus Fruit,1,0,0
Madhya Pradesh,HARDA,2003,Whole Year,Other Fresh Fruits,3,0,0
Madhya Pradesh,HARDA,2003,Whole Year,Other Vegetables,131,0,0
Madhya Pradesh,HARDA,2003,Whole Year,Papaya,4,0,0
Madhya Pradesh,HARDA,2003,Whole Year,Pome Fruit,21,0,0
Madhya Pradesh,HARDA,2003,Whole Year,Potato,25,262,10.48
Madhya Pradesh,HARDA,2003,Whole Year,Sugarcane,85,2800,32.94117647
Madhya Pradesh,HARDA,2003,Whole Year,Sweet potato,25,119,4.76
Madhya Pradesh,HARDA,2003,Whole Year,Tomato,52,0,0
Madhya Pradesh,HARDA,2003,Whole Year,Turmeric,3,4,1.333333333
Madhya Pradesh,HARDA,2003,Whole Year,Water Melon,3,0,0
Madhya Pradesh,HARDA,2004,Kharif,Arhar/Tur,3012,3402,1.129482072
Madhya Pradesh,HARDA,2004,Kharif,Bajra,40,40,1
Madhya Pradesh,HARDA,2004,Kharif,Castor seed,1,,
Madhya Pradesh,HARDA,2004,Kharif,Cotton(lint),1861,1946,1.045674369
Madhya Pradesh,HARDA,2004,Kharif,Dry ginger,11,12,1.090909091
Madhya Pradesh,HARDA,2004,Kharif,Groundnut,4,4,1
Madhya Pradesh,HARDA,2004,Kharif,Jowar,1531,2252,1.47093403
Madhya Pradesh,HARDA,2004,Kharif,Maize,1462,1778,1.216142271
Madhya Pradesh,HARDA,2004,Kharif,Niger seed,2,1,0.5
Madhya Pradesh,HARDA,2004,Kharif,Rice,1849,1689,0.913466739
Madhya Pradesh,HARDA,2004,Kharif,Sesamum,473,244,0.515856237
Madhya Pradesh,HARDA,2004,Kharif,Small millets,1143,244,0.213473316
Madhya Pradesh,HARDA,2004,Kharif,Soyabean,152979,62385,0.407801071
Madhya Pradesh,HARDA,2004,Kharif,Urad,30,7,0.233333333
Madhya Pradesh,HARDA,2004,Rabi,Barley,247,332,1.344129555
Madhya Pradesh,HARDA,2004,Rabi,Gram,20080,30864,1.537051793
Madhya Pradesh,HARDA,2004,Rabi,Jowar,105,126,1.2
Madhya Pradesh,HARDA,2004,Rabi,Linseed,154,90,0.584415584
Madhya Pradesh,HARDA,2004,Rabi,Masoor,270,159,0.588888889
Madhya Pradesh,HARDA,2004,Rabi,Rapeseed &Mustard,139,128,0.920863309
Madhya Pradesh,HARDA,2004,Rabi,Wheat,110374,238615,2.161876891
Madhya Pradesh,HARDA,2004,Whole Year,Coriander,294,126,0.428571429
Madhya Pradesh,HARDA,2004,Whole Year,Garlic,138,449,3.253623188
Madhya Pradesh,HARDA,2004,Whole Year,Onion,160,2338,14.6125
Madhya Pradesh,HARDA,2004,Whole Year,Potato,46,616,13.39130435
Madhya Pradesh,HARDA,2004,Whole Year,Sugarcane,147,4910,33.40136054
Madhya Pradesh,HARDA,2004,Whole Year,Sweet potato,26,124,4.769230769
Madhya Pradesh,HARDA,2004,Whole Year,Turmeric,3,4,1.333333333
Madhya Pradesh,HARDA,2005,Kharif,Arhar/Tur,2534,2478,0.977900552
Madhya Pradesh,HARDA,2005,Kharif,Bajra,3,3,1
Madhya Pradesh,HARDA,2005,Kharif,Castor seed,1,,
Madhya Pradesh,HARDA,2005,Kharif,Cotton(lint),1986,2772,1.395770393
Madhya Pradesh,HARDA,2005,Kharif,Groundnut,3,3,1
Madhya Pradesh,HARDA,2005,Kharif,Jowar,1011,1461,1.445103858
Madhya Pradesh,HARDA,2005,Kharif,Maize,1397,1883,1.347888332
Madhya Pradesh,HARDA,2005,Kharif,Moong(Green Gram),7,1,0.142857143
Madhya Pradesh,HARDA,2005,Kharif,Niger seed,49,11,0.224489796
Madhya Pradesh,HARDA,2005,Kharif,Rice,1198,1819,1.51836394
Madhya Pradesh,HARDA,2005,Kharif,Sesamum,154,73,0.474025974
Madhya Pradesh,HARDA,2005,Kharif,Small millets,47,16,0.340425532
Madhya Pradesh,HARDA,2005,Kharif,Soyabean,162176,293429,1.809324438
Madhya Pradesh,HARDA,2005,Kharif,Urad,20,4,0.2
Madhya Pradesh,HARDA,2005,Rabi,Barley,143,269,1.881118881
Madhya Pradesh,HARDA,2005,Rabi,Gram,20087,30681,1.527405785
Madhya Pradesh,HARDA,2005,Rabi,Jowar,62,162,2.612903226
Madhya Pradesh,HARDA,2005,Rabi,Linseed,83,60,0.722891566
Madhya Pradesh,HARDA,2005,Rabi,Masoor,256,123,0.48046875
Madhya Pradesh,HARDA,2005,Rabi,Peas & beans (Pulses),389,138,0.354755784
Madhya Pradesh,HARDA,2005,Rabi,Rapeseed &Mustard,73,57,0.780821918
Madhya Pradesh,HARDA,2005,Rabi,Wheat,115101,254730,2.213099799
Madhya Pradesh,HARDA,2005,Whole Year,Onion,225,5136,22.82666667
Madhya Pradesh,HARDA,2005,Whole Year,Potato,42,398,9.476190476
Madhya Pradesh,HARDA,2005,Whole Year,Sugarcane,201,4600,22.88557214
Madhya Pradesh,HARDA,2005,Whole Year,Sweet potato,17,64,3.764705882
Madhya Pradesh,HARDA,2006,Kharif,Arhar/Tur,4089,3632,0.888236733
Madhya Pradesh,HARDA,2006,Kharif,Bajra,27,30,1.111111111
Madhya Pradesh,HARDA,2006,Kharif,Cotton(lint),5567,7202,1.293694988
Madhya Pradesh,HARDA,2006,Kharif,Dry ginger,20,22,1.1
Madhya Pradesh,HARDA,2006,Kharif,Groundnut,4,4,1
Madhya Pradesh,HARDA,2006,Kharif,Jowar,1104,1329,1.203804348
Madhya Pradesh,HARDA,2006,Kharif,Jute,1,,
Madhya Pradesh,HARDA,2006,Kharif,Maize,1666,1482,0.889555822
Madhya Pradesh,HARDA,2006,Kharif,Moong(Green Gram),7,1,0.142857143
Madhya Pradesh,HARDA,2006,Kharif,Rice,701,1100,1.569186876
Madhya Pradesh,HARDA,2006,Kharif,Small millets,493,94,0.190669371
Madhya Pradesh,HARDA,2006,Kharif,Soyabean,160549,267033,1.663249226
Madhya Pradesh,HARDA,2006,Kharif,Urad,14,3,0.214285714
Madhya Pradesh,HARDA,2006,Rabi,Gram,20126,29311,1.456374839
Madhya Pradesh,HARDA,2006,Rabi,Jowar,91,256,2.813186813
Madhya Pradesh,HARDA,2006,Rabi,Khesari,12,12,1
Madhya Pradesh,HARDA,2006,Rabi,Linseed,60,44,0.733333333
Madhya Pradesh,HARDA,2006,Rabi,Masoor,200,96,0.48
Madhya Pradesh,HARDA,2006,Rabi,Moong(Green Gram),28,8,0.285714286
Madhya Pradesh,HARDA,2006,Rabi,Peas & beans (Pulses),393,136,0.34605598
Madhya Pradesh,HARDA,2006,Rabi,Rapeseed &Mustard,53,53,1
Madhya Pradesh,HARDA,2006,Rabi,Wheat,115827,249996,2.15835686
Madhya Pradesh,HARDA,2006,Whole Year,Banana,5,103,20.6
Madhya Pradesh,HARDA,2006,Whole Year,Coriander,188,59,0.313829787
Madhya Pradesh,HARDA,2006,Whole Year,Dry chillies,143,125,0.874125874
Madhya Pradesh,HARDA,2006,Whole Year,Garlic,123,485,3.943089431
Madhya Pradesh,HARDA,2006,Whole Year,Onion,221,5074,22.95927602
Madhya Pradesh,HARDA,2006,Whole Year,Potato,30,282,9.4
Madhya Pradesh,HARDA,2006,Whole Year,Sesamum,158,77,0.487341772
Madhya Pradesh,HARDA,2006,Whole Year,Sugarcane,260,6420,24.69230769
Madhya Pradesh,HARDA,2006,Whole Year,Sweet potato,30,95,3.166666667
Madhya Pradesh,HARDA,2007,Kharif,Arhar/Tur,1724,1064,0.617169374
Madhya Pradesh,HARDA,2007,Kharif,Bajra,2,1,0.5
Madhya Pradesh,HARDA,2007,Kharif,Cotton(lint),3407,637,0.186968007
Madhya Pradesh,HARDA,2007,Kharif,Groundnut,3,3,1
Madhya Pradesh,HARDA,2007,Kharif,Jowar,659,1176,1.784522003
Madhya Pradesh,HARDA,2007,Kharif,Maize,1364,1484,1.08797654
Madhya Pradesh,HARDA,2007,Kharif,Niger seed,2,,
Madhya Pradesh,HARDA,2007,Kharif,Rice,556,1383,2.487410072
Madhya Pradesh,HARDA,2007,Kharif,Soyabean,167937,234295,1.395136271
Madhya Pradesh,HARDA,2007,Kharif,Urad,13,2,0.153846154
Madhya Pradesh,HARDA,2007,Rabi,Barley,135,257,1.903703704
Madhya Pradesh,HARDA,2007,Rabi,Gram,16498,19969,1.210389138
Madhya Pradesh,HARDA,2007,Rabi,Horse-gram,2,,
Madhya Pradesh,HARDA,2007,Rabi,Jowar,117,223,1.905982906
Madhya Pradesh,HARDA,2007,Rabi,Khesari,39,22,0.564102564
Madhya Pradesh,HARDA,2007,Rabi,Linseed,53,35,0.660377358
Madhya Pradesh,HARDA,2007,Rabi,Masoor,150,50,0.333333333
Madhya Pradesh,HARDA,2007,Rabi,Peas & beans (Pulses),399,109,0.273182957
Madhya Pradesh,HARDA,2007,Rabi,Rapeseed &Mustard,25,16,0.64
Madhya Pradesh,HARDA,2007,Rabi,Wheat,125786,412619,3.280325314
Madhya Pradesh,HARDA,2007,Whole Year,Banana,1,49,49
Madhya Pradesh,HARDA,2007,Whole Year,Coriander,282,84,0.29787234
Madhya Pradesh,HARDA,2007,Whole Year,Garlic,115,447,3.886956522
Madhya Pradesh,HARDA,2007,Whole Year,Onion,229,4231,18.47598253
Madhya Pradesh,HARDA,2007,Whole Year,Potato,28,320,11.42857143
Madhya Pradesh,HARDA,2007,Whole Year,Sesamum,80,47,0.5875
Madhya Pradesh,HARDA,2007,Whole Year,Sugarcane,384,11400,29.6875
Madhya Pradesh,HARDA,2007,Whole Year,Sweet potato,17,64,3.764705882
Madhya Pradesh,HARDA,2008,Kharif,Arhar/Tur,1707,1549,0.907439953
Madhya Pradesh,HARDA,2008,Kharif,Bajra,2,3,1.5
Madhya Pradesh,HARDA,2008,Kharif,Cotton(lint),3249,839,0.258233303
Madhya Pradesh,HARDA,2008,Kharif,Jowar,538,870,1.617100372
Madhya Pradesh,HARDA,2008,Kharif,Maize,1363,2051,1.504768892
Madhya Pradesh,HARDA,2008,Kharif,Niger seed,40,9,0.225
Madhya Pradesh,HARDA,2008,Kharif,Rice,814,1537,1.888206388
Madhya Pradesh,HARDA,2008,Kharif,Soyabean,168865,212060,1.25579605
Madhya Pradesh,HARDA,2008,Kharif,Urad,7,2,0.285714286
Madhya Pradesh,HARDA,2008,Rabi,Barley,196,388,1.979591837
Madhya Pradesh,HARDA,2008,Rabi,Gram,25244,52052,2.061955316
Madhya Pradesh,HARDA,2008,Rabi,Linseed,39,37,0.948717949
Madhya Pradesh,HARDA,2008,Rabi,Masoor,97,42,0.432989691
Madhya Pradesh,HARDA,2008,Rabi,Peas & beans (Pulses),318,121,0.380503145
Madhya Pradesh,HARDA,2008,Rabi,Rapeseed &Mustard,15,16,1.066666667
Madhya Pradesh,HARDA,2008,Rabi,Wheat,116977,369572,3.159356113
Madhya Pradesh,HARDA,2008,Whole Year,Coriander,180,70,0.388888889
Madhya Pradesh,HARDA,2008,Whole Year,Garlic,84,254,3.023809524
Madhya Pradesh,HARDA,2008,Whole Year,Onion,226,3390,15
Madhya Pradesh,HARDA,2008,Whole Year,Potato,20,219,10.95
Madhya Pradesh,HARDA,2008,Whole Year,Sesamum,105,67,0.638095238
Madhya Pradesh,HARDA,2008,Whole Year,Small millets,203,50,0.246305419
Madhya Pradesh,HARDA,2008,Whole Year,Sugarcane,226,5980,26.46017699
Madhya Pradesh,HARDA,2008,Whole Year,Sweet potato,10,34,3.4
Madhya Pradesh,HARDA,2009,Kharif,Jowar,469,833,1.776119403
Madhya Pradesh,HARDA,2009,Kharif,Moong(Green Gram),9,2,0.222222222
Madhya Pradesh,HARDA,2009,Kharif,Small millets,183,40,0.218579235
Madhya Pradesh,HARDA,2009,Kharif,Urad,1,,
Madhya Pradesh,HARDA,2009,Rabi,Jowar,116,333,2.870689655
Madhya Pradesh,HARDA,2009,Rabi,Moong(Green Gram),43,11,0.255813953
Madhya Pradesh,HARDA,2009,Whole Year,Arhar/Tur,967,1014,1.04860393
Madhya Pradesh,HARDA,2009,Whole Year,Bajra,16,27,1.6875
Madhya Pradesh,HARDA,2009,Whole Year,Barley,178,322,1.808988764
Madhya Pradesh,HARDA,2009,Whole Year,Coriander,290,105,0.362068966
Madhya Pradesh,HARDA,2009,Whole Year,Cotton(lint),3232,601,0.18595297
Madhya Pradesh,HARDA,2009,Whole Year,Dry chillies,103,216,2.097087379
Madhya Pradesh,HARDA,2009,Whole Year,Dry ginger,34,49,1.441176471
Madhya Pradesh,HARDA,2009,Whole Year,Garlic,51,196,3.843137255
Madhya Pradesh,HARDA,2009,Whole Year,Gram,24845,25849,1.040410545
Madhya Pradesh,HARDA,2009,Whole Year,Khesari,19,16,0.842105263
Madhya Pradesh,HARDA,2009,Whole Year,Linseed,44,40,0.909090909
Madhya Pradesh,HARDA,2009,Whole Year,Maize,820,1110,1.353658537
Madhya Pradesh,HARDA,2009,Whole Year,Masoor,87,36,0.413793103
Madhya Pradesh,HARDA,2009,Whole Year,Niger seed,5,1,0.2
Madhya Pradesh,HARDA,2009,Whole Year,Onion,149,2279,15.29530201
Madhya Pradesh,HARDA,2009,Whole Year,Peas & beans (Pulses),273,94,0.344322344
Madhya Pradesh,HARDA,2009,Whole Year,Potato,24,251,10.45833333
Madhya Pradesh,HARDA,2009,Whole Year,Rapeseed &Mustard,25,24,0.96
Madhya Pradesh,HARDA,2009,Whole Year,Rice,494,1023,2.070850202
Madhya Pradesh,HARDA,2009,Whole Year,Sesamum,43,28,0.651162791
Madhya Pradesh,HARDA,2009,Whole Year,Soyabean,172778,291261,1.685752816
Madhya Pradesh,HARDA,2009,Whole Year,Sugarcane,166,4810,28.97590361
Madhya Pradesh,HARDA,2009,Whole Year,Sweet potato,15,70,4.666666667
Madhya Pradesh,HARDA,2009,Whole Year,Turmeric,15,16,1.066666667
Madhya Pradesh,HARDA,2009,Whole Year,Wheat,131290,406978,3.099840049
Madhya Pradesh,HARDA,2010,Kharif,Arhar/Tur,576,367,0.637152778
Madhya Pradesh,HARDA,2010,Kharif,Bajra,2,3,1.5
Madhya Pradesh,HARDA,2010,Kharif,Cotton(lint),210,313,1.49047619
Madhya Pradesh,HARDA,2010,Kharif,Jowar,402,915,2.276119403
Madhya Pradesh,HARDA,2010,Kharif,Maize,404,563,1.393564356
Madhya Pradesh,HARDA,2010,Kharif,Moong(Green Gram),5,1,0.2
Madhya Pradesh,HARDA,2010,Kharif,Rice,422,1195,2.831753555
Madhya Pradesh,HARDA,2010,Kharif,Small millets,286,87,0.304195804
Madhya Pradesh,HARDA,2010,Kharif,Soyabean,171507,237424,1.384339998
Madhya Pradesh,HARDA,2010,Rabi,Barley,118,362,3.06779661
Madhya Pradesh,HARDA,2010,Rabi,Gram,18516,28717,1.550928926
Madhya Pradesh,HARDA,2010,Rabi,Jowar,60,150,2.5
Madhya Pradesh,HARDA,2010,Rabi,Khesari,12,11,0.916666667
Madhya Pradesh,HARDA,2010,Rabi,Linseed,24,19,0.791666667
Madhya Pradesh,HARDA,2010,Rabi,Masoor,61,22,0.360655738
Madhya Pradesh,HARDA,2010,Rabi,Moong(Green Gram),106,24,0.226415094
Madhya Pradesh,HARDA,2010,Rabi,Peas & beans (Pulses),220,78,0.354545455
Madhya Pradesh,HARDA,2010,Rabi,Rapeseed &Mustard,23,26,1.130434783
Madhya Pradesh,HARDA,2010,Rabi,Wheat,141511,560655,3.961918155
Madhya Pradesh,HARDA,2010,Whole Year,Banana,2,93,46.5
Madhya Pradesh,HARDA,2010,Whole Year,Coriander,252,93,0.369047619
Madhya Pradesh,HARDA,2010,Whole Year,Dry chillies,115,379,3.295652174
Madhya Pradesh,HARDA,2010,Whole Year,Dry ginger,16,17,1.0625
Madhya Pradesh,HARDA,2010,Whole Year,Garlic,57,170,2.98245614
Madhya Pradesh,HARDA,2010,Whole Year,Onion,177,3741,21.13559322
Madhya Pradesh,HARDA,2010,Whole Year,Potato,33,316,9.575757576
Madhya Pradesh,HARDA,2010,Whole Year,Sesamum,91,78,0.857142857
Madhya Pradesh,HARDA,2010,Whole Year,Sugarcane,249,7300,29.31726908
Madhya Pradesh,HARDA,2010,Whole Year,Sweet potato,88,270,3.068181818
Madhya Pradesh,HARDA,2010,Whole Year,Turmeric,8,7,0.875
Madhya Pradesh,HARDA,2011,Kharif,Arhar/Tur,479,467,0.974947808
Madhya Pradesh,HARDA,2011,Kharif,Barley,93,311,3.344086022
Madhya Pradesh,HARDA,2011,Kharif,Cotton(lint),164,303,1.847560976
Madhya Pradesh,HARDA,2011,Kharif,Jowar,174,296,1.701149425
Madhya Pradesh,HARDA,2011,Kharif,Maize,284,333,1.172535211
Madhya Pradesh,HARDA,2011,Kharif,Moong(Green Gram),16,3,0.1875
Madhya Pradesh,HARDA,2011,Kharif,Rice,266,932,3.503759398
Madhya Pradesh,HARDA,2011,Kharif,Small millets,64,16,0.25
Madhya Pradesh,HARDA,2011,Kharif,Soyabean,180195,258711,1.435727961
Madhya Pradesh,HARDA,2011,Kharif,Urad,1,,
Madhya Pradesh,HARDA,2011,Rabi,Gram,17962,31100,1.731433025
Madhya Pradesh,HARDA,2011,Rabi,Jowar,52,147,2.826923077
Madhya Pradesh,HARDA,2011,Rabi,Khesari,11,16,1.454545455
Madhya Pradesh,HARDA,2011,Rabi,Linseed,20,26,1.3
Madhya Pradesh,HARDA,2011,Rabi,Masoor,50,18,0.36
Madhya Pradesh,HARDA,2011,Rabi,Moong(Green Gram),86,22,0.255813953
Madhya Pradesh,HARDA,2011,Rabi,Peas & beans (Pulses),329,106,0.32218845
Madhya Pradesh,HARDA,2011,Rabi,Rapeseed &Mustard,45,54,1.2
Madhya Pradesh,HARDA,2011,Rabi,Urad,11,3,0.272727273
Madhya Pradesh,HARDA,2011,Rabi,Wheat,150976,694367,4.59918795
Madhya Pradesh,HARDA,2011,Whole Year,Banana,14,,
Madhya Pradesh,HARDA,2011,Whole Year,Coriander,189,64,0.338624339
Madhya Pradesh,HARDA,2011,Whole Year,Dry chillies,104,197,1.894230769
Madhya Pradesh,HARDA,2011,Whole Year,Dry ginger,10,11,1.1
Madhya Pradesh,HARDA,2011,Whole Year,Garlic,54,173,3.203703704
Madhya Pradesh,HARDA,2011,Whole Year,Onion,150,3977,26.51333333
Madhya Pradesh,HARDA,2011,Whole Year,Potato,65,786,12.09230769
Madhya Pradesh,HARDA,2011,Whole Year,Sesamum,21,15,0.714285714
Madhya Pradesh,HARDA,2011,Whole Year,Sugarcane,248,6360,25.64516129
Madhya Pradesh,HARDA,2011,Whole Year,Sweet potato,10,33,3.3
Madhya Pradesh,HARDA,2011,Whole Year,Turmeric,6,6,1
Madhya Pradesh,HARDA,2012,Kharif,Arhar/Tur,715,889,1.243356643
Madhya Pradesh,HARDA,2012,Kharif,Barley,359,634,1.766016713
Madhya Pradesh,HARDA,2012,Kharif,Cotton(lint),218,430,1.972477064
Madhya Pradesh,HARDA,2012,Kharif,Jowar,358,870,2.430167598
Madhya Pradesh,HARDA,2012,Kharif,Maize,790,1735,2.196202532
Madhya Pradesh,HARDA,2012,Kharif,Moong(Green Gram),22,6,0.272727273
Madhya Pradesh,HARDA,2012,Kharif,Other Kharif pulses,1,,
Madhya Pradesh,HARDA,2012,Kharif,Rice,725,2052,2.830344828
Madhya Pradesh,HARDA,2012,Kharif,Small millets,14,3,0.214285714
Madhya Pradesh,HARDA,2012,Kharif,Soyabean,178831,215979,1.207726848
Madhya Pradesh,HARDA,2012,Kharif,Urad,28,5,0.178571429
Madhya Pradesh,HARDA,2012,Rabi,Gram,25628,39553,1.543351022
Madhya Pradesh,HARDA,2012,Rabi,Jowar,53,203,3.830188679
Madhya Pradesh,HARDA,2012,Rabi,Khesari,15,15,1
Madhya Pradesh,HARDA,2012,Rabi,Linseed,9,7,0.777777778
Madhya Pradesh,HARDA,2012,Rabi,Masoor,111,48,0.432432432
Madhya Pradesh,HARDA,2012,Rabi,Moong(Green Gram),26,5,0.192307692
Madhya Pradesh,HARDA,2012,Rabi,Peas & beans (Pulses),332,198,0.596385542
Madhya Pradesh,HARDA,2012,Rabi,Rapeseed &Mustard,6,6,1
Madhya Pradesh,HARDA,2012,Rabi,Urad,6,2,0.333333333
Madhya Pradesh,HARDA,2012,Rabi,Wheat,148339,580816,3.915463904
Madhya Pradesh,HARDA,2012,Whole Year,Banana,20,543,27.15
Madhya Pradesh,HARDA,2012,Whole Year,Coriander,234,92,0.393162393
Madhya Pradesh,HARDA,2012,Whole Year,Dry chillies,160,404,2.525
Madhya Pradesh,HARDA,2012,Whole Year,Dry ginger,19,26,1.368421053
Madhya Pradesh,HARDA,2012,Whole Year,Garlic,64,225,3.515625
Madhya Pradesh,HARDA,2012,Whole Year,Onion,135,3421,25.34074074
Madhya Pradesh,HARDA,2012,Whole Year,Potato,33,361,10.93939394
Madhya Pradesh,HARDA,2012,Whole Year,Sesamum,41,25,0.609756098
Madhya Pradesh,HARDA,2012,Whole Year,Sugarcane,327,13050,39.90825688
Madhya Pradesh,HARDA,2012,Whole Year,Sweet potato,9,33,3.666666667
Madhya Pradesh,HARDA,2012,Whole Year,Turmeric,15,15,1
Madhya Pradesh,HARDA,2013,Kharif,Arhar/Tur,554,566,1.02166065
Madhya Pradesh,HARDA,2013,Kharif,Barley,56,121,2.160714286
Madhya Pradesh,HARDA,2013,Kharif,Cotton(lint),100,157,1.57
Madhya Pradesh,HARDA,2013,Kharif,Groundnut,2,1,0.5
Madhya Pradesh,HARDA,2013,Kharif,Jowar,167,210,1.25748503
Madhya Pradesh,HARDA,2013,Kharif,Maize,483,610,1.262939959
Madhya Pradesh,HARDA,2013,Kharif,Moong(Green Gram),4,1,0.25
Madhya Pradesh,HARDA,2013,Kharif,Rice,859,1257,1.463329453
Madhya Pradesh,HARDA,2013,Kharif,Small millets,86,28,0.325581395
Madhya Pradesh,HARDA,2013,Kharif,Soyabean,177466,47353,0.266828576
Madhya Pradesh,HARDA,2013,Kharif,Urad,4,1,0.25
Madhya Pradesh,HARDA,2013,Rabi,Gram,29059,27331,0.940534774
Madhya Pradesh,HARDA,2013,Rabi,Jowar,76,179,2.355263158
Madhya Pradesh,HARDA,2013,Rabi,Khesari,10,5,0.5
Madhya Pradesh,HARDA,2013,Rabi,Linseed,1,1,1
Madhya Pradesh,HARDA,2013,Rabi,Masoor,90,32,0.355555556
Madhya Pradesh,HARDA,2013,Rabi,Moong(Green Gram),225,72,0.32
Madhya Pradesh,HARDA,2013,Rabi,Peas & beans (Pulses),336,207,0.616071429
Madhya Pradesh,HARDA,2013,Rabi,Urad,4,2,0.5
Madhya Pradesh,HARDA,2013,Rabi,Wheat,148321,470771,3.174000984
Madhya Pradesh,HARDA,2013,Whole Year,Banana,14,86,6.142857143
Madhya Pradesh,HARDA,2013,Whole Year,Coriander,179,60,0.335195531
Madhya Pradesh,HARDA,2013,Whole Year,Dry chillies,148,207,1.398648649
Madhya Pradesh,HARDA,2013,Whole Year,Dry ginger,14,23,1.642857143
Madhya Pradesh,HARDA,2013,Whole Year,Garlic,29,89,3.068965517
Madhya Pradesh,HARDA,2013,Whole Year,Onion,191,3306,17.30890052
Madhya Pradesh,HARDA,2013,Whole Year,Potato,36,317,8.805555556
Madhya Pradesh,HARDA,2013,Whole Year,Sesamum,27,14,0.518518519
Madhya Pradesh,HARDA,2013,Whole Year,Sugarcane,399,14770,37.01754386
Madhya Pradesh,HARDA,2013,Whole Year,Sweet potato,4,12,3
Madhya Pradesh,HARDA,2013,Whole Year,Turmeric,11,12,1.090909091
Madhya Pradesh,HOSHANGABAD,1997,Kharif,Arhar/Tur,16100,19000,1.180124224
Madhya Pradesh,HOSHANGABAD,1997,Kharif,Bajra,100,100,1
Madhya Pradesh,HOSHANGABAD,1997,Kharif,Cotton(lint),5700,7000,1.228070175
Madhya Pradesh,HOSHANGABAD,1997,Kharif,Jowar,2500,2500,1
Madhya Pradesh,HOSHANGABAD,1997,Kharif,Maize,2300,3000,1.304347826
Madhya Pradesh,HOSHANGABAD,1997,Kharif,Paddy,10000,12800,1.28
Madhya Pradesh,HOSHANGABAD,1997,Kharif,Sesamum,1600,500,0.3125
Madhya Pradesh,HOSHANGABAD,1997,Kharif,Small millets,3900,900,0.230769231
Madhya Pradesh,HOSHANGABAD,1997,Kharif,Soyabean,345800,437800,1.26604974
Madhya Pradesh,HOSHANGABAD,1997,Rabi,Barley,600,800,1.333333333
Madhya Pradesh,HOSHANGABAD,1997,Rabi,Jowar,300,400,1.333333333
Madhya Pradesh,HOSHANGABAD,1997,Rabi,Linseed,6500,2400,0.369230769
Madhya Pradesh,HOSHANGABAD,1997,Rabi,Rapeseed &Mustard,200,200,1
Madhya Pradesh,HOSHANGABAD,1997,Rabi,Wheat,234600,348900,1.487212276
Madhya Pradesh,HOSHANGABAD,1998,Kharif,Arhar/Tur,11800,16400,1.389830508
Madhya Pradesh,HOSHANGABAD,1998,Kharif,Groundnut,100,100,1
Madhya Pradesh,HOSHANGABAD,1998,Kharif,Jowar,1400,1700,1.214285714
Madhya Pradesh,HOSHANGABAD,1998,Kharif,Maize,1000,1300,1.3
Madhya Pradesh,HOSHANGABAD,1998,Kharif,Rice,7800,6300,0.807692308
Madhya Pradesh,HOSHANGABAD,1998,Kharif,Sesamum,1200,400,0.333333333
Madhya Pradesh,HOSHANGABAD,1998,Kharif,Small millets,2900,800,0.275862069
Madhya Pradesh,HOSHANGABAD,1998,Kharif,Soyabean,204200,179300,0.878060725
Madhya Pradesh,HOSHANGABAD,1998,Rabi,Barley,100,100,1
Madhya Pradesh,HOSHANGABAD,1998,Rabi,Gram,60200,63300,1.051495017
Madhya Pradesh,HOSHANGABAD,1998,Rabi,Jowar,200,200,1
Madhya Pradesh,HOSHANGABAD,1998,Rabi,Linseed,5100,2000,0.392156863
Madhya Pradesh,HOSHANGABAD,1998,Rabi,Rapeseed &Mustard,200,200,1
Madhya Pradesh,HOSHANGABAD,1998,Rabi,Wheat,157700,331900,2.104629042
Madhya Pradesh,HOSHANGABAD,1998,Whole Year,Sugarcane,425,2920,6.870588235
Madhya Pradesh,HOSHANGABAD,1999,Kharif,Arhar/Tur,11343,15430,1.360310324
Madhya Pradesh,HOSHANGABAD,1999,Kharif,Bajra,326,270,0.828220859
Madhya Pradesh,HOSHANGABAD,1999,Kharif,Castor seed,3,1,0.333333333
Madhya Pradesh,HOSHANGABAD,1999,Kharif,Dry ginger,77,104,1.350649351
Madhya Pradesh,HOSHANGABAD,1999,Kharif,Groundnut,33,29,0.878787879
Madhya Pradesh,HOSHANGABAD,1999,Kharif,Jowar,1153,1281,1.111014744
Madhya Pradesh,HOSHANGABAD,1999,Kharif,Maize,981,1674,1.706422018
Madhya Pradesh,HOSHANGABAD,1999,Kharif,Other Kharif pulses,247,75,0.303643725
Madhya Pradesh,HOSHANGABAD,1999,Kharif,Rice,8677,13185,1.519534401
Madhya Pradesh,HOSHANGABAD,1999,Kharif,Sesamum,544,170,0.3125
Madhya Pradesh,HOSHANGABAD,1999,Kharif,Soyabean,209618,139815,0.666999017
Madhya Pradesh,HOSHANGABAD,1999,Kharif,Urad,121,36,0.297520661
Madhya Pradesh,HOSHANGABAD,1999,Rabi,Barley,40,57,1.425
Madhya Pradesh,HOSHANGABAD,1999,Rabi,Gram,61634,60278,0.977999156
Madhya Pradesh,HOSHANGABAD,1999,Rabi,Jowar,107,164,1.53271028
Madhya Pradesh,HOSHANGABAD,1999,Rabi,Linseed,3624,1716,0.473509934
Madhya Pradesh,HOSHANGABAD,1999,Rabi,Other  Rabi pulses,8187,5012,0.612190057
Madhya Pradesh,HOSHANGABAD,1999,Rabi,Rapeseed &Mustard,108,79,0.731481481
Madhya Pradesh,HOSHANGABAD,1999,Rabi,Safflower,8,3,0.375
Madhya Pradesh,HOSHANGABAD,1999,Rabi,Urad,3,1,0.333333333
Madhya Pradesh,HOSHANGABAD,1999,Rabi,Wheat,161391,428000,2.651944656
Madhya Pradesh,HOSHANGABAD,1999,Whole Year,Coriander,357,163,0.456582633
Madhya Pradesh,HOSHANGABAD,1999,Whole Year,Dry chillies,393,300,0.763358779
Madhya Pradesh,HOSHANGABAD,1999,Whole Year,Garlic,64,294,4.59375
Madhya Pradesh,HOSHANGABAD,1999,Whole Year,Onion,436,6598,15.13302752
Madhya Pradesh,HOSHANGABAD,1999,Whole Year,Potato,300,2871,9.57
Madhya Pradesh,HOSHANGABAD,1999,Whole Year,Sannhamp,41,100,2.43902439
Madhya Pradesh,HOSHANGABAD,1999,Whole Year,Sugarcane,187,6350,33.95721925
Madhya Pradesh,HOSHANGABAD,1999,Whole Year,Sweet potato,257,1605,6.245136187
Madhya Pradesh,HOSHANGABAD,1999,Whole Year,Turmeric,10,14,1.4
Madhya Pradesh,HOSHANGABAD,2000,Kharif,Arhar/Tur,9882,11258,1.139243068
Madhya Pradesh,HOSHANGABAD,2000,Kharif,Bajra,7,6,0.857142857
Madhya Pradesh,HOSHANGABAD,2000,Kharif,Castor seed,9,3,0.333333333
Madhya Pradesh,HOSHANGABAD,2000,Kharif,Dry ginger,71,92,1.295774648
Madhya Pradesh,HOSHANGABAD,2000,Kharif,Groundnut,43,41,0.953488372
Madhya Pradesh,HOSHANGABAD,2000,Kharif,Jowar,803,951,1.184308842
Madhya Pradesh,HOSHANGABAD,2000,Kharif,Maize,1339,2694,2.011949216
Madhya Pradesh,HOSHANGABAD,2000,Kharif,Niger seed,8,2,0.25
Madhya Pradesh,HOSHANGABAD,2000,Kharif,Other Kharif pulses,547,153,0.279707495
Madhya Pradesh,HOSHANGABAD,2000,Kharif,Ragi,7,2,0.285714286
Madhya Pradesh,HOSHANGABAD,2000,Kharif,Rice,9681,11178,1.154632786
Madhya Pradesh,HOSHANGABAD,2000,Kharif,Sesamum,598,223,0.372909699
Madhya Pradesh,HOSHANGABAD,2000,Kharif,Small millets,2319,452,0.1949116
Madhya Pradesh,HOSHANGABAD,2000,Kharif,Soyabean,203862,201008,0.986000334
Madhya Pradesh,HOSHANGABAD,2000,Rabi,Barley,53,73,1.377358491
Madhya Pradesh,HOSHANGABAD,2000,Rabi,Gram,63905,74769,1.170002347
Madhya Pradesh,HOSHANGABAD,2000,Rabi,Jowar,113,175,1.548672566
Madhya Pradesh,HOSHANGABAD,2000,Rabi,Linseed,2316,1058,0.456822107
Madhya Pradesh,HOSHANGABAD,2000,Rabi,Other  Rabi pulses,6703,3630,0.54154856
Madhya Pradesh,HOSHANGABAD,2000,Rabi,Rapeseed &Mustard,104,62,0.596153846
Madhya Pradesh,HOSHANGABAD,2000,Rabi,Safflower,4,1,0.25
Madhya Pradesh,HOSHANGABAD,2000,Rabi,Wheat,159623,406129,2.54430126
Madhya Pradesh,HOSHANGABAD,2000,Whole Year,Coriander,329,146,0.443768997
Madhya Pradesh,HOSHANGABAD,2000,Whole Year,Dry chillies,492,273,0.554878049
Madhya Pradesh,HOSHANGABAD,2000,Whole Year,Garlic,86,351,4.081395349
Madhya Pradesh,HOSHANGABAD,2000,Whole Year,Onion,401,6670,16.63341646
Madhya Pradesh,HOSHANGABAD,2000,Whole Year,Sannhamp,6,11,1.833333333
Madhya Pradesh,HOSHANGABAD,2000,Whole Year,Sugarcane,680,7710,11.33823529
Madhya Pradesh,HOSHANGABAD,2000,Whole Year,Turmeric,6,8,1.333333333
Madhya Pradesh,HOSHANGABAD,2001,Kharif,Arhar/Tur,10221,13348,1.305938754
Madhya Pradesh,HOSHANGABAD,2001,Kharif,Bajra,4,4,1
Madhya Pradesh,HOSHANGABAD,2001,Kharif,Castor seed,9,3,0.333333333
Madhya Pradesh,HOSHANGABAD,2001,Kharif,Cotton(lint),1,1,1
Madhya Pradesh,HOSHANGABAD,2001,Kharif,Dry ginger,87,108,1.24137931
Madhya Pradesh,HOSHANGABAD,2001,Kharif,Groundnut,47,48,1.021276596
Madhya Pradesh,HOSHANGABAD,2001,Kharif,Jowar,1012,1090,1.077075099
Madhya Pradesh,HOSHANGABAD,2001,Kharif,Maize,1334,2883,2.161169415
Madhya Pradesh,HOSHANGABAD,2001,Kharif,Niger seed,1,0.01,0.01
Madhya Pradesh,HOSHANGABAD,2001,Kharif,Other Kharif pulses,275,81,0.294545455
Madhya Pradesh,HOSHANGABAD,2001,Kharif,Ragi,4,1,0.25
Madhya Pradesh,HOSHANGABAD,2001,Kharif,Rice,9667,11464,1.185890142
Madhya Pradesh,HOSHANGABAD,2001,Kharif,Sesamum,580,232,0.4
Madhya Pradesh,HOSHANGABAD,2001,Kharif,Small millets,2837,648,0.228410293
Madhya Pradesh,HOSHANGABAD,2001,Kharif,Soyabean,211385,216035,1.021997777
Madhya Pradesh,HOSHANGABAD,2001,Rabi,Barley,41,57,1.390243902
Madhya Pradesh,HOSHANGABAD,2001,Rabi,Gram,67373,100925,1.498003651
Madhya Pradesh,HOSHANGABAD,2001,Rabi,Jowar,69,85,1.231884058
Madhya Pradesh,HOSHANGABAD,2001,Rabi,Linseed,1772,818,0.461625282
Madhya Pradesh,HOSHANGABAD,2001,Rabi,Other  Rabi pulses,6582,3494,0.530841689
Madhya Pradesh,HOSHANGABAD,2001,Rabi,Rapeseed &Mustard,77,57,0.74025974
Madhya Pradesh,HOSHANGABAD,2001,Rabi,Safflower,5,2,0.4
Madhya Pradesh,HOSHANGABAD,2001,Rabi,Wheat,165938,439373,2.647814244
Madhya Pradesh,HOSHANGABAD,2001,Whole Year,Banana,29,799,27.55172414
Madhya Pradesh,HOSHANGABAD,2001,Whole Year,Coriander,277,120,0.433212996
Madhya Pradesh,HOSHANGABAD,2001,Whole Year,Dry chillies,506,357,0.705533597
Madhya Pradesh,HOSHANGABAD,2001,Whole Year,Garlic,61,241,3.950819672
Madhya Pradesh,HOSHANGABAD,2001,Whole Year,Onion,521,8813,16.91554702
Madhya Pradesh,HOSHANGABAD,2001,Whole Year,Potato,253,3163,12.50197628
Madhya Pradesh,HOSHANGABAD,2001,Whole Year,Sannhamp,6,11,1.833333333
Madhya Pradesh,HOSHANGABAD,2001,Whole Year,Sugarcane,269,9140,33.97769517
Madhya Pradesh,HOSHANGABAD,2001,Whole Year,Sweet potato,264,1396,5.287878788
Madhya Pradesh,HOSHANGABAD,2001,Whole Year,Turmeric,9,13,1.444444444
Madhya Pradesh,HOSHANGABAD,2002,Kharif,Arhar/Tur,9205,9592,1.042042368
Madhya Pradesh,HOSHANGABAD,2002,Kharif,Bajra,11,9,0.818181818
Madhya Pradesh,HOSHANGABAD,2002,Kharif,Castor seed,17,6,0.352941176
Madhya Pradesh,HOSHANGABAD,2002,Kharif,Cotton(lint),24,12,0.5
Madhya Pradesh,HOSHANGABAD,2002,Kharif,Dry ginger,126,155,1.23015873
Madhya Pradesh,HOSHANGABAD,2002,Kharif,Groundnut,70,52,0.742857143
Madhya Pradesh,HOSHANGABAD,2002,Kharif,Jowar,1621,1728,1.066008637
Madhya Pradesh,HOSHANGABAD,2002,Kharif,Maize,1959,4622,2.359367024
Madhya Pradesh,HOSHANGABAD,2002,Kharif,Other Kharif pulses,646,194,0.300309598
Madhya Pradesh,HOSHANGABAD,2002,Kharif,Ragi,21,5,0.238095238
Madhya Pradesh,HOSHANGABAD,2002,Kharif,Rice,9969,12880,1.292005216
Madhya Pradesh,HOSHANGABAD,2002,Kharif,Sesamum,609,253,0.41543514
Madhya Pradesh,HOSHANGABAD,2002,Kharif,Small millets,2589,651,0.251448436
Madhya Pradesh,HOSHANGABAD,2002,Kharif,Soyabean,204295,130340,0.637998972
Madhya Pradesh,HOSHANGABAD,2002,Rabi,Barley,51,80,1.568627451
Madhya Pradesh,HOSHANGABAD,2002,Rabi,Gram,71133,78104,1.097999522
Madhya Pradesh,HOSHANGABAD,2002,Rabi,Jowar,75,92,1.226666667
Madhya Pradesh,HOSHANGABAD,2002,Rabi,Linseed,1407,688,0.488983653
Madhya Pradesh,HOSHANGABAD,2002,Rabi,Other  Rabi pulses,5979,3163,0.52901823
Madhya Pradesh,HOSHANGABAD,2002,Rabi,Rapeseed &Mustard,49,38,0.775510204
Madhya Pradesh,HOSHANGABAD,2002,Rabi,Wheat,166902,376038,2.253046698
Madhya Pradesh,HOSHANGABAD,2002,Whole Year,Banana,25,646,25.84
Madhya Pradesh,HOSHANGABAD,2002,Whole Year,Beans & Mutter(Vegetable),306,0,0
Madhya Pradesh,HOSHANGABAD,2002,Whole Year,Bhindi,310,0,0
Madhya Pradesh,HOSHANGABAD,2002,Whole Year,Brinjal,302,0,0
Madhya Pradesh,HOSHANGABAD,2002,Whole Year,Cabbage,238,0,0
Madhya Pradesh,HOSHANGABAD,2002,Whole Year,Cauliflower,280,0,0
Madhya Pradesh,HOSHANGABAD,2002,Whole Year,Citrus Fruit,188,0,0
Madhya Pradesh,HOSHANGABAD,2002,Whole Year,Coriander,352,144,0.409090909
Madhya Pradesh,HOSHANGABAD,2002,Whole Year,Dry chillies,490,404,0.824489796
Madhya Pradesh,HOSHANGABAD,2002,Whole Year,Garlic,140,457,3.264285714
Madhya Pradesh,HOSHANGABAD,2002,Whole Year,Mango,268,0,0
Madhya Pradesh,HOSHANGABAD,2002,Whole Year,Onion,425,5699,13.40941176
Madhya Pradesh,HOSHANGABAD,2002,Whole Year,Other Fresh Fruits,280,0,0
Madhya Pradesh,HOSHANGABAD,2002,Whole Year,Other Vegetables,1411,0,0
Madhya Pradesh,HOSHANGABAD,2002,Whole Year,Papaya,54,2159,39.98148148
Madhya Pradesh,HOSHANGABAD,2002,Whole Year,Pome Fruit,454,0,0
Madhya Pradesh,HOSHANGABAD,2002,Whole Year,Potato,262,3071,11.72137405
Madhya Pradesh,HOSHANGABAD,2002,Whole Year,Sannhamp,31,72,2.322580645
Madhya Pradesh,HOSHANGABAD,2002,Whole Year,Sugarcane,259,8260,31.89189189
Madhya Pradesh,HOSHANGABAD,2002,Whole Year,Sweet potato,297,1366,4.599326599
Madhya Pradesh,HOSHANGABAD,2002,Whole Year,Tomato,335,0,0
Madhya Pradesh,HOSHANGABAD,2002,Whole Year,Turmeric,24,12,0.5
Madhya Pradesh,HOSHANGABAD,2003,Kharif,Arhar/Tur,8180,8966,1.09608802
Madhya Pradesh,HOSHANGABAD,2003,Kharif,Bajra,19,20,1.052631579
Madhya Pradesh,HOSHANGABAD,2003,Kharif,Castor seed,1,0,0
Madhya Pradesh,HOSHANGABAD,2003,Kharif,Cotton(lint),25,21,0.84
Madhya Pradesh,HOSHANGABAD,2003,Kharif,Dry ginger,133,166,1.248120301
Madhya Pradesh,HOSHANGABAD,2003,Kharif,Groundnut,57,54,0.947368421
Madhya Pradesh,HOSHANGABAD,2003,Kharif,Jowar,1388,1704,1.227665706
Madhya Pradesh,HOSHANGABAD,2003,Kharif,Maize,1945,3906,2.008226221
Madhya Pradesh,HOSHANGABAD,2003,Kharif,Other Kharif pulses,408,113,0.276960784
Madhya Pradesh,HOSHANGABAD,2003,Kharif,Ragi,4,1,0.25
Madhya Pradesh,HOSHANGABAD,2003,Kharif,Rice,10526,13980,1.328139844
Madhya Pradesh,HOSHANGABAD,2003,Kharif,Sesamum,470,251,0.534042553
Madhya Pradesh,HOSHANGABAD,2003,Kharif,Small millets,2734,725,0.265179225
Madhya Pradesh,HOSHANGABAD,2003,Kharif,Soyabean,200517,205530,1.025000374
Madhya Pradesh,HOSHANGABAD,2003,Kharif,Sunflower,15,7,0.466666667
Madhya Pradesh,HOSHANGABAD,2003,Kharif,Urad,301,84,0.279069767
Madhya Pradesh,HOSHANGABAD,2003,Rabi,Barley,47,72,1.531914894
Madhya Pradesh,HOSHANGABAD,2003,Rabi,Gram,65803,82056,1.246994818
Madhya Pradesh,HOSHANGABAD,2003,Rabi,Jowar,89,132,1.483146067
Madhya Pradesh,HOSHANGABAD,2003,Rabi,Linseed,1147,584,0.509154316
Madhya Pradesh,HOSHANGABAD,2003,Rabi,Other  Rabi pulses,5084,2671,0.525373721
Madhya Pradesh,HOSHANGABAD,2003,Rabi,other misc. pulses,6,0.01,0.001666667
Madhya Pradesh,HOSHANGABAD,2003,Rabi,Rapeseed &Mustard,67,53,0.791044776
Madhya Pradesh,HOSHANGABAD,2003,Rabi,Urad,10,3,0.3
Madhya Pradesh,HOSHANGABAD,2003,Rabi,Wheat,178476,439313,2.461468209
Madhya Pradesh,HOSHANGABAD,2003,Whole Year,Banana,16,430,26.875
Madhya Pradesh,HOSHANGABAD,2003,Whole Year,Beans & Mutter(Vegetable),227,0,0
Madhya Pradesh,HOSHANGABAD,2003,Whole Year,Bhindi,365,0,0
Madhya Pradesh,HOSHANGABAD,2003,Whole Year,Brinjal,355,0,0
Madhya Pradesh,HOSHANGABAD,2003,Whole Year,Cabbage,217,0,0
Madhya Pradesh,HOSHANGABAD,2003,Whole Year,Cauliflower,263,0,0
Madhya Pradesh,HOSHANGABAD,2003,Whole Year,Citrus Fruit,172,0,0
Madhya Pradesh,HOSHANGABAD,2003,Whole Year,Coriander,403,144,0.357320099
Madhya Pradesh,HOSHANGABAD,2003,Whole Year,Dry chillies,442,353,0.798642534
Madhya Pradesh,HOSHANGABAD,2003,Whole Year,Garlic,131,427,3.259541985
Madhya Pradesh,HOSHANGABAD,2003,Whole Year,Mango,266,0,0
Madhya Pradesh,HOSHANGABAD,2003,Whole Year,Onion,474,6064,12.79324895
Madhya Pradesh,HOSHANGABAD,2003,Whole Year,Orange,34,0,0
Madhya Pradesh,HOSHANGABAD,2003,Whole Year,Other Citrus Fruit,5,0,0
Madhya Pradesh,HOSHANGABAD,2003,Whole Year,Other Fresh Fruits,494,0,0
Madhya Pradesh,HOSHANGABAD,2003,Whole Year,Other Vegetables,1293,0,0
Madhya Pradesh,HOSHANGABAD,2003,Whole Year,Papaya,19,882,46.42105263
Madhya Pradesh,HOSHANGABAD,2003,Whole Year,Pome Fruit,465,0,0
Madhya Pradesh,HOSHANGABAD,2003,Whole Year,Potato,286,3432,12
Madhya Pradesh,HOSHANGABAD,2003,Whole Year,Sannhamp,6,17,2.833333333
Madhya Pradesh,HOSHANGABAD,2003,Whole Year,Sugarcane,402,12820,31.89054726
Madhya Pradesh,HOSHANGABAD,2003,Whole Year,Sweet potato,318,1517,4.770440252
Madhya Pradesh,HOSHANGABAD,2003,Whole Year,Tomato,377,0,0
Madhya Pradesh,HOSHANGABAD,2003,Whole Year,Turmeric,7,10,1.428571429
Madhya Pradesh,HOSHANGABAD,2003,Whole Year,Water Melon,373,0,0
Madhya Pradesh,HOSHANGABAD,2004,Kharif,Arhar/Tur,8326,8702,1.045159741
Madhya Pradesh,HOSHANGABAD,2004,Kharif,Bajra,12,12,1
Madhya Pradesh,HOSHANGABAD,2004,Kharif,Castor seed,6,2,0.333333333
Madhya Pradesh,HOSHANGABAD,2004,Kharif,Cotton(lint),25,26,1.04
Madhya Pradesh,HOSHANGABAD,2004,Kharif,Dry ginger,137,174,1.270072993
Madhya Pradesh,HOSHANGABAD,2004,Kharif,Groundnut,70,70,1
Madhya Pradesh,HOSHANGABAD,2004,Kharif,Horse-gram,13,4,0.307692308
Madhya Pradesh,HOSHANGABAD,2004,Kharif,Jowar,1352,1632,1.207100592
Madhya Pradesh,HOSHANGABAD,2004,Kharif,Maize,1941,2362,1.216898506
Madhya Pradesh,HOSHANGABAD,2004,Kharif,Rice,11625,11298,0.971870968
Madhya Pradesh,HOSHANGABAD,2004,Kharif,Sesamum,629,368,0.585055644
Madhya Pradesh,HOSHANGABAD,2004,Kharif,Small millets,2511,524,0.2086818
Madhya Pradesh,HOSHANGABAD,2004,Kharif,Soyabean,203970,110756,0.543001422
Madhya Pradesh,HOSHANGABAD,2004,Kharif,Urad,219,66,0.301369863
Madhya Pradesh,HOSHANGABAD,2004,Rabi,Barley,36,50,1.388888889
Madhya Pradesh,HOSHANGABAD,2004,Rabi,Gram,55924,62359,1.115066876
Madhya Pradesh,HOSHANGABAD,2004,Rabi,Jowar,117,140,1.196581197
Madhya Pradesh,HOSHANGABAD,2004,Rabi,Linseed,932,490,0.525751073
Madhya Pradesh,HOSHANGABAD,2004,Rabi,Masoor,2590,1435,0.554054054
Madhya Pradesh,HOSHANGABAD,2004,Rabi,Rapeseed &Mustard,66,59,0.893939394
Madhya Pradesh,HOSHANGABAD,2004,Rabi,Urad,6,2,0.333333333
Madhya Pradesh,HOSHANGABAD,2004,Rabi,Wheat,192727,449691,2.33330566
Madhya Pradesh,HOSHANGABAD,2004,Whole Year,Coriander,396,160,0.404040404
Madhya Pradesh,HOSHANGABAD,2004,Whole Year,Garlic,127,502,3.952755906
Madhya Pradesh,HOSHANGABAD,2004,Whole Year,Onion,463,8070,17.42980562
Madhya Pradesh,HOSHANGABAD,2004,Whole Year,Potato,263,3581,13.61596958
Madhya Pradesh,HOSHANGABAD,2004,Whole Year,Sugarcane,179,5800,32.40223464
Madhya Pradesh,HOSHANGABAD,2004,Whole Year,Sweet potato,374,2012,5.379679144
Madhya Pradesh,HOSHANGABAD,2004,Whole Year,Turmeric,4,6,1.5
Madhya Pradesh,HOSHANGABAD,2005,Kharif,Arhar/Tur,12153,12517,1.029951452
Madhya Pradesh,HOSHANGABAD,2005,Kharif,Bajra,7,8,1.142857143
Madhya Pradesh,HOSHANGABAD,2005,Kharif,Castor seed,1,,
Madhya Pradesh,HOSHANGABAD,2005,Kharif,Groundnut,76,77,1.013157895
Madhya Pradesh,HOSHANGABAD,2005,Kharif,Jowar,1108,1276,1.151624549
Madhya Pradesh,HOSHANGABAD,2005,Kharif,Maize,1928,2973,1.542012448
Madhya Pradesh,HOSHANGABAD,2005,Kharif,Moong(Green Gram),96,29,0.302083333
Madhya Pradesh,HOSHANGABAD,2005,Kharif,Niger seed,5,2,0.4
Madhya Pradesh,HOSHANGABAD,2005,Kharif,Rice,14052,18009,1.281596926
Madhya Pradesh,HOSHANGABAD,2005,Kharif,Sesamum,367,177,0.482288828
Madhya Pradesh,HOSHANGABAD,2005,Kharif,Small millets,257,103,0.40077821
Madhya Pradesh,HOSHANGABAD,2005,Kharif,Soyabean,188495,198108,1.0509987
Madhya Pradesh,HOSHANGABAD,2005,Kharif,Urad,172,51,0.296511628
Madhya Pradesh,HOSHANGABAD,2005,Rabi,Barley,81,137,1.691358025
Madhya Pradesh,HOSHANGABAD,2005,Rabi,Gram,50113,60085,1.198990282
Madhya Pradesh,HOSHANGABAD,2005,Rabi,Jowar,53,135,2.547169811
Madhya Pradesh,HOSHANGABAD,2005,Rabi,Linseed,221,132,0.597285068
Madhya Pradesh,HOSHANGABAD,2005,Rabi,Masoor,2269,1277,0.562802997
Madhya Pradesh,HOSHANGABAD,2005,Rabi,Peas & beans (Pulses),1189,569,0.478553406
Madhya Pradesh,HOSHANGABAD,2005,Rabi,Rapeseed &Mustard,323,287,0.888544892
Madhya Pradesh,HOSHANGABAD,2005,Rabi,Urad,1,,
Madhya Pradesh,HOSHANGABAD,2005,Rabi,Wheat,202628,450475,2.223162643
Madhya Pradesh,HOSHANGABAD,2005,Whole Year,Onion,644,9348,14.51552795
Madhya Pradesh,HOSHANGABAD,2005,Whole Year,Potato,331,3885,11.73716012
Madhya Pradesh,HOSHANGABAD,2005,Whole Year,Sugarcane,817,27160,33.24357405
Madhya Pradesh,HOSHANGABAD,2005,Whole Year,Sweet potato,310,1694,5.464516129
Madhya Pradesh,HOSHANGABAD,2006,Kharif,Arhar/Tur,8806,8583,0.974676357
Madhya Pradesh,HOSHANGABAD,2006,Kharif,Bajra,24,27,1.125
Madhya Pradesh,HOSHANGABAD,2006,Kharif,Castor seed,4,2,0.5
Madhya Pradesh,HOSHANGABAD,2006,Kharif,Cotton(lint),28,41,1.464285714
Madhya Pradesh,HOSHANGABAD,2006,Kharif,Dry ginger,146,188,1.287671233
Madhya Pradesh,HOSHANGABAD,2006,Kharif,Groundnut,125,97,0.776
Madhya Pradesh,HOSHANGABAD,2006,Kharif,Jowar,1125,1357,1.206222222
Madhya Pradesh,HOSHANGABAD,2006,Kharif,Jute,2,6,3
Madhya Pradesh,HOSHANGABAD,2006,Kharif,Maize,1621,1649,1.017273288
Madhya Pradesh,HOSHANGABAD,2006,Kharif,Moong(Green Gram),152,47,0.309210526
Madhya Pradesh,HOSHANGABAD,2006,Kharif,Other Kharif pulses,17,6,0.352941176
Madhya Pradesh,HOSHANGABAD,2006,Kharif,Rice,15232,20226,1.327862395
Madhya Pradesh,HOSHANGABAD,2006,Kharif,Small millets,2116,518,0.244801512
Madhya Pradesh,HOSHANGABAD,2006,Kharif,Soyabean,194858,237142,1.216999045
Madhya Pradesh,HOSHANGABAD,2006,Kharif,Sunflower,42,23,0.547619048
Madhya Pradesh,HOSHANGABAD,2006,Kharif,Urad,155,47,0.303225806
Madhya Pradesh,HOSHANGABAD,2006,Rabi,Gram,47283,56881,1.202990504
Madhya Pradesh,HOSHANGABAD,2006,Rabi,Jowar,41,91,2.219512195
Madhya Pradesh,HOSHANGABAD,2006,Rabi,Khesari,152,114,0.75
Madhya Pradesh,HOSHANGABAD,2006,Rabi,Linseed,169,105,0.621301775
Madhya Pradesh,HOSHANGABAD,2006,Rabi,Masoor,1967,1125,0.57193696
Madhya Pradesh,HOSHANGABAD,2006,Rabi,Moong(Green Gram),337,129,0.382789318
Madhya Pradesh,HOSHANGABAD,2006,Rabi,Other  Rabi pulses,349,164,0.46991404
Madhya Pradesh,HOSHANGABAD,2006,Rabi,Peas & beans (Pulses),1160,572,0.493103448
Madhya Pradesh,HOSHANGABAD,2006,Rabi,Rapeseed &Mustard,63,56,0.888888889
Madhya Pradesh,HOSHANGABAD,2006,Rabi,Urad,5,2,0.4
Madhya Pradesh,HOSHANGABAD,2006,Rabi,Wheat,209184,568680,2.718563561
Madhya Pradesh,HOSHANGABAD,2006,Whole Year,Banana,10,248,24.8
Madhya Pradesh,HOSHANGABAD,2006,Whole Year,Coriander,360,167,0.463888889
Madhya Pradesh,HOSHANGABAD,2006,Whole Year,Dry chillies,754,818,1.084880637
Madhya Pradesh,HOSHANGABAD,2006,Whole Year,Garlic,82,430,5.243902439
Madhya Pradesh,HOSHANGABAD,2006,Whole Year,Onion,537,10704,19.93296089
Madhya Pradesh,HOSHANGABAD,2006,Whole Year,Potato,281,3272,11.64412811
Madhya Pradesh,HOSHANGABAD,2006,Whole Year,Sesamum,281,114,0.40569395
Madhya Pradesh,HOSHANGABAD,2006,Whole Year,Sugarcane,1783,59250,33.23051038
Madhya Pradesh,HOSHANGABAD,2006,Whole Year,Sweet potato,390,1997,5.120512821
Madhya Pradesh,HOSHANGABAD,2006,Whole Year,Turmeric,14,20,1.428571429
Madhya Pradesh,HOSHANGABAD,2007,Kharif,Arhar/Tur,7300,6962,0.95369863
Madhya Pradesh,HOSHANGABAD,2007,Kharif,Bajra,18,18,1
Madhya Pradesh,HOSHANGABAD,2007,Kharif,Castor seed,13,5,0.384615385
Madhya Pradesh,HOSHANGABAD,2007,Kharif,Cotton(lint),12,2,0.166666667
Madhya Pradesh,HOSHANGABAD,2007,Kharif,Groundnut,158,154,0.974683544
Madhya Pradesh,HOSHANGABAD,2007,Kharif,Jowar,1000,1221,1.221
Madhya Pradesh,HOSHANGABAD,2007,Kharif,Maize,1441,1886,1.308813324
Madhya Pradesh,HOSHANGABAD,2007,Kharif,Niger seed,9,3,0.333333333
Madhya Pradesh,HOSHANGABAD,2007,Kharif,Rice,16540,26753,1.617472793
Madhya Pradesh,HOSHANGABAD,2007,Kharif,Soyabean,206698,225301,1.090000871
Madhya Pradesh,HOSHANGABAD,2007,Kharif,Urad,227,66,0.290748899
Madhya Pradesh,HOSHANGABAD,2007,Rabi,Barley,27,44,1.62962963
Madhya Pradesh,HOSHANGABAD,2007,Rabi,Gram,41646,59137,1.419992316
Madhya Pradesh,HOSHANGABAD,2007,Rabi,Jowar,19,39,2.052631579
Madhya Pradesh,HOSHANGABAD,2007,Rabi,Khesari,229,130,0.56768559
Madhya Pradesh,HOSHANGABAD,2007,Rabi,Linseed,186,102,0.548387097
Madhya Pradesh,HOSHANGABAD,2007,Rabi,Masoor,1491,852,0.571428571
Madhya Pradesh,HOSHANGABAD,2007,Rabi,Peas & beans (Pulses),1131,532,0.470380195
Madhya Pradesh,HOSHANGABAD,2007,Rabi,Rapeseed &Mustard,140,120,0.857142857
Madhya Pradesh,HOSHANGABAD,2007,Rabi,Safflower,41,15,0.365853659
Madhya Pradesh,HOSHANGABAD,2007,Rabi,Wheat,217612,698551,3.210075731
Madhya Pradesh,HOSHANGABAD,2007,Whole Year,Banana,5,297,59.4
Madhya Pradesh,HOSHANGABAD,2007,Whole Year,Coriander,430,196,0.455813953
Madhya Pradesh,HOSHANGABAD,2007,Whole Year,Garlic,85,342,4.023529412
Madhya Pradesh,HOSHANGABAD,2007,Whole Year,Onion,539,6917,12.83302412
Madhya Pradesh,HOSHANGABAD,2007,Whole Year,Potato,285,3115,10.92982456
Madhya Pradesh,HOSHANGABAD,2007,Whole Year,Sesamum,288,143,0.496527778
Madhya Pradesh,HOSHANGABAD,2007,Whole Year,Small millets,11,3,0.272727273
Madhya Pradesh,HOSHANGABAD,2007,Whole Year,Sugarcane,2002,62380,31.15884116
Madhya Pradesh,HOSHANGABAD,2007,Whole Year,Sunflower,57,32,0.561403509
Madhya Pradesh,HOSHANGABAD,2007,Whole Year,Sweet potato,269,1470,5.464684015
Madhya Pradesh,HOSHANGABAD,2007,Whole Year,Turmeric,13,17,1.307692308
Madhya Pradesh,HOSHANGABAD,2008,Kharif,Arhar/Tur,6507,7317,1.124481328
Madhya Pradesh,HOSHANGABAD,2008,Kharif,Bajra,59,65,1.101694915
Madhya Pradesh,HOSHANGABAD,2008,Kharif,Castor seed,11,4,0.363636364
Madhya Pradesh,HOSHANGABAD,2008,Kharif,Cotton(lint),35,8,0.228571429
Madhya Pradesh,HOSHANGABAD,2008,Kharif,Groundnut,136,117,0.860294118
Madhya Pradesh,HOSHANGABAD,2008,Kharif,Jowar,980,1262,1.287755102
Madhya Pradesh,HOSHANGABAD,2008,Kharif,Maize,1338,1793,1.340059791
Madhya Pradesh,HOSHANGABAD,2008,Kharif,Niger seed,4,1,0.25
Madhya Pradesh,HOSHANGABAD,2008,Kharif,Rice,17083,25152,1.472340924
Madhya Pradesh,HOSHANGABAD,2008,Kharif,Soyabean,211925,179077,0.845001769
Madhya Pradesh,HOSHANGABAD,2008,Kharif,Urad,269,81,0.301115242
Madhya Pradesh,HOSHANGABAD,2008,Rabi,Barley,5,8,1.6
Madhya Pradesh,HOSHANGABAD,2008,Rabi,Gram,44640,57586,1.290008961
Madhya Pradesh,HOSHANGABAD,2008,Rabi,Jowar,8,20,2.5
Madhya Pradesh,HOSHANGABAD,2008,Rabi,Khesari,276,193,0.699275362
Madhya Pradesh,HOSHANGABAD,2008,Rabi,Linseed,109,69,0.633027523
Madhya Pradesh,HOSHANGABAD,2008,Rabi,Masoor,1478,845,0.571718539
Madhya Pradesh,HOSHANGABAD,2008,Rabi,Peas & beans (Pulses),834,405,0.485611511
Madhya Pradesh,HOSHANGABAD,2008,Rabi,Rapeseed &Mustard,92,85,0.923913043
Madhya Pradesh,HOSHANGABAD,2008,Rabi,Urad,7,2,0.285714286
Madhya Pradesh,HOSHANGABAD,2008,Rabi,Wheat,219007,607398,2.773418201
Madhya Pradesh,HOSHANGABAD,2008,Whole Year,Banana,3,143,47.66666667
Madhya Pradesh,HOSHANGABAD,2008,Whole Year,Coriander,279,127,0.455197133
Madhya Pradesh,HOSHANGABAD,2008,Whole Year,Garlic,84,338,4.023809524
Madhya Pradesh,HOSHANGABAD,2008,Whole Year,Onion,519,6760,13.02504817
Madhya Pradesh,HOSHANGABAD,2008,Whole Year,Potato,347,3388,9.763688761
Madhya Pradesh,HOSHANGABAD,2008,Whole Year,Sesamum,190,93,0.489473684
Madhya Pradesh,HOSHANGABAD,2008,Whole Year,Small millets,1439,386,0.268241835
Madhya Pradesh,HOSHANGABAD,2008,Whole Year,Sugarcane,1090,36230,33.23853211
Madhya Pradesh,HOSHANGABAD,2008,Whole Year,Sweet potato,261,1426,5.463601533
Madhya Pradesh,HOSHANGABAD,2008,Whole Year,Turmeric,13,19,1.461538462
Madhya Pradesh,HOSHANGABAD,2009,Kharif,Cowpea(Lobia),21,7,0.333333333
Madhya Pradesh,HOSHANGABAD,2009,Kharif,Jowar,968,1345,1.38946281
Madhya Pradesh,HOSHANGABAD,2009,Kharif,Moong(Green Gram),78,24,0.307692308
Madhya Pradesh,HOSHANGABAD,2009,Kharif,Small millets,1312,344,0.262195122
Madhya Pradesh,HOSHANGABAD,2009,Kharif,Urad,153,44,0.287581699
Madhya Pradesh,HOSHANGABAD,2009,Rabi,Cowpea(Lobia),82,38,0.463414634
Madhya Pradesh,HOSHANGABAD,2009,Rabi,Horse-gram,6,1,0.166666667
Madhya Pradesh,HOSHANGABAD,2009,Rabi,Jowar,17,40,2.352941176
Madhya Pradesh,HOSHANGABAD,2009,Rabi,Moong(Green Gram),236,88,0.372881356
Madhya Pradesh,HOSHANGABAD,2009,Rabi,Small millets,2,1,0.5
Madhya Pradesh,HOSHANGABAD,2009,Rabi,Urad,8,2,0.25
Madhya Pradesh,HOSHANGABAD,2009,Whole Year,Arhar/Tur,6366,6787,1.066132579
Madhya Pradesh,HOSHANGABAD,2009,Whole Year,Bajra,41,45,1.097560976
Madhya Pradesh,HOSHANGABAD,2009,Whole Year,Banana,2,118,59
Madhya Pradesh,HOSHANGABAD,2009,Whole Year,Barley,4,9,2.25
Madhya Pradesh,HOSHANGABAD,2009,Whole Year,Castor seed,7,3,0.428571429
Madhya Pradesh,HOSHANGABAD,2009,Whole Year,Coriander,327,149,0.455657492
Madhya Pradesh,HOSHANGABAD,2009,Whole Year,Cotton(lint),2,,
Madhya Pradesh,HOSHANGABAD,2009,Whole Year,Dry chillies,512,1057,2.064453125
Madhya Pradesh,HOSHANGABAD,2009,Whole Year,Dry ginger,171,221,1.292397661
Madhya Pradesh,HOSHANGABAD,2009,Whole Year,Garlic,97,390,4.020618557
Madhya Pradesh,HOSHANGABAD,2009,Whole Year,Gram,34621,48227,1.392998469
Madhya Pradesh,HOSHANGABAD,2009,Whole Year,Groundnut,76,63,0.828947368
Madhya Pradesh,HOSHANGABAD,2009,Whole Year,Khesari,188,126,0.670212766
Madhya Pradesh,HOSHANGABAD,2009,Whole Year,Linseed,41,28,0.682926829
Madhya Pradesh,HOSHANGABAD,2009,Whole Year,Maize,1251,1465,1.171063149
Madhya Pradesh,HOSHANGABAD,2009,Whole Year,Masoor,999,545,0.545545546
Madhya Pradesh,HOSHANGABAD,2009,Whole Year,Onion,527,7001,13.28462998
Madhya Pradesh,HOSHANGABAD,2009,Whole Year,Peas & beans (Pulses),684,322,0.470760234
Madhya Pradesh,HOSHANGABAD,2009,Whole Year,Potato,342,3197,9.347953216
Madhya Pradesh,HOSHANGABAD,2009,Whole Year,Rapeseed &Mustard,170,157,0.923529412
Madhya Pradesh,HOSHANGABAD,2009,Whole Year,Rice,19907,33040,1.659717687
Madhya Pradesh,HOSHANGABAD,2009,Whole Year,Safflower,4,1,0.25
Madhya Pradesh,HOSHANGABAD,2009,Whole Year,Sannhamp,2,1,0.5
Madhya Pradesh,HOSHANGABAD,2009,Whole Year,Sesamum,236,119,0.504237288
Madhya Pradesh,HOSHANGABAD,2009,Whole Year,Soyabean,214734,283019,1.317998081
Madhya Pradesh,HOSHANGABAD,2009,Whole Year,Sugarcane,837,27820,33.23775388
Madhya Pradesh,HOSHANGABAD,2009,Whole Year,Sweet potato,288,1574,5.465277778
Madhya Pradesh,HOSHANGABAD,2009,Whole Year,Turmeric,15,22,1.466666667
Madhya Pradesh,HOSHANGABAD,2009,Whole Year,Wheat,232477,700109,3.011519419
Madhya Pradesh,HOSHANGABAD,2010,Kharif,Arhar/Tur,11004,6693,0.60823337
Madhya Pradesh,HOSHANGABAD,2010,Kharif,Bajra,43,71,1.651162791
Madhya Pradesh,HOSHANGABAD,2010,Kharif,Castor seed,34,17,0.5
Madhya Pradesh,HOSHANGABAD,2010,Kharif,Cowpea(Lobia),25,7,0.28
Madhya Pradesh,HOSHANGABAD,2010,Kharif,Groundnut,50,56,1.12
Madhya Pradesh,HOSHANGABAD,2010,Kharif,Jowar,769,1468,1.908972692
Madhya Pradesh,HOSHANGABAD,2010,Kharif,Maize,999,1746,1.747747748
Madhya Pradesh,HOSHANGABAD,2010,Kharif,Moong(Green Gram),136,50,0.367647059
Madhya Pradesh,HOSHANGABAD,2010,Kharif,Other Kharif pulses,1,,
Madhya Pradesh,HOSHANGABAD,2010,Kharif,Rice,23719,54441,2.295248535
Madhya Pradesh,HOSHANGABAD,2010,Kharif,Small millets,768,283,0.368489583
Madhya Pradesh,HOSHANGABAD,2010,Kharif,Soyabean,216702,138333,0.638355899
Madhya Pradesh,HOSHANGABAD,2010,Kharif,Urad,226,78,0.345132743
Madhya Pradesh,HOSHANGABAD,2010,Rabi,Barley,5,11,2.2
Madhya Pradesh,HOSHANGABAD,2010,Rabi,Cowpea(Lobia),90,33,0.366666667
Madhya Pradesh,HOSHANGABAD,2010,Rabi,Gram,28246,41098,1.455002478
Madhya Pradesh,HOSHANGABAD,2010,Rabi,Jowar,16,44,2.75
Madhya Pradesh,HOSHANGABAD,2010,Rabi,Khesari,100,65,0.65
Madhya Pradesh,HOSHANGABAD,2010,Rabi,Linseed,27,17,0.62962963
Madhya Pradesh,HOSHANGABAD,2010,Rabi,Masoor,678,335,0.494100295
Madhya Pradesh,HOSHANGABAD,2010,Rabi,Moong(Green Gram),370,115,0.310810811
Madhya Pradesh,HOSHANGABAD,2010,Rabi,Peas & beans (Pulses),589,249,0.422750424
Madhya Pradesh,HOSHANGABAD,2010,Rabi,Rapeseed &Mustard,55,55,1
Madhya Pradesh,HOSHANGABAD,2010,Rabi,Urad,8,3,0.375
Madhya Pradesh,HOSHANGABAD,2010,Rabi,Wheat,242251,853964,3.525120639
Madhya Pradesh,HOSHANGABAD,2010,Whole Year,Banana,2,84,42
Madhya Pradesh,HOSHANGABAD,2010,Whole Year,Coriander,330,152,0.460606061
Madhya Pradesh,HOSHANGABAD,2010,Whole Year,Dry chillies,496,1582,3.189516129
Madhya Pradesh,HOSHANGABAD,2010,Whole Year,Dry ginger,103,141,1.368932039
Madhya Pradesh,HOSHANGABAD,2010,Whole Year,Garlic,119,406,3.411764706
Madhya Pradesh,HOSHANGABAD,2010,Whole Year,Onion,503,8270,16.44135189
Madhya Pradesh,HOSHANGABAD,2010,Whole Year,Potato,346,3419,9.88150289
Madhya Pradesh,HOSHANGABAD,2010,Whole Year,Sesamum,216,186,0.861111111
Madhya Pradesh,HOSHANGABAD,2010,Whole Year,Sugarcane,1572,54690,34.79007634
Madhya Pradesh,HOSHANGABAD,2010,Whole Year,Sweet potato,308,1363,4.425324675
Madhya Pradesh,HOSHANGABAD,2010,Whole Year,Turmeric,14,17,1.214285714
Madhya Pradesh,HOSHANGABAD,2011,Kharif,Arhar/Tur,8334,7750,0.929925606
Madhya Pradesh,HOSHANGABAD,2011,Kharif,Bajra,21,31,1.476190476
Madhya Pradesh,HOSHANGABAD,2011,Kharif,Barley,4,12,3
Madhya Pradesh,HOSHANGABAD,2011,Kharif,Castor seed,8,3,0.375
Madhya Pradesh,HOSHANGABAD,2011,Kharif,Groundnut,67,80,1.194029851
Madhya Pradesh,HOSHANGABAD,2011,Kharif,Jowar,553,895,1.618444846
Madhya Pradesh,HOSHANGABAD,2011,Kharif,Maize,1104,1341,1.214673913
Madhya Pradesh,HOSHANGABAD,2011,Kharif,Moong(Green Gram),61,14,0.229508197
Madhya Pradesh,HOSHANGABAD,2011,Kharif,Other Kharif pulses,33,10,0.303030303
Madhya Pradesh,HOSHANGABAD,2011,Kharif,Rice,25270,50110,1.982983775
Madhya Pradesh,HOSHANGABAD,2011,Kharif,Small millets,237,75,0.316455696
Madhya Pradesh,HOSHANGABAD,2011,Kharif,Soyabean,220745,141498,0.641002061
Madhya Pradesh,HOSHANGABAD,2011,Kharif,Urad,127,27,0.212598425
Madhya Pradesh,HOSHANGABAD,2011,Rabi,Gram,21797,33866,1.55370005
Madhya Pradesh,HOSHANGABAD,2011,Rabi,Jowar,7,21,3
Madhya Pradesh,HOSHANGABAD,2011,Rabi,Khesari,43,35,0.813953488
Madhya Pradesh,HOSHANGABAD,2011,Rabi,Masoor,473,227,0.479915433
Madhya Pradesh,HOSHANGABAD,2011,Rabi,Moong(Green Gram),686,235,0.342565598
Madhya Pradesh,HOSHANGABAD,2011,Rabi,Other  Rabi pulses,90,31,0.344444444
Madhya Pradesh,HOSHANGABAD,2011,Rabi,Peas & beans (Pulses),540,244,0.451851852
Madhya Pradesh,HOSHANGABAD,2011,Rabi,Urad,2,1,0.5
Madhya Pradesh,HOSHANGABAD,2011,Rabi,Wheat,250555,1186378,4.735000299
Madhya Pradesh,HOSHANGABAD,2011,Whole Year,Coriander,299,156,0.52173913
Madhya Pradesh,HOSHANGABAD,2011,Whole Year,Dry chillies,580,1232,2.124137931
Madhya Pradesh,HOSHANGABAD,2011,Whole Year,Dry ginger,153,170,1.111111111
Madhya Pradesh,HOSHANGABAD,2011,Whole Year,Garlic,85,312,3.670588235
Madhya Pradesh,HOSHANGABAD,2011,Whole Year,Onion,472,8533,18.07838983
Madhya Pradesh,HOSHANGABAD,2011,Whole Year,Potato,357,3808,10.66666667
Madhya Pradesh,HOSHANGABAD,2011,Whole Year,Sesamum,403,329,0.816377171
Madhya Pradesh,HOSHANGABAD,2011,Whole Year,Sugarcane,1056,27210,25.76704545
Madhya Pradesh,HOSHANGABAD,2011,Whole Year,Sweet potato,254,1173,4.618110236
Madhya Pradesh,HOSHANGABAD,2011,Whole Year,Turmeric,24,32,1.333333333
Madhya Pradesh,HOSHANGABAD,2012,Kharif,Arhar/Tur,6461,6595,1.020739824
Madhya Pradesh,HOSHANGABAD,2012,Kharif,Bajra,17,30,1.764705882
Madhya Pradesh,HOSHANGABAD,2012,Kharif,Barley,4,9,2.25
Madhya Pradesh,HOSHANGABAD,2012,Kharif,Cotton(lint),3,4,1.333333333
Madhya Pradesh,HOSHANGABAD,2012,Kharif,Groundnut,59,85,1.440677966
Madhya Pradesh,HOSHANGABAD,2012,Kharif,Jowar,200,491,2.455
Madhya Pradesh,HOSHANGABAD,2012,Kharif,Maize,987,3948,4
Madhya Pradesh,HOSHANGABAD,2012,Kharif,Moong(Green Gram),98,29,0.295918367
Madhya Pradesh,HOSHANGABAD,2012,Kharif,Other Kharif pulses,200,68,0.34
Madhya Pradesh,HOSHANGABAD,2012,Kharif,Ragi,1,,
Madhya Pradesh,HOSHANGABAD,2012,Kharif,Rice,29322,194687,6.639622127
Madhya Pradesh,HOSHANGABAD,2012,Kharif,Small millets,164,61,0.37195122
Madhya Pradesh,HOSHANGABAD,2012,Kharif,Soyabean,223664,192798,0.861998355
Madhya Pradesh,HOSHANGABAD,2012,Kharif,Urad,143,41,0.286713287
Madhya Pradesh,HOSHANGABAD,2012,Rabi,Gram,19714,27373,1.388505631
Madhya Pradesh,HOSHANGABAD,2012,Rabi,Jowar,2,8,4
Madhya Pradesh,HOSHANGABAD,2012,Rabi,Khesari,31,28,0.903225806
Madhya Pradesh,HOSHANGABAD,2012,Rabi,Masoor,293,218,0.744027304
Madhya Pradesh,HOSHANGABAD,2012,Rabi,Moong(Green Gram),284,104,0.366197183
Madhya Pradesh,HOSHANGABAD,2012,Rabi,Other  Rabi pulses,173,41,0.23699422
Madhya Pradesh,HOSHANGABAD,2012,Rabi,Peas & beans (Pulses),534,300,0.561797753
Madhya Pradesh,HOSHANGABAD,2012,Rabi,Rapeseed &Mustard,64,84,1.3125
Madhya Pradesh,HOSHANGABAD,2012,Rabi,Urad,2,1,0.5
Madhya Pradesh,HOSHANGABAD,2012,Rabi,Wheat,259950,1015365,3.906001154
Madhya Pradesh,HOSHANGABAD,2012,Whole Year,Coriander,305,143,0.468852459
Madhya Pradesh,HOSHANGABAD,2012,Whole Year,Dry chillies,502,1378,2.74501992
Madhya Pradesh,HOSHANGABAD,2012,Whole Year,Dry ginger,114,159,1.394736842
Madhya Pradesh,HOSHANGABAD,2012,Whole Year,Garlic,78,315,4.038461538
Madhya Pradesh,HOSHANGABAD,2012,Whole Year,Onion,457,9012,19.71991247
Madhya Pradesh,HOSHANGABAD,2012,Whole Year,Potato,390,4361,11.18205128
Madhya Pradesh,HOSHANGABAD,2012,Whole Year,Sesamum,368,256,0.695652174
Madhya Pradesh,HOSHANGABAD,2012,Whole Year,Sugarcane,1451,54610,37.63611303
Madhya Pradesh,HOSHANGABAD,2012,Whole Year,Sweet potato,259,1339,5.16988417
Madhya Pradesh,HOSHANGABAD,2012,Whole Year,Turmeric,24,32,1.333333333
Madhya Pradesh,HOSHANGABAD,2013,Kharif,Arhar/Tur,3210,2361,0.735514019
Madhya Pradesh,HOSHANGABAD,2013,Kharif,Bajra,18,22,1.222222222
Madhya Pradesh,HOSHANGABAD,2013,Kharif,Barley,7,13,1.857142857
Madhya Pradesh,HOSHANGABAD,2013,Kharif,Castor seed,4,2,0.5
Madhya Pradesh,HOSHANGABAD,2013,Kharif,Groundnut,54,47,0.87037037
Madhya Pradesh,HOSHANGABAD,2013,Kharif,Jowar,12,14,1.166666667
Madhya Pradesh,HOSHANGABAD,2013,Kharif,Maize,1425,2207,1.54877193
Madhya Pradesh,HOSHANGABAD,2013,Kharif,Moong(Green Gram),96,23,0.239583333
Madhya Pradesh,HOSHANGABAD,2013,Kharif,Other Kharif pulses,44,23,0.522727273
Madhya Pradesh,HOSHANGABAD,2013,Kharif,Rice,40939,64662,1.579471897
Madhya Pradesh,HOSHANGABAD,2013,Kharif,Small millets,154,52,0.337662338
Madhya Pradesh,HOSHANGABAD,2013,Kharif,Soyabean,213184,21105,0.098998987
Madhya Pradesh,HOSHANGABAD,2013,Kharif,Urad,132,25,0.189393939
Madhya Pradesh,HOSHANGABAD,2013,Rabi,Gram,30533,32711,1.071332656
Madhya Pradesh,HOSHANGABAD,2013,Rabi,Khesari,13,7,0.538461538
Madhya Pradesh,HOSHANGABAD,2013,Rabi,Masoor,476,214,0.449579832
Madhya Pradesh,HOSHANGABAD,2013,Rabi,Moong(Green Gram),72449,33174,0.457894519
Madhya Pradesh,HOSHANGABAD,2013,Rabi,Other  Rabi pulses,164,36,0.219512195
Madhya Pradesh,HOSHANGABAD,2013,Rabi,Peas & beans (Pulses),841,308,0.366230678
Madhya Pradesh,HOSHANGABAD,2013,Rabi,Rapeseed &Mustard,295,229,0.776271186
Madhya Pradesh,HOSHANGABAD,2013,Rabi,Urad,3,2,0.666666667
Madhya Pradesh,HOSHANGABAD,2013,Rabi,Wheat,260258,829182,3.186000046
Madhya Pradesh,HOSHANGABAD,2013,Whole Year,Coriander,302,129,0.427152318
Madhya Pradesh,HOSHANGABAD,2013,Whole Year,Dry chillies,376,546,1.45212766
Madhya Pradesh,HOSHANGABAD,2013,Whole Year,Dry ginger,76,124,1.631578947
Madhya Pradesh,HOSHANGABAD,2013,Whole Year,Garlic,68,275,4.044117647
Madhya Pradesh,HOSHANGABAD,2013,Whole Year,Onion,361,5842,16.18282548
Madhya Pradesh,HOSHANGABAD,2013,Whole Year,Potato,412,3849,9.34223301
Madhya Pradesh,HOSHANGABAD,2013,Whole Year,Sesamum,57,18,0.315789474
Madhya Pradesh,HOSHANGABAD,2013,Whole Year,Sugarcane,984,31620,32.13414634
Madhya Pradesh,HOSHANGABAD,2013,Whole Year,Sweet potato,231,1194,5.168831169
Madhya Pradesh,HOSHANGABAD,2013,Whole Year,Turmeric,20,28,1.4
Madhya Pradesh,INDORE,1997,Kharif,Arhar/Tur,800,500,0.625
Madhya Pradesh,INDORE,1997,Kharif,Groundnut,200,200,1
Madhya Pradesh,INDORE,1997,Kharif,Jowar,2500,2900,1.16
Madhya Pradesh,INDORE,1997,Kharif,Maize,10900,11600,1.064220183
Madhya Pradesh,INDORE,1997,Kharif,Soyabean,210700,244700,1.161366872
Madhya Pradesh,INDORE,1997,Rabi,Linseed,1600,900,0.5625
Madhya Pradesh,INDORE,1997,Rabi,Wheat,115700,274200,2.369922213
Madhya Pradesh,INDORE,1998,Kharif,Arhar/Tur,700,500,0.714285714
Madhya Pradesh,INDORE,1998,Kharif,Groundnut,100,200,2
Madhya Pradesh,INDORE,1998,Kharif,Jowar,1400,1800,1.285714286
Madhya Pradesh,INDORE,1998,Kharif,Maize,9200,10800,1.173913043
Madhya Pradesh,INDORE,1998,Kharif,Soyabean,214200,259200,1.210084034
Madhya Pradesh,INDORE,1998,Rabi,Gram,45100,37300,0.827050998
Madhya Pradesh,INDORE,1998,Rabi,Linseed,1300,800,0.615384615
Madhya Pradesh,INDORE,1998,Rabi,Wheat,121800,344900,2.831691297
Madhya Pradesh,INDORE,1998,Whole Year,Sugarcane,351,8080,23.01994302
Madhya Pradesh,INDORE,1999,Kharif,Arhar/Tur,503,419,0.833001988
Madhya Pradesh,INDORE,1999,Kharif,Bajra,3,1,0.333333333
Madhya Pradesh,INDORE,1999,Kharif,Cotton(lint),18,11,0.611111111
Madhya Pradesh,INDORE,1999,Kharif,Dry ginger,13,24,1.846153846
Madhya Pradesh,INDORE,1999,Kharif,Groundnut,151,185,1.225165563
Madhya Pradesh,INDORE,1999,Kharif,Jowar,338,412,1.218934911
Madhya Pradesh,INDORE,1999,Kharif,Maize,10318,14876,1.441752278
Madhya Pradesh,INDORE,1999,Kharif,Other Kharif pulses,400,114,0.285
Madhya Pradesh,INDORE,1999,Kharif,Rice,43,23,0.534883721
Madhya Pradesh,INDORE,1999,Kharif,Sesamum,9,4,0.444444444
Madhya Pradesh,INDORE,1999,Kharif,Soyabean,214490,318732,1.485999347
Madhya Pradesh,INDORE,1999,Kharif,Urad,259,79,0.305019305
Madhya Pradesh,INDORE,1999,Rabi,Barley,8,14,1.75
Madhya Pradesh,INDORE,1999,Rabi,Gram,42715,37632,0.88100199
Madhya Pradesh,INDORE,1999,Rabi,Linseed,989,667,0.674418605
Madhya Pradesh,INDORE,1999,Rabi,Other  Rabi pulses,1303,806,0.618572525
Madhya Pradesh,INDORE,1999,Rabi,Rapeseed &Mustard,56,46,0.821428571
Madhya Pradesh,INDORE,1999,Rabi,Safflower,18,9,0.5
Madhya Pradesh,INDORE,1999,Rabi,Wheat,128855,283060,2.196732762
Madhya Pradesh,INDORE,1999,Whole Year,Dry chillies,208,138,0.663461538
Madhya Pradesh,INDORE,1999,Whole Year,Garlic,3147,12967,4.120432158
Madhya Pradesh,INDORE,1999,Whole Year,Onion,1074,12815,11.9320298
Madhya Pradesh,INDORE,1999,Whole Year,Potato,19703,256523,13.01948942
Madhya Pradesh,INDORE,1999,Whole Year,Sannhamp,6,6,1
Madhya Pradesh,INDORE,1999,Whole Year,Sugarcane,156,4950,31.73076923
Madhya Pradesh,INDORE,1999,Whole Year,Sweet potato,29,220,7.586206897
Madhya Pradesh,INDORE,2000,Kharif,Arhar/Tur,643,406,0.631415241
Madhya Pradesh,INDORE,2000,Kharif,Bajra,13,10,0.769230769
Madhya Pradesh,INDORE,2000,Kharif,Cotton(lint),2,1,0.5
Madhya Pradesh,INDORE,2000,Kharif,Dry ginger,10,17,1.7
Madhya Pradesh,INDORE,2000,Kharif,Groundnut,109,162,1.486238532
Madhya Pradesh,INDORE,2000,Kharif,Jowar,476,671,1.409663866
Madhya Pradesh,INDORE,2000,Kharif,Maize,11068,18325,1.655674015
Madhya Pradesh,INDORE,2000,Kharif,Other Kharif pulses,227,58,0.255506608
Madhya Pradesh,INDORE,2000,Kharif,Rice,31,16,0.516129032
Madhya Pradesh,INDORE,2000,Kharif,Sesamum,6,3,0.5
Madhya Pradesh,INDORE,2000,Kharif,Small millets,7,2,0.285714286
Madhya Pradesh,INDORE,2000,Kharif,Soyabean,209148,215632,1.03100197
Madhya Pradesh,INDORE,2000,Kharif,Sunflower,27,9,0.333333333
Madhya Pradesh,INDORE,2000,Rabi,Barley,1,2,2
Madhya Pradesh,INDORE,2000,Rabi,Gram,16726,11273,0.673980629
Madhya Pradesh,INDORE,2000,Rabi,Linseed,148,109,0.736486486
Madhya Pradesh,INDORE,2000,Rabi,Other  Rabi pulses,1455,813,0.558762887
Madhya Pradesh,INDORE,2000,Rabi,Rapeseed &Mustard,1,1,1
Madhya Pradesh,INDORE,2000,Rabi,Wheat,50606,87299,1.725072126
Madhya Pradesh,INDORE,2000,Whole Year,Coriander,39,10,0.256410256
Madhya Pradesh,INDORE,2000,Whole Year,Dry chillies,101,29,0.287128713
Madhya Pradesh,INDORE,2000,Whole Year,Garlic,1855,7431,4.005929919
Madhya Pradesh,INDORE,2000,Whole Year,Onion,644,9154,14.21428571
Madhya Pradesh,INDORE,2000,Whole Year,Sannhamp,8,6,0.75
Madhya Pradesh,INDORE,2000,Whole Year,Sugarcane,230,2690,11.69565217
Madhya Pradesh,INDORE,2000,Whole Year,Turmeric,2,1,0.5
Madhya Pradesh,INDORE,2001,Kharif,Arhar/Tur,593,371,0.625632378
Madhya Pradesh,INDORE,2001,Kharif,Castor seed,1,0.01,0.01
Madhya Pradesh,INDORE,2001,Kharif,Cotton(lint),20,11,0.55
Madhya Pradesh,INDORE,2001,Kharif,Dry ginger,14,20,1.428571429
Madhya Pradesh,INDORE,2001,Kharif,Groundnut,164,176,1.073170732
Madhya Pradesh,INDORE,2001,Kharif,Jowar,1081,1014,0.938020352
Madhya Pradesh,INDORE,2001,Kharif,Maize,7682,11139,1.450013017
Madhya Pradesh,INDORE,2001,Kharif,Other Kharif pulses,265,62,0.233962264
Madhya Pradesh,INDORE,2001,Kharif,Rice,29,16,0.551724138
Madhya Pradesh,INDORE,2001,Kharif,Soyabean,220438,215809,0.979000898
Madhya Pradesh,INDORE,2001,Kharif,Sunflower,16,5,0.3125
Madhya Pradesh,INDORE,2001,Rabi,Barley,6,9,1.5
Madhya Pradesh,INDORE,2001,Rabi,Gram,41889,27479,0.655995607
Madhya Pradesh,INDORE,2001,Rabi,Linseed,1453,939,0.64624914
Madhya Pradesh,INDORE,2001,Rabi,Other  Rabi pulses,1657,605,0.365117683
Madhya Pradesh,INDORE,2001,Rabi,Rapeseed &Mustard,26,18,0.692307692
Madhya Pradesh,INDORE,2001,Rabi,Safflower,10,6,0.6
Madhya Pradesh,INDORE,2001,Rabi,Wheat,83862,115903,1.38206816
Madhya Pradesh,INDORE,2001,Whole Year,Dry chillies,81,39,0.481481481
Madhya Pradesh,INDORE,2001,Whole Year,Garlic,2155,7400,3.43387471
Madhya Pradesh,INDORE,2001,Whole Year,Onion,744,9072,12.19354839
Madhya Pradesh,INDORE,2001,Whole Year,Potato,10653,140019,13.14362152
Madhya Pradesh,INDORE,2001,Whole Year,Sugarcane,92,2140,23.26086957
Madhya Pradesh,INDORE,2001,Whole Year,Sweet potato,4,22,5.5
Madhya Pradesh,INDORE,2001,Whole Year,Turmeric,1,1,1
Madhya Pradesh,INDORE,2002,Kharif,Arhar/Tur,612,347,0.566993464
Madhya Pradesh,INDORE,2002,Kharif,Bajra,1,1,1
Madhya Pradesh,INDORE,2002,Kharif,Cotton(lint),20,9,0.45
Madhya Pradesh,INDORE,2002,Kharif,Dry ginger,2,3,1.5
Madhya Pradesh,INDORE,2002,Kharif,Groundnut,380,326,0.857894737
Madhya Pradesh,INDORE,2002,Kharif,Jowar,1652,1871,1.132566586
Madhya Pradesh,INDORE,2002,Kharif,Maize,9768,14361,1.470208845
Madhya Pradesh,INDORE,2002,Kharif,Other Kharif pulses,554,144,0.259927798
Madhya Pradesh,INDORE,2002,Kharif,Rice,25,12,0.48
Madhya Pradesh,INDORE,2002,Kharif,Sesamum,10,5,0.5
Madhya Pradesh,INDORE,2002,Kharif,Small millets,3,1,0.333333333
Madhya Pradesh,INDORE,2002,Kharif,Soyabean,219580,166002,0.755997814
Madhya Pradesh,INDORE,2002,Rabi,Barley,4,7,1.75
Madhya Pradesh,INDORE,2002,Rabi,Gram,27688,18025,0.651004045
Madhya Pradesh,INDORE,2002,Rabi,Linseed,159,107,0.672955975
Madhya Pradesh,INDORE,2002,Rabi,Other  Rabi pulses,875,316,0.361142857
Madhya Pradesh,INDORE,2002,Rabi,Rapeseed &Mustard,41,29,0.707317073
Madhya Pradesh,INDORE,2002,Rabi,Safflower,2,1,0.5
Madhya Pradesh,INDORE,2002,Rabi,Wheat,66889,104606,1.563874479
Madhya Pradesh,INDORE,2002,Whole Year,Beans & Mutter(Vegetable),67,0,0
Madhya Pradesh,INDORE,2002,Whole Year,Bhindi,129,0,0
Madhya Pradesh,INDORE,2002,Whole Year,Brinjal,164,0,0
Madhya Pradesh,INDORE,2002,Whole Year,Cabbage,376,0,0
Madhya Pradesh,INDORE,2002,Whole Year,Cauliflower,394,0,0
Madhya Pradesh,INDORE,2002,Whole Year,Citrus Fruit,40,0,0
Madhya Pradesh,INDORE,2002,Whole Year,Coriander,44,14,0.318181818
Madhya Pradesh,INDORE,2002,Whole Year,Dry chillies,91,66,0.725274725
Madhya Pradesh,INDORE,2002,Whole Year,Garlic,2426,8331,3.434047815
Madhya Pradesh,INDORE,2002,Whole Year,Mango,51,0,0
Madhya Pradesh,INDORE,2002,Whole Year,Onion,900,10543,11.71444444
Madhya Pradesh,INDORE,2002,Whole Year,Other Fresh Fruits,296,0,0
Madhya Pradesh,INDORE,2002,Whole Year,Other Vegetables,1299,0,0
Madhya Pradesh,INDORE,2002,Whole Year,Papaya,26,0,0
Madhya Pradesh,INDORE,2002,Whole Year,Pome Fruit,401,0,0
Madhya Pradesh,INDORE,2002,Whole Year,Potato,12384,152596,12.32202842
Madhya Pradesh,INDORE,2002,Whole Year,Sannhamp,5,11,2.2
Madhya Pradesh,INDORE,2002,Whole Year,Sugarcane,58,1350,23.27586207
Madhya Pradesh,INDORE,2002,Whole Year,Sweet potato,44,253,5.75
Madhya Pradesh,INDORE,2002,Whole Year,Tomato,395,0,0
Madhya Pradesh,INDORE,2002,Whole Year,Turmeric,20,9,0.45
Madhya Pradesh,INDORE,2003,Kharif,Arhar/Tur,647,415,0.641421947
Madhya Pradesh,INDORE,2003,Kharif,Bajra,1,2,2
Madhya Pradesh,INDORE,2003,Kharif,Castor seed,1,0,0
Madhya Pradesh,INDORE,2003,Kharif,Cotton(lint),33,26,0.787878788
Madhya Pradesh,INDORE,2003,Kharif,Dry ginger,17,27,1.588235294
Madhya Pradesh,INDORE,2003,Kharif,Groundnut,391,432,1.104859335
Madhya Pradesh,INDORE,2003,Kharif,Jowar,5059,6597,1.304012651
Madhya Pradesh,INDORE,2003,Kharif,Maize,9825,14994,1.52610687
Madhya Pradesh,INDORE,2003,Kharif,Other Kharif pulses,579,164,0.283246978
Madhya Pradesh,INDORE,2003,Kharif,Rice,29,19,0.655172414
Madhya Pradesh,INDORE,2003,Kharif,Sesamum,20,13,0.65
Madhya Pradesh,INDORE,2003,Kharif,Soyabean,218452,235491,1.077998828
Madhya Pradesh,INDORE,2003,Kharif,Urad,464,131,0.282327586
Madhya Pradesh,INDORE,2003,Rabi,Barley,1,2,2
Madhya Pradesh,INDORE,2003,Rabi,Gram,27823,25041,0.900010782
Madhya Pradesh,INDORE,2003,Rabi,Linseed,135,104,0.77037037
Madhya Pradesh,INDORE,2003,Rabi,Other  Rabi pulses,1008,462,0.458333333
Madhya Pradesh,INDORE,2003,Rabi,Rapeseed &Mustard,42,37,0.880952381
Madhya Pradesh,INDORE,2003,Rabi,Safflower,24,15,0.625
Madhya Pradesh,INDORE,2003,Rabi,Wheat,116120,287193,2.473243197
Madhya Pradesh,INDORE,2003,Whole Year,Beans & Mutter(Vegetable),110,0,0
Madhya Pradesh,INDORE,2003,Whole Year,Bhindi,201,0,0
Madhya Pradesh,INDORE,2003,Whole Year,Brinjal,248,0,0
Madhya Pradesh,INDORE,2003,Whole Year,Cabbage,610,0,0
Madhya Pradesh,INDORE,2003,Whole Year,Cauliflower,850,0,0
Madhya Pradesh,INDORE,2003,Whole Year,Citrus Fruit,34,0,0
Madhya Pradesh,INDORE,2003,Whole Year,Coriander,47,17,0.361702128
Madhya Pradesh,INDORE,2003,Whole Year,Dry chillies,243,144,0.592592593
Madhya Pradesh,INDORE,2003,Whole Year,Garlic,3273,13112,4.006110602
Madhya Pradesh,INDORE,2003,Whole Year,Mango,55,0,0
Madhya Pradesh,INDORE,2003,Whole Year,Onion,1368,17494,12.7880117
Madhya Pradesh,INDORE,2003,Whole Year,Other Fresh Fruits,19,0,0
Madhya Pradesh,INDORE,2003,Whole Year,Other Vegetables,1331,0,0
Madhya Pradesh,INDORE,2003,Whole Year,Papaya,26,2418,93
Madhya Pradesh,INDORE,2003,Whole Year,Pome Fruit,96,0,0
Madhya Pradesh,INDORE,2003,Whole Year,Potato,13202,212025,16.06006666
Madhya Pradesh,INDORE,2003,Whole Year,Sugarcane,44,1210,27.5
Madhya Pradesh,INDORE,2003,Whole Year,Sweet potato,53,374,7.056603774
Madhya Pradesh,INDORE,2003,Whole Year,Tomato,505,0,0
Madhya Pradesh,INDORE,2003,Whole Year,Turmeric,1,1,1
Madhya Pradesh,INDORE,2003,Whole Year,Water Melon,8,0,0
Madhya Pradesh,INDORE,2004,Kharif,Arhar/Tur,410,250,0.609756098
Madhya Pradesh,INDORE,2004,Kharif,Cotton(lint),10,9,0.9
Madhya Pradesh,INDORE,2004,Kharif,Dry ginger,16,26,1.625
Madhya Pradesh,INDORE,2004,Kharif,Groundnut,388,498,1.283505155
Madhya Pradesh,INDORE,2004,Kharif,Jowar,1818,2221,1.221672167
Madhya Pradesh,INDORE,2004,Kharif,Maize,9458,10884,1.150771833
Madhya Pradesh,INDORE,2004,Kharif,Rice,28,14,0.5
Madhya Pradesh,INDORE,2004,Kharif,Sesamum,2,2,1
Madhya Pradesh,INDORE,2004,Kharif,Small millets,2,1,0.5
Madhya Pradesh,INDORE,2004,Kharif,Soyabean,220149,238642,1.084002199
Madhya Pradesh,INDORE,2004,Kharif,Urad,448,126,0.28125
Madhya Pradesh,INDORE,2004,Rabi,Gram,34170,32017,0.936991513
Madhya Pradesh,INDORE,2004,Rabi,Linseed,191,150,0.785340314
Madhya Pradesh,INDORE,2004,Rabi,Masoor,244,85,0.348360656
Madhya Pradesh,INDORE,2004,Rabi,Rapeseed &Mustard,697,623,0.893830703
Madhya Pradesh,INDORE,2004,Rabi,Safflower,34,16,0.470588235
Madhya Pradesh,INDORE,2004,Rabi,Urad,3,1,0.333333333
Madhya Pradesh,INDORE,2004,Rabi,Wheat,117169,304862,2.60189982
Madhya Pradesh,INDORE,2004,Whole Year,Coriander,19,7,0.368421053
Madhya Pradesh,INDORE,2004,Whole Year,Garlic,3586,12313,3.433630786
Madhya Pradesh,INDORE,2004,Whole Year,Onion,1400,17873,12.76642857
Madhya Pradesh,INDORE,2004,Whole Year,Potato,12590,193565,15.37450357
Madhya Pradesh,INDORE,2004,Whole Year,Sugarcane,26,630,24.23076923
Madhya Pradesh,INDORE,2004,Whole Year,Sweet potato,76,494,6.5
Madhya Pradesh,INDORE,2004,Whole Year,Turmeric,1,1,1
Madhya Pradesh,INDORE,2005,Kharif,Arhar/Tur,432,248,0.574074074
Madhya Pradesh,INDORE,2005,Kharif,Castor seed,65,18,0.276923077
Madhya Pradesh,INDORE,2005,Kharif,Cotton(lint),88,63,0.715909091
Madhya Pradesh,INDORE,2005,Kharif,Groundnut,298,314,1.053691275
Madhya Pradesh,INDORE,2005,Kharif,Jowar,425,560,1.317647059
Madhya Pradesh,INDORE,2005,Kharif,Maize,5838,6479,1.109797876
Madhya Pradesh,INDORE,2005,Kharif,Moong(Green Gram),85,21,0.247058824
Madhya Pradesh,INDORE,2005,Kharif,Rice,20,10,0.5
Madhya Pradesh,INDORE,2005,Kharif,Sesamum,14,7,0.5
Madhya Pradesh,INDORE,2005,Kharif,Soyabean,209908,236356,1.125998056
Madhya Pradesh,INDORE,2005,Kharif,Urad,504,118,0.234126984
Madhya Pradesh,INDORE,2005,Rabi,Gram,26834,24312,0.906014757
Madhya Pradesh,INDORE,2005,Rabi,Linseed,98,74,0.755102041
Madhya Pradesh,INDORE,2005,Rabi,Masoor,149,47,0.315436242
Madhya Pradesh,INDORE,2005,Rabi,Peas & beans (Pulses),264,84,0.318181818
Madhya Pradesh,INDORE,2005,Rabi,Rapeseed &Mustard,691,594,0.859623734
Madhya Pradesh,INDORE,2005,Rabi,Wheat,62048,93673,1.50968605
Madhya Pradesh,INDORE,2005,Whole Year,Onion,1402,17113,12.20613409
Madhya Pradesh,INDORE,2005,Whole Year,Potato,13266,175748,13.24800241
Madhya Pradesh,INDORE,2005,Whole Year,Sugarcane,23,490,21.30434783
Madhya Pradesh,INDORE,2005,Whole Year,Sweet potato,16,104,6.5
Madhya Pradesh,INDORE,2006,Kharif,Arhar/Tur,499,299,0.599198397
Madhya Pradesh,INDORE,2006,Kharif,Cotton(lint),50,37,0.74
Madhya Pradesh,INDORE,2006,Kharif,Dry ginger,11,19,1.727272727
Madhya Pradesh,INDORE,2006,Kharif,Groundnut,323,286,0.885448916
Madhya Pradesh,INDORE,2006,Kharif,Jowar,429,572,1.333333333
Madhya Pradesh,INDORE,2006,Kharif,Maize,8509,7480,0.879069221
Madhya Pradesh,INDORE,2006,Kharif,Moong(Green Gram),83,21,0.253012048
Madhya Pradesh,INDORE,2006,Kharif,Other Kharif pulses,5,1,0.2
Madhya Pradesh,INDORE,2006,Kharif,Rice,22,12,0.545454545
Madhya Pradesh,INDORE,2006,Kharif,Soyabean,224193,275982,1.23100186
Madhya Pradesh,INDORE,2006,Kharif,Urad,245,57,0.232653061
Madhya Pradesh,INDORE,2006,Rabi,Gram,35708,36315,1.016998992
Madhya Pradesh,INDORE,2006,Rabi,Khesari,12,13,1.083333333
Madhya Pradesh,INDORE,2006,Rabi,Linseed,129,105,0.813953488
Madhya Pradesh,INDORE,2006,Rabi,Masoor,156,47,0.301282051
Madhya Pradesh,INDORE,2006,Rabi,Moong(Green Gram),4,1,0.25
Madhya Pradesh,INDORE,2006,Rabi,Peas & beans (Pulses),275,91,0.330909091
Madhya Pradesh,INDORE,2006,Rabi,Rapeseed &Mustard,671,679,1.011922504
Madhya Pradesh,INDORE,2006,Rabi,Safflower,22,12,0.545454545
Madhya Pradesh,INDORE,2006,Rabi,Wheat,132337,332631,2.513514739
Madhya Pradesh,INDORE,2006,Whole Year,Coriander,162,54,0.333333333
Madhya Pradesh,INDORE,2006,Whole Year,Dry chillies,100,87,0.87
Madhya Pradesh,INDORE,2006,Whole Year,Garlic,3145,12732,4.048330684
Madhya Pradesh,INDORE,2006,Whole Year,Onion,1403,22968,16.37063435
Madhya Pradesh,INDORE,2006,Whole Year,Potato,14909,195964,13.14400698
Madhya Pradesh,INDORE,2006,Whole Year,Sesamum,3,1,0.333333333
Madhya Pradesh,INDORE,2006,Whole Year,Sugarcane,30,630,21
Madhya Pradesh,INDORE,2006,Whole Year,Sweet potato,42,282,6.714285714
Madhya Pradesh,INDORE,2007,Kharif,Arhar/Tur,515,324,0.629126214
Madhya Pradesh,INDORE,2007,Kharif,Cotton(lint),1,6,6
Madhya Pradesh,INDORE,2007,Kharif,Groundnut,301,296,0.983388704
Madhya Pradesh,INDORE,2007,Kharif,Jowar,406,643,1.583743842
Madhya Pradesh,INDORE,2007,Kharif,Maize,8899,10394,1.167996404
Madhya Pradesh,INDORE,2007,Kharif,Rice,20,11,0.55
Madhya Pradesh,INDORE,2007,Kharif,Soyabean,226047,315336,1.395001924
Madhya Pradesh,INDORE,2007,Kharif,Urad,261,74,0.283524904
Madhya Pradesh,INDORE,2007,Rabi,Barley,1,2,2
Madhya Pradesh,INDORE,2007,Rabi,Gram,36887,34748,0.942012091
Madhya Pradesh,INDORE,2007,Rabi,Khesari,47,41,0.872340426
Madhya Pradesh,INDORE,2007,Rabi,Linseed,122,89,0.729508197
Madhya Pradesh,INDORE,2007,Rabi,Masoor,165,63,0.381818182
Madhya Pradesh,INDORE,2007,Rabi,Peas & beans (Pulses),289,109,0.37716263
Madhya Pradesh,INDORE,2007,Rabi,Rapeseed &Mustard,623,587,0.942215088
Madhya Pradesh,INDORE,2007,Rabi,Safflower,7,4,0.571428571
Madhya Pradesh,INDORE,2007,Rabi,Wheat,126748,244343,1.927785843
Madhya Pradesh,INDORE,2007,Whole Year,Coriander,211,78,0.369668246
Madhya Pradesh,INDORE,2007,Whole Year,Garlic,3770,15262,4.048275862
Madhya Pradesh,INDORE,2007,Whole Year,Onion,1825,21323,11.68383562
Madhya Pradesh,INDORE,2007,Whole Year,Potato,18738,269665,14.39134379
Madhya Pradesh,INDORE,2007,Whole Year,Sesamum,1,,
Madhya Pradesh,INDORE,2007,Whole Year,Sugarcane,34,1040,30.58823529
Madhya Pradesh,INDORE,2007,Whole Year,Sweet potato,3,20,6.666666667
Madhya Pradesh,INDORE,2008,Kharif,Arhar/Tur,271,187,0.6900369
Madhya Pradesh,INDORE,2008,Kharif,Castor seed,7,2,0.285714286
Madhya Pradesh,INDORE,2008,Kharif,Cotton(lint),8,1,0.125
Madhya Pradesh,INDORE,2008,Kharif,Groundnut,212,226,1.066037736
Madhya Pradesh,INDORE,2008,Kharif,Jowar,307,452,1.472312704
Madhya Pradesh,INDORE,2008,Kharif,Maize,8138,10504,1.290734824
Madhya Pradesh,INDORE,2008,Kharif,Rice,11,7,0.636363636
Madhya Pradesh,INDORE,2008,Kharif,Soyabean,220991,335243,1.51699843
Madhya Pradesh,INDORE,2008,Kharif,Urad,261,78,0.298850575
Madhya Pradesh,INDORE,2008,Rabi,Gram,94986,97456,1.026003832
Madhya Pradesh,INDORE,2008,Rabi,Khesari,26,28,1.076923077
Madhya Pradesh,INDORE,2008,Rabi,Linseed,94,73,0.776595745
Madhya Pradesh,INDORE,2008,Rabi,Masoor,90,32,0.355555556
Madhya Pradesh,INDORE,2008,Rabi,Peas & beans (Pulses),231,91,0.393939394
Madhya Pradesh,INDORE,2008,Rabi,Rapeseed &Mustard,242,256,1.05785124
Madhya Pradesh,INDORE,2008,Rabi,Wheat,57927,134431,2.320696739
Madhya Pradesh,INDORE,2008,Whole Year,Coriander,221,80,0.36199095
Madhya Pradesh,INDORE,2008,Whole Year,Garlic,3350,12593,3.759104478
Madhya Pradesh,INDORE,2008,Whole Year,Onion,1680,21127,12.57559524
Madhya Pradesh,INDORE,2008,Whole Year,Potato,16482,211865,12.85432593
Madhya Pradesh,INDORE,2008,Whole Year,Sesamum,1,,
Madhya Pradesh,INDORE,2008,Whole Year,Sugarcane,63,1760,27.93650794
Madhya Pradesh,INDORE,2008,Whole Year,Turmeric,4,4,1
Madhya Pradesh,INDORE,2009,Kharif,Jowar,362,604,1.668508287
Madhya Pradesh,INDORE,2009,Kharif,Moong(Green Gram),98,30,0.306122449
Madhya Pradesh,INDORE,2009,Kharif,Urad,182,51,0.28021978
Madhya Pradesh,INDORE,2009,Whole Year,Arhar/Tur,653,475,0.727411945
Madhya Pradesh,INDORE,2009,Whole Year,Coriander,103,40,0.388349515
Madhya Pradesh,INDORE,2009,Whole Year,Cotton(lint),5,1,0.2
Madhya Pradesh,INDORE,2009,Whole Year,Dry chillies,190,233,1.226315789
Madhya Pradesh,INDORE,2009,Whole Year,Dry ginger,26,48,1.846153846
Madhya Pradesh,INDORE,2009,Whole Year,Garlic,3443,12345,3.58553587
Madhya Pradesh,INDORE,2009,Whole Year,Gram,67927,82124,1.209003783
Madhya Pradesh,INDORE,2009,Whole Year,Groundnut,295,355,1.203389831
Madhya Pradesh,INDORE,2009,Whole Year,Khesari,30,28,0.933333333
Madhya Pradesh,INDORE,2009,Whole Year,Linseed,54,48,0.888888889
Madhya Pradesh,INDORE,2009,Whole Year,Maize,5023,5843,1.163249054
Madhya Pradesh,INDORE,2009,Whole Year,Masoor,357,151,0.422969188
Madhya Pradesh,INDORE,2009,Whole Year,Onion,4622,60237,13.03266984
Madhya Pradesh,INDORE,2009,Whole Year,Peas & beans (Pulses),857,362,0.422403734
Madhya Pradesh,INDORE,2009,Whole Year,Potato,17280,235280,13.61574074
Madhya Pradesh,INDORE,2009,Whole Year,Rapeseed &Mustard,268,288,1.074626866
Madhya Pradesh,INDORE,2009,Whole Year,Rice,3,2,0.666666667
Madhya Pradesh,INDORE,2009,Whole Year,Safflower,6,3,0.5
Madhya Pradesh,INDORE,2009,Whole Year,Sesamum,1,,
Madhya Pradesh,INDORE,2009,Whole Year,Soyabean,226819,401470,1.770001631
Madhya Pradesh,INDORE,2009,Whole Year,Sugarcane,44,1210,27.5
Madhya Pradesh,INDORE,2009,Whole Year,Wheat,101511,220142,2.168651673
Madhya Pradesh,INDORE,2010,Kharif,Arhar/Tur,580,219,0.377586207
Madhya Pradesh,INDORE,2010,Kharif,Groundnut,275,359,1.305454545
Madhya Pradesh,INDORE,2010,Kharif,Jowar,238,491,2.06302521
Madhya Pradesh,INDORE,2010,Kharif,Maize,9245,11676,1.262952948
Madhya Pradesh,INDORE,2010,Kharif,Moong(Green Gram),78,26,0.333333333
Madhya Pradesh,INDORE,2010,Kharif,Other Kharif pulses,2,1,0.5
Madhya Pradesh,INDORE,2010,Kharif,Rice,5,5,1
Madhya Pradesh,INDORE,2010,Kharif,Soyabean,223079,254915,1.142711775
Madhya Pradesh,INDORE,2010,Kharif,Urad,108,33,0.305555556
Madhya Pradesh,INDORE,2010,Rabi,Gram,63775,40370,0.633006664
Madhya Pradesh,INDORE,2010,Rabi,Khesari,32,24,0.75
Madhya Pradesh,INDORE,2010,Rabi,Linseed,26,19,0.730769231
Madhya Pradesh,INDORE,2010,Rabi,Masoor,264,75,0.284090909
Madhya Pradesh,INDORE,2010,Rabi,Moong(Green Gram),1,,
Madhya Pradesh,INDORE,2010,Rabi,Peas & beans (Pulses),577,167,0.289428076
Madhya Pradesh,INDORE,2010,Rabi,Rapeseed &Mustard,127,117,0.921259843
Madhya Pradesh,INDORE,2010,Rabi,Safflower,1,1,1
Madhya Pradesh,INDORE,2010,Rabi,Urad,1,,
Madhya Pradesh,INDORE,2010,Rabi,Wheat,107884,271277,2.51452486
Madhya Pradesh,INDORE,2010,Whole Year,Coriander,37,15,0.405405405
Madhya Pradesh,INDORE,2010,Whole Year,Dry chillies,233,589,2.527896996
Madhya Pradesh,INDORE,2010,Whole Year,Dry ginger,11,21,1.909090909
Madhya Pradesh,INDORE,2010,Whole Year,Garlic,4309,13380,3.1051288
Madhya Pradesh,INDORE,2010,Whole Year,Onion,2513,37533,14.93553522
Madhya Pradesh,INDORE,2010,Whole Year,Potato,21908,155782,7.110735804
Madhya Pradesh,INDORE,2010,Whole Year,Sesamum,1,,
Madhya Pradesh,INDORE,2010,Whole Year,Sugarcane,25,690,27.6
Madhya Pradesh,INDORE,2010,Whole Year,Turmeric,9,6,0.666666667
Madhya Pradesh,INDORE,2011,Kharif,Arhar/Tur,590,322,0.545762712
Madhya Pradesh,INDORE,2011,Kharif,Groundnut,295,404,1.369491525
Madhya Pradesh,INDORE,2011,Kharif,Jowar,154,269,1.746753247
Madhya Pradesh,INDORE,2011,Kharif,Maize,4320,5036,1.165740741
Madhya Pradesh,INDORE,2011,Kharif,Moong(Green Gram),84,18,0.214285714
Madhya Pradesh,INDORE,2011,Kharif,Rice,3,3,1
Madhya Pradesh,INDORE,2011,Kharif,Sannhamp,5,6,1.2
Madhya Pradesh,INDORE,2011,Kharif,Soyabean,226407,262859,1.161002089
Madhya Pradesh,INDORE,2011,Kharif,Urad,71,15,0.211267606
Madhya Pradesh,INDORE,2011,Rabi,Gram,57398,75406,1.313739155
Madhya Pradesh,INDORE,2011,Rabi,Khesari,4,4,1
Madhya Pradesh,INDORE,2011,Rabi,Linseed,23,28,1.217391304
Madhya Pradesh,INDORE,2011,Rabi,Masoor,310,87,0.280645161
Madhya Pradesh,INDORE,2011,Rabi,Moong(Green Gram),1,,
Madhya Pradesh,INDORE,2011,Rabi,Peas & beans (Pulses),813,232,0.285362854
Madhya Pradesh,INDORE,2011,Rabi,Rapeseed &Mustard,126,156,1.238095238
Madhya Pradesh,INDORE,2011,Rabi,Urad,1,,
Madhya Pradesh,INDORE,2011,Rabi,Wheat,113426,511291,4.507705464
Madhya Pradesh,INDORE,2011,Whole Year,Coriander,80,31,0.3875
Madhya Pradesh,INDORE,2011,Whole Year,Dry chillies,140,163,1.164285714
Madhya Pradesh,INDORE,2011,Whole Year,Dry ginger,27,39,1.444444444
Madhya Pradesh,INDORE,2011,Whole Year,Garlic,4607,13673,2.967874973
Madhya Pradesh,INDORE,2011,Whole Year,Onion,2740,43728,15.95912409
Madhya Pradesh,INDORE,2011,Whole Year,Potato,21930,311346,14.19726402
Madhya Pradesh,INDORE,2011,Whole Year,Sesamum,1,,
Madhya Pradesh,INDORE,2011,Whole Year,Sugarcane,23,460,20
Madhya Pradesh,INDORE,2011,Whole Year,Sweet potato,154,855,5.551948052
Madhya Pradesh,INDORE,2012,Kharif,Arhar/Tur,553,327,0.591320072
Madhya Pradesh,INDORE,2012,Kharif,Groundnut,257,324,1.260700389
Madhya Pradesh,INDORE,2012,Kharif,Jowar,196,369,1.882653061
Madhya Pradesh,INDORE,2012,Kharif,Maize,5317,8766,1.648674064
Madhya Pradesh,INDORE,2012,Kharif,Moong(Green Gram),78,24,0.307692308
Madhya Pradesh,INDORE,2012,Kharif,Rice,4,4,1
Madhya Pradesh,INDORE,2012,Kharif,Sannhamp,1,,
Madhya Pradesh,INDORE,2012,Kharif,Soyabean,228176,331768,1.454000421
Madhya Pradesh,INDORE,2012,Kharif,Urad,75,23,0.306666667
Madhya Pradesh,INDORE,2012,Rabi,Gram,59579,80768,1.355645446
Madhya Pradesh,INDORE,2012,Rabi,Linseed,22,17,0.772727273
Madhya Pradesh,INDORE,2012,Rabi,Masoor,298,116,0.389261745
Madhya Pradesh,INDORE,2012,Rabi,Moong(Green Gram),1,,
Madhya Pradesh,INDORE,2012,Rabi,Peas & beans (Pulses),794,342,0.430730479
Madhya Pradesh,INDORE,2012,Rabi,Rapeseed &Mustard,101,93,0.920792079
Madhya Pradesh,INDORE,2012,Rabi,Safflower,2,1,0.5
Madhya Pradesh,INDORE,2012,Rabi,Wheat,118434,582817,4.921027745
Madhya Pradesh,INDORE,2012,Whole Year,Coriander,95,27,0.284210526
Madhya Pradesh,INDORE,2012,Whole Year,Dry chillies,145,217,1.496551724
Madhya Pradesh,INDORE,2012,Whole Year,Dry ginger,6,9,1.5
Madhya Pradesh,INDORE,2012,Whole Year,Garlic,4313,17459,4.047994435
Madhya Pradesh,INDORE,2012,Whole Year,Onion,2770,43892,15.84548736
Madhya Pradesh,INDORE,2012,Whole Year,Potato,20425,256196,12.54325581
Madhya Pradesh,INDORE,2012,Whole Year,Sesamum,1,,
Madhya Pradesh,INDORE,2012,Whole Year,Sugarcane,3,80,26.66666667
Madhya Pradesh,INDORE,2012,Whole Year,Turmeric,2,2,1
Madhya Pradesh,INDORE,2013,Kharif,Arhar/Tur,488,286,0.586065574
Madhya Pradesh,INDORE,2013,Kharif,Cotton(lint),38,35,0.921052632
Madhya Pradesh,INDORE,2013,Kharif,Groundnut,116,123,1.060344828
Madhya Pradesh,INDORE,2013,Kharif,Jowar,181,212,1.171270718
Madhya Pradesh,INDORE,2013,Kharif,Maize,4240,5065,1.194575472
Madhya Pradesh,INDORE,2013,Kharif,Moong(Green Gram),95,26,0.273684211
Madhya Pradesh,INDORE,2013,Kharif,Other Kharif pulses,6,2,0.333333333
Madhya Pradesh,INDORE,2013,Kharif,Rice,5,2,0.4
Madhya Pradesh,INDORE,2013,Kharif,Soyabean,231222,232841,1.007001929
Madhya Pradesh,INDORE,2013,Kharif,Urad,85,26,0.305882353
Madhya Pradesh,INDORE,2013,Rabi,Gram,67221,64032,0.952559468
Madhya Pradesh,INDORE,2013,Rabi,Khesari,3,3,1
Madhya Pradesh,INDORE,2013,Rabi,Linseed,9,5,0.555555556
Madhya Pradesh,INDORE,2013,Rabi,Masoor,292,116,0.397260274
Madhya Pradesh,INDORE,2013,Rabi,Peas & beans (Pulses),820,353,0.430487805
Madhya Pradesh,INDORE,2013,Rabi,Rapeseed &Mustard,64,41,0.640625
Madhya Pradesh,INDORE,2013,Rabi,Wheat,115881,347108,2.995383195
Madhya Pradesh,INDORE,2013,Whole Year,Coriander,35,11,0.314285714
Madhya Pradesh,INDORE,2013,Whole Year,Dry chillies,120,98,0.816666667
Madhya Pradesh,INDORE,2013,Whole Year,Dry ginger,11,24,2.181818182
Madhya Pradesh,INDORE,2013,Whole Year,Garlic,4086,18904,4.626529613
Madhya Pradesh,INDORE,2013,Whole Year,Onion,2623,35599,13.57186428
Madhya Pradesh,INDORE,2013,Whole Year,Potato,20124,215885,10.72773802
Madhya Pradesh,INDORE,2013,Whole Year,Sesamum,1,,
Madhya Pradesh,INDORE,2013,Whole Year,Sugarcane,34,890,26.17647059
Madhya Pradesh,INDORE,2013,Whole Year,Sweet potato,3,16,5.333333333
Madhya Pradesh,JABALPUR,1997,Kharif,Arhar/Tur,8800,8100,0.920454545
Madhya Pradesh,JABALPUR,1997,Kharif,Jowar,8200,5800,0.707317073
Madhya Pradesh,JABALPUR,1997,Kharif,Maize,8500,8800,1.035294118
Madhya Pradesh,JABALPUR,1997,Kharif,Paddy,161900,86200,0.532427424
Madhya Pradesh,JABALPUR,1997,Kharif,Sesamum,3100,400,0.129032258
Madhya Pradesh,JABALPUR,1997,Kharif,Small millets,23000,5400,0.234782609
Madhya Pradesh,JABALPUR,1997,Kharif,Soyabean,40300,30100,0.746898263
Madhya Pradesh,JABALPUR,1997,Kharif,Sunflower,2900,700,0.24137931
Madhya Pradesh,JABALPUR,1997,Rabi,Barley,400,400,1
Madhya Pradesh,JABALPUR,1997,Rabi,Linseed,14100,3100,0.219858156
Madhya Pradesh,JABALPUR,1997,Rabi,Rapeseed &Mustard,6100,2500,0.409836066
Madhya Pradesh,JABALPUR,1997,Rabi,Wheat,185800,169100,0.910118407
Madhya Pradesh,JABALPUR,1998,Kharif,Arhar/Tur,5300,6600,1.245283019
Madhya Pradesh,JABALPUR,1998,Kharif,Groundnut,100,100,1
Madhya Pradesh,JABALPUR,1998,Kharif,Jowar,3800,4000,1.052631579
Madhya Pradesh,JABALPUR,1998,Kharif,Maize,4700,5200,1.106382979
Madhya Pradesh,JABALPUR,1998,Kharif,Rice,56100,28800,0.513368984
Madhya Pradesh,JABALPUR,1998,Kharif,Sesamum,1400,300,0.214285714
Madhya Pradesh,JABALPUR,1998,Kharif,Small millets,13000,3600,0.276923077
Madhya Pradesh,JABALPUR,1998,Kharif,Soyabean,36300,22700,0.625344353
Madhya Pradesh,JABALPUR,1998,Kharif,Sunflower,2400,600,0.25
Madhya Pradesh,JABALPUR,1998,Rabi,Gram,45600,39400,0.864035088
Madhya Pradesh,JABALPUR,1998,Rabi,Linseed,3500,1400,0.4
Madhya Pradesh,JABALPUR,1998,Rabi,Rapeseed &Mustard,3500,2200,0.628571429
Madhya Pradesh,JABALPUR,1998,Rabi,Wheat,104500,136500,1.306220096
Madhya Pradesh,JABALPUR,1998,Whole Year,Sugarcane,144,1880,13.05555556
Madhya Pradesh,JABALPUR,1999,Kharif,Arhar/Tur,5225,7418,1.419712919
Madhya Pradesh,JABALPUR,1999,Kharif,Bajra,30,28,0.933333333
Madhya Pradesh,JABALPUR,1999,Kharif,Dry ginger,43,61,1.418604651
Madhya Pradesh,JABALPUR,1999,Kharif,Groundnut,166,161,0.969879518
Madhya Pradesh,JABALPUR,1999,Kharif,Jowar,3911,4042,1.03349527
Madhya Pradesh,JABALPUR,1999,Kharif,Maize,4420,6998,1.583257919
Madhya Pradesh,JABALPUR,1999,Kharif,Niger seed,6022,1341,0.222683494
Madhya Pradesh,JABALPUR,1999,Kharif,Other Kharif pulses,16198,5689,0.3512162
Madhya Pradesh,JABALPUR,1999,Kharif,Rice,54257,63439,1.16923162
Madhya Pradesh,JABALPUR,1999,Kharif,Sesamum,1343,216,0.160833954
Madhya Pradesh,JABALPUR,1999,Kharif,Soyabean,26375,25180,0.954691943
Madhya Pradesh,JABALPUR,1999,Kharif,Sunflower,3928,1141,0.290478615
Madhya Pradesh,JABALPUR,1999,Kharif,Urad,15091,5251,0.347955735
Madhya Pradesh,JABALPUR,1999,Rabi,Barley,20,24,1.2
Madhya Pradesh,JABALPUR,1999,Rabi,Gram,47932,58189,1.213990653
Madhya Pradesh,JABALPUR,1999,Rabi,Linseed,3555,1543,0.434036568
Madhya Pradesh,JABALPUR,1999,Rabi,Other  Rabi pulses,62479,31331,0.501464492
Madhya Pradesh,JABALPUR,1999,Rabi,Rapeseed &Mustard,3696,2346,0.63474026
Madhya Pradesh,JABALPUR,1999,Rabi,Safflower,22,4,0.181818182
Madhya Pradesh,JABALPUR,1999,Rabi,Urad,681,238,0.34948605
Madhya Pradesh,JABALPUR,1999,Rabi,Wheat,103895,157928,1.520073151
Madhya Pradesh,JABALPUR,1999,Whole Year,Coriander,710,210,0.295774648
Madhya Pradesh,JABALPUR,1999,Whole Year,Dry chillies,201,142,0.706467662
Madhya Pradesh,JABALPUR,1999,Whole Year,Garlic,58,251,4.327586207
Madhya Pradesh,JABALPUR,1999,Whole Year,Onion,231,4528,19.6017316
Madhya Pradesh,JABALPUR,1999,Whole Year,Potato,323,4035,12.49226006
Madhya Pradesh,JABALPUR,1999,Whole Year,Sannhamp,47,106,2.255319149
Madhya Pradesh,JABALPUR,1999,Whole Year,Sugarcane,71,1730,24.36619718
Madhya Pradesh,JABALPUR,1999,Whole Year,Sweet potato,36,247,6.861111111
Madhya Pradesh,JABALPUR,2000,Kharif,Arhar/Tur,4917,4725,0.9609518
Madhya Pradesh,JABALPUR,2000,Kharif,Bajra,32,25,0.78125
Madhya Pradesh,JABALPUR,2000,Kharif,Dry ginger,60,79,1.316666667
Madhya Pradesh,JABALPUR,2000,Kharif,Groundnut,115,132,1.147826087
Madhya Pradesh,JABALPUR,2000,Kharif,Jowar,4246,3551,0.836316533
Madhya Pradesh,JABALPUR,2000,Kharif,Maize,4303,9027,2.097838717
Madhya Pradesh,JABALPUR,2000,Kharif,Niger seed,5612,757,0.134889522
Madhya Pradesh,JABALPUR,2000,Kharif,Other Kharif pulses,16860,3980,0.236061684
Madhya Pradesh,JABALPUR,2000,Kharif,Rice,56193,30982,0.551349812
Madhya Pradesh,JABALPUR,2000,Kharif,Sesamum,1424,211,0.148174157
Madhya Pradesh,JABALPUR,2000,Kharif,Small millets,13784,1968,0.142774231
Madhya Pradesh,JABALPUR,2000,Kharif,Soyabean,21464,16055,0.747996646
Madhya Pradesh,JABALPUR,2000,Kharif,Sunflower,1681,448,0.266508031
Madhya Pradesh,JABALPUR,2000,Rabi,Barley,5,6,1.2
Madhya Pradesh,JABALPUR,2000,Rabi,Gram,50863,37333,0.73399131
Madhya Pradesh,JABALPUR,2000,Rabi,Linseed,2302,825,0.358384014
Madhya Pradesh,JABALPUR,2000,Rabi,Other  Rabi pulses,64613,24209,0.374676923
Madhya Pradesh,JABALPUR,2000,Rabi,Rapeseed &Mustard,3047,964,0.316376764
Madhya Pradesh,JABALPUR,2000,Rabi,Wheat,94420,133850,1.417602203
Madhya Pradesh,JABALPUR,2000,Whole Year,Coriander,754,175,0.232095491
Madhya Pradesh,JABALPUR,2000,Whole Year,Dry chillies,192,90,0.46875
Madhya Pradesh,JABALPUR,2000,Whole Year,Garlic,15,65,4.333333333
Madhya Pradesh,JABALPUR,2000,Whole Year,Onion,240,6004,25.01666667
Madhya Pradesh,JABALPUR,2000,Whole Year,Sannhamp,43,67,1.558139535
Madhya Pradesh,JABALPUR,2000,Whole Year,Sugarcane,229,2150,9.388646288
Madhya Pradesh,JABALPUR,2001,Kharif,Arhar/Tur,4791,7539,1.573575454
Madhya Pradesh,JABALPUR,2001,Kharif,Bajra,14,17,1.214285714
Madhya Pradesh,JABALPUR,2001,Kharif,Dry ginger,47,73,1.553191489
Madhya Pradesh,JABALPUR,2001,Kharif,Groundnut,136,143,1.051470588
Madhya Pradesh,JABALPUR,2001,Kharif,Jowar,4588,5624,1.225806452
Madhya Pradesh,JABALPUR,2001,Kharif,Maize,4378,10130,2.313841937
Madhya Pradesh,JABALPUR,2001,Kharif,Niger seed,5676,1417,0.249647639
Madhya Pradesh,JABALPUR,2001,Kharif,Other Kharif pulses,22759,6355,0.279230195
Madhya Pradesh,JABALPUR,2001,Kharif,Rice,61330,54828,0.893983369
Madhya Pradesh,JABALPUR,2001,Kharif,Sesamum,1170,322,0.275213675
Madhya Pradesh,JABALPUR,2001,Kharif,Small millets,13993,3401,0.243050096
Madhya Pradesh,JABALPUR,2001,Kharif,Soyabean,7211,6763,0.937872694
Madhya Pradesh,JABALPUR,2001,Kharif,Sunflower,300,97,0.323333333
Madhya Pradesh,JABALPUR,2001,Rabi,Barley,4,6,1.5
Madhya Pradesh,JABALPUR,2001,Rabi,Gram,59755,61966,1.037001088
Madhya Pradesh,JABALPUR,2001,Rabi,Jowar,1,2,2
Madhya Pradesh,JABALPUR,2001,Rabi,Linseed,2316,1317,0.56865285
Madhya Pradesh,JABALPUR,2001,Rabi,Other  Rabi pulses,69565,33997,0.488708402
Madhya Pradesh,JABALPUR,2001,Rabi,Rapeseed &Mustard,3229,2197,0.680396408
Madhya Pradesh,JABALPUR,2001,Rabi,Wheat,88067,141376,1.60532322
Madhya Pradesh,JABALPUR,2001,Whole Year,Coriander,760,225,0.296052632
Madhya Pradesh,JABALPUR,2001,Whole Year,Dry chillies,193,171,0.886010363
Madhya Pradesh,JABALPUR,2001,Whole Year,Garlic,20,82,4.1
Madhya Pradesh,JABALPUR,2001,Whole Year,Onion,266,6744,25.35338346
Madhya Pradesh,JABALPUR,2001,Whole Year,Potato,313,4841,15.46645367
Madhya Pradesh,JABALPUR,2001,Whole Year,Sannhamp,54,11,0.203703704
Madhya Pradesh,JABALPUR,2001,Whole Year,Sugarcane,128,3470,27.109375
Madhya Pradesh,JABALPUR,2001,Whole Year,Sweet potato,58,422,7.275862069
Madhya Pradesh,JABALPUR,2001,Whole Year,Turmeric,2,2,1
Madhya Pradesh,JABALPUR,2002,Kharif,Arhar/Tur,4884,4547,0.930999181
Madhya Pradesh,JABALPUR,2002,Kharif,Dry ginger,59,86,1.457627119
Madhya Pradesh,JABALPUR,2002,Kharif,Groundnut,130,110,0.846153846
Madhya Pradesh,JABALPUR,2002,Kharif,Jowar,4114,4462,1.084589208
Madhya Pradesh,JABALPUR,2002,Kharif,Maize,4362,11129,2.551352591
Madhya Pradesh,JABALPUR,2002,Kharif,Niger seed,5632,931,0.165305398
Madhya Pradesh,JABALPUR,2002,Kharif,Other Kharif pulses,30143,7074,0.234681352
Madhya Pradesh,JABALPUR,2002,Kharif,Rice,61466,48730,0.792796017
Madhya Pradesh,JABALPUR,2002,Kharif,Sesamum,1261,314,0.249008723
Madhya Pradesh,JABALPUR,2002,Kharif,Small millets,12539,2973,0.237100247
Madhya Pradesh,JABALPUR,2002,Kharif,Soyabean,249,185,0.742971888
Madhya Pradesh,JABALPUR,2002,Kharif,Sunflower,382,52,0.136125654
Madhya Pradesh,JABALPUR,2002,Rabi,Barley,11,19,1.727272727
Madhya Pradesh,JABALPUR,2002,Rabi,Gram,70376,39833,0.566002615
Madhya Pradesh,JABALPUR,2002,Rabi,Linseed,2183,1107,0.507100321
Madhya Pradesh,JABALPUR,2002,Rabi,Other  Rabi pulses,73768,33688,0.456674981
Madhya Pradesh,JABALPUR,2002,Rabi,Rapeseed &Mustard,2974,1886,0.634162744
Madhya Pradesh,JABALPUR,2002,Rabi,Wheat,79443,116877,1.47120577
Madhya Pradesh,JABALPUR,2002,Whole Year,Beans & Mutter(Vegetable),103,0,0
Madhya Pradesh,JABALPUR,2002,Whole Year,Bhindi,276,0,0
Madhya Pradesh,JABALPUR,2002,Whole Year,Brinjal,716,0,0
Madhya Pradesh,JABALPUR,2002,Whole Year,Cabbage,172,0,0
Madhya Pradesh,JABALPUR,2002,Whole Year,Cauliflower,145,0,0
Madhya Pradesh,JABALPUR,2002,Whole Year,Coriander,874,250,0.28604119
Madhya Pradesh,JABALPUR,2002,Whole Year,Dry chillies,213,217,1.018779343
Madhya Pradesh,JABALPUR,2002,Whole Year,Garlic,15,67,4.466666667
Madhya Pradesh,JABALPUR,2002,Whole Year,Mango,766,0,0
Madhya Pradesh,JABALPUR,2002,Whole Year,Onion,218,5442,24.96330275
Madhya Pradesh,JABALPUR,2002,Whole Year,Other Fresh Fruits,896,0,0
Madhya Pradesh,JABALPUR,2002,Whole Year,Other Vegetables,1559,0,0
Madhya Pradesh,JABALPUR,2002,Whole Year,Papaya,1,0,0
Madhya Pradesh,JABALPUR,2002,Whole Year,Pome Fruit,251,0,0
Madhya Pradesh,JABALPUR,2002,Whole Year,Potato,338,4963,14.68343195
Madhya Pradesh,JABALPUR,2002,Whole Year,Sannhamp,39,89,2.282051282
Madhya Pradesh,JABALPUR,2002,Whole Year,Sugarcane,167,4410,26.40718563
Madhya Pradesh,JABALPUR,2002,Whole Year,Sweet potato,65,457,7.030769231
Madhya Pradesh,JABALPUR,2002,Whole Year,Tomato,878,0,0
Madhya Pradesh,JABALPUR,2003,Kharif,Arhar/Tur,5395,8260,1.531047266
Madhya Pradesh,JABALPUR,2003,Kharif,Dry ginger,42,66,1.571428571
Madhya Pradesh,JABALPUR,2003,Kharif,Groundnut,105,127,1.20952381
Madhya Pradesh,JABALPUR,2003,Kharif,Jowar,4268,5330,1.248828491
Madhya Pradesh,JABALPUR,2003,Kharif,Maize,4418,10983,2.485966501
Madhya Pradesh,JABALPUR,2003,Kharif,Mesta,4100,9500,2.317073171
Madhya Pradesh,JABALPUR,2003,Kharif,Niger seed,5636,1578,0.279985806
Madhya Pradesh,JABALPUR,2003,Kharif,Other Kharif pulses,30503,11561,0.3790119
Madhya Pradesh,JABALPUR,2003,Kharif,Rice,67396,78545,1.165425248
Madhya Pradesh,JABALPUR,2003,Kharif,Sesamum,1099,387,0.352138308
Madhya Pradesh,JABALPUR,2003,Kharif,Small millets,13401,5606,0.418326991
Madhya Pradesh,JABALPUR,2003,Kharif,Soyabean,644,850,1.319875776
Madhya Pradesh,JABALPUR,2003,Kharif,Sunflower,110,39,0.354545455
Madhya Pradesh,JABALPUR,2003,Kharif,Urad,29565,11099,0.375410113
Madhya Pradesh,JABALPUR,2003,Rabi,Barley,10,19,1.9
Madhya Pradesh,JABALPUR,2003,Rabi,Gram,68576,74816,1.090993934
Madhya Pradesh,JABALPUR,2003,Rabi,Linseed,2025,1404,0.693333333
Madhya Pradesh,JABALPUR,2003,Rabi,Other  Rabi pulses,74265,40201,0.541318252
Madhya Pradesh,JABALPUR,2003,Rabi,Rapeseed &Mustard,3234,3133,0.968769326
Madhya Pradesh,JABALPUR,2003,Rabi,Safflower,2,0,0
Madhya Pradesh,JABALPUR,2003,Rabi,Urad,532,207,0.389097744
Madhya Pradesh,JABALPUR,2003,Rabi,Wheat,84207,154641,1.836438776
Madhya Pradesh,JABALPUR,2003,Whole Year,Beans & Mutter(Vegetable),270,0,0
Madhya Pradesh,JABALPUR,2003,Whole Year,Bhindi,194,0,0
Madhya Pradesh,JABALPUR,2003,Whole Year,Brinjal,859,0,0
Madhya Pradesh,JABALPUR,2003,Whole Year,Cabbage,34,0,0
Madhya Pradesh,JABALPUR,2003,Whole Year,Cauliflower,82,0,0
Madhya Pradesh,JABALPUR,2003,Whole Year,Citrus Fruit,1,0,0
Madhya Pradesh,JABALPUR,2003,Whole Year,Coriander,1026,360,0.350877193
Madhya Pradesh,JABALPUR,2003,Whole Year,Dry chillies,177,213,1.203389831
Madhya Pradesh,JABALPUR,2003,Whole Year,Garlic,17,87,5.117647059
Madhya Pradesh,JABALPUR,2003,Whole Year,Mango,782,0,0
Madhya Pradesh,JABALPUR,2003,Whole Year,Onion,220,5829,26.49545455
Madhya Pradesh,JABALPUR,2003,Whole Year,Other Fresh Fruits,1067,0,0
Madhya Pradesh,JABALPUR,2003,Whole Year,Other Vegetables,896,0,0
Madhya Pradesh,JABALPUR,2003,Whole Year,Papaya,1,99,99
Madhya Pradesh,JABALPUR,2003,Whole Year,Pome Fruit,252,0,0
Madhya Pradesh,JABALPUR,2003,Whole Year,Potato,322,5265,16.35093168
Madhya Pradesh,JABALPUR,2003,Whole Year,Sannhamp,41,95,2.317073171
Madhya Pradesh,JABALPUR,2003,Whole Year,Sugarcane,135,4080,30.22222222
Madhya Pradesh,JABALPUR,2003,Whole Year,Sweet potato,32,261,8.15625
Madhya Pradesh,JABALPUR,2003,Whole Year,Tomato,1255,0,0
Madhya Pradesh,JABALPUR,2003,Whole Year,Turmeric,32,46,1.4375
Madhya Pradesh,JABALPUR,2003,Whole Year,Water Melon,47,0,0
Madhya Pradesh,JABALPUR,2004,Kharif,Arhar/Tur,6676,10185,1.52561414
Madhya Pradesh,JABALPUR,2004,Kharif,Dry ginger,41,68,1.658536585
Madhya Pradesh,JABALPUR,2004,Kharif,Groundnut,107,170,1.588785047
Madhya Pradesh,JABALPUR,2004,Kharif,Jowar,4535,7778,1.715104741
Madhya Pradesh,JABALPUR,2004,Kharif,Maize,4550,9392,2.064175824
Madhya Pradesh,JABALPUR,2004,Kharif,Niger seed,6212,1970,0.317128139
Madhya Pradesh,JABALPUR,2004,Kharif,Ragi,50,17,0.34
Madhya Pradesh,JABALPUR,2004,Kharif,Rice,70140,78462,1.118648417
Madhya Pradesh,JABALPUR,2004,Kharif,Sesamum,1412,573,0.405807365
Madhya Pradesh,JABALPUR,2004,Kharif,Small millets,13258,4870,0.367325388
Madhya Pradesh,JABALPUR,2004,Kharif,Soyabean,738,1009,1.367208672
Madhya Pradesh,JABALPUR,2004,Kharif,Sunflower,210,79,0.376190476
Madhya Pradesh,JABALPUR,2004,Kharif,Urad,25103,9999,0.398318926
Madhya Pradesh,JABALPUR,2004,Rabi,Barley,6,10,1.666666667
Madhya Pradesh,JABALPUR,2004,Rabi,Gram,66955,70437,1.052005078
Madhya Pradesh,JABALPUR,2004,Rabi,Linseed,1813,1280,0.706012135
Madhya Pradesh,JABALPUR,2004,Rabi,Masoor,38727,21230,0.548196349
Madhya Pradesh,JABALPUR,2004,Rabi,Rapeseed &Mustard,3789,3884,1.025072579
Madhya Pradesh,JABALPUR,2004,Rabi,Safflower,2,,
Madhya Pradesh,JABALPUR,2004,Rabi,Urad,486,195,0.401234568
Madhya Pradesh,JABALPUR,2004,Rabi,Wheat,85282,156316,1.832930747
Madhya Pradesh,JABALPUR,2004,Whole Year,Coriander,786,281,0.357506361
Madhya Pradesh,JABALPUR,2004,Whole Year,Garlic,21,108,5.142857143
Madhya Pradesh,JABALPUR,2004,Whole Year,Onion,258,7962,30.86046512
Madhya Pradesh,JABALPUR,2004,Whole Year,Potato,320,6584,20.575
Madhya Pradesh,JABALPUR,2004,Whole Year,Sugarcane,183,6090,33.27868852
Madhya Pradesh,JABALPUR,2004,Whole Year,Sweet potato,32,261,8.15625
Madhya Pradesh,JABALPUR,2004,Whole Year,Turmeric,2,3,1.5
Madhya Pradesh,JABALPUR,2005,Kharif,Arhar/Tur,10492,13187,1.256862371
Madhya Pradesh,JABALPUR,2005,Kharif,Bajra,5,6,1.2
Madhya Pradesh,JABALPUR,2005,Kharif,Groundnut,101,127,1.257425743
Madhya Pradesh,JABALPUR,2005,Kharif,Jowar,3210,4360,1.358255452
Madhya Pradesh,JABALPUR,2005,Kharif,Maize,4656,7758,1.666237113
Madhya Pradesh,JABALPUR,2005,Kharif,Moong(Green Gram),904,374,0.413716814
Madhya Pradesh,JABALPUR,2005,Kharif,Niger seed,5917,1697,0.286800744
Madhya Pradesh,JABALPUR,2005,Kharif,Rice,58519,52292,0.893590116
Madhya Pradesh,JABALPUR,2005,Kharif,Sesamum,1308,362,0.27675841
Madhya Pradesh,JABALPUR,2005,Kharif,Small millets,28,134,4.785714286
Madhya Pradesh,JABALPUR,2005,Kharif,Soyabean,868,773,0.890552995
Madhya Pradesh,JABALPUR,2005,Kharif,Sunflower,151,60,0.397350993
Madhya Pradesh,JABALPUR,2005,Kharif,Urad,18282,6361,0.347937862
Madhya Pradesh,JABALPUR,2005,Rabi,Barley,17,39,2.294117647
Madhya Pradesh,JABALPUR,2005,Rabi,Gram,65205,74399,1.141001457
Madhya Pradesh,JABALPUR,2005,Rabi,Linseed,1645,1446,0.879027356
Madhya Pradesh,JABALPUR,2005,Rabi,Masoor,41659,24092,0.57831441
Madhya Pradesh,JABALPUR,2005,Rabi,Peas & beans (Pulses),23232,13435,0.578297176
Madhya Pradesh,JABALPUR,2005,Rabi,Rapeseed &Mustard,5174,5312,1.026671821
Madhya Pradesh,JABALPUR,2005,Rabi,Urad,832,351,0.421875
Madhya Pradesh,JABALPUR,2005,Rabi,Wheat,85252,183590,2.153497865
Madhya Pradesh,JABALPUR,2005,Whole Year,Onion,292,9576,32.79452055
Madhya Pradesh,JABALPUR,2005,Whole Year,Potato,350,6811,19.46
Madhya Pradesh,JABALPUR,2005,Whole Year,Sugarcane,336,11650,34.67261905
Madhya Pradesh,JABALPUR,2005,Whole Year,Sweet potato,22,191,8.681818182
Madhya Pradesh,JABALPUR,2006,Kharif,Arhar/Tur,6798,8261,1.215210356
Madhya Pradesh,JABALPUR,2006,Kharif,Bajra,6,8,1.333333333
Madhya Pradesh,JABALPUR,2006,Kharif,Dry ginger,48,93,1.9375
Madhya Pradesh,JABALPUR,2006,Kharif,Groundnut,98,113,1.153061224
Madhya Pradesh,JABALPUR,2006,Kharif,Jowar,2922,4513,1.544490075
Madhya Pradesh,JABALPUR,2006,Kharif,Jute,38,106,2.789473684
Madhya Pradesh,JABALPUR,2006,Kharif,Maize,4290,3695,0.861305361
Madhya Pradesh,JABALPUR,2006,Kharif,Moong(Green Gram),800,252,0.315
Madhya Pradesh,JABALPUR,2006,Kharif,Niger seed,5936,1061,0.178739892
Madhya Pradesh,JABALPUR,2006,Kharif,Other Kharif pulses,39,23,0.58974359
Madhya Pradesh,JABALPUR,2006,Kharif,Rice,64184,53470,0.833073663
Madhya Pradesh,JABALPUR,2006,Kharif,Small millets,12803,4557,0.355932203
Madhya Pradesh,JABALPUR,2006,Kharif,Soyabean,2240,2167,0.967410714
Madhya Pradesh,JABALPUR,2006,Kharif,Sunflower,176,49,0.278409091
Madhya Pradesh,JABALPUR,2006,Kharif,Urad,20619,4909,0.238081381
Madhya Pradesh,JABALPUR,2006,Rabi,Gram,66450,73161,1.100993228
Madhya Pradesh,JABALPUR,2006,Rabi,Khesari,39,40,1.025641026
Madhya Pradesh,JABALPUR,2006,Rabi,Linseed,1530,1335,0.87254902
Madhya Pradesh,JABALPUR,2006,Rabi,Masoor,39909,19233,0.481921371
Madhya Pradesh,JABALPUR,2006,Rabi,Moong(Green Gram),11,5,0.454545455
Madhya Pradesh,JABALPUR,2006,Rabi,Other  Rabi pulses,5,3,0.6
Madhya Pradesh,JABALPUR,2006,Rabi,Peas & beans (Pulses),22152,10943,0.493996027
Madhya Pradesh,JABALPUR,2006,Rabi,Rapeseed &Mustard,4147,3890,0.93802749
Madhya Pradesh,JABALPUR,2006,Rabi,Urad,1136,437,0.384683099
Madhya Pradesh,JABALPUR,2006,Rabi,Wheat,87879,184970,2.104825954
Madhya Pradesh,JABALPUR,2006,Whole Year,Coriander,758,271,0.357519789
Madhya Pradesh,JABALPUR,2006,Whole Year,Dry chillies,291,423,1.453608247
Madhya Pradesh,JABALPUR,2006,Whole Year,Garlic,20,108,5.4
Madhya Pradesh,JABALPUR,2006,Whole Year,Onion,197,6914,35.0964467
Madhya Pradesh,JABALPUR,2006,Whole Year,Potato,395,7627,19.30886076
Madhya Pradesh,JABALPUR,2006,Whole Year,Sesamum,1414,326,0.230551627
Madhya Pradesh,JABALPUR,2006,Whole Year,Sugarcane,597,19670,32.9480737
Madhya Pradesh,JABALPUR,2006,Whole Year,Sweet potato,14,121,8.642857143
Madhya Pradesh,JABALPUR,2006,Whole Year,Turmeric,7,16,2.285714286
Madhya Pradesh,JABALPUR,2007,Kharif,Arhar/Tur,6927,4946,0.714017612
Madhya Pradesh,JABALPUR,2007,Kharif,Bajra,8,7,0.875
Madhya Pradesh,JABALPUR,2007,Kharif,Groundnut,90,71,0.788888889
Madhya Pradesh,JABALPUR,2007,Kharif,Jowar,2683,2684,1.000372717
Madhya Pradesh,JABALPUR,2007,Kharif,Maize,4529,5240,1.156988298
Madhya Pradesh,JABALPUR,2007,Kharif,Niger seed,5725,1004,0.175371179
Madhya Pradesh,JABALPUR,2007,Kharif,Rice,65761,43209,0.657061176
Madhya Pradesh,JABALPUR,2007,Kharif,Sannhamp,32,9,0.28125
Madhya Pradesh,JABALPUR,2007,Kharif,Soyabean,5584,3504,0.627507163
Madhya Pradesh,JABALPUR,2007,Kharif,Urad,22728,4787,0.21062126
Madhya Pradesh,JABALPUR,2007,Rabi,Barley,76,142,1.868421053
Madhya Pradesh,JABALPUR,2007,Rabi,Gram,69688,62580,0.898002526
Madhya Pradesh,JABALPUR,2007,Rabi,Khesari,41,20,0.487804878
Madhya Pradesh,JABALPUR,2007,Rabi,Linseed,1027,566,0.551119766
Madhya Pradesh,JABALPUR,2007,Rabi,Masoor,40457,12430,0.307239785
Madhya Pradesh,JABALPUR,2007,Rabi,Peas & beans (Pulses),21914,7261,0.331340695
Madhya Pradesh,JABALPUR,2007,Rabi,Rapeseed &Mustard,3731,1880,0.503886358
Madhya Pradesh,JABALPUR,2007,Rabi,Urad,625,139,0.2224
Madhya Pradesh,JABALPUR,2007,Rabi,Wheat,85511,126551,1.479938254
Madhya Pradesh,JABALPUR,2007,Whole Year,Coriander,651,141,0.216589862
Madhya Pradesh,JABALPUR,2007,Whole Year,Garlic,11,45,4.090909091
Madhya Pradesh,JABALPUR,2007,Whole Year,Onion,519,12761,24.58766859
Madhya Pradesh,JABALPUR,2007,Whole Year,Potato,601,5772,9.603993344
Madhya Pradesh,JABALPUR,2007,Whole Year,Sesamum,1222,258,0.211129296
Madhya Pradesh,JABALPUR,2007,Whole Year,Sugarcane,1164,29180,25.06872852
Madhya Pradesh,JABALPUR,2007,Whole Year,Sunflower,60,17,0.283333333
Madhya Pradesh,JABALPUR,2007,Whole Year,Sweet potato,12,73,6.083333333
Madhya Pradesh,JABALPUR,2007,Whole Year,Turmeric,14,17,1.214285714
Madhya Pradesh,JABALPUR,2008,Kharif,Arhar/Tur,7376,11351,1.538909978
Madhya Pradesh,JABALPUR,2008,Kharif,Bajra,27,40,1.481481481
Madhya Pradesh,JABALPUR,2008,Kharif,Groundnut,75,96,1.28
Madhya Pradesh,JABALPUR,2008,Kharif,Jowar,2758,4595,1.666062364
Madhya Pradesh,JABALPUR,2008,Kharif,Maize,4573,5966,1.304614039
Madhya Pradesh,JABALPUR,2008,Kharif,Niger seed,6293,1358,0.215795328
Madhya Pradesh,JABALPUR,2008,Kharif,Rice,67404,55256,0.819773307
Madhya Pradesh,JABALPUR,2008,Kharif,Sannhamp,32,16,0.5
Madhya Pradesh,JABALPUR,2008,Kharif,Soyabean,3862,4788,1.239772139
Madhya Pradesh,JABALPUR,2008,Kharif,Sunflower,50,14,0.28
Madhya Pradesh,JABALPUR,2008,Kharif,Urad,22567,8265,0.366242744
Madhya Pradesh,JABALPUR,2008,Rabi,Barley,75,162,2.16
Madhya Pradesh,JABALPUR,2008,Rabi,Gram,66246,64126,0.967998068
Madhya Pradesh,JABALPUR,2008,Rabi,Khesari,11,11,1
Madhya Pradesh,JABALPUR,2008,Rabi,Linseed,1122,808,0.720142602
Madhya Pradesh,JABALPUR,2008,Rabi,Masoor,40582,20780,0.512049677
Madhya Pradesh,JABALPUR,2008,Rabi,Peas & beans (Pulses),25309,13722,0.542178672
Madhya Pradesh,JABALPUR,2008,Rabi,Rapeseed &Mustard,3553,3442,0.968758795
Madhya Pradesh,JABALPUR,2008,Rabi,Urad,558,184,0.329749104
Madhya Pradesh,JABALPUR,2008,Rabi,Wheat,92330,171450,1.856926243
Madhya Pradesh,JABALPUR,2008,Whole Year,Coriander,705,163,0.231205674
Madhya Pradesh,JABALPUR,2008,Whole Year,Garlic,20,79,3.95
Madhya Pradesh,JABALPUR,2008,Whole Year,Onion,246,5610,22.80487805
Madhya Pradesh,JABALPUR,2008,Whole Year,Potato,304,4920,16.18421053
Madhya Pradesh,JABALPUR,2008,Whole Year,Sesamum,1292,474,0.366873065
Madhya Pradesh,JABALPUR,2008,Whole Year,Small millets,12236,4044,0.330500163
Madhya Pradesh,JABALPUR,2008,Whole Year,Sugarcane,481,13380,27.81704782
Madhya Pradesh,JABALPUR,2008,Whole Year,Sweet potato,13,85,6.538461538
Madhya Pradesh,JABALPUR,2009,Kharif,Cowpea(Lobia),36,11,0.305555556
Madhya Pradesh,JABALPUR,2009,Kharif,Jowar,2613,3831,1.466130884
Madhya Pradesh,JABALPUR,2009,Kharif,Moong(Green Gram),724,263,0.363259669
Madhya Pradesh,JABALPUR,2009,Kharif,Small millets,10927,3305,0.302461792
Madhya Pradesh,JABALPUR,2009,Kharif,Urad,21922,7026,0.320499954
Madhya Pradesh,JABALPUR,2009,Rabi,Cowpea(Lobia),8,3,0.375
Madhya Pradesh,JABALPUR,2009,Rabi,Moong(Green Gram),60,21,0.35
Madhya Pradesh,JABALPUR,2009,Rabi,Small millets,4,6,1.5
Madhya Pradesh,JABALPUR,2009,Whole Year,Arhar/Tur,8065,9297,1.152758834
Madhya Pradesh,JABALPUR,2009,Whole Year,Bajra,5,7,1.4
Madhya Pradesh,JABALPUR,2009,Whole Year,Barley,32,57,1.78125
Madhya Pradesh,JABALPUR,2009,Whole Year,Coriander,301,70,0.23255814
Madhya Pradesh,JABALPUR,2009,Whole Year,Dry chillies,377,764,2.026525199
Madhya Pradesh,JABALPUR,2009,Whole Year,Dry ginger,42,65,1.547619048
Madhya Pradesh,JABALPUR,2009,Whole Year,Garlic,30,122,4.066666667
Madhya Pradesh,JABALPUR,2009,Whole Year,Gram,66531,72585,1.090995175
Madhya Pradesh,JABALPUR,2009,Whole Year,Groundnut,67,78,1.164179104
Madhya Pradesh,JABALPUR,2009,Whole Year,Khesari,14,10,0.714285714
Madhya Pradesh,JABALPUR,2009,Whole Year,Linseed,979,692,0.706843718
Madhya Pradesh,JABALPUR,2009,Whole Year,Maize,4285,4573,1.067211202
Madhya Pradesh,JABALPUR,2009,Whole Year,Masoor,37057,17858,0.481906253
Madhya Pradesh,JABALPUR,2009,Whole Year,Niger seed,5525,1249,0.226063348
Madhya Pradesh,JABALPUR,2009,Whole Year,Onion,270,6466,23.94814815
Madhya Pradesh,JABALPUR,2009,Whole Year,Peas & beans (Pulses),23124,10726,0.463847085
Madhya Pradesh,JABALPUR,2009,Whole Year,Potato,280,3629,12.96071429
Madhya Pradesh,JABALPUR,2009,Whole Year,Rapeseed &Mustard,3165,1898,0.599684044
Madhya Pradesh,JABALPUR,2009,Whole Year,Rice,65580,46546,0.709759073
Madhya Pradesh,JABALPUR,2009,Whole Year,Sannhamp,31,14,0.451612903
Madhya Pradesh,JABALPUR,2009,Whole Year,Sesamum,1343,498,0.370811616
Madhya Pradesh,JABALPUR,2009,Whole Year,Soyabean,2771,3170,1.143991339
Madhya Pradesh,JABALPUR,2009,Whole Year,Sugarcane,685,18120,26.45255474
Madhya Pradesh,JABALPUR,2009,Whole Year,Sweet potato,9,59,6.555555556
Madhya Pradesh,JABALPUR,2009,Whole Year,Turmeric,5,9,1.8
Madhya Pradesh,JABALPUR,2009,Whole Year,Wheat,95395,158625,1.662822999
Madhya Pradesh,JABALPUR,2010,Kharif,Arhar/Tur,19750,3128,0.158379747
Madhya Pradesh,JABALPUR,2010,Kharif,Cowpea(Lobia),37,10,0.27027027
Madhya Pradesh,JABALPUR,2010,Kharif,Groundnut,36,51,1.416666667
Madhya Pradesh,JABALPUR,2010,Kharif,Jowar,2166,5633,2.600646353
Madhya Pradesh,JABALPUR,2010,Kharif,Maize,4338,5717,1.317888428
Madhya Pradesh,JABALPUR,2010,Kharif,Moong(Green Gram),1383,537,0.388286334
Madhya Pradesh,JABALPUR,2010,Kharif,Niger seed,5511,1431,0.259662493
Madhya Pradesh,JABALPUR,2010,Kharif,Rice,67596,83587,1.236567253
Madhya Pradesh,JABALPUR,2010,Kharif,Small millets,12408,6604,0.532237266
Madhya Pradesh,JABALPUR,2010,Kharif,Soyabean,4251,5049,1.187720536
Madhya Pradesh,JABALPUR,2010,Kharif,Urad,17541,6023,0.343366969
Madhya Pradesh,JABALPUR,2010,Rabi,Barley,23,56,2.434782609
Madhya Pradesh,JABALPUR,2010,Rabi,Cowpea(Lobia),17,5,0.294117647
Madhya Pradesh,JABALPUR,2010,Rabi,Gram,62168,47558,0.764991636
Madhya Pradesh,JABALPUR,2010,Rabi,Khesari,20,15,0.75
Madhya Pradesh,JABALPUR,2010,Rabi,Linseed,832,654,0.786057692
Madhya Pradesh,JABALPUR,2010,Rabi,Masoor,37856,8319,0.219753804
Madhya Pradesh,JABALPUR,2010,Rabi,Moong(Green Gram),57,18,0.315789474
Madhya Pradesh,JABALPUR,2010,Rabi,Peas & beans (Pulses),29323,6405,0.218429219
Madhya Pradesh,JABALPUR,2010,Rabi,Rapeseed &Mustard,3276,3286,1.003052503
Madhya Pradesh,JABALPUR,2010,Rabi,Urad,714,248,0.347338936
Madhya Pradesh,JABALPUR,2010,Rabi,Wheat,95775,280496,2.928697468
Madhya Pradesh,JABALPUR,2010,Whole Year,Coriander,620,168,0.270967742
Madhya Pradesh,JABALPUR,2010,Whole Year,Dry chillies,276,529,1.916666667
Madhya Pradesh,JABALPUR,2010,Whole Year,Dry ginger,52,83,1.596153846
Madhya Pradesh,JABALPUR,2010,Whole Year,Garlic,9,38,4.222222222
Madhya Pradesh,JABALPUR,2010,Whole Year,Onion,307,9689,31.56026059
Madhya Pradesh,JABALPUR,2010,Whole Year,Potato,305,5127,16.80983607
Madhya Pradesh,JABALPUR,2010,Whole Year,Sannhamp,21,50,2.380952381
Madhya Pradesh,JABALPUR,2010,Whole Year,Sesamum,1409,777,0.551454933
Madhya Pradesh,JABALPUR,2010,Whole Year,Sugarcane,373,10870,29.14209115
Madhya Pradesh,JABALPUR,2010,Whole Year,Sweet potato,12,72,6
Madhya Pradesh,JABALPUR,2010,Whole Year,Turmeric,4,5,1.25
Madhya Pradesh,JABALPUR,2011,Kharif,Arhar/Tur,11441,11319,0.989336596
Madhya Pradesh,JABALPUR,2011,Kharif,Barley,18,45,2.5
Madhya Pradesh,JABALPUR,2011,Kharif,Groundnut,165,210,1.272727273
Madhya Pradesh,JABALPUR,2011,Kharif,Jowar,1685,2751,1.63264095
Madhya Pradesh,JABALPUR,2011,Kharif,Maize,4484,5117,1.141168599
Madhya Pradesh,JABALPUR,2011,Kharif,Moong(Green Gram),1424,402,0.282303371
Madhya Pradesh,JABALPUR,2011,Kharif,Niger seed,5708,1090,0.190960056
Madhya Pradesh,JABALPUR,2011,Kharif,Other Kharif pulses,26,10,0.384615385
Madhya Pradesh,JABALPUR,2011,Kharif,Rice,72237,93156,1.289588438
Madhya Pradesh,JABALPUR,2011,Kharif,Sannhamp,20,44,2.2
Madhya Pradesh,JABALPUR,2011,Kharif,Small millets,12867,5054,0.392787752
Madhya Pradesh,JABALPUR,2011,Kharif,Soyabean,6827,6522,0.955324447
Madhya Pradesh,JABALPUR,2011,Kharif,Urad,20500,4890,0.238536585
Madhya Pradesh,JABALPUR,2011,Rabi,Gram,62474,81166,1.299196466
Madhya Pradesh,JABALPUR,2011,Rabi,Khesari,14,13,0.928571429
Madhya Pradesh,JABALPUR,2011,Rabi,Linseed,679,657,0.967599411
Madhya Pradesh,JABALPUR,2011,Rabi,Masoor,35178,14037,0.399027801
Madhya Pradesh,JABALPUR,2011,Rabi,Moong(Green Gram),43,13,0.302325581
Madhya Pradesh,JABALPUR,2011,Rabi,Other  Rabi pulses,11,4,0.363636364
Madhya Pradesh,JABALPUR,2011,Rabi,Peas & beans (Pulses),39329,15324,0.389636146
Madhya Pradesh,JABALPUR,2011,Rabi,Rapeseed &Mustard,3488,3305,0.947534404
Madhya Pradesh,JABALPUR,2011,Rabi,Urad,1374,371,0.270014556
Madhya Pradesh,JABALPUR,2011,Rabi,Wheat,100107,243281,2.430209676
Madhya Pradesh,JABALPUR,2011,Whole Year,Coriander,676,197,0.291420118
Madhya Pradesh,JABALPUR,2011,Whole Year,Dry chillies,290,662,2.282758621
Madhya Pradesh,JABALPUR,2011,Whole Year,Dry ginger,49,76,1.551020408
Madhya Pradesh,JABALPUR,2011,Whole Year,Garlic,15,65,4.333333333
Madhya Pradesh,JABALPUR,2011,Whole Year,Onion,330,12559,38.05757576
Madhya Pradesh,JABALPUR,2011,Whole Year,Potato,375,6888,18.368
Madhya Pradesh,JABALPUR,2011,Whole Year,Sesamum,1422,592,0.416315049
Madhya Pradesh,JABALPUR,2011,Whole Year,Sugarcane,721,20040,27.79472954
Madhya Pradesh,JABALPUR,2011,Whole Year,Sweet potato,21,148,7.047619048
Madhya Pradesh,JABALPUR,2011,Whole Year,Turmeric,1,1,1
Madhya Pradesh,JABALPUR,2012,Kharif,Arhar/Tur,11429,13561,1.186543005
Madhya Pradesh,JABALPUR,2012,Kharif,Barley,2,3,1.5
Madhya Pradesh,JABALPUR,2012,Kharif,Groundnut,173,355,2.052023121
Madhya Pradesh,JABALPUR,2012,Kharif,Jowar,1432,3052,2.131284916
Madhya Pradesh,JABALPUR,2012,Kharif,Maize,4507,8781,1.94830264
Madhya Pradesh,JABALPUR,2012,Kharif,Moong(Green Gram),1044,454,0.4348659
Madhya Pradesh,JABALPUR,2012,Kharif,Niger seed,5923,1656,0.279588047
Madhya Pradesh,JABALPUR,2012,Kharif,Other Kharif pulses,29,13,0.448275862
Madhya Pradesh,JABALPUR,2012,Kharif,Rice,81619,169606,2.078021049
Madhya Pradesh,JABALPUR,2012,Kharif,Sannhamp,15,39,2.6
Madhya Pradesh,JABALPUR,2012,Kharif,Small millets,8791,3234,0.367876237
Madhya Pradesh,JABALPUR,2012,Kharif,Soyabean,15985,21352,1.335752268
Madhya Pradesh,JABALPUR,2012,Kharif,Urad,23511,9291,0.395176726
Madhya Pradesh,JABALPUR,2012,Rabi,Gram,60777,83635,1.376096221
Madhya Pradesh,JABALPUR,2012,Rabi,Khesari,13,15,1.153846154
Madhya Pradesh,JABALPUR,2012,Rabi,Linseed,461,404,0.876355748
Madhya Pradesh,JABALPUR,2012,Rabi,Masoor,26279,7573,0.288176871
Madhya Pradesh,JABALPUR,2012,Rabi,Moong(Green Gram),259,106,0.409266409
Madhya Pradesh,JABALPUR,2012,Rabi,Other  Rabi pulses,13,6,0.461538462
Madhya Pradesh,JABALPUR,2012,Rabi,Peas & beans (Pulses),16652,5281,0.317139082
Madhya Pradesh,JABALPUR,2012,Rabi,Rapeseed &Mustard,3773,4247,1.125629473
Madhya Pradesh,JABALPUR,2012,Rabi,Urad,1325,1079,0.814339623
Madhya Pradesh,JABALPUR,2012,Rabi,Wheat,109232,299369,2.740671232
Madhya Pradesh,JABALPUR,2012,Whole Year,Coriander,830,224,0.269879518
Madhya Pradesh,JABALPUR,2012,Whole Year,Dry chillies,369,939,2.544715447
Madhya Pradesh,JABALPUR,2012,Whole Year,Dry ginger,51,86,1.68627451
Madhya Pradesh,JABALPUR,2012,Whole Year,Garlic,13,65,5
Madhya Pradesh,JABALPUR,2012,Whole Year,Onion,294,11672,39.70068027
Madhya Pradesh,JABALPUR,2012,Whole Year,Potato,334,5541,16.58982036
Madhya Pradesh,JABALPUR,2012,Whole Year,Sesamum,1142,526,0.460595447
Madhya Pradesh,JABALPUR,2012,Whole Year,Sugarcane,200,6260,31.3
Madhya Pradesh,JABALPUR,2012,Whole Year,Sweet potato,21,160,7.619047619
Madhya Pradesh,JABALPUR,2012,Whole Year,Turmeric,17,28,1.647058824
Madhya Pradesh,JABALPUR,2013,Kharif,Arhar/Tur,10732,9472,0.882594111
Madhya Pradesh,JABALPUR,2013,Kharif,Bajra,1,1,1
Madhya Pradesh,JABALPUR,2013,Kharif,Groundnut,158,257,1.626582278
Madhya Pradesh,JABALPUR,2013,Kharif,Jowar,1434,2347,1.636680614
Madhya Pradesh,JABALPUR,2013,Kharif,Maize,4323,5995,1.386768448
Madhya Pradesh,JABALPUR,2013,Kharif,Moong(Green Gram),884,224,0.253393665
Madhya Pradesh,JABALPUR,2013,Kharif,Niger seed,5661,1925,0.340045928
Madhya Pradesh,JABALPUR,2013,Kharif,Other Kharif pulses,38,20,0.526315789
Madhya Pradesh,JABALPUR,2013,Kharif,Rice,81546,76621,0.93960464
Madhya Pradesh,JABALPUR,2013,Kharif,Sannhamp,8,17,2.125
Madhya Pradesh,JABALPUR,2013,Kharif,Small millets,4269,3215,0.753103771
Madhya Pradesh,JABALPUR,2013,Kharif,Soyabean,43142,11924,0.276389597
Madhya Pradesh,JABALPUR,2013,Kharif,Urad,19505,3807,0.195180723
Madhya Pradesh,JABALPUR,2013,Rabi,Gram,59922,43461,0.725292881
Madhya Pradesh,JABALPUR,2013,Rabi,Khesari,13,12,0.923076923
Madhya Pradesh,JABALPUR,2013,Rabi,Linseed,904,630,0.696902655
Madhya Pradesh,JABALPUR,2013,Rabi,Masoor,23134,16723,0.722875421
Madhya Pradesh,JABALPUR,2013,Rabi,Moong(Green Gram),1145,493,0.430567686
Madhya Pradesh,JABALPUR,2013,Rabi,Other  Rabi pulses,26,13,0.5
Madhya Pradesh,JABALPUR,2013,Rabi,Peas & beans (Pulses),20887,21491,1.028917508
Madhya Pradesh,JABALPUR,2013,Rabi,Rapeseed &Mustard,3680,3235,0.879076087
Madhya Pradesh,JABALPUR,2013,Rabi,Urad,2198,989,0.449954504
Madhya Pradesh,JABALPUR,2013,Rabi,Wheat,119710,332705,2.779258207
Madhya Pradesh,JABALPUR,2013,Whole Year,Banana,7,,
Madhya Pradesh,JABALPUR,2013,Whole Year,Coriander,717,258,0.359832636
Madhya Pradesh,JABALPUR,2013,Whole Year,Dry chillies,445,598,1.343820225
Madhya Pradesh,JABALPUR,2013,Whole Year,Dry ginger,36,61,1.694444444
Madhya Pradesh,JABALPUR,2013,Whole Year,Garlic,9,45,5
Madhya Pradesh,JABALPUR,2013,Whole Year,Onion,164,5063,30.87195122
Madhya Pradesh,JABALPUR,2013,Whole Year,Potato,229,3254,14.20960699
Madhya Pradesh,JABALPUR,2013,Whole Year,Sesamum,1279,700,0.54730258
Madhya Pradesh,JABALPUR,2013,Whole Year,Sugarcane,845,25490,30.16568047
Madhya Pradesh,JABALPUR,2013,Whole Year,Sweet potato,1,8,8
Madhya Pradesh,JABALPUR,2013,Whole Year,Turmeric,10,17,1.7
Madhya Pradesh,JHABUA,1997,Kharif,Arhar/Tur,4400,2600,0.590909091
Madhya Pradesh,JHABUA,1997,Kharif,Bajra,15100,6700,0.443708609
Madhya Pradesh,JHABUA,1997,Kharif,Cotton(lint),15000,21000,1.4
Madhya Pradesh,JHABUA,1997,Kharif,Groundnut,16600,12300,0.740963855
Madhya Pradesh,JHABUA,1997,Kharif,Jowar,16400,10700,0.652439024
Madhya Pradesh,JHABUA,1997,Kharif,Maize,104300,139600,1.338446788
Madhya Pradesh,JHABUA,1997,Kharif,Paddy,27400,16900,0.616788321
Madhya Pradesh,JHABUA,1997,Kharif,Small millets,600,100,0.166666667
Madhya Pradesh,JHABUA,1997,Kharif,Soyabean,29300,24200,0.825938567
Madhya Pradesh,JHABUA,1997,Rabi,Barley,400,400,1
Madhya Pradesh,JHABUA,1997,Rabi,Jowar,1600,1100,0.6875
Madhya Pradesh,JHABUA,1997,Rabi,Wheat,49800,92500,1.857429719
Madhya Pradesh,JHABUA,1998,Kharif,Arhar/Tur,4500,2700,0.6
Madhya Pradesh,JHABUA,1998,Kharif,Bajra,14700,6000,0.408163265
Madhya Pradesh,JHABUA,1998,Kharif,Cotton(lint),16400,2000,0.12195122
Madhya Pradesh,JHABUA,1998,Kharif,Groundnut,16100,13900,0.863354037
Madhya Pradesh,JHABUA,1998,Kharif,Jowar,15100,11700,0.774834437
Madhya Pradesh,JHABUA,1998,Kharif,Maize,104500,149300,1.428708134
Madhya Pradesh,JHABUA,1998,Kharif,Rice,27200,11300,0.415441176
Madhya Pradesh,JHABUA,1998,Kharif,Sesamum,100,,
Madhya Pradesh,JHABUA,1998,Kharif,Small millets,500,100,0.2
Madhya Pradesh,JHABUA,1998,Kharif,Soyabean,32100,23100,0.719626168
Madhya Pradesh,JHABUA,1998,Rabi,Barley,400,300,0.75
Madhya Pradesh,JHABUA,1998,Rabi,Gram,48700,30600,0.628336756
Madhya Pradesh,JHABUA,1998,Rabi,Jowar,2600,1900,0.730769231
Madhya Pradesh,JHABUA,1998,Rabi,Wheat,51400,99500,1.935797665
Madhya Pradesh,JHABUA,1998,Whole Year,Sugarcane,36,760,21.11111111
Madhya Pradesh,JHABUA,1999,Kharif,Arhar/Tur,4516,2098,0.464570416
Madhya Pradesh,JHABUA,1999,Kharif,Bajra,14667,6522,0.444671712
Madhya Pradesh,JHABUA,1999,Kharif,Castor seed,1317,471,0.357630979
Madhya Pradesh,JHABUA,1999,Kharif,Cotton(lint),18360,6916,0.376688453
Madhya Pradesh,JHABUA,1999,Kharif,Dry ginger,32,54,1.6875
Madhya Pradesh,JHABUA,1999,Kharif,Groundnut,15380,12564,0.816905072
Madhya Pradesh,JHABUA,1999,Kharif,Jowar,13627,7014,0.514713437
Madhya Pradesh,JHABUA,1999,Kharif,Maize,102730,130352,1.268879587
Madhya Pradesh,JHABUA,1999,Kharif,Other Kharif pulses,102775,20205,0.196594503
Madhya Pradesh,JHABUA,1999,Kharif,Rice,25177,17517,0.695754061
Madhya Pradesh,JHABUA,1999,Kharif,Sesamum,85,12,0.141176471
Madhya Pradesh,JHABUA,1999,Kharif,Soyabean,40832,28480,0.697492163
Madhya Pradesh,JHABUA,1999,Kharif,Urad,81510,16449,0.20180346
Madhya Pradesh,JHABUA,1999,Rabi,Barley,149,106,0.711409396
Madhya Pradesh,JHABUA,1999,Rabi,Gram,30438,17136,0.562980485
Madhya Pradesh,JHABUA,1999,Rabi,Jowar,4131,2755,0.666908739
Madhya Pradesh,JHABUA,1999,Rabi,Other  Rabi pulses,325,117,0.36
Madhya Pradesh,JHABUA,1999,Rabi,Rapeseed &Mustard,1,0,0
Madhya Pradesh,JHABUA,1999,Rabi,Wheat,13875,25004,1.80209009
Madhya Pradesh,JHABUA,1999,Whole Year,Dry chillies,945,533,0.564021164
Madhya Pradesh,JHABUA,1999,Whole Year,Garlic,132,288,2.181818182
Madhya Pradesh,JHABUA,1999,Whole Year,Onion,180,1564,8.688888889
Madhya Pradesh,JHABUA,1999,Whole Year,Potato,17,153,9
Madhya Pradesh,JHABUA,1999,Whole Year,Sannhamp,160,244,1.525
Madhya Pradesh,JHABUA,1999,Whole Year,Sugarcane,21,650,30.95238095
Madhya Pradesh,JHABUA,1999,Whole Year,Sweet potato,12,73,6.083333333
Madhya Pradesh,JHABUA,1999,Whole Year,Turmeric,1,1,1
Madhya Pradesh,JHABUA,2000,Kharif,Arhar/Tur,4717,1594,0.337926648
Madhya Pradesh,JHABUA,2000,Kharif,Bajra,15974,3863,0.241830475
Madhya Pradesh,JHABUA,2000,Kharif,Castor seed,59,8,0.13559322
Madhya Pradesh,JHABUA,2000,Kharif,Cotton(lint),22466,6260,0.278643283
Madhya Pradesh,JHABUA,2000,Kharif,Dry ginger,30,17,0.566666667
Madhya Pradesh,JHABUA,2000,Kharif,Groundnut,14667,6928,0.472352901
Madhya Pradesh,JHABUA,2000,Kharif,Jowar,14186,5194,0.366135627
Madhya Pradesh,JHABUA,2000,Kharif,Maize,102363,80316,0.784619443
Madhya Pradesh,JHABUA,2000,Kharif,Other Kharif pulses,96699,18789,0.194303974
Madhya Pradesh,JHABUA,2000,Kharif,Rice,23661,3238,0.136849668
Madhya Pradesh,JHABUA,2000,Kharif,Sesamum,131,30,0.229007634
Madhya Pradesh,JHABUA,2000,Kharif,Small millets,6233,739,0.11856249
Madhya Pradesh,JHABUA,2000,Kharif,Soyabean,38392,12757,0.332282767
Madhya Pradesh,JHABUA,2000,Rabi,Barley,20,9,0.45
Madhya Pradesh,JHABUA,2000,Rabi,Gram,1052,293,0.27851711
Madhya Pradesh,JHABUA,2000,Rabi,Jowar,372,149,0.400537634
Madhya Pradesh,JHABUA,2000,Rabi,Other  Rabi pulses,28,2,0.071428571
Madhya Pradesh,JHABUA,2000,Rabi,Rapeseed &Mustard,3,1,0.333333333
Madhya Pradesh,JHABUA,2000,Rabi,Wheat,1482,1220,0.823211876
Madhya Pradesh,JHABUA,2000,Whole Year,Dry chillies,868,198,0.228110599
Madhya Pradesh,JHABUA,2000,Whole Year,Garlic,27,29,1.074074074
Madhya Pradesh,JHABUA,2000,Whole Year,Onion,46,242,5.260869565
Madhya Pradesh,JHABUA,2000,Whole Year,Sannhamp,133,272,2.045112782
Madhya Pradesh,JHABUA,2000,Whole Year,Sugarcane,23,140,6.086956522
Madhya Pradesh,JHABUA,2001,Kharif,Arhar/Tur,5080,2315,0.455708661
Madhya Pradesh,JHABUA,2001,Kharif,Bajra,16779,7213,0.429882591
Madhya Pradesh,JHABUA,2001,Kharif,Castor seed,1025,340,0.331707317
Madhya Pradesh,JHABUA,2001,Kharif,Cotton(lint),26707,13098,0.49043322
Madhya Pradesh,JHABUA,2001,Kharif,Dry ginger,19,22,1.157894737
Madhya Pradesh,JHABUA,2001,Kharif,Groundnut,14992,12853,0.857323906
Madhya Pradesh,JHABUA,2001,Kharif,Jowar,17251,10024,0.581067764
Madhya Pradesh,JHABUA,2001,Kharif,Maize,106637,215690,2.022656301
Madhya Pradesh,JHABUA,2001,Kharif,Other Kharif pulses,92184,29863,0.323949926
Madhya Pradesh,JHABUA,2001,Kharif,Rice,22539,4557,0.202182883
Madhya Pradesh,JHABUA,2001,Kharif,Sesamum,212,56,0.264150943
Madhya Pradesh,JHABUA,2001,Kharif,Small millets,5995,1154,0.192493745
Madhya Pradesh,JHABUA,2001,Kharif,Soyabean,35811,17560,0.490352126
Madhya Pradesh,JHABUA,2001,Kharif,Sunflower,1,0.01,0.01
Madhya Pradesh,JHABUA,2001,Rabi,Barley,55,38,0.690909091
Madhya Pradesh,JHABUA,2001,Rabi,Gram,9277,4600,0.495849951
Madhya Pradesh,JHABUA,2001,Rabi,Jowar,1609,1121,0.696706029
Madhya Pradesh,JHABUA,2001,Rabi,Other  Rabi pulses,115,26,0.226086957
Madhya Pradesh,JHABUA,2001,Rabi,Rapeseed &Mustard,3,1,0.333333333
Madhya Pradesh,JHABUA,2001,Rabi,Wheat,11027,18093,1.640790786
Madhya Pradesh,JHABUA,2001,Whole Year,Banana,1,40,40
Madhya Pradesh,JHABUA,2001,Whole Year,Dry chillies,968,467,0.482438017
Madhya Pradesh,JHABUA,2001,Whole Year,Garlic,83,135,1.626506024
Madhya Pradesh,JHABUA,2001,Whole Year,Onion,135,1253,9.281481481
Madhya Pradesh,JHABUA,2001,Whole Year,Potato,6,56,9.333333333
Madhya Pradesh,JHABUA,2001,Whole Year,Sannhamp,152,222,1.460526316
Madhya Pradesh,JHABUA,2001,Whole Year,Sugarcane,11,310,28.18181818
Madhya Pradesh,JHABUA,2001,Whole Year,Sweet potato,41,157,3.829268293
Madhya Pradesh,JHABUA,2001,Whole Year,Turmeric,2,2,1
Madhya Pradesh,JHABUA,2002,Kharif,Arhar/Tur,4547,2034,0.447327909
Madhya Pradesh,JHABUA,2002,Kharif,Bajra,17132,5716,0.333644642
Madhya Pradesh,JHABUA,2002,Kharif,Castor seed,529,182,0.344045369
Madhya Pradesh,JHABUA,2002,Kharif,Cotton(lint),31065,13494,0.434379527
Madhya Pradesh,JHABUA,2002,Kharif,Dry ginger,29,42,1.448275862
Madhya Pradesh,JHABUA,2002,Kharif,Groundnut,15391,11751,0.763498148
Madhya Pradesh,JHABUA,2002,Kharif,Jowar,17447,11356,0.650885539
Madhya Pradesh,JHABUA,2002,Kharif,Maize,110585,190323,1.721056201
Madhya Pradesh,JHABUA,2002,Kharif,Other Kharif pulses,91168,30140,0.330598456
Madhya Pradesh,JHABUA,2002,Kharif,Rice,21777,9536,0.43789319
Madhya Pradesh,JHABUA,2002,Kharif,Sesamum,266,89,0.334586466
Madhya Pradesh,JHABUA,2002,Kharif,Small millets,5638,1038,0.18410784
Madhya Pradesh,JHABUA,2002,Kharif,Soyabean,30078,16218,0.539198085
Madhya Pradesh,JHABUA,2002,Kharif,Sunflower,3,1,0.333333333
Madhya Pradesh,JHABUA,2002,Rabi,Barley,36,36,1
Madhya Pradesh,JHABUA,2002,Rabi,Gram,9176,5904,0.643417611
Madhya Pradesh,JHABUA,2002,Rabi,Jowar,983,659,0.670396745
Madhya Pradesh,JHABUA,2002,Rabi,Linseed,3,2,0.666666667
Madhya Pradesh,JHABUA,2002,Rabi,Other  Rabi pulses,114,28,0.245614035
Madhya Pradesh,JHABUA,2002,Rabi,Wheat,15748,26976,1.712979426
Madhya Pradesh,JHABUA,2002,Whole Year,Banana,1,0,0
Madhya Pradesh,JHABUA,2002,Whole Year,Bhindi,410,0,0
Madhya Pradesh,JHABUA,2002,Whole Year,Brinjal,63,0,0
Madhya Pradesh,JHABUA,2002,Whole Year,Cashewnut,1,0,0
Madhya Pradesh,JHABUA,2002,Whole Year,Cauliflower,28,0,0
Madhya Pradesh,JHABUA,2002,Whole Year,Citrus Fruit,3,0,0
Madhya Pradesh,JHABUA,2002,Whole Year,Dry chillies,944,489,0.518008475
Madhya Pradesh,JHABUA,2002,Whole Year,Garlic,122,256,2.098360656
Madhya Pradesh,JHABUA,2002,Whole Year,Mango,1,0,0
Madhya Pradesh,JHABUA,2002,Whole Year,Onion,195,2047,10.4974359
Madhya Pradesh,JHABUA,2002,Whole Year,Other Fresh Fruits,1,0,0
Madhya Pradesh,JHABUA,2002,Whole Year,Other Vegetables,129,0,0
Madhya Pradesh,JHABUA,2002,Whole Year,Papaya,9,412,45.77777778
Madhya Pradesh,JHABUA,2002,Whole Year,Pome Fruit,15,0,0
Madhya Pradesh,JHABUA,2002,Whole Year,Potato,9,84,9.333333333
Madhya Pradesh,JHABUA,2002,Whole Year,Sannhamp,159,144,0.905660377
Madhya Pradesh,JHABUA,2002,Whole Year,Sugarcane,11,310,28.18181818
Madhya Pradesh,JHABUA,2002,Whole Year,Sweet potato,25,111,4.44
Madhya Pradesh,JHABUA,2002,Whole Year,Tomato,579,0,0
Madhya Pradesh,JHABUA,2002,Whole Year,Turmeric,31065,13494,0.434379527
Madhya Pradesh,JHABUA,2003,Kharif,Arhar/Tur,5742,3348,0.5830721
Madhya Pradesh,JHABUA,2003,Kharif,Bajra,17148,10328,0.602285981
Madhya Pradesh,JHABUA,2003,Kharif,Castor seed,817,314,0.384332925
Madhya Pradesh,JHABUA,2003,Kharif,Cotton(lint),32527,27225,0.836996956
Madhya Pradesh,JHABUA,2003,Kharif,Dry ginger,18,26,1.444444444
Madhya Pradesh,JHABUA,2003,Kharif,Groundnut,15929,15062,0.945570971
Madhya Pradesh,JHABUA,2003,Kharif,Horse-gram,14618,4919,0.336502942
Madhya Pradesh,JHABUA,2003,Kharif,Jowar,18344,16271,0.886993022
Madhya Pradesh,JHABUA,2003,Kharif,Maize,113552,207588,1.828131605
Madhya Pradesh,JHABUA,2003,Kharif,Other Kharif pulses,88862,39310,0.442371317
Madhya Pradesh,JHABUA,2003,Kharif,other misc. pulses,113,0.01,8.84956E-05
Madhya Pradesh,JHABUA,2003,Kharif,Rice,22368,14612,0.653254649
Madhya Pradesh,JHABUA,2003,Kharif,Sesamum,320,145,0.453125
Madhya Pradesh,JHABUA,2003,Kharif,Small millets,4453,1105,0.248147316
Madhya Pradesh,JHABUA,2003,Kharif,Soyabean,26590,22389,0.842008274
Madhya Pradesh,JHABUA,2003,Kharif,Sunflower,5,1,0.2
Madhya Pradesh,JHABUA,2003,Kharif,Urad,72242,33240,0.460120152
Madhya Pradesh,JHABUA,2003,Rabi,Barley,115,107,0.930434783
Madhya Pradesh,JHABUA,2003,Rabi,Gram,19051,14070,0.738543908
Madhya Pradesh,JHABUA,2003,Rabi,Jowar,1075,1001,0.931162791
Madhya Pradesh,JHABUA,2003,Rabi,Linseed,7,4,0.571428571
Madhya Pradesh,JHABUA,2003,Rabi,Other  Rabi pulses,195,104,0.533333333
Madhya Pradesh,JHABUA,2003,Rabi,other misc. pulses,9,0,0
Madhya Pradesh,JHABUA,2003,Rabi,Rapeseed &Mustard,10,6,0.6
Madhya Pradesh,JHABUA,2003,Rabi,Wheat,30272,53653,1.772363901
Madhya Pradesh,JHABUA,2003,Whole Year,Bhindi,429,0,0
Madhya Pradesh,JHABUA,2003,Whole Year,Brinjal,89,0,0
Madhya Pradesh,JHABUA,2003,Whole Year,Cauliflower,40,0,0
Madhya Pradesh,JHABUA,2003,Whole Year,Citrus Fruit,4,0,0
Madhya Pradesh,JHABUA,2003,Whole Year,Dry chillies,1003,685,0.682951147
Madhya Pradesh,JHABUA,2003,Whole Year,Garlic,172,369,2.145348837
Madhya Pradesh,JHABUA,2003,Whole Year,Mango,1,0,0
Madhya Pradesh,JHABUA,2003,Whole Year,Onion,280,2703,9.653571429
Madhya Pradesh,JHABUA,2003,Whole Year,Orange,5,0,0
Madhya Pradesh,JHABUA,2003,Whole Year,Other Fresh Fruits,2,0,0
Madhya Pradesh,JHABUA,2003,Whole Year,Other Vegetables,240,0,0
Madhya Pradesh,JHABUA,2003,Whole Year,Papaya,9,295,32.77777778
Madhya Pradesh,JHABUA,2003,Whole Year,Pome Fruit,13,0,0
Madhya Pradesh,JHABUA,2003,Whole Year,Potato,15,192,12.8
Madhya Pradesh,JHABUA,2003,Whole Year,Sannhamp,212,450,2.122641509
Madhya Pradesh,JHABUA,2003,Whole Year,Sugarcane,11,330,30
Madhya Pradesh,JHABUA,2003,Whole Year,Sweet potato,32,157,4.90625
Madhya Pradesh,JHABUA,2003,Whole Year,Tomato,757,0,0
Madhya Pradesh,JHABUA,2003,Whole Year,Turmeric,1,1,1
Madhya Pradesh,JHABUA,2004,Kharif,Arhar/Tur,5092,2517,0.494304792
Madhya Pradesh,JHABUA,2004,Kharif,Bajra,17322,9705,0.560270177
Madhya Pradesh,JHABUA,2004,Kharif,Castor seed,837,327,0.390681004
Madhya Pradesh,JHABUA,2004,Kharif,Cotton(lint),36667,26159,0.713420787
Madhya Pradesh,JHABUA,2004,Kharif,Dry ginger,29,35,1.206896552
Madhya Pradesh,JHABUA,2004,Kharif,Groundnut,17328,15964,0.921283472
Madhya Pradesh,JHABUA,2004,Kharif,Horse-gram,13836,4166,0.301098583
Madhya Pradesh,JHABUA,2004,Kharif,Jowar,17210,13317,0.773794306
Madhya Pradesh,JHABUA,2004,Kharif,Maize,112802,108843,0.964903105
Madhya Pradesh,JHABUA,2004,Kharif,Rice,22712,12841,0.565383938
Madhya Pradesh,JHABUA,2004,Kharif,Sesamum,321,142,0.442367601
Madhya Pradesh,JHABUA,2004,Kharif,Small millets,4128,981,0.237645349
Madhya Pradesh,JHABUA,2004,Kharif,Soyabean,28038,16302,0.581425209
Madhya Pradesh,JHABUA,2004,Kharif,Sunflower,2,1,0.5
Madhya Pradesh,JHABUA,2004,Kharif,Urad,69866,27635,0.395542896
Madhya Pradesh,JHABUA,2004,Rabi,Barley,134,114,0.850746269
Madhya Pradesh,JHABUA,2004,Rabi,Gram,23277,15444,0.663487563
Madhya Pradesh,JHABUA,2004,Rabi,Jowar,1346,1073,0.79717682
Madhya Pradesh,JHABUA,2004,Rabi,Linseed,1,,
Madhya Pradesh,JHABUA,2004,Rabi,Masoor,2,1,0.5
Madhya Pradesh,JHABUA,2004,Rabi,Rapeseed &Mustard,4,2,0.5
Madhya Pradesh,JHABUA,2004,Rabi,Wheat,35183,56553,1.607395617
Madhya Pradesh,JHABUA,2004,Whole Year,Garlic,185,411,2.221621622
Madhya Pradesh,JHABUA,2004,Whole Year,Onion,307,3511,11.43648208
Madhya Pradesh,JHABUA,2004,Whole Year,Potato,10,135,13.5
Madhya Pradesh,JHABUA,2004,Whole Year,Sugarcane,12,350,29.16666667
Madhya Pradesh,JHABUA,2004,Whole Year,Sweet potato,12,59,4.916666667
Madhya Pradesh,JHABUA,2004,Whole Year,Turmeric,4,4,1
Madhya Pradesh,JHABUA,2005,Kharif,Arhar/Tur,5214,2544,0.487917146
Madhya Pradesh,JHABUA,2005,Kharif,Bajra,17628,10944,0.620830497
Madhya Pradesh,JHABUA,2005,Kharif,Castor seed,466,181,0.388412017
Madhya Pradesh,JHABUA,2005,Kharif,Cotton(lint),35558,31003,0.871899432
Madhya Pradesh,JHABUA,2005,Kharif,Groundnut,18834,18111,0.961611978
Madhya Pradesh,JHABUA,2005,Kharif,Horse-gram,12518,4645,0.371065665
Madhya Pradesh,JHABUA,2005,Kharif,Jowar,18142,14434,0.795612391
Madhya Pradesh,JHABUA,2005,Kharif,Maize,112041,140296,1.252184468
Madhya Pradesh,JHABUA,2005,Kharif,Moong(Green Gram),1918,601,0.313347237
Madhya Pradesh,JHABUA,2005,Kharif,Rice,22504,10387,0.461562389
Madhya Pradesh,JHABUA,2005,Kharif,Sesamum,278,112,0.402877698
Madhya Pradesh,JHABUA,2005,Kharif,Small millets,3505,853,0.243366619
Madhya Pradesh,JHABUA,2005,Kharif,Soyabean,30819,19872,0.644797041
Madhya Pradesh,JHABUA,2005,Kharif,Urad,67072,28154,0.419757872
Madhya Pradesh,JHABUA,2005,Rabi,Barley,123,102,0.829268293
Madhya Pradesh,JHABUA,2005,Rabi,Gram,21453,13348,0.622197362
Madhya Pradesh,JHABUA,2005,Rabi,Jowar,916,902,0.984716157
Madhya Pradesh,JHABUA,2005,Rabi,Masoor,1,,
Madhya Pradesh,JHABUA,2005,Rabi,Peas & beans (Pulses),158,65,0.411392405
Madhya Pradesh,JHABUA,2005,Rabi,Rapeseed &Mustard,5,3,0.6
Madhya Pradesh,JHABUA,2005,Rabi,Wheat,26757,48671,1.819000635
Madhya Pradesh,JHABUA,2005,Whole Year,Onion,279,3078,11.03225806
Madhya Pradesh,JHABUA,2005,Whole Year,Potato,10,121,12.1
Madhya Pradesh,JHABUA,2005,Whole Year,Sugarcane,14,450,32.14285714
Madhya Pradesh,JHABUA,2005,Whole Year,Sweet potato,17,91,5.352941176
Madhya Pradesh,JHABUA,2006,Kharif,Arhar/Tur,4677,2237,0.478298054
Madhya Pradesh,JHABUA,2006,Kharif,Bajra,17273,10077,0.583396052
Madhya Pradesh,JHABUA,2006,Kharif,Castor seed,671,286,0.426229508
Madhya Pradesh,JHABUA,2006,Kharif,Cotton(lint),37030,25014,0.675506346
Madhya Pradesh,JHABUA,2006,Kharif,Dry ginger,32,42,1.3125
Madhya Pradesh,JHABUA,2006,Kharif,Groundnut,19561,15136,0.773784571
Madhya Pradesh,JHABUA,2006,Kharif,Horse-gram,12180,4519,0.371018062
Madhya Pradesh,JHABUA,2006,Kharif,Jowar,16455,13455,0.817684594
Madhya Pradesh,JHABUA,2006,Kharif,Jute,135,267,1.977777778
Madhya Pradesh,JHABUA,2006,Kharif,Maize,113563,67043,0.590359536
Madhya Pradesh,JHABUA,2006,Kharif,Mesta,6,10,1.666666667
Madhya Pradesh,JHABUA,2006,Kharif,Moong(Green Gram),1996,613,0.307114228
Madhya Pradesh,JHABUA,2006,Kharif,Other Kharif pulses,1023,336,0.328445748
Madhya Pradesh,JHABUA,2006,Kharif,Rice,22890,10592,0.462734819
Madhya Pradesh,JHABUA,2006,Kharif,Small millets,3270,774,0.236697248
Madhya Pradesh,JHABUA,2006,Kharif,Soyabean,34002,24418,0.718134227
Madhya Pradesh,JHABUA,2006,Kharif,Urad,65357,26379,0.403613997
Madhya Pradesh,JHABUA,2006,Rabi,Gram,22524,14557,0.646288403
Madhya Pradesh,JHABUA,2006,Rabi,Jowar,1143,1101,0.963254593
Madhya Pradesh,JHABUA,2006,Rabi,Masoor,1,,
Madhya Pradesh,JHABUA,2006,Rabi,Moong(Green Gram),94,29,0.308510638
Madhya Pradesh,JHABUA,2006,Rabi,Other  Rabi pulses,63,,
Madhya Pradesh,JHABUA,2006,Rabi,Peas & beans (Pulses),187,94,0.502673797
Madhya Pradesh,JHABUA,2006,Rabi,Rapeseed &Mustard,1,,
Madhya Pradesh,JHABUA,2006,Rabi,Small millets,1,,
Madhya Pradesh,JHABUA,2006,Rabi,Wheat,38616,70912,1.83633727
Madhya Pradesh,JHABUA,2006,Whole Year,Banana,1,,
Madhya Pradesh,JHABUA,2006,Whole Year,Dry chillies,1192,1000,0.838926174
Madhya Pradesh,JHABUA,2006,Whole Year,Garlic,177,439,2.480225989
Madhya Pradesh,JHABUA,2006,Whole Year,Onion,268,3116,11.62686567
Madhya Pradesh,JHABUA,2006,Whole Year,Potato,16,250,15.625
Madhya Pradesh,JHABUA,2006,Whole Year,Sesamum,242,80,0.330578512
Madhya Pradesh,JHABUA,2006,Whole Year,Sugarcane,19,580,30.52631579
Madhya Pradesh,JHABUA,2006,Whole Year,Sweet potato,20,107,5.35
Madhya Pradesh,JHABUA,2006,Whole Year,Turmeric,4,4,1
Madhya Pradesh,JHABUA,2007,Kharif,Arhar/Tur,5900,2809,0.476101695
Madhya Pradesh,JHABUA,2007,Kharif,Bajra,16390,9890,0.603416718
Madhya Pradesh,JHABUA,2007,Kharif,Castor seed,910,435,0.478021978
Madhya Pradesh,JHABUA,2007,Kharif,Cotton(lint),33891,4551,0.134283438
Madhya Pradesh,JHABUA,2007,Kharif,Groundnut,18704,19211,1.027106501
Madhya Pradesh,JHABUA,2007,Kharif,Horse-gram,11288,4722,0.41832034
Madhya Pradesh,JHABUA,2007,Kharif,Jowar,17286,18779,1.086370473
Madhya Pradesh,JHABUA,2007,Kharif,Maize,111509,124958,1.120609099
Madhya Pradesh,JHABUA,2007,Kharif,Rice,22820,12493,0.54745837
Madhya Pradesh,JHABUA,2007,Kharif,Sannhamp,150,267,1.78
Madhya Pradesh,JHABUA,2007,Kharif,Soyabean,40620,29049,0.715140325
Madhya Pradesh,JHABUA,2007,Kharif,Urad,65520,32792,0.5004884
Madhya Pradesh,JHABUA,2007,Rabi,Barley,154,143,0.928571429
Madhya Pradesh,JHABUA,2007,Rabi,Gram,24146,13456,0.557276568
Madhya Pradesh,JHABUA,2007,Rabi,Jowar,1259,1523,1.20969023
Madhya Pradesh,JHABUA,2007,Rabi,Linseed,1,,
Madhya Pradesh,JHABUA,2007,Rabi,Masoor,1,,
Madhya Pradesh,JHABUA,2007,Rabi,Peas & beans (Pulses),216,102,0.472222222
Madhya Pradesh,JHABUA,2007,Rabi,Rapeseed &Mustard,1,,
Madhya Pradesh,JHABUA,2007,Rabi,Wheat,43194,77325,1.790179192
Madhya Pradesh,JHABUA,2007,Whole Year,Coriander,3,1,0.333333333
Madhya Pradesh,JHABUA,2007,Whole Year,Garlic,199,494,2.48241206
Madhya Pradesh,JHABUA,2007,Whole Year,Onion,303,3048,10.05940594
Madhya Pradesh,JHABUA,2007,Whole Year,Potato,8,90,11.25
Madhya Pradesh,JHABUA,2007,Whole Year,Sesamum,210,117,0.557142857
Madhya Pradesh,JHABUA,2007,Whole Year,Small millets,985,200,0.203045685
Madhya Pradesh,JHABUA,2007,Whole Year,Sugarcane,14,440,31.42857143
Madhya Pradesh,JHABUA,2007,Whole Year,Sunflower,1,,
Madhya Pradesh,JHABUA,2007,Whole Year,Sweet potato,26,139,5.346153846
Madhya Pradesh,JHABUA,2007,Whole Year,Turmeric,2,2,1
Madhya Pradesh,JHABUA,2008,Kharif,Arhar/Tur,2288,1094,0.478146853
Madhya Pradesh,JHABUA,2008,Kharif,Bajra,6,5,0.833333333
Madhya Pradesh,JHABUA,2008,Kharif,Castor seed,223,93,0.417040359
Madhya Pradesh,JHABUA,2008,Kharif,Cotton(lint),24536,3714,0.151369416
Madhya Pradesh,JHABUA,2008,Kharif,Groundnut,8031,8105,1.009214295
Madhya Pradesh,JHABUA,2008,Kharif,Horse-gram,860,371,0.431395349
Madhya Pradesh,JHABUA,2008,Kharif,Jowar,3256,3341,1.026105651
Madhya Pradesh,JHABUA,2008,Kharif,Maize,70205,84572,1.204643544
Madhya Pradesh,JHABUA,2008,Kharif,Ragi,1,,
Madhya Pradesh,JHABUA,2008,Kharif,Rice,14190,7742,0.54559549
Madhya Pradesh,JHABUA,2008,Kharif,Sannhamp,73,34,0.465753425
Madhya Pradesh,JHABUA,2008,Kharif,Soyabean,39914,30299,0.75910708
Madhya Pradesh,JHABUA,2008,Kharif,Urad,9661,4679,0.484318394
Madhya Pradesh,JHABUA,2008,Rabi,Barley,131,120,0.916030534
Madhya Pradesh,JHABUA,2008,Rabi,Gram,10764,6004,0.55778521
Madhya Pradesh,JHABUA,2008,Rabi,Peas & beans (Pulses),117,60,0.512820513
Madhya Pradesh,JHABUA,2008,Rabi,Rapeseed &Mustard,1,,
Madhya Pradesh,JHABUA,2008,Rabi,Wheat,18787,33627,1.789907915
Madhya Pradesh,JHABUA,2008,Whole Year,Garlic,111,250,2.252252252
Madhya Pradesh,JHABUA,2008,Whole Year,Onion,177,1753,9.903954802
Madhya Pradesh,JHABUA,2008,Whole Year,Potato,5,50,10
Madhya Pradesh,JHABUA,2008,Whole Year,Sesamum,156,61,0.391025641
Madhya Pradesh,JHABUA,2008,Whole Year,Small millets,559,148,0.264758497
Madhya Pradesh,JHABUA,2008,Whole Year,Sugarcane,10,300,30
Madhya Pradesh,JHABUA,2008,Whole Year,Sweet potato,11,70,6.363636364
Madhya Pradesh,JHABUA,2008,Whole Year,Turmeric,2,2,1
Madhya Pradesh,JHABUA,2009,Kharif,Cowpea(Lobia),146,56,0.383561644
Madhya Pradesh,JHABUA,2009,Kharif,Horse-gram,837,277,0.330943847
Madhya Pradesh,JHABUA,2009,Kharif,Jowar,3313,3141,0.948083308
Madhya Pradesh,JHABUA,2009,Kharif,Moong(Green Gram),422,127,0.300947867
Madhya Pradesh,JHABUA,2009,Kharif,Small millets,568,129,0.227112676
Madhya Pradesh,JHABUA,2009,Kharif,Urad,9343,3695,0.395483249
Madhya Pradesh,JHABUA,2009,Rabi,Jowar,1,,
Madhya Pradesh,JHABUA,2009,Rabi,Moong(Green Gram),70,16,0.228571429
Madhya Pradesh,JHABUA,2009,Whole Year,Arhar/Tur,2468,1203,0.487439222
Madhya Pradesh,JHABUA,2009,Whole Year,Bajra,4,3,0.75
Madhya Pradesh,JHABUA,2009,Whole Year,Barley,119,96,0.806722689
Madhya Pradesh,JHABUA,2009,Whole Year,Castor seed,211,89,0.421800948
Madhya Pradesh,JHABUA,2009,Whole Year,Cotton(lint),23308,2600,0.111549683
Madhya Pradesh,JHABUA,2009,Whole Year,Dry chillies,1818,3470,1.908690869
Madhya Pradesh,JHABUA,2009,Whole Year,Dry ginger,29,36,1.24137931
Madhya Pradesh,JHABUA,2009,Whole Year,Garlic,144,362,2.513888889
Madhya Pradesh,JHABUA,2009,Whole Year,Gram,12452,7201,0.578300675
Madhya Pradesh,JHABUA,2009,Whole Year,Groundnut,7273,5854,0.804894816
Madhya Pradesh,JHABUA,2009,Whole Year,Maize,68358,69651,1.018915123
Madhya Pradesh,JHABUA,2009,Whole Year,Masoor,6,2,0.333333333
Madhya Pradesh,JHABUA,2009,Whole Year,Onion,242,2560,10.5785124
Madhya Pradesh,JHABUA,2009,Whole Year,Peas & beans (Pulses),142,67,0.471830986
Madhya Pradesh,JHABUA,2009,Whole Year,Potato,4,40,10
Madhya Pradesh,JHABUA,2009,Whole Year,Rapeseed &Mustard,13,8,0.615384615
Madhya Pradesh,JHABUA,2009,Whole Year,Rice,13216,4965,0.375680993
Madhya Pradesh,JHABUA,2009,Whole Year,Sannhamp,81,31,0.382716049
Madhya Pradesh,JHABUA,2009,Whole Year,Sesamum,152,64,0.421052632
Madhya Pradesh,JHABUA,2009,Whole Year,Soyabean,43683,31418,0.719227159
Madhya Pradesh,JHABUA,2009,Whole Year,Sugarcane,9,270,30
Madhya Pradesh,JHABUA,2009,Whole Year,Sweet potato,13,69,5.307692308
Madhya Pradesh,JHABUA,2009,Whole Year,Turmeric,1,1,1
Madhya Pradesh,JHABUA,2009,Whole Year,Wheat,23901,44554,1.864106104
Madhya Pradesh,JHABUA,2010,Kharif,Arhar/Tur,2935,759,0.258603066
Madhya Pradesh,JHABUA,2010,Kharif,Bajra,8,5,0.625
Madhya Pradesh,JHABUA,2010,Kharif,Castor seed,251,109,0.434262948
Madhya Pradesh,JHABUA,2010,Kharif,Cotton(lint),22637,13198,0.583027786
Madhya Pradesh,JHABUA,2010,Kharif,Cowpea(Lobia),149,41,0.275167785
Madhya Pradesh,JHABUA,2010,Kharif,Groundnut,6811,8725,1.281016004
Madhya Pradesh,JHABUA,2010,Kharif,Horse-gram,765,289,0.377777778
Madhya Pradesh,JHABUA,2010,Kharif,Jowar,3246,3853,1.186999384
Madhya Pradesh,JHABUA,2010,Kharif,Maize,67317,76417,1.135181306
Madhya Pradesh,JHABUA,2010,Kharif,Moong(Green Gram),329,118,0.358662614
Madhya Pradesh,JHABUA,2010,Kharif,Rice,12791,8373,0.654600891
Madhya Pradesh,JHABUA,2010,Kharif,Small millets,475,117,0.246315789
Madhya Pradesh,JHABUA,2010,Kharif,Soyabean,47294,33361,0.705396033
Madhya Pradesh,JHABUA,2010,Kharif,Urad,9233,4249,0.460197119
Madhya Pradesh,JHABUA,2010,Rabi,Barley,166,156,0.939759036
Madhya Pradesh,JHABUA,2010,Rabi,Gram,13730,7751,0.564530226
Madhya Pradesh,JHABUA,2010,Rabi,Masoor,7,2,0.285714286
Madhya Pradesh,JHABUA,2010,Rabi,Moong(Green Gram),107,21,0.196261682
Madhya Pradesh,JHABUA,2010,Rabi,Peas & beans (Pulses),164,54,0.329268293
Madhya Pradesh,JHABUA,2010,Rabi,Rapeseed &Mustard,27,15,0.555555556
Madhya Pradesh,JHABUA,2010,Rabi,Wheat,27515,51628,1.87635835
Madhya Pradesh,JHABUA,2010,Whole Year,Coriander,2,1,0.5
Madhya Pradesh,JHABUA,2010,Whole Year,Dry chillies,1877,4002,2.132125733
Madhya Pradesh,JHABUA,2010,Whole Year,Dry ginger,42,53,1.261904762
Madhya Pradesh,JHABUA,2010,Whole Year,Garlic,151,272,1.801324503
Madhya Pradesh,JHABUA,2010,Whole Year,Onion,241,2656,11.02074689
Madhya Pradesh,JHABUA,2010,Whole Year,Potato,11,109,9.909090909
Madhya Pradesh,JHABUA,2010,Whole Year,Sannhamp,75,172,2.293333333
Madhya Pradesh,JHABUA,2010,Whole Year,Sesamum,174,95,0.545977011
Madhya Pradesh,JHABUA,2010,Whole Year,Sugarcane,9,280,31.11111111
Madhya Pradesh,JHABUA,2010,Whole Year,Sweet potato,20,81,4.05
Madhya Pradesh,JHABUA,2010,Whole Year,Turmeric,5,4,0.8
Madhya Pradesh,JHABUA,2011,Kharif,Arhar/Tur,2201,849,0.385733757
Madhya Pradesh,JHABUA,2011,Kharif,Bajra,5,3,0.6
Madhya Pradesh,JHABUA,2011,Kharif,Barley,154,179,1.162337662
Madhya Pradesh,JHABUA,2011,Kharif,Castor seed,197,64,0.324873096
Madhya Pradesh,JHABUA,2011,Kharif,Cotton(lint),22153,26245,1.184715388
Madhya Pradesh,JHABUA,2011,Kharif,Groundnut,6780,7837,1.155899705
Madhya Pradesh,JHABUA,2011,Kharif,Horse-gram,647,185,0.285935085
Madhya Pradesh,JHABUA,2011,Kharif,Jowar,2990,2949,0.986287625
Madhya Pradesh,JHABUA,2011,Kharif,Maize,68191,54624,0.801044126
Madhya Pradesh,JHABUA,2011,Kharif,Moong(Green Gram),373,84,0.225201072
Madhya Pradesh,JHABUA,2011,Kharif,Other Kharif pulses,157,42,0.267515924
Madhya Pradesh,JHABUA,2011,Kharif,Rice,12137,8569,0.706022905
Madhya Pradesh,JHABUA,2011,Kharif,Sannhamp,59,94,1.593220339
Madhya Pradesh,JHABUA,2011,Kharif,Small millets,412,91,0.220873786
Madhya Pradesh,JHABUA,2011,Kharif,Soyabean,49049,33450,0.68197109
Madhya Pradesh,JHABUA,2011,Kharif,Urad,8938,2666,0.298277019
Madhya Pradesh,JHABUA,2011,Rabi,Gram,14554,8619,0.592208328
Madhya Pradesh,JHABUA,2011,Rabi,Jowar,1,,
Madhya Pradesh,JHABUA,2011,Rabi,Masoor,7,3,0.428571429
Madhya Pradesh,JHABUA,2011,Rabi,Moong(Green Gram),66,13,0.196969697
Madhya Pradesh,JHABUA,2011,Rabi,Peas & beans (Pulses),191,67,0.35078534
Madhya Pradesh,JHABUA,2011,Rabi,Rapeseed &Mustard,12,6,0.5
Madhya Pradesh,JHABUA,2011,Rabi,Wheat,30438,65451,2.150305539
Madhya Pradesh,JHABUA,2011,Whole Year,Dry chillies,2026,3308,1.632773939
Madhya Pradesh,JHABUA,2011,Whole Year,Dry ginger,53,50,0.943396226
Madhya Pradesh,JHABUA,2011,Whole Year,Garlic,159,332,2.088050314
Madhya Pradesh,JHABUA,2011,Whole Year,Onion,278,3683,13.24820144
Madhya Pradesh,JHABUA,2011,Whole Year,Potato,14,144,10.28571429
Madhya Pradesh,JHABUA,2011,Whole Year,Sesamum,188,102,0.542553191
Madhya Pradesh,JHABUA,2011,Whole Year,Sugarcane,10,230,23
Madhya Pradesh,JHABUA,2011,Whole Year,Sweet potato,20,93,4.65
Madhya Pradesh,JHABUA,2011,Whole Year,Turmeric,15,11,0.733333333
Madhya Pradesh,JHABUA,2012,Kharif,Arhar/Tur,2128,1207,0.567199248
Madhya Pradesh,JHABUA,2012,Kharif,Bajra,6,3,0.5
Madhya Pradesh,JHABUA,2012,Kharif,Barley,141,129,0.914893617
Madhya Pradesh,JHABUA,2012,Kharif,Castor seed,170,88,0.517647059
Madhya Pradesh,JHABUA,2012,Kharif,Cotton(lint),21977,26335,1.198298221
Madhya Pradesh,JHABUA,2012,Kharif,Groundnut,6563,4574,0.696937376
Madhya Pradesh,JHABUA,2012,Kharif,Horse-gram,517,228,0.441005803
Madhya Pradesh,JHABUA,2012,Kharif,Jowar,2969,3552,1.196362412
Madhya Pradesh,JHABUA,2012,Kharif,Maize,67458,132224,1.960093688
Madhya Pradesh,JHABUA,2012,Kharif,Moong(Green Gram),401,166,0.413965087
Madhya Pradesh,JHABUA,2012,Kharif,Other Kharif pulses,146,71,0.48630137
Madhya Pradesh,JHABUA,2012,Kharif,Rice,11896,5784,0.486213853
Madhya Pradesh,JHABUA,2012,Kharif,Sannhamp,51,94,1.843137255
Madhya Pradesh,JHABUA,2012,Kharif,Small millets,323,88,0.27244582
Madhya Pradesh,JHABUA,2012,Kharif,Soyabean,52010,51332,0.986964045
Madhya Pradesh,JHABUA,2012,Kharif,Urad,8975,5372,0.598551532
Madhya Pradesh,JHABUA,2012,Rabi,Gram,16722,11043,0.660387513
Madhya Pradesh,JHABUA,2012,Rabi,Masoor,1,,
Madhya Pradesh,JHABUA,2012,Rabi,Moong(Green Gram),91,34,0.373626374
Madhya Pradesh,JHABUA,2012,Rabi,Peas & beans (Pulses),180,109,0.605555556
Madhya Pradesh,JHABUA,2012,Rabi,Rapeseed &Mustard,3,1,0.333333333
Madhya Pradesh,JHABUA,2012,Rabi,Wheat,39065,108169,2.768949187
Madhya Pradesh,JHABUA,2012,Whole Year,Coriander,8,4,0.5
Madhya Pradesh,JHABUA,2012,Whole Year,Dry chillies,2274,4428,1.947229551
Madhya Pradesh,JHABUA,2012,Whole Year,Dry ginger,55,91,1.654545455
Madhya Pradesh,JHABUA,2012,Whole Year,Garlic,197,456,2.314720812
Madhya Pradesh,JHABUA,2012,Whole Year,Onion,302,4305,14.25496689
Madhya Pradesh,JHABUA,2012,Whole Year,Potato,9,95,10.55555556
Madhya Pradesh,JHABUA,2012,Whole Year,Sesamum,190,117,0.615789474
Madhya Pradesh,JHABUA,2012,Whole Year,Sugarcane,12,470,39.16666667
Madhya Pradesh,JHABUA,2012,Whole Year,Sweet potato,34,214,6.294117647
Madhya Pradesh,JHABUA,2012,Whole Year,Turmeric,17,22,1.294117647
Madhya Pradesh,JHABUA,2013,Kharif,Arhar/Tur,2539,2115,0.83300512
Madhya Pradesh,JHABUA,2013,Kharif,Bajra,3,4,1.333333333
Madhya Pradesh,JHABUA,2013,Kharif,Barley,163,421,2.582822086
Madhya Pradesh,JHABUA,2013,Kharif,Castor seed,163,173,1.061349693
Madhya Pradesh,JHABUA,2013,Kharif,Cotton(lint),20845,62410,2.994003358
Madhya Pradesh,JHABUA,2013,Kharif,Groundnut,6593,13071,1.982557258
Madhya Pradesh,JHABUA,2013,Kharif,Horse-gram,525,250,0.476190476
Madhya Pradesh,JHABUA,2013,Kharif,Jowar,2606,3182,1.221028396
Madhya Pradesh,JHABUA,2013,Kharif,Maize,66713,149284,2.237704795
Madhya Pradesh,JHABUA,2013,Kharif,Moong(Green Gram),438,193,0.440639269
Madhya Pradesh,JHABUA,2013,Kharif,Other Kharif pulses,340,77,0.226470588
Madhya Pradesh,JHABUA,2013,Kharif,Rice,11867,19964,1.682312295
Madhya Pradesh,JHABUA,2013,Kharif,Sannhamp,42,78,1.857142857
Madhya Pradesh,JHABUA,2013,Kharif,Small millets,282,130,0.460992908
Madhya Pradesh,JHABUA,2013,Kharif,Soyabean,56858,44470,0.782123888
Madhya Pradesh,JHABUA,2013,Kharif,Urad,8559,4412,0.51548078
Madhya Pradesh,JHABUA,2013,Rabi,Gram,16628,14215,0.854883329
Madhya Pradesh,JHABUA,2013,Rabi,Jowar,1,1,1
Madhya Pradesh,JHABUA,2013,Rabi,Moong(Green Gram),235,116,0.493617021
Madhya Pradesh,JHABUA,2013,Rabi,Peas & beans (Pulses),175,196,1.12
Madhya Pradesh,JHABUA,2013,Rabi,Rapeseed &Mustard,3,2,0.666666667
Madhya Pradesh,JHABUA,2013,Rabi,Wheat,44031,122255,2.77656651
Madhya Pradesh,JHABUA,2013,Whole Year,Coriander,2,1,0.5
Madhya Pradesh,JHABUA,2013,Whole Year,Dry chillies,1995,2684,1.345363409
Madhya Pradesh,JHABUA,2013,Whole Year,Dry ginger,53,124,2.339622642
Madhya Pradesh,JHABUA,2013,Whole Year,Garlic,204,774,3.794117647
Madhya Pradesh,JHABUA,2013,Whole Year,Onion,339,5142,15.16814159
Madhya Pradesh,JHABUA,2013,Whole Year,Potato,18,228,12.66666667
Madhya Pradesh,JHABUA,2013,Whole Year,Sesamum,218,220,1.009174312
Madhya Pradesh,JHABUA,2013,Whole Year,Sugarcane,8,440,55
Madhya Pradesh,JHABUA,2013,Whole Year,Sweet potato,34,304,8.941176471
Madhya Pradesh,JHABUA,2013,Whole Year,Turmeric,15,18,1.2
Madhya Pradesh,KATNI,1998,Kharif,Arhar/Tur,3600,4600,1.277777778
Madhya Pradesh,KATNI,1998,Kharif,Jowar,4100,4200,1.024390244
Madhya Pradesh,KATNI,1998,Kharif,Maize,4200,4600,1.095238095
Madhya Pradesh,KATNI,1998,Kharif,Rice,109300,55600,0.508691674
Madhya Pradesh,KATNI,1998,Kharif,Sesamum,2100,400,0.19047619
Madhya Pradesh,KATNI,1998,Kharif,Small millets,8300,2300,0.277108434
Madhya Pradesh,KATNI,1998,Kharif,Soyabean,1100,700,0.636363636
Madhya Pradesh,KATNI,1998,Rabi,Barley,400,500,1.25
Madhya Pradesh,KATNI,1998,Rabi,Gram,11900,10200,0.857142857
Madhya Pradesh,KATNI,1998,Rabi,Linseed,8800,3400,0.386363636
Madhya Pradesh,KATNI,1998,Rabi,Rapeseed &Mustard,2500,1600,0.64
Madhya Pradesh,KATNI,1998,Rabi,Wheat,81800,104900,1.282396088
Madhya Pradesh,KATNI,1998,Whole Year,Sugarcane,51,750,14.70588235
Madhya Pradesh,KATNI,1999,Kharif,Arhar/Tur,3705,4265,1.151147099
Madhya Pradesh,KATNI,1999,Kharif,Dry ginger,83,108,1.301204819
Madhya Pradesh,KATNI,1999,Kharif,Groundnut,7,6,0.857142857
Madhya Pradesh,KATNI,1999,Kharif,Jowar,4247,4137,0.974099364
Madhya Pradesh,KATNI,1999,Kharif,Maize,4126,5505,1.334222007
Madhya Pradesh,KATNI,1999,Kharif,Niger seed,61,14,0.229508197
Madhya Pradesh,KATNI,1999,Kharif,Other Kharif pulses,3715,928,0.249798116
Madhya Pradesh,KATNI,1999,Kharif,Ragi,12,3,0.25
Madhya Pradesh,KATNI,1999,Kharif,Rice,110408,109984,0.996159699
Madhya Pradesh,KATNI,1999,Kharif,Sesamum,2438,355,0.145611157
Madhya Pradesh,KATNI,1999,Kharif,Soyabean,784,621,0.792091837
Madhya Pradesh,KATNI,1999,Kharif,Urad,3427,847,0.247154946
Madhya Pradesh,KATNI,1999,Rabi,Barley,348,331,0.951149425
Madhya Pradesh,KATNI,1999,Rabi,Gram,12380,10358,0.836672052
Madhya Pradesh,KATNI,1999,Rabi,Linseed,8348,3013,0.360924772
Madhya Pradesh,KATNI,1999,Rabi,Other  Rabi pulses,20694,6956,0.336136078
Madhya Pradesh,KATNI,1999,Rabi,Rapeseed &Mustard,2543,1275,0.501376327
Madhya Pradesh,KATNI,1999,Rabi,Safflower,7,1,0.142857143
Madhya Pradesh,KATNI,1999,Rabi,Urad,20,5,0.25
Madhya Pradesh,KATNI,1999,Rabi,Wheat,84646,95486,1.128062755
Madhya Pradesh,KATNI,1999,Whole Year,Coriander,148,33,0.222972973
Madhya Pradesh,KATNI,1999,Whole Year,Dry chillies,173,112,0.647398844
Madhya Pradesh,KATNI,1999,Whole Year,Garlic,51,158,3.098039216
Madhya Pradesh,KATNI,1999,Whole Year,Onion,245,3708,15.13469388
Madhya Pradesh,KATNI,1999,Whole Year,Potato,495,4676,9.446464646
Madhya Pradesh,KATNI,1999,Whole Year,Sannhamp,11,22,2
Madhya Pradesh,KATNI,1999,Whole Year,Sugarcane,20,410,20.5
Madhya Pradesh,KATNI,1999,Whole Year,Sweet potato,135,714,5.288888889
Madhya Pradesh,KATNI,1999,Whole Year,Turmeric,18,26,1.444444444
Madhya Pradesh,KATNI,2000,Kharif,Arhar/Tur,4078,3691,0.905100539
Madhya Pradesh,KATNI,2000,Kharif,Dry ginger,98,95,0.969387755
Madhya Pradesh,KATNI,2000,Kharif,Groundnut,8,4,0.5
Madhya Pradesh,KATNI,2000,Kharif,Jowar,4096,2378,0.580566406
Madhya Pradesh,KATNI,2000,Kharif,Maize,4104,4706,1.14668616
Madhya Pradesh,KATNI,2000,Kharif,Niger seed,57,7,0.122807018
Madhya Pradesh,KATNI,2000,Kharif,Other Kharif pulses,3600,592,0.164444444
Madhya Pradesh,KATNI,2000,Kharif,Rice,108100,41027,0.379528215
Madhya Pradesh,KATNI,2000,Kharif,Sesamum,2772,342,0.123376623
Madhya Pradesh,KATNI,2000,Kharif,Small millets,7387,957,0.129551916
Madhya Pradesh,KATNI,2000,Kharif,Soyabean,372,184,0.494623656
Madhya Pradesh,KATNI,2000,Rabi,Barley,350,300,0.857142857
Madhya Pradesh,KATNI,2000,Rabi,Gram,12952,8855,0.683678196
Madhya Pradesh,KATNI,2000,Rabi,Linseed,5481,1893,0.345374932
Madhya Pradesh,KATNI,2000,Rabi,Other  Rabi pulses,17913,5352,0.298777424
Madhya Pradesh,KATNI,2000,Rabi,Rapeseed &Mustard,2268,801,0.353174603
Madhya Pradesh,KATNI,2000,Rabi,Safflower,1,0.1,0.1
Madhya Pradesh,KATNI,2000,Rabi,Wheat,59869,62021,1.035945147
Madhya Pradesh,KATNI,2000,Whole Year,Coriander,114,22,0.192982456
Madhya Pradesh,KATNI,2000,Whole Year,Dry chillies,189,73,0.386243386
Madhya Pradesh,KATNI,2000,Whole Year,Garlic,45,117,2.6
Madhya Pradesh,KATNI,2000,Whole Year,Onion,240,4028,16.78333333
Madhya Pradesh,KATNI,2000,Whole Year,Sannhamp,10,17,1.7
Madhya Pradesh,KATNI,2000,Whole Year,Sugarcane,56,870,15.53571429
Madhya Pradesh,KATNI,2000,Whole Year,Turmeric,16,19,1.1875
Madhya Pradesh,KATNI,2001,Kharif,Arhar/Tur,3716,4199,1.129978471
Madhya Pradesh,KATNI,2001,Kharif,Dry ginger,124,149,1.201612903
Madhya Pradesh,KATNI,2001,Kharif,Groundnut,13,10,0.769230769
Madhya Pradesh,KATNI,2001,Kharif,Jowar,3817,3100,0.812156144
Madhya Pradesh,KATNI,2001,Kharif,Maize,4096,6646,1.622558594
Madhya Pradesh,KATNI,2001,Kharif,Niger seed,58,12,0.206896552
Madhya Pradesh,KATNI,2001,Kharif,Other Kharif pulses,3358,743,0.221262656
Madhya Pradesh,KATNI,2001,Kharif,Rice,111410,90071,0.808464231
Madhya Pradesh,KATNI,2001,Kharif,Sesamum,2406,417,0.173316708
Madhya Pradesh,KATNI,2001,Kharif,Small millets,7168,1695,0.236467634
Madhya Pradesh,KATNI,2001,Kharif,Soyabean,133,113,0.84962406
Madhya Pradesh,KATNI,2001,Rabi,Barley,439,446,1.01594533
Madhya Pradesh,KATNI,2001,Rabi,Gram,14905,12199,0.818450185
Madhya Pradesh,KATNI,2001,Rabi,Linseed,5690,2211,0.38857645
Madhya Pradesh,KATNI,2001,Rabi,Other  Rabi pulses,20400,6388,0.313137255
Madhya Pradesh,KATNI,2001,Rabi,Rapeseed &Mustard,2280,1123,0.49254386
Madhya Pradesh,KATNI,2001,Rabi,Wheat,71008,79090,1.113818161
Madhya Pradesh,KATNI,2001,Whole Year,Coriander,116,24,0.206896552
Madhya Pradesh,KATNI,2001,Whole Year,Dry chillies,218,125,0.573394495
Madhya Pradesh,KATNI,2001,Whole Year,Garlic,47,161,3.425531915
Madhya Pradesh,KATNI,2001,Whole Year,Onion,275,5056,18.38545455
Madhya Pradesh,KATNI,2001,Whole Year,Potato,575,6979,12.1373913
Madhya Pradesh,KATNI,2001,Whole Year,Sannhamp,13,27,2.076923077
Madhya Pradesh,KATNI,2001,Whole Year,Sugarcane,14,300,21.42857143
Madhya Pradesh,KATNI,2001,Whole Year,Sweet potato,124,549,4.427419355
Madhya Pradesh,KATNI,2001,Whole Year,Turmeric,18,21,1.166666667
Madhya Pradesh,KATNI,2002,Kharif,Arhar/Tur,4920,3109,0.631910569
Madhya Pradesh,KATNI,2002,Kharif,Dry ginger,112,85,0.758928571
Madhya Pradesh,KATNI,2002,Kharif,Groundnut,10,6,0.6
Madhya Pradesh,KATNI,2002,Kharif,Jowar,3845,1999,0.519895969
Madhya Pradesh,KATNI,2002,Kharif,Maize,3995,4903,1.227284105
Madhya Pradesh,KATNI,2002,Kharif,Niger seed,41,5,0.12195122
Madhya Pradesh,KATNI,2002,Kharif,Other Kharif pulses,3306,593,0.179370841
Madhya Pradesh,KATNI,2002,Kharif,Rice,108635,47802,0.440023933
Madhya Pradesh,KATNI,2002,Kharif,Sesamum,2542,354,0.139260425
Madhya Pradesh,KATNI,2002,Kharif,Small millets,6658,1043,0.15665365
Madhya Pradesh,KATNI,2002,Kharif,Soyabean,122,56,0.459016393
Madhya Pradesh,KATNI,2002,Rabi,Barley,420,374,0.89047619
Madhya Pradesh,KATNI,2002,Rabi,Gram,17819,9629,0.540378248
Madhya Pradesh,KATNI,2002,Rabi,Linseed,5752,1540,0.267732962
Madhya Pradesh,KATNI,2002,Rabi,Other  Rabi pulses,21566,5094,0.236205138
Madhya Pradesh,KATNI,2002,Rabi,Rapeseed &Mustard,2517,822,0.326579261
Madhya Pradesh,KATNI,2002,Rabi,Wheat,69528,53155,0.764512139
Madhya Pradesh,KATNI,2002,Whole Year,Bhindi,237,0,0
Madhya Pradesh,KATNI,2002,Whole Year,Brinjal,260,0,0
Madhya Pradesh,KATNI,2002,Whole Year,Cauliflower,184,0,0
Madhya Pradesh,KATNI,2002,Whole Year,Coriander,122,23,0.18852459
Madhya Pradesh,KATNI,2002,Whole Year,Dry chillies,233,145,0.622317597
Madhya Pradesh,KATNI,2002,Whole Year,Garlic,38,169,4.447368421
Madhya Pradesh,KATNI,2002,Whole Year,Mango,914,0,0
Madhya Pradesh,KATNI,2002,Whole Year,Onion,306,7641,24.97058824
Madhya Pradesh,KATNI,2002,Whole Year,Other Fresh Fruits,576,0,0
Madhya Pradesh,KATNI,2002,Whole Year,Other Vegetables,788,0,0
Madhya Pradesh,KATNI,2002,Whole Year,Papaya,4,0,0
Madhya Pradesh,KATNI,2002,Whole Year,Pome Fruit,130,0,0
Madhya Pradesh,KATNI,2002,Whole Year,Potato,688,6566,9.543604651
Madhya Pradesh,KATNI,2002,Whole Year,Sannhamp,8,17,2.125
Madhya Pradesh,KATNI,2002,Whole Year,Sugarcane,44,760,17.27272727
Madhya Pradesh,KATNI,2002,Whole Year,Sweet potato,187,1314,7.026737968
Madhya Pradesh,KATNI,2002,Whole Year,Tomato,235,0,0
Madhya Pradesh,KATNI,2003,Kharif,Arhar/Tur,4612,4840,1.049436253
Madhya Pradesh,KATNI,2003,Kharif,Dry ginger,131,147,1.122137405
Madhya Pradesh,KATNI,2003,Kharif,Groundnut,4,3,0.75
Madhya Pradesh,KATNI,2003,Kharif,Jowar,3581,3431,0.958112259
Madhya Pradesh,KATNI,2003,Kharif,Maize,3976,6441,1.619969819
Madhya Pradesh,KATNI,2003,Kharif,Mesta,600,1100,1.833333333
Madhya Pradesh,KATNI,2003,Kharif,Niger seed,43,10,0.23255814
Madhya Pradesh,KATNI,2003,Kharif,Other Kharif pulses,3683,794,0.215585121
Madhya Pradesh,KATNI,2003,Kharif,Rice,110762,95821,0.865107167
Madhya Pradesh,KATNI,2003,Kharif,Sesamum,2701,553,0.204738986
Madhya Pradesh,KATNI,2003,Kharif,Small millets,6114,1579,0.258259732
Madhya Pradesh,KATNI,2003,Kharif,Soyabean,87,70,0.804597701
Madhya Pradesh,KATNI,2003,Kharif,Urad,3520,742,0.210795455
Madhya Pradesh,KATNI,2003,Rabi,Barley,385,472,1.225974026
Madhya Pradesh,KATNI,2003,Rabi,Gram,18837,15940,0.846206933
Madhya Pradesh,KATNI,2003,Rabi,Linseed,5963,2564,0.429984907
Madhya Pradesh,KATNI,2003,Rabi,Other  Rabi pulses,22028,7969,0.361766842
Madhya Pradesh,KATNI,2003,Rabi,Rapeseed &Mustard,2343,1387,0.591976099
Madhya Pradesh,KATNI,2003,Rabi,Urad,82,21,0.256097561
Madhya Pradesh,KATNI,2003,Rabi,Wheat,73037,86549,1.185002122
Madhya Pradesh,KATNI,2003,Whole Year,Bhindi,306,0,0
Madhya Pradesh,KATNI,2003,Whole Year,Brinjal,303,0,0
Madhya Pradesh,KATNI,2003,Whole Year,Cauliflower,175,0,0
Madhya Pradesh,KATNI,2003,Whole Year,Coriander,128,29,0.2265625
Madhya Pradesh,KATNI,2003,Whole Year,Dry chillies,206,134,0.650485437
Madhya Pradesh,KATNI,2003,Whole Year,Garlic,40,111,2.775
Madhya Pradesh,KATNI,2003,Whole Year,Mango,897,0,0
Madhya Pradesh,KATNI,2003,Whole Year,Onion,332,5108,15.38554217
Madhya Pradesh,KATNI,2003,Whole Year,Other Fresh Fruits,555,0,0
Madhya Pradesh,KATNI,2003,Whole Year,Other Vegetables,771,0,0
Madhya Pradesh,KATNI,2003,Whole Year,Papaya,4,399,99.75
Madhya Pradesh,KATNI,2003,Whole Year,Pome Fruit,103,0,0
Madhya Pradesh,KATNI,2003,Whole Year,Potato,670,7682,11.46567164
Madhya Pradesh,KATNI,2003,Whole Year,Sannhamp,6,11,1.833333333
Madhya Pradesh,KATNI,2003,Whole Year,Sugarcane,10,220,22
Madhya Pradesh,KATNI,2003,Whole Year,Sweet potato,180,796,4.422222222
Madhya Pradesh,KATNI,2003,Whole Year,Tomato,316,0,0
Madhya Pradesh,KATNI,2003,Whole Year,Turmeric,18,26,1.444444444
Madhya Pradesh,KATNI,2003,Whole Year,Water Melon,3,0,0
Madhya Pradesh,KATNI,2004,Kharif,Arhar/Tur,4516,4149,0.918733392
Madhya Pradesh,KATNI,2004,Kharif,Dry ginger,128,123,0.9609375
Madhya Pradesh,KATNI,2004,Kharif,Groundnut,6,6,1
Madhya Pradesh,KATNI,2004,Kharif,Jowar,3260,2927,0.897852761
Madhya Pradesh,KATNI,2004,Kharif,Maize,3932,4554,1.158189217
Madhya Pradesh,KATNI,2004,Kharif,Niger seed,75,16,0.213333333
Madhya Pradesh,KATNI,2004,Kharif,Rice,110380,84359,0.76425983
Madhya Pradesh,KATNI,2004,Kharif,Sesamum,2793,734,0.262799857
Madhya Pradesh,KATNI,2004,Kharif,Small millets,6244,1449,0.23206278
Madhya Pradesh,KATNI,2004,Kharif,Soyabean,108,99,0.916666667
Madhya Pradesh,KATNI,2004,Kharif,Urad,3406,858,0.251908397
Madhya Pradesh,KATNI,2004,Rabi,Barley,387,357,0.92248062
Madhya Pradesh,KATNI,2004,Rabi,Gram,19920,14283,0.717018072
Madhya Pradesh,KATNI,2004,Rabi,Linseed,5670,2420,0.42680776
Madhya Pradesh,KATNI,2004,Rabi,Masoor,17227,5189,0.301213212
Madhya Pradesh,KATNI,2004,Rabi,Rapeseed &Mustard,2247,1350,0.600801068
Madhya Pradesh,KATNI,2004,Rabi,Safflower,1,,
Madhya Pradesh,KATNI,2004,Rabi,Urad,57,17,0.298245614
Madhya Pradesh,KATNI,2004,Rabi,Wheat,71167,75370,1.059058271
Madhya Pradesh,KATNI,2004,Whole Year,Coriander,128,29,0.2265625
Madhya Pradesh,KATNI,2004,Whole Year,Garlic,55,176,3.2
Madhya Pradesh,KATNI,2004,Whole Year,Onion,417,8164,19.57793765
Madhya Pradesh,KATNI,2004,Whole Year,Potato,665,7538,11.33533835
Madhya Pradesh,KATNI,2004,Whole Year,Sugarcane,26,520,20
Madhya Pradesh,KATNI,2004,Whole Year,Sweet potato,154,802,5.207792208
Madhya Pradesh,KATNI,2004,Whole Year,Turmeric,18,26,1.444444444
Madhya Pradesh,KATNI,2005,Kharif,Arhar/Tur,3423,2251,0.657610283
Madhya Pradesh,KATNI,2005,Kharif,Bajra,2,1,0.5
Madhya Pradesh,KATNI,2005,Kharif,Groundnut,7,6,0.857142857
Madhya Pradesh,KATNI,2005,Kharif,Jowar,2688,2302,0.85639881
Madhya Pradesh,KATNI,2005,Kharif,Maize,3644,4208,1.154774973
Madhya Pradesh,KATNI,2005,Kharif,Moong(Green Gram),211,64,0.303317536
Madhya Pradesh,KATNI,2005,Kharif,Niger seed,8,1,0.125
Madhya Pradesh,KATNI,2005,Kharif,Rice,110440,93612,0.847627671
Madhya Pradesh,KATNI,2005,Kharif,Sesamum,1965,359,0.182697201
Madhya Pradesh,KATNI,2005,Kharif,Small millets,2866,2,0.000697837
Madhya Pradesh,KATNI,2005,Kharif,Soyabean,41,29,0.707317073
Madhya Pradesh,KATNI,2005,Kharif,Urad,2377,349,0.146823727
Madhya Pradesh,KATNI,2005,Rabi,Barley,366,405,1.106557377
Madhya Pradesh,KATNI,2005,Rabi,Gram,20510,16237,0.791662604
Madhya Pradesh,KATNI,2005,Rabi,Horse-gram,5,1,0.2
Madhya Pradesh,KATNI,2005,Rabi,Linseed,5485,2431,0.443208751
Madhya Pradesh,KATNI,2005,Rabi,Masoor,19159,7218,0.376742001
Madhya Pradesh,KATNI,2005,Rabi,Peas & beans (Pulses),5378,1781,0.331164001
Madhya Pradesh,KATNI,2005,Rabi,Rapeseed &Mustard,2214,1087,0.490966576
Madhya Pradesh,KATNI,2005,Rabi,Urad,46,7,0.152173913
Madhya Pradesh,KATNI,2005,Rabi,Wheat,71304,72068,1.010714686
Madhya Pradesh,KATNI,2005,Whole Year,Onion,474,7485,15.79113924
Madhya Pradesh,KATNI,2005,Whole Year,Potato,733,7128,9.724420191
Madhya Pradesh,KATNI,2005,Whole Year,Sugarcane,15,270,18
Madhya Pradesh,KATNI,2005,Whole Year,Sweet potato,193,664,3.440414508
Madhya Pradesh,KATNI,2006,Kharif,Arhar/Tur,5253,2325,0.442604226
Madhya Pradesh,KATNI,2006,Kharif,Dry ginger,150,128,0.853333333
Madhya Pradesh,KATNI,2006,Kharif,Groundnut,9,4,0.444444444
Madhya Pradesh,KATNI,2006,Kharif,Jowar,4077,2026,0.49693402
Madhya Pradesh,KATNI,2006,Kharif,Jute,2,,
Madhya Pradesh,KATNI,2006,Kharif,Maize,3889,2141,0.550527128
Madhya Pradesh,KATNI,2006,Kharif,Mesta,1,1,1
Madhya Pradesh,KATNI,2006,Kharif,Moong(Green Gram),134,24,0.179104478
Madhya Pradesh,KATNI,2006,Kharif,Niger seed,23,1,0.043478261
Madhya Pradesh,KATNI,2006,Kharif,Other Kharif pulses,13,3,0.230769231
Madhya Pradesh,KATNI,2006,Kharif,Rice,109223,50235,0.459930601
Madhya Pradesh,KATNI,2006,Kharif,Small millets,5652,646,0.114295824
Madhya Pradesh,KATNI,2006,Kharif,Soyabean,291,96,0.329896907
Madhya Pradesh,KATNI,2006,Kharif,Urad,2765,299,0.108137432
Madhya Pradesh,KATNI,2006,Rabi,Gram,19179,10921,0.569424892
Madhya Pradesh,KATNI,2006,Rabi,Khesari,23,10,0.434782609
Madhya Pradesh,KATNI,2006,Rabi,Linseed,5267,1909,0.362445415
Madhya Pradesh,KATNI,2006,Rabi,Masoor,17376,5311,0.305651473
Madhya Pradesh,KATNI,2006,Rabi,Moong(Green Gram),33,7,0.212121212
Madhya Pradesh,KATNI,2006,Rabi,Other  Rabi pulses,15,3,0.2
Madhya Pradesh,KATNI,2006,Rabi,Peas & beans (Pulses),5071,1479,0.29165845
Madhya Pradesh,KATNI,2006,Rabi,Rapeseed &Mustard,2231,908,0.40699238
Madhya Pradesh,KATNI,2006,Rabi,Urad,159,26,0.163522013
Madhya Pradesh,KATNI,2006,Rabi,Wheat,56221,41377,0.735970545
Madhya Pradesh,KATNI,2006,Whole Year,Coriander,110,17,0.154545455
Madhya Pradesh,KATNI,2006,Whole Year,Dry chillies,180,91,0.505555556
Madhya Pradesh,KATNI,2006,Whole Year,Garlic,38,108,2.842105263
Madhya Pradesh,KATNI,2006,Whole Year,Onion,445,12188,27.38876404
Madhya Pradesh,KATNI,2006,Whole Year,Potato,750,5863,7.817333333
Madhya Pradesh,KATNI,2006,Whole Year,Sesamum,3093,284,0.091820239
Madhya Pradesh,KATNI,2006,Whole Year,Sugarcane,19,270,14.21052632
Madhya Pradesh,KATNI,2006,Whole Year,Sweet potato,129,527,4.085271318
Madhya Pradesh,KATNI,2006,Whole Year,Turmeric,14,11,0.785714286
Madhya Pradesh,KATNI,2007,Kharif,Arhar/Tur,4668,1786,0.38260497
Madhya Pradesh,KATNI,2007,Kharif,Groundnut,10,6,0.6
Madhya Pradesh,KATNI,2007,Kharif,Jowar,2279,1145,0.502413339
Madhya Pradesh,KATNI,2007,Kharif,Maize,3339,2206,0.660676849
Madhya Pradesh,KATNI,2007,Kharif,Rice,87970,37855,0.430317154
Madhya Pradesh,KATNI,2007,Kharif,Sannhamp,1,,
Madhya Pradesh,KATNI,2007,Kharif,Soyabean,680,228,0.335294118
Madhya Pradesh,KATNI,2007,Kharif,Urad,2792,271,0.097063037
Madhya Pradesh,KATNI,2007,Rabi,Barley,211,187,0.886255924
Madhya Pradesh,KATNI,2007,Rabi,Gram,18433,8630,0.468182065
Madhya Pradesh,KATNI,2007,Rabi,Khesari,16,6,0.375
Madhya Pradesh,KATNI,2007,Rabi,Linseed,3960,1305,0.329545455
Madhya Pradesh,KATNI,2007,Rabi,Masoor,13668,3887,0.284386889
Madhya Pradesh,KATNI,2007,Rabi,Peas & beans (Pulses),4462,1389,0.311295383
Madhya Pradesh,KATNI,2007,Rabi,Rapeseed &Mustard,1736,706,0.406682028
Madhya Pradesh,KATNI,2007,Rabi,Urad,13,2,0.153846154
Madhya Pradesh,KATNI,2007,Rabi,Wheat,44918,39595,0.881495169
Madhya Pradesh,KATNI,2007,Whole Year,Coriander,102,17,0.166666667
Madhya Pradesh,KATNI,2007,Whole Year,Garlic,41,65,1.585365854
Madhya Pradesh,KATNI,2007,Whole Year,Onion,450,4585,10.18888889
Madhya Pradesh,KATNI,2007,Whole Year,Potato,662,4858,7.33836858
Madhya Pradesh,KATNI,2007,Whole Year,Sesamum,2864,384,0.134078212
Madhya Pradesh,KATNI,2007,Whole Year,Sugarcane,22,310,14.09090909
Madhya Pradesh,KATNI,2007,Whole Year,Sweet potato,163,456,2.797546012
Madhya Pradesh,KATNI,2007,Whole Year,Turmeric,27,20,0.740740741
Madhya Pradesh,KATNI,2008,Kharif,Arhar/Tur,5995,4552,0.759299416
Madhya Pradesh,KATNI,2008,Kharif,Groundnut,9,7,0.777777778
Madhya Pradesh,KATNI,2008,Kharif,Jowar,2633,2343,0.889859476
Madhya Pradesh,KATNI,2008,Kharif,Maize,3368,3573,1.060866983
Madhya Pradesh,KATNI,2008,Kharif,Niger seed,12,1,0.083333333
Madhya Pradesh,KATNI,2008,Kharif,Rice,105865,101787,0.961479242
Madhya Pradesh,KATNI,2008,Kharif,Sannhamp,2,,
Madhya Pradesh,KATNI,2008,Kharif,Soyabean,483,304,0.629399586
Madhya Pradesh,KATNI,2008,Kharif,Urad,3064,500,0.163185379
Madhya Pradesh,KATNI,2008,Rabi,Barley,324,372,1.148148148
Madhya Pradesh,KATNI,2008,Rabi,Gram,28553,21329,0.746996813
Madhya Pradesh,KATNI,2008,Rabi,Khesari,32,20,0.625
Madhya Pradesh,KATNI,2008,Rabi,Linseed,4865,2468,0.50729702
Madhya Pradesh,KATNI,2008,Rabi,Masoor,16637,6860,0.412333954
Madhya Pradesh,KATNI,2008,Rabi,Peas & beans (Pulses),6000,2426,0.404333333
Madhya Pradesh,KATNI,2008,Rabi,Rapeseed &Mustard,2146,1235,0.575489282
Madhya Pradesh,KATNI,2008,Rabi,Urad,167,39,0.233532934
Madhya Pradesh,KATNI,2008,Rabi,Wheat,65389,74323,1.136628485
Madhya Pradesh,KATNI,2008,Whole Year,Coriander,110,21,0.190909091
Madhya Pradesh,KATNI,2008,Whole Year,Garlic,35,73,2.085714286
Madhya Pradesh,KATNI,2008,Whole Year,Onion,480,6118,12.74583333
Madhya Pradesh,KATNI,2008,Whole Year,Potato,835,7335,8.784431138
Madhya Pradesh,KATNI,2008,Whole Year,Sesamum,3117,626,0.200834135
Madhya Pradesh,KATNI,2008,Whole Year,Small millets,4646,1057,0.227507533
Madhya Pradesh,KATNI,2008,Whole Year,Sugarcane,17,280,16.47058824
Madhya Pradesh,KATNI,2008,Whole Year,Sweet potato,95,288,3.031578947
Madhya Pradesh,KATNI,2008,Whole Year,Turmeric,14,13,0.928571429
Madhya Pradesh,KATNI,2009,Kharif,Cowpea(Lobia),24,6,0.25
Madhya Pradesh,KATNI,2009,Kharif,Jowar,1804,1292,0.716186253
Madhya Pradesh,KATNI,2009,Kharif,Moong(Green Gram),128,29,0.2265625
Madhya Pradesh,KATNI,2009,Kharif,Small millets,3210,392,0.12211838
Madhya Pradesh,KATNI,2009,Kharif,Urad,3009,309,0.102691924
Madhya Pradesh,KATNI,2009,Rabi,Cowpea(Lobia),30,7,0.233333333
Madhya Pradesh,KATNI,2009,Rabi,Moong(Green Gram),4,1,0.25
Madhya Pradesh,KATNI,2009,Whole Year,Arhar/Tur,5024,3357,0.668192675
Madhya Pradesh,KATNI,2009,Whole Year,Barley,386,436,1.129533679
Madhya Pradesh,KATNI,2009,Whole Year,Castor seed,17,5,0.294117647
Madhya Pradesh,KATNI,2009,Whole Year,Coriander,107,20,0.186915888
Madhya Pradesh,KATNI,2009,Whole Year,Dry chillies,190,212,1.115789474
Madhya Pradesh,KATNI,2009,Whole Year,Dry ginger,179,165,0.921787709
Madhya Pradesh,KATNI,2009,Whole Year,Garlic,54,129,2.388888889
Madhya Pradesh,KATNI,2009,Whole Year,Gram,27822,18725,0.673028539
Madhya Pradesh,KATNI,2009,Whole Year,Groundnut,9,6,0.666666667
Madhya Pradesh,KATNI,2009,Whole Year,Khesari,18,10,0.555555556
Madhya Pradesh,KATNI,2009,Whole Year,Linseed,3427,1576,0.459877444
Madhya Pradesh,KATNI,2009,Whole Year,Maize,3406,2544,0.746917205
Madhya Pradesh,KATNI,2009,Whole Year,Masoor,16375,6518,0.398045802
Madhya Pradesh,KATNI,2009,Whole Year,Onion,549,7662,13.95628415
Madhya Pradesh,KATNI,2009,Whole Year,Peas & beans (Pulses),5519,2084,0.377604639
Madhya Pradesh,KATNI,2009,Whole Year,Potato,661,4738,7.167927383
Madhya Pradesh,KATNI,2009,Whole Year,Rapeseed &Mustard,1970,1018,0.516751269
Madhya Pradesh,KATNI,2009,Whole Year,Rice,69608,32269,0.463581772
Madhya Pradesh,KATNI,2009,Whole Year,Sesamum,3211,504,0.156960448
Madhya Pradesh,KATNI,2009,Whole Year,Soyabean,343,172,0.501457726
Madhya Pradesh,KATNI,2009,Whole Year,Sugarcane,32,510,15.9375
Madhya Pradesh,KATNI,2009,Whole Year,Sweet potato,82,239,2.914634146
Madhya Pradesh,KATNI,2009,Whole Year,Turmeric,28,22,0.785714286
Madhya Pradesh,KATNI,2009,Whole Year,Wheat,66642,70815,1.062618169
Madhya Pradesh,KATNI,2010,Kharif,Arhar/Tur,12081,893,0.073917722
Madhya Pradesh,KATNI,2010,Kharif,Castor seed,5,2,0.4
Madhya Pradesh,KATNI,2010,Kharif,Cowpea(Lobia),24,2,0.083333333
Madhya Pradesh,KATNI,2010,Kharif,Groundnut,10,9,0.9
Madhya Pradesh,KATNI,2010,Kharif,Jowar,2386,2377,0.996227997
Madhya Pradesh,KATNI,2010,Kharif,Maize,3210,3123,0.972897196
Madhya Pradesh,KATNI,2010,Kharif,Moong(Green Gram),219,63,0.287671233
Madhya Pradesh,KATNI,2010,Kharif,Niger seed,6,1,0.166666667
Madhya Pradesh,KATNI,2010,Kharif,Rice,83507,71370,0.854658891
Madhya Pradesh,KATNI,2010,Kharif,Small millets,3440,715,0.207848837
Madhya Pradesh,KATNI,2010,Kharif,Soyabean,409,168,0.410757946
Madhya Pradesh,KATNI,2010,Kharif,Sunflower,4,1,0.25
Madhya Pradesh,KATNI,2010,Kharif,Urad,3412,444,0.130128957
Madhya Pradesh,KATNI,2010,Rabi,Barley,353,308,0.872521246
Madhya Pradesh,KATNI,2010,Rabi,Cowpea(Lobia),26,3,0.115384615
Madhya Pradesh,KATNI,2010,Rabi,Gram,31186,15997,0.512954531
Madhya Pradesh,KATNI,2010,Rabi,Khesari,22,7,0.318181818
Madhya Pradesh,KATNI,2010,Rabi,Linseed,2157,585,0.271210014
Madhya Pradesh,KATNI,2010,Rabi,Masoor,24500,3932,0.160489796
Madhya Pradesh,KATNI,2010,Rabi,Moong(Green Gram),84,18,0.214285714
Madhya Pradesh,KATNI,2010,Rabi,Peas & beans (Pulses),6816,1207,0.177083333
Madhya Pradesh,KATNI,2010,Rabi,Rapeseed &Mustard,1843,646,0.350515464
Madhya Pradesh,KATNI,2010,Rabi,Urad,141,31,0.219858156
Madhya Pradesh,KATNI,2010,Rabi,Wheat,66945,59027,0.881723803
Madhya Pradesh,KATNI,2010,Whole Year,Coriander,124,21,0.169354839
Madhya Pradesh,KATNI,2010,Whole Year,Dry chillies,202,299,1.48019802
Madhya Pradesh,KATNI,2010,Whole Year,Dry ginger,200,166,0.83
Madhya Pradesh,KATNI,2010,Whole Year,Garlic,54,60,1.111111111
Madhya Pradesh,KATNI,2010,Whole Year,Onion,546,6796,12.44688645
Madhya Pradesh,KATNI,2010,Whole Year,Potato,1023,3864,3.7771261
Madhya Pradesh,KATNI,2010,Whole Year,Sesamum,6369,1396,0.219186686
Madhya Pradesh,KATNI,2010,Whole Year,Sugarcane,22,350,15.90909091
Madhya Pradesh,KATNI,2010,Whole Year,Sweet potato,63,109,1.73015873
Madhya Pradesh,KATNI,2010,Whole Year,Turmeric,22,8,0.363636364
Madhya Pradesh,KATNI,2011,Kharif,Arhar/Tur,8070,3685,0.456629492
Madhya Pradesh,KATNI,2011,Kharif,Bajra,1,,
Madhya Pradesh,KATNI,2011,Kharif,Barley,445,600,1.348314607
Madhya Pradesh,KATNI,2011,Kharif,Castor seed,5,1,0.2
Madhya Pradesh,KATNI,2011,Kharif,Groundnut,9,9,1
Madhya Pradesh,KATNI,2011,Kharif,Jowar,1880,1382,0.735106383
Madhya Pradesh,KATNI,2011,Kharif,Maize,3708,2400,0.647249191
Madhya Pradesh,KATNI,2011,Kharif,Moong(Green Gram),175,27,0.154285714
Madhya Pradesh,KATNI,2011,Kharif,Other Kharif pulses,36,7,0.194444444
Madhya Pradesh,KATNI,2011,Kharif,Rice,94215,119906,1.272684817
Madhya Pradesh,KATNI,2011,Kharif,Small millets,3022,508,0.168100596
Madhya Pradesh,KATNI,2011,Kharif,Soyabean,560,252,0.45
Madhya Pradesh,KATNI,2011,Kharif,Urad,3543,300,0.084674005
Madhya Pradesh,KATNI,2011,Rabi,Gram,28053,17628,0.628381991
Madhya Pradesh,KATNI,2011,Rabi,Khesari,2,1,0.5
Madhya Pradesh,KATNI,2011,Rabi,Linseed,2512,1341,0.53383758
Madhya Pradesh,KATNI,2011,Rabi,Masoor,19651,4943,0.251539362
Madhya Pradesh,KATNI,2011,Rabi,Moong(Green Gram),58,12,0.206896552
Madhya Pradesh,KATNI,2011,Rabi,Other  Rabi pulses,22,4,0.181818182
Madhya Pradesh,KATNI,2011,Rabi,Peas & beans (Pulses),6059,1584,0.261429279
Madhya Pradesh,KATNI,2011,Rabi,Rapeseed &Mustard,2158,1232,0.570898981
Madhya Pradesh,KATNI,2011,Rabi,Urad,182,26,0.142857143
Madhya Pradesh,KATNI,2011,Rabi,Wheat,81114,199357,2.457738492
Madhya Pradesh,KATNI,2011,Whole Year,Coriander,90,18,0.2
Madhya Pradesh,KATNI,2011,Whole Year,Dry chillies,162,173,1.067901235
Madhya Pradesh,KATNI,2011,Whole Year,Dry ginger,174,114,0.655172414
Madhya Pradesh,KATNI,2011,Whole Year,Garlic,59,101,1.711864407
Madhya Pradesh,KATNI,2011,Whole Year,Onion,556,9551,17.17805755
Madhya Pradesh,KATNI,2011,Whole Year,Potato,976,7160,7.336065574
Madhya Pradesh,KATNI,2011,Whole Year,Sesamum,6247,1188,0.190171282
Madhya Pradesh,KATNI,2011,Whole Year,Sugarcane,27,330,12.22222222
Madhya Pradesh,KATNI,2011,Whole Year,Sweet potato,78,796,10.20512821
Madhya Pradesh,KATNI,2011,Whole Year,Turmeric,40,28,0.7
Madhya Pradesh,KATNI,2012,Kharif,Arhar/Tur,8142,4726,0.580447065
Madhya Pradesh,KATNI,2012,Kharif,Bajra,1,3,3
Madhya Pradesh,KATNI,2012,Kharif,Barley,504,854,1.694444444
Madhya Pradesh,KATNI,2012,Kharif,Groundnut,11,10,0.909090909
Madhya Pradesh,KATNI,2012,Kharif,Jowar,2391,2416,1.010455876
Madhya Pradesh,KATNI,2012,Kharif,Maize,3555,6353,1.787060478
Madhya Pradesh,KATNI,2012,Kharif,Moong(Green Gram),249,49,0.196787149
Madhya Pradesh,KATNI,2012,Kharif,Other Kharif pulses,71,20,0.281690141
Madhya Pradesh,KATNI,2012,Kharif,Ragi,114,33,0.289473684
Madhya Pradesh,KATNI,2012,Kharif,Rice,100509,123295,1.226706066
Madhya Pradesh,KATNI,2012,Kharif,Small millets,2554,1001,0.391934221
Madhya Pradesh,KATNI,2012,Kharif,Soyabean,782,602,0.769820972
Madhya Pradesh,KATNI,2012,Kharif,Urad,5001,1477,0.295340932
Madhya Pradesh,KATNI,2012,Rabi,Gram,33041,31333,0.948306649
Madhya Pradesh,KATNI,2012,Rabi,Khesari,1,1,1
Madhya Pradesh,KATNI,2012,Rabi,Linseed,2271,1058,0.465874064
Madhya Pradesh,KATNI,2012,Rabi,Masoor,15827,8143,0.514500537
Madhya Pradesh,KATNI,2012,Rabi,Moong(Green Gram),236,58,0.245762712
Madhya Pradesh,KATNI,2012,Rabi,Other  Rabi pulses,75,19,0.253333333
Madhya Pradesh,KATNI,2012,Rabi,Peas & beans (Pulses),4901,2562,0.522750459
Madhya Pradesh,KATNI,2012,Rabi,Rapeseed &Mustard,2444,1599,0.654255319
Madhya Pradesh,KATNI,2012,Rabi,Urad,441,103,0.233560091
Madhya Pradesh,KATNI,2012,Rabi,Wheat,91899,259726,2.826211384
Madhya Pradesh,KATNI,2012,Whole Year,Banana,18,,
Madhya Pradesh,KATNI,2012,Whole Year,Coriander,224,47,0.209821429
Madhya Pradesh,KATNI,2012,Whole Year,Dry chillies,209,260,1.244019139
Madhya Pradesh,KATNI,2012,Whole Year,Dry ginger,279,370,1.326164875
Madhya Pradesh,KATNI,2012,Whole Year,Garlic,87,234,2.689655172
Madhya Pradesh,KATNI,2012,Whole Year,Onion,958,18450,19.25887265
Madhya Pradesh,KATNI,2012,Whole Year,Potato,1340,15084,11.25671642
Madhya Pradesh,KATNI,2012,Whole Year,Sesamum,6668,2514,0.377024595
Madhya Pradesh,KATNI,2012,Whole Year,Sugarcane,29,480,16.55172414
Madhya Pradesh,KATNI,2012,Whole Year,Sweet potato,89,350,3.93258427
Madhya Pradesh,KATNI,2012,Whole Year,Turmeric,119,114,0.957983193
Madhya Pradesh,KATNI,2013,Kharif,Arhar/Tur,7387,8205,1.110735075
Madhya Pradesh,KATNI,2013,Kharif,Barley,392,990,2.525510204
Madhya Pradesh,KATNI,2013,Kharif,Groundnut,29,53,1.827586207
Madhya Pradesh,KATNI,2013,Kharif,Jowar,2332,2583,1.107632933
Madhya Pradesh,KATNI,2013,Kharif,Maize,3354,7565,2.255515802
Madhya Pradesh,KATNI,2013,Kharif,Moong(Green Gram),384,323,0.841145833
Madhya Pradesh,KATNI,2013,Kharif,Niger seed,25,3,0.12
Madhya Pradesh,KATNI,2013,Kharif,Other Kharif pulses,70,17,0.242857143
Madhya Pradesh,KATNI,2013,Kharif,Ragi,115,125,1.086956522
Madhya Pradesh,KATNI,2013,Kharif,Rice,107140,287742,2.685663618
Madhya Pradesh,KATNI,2013,Kharif,Sannhamp,5,5,1
Madhya Pradesh,KATNI,2013,Kharif,Small millets,1694,2351,1.387839433
Madhya Pradesh,KATNI,2013,Kharif,Soyabean,981,1308,1.333333333
Madhya Pradesh,KATNI,2013,Kharif,Urad,4139,3471,0.83860836
Madhya Pradesh,KATNI,2013,Rabi,Gram,41832,46533,1.112378084
Madhya Pradesh,KATNI,2013,Rabi,Khesari,3,2,0.666666667
Madhya Pradesh,KATNI,2013,Rabi,Linseed,2103,1746,0.830242511
Madhya Pradesh,KATNI,2013,Rabi,Masoor,15964,14618,0.915685292
Madhya Pradesh,KATNI,2013,Rabi,Moong(Green Gram),193,116,0.601036269
Madhya Pradesh,KATNI,2013,Rabi,Other  Rabi pulses,173,39,0.225433526
Madhya Pradesh,KATNI,2013,Rabi,Peas & beans (Pulses),3220,4469,1.387888199
Madhya Pradesh,KATNI,2013,Rabi,Rapeseed &Mustard,2334,2430,1.041131105
Madhya Pradesh,KATNI,2013,Rabi,Urad,639,383,0.599374022
Madhya Pradesh,KATNI,2013,Rabi,Wheat,98949,214084,2.163579218
Madhya Pradesh,KATNI,2013,Whole Year,Banana,19,2630,138.4210526
Madhya Pradesh,KATNI,2013,Whole Year,Coriander,191,92,0.481675393
Madhya Pradesh,KATNI,2013,Whole Year,Dry chillies,308,321,1.042207792
Madhya Pradesh,KATNI,2013,Whole Year,Dry ginger,328,731,2.228658537
Madhya Pradesh,KATNI,2013,Whole Year,Garlic,102,283,2.774509804
Madhya Pradesh,KATNI,2013,Whole Year,Onion,1007,26564,26.37934459
Madhya Pradesh,KATNI,2013,Whole Year,Potato,1349,19146,14.19273536
Madhya Pradesh,KATNI,2013,Whole Year,Sesamum,5557,4511,0.81176894
Madhya Pradesh,KATNI,2013,Whole Year,Sugarcane,51,2150,42.15686275
Madhya Pradesh,KATNI,2013,Whole Year,Sweet potato,74,433,5.851351351
Madhya Pradesh,KATNI,2013,Whole Year,Turmeric,178,180,1.011235955
Madhya Pradesh,KHANDWA,1997,Kharif,Arhar/Tur,15300,12800,0.836601307
Madhya Pradesh,KHANDWA,1997,Kharif,Bajra,800,500,0.625
Madhya Pradesh,KHANDWA,1997,Kharif,Cotton(lint),133000,135000,1.015037594
Madhya Pradesh,KHANDWA,1997,Kharif,Groundnut,14400,13600,0.944444444
Madhya Pradesh,KHANDWA,1997,Kharif,Jowar,72300,77700,1.074688797
Madhya Pradesh,KHANDWA,1997,Kharif,Maize,4700,7600,1.617021277
Madhya Pradesh,KHANDWA,1997,Kharif,Paddy,25500,26400,1.035294118
Madhya Pradesh,KHANDWA,1997,Kharif,Sesamum,5200,1100,0.211538462
Madhya Pradesh,KHANDWA,1997,Kharif,Small millets,5000,1200,0.24
Madhya Pradesh,KHANDWA,1997,Kharif,Soyabean,97200,70000,0.720164609
Madhya Pradesh,KHANDWA,1997,Rabi,Jowar,200,100,0.5
Madhya Pradesh,KHANDWA,1997,Rabi,Linseed,300,100,0.333333333
Madhya Pradesh,KHANDWA,1997,Rabi,Wheat,68300,112500,1.647144949
Madhya Pradesh,KHANDWA,1998,Kharif,Arhar/Tur,13900,16400,1.179856115
Madhya Pradesh,KHANDWA,1998,Kharif,Bajra,900,600,0.666666667
Madhya Pradesh,KHANDWA,1998,Kharif,Cotton(lint),120600,10500,0.087064677
Madhya Pradesh,KHANDWA,1998,Kharif,Groundnut,12200,12600,1.032786885
Madhya Pradesh,KHANDWA,1998,Kharif,Jowar,65800,65400,0.993920973
Madhya Pradesh,KHANDWA,1998,Kharif,Maize,4800,7800,1.625
Madhya Pradesh,KHANDWA,1998,Kharif,Rice,24500,16500,0.673469388
Madhya Pradesh,KHANDWA,1998,Kharif,Sesamum,4600,1200,0.260869565
Madhya Pradesh,KHANDWA,1998,Kharif,Small millets,4300,1000,0.23255814
Madhya Pradesh,KHANDWA,1998,Kharif,Soyabean,121700,75400,0.619556286
Madhya Pradesh,KHANDWA,1998,Kharif,Sunflower,100,,
Madhya Pradesh,KHANDWA,1998,Rabi,Gram,22300,20700,0.928251121
Madhya Pradesh,KHANDWA,1998,Rabi,Jowar,100,100,1
Madhya Pradesh,KHANDWA,1998,Rabi,Linseed,300,100,0.333333333
Madhya Pradesh,KHANDWA,1998,Rabi,Wheat,73700,137400,1.86431479
Madhya Pradesh,KHANDWA,1998,Whole Year,Sugarcane,4009,84870,21.1698678
Madhya Pradesh,KHANDWA,1999,Kharif,Arhar/Tur,13749,12643,0.919557786
Madhya Pradesh,KHANDWA,1999,Kharif,Bajra,1620,796,0.491358025
Madhya Pradesh,KHANDWA,1999,Kharif,Castor seed,48,12,0.25
Madhya Pradesh,KHANDWA,1999,Kharif,Cotton(lint),105550,68141,0.645580294
Madhya Pradesh,KHANDWA,1999,Kharif,Dry ginger,151,178,1.178807947
Madhya Pradesh,KHANDWA,1999,Kharif,Groundnut,10090,10467,1.037363726
Madhya Pradesh,KHANDWA,1999,Kharif,Jowar,58125,65274,1.122993548
Madhya Pradesh,KHANDWA,1999,Kharif,Maize,6418,11417,1.778903085
Madhya Pradesh,KHANDWA,1999,Kharif,Niger seed,8,2,0.25
Madhya Pradesh,KHANDWA,1999,Kharif,Other Kharif pulses,23677,5108,0.215736791
Madhya Pradesh,KHANDWA,1999,Kharif,Rice,23548,27228,1.156276542
Madhya Pradesh,KHANDWA,1999,Kharif,Sesamum,4297,1163,0.270653945
Madhya Pradesh,KHANDWA,1999,Kharif,Soyabean,144807,81361,0.561858197
Madhya Pradesh,KHANDWA,1999,Kharif,Sunflower,79,24,0.303797468
Madhya Pradesh,KHANDWA,1999,Kharif,Urad,15530,3667,0.236123632
Madhya Pradesh,KHANDWA,1999,Rabi,Barley,5,7,1.4
Madhya Pradesh,KHANDWA,1999,Rabi,Gram,22644,19298,0.852234588
Madhya Pradesh,KHANDWA,1999,Rabi,Jowar,160,145,0.90625
Madhya Pradesh,KHANDWA,1999,Rabi,Linseed,295,81,0.274576271
Madhya Pradesh,KHANDWA,1999,Rabi,Other  Rabi pulses,2944,1067,0.362432065
Madhya Pradesh,KHANDWA,1999,Rabi,Rapeseed &Mustard,19,10,0.526315789
Madhya Pradesh,KHANDWA,1999,Rabi,Safflower,4,1,0.25
Madhya Pradesh,KHANDWA,1999,Rabi,Urad,66,18,0.272727273
Madhya Pradesh,KHANDWA,1999,Rabi,Wheat,80383,144226,1.794235099
Madhya Pradesh,KHANDWA,1999,Whole Year,Coriander,995,240,0.24120603
Madhya Pradesh,KHANDWA,1999,Whole Year,Dry chillies,5388,3073,0.5703415
Madhya Pradesh,KHANDWA,1999,Whole Year,Garlic,80,265,3.3125
Madhya Pradesh,KHANDWA,1999,Whole Year,Onion,3529,76860,21.77954095
Madhya Pradesh,KHANDWA,1999,Whole Year,Potato,341,2597,7.615835777
Madhya Pradesh,KHANDWA,1999,Whole Year,Sannhamp,374,600,1.604278075
Madhya Pradesh,KHANDWA,1999,Whole Year,Sugarcane,1909,93380,48.91566265
Madhya Pradesh,KHANDWA,1999,Whole Year,Sweet potato,61,326,5.344262295
Madhya Pradesh,KHANDWA,1999,Whole Year,Turmeric,1,1,1
Madhya Pradesh,KHANDWA,2000,Kharif,Arhar/Tur,14937,12171,0.814822253
Madhya Pradesh,KHANDWA,2000,Kharif,Bajra,803,402,0.500622665
Madhya Pradesh,KHANDWA,2000,Kharif,Castor seed,302,64,0.21192053
Madhya Pradesh,KHANDWA,2000,Kharif,Cotton(lint),99493,34759,0.349361262
Madhya Pradesh,KHANDWA,2000,Kharif,Dry ginger,216,207,0.958333333
Madhya Pradesh,KHANDWA,2000,Kharif,Groundnut,7541,6042,0.801219997
Madhya Pradesh,KHANDWA,2000,Kharif,Jowar,47319,30473,0.643990786
Madhya Pradesh,KHANDWA,2000,Kharif,Maize,7079,11379,1.607430428
Madhya Pradesh,KHANDWA,2000,Kharif,Other Kharif pulses,18220,1973,0.108287596
Madhya Pradesh,KHANDWA,2000,Kharif,Ragi,12,2,0.166666667
Madhya Pradesh,KHANDWA,2000,Kharif,Rice,23241,13742,0.591282647
Madhya Pradesh,KHANDWA,2000,Kharif,Sesamum,3862,988,0.255825997
Madhya Pradesh,KHANDWA,2000,Kharif,Small millets,5687,751,0.132055565
Madhya Pradesh,KHANDWA,2000,Kharif,Soyabean,169755,53273,0.313822862
Madhya Pradesh,KHANDWA,2000,Kharif,Sunflower,71,17,0.23943662
Madhya Pradesh,KHANDWA,2000,Rabi,Gram,7628,4970,0.651546932
Madhya Pradesh,KHANDWA,2000,Rabi,Jowar,112,56,0.5
Madhya Pradesh,KHANDWA,2000,Rabi,Linseed,56,13,0.232142857
Madhya Pradesh,KHANDWA,2000,Rabi,Other  Rabi pulses,590,135,0.228813559
Madhya Pradesh,KHANDWA,2000,Rabi,Rapeseed &Mustard,5,2,0.4
Madhya Pradesh,KHANDWA,2000,Rabi,Wheat,24064,33140,1.377160904
Madhya Pradesh,KHANDWA,2000,Whole Year,Coriander,250,56,0.224
Madhya Pradesh,KHANDWA,2000,Whole Year,Dry chillies,4392,1887,0.429644809
Madhya Pradesh,KHANDWA,2000,Whole Year,Garlic,12,34,2.833333333
Madhya Pradesh,KHANDWA,2000,Whole Year,Onion,2225,42468,19.08674157
Madhya Pradesh,KHANDWA,2000,Whole Year,Sannhamp,467,511,1.094218415
Madhya Pradesh,KHANDWA,2000,Whole Year,Sugarcane,4981,126510,25.39851435
Madhya Pradesh,KHANDWA,2000,Whole Year,Turmeric,1,1,1
Madhya Pradesh,KHANDWA,2001,Kharif,Arhar/Tur,14343,14979,1.044342188
Madhya Pradesh,KHANDWA,2001,Kharif,Bajra,599,278,0.464106845
Madhya Pradesh,KHANDWA,2001,Kharif,Castor seed,229,55,0.240174672
Madhya Pradesh,KHANDWA,2001,Kharif,Cotton(lint),103769,61748,0.595052472
Madhya Pradesh,KHANDWA,2001,Kharif,Dry ginger,185,210,1.135135135
Madhya Pradesh,KHANDWA,2001,Kharif,Groundnut,5892,4715,0.80023761
Madhya Pradesh,KHANDWA,2001,Kharif,Jowar,47863,51836,1.083007751
Madhya Pradesh,KHANDWA,2001,Kharif,Maize,8666,20870,2.408262174
Madhya Pradesh,KHANDWA,2001,Kharif,Niger seed,2,0.01,0.005
Madhya Pradesh,KHANDWA,2001,Kharif,Other Kharif pulses,14603,2701,0.184961994
Madhya Pradesh,KHANDWA,2001,Kharif,Rice,22834,17533,0.767846194
Madhya Pradesh,KHANDWA,2001,Kharif,Sesamum,4335,1431,0.330103806
Madhya Pradesh,KHANDWA,2001,Kharif,Small millets,4565,868,0.190142388
Madhya Pradesh,KHANDWA,2001,Kharif,Soyabean,175152,77230,0.440931305
Madhya Pradesh,KHANDWA,2001,Kharif,Sunflower,67,22,0.328358209
Madhya Pradesh,KHANDWA,2001,Rabi,Barley,2,3,1.5
Madhya Pradesh,KHANDWA,2001,Rabi,Gram,16795,14950,0.890145877
Madhya Pradesh,KHANDWA,2001,Rabi,Jowar,173,146,0.843930636
Madhya Pradesh,KHANDWA,2001,Rabi,Linseed,165,52,0.315151515
Madhya Pradesh,KHANDWA,2001,Rabi,Other  Rabi pulses,1076,364,0.338289963
Madhya Pradesh,KHANDWA,2001,Rabi,Rapeseed &Mustard,18,10,0.555555556
Madhya Pradesh,KHANDWA,2001,Rabi,Safflower,12,3,0.25
Madhya Pradesh,KHANDWA,2001,Rabi,Wheat,44495,70938,1.594291493
Madhya Pradesh,KHANDWA,2001,Whole Year,Banana,16087,515132,32.02163237
Madhya Pradesh,KHANDWA,2001,Whole Year,Coriander,510,126,0.247058824
Madhya Pradesh,KHANDWA,2001,Whole Year,Dry chillies,4091,2503,0.611830848
Madhya Pradesh,KHANDWA,2001,Whole Year,Garlic,40,108,2.7
Madhya Pradesh,KHANDWA,2001,Whole Year,Onion,3104,65740,21.17912371
Madhya Pradesh,KHANDWA,2001,Whole Year,Potato,88,1014,11.52272727
Madhya Pradesh,KHANDWA,2001,Whole Year,Sannhamp,283,378,1.335689046
Madhya Pradesh,KHANDWA,2001,Whole Year,Sugarcane,2381,108150,45.42209156
Madhya Pradesh,KHANDWA,2001,Whole Year,Sweet potato,36,160,4.444444444
Madhya Pradesh,KHANDWA,2001,Whole Year,Turmeric,3,2,0.666666667
Madhya Pradesh,KHANDWA,2002,Kharif,Arhar/Tur,13893,13285,0.956236954
Madhya Pradesh,KHANDWA,2002,Kharif,Bajra,695,321,0.461870504
Madhya Pradesh,KHANDWA,2002,Kharif,Castor seed,114,27,0.236842105
Madhya Pradesh,KHANDWA,2002,Kharif,Cotton(lint),107639,61390,0.570332314
Madhya Pradesh,KHANDWA,2002,Kharif,Dry ginger,206,195,0.946601942
Madhya Pradesh,KHANDWA,2002,Kharif,Groundnut,5340,5084,0.952059925
Madhya Pradesh,KHANDWA,2002,Kharif,Jowar,47605,75692,1.59000105
Madhya Pradesh,KHANDWA,2002,Kharif,Maize,9274,24911,2.68611171
Madhya Pradesh,KHANDWA,2002,Kharif,Other Kharif pulses,13094,2738,0.209103406
Madhya Pradesh,KHANDWA,2002,Kharif,Ragi,3,1,0.333333333
Madhya Pradesh,KHANDWA,2002,Kharif,Rice,20679,15657,0.75714493
Madhya Pradesh,KHANDWA,2002,Kharif,Sesamum,5011,1641,0.327479545
Madhya Pradesh,KHANDWA,2002,Kharif,Small millets,3649,741,0.203069334
Madhya Pradesh,KHANDWA,2002,Kharif,Soyabean,172459,85396,0.495166967
Madhya Pradesh,KHANDWA,2002,Kharif,Sunflower,184,56,0.304347826
Madhya Pradesh,KHANDWA,2002,Rabi,Barley,6,8,1.333333333
Madhya Pradesh,KHANDWA,2002,Rabi,Gram,19184,17980,0.937239366
Madhya Pradesh,KHANDWA,2002,Rabi,Jowar,121,192,1.58677686
Madhya Pradesh,KHANDWA,2002,Rabi,Linseed,113,38,0.336283186
Madhya Pradesh,KHANDWA,2002,Rabi,Other  Rabi pulses,1168,411,0.351883562
Madhya Pradesh,KHANDWA,2002,Rabi,Rapeseed &Mustard,25,13,0.52
Madhya Pradesh,KHANDWA,2002,Rabi,Safflower,5,1,0.2
Madhya Pradesh,KHANDWA,2002,Rabi,Wheat,57424,96583,1.681927417
Madhya Pradesh,KHANDWA,2002,Whole Year,Banana,14076,319166,22.67448139
Madhya Pradesh,KHANDWA,2002,Whole Year,Beans & Mutter(Vegetable),32,0,0
Madhya Pradesh,KHANDWA,2002,Whole Year,Bhindi,514,0,0
Madhya Pradesh,KHANDWA,2002,Whole Year,Brinjal,434,0,0
Madhya Pradesh,KHANDWA,2002,Whole Year,Cabbage,118,0,0
Madhya Pradesh,KHANDWA,2002,Whole Year,Cauliflower,285,0,0
Madhya Pradesh,KHANDWA,2002,Whole Year,Citrus Fruit,142,0,0
Madhya Pradesh,KHANDWA,2002,Whole Year,Coriander,596,175,0.293624161
Madhya Pradesh,KHANDWA,2002,Whole Year,Dry chillies,4455,3773,0.84691358
Madhya Pradesh,KHANDWA,2002,Whole Year,Garlic,28,99,3.535714286
Madhya Pradesh,KHANDWA,2002,Whole Year,Grapes,8,0,0
Madhya Pradesh,KHANDWA,2002,Whole Year,Mango,20,0,0
Madhya Pradesh,KHANDWA,2002,Whole Year,Onion,3551,87827,24.73303295
Madhya Pradesh,KHANDWA,2002,Whole Year,Other Fresh Fruits,134,0,0
Madhya Pradesh,KHANDWA,2002,Whole Year,Other Vegetables,1237,0,0
Madhya Pradesh,KHANDWA,2002,Whole Year,Papaya,18,1007,55.94444444
Madhya Pradesh,KHANDWA,2002,Whole Year,Pome Fruit,45,0,0
Madhya Pradesh,KHANDWA,2002,Whole Year,Potato,277,3487,12.58844765
Madhya Pradesh,KHANDWA,2002,Whole Year,Sannhamp,298,500,1.677852349
Madhya Pradesh,KHANDWA,2002,Whole Year,Sugarcane,2632,119540,45.41793313
Madhya Pradesh,KHANDWA,2002,Whole Year,Sweet potato,30,182,6.066666667
Madhya Pradesh,KHANDWA,2002,Whole Year,Tomato,426,0,0
Madhya Pradesh,KHANDWA,2002,Whole Year,Turmeric,107639,61390,0.570332314
Madhya Pradesh,KHANDWA,2003,Kharif,Arhar/Tur,10824,10711,0.989560237
Madhya Pradesh,KHANDWA,2003,Kharif,Bajra,626,460,0.734824281
Madhya Pradesh,KHANDWA,2003,Kharif,Castor seed,91,24,0.263736264
Madhya Pradesh,KHANDWA,2003,Kharif,Cotton(lint),64576,43678,0.676381318
Madhya Pradesh,KHANDWA,2003,Kharif,Dry ginger,212,245,1.155660377
Madhya Pradesh,KHANDWA,2003,Kharif,Groundnut,4195,4396,1.047914184
Madhya Pradesh,KHANDWA,2003,Kharif,Horse-gram,805,272,0.337888199
Madhya Pradesh,KHANDWA,2003,Kharif,Jowar,29602,26050,0.880008108
Madhya Pradesh,KHANDWA,2003,Kharif,Maize,7276,16902,2.322979659
Madhya Pradesh,KHANDWA,2003,Kharif,Niger seed,17,4,0.235294118
Madhya Pradesh,KHANDWA,2003,Kharif,Other Kharif pulses,7014,1977,0.281864842
Madhya Pradesh,KHANDWA,2003,Kharif,other misc. pulses,755,0.01,1.3245E-05
Madhya Pradesh,KHANDWA,2003,Kharif,Rice,15025,15792,1.051048253
Madhya Pradesh,KHANDWA,2003,Kharif,Sesamum,4396,1756,0.399454049
Madhya Pradesh,KHANDWA,2003,Kharif,Small millets,2727,671,0.246057939
Madhya Pradesh,KHANDWA,2003,Kharif,Soyabean,157019,98309,0.626096205
Madhya Pradesh,KHANDWA,2003,Kharif,Sunflower,47,16,0.340425532
Madhya Pradesh,KHANDWA,2003,Kharif,Urad,3072,888,0.2890625
Madhya Pradesh,KHANDWA,2003,Rabi,Barley,4,8,2
Madhya Pradesh,KHANDWA,2003,Rabi,Gram,15550,12919,0.830803859
Madhya Pradesh,KHANDWA,2003,Rabi,Jowar,16,18,1.125
Madhya Pradesh,KHANDWA,2003,Rabi,Linseed,91,30,0.32967033
Madhya Pradesh,KHANDWA,2003,Rabi,Other  Rabi pulses,1157,427,0.369057908
Madhya Pradesh,KHANDWA,2003,Rabi,Rapeseed &Mustard,32,19,0.59375
Madhya Pradesh,KHANDWA,2003,Rabi,Safflower,6,2,0.333333333
Madhya Pradesh,KHANDWA,2003,Rabi,Urad,4,1,0.25
Madhya Pradesh,KHANDWA,2003,Rabi,Wheat,54496,88078,1.616228714
Madhya Pradesh,KHANDWA,2003,Whole Year,Banana,49,911,18.59183673
Madhya Pradesh,KHANDWA,2003,Whole Year,Beans & Mutter(Vegetable),33,0,0
Madhya Pradesh,KHANDWA,2003,Whole Year,Bhindi,198,0,0
Madhya Pradesh,KHANDWA,2003,Whole Year,Brinjal,213,0,0
Madhya Pradesh,KHANDWA,2003,Whole Year,Cabbage,266,0,0
Madhya Pradesh,KHANDWA,2003,Whole Year,Cauliflower,405,0,0
Madhya Pradesh,KHANDWA,2003,Whole Year,Citrus Fruit,19,0,0
Madhya Pradesh,KHANDWA,2003,Whole Year,Coriander,515,151,0.293203883
Madhya Pradesh,KHANDWA,2003,Whole Year,Dry chillies,4371,3387,0.77487989
Madhya Pradesh,KHANDWA,2003,Whole Year,Garlic,18,59,3.277777778
Madhya Pradesh,KHANDWA,2003,Whole Year,Mango,9,0,0
Madhya Pradesh,KHANDWA,2003,Whole Year,Onion,3872,72273,18.66554752
Madhya Pradesh,KHANDWA,2003,Whole Year,Orange,12,0,0
Madhya Pradesh,KHANDWA,2003,Whole Year,Other Citrus Fruit,2,0,0
Madhya Pradesh,KHANDWA,2003,Whole Year,Other Fresh Fruits,25,0,0
Madhya Pradesh,KHANDWA,2003,Whole Year,Other Vegetables,1309,0,0
Madhya Pradesh,KHANDWA,2003,Whole Year,Papaya,10,144,14.4
Madhya Pradesh,KHANDWA,2003,Whole Year,Pome Fruit,32,0,0
Madhya Pradesh,KHANDWA,2003,Whole Year,Potato,316,3435,10.87025316
Madhya Pradesh,KHANDWA,2003,Whole Year,Sannhamp,210,422,2.00952381
Madhya Pradesh,KHANDWA,2003,Whole Year,Sugarcane,317,14400,45.42586751
Madhya Pradesh,KHANDWA,2003,Whole Year,Sweet potato,21,109,5.19047619
Madhya Pradesh,KHANDWA,2003,Whole Year,Tomato,279,0,0
Madhya Pradesh,KHANDWA,2003,Whole Year,Turmeric,5,4,0.8
Madhya Pradesh,KHANDWA,2003,Whole Year,Water Melon,69,0,0
Madhya Pradesh,KHANDWA,2004,Kharif,Arhar/Tur,9753,8129,0.833487132
Madhya Pradesh,KHANDWA,2004,Kharif,Bajra,737,454,0.616010855
Madhya Pradesh,KHANDWA,2004,Kharif,Castor seed,110,28,0.254545455
Madhya Pradesh,KHANDWA,2004,Kharif,Cotton(lint),64863,45477,0.701123907
Madhya Pradesh,KHANDWA,2004,Kharif,Dry ginger,330,311,0.942424242
Madhya Pradesh,KHANDWA,2004,Kharif,Groundnut,3976,4330,1.089034205
Madhya Pradesh,KHANDWA,2004,Kharif,Horse-gram,531,138,0.259887006
Madhya Pradesh,KHANDWA,2004,Kharif,Jowar,25826,20609,0.797994269
Madhya Pradesh,KHANDWA,2004,Kharif,Maize,7749,13573,1.751580849
Madhya Pradesh,KHANDWA,2004,Kharif,Niger seed,19,4,0.210526316
Madhya Pradesh,KHANDWA,2004,Kharif,Rice,12975,10536,0.812023121
Madhya Pradesh,KHANDWA,2004,Kharif,Sesamum,3785,1623,0.428797886
Madhya Pradesh,KHANDWA,2004,Kharif,Small millets,2524,455,0.180269414
Madhya Pradesh,KHANDWA,2004,Kharif,Soyabean,155308,75651,0.487103047
Madhya Pradesh,KHANDWA,2004,Kharif,Sunflower,36,12,0.333333333
Madhya Pradesh,KHANDWA,2004,Kharif,Urad,2532,684,0.27014218
Madhya Pradesh,KHANDWA,2004,Rabi,Barley,4,6,1.5
Madhya Pradesh,KHANDWA,2004,Rabi,Gram,14721,11522,0.782691393
Madhya Pradesh,KHANDWA,2004,Rabi,Jowar,18,16,0.888888889
Madhya Pradesh,KHANDWA,2004,Rabi,Linseed,86,25,0.290697674
Madhya Pradesh,KHANDWA,2004,Rabi,Masoor,634,210,0.331230284
Madhya Pradesh,KHANDWA,2004,Rabi,Rapeseed &Mustard,18,11,0.611111111
Madhya Pradesh,KHANDWA,2004,Rabi,Safflower,2,1,0.5
Madhya Pradesh,KHANDWA,2004,Rabi,Urad,16,4,0.25
Madhya Pradesh,KHANDWA,2004,Rabi,Wheat,56949,73506,1.290733814
Madhya Pradesh,KHANDWA,2004,Whole Year,Coriander,566,151,0.266784452
Madhya Pradesh,KHANDWA,2004,Whole Year,Garlic,34,105,3.088235294
Madhya Pradesh,KHANDWA,2004,Whole Year,Onion,4656,115388,24.78264605
Madhya Pradesh,KHANDWA,2004,Whole Year,Potato,370,4264,11.52432432
Madhya Pradesh,KHANDWA,2004,Whole Year,Sugarcane,233,8610,36.9527897
Madhya Pradesh,KHANDWA,2004,Whole Year,Sweet potato,35,172,4.914285714
Madhya Pradesh,KHANDWA,2004,Whole Year,Turmeric,5,5,1
Madhya Pradesh,KHANDWA,2005,Kharif,Arhar/Tur,10264,8610,0.838854248
Madhya Pradesh,KHANDWA,2005,Kharif,Bajra,397,220,0.554156171
Madhya Pradesh,KHANDWA,2005,Kharif,Castor seed,198,46,0.232323232
Madhya Pradesh,KHANDWA,2005,Kharif,Cotton(lint),72101,68274,0.946921679
Madhya Pradesh,KHANDWA,2005,Kharif,Groundnut,3841,3734,0.972142671
Madhya Pradesh,KHANDWA,2005,Kharif,Horse-gram,567,150,0.264550265
Madhya Pradesh,KHANDWA,2005,Kharif,Jowar,23805,13474,0.566015543
Madhya Pradesh,KHANDWA,2005,Kharif,Maize,7485,13634,1.821509686
Madhya Pradesh,KHANDWA,2005,Kharif,Moong(Green Gram),3045,734,0.241050903
Madhya Pradesh,KHANDWA,2005,Kharif,Rice,12549,11092,0.883895131
Madhya Pradesh,KHANDWA,2005,Kharif,Sesamum,3558,1330,0.373805509
Madhya Pradesh,KHANDWA,2005,Kharif,Small millets,485,114,0.235051546
Madhya Pradesh,KHANDWA,2005,Kharif,Soyabean,149014,89307,0.599319527
Madhya Pradesh,KHANDWA,2005,Kharif,Sunflower,48,16,0.333333333
Madhya Pradesh,KHANDWA,2005,Kharif,Urad,2300,555,0.241304348
Madhya Pradesh,KHANDWA,2005,Rabi,Barley,1,2,2
Madhya Pradesh,KHANDWA,2005,Rabi,Gram,14129,12068,0.854129804
Madhya Pradesh,KHANDWA,2005,Rabi,Jowar,10,10,1
Madhya Pradesh,KHANDWA,2005,Rabi,Linseed,102,36,0.352941176
Madhya Pradesh,KHANDWA,2005,Rabi,Masoor,624,227,0.363782051
Madhya Pradesh,KHANDWA,2005,Rabi,Peas & beans (Pulses),347,113,0.325648415
Madhya Pradesh,KHANDWA,2005,Rabi,Rapeseed &Mustard,17,11,0.647058824
Madhya Pradesh,KHANDWA,2005,Rabi,Urad,2,,
Madhya Pradesh,KHANDWA,2005,Rabi,Wheat,54883,92834,1.691489168
Madhya Pradesh,KHANDWA,2005,Whole Year,Onion,5568,145552,26.1408046
Madhya Pradesh,KHANDWA,2005,Whole Year,Potato,394,4698,11.92385787
Madhya Pradesh,KHANDWA,2005,Whole Year,Sugarcane,193,7150,37.04663212
Madhya Pradesh,KHANDWA,2005,Whole Year,Sweet potato,53,284,5.358490566
Madhya Pradesh,KHANDWA,2006,Kharif,Arhar/Tur,9529,9476,0.994438031
Madhya Pradesh,KHANDWA,2006,Kharif,Bajra,359,208,0.579387187
Madhya Pradesh,KHANDWA,2006,Kharif,Castor seed,200,47,0.235
Madhya Pradesh,KHANDWA,2006,Kharif,Cotton(lint),75885,79191,1.043565922
Madhya Pradesh,KHANDWA,2006,Kharif,Dry ginger,416,521,1.252403846
Madhya Pradesh,KHANDWA,2006,Kharif,Groundnut,3707,3345,0.902346911
Madhya Pradesh,KHANDWA,2006,Kharif,Horse-gram,387,112,0.289405685
Madhya Pradesh,KHANDWA,2006,Kharif,Jowar,22421,23363,1.042014183
Madhya Pradesh,KHANDWA,2006,Kharif,Jute,146,344,2.356164384
Madhya Pradesh,KHANDWA,2006,Kharif,Maize,7519,9793,1.302433834
Madhya Pradesh,KHANDWA,2006,Kharif,Mesta,8,18,2.25
Madhya Pradesh,KHANDWA,2006,Kharif,Moong(Green Gram),2641,764,0.289284362
Madhya Pradesh,KHANDWA,2006,Kharif,Other Kharif pulses,596,8,0.013422819
Madhya Pradesh,KHANDWA,2006,Kharif,Rice,10514,10606,1.008750238
Madhya Pradesh,KHANDWA,2006,Kharif,Small millets,2257,517,0.229065131
Madhya Pradesh,KHANDWA,2006,Kharif,Soyabean,149602,103026,0.688667264
Madhya Pradesh,KHANDWA,2006,Kharif,Sunflower,66,24,0.363636364
Madhya Pradesh,KHANDWA,2006,Kharif,Urad,2151,570,0.264993026
Madhya Pradesh,KHANDWA,2006,Rabi,Gram,14268,14525,1.018012335
Madhya Pradesh,KHANDWA,2006,Rabi,Jowar,2,2,1
Madhya Pradesh,KHANDWA,2006,Rabi,Khesari,3,1,0.333333333
Madhya Pradesh,KHANDWA,2006,Rabi,Linseed,116,54,0.465517241
Madhya Pradesh,KHANDWA,2006,Rabi,Masoor,652,237,0.363496933
Madhya Pradesh,KHANDWA,2006,Rabi,Moong(Green Gram),310,103,0.332258065
Madhya Pradesh,KHANDWA,2006,Rabi,Other  Rabi pulses,18,6,0.333333333
Madhya Pradesh,KHANDWA,2006,Rabi,Peas & beans (Pulses),380,124,0.326315789
Madhya Pradesh,KHANDWA,2006,Rabi,Rapeseed &Mustard,14,11,0.785714286
Madhya Pradesh,KHANDWA,2006,Rabi,Safflower,1,,
Madhya Pradesh,KHANDWA,2006,Rabi,Urad,11,3,0.272727273
Madhya Pradesh,KHANDWA,2006,Rabi,Wheat,60372,107787,1.78538064
Madhya Pradesh,KHANDWA,2006,Whole Year,Banana,31,680,21.93548387
Madhya Pradesh,KHANDWA,2006,Whole Year,Coriander,653,208,0.318529862
Madhya Pradesh,KHANDWA,2006,Whole Year,Dry chillies,4268,4809,1.126757263
Madhya Pradesh,KHANDWA,2006,Whole Year,Garlic,35,114,3.257142857
Madhya Pradesh,KHANDWA,2006,Whole Year,Onion,5110,156764,30.6778865
Madhya Pradesh,KHANDWA,2006,Whole Year,Potato,406,5603,13.80049261
Madhya Pradesh,KHANDWA,2006,Whole Year,Sesamum,3033,1140,0.37586548
Madhya Pradesh,KHANDWA,2006,Whole Year,Sugarcane,155,6500,41.93548387
Madhya Pradesh,KHANDWA,2006,Whole Year,Sweet potato,38,203,5.342105263
Madhya Pradesh,KHANDWA,2006,Whole Year,Turmeric,8,6,0.75
Madhya Pradesh,KHANDWA,2007,Kharif,Arhar/Tur,8896,8524,0.958183453
Madhya Pradesh,KHANDWA,2007,Kharif,Bajra,283,221,0.780918728
Madhya Pradesh,KHANDWA,2007,Kharif,Castor seed,123,35,0.284552846
Madhya Pradesh,KHANDWA,2007,Kharif,Cotton(lint),74536,19857,0.266408179
Madhya Pradesh,KHANDWA,2007,Kharif,Groundnut,3523,3939,1.118081181
Madhya Pradesh,KHANDWA,2007,Kharif,Horse-gram,314,106,0.337579618
Madhya Pradesh,KHANDWA,2007,Kharif,Jowar,22021,28429,1.290994959
Madhya Pradesh,KHANDWA,2007,Kharif,Maize,6643,12633,1.901701039
Madhya Pradesh,KHANDWA,2007,Kharif,Niger seed,2,,
Madhya Pradesh,KHANDWA,2007,Kharif,Rice,10217,11532,1.128707057
Madhya Pradesh,KHANDWA,2007,Kharif,Sannhamp,122,344,2.819672131
Madhya Pradesh,KHANDWA,2007,Kharif,Soyabean,152351,107911,0.708305164
Madhya Pradesh,KHANDWA,2007,Kharif,Urad,2717,983,0.361796099
Madhya Pradesh,KHANDWA,2007,Rabi,Gram,14013,11481,0.81931064
Madhya Pradesh,KHANDWA,2007,Rabi,Khesari,1,,
Madhya Pradesh,KHANDWA,2007,Rabi,Linseed,104,39,0.375
Madhya Pradesh,KHANDWA,2007,Rabi,Masoor,650,280,0.430769231
Madhya Pradesh,KHANDWA,2007,Rabi,Peas & beans (Pulses),424,149,0.351415094
Madhya Pradesh,KHANDWA,2007,Rabi,Rapeseed &Mustard,15,9,0.6
Madhya Pradesh,KHANDWA,2007,Rabi,Safflower,7,2,0.285714286
Madhya Pradesh,KHANDWA,2007,Rabi,Urad,12,3,0.25
Madhya Pradesh,KHANDWA,2007,Rabi,Wheat,64906,107889,1.662234616
Madhya Pradesh,KHANDWA,2007,Whole Year,Banana,20,1282,64.1
Madhya Pradesh,KHANDWA,2007,Whole Year,Coriander,696,235,0.337643678
Madhya Pradesh,KHANDWA,2007,Whole Year,Garlic,34,147,4.323529412
Madhya Pradesh,KHANDWA,2007,Whole Year,Onion,5557,168546,30.3303941
Madhya Pradesh,KHANDWA,2007,Whole Year,Potato,431,4786,11.10440835
Madhya Pradesh,KHANDWA,2007,Whole Year,Sesamum,2498,1189,0.475980785
Madhya Pradesh,KHANDWA,2007,Whole Year,Small millets,225,50,0.222222222
Madhya Pradesh,KHANDWA,2007,Whole Year,Sugarcane,150,7860,52.4
Madhya Pradesh,KHANDWA,2007,Whole Year,Sunflower,89,41,0.460674157
Madhya Pradesh,KHANDWA,2007,Whole Year,Sweet potato,54,260,4.814814815
Madhya Pradesh,KHANDWA,2007,Whole Year,Turmeric,17,13,0.764705882
Madhya Pradesh,KHANDWA,2008,Kharif,Arhar/Tur,8893,10203,1.147306871
Madhya Pradesh,KHANDWA,2008,Kharif,Bajra,406,315,0.775862069
Madhya Pradesh,KHANDWA,2008,Kharif,Castor seed,177,36,0.203389831
Madhya Pradesh,KHANDWA,2008,Kharif,Cotton(lint),73340,11773,0.160526316
Madhya Pradesh,KHANDWA,2008,Kharif,Groundnut,3252,3807,1.170664207
Madhya Pradesh,KHANDWA,2008,Kharif,Horse-gram,256,87,0.33984375
Madhya Pradesh,KHANDWA,2008,Kharif,Jowar,20738,26088,1.257980519
Madhya Pradesh,KHANDWA,2008,Kharif,Maize,6829,11523,1.687362718
Madhya Pradesh,KHANDWA,2008,Kharif,Rice,9699,9985,1.029487576
Madhya Pradesh,KHANDWA,2008,Kharif,Sannhamp,137,58,0.423357664
Madhya Pradesh,KHANDWA,2008,Kharif,Soyabean,154317,118065,0.76508097
Madhya Pradesh,KHANDWA,2008,Kharif,Sunflower,56,22,0.392857143
Madhya Pradesh,KHANDWA,2008,Kharif,Urad,2794,943,0.337508948
Madhya Pradesh,KHANDWA,2008,Rabi,Gram,14682,13114,0.893202561
Madhya Pradesh,KHANDWA,2008,Rabi,Jowar,3,4,1.333333333
Madhya Pradesh,KHANDWA,2008,Rabi,Khesari,2,1,0.5
Madhya Pradesh,KHANDWA,2008,Rabi,Linseed,98,39,0.397959184
Madhya Pradesh,KHANDWA,2008,Rabi,Masoor,667,226,0.338830585
Madhya Pradesh,KHANDWA,2008,Rabi,Peas & beans (Pulses),426,139,0.32629108
Madhya Pradesh,KHANDWA,2008,Rabi,Rapeseed &Mustard,6,3,0.5
Madhya Pradesh,KHANDWA,2008,Rabi,Urad,4,1,0.25
Madhya Pradesh,KHANDWA,2008,Rabi,Wheat,65297,115626,1.77077048
Madhya Pradesh,KHANDWA,2008,Whole Year,Banana,7,248,35.42857143
Madhya Pradesh,KHANDWA,2008,Whole Year,Coriander,727,210,0.288858322
Madhya Pradesh,KHANDWA,2008,Whole Year,Garlic,35,152,4.342857143
Madhya Pradesh,KHANDWA,2008,Whole Year,Onion,5447,167673,30.78263264
Madhya Pradesh,KHANDWA,2008,Whole Year,Potato,350,3761,10.74571429
Madhya Pradesh,KHANDWA,2008,Whole Year,Sesamum,2212,1040,0.470162749
Madhya Pradesh,KHANDWA,2008,Whole Year,Small millets,1711,452,0.264172998
Madhya Pradesh,KHANDWA,2008,Whole Year,Sugarcane,200,9790,48.95
Madhya Pradesh,KHANDWA,2008,Whole Year,Sweet potato,48,231,4.8125
Madhya Pradesh,KHANDWA,2008,Whole Year,Turmeric,15,13,0.866666667
Madhya Pradesh,KHANDWA,2009,Kharif,Cowpea(Lobia),3,1,0.333333333
Madhya Pradesh,KHANDWA,2009,Kharif,Horse-gram,222,64,0.288288288
Madhya Pradesh,KHANDWA,2009,Kharif,Jowar,19107,17330,0.906997435
Madhya Pradesh,KHANDWA,2009,Kharif,Moong(Green Gram),2537,794,0.312968073
Madhya Pradesh,KHANDWA,2009,Kharif,Small millets,1484,348,0.234501348
Madhya Pradesh,KHANDWA,2009,Kharif,Urad,2955,926,0.313367174
Madhya Pradesh,KHANDWA,2009,Rabi,Cowpea(Lobia),9,3,0.333333333
Madhya Pradesh,KHANDWA,2009,Rabi,Horse-gram,2,1,0.5
Madhya Pradesh,KHANDWA,2009,Rabi,Jowar,5,7,1.4
Madhya Pradesh,KHANDWA,2009,Rabi,Moong(Green Gram),294,64,0.217687075
Madhya Pradesh,KHANDWA,2009,Rabi,Small millets,13,5,0.384615385
Madhya Pradesh,KHANDWA,2009,Rabi,Urad,3,1,0.333333333
Madhya Pradesh,KHANDWA,2009,Whole Year,Arhar/Tur,8904,9136,1.026055705
Madhya Pradesh,KHANDWA,2009,Whole Year,Bajra,809,551,0.681087763
Madhya Pradesh,KHANDWA,2009,Whole Year,Banana,20,1276,63.8
Madhya Pradesh,KHANDWA,2009,Whole Year,Castor seed,455,118,0.259340659
Madhya Pradesh,KHANDWA,2009,Whole Year,Coriander,947,319,0.336853221
Madhya Pradesh,KHANDWA,2009,Whole Year,Cotton(lint),76222,7349,0.096415733
Madhya Pradesh,KHANDWA,2009,Whole Year,Dry chillies,5288,8908,1.684568835
Madhya Pradesh,KHANDWA,2009,Whole Year,Dry ginger,604,757,1.253311258
Madhya Pradesh,KHANDWA,2009,Whole Year,Garlic,42,182,4.333333333
Madhya Pradesh,KHANDWA,2009,Whole Year,Gram,16636,14878,0.894325559
Madhya Pradesh,KHANDWA,2009,Whole Year,Groundnut,3172,3498,1.102774275
Madhya Pradesh,KHANDWA,2009,Whole Year,Khesari,2,1,0.5
Madhya Pradesh,KHANDWA,2009,Whole Year,Linseed,88,44,0.5
Madhya Pradesh,KHANDWA,2009,Whole Year,Maize,6597,8213,1.24495983
Madhya Pradesh,KHANDWA,2009,Whole Year,Masoor,781,285,0.364916773
Madhya Pradesh,KHANDWA,2009,Whole Year,Mesta,1,,
Madhya Pradesh,KHANDWA,2009,Whole Year,Onion,6374,203329,31.89974898
Madhya Pradesh,KHANDWA,2009,Whole Year,Peas & beans (Pulses),567,153,0.26984127
Madhya Pradesh,KHANDWA,2009,Whole Year,Potato,427,4187,9.805620609
Madhya Pradesh,KHANDWA,2009,Whole Year,Rapeseed &Mustard,16,11,0.6875
Madhya Pradesh,KHANDWA,2009,Whole Year,Rice,8559,6893,0.805351092
Madhya Pradesh,KHANDWA,2009,Whole Year,Sannhamp,117,46,0.393162393
Madhya Pradesh,KHANDWA,2009,Whole Year,Sesamum,1703,697,0.409277745
Madhya Pradesh,KHANDWA,2009,Whole Year,Soyabean,154441,97611,0.632027765
Madhya Pradesh,KHANDWA,2009,Whole Year,Sugarcane,130,5000,38.46153846
Madhya Pradesh,KHANDWA,2009,Whole Year,Sunflower,25,9,0.36
Madhya Pradesh,KHANDWA,2009,Whole Year,Sweet potato,88,431,4.897727273
Madhya Pradesh,KHANDWA,2009,Whole Year,Turmeric,4,3,0.75
Madhya Pradesh,KHANDWA,2009,Whole Year,Wheat,72002,120084,1.667787006
Madhya Pradesh,KHANDWA,2010,Kharif,Arhar/Tur,10128,4984,0.492101106
Madhya Pradesh,KHANDWA,2010,Kharif,Bajra,247,208,0.842105263
Madhya Pradesh,KHANDWA,2010,Kharif,Castor seed,184,55,0.298913043
Madhya Pradesh,KHANDWA,2010,Kharif,Cotton(lint),69188,57941,0.837442909
Madhya Pradesh,KHANDWA,2010,Kharif,Cowpea(Lobia),4,1,0.25
Madhya Pradesh,KHANDWA,2010,Kharif,Groundnut,3091,4448,1.4390165
Madhya Pradesh,KHANDWA,2010,Kharif,Horse-gram,132,38,0.287878788
Madhya Pradesh,KHANDWA,2010,Kharif,Jowar,18029,23059,1.278994953
Madhya Pradesh,KHANDWA,2010,Kharif,Maize,7050,13960,1.980141844
Madhya Pradesh,KHANDWA,2010,Kharif,Moong(Green Gram),2717,851,0.313213103
Madhya Pradesh,KHANDWA,2010,Kharif,Rice,6929,9188,1.326021071
Madhya Pradesh,KHANDWA,2010,Kharif,Small millets,1137,350,0.307827617
Madhya Pradesh,KHANDWA,2010,Kharif,Soyabean,165380,87243,0.527530536
Madhya Pradesh,KHANDWA,2010,Kharif,Sunflower,11,4,0.363636364
Madhya Pradesh,KHANDWA,2010,Kharif,Urad,2916,913,0.313100137
Madhya Pradesh,KHANDWA,2010,Rabi,Cowpea(Lobia),8,2,0.25
Madhya Pradesh,KHANDWA,2010,Rabi,Gram,19144,15688,0.819473464
Madhya Pradesh,KHANDWA,2010,Rabi,Jowar,1,2,2
Madhya Pradesh,KHANDWA,2010,Rabi,Khesari,1,,
Madhya Pradesh,KHANDWA,2010,Rabi,Linseed,104,31,0.298076923
Madhya Pradesh,KHANDWA,2010,Rabi,Masoor,708,162,0.228813559
Madhya Pradesh,KHANDWA,2010,Rabi,Moong(Green Gram),334,76,0.22754491
Madhya Pradesh,KHANDWA,2010,Rabi,Peas & beans (Pulses),674,143,0.212166172
Madhya Pradesh,KHANDWA,2010,Rabi,Rapeseed &Mustard,8,4,0.5
Madhya Pradesh,KHANDWA,2010,Rabi,Urad,8,3,0.375
Madhya Pradesh,KHANDWA,2010,Rabi,Wheat,82399,154778,1.878396582
Madhya Pradesh,KHANDWA,2010,Whole Year,Banana,17,752,44.23529412
Madhya Pradesh,KHANDWA,2010,Whole Year,Coriander,963,315,0.327102804
Madhya Pradesh,KHANDWA,2010,Whole Year,Dry chillies,5326,14564,2.734509951
Madhya Pradesh,KHANDWA,2010,Whole Year,Dry ginger,658,888,1.349544073
Madhya Pradesh,KHANDWA,2010,Whole Year,Garlic,67,155,2.313432836
Madhya Pradesh,KHANDWA,2010,Whole Year,Onion,7560,220071,29.10992063
Madhya Pradesh,KHANDWA,2010,Whole Year,Potato,508,5776,11.37007874
Madhya Pradesh,KHANDWA,2010,Whole Year,Sannhamp,122,244,2
Madhya Pradesh,KHANDWA,2010,Whole Year,Sesamum,1746,1115,0.63860252
Madhya Pradesh,KHANDWA,2010,Whole Year,Sugarcane,149,5730,38.45637584
Madhya Pradesh,KHANDWA,2010,Whole Year,Sweet potato,103,314,3.048543689
Madhya Pradesh,KHANDWA,2010,Whole Year,Turmeric,8,6,0.75
Madhya Pradesh,KHANDWA,2011,Kharif,Arhar/Tur,8416,5970,0.709363118
Madhya Pradesh,KHANDWA,2011,Kharif,Bajra,214,126,0.588785047
Madhya Pradesh,KHANDWA,2011,Kharif,Castor seed,316,69,0.21835443
Madhya Pradesh,KHANDWA,2011,Kharif,Cotton(lint),70135,93393,1.331617595
Madhya Pradesh,KHANDWA,2011,Kharif,Groundnut,2801,2778,0.991788647
Madhya Pradesh,KHANDWA,2011,Kharif,Horse-gram,500,101,0.202
Madhya Pradesh,KHANDWA,2011,Kharif,Jowar,16813,21722,1.291976447
Madhya Pradesh,KHANDWA,2011,Kharif,Maize,6865,8309,1.210342316
Madhya Pradesh,KHANDWA,2011,Kharif,Moong(Green Gram),2695,487,0.180705009
Madhya Pradesh,KHANDWA,2011,Kharif,Other Kharif pulses,894,1,0.001118568
Madhya Pradesh,KHANDWA,2011,Kharif,Rice,7713,9257,1.200181512
Madhya Pradesh,KHANDWA,2011,Kharif,Sannhamp,86,161,1.872093023
Madhya Pradesh,KHANDWA,2011,Kharif,Small millets,1114,287,0.257630162
Madhya Pradesh,KHANDWA,2011,Kharif,Soyabean,169387,94047,0.555219704
Madhya Pradesh,KHANDWA,2011,Kharif,Urad,2681,501,0.186870571
Madhya Pradesh,KHANDWA,2011,Rabi,Gram,16135,13724,0.850573288
Madhya Pradesh,KHANDWA,2011,Rabi,Horse-gram,4,1,0.25
Madhya Pradesh,KHANDWA,2011,Rabi,Jowar,2,3,1.5
Madhya Pradesh,KHANDWA,2011,Rabi,Khesari,5,3,0.6
Madhya Pradesh,KHANDWA,2011,Rabi,Linseed,107,46,0.429906542
Madhya Pradesh,KHANDWA,2011,Rabi,Masoor,711,228,0.320675105
Madhya Pradesh,KHANDWA,2011,Rabi,Moong(Green Gram),470,103,0.219148936
Madhya Pradesh,KHANDWA,2011,Rabi,Other  Rabi pulses,12,3,0.25
Madhya Pradesh,KHANDWA,2011,Rabi,Peas & beans (Pulses),731,169,0.23119015
Madhya Pradesh,KHANDWA,2011,Rabi,Rapeseed &Mustard,13,8,0.615384615
Madhya Pradesh,KHANDWA,2011,Rabi,Wheat,90028,231552,2.571999822
Madhya Pradesh,KHANDWA,2011,Whole Year,Banana,25,74,2.96
Madhya Pradesh,KHANDWA,2011,Whole Year,Coriander,930,314,0.337634409
Madhya Pradesh,KHANDWA,2011,Whole Year,Dry chillies,6120,12632,2.064052288
Madhya Pradesh,KHANDWA,2011,Whole Year,Dry ginger,606,534,0.881188119
Madhya Pradesh,KHANDWA,2011,Whole Year,Garlic,57,143,2.50877193
Madhya Pradesh,KHANDWA,2011,Whole Year,Onion,7801,242647,31.10460197
Madhya Pradesh,KHANDWA,2011,Whole Year,Potato,461,5280,11.45336226
Madhya Pradesh,KHANDWA,2011,Whole Year,Sesamum,1611,933,0.579143389
Madhya Pradesh,KHANDWA,2011,Whole Year,Sugarcane,188,6950,36.96808511
Madhya Pradesh,KHANDWA,2011,Whole Year,Sunflower,15,5,0.333333333
Madhya Pradesh,KHANDWA,2011,Whole Year,Sweet potato,94,287,3.053191489
Madhya Pradesh,KHANDWA,2011,Whole Year,Turmeric,24,15,0.625
Madhya Pradesh,KHANDWA,2012,Kharif,Arhar/Tur,7915,6075,0.767530006
Madhya Pradesh,KHANDWA,2012,Kharif,Bajra,290,321,1.106896552
Madhya Pradesh,KHANDWA,2012,Kharif,Castor seed,1010,231,0.228712871
Madhya Pradesh,KHANDWA,2012,Kharif,Cotton(lint),65194,94103,1.443430377
Madhya Pradesh,KHANDWA,2012,Kharif,Groundnut,2570,3043,1.184046693
Madhya Pradesh,KHANDWA,2012,Kharif,Horse-gram,80,18,0.225
Madhya Pradesh,KHANDWA,2012,Kharif,Jowar,11399,21692,1.902973945
Madhya Pradesh,KHANDWA,2012,Kharif,Maize,7439,23967,3.221804006
Madhya Pradesh,KHANDWA,2012,Kharif,Mesta,3,1,0.333333333
Madhya Pradesh,KHANDWA,2012,Kharif,Moong(Green Gram),2125,574,0.270117647
Madhya Pradesh,KHANDWA,2012,Kharif,Other Kharif pulses,633,,
Madhya Pradesh,KHANDWA,2012,Kharif,Rice,4195,6215,1.481525626
Madhya Pradesh,KHANDWA,2012,Kharif,Sannhamp,64,100,1.5625
Madhya Pradesh,KHANDWA,2012,Kharif,Small millets,654,145,0.221712538
Madhya Pradesh,KHANDWA,2012,Kharif,Soyabean,182297,158893,0.871616099
Madhya Pradesh,KHANDWA,2012,Kharif,Urad,2614,756,0.289211936
Madhya Pradesh,KHANDWA,2012,Rabi,Gram,15559,26487,1.702358763
Madhya Pradesh,KHANDWA,2012,Rabi,Khesari,2,1,0.5
Madhya Pradesh,KHANDWA,2012,Rabi,Linseed,40,16,0.4
Madhya Pradesh,KHANDWA,2012,Rabi,Masoor,651,208,0.319508449
Madhya Pradesh,KHANDWA,2012,Rabi,Moong(Green Gram),572,125,0.218531469
Madhya Pradesh,KHANDWA,2012,Rabi,Other  Rabi pulses,55,17,0.309090909
Madhya Pradesh,KHANDWA,2012,Rabi,Peas & beans (Pulses),668,170,0.254491018
Madhya Pradesh,KHANDWA,2012,Rabi,Rapeseed &Mustard,38,20,0.526315789
Madhya Pradesh,KHANDWA,2012,Rabi,Urad,10,5,0.5
Madhya Pradesh,KHANDWA,2012,Rabi,Wheat,105505,363043,3.441002796
Madhya Pradesh,KHANDWA,2012,Whole Year,Banana,34,1150,33.82352941
Madhya Pradesh,KHANDWA,2012,Whole Year,Coriander,967,250,0.258531541
Madhya Pradesh,KHANDWA,2012,Whole Year,Dry chillies,7949,17978,2.261668134
Madhya Pradesh,KHANDWA,2012,Whole Year,Dry ginger,487,540,1.108829569
Madhya Pradesh,KHANDWA,2012,Whole Year,Garlic,55,155,2.818181818
Madhya Pradesh,KHANDWA,2012,Whole Year,Onion,7742,239096,30.88297598
Madhya Pradesh,KHANDWA,2012,Whole Year,Potato,428,4425,10.33878505
Madhya Pradesh,KHANDWA,2012,Whole Year,Sesamum,1148,481,0.418989547
Madhya Pradesh,KHANDWA,2012,Whole Year,Sugarcane,234,10570,45.17094017
Madhya Pradesh,KHANDWA,2012,Whole Year,Sunflower,9,3,0.333333333
Madhya Pradesh,KHANDWA,2012,Whole Year,Sweet potato,69,231,3.347826087
Madhya Pradesh,KHANDWA,2012,Whole Year,Turmeric,25,25,1
Madhya Pradesh,KHANDWA,2013,Kharif,Arhar/Tur,6761,4450,0.658186659
Madhya Pradesh,KHANDWA,2013,Kharif,Bajra,155,116,0.748387097
Madhya Pradesh,KHANDWA,2013,Kharif,Castor seed,332,188,0.56626506
Madhya Pradesh,KHANDWA,2013,Kharif,Cotton(lint),57663,129552,2.246709328
Madhya Pradesh,KHANDWA,2013,Kharif,Groundnut,2474,5741,2.320533549
Madhya Pradesh,KHANDWA,2013,Kharif,Horse-gram,46,25,0.543478261
Madhya Pradesh,KHANDWA,2013,Kharif,Jowar,7336,11892,1.621046892
Madhya Pradesh,KHANDWA,2013,Kharif,Maize,14424,26376,1.828618968
Madhya Pradesh,KHANDWA,2013,Kharif,Mesta,4,6,1.5
Madhya Pradesh,KHANDWA,2013,Kharif,Moong(Green Gram),1878,673,0.358359957
Madhya Pradesh,KHANDWA,2013,Kharif,Other Kharif pulses,684,39,0.057017544
Madhya Pradesh,KHANDWA,2013,Kharif,Rice,3964,3009,0.759081736
Madhya Pradesh,KHANDWA,2013,Kharif,Sannhamp,31,50,1.612903226
Madhya Pradesh,KHANDWA,2013,Kharif,Small millets,272,60,0.220588235
Madhya Pradesh,KHANDWA,2013,Kharif,Soyabean,189278,151954,0.802808567
Madhya Pradesh,KHANDWA,2013,Kharif,Urad,1933,732,0.37868598
Madhya Pradesh,KHANDWA,2013,Rabi,Gram,19431,22717,1.169111214
Madhya Pradesh,KHANDWA,2013,Rabi,Linseed,25,13,0.52
Madhya Pradesh,KHANDWA,2013,Rabi,Masoor,575,364,0.633043478
Madhya Pradesh,KHANDWA,2013,Rabi,Moong(Green Gram),866,366,0.422632794
Madhya Pradesh,KHANDWA,2013,Rabi,Other  Rabi pulses,34,9,0.264705882
Madhya Pradesh,KHANDWA,2013,Rabi,Peas & beans (Pulses),717,517,0.721059972
Madhya Pradesh,KHANDWA,2013,Rabi,Rapeseed &Mustard,11,10,0.909090909
Madhya Pradesh,KHANDWA,2013,Rabi,Wheat,117117,259063,2.212001674
Madhya Pradesh,KHANDWA,2013,Whole Year,Banana,36,1459,40.52777778
Madhya Pradesh,KHANDWA,2013,Whole Year,Coriander,911,300,0.329308452
Madhya Pradesh,KHANDWA,2013,Whole Year,Dry chillies,8140,16240,1.995085995
Madhya Pradesh,KHANDWA,2013,Whole Year,Dry ginger,406,431,1.061576355
Madhya Pradesh,KHANDWA,2013,Whole Year,Garlic,98,462,4.714285714
Madhya Pradesh,KHANDWA,2013,Whole Year,Onion,7312,294729,40.30757659
Madhya Pradesh,KHANDWA,2013,Whole Year,Potato,428,4597,10.74065421
Madhya Pradesh,KHANDWA,2013,Whole Year,Sesamum,1024,495,0.483398438
Madhya Pradesh,KHANDWA,2013,Whole Year,Sugarcane,195,9850,50.51282051
Madhya Pradesh,KHANDWA,2013,Whole Year,Sunflower,43,16,0.372093023
Madhya Pradesh,KHANDWA,2013,Whole Year,Sweet potato,82,324,3.951219512
Madhya Pradesh,KHANDWA,2013,Whole Year,Turmeric,31,23,0.741935484
Madhya Pradesh,KHARGONE,1997,Kharif,Arhar/Tur,22200,11700,0.527027027
Madhya Pradesh,KHARGONE,1997,Kharif,Bajra,16100,5500,0.341614907
Madhya Pradesh,KHARGONE,1997,Kharif,Cotton(lint),212300,408000,1.921808761
Madhya Pradesh,KHARGONE,1997,Kharif,Groundnut,47000,38400,0.817021277
Madhya Pradesh,KHARGONE,1997,Kharif,Jowar,161400,193600,1.199504337
Madhya Pradesh,KHARGONE,1997,Kharif,Maize,49100,72300,1.472505092
Madhya Pradesh,KHARGONE,1997,Kharif,Paddy,10400,6400,0.615384615
Madhya Pradesh,KHARGONE,1997,Kharif,Sesamum,1000,200,0.2
Madhya Pradesh,KHARGONE,1997,Kharif,Small millets,500,100,0.2
Madhya Pradesh,KHARGONE,1997,Kharif,Soyabean,39700,29300,0.738035264
Madhya Pradesh,KHARGONE,1997,Rabi,Jowar,3400,2900,0.852941176
Madhya Pradesh,KHARGONE,1997,Rabi,Linseed,200,100,0.5
Madhya Pradesh,KHARGONE,1997,Rabi,Wheat,78200,140500,1.796675192
Madhya Pradesh,KHARGONE,1998,Kharif,Arhar/Tur,16000,9100,0.56875
Madhya Pradesh,KHARGONE,1998,Kharif,Bajra,3100,1200,0.387096774
Madhya Pradesh,KHARGONE,1998,Kharif,Cotton(lint),166200,24600,0.14801444
Madhya Pradesh,KHARGONE,1998,Kharif,Groundnut,19600,15100,0.770408163
Madhya Pradesh,KHARGONE,1998,Kharif,Jowar,98700,110200,1.116514691
Madhya Pradesh,KHARGONE,1998,Kharif,Maize,17500,23100,1.32
Madhya Pradesh,KHARGONE,1998,Kharif,Rice,7100,3000,0.422535211
Madhya Pradesh,KHARGONE,1998,Kharif,Sesamum,900,200,0.222222222
Madhya Pradesh,KHARGONE,1998,Kharif,Small millets,400,100,0.25
Madhya Pradesh,KHARGONE,1998,Kharif,Soyabean,34100,19000,0.557184751
Madhya Pradesh,KHARGONE,1998,Rabi,Gram,8900,6000,0.674157303
Madhya Pradesh,KHARGONE,1998,Rabi,Linseed,200,100,0.5
Madhya Pradesh,KHARGONE,1998,Rabi,Rapeseed &Mustard,100,100,1
Madhya Pradesh,KHARGONE,1998,Rabi,Wheat,59300,125000,2.107925801
Madhya Pradesh,KHARGONE,1998,Whole Year,Sugarcane,1220,19760,16.19672131
Madhya Pradesh,KHARGONE,1999,Kharif,Arhar/Tur,16192,9023,0.557250494
Madhya Pradesh,KHARGONE,1999,Kharif,Bajra,2424,490,0.202145215
Madhya Pradesh,KHARGONE,1999,Kharif,Castor seed,69,28,0.405797101
Madhya Pradesh,KHARGONE,1999,Kharif,Cotton(lint),166308,159095,0.956628665
Madhya Pradesh,KHARGONE,1999,Kharif,Dry ginger,41,34,0.829268293
Madhya Pradesh,KHARGONE,1999,Kharif,Groundnut,17972,10979,0.610894725
Madhya Pradesh,KHARGONE,1999,Kharif,Jowar,85873,60626,0.705996064
Madhya Pradesh,KHARGONE,1999,Kharif,Maize,19537,18609,0.952500384
Madhya Pradesh,KHARGONE,1999,Kharif,Other Kharif pulses,24536,5598,0.228154548
Madhya Pradesh,KHARGONE,1999,Kharif,Rice,6681,3323,0.497380632
Madhya Pradesh,KHARGONE,1999,Kharif,Sesamum,883,152,0.17214043
Madhya Pradesh,KHARGONE,1999,Kharif,Soyabean,47644,19802,0.415624213
Madhya Pradesh,KHARGONE,1999,Kharif,Sunflower,86,28,0.325581395
Madhya Pradesh,KHARGONE,1999,Kharif,Urad,9969,2327,0.233423613
Madhya Pradesh,KHARGONE,1999,Rabi,Gram,8285,4862,0.586843693
Madhya Pradesh,KHARGONE,1999,Rabi,Linseed,129,34,0.263565891
Madhya Pradesh,KHARGONE,1999,Rabi,Other  Rabi pulses,235,91,0.387234043
Madhya Pradesh,KHARGONE,1999,Rabi,Rapeseed &Mustard,51,20,0.392156863
Madhya Pradesh,KHARGONE,1999,Rabi,Wheat,57478,138067,2.402084276
Madhya Pradesh,KHARGONE,1999,Whole Year,Coriander,520,141,0.271153846
Madhya Pradesh,KHARGONE,1999,Whole Year,Dry chillies,13213,4768,0.360856732
Madhya Pradesh,KHARGONE,1999,Whole Year,Garlic,39,104,2.666666667
Madhya Pradesh,KHARGONE,1999,Whole Year,Onion,578,4072,7.044982699
Madhya Pradesh,KHARGONE,1999,Whole Year,Potato,120,972,8.1
Madhya Pradesh,KHARGONE,1999,Whole Year,Sannhamp,646,756,1.170278638
Madhya Pradesh,KHARGONE,1999,Whole Year,Sugarcane,801,27370,34.16978777
Madhya Pradesh,KHARGONE,1999,Whole Year,Sweet potato,77,365,4.74025974
Madhya Pradesh,KHARGONE,1999,Whole Year,Turmeric,16,24,1.5
Madhya Pradesh,KHARGONE,2000,Kharif,Arhar/Tur,16192,5150,0.3180583
Madhya Pradesh,KHARGONE,2000,Kharif,Bajra,2243,631,0.281319661
Madhya Pradesh,KHARGONE,2000,Kharif,Castor seed,907,197,0.217199559
Madhya Pradesh,KHARGONE,2000,Kharif,Cotton(lint),167430,52999,0.316544227
Madhya Pradesh,KHARGONE,2000,Kharif,Dry ginger,46,23,0.5
Madhya Pradesh,KHARGONE,2000,Kharif,Groundnut,20222,12454,0.615863911
Madhya Pradesh,KHARGONE,2000,Kharif,Jowar,78559,54441,0.692995074
Madhya Pradesh,KHARGONE,2000,Kharif,Maize,20819,24526,1.178058504
Madhya Pradesh,KHARGONE,2000,Kharif,Other Kharif pulses,20931,3948,0.188619751
Madhya Pradesh,KHARGONE,2000,Kharif,Rice,6151,1412,0.22955617
Madhya Pradesh,KHARGONE,2000,Kharif,Sesamum,892,163,0.182735426
Madhya Pradesh,KHARGONE,2000,Kharif,Small millets,247,40,0.16194332
Madhya Pradesh,KHARGONE,2000,Kharif,Soyabean,50969,18493,0.362828386
Madhya Pradesh,KHARGONE,2000,Kharif,Sunflower,17,6,0.352941176
Madhya Pradesh,KHARGONE,2000,Rabi,Gram,1968,769,0.390752033
Madhya Pradesh,KHARGONE,2000,Rabi,Linseed,29,5,0.172413793
Madhya Pradesh,KHARGONE,2000,Rabi,Other  Rabi pulses,34,9,0.264705882
Madhya Pradesh,KHARGONE,2000,Rabi,Rapeseed &Mustard,14,3,0.214285714
Madhya Pradesh,KHARGONE,2000,Rabi,Wheat,19985,38539,1.928396297
Madhya Pradesh,KHARGONE,2000,Whole Year,Coriander,154,31,0.201298701
Madhya Pradesh,KHARGONE,2000,Whole Year,Dry chillies,12738,3193,0.250667295
Madhya Pradesh,KHARGONE,2000,Whole Year,Garlic,34,84,2.470588235
Madhya Pradesh,KHARGONE,2000,Whole Year,Onion,359,2858,7.961002786
Madhya Pradesh,KHARGONE,2000,Whole Year,Sannhamp,573,539,0.940663176
Madhya Pradesh,KHARGONE,2000,Whole Year,Sugarcane,1737,22980,13.22970639
Madhya Pradesh,KHARGONE,2000,Whole Year,Turmeric,14,10,0.714285714
Madhya Pradesh,KHARGONE,2001,Kharif,Arhar/Tur,15787,8908,0.564261734
Madhya Pradesh,KHARGONE,2001,Kharif,Bajra,1772,537,0.303047404
Madhya Pradesh,KHARGONE,2001,Kharif,Castor seed,506,176,0.347826087
Madhya Pradesh,KHARGONE,2001,Kharif,Cotton(lint),176741,110064,0.622741752
Madhya Pradesh,KHARGONE,2001,Kharif,Dry ginger,58,45,0.775862069
Madhya Pradesh,KHARGONE,2001,Kharif,Groundnut,15266,11596,0.759596489
Madhya Pradesh,KHARGONE,2001,Kharif,Jowar,81568,88664,1.0869949
Madhya Pradesh,KHARGONE,2001,Kharif,Maize,20888,43045,2.060752585
Madhya Pradesh,KHARGONE,2001,Kharif,Other Kharif pulses,22177,6423,0.289624386
Madhya Pradesh,KHARGONE,2001,Kharif,Rice,5920,2308,0.389864865
Madhya Pradesh,KHARGONE,2001,Kharif,Sesamum,870,241,0.277011494
Madhya Pradesh,KHARGONE,2001,Kharif,Small millets,372,73,0.196236559
Madhya Pradesh,KHARGONE,2001,Kharif,Soyabean,46246,23937,0.517601522
Madhya Pradesh,KHARGONE,2001,Kharif,Sunflower,16,5,0.3125
Madhya Pradesh,KHARGONE,2001,Rabi,Gram,4349,2617,0.601747528
Madhya Pradesh,KHARGONE,2001,Rabi,Jowar,44,42,0.954545455
Madhya Pradesh,KHARGONE,2001,Rabi,Linseed,50,14,0.28
Madhya Pradesh,KHARGONE,2001,Rabi,Other  Rabi pulses,35,11,0.314285714
Madhya Pradesh,KHARGONE,2001,Rabi,Rapeseed &Mustard,27,10,0.37037037
Madhya Pradesh,KHARGONE,2001,Rabi,Wheat,30624,73010,2.384077847
Madhya Pradesh,KHARGONE,2001,Whole Year,Banana,781,21478,27.5006402
Madhya Pradesh,KHARGONE,2001,Whole Year,Coriander,235,63,0.268085106
Madhya Pradesh,KHARGONE,2001,Whole Year,Dry chillies,10317,6550,0.634874479
Madhya Pradesh,KHARGONE,2001,Whole Year,Garlic,38,98,2.578947368
Madhya Pradesh,KHARGONE,2001,Whole Year,Onion,412,3527,8.560679612
Madhya Pradesh,KHARGONE,2001,Whole Year,Potato,133,1457,10.95488722
Madhya Pradesh,KHARGONE,2001,Whole Year,Sannhamp,574,883,1.538327526
Madhya Pradesh,KHARGONE,2001,Whole Year,Sugarcane,879,27570,31.36518771
Madhya Pradesh,KHARGONE,2001,Whole Year,Sweet potato,13,76,5.846153846
Madhya Pradesh,KHARGONE,2001,Whole Year,Tobacco,2,1,0.5
Madhya Pradesh,KHARGONE,2001,Whole Year,Turmeric,12,13,1.083333333
Madhya Pradesh,KHARGONE,2002,Kharif,Arhar/Tur,15019,6716,0.447166922
Madhya Pradesh,KHARGONE,2002,Kharif,Bajra,1796,489,0.272271715
Madhya Pradesh,KHARGONE,2002,Kharif,Castor seed,474,171,0.360759494
Madhya Pradesh,KHARGONE,2002,Kharif,Cotton(lint),178680,121715,0.681189837
Madhya Pradesh,KHARGONE,2002,Kharif,Dry ginger,38,28,0.736842105
Madhya Pradesh,KHARGONE,2002,Kharif,Groundnut,14942,9717,0.65031455
Madhya Pradesh,KHARGONE,2002,Kharif,Jowar,80562,87168,1.081998957
Madhya Pradesh,KHARGONE,2002,Kharif,Maize,19828,53164,2.681258826
Madhya Pradesh,KHARGONE,2002,Kharif,Other Kharif pulses,22482,7242,0.322124366
Madhya Pradesh,KHARGONE,2002,Kharif,Rice,5569,2888,0.518585024
Madhya Pradesh,KHARGONE,2002,Kharif,Sesamum,1001,262,0.261738262
Madhya Pradesh,KHARGONE,2002,Kharif,Small millets,337,73,0.216617211
Madhya Pradesh,KHARGONE,2002,Kharif,Soyabean,47136,30584,0.648845893
Madhya Pradesh,KHARGONE,2002,Kharif,Sunflower,2,1,0.5
Madhya Pradesh,KHARGONE,2002,Rabi,Gram,5148,3631,0.705322455
Madhya Pradesh,KHARGONE,2002,Rabi,Jowar,9,10,1.111111111
Madhya Pradesh,KHARGONE,2002,Rabi,Linseed,66,18,0.272727273
Madhya Pradesh,KHARGONE,2002,Rabi,Other  Rabi pulses,111,31,0.279279279
Madhya Pradesh,KHARGONE,2002,Rabi,Rapeseed &Mustard,73,28,0.383561644
Madhya Pradesh,KHARGONE,2002,Rabi,Wheat,45635,121340,2.658924071
Madhya Pradesh,KHARGONE,2002,Whole Year,Banana,705,14820,21.0212766
Madhya Pradesh,KHARGONE,2002,Whole Year,Bhindi,312,0,0
Madhya Pradesh,KHARGONE,2002,Whole Year,Brinjal,107,0,0
Madhya Pradesh,KHARGONE,2002,Whole Year,Cabbage,22,0,0
Madhya Pradesh,KHARGONE,2002,Whole Year,Cauliflower,90,0,0
Madhya Pradesh,KHARGONE,2002,Whole Year,Citrus Fruit,68,0,0
Madhya Pradesh,KHARGONE,2002,Whole Year,Coriander,381,99,0.25984252
Madhya Pradesh,KHARGONE,2002,Whole Year,Dry chillies,11622,9838,0.846498021
Madhya Pradesh,KHARGONE,2002,Whole Year,Garlic,90,252,2.8
Madhya Pradesh,KHARGONE,2002,Whole Year,Mango,11,0,0
Madhya Pradesh,KHARGONE,2002,Whole Year,Onion,651,5722,8.789554531
Madhya Pradesh,KHARGONE,2002,Whole Year,Other Fresh Fruits,73,0,0
Madhya Pradesh,KHARGONE,2002,Whole Year,Other Vegetables,557,0,0
Madhya Pradesh,KHARGONE,2002,Whole Year,Papaya,14,0,0
Madhya Pradesh,KHARGONE,2002,Whole Year,Pome Fruit,246,0,0
Madhya Pradesh,KHARGONE,2002,Whole Year,Potato,179,1933,10.79888268
Madhya Pradesh,KHARGONE,2002,Whole Year,Sannhamp,567,1139,2.008818342
Madhya Pradesh,KHARGONE,2002,Whole Year,Sugarcane,806,28000,34.73945409
Madhya Pradesh,KHARGONE,2002,Whole Year,Sweet potato,49,303,6.183673469
Madhya Pradesh,KHARGONE,2002,Whole Year,Tobacco,1,1,1
Madhya Pradesh,KHARGONE,2002,Whole Year,Tomato,93,0,0
Madhya Pradesh,KHARGONE,2002,Whole Year,Turmeric,178680,121715,0.681189837
Madhya Pradesh,KHARGONE,2003,Kharif,Arhar/Tur,15222,8170,0.536723164
Madhya Pradesh,KHARGONE,2003,Kharif,Bajra,1698,680,0.400471143
Madhya Pradesh,KHARGONE,2003,Kharif,Castor seed,246,100,0.406504065
Madhya Pradesh,KHARGONE,2003,Kharif,Cotton(lint),178659,205384,1.149586643
Madhya Pradesh,KHARGONE,2003,Kharif,Dry ginger,76,76,1
Madhya Pradesh,KHARGONE,2003,Kharif,Groundnut,14363,14314,0.996588456
Madhya Pradesh,KHARGONE,2003,Kharif,Horse-gram,2132,565,0.265009381
Madhya Pradesh,KHARGONE,2003,Kharif,Jowar,77638,107994,1.390994101
Madhya Pradesh,KHARGONE,2003,Kharif,Maize,20537,50389,2.453571602
Madhya Pradesh,KHARGONE,2003,Kharif,Other Kharif pulses,20693,8063,0.389648673
Madhya Pradesh,KHARGONE,2003,Kharif,other misc. pulses,611,0.01,1.63666E-05
Madhya Pradesh,KHARGONE,2003,Kharif,Rice,5307,3422,0.644808743
Madhya Pradesh,KHARGONE,2003,Kharif,Sesamum,1055,366,0.346919431
Madhya Pradesh,KHARGONE,2003,Kharif,Small millets,89,23,0.258426966
Madhya Pradesh,KHARGONE,2003,Kharif,Soyabean,50210,45312,0.902449711
Madhya Pradesh,KHARGONE,2003,Kharif,Sunflower,1,0,0
Madhya Pradesh,KHARGONE,2003,Kharif,Urad,7288,2853,0.391465423
Madhya Pradesh,KHARGONE,2003,Rabi,Gram,6187,4284,0.692419589
Madhya Pradesh,KHARGONE,2003,Rabi,Jowar,5,6,1.2
Madhya Pradesh,KHARGONE,2003,Rabi,Linseed,50,17,0.34
Madhya Pradesh,KHARGONE,2003,Rabi,Other  Rabi pulses,78,34,0.435897436
Madhya Pradesh,KHARGONE,2003,Rabi,Rapeseed &Mustard,48,22,0.458333333
Madhya Pradesh,KHARGONE,2003,Rabi,Wheat,55985,149174,2.664535143
Madhya Pradesh,KHARGONE,2003,Whole Year,Banana,733,18103,24.69713506
Madhya Pradesh,KHARGONE,2003,Whole Year,Bhindi,247,0,0
Madhya Pradesh,KHARGONE,2003,Whole Year,Brinjal,129,0,0
Madhya Pradesh,KHARGONE,2003,Whole Year,Cauliflower,92,0,0
Madhya Pradesh,KHARGONE,2003,Whole Year,Citrus Fruit,44,0,0
Madhya Pradesh,KHARGONE,2003,Whole Year,Coriander,466,136,0.291845494
Madhya Pradesh,KHARGONE,2003,Whole Year,Dry chillies,12761,10966,0.859337043
Madhya Pradesh,KHARGONE,2003,Whole Year,Garlic,107,272,2.542056075
Madhya Pradesh,KHARGONE,2003,Whole Year,Mango,15,0,0
Madhya Pradesh,KHARGONE,2003,Whole Year,Onion,759,5538,7.296442688
Madhya Pradesh,KHARGONE,2003,Whole Year,Orange,5,0,0
Madhya Pradesh,KHARGONE,2003,Whole Year,Other Citrus Fruit,11,0,0
Madhya Pradesh,KHARGONE,2003,Whole Year,Other Fresh Fruits,26,0,0
Madhya Pradesh,KHARGONE,2003,Whole Year,Other Vegetables,714,0,0
Madhya Pradesh,KHARGONE,2003,Whole Year,Papaya,9,360,40
Madhya Pradesh,KHARGONE,2003,Whole Year,Pome Fruit,241,0,0
Madhya Pradesh,KHARGONE,2003,Whole Year,Potato,174,1893,10.87931034
Madhya Pradesh,KHARGONE,2003,Whole Year,Sannhamp,521,994,1.907869482
Madhya Pradesh,KHARGONE,2003,Whole Year,Sugarcane,955,33710,35.29842932
Madhya Pradesh,KHARGONE,2003,Whole Year,Sweet potato,61,333,5.459016393
Madhya Pradesh,KHARGONE,2003,Whole Year,Tomato,97,0,0
Madhya Pradesh,KHARGONE,2003,Whole Year,Turmeric,5,5,1
Madhya Pradesh,KHARGONE,2003,Whole Year,Water Melon,5,0,0
Madhya Pradesh,KHARGONE,2004,Kharif,Arhar/Tur,14821,6016,0.405910532
Madhya Pradesh,KHARGONE,2004,Kharif,Bajra,1558,542,0.3478819
Madhya Pradesh,KHARGONE,2004,Kharif,Castor seed,343,131,0.381924198
Madhya Pradesh,KHARGONE,2004,Kharif,Cotton(lint),181000,206829,1.142701657
Madhya Pradesh,KHARGONE,2004,Kharif,Dry ginger,88,87,0.988636364
Madhya Pradesh,KHARGONE,2004,Kharif,Groundnut,12991,9607,0.73951197
Madhya Pradesh,KHARGONE,2004,Kharif,Horse-gram,1558,315,0.202182285
Madhya Pradesh,KHARGONE,2004,Kharif,Jowar,74453,79516,1.068002633
Madhya Pradesh,KHARGONE,2004,Kharif,Maize,20410,22758,1.115041646
Madhya Pradesh,KHARGONE,2004,Kharif,Rice,4912,2056,0.418566775
Madhya Pradesh,KHARGONE,2004,Kharif,Sesamum,851,286,0.336075206
Madhya Pradesh,KHARGONE,2004,Kharif,Small millets,228,42,0.184210526
Madhya Pradesh,KHARGONE,2004,Kharif,Soyabean,53648,34242,0.638271697
Madhya Pradesh,KHARGONE,2004,Kharif,Sunflower,2,,
Madhya Pradesh,KHARGONE,2004,Kharif,Urad,7246,2090,0.288434999
Madhya Pradesh,KHARGONE,2004,Rabi,Gram,6553,3554,0.542347017
Madhya Pradesh,KHARGONE,2004,Rabi,Jowar,7,7,1
Madhya Pradesh,KHARGONE,2004,Rabi,Linseed,58,18,0.310344828
Madhya Pradesh,KHARGONE,2004,Rabi,Masoor,33,11,0.333333333
Madhya Pradesh,KHARGONE,2004,Rabi,Rapeseed &Mustard,28,12,0.428571429
Madhya Pradesh,KHARGONE,2004,Rabi,Wheat,56161,126904,2.259646374
Madhya Pradesh,KHARGONE,2004,Whole Year,Coriander,474,135,0.284810127
Madhya Pradesh,KHARGONE,2004,Whole Year,Garlic,63,163,2.587301587
Madhya Pradesh,KHARGONE,2004,Whole Year,Onion,791,6478,8.189633375
Madhya Pradesh,KHARGONE,2004,Whole Year,Potato,189,2258,11.94708995
Madhya Pradesh,KHARGONE,2004,Whole Year,Sugarcane,1102,38270,34.7277677
Madhya Pradesh,KHARGONE,2004,Whole Year,Sweet potato,75,327,4.36
Madhya Pradesh,KHARGONE,2004,Whole Year,Turmeric,10,11,1.1
Madhya Pradesh,KHARGONE,2005,Kharif,Arhar/Tur,14613,5627,0.38506809
Madhya Pradesh,KHARGONE,2005,Kharif,Bajra,1529,556,0.363636364
Madhya Pradesh,KHARGONE,2005,Kharif,Castor seed,229,81,0.35371179
Madhya Pradesh,KHARGONE,2005,Kharif,Cotton(lint),180489,183384,1.016039759
Madhya Pradesh,KHARGONE,2005,Kharif,Groundnut,11897,8103,0.681096075
Madhya Pradesh,KHARGONE,2005,Kharif,Horse-gram,1300,242,0.186153846
Madhya Pradesh,KHARGONE,2005,Kharif,Jowar,70363,69519,0.988005059
Madhya Pradesh,KHARGONE,2005,Kharif,Maize,21044,22367,1.062868276
Madhya Pradesh,KHARGONE,2005,Kharif,Moong(Green Gram),9546,2484,0.260213702
Madhya Pradesh,KHARGONE,2005,Kharif,Rice,4348,1921,0.441812328
Madhya Pradesh,KHARGONE,2005,Kharif,Sesamum,1029,312,0.303206997
Madhya Pradesh,KHARGONE,2005,Kharif,Small millets,100,14,0.14
Madhya Pradesh,KHARGONE,2005,Kharif,Soyabean,60193,33877,0.562806306
Madhya Pradesh,KHARGONE,2005,Kharif,Sunflower,1,,
Madhya Pradesh,KHARGONE,2005,Kharif,Urad,6212,1536,0.247263361
Madhya Pradesh,KHARGONE,2005,Rabi,Gram,5800,3108,0.535862069
Madhya Pradesh,KHARGONE,2005,Rabi,Jowar,8,10,1.25
Madhya Pradesh,KHARGONE,2005,Rabi,Linseed,40,14,0.35
Madhya Pradesh,KHARGONE,2005,Rabi,Masoor,30,11,0.366666667
Madhya Pradesh,KHARGONE,2005,Rabi,Peas & beans (Pulses),27,14,0.518518519
Madhya Pradesh,KHARGONE,2005,Rabi,Rapeseed &Mustard,26,12,0.461538462
Madhya Pradesh,KHARGONE,2005,Rabi,Wheat,38817,81216,2.092279156
Madhya Pradesh,KHARGONE,2005,Whole Year,Onion,733,5207,7.103683492
Madhya Pradesh,KHARGONE,2005,Whole Year,Potato,74,740,10
Madhya Pradesh,KHARGONE,2005,Whole Year,Sugarcane,1353,43360,32.04730229
Madhya Pradesh,KHARGONE,2005,Whole Year,Sweet potato,25,109,4.36
Madhya Pradesh,KHARGONE,2006,Kharif,Arhar/Tur,14150,6769,0.478374558
Madhya Pradesh,KHARGONE,2006,Kharif,Bajra,1357,707,0.521002211
Madhya Pradesh,KHARGONE,2006,Kharif,Castor seed,177,76,0.429378531
Madhya Pradesh,KHARGONE,2006,Kharif,Cotton(lint),190638,243706,1.278370524
Madhya Pradesh,KHARGONE,2006,Kharif,Dry ginger,130,120,0.923076923
Madhya Pradesh,KHARGONE,2006,Kharif,Groundnut,11812,9787,0.828564172
Madhya Pradesh,KHARGONE,2006,Kharif,Horse-gram,1194,359,0.300670017
Madhya Pradesh,KHARGONE,2006,Kharif,Jowar,66012,75782,1.148003393
Madhya Pradesh,KHARGONE,2006,Kharif,Jute,458,928,2.026200873
Madhya Pradesh,KHARGONE,2006,Kharif,Maize,20497,19935,0.972581353
Madhya Pradesh,KHARGONE,2006,Kharif,Mesta,54,121,2.240740741
Madhya Pradesh,KHARGONE,2006,Kharif,Moong(Green Gram),9636,3970,0.411996679
Madhya Pradesh,KHARGONE,2006,Kharif,Other Kharif pulses,444,,
Madhya Pradesh,KHARGONE,2006,Kharif,Rice,3800,2273,0.598157895
Madhya Pradesh,KHARGONE,2006,Kharif,Small millets,163,34,0.208588957
Madhya Pradesh,KHARGONE,2006,Kharif,Soyabean,57139,40562,0.709882917
Madhya Pradesh,KHARGONE,2006,Kharif,Urad,6148,2364,0.38451529
Madhya Pradesh,KHARGONE,2006,Rabi,Gram,7497,4769,0.636121115
Madhya Pradesh,KHARGONE,2006,Rabi,Linseed,37,17,0.459459459
Madhya Pradesh,KHARGONE,2006,Rabi,Masoor,29,14,0.482758621
Madhya Pradesh,KHARGONE,2006,Rabi,Moong(Green Gram),2,1,0.5
Madhya Pradesh,KHARGONE,2006,Rabi,Peas & beans (Pulses),39,23,0.58974359
Madhya Pradesh,KHARGONE,2006,Rabi,Rapeseed &Mustard,25,15,0.6
Madhya Pradesh,KHARGONE,2006,Rabi,Small millets,13,,
Madhya Pradesh,KHARGONE,2006,Rabi,Wheat,62819,157695,2.510307391
Madhya Pradesh,KHARGONE,2006,Whole Year,Banana,370,7861,21.24594595
Madhya Pradesh,KHARGONE,2006,Whole Year,Coriander,443,156,0.35214447
Madhya Pradesh,KHARGONE,2006,Whole Year,Dry chillies,12429,11208,0.901762008
Madhya Pradesh,KHARGONE,2006,Whole Year,Garlic,68,177,2.602941176
Madhya Pradesh,KHARGONE,2006,Whole Year,Onion,900,7523,8.358888889
Madhya Pradesh,KHARGONE,2006,Whole Year,Potato,84,834,9.928571429
Madhya Pradesh,KHARGONE,2006,Whole Year,Sesamum,909,291,0.320132013
Madhya Pradesh,KHARGONE,2006,Whole Year,Sugarcane,1378,51260,37.1988389
Madhya Pradesh,KHARGONE,2006,Whole Year,Sweet potato,42,256,6.095238095
Madhya Pradesh,KHARGONE,2006,Whole Year,Turmeric,24,24,1
Madhya Pradesh,KHARGONE,2007,Kharif,Arhar/Tur,13772,6771,0.491649724
Madhya Pradesh,KHARGONE,2007,Kharif,Bajra,1398,679,0.485693848
Madhya Pradesh,KHARGONE,2007,Kharif,Castor seed,202,84,0.415841584
Madhya Pradesh,KHARGONE,2007,Kharif,Cotton(lint),196951,46165,0.234398404
Madhya Pradesh,KHARGONE,2007,Kharif,Groundnut,11559,10532,0.911151484
Madhya Pradesh,KHARGONE,2007,Kharif,Horse-gram,1107,332,0.299909666
Madhya Pradesh,KHARGONE,2007,Kharif,Jowar,63574,75971,1.195001101
Madhya Pradesh,KHARGONE,2007,Kharif,Maize,19758,26310,1.331612511
Madhya Pradesh,KHARGONE,2007,Kharif,Rice,3541,2391,0.675232985
Madhya Pradesh,KHARGONE,2007,Kharif,Sannhamp,409,928,2.268948655
Madhya Pradesh,KHARGONE,2007,Kharif,Soyabean,53619,40476,0.754881665
Madhya Pradesh,KHARGONE,2007,Kharif,Urad,5743,2327,0.405188926
Madhya Pradesh,KHARGONE,2007,Rabi,Gram,7330,4152,0.566439291
Madhya Pradesh,KHARGONE,2007,Rabi,Jowar,2,2,1
Madhya Pradesh,KHARGONE,2007,Rabi,Linseed,27,12,0.444444444
Madhya Pradesh,KHARGONE,2007,Rabi,Masoor,16,6,0.375
Madhya Pradesh,KHARGONE,2007,Rabi,Rapeseed &Mustard,10,6,0.6
Madhya Pradesh,KHARGONE,2007,Rabi,Wheat,71111,181757,2.555961806
Madhya Pradesh,KHARGONE,2007,Whole Year,Banana,175,8728,49.87428571
Madhya Pradesh,KHARGONE,2007,Whole Year,Coriander,541,187,0.345656192
Madhya Pradesh,KHARGONE,2007,Whole Year,Garlic,44,120,2.727272727
Madhya Pradesh,KHARGONE,2007,Whole Year,Onion,1050,8207,7.816190476
Madhya Pradesh,KHARGONE,2007,Whole Year,Potato,85,860,10.11764706
Madhya Pradesh,KHARGONE,2007,Whole Year,Sesamum,849,357,0.4204947
Madhya Pradesh,KHARGONE,2007,Whole Year,Small millets,178,47,0.264044944
Madhya Pradesh,KHARGONE,2007,Whole Year,Sugarcane,1083,37190,34.33979686
Madhya Pradesh,KHARGONE,2007,Whole Year,Sweet potato,88,432,4.909090909
Madhya Pradesh,KHARGONE,2007,Whole Year,Turmeric,34,35,1.029411765
Madhya Pradesh,KHARGONE,2008,Kharif,Arhar/Tur,14746,6645,0.45063068
Madhya Pradesh,KHARGONE,2008,Kharif,Bajra,1213,534,0.440230833
Madhya Pradesh,KHARGONE,2008,Kharif,Castor seed,134,42,0.313432836
Madhya Pradesh,KHARGONE,2008,Kharif,Cotton(lint),203387,50441,0.248005035
Madhya Pradesh,KHARGONE,2008,Kharif,Groundnut,11123,9687,0.870898139
Madhya Pradesh,KHARGONE,2008,Kharif,Horse-gram,1134,247,0.217813051
Madhya Pradesh,KHARGONE,2008,Kharif,Jowar,58494,72942,1.246999692
Madhya Pradesh,KHARGONE,2008,Kharif,Maize,20262,21347,1.053548514
Madhya Pradesh,KHARGONE,2008,Kharif,Rice,3226,2116,0.655920645
Madhya Pradesh,KHARGONE,2008,Kharif,Sannhamp,401,128,0.319201995
Madhya Pradesh,KHARGONE,2008,Kharif,Soyabean,52813,33885,0.641603393
Madhya Pradesh,KHARGONE,2008,Kharif,Sunflower,4,2,0.5
Madhya Pradesh,KHARGONE,2008,Kharif,Urad,5076,1568,0.308904649
Madhya Pradesh,KHARGONE,2008,Rabi,Gram,6108,2935,0.480517354
Madhya Pradesh,KHARGONE,2008,Rabi,Linseed,27,11,0.407407407
Madhya Pradesh,KHARGONE,2008,Rabi,Masoor,9,3,0.333333333
Madhya Pradesh,KHARGONE,2008,Rabi,Peas & beans (Pulses),28,13,0.464285714
Madhya Pradesh,KHARGONE,2008,Rabi,Rapeseed &Mustard,9,5,0.555555556
Madhya Pradesh,KHARGONE,2008,Rabi,Wheat,42385,98463,2.323062404
Madhya Pradesh,KHARGONE,2008,Whole Year,Banana,153,5843,38.18954248
Madhya Pradesh,KHARGONE,2008,Whole Year,Coriander,414,141,0.34057971
Madhya Pradesh,KHARGONE,2008,Whole Year,Garlic,38,87,2.289473684
Madhya Pradesh,KHARGONE,2008,Whole Year,Onion,510,3140,6.156862745
Madhya Pradesh,KHARGONE,2008,Whole Year,Potato,57,400,7.01754386
Madhya Pradesh,KHARGONE,2008,Whole Year,Sesamum,776,245,0.315721649
Madhya Pradesh,KHARGONE,2008,Whole Year,Small millets,469,118,0.251599147
Madhya Pradesh,KHARGONE,2008,Whole Year,Sugarcane,887,29950,33.76550169
Madhya Pradesh,KHARGONE,2008,Whole Year,Sweet potato,21,99,4.714285714
Madhya Pradesh,KHARGONE,2008,Whole Year,Turmeric,17,21,1.235294118
Madhya Pradesh,KHARGONE,2009,Kharif,Horse-gram,742,181,0.24393531
Madhya Pradesh,KHARGONE,2009,Kharif,Jowar,54972,93013,1.69200684
Madhya Pradesh,KHARGONE,2009,Kharif,Moong(Green Gram),8782,3047,0.34695969
Madhya Pradesh,KHARGONE,2009,Kharif,Urad,4495,1543,0.3432703
Madhya Pradesh,KHARGONE,2009,Rabi,Jowar,1,2,2
Madhya Pradesh,KHARGONE,2009,Rabi,Moong(Green Gram),30,5,0.166666667
Madhya Pradesh,KHARGONE,2009,Whole Year,Arhar/Tur,13244,6336,0.478405316
Madhya Pradesh,KHARGONE,2009,Whole Year,Bajra,1123,513,0.45681211
Madhya Pradesh,KHARGONE,2009,Whole Year,Banana,139,6364,45.78417266
Madhya Pradesh,KHARGONE,2009,Whole Year,Castor seed,125,49,0.392
Madhya Pradesh,KHARGONE,2009,Whole Year,Coriander,534,184,0.344569288
Madhya Pradesh,KHARGONE,2009,Whole Year,Cotton(lint),214352,45141,0.210592857
Madhya Pradesh,KHARGONE,2009,Whole Year,Dry chillies,13934,21912,1.572556337
Madhya Pradesh,KHARGONE,2009,Whole Year,Dry ginger,111,120,1.081081081
Madhya Pradesh,KHARGONE,2009,Whole Year,Garlic,40,91,2.275
Madhya Pradesh,KHARGONE,2009,Whole Year,Gram,9227,5615,0.608540154
Madhya Pradesh,KHARGONE,2009,Whole Year,Groundnut,10286,8582,0.834337935
Madhya Pradesh,KHARGONE,2009,Whole Year,Linseed,38,18,0.473684211
Madhya Pradesh,KHARGONE,2009,Whole Year,Maize,20736,19781,0.95394483
Madhya Pradesh,KHARGONE,2009,Whole Year,Masoor,54,22,0.407407407
Madhya Pradesh,KHARGONE,2009,Whole Year,Mesta,66,24,0.363636364
Madhya Pradesh,KHARGONE,2009,Whole Year,Onion,1005,6412,6.380099502
Madhya Pradesh,KHARGONE,2009,Whole Year,Peas & beans (Pulses),71,40,0.563380282
Madhya Pradesh,KHARGONE,2009,Whole Year,Potato,123,959,7.796747967
Madhya Pradesh,KHARGONE,2009,Whole Year,Rapeseed &Mustard,49,30,0.612244898
Madhya Pradesh,KHARGONE,2009,Whole Year,Rice,3211,1731,0.539084397
Madhya Pradesh,KHARGONE,2009,Whole Year,Sannhamp,367,125,0.340599455
Madhya Pradesh,KHARGONE,2009,Whole Year,Sesamum,639,242,0.378716745
Madhya Pradesh,KHARGONE,2009,Whole Year,Soyabean,48200,33930,0.703941909
Madhya Pradesh,KHARGONE,2009,Whole Year,Sugarcane,776,27530,35.47680412
Madhya Pradesh,KHARGONE,2009,Whole Year,Sunflower,7,3,0.428571429
Madhya Pradesh,KHARGONE,2009,Whole Year,Sweet potato,40,200,5
Madhya Pradesh,KHARGONE,2009,Whole Year,Turmeric,24,29,1.208333333
Madhya Pradesh,KHARGONE,2009,Whole Year,Wheat,82828,224946,2.715820737
Madhya Pradesh,KHARGONE,2010,Kharif,Arhar/Tur,14003,3228,0.230522031
Madhya Pradesh,KHARGONE,2010,Kharif,Bajra,1063,608,0.571966134
Madhya Pradesh,KHARGONE,2010,Kharif,Castor seed,203,89,0.438423645
Madhya Pradesh,KHARGONE,2010,Kharif,Cotton(lint),199313,366717,1.839905074
Madhya Pradesh,KHARGONE,2010,Kharif,Groundnut,9664,11135,1.152214404
Madhya Pradesh,KHARGONE,2010,Kharif,Horse-gram,727,196,0.2696011
Madhya Pradesh,KHARGONE,2010,Kharif,Jowar,55929,85404,1.527007456
Madhya Pradesh,KHARGONE,2010,Kharif,Maize,24620,31233,1.268602762
Madhya Pradesh,KHARGONE,2010,Kharif,Moong(Green Gram),20911,8162,0.390320884
Madhya Pradesh,KHARGONE,2010,Kharif,Rice,2762,2211,0.800506879
Madhya Pradesh,KHARGONE,2010,Kharif,Soyabean,43670,27719,0.634737806
Madhya Pradesh,KHARGONE,2010,Kharif,Urad,8728,3236,0.37076077
Madhya Pradesh,KHARGONE,2010,Rabi,Gram,8964,4808,0.536367693
Madhya Pradesh,KHARGONE,2010,Rabi,Jowar,2,2,1
Madhya Pradesh,KHARGONE,2010,Rabi,Linseed,13,5,0.384615385
Madhya Pradesh,KHARGONE,2010,Rabi,Masoor,23,6,0.260869565
Madhya Pradesh,KHARGONE,2010,Rabi,Moong(Green Gram),10,2,0.2
Madhya Pradesh,KHARGONE,2010,Rabi,Peas & beans (Pulses),56,22,0.392857143
Madhya Pradesh,KHARGONE,2010,Rabi,Rapeseed &Mustard,16,9,0.5625
Madhya Pradesh,KHARGONE,2010,Rabi,Wheat,92036,276617,3.005530445
Madhya Pradesh,KHARGONE,2010,Whole Year,Banana,150,5579,37.19333333
Madhya Pradesh,KHARGONE,2010,Whole Year,Coriander,566,221,0.390459364
Madhya Pradesh,KHARGONE,2010,Whole Year,Dry chillies,14712,38158,2.593665035
Madhya Pradesh,KHARGONE,2010,Whole Year,Dry ginger,126,132,1.047619048
Madhya Pradesh,KHARGONE,2010,Whole Year,Garlic,61,116,1.901639344
Madhya Pradesh,KHARGONE,2010,Whole Year,Mesta,66,170,2.575757576
Madhya Pradesh,KHARGONE,2010,Whole Year,Onion,1192,9396,7.882550336
Madhya Pradesh,KHARGONE,2010,Whole Year,Potato,54,480,8.888888889
Madhya Pradesh,KHARGONE,2010,Whole Year,Sannhamp,291,556,1.910652921
Madhya Pradesh,KHARGONE,2010,Whole Year,Sesamum,561,218,0.3885918
Madhya Pradesh,KHARGONE,2010,Whole Year,Sugarcane,615,22530,36.63414634
Madhya Pradesh,KHARGONE,2010,Whole Year,Sweet potato,76,345,4.539473684
Madhya Pradesh,KHARGONE,2010,Whole Year,Turmeric,9,8,0.888888889
Madhya Pradesh,KHARGONE,2011,Kharif,Arhar/Tur,14817,4572,0.308564487
Madhya Pradesh,KHARGONE,2011,Kharif,Bajra,1022,418,0.409001957
Madhya Pradesh,KHARGONE,2011,Kharif,Castor seed,503,171,0.339960239
Madhya Pradesh,KHARGONE,2011,Kharif,Cotton(lint),236990,407732,1.720460779
Madhya Pradesh,KHARGONE,2011,Kharif,Groundnut,8308,11546,1.389744824
Madhya Pradesh,KHARGONE,2011,Kharif,Horse-gram,814,119,0.146191646
Madhya Pradesh,KHARGONE,2011,Kharif,Jowar,39190,53965,1.377009441
Madhya Pradesh,KHARGONE,2011,Kharif,Maize,23090,27096,1.173495019
Madhya Pradesh,KHARGONE,2011,Kharif,Mesta,45,81,1.8
Madhya Pradesh,KHARGONE,2011,Kharif,Moong(Green Gram),8184,1811,0.221285435
Madhya Pradesh,KHARGONE,2011,Kharif,Other Kharif pulses,443,,
Madhya Pradesh,KHARGONE,2011,Kharif,Rice,2024,1711,0.845355731
Madhya Pradesh,KHARGONE,2011,Kharif,Sannhamp,121,128,1.05785124
Madhya Pradesh,KHARGONE,2011,Kharif,Soyabean,41083,23722,0.57741645
Madhya Pradesh,KHARGONE,2011,Kharif,Urad,4279,859,0.200747838
Madhya Pradesh,KHARGONE,2011,Rabi,Gram,7820,5273,0.674296675
Madhya Pradesh,KHARGONE,2011,Rabi,Linseed,10,5,0.5
Madhya Pradesh,KHARGONE,2011,Rabi,Masoor,2,1,0.5
Madhya Pradesh,KHARGONE,2011,Rabi,Peas & beans (Pulses),49,20,0.408163265
Madhya Pradesh,KHARGONE,2011,Rabi,Rapeseed &Mustard,7,5,0.714285714
Madhya Pradesh,KHARGONE,2011,Rabi,Wheat,88847,262543,2.955001294
Madhya Pradesh,KHARGONE,2011,Whole Year,Banana,214,5711,26.68691589
Madhya Pradesh,KHARGONE,2011,Whole Year,Coriander,597,224,0.37520938
Madhya Pradesh,KHARGONE,2011,Whole Year,Dry chillies,14603,25403,1.73957406
Madhya Pradesh,KHARGONE,2011,Whole Year,Dry ginger,368,293,0.796195652
Madhya Pradesh,KHARGONE,2011,Whole Year,Garlic,53,83,1.566037736
Madhya Pradesh,KHARGONE,2011,Whole Year,Onion,887,6592,7.431792559
Madhya Pradesh,KHARGONE,2011,Whole Year,Potato,71,636,8.957746479
Madhya Pradesh,KHARGONE,2011,Whole Year,Sesamum,330,136,0.412121212
Madhya Pradesh,KHARGONE,2011,Whole Year,Sugarcane,1074,28650,26.67597765
Madhya Pradesh,KHARGONE,2011,Whole Year,Sweet potato,72,315,4.375
Madhya Pradesh,KHARGONE,2011,Whole Year,Turmeric,46,41,0.891304348
Madhya Pradesh,KHARGONE,2012,Kharif,Arhar/Tur,15304,7177,0.468962363
Madhya Pradesh,KHARGONE,2012,Kharif,Bajra,340,196,0.576470588
Madhya Pradesh,KHARGONE,2012,Kharif,Castor seed,931,404,0.433941998
Madhya Pradesh,KHARGONE,2012,Kharif,Cotton(lint),226938,311783,1.373868634
Madhya Pradesh,KHARGONE,2012,Kharif,Groundnut,6869,7611,1.108021546
Madhya Pradesh,KHARGONE,2012,Kharif,Horse-gram,117,27,0.230769231
Madhya Pradesh,KHARGONE,2012,Kharif,Jowar,34562,61624,1.782998669
Madhya Pradesh,KHARGONE,2012,Kharif,Maize,29236,85260,2.916267615
Madhya Pradesh,KHARGONE,2012,Kharif,Mesta,14,5,0.357142857
Madhya Pradesh,KHARGONE,2012,Kharif,Moong(Green Gram),5788,1494,0.258120249
Madhya Pradesh,KHARGONE,2012,Kharif,Other Kharif pulses,227,,
Madhya Pradesh,KHARGONE,2012,Kharif,Rice,1934,1256,0.649431231
Madhya Pradesh,KHARGONE,2012,Kharif,Sannhamp,100,139,1.39
Madhya Pradesh,KHARGONE,2012,Kharif,Small millets,9,2,0.222222222
Madhya Pradesh,KHARGONE,2012,Kharif,Soyabean,48996,47668,0.972895747
Madhya Pradesh,KHARGONE,2012,Kharif,Urad,2244,517,0.230392157
Madhya Pradesh,KHARGONE,2012,Rabi,Gram,12632,12630,0.999841672
Madhya Pradesh,KHARGONE,2012,Rabi,Jowar,8,14,1.75
Madhya Pradesh,KHARGONE,2012,Rabi,Linseed,17,7,0.411764706
Madhya Pradesh,KHARGONE,2012,Rabi,Masoor,10,4,0.4
Madhya Pradesh,KHARGONE,2012,Rabi,Peas & beans (Pulses),57,27,0.473684211
Madhya Pradesh,KHARGONE,2012,Rabi,Rapeseed &Mustard,15,10,0.666666667
Madhya Pradesh,KHARGONE,2012,Rabi,Wheat,101916,290562,2.850994937
Madhya Pradesh,KHARGONE,2012,Whole Year,Banana,276,6820,24.71014493
Madhya Pradesh,KHARGONE,2012,Whole Year,Coriander,685,202,0.294890511
Madhya Pradesh,KHARGONE,2012,Whole Year,Dry chillies,20858,41691,1.998801419
Madhya Pradesh,KHARGONE,2012,Whole Year,Dry ginger,61,50,0.819672131
Madhya Pradesh,KHARGONE,2012,Whole Year,Garlic,39,97,2.487179487
Madhya Pradesh,KHARGONE,2012,Whole Year,Onion,1113,11633,10.45193172
Madhya Pradesh,KHARGONE,2012,Whole Year,Potato,50,422,8.44
Madhya Pradesh,KHARGONE,2012,Whole Year,Sesamum,311,105,0.337620579
Madhya Pradesh,KHARGONE,2012,Whole Year,Sugarcane,731,28140,38.49521204
Madhya Pradesh,KHARGONE,2012,Whole Year,Sweet potato,51,264,5.176470588
Madhya Pradesh,KHARGONE,2012,Whole Year,Tobacco,10,5,0.5
Madhya Pradesh,KHARGONE,2012,Whole Year,Turmeric,59,58,0.983050847
Madhya Pradesh,KHARGONE,2013,Kharif,Arhar/Tur,14098,7850,0.55681657
Madhya Pradesh,KHARGONE,2013,Kharif,Bajra,409,205,0.501222494
Madhya Pradesh,KHARGONE,2013,Kharif,Castor seed,1046,312,0.298279159
Madhya Pradesh,KHARGONE,2013,Kharif,Cotton(lint),220210,369275,1.676922029
Madhya Pradesh,KHARGONE,2013,Kharif,Groundnut,7226,10372,1.435372267
Madhya Pradesh,KHARGONE,2013,Kharif,Horse-gram,193,34,0.176165803
Madhya Pradesh,KHARGONE,2013,Kharif,Jowar,31512,39106,1.24098756
Madhya Pradesh,KHARGONE,2013,Kharif,Maize,32126,60521,1.883863537
Madhya Pradesh,KHARGONE,2013,Kharif,Mesta,42,81,1.928571429
Madhya Pradesh,KHARGONE,2013,Kharif,Moong(Green Gram),5380,1728,0.321189591
Madhya Pradesh,KHARGONE,2013,Kharif,Other Kharif pulses,223,,
Madhya Pradesh,KHARGONE,2013,Kharif,Rice,1735,803,0.462824207
Madhya Pradesh,KHARGONE,2013,Kharif,Sannhamp,129,211,1.635658915
Madhya Pradesh,KHARGONE,2013,Kharif,Small millets,12,2,0.166666667
Madhya Pradesh,KHARGONE,2013,Kharif,Soyabean,54997,42287,0.768896485
Madhya Pradesh,KHARGONE,2013,Kharif,Urad,2549,767,0.300902315
Madhya Pradesh,KHARGONE,2013,Rabi,Gram,12483,10454,0.837458944
Madhya Pradesh,KHARGONE,2013,Rabi,Jowar,1,1,1
Madhya Pradesh,KHARGONE,2013,Rabi,Linseed,13,1,0.076923077
Madhya Pradesh,KHARGONE,2013,Rabi,Masoor,5,2,0.4
Madhya Pradesh,KHARGONE,2013,Rabi,Moong(Green Gram),22,5,0.227272727
Madhya Pradesh,KHARGONE,2013,Rabi,Peas & beans (Pulses),62,27,0.435483871
Madhya Pradesh,KHARGONE,2013,Rabi,Rapeseed &Mustard,34,23,0.676470588
Madhya Pradesh,KHARGONE,2013,Rabi,Safflower,2,1,0.5
Madhya Pradesh,KHARGONE,2013,Rabi,Wheat,125694,310087,2.46699922
Madhya Pradesh,KHARGONE,2013,Whole Year,Banana,337,6570,19.49554896
Madhya Pradesh,KHARGONE,2013,Whole Year,Coriander,875,281,0.321142857
Madhya Pradesh,KHARGONE,2013,Whole Year,Dry chillies,22872,31601,1.38164568
Madhya Pradesh,KHARGONE,2013,Whole Year,Dry ginger,68,56,0.823529412
Madhya Pradesh,KHARGONE,2013,Whole Year,Garlic,31,91,2.935483871
Madhya Pradesh,KHARGONE,2013,Whole Year,Onion,1519,5962,3.924950625
Madhya Pradesh,KHARGONE,2013,Whole Year,Potato,71,583,8.211267606
Madhya Pradesh,KHARGONE,2013,Whole Year,Sesamum,279,140,0.501792115
Madhya Pradesh,KHARGONE,2013,Whole Year,Sugarcane,1142,55200,48.33625219
Madhya Pradesh,KHARGONE,2013,Whole Year,Sweet potato,50,183,3.66
Madhya Pradesh,KHARGONE,2013,Whole Year,Turmeric,54,50,0.925925926
Madhya Pradesh,MANDLA,1997,Kharif,Jowar,400,200,0.5
Madhya Pradesh,MANDLA,1997,Kharif,Maize,35300,52400,1.484419263
Madhya Pradesh,MANDLA,1997,Kharif,Paddy,173800,106500,0.612773303
Madhya Pradesh,MANDLA,1997,Kharif,Sesamum,1700,400,0.235294118
Madhya Pradesh,MANDLA,1997,Kharif,Small millets,101300,12800,0.126357354
Madhya Pradesh,MANDLA,1997,Kharif,Soyabean,13000,12200,0.938461538
Madhya Pradesh,MANDLA,1997,Rabi,Barley,100,100,1
Madhya Pradesh,MANDLA,1997,Rabi,Linseed,13200,1300,0.098484848
Madhya Pradesh,MANDLA,1997,Rabi,Rapeseed &Mustard,31300,8500,0.271565495
Madhya Pradesh,MANDLA,1997,Rabi,Wheat,76900,27100,0.352405722
Madhya Pradesh,MANDLA,1998,Kharif,Arhar/Tur,2000,2300,1.15
Madhya Pradesh,MANDLA,1998,Kharif,Jowar,200,200,1
Madhya Pradesh,MANDLA,1998,Kharif,Maize,15000,22900,1.526666667
Madhya Pradesh,MANDLA,1998,Kharif,Rice,90100,42100,0.467258602
Madhya Pradesh,MANDLA,1998,Kharif,Sesamum,1500,300,0.2
Madhya Pradesh,MANDLA,1998,Kharif,Small millets,45100,12400,0.274944568
Madhya Pradesh,MANDLA,1998,Kharif,Soyabean,1800,1400,0.777777778
Madhya Pradesh,MANDLA,1998,Rabi,Gram,5200,4200,0.807692308
Madhya Pradesh,MANDLA,1998,Rabi,Linseed,6100,1700,0.278688525
Madhya Pradesh,MANDLA,1998,Rabi,Rapeseed &Mustard,13200,9500,0.71969697
Madhya Pradesh,MANDLA,1998,Rabi,Wheat,38900,37100,0.953727506
Madhya Pradesh,MANDLA,1998,Whole Year,Sugarcane,1944,29950,15.4063786
Madhya Pradesh,MANDLA,1999,Kharif,Arhar/Tur,2041,2036,0.99755022
Madhya Pradesh,MANDLA,1999,Kharif,Dry ginger,13,18,1.384615385
Madhya Pradesh,MANDLA,1999,Kharif,Groundnut,8,6,0.75
Madhya Pradesh,MANDLA,1999,Kharif,Jowar,242,209,0.863636364
Madhya Pradesh,MANDLA,1999,Kharif,Maize,17965,24930,1.387698302
Madhya Pradesh,MANDLA,1999,Kharif,Niger seed,8111,1496,0.184440883
Madhya Pradesh,MANDLA,1999,Kharif,Other Kharif pulses,3473,797,0.229484595
Madhya Pradesh,MANDLA,1999,Kharif,Ragi,8,2,0.25
Madhya Pradesh,MANDLA,1999,Kharif,Rice,107884,85898,0.796207037
Madhya Pradesh,MANDLA,1999,Kharif,Sesamum,1532,236,0.154046997
Madhya Pradesh,MANDLA,1999,Kharif,Soyabean,1535,1076,0.700977199
Madhya Pradesh,MANDLA,1999,Kharif,Urad,3426,784,0.228838295
Madhya Pradesh,MANDLA,1999,Rabi,Barley,48,43,0.895833333
Madhya Pradesh,MANDLA,1999,Rabi,Gram,5111,3129,0.612208961
Madhya Pradesh,MANDLA,1999,Rabi,Linseed,7077,1807,0.255334181
Madhya Pradesh,MANDLA,1999,Rabi,Other  Rabi pulses,32171,9451,0.293773896
Madhya Pradesh,MANDLA,1999,Rabi,Rapeseed &Mustard,16005,8732,0.545579506
Madhya Pradesh,MANDLA,1999,Rabi,Urad,10,3,0.3
Madhya Pradesh,MANDLA,1999,Rabi,Wheat,41716,31860,0.763735737
Madhya Pradesh,MANDLA,1999,Whole Year,Coriander,254,48,0.188976378
Madhya Pradesh,MANDLA,1999,Whole Year,Dry chillies,45,16,0.355555556
Madhya Pradesh,MANDLA,1999,Whole Year,Garlic,14,42,3
Madhya Pradesh,MANDLA,1999,Whole Year,Onion,170,1920,11.29411765
Madhya Pradesh,MANDLA,1999,Whole Year,Potato,193,1375,7.124352332
Madhya Pradesh,MANDLA,1999,Whole Year,Sannhamp,318,489,1.537735849
Madhya Pradesh,MANDLA,1999,Whole Year,Sugarcane,976,20690,21.19877049
Madhya Pradesh,MANDLA,1999,Whole Year,Sweet potato,183,831,4.540983607
Madhya Pradesh,MANDLA,1999,Whole Year,Turmeric,2,3,1.5
Madhya Pradesh,MANDLA,2000,Kharif,Arhar/Tur,1801,865,0.480288728
Madhya Pradesh,MANDLA,2000,Kharif,Dry ginger,5,4,0.8
Madhya Pradesh,MANDLA,2000,Kharif,Groundnut,6,4,0.666666667
Madhya Pradesh,MANDLA,2000,Kharif,Jowar,165,82,0.496969697
Madhya Pradesh,MANDLA,2000,Kharif,Maize,17818,29955,1.681165114
Madhya Pradesh,MANDLA,2000,Kharif,Niger seed,7553,737,0.097577122
Madhya Pradesh,MANDLA,2000,Kharif,Other Kharif pulses,3049,336,0.110200066
Madhya Pradesh,MANDLA,2000,Kharif,Rice,102010,35294,0.345985688
Madhya Pradesh,MANDLA,2000,Kharif,Sesamum,1535,163,0.106188925
Madhya Pradesh,MANDLA,2000,Kharif,Small millets,47563,4284,0.090070012
Madhya Pradesh,MANDLA,2000,Kharif,Soyabean,696,254,0.364942529
Madhya Pradesh,MANDLA,2000,Rabi,Barley,14,6,0.428571429
Madhya Pradesh,MANDLA,2000,Rabi,Gram,3157,1051,0.332910991
Madhya Pradesh,MANDLA,2000,Rabi,Linseed,3040,446,0.146710526
Madhya Pradesh,MANDLA,2000,Rabi,Other  Rabi pulses,15642,2295,0.146720368
Madhya Pradesh,MANDLA,2000,Rabi,Rapeseed &Mustard,12292,3010,0.244874715
Madhya Pradesh,MANDLA,2000,Rabi,Wheat,23442,9133,0.389599863
Madhya Pradesh,MANDLA,2000,Whole Year,Coriander,193,20,0.103626943
Madhya Pradesh,MANDLA,2000,Whole Year,Dry chillies,50,9,0.18
Madhya Pradesh,MANDLA,2000,Whole Year,Garlic,15,45,3
Madhya Pradesh,MANDLA,2000,Whole Year,Onion,176,2587,14.69886364
Madhya Pradesh,MANDLA,2000,Whole Year,Sannhamp,234,189,0.807692308
Madhya Pradesh,MANDLA,2000,Whole Year,Sugarcane,2096,32720,15.61068702
Madhya Pradesh,MANDLA,2000,Whole Year,Turmeric,1,1,1
Madhya Pradesh,MANDLA,2001,Kharif,Arhar/Tur,2281,2531,1.109601052
Madhya Pradesh,MANDLA,2001,Kharif,Dry ginger,37,50,1.351351351
Madhya Pradesh,MANDLA,2001,Kharif,Groundnut,6,5,0.833333333
Madhya Pradesh,MANDLA,2001,Kharif,Jowar,242,228,0.94214876
Madhya Pradesh,MANDLA,2001,Kharif,Maize,17938,35766,1.993867767
Madhya Pradesh,MANDLA,2001,Kharif,Niger seed,7860,1562,0.198727735
Madhya Pradesh,MANDLA,2001,Kharif,Other Kharif pulses,2997,729,0.243243243
Madhya Pradesh,MANDLA,2001,Kharif,Rice,109899,82824,0.753637431
Madhya Pradesh,MANDLA,2001,Kharif,Sesamum,1590,325,0.204402516
Madhya Pradesh,MANDLA,2001,Kharif,Small millets,47422,10167,0.214394163
Madhya Pradesh,MANDLA,2001,Kharif,Soyabean,350,268,0.765714286
Madhya Pradesh,MANDLA,2001,Rabi,Barley,26,24,0.923076923
Madhya Pradesh,MANDLA,2001,Rabi,Gram,3969,2792,0.703451751
Madhya Pradesh,MANDLA,2001,Rabi,Linseed,4468,1295,0.289838854
Madhya Pradesh,MANDLA,2001,Rabi,Other  Rabi pulses,25054,7845,0.313123653
Madhya Pradesh,MANDLA,2001,Rabi,Rapeseed &Mustard,15683,9351,0.596250717
Madhya Pradesh,MANDLA,2001,Rabi,Wheat,30715,26454,0.861272994
Madhya Pradesh,MANDLA,2001,Whole Year,Coriander,247,48,0.194331984
Madhya Pradesh,MANDLA,2001,Whole Year,Dry chillies,51,17,0.333333333
Madhya Pradesh,MANDLA,2001,Whole Year,Garlic,13,38,2.923076923
Madhya Pradesh,MANDLA,2001,Whole Year,Onion,175,2573,14.70285714
Madhya Pradesh,MANDLA,2001,Whole Year,Potato,143,1309,9.153846154
Madhya Pradesh,MANDLA,2001,Whole Year,Sannhamp,244,367,1.504098361
Madhya Pradesh,MANDLA,2001,Whole Year,Sugarcane,651,13530,20.78341014
Madhya Pradesh,MANDLA,2001,Whole Year,Sweet potato,146,650,4.452054795
Madhya Pradesh,MANDLA,2001,Whole Year,Turmeric,1,1,1
Madhya Pradesh,MANDLA,2002,Kharif,Arhar/Tur,2704,2068,0.764792899
Madhya Pradesh,MANDLA,2002,Kharif,Dry ginger,35,51,1.457142857
Madhya Pradesh,MANDLA,2002,Kharif,Groundnut,15,10,0.666666667
Madhya Pradesh,MANDLA,2002,Kharif,Jowar,164,125,0.762195122
Madhya Pradesh,MANDLA,2002,Kharif,Maize,18141,29341,1.617386032
Madhya Pradesh,MANDLA,2002,Kharif,Niger seed,7853,1447,0.184260792
Madhya Pradesh,MANDLA,2002,Kharif,Other Kharif pulses,2777,599,0.215700396
Madhya Pradesh,MANDLA,2002,Kharif,Rice,109462,61210,0.55918949
Madhya Pradesh,MANDLA,2002,Kharif,Sesamum,1610,323,0.200621118
Madhya Pradesh,MANDLA,2002,Kharif,Small millets,45861,9216,0.20095506
Madhya Pradesh,MANDLA,2002,Kharif,Soyabean,232,132,0.568965517
Madhya Pradesh,MANDLA,2002,Rabi,Barley,22,22,1
Madhya Pradesh,MANDLA,2002,Rabi,Gram,4488,3142,0.700089127
Madhya Pradesh,MANDLA,2002,Rabi,Linseed,4080,1209,0.296323529
Madhya Pradesh,MANDLA,2002,Rabi,Other  Rabi pulses,27045,7645,0.28267702
Madhya Pradesh,MANDLA,2002,Rabi,Rapeseed &Mustard,15657,9807,0.626365204
Madhya Pradesh,MANDLA,2002,Rabi,Wheat,29240,22622,0.773666211
Madhya Pradesh,MANDLA,2002,Whole Year,Bhindi,164,0,0
Madhya Pradesh,MANDLA,2002,Whole Year,Brinjal,257,0,0
Madhya Pradesh,MANDLA,2002,Whole Year,Cauliflower,96,0,0
Madhya Pradesh,MANDLA,2002,Whole Year,Citrus Fruit,1,0,0
Madhya Pradesh,MANDLA,2002,Whole Year,Coriander,272,52,0.191176471
Madhya Pradesh,MANDLA,2002,Whole Year,Dry chillies,56,23,0.410714286
Madhya Pradesh,MANDLA,2002,Whole Year,Garlic,23,65,2.826086957
Madhya Pradesh,MANDLA,2002,Whole Year,Mango,27,0,0
Madhya Pradesh,MANDLA,2002,Whole Year,Onion,193,2727,14.12953368
Madhya Pradesh,MANDLA,2002,Whole Year,Other Fresh Fruits,63,0,0
Madhya Pradesh,MANDLA,2002,Whole Year,Other Vegetables,103,0,0
Madhya Pradesh,MANDLA,2002,Whole Year,Pome Fruit,32,0,0
Madhya Pradesh,MANDLA,2002,Whole Year,Potato,166,1372,8.265060241
Madhya Pradesh,MANDLA,2002,Whole Year,Sannhamp,233,344,1.47639485
Madhya Pradesh,MANDLA,2002,Whole Year,Sugarcane,1367,30690,22.4506218
Madhya Pradesh,MANDLA,2002,Whole Year,Sweet potato,131,572,4.366412214
Madhya Pradesh,MANDLA,2002,Whole Year,Tomato,236,0,0
Madhya Pradesh,MANDLA,2003,Kharif,Arhar/Tur,3549,3236,0.911806143
Madhya Pradesh,MANDLA,2003,Kharif,Dry ginger,32,40,1.25
Madhya Pradesh,MANDLA,2003,Kharif,Groundnut,13,11,0.846153846
Madhya Pradesh,MANDLA,2003,Kharif,Horse-gram,6,2,0.333333333
Madhya Pradesh,MANDLA,2003,Kharif,Jowar,202,199,0.985148515
Madhya Pradesh,MANDLA,2003,Kharif,Maize,18262,33212,1.818639798
Madhya Pradesh,MANDLA,2003,Kharif,Niger seed,7863,1734,0.220526517
Madhya Pradesh,MANDLA,2003,Kharif,Other Kharif pulses,2633,651,0.247246487
Madhya Pradesh,MANDLA,2003,Kharif,Ragi,5,1,0.2
Madhya Pradesh,MANDLA,2003,Kharif,Rice,112551,88553,0.786781104
Madhya Pradesh,MANDLA,2003,Kharif,Sesamum,1692,451,0.266548463
Madhya Pradesh,MANDLA,2003,Kharif,Small millets,44409,11155,0.251187822
Madhya Pradesh,MANDLA,2003,Kharif,Soyabean,183,151,0.825136612
Madhya Pradesh,MANDLA,2003,Kharif,Urad,2613,634,0.242632989
Madhya Pradesh,MANDLA,2003,Rabi,Barley,19,19,1
Madhya Pradesh,MANDLA,2003,Rabi,Gram,4777,3418,0.715511828
Madhya Pradesh,MANDLA,2003,Rabi,Linseed,4428,1578,0.356368564
Madhya Pradesh,MANDLA,2003,Rabi,Other  Rabi pulses,29203,9434,0.323049002
Madhya Pradesh,MANDLA,2003,Rabi,Rapeseed &Mustard,16240,13147,0.809544335
Madhya Pradesh,MANDLA,2003,Rabi,Urad,7,1,0.142857143
Madhya Pradesh,MANDLA,2003,Rabi,Wheat,30544,26780,0.876767941
Madhya Pradesh,MANDLA,2003,Whole Year,Bhindi,172,0,0
Madhya Pradesh,MANDLA,2003,Whole Year,Brinjal,240,0,0
Madhya Pradesh,MANDLA,2003,Whole Year,Cauliflower,110,0,0
Madhya Pradesh,MANDLA,2003,Whole Year,Citrus Fruit,1,0,0
Madhya Pradesh,MANDLA,2003,Whole Year,Coriander,265,62,0.233962264
Madhya Pradesh,MANDLA,2003,Whole Year,Dry chillies,54,23,0.425925926
Madhya Pradesh,MANDLA,2003,Whole Year,Garlic,18,50,2.777777778
Madhya Pradesh,MANDLA,2003,Whole Year,Mango,25,0,0
Madhya Pradesh,MANDLA,2003,Whole Year,Onion,221,3363,15.21719457
Madhya Pradesh,MANDLA,2003,Whole Year,Other Fresh Fruits,46,0,0
Madhya Pradesh,MANDLA,2003,Whole Year,Other Vegetables,148,0,0
Madhya Pradesh,MANDLA,2003,Whole Year,Pome Fruit,20,0,0
Madhya Pradesh,MANDLA,2003,Whole Year,Potato,198,1938,9.787878788
Madhya Pradesh,MANDLA,2003,Whole Year,Sannhamp,367,578,1.57493188
Madhya Pradesh,MANDLA,2003,Whole Year,Sugarcane,962,21590,22.44282744
Madhya Pradesh,MANDLA,2003,Whole Year,Sweet potato,106,491,4.632075472
Madhya Pradesh,MANDLA,2003,Whole Year,Tomato,234,0,0
Madhya Pradesh,MANDLA,2003,Whole Year,Turmeric,4,5,1.25
Madhya Pradesh,MANDLA,2003,Whole Year,Water Melon,11,0,0
Madhya Pradesh,MANDLA,2004,Kharif,Arhar/Tur,3435,2986,0.869286754
Madhya Pradesh,MANDLA,2004,Kharif,Dry ginger,30,35,1.166666667
Madhya Pradesh,MANDLA,2004,Kharif,Groundnut,18,17,0.944444444
Madhya Pradesh,MANDLA,2004,Kharif,Horse-gram,6,2,0.333333333
Madhya Pradesh,MANDLA,2004,Kharif,Jowar,186,174,0.935483871
Madhya Pradesh,MANDLA,2004,Kharif,Maize,18254,25031,1.371261093
Madhya Pradesh,MANDLA,2004,Kharif,Niger seed,8146,1767,0.216916278
Madhya Pradesh,MANDLA,2004,Kharif,Ragi,3,1,0.333333333
Madhya Pradesh,MANDLA,2004,Kharif,Rice,114146,74956,0.656667776
Madhya Pradesh,MANDLA,2004,Kharif,Sesamum,1726,494,0.286210892
Madhya Pradesh,MANDLA,2004,Kharif,Small millets,43196,9574,0.221640893
Madhya Pradesh,MANDLA,2004,Kharif,Soyabean,542,402,0.741697417
Madhya Pradesh,MANDLA,2004,Kharif,Urad,2353,560,0.23799405
Madhya Pradesh,MANDLA,2004,Rabi,Barley,14,13,0.928571429
Madhya Pradesh,MANDLA,2004,Rabi,Gram,4806,3357,0.698501873
Madhya Pradesh,MANDLA,2004,Rabi,Jowar,6,7,1.166666667
Madhya Pradesh,MANDLA,2004,Rabi,Linseed,4390,1637,0.372892938
Madhya Pradesh,MANDLA,2004,Rabi,Masoor,13110,5312,0.40518688
Madhya Pradesh,MANDLA,2004,Rabi,Rapeseed &Mustard,16220,13337,0.822256473
Madhya Pradesh,MANDLA,2004,Rabi,Urad,6,2,0.333333333
Madhya Pradesh,MANDLA,2004,Rabi,Wheat,29522,26631,0.90207303
Madhya Pradesh,MANDLA,2004,Whole Year,Coriander,316,73,0.231012658
Madhya Pradesh,MANDLA,2004,Whole Year,Garlic,21,58,2.761904762
Madhya Pradesh,MANDLA,2004,Whole Year,Onion,230,4077,17.72608696
Madhya Pradesh,MANDLA,2004,Whole Year,Potato,210,2295,10.92857143
Madhya Pradesh,MANDLA,2004,Whole Year,Sugarcane,1233,28700,23.27656123
Madhya Pradesh,MANDLA,2004,Whole Year,Sweet potato,104,499,4.798076923
Madhya Pradesh,MANDLA,2004,Whole Year,Turmeric,5,6,1.2
Madhya Pradesh,MANDLA,2005,Kharif,Arhar/Tur,3623,2940,0.811482197
Madhya Pradesh,MANDLA,2005,Kharif,Groundnut,18,14,0.777777778
Madhya Pradesh,MANDLA,2005,Kharif,Horse-gram,5,1,0.2
Madhya Pradesh,MANDLA,2005,Kharif,Jowar,178,148,0.831460674
Madhya Pradesh,MANDLA,2005,Kharif,Maize,17971,24234,1.348505926
Madhya Pradesh,MANDLA,2005,Kharif,Moong(Green Gram),12,4,0.333333333
Madhya Pradesh,MANDLA,2005,Kharif,Niger seed,8208,1632,0.198830409
Madhya Pradesh,MANDLA,2005,Kharif,Ragi,2,,
Madhya Pradesh,MANDLA,2005,Kharif,Rice,114873,75748,0.659406475
Madhya Pradesh,MANDLA,2005,Kharif,Sesamum,1620,631,0.389506173
Madhya Pradesh,MANDLA,2005,Kharif,Small millets,2577,215,0.083430345
Madhya Pradesh,MANDLA,2005,Kharif,Soyabean,551,385,0.698729583
Madhya Pradesh,MANDLA,2005,Kharif,Urad,2178,499,0.229109275
Madhya Pradesh,MANDLA,2005,Rabi,Barley,14,14,1
Madhya Pradesh,MANDLA,2005,Rabi,Gram,5348,3692,0.690351533
Madhya Pradesh,MANDLA,2005,Rabi,Linseed,4761,1672,0.351186725
Madhya Pradesh,MANDLA,2005,Rabi,Masoor,15279,6191,0.405196675
Madhya Pradesh,MANDLA,2005,Rabi,Peas & beans (Pulses),17377,4177,0.240375209
Madhya Pradesh,MANDLA,2005,Rabi,Rapeseed &Mustard,16147,13296,0.823434694
Madhya Pradesh,MANDLA,2005,Rabi,Urad,8,2,0.25
Madhya Pradesh,MANDLA,2005,Rabi,Wheat,29946,28086,0.937888199
Madhya Pradesh,MANDLA,2005,Whole Year,Onion,243,3444,14.17283951
Madhya Pradesh,MANDLA,2005,Whole Year,Potato,195,1869,9.584615385
Madhya Pradesh,MANDLA,2005,Whole Year,Sugarcane,1055,25000,23.69668246
Madhya Pradesh,MANDLA,2005,Whole Year,Sweet potato,105,504,4.8
Madhya Pradesh,MANDLA,2006,Kharif,Arhar/Tur,3770,2850,0.75596817
Madhya Pradesh,MANDLA,2006,Kharif,Dry ginger,25,35,1.4
Madhya Pradesh,MANDLA,2006,Kharif,Groundnut,13,9,0.692307692
Madhya Pradesh,MANDLA,2006,Kharif,Horse-gram,5,1,0.2
Madhya Pradesh,MANDLA,2006,Kharif,Jowar,153,136,0.888888889
Madhya Pradesh,MANDLA,2006,Kharif,Jute,275,439,1.596363636
Madhya Pradesh,MANDLA,2006,Kharif,Maize,18057,16072,0.890070333
Madhya Pradesh,MANDLA,2006,Kharif,Moong(Green Gram),19,6,0.315789474
Madhya Pradesh,MANDLA,2006,Kharif,Niger seed,8163,1623,0.198823962
Madhya Pradesh,MANDLA,2006,Kharif,Other Kharif pulses,37,11,0.297297297
Madhya Pradesh,MANDLA,2006,Kharif,Rice,114068,74021,0.648919942
Madhya Pradesh,MANDLA,2006,Kharif,Small millets,40860,8887,0.217498776
Madhya Pradesh,MANDLA,2006,Kharif,Soyabean,1251,800,0.639488409
Madhya Pradesh,MANDLA,2006,Kharif,Urad,2166,495,0.228531856
Madhya Pradesh,MANDLA,2006,Rabi,Gram,5099,3356,0.658168268
Madhya Pradesh,MANDLA,2006,Rabi,Khesari,1545,832,0.538511327
Madhya Pradesh,MANDLA,2006,Rabi,Linseed,4167,1497,0.35925126
Madhya Pradesh,MANDLA,2006,Rabi,Masoor,14112,5718,0.405187075
Madhya Pradesh,MANDLA,2006,Rabi,Moong(Green Gram),15,3,0.2
Madhya Pradesh,MANDLA,2006,Rabi,Other  Rabi pulses,34,10,0.294117647
Madhya Pradesh,MANDLA,2006,Rabi,Peas & beans (Pulses),15626,3756,0.240368616
Madhya Pradesh,MANDLA,2006,Rabi,Rapeseed &Mustard,14170,11601,0.818701482
Madhya Pradesh,MANDLA,2006,Rabi,Small millets,46,,
Madhya Pradesh,MANDLA,2006,Rabi,Urad,7,1,0.142857143
Madhya Pradesh,MANDLA,2006,Rabi,Wheat,29004,24844,0.856571507
Madhya Pradesh,MANDLA,2006,Whole Year,Coriander,280,65,0.232142857
Madhya Pradesh,MANDLA,2006,Whole Year,Dry chillies,53,27,0.509433962
Madhya Pradesh,MANDLA,2006,Whole Year,Garlic,26,72,2.769230769
Madhya Pradesh,MANDLA,2006,Whole Year,Onion,250,3271,13.084
Madhya Pradesh,MANDLA,2006,Whole Year,Potato,189,1799,9.518518519
Madhya Pradesh,MANDLA,2006,Whole Year,Sesamum,1507,489,0.324485733
Madhya Pradesh,MANDLA,2006,Whole Year,Sugarcane,1455,35080,24.10996564
Madhya Pradesh,MANDLA,2006,Whole Year,Sweet potato,111,533,4.801801802
Madhya Pradesh,MANDLA,2006,Whole Year,Turmeric,5,8,1.6
Madhya Pradesh,MANDLA,2007,Kharif,Arhar/Tur,3891,2834,0.728347469
Madhya Pradesh,MANDLA,2007,Kharif,Groundnut,11,8,0.727272727
Madhya Pradesh,MANDLA,2007,Kharif,Jowar,125,112,0.896
Madhya Pradesh,MANDLA,2007,Kharif,Maize,18070,20353,1.126342003
Madhya Pradesh,MANDLA,2007,Kharif,Niger seed,8314,1653,0.198821265
Madhya Pradesh,MANDLA,2007,Kharif,Rice,114204,77227,0.676219747
Madhya Pradesh,MANDLA,2007,Kharif,Sannhamp,268,77,0.287313433
Madhya Pradesh,MANDLA,2007,Kharif,Soyabean,2527,1811,0.716660071
Madhya Pradesh,MANDLA,2007,Kharif,Urad,2246,514,0.228851291
Madhya Pradesh,MANDLA,2007,Rabi,Barley,14,14,1
Madhya Pradesh,MANDLA,2007,Rabi,Gram,5521,3134,0.567650788
Madhya Pradesh,MANDLA,2007,Rabi,Khesari,1715,734,0.427988338
Madhya Pradesh,MANDLA,2007,Rabi,Linseed,4290,1399,0.326107226
Madhya Pradesh,MANDLA,2007,Rabi,Masoor,14446,5955,0.412224837
Madhya Pradesh,MANDLA,2007,Rabi,Peas & beans (Pulses),16755,4027,0.240346165
Madhya Pradesh,MANDLA,2007,Rabi,Rapeseed &Mustard,15040,12034,0.800132979
Madhya Pradesh,MANDLA,2007,Rabi,Urad,20,4,0.2
Madhya Pradesh,MANDLA,2007,Rabi,Wheat,29117,25260,0.86753443
Madhya Pradesh,MANDLA,2007,Whole Year,Coriander,294,68,0.231292517
Madhya Pradesh,MANDLA,2007,Whole Year,Garlic,33,91,2.757575758
Madhya Pradesh,MANDLA,2007,Whole Year,Onion,278,3147,11.32014388
Madhya Pradesh,MANDLA,2007,Whole Year,Potato,198,1768,8.929292929
Madhya Pradesh,MANDLA,2007,Whole Year,Sesamum,1457,600,0.411805079
Madhya Pradesh,MANDLA,2007,Whole Year,Small millets,167,37,0.221556886
Madhya Pradesh,MANDLA,2007,Whole Year,Sugarcane,1388,34610,24.9351585
Madhya Pradesh,MANDLA,2007,Whole Year,Sweet potato,118,567,4.805084746
Madhya Pradesh,MANDLA,2007,Whole Year,Turmeric,5,6,1.2
Madhya Pradesh,MANDLA,2008,Kharif,Arhar/Tur,4045,3597,0.889245983
Madhya Pradesh,MANDLA,2008,Kharif,Groundnut,8,6,0.75
Madhya Pradesh,MANDLA,2008,Kharif,Jowar,116,114,0.982758621
Madhya Pradesh,MANDLA,2008,Kharif,Maize,18079,20847,1.153105813
Madhya Pradesh,MANDLA,2008,Kharif,Niger seed,8324,1654,0.198702547
Madhya Pradesh,MANDLA,2008,Kharif,Rice,114760,75229,0.655533287
Madhya Pradesh,MANDLA,2008,Kharif,Sannhamp,270,78,0.288888889
Madhya Pradesh,MANDLA,2008,Kharif,Soyabean,2408,2050,0.851328904
Madhya Pradesh,MANDLA,2008,Kharif,Urad,2024,510,0.251976285
Madhya Pradesh,MANDLA,2008,Rabi,Barley,4,5,1.25
Madhya Pradesh,MANDLA,2008,Rabi,Gram,5217,3229,0.618938087
Madhya Pradesh,MANDLA,2008,Rabi,Khesari,1603,831,0.518402994
Madhya Pradesh,MANDLA,2008,Rabi,Linseed,4331,1569,0.362271993
Madhya Pradesh,MANDLA,2008,Rabi,Masoor,14438,5952,0.412245463
Madhya Pradesh,MANDLA,2008,Rabi,Peas & beans (Pulses),17073,4175,0.24453816
Madhya Pradesh,MANDLA,2008,Rabi,Rapeseed &Mustard,15158,13372,0.882174429
Madhya Pradesh,MANDLA,2008,Rabi,Urad,12,2,0.166666667
Madhya Pradesh,MANDLA,2008,Rabi,Wheat,29427,26615,0.904441499
Madhya Pradesh,MANDLA,2008,Whole Year,Coriander,280,65,0.232142857
Madhya Pradesh,MANDLA,2008,Whole Year,Garlic,32,98,3.0625
Madhya Pradesh,MANDLA,2008,Whole Year,Onion,264,3249,12.30681818
Madhya Pradesh,MANDLA,2008,Whole Year,Potato,198,1579,7.974747475
Madhya Pradesh,MANDLA,2008,Whole Year,Sesamum,1591,647,0.406662476
Madhya Pradesh,MANDLA,2008,Whole Year,Small millets,39249,9448,0.240719509
Madhya Pradesh,MANDLA,2008,Whole Year,Sugarcane,1386,33420,24.11255411
Madhya Pradesh,MANDLA,2008,Whole Year,Sweet potato,105,504,4.8
Madhya Pradesh,MANDLA,2008,Whole Year,Turmeric,4,6,1.5
Madhya Pradesh,MANDLA,2009,Kharif,Cowpea(Lobia),54,14,0.259259259
Madhya Pradesh,MANDLA,2009,Kharif,Jowar,122,123,1.008196721
Madhya Pradesh,MANDLA,2009,Kharif,Moong(Green Gram),14,4,0.285714286
Madhya Pradesh,MANDLA,2009,Kharif,Small millets,36052,7116,0.19738156
Madhya Pradesh,MANDLA,2009,Kharif,Urad,2025,445,0.219753086
Madhya Pradesh,MANDLA,2009,Rabi,Cowpea(Lobia),40,11,0.275
Madhya Pradesh,MANDLA,2009,Rabi,Moong(Green Gram),11,2,0.181818182
Madhya Pradesh,MANDLA,2009,Rabi,Small millets,29,7,0.24137931
Madhya Pradesh,MANDLA,2009,Rabi,Urad,13,2,0.153846154
Madhya Pradesh,MANDLA,2009,Whole Year,Arhar/Tur,4036,3323,0.823339941
Madhya Pradesh,MANDLA,2009,Whole Year,Barley,10,9,0.9
Madhya Pradesh,MANDLA,2009,Whole Year,Coriander,310,64,0.206451613
Madhya Pradesh,MANDLA,2009,Whole Year,Dry chillies,52,48,0.923076923
Madhya Pradesh,MANDLA,2009,Whole Year,Dry ginger,26,35,1.346153846
Madhya Pradesh,MANDLA,2009,Whole Year,Garlic,21,58,2.761904762
Madhya Pradesh,MANDLA,2009,Whole Year,Gram,5408,2991,0.553069527
Madhya Pradesh,MANDLA,2009,Whole Year,Groundnut,5,4,0.8
Madhya Pradesh,MANDLA,2009,Whole Year,Khesari,1513,707,0.467283543
Madhya Pradesh,MANDLA,2009,Whole Year,Linseed,4460,1441,0.32309417
Madhya Pradesh,MANDLA,2009,Whole Year,Maize,18051,18124,1.004044097
Madhya Pradesh,MANDLA,2009,Whole Year,Masoor,14378,5519,0.383850327
Madhya Pradesh,MANDLA,2009,Whole Year,Niger seed,8198,1482,0.180775799
Madhya Pradesh,MANDLA,2009,Whole Year,Onion,243,2841,11.69135802
Madhya Pradesh,MANDLA,2009,Whole Year,Peas & beans (Pulses),16402,3666,0.223509328
Madhya Pradesh,MANDLA,2009,Whole Year,Potato,186,1322,7.107526882
Madhya Pradesh,MANDLA,2009,Whole Year,Rapeseed &Mustard,15146,11002,0.726396408
Madhya Pradesh,MANDLA,2009,Whole Year,Rice,110841,58421,0.527070308
Madhya Pradesh,MANDLA,2009,Whole Year,Sannhamp,238,64,0.268907563
Madhya Pradesh,MANDLA,2009,Whole Year,Sesamum,1394,523,0.37517934
Madhya Pradesh,MANDLA,2009,Whole Year,Soyabean,2252,1727,0.76687389
Madhya Pradesh,MANDLA,2009,Whole Year,Sugarcane,1227,29580,24.10757946
Madhya Pradesh,MANDLA,2009,Whole Year,Sweet potato,108,518,4.796296296
Madhya Pradesh,MANDLA,2009,Whole Year,Turmeric,3,5,1.666666667
Madhya Pradesh,MANDLA,2009,Whole Year,Wheat,29737,23004,0.773581733
Madhya Pradesh,MANDLA,2010,Kharif,Arhar/Tur,6225,2481,0.398554217
Madhya Pradesh,MANDLA,2010,Kharif,Cowpea(Lobia),56,12,0.214285714
Madhya Pradesh,MANDLA,2010,Kharif,Groundnut,7,7,1
Madhya Pradesh,MANDLA,2010,Kharif,Jowar,90,116,1.288888889
Madhya Pradesh,MANDLA,2010,Kharif,Maize,17609,22822,1.296041797
Madhya Pradesh,MANDLA,2010,Kharif,Moong(Green Gram),15,5,0.333333333
Madhya Pradesh,MANDLA,2010,Kharif,Niger seed,7879,1595,0.202436857
Madhya Pradesh,MANDLA,2010,Kharif,Rice,112720,103242,0.915915543
Madhya Pradesh,MANDLA,2010,Kharif,Small millets,36809,11160,0.303186721
Madhya Pradesh,MANDLA,2010,Kharif,Soyabean,2332,1526,0.654373928
Madhya Pradesh,MANDLA,2010,Kharif,Urad,2031,511,0.251600197
Madhya Pradesh,MANDLA,2010,Rabi,Barley,9,11,1.222222222
Madhya Pradesh,MANDLA,2010,Rabi,Cowpea(Lobia),39,8,0.205128205
Madhya Pradesh,MANDLA,2010,Rabi,Gram,16368,8623,0.526820626
Madhya Pradesh,MANDLA,2010,Rabi,Khesari,2254,813,0.360692103
Madhya Pradesh,MANDLA,2010,Rabi,Linseed,4576,1263,0.276005245
Madhya Pradesh,MANDLA,2010,Rabi,Masoor,30278,8225,0.271649382
Madhya Pradesh,MANDLA,2010,Rabi,Moong(Green Gram),20,2,0.1
Madhya Pradesh,MANDLA,2010,Rabi,Peas & beans (Pulses),33002,5249,0.159050967
Madhya Pradesh,MANDLA,2010,Rabi,Rapeseed &Mustard,14731,10284,0.698119612
Madhya Pradesh,MANDLA,2010,Rabi,Urad,6,2,0.333333333
Madhya Pradesh,MANDLA,2010,Rabi,Wheat,17528,16696,0.95253309
Madhya Pradesh,MANDLA,2010,Whole Year,Coriander,342,71,0.207602339
Madhya Pradesh,MANDLA,2010,Whole Year,Dry chillies,60,77,1.283333333
Madhya Pradesh,MANDLA,2010,Whole Year,Dry ginger,27,34,1.259259259
Madhya Pradesh,MANDLA,2010,Whole Year,Garlic,40,103,2.575
Madhya Pradesh,MANDLA,2010,Whole Year,Onion,222,3150,14.18918919
Madhya Pradesh,MANDLA,2010,Whole Year,Potato,200,1322,6.61
Madhya Pradesh,MANDLA,2010,Whole Year,Sannhamp,261,439,1.681992337
Madhya Pradesh,MANDLA,2010,Whole Year,Sesamum,1493,633,0.423978567
Madhya Pradesh,MANDLA,2010,Whole Year,Sugarcane,1277,31850,24.9412686
Madhya Pradesh,MANDLA,2010,Whole Year,Sweet potato,97,337,3.474226804
Madhya Pradesh,MANDLA,2010,Whole Year,Turmeric,3,4,1.333333333
Madhya Pradesh,MANDLA,2011,Kharif,Arhar/Tur,6669,3831,0.574448943
Madhya Pradesh,MANDLA,2011,Kharif,Barley,10,12,1.2
Madhya Pradesh,MANDLA,2011,Kharif,Groundnut,16,16,1
Madhya Pradesh,MANDLA,2011,Kharif,Jowar,72,68,0.944444444
Madhya Pradesh,MANDLA,2011,Kharif,Maize,18050,15432,0.854958449
Madhya Pradesh,MANDLA,2011,Kharif,Moong(Green Gram),11,2,0.181818182
Madhya Pradesh,MANDLA,2011,Kharif,Niger seed,7373,1013,0.137393191
Madhya Pradesh,MANDLA,2011,Kharif,Other Kharif pulses,92,19,0.206521739
Madhya Pradesh,MANDLA,2011,Kharif,Rice,125842,131748,1.046931867
Madhya Pradesh,MANDLA,2011,Kharif,Sannhamp,361,389,1.077562327
Madhya Pradesh,MANDLA,2011,Kharif,Small millets,32545,8092,0.248640344
Madhya Pradesh,MANDLA,2011,Kharif,Soyabean,3270,2174,0.664831804
Madhya Pradesh,MANDLA,2011,Kharif,Urad,1801,292,0.162132149
Madhya Pradesh,MANDLA,2011,Rabi,Gram,9319,5668,0.608219766
Madhya Pradesh,MANDLA,2011,Rabi,Khesari,3080,1413,0.458766234
Madhya Pradesh,MANDLA,2011,Rabi,Linseed,5675,2357,0.415330396
Madhya Pradesh,MANDLA,2011,Rabi,Masoor,25001,6793,0.271709132
Madhya Pradesh,MANDLA,2011,Rabi,Moong(Green Gram),11,1,0.090909091
Madhya Pradesh,MANDLA,2011,Rabi,Other  Rabi pulses,38,9,0.236842105
Madhya Pradesh,MANDLA,2011,Rabi,Peas & beans (Pulses),25838,4110,0.159068039
Madhya Pradesh,MANDLA,2011,Rabi,Rapeseed &Mustard,15600,13575,0.870192308
Madhya Pradesh,MANDLA,2011,Rabi,Urad,22,3,0.136363636
Madhya Pradesh,MANDLA,2011,Rabi,Wheat,37423,62159,1.660983887
Madhya Pradesh,MANDLA,2011,Whole Year,Coriander,483,101,0.209109731
Madhya Pradesh,MANDLA,2011,Whole Year,Dry chillies,155,109,0.703225806
Madhya Pradesh,MANDLA,2011,Whole Year,Dry ginger,26,22,0.846153846
Madhya Pradesh,MANDLA,2011,Whole Year,Garlic,29,55,1.896551724
Madhya Pradesh,MANDLA,2011,Whole Year,Onion,277,3538,12.77256318
Madhya Pradesh,MANDLA,2011,Whole Year,Potato,533,3607,6.767354597
Madhya Pradesh,MANDLA,2011,Whole Year,Sesamum,1615,791,0.489783282
Madhya Pradesh,MANDLA,2011,Whole Year,Sugarcane,198,3460,17.47474747
Madhya Pradesh,MANDLA,2011,Whole Year,Sweet potato,79,275,3.481012658
Madhya Pradesh,MANDLA,2011,Whole Year,Turmeric,5,7,1.4
Madhya Pradesh,MANDLA,2012,Kharif,Arhar/Tur,5763,2854,0.49522818
Madhya Pradesh,MANDLA,2012,Kharif,Barley,11,10,0.909090909
Madhya Pradesh,MANDLA,2012,Kharif,Groundnut,3,5,1.666666667
Madhya Pradesh,MANDLA,2012,Kharif,Jowar,85,90,1.058823529
Madhya Pradesh,MANDLA,2012,Kharif,Maize,17802,21371,1.200483092
Madhya Pradesh,MANDLA,2012,Kharif,Moong(Green Gram),1,,
Madhya Pradesh,MANDLA,2012,Kharif,Niger seed,4957,1040,0.209804317
Madhya Pradesh,MANDLA,2012,Kharif,Other Kharif pulses,56,16,0.285714286
Madhya Pradesh,MANDLA,2012,Kharif,Rice,128731,86568,0.672472054
Madhya Pradesh,MANDLA,2012,Kharif,Sannhamp,219,394,1.799086758
Madhya Pradesh,MANDLA,2012,Kharif,Small millets,26033,4574,0.175700073
Madhya Pradesh,MANDLA,2012,Kharif,Soyabean,3111,1902,0.611378978
Madhya Pradesh,MANDLA,2012,Kharif,Urad,1773,471,0.265651438
Madhya Pradesh,MANDLA,2012,Rabi,Gram,9764,4697,0.481052847
Madhya Pradesh,MANDLA,2012,Rabi,Khesari,2308,1304,0.564991334
Madhya Pradesh,MANDLA,2012,Rabi,Linseed,5624,1764,0.313655761
Madhya Pradesh,MANDLA,2012,Rabi,Masoor,23138,9540,0.412308756
Madhya Pradesh,MANDLA,2012,Rabi,Moong(Green Gram),6,1,0.166666667
Madhya Pradesh,MANDLA,2012,Rabi,Other  Rabi pulses,43,13,0.302325581
Madhya Pradesh,MANDLA,2012,Rabi,Peas & beans (Pulses),24711,6044,0.244587431
Madhya Pradesh,MANDLA,2012,Rabi,Rapeseed &Mustard,16972,11150,0.656964412
Madhya Pradesh,MANDLA,2012,Rabi,Urad,5,1,0.2
Madhya Pradesh,MANDLA,2012,Rabi,Wheat,40709,69961,1.718563463
Madhya Pradesh,MANDLA,2012,Whole Year,Banana,1,,
Madhya Pradesh,MANDLA,2012,Whole Year,Coriander,315,69,0.219047619
Madhya Pradesh,MANDLA,2012,Whole Year,Dry chillies,82,70,0.853658537
Madhya Pradesh,MANDLA,2012,Whole Year,Dry ginger,27,33,1.222222222
Madhya Pradesh,MANDLA,2012,Whole Year,Garlic,37,133,3.594594595
Madhya Pradesh,MANDLA,2012,Whole Year,Onion,397,5293,13.3324937
Madhya Pradesh,MANDLA,2012,Whole Year,Potato,297,2366,7.966329966
Madhya Pradesh,MANDLA,2012,Whole Year,Sesamum,1497,538,0.359385438
Madhya Pradesh,MANDLA,2012,Whole Year,Sugarcane,2880,69440,24.11111111
Madhya Pradesh,MANDLA,2012,Whole Year,Sweet potato,76,431,5.671052632
Madhya Pradesh,MANDLA,2012,Whole Year,Turmeric,7,13,1.857142857
Madhya Pradesh,MANDLA,2013,Kharif,Arhar/Tur,6128,4487,0.732212794
Madhya Pradesh,MANDLA,2013,Kharif,Barley,11,16,1.454545455
Madhya Pradesh,MANDLA,2013,Kharif,Groundnut,2,1,0.5
Madhya Pradesh,MANDLA,2013,Kharif,Jowar,77,51,0.662337662
Madhya Pradesh,MANDLA,2013,Kharif,Maize,18526,32501,1.754345245
Madhya Pradesh,MANDLA,2013,Kharif,Moong(Green Gram),19,5,0.263157895
Madhya Pradesh,MANDLA,2013,Kharif,Niger seed,5832,2108,0.361454047
Madhya Pradesh,MANDLA,2013,Kharif,Other Kharif pulses,63,30,0.476190476
Madhya Pradesh,MANDLA,2013,Kharif,Rice,131499,117351,0.892409828
Madhya Pradesh,MANDLA,2013,Kharif,Sannhamp,190,411,2.163157895
Madhya Pradesh,MANDLA,2013,Kharif,Small millets,28246,22105,0.782588685
Madhya Pradesh,MANDLA,2013,Kharif,Soyabean,1896,130,0.068565401
Madhya Pradesh,MANDLA,2013,Kharif,Urad,2023,806,0.398418191
Madhya Pradesh,MANDLA,2013,Rabi,Gram,9652,7557,0.78294654
Madhya Pradesh,MANDLA,2013,Rabi,Khesari,1744,1215,0.696674312
Madhya Pradesh,MANDLA,2013,Rabi,Linseed,5584,2898,0.518982808
Madhya Pradesh,MANDLA,2013,Rabi,Masoor,22985,14400,0.626495541
Madhya Pradesh,MANDLA,2013,Rabi,Moong(Green Gram),2,1,0.5
Madhya Pradesh,MANDLA,2013,Rabi,Other  Rabi pulses,42,21,0.5
Madhya Pradesh,MANDLA,2013,Rabi,Peas & beans (Pulses),24353,8216,0.337371166
Madhya Pradesh,MANDLA,2013,Rabi,Rapeseed &Mustard,15995,13226,0.826883401
Madhya Pradesh,MANDLA,2013,Rabi,Urad,8,2,0.25
Madhya Pradesh,MANDLA,2013,Rabi,Wheat,42687,75176,1.761098227
Madhya Pradesh,MANDLA,2013,Whole Year,Coriander,388,145,0.37371134
Madhya Pradesh,MANDLA,2013,Whole Year,Dry chillies,77,63,0.818181818
Madhya Pradesh,MANDLA,2013,Whole Year,Dry ginger,18,39,2.166666667
Madhya Pradesh,MANDLA,2013,Whole Year,Garlic,16,89,5.5625
Madhya Pradesh,MANDLA,2013,Whole Year,Onion,368,6732,18.29347826
Madhya Pradesh,MANDLA,2013,Whole Year,Potato,289,5242,18.1384083
Madhya Pradesh,MANDLA,2013,Whole Year,Sesamum,1383,701,0.506869125
Madhya Pradesh,MANDLA,2013,Whole Year,Sugarcane,247,10270,41.57894737
Madhya Pradesh,MANDLA,2013,Whole Year,Sweet potato,58,506,8.724137931
Madhya Pradesh,MANDLA,2013,Whole Year,Turmeric,2,4,2
Madhya Pradesh,MANDSAUR,1997,Kharif,Arhar/Tur,3200,2000,0.625
Madhya Pradesh,MANDSAUR,1997,Kharif,Bajra,200,200,1
Madhya Pradesh,MANDSAUR,1997,Kharif,Groundnut,9700,10200,1.051546392
Madhya Pradesh,MANDSAUR,1997,Kharif,Jowar,28400,20800,0.732394366
Madhya Pradesh,MANDSAUR,1997,Kharif,Maize,92100,133700,1.451682953
Madhya Pradesh,MANDSAUR,1997,Kharif,Sesamum,400,100,0.25
Madhya Pradesh,MANDSAUR,1997,Kharif,Soyabean,282000,439400,1.558156028
Madhya Pradesh,MANDSAUR,1997,Kharif,Sunflower,1300,400,0.307692308
Madhya Pradesh,MANDSAUR,1997,Rabi,Barley,1000,2400,2.4
Madhya Pradesh,MANDSAUR,1997,Rabi,Linseed,5900,3200,0.542372881
Madhya Pradesh,MANDSAUR,1997,Rabi,Rapeseed &Mustard,65900,46900,0.71168437
Madhya Pradesh,MANDSAUR,1997,Rabi,Wheat,96800,283600,2.929752066
Madhya Pradesh,MANDSAUR,1998,Kharif,Arhar/Tur,1700,1300,0.764705882
Madhya Pradesh,MANDSAUR,1998,Kharif,Bajra,100,100,1
Madhya Pradesh,MANDSAUR,1998,Kharif,Cotton(lint),100,,
Madhya Pradesh,MANDSAUR,1998,Kharif,Groundnut,2100,2400,1.142857143
Madhya Pradesh,MANDSAUR,1998,Kharif,Jowar,16800,14700,0.875
Madhya Pradesh,MANDSAUR,1998,Kharif,Maize,60100,103400,1.72046589
Madhya Pradesh,MANDSAUR,1998,Kharif,Sesamum,100,,
Madhya Pradesh,MANDSAUR,1998,Kharif,Soyabean,201100,271600,1.350571855
Madhya Pradesh,MANDSAUR,1998,Kharif,Sunflower,600,200,0.333333333
Madhya Pradesh,MANDSAUR,1998,Rabi,Barley,400,900,2.25
Madhya Pradesh,MANDSAUR,1998,Rabi,Gram,76500,76800,1.003921569
Madhya Pradesh,MANDSAUR,1998,Rabi,Linseed,5700,3400,0.596491228
Madhya Pradesh,MANDSAUR,1998,Rabi,Rapeseed &Mustard,15900,14700,0.924528302
Madhya Pradesh,MANDSAUR,1998,Rabi,Wheat,63000,159600,2.533333333
Madhya Pradesh,MANDSAUR,1998,Whole Year,Sugarcane,55,1730,31.45454545
Madhya Pradesh,MANDSAUR,1999,Kharif,Arhar/Tur,1442,997,0.691400832
Madhya Pradesh,MANDSAUR,1999,Kharif,Bajra,72,60,0.833333333
Madhya Pradesh,MANDSAUR,1999,Kharif,Cotton(lint),80,46,0.575
Madhya Pradesh,MANDSAUR,1999,Kharif,Groundnut,1978,2077,1.050050556
Madhya Pradesh,MANDSAUR,1999,Kharif,Jowar,13326,9861,0.73998199
Madhya Pradesh,MANDSAUR,1999,Kharif,Maize,59607,127230,2.13448085
Madhya Pradesh,MANDSAUR,1999,Kharif,Niger seed,1,0,0
Madhya Pradesh,MANDSAUR,1999,Kharif,Other Kharif pulses,15955,7795,0.488561579
Madhya Pradesh,MANDSAUR,1999,Kharif,Rice,19,15,0.789473684
Madhya Pradesh,MANDSAUR,1999,Kharif,Sesamum,123,37,0.300813008
Madhya Pradesh,MANDSAUR,1999,Kharif,Soyabean,211501,357648,1.690999097
Madhya Pradesh,MANDSAUR,1999,Kharif,Sunflower,563,219,0.388987567
Madhya Pradesh,MANDSAUR,1999,Kharif,Urad,14815,7422,0.500978738
Madhya Pradesh,MANDSAUR,1999,Rabi,Barley,304,759,2.496710526
Madhya Pradesh,MANDSAUR,1999,Rabi,Gram,69932,60142,0.860006864
Madhya Pradesh,MANDSAUR,1999,Rabi,Linseed,7005,4674,0.667237687
Madhya Pradesh,MANDSAUR,1999,Rabi,Other  Rabi pulses,1802,1048,0.581576027
Madhya Pradesh,MANDSAUR,1999,Rabi,Rapeseed &Mustard,23460,21704,0.92514919
Madhya Pradesh,MANDSAUR,1999,Rabi,Safflower,73,23,0.315068493
Madhya Pradesh,MANDSAUR,1999,Rabi,Wheat,65892,210672,3.197231834
Madhya Pradesh,MANDSAUR,1999,Whole Year,Coriander,25770,17138,0.665036865
Madhya Pradesh,MANDSAUR,1999,Whole Year,Dry chillies,920,771,0.838043478
Madhya Pradesh,MANDSAUR,1999,Whole Year,Garlic,14576,71668,4.916849616
Madhya Pradesh,MANDSAUR,1999,Whole Year,Onion,356,3483,9.783707865
Madhya Pradesh,MANDSAUR,1999,Whole Year,Potato,33,476,14.42424242
Madhya Pradesh,MANDSAUR,1999,Whole Year,Sannhamp,25,67,2.68
Madhya Pradesh,MANDSAUR,1999,Whole Year,Sugarcane,24,1130,47.08333333
Madhya Pradesh,MANDSAUR,1999,Whole Year,Sweet potato,103,858,8.330097087
Madhya Pradesh,MANDSAUR,2000,Kharif,Arhar/Tur,1370,503,0.367153285
Madhya Pradesh,MANDSAUR,2000,Kharif,Bajra,53,41,0.773584906
Madhya Pradesh,MANDSAUR,2000,Kharif,Castor seed,4,2,0.5
Madhya Pradesh,MANDSAUR,2000,Kharif,Cotton(lint),100,41,0.41
Madhya Pradesh,MANDSAUR,2000,Kharif,Groundnut,1681,1119,0.665675193
Madhya Pradesh,MANDSAUR,2000,Kharif,Jowar,12470,2756,0.221010425
Madhya Pradesh,MANDSAUR,2000,Kharif,Maize,59910,82323,1.374111167
Madhya Pradesh,MANDSAUR,2000,Kharif,Other Kharif pulses,13041,4195,0.321677785
Madhya Pradesh,MANDSAUR,2000,Kharif,Rice,21,7,0.333333333
Madhya Pradesh,MANDSAUR,2000,Kharif,Sesamum,115,34,0.295652174
Madhya Pradesh,MANDSAUR,2000,Kharif,Soyabean,218241,127234,0.582997695
Madhya Pradesh,MANDSAUR,2000,Kharif,Sunflower,82,21,0.256097561
Madhya Pradesh,MANDSAUR,2000,Rabi,Barley,187,328,1.754010695
Madhya Pradesh,MANDSAUR,2000,Rabi,Gram,13473,6912,0.513026052
Madhya Pradesh,MANDSAUR,2000,Rabi,Linseed,1149,511,0.444734552
Madhya Pradesh,MANDSAUR,2000,Rabi,Other  Rabi pulses,846,294,0.34751773
Madhya Pradesh,MANDSAUR,2000,Rabi,Rapeseed &Mustard,2668,1355,0.507871064
Madhya Pradesh,MANDSAUR,2000,Rabi,Safflower,42,17,0.404761905
Madhya Pradesh,MANDSAUR,2000,Rabi,Wheat,21932,44579,2.032600766
Madhya Pradesh,MANDSAUR,2000,Whole Year,Coriander,7340,3255,0.44346049
Madhya Pradesh,MANDSAUR,2000,Whole Year,Dry chillies,847,327,0.386068477
Madhya Pradesh,MANDSAUR,2000,Whole Year,Garlic,2849,9278,3.256581257
Madhya Pradesh,MANDSAUR,2000,Whole Year,Onion,237,2296,9.687763713
Madhya Pradesh,MANDSAUR,2000,Whole Year,Sannhamp,23,34,1.47826087
Madhya Pradesh,MANDSAUR,2000,Whole Year,Sugarcane,15,80,5.333333333
Madhya Pradesh,MANDSAUR,2001,Kharif,Arhar/Tur,1199,703,0.586321935
Madhya Pradesh,MANDSAUR,2001,Kharif,Bajra,35,24,0.685714286
Madhya Pradesh,MANDSAUR,2001,Kharif,Castor seed,2,1,0.5
Madhya Pradesh,MANDSAUR,2001,Kharif,Cotton(lint),134,73,0.544776119
Madhya Pradesh,MANDSAUR,2001,Kharif,Groundnut,1465,1446,0.987030717
Madhya Pradesh,MANDSAUR,2001,Kharif,Jowar,13870,7531,0.54297044
Madhya Pradesh,MANDSAUR,2001,Kharif,Maize,45845,115742,2.524637365
Madhya Pradesh,MANDSAUR,2001,Kharif,Other Kharif pulses,24566,11386,0.463486119
Madhya Pradesh,MANDSAUR,2001,Kharif,Rice,17,9,0.529411765
Madhya Pradesh,MANDSAUR,2001,Kharif,Sesamum,133,46,0.345864662
Madhya Pradesh,MANDSAUR,2001,Kharif,Soyabean,223444,160656,0.718998944
Madhya Pradesh,MANDSAUR,2001,Kharif,Sunflower,141,43,0.304964539
Madhya Pradesh,MANDSAUR,2001,Rabi,Barley,236,547,2.31779661
Madhya Pradesh,MANDSAUR,2001,Rabi,Gram,37506,25879,0.689996267
Madhya Pradesh,MANDSAUR,2001,Rabi,Linseed,2788,1490,0.534433286
Madhya Pradesh,MANDSAUR,2001,Rabi,Other  Rabi pulses,1291,503,0.389620449
Madhya Pradesh,MANDSAUR,2001,Rabi,Rapeseed &Mustard,9280,6217,0.669935345
Madhya Pradesh,MANDSAUR,2001,Rabi,Safflower,2,1,0.5
Madhya Pradesh,MANDSAUR,2001,Rabi,Wheat,33292,84296,2.532019704
Madhya Pradesh,MANDSAUR,2001,Whole Year,Coriander,14200,7528,0.530140845
Madhya Pradesh,MANDSAUR,2001,Whole Year,Dry chillies,784,542,0.691326531
Madhya Pradesh,MANDSAUR,2001,Whole Year,Garlic,4269,17174,4.022956196
Madhya Pradesh,MANDSAUR,2001,Whole Year,Onion,292,2880,9.863013699
Madhya Pradesh,MANDSAUR,2001,Whole Year,Potato,25,344,13.76
Madhya Pradesh,MANDSAUR,2001,Whole Year,Sannhamp,8,17,2.125
Madhya Pradesh,MANDSAUR,2001,Whole Year,Sugarcane,7,260,37.14285714
Madhya Pradesh,MANDSAUR,2001,Whole Year,Sweet potato,23,144,6.260869565
Madhya Pradesh,MANDSAUR,2002,Kharif,Arhar/Tur,1147,410,0.357454228
Madhya Pradesh,MANDSAUR,2002,Kharif,Bajra,58,25,0.431034483
Madhya Pradesh,MANDSAUR,2002,Kharif,Cotton(lint),192,56,0.291666667
Madhya Pradesh,MANDSAUR,2002,Kharif,Groundnut,1703,859,0.504403993
Madhya Pradesh,MANDSAUR,2002,Kharif,Jowar,15551,10061,0.646968041
Madhya Pradesh,MANDSAUR,2002,Kharif,Maize,44613,83811,1.878622823
Madhya Pradesh,MANDSAUR,2002,Kharif,Other Kharif pulses,37442,12377,0.330564607
Madhya Pradesh,MANDSAUR,2002,Kharif,Rice,14,5,0.357142857
Madhya Pradesh,MANDSAUR,2002,Kharif,Sesamum,432,126,0.291666667
Madhya Pradesh,MANDSAUR,2002,Kharif,Soyabean,207730,111551,0.536999952
Madhya Pradesh,MANDSAUR,2002,Kharif,Sunflower,74,18,0.243243243
Madhya Pradesh,MANDSAUR,2002,Rabi,Barley,65,117,1.8
Madhya Pradesh,MANDSAUR,2002,Rabi,Gram,11772,4944,0.419979613
Madhya Pradesh,MANDSAUR,2002,Rabi,Linseed,371,149,0.401617251
Madhya Pradesh,MANDSAUR,2002,Rabi,Other  Rabi pulses,261,76,0.291187739
Madhya Pradesh,MANDSAUR,2002,Rabi,Rapeseed &Mustard,2359,1138,0.4824078
Madhya Pradesh,MANDSAUR,2002,Rabi,Safflower,4,1,0.25
Madhya Pradesh,MANDSAUR,2002,Rabi,Wheat,11521,19671,1.707403871
Madhya Pradesh,MANDSAUR,2002,Whole Year,Beans & Mutter(Vegetable),33,0,0
Madhya Pradesh,MANDSAUR,2002,Whole Year,Bhindi,21,0,0
Madhya Pradesh,MANDSAUR,2002,Whole Year,Brinjal,88,0,0
Madhya Pradesh,MANDSAUR,2002,Whole Year,Cabbage,21,0,0
Madhya Pradesh,MANDSAUR,2002,Whole Year,Cauliflower,43,0,0
Madhya Pradesh,MANDSAUR,2002,Whole Year,Citrus Fruit,3216,0,0
Madhya Pradesh,MANDSAUR,2002,Whole Year,Coriander,4464,1549,0.346998208
Madhya Pradesh,MANDSAUR,2002,Whole Year,Dry chillies,700,442,0.631428571
Madhya Pradesh,MANDSAUR,2002,Whole Year,Garlic,2396,6579,2.745826377
Madhya Pradesh,MANDSAUR,2002,Whole Year,Grapes,3,0,0
Madhya Pradesh,MANDSAUR,2002,Whole Year,Mango,8,0,0
Madhya Pradesh,MANDSAUR,2002,Whole Year,Onion,369,2797,7.579945799
Madhya Pradesh,MANDSAUR,2002,Whole Year,Other Fresh Fruits,22,0,0
Madhya Pradesh,MANDSAUR,2002,Whole Year,Other Vegetables,81,0,0
Madhya Pradesh,MANDSAUR,2002,Whole Year,Papaya,11,345,31.36363636
Madhya Pradesh,MANDSAUR,2002,Whole Year,Pome Fruit,156,0,0
Madhya Pradesh,MANDSAUR,2002,Whole Year,Potato,7,89,12.71428571
Madhya Pradesh,MANDSAUR,2002,Whole Year,Sannhamp,8,11,1.375
Madhya Pradesh,MANDSAUR,2002,Whole Year,Sugarcane,1,30,30
Madhya Pradesh,MANDSAUR,2002,Whole Year,Sweet potato,15,85,5.666666667
Madhya Pradesh,MANDSAUR,2002,Whole Year,Tomato,75,0,0
Madhya Pradesh,MANDSAUR,2002,Whole Year,Turmeric,192,56,0.291666667
Madhya Pradesh,MANDSAUR,2003,Kharif,Arhar/Tur,1157,567,0.490060501
Madhya Pradesh,MANDSAUR,2003,Kharif,Bajra,88,85,0.965909091
Madhya Pradesh,MANDSAUR,2003,Kharif,Castor seed,1,0,0
Madhya Pradesh,MANDSAUR,2003,Kharif,Cotton(lint),163,102,0.625766871
Madhya Pradesh,MANDSAUR,2003,Kharif,Groundnut,1824,1752,0.960526316
Madhya Pradesh,MANDSAUR,2003,Kharif,Jowar,30799,45398,1.474008896
Madhya Pradesh,MANDSAUR,2003,Kharif,Maize,47082,110502,2.347011597
Madhya Pradesh,MANDSAUR,2003,Kharif,Other Kharif pulses,30980,12673,0.409070368
Madhya Pradesh,MANDSAUR,2003,Kharif,other misc. pulses,308,0.01,3.24675E-05
Madhya Pradesh,MANDSAUR,2003,Kharif,Rice,14,8,0.571428571
Madhya Pradesh,MANDSAUR,2003,Kharif,Sesamum,852,387,0.454225352
Madhya Pradesh,MANDSAUR,2003,Kharif,Soyabean,200630,211665,1.055001745
Madhya Pradesh,MANDSAUR,2003,Kharif,Sunflower,14,4,0.285714286
Madhya Pradesh,MANDSAUR,2003,Kharif,Urad,30220,12386,0.409861019
Madhya Pradesh,MANDSAUR,2003,Rabi,Barley,121,278,2.297520661
Madhya Pradesh,MANDSAUR,2003,Rabi,Gram,50317,27171,0.539996423
Madhya Pradesh,MANDSAUR,2003,Rabi,Linseed,1071,717,0.669467787
Madhya Pradesh,MANDSAUR,2003,Rabi,Other  Rabi pulses,623,265,0.425361156
Madhya Pradesh,MANDSAUR,2003,Rabi,Rapeseed &Mustard,6346,5585,0.880081941
Madhya Pradesh,MANDSAUR,2003,Rabi,Safflower,12,5,0.416666667
Madhya Pradesh,MANDSAUR,2003,Rabi,Wheat,24298,57505,2.366655692
Madhya Pradesh,MANDSAUR,2003,Whole Year,Banana,1,0,0
Madhya Pradesh,MANDSAUR,2003,Whole Year,Beans & Mutter(Vegetable),25,0,0
Madhya Pradesh,MANDSAUR,2003,Whole Year,Bhindi,52,0,0
Madhya Pradesh,MANDSAUR,2003,Whole Year,Brinjal,91,0,0
Madhya Pradesh,MANDSAUR,2003,Whole Year,Cabbage,17,0,0
Madhya Pradesh,MANDSAUR,2003,Whole Year,Cauliflower,46,0,0
Madhya Pradesh,MANDSAUR,2003,Whole Year,Citrus Fruit,25,0,0
Madhya Pradesh,MANDSAUR,2003,Whole Year,Coriander,8309,4485,0.539776146
Madhya Pradesh,MANDSAUR,2003,Whole Year,Dry chillies,767,616,0.803129074
Madhya Pradesh,MANDSAUR,2003,Whole Year,Garlic,3042,11849,3.89513478
Madhya Pradesh,MANDSAUR,2003,Whole Year,Grapes,4,0,0
Madhya Pradesh,MANDSAUR,2003,Whole Year,Mango,63,0,0
Madhya Pradesh,MANDSAUR,2003,Whole Year,Onion,294,2694,9.163265306
Madhya Pradesh,MANDSAUR,2003,Whole Year,Orange,3491,0,0
Madhya Pradesh,MANDSAUR,2003,Whole Year,Other Citrus Fruit,3,0,0
Madhya Pradesh,MANDSAUR,2003,Whole Year,Other Fresh Fruits,37,0,0
Madhya Pradesh,MANDSAUR,2003,Whole Year,Other Vegetables,88,0,0
Madhya Pradesh,MANDSAUR,2003,Whole Year,Papaya,6,275,45.83333333
Madhya Pradesh,MANDSAUR,2003,Whole Year,Pome Fruit,88,0,0
Madhya Pradesh,MANDSAUR,2003,Whole Year,Potato,11,165,15
Madhya Pradesh,MANDSAUR,2003,Whole Year,Sannhamp,2,6,3
Madhya Pradesh,MANDSAUR,2003,Whole Year,Sugarcane,5,180,36
Madhya Pradesh,MANDSAUR,2003,Whole Year,Sweet potato,19,132,6.947368421
Madhya Pradesh,MANDSAUR,2003,Whole Year,Tomato,72,0,0
Madhya Pradesh,MANDSAUR,2004,Kharif,Arhar/Tur,875,448,0.512
Madhya Pradesh,MANDSAUR,2004,Kharif,Bajra,54,42,0.777777778
Madhya Pradesh,MANDSAUR,2004,Kharif,Castor seed,2,1,0.5
Madhya Pradesh,MANDSAUR,2004,Kharif,Cotton(lint),485,415,0.855670103
Madhya Pradesh,MANDSAUR,2004,Kharif,Groundnut,1642,1455,0.886114495
Madhya Pradesh,MANDSAUR,2004,Kharif,Jowar,14132,11984,0.848004529
Madhya Pradesh,MANDSAUR,2004,Kharif,Maize,42711,61632,1.443000632
Madhya Pradesh,MANDSAUR,2004,Kharif,Rice,7,4,0.571428571
Madhya Pradesh,MANDSAUR,2004,Kharif,Sesamum,1070,531,0.496261682
Madhya Pradesh,MANDSAUR,2004,Kharif,Soyabean,231956,204585,0.881999172
Madhya Pradesh,MANDSAUR,2004,Kharif,Urad,23720,9362,0.394688027
Madhya Pradesh,MANDSAUR,2004,Rabi,Barley,214,492,2.299065421
Madhya Pradesh,MANDSAUR,2004,Rabi,Gram,39306,24959,0.634992113
Madhya Pradesh,MANDSAUR,2004,Rabi,Linseed,1814,1351,0.744762955
Madhya Pradesh,MANDSAUR,2004,Rabi,Masoor,1206,611,0.506633499
Madhya Pradesh,MANDSAUR,2004,Rabi,Rapeseed &Mustard,48087,51576,1.072555992
Madhya Pradesh,MANDSAUR,2004,Rabi,Safflower,15,5,0.333333333
Madhya Pradesh,MANDSAUR,2004,Rabi,Wheat,51001,134417,2.635575773
Madhya Pradesh,MANDSAUR,2004,Whole Year,Coriander,13832,7733,0.559065934
Madhya Pradesh,MANDSAUR,2004,Whole Year,Garlic,6582,27319,4.150562139
Madhya Pradesh,MANDSAUR,2004,Whole Year,Onion,572,6005,10.49825175
Madhya Pradesh,MANDSAUR,2004,Whole Year,Potato,24,422,17.58333333
Madhya Pradesh,MANDSAUR,2004,Whole Year,Sugarcane,5,210,42
Madhya Pradesh,MANDSAUR,2004,Whole Year,Sweet potato,30,201,6.7
Madhya Pradesh,MANDSAUR,2005,Kharif,Arhar/Tur,693,297,0.428571429
Madhya Pradesh,MANDSAUR,2005,Kharif,Bajra,59,38,0.644067797
Madhya Pradesh,MANDSAUR,2005,Kharif,Castor seed,1,,
Madhya Pradesh,MANDSAUR,2005,Kharif,Cotton(lint),549,359,0.653916211
Madhya Pradesh,MANDSAUR,2005,Kharif,Groundnut,1243,753,0.605792438
Madhya Pradesh,MANDSAUR,2005,Kharif,Jowar,10266,7012,0.683031366
Madhya Pradesh,MANDSAUR,2005,Kharif,Maize,40570,48430,1.193739216
Madhya Pradesh,MANDSAUR,2005,Kharif,Moong(Green Gram),619,185,0.298869144
Madhya Pradesh,MANDSAUR,2005,Kharif,Rice,6,2,0.333333333
Madhya Pradesh,MANDSAUR,2005,Kharif,Sesamum,902,287,0.318181818
Madhya Pradesh,MANDSAUR,2005,Kharif,Soyabean,245842,162502,0.661001782
Madhya Pradesh,MANDSAUR,2005,Kharif,Sunflower,3,1,0.333333333
Madhya Pradesh,MANDSAUR,2005,Kharif,Urad,19112,6818,0.356739221
Madhya Pradesh,MANDSAUR,2005,Rabi,Barley,120,244,2.033333333
Madhya Pradesh,MANDSAUR,2005,Rabi,Gram,26682,16356,0.612997526
Madhya Pradesh,MANDSAUR,2005,Rabi,Linseed,1082,647,0.597966728
Madhya Pradesh,MANDSAUR,2005,Rabi,Masoor,823,291,0.353584447
Madhya Pradesh,MANDSAUR,2005,Rabi,Peas & beans (Pulses),89,38,0.426966292
Madhya Pradesh,MANDSAUR,2005,Rabi,Rapeseed &Mustard,42312,35988,0.850538854
Madhya Pradesh,MANDSAUR,2005,Rabi,Wheat,26039,53474,2.05361189
Madhya Pradesh,MANDSAUR,2005,Whole Year,Onion,333,3289,9.876876877
Madhya Pradesh,MANDSAUR,2005,Whole Year,Potato,26,276,10.61538462
Madhya Pradesh,MANDSAUR,2005,Whole Year,Sugarcane,3,80,26.66666667
Madhya Pradesh,MANDSAUR,2005,Whole Year,Sweet potato,30,194,6.466666667
Madhya Pradesh,MANDSAUR,2006,Kharif,Arhar/Tur,790,378,0.478481013
Madhya Pradesh,MANDSAUR,2006,Kharif,Bajra,30,30,1
Madhya Pradesh,MANDSAUR,2006,Kharif,Cotton(lint),736,605,0.82201087
Madhya Pradesh,MANDSAUR,2006,Kharif,Dry ginger,2,1,0.5
Madhya Pradesh,MANDSAUR,2006,Kharif,Groundnut,1386,1021,0.736652237
Madhya Pradesh,MANDSAUR,2006,Kharif,Jowar,8778,4933,0.561973115
Madhya Pradesh,MANDSAUR,2006,Kharif,Jute,2,5,2.5
Madhya Pradesh,MANDSAUR,2006,Kharif,Maize,39048,36786,0.942071297
Madhya Pradesh,MANDSAUR,2006,Kharif,Moong(Green Gram),673,223,0.331352155
Madhya Pradesh,MANDSAUR,2006,Kharif,Other Kharif pulses,283,,
Madhya Pradesh,MANDSAUR,2006,Kharif,Rice,2,1,0.5
Madhya Pradesh,MANDSAUR,2006,Kharif,Soyabean,250883,210491,0.83900065
Madhya Pradesh,MANDSAUR,2006,Kharif,Sunflower,19,7,0.368421053
Madhya Pradesh,MANDSAUR,2006,Kharif,Urad,15161,5754,0.379526416
Madhya Pradesh,MANDSAUR,2006,Rabi,Gram,26720,23888,0.894011976
Madhya Pradesh,MANDSAUR,2006,Rabi,Linseed,1947,1675,0.860297894
Madhya Pradesh,MANDSAUR,2006,Rabi,Masoor,1043,520,0.498561841
Madhya Pradesh,MANDSAUR,2006,Rabi,Peas & beans (Pulses),127,74,0.582677165
Madhya Pradesh,MANDSAUR,2006,Rabi,Rapeseed &Mustard,57838,63139,1.091652547
Madhya Pradesh,MANDSAUR,2006,Rabi,Safflower,4,2,0.5
Madhya Pradesh,MANDSAUR,2006,Rabi,Wheat,70805,195095,2.755384507
Madhya Pradesh,MANDSAUR,2006,Whole Year,Coriander,16647,10229,0.614465069
Madhya Pradesh,MANDSAUR,2006,Whole Year,Dry chillies,559,615,1.100178891
Madhya Pradesh,MANDSAUR,2006,Whole Year,Garlic,5405,26022,4.814431082
Madhya Pradesh,MANDSAUR,2006,Whole Year,Onion,419,4939,11.7875895
Madhya Pradesh,MANDSAUR,2006,Whole Year,Potato,46,741,16.10869565
Madhya Pradesh,MANDSAUR,2006,Whole Year,Sesamum,851,256,0.300822562
Madhya Pradesh,MANDSAUR,2006,Whole Year,Sugarcane,6,250,41.66666667
Madhya Pradesh,MANDSAUR,2006,Whole Year,Sweet potato,30,226,7.533333333
Madhya Pradesh,MANDSAUR,2006,Whole Year,Tobacco,1,,
Madhya Pradesh,MANDSAUR,2007,Kharif,Arhar/Tur,698,279,0.399713467
Madhya Pradesh,MANDSAUR,2007,Kharif,Bajra,47,42,0.893617021
Madhya Pradesh,MANDSAUR,2007,Kharif,Cotton(lint),458,59,0.128820961
Madhya Pradesh,MANDSAUR,2007,Kharif,Groundnut,1306,1073,0.821592649
Madhya Pradesh,MANDSAUR,2007,Kharif,Jowar,5953,3786,0.635981858
Madhya Pradesh,MANDSAUR,2007,Kharif,Maize,38153,50448,1.322255131
Madhya Pradesh,MANDSAUR,2007,Kharif,Rice,1,,
Madhya Pradesh,MANDSAUR,2007,Kharif,Soyabean,255922,216254,0.844999648
Madhya Pradesh,MANDSAUR,2007,Kharif,Urad,15358,6179,0.402331033
Madhya Pradesh,MANDSAUR,2007,Rabi,Barley,236,596,2.525423729
Madhya Pradesh,MANDSAUR,2007,Rabi,Gram,31206,16539,0.529994232
Madhya Pradesh,MANDSAUR,2007,Rabi,Linseed,1849,1068,0.577609519
Madhya Pradesh,MANDSAUR,2007,Rabi,Masoor,1042,383,0.36756238
Madhya Pradesh,MANDSAUR,2007,Rabi,Peas & beans (Pulses),147,68,0.462585034
Madhya Pradesh,MANDSAUR,2007,Rabi,Rapeseed &Mustard,37839,30138,0.796479822
Madhya Pradesh,MANDSAUR,2007,Rabi,Safflower,1,,
Madhya Pradesh,MANDSAUR,2007,Rabi,Wheat,61062,131182,2.14834103
Madhya Pradesh,MANDSAUR,2007,Whole Year,Coriander,18693,9189,0.491574386
Madhya Pradesh,MANDSAUR,2007,Whole Year,Garlic,7787,34957,4.489148581
Madhya Pradesh,MANDSAUR,2007,Whole Year,Onion,594,5884,9.905723906
Madhya Pradesh,MANDSAUR,2007,Whole Year,Potato,30,394,13.13333333
Madhya Pradesh,MANDSAUR,2007,Whole Year,Sesamum,503,205,0.407554672
Madhya Pradesh,MANDSAUR,2007,Whole Year,Sugarcane,11,320,29.09090909
Madhya Pradesh,MANDSAUR,2007,Whole Year,Sunflower,4,2,0.5
Madhya Pradesh,MANDSAUR,2007,Whole Year,Sweet potato,36,250,6.944444444
Madhya Pradesh,MANDSAUR,2007,Whole Year,Tobacco,2,1,0.5
Madhya Pradesh,MANDSAUR,2007,Whole Year,Turmeric,1,1,1
Madhya Pradesh,MANDSAUR,2008,Kharif,Arhar/Tur,784,432,0.551020408
Madhya Pradesh,MANDSAUR,2008,Kharif,Bajra,49,52,1.06122449
Madhya Pradesh,MANDSAUR,2008,Kharif,Cotton(lint),398,69,0.173366834
Madhya Pradesh,MANDSAUR,2008,Kharif,Groundnut,1382,1227,0.887843705
Madhya Pradesh,MANDSAUR,2008,Kharif,Jowar,5117,3792,0.741059214
Madhya Pradesh,MANDSAUR,2008,Kharif,Maize,37287,52130,1.398074396
Madhya Pradesh,MANDSAUR,2008,Kharif,Soyabean,259064,237303,0.916001451
Madhya Pradesh,MANDSAUR,2008,Kharif,Urad,14364,5561,0.387148427
Madhya Pradesh,MANDSAUR,2008,Rabi,Barley,220,549,2.495454545
Madhya Pradesh,MANDSAUR,2008,Rabi,Gram,45871,28119,0.613001679
Madhya Pradesh,MANDSAUR,2008,Rabi,Linseed,1228,959,0.780944625
Madhya Pradesh,MANDSAUR,2008,Rabi,Masoor,1318,581,0.440819423
Madhya Pradesh,MANDSAUR,2008,Rabi,Peas & beans (Pulses),83,43,0.518072289
Madhya Pradesh,MANDSAUR,2008,Rabi,Rapeseed &Mustard,35976,35800,0.99510785
Madhya Pradesh,MANDSAUR,2008,Rabi,Safflower,2,1,0.5
Madhya Pradesh,MANDSAUR,2008,Rabi,Wheat,49986,126641,2.533529388
Madhya Pradesh,MANDSAUR,2008,Whole Year,Coriander,22023,13757,0.624665123
Madhya Pradesh,MANDSAUR,2008,Whole Year,Garlic,6126,25507,4.163728371
Madhya Pradesh,MANDSAUR,2008,Whole Year,Onion,414,3673,8.871980676
Madhya Pradesh,MANDSAUR,2008,Whole Year,Potato,18,214,11.88888889
Madhya Pradesh,MANDSAUR,2008,Whole Year,Sesamum,580,245,0.422413793
Madhya Pradesh,MANDSAUR,2008,Whole Year,Sugarcane,6,180,30
Madhya Pradesh,MANDSAUR,2008,Whole Year,Sweet potato,17,128,7.529411765
Madhya Pradesh,MANDSAUR,2008,Whole Year,Turmeric,3,3,1
Madhya Pradesh,MANDSAUR,2009,Kharif,Jowar,3957,2738,0.691938337
Madhya Pradesh,MANDSAUR,2009,Kharif,Moong(Green Gram),687,259,0.377001456
Madhya Pradesh,MANDSAUR,2009,Kharif,Urad,13059,6443,0.493376216
Madhya Pradesh,MANDSAUR,2009,Whole Year,Arhar/Tur,987,542,0.549138804
Madhya Pradesh,MANDSAUR,2009,Whole Year,Bajra,43,42,0.976744186
Madhya Pradesh,MANDSAUR,2009,Whole Year,Barley,230,545,2.369565217
Madhya Pradesh,MANDSAUR,2009,Whole Year,Coriander,23961,14723,0.614456826
Madhya Pradesh,MANDSAUR,2009,Whole Year,Cotton(lint),309,39,0.126213592
Madhya Pradesh,MANDSAUR,2009,Whole Year,Dry chillies,560,1191,2.126785714
Madhya Pradesh,MANDSAUR,2009,Whole Year,Garlic,6519,27568,4.228869459
Madhya Pradesh,MANDSAUR,2009,Whole Year,Gram,47378,34491,0.727996116
Madhya Pradesh,MANDSAUR,2009,Whole Year,Groundnut,1222,964,0.788870704
Madhya Pradesh,MANDSAUR,2009,Whole Year,Linseed,1857,1566,0.843295638
Madhya Pradesh,MANDSAUR,2009,Whole Year,Maize,36703,43402,1.18251914
Madhya Pradesh,MANDSAUR,2009,Whole Year,Masoor,1660,756,0.455421687
Madhya Pradesh,MANDSAUR,2009,Whole Year,Onion,577,5746,9.958405546
Madhya Pradesh,MANDSAUR,2009,Whole Year,Peas & beans (Pulses),113,59,0.522123894
Madhya Pradesh,MANDSAUR,2009,Whole Year,Potato,12,131,10.91666667
Madhya Pradesh,MANDSAUR,2009,Whole Year,Rapeseed &Mustard,36039,36342,1.008407558
Madhya Pradesh,MANDSAUR,2009,Whole Year,Sesamum,508,234,0.460629921
Madhya Pradesh,MANDSAUR,2009,Whole Year,Soyabean,262564,184057,0.700998614
Madhya Pradesh,MANDSAUR,2009,Whole Year,Sugarcane,6,210,35
Madhya Pradesh,MANDSAUR,2009,Whole Year,Sunflower,2,1,0.5
Madhya Pradesh,MANDSAUR,2009,Whole Year,Sweet potato,25,202,8.08
Madhya Pradesh,MANDSAUR,2009,Whole Year,Tobacco,2,1,0.5
Madhya Pradesh,MANDSAUR,2009,Whole Year,Wheat,63723,156950,2.463003939
Madhya Pradesh,MANDSAUR,2010,Kharif,Arhar/Tur,823,173,0.210206561
Madhya Pradesh,MANDSAUR,2010,Kharif,Bajra,38,45,1.184210526
Madhya Pradesh,MANDSAUR,2010,Kharif,Castor seed,1,,
Madhya Pradesh,MANDSAUR,2010,Kharif,Cotton(lint),351,256,0.729344729
Madhya Pradesh,MANDSAUR,2010,Kharif,Groundnut,1227,1562,1.273023635
Madhya Pradesh,MANDSAUR,2010,Kharif,Jowar,3517,3067,0.872050043
Madhya Pradesh,MANDSAUR,2010,Kharif,Maize,37232,50743,1.362886764
Madhya Pradesh,MANDSAUR,2010,Kharif,Moong(Green Gram),676,300,0.443786982
Madhya Pradesh,MANDSAUR,2010,Kharif,Soyabean,261474,354896,1.357289826
Madhya Pradesh,MANDSAUR,2010,Kharif,Urad,14232,7022,0.493395166
Madhya Pradesh,MANDSAUR,2010,Rabi,Barley,204,503,2.465686275
Madhya Pradesh,MANDSAUR,2010,Rabi,Gram,42786,24901,0.581989436
Madhya Pradesh,MANDSAUR,2010,Rabi,Linseed,1259,695,0.552025417
Madhya Pradesh,MANDSAUR,2010,Rabi,Masoor,2664,717,0.269144144
Madhya Pradesh,MANDSAUR,2010,Rabi,Peas & beans (Pulses),176,55,0.3125
Madhya Pradesh,MANDSAUR,2010,Rabi,Rapeseed &Mustard,30359,22608,0.74468856
Madhya Pradesh,MANDSAUR,2010,Rabi,Wheat,57370,122687,2.138521876
Madhya Pradesh,MANDSAUR,2010,Whole Year,Coriander,26837,15940,0.593956105
Madhya Pradesh,MANDSAUR,2010,Whole Year,Dry chillies,580,1343,2.315517241
Madhya Pradesh,MANDSAUR,2010,Whole Year,Garlic,6738,24719,3.668596023
Madhya Pradesh,MANDSAUR,2010,Whole Year,Onion,708,7972,11.25988701
Madhya Pradesh,MANDSAUR,2010,Whole Year,Potato,22,218,9.909090909
Madhya Pradesh,MANDSAUR,2010,Whole Year,Sesamum,569,299,0.525483304
Madhya Pradesh,MANDSAUR,2010,Whole Year,Sugarcane,5,180,36
Madhya Pradesh,MANDSAUR,2010,Whole Year,Sweet potato,28,171,6.107142857
Madhya Pradesh,MANDSAUR,2010,Whole Year,Tobacco,9,5,0.555555556
Madhya Pradesh,MANDSAUR,2011,Kharif,Arhar/Tur,696,290,0.416666667
Madhya Pradesh,MANDSAUR,2011,Kharif,Bajra,37,37,1
Madhya Pradesh,MANDSAUR,2011,Kharif,Barley,281,916,3.259786477
Madhya Pradesh,MANDSAUR,2011,Kharif,Cotton(lint),549,617,1.123861566
Madhya Pradesh,MANDSAUR,2011,Kharif,Groundnut,1512,1855,1.226851852
Madhya Pradesh,MANDSAUR,2011,Kharif,Jowar,951,937,0.985278654
Madhya Pradesh,MANDSAUR,2011,Kharif,Maize,33185,39213,1.181648335
Madhya Pradesh,MANDSAUR,2011,Kharif,Moong(Green Gram),643,178,0.276827372
Madhya Pradesh,MANDSAUR,2011,Kharif,Other Kharif pulses,289,,
Madhya Pradesh,MANDSAUR,2011,Kharif,Soyabean,270462,374049,1.3830002
Madhya Pradesh,MANDSAUR,2011,Kharif,Urad,13952,4686,0.335865826
Madhya Pradesh,MANDSAUR,2011,Rabi,Gram,37499,31020,0.827222059
Madhya Pradesh,MANDSAUR,2011,Rabi,Linseed,1487,1468,0.987222596
Madhya Pradesh,MANDSAUR,2011,Rabi,Masoor,2605,823,0.315930902
Madhya Pradesh,MANDSAUR,2011,Rabi,Other  Rabi pulses,178,,
Madhya Pradesh,MANDSAUR,2011,Rabi,Peas & beans (Pulses),273,97,0.355311355
Madhya Pradesh,MANDSAUR,2011,Rabi,Rapeseed &Mustard,32617,39826,1.221019714
Madhya Pradesh,MANDSAUR,2011,Rabi,Wheat,88019,366951,4.168997603
Madhya Pradesh,MANDSAUR,2011,Whole Year,Coriander,27675,14738,0.532538392
Madhya Pradesh,MANDSAUR,2011,Whole Year,Dry chillies,677,1212,1.790251108
Madhya Pradesh,MANDSAUR,2011,Whole Year,Garlic,8921,79950,8.961999776
Madhya Pradesh,MANDSAUR,2011,Whole Year,Onion,965,18508,19.17927461
Madhya Pradesh,MANDSAUR,2011,Whole Year,Potato,39,566,14.51282051
Madhya Pradesh,MANDSAUR,2011,Whole Year,Sesamum,522,283,0.542145594
Madhya Pradesh,MANDSAUR,2011,Whole Year,Sugarcane,6,160,26.66666667
Madhya Pradesh,MANDSAUR,2011,Whole Year,Sweet potato,69,614,8.898550725
Madhya Pradesh,MANDSAUR,2011,Whole Year,Tobacco,1,,
Madhya Pradesh,MANDSAUR,2011,Whole Year,Turmeric,1,1,1
Madhya Pradesh,MANDSAUR,2012,Kharif,Arhar/Tur,685,338,0.493430657
Madhya Pradesh,MANDSAUR,2012,Kharif,Bajra,38,63,1.657894737
Madhya Pradesh,MANDSAUR,2012,Kharif,Barley,235,905,3.85106383
Madhya Pradesh,MANDSAUR,2012,Kharif,Cotton(lint),456,641,1.405701754
Madhya Pradesh,MANDSAUR,2012,Kharif,Groundnut,1356,2291,1.689528024
Madhya Pradesh,MANDSAUR,2012,Kharif,Jowar,384,432,1.125
Madhya Pradesh,MANDSAUR,2012,Kharif,Maize,29361,75277,2.563843193
Madhya Pradesh,MANDSAUR,2012,Kharif,Moong(Green Gram),690,421,0.610144928
Madhya Pradesh,MANDSAUR,2012,Kharif,Other Kharif pulses,354,,
Madhya Pradesh,MANDSAUR,2012,Kharif,Sannhamp,5,17,3.4
Madhya Pradesh,MANDSAUR,2012,Kharif,Soyabean,277776,493608,1.777000173
Madhya Pradesh,MANDSAUR,2012,Kharif,Urad,12826,10879,0.848198971
Madhya Pradesh,MANDSAUR,2012,Rabi,Gram,25809,27578,1.068541981
Madhya Pradesh,MANDSAUR,2012,Rabi,Linseed,2805,2907,1.036363636
Madhya Pradesh,MANDSAUR,2012,Rabi,Masoor,2941,1585,0.538932336
Madhya Pradesh,MANDSAUR,2012,Rabi,Peas & beans (Pulses),336,209,0.62202381
Madhya Pradesh,MANDSAUR,2012,Rabi,Rapeseed &Mustard,57282,98926,1.726999756
Madhya Pradesh,MANDSAUR,2012,Rabi,Wheat,86845,358928,4.132972537
Madhya Pradesh,MANDSAUR,2012,Whole Year,Coriander,23337,13768,0.589964434
Madhya Pradesh,MANDSAUR,2012,Whole Year,Dry chillies,606,1642,2.709570957
Madhya Pradesh,MANDSAUR,2012,Whole Year,Dry ginger,2,1,0.5
Madhya Pradesh,MANDSAUR,2012,Whole Year,Garlic,9713,63123,6.49881602
Madhya Pradesh,MANDSAUR,2012,Whole Year,Onion,958,20233,21.12004175
Madhya Pradesh,MANDSAUR,2012,Whole Year,Potato,25,334,13.36
Madhya Pradesh,MANDSAUR,2012,Whole Year,Sesamum,473,267,0.56448203
Madhya Pradesh,MANDSAUR,2012,Whole Year,Sugarcane,3,130,43.33333333
Madhya Pradesh,MANDSAUR,2012,Whole Year,Sweet potato,84,791,9.416666667
Madhya Pradesh,MANDSAUR,2012,Whole Year,Tobacco,3,1,0.333333333
Madhya Pradesh,MANDSAUR,2012,Whole Year,Turmeric,4,3,0.75
Madhya Pradesh,MANDSAUR,2013,Kharif,Arhar/Tur,589,358,0.607809847
Madhya Pradesh,MANDSAUR,2013,Kharif,Bajra,26,29,1.115384615
Madhya Pradesh,MANDSAUR,2013,Kharif,Barley,321,1571,4.894080997
Madhya Pradesh,MANDSAUR,2013,Kharif,Cotton(lint),403,675,1.674937965
Madhya Pradesh,MANDSAUR,2013,Kharif,Groundnut,1362,1702,1.249632893
Madhya Pradesh,MANDSAUR,2013,Kharif,Jowar,180,177,0.983333333
Madhya Pradesh,MANDSAUR,2013,Kharif,Maize,27652,56779,2.05334153
Madhya Pradesh,MANDSAUR,2013,Kharif,Moong(Green Gram),631,251,0.3977813
Madhya Pradesh,MANDSAUR,2013,Kharif,Other Kharif pulses,365,,
Madhya Pradesh,MANDSAUR,2013,Kharif,Soyabean,286396,316754,1.106000084
Madhya Pradesh,MANDSAUR,2013,Kharif,Urad,10752,5829,0.542131696
Madhya Pradesh,MANDSAUR,2013,Rabi,Gram,24566,27157,1.105470976
Madhya Pradesh,MANDSAUR,2013,Rabi,Linseed,6012,6575,1.093646041
Madhya Pradesh,MANDSAUR,2013,Rabi,Masoor,4392,3814,0.868397086
Madhya Pradesh,MANDSAUR,2013,Rabi,Peas & beans (Pulses),342,294,0.859649123
Madhya Pradesh,MANDSAUR,2013,Rabi,Rapeseed &Mustard,48016,88128,1.835388204
Madhya Pradesh,MANDSAUR,2013,Rabi,Wheat,113950,449180,3.941904344
Madhya Pradesh,MANDSAUR,2013,Whole Year,Coriander,31346,18151,0.579053149
Madhya Pradesh,MANDSAUR,2013,Whole Year,Dry chillies,658,1186,1.802431611
Madhya Pradesh,MANDSAUR,2013,Whole Year,Garlic,11388,104550,9.180716544
Madhya Pradesh,MANDSAUR,2013,Whole Year,Onion,1292,25085,19.41563467
Madhya Pradesh,MANDSAUR,2013,Whole Year,Potato,24,291,12.125
Madhya Pradesh,MANDSAUR,2013,Whole Year,Sesamum,374,181,0.483957219
Madhya Pradesh,MANDSAUR,2013,Whole Year,Sweet potato,70,678,9.685714286
Madhya Pradesh,MANDSAUR,2013,Whole Year,Tobacco,3,2,0.666666667
Madhya Pradesh,MORENA,1997,Kharif,Arhar/Tur,7200,6600,0.916666667
Madhya Pradesh,MORENA,1997,Kharif,Bajra,69700,100100,1.43615495
Madhya Pradesh,MORENA,1997,Kharif,Groundnut,1100,1100,1
Madhya Pradesh,MORENA,1997,Kharif,Jowar,5200,4600,0.884615385
Madhya Pradesh,MORENA,1997,Kharif,Maize,400,300,0.75
Madhya Pradesh,MORENA,1997,Kharif,Paddy,5200,9800,1.884615385
Madhya Pradesh,MORENA,1997,Kharif,Sesamum,7000,1800,0.257142857
Madhya Pradesh,MORENA,1997,Kharif,Soyabean,26500,37800,1.426415094
Madhya Pradesh,MORENA,1997,Rabi,Barley,2700,5000,1.851851852
Madhya Pradesh,MORENA,1997,Rabi,Linseed,600,300,0.5
Madhya Pradesh,MORENA,1997,Rabi,Rapeseed &Mustard,214000,144700,0.676168224
Madhya Pradesh,MORENA,1997,Rabi,Wheat,123300,343400,2.785077048
Madhya Pradesh,MORENA,1998,Kharif,Arhar/Tur,6700,6900,1.029850746
Madhya Pradesh,MORENA,1998,Kharif,Bajra,61000,87700,1.437704918
Madhya Pradesh,MORENA,1998,Kharif,Groundnut,100,100,1
Madhya Pradesh,MORENA,1998,Kharif,Jowar,1000,1200,1.2
Madhya Pradesh,MORENA,1998,Kharif,Rice,1400,900,0.642857143
Madhya Pradesh,MORENA,1998,Kharif,Sesamum,3500,1100,0.314285714
Madhya Pradesh,MORENA,1998,Kharif,Soyabean,700,800,1.142857143
Madhya Pradesh,MORENA,1998,Rabi,Barley,1900,3100,1.631578947
Madhya Pradesh,MORENA,1998,Rabi,Gram,7800,12400,1.58974359
Madhya Pradesh,MORENA,1998,Rabi,Linseed,100,100,1
Madhya Pradesh,MORENA,1998,Rabi,Rapeseed &Mustard,141600,172000,1.214689266
Madhya Pradesh,MORENA,1998,Rabi,Wheat,77900,269900,3.464698331
Madhya Pradesh,MORENA,1998,Whole Year,Sugarcane,4742,112530,23.73049346
Madhya Pradesh,MORENA,1999,Kharif,Arhar/Tur,6572,6783,1.032105904
Madhya Pradesh,MORENA,1999,Kharif,Bajra,55010,73383,1.333993819
Madhya Pradesh,MORENA,1999,Kharif,Castor seed,2,1,0.5
Madhya Pradesh,MORENA,1999,Kharif,Groundnut,137,177,1.291970803
Madhya Pradesh,MORENA,1999,Kharif,Jowar,1046,1098,1.049713193
Madhya Pradesh,MORENA,1999,Kharif,Maize,23,26,1.130434783
Madhya Pradesh,MORENA,1999,Kharif,Other Kharif pulses,2227,1114,0.500224517
Madhya Pradesh,MORENA,1999,Kharif,Rice,2176,4964,2.28125
Madhya Pradesh,MORENA,1999,Kharif,Sesamum,2035,605,0.297297297
Madhya Pradesh,MORENA,1999,Kharif,Soyabean,168,245,1.458333333
Madhya Pradesh,MORENA,1999,Kharif,Urad,291,128,0.439862543
Madhya Pradesh,MORENA,1999,Rabi,Barley,1844,3061,1.659978308
Madhya Pradesh,MORENA,1999,Rabi,Gram,7358,8947,1.215955423
Madhya Pradesh,MORENA,1999,Rabi,Linseed,20,11,0.55
Madhya Pradesh,MORENA,1999,Rabi,Other  Rabi pulses,2250,1261,0.560444444
Madhya Pradesh,MORENA,1999,Rabi,Rapeseed &Mustard,144836,215950,1.490996714
Madhya Pradesh,MORENA,1999,Rabi,Wheat,76069,212003,2.786982871
Madhya Pradesh,MORENA,1999,Whole Year,Coriander,1,1,1
Madhya Pradesh,MORENA,1999,Whole Year,Dry chillies,223,166,0.744394619
Madhya Pradesh,MORENA,1999,Whole Year,Garlic,31,67,2.161290323
Madhya Pradesh,MORENA,1999,Whole Year,Onion,74,529,7.148648649
Madhya Pradesh,MORENA,1999,Whole Year,Potato,857,7954,9.281213536
Madhya Pradesh,MORENA,1999,Whole Year,Sannhamp,5,11,2.2
Madhya Pradesh,MORENA,1999,Whole Year,Sugarcane,2900,137400,47.37931034
Madhya Pradesh,MORENA,1999,Whole Year,Sweet potato,84,531,6.321428571
Madhya Pradesh,MORENA,2000,Kharif,Arhar/Tur,7799,6799,0.871778433
Madhya Pradesh,MORENA,2000,Kharif,Bajra,73924,123971,1.677006114
Madhya Pradesh,MORENA,2000,Kharif,Castor seed,1,1,1
Madhya Pradesh,MORENA,2000,Kharif,Groundnut,131,147,1.122137405
Madhya Pradesh,MORENA,2000,Kharif,Jowar,788,713,0.904822335
Madhya Pradesh,MORENA,2000,Kharif,Maize,44,55,1.25
Madhya Pradesh,MORENA,2000,Kharif,Other Kharif pulses,2609,1064,0.407819088
Madhya Pradesh,MORENA,2000,Kharif,Rice,2042,4183,2.048481881
Madhya Pradesh,MORENA,2000,Kharif,Sesamum,3393,1368,0.403183024
Madhya Pradesh,MORENA,2000,Kharif,Soyabean,232,265,1.142241379
Madhya Pradesh,MORENA,2000,Rabi,Barley,3461,5361,1.548974285
Madhya Pradesh,MORENA,2000,Rabi,Gram,15104,18524,1.226430085
Madhya Pradesh,MORENA,2000,Rabi,Linseed,25,12,0.48
Madhya Pradesh,MORENA,2000,Rabi,Other  Rabi pulses,5142,2702,0.525476468
Madhya Pradesh,MORENA,2000,Rabi,Rapeseed &Mustard,109724,134851,1.229001859
Madhya Pradesh,MORENA,2000,Rabi,Wheat,75611,218345,2.887741202
Madhya Pradesh,MORENA,2000,Whole Year,Dry chillies,302,146,0.483443709
Madhya Pradesh,MORENA,2000,Whole Year,Garlic,3,6,2
Madhya Pradesh,MORENA,2000,Whole Year,Onion,65,560,8.615384615
Madhya Pradesh,MORENA,2000,Whole Year,Sannhamp,21,44,2.095238095
Madhya Pradesh,MORENA,2000,Whole Year,Sugarcane,4561,161350,35.37601403
Madhya Pradesh,MORENA,2001,Kharif,Arhar/Tur,6982,7111,1.018476081
Madhya Pradesh,MORENA,2001,Kharif,Bajra,70175,121964,1.737997862
Madhya Pradesh,MORENA,2001,Kharif,Castor seed,16,7,0.4375
Madhya Pradesh,MORENA,2001,Kharif,Groundnut,159,167,1.050314465
Madhya Pradesh,MORENA,2001,Kharif,Jowar,482,474,0.98340249
Madhya Pradesh,MORENA,2001,Kharif,Maize,53,83,1.566037736
Madhya Pradesh,MORENA,2001,Kharif,Other Kharif pulses,2069,964,0.465925568
Madhya Pradesh,MORENA,2001,Kharif,Rice,1870,3639,1.945989305
Madhya Pradesh,MORENA,2001,Kharif,Sesamum,4080,1492,0.365686275
Madhya Pradesh,MORENA,2001,Kharif,Soyabean,237,346,1.459915612
Madhya Pradesh,MORENA,2001,Rabi,Barley,2567,4394,1.71172575
Madhya Pradesh,MORENA,2001,Rabi,Gram,24378,33220,1.362704077
Madhya Pradesh,MORENA,2001,Rabi,Linseed,6,4,0.666666667
Madhya Pradesh,MORENA,2001,Rabi,Other  Rabi pulses,2459,1269,0.51606344
Madhya Pradesh,MORENA,2001,Rabi,Rapeseed &Mustard,125269,151200,1.207002531
Madhya Pradesh,MORENA,2001,Rabi,Wheat,66955,181507,2.710880442
Madhya Pradesh,MORENA,2001,Whole Year,Coriander,7,4,0.571428571
Madhya Pradesh,MORENA,2001,Whole Year,Dry chillies,194,132,0.680412371
Madhya Pradesh,MORENA,2001,Whole Year,Garlic,33,72,2.181818182
Madhya Pradesh,MORENA,2001,Whole Year,Onion,65,540,8.307692308
Madhya Pradesh,MORENA,2001,Whole Year,Potato,507,6142,12.11439842
Madhya Pradesh,MORENA,2001,Whole Year,Sannhamp,7,17,2.428571429
Madhya Pradesh,MORENA,2001,Whole Year,Sugarcane,2939,139240,47.37665873
Madhya Pradesh,MORENA,2001,Whole Year,Sweet potato,42,252,6
Madhya Pradesh,MORENA,2002,Kharif,Arhar/Tur,5093,3014,0.591792657
Madhya Pradesh,MORENA,2002,Kharif,Bajra,73237,68843,0.940003004
Madhya Pradesh,MORENA,2002,Kharif,Castor seed,8,4,0.5
Madhya Pradesh,MORENA,2002,Kharif,Groundnut,153,85,0.555555556
Madhya Pradesh,MORENA,2002,Kharif,Jowar,543,366,0.674033149
Madhya Pradesh,MORENA,2002,Kharif,Maize,48,50,1.041666667
Madhya Pradesh,MORENA,2002,Kharif,Other Kharif pulses,1903,666,0.349973726
Madhya Pradesh,MORENA,2002,Kharif,Rice,231,367,1.588744589
Madhya Pradesh,MORENA,2002,Kharif,Sesamum,3899,1057,0.271095153
Madhya Pradesh,MORENA,2002,Kharif,Soyabean,172,138,0.802325581
Madhya Pradesh,MORENA,2002,Rabi,Barley,2651,3884,1.465107507
Madhya Pradesh,MORENA,2002,Rabi,Gram,20098,22325,1.110807045
Madhya Pradesh,MORENA,2002,Rabi,Linseed,8,4,0.5
Madhya Pradesh,MORENA,2002,Rabi,Other  Rabi pulses,2382,899,0.377413938
Madhya Pradesh,MORENA,2002,Rabi,Rapeseed &Mustard,111227,88648,0.797000728
Madhya Pradesh,MORENA,2002,Rabi,Wheat,66589,150341,2.257745273
Madhya Pradesh,MORENA,2002,Whole Year,Beans & Mutter(Vegetable),61,0,0
Madhya Pradesh,MORENA,2002,Whole Year,Bhindi,103,0,0
Madhya Pradesh,MORENA,2002,Whole Year,Brinjal,100,19,0.19
Madhya Pradesh,MORENA,2002,Whole Year,Cabbage,87,0,0
Madhya Pradesh,MORENA,2002,Whole Year,Cauliflower,93,0,0
Madhya Pradesh,MORENA,2002,Whole Year,Citrus Fruit,13,0,0
Madhya Pradesh,MORENA,2002,Whole Year,Coriander,7,2,0.285714286
Madhya Pradesh,MORENA,2002,Whole Year,Dry chillies,189,111,0.587301587
Madhya Pradesh,MORENA,2002,Whole Year,Garlic,2,3,1.5
Madhya Pradesh,MORENA,2002,Whole Year,Mango,5,0,0
Madhya Pradesh,MORENA,2002,Whole Year,Onion,43,257,5.976744186
Madhya Pradesh,MORENA,2002,Whole Year,Other Fresh Fruits,5,0,0
Madhya Pradesh,MORENA,2002,Whole Year,Other Vegetables,437,0,0
Madhya Pradesh,MORENA,2002,Whole Year,Pome Fruit,18,0,0
Madhya Pradesh,MORENA,2002,Whole Year,Potato,564,5805,10.29255319
Madhya Pradesh,MORENA,2002,Whole Year,Sannhamp,33,56,1.696969697
Madhya Pradesh,MORENA,2002,Whole Year,Sugarcane,1694,69150,40.82054309
Madhya Pradesh,MORENA,2002,Whole Year,Sweet potato,14,64,4.571428571
Madhya Pradesh,MORENA,2002,Whole Year,Tomato,99,0,0
Madhya Pradesh,MORENA,2003,Kharif,Arhar/Tur,5244,4031,0.768688024
Madhya Pradesh,MORENA,2003,Kharif,Bajra,76803,131103,1.707003633
Madhya Pradesh,MORENA,2003,Kharif,Groundnut,154,151,0.980519481
Madhya Pradesh,MORENA,2003,Kharif,Jowar,496,498,1.004032258
Madhya Pradesh,MORENA,2003,Kharif,Maize,40,51,1.275
Madhya Pradesh,MORENA,2003,Kharif,Other Kharif pulses,2102,835,0.397240723
Madhya Pradesh,MORENA,2003,Kharif,Rice,207,382,1.845410628
Madhya Pradesh,MORENA,2003,Kharif,Sesamum,3722,1688,0.453519613
Madhya Pradesh,MORENA,2003,Kharif,Soyabean,171,221,1.292397661
Madhya Pradesh,MORENA,2003,Kharif,Urad,607,259,0.426688633
Madhya Pradesh,MORENA,2003,Rabi,Barley,2138,3694,1.727782975
Madhya Pradesh,MORENA,2003,Rabi,Gram,15458,19689,1.273709406
Madhya Pradesh,MORENA,2003,Rabi,Linseed,34,17,0.5
Madhya Pradesh,MORENA,2003,Rabi,Other  Rabi pulses,2152,1127,0.523698885
Madhya Pradesh,MORENA,2003,Rabi,Rapeseed &Mustard,135755,184491,1.358999669
Madhya Pradesh,MORENA,2003,Rabi,Wheat,71942,210376,2.92424453
Madhya Pradesh,MORENA,2003,Whole Year,Beans & Mutter(Vegetable),71,0,0
Madhya Pradesh,MORENA,2003,Whole Year,Bhindi,95,0,0
Madhya Pradesh,MORENA,2003,Whole Year,Brinjal,97,0,0
Madhya Pradesh,MORENA,2003,Whole Year,Cabbage,84,0,0
Madhya Pradesh,MORENA,2003,Whole Year,Cauliflower,86,0,0
Madhya Pradesh,MORENA,2003,Whole Year,Citrus Fruit,21,0,0
Madhya Pradesh,MORENA,2003,Whole Year,Coriander,1,0.01,0.01
Madhya Pradesh,MORENA,2003,Whole Year,Dry chillies,228,186,0.815789474
Madhya Pradesh,MORENA,2003,Whole Year,Garlic,4,7,1.75
Madhya Pradesh,MORENA,2003,Whole Year,Mango,18,0,0
Madhya Pradesh,MORENA,2003,Whole Year,Onion,22,155,7.045454545
Madhya Pradesh,MORENA,2003,Whole Year,Other Fresh Fruits,3,0,0
Madhya Pradesh,MORENA,2003,Whole Year,Other Vegetables,459,0,0
Madhya Pradesh,MORENA,2003,Whole Year,Pome Fruit,38,0,0
Madhya Pradesh,MORENA,2003,Whole Year,Potato,651,6862,10.54070661
Madhya Pradesh,MORENA,2003,Whole Year,Sannhamp,3,5,1.666666667
Madhya Pradesh,MORENA,2003,Whole Year,Sugarcane,1226,50040,40.81566069
Madhya Pradesh,MORENA,2003,Whole Year,Sweet potato,25,137,5.48
Madhya Pradesh,MORENA,2003,Whole Year,Tomato,96,0,0
Madhya Pradesh,MORENA,2004,Kharif,Arhar/Tur,3843,3027,0.787665886
Madhya Pradesh,MORENA,2004,Kharif,Bajra,73794,129582,1.755996422
Madhya Pradesh,MORENA,2004,Kharif,Castor seed,1,,
Madhya Pradesh,MORENA,2004,Kharif,Groundnut,154,174,1.12987013
Madhya Pradesh,MORENA,2004,Kharif,Jowar,548,526,0.959854015
Madhya Pradesh,MORENA,2004,Kharif,Maize,37,35,0.945945946
Madhya Pradesh,MORENA,2004,Kharif,Rice,163,326,2
Madhya Pradesh,MORENA,2004,Kharif,Sesamum,4541,2331,0.513323057
Madhya Pradesh,MORENA,2004,Kharif,Soyabean,197,229,1.162436548
Madhya Pradesh,MORENA,2004,Kharif,Urad,542,235,0.433579336
Madhya Pradesh,MORENA,2004,Rabi,Barley,1752,2734,1.560502283
Madhya Pradesh,MORENA,2004,Rabi,Gram,9947,12581,1.264803458
Madhya Pradesh,MORENA,2004,Rabi,Linseed,5,2,0.4
Madhya Pradesh,MORENA,2004,Rabi,Masoor,1532,802,0.523498695
Madhya Pradesh,MORENA,2004,Rabi,Rapeseed &Mustard,158105,202691,1.282002467
Madhya Pradesh,MORENA,2004,Rabi,Wheat,67806,207290,3.057104091
Madhya Pradesh,MORENA,2004,Whole Year,Garlic,100,214,2.14
Madhya Pradesh,MORENA,2004,Whole Year,Onion,14,129,9.214285714
Madhya Pradesh,MORENA,2004,Whole Year,Potato,395,4811,12.17974684
Madhya Pradesh,MORENA,2004,Whole Year,Sugarcane,940,35630,37.90425532
Madhya Pradesh,MORENA,2004,Whole Year,Sweet potato,26,162,6.230769231
Madhya Pradesh,MORENA,2005,Kharif,Arhar/Tur,4454,3518,0.789851819
Madhya Pradesh,MORENA,2005,Kharif,Bajra,79781,156451,1.961005753
Madhya Pradesh,MORENA,2005,Kharif,Castor seed,2,1,0.5
Madhya Pradesh,MORENA,2005,Kharif,Groundnut,72,69,0.958333333
Madhya Pradesh,MORENA,2005,Kharif,Jowar,546,547,1.001831502
Madhya Pradesh,MORENA,2005,Kharif,Maize,19,24,1.263157895
Madhya Pradesh,MORENA,2005,Kharif,Moong(Green Gram),714,318,0.445378151
Madhya Pradesh,MORENA,2005,Kharif,Rice,537,1125,2.094972067
Madhya Pradesh,MORENA,2005,Kharif,Sesamum,5350,2238,0.418317757
Madhya Pradesh,MORENA,2005,Kharif,Soyabean,349,519,1.487106017
Madhya Pradesh,MORENA,2005,Kharif,Urad,458,202,0.441048035
Madhya Pradesh,MORENA,2005,Rabi,Barley,1698,3053,1.797997644
Madhya Pradesh,MORENA,2005,Rabi,Gram,8770,11139,1.270125428
Madhya Pradesh,MORENA,2005,Rabi,Linseed,3,2,0.666666667
Madhya Pradesh,MORENA,2005,Rabi,Masoor,1466,813,0.554570259
Madhya Pradesh,MORENA,2005,Rabi,Peas & beans (Pulses),332,210,0.63253012
Madhya Pradesh,MORENA,2005,Rabi,Rapeseed &Mustard,151131,222767,1.473999378
Madhya Pradesh,MORENA,2005,Rabi,Wheat,68182,216753,3.179035523
Madhya Pradesh,MORENA,2005,Whole Year,Onion,45,368,8.177777778
Madhya Pradesh,MORENA,2005,Whole Year,Potato,555,7244,13.05225225
Madhya Pradesh,MORENA,2005,Whole Year,Sugarcane,931,36830,39.55961332
Madhya Pradesh,MORENA,2005,Whole Year,Sweet potato,30,168,5.6
Madhya Pradesh,MORENA,2006,Kharif,Arhar/Tur,4073,2748,0.674686963
Madhya Pradesh,MORENA,2006,Kharif,Bajra,82751,145725,1.761005909
Madhya Pradesh,MORENA,2006,Kharif,Castor seed,1,,
Madhya Pradesh,MORENA,2006,Kharif,Groundnut,48,35,0.729166667
Madhya Pradesh,MORENA,2006,Kharif,Jowar,207,202,0.975845411
Madhya Pradesh,MORENA,2006,Kharif,Maize,26,20,0.769230769
Madhya Pradesh,MORENA,2006,Kharif,Moong(Green Gram),643,255,0.396578538
Madhya Pradesh,MORENA,2006,Kharif,Rice,452,889,1.966814159
Madhya Pradesh,MORENA,2006,Kharif,Soyabean,277,317,1.144404332
Madhya Pradesh,MORENA,2006,Kharif,Urad,494,185,0.374493927
Madhya Pradesh,MORENA,2006,Rabi,Gram,8644,9707,1.122975474
Madhya Pradesh,MORENA,2006,Rabi,Linseed,1,,
Madhya Pradesh,MORENA,2006,Rabi,Masoor,791,386,0.487989886
Madhya Pradesh,MORENA,2006,Rabi,Other  Rabi pulses,18,,
Madhya Pradesh,MORENA,2006,Rabi,Peas & beans (Pulses),408,218,0.534313725
Madhya Pradesh,MORENA,2006,Rabi,Rapeseed &Mustard,146768,195348,1.330998583
Madhya Pradesh,MORENA,2006,Rabi,Wheat,75244,221864,2.948593908
Madhya Pradesh,MORENA,2006,Whole Year,Dry chillies,220,167,0.759090909
Madhya Pradesh,MORENA,2006,Whole Year,Garlic,7,15,2.142857143
Madhya Pradesh,MORENA,2006,Whole Year,Onion,42,334,7.952380952
Madhya Pradesh,MORENA,2006,Whole Year,Potato,914,11435,12.51094092
Madhya Pradesh,MORENA,2006,Whole Year,Sesamum,5595,1719,0.307238606
Madhya Pradesh,MORENA,2006,Whole Year,Sugarcane,1090,41520,38.09174312
Madhya Pradesh,MORENA,2006,Whole Year,Sweet potato,8,50,6.25
Madhya Pradesh,MORENA,2007,Kharif,Arhar/Tur,3412,2217,0.649765533
Madhya Pradesh,MORENA,2007,Kharif,Bajra,89381,168662,1.887000593
Madhya Pradesh,MORENA,2007,Kharif,Groundnut,76,59,0.776315789
Madhya Pradesh,MORENA,2007,Kharif,Jowar,128,125,0.9765625
Madhya Pradesh,MORENA,2007,Kharif,Maize,3,3,1
Madhya Pradesh,MORENA,2007,Kharif,Rice,115,283,2.460869565
Madhya Pradesh,MORENA,2007,Kharif,Sannhamp,4,1,0.25
Madhya Pradesh,MORENA,2007,Kharif,Soyabean,247,319,1.291497976
Madhya Pradesh,MORENA,2007,Kharif,Urad,435,160,0.367816092
Madhya Pradesh,MORENA,2007,Rabi,Barley,1945,3125,1.606683805
Madhya Pradesh,MORENA,2007,Rabi,Gram,6805,6717,0.987068332
Madhya Pradesh,MORENA,2007,Rabi,Linseed,4,3,0.75
Madhya Pradesh,MORENA,2007,Rabi,Masoor,484,191,0.394628099
Madhya Pradesh,MORENA,2007,Rabi,Peas & beans (Pulses),700,299,0.427142857
Madhya Pradesh,MORENA,2007,Rabi,Rapeseed &Mustard,138013,193632,1.402998268
Madhya Pradesh,MORENA,2007,Rabi,Wheat,78279,159799,2.041403186
Madhya Pradesh,MORENA,2007,Whole Year,Garlic,30,48,1.6
Madhya Pradesh,MORENA,2007,Whole Year,Onion,49,253,5.163265306
Madhya Pradesh,MORENA,2007,Whole Year,Potato,1691,18113,10.71141336
Madhya Pradesh,MORENA,2007,Whole Year,Sesamum,5638,2191,0.388612983
Madhya Pradesh,MORENA,2007,Whole Year,Sugarcane,889,32560,36.62542182
Madhya Pradesh,MORENA,2007,Whole Year,Sweet potato,19,91,4.789473684
Madhya Pradesh,MORENA,2008,Kharif,Arhar/Tur,2922,2273,0.777891855
Madhya Pradesh,MORENA,2008,Kharif,Bajra,87505,143071,1.635003714
Madhya Pradesh,MORENA,2008,Kharif,Groundnut,139,126,0.90647482
Madhya Pradesh,MORENA,2008,Kharif,Jowar,61,70,1.147540984
Madhya Pradesh,MORENA,2008,Kharif,Maize,1,1,1
Madhya Pradesh,MORENA,2008,Kharif,Rice,467,980,2.098501071
Madhya Pradesh,MORENA,2008,Kharif,Soyabean,226,326,1.442477876
Madhya Pradesh,MORENA,2008,Kharif,Urad,324,102,0.314814815
Madhya Pradesh,MORENA,2008,Rabi,Barley,1726,2796,1.619930475
Madhya Pradesh,MORENA,2008,Rabi,Gram,5732,6406,1.117585485
Madhya Pradesh,MORENA,2008,Rabi,Linseed,3,2,0.666666667
Madhya Pradesh,MORENA,2008,Rabi,Masoor,590,322,0.545762712
Madhya Pradesh,MORENA,2008,Rabi,Peas & beans (Pulses),556,346,0.622302158
Madhya Pradesh,MORENA,2008,Rabi,Rapeseed &Mustard,151876,202451,1.333001923
Madhya Pradesh,MORENA,2008,Rabi,Urad,3,1,0.333333333
Madhya Pradesh,MORENA,2008,Rabi,Wheat,80367,184830,2.299824555
Madhya Pradesh,MORENA,2008,Whole Year,Garlic,17,40,2.352941176
Madhya Pradesh,MORENA,2008,Whole Year,Onion,49,257,5.244897959
Madhya Pradesh,MORENA,2008,Whole Year,Potato,2005,22135,11.03990025
Madhya Pradesh,MORENA,2008,Whole Year,Sesamum,4587,1795,0.391323305
Madhya Pradesh,MORENA,2008,Whole Year,Sugarcane,524,21110,40.28625954
Madhya Pradesh,MORENA,2008,Whole Year,Sweet potato,18,131,7.277777778
Madhya Pradesh,MORENA,2009,Kharif,Jowar,115,145,1.260869565
Madhya Pradesh,MORENA,2009,Kharif,Moong(Green Gram),381,182,0.477690289
Madhya Pradesh,MORENA,2009,Kharif,Urad,308,132,0.428571429
Madhya Pradesh,MORENA,2009,Rabi,Urad,1,,
Madhya Pradesh,MORENA,2009,Whole Year,Arhar/Tur,4554,3413,0.749451032
Madhya Pradesh,MORENA,2009,Whole Year,Bajra,91537,157611,1.721828332
Madhya Pradesh,MORENA,2009,Whole Year,Barley,1720,3054,1.775581395
Madhya Pradesh,MORENA,2009,Whole Year,Dry chillies,216,371,1.717592593
Madhya Pradesh,MORENA,2009,Whole Year,Garlic,10,25,2.5
Madhya Pradesh,MORENA,2009,Whole Year,Gram,5967,7419,1.243338361
Madhya Pradesh,MORENA,2009,Whole Year,Groundnut,165,141,0.854545455
Madhya Pradesh,MORENA,2009,Whole Year,Maize,2,2,1
Madhya Pradesh,MORENA,2009,Whole Year,Masoor,854,441,0.516393443
Madhya Pradesh,MORENA,2009,Whole Year,Onion,91,659,7.241758242
Madhya Pradesh,MORENA,2009,Whole Year,Peas & beans (Pulses),639,452,0.707355243
Madhya Pradesh,MORENA,2009,Whole Year,Potato,2091,20920,10.0047824
Madhya Pradesh,MORENA,2009,Whole Year,Rapeseed &Mustard,150614,196401,1.304002284
Madhya Pradesh,MORENA,2009,Whole Year,Rice,102,251,2.460784314
Madhya Pradesh,MORENA,2009,Whole Year,Sesamum,4568,1920,0.420315236
Madhya Pradesh,MORENA,2009,Whole Year,Soyabean,239,344,1.439330544
Madhya Pradesh,MORENA,2009,Whole Year,Sugarcane,503,20270,40.29821074
Madhya Pradesh,MORENA,2009,Whole Year,Sweet potato,30,218,7.266666667
Madhya Pradesh,MORENA,2009,Whole Year,Wheat,81506,179778,2.205702648
Madhya Pradesh,MORENA,2010,Kharif,Arhar/Tur,13622,5071,0.372265453
Madhya Pradesh,MORENA,2010,Kharif,Bajra,96464,238266,2.469999171
Madhya Pradesh,MORENA,2010,Kharif,Groundnut,175,176,1.005714286
Madhya Pradesh,MORENA,2010,Kharif,Jowar,136,186,1.367647059
Madhya Pradesh,MORENA,2010,Kharif,Maize,1,1,1
Madhya Pradesh,MORENA,2010,Kharif,Moong(Green Gram),455,199,0.437362637
Madhya Pradesh,MORENA,2010,Kharif,Rice,184,545,2.961956522
Madhya Pradesh,MORENA,2010,Kharif,Soyabean,285,423,1.484210526
Madhya Pradesh,MORENA,2010,Kharif,Urad,385,155,0.402597403
Madhya Pradesh,MORENA,2010,Rabi,Barley,1856,3204,1.726293103
Madhya Pradesh,MORENA,2010,Rabi,Gram,5697,5468,0.959803405
Madhya Pradesh,MORENA,2010,Rabi,Masoor,1217,403,0.331142153
Madhya Pradesh,MORENA,2010,Rabi,Moong(Green Gram),8,2,0.25
Madhya Pradesh,MORENA,2010,Rabi,Peas & beans (Pulses),1014,396,0.390532544
Madhya Pradesh,MORENA,2010,Rabi,Rapeseed &Mustard,139166,225171,1.61800296
Madhya Pradesh,MORENA,2010,Rabi,Urad,1,,
Madhya Pradesh,MORENA,2010,Rabi,Wheat,95981,221759,2.310446859
Madhya Pradesh,MORENA,2010,Whole Year,Dry chillies,124,303,2.443548387
Madhya Pradesh,MORENA,2010,Whole Year,Dry ginger,2,2,1
Madhya Pradesh,MORENA,2010,Whole Year,Garlic,23,37,1.608695652
Madhya Pradesh,MORENA,2010,Whole Year,Onion,117,743,6.35042735
Madhya Pradesh,MORENA,2010,Whole Year,Potato,2483,23698,9.544099879
Madhya Pradesh,MORENA,2010,Whole Year,Sesamum,4364,2247,0.514894592
Madhya Pradesh,MORENA,2010,Whole Year,Sugarcane,262,11520,43.96946565
Madhya Pradesh,MORENA,2010,Whole Year,Sweet potato,45,203,4.511111111
Madhya Pradesh,MORENA,2011,Kharif,Arhar/Tur,14153,7996,0.564968558
Madhya Pradesh,MORENA,2011,Kharif,Bajra,98569,238537,2.420000203
Madhya Pradesh,MORENA,2011,Kharif,Barley,1664,3235,1.944110577
Madhya Pradesh,MORENA,2011,Kharif,Groundnut,183,187,1.021857923
Madhya Pradesh,MORENA,2011,Kharif,Jowar,368,396,1.076086957
Madhya Pradesh,MORENA,2011,Kharif,Maize,25,21,0.84
Madhya Pradesh,MORENA,2011,Kharif,Moong(Green Gram),457,136,0.297592998
Madhya Pradesh,MORENA,2011,Kharif,Rice,255,741,2.905882353
Madhya Pradesh,MORENA,2011,Kharif,Soyabean,392,480,1.224489796
Madhya Pradesh,MORENA,2011,Kharif,Urad,400,98,0.245
Madhya Pradesh,MORENA,2011,Rabi,Gram,5271,5193,0.985202049
Madhya Pradesh,MORENA,2011,Rabi,Linseed,130,91,0.7
Madhya Pradesh,MORENA,2011,Rabi,Masoor,902,326,0.361419069
Madhya Pradesh,MORENA,2011,Rabi,Peas & beans (Pulses),948,404,0.426160338
Madhya Pradesh,MORENA,2011,Rabi,Rapeseed &Mustard,134093,231445,1.726003595
Madhya Pradesh,MORENA,2011,Rabi,Wheat,104099,412147,3.959183085
Madhya Pradesh,MORENA,2011,Whole Year,Dry chillies,137,194,1.416058394
Madhya Pradesh,MORENA,2011,Whole Year,Garlic,18,27,1.5
Madhya Pradesh,MORENA,2011,Whole Year,Onion,146,707,4.842465753
Madhya Pradesh,MORENA,2011,Whole Year,Potato,2454,24072,9.809290954
Madhya Pradesh,MORENA,2011,Whole Year,Sesamum,4143,1992,0.480811007
Madhya Pradesh,MORENA,2011,Whole Year,Sugarcane,317,8940,28.20189274
Madhya Pradesh,MORENA,2011,Whole Year,Sweet potato,12,59,4.916666667
Madhya Pradesh,MORENA,2012,Kharif,Arhar/Tur,13062,12220,0.935538202
Madhya Pradesh,MORENA,2012,Kharif,Bajra,94708,223416,2.358998184
Madhya Pradesh,MORENA,2012,Kharif,Barley,1572,3805,2.420483461
Madhya Pradesh,MORENA,2012,Kharif,Groundnut,133,144,1.082706767
Madhya Pradesh,MORENA,2012,Kharif,Jowar,86,114,1.325581395
Madhya Pradesh,MORENA,2012,Kharif,Maize,5,8,1.6
Madhya Pradesh,MORENA,2012,Kharif,Moong(Green Gram),322,198,0.614906832
Madhya Pradesh,MORENA,2012,Kharif,Rice,235,729,3.10212766
Madhya Pradesh,MORENA,2012,Kharif,Soyabean,336,433,1.288690476
Madhya Pradesh,MORENA,2012,Kharif,Urad,433,214,0.494226328
Madhya Pradesh,MORENA,2012,Rabi,Gram,5074,7803,1.537839968
Madhya Pradesh,MORENA,2012,Rabi,Linseed,4,2,0.5
Madhya Pradesh,MORENA,2012,Rabi,Masoor,664,485,0.730421687
Madhya Pradesh,MORENA,2012,Rabi,Peas & beans (Pulses),777,689,0.886743887
Madhya Pradesh,MORENA,2012,Rabi,Rapeseed &Mustard,141899,246620,1.737996744
Madhya Pradesh,MORENA,2012,Rabi,Wheat,100612,382423,3.800968075
Madhya Pradesh,MORENA,2012,Whole Year,Dry chillies,55,92,1.672727273
Madhya Pradesh,MORENA,2012,Whole Year,Dry ginger,2,,
Madhya Pradesh,MORENA,2012,Whole Year,Garlic,39,88,2.256410256
Madhya Pradesh,MORENA,2012,Whole Year,Onion,81,612,7.555555556
Madhya Pradesh,MORENA,2012,Whole Year,Potato,1849,43168,23.34667388
Madhya Pradesh,MORENA,2012,Whole Year,Sesamum,3742,1406,0.375734901
Madhya Pradesh,MORENA,2012,Whole Year,Sugarcane,306,13710,44.80392157
Madhya Pradesh,MORENA,2013,Kharif,Arhar/Tur,12686,10438,0.822796784
Madhya Pradesh,MORENA,2013,Kharif,Bajra,111048,237853,2.141893596
Madhya Pradesh,MORENA,2013,Kharif,Barley,1590,4163,2.618238994
Madhya Pradesh,MORENA,2013,Kharif,Groundnut,164,133,0.81097561
Madhya Pradesh,MORENA,2013,Kharif,Jowar,326,394,1.208588957
Madhya Pradesh,MORENA,2013,Kharif,Jute,1054,,
Madhya Pradesh,MORENA,2013,Kharif,Maize,110,127,1.154545455
Madhya Pradesh,MORENA,2013,Kharif,Moong(Green Gram),511,314,0.614481409
Madhya Pradesh,MORENA,2013,Kharif,Rice,540,1052,1.948148148
Madhya Pradesh,MORENA,2013,Kharif,Soyabean,450,607,1.348888889
Madhya Pradesh,MORENA,2013,Kharif,Urad,713,406,0.569424965
Madhya Pradesh,MORENA,2013,Rabi,Gram,4359,5879,1.348703831
Madhya Pradesh,MORENA,2013,Rabi,Linseed,2,1,0.5
Madhya Pradesh,MORENA,2013,Rabi,Masoor,591,437,0.739424704
Madhya Pradesh,MORENA,2013,Rabi,Peas & beans (Pulses),523,441,0.843212237
Madhya Pradesh,MORENA,2013,Rabi,Rapeseed &Mustard,137860,141996,1.030001451
Madhya Pradesh,MORENA,2013,Rabi,Wheat,102492,324488,3.165983687
Madhya Pradesh,MORENA,2013,Whole Year,Dry chillies,260,257,0.988461538
Madhya Pradesh,MORENA,2013,Whole Year,Dry ginger,12,10,0.833333333
Madhya Pradesh,MORENA,2013,Whole Year,Garlic,18,39,2.166666667
Madhya Pradesh,MORENA,2013,Whole Year,Onion,111,831,7.486486486
Madhya Pradesh,MORENA,2013,Whole Year,Potato,2076,38289,18.44364162
Madhya Pradesh,MORENA,2013,Whole Year,Sesamum,3666,1927,0.525641026
Madhya Pradesh,MORENA,2013,Whole Year,Sugarcane,229,12660,55.28384279
Madhya Pradesh,MORENA,2013,Whole Year,Sweet potato,11,61,5.545454545
Madhya Pradesh,NARSINGHPUR,1997,Kharif,Arhar/Tur,14800,20700,1.398648649
Madhya Pradesh,NARSINGHPUR,1997,Kharif,Jowar,5900,7800,1.322033898
Madhya Pradesh,NARSINGHPUR,1997,Kharif,Maize,400,700,1.75
Madhya Pradesh,NARSINGHPUR,1997,Kharif,Paddy,8200,9000,1.097560976
Madhya Pradesh,NARSINGHPUR,1997,Kharif,Sesamum,3600,1300,0.361111111
Madhya Pradesh,NARSINGHPUR,1997,Kharif,Small millets,4600,1200,0.260869565
Madhya Pradesh,NARSINGHPUR,1997,Kharif,Soyabean,121600,172000,1.414473684
Madhya Pradesh,NARSINGHPUR,1997,Kharif,Sunflower,700,500,0.714285714
Madhya Pradesh,NARSINGHPUR,1997,Rabi,Linseed,100,100,1
Madhya Pradesh,NARSINGHPUR,1997,Rabi,Rapeseed &Mustard,1100,900,0.818181818
Madhya Pradesh,NARSINGHPUR,1997,Rabi,Wheat,88500,120300,1.359322034
Madhya Pradesh,NARSINGHPUR,1998,Kharif,Arhar/Tur,15900,26300,1.65408805
Madhya Pradesh,NARSINGHPUR,1998,Kharif,Jowar,4900,8000,1.632653061
Madhya Pradesh,NARSINGHPUR,1998,Kharif,Maize,400,700,1.75
Madhya Pradesh,NARSINGHPUR,1998,Kharif,Rice,8700,7000,0.804597701
Madhya Pradesh,NARSINGHPUR,1998,Kharif,Sesamum,3200,1300,0.40625
Madhya Pradesh,NARSINGHPUR,1998,Kharif,Small millets,4000,1300,0.325
Madhya Pradesh,NARSINGHPUR,1998,Kharif,Soyabean,123200,155700,1.263798701
Madhya Pradesh,NARSINGHPUR,1998,Kharif,Sunflower,800,500,0.625
Madhya Pradesh,NARSINGHPUR,1998,Rabi,Gram,115100,139000,1.207645526
Madhya Pradesh,NARSINGHPUR,1998,Rabi,Linseed,100,100,1
Madhya Pradesh,NARSINGHPUR,1998,Rabi,Rapeseed &Mustard,600,600,1
Madhya Pradesh,NARSINGHPUR,1998,Rabi,Wheat,81800,143500,1.754278729
Madhya Pradesh,NARSINGHPUR,1998,Whole Year,Sugarcane,8016,204000,25.4491018
Madhya Pradesh,NARSINGHPUR,1999,Kharif,Arhar/Tur,13619,20983,1.540715177
Madhya Pradesh,NARSINGHPUR,1999,Kharif,Bajra,55,50,0.909090909
Madhya Pradesh,NARSINGHPUR,1999,Kharif,Dry ginger,94,171,1.819148936
Madhya Pradesh,NARSINGHPUR,1999,Kharif,Groundnut,80,99,1.2375
Madhya Pradesh,NARSINGHPUR,1999,Kharif,Jowar,4778,5875,1.229593972
Madhya Pradesh,NARSINGHPUR,1999,Kharif,Maize,472,778,1.648305085
Madhya Pradesh,NARSINGHPUR,1999,Kharif,Niger seed,363,149,0.41046832
Madhya Pradesh,NARSINGHPUR,1999,Kharif,Other Kharif pulses,4727,1795,0.379733446
Madhya Pradesh,NARSINGHPUR,1999,Kharif,Rice,9396,12017,1.278948489
Madhya Pradesh,NARSINGHPUR,1999,Kharif,Sesamum,2905,882,0.303614458
Madhya Pradesh,NARSINGHPUR,1999,Kharif,Soyabean,123135,150260,1.220286677
Madhya Pradesh,NARSINGHPUR,1999,Kharif,Sunflower,856,569,0.664719626
Madhya Pradesh,NARSINGHPUR,1999,Kharif,Urad,3415,1296,0.379502196
Madhya Pradesh,NARSINGHPUR,1999,Rabi,Gram,121117,149095,1.230999777
Madhya Pradesh,NARSINGHPUR,1999,Rabi,Jowar,2,2,1
Madhya Pradesh,NARSINGHPUR,1999,Rabi,Linseed,78,42,0.538461538
Madhya Pradesh,NARSINGHPUR,1999,Rabi,Other  Rabi pulses,33932,21450,0.632146646
Madhya Pradesh,NARSINGHPUR,1999,Rabi,Rapeseed &Mustard,459,412,0.897603486
Madhya Pradesh,NARSINGHPUR,1999,Rabi,Urad,360,121,0.336111111
Madhya Pradesh,NARSINGHPUR,1999,Rabi,Wheat,81492,259408,3.18323271
Madhya Pradesh,NARSINGHPUR,1999,Whole Year,Coriander,696,373,0.53591954
Madhya Pradesh,NARSINGHPUR,1999,Whole Year,Dry chillies,167,126,0.754491018
Madhya Pradesh,NARSINGHPUR,1999,Whole Year,Garlic,65,278,4.276923077
Madhya Pradesh,NARSINGHPUR,1999,Whole Year,Onion,620,10116,16.31612903
Madhya Pradesh,NARSINGHPUR,1999,Whole Year,Potato,518,9498,18.33590734
Madhya Pradesh,NARSINGHPUR,1999,Whole Year,Sannhamp,79,156,1.974683544
Madhya Pradesh,NARSINGHPUR,1999,Whole Year,Sugarcane,5759,246320,42.77131446
Madhya Pradesh,NARSINGHPUR,1999,Whole Year,Sweet potato,144,1296,9
Madhya Pradesh,NARSINGHPUR,1999,Whole Year,Turmeric,9,11,1.222222222
Madhya Pradesh,NARSINGHPUR,2000,Kharif,Arhar/Tur,15188,21901,1.441993679
Madhya Pradesh,NARSINGHPUR,2000,Kharif,Bajra,60,74,1.233333333
Madhya Pradesh,NARSINGHPUR,2000,Kharif,Dry ginger,149,250,1.677852349
Madhya Pradesh,NARSINGHPUR,2000,Kharif,Groundnut,80,138,1.725
Madhya Pradesh,NARSINGHPUR,2000,Kharif,Jowar,4916,8289,1.686126932
Madhya Pradesh,NARSINGHPUR,2000,Kharif,Maize,521,1138,2.184261036
Madhya Pradesh,NARSINGHPUR,2000,Kharif,Niger seed,296,117,0.39527027
Madhya Pradesh,NARSINGHPUR,2000,Kharif,Other Kharif pulses,4731,1785,0.377298668
Madhya Pradesh,NARSINGHPUR,2000,Kharif,Rice,10835,9094,0.839317028
Madhya Pradesh,NARSINGHPUR,2000,Kharif,Sesamum,2410,980,0.406639004
Madhya Pradesh,NARSINGHPUR,2000,Kharif,Small millets,4150,687,0.165542169
Madhya Pradesh,NARSINGHPUR,2000,Kharif,Soyabean,113621,118109,1.03949974
Madhya Pradesh,NARSINGHPUR,2000,Kharif,Sunflower,634,428,0.675078864
Madhya Pradesh,NARSINGHPUR,2000,Rabi,Gram,125591,144304,1.14899953
Madhya Pradesh,NARSINGHPUR,2000,Rabi,Linseed,39,23,0.58974359
Madhya Pradesh,NARSINGHPUR,2000,Rabi,Other  Rabi pulses,34357,21765,0.633495358
Madhya Pradesh,NARSINGHPUR,2000,Rabi,Rapeseed &Mustard,272,222,0.816176471
Madhya Pradesh,NARSINGHPUR,2000,Rabi,Wheat,77338,252772,3.268406217
Madhya Pradesh,NARSINGHPUR,2000,Whole Year,Coriander,583,316,0.542024014
Madhya Pradesh,NARSINGHPUR,2000,Whole Year,Dry chillies,157,94,0.598726115
Madhya Pradesh,NARSINGHPUR,2000,Whole Year,Garlic,71,313,4.408450704
Madhya Pradesh,NARSINGHPUR,2000,Whole Year,Onion,586,11879,20.27133106
Madhya Pradesh,NARSINGHPUR,2000,Whole Year,Sannhamp,47,128,2.723404255
Madhya Pradesh,NARSINGHPUR,2000,Whole Year,Sugarcane,12332,333700,27.05968213
Madhya Pradesh,NARSINGHPUR,2000,Whole Year,Turmeric,12,10,0.833333333
Madhya Pradesh,NARSINGHPUR,2001,Kharif,Arhar/Tur,15569,28420,1.825422314
Madhya Pradesh,NARSINGHPUR,2001,Kharif,Bajra,29,37,1.275862069
Madhya Pradesh,NARSINGHPUR,2001,Kharif,Dry ginger,220,381,1.731818182
Madhya Pradesh,NARSINGHPUR,2001,Kharif,Groundnut,118,193,1.63559322
Madhya Pradesh,NARSINGHPUR,2001,Kharif,Jowar,5375,8742,1.626418605
Madhya Pradesh,NARSINGHPUR,2001,Kharif,Maize,572,1707,2.984265734
Madhya Pradesh,NARSINGHPUR,2001,Kharif,Niger seed,412,167,0.405339806
Madhya Pradesh,NARSINGHPUR,2001,Kharif,Other Kharif pulses,9690,6360,0.656346749
Madhya Pradesh,NARSINGHPUR,2001,Kharif,Rice,13188,15394,1.167273279
Madhya Pradesh,NARSINGHPUR,2001,Kharif,Sesamum,1940,1048,0.540206186
Madhya Pradesh,NARSINGHPUR,2001,Kharif,Small millets,4063,1376,0.33866601
Madhya Pradesh,NARSINGHPUR,2001,Kharif,Soyabean,91968,155126,1.686738866
Madhya Pradesh,NARSINGHPUR,2001,Kharif,Sunflower,580,453,0.781034483
Madhya Pradesh,NARSINGHPUR,2001,Rabi,Gram,138525,170386,1.230001805
Madhya Pradesh,NARSINGHPUR,2001,Rabi,Jowar,3,3,1
Madhya Pradesh,NARSINGHPUR,2001,Rabi,Linseed,98,63,0.642857143
Madhya Pradesh,NARSINGHPUR,2001,Rabi,Other  Rabi pulses,36447,23082,0.633303153
Madhya Pradesh,NARSINGHPUR,2001,Rabi,Rapeseed &Mustard,164,167,1.018292683
Madhya Pradesh,NARSINGHPUR,2001,Rabi,Wheat,67695,216381,3.19641037
Madhya Pradesh,NARSINGHPUR,2001,Whole Year,Coriander,785,426,0.542675159
Madhya Pradesh,NARSINGHPUR,2001,Whole Year,Dry chillies,162,125,0.771604938
Madhya Pradesh,NARSINGHPUR,2001,Whole Year,Garlic,102,449,4.401960784
Madhya Pradesh,NARSINGHPUR,2001,Whole Year,Onion,602,12213,20.28737542
Madhya Pradesh,NARSINGHPUR,2001,Whole Year,Potato,606,14277,23.55940594
Madhya Pradesh,NARSINGHPUR,2001,Whole Year,Sannhamp,41,133,3.243902439
Madhya Pradesh,NARSINGHPUR,2001,Whole Year,Sugarcane,8007,381060,47.590858
Madhya Pradesh,NARSINGHPUR,2001,Whole Year,Sweet potato,184,1702,9.25
Madhya Pradesh,NARSINGHPUR,2001,Whole Year,Turmeric,14,14,1
Madhya Pradesh,NARSINGHPUR,2002,Kharif,Arhar/Tur,16411,16971,1.034123454
Madhya Pradesh,NARSINGHPUR,2002,Kharif,Bajra,30,21,0.7
Madhya Pradesh,NARSINGHPUR,2002,Kharif,Castor seed,2,1,0.5
Madhya Pradesh,NARSINGHPUR,2002,Kharif,Dry ginger,182,319,1.752747253
Madhya Pradesh,NARSINGHPUR,2002,Kharif,Groundnut,191,176,0.921465969
Madhya Pradesh,NARSINGHPUR,2002,Kharif,Jowar,6088,8299,1.363173456
Madhya Pradesh,NARSINGHPUR,2002,Kharif,Maize,552,1654,2.996376812
Madhya Pradesh,NARSINGHPUR,2002,Kharif,Niger seed,306,127,0.41503268
Madhya Pradesh,NARSINGHPUR,2002,Kharif,Other Kharif pulses,23218,12374,0.532948574
Madhya Pradesh,NARSINGHPUR,2002,Kharif,Rice,12974,9148,0.705102513
Madhya Pradesh,NARSINGHPUR,2002,Kharif,Sesamum,1363,546,0.400586941
Madhya Pradesh,NARSINGHPUR,2002,Kharif,Small millets,3906,1196,0.306195597
Madhya Pradesh,NARSINGHPUR,2002,Kharif,Soyabean,70266,67250,0.957077392
Madhya Pradesh,NARSINGHPUR,2002,Kharif,Sunflower,816,559,0.68504902
Madhya Pradesh,NARSINGHPUR,2002,Rabi,Gram,146810,109520,0.745998229
Madhya Pradesh,NARSINGHPUR,2002,Rabi,Linseed,45,25,0.555555556
Madhya Pradesh,NARSINGHPUR,2002,Rabi,Other  Rabi pulses,37179,16128,0.43379327
Madhya Pradesh,NARSINGHPUR,2002,Rabi,Rapeseed &Mustard,92,67,0.72826087
Madhya Pradesh,NARSINGHPUR,2002,Rabi,Wheat,62524,170610,2.728712175
Madhya Pradesh,NARSINGHPUR,2002,Whole Year,Bhindi,207,0,0
Madhya Pradesh,NARSINGHPUR,2002,Whole Year,Brinjal,570,0,0
Madhya Pradesh,NARSINGHPUR,2002,Whole Year,Cabbage,24,0,0
Madhya Pradesh,NARSINGHPUR,2002,Whole Year,Cauliflower,24,0,0
Madhya Pradesh,NARSINGHPUR,2002,Whole Year,Citrus Fruit,10,0,0
Madhya Pradesh,NARSINGHPUR,2002,Whole Year,Coriander,812,405,0.498768473
Madhya Pradesh,NARSINGHPUR,2002,Whole Year,Dry chillies,169,162,0.958579882
Madhya Pradesh,NARSINGHPUR,2002,Whole Year,Garlic,105,456,4.342857143
Madhya Pradesh,NARSINGHPUR,2002,Whole Year,Mango,27,0,0
Madhya Pradesh,NARSINGHPUR,2002,Whole Year,Onion,595,11119,18.68739496
Madhya Pradesh,NARSINGHPUR,2002,Whole Year,Other Vegetables,302,0,0
Madhya Pradesh,NARSINGHPUR,2002,Whole Year,Papaya,6,184,30.66666667
Madhya Pradesh,NARSINGHPUR,2002,Whole Year,Pome Fruit,26,0,0
Madhya Pradesh,NARSINGHPUR,2002,Whole Year,Potato,609,11600,19.04761905
Madhya Pradesh,NARSINGHPUR,2002,Whole Year,Sannhamp,18,39,2.166666667
Madhya Pradesh,NARSINGHPUR,2002,Whole Year,Sugarcane,8250,382680,46.38545455
Madhya Pradesh,NARSINGHPUR,2002,Whole Year,Sweet potato,195,1607,8.241025641
Madhya Pradesh,NARSINGHPUR,2002,Whole Year,Tomato,524,0,0
Madhya Pradesh,NARSINGHPUR,2003,Kharif,Arhar/Tur,19710,30296,1.537087773
Madhya Pradesh,NARSINGHPUR,2003,Kharif,Bajra,28,41,1.464285714
Madhya Pradesh,NARSINGHPUR,2003,Kharif,Castor seed,5,2,0.4
Madhya Pradesh,NARSINGHPUR,2003,Kharif,Dry ginger,165,293,1.775757576
Madhya Pradesh,NARSINGHPUR,2003,Kharif,Groundnut,88,130,1.477272727
Madhya Pradesh,NARSINGHPUR,2003,Kharif,Jowar,4587,7863,1.714192283
Madhya Pradesh,NARSINGHPUR,2003,Kharif,Maize,552,1451,2.628623188
Madhya Pradesh,NARSINGHPUR,2003,Kharif,Niger seed,227,96,0.422907489
Madhya Pradesh,NARSINGHPUR,2003,Kharif,Other Kharif pulses,25474,14981,0.588089817
Madhya Pradesh,NARSINGHPUR,2003,Kharif,Rice,13309,15565,1.169509355
Madhya Pradesh,NARSINGHPUR,2003,Kharif,Sesamum,1285,865,0.673151751
Madhya Pradesh,NARSINGHPUR,2003,Kharif,Small millets,3630,1358,0.374104683
Madhya Pradesh,NARSINGHPUR,2003,Kharif,Soyabean,62192,117577,1.890548624
Madhya Pradesh,NARSINGHPUR,2003,Kharif,Sunflower,1118,765,0.684257603
Madhya Pradesh,NARSINGHPUR,2003,Kharif,Urad,23626,13948,0.590366545
Madhya Pradesh,NARSINGHPUR,2003,Rabi,Gram,148291,152740,1.030001821
Madhya Pradesh,NARSINGHPUR,2003,Rabi,Linseed,47,32,0.680851064
Madhya Pradesh,NARSINGHPUR,2003,Rabi,Other  Rabi pulses,37711,21491,0.56988677
Madhya Pradesh,NARSINGHPUR,2003,Rabi,Rapeseed &Mustard,203,226,1.113300493
Madhya Pradesh,NARSINGHPUR,2003,Rabi,Urad,318,106,0.333333333
Madhya Pradesh,NARSINGHPUR,2003,Rabi,Wheat,60462,181707,3.00530912
Madhya Pradesh,NARSINGHPUR,2003,Whole Year,Beans & Mutter(Vegetable),45,0,0
Madhya Pradesh,NARSINGHPUR,2003,Whole Year,Bhindi,182,0,0
Madhya Pradesh,NARSINGHPUR,2003,Whole Year,Brinjal,539,0,0
Madhya Pradesh,NARSINGHPUR,2003,Whole Year,Cabbage,34,0,0
Madhya Pradesh,NARSINGHPUR,2003,Whole Year,Cauliflower,46,0,0
Madhya Pradesh,NARSINGHPUR,2003,Whole Year,Citrus Fruit,9,0,0
Madhya Pradesh,NARSINGHPUR,2003,Whole Year,Coriander,1010,533,0.527722772
Madhya Pradesh,NARSINGHPUR,2003,Whole Year,Dry chillies,225,209,0.928888889
Madhya Pradesh,NARSINGHPUR,2003,Whole Year,Garlic,109,487,4.467889908
Madhya Pradesh,NARSINGHPUR,2003,Whole Year,Mango,27,0,0
Madhya Pradesh,NARSINGHPUR,2003,Whole Year,Onion,592,10649,17.98817568
Madhya Pradesh,NARSINGHPUR,2003,Whole Year,Orange,1,0,0
Madhya Pradesh,NARSINGHPUR,2003,Whole Year,Other Fresh Fruits,9,0,0
Madhya Pradesh,NARSINGHPUR,2003,Whole Year,Other Vegetables,567,0,0
Madhya Pradesh,NARSINGHPUR,2003,Whole Year,Papaya,1,0,0
Madhya Pradesh,NARSINGHPUR,2003,Whole Year,Pome Fruit,9,0,0
Madhya Pradesh,NARSINGHPUR,2003,Whole Year,Potato,594,11754,19.78787879
Madhya Pradesh,NARSINGHPUR,2003,Whole Year,Sannhamp,19,61,3.210526316
Madhya Pradesh,NARSINGHPUR,2003,Whole Year,Sugarcane,8197,385160,46.98792241
Madhya Pradesh,NARSINGHPUR,2003,Whole Year,Sweet potato,177,1593,9
Madhya Pradesh,NARSINGHPUR,2003,Whole Year,Tomato,506,0,0
Madhya Pradesh,NARSINGHPUR,2003,Whole Year,Turmeric,22,26,1.181818182
Madhya Pradesh,NARSINGHPUR,2004,Kharif,Arhar/Tur,26436,38750,1.465804206
Madhya Pradesh,NARSINGHPUR,2004,Kharif,Bajra,22,34,1.545454545
Madhya Pradesh,NARSINGHPUR,2004,Kharif,Dry ginger,153,272,1.777777778
Madhya Pradesh,NARSINGHPUR,2004,Kharif,Groundnut,64,109,1.703125
Madhya Pradesh,NARSINGHPUR,2004,Kharif,Jowar,5157,8286,1.606748109
Madhya Pradesh,NARSINGHPUR,2004,Kharif,Maize,630,1249,1.982539683
Madhya Pradesh,NARSINGHPUR,2004,Kharif,Niger seed,258,108,0.418604651
Madhya Pradesh,NARSINGHPUR,2004,Kharif,Rice,14027,14953,1.066015541
Madhya Pradesh,NARSINGHPUR,2004,Kharif,Sesamum,1084,801,0.738929889
Madhya Pradesh,NARSINGHPUR,2004,Kharif,Small millets,2849,963,0.338013338
Madhya Pradesh,NARSINGHPUR,2004,Kharif,Soyabean,60194,103536,1.720038542
Madhya Pradesh,NARSINGHPUR,2004,Kharif,Sunflower,849,581,0.684334511
Madhya Pradesh,NARSINGHPUR,2004,Kharif,Urad,17688,9995,0.565072365
Madhya Pradesh,NARSINGHPUR,2004,Rabi,Gram,140195,140055,0.999001391
Madhya Pradesh,NARSINGHPUR,2004,Rabi,Linseed,19,14,0.736842105
Madhya Pradesh,NARSINGHPUR,2004,Rabi,Masoor,28226,17343,0.614433501
Madhya Pradesh,NARSINGHPUR,2004,Rabi,Rapeseed &Mustard,252,293,1.162698413
Madhya Pradesh,NARSINGHPUR,2004,Rabi,Urad,216,72,0.333333333
Madhya Pradesh,NARSINGHPUR,2004,Rabi,Wheat,59188,168938,2.854260999
Madhya Pradesh,NARSINGHPUR,2004,Whole Year,Coriander,1041,549,0.527377522
Madhya Pradesh,NARSINGHPUR,2004,Whole Year,Garlic,123,549,4.463414634
Madhya Pradesh,NARSINGHPUR,2004,Whole Year,Onion,703,14729,20.95163585
Madhya Pradesh,NARSINGHPUR,2004,Whole Year,Potato,591,13062,22.10152284
Madhya Pradesh,NARSINGHPUR,2004,Whole Year,Sugarcane,10806,507750,46.98778456
Madhya Pradesh,NARSINGHPUR,2004,Whole Year,Sweet potato,161,1469,9.124223602
Madhya Pradesh,NARSINGHPUR,2004,Whole Year,Turmeric,25,28,1.12
Madhya Pradesh,NARSINGHPUR,2005,Kharif,Arhar/Tur,25607,33436,1.305736713
Madhya Pradesh,NARSINGHPUR,2005,Kharif,Bajra,11,18,1.636363636
Madhya Pradesh,NARSINGHPUR,2005,Kharif,Groundnut,91,210,2.307692308
Madhya Pradesh,NARSINGHPUR,2005,Kharif,Jowar,4563,8379,1.836291913
Madhya Pradesh,NARSINGHPUR,2005,Kharif,Maize,656,1254,1.911585366
Madhya Pradesh,NARSINGHPUR,2005,Kharif,Moong(Green Gram),1464,863,0.589480874
Madhya Pradesh,NARSINGHPUR,2005,Kharif,Niger seed,227,96,0.422907489
Madhya Pradesh,NARSINGHPUR,2005,Kharif,Rice,13053,13931,1.06726423
Madhya Pradesh,NARSINGHPUR,2005,Kharif,Sesamum,891,565,0.634118967
Madhya Pradesh,NARSINGHPUR,2005,Kharif,Small millets,248,167,0.673387097
Madhya Pradesh,NARSINGHPUR,2005,Kharif,Soyabean,53153,91502,1.721483265
Madhya Pradesh,NARSINGHPUR,2005,Kharif,Sunflower,500,355,0.71
Madhya Pradesh,NARSINGHPUR,2005,Kharif,Urad,13933,7990,0.573458695
Madhya Pradesh,NARSINGHPUR,2005,Rabi,Gram,139117,143847,1.034000158
Madhya Pradesh,NARSINGHPUR,2005,Rabi,Linseed,13,11,0.846153846
Madhya Pradesh,NARSINGHPUR,2005,Rabi,Masoor,32847,21073,0.641550218
Madhya Pradesh,NARSINGHPUR,2005,Rabi,Peas & beans (Pulses),13303,8535,0.641584605
Madhya Pradesh,NARSINGHPUR,2005,Rabi,Rapeseed &Mustard,206,251,1.218446602
Madhya Pradesh,NARSINGHPUR,2005,Rabi,Urad,160,53,0.33125
Madhya Pradesh,NARSINGHPUR,2005,Rabi,Wheat,54522,161664,2.965114999
Madhya Pradesh,NARSINGHPUR,2005,Whole Year,Onion,711,15431,21.70323488
Madhya Pradesh,NARSINGHPUR,2005,Whole Year,Potato,619,13101,21.16478191
Madhya Pradesh,NARSINGHPUR,2005,Whole Year,Sugarcane,17476,854000,48.86701762
Madhya Pradesh,NARSINGHPUR,2005,Whole Year,Sweet potato,131,1162,8.870229008
Madhya Pradesh,NARSINGHPUR,2006,Kharif,Arhar/Tur,24487,29784,1.216318863
Madhya Pradesh,NARSINGHPUR,2006,Kharif,Bajra,2,3,1.5
Madhya Pradesh,NARSINGHPUR,2006,Kharif,Dry ginger,172,306,1.779069767
Madhya Pradesh,NARSINGHPUR,2006,Kharif,Groundnut,54,109,2.018518519
Madhya Pradesh,NARSINGHPUR,2006,Kharif,Jowar,3793,7511,1.980226733
Madhya Pradesh,NARSINGHPUR,2006,Kharif,Jute,2,6,3
Madhya Pradesh,NARSINGHPUR,2006,Kharif,Maize,612,773,1.263071895
Madhya Pradesh,NARSINGHPUR,2006,Kharif,Moong(Green Gram),1484,874,0.588948787
Madhya Pradesh,NARSINGHPUR,2006,Kharif,Niger seed,186,78,0.419354839
Madhya Pradesh,NARSINGHPUR,2006,Kharif,Other Kharif pulses,3,2,0.666666667
Madhya Pradesh,NARSINGHPUR,2006,Kharif,Rice,13605,14579,1.071591327
Madhya Pradesh,NARSINGHPUR,2006,Kharif,Small millets,2248,692,0.307829181
Madhya Pradesh,NARSINGHPUR,2006,Kharif,Soyabean,52647,83315,1.582521321
Madhya Pradesh,NARSINGHPUR,2006,Kharif,Sunflower,232,162,0.698275862
Madhya Pradesh,NARSINGHPUR,2006,Kharif,Urad,13487,7734,0.573441091
Madhya Pradesh,NARSINGHPUR,2006,Rabi,Gram,136802,167446,1.224002573
Madhya Pradesh,NARSINGHPUR,2006,Rabi,Khesari,815,1071,1.314110429
Madhya Pradesh,NARSINGHPUR,2006,Rabi,Linseed,14,11,0.785714286
Madhya Pradesh,NARSINGHPUR,2006,Rabi,Masoor,32021,20543,0.641547734
Madhya Pradesh,NARSINGHPUR,2006,Rabi,Moong(Green Gram),141,48,0.340425532
Madhya Pradesh,NARSINGHPUR,2006,Rabi,Other  Rabi pulses,2,1,0.5
Madhya Pradesh,NARSINGHPUR,2006,Rabi,Peas & beans (Pulses),12823,8227,0.641581533
Madhya Pradesh,NARSINGHPUR,2006,Rabi,Rapeseed &Mustard,143,170,1.188811189
Madhya Pradesh,NARSINGHPUR,2006,Rabi,Urad,354,118,0.333333333
Madhya Pradesh,NARSINGHPUR,2006,Rabi,Wheat,53073,151925,2.862566653
Madhya Pradesh,NARSINGHPUR,2006,Whole Year,Banana,1,,
Madhya Pradesh,NARSINGHPUR,2006,Whole Year,Coriander,884,467,0.528280543
Madhya Pradesh,NARSINGHPUR,2006,Whole Year,Dry chillies,169,216,1.278106509
Madhya Pradesh,NARSINGHPUR,2006,Whole Year,Garlic,91,395,4.340659341
Madhya Pradesh,NARSINGHPUR,2006,Whole Year,Onion,664,14497,21.83283133
Madhya Pradesh,NARSINGHPUR,2006,Whole Year,Potato,548,11507,20.99817518
Madhya Pradesh,NARSINGHPUR,2006,Whole Year,Sesamum,706,373,0.528328612
Madhya Pradesh,NARSINGHPUR,2006,Whole Year,Sugarcane,23562,1151420,48.86766828
Madhya Pradesh,NARSINGHPUR,2006,Whole Year,Sweet potato,127,1127,8.874015748
Madhya Pradesh,NARSINGHPUR,2006,Whole Year,Turmeric,6,7,1.166666667
Madhya Pradesh,NARSINGHPUR,2007,Kharif,Arhar/Tur,24874,29147,1.1717858
Madhya Pradesh,NARSINGHPUR,2007,Kharif,Bajra,67,95,1.417910448
Madhya Pradesh,NARSINGHPUR,2007,Kharif,Groundnut,91,195,2.142857143
Madhya Pradesh,NARSINGHPUR,2007,Kharif,Jowar,3439,5610,1.631288165
Madhya Pradesh,NARSINGHPUR,2007,Kharif,Maize,575,919,1.59826087
Madhya Pradesh,NARSINGHPUR,2007,Kharif,Niger seed,384,162,0.421875
Madhya Pradesh,NARSINGHPUR,2007,Kharif,Ragi,25,7,0.28
Madhya Pradesh,NARSINGHPUR,2007,Kharif,Rice,12944,12744,0.984548826
Madhya Pradesh,NARSINGHPUR,2007,Kharif,Sannhamp,11,6,0.545454545
Madhya Pradesh,NARSINGHPUR,2007,Kharif,Soyabean,63023,81460,1.292543992
Madhya Pradesh,NARSINGHPUR,2007,Kharif,Urad,14066,7473,0.531281103
Madhya Pradesh,NARSINGHPUR,2007,Rabi,Gram,135293,138675,1.024997598
Madhya Pradesh,NARSINGHPUR,2007,Rabi,Khesari,681,601,0.882525698
Madhya Pradesh,NARSINGHPUR,2007,Rabi,Linseed,18,13,0.722222222
Madhya Pradesh,NARSINGHPUR,2007,Rabi,Masoor,31532,13757,0.436286947
Madhya Pradesh,NARSINGHPUR,2007,Rabi,Peas & beans (Pulses),11274,6365,0.564573355
Madhya Pradesh,NARSINGHPUR,2007,Rabi,Rapeseed &Mustard,147,170,1.156462585
Madhya Pradesh,NARSINGHPUR,2007,Rabi,Urad,269,78,0.289962825
Madhya Pradesh,NARSINGHPUR,2007,Rabi,Wheat,54969,157560,2.866342848
Madhya Pradesh,NARSINGHPUR,2007,Whole Year,Coriander,884,447,0.505656109
Madhya Pradesh,NARSINGHPUR,2007,Whole Year,Garlic,99,437,4.414141414
Madhya Pradesh,NARSINGHPUR,2007,Whole Year,Onion,700,13221,18.88714286
Madhya Pradesh,NARSINGHPUR,2007,Whole Year,Potato,588,11586,19.70408163
Madhya Pradesh,NARSINGHPUR,2007,Whole Year,Sesamum,698,421,0.603151862
Madhya Pradesh,NARSINGHPUR,2007,Whole Year,Sugarcane,31626,1545480,48.86738759
Madhya Pradesh,NARSINGHPUR,2007,Whole Year,Sunflower,239,167,0.69874477
Madhya Pradesh,NARSINGHPUR,2007,Whole Year,Sweet potato,124,1069,8.620967742
Madhya Pradesh,NARSINGHPUR,2007,Whole Year,Turmeric,14,16,1.142857143
Madhya Pradesh,NARSINGHPUR,2008,Kharif,Arhar/Tur,26779,37574,1.403114381
Madhya Pradesh,NARSINGHPUR,2008,Kharif,Bajra,2,3,1.5
Madhya Pradesh,NARSINGHPUR,2008,Kharif,Groundnut,82,181,2.207317073
Madhya Pradesh,NARSINGHPUR,2008,Kharif,Jowar,3088,6521,2.111722798
Madhya Pradesh,NARSINGHPUR,2008,Kharif,Maize,600,967,1.611666667
Madhya Pradesh,NARSINGHPUR,2008,Kharif,Niger seed,160,68,0.425
Madhya Pradesh,NARSINGHPUR,2008,Kharif,Rice,13149,12221,0.929424291
Madhya Pradesh,NARSINGHPUR,2008,Kharif,Sannhamp,22,11,0.5
Madhya Pradesh,NARSINGHPUR,2008,Kharif,Soyabean,75029,116391,1.551280172
Madhya Pradesh,NARSINGHPUR,2008,Kharif,Sunflower,98,69,0.704081633
Madhya Pradesh,NARSINGHPUR,2008,Kharif,Urad,13779,8135,0.590391175
Madhya Pradesh,NARSINGHPUR,2008,Rabi,Gram,132598,162565,1.225998884
Madhya Pradesh,NARSINGHPUR,2008,Rabi,Khesari,329,351,1.066869301
Madhya Pradesh,NARSINGHPUR,2008,Rabi,Linseed,6,6,1
Madhya Pradesh,NARSINGHPUR,2008,Rabi,Masoor,32955,16068,0.487573964
Madhya Pradesh,NARSINGHPUR,2008,Rabi,Peas & beans (Pulses),11073,6157,0.556037208
Madhya Pradesh,NARSINGHPUR,2008,Rabi,Rapeseed &Mustard,55,69,1.254545455
Madhya Pradesh,NARSINGHPUR,2008,Rabi,Urad,220,73,0.331818182
Madhya Pradesh,NARSINGHPUR,2008,Rabi,Wheat,62311,189672,3.043956926
Madhya Pradesh,NARSINGHPUR,2008,Whole Year,Coriander,973,492,0.505652621
Madhya Pradesh,NARSINGHPUR,2008,Whole Year,Garlic,81,347,4.283950617
Madhya Pradesh,NARSINGHPUR,2008,Whole Year,Onion,664,12551,18.90210843
Madhya Pradesh,NARSINGHPUR,2008,Whole Year,Potato,491,8642,17.60081466
Madhya Pradesh,NARSINGHPUR,2008,Whole Year,Sesamum,740,409,0.552702703
Madhya Pradesh,NARSINGHPUR,2008,Whole Year,Small millets,1731,529,0.305603697
Madhya Pradesh,NARSINGHPUR,2008,Whole Year,Sugarcane,18642,934340,50.12015878
Madhya Pradesh,NARSINGHPUR,2008,Whole Year,Sweet potato,107,923,8.626168224
Madhya Pradesh,NARSINGHPUR,2008,Whole Year,Turmeric,13,14,1.076923077
Madhya Pradesh,NARSINGHPUR,2009,Kharif,Cowpea(Lobia),7,4,0.571428571
Madhya Pradesh,NARSINGHPUR,2009,Kharif,Jowar,2586,6003,2.321345708
Madhya Pradesh,NARSINGHPUR,2009,Kharif,Moong(Green Gram),1771,1090,0.615471485
Madhya Pradesh,NARSINGHPUR,2009,Kharif,Small millets,1784,580,0.325112108
Madhya Pradesh,NARSINGHPUR,2009,Kharif,Urad,12944,7642,0.59038937
Madhya Pradesh,NARSINGHPUR,2009,Rabi,Cowpea(Lobia),30,15,0.5
Madhya Pradesh,NARSINGHPUR,2009,Rabi,Moong(Green Gram),349,117,0.335243553
Madhya Pradesh,NARSINGHPUR,2009,Rabi,Small millets,1,,
Madhya Pradesh,NARSINGHPUR,2009,Whole Year,Arhar/Tur,30194,39642,1.31290985
Madhya Pradesh,NARSINGHPUR,2009,Whole Year,Bajra,8,13,1.625
Madhya Pradesh,NARSINGHPUR,2009,Whole Year,Coriander,828,419,0.506038647
Madhya Pradesh,NARSINGHPUR,2009,Whole Year,Dry chillies,146,358,2.452054795
Madhya Pradesh,NARSINGHPUR,2009,Whole Year,Dry ginger,132,229,1.734848485
Madhya Pradesh,NARSINGHPUR,2009,Whole Year,Garlic,68,291,4.279411765
Madhya Pradesh,NARSINGHPUR,2009,Whole Year,Gram,128950,162090,1.256998837
Madhya Pradesh,NARSINGHPUR,2009,Whole Year,Groundnut,89,195,2.191011236
Madhya Pradesh,NARSINGHPUR,2009,Whole Year,Khesari,632,728,1.151898734
Madhya Pradesh,NARSINGHPUR,2009,Whole Year,Linseed,5,4,0.8
Madhya Pradesh,NARSINGHPUR,2009,Whole Year,Maize,605,805,1.330578512
Madhya Pradesh,NARSINGHPUR,2009,Whole Year,Masoor,34620,20730,0.598786828
Madhya Pradesh,NARSINGHPUR,2009,Whole Year,Niger seed,65,27,0.415384615
Madhya Pradesh,NARSINGHPUR,2009,Whole Year,Onion,738,14384,19.49051491
Madhya Pradesh,NARSINGHPUR,2009,Whole Year,Peas & beans (Pulses),10927,6637,0.607394527
Madhya Pradesh,NARSINGHPUR,2009,Whole Year,Potato,453,7658,16.90507726
Madhya Pradesh,NARSINGHPUR,2009,Whole Year,Rapeseed &Mustard,35,38,1.085714286
Madhya Pradesh,NARSINGHPUR,2009,Whole Year,Rice,13345,14933,1.118995879
Madhya Pradesh,NARSINGHPUR,2009,Whole Year,Sannhamp,17,10,0.588235294
Madhya Pradesh,NARSINGHPUR,2009,Whole Year,Sesamum,648,380,0.586419753
Madhya Pradesh,NARSINGHPUR,2009,Whole Year,Soyabean,79677,148902,1.868820362
Madhya Pradesh,NARSINGHPUR,2009,Whole Year,Sugarcane,16009,702080,43.85533138
Madhya Pradesh,NARSINGHPUR,2009,Whole Year,Sunflower,50,33,0.66
Madhya Pradesh,NARSINGHPUR,2009,Whole Year,Sweet potato,94,810,8.617021277
Madhya Pradesh,NARSINGHPUR,2009,Whole Year,Turmeric,6,7,1.166666667
Madhya Pradesh,NARSINGHPUR,2009,Whole Year,Wheat,65069,169418,2.603666877
Madhya Pradesh,NARSINGHPUR,2010,Kharif,Arhar/Tur,61608,49776,0.80794702
Madhya Pradesh,NARSINGHPUR,2010,Kharif,Cowpea(Lobia),3,1,0.333333333
Madhya Pradesh,NARSINGHPUR,2010,Kharif,Groundnut,71,189,2.661971831
Madhya Pradesh,NARSINGHPUR,2010,Kharif,Jowar,1734,4476,2.581314879
Madhya Pradesh,NARSINGHPUR,2010,Kharif,Maize,599,945,1.577629382
Madhya Pradesh,NARSINGHPUR,2010,Kharif,Moong(Green Gram),1500,924,0.616
Madhya Pradesh,NARSINGHPUR,2010,Kharif,Niger seed,93,39,0.419354839
Madhya Pradesh,NARSINGHPUR,2010,Kharif,Rice,12545,19469,1.551933041
Madhya Pradesh,NARSINGHPUR,2010,Kharif,Small millets,1183,516,0.436179205
Madhya Pradesh,NARSINGHPUR,2010,Kharif,Soyabean,70949,155777,2.195619389
Madhya Pradesh,NARSINGHPUR,2010,Kharif,Sunflower,31,20,0.64516129
Madhya Pradesh,NARSINGHPUR,2010,Kharif,Urad,10211,6028,0.590343747
Madhya Pradesh,NARSINGHPUR,2010,Rabi,Cowpea(Lobia),10,4,0.4
Madhya Pradesh,NARSINGHPUR,2010,Rabi,Gram,108057,117026,1.083002489
Madhya Pradesh,NARSINGHPUR,2010,Rabi,Khesari,448,462,1.03125
Madhya Pradesh,NARSINGHPUR,2010,Rabi,Masoor,39135,12900,0.32962821
Madhya Pradesh,NARSINGHPUR,2010,Rabi,Moong(Green Gram),459,135,0.294117647
Madhya Pradesh,NARSINGHPUR,2010,Rabi,Peas & beans (Pulses),11451,5050,0.441009519
Madhya Pradesh,NARSINGHPUR,2010,Rabi,Rapeseed &Mustard,87,95,1.091954023
Madhya Pradesh,NARSINGHPUR,2010,Rabi,Urad,162,47,0.290123457
Madhya Pradesh,NARSINGHPUR,2010,Rabi,Wheat,68842,226878,3.29563348
Madhya Pradesh,NARSINGHPUR,2010,Whole Year,Coriander,690,299,0.433333333
Madhya Pradesh,NARSINGHPUR,2010,Whole Year,Dry chillies,164,641,3.908536585
Madhya Pradesh,NARSINGHPUR,2010,Whole Year,Dry ginger,150,260,1.733333333
Madhya Pradesh,NARSINGHPUR,2010,Whole Year,Garlic,82,297,3.62195122
Madhya Pradesh,NARSINGHPUR,2010,Whole Year,Onion,862,19983,23.18213457
Madhya Pradesh,NARSINGHPUR,2010,Whole Year,Potato,901,13766,15.27857936
Madhya Pradesh,NARSINGHPUR,2010,Whole Year,Sannhamp,3,11,3.666666667
Madhya Pradesh,NARSINGHPUR,2010,Whole Year,Sesamum,462,416,0.9004329
Madhya Pradesh,NARSINGHPUR,2010,Whole Year,Sugarcane,15248,668710,43.85558762
Madhya Pradesh,NARSINGHPUR,2010,Whole Year,Sweet potato,93,665,7.150537634
Madhya Pradesh,NARSINGHPUR,2010,Whole Year,Turmeric,10,9,0.9
Madhya Pradesh,NARSINGHPUR,2011,Kharif,Arhar/Tur,51675,58467,1.131436865
Madhya Pradesh,NARSINGHPUR,2011,Kharif,Bajra,19,37,1.947368421
Madhya Pradesh,NARSINGHPUR,2011,Kharif,Groundnut,94,248,2.638297872
Madhya Pradesh,NARSINGHPUR,2011,Kharif,Jowar,2134,5044,2.363636364
Madhya Pradesh,NARSINGHPUR,2011,Kharif,Maize,540,759,1.405555556
Madhya Pradesh,NARSINGHPUR,2011,Kharif,Moong(Green Gram),2135,879,0.411709602
Madhya Pradesh,NARSINGHPUR,2011,Kharif,Niger seed,97,36,0.371134021
Madhya Pradesh,NARSINGHPUR,2011,Kharif,Rice,12088,22637,1.872683653
Madhya Pradesh,NARSINGHPUR,2011,Kharif,Sannhamp,3,6,2
Madhya Pradesh,NARSINGHPUR,2011,Kharif,Small millets,1025,394,0.384390244
Madhya Pradesh,NARSINGHPUR,2011,Kharif,Soyabean,75662,123333,1.630052074
Madhya Pradesh,NARSINGHPUR,2011,Kharif,Urad,11004,4613,0.419211196
Madhya Pradesh,NARSINGHPUR,2011,Rabi,Gram,104927,126486,1.205466658
Madhya Pradesh,NARSINGHPUR,2011,Rabi,Horse-gram,5,1,0.2
Madhya Pradesh,NARSINGHPUR,2011,Rabi,Khesari,381,505,1.325459318
Madhya Pradesh,NARSINGHPUR,2011,Rabi,Linseed,1,2,2
Madhya Pradesh,NARSINGHPUR,2011,Rabi,Masoor,34580,14486,0.418912666
Madhya Pradesh,NARSINGHPUR,2011,Rabi,Moong(Green Gram),341,98,0.287390029
Madhya Pradesh,NARSINGHPUR,2011,Rabi,Other  Rabi pulses,12,5,0.416666667
Madhya Pradesh,NARSINGHPUR,2011,Rabi,Peas & beans (Pulses),9854,4345,0.44093769
Madhya Pradesh,NARSINGHPUR,2011,Rabi,Rapeseed &Mustard,26,43,1.653846154
Madhya Pradesh,NARSINGHPUR,2011,Rabi,Urad,218,46,0.211009174
Madhya Pradesh,NARSINGHPUR,2011,Rabi,Wheat,77318,176403,2.281525647
Madhya Pradesh,NARSINGHPUR,2011,Whole Year,Coriander,481,233,0.484407484
Madhya Pradesh,NARSINGHPUR,2011,Whole Year,Dry chillies,150,354,2.36
Madhya Pradesh,NARSINGHPUR,2011,Whole Year,Dry ginger,220,327,1.486363636
Madhya Pradesh,NARSINGHPUR,2011,Whole Year,Garlic,120,466,3.883333333
Madhya Pradesh,NARSINGHPUR,2011,Whole Year,Onion,875,23201,26.51542857
Madhya Pradesh,NARSINGHPUR,2011,Whole Year,Potato,761,12338,16.21287779
Madhya Pradesh,NARSINGHPUR,2011,Whole Year,Sesamum,250,221,0.884
Madhya Pradesh,NARSINGHPUR,2011,Whole Year,Sugarcane,21271,864680,40.65065112
Madhya Pradesh,NARSINGHPUR,2011,Whole Year,Sunflower,37,22,0.594594595
Madhya Pradesh,NARSINGHPUR,2011,Whole Year,Sweet potato,96,687,7.15625
Madhya Pradesh,NARSINGHPUR,2011,Whole Year,Turmeric,5,6,1.2
Madhya Pradesh,NARSINGHPUR,2012,Kharif,Arhar/Tur,44306,44379,1.001647632
Madhya Pradesh,NARSINGHPUR,2012,Kharif,Groundnut,110,407,3.7
Madhya Pradesh,NARSINGHPUR,2012,Kharif,Jowar,1210,3847,3.179338843
Madhya Pradesh,NARSINGHPUR,2012,Kharif,Maize,888,2504,2.81981982
Madhya Pradesh,NARSINGHPUR,2012,Kharif,Moong(Green Gram),2246,1383,0.615761354
Madhya Pradesh,NARSINGHPUR,2012,Kharif,Niger seed,12,5,0.416666667
Madhya Pradesh,NARSINGHPUR,2012,Kharif,Rice,12914,17213,1.332894533
Madhya Pradesh,NARSINGHPUR,2012,Kharif,Sannhamp,15,45,3
Madhya Pradesh,NARSINGHPUR,2012,Kharif,Small millets,1035,316,0.30531401
Madhya Pradesh,NARSINGHPUR,2012,Kharif,Soyabean,94142,168375,1.788521595
Madhya Pradesh,NARSINGHPUR,2012,Kharif,Urad,10776,5572,0.517074981
Madhya Pradesh,NARSINGHPUR,2012,Rabi,Gram,111540,135211,1.212219831
Madhya Pradesh,NARSINGHPUR,2012,Rabi,Khesari,434,695,1.601382488
Madhya Pradesh,NARSINGHPUR,2012,Rabi,Masoor,33290,28276,0.849384199
Madhya Pradesh,NARSINGHPUR,2012,Rabi,Moong(Green Gram),944,264,0.279661017
Madhya Pradesh,NARSINGHPUR,2012,Rabi,Other  Rabi pulses,38,16,0.421052632
Madhya Pradesh,NARSINGHPUR,2012,Rabi,Peas & beans (Pulses),9368,8126,0.867421008
Madhya Pradesh,NARSINGHPUR,2012,Rabi,Rapeseed &Mustard,39,58,1.487179487
Madhya Pradesh,NARSINGHPUR,2012,Rabi,Urad,147,80,0.544217687
Madhya Pradesh,NARSINGHPUR,2012,Rabi,Wheat,81995,240816,2.936959571
Madhya Pradesh,NARSINGHPUR,2012,Whole Year,Coriander,640,278,0.434375
Madhya Pradesh,NARSINGHPUR,2012,Whole Year,Dry chillies,128,530,4.140625
Madhya Pradesh,NARSINGHPUR,2012,Whole Year,Dry ginger,171,317,1.85380117
Madhya Pradesh,NARSINGHPUR,2012,Whole Year,Garlic,154,675,4.383116883
Madhya Pradesh,NARSINGHPUR,2012,Whole Year,Onion,1058,22722,21.47637051
Madhya Pradesh,NARSINGHPUR,2012,Whole Year,Potato,753,15964,21.20053121
Madhya Pradesh,NARSINGHPUR,2012,Whole Year,Sesamum,716,496,0.69273743
Madhya Pradesh,NARSINGHPUR,2012,Whole Year,Sugarcane,19083,1163370,60.96368496
Madhya Pradesh,NARSINGHPUR,2012,Whole Year,Sunflower,29,29,1
Madhya Pradesh,NARSINGHPUR,2012,Whole Year,Sweet potato,145,130,0.896551724
Madhya Pradesh,NARSINGHPUR,2012,Whole Year,Turmeric,7,10,1.428571429
Madhya Pradesh,NARSINGHPUR,2013,Kharif,Arhar/Tur,33600,38813,1.15514881
Madhya Pradesh,NARSINGHPUR,2013,Kharif,Bajra,9,8,0.888888889
Madhya Pradesh,NARSINGHPUR,2013,Kharif,Barley,4,7,1.75
Madhya Pradesh,NARSINGHPUR,2013,Kharif,Groundnut,104,187,1.798076923
Madhya Pradesh,NARSINGHPUR,2013,Kharif,Jowar,1121,1426,1.272078501
Madhya Pradesh,NARSINGHPUR,2013,Kharif,Maize,1017,1486,1.461160275
Madhya Pradesh,NARSINGHPUR,2013,Kharif,Moong(Green Gram),2817,744,0.264110756
Madhya Pradesh,NARSINGHPUR,2013,Kharif,Niger seed,36,11,0.305555556
Madhya Pradesh,NARSINGHPUR,2013,Kharif,Other Kharif pulses,17,12,0.705882353
Madhya Pradesh,NARSINGHPUR,2013,Kharif,Rice,18364,24989,1.360760183
Madhya Pradesh,NARSINGHPUR,2013,Kharif,Sannhamp,3,11,3.666666667
Madhya Pradesh,NARSINGHPUR,2013,Kharif,Small millets,445,149,0.334831461
Madhya Pradesh,NARSINGHPUR,2013,Kharif,Soyabean,101854,40109,0.393789149
Madhya Pradesh,NARSINGHPUR,2013,Kharif,Urad,10566,2068,0.195722128
Madhya Pradesh,NARSINGHPUR,2013,Rabi,Gram,104286,81214,0.77876225
Madhya Pradesh,NARSINGHPUR,2013,Rabi,Khesari,415,465,1.120481928
Madhya Pradesh,NARSINGHPUR,2013,Rabi,Linseed,5,3,0.6
Madhya Pradesh,NARSINGHPUR,2013,Rabi,Masoor,32349,17539,0.542180593
Madhya Pradesh,NARSINGHPUR,2013,Rabi,Moong(Green Gram),11116,1605,0.14438647
Madhya Pradesh,NARSINGHPUR,2013,Rabi,Other  Rabi pulses,42,17,0.404761905
Madhya Pradesh,NARSINGHPUR,2013,Rabi,Peas & beans (Pulses),8727,7507,0.860203965
Madhya Pradesh,NARSINGHPUR,2013,Rabi,Rapeseed &Mustard,27,19,0.703703704
Madhya Pradesh,NARSINGHPUR,2013,Rabi,Urad,810,584,0.720987654
Madhya Pradesh,NARSINGHPUR,2013,Rabi,Wheat,93171,198021,2.125350163
Madhya Pradesh,NARSINGHPUR,2013,Whole Year,Coriander,627,303,0.483253589
Madhya Pradesh,NARSINGHPUR,2013,Whole Year,Dry chillies,209,451,2.157894737
Madhya Pradesh,NARSINGHPUR,2013,Whole Year,Dry ginger,162,322,1.987654321
Madhya Pradesh,NARSINGHPUR,2013,Whole Year,Garlic,168,1053,6.267857143
Madhya Pradesh,NARSINGHPUR,2013,Whole Year,Onion,2272,61311,26.98547535
Madhya Pradesh,NARSINGHPUR,2013,Whole Year,Potato,603,10417,17.27529022
Madhya Pradesh,NARSINGHPUR,2013,Whole Year,Sesamum,429,240,0.559440559
Madhya Pradesh,NARSINGHPUR,2013,Whole Year,Sugarcane,24258,1205590,49.69865611
Madhya Pradesh,NARSINGHPUR,2013,Whole Year,Sunflower,23,13,0.565217391
Madhya Pradesh,NARSINGHPUR,2013,Whole Year,Sweet potato,139,1280,9.208633094
Madhya Pradesh,NARSINGHPUR,2013,Whole Year,Turmeric,10,13,1.3
Madhya Pradesh,NEEMUCH,1998,Kharif,Arhar/Tur,800,600,0.75
Madhya Pradesh,NEEMUCH,1998,Kharif,Groundnut,5800,6700,1.155172414
Madhya Pradesh,NEEMUCH,1998,Kharif,Jowar,5100,4800,0.941176471
Madhya Pradesh,NEEMUCH,1998,Kharif,Maize,30600,52700,1.722222222
Madhya Pradesh,NEEMUCH,1998,Kharif,Sesamum,200,100,0.5
Madhya Pradesh,NEEMUCH,1998,Kharif,Soyabean,105100,90700,0.862987631
Madhya Pradesh,NEEMUCH,1998,Rabi,Barley,600,1300,2.166666667
Madhya Pradesh,NEEMUCH,1998,Rabi,Gram,52600,59200,1.125475285
Madhya Pradesh,NEEMUCH,1998,Rabi,Linseed,2100,1300,0.619047619
Madhya Pradesh,NEEMUCH,1998,Rabi,Rapeseed &Mustard,14300,13100,0.916083916
Madhya Pradesh,NEEMUCH,1998,Rabi,Wheat,33400,84600,2.532934132
Madhya Pradesh,NEEMUCH,1998,Whole Year,Sugarcane,62,2300,37.09677419
Madhya Pradesh,NEEMUCH,1999,Kharif,Arhar/Tur,866,697,0.804849885
Madhya Pradesh,NEEMUCH,1999,Kharif,Bajra,24,24,1
Madhya Pradesh,NEEMUCH,1999,Kharif,Groundnut,5691,6226,1.094008083
Madhya Pradesh,NEEMUCH,1999,Kharif,Jowar,4342,4127,0.950483648
Madhya Pradesh,NEEMUCH,1999,Kharif,Maize,30956,66980,2.163716242
Madhya Pradesh,NEEMUCH,1999,Kharif,Other Kharif pulses,4585,2497,0.544601963
Madhya Pradesh,NEEMUCH,1999,Kharif,Rice,6,6,1
Madhya Pradesh,NEEMUCH,1999,Kharif,Sesamum,198,62,0.313131313
Madhya Pradesh,NEEMUCH,1999,Kharif,Soyabean,108920,123808,1.136687477
Madhya Pradesh,NEEMUCH,1999,Kharif,Urad,4402,2439,0.554066333
Madhya Pradesh,NEEMUCH,1999,Rabi,Barley,465,1178,2.533333333
Madhya Pradesh,NEEMUCH,1999,Rabi,Gram,43988,45545,1.035396017
Madhya Pradesh,NEEMUCH,1999,Rabi,Linseed,1587,1072,0.675488343
Madhya Pradesh,NEEMUCH,1999,Rabi,Other  Rabi pulses,436,235,0.538990826
Madhya Pradesh,NEEMUCH,1999,Rabi,Rapeseed &Mustard,18512,16238,0.877160761
Madhya Pradesh,NEEMUCH,1999,Rabi,Wheat,32482,103953,3.200326335
Madhya Pradesh,NEEMUCH,1999,Whole Year,Coriander,3776,2366,0.626588983
Madhya Pradesh,NEEMUCH,1999,Whole Year,Dry chillies,194,171,0.881443299
Madhya Pradesh,NEEMUCH,1999,Whole Year,Garlic,9001,44256,4.916787024
Madhya Pradesh,NEEMUCH,1999,Whole Year,Onion,163,1594,9.779141104
Madhya Pradesh,NEEMUCH,1999,Whole Year,Sannhamp,44,116,2.636363636
Madhya Pradesh,NEEMUCH,1999,Whole Year,Sugarcane,35,1590,45.42857143
Madhya Pradesh,NEEMUCH,1999,Whole Year,Sweet potato,12,104,8.666666667
Madhya Pradesh,NEEMUCH,2000,Kharif,Arhar/Tur,662,309,0.466767372
Madhya Pradesh,NEEMUCH,2000,Kharif,Bajra,27,14,0.518518519
Madhya Pradesh,NEEMUCH,2000,Kharif,Castor seed,1,0.1,0.1
Madhya Pradesh,NEEMUCH,2000,Kharif,Groundnut,4131,3180,0.769789397
Madhya Pradesh,NEEMUCH,2000,Kharif,Jowar,5055,2854,0.564589515
Madhya Pradesh,NEEMUCH,2000,Kharif,Maize,35706,55520,1.554920742
Madhya Pradesh,NEEMUCH,2000,Kharif,Other Kharif pulses,4291,1474,0.343509671
Madhya Pradesh,NEEMUCH,2000,Kharif,Rice,10,5,0.5
Madhya Pradesh,NEEMUCH,2000,Kharif,Sesamum,241,76,0.315352697
Madhya Pradesh,NEEMUCH,2000,Kharif,Soyabean,105368,68314,0.648337256
Madhya Pradesh,NEEMUCH,2000,Kharif,Sunflower,1,0.1,0.1
Madhya Pradesh,NEEMUCH,2000,Rabi,Barley,558,1274,2.283154122
Madhya Pradesh,NEEMUCH,2000,Rabi,Gram,13751,12828,0.932877609
Madhya Pradesh,NEEMUCH,2000,Rabi,Linseed,501,286,0.570858283
Madhya Pradesh,NEEMUCH,2000,Rabi,Other  Rabi pulses,345,157,0.455072464
Madhya Pradesh,NEEMUCH,2000,Rabi,Rapeseed &Mustard,6001,3746,0.624229295
Madhya Pradesh,NEEMUCH,2000,Rabi,Wheat,17467,41636,2.383694968
Madhya Pradesh,NEEMUCH,2000,Whole Year,Coriander,1143,639,0.559055118
Madhya Pradesh,NEEMUCH,2000,Whole Year,Dry chillies,183,98,0.535519126
Madhya Pradesh,NEEMUCH,2000,Whole Year,Garlic,3532,14660,4.150622877
Madhya Pradesh,NEEMUCH,2000,Whole Year,Onion,162,1969,12.15432099
Madhya Pradesh,NEEMUCH,2000,Whole Year,Sannhamp,19,39,2.052631579
Madhya Pradesh,NEEMUCH,2000,Whole Year,Sugarcane,6,150,25
Madhya Pradesh,NEEMUCH,2001,Kharif,Arhar/Tur,578,340,0.588235294
Madhya Pradesh,NEEMUCH,2001,Kharif,Bajra,41,37,0.902439024
Madhya Pradesh,NEEMUCH,2001,Kharif,Dry ginger,1,1,1
Madhya Pradesh,NEEMUCH,2001,Kharif,Groundnut,5012,4945,0.986632083
Madhya Pradesh,NEEMUCH,2001,Kharif,Jowar,5187,2877,0.55465587
Madhya Pradesh,NEEMUCH,2001,Kharif,Maize,33030,75690,2.291553134
Madhya Pradesh,NEEMUCH,2001,Kharif,Other Kharif pulses,8404,5026,0.598048548
Madhya Pradesh,NEEMUCH,2001,Kharif,Rice,27,13,0.481481481
Madhya Pradesh,NEEMUCH,2001,Kharif,Sesamum,368,138,0.375
Madhya Pradesh,NEEMUCH,2001,Kharif,Soyabean,104638,88414,0.844951165
Madhya Pradesh,NEEMUCH,2001,Rabi,Barley,472,1205,2.552966102
Madhya Pradesh,NEEMUCH,2001,Rabi,Gram,14720,14996,1.01875
Madhya Pradesh,NEEMUCH,2001,Rabi,Linseed,481,291,0.604989605
Madhya Pradesh,NEEMUCH,2001,Rabi,Other  Rabi pulses,342,132,0.385964912
Madhya Pradesh,NEEMUCH,2001,Rabi,Rapeseed &Mustard,13189,10363,0.785730533
Madhya Pradesh,NEEMUCH,2001,Rabi,Wheat,23189,63512,2.738884816
Madhya Pradesh,NEEMUCH,2001,Whole Year,Coriander,2008,1355,0.674800797
Madhya Pradesh,NEEMUCH,2001,Whole Year,Dry chillies,186,123,0.661290323
Madhya Pradesh,NEEMUCH,2001,Whole Year,Garlic,4758,21572,4.533837747
Madhya Pradesh,NEEMUCH,2001,Whole Year,Onion,291,3588,12.32989691
Madhya Pradesh,NEEMUCH,2001,Whole Year,Potato,4,55,13.75
Madhya Pradesh,NEEMUCH,2001,Whole Year,Sannhamp,34,78,2.294117647
Madhya Pradesh,NEEMUCH,2001,Whole Year,Sugarcane,4,150,37.5
Madhya Pradesh,NEEMUCH,2001,Whole Year,Sweet potato,12,96,8
Madhya Pradesh,NEEMUCH,2001,Whole Year,Turmeric,4,3,0.75
Madhya Pradesh,NEEMUCH,2002,Kharif,Arhar/Tur,454,129,0.284140969
Madhya Pradesh,NEEMUCH,2002,Kharif,Bajra,78,33,0.423076923
Madhya Pradesh,NEEMUCH,2002,Kharif,Groundnut,4913,2288,0.465703236
Madhya Pradesh,NEEMUCH,2002,Kharif,Jowar,5459,2610,0.478109544
Madhya Pradesh,NEEMUCH,2002,Kharif,Maize,31141,44201,1.419382807
Madhya Pradesh,NEEMUCH,2002,Kharif,Other Kharif pulses,16408,4462,0.271940517
Madhya Pradesh,NEEMUCH,2002,Kharif,Rice,10,2,0.2
Madhya Pradesh,NEEMUCH,2002,Kharif,Sesamum,418,115,0.275119617
Madhya Pradesh,NEEMUCH,2002,Kharif,Soyabean,94973,44153,0.464900551
Madhya Pradesh,NEEMUCH,2002,Kharif,Sunflower,2,1,0.5
Madhya Pradesh,NEEMUCH,2002,Rabi,Barley,188,434,2.308510638
Madhya Pradesh,NEEMUCH,2002,Rabi,Gram,6863,6455,0.94055078
Madhya Pradesh,NEEMUCH,2002,Rabi,Linseed,118,58,0.491525424
Madhya Pradesh,NEEMUCH,2002,Rabi,Other  Rabi pulses,115,51,0.443478261
Madhya Pradesh,NEEMUCH,2002,Rabi,Rapeseed &Mustard,2622,1571,0.599160946
Madhya Pradesh,NEEMUCH,2002,Rabi,Safflower,2,1,0.5
Madhya Pradesh,NEEMUCH,2002,Rabi,Wheat,11444,23796,2.079342887
Madhya Pradesh,NEEMUCH,2002,Whole Year,Beans & Mutter(Vegetable),21,0,0
Madhya Pradesh,NEEMUCH,2002,Whole Year,Bhindi,39,0,0
Madhya Pradesh,NEEMUCH,2002,Whole Year,Brinjal,46,0,0
Madhya Pradesh,NEEMUCH,2002,Whole Year,Cabbage,4,0,0
Madhya Pradesh,NEEMUCH,2002,Whole Year,Cauliflower,17,0,0
Madhya Pradesh,NEEMUCH,2002,Whole Year,Citrus Fruit,500,0,0
Madhya Pradesh,NEEMUCH,2002,Whole Year,Coriander,410,261,0.636585366
Madhya Pradesh,NEEMUCH,2002,Whole Year,Dry chillies,115,66,0.573913043
Madhya Pradesh,NEEMUCH,2002,Whole Year,Garlic,3193,11010,3.448167867
Madhya Pradesh,NEEMUCH,2002,Whole Year,Mango,25,0,0
Madhya Pradesh,NEEMUCH,2002,Whole Year,Onion,272,3049,11.20955882
Madhya Pradesh,NEEMUCH,2002,Whole Year,Other Fresh Fruits,2,0,0
Madhya Pradesh,NEEMUCH,2002,Whole Year,Other Vegetables,58,0,0
Madhya Pradesh,NEEMUCH,2002,Whole Year,Papaya,1,0,0
Madhya Pradesh,NEEMUCH,2002,Whole Year,Pome Fruit,11,0,0
Madhya Pradesh,NEEMUCH,2002,Whole Year,Potato,3,38,12.66666667
Madhya Pradesh,NEEMUCH,2002,Whole Year,Sannhamp,15,22,1.466666667
Madhya Pradesh,NEEMUCH,2002,Whole Year,Sweet potato,9,74,8.222222222
Madhya Pradesh,NEEMUCH,2002,Whole Year,Tomato,41,0,0
Madhya Pradesh,NEEMUCH,2003,Kharif,Arhar/Tur,453,285,0.629139073
Madhya Pradesh,NEEMUCH,2003,Kharif,Bajra,19,20,1.052631579
Madhya Pradesh,NEEMUCH,2003,Kharif,Cotton(lint),6,3,0.5
Madhya Pradesh,NEEMUCH,2003,Kharif,Groundnut,4601,5051,1.097804825
Madhya Pradesh,NEEMUCH,2003,Kharif,Jowar,9064,9565,1.05527361
Madhya Pradesh,NEEMUCH,2003,Kharif,Maize,31129,77558,2.4915031
Madhya Pradesh,NEEMUCH,2003,Kharif,Other Kharif pulses,15853,8297,0.523370971
Madhya Pradesh,NEEMUCH,2003,Kharif,other misc. pulses,51,0.01,0.000196078
Madhya Pradesh,NEEMUCH,2003,Kharif,Rice,8,6,0.75
Madhya Pradesh,NEEMUCH,2003,Kharif,Sesamum,735,412,0.560544218
Madhya Pradesh,NEEMUCH,2003,Kharif,Soyabean,94948,122617,1.291412141
Madhya Pradesh,NEEMUCH,2003,Kharif,Urad,15719,8232,0.523697436
Madhya Pradesh,NEEMUCH,2003,Rabi,Barley,365,1020,2.794520548
Madhya Pradesh,NEEMUCH,2003,Rabi,Gram,35021,35717,1.01987379
Madhya Pradesh,NEEMUCH,2003,Rabi,Linseed,367,281,0.765667575
Madhya Pradesh,NEEMUCH,2003,Rabi,Other  Rabi pulses,270,136,0.503703704
Madhya Pradesh,NEEMUCH,2003,Rabi,Rapeseed &Mustard,8605,8962,1.041487507
Madhya Pradesh,NEEMUCH,2003,Rabi,Safflower,12,5,0.416666667
Madhya Pradesh,NEEMUCH,2003,Rabi,Wheat,17725,48953,2.76180536
Madhya Pradesh,NEEMUCH,2003,Whole Year,Beans & Mutter(Vegetable),36,0,0
Madhya Pradesh,NEEMUCH,2003,Whole Year,Bhindi,40,0,0
Madhya Pradesh,NEEMUCH,2003,Whole Year,Brinjal,44,0,0
Madhya Pradesh,NEEMUCH,2003,Whole Year,Cabbage,7,0,0
Madhya Pradesh,NEEMUCH,2003,Whole Year,Cauliflower,33,0,0
Madhya Pradesh,NEEMUCH,2003,Whole Year,Citrus Fruit,3,0,0
Madhya Pradesh,NEEMUCH,2003,Whole Year,Coriander,1662,1088,0.654632972
Madhya Pradesh,NEEMUCH,2003,Whole Year,Dry chillies,141,136,0.964539007
Madhya Pradesh,NEEMUCH,2003,Whole Year,Garlic,4423,20618,4.66154194
Madhya Pradesh,NEEMUCH,2003,Whole Year,Mango,21,0,0
Madhya Pradesh,NEEMUCH,2003,Whole Year,Onion,350,3724,10.64
Madhya Pradesh,NEEMUCH,2003,Whole Year,Orange,514,0,0
Madhya Pradesh,NEEMUCH,2003,Whole Year,Other Vegetables,61,0,0
Madhya Pradesh,NEEMUCH,2003,Whole Year,Papaya,4,0,0
Madhya Pradesh,NEEMUCH,2003,Whole Year,Pome Fruit,66,0,0
Madhya Pradesh,NEEMUCH,2003,Whole Year,Sannhamp,15,44,2.933333333
Madhya Pradesh,NEEMUCH,2003,Whole Year,Sugarcane,1,30,30
Madhya Pradesh,NEEMUCH,2003,Whole Year,Sweet potato,5,43,8.6
Madhya Pradesh,NEEMUCH,2003,Whole Year,Tomato,46,0,0
Madhya Pradesh,NEEMUCH,2003,Whole Year,Turmeric,4,3,0.75
Madhya Pradesh,NEEMUCH,2004,Kharif,Arhar/Tur,546,280,0.512820513
Madhya Pradesh,NEEMUCH,2004,Kharif,Bajra,14,12,0.857142857
Madhya Pradesh,NEEMUCH,2004,Kharif,Cotton(lint),35,30,0.857142857
Madhya Pradesh,NEEMUCH,2004,Kharif,Groundnut,4412,4144,0.939256573
Madhya Pradesh,NEEMUCH,2004,Kharif,Jowar,5534,4125,0.745392121
Madhya Pradesh,NEEMUCH,2004,Kharif,Maize,28857,51068,1.769691929
Madhya Pradesh,NEEMUCH,2004,Kharif,Rice,11,5,0.454545455
Madhya Pradesh,NEEMUCH,2004,Kharif,Sesamum,728,354,0.486263736
Madhya Pradesh,NEEMUCH,2004,Kharif,Soyabean,115071,99150,0.861641943
Madhya Pradesh,NEEMUCH,2004,Kharif,Sunflower,6,2,0.333333333
Madhya Pradesh,NEEMUCH,2004,Kharif,Urad,9269,3869,0.417412882
Madhya Pradesh,NEEMUCH,2004,Rabi,Barley,382,1048,2.743455497
Madhya Pradesh,NEEMUCH,2004,Rabi,Gram,25489,27275,1.070069442
Madhya Pradesh,NEEMUCH,2004,Rabi,Linseed,398,338,0.849246231
Madhya Pradesh,NEEMUCH,2004,Rabi,Masoor,329,177,0.537993921
Madhya Pradesh,NEEMUCH,2004,Rabi,Rapeseed &Mustard,29382,32829,1.117316725
Madhya Pradesh,NEEMUCH,2004,Rabi,Safflower,17,5,0.294117647
Madhya Pradesh,NEEMUCH,2004,Rabi,Wheat,25911,74351,2.869476284
Madhya Pradesh,NEEMUCH,2004,Whole Year,Coriander,2652,1866,0.70361991
Madhya Pradesh,NEEMUCH,2004,Whole Year,Garlic,5605,27201,4.852988403
Madhya Pradesh,NEEMUCH,2004,Whole Year,Onion,356,4717,13.25
Madhya Pradesh,NEEMUCH,2004,Whole Year,Sweet potato,7,60,8.571428571
Madhya Pradesh,NEEMUCH,2004,Whole Year,Turmeric,7,7,1
Madhya Pradesh,NEEMUCH,2005,Kharif,Arhar/Tur,401,182,0.453865337
Madhya Pradesh,NEEMUCH,2005,Kharif,Bajra,31,20,0.64516129
Madhya Pradesh,NEEMUCH,2005,Kharif,Cotton(lint),5,4,0.8
Madhya Pradesh,NEEMUCH,2005,Kharif,Groundnut,3037,3243,1.067830095
Madhya Pradesh,NEEMUCH,2005,Kharif,Jowar,3621,2824,0.779895057
Madhya Pradesh,NEEMUCH,2005,Kharif,Maize,23335,49505,2.121491322
Madhya Pradesh,NEEMUCH,2005,Kharif,Moong(Green Gram),78,18,0.230769231
Madhya Pradesh,NEEMUCH,2005,Kharif,Rice,24,12,0.5
Madhya Pradesh,NEEMUCH,2005,Kharif,Sesamum,686,291,0.424198251
Madhya Pradesh,NEEMUCH,2005,Kharif,Soyabean,122544,72430,0.59105301
Madhya Pradesh,NEEMUCH,2005,Kharif,Sunflower,3,1,0.333333333
Madhya Pradesh,NEEMUCH,2005,Kharif,Urad,5844,1932,0.330595483
Madhya Pradesh,NEEMUCH,2005,Rabi,Barley,397,1102,2.77581864
Madhya Pradesh,NEEMUCH,2005,Rabi,Gram,27154,31561,1.162296531
Madhya Pradesh,NEEMUCH,2005,Rabi,Linseed,273,219,0.802197802
Madhya Pradesh,NEEMUCH,2005,Rabi,Masoor,284,140,0.492957746
Madhya Pradesh,NEEMUCH,2005,Rabi,Rapeseed &Mustard,41477,40222,0.969742267
Madhya Pradesh,NEEMUCH,2005,Rabi,Wheat,24274,62579,2.578025871
Madhya Pradesh,NEEMUCH,2005,Whole Year,Onion,369,4102,11.11653117
Madhya Pradesh,NEEMUCH,2005,Whole Year,Potato,2,23,11.5
Madhya Pradesh,NEEMUCH,2005,Whole Year,Sweet potato,5,32,6.4
Madhya Pradesh,NEEMUCH,2006,Kharif,Arhar/Tur,395,143,0.362025316
Madhya Pradesh,NEEMUCH,2006,Kharif,Bajra,29,25,0.862068966
Madhya Pradesh,NEEMUCH,2006,Kharif,Cotton(lint),3,3,1
Madhya Pradesh,NEEMUCH,2006,Kharif,Groundnut,3452,2923,0.846755504
Madhya Pradesh,NEEMUCH,2006,Kharif,Jowar,2915,2383,0.817495712
Madhya Pradesh,NEEMUCH,2006,Kharif,Jute,7,17,2.428571429
Madhya Pradesh,NEEMUCH,2006,Kharif,Maize,24200,27311,1.128553719
Madhya Pradesh,NEEMUCH,2006,Kharif,Moong(Green Gram),111,26,0.234234234
Madhya Pradesh,NEEMUCH,2006,Kharif,Other Kharif pulses,27,,
Madhya Pradesh,NEEMUCH,2006,Kharif,Rice,29,14,0.482758621
Madhya Pradesh,NEEMUCH,2006,Kharif,Soyabean,123124,87482,0.710519476
Madhya Pradesh,NEEMUCH,2006,Kharif,Urad,5042,1667,0.330622769
Madhya Pradesh,NEEMUCH,2006,Rabi,Gram,21674,22172,1.022976839
Madhya Pradesh,NEEMUCH,2006,Rabi,Linseed,171,142,0.830409357
Madhya Pradesh,NEEMUCH,2006,Rabi,Masoor,229,108,0.471615721
Madhya Pradesh,NEEMUCH,2006,Rabi,Peas & beans (Pulses),6,3,0.5
Madhya Pradesh,NEEMUCH,2006,Rabi,Rapeseed &Mustard,30731,27351,0.890013342
Madhya Pradesh,NEEMUCH,2006,Rabi,Wheat,39934,85246,2.134672209
Madhya Pradesh,NEEMUCH,2006,Whole Year,Coriander,3133,2054,0.65560166
Madhya Pradesh,NEEMUCH,2006,Whole Year,Dry chillies,78,103,1.320512821
Madhya Pradesh,NEEMUCH,2006,Whole Year,Garlic,5602,26471,4.725276687
Madhya Pradesh,NEEMUCH,2006,Whole Year,Onion,374,4960,13.26203209
Madhya Pradesh,NEEMUCH,2006,Whole Year,Potato,3,56,18.66666667
Madhya Pradesh,NEEMUCH,2006,Whole Year,Sesamum,575,187,0.325217391
Madhya Pradesh,NEEMUCH,2006,Whole Year,Sweet potato,5,38,7.6
Madhya Pradesh,NEEMUCH,2006,Whole Year,Turmeric,1,1,1
Madhya Pradesh,NEEMUCH,2007,Kharif,Arhar/Tur,429,145,0.337995338
Madhya Pradesh,NEEMUCH,2007,Kharif,Bajra,13,11,0.846153846
Madhya Pradesh,NEEMUCH,2007,Kharif,Cotton(lint),1,,
Madhya Pradesh,NEEMUCH,2007,Kharif,Groundnut,3361,2685,0.798869384
Madhya Pradesh,NEEMUCH,2007,Kharif,Jowar,2714,2085,0.768238762
Madhya Pradesh,NEEMUCH,2007,Kharif,Maize,27386,39835,1.45457533
Madhya Pradesh,NEEMUCH,2007,Kharif,Rice,41,20,0.487804878
Madhya Pradesh,NEEMUCH,2007,Kharif,Sannhamp,7,3,0.428571429
Madhya Pradesh,NEEMUCH,2007,Kharif,Soyabean,120327,91381,0.759438862
Madhya Pradesh,NEEMUCH,2007,Kharif,Urad,4857,1433,0.295038089
Madhya Pradesh,NEEMUCH,2007,Rabi,Barley,763,2088,2.736566186
Madhya Pradesh,NEEMUCH,2007,Rabi,Gram,17376,14816,0.85267035
Madhya Pradesh,NEEMUCH,2007,Rabi,Linseed,141,96,0.680851064
Madhya Pradesh,NEEMUCH,2007,Rabi,Masoor,156,62,0.397435897
Madhya Pradesh,NEEMUCH,2007,Rabi,Peas & beans (Pulses),7,4,0.571428571
Madhya Pradesh,NEEMUCH,2007,Rabi,Rapeseed &Mustard,23176,21840,0.942354159
Madhya Pradesh,NEEMUCH,2007,Rabi,Wheat,27955,58988,2.110105527
Madhya Pradesh,NEEMUCH,2007,Whole Year,Coriander,3991,1846,0.462540717
Madhya Pradesh,NEEMUCH,2007,Whole Year,Garlic,6353,27992,4.406107351
Madhya Pradesh,NEEMUCH,2007,Whole Year,Onion,592,6597,11.14358108
Madhya Pradesh,NEEMUCH,2007,Whole Year,Potato,2,28,14
Madhya Pradesh,NEEMUCH,2007,Whole Year,Sesamum,591,239,0.404399323
Madhya Pradesh,NEEMUCH,2007,Whole Year,Sweet potato,3,21,7
Madhya Pradesh,NEEMUCH,2007,Whole Year,Turmeric,3,2,0.666666667
Madhya Pradesh,NEEMUCH,2008,Kharif,Arhar/Tur,436,221,0.506880734
Madhya Pradesh,NEEMUCH,2008,Kharif,Bajra,14,13,0.928571429
Madhya Pradesh,NEEMUCH,2008,Kharif,Cotton(lint),1,,
Madhya Pradesh,NEEMUCH,2008,Kharif,Groundnut,3437,3835,1.115798662
Madhya Pradesh,NEEMUCH,2008,Kharif,Jowar,2344,2079,0.886945392
Madhya Pradesh,NEEMUCH,2008,Kharif,Maize,27263,48721,1.787074056
Madhya Pradesh,NEEMUCH,2008,Kharif,Rice,70,36,0.514285714
Madhya Pradesh,NEEMUCH,2008,Kharif,Sannhamp,14,6,0.428571429
Madhya Pradesh,NEEMUCH,2008,Kharif,Soyabean,122288,128706,1.052482664
Madhya Pradesh,NEEMUCH,2008,Kharif,Urad,4348,1309,0.301057958
Madhya Pradesh,NEEMUCH,2008,Rabi,Barley,914,2677,2.928884026
Madhya Pradesh,NEEMUCH,2008,Rabi,Gram,20687,18899,0.913568908
Madhya Pradesh,NEEMUCH,2008,Rabi,Linseed,194,160,0.824742268
Madhya Pradesh,NEEMUCH,2008,Rabi,Masoor,157,64,0.407643312
Madhya Pradesh,NEEMUCH,2008,Rabi,Peas & beans (Pulses),43,20,0.465116279
Madhya Pradesh,NEEMUCH,2008,Rabi,Rapeseed &Mustard,26948,24202,0.898100045
Madhya Pradesh,NEEMUCH,2008,Rabi,Safflower,1,,
Madhya Pradesh,NEEMUCH,2008,Rabi,Wheat,32171,74945,2.329582543
Madhya Pradesh,NEEMUCH,2008,Whole Year,Coriander,5004,3183,0.636091127
Madhya Pradesh,NEEMUCH,2008,Whole Year,Garlic,6696,29930,4.469832736
Madhya Pradesh,NEEMUCH,2008,Whole Year,Onion,392,3912,9.979591837
Madhya Pradesh,NEEMUCH,2008,Whole Year,Potato,18,234,13
Madhya Pradesh,NEEMUCH,2008,Whole Year,Sesamum,671,308,0.459016393
Madhya Pradesh,NEEMUCH,2008,Whole Year,Sugarcane,2,60,30
Madhya Pradesh,NEEMUCH,2008,Whole Year,Sweet potato,1,8,8
Madhya Pradesh,NEEMUCH,2008,Whole Year,Turmeric,4,4,1
Madhya Pradesh,NEEMUCH,2009,Kharif,Jowar,2123,2019,0.951012718
Madhya Pradesh,NEEMUCH,2009,Kharif,Moong(Green Gram),98,26,0.265306122
Madhya Pradesh,NEEMUCH,2009,Kharif,Urad,3702,1202,0.324689357
Madhya Pradesh,NEEMUCH,2009,Whole Year,Arhar/Tur,537,238,0.44320298
Madhya Pradesh,NEEMUCH,2009,Whole Year,Bajra,25,25,1
Madhya Pradesh,NEEMUCH,2009,Whole Year,Barley,796,2180,2.738693467
Madhya Pradesh,NEEMUCH,2009,Whole Year,Coriander,5112,2956,0.578247261
Madhya Pradesh,NEEMUCH,2009,Whole Year,Dry chillies,79,155,1.962025316
Madhya Pradesh,NEEMUCH,2009,Whole Year,Garlic,5925,24593,4.1507173
Madhya Pradesh,NEEMUCH,2009,Whole Year,Gram,14451,12987,0.898692132
Madhya Pradesh,NEEMUCH,2009,Whole Year,Groundnut,3098,3012,0.972240155
Madhya Pradesh,NEEMUCH,2009,Whole Year,Linseed,132,113,0.856060606
Madhya Pradesh,NEEMUCH,2009,Whole Year,Maize,30055,39751,1.322608551
Madhya Pradesh,NEEMUCH,2009,Whole Year,Masoor,214,91,0.425233645
Madhya Pradesh,NEEMUCH,2009,Whole Year,Onion,457,5121,11.20568928
Madhya Pradesh,NEEMUCH,2009,Whole Year,Peas & beans (Pulses),41,20,0.487804878
Madhya Pradesh,NEEMUCH,2009,Whole Year,Potato,4,47,11.75
Madhya Pradesh,NEEMUCH,2009,Whole Year,Rapeseed &Mustard,19335,16989,0.878665632
Madhya Pradesh,NEEMUCH,2009,Whole Year,Rice,60,29,0.483333333
Madhya Pradesh,NEEMUCH,2009,Whole Year,Sannhamp,3,1,0.333333333
Madhya Pradesh,NEEMUCH,2009,Whole Year,Sesamum,618,274,0.443365696
Madhya Pradesh,NEEMUCH,2009,Whole Year,Soyabean,120011,115082,0.958928765
Madhya Pradesh,NEEMUCH,2009,Whole Year,Sugarcane,1,40,40
Madhya Pradesh,NEEMUCH,2009,Whole Year,Sweet potato,5,40,8
Madhya Pradesh,NEEMUCH,2009,Whole Year,Turmeric,3,2,0.666666667
Madhya Pradesh,NEEMUCH,2009,Whole Year,Wheat,29213,61841,2.11690001
Madhya Pradesh,NEEMUCH,2010,Kharif,Arhar/Tur,972,251,0.258230453
Madhya Pradesh,NEEMUCH,2010,Kharif,Bajra,18,22,1.222222222
Madhya Pradesh,NEEMUCH,2010,Kharif,Cotton(lint),4,2,0.5
Madhya Pradesh,NEEMUCH,2010,Kharif,Groundnut,2995,4493,1.500166945
Madhya Pradesh,NEEMUCH,2010,Kharif,Jowar,2054,2718,1.323271665
Madhya Pradesh,NEEMUCH,2010,Kharif,Maize,29692,56782,1.912366968
Madhya Pradesh,NEEMUCH,2010,Kharif,Moong(Green Gram),69,25,0.362318841
Madhya Pradesh,NEEMUCH,2010,Kharif,Rice,47,35,0.744680851
Madhya Pradesh,NEEMUCH,2010,Kharif,Soyabean,119787,96154,0.80270814
Madhya Pradesh,NEEMUCH,2010,Kharif,Urad,4309,1959,0.454629845
Madhya Pradesh,NEEMUCH,2010,Rabi,Barley,1261,4257,3.375892149
Madhya Pradesh,NEEMUCH,2010,Rabi,Gram,15630,15646,1.001023672
Madhya Pradesh,NEEMUCH,2010,Rabi,Linseed,212,168,0.79245283
Madhya Pradesh,NEEMUCH,2010,Rabi,Masoor,494,174,0.352226721
Madhya Pradesh,NEEMUCH,2010,Rabi,Peas & beans (Pulses),123,47,0.382113821
Madhya Pradesh,NEEMUCH,2010,Rabi,Rapeseed &Mustard,19986,20870,1.044230962
Madhya Pradesh,NEEMUCH,2010,Rabi,Wheat,38524,92087,2.390380023
Madhya Pradesh,NEEMUCH,2010,Whole Year,Coriander,7684,3704,0.482040604
Madhya Pradesh,NEEMUCH,2010,Whole Year,Dry chillies,103,278,2.699029126
Madhya Pradesh,NEEMUCH,2010,Whole Year,Garlic,6580,18967,2.882522796
Madhya Pradesh,NEEMUCH,2010,Whole Year,Onion,843,8519,10.10557533
Madhya Pradesh,NEEMUCH,2010,Whole Year,Potato,8,103,12.875
Madhya Pradesh,NEEMUCH,2010,Whole Year,Sannhamp,6,11,1.833333333
Madhya Pradesh,NEEMUCH,2010,Whole Year,Sesamum,790,505,0.639240506
Madhya Pradesh,NEEMUCH,2010,Whole Year,Sugarcane,1,40,40
Madhya Pradesh,NEEMUCH,2010,Whole Year,Sweet potato,7,43,6.142857143
Madhya Pradesh,NEEMUCH,2010,Whole Year,Turmeric,1,1,1
Madhya Pradesh,NEEMUCH,2011,Kharif,Arhar/Tur,418,155,0.370813397
Madhya Pradesh,NEEMUCH,2011,Kharif,Bajra,11,12,1.090909091
Madhya Pradesh,NEEMUCH,2011,Kharif,Barley,1003,3826,3.814556331
Madhya Pradesh,NEEMUCH,2011,Kharif,Cotton(lint),106,98,0.924528302
Madhya Pradesh,NEEMUCH,2011,Kharif,Groundnut,3530,4737,1.341926346
Madhya Pradesh,NEEMUCH,2011,Kharif,Jowar,1497,1451,0.969271877
Madhya Pradesh,NEEMUCH,2011,Kharif,Maize,28106,41271,1.468405323
Madhya Pradesh,NEEMUCH,2011,Kharif,Moong(Green Gram),89,17,0.191011236
Madhya Pradesh,NEEMUCH,2011,Kharif,Other Kharif pulses,19,,
Madhya Pradesh,NEEMUCH,2011,Kharif,Rice,46,35,0.760869565
Madhya Pradesh,NEEMUCH,2011,Kharif,Sannhamp,7,11,1.571428571
Madhya Pradesh,NEEMUCH,2011,Kharif,Small millets,668,435,0.651197605
Madhya Pradesh,NEEMUCH,2011,Kharif,Soyabean,123021,102135,0.830224108
Madhya Pradesh,NEEMUCH,2011,Kharif,Urad,3759,855,0.22745411
Madhya Pradesh,NEEMUCH,2011,Rabi,Gram,13659,14561,1.066037045
Madhya Pradesh,NEEMUCH,2011,Rabi,Linseed,179,197,1.100558659
Madhya Pradesh,NEEMUCH,2011,Rabi,Masoor,439,149,0.339407745
Madhya Pradesh,NEEMUCH,2011,Rabi,Peas & beans (Pulses),67,25,0.373134328
Madhya Pradesh,NEEMUCH,2011,Rabi,Rapeseed &Mustard,16839,19318,1.147217768
Madhya Pradesh,NEEMUCH,2011,Rabi,Wheat,43071,132142,3.068003993
Madhya Pradesh,NEEMUCH,2011,Whole Year,Coriander,7270,4205,0.578404402
Madhya Pradesh,NEEMUCH,2011,Whole Year,Dry chillies,97,173,1.783505155
Madhya Pradesh,NEEMUCH,2011,Whole Year,Garlic,7800,29842,3.825897436
Madhya Pradesh,NEEMUCH,2011,Whole Year,Onion,919,13170,14.33079434
Madhya Pradesh,NEEMUCH,2011,Whole Year,Potato,8,95,11.875
Madhya Pradesh,NEEMUCH,2011,Whole Year,Sesamum,780,456,0.584615385
Madhya Pradesh,NEEMUCH,2011,Whole Year,Sugarcane,3,80,26.66666667
Madhya Pradesh,NEEMUCH,2011,Whole Year,Sweet potato,2,12,6
Madhya Pradesh,NEEMUCH,2011,Whole Year,Turmeric,5,3,0.6
Madhya Pradesh,NEEMUCH,2012,Kharif,Arhar/Tur,600,266,0.443333333
Madhya Pradesh,NEEMUCH,2012,Kharif,Bajra,2,3,1.5
Madhya Pradesh,NEEMUCH,2012,Kharif,Barley,1098,3109,2.83151184
Madhya Pradesh,NEEMUCH,2012,Kharif,Cotton(lint),118,82,0.694915254
Madhya Pradesh,NEEMUCH,2012,Kharif,Groundnut,3799,5338,1.405106607
Madhya Pradesh,NEEMUCH,2012,Kharif,Jowar,708,872,1.231638418
Madhya Pradesh,NEEMUCH,2012,Kharif,Maize,26438,103893,3.929684545
Madhya Pradesh,NEEMUCH,2012,Kharif,Moong(Green Gram),100,33,0.33
Madhya Pradesh,NEEMUCH,2012,Kharif,Other Kharif pulses,15,,
Madhya Pradesh,NEEMUCH,2012,Kharif,Rice,43,23,0.534883721
Madhya Pradesh,NEEMUCH,2012,Kharif,Sannhamp,2,5,2.5
Madhya Pradesh,NEEMUCH,2012,Kharif,Small millets,1,,
Madhya Pradesh,NEEMUCH,2012,Kharif,Soyabean,126236,198484,1.572324852
Madhya Pradesh,NEEMUCH,2012,Kharif,Urad,3510,1842,0.524786325
Madhya Pradesh,NEEMUCH,2012,Rabi,Gram,11802,18501,1.567615658
Madhya Pradesh,NEEMUCH,2012,Rabi,Linseed,149,129,0.865771812
Madhya Pradesh,NEEMUCH,2012,Rabi,Masoor,443,317,0.715575621
Madhya Pradesh,NEEMUCH,2012,Rabi,Peas & beans (Pulses),103,119,1.155339806
Madhya Pradesh,NEEMUCH,2012,Rabi,Rapeseed &Mustard,17940,28223,1.573188406
Madhya Pradesh,NEEMUCH,2012,Rabi,Wheat,42218,162835,3.857004121
Madhya Pradesh,NEEMUCH,2012,Whole Year,Coriander,5641,5923,1.049991136
Madhya Pradesh,NEEMUCH,2012,Whole Year,Dry chillies,78,225,2.884615385
Madhya Pradesh,NEEMUCH,2012,Whole Year,Garlic,7727,70187,9.083344118
Madhya Pradesh,NEEMUCH,2012,Whole Year,Onion,954,22688,23.78197065
Madhya Pradesh,NEEMUCH,2012,Whole Year,Potato,9,156,17.33333333
Madhya Pradesh,NEEMUCH,2012,Whole Year,Sesamum,598,347,0.580267559
Madhya Pradesh,NEEMUCH,2012,Whole Year,Sugarcane,4,200,50
Madhya Pradesh,NEEMUCH,2012,Whole Year,Sweet potato,3,38,12.66666667
Madhya Pradesh,NEEMUCH,2012,Whole Year,Turmeric,5,4,0.8
Madhya Pradesh,NEEMUCH,2013,Kharif,Arhar/Tur,460,188,0.408695652
Madhya Pradesh,NEEMUCH,2013,Kharif,Bajra,9,9,1
Madhya Pradesh,NEEMUCH,2013,Kharif,Barley,1288,4421,3.432453416
Madhya Pradesh,NEEMUCH,2013,Kharif,Cotton(lint),64,91,1.421875
Madhya Pradesh,NEEMUCH,2013,Kharif,Groundnut,3865,4643,1.201293661
Madhya Pradesh,NEEMUCH,2013,Kharif,Jowar,494,455,0.921052632
Madhya Pradesh,NEEMUCH,2013,Kharif,Maize,23726,59675,2.515173228
Madhya Pradesh,NEEMUCH,2013,Kharif,Moong(Green Gram),108,40,0.37037037
Madhya Pradesh,NEEMUCH,2013,Kharif,Other Kharif pulses,30,,
Madhya Pradesh,NEEMUCH,2013,Kharif,Rice,38,14,0.368421053
Madhya Pradesh,NEEMUCH,2013,Kharif,Sannhamp,2,6,3
Madhya Pradesh,NEEMUCH,2013,Kharif,Soyabean,129870,138610,1.067298067
Madhya Pradesh,NEEMUCH,2013,Kharif,Urad,2785,1418,0.509156194
Madhya Pradesh,NEEMUCH,2013,Rabi,Gram,10252,6348,0.619196254
Madhya Pradesh,NEEMUCH,2013,Rabi,Linseed,428,336,0.785046729
Madhya Pradesh,NEEMUCH,2013,Rabi,Masoor,708,617,0.871468927
Madhya Pradesh,NEEMUCH,2013,Rabi,Peas & beans (Pulses),120,128,1.066666667
Madhya Pradesh,NEEMUCH,2013,Rabi,Rapeseed &Mustard,18241,18620,1.02077737
Madhya Pradesh,NEEMUCH,2013,Rabi,Wheat,53379,226327,4.240000749
Madhya Pradesh,NEEMUCH,2013,Whole Year,Coriander,8009,5776,0.721188663
Madhya Pradesh,NEEMUCH,2013,Whole Year,Dry chillies,85,84,0.988235294
Madhya Pradesh,NEEMUCH,2013,Whole Year,Garlic,9027,42981,4.761382519
Madhya Pradesh,NEEMUCH,2013,Whole Year,Onion,1239,15050,12.14689266
Madhya Pradesh,NEEMUCH,2013,Whole Year,Potato,6,64,10.66666667
Madhya Pradesh,NEEMUCH,2013,Whole Year,Sesamum,646,431,0.667182663
Madhya Pradesh,NEEMUCH,2013,Whole Year,Sweet potato,5,64,12.8
Madhya Pradesh,NEEMUCH,2013,Whole Year,Turmeric,6,6,1
Madhya Pradesh,PANNA,1997,Kharif,Arhar/Tur,5000,2500,0.5
Madhya Pradesh,PANNA,1997,Kharif,Bajra,100,100,1
Madhya Pradesh,PANNA,1997,Kharif,Groundnut,100,100,1
Madhya Pradesh,PANNA,1997,Kharif,Jowar,7500,6400,0.853333333
Madhya Pradesh,PANNA,1997,Kharif,Maize,2500,2100,0.84
Madhya Pradesh,PANNA,1997,Kharif,Paddy,62600,40300,0.643769968
Madhya Pradesh,PANNA,1997,Kharif,Sesamum,6000,1400,0.233333333
Madhya Pradesh,PANNA,1997,Kharif,Small millets,5100,1300,0.254901961
Madhya Pradesh,PANNA,1997,Kharif,Soyabean,6800,4500,0.661764706
Madhya Pradesh,PANNA,1997,Rabi,Barley,2400,2400,1
Madhya Pradesh,PANNA,1997,Rabi,Linseed,12200,4400,0.360655738
Madhya Pradesh,PANNA,1997,Rabi,Rapeseed &Mustard,3300,1000,0.303030303
Madhya Pradesh,PANNA,1997,Rabi,Wheat,78900,84700,1.073510773
Madhya Pradesh,PANNA,1998,Kharif,Arhar/Tur,5000,2900,0.58
Madhya Pradesh,PANNA,1998,Kharif,Bajra,100,100,1
Madhya Pradesh,PANNA,1998,Kharif,Groundnut,100,100,1
Madhya Pradesh,PANNA,1998,Kharif,Jowar,6700,7200,1.074626866
Madhya Pradesh,PANNA,1998,Kharif,Maize,2400,1800,0.75
Madhya Pradesh,PANNA,1998,Kharif,Rice,60800,22900,0.376644737
Madhya Pradesh,PANNA,1998,Kharif,Sesamum,6300,1600,0.253968254
Madhya Pradesh,PANNA,1998,Kharif,Small millets,5000,1300,0.26
Madhya Pradesh,PANNA,1998,Kharif,Soyabean,6400,3500,0.546875
Madhya Pradesh,PANNA,1998,Rabi,Barley,3500,3400,0.971428571
Madhya Pradesh,PANNA,1998,Rabi,Gram,65200,47800,0.733128834
Madhya Pradesh,PANNA,1998,Rabi,Linseed,11800,4300,0.36440678
Madhya Pradesh,PANNA,1998,Rabi,Rapeseed &Mustard,3500,1200,0.342857143
Madhya Pradesh,PANNA,1998,Rabi,Wheat,78200,85800,1.097186701
Madhya Pradesh,PANNA,1998,Whole Year,Sugarcane,286,1440,5.034965035
Madhya Pradesh,PANNA,1999,Kharif,Arhar/Tur,4154,2444,0.58834858
Madhya Pradesh,PANNA,1999,Kharif,Bajra,31,27,0.870967742
Madhya Pradesh,PANNA,1999,Kharif,Castor seed,16,7,0.4375
Madhya Pradesh,PANNA,1999,Kharif,Dry ginger,15,13,0.866666667
Madhya Pradesh,PANNA,1999,Kharif,Groundnut,130,113,0.869230769
Madhya Pradesh,PANNA,1999,Kharif,Jowar,7537,7056,0.936181505
Madhya Pradesh,PANNA,1999,Kharif,Maize,2504,2608,1.041533546
Madhya Pradesh,PANNA,1999,Kharif,Niger seed,16,3,0.1875
Madhya Pradesh,PANNA,1999,Kharif,Other Kharif pulses,5156,2072,0.401861908
Madhya Pradesh,PANNA,1999,Kharif,Ragi,20,6,0.3
Madhya Pradesh,PANNA,1999,Kharif,Rice,64202,47346,0.737453662
Madhya Pradesh,PANNA,1999,Kharif,Sesamum,6564,1441,0.219530774
Madhya Pradesh,PANNA,1999,Kharif,Soyabean,5149,2878,0.558943484
Madhya Pradesh,PANNA,1999,Kharif,Urad,4185,1726,0.412425329
Madhya Pradesh,PANNA,1999,Rabi,Barley,2521,2440,0.967869893
Madhya Pradesh,PANNA,1999,Rabi,Gram,69287,47241,0.681816214
Madhya Pradesh,PANNA,1999,Rabi,Linseed,11294,4489,0.397467682
Madhya Pradesh,PANNA,1999,Rabi,Other  Rabi pulses,21982,11541,0.525020471
Madhya Pradesh,PANNA,1999,Rabi,Rapeseed &Mustard,3313,1087,0.328101419
Madhya Pradesh,PANNA,1999,Rabi,Urad,35,10,0.285714286
Madhya Pradesh,PANNA,1999,Rabi,Wheat,81182,92151,1.135116159
Madhya Pradesh,PANNA,1999,Whole Year,Coriander,325,159,0.489230769
Madhya Pradesh,PANNA,1999,Whole Year,Dry chillies,289,67,0.23183391
Madhya Pradesh,PANNA,1999,Whole Year,Garlic,40,86,2.15
Madhya Pradesh,PANNA,1999,Whole Year,Onion,347,2438,7.025936599
Madhya Pradesh,PANNA,1999,Whole Year,Potato,511,3717,7.273972603
Madhya Pradesh,PANNA,1999,Whole Year,Sannhamp,137,256,1.868613139
Madhya Pradesh,PANNA,1999,Whole Year,Sugarcane,81,1470,18.14814815
Madhya Pradesh,PANNA,1999,Whole Year,Sweet potato,95,471,4.957894737
Madhya Pradesh,PANNA,1999,Whole Year,Turmeric,2,2,1
Madhya Pradesh,PANNA,2000,Kharif,Arhar/Tur,6413,2486,0.387650086
Madhya Pradesh,PANNA,2000,Kharif,Bajra,38,39,1.026315789
Madhya Pradesh,PANNA,2000,Kharif,Dry ginger,37,25,0.675675676
Madhya Pradesh,PANNA,2000,Kharif,Groundnut,120,84,0.7
Madhya Pradesh,PANNA,2000,Kharif,Jowar,5389,3816,0.708109111
Madhya Pradesh,PANNA,2000,Kharif,Maize,2667,2562,0.960629921
Madhya Pradesh,PANNA,2000,Kharif,Niger seed,23,3,0.130434783
Madhya Pradesh,PANNA,2000,Kharif,Other Kharif pulses,5890,1207,0.204923599
Madhya Pradesh,PANNA,2000,Kharif,Rice,62533,23130,0.369884701
Madhya Pradesh,PANNA,2000,Kharif,Sesamum,8385,1786,0.212999404
Madhya Pradesh,PANNA,2000,Kharif,Small millets,4590,595,0.12962963
Madhya Pradesh,PANNA,2000,Kharif,Soyabean,2918,1220,0.418094585
Madhya Pradesh,PANNA,2000,Rabi,Barley,2743,2247,0.819176085
Madhya Pradesh,PANNA,2000,Rabi,Gram,69261,32653,0.471448579
Madhya Pradesh,PANNA,2000,Rabi,Linseed,6031,1893,0.313878295
Madhya Pradesh,PANNA,2000,Rabi,Other  Rabi pulses,22354,7325,0.327681847
Madhya Pradesh,PANNA,2000,Rabi,Rapeseed &Mustard,2915,632,0.216809605
Madhya Pradesh,PANNA,2000,Rabi,Wheat,70048,55502,0.792342394
Madhya Pradesh,PANNA,2000,Whole Year,Coriander,251,80,0.3187251
Madhya Pradesh,PANNA,2000,Whole Year,Dry chillies,241,29,0.12033195
Madhya Pradesh,PANNA,2000,Whole Year,Garlic,26,51,1.961538462
Madhya Pradesh,PANNA,2000,Whole Year,Onion,338,2703,7.99704142
Madhya Pradesh,PANNA,2000,Whole Year,Sannhamp,126,155,1.23015873
Madhya Pradesh,PANNA,2000,Whole Year,Sugarcane,298,1970,6.610738255
Madhya Pradesh,PANNA,2000,Whole Year,Turmeric,4,3,0.75
Madhya Pradesh,PANNA,2001,Kharif,Arhar/Tur,4821,2617,0.542833437
Madhya Pradesh,PANNA,2001,Kharif,Bajra,35,34,0.971428571
Madhya Pradesh,PANNA,2001,Kharif,Castor seed,2,1,0.5
Madhya Pradesh,PANNA,2001,Kharif,Dry ginger,33,26,0.787878788
Madhya Pradesh,PANNA,2001,Kharif,Groundnut,201,198,0.985074627
Madhya Pradesh,PANNA,2001,Kharif,Jowar,5029,4282,0.851461523
Madhya Pradesh,PANNA,2001,Kharif,Maize,2499,3206,1.282913165
Madhya Pradesh,PANNA,2001,Kharif,Other Kharif pulses,4747,1457,0.306930693
Madhya Pradesh,PANNA,2001,Kharif,Rice,63192,34633,0.548059881
Madhya Pradesh,PANNA,2001,Kharif,Sesamum,5588,1629,0.291517538
Madhya Pradesh,PANNA,2001,Kharif,Small millets,3536,766,0.216628959
Madhya Pradesh,PANNA,2001,Kharif,Soyabean,1592,810,0.50879397
Madhya Pradesh,PANNA,2001,Rabi,Barley,2885,3056,1.059272097
Madhya Pradesh,PANNA,2001,Rabi,Gram,81920,55374,0.675952148
Madhya Pradesh,PANNA,2001,Rabi,Linseed,4379,1830,0.417903631
Madhya Pradesh,PANNA,2001,Rabi,Other  Rabi pulses,22623,11036,0.487822128
Madhya Pradesh,PANNA,2001,Rabi,Rapeseed &Mustard,2952,964,0.326558266
Madhya Pradesh,PANNA,2001,Rabi,Wheat,66406,73728,1.110261121
Madhya Pradesh,PANNA,2001,Whole Year,Banana,11,355,32.27272727
Madhya Pradesh,PANNA,2001,Whole Year,Coriander,280,123,0.439285714
Madhya Pradesh,PANNA,2001,Whole Year,Dry chillies,256,62,0.2421875
Madhya Pradesh,PANNA,2001,Whole Year,Garlic,32,67,2.09375
Madhya Pradesh,PANNA,2001,Whole Year,Onion,343,2802,8.16909621
Madhya Pradesh,PANNA,2001,Whole Year,Potato,484,4358,9.004132231
Madhya Pradesh,PANNA,2001,Whole Year,Sannhamp,61,111,1.819672131
Madhya Pradesh,PANNA,2001,Whole Year,Sugarcane,109,1950,17.88990826
Madhya Pradesh,PANNA,2001,Whole Year,Sweet potato,73,342,4.684931507
Madhya Pradesh,PANNA,2001,Whole Year,Tobacco,1,1,1
Madhya Pradesh,PANNA,2002,Kharif,Arhar/Tur,5424,2086,0.384587021
Madhya Pradesh,PANNA,2002,Kharif,Bajra,51,45,0.882352941
Madhya Pradesh,PANNA,2002,Kharif,Dry ginger,63,47,0.746031746
Madhya Pradesh,PANNA,2002,Kharif,Groundnut,117,61,0.521367521
Madhya Pradesh,PANNA,2002,Kharif,Jowar,5453,4111,0.753896937
Madhya Pradesh,PANNA,2002,Kharif,Maize,2435,2238,0.919096509
Madhya Pradesh,PANNA,2002,Kharif,Niger seed,12,1,0.083333333
Madhya Pradesh,PANNA,2002,Kharif,Other Kharif pulses,5519,1243,0.225221961
Madhya Pradesh,PANNA,2002,Kharif,Ragi,23,4,0.173913043
Madhya Pradesh,PANNA,2002,Kharif,Rice,60922,19750,0.324185023
Madhya Pradesh,PANNA,2002,Kharif,Sesamum,6000,1191,0.1985
Madhya Pradesh,PANNA,2002,Kharif,Small millets,2911,408,0.140158021
Madhya Pradesh,PANNA,2002,Kharif,Soyabean,450,170,0.377777778
Madhya Pradesh,PANNA,2002,Rabi,Barley,2943,3454,1.173632348
Madhya Pradesh,PANNA,2002,Rabi,Gram,91097,53258,0.584629571
Madhya Pradesh,PANNA,2002,Rabi,Linseed,2923,1201,0.410879234
Madhya Pradesh,PANNA,2002,Rabi,Other  Rabi pulses,22271,7943,0.356652149
Madhya Pradesh,PANNA,2002,Rabi,Rapeseed &Mustard,3025,961,0.31768595
Madhya Pradesh,PANNA,2002,Rabi,Safflower,4,1,0.25
Madhya Pradesh,PANNA,2002,Rabi,Wheat,65420,75166,1.148975848
Madhya Pradesh,PANNA,2002,Whole Year,Banana,3,0,0
Madhya Pradesh,PANNA,2002,Whole Year,Beans & Mutter(Vegetable),91,0,0
Madhya Pradesh,PANNA,2002,Whole Year,Bhindi,112,0,0
Madhya Pradesh,PANNA,2002,Whole Year,Brinjal,74,0,0
Madhya Pradesh,PANNA,2002,Whole Year,Cabbage,84,0,0
Madhya Pradesh,PANNA,2002,Whole Year,Cauliflower,89,0,0
Madhya Pradesh,PANNA,2002,Whole Year,Citrus Fruit,4,0,0
Madhya Pradesh,PANNA,2002,Whole Year,Coriander,342,136,0.397660819
Madhya Pradesh,PANNA,2002,Whole Year,Dry chillies,263,64,0.243346008
Madhya Pradesh,PANNA,2002,Whole Year,Garlic,24,48,2
Madhya Pradesh,PANNA,2002,Whole Year,Mango,395,0,0
Madhya Pradesh,PANNA,2002,Whole Year,Onion,371,2910,7.843665768
Madhya Pradesh,PANNA,2002,Whole Year,Other Fresh Fruits,166,0,0
Madhya Pradesh,PANNA,2002,Whole Year,Other Vegetables,159,0,0
Madhya Pradesh,PANNA,2002,Whole Year,Papaya,15,0,0
Madhya Pradesh,PANNA,2002,Whole Year,Pome Fruit,52,0,0
Madhya Pradesh,PANNA,2002,Whole Year,Potato,629,5109,8.122416534
Madhya Pradesh,PANNA,2002,Whole Year,Sannhamp,81,78,0.962962963
Madhya Pradesh,PANNA,2002,Whole Year,Sugarcane,162,2960,18.27160494
Madhya Pradesh,PANNA,2002,Whole Year,Sweet potato,128,569,4.4453125
Madhya Pradesh,PANNA,2002,Whole Year,Tobacco,1,0.01,0.01
Madhya Pradesh,PANNA,2002,Whole Year,Tomato,109,0,0
Madhya Pradesh,PANNA,2003,Kharif,Arhar/Tur,4628,2355,0.508859118
Madhya Pradesh,PANNA,2003,Kharif,Bajra,21,23,1.095238095
Madhya Pradesh,PANNA,2003,Kharif,Dry ginger,54,40,0.740740741
Madhya Pradesh,PANNA,2003,Kharif,Groundnut,127,89,0.700787402
Madhya Pradesh,PANNA,2003,Kharif,Jowar,4129,3990,0.966335674
Madhya Pradesh,PANNA,2003,Kharif,Maize,2464,2535,1.028814935
Madhya Pradesh,PANNA,2003,Kharif,Niger seed,6,1,0.166666667
Madhya Pradesh,PANNA,2003,Kharif,Other Kharif pulses,6779,1503,0.221714117
Madhya Pradesh,PANNA,2003,Kharif,Rice,59497,27285,0.458594551
Madhya Pradesh,PANNA,2003,Kharif,Sesamum,5742,1192,0.207593173
Madhya Pradesh,PANNA,2003,Kharif,Small millets,2596,479,0.184514638
Madhya Pradesh,PANNA,2003,Kharif,Soyabean,238,143,0.600840336
Madhya Pradesh,PANNA,2003,Kharif,Urad,5901,1320,0.2236909
Madhya Pradesh,PANNA,2003,Rabi,Barley,3174,3694,1.163831128
Madhya Pradesh,PANNA,2003,Rabi,Gram,88647,62010,0.699516058
Madhya Pradesh,PANNA,2003,Rabi,Linseed,2776,1261,0.45425072
Madhya Pradesh,PANNA,2003,Rabi,Other  Rabi pulses,24095,11643,0.483212285
Madhya Pradesh,PANNA,2003,Rabi,Rapeseed &Mustard,3190,1210,0.379310345
Madhya Pradesh,PANNA,2003,Rabi,Safflower,4,1,0.25
Madhya Pradesh,PANNA,2003,Rabi,Wheat,70516,78898,1.11886664
Madhya Pradesh,PANNA,2003,Whole Year,Banana,2,51,25.5
Madhya Pradesh,PANNA,2003,Whole Year,Beans & Mutter(Vegetable),82,0,0
Madhya Pradesh,PANNA,2003,Whole Year,Bhindi,95,0,0
Madhya Pradesh,PANNA,2003,Whole Year,Brinjal,78,0,0
Madhya Pradesh,PANNA,2003,Whole Year,Cabbage,66,0,0
Madhya Pradesh,PANNA,2003,Whole Year,Cauliflower,75,0,0
Madhya Pradesh,PANNA,2003,Whole Year,Citrus Fruit,3,0,0
Madhya Pradesh,PANNA,2003,Whole Year,Coriander,339,152,0.448377581
Madhya Pradesh,PANNA,2003,Whole Year,Dry chillies,250,71,0.284
Madhya Pradesh,PANNA,2003,Whole Year,Garlic,16,38,2.375
Madhya Pradesh,PANNA,2003,Whole Year,Mango,394,0,0
Madhya Pradesh,PANNA,2003,Whole Year,Onion,342,2955,8.640350877
Madhya Pradesh,PANNA,2003,Whole Year,Other Fresh Fruits,176,0,0
Madhya Pradesh,PANNA,2003,Whole Year,Other Vegetables,178,0,0
Madhya Pradesh,PANNA,2003,Whole Year,Papaya,27,0,0
Madhya Pradesh,PANNA,2003,Whole Year,Pome Fruit,51,0,0
Madhya Pradesh,PANNA,2003,Whole Year,Potato,615,5717,9.295934959
Madhya Pradesh,PANNA,2003,Whole Year,Sannhamp,54,100,1.851851852
Madhya Pradesh,PANNA,2003,Whole Year,Sugarcane,71,1320,18.5915493
Madhya Pradesh,PANNA,2003,Whole Year,Sweet potato,82,429,5.231707317
Madhya Pradesh,PANNA,2003,Whole Year,Tomato,109,0,0
Madhya Pradesh,PANNA,2004,Kharif,Arhar/Tur,4820,1574,0.326556017
Madhya Pradesh,PANNA,2004,Kharif,Bajra,38,32,0.842105263
Madhya Pradesh,PANNA,2004,Kharif,Dry ginger,55,42,0.763636364
Madhya Pradesh,PANNA,2004,Kharif,Groundnut,168,153,0.910714286
Madhya Pradesh,PANNA,2004,Kharif,Jowar,5144,3612,0.702177294
Madhya Pradesh,PANNA,2004,Kharif,Maize,2525,1693,0.67049505
Madhya Pradesh,PANNA,2004,Kharif,Niger seed,23,3,0.130434783
Madhya Pradesh,PANNA,2004,Kharif,Rice,62849,24883,0.395917198
Madhya Pradesh,PANNA,2004,Kharif,Sesamum,6203,1739,0.280348219
Madhya Pradesh,PANNA,2004,Kharif,Small millets,3046,554,0.181877873
Madhya Pradesh,PANNA,2004,Kharif,Soyabean,714,345,0.483193277
Madhya Pradesh,PANNA,2004,Kharif,Urad,5348,1420,0.26551982
Madhya Pradesh,PANNA,2004,Rabi,Barley,3152,3197,1.01427665
Madhya Pradesh,PANNA,2004,Rabi,Gram,91021,55719,0.612155437
Madhya Pradesh,PANNA,2004,Rabi,Linseed,2460,1218,0.495121951
Madhya Pradesh,PANNA,2004,Rabi,Masoor,25553,13054,0.510859782
Madhya Pradesh,PANNA,2004,Rabi,Rapeseed &Mustard,3001,1111,0.37020993
Madhya Pradesh,PANNA,2004,Rabi,Wheat,71904,76702,1.066727859
Madhya Pradesh,PANNA,2004,Whole Year,Coriander,490,169,0.344897959
Madhya Pradesh,PANNA,2004,Whole Year,Garlic,28,51,1.821428571
Madhya Pradesh,PANNA,2004,Whole Year,Onion,355,2680,7.549295775
Madhya Pradesh,PANNA,2004,Whole Year,Potato,630,6196,9.834920635
Madhya Pradesh,PANNA,2004,Whole Year,Sugarcane,115,1900,16.52173913
Madhya Pradesh,PANNA,2004,Whole Year,Sweet potato,102,452,4.431372549
Madhya Pradesh,PANNA,2004,Whole Year,Turmeric,10,9,0.9
Madhya Pradesh,PANNA,2005,Kharif,Arhar/Tur,4331,1668,0.385130455
Madhya Pradesh,PANNA,2005,Kharif,Bajra,40,41,1.025
Madhya Pradesh,PANNA,2005,Kharif,Groundnut,123,90,0.731707317
Madhya Pradesh,PANNA,2005,Kharif,Jowar,4585,3882,0.846673937
Madhya Pradesh,PANNA,2005,Kharif,Maize,2335,1963,0.840685225
Madhya Pradesh,PANNA,2005,Kharif,Moong(Green Gram),922,311,0.337310195
Madhya Pradesh,PANNA,2005,Kharif,Niger seed,225,39,0.173333333
Madhya Pradesh,PANNA,2005,Kharif,Rice,60745,37701,0.620643674
Madhya Pradesh,PANNA,2005,Kharif,Sesamum,6228,3146,0.505138086
Madhya Pradesh,PANNA,2005,Kharif,Small millets,73,45,0.616438356
Madhya Pradesh,PANNA,2005,Kharif,Soyabean,767,497,0.64797914
Madhya Pradesh,PANNA,2005,Kharif,Urad,5219,1823,0.349300632
Madhya Pradesh,PANNA,2005,Rabi,Barley,3229,2546,0.788479405
Madhya Pradesh,PANNA,2005,Rabi,Gram,97824,75813,0.774993867
Madhya Pradesh,PANNA,2005,Rabi,Linseed,2436,828,0.339901478
Madhya Pradesh,PANNA,2005,Rabi,Masoor,26559,12799,0.481908204
Madhya Pradesh,PANNA,2005,Rabi,Peas & beans (Pulses),1991,623,0.312908086
Madhya Pradesh,PANNA,2005,Rabi,Rapeseed &Mustard,3302,1297,0.392792247
Madhya Pradesh,PANNA,2005,Rabi,Wheat,70782,71841,1.014961431
Madhya Pradesh,PANNA,2005,Whole Year,Onion,459,3846,8.379084967
Madhya Pradesh,PANNA,2005,Whole Year,Potato,631,3901,6.182250396
Madhya Pradesh,PANNA,2005,Whole Year,Sugarcane,69,1590,23.04347826
Madhya Pradesh,PANNA,2005,Whole Year,Sweet potato,134,594,4.432835821
Madhya Pradesh,PANNA,2006,Kharif,Arhar/Tur,4148,1620,0.390549662
Madhya Pradesh,PANNA,2006,Kharif,Bajra,35,28,0.8
Madhya Pradesh,PANNA,2006,Kharif,Castor seed,1,,
Madhya Pradesh,PANNA,2006,Kharif,Dry ginger,85,71,0.835294118
Madhya Pradesh,PANNA,2006,Kharif,Groundnut,140,89,0.635714286
Madhya Pradesh,PANNA,2006,Kharif,Jowar,3843,2628,0.683840749
Madhya Pradesh,PANNA,2006,Kharif,Jute,70,83,1.185714286
Madhya Pradesh,PANNA,2006,Kharif,Maize,2179,894,0.410279945
Madhya Pradesh,PANNA,2006,Kharif,Mesta,28,31,1.107142857
Madhya Pradesh,PANNA,2006,Kharif,Moong(Green Gram),1142,293,0.256567426
Madhya Pradesh,PANNA,2006,Kharif,Other Kharif pulses,3,1,0.333333333
Madhya Pradesh,PANNA,2006,Kharif,Rice,56217,25502,0.453635021
Madhya Pradesh,PANNA,2006,Kharif,Small millets,1525,238,0.156065574
Madhya Pradesh,PANNA,2006,Kharif,Soyabean,1662,750,0.451263538
Madhya Pradesh,PANNA,2006,Kharif,Urad,4115,1093,0.265613609
Madhya Pradesh,PANNA,2006,Rabi,Gram,89449,66098,0.738946215
Madhya Pradesh,PANNA,2006,Rabi,Khesari,2,1,0.5
Madhya Pradesh,PANNA,2006,Rabi,Linseed,1533,666,0.43444227
Madhya Pradesh,PANNA,2006,Rabi,Masoor,22643,10476,0.462659542
Madhya Pradesh,PANNA,2006,Rabi,Other  Rabi pulses,26,7,0.269230769
Madhya Pradesh,PANNA,2006,Rabi,Peas & beans (Pulses),2369,891,0.376108062
Madhya Pradesh,PANNA,2006,Rabi,Rapeseed &Mustard,2704,1010,0.37352071
Madhya Pradesh,PANNA,2006,Rabi,Small millets,11,,
Madhya Pradesh,PANNA,2006,Rabi,Wheat,61664,57870,0.938473015
Madhya Pradesh,PANNA,2006,Whole Year,Coriander,423,171,0.404255319
Madhya Pradesh,PANNA,2006,Whole Year,Dry chillies,236,105,0.444915254
Madhya Pradesh,PANNA,2006,Whole Year,Garlic,28,57,2.035714286
Madhya Pradesh,PANNA,2006,Whole Year,Onion,359,3026,8.428969359
Madhya Pradesh,PANNA,2006,Whole Year,Potato,567,3478,6.134038801
Madhya Pradesh,PANNA,2006,Whole Year,Sesamum,6646,2126,0.319891664
Madhya Pradesh,PANNA,2006,Whole Year,Sugarcane,98,1620,16.53061224
Madhya Pradesh,PANNA,2006,Whole Year,Sweet potato,100,443,4.43
Madhya Pradesh,PANNA,2006,Whole Year,Turmeric,4,3,0.75
Madhya Pradesh,PANNA,2007,Kharif,Arhar/Tur,6213,1909,0.307258973
Madhya Pradesh,PANNA,2007,Kharif,Bajra,45,34,0.755555556
Madhya Pradesh,PANNA,2007,Kharif,Groundnut,75,41,0.546666667
Madhya Pradesh,PANNA,2007,Kharif,Jowar,5134,3838,0.747565251
Madhya Pradesh,PANNA,2007,Kharif,Maize,2004,1154,0.575848303
Madhya Pradesh,PANNA,2007,Kharif,Niger seed,50,8,0.16
Madhya Pradesh,PANNA,2007,Kharif,Rice,49756,23242,0.467119543
Madhya Pradesh,PANNA,2007,Kharif,Sannhamp,108,25,0.231481481
Madhya Pradesh,PANNA,2007,Kharif,Soyabean,4492,2253,0.501558326
Madhya Pradesh,PANNA,2007,Kharif,Urad,6505,1728,0.265641814
Madhya Pradesh,PANNA,2007,Rabi,Barley,3167,2833,0.894537417
Madhya Pradesh,PANNA,2007,Rabi,Gram,92872,69038,0.743367215
Madhya Pradesh,PANNA,2007,Rabi,Linseed,989,430,0.434782609
Madhya Pradesh,PANNA,2007,Rabi,Masoor,20404,9833,0.481915311
Madhya Pradesh,PANNA,2007,Rabi,Peas & beans (Pulses),5587,2189,0.391802398
Madhya Pradesh,PANNA,2007,Rabi,Rapeseed &Mustard,2912,1236,0.424450549
Madhya Pradesh,PANNA,2007,Rabi,Wheat,53637,53192,0.991703488
Madhya Pradesh,PANNA,2007,Whole Year,Coriander,553,224,0.405063291
Madhya Pradesh,PANNA,2007,Whole Year,Garlic,60,133,2.216666667
Madhya Pradesh,PANNA,2007,Whole Year,Onion,283,2062,7.286219081
Madhya Pradesh,PANNA,2007,Whole Year,Potato,457,2630,5.754923414
Madhya Pradesh,PANNA,2007,Whole Year,Sesamum,8084,3444,0.426026719
Madhya Pradesh,PANNA,2007,Whole Year,Sugarcane,124,2060,16.61290323
Madhya Pradesh,PANNA,2007,Whole Year,Sweet potato,137,607,4.430656934
Madhya Pradesh,PANNA,2007,Whole Year,Turmeric,1,1,1
Madhya Pradesh,PANNA,2008,Kharif,Arhar/Tur,5787,3460,0.597891827
Madhya Pradesh,PANNA,2008,Kharif,Bajra,33,47,1.424242424
Madhya Pradesh,PANNA,2008,Kharif,Groundnut,73,56,0.767123288
Madhya Pradesh,PANNA,2008,Kharif,Jowar,4977,6869,1.380148684
Madhya Pradesh,PANNA,2008,Kharif,Maize,2303,2053,0.89144594
Madhya Pradesh,PANNA,2008,Kharif,Niger seed,18,3,0.166666667
Madhya Pradesh,PANNA,2008,Kharif,Rice,57085,44532,0.780099851
Madhya Pradesh,PANNA,2008,Kharif,Sannhamp,89,29,0.325842697
Madhya Pradesh,PANNA,2008,Kharif,Soyabean,5333,3612,0.677292331
Madhya Pradesh,PANNA,2008,Kharif,Urad,6858,2396,0.349372995
Madhya Pradesh,PANNA,2008,Rabi,Barley,3482,3079,0.884261918
Madhya Pradesh,PANNA,2008,Rabi,Gram,94014,97965,1.042025656
Madhya Pradesh,PANNA,2008,Rabi,Linseed,1141,701,0.614373357
Madhya Pradesh,PANNA,2008,Rabi,Masoor,20108,12598,0.626516809
Madhya Pradesh,PANNA,2008,Rabi,Peas & beans (Pulses),7168,4042,0.563895089
Madhya Pradesh,PANNA,2008,Rabi,Rapeseed &Mustard,3717,2359,0.634651601
Madhya Pradesh,PANNA,2008,Rabi,Wheat,60694,88331,1.455349787
Madhya Pradesh,PANNA,2008,Whole Year,Banana,1,24,24
Madhya Pradesh,PANNA,2008,Whole Year,Coriander,565,310,0.548672566
Madhya Pradesh,PANNA,2008,Whole Year,Garlic,44,89,2.022727273
Madhya Pradesh,PANNA,2008,Whole Year,Onion,490,3626,7.4
Madhya Pradesh,PANNA,2008,Whole Year,Potato,667,3429,5.140929535
Madhya Pradesh,PANNA,2008,Whole Year,Sesamum,11072,7569,0.683616329
Madhya Pradesh,PANNA,2008,Whole Year,Small millets,1389,370,0.26637869
Madhya Pradesh,PANNA,2008,Whole Year,Sugarcane,108,2430,22.5
Madhya Pradesh,PANNA,2008,Whole Year,Sweet potato,112,496,4.428571429
Madhya Pradesh,PANNA,2009,Kharif,Cowpea(Lobia),9,3,0.333333333
Madhya Pradesh,PANNA,2009,Kharif,Jowar,6522,10181,1.561024226
Madhya Pradesh,PANNA,2009,Kharif,Moong(Green Gram),1564,528,0.337595908
Madhya Pradesh,PANNA,2009,Kharif,Small millets,1042,281,0.269673704
Madhya Pradesh,PANNA,2009,Kharif,Urad,15060,5263,0.349468792
Madhya Pradesh,PANNA,2009,Rabi,Small millets,8,3,0.375
Madhya Pradesh,PANNA,2009,Whole Year,Arhar/Tur,7258,4180,0.57591623
Madhya Pradesh,PANNA,2009,Whole Year,Bajra,106,94,0.886792453
Madhya Pradesh,PANNA,2009,Whole Year,Barley,3527,4609,1.306776297
Madhya Pradesh,PANNA,2009,Whole Year,Coriander,656,360,0.548780488
Madhya Pradesh,PANNA,2009,Whole Year,Dry chillies,247,324,1.311740891
Madhya Pradesh,PANNA,2009,Whole Year,Dry ginger,96,76,0.791666667
Madhya Pradesh,PANNA,2009,Whole Year,Garlic,41,99,2.414634146
Madhya Pradesh,PANNA,2009,Whole Year,Gram,99368,106544,1.072216408
Madhya Pradesh,PANNA,2009,Whole Year,Groundnut,156,135,0.865384615
Madhya Pradesh,PANNA,2009,Whole Year,Linseed,997,650,0.651955868
Madhya Pradesh,PANNA,2009,Whole Year,Maize,2376,1275,0.536616162
Madhya Pradesh,PANNA,2009,Whole Year,Masoor,20238,12680,0.626544125
Madhya Pradesh,PANNA,2009,Whole Year,Mesta,14,4,0.285714286
Madhya Pradesh,PANNA,2009,Whole Year,Niger seed,86,15,0.174418605
Madhya Pradesh,PANNA,2009,Whole Year,Onion,604,4631,7.667218543
Madhya Pradesh,PANNA,2009,Whole Year,Peas & beans (Pulses),10089,5688,0.563782337
Madhya Pradesh,PANNA,2009,Whole Year,Potato,905,7130,7.878453039
Madhya Pradesh,PANNA,2009,Whole Year,Rapeseed &Mustard,4531,2913,0.642904436
Madhya Pradesh,PANNA,2009,Whole Year,Rice,58338,28564,0.489629401
Madhya Pradesh,PANNA,2009,Whole Year,Sannhamp,43,14,0.325581395
Madhya Pradesh,PANNA,2009,Whole Year,Sesamum,25694,11539,0.449093174
Madhya Pradesh,PANNA,2009,Whole Year,Soyabean,11112,7771,0.699334053
Madhya Pradesh,PANNA,2009,Whole Year,Sugarcane,126,2720,21.58730159
Madhya Pradesh,PANNA,2009,Whole Year,Sweet potato,79,350,4.430379747
Madhya Pradesh,PANNA,2009,Whole Year,Wheat,68249,97074,1.422350511
Madhya Pradesh,PANNA,2010,Kharif,Arhar/Tur,11700,1926,0.164615385
Madhya Pradesh,PANNA,2010,Kharif,Bajra,68,100,1.470588235
Madhya Pradesh,PANNA,2010,Kharif,Cowpea(Lobia),35,5,0.142857143
Madhya Pradesh,PANNA,2010,Kharif,Groundnut,139,158,1.136690647
Madhya Pradesh,PANNA,2010,Kharif,Jowar,6850,11722,1.711240876
Madhya Pradesh,PANNA,2010,Kharif,Maize,2611,2382,0.91229414
Madhya Pradesh,PANNA,2010,Kharif,Moong(Green Gram),2047,925,0.451880801
Madhya Pradesh,PANNA,2010,Kharif,Niger seed,133,26,0.195488722
Madhya Pradesh,PANNA,2010,Kharif,Rice,53696,51600,0.960965435
Madhya Pradesh,PANNA,2010,Kharif,Small millets,1191,402,0.337531486
Madhya Pradesh,PANNA,2010,Kharif,Soyabean,8816,9849,1.117173321
Madhya Pradesh,PANNA,2010,Kharif,Urad,12879,4500,0.34940601
Madhya Pradesh,PANNA,2010,Rabi,Barley,2897,3368,1.162581981
Madhya Pradesh,PANNA,2010,Rabi,Cowpea(Lobia),5,1,0.2
Madhya Pradesh,PANNA,2010,Rabi,Gram,77539,72484,0.934807
Madhya Pradesh,PANNA,2010,Rabi,Jowar,6,12,2
Madhya Pradesh,PANNA,2010,Rabi,Linseed,811,349,0.430332922
Madhya Pradesh,PANNA,2010,Rabi,Masoor,41443,13211,0.318775185
Madhya Pradesh,PANNA,2010,Rabi,Moong(Green Gram),3,,
Madhya Pradesh,PANNA,2010,Rabi,Peas & beans (Pulses),26086,8769,0.336157326
Madhya Pradesh,PANNA,2010,Rabi,Rapeseed &Mustard,3662,1574,0.429819771
Madhya Pradesh,PANNA,2010,Rabi,Wheat,62814,89133,1.418998949
Madhya Pradesh,PANNA,2010,Whole Year,Coriander,933,512,0.548767417
Madhya Pradesh,PANNA,2010,Whole Year,Dry chillies,401,488,1.216957606
Madhya Pradesh,PANNA,2010,Whole Year,Dry ginger,178,135,0.758426966
Madhya Pradesh,PANNA,2010,Whole Year,Garlic,94,149,1.585106383
Madhya Pradesh,PANNA,2010,Whole Year,Mesta,9,13,1.444444444
Madhya Pradesh,PANNA,2010,Whole Year,Onion,627,3979,6.346092504
Madhya Pradesh,PANNA,2010,Whole Year,Potato,1099,4062,3.696087352
Madhya Pradesh,PANNA,2010,Whole Year,Sannhamp,47,111,2.361702128
Madhya Pradesh,PANNA,2010,Whole Year,Sesamum,28535,13495,0.472927983
Madhya Pradesh,PANNA,2010,Whole Year,Sugarcane,188,4040,21.4893617
Madhya Pradesh,PANNA,2010,Whole Year,Sweet potato,188,503,2.675531915
Madhya Pradesh,PANNA,2011,Kharif,Arhar/Tur,15260,6429,0.42129751
Madhya Pradesh,PANNA,2011,Kharif,Bajra,82,94,1.146341463
Madhya Pradesh,PANNA,2011,Kharif,Barley,3709,5327,1.436236182
Madhya Pradesh,PANNA,2011,Kharif,Groundnut,214,254,1.186915888
Madhya Pradesh,PANNA,2011,Kharif,Jowar,7285,9964,1.367741935
Madhya Pradesh,PANNA,2011,Kharif,Maize,3452,2037,0.5900927
Madhya Pradesh,PANNA,2011,Kharif,Mesta,30,23,0.766666667
Madhya Pradesh,PANNA,2011,Kharif,Moong(Green Gram),2519,650,0.258038904
Madhya Pradesh,PANNA,2011,Kharif,Niger seed,143,18,0.125874126
Madhya Pradesh,PANNA,2011,Kharif,Other Kharif pulses,122,21,0.172131148
Madhya Pradesh,PANNA,2011,Kharif,Rice,61036,62288,1.020512484
Madhya Pradesh,PANNA,2011,Kharif,Sannhamp,71,100,1.408450704
Madhya Pradesh,PANNA,2011,Kharif,Small millets,1372,459,0.334548105
Madhya Pradesh,PANNA,2011,Kharif,Soyabean,11172,6996,0.626208378
Madhya Pradesh,PANNA,2011,Kharif,Urad,14254,2748,0.192787989
Madhya Pradesh,PANNA,2011,Rabi,Gram,84957,84173,0.990771802
Madhya Pradesh,PANNA,2011,Rabi,Linseed,1188,756,0.636363636
Madhya Pradesh,PANNA,2011,Rabi,Masoor,43704,19619,0.448906279
Madhya Pradesh,PANNA,2011,Rabi,Other  Rabi pulses,11824,5,0.000422869
Madhya Pradesh,PANNA,2011,Rabi,Peas & beans (Pulses),18009,6053,0.336109723
Madhya Pradesh,PANNA,2011,Rabi,Rapeseed &Mustard,4556,1538,0.337576822
Madhya Pradesh,PANNA,2011,Rabi,Wheat,70946,143847,2.027556169
Madhya Pradesh,PANNA,2011,Whole Year,Coriander,1165,698,0.599141631
Madhya Pradesh,PANNA,2011,Whole Year,Dry chillies,777,783,1.007722008
Madhya Pradesh,PANNA,2011,Whole Year,Dry ginger,404,259,0.641089109
Madhya Pradesh,PANNA,2011,Whole Year,Garlic,183,291,1.590163934
Madhya Pradesh,PANNA,2011,Whole Year,Onion,838,5682,6.780429594
Madhya Pradesh,PANNA,2011,Whole Year,Potato,1480,8266,5.585135135
Madhya Pradesh,PANNA,2011,Whole Year,Sesamum,32500,22039,0.678123077
Madhya Pradesh,PANNA,2011,Whole Year,Sugarcane,346,5500,15.89595376
Madhya Pradesh,PANNA,2011,Whole Year,Sweet potato,374,1000,2.673796791
Madhya Pradesh,PANNA,2012,Kharif,Arhar/Tur,14278,4713,0.330088248
Madhya Pradesh,PANNA,2012,Kharif,Bajra,1,1,1
Madhya Pradesh,PANNA,2012,Kharif,Barley,4261,4993,1.171790659
Madhya Pradesh,PANNA,2012,Kharif,Groundnut,243,304,1.251028807
Madhya Pradesh,PANNA,2012,Kharif,Jowar,6935,10975,1.582552271
Madhya Pradesh,PANNA,2012,Kharif,Maize,2560,3864,1.509375
Madhya Pradesh,PANNA,2012,Kharif,Mesta,23,5,0.217391304
Madhya Pradesh,PANNA,2012,Kharif,Moong(Green Gram),2418,1342,0.555004136
Madhya Pradesh,PANNA,2012,Kharif,Niger seed,29,7,0.24137931
Madhya Pradesh,PANNA,2012,Kharif,Other Kharif pulses,16,7,0.4375
Madhya Pradesh,PANNA,2012,Kharif,Rice,63640,64908,1.019924576
Madhya Pradesh,PANNA,2012,Kharif,Sannhamp,90,128,1.422222222
Madhya Pradesh,PANNA,2012,Kharif,Small millets,720,242,0.336111111
Madhya Pradesh,PANNA,2012,Kharif,Soyabean,17030,14601,0.857369348
Madhya Pradesh,PANNA,2012,Kharif,Urad,12591,7088,0.562941784
Madhya Pradesh,PANNA,2012,Rabi,Gram,90086,96355,1.069589059
Madhya Pradesh,PANNA,2012,Rabi,Linseed,516,268,0.519379845
Madhya Pradesh,PANNA,2012,Rabi,Masoor,37079,27913,0.75279808
Madhya Pradesh,PANNA,2012,Rabi,Other  Rabi pulses,2015,22,0.010918114
Madhya Pradesh,PANNA,2012,Rabi,Peas & beans (Pulses),22054,13966,0.633263807
Madhya Pradesh,PANNA,2012,Rabi,Rapeseed &Mustard,4184,2317,0.553776291
Madhya Pradesh,PANNA,2012,Rabi,Wheat,82540,156445,1.895384056
Madhya Pradesh,PANNA,2012,Whole Year,Coriander,1244,830,0.667202572
Madhya Pradesh,PANNA,2012,Whole Year,Dry chillies,579,686,1.184801382
Madhya Pradesh,PANNA,2012,Whole Year,Dry ginger,302,380,1.258278146
Madhya Pradesh,PANNA,2012,Whole Year,Garlic,128,377,2.9453125
Madhya Pradesh,PANNA,2012,Whole Year,Onion,839,8246,9.828367104
Madhya Pradesh,PANNA,2012,Whole Year,Potato,1495,18463,12.34983278
Madhya Pradesh,PANNA,2012,Whole Year,Sesamum,25230,15790,0.625842251
Madhya Pradesh,PANNA,2012,Whole Year,Sugarcane,153,3750,24.50980392
Madhya Pradesh,PANNA,2012,Whole Year,Sweet potato,178,1172,6.584269663
Madhya Pradesh,PANNA,2013,Kharif,Arhar/Tur,13294,10540,0.792838875
Madhya Pradesh,PANNA,2013,Kharif,Bajra,12,16,1.333333333
Madhya Pradesh,PANNA,2013,Kharif,Barley,3772,6576,1.743372216
Madhya Pradesh,PANNA,2013,Kharif,Groundnut,334,322,0.964071856
Madhya Pradesh,PANNA,2013,Kharif,Jowar,3898,3884,0.996408415
Madhya Pradesh,PANNA,2013,Kharif,Maize,3477,4726,1.359217716
Madhya Pradesh,PANNA,2013,Kharif,Mesta,48,57,1.1875
Madhya Pradesh,PANNA,2013,Kharif,Moong(Green Gram),3523,1359,0.385750781
Madhya Pradesh,PANNA,2013,Kharif,Niger seed,51,12,0.235294118
Madhya Pradesh,PANNA,2013,Kharif,Other Kharif pulses,91,68,0.747252747
Madhya Pradesh,PANNA,2013,Kharif,Rice,80645,91512,1.13475107
Madhya Pradesh,PANNA,2013,Kharif,Sannhamp,78,311,3.987179487
Madhya Pradesh,PANNA,2013,Kharif,Small millets,667,225,0.337331334
Madhya Pradesh,PANNA,2013,Kharif,Soyabean,26241,15871,0.60481689
Madhya Pradesh,PANNA,2013,Kharif,Urad,12369,4769,0.385560676
Madhya Pradesh,PANNA,2013,Rabi,Gram,83262,37561,0.451118157
Madhya Pradesh,PANNA,2013,Rabi,Linseed,452,236,0.522123894
Madhya Pradesh,PANNA,2013,Rabi,Masoor,33515,23218,0.692764434
Madhya Pradesh,PANNA,2013,Rabi,Moong(Green Gram),66,19,0.287878788
Madhya Pradesh,PANNA,2013,Rabi,Other  Rabi pulses,1016,22,0.021653543
Madhya Pradesh,PANNA,2013,Rabi,Peas & beans (Pulses),14488,17700,1.221700718
Madhya Pradesh,PANNA,2013,Rabi,Rapeseed &Mustard,4268,2320,0.543580131
Madhya Pradesh,PANNA,2013,Rabi,Urad,43,11,0.255813953
Madhya Pradesh,PANNA,2013,Rabi,Wheat,85234,151520,1.777694347
Madhya Pradesh,PANNA,2013,Whole Year,Coriander,821,625,0.761266748
Madhya Pradesh,PANNA,2013,Whole Year,Dry chillies,635,967,1.522834646
Madhya Pradesh,PANNA,2013,Whole Year,Dry ginger,356,460,1.292134831
Madhya Pradesh,PANNA,2013,Whole Year,Garlic,131,470,3.58778626
Madhya Pradesh,PANNA,2013,Whole Year,Onion,817,18989,23.24235006
Madhya Pradesh,PANNA,2013,Whole Year,Potato,1683,25423,15.10576352
Madhya Pradesh,PANNA,2013,Whole Year,Sesamum,36301,15805,0.435387455
Madhya Pradesh,PANNA,2013,Whole Year,Sugarcane,199,6260,31.45728643
Madhya Pradesh,PANNA,2013,Whole Year,Sweet potato,289,2546,8.809688581
Madhya Pradesh,RAISEN,1997,Kharif,Arhar/Tur,21200,19200,0.905660377
Madhya Pradesh,RAISEN,1997,Kharif,Jowar,800,1400,1.75
Madhya Pradesh,RAISEN,1997,Kharif,Maize,2000,3200,1.6
Madhya Pradesh,RAISEN,1997,Kharif,Paddy,3800,3400,0.894736842
Madhya Pradesh,RAISEN,1997,Kharif,Sesamum,1600,500,0.3125
Madhya Pradesh,RAISEN,1997,Kharif,Small millets,600,300,0.5
Madhya Pradesh,RAISEN,1997,Kharif,Soyabean,132400,181600,1.371601208
Madhya Pradesh,RAISEN,1997,Rabi,Barley,100,100,1
Madhya Pradesh,RAISEN,1997,Rabi,Linseed,12300,8200,0.666666667
Madhya Pradesh,RAISEN,1997,Rabi,Rapeseed &Mustard,300,300,1
Madhya Pradesh,RAISEN,1997,Rabi,Wheat,182100,196200,1.077429984
Madhya Pradesh,RAISEN,1998,Kharif,Arhar/Tur,21600,22300,1.032407407
Madhya Pradesh,RAISEN,1998,Kharif,Groundnut,100,100,1
Madhya Pradesh,RAISEN,1998,Kharif,Jowar,2600,5900,2.269230769
Madhya Pradesh,RAISEN,1998,Kharif,Maize,2100,3700,1.761904762
Madhya Pradesh,RAISEN,1998,Kharif,Rice,3800,2300,0.605263158
Madhya Pradesh,RAISEN,1998,Kharif,Sesamum,1600,600,0.375
Madhya Pradesh,RAISEN,1998,Kharif,Small millets,600,400,0.666666667
Madhya Pradesh,RAISEN,1998,Kharif,Soyabean,128800,147600,1.145962733
Madhya Pradesh,RAISEN,1998,Rabi,Barley,100,100,1
Madhya Pradesh,RAISEN,1998,Rabi,Gram,101700,99700,0.980334317
Madhya Pradesh,RAISEN,1998,Rabi,Linseed,11400,8200,0.719298246
Madhya Pradesh,RAISEN,1998,Rabi,Rapeseed &Mustard,300,300,1
Madhya Pradesh,RAISEN,1998,Rabi,Wheat,177100,239300,1.351214003
Madhya Pradesh,RAISEN,1998,Whole Year,Sugarcane,63,1020,16.19047619
Madhya Pradesh,RAISEN,1999,Kharif,Arhar/Tur,21916,22271,1.016198211
Madhya Pradesh,RAISEN,1999,Kharif,Bajra,2,3,1.5
Madhya Pradesh,RAISEN,1999,Kharif,Dry ginger,19,19,1
Madhya Pradesh,RAISEN,1999,Kharif,Groundnut,57,92,1.614035088
Madhya Pradesh,RAISEN,1999,Kharif,Jowar,1246,2736,2.195826645
Madhya Pradesh,RAISEN,1999,Kharif,Maize,2275,5423,2.383736264
Madhya Pradesh,RAISEN,1999,Kharif,Niger seed,34,14,0.411764706
Madhya Pradesh,RAISEN,1999,Kharif,Other Kharif pulses,595,249,0.418487395
Madhya Pradesh,RAISEN,1999,Kharif,Rice,4147,4333,1.0448517
Madhya Pradesh,RAISEN,1999,Kharif,Sesamum,1506,534,0.354581673
Madhya Pradesh,RAISEN,1999,Kharif,Soyabean,121167,136310,1.124976272
Madhya Pradesh,RAISEN,1999,Kharif,Urad,251,104,0.414342629
Madhya Pradesh,RAISEN,1999,Rabi,Barley,50,138,2.76
Madhya Pradesh,RAISEN,1999,Rabi,Gram,103134,104372,1.012003801
Madhya Pradesh,RAISEN,1999,Rabi,Linseed,10118,9299,0.919055149
Madhya Pradesh,RAISEN,1999,Rabi,Other  Rabi pulses,80586,84407,1.047415184
Madhya Pradesh,RAISEN,1999,Rabi,Rapeseed &Mustard,251,276,1.099601594
Madhya Pradesh,RAISEN,1999,Rabi,Safflower,7,2,0.285714286
Madhya Pradesh,RAISEN,1999,Rabi,Wheat,179776,255448,1.420923816
Madhya Pradesh,RAISEN,1999,Whole Year,Coriander,714,247,0.345938375
Madhya Pradesh,RAISEN,1999,Whole Year,Dry chillies,87,52,0.597701149
Madhya Pradesh,RAISEN,1999,Whole Year,Garlic,93,349,3.752688172
Madhya Pradesh,RAISEN,1999,Whole Year,Onion,308,4233,13.74350649
Madhya Pradesh,RAISEN,1999,Whole Year,Potato,177,3145,17.76836158
Madhya Pradesh,RAISEN,1999,Whole Year,Sannhamp,25,61,2.44
Madhya Pradesh,RAISEN,1999,Whole Year,Sugarcane,25,540,21.6
Madhya Pradesh,RAISEN,1999,Whole Year,Sweet potato,52,375,7.211538462
Madhya Pradesh,RAISEN,1999,Whole Year,Turmeric,1,1,1
Madhya Pradesh,RAISEN,2000,Kharif,Arhar/Tur,23398,15742,0.672792546
Madhya Pradesh,RAISEN,2000,Kharif,Dry ginger,19,13,0.684210526
Madhya Pradesh,RAISEN,2000,Kharif,Groundnut,65,86,1.323076923
Madhya Pradesh,RAISEN,2000,Kharif,Jowar,1074,1874,1.744878957
Madhya Pradesh,RAISEN,2000,Kharif,Maize,2526,5117,2.025732383
Madhya Pradesh,RAISEN,2000,Kharif,Niger seed,61,30,0.491803279
Madhya Pradesh,RAISEN,2000,Kharif,Other Kharif pulses,495,143,0.288888889
Madhya Pradesh,RAISEN,2000,Kharif,Rice,5173,2852,0.551324183
Madhya Pradesh,RAISEN,2000,Kharif,Sesamum,1270,450,0.354330709
Madhya Pradesh,RAISEN,2000,Kharif,Small millets,839,281,0.334922527
Madhya Pradesh,RAISEN,2000,Kharif,Soyabean,96626,76115,0.787727941
Madhya Pradesh,RAISEN,2000,Rabi,Barley,38,77,2.026315789
Madhya Pradesh,RAISEN,2000,Rabi,Gram,111207,100197,0.900995441
Madhya Pradesh,RAISEN,2000,Rabi,Jowar,1,2,2
Madhya Pradesh,RAISEN,2000,Rabi,Linseed,8407,5771,0.686451766
Madhya Pradesh,RAISEN,2000,Rabi,Other  Rabi pulses,76077,46811,0.615310804
Madhya Pradesh,RAISEN,2000,Rabi,Rapeseed &Mustard,230,153,0.665217391
Madhya Pradesh,RAISEN,2000,Rabi,Safflower,2,1,0.5
Madhya Pradesh,RAISEN,2000,Rabi,Wheat,172252,224058,1.30075703
Madhya Pradesh,RAISEN,2000,Whole Year,Coriander,762,179,0.234908136
Madhya Pradesh,RAISEN,2000,Whole Year,Dry chillies,101,32,0.316831683
Madhya Pradesh,RAISEN,2000,Whole Year,Garlic,80,207,2.5875
Madhya Pradesh,RAISEN,2000,Whole Year,Onion,255,3075,12.05882353
Madhya Pradesh,RAISEN,2000,Whole Year,Sannhamp,19,45,2.368421053
Madhya Pradesh,RAISEN,2000,Whole Year,Sugarcane,99,630,6.363636364
Madhya Pradesh,RAISEN,2000,Whole Year,Turmeric,5,4,0.8
Madhya Pradesh,RAISEN,2001,Kharif,Arhar/Tur,22874,16804,0.734633208
Madhya Pradesh,RAISEN,2001,Kharif,Bajra,8,12,1.5
Madhya Pradesh,RAISEN,2001,Kharif,Dry ginger,17,12,0.705882353
Madhya Pradesh,RAISEN,2001,Kharif,Groundnut,69,84,1.217391304
Madhya Pradesh,RAISEN,2001,Kharif,Jowar,1257,1898,1.509944312
Madhya Pradesh,RAISEN,2001,Kharif,Maize,2681,5835,2.176426706
Madhya Pradesh,RAISEN,2001,Kharif,Niger seed,25,10,0.4
Madhya Pradesh,RAISEN,2001,Kharif,Other Kharif pulses,836,239,0.285885167
Madhya Pradesh,RAISEN,2001,Kharif,Rice,5430,3148,0.579742173
Madhya Pradesh,RAISEN,2001,Kharif,Sesamum,988,325,0.328947368
Madhya Pradesh,RAISEN,2001,Kharif,Small millets,910,342,0.375824176
Madhya Pradesh,RAISEN,2001,Kharif,Soyabean,94406,74012,0.783975595
Madhya Pradesh,RAISEN,2001,Rabi,Barley,61,128,2.098360656
Madhya Pradesh,RAISEN,2001,Rabi,Gram,118248,138114,1.168002841
Madhya Pradesh,RAISEN,2001,Rabi,Linseed,6732,4826,0.716874629
Madhya Pradesh,RAISEN,2001,Rabi,Other  Rabi pulses,74906,50425,0.673177049
Madhya Pradesh,RAISEN,2001,Rabi,Rapeseed &Mustard,178,145,0.814606742
Madhya Pradesh,RAISEN,2001,Rabi,Wheat,170963,242956,1.421102812
Madhya Pradesh,RAISEN,2001,Whole Year,Coriander,832,199,0.239182692
Madhya Pradesh,RAISEN,2001,Whole Year,Dry chillies,102,41,0.401960784
Madhya Pradesh,RAISEN,2001,Whole Year,Garlic,78,202,2.58974359
Madhya Pradesh,RAISEN,2001,Whole Year,Onion,294,3550,12.07482993
Madhya Pradesh,RAISEN,2001,Whole Year,Potato,144,2260,15.69444444
Madhya Pradesh,RAISEN,2001,Whole Year,Sannhamp,23,39,1.695652174
Madhya Pradesh,RAISEN,2001,Whole Year,Sugarcane,115,1720,14.95652174
Madhya Pradesh,RAISEN,2001,Whole Year,Sweet potato,59,293,4.966101695
Madhya Pradesh,RAISEN,2002,Kharif,Arhar/Tur,19976,12093,0.605376452
Madhya Pradesh,RAISEN,2002,Kharif,Dry ginger,21,15,0.714285714
Madhya Pradesh,RAISEN,2002,Kharif,Groundnut,101,99,0.98019802
Madhya Pradesh,RAISEN,2002,Kharif,Jowar,1030,1564,1.518446602
Madhya Pradesh,RAISEN,2002,Kharif,Maize,3141,7348,2.339382362
Madhya Pradesh,RAISEN,2002,Kharif,Niger seed,34,13,0.382352941
Madhya Pradesh,RAISEN,2002,Kharif,Other Kharif pulses,1108,316,0.285198556
Madhya Pradesh,RAISEN,2002,Kharif,Rice,5319,2868,0.539199098
Madhya Pradesh,RAISEN,2002,Kharif,Sesamum,582,201,0.345360825
Madhya Pradesh,RAISEN,2002,Kharif,Small millets,883,345,0.390713477
Madhya Pradesh,RAISEN,2002,Kharif,Soyabean,73297,54342,0.7413946
Madhya Pradesh,RAISEN,2002,Kharif,Sunflower,1,0.01,0.01
Madhya Pradesh,RAISEN,2002,Rabi,Barley,51,121,2.37254902
Madhya Pradesh,RAISEN,2002,Rabi,Gram,133134,136995,1.029000856
Madhya Pradesh,RAISEN,2002,Rabi,Linseed,4730,3537,0.747780127
Madhya Pradesh,RAISEN,2002,Rabi,Other  Rabi pulses,67125,43711,0.651188082
Madhya Pradesh,RAISEN,2002,Rabi,Rapeseed &Mustard,251,206,0.820717131
Madhya Pradesh,RAISEN,2002,Rabi,Wheat,173061,271406,1.568267836
Madhya Pradesh,RAISEN,2002,Whole Year,Banana,4,0,0
Madhya Pradesh,RAISEN,2002,Whole Year,Bhindi,11,0,0
Madhya Pradesh,RAISEN,2002,Whole Year,Brinjal,207,0,0
Madhya Pradesh,RAISEN,2002,Whole Year,Cauliflower,37,0,0
Madhya Pradesh,RAISEN,2002,Whole Year,Citrus Fruit,64,0,0
Madhya Pradesh,RAISEN,2002,Whole Year,Coriander,836,199,0.238038278
Madhya Pradesh,RAISEN,2002,Whole Year,Dry chillies,128,64,0.5
Madhya Pradesh,RAISEN,2002,Whole Year,Garlic,64,165,2.578125
Madhya Pradesh,RAISEN,2002,Whole Year,Mango,6,0,0
Madhya Pradesh,RAISEN,2002,Whole Year,Onion,309,3583,11.59546926
Madhya Pradesh,RAISEN,2002,Whole Year,Other Fresh Fruits,16,0,0
Madhya Pradesh,RAISEN,2002,Whole Year,Other Vegetables,72,0,0
Madhya Pradesh,RAISEN,2002,Whole Year,Papaya,3,186,62
Madhya Pradesh,RAISEN,2002,Whole Year,Pome Fruit,33,0,0
Madhya Pradesh,RAISEN,2002,Whole Year,Potato,128,1883,14.7109375
Madhya Pradesh,RAISEN,2002,Whole Year,Sannhamp,19,33,1.736842105
Madhya Pradesh,RAISEN,2002,Whole Year,Sugarcane,61,910,14.91803279
Madhya Pradesh,RAISEN,2002,Whole Year,Sweet potato,56,278,4.964285714
Madhya Pradesh,RAISEN,2002,Whole Year,Tomato,221,0,0
Madhya Pradesh,RAISEN,2003,Kharif,Arhar/Tur,19572,13374,0.683323115
Madhya Pradesh,RAISEN,2003,Kharif,Bajra,13,22,1.692307692
Madhya Pradesh,RAISEN,2003,Kharif,Cotton(lint),2,2,1
Madhya Pradesh,RAISEN,2003,Kharif,Dry ginger,41,31,0.756097561
Madhya Pradesh,RAISEN,2003,Kharif,Groundnut,131,164,1.251908397
Madhya Pradesh,RAISEN,2003,Kharif,Horse-gram,9,2,0.222222222
Madhya Pradesh,RAISEN,2003,Kharif,Jowar,1296,2472,1.907407407
Madhya Pradesh,RAISEN,2003,Kharif,Maize,3191,7044,2.207458477
Madhya Pradesh,RAISEN,2003,Kharif,Niger seed,24,10,0.416666667
Madhya Pradesh,RAISEN,2003,Kharif,Other Kharif pulses,1391,495,0.355859094
Madhya Pradesh,RAISEN,2003,Kharif,Rice,5305,3339,0.629406221
Madhya Pradesh,RAISEN,2003,Kharif,Sesamum,668,280,0.419161677
Madhya Pradesh,RAISEN,2003,Kharif,Small millets,1040,472,0.453846154
Madhya Pradesh,RAISEN,2003,Kharif,Soyabean,69342,67370,0.971561247
Madhya Pradesh,RAISEN,2003,Kharif,Urad,946,294,0.310782241
Madhya Pradesh,RAISEN,2003,Rabi,Barley,32,78,2.4375
Madhya Pradesh,RAISEN,2003,Rabi,Gram,131939,127849,0.969000826
Madhya Pradesh,RAISEN,2003,Rabi,Jowar,5,12,2.4
Madhya Pradesh,RAISEN,2003,Rabi,Linseed,4820,4097,0.85
Madhya Pradesh,RAISEN,2003,Rabi,Other  Rabi pulses,66390,46689,0.703253502
Madhya Pradesh,RAISEN,2003,Rabi,Rapeseed &Mustard,163,165,1.012269939
Madhya Pradesh,RAISEN,2003,Rabi,Safflower,1,0,0
Madhya Pradesh,RAISEN,2003,Rabi,Urad,4,1,0.25
Madhya Pradesh,RAISEN,2003,Rabi,Wheat,177497,277056,1.560905255
Madhya Pradesh,RAISEN,2003,Whole Year,Banana,13,0,0
Madhya Pradesh,RAISEN,2003,Whole Year,Bhindi,64,0,0
Madhya Pradesh,RAISEN,2003,Whole Year,Brinjal,242,0,0
Madhya Pradesh,RAISEN,2003,Whole Year,Cauliflower,50,0,0
Madhya Pradesh,RAISEN,2003,Whole Year,Citrus Fruit,50,0,0
Madhya Pradesh,RAISEN,2003,Whole Year,Coriander,862,224,0.259860789
Madhya Pradesh,RAISEN,2003,Whole Year,Dry chillies,186,102,0.548387097
Madhya Pradesh,RAISEN,2003,Whole Year,Garlic,95,268,2.821052632
Madhya Pradesh,RAISEN,2003,Whole Year,Mango,3,0,0
Madhya Pradesh,RAISEN,2003,Whole Year,Onion,458,5422,11.83842795
Madhya Pradesh,RAISEN,2003,Whole Year,Orange,6,0,0
Madhya Pradesh,RAISEN,2003,Whole Year,Other Fresh Fruits,4,0,0
Madhya Pradesh,RAISEN,2003,Whole Year,Other Vegetables,37,0,0
Madhya Pradesh,RAISEN,2003,Whole Year,Papaya,9,0,0
Madhya Pradesh,RAISEN,2003,Whole Year,Pome Fruit,48,0,0
Madhya Pradesh,RAISEN,2003,Whole Year,Potato,169,2778,16.43786982
Madhya Pradesh,RAISEN,2003,Whole Year,Sannhamp,11,22,2
Madhya Pradesh,RAISEN,2003,Whole Year,Sugarcane,11,180,16.36363636
Madhya Pradesh,RAISEN,2003,Whole Year,Sweet potato,41,222,5.414634146
Madhya Pradesh,RAISEN,2003,Whole Year,Tomato,367,0,0
Madhya Pradesh,RAISEN,2003,Whole Year,Turmeric,3,2,0.666666667
Madhya Pradesh,RAISEN,2004,Kharif,Arhar/Tur,21647,14107,0.651683836
Madhya Pradesh,RAISEN,2004,Kharif,Cotton(lint),2,2,1
Madhya Pradesh,RAISEN,2004,Kharif,Dry ginger,69,52,0.753623188
Madhya Pradesh,RAISEN,2004,Kharif,Groundnut,142,192,1.352112676
Madhya Pradesh,RAISEN,2004,Kharif,Jowar,1396,2495,1.787249284
Madhya Pradesh,RAISEN,2004,Kharif,Maize,3361,5594,1.6643856
Madhya Pradesh,RAISEN,2004,Kharif,Niger seed,4,2,0.5
Madhya Pradesh,RAISEN,2004,Kharif,Rice,5906,3622,0.613274636
Madhya Pradesh,RAISEN,2004,Kharif,Sesamum,571,289,0.506129597
Madhya Pradesh,RAISEN,2004,Kharif,Small millets,994,410,0.412474849
Madhya Pradesh,RAISEN,2004,Kharif,Soyabean,77576,67656,0.8721254
Madhya Pradesh,RAISEN,2004,Kharif,Urad,981,305,0.310907238
Madhya Pradesh,RAISEN,2004,Rabi,Barley,29,64,2.206896552
Madhya Pradesh,RAISEN,2004,Rabi,Gram,131525,136260,1.03600076
Madhya Pradesh,RAISEN,2004,Rabi,Linseed,4589,4013,0.874482458
Madhya Pradesh,RAISEN,2004,Rabi,Masoor,42111,24962,0.592766736
Madhya Pradesh,RAISEN,2004,Rabi,Rapeseed &Mustard,186,190,1.021505376
Madhya Pradesh,RAISEN,2004,Rabi,Urad,4,1,0.25
Madhya Pradesh,RAISEN,2004,Rabi,Wheat,178743,279277,1.562449998
Madhya Pradesh,RAISEN,2004,Whole Year,Coriander,869,227,0.261219793
Madhya Pradesh,RAISEN,2004,Whole Year,Garlic,82,231,2.817073171
Madhya Pradesh,RAISEN,2004,Whole Year,Onion,452,6233,13.78982301
Madhya Pradesh,RAISEN,2004,Whole Year,Potato,168,3084,18.35714286
Madhya Pradesh,RAISEN,2004,Whole Year,Sugarcane,161,2630,16.33540373
Madhya Pradesh,RAISEN,2004,Whole Year,Sweet potato,50,271,5.42
Madhya Pradesh,RAISEN,2005,Kharif,Arhar/Tur,22280,14082,0.632046679
Madhya Pradesh,RAISEN,2005,Kharif,Bajra,2,3,1.5
Madhya Pradesh,RAISEN,2005,Kharif,Cotton(lint),22,14,0.636363636
Madhya Pradesh,RAISEN,2005,Kharif,Groundnut,238,264,1.109243697
Madhya Pradesh,RAISEN,2005,Kharif,Jowar,1458,3024,2.074074074
Madhya Pradesh,RAISEN,2005,Kharif,Maize,3400,5394,1.586470588
Madhya Pradesh,RAISEN,2005,Kharif,Moong(Green Gram),547,174,0.31809872
Madhya Pradesh,RAISEN,2005,Kharif,Niger seed,12,5,0.416666667
Madhya Pradesh,RAISEN,2005,Kharif,Rice,8299,5108,0.615495843
Madhya Pradesh,RAISEN,2005,Kharif,Sesamum,498,225,0.451807229
Madhya Pradesh,RAISEN,2005,Kharif,Small millets,104,68,0.653846154
Madhya Pradesh,RAISEN,2005,Kharif,Soyabean,70566,76562,1.084970099
Madhya Pradesh,RAISEN,2005,Kharif,Urad,888,276,0.310810811
Madhya Pradesh,RAISEN,2005,Rabi,Barley,23,58,2.52173913
Madhya Pradesh,RAISEN,2005,Rabi,Gram,133074,147712,1.109998948
Madhya Pradesh,RAISEN,2005,Rabi,Horse-gram,1,,
Madhya Pradesh,RAISEN,2005,Rabi,Linseed,4385,3554,0.810490308
Madhya Pradesh,RAISEN,2005,Rabi,Masoor,41575,25466,0.612531569
Madhya Pradesh,RAISEN,2005,Rabi,Peas & beans (Pulses),11751,7645,0.650582929
Madhya Pradesh,RAISEN,2005,Rabi,Rapeseed &Mustard,345,355,1.028985507
Madhya Pradesh,RAISEN,2005,Rabi,Urad,3,1,0.333333333
Madhya Pradesh,RAISEN,2005,Rabi,Wheat,178044,304533,1.710436746
Madhya Pradesh,RAISEN,2005,Whole Year,Onion,542,7227,13.33394834
Madhya Pradesh,RAISEN,2005,Whole Year,Potato,186,2898,15.58064516
Madhya Pradesh,RAISEN,2005,Whole Year,Sugarcane,348,5690,16.35057471
Madhya Pradesh,RAISEN,2005,Whole Year,Sweet potato,34,184,5.411764706
Madhya Pradesh,RAISEN,2006,Kharif,Arhar/Tur,19920,11728,0.58875502
Madhya Pradesh,RAISEN,2006,Kharif,Bajra,29,54,1.862068966
Madhya Pradesh,RAISEN,2006,Kharif,Cotton(lint),22,12,0.545454545
Madhya Pradesh,RAISEN,2006,Kharif,Dry ginger,109,81,0.743119266
Madhya Pradesh,RAISEN,2006,Kharif,Groundnut,310,319,1.029032258
Madhya Pradesh,RAISEN,2006,Kharif,Jowar,1166,2533,2.17238422
Madhya Pradesh,RAISEN,2006,Kharif,Jute,21,39,1.857142857
Madhya Pradesh,RAISEN,2006,Kharif,Maize,3382,3896,1.151981076
Madhya Pradesh,RAISEN,2006,Kharif,Mesta,24,43,1.791666667
Madhya Pradesh,RAISEN,2006,Kharif,Moong(Green Gram),928,295,0.317887931
Madhya Pradesh,RAISEN,2006,Kharif,Niger seed,9,4,0.444444444
Madhya Pradesh,RAISEN,2006,Kharif,Rice,12369,8280,0.669415474
Madhya Pradesh,RAISEN,2006,Kharif,Small millets,815,395,0.484662577
Madhya Pradesh,RAISEN,2006,Kharif,Soyabean,69662,81060,1.163618616
Madhya Pradesh,RAISEN,2006,Kharif,Urad,1038,323,0.311175337
Madhya Pradesh,RAISEN,2006,Rabi,Gram,135866,167387,1.232000648
Madhya Pradesh,RAISEN,2006,Rabi,Khesari,10077,12593,1.249677483
Madhya Pradesh,RAISEN,2006,Rabi,Linseed,3378,2798,0.82830077
Madhya Pradesh,RAISEN,2006,Rabi,Masoor,41773,24762,0.592775238
Madhya Pradesh,RAISEN,2006,Rabi,Moong(Green Gram),96,31,0.322916667
Madhya Pradesh,RAISEN,2006,Rabi,Other  Rabi pulses,19,6,0.315789474
Madhya Pradesh,RAISEN,2006,Rabi,Peas & beans (Pulses),11621,7561,0.650632476
Madhya Pradesh,RAISEN,2006,Rabi,Rapeseed &Mustard,306,312,1.019607843
Madhya Pradesh,RAISEN,2006,Rabi,Small millets,91,,
Madhya Pradesh,RAISEN,2006,Rabi,Urad,5,2,0.4
Madhya Pradesh,RAISEN,2006,Rabi,Wheat,178364,311314,1.74538584
Madhya Pradesh,RAISEN,2006,Whole Year,Coriander,1150,299,0.26
Madhya Pradesh,RAISEN,2006,Whole Year,Dry chillies,192,152,0.791666667
Madhya Pradesh,RAISEN,2006,Whole Year,Garlic,105,296,2.819047619
Madhya Pradesh,RAISEN,2006,Whole Year,Onion,490,7665,15.64285714
Madhya Pradesh,RAISEN,2006,Whole Year,Potato,212,3278,15.46226415
Madhya Pradesh,RAISEN,2006,Whole Year,Sesamum,327,123,0.376146789
Madhya Pradesh,RAISEN,2006,Whole Year,Sugarcane,1472,24040,16.33152174
Madhya Pradesh,RAISEN,2006,Whole Year,Sweet potato,47,255,5.425531915
Madhya Pradesh,RAISEN,2006,Whole Year,Turmeric,11,8,0.727272727
Madhya Pradesh,RAISEN,2007,Kharif,Arhar/Tur,15031,8525,0.5671612
Madhya Pradesh,RAISEN,2007,Kharif,Bajra,8,13,1.625
Madhya Pradesh,RAISEN,2007,Kharif,Cotton(lint),26,3,0.115384615
Madhya Pradesh,RAISEN,2007,Kharif,Groundnut,303,330,1.089108911
Madhya Pradesh,RAISEN,2007,Kharif,Jowar,753,1655,2.197875166
Madhya Pradesh,RAISEN,2007,Kharif,Maize,3108,4119,1.325289575
Madhya Pradesh,RAISEN,2007,Kharif,Niger seed,20,9,0.45
Madhya Pradesh,RAISEN,2007,Kharif,Rice,18028,19022,1.055136454
Madhya Pradesh,RAISEN,2007,Kharif,Sannhamp,39,13,0.333333333
Madhya Pradesh,RAISEN,2007,Kharif,Soyabean,128310,153562,1.196804614
Madhya Pradesh,RAISEN,2007,Kharif,Urad,2257,701,0.310589278
Madhya Pradesh,RAISEN,2007,Rabi,Barley,17,45,2.647058824
Madhya Pradesh,RAISEN,2007,Rabi,Gram,145275,115929,0.797996902
Madhya Pradesh,RAISEN,2007,Rabi,Horse-gram,29,8,0.275862069
Madhya Pradesh,RAISEN,2007,Rabi,Khesari,10560,10487,0.993087121
Madhya Pradesh,RAISEN,2007,Rabi,Linseed,2135,1608,0.753161593
Madhya Pradesh,RAISEN,2007,Rabi,Masoor,38865,23038,0.592769844
Madhya Pradesh,RAISEN,2007,Rabi,Peas & beans (Pulses),10772,7008,0.650575566
Madhya Pradesh,RAISEN,2007,Rabi,Rapeseed &Mustard,281,280,0.996441281
Madhya Pradesh,RAISEN,2007,Rabi,Urad,71,17,0.23943662
Madhya Pradesh,RAISEN,2007,Rabi,Wheat,167936,203912,1.214224466
Madhya Pradesh,RAISEN,2007,Whole Year,Coriander,910,237,0.26043956
Madhya Pradesh,RAISEN,2007,Whole Year,Garlic,78,220,2.820512821
Madhya Pradesh,RAISEN,2007,Whole Year,Onion,396,4594,11.6010101
Madhya Pradesh,RAISEN,2007,Whole Year,Potato,166,2409,14.51204819
Madhya Pradesh,RAISEN,2007,Whole Year,Sesamum,368,175,0.475543478
Madhya Pradesh,RAISEN,2007,Whole Year,Sugarcane,1827,29850,16.33825944
Madhya Pradesh,RAISEN,2007,Whole Year,Sweet potato,39,211,5.41025641
Madhya Pradesh,RAISEN,2007,Whole Year,Turmeric,33,28,0.848484848
Madhya Pradesh,RAISEN,2008,Kharif,Arhar/Tur,23213,15766,0.679188386
Madhya Pradesh,RAISEN,2008,Kharif,Groundnut,257,294,1.143968872
Madhya Pradesh,RAISEN,2008,Kharif,Jowar,702,1626,2.316239316
Madhya Pradesh,RAISEN,2008,Kharif,Maize,3266,4431,1.35670545
Madhya Pradesh,RAISEN,2008,Kharif,Niger seed,20,9,0.45
Madhya Pradesh,RAISEN,2008,Kharif,Rice,22146,21131,0.954167796
Madhya Pradesh,RAISEN,2008,Kharif,Sannhamp,21,7,0.333333333
Madhya Pradesh,RAISEN,2008,Kharif,Soyabean,116637,129240,1.108053191
Madhya Pradesh,RAISEN,2008,Kharif,Urad,2082,647,0.310758886
Madhya Pradesh,RAISEN,2008,Rabi,Barley,5,14,2.8
Madhya Pradesh,RAISEN,2008,Rabi,Gram,148941,167708,1.126002914
Madhya Pradesh,RAISEN,2008,Rabi,Khesari,9957,11982,1.20337451
Madhya Pradesh,RAISEN,2008,Rabi,Linseed,1727,1444,0.836132021
Madhya Pradesh,RAISEN,2008,Rabi,Masoor,37730,22365,0.592764378
Madhya Pradesh,RAISEN,2008,Rabi,Peas & beans (Pulses),9915,6450,0.650529501
Madhya Pradesh,RAISEN,2008,Rabi,Rapeseed &Mustard,234,249,1.064102564
Madhya Pradesh,RAISEN,2008,Rabi,Wheat,168418,266855,1.584480281
Madhya Pradesh,RAISEN,2008,Whole Year,Coriander,868,226,0.260368664
Madhya Pradesh,RAISEN,2008,Whole Year,Garlic,92,260,2.826086957
Madhya Pradesh,RAISEN,2008,Whole Year,Onion,395,4652,11.77721519
Madhya Pradesh,RAISEN,2008,Whole Year,Potato,181,2345,12.9558011
Madhya Pradesh,RAISEN,2008,Whole Year,Sesamum,297,139,0.468013468
Madhya Pradesh,RAISEN,2008,Whole Year,Small millets,614,288,0.469055375
Madhya Pradesh,RAISEN,2008,Whole Year,Sugarcane,420,6860,16.33333333
Madhya Pradesh,RAISEN,2008,Whole Year,Sweet potato,29,157,5.413793103
Madhya Pradesh,RAISEN,2009,Kharif,Cowpea(Lobia),24,7,0.291666667
Madhya Pradesh,RAISEN,2009,Kharif,Jowar,654,1715,2.622324159
Madhya Pradesh,RAISEN,2009,Kharif,Moong(Green Gram),618,197,0.318770227
Madhya Pradesh,RAISEN,2009,Kharif,Small millets,568,248,0.436619718
Madhya Pradesh,RAISEN,2009,Kharif,Urad,2108,656,0.311195446
Madhya Pradesh,RAISEN,2009,Rabi,Cowpea(Lobia),8,2,0.25
Madhya Pradesh,RAISEN,2009,Rabi,Moong(Green Gram),67,22,0.328358209
Madhya Pradesh,RAISEN,2009,Rabi,Small millets,34,18,0.529411765
Madhya Pradesh,RAISEN,2009,Rabi,Urad,3,1,0.333333333
Madhya Pradesh,RAISEN,2009,Whole Year,Arhar/Tur,22621,14798,0.654170903
Madhya Pradesh,RAISEN,2009,Whole Year,Barley,4,10,2.5
Madhya Pradesh,RAISEN,2009,Whole Year,Coriander,865,225,0.260115607
Madhya Pradesh,RAISEN,2009,Whole Year,Cotton(lint),7,1,0.142857143
Madhya Pradesh,RAISEN,2009,Whole Year,Dry chillies,205,315,1.536585366
Madhya Pradesh,RAISEN,2009,Whole Year,Dry ginger,48,36,0.75
Madhya Pradesh,RAISEN,2009,Whole Year,Garlic,101,299,2.96039604
Madhya Pradesh,RAISEN,2009,Whole Year,Gram,144768,200069,1.381997403
Madhya Pradesh,RAISEN,2009,Whole Year,Groundnut,266,308,1.157894737
Madhya Pradesh,RAISEN,2009,Whole Year,Khesari,10322,11822,1.145320674
Madhya Pradesh,RAISEN,2009,Whole Year,Linseed,1535,1364,0.888599349
Madhya Pradesh,RAISEN,2009,Whole Year,Maize,3803,4582,1.204838286
Madhya Pradesh,RAISEN,2009,Whole Year,Masoor,38325,22718,0.592772342
Madhya Pradesh,RAISEN,2009,Whole Year,Mesta,1,,
Madhya Pradesh,RAISEN,2009,Whole Year,Niger seed,16,7,0.4375
Madhya Pradesh,RAISEN,2009,Whole Year,Onion,452,6433,14.23230088
Madhya Pradesh,RAISEN,2009,Whole Year,Peas & beans (Pulses),10024,6522,0.650638468
Madhya Pradesh,RAISEN,2009,Whole Year,Potato,209,2677,12.80861244
Madhya Pradesh,RAISEN,2009,Whole Year,Rapeseed &Mustard,374,404,1.080213904
Madhya Pradesh,RAISEN,2009,Whole Year,Rice,21859,21227,0.971087424
Madhya Pradesh,RAISEN,2009,Whole Year,Sannhamp,32,11,0.34375
Madhya Pradesh,RAISEN,2009,Whole Year,Sesamum,342,162,0.473684211
Madhya Pradesh,RAISEN,2009,Whole Year,Soyabean,123292,141068,1.144178049
Madhya Pradesh,RAISEN,2009,Whole Year,Sugarcane,1151,18800,16.33362294
Madhya Pradesh,RAISEN,2009,Whole Year,Sweet potato,28,152,5.428571429
Madhya Pradesh,RAISEN,2009,Whole Year,Wheat,185266,376514,2.032288709
Madhya Pradesh,RAISEN,2010,Kharif,Arhar/Tur,53193,17990,0.338202395
Madhya Pradesh,RAISEN,2010,Kharif,Bajra,5,10,2
Madhya Pradesh,RAISEN,2010,Kharif,Cowpea(Lobia),1,,
Madhya Pradesh,RAISEN,2010,Kharif,Groundnut,261,367,1.406130268
Madhya Pradesh,RAISEN,2010,Kharif,Jowar,295,847,2.871186441
Madhya Pradesh,RAISEN,2010,Kharif,Maize,3353,5145,1.534446764
Madhya Pradesh,RAISEN,2010,Kharif,Moong(Green Gram),796,253,0.317839196
Madhya Pradesh,RAISEN,2010,Kharif,Niger seed,5,2,0.4
Madhya Pradesh,RAISEN,2010,Kharif,Rice,26154,33151,1.267530779
Madhya Pradesh,RAISEN,2010,Kharif,Small millets,229,116,0.506550218
Madhya Pradesh,RAISEN,2010,Kharif,Soyabean,143921,132070,0.917656214
Madhya Pradesh,RAISEN,2010,Kharif,Urad,2544,791,0.310927673
Madhya Pradesh,RAISEN,2010,Rabi,Barley,3,9,3
Madhya Pradesh,RAISEN,2010,Rabi,Cowpea(Lobia),2,,
Madhya Pradesh,RAISEN,2010,Rabi,Gram,132529,108939,0.822001222
Madhya Pradesh,RAISEN,2010,Rabi,Khesari,8741,8095,0.926095412
Madhya Pradesh,RAISEN,2010,Rabi,Linseed,1239,885,0.714285714
Madhya Pradesh,RAISEN,2010,Rabi,Masoor,31952,13859,0.433744367
Madhya Pradesh,RAISEN,2010,Rabi,Moong(Green Gram),59,13,0.220338983
Madhya Pradesh,RAISEN,2010,Rabi,Peas & beans (Pulses),8314,2645,0.31813808
Madhya Pradesh,RAISEN,2010,Rabi,Rapeseed &Mustard,281,271,0.964412811
Madhya Pradesh,RAISEN,2010,Rabi,Wheat,182321,278393,1.526938751
Madhya Pradesh,RAISEN,2010,Whole Year,Coriander,838,182,0.217183771
Madhya Pradesh,RAISEN,2010,Whole Year,Dry chillies,179,315,1.759776536
Madhya Pradesh,RAISEN,2010,Whole Year,Dry ginger,49,37,0.755102041
Madhya Pradesh,RAISEN,2010,Whole Year,Garlic,79,190,2.405063291
Madhya Pradesh,RAISEN,2010,Whole Year,Onion,395,5620,14.2278481
Madhya Pradesh,RAISEN,2010,Whole Year,Potato,233,2135,9.163090129
Madhya Pradesh,RAISEN,2010,Whole Year,Sannhamp,7,11,1.571428571
Madhya Pradesh,RAISEN,2010,Whole Year,Sesamum,66,39,0.590909091
Madhya Pradesh,RAISEN,2010,Whole Year,Sugarcane,1472,24050,16.33831522
Madhya Pradesh,RAISEN,2010,Whole Year,Sweet potato,9,35,3.888888889
Madhya Pradesh,RAISEN,2011,Kharif,Arhar/Tur,41676,25399,0.609439486
Madhya Pradesh,RAISEN,2011,Kharif,Groundnut,249,337,1.353413655
Madhya Pradesh,RAISEN,2011,Kharif,Jowar,224,554,2.473214286
Madhya Pradesh,RAISEN,2011,Kharif,Maize,3686,4046,1.097666848
Madhya Pradesh,RAISEN,2011,Kharif,Moong(Green Gram),980,227,0.231632653
Madhya Pradesh,RAISEN,2011,Kharif,Other Kharif pulses,2,1,0.5
Madhya Pradesh,RAISEN,2011,Kharif,Rice,28702,43961,1.531635426
Madhya Pradesh,RAISEN,2011,Kharif,Sannhamp,4,5,1.25
Madhya Pradesh,RAISEN,2011,Kharif,Small millets,129,74,0.573643411
Madhya Pradesh,RAISEN,2011,Kharif,Soyabean,174866,126958,0.726030217
Madhya Pradesh,RAISEN,2011,Kharif,Urad,2747,636,0.2315253
Madhya Pradesh,RAISEN,2011,Rabi,Gram,111263,136334,1.225330973
Madhya Pradesh,RAISEN,2011,Rabi,Khesari,7823,11007,1.407004985
Madhya Pradesh,RAISEN,2011,Rabi,Linseed,635,670,1.05511811
Madhya Pradesh,RAISEN,2011,Rabi,Masoor,23034,13154,0.571068855
Madhya Pradesh,RAISEN,2011,Rabi,Moong(Green Gram),108,25,0.231481481
Madhya Pradesh,RAISEN,2011,Rabi,Other  Rabi pulses,1,,
Madhya Pradesh,RAISEN,2011,Rabi,Peas & beans (Pulses),4540,2780,0.612334802
Madhya Pradesh,RAISEN,2011,Rabi,Rapeseed &Mustard,148,177,1.195945946
Madhya Pradesh,RAISEN,2011,Rabi,Wheat,222167,663866,2.988139553
Madhya Pradesh,RAISEN,2011,Whole Year,Coriander,838,272,0.324582339
Madhya Pradesh,RAISEN,2011,Whole Year,Dry chillies,255,349,1.368627451
Madhya Pradesh,RAISEN,2011,Whole Year,Dry ginger,73,40,0.547945205
Madhya Pradesh,RAISEN,2011,Whole Year,Garlic,91,281,3.087912088
Madhya Pradesh,RAISEN,2011,Whole Year,Onion,452,9373,20.73672566
Madhya Pradesh,RAISEN,2011,Whole Year,Potato,205,2839,13.84878049
Madhya Pradesh,RAISEN,2011,Whole Year,Sesamum,43,26,0.604651163
Madhya Pradesh,RAISEN,2011,Whole Year,Sugarcane,536,6880,12.8358209
Madhya Pradesh,RAISEN,2011,Whole Year,Sweet potato,15,97,6.466666667
Madhya Pradesh,RAISEN,2012,Kharif,Arhar/Tur,36390,14297,0.39288266
Madhya Pradesh,RAISEN,2012,Kharif,Bajra,5,14,2.8
Madhya Pradesh,RAISEN,2012,Kharif,Cotton(lint),28,18,0.642857143
Madhya Pradesh,RAISEN,2012,Kharif,Groundnut,162,205,1.265432099
Madhya Pradesh,RAISEN,2012,Kharif,Jowar,101,263,2.603960396
Madhya Pradesh,RAISEN,2012,Kharif,Maize,3553,5464,1.537855334
Madhya Pradesh,RAISEN,2012,Kharif,Moong(Green Gram),963,242,0.251298027
Madhya Pradesh,RAISEN,2012,Kharif,Niger seed,15,5,0.333333333
Madhya Pradesh,RAISEN,2012,Kharif,Rice,35335,45383,1.284363945
Madhya Pradesh,RAISEN,2012,Kharif,Sannhamp,5,6,1.2
Madhya Pradesh,RAISEN,2012,Kharif,Small millets,60,56,0.933333333
Madhya Pradesh,RAISEN,2012,Kharif,Soyabean,196487,181839,0.925450539
Madhya Pradesh,RAISEN,2012,Kharif,Urad,3543,737,0.208015806
Madhya Pradesh,RAISEN,2012,Rabi,Gram,117209,190912,1.6288169
Madhya Pradesh,RAISEN,2012,Rabi,Khesari,7617,8381,1.100301956
Madhya Pradesh,RAISEN,2012,Rabi,Linseed,235,162,0.689361702
Madhya Pradesh,RAISEN,2012,Rabi,Masoor,16305,10066,0.617356639
Madhya Pradesh,RAISEN,2012,Rabi,Moong(Green Gram),196,46,0.234693878
Madhya Pradesh,RAISEN,2012,Rabi,Peas & beans (Pulses),5395,2617,0.485078777
Madhya Pradesh,RAISEN,2012,Rabi,Rapeseed &Mustard,157,125,0.796178344
Madhya Pradesh,RAISEN,2012,Rabi,Urad,2,1,0.5
Madhya Pradesh,RAISEN,2012,Rabi,Wheat,232568,788547,3.390608338
Madhya Pradesh,RAISEN,2012,Whole Year,Coriander,674,137,0.203264095
Madhya Pradesh,RAISEN,2012,Whole Year,Dry chillies,277,385,1.389891697
Madhya Pradesh,RAISEN,2012,Whole Year,Dry ginger,43,28,0.651162791
Madhya Pradesh,RAISEN,2012,Whole Year,Garlic,130,312,2.4
Madhya Pradesh,RAISEN,2012,Whole Year,Onion,585,9368,16.01367521
Madhya Pradesh,RAISEN,2012,Whole Year,Potato,267,3338,12.50187266
Madhya Pradesh,RAISEN,2012,Whole Year,Sesamum,70,33,0.471428571
Madhya Pradesh,RAISEN,2012,Whole Year,Sugarcane,1146,15400,13.43804538
Madhya Pradesh,RAISEN,2012,Whole Year,Sweet potato,64,292,4.5625
Madhya Pradesh,RAISEN,2012,Whole Year,Turmeric,9,7,0.777777778
Madhya Pradesh,RAISEN,2013,Kharif,Arhar/Tur,13584,2464,0.18138987
Madhya Pradesh,RAISEN,2013,Kharif,Bajra,14,24,1.714285714
Madhya Pradesh,RAISEN,2013,Kharif,Barley,20,71,3.55
Madhya Pradesh,RAISEN,2013,Kharif,Groundnut,171,255,1.49122807
Madhya Pradesh,RAISEN,2013,Kharif,Horse-gram,2,1,0.5
Madhya Pradesh,RAISEN,2013,Kharif,Jowar,44,65,1.477272727
Madhya Pradesh,RAISEN,2013,Kharif,Maize,3237,2568,0.793327155
Madhya Pradesh,RAISEN,2013,Kharif,Moong(Green Gram),714,165,0.231092437
Madhya Pradesh,RAISEN,2013,Kharif,Rice,62686,54136,0.863605909
Madhya Pradesh,RAISEN,2013,Kharif,Small millets,131,128,0.977099237
Madhya Pradesh,RAISEN,2013,Kharif,Soyabean,194522,46843,0.240810808
Madhya Pradesh,RAISEN,2013,Kharif,Urad,2937,510,0.173646578
Madhya Pradesh,RAISEN,2013,Rabi,Gram,155702,98882,0.635072125
Madhya Pradesh,RAISEN,2013,Rabi,Khesari,5966,3434,0.575595039
Madhya Pradesh,RAISEN,2013,Rabi,Linseed,294,221,0.75170068
Madhya Pradesh,RAISEN,2013,Rabi,Masoor,14877,9410,0.632519997
Madhya Pradesh,RAISEN,2013,Rabi,Moong(Green Gram),6977,2554,0.366059911
Madhya Pradesh,RAISEN,2013,Rabi,Peas & beans (Pulses),5893,6709,1.13846937
Madhya Pradesh,RAISEN,2013,Rabi,Rapeseed &Mustard,233,197,0.845493562
Madhya Pradesh,RAISEN,2013,Rabi,Wheat,241868,517098,2.137934741
Madhya Pradesh,RAISEN,2013,Whole Year,Coriander,512,187,0.365234375
Madhya Pradesh,RAISEN,2013,Whole Year,Dry chillies,124,90,0.725806452
Madhya Pradesh,RAISEN,2013,Whole Year,Dry ginger,39,32,0.820512821
Madhya Pradesh,RAISEN,2013,Whole Year,Garlic,77,212,2.753246753
Madhya Pradesh,RAISEN,2013,Whole Year,Onion,558,8943,16.02688172
Madhya Pradesh,RAISEN,2013,Whole Year,Potato,198,3625,18.30808081
Madhya Pradesh,RAISEN,2013,Whole Year,Sesamum,59,23,0.389830508
Madhya Pradesh,RAISEN,2013,Whole Year,Sugarcane,282,5570,19.75177305
Madhya Pradesh,RAISEN,2013,Whole Year,Sweet potato,49,288,5.87755102
Madhya Pradesh,RAISEN,2013,Whole Year,Turmeric,1,1,1
Madhya Pradesh,RAJGARH,1997,Kharif,Arhar/Tur,2800,2900,1.035714286
Madhya Pradesh,RAJGARH,1997,Kharif,Groundnut,11000,10200,0.927272727
Madhya Pradesh,RAJGARH,1997,Kharif,Jowar,200,200,1
Madhya Pradesh,RAJGARH,1997,Kharif,Maize,7700,9300,1.207792208
Madhya Pradesh,RAJGARH,1997,Kharif,Paddy,419700,342600,0.816297355
Madhya Pradesh,RAJGARH,1997,Kharif,Sesamum,2900,500,0.172413793
Madhya Pradesh,RAJGARH,1997,Kharif,Small millets,16700,5200,0.311377246
Madhya Pradesh,RAJGARH,1997,Kharif,Soyabean,216200,247100,1.142923219
Madhya Pradesh,RAJGARH,1997,Kharif,Sunflower,700,200,0.285714286
Madhya Pradesh,RAJGARH,1997,Rabi,Barley,200,300,1.5
Madhya Pradesh,RAJGARH,1997,Rabi,Linseed,1600,400,0.25
Madhya Pradesh,RAJGARH,1997,Rabi,Rapeseed &Mustard,5700,2800,0.49122807
Madhya Pradesh,RAJGARH,1997,Rabi,Wheat,2200,2900,1.318181818
Madhya Pradesh,RAJGARH,1998,Kharif,Arhar/Tur,1000,1200,1.2
Madhya Pradesh,RAJGARH,1998,Kharif,Bajra,100,,
Madhya Pradesh,RAJGARH,1998,Kharif,Groundnut,8700,9100,1.045977011
Madhya Pradesh,RAJGARH,1998,Kharif,Jowar,56800,61000,1.073943662
Madhya Pradesh,RAJGARH,1998,Kharif,Maize,900,1300,1.444444444
Madhya Pradesh,RAJGARH,1998,Kharif,Rice,242900,167900,0.691230959
Madhya Pradesh,RAJGARH,1998,Kharif,Sesamum,2900,500,0.172413793
Madhya Pradesh,RAJGARH,1998,Kharif,Small millets,3000,1200,0.4
Madhya Pradesh,RAJGARH,1998,Kharif,Soyabean,228000,295300,1.295175439
Madhya Pradesh,RAJGARH,1998,Kharif,Sunflower,100,,
Madhya Pradesh,RAJGARH,1998,Rabi,Barley,200,200,1
Madhya Pradesh,RAJGARH,1998,Rabi,Gram,500,300,0.6
Madhya Pradesh,RAJGARH,1998,Rabi,Linseed,200,100,0.5
Madhya Pradesh,RAJGARH,1998,Rabi,Rapeseed &Mustard,600,400,0.666666667
Madhya Pradesh,RAJGARH,1998,Rabi,Wheat,800,1200,1.5
Madhya Pradesh,RAJGARH,1998,Whole Year,Sugarcane,955,17800,18.63874346
Madhya Pradesh,RAJGARH,1999,Kharif,Arhar/Tur,981,1148,1.170234455
Madhya Pradesh,RAJGARH,1999,Kharif,Bajra,14,13,0.928571429
Madhya Pradesh,RAJGARH,1999,Kharif,Castor seed,31,9,0.290322581
Madhya Pradesh,RAJGARH,1999,Kharif,Dry ginger,393,384,0.977099237
Madhya Pradesh,RAJGARH,1999,Kharif,Groundnut,1301,1288,0.990007686
Madhya Pradesh,RAJGARH,1999,Kharif,Jowar,49050,26192,0.533985729
Madhya Pradesh,RAJGARH,1999,Kharif,Maize,895,1502,1.678212291
Madhya Pradesh,RAJGARH,1999,Kharif,Niger seed,1509,238,0.157720345
Madhya Pradesh,RAJGARH,1999,Kharif,Other Kharif pulses,27566,7048,0.255677284
Madhya Pradesh,RAJGARH,1999,Kharif,Ragi,23,6,0.260869565
Madhya Pradesh,RAJGARH,1999,Kharif,Rice,243119,296182,1.218259371
Madhya Pradesh,RAJGARH,1999,Kharif,Sesamum,2709,661,0.244001477
Madhya Pradesh,RAJGARH,1999,Kharif,Soyabean,3,3,1
Madhya Pradesh,RAJGARH,1999,Kharif,Sunflower,220,46,0.209090909
Madhya Pradesh,RAJGARH,1999,Kharif,Urad,2711,1257,0.463666544
Madhya Pradesh,RAJGARH,1999,Rabi,Barley,181,271,1.497237569
Madhya Pradesh,RAJGARH,1999,Rabi,Gram,514,308,0.59922179
Madhya Pradesh,RAJGARH,1999,Rabi,Linseed,226,62,0.274336283
Madhya Pradesh,RAJGARH,1999,Rabi,Other  Rabi pulses,3899,1757,0.450628366
Madhya Pradesh,RAJGARH,1999,Rabi,Rapeseed &Mustard,660,620,0.939393939
Madhya Pradesh,RAJGARH,1999,Rabi,Urad,4,1,0.25
Madhya Pradesh,RAJGARH,1999,Rabi,Wheat,80071,171522,2.142123865
Madhya Pradesh,RAJGARH,1999,Whole Year,Coriander,18790,10459,0.556625865
Madhya Pradesh,RAJGARH,1999,Whole Year,Dry chillies,725,416,0.573793103
Madhya Pradesh,RAJGARH,1999,Whole Year,Garlic,59,165,2.796610169
Madhya Pradesh,RAJGARH,1999,Whole Year,Onion,395,6946,17.58481013
Madhya Pradesh,RAJGARH,1999,Whole Year,Potato,835,10620,12.71856287
Madhya Pradesh,RAJGARH,1999,Whole Year,Sannhamp,130,305,2.346153846
Madhya Pradesh,RAJGARH,1999,Whole Year,Sugarcane,478,15590,32.61506276
Madhya Pradesh,RAJGARH,1999,Whole Year,Sweet potato,100,569,5.69
Madhya Pradesh,RAJGARH,2000,Kharif,Arhar/Tur,4376,1340,0.306215722
Madhya Pradesh,RAJGARH,2000,Kharif,Dry ginger,3,2,0.666666667
Madhya Pradesh,RAJGARH,2000,Kharif,Groundnut,947,579,0.611404435
Madhya Pradesh,RAJGARH,2000,Kharif,Jowar,42414,16075,0.379002216
Madhya Pradesh,RAJGARH,2000,Kharif,Maize,47643,27414,0.575404572
Madhya Pradesh,RAJGARH,2000,Kharif,Niger seed,5,2,0.4
Madhya Pradesh,RAJGARH,2000,Kharif,Other Kharif pulses,7020,944,0.134472934
Madhya Pradesh,RAJGARH,2000,Kharif,Rice,1273,272,0.2136685
Madhya Pradesh,RAJGARH,2000,Kharif,Sesamum,450,85,0.188888889
Madhya Pradesh,RAJGARH,2000,Kharif,Soyabean,251801,130433,0.518000326
Madhya Pradesh,RAJGARH,2000,Kharif,Sunflower,89,12,0.134831461
Madhya Pradesh,RAJGARH,2000,Rabi,Barley,72,76,1.055555556
Madhya Pradesh,RAJGARH,2000,Rabi,Gram,38968,29458,0.755953603
Madhya Pradesh,RAJGARH,2000,Rabi,Linseed,73,27,0.369863014
Madhya Pradesh,RAJGARH,2000,Rabi,Other  Rabi pulses,2710,717,0.264575646
Madhya Pradesh,RAJGARH,2000,Rabi,Rapeseed &Mustard,124,55,0.443548387
Madhya Pradesh,RAJGARH,2000,Rabi,Safflower,3,1,0.333333333
Madhya Pradesh,RAJGARH,2000,Rabi,Wheat,31602,40683,1.287355231
Madhya Pradesh,RAJGARH,2000,Whole Year,Coriander,8415,2859,0.339750446
Madhya Pradesh,RAJGARH,2000,Whole Year,Dry chillies,569,129,0.226713533
Madhya Pradesh,RAJGARH,2000,Whole Year,Garlic,436,1078,2.472477064
Madhya Pradesh,RAJGARH,2000,Whole Year,Onion,438,4505,10.28538813
Madhya Pradesh,RAJGARH,2000,Whole Year,Sannhamp,89,83,0.93258427
Madhya Pradesh,RAJGARH,2000,Whole Year,Sugarcane,394,9290,23.5786802
Madhya Pradesh,RAJGARH,2001,Kharif,Arhar/Tur,3772,1588,0.420996819
Madhya Pradesh,RAJGARH,2001,Kharif,Dry ginger,2,2,1
Madhya Pradesh,RAJGARH,2001,Kharif,Groundnut,1071,656,0.612511671
Madhya Pradesh,RAJGARH,2001,Kharif,Jowar,40681,25385,0.624001377
Madhya Pradesh,RAJGARH,2001,Kharif,Maize,43765,51745,1.182337484
Madhya Pradesh,RAJGARH,2001,Kharif,Other Kharif pulses,6385,1520,0.238057948
Madhya Pradesh,RAJGARH,2001,Kharif,Rice,1167,453,0.388174807
Madhya Pradesh,RAJGARH,2001,Kharif,Sesamum,282,75,0.265957447
Madhya Pradesh,RAJGARH,2001,Kharif,Small millets,1,0,0
Madhya Pradesh,RAJGARH,2001,Kharif,Soyabean,260924,158120,0.606000215
Madhya Pradesh,RAJGARH,2001,Kharif,Sunflower,59,10,0.169491525
Madhya Pradesh,RAJGARH,2001,Rabi,Barley,109,104,0.95412844
Madhya Pradesh,RAJGARH,2001,Rabi,Gram,53252,46051,0.864775032
Madhya Pradesh,RAJGARH,2001,Rabi,Linseed,68,30,0.441176471
Madhya Pradesh,RAJGARH,2001,Rabi,Other  Rabi pulses,3401,1020,0.299911791
Madhya Pradesh,RAJGARH,2001,Rabi,Rapeseed &Mustard,140,81,0.578571429
Madhya Pradesh,RAJGARH,2001,Rabi,Wheat,39703,55376,1.394756064
Madhya Pradesh,RAJGARH,2001,Whole Year,Coriander,10657,3851,0.361358731
Madhya Pradesh,RAJGARH,2001,Whole Year,Dry chillies,618,219,0.354368932
Madhya Pradesh,RAJGARH,2001,Whole Year,Garlic,550,1336,2.429090909
Madhya Pradesh,RAJGARH,2001,Whole Year,Onion,716,6084,8.497206704
Madhya Pradesh,RAJGARH,2001,Whole Year,Potato,457,5752,12.58643326
Madhya Pradesh,RAJGARH,2001,Whole Year,Sannhamp,78,128,1.641025641
Madhya Pradesh,RAJGARH,2001,Whole Year,Sugarcane,284,7290,25.66901408
Madhya Pradesh,RAJGARH,2001,Whole Year,Sweet potato,118,629,5.330508475
Madhya Pradesh,RAJGARH,2002,Kharif,Arhar/Tur,3928,1123,0.28589613
Madhya Pradesh,RAJGARH,2002,Kharif,Dry ginger,2,2,1
Madhya Pradesh,RAJGARH,2002,Kharif,Groundnut,1107,431,0.38934056
Madhya Pradesh,RAJGARH,2002,Kharif,Jowar,45942,23109,0.503003787
Madhya Pradesh,RAJGARH,2002,Kharif,Maize,44287,35816,0.808724908
Madhya Pradesh,RAJGARH,2002,Kharif,Other Kharif pulses,6557,1286,0.196126277
Madhya Pradesh,RAJGARH,2002,Kharif,Rice,1102,277,0.251361162
Madhya Pradesh,RAJGARH,2002,Kharif,Sesamum,558,112,0.200716846
Madhya Pradesh,RAJGARH,2002,Kharif,Soyabean,255761,87215,0.341001951
Madhya Pradesh,RAJGARH,2002,Kharif,Sunflower,44,4,0.090909091
Madhya Pradesh,RAJGARH,2002,Rabi,Barley,27,25,0.925925926
Madhya Pradesh,RAJGARH,2002,Rabi,Gram,29475,26301,0.892315522
Madhya Pradesh,RAJGARH,2002,Rabi,Linseed,34,14,0.411764706
Madhya Pradesh,RAJGARH,2002,Rabi,Other  Rabi pulses,1649,452,0.274105518
Madhya Pradesh,RAJGARH,2002,Rabi,Rapeseed &Mustard,79,41,0.518987342
Madhya Pradesh,RAJGARH,2002,Rabi,Wheat,18579,23081,1.242316594
Madhya Pradesh,RAJGARH,2002,Whole Year,Banana,1,0,0
Madhya Pradesh,RAJGARH,2002,Whole Year,Beans & Mutter(Vegetable),2,0,0
Madhya Pradesh,RAJGARH,2002,Whole Year,Bhindi,64,0,0
Madhya Pradesh,RAJGARH,2002,Whole Year,Brinjal,103,0,0
Madhya Pradesh,RAJGARH,2002,Whole Year,Cabbage,2,0,0
Madhya Pradesh,RAJGARH,2002,Whole Year,Cauliflower,55,0,0
Madhya Pradesh,RAJGARH,2002,Whole Year,Citrus Fruit,346,0,0
Madhya Pradesh,RAJGARH,2002,Whole Year,Coriander,4253,1506,0.354102986
Madhya Pradesh,RAJGARH,2002,Whole Year,Dry chillies,522,151,0.289272031
Madhya Pradesh,RAJGARH,2002,Whole Year,Garlic,366,810,2.213114754
Madhya Pradesh,RAJGARH,2002,Whole Year,Grapes,1,0,0
Madhya Pradesh,RAJGARH,2002,Whole Year,Mango,126,0,0
Madhya Pradesh,RAJGARH,2002,Whole Year,Onion,496,4125,8.316532258
Madhya Pradesh,RAJGARH,2002,Whole Year,Other Fresh Fruits,10,0,0
Madhya Pradesh,RAJGARH,2002,Whole Year,Other Vegetables,201,0,0
Madhya Pradesh,RAJGARH,2002,Whole Year,Papaya,15,323,21.53333333
Madhya Pradesh,RAJGARH,2002,Whole Year,Pome Fruit,24,0,0
Madhya Pradesh,RAJGARH,2002,Whole Year,Potato,410,5021,12.24634146
Madhya Pradesh,RAJGARH,2002,Whole Year,Sannhamp,80,72,0.9
Madhya Pradesh,RAJGARH,2002,Whole Year,Sugarcane,157,2780,17.70700637
Madhya Pradesh,RAJGARH,2002,Whole Year,Sweet potato,97,447,4.608247423
Madhya Pradesh,RAJGARH,2002,Whole Year,Tomato,79,0,0
Madhya Pradesh,RAJGARH,2003,Kharif,Arhar/Tur,4418,3079,0.696921684
Madhya Pradesh,RAJGARH,2003,Kharif,Bajra,2,2,1
Madhya Pradesh,RAJGARH,2003,Kharif,Cotton(lint),9,6,0.666666667
Madhya Pradesh,RAJGARH,2003,Kharif,Groundnut,1151,1225,1.06429192
Madhya Pradesh,RAJGARH,2003,Kharif,Jowar,51660,71239,1.37899729
Madhya Pradesh,RAJGARH,2003,Kharif,Maize,47843,82464,1.723637732
Madhya Pradesh,RAJGARH,2003,Kharif,Other Kharif pulses,7160,2754,0.384636872
Madhya Pradesh,RAJGARH,2003,Kharif,other misc. pulses,187,0.01,5.34759E-05
Madhya Pradesh,RAJGARH,2003,Kharif,Rice,1054,814,0.772296015
Madhya Pradesh,RAJGARH,2003,Kharif,Sesamum,899,587,0.65294772
Madhya Pradesh,RAJGARH,2003,Kharif,Soyabean,252325,286389,1.135000495
Madhya Pradesh,RAJGARH,2003,Kharif,Sunflower,24,7,0.291666667
Madhya Pradesh,RAJGARH,2003,Kharif,Urad,3196,1202,0.376095119
Madhya Pradesh,RAJGARH,2003,Rabi,Barley,145,201,1.386206897
Madhya Pradesh,RAJGARH,2003,Rabi,Gram,77851,88980,1.142952563
Madhya Pradesh,RAJGARH,2003,Rabi,Linseed,30,21,0.7
Madhya Pradesh,RAJGARH,2003,Rabi,Other  Rabi pulses,4844,1982,0.409165979
Madhya Pradesh,RAJGARH,2003,Rabi,Rapeseed &Mustard,157,134,0.853503185
Madhya Pradesh,RAJGARH,2003,Rabi,Safflower,1,0,0
Madhya Pradesh,RAJGARH,2003,Rabi,Wheat,56973,102715,1.802871536
Madhya Pradesh,RAJGARH,2003,Whole Year,Beans & Mutter(Vegetable),7,0,0
Madhya Pradesh,RAJGARH,2003,Whole Year,Bhindi,69,0,0
Madhya Pradesh,RAJGARH,2003,Whole Year,Brinjal,153,0,0
Madhya Pradesh,RAJGARH,2003,Whole Year,Cauliflower,74,0,0
Madhya Pradesh,RAJGARH,2003,Whole Year,Citrus Fruit,2,0,0
Madhya Pradesh,RAJGARH,2003,Whole Year,Coriander,19657,9237,0.469908938
Madhya Pradesh,RAJGARH,2003,Whole Year,Dry chillies,607,395,0.650741351
Madhya Pradesh,RAJGARH,2003,Whole Year,Garlic,830,2592,3.122891566
Madhya Pradesh,RAJGARH,2003,Whole Year,Grapes,2,0,0
Madhya Pradesh,RAJGARH,2003,Whole Year,Mango,118,0,0
Madhya Pradesh,RAJGARH,2003,Whole Year,Onion,1080,11580,10.72222222
Madhya Pradesh,RAJGARH,2003,Whole Year,Orange,425,0,0
Madhya Pradesh,RAJGARH,2003,Whole Year,Other Citrus Fruit,11,0,0
Madhya Pradesh,RAJGARH,2003,Whole Year,Other Fresh Fruits,6,0,0
Madhya Pradesh,RAJGARH,2003,Whole Year,Other Vegetables,224,0,0
Madhya Pradesh,RAJGARH,2003,Whole Year,Papaya,17,488,28.70588235
Madhya Pradesh,RAJGARH,2003,Whole Year,Pome Fruit,13,0,0
Madhya Pradesh,RAJGARH,2003,Whole Year,Potato,799,13118,16.41802253
Madhya Pradesh,RAJGARH,2003,Whole Year,Sannhamp,60,133,2.216666667
Madhya Pradesh,RAJGARH,2003,Whole Year,Sugarcane,143,3780,26.43356643
Madhya Pradesh,RAJGARH,2003,Whole Year,Sweet potato,90,512,5.688888889
Madhya Pradesh,RAJGARH,2003,Whole Year,Tomato,102,0,0
Madhya Pradesh,RAJGARH,2003,Whole Year,Turmeric,1,1,1
Madhya Pradesh,RAJGARH,2003,Whole Year,Water Melon,4,0,0
Madhya Pradesh,RAJGARH,2004,Kharif,Arhar/Tur,3990,2571,0.644360902
Madhya Pradesh,RAJGARH,2004,Kharif,Cotton(lint),20,16,0.8
Madhya Pradesh,RAJGARH,2004,Kharif,Dry ginger,1,1,1
Madhya Pradesh,RAJGARH,2004,Kharif,Groundnut,1172,1229,1.048634812
Madhya Pradesh,RAJGARH,2004,Kharif,Jowar,45916,38615,0.840992247
Madhya Pradesh,RAJGARH,2004,Kharif,Maize,49956,60221,1.205480823
Madhya Pradesh,RAJGARH,2004,Kharif,Rice,955,612,0.640837696
Madhya Pradesh,RAJGARH,2004,Kharif,Sesamum,1026,656,0.639376218
Madhya Pradesh,RAJGARH,2004,Kharif,Soyabean,261010,230994,0.885000575
Madhya Pradesh,RAJGARH,2004,Kharif,Sunflower,53,16,0.301886792
Madhya Pradesh,RAJGARH,2004,Kharif,Urad,2812,1145,0.407183499
Madhya Pradesh,RAJGARH,2004,Rabi,Barley,156,193,1.237179487
Madhya Pradesh,RAJGARH,2004,Rabi,Gram,80300,88040,1.096388543
Madhya Pradesh,RAJGARH,2004,Rabi,Linseed,36,21,0.583333333
Madhya Pradesh,RAJGARH,2004,Rabi,Masoor,5889,2341,0.397520801
Madhya Pradesh,RAJGARH,2004,Rabi,Rapeseed &Mustard,849,639,0.752650177
Madhya Pradesh,RAJGARH,2004,Rabi,Wheat,65309,102606,1.571085149
Madhya Pradesh,RAJGARH,2004,Whole Year,Coriander,24864,11323,0.455397362
Madhya Pradesh,RAJGARH,2004,Whole Year,Garlic,1020,3185,3.12254902
Madhya Pradesh,RAJGARH,2004,Whole Year,Onion,1367,17772,13.00073153
Madhya Pradesh,RAJGARH,2004,Whole Year,Potato,763,14379,18.84534731
Madhya Pradesh,RAJGARH,2004,Whole Year,Sugarcane,93,2620,28.17204301
Madhya Pradesh,RAJGARH,2004,Whole Year,Sweet potato,154,946,6.142857143
Madhya Pradesh,RAJGARH,2004,Whole Year,Turmeric,1,1,1
Madhya Pradesh,RAJGARH,2005,Kharif,Arhar/Tur,3993,2066,0.51740546
Madhya Pradesh,RAJGARH,2005,Kharif,Castor seed,13,4,0.307692308
Madhya Pradesh,RAJGARH,2005,Kharif,Cotton(lint),13,9,0.692307692
Madhya Pradesh,RAJGARH,2005,Kharif,Groundnut,1371,1189,0.867250182
Madhya Pradesh,RAJGARH,2005,Kharif,Jowar,42597,44471,1.043993708
Madhya Pradesh,RAJGARH,2005,Kharif,Maize,50704,50441,0.994813033
Madhya Pradesh,RAJGARH,2005,Kharif,Moong(Green Gram),3349,1155,0.344879068
Madhya Pradesh,RAJGARH,2005,Kharif,Rice,865,432,0.499421965
Madhya Pradesh,RAJGARH,2005,Kharif,Sesamum,1326,540,0.407239819
Madhya Pradesh,RAJGARH,2005,Kharif,Soyabean,266312,317178,1.191001532
Madhya Pradesh,RAJGARH,2005,Kharif,Sunflower,15,4,0.266666667
Madhya Pradesh,RAJGARH,2005,Kharif,Urad,2621,990,0.377718428
Madhya Pradesh,RAJGARH,2005,Rabi,Barley,113,125,1.10619469
Madhya Pradesh,RAJGARH,2005,Rabi,Gram,55397,51933,0.937469538
Madhya Pradesh,RAJGARH,2005,Rabi,Linseed,26,14,0.538461538
Madhya Pradesh,RAJGARH,2005,Rabi,Masoor,5153,1937,0.375897535
Madhya Pradesh,RAJGARH,2005,Rabi,Peas & beans (Pulses),643,208,0.32348367
Madhya Pradesh,RAJGARH,2005,Rabi,Rapeseed &Mustard,1519,954,0.628044766
Madhya Pradesh,RAJGARH,2005,Rabi,Wheat,42984,59311,1.37983901
Madhya Pradesh,RAJGARH,2005,Whole Year,Onion,1216,14063,11.56496711
Madhya Pradesh,RAJGARH,2005,Whole Year,Potato,621,7627,12.28180354
Madhya Pradesh,RAJGARH,2005,Whole Year,Sugarcane,65,1740,26.76923077
Madhya Pradesh,RAJGARH,2005,Whole Year,Sweet potato,154,905,5.876623377
Madhya Pradesh,RAJGARH,2006,Kharif,Arhar/Tur,4126,2515,0.6095492
Madhya Pradesh,RAJGARH,2006,Kharif,Cotton(lint),6,5,0.833333333
Madhya Pradesh,RAJGARH,2006,Kharif,Groundnut,1162,951,0.818416523
Madhya Pradesh,RAJGARH,2006,Kharif,Jowar,41586,42251,1.015990958
Madhya Pradesh,RAJGARH,2006,Kharif,Jute,51,117,2.294117647
Madhya Pradesh,RAJGARH,2006,Kharif,Maize,47805,23691,0.495575777
Madhya Pradesh,RAJGARH,2006,Kharif,Moong(Green Gram),3193,1244,0.389602255
Madhya Pradesh,RAJGARH,2006,Kharif,Other Kharif pulses,53,,
Madhya Pradesh,RAJGARH,2006,Kharif,Rice,967,561,0.580144778
Madhya Pradesh,RAJGARH,2006,Kharif,Soyabean,273079,229386,0.839998682
Madhya Pradesh,RAJGARH,2006,Kharif,Sunflower,3,1,0.333333333
Madhya Pradesh,RAJGARH,2006,Kharif,Urad,2242,950,0.423728814
Madhya Pradesh,RAJGARH,2006,Rabi,Gram,78785,91291,1.1587358
Madhya Pradesh,RAJGARH,2006,Rabi,Linseed,14,9,0.642857143
Madhya Pradesh,RAJGARH,2006,Rabi,Masoor,6303,3280,0.520387117
Madhya Pradesh,RAJGARH,2006,Rabi,Peas & beans (Pulses),985,421,0.427411168
Madhya Pradesh,RAJGARH,2006,Rabi,Rapeseed &Mustard,1662,1431,0.86101083
Madhya Pradesh,RAJGARH,2006,Rabi,Wheat,69801,118208,1.693500093
Madhya Pradesh,RAJGARH,2006,Whole Year,Coriander,19073,9514,0.498820322
Madhya Pradesh,RAJGARH,2006,Whole Year,Dry chillies,564,414,0.734042553
Madhya Pradesh,RAJGARH,2006,Whole Year,Garlic,1046,3448,3.296367113
Madhya Pradesh,RAJGARH,2006,Whole Year,Onion,1407,17059,12.12437811
Madhya Pradesh,RAJGARH,2006,Whole Year,Potato,601,9809,16.32113145
Madhya Pradesh,RAJGARH,2006,Whole Year,Sesamum,1150,391,0.34
Madhya Pradesh,RAJGARH,2006,Whole Year,Sugarcane,85,2420,28.47058824
Madhya Pradesh,RAJGARH,2006,Whole Year,Sweet potato,116,744,6.413793103
Madhya Pradesh,RAJGARH,2007,Kharif,Arhar/Tur,4092,2582,0.630987292
Madhya Pradesh,RAJGARH,2007,Kharif,Groundnut,1235,1289,1.043724696
Madhya Pradesh,RAJGARH,2007,Kharif,Jowar,39651,49802,1.256008676
Madhya Pradesh,RAJGARH,2007,Kharif,Maize,48640,55667,1.144469572
Madhya Pradesh,RAJGARH,2007,Kharif,Rice,929,643,0.692142088
Madhya Pradesh,RAJGARH,2007,Kharif,Sannhamp,44,20,0.454545455
Madhya Pradesh,RAJGARH,2007,Kharif,Soyabean,277426,272432,0.981998803
Madhya Pradesh,RAJGARH,2007,Kharif,Urad,2728,1356,0.497067449
Madhya Pradesh,RAJGARH,2007,Rabi,Barley,160,240,1.5
Madhya Pradesh,RAJGARH,2007,Rabi,Gram,90014,64241,0.713677872
Madhya Pradesh,RAJGARH,2007,Rabi,Linseed,21,13,0.619047619
Madhya Pradesh,RAJGARH,2007,Rabi,Masoor,6671,2846,0.426622695
Madhya Pradesh,RAJGARH,2007,Rabi,Peas & beans (Pulses),1070,419,0.391588785
Madhya Pradesh,RAJGARH,2007,Rabi,Rapeseed &Mustard,1687,1338,0.793123889
Madhya Pradesh,RAJGARH,2007,Rabi,Wheat,72279,103709,1.434842762
Madhya Pradesh,RAJGARH,2007,Whole Year,Coriander,26735,8890,0.33252291
Madhya Pradesh,RAJGARH,2007,Whole Year,Garlic,1374,4589,3.339883552
Madhya Pradesh,RAJGARH,2007,Whole Year,Onion,1568,16447,10.48915816
Madhya Pradesh,RAJGARH,2007,Whole Year,Potato,770,12423,16.13376623
Madhya Pradesh,RAJGARH,2007,Whole Year,Sesamum,1217,777,0.638455218
Madhya Pradesh,RAJGARH,2007,Whole Year,Sugarcane,82,2370,28.90243902
Madhya Pradesh,RAJGARH,2007,Whole Year,Sweet potato,167,1132,6.778443114
Madhya Pradesh,RAJGARH,2008,Kharif,Arhar/Tur,3534,2337,0.661290323
Madhya Pradesh,RAJGARH,2008,Kharif,Groundnut,1157,1054,0.910976664
Madhya Pradesh,RAJGARH,2008,Kharif,Jowar,33357,43531,1.305003448
Madhya Pradesh,RAJGARH,2008,Kharif,Maize,50423,59890,1.187751621
Madhya Pradesh,RAJGARH,2008,Kharif,Rice,710,441,0.621126761
Madhya Pradesh,RAJGARH,2008,Kharif,Sannhamp,36,15,0.416666667
Madhya Pradesh,RAJGARH,2008,Kharif,Soyabean,283168,307803,1.086997825
Madhya Pradesh,RAJGARH,2008,Kharif,Urad,3252,1379,0.42404674
Madhya Pradesh,RAJGARH,2008,Rabi,Barley,107,149,1.392523364
Madhya Pradesh,RAJGARH,2008,Rabi,Gram,78627,73415,0.933712338
Madhya Pradesh,RAJGARH,2008,Rabi,Linseed,1,,
Madhya Pradesh,RAJGARH,2008,Rabi,Masoor,5450,2324,0.426422018
Madhya Pradesh,RAJGARH,2008,Rabi,Peas & beans (Pulses),993,383,0.385699899
Madhya Pradesh,RAJGARH,2008,Rabi,Rapeseed &Mustard,1404,1025,0.73005698
Madhya Pradesh,RAJGARH,2008,Rabi,Wheat,56103,85755,1.528527886
Madhya Pradesh,RAJGARH,2008,Whole Year,Coriander,26912,12450,0.462618906
Madhya Pradesh,RAJGARH,2008,Whole Year,Garlic,1216,3850,3.166118421
Madhya Pradesh,RAJGARH,2008,Whole Year,Onion,1412,15437,10.93271955
Madhya Pradesh,RAJGARH,2008,Whole Year,Potato,765,9768,12.76862745
Madhya Pradesh,RAJGARH,2008,Whole Year,Sesamum,893,487,0.545352744
Madhya Pradesh,RAJGARH,2008,Whole Year,Small millets,1,,
Madhya Pradesh,RAJGARH,2008,Whole Year,Sugarcane,83,2400,28.91566265
Madhya Pradesh,RAJGARH,2008,Whole Year,Sweet potato,163,1119,6.865030675
Madhya Pradesh,RAJGARH,2009,Kharif,Jowar,29255,34667,1.184994018
Madhya Pradesh,RAJGARH,2009,Kharif,Moong(Green Gram),2034,753,0.37020649
Madhya Pradesh,RAJGARH,2009,Kharif,Urad,3124,1304,0.417413572
Madhya Pradesh,RAJGARH,2009,Whole Year,Arhar/Tur,3187,2191,0.687480389
Madhya Pradesh,RAJGARH,2009,Whole Year,Barley,156,244,1.564102564
Madhya Pradesh,RAJGARH,2009,Whole Year,Coriander,36209,19894,0.549421415
Madhya Pradesh,RAJGARH,2009,Whole Year,Dry chillies,526,799,1.519011407
Madhya Pradesh,RAJGARH,2009,Whole Year,Dry ginger,1,1,1
Madhya Pradesh,RAJGARH,2009,Whole Year,Garlic,1442,5004,3.470180305
Madhya Pradesh,RAJGARH,2009,Whole Year,Gram,129782,153673,1.184085621
Madhya Pradesh,RAJGARH,2009,Whole Year,Groundnut,1155,1001,0.866666667
Madhya Pradesh,RAJGARH,2009,Whole Year,Linseed,19,16,0.842105263
Madhya Pradesh,RAJGARH,2009,Whole Year,Maize,51065,45131,0.883795163
Madhya Pradesh,RAJGARH,2009,Whole Year,Masoor,7217,3913,0.542192047
Madhya Pradesh,RAJGARH,2009,Whole Year,Onion,1822,21458,11.77716795
Madhya Pradesh,RAJGARH,2009,Whole Year,Peas & beans (Pulses),1163,533,0.458297506
Madhya Pradesh,RAJGARH,2009,Whole Year,Potato,868,12366,14.24654378
Madhya Pradesh,RAJGARH,2009,Whole Year,Rapeseed &Mustard,2663,2532,0.95080736
Madhya Pradesh,RAJGARH,2009,Whole Year,Rice,605,316,0.52231405
Madhya Pradesh,RAJGARH,2009,Whole Year,Sannhamp,26,10,0.384615385
Madhya Pradesh,RAJGARH,2009,Whole Year,Sesamum,1106,621,0.561482821
Madhya Pradesh,RAJGARH,2009,Whole Year,Soyabean,292054,255839,0.875998959
Madhya Pradesh,RAJGARH,2009,Whole Year,Sugarcane,69,2000,28.98550725
Madhya Pradesh,RAJGARH,2009,Whole Year,Sweet potato,139,954,6.863309353
Madhya Pradesh,RAJGARH,2009,Whole Year,Wheat,77694,145348,1.870775092
Madhya Pradesh,RAJGARH,2010,Kharif,Arhar/Tur,3253,990,0.30433446
Madhya Pradesh,RAJGARH,2010,Kharif,Groundnut,1139,1319,1.158033363
Madhya Pradesh,RAJGARH,2010,Kharif,Jowar,24377,28619,1.174016491
Madhya Pradesh,RAJGARH,2010,Kharif,Maize,53662,64358,1.19932168
Madhya Pradesh,RAJGARH,2010,Kharif,Moong(Green Gram),1634,710,0.434516524
Madhya Pradesh,RAJGARH,2010,Kharif,Rice,538,448,0.832713755
Madhya Pradesh,RAJGARH,2010,Kharif,Soyabean,298955,258469,0.864574936
Madhya Pradesh,RAJGARH,2010,Kharif,Urad,3089,1433,0.463904176
Madhya Pradesh,RAJGARH,2010,Rabi,Barley,123,177,1.43902439
Madhya Pradesh,RAJGARH,2010,Rabi,Gram,133042,99939,0.751183837
Madhya Pradesh,RAJGARH,2010,Rabi,Linseed,3,1,0.333333333
Madhya Pradesh,RAJGARH,2010,Rabi,Masoor,10868,3132,0.288185499
Madhya Pradesh,RAJGARH,2010,Rabi,Peas & beans (Pulses),1212,321,0.264851485
Madhya Pradesh,RAJGARH,2010,Rabi,Rapeseed &Mustard,4022,3105,0.772003978
Madhya Pradesh,RAJGARH,2010,Rabi,Wheat,94128,140386,1.491437192
Madhya Pradesh,RAJGARH,2010,Whole Year,Coriander,50891,18395,0.361458804
Madhya Pradesh,RAJGARH,2010,Whole Year,Dry chillies,565,1178,2.084955752
Madhya Pradesh,RAJGARH,2010,Whole Year,Garlic,1656,4654,2.810386473
Madhya Pradesh,RAJGARH,2010,Whole Year,Onion,1799,24856,13.81656476
Madhya Pradesh,RAJGARH,2010,Whole Year,Potato,1090,12196,11.18899083
Madhya Pradesh,RAJGARH,2010,Whole Year,Sannhamp,26,67,2.576923077
Madhya Pradesh,RAJGARH,2010,Whole Year,Sesamum,1368,1037,0.758040936
Madhya Pradesh,RAJGARH,2010,Whole Year,Sugarcane,25,720,28.8
Madhya Pradesh,RAJGARH,2010,Whole Year,Sweet potato,134,794,5.925373134
Madhya Pradesh,RAJGARH,2011,Kharif,Arhar/Tur,2642,1482,0.560938683
Madhya Pradesh,RAJGARH,2011,Kharif,Barley,136,306,2.25
Madhya Pradesh,RAJGARH,2011,Kharif,Groundnut,1184,1397,1.179898649
Madhya Pradesh,RAJGARH,2011,Kharif,Jowar,18243,17440,0.955983117
Madhya Pradesh,RAJGARH,2011,Kharif,Maize,51405,45674,0.888512791
Madhya Pradesh,RAJGARH,2011,Kharif,Moong(Green Gram),1078,346,0.32096475
Madhya Pradesh,RAJGARH,2011,Kharif,Rice,468,426,0.91025641
Madhya Pradesh,RAJGARH,2011,Kharif,Sannhamp,22,39,1.772727273
Madhya Pradesh,RAJGARH,2011,Kharif,Soyabean,313107,268020,0.856001303
Madhya Pradesh,RAJGARH,2011,Kharif,Urad,2751,997,0.362413668
Madhya Pradesh,RAJGARH,2011,Rabi,Gram,106631,119882,1.124269678
Madhya Pradesh,RAJGARH,2011,Rabi,Linseed,6,7,1.166666667
Madhya Pradesh,RAJGARH,2011,Rabi,Masoor,9668,4233,0.437836161
Madhya Pradesh,RAJGARH,2011,Rabi,Peas & beans (Pulses),1367,513,0.375274323
Madhya Pradesh,RAJGARH,2011,Rabi,Rapeseed &Mustard,2804,3227,1.15085592
Madhya Pradesh,RAJGARH,2011,Rabi,Wheat,137077,323835,2.362431334
Madhya Pradesh,RAJGARH,2011,Whole Year,Coriander,42382,20833,0.491553018
Madhya Pradesh,RAJGARH,2011,Whole Year,Dry chillies,618,891,1.441747573
Madhya Pradesh,RAJGARH,2011,Whole Year,Dry ginger,2,2,1
Madhya Pradesh,RAJGARH,2011,Whole Year,Garlic,1956,6108,3.122699387
Madhya Pradesh,RAJGARH,2011,Whole Year,Onion,2332,36724,15.74785592
Madhya Pradesh,RAJGARH,2011,Whole Year,Potato,1278,20926,16.37402191
Madhya Pradesh,RAJGARH,2011,Whole Year,Sesamum,1374,1078,0.784570597
Madhya Pradesh,RAJGARH,2011,Whole Year,Sugarcane,19,520,27.36842105
Madhya Pradesh,RAJGARH,2011,Whole Year,Sweet potato,129,815,6.317829457
Madhya Pradesh,RAJGARH,2012,Kharif,Arhar/Tur,2258,1335,0.591231178
Madhya Pradesh,RAJGARH,2012,Kharif,Barley,143,233,1.629370629
Madhya Pradesh,RAJGARH,2012,Kharif,Groundnut,1342,2007,1.495529061
Madhya Pradesh,RAJGARH,2012,Kharif,Jowar,14180,17087,1.205007052
Madhya Pradesh,RAJGARH,2012,Kharif,Maize,49670,125032,2.517253876
Madhya Pradesh,RAJGARH,2012,Kharif,Moong(Green Gram),830,397,0.478313253
Madhya Pradesh,RAJGARH,2012,Kharif,Other Kharif pulses,180,,
Madhya Pradesh,RAJGARH,2012,Kharif,Rice,415,336,0.809638554
Madhya Pradesh,RAJGARH,2012,Kharif,Sannhamp,16,45,2.8125
Madhya Pradesh,RAJGARH,2012,Kharif,Soyabean,326224,400603,1.227999779
Madhya Pradesh,RAJGARH,2012,Kharif,Urad,3028,1605,0.53005284
Madhya Pradesh,RAJGARH,2012,Rabi,Gram,108324,135506,1.250932388
Madhya Pradesh,RAJGARH,2012,Rabi,Masoor,9374,5882,0.627480265
Madhya Pradesh,RAJGARH,2012,Rabi,Peas & beans (Pulses),1385,707,0.510469314
Madhya Pradesh,RAJGARH,2012,Rabi,Rapeseed &Mustard,4853,5633,1.160725325
Madhya Pradesh,RAJGARH,2012,Rabi,Urad,9,3,0.333333333
Madhya Pradesh,RAJGARH,2012,Rabi,Wheat,165106,462594,2.801800056
Madhya Pradesh,RAJGARH,2012,Whole Year,Coriander,35174,13617,0.387132541
Madhya Pradesh,RAJGARH,2012,Whole Year,Dry chillies,627,1332,2.124401914
Madhya Pradesh,RAJGARH,2012,Whole Year,Dry ginger,1,1,1
Madhya Pradesh,RAJGARH,2012,Whole Year,Garlic,2020,8956,4.433663366
Madhya Pradesh,RAJGARH,2012,Whole Year,Onion,2384,46594,19.54446309
Madhya Pradesh,RAJGARH,2012,Whole Year,Potato,1063,22168,20.85418627
Madhya Pradesh,RAJGARH,2012,Whole Year,Sesamum,1457,1161,0.796842828
Madhya Pradesh,RAJGARH,2012,Whole Year,Sugarcane,14,460,32.85714286
Madhya Pradesh,RAJGARH,2012,Whole Year,Sweet potato,118,1119,9.483050847
Madhya Pradesh,RAJGARH,2013,Kharif,Arhar/Tur,2066,1360,0.658276864
Madhya Pradesh,RAJGARH,2013,Kharif,Bajra,12,11,0.916666667
Madhya Pradesh,RAJGARH,2013,Kharif,Barley,146,323,2.212328767
Madhya Pradesh,RAJGARH,2013,Kharif,Groundnut,1458,778,0.533607682
Madhya Pradesh,RAJGARH,2013,Kharif,Jowar,8937,4486,0.501958152
Madhya Pradesh,RAJGARH,2013,Kharif,Maize,41304,19865,0.480946155
Madhya Pradesh,RAJGARH,2013,Kharif,Moong(Green Gram),471,166,0.352441614
Madhya Pradesh,RAJGARH,2013,Kharif,Other Kharif pulses,133,56,0.421052632
Madhya Pradesh,RAJGARH,2013,Kharif,Rice,364,236,0.648351648
Madhya Pradesh,RAJGARH,2013,Kharif,Sannhamp,13,5,0.384615385
Madhya Pradesh,RAJGARH,2013,Kharif,Soyabean,342419,197576,0.577000692
Madhya Pradesh,RAJGARH,2013,Kharif,Urad,3252,1185,0.364391144
Madhya Pradesh,RAJGARH,2013,Rabi,Gram,86798,97065,1.118286136
Madhya Pradesh,RAJGARH,2013,Rabi,Masoor,10068,11682,1.160309893
Madhya Pradesh,RAJGARH,2013,Rabi,Peas & beans (Pulses),1484,1616,1.088948787
Madhya Pradesh,RAJGARH,2013,Rabi,Rapeseed &Mustard,8348,5999,0.718615237
Madhya Pradesh,RAJGARH,2013,Rabi,Wheat,194096,450660,2.321840739
Madhya Pradesh,RAJGARH,2013,Whole Year,Coriander,33574,15290,0.455411926
Madhya Pradesh,RAJGARH,2013,Whole Year,Dry chillies,585,474,0.81025641
Madhya Pradesh,RAJGARH,2013,Whole Year,Garlic,2174,6265,2.881784729
Madhya Pradesh,RAJGARH,2013,Whole Year,Onion,2682,36514,13.61446682
Madhya Pradesh,RAJGARH,2013,Whole Year,Potato,1057,14738,13.94323557
Madhya Pradesh,RAJGARH,2013,Whole Year,Sesamum,1301,854,0.65641814
Madhya Pradesh,RAJGARH,2013,Whole Year,Sugarcane,3,80,26.66666667
Madhya Pradesh,RAJGARH,2013,Whole Year,Sweet potato,143,1220,8.531468531
Madhya Pradesh,RATLAM,1997,Kharif,Arhar/Tur,1100,900,0.818181818
Madhya Pradesh,RATLAM,1997,Kharif,Bajra,100,100,1
Madhya Pradesh,RATLAM,1997,Kharif,Cotton(lint),19500,37000,1.897435897
Madhya Pradesh,RATLAM,1997,Kharif,Groundnut,300,400,1.333333333
Madhya Pradesh,RATLAM,1997,Kharif,Jowar,5700,6100,1.070175439
Madhya Pradesh,RATLAM,1997,Kharif,Maize,48600,72600,1.49382716
Madhya Pradesh,RATLAM,1997,Kharif,Paddy,3700,2500,0.675675676
Madhya Pradesh,RATLAM,1997,Kharif,Small millets,200,100,0.5
Madhya Pradesh,RATLAM,1997,Kharif,Soyabean,170000,163400,0.961176471
Madhya Pradesh,RATLAM,1997,Rabi,Barley,100,200,2
Madhya Pradesh,RATLAM,1997,Rabi,Linseed,2100,1500,0.714285714
Madhya Pradesh,RATLAM,1997,Rabi,Rapeseed &Mustard,8400,8300,0.988095238
Madhya Pradesh,RATLAM,1997,Rabi,Wheat,87300,243700,2.791523482
Madhya Pradesh,RATLAM,1998,Kharif,Arhar/Tur,700,700,1
Madhya Pradesh,RATLAM,1998,Kharif,Cotton(lint),20800,3600,0.173076923
Madhya Pradesh,RATLAM,1998,Kharif,Groundnut,300,400,1.333333333
Madhya Pradesh,RATLAM,1998,Kharif,Jowar,3200,4400,1.375
Madhya Pradesh,RATLAM,1998,Kharif,Maize,46800,76600,1.636752137
Madhya Pradesh,RATLAM,1998,Kharif,Rice,3600,1700,0.472222222
Madhya Pradesh,RATLAM,1998,Kharif,Sesamum,100,,
Madhya Pradesh,RATLAM,1998,Kharif,Small millets,500,200,0.4
Madhya Pradesh,RATLAM,1998,Kharif,Soyabean,181300,309800,1.708769994
Madhya Pradesh,RATLAM,1998,Rabi,Barley,100,200,2
Madhya Pradesh,RATLAM,1998,Rabi,Gram,75700,63600,0.84015852
Madhya Pradesh,RATLAM,1998,Rabi,Linseed,1600,1300,0.8125
Madhya Pradesh,RATLAM,1998,Rabi,Rapeseed &Mustard,2000,2300,1.15
Madhya Pradesh,RATLAM,1998,Rabi,Wheat,91000,260100,2.858241758
Madhya Pradesh,RATLAM,1998,Whole Year,Sugarcane,848,33600,39.62264151
Madhya Pradesh,RATLAM,1999,Kharif,Arhar/Tur,919,827,0.899891186
Madhya Pradesh,RATLAM,1999,Kharif,Bajra,8,9,1.125
Madhya Pradesh,RATLAM,1999,Kharif,Castor seed,5,2,0.4
Madhya Pradesh,RATLAM,1999,Kharif,Cotton(lint),24240,19893,0.820668317
Madhya Pradesh,RATLAM,1999,Kharif,Dry ginger,26,38,1.461538462
Madhya Pradesh,RATLAM,1999,Kharif,Groundnut,303,354,1.168316832
Madhya Pradesh,RATLAM,1999,Kharif,Jowar,2018,2691,1.333498513
Madhya Pradesh,RATLAM,1999,Kharif,Maize,49226,97041,1.971336286
Madhya Pradesh,RATLAM,1999,Kharif,Niger seed,9,3,0.333333333
Madhya Pradesh,RATLAM,1999,Kharif,Other Kharif pulses,12039,7596,0.630949414
Madhya Pradesh,RATLAM,1999,Kharif,Rice,3393,2755,0.811965812
Madhya Pradesh,RATLAM,1999,Kharif,Sesamum,38,13,0.342105263
Madhya Pradesh,RATLAM,1999,Kharif,Soyabean,184227,293842,1.594999647
Madhya Pradesh,RATLAM,1999,Kharif,Sunflower,3,1,0.333333333
Madhya Pradesh,RATLAM,1999,Kharif,Urad,11459,7289,0.6360939
Madhya Pradesh,RATLAM,1999,Rabi,Barley,66,152,2.303030303
Madhya Pradesh,RATLAM,1999,Rabi,Gram,72003,51194,0.710998153
Madhya Pradesh,RATLAM,1999,Rabi,Linseed,2830,2770,0.978798587
Madhya Pradesh,RATLAM,1999,Rabi,Other  Rabi pulses,1159,923,0.796376186
Madhya Pradesh,RATLAM,1999,Rabi,Rapeseed &Mustard,2427,2760,1.137206428
Madhya Pradesh,RATLAM,1999,Rabi,Safflower,105,53,0.504761905
Madhya Pradesh,RATLAM,1999,Rabi,Wheat,81517,263142,3.228062858
Madhya Pradesh,RATLAM,1999,Whole Year,Coriander,497,226,0.45472837
Madhya Pradesh,RATLAM,1999,Whole Year,Dry chillies,654,609,0.931192661
Madhya Pradesh,RATLAM,1999,Whole Year,Garlic,12198,79948,6.554189211
Madhya Pradesh,RATLAM,1999,Whole Year,Onion,1345,32363,24.06171004
Madhya Pradesh,RATLAM,1999,Whole Year,Potato,680,11372,16.72352941
Madhya Pradesh,RATLAM,1999,Whole Year,Sannhamp,13,33,2.538461538
Madhya Pradesh,RATLAM,1999,Whole Year,Sugarcane,551,32130,58.31215971
Madhya Pradesh,RATLAM,1999,Whole Year,Sweet potato,54,446,8.259259259
Madhya Pradesh,RATLAM,1999,Whole Year,Turmeric,4,3,0.75
Madhya Pradesh,RATLAM,2000,Kharif,Arhar/Tur,745,565,0.758389262
Madhya Pradesh,RATLAM,2000,Kharif,Bajra,9,10,1.111111111
Madhya Pradesh,RATLAM,2000,Kharif,Castor seed,46,20,0.434782609
Madhya Pradesh,RATLAM,2000,Kharif,Cotton(lint),21530,10629,0.493683233
Madhya Pradesh,RATLAM,2000,Kharif,Dry ginger,43,47,1.093023256
Madhya Pradesh,RATLAM,2000,Kharif,Groundnut,314,385,1.22611465
Madhya Pradesh,RATLAM,2000,Kharif,Jowar,1658,2238,1.349819059
Madhya Pradesh,RATLAM,2000,Kharif,Maize,59795,85647,1.432343841
Madhya Pradesh,RATLAM,2000,Kharif,Niger seed,7,2,0.285714286
Madhya Pradesh,RATLAM,2000,Kharif,Other Kharif pulses,10506,5773,0.549495526
Madhya Pradesh,RATLAM,2000,Kharif,Rice,2811,1086,0.386339381
Madhya Pradesh,RATLAM,2000,Kharif,Sesamum,51,19,0.37254902
Madhya Pradesh,RATLAM,2000,Kharif,Small millets,641,189,0.294851794
Madhya Pradesh,RATLAM,2000,Kharif,Soyabean,181499,126505,0.697001085
Madhya Pradesh,RATLAM,2000,Rabi,Barley,21,39,1.857142857
Madhya Pradesh,RATLAM,2000,Rabi,Gram,8682,4749,0.54699378
Madhya Pradesh,RATLAM,2000,Rabi,Jowar,7,5,0.714285714
Madhya Pradesh,RATLAM,2000,Rabi,Linseed,190,152,0.8
Madhya Pradesh,RATLAM,2000,Rabi,Other  Rabi pulses,301,227,0.754152824
Madhya Pradesh,RATLAM,2000,Rabi,Rapeseed &Mustard,172,130,0.755813953
Madhya Pradesh,RATLAM,2000,Rabi,Wheat,18979,46277,2.438326571
Madhya Pradesh,RATLAM,2000,Whole Year,Coriander,109,49,0.449541284
Madhya Pradesh,RATLAM,2000,Whole Year,Dry chillies,586,226,0.385665529
Madhya Pradesh,RATLAM,2000,Whole Year,Garlic,1756,10071,5.735193622
Madhya Pradesh,RATLAM,2000,Whole Year,Onion,538,14459,26.87546468
Madhya Pradesh,RATLAM,2000,Whole Year,Sannhamp,15,33,2.2
Madhya Pradesh,RATLAM,2000,Whole Year,Sugarcane,225,11080,49.24444444
Madhya Pradesh,RATLAM,2000,Whole Year,Turmeric,2,1,0.5
Madhya Pradesh,RATLAM,2001,Kharif,Arhar/Tur,839,397,0.47318236
Madhya Pradesh,RATLAM,2001,Kharif,Bajra,15,12,0.8
Madhya Pradesh,RATLAM,2001,Kharif,Cotton(lint),23138,23458,1.013830063
Madhya Pradesh,RATLAM,2001,Kharif,Dry ginger,7,8,1.142857143
Madhya Pradesh,RATLAM,2001,Kharif,Groundnut,254,287,1.12992126
Madhya Pradesh,RATLAM,2001,Kharif,Jowar,2439,2848,1.167691677
Madhya Pradesh,RATLAM,2001,Kharif,Maize,64981,159531,2.455040704
Madhya Pradesh,RATLAM,2001,Kharif,Niger seed,1,0.01,0.01
Madhya Pradesh,RATLAM,2001,Kharif,Other Kharif pulses,9381,2958,0.315318196
Madhya Pradesh,RATLAM,2001,Kharif,Rice,2377,1162,0.488851493
Madhya Pradesh,RATLAM,2001,Kharif,Sesamum,65,17,0.261538462
Madhya Pradesh,RATLAM,2001,Kharif,Small millets,686,181,0.263848397
Madhya Pradesh,RATLAM,2001,Kharif,Soyabean,178362,111476,0.624998598
Madhya Pradesh,RATLAM,2001,Kharif,Sunflower,8,2,0.25
Madhya Pradesh,RATLAM,2001,Rabi,Barley,16,30,1.875
Madhya Pradesh,RATLAM,2001,Rabi,Gram,36669,15328,0.418009763
Madhya Pradesh,RATLAM,2001,Rabi,Linseed,928,640,0.689655172
Madhya Pradesh,RATLAM,2001,Rabi,Other  Rabi pulses,414,223,0.538647343
Madhya Pradesh,RATLAM,2001,Rabi,Rapeseed &Mustard,637,486,0.762951334
Madhya Pradesh,RATLAM,2001,Rabi,Safflower,6,3,0.5
Madhya Pradesh,RATLAM,2001,Rabi,Wheat,26824,50045,1.865679988
Madhya Pradesh,RATLAM,2001,Whole Year,Banana,6,255,42.5
Madhya Pradesh,RATLAM,2001,Whole Year,Coriander,124,42,0.338709677
Madhya Pradesh,RATLAM,2001,Whole Year,Dry chillies,573,464,0.809773124
Madhya Pradesh,RATLAM,2001,Whole Year,Garlic,2606,14945,5.734842671
Madhya Pradesh,RATLAM,2001,Whole Year,Onion,522,14040,26.89655172
Madhya Pradesh,RATLAM,2001,Whole Year,Potato,86,1386,16.11627907
Madhya Pradesh,RATLAM,2001,Whole Year,Sannhamp,9,11,1.222222222
Madhya Pradesh,RATLAM,2001,Whole Year,Sugarcane,22,1280,58.18181818
Madhya Pradesh,RATLAM,2001,Whole Year,Sweet potato,34,246,7.235294118
Madhya Pradesh,RATLAM,2002,Kharif,Arhar/Tur,1027,700,0.681596884
Madhya Pradesh,RATLAM,2002,Kharif,Bajra,279,132,0.47311828
Madhya Pradesh,RATLAM,2002,Kharif,Castor seed,6,2,0.333333333
Madhya Pradesh,RATLAM,2002,Kharif,Cotton(lint),24165,16033,0.66348024
Madhya Pradesh,RATLAM,2002,Kharif,Dry ginger,55,61,1.109090909
Madhya Pradesh,RATLAM,2002,Kharif,Groundnut,407,264,0.648648649
Madhya Pradesh,RATLAM,2002,Kharif,Jowar,7157,4442,0.620651111
Madhya Pradesh,RATLAM,2002,Kharif,Maize,69569,90562,1.301757967
Madhya Pradesh,RATLAM,2002,Kharif,Niger seed,2,1,0.5
Madhya Pradesh,RATLAM,2002,Kharif,Other Kharif pulses,13894,7584,0.545847128
Madhya Pradesh,RATLAM,2002,Kharif,Rice,2816,1518,0.5390625
Madhya Pradesh,RATLAM,2002,Kharif,Sesamum,232,52,0.224137931
Madhya Pradesh,RATLAM,2002,Kharif,Small millets,806,257,0.318858561
Madhya Pradesh,RATLAM,2002,Kharif,Soyabean,164974,70774,0.429000933
Madhya Pradesh,RATLAM,2002,Rabi,Barley,13,29,2.230769231
Madhya Pradesh,RATLAM,2002,Rabi,Gram,8651,2838,0.32805456
Madhya Pradesh,RATLAM,2002,Rabi,Linseed,51,29,0.568627451
Madhya Pradesh,RATLAM,2002,Rabi,Other  Rabi pulses,170,106,0.623529412
Madhya Pradesh,RATLAM,2002,Rabi,Rapeseed &Mustard,428,264,0.61682243
Madhya Pradesh,RATLAM,2002,Rabi,Safflower,34,14,0.411764706
Madhya Pradesh,RATLAM,2002,Rabi,Wheat,13321,31847,2.390736431
Madhya Pradesh,RATLAM,2002,Whole Year,Banana,7,271,38.71428571
Madhya Pradesh,RATLAM,2002,Whole Year,Beans & Mutter(Vegetable),91,0,0
Madhya Pradesh,RATLAM,2002,Whole Year,Bhindi,217,0,0
Madhya Pradesh,RATLAM,2002,Whole Year,Brinjal,156,0,0
Madhya Pradesh,RATLAM,2002,Whole Year,Cabbage,132,0,0
Madhya Pradesh,RATLAM,2002,Whole Year,Cauliflower,133,0,0
Madhya Pradesh,RATLAM,2002,Whole Year,Citrus Fruit,58,0,0
Madhya Pradesh,RATLAM,2002,Whole Year,Coriander,465,186,0.4
Madhya Pradesh,RATLAM,2002,Whole Year,Dry chillies,902,844,0.935698448
Madhya Pradesh,RATLAM,2002,Whole Year,Garlic,2671,17506,6.554099588
Madhya Pradesh,RATLAM,2002,Whole Year,Grapes,83,0,0
Madhya Pradesh,RATLAM,2002,Whole Year,Mango,7,0,0
Madhya Pradesh,RATLAM,2002,Whole Year,Onion,482,14234,29.53112033
Madhya Pradesh,RATLAM,2002,Whole Year,Other Fresh Fruits,32,0,0
Madhya Pradesh,RATLAM,2002,Whole Year,Other Vegetables,880,0,0
Madhya Pradesh,RATLAM,2002,Whole Year,Papaya,19,777,40.89473684
Madhya Pradesh,RATLAM,2002,Whole Year,Pome Fruit,15,0,0
Madhya Pradesh,RATLAM,2002,Whole Year,Potato,53,801,15.11320755
Madhya Pradesh,RATLAM,2002,Whole Year,Sannhamp,10,11,1.1
Madhya Pradesh,RATLAM,2002,Whole Year,Sugarcane,9,460,51.11111111
Madhya Pradesh,RATLAM,2002,Whole Year,Sweet potato,34,281,8.264705882
Madhya Pradesh,RATLAM,2002,Whole Year,Tomato,232,0,0
Madhya Pradesh,RATLAM,2002,Whole Year,Turmeric,24165,16033,0.66348024
Madhya Pradesh,RATLAM,2003,Kharif,Arhar/Tur,1229,992,0.807160293
Madhya Pradesh,RATLAM,2003,Kharif,Bajra,338,465,1.375739645
Madhya Pradesh,RATLAM,2003,Kharif,Castor seed,3,1,0.333333333
Madhya Pradesh,RATLAM,2003,Kharif,Cotton(lint),25399,37469,1.47521556
Madhya Pradesh,RATLAM,2003,Kharif,Dry ginger,29,32,1.103448276
Madhya Pradesh,RATLAM,2003,Kharif,Groundnut,410,500,1.219512195
Madhya Pradesh,RATLAM,2003,Kharif,Jowar,18928,29252,1.545435334
Madhya Pradesh,RATLAM,2003,Kharif,Maize,68781,167445,2.434465914
Madhya Pradesh,RATLAM,2003,Kharif,Niger seed,2,1,0.5
Madhya Pradesh,RATLAM,2003,Kharif,Other Kharif pulses,11309,7224,0.63878327
Madhya Pradesh,RATLAM,2003,Kharif,other misc. pulses,118,0.01,8.47458E-05
Madhya Pradesh,RATLAM,2003,Kharif,Rice,2690,1918,0.713011152
Madhya Pradesh,RATLAM,2003,Kharif,Sesamum,440,272,0.618181818
Madhya Pradesh,RATLAM,2003,Kharif,Small millets,769,340,0.44213264
Madhya Pradesh,RATLAM,2003,Kharif,Soyabean,158439,181888,1.148000177
Madhya Pradesh,RATLAM,2003,Kharif,Sunflower,5,2,0.4
Madhya Pradesh,RATLAM,2003,Kharif,Urad,10999,6997,0.636148741
Madhya Pradesh,RATLAM,2003,Rabi,Barley,48,131,2.729166667
Madhya Pradesh,RATLAM,2003,Rabi,Gram,53958,38256,0.708995886
Madhya Pradesh,RATLAM,2003,Rabi,Linseed,911,1100,1.207464325
Madhya Pradesh,RATLAM,2003,Rabi,Other  Rabi pulses,757,595,0.785997358
Madhya Pradesh,RATLAM,2003,Rabi,Rapeseed &Mustard,1764,2448,1.387755102
Madhya Pradesh,RATLAM,2003,Rabi,Safflower,51,22,0.431372549
Madhya Pradesh,RATLAM,2003,Rabi,Wheat,60333,182357,3.022508412
Madhya Pradesh,RATLAM,2003,Whole Year,Beans & Mutter(Vegetable),166,0,0
Madhya Pradesh,RATLAM,2003,Whole Year,Bhindi,215,0,0
Madhya Pradesh,RATLAM,2003,Whole Year,Brinjal,499,0,0
Madhya Pradesh,RATLAM,2003,Whole Year,Cabbage,141,0,0
Madhya Pradesh,RATLAM,2003,Whole Year,Cauliflower,191,0,0
Madhya Pradesh,RATLAM,2003,Whole Year,Citrus Fruit,32,0,0
Madhya Pradesh,RATLAM,2003,Whole Year,Coriander,655,299,0.45648855
Madhya Pradesh,RATLAM,2003,Whole Year,Dry chillies,1651,1858,1.125378558
Madhya Pradesh,RATLAM,2003,Whole Year,Garlic,5225,34246,6.554258373
Madhya Pradesh,RATLAM,2003,Whole Year,Grapes,84,0,0
Madhya Pradesh,RATLAM,2003,Whole Year,Onion,789,22619,28.66793409
Madhya Pradesh,RATLAM,2003,Whole Year,Orange,92,0,0
Madhya Pradesh,RATLAM,2003,Whole Year,Other Citrus Fruit,2,0,0
Madhya Pradesh,RATLAM,2003,Whole Year,Other Fresh Fruits,38,0,0
Madhya Pradesh,RATLAM,2003,Whole Year,Other Vegetables,183,0,0
Madhya Pradesh,RATLAM,2003,Whole Year,Papaya,17,1252,73.64705882
Madhya Pradesh,RATLAM,2003,Whole Year,Pome Fruit,6,0,0
Madhya Pradesh,RATLAM,2003,Whole Year,Potato,189,3899,20.62962963
Madhya Pradesh,RATLAM,2003,Whole Year,Sannhamp,10,22,2.2
Madhya Pradesh,RATLAM,2003,Whole Year,Sugarcane,4,230,57.5
Madhya Pradesh,RATLAM,2003,Whole Year,Sweet potato,41,339,8.268292683
Madhya Pradesh,RATLAM,2003,Whole Year,Tomato,280,0,0
Madhya Pradesh,RATLAM,2003,Whole Year,Turmeric,1,1,1
Madhya Pradesh,RATLAM,2003,Whole Year,Water Melon,7,0,0
Madhya Pradesh,RATLAM,2004,Kharif,Arhar/Tur,1041,801,0.76945245
Madhya Pradesh,RATLAM,2004,Kharif,Bajra,52,72,1.384615385
Madhya Pradesh,RATLAM,2004,Kharif,Castor seed,1,,
Madhya Pradesh,RATLAM,2004,Kharif,Cotton(lint),30602,39501,1.290797987
Madhya Pradesh,RATLAM,2004,Kharif,Dry ginger,62,91,1.467741935
Madhya Pradesh,RATLAM,2004,Kharif,Groundnut,377,400,1.061007958
Madhya Pradesh,RATLAM,2004,Kharif,Jowar,3952,5724,1.448380567
Madhya Pradesh,RATLAM,2004,Kharif,Maize,64535,118462,1.83562408
Madhya Pradesh,RATLAM,2004,Kharif,Niger seed,1,,
Madhya Pradesh,RATLAM,2004,Kharif,Rice,2232,1175,0.526433692
Madhya Pradesh,RATLAM,2004,Kharif,Sesamum,436,238,0.54587156
Madhya Pradesh,RATLAM,2004,Kharif,Small millets,571,173,0.302977233
Madhya Pradesh,RATLAM,2004,Kharif,Soyabean,178657,115591,0.646999558
Madhya Pradesh,RATLAM,2004,Kharif,Sunflower,2,1,0.5
Madhya Pradesh,RATLAM,2004,Kharif,Urad,7276,4628,0.636063771
Madhya Pradesh,RATLAM,2004,Rabi,Barley,29,71,2.448275862
Madhya Pradesh,RATLAM,2004,Rabi,Gram,54783,36212,0.661007977
Madhya Pradesh,RATLAM,2004,Rabi,Jowar,9,14,1.555555556
Madhya Pradesh,RATLAM,2004,Rabi,Linseed,1606,1995,1.242216687
Madhya Pradesh,RATLAM,2004,Rabi,Masoor,469,262,0.558635394
Madhya Pradesh,RATLAM,2004,Rabi,Rapeseed &Mustard,11402,16074,1.409752675
Madhya Pradesh,RATLAM,2004,Rabi,Safflower,15,7,0.466666667
Madhya Pradesh,RATLAM,2004,Rabi,Wheat,70527,203811,2.889829427
Madhya Pradesh,RATLAM,2004,Whole Year,Coriander,1012,458,0.45256917
Madhya Pradesh,RATLAM,2004,Whole Year,Garlic,7275,47682,6.554226804
Madhya Pradesh,RATLAM,2004,Whole Year,Onion,692,22272,32.1849711
Madhya Pradesh,RATLAM,2004,Whole Year,Potato,277,6621,23.90252708
Madhya Pradesh,RATLAM,2004,Whole Year,Sugarcane,10,440,44
Madhya Pradesh,RATLAM,2004,Whole Year,Sweet potato,77,636,8.25974026
Madhya Pradesh,RATLAM,2004,Whole Year,Turmeric,1,1,1
Madhya Pradesh,RATLAM,2005,Kharif,Arhar/Tur,860,642,0.746511628
Madhya Pradesh,RATLAM,2005,Kharif,Bajra,26,42,1.615384615
Madhya Pradesh,RATLAM,2005,Kharif,Castor seed,6,2,0.333333333
Madhya Pradesh,RATLAM,2005,Kharif,Cotton(lint),33305,57492,1.726227293
Madhya Pradesh,RATLAM,2005,Kharif,Groundnut,302,348,1.152317881
Madhya Pradesh,RATLAM,2005,Kharif,Jowar,3319,6021,1.814100633
Madhya Pradesh,RATLAM,2005,Kharif,Maize,62655,152781,2.438448647
Madhya Pradesh,RATLAM,2005,Kharif,Moong(Green Gram),262,189,0.721374046
Madhya Pradesh,RATLAM,2005,Kharif,Rice,2507,1807,0.720781811
Madhya Pradesh,RATLAM,2005,Kharif,Sesamum,283,166,0.586572438
Madhya Pradesh,RATLAM,2005,Kharif,Small millets,368,107,0.29076087
Madhya Pradesh,RATLAM,2005,Kharif,Soyabean,181810,175628,0.96599747
Madhya Pradesh,RATLAM,2005,Kharif,Sunflower,2,1,0.5
Madhya Pradesh,RATLAM,2005,Kharif,Urad,6447,4101,0.636109819
Madhya Pradesh,RATLAM,2005,Rabi,Barley,32,95,2.96875
Madhya Pradesh,RATLAM,2005,Rabi,Gram,38708,20747,0.535987393
Madhya Pradesh,RATLAM,2005,Rabi,Jowar,4,4,1
Madhya Pradesh,RATLAM,2005,Rabi,Linseed,1228,1412,1.149837134
Madhya Pradesh,RATLAM,2005,Rabi,Masoor,892,411,0.460762332
Madhya Pradesh,RATLAM,2005,Rabi,Peas & beans (Pulses),1067,763,0.715089035
Madhya Pradesh,RATLAM,2005,Rabi,Rapeseed &Mustard,15248,21971,1.440910283
Madhya Pradesh,RATLAM,2005,Rabi,Urad,1,,
Madhya Pradesh,RATLAM,2005,Rabi,Wheat,45314,134479,2.967714172
Madhya Pradesh,RATLAM,2005,Whole Year,Onion,704,17567,24.953125
Madhya Pradesh,RATLAM,2005,Whole Year,Potato,276,5395,19.54710145
Madhya Pradesh,RATLAM,2005,Whole Year,Sugarcane,12,700,58.33333333
Madhya Pradesh,RATLAM,2005,Whole Year,Sweet potato,70,405,5.785714286
Madhya Pradesh,RATLAM,2006,Kharif,Arhar/Tur,813,565,0.69495695
Madhya Pradesh,RATLAM,2006,Kharif,Bajra,55,88,1.6
Madhya Pradesh,RATLAM,2006,Kharif,Castor seed,19,8,0.421052632
Madhya Pradesh,RATLAM,2006,Kharif,Cotton(lint),33025,49216,1.490264951
Madhya Pradesh,RATLAM,2006,Kharif,Dry ginger,103,132,1.281553398
Madhya Pradesh,RATLAM,2006,Kharif,Groundnut,333,332,0.996996997
Madhya Pradesh,RATLAM,2006,Kharif,Jowar,2898,5509,1.900966184
Madhya Pradesh,RATLAM,2006,Kharif,Jute,7,17,2.428571429
Madhya Pradesh,RATLAM,2006,Kharif,Maize,60065,93179,1.551302755
Madhya Pradesh,RATLAM,2006,Kharif,Moong(Green Gram),339,245,0.722713864
Madhya Pradesh,RATLAM,2006,Kharif,Other Kharif pulses,224,6,0.026785714
Madhya Pradesh,RATLAM,2006,Kharif,Rice,2168,1586,0.731549815
Madhya Pradesh,RATLAM,2006,Kharif,Small millets,563,232,0.412078153
Madhya Pradesh,RATLAM,2006,Kharif,Soyabean,188530,220580,1.16999947
Madhya Pradesh,RATLAM,2006,Kharif,Urad,5755,3661,0.636142485
Madhya Pradesh,RATLAM,2006,Rabi,Gram,50784,42049,0.827997007
Madhya Pradesh,RATLAM,2006,Rabi,Linseed,1604,1886,1.175810474
Madhya Pradesh,RATLAM,2006,Rabi,Masoor,651,364,0.559139785
Madhya Pradesh,RATLAM,2006,Rabi,Moong(Green Gram),13,5,0.384615385
Madhya Pradesh,RATLAM,2006,Rabi,Peas & beans (Pulses),1097,951,0.866909754
Madhya Pradesh,RATLAM,2006,Rabi,Rapeseed &Mustard,11827,16945,1.432738649
Madhya Pradesh,RATLAM,2006,Rabi,Safflower,8,4,0.5
Madhya Pradesh,RATLAM,2006,Rabi,Wheat,83132,245060,2.947841986
Madhya Pradesh,RATLAM,2006,Whole Year,Banana,6,281,46.83333333
Madhya Pradesh,RATLAM,2006,Whole Year,Coriander,526,238,0.452471483
Madhya Pradesh,RATLAM,2006,Whole Year,Dry chillies,1883,2829,1.502389804
Madhya Pradesh,RATLAM,2006,Whole Year,Garlic,7315,44348,6.062611073
Madhya Pradesh,RATLAM,2006,Whole Year,Onion,943,28084,29.78154825
Madhya Pradesh,RATLAM,2006,Whole Year,Potato,154,2987,19.3961039
Madhya Pradesh,RATLAM,2006,Whole Year,Sesamum,237,116,0.489451477
Madhya Pradesh,RATLAM,2006,Whole Year,Sugarcane,12,700,58.33333333
Madhya Pradesh,RATLAM,2006,Whole Year,Sweet potato,75,503,6.706666667
Madhya Pradesh,RATLAM,2006,Whole Year,Turmeric,3,3,1
Madhya Pradesh,RATLAM,2007,Kharif,Arhar/Tur,771,517,0.670557717
Madhya Pradesh,RATLAM,2007,Kharif,Bajra,903,1314,1.455149502
Madhya Pradesh,RATLAM,2007,Kharif,Castor seed,11,4,0.363636364
Madhya Pradesh,RATLAM,2007,Kharif,Cotton(lint),29307,8120,0.277066912
Madhya Pradesh,RATLAM,2007,Kharif,Groundnut,375,413,1.101333333
Madhya Pradesh,RATLAM,2007,Kharif,Jowar,2594,4987,1.922513493
Madhya Pradesh,RATLAM,2007,Kharif,Maize,53298,104630,1.963113062
Madhya Pradesh,RATLAM,2007,Kharif,Rice,2046,1507,0.73655914
Madhya Pradesh,RATLAM,2007,Kharif,Sannhamp,3,1,0.333333333
Madhya Pradesh,RATLAM,2007,Kharif,Soyabean,197643,235788,1.192999499
Madhya Pradesh,RATLAM,2007,Kharif,Urad,5400,3435,0.636111111
Madhya Pradesh,RATLAM,2007,Rabi,Barley,51,157,3.078431373
Madhya Pradesh,RATLAM,2007,Rabi,Gram,55450,30830,0.555996393
Madhya Pradesh,RATLAM,2007,Rabi,Jowar,2,4,2
Madhya Pradesh,RATLAM,2007,Rabi,Linseed,1477,1579,1.069058903
Madhya Pradesh,RATLAM,2007,Rabi,Masoor,726,406,0.55922865
Madhya Pradesh,RATLAM,2007,Rabi,Peas & beans (Pulses),1171,1016,0.8676345
Madhya Pradesh,RATLAM,2007,Rabi,Rapeseed &Mustard,9441,13220,1.400275395
Madhya Pradesh,RATLAM,2007,Rabi,Safflower,1,1,1
Madhya Pradesh,RATLAM,2007,Rabi,Wheat,78510,228866,2.915119093
Madhya Pradesh,RATLAM,2007,Whole Year,Banana,1,45,45
Madhya Pradesh,RATLAM,2007,Whole Year,Coriander,865,392,0.453179191
Madhya Pradesh,RATLAM,2007,Whole Year,Garlic,10237,58708,5.734883267
Madhya Pradesh,RATLAM,2007,Whole Year,Onion,1189,30196,25.3961312
Madhya Pradesh,RATLAM,2007,Whole Year,Potato,326,5934,18.20245399
Madhya Pradesh,RATLAM,2007,Whole Year,Sesamum,215,134,0.623255814
Madhya Pradesh,RATLAM,2007,Whole Year,Sugarcane,18,1090,60.55555556
Madhya Pradesh,RATLAM,2007,Whole Year,Sweet potato,88,655,7.443181818
Madhya Pradesh,RATLAM,2007,Whole Year,Turmeric,19,13,0.684210526
Madhya Pradesh,RATLAM,2008,Kharif,Arhar/Tur,719,576,0.801112656
Madhya Pradesh,RATLAM,2008,Kharif,Bajra,23,39,1.695652174
Madhya Pradesh,RATLAM,2008,Kharif,Castor seed,7,2,0.285714286
Madhya Pradesh,RATLAM,2008,Kharif,Cotton(lint),28033,9331,0.332857703
Madhya Pradesh,RATLAM,2008,Kharif,Groundnut,219,244,1.114155251
Madhya Pradesh,RATLAM,2008,Kharif,Jowar,1253,2541,2.027932961
Madhya Pradesh,RATLAM,2008,Kharif,Maize,53554,107634,2.009821862
Madhya Pradesh,RATLAM,2008,Kharif,Rice,1778,1280,0.719910011
Madhya Pradesh,RATLAM,2008,Kharif,Sannhamp,14,6,0.428571429
Madhya Pradesh,RATLAM,2008,Kharif,Soyabean,204667,225543,1.101999834
Madhya Pradesh,RATLAM,2008,Kharif,Urad,5031,3201,0.636255218
Madhya Pradesh,RATLAM,2008,Rabi,Barley,52,159,3.057692308
Madhya Pradesh,RATLAM,2008,Rabi,Gram,63718,54479,0.855001726
Madhya Pradesh,RATLAM,2008,Rabi,Jowar,2,4,2
Madhya Pradesh,RATLAM,2008,Rabi,Linseed,987,1171,1.186423506
Madhya Pradesh,RATLAM,2008,Rabi,Masoor,1312,688,0.524390244
Madhya Pradesh,RATLAM,2008,Rabi,Peas & beans (Pulses),1035,730,0.70531401
Madhya Pradesh,RATLAM,2008,Rabi,Rapeseed &Mustard,4132,6180,1.495643756
Madhya Pradesh,RATLAM,2008,Rabi,Safflower,22,8,0.363636364
Madhya Pradesh,RATLAM,2008,Rabi,Wheat,63151,196442,3.110671248
Madhya Pradesh,RATLAM,2008,Whole Year,Banana,1,36,36
Madhya Pradesh,RATLAM,2008,Whole Year,Coriander,744,257,0.345430108
Madhya Pradesh,RATLAM,2008,Whole Year,Garlic,8459,55442,6.554202624
Madhya Pradesh,RATLAM,2008,Whole Year,Onion,1154,34485,29.8830156
Madhya Pradesh,RATLAM,2008,Whole Year,Potato,376,5731,15.24202128
Madhya Pradesh,RATLAM,2008,Whole Year,Sesamum,186,113,0.607526882
Madhya Pradesh,RATLAM,2008,Whole Year,Small millets,383,171,0.446475196
Madhya Pradesh,RATLAM,2008,Whole Year,Sugarcane,11,640,58.18181818
Madhya Pradesh,RATLAM,2008,Whole Year,Sweet potato,50,414,8.28
Madhya Pradesh,RATLAM,2008,Whole Year,Turmeric,4,4,1
Madhya Pradesh,RATLAM,2009,Kharif,Jowar,1651,3551,2.150817686
Madhya Pradesh,RATLAM,2009,Kharif,Moong(Green Gram),1066,723,0.678236398
Madhya Pradesh,RATLAM,2009,Kharif,Small millets,540,218,0.403703704
Madhya Pradesh,RATLAM,2009,Kharif,Urad,4982,2971,0.596346849
Madhya Pradesh,RATLAM,2009,Rabi,Moong(Green Gram),1,,
Madhya Pradesh,RATLAM,2009,Whole Year,Arhar/Tur,910,659,0.724175824
Madhya Pradesh,RATLAM,2009,Whole Year,Bajra,10,17,1.7
Madhya Pradesh,RATLAM,2009,Whole Year,Banana,5,225,45
Madhya Pradesh,RATLAM,2009,Whole Year,Barley,53,153,2.886792453
Madhya Pradesh,RATLAM,2009,Whole Year,Coriander,908,386,0.425110132
Madhya Pradesh,RATLAM,2009,Whole Year,Cotton(lint),26636,6312,0.236972518
Madhya Pradesh,RATLAM,2009,Whole Year,Dry chillies,4100,10449,2.548536585
Madhya Pradesh,RATLAM,2009,Whole Year,Dry ginger,146,200,1.369863014
Madhya Pradesh,RATLAM,2009,Whole Year,Garlic,9836,64467,6.554188695
Madhya Pradesh,RATLAM,2009,Whole Year,Gram,79014,61157,0.774002076
Madhya Pradesh,RATLAM,2009,Whole Year,Groundnut,368,389,1.057065217
Madhya Pradesh,RATLAM,2009,Whole Year,Linseed,1059,1253,1.18319169
Madhya Pradesh,RATLAM,2009,Whole Year,Maize,49796,88883,1.784942566
Madhya Pradesh,RATLAM,2009,Whole Year,Masoor,924,484,0.523809524
Madhya Pradesh,RATLAM,2009,Whole Year,Niger seed,2,1,0.5
Madhya Pradesh,RATLAM,2009,Whole Year,Onion,1417,43880,30.96683133
Madhya Pradesh,RATLAM,2009,Whole Year,Peas & beans (Pulses),1029,893,0.867832847
Madhya Pradesh,RATLAM,2009,Whole Year,Potato,146,2347,16.07534247
Madhya Pradesh,RATLAM,2009,Whole Year,Rapeseed &Mustard,4528,6863,1.515680212
Madhya Pradesh,RATLAM,2009,Whole Year,Rice,1781,1272,0.714205503
Madhya Pradesh,RATLAM,2009,Whole Year,Sesamum,240,140,0.583333333
Madhya Pradesh,RATLAM,2009,Whole Year,Soyabean,208186,191947,0.921997637
Madhya Pradesh,RATLAM,2009,Whole Year,Sugarcane,11,600,54.54545455
Madhya Pradesh,RATLAM,2009,Whole Year,Sweet potato,30,217,7.233333333
Madhya Pradesh,RATLAM,2009,Whole Year,Turmeric,8,6,0.75
Madhya Pradesh,RATLAM,2009,Whole Year,Wheat,74317,218287,2.937241815
Madhya Pradesh,RATLAM,2010,Kharif,Arhar/Tur,1178,577,0.489813243
Madhya Pradesh,RATLAM,2010,Kharif,Bajra,3,5,1.666666667
Madhya Pradesh,RATLAM,2010,Kharif,Castor seed,1,,
Madhya Pradesh,RATLAM,2010,Kharif,Cotton(lint),25760,45976,1.784782609
Madhya Pradesh,RATLAM,2010,Kharif,Groundnut,416,583,1.401442308
Madhya Pradesh,RATLAM,2010,Kharif,Jowar,425,1002,2.357647059
Madhya Pradesh,RATLAM,2010,Kharif,Maize,52720,115686,2.194347496
Madhya Pradesh,RATLAM,2010,Kharif,Moong(Green Gram),834,565,0.677458034
Madhya Pradesh,RATLAM,2010,Kharif,Rice,1696,1291,0.76120283
Madhya Pradesh,RATLAM,2010,Kharif,Small millets,444,261,0.587837838
Madhya Pradesh,RATLAM,2010,Kharif,Soyabean,210734,267120,1.267569543
Madhya Pradesh,RATLAM,2010,Kharif,Urad,5371,3203,0.596350773
Madhya Pradesh,RATLAM,2010,Rabi,Barley,20,77,3.85
Madhya Pradesh,RATLAM,2010,Rabi,Gram,76085,34314,0.450995597
Madhya Pradesh,RATLAM,2010,Rabi,Jowar,1,2,2
Madhya Pradesh,RATLAM,2010,Rabi,Linseed,767,957,1.247718383
Madhya Pradesh,RATLAM,2010,Rabi,Masoor,910,302,0.331868132
Madhya Pradesh,RATLAM,2010,Rabi,Moong(Green Gram),2,,
Madhya Pradesh,RATLAM,2010,Rabi,Peas & beans (Pulses),1200,703,0.585833333
Madhya Pradesh,RATLAM,2010,Rabi,Rapeseed &Mustard,5606,9196,1.640385301
Madhya Pradesh,RATLAM,2010,Rabi,Safflower,1,,
Madhya Pradesh,RATLAM,2010,Rabi,Wheat,68719,276787,4.027808903
Madhya Pradesh,RATLAM,2010,Whole Year,Coriander,1436,610,0.424791086
Madhya Pradesh,RATLAM,2010,Whole Year,Dry chillies,3509,7403,2.109717868
Madhya Pradesh,RATLAM,2010,Whole Year,Dry ginger,132,156,1.181818182
Madhya Pradesh,RATLAM,2010,Whole Year,Garlic,8529,43159,5.060264978
Madhya Pradesh,RATLAM,2010,Whole Year,Onion,1340,42209,31.49925373
Madhya Pradesh,RATLAM,2010,Whole Year,Potato,214,2402,11.22429907
Madhya Pradesh,RATLAM,2010,Whole Year,Sannhamp,1,,
Madhya Pradesh,RATLAM,2010,Whole Year,Sesamum,382,334,0.87434555
Madhya Pradesh,RATLAM,2010,Whole Year,Sugarcane,5,290,58
Madhya Pradesh,RATLAM,2010,Whole Year,Sweet potato,49,289,5.897959184
Madhya Pradesh,RATLAM,2010,Whole Year,Turmeric,3,2,0.666666667
Madhya Pradesh,RATLAM,2011,Kharif,Arhar/Tur,1063,661,0.621825024
Madhya Pradesh,RATLAM,2011,Kharif,Bajra,4,9,2.25
Madhya Pradesh,RATLAM,2011,Kharif,Barley,50,266,5.32
Madhya Pradesh,RATLAM,2011,Kharif,Castor seed,1,,
Madhya Pradesh,RATLAM,2011,Kharif,Cotton(lint),23382,66847,2.858908562
Madhya Pradesh,RATLAM,2011,Kharif,Groundnut,372,568,1.52688172
Madhya Pradesh,RATLAM,2011,Kharif,Maize,50465,108280,2.145645497
Madhya Pradesh,RATLAM,2011,Kharif,Moong(Green Gram),743,483,0.650067295
Madhya Pradesh,RATLAM,2011,Kharif,Other Kharif pulses,284,,
Madhya Pradesh,RATLAM,2011,Kharif,Rice,1466,1427,0.973396999
Madhya Pradesh,RATLAM,2011,Kharif,Sannhamp,5,11,2.2
Madhya Pradesh,RATLAM,2011,Kharif,Small millets,23,,
Madhya Pradesh,RATLAM,2011,Kharif,Soyabean,216878,273266,1.259998709
Madhya Pradesh,RATLAM,2011,Kharif,Urad,6316,3595,0.56918936
Madhya Pradesh,RATLAM,2011,Rabi,Gram,74034,47290,0.638760569
Madhya Pradesh,RATLAM,2011,Rabi,Linseed,1022,1883,1.842465753
Madhya Pradesh,RATLAM,2011,Rabi,Masoor,906,371,0.409492274
Madhya Pradesh,RATLAM,2011,Rabi,Moong(Green Gram),3,2,0.666666667
Madhya Pradesh,RATLAM,2011,Rabi,Peas & beans (Pulses),1166,854,0.732418525
Madhya Pradesh,RATLAM,2011,Rabi,Rapeseed &Mustard,5040,11292,2.24047619
Madhya Pradesh,RATLAM,2011,Rabi,Wheat,94679,185282,1.956949271
Madhya Pradesh,RATLAM,2011,Whole Year,Banana,5,,
Madhya Pradesh,RATLAM,2011,Whole Year,Coriander,1901,861,0.452919516
Madhya Pradesh,RATLAM,2011,Whole Year,Dry chillies,3290,9312,2.830395137
Madhya Pradesh,RATLAM,2011,Whole Year,Dry ginger,107,126,1.177570093
Madhya Pradesh,RATLAM,2011,Whole Year,Garlic,11380,82265,7.228910369
Madhya Pradesh,RATLAM,2011,Whole Year,Onion,1697,82778,48.7790218
Madhya Pradesh,RATLAM,2011,Whole Year,Potato,222,4480,20.18018018
Madhya Pradesh,RATLAM,2011,Whole Year,Sesamum,328,342,1.042682927
Madhya Pradesh,RATLAM,2011,Whole Year,Sugarcane,15,830,55.33333333
Madhya Pradesh,RATLAM,2011,Whole Year,Sweet potato,24,144,6
Madhya Pradesh,RATLAM,2011,Whole Year,Turmeric,6,4,0.666666667
Madhya Pradesh,RATLAM,2012,Kharif,Arhar/Tur,1022,921,0.901174168
Madhya Pradesh,RATLAM,2012,Kharif,Barley,41,180,4.390243902
Madhya Pradesh,RATLAM,2012,Kharif,Castor seed,1,,
Madhya Pradesh,RATLAM,2012,Kharif,Cotton(lint),22888,60948,2.662880112
Madhya Pradesh,RATLAM,2012,Kharif,Groundnut,428,743,1.735981308
Madhya Pradesh,RATLAM,2012,Kharif,Maize,48720,178963,3.673296388
Madhya Pradesh,RATLAM,2012,Kharif,Moong(Green Gram),468,429,0.916666667
Madhya Pradesh,RATLAM,2012,Kharif,Other Kharif pulses,165,,
Madhya Pradesh,RATLAM,2012,Kharif,Rice,1356,1554,1.146017699
Madhya Pradesh,RATLAM,2012,Kharif,Sannhamp,2,6,3
Madhya Pradesh,RATLAM,2012,Kharif,Small millets,45,17,0.377777778
Madhya Pradesh,RATLAM,2012,Kharif,Soyabean,224530,336795,1.5
Madhya Pradesh,RATLAM,2012,Kharif,Urad,4821,3833,0.795063265
Madhya Pradesh,RATLAM,2012,Rabi,Gram,73824,63810,0.864353056
Madhya Pradesh,RATLAM,2012,Rabi,Linseed,1378,2254,1.635703919
Madhya Pradesh,RATLAM,2012,Rabi,Masoor,878,625,0.711845103
Madhya Pradesh,RATLAM,2012,Rabi,Peas & beans (Pulses),1355,1560,1.151291513
Madhya Pradesh,RATLAM,2012,Rabi,Rapeseed &Mustard,8264,17336,2.097773475
Madhya Pradesh,RATLAM,2012,Rabi,Wheat,103540,306441,2.959638787
Madhya Pradesh,RATLAM,2012,Whole Year,Banana,2,,
Madhya Pradesh,RATLAM,2012,Whole Year,Coriander,1400,580,0.414285714
Madhya Pradesh,RATLAM,2012,Whole Year,Dry chillies,3208,9917,3.091334165
Madhya Pradesh,RATLAM,2012,Whole Year,Dry ginger,97,119,1.226804124
Madhya Pradesh,RATLAM,2012,Whole Year,Garlic,11921,97666,8.192769063
Madhya Pradesh,RATLAM,2012,Whole Year,Onion,1651,79960,48.43125379
Madhya Pradesh,RATLAM,2012,Whole Year,Potato,160,3400,21.25
Madhya Pradesh,RATLAM,2012,Whole Year,Sesamum,324,329,1.015432099
Madhya Pradesh,RATLAM,2012,Whole Year,Sugarcane,11,950,86.36363636
Madhya Pradesh,RATLAM,2012,Whole Year,Sweet potato,98,901,9.193877551
Madhya Pradesh,RATLAM,2012,Whole Year,Turmeric,4,3,0.75
Madhya Pradesh,RATLAM,2013,Kharif,Arhar/Tur,961,744,0.774193548
Madhya Pradesh,RATLAM,2013,Kharif,Barley,42,175,4.166666667
Madhya Pradesh,RATLAM,2013,Kharif,Cotton(lint),20927,41329,1.974912792
Madhya Pradesh,RATLAM,2013,Kharif,Groundnut,423,571,1.349881797
Madhya Pradesh,RATLAM,2013,Kharif,Jowar,42,79,1.880952381
Madhya Pradesh,RATLAM,2013,Kharif,Maize,42893,108575,2.531298813
Madhya Pradesh,RATLAM,2013,Kharif,Moong(Green Gram),422,387,0.917061611
Madhya Pradesh,RATLAM,2013,Kharif,Other Kharif pulses,147,,
Madhya Pradesh,RATLAM,2013,Kharif,Rice,1293,1546,1.195668987
Madhya Pradesh,RATLAM,2013,Kharif,Sannhamp,3,11,3.666666667
Madhya Pradesh,RATLAM,2013,Kharif,Small millets,54,25,0.462962963
Madhya Pradesh,RATLAM,2013,Kharif,Soyabean,236408,260994,1.103998173
Madhya Pradesh,RATLAM,2013,Kharif,Urad,2736,2175,0.79495614
Madhya Pradesh,RATLAM,2013,Rabi,Gram,71233,52058,0.730812966
Madhya Pradesh,RATLAM,2013,Rabi,Jowar,3,7,2.333333333
Madhya Pradesh,RATLAM,2013,Rabi,Linseed,1998,2398,1.2002002
Madhya Pradesh,RATLAM,2013,Rabi,Masoor,968,688,0.710743802
Madhya Pradesh,RATLAM,2013,Rabi,Moong(Green Gram),3,1,0.333333333
Madhya Pradesh,RATLAM,2013,Rabi,Other  Rabi pulses,1,,
Madhya Pradesh,RATLAM,2013,Rabi,Peas & beans (Pulses),1607,1762,1.096453018
Madhya Pradesh,RATLAM,2013,Rabi,Rapeseed &Mustard,9865,14350,1.454637608
Madhya Pradesh,RATLAM,2013,Rabi,Wheat,123114,327382,2.659177673
Madhya Pradesh,RATLAM,2013,Whole Year,Coriander,1321,554,0.419379258
Madhya Pradesh,RATLAM,2013,Whole Year,Dry chillies,2756,5046,1.830914369
Madhya Pradesh,RATLAM,2013,Whole Year,Dry ginger,107,121,1.130841121
Madhya Pradesh,RATLAM,2013,Whole Year,Garlic,13970,74395,5.325340014
Madhya Pradesh,RATLAM,2013,Whole Year,Onion,2156,54547,25.30009276
Madhya Pradesh,RATLAM,2013,Whole Year,Potato,193,4129,21.39378238
Madhya Pradesh,RATLAM,2013,Whole Year,Sesamum,304,281,0.924342105
Madhya Pradesh,RATLAM,2013,Whole Year,Sweet potato,27,255,9.444444444
Madhya Pradesh,RATLAM,2013,Whole Year,Turmeric,10,10,1
Madhya Pradesh,REWA,1997,Kharif,Arhar/Tur,12100,6700,0.553719008
Madhya Pradesh,REWA,1997,Kharif,Bajra,600,300,0.5
Madhya Pradesh,REWA,1997,Kharif,Jowar,13200,8400,0.636363636
Madhya Pradesh,REWA,1997,Kharif,Maize,1600,1000,0.625
Madhya Pradesh,REWA,1997,Kharif,Paddy,123200,62400,0.506493506
Madhya Pradesh,REWA,1997,Kharif,Sesamum,1600,200,0.125
Madhya Pradesh,REWA,1997,Kharif,Small millets,18500,7200,0.389189189
Madhya Pradesh,REWA,1997,Kharif,Soyabean,29400,19000,0.646258503
Madhya Pradesh,REWA,1997,Rabi,Barley,5500,3800,0.690909091
Madhya Pradesh,REWA,1997,Rabi,Linseed,20300,4500,0.221674877
Madhya Pradesh,REWA,1997,Rabi,Rapeseed &Mustard,2200,600,0.272727273
Madhya Pradesh,REWA,1997,Rabi,Wheat,162700,190700,1.172095882
Madhya Pradesh,REWA,1998,Kharif,Arhar/Tur,11800,7400,0.627118644
Madhya Pradesh,REWA,1998,Kharif,Bajra,600,400,0.666666667
Madhya Pradesh,REWA,1998,Kharif,Jowar,17200,15800,0.918604651
Madhya Pradesh,REWA,1998,Kharif,Maize,1300,1200,0.923076923
Madhya Pradesh,REWA,1998,Kharif,Rice,128600,46800,0.363919129
Madhya Pradesh,REWA,1998,Kharif,Sesamum,1500,300,0.2
Madhya Pradesh,REWA,1998,Kharif,Small millets,19900,9100,0.457286432
Madhya Pradesh,REWA,1998,Kharif,Soyabean,29100,15800,0.542955326
Madhya Pradesh,REWA,1998,Rabi,Barley,5700,3500,0.614035088
Madhya Pradesh,REWA,1998,Rabi,Gram,61200,68800,1.124183007
Madhya Pradesh,REWA,1998,Rabi,Linseed,20000,4400,0.22
Madhya Pradesh,REWA,1998,Rabi,Rapeseed &Mustard,2700,900,0.333333333
Madhya Pradesh,REWA,1998,Rabi,Wheat,167100,197200,1.180131658
Madhya Pradesh,REWA,1998,Whole Year,Sugarcane,74,1360,18.37837838
Madhya Pradesh,REWA,1999,Kharif,Arhar/Tur,11593,7241,0.624601052
Madhya Pradesh,REWA,1999,Kharif,Bajra,553,277,0.500904159
Madhya Pradesh,REWA,1999,Kharif,Castor seed,2,1,0.5
Madhya Pradesh,REWA,1999,Kharif,Dry ginger,29,33,1.137931034
Madhya Pradesh,REWA,1999,Kharif,Groundnut,5,3,0.6
Madhya Pradesh,REWA,1999,Kharif,Jowar,16777,12901,0.768969422
Madhya Pradesh,REWA,1999,Kharif,Maize,1322,1371,1.037065053
Madhya Pradesh,REWA,1999,Kharif,Other Kharif pulses,9421,3779,0.401125146
Madhya Pradesh,REWA,1999,Kharif,Rice,135042,80061,0.592859999
Madhya Pradesh,REWA,1999,Kharif,Sesamum,1576,234,0.148477157
Madhya Pradesh,REWA,1999,Kharif,Soyabean,25234,14312,0.567171277
Madhya Pradesh,REWA,1999,Kharif,Urad,6986,3030,0.433724592
Madhya Pradesh,REWA,1999,Rabi,Barley,5329,3500,0.656783637
Madhya Pradesh,REWA,1999,Rabi,Gram,63309,64955,1.025999463
Madhya Pradesh,REWA,1999,Rabi,Linseed,18617,4968,0.266852876
Madhya Pradesh,REWA,1999,Rabi,Other  Rabi pulses,19095,8309,0.435140089
Madhya Pradesh,REWA,1999,Rabi,Rapeseed &Mustard,2490,620,0.248995984
Madhya Pradesh,REWA,1999,Rabi,Wheat,169829,217730,1.282054302
Madhya Pradesh,REWA,1999,Whole Year,Coriander,230,70,0.304347826
Madhya Pradesh,REWA,1999,Whole Year,Dry chillies,166,74,0.445783133
Madhya Pradesh,REWA,1999,Whole Year,Garlic,44,102,2.318181818
Madhya Pradesh,REWA,1999,Whole Year,Onion,701,4856,6.92724679
Madhya Pradesh,REWA,1999,Whole Year,Potato,1160,9283,8.002586207
Madhya Pradesh,REWA,1999,Whole Year,Sannhamp,120,278,2.316666667
Madhya Pradesh,REWA,1999,Whole Year,Sugarcane,51,1810,35.49019608
Madhya Pradesh,REWA,1999,Whole Year,Sweet potato,12,76,6.333333333
Madhya Pradesh,REWA,1999,Whole Year,Turmeric,21,22,1.047619048
Madhya Pradesh,REWA,2000,Kharif,Arhar/Tur,11786,7089,0.601476328
Madhya Pradesh,REWA,2000,Kharif,Bajra,549,340,0.619307832
Madhya Pradesh,REWA,2000,Kharif,Castor seed,11,5,0.454545455
Madhya Pradesh,REWA,2000,Kharif,Dry ginger,31,32,1.032258065
Madhya Pradesh,REWA,2000,Kharif,Groundnut,44,37,0.840909091
Madhya Pradesh,REWA,2000,Kharif,Jowar,16818,14673,0.872458081
Madhya Pradesh,REWA,2000,Kharif,Maize,1234,1320,1.069692058
Madhya Pradesh,REWA,2000,Kharif,Niger seed,3,0,0
Madhya Pradesh,REWA,2000,Kharif,Other Kharif pulses,10422,3638,0.349069277
Madhya Pradesh,REWA,2000,Kharif,Rice,134789,73982,0.548872682
Madhya Pradesh,REWA,2000,Kharif,Sesamum,1604,301,0.18765586
Madhya Pradesh,REWA,2000,Kharif,Small millets,16079,4435,0.275825611
Madhya Pradesh,REWA,2000,Kharif,Soyabean,24971,13639,0.546193585
Madhya Pradesh,REWA,2000,Rabi,Barley,5403,2942,0.544512308
Madhya Pradesh,REWA,2000,Rabi,Gram,62007,52954,0.854000355
Madhya Pradesh,REWA,2000,Rabi,Linseed,17483,4393,0.251272665
Madhya Pradesh,REWA,2000,Rabi,Other  Rabi pulses,21097,7703,0.365123003
Madhya Pradesh,REWA,2000,Rabi,Rapeseed &Mustard,2416,540,0.223509934
Madhya Pradesh,REWA,2000,Rabi,Wheat,165312,172166,1.041460995
Madhya Pradesh,REWA,2000,Whole Year,Coriander,208,52,0.25
Madhya Pradesh,REWA,2000,Whole Year,Dry chillies,151,41,0.271523179
Madhya Pradesh,REWA,2000,Whole Year,Garlic,41,95,2.317073171
Madhya Pradesh,REWA,2000,Whole Year,Onion,643,5335,8.297045101
Madhya Pradesh,REWA,2000,Whole Year,Sannhamp,126,244,1.936507937
Madhya Pradesh,REWA,2000,Whole Year,Sugarcane,74,1470,19.86486486
Madhya Pradesh,REWA,2000,Whole Year,Turmeric,17,18,1.058823529
Madhya Pradesh,REWA,2001,Kharif,Arhar/Tur,11194,6230,0.556548151
Madhya Pradesh,REWA,2001,Kharif,Bajra,450,206,0.457777778
Madhya Pradesh,REWA,2001,Kharif,Castor seed,12,6,0.5
Madhya Pradesh,REWA,2001,Kharif,Dry ginger,30,37,1.233333333
Madhya Pradesh,REWA,2001,Kharif,Groundnut,11,7,0.636363636
Madhya Pradesh,REWA,2001,Kharif,Jowar,15127,10775,0.712302505
Madhya Pradesh,REWA,2001,Kharif,Maize,1135,1354,1.192951542
Madhya Pradesh,REWA,2001,Kharif,Niger seed,3,0.01,0.003333333
Madhya Pradesh,REWA,2001,Kharif,Other Kharif pulses,10131,3406,0.336195835
Madhya Pradesh,REWA,2001,Kharif,Rice,145397,136581,0.939366012
Madhya Pradesh,REWA,2001,Kharif,Sesamum,1944,330,0.169753086
Madhya Pradesh,REWA,2001,Kharif,Small millets,12339,4038,0.327255045
Madhya Pradesh,REWA,2001,Kharif,Soyabean,16498,8968,0.54358104
Madhya Pradesh,REWA,2001,Rabi,Barley,5274,3386,0.642017444
Madhya Pradesh,REWA,2001,Rabi,Gram,63492,64571,1.016994267
Madhya Pradesh,REWA,2001,Rabi,Linseed,17422,4219,0.242165079
Madhya Pradesh,REWA,2001,Rabi,Other  Rabi pulses,22560,8030,0.355939716
Madhya Pradesh,REWA,2001,Rabi,Rapeseed &Mustard,2530,784,0.309881423
Madhya Pradesh,REWA,2001,Rabi,Wheat,168102,213102,1.267694614
Madhya Pradesh,REWA,2001,Whole Year,Banana,2,58,29
Madhya Pradesh,REWA,2001,Whole Year,Coriander,241,60,0.248962656
Madhya Pradesh,REWA,2001,Whole Year,Dry chillies,191,87,0.455497382
Madhya Pradesh,REWA,2001,Whole Year,Garlic,38,78,2.052631579
Madhya Pradesh,REWA,2001,Whole Year,Onion,754,6159,8.168435013
Madhya Pradesh,REWA,2001,Whole Year,Potato,1272,12657,9.950471698
Madhya Pradesh,REWA,2001,Whole Year,Sannhamp,114,222,1.947368421
Madhya Pradesh,REWA,2001,Whole Year,Sugarcane,39,1180,30.25641026
Madhya Pradesh,REWA,2001,Whole Year,Sweet potato,6,32,5.333333333
Madhya Pradesh,REWA,2001,Whole Year,Tobacco,12,9,0.75
Madhya Pradesh,REWA,2001,Whole Year,Turmeric,18,19,1.055555556
Madhya Pradesh,REWA,2002,Kharif,Arhar/Tur,11894,4364,0.366907685
Madhya Pradesh,REWA,2002,Kharif,Bajra,555,223,0.401801802
Madhya Pradesh,REWA,2002,Kharif,Castor seed,24,10,0.416666667
Madhya Pradesh,REWA,2002,Kharif,Dry ginger,30,30,1
Madhya Pradesh,REWA,2002,Kharif,Groundnut,3,1,0.333333333
Madhya Pradesh,REWA,2002,Kharif,Jowar,15887,10929,0.687920942
Madhya Pradesh,REWA,2002,Kharif,Maize,1109,1369,1.234445446
Madhya Pradesh,REWA,2002,Kharif,Other Kharif pulses,11603,3962,0.341463415
Madhya Pradesh,REWA,2002,Kharif,Rice,140685,96251,0.684159647
Madhya Pradesh,REWA,2002,Kharif,Sesamum,2422,417,0.172171759
Madhya Pradesh,REWA,2002,Kharif,Small millets,9010,2518,0.279467259
Madhya Pradesh,REWA,2002,Kharif,Soyabean,13300,5260,0.395488722
Madhya Pradesh,REWA,2002,Rabi,Barley,5405,3231,0.597779833
Madhya Pradesh,REWA,2002,Rabi,Gram,65345,66456,1.017002066
Madhya Pradesh,REWA,2002,Rabi,Linseed,17232,4081,0.236826834
Madhya Pradesh,REWA,2002,Rabi,Other  Rabi pulses,23132,7063,0.305334601
Madhya Pradesh,REWA,2002,Rabi,Rapeseed &Mustard,2695,874,0.324304267
Madhya Pradesh,REWA,2002,Rabi,Wheat,167877,193002,1.149663146
Madhya Pradesh,REWA,2002,Whole Year,Banana,1,28,28
Madhya Pradesh,REWA,2002,Whole Year,Beans & Mutter(Vegetable),12,0,0
Madhya Pradesh,REWA,2002,Whole Year,Bhindi,188,0,0
Madhya Pradesh,REWA,2002,Whole Year,Brinjal,120,0,0
Madhya Pradesh,REWA,2002,Whole Year,Cabbage,15,0,0
Madhya Pradesh,REWA,2002,Whole Year,Cauliflower,83,0,0
Madhya Pradesh,REWA,2002,Whole Year,Citrus Fruit,12,0,0
Madhya Pradesh,REWA,2002,Whole Year,Coriander,268,62,0.231343284
Madhya Pradesh,REWA,2002,Whole Year,Dry chillies,165,100,0.606060606
Madhya Pradesh,REWA,2002,Whole Year,Garlic,44,102,2.318181818
Madhya Pradesh,REWA,2002,Whole Year,Mango,1616,0,0
Madhya Pradesh,REWA,2002,Whole Year,Onion,752,5214,6.933510638
Madhya Pradesh,REWA,2002,Whole Year,Other Fresh Fruits,84,0,0
Madhya Pradesh,REWA,2002,Whole Year,Other Vegetables,117,0,0
Madhya Pradesh,REWA,2002,Whole Year,Papaya,27,930,34.44444444
Madhya Pradesh,REWA,2002,Whole Year,Pome Fruit,48,0,0
Madhya Pradesh,REWA,2002,Whole Year,Potato,1302,11133,8.550691244
Madhya Pradesh,REWA,2002,Whole Year,Sannhamp,131,256,1.954198473
Madhya Pradesh,REWA,2002,Whole Year,Sugarcane,35,1060,30.28571429
Madhya Pradesh,REWA,2002,Whole Year,Sweet potato,16,85,5.3125
Madhya Pradesh,REWA,2002,Whole Year,Tobacco,5,3,0.6
Madhya Pradesh,REWA,2002,Whole Year,Tomato,253,0,0
Madhya Pradesh,REWA,2003,Kharif,Arhar/Tur,12096,5740,0.474537037
Madhya Pradesh,REWA,2003,Kharif,Bajra,732,389,0.531420765
Madhya Pradesh,REWA,2003,Kharif,Castor seed,17,6,0.352941176
Madhya Pradesh,REWA,2003,Kharif,Dry ginger,24,24,1
Madhya Pradesh,REWA,2003,Kharif,Groundnut,4,3,0.75
Madhya Pradesh,REWA,2003,Kharif,Jowar,15804,10693,0.676600861
Madhya Pradesh,REWA,2003,Kharif,Maize,1118,1193,1.067084079
Madhya Pradesh,REWA,2003,Kharif,Other Kharif pulses,12265,3416,0.278516103
Madhya Pradesh,REWA,2003,Kharif,Rice,147133,138215,0.939388173
Madhya Pradesh,REWA,2003,Kharif,Sesamum,2298,499,0.217145344
Madhya Pradesh,REWA,2003,Kharif,Small millets,6940,2156,0.310662824
Madhya Pradesh,REWA,2003,Kharif,Soyabean,13800,8192,0.593623188
Madhya Pradesh,REWA,2003,Kharif,Sunflower,10,3,0.3
Madhya Pradesh,REWA,2003,Kharif,Urad,9499,2747,0.289188336
Madhya Pradesh,REWA,2003,Rabi,Barley,5586,3203,0.57339778
Madhya Pradesh,REWA,2003,Rabi,Gram,64873,68765,1.059994142
Madhya Pradesh,REWA,2003,Rabi,Linseed,16471,4065,0.246797401
Madhya Pradesh,REWA,2003,Rabi,Other  Rabi pulses,25204,9303,0.369108078
Madhya Pradesh,REWA,2003,Rabi,Rapeseed &Mustard,2710,824,0.304059041
Madhya Pradesh,REWA,2003,Rabi,Wheat,170452,204449,1.199452045
Madhya Pradesh,REWA,2003,Whole Year,Banana,2,27,13.5
Madhya Pradesh,REWA,2003,Whole Year,Beans & Mutter(Vegetable),3,0,0
Madhya Pradesh,REWA,2003,Whole Year,Bhindi,178,0,0
Madhya Pradesh,REWA,2003,Whole Year,Brinjal,203,0,0
Madhya Pradesh,REWA,2003,Whole Year,Cabbage,13,0,0
Madhya Pradesh,REWA,2003,Whole Year,Cauliflower,74,0,0
Madhya Pradesh,REWA,2003,Whole Year,Citrus Fruit,1,0,0
Madhya Pradesh,REWA,2003,Whole Year,Coriander,303,72,0.237623762
Madhya Pradesh,REWA,2003,Whole Year,Dry chillies,196,115,0.586734694
Madhya Pradesh,REWA,2003,Whole Year,Garlic,49,113,2.306122449
Madhya Pradesh,REWA,2003,Whole Year,Mango,1636,0,0
Madhya Pradesh,REWA,2003,Whole Year,Onion,807,5235,6.486988848
Madhya Pradesh,REWA,2003,Whole Year,Other Fresh Fruits,53,0,0
Madhya Pradesh,REWA,2003,Whole Year,Other Vegetables,229,0,0
Madhya Pradesh,REWA,2003,Whole Year,Papaya,10,0,0
Madhya Pradesh,REWA,2003,Whole Year,Pome Fruit,52,0,0
Madhya Pradesh,REWA,2003,Whole Year,Potato,1256,10999,8.757165605
Madhya Pradesh,REWA,2003,Whole Year,Sannhamp,121,189,1.561983471
Madhya Pradesh,REWA,2003,Whole Year,Sugarcane,43,1310,30.46511628
Madhya Pradesh,REWA,2003,Whole Year,Sweet potato,12,64,5.333333333
Madhya Pradesh,REWA,2003,Whole Year,Tomato,196,0,0
Madhya Pradesh,REWA,2003,Whole Year,Turmeric,47,41,0.872340426
Madhya Pradesh,REWA,2004,Kharif,Arhar/Tur,13180,7157,0.543019727
Madhya Pradesh,REWA,2004,Kharif,Bajra,662,354,0.534743202
Madhya Pradesh,REWA,2004,Kharif,Castor seed,16,9,0.5625
Madhya Pradesh,REWA,2004,Kharif,Dry ginger,15,18,1.2
Madhya Pradesh,REWA,2004,Kharif,Jowar,16560,14083,0.850422705
Madhya Pradesh,REWA,2004,Kharif,Maize,1106,890,0.804701627
Madhya Pradesh,REWA,2004,Kharif,Niger seed,1,,
Madhya Pradesh,REWA,2004,Kharif,Rice,141563,89532,0.632453395
Madhya Pradesh,REWA,2004,Kharif,Sesamum,2258,538,0.23826395
Madhya Pradesh,REWA,2004,Kharif,Small millets,6619,2267,0.342498867
Madhya Pradesh,REWA,2004,Kharif,Soyabean,15524,8275,0.533045607
Madhya Pradesh,REWA,2004,Kharif,Sunflower,2,1,0.5
Madhya Pradesh,REWA,2004,Kharif,Urad,10178,3679,0.361465907
Madhya Pradesh,REWA,2004,Rabi,Barley,5474,2952,0.53927658
Madhya Pradesh,REWA,2004,Rabi,Gram,65761,64117,0.97500038
Madhya Pradesh,REWA,2004,Rabi,Linseed,15647,3974,0.253978398
Madhya Pradesh,REWA,2004,Rabi,Masoor,23341,8436,0.361424104
Madhya Pradesh,REWA,2004,Rabi,Rapeseed &Mustard,2852,881,0.308906031
Madhya Pradesh,REWA,2004,Rabi,Wheat,167601,181075,1.080393315
Madhya Pradesh,REWA,2004,Whole Year,Coriander,337,81,0.240356083
Madhya Pradesh,REWA,2004,Whole Year,Garlic,56,130,2.321428571
Madhya Pradesh,REWA,2004,Whole Year,Onion,880,7527,8.553409091
Madhya Pradesh,REWA,2004,Whole Year,Potato,1380,12270,8.891304348
Madhya Pradesh,REWA,2004,Whole Year,Sugarcane,39,1180,30.25641026
Madhya Pradesh,REWA,2004,Whole Year,Sweet potato,6,32,5.333333333
Madhya Pradesh,REWA,2004,Whole Year,Turmeric,48,42,0.875
Madhya Pradesh,REWA,2005,Kharif,Arhar/Tur,13293,6345,0.47731889
Madhya Pradesh,REWA,2005,Kharif,Bajra,1110,545,0.490990991
Madhya Pradesh,REWA,2005,Kharif,Castor seed,14,5,0.357142857
Madhya Pradesh,REWA,2005,Kharif,Jowar,15981,10615,0.664226269
Madhya Pradesh,REWA,2005,Kharif,Maize,908,748,0.823788546
Madhya Pradesh,REWA,2005,Kharif,Moong(Green Gram),3036,1098,0.361660079
Madhya Pradesh,REWA,2005,Kharif,Niger seed,9,1,0.111111111
Madhya Pradesh,REWA,2005,Kharif,Rice,143320,138116,0.963689646
Madhya Pradesh,REWA,2005,Kharif,Sesamum,2174,490,0.225390984
Madhya Pradesh,REWA,2005,Kharif,Small millets,19,5,0.263157895
Madhya Pradesh,REWA,2005,Kharif,Soyabean,16163,11022,0.68192786
Madhya Pradesh,REWA,2005,Kharif,Sunflower,1,,
Madhya Pradesh,REWA,2005,Kharif,Urad,10302,3723,0.361386139
Madhya Pradesh,REWA,2005,Rabi,Barley,5278,2715,0.514399394
Madhya Pradesh,REWA,2005,Rabi,Gram,63010,53432,0.847992382
Madhya Pradesh,REWA,2005,Rabi,Linseed,15271,3326,0.217798441
Madhya Pradesh,REWA,2005,Rabi,Masoor,24735,8404,0.339761472
Madhya Pradesh,REWA,2005,Rabi,Peas & beans (Pulses),636,310,0.487421384
Madhya Pradesh,REWA,2005,Rabi,Rapeseed &Mustard,2693,1127,0.418492388
Madhya Pradesh,REWA,2005,Rabi,Wheat,169490,173439,1.02329931
Madhya Pradesh,REWA,2005,Whole Year,Onion,1053,12708,12.06837607
Madhya Pradesh,REWA,2005,Whole Year,Potato,1357,15182,11.18791452
Madhya Pradesh,REWA,2005,Whole Year,Sugarcane,33,1000,30.3030303
Madhya Pradesh,REWA,2005,Whole Year,Sweet potato,4,25,6.25
Madhya Pradesh,REWA,2006,Kharif,Arhar/Tur,13702,5239,0.382352941
Madhya Pradesh,REWA,2006,Kharif,Bajra,958,334,0.348643006
Madhya Pradesh,REWA,2006,Kharif,Castor seed,7,4,0.571428571
Madhya Pradesh,REWA,2006,Kharif,Dry ginger,59,67,1.13559322
Madhya Pradesh,REWA,2006,Kharif,Groundnut,1,,
Madhya Pradesh,REWA,2006,Kharif,Jowar,16251,10054,0.61866962
Madhya Pradesh,REWA,2006,Kharif,Jute,96,189,1.96875
Madhya Pradesh,REWA,2006,Kharif,Maize,1164,634,0.54467354
Madhya Pradesh,REWA,2006,Kharif,Mesta,129,280,2.170542636
Madhya Pradesh,REWA,2006,Kharif,Moong(Green Gram),2955,961,0.325211506
Madhya Pradesh,REWA,2006,Kharif,Niger seed,8,1,0.125
Madhya Pradesh,REWA,2006,Kharif,Other Kharif pulses,2,1,0.5
Madhya Pradesh,REWA,2006,Kharif,Rice,137689,89171,0.647626172
Madhya Pradesh,REWA,2006,Kharif,Small millets,4601,1581,0.343620952
Madhya Pradesh,REWA,2006,Kharif,Soyabean,19396,11755,0.606052794
Madhya Pradesh,REWA,2006,Kharif,Urad,10360,4119,0.397586873
Madhya Pradesh,REWA,2006,Rabi,Gram,58901,44706,0.759002394
Madhya Pradesh,REWA,2006,Rabi,Khesari,1746,705,0.403780069
Madhya Pradesh,REWA,2006,Rabi,Linseed,13836,3081,0.222679965
Madhya Pradesh,REWA,2006,Rabi,Masoor,24363,7397,0.303616139
Madhya Pradesh,REWA,2006,Rabi,Other  Rabi pulses,4,1,0.25
Madhya Pradesh,REWA,2006,Rabi,Peas & beans (Pulses),712,288,0.404494382
Madhya Pradesh,REWA,2006,Rabi,Rapeseed &Mustard,2478,886,0.357546408
Madhya Pradesh,REWA,2006,Rabi,Wheat,155553,133058,0.85538691
Madhya Pradesh,REWA,2006,Whole Year,Banana,1,30,30
Madhya Pradesh,REWA,2006,Whole Year,Coriander,311,108,0.347266881
Madhya Pradesh,REWA,2006,Whole Year,Dry chillies,240,152,0.633333333
Madhya Pradesh,REWA,2006,Whole Year,Garlic,79,168,2.126582278
Madhya Pradesh,REWA,2006,Whole Year,Onion,977,11647,11.92118731
Madhya Pradesh,REWA,2006,Whole Year,Potato,1393,13916,9.989949749
Madhya Pradesh,REWA,2006,Whole Year,Sesamum,2358,445,0.188719254
Madhya Pradesh,REWA,2006,Whole Year,Sugarcane,42,980,23.33333333
Madhya Pradesh,REWA,2006,Whole Year,Sweet potato,8,51,6.375
Madhya Pradesh,REWA,2006,Whole Year,Tobacco,4,3,0.75
Madhya Pradesh,REWA,2006,Whole Year,Turmeric,27,23,0.851851852
Madhya Pradesh,REWA,2007,Kharif,Arhar/Tur,13406,5742,0.42831568
Madhya Pradesh,REWA,2007,Kharif,Bajra,1306,554,0.424196018
Madhya Pradesh,REWA,2007,Kharif,Jowar,16098,12087,0.750838613
Madhya Pradesh,REWA,2007,Kharif,Maize,1148,712,0.620209059
Madhya Pradesh,REWA,2007,Kharif,Niger seed,13,1,0.076923077
Madhya Pradesh,REWA,2007,Kharif,Rice,131607,68954,0.523938696
Madhya Pradesh,REWA,2007,Kharif,Sannhamp,98,34,0.346938776
Madhya Pradesh,REWA,2007,Kharif,Soyabean,22666,12423,0.54808965
Madhya Pradesh,REWA,2007,Kharif,Urad,10976,3809,0.347029883
Madhya Pradesh,REWA,2007,Rabi,Barley,4751,2247,0.472953063
Madhya Pradesh,REWA,2007,Rabi,Gram,57130,47646,0.833992648
Madhya Pradesh,REWA,2007,Rabi,Khesari,1669,574,0.343918514
Madhya Pradesh,REWA,2007,Rabi,Linseed,13100,2651,0.202366412
Madhya Pradesh,REWA,2007,Rabi,Masoor,24861,7368,0.296367805
Madhya Pradesh,REWA,2007,Rabi,Peas & beans (Pulses),772,320,0.414507772
Madhya Pradesh,REWA,2007,Rabi,Rapeseed &Mustard,2513,819,0.325905292
Madhya Pradesh,REWA,2007,Rabi,Wheat,146954,99275,0.675551533
Madhya Pradesh,REWA,2007,Whole Year,Coriander,358,125,0.349162011
Madhya Pradesh,REWA,2007,Whole Year,Garlic,82,174,2.12195122
Madhya Pradesh,REWA,2007,Whole Year,Onion,1019,10701,10.50147203
Madhya Pradesh,REWA,2007,Whole Year,Potato,1338,13938,10.41704036
Madhya Pradesh,REWA,2007,Whole Year,Sesamum,2546,666,0.261586803
Madhya Pradesh,REWA,2007,Whole Year,Sugarcane,48,1090,22.70833333
Madhya Pradesh,REWA,2007,Whole Year,Sweet potato,12,79,6.583333333
Madhya Pradesh,REWA,2007,Whole Year,Tobacco,5,3,0.6
Madhya Pradesh,REWA,2007,Whole Year,Turmeric,10,9,0.9
Madhya Pradesh,REWA,2008,Kharif,Arhar/Tur,13827,7943,0.574455775
Madhya Pradesh,REWA,2008,Kharif,Bajra,998,558,0.559118236
Madhya Pradesh,REWA,2008,Kharif,Castor seed,4,1,0.25
Madhya Pradesh,REWA,2008,Kharif,Groundnut,1,,
Madhya Pradesh,REWA,2008,Kharif,Jowar,15444,12737,0.824721575
Madhya Pradesh,REWA,2008,Kharif,Maize,977,826,0.845445241
Madhya Pradesh,REWA,2008,Kharif,Niger seed,11,1,0.090909091
Madhya Pradesh,REWA,2008,Kharif,Rice,136926,133680,0.976293765
Madhya Pradesh,REWA,2008,Kharif,Sannhamp,104,39,0.375
Madhya Pradesh,REWA,2008,Kharif,Soyabean,24529,15946,0.650087651
Madhya Pradesh,REWA,2008,Kharif,Urad,10369,4047,0.390298004
Madhya Pradesh,REWA,2008,Rabi,Barley,5156,3311,0.642164469
Madhya Pradesh,REWA,2008,Rabi,Gram,58917,56914,0.966003021
Madhya Pradesh,REWA,2008,Rabi,Khesari,1910,938,0.491099476
Madhya Pradesh,REWA,2008,Rabi,Linseed,13097,4120,0.314575857
Madhya Pradesh,REWA,2008,Rabi,Masoor,25111,9439,0.375891044
Madhya Pradesh,REWA,2008,Rabi,Peas & beans (Pulses),725,398,0.548965517
Madhya Pradesh,REWA,2008,Rabi,Rapeseed &Mustard,2767,1346,0.486447416
Madhya Pradesh,REWA,2008,Rabi,Wheat,155656,165338,1.062201264
Madhya Pradesh,REWA,2008,Whole Year,Coriander,319,124,0.388714734
Madhya Pradesh,REWA,2008,Whole Year,Garlic,71,151,2.126760563
Madhya Pradesh,REWA,2008,Whole Year,Onion,1156,11000,9.515570934
Madhya Pradesh,REWA,2008,Whole Year,Potato,1522,14160,9.303547963
Madhya Pradesh,REWA,2008,Whole Year,Sesamum,2668,652,0.244377811
Madhya Pradesh,REWA,2008,Whole Year,Small millets,3257,1289,0.395762972
Madhya Pradesh,REWA,2008,Whole Year,Sugarcane,25,760,30.4
Madhya Pradesh,REWA,2008,Whole Year,Sweet potato,10,66,6.6
Madhya Pradesh,REWA,2008,Whole Year,Tobacco,3,3,1
Madhya Pradesh,REWA,2008,Whole Year,Turmeric,18,16,0.888888889
Madhya Pradesh,REWA,2009,Kharif,Cowpea(Lobia),1,,
Madhya Pradesh,REWA,2009,Kharif,Jowar,15954,13397,0.839726714
Madhya Pradesh,REWA,2009,Kharif,Moong(Green Gram),3295,794,0.240971168
Madhya Pradesh,REWA,2009,Kharif,Small millets,2811,971,0.345428673
Madhya Pradesh,REWA,2009,Kharif,Urad,11654,3791,0.325296036
Madhya Pradesh,REWA,2009,Rabi,Cowpea(Lobia),9,3,0.333333333
Madhya Pradesh,REWA,2009,Rabi,Moong(Green Gram),1,1,1
Madhya Pradesh,REWA,2009,Whole Year,Arhar/Tur,14438,7418,0.513783072
Madhya Pradesh,REWA,2009,Whole Year,Bajra,1248,613,0.491185897
Madhya Pradesh,REWA,2009,Whole Year,Banana,1,28,28
Madhya Pradesh,REWA,2009,Whole Year,Barley,5195,3171,0.61039461
Madhya Pradesh,REWA,2009,Whole Year,Coriander,297,114,0.383838384
Madhya Pradesh,REWA,2009,Whole Year,Dry chillies,210,233,1.10952381
Madhya Pradesh,REWA,2009,Whole Year,Dry ginger,33,39,1.181818182
Madhya Pradesh,REWA,2009,Whole Year,Garlic,78,165,2.115384615
Madhya Pradesh,REWA,2009,Whole Year,Gram,58462,53317,0.911994116
Madhya Pradesh,REWA,2009,Whole Year,Groundnut,7,5,0.714285714
Madhya Pradesh,REWA,2009,Whole Year,Khesari,1838,890,0.48422198
Madhya Pradesh,REWA,2009,Whole Year,Linseed,14151,4478,0.316444068
Madhya Pradesh,REWA,2009,Whole Year,Maize,1177,665,0.564995752
Madhya Pradesh,REWA,2009,Whole Year,Masoor,26652,10018,0.375881735
Madhya Pradesh,REWA,2009,Whole Year,Mesta,107,36,0.336448598
Madhya Pradesh,REWA,2009,Whole Year,Niger seed,12,2,0.166666667
Madhya Pradesh,REWA,2009,Whole Year,Onion,1558,18437,11.83376123
Madhya Pradesh,REWA,2009,Whole Year,Peas & beans (Pulses),697,383,0.549497848
Madhya Pradesh,REWA,2009,Whole Year,Potato,1575,14487,9.198095238
Madhya Pradesh,REWA,2009,Whole Year,Rapeseed &Mustard,3184,1569,0.492776382
Madhya Pradesh,REWA,2009,Whole Year,Rice,124866,79789,0.638997005
Madhya Pradesh,REWA,2009,Whole Year,Safflower,5,1,0.2
Madhya Pradesh,REWA,2009,Whole Year,Sannhamp,89,31,0.348314607
Madhya Pradesh,REWA,2009,Whole Year,Sesamum,2894,555,0.191776088
Madhya Pradesh,REWA,2009,Whole Year,Soyabean,28533,18811,0.65927172
Madhya Pradesh,REWA,2009,Whole Year,Sugarcane,22,610,27.72727273
Madhya Pradesh,REWA,2009,Whole Year,Sweet potato,10,60,6
Madhya Pradesh,REWA,2009,Whole Year,Tobacco,7,6,0.857142857
Madhya Pradesh,REWA,2009,Whole Year,Turmeric,20,17,0.85
Madhya Pradesh,REWA,2009,Whole Year,Wheat,155731,158014,1.014659894
Madhya Pradesh,REWA,2010,Kharif,Arhar/Tur,53563,5981,0.111662902
Madhya Pradesh,REWA,2010,Kharif,Bajra,566,318,0.561837456
Madhya Pradesh,REWA,2010,Kharif,Cowpea(Lobia),5,1,0.2
Madhya Pradesh,REWA,2010,Kharif,Groundnut,1,2,2
Madhya Pradesh,REWA,2010,Kharif,Jowar,17893,18299,1.022690438
Madhya Pradesh,REWA,2010,Kharif,Maize,1161,837,0.720930233
Madhya Pradesh,REWA,2010,Kharif,Moong(Green Gram),3727,1123,0.30131473
Madhya Pradesh,REWA,2010,Kharif,Niger seed,15,2,0.133333333
Madhya Pradesh,REWA,2010,Kharif,Rice,102073,67453,0.660830974
Madhya Pradesh,REWA,2010,Kharif,Small millets,1774,916,0.516347238
Madhya Pradesh,REWA,2010,Kharif,Soyabean,29746,20516,0.689706179
Madhya Pradesh,REWA,2010,Kharif,Urad,10891,3937,0.361491139
Madhya Pradesh,REWA,2010,Rabi,Barley,4608,2638,0.572482639
Madhya Pradesh,REWA,2010,Rabi,Cowpea(Lobia),9,2,0.222222222
Madhya Pradesh,REWA,2010,Rabi,Gram,51543,40719,0.790000582
Madhya Pradesh,REWA,2010,Rabi,Khesari,3919,1244,0.317427915
Madhya Pradesh,REWA,2010,Rabi,Linseed,11534,2925,0.253598058
Madhya Pradesh,REWA,2010,Rabi,Masoor,52456,6446,0.122883941
Madhya Pradesh,REWA,2010,Rabi,Peas & beans (Pulses),824,258,0.313106796
Madhya Pradesh,REWA,2010,Rabi,Rapeseed &Mustard,3063,1147,0.374469474
Madhya Pradesh,REWA,2010,Rabi,Wheat,134395,111301,0.82816325
Madhya Pradesh,REWA,2010,Whole Year,Banana,1,19,19
Madhya Pradesh,REWA,2010,Whole Year,Coriander,364,137,0.376373626
Madhya Pradesh,REWA,2010,Whole Year,Dry chillies,233,448,1.922746781
Madhya Pradesh,REWA,2010,Whole Year,Dry ginger,41,46,1.12195122
Madhya Pradesh,REWA,2010,Whole Year,Garlic,107,152,1.420560748
Madhya Pradesh,REWA,2010,Whole Year,Mesta,60,132,2.2
Madhya Pradesh,REWA,2010,Whole Year,Onion,1947,21123,10.84899846
Madhya Pradesh,REWA,2010,Whole Year,Potato,2138,13581,6.352198316
Madhya Pradesh,REWA,2010,Whole Year,Sannhamp,53,122,2.301886792
Madhya Pradesh,REWA,2010,Whole Year,Sesamum,3495,859,0.245779685
Madhya Pradesh,REWA,2010,Whole Year,Sugarcane,28,780,27.85714286
Madhya Pradesh,REWA,2010,Whole Year,Sweet potato,21,97,4.619047619
Madhya Pradesh,REWA,2010,Whole Year,Tobacco,8,8,1
Madhya Pradesh,REWA,2010,Whole Year,Turmeric,17,9,0.529411765
Madhya Pradesh,REWA,2011,Kharif,Arhar/Tur,38174,15362,0.402420496
Madhya Pradesh,REWA,2011,Kharif,Bajra,469,245,0.52238806
Madhya Pradesh,REWA,2011,Kharif,Barley,4790,3256,0.679749478
Madhya Pradesh,REWA,2011,Kharif,Horse-gram,3,1,0.333333333
Madhya Pradesh,REWA,2011,Kharif,Jowar,15870,13811,0.870258349
Madhya Pradesh,REWA,2011,Kharif,Maize,714,434,0.607843137
Madhya Pradesh,REWA,2011,Kharif,Mesta,68,101,1.485294118
Madhya Pradesh,REWA,2011,Kharif,Moong(Green Gram),4275,830,0.194152047
Madhya Pradesh,REWA,2011,Kharif,Niger seed,13,1,0.076923077
Madhya Pradesh,REWA,2011,Kharif,Other Kharif pulses,10,2,0.2
Madhya Pradesh,REWA,2011,Kharif,Rice,116322,142916,1.228623992
Madhya Pradesh,REWA,2011,Kharif,Sannhamp,41,56,1.365853659
Madhya Pradesh,REWA,2011,Kharif,Small millets,1882,705,0.374601488
Madhya Pradesh,REWA,2011,Kharif,Soyabean,35463,18242,0.514395285
Madhya Pradesh,REWA,2011,Kharif,Urad,11422,3055,0.267466293
Madhya Pradesh,REWA,2011,Rabi,Gram,50136,65146,1.299385671
Madhya Pradesh,REWA,2011,Rabi,Khesari,2933,1268,0.432321855
Madhya Pradesh,REWA,2011,Rabi,Linseed,11288,3605,0.319365698
Madhya Pradesh,REWA,2011,Rabi,Masoor,41601,8862,0.213023725
Madhya Pradesh,REWA,2011,Rabi,Other  Rabi pulses,10,2,0.2
Madhya Pradesh,REWA,2011,Rabi,Peas & beans (Pulses),967,331,0.34229576
Madhya Pradesh,REWA,2011,Rabi,Rapeseed &Mustard,3370,1466,0.435014837
Madhya Pradesh,REWA,2011,Rabi,Wheat,151795,297386,1.959129089
Madhya Pradesh,REWA,2011,Whole Year,Banana,2,19,9.5
Madhya Pradesh,REWA,2011,Whole Year,Coriander,388,160,0.412371134
Madhya Pradesh,REWA,2011,Whole Year,Dry chillies,277,256,0.924187726
Madhya Pradesh,REWA,2011,Whole Year,Dry ginger,35,25,0.714285714
Madhya Pradesh,REWA,2011,Whole Year,Garlic,123,225,1.829268293
Madhya Pradesh,REWA,2011,Whole Year,Onion,2675,36180,13.52523364
Madhya Pradesh,REWA,2011,Whole Year,Potato,2180,20237,9.283027523
Madhya Pradesh,REWA,2011,Whole Year,Sesamum,3911,1009,0.257990284
Madhya Pradesh,REWA,2011,Whole Year,Sugarcane,28,550,19.64285714
Madhya Pradesh,REWA,2011,Whole Year,Sweet potato,102,549,5.382352941
Madhya Pradesh,REWA,2011,Whole Year,Tobacco,16,9,0.5625
Madhya Pradesh,REWA,2011,Whole Year,Turmeric,23,15,0.652173913
Madhya Pradesh,REWA,2012,Kharif,Arhar/Tur,34164,7867,0.230271631
Madhya Pradesh,REWA,2012,Kharif,Bajra,122,45,0.368852459
Madhya Pradesh,REWA,2012,Kharif,Barley,4888,3211,0.656914894
Madhya Pradesh,REWA,2012,Kharif,Groundnut,10,7,0.7
Madhya Pradesh,REWA,2012,Kharif,Jowar,14072,14354,1.020039795
Madhya Pradesh,REWA,2012,Kharif,Maize,1173,922,0.786018755
Madhya Pradesh,REWA,2012,Kharif,Mesta,56,16,0.285714286
Madhya Pradesh,REWA,2012,Kharif,Moong(Green Gram),3687,717,0.194467046
Madhya Pradesh,REWA,2012,Kharif,Niger seed,11,1,0.090909091
Madhya Pradesh,REWA,2012,Kharif,Other Kharif pulses,1,,
Madhya Pradesh,REWA,2012,Kharif,Rice,123510,199651,1.616476399
Madhya Pradesh,REWA,2012,Kharif,Sannhamp,35,56,1.6
Madhya Pradesh,REWA,2012,Kharif,Small millets,1342,351,0.261549925
Madhya Pradesh,REWA,2012,Kharif,Soyabean,36008,21001,0.583231504
Madhya Pradesh,REWA,2012,Kharif,Urad,11802,2736,0.231825114
Madhya Pradesh,REWA,2012,Rabi,Gram,49110,70614,1.43787416
Madhya Pradesh,REWA,2012,Rabi,Khesari,2680,1459,0.544402985
Madhya Pradesh,REWA,2012,Rabi,Linseed,10904,3021,0.277054292
Madhya Pradesh,REWA,2012,Rabi,Masoor,37633,10791,0.286743018
Madhya Pradesh,REWA,2012,Rabi,Moong(Green Gram),20,7,0.35
Madhya Pradesh,REWA,2012,Rabi,Other  Rabi pulses,10,3,0.3
Madhya Pradesh,REWA,2012,Rabi,Peas & beans (Pulses),802,355,0.442643392
Madhya Pradesh,REWA,2012,Rabi,Rapeseed &Mustard,3923,1797,0.458067805
Madhya Pradesh,REWA,2012,Rabi,Wheat,156877,383745,2.446152081
Madhya Pradesh,REWA,2012,Whole Year,Banana,2,24,12
Madhya Pradesh,REWA,2012,Whole Year,Coriander,357,115,0.322128852
Madhya Pradesh,REWA,2012,Whole Year,Dry chillies,282,443,1.570921986
Madhya Pradesh,REWA,2012,Whole Year,Dry ginger,60,51,0.85
Madhya Pradesh,REWA,2012,Whole Year,Garlic,121,275,2.272727273
Madhya Pradesh,REWA,2012,Whole Year,Onion,2668,45041,16.88193403
Madhya Pradesh,REWA,2012,Whole Year,Potato,2270,25166,11.08634361
Madhya Pradesh,REWA,2012,Whole Year,Sesamum,4075,713,0.174969325
Madhya Pradesh,REWA,2012,Whole Year,Sugarcane,26,730,28.07692308
Madhya Pradesh,REWA,2012,Whole Year,Sweet potato,1,6,6
Madhya Pradesh,REWA,2012,Whole Year,Tobacco,6,5,0.833333333
Madhya Pradesh,REWA,2012,Whole Year,Turmeric,25,23,0.92
Madhya Pradesh,REWA,2013,Kharif,Arhar/Tur,32884,15326,0.466062523
Madhya Pradesh,REWA,2013,Kharif,Bajra,292,121,0.414383562
Madhya Pradesh,REWA,2013,Kharif,Barley,4652,5100,1.096302666
Madhya Pradesh,REWA,2013,Kharif,Groundnut,3,4,1.333333333
Madhya Pradesh,REWA,2013,Kharif,Jowar,12330,7278,0.59026764
Madhya Pradesh,REWA,2013,Kharif,Maize,1141,1111,0.973707274
Madhya Pradesh,REWA,2013,Kharif,Mesta,42,115,2.738095238
Madhya Pradesh,REWA,2013,Kharif,Moong(Green Gram),3668,1142,0.31134133
Madhya Pradesh,REWA,2013,Kharif,Niger seed,14,3,0.214285714
Madhya Pradesh,REWA,2013,Kharif,Other Kharif pulses,3,1,0.333333333
Madhya Pradesh,REWA,2013,Kharif,Rice,119623,214112,1.789889904
Madhya Pradesh,REWA,2013,Kharif,Sannhamp,27,55,2.037037037
Madhya Pradesh,REWA,2013,Kharif,Small millets,1033,471,0.455953533
Madhya Pradesh,REWA,2013,Kharif,Soyabean,49973,47003,0.940567907
Madhya Pradesh,REWA,2013,Kharif,Urad,10864,4948,0.45544919
Madhya Pradesh,REWA,2013,Rabi,Gram,59876,30879,0.515715813
Madhya Pradesh,REWA,2013,Rabi,Khesari,2372,905,0.38153457
Madhya Pradesh,REWA,2013,Rabi,Linseed,9933,3339,0.33615222
Madhya Pradesh,REWA,2013,Rabi,Masoor,35112,15568,0.44338118
Madhya Pradesh,REWA,2013,Rabi,Moong(Green Gram),14,8,0.571428571
Madhya Pradesh,REWA,2013,Rabi,Other  Rabi pulses,8,4,0.5
Madhya Pradesh,REWA,2013,Rabi,Peas & beans (Pulses),757,451,0.595772787
Madhya Pradesh,REWA,2013,Rabi,Rapeseed &Mustard,4916,2319,0.47172498
Madhya Pradesh,REWA,2013,Rabi,Wheat,154211,318562,2.065754064
Madhya Pradesh,REWA,2013,Whole Year,Banana,1,,
Madhya Pradesh,REWA,2013,Whole Year,Coriander,338,109,0.322485207
Madhya Pradesh,REWA,2013,Whole Year,Dry chillies,263,168,0.63878327
Madhya Pradesh,REWA,2013,Whole Year,Dry ginger,26,59,2.269230769
Madhya Pradesh,REWA,2013,Whole Year,Garlic,106,250,2.358490566
Madhya Pradesh,REWA,2013,Whole Year,Onion,2876,43625,15.168637
Madhya Pradesh,REWA,2013,Whole Year,Potato,2463,40253,16.34307755
Madhya Pradesh,REWA,2013,Whole Year,Sesamum,3804,997,0.262092534
Madhya Pradesh,REWA,2013,Whole Year,Sugarcane,24,780,32.5
Madhya Pradesh,REWA,2013,Whole Year,Sweet potato,9,40,4.444444444
Madhya Pradesh,REWA,2013,Whole Year,Tobacco,12,8,0.666666667
Madhya Pradesh,REWA,2013,Whole Year,Turmeric,17,11,0.647058824
Madhya Pradesh,SAGAR,1997,Kharif,Arhar/Tur,2300,1300,0.565217391
Madhya Pradesh,SAGAR,1997,Kharif,Groundnut,900,600,0.666666667
Madhya Pradesh,SAGAR,1997,Kharif,Jowar,5100,3800,0.745098039
Madhya Pradesh,SAGAR,1997,Kharif,Maize,4100,4500,1.097560976
Madhya Pradesh,SAGAR,1997,Kharif,Paddy,8700,5800,0.666666667
Madhya Pradesh,SAGAR,1997,Kharif,Sesamum,1300,100,0.076923077
Madhya Pradesh,SAGAR,1997,Kharif,Small millets,1700,400,0.235294118
Madhya Pradesh,SAGAR,1997,Kharif,Soyabean,181400,159400,0.878721058
Madhya Pradesh,SAGAR,1997,Rabi,Barley,800,1300,1.625
Madhya Pradesh,SAGAR,1997,Rabi,Linseed,17700,6600,0.372881356
Madhya Pradesh,SAGAR,1997,Rabi,Rapeseed &Mustard,1000,600,0.6
Madhya Pradesh,SAGAR,1997,Rabi,Wheat,232800,241100,1.035652921
Madhya Pradesh,SAGAR,1998,Kharif,Arhar/Tur,2600,2000,0.769230769
Madhya Pradesh,SAGAR,1998,Kharif,Groundnut,1100,900,0.818181818
Madhya Pradesh,SAGAR,1998,Kharif,Jowar,4400,5000,1.136363636
Madhya Pradesh,SAGAR,1998,Kharif,Maize,4000,5200,1.3
Madhya Pradesh,SAGAR,1998,Kharif,Rice,8500,3600,0.423529412
Madhya Pradesh,SAGAR,1998,Kharif,Sesamum,1400,200,0.142857143
Madhya Pradesh,SAGAR,1998,Kharif,Small millets,1600,500,0.3125
Madhya Pradesh,SAGAR,1998,Kharif,Soyabean,173400,95400,0.55017301
Madhya Pradesh,SAGAR,1998,Rabi,Barley,800,1100,1.375
Madhya Pradesh,SAGAR,1998,Rabi,Gram,119200,98600,0.827181208
Madhya Pradesh,SAGAR,1998,Rabi,Linseed,15800,5400,0.341772152
Madhya Pradesh,SAGAR,1998,Rabi,Rapeseed &Mustard,1000,600,0.6
Madhya Pradesh,SAGAR,1998,Rabi,Wheat,226400,280900,1.240724382
Madhya Pradesh,SAGAR,1998,Whole Year,Sugarcane,219,4410,20.1369863
Madhya Pradesh,SAGAR,1999,Kharif,Arhar/Tur,2280,1592,0.698245614
Madhya Pradesh,SAGAR,1999,Kharif,Bajra,13,9,0.692307692
Madhya Pradesh,SAGAR,1999,Kharif,Dry ginger,230,275,1.195652174
Madhya Pradesh,SAGAR,1999,Kharif,Groundnut,1695,1394,0.822418879
Madhya Pradesh,SAGAR,1999,Kharif,Jowar,3757,3840,1.022092095
Madhya Pradesh,SAGAR,1999,Kharif,Maize,3950,5553,1.405822785
Madhya Pradesh,SAGAR,1999,Kharif,Niger seed,589,113,0.191850594
Madhya Pradesh,SAGAR,1999,Kharif,Other Kharif pulses,8872,2822,0.318079351
Madhya Pradesh,SAGAR,1999,Kharif,Rice,8674,6204,0.71524095
Madhya Pradesh,SAGAR,1999,Kharif,Sesamum,1358,199,0.146539028
Madhya Pradesh,SAGAR,1999,Kharif,Soyabean,152597,104575,0.685301808
Madhya Pradesh,SAGAR,1999,Kharif,Sunflower,10,5,0.5
Madhya Pradesh,SAGAR,1999,Kharif,Urad,7767,2471,0.318140852
Madhya Pradesh,SAGAR,1999,Rabi,Barley,748,951,1.271390374
Madhya Pradesh,SAGAR,1999,Rabi,Gram,126844,110101,0.868003217
Madhya Pradesh,SAGAR,1999,Rabi,Linseed,14016,5284,0.376997717
Madhya Pradesh,SAGAR,1999,Rabi,Other  Rabi pulses,77376,32444,0.419303143
Madhya Pradesh,SAGAR,1999,Rabi,Rapeseed &Mustard,917,488,0.53217012
Madhya Pradesh,SAGAR,1999,Rabi,Safflower,37,9,0.243243243
Madhya Pradesh,SAGAR,1999,Rabi,Urad,58,10,0.172413793
Madhya Pradesh,SAGAR,1999,Rabi,Wheat,228563,264891,1.158940861
Madhya Pradesh,SAGAR,1999,Whole Year,Coriander,424,163,0.384433962
Madhya Pradesh,SAGAR,1999,Whole Year,Dry chillies,378,171,0.452380952
Madhya Pradesh,SAGAR,1999,Whole Year,Garlic,126,506,4.015873016
Madhya Pradesh,SAGAR,1999,Whole Year,Onion,1598,22888,14.32290363
Madhya Pradesh,SAGAR,1999,Whole Year,Potato,1485,13614,9.167676768
Madhya Pradesh,SAGAR,1999,Whole Year,Sannhamp,125,267,2.136
Madhya Pradesh,SAGAR,1999,Whole Year,Sugarcane,136,3850,28.30882353
Madhya Pradesh,SAGAR,1999,Whole Year,Sweet potato,128,636,4.96875
Madhya Pradesh,SAGAR,1999,Whole Year,Turmeric,14,12,0.857142857
Madhya Pradesh,SAGAR,2000,Kharif,Arhar/Tur,2216,1368,0.61732852
Madhya Pradesh,SAGAR,2000,Kharif,Bajra,17,17,1
Madhya Pradesh,SAGAR,2000,Kharif,Dry ginger,274,327,1.193430657
Madhya Pradesh,SAGAR,2000,Kharif,Groundnut,1742,1720,0.987370838
Madhya Pradesh,SAGAR,2000,Kharif,Jowar,3832,4527,1.181367432
Madhya Pradesh,SAGAR,2000,Kharif,Maize,3813,6630,1.738788356
Madhya Pradesh,SAGAR,2000,Kharif,Niger seed,563,109,0.193605684
Madhya Pradesh,SAGAR,2000,Kharif,Other Kharif pulses,11466,3648,0.318158032
Madhya Pradesh,SAGAR,2000,Kharif,Rice,9822,5343,0.543982896
Madhya Pradesh,SAGAR,2000,Kharif,Sesamum,1565,329,0.210223642
Madhya Pradesh,SAGAR,2000,Kharif,Small millets,2220,480,0.216216216
Madhya Pradesh,SAGAR,2000,Kharif,Soyabean,147732,121311,0.821155877
Madhya Pradesh,SAGAR,2000,Kharif,Sunflower,3,1,0.333333333
Madhya Pradesh,SAGAR,2000,Rabi,Barley,822,846,1.02919708
Madhya Pradesh,SAGAR,2000,Rabi,Gram,135670,72583,0.534996683
Madhya Pradesh,SAGAR,2000,Rabi,Linseed,11285,3616,0.320425343
Madhya Pradesh,SAGAR,2000,Rabi,Other  Rabi pulses,75752,22959,0.303081107
Madhya Pradesh,SAGAR,2000,Rabi,Rapeseed &Mustard,819,314,0.383394383
Madhya Pradesh,SAGAR,2000,Rabi,Safflower,18,3,0.166666667
Madhya Pradesh,SAGAR,2000,Rabi,Wheat,200599,155152,0.773443537
Madhya Pradesh,SAGAR,2000,Whole Year,Coriander,337,110,0.326409496
Madhya Pradesh,SAGAR,2000,Whole Year,Dry chillies,386,131,0.339378238
Madhya Pradesh,SAGAR,2000,Whole Year,Garlic,104,417,4.009615385
Madhya Pradesh,SAGAR,2000,Whole Year,Onion,1632,29835,18.28125
Madhya Pradesh,SAGAR,2000,Whole Year,Sannhamp,132,283,2.143939394
Madhya Pradesh,SAGAR,2000,Whole Year,Sugarcane,334,3470,10.38922156
Madhya Pradesh,SAGAR,2000,Whole Year,Turmeric,28,23,0.821428571
Madhya Pradesh,SAGAR,2001,Kharif,Arhar/Tur,2528,1547,0.611946203
Madhya Pradesh,SAGAR,2001,Kharif,Bajra,3,3,1
Madhya Pradesh,SAGAR,2001,Kharif,Dry ginger,338,403,1.192307692
Madhya Pradesh,SAGAR,2001,Kharif,Groundnut,1819,1510,0.830126443
Madhya Pradesh,SAGAR,2001,Kharif,Jowar,4099,3810,0.929494999
Madhya Pradesh,SAGAR,2001,Kharif,Maize,3805,6460,1.697766097
Madhya Pradesh,SAGAR,2001,Kharif,Niger seed,489,85,0.173824131
Madhya Pradesh,SAGAR,2001,Kharif,Other Kharif pulses,16169,4675,0.289133527
Madhya Pradesh,SAGAR,2001,Kharif,Rice,9586,5010,0.522637179
Madhya Pradesh,SAGAR,2001,Kharif,Sesamum,1402,252,0.179743224
Madhya Pradesh,SAGAR,2001,Kharif,Small millets,2231,515,0.230838189
Madhya Pradesh,SAGAR,2001,Kharif,Soyabean,167348,113970,0.681035925
Madhya Pradesh,SAGAR,2001,Kharif,Sunflower,12,6,0.5
Madhya Pradesh,SAGAR,2001,Rabi,Barley,830,980,1.180722892
Madhya Pradesh,SAGAR,2001,Rabi,Gram,153246,123516,0.805998199
Madhya Pradesh,SAGAR,2001,Rabi,Linseed,9120,3901,0.427741228
Madhya Pradesh,SAGAR,2001,Rabi,Other  Rabi pulses,72686,27285,0.375381779
Madhya Pradesh,SAGAR,2001,Rabi,Rapeseed &Mustard,768,398,0.518229167
Madhya Pradesh,SAGAR,2001,Rabi,Safflower,30,6,0.2
Madhya Pradesh,SAGAR,2001,Rabi,Wheat,189980,205677,1.082624487
Madhya Pradesh,SAGAR,2001,Whole Year,Banana,3,40,13.33333333
Madhya Pradesh,SAGAR,2001,Whole Year,Coriander,437,142,0.324942792
Madhya Pradesh,SAGAR,2001,Whole Year,Dry chillies,388,171,0.440721649
Madhya Pradesh,SAGAR,2001,Whole Year,Garlic,100,358,3.58
Madhya Pradesh,SAGAR,2001,Whole Year,Onion,1799,27430,15.24735964
Madhya Pradesh,SAGAR,2001,Whole Year,Potato,1627,14743,9.061462815
Madhya Pradesh,SAGAR,2001,Whole Year,Sannhamp,134,261,1.947761194
Madhya Pradesh,SAGAR,2001,Whole Year,Sugarcane,217,5660,26.08294931
Madhya Pradesh,SAGAR,2001,Whole Year,Sweet potato,142,642,4.521126761
Madhya Pradesh,SAGAR,2001,Whole Year,Turmeric,26,24,0.923076923
Madhya Pradesh,SAGAR,2002,Kharif,Arhar/Tur,3853,1439,0.373475214
Madhya Pradesh,SAGAR,2002,Kharif,Bajra,1,0.1,0.1
Madhya Pradesh,SAGAR,2002,Kharif,Dry ginger,326,261,0.800613497
Madhya Pradesh,SAGAR,2002,Kharif,Groundnut,2047,680,0.332193454
Madhya Pradesh,SAGAR,2002,Kharif,Jowar,5206,3602,0.691893968
Madhya Pradesh,SAGAR,2002,Kharif,Maize,3746,5058,1.350240256
Madhya Pradesh,SAGAR,2002,Kharif,Niger seed,355,46,0.129577465
Madhya Pradesh,SAGAR,2002,Kharif,Other Kharif pulses,25631,5484,0.213959658
Madhya Pradesh,SAGAR,2002,Kharif,Ragi,68,11,0.161764706
Madhya Pradesh,SAGAR,2002,Kharif,Rice,9346,3411,0.364968971
Madhya Pradesh,SAGAR,2002,Kharif,Sesamum,1769,246,0.139061617
Madhya Pradesh,SAGAR,2002,Kharif,Small millets,979,206,0.210418795
Madhya Pradesh,SAGAR,2002,Kharif,Soyabean,152614,72734,0.476587993
Madhya Pradesh,SAGAR,2002,Kharif,Sunflower,9,4,0.444444444
Madhya Pradesh,SAGAR,2002,Rabi,Barley,737,982,1.332428765
Madhya Pradesh,SAGAR,2002,Rabi,Gram,229035,63214,0.276001484
Madhya Pradesh,SAGAR,2002,Rabi,Linseed,8631,3153,0.365311088
Madhya Pradesh,SAGAR,2002,Rabi,Other  Rabi pulses,69172,19527,0.282296305
Madhya Pradesh,SAGAR,2002,Rabi,Rapeseed &Mustard,477,185,0.387840671
Madhya Pradesh,SAGAR,2002,Rabi,Safflower,21,3,0.142857143
Madhya Pradesh,SAGAR,2002,Rabi,Wheat,140737,115079,0.817688312
Madhya Pradesh,SAGAR,2002,Whole Year,Banana,4,77,19.25
Madhya Pradesh,SAGAR,2002,Whole Year,Beans & Mutter(Vegetable),9,0,0
Madhya Pradesh,SAGAR,2002,Whole Year,Bhindi,205,0,0
Madhya Pradesh,SAGAR,2002,Whole Year,Brinjal,954,0,0
Madhya Pradesh,SAGAR,2002,Whole Year,Cabbage,26,0,0
Madhya Pradesh,SAGAR,2002,Whole Year,Cauliflower,104,0,0
Madhya Pradesh,SAGAR,2002,Whole Year,Citrus Fruit,12,0,0
Madhya Pradesh,SAGAR,2002,Whole Year,Coriander,422,92,0.218009479
Madhya Pradesh,SAGAR,2002,Whole Year,Dry chillies,423,155,0.36643026
Madhya Pradesh,SAGAR,2002,Whole Year,Garlic,157,563,3.585987261
Madhya Pradesh,SAGAR,2002,Whole Year,Mango,34,0,0
Madhya Pradesh,SAGAR,2002,Whole Year,Onion,1624,23787,14.64716749
Madhya Pradesh,SAGAR,2002,Whole Year,Other Fresh Fruits,18,0,0
Madhya Pradesh,SAGAR,2002,Whole Year,Other Vegetables,998,0,0
Madhya Pradesh,SAGAR,2002,Whole Year,Papaya,18,660,36.66666667
Madhya Pradesh,SAGAR,2002,Whole Year,Pome Fruit,32,0,0
Madhya Pradesh,SAGAR,2002,Whole Year,Potato,1643,13957,8.494826537
Madhya Pradesh,SAGAR,2002,Whole Year,Sannhamp,67,100,1.492537313
Madhya Pradesh,SAGAR,2002,Whole Year,Sugarcane,239,6230,26.06694561
Madhya Pradesh,SAGAR,2002,Whole Year,Sweet potato,110,497,4.518181818
Madhya Pradesh,SAGAR,2002,Whole Year,Tomato,1352,0,0
Madhya Pradesh,SAGAR,2003,Kharif,Arhar/Tur,3647,2093,0.573896353
Madhya Pradesh,SAGAR,2003,Kharif,Bajra,11,10,0.909090909
Madhya Pradesh,SAGAR,2003,Kharif,Dry ginger,309,368,1.190938511
Madhya Pradesh,SAGAR,2003,Kharif,Groundnut,1799,1632,0.90717065
Madhya Pradesh,SAGAR,2003,Kharif,Horse-gram,1,0,0
Madhya Pradesh,SAGAR,2003,Kharif,Jowar,6750,9215,1.365185185
Madhya Pradesh,SAGAR,2003,Kharif,Maize,3883,6740,1.735771311
Madhya Pradesh,SAGAR,2003,Kharif,Niger seed,392,82,0.209183673
Madhya Pradesh,SAGAR,2003,Kharif,Other Kharif pulses,28532,9215,0.3229707
Madhya Pradesh,SAGAR,2003,Kharif,other misc. pulses,9,0.01,0.001111111
Madhya Pradesh,SAGAR,2003,Kharif,Rice,9739,5976,0.613615361
Madhya Pradesh,SAGAR,2003,Kharif,Sesamum,1806,457,0.253045404
Madhya Pradesh,SAGAR,2003,Kharif,Small millets,1975,576,0.29164557
Madhya Pradesh,SAGAR,2003,Kharif,Soyabean,162399,160815,0.990246245
Madhya Pradesh,SAGAR,2003,Kharif,Sunflower,5,2,0.4
Madhya Pradesh,SAGAR,2003,Kharif,Urad,27228,8818,0.323857793
Madhya Pradesh,SAGAR,2003,Rabi,Barley,790,1227,1.553164557
Madhya Pradesh,SAGAR,2003,Rabi,Gram,215438,176444,0.81900129
Madhya Pradesh,SAGAR,2003,Rabi,Jowar,2,4,2
Madhya Pradesh,SAGAR,2003,Rabi,Linseed,7081,3412,0.481852846
Madhya Pradesh,SAGAR,2003,Rabi,Other  Rabi pulses,64716,29298,0.452716484
Madhya Pradesh,SAGAR,2003,Rabi,Rapeseed &Mustard,779,524,0.672657253
Madhya Pradesh,SAGAR,2003,Rabi,Safflower,12,3,0.25
Madhya Pradesh,SAGAR,2003,Rabi,Wheat,161798,183701,1.135372502
Madhya Pradesh,SAGAR,2003,Whole Year,Banana,3,112,37.33333333
Madhya Pradesh,SAGAR,2003,Whole Year,Bhindi,277,0,0
Madhya Pradesh,SAGAR,2003,Whole Year,Brinjal,865,0,0
Madhya Pradesh,SAGAR,2003,Whole Year,Cabbage,39,0,0
Madhya Pradesh,SAGAR,2003,Whole Year,Cauliflower,163,0,0
Madhya Pradesh,SAGAR,2003,Whole Year,Citrus Fruit,11,0,0
Madhya Pradesh,SAGAR,2003,Whole Year,Coriander,577,204,0.35355286
Madhya Pradesh,SAGAR,2003,Whole Year,Dry chillies,452,265,0.586283186
Madhya Pradesh,SAGAR,2003,Whole Year,Garlic,188,742,3.946808511
Madhya Pradesh,SAGAR,2003,Whole Year,Mango,34,0,0
Madhya Pradesh,SAGAR,2003,Whole Year,Onion,1782,29799,16.72222222
Madhya Pradesh,SAGAR,2003,Whole Year,Other Fresh Fruits,12,0,0
Madhya Pradesh,SAGAR,2003,Whole Year,Other Vegetables,1307,0,0
Madhya Pradesh,SAGAR,2003,Whole Year,Papaya,9,69,7.666666667
Madhya Pradesh,SAGAR,2003,Whole Year,Pome Fruit,42,0,0
Madhya Pradesh,SAGAR,2003,Whole Year,Potato,1960,20800,10.6122449
Madhya Pradesh,SAGAR,2003,Whole Year,Sannhamp,108,233,2.157407407
Madhya Pradesh,SAGAR,2003,Whole Year,Sugarcane,287,7480,26.06271777
Madhya Pradesh,SAGAR,2003,Whole Year,Sweet potato,122,606,4.967213115
Madhya Pradesh,SAGAR,2003,Whole Year,Tomato,1122,0,0
Madhya Pradesh,SAGAR,2003,Whole Year,Turmeric,24,20,0.833333333
Madhya Pradesh,SAGAR,2004,Kharif,Arhar/Tur,3399,1861,0.547513975
Madhya Pradesh,SAGAR,2004,Kharif,Bajra,27,23,0.851851852
Madhya Pradesh,SAGAR,2004,Kharif,Castor seed,3,1,0.333333333
Madhya Pradesh,SAGAR,2004,Kharif,Dry ginger,324,387,1.194444444
Madhya Pradesh,SAGAR,2004,Kharif,Groundnut,1666,1665,0.99939976
Madhya Pradesh,SAGAR,2004,Kharif,Horse-gram,3,1,0.333333333
Madhya Pradesh,SAGAR,2004,Kharif,Jowar,5677,6299,1.109564911
Madhya Pradesh,SAGAR,2004,Kharif,Maize,4000,5236,1.309
Madhya Pradesh,SAGAR,2004,Kharif,Niger seed,458,88,0.192139738
Madhya Pradesh,SAGAR,2004,Kharif,Ragi,11,3,0.272727273
Madhya Pradesh,SAGAR,2004,Kharif,Rice,9502,5413,0.569669543
Madhya Pradesh,SAGAR,2004,Kharif,Sesamum,1853,515,0.277927685
Madhya Pradesh,SAGAR,2004,Kharif,Small millets,1968,524,0.266260163
Madhya Pradesh,SAGAR,2004,Kharif,Soyabean,194811,162351,0.833376965
Madhya Pradesh,SAGAR,2004,Kharif,Sunflower,57,28,0.49122807
Madhya Pradesh,SAGAR,2004,Kharif,Urad,23200,7647,0.329612069
Madhya Pradesh,SAGAR,2004,Rabi,Barley,888,1245,1.402027027
Madhya Pradesh,SAGAR,2004,Rabi,Gram,207571,174152,0.838999668
Madhya Pradesh,SAGAR,2004,Rabi,Linseed,6628,3172,0.478575739
Madhya Pradesh,SAGAR,2004,Rabi,Masoor,64932,26246,0.404207479
Madhya Pradesh,SAGAR,2004,Rabi,Rapeseed &Mustard,821,562,0.68453106
Madhya Pradesh,SAGAR,2004,Rabi,Safflower,11,3,0.272727273
Madhya Pradesh,SAGAR,2004,Rabi,Wheat,163775,173088,1.056864601
Madhya Pradesh,SAGAR,2004,Whole Year,Coriander,619,219,0.353796446
Madhya Pradesh,SAGAR,2004,Whole Year,Garlic,270,1065,3.944444444
Madhya Pradesh,SAGAR,2004,Whole Year,Onion,2114,40496,19.15610218
Madhya Pradesh,SAGAR,2004,Whole Year,Potato,1897,20273,10.68687401
Madhya Pradesh,SAGAR,2004,Whole Year,Sugarcane,220,5740,26.09090909
Madhya Pradesh,SAGAR,2004,Whole Year,Sweet potato,219,1089,4.97260274
Madhya Pradesh,SAGAR,2004,Whole Year,Turmeric,33,25,0.757575758
Madhya Pradesh,SAGAR,2005,Kharif,Arhar/Tur,2965,1611,0.543338954
Madhya Pradesh,SAGAR,2005,Kharif,Bajra,41,35,0.853658537
Madhya Pradesh,SAGAR,2005,Kharif,Castor seed,1,,
Madhya Pradesh,SAGAR,2005,Kharif,Groundnut,1353,1128,0.833702882
Madhya Pradesh,SAGAR,2005,Kharif,Jowar,3869,4097,1.058929956
Madhya Pradesh,SAGAR,2005,Kharif,Maize,3737,4897,1.310409419
Madhya Pradesh,SAGAR,2005,Kharif,Moong(Green Gram),1868,595,0.318522484
Madhya Pradesh,SAGAR,2005,Kharif,Niger seed,545,109,0.2
Madhya Pradesh,SAGAR,2005,Kharif,Rice,8601,4547,0.528659458
Madhya Pradesh,SAGAR,2005,Kharif,Sesamum,1710,383,0.223976608
Madhya Pradesh,SAGAR,2005,Kharif,Small millets,118,200,1.694915254
Madhya Pradesh,SAGAR,2005,Kharif,Soyabean,168772,140679,0.833544664
Madhya Pradesh,SAGAR,2005,Kharif,Sunflower,8,4,0.5
Madhya Pradesh,SAGAR,2005,Kharif,Urad,15522,5245,0.337907486
Madhya Pradesh,SAGAR,2005,Rabi,Barley,992,1287,1.297379032
Madhya Pradesh,SAGAR,2005,Rabi,Gram,201587,166914,0.827999821
Madhya Pradesh,SAGAR,2005,Rabi,Linseed,6336,3187,0.502998737
Madhya Pradesh,SAGAR,2005,Rabi,Masoor,77147,33229,0.430723165
Madhya Pradesh,SAGAR,2005,Rabi,Peas & beans (Pulses),8694,4090,0.470439383
Madhya Pradesh,SAGAR,2005,Rabi,Rapeseed &Mustard,975,643,0.659487179
Madhya Pradesh,SAGAR,2005,Rabi,Urad,9,2,0.222222222
Madhya Pradesh,SAGAR,2005,Rabi,Wheat,163778,174654,1.066406966
Madhya Pradesh,SAGAR,2005,Whole Year,Onion,2729,39362,14.42359839
Madhya Pradesh,SAGAR,2005,Whole Year,Potato,1905,18600,9.763779528
Madhya Pradesh,SAGAR,2005,Whole Year,Sugarcane,413,10910,26.41646489
Madhya Pradesh,SAGAR,2005,Whole Year,Sweet potato,150,750,5
Madhya Pradesh,SAGAR,2006,Kharif,Arhar/Tur,3242,1641,0.506169031
Madhya Pradesh,SAGAR,2006,Kharif,Bajra,19,17,0.894736842
Madhya Pradesh,SAGAR,2006,Kharif,Castor seed,1,,
Madhya Pradesh,SAGAR,2006,Kharif,Dry ginger,382,398,1.041884817
Madhya Pradesh,SAGAR,2006,Kharif,Groundnut,1399,1011,0.722659042
Madhya Pradesh,SAGAR,2006,Kharif,Jowar,3699,4106,1.110029738
Madhya Pradesh,SAGAR,2006,Kharif,Jute,74,139,1.878378378
Madhya Pradesh,SAGAR,2006,Kharif,Maize,3814,3299,0.864971159
Madhya Pradesh,SAGAR,2006,Kharif,Moong(Green Gram),1021,342,0.33496572
Madhya Pradesh,SAGAR,2006,Kharif,Niger seed,332,60,0.180722892
Madhya Pradesh,SAGAR,2006,Kharif,Other Kharif pulses,10,3,0.3
Madhya Pradesh,SAGAR,2006,Kharif,Rice,8369,4303,0.514159398
Madhya Pradesh,SAGAR,2006,Kharif,Small millets,1247,440,0.352846832
Madhya Pradesh,SAGAR,2006,Kharif,Soyabean,202913,169615,0.835900115
Madhya Pradesh,SAGAR,2006,Kharif,Urad,18143,6243,0.344099653
Madhya Pradesh,SAGAR,2006,Rabi,Gram,198651,166072,0.835998812
Madhya Pradesh,SAGAR,2006,Rabi,Horse-gram,1,,
Madhya Pradesh,SAGAR,2006,Rabi,Khesari,1647,920,0.558591378
Madhya Pradesh,SAGAR,2006,Rabi,Linseed,5281,2717,0.514485893
Madhya Pradesh,SAGAR,2006,Rabi,Masoor,73953,32432,0.438548808
Madhya Pradesh,SAGAR,2006,Rabi,Moong(Green Gram),13,4,0.307692308
Madhya Pradesh,SAGAR,2006,Rabi,Other  Rabi pulses,17,6,0.352941176
Madhya Pradesh,SAGAR,2006,Rabi,Peas & beans (Pulses),8110,3885,0.479038224
Madhya Pradesh,SAGAR,2006,Rabi,Rapeseed &Mustard,982,646,0.657841141
Madhya Pradesh,SAGAR,2006,Rabi,Safflower,3,1,0.333333333
Madhya Pradesh,SAGAR,2006,Rabi,Small millets,471,,
Madhya Pradesh,SAGAR,2006,Rabi,Urad,5,1,0.2
Madhya Pradesh,SAGAR,2006,Rabi,Wheat,163695,172583,1.054296099
Madhya Pradesh,SAGAR,2006,Whole Year,Banana,4,,
Madhya Pradesh,SAGAR,2006,Whole Year,Coriander,541,183,0.338262477
Madhya Pradesh,SAGAR,2006,Whole Year,Dry chillies,504,305,0.60515873
Madhya Pradesh,SAGAR,2006,Whole Year,Garlic,297,1172,3.946127946
Madhya Pradesh,SAGAR,2006,Whole Year,Onion,2578,37403,14.50853375
Madhya Pradesh,SAGAR,2006,Whole Year,Potato,2034,19703,9.686823992
Madhya Pradesh,SAGAR,2006,Whole Year,Sesamum,1636,306,0.187041565
Madhya Pradesh,SAGAR,2006,Whole Year,Sugarcane,418,10000,23.92344498
Madhya Pradesh,SAGAR,2006,Whole Year,Sweet potato,131,691,5.27480916
Madhya Pradesh,SAGAR,2006,Whole Year,Turmeric,26,20,0.769230769
Madhya Pradesh,SAGAR,2007,Kharif,Arhar/Tur,2914,1421,0.487645848
Madhya Pradesh,SAGAR,2007,Kharif,Bajra,30,24,0.8
Madhya Pradesh,SAGAR,2007,Kharif,Castor seed,53,10,0.188679245
Madhya Pradesh,SAGAR,2007,Kharif,Groundnut,1110,850,0.765765766
Madhya Pradesh,SAGAR,2007,Kharif,Jowar,3096,3475,1.122416021
Madhya Pradesh,SAGAR,2007,Kharif,Maize,3456,3784,1.094907407
Madhya Pradesh,SAGAR,2007,Kharif,Niger seed,540,107,0.198148148
Madhya Pradesh,SAGAR,2007,Kharif,Ragi,16,4,0.25
Madhya Pradesh,SAGAR,2007,Kharif,Rice,6639,3570,0.537731586
Madhya Pradesh,SAGAR,2007,Kharif,Sannhamp,35,13,0.371428571
Madhya Pradesh,SAGAR,2007,Kharif,Soyabean,321753,185330,0.576000845
Madhya Pradesh,SAGAR,2007,Kharif,Urad,28976,9792,0.337934843
Madhya Pradesh,SAGAR,2007,Rabi,Barley,766,1026,1.339425587
Madhya Pradesh,SAGAR,2007,Rabi,Gram,190757,116553,0.61100248
Madhya Pradesh,SAGAR,2007,Rabi,Khesari,2262,1005,0.444297082
Madhya Pradesh,SAGAR,2007,Rabi,Linseed,2824,1320,0.467422096
Madhya Pradesh,SAGAR,2007,Rabi,Masoor,62441,25917,0.41506382
Madhya Pradesh,SAGAR,2007,Rabi,Peas & beans (Pulses),8004,3629,0.453398301
Madhya Pradesh,SAGAR,2007,Rabi,Rapeseed &Mustard,687,440,0.640465793
Madhya Pradesh,SAGAR,2007,Rabi,Wheat,139562,131823,0.944547943
Madhya Pradesh,SAGAR,2007,Whole Year,Banana,1,33,33
Madhya Pradesh,SAGAR,2007,Whole Year,Coriander,482,163,0.338174274
Madhya Pradesh,SAGAR,2007,Whole Year,Garlic,309,1218,3.941747573
Madhya Pradesh,SAGAR,2007,Whole Year,Onion,2179,27349,12.55117026
Madhya Pradesh,SAGAR,2007,Whole Year,Potato,1850,16206,8.76
Madhya Pradesh,SAGAR,2007,Whole Year,Sesamum,1303,308,0.23637759
Madhya Pradesh,SAGAR,2007,Whole Year,Small millets,63,9,0.142857143
Madhya Pradesh,SAGAR,2007,Whole Year,Sugarcane,337,8060,23.91691395
Madhya Pradesh,SAGAR,2007,Whole Year,Sweet potato,123,615,5
Madhya Pradesh,SAGAR,2007,Whole Year,Turmeric,16,12,0.75
Madhya Pradesh,SAGAR,2008,Kharif,Arhar/Tur,3366,1965,0.583778966
Madhya Pradesh,SAGAR,2008,Kharif,Bajra,34,31,0.911764706
Madhya Pradesh,SAGAR,2008,Kharif,Groundnut,1329,1066,0.802106847
Madhya Pradesh,SAGAR,2008,Kharif,Jowar,2702,3199,1.183937824
Madhya Pradesh,SAGAR,2008,Kharif,Maize,3355,3760,1.12071535
Madhya Pradesh,SAGAR,2008,Kharif,Niger seed,210,36,0.171428571
Madhya Pradesh,SAGAR,2008,Kharif,Ragi,1,,
Madhya Pradesh,SAGAR,2008,Kharif,Rice,6407,3371,0.526143281
Madhya Pradesh,SAGAR,2008,Kharif,Sannhamp,41,16,0.390243902
Madhya Pradesh,SAGAR,2008,Kharif,Soyabean,303056,270629,0.892999974
Madhya Pradesh,SAGAR,2008,Kharif,Urad,24729,8357,0.337943305
Madhya Pradesh,SAGAR,2008,Rabi,Barley,717,1037,1.446304045
Madhya Pradesh,SAGAR,2008,Rabi,Gram,194890,168775,0.866001334
Madhya Pradesh,SAGAR,2008,Rabi,Khesari,2520,1480,0.587301587
Madhya Pradesh,SAGAR,2008,Rabi,Linseed,2914,1651,0.566575154
Madhya Pradesh,SAGAR,2008,Rabi,Masoor,59807,28102,0.469878108
Madhya Pradesh,SAGAR,2008,Rabi,Peas & beans (Pulses),10826,5556,0.513208941
Madhya Pradesh,SAGAR,2008,Rabi,Rapeseed &Mustard,612,535,0.874183007
Madhya Pradesh,SAGAR,2008,Rabi,Wheat,150051,188219,1.254366849
Madhya Pradesh,SAGAR,2008,Whole Year,Banana,1,26,26
Madhya Pradesh,SAGAR,2008,Whole Year,Coriander,604,223,0.369205298
Madhya Pradesh,SAGAR,2008,Whole Year,Garlic,357,1280,3.585434174
Madhya Pradesh,SAGAR,2008,Whole Year,Onion,2629,29836,11.34880183
Madhya Pradesh,SAGAR,2008,Whole Year,Potato,1892,16760,8.858350951
Madhya Pradesh,SAGAR,2008,Whole Year,Sesamum,1187,268,0.225779275
Madhya Pradesh,SAGAR,2008,Whole Year,Small millets,1069,295,0.27595884
Madhya Pradesh,SAGAR,2008,Whole Year,Sugarcane,297,7100,23.90572391
Madhya Pradesh,SAGAR,2008,Whole Year,Sweet potato,138,615,4.456521739
Madhya Pradesh,SAGAR,2008,Whole Year,Turmeric,18,11,0.611111111
Madhya Pradesh,SAGAR,2009,Kharif,Cowpea(Lobia),2,1,0.5
Madhya Pradesh,SAGAR,2009,Kharif,Jowar,2533,4318,1.704697987
Madhya Pradesh,SAGAR,2009,Kharif,Moong(Green Gram),1136,460,0.404929577
Madhya Pradesh,SAGAR,2009,Kharif,Small millets,602,201,0.333887043
Madhya Pradesh,SAGAR,2009,Kharif,Urad,27327,11754,0.430124053
Madhya Pradesh,SAGAR,2009,Rabi,Cowpea(Lobia),41,17,0.414634146
Madhya Pradesh,SAGAR,2009,Rabi,Moong(Green Gram),1,,
Madhya Pradesh,SAGAR,2009,Rabi,Small millets,254,79,0.311023622
Madhya Pradesh,SAGAR,2009,Whole Year,Arhar/Tur,3586,2566,0.715560513
Madhya Pradesh,SAGAR,2009,Whole Year,Bajra,36,44,1.222222222
Madhya Pradesh,SAGAR,2009,Whole Year,Barley,852,1365,1.602112676
Madhya Pradesh,SAGAR,2009,Whole Year,Castor seed,1,,
Madhya Pradesh,SAGAR,2009,Whole Year,Coriander,568,171,0.301056338
Madhya Pradesh,SAGAR,2009,Whole Year,Dry chillies,388,496,1.278350515
Madhya Pradesh,SAGAR,2009,Whole Year,Dry ginger,320,444,1.3875
Madhya Pradesh,SAGAR,2009,Whole Year,Garlic,381,1638,4.299212598
Madhya Pradesh,SAGAR,2009,Whole Year,Gram,186252,169117,0.908000988
Madhya Pradesh,SAGAR,2009,Whole Year,Groundnut,1087,885,0.814167433
Madhya Pradesh,SAGAR,2009,Whole Year,Khesari,2556,1424,0.557120501
Madhya Pradesh,SAGAR,2009,Whole Year,Linseed,2592,1560,0.601851852
Madhya Pradesh,SAGAR,2009,Whole Year,Maize,3412,4322,1.266705744
Madhya Pradesh,SAGAR,2009,Whole Year,Masoor,54512,25614,0.469878192
Madhya Pradesh,SAGAR,2009,Whole Year,Niger seed,169,43,0.25443787
Madhya Pradesh,SAGAR,2009,Whole Year,Onion,2823,37266,13.20085016
Madhya Pradesh,SAGAR,2009,Whole Year,Peas & beans (Pulses),12194,6258,0.513203215
Madhya Pradesh,SAGAR,2009,Whole Year,Potato,1878,16446,8.757188498
Madhya Pradesh,SAGAR,2009,Whole Year,Rapeseed &Mustard,620,508,0.819354839
Madhya Pradesh,SAGAR,2009,Whole Year,Rice,6044,3737,0.61829914
Madhya Pradesh,SAGAR,2009,Whole Year,Sannhamp,38,19,0.5
Madhya Pradesh,SAGAR,2009,Whole Year,Sesamum,1313,368,0.280274181
Madhya Pradesh,SAGAR,2009,Whole Year,Soyabean,308548,282013,0.914000415
Madhya Pradesh,SAGAR,2009,Whole Year,Sugarcane,276,6600,23.91304348
Madhya Pradesh,SAGAR,2009,Whole Year,Sweet potato,90,450,5
Madhya Pradesh,SAGAR,2009,Whole Year,Turmeric,11,7,0.636363636
Madhya Pradesh,SAGAR,2009,Whole Year,Wheat,172960,244514,1.41370259
Madhya Pradesh,SAGAR,2010,Kharif,Arhar/Tur,10028,2558,0.25508576
Madhya Pradesh,SAGAR,2010,Kharif,Bajra,20,21,1.05
Madhya Pradesh,SAGAR,2010,Kharif,Castor seed,73,23,0.315068493
Madhya Pradesh,SAGAR,2010,Kharif,Groundnut,948,1548,1.632911392
Madhya Pradesh,SAGAR,2010,Kharif,Jowar,2099,3360,1.600762268
Madhya Pradesh,SAGAR,2010,Kharif,Maize,3369,4217,1.251706738
Madhya Pradesh,SAGAR,2010,Kharif,Moong(Green Gram),1077,374,0.34726091
Madhya Pradesh,SAGAR,2010,Kharif,Niger seed,116,25,0.215517241
Madhya Pradesh,SAGAR,2010,Kharif,Other Kharif pulses,17,4,0.235294118
Madhya Pradesh,SAGAR,2010,Kharif,Ragi,1,,
Madhya Pradesh,SAGAR,2010,Kharif,Rice,6004,4468,0.744170553
Madhya Pradesh,SAGAR,2010,Kharif,Small millets,832,281,0.337740385
Madhya Pradesh,SAGAR,2010,Kharif,Soyabean,303594,271347,0.893782486
Madhya Pradesh,SAGAR,2010,Kharif,Urad,26532,9782,0.368686869
Madhya Pradesh,SAGAR,2010,Rabi,Barley,882,1370,1.553287982
Madhya Pradesh,SAGAR,2010,Rabi,Cowpea(Lobia),3,1,0.333333333
Madhya Pradesh,SAGAR,2010,Rabi,Gram,187490,96182,0.512998027
Madhya Pradesh,SAGAR,2010,Rabi,Khesari,2744,1490,0.543002915
Madhya Pradesh,SAGAR,2010,Rabi,Linseed,2193,1274,0.580939352
Madhya Pradesh,SAGAR,2010,Rabi,Masoor,59971,16582,0.276500308
Madhya Pradesh,SAGAR,2010,Rabi,Moong(Green Gram),35,6,0.171428571
Madhya Pradesh,SAGAR,2010,Rabi,Peas & beans (Pulses),13750,4221,0.306981818
Madhya Pradesh,SAGAR,2010,Rabi,Rapeseed &Mustard,833,492,0.590636255
Madhya Pradesh,SAGAR,2010,Rabi,Urad,12,2,0.166666667
Madhya Pradesh,SAGAR,2010,Rabi,Wheat,172481,186539,1.081504629
Madhya Pradesh,SAGAR,2010,Whole Year,Coriander,222,89,0.400900901
Madhya Pradesh,SAGAR,2010,Whole Year,Dry chillies,424,976,2.301886792
Madhya Pradesh,SAGAR,2010,Whole Year,Dry ginger,318,303,0.952830189
Madhya Pradesh,SAGAR,2010,Whole Year,Garlic,626,1430,2.284345048
Madhya Pradesh,SAGAR,2010,Whole Year,Onion,3371,32441,9.623553842
Madhya Pradesh,SAGAR,2010,Whole Year,Potato,2611,12649,4.844504021
Madhya Pradesh,SAGAR,2010,Whole Year,Sannhamp,21,50,2.380952381
Madhya Pradesh,SAGAR,2010,Whole Year,Sesamum,1374,423,0.307860262
Madhya Pradesh,SAGAR,2010,Whole Year,Sugarcane,332,8660,26.08433735
Madhya Pradesh,SAGAR,2010,Whole Year,Sweet potato,155,444,2.864516129
Madhya Pradesh,SAGAR,2010,Whole Year,Turmeric,20,9,0.45
Madhya Pradesh,SAGAR,2011,Kharif,Arhar/Tur,25573,11281,0.441129316
Madhya Pradesh,SAGAR,2011,Kharif,Bajra,63,66,1.047619048
Madhya Pradesh,SAGAR,2011,Kharif,Barley,1262,2252,1.784469097
Madhya Pradesh,SAGAR,2011,Kharif,Castor seed,90,21,0.233333333
Madhya Pradesh,SAGAR,2011,Kharif,Groundnut,1125,1280,1.137777778
Madhya Pradesh,SAGAR,2011,Kharif,Jowar,2029,2732,1.346476097
Madhya Pradesh,SAGAR,2011,Kharif,Maize,3578,4655,1.301006149
Madhya Pradesh,SAGAR,2011,Kharif,Moong(Green Gram),7502,1722,0.22953879
Madhya Pradesh,SAGAR,2011,Kharif,Niger seed,212,27,0.127358491
Madhya Pradesh,SAGAR,2011,Kharif,Other Kharif pulses,62,17,0.274193548
Madhya Pradesh,SAGAR,2011,Kharif,Ragi,1,,
Madhya Pradesh,SAGAR,2011,Kharif,Rice,6550,5233,0.798931298
Madhya Pradesh,SAGAR,2011,Kharif,Sannhamp,29,44,1.517241379
Madhya Pradesh,SAGAR,2011,Kharif,Small millets,792,515,0.650252525
Madhya Pradesh,SAGAR,2011,Kharif,Soyabean,318038,316766,0.996000478
Madhya Pradesh,SAGAR,2011,Kharif,Urad,31166,8111,0.260251556
Madhya Pradesh,SAGAR,2011,Rabi,Gram,160284,166844,1.040927354
Madhya Pradesh,SAGAR,2011,Rabi,Khesari,5172,2806,0.542536736
Madhya Pradesh,SAGAR,2011,Rabi,Linseed,1695,1164,0.686725664
Madhya Pradesh,SAGAR,2011,Rabi,Masoor,44157,12928,0.292773513
Madhya Pradesh,SAGAR,2011,Rabi,Moong(Green Gram),17,5,0.294117647
Madhya Pradesh,SAGAR,2011,Rabi,Other  Rabi pulses,1624,,
Madhya Pradesh,SAGAR,2011,Rabi,Peas & beans (Pulses),13600,4817,0.354191176
Madhya Pradesh,SAGAR,2011,Rabi,Rapeseed &Mustard,513,417,0.812865497
Madhya Pradesh,SAGAR,2011,Rabi,Urad,10,2,0.2
Madhya Pradesh,SAGAR,2011,Rabi,Wheat,195622,351131,1.794946376
Madhya Pradesh,SAGAR,2011,Whole Year,Banana,4,85,21.25
Madhya Pradesh,SAGAR,2011,Whole Year,Coriander,558,206,0.369175627
Madhya Pradesh,SAGAR,2011,Whole Year,Dry chillies,423,485,1.146572104
Madhya Pradesh,SAGAR,2011,Whole Year,Dry ginger,348,370,1.063218391
Madhya Pradesh,SAGAR,2011,Whole Year,Garlic,766,2916,3.806788512
Madhya Pradesh,SAGAR,2011,Whole Year,Onion,3563,65132,18.28010104
Madhya Pradesh,SAGAR,2011,Whole Year,Potato,3038,23032,7.581303489
Madhya Pradesh,SAGAR,2011,Whole Year,Sesamum,1496,452,0.302139037
Madhya Pradesh,SAGAR,2011,Whole Year,Sugarcane,306,5400,17.64705882
Madhya Pradesh,SAGAR,2011,Whole Year,Sweet potato,412,1967,4.774271845
Madhya Pradesh,SAGAR,2011,Whole Year,Tobacco,74,20,0.27027027
Madhya Pradesh,SAGAR,2011,Whole Year,Turmeric,10,5,0.5
Madhya Pradesh,SAGAR,2012,Kharif,Arhar/Tur,5834,3404,0.583476174
Madhya Pradesh,SAGAR,2012,Kharif,Bajra,22,67,3.045454545
Madhya Pradesh,SAGAR,2012,Kharif,Barley,1244,1685,1.354501608
Madhya Pradesh,SAGAR,2012,Kharif,Castor seed,25,7,0.28
Madhya Pradesh,SAGAR,2012,Kharif,Groundnut,1058,1167,1.103024575
Madhya Pradesh,SAGAR,2012,Kharif,Jowar,2676,4044,1.511210762
Madhya Pradesh,SAGAR,2012,Kharif,Maize,2971,6109,2.05621003
Madhya Pradesh,SAGAR,2012,Kharif,Moong(Green Gram),1504,616,0.409574468
Madhya Pradesh,SAGAR,2012,Kharif,Niger seed,130,55,0.423076923
Madhya Pradesh,SAGAR,2012,Kharif,Other Kharif pulses,44,14,0.318181818
Madhya Pradesh,SAGAR,2012,Kharif,Ragi,1,,
Madhya Pradesh,SAGAR,2012,Kharif,Rice,5258,3329,0.633130468
Madhya Pradesh,SAGAR,2012,Kharif,Sannhamp,30,72,2.4
Madhya Pradesh,SAGAR,2012,Kharif,Small millets,526,375,0.712927757
Madhya Pradesh,SAGAR,2012,Kharif,Soyabean,335215,438461,1.307999344
Madhya Pradesh,SAGAR,2012,Kharif,Urad,27210,12392,0.455420801
Madhya Pradesh,SAGAR,2012,Rabi,Gram,170013,218125,1.282990124
Madhya Pradesh,SAGAR,2012,Rabi,Horse-gram,2,1,0.5
Madhya Pradesh,SAGAR,2012,Rabi,Khesari,5447,4149,0.76170369
Madhya Pradesh,SAGAR,2012,Rabi,Linseed,1207,700,0.57995029
Madhya Pradesh,SAGAR,2012,Rabi,Masoor,40160,27048,0.673505976
Madhya Pradesh,SAGAR,2012,Rabi,Other  Rabi pulses,291,6,0.020618557
Madhya Pradesh,SAGAR,2012,Rabi,Peas & beans (Pulses),14252,10584,0.742632613
Madhya Pradesh,SAGAR,2012,Rabi,Rapeseed &Mustard,491,406,0.82688391
Madhya Pradesh,SAGAR,2012,Rabi,Wheat,213446,449696,2.106837327
Madhya Pradesh,SAGAR,2012,Whole Year,Banana,2,44,22
Madhya Pradesh,SAGAR,2012,Whole Year,Coriander,544,289,0.53125
Madhya Pradesh,SAGAR,2012,Whole Year,Dry chillies,460,586,1.273913043
Madhya Pradesh,SAGAR,2012,Whole Year,Dry ginger,301,452,1.50166113
Madhya Pradesh,SAGAR,2012,Whole Year,Garlic,671,2833,4.222056632
Madhya Pradesh,SAGAR,2012,Whole Year,Onion,4119,56068,13.61204176
Madhya Pradesh,SAGAR,2012,Whole Year,Potato,2782,19327,6.947160316
Madhya Pradesh,SAGAR,2012,Whole Year,Sesamum,931,249,0.26745435
Madhya Pradesh,SAGAR,2012,Whole Year,Sugarcane,496,15640,31.53225806
Madhya Pradesh,SAGAR,2012,Whole Year,Sweet potato,118,409,3.466101695
Madhya Pradesh,SAGAR,2012,Whole Year,Turmeric,21,18,0.857142857
Madhya Pradesh,SAGAR,2013,Kharif,Arhar/Tur,5991,2645,0.441495577
Madhya Pradesh,SAGAR,2013,Kharif,Bajra,14,6,0.428571429
Madhya Pradesh,SAGAR,2013,Kharif,Barley,707,993,1.404526167
Madhya Pradesh,SAGAR,2013,Kharif,Castor seed,51,9,0.176470588
Madhya Pradesh,SAGAR,2013,Kharif,Groundnut,1482,868,0.585695007
Madhya Pradesh,SAGAR,2013,Kharif,Jowar,784,457,0.582908163
Madhya Pradesh,SAGAR,2013,Kharif,Maize,2782,1633,0.586987779
Madhya Pradesh,SAGAR,2013,Kharif,Moong(Green Gram),1179,325,0.275657337
Madhya Pradesh,SAGAR,2013,Kharif,Niger seed,1104,242,0.219202899
Madhya Pradesh,SAGAR,2013,Kharif,Other Kharif pulses,13,6,0.461538462
Madhya Pradesh,SAGAR,2013,Kharif,Ragi,1,,
Madhya Pradesh,SAGAR,2013,Kharif,Rice,4776,2092,0.438023451
Madhya Pradesh,SAGAR,2013,Kharif,Sannhamp,19,67,3.526315789
Madhya Pradesh,SAGAR,2013,Kharif,Small millets,404,96,0.237623762
Madhya Pradesh,SAGAR,2013,Kharif,Soyabean,351743,149843,0.42600137
Madhya Pradesh,SAGAR,2013,Kharif,Urad,25474,8053,0.316126246
Madhya Pradesh,SAGAR,2013,Rabi,Gram,181030,104153,0.57533558
Madhya Pradesh,SAGAR,2013,Rabi,Khesari,4047,2211,0.546330615
Madhya Pradesh,SAGAR,2013,Rabi,Linseed,823,251,0.304981774
Madhya Pradesh,SAGAR,2013,Rabi,Masoor,28377,15467,0.545054093
Madhya Pradesh,SAGAR,2013,Rabi,Moong(Green Gram),351,104,0.296296296
Madhya Pradesh,SAGAR,2013,Rabi,Other  Rabi pulses,102,32,0.31372549
Madhya Pradesh,SAGAR,2013,Rabi,Peas & beans (Pulses),15442,8901,0.576414972
Madhya Pradesh,SAGAR,2013,Rabi,Rapeseed &Mustard,426,169,0.396713615
Madhya Pradesh,SAGAR,2013,Rabi,Urad,2218,264,0.11902615
Madhya Pradesh,SAGAR,2013,Rabi,Wheat,228788,425347,1.859131598
Madhya Pradesh,SAGAR,2013,Whole Year,Banana,2,115,57.5
Madhya Pradesh,SAGAR,2013,Whole Year,Coriander,482,228,0.473029046
Madhya Pradesh,SAGAR,2013,Whole Year,Dry chillies,399,388,0.972431078
Madhya Pradesh,SAGAR,2013,Whole Year,Dry ginger,258,430,1.666666667
Madhya Pradesh,SAGAR,2013,Whole Year,Garlic,849,5423,6.387514723
Madhya Pradesh,SAGAR,2013,Whole Year,Onion,4214,75235,17.85358329
Madhya Pradesh,SAGAR,2013,Whole Year,Potato,2543,24882,9.784506488
Madhya Pradesh,SAGAR,2013,Whole Year,Sesamum,1086,216,0.198895028
Madhya Pradesh,SAGAR,2013,Whole Year,Sugarcane,203,6400,31.5270936
Madhya Pradesh,SAGAR,2013,Whole Year,Sweet potato,80,429,5.3625
Madhya Pradesh,SAGAR,2013,Whole Year,Turmeric,38,44,1.157894737
Madhya Pradesh,SATNA,1997,Kharif,Arhar/Tur,12900,7000,0.542635659
Madhya Pradesh,SATNA,1997,Kharif,Jowar,6900,4800,0.695652174
Madhya Pradesh,SATNA,1997,Kharif,Maize,1000,900,0.9
Madhya Pradesh,SATNA,1997,Kharif,Paddy,90800,45900,0.505506608
Madhya Pradesh,SATNA,1997,Kharif,Sesamum,1800,300,0.166666667
Madhya Pradesh,SATNA,1997,Kharif,Small millets,9000,2700,0.3
Madhya Pradesh,SATNA,1997,Kharif,Soyabean,53100,35000,0.65913371
Madhya Pradesh,SATNA,1997,Rabi,Barley,7400,7300,0.986486486
Madhya Pradesh,SATNA,1997,Rabi,Linseed,15500,3000,0.193548387
Madhya Pradesh,SATNA,1997,Rabi,Rapeseed &Mustard,2100,500,0.238095238
Madhya Pradesh,SATNA,1997,Rabi,Wheat,189700,256100,1.350026357
Madhya Pradesh,SATNA,1998,Kharif,Arhar/Tur,13200,8000,0.606060606
Madhya Pradesh,SATNA,1998,Kharif,Bajra,100,100,1
Madhya Pradesh,SATNA,1998,Kharif,Jowar,5300,5100,0.962264151
Madhya Pradesh,SATNA,1998,Kharif,Maize,1000,1100,1.1
Madhya Pradesh,SATNA,1998,Kharif,Rice,92100,29800,0.323561346
Madhya Pradesh,SATNA,1998,Kharif,Sesamum,1900,300,0.157894737
Madhya Pradesh,SATNA,1998,Kharif,Small millets,9500,3500,0.368421053
Madhya Pradesh,SATNA,1998,Kharif,Soyabean,50300,23900,0.475149105
Madhya Pradesh,SATNA,1998,Rabi,Barley,7000,6400,0.914285714
Madhya Pradesh,SATNA,1998,Rabi,Gram,65800,44500,0.676291793
Madhya Pradesh,SATNA,1998,Rabi,Linseed,13100,3100,0.236641221
Madhya Pradesh,SATNA,1998,Rabi,Rapeseed &Mustard,1800,600,0.333333333
Madhya Pradesh,SATNA,1998,Rabi,Wheat,186800,265700,1.422376874
Madhya Pradesh,SATNA,1998,Whole Year,Sugarcane,187,2580,13.79679144
Madhya Pradesh,SATNA,1999,Kharif,Arhar/Tur,13119,8125,0.619330742
Madhya Pradesh,SATNA,1999,Kharif,Bajra,50,26,0.52
Madhya Pradesh,SATNA,1999,Kharif,Castor seed,10,3,0.3
Madhya Pradesh,SATNA,1999,Kharif,Cotton(lint),8,3,0.375
Madhya Pradesh,SATNA,1999,Kharif,Dry ginger,117,96,0.820512821
Madhya Pradesh,SATNA,1999,Kharif,Groundnut,2,2,1
Madhya Pradesh,SATNA,1999,Kharif,Jowar,5197,4398,0.846257456
Madhya Pradesh,SATNA,1999,Kharif,Maize,1003,1285,1.28115653
Madhya Pradesh,SATNA,1999,Kharif,Niger seed,1,0,0
Madhya Pradesh,SATNA,1999,Kharif,Other Kharif pulses,14311,5422,0.378869401
Madhya Pradesh,SATNA,1999,Kharif,Ragi,3,1,0.333333333
Madhya Pradesh,SATNA,1999,Kharif,Rice,101564,60543,0.596106888
Madhya Pradesh,SATNA,1999,Kharif,Sesamum,1968,297,0.150914634
Madhya Pradesh,SATNA,1999,Kharif,Soyabean,34721,21446,0.617666542
Madhya Pradesh,SATNA,1999,Kharif,Urad,12280,4805,0.391286645
Madhya Pradesh,SATNA,1999,Rabi,Barley,6781,5642,0.832030674
Madhya Pradesh,SATNA,1999,Rabi,Gram,69031,43578,0.631281598
Madhya Pradesh,SATNA,1999,Rabi,Linseed,11844,2878,0.242992232
Madhya Pradesh,SATNA,1999,Rabi,Other  Rabi pulses,24658,11733,0.475829345
Madhya Pradesh,SATNA,1999,Rabi,Rapeseed &Mustard,1819,493,0.271028037
Madhya Pradesh,SATNA,1999,Rabi,Wheat,186432,208997,1.121036088
Madhya Pradesh,SATNA,1999,Whole Year,Coriander,357,142,0.397759104
Madhya Pradesh,SATNA,1999,Whole Year,Dry chillies,288,79,0.274305556
Madhya Pradesh,SATNA,1999,Whole Year,Garlic,66,158,2.393939394
Madhya Pradesh,SATNA,1999,Whole Year,Onion,1348,8747,6.488872404
Madhya Pradesh,SATNA,1999,Whole Year,Potato,1462,12326,8.430916553
Madhya Pradesh,SATNA,1999,Whole Year,Sannhamp,69,144,2.086956522
Madhya Pradesh,SATNA,1999,Whole Year,Sugarcane,98,2840,28.97959184
Madhya Pradesh,SATNA,1999,Whole Year,Sweet potato,6,39,6.5
Madhya Pradesh,SATNA,1999,Whole Year,Turmeric,11,12,1.090909091
Madhya Pradesh,SATNA,2000,Kharif,Arhar/Tur,13976,6251,0.447266743
Madhya Pradesh,SATNA,2000,Kharif,Bajra,52,31,0.596153846
Madhya Pradesh,SATNA,2000,Kharif,Cotton(lint),8,4,0.5
Madhya Pradesh,SATNA,2000,Kharif,Dry ginger,134,92,0.686567164
Madhya Pradesh,SATNA,2000,Kharif,Groundnut,8,9,1.125
Madhya Pradesh,SATNA,2000,Kharif,Jowar,4856,3392,0.698517298
Madhya Pradesh,SATNA,2000,Kharif,Maize,962,1421,1.477130977
Madhya Pradesh,SATNA,2000,Kharif,Other Kharif pulses,16256,4278,0.26316437
Madhya Pradesh,SATNA,2000,Kharif,Rice,101143,29129,0.287998181
Madhya Pradesh,SATNA,2000,Kharif,Sesamum,2241,326,0.145470772
Madhya Pradesh,SATNA,2000,Kharif,Small millets,8688,1567,0.18036372
Madhya Pradesh,SATNA,2000,Kharif,Soyabean,28446,11828,0.415805386
Madhya Pradesh,SATNA,2000,Rabi,Barley,6429,4473,0.695753616
Madhya Pradesh,SATNA,2000,Rabi,Gram,76265,35073,0.459883302
Madhya Pradesh,SATNA,2000,Rabi,Linseed,8562,1586,0.185237094
Madhya Pradesh,SATNA,2000,Rabi,Other  Rabi pulses,29519,10189,0.345167519
Madhya Pradesh,SATNA,2000,Rabi,Rapeseed &Mustard,1641,314,0.19134674
Madhya Pradesh,SATNA,2000,Rabi,Wheat,161075,132038,0.819729939
Madhya Pradesh,SATNA,2000,Whole Year,Coriander,335,105,0.313432836
Madhya Pradesh,SATNA,2000,Whole Year,Dry chillies,294,45,0.153061224
Madhya Pradesh,SATNA,2000,Whole Year,Garlic,59,117,1.983050847
Madhya Pradesh,SATNA,2000,Whole Year,Onion,1180,8307,7.039830508
Madhya Pradesh,SATNA,2000,Whole Year,Sannhamp,57,106,1.859649123
Madhya Pradesh,SATNA,2000,Whole Year,Sugarcane,221,2550,11.53846154
Madhya Pradesh,SATNA,2000,Whole Year,Turmeric,13,11,0.846153846
Madhya Pradesh,SATNA,2001,Kharif,Arhar/Tur,12361,8048,0.65108001
Madhya Pradesh,SATNA,2001,Kharif,Bajra,62,37,0.596774194
Madhya Pradesh,SATNA,2001,Kharif,Cotton(lint),8,4,0.5
Madhya Pradesh,SATNA,2001,Kharif,Dry ginger,174,151,0.867816092
Madhya Pradesh,SATNA,2001,Kharif,Groundnut,14,17,1.214285714
Madhya Pradesh,SATNA,2001,Kharif,Jowar,3869,3392,0.876712329
Madhya Pradesh,SATNA,2001,Kharif,Maize,983,1671,1.699898271
Madhya Pradesh,SATNA,2001,Kharif,Niger seed,1,0.01,0.01
Madhya Pradesh,SATNA,2001,Kharif,Other Kharif pulses,13876,5304,0.382242721
Madhya Pradesh,SATNA,2001,Kharif,Ragi,6,1,0.166666667
Madhya Pradesh,SATNA,2001,Kharif,Rice,112519,116120,1.032003484
Madhya Pradesh,SATNA,2001,Kharif,Sesamum,2005,347,0.173067332
Madhya Pradesh,SATNA,2001,Kharif,Small millets,7633,2419,0.316913402
Madhya Pradesh,SATNA,2001,Kharif,Soyabean,12737,8516,0.668603282
Madhya Pradesh,SATNA,2001,Rabi,Barley,7053,6201,0.87920034
Madhya Pradesh,SATNA,2001,Rabi,Gram,88772,52681,0.593441626
Madhya Pradesh,SATNA,2001,Rabi,Linseed,7593,2277,0.29988147
Madhya Pradesh,SATNA,2001,Rabi,Other  Rabi pulses,31571,13477,0.426879098
Madhya Pradesh,SATNA,2001,Rabi,Rapeseed &Mustard,2019,627,0.310549777
Madhya Pradesh,SATNA,2001,Rabi,Wheat,163378,169278,1.036112573
Madhya Pradesh,SATNA,2001,Whole Year,Banana,2,22,11
Madhya Pradesh,SATNA,2001,Whole Year,Coriander,375,129,0.344
Madhya Pradesh,SATNA,2001,Whole Year,Dry chillies,321,85,0.264797508
Madhya Pradesh,SATNA,2001,Whole Year,Garlic,76,148,1.947368421
Madhya Pradesh,SATNA,2001,Whole Year,Onion,1321,9124,6.906888721
Madhya Pradesh,SATNA,2001,Whole Year,Potato,1485,14849,9.999326599
Madhya Pradesh,SATNA,2001,Whole Year,Sannhamp,59,128,2.169491525
Madhya Pradesh,SATNA,2001,Whole Year,Sugarcane,120,3120,26
Madhya Pradesh,SATNA,2001,Whole Year,Sweet potato,11,60,5.454545455
Madhya Pradesh,SATNA,2001,Whole Year,Tobacco,15,6,0.4
Madhya Pradesh,SATNA,2001,Whole Year,Turmeric,17,19,1.117647059
Madhya Pradesh,SATNA,2002,Kharif,Arhar/Tur,12904,4615,0.357641042
Madhya Pradesh,SATNA,2002,Kharif,Bajra,119,38,0.319327731
Madhya Pradesh,SATNA,2002,Kharif,Dry ginger,153,102,0.666666667
Madhya Pradesh,SATNA,2002,Kharif,Groundnut,14,10,0.714285714
Madhya Pradesh,SATNA,2002,Kharif,Jowar,3472,1902,0.54781106
Madhya Pradesh,SATNA,2002,Kharif,Maize,812,891,1.09729064
Madhya Pradesh,SATNA,2002,Kharif,Niger seed,1,0.01,0.01
Madhya Pradesh,SATNA,2002,Kharif,Other Kharif pulses,15766,3731,0.236648484
Madhya Pradesh,SATNA,2002,Kharif,Rice,101971,67306,0.660050406
Madhya Pradesh,SATNA,2002,Kharif,Sesamum,2007,258,0.128550075
Madhya Pradesh,SATNA,2002,Kharif,Small millets,6902,1502,0.217618082
Madhya Pradesh,SATNA,2002,Kharif,Soyabean,5994,2225,0.371204538
Madhya Pradesh,SATNA,2002,Rabi,Barley,7160,5944,0.830167598
Madhya Pradesh,SATNA,2002,Rabi,Gram,95350,61785,0.647981122
Madhya Pradesh,SATNA,2002,Rabi,Linseed,6923,1642,0.237180413
Madhya Pradesh,SATNA,2002,Rabi,Other  Rabi pulses,32261,12495,0.387309755
Madhya Pradesh,SATNA,2002,Rabi,Rapeseed &Mustard,2473,765,0.309340882
Madhya Pradesh,SATNA,2002,Rabi,Wheat,160281,197513,1.232292037
Madhya Pradesh,SATNA,2002,Whole Year,Banana,2,50,25
Madhya Pradesh,SATNA,2002,Whole Year,Bhindi,255,0,0
Madhya Pradesh,SATNA,2002,Whole Year,Brinjal,360,0,0
Madhya Pradesh,SATNA,2002,Whole Year,Cabbage,28,0,0
Madhya Pradesh,SATNA,2002,Whole Year,Cauliflower,133,0,0
Madhya Pradesh,SATNA,2002,Whole Year,Citrus Fruit,13,0,0
Madhya Pradesh,SATNA,2002,Whole Year,Coriander,418,144,0.344497608
Madhya Pradesh,SATNA,2002,Whole Year,Dry chillies,345,111,0.32173913
Madhya Pradesh,SATNA,2002,Whole Year,Garlic,93,204,2.193548387
Madhya Pradesh,SATNA,2002,Whole Year,Mango,1278,0,0
Madhya Pradesh,SATNA,2002,Whole Year,Onion,1370,10363,7.564233577
Madhya Pradesh,SATNA,2002,Whole Year,Other Fresh Fruits,176,0,0
Madhya Pradesh,SATNA,2002,Whole Year,Other Vegetables,466,0,0
Madhya Pradesh,SATNA,2002,Whole Year,Papaya,24,295,12.29166667
Madhya Pradesh,SATNA,2002,Whole Year,Pome Fruit,52,0,0
Madhya Pradesh,SATNA,2002,Whole Year,Potato,1521,14258,9.374095989
Madhya Pradesh,SATNA,2002,Whole Year,Sannhamp,72,111,1.541666667
Madhya Pradesh,SATNA,2002,Whole Year,Sugarcane,111,2520,22.7027027
Madhya Pradesh,SATNA,2002,Whole Year,Sweet potato,21,112,5.333333333
Madhya Pradesh,SATNA,2002,Whole Year,Tobacco,13,4,0.307692308
Madhya Pradesh,SATNA,2002,Whole Year,Tomato,1189,0,0
Madhya Pradesh,SATNA,2003,Kharif,Arhar/Tur,12842,6299,0.490499922
Madhya Pradesh,SATNA,2003,Kharif,Bajra,62,38,0.612903226
Madhya Pradesh,SATNA,2003,Kharif,Dry ginger,190,146,0.768421053
Madhya Pradesh,SATNA,2003,Kharif,Groundnut,30,32,1.066666667
Madhya Pradesh,SATNA,2003,Kharif,Jowar,3512,3198,0.910592255
Madhya Pradesh,SATNA,2003,Kharif,Maize,968,1301,1.344008264
Madhya Pradesh,SATNA,2003,Kharif,Other Kharif pulses,22129,7320,0.330787654
Madhya Pradesh,SATNA,2003,Kharif,Rice,102443,97444,0.951202132
Madhya Pradesh,SATNA,2003,Kharif,Sesamum,2331,527,0.226083226
Madhya Pradesh,SATNA,2003,Kharif,Small millets,6368,2032,0.319095477
Madhya Pradesh,SATNA,2003,Kharif,Soyabean,9132,5724,0.626806833
Madhya Pradesh,SATNA,2003,Kharif,Urad,19555,6597,0.337356175
Madhya Pradesh,SATNA,2003,Rabi,Barley,7198,8055,1.11906085
Madhya Pradesh,SATNA,2003,Rabi,Gram,96920,67140,0.692736277
Madhya Pradesh,SATNA,2003,Rabi,Linseed,6799,2251,0.3310781
Madhya Pradesh,SATNA,2003,Rabi,Other  Rabi pulses,33427,17800,0.532503665
Madhya Pradesh,SATNA,2003,Rabi,Rapeseed &Mustard,2427,903,0.372064277
Madhya Pradesh,SATNA,2003,Rabi,Urad,1,,
Madhya Pradesh,SATNA,2003,Rabi,Wheat,160047,197686,1.235174667
Madhya Pradesh,SATNA,2003,Whole Year,Bhindi,257,0,0
Madhya Pradesh,SATNA,2003,Whole Year,Brinjal,379,0,0
Madhya Pradesh,SATNA,2003,Whole Year,Cabbage,25,0,0
Madhya Pradesh,SATNA,2003,Whole Year,Cauliflower,137,0,0
Madhya Pradesh,SATNA,2003,Whole Year,Citrus Fruit,10,0,0
Madhya Pradesh,SATNA,2003,Whole Year,Coriander,451,164,0.363636364
Madhya Pradesh,SATNA,2003,Whole Year,Dry chillies,385,125,0.324675325
Madhya Pradesh,SATNA,2003,Whole Year,Garlic,116,262,2.25862069
Madhya Pradesh,SATNA,2003,Whole Year,Mango,1093,0,0
Madhya Pradesh,SATNA,2003,Whole Year,Onion,1772,12764,7.203160271
Madhya Pradesh,SATNA,2003,Whole Year,Orange,2,0,0
Madhya Pradesh,SATNA,2003,Whole Year,Other Citrus Fruit,4,0,0
Madhya Pradesh,SATNA,2003,Whole Year,Other Fresh Fruits,181,0,0
Madhya Pradesh,SATNA,2003,Whole Year,Other Vegetables,466,0,0
Madhya Pradesh,SATNA,2003,Whole Year,Papaya,29,973,33.55172414
Madhya Pradesh,SATNA,2003,Whole Year,Pome Fruit,52,0,0
Madhya Pradesh,SATNA,2003,Whole Year,Potato,1745,17310,9.919770774
Madhya Pradesh,SATNA,2003,Whole Year,Sannhamp,74,133,1.797297297
Madhya Pradesh,SATNA,2003,Whole Year,Sugarcane,78,2070,26.53846154
Madhya Pradesh,SATNA,2003,Whole Year,Sweet potato,22,129,5.863636364
Madhya Pradesh,SATNA,2003,Whole Year,Tomato,1326,0,0
Madhya Pradesh,SATNA,2003,Whole Year,Turmeric,26,29,1.115384615
Madhya Pradesh,SATNA,2004,Kharif,Arhar/Tur,12698,6050,0.476452985
Madhya Pradesh,SATNA,2004,Kharif,Bajra,78,44,0.564102564
Madhya Pradesh,SATNA,2004,Kharif,Castor seed,6,2,0.333333333
Madhya Pradesh,SATNA,2004,Kharif,Dry ginger,169,119,0.704142012
Madhya Pradesh,SATNA,2004,Kharif,Groundnut,41,45,1.097560976
Madhya Pradesh,SATNA,2004,Kharif,Jowar,3684,2781,0.754885993
Madhya Pradesh,SATNA,2004,Kharif,Maize,880,840,0.954545455
Madhya Pradesh,SATNA,2004,Kharif,Niger seed,2,,
Madhya Pradesh,SATNA,2004,Kharif,Rice,102352,106309,1.0386607
Madhya Pradesh,SATNA,2004,Kharif,Sesamum,2903,666,0.229417844
Madhya Pradesh,SATNA,2004,Kharif,Small millets,5749,1525,0.265263524
Madhya Pradesh,SATNA,2004,Kharif,Soyabean,16335,9190,0.562595654
Madhya Pradesh,SATNA,2004,Kharif,Urad,18005,6317,0.350846987
Madhya Pradesh,SATNA,2004,Rabi,Barley,6881,6321,0.91861648
Madhya Pradesh,SATNA,2004,Rabi,Gram,97597,65901,0.675235919
Madhya Pradesh,SATNA,2004,Rabi,Linseed,6463,2202,0.340708649
Madhya Pradesh,SATNA,2004,Rabi,Masoor,34609,16730,0.483400272
Madhya Pradesh,SATNA,2004,Rabi,Rapeseed &Mustard,2628,977,0.371765601
Madhya Pradesh,SATNA,2004,Rabi,Urad,1,,
Madhya Pradesh,SATNA,2004,Rabi,Wheat,157557,173886,1.103638683
Madhya Pradesh,SATNA,2004,Whole Year,Coriander,432,178,0.412037037
Madhya Pradesh,SATNA,2004,Whole Year,Garlic,123,269,2.18699187
Madhya Pradesh,SATNA,2004,Whole Year,Onion,1932,15929,8.244824017
Madhya Pradesh,SATNA,2004,Whole Year,Potato,1792,19213,10.72154018
Madhya Pradesh,SATNA,2004,Whole Year,Sugarcane,123,3370,27.39837398
Madhya Pradesh,SATNA,2004,Whole Year,Sweet potato,19,111,5.842105263
Madhya Pradesh,SATNA,2004,Whole Year,Turmeric,27,30,1.111111111
Madhya Pradesh,SATNA,2005,Kharif,Arhar/Tur,12832,5710,0.444981297
Madhya Pradesh,SATNA,2005,Kharif,Bajra,63,36,0.571428571
Madhya Pradesh,SATNA,2005,Kharif,Castor seed,6,1,0.166666667
Madhya Pradesh,SATNA,2005,Kharif,Groundnut,33,37,1.121212121
Madhya Pradesh,SATNA,2005,Kharif,Horse-gram,3,1,0.333333333
Madhya Pradesh,SATNA,2005,Kharif,Jowar,3463,2973,0.858504187
Madhya Pradesh,SATNA,2005,Kharif,Maize,833,881,1.057623049
Madhya Pradesh,SATNA,2005,Kharif,Moong(Green Gram),2836,799,0.281734838
Madhya Pradesh,SATNA,2005,Kharif,Niger seed,4,1,0.25
Madhya Pradesh,SATNA,2005,Kharif,Rice,103744,123297,1.18847355
Madhya Pradesh,SATNA,2005,Kharif,Sesamum,2670,528,0.197752809
Madhya Pradesh,SATNA,2005,Kharif,Small millets,89,32,0.359550562
Madhya Pradesh,SATNA,2005,Kharif,Soyabean,19055,12093,0.634636578
Madhya Pradesh,SATNA,2005,Kharif,Urad,16534,5801,0.350852788
Madhya Pradesh,SATNA,2005,Rabi,Barley,7095,6950,0.979563073
Madhya Pradesh,SATNA,2005,Rabi,Gram,97550,61984,0.635407483
Madhya Pradesh,SATNA,2005,Rabi,Linseed,5418,2012,0.371354743
Madhya Pradesh,SATNA,2005,Rabi,Masoor,36054,17723,0.491568203
Madhya Pradesh,SATNA,2005,Rabi,Peas & beans (Pulses),1545,781,0.505501618
Madhya Pradesh,SATNA,2005,Rabi,Rapeseed &Mustard,2595,909,0.350289017
Madhya Pradesh,SATNA,2005,Rabi,Urad,1,,
Madhya Pradesh,SATNA,2005,Rabi,Wheat,153921,175969,1.143242313
Madhya Pradesh,SATNA,2005,Whole Year,Onion,2267,15727,6.937362153
Madhya Pradesh,SATNA,2005,Whole Year,Potato,1849,17941,9.703082747
Madhya Pradesh,SATNA,2005,Whole Year,Sugarcane,64,1700,26.5625
Madhya Pradesh,SATNA,2005,Whole Year,Sweet potato,19,130,6.842105263
Madhya Pradesh,SATNA,2006,Kharif,Arhar/Tur,12346,4528,0.366758464
Madhya Pradesh,SATNA,2006,Kharif,Bajra,57,27,0.473684211
Madhya Pradesh,SATNA,2006,Kharif,Castor seed,2,1,0.5
Madhya Pradesh,SATNA,2006,Kharif,Dry ginger,205,178,0.868292683
Madhya Pradesh,SATNA,2006,Kharif,Groundnut,30,24,0.8
Madhya Pradesh,SATNA,2006,Kharif,Jowar,3446,2340,0.679048172
Madhya Pradesh,SATNA,2006,Kharif,Jute,99,167,1.686868687
Madhya Pradesh,SATNA,2006,Kharif,Maize,763,375,0.491480996
Madhya Pradesh,SATNA,2006,Kharif,Mesta,16,25,1.5625
Madhya Pradesh,SATNA,2006,Kharif,Moong(Green Gram),2693,686,0.254734497
Madhya Pradesh,SATNA,2006,Kharif,Niger seed,28,5,0.178571429
Madhya Pradesh,SATNA,2006,Kharif,Other Kharif pulses,39,12,0.307692308
Madhya Pradesh,SATNA,2006,Kharif,Rice,94921,60924,0.641839003
Madhya Pradesh,SATNA,2006,Kharif,Small millets,3524,718,0.203745743
Madhya Pradesh,SATNA,2006,Kharif,Soyabean,30765,15337,0.498521047
Madhya Pradesh,SATNA,2006,Kharif,Urad,15224,4827,0.31706516
Madhya Pradesh,SATNA,2006,Rabi,Gram,90187,43712,0.484681828
Madhya Pradesh,SATNA,2006,Rabi,Linseed,4599,1207,0.262448358
Madhya Pradesh,SATNA,2006,Rabi,Masoor,32511,11453,0.352280767
Madhya Pradesh,SATNA,2006,Rabi,Moong(Green Gram),26,8,0.307692308
Madhya Pradesh,SATNA,2006,Rabi,Other  Rabi pulses,23,6,0.260869565
Madhya Pradesh,SATNA,2006,Rabi,Peas & beans (Pulses),1373,533,0.38820102
Madhya Pradesh,SATNA,2006,Rabi,Rapeseed &Mustard,2236,581,0.259838998
Madhya Pradesh,SATNA,2006,Rabi,Urad,3,1,0.333333333
Madhya Pradesh,SATNA,2006,Rabi,Wheat,141994,124806,0.878952632
Madhya Pradesh,SATNA,2006,Whole Year,Coriander,359,119,0.331476323
Madhya Pradesh,SATNA,2006,Whole Year,Dry chillies,433,138,0.318706697
Madhya Pradesh,SATNA,2006,Whole Year,Garlic,116,235,2.025862069
Madhya Pradesh,SATNA,2006,Whole Year,Onion,1952,11579,5.931864754
Madhya Pradesh,SATNA,2006,Whole Year,Potato,1777,12831,7.220596511
Madhya Pradesh,SATNA,2006,Whole Year,Sesamum,2637,354,0.134243458
Madhya Pradesh,SATNA,2006,Whole Year,Sugarcane,170,4010,23.58823529
Madhya Pradesh,SATNA,2006,Whole Year,Sweet potato,14,77,5.5
Madhya Pradesh,SATNA,2006,Whole Year,Tobacco,13,4,0.307692308
Madhya Pradesh,SATNA,2006,Whole Year,Turmeric,30,27,0.9
Madhya Pradesh,SATNA,2007,Kharif,Arhar/Tur,14566,4252,0.291912673
Madhya Pradesh,SATNA,2007,Kharif,Bajra,52,20,0.384615385
Madhya Pradesh,SATNA,2007,Kharif,Castor seed,1,,
Madhya Pradesh,SATNA,2007,Kharif,Groundnut,21,17,0.80952381
Madhya Pradesh,SATNA,2007,Kharif,Jowar,3269,2077,0.635362496
Madhya Pradesh,SATNA,2007,Kharif,Maize,784,513,0.654336735
Madhya Pradesh,SATNA,2007,Kharif,Niger seed,28,4,0.142857143
Madhya Pradesh,SATNA,2007,Kharif,Rice,89653,33943,0.378604174
Madhya Pradesh,SATNA,2007,Kharif,Sannhamp,90,24,0.266666667
Madhya Pradesh,SATNA,2007,Kharif,Soyabean,46657,21887,0.469104314
Madhya Pradesh,SATNA,2007,Kharif,Urad,15842,3955,0.249652822
Madhya Pradesh,SATNA,2007,Rabi,Barley,7017,4503,0.641727234
Madhya Pradesh,SATNA,2007,Rabi,Gram,98229,32502,0.330879883
Madhya Pradesh,SATNA,2007,Rabi,Jowar,1,,
Madhya Pradesh,SATNA,2007,Rabi,Linseed,4271,991,0.23202997
Madhya Pradesh,SATNA,2007,Rabi,Masoor,28697,8699,0.303132732
Madhya Pradesh,SATNA,2007,Rabi,Peas & beans (Pulses),1419,443,0.312191684
Madhya Pradesh,SATNA,2007,Rabi,Rapeseed &Mustard,2101,533,0.25368872
Madhya Pradesh,SATNA,2007,Rabi,Urad,1,,
Madhya Pradesh,SATNA,2007,Rabi,Wheat,127773,88466,0.692368497
Madhya Pradesh,SATNA,2007,Whole Year,Coriander,337,89,0.264094955
Madhya Pradesh,SATNA,2007,Whole Year,Garlic,129,231,1.790697674
Madhya Pradesh,SATNA,2007,Whole Year,Onion,2202,9748,4.42688465
Madhya Pradesh,SATNA,2007,Whole Year,Potato,1827,9802,5.365079365
Madhya Pradesh,SATNA,2007,Whole Year,Sesamum,3169,451,0.142316188
Madhya Pradesh,SATNA,2007,Whole Year,Sugarcane,70,1690,24.14285714
Madhya Pradesh,SATNA,2007,Whole Year,Sweet potato,26,127,4.884615385
Madhya Pradesh,SATNA,2007,Whole Year,Tobacco,19,6,0.315789474
Madhya Pradesh,SATNA,2007,Whole Year,Turmeric,41,38,0.926829268
Madhya Pradesh,SATNA,2008,Kharif,Arhar/Tur,14485,5862,0.404694512
Madhya Pradesh,SATNA,2008,Kharif,Bajra,27,15,0.555555556
Madhya Pradesh,SATNA,2008,Kharif,Castor seed,6,1,0.166666667
Madhya Pradesh,SATNA,2008,Kharif,Groundnut,43,40,0.930232558
Madhya Pradesh,SATNA,2008,Kharif,Jowar,3459,2880,0.832610581
Madhya Pradesh,SATNA,2008,Kharif,Maize,697,538,0.771879484
Madhya Pradesh,SATNA,2008,Kharif,Niger seed,47,9,0.191489362
Madhya Pradesh,SATNA,2008,Kharif,Rice,90254,59095,0.654763224
Madhya Pradesh,SATNA,2008,Kharif,Sannhamp,82,24,0.292682927
Madhya Pradesh,SATNA,2008,Kharif,Soyabean,51437,28488,0.553842565
Madhya Pradesh,SATNA,2008,Kharif,Urad,15625,4322,0.276608
Madhya Pradesh,SATNA,2008,Rabi,Barley,7325,6601,0.90116041
Madhya Pradesh,SATNA,2008,Rabi,Gram,92289,48184,0.522099058
Madhya Pradesh,SATNA,2008,Rabi,Linseed,4166,1336,0.320691311
Madhya Pradesh,SATNA,2008,Rabi,Masoor,28415,12571,0.442407179
Madhya Pradesh,SATNA,2008,Rabi,Peas & beans (Pulses),1505,698,0.463787375
Madhya Pradesh,SATNA,2008,Rabi,Rapeseed &Mustard,2329,846,0.363246028
Madhya Pradesh,SATNA,2008,Rabi,Urad,1,,
Madhya Pradesh,SATNA,2008,Rabi,Wheat,137852,147780,1.072019267
Madhya Pradesh,SATNA,2008,Whole Year,Coriander,361,131,0.362880886
Madhya Pradesh,SATNA,2008,Whole Year,Garlic,135,295,2.185185185
Madhya Pradesh,SATNA,2008,Whole Year,Onion,2594,14568,5.616037008
Madhya Pradesh,SATNA,2008,Whole Year,Potato,1912,13019,6.809100418
Madhya Pradesh,SATNA,2008,Whole Year,Sesamum,3157,517,0.163763066
Madhya Pradesh,SATNA,2008,Whole Year,Small millets,2818,767,0.27217885
Madhya Pradesh,SATNA,2008,Whole Year,Sugarcane,160,4310,26.9375
Madhya Pradesh,SATNA,2008,Whole Year,Sweet potato,33,143,4.333333333
Madhya Pradesh,SATNA,2008,Whole Year,Tobacco,12,4,0.333333333
Madhya Pradesh,SATNA,2008,Whole Year,Turmeric,26,24,0.923076923
Madhya Pradesh,SATNA,2009,Kharif,Cowpea(Lobia),44,14,0.318181818
Madhya Pradesh,SATNA,2009,Kharif,Jowar,3504,3228,0.921232877
Madhya Pradesh,SATNA,2009,Kharif,Moong(Green Gram),3498,853,0.243853631
Madhya Pradesh,SATNA,2009,Kharif,Small millets,2819,725,0.257183398
Madhya Pradesh,SATNA,2009,Kharif,Urad,16752,4974,0.296919771
Madhya Pradesh,SATNA,2009,Rabi,Cowpea(Lobia),22,7,0.318181818
Madhya Pradesh,SATNA,2009,Rabi,Moong(Green Gram),20,9,0.45
Madhya Pradesh,SATNA,2009,Whole Year,Arhar/Tur,15728,7244,0.460579858
Madhya Pradesh,SATNA,2009,Whole Year,Bajra,86,47,0.546511628
Madhya Pradesh,SATNA,2009,Whole Year,Barley,7263,7483,1.030290514
Madhya Pradesh,SATNA,2009,Whole Year,Castor seed,6,1,0.166666667
Madhya Pradesh,SATNA,2009,Whole Year,Coriander,378,163,0.431216931
Madhya Pradesh,SATNA,2009,Whole Year,Dry chillies,594,453,0.762626263
Madhya Pradesh,SATNA,2009,Whole Year,Dry ginger,284,226,0.795774648
Madhya Pradesh,SATNA,2009,Whole Year,Garlic,144,338,2.347222222
Madhya Pradesh,SATNA,2009,Whole Year,Gram,90463,55883,0.617744271
Madhya Pradesh,SATNA,2009,Whole Year,Groundnut,36,34,0.944444444
Madhya Pradesh,SATNA,2009,Whole Year,Linseed,4192,2018,0.48139313
Madhya Pradesh,SATNA,2009,Whole Year,Maize,756,506,0.669312169
Madhya Pradesh,SATNA,2009,Whole Year,Masoor,27119,14441,0.532504886
Madhya Pradesh,SATNA,2009,Whole Year,Niger seed,17,3,0.176470588
Madhya Pradesh,SATNA,2009,Whole Year,Onion,3978,26941,6.772498743
Madhya Pradesh,SATNA,2009,Whole Year,Peas & beans (Pulses),1530,839,0.548366013
Madhya Pradesh,SATNA,2009,Whole Year,Potato,2074,16029,7.728543877
Madhya Pradesh,SATNA,2009,Whole Year,Rapeseed &Mustard,2741,1193,0.435242612
Madhya Pradesh,SATNA,2009,Whole Year,Rice,82614,53520,0.647832087
Madhya Pradesh,SATNA,2009,Whole Year,Sannhamp,84,24,0.285714286
Madhya Pradesh,SATNA,2009,Whole Year,Sesamum,5058,880,0.173981811
Madhya Pradesh,SATNA,2009,Whole Year,Soyabean,54159,29655,0.547554423
Madhya Pradesh,SATNA,2009,Whole Year,Sugarcane,141,3400,24.11347518
Madhya Pradesh,SATNA,2009,Whole Year,Sunflower,1,,
Madhya Pradesh,SATNA,2009,Whole Year,Sweet potato,84,519,6.178571429
Madhya Pradesh,SATNA,2009,Whole Year,Tobacco,18,8,0.444444444
Madhya Pradesh,SATNA,2009,Whole Year,Turmeric,51,53,1.039215686
Madhya Pradesh,SATNA,2009,Whole Year,Wheat,143238,173098,1.208464234
Madhya Pradesh,SATNA,2010,Kharif,Arhar/Tur,47188,3547,0.075167415
Madhya Pradesh,SATNA,2010,Kharif,Bajra,35,24,0.685714286
Madhya Pradesh,SATNA,2010,Kharif,Cowpea(Lobia),24,3,0.125
Madhya Pradesh,SATNA,2010,Kharif,Groundnut,26,38,1.461538462
Madhya Pradesh,SATNA,2010,Kharif,Jowar,3355,3842,1.145156483
Madhya Pradesh,SATNA,2010,Kharif,Maize,690,604,0.875362319
Madhya Pradesh,SATNA,2010,Kharif,Moong(Green Gram),3347,926,0.276665671
Madhya Pradesh,SATNA,2010,Kharif,Ragi,2,,
Madhya Pradesh,SATNA,2010,Kharif,Rice,71699,74317,1.036513759
Madhya Pradesh,SATNA,2010,Kharif,Small millets,2244,824,0.367201426
Madhya Pradesh,SATNA,2010,Kharif,Soyabean,46401,26143,0.563414582
Madhya Pradesh,SATNA,2010,Kharif,Urad,15022,5169,0.344095327
Madhya Pradesh,SATNA,2010,Rabi,Barley,10256,8998,0.877340094
Madhya Pradesh,SATNA,2010,Rabi,Cowpea(Lobia),35,4,0.114285714
Madhya Pradesh,SATNA,2010,Rabi,Gram,74090,32155,0.43399919
Madhya Pradesh,SATNA,2010,Rabi,Linseed,3015,780,0.258706468
Madhya Pradesh,SATNA,2010,Rabi,Masoor,52114,13229,0.253847335
Madhya Pradesh,SATNA,2010,Rabi,Peas & beans (Pulses),4511,1247,0.27643538
Madhya Pradesh,SATNA,2010,Rabi,Rapeseed &Mustard,2607,817,0.313387035
Madhya Pradesh,SATNA,2010,Rabi,Wheat,125361,119063,0.94976109
Madhya Pradesh,SATNA,2010,Whole Year,Coriander,319,123,0.385579937
Madhya Pradesh,SATNA,2010,Whole Year,Dry chillies,647,666,1.029366306
Madhya Pradesh,SATNA,2010,Whole Year,Dry ginger,331,239,0.722054381
Madhya Pradesh,SATNA,2010,Whole Year,Garlic,224,337,1.504464286
Madhya Pradesh,SATNA,2010,Whole Year,Onion,4622,28445,6.154262224
Madhya Pradesh,SATNA,2010,Whole Year,Potato,3410,16264,4.769501466
Madhya Pradesh,SATNA,2010,Whole Year,Sannhamp,51,95,1.862745098
Madhya Pradesh,SATNA,2010,Whole Year,Sesamum,8663,1964,0.226711301
Madhya Pradesh,SATNA,2010,Whole Year,Sugarcane,142,3690,25.98591549
Madhya Pradesh,SATNA,2010,Whole Year,Sweet potato,90,344,3.822222222
Madhya Pradesh,SATNA,2010,Whole Year,Tobacco,8,3,0.375
Madhya Pradesh,SATNA,2010,Whole Year,Turmeric,42,32,0.761904762
Madhya Pradesh,SATNA,2011,Kharif,Arhar/Tur,27330,8178,0.299231614
Madhya Pradesh,SATNA,2011,Kharif,Bajra,47,29,0.617021277
Madhya Pradesh,SATNA,2011,Kharif,Barley,7453,9166,1.229840333
Madhya Pradesh,SATNA,2011,Kharif,Castor seed,4,1,0.25
Madhya Pradesh,SATNA,2011,Kharif,Groundnut,40,61,1.525
Madhya Pradesh,SATNA,2011,Kharif,Jowar,3308,2837,0.857617896
Madhya Pradesh,SATNA,2011,Kharif,Maize,694,460,0.662824207
Madhya Pradesh,SATNA,2011,Kharif,Moong(Green Gram),3729,674,0.180745508
Madhya Pradesh,SATNA,2011,Kharif,Niger seed,2,,
Madhya Pradesh,SATNA,2011,Kharif,Other Kharif pulses,30,8,0.266666667
Madhya Pradesh,SATNA,2011,Kharif,Rice,88185,144500,1.638600669
Madhya Pradesh,SATNA,2011,Kharif,Sannhamp,38,44,1.157894737
Madhya Pradesh,SATNA,2011,Kharif,Small millets,1614,451,0.279429988
Madhya Pradesh,SATNA,2011,Kharif,Soyabean,50639,26378,0.520902861
Madhya Pradesh,SATNA,2011,Kharif,Urad,16348,3546,0.216907267
Madhya Pradesh,SATNA,2011,Rabi,Gram,72840,40202,0.551922021
Madhya Pradesh,SATNA,2011,Rabi,Linseed,2752,1308,0.475290698
Madhya Pradesh,SATNA,2011,Rabi,Masoor,36018,9703,0.269393081
Madhya Pradesh,SATNA,2011,Rabi,Moong(Green Gram),19,4,0.210526316
Madhya Pradesh,SATNA,2011,Rabi,Other  Rabi pulses,50,13,0.26
Madhya Pradesh,SATNA,2011,Rabi,Peas & beans (Pulses),3839,1207,0.314404793
Madhya Pradesh,SATNA,2011,Rabi,Rapeseed &Mustard,2776,1194,0.430115274
Madhya Pradesh,SATNA,2011,Rabi,Wheat,149484,321517,2.150845575
Madhya Pradesh,SATNA,2011,Whole Year,Coriander,220,88,0.4
Madhya Pradesh,SATNA,2011,Whole Year,Dry chillies,726,481,0.662534435
Madhya Pradesh,SATNA,2011,Whole Year,Dry ginger,327,205,0.626911315
Madhya Pradesh,SATNA,2011,Whole Year,Garlic,217,393,1.811059908
Madhya Pradesh,SATNA,2011,Whole Year,Onion,5126,36868,7.192352712
Madhya Pradesh,SATNA,2011,Whole Year,Potato,3432,24517,7.143648019
Madhya Pradesh,SATNA,2011,Whole Year,Sesamum,8672,1917,0.221056273
Madhya Pradesh,SATNA,2011,Whole Year,Sugarcane,119,2020,16.97478992
Madhya Pradesh,SATNA,2011,Whole Year,Sweet potato,66,309,4.681818182
Madhya Pradesh,SATNA,2011,Whole Year,Tobacco,10,3,0.3
Madhya Pradesh,SATNA,2011,Whole Year,Turmeric,80,62,0.775
Madhya Pradesh,SATNA,2012,Kharif,Arhar/Tur,29574,7264,0.245621154
Madhya Pradesh,SATNA,2012,Kharif,Barley,8151,8262,1.013617961
Madhya Pradesh,SATNA,2012,Kharif,Groundnut,22,44,2
Madhya Pradesh,SATNA,2012,Kharif,Jowar,2487,3269,1.314435062
Madhya Pradesh,SATNA,2012,Kharif,Maize,838,1232,1.470167064
Madhya Pradesh,SATNA,2012,Kharif,Mesta,1,,
Madhya Pradesh,SATNA,2012,Kharif,Moong(Green Gram),3805,1089,0.286202365
Madhya Pradesh,SATNA,2012,Kharif,Other Kharif pulses,14,4,0.285714286
Madhya Pradesh,SATNA,2012,Kharif,Rice,85378,197668,2.315210007
Madhya Pradesh,SATNA,2012,Kharif,Sannhamp,15,28,1.866666667
Madhya Pradesh,SATNA,2012,Kharif,Small millets,1362,393,0.288546256
Madhya Pradesh,SATNA,2012,Kharif,Soyabean,55287,28149,0.509143198
Madhya Pradesh,SATNA,2012,Kharif,Urad,16715,4048,0.242177685
Madhya Pradesh,SATNA,2012,Rabi,Gram,78133,40461,0.517847772
Madhya Pradesh,SATNA,2012,Rabi,Linseed,2473,770,0.311362717
Madhya Pradesh,SATNA,2012,Rabi,Masoor,35750,11854,0.33158042
Madhya Pradesh,SATNA,2012,Rabi,Moong(Green Gram),3,1,0.333333333
Madhya Pradesh,SATNA,2012,Rabi,Other  Rabi pulses,62,18,0.290322581
Madhya Pradesh,SATNA,2012,Rabi,Peas & beans (Pulses),3228,1400,0.433705081
Madhya Pradesh,SATNA,2012,Rabi,Rapeseed &Mustard,2933,1004,0.342311626
Madhya Pradesh,SATNA,2012,Rabi,Wheat,142461,448587,3.148840735
Madhya Pradesh,SATNA,2012,Whole Year,Coriander,125,38,0.304
Madhya Pradesh,SATNA,2012,Whole Year,Dry chillies,769,586,0.762028609
Madhya Pradesh,SATNA,2012,Whole Year,Dry ginger,324,194,0.598765432
Madhya Pradesh,SATNA,2012,Whole Year,Garlic,218,406,1.862385321
Madhya Pradesh,SATNA,2012,Whole Year,Onion,5219,42595,8.161525196
Madhya Pradesh,SATNA,2012,Whole Year,Potato,3527,28759,8.153955203
Madhya Pradesh,SATNA,2012,Whole Year,Sesamum,7722,1355,0.175472675
Madhya Pradesh,SATNA,2012,Whole Year,Sugarcane,124,4270,34.43548387
Madhya Pradesh,SATNA,2012,Whole Year,Sweet potato,49,259,5.285714286
Madhya Pradesh,SATNA,2012,Whole Year,Tobacco,11,3,0.272727273
Madhya Pradesh,SATNA,2012,Whole Year,Turmeric,91,91,1
Madhya Pradesh,SATNA,2013,Kharif,Arhar/Tur,25178,4143,0.164548415
Madhya Pradesh,SATNA,2013,Kharif,Bajra,44,27,0.613636364
Madhya Pradesh,SATNA,2013,Kharif,Barley,7552,6891,0.912473517
Madhya Pradesh,SATNA,2013,Kharif,Castor seed,3,1,0.333333333
Madhya Pradesh,SATNA,2013,Kharif,Groundnut,27,30,1.111111111
Madhya Pradesh,SATNA,2013,Kharif,Jowar,3313,2495,0.753093873
Madhya Pradesh,SATNA,2013,Kharif,Maize,773,539,0.697283312
Madhya Pradesh,SATNA,2013,Kharif,Mesta,4,6,1.5
Madhya Pradesh,SATNA,2013,Kharif,Moong(Green Gram),3491,473,0.135491263
Madhya Pradesh,SATNA,2013,Kharif,Other Kharif pulses,49,17,0.346938776
Madhya Pradesh,SATNA,2013,Kharif,Rice,82067,188564,2.2976836
Madhya Pradesh,SATNA,2013,Kharif,Sannhamp,11,11,1
Madhya Pradesh,SATNA,2013,Kharif,Small millets,1062,279,0.262711864
Madhya Pradesh,SATNA,2013,Kharif,Soyabean,81532,17449,0.214014129
Madhya Pradesh,SATNA,2013,Kharif,Urad,13746,2236,0.162665503
Madhya Pradesh,SATNA,2013,Rabi,Gram,93137,42159,0.452655765
Madhya Pradesh,SATNA,2013,Rabi,Linseed,2104,511,0.242870722
Madhya Pradesh,SATNA,2013,Rabi,Masoor,24728,7687,0.310862181
Madhya Pradesh,SATNA,2013,Rabi,Moong(Green Gram),5,2,0.4
Madhya Pradesh,SATNA,2013,Rabi,Other  Rabi pulses,52,19,0.365384615
Madhya Pradesh,SATNA,2013,Rabi,Peas & beans (Pulses),2787,967,0.346968066
Madhya Pradesh,SATNA,2013,Rabi,Rapeseed &Mustard,3299,885,0.26826311
Madhya Pradesh,SATNA,2013,Rabi,Wheat,146542,479988,3.27542957
Madhya Pradesh,SATNA,2013,Whole Year,Coriander,96,32,0.333333333
Madhya Pradesh,SATNA,2013,Whole Year,Dry chillies,773,390,0.504527814
Madhya Pradesh,SATNA,2013,Whole Year,Dry ginger,354,320,0.903954802
Madhya Pradesh,SATNA,2013,Whole Year,Garlic,202,490,2.425742574
Madhya Pradesh,SATNA,2013,Whole Year,Onion,5771,45975,7.966556923
Madhya Pradesh,SATNA,2013,Whole Year,Potato,3536,27907,7.892251131
Madhya Pradesh,SATNA,2013,Whole Year,Sesamum,6350,868,0.136692913
Madhya Pradesh,SATNA,2013,Whole Year,Sugarcane,97,2640,27.21649485
Madhya Pradesh,SATNA,2013,Whole Year,Sweet potato,56,356,6.357142857
Madhya Pradesh,SATNA,2013,Whole Year,Tobacco,9,2,0.222222222
Madhya Pradesh,SATNA,2013,Whole Year,Turmeric,68,46,0.676470588
Madhya Pradesh,SEHORE,1997,Kharif,Arhar/Tur,8300,4600,0.554216867
Madhya Pradesh,SEHORE,1997,Kharif,Cotton(lint),2100,2000,0.952380952
Madhya Pradesh,SEHORE,1997,Kharif,Groundnut,200,200,1
Madhya Pradesh,SEHORE,1997,Kharif,Jowar,7500,4500,0.6
Madhya Pradesh,SEHORE,1997,Kharif,Maize,10300,7000,0.67961165
Madhya Pradesh,SEHORE,1997,Kharif,Paddy,1800,1000,0.555555556
Madhya Pradesh,SEHORE,1997,Kharif,Sesamum,900,200,0.222222222
Madhya Pradesh,SEHORE,1997,Kharif,Soyabean,232300,275500,1.185966423
Madhya Pradesh,SEHORE,1997,Rabi,Barley,100,100,1
Madhya Pradesh,SEHORE,1997,Rabi,Jowar,300,200,0.666666667
Madhya Pradesh,SEHORE,1997,Rabi,Linseed,6000,3600,0.6
Madhya Pradesh,SEHORE,1997,Rabi,Rapeseed &Mustard,100,100,1
Madhya Pradesh,SEHORE,1997,Rabi,Wheat,157600,275000,1.744923858
Madhya Pradesh,SEHORE,1998,Kharif,Arhar/Tur,8300,8200,0.987951807
Madhya Pradesh,SEHORE,1998,Kharif,Cotton(lint),1200,100,0.083333333
Madhya Pradesh,SEHORE,1998,Kharif,Groundnut,300,200,0.666666667
Madhya Pradesh,SEHORE,1998,Kharif,Jowar,5900,5900,1
Madhya Pradesh,SEHORE,1998,Kharif,Maize,10900,13400,1.229357798
Madhya Pradesh,SEHORE,1998,Kharif,Rice,1700,1200,0.705882353
Madhya Pradesh,SEHORE,1998,Kharif,Sesamum,700,100,0.142857143
Madhya Pradesh,SEHORE,1998,Kharif,Soyabean,238600,250500,1.049874267
Madhya Pradesh,SEHORE,1998,Rabi,Barley,100,200,2
Madhya Pradesh,SEHORE,1998,Rabi,Gram,92100,113100,1.228013029
Madhya Pradesh,SEHORE,1998,Rabi,Jowar,100,100,1
Madhya Pradesh,SEHORE,1998,Rabi,Linseed,4700,3000,0.638297872
Madhya Pradesh,SEHORE,1998,Rabi,Rapeseed &Mustard,100,100,1
Madhya Pradesh,SEHORE,1998,Rabi,Wheat,148600,287700,1.936069987
Madhya Pradesh,SEHORE,1998,Whole Year,Sugarcane,4805,91730,19.0905307
Madhya Pradesh,SEHORE,1999,Kharif,Arhar/Tur,7891,5226,0.662273476
Madhya Pradesh,SEHORE,1999,Kharif,Cotton(lint),728,198,0.271978022
Madhya Pradesh,SEHORE,1999,Kharif,Dry ginger,72,57,0.791666667
Madhya Pradesh,SEHORE,1999,Kharif,Groundnut,344,281,0.816860465
Madhya Pradesh,SEHORE,1999,Kharif,Jowar,4987,6193,1.241828755
Madhya Pradesh,SEHORE,1999,Kharif,Maize,11235,15456,1.375700935
Madhya Pradesh,SEHORE,1999,Kharif,Other Kharif pulses,514,237,0.461089494
Madhya Pradesh,SEHORE,1999,Kharif,Rice,1753,1592,0.908157444
Madhya Pradesh,SEHORE,1999,Kharif,Sesamum,780,158,0.202564103
Madhya Pradesh,SEHORE,1999,Kharif,Soyabean,244422,265442,1.085998805
Madhya Pradesh,SEHORE,1999,Kharif,Sunflower,17,6,0.352941176
Madhya Pradesh,SEHORE,1999,Kharif,Urad,1132,427,0.377208481
Madhya Pradesh,SEHORE,1999,Rabi,Barley,42,44,1.047619048
Madhya Pradesh,SEHORE,1999,Rabi,Gram,81734,80018,0.979005065
Madhya Pradesh,SEHORE,1999,Rabi,Jowar,211,306,1.450236967
Madhya Pradesh,SEHORE,1999,Rabi,Linseed,4075,2658,0.652269939
Madhya Pradesh,SEHORE,1999,Rabi,Other  Rabi pulses,10005,6559,0.655572214
Madhya Pradesh,SEHORE,1999,Rabi,Rapeseed &Mustard,93,54,0.580645161
Madhya Pradesh,SEHORE,1999,Rabi,Wheat,163768,308528,1.883933369
Madhya Pradesh,SEHORE,1999,Whole Year,Coriander,528,222,0.420454545
Madhya Pradesh,SEHORE,1999,Whole Year,Dry chillies,226,107,0.473451327
Madhya Pradesh,SEHORE,1999,Whole Year,Garlic,520,1547,2.975
Madhya Pradesh,SEHORE,1999,Whole Year,Onion,636,7807,12.27515723
Madhya Pradesh,SEHORE,1999,Whole Year,Potato,178,2344,13.16853933
Madhya Pradesh,SEHORE,1999,Whole Year,Sannhamp,98,256,2.612244898
Madhya Pradesh,SEHORE,1999,Whole Year,Sugarcane,1841,86500,46.98533406
Madhya Pradesh,SEHORE,1999,Whole Year,Sweet potato,9,63,7
Madhya Pradesh,SEHORE,2000,Kharif,Arhar/Tur,7673,3559,0.463834224
Madhya Pradesh,SEHORE,2000,Kharif,Castor seed,5,3,0.6
Madhya Pradesh,SEHORE,2000,Kharif,Cotton(lint),126,43,0.341269841
Madhya Pradesh,SEHORE,2000,Kharif,Dry ginger,66,47,0.712121212
Madhya Pradesh,SEHORE,2000,Kharif,Groundnut,315,309,0.980952381
Madhya Pradesh,SEHORE,2000,Kharif,Jowar,4267,5569,1.305132412
Madhya Pradesh,SEHORE,2000,Kharif,Maize,14108,19637,1.391905302
Madhya Pradesh,SEHORE,2000,Kharif,Other Kharif pulses,407,131,0.321867322
Madhya Pradesh,SEHORE,2000,Kharif,Rice,1694,877,0.517709563
Madhya Pradesh,SEHORE,2000,Kharif,Sesamum,351,94,0.267806268
Madhya Pradesh,SEHORE,2000,Kharif,Small millets,11,4,0.363636364
Madhya Pradesh,SEHORE,2000,Kharif,Soyabean,246653,220754,0.894998236
Madhya Pradesh,SEHORE,2000,Rabi,Barley,29,29,1
Madhya Pradesh,SEHORE,2000,Rabi,Gram,43902,43902,1
Madhya Pradesh,SEHORE,2000,Rabi,Jowar,144,245,1.701388889
Madhya Pradesh,SEHORE,2000,Rabi,Linseed,2197,1133,0.515703232
Madhya Pradesh,SEHORE,2000,Rabi,Other  Rabi pulses,7905,5222,0.66059456
Madhya Pradesh,SEHORE,2000,Rabi,Rapeseed &Mustard,10,3,0.3
Madhya Pradesh,SEHORE,2000,Rabi,Wheat,75783,158427,2.090534817
Madhya Pradesh,SEHORE,2000,Whole Year,Coriander,329,139,0.422492401
Madhya Pradesh,SEHORE,2000,Whole Year,Dry chillies,201,64,0.31840796
Madhya Pradesh,SEHORE,2000,Whole Year,Garlic,251,575,2.290836653
Madhya Pradesh,SEHORE,2000,Whole Year,Onion,327,3942,12.05504587
Madhya Pradesh,SEHORE,2000,Whole Year,Sannhamp,71,128,1.802816901
Madhya Pradesh,SEHORE,2000,Whole Year,Sugarcane,4701,67230,14.30121251
Madhya Pradesh,SEHORE,2000,Whole Year,Turmeric,1,1,1
Madhya Pradesh,SEHORE,2001,Kharif,Arhar/Tur,7769,4918,0.633028704
Madhya Pradesh,SEHORE,2001,Kharif,Bajra,20,32,1.6
Madhya Pradesh,SEHORE,2001,Kharif,Cotton(lint),250,91,0.364
Madhya Pradesh,SEHORE,2001,Kharif,Dry ginger,68,59,0.867647059
Madhya Pradesh,SEHORE,2001,Kharif,Groundnut,385,322,0.836363636
Madhya Pradesh,SEHORE,2001,Kharif,Jowar,4351,5405,1.242243162
Madhya Pradesh,SEHORE,2001,Kharif,Maize,15557,31011,1.993379186
Madhya Pradesh,SEHORE,2001,Kharif,Other Kharif pulses,413,149,0.360774818
Madhya Pradesh,SEHORE,2001,Kharif,Rice,1728,1050,0.607638889
Madhya Pradesh,SEHORE,2001,Kharif,Sesamum,361,90,0.249307479
Madhya Pradesh,SEHORE,2001,Kharif,Small millets,6,2,0.333333333
Madhya Pradesh,SEHORE,2001,Kharif,Soyabean,247169,250382,1.012999203
Madhya Pradesh,SEHORE,2001,Rabi,Barley,310,406,1.309677419
Madhya Pradesh,SEHORE,2001,Rabi,Gram,82925,84583,1.01999397
Madhya Pradesh,SEHORE,2001,Rabi,Jowar,195,267,1.369230769
Madhya Pradesh,SEHORE,2001,Rabi,Linseed,2183,1614,0.739349519
Madhya Pradesh,SEHORE,2001,Rabi,Other  Rabi pulses,9278,5903,0.636236258
Madhya Pradesh,SEHORE,2001,Rabi,Rapeseed &Mustard,44,27,0.613636364
Madhya Pradesh,SEHORE,2001,Rabi,Wheat,139570,272223,1.950440639
Madhya Pradesh,SEHORE,2001,Whole Year,Banana,3,118,39.33333333
Madhya Pradesh,SEHORE,2001,Whole Year,Coriander,510,258,0.505882353
Madhya Pradesh,SEHORE,2001,Whole Year,Dry chillies,200,79,0.395
Madhya Pradesh,SEHORE,2001,Whole Year,Garlic,428,980,2.289719626
Madhya Pradesh,SEHORE,2001,Whole Year,Onion,531,6407,12.06591337
Madhya Pradesh,SEHORE,2001,Whole Year,Potato,77,1202,15.61038961
Madhya Pradesh,SEHORE,2001,Whole Year,Sannhamp,74,150,2.027027027
Madhya Pradesh,SEHORE,2001,Whole Year,Sugarcane,1136,49270,43.37147887
Madhya Pradesh,SEHORE,2001,Whole Year,Sweet potato,66,394,5.96969697
Madhya Pradesh,SEHORE,2002,Kharif,Arhar/Tur,7847,6141,0.782592073
Madhya Pradesh,SEHORE,2002,Kharif,Cotton(lint),183,65,0.355191257
Madhya Pradesh,SEHORE,2002,Kharif,Dry ginger,40,32,0.8
Madhya Pradesh,SEHORE,2002,Kharif,Groundnut,419,380,0.906921241
Madhya Pradesh,SEHORE,2002,Kharif,Jowar,5372,9153,1.703834698
Madhya Pradesh,SEHORE,2002,Kharif,Maize,16049,34384,2.142438781
Madhya Pradesh,SEHORE,2002,Kharif,Other Kharif pulses,407,205,0.503685504
Madhya Pradesh,SEHORE,2002,Kharif,Rice,1554,1071,0.689189189
Madhya Pradesh,SEHORE,2002,Kharif,Sesamum,310,113,0.364516129
Madhya Pradesh,SEHORE,2002,Kharif,Soyabean,246481,249932,1.014001079
Madhya Pradesh,SEHORE,2002,Rabi,Barley,47,70,1.489361702
Madhya Pradesh,SEHORE,2002,Rabi,Gram,75921,74175,0.97700241
Madhya Pradesh,SEHORE,2002,Rabi,Jowar,260,348,1.338461538
Madhya Pradesh,SEHORE,2002,Rabi,Linseed,1365,1150,0.842490842
Madhya Pradesh,SEHORE,2002,Rabi,Other  Rabi pulses,9392,5863,0.624254685
Madhya Pradesh,SEHORE,2002,Rabi,Rapeseed &Mustard,35,21,0.6
Madhya Pradesh,SEHORE,2002,Rabi,Wheat,133052,233601,1.755712052
Madhya Pradesh,SEHORE,2002,Whole Year,Bhindi,122,0,0
Madhya Pradesh,SEHORE,2002,Whole Year,Brinjal,215,0,0
Madhya Pradesh,SEHORE,2002,Whole Year,Cabbage,94,0,0
Madhya Pradesh,SEHORE,2002,Whole Year,Cauliflower,158,0,0
Madhya Pradesh,SEHORE,2002,Whole Year,Citrus Fruit,34,0,0
Madhya Pradesh,SEHORE,2002,Whole Year,Coriander,476,241,0.506302521
Madhya Pradesh,SEHORE,2002,Whole Year,Dry chillies,177,85,0.480225989
Madhya Pradesh,SEHORE,2002,Whole Year,Garlic,598,1368,2.287625418
Madhya Pradesh,SEHORE,2002,Whole Year,Mango,63,0,0
Madhya Pradesh,SEHORE,2002,Whole Year,Onion,578,6697,11.58650519
Madhya Pradesh,SEHORE,2002,Whole Year,Other Vegetables,51,0,0
Madhya Pradesh,SEHORE,2002,Whole Year,Papaya,1,0,0
Madhya Pradesh,SEHORE,2002,Whole Year,Pome Fruit,80,0,0
Madhya Pradesh,SEHORE,2002,Whole Year,Potato,88,1289,14.64772727
Madhya Pradesh,SEHORE,2002,Whole Year,Sannhamp,58,161,2.775862069
Madhya Pradesh,SEHORE,2002,Whole Year,Sugarcane,2076,112560,54.21965318
Madhya Pradesh,SEHORE,2002,Whole Year,Sweet potato,46,299,6.5
Madhya Pradesh,SEHORE,2002,Whole Year,Tomato,214,0,0
Madhya Pradesh,SEHORE,2002,Whole Year,Turmeric,183,65,0.355191257
Madhya Pradesh,SEHORE,2003,Kharif,Arhar/Tur,7370,5968,0.809769335
Madhya Pradesh,SEHORE,2003,Kharif,Cotton(lint),176,102,0.579545455
Madhya Pradesh,SEHORE,2003,Kharif,Dry ginger,25,22,0.88
Madhya Pradesh,SEHORE,2003,Kharif,Groundnut,427,458,1.072599532
Madhya Pradesh,SEHORE,2003,Kharif,Jowar,4927,9667,1.96204587
Madhya Pradesh,SEHORE,2003,Kharif,Maize,15867,29404,1.853154345
Madhya Pradesh,SEHORE,2003,Kharif,Other Kharif pulses,371,191,0.514824798
Madhya Pradesh,SEHORE,2003,Kharif,Rice,1523,1215,0.797767564
Madhya Pradesh,SEHORE,2003,Kharif,Sesamum,99,45,0.454545455
Madhya Pradesh,SEHORE,2003,Kharif,Soyabean,255302,331382,1.298000016
Madhya Pradesh,SEHORE,2003,Kharif,Urad,4466,2064,0.462158531
Madhya Pradesh,SEHORE,2003,Rabi,Barley,43,59,1.372093023
Madhya Pradesh,SEHORE,2003,Rabi,Gram,85766,82936,0.967003241
Madhya Pradesh,SEHORE,2003,Rabi,Jowar,169,369,2.183431953
Madhya Pradesh,SEHORE,2003,Rabi,Linseed,1240,1089,0.878225806
Madhya Pradesh,SEHORE,2003,Rabi,Other  Rabi pulses,8830,5604,0.634654587
Madhya Pradesh,SEHORE,2003,Rabi,Rapeseed &Mustard,67,47,0.701492537
Madhya Pradesh,SEHORE,2003,Rabi,Wheat,157151,346844,2.207074724
Madhya Pradesh,SEHORE,2003,Whole Year,Bhindi,174,0,0
Madhya Pradesh,SEHORE,2003,Whole Year,Brinjal,227,0,0
Madhya Pradesh,SEHORE,2003,Whole Year,Cabbage,123,0,0
Madhya Pradesh,SEHORE,2003,Whole Year,Cauliflower,194,0,0
Madhya Pradesh,SEHORE,2003,Whole Year,Citrus Fruit,29,0,0
Madhya Pradesh,SEHORE,2003,Whole Year,Coriander,636,322,0.506289308
Madhya Pradesh,SEHORE,2003,Whole Year,Dry chillies,188,90,0.478723404
Madhya Pradesh,SEHORE,2003,Whole Year,Garlic,737,1687,2.289009498
Madhya Pradesh,SEHORE,2003,Whole Year,Mango,58,0,0
Madhya Pradesh,SEHORE,2003,Whole Year,Onion,701,7601,10.84308131
Madhya Pradesh,SEHORE,2003,Whole Year,Orange,20,0,0
Madhya Pradesh,SEHORE,2003,Whole Year,Other Fresh Fruits,10,0,0
Madhya Pradesh,SEHORE,2003,Whole Year,Other Vegetables,109,0,0
Madhya Pradesh,SEHORE,2003,Whole Year,Papaya,4,0,0
Madhya Pradesh,SEHORE,2003,Whole Year,Pome Fruit,43,0,0
Madhya Pradesh,SEHORE,2003,Whole Year,Potato,117,1755,15
Madhya Pradesh,SEHORE,2003,Whole Year,Sannhamp,66,183,2.772727273
Madhya Pradesh,SEHORE,2003,Whole Year,Sugarcane,1797,97430,54.21814135
Madhya Pradesh,SEHORE,2003,Whole Year,Sweet potato,50,325,6.5
Madhya Pradesh,SEHORE,2003,Whole Year,Tomato,220,0,0
Madhya Pradesh,SEHORE,2004,Kharif,Arhar/Tur,6768,5226,0.772163121
Madhya Pradesh,SEHORE,2004,Kharif,Castor seed,22,10,0.454545455
Madhya Pradesh,SEHORE,2004,Kharif,Groundnut,427,530,1.241217799
Madhya Pradesh,SEHORE,2004,Kharif,Jowar,3986,7328,1.838434521
Madhya Pradesh,SEHORE,2004,Kharif,Maize,15718,21962,1.397251559
Madhya Pradesh,SEHORE,2004,Kharif,Rice,1400,1015,0.725
Madhya Pradesh,SEHORE,2004,Kharif,Sesamum,7583,3828,0.504813398
Madhya Pradesh,SEHORE,2004,Kharif,Soyabean,18170,25354,1.395376995
Madhya Pradesh,SEHORE,2004,Kharif,Urad,2104,747,0.355038023
Madhya Pradesh,SEHORE,2004,Rabi,Barley,48,61,1.270833333
Madhya Pradesh,SEHORE,2004,Rabi,Gram,83723,81714,0.976004204
Madhya Pradesh,SEHORE,2004,Rabi,Jowar,95,184,1.936842105
Madhya Pradesh,SEHORE,2004,Rabi,Linseed,267,133,0.498127341
Madhya Pradesh,SEHORE,2004,Rabi,Masoor,146,67,0.45890411
Madhya Pradesh,SEHORE,2004,Rabi,Rapeseed &Mustard,86086,115417,1.340717422
Madhya Pradesh,SEHORE,2004,Rabi,Wheat,170602,364929,2.139066365
Madhya Pradesh,SEHORE,2004,Whole Year,Coriander,799,404,0.50563204
Madhya Pradesh,SEHORE,2004,Whole Year,Garlic,917,2100,2.290076336
Madhya Pradesh,SEHORE,2004,Whole Year,Onion,836,10558,12.6291866
Madhya Pradesh,SEHORE,2004,Whole Year,Potato,126,2111,16.75396825
Madhya Pradesh,SEHORE,2004,Whole Year,Sugarcane,1564,84800,54.21994885
Madhya Pradesh,SEHORE,2004,Whole Year,Sweet potato,49,319,6.510204082
Madhya Pradesh,SEHORE,2005,Kharif,Arhar/Tur,7460,5587,0.748927614
Madhya Pradesh,SEHORE,2005,Kharif,Cotton(lint),183,124,0.677595628
Madhya Pradesh,SEHORE,2005,Kharif,Groundnut,457,475,1.039387309
Madhya Pradesh,SEHORE,2005,Kharif,Jowar,3534,6203,1.755234861
Madhya Pradesh,SEHORE,2005,Kharif,Maize,15362,20460,1.331857831
Madhya Pradesh,SEHORE,2005,Kharif,Moong(Green Gram),215,72,0.334883721
Madhya Pradesh,SEHORE,2005,Kharif,Rice,1311,880,0.671243326
Madhya Pradesh,SEHORE,2005,Kharif,Sesamum,135,52,0.385185185
Madhya Pradesh,SEHORE,2005,Kharif,Small millets,7,3,0.428571429
Madhya Pradesh,SEHORE,2005,Kharif,Soyabean,269817,344286,1.275998177
Madhya Pradesh,SEHORE,2005,Kharif,Urad,304,166,0.546052632
Madhya Pradesh,SEHORE,2005,Rabi,Barley,43,56,1.302325581
Madhya Pradesh,SEHORE,2005,Rabi,Gram,81073,79370,0.97899424
Madhya Pradesh,SEHORE,2005,Rabi,Jowar,114,256,2.245614035
Madhya Pradesh,SEHORE,2005,Rabi,Linseed,821,687,0.836784409
Madhya Pradesh,SEHORE,2005,Rabi,Masoor,5766,3890,0.674644468
Madhya Pradesh,SEHORE,2005,Rabi,Peas & beans (Pulses),34,22,0.647058824
Madhya Pradesh,SEHORE,2005,Rabi,Rapeseed &Mustard,62,44,0.709677419
Madhya Pradesh,SEHORE,2005,Rabi,Wheat,145315,272341,1.87414238
Madhya Pradesh,SEHORE,2005,Whole Year,Onion,827,10019,12.11487304
Madhya Pradesh,SEHORE,2005,Whole Year,Potato,14,147,10.5
Madhya Pradesh,SEHORE,2005,Whole Year,Sugarcane,1481,80290,54.21336935
Madhya Pradesh,SEHORE,2005,Whole Year,Sweet potato,72,469,6.513888889
Madhya Pradesh,SEHORE,2006,Kharif,Arhar/Tur,6670,4653,0.697601199
Madhya Pradesh,SEHORE,2006,Kharif,Castor seed,2,1,0.5
Madhya Pradesh,SEHORE,2006,Kharif,Cotton(lint),274,171,0.624087591
Madhya Pradesh,SEHORE,2006,Kharif,Dry ginger,17,15,0.882352941
Madhya Pradesh,SEHORE,2006,Kharif,Groundnut,459,424,0.923747277
Madhya Pradesh,SEHORE,2006,Kharif,Jowar,5993,11021,1.838978809
Madhya Pradesh,SEHORE,2006,Kharif,Jute,44,122,2.772727273
Madhya Pradesh,SEHORE,2006,Kharif,Maize,45630,40112,0.879070787
Madhya Pradesh,SEHORE,2006,Kharif,Moong(Green Gram),124,42,0.338709677
Madhya Pradesh,SEHORE,2006,Kharif,Rice,1372,901,0.656705539
Madhya Pradesh,SEHORE,2006,Kharif,Soyabean,243578,216297,0.887998916
Madhya Pradesh,SEHORE,2006,Kharif,Urad,306,168,0.549019608
Madhya Pradesh,SEHORE,2006,Rabi,Gram,87328,97633,1.11800339
Madhya Pradesh,SEHORE,2006,Rabi,Jowar,10,23,2.3
Madhya Pradesh,SEHORE,2006,Rabi,Khesari,653,460,0.704441041
Madhya Pradesh,SEHORE,2006,Rabi,Linseed,850,726,0.854117647
Madhya Pradesh,SEHORE,2006,Rabi,Masoor,5447,3938,0.722966771
Madhya Pradesh,SEHORE,2006,Rabi,Moong(Green Gram),120,35,0.291666667
Madhya Pradesh,SEHORE,2006,Rabi,Peas & beans (Pulses),1245,540,0.43373494
Madhya Pradesh,SEHORE,2006,Rabi,Rapeseed &Mustard,66,47,0.712121212
Madhya Pradesh,SEHORE,2006,Rabi,Wheat,161968,363639,2.245128667
Madhya Pradesh,SEHORE,2006,Whole Year,Coriander,728,368,0.505494505
Madhya Pradesh,SEHORE,2006,Whole Year,Dry chillies,223,114,0.511210762
Madhya Pradesh,SEHORE,2006,Whole Year,Garlic,957,2629,2.747126437
Madhya Pradesh,SEHORE,2006,Whole Year,Onion,998,14191,14.21943888
Madhya Pradesh,SEHORE,2006,Whole Year,Potato,118,1385,11.73728814
Madhya Pradesh,SEHORE,2006,Whole Year,Sesamum,106,33,0.311320755
Madhya Pradesh,SEHORE,2006,Whole Year,Sugarcane,787,42670,54.21855146
Madhya Pradesh,SEHORE,2006,Whole Year,Sweet potato,61,396,6.491803279
Madhya Pradesh,SEHORE,2007,Kharif,Arhar/Tur,5563,2991,0.537659536
Madhya Pradesh,SEHORE,2007,Kharif,Castor seed,2,1,0.5
Madhya Pradesh,SEHORE,2007,Kharif,Cotton(lint),95,8,0.084210526
Madhya Pradesh,SEHORE,2007,Kharif,Groundnut,479,415,0.866388309
Madhya Pradesh,SEHORE,2007,Kharif,Jowar,2772,4812,1.735930736
Madhya Pradesh,SEHORE,2007,Kharif,Maize,14597,18945,1.297869425
Madhya Pradesh,SEHORE,2007,Kharif,Rice,2282,1754,0.768624014
Madhya Pradesh,SEHORE,2007,Kharif,Sannhamp,28,6,0.214285714
Madhya Pradesh,SEHORE,2007,Kharif,Soyabean,284541,340541,1.196808193
Madhya Pradesh,SEHORE,2007,Kharif,Urad,367,173,0.471389646
Madhya Pradesh,SEHORE,2007,Rabi,Barley,55,89,1.618181818
Madhya Pradesh,SEHORE,2007,Rabi,Gram,112834,85528,0.757998476
Madhya Pradesh,SEHORE,2007,Rabi,Jowar,81,150,1.851851852
Madhya Pradesh,SEHORE,2007,Rabi,Khesari,504,344,0.682539683
Madhya Pradesh,SEHORE,2007,Rabi,Linseed,561,481,0.857397504
Madhya Pradesh,SEHORE,2007,Rabi,Masoor,5108,3693,0.722983555
Madhya Pradesh,SEHORE,2007,Rabi,Peas & beans (Pulses),1019,442,0.433758587
Madhya Pradesh,SEHORE,2007,Rabi,Rapeseed &Mustard,47,35,0.744680851
Madhya Pradesh,SEHORE,2007,Rabi,Wheat,165365,189009,1.142980679
Madhya Pradesh,SEHORE,2007,Whole Year,Coriander,997,514,0.51554664
Madhya Pradesh,SEHORE,2007,Whole Year,Garlic,1283,3525,2.747466875
Madhya Pradesh,SEHORE,2007,Whole Year,Onion,1122,11828,10.54188948
Madhya Pradesh,SEHORE,2007,Whole Year,Potato,161,2131,13.23602484
Madhya Pradesh,SEHORE,2007,Whole Year,Sesamum,87,36,0.413793103
Madhya Pradesh,SEHORE,2007,Whole Year,Sugarcane,1414,61330,43.37340877
Madhya Pradesh,SEHORE,2007,Whole Year,Sweet potato,55,376,6.836363636
Madhya Pradesh,SEHORE,2008,Kharif,Arhar/Tur,5586,3776,0.675975653
Madhya Pradesh,SEHORE,2008,Kharif,Cotton(lint),93,12,0.129032258
Madhya Pradesh,SEHORE,2008,Kharif,Groundnut,483,424,0.877846791
Madhya Pradesh,SEHORE,2008,Kharif,Jowar,2269,4152,1.829881005
Madhya Pradesh,SEHORE,2008,Kharif,Maize,14335,16326,1.138890827
Madhya Pradesh,SEHORE,2008,Kharif,Rice,4645,3498,0.753067815
Madhya Pradesh,SEHORE,2008,Kharif,Sannhamp,32,16,0.5
Madhya Pradesh,SEHORE,2008,Kharif,Soyabean,282554,365266,1.292729885
Madhya Pradesh,SEHORE,2008,Kharif,Urad,360,175,0.486111111
Madhya Pradesh,SEHORE,2008,Rabi,Barley,76,132,1.736842105
Madhya Pradesh,SEHORE,2008,Rabi,Gram,116087,108890,0.938003394
Madhya Pradesh,SEHORE,2008,Rabi,Jowar,42,93,2.214285714
Madhya Pradesh,SEHORE,2008,Rabi,Khesari,504,410,0.813492063
Madhya Pradesh,SEHORE,2008,Rabi,Linseed,279,261,0.935483871
Madhya Pradesh,SEHORE,2008,Rabi,Masoor,4246,3069,0.722797927
Madhya Pradesh,SEHORE,2008,Rabi,Peas & beans (Pulses),1036,450,0.434362934
Madhya Pradesh,SEHORE,2008,Rabi,Rapeseed &Mustard,57,56,0.98245614
Madhya Pradesh,SEHORE,2008,Rabi,Wheat,153062,226884,1.48230129
Madhya Pradesh,SEHORE,2008,Whole Year,Coriander,855,534,0.624561404
Madhya Pradesh,SEHORE,2008,Whole Year,Garlic,1249,4232,3.388310649
Madhya Pradesh,SEHORE,2008,Whole Year,Onion,1213,12979,10.69991756
Madhya Pradesh,SEHORE,2008,Whole Year,Potato,142,2237,15.75352113
Madhya Pradesh,SEHORE,2008,Whole Year,Sesamum,108,37,0.342592593
Madhya Pradesh,SEHORE,2008,Whole Year,Sugarcane,1786,77470,43.3762598
Madhya Pradesh,SEHORE,2008,Whole Year,Sweet potato,37,241,6.513513514
Madhya Pradesh,SEHORE,2009,Kharif,Jowar,1748,4136,2.366132723
Madhya Pradesh,SEHORE,2009,Kharif,Moong(Green Gram),103,35,0.339805825
Madhya Pradesh,SEHORE,2009,Kharif,Urad,504,308,0.611111111
Madhya Pradesh,SEHORE,2009,Rabi,Jowar,85,235,2.764705882
Madhya Pradesh,SEHORE,2009,Rabi,Moong(Green Gram),78,28,0.358974359
Madhya Pradesh,SEHORE,2009,Whole Year,Arhar/Tur,6078,5025,0.826752221
Madhya Pradesh,SEHORE,2009,Whole Year,Barley,65,132,2.030769231
Madhya Pradesh,SEHORE,2009,Whole Year,Coriander,742,501,0.675202156
Madhya Pradesh,SEHORE,2009,Whole Year,Cotton(lint),64,7,0.109375
Madhya Pradesh,SEHORE,2009,Whole Year,Dry chillies,353,561,1.589235127
Madhya Pradesh,SEHORE,2009,Whole Year,Dry ginger,7,8,1.142857143
Madhya Pradesh,SEHORE,2009,Whole Year,Garlic,1372,5528,4.029154519
Madhya Pradesh,SEHORE,2009,Whole Year,Gram,106024,127229,1.200001886
Madhya Pradesh,SEHORE,2009,Whole Year,Groundnut,473,473,1
Madhya Pradesh,SEHORE,2009,Whole Year,Khesari,270,278,1.02962963
Madhya Pradesh,SEHORE,2009,Whole Year,Linseed,276,337,1.221014493
Madhya Pradesh,SEHORE,2009,Whole Year,Maize,14349,13304,0.927172625
Madhya Pradesh,SEHORE,2009,Whole Year,Masoor,3335,3013,0.903448276
Madhya Pradesh,SEHORE,2009,Whole Year,Onion,1370,21013,15.3379562
Madhya Pradesh,SEHORE,2009,Whole Year,Peas & beans (Pulses),1170,676,0.577777778
Madhya Pradesh,SEHORE,2009,Whole Year,Potato,203,3241,15.96551724
Madhya Pradesh,SEHORE,2009,Whole Year,Rapeseed &Mustard,77,92,1.194805195
Madhya Pradesh,SEHORE,2009,Whole Year,Rice,4973,5172,1.040016087
Madhya Pradesh,SEHORE,2009,Whole Year,Sannhamp,31,18,0.580645161
Madhya Pradesh,SEHORE,2009,Whole Year,Sesamum,64,23,0.359375
Madhya Pradesh,SEHORE,2009,Whole Year,Soyabean,284444,433940,1.525572696
Madhya Pradesh,SEHORE,2009,Whole Year,Sugarcane,459,26550,57.84313725
Madhya Pradesh,SEHORE,2009,Whole Year,Sweet potato,30,309,10.3
Madhya Pradesh,SEHORE,2009,Whole Year,Wheat,192079,401066,2.088026281
Madhya Pradesh,SEHORE,2010,Kharif,Arhar/Tur,12673,2540,0.200426103
Madhya Pradesh,SEHORE,2010,Kharif,Cotton(lint),66,47,0.712121212
Madhya Pradesh,SEHORE,2010,Kharif,Groundnut,499,757,1.517034068
Madhya Pradesh,SEHORE,2010,Kharif,Jowar,1631,3174,1.946045371
Madhya Pradesh,SEHORE,2010,Kharif,Maize,15082,27839,1.845842726
Madhya Pradesh,SEHORE,2010,Kharif,Moong(Green Gram),125,57,0.456
Madhya Pradesh,SEHORE,2010,Kharif,Rice,6093,6830,1.120958477
Madhya Pradesh,SEHORE,2010,Kharif,Soyabean,283858,369917,1.303176236
Madhya Pradesh,SEHORE,2010,Kharif,Urad,472,352,0.745762712
Madhya Pradesh,SEHORE,2010,Rabi,Barley,39,62,1.58974359
Madhya Pradesh,SEHORE,2010,Rabi,Gram,118059,80280,0.679998984
Madhya Pradesh,SEHORE,2010,Rabi,Jowar,1,2,2
Madhya Pradesh,SEHORE,2010,Rabi,Khesari,204,218,1.068627451
Madhya Pradesh,SEHORE,2010,Rabi,Linseed,382,292,0.764397906
Madhya Pradesh,SEHORE,2010,Rabi,Masoor,3048,1433,0.470144357
Madhya Pradesh,SEHORE,2010,Rabi,Moong(Green Gram),61,18,0.295081967
Madhya Pradesh,SEHORE,2010,Rabi,Peas & beans (Pulses),1512,436,0.288359788
Madhya Pradesh,SEHORE,2010,Rabi,Rapeseed &Mustard,107,74,0.691588785
Madhya Pradesh,SEHORE,2010,Rabi,Wheat,204158,327233,1.602841917
Madhya Pradesh,SEHORE,2010,Whole Year,Coriander,801,311,0.388264669
Madhya Pradesh,SEHORE,2010,Whole Year,Dry chillies,328,440,1.341463415
Madhya Pradesh,SEHORE,2010,Whole Year,Dry ginger,2,2,1
Madhya Pradesh,SEHORE,2010,Whole Year,Garlic,1339,3125,2.333831217
Madhya Pradesh,SEHORE,2010,Whole Year,Onion,1543,23586,15.28580687
Madhya Pradesh,SEHORE,2010,Whole Year,Potato,330,3711,11.24545455
Madhya Pradesh,SEHORE,2010,Whole Year,Sannhamp,31,122,3.935483871
Madhya Pradesh,SEHORE,2010,Whole Year,Sesamum,69,64,0.927536232
Madhya Pradesh,SEHORE,2010,Whole Year,Sugarcane,1490,86170,57.83221477
Madhya Pradesh,SEHORE,2010,Whole Year,Sweet potato,32,170,5.3125
Madhya Pradesh,SEHORE,2011,Kharif,Arhar/Tur,14709,8234,0.559793324
Madhya Pradesh,SEHORE,2011,Kharif,Barley,34,115,3.382352941
Madhya Pradesh,SEHORE,2011,Kharif,Cotton(lint),35,45,1.285714286
Madhya Pradesh,SEHORE,2011,Kharif,Groundnut,473,691,1.460887949
Madhya Pradesh,SEHORE,2011,Kharif,Jowar,1868,5487,2.937366167
Madhya Pradesh,SEHORE,2011,Kharif,Maize,10828,9175,0.847340229
Madhya Pradesh,SEHORE,2011,Kharif,Moong(Green Gram),133,32,0.240601504
Madhya Pradesh,SEHORE,2011,Kharif,Rice,11389,18870,1.656861884
Madhya Pradesh,SEHORE,2011,Kharif,Sannhamp,37,117,3.162162162
Madhya Pradesh,SEHORE,2011,Kharif,Soyabean,289763,357914,1.23519566
Madhya Pradesh,SEHORE,2011,Kharif,Urad,481,187,0.388773389
Madhya Pradesh,SEHORE,2011,Rabi,Gram,100269,118014,1.17697394
Madhya Pradesh,SEHORE,2011,Rabi,Khesari,18,31,1.722222222
Madhya Pradesh,SEHORE,2011,Rabi,Linseed,198,380,1.919191919
Madhya Pradesh,SEHORE,2011,Rabi,Masoor,2930,2409,0.8221843
Madhya Pradesh,SEHORE,2011,Rabi,Moong(Green Gram),63,18,0.285714286
Madhya Pradesh,SEHORE,2011,Rabi,Peas & beans (Pulses),1238,582,0.470113086
Madhya Pradesh,SEHORE,2011,Rabi,Rapeseed &Mustard,68,102,1.5
Madhya Pradesh,SEHORE,2011,Rabi,Wheat,223937,644654,2.878729285
Madhya Pradesh,SEHORE,2011,Whole Year,Coriander,732,494,0.674863388
Madhya Pradesh,SEHORE,2011,Whole Year,Dry chillies,338,514,1.520710059
Madhya Pradesh,SEHORE,2011,Whole Year,Dry ginger,4,4,1
Madhya Pradesh,SEHORE,2011,Whole Year,Garlic,1547,4999,3.231415643
Madhya Pradesh,SEHORE,2011,Whole Year,Onion,1830,35867,19.59945355
Madhya Pradesh,SEHORE,2011,Whole Year,Potato,356,6480,18.20224719
Madhya Pradesh,SEHORE,2011,Whole Year,Sesamum,71,54,0.76056338
Madhya Pradesh,SEHORE,2011,Whole Year,Sugarcane,1825,89010,48.77260274
Madhya Pradesh,SEHORE,2011,Whole Year,Sweet potato,34,255,7.5
Madhya Pradesh,SEHORE,2012,Kharif,Arhar/Tur,9331,4387,0.470153253
Madhya Pradesh,SEHORE,2012,Kharif,Barley,18,33,1.833333333
Madhya Pradesh,SEHORE,2012,Kharif,Groundnut,514,899,1.749027237
Madhya Pradesh,SEHORE,2012,Kharif,Jowar,1246,2072,1.662921348
Madhya Pradesh,SEHORE,2012,Kharif,Maize,7922,20545,2.593410755
Madhya Pradesh,SEHORE,2012,Kharif,Moong(Green Gram),265,101,0.381132075
Madhya Pradesh,SEHORE,2012,Kharif,Rice,17300,45094,2.606589595
Madhya Pradesh,SEHORE,2012,Kharif,Sannhamp,27,83,3.074074074
Madhya Pradesh,SEHORE,2012,Kharif,Soyabean,308677,381590,1.236211315
Madhya Pradesh,SEHORE,2012,Kharif,Urad,350,208,0.594285714
Madhya Pradesh,SEHORE,2012,Rabi,Gram,97560,87374,0.895592456
Madhya Pradesh,SEHORE,2012,Rabi,Khesari,10,11,1.1
Madhya Pradesh,SEHORE,2012,Rabi,Linseed,173,174,1.005780347
Madhya Pradesh,SEHORE,2012,Rabi,Masoor,3306,2599,0.7861464
Madhya Pradesh,SEHORE,2012,Rabi,Moong(Green Gram),8296,1983,0.239030858
Madhya Pradesh,SEHORE,2012,Rabi,Peas & beans (Pulses),1222,533,0.436170213
Madhya Pradesh,SEHORE,2012,Rabi,Rapeseed &Mustard,56,50,0.892857143
Madhya Pradesh,SEHORE,2012,Rabi,Wheat,237507,503877,2.121524839
Madhya Pradesh,SEHORE,2012,Whole Year,Coriander,735,379,0.515646259
Madhya Pradesh,SEHORE,2012,Whole Year,Dry chillies,350,664,1.897142857
Madhya Pradesh,SEHORE,2012,Whole Year,Dry ginger,3,4,1.333333333
Madhya Pradesh,SEHORE,2012,Whole Year,Garlic,1812,7050,3.890728477
Madhya Pradesh,SEHORE,2012,Whole Year,Onion,2103,49109,23.35187827
Madhya Pradesh,SEHORE,2012,Whole Year,Potato,377,6883,18.25729443
Madhya Pradesh,SEHORE,2012,Whole Year,Sesamum,79,65,0.82278481
Madhya Pradesh,SEHORE,2012,Whole Year,Sugarcane,1681,93690,55.73468174
Madhya Pradesh,SEHORE,2012,Whole Year,Sweet potato,33,262,7.939393939
Madhya Pradesh,SEHORE,2013,Kharif,Arhar/Tur,8740,2768,0.316704805
Madhya Pradesh,SEHORE,2013,Kharif,Barley,16,33,2.0625
Madhya Pradesh,SEHORE,2013,Kharif,Groundnut,446,403,0.903587444
Madhya Pradesh,SEHORE,2013,Kharif,Jowar,1115,1286,1.153363229
Madhya Pradesh,SEHORE,2013,Kharif,Maize,8241,4799,0.582332241
Madhya Pradesh,SEHORE,2013,Kharif,Moong(Green Gram),289,36,0.124567474
Madhya Pradesh,SEHORE,2013,Kharif,Rice,19660,61240,3.114954222
Madhya Pradesh,SEHORE,2013,Kharif,Sannhamp,26,56,2.153846154
Madhya Pradesh,SEHORE,2013,Kharif,Soyabean,312239,150657,0.482505389
Madhya Pradesh,SEHORE,2013,Kharif,Urad,419,88,0.210023866
Madhya Pradesh,SEHORE,2013,Rabi,Gram,100859,88971,0.882132482
Madhya Pradesh,SEHORE,2013,Rabi,Khesari,4,3,0.75
Madhya Pradesh,SEHORE,2013,Rabi,Linseed,103,93,0.902912621
Madhya Pradesh,SEHORE,2013,Rabi,Masoor,2463,1699,0.689809176
Madhya Pradesh,SEHORE,2013,Rabi,Moong(Green Gram),22647,8561,0.378019164
Madhya Pradesh,SEHORE,2013,Rabi,Peas & beans (Pulses),1414,665,0.47029703
Madhya Pradesh,SEHORE,2013,Rabi,Rapeseed &Mustard,68,58,0.852941176
Madhya Pradesh,SEHORE,2013,Rabi,Wheat,245359,543608,2.215561687
Madhya Pradesh,SEHORE,2013,Whole Year,Coriander,649,361,0.55624037
Madhya Pradesh,SEHORE,2013,Whole Year,Dry chillies,371,352,0.948787062
Madhya Pradesh,SEHORE,2013,Whole Year,Dry ginger,2,3,1.5
Madhya Pradesh,SEHORE,2013,Whole Year,Garlic,1974,5689,2.881965552
Madhya Pradesh,SEHORE,2013,Whole Year,Onion,2333,37249,15.96613802
Madhya Pradesh,SEHORE,2013,Whole Year,Potato,413,5151,12.47215496
Madhya Pradesh,SEHORE,2013,Whole Year,Sesamum,70,20,0.285714286
Madhya Pradesh,SEHORE,2013,Whole Year,Sugarcane,767,38000,49.54367666
Madhya Pradesh,SEHORE,2013,Whole Year,Sweet potato,37,294,7.945945946
Madhya Pradesh,SEONI,1997,Kharif,Arhar/Tur,5500,3100,0.563636364
Madhya Pradesh,SEONI,1997,Kharif,Groundnut,3300,4400,1.333333333
Madhya Pradesh,SEONI,1997,Kharif,Jowar,11000,5300,0.481818182
Madhya Pradesh,SEONI,1997,Kharif,Maize,9400,8800,0.936170213
Madhya Pradesh,SEONI,1997,Kharif,Paddy,102800,91800,0.892996109
Madhya Pradesh,SEONI,1997,Kharif,Sesamum,3000,400,0.133333333
Madhya Pradesh,SEONI,1997,Kharif,Small millets,31300,5300,0.169329073
Madhya Pradesh,SEONI,1997,Kharif,Soyabean,96200,86400,0.898128898
Madhya Pradesh,SEONI,1997,Kharif,Sunflower,200,100,0.5
Madhya Pradesh,SEONI,1997,Rabi,Jowar,100,100,1
Madhya Pradesh,SEONI,1997,Rabi,Linseed,16200,1800,0.111111111
Madhya Pradesh,SEONI,1997,Rabi,Rapeseed &Mustard,1000,500,0.5
Madhya Pradesh,SEONI,1997,Rabi,Wheat,91200,40300,0.441885965
Madhya Pradesh,SEONI,1998,Kharif,Arhar/Tur,5000,5800,1.16
Madhya Pradesh,SEONI,1998,Kharif,Bajra,100,100,1
Madhya Pradesh,SEONI,1998,Kharif,Groundnut,3200,4800,1.5
Madhya Pradesh,SEONI,1998,Kharif,Jowar,10100,8300,0.821782178
Madhya Pradesh,SEONI,1998,Kharif,Maize,10000,12900,1.29
Madhya Pradesh,SEONI,1998,Kharif,Rice,104600,80500,0.76959847
Madhya Pradesh,SEONI,1998,Kharif,Sesamum,3100,700,0.225806452
Madhya Pradesh,SEONI,1998,Kharif,Small millets,30700,6700,0.218241042
Madhya Pradesh,SEONI,1998,Kharif,Soyabean,86800,40800,0.470046083
Madhya Pradesh,SEONI,1998,Kharif,Sunflower,300,100,0.333333333
Madhya Pradesh,SEONI,1998,Rabi,Gram,28700,19800,0.68989547
Madhya Pradesh,SEONI,1998,Rabi,Jowar,100,100,1
Madhya Pradesh,SEONI,1998,Rabi,Linseed,17000,4400,0.258823529
Madhya Pradesh,SEONI,1998,Rabi,Rapeseed &Mustard,1200,800,0.666666667
Madhya Pradesh,SEONI,1998,Rabi,Wheat,98200,75600,0.769857434
Madhya Pradesh,SEONI,1998,Whole Year,Sugarcane,947,19610,20.70749736
Madhya Pradesh,SEONI,1999,Kharif,Arhar/Tur,5616,6708,1.194444444
Madhya Pradesh,SEONI,1999,Kharif,Bajra,1,1,1
Madhya Pradesh,SEONI,1999,Kharif,Castor seed,12,5,0.416666667
Madhya Pradesh,SEONI,1999,Kharif,Cotton(lint),4,3,0.75
Madhya Pradesh,SEONI,1999,Kharif,Dry ginger,166,208,1.253012048
Madhya Pradesh,SEONI,1999,Kharif,Groundnut,4483,5868,1.308944903
Madhya Pradesh,SEONI,1999,Kharif,Jowar,9101,7398,0.812877706
Madhya Pradesh,SEONI,1999,Kharif,Maize,12861,20930,1.627400669
Madhya Pradesh,SEONI,1999,Kharif,Niger seed,13590,3193,0.234952171
Madhya Pradesh,SEONI,1999,Kharif,Other Kharif pulses,8538,1709,0.200163973
Madhya Pradesh,SEONI,1999,Kharif,Ragi,1,0.1,0.1
Madhya Pradesh,SEONI,1999,Kharif,Rice,107598,148312,1.378389933
Madhya Pradesh,SEONI,1999,Kharif,Sesamum,3201,588,0.183692596
Madhya Pradesh,SEONI,1999,Kharif,Soyabean,73962,70494,0.953111057
Madhya Pradesh,SEONI,1999,Kharif,Sunflower,34,8,0.235294118
Madhya Pradesh,SEONI,1999,Kharif,Urad,7661,1477,0.192794674
Madhya Pradesh,SEONI,1999,Rabi,Barley,1,1,1
Madhya Pradesh,SEONI,1999,Rabi,Gram,30293,22676,0.748555772
Madhya Pradesh,SEONI,1999,Rabi,Jowar,52,52,1
Madhya Pradesh,SEONI,1999,Rabi,Linseed,15806,5741,0.3632165
Madhya Pradesh,SEONI,1999,Rabi,Other  Rabi pulses,29662,16336,0.550738318
Madhya Pradesh,SEONI,1999,Rabi,Rapeseed &Mustard,1094,817,0.746800731
Madhya Pradesh,SEONI,1999,Rabi,Safflower,6,1,0.166666667
Madhya Pradesh,SEONI,1999,Rabi,Urad,8,2,0.25
Madhya Pradesh,SEONI,1999,Rabi,Wheat,104639,95035,0.908217777
Madhya Pradesh,SEONI,1999,Whole Year,Coriander,392,107,0.272959184
Madhya Pradesh,SEONI,1999,Whole Year,Dry chillies,247,86,0.348178138
Madhya Pradesh,SEONI,1999,Whole Year,Garlic,116,440,3.793103448
Madhya Pradesh,SEONI,1999,Whole Year,Onion,298,4994,16.75838926
Madhya Pradesh,SEONI,1999,Whole Year,Potato,609,11210,18.40722496
Madhya Pradesh,SEONI,1999,Whole Year,Sannhamp,433,917,2.11778291
Madhya Pradesh,SEONI,1999,Whole Year,Sugarcane,844,27460,32.53554502
Madhya Pradesh,SEONI,1999,Whole Year,Sweet potato,21,133,6.333333333
Madhya Pradesh,SEONI,1999,Whole Year,Turmeric,14,13,0.928571429
Madhya Pradesh,SEONI,2000,Kharif,Arhar/Tur,5079,2079,0.409332546
Madhya Pradesh,SEONI,2000,Kharif,Castor seed,5,2,0.4
Madhya Pradesh,SEONI,2000,Kharif,Dry ginger,267,232,0.868913858
Madhya Pradesh,SEONI,2000,Kharif,Groundnut,4547,3059,0.672751265
Madhya Pradesh,SEONI,2000,Kharif,Jowar,8178,2561,0.313157251
Madhya Pradesh,SEONI,2000,Kharif,Maize,14107,12494,0.885659602
Madhya Pradesh,SEONI,2000,Kharif,Niger seed,12455,1801,0.144600562
Madhya Pradesh,SEONI,2000,Kharif,Other Kharif pulses,7438,689,0.092632428
Madhya Pradesh,SEONI,2000,Kharif,Ragi,3,0.1,0.033333333
Madhya Pradesh,SEONI,2000,Kharif,Rice,111104,43910,0.395215294
Madhya Pradesh,SEONI,2000,Kharif,Sesamum,3035,269,0.088632619
Madhya Pradesh,SEONI,2000,Kharif,Small millets,35224,2573,0.073046786
Madhya Pradesh,SEONI,2000,Kharif,Soyabean,71622,37613,0.525159867
Madhya Pradesh,SEONI,2000,Kharif,Sunflower,10,2,0.2
Madhya Pradesh,SEONI,2000,Rabi,Barley,1,2,2
Madhya Pradesh,SEONI,2000,Rabi,Gram,27767,12978,0.467389347
Madhya Pradesh,SEONI,2000,Rabi,Jowar,42,19,0.452380952
Madhya Pradesh,SEONI,2000,Rabi,Linseed,10368,2689,0.25935571
Madhya Pradesh,SEONI,2000,Rabi,Other  Rabi pulses,25073,7726,0.308140231
Madhya Pradesh,SEONI,2000,Rabi,Rapeseed &Mustard,686,276,0.402332362
Madhya Pradesh,SEONI,2000,Rabi,Safflower,6,1,0.166666667
Madhya Pradesh,SEONI,2000,Rabi,Wheat,85502,52140,0.609810297
Madhya Pradesh,SEONI,2000,Whole Year,Coriander,539,128,0.237476809
Madhya Pradesh,SEONI,2000,Whole Year,Dry chillies,243,54,0.222222222
Madhya Pradesh,SEONI,2000,Whole Year,Garlic,117,444,3.794871795
Madhya Pradesh,SEONI,2000,Whole Year,Onion,315,7861,24.95555556
Madhya Pradesh,SEONI,2000,Whole Year,Sannhamp,473,283,0.598308668
Madhya Pradesh,SEONI,2000,Whole Year,Sugarcane,1302,22210,17.05837174
Madhya Pradesh,SEONI,2000,Whole Year,Turmeric,7,6,0.857142857
Madhya Pradesh,SEONI,2001,Kharif,Arhar/Tur,5890,7524,1.277419355
Madhya Pradesh,SEONI,2001,Kharif,Castor seed,5,2,0.4
Madhya Pradesh,SEONI,2001,Kharif,Cotton(lint),10,9,0.9
Madhya Pradesh,SEONI,2001,Kharif,Dry ginger,302,407,1.347682119
Madhya Pradesh,SEONI,2001,Kharif,Groundnut,5807,7828,1.348028242
Madhya Pradesh,SEONI,2001,Kharif,Jowar,7796,6339,0.813109287
Madhya Pradesh,SEONI,2001,Kharif,Maize,14998,30261,2.017669023
Madhya Pradesh,SEONI,2001,Kharif,Niger seed,12587,2730,0.216890443
Madhya Pradesh,SEONI,2001,Kharif,Other Kharif pulses,7114,1738,0.244307
Madhya Pradesh,SEONI,2001,Kharif,Ragi,3,1,0.333333333
Madhya Pradesh,SEONI,2001,Kharif,Rice,115986,112433,0.969366993
Madhya Pradesh,SEONI,2001,Kharif,Sesamum,3464,956,0.275981524
Madhya Pradesh,SEONI,2001,Kharif,Small millets,34775,6773,0.194766355
Madhya Pradesh,SEONI,2001,Kharif,Soyabean,67529,74866,1.108649617
Madhya Pradesh,SEONI,2001,Kharif,Sunflower,13,5,0.384615385
Madhya Pradesh,SEONI,2001,Rabi,Barley,3,3,1
Madhya Pradesh,SEONI,2001,Rabi,Gram,33415,24260,0.726021248
Madhya Pradesh,SEONI,2001,Rabi,Jowar,28,27,0.964285714
Madhya Pradesh,SEONI,2001,Rabi,Linseed,11814,4521,0.382681564
Madhya Pradesh,SEONI,2001,Rabi,Other  Rabi pulses,27541,13131,0.476780073
Madhya Pradesh,SEONI,2001,Rabi,Rapeseed &Mustard,1063,738,0.694261524
Madhya Pradesh,SEONI,2001,Rabi,Safflower,7,2,0.285714286
Madhya Pradesh,SEONI,2001,Rabi,Wheat,95682,83084,0.868334692
Madhya Pradesh,SEONI,2001,Whole Year,Coriander,602,165,0.274086379
Madhya Pradesh,SEONI,2001,Whole Year,Dry chillies,250,94,0.376
Madhya Pradesh,SEONI,2001,Whole Year,Garlic,126,478,3.793650794
Madhya Pradesh,SEONI,2001,Whole Year,Onion,337,8418,24.97922849
Madhya Pradesh,SEONI,2001,Whole Year,Potato,597,14119,23.64991625
Madhya Pradesh,SEONI,2001,Whole Year,Sannhamp,576,1211,2.102430556
Madhya Pradesh,SEONI,2001,Whole Year,Sugarcane,1019,33140,32.52208047
Madhya Pradesh,SEONI,2001,Whole Year,Sweet potato,11,70,6.363636364
Madhya Pradesh,SEONI,2001,Whole Year,Turmeric,17,14,0.823529412
Madhya Pradesh,SEONI,2002,Kharif,Arhar/Tur,6547,6891,1.05254315
Madhya Pradesh,SEONI,2002,Kharif,Bajra,1,0.1,0.1
Madhya Pradesh,SEONI,2002,Kharif,Castor seed,2,1,0.5
Madhya Pradesh,SEONI,2002,Kharif,Cotton(lint),9,7,0.777777778
Madhya Pradesh,SEONI,2002,Kharif,Dry ginger,313,362,1.156549521
Madhya Pradesh,SEONI,2002,Kharif,Groundnut,6077,6553,1.078328122
Madhya Pradesh,SEONI,2002,Kharif,Jowar,7732,4744,0.613554061
Madhya Pradesh,SEONI,2002,Kharif,Maize,15027,19554,1.301257736
Madhya Pradesh,SEONI,2002,Kharif,Niger seed,10954,1781,0.162589009
Madhya Pradesh,SEONI,2002,Kharif,Other Kharif pulses,7126,1779,0.249649172
Madhya Pradesh,SEONI,2002,Kharif,Ragi,3,0.1,0.033333333
Madhya Pradesh,SEONI,2002,Kharif,Rice,116908,80231,0.686274678
Madhya Pradesh,SEONI,2002,Kharif,Sesamum,3400,1069,0.314411765
Madhya Pradesh,SEONI,2002,Kharif,Small millets,34188,4988,0.145899146
Madhya Pradesh,SEONI,2002,Kharif,Soyabean,67645,61803,0.913637372
Madhya Pradesh,SEONI,2002,Rabi,Barley,7,8,1.142857143
Madhya Pradesh,SEONI,2002,Rabi,Gram,38710,27316,0.705657453
Madhya Pradesh,SEONI,2002,Rabi,Jowar,40,28,0.7
Madhya Pradesh,SEONI,2002,Rabi,Linseed,11213,3442,0.30696513
Madhya Pradesh,SEONI,2002,Rabi,Other  Rabi pulses,28187,11435,0.405683471
Madhya Pradesh,SEONI,2002,Rabi,Rapeseed &Mustard,1016,658,0.647637795
Madhya Pradesh,SEONI,2002,Rabi,Safflower,4,1,0.25
Madhya Pradesh,SEONI,2002,Rabi,Wheat,96543,78824,0.816465202
Madhya Pradesh,SEONI,2002,Whole Year,Bhindi,181,0,0
Madhya Pradesh,SEONI,2002,Whole Year,Brinjal,540,0,0
Madhya Pradesh,SEONI,2002,Whole Year,Cauliflower,143,0,0
Madhya Pradesh,SEONI,2002,Whole Year,Citrus Fruit,77,0,0
Madhya Pradesh,SEONI,2002,Whole Year,Coriander,633,134,0.211690363
Madhya Pradesh,SEONI,2002,Whole Year,Dry chillies,269,87,0.323420074
Madhya Pradesh,SEONI,2002,Whole Year,Garlic,146,554,3.794520548
Madhya Pradesh,SEONI,2002,Whole Year,Mango,78,0,0
Madhya Pradesh,SEONI,2002,Whole Year,Onion,358,8589,23.99162011
Madhya Pradesh,SEONI,2002,Whole Year,Other Fresh Fruits,31,0,0
Madhya Pradesh,SEONI,2002,Whole Year,Other Vegetables,507,0,0
Madhya Pradesh,SEONI,2002,Whole Year,Pome Fruit,21,0,0
Madhya Pradesh,SEONI,2002,Whole Year,Potato,668,13824,20.69461078
Madhya Pradesh,SEONI,2002,Whole Year,Sannhamp,524,872,1.664122137
Madhya Pradesh,SEONI,2002,Whole Year,Sugarcane,670,20340,30.35820896
Madhya Pradesh,SEONI,2002,Whole Year,Sweet potato,14,82,5.857142857
Madhya Pradesh,SEONI,2002,Whole Year,Tomato,1187,0,0
Madhya Pradesh,SEONI,2002,Whole Year,Turmeric,9,7,0.777777778
Madhya Pradesh,SEONI,2003,Kharif,Arhar/Tur,7117,7751,1.089082479
Madhya Pradesh,SEONI,2003,Kharif,Castor seed,4,1,0.25
Madhya Pradesh,SEONI,2003,Kharif,Cotton(lint),1,2,2
Madhya Pradesh,SEONI,2003,Kharif,Dry ginger,293,367,1.252559727
Madhya Pradesh,SEONI,2003,Kharif,Groundnut,6051,8281,1.368534127
Madhya Pradesh,SEONI,2003,Kharif,Horse-gram,6,3,0.5
Madhya Pradesh,SEONI,2003,Kharif,Jowar,7541,7102,0.941784909
Madhya Pradesh,SEONI,2003,Kharif,Maize,14035,26326,1.875739223
Madhya Pradesh,SEONI,2003,Kharif,Niger seed,10153,2275,0.224071703
Madhya Pradesh,SEONI,2003,Kharif,Other Kharif pulses,6969,2164,0.310518008
Madhya Pradesh,SEONI,2003,Kharif,other misc. pulses,78,0.01,0.000128205
Madhya Pradesh,SEONI,2003,Kharif,Ragi,11,3,0.272727273
Madhya Pradesh,SEONI,2003,Kharif,Rice,120572,175659,1.456880536
Madhya Pradesh,SEONI,2003,Kharif,Sesamum,3362,1286,0.38251041
Madhya Pradesh,SEONI,2003,Kharif,Small millets,32511,10078,0.309987389
Madhya Pradesh,SEONI,2003,Kharif,Soyabean,72066,84277,1.1694419
Madhya Pradesh,SEONI,2003,Kharif,Sunflower,5,1,0.2
Madhya Pradesh,SEONI,2003,Kharif,Urad,6402,1851,0.289128397
Madhya Pradesh,SEONI,2003,Rabi,Gram,40561,29940,0.738147482
Madhya Pradesh,SEONI,2003,Rabi,Jowar,20,22,1.1
Madhya Pradesh,SEONI,2003,Rabi,Linseed,11725,4877,0.415948827
Madhya Pradesh,SEONI,2003,Rabi,Other  Rabi pulses,29347,13608,0.463693052
Madhya Pradesh,SEONI,2003,Rabi,Rapeseed &Mustard,1106,874,0.790235081
Madhya Pradesh,SEONI,2003,Rabi,Safflower,3,1,0.333333333
Madhya Pradesh,SEONI,2003,Rabi,Urad,15,3,0.2
Madhya Pradesh,SEONI,2003,Rabi,Wheat,98668,93086,0.94342644
Madhya Pradesh,SEONI,2003,Whole Year,Bhindi,109,0,0
Madhya Pradesh,SEONI,2003,Whole Year,Brinjal,506,0,0
Madhya Pradesh,SEONI,2003,Whole Year,Cauliflower,122,0,0
Madhya Pradesh,SEONI,2003,Whole Year,Citrus Fruit,39,0,0
Madhya Pradesh,SEONI,2003,Whole Year,Coriander,700,182,0.26
Madhya Pradesh,SEONI,2003,Whole Year,Dry chillies,249,123,0.493975904
Madhya Pradesh,SEONI,2003,Whole Year,Garlic,156,634,4.064102564
Madhya Pradesh,SEONI,2003,Whole Year,Mango,76,0,0
Madhya Pradesh,SEONI,2003,Whole Year,Onion,380,8775,23.09210526
Madhya Pradesh,SEONI,2003,Whole Year,Orange,38,0,0
Madhya Pradesh,SEONI,2003,Whole Year,Other Citrus Fruit,1,0,0
Madhya Pradesh,SEONI,2003,Whole Year,Other Fresh Fruits,16,0,0
Madhya Pradesh,SEONI,2003,Whole Year,Other Vegetables,463,0,0
Madhya Pradesh,SEONI,2003,Whole Year,Pome Fruit,18,0,0
Madhya Pradesh,SEONI,2003,Whole Year,Potato,695,13677,19.67913669
Madhya Pradesh,SEONI,2003,Whole Year,Sannhamp,371,783,2.110512129
Madhya Pradesh,SEONI,2003,Whole Year,Sugarcane,806,24470,30.35980149
Madhya Pradesh,SEONI,2003,Whole Year,Sweet potato,6,38,6.333333333
Madhya Pradesh,SEONI,2003,Whole Year,Tomato,1155,0,0
Madhya Pradesh,SEONI,2003,Whole Year,Turmeric,5,4,0.8
Madhya Pradesh,SEONI,2003,Whole Year,Water Melon,7,0,0
Madhya Pradesh,SEONI,2004,Kharif,Arhar/Tur,6866,7012,1.0212642
Madhya Pradesh,SEONI,2004,Kharif,Castor seed,2,1,0.5
Madhya Pradesh,SEONI,2004,Kharif,Cotton(lint),3,3,1
Madhya Pradesh,SEONI,2004,Kharif,Dry ginger,258,299,1.158914729
Madhya Pradesh,SEONI,2004,Kharif,Groundnut,5455,7311,1.340238313
Madhya Pradesh,SEONI,2004,Kharif,Horse-gram,15,5,0.333333333
Madhya Pradesh,SEONI,2004,Kharif,Jowar,6411,5185,0.808766183
Madhya Pradesh,SEONI,2004,Kharif,Maize,11513,15121,1.313384869
Madhya Pradesh,SEONI,2004,Kharif,Niger seed,9203,1929,0.209605563
Madhya Pradesh,SEONI,2004,Kharif,Rice,113898,84097,0.738353615
Madhya Pradesh,SEONI,2004,Kharif,Sesamum,3415,1278,0.374231332
Madhya Pradesh,SEONI,2004,Kharif,Small millets,30118,6788,0.225380171
Madhya Pradesh,SEONI,2004,Kharif,Soyabean,95413,81673,0.855994466
Madhya Pradesh,SEONI,2004,Kharif,Urad,5503,1591,0.289115028
Madhya Pradesh,SEONI,2004,Rabi,Gram,43056,28142,0.653613898
Madhya Pradesh,SEONI,2004,Rabi,Jowar,11,11,1
Madhya Pradesh,SEONI,2004,Rabi,Linseed,7777,3072,0.39501093
Madhya Pradesh,SEONI,2004,Rabi,Masoor,10930,3951,0.361482159
Madhya Pradesh,SEONI,2004,Rabi,Rapeseed &Mustard,1216,811,0.666940789
Madhya Pradesh,SEONI,2004,Rabi,Safflower,5,1,0.2
Madhya Pradesh,SEONI,2004,Rabi,Urad,6,2,0.333333333
Madhya Pradesh,SEONI,2004,Rabi,Wheat,92998,77701,0.835512592
Madhya Pradesh,SEONI,2004,Whole Year,Coriander,700,177,0.252857143
Madhya Pradesh,SEONI,2004,Whole Year,Garlic,176,687,3.903409091
Madhya Pradesh,SEONI,2004,Whole Year,Onion,389,10172,26.14910026
Madhya Pradesh,SEONI,2004,Whole Year,Potato,687,16261,23.66957787
Madhya Pradesh,SEONI,2004,Whole Year,Sugarcane,621,16160,26.02254428
Madhya Pradesh,SEONI,2004,Whole Year,Sweet potato,16,101,6.3125
Madhya Pradesh,SEONI,2004,Whole Year,Turmeric,5,4,0.8
Madhya Pradesh,SEONI,2005,Kharif,Arhar/Tur,6937,7453,1.074383739
Madhya Pradesh,SEONI,2005,Kharif,Castor seed,5,2,0.4
Madhya Pradesh,SEONI,2005,Kharif,Cotton(lint),3,3,1
Madhya Pradesh,SEONI,2005,Kharif,Groundnut,5184,5743,1.10783179
Madhya Pradesh,SEONI,2005,Kharif,Horse-gram,7,3,0.428571429
Madhya Pradesh,SEONI,2005,Kharif,Jowar,5505,4638,0.842506812
Madhya Pradesh,SEONI,2005,Kharif,Maize,12510,16661,1.331814548
Madhya Pradesh,SEONI,2005,Kharif,Moong(Green Gram),502,166,0.330677291
Madhya Pradesh,SEONI,2005,Kharif,Niger seed,9197,1662,0.180711101
Madhya Pradesh,SEONI,2005,Kharif,Rice,118323,143950,1.21658511
Madhya Pradesh,SEONI,2005,Kharif,Sesamum,3267,968,0.296296296
Madhya Pradesh,SEONI,2005,Kharif,Small millets,4764,2501,0.524979009
Madhya Pradesh,SEONI,2005,Kharif,Soyabean,86560,71555,0.826652033
Madhya Pradesh,SEONI,2005,Kharif,Sunflower,8,2,0.25
Madhya Pradesh,SEONI,2005,Kharif,Urad,5692,1536,0.269852424
Madhya Pradesh,SEONI,2005,Rabi,Gram,45526,32365,0.710912446
Madhya Pradesh,SEONI,2005,Rabi,Jowar,11,12,1.090909091
Madhya Pradesh,SEONI,2005,Rabi,Linseed,11593,4384,0.378159234
Madhya Pradesh,SEONI,2005,Rabi,Masoor,11683,4222,0.361379783
Madhya Pradesh,SEONI,2005,Rabi,Peas & beans (Pulses),7948,2873,0.361474585
Madhya Pradesh,SEONI,2005,Rabi,Rapeseed &Mustard,1322,998,0.754916793
Madhya Pradesh,SEONI,2005,Rabi,Urad,15,3,0.2
Madhya Pradesh,SEONI,2005,Rabi,Wheat,103032,91153,0.884705722
Madhya Pradesh,SEONI,2005,Whole Year,Onion,463,10808,23.34341253
Madhya Pradesh,SEONI,2005,Whole Year,Potato,791,17020,21.517067
Madhya Pradesh,SEONI,2005,Whole Year,Sugarcane,1051,31910,30.36156042
Madhya Pradesh,SEONI,2005,Whole Year,Sweet potato,30,176,5.866666667
Madhya Pradesh,SEONI,2006,Kharif,Arhar/Tur,6216,5832,0.938223938
Madhya Pradesh,SEONI,2006,Kharif,Castor seed,1,,
Madhya Pradesh,SEONI,2006,Kharif,Cotton(lint),2,3,1.5
Madhya Pradesh,SEONI,2006,Kharif,Dry ginger,297,372,1.252525253
Madhya Pradesh,SEONI,2006,Kharif,Groundnut,4884,5080,1.04013104
Madhya Pradesh,SEONI,2006,Kharif,Horse-gram,4,2,0.5
Madhya Pradesh,SEONI,2006,Kharif,Jowar,5126,4524,0.882559501
Madhya Pradesh,SEONI,2006,Kharif,Jute,321,678,2.112149533
Madhya Pradesh,SEONI,2006,Kharif,Maize,12504,12824,1.025591811
Madhya Pradesh,SEONI,2006,Kharif,Mesta,13,35,2.692307692
Madhya Pradesh,SEONI,2006,Kharif,Moong(Green Gram),508,183,0.36023622
Madhya Pradesh,SEONI,2006,Kharif,Niger seed,8408,1823,0.216817317
Madhya Pradesh,SEONI,2006,Kharif,Other Kharif pulses,431,103,0.238979118
Madhya Pradesh,SEONI,2006,Kharif,Rice,119394,135813,1.137519473
Madhya Pradesh,SEONI,2006,Kharif,Small millets,24810,6024,0.24280532
Madhya Pradesh,SEONI,2006,Kharif,Soyabean,99848,110652,1.108204471
Madhya Pradesh,SEONI,2006,Kharif,Sunflower,1,,
Madhya Pradesh,SEONI,2006,Kharif,Urad,5630,1763,0.313143872
Madhya Pradesh,SEONI,2006,Rabi,Gram,46204,29828,0.645571812
Madhya Pradesh,SEONI,2006,Rabi,Jowar,15,16,1.066666667
Madhya Pradesh,SEONI,2006,Rabi,Khesari,10554,7102,0.67292022
Madhya Pradesh,SEONI,2006,Rabi,Linseed,11234,4203,0.374132099
Madhya Pradesh,SEONI,2006,Rabi,Masoor,11716,4588,0.391601229
Madhya Pradesh,SEONI,2006,Rabi,Moong(Green Gram),74,19,0.256756757
Madhya Pradesh,SEONI,2006,Rabi,Other  Rabi pulses,24,9,0.375
Madhya Pradesh,SEONI,2006,Rabi,Peas & beans (Pulses),7926,3104,0.391622508
Madhya Pradesh,SEONI,2006,Rabi,Rapeseed &Mustard,1123,856,0.762243989
Madhya Pradesh,SEONI,2006,Rabi,Safflower,4,1,0.25
Madhya Pradesh,SEONI,2006,Rabi,Small millets,49,,
Madhya Pradesh,SEONI,2006,Rabi,Urad,28,6,0.214285714
Madhya Pradesh,SEONI,2006,Rabi,Wheat,104715,101306,0.96744497
Madhya Pradesh,SEONI,2006,Whole Year,Coriander,366,96,0.262295082
Madhya Pradesh,SEONI,2006,Whole Year,Dry chillies,253,114,0.450592885
Madhya Pradesh,SEONI,2006,Whole Year,Garlic,332,1260,3.795180723
Madhya Pradesh,SEONI,2006,Whole Year,Onion,432,10143,23.47916667
Madhya Pradesh,SEONI,2006,Whole Year,Potato,816,16258,19.92401961
Madhya Pradesh,SEONI,2006,Whole Year,Sesamum,3062,821,0.268125408
Madhya Pradesh,SEONI,2006,Whole Year,Sugarcane,1014,30790,30.36489152
Madhya Pradesh,SEONI,2006,Whole Year,Sweet potato,19,120,6.315789474
Madhya Pradesh,SEONI,2006,Whole Year,Turmeric,3,3,1
Madhya Pradesh,SEONI,2007,Kharif,Arhar/Tur,6370,6238,0.979277865
Madhya Pradesh,SEONI,2007,Kharif,Castor seed,11,5,0.454545455
Madhya Pradesh,SEONI,2007,Kharif,Groundnut,4556,5030,1.10403863
Madhya Pradesh,SEONI,2007,Kharif,Horse-gram,3,1,0.333333333
Madhya Pradesh,SEONI,2007,Kharif,Jowar,4967,4435,0.892893094
Madhya Pradesh,SEONI,2007,Kharif,Maize,11865,14299,1.205141172
Madhya Pradesh,SEONI,2007,Kharif,Niger seed,7753,1681,0.216819296
Madhya Pradesh,SEONI,2007,Kharif,Rice,118956,147911,1.243409328
Madhya Pradesh,SEONI,2007,Kharif,Sannhamp,277,97,0.350180505
Madhya Pradesh,SEONI,2007,Kharif,Soyabean,110104,107569,0.976976313
Madhya Pradesh,SEONI,2007,Kharif,Urad,6151,1779,0.289221265
Madhya Pradesh,SEONI,2007,Rabi,Gram,47170,21882,0.463896544
Madhya Pradesh,SEONI,2007,Rabi,Jowar,27,30,1.111111111
Madhya Pradesh,SEONI,2007,Rabi,Khesari,11129,5951,0.534729086
Madhya Pradesh,SEONI,2007,Rabi,Linseed,10767,3660,0.339927556
Madhya Pradesh,SEONI,2007,Rabi,Masoor,12718,4597,0.361456204
Madhya Pradesh,SEONI,2007,Rabi,Peas & beans (Pulses),7825,2828,0.361405751
Madhya Pradesh,SEONI,2007,Rabi,Rapeseed &Mustard,1091,853,0.781851512
Madhya Pradesh,SEONI,2007,Rabi,Urad,27,6,0.222222222
Madhya Pradesh,SEONI,2007,Rabi,Wheat,110466,93405,0.845554288
Madhya Pradesh,SEONI,2007,Whole Year,Coriander,310,78,0.251612903
Madhya Pradesh,SEONI,2007,Whole Year,Garlic,175,664,3.794285714
Madhya Pradesh,SEONI,2007,Whole Year,Onion,437,8876,20.31121281
Madhya Pradesh,SEONI,2007,Whole Year,Potato,860,14932,17.3627907
Madhya Pradesh,SEONI,2007,Whole Year,Sesamum,2511,850,0.338510554
Madhya Pradesh,SEONI,2007,Whole Year,Sugarcane,1169,35490,30.35928144
Madhya Pradesh,SEONI,2007,Whole Year,Sunflower,4,1,0.25
Madhya Pradesh,SEONI,2007,Whole Year,Sweet potato,13,82,6.307692308
Madhya Pradesh,SEONI,2007,Whole Year,Turmeric,1,1,1
Madhya Pradesh,SEONI,2008,Kharif,Arhar/Tur,7031,7610,1.082349595
Madhya Pradesh,SEONI,2008,Kharif,Groundnut,4446,4746,1.067476383
Madhya Pradesh,SEONI,2008,Kharif,Horse-gram,2,1,0.5
Madhya Pradesh,SEONI,2008,Kharif,Jowar,4925,4636,0.941319797
Madhya Pradesh,SEONI,2008,Kharif,Maize,11267,12832,1.138901216
Madhya Pradesh,SEONI,2008,Kharif,Niger seed,7239,1570,0.216880785
Madhya Pradesh,SEONI,2008,Kharif,Rice,115562,117316,1.015178
Madhya Pradesh,SEONI,2008,Kharif,Sannhamp,272,88,0.323529412
Madhya Pradesh,SEONI,2008,Kharif,Soyabean,113504,119779,1.055284395
Madhya Pradesh,SEONI,2008,Kharif,Urad,6723,1944,0.289156627
Madhya Pradesh,SEONI,2008,Rabi,Gram,47527,33652,0.708060681
Madhya Pradesh,SEONI,2008,Rabi,Khesari,11215,7872,0.701917075
Madhya Pradesh,SEONI,2008,Rabi,Linseed,10032,3786,0.377392344
Madhya Pradesh,SEONI,2008,Rabi,Masoor,12824,4635,0.361431691
Madhya Pradesh,SEONI,2008,Rabi,Peas & beans (Pulses),7818,2826,0.361473523
Madhya Pradesh,SEONI,2008,Rabi,Rapeseed &Mustard,1080,901,0.834259259
Madhya Pradesh,SEONI,2008,Rabi,Urad,14,3,0.214285714
Madhya Pradesh,SEONI,2008,Rabi,Wheat,103101,90147,0.874356214
Madhya Pradesh,SEONI,2008,Whole Year,Coriander,281,71,0.252669039
Madhya Pradesh,SEONI,2008,Whole Year,Garlic,170,645,3.794117647
Madhya Pradesh,SEONI,2008,Whole Year,Onion,376,7752,20.61702128
Madhya Pradesh,SEONI,2008,Whole Year,Potato,788,12222,15.51015228
Madhya Pradesh,SEONI,2008,Whole Year,Sesamum,2486,769,0.309332261
Madhya Pradesh,SEONI,2008,Whole Year,Small millets,20574,5079,0.246864975
Madhya Pradesh,SEONI,2008,Whole Year,Sugarcane,1185,35980,30.3628692
Madhya Pradesh,SEONI,2008,Whole Year,Sweet potato,5,32,6.4
Madhya Pradesh,SEONI,2008,Whole Year,Turmeric,1,1,1
Madhya Pradesh,SEONI,2009,Kharif,Cowpea(Lobia),69,25,0.362318841
Madhya Pradesh,SEONI,2009,Kharif,Horse-gram,7,3,0.428571429
Madhya Pradesh,SEONI,2009,Kharif,Jowar,3845,4095,1.065019506
Madhya Pradesh,SEONI,2009,Kharif,Moong(Green Gram),421,152,0.361045131
Madhya Pradesh,SEONI,2009,Kharif,Small millets,18856,4550,0.241302503
Madhya Pradesh,SEONI,2009,Kharif,Urad,6645,1921,0.289089541
Madhya Pradesh,SEONI,2009,Rabi,Cowpea(Lobia),28,10,0.357142857
Madhya Pradesh,SEONI,2009,Rabi,Jowar,29,71,2.448275862
Madhya Pradesh,SEONI,2009,Rabi,Moong(Green Gram),56,15,0.267857143
Madhya Pradesh,SEONI,2009,Rabi,Small millets,47,14,0.29787234
Madhya Pradesh,SEONI,2009,Rabi,Urad,27,7,0.259259259
Madhya Pradesh,SEONI,2009,Whole Year,Arhar/Tur,7204,7510,1.042476402
Madhya Pradesh,SEONI,2009,Whole Year,Coriander,290,73,0.251724138
Madhya Pradesh,SEONI,2009,Whole Year,Dry chillies,254,224,0.881889764
Madhya Pradesh,SEONI,2009,Whole Year,Dry ginger,339,425,1.253687316
Madhya Pradesh,SEONI,2009,Whole Year,Garlic,197,748,3.796954315
Madhya Pradesh,SEONI,2009,Whole Year,Gram,48122,34113,0.708885749
Madhya Pradesh,SEONI,2009,Whole Year,Groundnut,4374,4733,1.082075903
Madhya Pradesh,SEONI,2009,Whole Year,Khesari,11606,7753,0.668016543
Madhya Pradesh,SEONI,2009,Whole Year,Linseed,10054,4034,0.40123334
Madhya Pradesh,SEONI,2009,Whole Year,Maize,11614,12726,1.095746513
Madhya Pradesh,SEONI,2009,Whole Year,Masoor,13562,4902,0.361451113
Madhya Pradesh,SEONI,2009,Whole Year,Mesta,10,5,0.5
Madhya Pradesh,SEONI,2009,Whole Year,Niger seed,6806,1476,0.21686747
Madhya Pradesh,SEONI,2009,Whole Year,Onion,430,9187,21.36511628
Madhya Pradesh,SEONI,2009,Whole Year,Peas & beans (Pulses),7966,2879,0.361410997
Madhya Pradesh,SEONI,2009,Whole Year,Potato,956,15785,16.51150628
Madhya Pradesh,SEONI,2009,Whole Year,Rapeseed &Mustard,1180,997,0.844915254
Madhya Pradesh,SEONI,2009,Whole Year,Rice,116827,122413,1.04781429
Madhya Pradesh,SEONI,2009,Whole Year,Safflower,16,4,0.25
Madhya Pradesh,SEONI,2009,Whole Year,Sannhamp,191,62,0.32460733
Madhya Pradesh,SEONI,2009,Whole Year,Sesamum,2561,804,0.313939867
Madhya Pradesh,SEONI,2009,Whole Year,Soyabean,113239,123397,1.089704077
Madhya Pradesh,SEONI,2009,Whole Year,Sugarcane,1020,30970,30.3627451
Madhya Pradesh,SEONI,2009,Whole Year,Sweet potato,4,25,6.25
Madhya Pradesh,SEONI,2009,Whole Year,Turmeric,4,4,1
Madhya Pradesh,SEONI,2009,Whole Year,Wheat,108784,90484,0.831776732
Madhya Pradesh,SEONI,2010,Kharif,Arhar/Tur,16366,9049,0.552914579
Madhya Pradesh,SEONI,2010,Kharif,Cowpea(Lobia),38,11,0.289473684
Madhya Pradesh,SEONI,2010,Kharif,Groundnut,4319,5687,1.316739986
Madhya Pradesh,SEONI,2010,Kharif,Horse-gram,11,3,0.272727273
Madhya Pradesh,SEONI,2010,Kharif,Jowar,3815,4567,1.197116645
Madhya Pradesh,SEONI,2010,Kharif,Maize,11859,15086,1.272114006
Madhya Pradesh,SEONI,2010,Kharif,Moong(Green Gram),470,170,0.361702128
Madhya Pradesh,SEONI,2010,Kharif,Niger seed,6158,1335,0.216791166
Madhya Pradesh,SEONI,2010,Kharif,Other Kharif pulses,179,51,0.284916201
Madhya Pradesh,SEONI,2010,Kharif,Rice,116339,153894,1.322806625
Madhya Pradesh,SEONI,2010,Kharif,Small millets,17159,4856,0.283000175
Madhya Pradesh,SEONI,2010,Kharif,Soyabean,120161,113369,0.943475837
Madhya Pradesh,SEONI,2010,Kharif,Urad,6385,1847,0.289271731
Madhya Pradesh,SEONI,2010,Rabi,Cowpea(Lobia),21,6,0.285714286
Madhya Pradesh,SEONI,2010,Rabi,Gram,51331,35444,0.690498919
Madhya Pradesh,SEONI,2010,Rabi,Jowar,12,16,1.333333333
Madhya Pradesh,SEONI,2010,Rabi,Khesari,11009,6256,0.568262331
Madhya Pradesh,SEONI,2010,Rabi,Linseed,8605,2814,0.327019175
Madhya Pradesh,SEONI,2010,Rabi,Masoor,26208,7010,0.26747558
Madhya Pradesh,SEONI,2010,Rabi,Moong(Green Gram),43,7,0.162790698
Madhya Pradesh,SEONI,2010,Rabi,Peas & beans (Pulses),11407,3050,0.267379679
Madhya Pradesh,SEONI,2010,Rabi,Rapeseed &Mustard,1103,851,0.771532185
Madhya Pradesh,SEONI,2010,Rabi,Urad,1,,
Madhya Pradesh,SEONI,2010,Rabi,Wheat,111663,102116,0.91450167
Madhya Pradesh,SEONI,2010,Whole Year,Banana,1,46,46
Madhya Pradesh,SEONI,2010,Whole Year,Coriander,295,75,0.254237288
Madhya Pradesh,SEONI,2010,Whole Year,Dry chillies,234,311,1.329059829
Madhya Pradesh,SEONI,2010,Whole Year,Dry ginger,378,474,1.253968254
Madhya Pradesh,SEONI,2010,Whole Year,Garlic,229,718,3.135371179
Madhya Pradesh,SEONI,2010,Whole Year,Mesta,9,24,2.666666667
Madhya Pradesh,SEONI,2010,Whole Year,Onion,445,11008,24.73707865
Madhya Pradesh,SEONI,2010,Whole Year,Potato,1060,17807,16.7990566
Madhya Pradesh,SEONI,2010,Whole Year,Sannhamp,143,255,1.783216783
Madhya Pradesh,SEONI,2010,Whole Year,Sesamum,2399,1113,0.46394331
Madhya Pradesh,SEONI,2010,Whole Year,Sugarcane,1125,34160,30.36444444
Madhya Pradesh,SEONI,2010,Whole Year,Sweet potato,3,16,5.333333333
Madhya Pradesh,SEONI,2010,Whole Year,Turmeric,22,17,0.772727273
Madhya Pradesh,SEONI,2011,Kharif,Arhar/Tur,14671,11694,0.79708268
Madhya Pradesh,SEONI,2011,Kharif,Groundnut,4014,5095,1.269307424
Madhya Pradesh,SEONI,2011,Kharif,Horse-gram,1,,
Madhya Pradesh,SEONI,2011,Kharif,Jowar,2120,2140,1.009433962
Madhya Pradesh,SEONI,2011,Kharif,Maize,15342,15910,1.037022552
Madhya Pradesh,SEONI,2011,Kharif,Mesta,8,18,2.25
Madhya Pradesh,SEONI,2011,Kharif,Moong(Green Gram),490,127,0.259183673
Madhya Pradesh,SEONI,2011,Kharif,Niger seed,5506,836,0.151834363
Madhya Pradesh,SEONI,2011,Kharif,Other Kharif pulses,274,72,0.262773723
Madhya Pradesh,SEONI,2011,Kharif,Rice,120142,177221,1.475096136
Madhya Pradesh,SEONI,2011,Kharif,Sannhamp,103,144,1.398058252
Madhya Pradesh,SEONI,2011,Kharif,Small millets,13889,3469,0.249766002
Madhya Pradesh,SEONI,2011,Kharif,Soyabean,122138,122063,0.99938594
Madhya Pradesh,SEONI,2011,Kharif,Urad,6624,1437,0.216938406
Madhya Pradesh,SEONI,2011,Rabi,Gram,47361,31918,0.673930027
Madhya Pradesh,SEONI,2011,Rabi,Khesari,10820,7087,0.654990758
Madhya Pradesh,SEONI,2011,Rabi,Linseed,8517,4113,0.48291652
Madhya Pradesh,SEONI,2011,Rabi,Masoor,22926,6132,0.267469249
Madhya Pradesh,SEONI,2011,Rabi,Moong(Green Gram),46,8,0.173913043
Madhya Pradesh,SEONI,2011,Rabi,Other  Rabi pulses,35,10,0.285714286
Madhya Pradesh,SEONI,2011,Rabi,Peas & beans (Pulses),10586,2832,0.267523144
Madhya Pradesh,SEONI,2011,Rabi,Rapeseed &Mustard,1208,1205,0.997516556
Madhya Pradesh,SEONI,2011,Rabi,Urad,4,1,0.25
Madhya Pradesh,SEONI,2011,Rabi,Wheat,120707,242742,2.011001847
Madhya Pradesh,SEONI,2011,Whole Year,Banana,1,53,53
Madhya Pradesh,SEONI,2011,Whole Year,Coriander,268,68,0.253731343
Madhya Pradesh,SEONI,2011,Whole Year,Dry chillies,263,189,0.718631179
Madhya Pradesh,SEONI,2011,Whole Year,Dry ginger,441,456,1.034013605
Madhya Pradesh,SEONI,2011,Whole Year,Garlic,253,794,3.138339921
Madhya Pradesh,SEONI,2011,Whole Year,Onion,532,14062,26.43233083
Madhya Pradesh,SEONI,2011,Whole Year,Potato,1138,20630,18.12829525
Madhya Pradesh,SEONI,2011,Whole Year,Sesamum,2588,1080,0.417310665
Madhya Pradesh,SEONI,2011,Whole Year,Sugarcane,721,18480,25.63106796
Madhya Pradesh,SEONI,2011,Whole Year,Sweet potato,6,32,5.333333333
Madhya Pradesh,SEONI,2011,Whole Year,Turmeric,5,4,0.8
Madhya Pradesh,SEONI,2012,Kharif,Arhar/Tur,15653,16084,1.027534658
Madhya Pradesh,SEONI,2012,Kharif,Bajra,13,23,1.769230769
Madhya Pradesh,SEONI,2012,Kharif,Groundnut,4791,6104,1.274055521
Madhya Pradesh,SEONI,2012,Kharif,Jowar,1702,3024,1.776733255
Madhya Pradesh,SEONI,2012,Kharif,Maize,18389,46976,2.554570667
Madhya Pradesh,SEONI,2012,Kharif,Mesta,8,5,0.625
Madhya Pradesh,SEONI,2012,Kharif,Moong(Green Gram),500,192,0.384
Madhya Pradesh,SEONI,2012,Kharif,Niger seed,4940,524,0.106072874
Madhya Pradesh,SEONI,2012,Kharif,Other Kharif pulses,349,94,0.269340974
Madhya Pradesh,SEONI,2012,Kharif,Rice,136546,281012,2.058002431
Madhya Pradesh,SEONI,2012,Kharif,Sannhamp,123,222,1.804878049
Madhya Pradesh,SEONI,2012,Kharif,Small millets,12584,4543,0.361013986
Madhya Pradesh,SEONI,2012,Kharif,Soyabean,118994,147694,1.241188631
Madhya Pradesh,SEONI,2012,Kharif,Urad,6698,2130,0.318005375
Madhya Pradesh,SEONI,2012,Rabi,Gram,46396,39520,0.851797569
Madhya Pradesh,SEONI,2012,Rabi,Khesari,8266,6956,0.841519477
Madhya Pradesh,SEONI,2012,Rabi,Linseed,8531,3595,0.42140429
Madhya Pradesh,SEONI,2012,Rabi,Masoor,21163,12274,0.579974484
Madhya Pradesh,SEONI,2012,Rabi,Moong(Green Gram),325,83,0.255384615
Madhya Pradesh,SEONI,2012,Rabi,Other  Rabi pulses,206,17,0.082524272
Madhya Pradesh,SEONI,2012,Rabi,Peas & beans (Pulses),9180,5325,0.580065359
Madhya Pradesh,SEONI,2012,Rabi,Rapeseed &Mustard,1182,1097,0.928087986
Madhya Pradesh,SEONI,2012,Rabi,Urad,242,48,0.198347107
Madhya Pradesh,SEONI,2012,Rabi,Wheat,132113,374258,2.832862777
Madhya Pradesh,SEONI,2012,Whole Year,Banana,3,,
Madhya Pradesh,SEONI,2012,Whole Year,Coriander,266,93,0.34962406
Madhya Pradesh,SEONI,2012,Whole Year,Dry chillies,299,433,1.448160535
Madhya Pradesh,SEONI,2012,Whole Year,Dry ginger,429,827,1.927738928
Madhya Pradesh,SEONI,2012,Whole Year,Garlic,328,1245,3.795731707
Madhya Pradesh,SEONI,2012,Whole Year,Onion,607,15930,26.24382208
Madhya Pradesh,SEONI,2012,Whole Year,Potato,1137,24925,21.92172383
Madhya Pradesh,SEONI,2012,Whole Year,Sesamum,2391,1098,0.459222083
Madhya Pradesh,SEONI,2012,Whole Year,Sugarcane,767,23550,30.70404172
Madhya Pradesh,SEONI,2012,Whole Year,Sweet potato,24,152,6.333333333
Madhya Pradesh,SEONI,2012,Whole Year,Turmeric,25,27,1.08
Madhya Pradesh,SEONI,2013,Kharif,Arhar/Tur,13921,17524,1.258817614
Madhya Pradesh,SEONI,2013,Kharif,Groundnut,4523,4426,0.978554057
Madhya Pradesh,SEONI,2013,Kharif,Horse-gram,1,,
Madhya Pradesh,SEONI,2013,Kharif,Jowar,1035,750,0.724637681
Madhya Pradesh,SEONI,2013,Kharif,Maize,22047,40521,1.837937134
Madhya Pradesh,SEONI,2013,Kharif,Mesta,7,27,3.857142857
Madhya Pradesh,SEONI,2013,Kharif,Moong(Green Gram),513,65,0.126705653
Madhya Pradesh,SEONI,2013,Kharif,Niger seed,4481,972,0.216915867
Madhya Pradesh,SEONI,2013,Kharif,Other Kharif pulses,233,102,0.43776824
Madhya Pradesh,SEONI,2013,Kharif,Rice,150237,440990,2.935295566
Madhya Pradesh,SEONI,2013,Kharif,Sannhamp,97,172,1.773195876
Madhya Pradesh,SEONI,2013,Kharif,Small millets,10315,2788,0.270285991
Madhya Pradesh,SEONI,2013,Kharif,Soyabean,106488,27466,0.257925776
Madhya Pradesh,SEONI,2013,Kharif,Urad,7913,839,0.106028055
Madhya Pradesh,SEONI,2013,Rabi,Gram,44003,43119,0.979910461
Madhya Pradesh,SEONI,2013,Rabi,Khesari,7698,5052,0.656274357
Madhya Pradesh,SEONI,2013,Rabi,Linseed,7613,3081,0.404702483
Madhya Pradesh,SEONI,2013,Rabi,Masoor,20282,13196,0.650626171
Madhya Pradesh,SEONI,2013,Rabi,Moong(Green Gram),146,60,0.410958904
Madhya Pradesh,SEONI,2013,Rabi,Other  Rabi pulses,83,48,0.578313253
Madhya Pradesh,SEONI,2013,Rabi,Peas & beans (Pulses),8759,6332,0.722913575
Madhya Pradesh,SEONI,2013,Rabi,Rapeseed &Mustard,1189,1031,0.867115223
Madhya Pradesh,SEONI,2013,Rabi,Urad,225,81,0.36
Madhya Pradesh,SEONI,2013,Rabi,Wheat,153282,346039,2.257531869
Madhya Pradesh,SEONI,2013,Whole Year,Banana,3,,
Madhya Pradesh,SEONI,2013,Whole Year,Coriander,298,129,0.432885906
Madhya Pradesh,SEONI,2013,Whole Year,Dry chillies,296,238,0.804054054
Madhya Pradesh,SEONI,2013,Whole Year,Dry ginger,454,1258,2.77092511
Madhya Pradesh,SEONI,2013,Whole Year,Garlic,320,1851,5.784375
Madhya Pradesh,SEONI,2013,Whole Year,Onion,714,22621,31.68207283
Madhya Pradesh,SEONI,2013,Whole Year,Potato,1229,28147,22.90235964
Madhya Pradesh,SEONI,2013,Whole Year,Sesamum,2599,830,0.319353598
Madhya Pradesh,SEONI,2013,Whole Year,Sugarcane,625,31520,50.432
Madhya Pradesh,SEONI,2013,Whole Year,Sunflower,4,3,0.75
Madhya Pradesh,SEONI,2013,Whole Year,Sweet potato,17,184,10.82352941
Madhya Pradesh,SEONI,2013,Whole Year,Turmeric,16,21,1.3125
Madhya Pradesh,SHAHDOL,1997,Kharif,Arhar/Tur,14200,6300,0.443661972
Madhya Pradesh,SHAHDOL,1997,Kharif,Groundnut,500,400,0.8
Madhya Pradesh,SHAHDOL,1997,Kharif,Jowar,3900,3100,0.794871795
Madhya Pradesh,SHAHDOL,1997,Kharif,Maize,34500,29800,0.863768116
Madhya Pradesh,SHAHDOL,1997,Kharif,Paddy,244400,152900,0.625613748
Madhya Pradesh,SHAHDOL,1997,Kharif,Sesamum,10300,1700,0.165048544
Madhya Pradesh,SHAHDOL,1997,Kharif,Small millets,78600,22500,0.286259542
Madhya Pradesh,SHAHDOL,1997,Kharif,Soyabean,6700,3900,0.582089552
Madhya Pradesh,SHAHDOL,1997,Rabi,Barley,2400,1300,0.541666667
Madhya Pradesh,SHAHDOL,1997,Rabi,Linseed,15800,2800,0.17721519
Madhya Pradesh,SHAHDOL,1997,Rabi,Rapeseed &Mustard,21500,4500,0.209302326
Madhya Pradesh,SHAHDOL,1997,Rabi,Wheat,72800,50100,0.688186813
Madhya Pradesh,SHAHDOL,1998,Kharif,Arhar/Tur,9600,5600,0.583333333
Madhya Pradesh,SHAHDOL,1998,Kharif,Groundnut,500,400,0.8
Madhya Pradesh,SHAHDOL,1998,Kharif,Jowar,3000,2900,0.966666667
Madhya Pradesh,SHAHDOL,1998,Kharif,Maize,23900,25100,1.050209205
Madhya Pradesh,SHAHDOL,1998,Kharif,Rice,205600,88300,0.429474708
Madhya Pradesh,SHAHDOL,1998,Kharif,Sesamum,7600,1300,0.171052632
Madhya Pradesh,SHAHDOL,1998,Kharif,Small millets,51300,16500,0.321637427
Madhya Pradesh,SHAHDOL,1998,Kharif,Soyabean,6000,2700,0.45
Madhya Pradesh,SHAHDOL,1998,Rabi,Barley,1600,900,0.5625
Madhya Pradesh,SHAHDOL,1998,Rabi,Gram,8600,4500,0.523255814
Madhya Pradesh,SHAHDOL,1998,Rabi,Linseed,10900,2600,0.23853211
Madhya Pradesh,SHAHDOL,1998,Rabi,Rapeseed &Mustard,14000,4200,0.3
Madhya Pradesh,SHAHDOL,1998,Rabi,Wheat,46300,34600,0.747300216
Madhya Pradesh,SHAHDOL,1998,Whole Year,Sugarcane,28,300,10.71428571
Madhya Pradesh,SHAHDOL,1999,Kharif,Arhar/Tur,9519,5894,0.619182687
Madhya Pradesh,SHAHDOL,1999,Kharif,Bajra,2,1,0.5
Madhya Pradesh,SHAHDOL,1999,Kharif,Dry ginger,74,95,1.283783784
Madhya Pradesh,SHAHDOL,1999,Kharif,Groundnut,500,410,0.82
Madhya Pradesh,SHAHDOL,1999,Kharif,Jowar,3007,2883,0.958762887
Madhya Pradesh,SHAHDOL,1999,Kharif,Maize,24315,28976,1.191692371
Madhya Pradesh,SHAHDOL,1999,Kharif,Niger seed,12384,3657,0.295300388
Madhya Pradesh,SHAHDOL,1999,Kharif,Other Kharif pulses,13882,5627,0.405345051
Madhya Pradesh,SHAHDOL,1999,Kharif,Rice,214517,195837,0.912920654
Madhya Pradesh,SHAHDOL,1999,Kharif,Sesamum,8048,1285,0.159666998
Madhya Pradesh,SHAHDOL,1999,Kharif,Soyabean,4921,2670,0.542572648
Madhya Pradesh,SHAHDOL,1999,Kharif,Sunflower,42,13,0.30952381
Madhya Pradesh,SHAHDOL,1999,Kharif,Urad,12993,5354,0.412068037
Madhya Pradesh,SHAHDOL,1999,Rabi,Barley,1398,714,0.510729614
Madhya Pradesh,SHAHDOL,1999,Rabi,Gram,8152,4134,0.507114818
Madhya Pradesh,SHAHDOL,1999,Rabi,Linseed,10115,2248,0.222244192
Madhya Pradesh,SHAHDOL,1999,Rabi,Other  Rabi pulses,8649,3557,0.411261418
Madhya Pradesh,SHAHDOL,1999,Rabi,Rapeseed &Mustard,13812,4129,0.298942948
Madhya Pradesh,SHAHDOL,1999,Rabi,Safflower,20,13,0.65
Madhya Pradesh,SHAHDOL,1999,Rabi,Wheat,47364,30288,0.639473017
Madhya Pradesh,SHAHDOL,1999,Whole Year,Coriander,120,29,0.241666667
Madhya Pradesh,SHAHDOL,1999,Whole Year,Dry chillies,82,26,0.317073171
Madhya Pradesh,SHAHDOL,1999,Whole Year,Garlic,32,65,2.03125
Madhya Pradesh,SHAHDOL,1999,Whole Year,Onion,127,872,6.866141732
Madhya Pradesh,SHAHDOL,1999,Whole Year,Potato,530,4605,8.688679245
Madhya Pradesh,SHAHDOL,1999,Whole Year,Sannhamp,131,244,1.86259542
Madhya Pradesh,SHAHDOL,1999,Whole Year,Sugarcane,19,480,25.26315789
Madhya Pradesh,SHAHDOL,1999,Whole Year,Sweet potato,168,911,5.422619048
Madhya Pradesh,SHAHDOL,1999,Whole Year,Turmeric,30,24,0.8
Madhya Pradesh,SHAHDOL,2000,Kharif,Arhar/Tur,9166,4281,0.467052149
Madhya Pradesh,SHAHDOL,2000,Kharif,Dry ginger,112,148,1.321428571
Madhya Pradesh,SHAHDOL,2000,Kharif,Groundnut,612,581,0.949346405
Madhya Pradesh,SHAHDOL,2000,Kharif,Jowar,2795,2064,0.738461538
Madhya Pradesh,SHAHDOL,2000,Kharif,Maize,24047,32485,1.350896162
Madhya Pradesh,SHAHDOL,2000,Kharif,Niger seed,11855,2764,0.233150569
Madhya Pradesh,SHAHDOL,2000,Kharif,Other Kharif pulses,12006,3848,0.320506413
Madhya Pradesh,SHAHDOL,2000,Kharif,Rice,204290,142449,0.697288169
Madhya Pradesh,SHAHDOL,2000,Kharif,Sesamum,7687,1388,0.18056459
Madhya Pradesh,SHAHDOL,2000,Kharif,Small millets,48267,9772,0.202457165
Madhya Pradesh,SHAHDOL,2000,Kharif,Soyabean,4276,1715,0.401075772
Madhya Pradesh,SHAHDOL,2000,Kharif,Sunflower,8,2,0.25
Madhya Pradesh,SHAHDOL,2000,Rabi,Barley,991,475,0.479313824
Madhya Pradesh,SHAHDOL,2000,Rabi,Gram,4721,1937,0.410294429
Madhya Pradesh,SHAHDOL,2000,Rabi,Linseed,6725,1300,0.19330855
Madhya Pradesh,SHAHDOL,2000,Rabi,Other  Rabi pulses,6641,2075,0.312452944
Madhya Pradesh,SHAHDOL,2000,Rabi,Rapeseed &Mustard,12749,2852,0.22370382
Madhya Pradesh,SHAHDOL,2000,Rabi,Wheat,31161,20338,0.652674818
Madhya Pradesh,SHAHDOL,2000,Whole Year,Coriander,84,25,0.297619048
Madhya Pradesh,SHAHDOL,2000,Whole Year,Dry chillies,79,19,0.240506329
Madhya Pradesh,SHAHDOL,2000,Whole Year,Garlic,28,54,1.928571429
Madhya Pradesh,SHAHDOL,2000,Whole Year,Onion,117,1024,8.752136752
Madhya Pradesh,SHAHDOL,2000,Whole Year,Sannhamp,160,183,1.14375
Madhya Pradesh,SHAHDOL,2000,Whole Year,Sugarcane,37,550,14.86486486
Madhya Pradesh,SHAHDOL,2000,Whole Year,Turmeric,23,19,0.826086957
Madhya Pradesh,SHAHDOL,2001,Kharif,Arhar/Tur,10139,6052,0.596903048
Madhya Pradesh,SHAHDOL,2001,Kharif,Dry ginger,163,215,1.319018405
Madhya Pradesh,SHAHDOL,2001,Kharif,Groundnut,607,504,0.830313015
Madhya Pradesh,SHAHDOL,2001,Kharif,Jowar,2327,1934,0.831113021
Madhya Pradesh,SHAHDOL,2001,Kharif,Maize,24106,29255,1.213598274
Madhya Pradesh,SHAHDOL,2001,Kharif,Niger seed,12942,3688,0.284963684
Madhya Pradesh,SHAHDOL,2001,Kharif,Other Kharif pulses,10909,4069,0.372994775
Madhya Pradesh,SHAHDOL,2001,Kharif,Rice,208437,191663,0.919524844
Madhya Pradesh,SHAHDOL,2001,Kharif,Sesamum,6716,1282,0.190887433
Madhya Pradesh,SHAHDOL,2001,Kharif,Small millets,46097,12457,0.270234505
Madhya Pradesh,SHAHDOL,2001,Kharif,Soyabean,3318,1618,0.487643159
Madhya Pradesh,SHAHDOL,2001,Kharif,Sunflower,99,45,0.454545455
Madhya Pradesh,SHAHDOL,2001,Rabi,Barley,1003,498,0.496510469
Madhya Pradesh,SHAHDOL,2001,Rabi,Gram,6033,2929,0.485496436
Madhya Pradesh,SHAHDOL,2001,Rabi,Jowar,1,2,2
Madhya Pradesh,SHAHDOL,2001,Rabi,Linseed,7438,1689,0.227077171
Madhya Pradesh,SHAHDOL,2001,Rabi,Other  Rabi pulses,7580,3092,0.407915567
Madhya Pradesh,SHAHDOL,2001,Rabi,Rapeseed &Mustard,13216,3176,0.24031477
Madhya Pradesh,SHAHDOL,2001,Rabi,Wheat,36567,25767,0.704651735
Madhya Pradesh,SHAHDOL,2001,Whole Year,Banana,6,81,13.5
Madhya Pradesh,SHAHDOL,2001,Whole Year,Coriander,146,42,0.287671233
Madhya Pradesh,SHAHDOL,2001,Whole Year,Dry chillies,90,29,0.322222222
Madhya Pradesh,SHAHDOL,2001,Whole Year,Garlic,54,103,1.907407407
Madhya Pradesh,SHAHDOL,2001,Whole Year,Onion,143,1253,8.762237762
Madhya Pradesh,SHAHDOL,2001,Whole Year,Potato,564,6296,11.16312057
Madhya Pradesh,SHAHDOL,2001,Whole Year,Sannhamp,113,189,1.672566372
Madhya Pradesh,SHAHDOL,2001,Whole Year,Sugarcane,23,590,25.65217391
Madhya Pradesh,SHAHDOL,2001,Whole Year,Sweet potato,195,987,5.061538462
Madhya Pradesh,SHAHDOL,2001,Whole Year,Tobacco,12,7,0.583333333
Madhya Pradesh,SHAHDOL,2001,Whole Year,Turmeric,20,19,0.95
Madhya Pradesh,SHAHDOL,2002,Kharif,Arhar/Tur,10156,3633,0.357719575
Madhya Pradesh,SHAHDOL,2002,Kharif,Dry ginger,154,139,0.902597403
Madhya Pradesh,SHAHDOL,2002,Kharif,Groundnut,604,329,0.544701987
Madhya Pradesh,SHAHDOL,2002,Kharif,Jowar,2537,1876,0.73945605
Madhya Pradesh,SHAHDOL,2002,Kharif,Maize,23568,34752,1.474541752
Madhya Pradesh,SHAHDOL,2002,Kharif,Niger seed,11935,3153,0.26418098
Madhya Pradesh,SHAHDOL,2002,Kharif,Other Kharif pulses,9956,3049,0.306247489
Madhya Pradesh,SHAHDOL,2002,Kharif,Rice,203535,105780,0.519714054
Madhya Pradesh,SHAHDOL,2002,Kharif,Sesamum,6313,1193,0.188975131
Madhya Pradesh,SHAHDOL,2002,Kharif,Small millets,44374,11877,0.267656736
Madhya Pradesh,SHAHDOL,2002,Kharif,Soyabean,2926,1105,0.377648667
Madhya Pradesh,SHAHDOL,2002,Kharif,Sunflower,94,23,0.244680851
Madhya Pradesh,SHAHDOL,2002,Rabi,Barley,937,494,0.527214514
Madhya Pradesh,SHAHDOL,2002,Rabi,Gram,5131,1908,0.371857338
Madhya Pradesh,SHAHDOL,2002,Rabi,Linseed,5919,1402,0.236864335
Madhya Pradesh,SHAHDOL,2002,Rabi,Other  Rabi pulses,8668,2642,0.304799262
Madhya Pradesh,SHAHDOL,2002,Rabi,Rapeseed &Mustard,11944,3290,0.27545211
Madhya Pradesh,SHAHDOL,2002,Rabi,Wheat,31840,19430,0.610238693
Madhya Pradesh,SHAHDOL,2002,Whole Year,Banana,6,43,7.166666667
Madhya Pradesh,SHAHDOL,2002,Whole Year,Beans & Mutter(Vegetable),18,0,0
Madhya Pradesh,SHAHDOL,2002,Whole Year,Bhindi,257,0,0
Madhya Pradesh,SHAHDOL,2002,Whole Year,Brinjal,173,0,0
Madhya Pradesh,SHAHDOL,2002,Whole Year,Cabbage,124,0,0
Madhya Pradesh,SHAHDOL,2002,Whole Year,Cauliflower,183,0,0
Madhya Pradesh,SHAHDOL,2002,Whole Year,Citrus Fruit,2,0,0
Madhya Pradesh,SHAHDOL,2002,Whole Year,Coriander,105,31,0.295238095
Madhya Pradesh,SHAHDOL,2002,Whole Year,Dry chillies,101,43,0.425742574
Madhya Pradesh,SHAHDOL,2002,Whole Year,Garlic,47,88,1.872340426
Madhya Pradesh,SHAHDOL,2002,Whole Year,Mango,76,0,0
Madhya Pradesh,SHAHDOL,2002,Whole Year,Onion,153,1288,8.418300654
Madhya Pradesh,SHAHDOL,2002,Whole Year,Other Fresh Fruits,91,0,0
Madhya Pradesh,SHAHDOL,2002,Whole Year,Other Vegetables,262,0,0
Madhya Pradesh,SHAHDOL,2002,Whole Year,Papaya,1,0,0
Madhya Pradesh,SHAHDOL,2002,Whole Year,Pome Fruit,1,0,0
Madhya Pradesh,SHAHDOL,2002,Whole Year,Potato,585,6122,10.46495726
Madhya Pradesh,SHAHDOL,2002,Whole Year,Sannhamp,90,128,1.422222222
Madhya Pradesh,SHAHDOL,2002,Whole Year,Sugarcane,27,690,25.55555556
Madhya Pradesh,SHAHDOL,2002,Whole Year,Sweet potato,208,1034,4.971153846
Madhya Pradesh,SHAHDOL,2002,Whole Year,Tobacco,12,7,0.583333333
Madhya Pradesh,SHAHDOL,2002,Whole Year,Tomato,240,0,0
Madhya Pradesh,SHAHDOL,2003,Kharif,Arhar/Tur,7993,4438,0.555235831
Madhya Pradesh,SHAHDOL,2003,Kharif,Dry ginger,17,21,1.235294118
Madhya Pradesh,SHAHDOL,2003,Kharif,Groundnut,97,76,0.783505155
Madhya Pradesh,SHAHDOL,2003,Kharif,Horse-gram,87,21,0.24137931
Madhya Pradesh,SHAHDOL,2003,Kharif,Jowar,2149,2347,1.092135877
Madhya Pradesh,SHAHDOL,2003,Kharif,Maize,11578,15051,1.299965452
Madhya Pradesh,SHAHDOL,2003,Kharif,Niger seed,524,149,0.284351145
Madhya Pradesh,SHAHDOL,2003,Kharif,Other Kharif pulses,6547,1834,0.280128303
Madhya Pradesh,SHAHDOL,2003,Kharif,Rice,107362,103627,0.965211155
Madhya Pradesh,SHAHDOL,2003,Kharif,Sesamum,5234,1182,0.225831104
Madhya Pradesh,SHAHDOL,2003,Kharif,Small millets,23792,8873,0.372940484
Madhya Pradesh,SHAHDOL,2003,Kharif,Soyabean,1392,702,0.504310345
Madhya Pradesh,SHAHDOL,2003,Kharif,Sunflower,37,10,0.27027027
Madhya Pradesh,SHAHDOL,2003,Kharif,Urad,6362,1747,0.274599183
Madhya Pradesh,SHAHDOL,2003,Rabi,Barley,971,640,0.659114315
Madhya Pradesh,SHAHDOL,2003,Rabi,Gram,2840,1274,0.448591549
Madhya Pradesh,SHAHDOL,2003,Rabi,Linseed,2927,835,0.285275026
Madhya Pradesh,SHAHDOL,2003,Rabi,Other  Rabi pulses,1226,509,0.415171289
Madhya Pradesh,SHAHDOL,2003,Rabi,Rapeseed &Mustard,3966,1206,0.30408472
Madhya Pradesh,SHAHDOL,2003,Rabi,Wheat,21141,16643,0.787238068
Madhya Pradesh,SHAHDOL,2003,Whole Year,Banana,4,42,10.5
Madhya Pradesh,SHAHDOL,2003,Whole Year,Beans & Mutter(Vegetable),39,0,0
Madhya Pradesh,SHAHDOL,2003,Whole Year,Bhindi,116,0,0
Madhya Pradesh,SHAHDOL,2003,Whole Year,Brinjal,90,0,0
Madhya Pradesh,SHAHDOL,2003,Whole Year,Cabbage,62,0,0
Madhya Pradesh,SHAHDOL,2003,Whole Year,Cauliflower,102,0,0
Madhya Pradesh,SHAHDOL,2003,Whole Year,Coriander,32,9,0.28125
Madhya Pradesh,SHAHDOL,2003,Whole Year,Dry chillies,35,17,0.485714286
Madhya Pradesh,SHAHDOL,2003,Whole Year,Garlic,28,52,1.857142857
Madhya Pradesh,SHAHDOL,2003,Whole Year,Mango,17,0,0
Madhya Pradesh,SHAHDOL,2003,Whole Year,Onion,123,970,7.886178862
Madhya Pradesh,SHAHDOL,2003,Whole Year,Orange,1,0,0
Madhya Pradesh,SHAHDOL,2003,Whole Year,Other Fresh Fruits,72,0,0
Madhya Pradesh,SHAHDOL,2003,Whole Year,Other Vegetables,171,0,0
Madhya Pradesh,SHAHDOL,2003,Whole Year,Papaya,1,0,0
Madhya Pradesh,SHAHDOL,2003,Whole Year,Pome Fruit,1,0,0
Madhya Pradesh,SHAHDOL,2003,Whole Year,Potato,441,4727,10.71882086
Madhya Pradesh,SHAHDOL,2003,Whole Year,Sannhamp,25,45,1.8
Madhya Pradesh,SHAHDOL,2003,Whole Year,Sugarcane,20,510,25.5
Madhya Pradesh,SHAHDOL,2003,Whole Year,Sweet potato,212,1054,4.971698113
Madhya Pradesh,SHAHDOL,2003,Whole Year,Tomato,123,0,0
Madhya Pradesh,SHAHDOL,2003,Whole Year,Turmeric,22,19,0.863636364
Madhya Pradesh,SHAHDOL,2003,Whole Year,Water Melon,1,0,0
Madhya Pradesh,SHAHDOL,2004,Kharif,Arhar/Tur,8002,4661,0.58247938
Madhya Pradesh,SHAHDOL,2004,Kharif,Dry ginger,29,29,1
Madhya Pradesh,SHAHDOL,2004,Kharif,Groundnut,91,70,0.769230769
Madhya Pradesh,SHAHDOL,2004,Kharif,Horse-gram,63,14,0.222222222
Madhya Pradesh,SHAHDOL,2004,Kharif,Jowar,2370,1931,0.814767932
Madhya Pradesh,SHAHDOL,2004,Kharif,Maize,12113,10978,0.906299018
Madhya Pradesh,SHAHDOL,2004,Kharif,Niger seed,667,159,0.23838081
Madhya Pradesh,SHAHDOL,2004,Kharif,Rice,110120,76890,0.698238286
Madhya Pradesh,SHAHDOL,2004,Kharif,Sesamum,5792,1344,0.232044199
Madhya Pradesh,SHAHDOL,2004,Kharif,Small millets,23589,6977,0.295773454
Madhya Pradesh,SHAHDOL,2004,Kharif,Soyabean,1695,705,0.415929204
Madhya Pradesh,SHAHDOL,2004,Kharif,Urad,6245,1973,0.315932746
Madhya Pradesh,SHAHDOL,2004,Rabi,Barley,758,375,0.494722955
Madhya Pradesh,SHAHDOL,2004,Rabi,Gram,3034,1436,0.473302571
Madhya Pradesh,SHAHDOL,2004,Rabi,Linseed,3113,790,0.253774494
Madhya Pradesh,SHAHDOL,2004,Rabi,Masoor,736,272,0.369565217
Madhya Pradesh,SHAHDOL,2004,Rabi,Rapeseed &Mustard,4430,1506,0.339954853
Madhya Pradesh,SHAHDOL,2004,Rabi,Wheat,21326,16431,0.770467973
Madhya Pradesh,SHAHDOL,2004,Whole Year,Coriander,30,7,0.233333333
Madhya Pradesh,SHAHDOL,2004,Whole Year,Garlic,38,64,1.684210526
Madhya Pradesh,SHAHDOL,2004,Whole Year,Onion,142,1086,7.647887324
Madhya Pradesh,SHAHDOL,2004,Whole Year,Potato,498,5443,10.92971888
Madhya Pradesh,SHAHDOL,2004,Whole Year,Sugarcane,5,130,26
Madhya Pradesh,SHAHDOL,2004,Whole Year,Sweet potato,183,827,4.519125683
Madhya Pradesh,SHAHDOL,2004,Whole Year,Turmeric,25,20,0.8
Madhya Pradesh,SHAHDOL,2005,Kharif,Arhar/Tur,7727,3968,0.513524007
Madhya Pradesh,SHAHDOL,2005,Kharif,Groundnut,80,66,0.825
Madhya Pradesh,SHAHDOL,2005,Kharif,Horse-gram,79,17,0.215189873
Madhya Pradesh,SHAHDOL,2005,Kharif,Jowar,2279,1999,0.877139096
Madhya Pradesh,SHAHDOL,2005,Kharif,Maize,11682,10838,0.927752097
Madhya Pradesh,SHAHDOL,2005,Kharif,Moong(Green Gram),49,11,0.224489796
Madhya Pradesh,SHAHDOL,2005,Kharif,Niger seed,628,195,0.310509554
Madhya Pradesh,SHAHDOL,2005,Kharif,Rice,108699,104404,0.960487217
Madhya Pradesh,SHAHDOL,2005,Kharif,Sesamum,5418,965,0.178110004
Madhya Pradesh,SHAHDOL,2005,Kharif,Small millets,21,5,0.238095238
Madhya Pradesh,SHAHDOL,2005,Kharif,Soyabean,1679,755,0.449672424
Madhya Pradesh,SHAHDOL,2005,Kharif,Urad,6033,1773,0.29388364
Madhya Pradesh,SHAHDOL,2005,Rabi,Barley,746,551,0.738605898
Madhya Pradesh,SHAHDOL,2005,Rabi,Gram,4245,1950,0.459363958
Madhya Pradesh,SHAHDOL,2005,Rabi,Linseed,3302,864,0.2616596
Madhya Pradesh,SHAHDOL,2005,Rabi,Masoor,753,296,0.39309429
Madhya Pradesh,SHAHDOL,2005,Rabi,Peas & beans (Pulses),619,212,0.342487884
Madhya Pradesh,SHAHDOL,2005,Rabi,Rapeseed &Mustard,4434,1678,0.378439332
Madhya Pradesh,SHAHDOL,2005,Rabi,Wheat,24098,19872,0.82463275
Madhya Pradesh,SHAHDOL,2005,Whole Year,Onion,147,939,6.387755102
Madhya Pradesh,SHAHDOL,2005,Whole Year,Potato,540,5780,10.7037037
Madhya Pradesh,SHAHDOL,2005,Whole Year,Sugarcane,19,510,26.84210526
Madhya Pradesh,SHAHDOL,2005,Whole Year,Sweet potato,194,876,4.515463918
Madhya Pradesh,SHAHDOL,2006,Kharif,Arhar/Tur,8261,3491,0.422588064
Madhya Pradesh,SHAHDOL,2006,Kharif,Dry ginger,36,45,1.25
Madhya Pradesh,SHAHDOL,2006,Kharif,Groundnut,83,56,0.674698795
Madhya Pradesh,SHAHDOL,2006,Kharif,Horse-gram,73,21,0.287671233
Madhya Pradesh,SHAHDOL,2006,Kharif,Jowar,2017,1855,0.919682697
Madhya Pradesh,SHAHDOL,2006,Kharif,Jute,15,28,1.866666667
Madhya Pradesh,SHAHDOL,2006,Kharif,Maize,11395,7689,0.674769636
Madhya Pradesh,SHAHDOL,2006,Kharif,Mesta,14,33,2.357142857
Madhya Pradesh,SHAHDOL,2006,Kharif,Moong(Green Gram),30,9,0.3
Madhya Pradesh,SHAHDOL,2006,Kharif,Niger seed,506,151,0.298418972
Madhya Pradesh,SHAHDOL,2006,Kharif,Other Kharif pulses,51,18,0.352941176
Madhya Pradesh,SHAHDOL,2006,Kharif,Rice,108258,85259,0.787553807
Madhya Pradesh,SHAHDOL,2006,Kharif,Small millets,20021,6235,0.311423006
Madhya Pradesh,SHAHDOL,2006,Kharif,Soyabean,1844,897,0.486442516
Madhya Pradesh,SHAHDOL,2006,Kharif,Urad,6039,2353,0.389634045
Madhya Pradesh,SHAHDOL,2006,Rabi,Gram,3576,1363,0.381152125
Madhya Pradesh,SHAHDOL,2006,Rabi,Khesari,33,15,0.454545455
Madhya Pradesh,SHAHDOL,2006,Rabi,Linseed,3038,811,0.266951942
Madhya Pradesh,SHAHDOL,2006,Rabi,Masoor,750,295,0.393333333
Madhya Pradesh,SHAHDOL,2006,Rabi,Peas & beans (Pulses),587,193,0.32879046
Madhya Pradesh,SHAHDOL,2006,Rabi,Rapeseed &Mustard,3863,1342,0.347398395
Madhya Pradesh,SHAHDOL,2006,Rabi,Wheat,22927,17766,0.77489423
Madhya Pradesh,SHAHDOL,2006,Whole Year,Banana,4,20,5
Madhya Pradesh,SHAHDOL,2006,Whole Year,Coriander,56,14,0.25
Madhya Pradesh,SHAHDOL,2006,Whole Year,Dry chillies,54,22,0.407407407
Madhya Pradesh,SHAHDOL,2006,Whole Year,Garlic,75,127,1.693333333
Madhya Pradesh,SHAHDOL,2006,Whole Year,Onion,170,1091,6.417647059
Madhya Pradesh,SHAHDOL,2006,Whole Year,Potato,584,6201,10.61815068
Madhya Pradesh,SHAHDOL,2006,Whole Year,Sesamum,5231,861,0.16459568
Madhya Pradesh,SHAHDOL,2006,Whole Year,Sugarcane,14,320,22.85714286
Madhya Pradesh,SHAHDOL,2006,Whole Year,Sweet potato,238,1076,4.521008403
Madhya Pradesh,SHAHDOL,2006,Whole Year,Tobacco,11,5,0.454545455
Madhya Pradesh,SHAHDOL,2006,Whole Year,Turmeric,35,28,0.8
Madhya Pradesh,SHAHDOL,2007,Kharif,Arhar/Tur,7954,3544,0.445561981
Madhya Pradesh,SHAHDOL,2007,Kharif,Groundnut,141,99,0.70212766
Madhya Pradesh,SHAHDOL,2007,Kharif,Horse-gram,88,25,0.284090909
Madhya Pradesh,SHAHDOL,2007,Kharif,Jowar,1784,1564,0.876681614
Madhya Pradesh,SHAHDOL,2007,Kharif,Maize,11315,9841,0.869730446
Madhya Pradesh,SHAHDOL,2007,Kharif,Niger seed,558,161,0.288530466
Madhya Pradesh,SHAHDOL,2007,Kharif,Rice,107878,62248,0.577022192
Madhya Pradesh,SHAHDOL,2007,Kharif,Sannhamp,23,7,0.304347826
Madhya Pradesh,SHAHDOL,2007,Kharif,Soyabean,2362,1338,0.566469094
Madhya Pradesh,SHAHDOL,2007,Kharif,Urad,5733,2191,0.382173382
Madhya Pradesh,SHAHDOL,2007,Rabi,Barley,562,447,0.795373665
Madhya Pradesh,SHAHDOL,2007,Rabi,Gram,3033,1103,0.363666337
Madhya Pradesh,SHAHDOL,2007,Rabi,Khesari,35,12,0.342857143
Madhya Pradesh,SHAHDOL,2007,Rabi,Linseed,2714,724,0.266764923
Madhya Pradesh,SHAHDOL,2007,Rabi,Masoor,491,209,0.425661914
Madhya Pradesh,SHAHDOL,2007,Rabi,Peas & beans (Pulses),431,163,0.378190255
Madhya Pradesh,SHAHDOL,2007,Rabi,Rapeseed &Mustard,3480,1305,0.375
Madhya Pradesh,SHAHDOL,2007,Rabi,Wheat,21160,18010,0.851134216
Madhya Pradesh,SHAHDOL,2007,Whole Year,Banana,3,57,19
Madhya Pradesh,SHAHDOL,2007,Whole Year,Coriander,41,11,0.268292683
Madhya Pradesh,SHAHDOL,2007,Whole Year,Garlic,73,124,1.698630137
Madhya Pradesh,SHAHDOL,2007,Whole Year,Onion,161,894,5.552795031
Madhya Pradesh,SHAHDOL,2007,Whole Year,Potato,610,6079,9.96557377
Madhya Pradesh,SHAHDOL,2007,Whole Year,Sesamum,5816,1256,0.215955983
Madhya Pradesh,SHAHDOL,2007,Whole Year,Sugarcane,18,410,22.77777778
Madhya Pradesh,SHAHDOL,2007,Whole Year,Sweet potato,182,822,4.516483516
Madhya Pradesh,SHAHDOL,2007,Whole Year,Tobacco,13,6,0.461538462
Madhya Pradesh,SHAHDOL,2007,Whole Year,Turmeric,38,30,0.789473684
Madhya Pradesh,SHAHDOL,2008,Kharif,Arhar/Tur,7482,4129,0.551857792
Madhya Pradesh,SHAHDOL,2008,Kharif,Groundnut,141,118,0.836879433
Madhya Pradesh,SHAHDOL,2008,Kharif,Horse-gram,121,36,0.297520661
Madhya Pradesh,SHAHDOL,2008,Kharif,Jowar,1881,1915,1.018075492
Madhya Pradesh,SHAHDOL,2008,Kharif,Maize,11072,10577,0.95529263
Madhya Pradesh,SHAHDOL,2008,Kharif,Niger seed,477,145,0.303983229
Madhya Pradesh,SHAHDOL,2008,Kharif,Rice,107234,92093,0.858804111
Madhya Pradesh,SHAHDOL,2008,Kharif,Sannhamp,27,8,0.296296296
Madhya Pradesh,SHAHDOL,2008,Kharif,Soyabean,1980,1212,0.612121212
Madhya Pradesh,SHAHDOL,2008,Kharif,Urad,5577,2377,0.426214811
Madhya Pradesh,SHAHDOL,2008,Rabi,Barley,598,426,0.712374582
Madhya Pradesh,SHAHDOL,2008,Rabi,Gram,3442,1364,0.396281232
Madhya Pradesh,SHAHDOL,2008,Rabi,Khesari,21,9,0.428571429
Madhya Pradesh,SHAHDOL,2008,Rabi,Linseed,2760,819,0.29673913
Madhya Pradesh,SHAHDOL,2008,Rabi,Masoor,648,266,0.410493827
Madhya Pradesh,SHAHDOL,2008,Rabi,Peas & beans (Pulses),549,189,0.344262295
Madhya Pradesh,SHAHDOL,2008,Rabi,Rapeseed &Mustard,3713,1542,0.415297603
Madhya Pradesh,SHAHDOL,2008,Rabi,Wheat,22996,20697,0.900026091
Madhya Pradesh,SHAHDOL,2008,Whole Year,Coriander,32,8,0.25
Madhya Pradesh,SHAHDOL,2008,Whole Year,Garlic,60,101,1.683333333
Madhya Pradesh,SHAHDOL,2008,Whole Year,Onion,230,1297,5.639130435
Madhya Pradesh,SHAHDOL,2008,Whole Year,Potato,592,4393,7.420608108
Madhya Pradesh,SHAHDOL,2008,Whole Year,Sesamum,5386,1195,0.221871519
Madhya Pradesh,SHAHDOL,2008,Whole Year,Small millets,17966,6425,0.357619949
Madhya Pradesh,SHAHDOL,2008,Whole Year,Sugarcane,18,530,29.44444444
Madhya Pradesh,SHAHDOL,2008,Whole Year,Sweet potato,171,773,4.520467836
Madhya Pradesh,SHAHDOL,2008,Whole Year,Tobacco,11,5,0.454545455
Madhya Pradesh,SHAHDOL,2008,Whole Year,Turmeric,36,29,0.805555556
Madhya Pradesh,SHAHDOL,2009,Kharif,Cowpea(Lobia),100,33,0.33
Madhya Pradesh,SHAHDOL,2009,Kharif,Horse-gram,105,30,0.285714286
Madhya Pradesh,SHAHDOL,2009,Kharif,Jowar,2110,2210,1.047393365
Madhya Pradesh,SHAHDOL,2009,Kharif,Moong(Green Gram),96,34,0.354166667
Madhya Pradesh,SHAHDOL,2009,Kharif,Small millets,16356,5052,0.308877476
Madhya Pradesh,SHAHDOL,2009,Kharif,Urad,6189,2502,0.404265633
Madhya Pradesh,SHAHDOL,2009,Rabi,Cowpea(Lobia),2,1,0.5
Madhya Pradesh,SHAHDOL,2009,Rabi,Jowar,1,2,2
Madhya Pradesh,SHAHDOL,2009,Whole Year,Arhar/Tur,6903,3363,0.487179487
Madhya Pradesh,SHAHDOL,2009,Whole Year,Bajra,1,,
Madhya Pradesh,SHAHDOL,2009,Whole Year,Barley,748,507,0.677807487
Madhya Pradesh,SHAHDOL,2009,Whole Year,Coriander,32,8,0.25
Madhya Pradesh,SHAHDOL,2009,Whole Year,Dry chillies,47,35,0.744680851
Madhya Pradesh,SHAHDOL,2009,Whole Year,Dry ginger,57,66,1.157894737
Madhya Pradesh,SHAHDOL,2009,Whole Year,Garlic,89,166,1.865168539
Madhya Pradesh,SHAHDOL,2009,Whole Year,Gram,3805,1452,0.381603154
Madhya Pradesh,SHAHDOL,2009,Whole Year,Groundnut,180,100,0.555555556
Madhya Pradesh,SHAHDOL,2009,Whole Year,Khesari,28,11,0.392857143
Madhya Pradesh,SHAHDOL,2009,Whole Year,Linseed,2993,858,0.286668894
Madhya Pradesh,SHAHDOL,2009,Whole Year,Maize,10906,6430,0.589583715
Madhya Pradesh,SHAHDOL,2009,Whole Year,Masoor,575,226,0.393043478
Madhya Pradesh,SHAHDOL,2009,Whole Year,Mesta,42,18,0.428571429
Madhya Pradesh,SHAHDOL,2009,Whole Year,Niger seed,463,154,0.332613391
Madhya Pradesh,SHAHDOL,2009,Whole Year,Onion,255,1609,6.309803922
Madhya Pradesh,SHAHDOL,2009,Whole Year,Peas & beans (Pulses),509,175,0.343811395
Madhya Pradesh,SHAHDOL,2009,Whole Year,Potato,625,4584,7.3344
Madhya Pradesh,SHAHDOL,2009,Whole Year,Rapeseed &Mustard,4123,1895,0.459616784
Madhya Pradesh,SHAHDOL,2009,Whole Year,Rice,101223,82891,0.818894915
Madhya Pradesh,SHAHDOL,2009,Whole Year,Sannhamp,18,5,0.277777778
Madhya Pradesh,SHAHDOL,2009,Whole Year,Sesamum,5450,1116,0.204770642
Madhya Pradesh,SHAHDOL,2009,Whole Year,Soyabean,3371,2131,0.63215663
Madhya Pradesh,SHAHDOL,2009,Whole Year,Sugarcane,16,360,22.5
Madhya Pradesh,SHAHDOL,2009,Whole Year,Sweet potato,163,810,4.969325153
Madhya Pradesh,SHAHDOL,2009,Whole Year,Tobacco,9,4,0.444444444
Madhya Pradesh,SHAHDOL,2009,Whole Year,Turmeric,37,29,0.783783784
Madhya Pradesh,SHAHDOL,2009,Whole Year,Wheat,24140,16849,0.697970174
Madhya Pradesh,SHAHDOL,2010,Kharif,Arhar/Tur,12786,3363,0.263022055
Madhya Pradesh,SHAHDOL,2010,Kharif,Bajra,1,,
Madhya Pradesh,SHAHDOL,2010,Kharif,Cowpea(Lobia),67,15,0.223880597
Madhya Pradesh,SHAHDOL,2010,Kharif,Groundnut,142,120,0.845070423
Madhya Pradesh,SHAHDOL,2010,Kharif,Horse-gram,70,19,0.271428571
Madhya Pradesh,SHAHDOL,2010,Kharif,Jowar,2240,2828,1.2625
Madhya Pradesh,SHAHDOL,2010,Kharif,Maize,11283,11218,0.994239121
Madhya Pradesh,SHAHDOL,2010,Kharif,Moong(Green Gram),131,39,0.297709924
Madhya Pradesh,SHAHDOL,2010,Kharif,Niger seed,516,172,0.333333333
Madhya Pradesh,SHAHDOL,2010,Kharif,Rice,100909,129033,1.278706557
Madhya Pradesh,SHAHDOL,2010,Kharif,Small millets,14577,6144,0.421485902
Madhya Pradesh,SHAHDOL,2010,Kharif,Soyabean,2906,5195,1.787680661
Madhya Pradesh,SHAHDOL,2010,Kharif,Urad,7141,3149,0.440974653
Madhya Pradesh,SHAHDOL,2010,Rabi,Barley,661,491,0.742813918
Madhya Pradesh,SHAHDOL,2010,Rabi,Gram,3706,1350,0.36427415
Madhya Pradesh,SHAHDOL,2010,Rabi,Khesari,40,14,0.35
Madhya Pradesh,SHAHDOL,2010,Rabi,Linseed,2919,644,0.220623501
Madhya Pradesh,SHAHDOL,2010,Rabi,Masoor,768,227,0.295572917
Madhya Pradesh,SHAHDOL,2010,Rabi,Moong(Green Gram),2,,
Madhya Pradesh,SHAHDOL,2010,Rabi,Peas & beans (Pulses),582,147,0.25257732
Madhya Pradesh,SHAHDOL,2010,Rabi,Rapeseed &Mustard,4257,1663,0.390650693
Madhya Pradesh,SHAHDOL,2010,Rabi,Wheat,24655,17117,0.694260799
Madhya Pradesh,SHAHDOL,2010,Whole Year,Banana,3,31,10.33333333
Madhya Pradesh,SHAHDOL,2010,Whole Year,Coriander,31,9,0.290322581
Madhya Pradesh,SHAHDOL,2010,Whole Year,Dry chillies,54,77,1.425925926
Madhya Pradesh,SHAHDOL,2010,Whole Year,Dry ginger,70,98,1.4
Madhya Pradesh,SHAHDOL,2010,Whole Year,Garlic,83,107,1.289156627
Madhya Pradesh,SHAHDOL,2010,Whole Year,Mesta,41,97,2.365853659
Madhya Pradesh,SHAHDOL,2010,Whole Year,Onion,341,2010,5.894428152
Madhya Pradesh,SHAHDOL,2010,Whole Year,Potato,684,4992,7.298245614
Madhya Pradesh,SHAHDOL,2010,Whole Year,Sannhamp,27,50,1.851851852
Madhya Pradesh,SHAHDOL,2010,Whole Year,Sesamum,5763,1752,0.304008329
Madhya Pradesh,SHAHDOL,2010,Whole Year,Sugarcane,15,400,26.66666667
Madhya Pradesh,SHAHDOL,2010,Whole Year,Sweet potato,216,672,3.111111111
Madhya Pradesh,SHAHDOL,2010,Whole Year,Tobacco,8,4,0.5
Madhya Pradesh,SHAHDOL,2010,Whole Year,Turmeric,44,26,0.590909091
Madhya Pradesh,SHAHDOL,2011,Kharif,Arhar/Tur,12048,4949,0.410773572
Madhya Pradesh,SHAHDOL,2011,Kharif,Bajra,1,,
Madhya Pradesh,SHAHDOL,2011,Kharif,Barley,679,579,0.852724595
Madhya Pradesh,SHAHDOL,2011,Kharif,Cotton(lint),17,40,2.352941176
Madhya Pradesh,SHAHDOL,2011,Kharif,Groundnut,198,212,1.070707071
Madhya Pradesh,SHAHDOL,2011,Kharif,Horse-gram,236,47,0.199152542
Madhya Pradesh,SHAHDOL,2011,Kharif,Jowar,1622,1533,0.94512947
Madhya Pradesh,SHAHDOL,2011,Kharif,Maize,10916,7207,0.660223525
Madhya Pradesh,SHAHDOL,2011,Kharif,Mesta,55,80,1.454545455
Madhya Pradesh,SHAHDOL,2011,Kharif,Moong(Green Gram),36,8,0.222222222
Madhya Pradesh,SHAHDOL,2011,Kharif,Niger seed,386,86,0.222797927
Madhya Pradesh,SHAHDOL,2011,Kharif,Other Kharif pulses,134,142,1.059701493
Madhya Pradesh,SHAHDOL,2011,Kharif,Rice,103868,191231,1.841096392
Madhya Pradesh,SHAHDOL,2011,Kharif,Sannhamp,29,33,1.137931034
Madhya Pradesh,SHAHDOL,2011,Kharif,Small millets,14314,5902,0.412323599
Madhya Pradesh,SHAHDOL,2011,Kharif,Soyabean,5262,2362,0.448878753
Madhya Pradesh,SHAHDOL,2011,Kharif,Urad,4725,1190,0.251851852
Madhya Pradesh,SHAHDOL,2011,Rabi,Gram,3670,1232,0.335694823
Madhya Pradesh,SHAHDOL,2011,Rabi,Khesari,111,38,0.342342342
Madhya Pradesh,SHAHDOL,2011,Rabi,Linseed,2586,921,0.356148492
Madhya Pradesh,SHAHDOL,2011,Rabi,Masoor,670,199,0.297014925
Madhya Pradesh,SHAHDOL,2011,Rabi,Other  Rabi pulses,1,,
Madhya Pradesh,SHAHDOL,2011,Rabi,Peas & beans (Pulses),604,140,0.231788079
Madhya Pradesh,SHAHDOL,2011,Rabi,Rapeseed &Mustard,4018,1696,0.422100548
Madhya Pradesh,SHAHDOL,2011,Rabi,Safflower,4,1,0.25
Madhya Pradesh,SHAHDOL,2011,Rabi,Wheat,26577,49154,1.849493923
Madhya Pradesh,SHAHDOL,2011,Whole Year,Banana,3,42,14
Madhya Pradesh,SHAHDOL,2011,Whole Year,Coriander,36,11,0.305555556
Madhya Pradesh,SHAHDOL,2011,Whole Year,Dry chillies,54,33,0.611111111
Madhya Pradesh,SHAHDOL,2011,Whole Year,Dry ginger,65,53,0.815384615
Madhya Pradesh,SHAHDOL,2011,Whole Year,Garlic,67,80,1.194029851
Madhya Pradesh,SHAHDOL,2011,Whole Year,Onion,420,2645,6.297619048
Madhya Pradesh,SHAHDOL,2011,Whole Year,Potato,792,5718,7.21969697
Madhya Pradesh,SHAHDOL,2011,Whole Year,Sesamum,5857,1577,0.26925047
Madhya Pradesh,SHAHDOL,2011,Whole Year,Sugarcane,24,430,17.91666667
Madhya Pradesh,SHAHDOL,2011,Whole Year,Sweet potato,217,724,3.33640553
Madhya Pradesh,SHAHDOL,2011,Whole Year,Tobacco,5,1,0.2
Madhya Pradesh,SHAHDOL,2011,Whole Year,Turmeric,35,19,0.542857143
Madhya Pradesh,SHAHDOL,2012,Kharif,Arhar/Tur,12922,6918,0.535366042
Madhya Pradesh,SHAHDOL,2012,Kharif,Bajra,63,61,0.968253968
Madhya Pradesh,SHAHDOL,2012,Kharif,Barley,656,512,0.780487805
Madhya Pradesh,SHAHDOL,2012,Kharif,Groundnut,191,168,0.879581152
Madhya Pradesh,SHAHDOL,2012,Kharif,Horse-gram,205,124,0.604878049
Madhya Pradesh,SHAHDOL,2012,Kharif,Jowar,1753,2093,1.193953223
Madhya Pradesh,SHAHDOL,2012,Kharif,Maize,11071,18383,1.660464276
Madhya Pradesh,SHAHDOL,2012,Kharif,Mesta,12,4,0.333333333
Madhya Pradesh,SHAHDOL,2012,Kharif,Moong(Green Gram),180,90,0.5
Madhya Pradesh,SHAHDOL,2012,Kharif,Niger seed,416,205,0.492788462
Madhya Pradesh,SHAHDOL,2012,Kharif,Other Kharif pulses,81,47,0.580246914
Madhya Pradesh,SHAHDOL,2012,Kharif,Rice,111955,222074,1.983600554
Madhya Pradesh,SHAHDOL,2012,Kharif,Sannhamp,9,22,2.444444444
Madhya Pradesh,SHAHDOL,2012,Kharif,Small millets,14569,6637,0.455556318
Madhya Pradesh,SHAHDOL,2012,Kharif,Soyabean,6401,6126,0.957037963
Madhya Pradesh,SHAHDOL,2012,Kharif,Urad,5388,2447,0.454157387
Madhya Pradesh,SHAHDOL,2012,Rabi,Gram,4502,3234,0.718347401
Madhya Pradesh,SHAHDOL,2012,Rabi,Khesari,47,36,0.765957447
Madhya Pradesh,SHAHDOL,2012,Rabi,Linseed,2846,994,0.349262122
Madhya Pradesh,SHAHDOL,2012,Rabi,Masoor,890,648,0.728089888
Madhya Pradesh,SHAHDOL,2012,Rabi,Other  Rabi pulses,6,6,1
Madhya Pradesh,SHAHDOL,2012,Rabi,Peas & beans (Pulses),640,412,0.64375
Madhya Pradesh,SHAHDOL,2012,Rabi,Rapeseed &Mustard,4102,2098,0.511457825
Madhya Pradesh,SHAHDOL,2012,Rabi,Safflower,4,1,0.25
Madhya Pradesh,SHAHDOL,2012,Rabi,Wheat,27772,69210,2.492078352
Madhya Pradesh,SHAHDOL,2012,Whole Year,Banana,3,,
Madhya Pradesh,SHAHDOL,2012,Whole Year,Coriander,52,23,0.442307692
Madhya Pradesh,SHAHDOL,2012,Whole Year,Dry chillies,81,67,0.827160494
Madhya Pradesh,SHAHDOL,2012,Whole Year,Dry ginger,81,130,1.604938272
Madhya Pradesh,SHAHDOL,2012,Whole Year,Garlic,103,215,2.087378641
Madhya Pradesh,SHAHDOL,2012,Whole Year,Onion,394,2463,6.251269036
Madhya Pradesh,SHAHDOL,2012,Whole Year,Potato,848,12884,15.19339623
Madhya Pradesh,SHAHDOL,2012,Whole Year,Sesamum,6450,2995,0.464341085
Madhya Pradesh,SHAHDOL,2012,Whole Year,Sugarcane,1,40,40
Madhya Pradesh,SHAHDOL,2012,Whole Year,Sweet potato,261,1790,6.858237548
Madhya Pradesh,SHAHDOL,2012,Whole Year,Tobacco,4,2,0.5
Madhya Pradesh,SHAHDOL,2012,Whole Year,Turmeric,46,45,0.97826087
Madhya Pradesh,SHAHDOL,2013,Kharif,Arhar/Tur,12593,7708,0.61208608
Madhya Pradesh,SHAHDOL,2013,Kharif,Bajra,1,,
Madhya Pradesh,SHAHDOL,2013,Kharif,Barley,625,660,1.056
Madhya Pradesh,SHAHDOL,2013,Kharif,Groundnut,181,240,1.325966851
Madhya Pradesh,SHAHDOL,2013,Kharif,Horse-gram,135,94,0.696296296
Madhya Pradesh,SHAHDOL,2013,Kharif,Jowar,1528,2117,1.385471204
Madhya Pradesh,SHAHDOL,2013,Kharif,Maize,10881,16622,1.527616947
Madhya Pradesh,SHAHDOL,2013,Kharif,Mesta,11,25,2.272727273
Madhya Pradesh,SHAHDOL,2013,Kharif,Moong(Green Gram),47,32,0.680851064
Madhya Pradesh,SHAHDOL,2013,Kharif,Niger seed,478,347,0.725941423
Madhya Pradesh,SHAHDOL,2013,Kharif,Other Kharif pulses,293,175,0.597269625
Madhya Pradesh,SHAHDOL,2013,Kharif,Rice,111790,247023,2.209705698
Madhya Pradesh,SHAHDOL,2013,Kharif,Sannhamp,87,284,3.264367816
Madhya Pradesh,SHAHDOL,2013,Kharif,Small millets,13875,10636,0.766558559
Madhya Pradesh,SHAHDOL,2013,Kharif,Soyabean,11904,13340,1.12063172
Madhya Pradesh,SHAHDOL,2013,Kharif,Urad,10483,6466,0.616808166
Madhya Pradesh,SHAHDOL,2013,Rabi,Gram,13637,11645,0.853926817
Madhya Pradesh,SHAHDOL,2013,Rabi,Khesari,2448,1532,0.625816993
Madhya Pradesh,SHAHDOL,2013,Rabi,Linseed,4664,1810,0.388078902
Madhya Pradesh,SHAHDOL,2013,Rabi,Masoor,2972,2861,0.962651413
Madhya Pradesh,SHAHDOL,2013,Rabi,Moong(Green Gram),4,1,0.25
Madhya Pradesh,SHAHDOL,2013,Rabi,Other  Rabi pulses,1,1,1
Madhya Pradesh,SHAHDOL,2013,Rabi,Peas & beans (Pulses),1860,1815,0.975806452
Madhya Pradesh,SHAHDOL,2013,Rabi,Rapeseed &Mustard,8991,4956,0.551217885
Madhya Pradesh,SHAHDOL,2013,Rabi,Wheat,46992,124473,2.648812564
Madhya Pradesh,SHAHDOL,2013,Whole Year,Banana,2,,
Madhya Pradesh,SHAHDOL,2013,Whole Year,Coriander,52,25,0.480769231
Madhya Pradesh,SHAHDOL,2013,Whole Year,Dry chillies,95,46,0.484210526
Madhya Pradesh,SHAHDOL,2013,Whole Year,Dry ginger,91,195,2.142857143
Madhya Pradesh,SHAHDOL,2013,Whole Year,Garlic,115,288,2.504347826
Madhya Pradesh,SHAHDOL,2013,Whole Year,Onion,429,4028,9.389277389
Madhya Pradesh,SHAHDOL,2013,Whole Year,Potato,900,11574,12.86
Madhya Pradesh,SHAHDOL,2013,Whole Year,Sesamum,8418,4908,0.583036351
Madhya Pradesh,SHAHDOL,2013,Whole Year,Sugarcane,24,1250,52.08333333
Madhya Pradesh,SHAHDOL,2013,Whole Year,Sweet potato,315,1949,6.187301587
Madhya Pradesh,SHAHDOL,2013,Whole Year,Tobacco,3,2,0.666666667
Madhya Pradesh,SHAHDOL,2013,Whole Year,Turmeric,39,61,1.564102564
Madhya Pradesh,SHAJAPUR,1997,Kharif,Arhar/Tur,3100,1700,0.548387097
Madhya Pradesh,SHAJAPUR,1997,Kharif,Groundnut,1700,1900,1.117647059
Madhya Pradesh,SHAJAPUR,1997,Kharif,Jowar,38800,45000,1.159793814
Madhya Pradesh,SHAJAPUR,1997,Kharif,Maize,32900,36800,1.118541033
Madhya Pradesh,SHAJAPUR,1997,Kharif,Paddy,800,600,0.75
Madhya Pradesh,SHAJAPUR,1997,Kharif,Sesamum,100,100,1
Madhya Pradesh,SHAJAPUR,1997,Kharif,Soyabean,299400,326100,1.089178357
Madhya Pradesh,SHAJAPUR,1997,Kharif,Sunflower,1400,400,0.285714286
Madhya Pradesh,SHAJAPUR,1997,Rabi,Barley,300,600,2
Madhya Pradesh,SHAJAPUR,1997,Rabi,Linseed,400,200,0.5
Madhya Pradesh,SHAJAPUR,1997,Rabi,Rapeseed &Mustard,2600,2100,0.807692308
Madhya Pradesh,SHAJAPUR,1997,Rabi,Wheat,100700,199400,1.980139027
Madhya Pradesh,SHAJAPUR,1998,Kharif,Arhar/Tur,2700,1900,0.703703704
Madhya Pradesh,SHAJAPUR,1998,Kharif,Groundnut,1300,1600,1.230769231
Madhya Pradesh,SHAJAPUR,1998,Kharif,Jowar,32400,41800,1.290123457
Madhya Pradesh,SHAJAPUR,1998,Kharif,Maize,34900,45200,1.29512894
Madhya Pradesh,SHAJAPUR,1998,Kharif,Rice,700,300,0.428571429
Madhya Pradesh,SHAJAPUR,1998,Kharif,Sesamum,100,100,1
Madhya Pradesh,SHAJAPUR,1998,Kharif,Soyabean,305000,358100,1.174098361
Madhya Pradesh,SHAJAPUR,1998,Kharif,Sunflower,800,300,0.375
Madhya Pradesh,SHAJAPUR,1998,Rabi,Barley,200,300,1.5
Madhya Pradesh,SHAJAPUR,1998,Rabi,Gram,142500,150600,1.056842105
Madhya Pradesh,SHAJAPUR,1998,Rabi,Linseed,200,100,0.5
Madhya Pradesh,SHAJAPUR,1998,Rabi,Rapeseed &Mustard,1400,1300,0.928571429
Madhya Pradesh,SHAJAPUR,1998,Rabi,Wheat,105300,255800,2.429249763
Madhya Pradesh,SHAJAPUR,1998,Whole Year,Sugarcane,1447,39600,27.36696614
Madhya Pradesh,SHAJAPUR,1999,Kharif,Arhar/Tur,2741,2121,0.773805181
Madhya Pradesh,SHAJAPUR,1999,Kharif,Bajra,14,12,0.857142857
Madhya Pradesh,SHAJAPUR,1999,Kharif,Cotton(lint),2,2,1
Madhya Pradesh,SHAJAPUR,1999,Kharif,Dry ginger,5,4,0.8
Madhya Pradesh,SHAJAPUR,1999,Kharif,Groundnut,1322,1590,1.202723147
Madhya Pradesh,SHAJAPUR,1999,Kharif,Jowar,25466,37639,1.478009896
Madhya Pradesh,SHAJAPUR,1999,Kharif,Maize,36833,61774,1.67713735
Madhya Pradesh,SHAJAPUR,1999,Kharif,Other Kharif pulses,3208,1293,0.403054863
Madhya Pradesh,SHAJAPUR,1999,Kharif,Rice,718,595,0.828690808
Madhya Pradesh,SHAJAPUR,1999,Kharif,Sesamum,124,43,0.346774194
Madhya Pradesh,SHAJAPUR,1999,Kharif,Soyabean,316614,384053,1.213000689
Madhya Pradesh,SHAJAPUR,1999,Kharif,Sunflower,354,185,0.52259887
Madhya Pradesh,SHAJAPUR,1999,Kharif,Urad,2650,1085,0.409433962
Madhya Pradesh,SHAJAPUR,1999,Rabi,Barley,180,342,1.9
Madhya Pradesh,SHAJAPUR,1999,Rabi,Gram,143632,155123,1.080003063
Madhya Pradesh,SHAJAPUR,1999,Rabi,Linseed,156,111,0.711538462
Madhya Pradesh,SHAJAPUR,1999,Rabi,Other  Rabi pulses,6496,2800,0.431034483
Madhya Pradesh,SHAJAPUR,1999,Rabi,Rapeseed &Mustard,898,812,0.904231626
Madhya Pradesh,SHAJAPUR,1999,Rabi,Safflower,1,0,0
Madhya Pradesh,SHAJAPUR,1999,Rabi,Wheat,109406,285430,2.608906276
Madhya Pradesh,SHAJAPUR,1999,Whole Year,Coriander,13973,6835,0.489157661
Madhya Pradesh,SHAJAPUR,1999,Whole Year,Dry chillies,422,143,0.338862559
Madhya Pradesh,SHAJAPUR,1999,Whole Year,Garlic,1253,3329,2.656823623
Madhya Pradesh,SHAJAPUR,1999,Whole Year,Onion,2000,23105,11.5525
Madhya Pradesh,SHAJAPUR,1999,Whole Year,Potato,4650,62445,13.42903226
Madhya Pradesh,SHAJAPUR,1999,Whole Year,Sannhamp,88,183,2.079545455
Madhya Pradesh,SHAJAPUR,1999,Whole Year,Sugarcane,1163,37170,31.96044712
Madhya Pradesh,SHAJAPUR,1999,Whole Year,Sweet potato,100,744,7.44
Madhya Pradesh,SHAJAPUR,1999,Whole Year,Turmeric,1,1,1
Madhya Pradesh,SHAJAPUR,2000,Kharif,Arhar/Tur,2485,1501,0.604024145
Madhya Pradesh,SHAJAPUR,2000,Kharif,Bajra,9,8,0.888888889
Madhya Pradesh,SHAJAPUR,2000,Kharif,Castor seed,1,0.1,0.1
Madhya Pradesh,SHAJAPUR,2000,Kharif,Cotton(lint),9,9,1
Madhya Pradesh,SHAJAPUR,2000,Kharif,Dry ginger,1,1,1
Madhya Pradesh,SHAJAPUR,2000,Kharif,Groundnut,1325,1864,1.406792453
Madhya Pradesh,SHAJAPUR,2000,Kharif,Jowar,20233,18635,0.921020116
Madhya Pradesh,SHAJAPUR,2000,Kharif,Maize,42862,77049,1.797606271
Madhya Pradesh,SHAJAPUR,2000,Kharif,Other Kharif pulses,2857,763,0.267063353
Madhya Pradesh,SHAJAPUR,2000,Kharif,Rice,602,336,0.558139535
Madhya Pradesh,SHAJAPUR,2000,Kharif,Sesamum,170,58,0.341176471
Madhya Pradesh,SHAJAPUR,2000,Kharif,Soyabean,319356,264107,0.82699871
Madhya Pradesh,SHAJAPUR,2000,Kharif,Sunflower,174,60,0.344827586
Madhya Pradesh,SHAJAPUR,2000,Rabi,Barley,77,112,1.454545455
Madhya Pradesh,SHAJAPUR,2000,Rabi,Gram,36872,26732,0.724994576
Madhya Pradesh,SHAJAPUR,2000,Rabi,Linseed,39,25,0.641025641
Madhya Pradesh,SHAJAPUR,2000,Rabi,Other  Rabi pulses,3371,1052,0.312073569
Madhya Pradesh,SHAJAPUR,2000,Rabi,Rapeseed &Mustard,163,113,0.693251534
Madhya Pradesh,SHAJAPUR,2000,Rabi,Wheat,27621,50281,1.820390283
Madhya Pradesh,SHAJAPUR,2000,Whole Year,Coriander,3770,1343,0.356233422
Madhya Pradesh,SHAJAPUR,2000,Whole Year,Dry chillies,396,85,0.214646465
Madhya Pradesh,SHAJAPUR,2000,Whole Year,Garlic,630,1195,1.896825397
Madhya Pradesh,SHAJAPUR,2000,Whole Year,Onion,1160,12218,10.53275862
Madhya Pradesh,SHAJAPUR,2000,Whole Year,Sannhamp,79,122,1.544303797
Madhya Pradesh,SHAJAPUR,2000,Whole Year,Sugarcane,1203,36600,30.42394015
Madhya Pradesh,SHAJAPUR,2001,Kharif,Arhar/Tur,2409,1589,0.659609797
Madhya Pradesh,SHAJAPUR,2001,Kharif,Bajra,16,9,0.5625
Madhya Pradesh,SHAJAPUR,2001,Kharif,Cotton(lint),14,12,0.857142857
Madhya Pradesh,SHAJAPUR,2001,Kharif,Dry ginger,1,1,1
Madhya Pradesh,SHAJAPUR,2001,Kharif,Groundnut,1433,1430,0.99790649
Madhya Pradesh,SHAJAPUR,2001,Kharif,Jowar,20128,23348,1.159976153
Madhya Pradesh,SHAJAPUR,2001,Kharif,Maize,45540,87928,1.930786122
Madhya Pradesh,SHAJAPUR,2001,Kharif,Other Kharif pulses,2369,615,0.259603208
Madhya Pradesh,SHAJAPUR,2001,Kharif,Rice,494,235,0.475708502
Madhya Pradesh,SHAJAPUR,2001,Kharif,Sesamum,152,43,0.282894737
Madhya Pradesh,SHAJAPUR,2001,Kharif,Small millets,1,0,0
Madhya Pradesh,SHAJAPUR,2001,Kharif,Soyabean,314558,195026,0.620000127
Madhya Pradesh,SHAJAPUR,2001,Kharif,Sunflower,97,29,0.298969072
Madhya Pradesh,SHAJAPUR,2001,Rabi,Barley,95,143,1.505263158
Madhya Pradesh,SHAJAPUR,2001,Rabi,Gram,67715,47062,0.695001108
Madhya Pradesh,SHAJAPUR,2001,Rabi,Linseed,51,30,0.588235294
Madhya Pradesh,SHAJAPUR,2001,Rabi,Other  Rabi pulses,3476,1070,0.307825086
Madhya Pradesh,SHAJAPUR,2001,Rabi,Rapeseed &Mustard,221,150,0.678733032
Madhya Pradesh,SHAJAPUR,2001,Rabi,Wheat,42831,69103,1.6133875
Madhya Pradesh,SHAJAPUR,2001,Whole Year,Coriander,4269,1521,0.356289529
Madhya Pradesh,SHAJAPUR,2001,Whole Year,Dry chillies,423,118,0.278959811
Madhya Pradesh,SHAJAPUR,2001,Whole Year,Garlic,843,1824,2.163701068
Madhya Pradesh,SHAJAPUR,2001,Whole Year,Onion,1581,19001,12.01834282
Madhya Pradesh,SHAJAPUR,2001,Whole Year,Potato,2129,25870,12.15124472
Madhya Pradesh,SHAJAPUR,2001,Whole Year,Sannhamp,58,72,1.24137931
Madhya Pradesh,SHAJAPUR,2001,Whole Year,Sugarcane,840,26470,31.51190476
Madhya Pradesh,SHAJAPUR,2001,Whole Year,Sweet potato,57,321,5.631578947
Madhya Pradesh,SHAJAPUR,2001,Whole Year,Tobacco,1,0.01,0.01
Madhya Pradesh,SHAJAPUR,2002,Kharif,Arhar/Tur,2563,952,0.371439719
Madhya Pradesh,SHAJAPUR,2002,Kharif,Bajra,17,7,0.411764706
Madhya Pradesh,SHAJAPUR,2002,Kharif,Cotton(lint),4,2,0.5
Madhya Pradesh,SHAJAPUR,2002,Kharif,Groundnut,1719,1194,0.694589878
Madhya Pradesh,SHAJAPUR,2002,Kharif,Jowar,25926,42467,1.638008177
Madhya Pradesh,SHAJAPUR,2002,Kharif,Maize,45170,84726,1.875713969
Madhya Pradesh,SHAJAPUR,2002,Kharif,Other Kharif pulses,3893,953,0.244798356
Madhya Pradesh,SHAJAPUR,2002,Kharif,Rice,418,165,0.394736842
Madhya Pradesh,SHAJAPUR,2002,Kharif,Sesamum,476,171,0.359243697
Madhya Pradesh,SHAJAPUR,2002,Kharif,Small millets,9,2,0.222222222
Madhya Pradesh,SHAJAPUR,2002,Kharif,Soyabean,315252,151321,0.480000127
Madhya Pradesh,SHAJAPUR,2002,Kharif,Sunflower,71,21,0.295774648
Madhya Pradesh,SHAJAPUR,2002,Rabi,Barley,46,63,1.369565217
Madhya Pradesh,SHAJAPUR,2002,Rabi,Gram,54654,36072,0.660006587
Madhya Pradesh,SHAJAPUR,2002,Rabi,Linseed,26,15,0.576923077
Madhya Pradesh,SHAJAPUR,2002,Rabi,Other  Rabi pulses,2213,605,0.273384546
Madhya Pradesh,SHAJAPUR,2002,Rabi,Rapeseed &Mustard,136,88,0.647058824
Madhya Pradesh,SHAJAPUR,2002,Rabi,Wheat,37138,56073,1.509855135
Madhya Pradesh,SHAJAPUR,2002,Whole Year,Bhindi,73,0,0
Madhya Pradesh,SHAJAPUR,2002,Whole Year,Brinjal,133,0,0
Madhya Pradesh,SHAJAPUR,2002,Whole Year,Cabbage,48,0,0
Madhya Pradesh,SHAJAPUR,2002,Whole Year,Cauliflower,91,0,0
Madhya Pradesh,SHAJAPUR,2002,Whole Year,Citrus Fruit,1138,0,0
Madhya Pradesh,SHAJAPUR,2002,Whole Year,Coriander,2508,736,0.293460925
Madhya Pradesh,SHAJAPUR,2002,Whole Year,Dry chillies,425,134,0.315294118
Madhya Pradesh,SHAJAPUR,2002,Whole Year,Garlic,1208,2292,1.897350993
Madhya Pradesh,SHAJAPUR,2002,Whole Year,Mango,127,0,0
Madhya Pradesh,SHAJAPUR,2002,Whole Year,Onion,1875,18988,10.12693333
Madhya Pradesh,SHAJAPUR,2002,Whole Year,Other Fresh Fruits,45,0,0
Madhya Pradesh,SHAJAPUR,2002,Whole Year,Other Vegetables,79,0,0
Madhya Pradesh,SHAJAPUR,2002,Whole Year,Papaya,12,529,44.08333333
Madhya Pradesh,SHAJAPUR,2002,Whole Year,Pome Fruit,12,0,0
Madhya Pradesh,SHAJAPUR,2002,Whole Year,Potato,2172,24743,11.39180479
Madhya Pradesh,SHAJAPUR,2002,Whole Year,Sannhamp,81,100,1.234567901
Madhya Pradesh,SHAJAPUR,2002,Whole Year,Sugarcane,701,16000,22.82453638
Madhya Pradesh,SHAJAPUR,2002,Whole Year,Sweet potato,52,276,5.307692308
Madhya Pradesh,SHAJAPUR,2002,Whole Year,Tobacco,2,1,0.5
Madhya Pradesh,SHAJAPUR,2002,Whole Year,Tomato,127,0,0
Madhya Pradesh,SHAJAPUR,2002,Whole Year,Turmeric,4,2,0.5
Madhya Pradesh,SHAJAPUR,2003,Kharif,Arhar/Tur,3014,1836,0.609157266
Madhya Pradesh,SHAJAPUR,2003,Kharif,Bajra,13,13,1
Madhya Pradesh,SHAJAPUR,2003,Kharif,Cotton(lint),2,2,1
Madhya Pradesh,SHAJAPUR,2003,Kharif,Dry ginger,3,3,1
Madhya Pradesh,SHAJAPUR,2003,Kharif,Groundnut,1885,2183,1.158090186
Madhya Pradesh,SHAJAPUR,2003,Kharif,Jowar,36361,50251,1.382002695
Madhya Pradesh,SHAJAPUR,2003,Kharif,Maize,42932,88918,2.07113575
Madhya Pradesh,SHAJAPUR,2003,Kharif,Other Kharif pulses,5331,1767,0.331457513
Madhya Pradesh,SHAJAPUR,2003,Kharif,Rice,399,227,0.568922306
Madhya Pradesh,SHAJAPUR,2003,Kharif,Sesamum,643,363,0.564541213
Madhya Pradesh,SHAJAPUR,2003,Kharif,Small millets,1,0,0
Madhya Pradesh,SHAJAPUR,2003,Kharif,Soyabean,307286,303599,0.988001406
Madhya Pradesh,SHAJAPUR,2003,Kharif,Sunflower,36,19,0.527777778
Madhya Pradesh,SHAJAPUR,2003,Kharif,Urad,4883,1617,0.331148884
Madhya Pradesh,SHAJAPUR,2003,Rabi,Barley,88,179,2.034090909
Madhya Pradesh,SHAJAPUR,2003,Rabi,Gram,100620,76874,0.76400318
Madhya Pradesh,SHAJAPUR,2003,Rabi,Linseed,26,21,0.807692308
Madhya Pradesh,SHAJAPUR,2003,Rabi,Other  Rabi pulses,5384,2155,0.40026003
Madhya Pradesh,SHAJAPUR,2003,Rabi,Rapeseed &Mustard,436,407,0.933486239
Madhya Pradesh,SHAJAPUR,2003,Rabi,Safflower,2,1,0.5
Madhya Pradesh,SHAJAPUR,2003,Rabi,Wheat,77506,148275,1.913077697
Madhya Pradesh,SHAJAPUR,2003,Whole Year,Bhindi,105,0,0
Madhya Pradesh,SHAJAPUR,2003,Whole Year,Brinjal,128,0,0
Madhya Pradesh,SHAJAPUR,2003,Whole Year,Cabbage,34,0,0
Madhya Pradesh,SHAJAPUR,2003,Whole Year,Cauliflower,131,0,0
Madhya Pradesh,SHAJAPUR,2003,Whole Year,Citrus Fruit,6,0,0
Madhya Pradesh,SHAJAPUR,2003,Whole Year,Coriander,15616,6657,0.426293545
Madhya Pradesh,SHAJAPUR,2003,Whole Year,Dry chillies,571,225,0.394045534
Madhya Pradesh,SHAJAPUR,2003,Whole Year,Garlic,1935,4773,2.466666667
Madhya Pradesh,SHAJAPUR,2003,Whole Year,Mango,137,0,0
Madhya Pradesh,SHAJAPUR,2003,Whole Year,Onion,3578,44081,12.32001118
Madhya Pradesh,SHAJAPUR,2003,Whole Year,Orange,1119,0,0
Madhya Pradesh,SHAJAPUR,2003,Whole Year,Other Citrus Fruit,44,0,0
Madhya Pradesh,SHAJAPUR,2003,Whole Year,Other Fresh Fruits,8,0,0
Madhya Pradesh,SHAJAPUR,2003,Whole Year,Other Vegetables,77,0,0
Madhya Pradesh,SHAJAPUR,2003,Whole Year,Papaya,14,825,58.92857143
Madhya Pradesh,SHAJAPUR,2003,Whole Year,Pome Fruit,16,0,0
Madhya Pradesh,SHAJAPUR,2003,Whole Year,Potato,3387,51365,15.16533806
Madhya Pradesh,SHAJAPUR,2003,Whole Year,Sannhamp,68,122,1.794117647
Madhya Pradesh,SHAJAPUR,2003,Whole Year,Sugarcane,502,13750,27.39043825
Madhya Pradesh,SHAJAPUR,2003,Whole Year,Sweet potato,58,401,6.913793103
Madhya Pradesh,SHAJAPUR,2003,Whole Year,Tomato,216,0,0
Madhya Pradesh,SHAJAPUR,2003,Whole Year,Water Melon,16,0,0
Madhya Pradesh,SHAJAPUR,2004,Kharif,Arhar/Tur,3132,1792,0.572158365
Madhya Pradesh,SHAJAPUR,2004,Kharif,Bajra,15,17,1.133333333
Madhya Pradesh,SHAJAPUR,2004,Kharif,Cotton(lint),7,9,1.285714286
Madhya Pradesh,SHAJAPUR,2004,Kharif,Dry ginger,3,3,1
Madhya Pradesh,SHAJAPUR,2004,Kharif,Groundnut,1821,2438,1.338824822
Madhya Pradesh,SHAJAPUR,2004,Kharif,Jowar,28248,38728,1.370999717
Madhya Pradesh,SHAJAPUR,2004,Kharif,Maize,43264,69814,1.613674186
Madhya Pradesh,SHAJAPUR,2004,Kharif,Rice,480,280,0.583333333
Madhya Pradesh,SHAJAPUR,2004,Kharif,Sesamum,536,307,0.572761194
Madhya Pradesh,SHAJAPUR,2004,Kharif,Small millets,1,,
Madhya Pradesh,SHAJAPUR,2004,Kharif,Soyabean,319012,262547,0.823000389
Madhya Pradesh,SHAJAPUR,2004,Kharif,Sunflower,27,9,0.333333333
Madhya Pradesh,SHAJAPUR,2004,Kharif,Urad,4708,1758,0.373406967
Madhya Pradesh,SHAJAPUR,2004,Rabi,Barley,143,270,1.888111888
Madhya Pradesh,SHAJAPUR,2004,Rabi,Gram,101067,92678,0.916995656
Madhya Pradesh,SHAJAPUR,2004,Rabi,Linseed,92,78,0.847826087
Madhya Pradesh,SHAJAPUR,2004,Rabi,Masoor,6716,2889,0.430166766
Madhya Pradesh,SHAJAPUR,2004,Rabi,Rapeseed &Mustard,3068,3105,1.012059974
Madhya Pradesh,SHAJAPUR,2004,Rabi,Wheat,85379,180243,2.111092892
Madhya Pradesh,SHAJAPUR,2004,Whole Year,Coriander,18186,8133,0.447212141
Madhya Pradesh,SHAJAPUR,2004,Whole Year,Garlic,2564,6227,2.428627145
Madhya Pradesh,SHAJAPUR,2004,Whole Year,Onion,4949,68825,13.90684987
Madhya Pradesh,SHAJAPUR,2004,Whole Year,Potato,4106,64196,15.63468095
Madhya Pradesh,SHAJAPUR,2004,Whole Year,Sugarcane,518,16320,31.50579151
Madhya Pradesh,SHAJAPUR,2004,Whole Year,Sweet potato,69,462,6.695652174
Madhya Pradesh,SHAJAPUR,2005,Kharif,Arhar/Tur,2671,1273,0.476600524
Madhya Pradesh,SHAJAPUR,2005,Kharif,Bajra,16,14,0.875
Madhya Pradesh,SHAJAPUR,2005,Kharif,Cotton(lint),1,2,2
Madhya Pradesh,SHAJAPUR,2005,Kharif,Groundnut,1580,1579,0.999367089
Madhya Pradesh,SHAJAPUR,2005,Kharif,Jowar,28532,39174,1.372984719
Madhya Pradesh,SHAJAPUR,2005,Kharif,Maize,44311,79482,1.793730676
Madhya Pradesh,SHAJAPUR,2005,Kharif,Moong(Green Gram),449,104,0.231625835
Madhya Pradesh,SHAJAPUR,2005,Kharif,Niger seed,2,,
Madhya Pradesh,SHAJAPUR,2005,Kharif,Rice,326,173,0.530674847
Madhya Pradesh,SHAJAPUR,2005,Kharif,Sesamum,619,250,0.403877221
Madhya Pradesh,SHAJAPUR,2005,Kharif,Soyabean,327788,320904,0.978998621
Madhya Pradesh,SHAJAPUR,2005,Kharif,Sunflower,9,4,0.444444444
Madhya Pradesh,SHAJAPUR,2005,Kharif,Urad,4331,1435,0.331332256
Madhya Pradesh,SHAJAPUR,2005,Rabi,Barley,96,119,1.239583333
Madhya Pradesh,SHAJAPUR,2005,Rabi,Gram,80217,70591,0.880000499
Madhya Pradesh,SHAJAPUR,2005,Rabi,Linseed,15,9,0.6
Madhya Pradesh,SHAJAPUR,2005,Rabi,Masoor,5115,1731,0.338416422
Madhya Pradesh,SHAJAPUR,2005,Rabi,Peas & beans (Pulses),358,112,0.312849162
Madhya Pradesh,SHAJAPUR,2005,Rabi,Rapeseed &Mustard,3229,2555,0.791266646
Madhya Pradesh,SHAJAPUR,2005,Rabi,Wheat,52031,93027,1.787914897
Madhya Pradesh,SHAJAPUR,2005,Whole Year,Onion,4523,56413,12.47247402
Madhya Pradesh,SHAJAPUR,2005,Whole Year,Potato,3723,46094,12.38087564
Madhya Pradesh,SHAJAPUR,2005,Whole Year,Sugarcane,411,13140,31.97080292
Madhya Pradesh,SHAJAPUR,2005,Whole Year,Sweet potato,65,435,6.692307692
Madhya Pradesh,SHAJAPUR,2006,Kharif,Arhar/Tur,2638,1065,0.403714936
Madhya Pradesh,SHAJAPUR,2006,Kharif,Bajra,8,8,1
Madhya Pradesh,SHAJAPUR,2006,Kharif,Cotton(lint),13,15,1.153846154
Madhya Pradesh,SHAJAPUR,2006,Kharif,Groundnut,1599,1298,0.811757348
Madhya Pradesh,SHAJAPUR,2006,Kharif,Jowar,25079,29041,1.157980781
Madhya Pradesh,SHAJAPUR,2006,Kharif,Jute,40,61,1.525
Madhya Pradesh,SHAJAPUR,2006,Kharif,Maize,43485,27214,0.625824997
Madhya Pradesh,SHAJAPUR,2006,Kharif,Moong(Green Gram),397,103,0.259445844
Madhya Pradesh,SHAJAPUR,2006,Kharif,Other Kharif pulses,37,12,0.324324324
Madhya Pradesh,SHAJAPUR,2006,Kharif,Rice,303,134,0.442244224
Madhya Pradesh,SHAJAPUR,2006,Kharif,Soyabean,327024,272411,0.833000024
Madhya Pradesh,SHAJAPUR,2006,Kharif,Sunflower,12,4,0.333333333
Madhya Pradesh,SHAJAPUR,2006,Kharif,Urad,3047,881,0.289136856
Madhya Pradesh,SHAJAPUR,2006,Rabi,Gram,99421,110755,1.11400006
Madhya Pradesh,SHAJAPUR,2006,Rabi,Linseed,62,59,0.951612903
Madhya Pradesh,SHAJAPUR,2006,Rabi,Masoor,6509,2854,0.438469811
Madhya Pradesh,SHAJAPUR,2006,Rabi,Peas & beans (Pulses),847,372,0.439197166
Madhya Pradesh,SHAJAPUR,2006,Rabi,Rapeseed &Mustard,5523,5909,1.069889553
Madhya Pradesh,SHAJAPUR,2006,Rabi,Wheat,86540,196803,2.274127571
Madhya Pradesh,SHAJAPUR,2006,Whole Year,Coriander,12500,5939,0.47512
Madhya Pradesh,SHAJAPUR,2006,Whole Year,Dry chillies,550,203,0.369090909
Madhya Pradesh,SHAJAPUR,2006,Whole Year,Garlic,2452,6514,2.656606852
Madhya Pradesh,SHAJAPUR,2006,Whole Year,Onion,5053,69340,13.72254106
Madhya Pradesh,SHAJAPUR,2006,Whole Year,Potato,3991,61281,15.3547983
Madhya Pradesh,SHAJAPUR,2006,Whole Year,Sesamum,528,161,0.304924242
Madhya Pradesh,SHAJAPUR,2006,Whole Year,Sugarcane,353,11290,31.98300283
Madhya Pradesh,SHAJAPUR,2006,Whole Year,Sweet potato,81,603,7.444444444
Madhya Pradesh,SHAJAPUR,2006,Whole Year,Tobacco,1,,
Madhya Pradesh,SHAJAPUR,2006,Whole Year,Turmeric,1,1,1
Madhya Pradesh,SHAJAPUR,2007,Kharif,Arhar/Tur,2589,1128,0.435689455
Madhya Pradesh,SHAJAPUR,2007,Kharif,Bajra,30,21,0.7
Madhya Pradesh,SHAJAPUR,2007,Kharif,Groundnut,1788,1541,0.861856823
Madhya Pradesh,SHAJAPUR,2007,Kharif,Jowar,22971,36501,1.589003526
Madhya Pradesh,SHAJAPUR,2007,Kharif,Maize,41737,33053,0.791935213
Madhya Pradesh,SHAJAPUR,2007,Kharif,Rice,229,115,0.502183406
Madhya Pradesh,SHAJAPUR,2007,Kharif,Sannhamp,14,4,0.285714286
Madhya Pradesh,SHAJAPUR,2007,Kharif,Soyabean,331425,308888,0.931999698
Madhya Pradesh,SHAJAPUR,2007,Kharif,Urad,3351,1009,0.301104148
Madhya Pradesh,SHAJAPUR,2007,Rabi,Barley,227,368,1.621145374
Madhya Pradesh,SHAJAPUR,2007,Rabi,Gram,132256,74989,0.566998851
Madhya Pradesh,SHAJAPUR,2007,Rabi,Linseed,18,12,0.666666667
Madhya Pradesh,SHAJAPUR,2007,Rabi,Masoor,7636,2296,0.300680985
Madhya Pradesh,SHAJAPUR,2007,Rabi,Peas & beans (Pulses),538,162,0.301115242
Madhya Pradesh,SHAJAPUR,2007,Rabi,Rapeseed &Mustard,4265,3280,0.76905041
Madhya Pradesh,SHAJAPUR,2007,Rabi,Wheat,87454,164910,1.885677042
Madhya Pradesh,SHAJAPUR,2007,Whole Year,Coriander,20614,5906,0.286504317
Madhya Pradesh,SHAJAPUR,2007,Whole Year,Garlic,2883,7659,2.6566077
Madhya Pradesh,SHAJAPUR,2007,Whole Year,Onion,5419,64330,11.87119395
Madhya Pradesh,SHAJAPUR,2007,Whole Year,Potato,4428,45578,10.2931346
Madhya Pradesh,SHAJAPUR,2007,Whole Year,Sesamum,535,243,0.454205607
Madhya Pradesh,SHAJAPUR,2007,Whole Year,Sugarcane,348,11280,32.4137931
Madhya Pradesh,SHAJAPUR,2007,Whole Year,Sunflower,3,1,0.333333333
Madhya Pradesh,SHAJAPUR,2007,Whole Year,Sweet potato,91,677,7.43956044
Madhya Pradesh,SHAJAPUR,2007,Whole Year,Tobacco,1,,
Madhya Pradesh,SHAJAPUR,2008,Kharif,Arhar/Tur,2646,1430,0.540438398
Madhya Pradesh,SHAJAPUR,2008,Kharif,Bajra,22,18,0.818181818
Madhya Pradesh,SHAJAPUR,2008,Kharif,Groundnut,1623,1471,0.906346272
Madhya Pradesh,SHAJAPUR,2008,Kharif,Jowar,21212,35424,1.669998114
Madhya Pradesh,SHAJAPUR,2008,Kharif,Maize,41087,36014,0.876530289
Madhya Pradesh,SHAJAPUR,2008,Kharif,Rice,190,84,0.442105263
Madhya Pradesh,SHAJAPUR,2008,Kharif,Sannhamp,23,6,0.260869565
Madhya Pradesh,SHAJAPUR,2008,Kharif,Soyabean,337092,337766,1.001999454
Madhya Pradesh,SHAJAPUR,2008,Kharif,Sunflower,4,2,0.5
Madhya Pradesh,SHAJAPUR,2008,Kharif,Urad,3941,1187,0.301192591
Madhya Pradesh,SHAJAPUR,2008,Rabi,Barley,218,311,1.426605505
Madhya Pradesh,SHAJAPUR,2008,Rabi,Gram,124411,107242,0.861997733
Madhya Pradesh,SHAJAPUR,2008,Rabi,Linseed,20,13,0.65
Madhya Pradesh,SHAJAPUR,2008,Rabi,Masoor,7114,2140,0.300815294
Madhya Pradesh,SHAJAPUR,2008,Rabi,Peas & beans (Pulses),391,118,0.301790281
Madhya Pradesh,SHAJAPUR,2008,Rabi,Rapeseed &Mustard,3910,3213,0.82173913
Madhya Pradesh,SHAJAPUR,2008,Rabi,Wheat,66008,134835,2.042706945
Madhya Pradesh,SHAJAPUR,2008,Whole Year,Coriander,19219,6312,0.328424996
Madhya Pradesh,SHAJAPUR,2008,Whole Year,Garlic,2848,6485,2.277036517
Madhya Pradesh,SHAJAPUR,2008,Whole Year,Onion,4191,43281,10.32712956
Madhya Pradesh,SHAJAPUR,2008,Whole Year,Potato,3525,38889,11.03234043
Madhya Pradesh,SHAJAPUR,2008,Whole Year,Sesamum,453,203,0.44812362
Madhya Pradesh,SHAJAPUR,2008,Whole Year,Sugarcane,237,7030,29.66244726
Madhya Pradesh,SHAJAPUR,2008,Whole Year,Sweet potato,69,440,6.376811594
Madhya Pradesh,SHAJAPUR,2009,Kharif,Cowpea(Lobia),30,10,0.333333333
Madhya Pradesh,SHAJAPUR,2009,Kharif,Jowar,18437,25996,1.409990779
Madhya Pradesh,SHAJAPUR,2009,Kharif,Moong(Green Gram),479,138,0.288100209
Madhya Pradesh,SHAJAPUR,2009,Kharif,Urad,3544,1067,0.301072235
Madhya Pradesh,SHAJAPUR,2009,Rabi,Cowpea(Lobia),2,1,0.5
Madhya Pradesh,SHAJAPUR,2009,Whole Year,Arhar/Tur,2993,1557,0.520213832
Madhya Pradesh,SHAJAPUR,2009,Whole Year,Bajra,9,7,0.777777778
Madhya Pradesh,SHAJAPUR,2009,Whole Year,Barley,199,313,1.572864322
Madhya Pradesh,SHAJAPUR,2009,Whole Year,Coriander,18733,9163,0.489136817
Madhya Pradesh,SHAJAPUR,2009,Whole Year,Dry chillies,709,527,0.743300423
Madhya Pradesh,SHAJAPUR,2009,Whole Year,Dry ginger,2,2,1
Madhya Pradesh,SHAJAPUR,2009,Whole Year,Garlic,3378,8974,2.656601539
Madhya Pradesh,SHAJAPUR,2009,Whole Year,Gram,151994,174489,1.147999263
Madhya Pradesh,SHAJAPUR,2009,Whole Year,Groundnut,1507,1403,0.930988719
Madhya Pradesh,SHAJAPUR,2009,Whole Year,Linseed,20,20,1
Madhya Pradesh,SHAJAPUR,2009,Whole Year,Maize,39597,32365,0.817359901
Madhya Pradesh,SHAJAPUR,2009,Whole Year,Masoor,7797,3468,0.444786456
Madhya Pradesh,SHAJAPUR,2009,Whole Year,Onion,5504,68720,12.48546512
Madhya Pradesh,SHAJAPUR,2009,Whole Year,Peas & beans (Pulses),473,210,0.44397463
Madhya Pradesh,SHAJAPUR,2009,Whole Year,Potato,4074,59248,14.54295533
Madhya Pradesh,SHAJAPUR,2009,Whole Year,Rapeseed &Mustard,5308,6186,1.165410701
Madhya Pradesh,SHAJAPUR,2009,Whole Year,Rice,174,76,0.436781609
Madhya Pradesh,SHAJAPUR,2009,Whole Year,Sannhamp,26,7,0.269230769
Madhya Pradesh,SHAJAPUR,2009,Whole Year,Sesamum,502,228,0.454183267
Madhya Pradesh,SHAJAPUR,2009,Whole Year,Soyabean,340534,305118,0.895998637
Madhya Pradesh,SHAJAPUR,2009,Whole Year,Sugarcane,196,6270,31.98979592
Madhya Pradesh,SHAJAPUR,2009,Whole Year,Sunflower,3,1,0.333333333
Madhya Pradesh,SHAJAPUR,2009,Whole Year,Sweet potato,63,469,7.444444444
Madhya Pradesh,SHAJAPUR,2009,Whole Year,Turmeric,1,1,1
Madhya Pradesh,SHAJAPUR,2009,Whole Year,Wheat,83862,221344,2.639383749
Madhya Pradesh,SHAJAPUR,2010,Kharif,Arhar/Tur,3329,714,0.214478822
Madhya Pradesh,SHAJAPUR,2010,Kharif,Bajra,14,14,1
Madhya Pradesh,SHAJAPUR,2010,Kharif,Cowpea(Lobia),62,16,0.258064516
Madhya Pradesh,SHAJAPUR,2010,Kharif,Groundnut,1406,1811,1.288051209
Madhya Pradesh,SHAJAPUR,2010,Kharif,Jowar,15643,28674,1.833024356
Madhya Pradesh,SHAJAPUR,2010,Kharif,Maize,39053,58917,1.508642102
Madhya Pradesh,SHAJAPUR,2010,Kharif,Moong(Green Gram),521,181,0.347408829
Madhya Pradesh,SHAJAPUR,2010,Kharif,Rice,112,83,0.741071429
Madhya Pradesh,SHAJAPUR,2010,Kharif,Soyabean,348574,389470,1.117323725
Madhya Pradesh,SHAJAPUR,2010,Kharif,Urad,3253,1176,0.36151245
Madhya Pradesh,SHAJAPUR,2010,Rabi,Barley,207,344,1.661835749
Madhya Pradesh,SHAJAPUR,2010,Rabi,Gram,168755,96022,0.5690024
Madhya Pradesh,SHAJAPUR,2010,Rabi,Linseed,59,34,0.576271186
Madhya Pradesh,SHAJAPUR,2010,Rabi,Masoor,11220,2400,0.213903743
Madhya Pradesh,SHAJAPUR,2010,Rabi,Moong(Green Gram),1,,
Madhya Pradesh,SHAJAPUR,2010,Rabi,Peas & beans (Pulses),514,107,0.208171206
Madhya Pradesh,SHAJAPUR,2010,Rabi,Rapeseed &Mustard,7023,7201,1.025345294
Madhya Pradesh,SHAJAPUR,2010,Rabi,Urad,5,1,0.2
Madhya Pradesh,SHAJAPUR,2010,Rabi,Wheat,90836,182142,2.00517416
Madhya Pradesh,SHAJAPUR,2010,Whole Year,Coriander,21433,10484,0.489152242
Madhya Pradesh,SHAJAPUR,2010,Whole Year,Dry chillies,635,641,1.009448819
Madhya Pradesh,SHAJAPUR,2010,Whole Year,Dry ginger,1,1,1
Madhya Pradesh,SHAJAPUR,2010,Whole Year,Garlic,3586,8230,2.295036252
Madhya Pradesh,SHAJAPUR,2010,Whole Year,Onion,6050,86745,14.33801653
Madhya Pradesh,SHAJAPUR,2010,Whole Year,Potato,5864,49296,8.406548431
Madhya Pradesh,SHAJAPUR,2010,Whole Year,Sannhamp,13,22,1.692307692
Madhya Pradesh,SHAJAPUR,2010,Whole Year,Sesamum,570,359,0.629824561
Madhya Pradesh,SHAJAPUR,2010,Whole Year,Sugarcane,185,5910,31.94594595
Madhya Pradesh,SHAJAPUR,2010,Whole Year,Sweet potato,43,293,6.813953488
Madhya Pradesh,SHAJAPUR,2010,Whole Year,Tobacco,1,,
Madhya Pradesh,SHAJAPUR,2011,Kharif,Arhar/Tur,3211,1193,0.371535347
Madhya Pradesh,SHAJAPUR,2011,Kharif,Bajra,6,5,0.833333333
Madhya Pradesh,SHAJAPUR,2011,Kharif,Barley,245,507,2.069387755
Madhya Pradesh,SHAJAPUR,2011,Kharif,Groundnut,1704,2285,1.340962441
Madhya Pradesh,SHAJAPUR,2011,Kharif,Jowar,12765,16824,1.317978848
Madhya Pradesh,SHAJAPUR,2011,Kharif,Maize,36288,22235,0.612736993
Madhya Pradesh,SHAJAPUR,2011,Kharif,Moong(Green Gram),565,73,0.12920354
Madhya Pradesh,SHAJAPUR,2011,Kharif,Other Kharif pulses,49,15,0.306122449
Madhya Pradesh,SHAJAPUR,2011,Kharif,Rice,101,90,0.891089109
Madhya Pradesh,SHAJAPUR,2011,Kharif,Sannhamp,21,28,1.333333333
Madhya Pradesh,SHAJAPUR,2011,Kharif,Soyabean,355373,395886,1.114001345
Madhya Pradesh,SHAJAPUR,2011,Kharif,Urad,3622,541,0.149364992
Madhya Pradesh,SHAJAPUR,2011,Rabi,Gram,137391,115413,0.84003319
Madhya Pradesh,SHAJAPUR,2011,Rabi,Linseed,46,46,1
Madhya Pradesh,SHAJAPUR,2011,Rabi,Masoor,11286,3019,0.267499557
Madhya Pradesh,SHAJAPUR,2011,Rabi,Moong(Green Gram),1,,
Madhya Pradesh,SHAJAPUR,2011,Rabi,Peas & beans (Pulses),577,150,0.259965338
Madhya Pradesh,SHAJAPUR,2011,Rabi,Rapeseed &Mustard,5758,7192,1.249044807
Madhya Pradesh,SHAJAPUR,2011,Rabi,Wheat,117308,350739,2.989898387
Madhya Pradesh,SHAJAPUR,2011,Whole Year,Coriander,21110,10326,0.489152061
Madhya Pradesh,SHAJAPUR,2011,Whole Year,Dry chillies,655,307,0.46870229
Madhya Pradesh,SHAJAPUR,2011,Whole Year,Dry ginger,1,1,1
Madhya Pradesh,SHAJAPUR,2011,Whole Year,Garlic,4567,9783,2.142106416
Madhya Pradesh,SHAJAPUR,2011,Whole Year,Onion,7528,111017,14.74721041
Madhya Pradesh,SHAJAPUR,2011,Whole Year,Potato,6642,72311,10.88693165
Madhya Pradesh,SHAJAPUR,2011,Whole Year,Sesamum,662,374,0.564954683
Madhya Pradesh,SHAJAPUR,2011,Whole Year,Sugarcane,163,4340,26.62576687
Madhya Pradesh,SHAJAPUR,2011,Whole Year,Sweet potato,65,388,5.969230769
Madhya Pradesh,SHAJAPUR,2012,Kharif,Arhar/Tur,3379,1453,0.430008878
Madhya Pradesh,SHAJAPUR,2012,Kharif,Bajra,1,1,1
Madhya Pradesh,SHAJAPUR,2012,Kharif,Barley,266,471,1.770676692
Madhya Pradesh,SHAJAPUR,2012,Kharif,Groundnut,1571,2664,1.695735201
Madhya Pradesh,SHAJAPUR,2012,Kharif,Jowar,9198,10624,1.155033703
Madhya Pradesh,SHAJAPUR,2012,Kharif,Maize,32858,66109,2.011960558
Madhya Pradesh,SHAJAPUR,2012,Kharif,Moong(Green Gram),662,206,0.311178248
Madhya Pradesh,SHAJAPUR,2012,Kharif,Rice,73,38,0.520547945
Madhya Pradesh,SHAJAPUR,2012,Kharif,Sannhamp,27,39,1.444444444
Madhya Pradesh,SHAJAPUR,2012,Kharif,Soyabean,371100,498016,1.341999461
Madhya Pradesh,SHAJAPUR,2012,Kharif,Urad,2584,893,0.345588235
Madhya Pradesh,SHAJAPUR,2012,Rabi,Gram,135793,82267,0.605826515
Madhya Pradesh,SHAJAPUR,2012,Rabi,Linseed,50,41,0.82
Madhya Pradesh,SHAJAPUR,2012,Rabi,Masoor,10809,4584,0.424091035
Madhya Pradesh,SHAJAPUR,2012,Rabi,Peas & beans (Pulses),573,258,0.45026178
Madhya Pradesh,SHAJAPUR,2012,Rabi,Rapeseed &Mustard,6288,6822,1.084923664
Madhya Pradesh,SHAJAPUR,2012,Rabi,Wheat,126239,260684,2.065003683
Madhya Pradesh,SHAJAPUR,2012,Whole Year,Coriander,16044,7577,0.472263775
Madhya Pradesh,SHAJAPUR,2012,Whole Year,Dry chillies,619,635,1.025848142
Madhya Pradesh,SHAJAPUR,2012,Whole Year,Dry ginger,1,1,1
Madhya Pradesh,SHAJAPUR,2012,Whole Year,Garlic,4704,11307,2.40369898
Madhya Pradesh,SHAJAPUR,2012,Whole Year,Onion,8618,126191,14.64272453
Madhya Pradesh,SHAJAPUR,2012,Whole Year,Potato,5845,99153,16.96372968
Madhya Pradesh,SHAJAPUR,2012,Whole Year,Sesamum,714,416,0.582633053
Madhya Pradesh,SHAJAPUR,2012,Whole Year,Sugarcane,58,1650,28.44827586
Madhya Pradesh,SHAJAPUR,2012,Whole Year,Sweet potato,42,282,6.714285714
Madhya Pradesh,SHAJAPUR,2012,Whole Year,Tobacco,8,3,0.375
Madhya Pradesh,SHAJAPUR,2013,Kharif,Arhar/Tur,1687,680,0.403082395
Madhya Pradesh,SHAJAPUR,2013,Kharif,Barley,1,2,2
Madhya Pradesh,SHAJAPUR,2013,Kharif,Groundnut,577,597,1.034662045
Madhya Pradesh,SHAJAPUR,2013,Kharif,Jowar,2488,2060,0.827974277
Madhya Pradesh,SHAJAPUR,2013,Kharif,Maize,10276,11160,1.086025691
Madhya Pradesh,SHAJAPUR,2013,Kharif,Moong(Green Gram),123,41,0.333333333
Madhya Pradesh,SHAJAPUR,2013,Kharif,Rice,44,17,0.386363636
Madhya Pradesh,SHAJAPUR,2013,Kharif,Soyabean,241902,186748,0.771998578
Madhya Pradesh,SHAJAPUR,2013,Kharif,Urad,662,240,0.362537764
Madhya Pradesh,SHAJAPUR,2013,Rabi,Gram,65673,41340,0.629482436
Madhya Pradesh,SHAJAPUR,2013,Rabi,Linseed,2,2,1
Madhya Pradesh,SHAJAPUR,2013,Rabi,Masoor,6838,3707,0.542117578
Madhya Pradesh,SHAJAPUR,2013,Rabi,Moong(Green Gram),164,59,0.359756098
Madhya Pradesh,SHAJAPUR,2013,Rabi,Peas & beans (Pulses),367,212,0.577656676
Madhya Pradesh,SHAJAPUR,2013,Rabi,Rapeseed &Mustard,2605,2417,0.927831094
Madhya Pradesh,SHAJAPUR,2013,Rabi,Wheat,126374,285328,2.257806194
Madhya Pradesh,SHAJAPUR,2013,Whole Year,Coriander,918,442,0.481481481
Madhya Pradesh,SHAJAPUR,2013,Whole Year,Dry chillies,218,110,0.504587156
Madhya Pradesh,SHAJAPUR,2013,Whole Year,Dry ginger,1,1,1
Madhya Pradesh,SHAJAPUR,2013,Whole Year,Garlic,3565,9568,2.683870968
Madhya Pradesh,SHAJAPUR,2013,Whole Year,Onion,8184,105245,12.85984848
Madhya Pradesh,SHAJAPUR,2013,Whole Year,Potato,6066,81474,13.43125618
Madhya Pradesh,SHAJAPUR,2013,Whole Year,Sesamum,45,20,0.444444444
Madhya Pradesh,SHAJAPUR,2013,Whole Year,Sugarcane,110,4190,38.09090909
Madhya Pradesh,SHEOPUR,1998,Kharif,Arhar/Tur,1600,1600,1
Madhya Pradesh,SHEOPUR,1998,Kharif,Bajra,11700,18700,1.598290598
Madhya Pradesh,SHEOPUR,1998,Kharif,Groundnut,1100,1100,1
Madhya Pradesh,SHEOPUR,1998,Kharif,Jowar,4200,5100,1.214285714
Madhya Pradesh,SHEOPUR,1998,Kharif,Maize,1000,1000,1
Madhya Pradesh,SHEOPUR,1998,Kharif,Rice,4300,2700,0.627906977
Madhya Pradesh,SHEOPUR,1998,Kharif,Sesamum,2800,800,0.285714286
Madhya Pradesh,SHEOPUR,1998,Kharif,Soyabean,43300,50900,1.17551963
Madhya Pradesh,SHEOPUR,1998,Rabi,Barley,500,800,1.6
Madhya Pradesh,SHEOPUR,1998,Rabi,Gram,6600,10500,1.590909091
Madhya Pradesh,SHEOPUR,1998,Rabi,Linseed,2600,1200,0.461538462
Madhya Pradesh,SHEOPUR,1998,Rabi,Rapeseed &Mustard,54300,73200,1.348066298
Madhya Pradesh,SHEOPUR,1998,Rabi,Wheat,60400,205800,3.407284768
Madhya Pradesh,SHEOPUR,1998,Whole Year,Sugarcane,374,4950,13.23529412
Madhya Pradesh,SHEOPUR,1999,Kharif,Arhar/Tur,1862,1655,0.888829216
Madhya Pradesh,SHEOPUR,1999,Kharif,Bajra,10863,12663,1.165700083
Madhya Pradesh,SHEOPUR,1999,Kharif,Groundnut,888,921,1.037162162
Madhya Pradesh,SHEOPUR,1999,Kharif,Jowar,1901,1584,0.83324566
Madhya Pradesh,SHEOPUR,1999,Kharif,Maize,869,969,1.115074799
Madhya Pradesh,SHEOPUR,1999,Kharif,Other Kharif pulses,1313,497,0.378522468
Madhya Pradesh,SHEOPUR,1999,Kharif,Rice,7022,19158,2.728282541
Madhya Pradesh,SHEOPUR,1999,Kharif,Sesamum,3190,666,0.208777429
Madhya Pradesh,SHEOPUR,1999,Kharif,Soyabean,24022,32429,1.34997086
Madhya Pradesh,SHEOPUR,1999,Kharif,Urad,378,192,0.507936508
Madhya Pradesh,SHEOPUR,1999,Rabi,Barley,498,692,1.389558233
Madhya Pradesh,SHEOPUR,1999,Rabi,Gram,6200,6524,1.052258065
Madhya Pradesh,SHEOPUR,1999,Rabi,Linseed,889,408,0.458942632
Madhya Pradesh,SHEOPUR,1999,Rabi,Other  Rabi pulses,203,106,0.522167488
Madhya Pradesh,SHEOPUR,1999,Rabi,Rapeseed &Mustard,76767,81631,1.063360559
Madhya Pradesh,SHEOPUR,1999,Rabi,Wheat,46907,117016,2.494638327
Madhya Pradesh,SHEOPUR,1999,Whole Year,Coriander,641,488,0.761310452
Madhya Pradesh,SHEOPUR,1999,Whole Year,Dry chillies,74,53,0.716216216
Madhya Pradesh,SHEOPUR,1999,Whole Year,Garlic,2,5,2.5
Madhya Pradesh,SHEOPUR,1999,Whole Year,Onion,28,243,8.678571429
Madhya Pradesh,SHEOPUR,1999,Whole Year,Potato,29,303,10.44827586
Madhya Pradesh,SHEOPUR,1999,Whole Year,Sannhamp,2,6,3
Madhya Pradesh,SHEOPUR,1999,Whole Year,Sugarcane,357,15890,44.50980392
Madhya Pradesh,SHEOPUR,2000,Kharif,Arhar/Tur,2794,2134,0.763779528
Madhya Pradesh,SHEOPUR,2000,Kharif,Bajra,12593,20119,1.597633606
Madhya Pradesh,SHEOPUR,2000,Kharif,Castor seed,176,119,0.676136364
Madhya Pradesh,SHEOPUR,2000,Kharif,Groundnut,582,864,1.484536082
Madhya Pradesh,SHEOPUR,2000,Kharif,Jowar,3949,2814,0.712585465
Madhya Pradesh,SHEOPUR,2000,Kharif,Maize,764,615,0.804973822
Madhya Pradesh,SHEOPUR,2000,Kharif,Other Kharif pulses,1884,600,0.318471338
Madhya Pradesh,SHEOPUR,2000,Kharif,Rice,6026,6672,1.107202124
Madhya Pradesh,SHEOPUR,2000,Kharif,Sesamum,3701,1467,0.396379357
Madhya Pradesh,SHEOPUR,2000,Kharif,Soyabean,27702,18410,0.664572955
Madhya Pradesh,SHEOPUR,2000,Rabi,Barley,751,962,1.280958722
Madhya Pradesh,SHEOPUR,2000,Rabi,Gram,6207,7612,1.226357338
Madhya Pradesh,SHEOPUR,2000,Rabi,Linseed,2436,947,0.388752053
Madhya Pradesh,SHEOPUR,2000,Rabi,Other  Rabi pulses,159,83,0.522012579
Madhya Pradesh,SHEOPUR,2000,Rabi,Rapeseed &Mustard,56550,45767,0.809319187
Madhya Pradesh,SHEOPUR,2000,Rabi,Wheat,43781,112946,2.579794888
Madhya Pradesh,SHEOPUR,2000,Whole Year,Coriander,1409,794,0.563520227
Madhya Pradesh,SHEOPUR,2000,Whole Year,Dry chillies,84,41,0.488095238
Madhya Pradesh,SHEOPUR,2000,Whole Year,Garlic,4,7,1.75
Madhya Pradesh,SHEOPUR,2000,Whole Year,Onion,17,138,8.117647059
Madhya Pradesh,SHEOPUR,2000,Whole Year,Sannhamp,1,,
Madhya Pradesh,SHEOPUR,2000,Whole Year,Sugarcane,416,18800,45.19230769
Madhya Pradesh,SHEOPUR,2001,Kharif,Arhar/Tur,1903,1524,0.800840778
Madhya Pradesh,SHEOPUR,2001,Kharif,Bajra,16818,18200,1.082173861
Madhya Pradesh,SHEOPUR,2001,Kharif,Groundnut,972,931,0.95781893
Madhya Pradesh,SHEOPUR,2001,Kharif,Jowar,4402,3964,0.900499773
Madhya Pradesh,SHEOPUR,2001,Kharif,Maize,2043,2822,1.381302007
Madhya Pradesh,SHEOPUR,2001,Kharif,Other Kharif pulses,5180,1906,0.367953668
Madhya Pradesh,SHEOPUR,2001,Kharif,Rice,5502,12997,2.362231916
Madhya Pradesh,SHEOPUR,2001,Kharif,Sesamum,4271,1539,0.360337158
Madhya Pradesh,SHEOPUR,2001,Kharif,Soyabean,22672,31025,1.368428017
Madhya Pradesh,SHEOPUR,2001,Rabi,Barley,491,785,1.598778004
Madhya Pradesh,SHEOPUR,2001,Rabi,Gram,9398,12188,1.296871675
Madhya Pradesh,SHEOPUR,2001,Rabi,Linseed,929,377,0.405812702
Madhya Pradesh,SHEOPUR,2001,Rabi,Other  Rabi pulses,206,133,0.645631068
Madhya Pradesh,SHEOPUR,2001,Rabi,Rapeseed &Mustard,60530,66667,1.101387742
Madhya Pradesh,SHEOPUR,2001,Rabi,Wheat,39284,90798,2.311322676
Madhya Pradesh,SHEOPUR,2001,Whole Year,Coriander,2545,1555,0.611001965
Madhya Pradesh,SHEOPUR,2001,Whole Year,Dry chillies,95,65,0.684210526
Madhya Pradesh,SHEOPUR,2001,Whole Year,Garlic,4,9,2.25
Madhya Pradesh,SHEOPUR,2001,Whole Year,Onion,39,324,8.307692308
Madhya Pradesh,SHEOPUR,2001,Whole Year,Potato,19,216,11.36842105
Madhya Pradesh,SHEOPUR,2001,Whole Year,Sugarcane,73,3730,51.09589041
Madhya Pradesh,SHEOPUR,2002,Kharif,Arhar/Tur,645,176,0.272868217
Madhya Pradesh,SHEOPUR,2002,Kharif,Bajra,8662,2929,0.338143616
Madhya Pradesh,SHEOPUR,2002,Kharif,Cotton(lint),4,1,0.25
Madhya Pradesh,SHEOPUR,2002,Kharif,Groundnut,465,129,0.277419355
Madhya Pradesh,SHEOPUR,2002,Kharif,Jowar,424,78,0.183962264
Madhya Pradesh,SHEOPUR,2002,Kharif,Maize,221,105,0.475113122
Madhya Pradesh,SHEOPUR,2002,Kharif,Niger seed,2,0.01,0.005
Madhya Pradesh,SHEOPUR,2002,Kharif,Other Kharif pulses,1623,302,0.186075169
Madhya Pradesh,SHEOPUR,2002,Kharif,Rice,2507,2096,0.836059035
Madhya Pradesh,SHEOPUR,2002,Kharif,Sesamum,2170,328,0.151152074
Madhya Pradesh,SHEOPUR,2002,Kharif,Soyabean,7223,9347,1.29406064
Madhya Pradesh,SHEOPUR,2002,Rabi,Barley,134,145,1.082089552
Madhya Pradesh,SHEOPUR,2002,Rabi,Gram,2802,2077,0.741256246
Madhya Pradesh,SHEOPUR,2002,Rabi,Linseed,139,35,0.251798561
Madhya Pradesh,SHEOPUR,2002,Rabi,Other  Rabi pulses,58,22,0.379310345
Madhya Pradesh,SHEOPUR,2002,Rabi,Rapeseed &Mustard,9248,4699,0.508109862
Madhya Pradesh,SHEOPUR,2002,Rabi,Wheat,17159,28400,1.655108107
Madhya Pradesh,SHEOPUR,2002,Whole Year,Citrus Fruit,1,0,0
Madhya Pradesh,SHEOPUR,2002,Whole Year,Coriander,2067,699,0.338171263
Madhya Pradesh,SHEOPUR,2002,Whole Year,Dry chillies,100,57,0.57
Madhya Pradesh,SHEOPUR,2002,Whole Year,Garlic,1,2,2
Madhya Pradesh,SHEOPUR,2002,Whole Year,Onion,2,13,6.5
Madhya Pradesh,SHEOPUR,2002,Whole Year,Other Vegetables,572,0,0
Madhya Pradesh,SHEOPUR,2002,Whole Year,Pome Fruit,8,0,0
Madhya Pradesh,SHEOPUR,2002,Whole Year,Potato,1,10,10
Madhya Pradesh,SHEOPUR,2002,Whole Year,Sannhamp,1,,
Madhya Pradesh,SHEOPUR,2002,Whole Year,Sugarcane,98,3710,37.85714286
Madhya Pradesh,SHEOPUR,2002,Whole Year,Sweet potato,2,9,4.5
Madhya Pradesh,SHEOPUR,2002,Whole Year,Tomato,148,0,0
Madhya Pradesh,SHEOPUR,2002,Whole Year,Turmeric,4,1,0.25
Madhya Pradesh,SHEOPUR,2003,Kharif,Arhar/Tur,1372,1055,0.768950437
Madhya Pradesh,SHEOPUR,2003,Kharif,Bajra,22282,31979,1.435194327
Madhya Pradesh,SHEOPUR,2003,Kharif,Castor seed,14,5,0.357142857
Madhya Pradesh,SHEOPUR,2003,Kharif,Cotton(lint),18,13,0.722222222
Madhya Pradesh,SHEOPUR,2003,Kharif,Groundnut,87,118,1.356321839
Madhya Pradesh,SHEOPUR,2003,Kharif,Jowar,7689,11735,1.526206269
Madhya Pradesh,SHEOPUR,2003,Kharif,Maize,995,1531,1.538693467
Madhya Pradesh,SHEOPUR,2003,Kharif,Other Kharif pulses,4980,2307,0.463253012
Madhya Pradesh,SHEOPUR,2003,Kharif,other misc. pulses,1,0.01,0.01
Madhya Pradesh,SHEOPUR,2003,Kharif,Rice,3765,9893,2.627622842
Madhya Pradesh,SHEOPUR,2003,Kharif,Sesamum,7827,3660,0.467612112
Madhya Pradesh,SHEOPUR,2003,Kharif,Soyabean,21943,34108,1.554390922
Madhya Pradesh,SHEOPUR,2003,Kharif,Urad,295,161,0.545762712
Madhya Pradesh,SHEOPUR,2003,Rabi,Barley,709,1310,1.847672779
Madhya Pradesh,SHEOPUR,2003,Rabi,Gram,8543,12218,1.430176753
Madhya Pradesh,SHEOPUR,2003,Rabi,Linseed,620,415,0.669354839
Madhya Pradesh,SHEOPUR,2003,Rabi,Other  Rabi pulses,227,120,0.528634361
Madhya Pradesh,SHEOPUR,2003,Rabi,Rapeseed &Mustard,59567,91744,1.540181644
Madhya Pradesh,SHEOPUR,2003,Rabi,Wheat,39205,109435,2.791353144
Madhya Pradesh,SHEOPUR,2003,Whole Year,Coriander,6816,3202,0.469776995
Madhya Pradesh,SHEOPUR,2003,Whole Year,Dry chillies,137,123,0.897810219
Madhya Pradesh,SHEOPUR,2003,Whole Year,Garlic,21,37,1.761904762
Madhya Pradesh,SHEOPUR,2003,Whole Year,Onion,62,438,7.064516129
Madhya Pradesh,SHEOPUR,2003,Whole Year,Other Fresh Fruits,104,0,0
Madhya Pradesh,SHEOPUR,2003,Whole Year,Other Vegetables,294,0,0
Madhya Pradesh,SHEOPUR,2003,Whole Year,Papaya,87,0,0
Madhya Pradesh,SHEOPUR,2003,Whole Year,Potato,11,101,9.181818182
Madhya Pradesh,SHEOPUR,2003,Whole Year,Sannhamp,6,17,2.833333333
Madhya Pradesh,SHEOPUR,2003,Whole Year,Sugarcane,98,4860,49.59183673
Madhya Pradesh,SHEOPUR,2003,Whole Year,Tomato,258,0,0
Madhya Pradesh,SHEOPUR,2004,Kharif,Arhar/Tur,1183,803,0.678782756
Madhya Pradesh,SHEOPUR,2004,Kharif,Bajra,18211,20605,1.131459008
Madhya Pradesh,SHEOPUR,2004,Kharif,Castor seed,1,1,1
Madhya Pradesh,SHEOPUR,2004,Kharif,Cotton(lint),122,73,0.598360656
Madhya Pradesh,SHEOPUR,2004,Kharif,Dry ginger,31,27,0.870967742
Madhya Pradesh,SHEOPUR,2004,Kharif,Groundnut,65,109,1.676923077
Madhya Pradesh,SHEOPUR,2004,Kharif,Jowar,3817,3456,0.905423107
Madhya Pradesh,SHEOPUR,2004,Kharif,Maize,941,979,1.040382572
Madhya Pradesh,SHEOPUR,2004,Kharif,Rice,3453,5884,1.704025485
Madhya Pradesh,SHEOPUR,2004,Kharif,Sesamum,114,56,0.49122807
Madhya Pradesh,SHEOPUR,2004,Kharif,Small millets,34,12,0.352941176
Madhya Pradesh,SHEOPUR,2004,Kharif,Soyabean,275707,207056,0.751000156
Madhya Pradesh,SHEOPUR,2004,Kharif,Urad,289,159,0.55017301
Madhya Pradesh,SHEOPUR,2004,Rabi,Barley,463,612,1.321814255
Madhya Pradesh,SHEOPUR,2004,Rabi,Gram,7217,7736,1.071913537
Madhya Pradesh,SHEOPUR,2004,Rabi,Linseed,833,753,0.903961585
Madhya Pradesh,SHEOPUR,2004,Rabi,Masoor,5496,3708,0.674672489
Madhya Pradesh,SHEOPUR,2004,Rabi,Rapeseed &Mustard,62,44,0.709677419
Madhya Pradesh,SHEOPUR,2004,Rabi,Wheat,34903,78723,2.255479472
Madhya Pradesh,SHEOPUR,2004,Whole Year,Coriander,2655,1248,0.470056497
Madhya Pradesh,SHEOPUR,2004,Whole Year,Garlic,11,23,2.090909091
Madhya Pradesh,SHEOPUR,2004,Whole Year,Onion,168,1540,9.166666667
Madhya Pradesh,SHEOPUR,2004,Whole Year,Potato,21,256,12.19047619
Madhya Pradesh,SHEOPUR,2004,Whole Year,Sugarcane,77,3370,43.76623377
Madhya Pradesh,SHEOPUR,2005,Kharif,Arhar/Tur,1024,587,0.573242188
Madhya Pradesh,SHEOPUR,2005,Kharif,Bajra,16919,25231,1.491281991
Madhya Pradesh,SHEOPUR,2005,Kharif,Cotton(lint),2,2,1
Madhya Pradesh,SHEOPUR,2005,Kharif,Groundnut,46,43,0.934782609
Madhya Pradesh,SHEOPUR,2005,Kharif,Jowar,3696,4082,1.104437229
Madhya Pradesh,SHEOPUR,2005,Kharif,Maize,920,974,1.058695652
Madhya Pradesh,SHEOPUR,2005,Kharif,Moong(Green Gram),279,83,0.297491039
Madhya Pradesh,SHEOPUR,2005,Kharif,Rice,3551,6568,1.849619825
Madhya Pradesh,SHEOPUR,2005,Kharif,Sesamum,11926,4839,0.405752138
Madhya Pradesh,SHEOPUR,2005,Kharif,Soyabean,21180,24950,1.177998111
Madhya Pradesh,SHEOPUR,2005,Kharif,Urad,1117,290,0.259623993
Madhya Pradesh,SHEOPUR,2005,Rabi,Barley,443,697,1.573363431
Madhya Pradesh,SHEOPUR,2005,Rabi,Gram,5405,6709,1.241258094
Madhya Pradesh,SHEOPUR,2005,Rabi,Linseed,218,103,0.472477064
Madhya Pradesh,SHEOPUR,2005,Rabi,Masoor,168,72,0.428571429
Madhya Pradesh,SHEOPUR,2005,Rabi,Peas & beans (Pulses),1115,483,0.433183857
Madhya Pradesh,SHEOPUR,2005,Rabi,Rapeseed &Mustard,89519,105536,1.17892291
Madhya Pradesh,SHEOPUR,2005,Rabi,Wheat,34524,86441,2.503794462
Madhya Pradesh,SHEOPUR,2005,Whole Year,Onion,34,295,8.676470588
Madhya Pradesh,SHEOPUR,2005,Whole Year,Potato,108,1535,14.21296296
Madhya Pradesh,SHEOPUR,2005,Whole Year,Sugarcane,63,3480,55.23809524
Madhya Pradesh,SHEOPUR,2006,Kharif,Arhar/Tur,597,319,0.534338358
Madhya Pradesh,SHEOPUR,2006,Kharif,Bajra,16769,26161,1.560081102
Madhya Pradesh,SHEOPUR,2006,Kharif,Groundnut,82,78,0.951219512
Madhya Pradesh,SHEOPUR,2006,Kharif,Jowar,2060,2525,1.225728155
Madhya Pradesh,SHEOPUR,2006,Kharif,Maize,362,253,0.698895028
Madhya Pradesh,SHEOPUR,2006,Kharif,Moong(Green Gram),151,42,0.278145695
Madhya Pradesh,SHEOPUR,2006,Kharif,Rice,3882,8791,2.264554353
Madhya Pradesh,SHEOPUR,2006,Kharif,Soyabean,14749,15438,1.046715032
Madhya Pradesh,SHEOPUR,2006,Kharif,Urad,1148,254,0.221254355
Madhya Pradesh,SHEOPUR,2006,Rabi,Gram,6064,7830,1.291226913
Madhya Pradesh,SHEOPUR,2006,Rabi,Linseed,112,61,0.544642857
Madhya Pradesh,SHEOPUR,2006,Rabi,Masoor,131,44,0.335877863
Madhya Pradesh,SHEOPUR,2006,Rabi,Peas & beans (Pulses),11,7,0.636363636
Madhya Pradesh,SHEOPUR,2006,Rabi,Rapeseed &Mustard,81812,95896,1.172150785
Madhya Pradesh,SHEOPUR,2006,Rabi,Wheat,38385,85488,2.227119969
Madhya Pradesh,SHEOPUR,2006,Whole Year,Coriander,3832,2031,0.530010438
Madhya Pradesh,SHEOPUR,2006,Whole Year,Dry chillies,92,80,0.869565217
Madhya Pradesh,SHEOPUR,2006,Whole Year,Onion,20,169,8.45
Madhya Pradesh,SHEOPUR,2006,Whole Year,Potato,5,46,9.2
Madhya Pradesh,SHEOPUR,2006,Whole Year,Sesamum,24038,8131,0.338256095
Madhya Pradesh,SHEOPUR,2006,Whole Year,Sugarcane,50,2550,51
Madhya Pradesh,SHEOPUR,2007,Kharif,Arhar/Tur,1099,518,0.47133758
Madhya Pradesh,SHEOPUR,2007,Kharif,Bajra,19066,26732,1.402076996
Madhya Pradesh,SHEOPUR,2007,Kharif,Cotton(lint),2,,
Madhya Pradesh,SHEOPUR,2007,Kharif,Groundnut,262,247,0.942748092
Madhya Pradesh,SHEOPUR,2007,Kharif,Jowar,3582,4101,1.144891122
Madhya Pradesh,SHEOPUR,2007,Kharif,Maize,1285,1138,0.885603113
Madhya Pradesh,SHEOPUR,2007,Kharif,Rice,4735,17701,3.738331573
Madhya Pradesh,SHEOPUR,2007,Kharif,Sannhamp,1,,
Madhya Pradesh,SHEOPUR,2007,Kharif,Soyabean,15404,15727,1.02096858
Madhya Pradesh,SHEOPUR,2007,Kharif,Urad,1708,371,0.217213115
Madhya Pradesh,SHEOPUR,2007,Rabi,Barley,246,406,1.650406504
Madhya Pradesh,SHEOPUR,2007,Rabi,Gram,5915,6585,1.113271344
Madhya Pradesh,SHEOPUR,2007,Rabi,Linseed,66,35,0.53030303
Madhya Pradesh,SHEOPUR,2007,Rabi,Masoor,108,43,0.398148148
Madhya Pradesh,SHEOPUR,2007,Rabi,Peas & beans (Pulses),13,8,0.615384615
Madhya Pradesh,SHEOPUR,2007,Rabi,Rapeseed &Mustard,68489,78465,1.145658427
Madhya Pradesh,SHEOPUR,2007,Rabi,Wheat,42420,93383,2.201390853
Madhya Pradesh,SHEOPUR,2007,Whole Year,Coriander,3392,1961,0.578125
Madhya Pradesh,SHEOPUR,2007,Whole Year,Garlic,17,44,2.588235294
Madhya Pradesh,SHEOPUR,2007,Whole Year,Onion,14,103,7.357142857
Madhya Pradesh,SHEOPUR,2007,Whole Year,Potato,5,46,9.2
Madhya Pradesh,SHEOPUR,2007,Whole Year,Sesamum,25866,11253,0.435049872
Madhya Pradesh,SHEOPUR,2007,Whole Year,Sugarcane,57,2420,42.45614035
Madhya Pradesh,SHEOPUR,2008,Kharif,Arhar/Tur,1375,847,0.616
Madhya Pradesh,SHEOPUR,2008,Kharif,Bajra,17463,28051,1.606310485
Madhya Pradesh,SHEOPUR,2008,Kharif,Cotton(lint),2,,
Madhya Pradesh,SHEOPUR,2008,Kharif,Groundnut,899,927,1.031145717
Madhya Pradesh,SHEOPUR,2008,Kharif,Jowar,3000,3621,1.207
Madhya Pradesh,SHEOPUR,2008,Kharif,Maize,814,736,0.904176904
Madhya Pradesh,SHEOPUR,2008,Kharif,Rice,6973,16745,2.401405421
Madhya Pradesh,SHEOPUR,2008,Kharif,Sannhamp,3,1,0.333333333
Madhya Pradesh,SHEOPUR,2008,Kharif,Soyabean,13690,18116,1.32330168
Madhya Pradesh,SHEOPUR,2008,Kharif,Urad,1128,250,0.221631206
Madhya Pradesh,SHEOPUR,2008,Rabi,Barley,361,591,1.637119114
Madhya Pradesh,SHEOPUR,2008,Rabi,Gram,5040,6117,1.213690476
Madhya Pradesh,SHEOPUR,2008,Rabi,Linseed,86,52,0.604651163
Madhya Pradesh,SHEOPUR,2008,Rabi,Masoor,100,38,0.38
Madhya Pradesh,SHEOPUR,2008,Rabi,Peas & beans (Pulses),28,18,0.642857143
Madhya Pradesh,SHEOPUR,2008,Rabi,Rapeseed &Mustard,83690,102404,1.223610945
Madhya Pradesh,SHEOPUR,2008,Rabi,Wheat,40220,94285,2.344231726
Madhya Pradesh,SHEOPUR,2008,Whole Year,Coriander,3294,1905,0.578324226
Madhya Pradesh,SHEOPUR,2008,Whole Year,Garlic,17,48,2.823529412
Madhya Pradesh,SHEOPUR,2008,Whole Year,Onion,25,139,5.56
Madhya Pradesh,SHEOPUR,2008,Whole Year,Potato,15,121,8.066666667
Madhya Pradesh,SHEOPUR,2008,Whole Year,Sesamum,19597,8422,0.429759657
Madhya Pradesh,SHEOPUR,2008,Whole Year,Sugarcane,38,1940,51.05263158
Madhya Pradesh,SHEOPUR,2009,Kharif,Jowar,2646,3613,1.365457294
Madhya Pradesh,SHEOPUR,2009,Kharif,Moong(Green Gram),200,60,0.3
Madhya Pradesh,SHEOPUR,2009,Kharif,Urad,907,217,0.239250276
Madhya Pradesh,SHEOPUR,2009,Whole Year,Arhar/Tur,1391,825,0.59309849
Madhya Pradesh,SHEOPUR,2009,Whole Year,Bajra,17185,28595,1.66395112
Madhya Pradesh,SHEOPUR,2009,Whole Year,Barley,623,966,1.550561798
Madhya Pradesh,SHEOPUR,2009,Whole Year,Coriander,5073,2934,0.578356002
Madhya Pradesh,SHEOPUR,2009,Whole Year,Dry chillies,114,207,1.815789474
Madhya Pradesh,SHEOPUR,2009,Whole Year,Garlic,24,71,2.958333333
Madhya Pradesh,SHEOPUR,2009,Whole Year,Gram,8717,10592,1.215096937
Madhya Pradesh,SHEOPUR,2009,Whole Year,Groundnut,618,614,0.993527508
Madhya Pradesh,SHEOPUR,2009,Whole Year,Linseed,46,28,0.608695652
Madhya Pradesh,SHEOPUR,2009,Whole Year,Maize,907,667,0.7353914
Madhya Pradesh,SHEOPUR,2009,Whole Year,Masoor,142,52,0.366197183
Madhya Pradesh,SHEOPUR,2009,Whole Year,Onion,9,69,7.666666667
Madhya Pradesh,SHEOPUR,2009,Whole Year,Peas & beans (Pulses),18,13,0.722222222
Madhya Pradesh,SHEOPUR,2009,Whole Year,Potato,8,63,7.875
Madhya Pradesh,SHEOPUR,2009,Whole Year,Rapeseed &Mustard,75812,94004,1.239962011
Madhya Pradesh,SHEOPUR,2009,Whole Year,Rice,10010,24890,2.486513487
Madhya Pradesh,SHEOPUR,2009,Whole Year,Sannhamp,5,2,0.4
Madhya Pradesh,SHEOPUR,2009,Whole Year,Sesamum,27605,11054,0.400434704
Madhya Pradesh,SHEOPUR,2009,Whole Year,Soyabean,9841,11206,1.138705416
Madhya Pradesh,SHEOPUR,2009,Whole Year,Sugarcane,18,920,51.11111111
Madhya Pradesh,SHEOPUR,2009,Whole Year,Wheat,47120,144007,3.056175722
Madhya Pradesh,SHEOPUR,2010,Kharif,Arhar/Tur,2626,724,0.275704494
Madhya Pradesh,SHEOPUR,2010,Kharif,Bajra,16738,28651,1.711733779
Madhya Pradesh,SHEOPUR,2010,Kharif,Cotton(lint),7,6,0.857142857
Madhya Pradesh,SHEOPUR,2010,Kharif,Groundnut,670,798,1.191044776
Madhya Pradesh,SHEOPUR,2010,Kharif,Jowar,3106,4261,1.371860914
Madhya Pradesh,SHEOPUR,2010,Kharif,Maize,852,854,1.002347418
Madhya Pradesh,SHEOPUR,2010,Kharif,Moong(Green Gram),599,177,0.295492487
Madhya Pradesh,SHEOPUR,2010,Kharif,Rice,9476,28320,2.988602786
Madhya Pradesh,SHEOPUR,2010,Kharif,Soyabean,8031,13885,1.728925414
Madhya Pradesh,SHEOPUR,2010,Kharif,Urad,807,193,0.239157373
Madhya Pradesh,SHEOPUR,2010,Rabi,Barley,620,1062,1.712903226
Madhya Pradesh,SHEOPUR,2010,Rabi,Gram,13660,15174,1.110834553
Madhya Pradesh,SHEOPUR,2010,Rabi,Linseed,88,39,0.443181818
Madhya Pradesh,SHEOPUR,2010,Rabi,Masoor,124,62,0.5
Madhya Pradesh,SHEOPUR,2010,Rabi,Peas & beans (Pulses),6,2,0.333333333
Madhya Pradesh,SHEOPUR,2010,Rabi,Rapeseed &Mustard,48646,54625,1.122908358
Madhya Pradesh,SHEOPUR,2010,Rabi,Wheat,69702,173500,2.489168173
Madhya Pradesh,SHEOPUR,2010,Whole Year,Coriander,5644,3155,0.559000709
Madhya Pradesh,SHEOPUR,2010,Whole Year,Dry chillies,18,48,2.666666667
Madhya Pradesh,SHEOPUR,2010,Whole Year,Garlic,7,14,2
Madhya Pradesh,SHEOPUR,2010,Whole Year,Onion,19,144,7.578947368
Madhya Pradesh,SHEOPUR,2010,Whole Year,Potato,1,8,8
Madhya Pradesh,SHEOPUR,2010,Whole Year,Sesamum,52409,25633,0.489095384
Madhya Pradesh,SHEOPUR,2010,Whole Year,Sugarcane,24,1220,50.83333333
Madhya Pradesh,SHEOPUR,2011,Kharif,Arhar/Tur,1842,732,0.397394137
Madhya Pradesh,SHEOPUR,2011,Kharif,Bajra,16292,28083,1.723729438
Madhya Pradesh,SHEOPUR,2011,Kharif,Barley,513,957,1.865497076
Madhya Pradesh,SHEOPUR,2011,Kharif,Cotton(lint),373,475,1.273458445
Madhya Pradesh,SHEOPUR,2011,Kharif,Groundnut,550,694,1.261818182
Madhya Pradesh,SHEOPUR,2011,Kharif,Jowar,2647,3477,1.313562524
Madhya Pradesh,SHEOPUR,2011,Kharif,Maize,1168,829,0.709760274
Madhya Pradesh,SHEOPUR,2011,Kharif,Moong(Green Gram),375,64,0.170666667
Madhya Pradesh,SHEOPUR,2011,Kharif,Rice,14208,41854,2.94580518
Madhya Pradesh,SHEOPUR,2011,Kharif,Soyabean,28774,29720,1.032876903
Madhya Pradesh,SHEOPUR,2011,Kharif,Urad,1696,267,0.157429245
Madhya Pradesh,SHEOPUR,2011,Rabi,Gram,9262,12348,1.333189376
Madhya Pradesh,SHEOPUR,2011,Rabi,Linseed,189,125,0.661375661
Madhya Pradesh,SHEOPUR,2011,Rabi,Masoor,57,16,0.280701754
Madhya Pradesh,SHEOPUR,2011,Rabi,Peas & beans (Pulses),17,6,0.352941176
Madhya Pradesh,SHEOPUR,2011,Rabi,Rapeseed &Mustard,49455,68307,1.381195026
Madhya Pradesh,SHEOPUR,2011,Rabi,Wheat,78723,352679,4.479999492
Madhya Pradesh,SHEOPUR,2011,Whole Year,Coriander,4019,2324,0.578253297
Madhya Pradesh,SHEOPUR,2011,Whole Year,Dry chillies,56,86,1.535714286
Madhya Pradesh,SHEOPUR,2011,Whole Year,Garlic,426,825,1.936619718
Madhya Pradesh,SHEOPUR,2011,Whole Year,Onion,14,119,8.5
Madhya Pradesh,SHEOPUR,2011,Whole Year,Sesamum,24843,12564,0.505736022
Madhya Pradesh,SHEOPUR,2011,Whole Year,Sugarcane,2,70,35
Madhya Pradesh,SHEOPUR,2012,Kharif,Arhar/Tur,2128,1862,0.875
Madhya Pradesh,SHEOPUR,2012,Kharif,Bajra,15436,29712,1.924850998
Madhya Pradesh,SHEOPUR,2012,Kharif,Barley,310,684,2.206451613
Madhya Pradesh,SHEOPUR,2012,Kharif,Cotton(lint),617,778,1.260940032
Madhya Pradesh,SHEOPUR,2012,Kharif,Groundnut,374,632,1.689839572
Madhya Pradesh,SHEOPUR,2012,Kharif,Jowar,1503,3013,2.004657352
Madhya Pradesh,SHEOPUR,2012,Kharif,Maize,740,1517,2.05
Madhya Pradesh,SHEOPUR,2012,Kharif,Moong(Green Gram),310,179,0.577419355
Madhya Pradesh,SHEOPUR,2012,Kharif,Rice,13473,49940,3.706672604
Madhya Pradesh,SHEOPUR,2012,Kharif,Soyabean,36781,47932,1.303172834
Madhya Pradesh,SHEOPUR,2012,Kharif,Urad,1684,1114,0.66152019
Madhya Pradesh,SHEOPUR,2012,Rabi,Gram,9120,16380,1.796052632
Madhya Pradesh,SHEOPUR,2012,Rabi,Linseed,47,61,1.29787234
Madhya Pradesh,SHEOPUR,2012,Rabi,Masoor,44,45,1.022727273
Madhya Pradesh,SHEOPUR,2012,Rabi,Peas & beans (Pulses),10,10,1
Madhya Pradesh,SHEOPUR,2012,Rabi,Rapeseed &Mustard,47053,72088,1.532059592
Madhya Pradesh,SHEOPUR,2012,Rabi,Wheat,80781,354225,4.385003899
Madhya Pradesh,SHEOPUR,2012,Whole Year,Coriander,3005,2786,0.927121464
Madhya Pradesh,SHEOPUR,2012,Whole Year,Dry chillies,58,90,1.551724138
Madhya Pradesh,SHEOPUR,2012,Whole Year,Garlic,290,648,2.234482759
Madhya Pradesh,SHEOPUR,2012,Whole Year,Onion,31,261,8.419354839
Madhya Pradesh,SHEOPUR,2012,Whole Year,Potato,13,110,8.461538462
Madhya Pradesh,SHEOPUR,2012,Whole Year,Sesamum,19638,9168,0.466849985
Madhya Pradesh,SHEOPUR,2012,Whole Year,Sugarcane,8,560,70
Madhya Pradesh,SHEOPUR,2013,Kharif,Arhar/Tur,1894,1421,0.750263992
Madhya Pradesh,SHEOPUR,2013,Kharif,Bajra,13685,27198,1.987431494
Madhya Pradesh,SHEOPUR,2013,Kharif,Barley,319,1066,3.34169279
Madhya Pradesh,SHEOPUR,2013,Kharif,Cotton(lint),248,320,1.290322581
Madhya Pradesh,SHEOPUR,2013,Kharif,Groundnut,67,109,1.626865672
Madhya Pradesh,SHEOPUR,2013,Kharif,Jowar,491,1022,2.081466395
Madhya Pradesh,SHEOPUR,2013,Kharif,Maize,896,2484,2.772321429
Madhya Pradesh,SHEOPUR,2013,Kharif,Moong(Green Gram),300,220,0.733333333
Madhya Pradesh,SHEOPUR,2013,Kharif,Rice,15566,57589,3.699665939
Madhya Pradesh,SHEOPUR,2013,Kharif,Soyabean,54330,76348,1.405264127
Madhya Pradesh,SHEOPUR,2013,Kharif,Urad,1382,1169,0.845875543
Madhya Pradesh,SHEOPUR,2013,Rabi,Gram,8230,17125,2.080801944
Madhya Pradesh,SHEOPUR,2013,Rabi,Linseed,14,16,1.142857143
Madhya Pradesh,SHEOPUR,2013,Rabi,Masoor,53,68,1.283018868
Madhya Pradesh,SHEOPUR,2013,Rabi,Peas & beans (Pulses),23,31,1.347826087
Madhya Pradesh,SHEOPUR,2013,Rabi,Rapeseed &Mustard,47985,67307,1.4026675
Madhya Pradesh,SHEOPUR,2013,Rabi,Wheat,88842,384597,4.328999797
Madhya Pradesh,SHEOPUR,2013,Whole Year,Coriander,3123,2681,0.85846942
Madhya Pradesh,SHEOPUR,2013,Whole Year,Garlic,272,635,2.334558824
Madhya Pradesh,SHEOPUR,2013,Whole Year,Onion,37,265,7.162162162
Madhya Pradesh,SHEOPUR,2013,Whole Year,Potato,17,113,6.647058824
Madhya Pradesh,SHEOPUR,2013,Whole Year,Sesamum,10935,6516,0.595884774
Madhya Pradesh,SHEOPUR,2013,Whole Year,Sugarcane,14,980,70
Madhya Pradesh,SHIVPURI,1997,Kharif,Arhar/Tur,800,500,0.625
Madhya Pradesh,SHIVPURI,1997,Kharif,Bajra,4400,4500,1.022727273
Madhya Pradesh,SHIVPURI,1997,Kharif,Groundnut,55600,59700,1.073741007
Madhya Pradesh,SHIVPURI,1997,Kharif,Jowar,19200,9800,0.510416667
Madhya Pradesh,SHIVPURI,1997,Kharif,Maize,22000,27300,1.240909091
Madhya Pradesh,SHIVPURI,1997,Kharif,Paddy,5000,5400,1.08
Madhya Pradesh,SHIVPURI,1997,Kharif,Sesamum,5400,1800,0.333333333
Madhya Pradesh,SHIVPURI,1997,Kharif,Small millets,800,200,0.25
Madhya Pradesh,SHIVPURI,1997,Kharif,Soyabean,57200,40900,0.715034965
Madhya Pradesh,SHIVPURI,1997,Rabi,Barley,2000,2900,1.45
Madhya Pradesh,SHIVPURI,1997,Rabi,Linseed,4900,2200,0.448979592
Madhya Pradesh,SHIVPURI,1997,Rabi,Rapeseed &Mustard,48500,26000,0.536082474
Madhya Pradesh,SHIVPURI,1997,Rabi,Wheat,131300,242500,1.846915461
Madhya Pradesh,SHIVPURI,1998,Kharif,Arhar/Tur,800,600,0.75
Madhya Pradesh,SHIVPURI,1998,Kharif,Bajra,4000,5200,1.3
Madhya Pradesh,SHIVPURI,1998,Kharif,Groundnut,59000,72100,1.222033898
Madhya Pradesh,SHIVPURI,1998,Kharif,Jowar,10800,7100,0.657407407
Madhya Pradesh,SHIVPURI,1998,Kharif,Maize,21100,29200,1.383886256
Madhya Pradesh,SHIVPURI,1998,Kharif,Rice,4500,3100,0.688888889
Madhya Pradesh,SHIVPURI,1998,Kharif,Sesamum,5400,2100,0.388888889
Madhya Pradesh,SHIVPURI,1998,Kharif,Small millets,700,200,0.285714286
Madhya Pradesh,SHIVPURI,1998,Kharif,Soyabean,61500,36100,0.58699187
Madhya Pradesh,SHIVPURI,1998,Rabi,Barley,2000,2600,1.3
Madhya Pradesh,SHIVPURI,1998,Rabi,Gram,98900,111400,1.126390293
Madhya Pradesh,SHIVPURI,1998,Rabi,Linseed,4000,1900,0.475
Madhya Pradesh,SHIVPURI,1998,Rabi,Rapeseed &Mustard,44900,27700,0.616926503
Madhya Pradesh,SHIVPURI,1998,Rabi,Wheat,130000,229100,1.762307692
Madhya Pradesh,SHIVPURI,1998,Whole Year,Sugarcane,1188,28540,24.02356902
Madhya Pradesh,SHIVPURI,1999,Kharif,Arhar/Tur,739,526,0.711772666
Madhya Pradesh,SHIVPURI,1999,Kharif,Bajra,4037,4137,1.024770869
Madhya Pradesh,SHIVPURI,1999,Kharif,Castor seed,1,1,1
Madhya Pradesh,SHIVPURI,1999,Kharif,Dry ginger,56,50,0.892857143
Madhya Pradesh,SHIVPURI,1999,Kharif,Groundnut,63376,70109,1.106238955
Madhya Pradesh,SHIVPURI,1999,Kharif,Jowar,12603,7511,0.595969214
Madhya Pradesh,SHIVPURI,1999,Kharif,Maize,21247,34793,1.63754883
Madhya Pradesh,SHIVPURI,1999,Kharif,Niger seed,168,37,0.220238095
Madhya Pradesh,SHIVPURI,1999,Kharif,Other Kharif pulses,25788,11974,0.464324492
Madhya Pradesh,SHIVPURI,1999,Kharif,Rice,5290,6813,1.287901701
Madhya Pradesh,SHIVPURI,1999,Kharif,Sesamum,5615,1944,0.346215494
Madhya Pradesh,SHIVPURI,1999,Kharif,Soyabean,63068,52355,0.830135727
Madhya Pradesh,SHIVPURI,1999,Kharif,Sunflower,3,1,0.333333333
Madhya Pradesh,SHIVPURI,1999,Kharif,Urad,17520,8739,0.49880137
Madhya Pradesh,SHIVPURI,1999,Rabi,Barley,1961,2721,1.387557369
Madhya Pradesh,SHIVPURI,1999,Rabi,Gram,94240,111036,1.178225806
Madhya Pradesh,SHIVPURI,1999,Rabi,Linseed,3334,1902,0.570485903
Madhya Pradesh,SHIVPURI,1999,Rabi,Other  Rabi pulses,4540,2146,0.472687225
Madhya Pradesh,SHIVPURI,1999,Rabi,Rapeseed &Mustard,47335,27759,0.586437097
Madhya Pradesh,SHIVPURI,1999,Rabi,Safflower,22,5,0.227272727
Madhya Pradesh,SHIVPURI,1999,Rabi,Wheat,138347,258707,1.869986339
Madhya Pradesh,SHIVPURI,1999,Whole Year,Coriander,543,149,0.274401473
Madhya Pradesh,SHIVPURI,1999,Whole Year,Dry chillies,509,326,0.640471513
Madhya Pradesh,SHIVPURI,1999,Whole Year,Garlic,55,141,2.563636364
Madhya Pradesh,SHIVPURI,1999,Whole Year,Onion,230,2189,9.517391304
Madhya Pradesh,SHIVPURI,1999,Whole Year,Potato,269,2965,11.02230483
Madhya Pradesh,SHIVPURI,1999,Whole Year,Sannhamp,134,267,1.992537313
Madhya Pradesh,SHIVPURI,1999,Whole Year,Sugarcane,788,19080,24.21319797
Madhya Pradesh,SHIVPURI,1999,Whole Year,Sweet potato,4,24,6
Madhya Pradesh,SHIVPURI,1999,Whole Year,Turmeric,1,1,1
Madhya Pradesh,SHIVPURI,2000,Kharif,Arhar/Tur,1081,665,0.615171138
Madhya Pradesh,SHIVPURI,2000,Kharif,Bajra,4196,6772,1.613918017
Madhya Pradesh,SHIVPURI,2000,Kharif,Dry ginger,58,57,0.982758621
Madhya Pradesh,SHIVPURI,2000,Kharif,Groundnut,60603,85358,1.408478128
Madhya Pradesh,SHIVPURI,2000,Kharif,Jowar,11467,8140,0.709863085
Madhya Pradesh,SHIVPURI,2000,Kharif,Maize,21697,50027,2.305710467
Madhya Pradesh,SHIVPURI,2000,Kharif,Niger seed,134,28,0.208955224
Madhya Pradesh,SHIVPURI,2000,Kharif,Other Kharif pulses,26352,10405,0.394846691
Madhya Pradesh,SHIVPURI,2000,Kharif,Rice,6384,5478,0.858082707
Madhya Pradesh,SHIVPURI,2000,Kharif,Sesamum,5397,2609,0.483416713
Madhya Pradesh,SHIVPURI,2000,Kharif,Small millets,716,166,0.231843575
Madhya Pradesh,SHIVPURI,2000,Kharif,Soyabean,77375,63524,0.820988691
Madhya Pradesh,SHIVPURI,2000,Kharif,Sunflower,10,2,0.2
Madhya Pradesh,SHIVPURI,2000,Rabi,Barley,1932,2457,1.27173913
Madhya Pradesh,SHIVPURI,2000,Rabi,Gram,98634,86798,0.880000811
Madhya Pradesh,SHIVPURI,2000,Rabi,Linseed,1839,944,0.513322458
Madhya Pradesh,SHIVPURI,2000,Rabi,Other  Rabi pulses,3494,1451,0.415283343
Madhya Pradesh,SHIVPURI,2000,Rabi,Rapeseed &Mustard,34274,16927,0.493872907
Madhya Pradesh,SHIVPURI,2000,Rabi,Safflower,3,1,0.333333333
Madhya Pradesh,SHIVPURI,2000,Rabi,Wheat,108469,170635,1.573122275
Madhya Pradesh,SHIVPURI,2000,Whole Year,Coriander,485,123,0.253608247
Madhya Pradesh,SHIVPURI,2000,Whole Year,Dry chillies,534,244,0.456928839
Madhya Pradesh,SHIVPURI,2000,Whole Year,Garlic,111,244,2.198198198
Madhya Pradesh,SHIVPURI,2000,Whole Year,Onion,215,2537,11.8
Madhya Pradesh,SHIVPURI,2000,Whole Year,Sannhamp,129,250,1.937984496
Madhya Pradesh,SHIVPURI,2000,Whole Year,Sugarcane,1130,18650,16.50442478
Madhya Pradesh,SHIVPURI,2000,Whole Year,Turmeric,1,1,1
Madhya Pradesh,SHIVPURI,2001,Kharif,Arhar/Tur,900,635,0.705555556
Madhya Pradesh,SHIVPURI,2001,Kharif,Bajra,4381,5140,1.173248117
Madhya Pradesh,SHIVPURI,2001,Kharif,Dry ginger,75,75,1
Madhya Pradesh,SHIVPURI,2001,Kharif,Groundnut,64492,85194,1.321001054
Madhya Pradesh,SHIVPURI,2001,Kharif,Jowar,10522,7605,0.722771336
Madhya Pradesh,SHIVPURI,2001,Kharif,Maize,19771,43671,2.208841232
Madhya Pradesh,SHIVPURI,2001,Kharif,Niger seed,103,22,0.213592233
Madhya Pradesh,SHIVPURI,2001,Kharif,Other Kharif pulses,24231,10790,0.445297346
Madhya Pradesh,SHIVPURI,2001,Kharif,Ragi,12,3,0.25
Madhya Pradesh,SHIVPURI,2001,Kharif,Rice,6368,6975,1.095320352
Madhya Pradesh,SHIVPURI,2001,Kharif,Sesamum,4628,2233,0.482497839
Madhya Pradesh,SHIVPURI,2001,Kharif,Small millets,404,115,0.284653465
Madhya Pradesh,SHIVPURI,2001,Kharif,Soyabean,81106,80118,0.98781841
Madhya Pradesh,SHIVPURI,2001,Kharif,Sunflower,7,2,0.285714286
Madhya Pradesh,SHIVPURI,2001,Rabi,Barley,1701,2668,1.568489124
Madhya Pradesh,SHIVPURI,2001,Rabi,Gram,100988,108865,1.077999366
Madhya Pradesh,SHIVPURI,2001,Rabi,Linseed,1811,1122,0.619547211
Madhya Pradesh,SHIVPURI,2001,Rabi,Other  Rabi pulses,3388,1675,0.494391972
Madhya Pradesh,SHIVPURI,2001,Rabi,Rapeseed &Mustard,33357,20970,0.628653656
Madhya Pradesh,SHIVPURI,2001,Rabi,Safflower,1,0.01,0.01
Madhya Pradesh,SHIVPURI,2001,Rabi,Wheat,111773,227458,2.034999508
Madhya Pradesh,SHIVPURI,2001,Whole Year,Coriander,351,96,0.273504274
Madhya Pradesh,SHIVPURI,2001,Whole Year,Dry chillies,468,284,0.606837607
Madhya Pradesh,SHIVPURI,2001,Whole Year,Garlic,79,173,2.189873418
Madhya Pradesh,SHIVPURI,2001,Whole Year,Onion,214,2637,12.32242991
Madhya Pradesh,SHIVPURI,2001,Whole Year,Potato,485,7387,15.23092784
Madhya Pradesh,SHIVPURI,2001,Whole Year,Sannhamp,147,294,2
Madhya Pradesh,SHIVPURI,2001,Whole Year,Sugarcane,722,17750,24.58448753
Madhya Pradesh,SHIVPURI,2001,Whole Year,Sweet potato,7,43,6.142857143
Madhya Pradesh,SHIVPURI,2001,Whole Year,Turmeric,2,2,1
Madhya Pradesh,SHIVPURI,2002,Kharif,Arhar/Tur,318,57,0.179245283
Madhya Pradesh,SHIVPURI,2002,Kharif,Bajra,7735,2335,0.301874596
Madhya Pradesh,SHIVPURI,2002,Kharif,Castor seed,13,6,0.461538462
Madhya Pradesh,SHIVPURI,2002,Kharif,Dry ginger,17,6,0.352941176
Madhya Pradesh,SHIVPURI,2002,Kharif,Groundnut,56256,23779,0.422692691
Madhya Pradesh,SHIVPURI,2002,Kharif,Jowar,11203,2138,0.190841739
Madhya Pradesh,SHIVPURI,2002,Kharif,Maize,18828,18962,1.00711706
Madhya Pradesh,SHIVPURI,2002,Kharif,Niger seed,30,1,0.033333333
Madhya Pradesh,SHIVPURI,2002,Kharif,Other Kharif pulses,24125,4152,0.172103627
Madhya Pradesh,SHIVPURI,2002,Kharif,Rice,4713,1883,0.399533206
Madhya Pradesh,SHIVPURI,2002,Kharif,Sesamum,3905,740,0.18950064
Madhya Pradesh,SHIVPURI,2002,Kharif,Small millets,354,52,0.146892655
Madhya Pradesh,SHIVPURI,2002,Kharif,Soyabean,62148,13618,0.219122096
Madhya Pradesh,SHIVPURI,2002,Kharif,Sunflower,2,0.01,0.005
Madhya Pradesh,SHIVPURI,2002,Rabi,Barley,1022,878,0.859099804
Madhya Pradesh,SHIVPURI,2002,Rabi,Gram,52303,35880,0.686002715
Madhya Pradesh,SHIVPURI,2002,Rabi,Linseed,295,91,0.308474576
Madhya Pradesh,SHIVPURI,2002,Rabi,Other  Rabi pulses,2550,729,0.285882353
Madhya Pradesh,SHIVPURI,2002,Rabi,Rapeseed &Mustard,9997,3501,0.350205062
Madhya Pradesh,SHIVPURI,2002,Rabi,Wheat,66493,91814,1.380807002
Madhya Pradesh,SHIVPURI,2002,Whole Year,Bhindi,68,0,0
Madhya Pradesh,SHIVPURI,2002,Whole Year,Brinjal,227,0,0
Madhya Pradesh,SHIVPURI,2002,Whole Year,Cauliflower,42,0,0
Madhya Pradesh,SHIVPURI,2002,Whole Year,Citrus Fruit,29,0,0
Madhya Pradesh,SHIVPURI,2002,Whole Year,Coriander,128,19,0.1484375
Madhya Pradesh,SHIVPURI,2002,Whole Year,Dry chillies,403,174,0.431761787
Madhya Pradesh,SHIVPURI,2002,Whole Year,Garlic,82,166,2.024390244
Madhya Pradesh,SHIVPURI,2002,Whole Year,Mango,9,0,0
Madhya Pradesh,SHIVPURI,2002,Whole Year,Onion,204,2109,10.33823529
Madhya Pradesh,SHIVPURI,2002,Whole Year,Other Fresh Fruits,42,0,0
Madhya Pradesh,SHIVPURI,2002,Whole Year,Other Vegetables,642,0,0
Madhya Pradesh,SHIVPURI,2002,Whole Year,Papaya,34,0,0
Madhya Pradesh,SHIVPURI,2002,Whole Year,Pome Fruit,200,0,0
Madhya Pradesh,SHIVPURI,2002,Whole Year,Potato,276,2776,10.05797101
Madhya Pradesh,SHIVPURI,2002,Whole Year,Sannhamp,98,50,0.510204082
Madhya Pradesh,SHIVPURI,2002,Whole Year,Sugarcane,324,4800,14.81481481
Madhya Pradesh,SHIVPURI,2002,Whole Year,Sweet potato,5,28,5.6
Madhya Pradesh,SHIVPURI,2002,Whole Year,Tomato,339,0,0
Madhya Pradesh,SHIVPURI,2003,Kharif,Arhar/Tur,540,330,0.611111111
Madhya Pradesh,SHIVPURI,2003,Kharif,Bajra,15431,21936,1.421554015
Madhya Pradesh,SHIVPURI,2003,Kharif,Castor seed,21,7,0.333333333
Madhya Pradesh,SHIVPURI,2003,Kharif,Dry ginger,27,31,1.148148148
Madhya Pradesh,SHIVPURI,2003,Kharif,Groundnut,62315,72060,1.156382893
Madhya Pradesh,SHIVPURI,2003,Kharif,Jowar,22315,17280,0.774367018
Madhya Pradesh,SHIVPURI,2003,Kharif,Maize,24624,52862,2.146767381
Madhya Pradesh,SHIVPURI,2003,Kharif,Niger seed,28,7,0.25
Madhya Pradesh,SHIVPURI,2003,Kharif,Other Kharif pulses,25587,11339,0.443154727
Madhya Pradesh,SHIVPURI,2003,Kharif,other misc. pulses,515,0.01,1.94175E-05
Madhya Pradesh,SHIVPURI,2003,Kharif,Rice,6103,8572,1.404555137
Madhya Pradesh,SHIVPURI,2003,Kharif,Sesamum,5027,3103,0.617266759
Madhya Pradesh,SHIVPURI,2003,Kharif,Small millets,389,120,0.30848329
Madhya Pradesh,SHIVPURI,2003,Kharif,Soyabean,82587,81232,0.983593059
Madhya Pradesh,SHIVPURI,2003,Kharif,Urad,20260,9080,0.448173741
Madhya Pradesh,SHIVPURI,2003,Rabi,Barley,1881,3313,1.761297182
Madhya Pradesh,SHIVPURI,2003,Rabi,Gram,78139,91266,1.167995495
Madhya Pradesh,SHIVPURI,2003,Rabi,Linseed,335,216,0.644776119
Madhya Pradesh,SHIVPURI,2003,Rabi,Other  Rabi pulses,3804,1995,0.52444795
Madhya Pradesh,SHIVPURI,2003,Rabi,Rapeseed &Mustard,34292,25616,0.746996384
Madhya Pradesh,SHIVPURI,2003,Rabi,Safflower,53,13,0.245283019
Madhya Pradesh,SHIVPURI,2003,Rabi,Wheat,120603,262404,2.175766772
Madhya Pradesh,SHIVPURI,2003,Whole Year,Banana,37,0,0
Madhya Pradesh,SHIVPURI,2003,Whole Year,Bhindi,84,0,0
Madhya Pradesh,SHIVPURI,2003,Whole Year,Brinjal,187,0,0
Madhya Pradesh,SHIVPURI,2003,Whole Year,Cauliflower,51,0,0
Madhya Pradesh,SHIVPURI,2003,Whole Year,Citrus Fruit,30,0,0
Madhya Pradesh,SHIVPURI,2003,Whole Year,Coriander,278,82,0.294964029
Madhya Pradesh,SHIVPURI,2003,Whole Year,Dry chillies,433,359,0.829099307
Madhya Pradesh,SHIVPURI,2003,Whole Year,Garlic,234,577,2.465811966
Madhya Pradesh,SHIVPURI,2003,Whole Year,Mango,9,0,0
Madhya Pradesh,SHIVPURI,2003,Whole Year,Onion,334,3753,11.23652695
Madhya Pradesh,SHIVPURI,2003,Whole Year,Other Fresh Fruits,47,0,0
Madhya Pradesh,SHIVPURI,2003,Whole Year,Other Vegetables,707,0,0
Madhya Pradesh,SHIVPURI,2003,Whole Year,Papaya,13,485,37.30769231
Madhya Pradesh,SHIVPURI,2003,Whole Year,Pome Fruit,159,0,0
Madhya Pradesh,SHIVPURI,2003,Whole Year,Potato,367,5215,14.20980926
Madhya Pradesh,SHIVPURI,2003,Whole Year,Sannhamp,136,305,2.242647059
Madhya Pradesh,SHIVPURI,2003,Whole Year,Sugarcane,557,13690,24.57809695
Madhya Pradesh,SHIVPURI,2003,Whole Year,Sweet potato,4,23,5.75
Madhya Pradesh,SHIVPURI,2003,Whole Year,Tomato,498,0,0
Madhya Pradesh,SHIVPURI,2003,Whole Year,Turmeric,4,3,0.75
Madhya Pradesh,SHIVPURI,2004,Kharif,Arhar/Tur,478,278,0.581589958
Madhya Pradesh,SHIVPURI,2004,Kharif,Bajra,10488,14834,1.414378337
Madhya Pradesh,SHIVPURI,2004,Kharif,Castor seed,31,13,0.419354839
Madhya Pradesh,SHIVPURI,2004,Kharif,Dry ginger,24,21,0.875
Madhya Pradesh,SHIVPURI,2004,Kharif,Groundnut,65508,88010,1.343500031
Madhya Pradesh,SHIVPURI,2004,Kharif,Jowar,11942,7495,0.627616815
Madhya Pradesh,SHIVPURI,2004,Kharif,Maize,25507,41288,1.618692908
Madhya Pradesh,SHIVPURI,2004,Kharif,Niger seed,8,2,0.25
Madhya Pradesh,SHIVPURI,2004,Kharif,Rice,5732,5909,1.030879274
Madhya Pradesh,SHIVPURI,2004,Kharif,Sesamum,6631,4420,0.666566129
Madhya Pradesh,SHIVPURI,2004,Kharif,Small millets,254,55,0.216535433
Madhya Pradesh,SHIVPURI,2004,Kharif,Soyabean,101350,83185,0.82076961
Madhya Pradesh,SHIVPURI,2004,Kharif,Sunflower,1,,
Madhya Pradesh,SHIVPURI,2004,Kharif,Urad,17740,8336,0.469898534
Madhya Pradesh,SHIVPURI,2004,Rabi,Barley,1569,2393,1.525175271
Madhya Pradesh,SHIVPURI,2004,Rabi,Gram,68959,65304,0.946997491
Madhya Pradesh,SHIVPURI,2004,Rabi,Horse-gram,3,1,0.333333333
Madhya Pradesh,SHIVPURI,2004,Rabi,Linseed,244,152,0.62295082
Madhya Pradesh,SHIVPURI,2004,Rabi,Masoor,4760,2395,0.503151261
Madhya Pradesh,SHIVPURI,2004,Rabi,Rapeseed &Mustard,61708,48765,0.7902541
Madhya Pradesh,SHIVPURI,2004,Rabi,Safflower,75,13,0.173333333
Madhya Pradesh,SHIVPURI,2004,Rabi,Wheat,121461,216505,1.782506319
Madhya Pradesh,SHIVPURI,2004,Whole Year,Coriander,575,183,0.31826087
Madhya Pradesh,SHIVPURI,2004,Whole Year,Garlic,254,574,2.25984252
Madhya Pradesh,SHIVPURI,2004,Whole Year,Onion,410,5216,12.72195122
Madhya Pradesh,SHIVPURI,2004,Whole Year,Potato,393,5787,14.72519084
Madhya Pradesh,SHIVPURI,2004,Whole Year,Sugarcane,752,18220,24.2287234
Madhya Pradesh,SHIVPURI,2004,Whole Year,Sweet potato,12,78,6.5
Madhya Pradesh,SHIVPURI,2004,Whole Year,Turmeric,5,5,1
Madhya Pradesh,SHIVPURI,2005,Kharif,Arhar/Tur,427,258,0.604215457
Madhya Pradesh,SHIVPURI,2005,Kharif,Bajra,8755,13676,1.562078812
Madhya Pradesh,SHIVPURI,2005,Kharif,Castor seed,54,17,0.314814815
Madhya Pradesh,SHIVPURI,2005,Kharif,Groundnut,64227,95638,1.489062232
Madhya Pradesh,SHIVPURI,2005,Kharif,Jowar,10042,9834,0.979286995
Madhya Pradesh,SHIVPURI,2005,Kharif,Maize,25488,52715,2.068228186
Madhya Pradesh,SHIVPURI,2005,Kharif,Moong(Green Gram),4870,2112,0.433675565
Madhya Pradesh,SHIVPURI,2005,Kharif,Niger seed,6,1,0.166666667
Madhya Pradesh,SHIVPURI,2005,Kharif,Rice,6159,5846,0.949180062
Madhya Pradesh,SHIVPURI,2005,Kharif,Sesamum,8320,4983,0.598918269
Madhya Pradesh,SHIVPURI,2005,Kharif,Small millets,109,10,0.091743119
Madhya Pradesh,SHIVPURI,2005,Kharif,Soyabean,102921,96618,0.938758854
Madhya Pradesh,SHIVPURI,2005,Kharif,Urad,16610,7685,0.462673089
Madhya Pradesh,SHIVPURI,2005,Rabi,Barley,1410,2148,1.523404255
Madhya Pradesh,SHIVPURI,2005,Rabi,Gram,57755,59141,1.023997922
Madhya Pradesh,SHIVPURI,2005,Rabi,Linseed,219,163,0.744292237
Madhya Pradesh,SHIVPURI,2005,Rabi,Masoor,10395,5158,0.496200096
Madhya Pradesh,SHIVPURI,2005,Rabi,Peas & beans (Pulses),1452,833,0.57369146
Madhya Pradesh,SHIVPURI,2005,Rabi,Rapeseed &Mustard,79178,57995,0.732463563
Madhya Pradesh,SHIVPURI,2005,Rabi,Wheat,108816,200821,1.845509851
Madhya Pradesh,SHIVPURI,2005,Whole Year,Onion,468,5791,12.37393162
Madhya Pradesh,SHIVPURI,2005,Whole Year,Potato,367,4298,11.71117166
Madhya Pradesh,SHIVPURI,2005,Whole Year,Sugarcane,600,15830,26.38333333
Madhya Pradesh,SHIVPURI,2005,Whole Year,Sweet potato,3,17,5.666666667
Madhya Pradesh,SHIVPURI,2006,Kharif,Arhar/Tur,489,270,0.552147239
Madhya Pradesh,SHIVPURI,2006,Kharif,Bajra,8970,12565,1.400780379
Madhya Pradesh,SHIVPURI,2006,Kharif,Castor seed,8,3,0.375
Madhya Pradesh,SHIVPURI,2006,Kharif,Dry ginger,12,11,0.916666667
Madhya Pradesh,SHIVPURI,2006,Kharif,Groundnut,64797,71852,1.108878497
Madhya Pradesh,SHIVPURI,2006,Kharif,Horse-gram,2,,
Madhya Pradesh,SHIVPURI,2006,Kharif,Jowar,7864,7120,0.905391658
Madhya Pradesh,SHIVPURI,2006,Kharif,Jute,71,127,1.788732394
Madhya Pradesh,SHIVPURI,2006,Kharif,Maize,24892,29734,1.194520328
Madhya Pradesh,SHIVPURI,2006,Kharif,Moong(Green Gram),4545,1840,0.404840484
Madhya Pradesh,SHIVPURI,2006,Kharif,Niger seed,13,3,0.230769231
Madhya Pradesh,SHIVPURI,2006,Kharif,Other Kharif pulses,252,,
Madhya Pradesh,SHIVPURI,2006,Kharif,Rice,5115,4751,0.928836755
Madhya Pradesh,SHIVPURI,2006,Kharif,Small millets,139,30,0.215827338
Madhya Pradesh,SHIVPURI,2006,Kharif,Soyabean,103710,76528,0.73790377
Madhya Pradesh,SHIVPURI,2006,Kharif,Urad,15816,6403,0.404843197
Madhya Pradesh,SHIVPURI,2006,Rabi,Gram,53560,58166,1.085997013
Madhya Pradesh,SHIVPURI,2006,Rabi,Linseed,273,177,0.648351648
Madhya Pradesh,SHIVPURI,2006,Rabi,Masoor,5705,2352,0.412269939
Madhya Pradesh,SHIVPURI,2006,Rabi,Moong(Green Gram),1,,
Madhya Pradesh,SHIVPURI,2006,Rabi,Peas & beans (Pulses),1122,568,0.506238859
Madhya Pradesh,SHIVPURI,2006,Rabi,Rapeseed &Mustard,54553,36117,0.662053416
Madhya Pradesh,SHIVPURI,2006,Rabi,Small millets,1,,
Madhya Pradesh,SHIVPURI,2006,Rabi,Wheat,99289,178325,1.7960197
Madhya Pradesh,SHIVPURI,2006,Whole Year,Coriander,127,32,0.251968504
Madhya Pradesh,SHIVPURI,2006,Whole Year,Dry chillies,542,370,0.682656827
Madhya Pradesh,SHIVPURI,2006,Whole Year,Garlic,325,767,2.36
Madhya Pradesh,SHIVPURI,2006,Whole Year,Onion,517,6896,13.3384913
Madhya Pradesh,SHIVPURI,2006,Whole Year,Potato,352,4089,11.61647727
Madhya Pradesh,SHIVPURI,2006,Whole Year,Sesamum,12038,5305,0.440687822
Madhya Pradesh,SHIVPURI,2006,Whole Year,Sugarcane,1220,29980,24.57377049
Madhya Pradesh,SHIVPURI,2006,Whole Year,Sweet potato,9,55,6.111111111
Madhya Pradesh,SHIVPURI,2006,Whole Year,Turmeric,2,1,0.5
Madhya Pradesh,SHIVPURI,2007,Kharif,Arhar/Tur,395,140,0.35443038
Madhya Pradesh,SHIVPURI,2007,Kharif,Bajra,11437,9838,0.860190609
Madhya Pradesh,SHIVPURI,2007,Kharif,Castor seed,5,2,0.4
Madhya Pradesh,SHIVPURI,2007,Kharif,Cotton(lint),61,8,0.131147541
Madhya Pradesh,SHIVPURI,2007,Kharif,Groundnut,66188,58098,0.877772406
Madhya Pradesh,SHIVPURI,2007,Kharif,Horse-gram,1,,
Madhya Pradesh,SHIVPURI,2007,Kharif,Jowar,8392,4995,0.595209724
Madhya Pradesh,SHIVPURI,2007,Kharif,Maize,27619,25845,0.935768855
Madhya Pradesh,SHIVPURI,2007,Kharif,Niger seed,16,4,0.25
Madhya Pradesh,SHIVPURI,2007,Kharif,Rice,5128,3942,0.768720749
Madhya Pradesh,SHIVPURI,2007,Kharif,Sannhamp,71,15,0.211267606
Madhya Pradesh,SHIVPURI,2007,Kharif,Soyabean,103173,51761,0.501691334
Madhya Pradesh,SHIVPURI,2007,Kharif,Urad,17962,5193,0.289110344
Madhya Pradesh,SHIVPURI,2007,Rabi,Barley,784,822,1.048469388
Madhya Pradesh,SHIVPURI,2007,Rabi,Gram,49399,40211,0.814004332
Madhya Pradesh,SHIVPURI,2007,Rabi,Linseed,265,118,0.445283019
Madhya Pradesh,SHIVPURI,2007,Rabi,Masoor,4857,1528,0.314597488
Madhya Pradesh,SHIVPURI,2007,Rabi,Peas & beans (Pulses),1033,435,0.421103582
Madhya Pradesh,SHIVPURI,2007,Rabi,Rapeseed &Mustard,44799,23675,0.528471618
Madhya Pradesh,SHIVPURI,2007,Rabi,Wheat,90420,110157,1.218281354
Madhya Pradesh,SHIVPURI,2007,Whole Year,Coriander,310,65,0.209677419
Madhya Pradesh,SHIVPURI,2007,Whole Year,Garlic,140,283,2.021428571
Madhya Pradesh,SHIVPURI,2007,Whole Year,Onion,506,4671,9.231225296
Madhya Pradesh,SHIVPURI,2007,Whole Year,Potato,304,2486,8.177631579
Madhya Pradesh,SHIVPURI,2007,Whole Year,Sesamum,14175,5136,0.362328042
Madhya Pradesh,SHIVPURI,2007,Whole Year,Small millets,24,4,0.166666667
Madhya Pradesh,SHIVPURI,2007,Whole Year,Sugarcane,1325,23940,18.06792453
Madhya Pradesh,SHIVPURI,2007,Whole Year,Sweet potato,9,55,6.111111111
Madhya Pradesh,SHIVPURI,2008,Kharif,Arhar/Tur,625,417,0.6672
Madhya Pradesh,SHIVPURI,2008,Kharif,Bajra,10100,15778,1.562178218
Madhya Pradesh,SHIVPURI,2008,Kharif,Castor seed,4,1,0.25
Madhya Pradesh,SHIVPURI,2008,Kharif,Cotton(lint),95,30,0.315789474
Madhya Pradesh,SHIVPURI,2008,Kharif,Groundnut,72096,101816,1.41222814
Madhya Pradesh,SHIVPURI,2008,Kharif,Jowar,3383,3266,0.965415312
Madhya Pradesh,SHIVPURI,2008,Kharif,Maize,27833,43073,1.547551468
Madhya Pradesh,SHIVPURI,2008,Kharif,Niger seed,5,1,0.2
Madhya Pradesh,SHIVPURI,2008,Kharif,Rice,7965,9047,1.135844319
Madhya Pradesh,SHIVPURI,2008,Kharif,Sannhamp,94,30,0.319148936
Madhya Pradesh,SHIVPURI,2008,Kharif,Soyabean,115868,106257,0.917052163
Madhya Pradesh,SHIVPURI,2008,Kharif,Urad,17112,7669,0.44816503
Madhya Pradesh,SHIVPURI,2008,Rabi,Barley,1300,2059,1.583846154
Madhya Pradesh,SHIVPURI,2008,Rabi,Gram,53028,53505,1.008995248
Madhya Pradesh,SHIVPURI,2008,Rabi,Khesari,5,3,0.6
Madhya Pradesh,SHIVPURI,2008,Rabi,Linseed,295,222,0.752542373
Madhya Pradesh,SHIVPURI,2008,Rabi,Masoor,5841,2612,0.447183701
Madhya Pradesh,SHIVPURI,2008,Rabi,Peas & beans (Pulses),1343,691,0.514519732
Madhya Pradesh,SHIVPURI,2008,Rabi,Rapeseed &Mustard,60211,45774,0.760226537
Madhya Pradesh,SHIVPURI,2008,Rabi,Wheat,114825,224004,1.950829523
Madhya Pradesh,SHIVPURI,2008,Whole Year,Coriander,344,94,0.273255814
Madhya Pradesh,SHIVPURI,2008,Whole Year,Garlic,268,588,2.194029851
Madhya Pradesh,SHIVPURI,2008,Whole Year,Onion,579,5876,10.14853195
Madhya Pradesh,SHIVPURI,2008,Whole Year,Potato,427,4852,11.36299766
Madhya Pradesh,SHIVPURI,2008,Whole Year,Sesamum,13340,7837,0.587481259
Madhya Pradesh,SHIVPURI,2008,Whole Year,Small millets,147,39,0.265306122
Madhya Pradesh,SHIVPURI,2008,Whole Year,Sugarcane,1314,28970,22.04718417
Madhya Pradesh,SHIVPURI,2008,Whole Year,Sweet potato,20,132,6.6
Madhya Pradesh,SHIVPURI,2008,Whole Year,Turmeric,1,1,1
Madhya Pradesh,SHIVPURI,2009,Kharif,Jowar,4330,5124,1.183371824
Madhya Pradesh,SHIVPURI,2009,Kharif,Moong(Green Gram),5405,2383,0.440888067
Madhya Pradesh,SHIVPURI,2009,Kharif,Small millets,118,36,0.305084746
Madhya Pradesh,SHIVPURI,2009,Kharif,Urad,16794,7284,0.433726331
Madhya Pradesh,SHIVPURI,2009,Rabi,Small millets,1,,
Madhya Pradesh,SHIVPURI,2009,Whole Year,Arhar/Tur,596,408,0.684563758
Madhya Pradesh,SHIVPURI,2009,Whole Year,Bajra,10885,18699,1.717868627
Madhya Pradesh,SHIVPURI,2009,Whole Year,Barley,1329,1966,1.47930775
Madhya Pradesh,SHIVPURI,2009,Whole Year,Castor seed,3,1,0.333333333
Madhya Pradesh,SHIVPURI,2009,Whole Year,Coriander,467,140,0.299785867
Madhya Pradesh,SHIVPURI,2009,Whole Year,Cotton(lint),21,4,0.19047619
Madhya Pradesh,SHIVPURI,2009,Whole Year,Dry chillies,693,1122,1.619047619
Madhya Pradesh,SHIVPURI,2009,Whole Year,Dry ginger,14,12,0.857142857
Madhya Pradesh,SHIVPURI,2009,Whole Year,Garlic,333,764,2.294294294
Madhya Pradesh,SHIVPURI,2009,Whole Year,Gram,54654,64656,1.183005818
Madhya Pradesh,SHIVPURI,2009,Whole Year,Groundnut,81537,125992,1.545212603
Madhya Pradesh,SHIVPURI,2009,Whole Year,Linseed,113,91,0.805309735
Madhya Pradesh,SHIVPURI,2009,Whole Year,Maize,26445,36346,1.374399697
Madhya Pradesh,SHIVPURI,2009,Whole Year,Masoor,5436,2621,0.482155997
Madhya Pradesh,SHIVPURI,2009,Whole Year,Niger seed,3,1,0.333333333
Madhya Pradesh,SHIVPURI,2009,Whole Year,Onion,598,6483,10.84113712
Madhya Pradesh,SHIVPURI,2009,Whole Year,Peas & beans (Pulses),1559,868,0.556767158
Madhya Pradesh,SHIVPURI,2009,Whole Year,Potato,413,4043,9.789346247
Madhya Pradesh,SHIVPURI,2009,Whole Year,Rapeseed &Mustard,61094,49205,0.805398239
Madhya Pradesh,SHIVPURI,2009,Whole Year,Rice,7979,10880,1.363579396
Madhya Pradesh,SHIVPURI,2009,Whole Year,Safflower,13,3,0.230769231
Madhya Pradesh,SHIVPURI,2009,Whole Year,Sannhamp,62,22,0.35483871
Madhya Pradesh,SHIVPURI,2009,Whole Year,Sesamum,12652,7081,0.55967436
Madhya Pradesh,SHIVPURI,2009,Whole Year,Soyabean,118955,107524,0.903904838
Madhya Pradesh,SHIVPURI,2009,Whole Year,Sugarcane,780,16650,21.34615385
Madhya Pradesh,SHIVPURI,2009,Whole Year,Sweet potato,15,99,6.6
Madhya Pradesh,SHIVPURI,2009,Whole Year,Turmeric,1,1,1
Madhya Pradesh,SHIVPURI,2009,Whole Year,Wheat,139816,250416,1.791039652
Madhya Pradesh,SHIVPURI,2010,Kharif,Arhar/Tur,991,334,0.3370333
Madhya Pradesh,SHIVPURI,2010,Kharif,Bajra,11112,19639,1.767368611
Madhya Pradesh,SHIVPURI,2010,Kharif,Cotton(lint),21,27,1.285714286
Madhya Pradesh,SHIVPURI,2010,Kharif,Groundnut,83353,146962,1.763127902
Madhya Pradesh,SHIVPURI,2010,Kharif,Jowar,3312,4163,1.256944444
Madhya Pradesh,SHIVPURI,2010,Kharif,Maize,26114,45305,1.734893161
Madhya Pradesh,SHIVPURI,2010,Kharif,Moong(Green Gram),4309,2056,0.477140868
Madhya Pradesh,SHIVPURI,2010,Kharif,Rice,8333,13216,1.585983439
Madhya Pradesh,SHIVPURI,2010,Kharif,Small millets,94,29,0.308510638
Madhya Pradesh,SHIVPURI,2010,Kharif,Soyabean,121592,121467,0.998971972
Madhya Pradesh,SHIVPURI,2010,Kharif,Urad,17164,7941,0.462654393
Madhya Pradesh,SHIVPURI,2010,Rabi,Barley,1320,2073,1.570454545
Madhya Pradesh,SHIVPURI,2010,Rabi,Gram,52784,51728,0.979993938
Madhya Pradesh,SHIVPURI,2010,Rabi,Linseed,80,131,1.6375
Madhya Pradesh,SHIVPURI,2010,Rabi,Masoor,6778,2317,0.341841251
Madhya Pradesh,SHIVPURI,2010,Rabi,Peas & beans (Pulses),1425,580,0.407017544
Madhya Pradesh,SHIVPURI,2010,Rabi,Rapeseed &Mustard,63301,46232,0.730351811
Madhya Pradesh,SHIVPURI,2010,Rabi,Wheat,147056,298074,2.026942117
Madhya Pradesh,SHIVPURI,2010,Whole Year,Coriander,873,205,0.234822451
Madhya Pradesh,SHIVPURI,2010,Whole Year,Dry chillies,621,1404,2.260869565
Madhya Pradesh,SHIVPURI,2010,Whole Year,Dry ginger,17,17,1
Madhya Pradesh,SHIVPURI,2010,Whole Year,Garlic,345,558,1.617391304
Madhya Pradesh,SHIVPURI,2010,Whole Year,Onion,699,7850,11.23032904
Madhya Pradesh,SHIVPURI,2010,Whole Year,Potato,522,4796,9.187739464
Madhya Pradesh,SHIVPURI,2010,Whole Year,Sannhamp,84,150,1.785714286
Madhya Pradesh,SHIVPURI,2010,Whole Year,Sesamum,12589,9467,0.752005719
Madhya Pradesh,SHIVPURI,2010,Whole Year,Sugarcane,1138,26740,23.4973638
Madhya Pradesh,SHIVPURI,2010,Whole Year,Sweet potato,70,314,4.485714286
Madhya Pradesh,SHIVPURI,2011,Kharif,Arhar/Tur,1462,700,0.47879617
Madhya Pradesh,SHIVPURI,2011,Kharif,Bajra,10303,17204,1.669804911
Madhya Pradesh,SHIVPURI,2011,Kharif,Barley,1064,2042,1.919172932
Madhya Pradesh,SHIVPURI,2011,Kharif,Cotton(lint),144,323,2.243055556
Madhya Pradesh,SHIVPURI,2011,Kharif,Groundnut,103129,188889,1.831579866
Madhya Pradesh,SHIVPURI,2011,Kharif,Jowar,1197,1228,1.025898079
Madhya Pradesh,SHIVPURI,2011,Kharif,Maize,23979,29714,1.239167605
Madhya Pradesh,SHIVPURI,2011,Kharif,Moong(Green Gram),4436,1433,0.323038774
Madhya Pradesh,SHIVPURI,2011,Kharif,Other Kharif pulses,27,,
Madhya Pradesh,SHIVPURI,2011,Kharif,Rice,9226,14559,1.578040321
Madhya Pradesh,SHIVPURI,2011,Kharif,Sannhamp,40,50,1.25
Madhya Pradesh,SHIVPURI,2011,Kharif,Small millets,63,19,0.301587302
Madhya Pradesh,SHIVPURI,2011,Kharif,Soyabean,166485,169645,1.018980689
Madhya Pradesh,SHIVPURI,2011,Kharif,Urad,16884,5588,0.330964226
Madhya Pradesh,SHIVPURI,2011,Rabi,Gram,52011,65658,1.262386803
Madhya Pradesh,SHIVPURI,2011,Rabi,Linseed,52,130,2.5
Madhya Pradesh,SHIVPURI,2011,Rabi,Masoor,5303,1841,0.347161984
Madhya Pradesh,SHIVPURI,2011,Rabi,Other  Rabi pulses,83,,
Madhya Pradesh,SHIVPURI,2011,Rabi,Peas & beans (Pulses),1411,566,0.401133948
Madhya Pradesh,SHIVPURI,2011,Rabi,Rapeseed &Mustard,40082,34447,0.859413203
Madhya Pradesh,SHIVPURI,2011,Rabi,Wheat,194843,532820,2.73461197
Madhya Pradesh,SHIVPURI,2011,Whole Year,Coriander,847,232,0.27390791
Madhya Pradesh,SHIVPURI,2011,Whole Year,Dry chillies,475,586,1.233684211
Madhya Pradesh,SHIVPURI,2011,Whole Year,Dry ginger,23,16,0.695652174
Madhya Pradesh,SHIVPURI,2011,Whole Year,Garlic,336,579,1.723214286
Madhya Pradesh,SHIVPURI,2011,Whole Year,Onion,741,9323,12.58164642
Madhya Pradesh,SHIVPURI,2011,Whole Year,Potato,563,5498,9.765541741
Madhya Pradesh,SHIVPURI,2011,Whole Year,Sesamum,13539,10262,0.75795849
Madhya Pradesh,SHIVPURI,2011,Whole Year,Sugarcane,941,17780,18.89479277
Madhya Pradesh,SHIVPURI,2011,Whole Year,Sweet potato,141,633,4.489361702
Madhya Pradesh,SHIVPURI,2012,Kharif,Arhar/Tur,864,336,0.388888889
Madhya Pradesh,SHIVPURI,2012,Kharif,Bajra,9750,15449,1.584512821
Madhya Pradesh,SHIVPURI,2012,Kharif,Barley,2516,2957,1.175278219
Madhya Pradesh,SHIVPURI,2012,Kharif,Cotton(lint),112,185,1.651785714
Madhya Pradesh,SHIVPURI,2012,Kharif,Groundnut,107254,193379,1.803000354
Madhya Pradesh,SHIVPURI,2012,Kharif,Jowar,265,304,1.147169811
Madhya Pradesh,SHIVPURI,2012,Kharif,Maize,16806,29128,1.733190527
Madhya Pradesh,SHIVPURI,2012,Kharif,Moong(Green Gram),4796,1682,0.350708924
Madhya Pradesh,SHIVPURI,2012,Kharif,Other Kharif pulses,5,,
Madhya Pradesh,SHIVPURI,2012,Kharif,Rice,13399,19884,1.483991343
Madhya Pradesh,SHIVPURI,2012,Kharif,Sannhamp,12,16,1.333333333
Madhya Pradesh,SHIVPURI,2012,Kharif,Small millets,118,24,0.203389831
Madhya Pradesh,SHIVPURI,2012,Kharif,Soyabean,162787,148356,0.911350415
Madhya Pradesh,SHIVPURI,2012,Kharif,Urad,20813,7197,0.345793494
Madhya Pradesh,SHIVPURI,2012,Rabi,Gram,65266,103973,1.593065302
Madhya Pradesh,SHIVPURI,2012,Rabi,Linseed,65,126,1.938461538
Madhya Pradesh,SHIVPURI,2012,Rabi,Masoor,4487,1558,0.347225318
Madhya Pradesh,SHIVPURI,2012,Rabi,Peas & beans (Pulses),1797,732,0.407345576
Madhya Pradesh,SHIVPURI,2012,Rabi,Rapeseed &Mustard,36504,24656,0.675432829
Madhya Pradesh,SHIVPURI,2012,Rabi,Safflower,2,,
Madhya Pradesh,SHIVPURI,2012,Rabi,Wheat,201934,664134,3.288866659
Madhya Pradesh,SHIVPURI,2012,Whole Year,Coriander,673,153,0.227340267
Madhya Pradesh,SHIVPURI,2012,Whole Year,Dry chillies,397,616,1.55163728
Madhya Pradesh,SHIVPURI,2012,Whole Year,Dry ginger,7,5,0.714285714
Madhya Pradesh,SHIVPURI,2012,Whole Year,Garlic,219,389,1.776255708
Madhya Pradesh,SHIVPURI,2012,Whole Year,Onion,857,10871,12.68494749
Madhya Pradesh,SHIVPURI,2012,Whole Year,Potato,530,5030,9.490566038
Madhya Pradesh,SHIVPURI,2012,Whole Year,Sesamum,9260,5257,0.567710583
Madhya Pradesh,SHIVPURI,2012,Whole Year,Sugarcane,939,18850,20.07454739
Madhya Pradesh,SHIVPURI,2012,Whole Year,Sweet potato,141,698,4.95035461
Madhya Pradesh,SHIVPURI,2012,Whole Year,Turmeric,1,1,1
Madhya Pradesh,SHIVPURI,2013,Kharif,Arhar/Tur,874,296,0.338672769
Madhya Pradesh,SHIVPURI,2013,Kharif,Bajra,5336,7238,1.356446777
Madhya Pradesh,SHIVPURI,2013,Kharif,Barley,3101,4758,1.53434376
Madhya Pradesh,SHIVPURI,2013,Kharif,Groundnut,95391,179668,1.883490057
Madhya Pradesh,SHIVPURI,2013,Kharif,Jowar,40,27,0.675
Madhya Pradesh,SHIVPURI,2013,Kharif,Maize,14745,16859,1.143370634
Madhya Pradesh,SHIVPURI,2013,Kharif,Moong(Green Gram),6637,2230,0.335995179
Madhya Pradesh,SHIVPURI,2013,Kharif,Other Kharif pulses,351,,
Madhya Pradesh,SHIVPURI,2013,Kharif,Rice,14634,17063,1.165983326
Madhya Pradesh,SHIVPURI,2013,Kharif,Sannhamp,14,17,1.214285714
Madhya Pradesh,SHIVPURI,2013,Kharif,Small millets,55,14,0.254545455
Madhya Pradesh,SHIVPURI,2013,Kharif,Soyabean,186224,117080,0.628705215
Madhya Pradesh,SHIVPURI,2013,Kharif,Urad,23167,7553,0.326024086
Madhya Pradesh,SHIVPURI,2013,Rabi,Gram,87837,81467,0.927479308
Madhya Pradesh,SHIVPURI,2013,Rabi,Khesari,45,19,0.422222222
Madhya Pradesh,SHIVPURI,2013,Rabi,Linseed,39,60,1.538461538
Madhya Pradesh,SHIVPURI,2013,Rabi,Masoor,5174,1930,0.373018941
Madhya Pradesh,SHIVPURI,2013,Rabi,Other  Rabi pulses,108,,
Madhya Pradesh,SHIVPURI,2013,Rabi,Peas & beans (Pulses),1398,837,0.598712446
Madhya Pradesh,SHIVPURI,2013,Rabi,Rapeseed &Mustard,33360,18144,0.543884892
Madhya Pradesh,SHIVPURI,2013,Rabi,Wheat,195611,527468,2.696515022
Madhya Pradesh,SHIVPURI,2013,Whole Year,Coriander,1014,297,0.292899408
Madhya Pradesh,SHIVPURI,2013,Whole Year,Dry chillies,388,378,0.974226804
Madhya Pradesh,SHIVPURI,2013,Whole Year,Dry ginger,31,28,0.903225806
Madhya Pradesh,SHIVPURI,2013,Whole Year,Garlic,297,701,2.36026936
Madhya Pradesh,SHIVPURI,2013,Whole Year,Onion,1310,13342,10.18473282
Madhya Pradesh,SHIVPURI,2013,Whole Year,Potato,655,5270,8.045801527
Madhya Pradesh,SHIVPURI,2013,Whole Year,Sesamum,9976,5134,0.514635124
Madhya Pradesh,SHIVPURI,2013,Whole Year,Sugarcane,762,16650,21.8503937
Madhya Pradesh,SHIVPURI,2013,Whole Year,Sweet potato,101,645,6.386138614
Madhya Pradesh,SIDHI,1997,Kharif,Arhar/Tur,32800,16700,0.509146341
Madhya Pradesh,SIDHI,1997,Kharif,Jowar,16900,10800,0.639053254
Madhya Pradesh,SIDHI,1997,Kharif,Maize,35500,32000,0.901408451
Madhya Pradesh,SIDHI,1997,Kharif,Paddy,105800,43800,0.413988658
Madhya Pradesh,SIDHI,1997,Kharif,Sesamum,22600,3000,0.132743363
Madhya Pradesh,SIDHI,1997,Kharif,Small millets,68300,20300,0.297218155
Madhya Pradesh,SIDHI,1997,Kharif,Soyabean,700,400,0.571428571
Madhya Pradesh,SIDHI,1997,Rabi,Barley,26300,24100,0.91634981
Madhya Pradesh,SIDHI,1997,Rabi,Linseed,15400,3400,0.220779221
Madhya Pradesh,SIDHI,1997,Rabi,Rapeseed &Mustard,9000,2200,0.244444444
Madhya Pradesh,SIDHI,1997,Rabi,Wheat,73600,84400,1.14673913
Madhya Pradesh,SIDHI,1998,Kharif,Arhar/Tur,33600,19400,0.577380952
Madhya Pradesh,SIDHI,1998,Kharif,Jowar,16400,15000,0.914634146
Madhya Pradesh,SIDHI,1998,Kharif,Maize,36800,44400,1.206521739
Madhya Pradesh,SIDHI,1998,Kharif,Rice,114300,46500,0.406824147
Madhya Pradesh,SIDHI,1998,Kharif,Sesamum,20500,3100,0.151219512
Madhya Pradesh,SIDHI,1998,Kharif,Small millets,63300,21000,0.331753555
Madhya Pradesh,SIDHI,1998,Kharif,Soyabean,700,300,0.428571429
Madhya Pradesh,SIDHI,1998,Rabi,Barley,28400,24500,0.862676056
Madhya Pradesh,SIDHI,1998,Rabi,Gram,38500,20500,0.532467532
Madhya Pradesh,SIDHI,1998,Rabi,Linseed,17000,4200,0.247058824
Madhya Pradesh,SIDHI,1998,Rabi,Rapeseed &Mustard,9600,2700,0.28125
Madhya Pradesh,SIDHI,1998,Rabi,Wheat,83300,76400,0.917166867
Madhya Pradesh,SIDHI,1998,Whole Year,Sugarcane,64,1060,16.5625
Madhya Pradesh,SIDHI,1999,Kharif,Arhar/Tur,32336,19022,0.588260762
Madhya Pradesh,SIDHI,1999,Kharif,Bajra,195,102,0.523076923
Madhya Pradesh,SIDHI,1999,Kharif,Castor seed,1,0,0
Madhya Pradesh,SIDHI,1999,Kharif,Cotton(lint),7,3,0.428571429
Madhya Pradesh,SIDHI,1999,Kharif,Dry ginger,15,10,0.666666667
Madhya Pradesh,SIDHI,1999,Kharif,Groundnut,14,12,0.857142857
Madhya Pradesh,SIDHI,1999,Kharif,Jowar,16568,13449,0.811745534
Madhya Pradesh,SIDHI,1999,Kharif,Maize,37420,53083,1.418572956
Madhya Pradesh,SIDHI,1999,Kharif,Niger seed,3483,1675,0.480907264
Madhya Pradesh,SIDHI,1999,Kharif,Other Kharif pulses,10968,4999,0.455780452
Madhya Pradesh,SIDHI,1999,Kharif,Rice,117733,82874,0.70391479
Madhya Pradesh,SIDHI,1999,Kharif,Sesamum,20226,3101,0.153317512
Madhya Pradesh,SIDHI,1999,Kharif,Soyabean,375,183,0.488
Madhya Pradesh,SIDHI,1999,Kharif,Urad,10043,4659,0.463905208
Madhya Pradesh,SIDHI,1999,Rabi,Barley,28211,23176,0.821523519
Madhya Pradesh,SIDHI,1999,Rabi,Gram,37925,18369,0.484350692
Madhya Pradesh,SIDHI,1999,Rabi,Linseed,17560,4737,0.26976082
Madhya Pradesh,SIDHI,1999,Rabi,Other  Rabi pulses,6628,3157,0.476312613
Madhya Pradesh,SIDHI,1999,Rabi,Rapeseed &Mustard,9781,2554,0.261118495
Madhya Pradesh,SIDHI,1999,Rabi,Wheat,86425,72886,0.84334394
Madhya Pradesh,SIDHI,1999,Whole Year,Coriander,348,168,0.482758621
Madhya Pradesh,SIDHI,1999,Whole Year,Dry chillies,297,76,0.255892256
Madhya Pradesh,SIDHI,1999,Whole Year,Garlic,72,181,2.513888889
Madhya Pradesh,SIDHI,1999,Whole Year,Onion,487,2954,6.065708419
Madhya Pradesh,SIDHI,1999,Whole Year,Potato,1537,15260,9.92843201
Madhya Pradesh,SIDHI,1999,Whole Year,Sannhamp,587,1539,2.621805792
Madhya Pradesh,SIDHI,1999,Whole Year,Sugarcane,36,970,26.94444444
Madhya Pradesh,SIDHI,1999,Whole Year,Sweet potato,80,526,6.575
Madhya Pradesh,SIDHI,1999,Whole Year,Turmeric,25,24,0.96
Madhya Pradesh,SIDHI,2000,Kharif,Arhar/Tur,31717,14817,0.46716272
Madhya Pradesh,SIDHI,2000,Kharif,Bajra,2,2,1
Madhya Pradesh,SIDHI,2000,Kharif,Castor seed,2,1,0.5
Madhya Pradesh,SIDHI,2000,Kharif,Cotton(lint),6,3,0.5
Madhya Pradesh,SIDHI,2000,Kharif,Dry ginger,24,13,0.541666667
Madhya Pradesh,SIDHI,2000,Kharif,Groundnut,19,19,1
Madhya Pradesh,SIDHI,2000,Kharif,Jowar,16143,13022,0.806665428
Madhya Pradesh,SIDHI,2000,Kharif,Maize,36440,57317,1.57291438
Madhya Pradesh,SIDHI,2000,Kharif,Niger seed,3231,1280,0.396162179
Madhya Pradesh,SIDHI,2000,Kharif,Other Kharif pulses,10879,4249,0.390568986
Madhya Pradesh,SIDHI,2000,Kharif,Rice,119845,52495,0.438024114
Madhya Pradesh,SIDHI,2000,Kharif,Sesamum,19161,3335,0.174051459
Madhya Pradesh,SIDHI,2000,Kharif,Small millets,73926,19356,0.261829397
Madhya Pradesh,SIDHI,2000,Kharif,Soyabean,573,238,0.415357766
Madhya Pradesh,SIDHI,2000,Rabi,Barley,24522,18221,0.74304706
Madhya Pradesh,SIDHI,2000,Rabi,Gram,37349,15206,0.407132721
Madhya Pradesh,SIDHI,2000,Rabi,Linseed,14929,3360,0.225065309
Madhya Pradesh,SIDHI,2000,Rabi,Other  Rabi pulses,7146,2778,0.38874895
Madhya Pradesh,SIDHI,2000,Rabi,Rapeseed &Mustard,8687,1664,0.191550593
Madhya Pradesh,SIDHI,2000,Rabi,Safflower,1,0.1,0.1
Madhya Pradesh,SIDHI,2000,Rabi,Wheat,84669,60904,0.719318759
Madhya Pradesh,SIDHI,2000,Whole Year,Coriander,329,149,0.452887538
Madhya Pradesh,SIDHI,2000,Whole Year,Dry chillies,301,45,0.149501661
Madhya Pradesh,SIDHI,2000,Whole Year,Garlic,81,185,2.283950617
Madhya Pradesh,SIDHI,2000,Whole Year,Onion,527,3650,6.925996205
Madhya Pradesh,SIDHI,2000,Whole Year,Sannhamp,631,1244,1.971473851
Madhya Pradesh,SIDHI,2000,Whole Year,Sugarcane,59,1260,21.3559322
Madhya Pradesh,SIDHI,2000,Whole Year,Turmeric,25,24,0.96
Madhya Pradesh,SIDHI,2001,Kharif,Arhar/Tur,31033,15155,0.48835111
Madhya Pradesh,SIDHI,2001,Kharif,Castor seed,5,3,0.6
Madhya Pradesh,SIDHI,2001,Kharif,Cotton(lint),2,1,0.5
Madhya Pradesh,SIDHI,2001,Kharif,Dry ginger,31,22,0.709677419
Madhya Pradesh,SIDHI,2001,Kharif,Groundnut,21,17,0.80952381
Madhya Pradesh,SIDHI,2001,Kharif,Jowar,15469,10579,0.683883897
Madhya Pradesh,SIDHI,2001,Kharif,Maize,35873,48951,1.364563878
Madhya Pradesh,SIDHI,2001,Kharif,Niger seed,2976,1255,0.421706989
Madhya Pradesh,SIDHI,2001,Kharif,Other Kharif pulses,10463,3972,0.379623435
Madhya Pradesh,SIDHI,2001,Kharif,Rice,124690,88915,0.713088459
Madhya Pradesh,SIDHI,2001,Kharif,Sesamum,18385,2938,0.159804188
Madhya Pradesh,SIDHI,2001,Kharif,Small millets,69049,19613,0.284044664
Madhya Pradesh,SIDHI,2001,Kharif,Soyabean,235,101,0.429787234
Madhya Pradesh,SIDHI,2001,Kharif,Sunflower,3,2,0.666666667
Madhya Pradesh,SIDHI,2001,Rabi,Barley,24363,17922,0.735623692
Madhya Pradesh,SIDHI,2001,Rabi,Gram,37297,17779,0.476687133
Madhya Pradesh,SIDHI,2001,Rabi,Linseed,15213,3908,0.256885558
Madhya Pradesh,SIDHI,2001,Rabi,Other  Rabi pulses,8160,3266,0.400245098
Madhya Pradesh,SIDHI,2001,Rabi,Rapeseed &Mustard,8924,2221,0.248879426
Madhya Pradesh,SIDHI,2001,Rabi,Wheat,89051,71984,0.808345779
Madhya Pradesh,SIDHI,2001,Whole Year,Banana,14,21,1.5
Madhya Pradesh,SIDHI,2001,Whole Year,Coriander,347,174,0.501440922
Madhya Pradesh,SIDHI,2001,Whole Year,Dry chillies,309,77,0.249190939
Madhya Pradesh,SIDHI,2001,Whole Year,Garlic,81,189,2.333333333
Madhya Pradesh,SIDHI,2001,Whole Year,Onion,524,3420,6.526717557
Madhya Pradesh,SIDHI,2001,Whole Year,Potato,1583,16827,10.6298168
Madhya Pradesh,SIDHI,2001,Whole Year,Sannhamp,647,1428,2.207109737
Madhya Pradesh,SIDHI,2001,Whole Year,Sugarcane,34,720,21.17647059
Madhya Pradesh,SIDHI,2001,Whole Year,Sweet potato,119,754,6.336134454
Madhya Pradesh,SIDHI,2001,Whole Year,Tobacco,7,3,0.428571429
Madhya Pradesh,SIDHI,2001,Whole Year,Turmeric,34,37,1.088235294
Madhya Pradesh,SIDHI,2002,Kharif,Arhar/Tur,31395,12635,0.40245262
Madhya Pradesh,SIDHI,2002,Kharif,Bajra,6,2,0.333333333
Madhya Pradesh,SIDHI,2002,Kharif,Cotton(lint),1,0.1,0.1
Madhya Pradesh,SIDHI,2002,Kharif,Dry ginger,27,14,0.518518519
Madhya Pradesh,SIDHI,2002,Kharif,Groundnut,50,34,0.68
Madhya Pradesh,SIDHI,2002,Kharif,Jowar,16411,10817,0.659131071
Madhya Pradesh,SIDHI,2002,Kharif,Maize,35475,56985,1.606342495
Madhya Pradesh,SIDHI,2002,Kharif,Niger seed,2457,953,0.387871388
Madhya Pradesh,SIDHI,2002,Kharif,Other Kharif pulses,10216,4036,0.395066562
Madhya Pradesh,SIDHI,2002,Kharif,Ragi,4,1,0.25
Madhya Pradesh,SIDHI,2002,Kharif,Rice,116069,72217,0.622190249
Madhya Pradesh,SIDHI,2002,Kharif,Sesamum,18132,2915,0.160765497
Madhya Pradesh,SIDHI,2002,Kharif,Small millets,58643,14793,0.252255171
Madhya Pradesh,SIDHI,2002,Kharif,Soyabean,68,26,0.382352941
Madhya Pradesh,SIDHI,2002,Kharif,Sunflower,2,1,0.5
Madhya Pradesh,SIDHI,2002,Rabi,Barley,21195,16429,0.775135645
Madhya Pradesh,SIDHI,2002,Rabi,Gram,39933,18407,0.460947086
Madhya Pradesh,SIDHI,2002,Rabi,Linseed,14715,3775,0.256540945
Madhya Pradesh,SIDHI,2002,Rabi,Other  Rabi pulses,8481,3083,0.363518453
Madhya Pradesh,SIDHI,2002,Rabi,Rapeseed &Mustard,7963,2003,0.251538365
Madhya Pradesh,SIDHI,2002,Rabi,Wheat,87385,56962,0.651851004
Madhya Pradesh,SIDHI,2002,Whole Year,Banana,9,166,18.44444444
Madhya Pradesh,SIDHI,2002,Whole Year,Bhindi,111,0,0
Madhya Pradesh,SIDHI,2002,Whole Year,Brinjal,272,0,0
Madhya Pradesh,SIDHI,2002,Whole Year,Cabbage,41,0,0
Madhya Pradesh,SIDHI,2002,Whole Year,Cauliflower,418,0,0
Madhya Pradesh,SIDHI,2002,Whole Year,Coriander,368,149,0.404891304
Madhya Pradesh,SIDHI,2002,Whole Year,Dry chillies,266,66,0.248120301
Madhya Pradesh,SIDHI,2002,Whole Year,Garlic,92,215,2.336956522
Madhya Pradesh,SIDHI,2002,Whole Year,Mango,419,0,0
Madhya Pradesh,SIDHI,2002,Whole Year,Onion,566,4435,7.835689046
Madhya Pradesh,SIDHI,2002,Whole Year,Other Fresh Fruits,15,0,0
Madhya Pradesh,SIDHI,2002,Whole Year,Other Vegetables,342,0,0
Madhya Pradesh,SIDHI,2002,Whole Year,Papaya,2,0,0
Madhya Pradesh,SIDHI,2002,Whole Year,Potato,1578,15377,9.744613435
Madhya Pradesh,SIDHI,2002,Whole Year,Sannhamp,600,1233,2.055
Madhya Pradesh,SIDHI,2002,Whole Year,Sugarcane,28,590,21.07142857
Madhya Pradesh,SIDHI,2002,Whole Year,Sweet potato,116,735,6.336206897
Madhya Pradesh,SIDHI,2002,Whole Year,Tobacco,7,4,0.571428571
Madhya Pradesh,SIDHI,2002,Whole Year,Tomato,314,0,0
Madhya Pradesh,SIDHI,2002,Whole Year,Turmeric,1,0.01,0.01
Madhya Pradesh,SIDHI,2003,Kharif,Arhar/Tur,31579,16072,0.508945818
Madhya Pradesh,SIDHI,2003,Kharif,Cotton(lint),3,2,0.666666667
Madhya Pradesh,SIDHI,2003,Kharif,Dry ginger,23,13,0.565217391
Madhya Pradesh,SIDHI,2003,Kharif,Groundnut,45,41,0.911111111
Madhya Pradesh,SIDHI,2003,Kharif,Jowar,14417,15463,1.072553236
Madhya Pradesh,SIDHI,2003,Kharif,Maize,36083,61031,1.691405925
Madhya Pradesh,SIDHI,2003,Kharif,Niger seed,2685,1132,0.42160149
Madhya Pradesh,SIDHI,2003,Kharif,Other Kharif pulses,10454,4672,0.446910274
Madhya Pradesh,SIDHI,2003,Kharif,Rice,122050,130044,1.065497747
Madhya Pradesh,SIDHI,2003,Kharif,Sesamum,18506,3786,0.204582298
Madhya Pradesh,SIDHI,2003,Kharif,Small millets,64899,24140,0.371962588
Madhya Pradesh,SIDHI,2003,Kharif,Soyabean,229,107,0.467248908
Madhya Pradesh,SIDHI,2003,Kharif,Urad,9430,4216,0.447083775
Madhya Pradesh,SIDHI,2003,Rabi,Barley,21382,20392,0.953699373
Madhya Pradesh,SIDHI,2003,Rabi,Gram,40619,22900,0.563775573
Madhya Pradesh,SIDHI,2003,Rabi,Linseed,15284,4903,0.320792986
Madhya Pradesh,SIDHI,2003,Rabi,Other  Rabi pulses,9009,4372,0.485292485
Madhya Pradesh,SIDHI,2003,Rabi,Rapeseed &Mustard,8357,3010,0.360177097
Madhya Pradesh,SIDHI,2003,Rabi,Wheat,90674,76565,0.844398615
Madhya Pradesh,SIDHI,2003,Whole Year,Banana,10,122,12.2
Madhya Pradesh,SIDHI,2003,Whole Year,Bhindi,102,0,0
Madhya Pradesh,SIDHI,2003,Whole Year,Brinjal,306,0,0
Madhya Pradesh,SIDHI,2003,Whole Year,Cabbage,79,0,0
Madhya Pradesh,SIDHI,2003,Whole Year,Cauliflower,381,0,0
Madhya Pradesh,SIDHI,2003,Whole Year,Coriander,359,176,0.490250696
Madhya Pradesh,SIDHI,2003,Whole Year,Dry chillies,272,77,0.283088235
Madhya Pradesh,SIDHI,2003,Whole Year,Garlic,101,235,2.326732673
Madhya Pradesh,SIDHI,2003,Whole Year,Mango,358,0,0
Madhya Pradesh,SIDHI,2003,Whole Year,Onion,575,3656,6.35826087
Madhya Pradesh,SIDHI,2003,Whole Year,Other Fresh Fruits,2,0,0
Madhya Pradesh,SIDHI,2003,Whole Year,Other Vegetables,340,0,0
Madhya Pradesh,SIDHI,2003,Whole Year,Pome Fruit,1,0,0
Madhya Pradesh,SIDHI,2003,Whole Year,Potato,1654,16505,9.978839178
Madhya Pradesh,SIDHI,2003,Whole Year,Sannhamp,577,1406,2.436741768
Madhya Pradesh,SIDHI,2003,Whole Year,Sugarcane,35,860,24.57142857
Madhya Pradesh,SIDHI,2003,Whole Year,Sweet potato,161,889,5.52173913
Madhya Pradesh,SIDHI,2003,Whole Year,Tomato,364,0,0
Madhya Pradesh,SIDHI,2003,Whole Year,Turmeric,29,27,0.931034483
Madhya Pradesh,SIDHI,2004,Kharif,Arhar/Tur,31595,15613,0.494160468
Madhya Pradesh,SIDHI,2004,Kharif,Cotton(lint),1,,
Madhya Pradesh,SIDHI,2004,Kharif,Dry ginger,33,23,0.696969697
Madhya Pradesh,SIDHI,2004,Kharif,Groundnut,50,53,1.06
Madhya Pradesh,SIDHI,2004,Kharif,Jowar,16624,16707,1.004992782
Madhya Pradesh,SIDHI,2004,Kharif,Maize,35800,50549,1.41198324
Madhya Pradesh,SIDHI,2004,Kharif,Niger seed,2380,1003,0.421428571
Madhya Pradesh,SIDHI,2004,Kharif,Rice,121755,84412,0.69329391
Madhya Pradesh,SIDHI,2004,Kharif,Sesamum,19714,4513,0.228923608
Madhya Pradesh,SIDHI,2004,Kharif,Small millets,57297,18029,0.314658708
Madhya Pradesh,SIDHI,2004,Kharif,Soyabean,73,31,0.424657534
Madhya Pradesh,SIDHI,2004,Kharif,Sunflower,1,,
Madhya Pradesh,SIDHI,2004,Kharif,Urad,9810,4219,0.430071356
Madhya Pradesh,SIDHI,2004,Rabi,Barley,22192,18416,0.829848594
Madhya Pradesh,SIDHI,2004,Rabi,Gram,39302,20135,0.512314895
Madhya Pradesh,SIDHI,2004,Rabi,Linseed,14565,4809,0.330175077
Madhya Pradesh,SIDHI,2004,Rabi,Masoor,7047,3150,0.446998723
Madhya Pradesh,SIDHI,2004,Rabi,Rapeseed &Mustard,8094,2912,0.359772671
Madhya Pradesh,SIDHI,2004,Rabi,Wheat,88189,67195,0.761943099
Madhya Pradesh,SIDHI,2004,Whole Year,Coriander,392,193,0.492346939
Madhya Pradesh,SIDHI,2004,Whole Year,Garlic,111,259,2.333333333
Madhya Pradesh,SIDHI,2004,Whole Year,Onion,567,4115,7.257495591
Madhya Pradesh,SIDHI,2004,Whole Year,Potato,1599,23085,14.43714822
Madhya Pradesh,SIDHI,2004,Whole Year,Sugarcane,22,540,24.54545455
Madhya Pradesh,SIDHI,2004,Whole Year,Sweet potato,124,714,5.758064516
Madhya Pradesh,SIDHI,2004,Whole Year,Turmeric,23,21,0.913043478
Madhya Pradesh,SIDHI,2005,Kharif,Arhar/Tur,32657,16339,0.500321524
Madhya Pradesh,SIDHI,2005,Kharif,Bajra,3,1,0.333333333
Madhya Pradesh,SIDHI,2005,Kharif,Cotton(lint),1,,
Madhya Pradesh,SIDHI,2005,Kharif,Groundnut,46,38,0.826086957
Madhya Pradesh,SIDHI,2005,Kharif,Jowar,14759,10021,0.67897554
Madhya Pradesh,SIDHI,2005,Kharif,Maize,35845,40580,1.132096527
Madhya Pradesh,SIDHI,2005,Kharif,Moong(Green Gram),1090,362,0.332110092
Madhya Pradesh,SIDHI,2005,Kharif,Niger seed,2503,1035,0.413503795
Madhya Pradesh,SIDHI,2005,Kharif,Ragi,2,1,0.5
Madhya Pradesh,SIDHI,2005,Kharif,Rice,124631,91888,0.737280452
Madhya Pradesh,SIDHI,2005,Kharif,Sesamum,20170,6927,0.343430838
Madhya Pradesh,SIDHI,2005,Kharif,Small millets,11940,5035,0.421691792
Madhya Pradesh,SIDHI,2005,Kharif,Soyabean,101,60,0.594059406
Madhya Pradesh,SIDHI,2005,Kharif,Urad,9763,3706,0.379596436
Madhya Pradesh,SIDHI,2005,Rabi,Barley,20940,16409,0.783619866
Madhya Pradesh,SIDHI,2005,Rabi,Gram,37410,16483,0.440604117
Madhya Pradesh,SIDHI,2005,Rabi,Linseed,14014,3729,0.266091052
Madhya Pradesh,SIDHI,2005,Rabi,Masoor,6997,2773,0.396312705
Madhya Pradesh,SIDHI,2005,Rabi,Peas & beans (Pulses),1432,730,0.509776536
Madhya Pradesh,SIDHI,2005,Rabi,Rapeseed &Mustard,8017,3496,0.436073344
Madhya Pradesh,SIDHI,2005,Rabi,Wheat,87478,65303,0.746507693
Madhya Pradesh,SIDHI,2005,Whole Year,Onion,564,3273,5.803191489
Madhya Pradesh,SIDHI,2005,Whole Year,Potato,1600,19944,12.465
Madhya Pradesh,SIDHI,2005,Whole Year,Sugarcane,20,480,24
Madhya Pradesh,SIDHI,2005,Whole Year,Sweet potato,172,990,5.755813953
Madhya Pradesh,SIDHI,2006,Kharif,Arhar/Tur,32779,12865,0.392476891
Madhya Pradesh,SIDHI,2006,Kharif,Castor seed,30,15,0.5
Madhya Pradesh,SIDHI,2006,Kharif,Dry ginger,104,91,0.875
Madhya Pradesh,SIDHI,2006,Kharif,Groundnut,39,29,0.743589744
Madhya Pradesh,SIDHI,2006,Kharif,Jowar,14690,12950,0.881552076
Madhya Pradesh,SIDHI,2006,Kharif,Jute,531,1144,2.154425612
Madhya Pradesh,SIDHI,2006,Kharif,Maize,35907,27881,0.776478124
Madhya Pradesh,SIDHI,2006,Kharif,Mesta,29,57,1.965517241
Madhya Pradesh,SIDHI,2006,Kharif,Moong(Green Gram),1199,390,0.325271059
Madhya Pradesh,SIDHI,2006,Kharif,Niger seed,2696,1115,0.413575668
Madhya Pradesh,SIDHI,2006,Kharif,Other Kharif pulses,125,39,0.312
Madhya Pradesh,SIDHI,2006,Kharif,Rice,127035,103520,0.814893533
Madhya Pradesh,SIDHI,2006,Kharif,Small millets,53574,17875,0.333650651
Madhya Pradesh,SIDHI,2006,Kharif,Soyabean,93,38,0.408602151
Madhya Pradesh,SIDHI,2006,Kharif,Urad,10088,4084,0.404837431
Madhya Pradesh,SIDHI,2006,Rabi,Gram,37855,15905,0.420155858
Madhya Pradesh,SIDHI,2006,Rabi,Khesari,929,374,0.402583423
Madhya Pradesh,SIDHI,2006,Rabi,Linseed,13609,3547,0.260636344
Madhya Pradesh,SIDHI,2006,Rabi,Masoor,6989,2771,0.396480183
Madhya Pradesh,SIDHI,2006,Rabi,Other  Rabi pulses,1,,
Madhya Pradesh,SIDHI,2006,Rabi,Peas & beans (Pulses),1506,768,0.509960159
Madhya Pradesh,SIDHI,2006,Rabi,Rapeseed &Mustard,7968,3602,0.452058233
Madhya Pradesh,SIDHI,2006,Rabi,Wheat,88551,67560,0.762950164
Madhya Pradesh,SIDHI,2006,Whole Year,Banana,6,112,18.66666667
Madhya Pradesh,SIDHI,2006,Whole Year,Coriander,352,166,0.471590909
Madhya Pradesh,SIDHI,2006,Whole Year,Dry chillies,318,91,0.286163522
Madhya Pradesh,SIDHI,2006,Whole Year,Garlic,103,240,2.330097087
Madhya Pradesh,SIDHI,2006,Whole Year,Onion,593,3461,5.836424958
Madhya Pradesh,SIDHI,2006,Whole Year,Potato,1629,17715,10.8747698
Madhya Pradesh,SIDHI,2006,Whole Year,Sesamum,20222,6158,0.30451983
Madhya Pradesh,SIDHI,2006,Whole Year,Sugarcane,21,520,24.76190476
Madhya Pradesh,SIDHI,2006,Whole Year,Sweet potato,207,1191,5.753623188
Madhya Pradesh,SIDHI,2006,Whole Year,Tobacco,6,3,0.5
Madhya Pradesh,SIDHI,2006,Whole Year,Turmeric,21,19,0.904761905
Madhya Pradesh,SIDHI,2007,Kharif,Arhar/Tur,32486,12283,0.378101336
Madhya Pradesh,SIDHI,2007,Kharif,Groundnut,51,40,0.784313725
Madhya Pradesh,SIDHI,2007,Kharif,Jowar,16656,14069,0.844680596
Madhya Pradesh,SIDHI,2007,Kharif,Maize,36382,34402,0.945577483
Madhya Pradesh,SIDHI,2007,Kharif,Niger seed,2422,1021,0.421552436
Madhya Pradesh,SIDHI,2007,Kharif,Ragi,2,,
Madhya Pradesh,SIDHI,2007,Kharif,Rice,122631,80307,0.65486704
Madhya Pradesh,SIDHI,2007,Kharif,Sannhamp,522,203,0.388888889
Madhya Pradesh,SIDHI,2007,Kharif,Soyabean,89,38,0.426966292
Madhya Pradesh,SIDHI,2007,Kharif,Urad,10210,4391,0.43006856
Madhya Pradesh,SIDHI,2007,Rabi,Barley,19190,14582,0.759874935
Madhya Pradesh,SIDHI,2007,Rabi,Gram,35784,12136,0.339145987
Madhya Pradesh,SIDHI,2007,Rabi,Khesari,963,275,0.28556594
Madhya Pradesh,SIDHI,2007,Rabi,Linseed,13202,2989,0.22640509
Madhya Pradesh,SIDHI,2007,Rabi,Masoor,6874,2435,0.354233343
Madhya Pradesh,SIDHI,2007,Rabi,Peas & beans (Pulses),1501,683,0.45502998
Madhya Pradesh,SIDHI,2007,Rabi,Rapeseed &Mustard,7686,3049,0.39669529
Madhya Pradesh,SIDHI,2007,Rabi,Wheat,85829,54745,0.637838027
Madhya Pradesh,SIDHI,2007,Whole Year,Banana,3,66,22
Madhya Pradesh,SIDHI,2007,Whole Year,Coriander,385,167,0.433766234
Madhya Pradesh,SIDHI,2007,Whole Year,Garlic,109,254,2.330275229
Madhya Pradesh,SIDHI,2007,Whole Year,Onion,620,3130,5.048387097
Madhya Pradesh,SIDHI,2007,Whole Year,Potato,1633,16338,10.00489896
Madhya Pradesh,SIDHI,2007,Whole Year,Sesamum,20493,8999,0.439125555
Madhya Pradesh,SIDHI,2007,Whole Year,Sugarcane,11,250,22.72727273
Madhya Pradesh,SIDHI,2007,Whole Year,Sweet potato,166,955,5.753012048
Madhya Pradesh,SIDHI,2007,Whole Year,Tobacco,3,2,0.666666667
Madhya Pradesh,SIDHI,2007,Whole Year,Turmeric,24,20,0.833333333
Madhya Pradesh,SIDHI,2008,Kharif,Arhar/Tur,15157,7864,0.518836181
Madhya Pradesh,SIDHI,2008,Kharif,Groundnut,2,1,0.5
Madhya Pradesh,SIDHI,2008,Kharif,Jowar,11038,9832,0.890741076
Madhya Pradesh,SIDHI,2008,Kharif,Maize,9135,10404,1.138916256
Madhya Pradesh,SIDHI,2008,Kharif,Niger seed,116,50,0.431034483
Madhya Pradesh,SIDHI,2008,Kharif,Rice,72724,50901,0.699920246
Madhya Pradesh,SIDHI,2008,Kharif,Sannhamp,31,14,0.451612903
Madhya Pradesh,SIDHI,2008,Kharif,Soyabean,131,67,0.511450382
Madhya Pradesh,SIDHI,2008,Kharif,Urad,3715,1598,0.430148048
Madhya Pradesh,SIDHI,2008,Rabi,Barley,4434,3995,0.900992332
Madhya Pradesh,SIDHI,2008,Rabi,Gram,21732,10044,0.462175594
Madhya Pradesh,SIDHI,2008,Rabi,Khesari,920,386,0.419565217
Madhya Pradesh,SIDHI,2008,Rabi,Linseed,5683,1727,0.303888791
Madhya Pradesh,SIDHI,2008,Rabi,Masoor,4116,1805,0.438532556
Madhya Pradesh,SIDHI,2008,Rabi,Peas & beans (Pulses),590,320,0.542372881
Madhya Pradesh,SIDHI,2008,Rabi,Rapeseed &Mustard,3240,1622,0.500617284
Madhya Pradesh,SIDHI,2008,Rabi,Wheat,53965,47029,0.871472251
Madhya Pradesh,SIDHI,2008,Whole Year,Banana,1,18,18
Madhya Pradesh,SIDHI,2008,Whole Year,Coriander,118,63,0.533898305
Madhya Pradesh,SIDHI,2008,Whole Year,Garlic,28,77,2.75
Madhya Pradesh,SIDHI,2008,Whole Year,Onion,256,1286,5.0234375
Madhya Pradesh,SIDHI,2008,Whole Year,Potato,495,4601,9.294949495
Madhya Pradesh,SIDHI,2008,Whole Year,Sesamum,8811,3420,0.388151175
Madhya Pradesh,SIDHI,2008,Whole Year,Small millets,16491,5361,0.325086411
Madhya Pradesh,SIDHI,2008,Whole Year,Sugarcane,5,120,24
Madhya Pradesh,SIDHI,2008,Whole Year,Sweet potato,15,106,7.066666667
Madhya Pradesh,SIDHI,2008,Whole Year,Tobacco,2,1,0.5
Madhya Pradesh,SIDHI,2008,Whole Year,Turmeric,8,8,1
Madhya Pradesh,SIDHI,2009,Kharif,Cowpea(Lobia),32,10,0.3125
Madhya Pradesh,SIDHI,2009,Kharif,Jowar,10309,12120,1.175671743
Madhya Pradesh,SIDHI,2009,Kharif,Moong(Green Gram),1360,512,0.376470588
Madhya Pradesh,SIDHI,2009,Kharif,Small millets,15393,4988,0.324043396
Madhya Pradesh,SIDHI,2009,Kharif,Urad,3905,1812,0.464020487
Madhya Pradesh,SIDHI,2009,Rabi,Cowpea(Lobia),1,,
Madhya Pradesh,SIDHI,2009,Whole Year,Arhar/Tur,14457,7357,0.508888428
Madhya Pradesh,SIDHI,2009,Whole Year,Bajra,1,,
Madhya Pradesh,SIDHI,2009,Whole Year,Banana,1,22,22
Madhya Pradesh,SIDHI,2009,Whole Year,Barley,4610,3800,0.824295011
Madhya Pradesh,SIDHI,2009,Whole Year,Coriander,104,53,0.509615385
Madhya Pradesh,SIDHI,2009,Whole Year,Dry chillies,131,73,0.557251908
Madhya Pradesh,SIDHI,2009,Whole Year,Dry ginger,28,27,0.964285714
Madhya Pradesh,SIDHI,2009,Whole Year,Garlic,18,45,2.5
Madhya Pradesh,SIDHI,2009,Whole Year,Gram,19990,8914,0.445922961
Madhya Pradesh,SIDHI,2009,Whole Year,Groundnut,2,1,0.5
Madhya Pradesh,SIDHI,2009,Whole Year,Khesari,856,355,0.414719626
Madhya Pradesh,SIDHI,2009,Whole Year,Linseed,6668,2111,0.316586683
Madhya Pradesh,SIDHI,2009,Whole Year,Maize,9168,8500,0.927137871
Madhya Pradesh,SIDHI,2009,Whole Year,Masoor,4493,2009,0.447139996
Madhya Pradesh,SIDHI,2009,Whole Year,Mesta,3,1,0.333333333
Madhya Pradesh,SIDHI,2009,Whole Year,Niger seed,108,47,0.435185185
Madhya Pradesh,SIDHI,2009,Whole Year,Onion,225,1218,5.413333333
Madhya Pradesh,SIDHI,2009,Whole Year,Peas & beans (Pulses),587,356,0.606473595
Madhya Pradesh,SIDHI,2009,Whole Year,Potato,542,5363,9.894833948
Madhya Pradesh,SIDHI,2009,Whole Year,Rapeseed &Mustard,4043,2050,0.507049221
Madhya Pradesh,SIDHI,2009,Whole Year,Rice,70274,43990,0.625978313
Madhya Pradesh,SIDHI,2009,Whole Year,Sannhamp,25,10,0.4
Madhya Pradesh,SIDHI,2009,Whole Year,Sesamum,8542,3369,0.394404121
Madhya Pradesh,SIDHI,2009,Whole Year,Soyabean,106,56,0.528301887
Madhya Pradesh,SIDHI,2009,Whole Year,Sugarcane,6,150,25
Madhya Pradesh,SIDHI,2009,Whole Year,Sweet potato,15,95,6.333333333
Madhya Pradesh,SIDHI,2009,Whole Year,Tobacco,1,1,1
Madhya Pradesh,SIDHI,2009,Whole Year,Turmeric,8,8,1
Madhya Pradesh,SIDHI,2009,Whole Year,Wheat,55104,45403,0.823951074
Madhya Pradesh,SIDHI,2010,Kharif,Arhar/Tur,28386,3505,0.123476362
Madhya Pradesh,SIDHI,2010,Kharif,Cowpea(Lobia),21,4,0.19047619
Madhya Pradesh,SIDHI,2010,Kharif,Groundnut,2,2,1
Madhya Pradesh,SIDHI,2010,Kharif,Jowar,11124,13123,1.179701546
Madhya Pradesh,SIDHI,2010,Kharif,Maize,8930,9543,1.068645017
Madhya Pradesh,SIDHI,2010,Kharif,Moong(Green Gram),1359,511,0.376011773
Madhya Pradesh,SIDHI,2010,Kharif,Niger seed,34,14,0.411764706
Madhya Pradesh,SIDHI,2010,Kharif,Rice,58194,50974,0.875932227
Madhya Pradesh,SIDHI,2010,Kharif,Small millets,13704,5210,0.380180969
Madhya Pradesh,SIDHI,2010,Kharif,Soyabean,155,80,0.516129032
Madhya Pradesh,SIDHI,2010,Kharif,Urad,3818,1643,0.430330016
Madhya Pradesh,SIDHI,2010,Rabi,Barley,4103,3420,0.833536437
Madhya Pradesh,SIDHI,2010,Rabi,Gram,19389,6959,0.358914849
Madhya Pradesh,SIDHI,2010,Rabi,Khesari,926,239,0.258099352
Madhya Pradesh,SIDHI,2010,Rabi,Linseed,5457,1162,0.212937511
Madhya Pradesh,SIDHI,2010,Rabi,Masoor,5273,1407,0.266831026
Madhya Pradesh,SIDHI,2010,Rabi,Peas & beans (Pulses),600,211,0.351666667
Madhya Pradesh,SIDHI,2010,Rabi,Rapeseed &Mustard,3444,1486,0.431475029
Madhya Pradesh,SIDHI,2010,Rabi,Wheat,53834,38122,0.708139837
Madhya Pradesh,SIDHI,2010,Whole Year,Coriander,123,62,0.504065041
Madhya Pradesh,SIDHI,2010,Whole Year,Dry chillies,132,97,0.734848485
Madhya Pradesh,SIDHI,2010,Whole Year,Dry ginger,26,23,0.884615385
Madhya Pradesh,SIDHI,2010,Whole Year,Garlic,21,34,1.619047619
Madhya Pradesh,SIDHI,2010,Whole Year,Mesta,1,2,2
Madhya Pradesh,SIDHI,2010,Whole Year,Onion,237,1083,4.569620253
Madhya Pradesh,SIDHI,2010,Whole Year,Potato,553,4221,7.632911392
Madhya Pradesh,SIDHI,2010,Whole Year,Sannhamp,17,39,2.294117647
Madhya Pradesh,SIDHI,2010,Whole Year,Sesamum,8664,3516,0.405817175
Madhya Pradesh,SIDHI,2010,Whole Year,Sugarcane,9,230,25.55555556
Madhya Pradesh,SIDHI,2010,Whole Year,Sweet potato,20,75,3.75
Madhya Pradesh,SIDHI,2010,Whole Year,Tobacco,1,1,1
Madhya Pradesh,SIDHI,2010,Whole Year,Turmeric,10,6,0.6
Madhya Pradesh,SIDHI,2011,Kharif,Arhar/Tur,17583,6363,0.361883638
Madhya Pradesh,SIDHI,2011,Kharif,Barley,3959,5366,1.355392776
Madhya Pradesh,SIDHI,2011,Kharif,Groundnut,3,4,1.333333333
Madhya Pradesh,SIDHI,2011,Kharif,Jowar,11386,14462,1.270156332
Madhya Pradesh,SIDHI,2011,Kharif,Maize,8789,6581,0.74877688
Madhya Pradesh,SIDHI,2011,Kharif,Mesta,3,3,1
Madhya Pradesh,SIDHI,2011,Kharif,Moong(Green Gram),1383,321,0.232104121
Madhya Pradesh,SIDHI,2011,Kharif,Niger seed,52,14,0.269230769
Madhya Pradesh,SIDHI,2011,Kharif,Other Kharif pulses,17,4,0.235294118
Madhya Pradesh,SIDHI,2011,Kharif,Rice,67951,71222,1.048137629
Madhya Pradesh,SIDHI,2011,Kharif,Sannhamp,15,22,1.466666667
Madhya Pradesh,SIDHI,2011,Kharif,Small millets,14128,4548,0.32191393
Madhya Pradesh,SIDHI,2011,Kharif,Soyabean,101,45,0.445544554
Madhya Pradesh,SIDHI,2011,Kharif,Urad,3930,1059,0.269465649
Madhya Pradesh,SIDHI,2011,Rabi,Gram,19635,11562,0.588846448
Madhya Pradesh,SIDHI,2011,Rabi,Khesari,893,433,0.484882419
Madhya Pradesh,SIDHI,2011,Rabi,Linseed,5508,2549,0.462781409
Madhya Pradesh,SIDHI,2011,Rabi,Masoor,4901,1888,0.385227505
Madhya Pradesh,SIDHI,2011,Rabi,Peas & beans (Pulses),650,241,0.370769231
Madhya Pradesh,SIDHI,2011,Rabi,Rapeseed &Mustard,3784,2672,0.706131078
Madhya Pradesh,SIDHI,2011,Rabi,Wheat,57049,88546,1.552104331
Madhya Pradesh,SIDHI,2011,Whole Year,Banana,2,14,7
Madhya Pradesh,SIDHI,2011,Whole Year,Coriander,106,70,0.660377358
Madhya Pradesh,SIDHI,2011,Whole Year,Dry chillies,116,52,0.448275862
Madhya Pradesh,SIDHI,2011,Whole Year,Dry ginger,43,25,0.581395349
Madhya Pradesh,SIDHI,2011,Whole Year,Garlic,17,28,1.647058824
Madhya Pradesh,SIDHI,2011,Whole Year,Onion,245,1265,5.163265306
Madhya Pradesh,SIDHI,2011,Whole Year,Potato,545,6124,11.23669725
Madhya Pradesh,SIDHI,2011,Whole Year,Sesamum,8900,5916,0.664719101
Madhya Pradesh,SIDHI,2011,Whole Year,Sweet potato,36,139,3.861111111
Madhya Pradesh,SIDHI,2011,Whole Year,Turmeric,11,7,0.636363636
Madhya Pradesh,SIDHI,2012,Kharif,Arhar/Tur,19142,4702,0.245637864
Madhya Pradesh,SIDHI,2012,Kharif,Bajra,341,185,0.542521994
Madhya Pradesh,SIDHI,2012,Kharif,Barley,4010,4119,1.027182045
Madhya Pradesh,SIDHI,2012,Kharif,Groundnut,3,3,1
Madhya Pradesh,SIDHI,2012,Kharif,Jowar,11267,16742,1.485932369
Madhya Pradesh,SIDHI,2012,Kharif,Maize,8686,11706,1.347685931
Madhya Pradesh,SIDHI,2012,Kharif,Mesta,4,2,0.5
Madhya Pradesh,SIDHI,2012,Kharif,Moong(Green Gram),1490,429,0.287919463
Madhya Pradesh,SIDHI,2012,Kharif,Niger seed,36,11,0.305555556
Madhya Pradesh,SIDHI,2012,Kharif,Other Kharif pulses,21,4,0.19047619
Madhya Pradesh,SIDHI,2012,Kharif,Rice,68300,95523,1.398579795
Madhya Pradesh,SIDHI,2012,Kharif,Sannhamp,17,50,2.941176471
Madhya Pradesh,SIDHI,2012,Kharif,Small millets,12044,5022,0.416971106
Madhya Pradesh,SIDHI,2012,Kharif,Soyabean,67,37,0.552238806
Madhya Pradesh,SIDHI,2012,Kharif,Urad,4224,1455,0.344460227
Madhya Pradesh,SIDHI,2012,Rabi,Gram,18808,14022,0.745533815
Madhya Pradesh,SIDHI,2012,Rabi,Khesari,929,539,0.580193757
Madhya Pradesh,SIDHI,2012,Rabi,Linseed,5030,1961,0.389860835
Madhya Pradesh,SIDHI,2012,Rabi,Masoor,5097,2191,0.429860702
Madhya Pradesh,SIDHI,2012,Rabi,Other  Rabi pulses,2,1,0.5
Madhya Pradesh,SIDHI,2012,Rabi,Peas & beans (Pulses),653,281,0.430321593
Madhya Pradesh,SIDHI,2012,Rabi,Rapeseed &Mustard,3621,1823,0.503452085
Madhya Pradesh,SIDHI,2012,Rabi,Wheat,57322,132652,2.314155124
Madhya Pradesh,SIDHI,2012,Whole Year,Banana,3,,
Madhya Pradesh,SIDHI,2012,Whole Year,Coriander,127,94,0.74015748
Madhya Pradesh,SIDHI,2012,Whole Year,Dry chillies,136,78,0.573529412
Madhya Pradesh,SIDHI,2012,Whole Year,Dry ginger,36,40,1.111111111
Madhya Pradesh,SIDHI,2012,Whole Year,Garlic,20,56,2.8
Madhya Pradesh,SIDHI,2012,Whole Year,Onion,262,1539,5.874045802
Madhya Pradesh,SIDHI,2012,Whole Year,Potato,600,5793,9.655
Madhya Pradesh,SIDHI,2012,Whole Year,Sesamum,8743,3681,0.421022532
Madhya Pradesh,SIDHI,2012,Whole Year,Sugarcane,6,190,31.66666667
Madhya Pradesh,SIDHI,2012,Whole Year,Sweet potato,19,124,6.526315789
Madhya Pradesh,SIDHI,2012,Whole Year,Tobacco,1,1,1
Madhya Pradesh,SIDHI,2012,Whole Year,Turmeric,19,24,1.263157895
Madhya Pradesh,SIDHI,2013,Kharif,Arhar/Tur,18643,5890,0.315936276
Madhya Pradesh,SIDHI,2013,Kharif,Bajra,5,2,0.4
Madhya Pradesh,SIDHI,2013,Kharif,Barley,3812,4486,1.176810073
Madhya Pradesh,SIDHI,2013,Kharif,Groundnut,2,3,1.5
Madhya Pradesh,SIDHI,2013,Kharif,Jowar,10905,13646,1.251352591
Madhya Pradesh,SIDHI,2013,Kharif,Maize,8517,9890,1.161206998
Madhya Pradesh,SIDHI,2013,Kharif,Mesta,1,3,3
Madhya Pradesh,SIDHI,2013,Kharif,Moong(Green Gram),1612,612,0.379652605
Madhya Pradesh,SIDHI,2013,Kharif,Niger seed,44,17,0.386363636
Madhya Pradesh,SIDHI,2013,Kharif,Other Kharif pulses,23,6,0.260869565
Madhya Pradesh,SIDHI,2013,Kharif,Rice,68714,101863,1.482419885
Madhya Pradesh,SIDHI,2013,Kharif,Sannhamp,20,78,3.9
Madhya Pradesh,SIDHI,2013,Kharif,Small millets,11250,6785,0.603111111
Madhya Pradesh,SIDHI,2013,Kharif,Soyabean,266,131,0.492481203
Madhya Pradesh,SIDHI,2013,Kharif,Urad,4260,1868,0.438497653
Madhya Pradesh,SIDHI,2013,Rabi,Gram,19299,12349,0.639877714
Madhya Pradesh,SIDHI,2013,Rabi,Khesari,851,350,0.411280846
Madhya Pradesh,SIDHI,2013,Rabi,Linseed,4651,1466,0.315201032
Madhya Pradesh,SIDHI,2013,Rabi,Masoor,5188,3807,0.73380879
Madhya Pradesh,SIDHI,2013,Rabi,Peas & beans (Pulses),677,314,0.463810931
Madhya Pradesh,SIDHI,2013,Rabi,Rapeseed &Mustard,3533,1656,0.468723464
Madhya Pradesh,SIDHI,2013,Rabi,Wheat,60395,145619,2.411110191
Madhya Pradesh,SIDHI,2013,Whole Year,Banana,2,160,80
Madhya Pradesh,SIDHI,2013,Whole Year,Coriander,143,130,0.909090909
Madhya Pradesh,SIDHI,2013,Whole Year,Dry chillies,147,68,0.462585034
Madhya Pradesh,SIDHI,2013,Whole Year,Dry ginger,55,75,1.363636364
Madhya Pradesh,SIDHI,2013,Whole Year,Garlic,28,94,3.357142857
Madhya Pradesh,SIDHI,2013,Whole Year,Onion,283,1829,6.462897527
Madhya Pradesh,SIDHI,2013,Whole Year,Potato,606,9780,16.13861386
Madhya Pradesh,SIDHI,2013,Whole Year,Sesamum,9309,5360,0.575786873
Madhya Pradesh,SIDHI,2013,Whole Year,Sugarcane,11,530,48.18181818
Madhya Pradesh,SIDHI,2013,Whole Year,Sweet potato,13,93,7.153846154
Madhya Pradesh,SIDHI,2013,Whole Year,Turmeric,12,23,1.916666667
Madhya Pradesh,SINGRAULI,2008,Kharif,Arhar/Tur,16925,8779,0.518700148
Madhya Pradesh,SINGRAULI,2008,Kharif,Groundnut,49,40,0.816326531
Madhya Pradesh,SINGRAULI,2008,Kharif,Jowar,6193,5718,0.923300501
Madhya Pradesh,SINGRAULI,2008,Kharif,Maize,26295,29943,1.1387336
Madhya Pradesh,SINGRAULI,2008,Kharif,Niger seed,2350,1010,0.429787234
Madhya Pradesh,SINGRAULI,2008,Kharif,Ragi,2,1,0.5
Madhya Pradesh,SINGRAULI,2008,Kharif,Rice,49749,22018,0.44258176
Madhya Pradesh,SINGRAULI,2008,Kharif,Sannhamp,507,235,0.463510848
Madhya Pradesh,SINGRAULI,2008,Kharif,Urad,6524,2805,0.42995095
Madhya Pradesh,SINGRAULI,2008,Rabi,Barley,13604,12267,0.901720082
Madhya Pradesh,SINGRAULI,2008,Rabi,Gram,15518,7175,0.462366284
Madhya Pradesh,SINGRAULI,2008,Rabi,Khesari,54,23,0.425925926
Madhya Pradesh,SINGRAULI,2008,Rabi,Linseed,7400,2250,0.304054054
Madhya Pradesh,SINGRAULI,2008,Rabi,Masoor,2819,1238,0.439162824
Madhya Pradesh,SINGRAULI,2008,Rabi,Peas & beans (Pulses),883,479,0.542468856
Madhya Pradesh,SINGRAULI,2008,Rabi,Rapeseed &Mustard,4748,2381,0.501474305
Madhya Pradesh,SINGRAULI,2008,Rabi,Wheat,32236,28862,0.895334409
Madhya Pradesh,SINGRAULI,2008,Whole Year,Banana,4,71,17.75
Madhya Pradesh,SINGRAULI,2008,Whole Year,Coriander,253,134,0.529644269
Madhya Pradesh,SINGRAULI,2008,Whole Year,Garlic,76,209,2.75
Madhya Pradesh,SINGRAULI,2008,Whole Year,Onion,383,1924,5.023498695
Madhya Pradesh,SINGRAULI,2008,Whole Year,Potato,1096,10186,9.29379562
Madhya Pradesh,SINGRAULI,2008,Whole Year,Sesamum,11511,4470,0.388324212
Madhya Pradesh,SINGRAULI,2008,Whole Year,Small millets,32890,11950,0.36333232
Madhya Pradesh,SINGRAULI,2008,Whole Year,Sugarcane,4,100,25
Madhya Pradesh,SINGRAULI,2008,Whole Year,Sweet potato,185,1304,7.048648649
Madhya Pradesh,SINGRAULI,2008,Whole Year,Turmeric,16,15,0.9375
Madhya Pradesh,SINGRAULI,2009,Kharif,Cowpea(Lobia),79,29,0.367088608
Madhya Pradesh,SINGRAULI,2009,Kharif,Jowar,6533,7313,1.119393847
Madhya Pradesh,SINGRAULI,2009,Kharif,Moong(Green Gram),205,97,0.473170732
Madhya Pradesh,SINGRAULI,2009,Kharif,Small millets,32163,11359,0.353169791
Madhya Pradesh,SINGRAULI,2009,Kharif,Urad,6212,3405,0.548132646
Madhya Pradesh,SINGRAULI,2009,Whole Year,Arhar/Tur,17411,10283,0.590603641
Madhya Pradesh,SINGRAULI,2009,Whole Year,Banana,2,61,30.5
Madhya Pradesh,SINGRAULI,2009,Whole Year,Barley,13499,12840,0.951181569
Madhya Pradesh,SINGRAULI,2009,Whole Year,Coriander,277,141,0.509025271
Madhya Pradesh,SINGRAULI,2009,Whole Year,Dry chillies,208,155,0.745192308
Madhya Pradesh,SINGRAULI,2009,Whole Year,Dry ginger,52,61,1.173076923
Madhya Pradesh,SINGRAULI,2009,Whole Year,Garlic,77,247,3.207792208
Madhya Pradesh,SINGRAULI,2009,Whole Year,Gram,15721,9259,0.588957445
Madhya Pradesh,SINGRAULI,2009,Whole Year,Groundnut,51,58,1.137254902
Madhya Pradesh,SINGRAULI,2009,Whole Year,Khesari,114,62,0.543859649
Madhya Pradesh,SINGRAULI,2009,Whole Year,Linseed,7110,3092,0.43488045
Madhya Pradesh,SINGRAULI,2009,Whole Year,Maize,26542,26847,1.011491221
Madhya Pradesh,SINGRAULI,2009,Whole Year,Masoor,3121,1842,0.59019545
Madhya Pradesh,SINGRAULI,2009,Whole Year,Mesta,1,,
Madhya Pradesh,SINGRAULI,2009,Whole Year,Niger seed,2071,1136,0.548527282
Madhya Pradesh,SINGRAULI,2009,Whole Year,Onion,425,3100,7.294117647
Madhya Pradesh,SINGRAULI,2009,Whole Year,Peas & beans (Pulses),889,675,0.75928009
Madhya Pradesh,SINGRAULI,2009,Whole Year,Potato,1103,13644,12.36990027
Madhya Pradesh,SINGRAULI,2009,Whole Year,Rapeseed &Mustard,4839,3307,0.683405662
Madhya Pradesh,SINGRAULI,2009,Whole Year,Rice,46126,29373,0.636799202
Madhya Pradesh,SINGRAULI,2009,Whole Year,Sannhamp,478,242,0.506276151
Madhya Pradesh,SINGRAULI,2009,Whole Year,Sesamum,12214,5668,0.464057639
Madhya Pradesh,SINGRAULI,2009,Whole Year,Soyabean,1,,
Madhya Pradesh,SINGRAULI,2009,Whole Year,Sugarcane,13,440,33.84615385
Madhya Pradesh,SINGRAULI,2009,Whole Year,Sweet potato,224,1578,7.044642857
Madhya Pradesh,SINGRAULI,2009,Whole Year,Tobacco,1,1,1
Madhya Pradesh,SINGRAULI,2009,Whole Year,Turmeric,13,14,1.076923077
Madhya Pradesh,SINGRAULI,2009,Whole Year,Wheat,32340,34956,1.080890538
Madhya Pradesh,SINGRAULI,2010,Kharif,Arhar/Tur,19718,5435,0.275636474
Madhya Pradesh,SINGRAULI,2010,Kharif,Bajra,8,9,1.125
Madhya Pradesh,SINGRAULI,2010,Kharif,Cowpea(Lobia),68,15,0.220588235
Madhya Pradesh,SINGRAULI,2010,Kharif,Groundnut,31,44,1.419354839
Madhya Pradesh,SINGRAULI,2010,Kharif,Jowar,6609,7797,1.17975488
Madhya Pradesh,SINGRAULI,2010,Kharif,Maize,26259,30611,1.165733653
Madhya Pradesh,SINGRAULI,2010,Kharif,Moong(Green Gram),192,97,0.505208333
Madhya Pradesh,SINGRAULI,2010,Kharif,Niger seed,1999,843,0.421710855
Madhya Pradesh,SINGRAULI,2010,Kharif,Rice,44338,40293,0.908769002
Madhya Pradesh,SINGRAULI,2010,Kharif,Small millets,30291,12047,0.39770889
Madhya Pradesh,SINGRAULI,2010,Kharif,Soyabean,2,,
Madhya Pradesh,SINGRAULI,2010,Kharif,Urad,6161,3638,0.590488557
Madhya Pradesh,SINGRAULI,2010,Rabi,Barley,12779,13016,1.018546052
Madhya Pradesh,SINGRAULI,2010,Rabi,Gram,14396,7526,0.522784107
Madhya Pradesh,SINGRAULI,2010,Rabi,Khesari,101,41,0.405940594
Madhya Pradesh,SINGRAULI,2010,Rabi,Linseed,6697,2488,0.371509631
Madhya Pradesh,SINGRAULI,2010,Rabi,Masoor,4455,1535,0.344556678
Madhya Pradesh,SINGRAULI,2010,Rabi,Peas & beans (Pulses),833,456,0.547418968
Madhya Pradesh,SINGRAULI,2010,Rabi,Rapeseed &Mustard,4572,2657,0.581146107
Madhya Pradesh,SINGRAULI,2010,Rabi,Wheat,30855,35112,1.137967914
Madhya Pradesh,SINGRAULI,2010,Whole Year,Banana,3,53,17.66666667
Madhya Pradesh,SINGRAULI,2010,Whole Year,Coriander,205,105,0.512195122
Madhya Pradesh,SINGRAULI,2010,Whole Year,Dry chillies,208,186,0.894230769
Madhya Pradesh,SINGRAULI,2010,Whole Year,Dry ginger,59,53,0.898305085
Madhya Pradesh,SINGRAULI,2010,Whole Year,Garlic,76,150,1.973684211
Madhya Pradesh,SINGRAULI,2010,Whole Year,Onion,410,24527,59.82195122
Madhya Pradesh,SINGRAULI,2010,Whole Year,Potato,1138,10590,9.305799649
Madhya Pradesh,SINGRAULI,2010,Whole Year,Sannhamp,494,1506,3.048582996
Madhya Pradesh,SINGRAULI,2010,Whole Year,Sesamum,13039,7262,0.556944551
Madhya Pradesh,SINGRAULI,2010,Whole Year,Sugarcane,9,300,33.33333333
Madhya Pradesh,SINGRAULI,2010,Whole Year,Sweet potato,206,1137,5.519417476
Madhya Pradesh,SINGRAULI,2010,Whole Year,Turmeric,19,16,0.842105263
Madhya Pradesh,SINGRAULI,2011,Kharif,Arhar/Tur,17890,9045,0.505589715
Madhya Pradesh,SINGRAULI,2011,Kharif,Barley,13195,15414,1.168169761
Madhya Pradesh,SINGRAULI,2011,Kharif,Groundnut,45,61,1.355555556
Madhya Pradesh,SINGRAULI,2011,Kharif,Jowar,6675,7464,1.118202247
Madhya Pradesh,SINGRAULI,2011,Kharif,Maize,25924,23105,0.891259065
Madhya Pradesh,SINGRAULI,2011,Kharif,Moong(Green Gram),192,69,0.359375
Madhya Pradesh,SINGRAULI,2011,Kharif,Niger seed,1913,621,0.324621014
Madhya Pradesh,SINGRAULI,2011,Kharif,Other Kharif pulses,66,15,0.227272727
Madhya Pradesh,SINGRAULI,2011,Kharif,Rice,46780,29344,0.627276614
Madhya Pradesh,SINGRAULI,2011,Kharif,Sannhamp,499,983,1.96993988
Madhya Pradesh,SINGRAULI,2011,Kharif,Small millets,29357,9578,0.326259495
Madhya Pradesh,SINGRAULI,2011,Kharif,Urad,6086,2156,0.354255669
Madhya Pradesh,SINGRAULI,2011,Rabi,Gram,13326,8093,0.60730902
Madhya Pradesh,SINGRAULI,2011,Rabi,Khesari,105,61,0.580952381
Madhya Pradesh,SINGRAULI,2011,Rabi,Linseed,6740,2640,0.391691395
Madhya Pradesh,SINGRAULI,2011,Rabi,Masoor,4313,1757,0.407373058
Madhya Pradesh,SINGRAULI,2011,Rabi,Moong(Green Gram),2,,
Madhya Pradesh,SINGRAULI,2011,Rabi,Peas & beans (Pulses),880,448,0.509090909
Madhya Pradesh,SINGRAULI,2011,Rabi,Rapeseed &Mustard,4763,3289,0.690531178
Madhya Pradesh,SINGRAULI,2011,Rabi,Wheat,32636,50328,1.542100748
Madhya Pradesh,SINGRAULI,2011,Whole Year,Banana,4,47,11.75
Madhya Pradesh,SINGRAULI,2011,Whole Year,Coriander,278,182,0.654676259
Madhya Pradesh,SINGRAULI,2011,Whole Year,Dry chillies,204,150,0.735294118
Madhya Pradesh,SINGRAULI,2011,Whole Year,Dry ginger,64,42,0.65625
Madhya Pradesh,SINGRAULI,2011,Whole Year,Garlic,85,171,2.011764706
Madhya Pradesh,SINGRAULI,2011,Whole Year,Onion,445,26074,58.59325843
Madhya Pradesh,SINGRAULI,2011,Whole Year,Potato,1143,11479,10.04286964
Madhya Pradesh,SINGRAULI,2011,Whole Year,Sesamum,13351,7725,0.578608344
Madhya Pradesh,SINGRAULI,2011,Whole Year,Sugarcane,5,120,24
Madhya Pradesh,SINGRAULI,2011,Whole Year,Sweet potato,187,826,4.417112299
Madhya Pradesh,SINGRAULI,2011,Whole Year,Turmeric,27,20,0.740740741
Madhya Pradesh,SINGRAULI,2012,Kharif,Arhar/Tur,17635,26395,1.496739439
Madhya Pradesh,SINGRAULI,2012,Kharif,Barley,12438,16191,1.301736614
Madhya Pradesh,SINGRAULI,2012,Kharif,Groundnut,50,102,2.04
Madhya Pradesh,SINGRAULI,2012,Kharif,Jowar,6529,12531,1.919283198
Madhya Pradesh,SINGRAULI,2012,Kharif,Maize,25782,58699,2.276743464
Madhya Pradesh,SINGRAULI,2012,Kharif,Moong(Green Gram),170,55,0.323529412
Madhya Pradesh,SINGRAULI,2012,Kharif,Niger seed,1791,1058,0.590731435
Madhya Pradesh,SINGRAULI,2012,Kharif,Other Kharif pulses,62,15,0.241935484
Madhya Pradesh,SINGRAULI,2012,Kharif,Rice,47452,142721,3.007691983
Madhya Pradesh,SINGRAULI,2012,Kharif,Sannhamp,520,1183,2.275
Madhya Pradesh,SINGRAULI,2012,Kharif,Small millets,28110,6772,0.240910708
Madhya Pradesh,SINGRAULI,2012,Kharif,Urad,6348,2432,0.383112791
Madhya Pradesh,SINGRAULI,2012,Rabi,Gram,14053,47722,3.395858536
Madhya Pradesh,SINGRAULI,2012,Rabi,Khesari,104,94,0.903846154
Madhya Pradesh,SINGRAULI,2012,Rabi,Linseed,6365,11119,1.746897093
Madhya Pradesh,SINGRAULI,2012,Rabi,Masoor,3813,5547,1.454760031
Madhya Pradesh,SINGRAULI,2012,Rabi,Peas & beans (Pulses),827,774,0.935912938
Madhya Pradesh,SINGRAULI,2012,Rabi,Rapeseed &Mustard,4697,5741,1.222269534
Madhya Pradesh,SINGRAULI,2012,Rabi,Wheat,33337,65591,1.967513574
Madhya Pradesh,SINGRAULI,2012,Whole Year,Banana,4,29,7.25
Madhya Pradesh,SINGRAULI,2012,Whole Year,Coriander,267,168,0.629213483
Madhya Pradesh,SINGRAULI,2012,Whole Year,Dry chillies,222,889,4.004504505
Madhya Pradesh,SINGRAULI,2012,Whole Year,Dry ginger,78,100,1.282051282
Madhya Pradesh,SINGRAULI,2012,Whole Year,Garlic,91,229,2.516483516
Madhya Pradesh,SINGRAULI,2012,Whole Year,Onion,460,34060,74.04347826
Madhya Pradesh,SINGRAULI,2012,Whole Year,Potato,1159,17779,15.33994823
Madhya Pradesh,SINGRAULI,2012,Whole Year,Sesamum,13133,3129,0.238254778
Madhya Pradesh,SINGRAULI,2012,Whole Year,Sugarcane,12,440,36.66666667
Madhya Pradesh,SINGRAULI,2012,Whole Year,Sweet potato,216,1192,5.518518519
Madhya Pradesh,SINGRAULI,2012,Whole Year,Turmeric,24,30,1.25
Madhya Pradesh,SINGRAULI,2013,Kharif,Arhar/Tur,17449,24635,1.411828758
Madhya Pradesh,SINGRAULI,2013,Kharif,Barley,12444,32860,2.640630023
Madhya Pradesh,SINGRAULI,2013,Kharif,Groundnut,58,92,1.586206897
Madhya Pradesh,SINGRAULI,2013,Kharif,Jowar,6766,8392,1.240319243
Madhya Pradesh,SINGRAULI,2013,Kharif,Maize,25679,48421,1.885626387
Madhya Pradesh,SINGRAULI,2013,Kharif,Moong(Green Gram),421,210,0.498812352
Madhya Pradesh,SINGRAULI,2013,Kharif,Niger seed,1762,1185,0.672531215
Madhya Pradesh,SINGRAULI,2013,Kharif,Other Kharif pulses,55,16,0.290909091
Madhya Pradesh,SINGRAULI,2013,Kharif,Rice,47540,70835,1.490008414
Madhya Pradesh,SINGRAULI,2013,Kharif,Sannhamp,586,1628,2.778156997
Madhya Pradesh,SINGRAULI,2013,Kharif,Small millets,27117,25887,0.954641
Madhya Pradesh,SINGRAULI,2013,Kharif,Urad,6260,2902,0.463578275
Madhya Pradesh,SINGRAULI,2013,Rabi,Gram,14244,12477,0.875947767
Madhya Pradesh,SINGRAULI,2013,Rabi,Khesari,92,52,0.565217391
Madhya Pradesh,SINGRAULI,2013,Rabi,Linseed,6031,7097,1.176753441
Madhya Pradesh,SINGRAULI,2013,Rabi,Masoor,3578,2726,0.761878144
Madhya Pradesh,SINGRAULI,2013,Rabi,Peas & beans (Pulses),919,1350,1.46898803
Madhya Pradesh,SINGRAULI,2013,Rabi,Rapeseed &Mustard,5076,5168,1.018124507
Madhya Pradesh,SINGRAULI,2013,Rabi,Wheat,33372,66612,1.996044588
Madhya Pradesh,SINGRAULI,2013,Whole Year,Banana,2,58,29
Madhya Pradesh,SINGRAULI,2013,Whole Year,Coriander,263,166,0.631178707
Madhya Pradesh,SINGRAULI,2013,Whole Year,Dry chillies,238,531,2.231092437
Madhya Pradesh,SINGRAULI,2013,Whole Year,Dry ginger,85,76,0.894117647
Madhya Pradesh,SINGRAULI,2013,Whole Year,Garlic,97,244,2.515463918
Madhya Pradesh,SINGRAULI,2013,Whole Year,Onion,481,27352,56.86486486
Madhya Pradesh,SINGRAULI,2013,Whole Year,Potato,1189,12139,10.20941968
Madhya Pradesh,SINGRAULI,2013,Whole Year,Sesamum,13306,8091,0.608071547
Madhya Pradesh,SINGRAULI,2013,Whole Year,Sugarcane,10,370,37
Madhya Pradesh,SINGRAULI,2013,Whole Year,Sweet potato,172,877,5.098837209
Madhya Pradesh,SINGRAULI,2013,Whole Year,Turmeric,26,51,1.961538462
Madhya Pradesh,TIKAMGARH,1997,Kharif,Arhar/Tur,1000,500,0.5
Madhya Pradesh,TIKAMGARH,1997,Kharif,Groundnut,11400,19100,1.675438596
Madhya Pradesh,TIKAMGARH,1997,Kharif,Jowar,9000,8500,0.944444444
Madhya Pradesh,TIKAMGARH,1997,Kharif,Maize,2000,1700,0.85
Madhya Pradesh,TIKAMGARH,1997,Kharif,Paddy,21800,18200,0.834862385
Madhya Pradesh,TIKAMGARH,1997,Kharif,Sesamum,17800,6600,0.370786517
Madhya Pradesh,TIKAMGARH,1997,Kharif,Small millets,1900,500,0.263157895
Madhya Pradesh,TIKAMGARH,1997,Kharif,Soyabean,72000,95300,1.323611111
Madhya Pradesh,TIKAMGARH,1997,Rabi,Barley,7400,13200,1.783783784
Madhya Pradesh,TIKAMGARH,1997,Rabi,Linseed,2600,900,0.346153846
Madhya Pradesh,TIKAMGARH,1997,Rabi,Rapeseed &Mustard,10600,4000,0.377358491
Madhya Pradesh,TIKAMGARH,1997,Rabi,Wheat,122700,249900,2.036674817
Madhya Pradesh,TIKAMGARH,1998,Kharif,Arhar/Tur,800,400,0.5
Madhya Pradesh,TIKAMGARH,1998,Kharif,Groundnut,13700,24400,1.781021898
Madhya Pradesh,TIKAMGARH,1998,Kharif,Jowar,4900,6200,1.265306122
Madhya Pradesh,TIKAMGARH,1998,Kharif,Maize,2000,1800,0.9
Madhya Pradesh,TIKAMGARH,1998,Kharif,Rice,19000,10100,0.531578947
Madhya Pradesh,TIKAMGARH,1998,Kharif,Sesamum,17700,6200,0.350282486
Madhya Pradesh,TIKAMGARH,1998,Kharif,Small millets,1800,500,0.277777778
Madhya Pradesh,TIKAMGARH,1998,Kharif,Soyabean,70300,82600,1.174964438
Madhya Pradesh,TIKAMGARH,1998,Rabi,Barley,8100,14500,1.790123457
Madhya Pradesh,TIKAMGARH,1998,Rabi,Gram,26400,38000,1.439393939
Madhya Pradesh,TIKAMGARH,1998,Rabi,Linseed,1700,600,0.352941176
Madhya Pradesh,TIKAMGARH,1998,Rabi,Rapeseed &Mustard,11100,5800,0.522522523
Madhya Pradesh,TIKAMGARH,1998,Rabi,Wheat,124000,250400,2.019354839
Madhya Pradesh,TIKAMGARH,1998,Whole Year,Sugarcane,667,18260,27.37631184
Madhya Pradesh,TIKAMGARH,1999,Kharif,Arhar/Tur,672,490,0.729166667
Madhya Pradesh,TIKAMGARH,1999,Kharif,Bajra,1,1,1
Madhya Pradesh,TIKAMGARH,1999,Kharif,Dry ginger,960,1955,2.036458333
Madhya Pradesh,TIKAMGARH,1999,Kharif,Groundnut,17188,23138,1.346171748
Madhya Pradesh,TIKAMGARH,1999,Kharif,Jowar,3878,3261,0.84089737
Madhya Pradesh,TIKAMGARH,1999,Kharif,Maize,1957,2292,1.171180378
Madhya Pradesh,TIKAMGARH,1999,Kharif,Other Kharif pulses,54169,19148,0.353486311
Madhya Pradesh,TIKAMGARH,1999,Kharif,Rice,20329,19813,0.974617541
Madhya Pradesh,TIKAMGARH,1999,Kharif,Sesamum,17319,5137,0.296610659
Madhya Pradesh,TIKAMGARH,1999,Kharif,Soyabean,56445,54364,0.963132253
Madhya Pradesh,TIKAMGARH,1999,Kharif,Urad,47479,17161,0.361444007
Madhya Pradesh,TIKAMGARH,1999,Rabi,Barley,8199,15495,1.889864618
Madhya Pradesh,TIKAMGARH,1999,Rabi,Gram,26517,38322,1.445186107
Madhya Pradesh,TIKAMGARH,1999,Rabi,Linseed,1984,715,0.360383065
Madhya Pradesh,TIKAMGARH,1999,Rabi,Other  Rabi pulses,18457,12994,0.704014737
Madhya Pradesh,TIKAMGARH,1999,Rabi,Rapeseed &Mustard,10282,4840,0.47072554
Madhya Pradesh,TIKAMGARH,1999,Rabi,Urad,18,7,0.388888889
Madhya Pradesh,TIKAMGARH,1999,Rabi,Wheat,128221,280435,2.187122234
Madhya Pradesh,TIKAMGARH,1999,Whole Year,Coriander,234,102,0.435897436
Madhya Pradesh,TIKAMGARH,1999,Whole Year,Dry chillies,823,461,0.560145808
Madhya Pradesh,TIKAMGARH,1999,Whole Year,Garlic,43,116,2.697674419
Madhya Pradesh,TIKAMGARH,1999,Whole Year,Onion,346,2448,7.075144509
Madhya Pradesh,TIKAMGARH,1999,Whole Year,Potato,1815,20260,11.16253444
Madhya Pradesh,TIKAMGARH,1999,Whole Year,Sannhamp,95,267,2.810526316
Madhya Pradesh,TIKAMGARH,1999,Whole Year,Sugarcane,402,23190,57.68656716
Madhya Pradesh,TIKAMGARH,1999,Whole Year,Sweet potato,304,2366,7.782894737
Madhya Pradesh,TIKAMGARH,1999,Whole Year,Turmeric,57,97,1.701754386
Madhya Pradesh,TIKAMGARH,2000,Kharif,Arhar/Tur,586,370,0.631399317
Madhya Pradesh,TIKAMGARH,2000,Kharif,Dry ginger,890,1785,2.005617978
Madhya Pradesh,TIKAMGARH,2000,Kharif,Groundnut,17197,29646,1.723905332
Madhya Pradesh,TIKAMGARH,2000,Kharif,Jowar,3244,2861,0.881935882
Madhya Pradesh,TIKAMGARH,2000,Kharif,Maize,1786,2852,1.596864502
Madhya Pradesh,TIKAMGARH,2000,Kharif,Other Kharif pulses,57454,14515,0.252636892
Madhya Pradesh,TIKAMGARH,2000,Kharif,Ragi,1319,542,0.410917362
Madhya Pradesh,TIKAMGARH,2000,Kharif,Rice,22735,15317,0.673718936
Madhya Pradesh,TIKAMGARH,2000,Kharif,Sesamum,19006,8130,0.427759655
Madhya Pradesh,TIKAMGARH,2000,Kharif,Small millets,4845,1429,0.29494324
Madhya Pradesh,TIKAMGARH,2000,Kharif,Soyabean,51764,38634,0.746348814
Madhya Pradesh,TIKAMGARH,2000,Rabi,Barley,9534,19732,2.069645479
Madhya Pradesh,TIKAMGARH,2000,Rabi,Gram,25458,35737,1.403763061
Madhya Pradesh,TIKAMGARH,2000,Rabi,Linseed,1754,745,0.424743444
Madhya Pradesh,TIKAMGARH,2000,Rabi,Other  Rabi pulses,17458,9062,0.51907435
Madhya Pradesh,TIKAMGARH,2000,Rabi,Rapeseed &Mustard,8544,3653,0.427551498
Madhya Pradesh,TIKAMGARH,2000,Rabi,Safflower,1,0.1,0.1
Madhya Pradesh,TIKAMGARH,2000,Rabi,Wheat,115859,212894,1.837526649
Madhya Pradesh,TIKAMGARH,2000,Whole Year,Coriander,239,98,0.410041841
Madhya Pradesh,TIKAMGARH,2000,Whole Year,Dry chillies,587,242,0.412265758
Madhya Pradesh,TIKAMGARH,2000,Whole Year,Garlic,42,115,2.738095238
Madhya Pradesh,TIKAMGARH,2000,Whole Year,Onion,354,3301,9.324858757
Madhya Pradesh,TIKAMGARH,2000,Whole Year,Sannhamp,91,256,2.813186813
Madhya Pradesh,TIKAMGARH,2000,Whole Year,Sugarcane,650,17030,26.2
Madhya Pradesh,TIKAMGARH,2000,Whole Year,Turmeric,40,62,1.55
Madhya Pradesh,TIKAMGARH,2001,Kharif,Arhar/Tur,1479,1166,0.788370521
Madhya Pradesh,TIKAMGARH,2001,Kharif,Bajra,1,2,2
Madhya Pradesh,TIKAMGARH,2001,Kharif,Dry ginger,1003,2011,2.004985045
Madhya Pradesh,TIKAMGARH,2001,Kharif,Groundnut,16350,28955,1.770948012
Madhya Pradesh,TIKAMGARH,2001,Kharif,Jowar,1859,2202,1.1845078
Madhya Pradesh,TIKAMGARH,2001,Kharif,Maize,1847,3070,1.662154846
Madhya Pradesh,TIKAMGARH,2001,Kharif,Other Kharif pulses,59504,26903,0.452120866
Madhya Pradesh,TIKAMGARH,2001,Kharif,Ragi,68,18,0.264705882
Madhya Pradesh,TIKAMGARH,2001,Kharif,Rice,23166,15973,0.689501856
Madhya Pradesh,TIKAMGARH,2001,Kharif,Sesamum,16250,6851,0.4216
Madhya Pradesh,TIKAMGARH,2001,Kharif,Small millets,4294,1381,0.321611551
Madhya Pradesh,TIKAMGARH,2001,Kharif,Soyabean,46872,53716,1.146014678
Madhya Pradesh,TIKAMGARH,2001,Rabi,Barley,10066,22223,2.207728989
Madhya Pradesh,TIKAMGARH,2001,Rabi,Gram,28983,47919,1.653348515
Madhya Pradesh,TIKAMGARH,2001,Rabi,Linseed,1088,513,0.471507353
Madhya Pradesh,TIKAMGARH,2001,Rabi,Other  Rabi pulses,17744,12038,0.67842651
Madhya Pradesh,TIKAMGARH,2001,Rabi,Rapeseed &Mustard,8833,4953,0.560738141
Madhya Pradesh,TIKAMGARH,2001,Rabi,Wheat,118585,207982,1.753864317
Madhya Pradesh,TIKAMGARH,2001,Whole Year,Banana,12,76,6.333333333
Madhya Pradesh,TIKAMGARH,2001,Whole Year,Coriander,311,129,0.414790997
Madhya Pradesh,TIKAMGARH,2001,Whole Year,Dry chillies,642,388,0.604361371
Madhya Pradesh,TIKAMGARH,2001,Whole Year,Garlic,33,84,2.545454545
Madhya Pradesh,TIKAMGARH,2001,Whole Year,Onion,441,3857,8.746031746
Madhya Pradesh,TIKAMGARH,2001,Whole Year,Potato,1951,27146,13.91389031
Madhya Pradesh,TIKAMGARH,2001,Whole Year,Sannhamp,60,184,3.066666667
Madhya Pradesh,TIKAMGARH,2001,Whole Year,Sugarcane,420,25430,60.54761905
Madhya Pradesh,TIKAMGARH,2001,Whole Year,Sweet potato,457,2928,6.407002188
Madhya Pradesh,TIKAMGARH,2001,Whole Year,Turmeric,53,84,1.58490566
Madhya Pradesh,TIKAMGARH,2002,Kharif,Arhar/Tur,878,467,0.531890661
Madhya Pradesh,TIKAMGARH,2002,Kharif,Bajra,1,0.1,0.1
Madhya Pradesh,TIKAMGARH,2002,Kharif,Dry ginger,1114,1048,0.940754039
Madhya Pradesh,TIKAMGARH,2002,Kharif,Groundnut,16426,9972,0.607086327
Madhya Pradesh,TIKAMGARH,2002,Kharif,Jowar,1985,1146,0.577329975
Madhya Pradesh,TIKAMGARH,2002,Kharif,Maize,1942,1650,0.849639547
Madhya Pradesh,TIKAMGARH,2002,Kharif,Other Kharif pulses,63710,13730,0.21550777
Madhya Pradesh,TIKAMGARH,2002,Kharif,Rice,21513,7311,0.339841026
Madhya Pradesh,TIKAMGARH,2002,Kharif,Sesamum,15665,3360,0.214490903
Madhya Pradesh,TIKAMGARH,2002,Kharif,Small millets,3982,696,0.174786539
Madhya Pradesh,TIKAMGARH,2002,Kharif,Soyabean,30244,18210,0.602102896
Madhya Pradesh,TIKAMGARH,2002,Rabi,Barley,9997,19168,1.917375213
Madhya Pradesh,TIKAMGARH,2002,Rabi,Gram,32070,40455,1.261459308
Madhya Pradesh,TIKAMGARH,2002,Rabi,Linseed,711,257,0.361462729
Madhya Pradesh,TIKAMGARH,2002,Rabi,Other  Rabi pulses,18935,9983,0.527224716
Madhya Pradesh,TIKAMGARH,2002,Rabi,Rapeseed &Mustard,9946,4434,0.44580736
Madhya Pradesh,TIKAMGARH,2002,Rabi,Wheat,105135,179638,1.708641271
Madhya Pradesh,TIKAMGARH,2002,Whole Year,Banana,7,252,36
Madhya Pradesh,TIKAMGARH,2002,Whole Year,Beans & Mutter(Vegetable),418,0,0
Madhya Pradesh,TIKAMGARH,2002,Whole Year,Bhindi,204,0,0
Madhya Pradesh,TIKAMGARH,2002,Whole Year,Brinjal,678,0,0
Madhya Pradesh,TIKAMGARH,2002,Whole Year,Cabbage,40,0,0
Madhya Pradesh,TIKAMGARH,2002,Whole Year,Cauliflower,103,0,0
Madhya Pradesh,TIKAMGARH,2002,Whole Year,Citrus Fruit,27,0,0
Madhya Pradesh,TIKAMGARH,2002,Whole Year,Coriander,213,71,0.333333333
Madhya Pradesh,TIKAMGARH,2002,Whole Year,Dry chillies,672,402,0.598214286
Madhya Pradesh,TIKAMGARH,2002,Whole Year,Garlic,46,110,2.391304348
Madhya Pradesh,TIKAMGARH,2002,Whole Year,Mango,4,0,0
Madhya Pradesh,TIKAMGARH,2002,Whole Year,Onion,396,3325,8.396464646
Madhya Pradesh,TIKAMGARH,2002,Whole Year,Other Fresh Fruits,1,0,0
Madhya Pradesh,TIKAMGARH,2002,Whole Year,Other Vegetables,1102,0,0
Madhya Pradesh,TIKAMGARH,2002,Whole Year,Papaya,38,2078,54.68421053
Madhya Pradesh,TIKAMGARH,2002,Whole Year,Pome Fruit,97,0,0
Madhya Pradesh,TIKAMGARH,2002,Whole Year,Potato,1606,16115,10.03424658
Madhya Pradesh,TIKAMGARH,2002,Whole Year,Sannhamp,65,89,1.369230769
Madhya Pradesh,TIKAMGARH,2002,Whole Year,Sugarcane,287,13570,47.28222997
Madhya Pradesh,TIKAMGARH,2002,Whole Year,Sweet potato,476,2996,6.294117647
Madhya Pradesh,TIKAMGARH,2002,Whole Year,Tomato,447,0,0
Madhya Pradesh,TIKAMGARH,2003,Kharif,Arhar/Tur,289,164,0.567474048
Madhya Pradesh,TIKAMGARH,2003,Kharif,Bajra,2,2,1
Madhya Pradesh,TIKAMGARH,2003,Kharif,Dry ginger,991,1552,1.566094854
Madhya Pradesh,TIKAMGARH,2003,Kharif,Groundnut,16973,24291,1.431155364
Madhya Pradesh,TIKAMGARH,2003,Kharif,Jowar,3832,5087,1.327505219
Madhya Pradesh,TIKAMGARH,2003,Kharif,Maize,2304,2826,1.2265625
Madhya Pradesh,TIKAMGARH,2003,Kharif,Other Kharif pulses,72860,23562,0.323387318
Madhya Pradesh,TIKAMGARH,2003,Kharif,Rice,22851,19266,0.843114087
Madhya Pradesh,TIKAMGARH,2003,Kharif,Sesamum,18134,6317,0.348351164
Madhya Pradesh,TIKAMGARH,2003,Kharif,Small millets,3836,1325,0.345411887
Madhya Pradesh,TIKAMGARH,2003,Kharif,Soyabean,29462,42617,1.446507365
Madhya Pradesh,TIKAMGARH,2003,Kharif,Urad,66192,21532,0.325296108
Madhya Pradesh,TIKAMGARH,2003,Rabi,Barley,10643,23007,2.161702527
Madhya Pradesh,TIKAMGARH,2003,Rabi,Gram,32283,47188,1.461698107
Madhya Pradesh,TIKAMGARH,2003,Rabi,Linseed,381,173,0.454068241
Madhya Pradesh,TIKAMGARH,2003,Rabi,Other  Rabi pulses,19299,12244,0.634437017
Madhya Pradesh,TIKAMGARH,2003,Rabi,Rapeseed &Mustard,10507,5752,0.547444561
Madhya Pradesh,TIKAMGARH,2003,Rabi,Safflower,3,0,0
Madhya Pradesh,TIKAMGARH,2003,Rabi,Urad,12,4,0.333333333
Madhya Pradesh,TIKAMGARH,2003,Rabi,Wheat,120330,250315,2.08023768
Madhya Pradesh,TIKAMGARH,2003,Whole Year,Banana,8,232,29
Madhya Pradesh,TIKAMGARH,2003,Whole Year,Bhindi,214,0,0
Madhya Pradesh,TIKAMGARH,2003,Whole Year,Brinjal,617,0,0
Madhya Pradesh,TIKAMGARH,2003,Whole Year,Cabbage,7,0,0
Madhya Pradesh,TIKAMGARH,2003,Whole Year,Cauliflower,50,0,0
Madhya Pradesh,TIKAMGARH,2003,Whole Year,Citrus Fruit,39,0,0
Madhya Pradesh,TIKAMGARH,2003,Whole Year,Coriander,234,93,0.397435897
Madhya Pradesh,TIKAMGARH,2003,Whole Year,Dry chillies,719,424,0.589707928
Madhya Pradesh,TIKAMGARH,2003,Whole Year,Garlic,64,139,2.171875
Madhya Pradesh,TIKAMGARH,2003,Whole Year,Mango,4,0,0
Madhya Pradesh,TIKAMGARH,2003,Whole Year,Onion,370,2665,7.202702703
Madhya Pradesh,TIKAMGARH,2003,Whole Year,Other Fresh Fruits,2,0,0
Madhya Pradesh,TIKAMGARH,2003,Whole Year,Other Vegetables,1650,0,0
Madhya Pradesh,TIKAMGARH,2003,Whole Year,Papaya,39,1026,26.30769231
Madhya Pradesh,TIKAMGARH,2003,Whole Year,Pome Fruit,54,0,0
Madhya Pradesh,TIKAMGARH,2003,Whole Year,Potato,1636,20172,12.33007335
Madhya Pradesh,TIKAMGARH,2003,Whole Year,Sannhamp,74,195,2.635135135
Madhya Pradesh,TIKAMGARH,2003,Whole Year,Sugarcane,399,18870,47.29323308
Madhya Pradesh,TIKAMGARH,2003,Whole Year,Sweet potato,478,2735,5.721757322
Madhya Pradesh,TIKAMGARH,2003,Whole Year,Tomato,674,0,0
Madhya Pradesh,TIKAMGARH,2003,Whole Year,Turmeric,115,170,1.47826087
Madhya Pradesh,TIKAMGARH,2003,Whole Year,Water Melon,1,0,0
Madhya Pradesh,TIKAMGARH,2004,Kharif,Arhar/Tur,334,120,0.359281437
Madhya Pradesh,TIKAMGARH,2004,Kharif,Dry ginger,942,1180,1.252653928
Madhya Pradesh,TIKAMGARH,2004,Kharif,Groundnut,17531,19435,1.108607609
Madhya Pradesh,TIKAMGARH,2004,Kharif,Jowar,5548,4601,0.829307859
Madhya Pradesh,TIKAMGARH,2004,Kharif,Maize,2288,1693,0.739947552
Madhya Pradesh,TIKAMGARH,2004,Kharif,Rice,19891,9379,0.471519783
Madhya Pradesh,TIKAMGARH,2004,Kharif,Sesamum,18095,6902,0.381431335
Madhya Pradesh,TIKAMGARH,2004,Kharif,Small millets,3177,731,0.230091281
Madhya Pradesh,TIKAMGARH,2004,Kharif,Soyabean,30686,26563,0.865639054
Madhya Pradesh,TIKAMGARH,2004,Kharif,Urad,65309,18885,0.289163821
Madhya Pradesh,TIKAMGARH,2004,Rabi,Barley,11032,17947,1.626812908
Madhya Pradesh,TIKAMGARH,2004,Rabi,Gram,32901,38443,1.168444728
Madhya Pradesh,TIKAMGARH,2004,Rabi,Linseed,452,174,0.384955752
Madhya Pradesh,TIKAMGARH,2004,Rabi,Masoor,4501,2169,0.481892913
Madhya Pradesh,TIKAMGARH,2004,Rabi,Rapeseed &Mustard,13942,6460,0.463348157
Madhya Pradesh,TIKAMGARH,2004,Rabi,Urad,17,5,0.294117647
Madhya Pradesh,TIKAMGARH,2004,Rabi,Wheat,106986,174821,1.634054923
Madhya Pradesh,TIKAMGARH,2004,Whole Year,Coriander,232,77,0.331896552
Madhya Pradesh,TIKAMGARH,2004,Whole Year,Garlic,39,85,2.179487179
Madhya Pradesh,TIKAMGARH,2004,Whole Year,Onion,400,3052,7.63
Madhya Pradesh,TIKAMGARH,2004,Whole Year,Potato,1401,12863,9.181299072
Madhya Pradesh,TIKAMGARH,2004,Whole Year,Sugarcane,440,16650,37.84090909
Madhya Pradesh,TIKAMGARH,2004,Whole Year,Sweet potato,684,3914,5.722222222
Madhya Pradesh,TIKAMGARH,2004,Whole Year,Turmeric,94,93,0.989361702
Madhya Pradesh,TIKAMGARH,2005,Kharif,Arhar/Tur,374,148,0.395721925
Madhya Pradesh,TIKAMGARH,2005,Kharif,Groundnut,17681,17926,1.013856682
Madhya Pradesh,TIKAMGARH,2005,Kharif,Jowar,6226,5548,0.891101831
Madhya Pradesh,TIKAMGARH,2005,Kharif,Maize,2207,2233,1.011780698
Madhya Pradesh,TIKAMGARH,2005,Kharif,Moong(Green Gram),5788,1758,0.303731859
Madhya Pradesh,TIKAMGARH,2005,Kharif,Rice,18373,9024,0.4911555
Madhya Pradesh,TIKAMGARH,2005,Kharif,Sesamum,21935,7164,0.326601322
Madhya Pradesh,TIKAMGARH,2005,Kharif,Small millets,1443,462,0.32016632
Madhya Pradesh,TIKAMGARH,2005,Kharif,Soyabean,28352,26171,0.92307421
Madhya Pradesh,TIKAMGARH,2005,Kharif,Urad,64356,20935,0.325299894
Madhya Pradesh,TIKAMGARH,2005,Rabi,Barley,10304,16485,1.59986413
Madhya Pradesh,TIKAMGARH,2005,Rabi,Gram,29687,33629,1.132785394
Madhya Pradesh,TIKAMGARH,2005,Rabi,Linseed,416,163,0.391826923
Madhya Pradesh,TIKAMGARH,2005,Rabi,Masoor,4913,2131,0.433747201
Madhya Pradesh,TIKAMGARH,2005,Rabi,Peas & beans (Pulses),17786,8679,0.487968065
Madhya Pradesh,TIKAMGARH,2005,Rabi,Rapeseed &Mustard,17006,7100,0.417499706
Madhya Pradesh,TIKAMGARH,2005,Rabi,Urad,3,1,0.333333333
Madhya Pradesh,TIKAMGARH,2005,Rabi,Wheat,94444,126284,1.337130998
Madhya Pradesh,TIKAMGARH,2005,Whole Year,Onion,401,2672,6.663341646
Madhya Pradesh,TIKAMGARH,2005,Whole Year,Potato,1227,11948,9.737571312
Madhya Pradesh,TIKAMGARH,2005,Whole Year,Sugarcane,120,5670,47.25
Madhya Pradesh,TIKAMGARH,2005,Whole Year,Sweet potato,570,3262,5.722807018
Madhya Pradesh,TIKAMGARH,2006,Kharif,Arhar/Tur,315,80,0.253968254
Madhya Pradesh,TIKAMGARH,2006,Kharif,Dry ginger,861,1349,1.566782811
Madhya Pradesh,TIKAMGARH,2006,Kharif,Groundnut,14852,10149,0.683342311
Madhya Pradesh,TIKAMGARH,2006,Kharif,Jowar,11691,8247,0.705414421
Madhya Pradesh,TIKAMGARH,2006,Kharif,Jute,57,89,1.561403509
Madhya Pradesh,TIKAMGARH,2006,Kharif,Maize,2392,1151,0.481187291
Madhya Pradesh,TIKAMGARH,2006,Kharif,Mesta,27,43,1.592592593
Madhya Pradesh,TIKAMGARH,2006,Kharif,Moong(Green Gram),5053,1159,0.229368692
Madhya Pradesh,TIKAMGARH,2006,Kharif,Other Kharif pulses,4,1,0.25
Madhya Pradesh,TIKAMGARH,2006,Kharif,Rice,14485,5721,0.394960304
Madhya Pradesh,TIKAMGARH,2006,Kharif,Small millets,1800,379,0.210555556
Madhya Pradesh,TIKAMGARH,2006,Kharif,Soyabean,24869,16882,0.678837106
Madhya Pradesh,TIKAMGARH,2006,Kharif,Urad,62188,14386,0.231330803
Madhya Pradesh,TIKAMGARH,2006,Rabi,Gram,21284,20434,0.960063898
Madhya Pradesh,TIKAMGARH,2006,Rabi,Khesari,67,33,0.492537313
Madhya Pradesh,TIKAMGARH,2006,Rabi,Linseed,290,102,0.351724138
Madhya Pradesh,TIKAMGARH,2006,Rabi,Masoor,3118,1203,0.385824246
Madhya Pradesh,TIKAMGARH,2006,Rabi,Moong(Green Gram),7,2,0.285714286
Madhya Pradesh,TIKAMGARH,2006,Rabi,Other  Rabi pulses,16,5,0.3125
Madhya Pradesh,TIKAMGARH,2006,Rabi,Peas & beans (Pulses),10865,4948,0.455407271
Madhya Pradesh,TIKAMGARH,2006,Rabi,Rapeseed &Mustard,13830,6379,0.461243673
Madhya Pradesh,TIKAMGARH,2006,Rabi,Urad,5,1,0.2
Madhya Pradesh,TIKAMGARH,2006,Rabi,Wheat,58125,78242,1.346098925
Madhya Pradesh,TIKAMGARH,2006,Whole Year,Banana,6,188,31.33333333
Madhya Pradesh,TIKAMGARH,2006,Whole Year,Coriander,195,52,0.266666667
Madhya Pradesh,TIKAMGARH,2006,Whole Year,Dry chillies,503,316,0.628230616
Madhya Pradesh,TIKAMGARH,2006,Whole Year,Garlic,43,93,2.162790698
Madhya Pradesh,TIKAMGARH,2006,Whole Year,Onion,463,3102,6.699784017
Madhya Pradesh,TIKAMGARH,2006,Whole Year,Potato,1013,9783,9.65745311
Madhya Pradesh,TIKAMGARH,2006,Whole Year,Sesamum,22866,5760,0.251902388
Madhya Pradesh,TIKAMGARH,2006,Whole Year,Sugarcane,259,9800,37.83783784
Madhya Pradesh,TIKAMGARH,2006,Whole Year,Sweet potato,503,2879,5.723658052
Madhya Pradesh,TIKAMGARH,2006,Whole Year,Turmeric,89,87,0.97752809
Madhya Pradesh,TIKAMGARH,2007,Kharif,Arhar/Tur,485,119,0.245360825
Madhya Pradesh,TIKAMGARH,2007,Kharif,Bajra,1,1,1
Madhya Pradesh,TIKAMGARH,2007,Kharif,Groundnut,15813,11800,0.746221463
Madhya Pradesh,TIKAMGARH,2007,Kharif,Jowar,27003,22664,0.83931415
Madhya Pradesh,TIKAMGARH,2007,Kharif,Maize,3075,2080,0.676422764
Madhya Pradesh,TIKAMGARH,2007,Kharif,Rice,11658,1969,0.168896895
Madhya Pradesh,TIKAMGARH,2007,Kharif,Sannhamp,34,10,0.294117647
Madhya Pradesh,TIKAMGARH,2007,Kharif,Soyabean,32878,14348,0.436401241
Madhya Pradesh,TIKAMGARH,2007,Kharif,Urad,69534,20107,0.289167889
Madhya Pradesh,TIKAMGARH,2007,Rabi,Barley,2929,4307,1.470467736
Madhya Pradesh,TIKAMGARH,2007,Rabi,Gram,7685,6362,0.827846454
Madhya Pradesh,TIKAMGARH,2007,Rabi,Khesari,6,2,0.333333333
Madhya Pradesh,TIKAMGARH,2007,Rabi,Linseed,144,39,0.270833333
Madhya Pradesh,TIKAMGARH,2007,Rabi,Masoor,1413,433,0.306440198
Madhya Pradesh,TIKAMGARH,2007,Rabi,Peas & beans (Pulses),3383,1211,0.357966302
Madhya Pradesh,TIKAMGARH,2007,Rabi,Rapeseed &Mustard,4949,1651,0.333602748
Madhya Pradesh,TIKAMGARH,2007,Rabi,Wheat,22748,27964,1.229294883
Madhya Pradesh,TIKAMGARH,2007,Whole Year,Banana,3,91,30.33333333
Madhya Pradesh,TIKAMGARH,2007,Whole Year,Coriander,110,28,0.254545455
Madhya Pradesh,TIKAMGARH,2007,Whole Year,Garlic,43,93,2.162790698
Madhya Pradesh,TIKAMGARH,2007,Whole Year,Onion,376,2180,5.79787234
Madhya Pradesh,TIKAMGARH,2007,Whole Year,Potato,693,5020,7.243867244
Madhya Pradesh,TIKAMGARH,2007,Whole Year,Sesamum,38907,12394,0.318554502
Madhya Pradesh,TIKAMGARH,2007,Whole Year,Small millets,74,12,0.162162162
Madhya Pradesh,TIKAMGARH,2007,Whole Year,Sugarcane,123,4650,37.80487805
Madhya Pradesh,TIKAMGARH,2007,Whole Year,Sweet potato,328,1878,5.725609756
Madhya Pradesh,TIKAMGARH,2007,Whole Year,Turmeric,44,43,0.977272727
Madhya Pradesh,TIKAMGARH,2008,Kharif,Arhar/Tur,218,105,0.481651376
Madhya Pradesh,TIKAMGARH,2008,Kharif,Groundnut,16461,19648,1.193609137
Madhya Pradesh,TIKAMGARH,2008,Kharif,Jowar,20671,27445,1.327705481
Madhya Pradesh,TIKAMGARH,2008,Kharif,Maize,3197,2878,0.900218955
Madhya Pradesh,TIKAMGARH,2008,Kharif,Rice,12907,7313,0.566591772
Madhya Pradesh,TIKAMGARH,2008,Kharif,Sannhamp,18,7,0.388888889
Madhya Pradesh,TIKAMGARH,2008,Kharif,Soyabean,37074,43688,1.178399957
Madhya Pradesh,TIKAMGARH,2008,Kharif,Urad,71451,26342,0.368672237
Madhya Pradesh,TIKAMGARH,2008,Rabi,Barley,12682,25346,1.998580666
Madhya Pradesh,TIKAMGARH,2008,Rabi,Gram,24216,30052,1.240997687
Madhya Pradesh,TIKAMGARH,2008,Rabi,Khesari,37,26,0.702702703
Madhya Pradesh,TIKAMGARH,2008,Rabi,Linseed,204,93,0.455882353
Madhya Pradesh,TIKAMGARH,2008,Rabi,Masoor,5902,2900,0.491358861
Madhya Pradesh,TIKAMGARH,2008,Rabi,Peas & beans (Pulses),19482,10774,0.553023304
Madhya Pradesh,TIKAMGARH,2008,Rabi,Rapeseed &Mustard,24023,12955,0.539274862
Madhya Pradesh,TIKAMGARH,2008,Rabi,Urad,12,3,0.25
Madhya Pradesh,TIKAMGARH,2008,Rabi,Wheat,107434,209207,1.947307184
Madhya Pradesh,TIKAMGARH,2008,Whole Year,Banana,2,54,27
Madhya Pradesh,TIKAMGARH,2008,Whole Year,Coriander,256,85,0.33203125
Madhya Pradesh,TIKAMGARH,2008,Whole Year,Garlic,87,226,2.597701149
Madhya Pradesh,TIKAMGARH,2008,Whole Year,Onion,499,3523,7.06012024
Madhya Pradesh,TIKAMGARH,2008,Whole Year,Potato,1416,11696,8.259887006
Madhya Pradesh,TIKAMGARH,2008,Whole Year,Sesamum,33897,14703,0.4337552
Madhya Pradesh,TIKAMGARH,2008,Whole Year,Small millets,1489,453,0.304231028
Madhya Pradesh,TIKAMGARH,2008,Whole Year,Sugarcane,122,5890,48.27868852
Madhya Pradesh,TIKAMGARH,2008,Whole Year,Sweet potato,293,1845,6.296928328
Madhya Pradesh,TIKAMGARH,2008,Whole Year,Turmeric,66,84,1.272727273
Madhya Pradesh,TIKAMGARH,2009,Kharif,Cowpea(Lobia),13,5,0.384615385
Madhya Pradesh,TIKAMGARH,2009,Kharif,Jowar,15158,18973,1.25168228
Madhya Pradesh,TIKAMGARH,2009,Kharif,Moong(Green Gram),5462,1474,0.269864518
Madhya Pradesh,TIKAMGARH,2009,Kharif,Small millets,955,279,0.292146597
Madhya Pradesh,TIKAMGARH,2009,Kharif,Urad,73793,22405,0.303619585
Madhya Pradesh,TIKAMGARH,2009,Rabi,Cowpea(Lobia),19,6,0.315789474
Madhya Pradesh,TIKAMGARH,2009,Rabi,Moong(Green Gram),6,2,0.333333333
Madhya Pradesh,TIKAMGARH,2009,Rabi,Urad,6,2,0.333333333
Madhya Pradesh,TIKAMGARH,2009,Whole Year,Arhar/Tur,180,65,0.361111111
Madhya Pradesh,TIKAMGARH,2009,Whole Year,Barley,11332,19561,1.726173667
Madhya Pradesh,TIKAMGARH,2009,Whole Year,Coriander,268,88,0.328358209
Madhya Pradesh,TIKAMGARH,2009,Whole Year,Dry chillies,590,652,1.105084746
Madhya Pradesh,TIKAMGARH,2009,Whole Year,Dry ginger,1367,1712,1.252377469
Madhya Pradesh,TIKAMGARH,2009,Whole Year,Garlic,82,213,2.597560976
Madhya Pradesh,TIKAMGARH,2009,Whole Year,Gram,30798,34788,1.129553867
Madhya Pradesh,TIKAMGARH,2009,Whole Year,Groundnut,17385,15300,0.880069025
Madhya Pradesh,TIKAMGARH,2009,Whole Year,Khesari,26,16,0.615384615
Madhya Pradesh,TIKAMGARH,2009,Whole Year,Linseed,247,119,0.481781377
Madhya Pradesh,TIKAMGARH,2009,Whole Year,Maize,2907,1788,0.615067079
Madhya Pradesh,TIKAMGARH,2009,Whole Year,Masoor,4809,2318,0.482012892
Madhya Pradesh,TIKAMGARH,2009,Whole Year,Mesta,8,2,0.25
Madhya Pradesh,TIKAMGARH,2009,Whole Year,Onion,497,3637,7.317907445
Madhya Pradesh,TIKAMGARH,2009,Whole Year,Peas & beans (Pulses),16233,8801,0.54216719
Madhya Pradesh,TIKAMGARH,2009,Whole Year,Potato,1455,11649,8.006185567
Madhya Pradesh,TIKAMGARH,2009,Whole Year,Rapeseed &Mustard,30779,15018,0.487930082
Madhya Pradesh,TIKAMGARH,2009,Whole Year,Rice,12688,5216,0.4110971
Madhya Pradesh,TIKAMGARH,2009,Whole Year,Sannhamp,9,3,0.333333333
Madhya Pradesh,TIKAMGARH,2009,Whole Year,Sesamum,38251,18185,0.475412408
Madhya Pradesh,TIKAMGARH,2009,Whole Year,Soyabean,36670,44621,1.216825743
Madhya Pradesh,TIKAMGARH,2009,Whole Year,Sugarcane,140,6620,47.28571429
Madhya Pradesh,TIKAMGARH,2009,Whole Year,Sweet potato,275,1731,6.294545455
Madhya Pradesh,TIKAMGARH,2009,Whole Year,Turmeric,54,66,1.222222222
Madhya Pradesh,TIKAMGARH,2009,Whole Year,Wheat,100959,168328,1.667290682
Madhya Pradesh,TIKAMGARH,2010,Kharif,Arhar/Tur,240,30,0.125
Madhya Pradesh,TIKAMGARH,2010,Kharif,Cowpea(Lobia),20,4,0.2
Madhya Pradesh,TIKAMGARH,2010,Kharif,Groundnut,16320,21766,1.33370098
Madhya Pradesh,TIKAMGARH,2010,Kharif,Jowar,6694,9184,1.371974903
Madhya Pradesh,TIKAMGARH,2010,Kharif,Maize,2911,2062,0.708347647
Madhya Pradesh,TIKAMGARH,2010,Kharif,Moong(Green Gram),5042,1361,0.269932566
Madhya Pradesh,TIKAMGARH,2010,Kharif,Rice,11976,5378,0.449064796
Madhya Pradesh,TIKAMGARH,2010,Kharif,Small millets,838,258,0.307875895
Madhya Pradesh,TIKAMGARH,2010,Kharif,Soyabean,31473,36044,1.145235599
Madhya Pradesh,TIKAMGARH,2010,Kharif,Urad,73983,26741,0.3614479
Madhya Pradesh,TIKAMGARH,2010,Rabi,Barley,12021,18322,1.524166043
Madhya Pradesh,TIKAMGARH,2010,Rabi,Cowpea(Lobia),22,7,0.318181818
Madhya Pradesh,TIKAMGARH,2010,Rabi,Gram,26821,17257,0.643413743
Madhya Pradesh,TIKAMGARH,2010,Rabi,Khesari,269,85,0.31598513
Madhya Pradesh,TIKAMGARH,2010,Rabi,Linseed,161,37,0.229813665
Madhya Pradesh,TIKAMGARH,2010,Rabi,Masoor,5772,1169,0.202529453
Madhya Pradesh,TIKAMGARH,2010,Rabi,Moong(Green Gram),7,1,0.142857143
Madhya Pradesh,TIKAMGARH,2010,Rabi,Peas & beans (Pulses),11495,2659,0.231317964
Madhya Pradesh,TIKAMGARH,2010,Rabi,Rapeseed &Mustard,27940,9275,0.331961346
Madhya Pradesh,TIKAMGARH,2010,Rabi,Urad,6,2,0.333333333
Madhya Pradesh,TIKAMGARH,2010,Rabi,Wheat,78021,98994,1.268812243
Madhya Pradesh,TIKAMGARH,2010,Whole Year,Banana,1,17,17
Madhya Pradesh,TIKAMGARH,2010,Whole Year,Coriander,240,64,0.266666667
Madhya Pradesh,TIKAMGARH,2010,Whole Year,Dry chillies,786,1130,1.437659033
Madhya Pradesh,TIKAMGARH,2010,Whole Year,Dry ginger,1375,1723,1.253090909
Madhya Pradesh,TIKAMGARH,2010,Whole Year,Garlic,101,144,1.425742574
Madhya Pradesh,TIKAMGARH,2010,Whole Year,Mesta,2,3,1.5
Madhya Pradesh,TIKAMGARH,2010,Whole Year,Onion,491,2667,5.431771894
Madhya Pradesh,TIKAMGARH,2010,Whole Year,Potato,1424,4957,3.481039326
Madhya Pradesh,TIKAMGARH,2010,Whole Year,Sannhamp,5,6,1.2
Madhya Pradesh,TIKAMGARH,2010,Whole Year,Sesamum,42117,20600,0.48911366
Madhya Pradesh,TIKAMGARH,2010,Whole Year,Sugarcane,150,7090,47.26666667
Madhya Pradesh,TIKAMGARH,2010,Whole Year,Sweet potato,374,1343,3.590909091
Madhya Pradesh,TIKAMGARH,2010,Whole Year,Turmeric,71,38,0.535211268
Madhya Pradesh,TIKAMGARH,2011,Kharif,Arhar/Tur,180,45,0.25
Madhya Pradesh,TIKAMGARH,2011,Kharif,Barley,10429,27346,2.62211142
Madhya Pradesh,TIKAMGARH,2011,Kharif,Groundnut,16851,21656,1.285146282
Madhya Pradesh,TIKAMGARH,2011,Kharif,Jowar,4593,4869,1.060091444
Madhya Pradesh,TIKAMGARH,2011,Kharif,Maize,2797,1565,0.559528066
Madhya Pradesh,TIKAMGARH,2011,Kharif,Mesta,2,2,1
Madhya Pradesh,TIKAMGARH,2011,Kharif,Moong(Green Gram),5246,916,0.174609226
Madhya Pradesh,TIKAMGARH,2011,Kharif,Other Kharif pulses,33,8,0.242424242
Madhya Pradesh,TIKAMGARH,2011,Kharif,Rice,12293,9106,0.740746766
Madhya Pradesh,TIKAMGARH,2011,Kharif,Sannhamp,6,6,1
Madhya Pradesh,TIKAMGARH,2011,Kharif,Small millets,626,115,0.18370607
Madhya Pradesh,TIKAMGARH,2011,Kharif,Soyabean,39233,31361,0.799352586
Madhya Pradesh,TIKAMGARH,2011,Kharif,Urad,87029,18202,0.209148675
Madhya Pradesh,TIKAMGARH,2011,Rabi,Gram,18182,18342,1.008799912
Madhya Pradesh,TIKAMGARH,2011,Rabi,Khesari,179,102,0.569832402
Madhya Pradesh,TIKAMGARH,2011,Rabi,Linseed,114,63,0.552631579
Madhya Pradesh,TIKAMGARH,2011,Rabi,Masoor,4914,1616,0.328856329
Madhya Pradesh,TIKAMGARH,2011,Rabi,Moong(Green Gram),9,1,0.111111111
Madhya Pradesh,TIKAMGARH,2011,Rabi,Other  Rabi pulses,48,14,0.291666667
Madhya Pradesh,TIKAMGARH,2011,Rabi,Peas & beans (Pulses),7867,2957,0.375873904
Madhya Pradesh,TIKAMGARH,2011,Rabi,Rapeseed &Mustard,20143,11303,0.561137864
Madhya Pradesh,TIKAMGARH,2011,Rabi,Urad,13,2,0.153846154
Madhya Pradesh,TIKAMGARH,2011,Rabi,Wheat,137811,371047,2.692433841
Madhya Pradesh,TIKAMGARH,2011,Whole Year,Banana,2,,
Madhya Pradesh,TIKAMGARH,2011,Whole Year,Coriander,287,131,0.456445993
Madhya Pradesh,TIKAMGARH,2011,Whole Year,Dry chillies,910,888,0.975824176
Madhya Pradesh,TIKAMGARH,2011,Whole Year,Dry ginger,1304,1245,0.954754601
Madhya Pradesh,TIKAMGARH,2011,Whole Year,Garlic,147,230,1.56462585
Madhya Pradesh,TIKAMGARH,2011,Whole Year,Onion,622,3899,6.268488746
Madhya Pradesh,TIKAMGARH,2011,Whole Year,Potato,1633,10431,6.387630129
Madhya Pradesh,TIKAMGARH,2011,Whole Year,Sesamum,41263,20202,0.489591159
Madhya Pradesh,TIKAMGARH,2011,Whole Year,Sugarcane,102,3490,34.21568627
Madhya Pradesh,TIKAMGARH,2011,Whole Year,Sweet potato,345,1313,3.805797101
Madhya Pradesh,TIKAMGARH,2011,Whole Year,Turmeric,158,142,0.898734177
Madhya Pradesh,TIKAMGARH,2012,Kharif,Arhar/Tur,77,15,0.194805195
Madhya Pradesh,TIKAMGARH,2012,Kharif,Bajra,26,34,1.307692308
Madhya Pradesh,TIKAMGARH,2012,Kharif,Barley,11355,19543,1.72109203
Madhya Pradesh,TIKAMGARH,2012,Kharif,Groundnut,17613,26948,1.530006245
Madhya Pradesh,TIKAMGARH,2012,Kharif,Jowar,1973,3086,1.56411556
Madhya Pradesh,TIKAMGARH,2012,Kharif,Maize,2200,1822,0.828181818
Madhya Pradesh,TIKAMGARH,2012,Kharif,Moong(Green Gram),5373,1051,0.195607668
Madhya Pradesh,TIKAMGARH,2012,Kharif,Other Kharif pulses,4,1,0.25
Madhya Pradesh,TIKAMGARH,2012,Kharif,Rice,11766,5604,0.476287608
Madhya Pradesh,TIKAMGARH,2012,Kharif,Sannhamp,5,6,1.2
Madhya Pradesh,TIKAMGARH,2012,Kharif,Small millets,290,53,0.182758621
Madhya Pradesh,TIKAMGARH,2012,Kharif,Soyabean,54166,38449,0.709836429
Madhya Pradesh,TIKAMGARH,2012,Kharif,Urad,88477,19103,0.215909219
Madhya Pradesh,TIKAMGARH,2012,Rabi,Gram,20168,18658,0.925128917
Madhya Pradesh,TIKAMGARH,2012,Rabi,Khesari,121,50,0.41322314
Madhya Pradesh,TIKAMGARH,2012,Rabi,Linseed,101,36,0.356435644
Madhya Pradesh,TIKAMGARH,2012,Rabi,Masoor,3975,1368,0.344150943
Madhya Pradesh,TIKAMGARH,2012,Rabi,Moong(Green Gram),12,2,0.166666667
Madhya Pradesh,TIKAMGARH,2012,Rabi,Other  Rabi pulses,2,1,0.5
Madhya Pradesh,TIKAMGARH,2012,Rabi,Peas & beans (Pulses),8658,3756,0.433818434
Madhya Pradesh,TIKAMGARH,2012,Rabi,Rapeseed &Mustard,22736,10730,0.471938776
Madhya Pradesh,TIKAMGARH,2012,Rabi,Urad,6,1,0.166666667
Madhya Pradesh,TIKAMGARH,2012,Rabi,Wheat,146730,376243,2.56418592
Madhya Pradesh,TIKAMGARH,2012,Whole Year,Banana,2,28,14
Madhya Pradesh,TIKAMGARH,2012,Whole Year,Coriander,332,87,0.262048193
Madhya Pradesh,TIKAMGARH,2012,Whole Year,Dry chillies,921,1300,1.411509229
Madhya Pradesh,TIKAMGARH,2012,Whole Year,Dry ginger,1334,1341,1.005247376
Madhya Pradesh,TIKAMGARH,2012,Whole Year,Garlic,173,279,1.612716763
Madhya Pradesh,TIKAMGARH,2012,Whole Year,Onion,846,7800,9.219858156
Madhya Pradesh,TIKAMGARH,2012,Whole Year,Potato,1916,13550,7.072025052
Madhya Pradesh,TIKAMGARH,2012,Whole Year,Sesamum,33619,17082,0.508105536
Madhya Pradesh,TIKAMGARH,2012,Whole Year,Sugarcane,174,6410,36.83908046
Madhya Pradesh,TIKAMGARH,2012,Whole Year,Sweet potato,387,1640,4.237726098
Madhya Pradesh,TIKAMGARH,2012,Whole Year,Turmeric,140,138,0.985714286
Madhya Pradesh,TIKAMGARH,2013,Kharif,Arhar/Tur,61,4,0.06557377
Madhya Pradesh,TIKAMGARH,2013,Kharif,Barley,11982,15082,1.258721415
Madhya Pradesh,TIKAMGARH,2013,Kharif,Groundnut,20017,25758,1.286806215
Madhya Pradesh,TIKAMGARH,2013,Kharif,Jowar,1021,477,0.46718903
Madhya Pradesh,TIKAMGARH,2013,Kharif,Maize,1712,873,0.509929907
Madhya Pradesh,TIKAMGARH,2013,Kharif,Moong(Green Gram),5843,2208,0.377888071
Madhya Pradesh,TIKAMGARH,2013,Kharif,Other Kharif pulses,46,18,0.391304348
Madhya Pradesh,TIKAMGARH,2013,Kharif,Rice,11414,4009,0.351235325
Madhya Pradesh,TIKAMGARH,2013,Kharif,Sannhamp,7,5,0.714285714
Madhya Pradesh,TIKAMGARH,2013,Kharif,Small millets,164,51,0.31097561
Madhya Pradesh,TIKAMGARH,2013,Kharif,Soyabean,60600,33633,0.555
Madhya Pradesh,TIKAMGARH,2013,Kharif,Urad,85824,15707,0.183014075
Madhya Pradesh,TIKAMGARH,2013,Rabi,Gram,19670,4864,0.247280122
Madhya Pradesh,TIKAMGARH,2013,Rabi,Linseed,37,11,0.297297297
Madhya Pradesh,TIKAMGARH,2013,Rabi,Masoor,3913,622,0.158957322
Madhya Pradesh,TIKAMGARH,2013,Rabi,Moong(Green Gram),281,72,0.256227758
Madhya Pradesh,TIKAMGARH,2013,Rabi,Other  Rabi pulses,28,14,0.5
Madhya Pradesh,TIKAMGARH,2013,Rabi,Peas & beans (Pulses),8877,6470,0.728849837
Madhya Pradesh,TIKAMGARH,2013,Rabi,Rapeseed &Mustard,22263,8509,0.382203656
Madhya Pradesh,TIKAMGARH,2013,Rabi,Urad,51,9,0.176470588
Madhya Pradesh,TIKAMGARH,2013,Rabi,Wheat,158635,321516,2.026765846
Madhya Pradesh,TIKAMGARH,2013,Whole Year,Coriander,296,75,0.253378378
Madhya Pradesh,TIKAMGARH,2013,Whole Year,Dry chillies,1076,799,0.742565056
Madhya Pradesh,TIKAMGARH,2013,Whole Year,Dry ginger,1152,1312,1.138888889
Madhya Pradesh,TIKAMGARH,2013,Whole Year,Garlic,151,340,2.251655629
Madhya Pradesh,TIKAMGARH,2013,Whole Year,Onion,669,3019,4.512705531
Madhya Pradesh,TIKAMGARH,2013,Whole Year,Potato,1556,12440,7.994858612
Madhya Pradesh,TIKAMGARH,2013,Whole Year,Sesamum,30129,6635,0.220219722
Madhya Pradesh,TIKAMGARH,2013,Whole Year,Sugarcane,189,6960,36.82539683
Madhya Pradesh,TIKAMGARH,2013,Whole Year,Sweet potato,509,2386,4.68762279
Madhya Pradesh,TIKAMGARH,2013,Whole Year,Turmeric,205,183,0.892682927
Madhya Pradesh,UJJAIN,1997,Kharif,Arhar/Tur,1300,900,0.692307692
Madhya Pradesh,UJJAIN,1997,Kharif,Bajra,100,100,1
Madhya Pradesh,UJJAIN,1997,Kharif,Groundnut,100,200,2
Madhya Pradesh,UJJAIN,1997,Kharif,Jowar,8600,6100,0.709302326
Madhya Pradesh,UJJAIN,1997,Kharif,Maize,4300,5300,1.23255814
Madhya Pradesh,UJJAIN,1997,Kharif,Soyabean,407600,424400,1.041216879
Madhya Pradesh,UJJAIN,1997,Rabi,Barley,300,500,1.666666667
Madhya Pradesh,UJJAIN,1997,Rabi,Linseed,2600,1300,0.5
Madhya Pradesh,UJJAIN,1997,Rabi,Rapeseed &Mustard,1600,1100,0.6875
Madhya Pradesh,UJJAIN,1997,Rabi,Wheat,166200,437300,2.631167268
Madhya Pradesh,UJJAIN,1998,Kharif,Arhar/Tur,1200,900,0.75
Madhya Pradesh,UJJAIN,1998,Kharif,Bajra,100,100,1
Madhya Pradesh,UJJAIN,1998,Kharif,Groundnut,100,100,1
Madhya Pradesh,UJJAIN,1998,Kharif,Jowar,7300,7200,0.98630137
Madhya Pradesh,UJJAIN,1998,Kharif,Maize,3900,5100,1.307692308
Madhya Pradesh,UJJAIN,1998,Kharif,Soyabean,414600,572600,1.381090207
Madhya Pradesh,UJJAIN,1998,Kharif,Sunflower,100,,
Madhya Pradesh,UJJAIN,1998,Rabi,Barley,200,400,2
Madhya Pradesh,UJJAIN,1998,Rabi,Gram,133600,92200,0.69011976
Madhya Pradesh,UJJAIN,1998,Rabi,Linseed,1800,1000,0.555555556
Madhya Pradesh,UJJAIN,1998,Rabi,Rapeseed &Mustard,800,600,0.75
Madhya Pradesh,UJJAIN,1998,Rabi,Wheat,177700,488700,2.750140687
Madhya Pradesh,UJJAIN,1998,Whole Year,Sugarcane,538,9310,17.30483271
Madhya Pradesh,UJJAIN,1999,Kharif,Arhar/Tur,1086,868,0.799263352
Madhya Pradesh,UJJAIN,1999,Kharif,Bajra,27,25,0.925925926
Madhya Pradesh,UJJAIN,1999,Kharif,Castor seed,7,4,0.571428571
Madhya Pradesh,UJJAIN,1999,Kharif,Cotton(lint),15,9,0.6
Madhya Pradesh,UJJAIN,1999,Kharif,Dry ginger,1,1,1
Madhya Pradesh,UJJAIN,1999,Kharif,Groundnut,72,109,1.513888889
Madhya Pradesh,UJJAIN,1999,Kharif,Jowar,4560,4938,1.082894737
Madhya Pradesh,UJJAIN,1999,Kharif,Maize,5712,9833,1.721463585
Madhya Pradesh,UJJAIN,1999,Kharif,Other Kharif pulses,2476,1081,0.436591276
Madhya Pradesh,UJJAIN,1999,Kharif,Rice,12,9,0.75
Madhya Pradesh,UJJAIN,1999,Kharif,Sesamum,10,4,0.4
Madhya Pradesh,UJJAIN,1999,Kharif,Soyabean,416991,568277,1.362803993
Madhya Pradesh,UJJAIN,1999,Kharif,Sunflower,24,6,0.25
Madhya Pradesh,UJJAIN,1999,Kharif,Urad,2214,966,0.436314363
Madhya Pradesh,UJJAIN,1999,Rabi,Barley,211,331,1.568720379
Madhya Pradesh,UJJAIN,1999,Rabi,Gram,130951,127808,0.975998656
Madhya Pradesh,UJJAIN,1999,Rabi,Linseed,869,580,0.667433832
Madhya Pradesh,UJJAIN,1999,Rabi,Other  Rabi pulses,565,289,0.511504425
Madhya Pradesh,UJJAIN,1999,Rabi,Rapeseed &Mustard,469,366,0.780383795
Madhya Pradesh,UJJAIN,1999,Rabi,Safflower,3,1,0.333333333
Madhya Pradesh,UJJAIN,1999,Rabi,Wheat,189419,555638,2.933380495
Madhya Pradesh,UJJAIN,1999,Whole Year,Coriander,1048,360,0.34351145
Madhya Pradesh,UJJAIN,1999,Whole Year,Dry chillies,82,57,0.695121951
Madhya Pradesh,UJJAIN,1999,Whole Year,Garlic,6299,26004,4.128274329
Madhya Pradesh,UJJAIN,1999,Whole Year,Onion,1062,13086,12.3220339
Madhya Pradesh,UJJAIN,1999,Whole Year,Potato,4450,66787,15.00831461
Madhya Pradesh,UJJAIN,1999,Whole Year,Sannhamp,7,17,2.428571429
Madhya Pradesh,UJJAIN,1999,Whole Year,Sugarcane,349,8690,24.89971347
Madhya Pradesh,UJJAIN,1999,Whole Year,Sweet potato,43,334,7.76744186
Madhya Pradesh,UJJAIN,2000,Kharif,Arhar/Tur,990,418,0.422222222
Madhya Pradesh,UJJAIN,2000,Kharif,Bajra,17,12,0.705882353
Madhya Pradesh,UJJAIN,2000,Kharif,Castor seed,2,1,0.5
Madhya Pradesh,UJJAIN,2000,Kharif,Cotton(lint),7,2,0.285714286
Madhya Pradesh,UJJAIN,2000,Kharif,Dry ginger,1,1,1
Madhya Pradesh,UJJAIN,2000,Kharif,Groundnut,142,117,0.823943662
Madhya Pradesh,UJJAIN,2000,Kharif,Jowar,3365,855,0.254086181
Madhya Pradesh,UJJAIN,2000,Kharif,Maize,8078,9076,1.123545432
Madhya Pradesh,UJJAIN,2000,Kharif,Other Kharif pulses,1747,431,0.246708643
Madhya Pradesh,UJJAIN,2000,Kharif,Rice,20,8,0.4
Madhya Pradesh,UJJAIN,2000,Kharif,Sesamum,10,3,0.3
Madhya Pradesh,UJJAIN,2000,Kharif,Soyabean,421517,257547,0.611000268
Madhya Pradesh,UJJAIN,2000,Kharif,Sunflower,24,3,0.125
Madhya Pradesh,UJJAIN,2000,Rabi,Barley,36,34,0.944444444
Madhya Pradesh,UJJAIN,2000,Rabi,Gram,20936,17984,0.858998854
Madhya Pradesh,UJJAIN,2000,Rabi,Linseed,127,45,0.354330709
Madhya Pradesh,UJJAIN,2000,Rabi,Other  Rabi pulses,236,61,0.258474576
Madhya Pradesh,UJJAIN,2000,Rabi,Rapeseed &Mustard,30,9,0.3
Madhya Pradesh,UJJAIN,2000,Rabi,Wheat,36916,53962,1.461751002
Madhya Pradesh,UJJAIN,2000,Whole Year,Coriander,85,16,0.188235294
Madhya Pradesh,UJJAIN,2000,Whole Year,Dry chillies,38,11,0.289473684
Madhya Pradesh,UJJAIN,2000,Whole Year,Garlic,2167,4996,2.305491463
Madhya Pradesh,UJJAIN,2000,Whole Year,Onion,463,4727,10.20950324
Madhya Pradesh,UJJAIN,2000,Whole Year,Sannhamp,2,,
Madhya Pradesh,UJJAIN,2000,Whole Year,Sugarcane,300,3420,11.4
Madhya Pradesh,UJJAIN,2001,Kharif,Arhar/Tur,1074,508,0.472998138
Madhya Pradesh,UJJAIN,2001,Kharif,Bajra,28,16,0.571428571
Madhya Pradesh,UJJAIN,2001,Kharif,Cotton(lint),9,4,0.444444444
Madhya Pradesh,UJJAIN,2001,Kharif,Dry ginger,4,3,0.75
Madhya Pradesh,UJJAIN,2001,Kharif,Groundnut,158,153,0.96835443
Madhya Pradesh,UJJAIN,2001,Kharif,Jowar,4714,3234,0.686041578
Madhya Pradesh,UJJAIN,2001,Kharif,Maize,12788,16650,1.302001877
Madhya Pradesh,UJJAIN,2001,Kharif,Niger seed,1,0.01,0.01
Madhya Pradesh,UJJAIN,2001,Kharif,Other Kharif pulses,3013,775,0.257218719
Madhya Pradesh,UJJAIN,2001,Kharif,Rice,10,4,0.4
Madhya Pradesh,UJJAIN,2001,Kharif,Sesamum,31,8,0.258064516
Madhya Pradesh,UJJAIN,2001,Kharif,Small millets,1,0,0
Madhya Pradesh,UJJAIN,2001,Kharif,Soyabean,416685,268345,0.643999664
Madhya Pradesh,UJJAIN,2001,Kharif,Sunflower,25,3,0.12
Madhya Pradesh,UJJAIN,2001,Rabi,Barley,40,38,0.95
Madhya Pradesh,UJJAIN,2001,Rabi,Gram,113113,55312,0.488997728
Madhya Pradesh,UJJAIN,2001,Rabi,Linseed,1033,428,0.414327202
Madhya Pradesh,UJJAIN,2001,Rabi,Other  Rabi pulses,911,237,0.260153677
Madhya Pradesh,UJJAIN,2001,Rabi,Rapeseed &Mustard,744,359,0.482526882
Madhya Pradesh,UJJAIN,2001,Rabi,Safflower,2,1,0.5
Madhya Pradesh,UJJAIN,2001,Rabi,Wheat,55755,62864,1.12750426
Madhya Pradesh,UJJAIN,2001,Whole Year,Coriander,276,46,0.166666667
Madhya Pradesh,UJJAIN,2001,Whole Year,Dry chillies,63,22,0.349206349
Madhya Pradesh,UJJAIN,2001,Whole Year,Garlic,2267,5227,2.30569034
Madhya Pradesh,UJJAIN,2001,Whole Year,Onion,639,5488,8.588419405
Madhya Pradesh,UJJAIN,2001,Whole Year,Potato,1376,14628,10.63081395
Madhya Pradesh,UJJAIN,2001,Whole Year,Sannhamp,7,11,1.571428571
Madhya Pradesh,UJJAIN,2001,Whole Year,Sugarcane,189,3380,17.88359788
Madhya Pradesh,UJJAIN,2001,Whole Year,Sweet potato,13,54,4.153846154
Madhya Pradesh,UJJAIN,2001,Whole Year,Tobacco,40,12,0.3
Madhya Pradesh,UJJAIN,2002,Kharif,Arhar/Tur,1179,368,0.312128923
Madhya Pradesh,UJJAIN,2002,Kharif,Bajra,21,9,0.428571429
Madhya Pradesh,UJJAIN,2002,Kharif,Cotton(lint),19,5,0.263157895
Madhya Pradesh,UJJAIN,2002,Kharif,Dry ginger,3,1,0.333333333
Madhya Pradesh,UJJAIN,2002,Kharif,Groundnut,270,164,0.607407407
Madhya Pradesh,UJJAIN,2002,Kharif,Jowar,6195,8531,1.377078289
Madhya Pradesh,UJJAIN,2002,Kharif,Maize,12624,15080,1.194550063
Madhya Pradesh,UJJAIN,2002,Kharif,Other Kharif pulses,5391,1125,0.208681135
Madhya Pradesh,UJJAIN,2002,Kharif,Rice,8,2,0.25
Madhya Pradesh,UJJAIN,2002,Kharif,Sesamum,65,17,0.261538462
Madhya Pradesh,UJJAIN,2002,Kharif,Soyabean,414654,200693,0.484001119
Madhya Pradesh,UJJAIN,2002,Kharif,Sunflower,30,4,0.133333333
Madhya Pradesh,UJJAIN,2002,Rabi,Barley,21,20,0.952380952
Madhya Pradesh,UJJAIN,2002,Rabi,Gram,51785,31382,0.6060056
Madhya Pradesh,UJJAIN,2002,Rabi,Linseed,305,126,0.413114754
Madhya Pradesh,UJJAIN,2002,Rabi,Other  Rabi pulses,222,52,0.234234234
Madhya Pradesh,UJJAIN,2002,Rabi,Rapeseed &Mustard,624,274,0.439102564
Madhya Pradesh,UJJAIN,2002,Rabi,Safflower,2,0.01,0.005
Madhya Pradesh,UJJAIN,2002,Rabi,Wheat,46099,62186,1.348966355
Madhya Pradesh,UJJAIN,2002,Whole Year,Banana,2,0,0
Madhya Pradesh,UJJAIN,2002,Whole Year,Beans & Mutter(Vegetable),637,0,0
Madhya Pradesh,UJJAIN,2002,Whole Year,Bhindi,149,0,0
Madhya Pradesh,UJJAIN,2002,Whole Year,Brinjal,230,0,0
Madhya Pradesh,UJJAIN,2002,Whole Year,Cabbage,33,0,0
Madhya Pradesh,UJJAIN,2002,Whole Year,Cauliflower,123,0,0
Madhya Pradesh,UJJAIN,2002,Whole Year,Citrus Fruit,92,0,0
Madhya Pradesh,UJJAIN,2002,Whole Year,Coriander,183,30,0.163934426
Madhya Pradesh,UJJAIN,2002,Whole Year,Dry chillies,59,25,0.423728814
Madhya Pradesh,UJJAIN,2002,Whole Year,Garlic,3391,8363,2.466234149
Madhya Pradesh,UJJAIN,2002,Whole Year,Mango,89,0,0
Madhya Pradesh,UJJAIN,2002,Whole Year,Onion,692,5843,8.443641618
Madhya Pradesh,UJJAIN,2002,Whole Year,Other Fresh Fruits,28,0,0
Madhya Pradesh,UJJAIN,2002,Whole Year,Other Vegetables,754,0,0
Madhya Pradesh,UJJAIN,2002,Whole Year,Papaya,15,367,24.46666667
Madhya Pradesh,UJJAIN,2002,Whole Year,Pome Fruit,167,0,0
Madhya Pradesh,UJJAIN,2002,Whole Year,Potato,1637,15557,9.503359805
Madhya Pradesh,UJJAIN,2002,Whole Year,Sugarcane,173,2820,16.30057803
Madhya Pradesh,UJJAIN,2002,Whole Year,Sweet potato,9,40,4.444444444
Madhya Pradesh,UJJAIN,2002,Whole Year,Tobacco,31,9,0.290322581
Madhya Pradesh,UJJAIN,2002,Whole Year,Tomato,120,0,0
Madhya Pradesh,UJJAIN,2002,Whole Year,Turmeric,19,5,0.263157895
Madhya Pradesh,UJJAIN,2003,Kharif,Arhar/Tur,1395,985,0.70609319
Madhya Pradesh,UJJAIN,2003,Kharif,Bajra,25,30,1.2
Madhya Pradesh,UJJAIN,2003,Kharif,Cotton(lint),31,23,0.741935484
Madhya Pradesh,UJJAIN,2003,Kharif,Dry ginger,2,2,1
Madhya Pradesh,UJJAIN,2003,Kharif,Groundnut,315,422,1.33968254
Madhya Pradesh,UJJAIN,2003,Kharif,Jowar,52934,66697,1.260003023
Madhya Pradesh,UJJAIN,2003,Kharif,Maize,15592,33142,2.125577219
Madhya Pradesh,UJJAIN,2003,Kharif,Other Kharif pulses,10138,4358,0.429867824
Madhya Pradesh,UJJAIN,2003,Kharif,Rice,5,3,0.6
Madhya Pradesh,UJJAIN,2003,Kharif,Sesamum,157,81,0.515923567
Madhya Pradesh,UJJAIN,2003,Kharif,Soyabean,363977,396007,1.088000066
Madhya Pradesh,UJJAIN,2003,Kharif,Sunflower,32,8,0.25
Madhya Pradesh,UJJAIN,2003,Kharif,Urad,9744,4191,0.430110837
Madhya Pradesh,UJJAIN,2003,Rabi,Barley,50,90,1.8
Madhya Pradesh,UJJAIN,2003,Rabi,Gram,120957,92411,0.763998776
Madhya Pradesh,UJJAIN,2003,Rabi,Linseed,1097,819,0.746581586
Madhya Pradesh,UJJAIN,2003,Rabi,Other  Rabi pulses,525,211,0.401904762
Madhya Pradesh,UJJAIN,2003,Rabi,Rapeseed &Mustard,1077,956,0.887650882
Madhya Pradesh,UJJAIN,2003,Rabi,Safflower,38,9,0.236842105
Madhya Pradesh,UJJAIN,2003,Rabi,Wheat,130949,223399,1.706000046
Madhya Pradesh,UJJAIN,2003,Whole Year,Beans & Mutter(Vegetable),2593,0,0
Madhya Pradesh,UJJAIN,2003,Whole Year,Bhindi,128,0,0
Madhya Pradesh,UJJAIN,2003,Whole Year,Brinjal,162,0,0
Madhya Pradesh,UJJAIN,2003,Whole Year,Cabbage,46,0,0
Madhya Pradesh,UJJAIN,2003,Whole Year,Cauliflower,324,0,0
Madhya Pradesh,UJJAIN,2003,Whole Year,Citrus Fruit,34,0,0
Madhya Pradesh,UJJAIN,2003,Whole Year,Coriander,1223,388,0.317252657
Madhya Pradesh,UJJAIN,2003,Whole Year,Dry chillies,266,211,0.793233083
Madhya Pradesh,UJJAIN,2003,Whole Year,Garlic,5464,20799,3.806551977
Madhya Pradesh,UJJAIN,2003,Whole Year,Mango,66,0,0
Madhya Pradesh,UJJAIN,2003,Whole Year,Onion,1067,13922,13.04779756
Madhya Pradesh,UJJAIN,2003,Whole Year,Orange,38,0,0
Madhya Pradesh,UJJAIN,2003,Whole Year,Other Fresh Fruits,34,0,0
Madhya Pradesh,UJJAIN,2003,Whole Year,Other Vegetables,802,0,0
Madhya Pradesh,UJJAIN,2003,Whole Year,Papaya,12,439,36.58333333
Madhya Pradesh,UJJAIN,2003,Whole Year,Pome Fruit,158,0,0
Madhya Pradesh,UJJAIN,2003,Whole Year,Potato,1919,33249,17.32621157
Madhya Pradesh,UJJAIN,2003,Whole Year,Sannhamp,4,11,2.75
Madhya Pradesh,UJJAIN,2003,Whole Year,Sugarcane,136,2960,21.76470588
Madhya Pradesh,UJJAIN,2003,Whole Year,Sweet potato,32,232,7.25
Madhya Pradesh,UJJAIN,2003,Whole Year,Tomato,398,0,0
Madhya Pradesh,UJJAIN,2003,Whole Year,Turmeric,2,2,1
Madhya Pradesh,UJJAIN,2003,Whole Year,Water Melon,3,0,0
Madhya Pradesh,UJJAIN,2004,Kharif,Arhar/Tur,1424,589,0.413623596
Madhya Pradesh,UJJAIN,2004,Kharif,Bajra,37,30,0.810810811
Madhya Pradesh,UJJAIN,2004,Kharif,Cotton(lint),172,134,0.779069767
Madhya Pradesh,UJJAIN,2004,Kharif,Dry ginger,5,4,0.8
Madhya Pradesh,UJJAIN,2004,Kharif,Groundnut,507,609,1.201183432
Madhya Pradesh,UJJAIN,2004,Kharif,Jowar,19717,14255,0.722980169
Madhya Pradesh,UJJAIN,2004,Kharif,Maize,13821,14153,1.024021417
Madhya Pradesh,UJJAIN,2004,Kharif,Rice,19,10,0.526315789
Madhya Pradesh,UJJAIN,2004,Kharif,Sesamum,681,279,0.40969163
Madhya Pradesh,UJJAIN,2004,Kharif,Soyabean,400116,277280,0.69299903
Madhya Pradesh,UJJAIN,2004,Kharif,Sunflower,46,8,0.173913043
Madhya Pradesh,UJJAIN,2004,Kharif,Urad,10813,2857,0.264218996
Madhya Pradesh,UJJAIN,2004,Rabi,Barley,72,114,1.583333333
Madhya Pradesh,UJJAIN,2004,Rabi,Gram,102952,96981,0.942002098
Madhya Pradesh,UJJAIN,2004,Rabi,Linseed,1102,870,0.789473684
Madhya Pradesh,UJJAIN,2004,Rabi,Masoor,530,224,0.422641509
Madhya Pradesh,UJJAIN,2004,Rabi,Rapeseed &Mustard,14010,13005,0.928265525
Madhya Pradesh,UJJAIN,2004,Rabi,Safflower,70,18,0.257142857
Madhya Pradesh,UJJAIN,2004,Rabi,Wheat,148771,345589,2.322959448
Madhya Pradesh,UJJAIN,2004,Whole Year,Coriander,1224,392,0.320261438
Madhya Pradesh,UJJAIN,2004,Whole Year,Garlic,5589,21575,3.860261227
Madhya Pradesh,UJJAIN,2004,Whole Year,Onion,1264,19209,15.19699367
Madhya Pradesh,UJJAIN,2004,Whole Year,Potato,2261,43154,19.08624502
Madhya Pradesh,UJJAIN,2004,Whole Year,Sugarcane,96,2090,21.77083333
Madhya Pradesh,UJJAIN,2004,Whole Year,Sweet potato,32,235,7.34375
Madhya Pradesh,UJJAIN,2004,Whole Year,Turmeric,13,20,1.538461538
Madhya Pradesh,UJJAIN,2005,Kharif,Arhar/Tur,1193,478,0.400670578
Madhya Pradesh,UJJAIN,2005,Kharif,Bajra,15,10,0.666666667
Madhya Pradesh,UJJAIN,2005,Kharif,Castor seed,1,,
Madhya Pradesh,UJJAIN,2005,Kharif,Cotton(lint),152,104,0.684210526
Madhya Pradesh,UJJAIN,2005,Kharif,Groundnut,538,489,0.908921933
Madhya Pradesh,UJJAIN,2005,Kharif,Jowar,6969,7269,1.043047783
Madhya Pradesh,UJJAIN,2005,Kharif,Maize,13940,13414,0.962266858
Madhya Pradesh,UJJAIN,2005,Kharif,Moong(Green Gram),400,113,0.2825
Madhya Pradesh,UJJAIN,2005,Kharif,Rice,5,2,0.4
Madhya Pradesh,UJJAIN,2005,Kharif,Sesamum,344,109,0.316860465
Madhya Pradesh,UJJAIN,2005,Kharif,Soyabean,421674,443601,1.051999886
Madhya Pradesh,UJJAIN,2005,Kharif,Sunflower,46,7,0.152173913
Madhya Pradesh,UJJAIN,2005,Kharif,Urad,5936,1714,0.288746631
Madhya Pradesh,UJJAIN,2005,Rabi,Barley,34,56,1.647058824
Madhya Pradesh,UJJAIN,2005,Rabi,Gram,82460,62752,0.760999272
Madhya Pradesh,UJJAIN,2005,Rabi,Linseed,124,67,0.540322581
Madhya Pradesh,UJJAIN,2005,Rabi,Masoor,228,91,0.399122807
Madhya Pradesh,UJJAIN,2005,Rabi,Peas & beans (Pulses),87,37,0.425287356
Madhya Pradesh,UJJAIN,2005,Rabi,Rapeseed &Mustard,9915,7769,0.783560262
Madhya Pradesh,UJJAIN,2005,Rabi,Wheat,69766,122437,1.754966603
Madhya Pradesh,UJJAIN,2005,Whole Year,Onion,1359,25385,18.67917586
Madhya Pradesh,UJJAIN,2005,Whole Year,Potato,1271,19726,15.52006294
Madhya Pradesh,UJJAIN,2005,Whole Year,Sugarcane,74,1660,22.43243243
Madhya Pradesh,UJJAIN,2005,Whole Year,Sweet potato,26,191,7.346153846
Madhya Pradesh,UJJAIN,2006,Kharif,Arhar/Tur,1058,652,0.616257089
Madhya Pradesh,UJJAIN,2006,Kharif,Bajra,6,6,1
Madhya Pradesh,UJJAIN,2006,Kharif,Cotton(lint),160,132,0.825
Madhya Pradesh,UJJAIN,2006,Kharif,Dry ginger,6,5,0.833333333
Madhya Pradesh,UJJAIN,2006,Kharif,Groundnut,430,495,1.151162791
Madhya Pradesh,UJJAIN,2006,Kharif,Jowar,6012,5844,0.972055888
Madhya Pradesh,UJJAIN,2006,Kharif,Jute,6,11,1.833333333
Madhya Pradesh,UJJAIN,2006,Kharif,Maize,10977,10300,0.93832559
Madhya Pradesh,UJJAIN,2006,Kharif,Moong(Green Gram),324,143,0.441358025
Madhya Pradesh,UJJAIN,2006,Kharif,Other Kharif pulses,6,2,0.333333333
Madhya Pradesh,UJJAIN,2006,Kharif,Rice,1,1,1
Madhya Pradesh,UJJAIN,2006,Kharif,Soyabean,430340,467780,1.087000976
Madhya Pradesh,UJJAIN,2006,Kharif,Sunflower,44,11,0.25
Madhya Pradesh,UJJAIN,2006,Kharif,Urad,3854,1610,0.417747794
Madhya Pradesh,UJJAIN,2006,Rabi,Gram,119514,138756,1.161002058
Madhya Pradesh,UJJAIN,2006,Rabi,Linseed,175,135,0.771428571
Madhya Pradesh,UJJAIN,2006,Rabi,Masoor,361,165,0.457063712
Madhya Pradesh,UJJAIN,2006,Rabi,Peas & beans (Pulses),142,67,0.471830986
Madhya Pradesh,UJJAIN,2006,Rabi,Rapeseed &Mustard,4975,4468,0.898090452
Madhya Pradesh,UJJAIN,2006,Rabi,Safflower,32,8,0.25
Madhya Pradesh,UJJAIN,2006,Rabi,Wheat,183168,548854,2.996451345
Madhya Pradesh,UJJAIN,2006,Whole Year,Coriander,890,310,0.348314607
Madhya Pradesh,UJJAIN,2006,Whole Year,Dry chillies,120,111,0.925
Madhya Pradesh,UJJAIN,2006,Whole Year,Garlic,5685,22250,3.913808267
Madhya Pradesh,UJJAIN,2006,Whole Year,Onion,1078,20825,19.31818182
Madhya Pradesh,UJJAIN,2006,Whole Year,Potato,1639,28162,17.18242831
Madhya Pradesh,UJJAIN,2006,Whole Year,Sesamum,233,100,0.429184549
Madhya Pradesh,UJJAIN,2006,Whole Year,Sugarcane,154,3730,24.22077922
Madhya Pradesh,UJJAIN,2006,Whole Year,Sweet potato,26,197,7.576923077
Madhya Pradesh,UJJAIN,2006,Whole Year,Tobacco,37,20,0.540540541
Madhya Pradesh,UJJAIN,2006,Whole Year,Turmeric,9,14,1.555555556
Madhya Pradesh,UJJAIN,2007,Kharif,Arhar/Tur,1193,698,0.585079631
Madhya Pradesh,UJJAIN,2007,Kharif,Bajra,7,7,1
Madhya Pradesh,UJJAIN,2007,Kharif,Cotton(lint),124,17,0.137096774
Madhya Pradesh,UJJAIN,2007,Kharif,Groundnut,311,430,1.382636656
Madhya Pradesh,UJJAIN,2007,Kharif,Jowar,4576,5468,1.19493007
Madhya Pradesh,UJJAIN,2007,Kharif,Maize,8898,10403,1.169139132
Madhya Pradesh,UJJAIN,2007,Kharif,Rice,1,,
Madhya Pradesh,UJJAIN,2007,Kharif,Sannhamp,2,1,0.5
Madhya Pradesh,UJJAIN,2007,Kharif,Soyabean,431720,513315,1.188999815
Madhya Pradesh,UJJAIN,2007,Kharif,Urad,3847,1560,0.405510788
Madhya Pradesh,UJJAIN,2007,Rabi,Barley,53,87,1.641509434
Madhya Pradesh,UJJAIN,2007,Rabi,Gram,133725,91334,0.682998691
Madhya Pradesh,UJJAIN,2007,Rabi,Linseed,136,87,0.639705882
Madhya Pradesh,UJJAIN,2007,Rabi,Masoor,323,134,0.414860681
Madhya Pradesh,UJJAIN,2007,Rabi,Peas & beans (Pulses),1543,497,0.322099806
Madhya Pradesh,UJJAIN,2007,Rabi,Rapeseed &Mustard,2955,2211,0.74822335
Madhya Pradesh,UJJAIN,2007,Rabi,Wheat,190986,341111,1.786052381
Madhya Pradesh,UJJAIN,2007,Whole Year,Coriander,888,204,0.22972973
Madhya Pradesh,UJJAIN,2007,Whole Year,Garlic,8066,30272,3.753037441
Madhya Pradesh,UJJAIN,2007,Whole Year,Onion,1195,18877,15.79665272
Madhya Pradesh,UJJAIN,2007,Whole Year,Potato,3893,39949,10.26175186
Madhya Pradesh,UJJAIN,2007,Whole Year,Sesamum,137,75,0.547445255
Madhya Pradesh,UJJAIN,2007,Whole Year,Sugarcane,106,2600,24.52830189
Madhya Pradesh,UJJAIN,2007,Whole Year,Sunflower,51,12,0.235294118
Madhya Pradesh,UJJAIN,2007,Whole Year,Sweet potato,13,97,7.461538462
Madhya Pradesh,UJJAIN,2007,Whole Year,Tobacco,45,24,0.533333333
Madhya Pradesh,UJJAIN,2007,Whole Year,Turmeric,2,3,1.5
Madhya Pradesh,UJJAIN,2008,Kharif,Arhar/Tur,1061,723,0.681432611
Madhya Pradesh,UJJAIN,2008,Kharif,Bajra,12,13,1.083333333
Madhya Pradesh,UJJAIN,2008,Kharif,Cotton(lint),11,2,0.181818182
Madhya Pradesh,UJJAIN,2008,Kharif,Groundnut,274,385,1.405109489
Madhya Pradesh,UJJAIN,2008,Kharif,Horse-gram,6,2,0.333333333
Madhya Pradesh,UJJAIN,2008,Kharif,Jowar,3925,3383,0.861910828
Madhya Pradesh,UJJAIN,2008,Kharif,Maize,7422,8329,1.122204258
Madhya Pradesh,UJJAIN,2008,Kharif,Rice,2,1,0.5
Madhya Pradesh,UJJAIN,2008,Kharif,Sannhamp,6,3,0.5
Madhya Pradesh,UJJAIN,2008,Kharif,Soyabean,443713,628298,1.416000883
Madhya Pradesh,UJJAIN,2008,Kharif,Sunflower,39,9,0.230769231
Madhya Pradesh,UJJAIN,2008,Kharif,Urad,1777,699,0.393359595
Madhya Pradesh,UJJAIN,2008,Rabi,Barley,34,54,1.588235294
Madhya Pradesh,UJJAIN,2008,Rabi,Gram,163321,127227,0.778999639
Madhya Pradesh,UJJAIN,2008,Rabi,Khesari,2,1,0.5
Madhya Pradesh,UJJAIN,2008,Rabi,Linseed,75,52,0.693333333
Madhya Pradesh,UJJAIN,2008,Rabi,Masoor,223,87,0.390134529
Madhya Pradesh,UJJAIN,2008,Rabi,Peas & beans (Pulses),273,103,0.377289377
Madhya Pradesh,UJJAIN,2008,Rabi,Rapeseed &Mustard,2541,2136,0.840613932
Madhya Pradesh,UJJAIN,2008,Rabi,Wheat,98796,184325,1.865713187
Madhya Pradesh,UJJAIN,2008,Whole Year,Coriander,646,189,0.292569659
Madhya Pradesh,UJJAIN,2008,Whole Year,Garlic,6725,24158,3.592267658
Madhya Pradesh,UJJAIN,2008,Whole Year,Onion,1172,17972,15.33447099
Madhya Pradesh,UJJAIN,2008,Whole Year,Potato,4066,42593,10.4754058
Madhya Pradesh,UJJAIN,2008,Whole Year,Sesamum,84,43,0.511904762
Madhya Pradesh,UJJAIN,2008,Whole Year,Sugarcane,86,2060,23.95348837
Madhya Pradesh,UJJAIN,2008,Whole Year,Sweet potato,8,55,6.875
Madhya Pradesh,UJJAIN,2008,Whole Year,Tobacco,25,13,0.52
Madhya Pradesh,UJJAIN,2009,Kharif,Jowar,2891,3015,1.042891733
Madhya Pradesh,UJJAIN,2009,Kharif,Moong(Green Gram),151,62,0.410596026
Madhya Pradesh,UJJAIN,2009,Kharif,Urad,1696,688,0.405660377
Madhya Pradesh,UJJAIN,2009,Whole Year,Arhar/Tur,1057,715,0.676442763
Madhya Pradesh,UJJAIN,2009,Whole Year,Bajra,6,7,1.166666667
Madhya Pradesh,UJJAIN,2009,Whole Year,Barley,36,56,1.555555556
Madhya Pradesh,UJJAIN,2009,Whole Year,Coriander,485,146,0.301030928
Madhya Pradesh,UJJAIN,2009,Whole Year,Cotton(lint),4,1,0.25
Madhya Pradesh,UJJAIN,2009,Whole Year,Dry chillies,49,82,1.673469388
Madhya Pradesh,UJJAIN,2009,Whole Year,Dry ginger,3,3,1
Madhya Pradesh,UJJAIN,2009,Whole Year,Garlic,7217,27085,3.752944437
Madhya Pradesh,UJJAIN,2009,Whole Year,Gram,202956,192199,0.946998364
Madhya Pradesh,UJJAIN,2009,Whole Year,Groundnut,231,338,1.463203463
Madhya Pradesh,UJJAIN,2009,Whole Year,Linseed,238,180,0.756302521
Madhya Pradesh,UJJAIN,2009,Whole Year,Maize,6657,6855,1.029743128
Madhya Pradesh,UJJAIN,2009,Whole Year,Masoor,278,113,0.40647482
Madhya Pradesh,UJJAIN,2009,Whole Year,Onion,1356,22528,16.61356932
Madhya Pradesh,UJJAIN,2009,Whole Year,Peas & beans (Pulses),387,159,0.410852713
Madhya Pradesh,UJJAIN,2009,Whole Year,Potato,4218,53044,12.57562826
Madhya Pradesh,UJJAIN,2009,Whole Year,Rapeseed &Mustard,2303,2060,0.894485454
Madhya Pradesh,UJJAIN,2009,Whole Year,Sesamum,65,36,0.553846154
Madhya Pradesh,UJJAIN,2009,Whole Year,Soyabean,453838,673042,1.483000542
Madhya Pradesh,UJJAIN,2009,Whole Year,Sugarcane,76,1840,24.21052632
Madhya Pradesh,UJJAIN,2009,Whole Year,Sunflower,20,5,0.25
Madhya Pradesh,UJJAIN,2009,Whole Year,Sweet potato,7,49,7
Madhya Pradesh,UJJAIN,2009,Whole Year,Tobacco,25,13,0.52
Madhya Pradesh,UJJAIN,2009,Whole Year,Wheat,128916,318571,2.471151758
Madhya Pradesh,UJJAIN,2010,Kharif,Arhar/Tur,1233,450,0.364963504
Madhya Pradesh,UJJAIN,2010,Kharif,Bajra,12,14,1.166666667
Madhya Pradesh,UJJAIN,2010,Kharif,Cotton(lint),5,4,0.8
Madhya Pradesh,UJJAIN,2010,Kharif,Groundnut,199,354,1.778894472
Madhya Pradesh,UJJAIN,2010,Kharif,Jowar,2592,2276,0.87808642
Madhya Pradesh,UJJAIN,2010,Kharif,Maize,6125,6918,1.129469388
Madhya Pradesh,UJJAIN,2010,Kharif,Moong(Green Gram),175,71,0.405714286
Madhya Pradesh,UJJAIN,2010,Kharif,Soyabean,451762,626825,1.387511566
Madhya Pradesh,UJJAIN,2010,Kharif,Urad,1967,797,0.405185562
Madhya Pradesh,UJJAIN,2010,Rabi,Barley,36,68,1.888888889
Madhya Pradesh,UJJAIN,2010,Rabi,Gram,212713,134860,0.633999803
Madhya Pradesh,UJJAIN,2010,Rabi,Linseed,261,155,0.593869732
Madhya Pradesh,UJJAIN,2010,Rabi,Masoor,366,121,0.330601093
Madhya Pradesh,UJJAIN,2010,Rabi,Peas & beans (Pulses),507,142,0.280078895
Madhya Pradesh,UJJAIN,2010,Rabi,Rapeseed &Mustard,1700,1355,0.797058824
Madhya Pradesh,UJJAIN,2010,Rabi,Wheat,135129,237773,1.759600086
Madhya Pradesh,UJJAIN,2010,Whole Year,Banana,2,100,50
Madhya Pradesh,UJJAIN,2010,Whole Year,Coriander,582,154,0.264604811
Madhya Pradesh,UJJAIN,2010,Whole Year,Dry chillies,98,242,2.469387755
Madhya Pradesh,UJJAIN,2010,Whole Year,Dry ginger,4,4,1
Madhya Pradesh,UJJAIN,2010,Whole Year,Garlic,7774,21951,2.823642912
Madhya Pradesh,UJJAIN,2010,Whole Year,Mesta,36,87,2.416666667
Madhya Pradesh,UJJAIN,2010,Whole Year,Onion,2007,33990,16.93572496
Madhya Pradesh,UJJAIN,2010,Whole Year,Potato,6886,57666,8.374382806
Madhya Pradesh,UJJAIN,2010,Whole Year,Sannhamp,1,,
Madhya Pradesh,UJJAIN,2010,Whole Year,Sesamum,60,37,0.616666667
Madhya Pradesh,UJJAIN,2010,Whole Year,Sugarcane,10,240,24
Madhya Pradesh,UJJAIN,2010,Whole Year,Sweet potato,73,396,5.424657534
Madhya Pradesh,UJJAIN,2010,Whole Year,Tobacco,35,18,0.514285714
Madhya Pradesh,UJJAIN,2011,Kharif,Arhar/Tur,1428,785,0.549719888
Madhya Pradesh,UJJAIN,2011,Kharif,Bajra,2,3,1.5
Madhya Pradesh,UJJAIN,2011,Kharif,Barley,38,90,2.368421053
Madhya Pradesh,UJJAIN,2011,Kharif,Cotton(lint),3,4,1.333333333
Madhya Pradesh,UJJAIN,2011,Kharif,Groundnut,207,322,1.555555556
Madhya Pradesh,UJJAIN,2011,Kharif,Jowar,2162,1503,0.695189639
Madhya Pradesh,UJJAIN,2011,Kharif,Maize,5848,5997,1.025478796
Madhya Pradesh,UJJAIN,2011,Kharif,Moong(Green Gram),219,72,0.328767123
Madhya Pradesh,UJJAIN,2011,Kharif,Soyabean,456653,632921,1.385999873
Madhya Pradesh,UJJAIN,2011,Kharif,Urad,2086,686,0.32885906
Madhya Pradesh,UJJAIN,2011,Rabi,Gram,197012,150624,0.764542261
Madhya Pradesh,UJJAIN,2011,Rabi,Linseed,198,202,1.02020202
Madhya Pradesh,UJJAIN,2011,Rabi,Masoor,289,101,0.349480969
Madhya Pradesh,UJJAIN,2011,Rabi,Peas & beans (Pulses),549,181,0.329690346
Madhya Pradesh,UJJAIN,2011,Rabi,Rapeseed &Mustard,1849,2086,1.128177393
Madhya Pradesh,UJJAIN,2011,Rabi,Wheat,150445,402096,2.672710957
Madhya Pradesh,UJJAIN,2011,Whole Year,Coriander,641,188,0.293291732
Madhya Pradesh,UJJAIN,2011,Whole Year,Dry chillies,94,148,1.574468085
Madhya Pradesh,UJJAIN,2011,Whole Year,Dry ginger,3,2,0.666666667
Madhya Pradesh,UJJAIN,2011,Whole Year,Garlic,12810,40838,3.187978142
Madhya Pradesh,UJJAIN,2011,Whole Year,Onion,4430,91992,20.76568849
Madhya Pradesh,UJJAIN,2011,Whole Year,Potato,6731,88718,13.1805081
Madhya Pradesh,UJJAIN,2011,Whole Year,Sesamum,30,22,0.733333333
Madhya Pradesh,UJJAIN,2011,Whole Year,Sugarcane,26,560,21.53846154
Madhya Pradesh,UJJAIN,2011,Whole Year,Sweet potato,7,43,6.142857143
Madhya Pradesh,UJJAIN,2012,Kharif,Arhar/Tur,1521,972,0.639053254
Madhya Pradesh,UJJAIN,2012,Kharif,Barley,27,47,1.740740741
Madhya Pradesh,UJJAIN,2012,Kharif,Groundnut,192,424,2.208333333
Madhya Pradesh,UJJAIN,2012,Kharif,Jowar,583,574,0.984562607
Madhya Pradesh,UJJAIN,2012,Kharif,Maize,6696,15507,2.315860215
Madhya Pradesh,UJJAIN,2012,Kharif,Moong(Green Gram),268,97,0.361940299
Madhya Pradesh,UJJAIN,2012,Kharif,Soyabean,458822,673092,1.467000275
Madhya Pradesh,UJJAIN,2012,Kharif,Urad,2101,758,0.360780581
Madhya Pradesh,UJJAIN,2012,Rabi,Gram,183335,177197,0.966520304
Madhya Pradesh,UJJAIN,2012,Rabi,Linseed,50,35,0.7
Madhya Pradesh,UJJAIN,2012,Rabi,Masoor,435,165,0.379310345
Madhya Pradesh,UJJAIN,2012,Rabi,Peas & beans (Pulses),668,247,0.369760479
Madhya Pradesh,UJJAIN,2012,Rabi,Rapeseed &Mustard,1692,1471,0.869385343
Madhya Pradesh,UJJAIN,2012,Rabi,Wheat,204840,622908,3.040949033
Madhya Pradesh,UJJAIN,2012,Whole Year,Banana,1,47,47
Madhya Pradesh,UJJAIN,2012,Whole Year,Coriander,752,218,0.289893617
Madhya Pradesh,UJJAIN,2012,Whole Year,Dry chillies,55,136,2.472727273
Madhya Pradesh,UJJAIN,2012,Whole Year,Garlic,13045,47528,3.643388271
Madhya Pradesh,UJJAIN,2012,Whole Year,Onion,4921,115954,23.56309693
Madhya Pradesh,UJJAIN,2012,Whole Year,Potato,6967,88800,12.74580164
Madhya Pradesh,UJJAIN,2012,Whole Year,Sesamum,25,16,0.64
Madhya Pradesh,UJJAIN,2012,Whole Year,Sugarcane,8,170,21.25
Madhya Pradesh,UJJAIN,2012,Whole Year,Tobacco,27,14,0.518518519
Madhya Pradesh,UJJAIN,2012,Whole Year,Turmeric,5,7,1.4
Madhya Pradesh,UJJAIN,2013,Kharif,Arhar/Tur,1312,423,0.322408537
Madhya Pradesh,UJJAIN,2013,Kharif,Barley,18,25,1.388888889
Madhya Pradesh,UJJAIN,2013,Kharif,Groundnut,199,210,1.055276382
Madhya Pradesh,UJJAIN,2013,Kharif,Jowar,646,364,0.563467492
Madhya Pradesh,UJJAIN,2013,Kharif,Maize,6610,5325,0.805597579
Madhya Pradesh,UJJAIN,2013,Kharif,Moong(Green Gram),276,68,0.246376812
Madhya Pradesh,UJJAIN,2013,Kharif,Soyabean,464666,363369,0.782000405
Madhya Pradesh,UJJAIN,2013,Kharif,Urad,1645,678,0.412158055
Madhya Pradesh,UJJAIN,2013,Rabi,Gram,125099,114117,0.912213527
Madhya Pradesh,UJJAIN,2013,Rabi,Linseed,50,34,0.68
Madhya Pradesh,UJJAIN,2013,Rabi,Masoor,368,199,0.54076087
Madhya Pradesh,UJJAIN,2013,Rabi,Moong(Green Gram),380,124,0.326315789
Madhya Pradesh,UJJAIN,2013,Rabi,Peas & beans (Pulses),762,480,0.62992126
Madhya Pradesh,UJJAIN,2013,Rabi,Rapeseed &Mustard,1265,1043,0.824505929
Madhya Pradesh,UJJAIN,2013,Rabi,Wheat,276226,791383,2.864983745
Madhya Pradesh,UJJAIN,2013,Whole Year,Coriander,984,289,0.293699187
Madhya Pradesh,UJJAIN,2013,Whole Year,Dry chillies,72,97,1.347222222
Madhya Pradesh,UJJAIN,2013,Whole Year,Dry ginger,1,1,1
Madhya Pradesh,UJJAIN,2013,Whole Year,Garlic,12271,55885,4.554233559
Madhya Pradesh,UJJAIN,2013,Whole Year,Onion,4859,109912,22.62029224
Madhya Pradesh,UJJAIN,2013,Whole Year,Potato,7211,92178,12.78297046
Madhya Pradesh,UJJAIN,2013,Whole Year,Sesamum,20,14,0.7
Madhya Pradesh,UJJAIN,2013,Whole Year,Sugarcane,30,980,32.66666667
Madhya Pradesh,UJJAIN,2013,Whole Year,Sweet potato,1,7,7
Madhya Pradesh,UJJAIN,2013,Whole Year,Tobacco,18,12,0.666666667
Madhya Pradesh,UJJAIN,2013,Whole Year,Turmeric,6,9,1.5
Madhya Pradesh,UMARIA,1998,Kharif,Arhar/Tur,4700,2800,0.595744681
Madhya Pradesh,UMARIA,1998,Kharif,Jowar,1200,1100,0.916666667
Madhya Pradesh,UMARIA,1998,Kharif,Maize,10500,11100,1.057142857
Madhya Pradesh,UMARIA,1998,Kharif,Rice,39600,16900,0.426767677
Madhya Pradesh,UMARIA,1998,Kharif,Sesamum,2200,400,0.181818182
Madhya Pradesh,UMARIA,1998,Kharif,Small millets,23700,7600,0.320675105
Madhya Pradesh,UMARIA,1998,Kharif,Soyabean,200,100,0.5
Madhya Pradesh,UMARIA,1998,Rabi,Barley,700,400,0.571428571
Madhya Pradesh,UMARIA,1998,Rabi,Gram,4400,2300,0.522727273
Madhya Pradesh,UMARIA,1998,Rabi,Linseed,4600,1100,0.239130435
Madhya Pradesh,UMARIA,1998,Rabi,Rapeseed &Mustard,7800,2400,0.307692308
Madhya Pradesh,UMARIA,1998,Rabi,Wheat,29500,24200,0.820338983
Madhya Pradesh,UMARIA,1998,Whole Year,Sugarcane,2,20,10
Madhya Pradesh,UMARIA,1999,Kharif,Arhar/Tur,4808,2977,0.619176373
Madhya Pradesh,UMARIA,1999,Kharif,Dry ginger,11,13,1.181818182
Madhya Pradesh,UMARIA,1999,Kharif,Groundnut,18,17,0.944444444
Madhya Pradesh,UMARIA,1999,Kharif,Jowar,1114,925,0.830341113
Madhya Pradesh,UMARIA,1999,Kharif,Maize,10725,12354,1.151888112
Madhya Pradesh,UMARIA,1999,Kharif,Niger seed,1981,545,0.275113579
Madhya Pradesh,UMARIA,1999,Kharif,Other Kharif pulses,4811,1652,0.343379755
Madhya Pradesh,UMARIA,1999,Kharif,Rice,41017,28348,0.691128069
Madhya Pradesh,UMARIA,1999,Kharif,Sesamum,2166,329,0.15189289
Madhya Pradesh,UMARIA,1999,Kharif,Soyabean,196,89,0.454081633
Madhya Pradesh,UMARIA,1999,Kharif,Urad,4701,1614,0.343331206
Madhya Pradesh,UMARIA,1999,Rabi,Barley,618,310,0.501618123
Madhya Pradesh,UMARIA,1999,Rabi,Gram,4168,1903,0.456573896
Madhya Pradesh,UMARIA,1999,Rabi,Linseed,4298,1032,0.24011168
Madhya Pradesh,UMARIA,1999,Rabi,Other  Rabi pulses,5155,2082,0.403879728
Madhya Pradesh,UMARIA,1999,Rabi,Rapeseed &Mustard,8107,2383,0.293943506
Madhya Pradesh,UMARIA,1999,Rabi,Wheat,30455,22474,0.737941225
Madhya Pradesh,UMARIA,1999,Whole Year,Coriander,40,9,0.225
Madhya Pradesh,UMARIA,1999,Whole Year,Dry chillies,26,9,0.346153846
Madhya Pradesh,UMARIA,1999,Whole Year,Garlic,20,41,2.05
Madhya Pradesh,UMARIA,1999,Whole Year,Onion,57,392,6.877192982
Madhya Pradesh,UMARIA,1999,Whole Year,Potato,257,2196,8.544747082
Madhya Pradesh,UMARIA,1999,Whole Year,Sannhamp,32,67,2.09375
Madhya Pradesh,UMARIA,1999,Whole Year,Sweet potato,157,851,5.420382166
Madhya Pradesh,UMARIA,1999,Whole Year,Turmeric,8,6,0.75
Madhya Pradesh,UMARIA,2000,Kharif,Arhar/Tur,4841,2261,0.467052262
Madhya Pradesh,UMARIA,2000,Kharif,Bajra,5,4,0.8
Madhya Pradesh,UMARIA,2000,Kharif,Dry ginger,12,15,1.25
Madhya Pradesh,UMARIA,2000,Kharif,Groundnut,20,22,1.1
Madhya Pradesh,UMARIA,2000,Kharif,Jowar,1111,821,0.738973897
Madhya Pradesh,UMARIA,2000,Kharif,Maize,10651,14912,1.400056333
Madhya Pradesh,UMARIA,2000,Kharif,Niger seed,1952,455,0.233094262
Madhya Pradesh,UMARIA,2000,Kharif,Other Kharif pulses,4407,1209,0.274336283
Madhya Pradesh,UMARIA,2000,Kharif,Rice,40230,14028,0.348695004
Madhya Pradesh,UMARIA,2000,Kharif,Sesamum,1982,304,0.153380424
Madhya Pradesh,UMARIA,2000,Kharif,Small millets,22260,2660,0.119496855
Madhya Pradesh,UMARIA,2000,Kharif,Soyabean,91,33,0.362637363
Madhya Pradesh,UMARIA,2000,Rabi,Barley,434,217,0.5
Madhya Pradesh,UMARIA,2000,Rabi,Gram,3894,1695,0.435285054
Madhya Pradesh,UMARIA,2000,Rabi,Linseed,3166,612,0.193303853
Madhya Pradesh,UMARIA,2000,Rabi,Other  Rabi pulses,4768,1435,0.300964765
Madhya Pradesh,UMARIA,2000,Rabi,Rapeseed &Mustard,7240,1334,0.184254144
Madhya Pradesh,UMARIA,2000,Rabi,Wheat,25584,17295,0.676008443
Madhya Pradesh,UMARIA,2000,Whole Year,Coriander,27,8,0.296296296
Madhya Pradesh,UMARIA,2000,Whole Year,Dry chillies,26,7,0.269230769
Madhya Pradesh,UMARIA,2000,Whole Year,Garlic,18,30,1.666666667
Madhya Pradesh,UMARIA,2000,Whole Year,Onion,61,453,7.426229508
Madhya Pradesh,UMARIA,2000,Whole Year,Sannhamp,36,45,1.25
Madhya Pradesh,UMARIA,2000,Whole Year,Sugarcane,1,20,20
Madhya Pradesh,UMARIA,2000,Whole Year,Turmeric,10,8,0.8
Madhya Pradesh,UMARIA,2001,Kharif,Arhar/Tur,4875,2646,0.542769231
Madhya Pradesh,UMARIA,2001,Kharif,Dry ginger,18,24,1.333333333
Madhya Pradesh,UMARIA,2001,Kharif,Groundnut,9,7,0.777777778
Madhya Pradesh,UMARIA,2001,Kharif,Jowar,972,777,0.799382716
Madhya Pradesh,UMARIA,2001,Kharif,Maize,10860,14327,1.319244936
Madhya Pradesh,UMARIA,2001,Kharif,Niger seed,2100,544,0.259047619
Madhya Pradesh,UMARIA,2001,Kharif,Other Kharif pulses,3498,1198,0.342481418
Madhya Pradesh,UMARIA,2001,Kharif,Rice,42586,20562,0.482834734
Madhya Pradesh,UMARIA,2001,Kharif,Sesamum,1926,347,0.180166147
Madhya Pradesh,UMARIA,2001,Kharif,Small millets,21799,5887,0.27005826
Madhya Pradesh,UMARIA,2001,Kharif,Soyabean,74,33,0.445945946
Madhya Pradesh,UMARIA,2001,Rabi,Barley,419,235,0.560859189
Madhya Pradesh,UMARIA,2001,Rabi,Gram,4396,2135,0.48566879
Madhya Pradesh,UMARIA,2001,Rabi,Linseed,3602,1036,0.28761799
Madhya Pradesh,UMARIA,2001,Rabi,Other  Rabi pulses,5597,2313,0.413257102
Madhya Pradesh,UMARIA,2001,Rabi,Rapeseed &Mustard,7786,2288,0.293860776
Madhya Pradesh,UMARIA,2001,Rabi,Wheat,26707,21362,0.799865204
Madhya Pradesh,UMARIA,2001,Whole Year,Banana,1,22,22
Madhya Pradesh,UMARIA,2001,Whole Year,Coriander,19,5,0.263157895
Madhya Pradesh,UMARIA,2001,Whole Year,Dry chillies,28,8,0.285714286
Madhya Pradesh,UMARIA,2001,Whole Year,Garlic,13,26,2
Madhya Pradesh,UMARIA,2001,Whole Year,Onion,67,587,8.76119403
Madhya Pradesh,UMARIA,2001,Whole Year,Potato,254,2836,11.16535433
Madhya Pradesh,UMARIA,2001,Whole Year,Sannhamp,33,50,1.515151515
Madhya Pradesh,UMARIA,2001,Whole Year,Sugarcane,2,50,25
Madhya Pradesh,UMARIA,2001,Whole Year,Sweet potato,124,650,5.241935484
Madhya Pradesh,UMARIA,2001,Whole Year,Turmeric,12,10,0.833333333
Madhya Pradesh,UMARIA,2002,Kharif,Arhar/Tur,5295,2369,0.447403211
Madhya Pradesh,UMARIA,2002,Kharif,Dry ginger,22,20,0.909090909
Madhya Pradesh,UMARIA,2002,Kharif,Groundnut,8,4,0.5
Madhya Pradesh,UMARIA,2002,Kharif,Jowar,898,664,0.739420935
Madhya Pradesh,UMARIA,2002,Kharif,Maize,10640,13577,1.276033835
Madhya Pradesh,UMARIA,2002,Kharif,Niger seed,1964,488,0.248472505
Madhya Pradesh,UMARIA,2002,Kharif,Other Kharif pulses,3294,974,0.295689132
Madhya Pradesh,UMARIA,2002,Kharif,Rice,42439,15349,0.361672047
Madhya Pradesh,UMARIA,2002,Kharif,Sesamum,1945,323,0.166066838
Madhya Pradesh,UMARIA,2002,Kharif,Small millets,209146,4168,0.019928662
Madhya Pradesh,UMARIA,2002,Kharif,Soyabean,63,24,0.380952381
Madhya Pradesh,UMARIA,2002,Rabi,Barley,372,196,0.52688172
Madhya Pradesh,UMARIA,2002,Rabi,Gram,4857,1804,0.371422689
Madhya Pradesh,UMARIA,2002,Rabi,Linseed,3648,865,0.237116228
Madhya Pradesh,UMARIA,2002,Rabi,Other  Rabi pulses,6018,2491,0.413924892
Madhya Pradesh,UMARIA,2002,Rabi,Rapeseed &Mustard,7619,1729,0.226932668
Madhya Pradesh,UMARIA,2002,Rabi,Wheat,26446,19700,0.744914165
Madhya Pradesh,UMARIA,2002,Whole Year,Beans & Mutter(Vegetable),22,0,0
Madhya Pradesh,UMARIA,2002,Whole Year,Bhindi,43,0,0
Madhya Pradesh,UMARIA,2002,Whole Year,Brinjal,40,0,0
Madhya Pradesh,UMARIA,2002,Whole Year,Cabbage,22,0,0
Madhya Pradesh,UMARIA,2002,Whole Year,Cauliflower,27,0,0
Madhya Pradesh,UMARIA,2002,Whole Year,Coriander,25,7,0.28
Madhya Pradesh,UMARIA,2002,Whole Year,Dry chillies,27,13,0.481481481
Madhya Pradesh,UMARIA,2002,Whole Year,Garlic,13,24,1.846153846
Madhya Pradesh,UMARIA,2002,Whole Year,Mango,46,0,0
Madhya Pradesh,UMARIA,2002,Whole Year,Onion,69,583,8.449275362
Madhya Pradesh,UMARIA,2002,Whole Year,Other Fresh Fruits,39,0,0
Madhya Pradesh,UMARIA,2002,Whole Year,Other Vegetables,80,0,0
Madhya Pradesh,UMARIA,2002,Whole Year,Pome Fruit,1,0,0
Madhya Pradesh,UMARIA,2002,Whole Year,Potato,256,2233,8.72265625
Madhya Pradesh,UMARIA,2002,Whole Year,Sannhamp,37,56,1.513513514
Madhya Pradesh,UMARIA,2002,Whole Year,Sweet potato,147,730,4.965986395
Madhya Pradesh,UMARIA,2002,Whole Year,Tomato,34,0,0
Madhya Pradesh,UMARIA,2003,Kharif,Arhar/Tur,5281,2687,0.508805151
Madhya Pradesh,UMARIA,2003,Kharif,Dry ginger,15,18,1.2
Madhya Pradesh,UMARIA,2003,Kharif,Groundnut,18,15,0.833333333
Madhya Pradesh,UMARIA,2003,Kharif,Jowar,899,915,1.017797553
Madhya Pradesh,UMARIA,2003,Kharif,Maize,11290,16614,1.471567759
Madhya Pradesh,UMARIA,2003,Kharif,Niger seed,2144,566,0.263992537
Madhya Pradesh,UMARIA,2003,Kharif,Other Kharif pulses,3360,1184,0.352380952
Madhya Pradesh,UMARIA,2003,Kharif,Rice,43339,27551,0.635709176
Madhya Pradesh,UMARIA,2003,Kharif,Sesamum,2319,534,0.230271669
Madhya Pradesh,UMARIA,2003,Kharif,Small millets,19959,7569,0.379227416
Madhya Pradesh,UMARIA,2003,Kharif,Soyabean,51,25,0.490196078
Madhya Pradesh,UMARIA,2003,Kharif,Urad,3351,1151,0.343479558
Madhya Pradesh,UMARIA,2003,Rabi,Barley,437,289,0.661327231
Madhya Pradesh,UMARIA,2003,Rabi,Gram,5176,2788,0.538639876
Madhya Pradesh,UMARIA,2003,Rabi,Linseed,3853,1056,0.274072152
Madhya Pradesh,UMARIA,2003,Rabi,Other  Rabi pulses,6482,2907,0.448472694
Madhya Pradesh,UMARIA,2003,Rabi,Rapeseed &Mustard,7831,2620,0.334567744
Madhya Pradesh,UMARIA,2003,Rabi,Wheat,26951,23140,0.858595228
Madhya Pradesh,UMARIA,2003,Whole Year,Beans & Mutter(Vegetable),63,0,0
Madhya Pradesh,UMARIA,2003,Whole Year,Bhindi,41,0,0
Madhya Pradesh,UMARIA,2003,Whole Year,Brinjal,25,0,0
Madhya Pradesh,UMARIA,2003,Whole Year,Cabbage,12,0,0
Madhya Pradesh,UMARIA,2003,Whole Year,Cauliflower,33,0,0
Madhya Pradesh,UMARIA,2003,Whole Year,Coriander,19,5,0.263157895
Madhya Pradesh,UMARIA,2003,Whole Year,Dry chillies,39,12,0.307692308
Madhya Pradesh,UMARIA,2003,Whole Year,Garlic,22,45,2.045454545
Madhya Pradesh,UMARIA,2003,Whole Year,Mango,15,0,0
Madhya Pradesh,UMARIA,2003,Whole Year,Onion,90,710,7.888888889
Madhya Pradesh,UMARIA,2003,Whole Year,Other Fresh Fruits,36,0,0
Madhya Pradesh,UMARIA,2003,Whole Year,Other Vegetables,64,0,0
Madhya Pradesh,UMARIA,2003,Whole Year,Potato,290,3108,10.71724138
Madhya Pradesh,UMARIA,2003,Whole Year,Sannhamp,20,33,1.65
Madhya Pradesh,UMARIA,2003,Whole Year,Sugarcane,2,50,25
Madhya Pradesh,UMARIA,2003,Whole Year,Sweet potato,157,851,5.420382166
Madhya Pradesh,UMARIA,2003,Whole Year,Tomato,38,0,0
Madhya Pradesh,UMARIA,2003,Whole Year,Turmeric,22,17,0.772727273
Madhya Pradesh,UMARIA,2004,Kharif,Arhar/Tur,5259,2831,0.538315269
Madhya Pradesh,UMARIA,2004,Kharif,Dry ginger,18,25,1.388888889
Madhya Pradesh,UMARIA,2004,Kharif,Groundnut,15,13,0.866666667
Madhya Pradesh,UMARIA,2004,Kharif,Jowar,1007,856,0.850049652
Madhya Pradesh,UMARIA,2004,Kharif,Maize,10740,10924,1.017132216
Madhya Pradesh,UMARIA,2004,Kharif,Niger seed,2004,519,0.258982036
Madhya Pradesh,UMARIA,2004,Kharif,Rice,43535,18980,0.435971058
Madhya Pradesh,UMARIA,2004,Kharif,Sesamum,2425,587,0.242061856
Madhya Pradesh,UMARIA,2004,Kharif,Small millets,19517,6861,0.351539683
Madhya Pradesh,UMARIA,2004,Kharif,Soyabean,44,19,0.431818182
Madhya Pradesh,UMARIA,2004,Kharif,Urad,3051,1026,0.336283186
Madhya Pradesh,UMARIA,2004,Rabi,Barley,435,267,0.613793103
Madhya Pradesh,UMARIA,2004,Rabi,Gram,5603,2895,0.516687489
Madhya Pradesh,UMARIA,2004,Rabi,Linseed,3949,1337,0.338566726
Madhya Pradesh,UMARIA,2004,Rabi,Masoor,5527,2770,0.501176045
Madhya Pradesh,UMARIA,2004,Rabi,Rapeseed &Mustard,7773,3120,0.401389425
Madhya Pradesh,UMARIA,2004,Rabi,Wheat,27206,20849,0.766338308
Madhya Pradesh,UMARIA,2004,Whole Year,Coriander,15,4,0.266666667
Madhya Pradesh,UMARIA,2004,Whole Year,Garlic,20,42,2.1
Madhya Pradesh,UMARIA,2004,Whole Year,Onion,90,882,9.8
Madhya Pradesh,UMARIA,2004,Whole Year,Potato,285,3411,11.96842105
Madhya Pradesh,UMARIA,2004,Whole Year,Sweet potato,132,740,5.606060606
Madhya Pradesh,UMARIA,2004,Whole Year,Turmeric,23,18,0.782608696
Madhya Pradesh,UMARIA,2005,Kharif,Arhar/Tur,5150,1835,0.35631068
Madhya Pradesh,UMARIA,2005,Kharif,Groundnut,12,9,0.75
Madhya Pradesh,UMARIA,2005,Kharif,Jowar,751,590,0.785619174
Madhya Pradesh,UMARIA,2005,Kharif,Maize,10562,6206,0.58757811
Madhya Pradesh,UMARIA,2005,Kharif,Moong(Green Gram),18,5,0.277777778
Madhya Pradesh,UMARIA,2005,Kharif,Niger seed,1949,555,0.284761416
Madhya Pradesh,UMARIA,2005,Kharif,Rice,43986,36551,0.830968945
Madhya Pradesh,UMARIA,2005,Kharif,Sesamum,2449,466,0.190281748
Madhya Pradesh,UMARIA,2005,Kharif,Small millets,8,2,0.25
Madhya Pradesh,UMARIA,2005,Kharif,Soyabean,49,19,0.387755102
Madhya Pradesh,UMARIA,2005,Kharif,Sunflower,7,2,0.285714286
Madhya Pradesh,UMARIA,2005,Kharif,Urad,2971,614,0.206664423
Madhya Pradesh,UMARIA,2005,Rabi,Barley,394,227,0.576142132
Madhya Pradesh,UMARIA,2005,Rabi,Gram,5952,2729,0.458501344
Madhya Pradesh,UMARIA,2005,Rabi,Linseed,3718,1247,0.335395374
Madhya Pradesh,UMARIA,2005,Rabi,Masoor,5883,2339,0.397586266
Madhya Pradesh,UMARIA,2005,Rabi,Peas & beans (Pulses),1433,570,0.397766923
Madhya Pradesh,UMARIA,2005,Rabi,Rapeseed &Mustard,7534,2907,0.38585081
Madhya Pradesh,UMARIA,2005,Rabi,Wheat,26251,21145,0.805493124
Madhya Pradesh,UMARIA,2005,Whole Year,Onion,78,593,7.602564103
Madhya Pradesh,UMARIA,2005,Whole Year,Potato,276,3047,11.03985507
Madhya Pradesh,UMARIA,2005,Whole Year,Sweet potato,130,764,5.876923077
Madhya Pradesh,UMARIA,2006,Kharif,Arhar/Tur,5178,1778,0.343375821
Madhya Pradesh,UMARIA,2006,Kharif,Dry ginger,37,51,1.378378378
Madhya Pradesh,UMARIA,2006,Kharif,Groundnut,15,11,0.733333333
Madhya Pradesh,UMARIA,2006,Kharif,Jowar,677,557,0.822747415
Madhya Pradesh,UMARIA,2006,Kharif,Jute,8,11,1.375
Madhya Pradesh,UMARIA,2006,Kharif,Maize,10519,4487,0.42656146
Madhya Pradesh,UMARIA,2006,Kharif,Moong(Green Gram),21,6,0.285714286
Madhya Pradesh,UMARIA,2006,Kharif,Niger seed,1894,491,0.259239704
Madhya Pradesh,UMARIA,2006,Kharif,Other Kharif pulses,59,11,0.186440678
Madhya Pradesh,UMARIA,2006,Kharif,Rice,43765,23951,0.547263795
Madhya Pradesh,UMARIA,2006,Kharif,Small millets,17908,4690,0.261894126
Madhya Pradesh,UMARIA,2006,Kharif,Soyabean,91,33,0.362637363
Madhya Pradesh,UMARIA,2006,Kharif,Urad,2972,603,0.202893674
Madhya Pradesh,UMARIA,2006,Rabi,Gram,5844,2554,0.437029432
Madhya Pradesh,UMARIA,2006,Rabi,Linseed,3660,1257,0.343442623
Madhya Pradesh,UMARIA,2006,Rabi,Masoor,5964,2371,0.397551979
Madhya Pradesh,UMARIA,2006,Rabi,Moong(Green Gram),1,,
Madhya Pradesh,UMARIA,2006,Rabi,Other  Rabi pulses,5,2,0.4
Madhya Pradesh,UMARIA,2006,Rabi,Peas & beans (Pulses),1705,587,0.344281525
Madhya Pradesh,UMARIA,2006,Rabi,Rapeseed &Mustard,7341,2549,0.347227898
Madhya Pradesh,UMARIA,2006,Rabi,Wheat,25842,20348,0.787400356
Madhya Pradesh,UMARIA,2006,Whole Year,Coriander,19,5,0.263157895
Madhya Pradesh,UMARIA,2006,Whole Year,Dry chillies,30,13,0.433333333
Madhya Pradesh,UMARIA,2006,Whole Year,Garlic,19,35,1.842105263
Madhya Pradesh,UMARIA,2006,Whole Year,Onion,78,536,6.871794872
Madhya Pradesh,UMARIA,2006,Whole Year,Potato,292,3091,10.58561644
Madhya Pradesh,UMARIA,2006,Whole Year,Sesamum,2397,366,0.152690864
Madhya Pradesh,UMARIA,2006,Whole Year,Sugarcane,2,40,20
Madhya Pradesh,UMARIA,2006,Whole Year,Sweet potato,152,701,4.611842105
Madhya Pradesh,UMARIA,2006,Whole Year,Turmeric,28,21,0.75
Madhya Pradesh,UMARIA,2007,Kharif,Arhar/Tur,6484,1823,0.281153609
Madhya Pradesh,UMARIA,2007,Kharif,Groundnut,16,10,0.625
Madhya Pradesh,UMARIA,2007,Kharif,Jowar,554,470,0.848375451
Madhya Pradesh,UMARIA,2007,Kharif,Maize,10375,5805,0.559518072
Madhya Pradesh,UMARIA,2007,Kharif,Niger seed,1931,430,0.222682548
Madhya Pradesh,UMARIA,2007,Kharif,Rice,45692,24803,0.542830255
Madhya Pradesh,UMARIA,2007,Kharif,Sannhamp,17,6,0.352941176
Madhya Pradesh,UMARIA,2007,Kharif,Soyabean,189,58,0.306878307
Madhya Pradesh,UMARIA,2007,Kharif,Urad,2964,684,0.230769231
Madhya Pradesh,UMARIA,2007,Rabi,Barley,415,268,0.645783133
Madhya Pradesh,UMARIA,2007,Rabi,Gram,5973,2169,0.363134103
Madhya Pradesh,UMARIA,2007,Rabi,Linseed,3325,906,0.272481203
Madhya Pradesh,UMARIA,2007,Rabi,Masoor,5777,2297,0.397611217
Madhya Pradesh,UMARIA,2007,Rabi,Peas & beans (Pulses),1760,641,0.364204545
Madhya Pradesh,UMARIA,2007,Rabi,Rapeseed &Mustard,7370,2502,0.339484396
Madhya Pradesh,UMARIA,2007,Rabi,Wheat,25352,18612,0.734143263
Madhya Pradesh,UMARIA,2007,Whole Year,Coriander,11,3,0.272727273
Madhya Pradesh,UMARIA,2007,Whole Year,Garlic,45,82,1.822222222
Madhya Pradesh,UMARIA,2007,Whole Year,Onion,120,753,6.275
Madhya Pradesh,UMARIA,2007,Whole Year,Potato,316,3249,10.28164557
Madhya Pradesh,UMARIA,2007,Whole Year,Sesamum,2513,485,0.192996419
Madhya Pradesh,UMARIA,2007,Whole Year,Sweet potato,142,654,4.605633803
Madhya Pradesh,UMARIA,2007,Whole Year,Turmeric,40,32,0.8
Madhya Pradesh,UMARIA,2008,Kharif,Arhar/Tur,6387,2531,0.396273681
Madhya Pradesh,UMARIA,2008,Kharif,Groundnut,17,13,0.764705882
Madhya Pradesh,UMARIA,2008,Kharif,Jowar,506,504,0.996047431
Madhya Pradesh,UMARIA,2008,Kharif,Maize,10347,6239,0.602976708
Madhya Pradesh,UMARIA,2008,Kharif,Niger seed,1680,443,0.263690476
Madhya Pradesh,UMARIA,2008,Kharif,Rice,45644,30521,0.668674963
Madhya Pradesh,UMARIA,2008,Kharif,Sannhamp,13,4,0.307692308
Madhya Pradesh,UMARIA,2008,Kharif,Soyabean,381,156,0.409448819
Madhya Pradesh,UMARIA,2008,Kharif,Sunflower,7,3,0.428571429
Madhya Pradesh,UMARIA,2008,Kharif,Urad,2940,655,0.222789116
Madhya Pradesh,UMARIA,2008,Rabi,Barley,340,246,0.723529412
Madhya Pradesh,UMARIA,2008,Rabi,Gram,6039,2481,0.410829608
Madhya Pradesh,UMARIA,2008,Rabi,Linseed,3228,1076,0.333333333
Madhya Pradesh,UMARIA,2008,Rabi,Masoor,5650,2696,0.477168142
Madhya Pradesh,UMARIA,2008,Rabi,Peas & beans (Pulses),1892,752,0.397463002
Madhya Pradesh,UMARIA,2008,Rabi,Rapeseed &Mustard,7597,3042,0.400421219
Madhya Pradesh,UMARIA,2008,Rabi,Wheat,25943,22726,0.875997379
Madhya Pradesh,UMARIA,2008,Whole Year,Coriander,12,3,0.25
Madhya Pradesh,UMARIA,2008,Whole Year,Garlic,35,64,1.828571429
Madhya Pradesh,UMARIA,2008,Whole Year,Onion,106,663,6.254716981
Madhya Pradesh,UMARIA,2008,Whole Year,Potato,319,2929,9.181818182
Madhya Pradesh,UMARIA,2008,Whole Year,Sesamum,2640,583,0.220833333
Madhya Pradesh,UMARIA,2008,Whole Year,Small millets,15191,3991,0.262721348
Madhya Pradesh,UMARIA,2008,Whole Year,Sweet potato,153,719,4.699346405
Madhya Pradesh,UMARIA,2008,Whole Year,Turmeric,38,31,0.815789474
Madhya Pradesh,UMARIA,2009,Kharif,Cowpea(Lobia),57,12,0.210526316
Madhya Pradesh,UMARIA,2009,Kharif,Jowar,427,514,1.203747073
Madhya Pradesh,UMARIA,2009,Kharif,Moong(Green Gram),51,19,0.37254902
Madhya Pradesh,UMARIA,2009,Kharif,Small millets,14232,4480,0.314783586
Madhya Pradesh,UMARIA,2009,Kharif,Urad,3077,857,0.278518037
Madhya Pradesh,UMARIA,2009,Rabi,Cowpea(Lobia),2,1,0.5
Madhya Pradesh,UMARIA,2009,Rabi,Moong(Green Gram),1,,
Madhya Pradesh,UMARIA,2009,Whole Year,Arhar/Tur,6077,2783,0.457956228
Madhya Pradesh,UMARIA,2009,Whole Year,Barley,401,254,0.633416459
Madhya Pradesh,UMARIA,2009,Whole Year,Coriander,11,3,0.272727273
Madhya Pradesh,UMARIA,2009,Whole Year,Dry chillies,55,43,0.781818182
Madhya Pradesh,UMARIA,2009,Whole Year,Dry ginger,40,44,1.1
Madhya Pradesh,UMARIA,2009,Whole Year,Garlic,36,67,1.861111111
Madhya Pradesh,UMARIA,2009,Whole Year,Gram,6592,3204,0.486043689
Madhya Pradesh,UMARIA,2009,Whole Year,Groundnut,14,10,0.714285714
Madhya Pradesh,UMARIA,2009,Whole Year,Khesari,18,7,0.388888889
Madhya Pradesh,UMARIA,2009,Whole Year,Linseed,3464,1390,0.401270208
Madhya Pradesh,UMARIA,2009,Whole Year,Maize,10260,5403,0.526608187
Madhya Pradesh,UMARIA,2009,Whole Year,Masoor,5680,2936,0.516901408
Madhya Pradesh,UMARIA,2009,Whole Year,Niger seed,1648,478,0.290048544
Madhya Pradesh,UMARIA,2009,Whole Year,Onion,110,700,6.363636364
Madhya Pradesh,UMARIA,2009,Whole Year,Peas & beans (Pulses),2191,1016,0.463715199
Madhya Pradesh,UMARIA,2009,Whole Year,Potato,329,3235,9.832826748
Madhya Pradesh,UMARIA,2009,Whole Year,Rapeseed &Mustard,7648,3513,0.459335774
Madhya Pradesh,UMARIA,2009,Whole Year,Rice,37722,26630,0.705954085
Madhya Pradesh,UMARIA,2009,Whole Year,Sannhamp,10,3,0.3
Madhya Pradesh,UMARIA,2009,Whole Year,Sesamum,2835,657,0.231746032
Madhya Pradesh,UMARIA,2009,Whole Year,Soyabean,687,306,0.445414847
Madhya Pradesh,UMARIA,2009,Whole Year,Sweet potato,132,656,4.96969697
Madhya Pradesh,UMARIA,2009,Whole Year,Turmeric,41,33,0.804878049
Madhya Pradesh,UMARIA,2009,Whole Year,Wheat,26237,20476,0.780424591
Madhya Pradesh,UMARIA,2010,Kharif,Arhar/Tur,13307,440,0.033065304
Madhya Pradesh,UMARIA,2010,Kharif,Cowpea(Lobia),45,6,0.133333333
Madhya Pradesh,UMARIA,2010,Kharif,Groundnut,18,16,0.888888889
Madhya Pradesh,UMARIA,2010,Kharif,Jowar,401,488,1.216957606
Madhya Pradesh,UMARIA,2010,Kharif,Maize,9894,8278,0.836668688
Madhya Pradesh,UMARIA,2010,Kharif,Moong(Green Gram),38,13,0.342105263
Madhya Pradesh,UMARIA,2010,Kharif,Niger seed,1410,409,0.290070922
Madhya Pradesh,UMARIA,2010,Kharif,Rice,38127,35056,0.919453406
Madhya Pradesh,UMARIA,2010,Kharif,Small millets,13722,5784,0.421512899
Madhya Pradesh,UMARIA,2010,Kharif,Soyabean,1248,843,0.675480769
Madhya Pradesh,UMARIA,2010,Kharif,Sunflower,30,11,0.366666667
Madhya Pradesh,UMARIA,2010,Kharif,Urad,2797,667,0.238469789
Madhya Pradesh,UMARIA,2010,Rabi,Barley,322,211,0.655279503
Madhya Pradesh,UMARIA,2010,Rabi,Cowpea(Lobia),3,1,0.333333333
Madhya Pradesh,UMARIA,2010,Rabi,Gram,6451,2154,0.333901721
Madhya Pradesh,UMARIA,2010,Rabi,Khesari,14,3,0.214285714
Madhya Pradesh,UMARIA,2010,Rabi,Linseed,3055,790,0.258592471
Madhya Pradesh,UMARIA,2010,Rabi,Masoor,6313,1004,0.159036908
Madhya Pradesh,UMARIA,2010,Rabi,Moong(Green Gram),1,,
Madhya Pradesh,UMARIA,2010,Rabi,Peas & beans (Pulses),2800,405,0.144642857
Madhya Pradesh,UMARIA,2010,Rabi,Rapeseed &Mustard,7468,2674,0.358061061
Madhya Pradesh,UMARIA,2010,Rabi,Wheat,26022,19931,0.765928829
Madhya Pradesh,UMARIA,2010,Whole Year,Coriander,20,5,0.25
Madhya Pradesh,UMARIA,2010,Whole Year,Dry chillies,54,61,1.12962963
Madhya Pradesh,UMARIA,2010,Whole Year,Dry ginger,61,79,1.295081967
Madhya Pradesh,UMARIA,2010,Whole Year,Garlic,41,56,1.365853659
Madhya Pradesh,UMARIA,2010,Whole Year,Onion,115,746,6.486956522
Madhya Pradesh,UMARIA,2010,Whole Year,Potato,424,2454,5.787735849
Madhya Pradesh,UMARIA,2010,Whole Year,Sannhamp,7,11,1.571428571
Madhya Pradesh,UMARIA,2010,Whole Year,Sesamum,3334,1014,0.304139172
Madhya Pradesh,UMARIA,2010,Whole Year,Sugarcane,1,20,20
Madhya Pradesh,UMARIA,2010,Whole Year,Sweet potato,119,398,3.344537815
Madhya Pradesh,UMARIA,2010,Whole Year,Turmeric,48,20,0.416666667
Madhya Pradesh,UMARIA,2011,Kharif,Arhar/Tur,10490,3004,0.286367969
Madhya Pradesh,UMARIA,2011,Kharif,Barley,353,297,0.841359773
Madhya Pradesh,UMARIA,2011,Kharif,Groundnut,20,19,0.95
Madhya Pradesh,UMARIA,2011,Kharif,Jowar,430,454,1.055813953
Madhya Pradesh,UMARIA,2011,Kharif,Maize,9761,4431,0.45394939
Madhya Pradesh,UMARIA,2011,Kharif,Moong(Green Gram),30,6,0.2
Madhya Pradesh,UMARIA,2011,Kharif,Niger seed,1451,283,0.195037905
Madhya Pradesh,UMARIA,2011,Kharif,Other Kharif pulses,40,6,0.15
Madhya Pradesh,UMARIA,2011,Kharif,Rice,39976,43841,1.09668301
Madhya Pradesh,UMARIA,2011,Kharif,Sannhamp,12,11,0.916666667
Madhya Pradesh,UMARIA,2011,Kharif,Small millets,13973,5107,0.365490589
Madhya Pradesh,UMARIA,2011,Kharif,Soyabean,2107,737,0.349786426
Madhya Pradesh,UMARIA,2011,Kharif,Urad,2878,439,0.152536484
Madhya Pradesh,UMARIA,2011,Rabi,Gram,6593,3105,0.470954042
Madhya Pradesh,UMARIA,2011,Rabi,Linseed,3060,1213,0.396405229
Madhya Pradesh,UMARIA,2011,Rabi,Masoor,6184,1967,0.318078913
Madhya Pradesh,UMARIA,2011,Rabi,Moong(Green Gram),2,,
Madhya Pradesh,UMARIA,2011,Rabi,Other  Rabi pulses,2,,
Madhya Pradesh,UMARIA,2011,Rabi,Peas & beans (Pulses),2551,737,0.288906311
Madhya Pradesh,UMARIA,2011,Rabi,Rapeseed &Mustard,7380,3368,0.456368564
Madhya Pradesh,UMARIA,2011,Rabi,Wheat,27956,51384,1.838031192
Madhya Pradesh,UMARIA,2011,Whole Year,Banana,1,,
Madhya Pradesh,UMARIA,2011,Whole Year,Coriander,51,17,0.333333333
Madhya Pradesh,UMARIA,2011,Whole Year,Dry chillies,63,42,0.666666667
Madhya Pradesh,UMARIA,2011,Whole Year,Dry ginger,58,51,0.879310345
Madhya Pradesh,UMARIA,2011,Whole Year,Garlic,22,29,1.318181818
Madhya Pradesh,UMARIA,2011,Whole Year,Onion,148,991,6.695945946
Madhya Pradesh,UMARIA,2011,Whole Year,Potato,446,3238,7.260089686
Madhya Pradesh,UMARIA,2011,Whole Year,Sesamum,3496,940,0.268878719
Madhya Pradesh,UMARIA,2011,Whole Year,Sweet potato,129,447,3.465116279
Madhya Pradesh,UMARIA,2011,Whole Year,Turmeric,42,20,0.476190476
Madhya Pradesh,UMARIA,2012,Kharif,Arhar/Tur,9943,1602,0.161118375
Madhya Pradesh,UMARIA,2012,Kharif,Barley,362,210,0.580110497
Madhya Pradesh,UMARIA,2012,Kharif,Groundnut,25,26,1.04
Madhya Pradesh,UMARIA,2012,Kharif,Jowar,436,553,1.268348624
Madhya Pradesh,UMARIA,2012,Kharif,Maize,9253,13044,1.409704961
Madhya Pradesh,UMARIA,2012,Kharif,Moong(Green Gram),19,8,0.421052632
Madhya Pradesh,UMARIA,2012,Kharif,Niger seed,1391,468,0.336448598
Madhya Pradesh,UMARIA,2012,Kharif,Other Kharif pulses,67,16,0.23880597
Madhya Pradesh,UMARIA,2012,Kharif,Rice,40075,43260,1.079475983
Madhya Pradesh,UMARIA,2012,Kharif,Sannhamp,6,11,1.833333333
Madhya Pradesh,UMARIA,2012,Kharif,Small millets,12389,5830,0.470578739
Madhya Pradesh,UMARIA,2012,Kharif,Soyabean,2871,967,0.33681644
Madhya Pradesh,UMARIA,2012,Kharif,Urad,2787,831,0.298170075
Madhya Pradesh,UMARIA,2012,Rabi,Gram,6762,4739,0.700828157
Madhya Pradesh,UMARIA,2012,Rabi,Linseed,3051,1193,0.391019338
Madhya Pradesh,UMARIA,2012,Rabi,Masoor,5659,2925,0.516875773
Madhya Pradesh,UMARIA,2012,Rabi,Moong(Green Gram),3,1,0.333333333
Madhya Pradesh,UMARIA,2012,Rabi,Other  Rabi pulses,4,1,0.25
Madhya Pradesh,UMARIA,2012,Rabi,Peas & beans (Pulses),2333,928,0.39777111
Madhya Pradesh,UMARIA,2012,Rabi,Rapeseed &Mustard,7054,3245,0.460022682
Madhya Pradesh,UMARIA,2012,Rabi,Wheat,29133,57128,1.960937768
Madhya Pradesh,UMARIA,2012,Whole Year,Coriander,44,15,0.340909091
Madhya Pradesh,UMARIA,2012,Whole Year,Dry chillies,83,66,0.795180723
Madhya Pradesh,UMARIA,2012,Whole Year,Dry ginger,75,124,1.653333333
Madhya Pradesh,UMARIA,2012,Whole Year,Garlic,44,89,2.022727273
Madhya Pradesh,UMARIA,2012,Whole Year,Onion,154,1061,6.88961039
Madhya Pradesh,UMARIA,2012,Whole Year,Potato,508,4085,8.041338583
Madhya Pradesh,UMARIA,2012,Whole Year,Sesamum,3708,1369,0.369201726
Madhya Pradesh,UMARIA,2012,Whole Year,Sugarcane,4,80,20
Madhya Pradesh,UMARIA,2012,Whole Year,Sweet potato,141,764,5.418439716
Madhya Pradesh,UMARIA,2012,Whole Year,Turmeric,44,35,0.795454545
Madhya Pradesh,UMARIA,2013,Kharif,Arhar/Tur,9162,3799,0.414647457
Madhya Pradesh,UMARIA,2013,Kharif,Barley,324,235,0.725308642
Madhya Pradesh,UMARIA,2013,Kharif,Groundnut,17,13,0.764705882
Madhya Pradesh,UMARIA,2013,Kharif,Jowar,404,388,0.96039604
Madhya Pradesh,UMARIA,2013,Kharif,Maize,9236,12180,1.318752707
Madhya Pradesh,UMARIA,2013,Kharif,Moong(Green Gram),30,7,0.233333333
Madhya Pradesh,UMARIA,2013,Kharif,Niger seed,1199,422,0.351959967
Madhya Pradesh,UMARIA,2013,Kharif,Other Kharif pulses,47,17,0.361702128
Madhya Pradesh,UMARIA,2013,Kharif,Rice,40317,47310,1.173450406
Madhya Pradesh,UMARIA,2013,Kharif,Sannhamp,6,11,1.833333333
Madhya Pradesh,UMARIA,2013,Kharif,Small millets,10073,8431,0.836989973
Madhya Pradesh,UMARIA,2013,Kharif,Soyabean,9471,1579,0.166719459
Madhya Pradesh,UMARIA,2013,Kharif,Urad,3271,339,0.103638031
Madhya Pradesh,UMARIA,2013,Rabi,Gram,7251,3995,0.550958488
Madhya Pradesh,UMARIA,2013,Rabi,Khesari,2,1,0.5
Madhya Pradesh,UMARIA,2013,Rabi,Linseed,3009,1522,0.505815886
Madhya Pradesh,UMARIA,2013,Rabi,Masoor,5348,3827,0.715594615
Madhya Pradesh,UMARIA,2013,Rabi,Moong(Green Gram),2,,
Madhya Pradesh,UMARIA,2013,Rabi,Other  Rabi pulses,6,3,0.5
Madhya Pradesh,UMARIA,2013,Rabi,Peas & beans (Pulses),2581,1884,0.729949632
Madhya Pradesh,UMARIA,2013,Rabi,Rapeseed &Mustard,6911,4833,0.699319925
Madhya Pradesh,UMARIA,2013,Rabi,Wheat,30903,66658,2.15700741
Madhya Pradesh,UMARIA,2013,Whole Year,Coriander,58,27,0.465517241
Madhya Pradesh,UMARIA,2013,Whole Year,Dry chillies,93,55,0.591397849
Madhya Pradesh,UMARIA,2013,Whole Year,Dry ginger,88,202,2.295454545
Madhya Pradesh,UMARIA,2013,Whole Year,Garlic,56,178,3.178571429
Madhya Pradesh,UMARIA,2013,Whole Year,Onion,215,2143,9.96744186
Madhya Pradesh,UMARIA,2013,Whole Year,Potato,538,5495,10.21375465
Madhya Pradesh,UMARIA,2013,Whole Year,Sesamum,3738,2118,0.566613162
Madhya Pradesh,UMARIA,2013,Whole Year,Sugarcane,4,90,22.5
Madhya Pradesh,UMARIA,2013,Whole Year,Sweet potato,129,1084,8.403100775
Madhya Pradesh,UMARIA,2013,Whole Year,Turmeric,60,101,1.683333333
Madhya Pradesh,VIDISHA,1997,Kharif,Arhar/Tur,1200,800,0.666666667
Madhya Pradesh,VIDISHA,1997,Kharif,Groundnut,500,600,1.2
Madhya Pradesh,VIDISHA,1997,Kharif,Jowar,9400,8600,0.914893617
Madhya Pradesh,VIDISHA,1997,Kharif,Maize,5600,6700,1.196428571
Madhya Pradesh,VIDISHA,1997,Kharif,Paddy,800,500,0.625
Madhya Pradesh,VIDISHA,1997,Kharif,Soyabean,107100,101500,0.947712418
Madhya Pradesh,VIDISHA,1997,Rabi,Barley,300,500,1.666666667
Madhya Pradesh,VIDISHA,1997,Rabi,Linseed,2000,1100,0.55
Madhya Pradesh,VIDISHA,1997,Rabi,Rapeseed &Mustard,1600,1000,0.625
Madhya Pradesh,VIDISHA,1997,Rabi,Wheat,236900,328000,1.384550443
Madhya Pradesh,VIDISHA,1998,Kharif,Arhar/Tur,1400,1000,0.714285714
Madhya Pradesh,VIDISHA,1998,Kharif,Groundnut,500,600,1.2
Madhya Pradesh,VIDISHA,1998,Kharif,Jowar,7400,8800,1.189189189
Madhya Pradesh,VIDISHA,1998,Kharif,Maize,5300,6700,1.264150943
Madhya Pradesh,VIDISHA,1998,Kharif,Rice,800,300,0.375
Madhya Pradesh,VIDISHA,1998,Kharif,Sesamum,100,,
Madhya Pradesh,VIDISHA,1998,Kharif,Soyabean,109100,93500,0.857011916
Madhya Pradesh,VIDISHA,1998,Rabi,Barley,300,600,2
Madhya Pradesh,VIDISHA,1998,Rabi,Gram,170800,208400,1.220140515
Madhya Pradesh,VIDISHA,1998,Rabi,Linseed,1700,1000,0.588235294
Madhya Pradesh,VIDISHA,1998,Rabi,Rapeseed &Mustard,1500,1000,0.666666667
Madhya Pradesh,VIDISHA,1998,Rabi,Wheat,229600,351600,1.531358885
Madhya Pradesh,VIDISHA,1998,Whole Year,Sugarcane,317,1670,5.268138801
Madhya Pradesh,VIDISHA,1999,Kharif,Arhar/Tur,857,665,0.77596266
Madhya Pradesh,VIDISHA,1999,Kharif,Dry ginger,55,48,0.872727273
Madhya Pradesh,VIDISHA,1999,Kharif,Groundnut,666,868,1.303303303
Madhya Pradesh,VIDISHA,1999,Kharif,Jowar,7846,9080,1.157277594
Madhya Pradesh,VIDISHA,1999,Kharif,Maize,5576,10181,1.825860832
Madhya Pradesh,VIDISHA,1999,Kharif,Niger seed,68,11,0.161764706
Madhya Pradesh,VIDISHA,1999,Kharif,Other Kharif pulses,1672,617,0.369019139
Madhya Pradesh,VIDISHA,1999,Kharif,Rice,686,495,0.721574344
Madhya Pradesh,VIDISHA,1999,Kharif,Sesamum,62,16,0.258064516
Madhya Pradesh,VIDISHA,1999,Kharif,Soyabean,103515,99872,0.964807033
Madhya Pradesh,VIDISHA,1999,Kharif,Sunflower,1,0,0
Madhya Pradesh,VIDISHA,1999,Kharif,Urad,1056,393,0.372159091
Madhya Pradesh,VIDISHA,1999,Rabi,Barley,384,613,1.596354167
Madhya Pradesh,VIDISHA,1999,Rabi,Gram,182166,224611,1.233001768
Madhya Pradesh,VIDISHA,1999,Rabi,Linseed,1350,970,0.718518519
Madhya Pradesh,VIDISHA,1999,Rabi,Other  Rabi pulses,74470,46924,0.630106083
Madhya Pradesh,VIDISHA,1999,Rabi,Rapeseed &Mustard,1440,1005,0.697916667
Madhya Pradesh,VIDISHA,1999,Rabi,Safflower,2,0,0
Madhya Pradesh,VIDISHA,1999,Rabi,Wheat,232956,364915,1.566454609
Madhya Pradesh,VIDISHA,1999,Whole Year,Coriander,5612,1696,0.302209551
Madhya Pradesh,VIDISHA,1999,Whole Year,Dry chillies,115,40,0.347826087
Madhya Pradesh,VIDISHA,1999,Whole Year,Garlic,50,109,2.18
Madhya Pradesh,VIDISHA,1999,Whole Year,Onion,166,1357,8.174698795
Madhya Pradesh,VIDISHA,1999,Whole Year,Potato,156,1520,9.743589744
Madhya Pradesh,VIDISHA,1999,Whole Year,Sannhamp,42,83,1.976190476
Madhya Pradesh,VIDISHA,1999,Whole Year,Sugarcane,143,2550,17.83216783
Madhya Pradesh,VIDISHA,1999,Whole Year,Sweet potato,9,51,5.666666667
Madhya Pradesh,VIDISHA,1999,Whole Year,Turmeric,1,1,1
Madhya Pradesh,VIDISHA,2000,Kharif,Arhar/Tur,708,498,0.703389831
Madhya Pradesh,VIDISHA,2000,Kharif,Dry ginger,71,55,0.774647887
Madhya Pradesh,VIDISHA,2000,Kharif,Groundnut,652,1048,1.607361963
Madhya Pradesh,VIDISHA,2000,Kharif,Jowar,5519,6950,1.259286103
Madhya Pradesh,VIDISHA,2000,Kharif,Maize,5141,10754,2.091810932
Madhya Pradesh,VIDISHA,2000,Kharif,Niger seed,32,6,0.1875
Madhya Pradesh,VIDISHA,2000,Kharif,Other Kharif pulses,1652,580,0.351089588
Madhya Pradesh,VIDISHA,2000,Kharif,Rice,698,395,0.565902579
Madhya Pradesh,VIDISHA,2000,Kharif,Sesamum,115,39,0.339130435
Madhya Pradesh,VIDISHA,2000,Kharif,Small millets,376,113,0.300531915
Madhya Pradesh,VIDISHA,2000,Kharif,Soyabean,115873,119122,1.028039319
Madhya Pradesh,VIDISHA,2000,Kharif,Sunflower,4,1,0.25
Madhya Pradesh,VIDISHA,2000,Rabi,Barley,388,609,1.569587629
Madhya Pradesh,VIDISHA,2000,Rabi,Gram,190594,176490,0.925999769
Madhya Pradesh,VIDISHA,2000,Rabi,Linseed,819,563,0.687423687
Madhya Pradesh,VIDISHA,2000,Rabi,Other  Rabi pulses,75455,43132,0.571625472
Madhya Pradesh,VIDISHA,2000,Rabi,Rapeseed &Mustard,869,487,0.560414269
Madhya Pradesh,VIDISHA,2000,Rabi,Safflower,1,0.1,0.1
Madhya Pradesh,VIDISHA,2000,Rabi,Wheat,208434,283178,1.358597925
Madhya Pradesh,VIDISHA,2000,Whole Year,Coriander,4691,1010,0.215305905
Madhya Pradesh,VIDISHA,2000,Whole Year,Dry chillies,101,25,0.247524752
Madhya Pradesh,VIDISHA,2000,Whole Year,Garlic,35,74,2.114285714
Madhya Pradesh,VIDISHA,2000,Whole Year,Onion,113,1126,9.96460177
Madhya Pradesh,VIDISHA,2000,Whole Year,Sannhamp,65,117,1.8
Madhya Pradesh,VIDISHA,2000,Whole Year,Sugarcane,305,3740,12.26229508
Madhya Pradesh,VIDISHA,2001,Kharif,Arhar/Tur,866,656,0.757505774
Madhya Pradesh,VIDISHA,2001,Kharif,Dry ginger,71,56,0.788732394
Madhya Pradesh,VIDISHA,2001,Kharif,Groundnut,2656,3890,1.464608434
Madhya Pradesh,VIDISHA,2001,Kharif,Jowar,6201,7392,1.192065796
Madhya Pradesh,VIDISHA,2001,Kharif,Maize,5190,12403,2.389788054
Madhya Pradesh,VIDISHA,2001,Kharif,Other Kharif pulses,4326,1632,0.377253814
Madhya Pradesh,VIDISHA,2001,Kharif,Rice,740,443,0.598648649
Madhya Pradesh,VIDISHA,2001,Kharif,Sesamum,138,48,0.347826087
Madhya Pradesh,VIDISHA,2001,Kharif,Small millets,366,120,0.327868852
Madhya Pradesh,VIDISHA,2001,Kharif,Soyabean,134850,125794,0.932843901
Madhya Pradesh,VIDISHA,2001,Rabi,Barley,384,672,1.75
Madhya Pradesh,VIDISHA,2001,Rabi,Gram,204384,206837,1.012001918
Madhya Pradesh,VIDISHA,2001,Rabi,Linseed,539,401,0.743970315
Madhya Pradesh,VIDISHA,2001,Rabi,Other  Rabi pulses,74504,44270,0.594196285
Madhya Pradesh,VIDISHA,2001,Rabi,Rapeseed &Mustard,792,549,0.693181818
Madhya Pradesh,VIDISHA,2001,Rabi,Safflower,1,0.01,0.01
Madhya Pradesh,VIDISHA,2001,Rabi,Wheat,201826,282726,1.400840328
Madhya Pradesh,VIDISHA,2001,Whole Year,Coriander,1332,366,0.274774775
Madhya Pradesh,VIDISHA,2001,Whole Year,Dry chillies,84,31,0.369047619
Madhya Pradesh,VIDISHA,2001,Whole Year,Garlic,42,93,2.214285714
Madhya Pradesh,VIDISHA,2001,Whole Year,Onion,132,1401,10.61363636
Madhya Pradesh,VIDISHA,2001,Whole Year,Potato,92,1152,12.52173913
Madhya Pradesh,VIDISHA,2001,Whole Year,Sannhamp,47,89,1.893617021
Madhya Pradesh,VIDISHA,2001,Whole Year,Sugarcane,180,3310,18.38888889
Madhya Pradesh,VIDISHA,2001,Whole Year,Sweet potato,7,38,5.428571429
Madhya Pradesh,VIDISHA,2001,Whole Year,Turmeric,3,2,0.666666667
Madhya Pradesh,VIDISHA,2002,Kharif,Arhar/Tur,857,460,0.536756126
Madhya Pradesh,VIDISHA,2002,Kharif,Dry ginger,55,48,0.872727273
Madhya Pradesh,VIDISHA,2002,Kharif,Groundnut,666,709,1.064564565
Madhya Pradesh,VIDISHA,2002,Kharif,Jowar,7846,7659,0.976166199
Madhya Pradesh,VIDISHA,2002,Kharif,Maize,5576,11971,2.146879484
Madhya Pradesh,VIDISHA,2002,Kharif,Niger seed,68,10,0.147058824
Madhya Pradesh,VIDISHA,2002,Kharif,Other Kharif pulses,1672,539,0.322368421
Madhya Pradesh,VIDISHA,2002,Kharif,Rice,686,209,0.304664723
Madhya Pradesh,VIDISHA,2002,Kharif,Sesamum,62,21,0.338709677
Madhya Pradesh,VIDISHA,2002,Kharif,Small millets,444,125,0.281531532
Madhya Pradesh,VIDISHA,2002,Kharif,Soyabean,103515,88374,0.853731343
Madhya Pradesh,VIDISHA,2002,Kharif,Sunflower,1,0.01,0.01
Madhya Pradesh,VIDISHA,2002,Rabi,Barley,384,635,1.653645833
Madhya Pradesh,VIDISHA,2002,Rabi,Gram,202166,124534,0.615998734
Madhya Pradesh,VIDISHA,2002,Rabi,Linseed,1350,1010,0.748148148
Madhya Pradesh,VIDISHA,2002,Rabi,Other  Rabi pulses,74470,33535,0.450315563
Madhya Pradesh,VIDISHA,2002,Rabi,Rapeseed &Mustard,1440,757,0.525694444
Madhya Pradesh,VIDISHA,2002,Rabi,Safflower,2,0.01,0.005
Madhya Pradesh,VIDISHA,2002,Rabi,Wheat,232956,308722,1.325237384
Madhya Pradesh,VIDISHA,2002,Whole Year,Beans & Mutter(Vegetable),63,0,0
Madhya Pradesh,VIDISHA,2002,Whole Year,Bhindi,104,0,0
Madhya Pradesh,VIDISHA,2002,Whole Year,Brinjal,140,0,0
Madhya Pradesh,VIDISHA,2002,Whole Year,Cabbage,107,0,0
Madhya Pradesh,VIDISHA,2002,Whole Year,Cauliflower,110,0,0
Madhya Pradesh,VIDISHA,2002,Whole Year,Citrus Fruit,10,0,0
Madhya Pradesh,VIDISHA,2002,Whole Year,Coriander,5612,1156,0.20598717
Madhya Pradesh,VIDISHA,2002,Whole Year,Dry chillies,115,45,0.391304348
Madhya Pradesh,VIDISHA,2002,Whole Year,Garlic,50,111,2.22
Madhya Pradesh,VIDISHA,2002,Whole Year,Mango,103,0,0
Madhya Pradesh,VIDISHA,2002,Whole Year,Onion,166,1667,10.04216867
Madhya Pradesh,VIDISHA,2002,Whole Year,Other Fresh Fruits,44,0,0
Madhya Pradesh,VIDISHA,2002,Whole Year,Other Vegetables,581,0,0
Madhya Pradesh,VIDISHA,2002,Whole Year,Papaya,5,258,51.6
Madhya Pradesh,VIDISHA,2002,Whole Year,Pome Fruit,101,0,0
Madhya Pradesh,VIDISHA,2002,Whole Year,Potato,156,1716,11
Madhya Pradesh,VIDISHA,2002,Whole Year,Sannhamp,42,61,1.452380952
Madhya Pradesh,VIDISHA,2002,Whole Year,Sugarcane,143,2590,18.11188811
Madhya Pradesh,VIDISHA,2002,Whole Year,Sweet potato,9,48,5.333333333
Madhya Pradesh,VIDISHA,2002,Whole Year,Tomato,124,0,0
Madhya Pradesh,VIDISHA,2003,Kharif,Arhar/Tur,897,614,0.684503902
Madhya Pradesh,VIDISHA,2003,Kharif,Dry ginger,55,46,0.836363636
Madhya Pradesh,VIDISHA,2003,Kharif,Groundnut,1183,1658,1.401521555
Madhya Pradesh,VIDISHA,2003,Kharif,Jowar,10588,13781,1.301567813
Madhya Pradesh,VIDISHA,2003,Kharif,Maize,5366,11030,2.055534849
Madhya Pradesh,VIDISHA,2003,Kharif,Niger seed,12,2,0.166666667
Madhya Pradesh,VIDISHA,2003,Kharif,Other Kharif pulses,25882,8899,0.343829689
Madhya Pradesh,VIDISHA,2003,Kharif,Rice,666,449,0.674174174
Madhya Pradesh,VIDISHA,2003,Kharif,Sesamum,188,83,0.441489362
Madhya Pradesh,VIDISHA,2003,Kharif,Small millets,397,128,0.322418136
Madhya Pradesh,VIDISHA,2003,Kharif,Soyabean,125138,106942,0.85459253
Madhya Pradesh,VIDISHA,2003,Kharif,Urad,24836,8439,0.339789016
Madhya Pradesh,VIDISHA,2003,Rabi,Barley,427,793,1.857142857
Madhya Pradesh,VIDISHA,2003,Rabi,Gram,206284,184830,0.895997751
Madhya Pradesh,VIDISHA,2003,Rabi,Linseed,451,345,0.764966741
Madhya Pradesh,VIDISHA,2003,Rabi,Other  Rabi pulses,66101,41871,0.633439736
Madhya Pradesh,VIDISHA,2003,Rabi,Rapeseed &Mustard,682,530,0.7771261
Madhya Pradesh,VIDISHA,2003,Rabi,Wheat,211597,332930,1.573415502
Madhya Pradesh,VIDISHA,2003,Whole Year,Beans & Mutter(Vegetable),60,0,0
Madhya Pradesh,VIDISHA,2003,Whole Year,Bhindi,154,0,0
Madhya Pradesh,VIDISHA,2003,Whole Year,Brinjal,118,0,0
Madhya Pradesh,VIDISHA,2003,Whole Year,Cabbage,75,0,0
Madhya Pradesh,VIDISHA,2003,Whole Year,Cauliflower,77,0,0
Madhya Pradesh,VIDISHA,2003,Whole Year,Citrus Fruit,3,0,0
Madhya Pradesh,VIDISHA,2003,Whole Year,Coriander,3472,1065,0.306739631
Madhya Pradesh,VIDISHA,2003,Whole Year,Dry chillies,97,40,0.412371134
Madhya Pradesh,VIDISHA,2003,Whole Year,Garlic,75,155,2.066666667
Madhya Pradesh,VIDISHA,2003,Whole Year,Mango,88,0,0
Madhya Pradesh,VIDISHA,2003,Whole Year,Onion,128,1147,8.9609375
Madhya Pradesh,VIDISHA,2003,Whole Year,Other Fresh Fruits,46,0,0
Madhya Pradesh,VIDISHA,2003,Whole Year,Other Vegetables,754,0,0
Madhya Pradesh,VIDISHA,2003,Whole Year,Papaya,6,419,69.83333333
Madhya Pradesh,VIDISHA,2003,Whole Year,Pome Fruit,69,0,0
Madhya Pradesh,VIDISHA,2003,Whole Year,Potato,147,1823,12.40136054
Madhya Pradesh,VIDISHA,2003,Whole Year,Sannhamp,51,95,1.862745098
Madhya Pradesh,VIDISHA,2003,Whole Year,Sugarcane,112,2060,18.39285714
Madhya Pradesh,VIDISHA,2003,Whole Year,Sweet potato,3,16,5.333333333
Madhya Pradesh,VIDISHA,2003,Whole Year,Tomato,141,0,0
Madhya Pradesh,VIDISHA,2003,Whole Year,Water Melon,10,0,0
Madhya Pradesh,VIDISHA,2004,Kharif,Arhar/Tur,952,595,0.625
Madhya Pradesh,VIDISHA,2004,Kharif,Bajra,18,17,0.944444444
Madhya Pradesh,VIDISHA,2004,Kharif,Dry ginger,93,75,0.806451613
Madhya Pradesh,VIDISHA,2004,Kharif,Groundnut,939,1506,1.603833866
Madhya Pradesh,VIDISHA,2004,Kharif,Jowar,8256,9916,1.201065891
Madhya Pradesh,VIDISHA,2004,Kharif,Maize,5689,9387,1.650026367
Madhya Pradesh,VIDISHA,2004,Kharif,Niger seed,65,11,0.169230769
Madhya Pradesh,VIDISHA,2004,Kharif,Rice,660,397,0.601515152
Madhya Pradesh,VIDISHA,2004,Kharif,Sesamum,276,130,0.471014493
Madhya Pradesh,VIDISHA,2004,Kharif,Small millets,342,111,0.324561404
Madhya Pradesh,VIDISHA,2004,Kharif,Soyabean,134778,140618,1.043330514
Madhya Pradesh,VIDISHA,2004,Kharif,Urad,23399,8878,0.379417924
Madhya Pradesh,VIDISHA,2004,Rabi,Barley,421,696,1.653206651
Madhya Pradesh,VIDISHA,2004,Rabi,Gram,194281,206909,1.064998636
Madhya Pradesh,VIDISHA,2004,Rabi,Linseed,369,326,0.883468835
Madhya Pradesh,VIDISHA,2004,Rabi,Masoor,68675,42818,0.623487441
Madhya Pradesh,VIDISHA,2004,Rabi,Rapeseed &Mustard,904,781,0.863938053
Madhya Pradesh,VIDISHA,2004,Rabi,Wheat,214475,335221,1.562984031
Madhya Pradesh,VIDISHA,2004,Whole Year,Coriander,4171,1279,0.306641093
Madhya Pradesh,VIDISHA,2004,Whole Year,Garlic,44,103,2.340909091
Madhya Pradesh,VIDISHA,2004,Whole Year,Onion,137,1522,11.10948905
Madhya Pradesh,VIDISHA,2004,Whole Year,Potato,119,1623,13.63865546
Madhya Pradesh,VIDISHA,2004,Whole Year,Sugarcane,54,1040,19.25925926
Madhya Pradesh,VIDISHA,2004,Whole Year,Sweet potato,3,19,6.333333333
Madhya Pradesh,VIDISHA,2005,Kharif,Arhar/Tur,916,587,0.640829694
Madhya Pradesh,VIDISHA,2005,Kharif,Cotton(lint),7,7,1
Madhya Pradesh,VIDISHA,2005,Kharif,Groundnut,684,917,1.340643275
Madhya Pradesh,VIDISHA,2005,Kharif,Jowar,4556,6602,1.449078139
Madhya Pradesh,VIDISHA,2005,Kharif,Maize,5774,9082,1.572913059
Madhya Pradesh,VIDISHA,2005,Kharif,Moong(Green Gram),848,298,0.351415094
Madhya Pradesh,VIDISHA,2005,Kharif,Niger seed,24,5,0.208333333
Madhya Pradesh,VIDISHA,2005,Kharif,Rice,619,479,0.773828756
Madhya Pradesh,VIDISHA,2005,Kharif,Sesamum,213,93,0.436619718
Madhya Pradesh,VIDISHA,2005,Kharif,Small millets,175,111,0.634285714
Madhya Pradesh,VIDISHA,2005,Kharif,Soyabean,124862,140954,1.128878282
Madhya Pradesh,VIDISHA,2005,Kharif,Urad,19231,7646,0.397587229
Madhya Pradesh,VIDISHA,2005,Rabi,Barley,393,738,1.877862595
Madhya Pradesh,VIDISHA,2005,Rabi,Gram,194560,205844,1.057997533
Madhya Pradesh,VIDISHA,2005,Rabi,Linseed,329,208,0.632218845
Madhya Pradesh,VIDISHA,2005,Rabi,Masoor,78807,49791,0.631809357
Madhya Pradesh,VIDISHA,2005,Rabi,Peas & beans (Pulses),2711,1713,0.631870159
Madhya Pradesh,VIDISHA,2005,Rabi,Rapeseed &Mustard,923,800,0.866738895
Madhya Pradesh,VIDISHA,2005,Rabi,Wheat,206566,312775,1.514164964
Madhya Pradesh,VIDISHA,2005,Whole Year,Onion,132,1419,10.75
Madhya Pradesh,VIDISHA,2005,Whole Year,Potato,109,1341,12.30275229
Madhya Pradesh,VIDISHA,2005,Whole Year,Sugarcane,75,1380,18.4
Madhya Pradesh,VIDISHA,2005,Whole Year,Sweet potato,32,183,5.71875
Madhya Pradesh,VIDISHA,2006,Kharif,Arhar/Tur,1113,655,0.588499551
Madhya Pradesh,VIDISHA,2006,Kharif,Cotton(lint),19,17,0.894736842
Madhya Pradesh,VIDISHA,2006,Kharif,Dry ginger,117,100,0.854700855
Madhya Pradesh,VIDISHA,2006,Kharif,Groundnut,666,786,1.18018018
Madhya Pradesh,VIDISHA,2006,Kharif,Jowar,3874,5712,1.474445018
Madhya Pradesh,VIDISHA,2006,Kharif,Jute,53,106,2
Madhya Pradesh,VIDISHA,2006,Kharif,Maize,5348,5804,1.08526552
Madhya Pradesh,VIDISHA,2006,Kharif,Moong(Green Gram),903,323,0.357696567
Madhya Pradesh,VIDISHA,2006,Kharif,Niger seed,11,2,0.181818182
Madhya Pradesh,VIDISHA,2006,Kharif,Rice,571,446,0.781085814
Madhya Pradesh,VIDISHA,2006,Kharif,Small millets,276,164,0.594202899
Madhya Pradesh,VIDISHA,2006,Kharif,Soyabean,143406,140193,0.97759508
Madhya Pradesh,VIDISHA,2006,Kharif,Urad,20203,8155,0.403652923
Madhya Pradesh,VIDISHA,2006,Rabi,Gram,195865,225636,1.151997549
Madhya Pradesh,VIDISHA,2006,Rabi,Khesari,5025,4495,0.894527363
Madhya Pradesh,VIDISHA,2006,Rabi,Linseed,169,163,0.964497041
Madhya Pradesh,VIDISHA,2006,Rabi,Masoor,74167,48218,0.650127415
Madhya Pradesh,VIDISHA,2006,Rabi,Peas & beans (Pulses),2685,1745,0.64990689
Madhya Pradesh,VIDISHA,2006,Rabi,Rapeseed &Mustard,916,800,0.873362445
Madhya Pradesh,VIDISHA,2006,Rabi,Small millets,182,,
Madhya Pradesh,VIDISHA,2006,Rabi,Wheat,213502,355793,1.666462141
Madhya Pradesh,VIDISHA,2006,Whole Year,Coriander,2252,712,0.31616341
Madhya Pradesh,VIDISHA,2006,Whole Year,Dry chillies,137,71,0.518248175
Madhya Pradesh,VIDISHA,2006,Whole Year,Garlic,83,189,2.277108434
Madhya Pradesh,VIDISHA,2006,Whole Year,Onion,182,1967,10.80769231
Madhya Pradesh,VIDISHA,2006,Whole Year,Potato,165,1926,11.67272727
Madhya Pradesh,VIDISHA,2006,Whole Year,Sesamum,154,55,0.357142857
Madhya Pradesh,VIDISHA,2006,Whole Year,Sugarcane,76,1570,20.65789474
Madhya Pradesh,VIDISHA,2006,Whole Year,Sweet potato,4,23,5.75
Madhya Pradesh,VIDISHA,2007,Kharif,Arhar/Tur,1250,678,0.5424
Madhya Pradesh,VIDISHA,2007,Kharif,Cotton(lint),15,2,0.133333333
Madhya Pradesh,VIDISHA,2007,Kharif,Groundnut,541,657,1.214417745
Madhya Pradesh,VIDISHA,2007,Kharif,Jowar,2961,4156,1.403579872
Madhya Pradesh,VIDISHA,2007,Kharif,Maize,5259,7119,1.353679407
Madhya Pradesh,VIDISHA,2007,Kharif,Niger seed,5,1,0.2
Madhya Pradesh,VIDISHA,2007,Kharif,Rice,502,404,0.804780876
Madhya Pradesh,VIDISHA,2007,Kharif,Sannhamp,25,8,0.32
Madhya Pradesh,VIDISHA,2007,Kharif,Soyabean,180345,181334,1.005483934
Madhya Pradesh,VIDISHA,2007,Kharif,Urad,30853,12638,0.40961981
Madhya Pradesh,VIDISHA,2007,Rabi,Barley,363,704,1.939393939
Madhya Pradesh,VIDISHA,2007,Rabi,Gram,221180,146864,0.66400217
Madhya Pradesh,VIDISHA,2007,Rabi,Khesari,7230,3452,0.477455048
Madhya Pradesh,VIDISHA,2007,Rabi,Linseed,97,69,0.711340206
Madhya Pradesh,VIDISHA,2007,Rabi,Masoor,79187,40605,0.512773561
Madhya Pradesh,VIDISHA,2007,Rabi,Peas & beans (Pulses),4024,2101,0.522117296
Madhya Pradesh,VIDISHA,2007,Rabi,Rapeseed &Mustard,1150,939,0.816521739
Madhya Pradesh,VIDISHA,2007,Rabi,Wheat,179925,202425,1.125052105
Madhya Pradesh,VIDISHA,2007,Whole Year,Coriander,1490,389,0.261073826
Madhya Pradesh,VIDISHA,2007,Whole Year,Garlic,40,87,2.175
Madhya Pradesh,VIDISHA,2007,Whole Year,Onion,135,1190,8.814814815
Madhya Pradesh,VIDISHA,2007,Whole Year,Potato,154,1662,10.79220779
Madhya Pradesh,VIDISHA,2007,Whole Year,Sesamum,105,47,0.447619048
Madhya Pradesh,VIDISHA,2007,Whole Year,Sugarcane,242,4390,18.14049587
Madhya Pradesh,VIDISHA,2007,Whole Year,Sweet potato,12,70,5.833333333
Madhya Pradesh,VIDISHA,2008,Kharif,Arhar/Tur,1462,1008,0.689466484
Madhya Pradesh,VIDISHA,2008,Kharif,Bajra,161,352,2.186335404
Madhya Pradesh,VIDISHA,2008,Kharif,Cotton(lint),13,2,0.153846154
Madhya Pradesh,VIDISHA,2008,Kharif,Groundnut,467,603,1.291220557
Madhya Pradesh,VIDISHA,2008,Kharif,Jowar,2233,3306,1.480519481
Madhya Pradesh,VIDISHA,2008,Kharif,Maize,4524,6360,1.405835544
Madhya Pradesh,VIDISHA,2008,Kharif,Rice,522,427,0.818007663
Madhya Pradesh,VIDISHA,2008,Kharif,Sannhamp,24,9,0.375
Madhya Pradesh,VIDISHA,2008,Kharif,Soyabean,192976,209584,1.086062516
Madhya Pradesh,VIDISHA,2008,Kharif,Urad,37855,14594,0.385523709
Madhya Pradesh,VIDISHA,2008,Rabi,Barley,342,666,1.947368421
Madhya Pradesh,VIDISHA,2008,Rabi,Gram,223770,265167,1.184997989
Madhya Pradesh,VIDISHA,2008,Rabi,Khesari,7797,6415,0.822752341
Madhya Pradesh,VIDISHA,2008,Rabi,Linseed,106,99,0.933962264
Madhya Pradesh,VIDISHA,2008,Rabi,Masoor,81627,47835,0.586019332
Madhya Pradesh,VIDISHA,2008,Rabi,Peas & beans (Pulses),4260,2496,0.585915493
Madhya Pradesh,VIDISHA,2008,Rabi,Rapeseed &Mustard,905,741,0.81878453
Madhya Pradesh,VIDISHA,2008,Rabi,Wheat,172743,259612,1.502880001
Madhya Pradesh,VIDISHA,2008,Whole Year,Coriander,1175,320,0.272340426
Madhya Pradesh,VIDISHA,2008,Whole Year,Garlic,56,115,2.053571429
Madhya Pradesh,VIDISHA,2008,Whole Year,Onion,129,1049,8.131782946
Madhya Pradesh,VIDISHA,2008,Whole Year,Potato,213,2243,10.53051643
Madhya Pradesh,VIDISHA,2008,Whole Year,Sesamum,70,30,0.428571429
Madhya Pradesh,VIDISHA,2008,Whole Year,Small millets,287,88,0.306620209
Madhya Pradesh,VIDISHA,2008,Whole Year,Sugarcane,155,2980,19.22580645
Madhya Pradesh,VIDISHA,2008,Whole Year,Sweet potato,7,37,5.285714286
Madhya Pradesh,VIDISHA,2009,Kharif,Jowar,1031,1808,1.753637245
Madhya Pradesh,VIDISHA,2009,Kharif,Moong(Green Gram),776,286,0.368556701
Madhya Pradesh,VIDISHA,2009,Kharif,Small millets,200,71,0.355
Madhya Pradesh,VIDISHA,2009,Kharif,Urad,44053,18045,0.40962023
Madhya Pradesh,VIDISHA,2009,Rabi,Small millets,116,32,0.275862069
Madhya Pradesh,VIDISHA,2009,Whole Year,Arhar/Tur,1880,1285,0.683510638
Madhya Pradesh,VIDISHA,2009,Whole Year,Bajra,1,2,2
Madhya Pradesh,VIDISHA,2009,Whole Year,Barley,359,684,1.905292479
Madhya Pradesh,VIDISHA,2009,Whole Year,Coriander,1123,334,0.297417631
Madhya Pradesh,VIDISHA,2009,Whole Year,Dry chillies,45,43,0.955555556
Madhya Pradesh,VIDISHA,2009,Whole Year,Dry ginger,71,60,0.845070423
Madhya Pradesh,VIDISHA,2009,Whole Year,Garlic,52,112,2.153846154
Madhya Pradesh,VIDISHA,2009,Whole Year,Gram,202087,262511,1.298999936
Madhya Pradesh,VIDISHA,2009,Whole Year,Groundnut,397,534,1.345088161
Madhya Pradesh,VIDISHA,2009,Whole Year,Khesari,8876,7601,0.856354214
Madhya Pradesh,VIDISHA,2009,Whole Year,Linseed,88,89,1.011363636
Madhya Pradesh,VIDISHA,2009,Whole Year,Maize,4663,5908,1.266995496
Madhya Pradesh,VIDISHA,2009,Whole Year,Masoor,70792,45375,0.640962256
Madhya Pradesh,VIDISHA,2009,Whole Year,Niger seed,5,1,0.2
Madhya Pradesh,VIDISHA,2009,Whole Year,Onion,246,2177,8.849593496
Madhya Pradesh,VIDISHA,2009,Whole Year,Peas & beans (Pulses),3529,2262,0.64097478
Madhya Pradesh,VIDISHA,2009,Whole Year,Potato,274,2852,10.40875912
Madhya Pradesh,VIDISHA,2009,Whole Year,Rapeseed &Mustard,892,764,0.856502242
Madhya Pradesh,VIDISHA,2009,Whole Year,Rice,576,456,0.791666667
Madhya Pradesh,VIDISHA,2009,Whole Year,Sannhamp,10,4,0.4
Madhya Pradesh,VIDISHA,2009,Whole Year,Sesamum,75,34,0.453333333
Madhya Pradesh,VIDISHA,2009,Whole Year,Soyabean,217852,255592,1.173236876
Madhya Pradesh,VIDISHA,2009,Whole Year,Sugarcane,234,4640,19.82905983
Madhya Pradesh,VIDISHA,2009,Whole Year,Sweet potato,25,132,5.28
Madhya Pradesh,VIDISHA,2009,Whole Year,Wheat,198099,370361,1.869575313
Madhya Pradesh,VIDISHA,2010,Kharif,Arhar/Tur,6236,2249,0.360647851
Madhya Pradesh,VIDISHA,2010,Kharif,Groundnut,371,606,1.633423181
Madhya Pradesh,VIDISHA,2010,Kharif,Jowar,421,807,1.916864608
Madhya Pradesh,VIDISHA,2010,Kharif,Maize,3992,6826,1.70991984
Madhya Pradesh,VIDISHA,2010,Kharif,Moong(Green Gram),965,356,0.368911917
Madhya Pradesh,VIDISHA,2010,Kharif,Rice,374,378,1.010695187
Madhya Pradesh,VIDISHA,2010,Kharif,Small millets,289,89,0.307958478
Madhya Pradesh,VIDISHA,2010,Kharif,Soyabean,249232,277253,1.112429383
Madhya Pradesh,VIDISHA,2010,Kharif,Urad,45388,19140,0.421697365
Madhya Pradesh,VIDISHA,2010,Rabi,Barley,420,1039,2.473809524
Madhya Pradesh,VIDISHA,2010,Rabi,Gram,183469,202366,1.102998327
Madhya Pradesh,VIDISHA,2010,Rabi,Khesari,9078,4583,0.504846883
Madhya Pradesh,VIDISHA,2010,Rabi,Linseed,55,40,0.727272727
Madhya Pradesh,VIDISHA,2010,Rabi,Masoor,70134,30926,0.440955884
Madhya Pradesh,VIDISHA,2010,Rabi,Peas & beans (Pulses),4105,1810,0.4409257
Madhya Pradesh,VIDISHA,2010,Rabi,Rapeseed &Mustard,864,666,0.770833333
Madhya Pradesh,VIDISHA,2010,Rabi,Wheat,206858,341573,1.651243848
Madhya Pradesh,VIDISHA,2010,Whole Year,Coriander,502,115,0.229083665
Madhya Pradesh,VIDISHA,2010,Whole Year,Dry chillies,26,36,1.384615385
Madhya Pradesh,VIDISHA,2010,Whole Year,Dry ginger,179,152,0.849162011
Madhya Pradesh,VIDISHA,2010,Whole Year,Garlic,187,344,1.839572193
Madhya Pradesh,VIDISHA,2010,Whole Year,Onion,97,1043,10.75257732
Madhya Pradesh,VIDISHA,2010,Whole Year,Potato,113,999,8.840707965
Madhya Pradesh,VIDISHA,2010,Whole Year,Sannhamp,16,33,2.0625
Madhya Pradesh,VIDISHA,2010,Whole Year,Sesamum,67,45,0.671641791
Madhya Pradesh,VIDISHA,2010,Whole Year,Sugarcane,238,4380,18.40336134
Madhya Pradesh,VIDISHA,2010,Whole Year,Sweet potato,18,85,4.722222222
Madhya Pradesh,VIDISHA,2010,Whole Year,Turmeric,1,1,1
Madhya Pradesh,VIDISHA,2011,Kharif,Arhar/Tur,6182,3265,0.528146231
Madhya Pradesh,VIDISHA,2011,Kharif,Barley,321,865,2.69470405
Madhya Pradesh,VIDISHA,2011,Kharif,Groundnut,417,726,1.741007194
Madhya Pradesh,VIDISHA,2011,Kharif,Jowar,200,384,1.92
Madhya Pradesh,VIDISHA,2011,Kharif,Maize,3505,4522,1.290156919
Madhya Pradesh,VIDISHA,2011,Kharif,Moong(Green Gram),1039,315,0.303176131
Madhya Pradesh,VIDISHA,2011,Kharif,Other Kharif pulses,140,,
Madhya Pradesh,VIDISHA,2011,Kharif,Rice,829,923,1.113389626
Madhya Pradesh,VIDISHA,2011,Kharif,Sannhamp,7,11,1.571428571
Madhya Pradesh,VIDISHA,2011,Kharif,Small millets,112,77,0.6875
Madhya Pradesh,VIDISHA,2011,Kharif,Soyabean,242251,290526,1.199276783
Madhya Pradesh,VIDISHA,2011,Kharif,Urad,47757,16513,0.345771301
Madhya Pradesh,VIDISHA,2011,Rabi,Gram,166197,192546,1.158540768
Madhya Pradesh,VIDISHA,2011,Rabi,Khesari,7988,6294,0.787931898
Madhya Pradesh,VIDISHA,2011,Rabi,Linseed,18,21,1.166666667
Madhya Pradesh,VIDISHA,2011,Rabi,Masoor,53128,23427,0.440953923
Madhya Pradesh,VIDISHA,2011,Rabi,Peas & beans (Pulses),4912,2528,0.51465798
Madhya Pradesh,VIDISHA,2011,Rabi,Rapeseed &Mustard,815,930,1.141104294
Madhya Pradesh,VIDISHA,2011,Rabi,Wheat,242856,470375,1.93684735
Madhya Pradesh,VIDISHA,2011,Whole Year,Coriander,383,123,0.321148825
Madhya Pradesh,VIDISHA,2011,Whole Year,Dry chillies,82,88,1.073170732
Madhya Pradesh,VIDISHA,2011,Whole Year,Dry ginger,79,63,0.797468354
Madhya Pradesh,VIDISHA,2011,Whole Year,Garlic,162,340,2.098765432
Madhya Pradesh,VIDISHA,2011,Whole Year,Onion,130,1705,13.11538462
Madhya Pradesh,VIDISHA,2011,Whole Year,Potato,325,4131,12.71076923
Madhya Pradesh,VIDISHA,2011,Whole Year,Sesamum,64,43,0.671875
Madhya Pradesh,VIDISHA,2011,Whole Year,Sugarcane,177,2870,16.21468927
Madhya Pradesh,VIDISHA,2012,Kharif,Arhar/Tur,2231,1574,0.705513223
Madhya Pradesh,VIDISHA,2012,Kharif,Barley,247,492,1.991902834
Madhya Pradesh,VIDISHA,2012,Kharif,Groundnut,367,704,1.918256131
Madhya Pradesh,VIDISHA,2012,Kharif,Jowar,99,199,2.01010101
Madhya Pradesh,VIDISHA,2012,Kharif,Maize,3567,7981,2.237454444
Madhya Pradesh,VIDISHA,2012,Kharif,Moong(Green Gram),996,420,0.421686747
Madhya Pradesh,VIDISHA,2012,Kharif,Rice,272,267,0.981617647
Madhya Pradesh,VIDISHA,2012,Kharif,Sannhamp,8,11,1.375
Madhya Pradesh,VIDISHA,2012,Kharif,Small millets,147,75,0.510204082
Madhya Pradesh,VIDISHA,2012,Kharif,Soyabean,289763,321892,1.110880271
Madhya Pradesh,VIDISHA,2012,Kharif,Urad,52524,33223,0.632529891
Madhya Pradesh,VIDISHA,2012,Rabi,Gram,176802,210589,1.191100779
Madhya Pradesh,VIDISHA,2012,Rabi,Khesari,6998,6361,0.908973993
Madhya Pradesh,VIDISHA,2012,Rabi,Linseed,5,5,1
Madhya Pradesh,VIDISHA,2012,Rabi,Masoor,37629,25388,0.674692392
Madhya Pradesh,VIDISHA,2012,Rabi,Moong(Green Gram),5,1,0.2
Madhya Pradesh,VIDISHA,2012,Rabi,Peas & beans (Pulses),5121,3455,0.674672915
Madhya Pradesh,VIDISHA,2012,Rabi,Rapeseed &Mustard,393,326,0.829516539
Madhya Pradesh,VIDISHA,2012,Rabi,Wheat,254407,446263,1.754130193
Madhya Pradesh,VIDISHA,2012,Whole Year,Coriander,303,109,0.359735974
Madhya Pradesh,VIDISHA,2012,Whole Year,Dry chillies,36,42,1.166666667
Madhya Pradesh,VIDISHA,2012,Whole Year,Dry ginger,6,7,1.166666667
Madhya Pradesh,VIDISHA,2012,Whole Year,Garlic,66,249,3.772727273
Madhya Pradesh,VIDISHA,2012,Whole Year,Onion,170,4429,26.05294118
Madhya Pradesh,VIDISHA,2012,Whole Year,Potato,184,2030,11.0326087
Madhya Pradesh,VIDISHA,2012,Whole Year,Sesamum,29,17,0.586206897
Madhya Pradesh,VIDISHA,2012,Whole Year,Sugarcane,217,4390,20.23041475
Madhya Pradesh,VIDISHA,2012,Whole Year,Sweet potato,26,213,8.192307692
Madhya Pradesh,VIDISHA,2013,Kharif,Arhar/Tur,9092,4982,0.547954245
Madhya Pradesh,VIDISHA,2013,Kharif,Barley,227,389,1.713656388
Madhya Pradesh,VIDISHA,2013,Kharif,Groundnut,815,1214,1.489570552
Madhya Pradesh,VIDISHA,2013,Kharif,Jowar,776,899,1.158505155
Madhya Pradesh,VIDISHA,2013,Kharif,Maize,7050,8204,1.163687943
Madhya Pradesh,VIDISHA,2013,Kharif,Moong(Green Gram),2449,1034,0.422213148
Madhya Pradesh,VIDISHA,2013,Kharif,Rice,1500,836,0.557333333
Madhya Pradesh,VIDISHA,2013,Kharif,Sannhamp,2,28,14
Madhya Pradesh,VIDISHA,2013,Kharif,Small millets,81,28,0.345679012
Madhya Pradesh,VIDISHA,2013,Kharif,Soyabean,317819,321540,1.011707922
Madhya Pradesh,VIDISHA,2013,Kharif,Urad,51200,32386,0.632539063
Madhya Pradesh,VIDISHA,2013,Rabi,Gram,197217,108151,0.548385788
Madhya Pradesh,VIDISHA,2013,Rabi,Khesari,8918,4683,0.525117739
Madhya Pradesh,VIDISHA,2013,Rabi,Linseed,113,78,0.690265487
Madhya Pradesh,VIDISHA,2013,Rabi,Masoor,45083,23899,0.530111128
Madhya Pradesh,VIDISHA,2013,Rabi,Other  Rabi pulses,890,,
Madhya Pradesh,VIDISHA,2013,Rabi,Peas & beans (Pulses),6918,4001,0.578346343
Madhya Pradesh,VIDISHA,2013,Rabi,Rapeseed &Mustard,78,50,0.641025641
Madhya Pradesh,VIDISHA,2013,Rabi,Wheat,261282,544725,2.084816405
Madhya Pradesh,VIDISHA,2013,Whole Year,Dry chillies,70,41,0.585714286
Madhya Pradesh,VIDISHA,2013,Whole Year,Dry ginger,180,210,1.166666667
Madhya Pradesh,VIDISHA,2013,Whole Year,Garlic,12,26,2.166666667
Madhya Pradesh,VIDISHA,2013,Whole Year,Onion,176,1562,8.875
Madhya Pradesh,VIDISHA,2013,Whole Year,Potato,243,2561,10.53909465
Madhya Pradesh,VIDISHA,2013,Whole Year,Sesamum,279,124,0.444444444
Madhya Pradesh,VIDISHA,2013,Whole Year,Sugarcane,47,950,20.21276596
Madhya Pradesh,VIDISHA,2013,Whole Year,Sweet potato,40,317,7.925
Maharashtra,AHMEDNAGAR,1997,Autumn,Maize,1,1113,1113
Maharashtra,AHMEDNAGAR,1997,Kharif,Arhar/Tur,17600,6300,0.357954545
Maharashtra,AHMEDNAGAR,1997,Kharif,Bajra,274100,152800,0.557460781
Maharashtra,AHMEDNAGAR,1997,Kharif,Gram,40800,18600,0.455882353
Maharashtra,AHMEDNAGAR,1997,Kharif,Jowar,900,1100,1.222222222
Maharashtra,AHMEDNAGAR,1997,Kharif,Maize,4400,4700,1.068181818
Maharashtra,AHMEDNAGAR,1997,Kharif,Moong(Green Gram),10200,900,0.088235294
Maharashtra,AHMEDNAGAR,1997,Kharif,Pulses total,451,130,0.288248337
Maharashtra,AHMEDNAGAR,1997,Kharif,Ragi,2600,2100,0.807692308
Maharashtra,AHMEDNAGAR,1997,Kharif,Rice,5900,7200,1.220338983
Maharashtra,AHMEDNAGAR,1997,Kharif,Sugarcane,45900,38940,0.848366013
Maharashtra,AHMEDNAGAR,1997,Kharif,Total foodgrain,3384,1836,0.542553191
Maharashtra,AHMEDNAGAR,1997,Kharif,Urad,1600,800,0.5
Maharashtra,AHMEDNAGAR,1997,Rabi,Jowar,598400,217000,0.36263369
Maharashtra,AHMEDNAGAR,1997,Rabi,Maize,6200,9100,1.467741935
Maharashtra,AHMEDNAGAR,1997,Rabi,Other  Rabi pulses,60,3,0.05
Maharashtra,AHMEDNAGAR,1997,Rabi,Wheat,79700,87100,1.092848181
Maharashtra,AHMEDNAGAR,1997,Summer,Maize,1100,1900,1.727272727
Maharashtra,AHMEDNAGAR,1997,Whole Year,Cotton(lint),98,17900,182.6530612
Maharashtra,AHMEDNAGAR,1998,Kharif,Arhar/Tur,18800,9700,0.515957447
Maharashtra,AHMEDNAGAR,1998,Kharif,Bajra,302400,243900,0.806547619
Maharashtra,AHMEDNAGAR,1998,Kharif,Castor seed,400,100,0.25
Maharashtra,AHMEDNAGAR,1998,Kharif,Cotton(lint),12100,19900,1.644628099
Maharashtra,AHMEDNAGAR,1998,Kharif,Groundnut,7100,6200,0.873239437
Maharashtra,AHMEDNAGAR,1998,Kharif,Jowar,300,500,1.666666667
Maharashtra,AHMEDNAGAR,1998,Kharif,Maize,5800,12500,2.155172414
Maharashtra,AHMEDNAGAR,1998,Kharif,Moong(Green Gram),15600,9100,0.583333333
Maharashtra,AHMEDNAGAR,1998,Kharif,Niger seed,2100,900,0.428571429
Maharashtra,AHMEDNAGAR,1998,Kharif,Other Cereals & Millets,4100,2400,0.585365854
Maharashtra,AHMEDNAGAR,1998,Kharif,Other Kharif pulses,16800,7000,0.416666667
Maharashtra,AHMEDNAGAR,1998,Kharif,Ragi,3000,2100,0.7
Maharashtra,AHMEDNAGAR,1998,Kharif,Rice,5600,7400,1.321428571
Maharashtra,AHMEDNAGAR,1998,Kharif,Sesamum,900,300,0.333333333
Maharashtra,AHMEDNAGAR,1998,Kharif,Soyabean,4600,5500,1.195652174
Maharashtra,AHMEDNAGAR,1998,Kharif,Sugarcane,59600,5231800,87.78187919
Maharashtra,AHMEDNAGAR,1998,Kharif,Sunflower,11500,3500,0.304347826
Maharashtra,AHMEDNAGAR,1998,Kharif,Urad,2800,1300,0.464285714
Maharashtra,AHMEDNAGAR,1998,Rabi,Gram,59600,40900,0.686241611
Maharashtra,AHMEDNAGAR,1998,Rabi,Jowar,453200,227900,0.502868491
Maharashtra,AHMEDNAGAR,1998,Rabi,Linseed,1200,400,0.333333333
Maharashtra,AHMEDNAGAR,1998,Rabi,Maize,7900,12200,1.544303797
Maharashtra,AHMEDNAGAR,1998,Rabi,Other  Rabi pulses,500,300,0.6
Maharashtra,AHMEDNAGAR,1998,Rabi,Other Cereals & Millets,3000,3700,1.233333333
Maharashtra,AHMEDNAGAR,1998,Rabi,Rapeseed &Mustard,200,,
Maharashtra,AHMEDNAGAR,1998,Rabi,Safflower,30000,18500,0.616666667
Maharashtra,AHMEDNAGAR,1998,Rabi,Sesamum,400,100,0.25
Maharashtra,AHMEDNAGAR,1998,Rabi,Sunflower,9200,5100,0.554347826
Maharashtra,AHMEDNAGAR,1998,Rabi,Wheat,124400,154200,1.239549839
Maharashtra,AHMEDNAGAR,1998,Summer,Groundnut,15000,25700,1.713333333
Maharashtra,AHMEDNAGAR,1998,Summer,Maize,1500,2300,1.533333333
Maharashtra,AHMEDNAGAR,1998,Summer,Sunflower,300,200,0.666666667
Maharashtra,AHMEDNAGAR,1999,Kharif,Arhar/Tur,19000,9900,0.521052632
Maharashtra,AHMEDNAGAR,1999,Kharif,Bajra,310600,178300,0.574050225
Maharashtra,AHMEDNAGAR,1999,Kharif,Castor seed,700,200,0.285714286
Maharashtra,AHMEDNAGAR,1999,Kharif,Cotton(lint),15000,22600,1.506666667
Maharashtra,AHMEDNAGAR,1999,Kharif,Groundnut,7300,5400,0.739726027
Maharashtra,AHMEDNAGAR,1999,Kharif,Jowar,800,700,0.875
Maharashtra,AHMEDNAGAR,1999,Kharif,Maize,6400,9500,1.484375
Maharashtra,AHMEDNAGAR,1999,Kharif,Moong(Green Gram),16800,3700,0.220238095
Maharashtra,AHMEDNAGAR,1999,Kharif,Niger seed,2000,500,0.25
Maharashtra,AHMEDNAGAR,1999,Kharif,Other Kharif pulses,17400,5100,0.293103448
Maharashtra,AHMEDNAGAR,1999,Kharif,Ragi,2600,2500,0.961538462
Maharashtra,AHMEDNAGAR,1999,Kharif,Rice,5700,8000,1.403508772
Maharashtra,AHMEDNAGAR,1999,Kharif,Sesamum,900,200,0.222222222
Maharashtra,AHMEDNAGAR,1999,Kharif,Small millets,600,500,0.833333333
Maharashtra,AHMEDNAGAR,1999,Kharif,Soyabean,7500,10400,1.386666667
Maharashtra,AHMEDNAGAR,1999,Kharif,Sunflower,11200,3900,0.348214286
Maharashtra,AHMEDNAGAR,1999,Kharif,Urad,3200,800,0.25
Maharashtra,AHMEDNAGAR,1999,Rabi,Gram,55300,34600,0.625678119
Maharashtra,AHMEDNAGAR,1999,Rabi,Jowar,498300,190900,0.383102549
Maharashtra,AHMEDNAGAR,1999,Rabi,Linseed,1100,300,0.272727273
Maharashtra,AHMEDNAGAR,1999,Rabi,Maize,8800,13900,1.579545455
Maharashtra,AHMEDNAGAR,1999,Rabi,Other  Rabi pulses,1600,700,0.4375
Maharashtra,AHMEDNAGAR,1999,Rabi,Rapeseed &Mustard,100,0,0
Maharashtra,AHMEDNAGAR,1999,Rabi,Safflower,32200,16500,0.51242236
Maharashtra,AHMEDNAGAR,1999,Rabi,Sesamum,400,100,0.25
Maharashtra,AHMEDNAGAR,1999,Rabi,Small millets,800,200,0.25
Maharashtra,AHMEDNAGAR,1999,Rabi,Sunflower,8800,5000,0.568181818
Maharashtra,AHMEDNAGAR,1999,Rabi,Wheat,127000,178800,1.407874016
Maharashtra,AHMEDNAGAR,1999,Summer,Groundnut,14100,27800,1.971631206
Maharashtra,AHMEDNAGAR,1999,Summer,Maize,1700,2800,1.647058824
Maharashtra,AHMEDNAGAR,1999,Summer,Sunflower,300,200,0.666666667
Maharashtra,AHMEDNAGAR,1999,Whole Year,Sugarcane,66600,5962900,89.53303303
Maharashtra,AHMEDNAGAR,2000,Kharif,Arhar/Tur,19100,9400,0.492146597
Maharashtra,AHMEDNAGAR,2000,Kharif,Bajra,326100,187300,0.574363692
Maharashtra,AHMEDNAGAR,2000,Kharif,Castor seed,500,200,0.4
Maharashtra,AHMEDNAGAR,2000,Kharif,Cotton(lint),15700,25600,1.630573248
Maharashtra,AHMEDNAGAR,2000,Kharif,Groundnut,6800,6100,0.897058824
Maharashtra,AHMEDNAGAR,2000,Kharif,Jowar,800,700,0.875
Maharashtra,AHMEDNAGAR,2000,Kharif,Maize,7000,4400,0.628571429
Maharashtra,AHMEDNAGAR,2000,Kharif,Moong(Green Gram),19400,8400,0.432989691
Maharashtra,AHMEDNAGAR,2000,Kharif,Niger seed,2300,600,0.260869565
Maharashtra,AHMEDNAGAR,2000,Kharif,Other Kharif pulses,19100,6400,0.335078534
Maharashtra,AHMEDNAGAR,2000,Kharif,Ragi,4800,4300,0.895833333
Maharashtra,AHMEDNAGAR,2000,Kharif,Rice,5500,3800,0.690909091
Maharashtra,AHMEDNAGAR,2000,Kharif,Sesamum,1100,200,0.181818182
Maharashtra,AHMEDNAGAR,2000,Kharif,Small millets,2700,1500,0.555555556
Maharashtra,AHMEDNAGAR,2000,Kharif,Soyabean,7200,6200,0.861111111
Maharashtra,AHMEDNAGAR,2000,Kharif,Sunflower,10500,5300,0.504761905
Maharashtra,AHMEDNAGAR,2000,Kharif,Urad,3400,1800,0.529411765
Maharashtra,AHMEDNAGAR,2000,Rabi,Gram,61000,30300,0.496721311
Maharashtra,AHMEDNAGAR,2000,Rabi,Jowar,518700,160800,0.310005784
Maharashtra,AHMEDNAGAR,2000,Rabi,Linseed,1200,300,0.25
Maharashtra,AHMEDNAGAR,2000,Rabi,Maize,14000,16200,1.157142857
Maharashtra,AHMEDNAGAR,2000,Rabi,Other  Rabi pulses,600,200,0.333333333
Maharashtra,AHMEDNAGAR,2000,Rabi,Rapeseed &Mustard,200,100,0.5
Maharashtra,AHMEDNAGAR,2000,Rabi,Safflower,30400,14500,0.476973684
Maharashtra,AHMEDNAGAR,2000,Rabi,Sesamum,400,100,0.25
Maharashtra,AHMEDNAGAR,2000,Rabi,Sunflower,7800,4000,0.512820513
Maharashtra,AHMEDNAGAR,2000,Rabi,Wheat,94700,135800,1.434002112
Maharashtra,AHMEDNAGAR,2000,Summer,Groundnut,11000,18300,1.663636364
Maharashtra,AHMEDNAGAR,2000,Summer,Sunflower,200,100,0.5
Maharashtra,AHMEDNAGAR,2000,Whole Year,Sugarcane,67100,5163900,76.95827124
Maharashtra,AHMEDNAGAR,2001,Kharif,Arhar/Tur,16700,5400,0.323353293
Maharashtra,AHMEDNAGAR,2001,Kharif,Bajra,194400,82000,0.4218107
Maharashtra,AHMEDNAGAR,2001,Kharif,Castor seed,200,100,0.5
Maharashtra,AHMEDNAGAR,2001,Kharif,Cotton(lint),13500,16700,1.237037037
Maharashtra,AHMEDNAGAR,2001,Kharif,Groundnut,5700,4500,0.789473684
Maharashtra,AHMEDNAGAR,2001,Kharif,Jowar,200,100,0.5
Maharashtra,AHMEDNAGAR,2001,Kharif,Maize,6400,9800,1.53125
Maharashtra,AHMEDNAGAR,2001,Kharif,Moong(Green Gram),21000,3600,0.171428571
Maharashtra,AHMEDNAGAR,2001,Kharif,Niger seed,2200,400,0.181818182
Maharashtra,AHMEDNAGAR,2001,Kharif,Other Kharif pulses,8900,2200,0.247191011
Maharashtra,AHMEDNAGAR,2001,Kharif,Ragi,4600,7000,1.52173913
Maharashtra,AHMEDNAGAR,2001,Kharif,Rice,7300,4100,0.561643836
Maharashtra,AHMEDNAGAR,2001,Kharif,Sesamum,800,300,0.375
Maharashtra,AHMEDNAGAR,2001,Kharif,Small millets,1400,900,0.642857143
Maharashtra,AHMEDNAGAR,2001,Kharif,Soyabean,7600,9000,1.184210526
Maharashtra,AHMEDNAGAR,2001,Kharif,Sunflower,8600,2900,0.337209302
Maharashtra,AHMEDNAGAR,2001,Kharif,Urad,4500,900,0.2
Maharashtra,AHMEDNAGAR,2001,Rabi,Gram,60000,33100,0.551666667
Maharashtra,AHMEDNAGAR,2001,Rabi,Jowar,528900,175000,0.330875402
Maharashtra,AHMEDNAGAR,2001,Rabi,Linseed,1300,300,0.230769231
Maharashtra,AHMEDNAGAR,2001,Rabi,Maize,12300,22600,1.837398374
Maharashtra,AHMEDNAGAR,2001,Rabi,Other  Rabi pulses,800,400,0.5
Maharashtra,AHMEDNAGAR,2001,Rabi,Rapeseed &Mustard,100,10,0.1
Maharashtra,AHMEDNAGAR,2001,Rabi,Safflower,27400,11700,0.427007299
Maharashtra,AHMEDNAGAR,2001,Rabi,Sesamum,200,10,0.05
Maharashtra,AHMEDNAGAR,2001,Rabi,Small millets,6000,2900,0.483333333
Maharashtra,AHMEDNAGAR,2001,Rabi,Sunflower,5400,7000,1.296296296
Maharashtra,AHMEDNAGAR,2001,Rabi,Wheat,93800,156300,1.666311301
Maharashtra,AHMEDNAGAR,2001,Summer,Groundnut,11000,17200,1.563636364
Maharashtra,AHMEDNAGAR,2001,Summer,Maize,1500,2100,1.4
Maharashtra,AHMEDNAGAR,2001,Summer,Sunflower,100,100,1
Maharashtra,AHMEDNAGAR,2001,Whole Year,Sugarcane,52000,3596300,69.15961538
Maharashtra,AHMEDNAGAR,2002,Kharif,Arhar/Tur,14600,5700,0.390410959
Maharashtra,AHMEDNAGAR,2002,Kharif,Bajra,218400,158900,0.727564103
Maharashtra,AHMEDNAGAR,2002,Kharif,Castor seed,100,10,0.1
Maharashtra,AHMEDNAGAR,2002,Kharif,Cotton(lint),10800,8300,0.768518519
Maharashtra,AHMEDNAGAR,2002,Kharif,Groundnut,5800,4000,0.689655172
Maharashtra,AHMEDNAGAR,2002,Kharif,Jowar,100,100,1
Maharashtra,AHMEDNAGAR,2002,Kharif,Maize,7000,12300,1.757142857
Maharashtra,AHMEDNAGAR,2002,Kharif,Moong(Green Gram),21000,10100,0.480952381
Maharashtra,AHMEDNAGAR,2002,Kharif,Niger seed,2600,700,0.269230769
Maharashtra,AHMEDNAGAR,2002,Kharif,Other Kharif pulses,13600,2400,0.176470588
Maharashtra,AHMEDNAGAR,2002,Kharif,Ragi,4600,3900,0.847826087
Maharashtra,AHMEDNAGAR,2002,Kharif,Rice,7400,1700,0.22972973
Maharashtra,AHMEDNAGAR,2002,Kharif,Sesamum,1300,200,0.153846154
Maharashtra,AHMEDNAGAR,2002,Kharif,Small millets,3400,1300,0.382352941
Maharashtra,AHMEDNAGAR,2002,Kharif,Soyabean,15100,18800,1.245033113
Maharashtra,AHMEDNAGAR,2002,Kharif,Sunflower,9300,3500,0.376344086
Maharashtra,AHMEDNAGAR,2002,Kharif,Urad,4700,2200,0.468085106
Maharashtra,AHMEDNAGAR,2002,Rabi,Gram,64500,26500,0.410852713
Maharashtra,AHMEDNAGAR,2002,Rabi,Jowar,494900,117300,0.237017579
Maharashtra,AHMEDNAGAR,2002,Rabi,Linseed,1000,200,0.2
Maharashtra,AHMEDNAGAR,2002,Rabi,Maize,11700,9100,0.777777778
Maharashtra,AHMEDNAGAR,2002,Rabi,Other  Rabi pulses,600,200,0.333333333
Maharashtra,AHMEDNAGAR,2002,Rabi,Rapeseed &Mustard,100,10,0.1
Maharashtra,AHMEDNAGAR,2002,Rabi,Safflower,24700,7800,0.315789474
Maharashtra,AHMEDNAGAR,2002,Rabi,Sesamum,100,10,0.1
Maharashtra,AHMEDNAGAR,2002,Rabi,Small millets,1700,400,0.235294118
Maharashtra,AHMEDNAGAR,2002,Rabi,Sunflower,4200,1800,0.428571429
Maharashtra,AHMEDNAGAR,2002,Rabi,Wheat,70400,88500,1.257102273
Maharashtra,AHMEDNAGAR,2002,Summer,Groundnut,5800,9900,1.706896552
Maharashtra,AHMEDNAGAR,2002,Summer,Maize,1100,1800,1.636363636
Maharashtra,AHMEDNAGAR,2002,Whole Year,Sugarcane,49400,3303000,66.86234818
Maharashtra,AHMEDNAGAR,2003,Kharif,Arhar/Tur,9000,3000,0.333333333
Maharashtra,AHMEDNAGAR,2003,Kharif,Bajra,204100,70800,0.34688878
Maharashtra,AHMEDNAGAR,2003,Kharif,Cotton(lint),10400,10400,1
Maharashtra,AHMEDNAGAR,2003,Kharif,Groundnut,4200,2600,0.619047619
Maharashtra,AHMEDNAGAR,2003,Kharif,Jowar,100,200,2
Maharashtra,AHMEDNAGAR,2003,Kharif,Maize,6700,6400,0.955223881
Maharashtra,AHMEDNAGAR,2003,Kharif,Moong(Green Gram),8800,2500,0.284090909
Maharashtra,AHMEDNAGAR,2003,Kharif,Niger seed,2100,600,0.285714286
Maharashtra,AHMEDNAGAR,2003,Kharif,Other Kharif pulses,10700,1600,0.14953271
Maharashtra,AHMEDNAGAR,2003,Kharif,other oilseeds,100,0,0
Maharashtra,AHMEDNAGAR,2003,Kharif,Ragi,4600,3700,0.804347826
Maharashtra,AHMEDNAGAR,2003,Kharif,Rice,7600,5900,0.776315789
Maharashtra,AHMEDNAGAR,2003,Kharif,Sesamum,700,200,0.285714286
Maharashtra,AHMEDNAGAR,2003,Kharif,Small millets,1300,400,0.307692308
Maharashtra,AHMEDNAGAR,2003,Kharif,Soyabean,17900,18500,1.033519553
Maharashtra,AHMEDNAGAR,2003,Kharif,Sunflower,7500,2000,0.266666667
Maharashtra,AHMEDNAGAR,2003,Kharif,Urad,3500,1800,0.514285714
Maharashtra,AHMEDNAGAR,2003,Rabi,Gram,50900,20500,0.402750491
Maharashtra,AHMEDNAGAR,2003,Rabi,Jowar,478300,55100,0.115199665
Maharashtra,AHMEDNAGAR,2003,Rabi,Linseed,800,200,0.25
Maharashtra,AHMEDNAGAR,2003,Rabi,Maize,10500,5400,0.514285714
Maharashtra,AHMEDNAGAR,2003,Rabi,Other  Rabi pulses,200,0,0
Maharashtra,AHMEDNAGAR,2003,Rabi,Rapeseed &Mustard,200,100,0.5
Maharashtra,AHMEDNAGAR,2003,Rabi,Safflower,20300,3400,0.167487685
Maharashtra,AHMEDNAGAR,2003,Rabi,Sesamum,100,100,1
Maharashtra,AHMEDNAGAR,2003,Rabi,Small millets,900,100,0.111111111
Maharashtra,AHMEDNAGAR,2003,Rabi,Sunflower,2100,700,0.333333333
Maharashtra,AHMEDNAGAR,2003,Rabi,Wheat,39200,39500,1.007653061
Maharashtra,AHMEDNAGAR,2003,Summer,Groundnut,1300,2400,1.846153846
Maharashtra,AHMEDNAGAR,2003,Summer,Sunflower,100,100,1
Maharashtra,AHMEDNAGAR,2003,Whole Year,Banana,100,11170,111.7
Maharashtra,AHMEDNAGAR,2003,Whole Year,Grapes,331,7074,21.37160121
Maharashtra,AHMEDNAGAR,2003,Whole Year,Mango,9294,17180,1.848504411
Maharashtra,AHMEDNAGAR,2003,Whole Year,Onion,30003,296694,9.888811119
Maharashtra,AHMEDNAGAR,2003,Whole Year,Sugarcane,31200,1486800,47.65384615
Maharashtra,AHMEDNAGAR,2003,Whole Year,Tomato,1647,3291,1.998178506
Maharashtra,AHMEDNAGAR,2004,Kharif,Arhar/Tur,12200,4800,0.393442623
Maharashtra,AHMEDNAGAR,2004,Kharif,Bajra,240500,143400,0.596257796
Maharashtra,AHMEDNAGAR,2004,Kharif,Groundnut,5300,3900,0.735849057
Maharashtra,AHMEDNAGAR,2004,Kharif,Jowar,100,100,1
Maharashtra,AHMEDNAGAR,2004,Kharif,Maize,11400,14000,1.228070175
Maharashtra,AHMEDNAGAR,2004,Kharif,Moong(Green Gram),13100,4300,0.328244275
Maharashtra,AHMEDNAGAR,2004,Kharif,Niger seed,2500,800,0.32
Maharashtra,AHMEDNAGAR,2004,Kharif,Other Cereals & Millets,2900,1000,0.344827586
Maharashtra,AHMEDNAGAR,2004,Kharif,Other Kharif pulses,16300,4100,0.251533742
Maharashtra,AHMEDNAGAR,2004,Kharif,other oilseeds,500,200,0.4
Maharashtra,AHMEDNAGAR,2004,Kharif,Ragi,3000,2400,0.8
Maharashtra,AHMEDNAGAR,2004,Kharif,Rice,8000,5800,0.725
Maharashtra,AHMEDNAGAR,2004,Kharif,Sesamum,1100,400,0.363636364
Maharashtra,AHMEDNAGAR,2004,Kharif,Sunflower,11000,5800,0.527272727
Maharashtra,AHMEDNAGAR,2004,Kharif,Urad,5000,3100,0.62
Maharashtra,AHMEDNAGAR,2004,Rabi,Gram,61700,40900,0.662884927
Maharashtra,AHMEDNAGAR,2004,Rabi,Jowar,555000,263300,0.474414414
Maharashtra,AHMEDNAGAR,2004,Rabi,Linseed,1100,200,0.181818182
Maharashtra,AHMEDNAGAR,2004,Rabi,Maize,10900,22100,2.027522936
Maharashtra,AHMEDNAGAR,2004,Rabi,Other  Rabi pulses,300,100,0.333333333
Maharashtra,AHMEDNAGAR,2004,Rabi,Other Cereals & Millets,900,200,0.222222222
Maharashtra,AHMEDNAGAR,2004,Rabi,Rapeseed &Mustard,200,0,0
Maharashtra,AHMEDNAGAR,2004,Rabi,Safflower,20800,12400,0.596153846
Maharashtra,AHMEDNAGAR,2004,Rabi,Sesamum,100,0,0
Maharashtra,AHMEDNAGAR,2004,Rabi,Soyabean,35500,51800,1.45915493
Maharashtra,AHMEDNAGAR,2004,Rabi,Sunflower,2600,1500,0.576923077
Maharashtra,AHMEDNAGAR,2004,Rabi,Wheat,89300,154600,1.731243001
Maharashtra,AHMEDNAGAR,2004,Summer,Groundnut,9500,11700,1.231578947
Maharashtra,AHMEDNAGAR,2004,Summer,Maize,3100,4300,1.387096774
Maharashtra,AHMEDNAGAR,2004,Summer,Sunflower,100,100,1
Maharashtra,AHMEDNAGAR,2004,Whole Year,Cotton(lint),15900,26700,1.679245283
Maharashtra,AHMEDNAGAR,2004,Whole Year,Sugarcane,17000,1001800,58.92941176
Maharashtra,AHMEDNAGAR,2005,Kharif,Arhar/Tur,11100,3800,0.342342342
Maharashtra,AHMEDNAGAR,2005,Kharif,Bajra,217700,54800,0.251722554
Maharashtra,AHMEDNAGAR,2005,Kharif,Castor seed,400,100,0.25
Maharashtra,AHMEDNAGAR,2005,Kharif,Cotton(lint),16600,22800,1.373493976
Maharashtra,AHMEDNAGAR,2005,Kharif,Groundnut,4900,2400,0.489795918
Maharashtra,AHMEDNAGAR,2005,Kharif,Moong(Green Gram),8700,2400,0.275862069
Maharashtra,AHMEDNAGAR,2005,Kharif,Niger seed,2300,700,0.304347826
Maharashtra,AHMEDNAGAR,2005,Kharif,Ragi,2900,2300,0.793103448
Maharashtra,AHMEDNAGAR,2005,Kharif,Rice,800,400,0.5
Maharashtra,AHMEDNAGAR,2005,Kharif,Sesamum,1000,200,0.2
Maharashtra,AHMEDNAGAR,2005,Kharif,Soyabean,37500,38800,1.034666667
Maharashtra,AHMEDNAGAR,2005,Kharif,Sugarcane,56600,4395300,77.65547703
Maharashtra,AHMEDNAGAR,2005,Kharif,Sunflower,10100,5900,0.584158416
Maharashtra,AHMEDNAGAR,2005,Kharif,Urad,3700,1300,0.351351351
Maharashtra,AHMEDNAGAR,2005,Rabi,Gram,68600,47100,0.686588921
Maharashtra,AHMEDNAGAR,2005,Rabi,Linseed,1200,400,0.333333333
Maharashtra,AHMEDNAGAR,2005,Rabi,Rapeseed &Mustard,300,100,0.333333333
Maharashtra,AHMEDNAGAR,2005,Rabi,Safflower,21000,7200,0.342857143
Maharashtra,AHMEDNAGAR,2005,Rabi,Sesamum,100,100,1
Maharashtra,AHMEDNAGAR,2005,Rabi,Sunflower,2500,1000,0.4
Maharashtra,AHMEDNAGAR,2005,Rabi,Wheat,103100,153800,1.491755577
Maharashtra,AHMEDNAGAR,2005,Summer,Groundnut,9500,16200,1.705263158
Maharashtra,AHMEDNAGAR,2005,Summer,Sunflower,100,100,1
Maharashtra,AHMEDNAGAR,2006,Kharif,Arhar/Tur,13000,6600,0.507692308
Maharashtra,AHMEDNAGAR,2006,Kharif,Bajra,243900,148900,0.610496105
Maharashtra,AHMEDNAGAR,2006,Kharif,Cotton(lint),20600,36500,1.77184466
Maharashtra,AHMEDNAGAR,2006,Kharif,Groundnut,6100,4800,0.786885246
Maharashtra,AHMEDNAGAR,2006,Kharif,Jowar,100,100,1
Maharashtra,AHMEDNAGAR,2006,Kharif,Maize,17900,42400,2.368715084
Maharashtra,AHMEDNAGAR,2006,Kharif,Moong(Green Gram),16700,9900,0.592814371
Maharashtra,AHMEDNAGAR,2006,Kharif,Niger seed,2700,700,0.259259259
Maharashtra,AHMEDNAGAR,2006,Kharif,Ragi,3100,2100,0.677419355
Maharashtra,AHMEDNAGAR,2006,Kharif,Rice,8400,6600,0.785714286
Maharashtra,AHMEDNAGAR,2006,Kharif,Sesamum,900,200,0.222222222
Maharashtra,AHMEDNAGAR,2006,Kharif,Soyabean,49000,64500,1.316326531
Maharashtra,AHMEDNAGAR,2006,Kharif,Sunflower,11800,6000,0.508474576
Maharashtra,AHMEDNAGAR,2006,Kharif,Urad,6100,2400,0.393442623
Maharashtra,AHMEDNAGAR,2006,Rabi,Gram,95800,65700,0.685803758
Maharashtra,AHMEDNAGAR,2006,Rabi,Jowar,528400,274000,0.518546556
Maharashtra,AHMEDNAGAR,2006,Rabi,Linseed,1000,300,0.3
Maharashtra,AHMEDNAGAR,2006,Rabi,Maize,15300,20000,1.307189542
Maharashtra,AHMEDNAGAR,2006,Rabi,Rapeseed &Mustard,100,25,0.25
Maharashtra,AHMEDNAGAR,2006,Rabi,Safflower,17100,9300,0.543859649
Maharashtra,AHMEDNAGAR,2006,Rabi,Sesamum,100,100,1
Maharashtra,AHMEDNAGAR,2006,Rabi,Sunflower,2800,1100,0.392857143
Maharashtra,AHMEDNAGAR,2006,Rabi,Wheat,153900,248100,1.61208577
Maharashtra,AHMEDNAGAR,2006,Summer,Groundnut,8300,13100,1.578313253
Maharashtra,AHMEDNAGAR,2006,Summer,Maize,1200,1800,1.5
Maharashtra,AHMEDNAGAR,2006,Summer,Sunflower,100,100,1
Maharashtra,AHMEDNAGAR,2007,Kharif,Arhar/Tur,146,79,0.54109589
Maharashtra,AHMEDNAGAR,2007,Kharif,Bajra,2326,1741,0.748495271
Maharashtra,AHMEDNAGAR,2007,Kharif,Castor seed,4,1,0.25
Maharashtra,AHMEDNAGAR,2007,Kharif,Cotton(lint),400,821,2.0525
Maharashtra,AHMEDNAGAR,2007,Kharif,Groundnut,61,54,0.885245902
Maharashtra,AHMEDNAGAR,2007,Kharif,Jowar,1,1,1
Maharashtra,AHMEDNAGAR,2007,Kharif,Maize,236,735,3.11440678
Maharashtra,AHMEDNAGAR,2007,Kharif,Moong(Green Gram),210,144,0.685714286
Maharashtra,AHMEDNAGAR,2007,Kharif,Ragi,26,23,0.884615385
Maharashtra,AHMEDNAGAR,2007,Kharif,Rice,86,102,1.186046512
Maharashtra,AHMEDNAGAR,2007,Kharif,Sesamum,8,3,0.375
Maharashtra,AHMEDNAGAR,2007,Kharif,Soyabean,554,845,1.525270758
Maharashtra,AHMEDNAGAR,2007,Kharif,Sunflower,94,69,0.734042553
Maharashtra,AHMEDNAGAR,2007,Kharif,Urad,93,36,0.387096774
Maharashtra,AHMEDNAGAR,2007,Rabi,Gram,873,603,0.690721649
Maharashtra,AHMEDNAGAR,2007,Rabi,Jowar,5034,2840,0.564163687
Maharashtra,AHMEDNAGAR,2007,Rabi,Linseed,11,3,0.272727273
Maharashtra,AHMEDNAGAR,2007,Rabi,Maize,125,274,2.192
Maharashtra,AHMEDNAGAR,2007,Rabi,Rapeseed &Mustard,2,1,0.5
Maharashtra,AHMEDNAGAR,2007,Rabi,Safflower,146,87,0.595890411
Maharashtra,AHMEDNAGAR,2007,Rabi,Sesamum,1,1,1
Maharashtra,AHMEDNAGAR,2007,Rabi,Sunflower,25,29,1.16
Maharashtra,AHMEDNAGAR,2007,Rabi,Wheat,1309,2711,2.0710466
Maharashtra,AHMEDNAGAR,2007,Summer,Groundnut,26,40,1.538461538
Maharashtra,AHMEDNAGAR,2007,Summer,Maize,11,16,1.454545455
Maharashtra,AHMEDNAGAR,2007,Summer,Sunflower,1,1,1
Maharashtra,AHMEDNAGAR,2007,Whole Year,Sugarcane,1333,103974,78
Maharashtra,AHMEDNAGAR,2008,Kharif,Arhar/Tur,2700,1200,0.444444444
Maharashtra,AHMEDNAGAR,2008,Kharif,Bajra,128200,92400,0.72074883
Maharashtra,AHMEDNAGAR,2008,Kharif,Castor seed,100,25,0.25
Maharashtra,AHMEDNAGAR,2008,Kharif,Cotton(lint),59300,93300,1.573355818
Maharashtra,AHMEDNAGAR,2008,Kharif,Groundnut,2600,2200,0.846153846
Maharashtra,AHMEDNAGAR,2008,Kharif,Jowar,100,100,1
Maharashtra,AHMEDNAGAR,2008,Kharif,Maize,22100,69500,3.14479638
Maharashtra,AHMEDNAGAR,2008,Kharif,Moong(Green Gram),600,100,0.166666667
Maharashtra,AHMEDNAGAR,2008,Kharif,Niger seed,1400,400,0.285714286
Maharashtra,AHMEDNAGAR,2008,Kharif,Ragi,2600,2600,1
Maharashtra,AHMEDNAGAR,2008,Kharif,Rice,9300,9100,0.978494624
Maharashtra,AHMEDNAGAR,2008,Kharif,Sesamum,100,100,1
Maharashtra,AHMEDNAGAR,2008,Kharif,Soyabean,55500,40100,0.722522523
Maharashtra,AHMEDNAGAR,2008,Kharif,Sugarcane,77500,5564800,71.80387097
Maharashtra,AHMEDNAGAR,2008,Kharif,Sunflower,3900,2100,0.538461538
Maharashtra,AHMEDNAGAR,2008,Kharif,Urad,600,200,0.333333333
Maharashtra,AHMEDNAGAR,2008,Rabi,Gram,90500,65700,0.725966851
Maharashtra,AHMEDNAGAR,2008,Rabi,Jowar,507200,327800,0.646293375
Maharashtra,AHMEDNAGAR,2008,Rabi,Linseed,600,100,0.166666667
Maharashtra,AHMEDNAGAR,2008,Rabi,Maize,102,280,2.745098039
Maharashtra,AHMEDNAGAR,2008,Rabi,Rapeseed &Mustard,100,10,0.1
Maharashtra,AHMEDNAGAR,2008,Rabi,Safflower,11100,7000,0.630630631
Maharashtra,AHMEDNAGAR,2008,Rabi,Sesamum,100,100,1
Maharashtra,AHMEDNAGAR,2008,Rabi,Sunflower,2500,1700,0.68
Maharashtra,AHMEDNAGAR,2008,Rabi,Wheat,138200,219200,1.586107091
Maharashtra,AHMEDNAGAR,2008,Whole Year,Sugarcane,77500,5564800,71.80387097
Maharashtra,AHMEDNAGAR,2009,Kharif,Arhar/Tur,12100,6200,0.512396694
Maharashtra,AHMEDNAGAR,2009,Kharif,Bajra,190700,115400,0.605138962
Maharashtra,AHMEDNAGAR,2009,Kharif,Castor seed,100,18,0.18
Maharashtra,AHMEDNAGAR,2009,Kharif,Cotton(lint),82700,125100,1.512696493
Maharashtra,AHMEDNAGAR,2009,Kharif,Groundnut,3600,2700,0.75
Maharashtra,AHMEDNAGAR,2009,Kharif,Maize,38500,110300,2.864935065
Maharashtra,AHMEDNAGAR,2009,Kharif,Moong(Green Gram),12800,7800,0.609375
Maharashtra,AHMEDNAGAR,2009,Kharif,Niger seed,1900,500,0.263157895
Maharashtra,AHMEDNAGAR,2009,Kharif,Ragi,2600,1700,0.653846154
Maharashtra,AHMEDNAGAR,2009,Kharif,Rice,7400,2800,0.378378378
Maharashtra,AHMEDNAGAR,2009,Kharif,Sesamum,300,20,0.066666667
Maharashtra,AHMEDNAGAR,2009,Kharif,Soyabean,58000,53200,0.917241379
Maharashtra,AHMEDNAGAR,2009,Kharif,Sugarcane,75600,6339000,83.84920635
Maharashtra,AHMEDNAGAR,2009,Kharif,Sunflower,7500,2500,0.333333333
Maharashtra,AHMEDNAGAR,2009,Kharif,Urad,10700,5000,0.46728972
Maharashtra,AHMEDNAGAR,2009,Rabi,Gram,102300,75700,0.73998045
Maharashtra,AHMEDNAGAR,2009,Rabi,Jowar,520500,350600,0.673583093
Maharashtra,AHMEDNAGAR,2009,Rabi,Linseed,600,100,0.166666667
Maharashtra,AHMEDNAGAR,2009,Rabi,Maize,11600,26000,2.24137931
Maharashtra,AHMEDNAGAR,2009,Rabi,Rapeseed &Mustard,100,50,0.5
Maharashtra,AHMEDNAGAR,2009,Rabi,Safflower,11100,8500,0.765765766
Maharashtra,AHMEDNAGAR,2009,Rabi,Sesamum,100,23,0.23
Maharashtra,AHMEDNAGAR,2009,Rabi,Sunflower,2200,1200,0.545454545
Maharashtra,AHMEDNAGAR,2009,Rabi,Wheat,129500,216000,1.667953668
Maharashtra,AHMEDNAGAR,2010,Kharif,Arhar/Tur,17600,11300,0.642045455
Maharashtra,AHMEDNAGAR,2010,Kharif,Bajra,196000,186800,0.953061224
Maharashtra,AHMEDNAGAR,2010,Kharif,Cotton(lint),101700,221100,2.174041298
Maharashtra,AHMEDNAGAR,2010,Kharif,Groundnut,4200,3600,0.857142857
Maharashtra,AHMEDNAGAR,2010,Kharif,Maize,45300,139500,3.079470199
Maharashtra,AHMEDNAGAR,2010,Kharif,Moong(Green Gram),15900,12400,0.779874214
Maharashtra,AHMEDNAGAR,2010,Kharif,Niger seed,1900,700,0.368421053
Maharashtra,AHMEDNAGAR,2010,Kharif,Ragi,2800,2600,0.928571429
Maharashtra,AHMEDNAGAR,2010,Kharif,Rice,7500,7000,0.933333333
Maharashtra,AHMEDNAGAR,2010,Kharif,Sesamum,500,100,0.2
Maharashtra,AHMEDNAGAR,2010,Kharif,Soyabean,50700,90800,1.790927022
Maharashtra,AHMEDNAGAR,2010,Kharif,Sugarcane,126000,11516400,91.4
Maharashtra,AHMEDNAGAR,2010,Kharif,Sunflower,8200,3400,0.414634146
Maharashtra,AHMEDNAGAR,2010,Kharif,Urad,12100,7700,0.636363636
Maharashtra,AHMEDNAGAR,2010,Rabi,Gram,115200,94000,0.815972222
Maharashtra,AHMEDNAGAR,2010,Rabi,Jowar,540000,318000,0.588888889
Maharashtra,AHMEDNAGAR,2010,Rabi,Linseed,500,100,0.2
Maharashtra,AHMEDNAGAR,2010,Rabi,Maize,13200,26300,1.992424242
Maharashtra,AHMEDNAGAR,2010,Rabi,Safflower,8800,5300,0.602272727
Maharashtra,AHMEDNAGAR,2010,Rabi,Sesamum,100,30,0.3
Maharashtra,AHMEDNAGAR,2010,Rabi,Sunflower,1000,800,0.8
Maharashtra,AHMEDNAGAR,2010,Rabi,Wheat,133700,248900,1.861630516
Maharashtra,AHMEDNAGAR,2011,Kharif,Arhar/Tur,12800,6400,0.5
Maharashtra,AHMEDNAGAR,2011,Kharif,Bajra,184700,179500,0.971846237
Maharashtra,AHMEDNAGAR,2011,Kharif,Castor seed,100,20,0.2
Maharashtra,AHMEDNAGAR,2011,Kharif,Cotton(lint),112000,238100,2.125892857
Maharashtra,AHMEDNAGAR,2011,Kharif,Groundnut,4500,3300,0.733333333
Maharashtra,AHMEDNAGAR,2011,Kharif,Maize,46300,125500,2.710583153
Maharashtra,AHMEDNAGAR,2011,Kharif,Moong(Green Gram),6400,1700,0.265625
Maharashtra,AHMEDNAGAR,2011,Kharif,Niger seed,1900,700,0.368421053
Maharashtra,AHMEDNAGAR,2011,Kharif,Other Kharif pulses,6200,1100,0.177419355
Maharashtra,AHMEDNAGAR,2011,Kharif,Ragi,2800,3200,1.142857143
Maharashtra,AHMEDNAGAR,2011,Kharif,Rice,7900,7800,0.987341772
Maharashtra,AHMEDNAGAR,2011,Kharif,Sesamum,500,100,0.2
Maharashtra,AHMEDNAGAR,2011,Kharif,Soyabean,58600,122700,2.093856655
Maharashtra,AHMEDNAGAR,2011,Kharif,Sunflower,3200,1500,0.46875
Maharashtra,AHMEDNAGAR,2011,Kharif,Urad,8100,7500,0.925925926
Maharashtra,AHMEDNAGAR,2011,Rabi,Gram,45300,27700,0.611479029
Maharashtra,AHMEDNAGAR,2011,Rabi,Jowar,434600,123200,0.283479061
Maharashtra,AHMEDNAGAR,2011,Rabi,Linseed,300,100,0.333333333
Maharashtra,AHMEDNAGAR,2011,Rabi,Maize,9200,22600,2.456521739
Maharashtra,AHMEDNAGAR,2011,Rabi,Other  Rabi pulses,300,300,1
Maharashtra,AHMEDNAGAR,2011,Rabi,Safflower,6700,1800,0.268656716
Maharashtra,AHMEDNAGAR,2011,Rabi,Sesamum,200,,
Maharashtra,AHMEDNAGAR,2011,Rabi,Sunflower,400,200,0.5
Maharashtra,AHMEDNAGAR,2011,Rabi,Wheat,48100,88700,1.844074844
Maharashtra,AHMEDNAGAR,2011,Summer,Groundnut,6800,10500,1.544117647
Maharashtra,AHMEDNAGAR,2011,Summer,Sunflower,100,100,1
Maharashtra,AHMEDNAGAR,2011,Whole Year,Sugarcane,129500,11879200,91.73127413
Maharashtra,AHMEDNAGAR,2012,Kharif,Arhar/Tur,9500,2200,0.231578947
Maharashtra,AHMEDNAGAR,2012,Kharif,Bajra,160500,55400,0.34517134
Maharashtra,AHMEDNAGAR,2012,Kharif,Castor seed,200,20,0.1
Maharashtra,AHMEDNAGAR,2012,Kharif,Cotton(lint),96200,88100,0.915800416
Maharashtra,AHMEDNAGAR,2012,Kharif,Groundnut,4200,2400,0.571428571
Maharashtra,AHMEDNAGAR,2012,Kharif,Maize,45000,91900,2.042222222
Maharashtra,AHMEDNAGAR,2012,Kharif,Moong(Green Gram),5700,600,0.105263158
Maharashtra,AHMEDNAGAR,2012,Kharif,Niger seed,2000,700,0.35
Maharashtra,AHMEDNAGAR,2012,Kharif,Other Kharif pulses,3800,600,0.157894737
Maharashtra,AHMEDNAGAR,2012,Kharif,Ragi,2800,3100,1.107142857
Maharashtra,AHMEDNAGAR,2012,Kharif,Rice,7500,4600,0.613333333
Maharashtra,AHMEDNAGAR,2012,Kharif,Sesamum,300,100,0.333333333
Maharashtra,AHMEDNAGAR,2012,Kharif,Soyabean,56800,28100,0.49471831
Maharashtra,AHMEDNAGAR,2012,Kharif,Sunflower,1400,500,0.357142857
Maharashtra,AHMEDNAGAR,2012,Kharif,Urad,6100,1100,0.180327869
Maharashtra,AHMEDNAGAR,2012,Rabi,Gram,59400,21700,0.365319865
Maharashtra,AHMEDNAGAR,2012,Rabi,Jowar,444800,67000,0.150629496
Maharashtra,AHMEDNAGAR,2012,Rabi,Linseed,400,40,0.1
Maharashtra,AHMEDNAGAR,2012,Rabi,Maize,14700,24800,1.68707483
Maharashtra,AHMEDNAGAR,2012,Rabi,Other  Rabi pulses,1500,500,0.333333333
Maharashtra,AHMEDNAGAR,2012,Rabi,Safflower,1000,50,0.05
Maharashtra,AHMEDNAGAR,2012,Rabi,Sunflower,200,50,0.25
Maharashtra,AHMEDNAGAR,2012,Rabi,Wheat,38900,46100,1.185089974
Maharashtra,AHMEDNAGAR,2012,Summer,Groundnut,1000,1200,1.2
Maharashtra,AHMEDNAGAR,2012,Summer,Maize,200,200,1
Maharashtra,AHMEDNAGAR,2012,Whole Year,Sugarcane,115500,8235700,71.3047619
Maharashtra,AHMEDNAGAR,2013,Kharif,Arhar/Tur,11000,9200,0.836363636
Maharashtra,AHMEDNAGAR,2013,Kharif,Bajra,181800,188200,1.03520352
Maharashtra,AHMEDNAGAR,2013,Kharif,Cotton(lint),104700,222400,2.124164279
Maharashtra,AHMEDNAGAR,2013,Kharif,Groundnut,4700,3700,0.787234043
Maharashtra,AHMEDNAGAR,2013,Kharif,Maize,61000,296900,4.867213115
Maharashtra,AHMEDNAGAR,2013,Kharif,Moong(Green Gram),5700,4800,0.842105263
Maharashtra,AHMEDNAGAR,2013,Kharif,Niger seed,2000,700,0.35
Maharashtra,AHMEDNAGAR,2013,Kharif,Other Kharif pulses,10400,3100,0.298076923
Maharashtra,AHMEDNAGAR,2013,Kharif,Ragi,2800,3600,1.285714286
Maharashtra,AHMEDNAGAR,2013,Kharif,Rice,7900,19000,2.405063291
Maharashtra,AHMEDNAGAR,2013,Kharif,Sesamum,200,100,0.5
Maharashtra,AHMEDNAGAR,2013,Kharif,Soyabean,65900,74500,1.130500759
Maharashtra,AHMEDNAGAR,2013,Kharif,Sunflower,1300,800,0.615384615
Maharashtra,AHMEDNAGAR,2013,Kharif,Urad,6100,3000,0.491803279
Maharashtra,AHMEDNAGAR,2013,Rabi,Gram,120700,93300,0.772990886
Maharashtra,AHMEDNAGAR,2013,Rabi,Jowar,503900,354500,0.703512602
Maharashtra,AHMEDNAGAR,2013,Rabi,Linseed,200,100,0.5
Maharashtra,AHMEDNAGAR,2013,Rabi,Maize,20900,59300,2.837320574
Maharashtra,AHMEDNAGAR,2013,Rabi,Other  Rabi pulses,800,400,0.5
Maharashtra,AHMEDNAGAR,2013,Rabi,Safflower,1600,200,0.125
Maharashtra,AHMEDNAGAR,2013,Rabi,Sesamum,600,100,0.166666667
Maharashtra,AHMEDNAGAR,2013,Rabi,Sunflower,100,,
Maharashtra,AHMEDNAGAR,2013,Rabi,Wheat,51900,100700,1.94026975
Maharashtra,AHMEDNAGAR,2013,Summer,Groundnut,1500,2400,1.6
Maharashtra,AHMEDNAGAR,2013,Summer,Maize,1000,1500,1.5
Maharashtra,AHMEDNAGAR,2013,Whole Year,Sugarcane,110800,9643600,87.03610108
Maharashtra,AHMEDNAGAR,2014,Kharif,Arhar/Tur,9100,1800,0.197802198
Maharashtra,AHMEDNAGAR,2014,Kharif,Bajra,186000,107700,0.579032258
Maharashtra,AHMEDNAGAR,2014,Kharif,Castor seed,100,,
Maharashtra,AHMEDNAGAR,2014,Kharif,Cotton(lint),102600,96700,0.942495127
Maharashtra,AHMEDNAGAR,2014,Kharif,Groundnut,4300,2800,0.651162791
Maharashtra,AHMEDNAGAR,2014,Kharif,Maize,68100,176100,2.585903084
Maharashtra,AHMEDNAGAR,2014,Kharif,Moong(Green Gram),5600,3200,0.571428571
Maharashtra,AHMEDNAGAR,2014,Kharif,Niger seed,1500,400,0.266666667
Maharashtra,AHMEDNAGAR,2014,Kharif,Other Kharif pulses,3000,800,0.266666667
Maharashtra,AHMEDNAGAR,2014,Kharif,Ragi,3000,3300,1.1
Maharashtra,AHMEDNAGAR,2014,Kharif,Rice,8600,2200,0.255813953
Maharashtra,AHMEDNAGAR,2014,Kharif,Soyabean,58200,35900,0.616838488
Maharashtra,AHMEDNAGAR,2014,Kharif,Sunflower,800,400,0.5
Maharashtra,AHMEDNAGAR,2014,Rabi,Gram,115200,85200,0.739583333
Maharashtra,AHMEDNAGAR,2014,Rabi,Jowar,443600,279800,0.630748422
Maharashtra,AHMEDNAGAR,2014,Rabi,Linseed,200,,
Maharashtra,AHMEDNAGAR,2014,Rabi,Maize,29400,57600,1.959183673
Maharashtra,AHMEDNAGAR,2014,Rabi,Other  Rabi pulses,900,200,0.222222222
Maharashtra,AHMEDNAGAR,2014,Rabi,Safflower,700,,
Maharashtra,AHMEDNAGAR,2014,Rabi,Sunflower,100,,
Maharashtra,AHMEDNAGAR,2014,Rabi,Wheat,57200,85000,1.486013986
Maharashtra,AHMEDNAGAR,2014,Summer,Groundnut,1600,2300,1.4375
Maharashtra,AHMEDNAGAR,2014,Summer,Maize,200,400,2
Maharashtra,AHMEDNAGAR,2014,Whole Year,Sugarcane,122000,11761000,96.40163934
Maharashtra,AKOLA,1997,Kharif,Arhar/Tur,81200,64400,0.793103448
Maharashtra,AKOLA,1997,Kharif,Bajra,5600,2400,0.428571429
Maharashtra,AKOLA,1997,Kharif,Gram,37500,14800,0.394666667
Maharashtra,AKOLA,1997,Kharif,Jowar,193600,290100,1.498450413
Maharashtra,AKOLA,1997,Kharif,Maize,700,800,1.142857143
Maharashtra,AKOLA,1997,Kharif,Moong(Green Gram),119400,43100,0.360971524
Maharashtra,AKOLA,1997,Kharif,Pulses total,2853,1497,0.524710831
Maharashtra,AKOLA,1997,Kharif,Rice,2900,1600,0.551724138
Maharashtra,AKOLA,1997,Kharif,Total foodgrain,4890,4451,0.910224949
Maharashtra,AKOLA,1997,Kharif,Urad,81400,41000,0.503685504
Maharashtra,AKOLA,1997,Rabi,Jowar,3400,900,0.264705882
Maharashtra,AKOLA,1997,Rabi,Other  Rabi pulses,10,1,0.1
Maharashtra,AKOLA,1997,Rabi,Wheat,20900,21800,1.043062201
Maharashtra,AKOLA,1997,Whole Year,Cotton(lint),3582,183400,51.20044668
Maharashtra,AKOLA,1998,Kharif,Arhar/Tur,77300,88300,1.142302717
Maharashtra,AKOLA,1998,Kharif,Bajra,5600,2900,0.517857143
Maharashtra,AKOLA,1998,Kharif,Castor seed,100,,
Maharashtra,AKOLA,1998,Kharif,Cotton(lint),360300,246500,0.684152095
Maharashtra,AKOLA,1998,Kharif,Groundnut,1600,1100,0.6875
Maharashtra,AKOLA,1998,Kharif,Jowar,165800,244000,1.471652593
Maharashtra,AKOLA,1998,Kharif,Maize,400,800,2
Maharashtra,AKOLA,1998,Kharif,Moong(Green Gram),121400,93600,0.771004942
Maharashtra,AKOLA,1998,Kharif,Other Cereals & Millets,1100,700,0.636363636
Maharashtra,AKOLA,1998,Kharif,Other Kharif pulses,3400,1300,0.382352941
Maharashtra,AKOLA,1998,Kharif,Rice,2900,2000,0.689655172
Maharashtra,AKOLA,1998,Kharif,Sesamum,8100,2800,0.345679012
Maharashtra,AKOLA,1998,Kharif,Soyabean,77800,105900,1.361182519
Maharashtra,AKOLA,1998,Kharif,Sugarcane,1500,124400,82.93333333
Maharashtra,AKOLA,1998,Kharif,Sunflower,2900,900,0.310344828
Maharashtra,AKOLA,1998,Kharif,Urad,76700,56100,0.731421121
Maharashtra,AKOLA,1998,Rabi,Gram,56500,38600,0.683185841
Maharashtra,AKOLA,1998,Rabi,Jowar,1100,400,0.363636364
Maharashtra,AKOLA,1998,Rabi,Maize,100,100,1
Maharashtra,AKOLA,1998,Rabi,Other  Rabi pulses,100,100,1
Maharashtra,AKOLA,1998,Rabi,Rapeseed &Mustard,200,,
Maharashtra,AKOLA,1998,Rabi,Safflower,25100,18400,0.733067729
Maharashtra,AKOLA,1998,Rabi,Sesamum,100,,
Maharashtra,AKOLA,1998,Rabi,Sunflower,11200,5500,0.491071429
Maharashtra,AKOLA,1998,Rabi,Wheat,25800,31600,1.224806202
Maharashtra,AKOLA,1998,Summer,Groundnut,2300,2000,0.869565217
Maharashtra,AKOLA,1998,Summer,Sunflower,1200,1200,1
Maharashtra,AKOLA,1999,Kharif,Arhar/Tur,46000,58000,1.260869565
Maharashtra,AKOLA,1999,Kharif,Bajra,2300,1200,0.52173913
Maharashtra,AKOLA,1999,Kharif,Cotton(lint),239600,234100,0.977045075
Maharashtra,AKOLA,1999,Kharif,Groundnut,200,100,0.5
Maharashtra,AKOLA,1999,Kharif,Jowar,87800,133500,1.520501139
Maharashtra,AKOLA,1999,Kharif,Maize,100,100,1
Maharashtra,AKOLA,1999,Kharif,Moong(Green Gram),56700,32100,0.566137566
Maharashtra,AKOLA,1999,Kharif,Other Kharif pulses,500,300,0.6
Maharashtra,AKOLA,1999,Kharif,Sesamum,5300,1300,0.245283019
Maharashtra,AKOLA,1999,Kharif,Small millets,1000,600,0.6
Maharashtra,AKOLA,1999,Kharif,Soyabean,28400,39900,1.404929577
Maharashtra,AKOLA,1999,Kharif,Sunflower,2300,900,0.391304348
Maharashtra,AKOLA,1999,Kharif,Urad,14300,8700,0.608391608
Maharashtra,AKOLA,1999,Rabi,Gram,38100,28900,0.758530184
Maharashtra,AKOLA,1999,Rabi,Other  Rabi pulses,100,0,0
Maharashtra,AKOLA,1999,Rabi,Rapeseed &Mustard,200,0,0
Maharashtra,AKOLA,1999,Rabi,Safflower,6500,5300,0.815384615
Maharashtra,AKOLA,1999,Rabi,Sunflower,2800,1600,0.571428571
Maharashtra,AKOLA,1999,Rabi,Wheat,12400,20900,1.685483871
Maharashtra,AKOLA,1999,Summer,Groundnut,1700,2300,1.352941176
Maharashtra,AKOLA,1999,Summer,Sunflower,1100,2000,1.818181818
Maharashtra,AKOLA,1999,Whole Year,Sugarcane,200,18300,91.5
Maharashtra,AKOLA,2000,Kharif,Arhar/Tur,46400,33100,0.713362069
Maharashtra,AKOLA,2000,Kharif,Bajra,2500,1500,0.6
Maharashtra,AKOLA,2000,Kharif,Cotton(lint),227800,155500,0.68261633
Maharashtra,AKOLA,2000,Kharif,Groundnut,200,100,0.5
Maharashtra,AKOLA,2000,Kharif,Jowar,86100,142500,1.655052265
Maharashtra,AKOLA,2000,Kharif,Maize,200,200,1
Maharashtra,AKOLA,2000,Kharif,Moong(Green Gram),59400,23800,0.400673401
Maharashtra,AKOLA,2000,Kharif,Other Kharif pulses,15500,6100,0.393548387
Maharashtra,AKOLA,2000,Kharif,Sesamum,4900,1100,0.224489796
Maharashtra,AKOLA,2000,Kharif,Small millets,1300,800,0.615384615
Maharashtra,AKOLA,2000,Kharif,Soyabean,28900,31200,1.079584775
Maharashtra,AKOLA,2000,Kharif,Sunflower,2600,1300,0.5
Maharashtra,AKOLA,2000,Kharif,Urad,15000,9300,0.62
Maharashtra,AKOLA,2000,Rabi,Gram,22000,6800,0.309090909
Maharashtra,AKOLA,2000,Rabi,Jowar,200,100,0.5
Maharashtra,AKOLA,2000,Rabi,Rapeseed &Mustard,100,10,0.1
Maharashtra,AKOLA,2000,Rabi,Safflower,4900,1900,0.387755102
Maharashtra,AKOLA,2000,Rabi,Sunflower,1900,1100,0.578947368
Maharashtra,AKOLA,2000,Rabi,Wheat,9700,13800,1.422680412
Maharashtra,AKOLA,2000,Summer,Groundnut,1400,1000,0.714285714
Maharashtra,AKOLA,2000,Summer,Sunflower,400,500,1.25
Maharashtra,AKOLA,2000,Whole Year,Sugarcane,600,48800,81.33333333
Maharashtra,AKOLA,2001,Kharif,Arhar/Tur,46800,41600,0.888888889
Maharashtra,AKOLA,2001,Kharif,Bajra,2300,800,0.347826087
Maharashtra,AKOLA,2001,Kharif,Cotton(lint),231400,194900,0.842264477
Maharashtra,AKOLA,2001,Kharif,Jowar,85200,121100,1.421361502
Maharashtra,AKOLA,2001,Kharif,Maize,400,1000,2.5
Maharashtra,AKOLA,2001,Kharif,Moong(Green Gram),60000,32700,0.545
Maharashtra,AKOLA,2001,Kharif,Other Kharif pulses,7300,2100,0.287671233
Maharashtra,AKOLA,2001,Kharif,Sesamum,1900,600,0.315789474
Maharashtra,AKOLA,2001,Kharif,Small millets,700,400,0.571428571
Maharashtra,AKOLA,2001,Kharif,Soyabean,31300,30600,0.977635783
Maharashtra,AKOLA,2001,Kharif,Sunflower,1700,600,0.352941176
Maharashtra,AKOLA,2001,Kharif,Urad,14500,10800,0.744827586
Maharashtra,AKOLA,2001,Rabi,Gram,22300,12900,0.578475336
Maharashtra,AKOLA,2001,Rabi,Jowar,100,100,1
Maharashtra,AKOLA,2001,Rabi,Rapeseed &Mustard,100,10,0.1
Maharashtra,AKOLA,2001,Rabi,Safflower,3400,2200,0.647058824
Maharashtra,AKOLA,2001,Rabi,Sunflower,1000,500,0.5
Maharashtra,AKOLA,2001,Rabi,Wheat,10100,15500,1.534653465
Maharashtra,AKOLA,2001,Summer,Groundnut,1400,1600,1.142857143
Maharashtra,AKOLA,2001,Summer,Sunflower,400,700,1.75
Maharashtra,AKOLA,2001,Whole Year,Sugarcane,600,44100,73.5
Maharashtra,AKOLA,2002,Kharif,Arhar/Tur,46500,42100,0.905376344
Maharashtra,AKOLA,2002,Kharif,Bajra,2400,1600,0.666666667
Maharashtra,AKOLA,2002,Kharif,Cotton(lint),222900,224600,1.007626738
Maharashtra,AKOLA,2002,Kharif,Jowar,83100,162500,1.955475331
Maharashtra,AKOLA,2002,Kharif,Maize,500,1000,2
Maharashtra,AKOLA,2002,Kharif,Moong(Green Gram),64300,26100,0.405909798
Maharashtra,AKOLA,2002,Kharif,Other Kharif pulses,900,100,0.111111111
Maharashtra,AKOLA,2002,Kharif,Sesamum,1800,400,0.222222222
Maharashtra,AKOLA,2002,Kharif,Soyabean,27200,40900,1.503676471
Maharashtra,AKOLA,2002,Kharif,Sunflower,1500,800,0.533333333
Maharashtra,AKOLA,2002,Kharif,Urad,15200,7300,0.480263158
Maharashtra,AKOLA,2002,Rabi,Gram,24300,16100,0.66255144
Maharashtra,AKOLA,2002,Rabi,Jowar,100,100,1
Maharashtra,AKOLA,2002,Rabi,Rapeseed &Mustard,100,10,0.1
Maharashtra,AKOLA,2002,Rabi,Safflower,2200,1200,0.545454545
Maharashtra,AKOLA,2002,Rabi,Sunflower,1000,500,0.5
Maharashtra,AKOLA,2002,Rabi,Wheat,10300,15800,1.533980583
Maharashtra,AKOLA,2002,Summer,Groundnut,900,1800,2
Maharashtra,AKOLA,2002,Summer,Sunflower,600,600,1
Maharashtra,AKOLA,2002,Whole Year,Sugarcane,400,28000,70
Maharashtra,AKOLA,2003,Kharif,Arhar/Tur,51000,43500,0.852941176
Maharashtra,AKOLA,2003,Kharif,Bajra,1900,900,0.473684211
Maharashtra,AKOLA,2003,Kharif,Cotton(lint),217700,199000,0.914101975
Maharashtra,AKOLA,2003,Kharif,Groundnut,100,100,1
Maharashtra,AKOLA,2003,Kharif,Jowar,82300,161300,1.959902795
Maharashtra,AKOLA,2003,Kharif,Maize,700,1500,2.142857143
Maharashtra,AKOLA,2003,Kharif,Moong(Green Gram),64300,30100,0.468118196
Maharashtra,AKOLA,2003,Kharif,Other Kharif pulses,500,200,0.4
Maharashtra,AKOLA,2003,Kharif,Sesamum,3000,800,0.266666667
Maharashtra,AKOLA,2003,Kharif,Soyabean,30800,37500,1.217532468
Maharashtra,AKOLA,2003,Kharif,Sunflower,1100,400,0.363636364
Maharashtra,AKOLA,2003,Kharif,Urad,18600,10900,0.586021505
Maharashtra,AKOLA,2003,Rabi,Gram,26200,16600,0.633587786
Maharashtra,AKOLA,2003,Rabi,Jowar,100,100,1
Maharashtra,AKOLA,2003,Rabi,Maize,100,100,1
Maharashtra,AKOLA,2003,Rabi,Safflower,2000,1100,0.55
Maharashtra,AKOLA,2003,Rabi,Sunflower,1000,400,0.4
Maharashtra,AKOLA,2003,Rabi,Wheat,8700,12300,1.413793103
Maharashtra,AKOLA,2003,Summer,Groundnut,700,700,1
Maharashtra,AKOLA,2003,Summer,Sunflower,500,400,0.8
Maharashtra,AKOLA,2003,Whole Year,Banana,500,26250,52.5
Maharashtra,AKOLA,2003,Whole Year,Grapes,63,1690,26.82539683
Maharashtra,AKOLA,2003,Whole Year,Mango,3100,5830,1.880645161
Maharashtra,AKOLA,2003,Whole Year,Onion,385,9180,23.84415584
Maharashtra,AKOLA,2003,Whole Year,Sugarcane,800,48000,60
Maharashtra,AKOLA,2003,Whole Year,Tomato,415,1325,3.192771084
Maharashtra,AKOLA,2004,Kharif,Arhar/Tur,52200,27500,0.526819923
Maharashtra,AKOLA,2004,Kharif,Bajra,1400,600,0.428571429
Maharashtra,AKOLA,2004,Kharif,Jowar,82200,108300,1.317518248
Maharashtra,AKOLA,2004,Kharif,Maize,600,700,1.166666667
Maharashtra,AKOLA,2004,Kharif,Moong(Green Gram),62000,13500,0.217741935
Maharashtra,AKOLA,2004,Kharif,Other Cereals & Millets,200,100,0.5
Maharashtra,AKOLA,2004,Kharif,Other Kharif pulses,400,100,0.25
Maharashtra,AKOLA,2004,Kharif,Sesamum,2900,400,0.137931034
Maharashtra,AKOLA,2004,Kharif,Sunflower,1500,600,0.4
Maharashtra,AKOLA,2004,Kharif,Urad,16100,3500,0.217391304
Maharashtra,AKOLA,2004,Rabi,Gram,24000,9100,0.379166667
Maharashtra,AKOLA,2004,Rabi,Jowar,100,100,1
Maharashtra,AKOLA,2004,Rabi,Maize,100,100,1
Maharashtra,AKOLA,2004,Rabi,Rapeseed &Mustard,100,0,0
Maharashtra,AKOLA,2004,Rabi,Safflower,1900,700,0.368421053
Maharashtra,AKOLA,2004,Rabi,Soyabean,50300,31000,0.616302187
Maharashtra,AKOLA,2004,Rabi,Sunflower,1100,600,0.545454545
Maharashtra,AKOLA,2004,Rabi,Wheat,3400,3800,1.117647059
Maharashtra,AKOLA,2004,Summer,Groundnut,500,300,0.6
Maharashtra,AKOLA,2004,Summer,Sunflower,400,300,0.75
Maharashtra,AKOLA,2004,Whole Year,Cotton(lint),207600,137800,0.663776493
Maharashtra,AKOLA,2004,Whole Year,Sugarcane,500,19200,38.4
Maharashtra,AKOLA,2005,Kharif,Arhar/Tur,56500,41000,0.725663717
Maharashtra,AKOLA,2005,Kharif,Bajra,1400,700,0.5
Maharashtra,AKOLA,2005,Kharif,Castor seed,100,100,1
Maharashtra,AKOLA,2005,Kharif,Cotton(lint),204400,141400,0.691780822
Maharashtra,AKOLA,2005,Kharif,Groundnut,100,100,1
Maharashtra,AKOLA,2005,Kharif,Moong(Green Gram),50100,7400,0.147704591
Maharashtra,AKOLA,2005,Kharif,Sesamum,5000,800,0.16
Maharashtra,AKOLA,2005,Kharif,Soyabean,54100,38900,0.719038817
Maharashtra,AKOLA,2005,Kharif,Sugarcane,300,20900,69.66666667
Maharashtra,AKOLA,2005,Kharif,Sunflower,1800,1000,0.555555556
Maharashtra,AKOLA,2005,Kharif,Urad,15000,2400,0.16
Maharashtra,AKOLA,2005,Rabi,Gram,42000,38300,0.911904762
Maharashtra,AKOLA,2005,Rabi,Rapeseed &Mustard,200,100,0.5
Maharashtra,AKOLA,2005,Rabi,Safflower,2800,2200,0.785714286
Maharashtra,AKOLA,2005,Rabi,Sunflower,2000,1300,0.65
Maharashtra,AKOLA,2005,Rabi,Wheat,11200,17100,1.526785714
Maharashtra,AKOLA,2005,Summer,Groundnut,800,1200,1.5
Maharashtra,AKOLA,2005,Summer,Sunflower,1000,1100,1.1
Maharashtra,AKOLA,2006,Kharif,Arhar/Tur,54600,51300,0.93956044
Maharashtra,AKOLA,2006,Kharif,Bajra,1100,600,0.545454545
Maharashtra,AKOLA,2006,Kharif,Castor seed,300,100,0.333333333
Maharashtra,AKOLA,2006,Kharif,Cotton(lint),204900,440200,2.148365056
Maharashtra,AKOLA,2006,Kharif,Jowar,84500,205800,2.435502959
Maharashtra,AKOLA,2006,Kharif,Maize,2100,3400,1.619047619
Maharashtra,AKOLA,2006,Kharif,Moong(Green Gram),52000,26400,0.507692308
Maharashtra,AKOLA,2006,Kharif,Sesamum,5100,700,0.137254902
Maharashtra,AKOLA,2006,Kharif,Soyabean,59800,98400,1.64548495
Maharashtra,AKOLA,2006,Kharif,Sunflower,1900,1000,0.526315789
Maharashtra,AKOLA,2006,Kharif,Urad,15300,8800,0.575163399
Maharashtra,AKOLA,2006,Rabi,Gram,78500,68300,0.870063694
Maharashtra,AKOLA,2006,Rabi,Jowar,100,100,1
Maharashtra,AKOLA,2006,Rabi,Maize,200,500,2.5
Maharashtra,AKOLA,2006,Rabi,Rapeseed &Mustard,400,100,0.25
Maharashtra,AKOLA,2006,Rabi,Safflower,6800,5700,0.838235294
Maharashtra,AKOLA,2006,Rabi,Sunflower,2200,1200,0.545454545
Maharashtra,AKOLA,2006,Rabi,Wheat,35400,70100,1.980225989
Maharashtra,AKOLA,2006,Summer,Groundnut,2200,2800,1.272727273
Maharashtra,AKOLA,2006,Summer,Maize,1100,500,0.454545455
Maharashtra,AKOLA,2006,Summer,Sunflower,2500,2500,1
Maharashtra,AKOLA,2007,Kharif,Arhar/Tur,580,625,1.077586207
Maharashtra,AKOLA,2007,Kharif,Bajra,9,5,0.555555556
Maharashtra,AKOLA,2007,Kharif,Castor seed,7,3,0.428571429
Maharashtra,AKOLA,2007,Kharif,Cotton(lint),1886,3707,1.965535525
Maharashtra,AKOLA,2007,Kharif,Jowar,718,2104,2.930362117
Maharashtra,AKOLA,2007,Kharif,Maize,31,99,3.193548387
Maharashtra,AKOLA,2007,Kharif,Moong(Green Gram),676,414,0.612426036
Maharashtra,AKOLA,2007,Kharif,Sesamum,40,10,0.25
Maharashtra,AKOLA,2007,Kharif,Soyabean,826,1648,1.995157385
Maharashtra,AKOLA,2007,Kharif,Sunflower,25,14,0.56
Maharashtra,AKOLA,2007,Kharif,Urad,176,97,0.551136364
Maharashtra,AKOLA,2007,Rabi,Gram,854,756,0.885245902
Maharashtra,AKOLA,2007,Rabi,Jowar,2,2,1
Maharashtra,AKOLA,2007,Rabi,Maize,3,8,2.666666667
Maharashtra,AKOLA,2007,Rabi,Rapeseed &Mustard,2,1,0.5
Maharashtra,AKOLA,2007,Rabi,Safflower,45,42,0.933333333
Maharashtra,AKOLA,2007,Rabi,Sunflower,26,20,0.769230769
Maharashtra,AKOLA,2007,Rabi,Wheat,485,1314,2.709278351
Maharashtra,AKOLA,2007,Summer,Groundnut,21,23,1.095238095
Maharashtra,AKOLA,2007,Summer,Maize,1,1,1
Maharashtra,AKOLA,2007,Summer,Sunflower,16,17,1.0625
Maharashtra,AKOLA,2007,Whole Year,Sugarcane,3,161,53.66666667
Maharashtra,AKOLA,2008,Kharif,Arhar/Tur,49700,15500,0.311871227
Maharashtra,AKOLA,2008,Kharif,Bajra,900,500,0.555555556
Maharashtra,AKOLA,2008,Kharif,Castor seed,800,200,0.25
Maharashtra,AKOLA,2008,Kharif,Cotton(lint),168300,289000,1.717171717
Maharashtra,AKOLA,2008,Kharif,Jowar,46500,102800,2.210752688
Maharashtra,AKOLA,2008,Kharif,Maize,2100,6400,3.047619048
Maharashtra,AKOLA,2008,Kharif,Moong(Green Gram),44400,3000,0.067567568
Maharashtra,AKOLA,2008,Kharif,Sesamum,1900,1000,0.526315789
Maharashtra,AKOLA,2008,Kharif,Soyabean,137500,28300,0.205818182
Maharashtra,AKOLA,2008,Kharif,Sugarcane,200,9000,45
Maharashtra,AKOLA,2008,Kharif,Sunflower,16000,8400,0.525
Maharashtra,AKOLA,2008,Kharif,Urad,10000,800,0.08
Maharashtra,AKOLA,2008,Rabi,Gram,59000,13600,0.230508475
Maharashtra,AKOLA,2008,Rabi,Jowar,200,200,1
Maharashtra,AKOLA,2008,Rabi,Maize,3,5,1.666666667
Maharashtra,AKOLA,2008,Rabi,Rapeseed &Mustard,100,100,1
Maharashtra,AKOLA,2008,Rabi,Safflower,2500,900,0.36
Maharashtra,AKOLA,2008,Rabi,Sunflower,2300,1500,0.652173913
Maharashtra,AKOLA,2008,Rabi,Wheat,34400,51900,1.50872093
Maharashtra,AKOLA,2008,Whole Year,Sugarcane,200,9000,45
Maharashtra,AKOLA,2009,Kharif,Arhar/Tur,50900,61100,1.200392927
Maharashtra,AKOLA,2009,Kharif,Bajra,600,400,0.666666667
Maharashtra,AKOLA,2009,Kharif,Castor seed,200,100,0.5
Maharashtra,AKOLA,2009,Kharif,Cotton(lint),163300,277100,1.696876914
Maharashtra,AKOLA,2009,Kharif,Jowar,52400,85200,1.625954198
Maharashtra,AKOLA,2009,Kharif,Maize,1400,3100,2.214285714
Maharashtra,AKOLA,2009,Kharif,Moong(Green Gram),36300,9500,0.261707989
Maharashtra,AKOLA,2009,Kharif,Sesamum,1500,700,0.466666667
Maharashtra,AKOLA,2009,Kharif,Soyabean,151500,147000,0.97029703
Maharashtra,AKOLA,2009,Kharif,Sugarcane,200,15700,78.5
Maharashtra,AKOLA,2009,Kharif,Sunflower,5200,2200,0.423076923
Maharashtra,AKOLA,2009,Kharif,Urad,10800,3700,0.342592593
Maharashtra,AKOLA,2009,Rabi,Gram,63500,79400,1.250393701
Maharashtra,AKOLA,2009,Rabi,Jowar,100,100,1
Maharashtra,AKOLA,2009,Rabi,Maize,400,200,0.5
Maharashtra,AKOLA,2009,Rabi,Rapeseed &Mustard,100,20,0.2
Maharashtra,AKOLA,2009,Rabi,Safflower,1900,1500,0.789473684
Maharashtra,AKOLA,2009,Rabi,Sunflower,2600,1600,0.615384615
Maharashtra,AKOLA,2009,Rabi,Wheat,35400,88500,2.5
Maharashtra,AKOLA,2010,Kharif,Arhar/Tur,61500,52100,0.847154472
Maharashtra,AKOLA,2010,Kharif,Bajra,600,300,0.5
Maharashtra,AKOLA,2010,Kharif,Castor seed,100,100,1
Maharashtra,AKOLA,2010,Kharif,Cotton(lint),167800,268900,1.60250298
Maharashtra,AKOLA,2010,Kharif,Jowar,51200,39400,0.76953125
Maharashtra,AKOLA,2010,Kharif,Maize,1100,2700,2.454545455
Maharashtra,AKOLA,2010,Kharif,Moong(Green Gram),55800,41200,0.738351254
Maharashtra,AKOLA,2010,Kharif,Sesamum,1600,700,0.4375
Maharashtra,AKOLA,2010,Kharif,Soyabean,126600,238400,1.883096367
Maharashtra,AKOLA,2010,Kharif,Sugarcane,300,20000,66.66666667
Maharashtra,AKOLA,2010,Kharif,Sunflower,3700,2000,0.540540541
Maharashtra,AKOLA,2010,Kharif,Urad,13700,9300,0.678832117
Maharashtra,AKOLA,2010,Rabi,Gram,66700,95500,1.431784108
Maharashtra,AKOLA,2010,Rabi,Jowar,100,100,1
Maharashtra,AKOLA,2010,Rabi,Maize,400,800,2
Maharashtra,AKOLA,2010,Rabi,Safflower,2000,500,0.25
Maharashtra,AKOLA,2010,Rabi,Sunflower,3000,2100,0.7
Maharashtra,AKOLA,2010,Rabi,Wheat,37800,89900,2.378306878
Maharashtra,AKOLA,2011,Kharif,Arhar/Tur,62200,22000,0.353697749
Maharashtra,AKOLA,2011,Kharif,Bajra,500,300,0.6
Maharashtra,AKOLA,2011,Kharif,Cotton(lint),169400,259300,1.530696576
Maharashtra,AKOLA,2011,Kharif,Jowar,40600,124300,3.061576355
Maharashtra,AKOLA,2011,Kharif,Maize,1100,3100,2.818181818
Maharashtra,AKOLA,2011,Kharif,Moong(Green Gram),47000,33000,0.70212766
Maharashtra,AKOLA,2011,Kharif,Other Kharif pulses,100,100,1
Maharashtra,AKOLA,2011,Kharif,Sesamum,1100,400,0.363636364
Maharashtra,AKOLA,2011,Kharif,Soyabean,140600,167700,1.192745377
Maharashtra,AKOLA,2011,Kharif,Sunflower,1800,1000,0.555555556
Maharashtra,AKOLA,2011,Kharif,Urad,11600,8100,0.698275862
Maharashtra,AKOLA,2011,Rabi,Gram,66200,23800,0.359516616
Maharashtra,AKOLA,2011,Rabi,Jowar,100,100,1
Maharashtra,AKOLA,2011,Rabi,Maize,200,500,2.5
Maharashtra,AKOLA,2011,Rabi,Safflower,500,200,0.4
Maharashtra,AKOLA,2011,Rabi,Sunflower,900,600,0.666666667
Maharashtra,AKOLA,2011,Rabi,Wheat,16700,36600,2.191616766
Maharashtra,AKOLA,2011,Summer,Groundnut,2500,4800,1.92
Maharashtra,AKOLA,2011,Whole Year,Sugarcane,100,6300,63
Maharashtra,AKOLA,2012,Kharif,Arhar/Tur,62500,93100,1.4896
Maharashtra,AKOLA,2012,Kharif,Bajra,500,300,0.6
Maharashtra,AKOLA,2012,Kharif,Cotton(lint),169400,324000,1.912632822
Maharashtra,AKOLA,2012,Kharif,Jowar,41600,71800,1.725961538
Maharashtra,AKOLA,2012,Kharif,Maize,500,1100,2.2
Maharashtra,AKOLA,2012,Kharif,Moong(Green Gram),47000,12700,0.270212766
Maharashtra,AKOLA,2012,Kharif,Other Kharif pulses,500,300,0.6
Maharashtra,AKOLA,2012,Kharif,Sesamum,1100,300,0.272727273
Maharashtra,AKOLA,2012,Kharif,Soyabean,151000,290400,1.923178808
Maharashtra,AKOLA,2012,Kharif,Sunflower,400,200,0.5
Maharashtra,AKOLA,2012,Kharif,Urad,11800,3800,0.322033898
Maharashtra,AKOLA,2012,Rabi,Gram,80400,57900,0.720149254
Maharashtra,AKOLA,2012,Rabi,Safflower,500,300,0.6
Maharashtra,AKOLA,2012,Rabi,Sunflower,200,100,0.5
Maharashtra,AKOLA,2012,Rabi,Wheat,19900,33900,1.703517588
Maharashtra,AKOLA,2012,Summer,Groundnut,3000,7200,2.4
Maharashtra,AKOLA,2013,Kharif,Arhar/Tur,66500,83800,1.260150376
Maharashtra,AKOLA,2013,Kharif,Bajra,200,100,0.5
Maharashtra,AKOLA,2013,Kharif,Cotton(lint),147300,343600,2.332654447
Maharashtra,AKOLA,2013,Kharif,Jowar,36800,21800,0.592391304
Maharashtra,AKOLA,2013,Kharif,Maize,100,300,3
Maharashtra,AKOLA,2013,Kharif,Moong(Green Gram),47000,8300,0.176595745
Maharashtra,AKOLA,2013,Kharif,Other Kharif pulses,300,200,0.666666667
Maharashtra,AKOLA,2013,Kharif,Sesamum,900,100,0.111111111
Maharashtra,AKOLA,2013,Kharif,Soyabean,187100,191900,1.02565473
Maharashtra,AKOLA,2013,Kharif,Urad,12400,2800,0.225806452
Maharashtra,AKOLA,2013,Rabi,Gram,95100,121200,1.27444795
Maharashtra,AKOLA,2013,Rabi,Safflower,500,300,0.6
Maharashtra,AKOLA,2013,Rabi,Sunflower,100,,
Maharashtra,AKOLA,2013,Rabi,Wheat,19900,25200,1.266331658
Maharashtra,AKOLA,2013,Summer,Groundnut,3600,6000,1.666666667
Maharashtra,AKOLA,2014,Kharif,Arhar/Tur,50100,19600,0.391217565
Maharashtra,AKOLA,2014,Kharif,Bajra,300,100,0.333333333
Maharashtra,AKOLA,2014,Kharif,Cotton(lint),147000,122600,0.834013605
Maharashtra,AKOLA,2014,Kharif,Jowar,12500,15100,1.208
Maharashtra,AKOLA,2014,Kharif,Maize,100,200,2
Maharashtra,AKOLA,2014,Kharif,Moong(Green Gram),21000,3200,0.152380952
Maharashtra,AKOLA,2014,Kharif,Sesamum,1000,100,0.1
Maharashtra,AKOLA,2014,Kharif,Soyabean,233100,69600,0.298584299
Maharashtra,AKOLA,2014,Rabi,Gram,91100,59600,0.654226125
Maharashtra,AKOLA,2014,Rabi,Safflower,500,300,0.6
Maharashtra,AKOLA,2014,Rabi,Sunflower,100,,
Maharashtra,AKOLA,2014,Rabi,Wheat,18300,25800,1.409836066
Maharashtra,AKOLA,2014,Summer,Groundnut,3100,4400,1.419354839
Maharashtra,AMRAVATI,1997,Kharif,Arhar/Tur,83400,61300,0.73501199
Maharashtra,AMRAVATI,1997,Kharif,Bajra,1700,700,0.411764706
Maharashtra,AMRAVATI,1997,Kharif,Gram,48300,19400,0.401656315
Maharashtra,AMRAVATI,1997,Kharif,Jowar,119500,174200,1.457740586
Maharashtra,AMRAVATI,1997,Kharif,Maize,700,800,1.142857143
Maharashtra,AMRAVATI,1997,Kharif,Moong(Green Gram),53400,22300,0.417602996
Maharashtra,AMRAVATI,1997,Kharif,Pulses total,1468,877,0.597411444
Maharashtra,AMRAVATI,1997,Kharif,Rice,9500,5800,0.610526316
Maharashtra,AMRAVATI,1997,Kharif,Total foodgrain,2799,2703,0.965702036
Maharashtra,AMRAVATI,1997,Kharif,Urad,8800,3600,0.409090909
Maharashtra,AMRAVATI,1997,Rabi,Jowar,200,100,0.5
Maharashtra,AMRAVATI,1997,Rabi,Other  Rabi pulses,10,1,0.1
Maharashtra,AMRAVATI,1997,Rabi,Wheat,16300,12800,0.785276074
Maharashtra,AMRAVATI,1997,Summer,Maize,100,100,1
Maharashtra,AMRAVATI,1997,Whole Year,Cotton(lint),3509,120200,34.25477344
Maharashtra,AMRAVATI,1998,Kharif,Arhar/Tur,86500,85900,0.993063584
Maharashtra,AMRAVATI,1998,Kharif,Bajra,1900,1000,0.526315789
Maharashtra,AMRAVATI,1998,Kharif,Castor seed,700,200,0.285714286
Maharashtra,AMRAVATI,1998,Kharif,Cotton(lint),320900,142900,0.445310065
Maharashtra,AMRAVATI,1998,Kharif,Groundnut,8500,9100,1.070588235
Maharashtra,AMRAVATI,1998,Kharif,Jowar,115200,173500,1.506076389
Maharashtra,AMRAVATI,1998,Kharif,Maize,800,1500,1.875
Maharashtra,AMRAVATI,1998,Kharif,Moong(Green Gram),57600,30200,0.524305556
Maharashtra,AMRAVATI,1998,Kharif,Niger seed,400,100,0.25
Maharashtra,AMRAVATI,1998,Kharif,Other Cereals & Millets,1200,800,0.666666667
Maharashtra,AMRAVATI,1998,Kharif,Other Kharif pulses,2000,700,0.35
Maharashtra,AMRAVATI,1998,Kharif,Rice,8700,6100,0.701149425
Maharashtra,AMRAVATI,1998,Kharif,Sesamum,3800,1100,0.289473684
Maharashtra,AMRAVATI,1998,Kharif,Soyabean,175200,230200,1.313926941
Maharashtra,AMRAVATI,1998,Kharif,Sugarcane,2000,169900,84.95
Maharashtra,AMRAVATI,1998,Kharif,Sunflower,1100,400,0.363636364
Maharashtra,AMRAVATI,1998,Kharif,Urad,9900,5400,0.545454545
Maharashtra,AMRAVATI,1998,Rabi,Gram,52400,41300,0.788167939
Maharashtra,AMRAVATI,1998,Rabi,Jowar,600,200,0.333333333
Maharashtra,AMRAVATI,1998,Rabi,Linseed,300,100,0.333333333
Maharashtra,AMRAVATI,1998,Rabi,Maize,100,100,1
Maharashtra,AMRAVATI,1998,Rabi,Rapeseed &Mustard,400,100,0.25
Maharashtra,AMRAVATI,1998,Rabi,Safflower,9600,6400,0.666666667
Maharashtra,AMRAVATI,1998,Rabi,Sesamum,600,100,0.166666667
Maharashtra,AMRAVATI,1998,Rabi,Sunflower,4100,2800,0.682926829
Maharashtra,AMRAVATI,1998,Rabi,Wheat,19200,24700,1.286458333
Maharashtra,AMRAVATI,1998,Summer,Groundnut,600,700,1.166666667
Maharashtra,AMRAVATI,1998,Summer,Maize,100,100,1
Maharashtra,AMRAVATI,1998,Summer,Sunflower,100,100,1
Maharashtra,AMRAVATI,1999,Kharif,Arhar/Tur,92200,96700,1.048806941
Maharashtra,AMRAVATI,1999,Kharif,Bajra,1000,500,0.5
Maharashtra,AMRAVATI,1999,Kharif,Castor seed,400,100,0.25
Maharashtra,AMRAVATI,1999,Kharif,Cotton(lint),326000,249600,0.765644172
Maharashtra,AMRAVATI,1999,Kharif,Groundnut,7700,6000,0.779220779
Maharashtra,AMRAVATI,1999,Kharif,Jowar,117000,130600,1.116239316
Maharashtra,AMRAVATI,1999,Kharif,Maize,700,900,1.285714286
Maharashtra,AMRAVATI,1999,Kharif,Moong(Green Gram),58900,31500,0.534804754
Maharashtra,AMRAVATI,1999,Kharif,Other Kharif pulses,1100,500,0.454545455
Maharashtra,AMRAVATI,1999,Kharif,Rice,8800,5600,0.636363636
Maharashtra,AMRAVATI,1999,Kharif,Sesamum,4000,400,0.1
Maharashtra,AMRAVATI,1999,Kharif,Small millets,1900,1300,0.684210526
Maharashtra,AMRAVATI,1999,Kharif,Soyabean,186800,142700,0.76391863
Maharashtra,AMRAVATI,1999,Kharif,Sunflower,1100,400,0.363636364
Maharashtra,AMRAVATI,1999,Kharif,Urad,10700,5500,0.514018692
Maharashtra,AMRAVATI,1999,Rabi,Gram,57000,43300,0.759649123
Maharashtra,AMRAVATI,1999,Rabi,Jowar,200,100,0.5
Maharashtra,AMRAVATI,1999,Rabi,Linseed,100,0,0
Maharashtra,AMRAVATI,1999,Rabi,Other  Rabi pulses,100,0,0
Maharashtra,AMRAVATI,1999,Rabi,Rapeseed &Mustard,100,0,0
Maharashtra,AMRAVATI,1999,Rabi,Safflower,8400,5500,0.654761905
Maharashtra,AMRAVATI,1999,Rabi,Sesamum,300,100,0.333333333
Maharashtra,AMRAVATI,1999,Rabi,Sunflower,5100,3000,0.588235294
Maharashtra,AMRAVATI,1999,Rabi,Wheat,21700,35000,1.612903226
Maharashtra,AMRAVATI,1999,Summer,Groundnut,700,800,1.142857143
Maharashtra,AMRAVATI,1999,Summer,Maize,100,100,1
Maharashtra,AMRAVATI,1999,Summer,Sunflower,100,100,1
Maharashtra,AMRAVATI,1999,Whole Year,Sugarcane,1900,185900,97.84210526
Maharashtra,AMRAVATI,2000,Kharif,Arhar/Tur,99600,67300,0.675702811
Maharashtra,AMRAVATI,2000,Kharif,Bajra,900,500,0.555555556
Maharashtra,AMRAVATI,2000,Kharif,Castor seed,6200,1100,0.177419355
Maharashtra,AMRAVATI,2000,Kharif,Cotton(lint),309100,149700,0.484309285
Maharashtra,AMRAVATI,2000,Kharif,Groundnut,6500,4600,0.707692308
Maharashtra,AMRAVATI,2000,Kharif,Jowar,118700,170100,1.433024431
Maharashtra,AMRAVATI,2000,Kharif,Maize,800,800,1
Maharashtra,AMRAVATI,2000,Kharif,Moong(Green Gram),61600,24700,0.400974026
Maharashtra,AMRAVATI,2000,Kharif,Other Kharif pulses,23800,8500,0.357142857
Maharashtra,AMRAVATI,2000,Kharif,Rice,8900,4400,0.494382022
Maharashtra,AMRAVATI,2000,Kharif,Sesamum,4100,900,0.219512195
Maharashtra,AMRAVATI,2000,Kharif,Small millets,4400,2700,0.613636364
Maharashtra,AMRAVATI,2000,Kharif,Soyabean,180300,125100,0.693843594
Maharashtra,AMRAVATI,2000,Kharif,Sunflower,600,300,0.5
Maharashtra,AMRAVATI,2000,Kharif,Urad,9700,3100,0.319587629
Maharashtra,AMRAVATI,2000,Rabi,Gram,36600,19600,0.535519126
Maharashtra,AMRAVATI,2000,Rabi,Jowar,100,100,1
Maharashtra,AMRAVATI,2000,Rabi,Maize,100,100,1
Maharashtra,AMRAVATI,2000,Rabi,Safflower,3800,1300,0.342105263
Maharashtra,AMRAVATI,2000,Rabi,Sesamum,100,100,1
Maharashtra,AMRAVATI,2000,Rabi,Sunflower,2700,1500,0.555555556
Maharashtra,AMRAVATI,2000,Rabi,Wheat,13400,17000,1.268656716
Maharashtra,AMRAVATI,2000,Summer,Groundnut,100,100,1
Maharashtra,AMRAVATI,2000,Summer,Sunflower,100,100,1
Maharashtra,AMRAVATI,2000,Whole Year,Sugarcane,3500,286900,81.97142857
Maharashtra,AMRAVATI,2001,Kharif,Arhar/Tur,95500,83500,0.87434555
Maharashtra,AMRAVATI,2001,Kharif,Bajra,1000,400,0.4
Maharashtra,AMRAVATI,2001,Kharif,Castor seed,2400,400,0.166666667
Maharashtra,AMRAVATI,2001,Kharif,Cotton(lint),324600,227200,0.699938386
Maharashtra,AMRAVATI,2001,Kharif,Groundnut,3400,3400,1
Maharashtra,AMRAVATI,2001,Kharif,Jowar,109000,152800,1.401834862
Maharashtra,AMRAVATI,2001,Kharif,Maize,900,2300,2.555555556
Maharashtra,AMRAVATI,2001,Kharif,Moong(Green Gram),65900,23400,0.35508346
Maharashtra,AMRAVATI,2001,Kharif,Other Kharif pulses,11200,2900,0.258928571
Maharashtra,AMRAVATI,2001,Kharif,Rice,10300,9700,0.941747573
Maharashtra,AMRAVATI,2001,Kharif,Sesamum,3000,600,0.2
Maharashtra,AMRAVATI,2001,Kharif,Small millets,3000,1900,0.633333333
Maharashtra,AMRAVATI,2001,Kharif,Soyabean,153200,143600,0.937336815
Maharashtra,AMRAVATI,2001,Kharif,Sunflower,600,200,0.333333333
Maharashtra,AMRAVATI,2001,Kharif,Urad,8300,3100,0.373493976
Maharashtra,AMRAVATI,2001,Rabi,Gram,33500,29100,0.868656716
Maharashtra,AMRAVATI,2001,Rabi,Jowar,100,100,1
Maharashtra,AMRAVATI,2001,Rabi,Safflower,2600,1300,0.5
Maharashtra,AMRAVATI,2001,Rabi,Sunflower,900,500,0.555555556
Maharashtra,AMRAVATI,2001,Rabi,Wheat,11300,15000,1.327433628
Maharashtra,AMRAVATI,2001,Summer,Groundnut,100,100,1
Maharashtra,AMRAVATI,2001,Summer,Maize,200,300,1.5
Maharashtra,AMRAVATI,2001,Summer,Sunflower,100,200,2
Maharashtra,AMRAVATI,2001,Whole Year,Sugarcane,3000,204100,68.03333333
Maharashtra,AMRAVATI,2002,Kharif,Arhar/Tur,93300,88900,0.9528403
Maharashtra,AMRAVATI,2002,Kharif,Bajra,800,500,0.625
Maharashtra,AMRAVATI,2002,Kharif,Castor seed,2100,400,0.19047619
Maharashtra,AMRAVATI,2002,Kharif,Cotton(lint),279000,243700,0.873476703
Maharashtra,AMRAVATI,2002,Kharif,Groundnut,2400,1400,0.583333333
Maharashtra,AMRAVATI,2002,Kharif,Jowar,102900,144000,1.39941691
Maharashtra,AMRAVATI,2002,Kharif,Maize,900,1800,2
Maharashtra,AMRAVATI,2002,Kharif,Moong(Green Gram),76500,25300,0.330718954
Maharashtra,AMRAVATI,2002,Kharif,Other Kharif pulses,1500,400,0.266666667
Maharashtra,AMRAVATI,2002,Kharif,Rice,11000,7200,0.654545455
Maharashtra,AMRAVATI,2002,Kharif,Sesamum,2400,500,0.208333333
Maharashtra,AMRAVATI,2002,Kharif,Small millets,1300,600,0.461538462
Maharashtra,AMRAVATI,2002,Kharif,Soyabean,156500,150000,0.958466454
Maharashtra,AMRAVATI,2002,Kharif,Sunflower,200,100,0.5
Maharashtra,AMRAVATI,2002,Kharif,Urad,9100,2700,0.296703297
Maharashtra,AMRAVATI,2002,Rabi,Gram,35900,27100,0.754874652
Maharashtra,AMRAVATI,2002,Rabi,Jowar,100,100,1
Maharashtra,AMRAVATI,2002,Rabi,Rapeseed &Mustard,500,100,0.2
Maharashtra,AMRAVATI,2002,Rabi,Safflower,1900,1000,0.526315789
Maharashtra,AMRAVATI,2002,Rabi,Sunflower,900,500,0.555555556
Maharashtra,AMRAVATI,2002,Rabi,Wheat,11100,11500,1.036036036
Maharashtra,AMRAVATI,2002,Summer,Groundnut,100,100,1
Maharashtra,AMRAVATI,2002,Summer,Sunflower,200,200,1
Maharashtra,AMRAVATI,2002,Whole Year,Sugarcane,2300,124000,53.91304348
Maharashtra,AMRAVATI,2003,Kharif,Arhar/Tur,97500,86300,0.885128205
Maharashtra,AMRAVATI,2003,Kharif,Bajra,800,400,0.5
Maharashtra,AMRAVATI,2003,Kharif,Cotton(lint),266600,272300,1.021380345
Maharashtra,AMRAVATI,2003,Kharif,Groundnut,1700,1300,0.764705882
Maharashtra,AMRAVATI,2003,Kharif,Jowar,100200,143100,1.428143713
Maharashtra,AMRAVATI,2003,Kharif,Maize,1200,2600,2.166666667
Maharashtra,AMRAVATI,2003,Kharif,Moong(Green Gram),69500,28000,0.402877698
Maharashtra,AMRAVATI,2003,Kharif,Other Kharif pulses,1300,300,0.230769231
Maharashtra,AMRAVATI,2003,Kharif,other oilseeds,1900,500,0.263157895
Maharashtra,AMRAVATI,2003,Kharif,Rice,10200,6000,0.588235294
Maharashtra,AMRAVATI,2003,Kharif,Sesamum,1500,200,0.133333333
Maharashtra,AMRAVATI,2003,Kharif,Small millets,1100,700,0.636363636
Maharashtra,AMRAVATI,2003,Kharif,Soyabean,155000,216100,1.394193548
Maharashtra,AMRAVATI,2003,Kharif,Sunflower,300,100,0.333333333
Maharashtra,AMRAVATI,2003,Kharif,Urad,9500,5600,0.589473684
Maharashtra,AMRAVATI,2003,Rabi,Gram,37300,28700,0.769436997
Maharashtra,AMRAVATI,2003,Rabi,Jowar,100,100,1
Maharashtra,AMRAVATI,2003,Rabi,Rapeseed &Mustard,1300,500,0.384615385
Maharashtra,AMRAVATI,2003,Rabi,Safflower,2200,1200,0.545454545
Maharashtra,AMRAVATI,2003,Rabi,Sunflower,1000,400,0.4
Maharashtra,AMRAVATI,2003,Rabi,Wheat,11600,14400,1.24137931
Maharashtra,AMRAVATI,2003,Summer,Groundnut,300,400,1.333333333
Maharashtra,AMRAVATI,2003,Summer,Sunflower,100,0,0
Maharashtra,AMRAVATI,2003,Whole Year,Banana,400,27990,69.975
Maharashtra,AMRAVATI,2003,Whole Year,Grapes,80,2146,26.825
Maharashtra,AMRAVATI,2003,Whole Year,Mango,2970,6000,2.02020202
Maharashtra,AMRAVATI,2003,Whole Year,Onion,256,4670,18.2421875
Maharashtra,AMRAVATI,2003,Whole Year,Sugarcane,2500,155300,62.12
Maharashtra,AMRAVATI,2003,Whole Year,Tomato,389,1228,3.156812339
Maharashtra,AMRAVATI,2004,Kharif,Arhar/Tur,90900,70000,0.770077008
Maharashtra,AMRAVATI,2004,Kharif,Bajra,700,400,0.571428571
Maharashtra,AMRAVATI,2004,Kharif,Groundnut,1400,1100,0.785714286
Maharashtra,AMRAVATI,2004,Kharif,Jowar,92800,88700,0.955818966
Maharashtra,AMRAVATI,2004,Kharif,Maize,1400,1700,1.214285714
Maharashtra,AMRAVATI,2004,Kharif,Moong(Green Gram),57200,11800,0.206293706
Maharashtra,AMRAVATI,2004,Kharif,Other Cereals & Millets,1000,300,0.3
Maharashtra,AMRAVATI,2004,Kharif,Other Kharif pulses,4200,2100,0.5
Maharashtra,AMRAVATI,2004,Kharif,other oilseeds,1200,500,0.416666667
Maharashtra,AMRAVATI,2004,Kharif,Rice,9600,4200,0.4375
Maharashtra,AMRAVATI,2004,Kharif,Sesamum,1000,200,0.2
Maharashtra,AMRAVATI,2004,Kharif,Sunflower,300,100,0.333333333
Maharashtra,AMRAVATI,2004,Kharif,Urad,7800,2500,0.320512821
Maharashtra,AMRAVATI,2004,Rabi,Gram,37200,20900,0.561827957
Maharashtra,AMRAVATI,2004,Rabi,Other Cereals & Millets,800,400,0.5
Maharashtra,AMRAVATI,2004,Rabi,Rapeseed &Mustard,100,100,1
Maharashtra,AMRAVATI,2004,Rabi,Safflower,3400,1200,0.352941176
Maharashtra,AMRAVATI,2004,Rabi,Soyabean,167100,80000,0.478755236
Maharashtra,AMRAVATI,2004,Rabi,Sunflower,1700,1000,0.588235294
Maharashtra,AMRAVATI,2004,Rabi,Wheat,10300,12000,1.165048544
Maharashtra,AMRAVATI,2004,Summer,Groundnut,600,1000,1.666666667
Maharashtra,AMRAVATI,2004,Summer,Maize,200,300,1.5
Maharashtra,AMRAVATI,2004,Summer,Sunflower,100,100,1
Maharashtra,AMRAVATI,2004,Whole Year,Cotton(lint),268200,214300,0.799030574
Maharashtra,AMRAVATI,2004,Whole Year,Sugarcane,1400,58700,41.92857143
Maharashtra,AMRAVATI,2005,Kharif,Arhar/Tur,92800,79000,0.851293103
Maharashtra,AMRAVATI,2005,Kharif,Bajra,300,100,0.333333333
Maharashtra,AMRAVATI,2005,Kharif,Castor seed,2400,1100,0.458333333
Maharashtra,AMRAVATI,2005,Kharif,Cotton(lint),256400,222900,0.869344774
Maharashtra,AMRAVATI,2005,Kharif,Groundnut,1300,1000,0.769230769
Maharashtra,AMRAVATI,2005,Kharif,Moong(Green Gram),58600,12000,0.204778157
Maharashtra,AMRAVATI,2005,Kharif,Rice,10200,5000,0.490196078
Maharashtra,AMRAVATI,2005,Kharif,Sesamum,200,100,0.5
Maharashtra,AMRAVATI,2005,Kharif,Soyabean,181200,204400,1.12803532
Maharashtra,AMRAVATI,2005,Kharif,Sugarcane,1100,72500,65.90909091
Maharashtra,AMRAVATI,2005,Kharif,Sunflower,200,100,0.5
Maharashtra,AMRAVATI,2005,Kharif,Urad,6000,1200,0.2
Maharashtra,AMRAVATI,2005,Rabi,Gram,51800,50400,0.972972973
Maharashtra,AMRAVATI,2005,Rabi,Linseed,2600,700,0.269230769
Maharashtra,AMRAVATI,2005,Rabi,Rapeseed &Mustard,100,30,0.3
Maharashtra,AMRAVATI,2005,Rabi,Safflower,5800,3700,0.637931034
Maharashtra,AMRAVATI,2005,Rabi,Sunflower,2600,1700,0.653846154
Maharashtra,AMRAVATI,2005,Rabi,Wheat,17000,23300,1.370588235
Maharashtra,AMRAVATI,2005,Summer,Groundnut,1000,2000,2
Maharashtra,AMRAVATI,2005,Summer,Sunflower,100,100,1
Maharashtra,AMRAVATI,2006,Kharif,Arhar/Tur,95400,75500,0.791404612
Maharashtra,AMRAVATI,2006,Kharif,Bajra,200,100,0.5
Maharashtra,AMRAVATI,2006,Kharif,Castor seed,1200,800,0.666666667
Maharashtra,AMRAVATI,2006,Kharif,Cotton(lint),241800,215200,0.889991729
Maharashtra,AMRAVATI,2006,Kharif,Groundnut,1300,900,0.692307692
Maharashtra,AMRAVATI,2006,Kharif,Jowar,94700,111500,1.177402323
Maharashtra,AMRAVATI,2006,Kharif,Maize,1600,2600,1.625
Maharashtra,AMRAVATI,2006,Kharif,Moong(Green Gram),66300,17800,0.268476621
Maharashtra,AMRAVATI,2006,Kharif,Rice,8500,4600,0.541176471
Maharashtra,AMRAVATI,2006,Kharif,Sesamum,200,100,0.5
Maharashtra,AMRAVATI,2006,Kharif,Soyabean,216700,323600,1.493308722
Maharashtra,AMRAVATI,2006,Kharif,Sunflower,200,100,0.5
Maharashtra,AMRAVATI,2006,Kharif,Urad,4900,1800,0.367346939
Maharashtra,AMRAVATI,2006,Rabi,Gram,73300,56700,0.773533424
Maharashtra,AMRAVATI,2006,Rabi,Safflower,5200,3700,0.711538462
Maharashtra,AMRAVATI,2006,Rabi,Sunflower,3300,1900,0.575757576
Maharashtra,AMRAVATI,2006,Rabi,Wheat,25400,42500,1.673228346
Maharashtra,AMRAVATI,2006,Summer,Groundnut,1000,2500,2.5
Maharashtra,AMRAVATI,2006,Summer,Maize,100,100,1
Maharashtra,AMRAVATI,2006,Summer,Sunflower,200,200,1
Maharashtra,AMRAVATI,2007,Kharif,Arhar/Tur,848,908,1.070754717
Maharashtra,AMRAVATI,2007,Kharif,Bajra,2,1,0.5
Maharashtra,AMRAVATI,2007,Kharif,Castor seed,10,7,0.7
Maharashtra,AMRAVATI,2007,Kharif,Cotton(lint),1754,3531,2.013112885
Maharashtra,AMRAVATI,2007,Kharif,Groundnut,16,14,0.875
Maharashtra,AMRAVATI,2007,Kharif,Jowar,779,1058,1.358151476
Maharashtra,AMRAVATI,2007,Kharif,Maize,17,54,3.176470588
Maharashtra,AMRAVATI,2007,Kharif,Moong(Green Gram),741,268,0.361673414
Maharashtra,AMRAVATI,2007,Kharif,Rice,63,52,0.825396825
Maharashtra,AMRAVATI,2007,Kharif,Sesamum,2,1,0.5
Maharashtra,AMRAVATI,2007,Kharif,Soyabean,2858,4857,1.699440168
Maharashtra,AMRAVATI,2007,Kharif,Sunflower,73,39,0.534246575
Maharashtra,AMRAVATI,2007,Kharif,Urad,81,31,0.382716049
Maharashtra,AMRAVATI,2007,Rabi,Gram,1037,1096,1.056894889
Maharashtra,AMRAVATI,2007,Rabi,Rapeseed &Mustard,8,4,0.5
Maharashtra,AMRAVATI,2007,Rabi,Safflower,32,25,0.78125
Maharashtra,AMRAVATI,2007,Rabi,Sunflower,45,35,0.777777778
Maharashtra,AMRAVATI,2007,Summer,Groundnut,6,9,1.5
Maharashtra,AMRAVATI,2007,Summer,Maize,1,1,1
Maharashtra,AMRAVATI,2007,Whole Year,Sugarcane,12,959,79.91666667
Maharashtra,AMRAVATI,2008,Kharif,Arhar/Tur,94400,79300,0.840042373
Maharashtra,AMRAVATI,2008,Kharif,Bajra,300,200,0.666666667
Maharashtra,AMRAVATI,2008,Kharif,Castor seed,800,300,0.375
Maharashtra,AMRAVATI,2008,Kharif,Cotton(lint),116100,185000,1.593453919
Maharashtra,AMRAVATI,2008,Kharif,Groundnut,1300,500,0.384615385
Maharashtra,AMRAVATI,2008,Kharif,Jowar,40300,36700,0.910669975
Maharashtra,AMRAVATI,2008,Kharif,Maize,1500,4500,3
Maharashtra,AMRAVATI,2008,Kharif,Moong(Green Gram),43900,5700,0.129840547
Maharashtra,AMRAVATI,2008,Kharif,Rice,4500,1800,0.4
Maharashtra,AMRAVATI,2008,Kharif,Sesamum,100,100,1
Maharashtra,AMRAVATI,2008,Kharif,Soyabean,373000,124200,0.332975871
Maharashtra,AMRAVATI,2008,Kharif,Sugarcane,800,44500,55.625
Maharashtra,AMRAVATI,2008,Kharif,Sunflower,9100,4800,0.527472527
Maharashtra,AMRAVATI,2008,Kharif,Urad,5800,600,0.103448276
Maharashtra,AMRAVATI,2008,Rabi,Gram,79000,57500,0.727848101
Maharashtra,AMRAVATI,2008,Rabi,Safflower,2200,900,0.409090909
Maharashtra,AMRAVATI,2008,Rabi,Sunflower,8300,5300,0.638554217
Maharashtra,AMRAVATI,2008,Rabi,Wheat,45400,63000,1.387665198
Maharashtra,AMRAVATI,2008,Whole Year,Sugarcane,800,43900,54.875
Maharashtra,AMRAVATI,2009,Kharif,Arhar/Tur,102100,100500,0.984329089
Maharashtra,AMRAVATI,2009,Kharif,Bajra,200,200,1
Maharashtra,AMRAVATI,2009,Kharif,Castor seed,300,100,0.333333333
Maharashtra,AMRAVATI,2009,Kharif,Cotton(lint),179400,309200,1.723522854
Maharashtra,AMRAVATI,2009,Kharif,Groundnut,800,500,0.625
Maharashtra,AMRAVATI,2009,Kharif,Jowar,49100,52700,1.073319756
Maharashtra,AMRAVATI,2009,Kharif,Maize,1400,3100,2.214285714
Maharashtra,AMRAVATI,2009,Kharif,Moong(Green Gram),37100,13200,0.355795148
Maharashtra,AMRAVATI,2009,Kharif,Rice,4300,6200,1.441860465
Maharashtra,AMRAVATI,2009,Kharif,Sesamum,200,100,0.5
Maharashtra,AMRAVATI,2009,Kharif,Soyabean,317600,256900,0.808879093
Maharashtra,AMRAVATI,2009,Kharif,Sugarcane,200,14000,70
Maharashtra,AMRAVATI,2009,Kharif,Sunflower,100,42,0.42
Maharashtra,AMRAVATI,2009,Kharif,Urad,3700,1500,0.405405405
Maharashtra,AMRAVATI,2009,Rabi,Gram,90400,107200,1.185840708
Maharashtra,AMRAVATI,2009,Rabi,Safflower,2300,2000,0.869565217
Maharashtra,AMRAVATI,2009,Rabi,Sunflower,12500,7600,0.608
Maharashtra,AMRAVATI,2009,Rabi,Wheat,49300,97300,1.973630832
Maharashtra,AMRAVATI,2010,Kharif,Arhar/Tur,119600,62900,0.525919732
Maharashtra,AMRAVATI,2010,Kharif,Bajra,300,200,0.666666667
Maharashtra,AMRAVATI,2010,Kharif,Castor seed,500,300,0.6
Maharashtra,AMRAVATI,2010,Kharif,Cotton(lint),204300,336200,1.645619187
Maharashtra,AMRAVATI,2010,Kharif,Groundnut,800,600,0.75
Maharashtra,AMRAVATI,2010,Kharif,Jowar,48400,51700,1.068181818
Maharashtra,AMRAVATI,2010,Kharif,Maize,1600,4000,2.5
Maharashtra,AMRAVATI,2010,Kharif,Moong(Green Gram),55400,31300,0.564981949
Maharashtra,AMRAVATI,2010,Kharif,Rice,3800,2800,0.736842105
Maharashtra,AMRAVATI,2010,Kharif,Sesamum,600,200,0.333333333
Maharashtra,AMRAVATI,2010,Kharif,Soyabean,273300,444500,1.626417856
Maharashtra,AMRAVATI,2010,Kharif,Sugarcane,300,20700,69
Maharashtra,AMRAVATI,2010,Kharif,Sunflower,600,300,0.5
Maharashtra,AMRAVATI,2010,Kharif,Urad,5700,3000,0.526315789
Maharashtra,AMRAVATI,2010,Rabi,Gram,99300,99800,1.005035247
Maharashtra,AMRAVATI,2010,Rabi,Jowar,1100,1100,1
Maharashtra,AMRAVATI,2010,Rabi,Rapeseed &Mustard,300,100,0.333333333
Maharashtra,AMRAVATI,2010,Rabi,Safflower,700,300,0.428571429
Maharashtra,AMRAVATI,2010,Rabi,Sunflower,15800,10800,0.683544304
Maharashtra,AMRAVATI,2010,Rabi,Wheat,54700,105400,1.926873857
Maharashtra,AMRAVATI,2011,Kharif,Arhar/Tur,127500,108900,0.854117647
Maharashtra,AMRAVATI,2011,Kharif,Bajra,300,200,0.666666667
Maharashtra,AMRAVATI,2011,Kharif,Castor seed,200,100,0.5
Maharashtra,AMRAVATI,2011,Kharif,Cotton(lint),187400,270200,1.441835646
Maharashtra,AMRAVATI,2011,Kharif,Groundnut,900,900,1
Maharashtra,AMRAVATI,2011,Kharif,Jowar,39700,58300,1.468513854
Maharashtra,AMRAVATI,2011,Kharif,Maize,1200,3300,2.75
Maharashtra,AMRAVATI,2011,Kharif,Moong(Green Gram),49300,27900,0.565922921
Maharashtra,AMRAVATI,2011,Kharif,Other Kharif pulses,1600,800,0.5
Maharashtra,AMRAVATI,2011,Kharif,Rice,4100,3100,0.756097561
Maharashtra,AMRAVATI,2011,Kharif,Sesamum,900,300,0.333333333
Maharashtra,AMRAVATI,2011,Kharif,Soyabean,296700,373100,1.257499157
Maharashtra,AMRAVATI,2011,Kharif,Sunflower,200,100,0.5
Maharashtra,AMRAVATI,2011,Kharif,Urad,5700,3300,0.578947368
Maharashtra,AMRAVATI,2011,Rabi,Gram,68900,67200,0.97532656
Maharashtra,AMRAVATI,2011,Rabi,Jowar,600,500,0.833333333
Maharashtra,AMRAVATI,2011,Rabi,Rapeseed &Mustard,2200,600,0.272727273
Maharashtra,AMRAVATI,2011,Rabi,Safflower,100,100,1
Maharashtra,AMRAVATI,2011,Rabi,Sunflower,1300,900,0.692307692
Maharashtra,AMRAVATI,2011,Rabi,Wheat,32500,58900,1.812307692
Maharashtra,AMRAVATI,2011,Summer,Groundnut,1000,1400,1.4
Maharashtra,AMRAVATI,2011,Summer,Sunflower,100,100,1
Maharashtra,AMRAVATI,2011,Whole Year,Sugarcane,400,28700,71.75
Maharashtra,AMRAVATI,2012,Kharif,Arhar/Tur,123800,133100,1.075121163
Maharashtra,AMRAVATI,2012,Kharif,Bajra,300,200,0.666666667
Maharashtra,AMRAVATI,2012,Kharif,Castor seed,1100,600,0.545454545
Maharashtra,AMRAVATI,2012,Kharif,Cotton(lint),191300,611500,3.196549922
Maharashtra,AMRAVATI,2012,Kharif,Groundnut,900,1000,1.111111111
Maharashtra,AMRAVATI,2012,Kharif,Jowar,37700,49000,1.299734748
Maharashtra,AMRAVATI,2012,Kharif,Maize,1200,2700,2.25
Maharashtra,AMRAVATI,2012,Kharif,Moong(Green Gram),50800,11600,0.228346457
Maharashtra,AMRAVATI,2012,Kharif,Other Kharif pulses,800,400,0.5
Maharashtra,AMRAVATI,2012,Kharif,Rice,3800,1500,0.394736842
Maharashtra,AMRAVATI,2012,Kharif,Sesamum,800,200,0.25
Maharashtra,AMRAVATI,2012,Kharif,Soyabean,309500,471800,1.524394184
Maharashtra,AMRAVATI,2012,Kharif,Sunflower,100,40,0.4
Maharashtra,AMRAVATI,2012,Kharif,Urad,6300,2400,0.380952381
Maharashtra,AMRAVATI,2012,Rabi,Gram,80300,100300,1.249066002
Maharashtra,AMRAVATI,2012,Rabi,Safflower,100,100,1
Maharashtra,AMRAVATI,2012,Rabi,Sunflower,100,50,0.5
Maharashtra,AMRAVATI,2012,Rabi,Wheat,36100,71500,1.980609418
Maharashtra,AMRAVATI,2012,Summer,Groundnut,1700,3100,1.823529412
Maharashtra,AMRAVATI,2012,Summer,Maize,1400,1800,1.285714286
Maharashtra,AMRAVATI,2012,Whole Year,Sugarcane,300,16700,55.66666667
Maharashtra,AMRAVATI,2013,Kharif,Arhar/Tur,96200,133900,1.391891892
Maharashtra,AMRAVATI,2013,Kharif,Cotton(lint),186700,633200,3.391537225
Maharashtra,AMRAVATI,2013,Kharif,Groundnut,1000,1200,1.2
Maharashtra,AMRAVATI,2013,Kharif,Jowar,35200,22700,0.644886364
Maharashtra,AMRAVATI,2013,Kharif,Maize,1000,2900,2.9
Maharashtra,AMRAVATI,2013,Kharif,Moong(Green Gram),50800,10400,0.204724409
Maharashtra,AMRAVATI,2013,Kharif,Other Kharif pulses,1100,600,0.545454545
Maharashtra,AMRAVATI,2013,Kharif,Rice,4700,800,0.170212766
Maharashtra,AMRAVATI,2013,Kharif,Sesamum,200,,
Maharashtra,AMRAVATI,2013,Kharif,Soyabean,366400,352700,0.96260917
Maharashtra,AMRAVATI,2013,Kharif,Sunflower,100,100,1
Maharashtra,AMRAVATI,2013,Kharif,Urad,4800,1300,0.270833333
Maharashtra,AMRAVATI,2013,Rabi,Gram,89900,103300,1.149054505
Maharashtra,AMRAVATI,2013,Rabi,Other  Rabi pulses,300,200,0.666666667
Maharashtra,AMRAVATI,2013,Rabi,Safflower,100,100,1
Maharashtra,AMRAVATI,2013,Rabi,Sunflower,100,,
Maharashtra,AMRAVATI,2013,Rabi,Wheat,42000,65000,1.547619048
Maharashtra,AMRAVATI,2013,Summer,Groundnut,2800,4800,1.714285714
Maharashtra,AMRAVATI,2013,Summer,Maize,300,400,1.333333333
Maharashtra,AMRAVATI,2013,Whole Year,Sugarcane,300,21700,72.33333333
Maharashtra,AMRAVATI,2014,Kharif,Arhar/Tur,103800,36800,0.354527938
Maharashtra,AMRAVATI,2014,Kharif,Castor seed,900,400,0.444444444
Maharashtra,AMRAVATI,2014,Kharif,Cotton(lint),196500,196200,0.998473282
Maharashtra,AMRAVATI,2014,Kharif,Groundnut,1100,500,0.454545455
Maharashtra,AMRAVATI,2014,Kharif,Jowar,26800,27400,1.02238806
Maharashtra,AMRAVATI,2014,Kharif,Maize,800,1500,1.875
Maharashtra,AMRAVATI,2014,Kharif,Moong(Green Gram),24800,3200,0.129032258
Maharashtra,AMRAVATI,2014,Kharif,Other Kharif pulses,600,300,0.5
Maharashtra,AMRAVATI,2014,Kharif,Rice,5300,1600,0.301886792
Maharashtra,AMRAVATI,2014,Kharif,Soyabean,370600,128300,0.346195359
Maharashtra,AMRAVATI,2014,Kharif,Sunflower,100,,
Maharashtra,AMRAVATI,2014,Rabi,Gram,126500,100400,0.793675889
Maharashtra,AMRAVATI,2014,Rabi,Jowar,200,200,1
Maharashtra,AMRAVATI,2014,Rabi,Maize,1800,300,0.166666667
Maharashtra,AMRAVATI,2014,Rabi,Other  Rabi pulses,100,100,1
Maharashtra,AMRAVATI,2014,Rabi,Safflower,100,100,1
Maharashtra,AMRAVATI,2014,Rabi,Sunflower,100,,
Maharashtra,AMRAVATI,2014,Rabi,Wheat,66400,87200,1.313253012
Maharashtra,AMRAVATI,2014,Summer,Groundnut,4700,7200,1.531914894
Maharashtra,AMRAVATI,2014,Whole Year,Sugarcane,400,16100,40.25
Maharashtra,AURANGABAD,1997,Kharif,Arhar/Tur,37100,3700,0.099730458
Maharashtra,AURANGABAD,1997,Kharif,Bajra,130800,103400,0.790519878
Maharashtra,AURANGABAD,1997,Kharif,Gram,41100,14600,0.355231144
Maharashtra,AURANGABAD,1997,Kharif,Jowar,27700,34100,1.231046931
Maharashtra,AURANGABAD,1997,Kharif,Maize,39800,39800,1
Maharashtra,AURANGABAD,1997,Kharif,Moong(Green Gram),10700,2200,0.205607477
Maharashtra,AURANGABAD,1997,Kharif,Pulses total,680,141,0.207352941
Maharashtra,AURANGABAD,1997,Kharif,Rice,1100,1200,1.090909091
Maharashtra,AURANGABAD,1997,Kharif,Total foodgrain,2682,1931,0.719985086
Maharashtra,AURANGABAD,1997,Kharif,Urad,6400,3900,0.609375
Maharashtra,AURANGABAD,1997,Rabi,Jowar,213400,112600,0.52764761
Maharashtra,AURANGABAD,1997,Rabi,Maize,2100,3300,1.571428571
Maharashtra,AURANGABAD,1997,Rabi,Wheat,31800,28800,0.905660377
Maharashtra,AURANGABAD,1997,Summer,Maize,200,300,1.5
Maharashtra,AURANGABAD,1997,Whole Year,Cotton(lint),1397,82000,58.6972083
Maharashtra,AURANGABAD,1998,Kharif,Arhar/Tur,40800,24400,0.598039216
Maharashtra,AURANGABAD,1998,Kharif,Bajra,131000,116600,0.890076336
Maharashtra,AURANGABAD,1998,Kharif,Castor seed,100,,
Maharashtra,AURANGABAD,1998,Kharif,Cotton(lint),152600,148300,0.971821756
Maharashtra,AURANGABAD,1998,Kharif,Groundnut,11400,7100,0.622807018
Maharashtra,AURANGABAD,1998,Kharif,Jowar,28100,40000,1.423487544
Maharashtra,AURANGABAD,1998,Kharif,Maize,41700,90400,2.167865707
Maharashtra,AURANGABAD,1998,Kharif,Moong(Green Gram),13500,7100,0.525925926
Maharashtra,AURANGABAD,1998,Kharif,Niger seed,400,100,0.25
Maharashtra,AURANGABAD,1998,Kharif,Other Cereals & Millets,24100,14200,0.589211618
Maharashtra,AURANGABAD,1998,Kharif,Other Kharif pulses,12800,5300,0.4140625
Maharashtra,AURANGABAD,1998,Kharif,Rice,1200,600,0.5
Maharashtra,AURANGABAD,1998,Kharif,Sesamum,5900,1500,0.254237288
Maharashtra,AURANGABAD,1998,Kharif,Soyabean,3400,2100,0.617647059
Maharashtra,AURANGABAD,1998,Kharif,Sugarcane,15800,333000,21.07594937
Maharashtra,AURANGABAD,1998,Kharif,Sunflower,9000,3700,0.411111111
Maharashtra,AURANGABAD,1998,Kharif,Urad,7200,3800,0.527777778
Maharashtra,AURANGABAD,1998,Rabi,Gram,48300,28200,0.583850932
Maharashtra,AURANGABAD,1998,Rabi,Jowar,171000,113700,0.664912281
Maharashtra,AURANGABAD,1998,Rabi,Linseed,4900,2100,0.428571429
Maharashtra,AURANGABAD,1998,Rabi,Maize,2800,4500,1.607142857
Maharashtra,AURANGABAD,1998,Rabi,Rapeseed &Mustard,700,100,0.142857143
Maharashtra,AURANGABAD,1998,Rabi,Safflower,23800,12600,0.529411765
Maharashtra,AURANGABAD,1998,Rabi,Sunflower,8900,4300,0.483146067
Maharashtra,AURANGABAD,1998,Rabi,Wheat,51000,71700,1.405882353
Maharashtra,AURANGABAD,1998,Summer,Groundnut,900,1000,1.111111111
Maharashtra,AURANGABAD,1998,Summer,Maize,300,400,1.333333333
Maharashtra,AURANGABAD,1998,Summer,Sunflower,300,200,0.666666667
Maharashtra,AURANGABAD,1999,Kharif,Arhar/Tur,42300,17600,0.41607565
Maharashtra,AURANGABAD,1999,Kharif,Bajra,138600,123300,0.88961039
Maharashtra,AURANGABAD,1999,Kharif,Castor seed,400,100,0.25
Maharashtra,AURANGABAD,1999,Kharif,Cotton(lint),159500,113200,0.709717868
Maharashtra,AURANGABAD,1999,Kharif,Groundnut,11600,6500,0.560344828
Maharashtra,AURANGABAD,1999,Kharif,Jowar,28000,36100,1.289285714
Maharashtra,AURANGABAD,1999,Kharif,Maize,43800,75000,1.712328767
Maharashtra,AURANGABAD,1999,Kharif,Moong(Green Gram),13200,4600,0.348484848
Maharashtra,AURANGABAD,1999,Kharif,Niger seed,600,200,0.333333333
Maharashtra,AURANGABAD,1999,Kharif,Other Kharif pulses,11300,3800,0.336283186
Maharashtra,AURANGABAD,1999,Kharif,Rice,900,400,0.444444444
Maharashtra,AURANGABAD,1999,Kharif,Sesamum,6000,1900,0.316666667
Maharashtra,AURANGABAD,1999,Kharif,Small millets,2800,2000,0.714285714
Maharashtra,AURANGABAD,1999,Kharif,Soyabean,3300,5700,1.727272727
Maharashtra,AURANGABAD,1999,Kharif,Sunflower,8200,3600,0.43902439
Maharashtra,AURANGABAD,1999,Kharif,Urad,7600,5100,0.671052632
Maharashtra,AURANGABAD,1999,Rabi,Gram,48700,26400,0.542094456
Maharashtra,AURANGABAD,1999,Rabi,Jowar,184600,146600,0.794149512
Maharashtra,AURANGABAD,1999,Rabi,Linseed,5300,1200,0.226415094
Maharashtra,AURANGABAD,1999,Rabi,Maize,2900,4600,1.586206897
Maharashtra,AURANGABAD,1999,Rabi,Rapeseed &Mustard,600,100,0.166666667
Maharashtra,AURANGABAD,1999,Rabi,Safflower,24600,12900,0.524390244
Maharashtra,AURANGABAD,1999,Rabi,Sunflower,9500,6400,0.673684211
Maharashtra,AURANGABAD,1999,Rabi,Wheat,47200,66500,1.408898305
Maharashtra,AURANGABAD,1999,Summer,Groundnut,800,800,1
Maharashtra,AURANGABAD,1999,Summer,Maize,300,500,1.666666667
Maharashtra,AURANGABAD,1999,Summer,Sunflower,300,200,0.666666667
Maharashtra,AURANGABAD,1999,Whole Year,Sugarcane,19600,1453000,74.13265306
Maharashtra,AURANGABAD,2000,Kharif,Arhar/Tur,52700,13500,0.256166983
Maharashtra,AURANGABAD,2000,Kharif,Bajra,161000,120100,0.745962733
Maharashtra,AURANGABAD,2000,Kharif,Castor seed,1900,500,0.263157895
Maharashtra,AURANGABAD,2000,Kharif,Cotton(lint),132400,55200,0.416918429
Maharashtra,AURANGABAD,2000,Kharif,Groundnut,12100,5600,0.462809917
Maharashtra,AURANGABAD,2000,Kharif,Jowar,27200,24400,0.897058824
Maharashtra,AURANGABAD,2000,Kharif,Maize,73200,69700,0.952185792
Maharashtra,AURANGABAD,2000,Kharif,Moong(Green Gram),21400,5300,0.247663551
Maharashtra,AURANGABAD,2000,Kharif,Niger seed,700,100,0.142857143
Maharashtra,AURANGABAD,2000,Kharif,Other Kharif pulses,11800,3900,0.330508475
Maharashtra,AURANGABAD,2000,Kharif,Rice,600,400,0.666666667
Maharashtra,AURANGABAD,2000,Kharif,Sesamum,8600,2100,0.244186047
Maharashtra,AURANGABAD,2000,Kharif,Small millets,5900,3500,0.593220339
Maharashtra,AURANGABAD,2000,Kharif,Soyabean,4300,3200,0.744186047
Maharashtra,AURANGABAD,2000,Kharif,Sunflower,4400,2100,0.477272727
Maharashtra,AURANGABAD,2000,Kharif,Urad,7400,2200,0.297297297
Maharashtra,AURANGABAD,2000,Rabi,Gram,23200,10700,0.461206897
Maharashtra,AURANGABAD,2000,Rabi,Jowar,202900,117300,0.578117299
Maharashtra,AURANGABAD,2000,Rabi,Linseed,4600,1200,0.260869565
Maharashtra,AURANGABAD,2000,Rabi,Maize,1300,1500,1.153846154
Maharashtra,AURANGABAD,2000,Rabi,Rapeseed &Mustard,400,100,0.25
Maharashtra,AURANGABAD,2000,Rabi,Safflower,22600,4700,0.207964602
Maharashtra,AURANGABAD,2000,Rabi,Sunflower,1700,800,0.470588235
Maharashtra,AURANGABAD,2000,Rabi,Wheat,23800,29200,1.226890756
Maharashtra,AURANGABAD,2000,Summer,Groundnut,500,500,1
Maharashtra,AURANGABAD,2000,Summer,Sunflower,500,100,0.2
Maharashtra,AURANGABAD,2000,Whole Year,Sugarcane,18400,1280900,69.61413043
Maharashtra,AURANGABAD,2001,Kharif,Arhar/Tur,32700,9100,0.278287462
Maharashtra,AURANGABAD,2001,Kharif,Bajra,137400,86700,0.631004367
Maharashtra,AURANGABAD,2001,Kharif,Castor seed,800,200,0.25
Maharashtra,AURANGABAD,2001,Kharif,Cotton(lint),141300,91500,0.647558386
Maharashtra,AURANGABAD,2001,Kharif,Groundnut,5500,2300,0.418181818
Maharashtra,AURANGABAD,2001,Kharif,Jowar,25900,27500,1.061776062
Maharashtra,AURANGABAD,2001,Kharif,Maize,75700,149400,1.973579921
Maharashtra,AURANGABAD,2001,Kharif,Moong(Green Gram),13600,3500,0.257352941
Maharashtra,AURANGABAD,2001,Kharif,Niger seed,400,100,0.25
Maharashtra,AURANGABAD,2001,Kharif,Other Kharif pulses,5500,1300,0.236363636
Maharashtra,AURANGABAD,2001,Kharif,Rice,500,300,0.6
Maharashtra,AURANGABAD,2001,Kharif,Sesamum,5100,1100,0.215686275
Maharashtra,AURANGABAD,2001,Kharif,Small millets,3100,2000,0.64516129
Maharashtra,AURANGABAD,2001,Kharif,Soyabean,1900,2000,1.052631579
Maharashtra,AURANGABAD,2001,Kharif,Sunflower,3600,1200,0.333333333
Maharashtra,AURANGABAD,2001,Kharif,Urad,6100,3500,0.573770492
Maharashtra,AURANGABAD,2001,Rabi,Gram,41500,20800,0.501204819
Maharashtra,AURANGABAD,2001,Rabi,Jowar,212900,123900,0.581963363
Maharashtra,AURANGABAD,2001,Rabi,Linseed,4600,900,0.195652174
Maharashtra,AURANGABAD,2001,Rabi,Maize,2000,3700,1.85
Maharashtra,AURANGABAD,2001,Rabi,Rapeseed &Mustard,700,200,0.285714286
Maharashtra,AURANGABAD,2001,Rabi,Safflower,25100,12900,0.513944223
Maharashtra,AURANGABAD,2001,Rabi,Small millets,200,100,0.5
Maharashtra,AURANGABAD,2001,Rabi,Sunflower,4000,1700,0.425
Maharashtra,AURANGABAD,2001,Rabi,Wheat,29500,34900,1.183050847
Maharashtra,AURANGABAD,2001,Summer,Groundnut,400,500,1.25
Maharashtra,AURANGABAD,2001,Summer,Maize,200,300,1.5
Maharashtra,AURANGABAD,2001,Whole Year,Sugarcane,10300,521500,50.63106796
Maharashtra,AURANGABAD,2002,Kharif,Arhar/Tur,40000,11600,0.29
Maharashtra,AURANGABAD,2002,Kharif,Bajra,149900,131100,0.874583055
Maharashtra,AURANGABAD,2002,Kharif,Castor seed,600,100,0.166666667
Maharashtra,AURANGABAD,2002,Kharif,Cotton(lint),135500,75500,0.557195572
Maharashtra,AURANGABAD,2002,Kharif,Groundnut,8200,5800,0.707317073
Maharashtra,AURANGABAD,2002,Kharif,Jowar,24400,34400,1.409836066
Maharashtra,AURANGABAD,2002,Kharif,Maize,82000,204700,2.496341463
Maharashtra,AURANGABAD,2002,Kharif,Moong(Green Gram),13600,10300,0.757352941
Maharashtra,AURANGABAD,2002,Kharif,Niger seed,400,100,0.25
Maharashtra,AURANGABAD,2002,Kharif,Other Kharif pulses,9500,1700,0.178947368
Maharashtra,AURANGABAD,2002,Kharif,Rice,600,200,0.333333333
Maharashtra,AURANGABAD,2002,Kharif,Sesamum,5100,1600,0.31372549
Maharashtra,AURANGABAD,2002,Kharif,Soyabean,2700,4100,1.518518519
Maharashtra,AURANGABAD,2002,Kharif,Sunflower,8600,4000,0.465116279
Maharashtra,AURANGABAD,2002,Kharif,Urad,6100,4900,0.803278689
Maharashtra,AURANGABAD,2002,Rabi,Gram,40800,23600,0.578431373
Maharashtra,AURANGABAD,2002,Rabi,Jowar,147500,82400,0.558644068
Maharashtra,AURANGABAD,2002,Rabi,Linseed,1600,300,0.1875
Maharashtra,AURANGABAD,2002,Rabi,Maize,1700,2900,1.705882353
Maharashtra,AURANGABAD,2002,Rabi,Rapeseed &Mustard,900,200,0.222222222
Maharashtra,AURANGABAD,2002,Rabi,Safflower,14100,4100,0.290780142
Maharashtra,AURANGABAD,2002,Rabi,Sunflower,3900,1600,0.41025641
Maharashtra,AURANGABAD,2002,Rabi,Wheat,33400,40500,1.21257485
Maharashtra,AURANGABAD,2002,Summer,Groundnut,200,400,2
Maharashtra,AURANGABAD,2002,Summer,Maize,300,500,1.666666667
Maharashtra,AURANGABAD,2002,Whole Year,Sugarcane,11800,735000,62.28813559
Maharashtra,AURANGABAD,2003,Kharif,Arhar/Tur,38000,13400,0.352631579
Maharashtra,AURANGABAD,2003,Kharif,Bajra,128700,110200,0.856254856
Maharashtra,AURANGABAD,2003,Kharif,Cotton(lint),168000,143700,0.855357143
Maharashtra,AURANGABAD,2003,Kharif,Groundnut,8900,4400,0.494382022
Maharashtra,AURANGABAD,2003,Kharif,Jowar,17900,23800,1.329608939
Maharashtra,AURANGABAD,2003,Kharif,Maize,90400,189900,2.100663717
Maharashtra,AURANGABAD,2003,Kharif,Moong(Green Gram),13000,7600,0.584615385
Maharashtra,AURANGABAD,2003,Kharif,Niger seed,400,100,0.25
Maharashtra,AURANGABAD,2003,Kharif,Other Kharif pulses,8000,2300,0.2875
Maharashtra,AURANGABAD,2003,Kharif,other oilseeds,200,100,0.5
Maharashtra,AURANGABAD,2003,Kharif,Rice,600,200,0.333333333
Maharashtra,AURANGABAD,2003,Kharif,Sesamum,6400,1600,0.25
Maharashtra,AURANGABAD,2003,Kharif,Small millets,2200,600,0.272727273
Maharashtra,AURANGABAD,2003,Kharif,Soyabean,4600,6200,1.347826087
Maharashtra,AURANGABAD,2003,Kharif,Sunflower,7800,2900,0.371794872
Maharashtra,AURANGABAD,2003,Kharif,Urad,6200,6800,1.096774194
Maharashtra,AURANGABAD,2003,Rabi,Gram,36700,14900,0.40599455
Maharashtra,AURANGABAD,2003,Rabi,Jowar,170000,61300,0.360588235
Maharashtra,AURANGABAD,2003,Rabi,Linseed,1800,600,0.333333333
Maharashtra,AURANGABAD,2003,Rabi,Maize,2100,5200,2.476190476
Maharashtra,AURANGABAD,2003,Rabi,Rapeseed &Mustard,600,100,0.166666667
Maharashtra,AURANGABAD,2003,Rabi,Safflower,17800,5500,0.308988764
Maharashtra,AURANGABAD,2003,Rabi,Sunflower,4700,1500,0.319148936
Maharashtra,AURANGABAD,2003,Rabi,Wheat,31200,40100,1.28525641
Maharashtra,AURANGABAD,2003,Summer,Groundnut,100,100,1
Maharashtra,AURANGABAD,2003,Summer,Sunflower,100,100,1
Maharashtra,AURANGABAD,2003,Whole Year,Banana,200,8590,42.95
Maharashtra,AURANGABAD,2003,Whole Year,Grapes,37,993,26.83783784
Maharashtra,AURANGABAD,2003,Whole Year,Mango,5963,11020,1.848063056
Maharashtra,AURANGABAD,2003,Whole Year,Onion,160,957,5.98125
Maharashtra,AURANGABAD,2003,Whole Year,Sugarcane,8400,377300,44.91666667
Maharashtra,AURANGABAD,2003,Whole Year,Tomato,401,1262,3.14713217
Maharashtra,AURANGABAD,2004,Kharif,Arhar/Tur,38700,19000,0.490956072
Maharashtra,AURANGABAD,2004,Kharif,Bajra,128900,107900,0.83708301
Maharashtra,AURANGABAD,2004,Kharif,Groundnut,8500,5800,0.682352941
Maharashtra,AURANGABAD,2004,Kharif,Jowar,10600,12900,1.216981132
Maharashtra,AURANGABAD,2004,Kharif,Maize,89900,169300,1.88320356
Maharashtra,AURANGABAD,2004,Kharif,Moong(Green Gram),11200,4400,0.392857143
Maharashtra,AURANGABAD,2004,Kharif,Niger seed,400,100,0.25
Maharashtra,AURANGABAD,2004,Kharif,Other Cereals & Millets,3100,1900,0.612903226
Maharashtra,AURANGABAD,2004,Kharif,Other Kharif pulses,5400,500,0.092592593
Maharashtra,AURANGABAD,2004,Kharif,other oilseeds,600,400,0.666666667
Maharashtra,AURANGABAD,2004,Kharif,Rice,300,200,0.666666667
Maharashtra,AURANGABAD,2004,Kharif,Sesamum,5500,1200,0.218181818
Maharashtra,AURANGABAD,2004,Kharif,Sunflower,8700,4500,0.517241379
Maharashtra,AURANGABAD,2004,Kharif,Urad,5400,2200,0.407407407
Maharashtra,AURANGABAD,2004,Rabi,Gram,38500,23700,0.615584416
Maharashtra,AURANGABAD,2004,Rabi,Jowar,168500,107400,0.637388724
Maharashtra,AURANGABAD,2004,Rabi,Linseed,2000,400,0.2
Maharashtra,AURANGABAD,2004,Rabi,Maize,1800,3100,1.722222222
Maharashtra,AURANGABAD,2004,Rabi,Rapeseed &Mustard,700,100,0.142857143
Maharashtra,AURANGABAD,2004,Rabi,Safflower,17100,9100,0.532163743
Maharashtra,AURANGABAD,2004,Rabi,Soyabean,5700,5400,0.947368421
Maharashtra,AURANGABAD,2004,Rabi,Sunflower,5100,2400,0.470588235
Maharashtra,AURANGABAD,2004,Rabi,Wheat,36400,47200,1.296703297
Maharashtra,AURANGABAD,2004,Summer,Groundnut,100,100,1
Maharashtra,AURANGABAD,2004,Summer,Maize,100,200,2
Maharashtra,AURANGABAD,2004,Summer,Sunflower,100,100,1
Maharashtra,AURANGABAD,2004,Whole Year,Cotton(lint),209500,263200,1.256324582
Maharashtra,AURANGABAD,2004,Whole Year,Sugarcane,6400,509500,79.609375
Maharashtra,AURANGABAD,2005,Kharif,Arhar/Tur,41300,25500,0.617433414
Maharashtra,AURANGABAD,2005,Kharif,Bajra,131400,150000,1.141552511
Maharashtra,AURANGABAD,2005,Kharif,Castor seed,500,400,0.8
Maharashtra,AURANGABAD,2005,Kharif,Cotton(lint),250100,322700,1.290283886
Maharashtra,AURANGABAD,2005,Kharif,Groundnut,7500,4500,0.6
Maharashtra,AURANGABAD,2005,Kharif,Moong(Green Gram),8000,5300,0.6625
Maharashtra,AURANGABAD,2005,Kharif,Niger seed,400,100,0.25
Maharashtra,AURANGABAD,2005,Kharif,Rice,100,100,1
Maharashtra,AURANGABAD,2005,Kharif,Sesamum,5000,1200,0.24
Maharashtra,AURANGABAD,2005,Kharif,Soyabean,8600,10300,1.197674419
Maharashtra,AURANGABAD,2005,Kharif,Sugarcane,10600,646600,61
Maharashtra,AURANGABAD,2005,Kharif,Sunflower,7500,2800,0.373333333
Maharashtra,AURANGABAD,2005,Kharif,Urad,4000,2900,0.725
Maharashtra,AURANGABAD,2005,Rabi,Gram,39100,28500,0.728900256
Maharashtra,AURANGABAD,2005,Rabi,Linseed,1600,300,0.1875
Maharashtra,AURANGABAD,2005,Rabi,Rapeseed &Mustard,600,200,0.333333333
Maharashtra,AURANGABAD,2005,Rabi,Safflower,14300,10500,0.734265734
Maharashtra,AURANGABAD,2005,Rabi,Sunflower,4600,2200,0.47826087
Maharashtra,AURANGABAD,2005,Rabi,Wheat,40900,67600,1.652811736
Maharashtra,AURANGABAD,2005,Summer,Groundnut,200,300,1.5
Maharashtra,AURANGABAD,2005,Summer,Sunflower,100,100,1
Maharashtra,AURANGABAD,2006,Kharif,Arhar/Tur,40100,34400,0.857855362
Maharashtra,AURANGABAD,2006,Kharif,Bajra,123100,139400,1.132412673
Maharashtra,AURANGABAD,2006,Kharif,Castor seed,400,100,0.25
Maharashtra,AURANGABAD,2006,Kharif,Cotton(lint),282100,486300,1.723856788
Maharashtra,AURANGABAD,2006,Kharif,Groundnut,8600,6500,0.755813953
Maharashtra,AURANGABAD,2006,Kharif,Jowar,8000,14100,1.7625
Maharashtra,AURANGABAD,2006,Kharif,Maize,101500,281100,2.769458128
Maharashtra,AURANGABAD,2006,Kharif,Moong(Green Gram),8800,7100,0.806818182
Maharashtra,AURANGABAD,2006,Kharif,Niger seed,400,100,0.25
Maharashtra,AURANGABAD,2006,Kharif,Rice,100,100,1
Maharashtra,AURANGABAD,2006,Kharif,Sesamum,4700,1000,0.212765957
Maharashtra,AURANGABAD,2006,Kharif,Soyabean,10000,15600,1.56
Maharashtra,AURANGABAD,2006,Kharif,Sunflower,6700,3600,0.537313433
Maharashtra,AURANGABAD,2006,Kharif,Urad,4300,3000,0.697674419
Maharashtra,AURANGABAD,2006,Rabi,Gram,52100,44900,0.861804223
Maharashtra,AURANGABAD,2006,Rabi,Jowar,164000,161300,0.983536585
Maharashtra,AURANGABAD,2006,Rabi,Linseed,2500,600,0.24
Maharashtra,AURANGABAD,2006,Rabi,Maize,2200,7100,3.227272727
Maharashtra,AURANGABAD,2006,Rabi,Rapeseed &Mustard,1100,200,0.181818182
Maharashtra,AURANGABAD,2006,Rabi,Safflower,15300,13100,0.85620915
Maharashtra,AURANGABAD,2006,Rabi,Sunflower,4700,2200,0.468085106
Maharashtra,AURANGABAD,2006,Rabi,Wheat,60700,121900,2.008237232
Maharashtra,AURANGABAD,2006,Summer,Groundnut,300,300,1
Maharashtra,AURANGABAD,2006,Summer,Maize,700,700,1
Maharashtra,AURANGABAD,2006,Summer,Sunflower,100,100,1
Maharashtra,AURANGABAD,2007,Kharif,Arhar/Tur,414,302,0.729468599
Maharashtra,AURANGABAD,2007,Kharif,Bajra,1111,1362,1.225922592
Maharashtra,AURANGABAD,2007,Kharif,Castor seed,3,1,0.333333333
Maharashtra,AURANGABAD,2007,Kharif,Cotton(lint),3061,6898,2.253511924
Maharashtra,AURANGABAD,2007,Kharif,Groundnut,86,87,1.011627907
Maharashtra,AURANGABAD,2007,Kharif,Jowar,62,101,1.629032258
Maharashtra,AURANGABAD,2007,Kharif,Maize,1080,3035,2.810185185
Maharashtra,AURANGABAD,2007,Kharif,Moong(Green Gram),108,106,0.981481481
Maharashtra,AURANGABAD,2007,Kharif,Sesamum,32,6,0.1875
Maharashtra,AURANGABAD,2007,Kharif,Soyabean,86,138,1.604651163
Maharashtra,AURANGABAD,2007,Kharif,Sunflower,67,34,0.507462687
Maharashtra,AURANGABAD,2007,Kharif,Urad,49,37,0.755102041
Maharashtra,AURANGABAD,2007,Rabi,Gram,495,457,0.923232323
Maharashtra,AURANGABAD,2007,Rabi,Jowar,1131,1197,1.058355438
Maharashtra,AURANGABAD,2007,Rabi,Linseed,17,5,0.294117647
Maharashtra,AURANGABAD,2007,Rabi,Maize,15,47,3.133333333
Maharashtra,AURANGABAD,2007,Rabi,Rapeseed &Mustard,6,2,0.333333333
Maharashtra,AURANGABAD,2007,Rabi,Safflower,94,77,0.819148936
Maharashtra,AURANGABAD,2007,Rabi,Sunflower,30,18,0.6
Maharashtra,AURANGABAD,2007,Rabi,Wheat,492,1076,2.18699187
Maharashtra,AURANGABAD,2007,Summer,Groundnut,5,6,1.2
Maharashtra,AURANGABAD,2007,Summer,Maize,2,3,1.5
Maharashtra,AURANGABAD,2007,Summer,Sunflower,2,1,0.5
Maharashtra,AURANGABAD,2007,Whole Year,Sugarcane,343,27115,79.05247813
Maharashtra,AURANGABAD,2008,Kharif,Arhar/Tur,27700,17300,0.624548736
Maharashtra,AURANGABAD,2008,Kharif,Bajra,109100,103500,0.948670944
Maharashtra,AURANGABAD,2008,Kharif,Castor seed,300,200,0.666666667
Maharashtra,AURANGABAD,2008,Kharif,Cotton(lint),251700,403500,1.603098927
Maharashtra,AURANGABAD,2008,Kharif,Groundnut,3600,3100,0.861111111
Maharashtra,AURANGABAD,2008,Kharif,Jowar,4000,7100,1.775
Maharashtra,AURANGABAD,2008,Kharif,Maize,113000,311300,2.754867257
Maharashtra,AURANGABAD,2008,Kharif,Moong(Green Gram),7000,4900,0.7
Maharashtra,AURANGABAD,2008,Kharif,Niger seed,100,100,1
Maharashtra,AURANGABAD,2008,Kharif,Sesamum,1400,200,0.142857143
Maharashtra,AURANGABAD,2008,Kharif,Soyabean,6200,5100,0.822580645
Maharashtra,AURANGABAD,2008,Kharif,Sugarcane,17500,1315700,75.18285714
Maharashtra,AURANGABAD,2008,Kharif,Sunflower,3000,1400,0.466666667
Maharashtra,AURANGABAD,2008,Kharif,Urad,3700,2000,0.540540541
Maharashtra,AURANGABAD,2008,Rabi,Gram,53000,42900,0.809433962
Maharashtra,AURANGABAD,2008,Rabi,Jowar,178200,100800,0.565656566
Maharashtra,AURANGABAD,2008,Rabi,Linseed,1100,100,0.090909091
Maharashtra,AURANGABAD,2008,Rabi,Maize,10,31,3.1
Maharashtra,AURANGABAD,2008,Rabi,Safflower,10200,7400,0.725490196
Maharashtra,AURANGABAD,2008,Rabi,Sunflower,2000,1100,0.55
Maharashtra,AURANGABAD,2008,Rabi,Wheat,44500,78100,1.75505618
Maharashtra,AURANGABAD,2008,Whole Year,Sugarcane,17500,1315700,75.18285714
Maharashtra,AURANGABAD,2009,Kharif,Arhar/Tur,48300,36600,0.757763975
Maharashtra,AURANGABAD,2009,Kharif,Bajra,122400,121800,0.995098039
Maharashtra,AURANGABAD,2009,Kharif,Castor seed,200,100,0.5
Maharashtra,AURANGABAD,2009,Kharif,Cotton(lint),281400,510600,1.814498934
Maharashtra,AURANGABAD,2009,Kharif,Groundnut,4400,4000,0.909090909
Maharashtra,AURANGABAD,2009,Kharif,Jowar,8300,13000,1.56626506
Maharashtra,AURANGABAD,2009,Kharif,Maize,124800,332000,2.66025641
Maharashtra,AURANGABAD,2009,Kharif,Moong(Green Gram),5800,2200,0.379310345
Maharashtra,AURANGABAD,2009,Kharif,Niger seed,100,16,0.16
Maharashtra,AURANGABAD,2009,Kharif,Sesamum,3500,600,0.171428571
Maharashtra,AURANGABAD,2009,Kharif,Soyabean,5100,5700,1.117647059
Maharashtra,AURANGABAD,2009,Kharif,Sugarcane,13600,1154500,84.88970588
Maharashtra,AURANGABAD,2009,Kharif,Sunflower,1700,900,0.529411765
Maharashtra,AURANGABAD,2009,Kharif,Urad,3700,1800,0.486486486
Maharashtra,AURANGABAD,2009,Rabi,Gram,57200,48300,0.844405594
Maharashtra,AURANGABAD,2009,Rabi,Jowar,171800,188100,1.094877765
Maharashtra,AURANGABAD,2009,Rabi,Linseed,800,100,0.125
Maharashtra,AURANGABAD,2009,Rabi,Maize,1300,3600,2.769230769
Maharashtra,AURANGABAD,2009,Rabi,Safflower,9400,4900,0.521276596
Maharashtra,AURANGABAD,2009,Rabi,Sunflower,1700,1000,0.588235294
Maharashtra,AURANGABAD,2009,Rabi,Wheat,46200,88000,1.904761905
Maharashtra,AURANGABAD,2010,Kharif,Arhar/Tur,60800,53400,0.878289474
Maharashtra,AURANGABAD,2010,Kharif,Bajra,89800,126500,1.408685969
Maharashtra,AURANGABAD,2010,Kharif,Castor seed,100,50,0.5
Maharashtra,AURANGABAD,2010,Kharif,Cotton(lint),332900,879200,2.641033343
Maharashtra,AURANGABAD,2010,Kharif,Groundnut,5900,4900,0.830508475
Maharashtra,AURANGABAD,2010,Kharif,Jowar,7100,14800,2.084507042
Maharashtra,AURANGABAD,2010,Kharif,Maize,138400,508200,3.671965318
Maharashtra,AURANGABAD,2010,Kharif,Moong(Green Gram),11100,10400,0.936936937
Maharashtra,AURANGABAD,2010,Kharif,Niger seed,100,,
Maharashtra,AURANGABAD,2010,Kharif,Sesamum,1100,300,0.272727273
Maharashtra,AURANGABAD,2010,Kharif,Soyabean,7700,16400,2.12987013
Maharashtra,AURANGABAD,2010,Kharif,Sugarcane,23300,1959500,84.09871245
Maharashtra,AURANGABAD,2010,Kharif,Sunflower,2300,1300,0.565217391
Maharashtra,AURANGABAD,2010,Kharif,Urad,3800,2600,0.684210526
Maharashtra,AURANGABAD,2010,Rabi,Gram,59900,55200,0.921535893
Maharashtra,AURANGABAD,2010,Rabi,Jowar,80800,62800,0.777227723
Maharashtra,AURANGABAD,2010,Rabi,Linseed,400,100,0.25
Maharashtra,AURANGABAD,2010,Rabi,Maize,4300,13400,3.11627907
Maharashtra,AURANGABAD,2010,Rabi,Safflower,2000,1600,0.8
Maharashtra,AURANGABAD,2010,Rabi,Sunflower,1700,800,0.470588235
Maharashtra,AURANGABAD,2010,Rabi,Wheat,75300,158400,2.103585657
Maharashtra,AURANGABAD,2011,Kharif,Arhar/Tur,36100,28800,0.797783934
Maharashtra,AURANGABAD,2011,Kharif,Bajra,68500,87800,1.281751825
Maharashtra,AURANGABAD,2011,Kharif,Cotton(lint),379300,696500,1.836277353
Maharashtra,AURANGABAD,2011,Kharif,Groundnut,5600,4500,0.803571429
Maharashtra,AURANGABAD,2011,Kharif,Jowar,5900,11600,1.966101695
Maharashtra,AURANGABAD,2011,Kharif,Maize,144200,469300,3.254507628
Maharashtra,AURANGABAD,2011,Kharif,Moong(Green Gram),2200,1300,0.590909091
Maharashtra,AURANGABAD,2011,Kharif,Niger seed,100,20,0.2
Maharashtra,AURANGABAD,2011,Kharif,Other Kharif pulses,700,200,0.285714286
Maharashtra,AURANGABAD,2011,Kharif,Sesamum,900,300,0.333333333
Maharashtra,AURANGABAD,2011,Kharif,Soyabean,7800,11100,1.423076923
Maharashtra,AURANGABAD,2011,Kharif,Sunflower,600,300,0.5
Maharashtra,AURANGABAD,2011,Kharif,Urad,1400,1100,0.785714286
Maharashtra,AURANGABAD,2011,Rabi,Gram,39600,30200,0.762626263
Maharashtra,AURANGABAD,2011,Rabi,Jowar,86300,65200,0.755504056
Maharashtra,AURANGABAD,2011,Rabi,Linseed,100,,
Maharashtra,AURANGABAD,2011,Rabi,Maize,2900,9200,3.172413793
Maharashtra,AURANGABAD,2011,Rabi,Safflower,1300,800,0.615384615
Maharashtra,AURANGABAD,2011,Rabi,Sunflower,300,100,0.333333333
Maharashtra,AURANGABAD,2011,Rabi,Wheat,39900,74200,1.859649123
Maharashtra,AURANGABAD,2011,Summer,Groundnut,200,200,1
Maharashtra,AURANGABAD,2011,Summer,Maize,1100,1400,1.272727273
Maharashtra,AURANGABAD,2011,Summer,Sunflower,100,100,1
Maharashtra,AURANGABAD,2011,Whole Year,Sugarcane,20100,1705200,84.8358209
Maharashtra,AURANGABAD,2012,Kharif,Arhar/Tur,36100,12000,0.332409972
Maharashtra,AURANGABAD,2012,Kharif,Bajra,68500,44500,0.649635036
Maharashtra,AURANGABAD,2012,Kharif,Castor seed,1500,300,0.2
Maharashtra,AURANGABAD,2012,Kharif,Cotton(lint),379300,378400,0.997627208
Maharashtra,AURANGABAD,2012,Kharif,Groundnut,5600,3000,0.535714286
Maharashtra,AURANGABAD,2012,Kharif,Jowar,5900,6300,1.06779661
Maharashtra,AURANGABAD,2012,Kharif,Maize,144200,291100,2.018723994
Maharashtra,AURANGABAD,2012,Kharif,Moong(Green Gram),2200,600,0.272727273
Maharashtra,AURANGABAD,2012,Kharif,Niger seed,100,20,0.2
Maharashtra,AURANGABAD,2012,Kharif,Other Kharif pulses,400,40,0.1
Maharashtra,AURANGABAD,2012,Kharif,Sesamum,900,200,0.222222222
Maharashtra,AURANGABAD,2012,Kharif,Soyabean,7800,5800,0.743589744
Maharashtra,AURANGABAD,2012,Kharif,Sunflower,600,300,0.5
Maharashtra,AURANGABAD,2012,Kharif,Urad,1400,500,0.357142857
Maharashtra,AURANGABAD,2012,Rabi,Gram,31500,8400,0.266666667
Maharashtra,AURANGABAD,2012,Rabi,Jowar,96400,26000,0.269709544
Maharashtra,AURANGABAD,2012,Rabi,Maize,5300,3500,0.660377358
Maharashtra,AURANGABAD,2012,Rabi,Safflower,1000,300,0.3
Maharashtra,AURANGABAD,2012,Rabi,Sunflower,400,100,0.25
Maharashtra,AURANGABAD,2012,Rabi,Wheat,24300,21500,0.884773663
Maharashtra,AURANGABAD,2012,Summer,Maize,500,700,1.4
Maharashtra,AURANGABAD,2012,Whole Year,Sugarcane,14800,630900,42.62837838
Maharashtra,AURANGABAD,2013,Kharif,Arhar/Tur,28600,26800,0.937062937
Maharashtra,AURANGABAD,2013,Kharif,Bajra,31000,38000,1.225806452
Maharashtra,AURANGABAD,2013,Kharif,Cotton(lint),422600,1036100,2.451727402
Maharashtra,AURANGABAD,2013,Kharif,Groundnut,4500,5300,1.177777778
Maharashtra,AURANGABAD,2013,Kharif,Jowar,3600,6500,1.805555556
Maharashtra,AURANGABAD,2013,Kharif,Maize,167900,759800,4.525312686
Maharashtra,AURANGABAD,2013,Kharif,Moong(Green Gram),2200,2100,0.954545455
Maharashtra,AURANGABAD,2013,Kharif,Niger seed,100,,
Maharashtra,AURANGABAD,2013,Kharif,Other Kharif pulses,1200,300,0.25
Maharashtra,AURANGABAD,2013,Kharif,Sesamum,600,200,0.333333333
Maharashtra,AURANGABAD,2013,Kharif,Soyabean,11500,12500,1.086956522
Maharashtra,AURANGABAD,2013,Kharif,Sunflower,400,200,0.5
Maharashtra,AURANGABAD,2013,Kharif,Urad,1900,2200,1.157894737
Maharashtra,AURANGABAD,2013,Rabi,Gram,42900,32600,0.75990676
Maharashtra,AURANGABAD,2013,Rabi,Jowar,86200,65400,0.758700696
Maharashtra,AURANGABAD,2013,Rabi,Maize,6400,22100,3.453125
Maharashtra,AURANGABAD,2013,Rabi,Safflower,1100,2100,1.909090909
Maharashtra,AURANGABAD,2013,Rabi,Sunflower,500,200,0.4
Maharashtra,AURANGABAD,2013,Rabi,Wheat,35400,54200,1.531073446
Maharashtra,AURANGABAD,2013,Summer,Maize,1100,1400,1.272727273
Maharashtra,AURANGABAD,2013,Whole Year,Sugarcane,14600,1170600,80.17808219
Maharashtra,AURANGABAD,2014,Kharif,Arhar/Tur,32900,8700,0.26443769
Maharashtra,AURANGABAD,2014,Kharif,Bajra,45300,24200,0.534216336
Maharashtra,AURANGABAD,2014,Kharif,Cotton(lint),422600,244300,0.578088027
Maharashtra,AURANGABAD,2014,Kharif,Groundnut,4100,900,0.219512195
Maharashtra,AURANGABAD,2014,Kharif,Jowar,3700,1700,0.459459459
Maharashtra,AURANGABAD,2014,Kharif,Maize,191700,175800,0.917057903
Maharashtra,AURANGABAD,2014,Kharif,Moong(Green Gram),3700,800,0.216216216
Maharashtra,AURANGABAD,2014,Kharif,Niger seed,100,,
Maharashtra,AURANGABAD,2014,Kharif,Other Kharif pulses,100,,
Maharashtra,AURANGABAD,2014,Kharif,Soyabean,18700,8500,0.454545455
Maharashtra,AURANGABAD,2014,Kharif,Sunflower,100,,
Maharashtra,AURANGABAD,2014,Rabi,Gram,41800,16300,0.389952153
Maharashtra,AURANGABAD,2014,Rabi,Jowar,107100,44900,0.41923436
Maharashtra,AURANGABAD,2014,Rabi,Maize,9000,11400,1.266666667
Maharashtra,AURANGABAD,2014,Rabi,Other  Rabi pulses,100,,
Maharashtra,AURANGABAD,2014,Rabi,Safflower,600,200,0.333333333
Maharashtra,AURANGABAD,2014,Rabi,Wheat,35400,33900,0.957627119
Maharashtra,AURANGABAD,2014,Summer,Maize,3400,1500,0.441176471
Maharashtra,AURANGABAD,2014,Whole Year,Sugarcane,13900,932200,67.0647482
Maharashtra,BEED,1997,Kharif,Arhar/Tur,44200,7200,0.162895928
Maharashtra,BEED,1997,Kharif,Bajra,176800,91100,0.515271493
Maharashtra,BEED,1997,Kharif,Gram,21400,6100,0.285046729
Maharashtra,BEED,1997,Kharif,Jowar,72700,55700,0.766162311
Maharashtra,BEED,1997,Kharif,Maize,2900,2700,0.931034483
Maharashtra,BEED,1997,Kharif,Moong(Green Gram),12100,500,0.041322314
Maharashtra,BEED,1997,Kharif,Pulses total,797,132,0.165621079
Maharashtra,BEED,1997,Kharif,Rice,3400,1700,0.5
Maharashtra,BEED,1997,Kharif,Total foodgrain,3394,1882,0.554507955
Maharashtra,BEED,1997,Kharif,Urad,7800,500,0.064102564
Maharashtra,BEED,1997,Rabi,Jowar,262100,111800,0.42655475
Maharashtra,BEED,1997,Rabi,Maize,1700,3000,1.764705882
Maharashtra,BEED,1997,Rabi,Other  Rabi pulses,340,13,0.038235294
Maharashtra,BEED,1997,Rabi,Wheat,28300,20400,0.720848057
Maharashtra,BEED,1997,Summer,Maize,200,300,1.5
Maharashtra,BEED,1997,Whole Year,Cotton(lint),829,47600,57.4185766
Maharashtra,BEED,1998,Kharif,Arhar/Tur,46100,28400,0.616052061
Maharashtra,BEED,1998,Kharif,Bajra,176800,116600,0.659502262
Maharashtra,BEED,1998,Kharif,Castor seed,3100,800,0.258064516
Maharashtra,BEED,1998,Kharif,Cotton(lint),110300,91400,0.828649139
Maharashtra,BEED,1998,Kharif,Groundnut,12400,6900,0.556451613
Maharashtra,BEED,1998,Kharif,Jowar,73600,58000,0.788043478
Maharashtra,BEED,1998,Kharif,Maize,3000,6500,2.166666667
Maharashtra,BEED,1998,Kharif,Moong(Green Gram),17200,7000,0.406976744
Maharashtra,BEED,1998,Kharif,Niger seed,2900,700,0.24137931
Maharashtra,BEED,1998,Kharif,Other Cereals & Millets,100,100,1
Maharashtra,BEED,1998,Kharif,Other Kharif pulses,15800,6700,0.424050633
Maharashtra,BEED,1998,Kharif,Rice,3500,1400,0.4
Maharashtra,BEED,1998,Kharif,Sesamum,7200,1900,0.263888889
Maharashtra,BEED,1998,Kharif,Soyabean,1100,1300,1.181818182
Maharashtra,BEED,1998,Kharif,Sugarcane,20200,2685400,132.9405941
Maharashtra,BEED,1998,Kharif,Sunflower,17600,7300,0.414772727
Maharashtra,BEED,1998,Kharif,Urad,8400,3300,0.392857143
Maharashtra,BEED,1998,Rabi,Gram,23600,11800,0.5
Maharashtra,BEED,1998,Rabi,Jowar,239800,135000,0.562969141
Maharashtra,BEED,1998,Rabi,Linseed,5200,1700,0.326923077
Maharashtra,BEED,1998,Rabi,Maize,2100,2800,1.333333333
Maharashtra,BEED,1998,Rabi,Other  Rabi pulses,2700,1000,0.37037037
Maharashtra,BEED,1998,Rabi,Rapeseed &Mustard,600,200,0.333333333
Maharashtra,BEED,1998,Rabi,Safflower,26300,12600,0.479087452
Maharashtra,BEED,1998,Rabi,Sunflower,28100,11300,0.402135231
Maharashtra,BEED,1998,Rabi,Wheat,40600,46300,1.140394089
Maharashtra,BEED,1998,Summer,Groundnut,3100,3300,1.064516129
Maharashtra,BEED,1998,Summer,Maize,500,700,1.4
Maharashtra,BEED,1998,Summer,Sunflower,1700,1000,0.588235294
Maharashtra,BEED,1999,Kharif,Arhar/Tur,47800,18100,0.378661088
Maharashtra,BEED,1999,Kharif,Bajra,181500,124300,0.684848485
Maharashtra,BEED,1999,Kharif,Castor seed,1700,400,0.235294118
Maharashtra,BEED,1999,Kharif,Cotton(lint),111200,87200,0.784172662
Maharashtra,BEED,1999,Kharif,Groundnut,14400,8800,0.611111111
Maharashtra,BEED,1999,Kharif,Jowar,75200,88900,1.182180851
Maharashtra,BEED,1999,Kharif,Maize,3200,5900,1.84375
Maharashtra,BEED,1999,Kharif,Moong(Green Gram),17200,5300,0.308139535
Maharashtra,BEED,1999,Kharif,Niger seed,2400,600,0.25
Maharashtra,BEED,1999,Kharif,Other Kharif pulses,13200,4100,0.310606061
Maharashtra,BEED,1999,Kharif,Rice,3800,1700,0.447368421
Maharashtra,BEED,1999,Kharif,Sesamum,9200,2900,0.315217391
Maharashtra,BEED,1999,Kharif,Soyabean,2000,3300,1.65
Maharashtra,BEED,1999,Kharif,Sunflower,15400,6700,0.435064935
Maharashtra,BEED,1999,Kharif,Urad,10300,3900,0.378640777
Maharashtra,BEED,1999,Rabi,Gram,25200,12700,0.503968254
Maharashtra,BEED,1999,Rabi,Jowar,250000,156700,0.6268
Maharashtra,BEED,1999,Rabi,Linseed,5400,1800,0.333333333
Maharashtra,BEED,1999,Rabi,Maize,2800,4200,1.5
Maharashtra,BEED,1999,Rabi,Other  Rabi pulses,2900,1400,0.482758621
Maharashtra,BEED,1999,Rabi,Rapeseed &Mustard,1200,400,0.333333333
Maharashtra,BEED,1999,Rabi,Safflower,27300,13600,0.498168498
Maharashtra,BEED,1999,Rabi,Sunflower,27200,18300,0.672794118
Maharashtra,BEED,1999,Rabi,Wheat,38700,47500,1.227390181
Maharashtra,BEED,1999,Summer,Groundnut,3600,3700,1.027777778
Maharashtra,BEED,1999,Summer,Maize,500,800,1.6
Maharashtra,BEED,1999,Summer,Sunflower,1800,900,0.5
Maharashtra,BEED,1999,Whole Year,Sugarcane,32000,2230000,69.6875
Maharashtra,BEED,2000,Kharif,Arhar/Tur,53400,19200,0.359550562
Maharashtra,BEED,2000,Kharif,Bajra,213600,170500,0.798220974
Maharashtra,BEED,2000,Kharif,Castor seed,1400,300,0.214285714
Maharashtra,BEED,2000,Kharif,Cotton(lint),82900,68900,0.831121834
Maharashtra,BEED,2000,Kharif,Groundnut,14500,8400,0.579310345
Maharashtra,BEED,2000,Kharif,Jowar,80200,104700,1.305486284
Maharashtra,BEED,2000,Kharif,Maize,4800,4600,0.958333333
Maharashtra,BEED,2000,Kharif,Moong(Green Gram),17400,5300,0.304597701
Maharashtra,BEED,2000,Kharif,Niger seed,2700,500,0.185185185
Maharashtra,BEED,2000,Kharif,Other Kharif pulses,13200,4800,0.363636364
Maharashtra,BEED,2000,Kharif,Rice,3400,2000,0.588235294
Maharashtra,BEED,2000,Kharif,Sesamum,9900,2400,0.242424242
Maharashtra,BEED,2000,Kharif,Small millets,500,300,0.6
Maharashtra,BEED,2000,Kharif,Soyabean,3300,4400,1.333333333
Maharashtra,BEED,2000,Kharif,Sunflower,15100,7200,0.476821192
Maharashtra,BEED,2000,Kharif,Urad,13000,4000,0.307692308
Maharashtra,BEED,2000,Rabi,Gram,26900,13600,0.505576208
Maharashtra,BEED,2000,Rabi,Jowar,265800,130600,0.491346877
Maharashtra,BEED,2000,Rabi,Linseed,6000,1500,0.25
Maharashtra,BEED,2000,Rabi,Maize,3000,3400,1.133333333
Maharashtra,BEED,2000,Rabi,Other  Rabi pulses,2500,1000,0.4
Maharashtra,BEED,2000,Rabi,Rapeseed &Mustard,600,200,0.333333333
Maharashtra,BEED,2000,Rabi,Safflower,29400,9900,0.336734694
Maharashtra,BEED,2000,Rabi,Sunflower,15500,7500,0.483870968
Maharashtra,BEED,2000,Rabi,Wheat,43000,47100,1.095348837
Maharashtra,BEED,2000,Summer,Groundnut,3500,3100,0.885714286
Maharashtra,BEED,2000,Summer,Sunflower,1700,800,0.470588235
Maharashtra,BEED,2000,Whole Year,Sugarcane,34000,2551900,75.05588235
Maharashtra,BEED,2001,Kharif,Arhar/Tur,44300,11200,0.25282167
Maharashtra,BEED,2001,Kharif,Bajra,151400,74400,0.491413474
Maharashtra,BEED,2001,Kharif,Castor seed,1000,300,0.3
Maharashtra,BEED,2001,Kharif,Cotton(lint),108000,79800,0.738888889
Maharashtra,BEED,2001,Kharif,Groundnut,9800,4700,0.479591837
Maharashtra,BEED,2001,Kharif,Jowar,67600,43400,0.642011834
Maharashtra,BEED,2001,Kharif,Maize,1500,1000,0.666666667
Maharashtra,BEED,2001,Kharif,Moong(Green Gram),14700,2600,0.176870748
Maharashtra,BEED,2001,Kharif,Niger seed,2200,400,0.181818182
Maharashtra,BEED,2001,Kharif,Other Kharif pulses,6200,1700,0.274193548
Maharashtra,BEED,2001,Kharif,Rice,2400,1500,0.625
Maharashtra,BEED,2001,Kharif,Sesamum,6000,1300,0.216666667
Maharashtra,BEED,2001,Kharif,Small millets,300,200,0.666666667
Maharashtra,BEED,2001,Kharif,Soyabean,6900,7400,1.072463768
Maharashtra,BEED,2001,Kharif,Sunflower,4100,1400,0.341463415
Maharashtra,BEED,2001,Kharif,Urad,11000,3800,0.345454545
Maharashtra,BEED,2001,Rabi,Gram,25200,10800,0.428571429
Maharashtra,BEED,2001,Rabi,Jowar,263700,134000,0.508153204
Maharashtra,BEED,2001,Rabi,Linseed,6100,1500,0.245901639
Maharashtra,BEED,2001,Rabi,Maize,2000,3700,1.85
Maharashtra,BEED,2001,Rabi,Other  Rabi pulses,3200,1700,0.53125
Maharashtra,BEED,2001,Rabi,Rapeseed &Mustard,800,200,0.25
Maharashtra,BEED,2001,Rabi,Safflower,30500,13700,0.449180328
Maharashtra,BEED,2001,Rabi,Sunflower,17500,7500,0.428571429
Maharashtra,BEED,2001,Rabi,Wheat,38200,37100,0.971204188
Maharashtra,BEED,2001,Summer,Groundnut,2600,2400,0.923076923
Maharashtra,BEED,2001,Summer,Maize,700,1000,1.428571429
Maharashtra,BEED,2001,Summer,Sunflower,1500,600,0.4
Maharashtra,BEED,2001,Whole Year,Sugarcane,34700,2306000,66.45533141
Maharashtra,BEED,2002,Kharif,Arhar/Tur,49100,17200,0.350305499
Maharashtra,BEED,2002,Kharif,Bajra,187100,156900,0.83858899
Maharashtra,BEED,2002,Kharif,Castor seed,1200,300,0.25
Maharashtra,BEED,2002,Kharif,Cotton(lint),78800,55700,0.706852792
Maharashtra,BEED,2002,Kharif,Groundnut,9300,4700,0.505376344
Maharashtra,BEED,2002,Kharif,Jowar,68900,83300,1.208998549
Maharashtra,BEED,2002,Kharif,Maize,3200,3300,1.03125
Maharashtra,BEED,2002,Kharif,Moong(Green Gram),13300,12500,0.939849624
Maharashtra,BEED,2002,Kharif,Niger seed,2100,500,0.238095238
Maharashtra,BEED,2002,Kharif,Other Kharif pulses,9200,1800,0.195652174
Maharashtra,BEED,2002,Kharif,Rice,2400,600,0.25
Maharashtra,BEED,2002,Kharif,Sesamum,5600,1800,0.321428571
Maharashtra,BEED,2002,Kharif,Small millets,1400,300,0.214285714
Maharashtra,BEED,2002,Kharif,Soyabean,16500,22500,1.363636364
Maharashtra,BEED,2002,Kharif,Sunflower,8300,3900,0.469879518
Maharashtra,BEED,2002,Kharif,Urad,10100,5600,0.554455446
Maharashtra,BEED,2002,Rabi,Gram,21100,10400,0.492890995
Maharashtra,BEED,2002,Rabi,Jowar,247900,145800,0.588140379
Maharashtra,BEED,2002,Rabi,Linseed,4600,1200,0.260869565
Maharashtra,BEED,2002,Rabi,Maize,2000,1300,0.65
Maharashtra,BEED,2002,Rabi,Other  Rabi pulses,2300,900,0.391304348
Maharashtra,BEED,2002,Rabi,Rapeseed &Mustard,700,100,0.142857143
Maharashtra,BEED,2002,Rabi,Safflower,27500,12700,0.461818182
Maharashtra,BEED,2002,Rabi,Sunflower,18900,7900,0.417989418
Maharashtra,BEED,2002,Rabi,Wheat,30900,29700,0.961165049
Maharashtra,BEED,2002,Summer,Groundnut,1900,1800,0.947368421
Maharashtra,BEED,2002,Summer,Maize,400,600,1.5
Maharashtra,BEED,2002,Summer,Sunflower,500,300,0.6
Maharashtra,BEED,2002,Whole Year,Sugarcane,34000,2215000,65.14705882
Maharashtra,BEED,2003,Kharif,Arhar/Tur,44900,10100,0.224944321
Maharashtra,BEED,2003,Kharif,Bajra,180500,100200,0.555124654
Maharashtra,BEED,2003,Kharif,Cotton(lint),94900,59700,0.629083246
Maharashtra,BEED,2003,Kharif,Groundnut,9300,3600,0.387096774
Maharashtra,BEED,2003,Kharif,Jowar,68500,53500,0.781021898
Maharashtra,BEED,2003,Kharif,Maize,3400,2400,0.705882353
Maharashtra,BEED,2003,Kharif,Moong(Green Gram),9000,6500,0.722222222
Maharashtra,BEED,2003,Kharif,Niger seed,1700,300,0.176470588
Maharashtra,BEED,2003,Kharif,Other Kharif pulses,10000,2800,0.28
Maharashtra,BEED,2003,Kharif,other oilseeds,1300,200,0.153846154
Maharashtra,BEED,2003,Kharif,Rice,2500,1000,0.4
Maharashtra,BEED,2003,Kharif,Sesamum,6600,1700,0.257575758
Maharashtra,BEED,2003,Kharif,Small millets,1300,500,0.384615385
Maharashtra,BEED,2003,Kharif,Soyabean,25500,25900,1.015686275
Maharashtra,BEED,2003,Kharif,Sunflower,12900,4800,0.372093023
Maharashtra,BEED,2003,Kharif,Urad,7600,4600,0.605263158
Maharashtra,BEED,2003,Rabi,Gram,24300,8400,0.345679012
Maharashtra,BEED,2003,Rabi,Jowar,253100,68300,0.269853813
Maharashtra,BEED,2003,Rabi,Linseed,4800,800,0.166666667
Maharashtra,BEED,2003,Rabi,Maize,1600,800,0.5
Maharashtra,BEED,2003,Rabi,Other  Rabi pulses,2100,600,0.285714286
Maharashtra,BEED,2003,Rabi,Rapeseed &Mustard,700,100,0.142857143
Maharashtra,BEED,2003,Rabi,Safflower,23300,4500,0.193133047
Maharashtra,BEED,2003,Rabi,Sunflower,18300,5800,0.316939891
Maharashtra,BEED,2003,Rabi,Wheat,26200,13800,0.526717557
Maharashtra,BEED,2003,Summer,Groundnut,600,800,1.333333333
Maharashtra,BEED,2003,Whole Year,Banana,200,13130,65.65
Maharashtra,BEED,2003,Whole Year,Grapes,177,4749,26.83050847
Maharashtra,BEED,2003,Whole Year,Mango,5394,9970,1.848350019
Maharashtra,BEED,2003,Whole Year,Onion,675,3213,4.76
Maharashtra,BEED,2003,Whole Year,Sugarcane,21600,849000,39.30555556
Maharashtra,BEED,2003,Whole Year,Tomato,366,1147,3.133879781
Maharashtra,BEED,2004,Kharif,Arhar/Tur,44300,23900,0.539503386
Maharashtra,BEED,2004,Kharif,Bajra,176200,109100,0.619182747
Maharashtra,BEED,2004,Kharif,Groundnut,7400,4100,0.554054054
Maharashtra,BEED,2004,Kharif,Jowar,55900,33700,0.602862254
Maharashtra,BEED,2004,Kharif,Maize,3100,2500,0.806451613
Maharashtra,BEED,2004,Kharif,Moong(Green Gram),8900,7200,0.808988764
Maharashtra,BEED,2004,Kharif,Niger seed,2000,400,0.2
Maharashtra,BEED,2004,Kharif,Other Cereals & Millets,700,200,0.285714286
Maharashtra,BEED,2004,Kharif,Other Kharif pulses,9100,2300,0.252747253
Maharashtra,BEED,2004,Kharif,other oilseeds,1100,200,0.181818182
Maharashtra,BEED,2004,Kharif,Rice,2300,600,0.260869565
Maharashtra,BEED,2004,Kharif,Sesamum,5600,1200,0.214285714
Maharashtra,BEED,2004,Kharif,Sunflower,11200,5700,0.508928571
Maharashtra,BEED,2004,Kharif,Urad,7500,4800,0.64
Maharashtra,BEED,2004,Rabi,Gram,28300,15000,0.530035336
Maharashtra,BEED,2004,Rabi,Jowar,256700,184300,0.717958707
Maharashtra,BEED,2004,Rabi,Linseed,4500,700,0.155555556
Maharashtra,BEED,2004,Rabi,Maize,1900,2500,1.315789474
Maharashtra,BEED,2004,Rabi,Other  Rabi pulses,2500,1000,0.4
Maharashtra,BEED,2004,Rabi,Rapeseed &Mustard,700,100,0.142857143
Maharashtra,BEED,2004,Rabi,Safflower,24400,12400,0.508196721
Maharashtra,BEED,2004,Rabi,Soyabean,27900,24400,0.874551971
Maharashtra,BEED,2004,Rabi,Sunflower,18200,8500,0.467032967
Maharashtra,BEED,2004,Rabi,Wheat,31900,28000,0.877742947
Maharashtra,BEED,2004,Summer,Groundnut,1500,1700,1.133333333
Maharashtra,BEED,2004,Summer,Maize,300,400,1.333333333
Maharashtra,BEED,2004,Summer,Sunflower,600,300,0.5
Maharashtra,BEED,2004,Whole Year,Cotton(lint),101500,116600,1.148768473
Maharashtra,BEED,2004,Whole Year,Sugarcane,13100,875500,66.83206107
Maharashtra,BEED,2005,Kharif,Arhar/Tur,52100,51600,0.990403071
Maharashtra,BEED,2005,Kharif,Bajra,191300,129300,0.675901725
Maharashtra,BEED,2005,Kharif,Castor seed,2100,1400,0.666666667
Maharashtra,BEED,2005,Kharif,Cotton(lint),138600,161400,1.164502165
Maharashtra,BEED,2005,Kharif,Groundnut,8000,4600,0.575
Maharashtra,BEED,2005,Kharif,Moong(Green Gram),5800,3300,0.568965517
Maharashtra,BEED,2005,Kharif,Niger seed,2000,400,0.2
Maharashtra,BEED,2005,Kharif,Rice,200,900,4.5
Maharashtra,BEED,2005,Kharif,Sesamum,5200,1300,0.25
Maharashtra,BEED,2005,Kharif,Soyabean,36100,39700,1.099722992
Maharashtra,BEED,2005,Kharif,Sugarcane,23400,1613000,68.93162393
Maharashtra,BEED,2005,Kharif,Sunflower,11100,6500,0.585585586
Maharashtra,BEED,2005,Kharif,Urad,6900,5600,0.811594203
Maharashtra,BEED,2005,Rabi,Gram,35200,18800,0.534090909
Maharashtra,BEED,2005,Rabi,Linseed,4300,1400,0.325581395
Maharashtra,BEED,2005,Rabi,Rapeseed &Mustard,900,200,0.222222222
Maharashtra,BEED,2005,Rabi,Safflower,23300,14400,0.618025751
Maharashtra,BEED,2005,Rabi,Sunflower,18200,8700,0.478021978
Maharashtra,BEED,2005,Rabi,Wheat,42700,45000,1.053864169
Maharashtra,BEED,2005,Summer,Groundnut,3700,2900,0.783783784
Maharashtra,BEED,2005,Summer,Sunflower,1100,700,0.636363636
Maharashtra,BEED,2006,Kharif,Arhar/Tur,53200,44800,0.842105263
Maharashtra,BEED,2006,Kharif,Bajra,184100,154100,0.837045084
Maharashtra,BEED,2006,Kharif,Castor seed,1800,300,0.166666667
Maharashtra,BEED,2006,Kharif,Cotton(lint),155400,211400,1.36036036
Maharashtra,BEED,2006,Kharif,Groundnut,8500,5000,0.588235294
Maharashtra,BEED,2006,Kharif,Jowar,50800,55200,1.086614173
Maharashtra,BEED,2006,Kharif,Maize,4000,6300,1.575
Maharashtra,BEED,2006,Kharif,Moong(Green Gram),9300,5800,0.623655914
Maharashtra,BEED,2006,Kharif,Niger seed,2000,400,0.2
Maharashtra,BEED,2006,Kharif,Rice,2000,1500,0.75
Maharashtra,BEED,2006,Kharif,Sesamum,5400,1100,0.203703704
Maharashtra,BEED,2006,Kharif,Soyabean,42100,34500,0.819477435
Maharashtra,BEED,2006,Kharif,Sunflower,11300,6100,0.539823009
Maharashtra,BEED,2006,Kharif,Urad,9600,6200,0.645833333
Maharashtra,BEED,2006,Rabi,Gram,39900,26100,0.654135338
Maharashtra,BEED,2006,Rabi,Jowar,251100,178700,0.711668658
Maharashtra,BEED,2006,Rabi,Linseed,4300,1300,0.302325581
Maharashtra,BEED,2006,Rabi,Maize,2700,7700,2.851851852
Maharashtra,BEED,2006,Rabi,Rapeseed &Mustard,800,200,0.25
Maharashtra,BEED,2006,Rabi,Safflower,23600,13500,0.572033898
Maharashtra,BEED,2006,Rabi,Sunflower,15300,7200,0.470588235
Maharashtra,BEED,2006,Rabi,Wheat,52400,66900,1.276717557
Maharashtra,BEED,2006,Summer,Groundnut,3100,3000,0.967741935
Maharashtra,BEED,2006,Summer,Maize,1000,700,0.7
Maharashtra,BEED,2006,Summer,Sunflower,1100,600,0.545454545
Maharashtra,BEED,2007,Kharif,Arhar/Tur,511,318,0.622309198
Maharashtra,BEED,2007,Kharif,Bajra,1621,1165,0.718692165
Maharashtra,BEED,2007,Kharif,Castor seed,13,5,0.384615385
Maharashtra,BEED,2007,Kharif,Cotton(lint),1882,2888,1.534537726
Maharashtra,BEED,2007,Kharif,Groundnut,78,47,0.602564103
Maharashtra,BEED,2007,Kharif,Jowar,410,360,0.87804878
Maharashtra,BEED,2007,Kharif,Maize,39,44,1.128205128
Maharashtra,BEED,2007,Kharif,Moong(Green Gram),120,52,0.433333333
Maharashtra,BEED,2007,Kharif,Rice,15,7,0.466666667
Maharashtra,BEED,2007,Kharif,Sesamum,55,10,0.181818182
Maharashtra,BEED,2007,Kharif,Soyabean,465,210,0.451612903
Maharashtra,BEED,2007,Kharif,Sunflower,111,56,0.504504505
Maharashtra,BEED,2007,Kharif,Urad,139,92,0.661870504
Maharashtra,BEED,2007,Rabi,Gram,460,334,0.726086957
Maharashtra,BEED,2007,Rabi,Jowar,2426,1963,0.809150866
Maharashtra,BEED,2007,Rabi,Linseed,38,11,0.289473684
Maharashtra,BEED,2007,Rabi,Maize,37,67,1.810810811
Maharashtra,BEED,2007,Rabi,Rapeseed &Mustard,7,2,0.285714286
Maharashtra,BEED,2007,Rabi,Safflower,205,76,0.370731707
Maharashtra,BEED,2007,Rabi,Sunflower,128,78,0.609375
Maharashtra,BEED,2007,Rabi,Wheat,618,897,1.451456311
Maharashtra,BEED,2007,Summer,Groundnut,18,18,1
Maharashtra,BEED,2007,Summer,Maize,6,9,1.5
Maharashtra,BEED,2007,Whole Year,Sugarcane,740,64979,87.80945946
Maharashtra,BEED,2008,Kharif,Arhar/Tur,47800,22600,0.472803347
Maharashtra,BEED,2008,Kharif,Bajra,135000,98100,0.726666667
Maharashtra,BEED,2008,Kharif,Castor seed,1600,200,0.125
Maharashtra,BEED,2008,Kharif,Cotton(lint),205200,208400,1.015594542
Maharashtra,BEED,2008,Kharif,Groundnut,6000,3200,0.533333333
Maharashtra,BEED,2008,Kharif,Jowar,34800,23500,0.675287356
Maharashtra,BEED,2008,Kharif,Maize,8300,8800,1.060240964
Maharashtra,BEED,2008,Kharif,Moong(Green Gram),4400,1100,0.25
Maharashtra,BEED,2008,Kharif,Niger seed,800,100,0.125
Maharashtra,BEED,2008,Kharif,Rice,1000,400,0.4
Maharashtra,BEED,2008,Kharif,Sesamum,3900,600,0.153846154
Maharashtra,BEED,2008,Kharif,Soyabean,71400,14500,0.203081232
Maharashtra,BEED,2008,Kharif,Sugarcane,44400,4065400,91.56306306
Maharashtra,BEED,2008,Kharif,Sunflower,8200,3800,0.463414634
Maharashtra,BEED,2008,Kharif,Urad,5600,2300,0.410714286
Maharashtra,BEED,2008,Rabi,Gram,45100,28700,0.636363636
Maharashtra,BEED,2008,Rabi,Jowar,178200,160700,0.901795735
Maharashtra,BEED,2008,Rabi,Linseed,2400,500,0.208333333
Maharashtra,BEED,2008,Rabi,Maize,26,32,1.230769231
Maharashtra,BEED,2008,Rabi,Rapeseed &Mustard,800,200,0.25
Maharashtra,BEED,2008,Rabi,Safflower,10500,5900,0.561904762
Maharashtra,BEED,2008,Rabi,Sunflower,8000,4400,0.55
Maharashtra,BEED,2008,Rabi,Wheat,65200,80300,1.231595092
Maharashtra,BEED,2008,Whole Year,Sugarcane,44400,4065400,91.56306306
Maharashtra,BEED,2009,Kharif,Arhar/Tur,56100,25600,0.456327986
Maharashtra,BEED,2009,Kharif,Bajra,131700,103300,0.78435839
Maharashtra,BEED,2009,Kharif,Castor seed,400,100,0.25
Maharashtra,BEED,2009,Kharif,Cotton(lint),222800,299600,1.34470377
Maharashtra,BEED,2009,Kharif,Groundnut,5900,3700,0.627118644
Maharashtra,BEED,2009,Kharif,Jowar,32400,23400,0.722222222
Maharashtra,BEED,2009,Kharif,Maize,7300,6400,0.876712329
Maharashtra,BEED,2009,Kharif,Moong(Green Gram),6100,1900,0.31147541
Maharashtra,BEED,2009,Kharif,Niger seed,800,100,0.125
Maharashtra,BEED,2009,Kharif,Rice,600,200,0.333333333
Maharashtra,BEED,2009,Kharif,Sesamum,3300,500,0.151515152
Maharashtra,BEED,2009,Kharif,Soyabean,68800,35400,0.514534884
Maharashtra,BEED,2009,Kharif,Sugarcane,43200,3195300,73.96527778
Maharashtra,BEED,2009,Kharif,Sunflower,5500,2900,0.527272727
Maharashtra,BEED,2009,Kharif,Urad,6800,3800,0.558823529
Maharashtra,BEED,2009,Rabi,Gram,67300,40700,0.604754829
Maharashtra,BEED,2009,Rabi,Jowar,207000,172400,0.832850242
Maharashtra,BEED,2009,Rabi,Linseed,1400,300,0.214285714
Maharashtra,BEED,2009,Rabi,Maize,4300,4500,1.046511628
Maharashtra,BEED,2009,Rabi,Rapeseed &Mustard,700,200,0.285714286
Maharashtra,BEED,2009,Rabi,Safflower,7600,3900,0.513157895
Maharashtra,BEED,2009,Rabi,Sunflower,5000,3000,0.6
Maharashtra,BEED,2009,Rabi,Wheat,67000,91900,1.371641791
Maharashtra,BEED,2010,Kharif,Arhar/Tur,62400,34100,0.546474359
Maharashtra,BEED,2010,Kharif,Bajra,122500,112800,0.920816327
Maharashtra,BEED,2010,Kharif,Castor seed,900,400,0.444444444
Maharashtra,BEED,2010,Kharif,Cotton(lint),276800,422200,1.525289017
Maharashtra,BEED,2010,Kharif,Groundnut,4900,3000,0.612244898
Maharashtra,BEED,2010,Kharif,Jowar,33600,43600,1.297619048
Maharashtra,BEED,2010,Kharif,Maize,5400,8400,1.555555556
Maharashtra,BEED,2010,Kharif,Moong(Green Gram),11300,8400,0.743362832
Maharashtra,BEED,2010,Kharif,Niger seed,800,200,0.25
Maharashtra,BEED,2010,Kharif,Rice,800,300,0.375
Maharashtra,BEED,2010,Kharif,Sesamum,2400,600,0.25
Maharashtra,BEED,2010,Kharif,Soyabean,70400,96600,1.372159091
Maharashtra,BEED,2010,Kharif,Sugarcane,58800,3874900,65.89965986
Maharashtra,BEED,2010,Kharif,Sunflower,3700,2200,0.594594595
Maharashtra,BEED,2010,Kharif,Urad,13700,12000,0.875912409
Maharashtra,BEED,2010,Rabi,Gram,57800,40600,0.702422145
Maharashtra,BEED,2010,Rabi,Jowar,194400,140400,0.722222222
Maharashtra,BEED,2010,Rabi,Linseed,1400,300,0.214285714
Maharashtra,BEED,2010,Rabi,Maize,3300,4900,1.484848485
Maharashtra,BEED,2010,Rabi,Rapeseed &Mustard,400,100,0.25
Maharashtra,BEED,2010,Rabi,Safflower,6100,2500,0.409836066
Maharashtra,BEED,2010,Rabi,Sunflower,3600,1600,0.444444444
Maharashtra,BEED,2010,Rabi,Wheat,63600,82500,1.297169811
Maharashtra,BEED,2011,Kharif,Arhar/Tur,50200,28800,0.573705179
Maharashtra,BEED,2011,Kharif,Bajra,107100,108900,1.016806723
Maharashtra,BEED,2011,Kharif,Castor seed,1000,300,0.3
Maharashtra,BEED,2011,Kharif,Cotton(lint),329000,418900,1.27325228
Maharashtra,BEED,2011,Kharif,Groundnut,3700,2500,0.675675676
Maharashtra,BEED,2011,Kharif,Jowar,28800,32800,1.138888889
Maharashtra,BEED,2011,Kharif,Maize,4600,5700,1.239130435
Maharashtra,BEED,2011,Kharif,Moong(Green Gram),3100,1700,0.548387097
Maharashtra,BEED,2011,Kharif,Niger seed,600,100,0.166666667
Maharashtra,BEED,2011,Kharif,Other Kharif pulses,2300,900,0.391304348
Maharashtra,BEED,2011,Kharif,Rice,600,300,0.5
Maharashtra,BEED,2011,Kharif,Sesamum,1900,500,0.263157895
Maharashtra,BEED,2011,Kharif,Soyabean,76400,118100,1.545811518
Maharashtra,BEED,2011,Kharif,Sunflower,1900,1100,0.578947368
Maharashtra,BEED,2011,Kharif,Urad,10300,8800,0.854368932
Maharashtra,BEED,2011,Rabi,Gram,39600,24200,0.611111111
Maharashtra,BEED,2011,Rabi,Jowar,170400,117700,0.6907277
Maharashtra,BEED,2011,Rabi,Linseed,800,200,0.25
Maharashtra,BEED,2011,Rabi,Maize,1800,2100,1.166666667
Maharashtra,BEED,2011,Rabi,Other  Rabi pulses,1800,700,0.388888889
Maharashtra,BEED,2011,Rabi,Rapeseed &Mustard,300,100,0.333333333
Maharashtra,BEED,2011,Rabi,Safflower,3800,1200,0.315789474
Maharashtra,BEED,2011,Rabi,Sunflower,1200,500,0.416666667
Maharashtra,BEED,2011,Rabi,Wheat,39800,52800,1.326633166
Maharashtra,BEED,2011,Summer,Groundnut,4200,4800,1.142857143
Maharashtra,BEED,2011,Summer,Maize,2200,2100,0.954545455
Maharashtra,BEED,2011,Summer,Sunflower,500,300,0.6
Maharashtra,BEED,2011,Whole Year,Sugarcane,53600,3487500,65.06529851
Maharashtra,BEED,2012,Kharif,Arhar/Tur,50200,20300,0.40438247
Maharashtra,BEED,2012,Kharif,Bajra,107100,69000,0.644257703
Maharashtra,BEED,2012,Kharif,Castor seed,1200,300,0.25
Maharashtra,BEED,2012,Kharif,Cotton(lint),329000,341000,1.036474164
Maharashtra,BEED,2012,Kharif,Groundnut,3700,1700,0.459459459
Maharashtra,BEED,2012,Kharif,Jowar,28800,30300,1.052083333
Maharashtra,BEED,2012,Kharif,Maize,4600,3600,0.782608696
Maharashtra,BEED,2012,Kharif,Moong(Green Gram),3100,700,0.225806452
Maharashtra,BEED,2012,Kharif,Niger seed,600,100,0.166666667
Maharashtra,BEED,2012,Kharif,Other Kharif pulses,2300,400,0.173913043
Maharashtra,BEED,2012,Kharif,Rice,600,300,0.5
Maharashtra,BEED,2012,Kharif,Sesamum,1900,500,0.263157895
Maharashtra,BEED,2012,Kharif,Soyabean,76400,127000,1.662303665
Maharashtra,BEED,2012,Kharif,Sunflower,1900,800,0.421052632
Maharashtra,BEED,2012,Kharif,Urad,10300,2100,0.203883495
Maharashtra,BEED,2012,Rabi,Gram,39900,19900,0.498746867
Maharashtra,BEED,2012,Rabi,Jowar,186500,48200,0.25844504
Maharashtra,BEED,2012,Rabi,Linseed,700,100,0.142857143
Maharashtra,BEED,2012,Rabi,Maize,5800,3800,0.655172414
Maharashtra,BEED,2012,Rabi,Other  Rabi pulses,300,100,0.333333333
Maharashtra,BEED,2012,Rabi,Rapeseed &Mustard,400,100,0.25
Maharashtra,BEED,2012,Rabi,Safflower,2600,900,0.346153846
Maharashtra,BEED,2012,Rabi,Sunflower,700,200,0.285714286
Maharashtra,BEED,2012,Rabi,Wheat,27700,27000,0.974729242
Maharashtra,BEED,2012,Summer,Groundnut,1400,1300,0.928571429
Maharashtra,BEED,2012,Summer,Maize,200,200,1
Maharashtra,BEED,2012,Whole Year,Sugarcane,51400,2817000,54.80544747
Maharashtra,BEED,2013,Kharif,Arhar/Tur,56400,37700,0.668439716
Maharashtra,BEED,2013,Kharif,Bajra,122100,130300,1.067158067
Maharashtra,BEED,2013,Kharif,Cotton(lint),338600,546400,1.613703485
Maharashtra,BEED,2013,Kharif,Groundnut,5900,5000,0.847457627
Maharashtra,BEED,2013,Kharif,Jowar,18100,23100,1.276243094
Maharashtra,BEED,2013,Kharif,Maize,5200,6900,1.326923077
Maharashtra,BEED,2013,Kharif,Moong(Green Gram),3100,1900,0.612903226
Maharashtra,BEED,2013,Kharif,Niger seed,600,200,0.333333333
Maharashtra,BEED,2013,Kharif,Other Kharif pulses,2600,1600,0.615384615
Maharashtra,BEED,2013,Kharif,Rice,500,300,0.6
Maharashtra,BEED,2013,Kharif,Sesamum,2400,800,0.333333333
Maharashtra,BEED,2013,Kharif,Soyabean,93500,174200,1.863101604
Maharashtra,BEED,2013,Kharif,Sunflower,1800,900,0.5
Maharashtra,BEED,2013,Kharif,Urad,13700,8400,0.613138686
Maharashtra,BEED,2013,Rabi,Gram,63400,47260,0.745425868
Maharashtra,BEED,2013,Rabi,Jowar,262300,170200,0.648875334
Maharashtra,BEED,2013,Rabi,Linseed,800,250,0.3125
Maharashtra,BEED,2013,Rabi,Maize,9200,11500,1.25
Maharashtra,BEED,2013,Rabi,Other  Rabi pulses,100,,
Maharashtra,BEED,2013,Rabi,Safflower,3500,5140,1.468571429
Maharashtra,BEED,2013,Rabi,Sunflower,700,420,0.6
Maharashtra,BEED,2013,Rabi,Wheat,57800,57100,0.987889273
Maharashtra,BEED,2013,Summer,Groundnut,1800,2000,1.111111111
Maharashtra,BEED,2013,Summer,Maize,800,800,1
Maharashtra,BEED,2013,Whole Year,Sugarcane,46000,2567300,55.81086957
Maharashtra,BEED,2014,Kharif,Arhar/Tur,60600,10200,0.168316832
Maharashtra,BEED,2014,Kharif,Bajra,127100,56200,0.442171518
Maharashtra,BEED,2014,Kharif,Castor seed,3300,700,0.212121212
Maharashtra,BEED,2014,Kharif,Cotton(lint),373300,167600,0.448968658
Maharashtra,BEED,2014,Kharif,Groundnut,10800,2600,0.240740741
Maharashtra,BEED,2014,Kharif,Jowar,19400,10300,0.530927835
Maharashtra,BEED,2014,Kharif,Maize,6200,4700,0.758064516
Maharashtra,BEED,2014,Kharif,Moong(Green Gram),5000,1200,0.24
Maharashtra,BEED,2014,Kharif,Niger seed,800,100,0.125
Maharashtra,BEED,2014,Kharif,Other Kharif pulses,2000,400,0.2
Maharashtra,BEED,2014,Kharif,Rice,400,100,0.25
Maharashtra,BEED,2014,Kharif,Sesamum,2900,500,0.172413793
Maharashtra,BEED,2014,Kharif,Soyabean,113400,39900,0.351851852
Maharashtra,BEED,2014,Kharif,Sunflower,1700,600,0.352941176
Maharashtra,BEED,2014,Rabi,Gram,64400,24000,0.372670807
Maharashtra,BEED,2014,Rabi,Jowar,250400,134800,0.538338658
Maharashtra,BEED,2014,Rabi,Linseed,700,100,0.142857143
Maharashtra,BEED,2014,Rabi,Maize,8500,5900,0.694117647
Maharashtra,BEED,2014,Rabi,Safflower,1900,300,0.157894737
Maharashtra,BEED,2014,Rabi,Sunflower,500,100,0.2
Maharashtra,BEED,2014,Rabi,Wheat,59100,40000,0.676818951
Maharashtra,BEED,2014,Summer,Groundnut,1600,1000,0.625
Maharashtra,BEED,2014,Summer,Maize,1300,600,0.461538462
Maharashtra,BEED,2014,Whole Year,Sugarcane,37600,1723500,45.83776596
Maharashtra,BHANDARA,1997,Kharif,Arhar/Tur,10200,2700,0.264705882
Maharashtra,BHANDARA,1997,Kharif,Gram,8400,1800,0.214285714
Maharashtra,BHANDARA,1997,Kharif,Jowar,300,200,0.666666667
Maharashtra,BHANDARA,1997,Kharif,Maize,200,100,0.5
Maharashtra,BHANDARA,1997,Kharif,Moong(Green Gram),600,200,0.333333333
Maharashtra,BHANDARA,1997,Kharif,Pulses total,163,49,0.300613497
Maharashtra,BHANDARA,1997,Kharif,Rice,306900,381500,1.24307592
Maharashtra,BHANDARA,1997,Kharif,Total foodgrain,3247,3873,1.192793348
Maharashtra,BHANDARA,1997,Kharif,Urad,2300,900,0.391304348
Maharashtra,BHANDARA,1997,Rabi,Jowar,3900,800,0.205128205
Maharashtra,BHANDARA,1997,Rabi,Other  Rabi pulses,3990,123,0.030827068
Maharashtra,BHANDARA,1997,Rabi,Wheat,18300,6200,0.338797814
Maharashtra,BHANDARA,1997,Summer,Rice,128,193,1.5078125
Maharashtra,BHANDARA,1998,Kharif,Arhar/Tur,10100,7600,0.752475248
Maharashtra,BHANDARA,1998,Kharif,Castor seed,300,100,0.333333333
Maharashtra,BHANDARA,1998,Kharif,Groundnut,200,200,1
Maharashtra,BHANDARA,1998,Kharif,Maize,200,400,2
Maharashtra,BHANDARA,1998,Kharif,Moong(Green Gram),600,300,0.5
Maharashtra,BHANDARA,1998,Kharif,Other Cereals & Millets,900,600,0.666666667
Maharashtra,BHANDARA,1998,Kharif,Other Kharif pulses,2400,900,0.375
Maharashtra,BHANDARA,1998,Kharif,Rice,311400,365800,1.174694926
Maharashtra,BHANDARA,1998,Kharif,Sesamum,1800,600,0.333333333
Maharashtra,BHANDARA,1998,Kharif,Soyabean,11900,20000,1.680672269
Maharashtra,BHANDARA,1998,Kharif,Sugarcane,700,59300,84.71428571
Maharashtra,BHANDARA,1998,Kharif,Urad,1700,500,0.294117647
Maharashtra,BHANDARA,1998,Rabi,Gram,9400,4400,0.468085106
Maharashtra,BHANDARA,1998,Rabi,Jowar,2300,900,0.391304348
Maharashtra,BHANDARA,1998,Rabi,Linseed,16300,3500,0.214723926
Maharashtra,BHANDARA,1998,Rabi,Other  Rabi pulses,28600,12000,0.41958042
Maharashtra,BHANDARA,1998,Rabi,Rapeseed &Mustard,1700,300,0.176470588
Maharashtra,BHANDARA,1998,Rabi,Safflower,200,100,0.5
Maharashtra,BHANDARA,1998,Rabi,Sesamum,500,100,0.2
Maharashtra,BHANDARA,1998,Rabi,Wheat,21100,14700,0.696682464
Maharashtra,BHANDARA,1998,Summer,Groundnut,200,200,1
Maharashtra,BHANDARA,1998,Summer,Rice,13500,21100,1.562962963
Maharashtra,BHANDARA,1999,Kharif,Arhar/Tur,6100,5400,0.885245902
Maharashtra,BHANDARA,1999,Kharif,Castor seed,800,300,0.375
Maharashtra,BHANDARA,1999,Kharif,Groundnut,100,100,1
Maharashtra,BHANDARA,1999,Kharif,Moong(Green Gram),600,200,0.333333333
Maharashtra,BHANDARA,1999,Kharif,Other Kharif pulses,300,300,1
Maharashtra,BHANDARA,1999,Kharif,Rice,141000,218200,1.54751773
Maharashtra,BHANDARA,1999,Kharif,Sesamum,900,300,0.333333333
Maharashtra,BHANDARA,1999,Kharif,Soyabean,11600,15700,1.353448276
Maharashtra,BHANDARA,1999,Kharif,Urad,1100,300,0.272727273
Maharashtra,BHANDARA,1999,Rabi,Gram,6000,2600,0.433333333
Maharashtra,BHANDARA,1999,Rabi,Jowar,1400,600,0.428571429
Maharashtra,BHANDARA,1999,Rabi,Linseed,7100,2000,0.281690141
Maharashtra,BHANDARA,1999,Rabi,Other  Rabi pulses,35200,16700,0.474431818
Maharashtra,BHANDARA,1999,Rabi,Rapeseed &Mustard,400,100,0.25
Maharashtra,BHANDARA,1999,Rabi,Safflower,100,100,1
Maharashtra,BHANDARA,1999,Rabi,Sesamum,300,100,0.333333333
Maharashtra,BHANDARA,1999,Rabi,Wheat,17500,14100,0.805714286
Maharashtra,BHANDARA,1999,Summer,Groundnut,200,200,1
Maharashtra,BHANDARA,1999,Summer,Rice,5500,11400,2.072727273
Maharashtra,BHANDARA,1999,Whole Year,Sugarcane,1100,96300,87.54545455
Maharashtra,BHANDARA,2000,Kharif,Arhar/Tur,5600,4300,0.767857143
Maharashtra,BHANDARA,2000,Kharif,Castor seed,100,10,0.1
Maharashtra,BHANDARA,2000,Kharif,Groundnut,100,100,1
Maharashtra,BHANDARA,2000,Kharif,Moong(Green Gram),600,300,0.5
Maharashtra,BHANDARA,2000,Kharif,Other Kharif pulses,100,100,1
Maharashtra,BHANDARA,2000,Kharif,Rice,138800,139700,1.00648415
Maharashtra,BHANDARA,2000,Kharif,Sesamum,800,200,0.25
Maharashtra,BHANDARA,2000,Kharif,Small millets,600,400,0.666666667
Maharashtra,BHANDARA,2000,Kharif,Soyabean,9700,7700,0.793814433
Maharashtra,BHANDARA,2000,Kharif,Urad,500,200,0.4
Maharashtra,BHANDARA,2000,Rabi,Gram,3700,1500,0.405405405
Maharashtra,BHANDARA,2000,Rabi,Jowar,1500,400,0.266666667
Maharashtra,BHANDARA,2000,Rabi,Linseed,4800,1100,0.229166667
Maharashtra,BHANDARA,2000,Rabi,Other  Rabi pulses,12900,4900,0.379844961
Maharashtra,BHANDARA,2000,Rabi,Rapeseed &Mustard,300,100,0.333333333
Maharashtra,BHANDARA,2000,Rabi,Sesamum,100,100,1
Maharashtra,BHANDARA,2000,Rabi,Wheat,10900,7600,0.697247706
Maharashtra,BHANDARA,2000,Summer,Groundnut,200,400,2
Maharashtra,BHANDARA,2000,Summer,Rice,3500,7200,2.057142857
Maharashtra,BHANDARA,2000,Whole Year,Sugarcane,1500,108800,72.53333333
Maharashtra,BHANDARA,2001,Kharif,Arhar/Tur,5700,6100,1.070175439
Maharashtra,BHANDARA,2001,Kharif,Castor seed,100,100,1
Maharashtra,BHANDARA,2001,Kharif,Moong(Green Gram),300,200,0.666666667
Maharashtra,BHANDARA,2001,Kharif,Rice,142400,195500,1.372893258
Maharashtra,BHANDARA,2001,Kharif,Sesamum,900,300,0.333333333
Maharashtra,BHANDARA,2001,Kharif,Small millets,100,100,1
Maharashtra,BHANDARA,2001,Kharif,Soyabean,7200,8200,1.138888889
Maharashtra,BHANDARA,2001,Kharif,Urad,100,100,1
Maharashtra,BHANDARA,2001,Rabi,Gram,3800,2100,0.552631579
Maharashtra,BHANDARA,2001,Rabi,Jowar,900,400,0.444444444
Maharashtra,BHANDARA,2001,Rabi,Linseed,5100,900,0.176470588
Maharashtra,BHANDARA,2001,Rabi,Other  Rabi pulses,16600,8400,0.506024096
Maharashtra,BHANDARA,2001,Rabi,Rapeseed &Mustard,100,10,0.1
Maharashtra,BHANDARA,2001,Rabi,Sesamum,100,100,1
Maharashtra,BHANDARA,2001,Rabi,Wheat,10700,10900,1.018691589
Maharashtra,BHANDARA,2001,Summer,Rice,4000,8600,2.15
Maharashtra,BHANDARA,2001,Whole Year,Sugarcane,1400,51800,37
Maharashtra,BHANDARA,2002,Kharif,Arhar/Tur,7100,6300,0.887323944
Maharashtra,BHANDARA,2002,Kharif,Castor seed,300,100,0.333333333
Maharashtra,BHANDARA,2002,Kharif,Groundnut,200,100,0.5
Maharashtra,BHANDARA,2002,Kharif,Jowar,100,100,1
Maharashtra,BHANDARA,2002,Kharif,Maize,100,200,2
Maharashtra,BHANDARA,2002,Kharif,Moong(Green Gram),300,100,0.333333333
Maharashtra,BHANDARA,2002,Kharif,Other Kharif pulses,400,100,0.25
Maharashtra,BHANDARA,2002,Kharif,Rice,168600,190500,1.129893238
Maharashtra,BHANDARA,2002,Kharif,Sesamum,800,100,0.125
Maharashtra,BHANDARA,2002,Kharif,Small millets,100,100,1
Maharashtra,BHANDARA,2002,Kharif,Soyabean,9300,9700,1.043010753
Maharashtra,BHANDARA,2002,Kharif,Urad,200,100,0.5
Maharashtra,BHANDARA,2002,Rabi,Gram,3800,1600,0.421052632
Maharashtra,BHANDARA,2002,Rabi,Jowar,800,300,0.375
Maharashtra,BHANDARA,2002,Rabi,Linseed,3200,500,0.15625
Maharashtra,BHANDARA,2002,Rabi,Other  Rabi pulses,11600,4800,0.413793103
Maharashtra,BHANDARA,2002,Rabi,Rapeseed &Mustard,400,100,0.25
Maharashtra,BHANDARA,2002,Rabi,Sesamum,100,10,0.1
Maharashtra,BHANDARA,2002,Rabi,Wheat,10600,7600,0.716981132
Maharashtra,BHANDARA,2002,Summer,Groundnut,100,100,1
Maharashtra,BHANDARA,2002,Summer,Rice,3300,6900,2.090909091
Maharashtra,BHANDARA,2002,Whole Year,Sugarcane,1400,67000,47.85714286
Maharashtra,BHANDARA,2003,Kharif,Arhar/Tur,7300,6900,0.945205479
Maharashtra,BHANDARA,2003,Kharif,Groundnut,100,100,1
Maharashtra,BHANDARA,2003,Kharif,Jowar,100,100,1
Maharashtra,BHANDARA,2003,Kharif,Maize,100,200,2
Maharashtra,BHANDARA,2003,Kharif,Moong(Green Gram),300,100,0.333333333
Maharashtra,BHANDARA,2003,Kharif,Rice,170000,264200,1.554117647
Maharashtra,BHANDARA,2003,Kharif,Sesamum,900,200,0.222222222
Maharashtra,BHANDARA,2003,Kharif,Soyabean,8200,13800,1.682926829
Maharashtra,BHANDARA,2003,Kharif,Urad,200,100,0.5
Maharashtra,BHANDARA,2003,Rabi,Gram,4000,2200,0.55
Maharashtra,BHANDARA,2003,Rabi,Jowar,400,200,0.5
Maharashtra,BHANDARA,2003,Rabi,Linseed,3200,900,0.28125
Maharashtra,BHANDARA,2003,Rabi,Other  Rabi pulses,19600,7600,0.387755102
Maharashtra,BHANDARA,2003,Rabi,Rapeseed &Mustard,100,0,0
Maharashtra,BHANDARA,2003,Rabi,Sesamum,100,0,0
Maharashtra,BHANDARA,2003,Rabi,Wheat,10000,9600,0.96
Maharashtra,BHANDARA,2003,Summer,Groundnut,100,100,1
Maharashtra,BHANDARA,2003,Summer,Rice,3300,7700,2.333333333
Maharashtra,BHANDARA,2003,Whole Year,Banana,100,2420,24.2
Maharashtra,BHANDARA,2003,Whole Year,Mango,6795,12560,1.848417954
Maharashtra,BHANDARA,2003,Whole Year,Onion,202,2519,12.47029703
Maharashtra,BHANDARA,2003,Whole Year,Sugarcane,1500,71000,47.33333333
Maharashtra,BHANDARA,2003,Whole Year,Tomato,750,2407,3.209333333
Maharashtra,BHANDARA,2004,Kharif,Arhar/Tur,7200,4400,0.611111111
Maharashtra,BHANDARA,2004,Kharif,Groundnut,100,100,1
Maharashtra,BHANDARA,2004,Kharif,Maize,100,100,1
Maharashtra,BHANDARA,2004,Kharif,Moong(Green Gram),400,200,0.5
Maharashtra,BHANDARA,2004,Kharif,Rice,164100,119700,0.729433272
Maharashtra,BHANDARA,2004,Kharif,Sesamum,800,100,0.125
Maharashtra,BHANDARA,2004,Kharif,Urad,300,100,0.333333333
Maharashtra,BHANDARA,2004,Rabi,Gram,2500,800,0.32
Maharashtra,BHANDARA,2004,Rabi,Jowar,200,100,0.5
Maharashtra,BHANDARA,2004,Rabi,Linseed,1600,200,0.125
Maharashtra,BHANDARA,2004,Rabi,Other  Rabi pulses,9700,2100,0.216494845
Maharashtra,BHANDARA,2004,Rabi,Rapeseed &Mustard,200,100,0.5
Maharashtra,BHANDARA,2004,Rabi,Sesamum,100,0,0
Maharashtra,BHANDARA,2004,Rabi,Soyabean,9500,8900,0.936842105
Maharashtra,BHANDARA,2004,Rabi,Wheat,5800,4300,0.74137931
Maharashtra,BHANDARA,2004,Summer,Groundnut,100,100,1
Maharashtra,BHANDARA,2004,Summer,Rice,1800,4400,2.444444444
Maharashtra,BHANDARA,2004,Whole Year,Sugarcane,1000,58500,58.5
Maharashtra,BHANDARA,2005,Kharif,Arhar/Tur,7300,5700,0.780821918
Maharashtra,BHANDARA,2005,Kharif,Castor seed,100,300,3
Maharashtra,BHANDARA,2005,Kharif,Moong(Green Gram),300,100,0.333333333
Maharashtra,BHANDARA,2005,Kharif,Rice,168400,283700,1.684679335
Maharashtra,BHANDARA,2005,Kharif,Sesamum,700,100,0.142857143
Maharashtra,BHANDARA,2005,Kharif,Soyabean,8500,7600,0.894117647
Maharashtra,BHANDARA,2005,Kharif,Sugarcane,500,19000,38
Maharashtra,BHANDARA,2005,Kharif,Urad,200,100,0.5
Maharashtra,BHANDARA,2005,Rabi,Gram,5000,2400,0.48
Maharashtra,BHANDARA,2005,Rabi,Linseed,3700,1100,0.297297297
Maharashtra,BHANDARA,2005,Rabi,Rapeseed &Mustard,600,200,0.333333333
Maharashtra,BHANDARA,2005,Rabi,Wheat,10300,9400,0.912621359
Maharashtra,BHANDARA,2005,Summer,Groundnut,200,100,0.5
Maharashtra,BHANDARA,2005,Summer,Rice,4600,6600,1.434782609
Maharashtra,BHANDARA,2006,Kharif,Arhar/Tur,7900,4500,0.569620253
Maharashtra,BHANDARA,2006,Kharif,Groundnut,100,100,1
Maharashtra,BHANDARA,2006,Kharif,Maize,100,200,2
Maharashtra,BHANDARA,2006,Kharif,Moong(Green Gram),300,200,0.666666667
Maharashtra,BHANDARA,2006,Kharif,Rice,175800,255000,1.450511945
Maharashtra,BHANDARA,2006,Kharif,Sesamum,700,100,0.142857143
Maharashtra,BHANDARA,2006,Kharif,Soyabean,8600,7200,0.837209302
Maharashtra,BHANDARA,2006,Kharif,Urad,200,100,0.5
Maharashtra,BHANDARA,2006,Rabi,Gram,8300,5300,0.638554217
Maharashtra,BHANDARA,2006,Rabi,Jowar,100,100,1
Maharashtra,BHANDARA,2006,Rabi,Linseed,3800,1000,0.263157895
Maharashtra,BHANDARA,2006,Rabi,Rapeseed &Mustard,200,100,0.5
Maharashtra,BHANDARA,2006,Rabi,Sesamum,100,100,1
Maharashtra,BHANDARA,2006,Rabi,Wheat,13200,12400,0.939393939
Maharashtra,BHANDARA,2006,Summer,Groundnut,200,200,1
Maharashtra,BHANDARA,2006,Summer,Rice,4600,8700,1.891304348
Maharashtra,BHANDARA,2006,Summer,Sunflower,100,100,1
Maharashtra,BHANDARA,2007,Kharif,Arhar/Tur,87,74,0.850574713
Maharashtra,BHANDARA,2007,Kharif,Maize,1,3,3
Maharashtra,BHANDARA,2007,Kharif,Moong(Green Gram),2,1,0.5
Maharashtra,BHANDARA,2007,Kharif,Rice,1769,3174,1.794234031
Maharashtra,BHANDARA,2007,Kharif,Sesamum,7,2,0.285714286
Maharashtra,BHANDARA,2007,Kharif,Soyabean,90,103,1.144444444
Maharashtra,BHANDARA,2007,Kharif,Urad,2,1,0.5
Maharashtra,BHANDARA,2007,Rabi,Gram,100,64,0.64
Maharashtra,BHANDARA,2007,Rabi,Linseed,50,15,0.3
Maharashtra,BHANDARA,2007,Rabi,Rapeseed &Mustard,3,2,0.666666667
Maharashtra,BHANDARA,2007,Rabi,Sesamum,1,1,1
Maharashtra,BHANDARA,2007,Summer,Groundnut,2,3,1.5
Maharashtra,BHANDARA,2007,Summer,Sunflower,2,1,0.5
Maharashtra,BHANDARA,2007,Whole Year,Sugarcane,18,846,47
Maharashtra,BHANDARA,2008,Kharif,Arhar/Tur,8100,4700,0.580246914
Maharashtra,BHANDARA,2008,Kharif,Moong(Green Gram),200,100,0.5
Maharashtra,BHANDARA,2008,Kharif,Rice,175100,126200,0.720731011
Maharashtra,BHANDARA,2008,Kharif,Sesamum,400,100,0.25
Maharashtra,BHANDARA,2008,Kharif,Soyabean,8400,10000,1.19047619
Maharashtra,BHANDARA,2008,Kharif,Sugarcane,2500,114900,45.96
Maharashtra,BHANDARA,2008,Kharif,Urad,100,100,1
Maharashtra,BHANDARA,2008,Rabi,Gram,6000,3000,0.5
Maharashtra,BHANDARA,2008,Rabi,Linseed,2700,800,0.296296296
Maharashtra,BHANDARA,2008,Rabi,Rapeseed &Mustard,100,100,1
Maharashtra,BHANDARA,2008,Rabi,Wheat,6700,5600,0.835820896
Maharashtra,BHANDARA,2008,Whole Year,Sugarcane,2500,114900,45.96
Maharashtra,BHANDARA,2009,Kharif,Arhar/Tur,7700,5400,0.701298701
Maharashtra,BHANDARA,2009,Kharif,Moong(Green Gram),200,200,1
Maharashtra,BHANDARA,2009,Kharif,Rice,175200,174800,0.997716895
Maharashtra,BHANDARA,2009,Kharif,Sesamum,300,100,0.333333333
Maharashtra,BHANDARA,2009,Kharif,Soyabean,7900,6400,0.810126582
Maharashtra,BHANDARA,2009,Kharif,Sugarcane,1200,54900,45.75
Maharashtra,BHANDARA,2009,Kharif,Urad,100,100,1
Maharashtra,BHANDARA,2009,Rabi,Gram,7600,4400,0.578947368
Maharashtra,BHANDARA,2009,Rabi,Linseed,3700,1100,0.297297297
Maharashtra,BHANDARA,2009,Rabi,Rapeseed &Mustard,200,100,0.5
Maharashtra,BHANDARA,2009,Rabi,Sesamum,100,23,0.23
Maharashtra,BHANDARA,2009,Rabi,Wheat,9600,10300,1.072916667
Maharashtra,BHANDARA,2010,Kharif,Arhar/Tur,8800,8300,0.943181818
Maharashtra,BHANDARA,2010,Kharif,Moong(Green Gram),200,100,0.5
Maharashtra,BHANDARA,2010,Kharif,Rice,181500,258800,1.425895317
Maharashtra,BHANDARA,2010,Kharif,Sesamum,400,200,0.5
Maharashtra,BHANDARA,2010,Kharif,Soyabean,7000,12100,1.728571429
Maharashtra,BHANDARA,2010,Kharif,Sugarcane,1100,59600,54.18181818
Maharashtra,BHANDARA,2010,Kharif,Urad,100,100,1
Maharashtra,BHANDARA,2010,Rabi,Gram,8500,5800,0.682352941
Maharashtra,BHANDARA,2010,Rabi,Linseed,4000,1400,0.35
Maharashtra,BHANDARA,2010,Rabi,Rapeseed &Mustard,300,100,0.333333333
Maharashtra,BHANDARA,2010,Rabi,Sesamum,100,29,0.29
Maharashtra,BHANDARA,2010,Rabi,Wheat,11500,12500,1.086956522
Maharashtra,BHANDARA,2011,Kharif,Arhar/Tur,9200,8000,0.869565217
Maharashtra,BHANDARA,2011,Kharif,Moong(Green Gram),200,100,0.5
Maharashtra,BHANDARA,2011,Kharif,Other Kharif pulses,100,30,0.3
Maharashtra,BHANDARA,2011,Kharif,Rice,180300,308200,1.709373267
Maharashtra,BHANDARA,2011,Kharif,Sesamum,400,100,0.25
Maharashtra,BHANDARA,2011,Kharif,Soyabean,6900,4700,0.68115942
Maharashtra,BHANDARA,2011,Kharif,Urad,100,30,0.3
Maharashtra,BHANDARA,2011,Rabi,Gram,8000,5600,0.7
Maharashtra,BHANDARA,2011,Rabi,Linseed,3300,700,0.212121212
Maharashtra,BHANDARA,2011,Rabi,Other  Rabi pulses,16400,8200,0.5
Maharashtra,BHANDARA,2011,Rabi,Rapeseed &Mustard,300,100,0.333333333
Maharashtra,BHANDARA,2011,Rabi,Wheat,11600,12700,1.094827586
Maharashtra,BHANDARA,2011,Summer,Groundnut,100,40,0.4
Maharashtra,BHANDARA,2011,Summer,Rice,5000,12700,2.54
Maharashtra,BHANDARA,2011,Whole Year,Sugarcane,3000,231700,77.23333333
Maharashtra,BHANDARA,2012,Kharif,Arhar/Tur,8900,9500,1.06741573
Maharashtra,BHANDARA,2012,Kharif,Moong(Green Gram),100,100,1
Maharashtra,BHANDARA,2012,Kharif,Rice,177200,360500,2.034424379
Maharashtra,BHANDARA,2012,Kharif,Sesamum,400,200,0.5
Maharashtra,BHANDARA,2012,Kharif,Soyabean,7100,5700,0.802816901
Maharashtra,BHANDARA,2012,Kharif,Urad,100,100,1
Maharashtra,BHANDARA,2012,Rabi,Gram,8600,4300,0.5
Maharashtra,BHANDARA,2012,Rabi,Linseed,4000,1500,0.375
Maharashtra,BHANDARA,2012,Rabi,Other  Rabi pulses,22100,7200,0.325791855
Maharashtra,BHANDARA,2012,Rabi,Rapeseed &Mustard,400,100,0.25
Maharashtra,BHANDARA,2012,Rabi,Wheat,11800,14700,1.245762712
Maharashtra,BHANDARA,2012,Summer,Groundnut,100,100,1
Maharashtra,BHANDARA,2012,Summer,Rice,7100,18700,2.633802817
Maharashtra,BHANDARA,2012,Whole Year,Sugarcane,2900,191300,65.96551724
Maharashtra,BHANDARA,2013,Kharif,Arhar/Tur,11300,7100,0.628318584
Maharashtra,BHANDARA,2013,Kharif,Moong(Green Gram),100,100,1
Maharashtra,BHANDARA,2013,Kharif,Rice,186200,303500,1.629967777
Maharashtra,BHANDARA,2013,Kharif,Sesamum,500,100,0.2
Maharashtra,BHANDARA,2013,Kharif,Soyabean,7000,2800,0.4
Maharashtra,BHANDARA,2013,Kharif,Urad,100,40,0.4
Maharashtra,BHANDARA,2013,Rabi,Gram,11100,5700,0.513513514
Maharashtra,BHANDARA,2013,Rabi,Linseed,4800,1200,0.25
Maharashtra,BHANDARA,2013,Rabi,Other  Rabi pulses,21800,10700,0.490825688
Maharashtra,BHANDARA,2013,Rabi,Wheat,11900,13600,1.142857143
Maharashtra,BHANDARA,2013,Summer,Groundnut,100,100,1
Maharashtra,BHANDARA,2013,Summer,Rice,8400,20770,2.472619048
Maharashtra,BHANDARA,2013,Whole Year,Sugarcane,600,36100,60.16666667
Maharashtra,BHANDARA,2014,Kharif,Arhar/Tur,11600,4000,0.344827586
Maharashtra,BHANDARA,2014,Kharif,Moong(Green Gram),100,,
Maharashtra,BHANDARA,2014,Kharif,Rice,188600,305400,1.619300106
Maharashtra,BHANDARA,2014,Kharif,Soyabean,8100,3700,0.456790123
Maharashtra,BHANDARA,2014,Rabi,Gram,16500,8200,0.496969697
Maharashtra,BHANDARA,2014,Rabi,Linseed,6000,1400,0.233333333
Maharashtra,BHANDARA,2014,Rabi,Other  Rabi pulses,16400,3500,0.213414634
Maharashtra,BHANDARA,2014,Rabi,Wheat,11400,13900,1.219298246
Maharashtra,BHANDARA,2014,Summer,Rice,7600,17400,2.289473684
Maharashtra,BHANDARA,2014,Whole Year,Sugarcane,6700,490800,73.25373134
Maharashtra,BULDHANA,1997,Kharif,Arhar/Tur,63000,29700,0.471428571
Maharashtra,BULDHANA,1997,Kharif,Bajra,9200,3900,0.423913043
Maharashtra,BULDHANA,1997,Kharif,Gram,26300,13000,0.494296578
Maharashtra,BULDHANA,1997,Kharif,Jowar,147800,178400,1.207036536
Maharashtra,BULDHANA,1997,Kharif,Maize,20000,16400,0.82
Maharashtra,BULDHANA,1997,Kharif,Moong(Green Gram),58400,46600,0.797945205
Maharashtra,BULDHANA,1997,Kharif,Pulses total,1913,679,0.354939885
Maharashtra,BULDHANA,1997,Kharif,Rice,700,300,0.428571429
Maharashtra,BULDHANA,1997,Kharif,Total foodgrain,3890,2669,0.686118252
Maharashtra,BULDHANA,1997,Kharif,Urad,65800,19900,0.302431611
Maharashtra,BULDHANA,1997,Rabi,Jowar,17100,4700,0.274853801
Maharashtra,BULDHANA,1997,Rabi,Maize,500,900,1.8
Maharashtra,BULDHANA,1997,Rabi,Wheat,20700,17500,0.845410628
Maharashtra,BULDHANA,1997,Summer,Maize,100,100,1
Maharashtra,BULDHANA,1997,Whole Year,Cotton(lint),2655,119900,45.16007533
Maharashtra,BULDHANA,1998,Kharif,Arhar/Tur,61600,59200,0.961038961
Maharashtra,BULDHANA,1998,Kharif,Bajra,5500,2900,0.527272727
Maharashtra,BULDHANA,1998,Kharif,Castor seed,700,200,0.285714286
Maharashtra,BULDHANA,1998,Kharif,Cotton(lint),265800,202500,0.761851016
Maharashtra,BULDHANA,1998,Kharif,Groundnut,7500,5700,0.76
Maharashtra,BULDHANA,1998,Kharif,Jowar,130500,232500,1.781609195
Maharashtra,BULDHANA,1998,Kharif,Maize,22000,39900,1.813636364
Maharashtra,BULDHANA,1998,Kharif,Moong(Green Gram),63700,41100,0.645211931
Maharashtra,BULDHANA,1998,Kharif,Niger seed,700,100,0.142857143
Maharashtra,BULDHANA,1998,Kharif,Other Cereals & Millets,3200,1600,0.5
Maharashtra,BULDHANA,1998,Kharif,Other Kharif pulses,4700,1800,0.382978723
Maharashtra,BULDHANA,1998,Kharif,Rice,500,400,0.8
Maharashtra,BULDHANA,1998,Kharif,Sesamum,12600,4600,0.365079365
Maharashtra,BULDHANA,1998,Kharif,Soyabean,37300,41000,1.09919571
Maharashtra,BULDHANA,1998,Kharif,Sugarcane,800,65100,81.375
Maharashtra,BULDHANA,1998,Kharif,Sunflower,2700,900,0.333333333
Maharashtra,BULDHANA,1998,Kharif,Urad,63700,41000,0.643642072
Maharashtra,BULDHANA,1998,Rabi,Gram,45500,36700,0.806593407
Maharashtra,BULDHANA,1998,Rabi,Jowar,21200,7600,0.358490566
Maharashtra,BULDHANA,1998,Rabi,Linseed,300,100,0.333333333
Maharashtra,BULDHANA,1998,Rabi,Maize,1000,1400,1.4
Maharashtra,BULDHANA,1998,Rabi,Other  Rabi pulses,200,100,0.5
Maharashtra,BULDHANA,1998,Rabi,Other Cereals & Millets,1200,1100,0.916666667
Maharashtra,BULDHANA,1998,Rabi,Rapeseed &Mustard,100,100,1
Maharashtra,BULDHANA,1998,Rabi,Safflower,11200,5800,0.517857143
Maharashtra,BULDHANA,1998,Rabi,Sunflower,8400,4000,0.476190476
Maharashtra,BULDHANA,1998,Rabi,Wheat,35500,60500,1.704225352
Maharashtra,BULDHANA,1998,Summer,Groundnut,2700,2700,1
Maharashtra,BULDHANA,1998,Summer,Maize,100,100,1
Maharashtra,BULDHANA,1998,Summer,Sunflower,1500,1700,1.133333333
Maharashtra,BULDHANA,1999,Kharif,Arhar/Tur,55700,42300,0.759425494
Maharashtra,BULDHANA,1999,Kharif,Bajra,7500,3800,0.506666667
Maharashtra,BULDHANA,1999,Kharif,Castor seed,600,200,0.333333333
Maharashtra,BULDHANA,1999,Kharif,Cotton(lint),258000,263500,1.021317829
Maharashtra,BULDHANA,1999,Kharif,Groundnut,6800,4900,0.720588235
Maharashtra,BULDHANA,1999,Kharif,Jowar,130900,244500,1.867838044
Maharashtra,BULDHANA,1999,Kharif,Maize,18300,28000,1.530054645
Maharashtra,BULDHANA,1999,Kharif,Moong(Green Gram),70200,38400,0.547008547
Maharashtra,BULDHANA,1999,Kharif,Niger seed,400,100,0.25
Maharashtra,BULDHANA,1999,Kharif,Other Kharif pulses,3500,1100,0.314285714
Maharashtra,BULDHANA,1999,Kharif,Rice,200,100,0.5
Maharashtra,BULDHANA,1999,Kharif,Sesamum,6800,2300,0.338235294
Maharashtra,BULDHANA,1999,Kharif,Small millets,1200,1000,0.833333333
Maharashtra,BULDHANA,1999,Kharif,Soyabean,69500,99900,1.437410072
Maharashtra,BULDHANA,1999,Kharif,Sunflower,2200,900,0.409090909
Maharashtra,BULDHANA,1999,Kharif,Urad,64900,35500,0.546995378
Maharashtra,BULDHANA,1999,Rabi,Gram,47200,33500,0.709745763
Maharashtra,BULDHANA,1999,Rabi,Jowar,21100,13300,0.630331754
Maharashtra,BULDHANA,1999,Rabi,Maize,1000,1500,1.5
Maharashtra,BULDHANA,1999,Rabi,Other  Rabi pulses,200,100,0.5
Maharashtra,BULDHANA,1999,Rabi,Rapeseed &Mustard,100,100,1
Maharashtra,BULDHANA,1999,Rabi,Safflower,8900,5600,0.629213483
Maharashtra,BULDHANA,1999,Rabi,Small millets,800,200,0.25
Maharashtra,BULDHANA,1999,Rabi,Sunflower,8100,4700,0.580246914
Maharashtra,BULDHANA,1999,Rabi,Wheat,35500,67000,1.887323944
Maharashtra,BULDHANA,1999,Summer,Groundnut,2700,2400,0.888888889
Maharashtra,BULDHANA,1999,Summer,Maize,100,100,1
Maharashtra,BULDHANA,1999,Summer,Sunflower,1500,1100,0.733333333
Maharashtra,BULDHANA,1999,Whole Year,Sugarcane,1000,94600,94.6
Maharashtra,BULDHANA,2000,Kharif,Arhar/Tur,59100,23900,0.404399323
Maharashtra,BULDHANA,2000,Kharif,Bajra,7900,4900,0.620253165
Maharashtra,BULDHANA,2000,Kharif,Castor seed,500,100,0.2
Maharashtra,BULDHANA,2000,Kharif,Cotton(lint),219800,89200,0.405823476
Maharashtra,BULDHANA,2000,Kharif,Groundnut,4600,1600,0.347826087
Maharashtra,BULDHANA,2000,Kharif,Jowar,128400,193700,1.508566978
Maharashtra,BULDHANA,2000,Kharif,Maize,20200,19200,0.95049505
Maharashtra,BULDHANA,2000,Kharif,Moong(Green Gram),78800,19900,0.252538071
Maharashtra,BULDHANA,2000,Kharif,Other Kharif pulses,22900,8200,0.358078603
Maharashtra,BULDHANA,2000,Kharif,Rice,200,200,1
Maharashtra,BULDHANA,2000,Kharif,Sesamum,7000,1700,0.242857143
Maharashtra,BULDHANA,2000,Kharif,Small millets,20100,13000,0.646766169
Maharashtra,BULDHANA,2000,Kharif,Soyabean,68100,51400,0.754772394
Maharashtra,BULDHANA,2000,Kharif,Sunflower,1700,800,0.470588235
Maharashtra,BULDHANA,2000,Kharif,Urad,68000,16700,0.245588235
Maharashtra,BULDHANA,2000,Rabi,Gram,18300,9500,0.519125683
Maharashtra,BULDHANA,2000,Rabi,Jowar,16000,10300,0.64375
Maharashtra,BULDHANA,2000,Rabi,Maize,900,900,1
Maharashtra,BULDHANA,2000,Rabi,Safflower,5500,1900,0.345454545
Maharashtra,BULDHANA,2000,Rabi,Small millets,400,100,0.25
Maharashtra,BULDHANA,2000,Rabi,Sunflower,6000,3400,0.566666667
Maharashtra,BULDHANA,2000,Rabi,Wheat,21600,32300,1.49537037
Maharashtra,BULDHANA,2000,Summer,Groundnut,2300,1900,0.826086957
Maharashtra,BULDHANA,2000,Summer,Sunflower,600,400,0.666666667
Maharashtra,BULDHANA,2000,Whole Year,Sugarcane,1200,103600,86.33333333
Maharashtra,BULDHANA,2001,Kharif,Arhar/Tur,58300,39200,0.67238422
Maharashtra,BULDHANA,2001,Kharif,Bajra,7800,2900,0.371794872
Maharashtra,BULDHANA,2001,Kharif,Castor seed,1000,200,0.2
Maharashtra,BULDHANA,2001,Kharif,Cotton(lint),220100,197800,0.898682417
Maharashtra,BULDHANA,2001,Kharif,Groundnut,2700,1600,0.592592593
Maharashtra,BULDHANA,2001,Kharif,Jowar,129700,171200,1.31996916
Maharashtra,BULDHANA,2001,Kharif,Maize,21100,52100,2.469194313
Maharashtra,BULDHANA,2001,Kharif,Moong(Green Gram),80300,49500,0.616438356
Maharashtra,BULDHANA,2001,Kharif,Other Kharif pulses,10700,2800,0.261682243
Maharashtra,BULDHANA,2001,Kharif,Rice,200,200,1
Maharashtra,BULDHANA,2001,Kharif,Sesamum,6400,2500,0.390625
Maharashtra,BULDHANA,2001,Kharif,Small millets,10600,7400,0.698113208
Maharashtra,BULDHANA,2001,Kharif,Soyabean,70500,102000,1.446808511
Maharashtra,BULDHANA,2001,Kharif,Sunflower,100,100,1
Maharashtra,BULDHANA,2001,Kharif,Urad,70200,38000,0.541310541
Maharashtra,BULDHANA,2001,Rabi,Gram,23800,14400,0.605042017
Maharashtra,BULDHANA,2001,Rabi,Jowar,16600,17300,1.042168675
Maharashtra,BULDHANA,2001,Rabi,Maize,400,700,1.75
Maharashtra,BULDHANA,2001,Rabi,Rapeseed &Mustard,200,100,0.5
Maharashtra,BULDHANA,2001,Rabi,Safflower,3300,1600,0.484848485
Maharashtra,BULDHANA,2001,Rabi,Sunflower,2700,1400,0.518518519
Maharashtra,BULDHANA,2001,Rabi,Wheat,23700,42300,1.784810127
Maharashtra,BULDHANA,2001,Summer,Groundnut,600,600,1
Maharashtra,BULDHANA,2001,Summer,Maize,100,100,1
Maharashtra,BULDHANA,2001,Summer,Sunflower,100,100,1
Maharashtra,BULDHANA,2001,Whole Year,Sugarcane,1100,89400,81.27272727
Maharashtra,BULDHANA,2002,Kharif,Arhar/Tur,57400,40900,0.712543554
Maharashtra,BULDHANA,2002,Kharif,Bajra,5700,3600,0.631578947
Maharashtra,BULDHANA,2002,Kharif,Castor seed,500,100,0.2
Maharashtra,BULDHANA,2002,Kharif,Cotton(lint),168300,194700,1.156862745
Maharashtra,BULDHANA,2002,Kharif,Groundnut,1400,900,0.642857143
Maharashtra,BULDHANA,2002,Kharif,Jowar,116800,185100,1.584760274
Maharashtra,BULDHANA,2002,Kharif,Maize,25100,51600,2.055776892
Maharashtra,BULDHANA,2002,Kharif,Moong(Green Gram),93300,32400,0.347266881
Maharashtra,BULDHANA,2002,Kharif,Other Kharif pulses,1800,300,0.166666667
Maharashtra,BULDHANA,2002,Kharif,Rice,100,100,1
Maharashtra,BULDHANA,2002,Kharif,Sesamum,6200,1500,0.241935484
Maharashtra,BULDHANA,2002,Kharif,Soyabean,78600,98400,1.251908397
Maharashtra,BULDHANA,2002,Kharif,Sunflower,100,100,1
Maharashtra,BULDHANA,2002,Kharif,Urad,81500,36100,0.442944785
Maharashtra,BULDHANA,2002,Rabi,Gram,29300,16000,0.546075085
Maharashtra,BULDHANA,2002,Rabi,Jowar,20900,17400,0.832535885
Maharashtra,BULDHANA,2002,Rabi,Maize,500,600,1.2
Maharashtra,BULDHANA,2002,Rabi,Rapeseed &Mustard,300,100,0.333333333
Maharashtra,BULDHANA,2002,Rabi,Safflower,1900,900,0.473684211
Maharashtra,BULDHANA,2002,Rabi,Sunflower,1200,600,0.5
Maharashtra,BULDHANA,2002,Rabi,Wheat,28900,52400,1.813148789
Maharashtra,BULDHANA,2002,Summer,Groundnut,700,800,1.142857143
Maharashtra,BULDHANA,2002,Summer,Maize,100,100,1
Maharashtra,BULDHANA,2002,Summer,Sunflower,100,100,1
Maharashtra,BULDHANA,2002,Whole Year,Sugarcane,1300,84000,64.61538462
Maharashtra,BULDHANA,2003,Kharif,Arhar/Tur,59500,41400,0.695798319
Maharashtra,BULDHANA,2003,Kharif,Bajra,4200,1900,0.452380952
Maharashtra,BULDHANA,2003,Kharif,Cotton(lint),183100,254900,1.392135445
Maharashtra,BULDHANA,2003,Kharif,Groundnut,700,600,0.857142857
Maharashtra,BULDHANA,2003,Kharif,Jowar,108000,178800,1.655555556
Maharashtra,BULDHANA,2003,Kharif,Maize,25900,55500,2.142857143
Maharashtra,BULDHANA,2003,Kharif,Moong(Green Gram),95800,61000,0.636743215
Maharashtra,BULDHANA,2003,Kharif,Other Kharif pulses,1200,300,0.25
Maharashtra,BULDHANA,2003,Kharif,other oilseeds,300,100,0.333333333
Maharashtra,BULDHANA,2003,Kharif,Sesamum,5900,1900,0.322033898
Maharashtra,BULDHANA,2003,Kharif,Small millets,200,100,0.5
Maharashtra,BULDHANA,2003,Kharif,Soyabean,87900,149900,1.705346985
Maharashtra,BULDHANA,2003,Kharif,Sunflower,100,100,1
Maharashtra,BULDHANA,2003,Kharif,Urad,84400,53300,0.631516588
Maharashtra,BULDHANA,2003,Rabi,Gram,33100,14000,0.422960725
Maharashtra,BULDHANA,2003,Rabi,Jowar,21700,16200,0.746543779
Maharashtra,BULDHANA,2003,Rabi,Maize,1200,2200,1.833333333
Maharashtra,BULDHANA,2003,Rabi,Safflower,1800,900,0.5
Maharashtra,BULDHANA,2003,Rabi,Sunflower,1100,400,0.363636364
Maharashtra,BULDHANA,2003,Rabi,Wheat,30500,47800,1.567213115
Maharashtra,BULDHANA,2003,Summer,Groundnut,400,400,1
Maharashtra,BULDHANA,2003,Summer,Sunflower,100,100,1
Maharashtra,BULDHANA,2003,Whole Year,Banana,1200,57930,48.275
Maharashtra,BULDHANA,2003,Whole Year,Grapes,20,537,26.85
Maharashtra,BULDHANA,2003,Whole Year,Mango,3900,7320,1.876923077
Maharashtra,BULDHANA,2003,Whole Year,Onion,822,17761,21.60705596
Maharashtra,BULDHANA,2003,Whole Year,Sugarcane,1000,69200,69.2
Maharashtra,BULDHANA,2003,Whole Year,Tomato,783,2487,3.176245211
Maharashtra,BULDHANA,2004,Kharif,Arhar/Tur,61600,37900,0.61525974
Maharashtra,BULDHANA,2004,Kharif,Bajra,4200,1900,0.452380952
Maharashtra,BULDHANA,2004,Kharif,Groundnut,400,200,0.5
Maharashtra,BULDHANA,2004,Kharif,Jowar,101900,114900,1.127576055
Maharashtra,BULDHANA,2004,Kharif,Maize,33900,41500,1.224188791
Maharashtra,BULDHANA,2004,Kharif,Moong(Green Gram),88200,27500,0.311791383
Maharashtra,BULDHANA,2004,Kharif,Other Cereals & Millets,200,100,0.5
Maharashtra,BULDHANA,2004,Kharif,Other Kharif pulses,1100,200,0.181818182
Maharashtra,BULDHANA,2004,Kharif,other oilseeds,400,100,0.25
Maharashtra,BULDHANA,2004,Kharif,Sesamum,5800,1100,0.189655172
Maharashtra,BULDHANA,2004,Kharif,Sunflower,1500,600,0.4
Maharashtra,BULDHANA,2004,Kharif,Urad,74200,31500,0.424528302
Maharashtra,BULDHANA,2004,Rabi,Gram,30100,11400,0.378737542
Maharashtra,BULDHANA,2004,Rabi,Jowar,19700,8200,0.416243655
Maharashtra,BULDHANA,2004,Rabi,Maize,900,1200,1.333333333
Maharashtra,BULDHANA,2004,Rabi,Safflower,1900,600,0.315789474
Maharashtra,BULDHANA,2004,Rabi,Soyabean,141200,132100,0.935552408
Maharashtra,BULDHANA,2004,Rabi,Sunflower,1000,600,0.6
Maharashtra,BULDHANA,2004,Rabi,Wheat,26500,18300,0.690566038
Maharashtra,BULDHANA,2004,Summer,Groundnut,200,100,0.5
Maharashtra,BULDHANA,2004,Summer,Maize,100,200,2
Maharashtra,BULDHANA,2004,Summer,Sunflower,100,100,1
Maharashtra,BULDHANA,2004,Whole Year,Cotton(lint),198700,149300,0.751383996
Maharashtra,BULDHANA,2004,Whole Year,Sugarcane,700,57100,81.57142857
Maharashtra,BULDHANA,2005,Kharif,Arhar/Tur,60800,31200,0.513157895
Maharashtra,BULDHANA,2005,Kharif,Bajra,4200,2100,0.5
Maharashtra,BULDHANA,2005,Kharif,Castor seed,200,100,0.5
Maharashtra,BULDHANA,2005,Kharif,Cotton(lint),197500,227400,1.151392405
Maharashtra,BULDHANA,2005,Kharif,Groundnut,300,200,0.666666667
Maharashtra,BULDHANA,2005,Kharif,Moong(Green Gram),65400,12200,0.186544343
Maharashtra,BULDHANA,2005,Kharif,Sesamum,5500,1500,0.272727273
Maharashtra,BULDHANA,2005,Kharif,Soyabean,162500,85500,0.526153846
Maharashtra,BULDHANA,2005,Kharif,Sugarcane,300,11600,38.66666667
Maharashtra,BULDHANA,2005,Kharif,Sunflower,2000,100,0.05
Maharashtra,BULDHANA,2005,Kharif,Urad,55800,8400,0.150537634
Maharashtra,BULDHANA,2005,Rabi,Gram,36600,23800,0.650273224
Maharashtra,BULDHANA,2005,Rabi,Rapeseed &Mustard,200,100,0.5
Maharashtra,BULDHANA,2005,Rabi,Safflower,2900,1400,0.482758621
Maharashtra,BULDHANA,2005,Rabi,Sunflower,1500,1000,0.666666667
Maharashtra,BULDHANA,2005,Rabi,Wheat,26100,27000,1.034482759
Maharashtra,BULDHANA,2005,Summer,Groundnut,100,100,1
Maharashtra,BULDHANA,2005,Summer,Sunflower,100,100,1
Maharashtra,BULDHANA,2006,Kharif,Arhar/Tur,60300,48600,0.805970149
Maharashtra,BULDHANA,2006,Kharif,Bajra,3700,1800,0.486486486
Maharashtra,BULDHANA,2006,Kharif,Castor seed,100,20,0.2
Maharashtra,BULDHANA,2006,Kharif,Cotton(lint),234400,294400,1.255972696
Maharashtra,BULDHANA,2006,Kharif,Groundnut,600,400,0.666666667
Maharashtra,BULDHANA,2006,Kharif,Jowar,71500,101300,1.416783217
Maharashtra,BULDHANA,2006,Kharif,Maize,39700,65100,1.639798489
Maharashtra,BULDHANA,2006,Kharif,Moong(Green Gram),60600,28700,0.47359736
Maharashtra,BULDHANA,2006,Kharif,Sesamum,5900,1300,0.220338983
Maharashtra,BULDHANA,2006,Kharif,Soyabean,172700,216900,1.255935148
Maharashtra,BULDHANA,2006,Kharif,Sunflower,1800,1000,0.555555556
Maharashtra,BULDHANA,2006,Kharif,Urad,55900,27500,0.491949911
Maharashtra,BULDHANA,2006,Rabi,Gram,80900,57300,0.708281829
Maharashtra,BULDHANA,2006,Rabi,Jowar,17500,15400,0.88
Maharashtra,BULDHANA,2006,Rabi,Maize,2200,5300,2.409090909
Maharashtra,BULDHANA,2006,Rabi,Rapeseed &Mustard,400,200,0.5
Maharashtra,BULDHANA,2006,Rabi,Safflower,5300,3400,0.641509434
Maharashtra,BULDHANA,2006,Rabi,Sunflower,2300,1300,0.565217391
Maharashtra,BULDHANA,2006,Rabi,Wheat,58200,82500,1.417525773
Maharashtra,BULDHANA,2006,Summer,Groundnut,1100,1300,1.181818182
Maharashtra,BULDHANA,2006,Summer,Maize,1700,2500,1.470588235
Maharashtra,BULDHANA,2006,Summer,Sunflower,900,900,1
Maharashtra,BULDHANA,2007,Kharif,Arhar/Tur,663,659,0.993966817
Maharashtra,BULDHANA,2007,Kharif,Bajra,30,16,0.533333333
Maharashtra,BULDHANA,2007,Kharif,Castor seed,1,0.4,0.4
Maharashtra,BULDHANA,2007,Kharif,Cotton(lint),2492,5549,2.226725522
Maharashtra,BULDHANA,2007,Kharif,Groundnut,6,5,0.833333333
Maharashtra,BULDHANA,2007,Kharif,Jowar,606,1129,1.863036304
Maharashtra,BULDHANA,2007,Kharif,Maize,615,1962,3.190243902
Maharashtra,BULDHANA,2007,Kharif,Moong(Green Gram),642,448,0.697819315
Maharashtra,BULDHANA,2007,Kharif,Sesamum,55,19,0.345454545
Maharashtra,BULDHANA,2007,Kharif,Soyabean,1905,3824,2.007349081
Maharashtra,BULDHANA,2007,Kharif,Sunflower,18,10,0.555555556
Maharashtra,BULDHANA,2007,Kharif,Urad,608,390,0.641447368
Maharashtra,BULDHANA,2007,Rabi,Gram,756,726,0.96031746
Maharashtra,BULDHANA,2007,Rabi,Jowar,153,169,1.104575163
Maharashtra,BULDHANA,2007,Rabi,Maize,27,73,2.703703704
Maharashtra,BULDHANA,2007,Rabi,Rapeseed &Mustard,3,2,0.666666667
Maharashtra,BULDHANA,2007,Rabi,Safflower,42,29,0.69047619
Maharashtra,BULDHANA,2007,Rabi,Sunflower,34,26,0.764705882
Maharashtra,BULDHANA,2007,Rabi,Wheat,593,1185,1.998313659
Maharashtra,BULDHANA,2007,Summer,Groundnut,10,9,0.9
Maharashtra,BULDHANA,2007,Summer,Maize,4,6,1.5
Maharashtra,BULDHANA,2007,Summer,Sunflower,4,3,0.75
Maharashtra,BULDHANA,2007,Whole Year,Sugarcane,28,1653,59.03571429
Maharashtra,BULDHANA,2008,Kharif,Arhar/Tur,59600,30300,0.508389262
Maharashtra,BULDHANA,2008,Kharif,Bajra,3700,2000,0.540540541
Maharashtra,BULDHANA,2008,Kharif,Castor seed,100,40,0.4
Maharashtra,BULDHANA,2008,Kharif,Cotton(lint),247600,422400,1.705977383
Maharashtra,BULDHANA,2008,Kharif,Groundnut,400,100,0.25
Maharashtra,BULDHANA,2008,Kharif,Jowar,49700,88900,1.788732394
Maharashtra,BULDHANA,2008,Kharif,Maize,54900,166100,3.025500911
Maharashtra,BULDHANA,2008,Kharif,Moong(Green Gram),41500,4400,0.106024096
Maharashtra,BULDHANA,2008,Kharif,Sesamum,3000,700,0.233333333
Maharashtra,BULDHANA,2008,Kharif,Soyabean,240000,68700,0.28625
Maharashtra,BULDHANA,2008,Kharif,Sugarcane,2200,122900,55.86363636
Maharashtra,BULDHANA,2008,Kharif,Sunflower,6300,3300,0.523809524
Maharashtra,BULDHANA,2008,Kharif,Urad,38300,5800,0.151436031
Maharashtra,BULDHANA,2008,Rabi,Gram,63500,47900,0.754330709
Maharashtra,BULDHANA,2008,Rabi,Jowar,13700,14600,1.065693431
Maharashtra,BULDHANA,2008,Rabi,Maize,14,26,1.857142857
Maharashtra,BULDHANA,2008,Rabi,Safflower,1700,800,0.470588235
Maharashtra,BULDHANA,2008,Rabi,Sunflower,1800,1100,0.611111111
Maharashtra,BULDHANA,2008,Rabi,Wheat,47400,70000,1.476793249
Maharashtra,BULDHANA,2008,Whole Year,Sugarcane,2200,122900,55.86363636
Maharashtra,BULDHANA,2009,Kharif,Arhar/Tur,62100,71700,1.154589372
Maharashtra,BULDHANA,2009,Kharif,Bajra,3500,2600,0.742857143
Maharashtra,BULDHANA,2009,Kharif,Castor seed,100,17,0.17
Maharashtra,BULDHANA,2009,Kharif,Cotton(lint),239400,374600,1.564745196
Maharashtra,BULDHANA,2009,Kharif,Jowar,50000,87600,1.752
Maharashtra,BULDHANA,2009,Kharif,Maize,83200,184800,2.221153846
Maharashtra,BULDHANA,2009,Kharif,Moong(Green Gram),42400,17600,0.41509434
Maharashtra,BULDHANA,2009,Kharif,Sesamum,2800,700,0.25
Maharashtra,BULDHANA,2009,Kharif,Soyabean,212800,156500,0.735432331
Maharashtra,BULDHANA,2009,Kharif,Sugarcane,1400,97400,69.57142857
Maharashtra,BULDHANA,2009,Kharif,Urad,38200,15800,0.413612565
Maharashtra,BULDHANA,2009,Rabi,Gram,75300,93500,1.241699867
Maharashtra,BULDHANA,2009,Rabi,Jowar,14300,17600,1.230769231
Maharashtra,BULDHANA,2009,Rabi,Maize,1700,800,0.470588235
Maharashtra,BULDHANA,2009,Rabi,Safflower,2500,2400,0.96
Maharashtra,BULDHANA,2009,Rabi,Sunflower,1800,1100,0.611111111
Maharashtra,BULDHANA,2009,Rabi,Wheat,46000,93900,2.041304348
Maharashtra,BULDHANA,2010,Kharif,Arhar/Tur,76800,42500,0.553385417
Maharashtra,BULDHANA,2010,Kharif,Bajra,3600,1900,0.527777778
Maharashtra,BULDHANA,2010,Kharif,Castor seed,400,200,0.5
Maharashtra,BULDHANA,2010,Kharif,Cotton(lint),251500,436100,1.733996024
Maharashtra,BULDHANA,2010,Kharif,Groundnut,200,200,1
Maharashtra,BULDHANA,2010,Kharif,Jowar,49400,61400,1.24291498
Maharashtra,BULDHANA,2010,Kharif,Maize,66200,164100,2.478851964
Maharashtra,BULDHANA,2010,Kharif,Moong(Green Gram),53600,35100,0.654850746
Maharashtra,BULDHANA,2010,Kharif,Sesamum,3000,1100,0.366666667
Maharashtra,BULDHANA,2010,Kharif,Soyabean,225500,416100,1.845232816
Maharashtra,BULDHANA,2010,Kharif,Sugarcane,1000,61000,61
Maharashtra,BULDHANA,2010,Kharif,Sunflower,800,400,0.5
Maharashtra,BULDHANA,2010,Kharif,Urad,49000,33600,0.685714286
Maharashtra,BULDHANA,2010,Rabi,Gram,74200,78700,1.0606469
Maharashtra,BULDHANA,2010,Rabi,Jowar,20400,20400,1
Maharashtra,BULDHANA,2010,Rabi,Maize,8600,17900,2.081395349
Maharashtra,BULDHANA,2010,Rabi,Safflower,2200,1300,0.590909091
Maharashtra,BULDHANA,2010,Rabi,Sunflower,2200,1500,0.681818182
Maharashtra,BULDHANA,2010,Rabi,Wheat,53800,92700,1.723048327
Maharashtra,BULDHANA,2011,Kharif,Arhar/Tur,79500,44100,0.554716981
Maharashtra,BULDHANA,2011,Kharif,Bajra,3300,2100,0.636363636
Maharashtra,BULDHANA,2011,Kharif,Cotton(lint),256900,321700,1.252238225
Maharashtra,BULDHANA,2011,Kharif,Groundnut,400,400,1
Maharashtra,BULDHANA,2011,Kharif,Jowar,48200,85500,1.773858921
Maharashtra,BULDHANA,2011,Kharif,Maize,57200,159200,2.783216783
Maharashtra,BULDHANA,2011,Kharif,Moong(Green Gram),44500,31700,0.712359551
Maharashtra,BULDHANA,2011,Kharif,Sesamum,3100,800,0.258064516
Maharashtra,BULDHANA,2011,Kharif,Soyabean,258800,374200,1.445904173
Maharashtra,BULDHANA,2011,Kharif,Sunflower,600,300,0.5
Maharashtra,BULDHANA,2011,Kharif,Urad,45400,35000,0.77092511
Maharashtra,BULDHANA,2011,Rabi,Gram,48100,40300,0.837837838
Maharashtra,BULDHANA,2011,Rabi,Jowar,10700,8900,0.831775701
Maharashtra,BULDHANA,2011,Rabi,Maize,7700,19800,2.571428571
Maharashtra,BULDHANA,2011,Rabi,Rapeseed &Mustard,2800,800,0.285714286
Maharashtra,BULDHANA,2011,Rabi,Safflower,700,500,0.714285714
Maharashtra,BULDHANA,2011,Rabi,Sunflower,700,500,0.714285714
Maharashtra,BULDHANA,2011,Rabi,Wheat,41100,67900,1.652068127
Maharashtra,BULDHANA,2011,Summer,Groundnut,1100,1900,1.727272727
Maharashtra,BULDHANA,2011,Summer,Maize,100,100,1
Maharashtra,BULDHANA,2011,Whole Year,Sugarcane,300,17500,58.33333333
Maharashtra,BULDHANA,2012,Kharif,Arhar/Tur,84100,43900,0.521997622
Maharashtra,BULDHANA,2012,Kharif,Bajra,1900,2100,1.105263158
Maharashtra,BULDHANA,2012,Kharif,Castor seed,500,300,0.6
Maharashtra,BULDHANA,2012,Kharif,Cotton(lint),253900,346100,1.363135093
Maharashtra,BULDHANA,2012,Kharif,Groundnut,300,300,1
Maharashtra,BULDHANA,2012,Kharif,Jowar,41600,70700,1.699519231
Maharashtra,BULDHANA,2012,Kharif,Maize,15600,35000,2.243589744
Maharashtra,BULDHANA,2012,Kharif,Moong(Green Gram),40900,26300,0.643031785
Maharashtra,BULDHANA,2012,Kharif,Other Kharif pulses,300,200,0.666666667
Maharashtra,BULDHANA,2012,Kharif,Sesamum,900,200,0.222222222
Maharashtra,BULDHANA,2012,Kharif,Soyabean,279500,430300,1.539534884
Maharashtra,BULDHANA,2012,Kharif,Sunflower,600,300,0.5
Maharashtra,BULDHANA,2012,Kharif,Urad,43000,27600,0.641860465
Maharashtra,BULDHANA,2012,Rabi,Gram,44300,33000,0.744920993
Maharashtra,BULDHANA,2012,Rabi,Jowar,9500,7700,0.810526316
Maharashtra,BULDHANA,2012,Rabi,Maize,6900,5100,0.739130435
Maharashtra,BULDHANA,2012,Rabi,Safflower,800,1300,1.625
Maharashtra,BULDHANA,2012,Rabi,Sunflower,800,400,0.5
Maharashtra,BULDHANA,2012,Rabi,Wheat,36100,53600,1.484764543
Maharashtra,BULDHANA,2012,Summer,Groundnut,900,1300,1.444444444
Maharashtra,BULDHANA,2012,Whole Year,Sugarcane,100,4400,44
Maharashtra,BULDHANA,2013,Kharif,Arhar/Tur,21100,14800,0.701421801
Maharashtra,BULDHANA,2013,Kharif,Bajra,3500,2300,0.657142857
Maharashtra,BULDHANA,2013,Kharif,Cotton(lint),227900,639600,2.806494076
Maharashtra,BULDHANA,2013,Kharif,Groundnut,300,400,1.333333333
Maharashtra,BULDHANA,2013,Kharif,Jowar,44600,38200,0.856502242
Maharashtra,BULDHANA,2013,Kharif,Maize,15000,42900,2.86
Maharashtra,BULDHANA,2013,Kharif,Moong(Green Gram),40900,21100,0.515892421
Maharashtra,BULDHANA,2013,Kharif,Other Kharif pulses,1700,900,0.529411765
Maharashtra,BULDHANA,2013,Kharif,Sesamum,800,200,0.25
Maharashtra,BULDHANA,2013,Kharif,Soyabean,323200,479000,1.482054455
Maharashtra,BULDHANA,2013,Kharif,Sunflower,700,400,0.571428571
Maharashtra,BULDHANA,2013,Kharif,Urad,40600,21800,0.536945813
Maharashtra,BULDHANA,2013,Rabi,Gram,79000,63100,0.798734177
Maharashtra,BULDHANA,2013,Rabi,Jowar,13300,10700,0.804511278
Maharashtra,BULDHANA,2013,Rabi,Maize,16600,41900,2.524096386
Maharashtra,BULDHANA,2013,Rabi,Other  Rabi pulses,100,,
Maharashtra,BULDHANA,2013,Rabi,Wheat,59000,73900,1.252542373
Maharashtra,BULDHANA,2013,Summer,Groundnut,2300,3700,1.608695652
Maharashtra,BULDHANA,2013,Summer,Maize,1800,2600,1.444444444
Maharashtra,BULDHANA,2013,Whole Year,Sugarcane,100,8100,81
Maharashtra,BULDHANA,2014,Kharif,Arhar/Tur,69600,18500,0.265804598
Maharashtra,BULDHANA,2014,Kharif,Bajra,1700,300,0.176470588
Maharashtra,BULDHANA,2014,Kharif,Castor seed,600,200,0.333333333
Maharashtra,BULDHANA,2014,Kharif,Cotton(lint),174300,132500,0.760183592
Maharashtra,BULDHANA,2014,Kharif,Groundnut,1100,600,0.545454545
Maharashtra,BULDHANA,2014,Kharif,Jowar,20600,22100,1.072815534
Maharashtra,BULDHANA,2014,Kharif,Maize,30000,54400,1.813333333
Maharashtra,BULDHANA,2014,Kharif,Moong(Green Gram),12300,4000,0.325203252
Maharashtra,BULDHANA,2014,Kharif,Other Kharif pulses,2200,600,0.272727273
Maharashtra,BULDHANA,2014,Kharif,Sesamum,800,200,0.25
Maharashtra,BULDHANA,2014,Kharif,Soyabean,352500,189100,0.536453901
Maharashtra,BULDHANA,2014,Kharif,Sunflower,100,,
Maharashtra,BULDHANA,2014,Rabi,Gram,57200,36600,0.63986014
Maharashtra,BULDHANA,2014,Rabi,Jowar,10800,8900,0.824074074
Maharashtra,BULDHANA,2014,Rabi,Maize,17200,2700,0.156976744
Maharashtra,BULDHANA,2014,Rabi,Safflower,400,200,0.5
Maharashtra,BULDHANA,2014,Rabi,Wheat,73500,95500,1.299319728
Maharashtra,BULDHANA,2014,Summer,Groundnut,2700,3500,1.296296296
Maharashtra,BULDHANA,2014,Summer,Maize,1700,3000,1.764705882
Maharashtra,BULDHANA,2014,Whole Year,Sugarcane,300,18700,62.33333333
Maharashtra,CHANDRAPUR,1997,Kharif,Arhar/Tur,30300,9700,0.320132013
Maharashtra,CHANDRAPUR,1997,Kharif,Gram,12300,3600,0.292682927
Maharashtra,CHANDRAPUR,1997,Kharif,Jowar,22400,13800,0.616071429
Maharashtra,CHANDRAPUR,1997,Kharif,Maize,1100,1000,0.909090909
Maharashtra,CHANDRAPUR,1997,Kharif,Moong(Green Gram),4000,1800,0.45
Maharashtra,CHANDRAPUR,1997,Kharif,Pulses total,410,141,0.343902439
Maharashtra,CHANDRAPUR,1997,Kharif,Rice,136400,190100,1.393695015
Maharashtra,CHANDRAPUR,1997,Kharif,Total foodgrain,2014,2193,1.088877855
Maharashtra,CHANDRAPUR,1997,Kharif,Urad,1900,1000,0.526315789
Maharashtra,CHANDRAPUR,1997,Rabi,Jowar,85400,25100,0.293911007
Maharashtra,CHANDRAPUR,1997,Rabi,Other  Rabi pulses,3300,135,0.040909091
Maharashtra,CHANDRAPUR,1997,Rabi,Wheat,28100,10200,0.362989324
Maharashtra,CHANDRAPUR,1997,Summer,Rice,11,13,1.181818182
Maharashtra,CHANDRAPUR,1997,Whole Year,Cotton(lint),520,31800,61.15384615
Maharashtra,CHANDRAPUR,1998,Kharif,Arhar/Tur,25200,12200,0.484126984
Maharashtra,CHANDRAPUR,1998,Kharif,Cotton(lint),52700,44300,0.840607211
Maharashtra,CHANDRAPUR,1998,Kharif,Jowar,20900,18800,0.899521531
Maharashtra,CHANDRAPUR,1998,Kharif,Maize,100,200,2
Maharashtra,CHANDRAPUR,1998,Kharif,Moong(Green Gram),2700,1500,0.555555556
Maharashtra,CHANDRAPUR,1998,Kharif,Other Cereals & Millets,900,600,0.666666667
Maharashtra,CHANDRAPUR,1998,Kharif,Other Kharif pulses,5400,2200,0.407407407
Maharashtra,CHANDRAPUR,1998,Kharif,Rice,132200,159700,1.208018154
Maharashtra,CHANDRAPUR,1998,Kharif,Sesamum,1300,400,0.307692308
Maharashtra,CHANDRAPUR,1998,Kharif,Soyabean,113300,234300,2.067961165
Maharashtra,CHANDRAPUR,1998,Kharif,Urad,1700,1300,0.764705882
Maharashtra,CHANDRAPUR,1998,Rabi,Gram,15600,6500,0.416666667
Maharashtra,CHANDRAPUR,1998,Rabi,Jowar,72200,23400,0.324099723
Maharashtra,CHANDRAPUR,1998,Rabi,Linseed,30700,7500,0.244299674
Maharashtra,CHANDRAPUR,1998,Rabi,Other  Rabi pulses,39200,15500,0.395408163
Maharashtra,CHANDRAPUR,1998,Rabi,Rapeseed &Mustard,600,100,0.166666667
Maharashtra,CHANDRAPUR,1998,Rabi,Safflower,300,200,0.666666667
Maharashtra,CHANDRAPUR,1998,Rabi,Sesamum,1800,300,0.166666667
Maharashtra,CHANDRAPUR,1998,Rabi,Sunflower,400,200,0.5
Maharashtra,CHANDRAPUR,1998,Rabi,Wheat,32700,20800,0.636085627
Maharashtra,CHANDRAPUR,1998,Summer,Groundnut,200,200,1
Maharashtra,CHANDRAPUR,1998,Summer,Rice,3000,4700,1.566666667
Maharashtra,CHANDRAPUR,1999,Kharif,Arhar/Tur,27400,21200,0.773722628
Maharashtra,CHANDRAPUR,1999,Kharif,Castor seed,100,0,0
Maharashtra,CHANDRAPUR,1999,Kharif,Cotton(lint),54600,61200,1.120879121
Maharashtra,CHANDRAPUR,1999,Kharif,Groundnut,100,100,1
Maharashtra,CHANDRAPUR,1999,Kharif,Jowar,19000,20500,1.078947368
Maharashtra,CHANDRAPUR,1999,Kharif,Maize,100,100,1
Maharashtra,CHANDRAPUR,1999,Kharif,Moong(Green Gram),1900,1000,0.526315789
Maharashtra,CHANDRAPUR,1999,Kharif,Niger seed,100,0,0
Maharashtra,CHANDRAPUR,1999,Kharif,Other Kharif pulses,2300,400,0.173913043
Maharashtra,CHANDRAPUR,1999,Kharif,Rice,140600,211500,1.504267425
Maharashtra,CHANDRAPUR,1999,Kharif,Sesamum,1300,400,0.307692308
Maharashtra,CHANDRAPUR,1999,Kharif,Small millets,2900,2000,0.689655172
Maharashtra,CHANDRAPUR,1999,Kharif,Soyabean,125900,191200,1.518665608
Maharashtra,CHANDRAPUR,1999,Kharif,Urad,1600,400,0.25
Maharashtra,CHANDRAPUR,1999,Rabi,Gram,17000,7300,0.429411765
Maharashtra,CHANDRAPUR,1999,Rabi,Jowar,62900,32200,0.511923688
Maharashtra,CHANDRAPUR,1999,Rabi,Linseed,29200,8800,0.301369863
Maharashtra,CHANDRAPUR,1999,Rabi,Maize,100,200,2
Maharashtra,CHANDRAPUR,1999,Rabi,Other  Rabi pulses,39000,18100,0.464102564
Maharashtra,CHANDRAPUR,1999,Rabi,Rapeseed &Mustard,400,100,0.25
Maharashtra,CHANDRAPUR,1999,Rabi,Safflower,100,100,1
Maharashtra,CHANDRAPUR,1999,Rabi,Sesamum,1000,300,0.3
Maharashtra,CHANDRAPUR,1999,Rabi,Wheat,34200,24200,0.707602339
Maharashtra,CHANDRAPUR,1999,Summer,Groundnut,200,200,1
Maharashtra,CHANDRAPUR,1999,Summer,Rice,3100,4800,1.548387097
Maharashtra,CHANDRAPUR,2000,Kharif,Arhar/Tur,26900,11400,0.423791822
Maharashtra,CHANDRAPUR,2000,Kharif,Cotton(lint),55400,36400,0.657039711
Maharashtra,CHANDRAPUR,2000,Kharif,Jowar,17700,31000,1.751412429
Maharashtra,CHANDRAPUR,2000,Kharif,Maize,100,100,1
Maharashtra,CHANDRAPUR,2000,Kharif,Moong(Green Gram),1700,700,0.411764706
Maharashtra,CHANDRAPUR,2000,Kharif,Other Kharif pulses,3000,1100,0.366666667
Maharashtra,CHANDRAPUR,2000,Kharif,Rice,144800,119200,0.82320442
Maharashtra,CHANDRAPUR,2000,Kharif,Sesamum,1200,300,0.25
Maharashtra,CHANDRAPUR,2000,Kharif,Small millets,1300,900,0.692307692
Maharashtra,CHANDRAPUR,2000,Kharif,Soyabean,116100,138900,1.196382429
Maharashtra,CHANDRAPUR,2000,Kharif,Urad,1400,600,0.428571429
Maharashtra,CHANDRAPUR,2000,Rabi,Gram,10000,3400,0.34
Maharashtra,CHANDRAPUR,2000,Rabi,Jowar,41000,9700,0.236585366
Maharashtra,CHANDRAPUR,2000,Rabi,Linseed,16400,2900,0.176829268
Maharashtra,CHANDRAPUR,2000,Rabi,Maize,100,100,1
Maharashtra,CHANDRAPUR,2000,Rabi,Other  Rabi pulses,21700,8000,0.368663594
Maharashtra,CHANDRAPUR,2000,Rabi,Rapeseed &Mustard,200,10,0.05
Maharashtra,CHANDRAPUR,2000,Rabi,Sesamum,700,100,0.142857143
Maharashtra,CHANDRAPUR,2000,Rabi,Wheat,22900,15200,0.663755459
Maharashtra,CHANDRAPUR,2000,Summer,Groundnut,100,200,2
Maharashtra,CHANDRAPUR,2000,Summer,Rice,1500,1600,1.066666667
Maharashtra,CHANDRAPUR,2001,Kharif,Arhar/Tur,27400,21700,0.791970803
Maharashtra,CHANDRAPUR,2001,Kharif,Cotton(lint),61500,43300,0.704065041
Maharashtra,CHANDRAPUR,2001,Kharif,Jowar,17200,18900,1.098837209
Maharashtra,CHANDRAPUR,2001,Kharif,Moong(Green Gram),1500,800,0.533333333
Maharashtra,CHANDRAPUR,2001,Kharif,Other Kharif pulses,1400,400,0.285714286
Maharashtra,CHANDRAPUR,2001,Kharif,Rice,152700,220500,1.444007859
Maharashtra,CHANDRAPUR,2001,Kharif,Sesamum,1300,400,0.307692308
Maharashtra,CHANDRAPUR,2001,Kharif,Small millets,700,500,0.714285714
Maharashtra,CHANDRAPUR,2001,Kharif,Soyabean,113800,151500,1.331282953
Maharashtra,CHANDRAPUR,2001,Kharif,Urad,800,500,0.625
Maharashtra,CHANDRAPUR,2001,Rabi,Gram,11700,4800,0.41025641
Maharashtra,CHANDRAPUR,2001,Rabi,Jowar,43700,21800,0.498855835
Maharashtra,CHANDRAPUR,2001,Rabi,Linseed,16700,4000,0.239520958
Maharashtra,CHANDRAPUR,2001,Rabi,Other  Rabi pulses,28000,13500,0.482142857
Maharashtra,CHANDRAPUR,2001,Rabi,Rapeseed &Mustard,2300,500,0.217391304
Maharashtra,CHANDRAPUR,2001,Rabi,Sesamum,500,100,0.2
Maharashtra,CHANDRAPUR,2001,Rabi,Wheat,24500,19300,0.787755102
Maharashtra,CHANDRAPUR,2001,Summer,Groundnut,100,100,1
Maharashtra,CHANDRAPUR,2001,Summer,Rice,500,600,1.2
Maharashtra,CHANDRAPUR,2002,Kharif,Arhar/Tur,26800,9100,0.339552239
Maharashtra,CHANDRAPUR,2002,Kharif,Castor seed,100,10,0.1
Maharashtra,CHANDRAPUR,2002,Kharif,Cotton(lint),56100,42600,0.759358289
Maharashtra,CHANDRAPUR,2002,Kharif,Jowar,15200,17600,1.157894737
Maharashtra,CHANDRAPUR,2002,Kharif,Moong(Green Gram),1200,400,0.333333333
Maharashtra,CHANDRAPUR,2002,Kharif,Other Kharif pulses,1700,400,0.235294118
Maharashtra,CHANDRAPUR,2002,Kharif,Rice,142100,108300,0.762139338
Maharashtra,CHANDRAPUR,2002,Kharif,Sesamum,1200,200,0.166666667
Maharashtra,CHANDRAPUR,2002,Kharif,Small millets,500,300,0.6
Maharashtra,CHANDRAPUR,2002,Kharif,Soyabean,123000,143400,1.165853659
Maharashtra,CHANDRAPUR,2002,Kharif,Urad,700,200,0.285714286
Maharashtra,CHANDRAPUR,2002,Rabi,Gram,10500,3600,0.342857143
Maharashtra,CHANDRAPUR,2002,Rabi,Jowar,26200,7600,0.290076336
Maharashtra,CHANDRAPUR,2002,Rabi,Linseed,12400,2700,0.217741935
Maharashtra,CHANDRAPUR,2002,Rabi,Other  Rabi pulses,19300,7700,0.398963731
Maharashtra,CHANDRAPUR,2002,Rabi,Rapeseed &Mustard,300,100,0.333333333
Maharashtra,CHANDRAPUR,2002,Rabi,Sesamum,100,10,0.1
Maharashtra,CHANDRAPUR,2002,Rabi,Small millets,100,0,0
Maharashtra,CHANDRAPUR,2002,Rabi,Wheat,20400,12000,0.588235294
Maharashtra,CHANDRAPUR,2002,Summer,Groundnut,100,200,2
Maharashtra,CHANDRAPUR,2002,Summer,Rice,400,700,1.75
Maharashtra,CHANDRAPUR,2003,Kharif,Arhar/Tur,26400,17400,0.659090909
Maharashtra,CHANDRAPUR,2003,Kharif,Cotton(lint),51800,64100,1.237451737
Maharashtra,CHANDRAPUR,2003,Kharif,Jowar,14100,14100,1
Maharashtra,CHANDRAPUR,2003,Kharif,Moong(Green Gram),1000,500,0.5
Maharashtra,CHANDRAPUR,2003,Kharif,Other Kharif pulses,2300,600,0.260869565
Maharashtra,CHANDRAPUR,2003,Kharif,other oilseeds,100,0,0
Maharashtra,CHANDRAPUR,2003,Kharif,Rice,142700,206900,1.449894884
Maharashtra,CHANDRAPUR,2003,Kharif,Sesamum,1200,200,0.166666667
Maharashtra,CHANDRAPUR,2003,Kharif,Small millets,600,400,0.666666667
Maharashtra,CHANDRAPUR,2003,Kharif,Soyabean,136700,162400,1.188002926
Maharashtra,CHANDRAPUR,2003,Kharif,Urad,700,300,0.428571429
Maharashtra,CHANDRAPUR,2003,Rabi,Gram,22600,9000,0.398230088
Maharashtra,CHANDRAPUR,2003,Rabi,Linseed,28400,6900,0.242957746
Maharashtra,CHANDRAPUR,2003,Rabi,Other  Rabi pulses,32800,11300,0.344512195
Maharashtra,CHANDRAPUR,2003,Rabi,Rapeseed &Mustard,800,200,0.25
Maharashtra,CHANDRAPUR,2003,Rabi,Sesamum,200,100,0.5
Maharashtra,CHANDRAPUR,2003,Rabi,Small millets,500,300,0.6
Maharashtra,CHANDRAPUR,2003,Rabi,Sunflower,200,100,0.5
Maharashtra,CHANDRAPUR,2003,Rabi,Wheat,31500,19600,0.622222222
Maharashtra,CHANDRAPUR,2003,Summer,Rice,700,700,1
Maharashtra,CHANDRAPUR,2003,Whole Year,Mango,4069,7000,1.720324404
Maharashtra,CHANDRAPUR,2003,Whole Year,Onion,53,661,12.47169811
Maharashtra,CHANDRAPUR,2003,Whole Year,Tomato,148,460,3.108108108
Maharashtra,CHANDRAPUR,2004,Kharif,Arhar/Tur,25400,7500,0.295275591
Maharashtra,CHANDRAPUR,2004,Kharif,Jowar,10700,10400,0.971962617
Maharashtra,CHANDRAPUR,2004,Kharif,Moong(Green Gram),900,400,0.444444444
Maharashtra,CHANDRAPUR,2004,Kharif,Other Cereals & Millets,100,100,1
Maharashtra,CHANDRAPUR,2004,Kharif,Other Kharif pulses,1900,1300,0.684210526
Maharashtra,CHANDRAPUR,2004,Kharif,Rice,142500,107200,0.752280702
Maharashtra,CHANDRAPUR,2004,Kharif,Sesamum,700,100,0.142857143
Maharashtra,CHANDRAPUR,2004,Kharif,Urad,500,200,0.4
Maharashtra,CHANDRAPUR,2004,Rabi,Gram,19300,7000,0.362694301
Maharashtra,CHANDRAPUR,2004,Rabi,Jowar,20400,6600,0.323529412
Maharashtra,CHANDRAPUR,2004,Rabi,Linseed,20800,3500,0.168269231
Maharashtra,CHANDRAPUR,2004,Rabi,Other  Rabi pulses,13200,3200,0.242424242
Maharashtra,CHANDRAPUR,2004,Rabi,Rapeseed &Mustard,500,100,0.2
Maharashtra,CHANDRAPUR,2004,Rabi,Sesamum,100,0,0
Maharashtra,CHANDRAPUR,2004,Rabi,Soyabean,164600,161500,0.981166464
Maharashtra,CHANDRAPUR,2004,Rabi,Sunflower,200,100,0.5
Maharashtra,CHANDRAPUR,2004,Rabi,Wheat,21300,12000,0.563380282
Maharashtra,CHANDRAPUR,2004,Summer,Groundnut,100,100,1
Maharashtra,CHANDRAPUR,2004,Summer,Rice,500,1100,2.2
Maharashtra,CHANDRAPUR,2004,Whole Year,Cotton(lint),49900,48400,0.96993988
Maharashtra,CHANDRAPUR,2005,Kharif,Arhar/Tur,23400,9000,0.384615385
Maharashtra,CHANDRAPUR,2005,Kharif,Castor seed,200,100,0.5
Maharashtra,CHANDRAPUR,2005,Kharif,Cotton(lint),48600,48800,1.004115226
Maharashtra,CHANDRAPUR,2005,Kharif,Moong(Green Gram),800,200,0.25
Maharashtra,CHANDRAPUR,2005,Kharif,Rice,130500,206400,1.581609195
Maharashtra,CHANDRAPUR,2005,Kharif,Sesamum,600,100,0.166666667
Maharashtra,CHANDRAPUR,2005,Kharif,Soyabean,161700,173700,1.074211503
Maharashtra,CHANDRAPUR,2005,Kharif,Urad,300,100,0.333333333
Maharashtra,CHANDRAPUR,2005,Rabi,Gram,22400,14100,0.629464286
Maharashtra,CHANDRAPUR,2005,Rabi,Linseed,23600,7800,0.330508475
Maharashtra,CHANDRAPUR,2005,Rabi,Rapeseed &Mustard,2400,800,0.333333333
Maharashtra,CHANDRAPUR,2005,Rabi,Sunflower,2800,1800,0.642857143
Maharashtra,CHANDRAPUR,2005,Rabi,Wheat,29500,22100,0.749152542
Maharashtra,CHANDRAPUR,2005,Summer,Groundnut,100,100,1
Maharashtra,CHANDRAPUR,2005,Summer,Rice,3200,3500,1.09375
Maharashtra,CHANDRAPUR,2005,Summer,Sunflower,100,100,1
Maharashtra,CHANDRAPUR,2006,Kharif,Arhar/Tur,23400,10500,0.448717949
Maharashtra,CHANDRAPUR,2006,Kharif,Castor seed,300,100,0.333333333
Maharashtra,CHANDRAPUR,2006,Kharif,Cotton(lint),47400,86300,1.820675105
Maharashtra,CHANDRAPUR,2006,Kharif,Jowar,7700,10100,1.311688312
Maharashtra,CHANDRAPUR,2006,Kharif,Moong(Green Gram),700,600,0.857142857
Maharashtra,CHANDRAPUR,2006,Kharif,Rice,136300,188700,1.384446075
Maharashtra,CHANDRAPUR,2006,Kharif,Sesamum,700,100,0.142857143
Maharashtra,CHANDRAPUR,2006,Kharif,Soyabean,172500,211300,1.224927536
Maharashtra,CHANDRAPUR,2006,Kharif,Urad,300,200,0.666666667
Maharashtra,CHANDRAPUR,2006,Rabi,Gram,28600,14100,0.493006993
Maharashtra,CHANDRAPUR,2006,Rabi,Jowar,16300,7000,0.429447853
Maharashtra,CHANDRAPUR,2006,Rabi,Linseed,28100,6900,0.245551601
Maharashtra,CHANDRAPUR,2006,Rabi,Rapeseed &Mustard,2500,1300,0.52
Maharashtra,CHANDRAPUR,2006,Rabi,Sesamum,100,100,1
Maharashtra,CHANDRAPUR,2006,Rabi,Sunflower,2300,1300,0.565217391
Maharashtra,CHANDRAPUR,2006,Rabi,Wheat,34100,24900,0.730205279
Maharashtra,CHANDRAPUR,2006,Summer,Groundnut,100,100,1
Maharashtra,CHANDRAPUR,2006,Summer,Rice,2900,5000,1.724137931
Maharashtra,CHANDRAPUR,2007,Kharif,Arhar/Tur,326,215,0.659509202
Maharashtra,CHANDRAPUR,2007,Kharif,Castor seed,3,1,0.333333333
Maharashtra,CHANDRAPUR,2007,Kharif,Cotton(lint),500,1042,2.084
Maharashtra,CHANDRAPUR,2007,Kharif,Jowar,70,88,1.257142857
Maharashtra,CHANDRAPUR,2007,Kharif,Moong(Green Gram),7,3,0.428571429
Maharashtra,CHANDRAPUR,2007,Kharif,Rice,1613,2517,1.560446373
Maharashtra,CHANDRAPUR,2007,Kharif,Sesamum,5,2,0.4
Maharashtra,CHANDRAPUR,2007,Kharif,Soyabean,1621,2244,1.38433066
Maharashtra,CHANDRAPUR,2007,Kharif,Urad,4,1,0.25
Maharashtra,CHANDRAPUR,2007,Rabi,Gram,333,202,0.606606607
Maharashtra,CHANDRAPUR,2007,Rabi,Jowar,123,63,0.512195122
Maharashtra,CHANDRAPUR,2007,Rabi,Linseed,288,89,0.309027778
Maharashtra,CHANDRAPUR,2007,Rabi,Rapeseed &Mustard,7,4,0.571428571
Maharashtra,CHANDRAPUR,2007,Rabi,Sesamum,1,1,1
Maharashtra,CHANDRAPUR,2007,Rabi,Sunflower,12,9,0.75
Maharashtra,CHANDRAPUR,2007,Summer,Groundnut,2,3,1.5
Maharashtra,CHANDRAPUR,2008,Kharif,Arhar/Tur,27900,16900,0.605734767
Maharashtra,CHANDRAPUR,2008,Kharif,Castor seed,100,30,0.3
Maharashtra,CHANDRAPUR,2008,Kharif,Cotton(lint),48800,81400,1.668032787
Maharashtra,CHANDRAPUR,2008,Kharif,Jowar,1800,1900,1.055555556
Maharashtra,CHANDRAPUR,2008,Kharif,Moong(Green Gram),800,300,0.375
Maharashtra,CHANDRAPUR,2008,Kharif,Rice,157700,133700,0.847812302
Maharashtra,CHANDRAPUR,2008,Kharif,Sesamum,500,200,0.4
Maharashtra,CHANDRAPUR,2008,Kharif,Soyabean,181900,119700,0.658053876
Maharashtra,CHANDRAPUR,2008,Kharif,Urad,400,200,0.5
Maharashtra,CHANDRAPUR,2008,Rabi,Gram,30500,15000,0.491803279
Maharashtra,CHANDRAPUR,2008,Rabi,Jowar,4300,1600,0.372093023
Maharashtra,CHANDRAPUR,2008,Rabi,Linseed,13200,3000,0.227272727
Maharashtra,CHANDRAPUR,2008,Rabi,Rapeseed &Mustard,500,200,0.4
Maharashtra,CHANDRAPUR,2008,Rabi,Sunflower,200,100,0.5
Maharashtra,CHANDRAPUR,2008,Rabi,Wheat,30000,27500,0.916666667
Maharashtra,CHANDRAPUR,2009,Kharif,Arhar/Tur,31400,36600,1.165605096
Maharashtra,CHANDRAPUR,2009,Kharif,Cotton(lint),54200,77500,1.429889299
Maharashtra,CHANDRAPUR,2009,Kharif,Jowar,900,600,0.666666667
Maharashtra,CHANDRAPUR,2009,Kharif,Maize,100,200,2
Maharashtra,CHANDRAPUR,2009,Kharif,Moong(Green Gram),300,200,0.666666667
Maharashtra,CHANDRAPUR,2009,Kharif,Rice,112600,69700,0.619005329
Maharashtra,CHANDRAPUR,2009,Kharif,Sesamum,300,100,0.333333333
Maharashtra,CHANDRAPUR,2009,Kharif,Soyabean,179800,62100,0.34538376
Maharashtra,CHANDRAPUR,2009,Kharif,Urad,200,100,0.5
Maharashtra,CHANDRAPUR,2009,Rabi,Gram,30300,13600,0.448844884
Maharashtra,CHANDRAPUR,2009,Rabi,Jowar,5100,2100,0.411764706
Maharashtra,CHANDRAPUR,2009,Rabi,Linseed,10500,3100,0.295238095
Maharashtra,CHANDRAPUR,2009,Rabi,Rapeseed &Mustard,300,200,0.666666667
Maharashtra,CHANDRAPUR,2009,Rabi,Sesamum,200,23,0.115
Maharashtra,CHANDRAPUR,2009,Rabi,Wheat,25700,16700,0.649805447
Maharashtra,CHANDRAPUR,2010,Kharif,Arhar/Tur,39600,34100,0.861111111
Maharashtra,CHANDRAPUR,2010,Kharif,Castor seed,100,100,1
Maharashtra,CHANDRAPUR,2010,Kharif,Cotton(lint),93300,126300,1.353697749
Maharashtra,CHANDRAPUR,2010,Kharif,Jowar,2100,1300,0.619047619
Maharashtra,CHANDRAPUR,2010,Kharif,Moong(Green Gram),400,100,0.25
Maharashtra,CHANDRAPUR,2010,Kharif,Rice,114300,160100,1.400699913
Maharashtra,CHANDRAPUR,2010,Kharif,Sesamum,400,200,0.5
Maharashtra,CHANDRAPUR,2010,Kharif,Soyabean,148300,148600,1.002022927
Maharashtra,CHANDRAPUR,2010,Kharif,Urad,300,200,0.666666667
Maharashtra,CHANDRAPUR,2010,Rabi,Gram,37400,22400,0.598930481
Maharashtra,CHANDRAPUR,2010,Rabi,Jowar,6100,3000,0.491803279
Maharashtra,CHANDRAPUR,2010,Rabi,Linseed,10600,3200,0.301886792
Maharashtra,CHANDRAPUR,2010,Rabi,Rapeseed &Mustard,300,200,0.666666667
Maharashtra,CHANDRAPUR,2010,Rabi,Sesamum,200,60,0.3
Maharashtra,CHANDRAPUR,2010,Rabi,Wheat,34300,36800,1.072886297
Maharashtra,CHANDRAPUR,2011,Kharif,Arhar/Tur,34700,26000,0.749279539
Maharashtra,CHANDRAPUR,2011,Kharif,Castor seed,200,100,0.5
Maharashtra,CHANDRAPUR,2011,Kharif,Cotton(lint),100000,158900,1.589
Maharashtra,CHANDRAPUR,2011,Kharif,Jowar,2500,1800,0.72
Maharashtra,CHANDRAPUR,2011,Kharif,Moong(Green Gram),700,100,0.142857143
Maharashtra,CHANDRAPUR,2011,Kharif,Other Kharif pulses,1300,300,0.230769231
Maharashtra,CHANDRAPUR,2011,Kharif,Rice,158100,199900,1.264389627
Maharashtra,CHANDRAPUR,2011,Kharif,Sesamum,500,100,0.2
Maharashtra,CHANDRAPUR,2011,Kharif,Soyabean,146800,129700,0.883514986
Maharashtra,CHANDRAPUR,2011,Kharif,Urad,300,100,0.333333333
Maharashtra,CHANDRAPUR,2011,Rabi,Gram,26800,15700,0.585820896
Maharashtra,CHANDRAPUR,2011,Rabi,Jowar,5000,1900,0.38
Maharashtra,CHANDRAPUR,2011,Rabi,Linseed,7100,2200,0.309859155
Maharashtra,CHANDRAPUR,2011,Rabi,Other  Rabi pulses,20100,6000,0.298507463
Maharashtra,CHANDRAPUR,2011,Rabi,Rapeseed &Mustard,200,100,0.5
Maharashtra,CHANDRAPUR,2011,Rabi,Wheat,22100,27100,1.226244344
Maharashtra,CHANDRAPUR,2011,Summer,Rice,1800,3300,1.833333333
Maharashtra,CHANDRAPUR,2012,Kharif,Arhar/Tur,34700,48400,1.39481268
Maharashtra,CHANDRAPUR,2012,Kharif,Castor seed,200,20,0.1
Maharashtra,CHANDRAPUR,2012,Kharif,Cotton(lint),107700,269900,2.506035283
Maharashtra,CHANDRAPUR,2012,Kharif,Jowar,2700,2600,0.962962963
Maharashtra,CHANDRAPUR,2012,Kharif,Moong(Green Gram),600,200,0.333333333
Maharashtra,CHANDRAPUR,2012,Kharif,Other Kharif pulses,2300,600,0.260869565
Maharashtra,CHANDRAPUR,2012,Kharif,Rice,158200,250500,1.583438685
Maharashtra,CHANDRAPUR,2012,Kharif,Sesamum,500,200,0.4
Maharashtra,CHANDRAPUR,2012,Kharif,Soyabean,142100,145100,1.021111893
Maharashtra,CHANDRAPUR,2012,Kharif,Urad,200,100,0.5
Maharashtra,CHANDRAPUR,2012,Rabi,Gram,29100,23600,0.810996564
Maharashtra,CHANDRAPUR,2012,Rabi,Jowar,4600,2500,0.543478261
Maharashtra,CHANDRAPUR,2012,Rabi,Linseed,6300,2500,0.396825397
Maharashtra,CHANDRAPUR,2012,Rabi,Other  Rabi pulses,30200,9900,0.32781457
Maharashtra,CHANDRAPUR,2012,Rabi,Rapeseed &Mustard,600,200,0.333333333
Maharashtra,CHANDRAPUR,2012,Rabi,Wheat,22400,26700,1.191964286
Maharashtra,CHANDRAPUR,2012,Summer,Groundnut,10,20,2
Maharashtra,CHANDRAPUR,2012,Summer,Maize,100,100,1
Maharashtra,CHANDRAPUR,2012,Summer,Rice,2600,5400,2.076923077
Maharashtra,CHANDRAPUR,2013,Kharif,Arhar/Tur,32600,28500,0.874233129
Maharashtra,CHANDRAPUR,2013,Kharif,Cotton(lint),107100,202300,1.888888889
Maharashtra,CHANDRAPUR,2013,Kharif,Jowar,2700,2100,0.777777778
Maharashtra,CHANDRAPUR,2013,Kharif,Moong(Green Gram),600,300,0.5
Maharashtra,CHANDRAPUR,2013,Kharif,Other Kharif pulses,400,200,0.5
Maharashtra,CHANDRAPUR,2013,Kharif,Rice,160200,211300,1.31897628
Maharashtra,CHANDRAPUR,2013,Kharif,Sesamum,500,100,0.2
Maharashtra,CHANDRAPUR,2013,Kharif,Soyabean,142100,88400,0.622097115
Maharashtra,CHANDRAPUR,2013,Kharif,Urad,200,100,0.5
Maharashtra,CHANDRAPUR,2013,Rabi,Gram,32800,17200,0.524390244
Maharashtra,CHANDRAPUR,2013,Rabi,Jowar,5100,2300,0.450980392
Maharashtra,CHANDRAPUR,2013,Rabi,Other  Rabi pulses,36600,14400,0.393442623
Maharashtra,CHANDRAPUR,2013,Rabi,Wheat,25600,28600,1.1171875
Maharashtra,CHANDRAPUR,2013,Summer,Rice,3200,6900,2.15625
Maharashtra,CHANDRAPUR,2014,Kharif,Arhar/Tur,38200,19800,0.518324607
Maharashtra,CHANDRAPUR,2014,Kharif,Cotton(lint),123700,143900,1.163298302
Maharashtra,CHANDRAPUR,2014,Kharif,Jowar,2800,11100,3.964285714
Maharashtra,CHANDRAPUR,2014,Kharif,Moong(Green Gram),600,200,0.333333333
Maharashtra,CHANDRAPUR,2014,Kharif,Other Kharif pulses,1100,300,0.272727273
Maharashtra,CHANDRAPUR,2014,Kharif,Rice,141800,106700,0.752468265
Maharashtra,CHANDRAPUR,2014,Kharif,Soyabean,126200,64300,0.509508716
Maharashtra,CHANDRAPUR,2014,Rabi,Gram,29100,12000,0.412371134
Maharashtra,CHANDRAPUR,2014,Rabi,Jowar,5900,2600,0.440677966
Maharashtra,CHANDRAPUR,2014,Rabi,Linseed,3400,1100,0.323529412
Maharashtra,CHANDRAPUR,2014,Rabi,Other  Rabi pulses,24700,5300,0.214574899
Maharashtra,CHANDRAPUR,2014,Rabi,Wheat,24200,17800,0.73553719
Maharashtra,CHANDRAPUR,2014,Summer,Maize,100,100,1
Maharashtra,CHANDRAPUR,2014,Summer,Rice,4000,6800,1.7
Maharashtra,CHANDRAPUR,2014,Whole Year,Sugarcane,100,9000,90
Maharashtra,DHULE,1997,Autumn,Maize,4,2901,725.25
Maharashtra,DHULE,1997,Kharif,Arhar/Tur,29400,18500,0.629251701
Maharashtra,DHULE,1997,Kharif,Bajra,172500,160300,0.929275362
Maharashtra,DHULE,1997,Kharif,Gram,27300,18800,0.688644689
Maharashtra,DHULE,1997,Kharif,Jowar,75300,94400,1.253652058
Maharashtra,DHULE,1997,Kharif,Maize,19300,33800,1.751295337
Maharashtra,DHULE,1997,Kharif,Moong(Green Gram),34800,32000,0.91954023
Maharashtra,DHULE,1997,Kharif,Pulses total,1152,846,0.734375
Maharashtra,DHULE,1997,Kharif,Ragi,9300,12800,1.376344086
Maharashtra,DHULE,1997,Kharif,Rice,25300,21200,0.837944664
Maharashtra,DHULE,1997,Kharif,Sugarcane,9800,8144,0.831020408
Maharashtra,DHULE,1997,Kharif,Total foodgrain,4349,4174,0.959760865
Maharashtra,DHULE,1997,Kharif,Urad,31900,28100,0.880877743
Maharashtra,DHULE,1997,Rabi,Jowar,42800,35500,0.829439252
Maharashtra,DHULE,1997,Rabi,Maize,1400,2500,1.785714286
Maharashtra,DHULE,1997,Rabi,Other  Rabi pulses,30,2,0.066666667
Maharashtra,DHULE,1997,Rabi,Wheat,18000,23700,1.316666667
Maharashtra,DHULE,1997,Summer,Maize,100,100,1
Maharashtra,DHULE,1997,Whole Year,Cotton(lint),867,87200,100.5767013
Maharashtra,DHULE,1998,Kharif,Arhar/Tur,27000,10000,0.37037037
Maharashtra,DHULE,1998,Kharif,Bajra,174100,184800,1.061458932
Maharashtra,DHULE,1998,Kharif,Castor seed,400,100,0.25
Maharashtra,DHULE,1998,Kharif,Cotton(lint),94600,103300,1.091966173
Maharashtra,DHULE,1998,Kharif,Groundnut,51000,38200,0.749019608
Maharashtra,DHULE,1998,Kharif,Jowar,73000,119200,1.632876712
Maharashtra,DHULE,1998,Kharif,Maize,18800,37300,1.984042553
Maharashtra,DHULE,1998,Kharif,Moong(Green Gram),33500,19600,0.585074627
Maharashtra,DHULE,1998,Kharif,Niger seed,1000,400,0.4
Maharashtra,DHULE,1998,Kharif,Other Cereals & Millets,15300,9300,0.607843137
Maharashtra,DHULE,1998,Kharif,Other Kharif pulses,21800,9000,0.412844037
Maharashtra,DHULE,1998,Kharif,Ragi,9100,7100,0.78021978
Maharashtra,DHULE,1998,Kharif,Rice,26400,15900,0.602272727
Maharashtra,DHULE,1998,Kharif,Sesamum,10900,4000,0.366972477
Maharashtra,DHULE,1998,Kharif,Soyabean,4000,5700,1.425
Maharashtra,DHULE,1998,Kharif,Sugarcane,10500,756100,72.00952381
Maharashtra,DHULE,1998,Kharif,Sunflower,800,200,0.25
Maharashtra,DHULE,1998,Kharif,Urad,32600,26500,0.812883436
Maharashtra,DHULE,1998,Rabi,Gram,31100,23400,0.752411576
Maharashtra,DHULE,1998,Rabi,Jowar,46600,48400,1.038626609
Maharashtra,DHULE,1998,Rabi,Maize,1400,2300,1.642857143
Maharashtra,DHULE,1998,Rabi,Other  Rabi pulses,300,200,0.666666667
Maharashtra,DHULE,1998,Rabi,Rapeseed &Mustard,800,200,0.25
Maharashtra,DHULE,1998,Rabi,Safflower,300,200,0.666666667
Maharashtra,DHULE,1998,Rabi,Sesamum,200,,
Maharashtra,DHULE,1998,Rabi,Sunflower,600,300,0.5
Maharashtra,DHULE,1998,Rabi,Wheat,19200,26300,1.369791667
Maharashtra,DHULE,1998,Summer,Groundnut,20200,23800,1.178217822
Maharashtra,DHULE,1998,Summer,Maize,100,100,1
Maharashtra,DHULE,1998,Summer,Sunflower,200,200,1
Maharashtra,DHULE,1999,Kharif,Arhar/Tur,6900,2500,0.362318841
Maharashtra,DHULE,1999,Kharif,Bajra,107000,49200,0.459813084
Maharashtra,DHULE,1999,Kharif,Castor seed,600,100,0.166666667
Maharashtra,DHULE,1999,Kharif,Cotton(lint),67100,45900,0.684053651
Maharashtra,DHULE,1999,Kharif,Groundnut,38000,17400,0.457894737
Maharashtra,DHULE,1999,Kharif,Jowar,35600,33900,0.952247191
Maharashtra,DHULE,1999,Kharif,Maize,3300,5400,1.636363636
Maharashtra,DHULE,1999,Kharif,Moong(Green Gram),17900,10700,0.597765363
Maharashtra,DHULE,1999,Kharif,Other Kharif pulses,17000,6400,0.376470588
Maharashtra,DHULE,1999,Kharif,Ragi,6500,5300,0.815384615
Maharashtra,DHULE,1999,Kharif,Rice,4900,4700,0.959183673
Maharashtra,DHULE,1999,Kharif,Sesamum,10000,2800,0.28
Maharashtra,DHULE,1999,Kharif,Small millets,16100,10600,0.658385093
Maharashtra,DHULE,1999,Kharif,Soyabean,2200,2700,1.227272727
Maharashtra,DHULE,1999,Kharif,Sunflower,200,100,0.5
Maharashtra,DHULE,1999,Kharif,Urad,8600,6900,0.802325581
Maharashtra,DHULE,1999,Rabi,Gram,17900,10300,0.575418994
Maharashtra,DHULE,1999,Rabi,Jowar,10000,10300,1.03
Maharashtra,DHULE,1999,Rabi,Maize,700,1100,1.571428571
Maharashtra,DHULE,1999,Rabi,Other  Rabi pulses,200,100,0.5
Maharashtra,DHULE,1999,Rabi,Rapeseed &Mustard,600,200,0.333333333
Maharashtra,DHULE,1999,Rabi,Sunflower,300,200,0.666666667
Maharashtra,DHULE,1999,Rabi,Wheat,12600,17000,1.349206349
Maharashtra,DHULE,1999,Summer,Groundnut,5900,7200,1.220338983
Maharashtra,DHULE,1999,Summer,Maize,100,100,1
Maharashtra,DHULE,1999,Summer,Sunflower,100,100,1
Maharashtra,DHULE,1999,Whole Year,Sugarcane,5600,452000,80.71428571
Maharashtra,DHULE,2000,Kharif,Arhar/Tur,6900,2000,0.289855072
Maharashtra,DHULE,2000,Kharif,Bajra,108400,41200,0.380073801
Maharashtra,DHULE,2000,Kharif,Castor seed,200,10,0.05
Maharashtra,DHULE,2000,Kharif,Cotton(lint),65900,32900,0.499241275
Maharashtra,DHULE,2000,Kharif,Groundnut,38100,8200,0.215223097
Maharashtra,DHULE,2000,Kharif,Jowar,36900,19300,0.52303523
Maharashtra,DHULE,2000,Kharif,Maize,3600,2400,0.666666667
Maharashtra,DHULE,2000,Kharif,Moong(Green Gram),17900,7100,0.396648045
Maharashtra,DHULE,2000,Kharif,Niger seed,100,100,1
Maharashtra,DHULE,2000,Kharif,Other Kharif pulses,16000,5200,0.325
Maharashtra,DHULE,2000,Kharif,Ragi,6500,3000,0.461538462
Maharashtra,DHULE,2000,Kharif,Rice,4900,1800,0.367346939
Maharashtra,DHULE,2000,Kharif,Sesamum,9600,1400,0.145833333
Maharashtra,DHULE,2000,Kharif,Small millets,13700,8700,0.635036496
Maharashtra,DHULE,2000,Kharif,Soyabean,2200,1300,0.590909091
Maharashtra,DHULE,2000,Kharif,Sunflower,300,200,0.666666667
Maharashtra,DHULE,2000,Kharif,Urad,9300,2900,0.311827957
Maharashtra,DHULE,2000,Rabi,Gram,6800,3600,0.529411765
Maharashtra,DHULE,2000,Rabi,Jowar,4300,1700,0.395348837
Maharashtra,DHULE,2000,Rabi,Maize,500,600,1.2
Maharashtra,DHULE,2000,Rabi,Other  Rabi pulses,100,0,0
Maharashtra,DHULE,2000,Rabi,Sunflower,100,100,1
Maharashtra,DHULE,2000,Rabi,Wheat,8800,8900,1.011363636
Maharashtra,DHULE,2000,Summer,Groundnut,900,1000,1.111111111
Maharashtra,DHULE,2000,Whole Year,Sugarcane,5300,381600,72
Maharashtra,DHULE,2001,Kharif,Arhar/Tur,7300,1700,0.232876712
Maharashtra,DHULE,2001,Kharif,Bajra,143100,130300,0.910552061
Maharashtra,DHULE,2001,Kharif,Castor seed,500,200,0.4
Maharashtra,DHULE,2001,Kharif,Cotton(lint),66800,48700,0.729041916
Maharashtra,DHULE,2001,Kharif,Groundnut,33000,21300,0.645454545
Maharashtra,DHULE,2001,Kharif,Jowar,33900,47400,1.398230088
Maharashtra,DHULE,2001,Kharif,Maize,6400,11500,1.796875
Maharashtra,DHULE,2001,Kharif,Moong(Green Gram),18000,15400,0.855555556
Maharashtra,DHULE,2001,Kharif,Niger seed,500,200,0.4
Maharashtra,DHULE,2001,Kharif,Other Kharif pulses,7500,1800,0.24
Maharashtra,DHULE,2001,Kharif,Ragi,6500,8900,1.369230769
Maharashtra,DHULE,2001,Kharif,Rice,4900,5600,1.142857143
Maharashtra,DHULE,2001,Kharif,Sesamum,10300,3400,0.330097087
Maharashtra,DHULE,2001,Kharif,Small millets,7000,4700,0.671428571
Maharashtra,DHULE,2001,Kharif,Soyabean,2300,4300,1.869565217
Maharashtra,DHULE,2001,Kharif,Sunflower,300,100,0.333333333
Maharashtra,DHULE,2001,Kharif,Urad,9200,9700,1.054347826
Maharashtra,DHULE,2001,Rabi,Gram,8400,4600,0.547619048
Maharashtra,DHULE,2001,Rabi,Jowar,5800,3700,0.637931034
Maharashtra,DHULE,2001,Rabi,Maize,600,1100,1.833333333
Maharashtra,DHULE,2001,Rabi,Other  Rabi pulses,100,0,0
Maharashtra,DHULE,2001,Rabi,Rapeseed &Mustard,100,10,0.1
Maharashtra,DHULE,2001,Rabi,Sesamum,200,10,0.05
Maharashtra,DHULE,2001,Rabi,Small millets,300,100,0.333333333
Maharashtra,DHULE,2001,Rabi,Sunflower,100,100,1
Maharashtra,DHULE,2001,Rabi,Wheat,11300,13400,1.185840708
Maharashtra,DHULE,2001,Summer,Groundnut,5400,8400,1.555555556
Maharashtra,DHULE,2001,Summer,Maize,100,100,1
Maharashtra,DHULE,2001,Whole Year,Sugarcane,4400,281900,64.06818182
Maharashtra,DHULE,2002,Kharif,Arhar/Tur,9200,2700,0.293478261
Maharashtra,DHULE,2002,Kharif,Bajra,143800,104100,0.723922114
Maharashtra,DHULE,2002,Kharif,Cotton(lint),66400,35800,0.539156627
Maharashtra,DHULE,2002,Kharif,Groundnut,33100,19600,0.592145015
Maharashtra,DHULE,2002,Kharif,Jowar,33700,37500,1.112759644
Maharashtra,DHULE,2002,Kharif,Maize,7600,14100,1.855263158
Maharashtra,DHULE,2002,Kharif,Moong(Green Gram),21600,8600,0.398148148
Maharashtra,DHULE,2002,Kharif,Niger seed,100,100,1
Maharashtra,DHULE,2002,Kharif,Other Kharif pulses,4900,1400,0.285714286
Maharashtra,DHULE,2002,Kharif,Ragi,6100,4400,0.721311475
Maharashtra,DHULE,2002,Kharif,Rice,5200,4200,0.807692308
Maharashtra,DHULE,2002,Kharif,Sesamum,11400,3200,0.280701754
Maharashtra,DHULE,2002,Kharif,Small millets,1100,700,0.636363636
Maharashtra,DHULE,2002,Kharif,Soyabean,1500,2000,1.333333333
Maharashtra,DHULE,2002,Kharif,Sunflower,300,100,0.333333333
Maharashtra,DHULE,2002,Kharif,Urad,12700,8000,0.62992126
Maharashtra,DHULE,2002,Rabi,Gram,11300,7500,0.663716814
Maharashtra,DHULE,2002,Rabi,Jowar,6200,5200,0.838709677
Maharashtra,DHULE,2002,Rabi,Maize,800,1200,1.5
Maharashtra,DHULE,2002,Rabi,Sesamum,200,10,0.05
Maharashtra,DHULE,2002,Rabi,Small millets,700,400,0.571428571
Maharashtra,DHULE,2002,Rabi,Sunflower,100,100,1
Maharashtra,DHULE,2002,Rabi,Wheat,14100,17600,1.24822695
Maharashtra,DHULE,2002,Summer,Groundnut,6300,7800,1.238095238
Maharashtra,DHULE,2002,Whole Year,Sugarcane,4800,292000,60.83333333
Maharashtra,DHULE,2003,Kharif,Arhar/Tur,9500,3800,0.4
Maharashtra,DHULE,2003,Kharif,Bajra,145700,158200,1.085792725
Maharashtra,DHULE,2003,Kharif,Cotton(lint),66500,90300,1.357894737
Maharashtra,DHULE,2003,Kharif,Groundnut,31600,32700,1.034810127
Maharashtra,DHULE,2003,Kharif,Jowar,32500,55500,1.707692308
Maharashtra,DHULE,2003,Kharif,Maize,8600,25400,2.953488372
Maharashtra,DHULE,2003,Kharif,Moong(Green Gram),24500,20400,0.832653061
Maharashtra,DHULE,2003,Kharif,Other Kharif pulses,13100,3300,0.251908397
Maharashtra,DHULE,2003,Kharif,other oilseeds,200,100,0.5
Maharashtra,DHULE,2003,Kharif,Ragi,5700,6200,1.087719298
Maharashtra,DHULE,2003,Kharif,Rice,5000,6900,1.38
Maharashtra,DHULE,2003,Kharif,Sesamum,11300,4800,0.424778761
Maharashtra,DHULE,2003,Kharif,Small millets,1100,900,0.818181818
Maharashtra,DHULE,2003,Kharif,Soyabean,1700,2700,1.588235294
Maharashtra,DHULE,2003,Kharif,Sunflower,200,100,0.5
Maharashtra,DHULE,2003,Kharif,Urad,11500,8100,0.704347826
Maharashtra,DHULE,2003,Rabi,Gram,14300,10000,0.699300699
Maharashtra,DHULE,2003,Rabi,Jowar,7900,11500,1.455696203
Maharashtra,DHULE,2003,Rabi,Maize,800,1700,2.125
Maharashtra,DHULE,2003,Rabi,Other  Rabi pulses,1000,700,0.7
Maharashtra,DHULE,2003,Rabi,Rapeseed &Mustard,100,0,0
Maharashtra,DHULE,2003,Rabi,Wheat,17500,28000,1.6
Maharashtra,DHULE,2003,Summer,Groundnut,6300,7100,1.126984127
Maharashtra,DHULE,2003,Whole Year,Banana,400,38960,97.4
Maharashtra,DHULE,2003,Whole Year,Grapes,52,1395,26.82692308
Maharashtra,DHULE,2003,Whole Year,Mango,3100,5850,1.887096774
Maharashtra,DHULE,2003,Whole Year,Onion,4201,59747,14.22208998
Maharashtra,DHULE,2003,Whole Year,Sugarcane,5000,311600,62.32
Maharashtra,DHULE,2003,Whole Year,Tomato,266,696,2.616541353
Maharashtra,DHULE,2004,Kharif,Arhar/Tur,9000,3700,0.411111111
Maharashtra,DHULE,2004,Kharif,Bajra,138000,142700,1.034057971
Maharashtra,DHULE,2004,Kharif,Groundnut,29500,25000,0.847457627
Maharashtra,DHULE,2004,Kharif,Jowar,29600,43800,1.47972973
Maharashtra,DHULE,2004,Kharif,Maize,8900,21100,2.370786517
Maharashtra,DHULE,2004,Kharif,Moong(Green Gram),22700,11500,0.50660793
Maharashtra,DHULE,2004,Kharif,Other Cereals & Millets,1500,800,0.533333333
Maharashtra,DHULE,2004,Kharif,Other Kharif pulses,12200,4900,0.401639344
Maharashtra,DHULE,2004,Kharif,other oilseeds,200,100,0.5
Maharashtra,DHULE,2004,Kharif,Ragi,5900,6900,1.169491525
Maharashtra,DHULE,2004,Kharif,Rice,5100,5400,1.058823529
Maharashtra,DHULE,2004,Kharif,Sesamum,10400,3200,0.307692308
Maharashtra,DHULE,2004,Kharif,Sunflower,200,100,0.5
Maharashtra,DHULE,2004,Kharif,Urad,8500,3800,0.447058824
Maharashtra,DHULE,2004,Rabi,Gram,15700,12300,0.78343949
Maharashtra,DHULE,2004,Rabi,Jowar,8600,12500,1.453488372
Maharashtra,DHULE,2004,Rabi,Maize,700,2200,3.142857143
Maharashtra,DHULE,2004,Rabi,Other  Rabi pulses,1000,700,0.7
Maharashtra,DHULE,2004,Rabi,Other Cereals & Millets,200,100,0.5
Maharashtra,DHULE,2004,Rabi,Rapeseed &Mustard,100,100,1
Maharashtra,DHULE,2004,Rabi,Sesamum,100,0,0
Maharashtra,DHULE,2004,Rabi,Soyabean,1700,2900,1.705882353
Maharashtra,DHULE,2004,Rabi,Wheat,22000,38800,1.763636364
Maharashtra,DHULE,2004,Summer,Groundnut,8000,11000,1.375
Maharashtra,DHULE,2004,Summer,Maize,100,100,1
Maharashtra,DHULE,2004,Whole Year,Cotton(lint),71800,88300,1.229805014
Maharashtra,DHULE,2004,Whole Year,Sugarcane,3500,205700,58.77142857
Maharashtra,DHULE,2005,Kharif,Arhar/Tur,8800,4500,0.511363636
Maharashtra,DHULE,2005,Kharif,Bajra,130600,80700,0.617917305
Maharashtra,DHULE,2005,Kharif,Castor seed,300,100,0.333333333
Maharashtra,DHULE,2005,Kharif,Cotton(lint),73300,74900,1.021828104
Maharashtra,DHULE,2005,Kharif,Groundnut,29400,18300,0.62244898
Maharashtra,DHULE,2005,Kharif,Moong(Green Gram),23900,13300,0.556485356
Maharashtra,DHULE,2005,Kharif,Niger seed,100,100,1
Maharashtra,DHULE,2005,Kharif,Ragi,4600,3300,0.717391304
Maharashtra,DHULE,2005,Kharif,Rice,5100,5000,0.980392157
Maharashtra,DHULE,2005,Kharif,Sesamum,10700,2700,0.252336449
Maharashtra,DHULE,2005,Kharif,Soyabean,2700,2800,1.037037037
Maharashtra,DHULE,2005,Kharif,Sugarcane,5700,355000,62.28070175
Maharashtra,DHULE,2005,Kharif,Sunflower,200,100,0.5
Maharashtra,DHULE,2005,Kharif,Urad,8500,4600,0.541176471
Maharashtra,DHULE,2005,Rabi,Gram,16400,9400,0.573170732
Maharashtra,DHULE,2005,Rabi,Rapeseed &Mustard,100,100,1
Maharashtra,DHULE,2005,Rabi,Wheat,22200,35800,1.612612613
Maharashtra,DHULE,2005,Summer,Groundnut,3500,3600,1.028571429
Maharashtra,DHULE,2006,Kharif,Arhar/Tur,8600,5500,0.639534884
Maharashtra,DHULE,2006,Kharif,Bajra,130000,119100,0.916153846
Maharashtra,DHULE,2006,Kharif,Castor seed,200,100,0.5
Maharashtra,DHULE,2006,Kharif,Cotton(lint),83500,124000,1.48502994
Maharashtra,DHULE,2006,Kharif,Groundnut,32000,21300,0.665625
Maharashtra,DHULE,2006,Kharif,Jowar,27600,34500,1.25
Maharashtra,DHULE,2006,Kharif,Maize,20500,39300,1.917073171
Maharashtra,DHULE,2006,Kharif,Moong(Green Gram),23900,13800,0.577405858
Maharashtra,DHULE,2006,Kharif,Niger seed,100,100,1
Maharashtra,DHULE,2006,Kharif,Ragi,4100,2600,0.634146341
Maharashtra,DHULE,2006,Kharif,Rice,5100,2100,0.411764706
Maharashtra,DHULE,2006,Kharif,Sesamum,10500,2900,0.276190476
Maharashtra,DHULE,2006,Kharif,Soyabean,3100,2700,0.870967742
Maharashtra,DHULE,2006,Kharif,Sunflower,100,100,1
Maharashtra,DHULE,2006,Kharif,Urad,10900,5200,0.47706422
Maharashtra,DHULE,2006,Rabi,Gram,23800,16300,0.68487395
Maharashtra,DHULE,2006,Rabi,Jowar,9200,11100,1.206521739
Maharashtra,DHULE,2006,Rabi,Maize,600,1200,2
Maharashtra,DHULE,2006,Rabi,Wheat,28000,44100,1.575
Maharashtra,DHULE,2006,Summer,Groundnut,5600,6500,1.160714286
Maharashtra,DHULE,2006,Summer,Maize,500,500,1
Maharashtra,DHULE,2007,Kharif,Arhar/Tur,97,77,0.793814433
Maharashtra,DHULE,2007,Kharif,Bajra,1045,1191,1.139712919
Maharashtra,DHULE,2007,Kharif,Castor seed,8,4,0.5
Maharashtra,DHULE,2007,Kharif,Cotton(lint),1151,2523,2.19200695
Maharashtra,DHULE,2007,Kharif,Groundnut,357,294,0.823529412
Maharashtra,DHULE,2007,Kharif,Jowar,285,563,1.975438596
Maharashtra,DHULE,2007,Kharif,Maize,347,865,2.492795389
Maharashtra,DHULE,2007,Kharif,Moong(Green Gram),258,135,0.523255814
Maharashtra,DHULE,2007,Kharif,Ragi,30,29,0.966666667
Maharashtra,DHULE,2007,Kharif,Rice,44,35,0.795454545
Maharashtra,DHULE,2007,Kharif,Sesamum,108,45,0.416666667
Maharashtra,DHULE,2007,Kharif,Soyabean,54,80,1.481481481
Maharashtra,DHULE,2007,Kharif,Sunflower,1,1,1
Maharashtra,DHULE,2007,Kharif,Urad,123,77,0.62601626
Maharashtra,DHULE,2007,Rabi,Gram,250,279,1.116
Maharashtra,DHULE,2007,Rabi,Jowar,85,142,1.670588235
Maharashtra,DHULE,2007,Rabi,Maize,8,25,3.125
Maharashtra,DHULE,2007,Rabi,Rapeseed &Mustard,1,1,1
Maharashtra,DHULE,2007,Rabi,Wheat,360,862,2.394444444
Maharashtra,DHULE,2007,Summer,Groundnut,107,140,1.308411215
Maharashtra,DHULE,2007,Summer,Maize,4,5,1.25
Maharashtra,DHULE,2007,Whole Year,Sugarcane,128,8201,64.0703125
Maharashtra,DHULE,2008,Kharif,Arhar/Tur,7900,3700,0.46835443
Maharashtra,DHULE,2008,Kharif,Bajra,124700,49600,0.397754611
Maharashtra,DHULE,2008,Kharif,Castor seed,200,100,0.5
Maharashtra,DHULE,2008,Kharif,Cotton(lint),110700,73100,0.66034327
Maharashtra,DHULE,2008,Kharif,Groundnut,23100,8500,0.367965368
Maharashtra,DHULE,2008,Kharif,Jowar,20900,13400,0.641148325
Maharashtra,DHULE,2008,Kharif,Maize,32300,43700,1.352941176
Maharashtra,DHULE,2008,Kharif,Moong(Green Gram),17900,2900,0.162011173
Maharashtra,DHULE,2008,Kharif,Niger seed,100,100,1
Maharashtra,DHULE,2008,Kharif,Ragi,3000,1700,0.566666667
Maharashtra,DHULE,2008,Kharif,Rice,5400,3000,0.555555556
Maharashtra,DHULE,2008,Kharif,Sesamum,5200,800,0.153846154
Maharashtra,DHULE,2008,Kharif,Soyabean,14600,10600,0.726027397
Maharashtra,DHULE,2008,Kharif,Sugarcane,7900,442800,56.05063291
Maharashtra,DHULE,2008,Kharif,Sunflower,100,100,1
Maharashtra,DHULE,2008,Kharif,Urad,7600,1000,0.131578947
Maharashtra,DHULE,2008,Rabi,Gram,13100,10400,0.79389313
Maharashtra,DHULE,2008,Rabi,Jowar,8300,10200,1.228915663
Maharashtra,DHULE,2008,Rabi,Maize,9,28,3.111111111
Maharashtra,DHULE,2008,Rabi,Wheat,21300,36500,1.713615023
Maharashtra,DHULE,2008,Whole Year,Sugarcane,7900,442800,56.05063291
Maharashtra,DHULE,2009,Kharif,Arhar/Tur,7200,4300,0.597222222
Maharashtra,DHULE,2009,Kharif,Bajra,104900,99800,0.951382269
Maharashtra,DHULE,2009,Kharif,Castor seed,300,100,0.333333333
Maharashtra,DHULE,2009,Kharif,Cotton(lint),129300,197700,1.52900232
Maharashtra,DHULE,2009,Kharif,Groundnut,21600,16700,0.773148148
Maharashtra,DHULE,2009,Kharif,Jowar,24700,30000,1.214574899
Maharashtra,DHULE,2009,Kharif,Maize,37900,85300,2.250659631
Maharashtra,DHULE,2009,Kharif,Moong(Green Gram),20300,9700,0.477832512
Maharashtra,DHULE,2009,Kharif,Ragi,2600,1600,0.615384615
Maharashtra,DHULE,2009,Kharif,Rice,4900,2400,0.489795918
Maharashtra,DHULE,2009,Kharif,Sesamum,4300,1100,0.255813953
Maharashtra,DHULE,2009,Kharif,Soyabean,19900,18600,0.934673367
Maharashtra,DHULE,2009,Kharif,Sugarcane,4600,350400,76.17391304
Maharashtra,DHULE,2009,Kharif,Sunflower,100,42,0.42
Maharashtra,DHULE,2009,Kharif,Urad,7800,3000,0.384615385
Maharashtra,DHULE,2009,Rabi,Gram,20800,21600,1.038461538
Maharashtra,DHULE,2009,Rabi,Jowar,10200,13100,1.284313725
Maharashtra,DHULE,2009,Rabi,Maize,2100,6500,3.095238095
Maharashtra,DHULE,2009,Rabi,Wheat,28800,59100,2.052083333
Maharashtra,DHULE,2010,Kharif,Arhar/Tur,9200,8200,0.891304348
Maharashtra,DHULE,2010,Kharif,Bajra,109400,171300,1.565813528
Maharashtra,DHULE,2010,Kharif,Castor seed,100,40,0.4
Maharashtra,DHULE,2010,Kharif,Cotton(lint),133100,335900,2.523666416
Maharashtra,DHULE,2010,Kharif,Groundnut,21100,27900,1.322274882
Maharashtra,DHULE,2010,Kharif,Jowar,24500,53900,2.2
Maharashtra,DHULE,2010,Kharif,Maize,46000,156500,3.402173913
Maharashtra,DHULE,2010,Kharif,Moong(Green Gram),20600,20200,0.980582524
Maharashtra,DHULE,2010,Kharif,Ragi,3000,3600,1.2
Maharashtra,DHULE,2010,Kharif,Rice,5000,6700,1.34
Maharashtra,DHULE,2010,Kharif,Sesamum,3800,1800,0.473684211
Maharashtra,DHULE,2010,Kharif,Soyabean,21100,47100,2.232227488
Maharashtra,DHULE,2010,Kharif,Sugarcane,5300,442600,83.50943396
Maharashtra,DHULE,2010,Kharif,Urad,10200,9700,0.950980392
Maharashtra,DHULE,2010,Rabi,Gram,22600,20000,0.884955752
Maharashtra,DHULE,2010,Rabi,Jowar,9700,16100,1.659793814
Maharashtra,DHULE,2010,Rabi,Maize,2200,7200,3.272727273
Maharashtra,DHULE,2010,Rabi,Rapeseed &Mustard,500,200,0.4
Maharashtra,DHULE,2010,Rabi,Wheat,30300,65300,2.155115512
Maharashtra,DHULE,2011,Kharif,Arhar/Tur,7500,4400,0.586666667
Maharashtra,DHULE,2011,Kharif,Bajra,112500,123200,1.095111111
Maharashtra,DHULE,2011,Kharif,Cotton(lint),156200,270100,1.729193342
Maharashtra,DHULE,2011,Kharif,Groundnut,14600,11700,0.801369863
Maharashtra,DHULE,2011,Kharif,Jowar,22000,34500,1.568181818
Maharashtra,DHULE,2011,Kharif,Maize,52700,128400,2.436432638
Maharashtra,DHULE,2011,Kharif,Moong(Green Gram),18100,7400,0.408839779
Maharashtra,DHULE,2011,Kharif,Other Kharif pulses,1100,500,0.454545455
Maharashtra,DHULE,2011,Kharif,Ragi,800,600,0.75
Maharashtra,DHULE,2011,Kharif,Rice,7900,5300,0.670886076
Maharashtra,DHULE,2011,Kharif,Sesamum,1900,700,0.368421053
Maharashtra,DHULE,2011,Kharif,Soyabean,11000,17700,1.609090909
Maharashtra,DHULE,2011,Kharif,Urad,5500,2800,0.509090909
Maharashtra,DHULE,2011,Rabi,Gram,25300,22900,0.90513834
Maharashtra,DHULE,2011,Rabi,Jowar,10500,12900,1.228571429
Maharashtra,DHULE,2011,Rabi,Maize,2400,7600,3.166666667
Maharashtra,DHULE,2011,Rabi,Other  Rabi pulses,600,200,0.333333333
Maharashtra,DHULE,2011,Rabi,Rapeseed &Mustard,1600,600,0.375
Maharashtra,DHULE,2011,Rabi,Wheat,34300,78600,2.29154519
Maharashtra,DHULE,2011,Summer,Groundnut,5200,7200,1.384615385
Maharashtra,DHULE,2011,Summer,Maize,2100,2400,1.142857143
Maharashtra,DHULE,2011,Whole Year,Sugarcane,5200,359600,69.15384615
Maharashtra,DHULE,2012,Kharif,Arhar/Tur,8200,4000,0.487804878
Maharashtra,DHULE,2012,Kharif,Bajra,130800,116100,0.887614679
Maharashtra,DHULE,2012,Kharif,Castor seed,400,40,0.1
Maharashtra,DHULE,2012,Kharif,Cotton(lint),160500,260200,1.621183801
Maharashtra,DHULE,2012,Kharif,Groundnut,15100,10700,0.708609272
Maharashtra,DHULE,2012,Kharif,Jowar,20400,31900,1.56372549
Maharashtra,DHULE,2012,Kharif,Maize,61800,159700,2.584142395
Maharashtra,DHULE,2012,Kharif,Moong(Green Gram),17000,8600,0.505882353
Maharashtra,DHULE,2012,Kharif,Other Kharif pulses,2200,600,0.272727273
Maharashtra,DHULE,2012,Kharif,Ragi,800,1100,1.375
Maharashtra,DHULE,2012,Kharif,Rice,7700,7400,0.961038961
Maharashtra,DHULE,2012,Kharif,Sesamum,2000,1100,0.55
Maharashtra,DHULE,2012,Kharif,Soyabean,11400,18300,1.605263158
Maharashtra,DHULE,2012,Kharif,Urad,5300,2600,0.490566038
Maharashtra,DHULE,2012,Rabi,Gram,37000,32300,0.872972973
Maharashtra,DHULE,2012,Rabi,Jowar,16000,18100,1.13125
Maharashtra,DHULE,2012,Rabi,Maize,2500,7700,3.08
Maharashtra,DHULE,2012,Rabi,Other  Rabi pulses,400,200,0.5
Maharashtra,DHULE,2012,Rabi,Wheat,37500,82400,2.197333333
Maharashtra,DHULE,2012,Summer,Groundnut,5100,7500,1.470588235
Maharashtra,DHULE,2012,Summer,Maize,800,900,1.125
Maharashtra,DHULE,2012,Whole Year,Sugarcane,5300,434100,81.90566038
Maharashtra,DHULE,2013,Kharif,Arhar/Tur,9000,7500,0.833333333
Maharashtra,DHULE,2013,Kharif,Bajra,99900,132900,1.33033033
Maharashtra,DHULE,2013,Kharif,Cotton(lint),173200,432700,2.498267898
Maharashtra,DHULE,2013,Kharif,Groundnut,14800,14100,0.952702703
Maharashtra,DHULE,2013,Kharif,Jowar,19700,35100,1.781725888
Maharashtra,DHULE,2013,Kharif,Maize,82100,265100,3.228989038
Maharashtra,DHULE,2013,Kharif,Moong(Green Gram),17000,7700,0.452941176
Maharashtra,DHULE,2013,Kharif,Other Kharif pulses,3300,1000,0.303030303
Maharashtra,DHULE,2013,Kharif,Ragi,800,1300,1.625
Maharashtra,DHULE,2013,Kharif,Rice,7700,9700,1.25974026
Maharashtra,DHULE,2013,Kharif,Sesamum,2700,600,0.222222222
Maharashtra,DHULE,2013,Kharif,Soyabean,12000,16200,1.35
Maharashtra,DHULE,2013,Kharif,Sunflower,100,100,1
Maharashtra,DHULE,2013,Kharif,Urad,6000,3400,0.566666667
Maharashtra,DHULE,2013,Rabi,Gram,42300,53260,1.259101655
Maharashtra,DHULE,2013,Rabi,Jowar,19200,26700,1.390625
Maharashtra,DHULE,2013,Rabi,Maize,2900,5900,2.034482759
Maharashtra,DHULE,2013,Rabi,Other  Rabi pulses,700,400,0.571428571
Maharashtra,DHULE,2013,Rabi,Wheat,47200,77500,1.641949153
Maharashtra,DHULE,2013,Summer,Groundnut,5100,9600,1.882352941
Maharashtra,DHULE,2013,Summer,Maize,900,1000,1.111111111
Maharashtra,DHULE,2013,Whole Year,Sugarcane,6500,536900,82.6
Maharashtra,DHULE,2014,Kharif,Arhar/Tur,11600,5200,0.448275862
Maharashtra,DHULE,2014,Kharif,Bajra,116800,97500,0.834760274
Maharashtra,DHULE,2014,Kharif,Castor seed,400,100,0.25
Maharashtra,DHULE,2014,Kharif,Cotton(lint),209900,258200,1.230109576
Maharashtra,DHULE,2014,Kharif,Groundnut,15100,9100,0.602649007
Maharashtra,DHULE,2014,Kharif,Jowar,19800,23500,1.186868687
Maharashtra,DHULE,2014,Kharif,Maize,89600,178200,1.988839286
Maharashtra,DHULE,2014,Kharif,Moong(Green Gram),18400,6500,0.35326087
Maharashtra,DHULE,2014,Kharif,Other Kharif pulses,1600,600,0.375
Maharashtra,DHULE,2014,Kharif,Ragi,1000,1300,1.3
Maharashtra,DHULE,2014,Kharif,Rice,100,0,0
Maharashtra,DHULE,2014,Kharif,Sesamum,2800,900,0.321428571
Maharashtra,DHULE,2014,Kharif,Soyabean,15500,20000,1.290322581
Maharashtra,DHULE,2014,Rabi,Gram,22300,17800,0.798206278
Maharashtra,DHULE,2014,Rabi,Jowar,11000,14800,1.345454545
Maharashtra,DHULE,2014,Rabi,Maize,10400,37400,3.596153846
Maharashtra,DHULE,2014,Rabi,Other  Rabi pulses,900,200,0.222222222
Maharashtra,DHULE,2014,Rabi,Wheat,36000,65700,1.825
Maharashtra,DHULE,2014,Summer,Groundnut,5200,8500,1.634615385
Maharashtra,DHULE,2014,Summer,Maize,600,600,1
Maharashtra,DHULE,2014,Whole Year,Sugarcane,7000,438400,62.62857143
Maharashtra,GADCHIROLI,1997,Kharif,Arhar/Tur,2100,600,0.285714286
Maharashtra,GADCHIROLI,1997,Kharif,Gram,3600,800,0.222222222
Maharashtra,GADCHIROLI,1997,Kharif,Jowar,100,100,1
Maharashtra,GADCHIROLI,1997,Kharif,Maize,1800,1600,0.888888889
Maharashtra,GADCHIROLI,1997,Kharif,Moong(Green Gram),100,100,1
Maharashtra,GADCHIROLI,1997,Kharif,Pulses total,49,17,0.346938776
Maharashtra,GADCHIROLI,1997,Kharif,Rice,135300,148300,1.096082779
Maharashtra,GADCHIROLI,1997,Kharif,Total foodgrain,1436,1526,1.062674095
Maharashtra,GADCHIROLI,1997,Kharif,Urad,200,100,0.5
Maharashtra,GADCHIROLI,1997,Rabi,Jowar,18200,5900,0.324175824
Maharashtra,GADCHIROLI,1997,Rabi,Maize,800,700,0.875
Maharashtra,GADCHIROLI,1997,Rabi,Wheat,1400,1000,0.714285714
Maharashtra,GADCHIROLI,1997,Summer,Rice,25,29,1.16
Maharashtra,GADCHIROLI,1998,Kharif,Arhar/Tur,1800,1300,0.722222222
Maharashtra,GADCHIROLI,1998,Kharif,Jowar,100,100,1
Maharashtra,GADCHIROLI,1998,Kharif,Maize,3000,5700,1.9
Maharashtra,GADCHIROLI,1998,Kharif,Moong(Green Gram),100,100,1
Maharashtra,GADCHIROLI,1998,Kharif,Other Cereals & Millets,200,200,1
Maharashtra,GADCHIROLI,1998,Kharif,Other Kharif pulses,3200,1300,0.40625
Maharashtra,GADCHIROLI,1998,Kharif,Rice,138300,154100,1.114244396
Maharashtra,GADCHIROLI,1998,Kharif,Sesamum,600,200,0.333333333
Maharashtra,GADCHIROLI,1998,Kharif,Soyabean,1400,1700,1.214285714
Maharashtra,GADCHIROLI,1998,Kharif,Urad,100,100,1
Maharashtra,GADCHIROLI,1998,Rabi,Gram,3500,2000,0.571428571
Maharashtra,GADCHIROLI,1998,Rabi,Jowar,15200,4200,0.276315789
Maharashtra,GADCHIROLI,1998,Rabi,Linseed,4400,800,0.181818182
Maharashtra,GADCHIROLI,1998,Rabi,Other  Rabi pulses,17500,6400,0.365714286
Maharashtra,GADCHIROLI,1998,Rabi,Rapeseed &Mustard,300,100,0.333333333
Maharashtra,GADCHIROLI,1998,Rabi,Safflower,100,100,1
Maharashtra,GADCHIROLI,1998,Rabi,Sesamum,2600,400,0.153846154
Maharashtra,GADCHIROLI,1998,Rabi,Sunflower,500,200,0.4
Maharashtra,GADCHIROLI,1998,Rabi,Wheat,1300,1200,0.923076923
Maharashtra,GADCHIROLI,1998,Summer,Groundnut,100,100,1
Maharashtra,GADCHIROLI,1998,Summer,Rice,4800,7100,1.479166667
Maharashtra,GADCHIROLI,1999,Kharif,Arhar/Tur,1800,1700,0.944444444
Maharashtra,GADCHIROLI,1999,Kharif,Maize,3000,3900,1.3
Maharashtra,GADCHIROLI,1999,Kharif,Moong(Green Gram),100,100,1
Maharashtra,GADCHIROLI,1999,Kharif,Other Kharif pulses,500,100,0.2
Maharashtra,GADCHIROLI,1999,Kharif,Rice,139400,190100,1.363701578
Maharashtra,GADCHIROLI,1999,Kharif,Sesamum,600,200,0.333333333
Maharashtra,GADCHIROLI,1999,Kharif,Small millets,1300,1000,0.769230769
Maharashtra,GADCHIROLI,1999,Kharif,Soyabean,1600,1700,1.0625
Maharashtra,GADCHIROLI,1999,Kharif,Urad,100,100,1
Maharashtra,GADCHIROLI,1999,Rabi,Gram,3600,1600,0.444444444
Maharashtra,GADCHIROLI,1999,Rabi,Jowar,13100,5000,0.381679389
Maharashtra,GADCHIROLI,1999,Rabi,Linseed,4500,900,0.2
Maharashtra,GADCHIROLI,1999,Rabi,Other  Rabi pulses,21300,10200,0.478873239
Maharashtra,GADCHIROLI,1999,Rabi,Rapeseed &Mustard,100,100,1
Maharashtra,GADCHIROLI,1999,Rabi,Sesamum,1200,400,0.333333333
Maharashtra,GADCHIROLI,1999,Rabi,Sunflower,200,100,0.5
Maharashtra,GADCHIROLI,1999,Rabi,Wheat,1000,600,0.6
Maharashtra,GADCHIROLI,1999,Summer,Rice,5400,10200,1.888888889
Maharashtra,GADCHIROLI,2000,Kharif,Arhar/Tur,1600,1200,0.75
Maharashtra,GADCHIROLI,2000,Kharif,Maize,2700,3600,1.333333333
Maharashtra,GADCHIROLI,2000,Kharif,Moong(Green Gram),100,100,1
Maharashtra,GADCHIROLI,2000,Kharif,Other Kharif pulses,1900,700,0.368421053
Maharashtra,GADCHIROLI,2000,Kharif,Rice,138400,107300,0.775289017
Maharashtra,GADCHIROLI,2000,Kharif,Sesamum,600,100,0.166666667
Maharashtra,GADCHIROLI,2000,Kharif,Small millets,1200,800,0.666666667
Maharashtra,GADCHIROLI,2000,Kharif,Soyabean,1800,1800,1
Maharashtra,GADCHIROLI,2000,Kharif,Urad,100,100,1
Maharashtra,GADCHIROLI,2000,Rabi,Gram,8100,4100,0.50617284
Maharashtra,GADCHIROLI,2000,Rabi,Jowar,9900,3300,0.333333333
Maharashtra,GADCHIROLI,2000,Rabi,Linseed,2400,600,0.25
Maharashtra,GADCHIROLI,2000,Rabi,Maize,200,200,1
Maharashtra,GADCHIROLI,2000,Rabi,Other  Rabi pulses,10200,3900,0.382352941
Maharashtra,GADCHIROLI,2000,Rabi,Rapeseed &Mustard,300,100,0.333333333
Maharashtra,GADCHIROLI,2000,Rabi,Sesamum,1300,400,0.307692308
Maharashtra,GADCHIROLI,2000,Rabi,Sunflower,100,100,1
Maharashtra,GADCHIROLI,2000,Rabi,Wheat,1000,600,0.6
Maharashtra,GADCHIROLI,2000,Summer,Rice,2400,2800,1.166666667
Maharashtra,GADCHIROLI,2001,Kharif,Arhar/Tur,1500,1600,1.066666667
Maharashtra,GADCHIROLI,2001,Kharif,Maize,2000,5200,2.6
Maharashtra,GADCHIROLI,2001,Kharif,Moong(Green Gram),100,100,1
Maharashtra,GADCHIROLI,2001,Kharif,Other Kharif pulses,900,200,0.222222222
Maharashtra,GADCHIROLI,2001,Kharif,Rice,142100,163800,1.15270936
Maharashtra,GADCHIROLI,2001,Kharif,Sesamum,600,200,0.333333333
Maharashtra,GADCHIROLI,2001,Kharif,Small millets,600,400,0.666666667
Maharashtra,GADCHIROLI,2001,Kharif,Soyabean,2200,2600,1.181818182
Maharashtra,GADCHIROLI,2001,Kharif,Urad,100,100,1
Maharashtra,GADCHIROLI,2001,Rabi,Gram,2300,1400,0.608695652
Maharashtra,GADCHIROLI,2001,Rabi,Jowar,8800,3900,0.443181818
Maharashtra,GADCHIROLI,2001,Rabi,Linseed,100,100,1
Maharashtra,GADCHIROLI,2001,Rabi,Maize,200,400,2
Maharashtra,GADCHIROLI,2001,Rabi,Other  Rabi pulses,13200,6600,0.5
Maharashtra,GADCHIROLI,2001,Rabi,Rapeseed &Mustard,1700,300,0.176470588
Maharashtra,GADCHIROLI,2001,Rabi,Sesamum,1400,300,0.214285714
Maharashtra,GADCHIROLI,2001,Rabi,Small millets,1300,600,0.461538462
Maharashtra,GADCHIROLI,2001,Rabi,Sunflower,100,100,1
Maharashtra,GADCHIROLI,2001,Rabi,Wheat,1000,800,0.8
Maharashtra,GADCHIROLI,2001,Summer,Rice,3000,4900,1.633333333
Maharashtra,GADCHIROLI,2002,Kharif,Arhar/Tur,1700,1500,0.882352941
Maharashtra,GADCHIROLI,2002,Kharif,Cotton(lint),400,400,1
Maharashtra,GADCHIROLI,2002,Kharif,Maize,2100,4300,2.047619048
Maharashtra,GADCHIROLI,2002,Kharif,Moong(Green Gram),200,100,0.5
Maharashtra,GADCHIROLI,2002,Kharif,Other Kharif pulses,1200,300,0.25
Maharashtra,GADCHIROLI,2002,Kharif,Rice,142600,74900,0.525245442
Maharashtra,GADCHIROLI,2002,Kharif,Sesamum,600,100,0.166666667
Maharashtra,GADCHIROLI,2002,Kharif,Small millets,200,100,0.5
Maharashtra,GADCHIROLI,2002,Kharif,Soyabean,2800,2500,0.892857143
Maharashtra,GADCHIROLI,2002,Kharif,Urad,100,100,1
Maharashtra,GADCHIROLI,2002,Rabi,Gram,2200,900,0.409090909
Maharashtra,GADCHIROLI,2002,Rabi,Jowar,7200,2400,0.333333333
Maharashtra,GADCHIROLI,2002,Rabi,Linseed,1500,300,0.2
Maharashtra,GADCHIROLI,2002,Rabi,Maize,200,200,1
Maharashtra,GADCHIROLI,2002,Rabi,Other  Rabi pulses,9100,3800,0.417582418
Maharashtra,GADCHIROLI,2002,Rabi,Rapeseed &Mustard,200,10,0.05
Maharashtra,GADCHIROLI,2002,Rabi,Sesamum,1900,400,0.210526316
Maharashtra,GADCHIROLI,2002,Rabi,Small millets,900,200,0.222222222
Maharashtra,GADCHIROLI,2002,Rabi,Wheat,1000,800,0.8
Maharashtra,GADCHIROLI,2002,Summer,Rice,1500,2800,1.866666667
Maharashtra,GADCHIROLI,2003,Kharif,Arhar/Tur,2300,2200,0.956521739
Maharashtra,GADCHIROLI,2003,Kharif,Cotton(lint),100,100,1
Maharashtra,GADCHIROLI,2003,Kharif,Maize,2400,5100,2.125
Maharashtra,GADCHIROLI,2003,Kharif,Moong(Green Gram),200,100,0.5
Maharashtra,GADCHIROLI,2003,Kharif,Other Kharif pulses,1600,500,0.3125
Maharashtra,GADCHIROLI,2003,Kharif,Rice,144300,175700,1.217602218
Maharashtra,GADCHIROLI,2003,Kharif,Sesamum,700,100,0.142857143
Maharashtra,GADCHIROLI,2003,Kharif,Small millets,500,500,1
Maharashtra,GADCHIROLI,2003,Kharif,Soyabean,2700,3600,1.333333333
Maharashtra,GADCHIROLI,2003,Kharif,Urad,200,100,0.5
Maharashtra,GADCHIROLI,2003,Rabi,Gram,2300,1000,0.434782609
Maharashtra,GADCHIROLI,2003,Rabi,Jowar,7700,3700,0.480519481
Maharashtra,GADCHIROLI,2003,Rabi,Linseed,2300,300,0.130434783
Maharashtra,GADCHIROLI,2003,Rabi,Maize,300,600,2
Maharashtra,GADCHIROLI,2003,Rabi,Other  Rabi pulses,20500,7300,0.356097561
Maharashtra,GADCHIROLI,2003,Rabi,Rapeseed &Mustard,700,100,0.142857143
Maharashtra,GADCHIROLI,2003,Rabi,Sesamum,2000,400,0.2
Maharashtra,GADCHIROLI,2003,Rabi,Wheat,900,600,0.666666667
Maharashtra,GADCHIROLI,2003,Summer,Groundnut,100,100,1
Maharashtra,GADCHIROLI,2003,Summer,Rice,1800,3400,1.888888889
Maharashtra,GADCHIROLI,2003,Whole Year,Mango,3960,7320,1.848484848
Maharashtra,GADCHIROLI,2003,Whole Year,Onion,75,935,12.46666667
Maharashtra,GADCHIROLI,2003,Whole Year,Tomato,203,652,3.21182266
Maharashtra,GADCHIROLI,2004,Kharif,Arhar/Tur,2000,1200,0.6
Maharashtra,GADCHIROLI,2004,Kharif,Maize,2300,2800,1.217391304
Maharashtra,GADCHIROLI,2004,Kharif,Moong(Green Gram),200,100,0.5
Maharashtra,GADCHIROLI,2004,Kharif,Other Cereals & Millets,500,300,0.6
Maharashtra,GADCHIROLI,2004,Kharif,Other Kharif pulses,1500,500,0.333333333
Maharashtra,GADCHIROLI,2004,Kharif,Rice,145200,125200,0.862258953
Maharashtra,GADCHIROLI,2004,Kharif,Sesamum,600,100,0.166666667
Maharashtra,GADCHIROLI,2004,Kharif,Urad,200,100,0.5
Maharashtra,GADCHIROLI,2004,Rabi,Gram,2000,500,0.25
Maharashtra,GADCHIROLI,2004,Rabi,Jowar,5500,1600,0.290909091
Maharashtra,GADCHIROLI,2004,Rabi,Linseed,1700,100,0.058823529
Maharashtra,GADCHIROLI,2004,Rabi,Maize,200,300,1.5
Maharashtra,GADCHIROLI,2004,Rabi,Other  Rabi pulses,12700,2700,0.212598425
Maharashtra,GADCHIROLI,2004,Rabi,Rapeseed &Mustard,300,100,0.333333333
Maharashtra,GADCHIROLI,2004,Rabi,Sesamum,2100,500,0.238095238
Maharashtra,GADCHIROLI,2004,Rabi,Soyabean,3100,3100,1
Maharashtra,GADCHIROLI,2004,Rabi,Wheat,600,300,0.5
Maharashtra,GADCHIROLI,2004,Summer,Rice,700,1000,1.428571429
Maharashtra,GADCHIROLI,2004,Whole Year,Cotton(lint),100,100,1
Maharashtra,GADCHIROLI,2005,Kharif,Arhar/Tur,2000,1600,0.8
Maharashtra,GADCHIROLI,2005,Kharif,Cotton(lint),100,100,1
Maharashtra,GADCHIROLI,2005,Kharif,Moong(Green Gram),200,20,0.1
Maharashtra,GADCHIROLI,2005,Kharif,Rice,147200,222100,1.508831522
Maharashtra,GADCHIROLI,2005,Kharif,Sesamum,600,100,0.166666667
Maharashtra,GADCHIROLI,2005,Kharif,Soyabean,3100,1800,0.580645161
Maharashtra,GADCHIROLI,2005,Kharif,Urad,200,100,0.5
Maharashtra,GADCHIROLI,2005,Rabi,Gram,3300,1300,0.393939394
Maharashtra,GADCHIROLI,2005,Rabi,Linseed,3100,600,0.193548387
Maharashtra,GADCHIROLI,2005,Rabi,Rapeseed &Mustard,700,300,0.428571429
Maharashtra,GADCHIROLI,2005,Rabi,Sesamum,2500,300,0.12
Maharashtra,GADCHIROLI,2005,Rabi,Wheat,1000,800,0.8
Maharashtra,GADCHIROLI,2005,Summer,Rice,3500,5800,1.657142857
Maharashtra,GADCHIROLI,2006,Kharif,Arhar/Tur,2100,1200,0.571428571
Maharashtra,GADCHIROLI,2006,Kharif,Cotton(lint),200,300,1.5
Maharashtra,GADCHIROLI,2006,Kharif,Maize,2200,3600,1.636363636
Maharashtra,GADCHIROLI,2006,Kharif,Moong(Green Gram),100,100,1
Maharashtra,GADCHIROLI,2006,Kharif,Rice,140000,206100,1.472142857
Maharashtra,GADCHIROLI,2006,Kharif,Sesamum,700,100,0.142857143
Maharashtra,GADCHIROLI,2006,Kharif,Soyabean,3400,4200,1.235294118
Maharashtra,GADCHIROLI,2006,Kharif,Urad,200,100,0.5
Maharashtra,GADCHIROLI,2006,Rabi,Gram,3300,1500,0.454545455
Maharashtra,GADCHIROLI,2006,Rabi,Jowar,7100,4000,0.563380282
Maharashtra,GADCHIROLI,2006,Rabi,Linseed,3000,500,0.166666667
Maharashtra,GADCHIROLI,2006,Rabi,Maize,400,1000,2.5
Maharashtra,GADCHIROLI,2006,Rabi,Rapeseed &Mustard,900,400,0.444444444
Maharashtra,GADCHIROLI,2006,Rabi,Sesamum,2600,700,0.269230769
Maharashtra,GADCHIROLI,2006,Rabi,Wheat,1200,1200,1
Maharashtra,GADCHIROLI,2006,Summer,Rice,3000,5200,1.733333333
Maharashtra,GADCHIROLI,2007,Kharif,Arhar/Tur,34,29,0.852941176
Maharashtra,GADCHIROLI,2007,Kharif,Cotton(lint),5,9,1.8
Maharashtra,GADCHIROLI,2007,Kharif,Maize,23,71,3.086956522
Maharashtra,GADCHIROLI,2007,Kharif,Moong(Green Gram),2,1,0.5
Maharashtra,GADCHIROLI,2007,Kharif,Rice,1491,2231,1.496311201
Maharashtra,GADCHIROLI,2007,Kharif,Sesamum,7,2,0.285714286
Maharashtra,GADCHIROLI,2007,Kharif,Soyabean,39,42,1.076923077
Maharashtra,GADCHIROLI,2007,Kharif,Urad,2,1,0.5
Maharashtra,GADCHIROLI,2007,Rabi,Gram,34,18,0.529411765
Maharashtra,GADCHIROLI,2007,Rabi,Jowar,68,46,0.676470588
Maharashtra,GADCHIROLI,2007,Rabi,Linseed,26,8,0.307692308
Maharashtra,GADCHIROLI,2007,Rabi,Maize,4,11,2.75
Maharashtra,GADCHIROLI,2007,Rabi,Rapeseed &Mustard,7,4,0.571428571
Maharashtra,GADCHIROLI,2007,Rabi,Sesamum,19,5,0.263157895
Maharashtra,GADCHIROLI,2008,Kharif,Arhar/Tur,4000,2300,0.575
Maharashtra,GADCHIROLI,2008,Kharif,Cotton(lint),600,800,1.333333333
Maharashtra,GADCHIROLI,2008,Kharif,Maize,2200,3300,1.5
Maharashtra,GADCHIROLI,2008,Kharif,Moong(Green Gram),100,100,1
Maharashtra,GADCHIROLI,2008,Kharif,Rice,151400,126000,0.832232497
Maharashtra,GADCHIROLI,2008,Kharif,Sesamum,700,200,0.285714286
Maharashtra,GADCHIROLI,2008,Kharif,Soyabean,8200,6100,0.743902439
Maharashtra,GADCHIROLI,2008,Kharif,Urad,200,100,0.5
Maharashtra,GADCHIROLI,2008,Rabi,Gram,1400,700,0.5
Maharashtra,GADCHIROLI,2008,Rabi,Jowar,3800,1900,0.5
Maharashtra,GADCHIROLI,2008,Rabi,Linseed,700,100,0.142857143
Maharashtra,GADCHIROLI,2008,Rabi,Maize,2,4,2
Maharashtra,GADCHIROLI,2008,Rabi,Rapeseed &Mustard,500,100,0.2
Maharashtra,GADCHIROLI,2008,Rabi,Sesamum,600,200,0.333333333
Maharashtra,GADCHIROLI,2008,Rabi,Wheat,900,800,0.888888889
Maharashtra,GADCHIROLI,2009,Kharif,Arhar/Tur,5000,3500,0.7
Maharashtra,GADCHIROLI,2009,Kharif,Cotton(lint),2600,3500,1.346153846
Maharashtra,GADCHIROLI,2009,Kharif,Maize,2200,4900,2.227272727
Maharashtra,GADCHIROLI,2009,Kharif,Moong(Green Gram),100,100,1
Maharashtra,GADCHIROLI,2009,Kharif,Rice,149100,112500,0.754527163
Maharashtra,GADCHIROLI,2009,Kharif,Sesamum,600,200,0.333333333
Maharashtra,GADCHIROLI,2009,Kharif,Soyabean,8700,3100,0.356321839
Maharashtra,GADCHIROLI,2009,Kharif,Urad,100,100,1
Maharashtra,GADCHIROLI,2009,Rabi,Gram,1500,700,0.466666667
Maharashtra,GADCHIROLI,2009,Rabi,Jowar,3600,2700,0.75
Maharashtra,GADCHIROLI,2009,Rabi,Linseed,1800,600,0.333333333
Maharashtra,GADCHIROLI,2009,Rabi,Maize,300,100,0.333333333
Maharashtra,GADCHIROLI,2009,Rabi,Rapeseed &Mustard,900,100,0.111111111
Maharashtra,GADCHIROLI,2009,Rabi,Sesamum,1200,300,0.25
Maharashtra,GADCHIROLI,2009,Rabi,Wheat,1100,900,0.818181818
Maharashtra,GADCHIROLI,2010,Kharif,Arhar/Tur,6800,6400,0.941176471
Maharashtra,GADCHIROLI,2010,Kharif,Cotton(lint),2800,4300,1.535714286
Maharashtra,GADCHIROLI,2010,Kharif,Maize,1900,4600,2.421052632
Maharashtra,GADCHIROLI,2010,Kharif,Moong(Green Gram),400,200,0.5
Maharashtra,GADCHIROLI,2010,Kharif,Rice,156800,233200,1.487244898
Maharashtra,GADCHIROLI,2010,Kharif,Sesamum,700,300,0.428571429
Maharashtra,GADCHIROLI,2010,Kharif,Soyabean,7500,6900,0.92
Maharashtra,GADCHIROLI,2010,Kharif,Urad,100,100,1
Maharashtra,GADCHIROLI,2010,Rabi,Gram,2800,1800,0.642857143
Maharashtra,GADCHIROLI,2010,Rabi,Jowar,3500,2600,0.742857143
Maharashtra,GADCHIROLI,2010,Rabi,Linseed,2800,600,0.214285714
Maharashtra,GADCHIROLI,2010,Rabi,Maize,1200,2500,2.083333333
Maharashtra,GADCHIROLI,2010,Rabi,Rapeseed &Mustard,900,300,0.333333333
Maharashtra,GADCHIROLI,2010,Rabi,Sesamum,1400,400,0.285714286
Maharashtra,GADCHIROLI,2010,Rabi,Wheat,1100,1000,0.909090909
Maharashtra,GADCHIROLI,2011,Kharif,Arhar/Tur,6700,5800,0.865671642
Maharashtra,GADCHIROLI,2011,Kharif,Cotton(lint),4200,7000,1.666666667
Maharashtra,GADCHIROLI,2011,Kharif,Maize,2200,1500,0.681818182
Maharashtra,GADCHIROLI,2011,Kharif,Moong(Green Gram),300,100,0.333333333
Maharashtra,GADCHIROLI,2011,Kharif,Other Kharif pulses,1300,700,0.538461538
Maharashtra,GADCHIROLI,2011,Kharif,Rice,152200,182300,1.197766097
Maharashtra,GADCHIROLI,2011,Kharif,Sesamum,900,300,0.333333333
Maharashtra,GADCHIROLI,2011,Kharif,Soyabean,5900,7200,1.220338983
Maharashtra,GADCHIROLI,2011,Kharif,Urad,100,,
Maharashtra,GADCHIROLI,2011,Rabi,Gram,2400,1200,0.5
Maharashtra,GADCHIROLI,2011,Rabi,Jowar,1400,900,0.642857143
Maharashtra,GADCHIROLI,2011,Rabi,Linseed,2100,600,0.285714286
Maharashtra,GADCHIROLI,2011,Rabi,Maize,1200,3100,2.583333333
Maharashtra,GADCHIROLI,2011,Rabi,Other  Rabi pulses,9000,1800,0.2
Maharashtra,GADCHIROLI,2011,Rabi,Rapeseed &Mustard,800,200,0.25
Maharashtra,GADCHIROLI,2011,Rabi,Sesamum,2200,700,0.318181818
Maharashtra,GADCHIROLI,2011,Rabi,Wheat,700,800,1.142857143
Maharashtra,GADCHIROLI,2011,Summer,Rice,2900,4800,1.655172414
Maharashtra,GADCHIROLI,2012,Kharif,Arhar/Tur,5800,6200,1.068965517
Maharashtra,GADCHIROLI,2012,Kharif,Cotton(lint),5100,9900,1.941176471
Maharashtra,GADCHIROLI,2012,Kharif,Maize,1900,4300,2.263157895
Maharashtra,GADCHIROLI,2012,Kharif,Other Kharif pulses,2000,700,0.35
Maharashtra,GADCHIROLI,2012,Kharif,Rice,151400,228800,1.511228534
Maharashtra,GADCHIROLI,2012,Kharif,Sesamum,500,200,0.4
Maharashtra,GADCHIROLI,2012,Kharif,Soyabean,5200,6300,1.211538462
Maharashtra,GADCHIROLI,2012,Rabi,Gram,2800,1500,0.535714286
Maharashtra,GADCHIROLI,2012,Rabi,Jowar,1300,1500,1.153846154
Maharashtra,GADCHIROLI,2012,Rabi,Linseed,2000,700,0.35
Maharashtra,GADCHIROLI,2012,Rabi,Maize,900,700,0.777777778
Maharashtra,GADCHIROLI,2012,Rabi,Other  Rabi pulses,16000,5200,0.325
Maharashtra,GADCHIROLI,2012,Rabi,Rapeseed &Mustard,700,200,0.285714286
Maharashtra,GADCHIROLI,2012,Rabi,Sesamum,200,100,0.5
Maharashtra,GADCHIROLI,2012,Rabi,Wheat,500,600,1.2
Maharashtra,GADCHIROLI,2012,Summer,Groundnut,10,20,2
Maharashtra,GADCHIROLI,2012,Summer,Maize,500,500,1
Maharashtra,GADCHIROLI,2012,Summer,Rice,2900,6200,2.137931034
Maharashtra,GADCHIROLI,2013,Kharif,Arhar/Tur,4100,2600,0.634146341
Maharashtra,GADCHIROLI,2013,Kharif,Cotton(lint),5300,8100,1.528301887
Maharashtra,GADCHIROLI,2013,Kharif,Maize,1700,4900,2.882352941
Maharashtra,GADCHIROLI,2013,Kharif,Other Kharif pulses,1700,400,0.235294118
Maharashtra,GADCHIROLI,2013,Kharif,Rice,153000,225600,1.474509804
Maharashtra,GADCHIROLI,2013,Kharif,Sesamum,200,,
Maharashtra,GADCHIROLI,2013,Kharif,Soyabean,5200,3800,0.730769231
Maharashtra,GADCHIROLI,2013,Rabi,Gram,3600,1700,0.472222222
Maharashtra,GADCHIROLI,2013,Rabi,Jowar,1100,1100,1
Maharashtra,GADCHIROLI,2013,Rabi,Maize,1000,2500,2.5
Maharashtra,GADCHIROLI,2013,Rabi,Other  Rabi pulses,16000,7000,0.4375
Maharashtra,GADCHIROLI,2013,Rabi,Sesamum,100,,
Maharashtra,GADCHIROLI,2013,Rabi,Wheat,500,700,1.4
Maharashtra,GADCHIROLI,2013,Summer,Rice,3000,6400,2.133333333
Maharashtra,GADCHIROLI,2014,Kharif,Arhar/Tur,4600,1600,0.347826087
Maharashtra,GADCHIROLI,2014,Kharif,Cotton(lint),4200,7600,1.80952381
Maharashtra,GADCHIROLI,2014,Kharif,Maize,1500,2700,1.8
Maharashtra,GADCHIROLI,2014,Kharif,Other Kharif pulses,700,200,0.285714286
Maharashtra,GADCHIROLI,2014,Kharif,Rice,152800,201600,1.319371728
Maharashtra,GADCHIROLI,2014,Kharif,Soyabean,4400,3000,0.681818182
Maharashtra,GADCHIROLI,2014,Rabi,Gram,3800,2300,0.605263158
Maharashtra,GADCHIROLI,2014,Rabi,Jowar,400,300,0.75
Maharashtra,GADCHIROLI,2014,Rabi,Linseed,1800,500,0.277777778
Maharashtra,GADCHIROLI,2014,Rabi,Maize,300,,
Maharashtra,GADCHIROLI,2014,Rabi,Other  Rabi pulses,15600,3400,0.217948718
Maharashtra,GADCHIROLI,2014,Rabi,Sesamum,100,,
Maharashtra,GADCHIROLI,2014,Rabi,Wheat,1200,1200,1
Maharashtra,GADCHIROLI,2014,Summer,Rice,2900,4500,1.551724138
Maharashtra,GADCHIROLI,2014,Whole Year,Sugarcane,100,9900,99
Maharashtra,GONDIA,1999,Kharif,Arhar/Tur,4000,3800,0.95
Maharashtra,GONDIA,1999,Kharif,Bajra,400,200,0.5
Maharashtra,GONDIA,1999,Kharif,Jowar,81900,118100,1.442002442
Maharashtra,GONDIA,1999,Kharif,Maize,200,200,1
Maharashtra,GONDIA,1999,Kharif,Moong(Green Gram),200,80,0.4
Maharashtra,GONDIA,1999,Kharif,Other Kharif pulses,300,100,0.333333333
Maharashtra,GONDIA,1999,Kharif,Rice,15000,9000,0.6
Maharashtra,GONDIA,1999,Kharif,Sesamum,1000,300,0.3
Maharashtra,GONDIA,1999,Kharif,Soyabean,100,100,1
Maharashtra,GONDIA,1999,Kharif,Urad,500,100,0.2
Maharashtra,GONDIA,1999,Rabi,Gram,21200,9900,0.466981132
Maharashtra,GONDIA,1999,Rabi,Jowar,18300,7400,0.404371585
Maharashtra,GONDIA,1999,Rabi,Linseed,8700,1500,0.172413793
Maharashtra,GONDIA,1999,Rabi,Maize,300,500,1.666666667
Maharashtra,GONDIA,1999,Rabi,Sesamum,200,100,0.5
Maharashtra,GONDIA,1999,Rabi,Wheat,45100,58400,1.294900222
Maharashtra,GONDIA,1999,Summer,Groundnut,100,100,1
Maharashtra,GONDIA,2000,Kharif,Arhar/Tur,3900,3000,0.769230769
Maharashtra,GONDIA,2000,Kharif,Castor seed,200,100,0.5
Maharashtra,GONDIA,2000,Kharif,Maize,200,200,1
Maharashtra,GONDIA,2000,Kharif,Moong(Green Gram),200,100,0.5
Maharashtra,GONDIA,2000,Kharif,Other Kharif pulses,300,100,0.333333333
Maharashtra,GONDIA,2000,Kharif,Rice,181800,156100,0.858635864
Maharashtra,GONDIA,2000,Kharif,Sesamum,1000,200,0.2
Maharashtra,GONDIA,2000,Kharif,Small millets,800,600,0.75
Maharashtra,GONDIA,2000,Kharif,Urad,400,200,0.5
Maharashtra,GONDIA,2000,Rabi,Gram,2600,1000,0.384615385
Maharashtra,GONDIA,2000,Rabi,Linseed,5900,900,0.152542373
Maharashtra,GONDIA,2000,Rabi,Other  Rabi pulses,7300,2800,0.383561644
Maharashtra,GONDIA,2000,Rabi,Rapeseed &Mustard,200,10,0.05
Maharashtra,GONDIA,2000,Rabi,Sesamum,100,100,1
Maharashtra,GONDIA,2000,Rabi,Wheat,3700,2400,0.648648649
Maharashtra,GONDIA,2000,Summer,Rice,1600,3600,2.25
Maharashtra,GONDIA,2000,Whole Year,Sugarcane,700,47300,67.57142857
Maharashtra,GONDIA,2001,Kharif,Arhar/Tur,4000,4300,1.075
Maharashtra,GONDIA,2001,Kharif,Castor seed,100,100,1
Maharashtra,GONDIA,2001,Kharif,Maize,200,500,2.5
Maharashtra,GONDIA,2001,Kharif,Moong(Green Gram),200,100,0.5
Maharashtra,GONDIA,2001,Kharif,Other Kharif pulses,100,0,0
Maharashtra,GONDIA,2001,Kharif,Rice,177800,231400,1.301462317
Maharashtra,GONDIA,2001,Kharif,Sesamum,1000,300,0.3
Maharashtra,GONDIA,2001,Kharif,Small millets,900,600,0.666666667
Maharashtra,GONDIA,2001,Kharif,Urad,300,200,0.666666667
Maharashtra,GONDIA,2001,Rabi,Gram,2600,1200,0.461538462
Maharashtra,GONDIA,2001,Rabi,Linseed,6200,900,0.14516129
Maharashtra,GONDIA,2001,Rabi,Other  Rabi pulses,9400,4600,0.489361702
Maharashtra,GONDIA,2001,Rabi,Sesamum,100,10,0.1
Maharashtra,GONDIA,2001,Rabi,Wheat,4400,3100,0.704545455
Maharashtra,GONDIA,2001,Summer,Groundnut,100,100,1
Maharashtra,GONDIA,2001,Summer,Rice,3400,6500,1.911764706
Maharashtra,GONDIA,2001,Whole Year,Sugarcane,500,24200,48.4
Maharashtra,GONDIA,2002,Kharif,Arhar/Tur,4100,3600,0.87804878
Maharashtra,GONDIA,2002,Kharif,Jowar,100,100,1
Maharashtra,GONDIA,2002,Kharif,Maize,100,200,2
Maharashtra,GONDIA,2002,Kharif,Moong(Green Gram),100,100,1
Maharashtra,GONDIA,2002,Kharif,Other Kharif pulses,300,100,0.333333333
Maharashtra,GONDIA,2002,Kharif,Rice,168400,164200,0.975059382
Maharashtra,GONDIA,2002,Kharif,Sesamum,900,200,0.222222222
Maharashtra,GONDIA,2002,Kharif,Small millets,100,100,1
Maharashtra,GONDIA,2002,Kharif,Soyabean,100,100,1
Maharashtra,GONDIA,2002,Kharif,Urad,200,100,0.5
Maharashtra,GONDIA,2002,Rabi,Gram,2800,1100,0.392857143
Maharashtra,GONDIA,2002,Rabi,Linseed,5500,800,0.145454545
Maharashtra,GONDIA,2002,Rabi,Other  Rabi pulses,6600,2600,0.393939394
Maharashtra,GONDIA,2002,Rabi,Rapeseed &Mustard,100,10,0.1
Maharashtra,GONDIA,2002,Rabi,Sesamum,100,10,0.1
Maharashtra,GONDIA,2002,Rabi,Wheat,3800,2400,0.631578947
Maharashtra,GONDIA,2002,Summer,Maize,100,100,1
Maharashtra,GONDIA,2002,Summer,Rice,4200,9700,2.30952381
Maharashtra,GONDIA,2002,Whole Year,Sugarcane,500,23000,46
Maharashtra,GONDIA,2003,Kharif,Arhar/Tur,4400,4200,0.954545455
Maharashtra,GONDIA,2003,Kharif,Maize,200,400,2
Maharashtra,GONDIA,2003,Kharif,Moong(Green Gram),100,100,1
Maharashtra,GONDIA,2003,Kharif,Other Kharif pulses,800,300,0.375
Maharashtra,GONDIA,2003,Kharif,other oilseeds,100,0,0
Maharashtra,GONDIA,2003,Kharif,Rice,170000,255000,1.5
Maharashtra,GONDIA,2003,Kharif,Sesamum,1000,200,0.2
Maharashtra,GONDIA,2003,Kharif,Small millets,600,300,0.5
Maharashtra,GONDIA,2003,Kharif,Soyabean,100,100,1
Maharashtra,GONDIA,2003,Kharif,Urad,300,100,0.333333333
Maharashtra,GONDIA,2003,Rabi,Gram,3000,1600,0.533333333
Maharashtra,GONDIA,2003,Rabi,Linseed,5900,900,0.152542373
Maharashtra,GONDIA,2003,Rabi,Other  Rabi pulses,10500,4100,0.39047619
Maharashtra,GONDIA,2003,Rabi,Rapeseed &Mustard,400,100,0.25
Maharashtra,GONDIA,2003,Rabi,Sesamum,100,0,0
Maharashtra,GONDIA,2003,Rabi,Wheat,3700,2900,0.783783784
Maharashtra,GONDIA,2003,Summer,Rice,6600,11900,1.803030303
Maharashtra,GONDIA,2003,Whole Year,Mango,219,1000,4.566210046
Maharashtra,GONDIA,2003,Whole Year,Onion,50,624,12.48
Maharashtra,GONDIA,2003,Whole Year,Sugarcane,500,28800,57.6
Maharashtra,GONDIA,2004,Kharif,Arhar/Tur,4500,2800,0.622222222
Maharashtra,GONDIA,2004,Kharif,Maize,200,200,1
Maharashtra,GONDIA,2004,Kharif,Moong(Green Gram),100,100,1
Maharashtra,GONDIA,2004,Kharif,Other Cereals & Millets,400,100,0.25
Maharashtra,GONDIA,2004,Kharif,Other Kharif pulses,500,200,0.4
Maharashtra,GONDIA,2004,Kharif,other oilseeds,500,200,0.4
Maharashtra,GONDIA,2004,Kharif,Rice,162500,97600,0.600615385
Maharashtra,GONDIA,2004,Kharif,Sesamum,1100,200,0.181818182
Maharashtra,GONDIA,2004,Kharif,Urad,300,100,0.333333333
Maharashtra,GONDIA,2004,Rabi,Gram,1700,300,0.176470588
Maharashtra,GONDIA,2004,Rabi,Linseed,3800,300,0.078947368
Maharashtra,GONDIA,2004,Rabi,Other  Rabi pulses,6100,1500,0.245901639
Maharashtra,GONDIA,2004,Rabi,Rapeseed &Mustard,300,100,0.333333333
Maharashtra,GONDIA,2004,Rabi,Soyabean,100,100,1
Maharashtra,GONDIA,2004,Rabi,Wheat,2300,1600,0.695652174
Maharashtra,GONDIA,2004,Summer,Rice,1300,2800,2.153846154
Maharashtra,GONDIA,2004,Whole Year,Sugarcane,400,26900,67.25
Maharashtra,GONDIA,2005,Kharif,Arhar/Tur,5000,3900,0.78
Maharashtra,GONDIA,2005,Kharif,Castor seed,200,100,0.5
Maharashtra,GONDIA,2005,Kharif,Moong(Green Gram),100,20,0.2
Maharashtra,GONDIA,2005,Kharif,Rice,177800,271200,1.525309336
Maharashtra,GONDIA,2005,Kharif,Sesamum,1100,200,0.181818182
Maharashtra,GONDIA,2005,Kharif,Sugarcane,200,5400,27
Maharashtra,GONDIA,2005,Kharif,Urad,300,100,0.333333333
Maharashtra,GONDIA,2005,Rabi,Gram,3400,1600,0.470588235
Maharashtra,GONDIA,2005,Rabi,Linseed,11500,2000,0.173913043
Maharashtra,GONDIA,2005,Rabi,Rapeseed &Mustard,300,100,0.333333333
Maharashtra,GONDIA,2005,Rabi,Wheat,3600,2400,0.666666667
Maharashtra,GONDIA,2005,Summer,Rice,10700,16000,1.495327103
Maharashtra,GONDIA,2006,Kharif,Arhar/Tur,5100,2900,0.568627451
Maharashtra,GONDIA,2006,Kharif,Castor seed,100,100,1
Maharashtra,GONDIA,2006,Kharif,Maize,100,200,2
Maharashtra,GONDIA,2006,Kharif,Moong(Green Gram),100,100,1
Maharashtra,GONDIA,2006,Kharif,Rice,187000,209200,1.118716578
Maharashtra,GONDIA,2006,Kharif,Sesamum,1200,200,0.166666667
Maharashtra,GONDIA,2006,Kharif,Urad,300,200,0.666666667
Maharashtra,GONDIA,2006,Rabi,Gram,4200,2000,0.476190476
Maharashtra,GONDIA,2006,Rabi,Linseed,11100,1500,0.135135135
Maharashtra,GONDIA,2006,Rabi,Rapeseed &Mustard,200,100,0.5
Maharashtra,GONDIA,2006,Rabi,Wheat,3200,1900,0.59375
Maharashtra,GONDIA,2006,Summer,Rice,10700,21400,2
Maharashtra,GONDIA,2007,Kharif,Arhar/Tur,53,45,0.849056604
Maharashtra,GONDIA,2007,Kharif,Castor seed,1,0.3,0.3
Maharashtra,GONDIA,2007,Kharif,Maize,1,3,3
Maharashtra,GONDIA,2007,Kharif,Moong(Green Gram),1,1,1
Maharashtra,GONDIA,2007,Kharif,Rice,1925,3190,1.657142857
Maharashtra,GONDIA,2007,Kharif,Sesamum,12,4,0.333333333
Maharashtra,GONDIA,2007,Kharif,Urad,3,1,0.333333333
Maharashtra,GONDIA,2007,Rabi,Gram,54,33,0.611111111
Maharashtra,GONDIA,2007,Rabi,Linseed,113,17,0.150442478
Maharashtra,GONDIA,2007,Rabi,Rapeseed &Mustard,2,1,0.5
Maharashtra,GONDIA,2007,Whole Year,Sugarcane,4,269,67.25
Maharashtra,GONDIA,2008,Kharif,Arhar/Tur,5400,3200,0.592592593
Maharashtra,GONDIA,2008,Kharif,Castor seed,200,100,0.5
Maharashtra,GONDIA,2008,Kharif,Maize,100,200,2
Maharashtra,GONDIA,2008,Kharif,Moong(Green Gram),100,100,1
Maharashtra,GONDIA,2008,Kharif,Rice,185100,130900,0.707185305
Maharashtra,GONDIA,2008,Kharif,Sesamum,1100,400,0.363636364
Maharashtra,GONDIA,2008,Kharif,Sugarcane,400,17800,44.5
Maharashtra,GONDIA,2008,Kharif,Urad,100,100,1
Maharashtra,GONDIA,2008,Rabi,Gram,2700,1200,0.444444444
Maharashtra,GONDIA,2008,Rabi,Linseed,6300,900,0.142857143
Maharashtra,GONDIA,2008,Rabi,Rapeseed &Mustard,100,100,1
Maharashtra,GONDIA,2008,Rabi,Wheat,2100,1500,0.714285714
Maharashtra,GONDIA,2008,Whole Year,Sugarcane,400,17800,44.5
Maharashtra,GONDIA,2009,Kharif,Arhar/Tur,5400,3800,0.703703704
Maharashtra,GONDIA,2009,Kharif,Maize,100,200,2
Maharashtra,GONDIA,2009,Kharif,Rice,181900,197500,1.085761407
Maharashtra,GONDIA,2009,Kharif,Sesamum,1100,300,0.272727273
Maharashtra,GONDIA,2009,Kharif,Sugarcane,300,23800,79.33333333
Maharashtra,GONDIA,2009,Kharif,Urad,100,100,1
Maharashtra,GONDIA,2009,Rabi,Gram,3500,1900,0.542857143
Maharashtra,GONDIA,2009,Rabi,Linseed,6600,1200,0.181818182
Maharashtra,GONDIA,2009,Rabi,Rapeseed &Mustard,100,40,0.4
Maharashtra,GONDIA,2009,Rabi,Wheat,2400,1700,0.708333333
Maharashtra,GONDIA,2010,Kharif,Arhar/Tur,5300,5000,0.943396226
Maharashtra,GONDIA,2010,Kharif,Maize,100,200,2
Maharashtra,GONDIA,2010,Kharif,Rice,178200,306000,1.717171717
Maharashtra,GONDIA,2010,Kharif,Sesamum,1100,200,0.181818182
Maharashtra,GONDIA,2010,Kharif,Sugarcane,400,21600,54
Maharashtra,GONDIA,2010,Kharif,Urad,100,100,1
Maharashtra,GONDIA,2010,Rabi,Gram,4600,2700,0.586956522
Maharashtra,GONDIA,2010,Rabi,Linseed,7900,1800,0.227848101
Maharashtra,GONDIA,2010,Rabi,Maize,100,200,2
Maharashtra,GONDIA,2010,Rabi,Rapeseed &Mustard,300,100,0.333333333
Maharashtra,GONDIA,2010,Rabi,Wheat,2700,2000,0.740740741
Maharashtra,GONDIA,2011,Kharif,Arhar/Tur,6300,5500,0.873015873
Maharashtra,GONDIA,2011,Kharif,Maize,200,100,0.5
Maharashtra,GONDIA,2011,Kharif,Moong(Green Gram),100,40,0.4
Maharashtra,GONDIA,2011,Kharif,Other Kharif pulses,600,100,0.166666667
Maharashtra,GONDIA,2011,Kharif,Rice,172800,294800,1.706018519
Maharashtra,GONDIA,2011,Kharif,Sesamum,1200,300,0.25
Maharashtra,GONDIA,2011,Kharif,Urad,100,30,0.3
Maharashtra,GONDIA,2011,Rabi,Gram,4700,2500,0.531914894
Maharashtra,GONDIA,2011,Rabi,Linseed,8600,1500,0.174418605
Maharashtra,GONDIA,2011,Rabi,Other  Rabi pulses,10800,3200,0.296296296
Maharashtra,GONDIA,2011,Rabi,Rapeseed &Mustard,200,100,0.5
Maharashtra,GONDIA,2011,Rabi,Wheat,2100,1600,0.761904762
Maharashtra,GONDIA,2011,Summer,Rice,7700,18200,2.363636364
Maharashtra,GONDIA,2011,Whole Year,Sugarcane,400,25400,63.5
Maharashtra,GONDIA,2012,Kharif,Arhar/Tur,6200,6600,1.064516129
Maharashtra,GONDIA,2012,Kharif,Maize,100,100,1
Maharashtra,GONDIA,2012,Kharif,Moong(Green Gram),100,100,1
Maharashtra,GONDIA,2012,Kharif,Other Kharif pulses,100,40,0.4
Maharashtra,GONDIA,2012,Kharif,Rice,177500,334600,1.885070423
Maharashtra,GONDIA,2012,Kharif,Sesamum,1300,600,0.461538462
Maharashtra,GONDIA,2012,Kharif,Urad,100,100,1
Maharashtra,GONDIA,2012,Rabi,Gram,4600,2600,0.565217391
Maharashtra,GONDIA,2012,Rabi,Linseed,7700,1400,0.181818182
Maharashtra,GONDIA,2012,Rabi,Other  Rabi pulses,12800,4200,0.328125
Maharashtra,GONDIA,2012,Rabi,Rapeseed &Mustard,300,100,0.333333333
Maharashtra,GONDIA,2012,Rabi,Wheat,1900,1800,0.947368421
Maharashtra,GONDIA,2012,Summer,Maize,100,100,1
Maharashtra,GONDIA,2012,Summer,Rice,8900,21300,2.393258427
Maharashtra,GONDIA,2012,Whole Year,Sugarcane,200,16600,83
Maharashtra,GONDIA,2013,Kharif,Arhar/Tur,6000,3800,0.633333333
Maharashtra,GONDIA,2013,Kharif,Maize,100,300,3
Maharashtra,GONDIA,2013,Kharif,Moong(Green Gram),100,100,1
Maharashtra,GONDIA,2013,Kharif,Other Kharif pulses,100,,
Maharashtra,GONDIA,2013,Kharif,Rice,188100,292500,1.555023923
Maharashtra,GONDIA,2013,Kharif,Sesamum,1400,300,0.214285714
Maharashtra,GONDIA,2013,Kharif,Urad,100,,
Maharashtra,GONDIA,2013,Rabi,Gram,5900,2900,0.491525424
Maharashtra,GONDIA,2013,Rabi,Other  Rabi pulses,13800,5200,0.376811594
Maharashtra,GONDIA,2013,Rabi,Wheat,1700,1100,0.647058824
Maharashtra,GONDIA,2013,Summer,Rice,13400,32820,2.449253731
Maharashtra,GONDIA,2013,Whole Year,Sugarcane,300,21500,71.66666667
Maharashtra,GONDIA,2014,Kharif,Arhar/Tur,6500,2200,0.338461538
Maharashtra,GONDIA,2014,Kharif,Moong(Green Gram),600,200,0.333333333
Maharashtra,GONDIA,2014,Kharif,Other Kharif pulses,100,,
Maharashtra,GONDIA,2014,Kharif,Rice,174700,340600,1.949627934
Maharashtra,GONDIA,2014,Rabi,Gram,5200,3400,0.653846154
Maharashtra,GONDIA,2014,Rabi,Linseed,6100,1000,0.163934426
Maharashtra,GONDIA,2014,Rabi,Maize,400,100,0.25
Maharashtra,GONDIA,2014,Rabi,Other  Rabi pulses,12800,2800,0.21875
Maharashtra,GONDIA,2014,Rabi,Wheat,2400,1500,0.625
Maharashtra,GONDIA,2014,Summer,Maize,200,200,1
Maharashtra,GONDIA,2014,Summer,Rice,12900,36100,2.798449612
Maharashtra,GONDIA,2014,Whole Year,Sugarcane,1500,97000,64.66666667
Maharashtra,HINGOLI,1999,Kharif,Arhar/Tur,26000,13400,0.515384615
Maharashtra,HINGOLI,1999,Kharif,Cotton(lint),113500,97100,0.855506608
Maharashtra,HINGOLI,1999,Kharif,Groundnut,100,100,1
Maharashtra,HINGOLI,1999,Kharif,Niger seed,100,0,0
Maharashtra,HINGOLI,1999,Kharif,Sesamum,1900,400,0.210526316
Maharashtra,HINGOLI,1999,Kharif,Soyabean,15700,22100,1.407643312
Maharashtra,HINGOLI,1999,Kharif,Sunflower,1100,600,0.545454545
Maharashtra,HINGOLI,1999,Kharif,Urad,18400,4900,0.266304348
Maharashtra,HINGOLI,1999,Rabi,Linseed,1000,400,0.4
Maharashtra,HINGOLI,1999,Rabi,Safflower,19900,5600,0.281407035
Maharashtra,HINGOLI,1999,Rabi,Sunflower,8700,4900,0.563218391
Maharashtra,HINGOLI,1999,Summer,Groundnut,5000,6600,1.32
Maharashtra,HINGOLI,1999,Summer,Sunflower,300,200,0.666666667
Maharashtra,HINGOLI,1999,Whole Year,Sugarcane,20800,1614000,77.59615385
Maharashtra,HINGOLI,2000,Kharif,Arhar/Tur,26600,12200,0.458646617
Maharashtra,HINGOLI,2000,Kharif,Bajra,400,200,0.5
Maharashtra,HINGOLI,2000,Kharif,Castor seed,600,200,0.333333333
Maharashtra,HINGOLI,2000,Kharif,Cotton(lint),104300,52500,0.503355705
Maharashtra,HINGOLI,2000,Kharif,Jowar,84100,108000,1.284185493
Maharashtra,HINGOLI,2000,Kharif,Maize,200,200,1
Maharashtra,HINGOLI,2000,Kharif,Moong(Green Gram),24500,6600,0.269387755
Maharashtra,HINGOLI,2000,Kharif,Niger seed,100,10,0.1
Maharashtra,HINGOLI,2000,Kharif,Other Kharif pulses,100,100,1
Maharashtra,HINGOLI,2000,Kharif,Rice,14700,8900,0.605442177
Maharashtra,HINGOLI,2000,Kharif,Sesamum,2000,400,0.2
Maharashtra,HINGOLI,2000,Kharif,Small millets,600,400,0.666666667
Maharashtra,HINGOLI,2000,Kharif,Soyabean,20400,24500,1.200980392
Maharashtra,HINGOLI,2000,Kharif,Sunflower,1200,600,0.5
Maharashtra,HINGOLI,2000,Kharif,Urad,19600,6800,0.346938776
Maharashtra,HINGOLI,2000,Rabi,Gram,17900,9200,0.51396648
Maharashtra,HINGOLI,2000,Rabi,Jowar,19200,11800,0.614583333
Maharashtra,HINGOLI,2000,Rabi,Linseed,1300,400,0.307692308
Maharashtra,HINGOLI,2000,Rabi,Maize,100,100,1
Maharashtra,HINGOLI,2000,Rabi,Other  Rabi pulses,700,200,0.285714286
Maharashtra,HINGOLI,2000,Rabi,Rapeseed &Mustard,300,100,0.333333333
Maharashtra,HINGOLI,2000,Rabi,Safflower,21300,6600,0.309859155
Maharashtra,HINGOLI,2000,Rabi,Sunflower,8600,4300,0.5
Maharashtra,HINGOLI,2000,Rabi,Wheat,34800,54600,1.568965517
Maharashtra,HINGOLI,2000,Summer,Groundnut,3900,3400,0.871794872
Maharashtra,HINGOLI,2000,Summer,Sunflower,1300,700,0.538461538
Maharashtra,HINGOLI,2000,Whole Year,Sugarcane,15800,1059200,67.03797468
Maharashtra,HINGOLI,2001,Kharif,Arhar/Tur,24700,19200,0.777327935
Maharashtra,HINGOLI,2001,Kharif,Bajra,400,200,0.5
Maharashtra,HINGOLI,2001,Kharif,Castor seed,500,100,0.2
Maharashtra,HINGOLI,2001,Kharif,Cotton(lint),93500,97400,1.04171123
Maharashtra,HINGOLI,2001,Kharif,Jowar,77100,96400,1.250324254
Maharashtra,HINGOLI,2001,Kharif,Maize,200,400,2
Maharashtra,HINGOLI,2001,Kharif,Moong(Green Gram),25100,12000,0.478087649
Maharashtra,HINGOLI,2001,Kharif,Niger seed,100,100,1
Maharashtra,HINGOLI,2001,Kharif,Rice,14500,9700,0.668965517
Maharashtra,HINGOLI,2001,Kharif,Sesamum,2000,600,0.3
Maharashtra,HINGOLI,2001,Kharif,Small millets,300,200,0.666666667
Maharashtra,HINGOLI,2001,Kharif,Soyabean,25200,35100,1.392857143
Maharashtra,HINGOLI,2001,Kharif,Sunflower,1700,1000,0.588235294
Maharashtra,HINGOLI,2001,Kharif,Urad,20500,12500,0.609756098
Maharashtra,HINGOLI,2001,Rabi,Gram,21600,12400,0.574074074
Maharashtra,HINGOLI,2001,Rabi,Jowar,21200,11400,0.537735849
Maharashtra,HINGOLI,2001,Rabi,Linseed,1400,700,0.5
Maharashtra,HINGOLI,2001,Rabi,Maize,100,200,2
Maharashtra,HINGOLI,2001,Rabi,Other  Rabi pulses,900,500,0.555555556
Maharashtra,HINGOLI,2001,Rabi,Rapeseed &Mustard,500,100,0.2
Maharashtra,HINGOLI,2001,Rabi,Safflower,22000,8400,0.381818182
Maharashtra,HINGOLI,2001,Rabi,Small millets,200,100,0.5
Maharashtra,HINGOLI,2001,Rabi,Sunflower,9500,5500,0.578947368
Maharashtra,HINGOLI,2001,Rabi,Wheat,40800,64800,1.588235294
Maharashtra,HINGOLI,2001,Summer,Groundnut,4200,5700,1.357142857
Maharashtra,HINGOLI,2001,Summer,Maize,100,100,1
Maharashtra,HINGOLI,2001,Summer,Sunflower,100,100,1
Maharashtra,HINGOLI,2001,Whole Year,Sugarcane,16400,1274500,77.71341463
Maharashtra,HINGOLI,2002,Kharif,Arhar/Tur,27000,18400,0.681481481
Maharashtra,HINGOLI,2002,Kharif,Bajra,600,500,0.833333333
Maharashtra,HINGOLI,2002,Kharif,Castor seed,200,10,0.05
Maharashtra,HINGOLI,2002,Kharif,Cotton(lint),83200,86800,1.043269231
Maharashtra,HINGOLI,2002,Kharif,Groundnut,200,100,0.5
Maharashtra,HINGOLI,2002,Kharif,Jowar,72600,112200,1.545454545
Maharashtra,HINGOLI,2002,Kharif,Maize,600,1000,1.666666667
Maharashtra,HINGOLI,2002,Kharif,Moong(Green Gram),29800,17200,0.577181208
Maharashtra,HINGOLI,2002,Kharif,Niger seed,600,100,0.166666667
Maharashtra,HINGOLI,2002,Kharif,Other Kharif pulses,700,100,0.142857143
Maharashtra,HINGOLI,2002,Kharif,Rice,15900,9300,0.58490566
Maharashtra,HINGOLI,2002,Kharif,Sesamum,2100,600,0.285714286
Maharashtra,HINGOLI,2002,Kharif,Small millets,100,100,1
Maharashtra,HINGOLI,2002,Kharif,Soyabean,32000,48600,1.51875
Maharashtra,HINGOLI,2002,Kharif,Sunflower,1700,1200,0.705882353
Maharashtra,HINGOLI,2002,Kharif,Urad,23200,13900,0.599137931
Maharashtra,HINGOLI,2002,Rabi,Gram,26500,18600,0.701886792
Maharashtra,HINGOLI,2002,Rabi,Jowar,21900,15100,0.689497717
Maharashtra,HINGOLI,2002,Rabi,Linseed,1500,400,0.266666667
Maharashtra,HINGOLI,2002,Rabi,Maize,100,100,1
Maharashtra,HINGOLI,2002,Rabi,Other  Rabi pulses,600,300,0.5
Maharashtra,HINGOLI,2002,Rabi,Rapeseed &Mustard,400,100,0.25
Maharashtra,HINGOLI,2002,Rabi,Safflower,26100,9400,0.360153257
Maharashtra,HINGOLI,2002,Rabi,Small millets,400,200,0.5
Maharashtra,HINGOLI,2002,Rabi,Sunflower,11400,6700,0.587719298
Maharashtra,HINGOLI,2002,Rabi,Wheat,43500,67300,1.547126437
Maharashtra,HINGOLI,2002,Summer,Groundnut,5100,6600,1.294117647
Maharashtra,HINGOLI,2002,Summer,Maize,100,100,1
Maharashtra,HINGOLI,2002,Summer,Sunflower,100,100,1
Maharashtra,HINGOLI,2002,Whole Year,Sugarcane,16300,1230000,75.4601227
Maharashtra,HINGOLI,2003,Kharif,Arhar/Tur,25500,22500,0.882352941
Maharashtra,HINGOLI,2003,Kharif,Bajra,1100,700,0.636363636
Maharashtra,HINGOLI,2003,Kharif,Cotton(lint),72500,111900,1.543448276
Maharashtra,HINGOLI,2003,Kharif,Groundnut,400,100,0.25
Maharashtra,HINGOLI,2003,Kharif,Jowar,71000,107900,1.51971831
Maharashtra,HINGOLI,2003,Kharif,Maize,800,300,0.375
Maharashtra,HINGOLI,2003,Kharif,Moong(Green Gram),20500,12600,0.614634146
Maharashtra,HINGOLI,2003,Kharif,Niger seed,600,200,0.333333333
Maharashtra,HINGOLI,2003,Kharif,Other Kharif pulses,800,300,0.375
Maharashtra,HINGOLI,2003,Kharif,other oilseeds,300,100,0.333333333
Maharashtra,HINGOLI,2003,Kharif,Rice,9500,4800,0.505263158
Maharashtra,HINGOLI,2003,Kharif,Sesamum,3000,800,0.266666667
Maharashtra,HINGOLI,2003,Kharif,Small millets,100,100,1
Maharashtra,HINGOLI,2003,Kharif,Soyabean,117700,185500,1.576040782
Maharashtra,HINGOLI,2003,Kharif,Sunflower,400,300,0.75
Maharashtra,HINGOLI,2003,Kharif,Urad,17700,10800,0.610169492
Maharashtra,HINGOLI,2003,Rabi,Gram,28900,15600,0.539792388
Maharashtra,HINGOLI,2003,Rabi,Jowar,23200,16400,0.706896552
Maharashtra,HINGOLI,2003,Rabi,Linseed,700,100,0.142857143
Maharashtra,HINGOLI,2003,Rabi,Maize,200,300,1.5
Maharashtra,HINGOLI,2003,Rabi,Other  Rabi pulses,900,500,0.555555556
Maharashtra,HINGOLI,2003,Rabi,Rapeseed &Mustard,300,100,0.333333333
Maharashtra,HINGOLI,2003,Rabi,Safflower,27300,12600,0.461538462
Maharashtra,HINGOLI,2003,Rabi,Small millets,400,200,0.5
Maharashtra,HINGOLI,2003,Rabi,Sunflower,12200,7500,0.614754098
Maharashtra,HINGOLI,2003,Rabi,Wheat,39000,60900,1.561538462
Maharashtra,HINGOLI,2003,Summer,Groundnut,2700,3200,1.185185185
Maharashtra,HINGOLI,2003,Summer,Sunflower,100,100,1
Maharashtra,HINGOLI,2003,Whole Year,Banana,3100,164450,53.0483871
Maharashtra,HINGOLI,2003,Whole Year,Grapes,12,163,13.58333333
Maharashtra,HINGOLI,2003,Whole Year,Sugarcane,13800,807600,58.52173913
Maharashtra,HINGOLI,2003,Whole Year,Tomato,81,255,3.148148148
Maharashtra,HINGOLI,2004,Kharif,Arhar/Tur,24500,17300,0.706122449
Maharashtra,HINGOLI,2004,Kharif,Bajra,800,400,0.5
Maharashtra,HINGOLI,2004,Kharif,Groundnut,300,100,0.333333333
Maharashtra,HINGOLI,2004,Kharif,Jowar,66700,50100,0.751124438
Maharashtra,HINGOLI,2004,Kharif,Maize,500,500,1
Maharashtra,HINGOLI,2004,Kharif,Moong(Green Gram),18200,6200,0.340659341
Maharashtra,HINGOLI,2004,Kharif,Niger seed,600,100,0.166666667
Maharashtra,HINGOLI,2004,Kharif,Other Cereals & Millets,300,100,0.333333333
Maharashtra,HINGOLI,2004,Kharif,Other Kharif pulses,100,0,0
Maharashtra,HINGOLI,2004,Kharif,other oilseeds,200,100,0.5
Maharashtra,HINGOLI,2004,Kharif,Rice,7800,1800,0.230769231
Maharashtra,HINGOLI,2004,Kharif,Sesamum,3300,600,0.181818182
Maharashtra,HINGOLI,2004,Kharif,Sunflower,500,100,0.2
Maharashtra,HINGOLI,2004,Kharif,Urad,15700,5600,0.356687898
Maharashtra,HINGOLI,2004,Rabi,Gram,27100,13700,0.505535055
Maharashtra,HINGOLI,2004,Rabi,Jowar,22100,14000,0.633484163
Maharashtra,HINGOLI,2004,Rabi,Linseed,700,300,0.428571429
Maharashtra,HINGOLI,2004,Rabi,Other  Rabi pulses,500,300,0.6
Maharashtra,HINGOLI,2004,Rabi,Safflower,28800,9900,0.34375
Maharashtra,HINGOLI,2004,Rabi,Soyabean,129300,103500,0.800464037
Maharashtra,HINGOLI,2004,Rabi,Sunflower,11100,5200,0.468468468
Maharashtra,HINGOLI,2004,Rabi,Wheat,28500,39000,1.368421053
Maharashtra,HINGOLI,2004,Summer,Groundnut,500,500,1
Maharashtra,HINGOLI,2004,Summer,Maize,100,100,1
Maharashtra,HINGOLI,2004,Summer,Sunflower,100,100,1
Maharashtra,HINGOLI,2004,Whole Year,Cotton(lint),71300,65700,0.921458626
Maharashtra,HINGOLI,2004,Whole Year,Sugarcane,6900,424600,61.53623188
Maharashtra,HINGOLI,2005,Kharif,Arhar/Tur,21900,19800,0.904109589
Maharashtra,HINGOLI,2005,Kharif,Bajra,300,100,0.333333333
Maharashtra,HINGOLI,2005,Kharif,Castor seed,300,100,0.333333333
Maharashtra,HINGOLI,2005,Kharif,Cotton(lint),54300,72200,1.329650092
Maharashtra,HINGOLI,2005,Kharif,Moong(Green Gram),18600,8800,0.47311828
Maharashtra,HINGOLI,2005,Kharif,Niger seed,300,100,0.333333333
Maharashtra,HINGOLI,2005,Kharif,Rice,4500,1500,0.333333333
Maharashtra,HINGOLI,2005,Kharif,Sesamum,1600,400,0.25
Maharashtra,HINGOLI,2005,Kharif,Soyabean,139500,180800,1.296057348
Maharashtra,HINGOLI,2005,Kharif,Sugarcane,7700,549300,71.33766234
Maharashtra,HINGOLI,2005,Kharif,Sunflower,500,300,0.6
Maharashtra,HINGOLI,2005,Kharif,Urad,14600,7700,0.52739726
Maharashtra,HINGOLI,2005,Rabi,Gram,34100,24400,0.715542522
Maharashtra,HINGOLI,2005,Rabi,Linseed,800,200,0.25
Maharashtra,HINGOLI,2005,Rabi,Rapeseed &Mustard,300,100,0.333333333
Maharashtra,HINGOLI,2005,Rabi,Safflower,32500,14200,0.436923077
Maharashtra,HINGOLI,2005,Rabi,Sunflower,14700,7900,0.537414966
Maharashtra,HINGOLI,2005,Rabi,Wheat,42600,65700,1.542253521
Maharashtra,HINGOLI,2005,Summer,Groundnut,8200,10200,1.243902439
Maharashtra,HINGOLI,2005,Summer,Sunflower,400,300,0.75
Maharashtra,HINGOLI,2006,Kharif,Arhar/Tur,26000,29600,1.138461538
Maharashtra,HINGOLI,2006,Kharif,Bajra,300,200,0.666666667
Maharashtra,HINGOLI,2006,Kharif,Castor seed,200,200,1
Maharashtra,HINGOLI,2006,Kharif,Cotton(lint),61900,128900,2.082390953
Maharashtra,HINGOLI,2006,Kharif,Jowar,52200,53300,1.021072797
Maharashtra,HINGOLI,2006,Kharif,Maize,500,500,1
Maharashtra,HINGOLI,2006,Kharif,Moong(Green Gram),20900,7600,0.363636364
Maharashtra,HINGOLI,2006,Kharif,Niger seed,500,100,0.2
Maharashtra,HINGOLI,2006,Kharif,Rice,4300,2000,0.465116279
Maharashtra,HINGOLI,2006,Kharif,Sesamum,1100,200,0.181818182
Maharashtra,HINGOLI,2006,Kharif,Soyabean,131100,113700,0.867276888
Maharashtra,HINGOLI,2006,Kharif,Sunflower,500,200,0.4
Maharashtra,HINGOLI,2006,Kharif,Urad,18500,7800,0.421621622
Maharashtra,HINGOLI,2006,Rabi,Gram,39100,30700,0.78516624
Maharashtra,HINGOLI,2006,Rabi,Jowar,20900,11800,0.564593301
Maharashtra,HINGOLI,2006,Rabi,Linseed,700,200,0.285714286
Maharashtra,HINGOLI,2006,Rabi,Maize,300,700,2.333333333
Maharashtra,HINGOLI,2006,Rabi,Rapeseed &Mustard,100,20,0.2
Maharashtra,HINGOLI,2006,Rabi,Safflower,38100,20900,0.54855643
Maharashtra,HINGOLI,2006,Rabi,Sunflower,11400,7000,0.614035088
Maharashtra,HINGOLI,2006,Rabi,Wheat,51600,86300,1.67248062
Maharashtra,HINGOLI,2006,Summer,Groundnut,9700,10600,1.092783505
Maharashtra,HINGOLI,2006,Summer,Maize,700,900,1.285714286
Maharashtra,HINGOLI,2006,Summer,Sunflower,400,300,0.75
Maharashtra,HINGOLI,2007,Kharif,Arhar/Tur,283,398,1.406360424
Maharashtra,HINGOLI,2007,Kharif,Bajra,2,1,0.5
Maharashtra,HINGOLI,2007,Kharif,Castor seed,1,0.3,0.3
Maharashtra,HINGOLI,2007,Kharif,Cotton(lint),749,2711,3.619492657
Maharashtra,HINGOLI,2007,Kharif,Jowar,552,876,1.586956522
Maharashtra,HINGOLI,2007,Kharif,Maize,5,4,0.8
Maharashtra,HINGOLI,2007,Kharif,Moong(Green Gram),238,183,0.768907563
Maharashtra,HINGOLI,2007,Kharif,Rice,41,19,0.463414634
Maharashtra,HINGOLI,2007,Kharif,Sesamum,11,2,0.181818182
Maharashtra,HINGOLI,2007,Kharif,Soyabean,1140,2029,1.779824561
Maharashtra,HINGOLI,2007,Kharif,Sunflower,5,4,0.8
Maharashtra,HINGOLI,2007,Kharif,Urad,225,173,0.768888889
Maharashtra,HINGOLI,2007,Rabi,Gram,353,301,0.852691218
Maharashtra,HINGOLI,2007,Rabi,Jowar,230,160,0.695652174
Maharashtra,HINGOLI,2007,Rabi,Linseed,5,2,0.4
Maharashtra,HINGOLI,2007,Rabi,Maize,2,5,2.5
Maharashtra,HINGOLI,2007,Rabi,Rapeseed &Mustard,1,0.3,0.3
Maharashtra,HINGOLI,2007,Rabi,Safflower,321,236,0.735202492
Maharashtra,HINGOLI,2007,Rabi,Sunflower,77,57,0.74025974
Maharashtra,HINGOLI,2007,Rabi,Wheat,371,713,1.921832884
Maharashtra,HINGOLI,2007,Summer,Groundnut,18,21,1.166666667
Maharashtra,HINGOLI,2007,Summer,Sunflower,1,1,1
Maharashtra,HINGOLI,2007,Whole Year,Sugarcane,177,11593,65.49717514
Maharashtra,HINGOLI,2008,Kharif,Arhar/Tur,30300,22200,0.732673267
Maharashtra,HINGOLI,2008,Kharif,Bajra,200,100,0.5
Maharashtra,HINGOLI,2008,Kharif,Castor seed,100,20,0.2
Maharashtra,HINGOLI,2008,Kharif,Cotton(lint),105700,185300,1.75307474
Maharashtra,HINGOLI,2008,Kharif,Jowar,31500,34500,1.095238095
Maharashtra,HINGOLI,2008,Kharif,Maize,1100,900,0.818181818
Maharashtra,HINGOLI,2008,Kharif,Moong(Green Gram),12200,2500,0.204918033
Maharashtra,HINGOLI,2008,Kharif,Niger seed,500,100,0.2
Maharashtra,HINGOLI,2008,Kharif,Rice,500,300,0.6
Maharashtra,HINGOLI,2008,Kharif,Sesamum,1000,200,0.2
Maharashtra,HINGOLI,2008,Kharif,Soyabean,129900,76300,0.587374904
Maharashtra,HINGOLI,2008,Kharif,Sugarcane,8100,303000,37.40740741
Maharashtra,HINGOLI,2008,Kharif,Sunflower,1100,400,0.363636364
Maharashtra,HINGOLI,2008,Kharif,Urad,10500,1900,0.180952381
Maharashtra,HINGOLI,2008,Rabi,Gram,27500,16600,0.603636364
Maharashtra,HINGOLI,2008,Rabi,Jowar,21300,28700,1.34741784
Maharashtra,HINGOLI,2008,Rabi,Linseed,400,100,0.25
Maharashtra,HINGOLI,2008,Rabi,Maize,3,5,1.666666667
Maharashtra,HINGOLI,2008,Rabi,Safflower,22700,11600,0.511013216
Maharashtra,HINGOLI,2008,Rabi,Sunflower,4000,2600,0.65
Maharashtra,HINGOLI,2008,Rabi,Wheat,20300,27700,1.36453202
Maharashtra,HINGOLI,2008,Whole Year,Sugarcane,8100,303000,37.40740741
Maharashtra,HINGOLI,2009,Kharif,Arhar/Tur,26000,22800,0.876923077
Maharashtra,HINGOLI,2009,Kharif,Bajra,300,100,0.333333333
Maharashtra,HINGOLI,2009,Kharif,Castor seed,200,30,0.15
Maharashtra,HINGOLI,2009,Kharif,Cotton(lint),97000,157900,1.627835052
Maharashtra,HINGOLI,2009,Kharif,Jowar,44800,49600,1.107142857
Maharashtra,HINGOLI,2009,Kharif,Maize,800,900,1.125
Maharashtra,HINGOLI,2009,Kharif,Moong(Green Gram),13600,3500,0.257352941
Maharashtra,HINGOLI,2009,Kharif,Niger seed,300,100,0.333333333
Maharashtra,HINGOLI,2009,Kharif,Rice,1200,400,0.333333333
Maharashtra,HINGOLI,2009,Kharif,Sesamum,900,200,0.222222222
Maharashtra,HINGOLI,2009,Kharif,Soyabean,137400,123900,0.901746725
Maharashtra,HINGOLI,2009,Kharif,Sugarcane,7900,469500,59.43037975
Maharashtra,HINGOLI,2009,Kharif,Sunflower,700,400,0.571428571
Maharashtra,HINGOLI,2009,Kharif,Urad,14500,4100,0.282758621
Maharashtra,HINGOLI,2009,Rabi,Gram,32500,24200,0.744615385
Maharashtra,HINGOLI,2009,Rabi,Jowar,23300,21900,0.939914163
Maharashtra,HINGOLI,2009,Rabi,Linseed,400,100,0.25
Maharashtra,HINGOLI,2009,Rabi,Maize,300,100,0.333333333
Maharashtra,HINGOLI,2009,Rabi,Rapeseed &Mustard,100,40,0.4
Maharashtra,HINGOLI,2009,Rabi,Safflower,20500,13800,0.673170732
Maharashtra,HINGOLI,2009,Rabi,Sunflower,3300,1300,0.393939394
Maharashtra,HINGOLI,2009,Rabi,Wheat,19300,25300,1.310880829
Maharashtra,HINGOLI,2010,Kharif,Arhar/Tur,29100,22300,0.766323024
Maharashtra,HINGOLI,2010,Kharif,Bajra,200,200,1
Maharashtra,HINGOLI,2010,Kharif,Castor seed,400,100,0.25
Maharashtra,HINGOLI,2010,Kharif,Cotton(lint),81900,133300,1.627594628
Maharashtra,HINGOLI,2010,Kharif,Jowar,40800,46900,1.149509804
Maharashtra,HINGOLI,2010,Kharif,Maize,600,500,0.833333333
Maharashtra,HINGOLI,2010,Kharif,Moong(Green Gram),19900,10300,0.51758794
Maharashtra,HINGOLI,2010,Kharif,Niger seed,300,100,0.333333333
Maharashtra,HINGOLI,2010,Kharif,Rice,1100,700,0.636363636
Maharashtra,HINGOLI,2010,Kharif,Sesamum,1100,300,0.272727273
Maharashtra,HINGOLI,2010,Kharif,Soyabean,148300,237400,1.600809171
Maharashtra,HINGOLI,2010,Kharif,Sugarcane,4600,303600,66
Maharashtra,HINGOLI,2010,Kharif,Sunflower,200,100,0.5
Maharashtra,HINGOLI,2010,Kharif,Urad,16300,9800,0.601226994
Maharashtra,HINGOLI,2010,Rabi,Gram,42400,27900,0.658018868
Maharashtra,HINGOLI,2010,Rabi,Jowar,26500,17300,0.652830189
Maharashtra,HINGOLI,2010,Rabi,Linseed,500,100,0.2
Maharashtra,HINGOLI,2010,Rabi,Maize,800,1700,2.125
Maharashtra,HINGOLI,2010,Rabi,Safflower,26400,15400,0.583333333
Maharashtra,HINGOLI,2010,Rabi,Sunflower,3700,2000,0.540540541
Maharashtra,HINGOLI,2010,Rabi,Wheat,34400,57200,1.662790698
Maharashtra,HINGOLI,2011,Kharif,Arhar/Tur,33500,26800,0.8
Maharashtra,HINGOLI,2011,Kharif,Bajra,200,200,1
Maharashtra,HINGOLI,2011,Kharif,Castor seed,100,100,1
Maharashtra,HINGOLI,2011,Kharif,Cotton(lint),89600,143400,1.600446429
Maharashtra,HINGOLI,2011,Kharif,Groundnut,100,40,0.4
Maharashtra,HINGOLI,2011,Kharif,Jowar,42900,53700,1.251748252
Maharashtra,HINGOLI,2011,Kharif,Maize,600,700,1.166666667
Maharashtra,HINGOLI,2011,Kharif,Moong(Green Gram),18200,8200,0.450549451
Maharashtra,HINGOLI,2011,Kharif,Niger seed,400,100,0.25
Maharashtra,HINGOLI,2011,Kharif,Other Kharif pulses,200,100,0.5
Maharashtra,HINGOLI,2011,Kharif,Rice,600,200,0.333333333
Maharashtra,HINGOLI,2011,Kharif,Sesamum,1200,300,0.25
Maharashtra,HINGOLI,2011,Kharif,Soyabean,146700,204200,1.391956374
Maharashtra,HINGOLI,2011,Kharif,Sunflower,100,100,1
Maharashtra,HINGOLI,2011,Kharif,Urad,16400,9100,0.554878049
Maharashtra,HINGOLI,2011,Rabi,Gram,40200,37000,0.92039801
Maharashtra,HINGOLI,2011,Rabi,Jowar,21700,16200,0.746543779
Maharashtra,HINGOLI,2011,Rabi,Linseed,300,100,0.333333333
Maharashtra,HINGOLI,2011,Rabi,Maize,300,800,2.666666667
Maharashtra,HINGOLI,2011,Rabi,Other  Rabi pulses,400,200,0.5
Maharashtra,HINGOLI,2011,Rabi,Rapeseed &Mustard,100,30,0.3
Maharashtra,HINGOLI,2011,Rabi,Safflower,22200,13900,0.626126126
Maharashtra,HINGOLI,2011,Rabi,Sunflower,2300,1500,0.652173913
Maharashtra,HINGOLI,2011,Rabi,Wheat,36000,64200,1.783333333
Maharashtra,HINGOLI,2011,Summer,Groundnut,3400,2800,0.823529412
Maharashtra,HINGOLI,2011,Summer,Maize,200,300,1.5
Maharashtra,HINGOLI,2011,Whole Year,Sugarcane,8400,556800,66.28571429
Maharashtra,HINGOLI,2012,Kharif,Arhar/Tur,38900,50700,1.303341902
Maharashtra,HINGOLI,2012,Kharif,Castor seed,300,100,0.333333333
Maharashtra,HINGOLI,2012,Kharif,Cotton(lint),100900,242100,2.399405352
Maharashtra,HINGOLI,2012,Kharif,Jowar,50500,76500,1.514851485
Maharashtra,HINGOLI,2012,Kharif,Maize,600,600,1
Maharashtra,HINGOLI,2012,Kharif,Moong(Green Gram),22900,14200,0.620087336
Maharashtra,HINGOLI,2012,Kharif,Niger seed,300,100,0.333333333
Maharashtra,HINGOLI,2012,Kharif,Other Kharif pulses,1400,200,0.142857143
Maharashtra,HINGOLI,2012,Kharif,Rice,600,200,0.333333333
Maharashtra,HINGOLI,2012,Kharif,Sesamum,2800,600,0.214285714
Maharashtra,HINGOLI,2012,Kharif,Soyabean,150500,286700,1.904983389
Maharashtra,HINGOLI,2012,Kharif,Sunflower,100,40,0.4
Maharashtra,HINGOLI,2012,Kharif,Urad,8600,6000,0.697674419
Maharashtra,HINGOLI,2012,Rabi,Gram,48900,36100,0.738241309
Maharashtra,HINGOLI,2012,Rabi,Jowar,24900,28900,1.16064257
Maharashtra,HINGOLI,2012,Rabi,Maize,200,100,0.5
Maharashtra,HINGOLI,2012,Rabi,Other  Rabi pulses,100,40,0.4
Maharashtra,HINGOLI,2012,Rabi,Rapeseed &Mustard,200,100,0.5
Maharashtra,HINGOLI,2012,Rabi,Safflower,22100,16300,0.737556561
Maharashtra,HINGOLI,2012,Rabi,Wheat,37600,52300,1.390957447
Maharashtra,HINGOLI,2012,Summer,Groundnut,1100,1200,1.090909091
Maharashtra,HINGOLI,2012,Summer,Maize,200,300,1.5
Maharashtra,HINGOLI,2012,Whole Year,Sugarcane,9000,678500,75.38888889
Maharashtra,HINGOLI,2013,Kharif,Arhar/Tur,38900,33200,0.853470437
Maharashtra,HINGOLI,2013,Kharif,Cotton(lint),96000,192400,2.004166667
Maharashtra,HINGOLI,2013,Kharif,Jowar,46900,46500,0.991471215
Maharashtra,HINGOLI,2013,Kharif,Maize,400,500,1.25
Maharashtra,HINGOLI,2013,Kharif,Moong(Green Gram),22900,8800,0.384279476
Maharashtra,HINGOLI,2013,Kharif,Niger seed,300,100,0.333333333
Maharashtra,HINGOLI,2013,Kharif,Other Kharif pulses,700,200,0.285714286
Maharashtra,HINGOLI,2013,Kharif,Sesamum,1900,470,0.247368421
Maharashtra,HINGOLI,2013,Kharif,Soyabean,170000,186000,1.094117647
Maharashtra,HINGOLI,2013,Kharif,Urad,8800,4900,0.556818182
Maharashtra,HINGOLI,2013,Rabi,Gram,99300,105400,1.06143001
Maharashtra,HINGOLI,2013,Rabi,Jowar,10100,11200,1.108910891
Maharashtra,HINGOLI,2013,Rabi,Maize,400,1000,2.5
Maharashtra,HINGOLI,2013,Rabi,Other  Rabi pulses,300,100,0.333333333
Maharashtra,HINGOLI,2013,Rabi,Safflower,33800,23800,0.704142012
Maharashtra,HINGOLI,2013,Rabi,Wheat,77200,74200,0.961139896
Maharashtra,HINGOLI,2013,Summer,Groundnut,3900,3900,1
Maharashtra,HINGOLI,2013,Summer,Maize,1200,1600,1.333333333
Maharashtra,HINGOLI,2013,Whole Year,Sugarcane,7200,516500,71.73611111
Maharashtra,HINGOLI,2014,Kharif,Arhar/Tur,41100,18500,0.450121655
Maharashtra,HINGOLI,2014,Kharif,Castor seed,5500,1100,0.2
Maharashtra,HINGOLI,2014,Kharif,Cotton(lint),94700,85400,0.901795143
Maharashtra,HINGOLI,2014,Kharif,Jowar,47900,19200,0.400835073
Maharashtra,HINGOLI,2014,Kharif,Maize,1300,500,0.384615385
Maharashtra,HINGOLI,2014,Kharif,Moong(Green Gram),16900,2100,0.124260355
Maharashtra,HINGOLI,2014,Kharif,Niger seed,500,100,0.2
Maharashtra,HINGOLI,2014,Kharif,Other Kharif pulses,100,,
Maharashtra,HINGOLI,2014,Kharif,Soyabean,137700,38400,0.278867102
Maharashtra,HINGOLI,2014,Rabi,Gram,77300,220400,2.851228978
Maharashtra,HINGOLI,2014,Rabi,Jowar,7300,5000,0.684931507
Maharashtra,HINGOLI,2014,Rabi,Maize,500,100,0.2
Maharashtra,HINGOLI,2014,Rabi,Other  Rabi pulses,200,,
Maharashtra,HINGOLI,2014,Rabi,Safflower,14500,5100,0.351724138
Maharashtra,HINGOLI,2014,Rabi,Wheat,49500,33000,0.666666667
Maharashtra,HINGOLI,2014,Summer,Groundnut,4400,4200,0.954545455
Maharashtra,HINGOLI,2014,Summer,Maize,1600,1000,0.625
Maharashtra,HINGOLI,2014,Whole Year,Sugarcane,15200,855700,56.29605263
Maharashtra,JALGAON,1997,Autumn,Maize,3,3980,1326.666667
Maharashtra,JALGAON,1997,Kharif,Arhar/Tur,24100,7300,0.302904564
Maharashtra,JALGAON,1997,Kharif,Bajra,78000,90400,1.158974359
Maharashtra,JALGAON,1997,Kharif,Gram,50300,32300,0.642147117
Maharashtra,JALGAON,1997,Kharif,Jowar,159700,324000,2.028804008
Maharashtra,JALGAON,1997,Kharif,Maize,8500,17200,2.023529412
Maharashtra,JALGAON,1997,Kharif,Moong(Green Gram),31800,14800,0.465408805
Maharashtra,JALGAON,1997,Kharif,Pulses total,1207,635,0.526097763
Maharashtra,JALGAON,1997,Kharif,Rice,1700,1600,0.941176471
Maharashtra,JALGAON,1997,Kharif,Sugarcane,10900,8758,0.803486239
Maharashtra,JALGAON,1997,Kharif,Total foodgrain,3687,4967,1.347165717
Maharashtra,JALGAON,1997,Kharif,Urad,56700,38500,0.679012346
Maharashtra,JALGAON,1997,Rabi,Jowar,54000,57400,1.062962963
Maharashtra,JALGAON,1997,Rabi,Maize,300,500,1.666666667
Maharashtra,JALGAON,1997,Rabi,Wheat,34000,45000,1.323529412
Maharashtra,JALGAON,1997,Summer,Maize,500,700,1.4
Maharashtra,JALGAON,1997,Whole Year,Cotton(lint),3404,370600,108.8719154
Maharashtra,JALGAON,1998,Kharif,Arhar/Tur,24400,13900,0.569672131
Maharashtra,JALGAON,1998,Kharif,Bajra,71800,80500,1.121169916
Maharashtra,JALGAON,1998,Kharif,Castor seed,400,200,0.5
Maharashtra,JALGAON,1998,Kharif,Cotton(lint),371900,489500,1.316214036
Maharashtra,JALGAON,1998,Kharif,Groundnut,8300,7200,0.86746988
Maharashtra,JALGAON,1998,Kharif,Jowar,157300,319400,2.03051494
Maharashtra,JALGAON,1998,Kharif,Maize,7700,16300,2.116883117
Maharashtra,JALGAON,1998,Kharif,Moong(Green Gram),33200,23100,0.695783133
Maharashtra,JALGAON,1998,Kharif,Other Cereals & Millets,1400,800,0.571428571
Maharashtra,JALGAON,1998,Kharif,Other Kharif pulses,8800,3500,0.397727273
Maharashtra,JALGAON,1998,Kharif,Rice,1800,1900,1.055555556
Maharashtra,JALGAON,1998,Kharif,Sesamum,24800,10100,0.407258065
Maharashtra,JALGAON,1998,Kharif,Soyabean,2400,3600,1.5
Maharashtra,JALGAON,1998,Kharif,Sugarcane,10700,1024300,95.72897196
Maharashtra,JALGAON,1998,Kharif,Sunflower,1300,400,0.307692308
Maharashtra,JALGAON,1998,Kharif,Urad,56800,37300,0.656690141
Maharashtra,JALGAON,1998,Rabi,Gram,57400,40100,0.698606272
Maharashtra,JALGAON,1998,Rabi,Jowar,61300,75000,1.223491028
Maharashtra,JALGAON,1998,Rabi,Maize,400,600,1.5
Maharashtra,JALGAON,1998,Rabi,Other  Rabi pulses,100,100,1
Maharashtra,JALGAON,1998,Rabi,Other Cereals & Millets,1100,1400,1.272727273
Maharashtra,JALGAON,1998,Rabi,Rapeseed &Mustard,300,,
Maharashtra,JALGAON,1998,Rabi,Safflower,200,100,0.5
Maharashtra,JALGAON,1998,Rabi,Sunflower,1200,700,0.583333333
Maharashtra,JALGAON,1998,Rabi,Wheat,43800,72200,1.648401826
Maharashtra,JALGAON,1998,Summer,Groundnut,12600,16800,1.333333333
Maharashtra,JALGAON,1998,Summer,Maize,500,700,1.4
Maharashtra,JALGAON,1998,Summer,Sunflower,600,500,0.833333333
Maharashtra,JALGAON,1999,Kharif,Arhar/Tur,25100,14000,0.557768924
Maharashtra,JALGAON,1999,Kharif,Bajra,67300,68600,1.019316493
Maharashtra,JALGAON,1999,Kharif,Castor seed,300,100,0.333333333
Maharashtra,JALGAON,1999,Kharif,Cotton(lint),399100,562000,1.408168379
Maharashtra,JALGAON,1999,Kharif,Groundnut,6900,4500,0.652173913
Maharashtra,JALGAON,1999,Kharif,Jowar,145400,237700,1.63480055
Maharashtra,JALGAON,1999,Kharif,Maize,8300,13500,1.626506024
Maharashtra,JALGAON,1999,Kharif,Moong(Green Gram),33200,13000,0.391566265
Maharashtra,JALGAON,1999,Kharif,Other Kharif pulses,18700,6500,0.347593583
Maharashtra,JALGAON,1999,Kharif,Rice,1800,1700,0.944444444
Maharashtra,JALGAON,1999,Kharif,Sesamum,24100,9400,0.390041494
Maharashtra,JALGAON,1999,Kharif,Soyabean,3000,4100,1.366666667
Maharashtra,JALGAON,1999,Kharif,Sunflower,1200,400,0.333333333
Maharashtra,JALGAON,1999,Kharif,Urad,53400,17100,0.320224719
Maharashtra,JALGAON,1999,Rabi,Gram,61100,48200,0.788870704
Maharashtra,JALGAON,1999,Rabi,Jowar,74300,96700,1.301480485
Maharashtra,JALGAON,1999,Rabi,Maize,500,800,1.6
Maharashtra,JALGAON,1999,Rabi,Safflower,300,200,0.666666667
Maharashtra,JALGAON,1999,Rabi,Sunflower,900,500,0.555555556
Maharashtra,JALGAON,1999,Rabi,Wheat,46900,88300,1.882729211
Maharashtra,JALGAON,1999,Summer,Groundnut,10300,11600,1.126213592
Maharashtra,JALGAON,1999,Summer,Maize,400,500,1.25
Maharashtra,JALGAON,1999,Summer,Sunflower,500,300,0.6
Maharashtra,JALGAON,1999,Whole Year,Sugarcane,9400,871500,92.71276596
Maharashtra,JALGAON,2000,Kharif,Arhar/Tur,25700,8500,0.3307393
Maharashtra,JALGAON,2000,Kharif,Bajra,63800,35700,0.559561129
Maharashtra,JALGAON,2000,Kharif,Castor seed,300,100,0.333333333
Maharashtra,JALGAON,2000,Kharif,Cotton(lint),411500,281100,0.683110571
Maharashtra,JALGAON,2000,Kharif,Groundnut,6900,2500,0.362318841
Maharashtra,JALGAON,2000,Kharif,Jowar,142100,167100,1.175932442
Maharashtra,JALGAON,2000,Kharif,Maize,9100,5700,0.626373626
Maharashtra,JALGAON,2000,Kharif,Moong(Green Gram),37100,12200,0.32884097
Maharashtra,JALGAON,2000,Kharif,Other Kharif pulses,14100,4900,0.34751773
Maharashtra,JALGAON,2000,Kharif,Rice,1700,2100,1.235294118
Maharashtra,JALGAON,2000,Kharif,Sesamum,26300,5900,0.224334601
Maharashtra,JALGAON,2000,Kharif,Small millets,4700,2600,0.553191489
Maharashtra,JALGAON,2000,Kharif,Soyabean,2900,2900,1
Maharashtra,JALGAON,2000,Kharif,Sunflower,1300,700,0.538461538
Maharashtra,JALGAON,2000,Kharif,Urad,53900,12700,0.235621521
Maharashtra,JALGAON,2000,Rabi,Gram,25200,17000,0.674603175
Maharashtra,JALGAON,2000,Rabi,Jowar,27900,28000,1.003584229
Maharashtra,JALGAON,2000,Rabi,Maize,400,400,1
Maharashtra,JALGAON,2000,Rabi,Rapeseed &Mustard,100,10,0.1
Maharashtra,JALGAON,2000,Rabi,Sunflower,300,100,0.333333333
Maharashtra,JALGAON,2000,Rabi,Wheat,22600,31600,1.398230088
Maharashtra,JALGAON,2000,Summer,Groundnut,4400,3800,0.863636364
Maharashtra,JALGAON,2000,Summer,Sunflower,200,100,0.5
Maharashtra,JALGAON,2000,Whole Year,Sugarcane,14500,1203400,82.99310345
Maharashtra,JALGAON,2001,Kharif,Arhar/Tur,28400,18000,0.633802817
Maharashtra,JALGAON,2001,Kharif,Bajra,62500,54000,0.864
Maharashtra,JALGAON,2001,Kharif,Castor seed,400,200,0.5
Maharashtra,JALGAON,2001,Kharif,Cotton(lint),403000,504900,1.252853598
Maharashtra,JALGAON,2001,Kharif,Groundnut,5800,3400,0.586206897
Maharashtra,JALGAON,2001,Kharif,Jowar,144500,216600,1.498961938
Maharashtra,JALGAON,2001,Kharif,Maize,9400,17200,1.829787234
Maharashtra,JALGAON,2001,Kharif,Moong(Green Gram),39200,22600,0.576530612
Maharashtra,JALGAON,2001,Kharif,Other Kharif pulses,6600,1700,0.257575758
Maharashtra,JALGAON,2001,Kharif,Rice,1200,700,0.583333333
Maharashtra,JALGAON,2001,Kharif,Sesamum,25800,10600,0.410852713
Maharashtra,JALGAON,2001,Kharif,Small millets,2300,1400,0.608695652
Maharashtra,JALGAON,2001,Kharif,Soyabean,3100,4300,1.387096774
Maharashtra,JALGAON,2001,Kharif,Sunflower,900,300,0.333333333
Maharashtra,JALGAON,2001,Kharif,Urad,57300,35000,0.610820244
Maharashtra,JALGAON,2001,Rabi,Gram,27100,24400,0.900369004
Maharashtra,JALGAON,2001,Rabi,Jowar,28400,37200,1.309859155
Maharashtra,JALGAON,2001,Rabi,Maize,300,600,2
Maharashtra,JALGAON,2001,Rabi,Small millets,1500,700,0.466666667
Maharashtra,JALGAON,2001,Rabi,Sunflower,200,100,0.5
Maharashtra,JALGAON,2001,Rabi,Wheat,23800,39300,1.651260504
Maharashtra,JALGAON,2001,Summer,Groundnut,1900,2200,1.157894737
Maharashtra,JALGAON,2001,Summer,Maize,200,300,1.5
Maharashtra,JALGAON,2001,Summer,Sunflower,100,100,1
Maharashtra,JALGAON,2001,Whole Year,Sugarcane,13500,1007400,74.62222222
Maharashtra,JALGAON,2002,Kharif,Arhar/Tur,24900,18200,0.730923695
Maharashtra,JALGAON,2002,Kharif,Bajra,63600,64700,1.017295597
Maharashtra,JALGAON,2002,Kharif,Castor seed,200,10,0.05
Maharashtra,JALGAON,2002,Kharif,Cotton(lint),384000,468200,1.219270833
Maharashtra,JALGAON,2002,Kharif,Groundnut,5700,5000,0.877192982
Maharashtra,JALGAON,2002,Kharif,Jowar,155900,329700,2.114817191
Maharashtra,JALGAON,2002,Kharif,Maize,13600,39200,2.882352941
Maharashtra,JALGAON,2002,Kharif,Moong(Green Gram),43500,28400,0.652873563
Maharashtra,JALGAON,2002,Kharif,Other Kharif pulses,1900,700,0.368421053
Maharashtra,JALGAON,2002,Kharif,Rice,900,800,0.888888889
Maharashtra,JALGAON,2002,Kharif,Sesamum,26200,12000,0.458015267
Maharashtra,JALGAON,2002,Kharif,Small millets,100,100,1
Maharashtra,JALGAON,2002,Kharif,Soyabean,3400,8600,2.529411765
Maharashtra,JALGAON,2002,Kharif,Sunflower,500,200,0.4
Maharashtra,JALGAON,2002,Kharif,Urad,68000,46900,0.689705882
Maharashtra,JALGAON,2002,Rabi,Gram,35200,35900,1.019886364
Maharashtra,JALGAON,2002,Rabi,Jowar,31500,49900,1.584126984
Maharashtra,JALGAON,2002,Rabi,Maize,300,500,1.666666667
Maharashtra,JALGAON,2002,Rabi,Rapeseed &Mustard,100,10,0.1
Maharashtra,JALGAON,2002,Rabi,Sunflower,300,100,0.333333333
Maharashtra,JALGAON,2002,Rabi,Wheat,27700,53200,1.920577617
Maharashtra,JALGAON,2002,Summer,Groundnut,2600,3500,1.346153846
Maharashtra,JALGAON,2002,Summer,Maize,400,500,1.25
Maharashtra,JALGAON,2002,Summer,Sunflower,100,100,1
Maharashtra,JALGAON,2002,Whole Year,Sugarcane,12000,855000,71.25
Maharashtra,JALGAON,2003,Kharif,Arhar/Tur,25800,18300,0.709302326
Maharashtra,JALGAON,2003,Kharif,Bajra,61700,63800,1.034035656
Maharashtra,JALGAON,2003,Kharif,Cotton(lint),383600,514800,1.342022941
Maharashtra,JALGAON,2003,Kharif,Groundnut,5200,4800,0.923076923
Maharashtra,JALGAON,2003,Kharif,Jowar,154700,289300,1.870071105
Maharashtra,JALGAON,2003,Kharif,Maize,14900,49600,3.32885906
Maharashtra,JALGAON,2003,Kharif,Moong(Green Gram),43200,24400,0.564814815
Maharashtra,JALGAON,2003,Kharif,Other Kharif pulses,4500,1200,0.266666667
Maharashtra,JALGAON,2003,Kharif,other oilseeds,200,100,0.5
Maharashtra,JALGAON,2003,Kharif,Rice,900,1100,1.222222222
Maharashtra,JALGAON,2003,Kharif,Sesamum,29700,11900,0.400673401
Maharashtra,JALGAON,2003,Kharif,Small millets,200,100,0.5
Maharashtra,JALGAON,2003,Kharif,Soyabean,3600,8800,2.444444444
Maharashtra,JALGAON,2003,Kharif,Sunflower,300,100,0.333333333
Maharashtra,JALGAON,2003,Kharif,Urad,65200,39000,0.598159509
Maharashtra,JALGAON,2003,Rabi,Gram,45000,38400,0.853333333
Maharashtra,JALGAON,2003,Rabi,Jowar,34200,50900,1.488304094
Maharashtra,JALGAON,2003,Rabi,Maize,1100,2100,1.909090909
Maharashtra,JALGAON,2003,Rabi,Rapeseed &Mustard,100,0,0
Maharashtra,JALGAON,2003,Rabi,Sunflower,300,100,0.333333333
Maharashtra,JALGAON,2003,Rabi,Wheat,33000,61500,1.863636364
Maharashtra,JALGAON,2003,Summer,Groundnut,3500,4300,1.228571429
Maharashtra,JALGAON,2003,Summer,Sunflower,200,200,1
Maharashtra,JALGAON,2003,Whole Year,Banana,35900,2390840,66.59721448
Maharashtra,JALGAON,2003,Whole Year,Grapes,18,483,26.83333333
Maharashtra,JALGAON,2003,Whole Year,Mango,1970,3640,1.847715736
Maharashtra,JALGAON,2003,Whole Year,Onion,5307,62323,11.74354626
Maharashtra,JALGAON,2003,Whole Year,Sugarcane,13000,439900,33.83846154
Maharashtra,JALGAON,2003,Whole Year,Tomato,313,801,2.559105431
Maharashtra,JALGAON,2004,Kharif,Arhar/Tur,25900,18400,0.71042471
Maharashtra,JALGAON,2004,Kharif,Bajra,58600,57100,0.97440273
Maharashtra,JALGAON,2004,Kharif,Groundnut,4900,3800,0.775510204
Maharashtra,JALGAON,2004,Kharif,Jowar,132500,242400,1.829433962
Maharashtra,JALGAON,2004,Kharif,Maize,19500,40200,2.061538462
Maharashtra,JALGAON,2004,Kharif,Moong(Green Gram),36900,13900,0.376693767
Maharashtra,JALGAON,2004,Kharif,Other Cereals & Millets,700,300,0.428571429
Maharashtra,JALGAON,2004,Kharif,Other Kharif pulses,2200,500,0.227272727
Maharashtra,JALGAON,2004,Kharif,other oilseeds,300,100,0.333333333
Maharashtra,JALGAON,2004,Kharif,Rice,400,400,1
Maharashtra,JALGAON,2004,Kharif,Sesamum,25800,7500,0.290697674
Maharashtra,JALGAON,2004,Kharif,Sunflower,400,200,0.5
Maharashtra,JALGAON,2004,Kharif,Urad,59800,24300,0.406354515
Maharashtra,JALGAON,2004,Rabi,Gram,51900,49700,0.95761079
Maharashtra,JALGAON,2004,Rabi,Jowar,39300,62400,1.58778626
Maharashtra,JALGAON,2004,Rabi,Maize,1200,2700,2.25
Maharashtra,JALGAON,2004,Rabi,Soyabean,8500,18000,2.117647059
Maharashtra,JALGAON,2004,Rabi,Sunflower,300,200,0.666666667
Maharashtra,JALGAON,2004,Rabi,Wheat,38400,77700,2.0234375
Maharashtra,JALGAON,2004,Summer,Groundnut,2900,3900,1.344827586
Maharashtra,JALGAON,2004,Summer,Maize,600,1100,1.833333333
Maharashtra,JALGAON,2004,Summer,Sunflower,400,200,0.5
Maharashtra,JALGAON,2004,Whole Year,Cotton(lint),396100,616600,1.556677607
Maharashtra,JALGAON,2004,Whole Year,Sugarcane,14900,922600,61.91946309
Maharashtra,JALGAON,2005,Kharif,Arhar/Tur,29300,20400,0.696245734
Maharashtra,JALGAON,2005,Kharif,Bajra,60100,44300,0.737104825
Maharashtra,JALGAON,2005,Kharif,Castor seed,500,200,0.4
Maharashtra,JALGAON,2005,Kharif,Cotton(lint),393400,604200,1.535841383
Maharashtra,JALGAON,2005,Kharif,Groundnut,3800,3100,0.815789474
Maharashtra,JALGAON,2005,Kharif,Moong(Green Gram),37700,15900,0.421750663
Maharashtra,JALGAON,2005,Kharif,Rice,200,300,1.5
Maharashtra,JALGAON,2005,Kharif,Sesamum,27000,9100,0.337037037
Maharashtra,JALGAON,2005,Kharif,Soyabean,14600,26500,1.815068493
Maharashtra,JALGAON,2005,Kharif,Sugarcane,17000,1099000,64.64705882
Maharashtra,JALGAON,2005,Kharif,Sunflower,500,300,0.6
Maharashtra,JALGAON,2005,Kharif,Urad,61400,25100,0.408794788
Maharashtra,JALGAON,2005,Rabi,Gram,47700,41300,0.865828092
Maharashtra,JALGAON,2005,Rabi,Rapeseed &Mustard,100,30,0.3
Maharashtra,JALGAON,2005,Rabi,Sunflower,600,300,0.5
Maharashtra,JALGAON,2005,Rabi,Wheat,36200,66800,1.845303867
Maharashtra,JALGAON,2005,Summer,Groundnut,1800,2900,1.611111111
Maharashtra,JALGAON,2005,Summer,Sunflower,400,500,1.25
Maharashtra,JALGAON,2006,Kharif,Arhar/Tur,31100,23800,0.765273312
Maharashtra,JALGAON,2006,Kharif,Bajra,52700,55900,1.060721063
Maharashtra,JALGAON,2006,Kharif,Castor seed,200,100,0.5
Maharashtra,JALGAON,2006,Kharif,Cotton(lint),420500,804200,1.912485137
Maharashtra,JALGAON,2006,Kharif,Groundnut,3300,3000,0.909090909
Maharashtra,JALGAON,2006,Kharif,Jowar,129500,246000,1.8996139
Maharashtra,JALGAON,2006,Kharif,Maize,39300,122200,3.109414758
Maharashtra,JALGAON,2006,Kharif,Moong(Green Gram),39300,19300,0.491094148
Maharashtra,JALGAON,2006,Kharif,Rice,100,100,1
Maharashtra,JALGAON,2006,Kharif,Sesamum,26400,9800,0.371212121
Maharashtra,JALGAON,2006,Kharif,Soyabean,27100,51300,1.89298893
Maharashtra,JALGAON,2006,Kharif,Sunflower,1200,600,0.5
Maharashtra,JALGAON,2006,Kharif,Urad,56500,29900,0.52920354
Maharashtra,JALGAON,2006,Rabi,Gram,59000,56800,0.962711864
Maharashtra,JALGAON,2006,Rabi,Jowar,34100,50100,1.469208211
Maharashtra,JALGAON,2006,Rabi,Maize,4400,8000,1.818181818
Maharashtra,JALGAON,2006,Rabi,Rapeseed &Mustard,200,200,1
Maharashtra,JALGAON,2006,Rabi,Sunflower,1000,500,0.5
Maharashtra,JALGAON,2006,Rabi,Wheat,50800,111900,2.202755906
Maharashtra,JALGAON,2006,Summer,Groundnut,2300,3700,1.608695652
Maharashtra,JALGAON,2006,Summer,Maize,2400,3800,1.583333333
Maharashtra,JALGAON,2006,Summer,Sunflower,700,700,1
Maharashtra,JALGAON,2007,Kharif,Arhar/Tur,299,232,0.775919732
Maharashtra,JALGAON,2007,Kharif,Bajra,465,537,1.15483871
Maharashtra,JALGAON,2007,Kharif,Castor seed,2,1,0.5
Maharashtra,JALGAON,2007,Kharif,Cotton(lint),4160,9485,2.280048077
Maharashtra,JALGAON,2007,Kharif,Groundnut,34,28,0.823529412
Maharashtra,JALGAON,2007,Kharif,Jowar,1201,2726,2.269775187
Maharashtra,JALGAON,2007,Kharif,Maize,612,1766,2.885620915
Maharashtra,JALGAON,2007,Kharif,Moong(Green Gram),447,249,0.55704698
Maharashtra,JALGAON,2007,Kharif,Rice,1,1,1
Maharashtra,JALGAON,2007,Kharif,Sesamum,222,97,0.436936937
Maharashtra,JALGAON,2007,Kharif,Soyabean,248,455,1.834677419
Maharashtra,JALGAON,2007,Kharif,Sunflower,14,10,0.714285714
Maharashtra,JALGAON,2007,Kharif,Urad,593,352,0.593591906
Maharashtra,JALGAON,2007,Rabi,Gram,380,424,1.115789474
Maharashtra,JALGAON,2007,Rabi,Jowar,305,570,1.868852459
Maharashtra,JALGAON,2007,Rabi,Maize,58,150,2.586206897
Maharashtra,JALGAON,2007,Rabi,Rapeseed &Mustard,1,1,1
Maharashtra,JALGAON,2007,Rabi,Safflower,3,2,0.666666667
Maharashtra,JALGAON,2007,Rabi,Sunflower,13,9,0.692307692
Maharashtra,JALGAON,2007,Rabi,Wheat,526,1377,2.617870722
Maharashtra,JALGAON,2007,Summer,Groundnut,44,51,1.159090909
Maharashtra,JALGAON,2007,Summer,Maize,23,35,1.52173913
Maharashtra,JALGAON,2007,Summer,Sunflower,4,3,0.75
Maharashtra,JALGAON,2007,Whole Year,Sugarcane,224,14884,66.44642857
Maharashtra,JALGAON,2008,Kharif,Arhar/Tur,13800,8500,0.615942029
Maharashtra,JALGAON,2008,Kharif,Bajra,33000,33800,1.024242424
Maharashtra,JALGAON,2008,Kharif,Castor seed,100,30,0.3
Maharashtra,JALGAON,2008,Kharif,Cotton(lint),434600,780100,1.794983893
Maharashtra,JALGAON,2008,Kharif,Groundnut,1300,1000,0.769230769
Maharashtra,JALGAON,2008,Kharif,Jowar,10800,20800,1.925925926
Maharashtra,JALGAON,2008,Kharif,Maize,69000,174900,2.534782609
Maharashtra,JALGAON,2008,Kharif,Moong(Green Gram),40300,17500,0.434243176
Maharashtra,JALGAON,2008,Kharif,Sesamum,12400,4100,0.330645161
Maharashtra,JALGAON,2008,Kharif,Soyabean,18100,33800,1.867403315
Maharashtra,JALGAON,2008,Kharif,Sugarcane,11700,764800,65.36752137
Maharashtra,JALGAON,2008,Kharif,Sunflower,9500,5200,0.547368421
Maharashtra,JALGAON,2008,Kharif,Urad,46200,20500,0.443722944
Maharashtra,JALGAON,2008,Rabi,Gram,27700,27400,0.989169675
Maharashtra,JALGAON,2008,Rabi,Jowar,34500,48400,1.402898551
Maharashtra,JALGAON,2008,Rabi,Maize,53,153,2.886792453
Maharashtra,JALGAON,2008,Rabi,Safflower,1300,700,0.538461538
Maharashtra,JALGAON,2008,Rabi,Sunflower,1600,1000,0.625
Maharashtra,JALGAON,2008,Rabi,Wheat,31600,64600,2.044303797
Maharashtra,JALGAON,2008,Whole Year,Sugarcane,11700,764800,65.36752137
Maharashtra,JALGAON,2009,Kharif,Arhar/Tur,14800,10700,0.722972973
Maharashtra,JALGAON,2009,Kharif,Bajra,33200,36100,1.087349398
Maharashtra,JALGAON,2009,Kharif,Castor seed,200,40,0.2
Maharashtra,JALGAON,2009,Kharif,Cotton(lint),413600,685100,1.656431335
Maharashtra,JALGAON,2009,Kharif,Groundnut,1400,1500,1.071428571
Maharashtra,JALGAON,2009,Kharif,Jowar,112900,228200,2.02125775
Maharashtra,JALGAON,2009,Kharif,Maize,76300,167800,2.19921363
Maharashtra,JALGAON,2009,Kharif,Moong(Green Gram),40300,18800,0.466501241
Maharashtra,JALGAON,2009,Kharif,Rice,200,100,0.5
Maharashtra,JALGAON,2009,Kharif,Sesamum,13400,5100,0.380597015
Maharashtra,JALGAON,2009,Kharif,Soyabean,19100,41800,2.188481675
Maharashtra,JALGAON,2009,Kharif,Sugarcane,9600,675400,70.35416667
Maharashtra,JALGAON,2009,Kharif,Sunflower,7500,3100,0.413333333
Maharashtra,JALGAON,2009,Kharif,Urad,44500,21800,0.48988764
Maharashtra,JALGAON,2009,Rabi,Gram,57300,65600,1.144851658
Maharashtra,JALGAON,2009,Rabi,Jowar,53500,82400,1.540186916
Maharashtra,JALGAON,2009,Rabi,Maize,9400,28000,2.978723404
Maharashtra,JALGAON,2009,Rabi,Rapeseed &Mustard,400,200,0.5
Maharashtra,JALGAON,2009,Rabi,Safflower,1600,1200,0.75
Maharashtra,JALGAON,2009,Rabi,Sunflower,1600,800,0.5
Maharashtra,JALGAON,2009,Rabi,Wheat,50900,110000,2.161100196
Maharashtra,JALGAON,2010,Kharif,Arhar/Tur,16000,14300,0.89375
Maharashtra,JALGAON,2010,Kharif,Bajra,35800,49800,1.391061453
Maharashtra,JALGAON,2010,Kharif,Castor seed,100,40,0.4
Maharashtra,JALGAON,2010,Kharif,Cotton(lint),509700,1097100,2.152442613
Maharashtra,JALGAON,2010,Kharif,Groundnut,1900,2400,1.263157895
Maharashtra,JALGAON,2010,Kharif,Jowar,117300,271200,2.31202046
Maharashtra,JALGAON,2010,Kharif,Maize,75000,249000,3.32
Maharashtra,JALGAON,2010,Kharif,Moong(Green Gram),43200,29100,0.673611111
Maharashtra,JALGAON,2010,Kharif,Sesamum,14700,7400,0.503401361
Maharashtra,JALGAON,2010,Kharif,Soyabean,12900,26200,2.031007752
Maharashtra,JALGAON,2010,Kharif,Sugarcane,11200,877000,78.30357143
Maharashtra,JALGAON,2010,Kharif,Sunflower,3400,1400,0.411764706
Maharashtra,JALGAON,2010,Kharif,Urad,44400,31000,0.698198198
Maharashtra,JALGAON,2010,Rabi,Gram,70600,82200,1.164305949
Maharashtra,JALGAON,2010,Rabi,Jowar,54500,89400,1.640366972
Maharashtra,JALGAON,2010,Rabi,Maize,11800,34600,2.93220339
Maharashtra,JALGAON,2010,Rabi,Rapeseed &Mustard,100,100,1
Maharashtra,JALGAON,2010,Rabi,Safflower,500,500,1
Maharashtra,JALGAON,2010,Rabi,Sunflower,1200,700,0.583333333
Maharashtra,JALGAON,2010,Rabi,Wheat,66000,164600,2.493939394
Maharashtra,JALGAON,2011,Kharif,Arhar/Tur,16900,13300,0.786982249
Maharashtra,JALGAON,2011,Kharif,Bajra,16900,24100,1.426035503
Maharashtra,JALGAON,2011,Kharif,Cotton(lint),548600,1040400,1.896463726
Maharashtra,JALGAON,2011,Kharif,Groundnut,1500,2000,1.333333333
Maharashtra,JALGAON,2011,Kharif,Jowar,75700,177600,2.346103038
Maharashtra,JALGAON,2011,Kharif,Maize,65000,235100,3.616923077
Maharashtra,JALGAON,2011,Kharif,Moong(Green Gram),36900,24600,0.666666667
Maharashtra,JALGAON,2011,Kharif,Other Kharif pulses,1000,300,0.3
Maharashtra,JALGAON,2011,Kharif,Rice,200,300,1.5
Maharashtra,JALGAON,2011,Kharif,Sesamum,7700,4200,0.545454545
Maharashtra,JALGAON,2011,Kharif,Soyabean,15800,31600,2
Maharashtra,JALGAON,2011,Kharif,Sunflower,900,400,0.444444444
Maharashtra,JALGAON,2011,Kharif,Urad,42700,31900,0.7470726
Maharashtra,JALGAON,2011,Rabi,Gram,36200,47100,1.301104972
Maharashtra,JALGAON,2011,Rabi,Jowar,27700,40600,1.465703971
Maharashtra,JALGAON,2011,Rabi,Maize,12200,34700,2.844262295
Maharashtra,JALGAON,2011,Rabi,Safflower,200,100,0.5
Maharashtra,JALGAON,2011,Rabi,Sunflower,600,300,0.5
Maharashtra,JALGAON,2011,Rabi,Wheat,25900,60200,2.324324324
Maharashtra,JALGAON,2011,Summer,Groundnut,2000,3000,1.5
Maharashtra,JALGAON,2011,Summer,Maize,2000,3100,1.55
Maharashtra,JALGAON,2011,Summer,Sunflower,100,100,1
Maharashtra,JALGAON,2011,Whole Year,Sugarcane,11200,820000,73.21428571
Maharashtra,JALGAON,2012,Kharif,Arhar/Tur,18300,11500,0.628415301
Maharashtra,JALGAON,2012,Kharif,Bajra,17600,18200,1.034090909
Maharashtra,JALGAON,2012,Kharif,Castor seed,500,100,0.2
Maharashtra,JALGAON,2012,Kharif,Cotton(lint),558800,853300,1.52702219
Maharashtra,JALGAON,2012,Kharif,Groundnut,1100,1000,0.909090909
Maharashtra,JALGAON,2012,Kharif,Jowar,77500,150200,1.938064516
Maharashtra,JALGAON,2012,Kharif,Maize,70600,188600,2.671388102
Maharashtra,JALGAON,2012,Kharif,Moong(Green Gram),35900,17900,0.498607242
Maharashtra,JALGAON,2012,Kharif,Other Kharif pulses,2600,600,0.230769231
Maharashtra,JALGAON,2012,Kharif,Sesamum,7300,2700,0.369863014
Maharashtra,JALGAON,2012,Kharif,Soyabean,15000,25600,1.706666667
Maharashtra,JALGAON,2012,Kharif,Sunflower,400,100,0.25
Maharashtra,JALGAON,2012,Kharif,Urad,45000,22900,0.508888889
Maharashtra,JALGAON,2012,Rabi,Gram,34400,24900,0.723837209
Maharashtra,JALGAON,2012,Rabi,Jowar,25700,28300,1.101167315
Maharashtra,JALGAON,2012,Rabi,Maize,11600,31600,2.724137931
Maharashtra,JALGAON,2012,Rabi,Safflower,300,100,0.333333333
Maharashtra,JALGAON,2012,Rabi,Wheat,25300,53000,2.09486166
Maharashtra,JALGAON,2012,Summer,Groundnut,1800,2700,1.5
Maharashtra,JALGAON,2012,Whole Year,Sugarcane,11000,759100,69.00909091
Maharashtra,JALGAON,2013,Kharif,Arhar/Tur,18400,20400,1.108695652
Maharashtra,JALGAON,2013,Kharif,Bajra,17700,20800,1.175141243
Maharashtra,JALGAON,2013,Kharif,Cotton(lint),558800,1504000,2.691481747
Maharashtra,JALGAON,2013,Kharif,Groundnut,1100,1300,1.181818182
Maharashtra,JALGAON,2013,Kharif,Jowar,77600,178300,2.297680412
Maharashtra,JALGAON,2013,Kharif,Maize,70700,270500,3.82602546
Maharashtra,JALGAON,2013,Kharif,Moong(Green Gram),35900,21700,0.604456825
Maharashtra,JALGAON,2013,Kharif,Other Kharif pulses,1300,500,0.384615385
Maharashtra,JALGAON,2013,Kharif,Sesamum,7300,2700,0.369863014
Maharashtra,JALGAON,2013,Kharif,Soyabean,15000,26500,1.766666667
Maharashtra,JALGAON,2013,Kharif,Sunflower,400,200,0.5
Maharashtra,JALGAON,2013,Kharif,Urad,45100,34400,0.762749446
Maharashtra,JALGAON,2013,Rabi,Gram,34400,39800,1.156976744
Maharashtra,JALGAON,2013,Rabi,Jowar,25700,40300,1.568093385
Maharashtra,JALGAON,2013,Rabi,Maize,11600,26100,2.25
Maharashtra,JALGAON,2013,Rabi,Safflower,300,100,0.333333333
Maharashtra,JALGAON,2013,Rabi,Wheat,25300,64800,2.561264822
Maharashtra,JALGAON,2013,Summer,Groundnut,2000,2300,1.15
Maharashtra,JALGAON,2013,Summer,Maize,5200,8000,1.538461538
Maharashtra,JALGAON,2013,Whole Year,Sugarcane,11700,883200,75.48717949
Maharashtra,JALGAON,2014,Kharif,Arhar/Tur,15600,8200,0.525641026
Maharashtra,JALGAON,2014,Kharif,Bajra,19000,23200,1.221052632
Maharashtra,JALGAON,2014,Kharif,Cotton(lint),471100,768100,1.630439397
Maharashtra,JALGAON,2014,Kharif,Groundnut,2400,2100,0.875
Maharashtra,JALGAON,2014,Kharif,Jowar,53500,119600,2.235514019
Maharashtra,JALGAON,2014,Kharif,Maize,94600,235100,2.485200846
Maharashtra,JALGAON,2014,Kharif,Moong(Green Gram),29100,14500,0.498281787
Maharashtra,JALGAON,2014,Kharif,Other Kharif pulses,900,200,0.222222222
Maharashtra,JALGAON,2014,Kharif,Sesamum,3400,1200,0.352941176
Maharashtra,JALGAON,2014,Kharif,Soyabean,25000,35400,1.416
Maharashtra,JALGAON,2014,Rabi,Gram,51600,54400,1.054263566
Maharashtra,JALGAON,2014,Rabi,Jowar,32500,45300,1.393846154
Maharashtra,JALGAON,2014,Rabi,Maize,50100,188200,3.756487026
Maharashtra,JALGAON,2014,Rabi,Other  Rabi pulses,200,100,0.5
Maharashtra,JALGAON,2014,Rabi,Wheat,49600,81100,1.635080645
Maharashtra,JALGAON,2014,Summer,Groundnut,2400,3100,1.291666667
Maharashtra,JALGAON,2014,Summer,Maize,9400,23500,2.5
Maharashtra,JALGAON,2014,Whole Year,Sugarcane,7900,553600,70.07594937
Maharashtra,JALNA,1997,Kharif,Arhar/Tur,37700,5600,0.148541114
Maharashtra,JALNA,1997,Kharif,Bajra,70300,54800,0.779516358
Maharashtra,JALNA,1997,Kharif,Gram,12600,3500,0.277777778
Maharashtra,JALNA,1997,Kharif,Jowar,36300,37500,1.033057851
Maharashtra,JALNA,1997,Kharif,Maize,30300,30000,0.99009901
Maharashtra,JALNA,1997,Kharif,Moong(Green Gram),46300,7600,0.164146868
Maharashtra,JALNA,1997,Kharif,Pulses total,1142,214,0.187390543
Maharashtra,JALNA,1997,Kharif,Rice,1600,800,0.5
Maharashtra,JALNA,1997,Kharif,Total foodgrain,2542,1451,0.570810386
Maharashtra,JALNA,1997,Kharif,Urad,15000,3400,0.226666667
Maharashtra,JALNA,1997,Rabi,Jowar,148600,71000,0.477792732
Maharashtra,JALNA,1997,Rabi,Maize,1000,1800,1.8
Maharashtra,JALNA,1997,Rabi,Other  Rabi pulses,30,1,0.033333333
Maharashtra,JALNA,1997,Rabi,Wheat,21600,14800,0.685185185
Maharashtra,JALNA,1997,Summer,Maize,200,300,1.5
Maharashtra,JALNA,1997,Whole Year,Cotton(lint),1520,102700,67.56578947
Maharashtra,JALNA,1998,Kharif,Arhar/Tur,46100,26000,0.563991323
Maharashtra,JALNA,1998,Kharif,Bajra,80800,64400,0.797029703
Maharashtra,JALNA,1998,Kharif,Castor seed,200,100,0.5
Maharashtra,JALNA,1998,Kharif,Cotton(lint),162600,173400,1.066420664
Maharashtra,JALNA,1998,Kharif,Groundnut,2300,1200,0.52173913
Maharashtra,JALNA,1998,Kharif,Jowar,36200,45800,1.26519337
Maharashtra,JALNA,1998,Kharif,Maize,33200,73600,2.21686747
Maharashtra,JALNA,1998,Kharif,Moong(Green Gram),53200,29500,0.554511278
Maharashtra,JALNA,1998,Kharif,Niger seed,600,200,0.333333333
Maharashtra,JALNA,1998,Kharif,Other Kharif pulses,10900,4400,0.403669725
Maharashtra,JALNA,1998,Kharif,Rice,1100,400,0.363636364
Maharashtra,JALNA,1998,Kharif,Sesamum,3800,1000,0.263157895
Maharashtra,JALNA,1998,Kharif,Soyabean,4500,6800,1.511111111
Maharashtra,JALNA,1998,Kharif,Sugarcane,6700,543100,81.05970149
Maharashtra,JALNA,1998,Kharif,Sunflower,8500,3500,0.411764706
Maharashtra,JALNA,1998,Kharif,Urad,15100,9600,0.635761589
Maharashtra,JALNA,1998,Rabi,Gram,15900,8300,0.522012579
Maharashtra,JALNA,1998,Rabi,Jowar,129900,94500,0.727482679
Maharashtra,JALNA,1998,Rabi,Linseed,3200,700,0.21875
Maharashtra,JALNA,1998,Rabi,Maize,3200,5000,1.5625
Maharashtra,JALNA,1998,Rabi,Other  Rabi pulses,700,300,0.428571429
Maharashtra,JALNA,1998,Rabi,Rapeseed &Mustard,200,,
Maharashtra,JALNA,1998,Rabi,Safflower,34400,17800,0.51744186
Maharashtra,JALNA,1998,Rabi,Sunflower,12100,5900,0.487603306
Maharashtra,JALNA,1998,Rabi,Wheat,30400,43200,1.421052632
Maharashtra,JALNA,1998,Summer,Groundnut,1600,1500,0.9375
Maharashtra,JALNA,1998,Summer,Maize,500,700,1.4
Maharashtra,JALNA,1998,Summer,Sunflower,600,400,0.666666667
Maharashtra,JALNA,1999,Kharif,Arhar/Tur,47200,22200,0.470338983
Maharashtra,JALNA,1999,Kharif,Bajra,84800,61700,0.72759434
Maharashtra,JALNA,1999,Kharif,Castor seed,300,100,0.333333333
Maharashtra,JALNA,1999,Kharif,Cotton(lint),170300,121600,0.714034058
Maharashtra,JALNA,1999,Kharif,Groundnut,2300,1600,0.695652174
Maharashtra,JALNA,1999,Kharif,Jowar,37000,39300,1.062162162
Maharashtra,JALNA,1999,Kharif,Maize,34100,61900,1.815249267
Maharashtra,JALNA,1999,Kharif,Moong(Green Gram),54500,32300,0.59266055
Maharashtra,JALNA,1999,Kharif,Niger seed,800,200,0.25
Maharashtra,JALNA,1999,Kharif,Other Kharif pulses,13800,4700,0.34057971
Maharashtra,JALNA,1999,Kharif,Rice,1300,700,0.538461538
Maharashtra,JALNA,1999,Kharif,Sesamum,4000,1300,0.325
Maharashtra,JALNA,1999,Kharif,Soyabean,4400,5600,1.272727273
Maharashtra,JALNA,1999,Kharif,Sunflower,7200,3100,0.430555556
Maharashtra,JALNA,1999,Kharif,Urad,15300,11300,0.738562092
Maharashtra,JALNA,1999,Rabi,Gram,17600,10900,0.619318182
Maharashtra,JALNA,1999,Rabi,Jowar,147800,123500,0.835588633
Maharashtra,JALNA,1999,Rabi,Linseed,3400,800,0.235294118
Maharashtra,JALNA,1999,Rabi,Maize,3700,5800,1.567567568
Maharashtra,JALNA,1999,Rabi,Other  Rabi pulses,1000,400,0.4
Maharashtra,JALNA,1999,Rabi,Rapeseed &Mustard,200,100,0.5
Maharashtra,JALNA,1999,Rabi,Safflower,24100,10900,0.452282158
Maharashtra,JALNA,1999,Rabi,Sunflower,11900,8000,0.672268908
Maharashtra,JALNA,1999,Rabi,Wheat,30200,42200,1.397350993
Maharashtra,JALNA,1999,Summer,Groundnut,1500,1300,0.866666667
Maharashtra,JALNA,1999,Summer,Maize,500,800,1.6
Maharashtra,JALNA,1999,Summer,Sunflower,600,300,0.5
Maharashtra,JALNA,1999,Whole Year,Sugarcane,12700,960800,75.65354331
Maharashtra,JALNA,2000,Kharif,Arhar/Tur,45500,18300,0.402197802
Maharashtra,JALNA,2000,Kharif,Bajra,93200,76200,0.817596567
Maharashtra,JALNA,2000,Kharif,Castor seed,800,400,0.5
Maharashtra,JALNA,2000,Kharif,Cotton(lint),138200,93600,0.677279305
Maharashtra,JALNA,2000,Kharif,Groundnut,2000,1000,0.5
Maharashtra,JALNA,2000,Kharif,Jowar,28000,28600,1.021428571
Maharashtra,JALNA,2000,Kharif,Maize,41900,39900,0.952267303
Maharashtra,JALNA,2000,Kharif,Moong(Green Gram),59800,26400,0.441471572
Maharashtra,JALNA,2000,Kharif,Niger seed,900,200,0.222222222
Maharashtra,JALNA,2000,Kharif,Other Kharif pulses,19100,6200,0.32460733
Maharashtra,JALNA,2000,Kharif,Rice,1200,700,0.583333333
Maharashtra,JALNA,2000,Kharif,Sesamum,4100,1000,0.243902439
Maharashtra,JALNA,2000,Kharif,Small millets,12200,7100,0.581967213
Maharashtra,JALNA,2000,Kharif,Soyabean,4700,2300,0.489361702
Maharashtra,JALNA,2000,Kharif,Sunflower,5500,2600,0.472727273
Maharashtra,JALNA,2000,Kharif,Urad,15400,6400,0.415584416
Maharashtra,JALNA,2000,Rabi,Gram,11900,5900,0.495798319
Maharashtra,JALNA,2000,Rabi,Jowar,149300,104900,0.70261219
Maharashtra,JALNA,2000,Rabi,Linseed,2400,600,0.25
Maharashtra,JALNA,2000,Rabi,Maize,3700,4300,1.162162162
Maharashtra,JALNA,2000,Rabi,Other  Rabi pulses,300,100,0.333333333
Maharashtra,JALNA,2000,Rabi,Rapeseed &Mustard,600,100,0.166666667
Maharashtra,JALNA,2000,Rabi,Safflower,20700,9700,0.468599034
Maharashtra,JALNA,2000,Rabi,Sunflower,5200,2500,0.480769231
Maharashtra,JALNA,2000,Rabi,Wheat,24300,60200,2.477366255
Maharashtra,JALNA,2000,Summer,Groundnut,1400,1400,1
Maharashtra,JALNA,2000,Summer,Sunflower,100,200,2
Maharashtra,JALNA,2000,Whole Year,Sugarcane,16000,1241700,77.60625
Maharashtra,JALNA,2001,Kharif,Arhar/Tur,42100,23400,0.555819477
Maharashtra,JALNA,2001,Kharif,Bajra,76700,54900,0.71577575
Maharashtra,JALNA,2001,Kharif,Castor seed,200,10,0.05
Maharashtra,JALNA,2001,Kharif,Cotton(lint),157200,183400,1.166666667
Maharashtra,JALNA,2001,Kharif,Groundnut,1600,700,0.4375
Maharashtra,JALNA,2001,Kharif,Jowar,24600,30300,1.231707317
Maharashtra,JALNA,2001,Kharif,Maize,38600,56800,1.471502591
Maharashtra,JALNA,2001,Kharif,Moong(Green Gram),59000,17000,0.288135593
Maharashtra,JALNA,2001,Kharif,Niger seed,1000,200,0.2
Maharashtra,JALNA,2001,Kharif,Other Kharif pulses,9000,2100,0.233333333
Maharashtra,JALNA,2001,Kharif,Rice,600,400,0.666666667
Maharashtra,JALNA,2001,Kharif,Sesamum,3900,900,0.230769231
Maharashtra,JALNA,2001,Kharif,Small millets,6500,4100,0.630769231
Maharashtra,JALNA,2001,Kharif,Soyabean,5100,3900,0.764705882
Maharashtra,JALNA,2001,Kharif,Sunflower,2400,800,0.333333333
Maharashtra,JALNA,2001,Kharif,Urad,21500,9400,0.437209302
Maharashtra,JALNA,2001,Rabi,Gram,15600,10000,0.641025641
Maharashtra,JALNA,2001,Rabi,Jowar,166000,148400,0.893975904
Maharashtra,JALNA,2001,Rabi,Linseed,1700,400,0.235294118
Maharashtra,JALNA,2001,Rabi,Maize,2500,4600,1.84
Maharashtra,JALNA,2001,Rabi,Other  Rabi pulses,400,200,0.5
Maharashtra,JALNA,2001,Rabi,Rapeseed &Mustard,100,10,0.1
Maharashtra,JALNA,2001,Rabi,Safflower,24300,15200,0.625514403
Maharashtra,JALNA,2001,Rabi,Small millets,100,0,0
Maharashtra,JALNA,2001,Rabi,Sunflower,6700,2900,0.432835821
Maharashtra,JALNA,2001,Rabi,Wheat,28400,41600,1.464788732
Maharashtra,JALNA,2001,Summer,Groundnut,700,900,1.285714286
Maharashtra,JALNA,2001,Summer,Maize,100,100,1
Maharashtra,JALNA,2001,Summer,Sunflower,100,100,1
Maharashtra,JALNA,2001,Whole Year,Sugarcane,12700,797200,62.77165354
Maharashtra,JALNA,2002,Kharif,Arhar/Tur,48000,30300,0.63125
Maharashtra,JALNA,2002,Kharif,Bajra,86400,83900,0.971064815
Maharashtra,JALNA,2002,Kharif,Castor seed,300,100,0.333333333
Maharashtra,JALNA,2002,Kharif,Cotton(lint),144900,200000,1.38026225
Maharashtra,JALNA,2002,Kharif,Groundnut,1200,1000,0.833333333
Maharashtra,JALNA,2002,Kharif,Jowar,16400,22800,1.390243902
Maharashtra,JALNA,2002,Kharif,Maize,54400,119300,2.193014706
Maharashtra,JALNA,2002,Kharif,Moong(Green Gram),54200,31800,0.586715867
Maharashtra,JALNA,2002,Kharif,Niger seed,1100,300,0.272727273
Maharashtra,JALNA,2002,Kharif,Other Kharif pulses,8400,1400,0.166666667
Maharashtra,JALNA,2002,Kharif,Rice,600,100,0.166666667
Maharashtra,JALNA,2002,Kharif,Sesamum,4200,1300,0.30952381
Maharashtra,JALNA,2002,Kharif,Small millets,300,100,0.333333333
Maharashtra,JALNA,2002,Kharif,Soyabean,6200,10200,1.64516129
Maharashtra,JALNA,2002,Kharif,Sunflower,4800,2300,0.479166667
Maharashtra,JALNA,2002,Kharif,Urad,19000,16700,0.878947368
Maharashtra,JALNA,2002,Rabi,Gram,15700,11900,0.757961783
Maharashtra,JALNA,2002,Rabi,Jowar,154900,143900,0.928986443
Maharashtra,JALNA,2002,Rabi,Linseed,1800,400,0.222222222
Maharashtra,JALNA,2002,Rabi,Maize,3100,3500,1.129032258
Maharashtra,JALNA,2002,Rabi,Other  Rabi pulses,300,100,0.333333333
Maharashtra,JALNA,2002,Rabi,Rapeseed &Mustard,400,100,0.25
Maharashtra,JALNA,2002,Rabi,Safflower,22300,14300,0.641255605
Maharashtra,JALNA,2002,Rabi,Sunflower,6700,2800,0.417910448
Maharashtra,JALNA,2002,Rabi,Wheat,27600,44000,1.594202899
Maharashtra,JALNA,2002,Summer,Groundnut,100,100,1
Maharashtra,JALNA,2002,Summer,Maize,300,500,1.666666667
Maharashtra,JALNA,2002,Whole Year,Sugarcane,16200,1122000,69.25925926
Maharashtra,JALNA,2003,Kharif,Arhar/Tur,47900,19100,0.39874739
Maharashtra,JALNA,2003,Kharif,Bajra,74500,75600,1.014765101
Maharashtra,JALNA,2003,Kharif,Cotton(lint),156900,163700,1.043339707
Maharashtra,JALNA,2003,Kharif,Groundnut,1100,800,0.727272727
Maharashtra,JALNA,2003,Kharif,Jowar,16900,22200,1.313609467
Maharashtra,JALNA,2003,Kharif,Maize,57900,154700,2.671848014
Maharashtra,JALNA,2003,Kharif,Moong(Green Gram),50400,30300,0.601190476
Maharashtra,JALNA,2003,Kharif,Niger seed,1200,200,0.166666667
Maharashtra,JALNA,2003,Kharif,Other Kharif pulses,10400,2100,0.201923077
Maharashtra,JALNA,2003,Kharif,other oilseeds,800,200,0.25
Maharashtra,JALNA,2003,Kharif,Rice,700,300,0.428571429
Maharashtra,JALNA,2003,Kharif,Sesamum,3800,1000,0.263157895
Maharashtra,JALNA,2003,Kharif,Small millets,1000,400,0.4
Maharashtra,JALNA,2003,Kharif,Soyabean,11700,14800,1.264957265
Maharashtra,JALNA,2003,Kharif,Sunflower,4200,1500,0.357142857
Maharashtra,JALNA,2003,Kharif,Urad,16900,10700,0.633136095
Maharashtra,JALNA,2003,Rabi,Gram,13100,6800,0.519083969
Maharashtra,JALNA,2003,Rabi,Jowar,154500,79500,0.514563107
Maharashtra,JALNA,2003,Rabi,Linseed,2200,500,0.227272727
Maharashtra,JALNA,2003,Rabi,Maize,3300,7200,2.181818182
Maharashtra,JALNA,2003,Rabi,Other  Rabi pulses,300,100,0.333333333
Maharashtra,JALNA,2003,Rabi,Rapeseed &Mustard,200,100,0.5
Maharashtra,JALNA,2003,Rabi,Safflower,20000,10700,0.535
Maharashtra,JALNA,2003,Rabi,Sunflower,4100,1300,0.317073171
Maharashtra,JALNA,2003,Rabi,Wheat,18400,24000,1.304347826
Maharashtra,JALNA,2003,Summer,Groundnut,100,100,1
Maharashtra,JALNA,2003,Whole Year,Banana,300,17960,59.86666667
Maharashtra,JALNA,2003,Whole Year,Grapes,89,2388,26.83146067
Maharashtra,JALNA,2003,Whole Year,Mango,5136,9490,1.847741433
Maharashtra,JALNA,2003,Whole Year,Onion,200,1104,5.52
Maharashtra,JALNA,2003,Whole Year,Sugarcane,7300,339700,46.53424658
Maharashtra,JALNA,2003,Whole Year,Tomato,231,735,3.181818182
Maharashtra,JALNA,2004,Kharif,Arhar/Tur,47400,21300,0.449367089
Maharashtra,JALNA,2004,Kharif,Bajra,73300,65100,0.888130969
Maharashtra,JALNA,2004,Kharif,Groundnut,1200,1000,0.833333333
Maharashtra,JALNA,2004,Kharif,Jowar,14700,14600,0.993197279
Maharashtra,JALNA,2004,Kharif,Maize,57300,105700,1.844677138
Maharashtra,JALNA,2004,Kharif,Moong(Green Gram),50100,18300,0.365269461
Maharashtra,JALNA,2004,Kharif,Niger seed,1100,200,0.181818182
Maharashtra,JALNA,2004,Kharif,Other Cereals & Millets,500,100,0.2
Maharashtra,JALNA,2004,Kharif,Other Kharif pulses,8000,1000,0.125
Maharashtra,JALNA,2004,Kharif,other oilseeds,1100,200,0.181818182
Maharashtra,JALNA,2004,Kharif,Rice,500,200,0.4
Maharashtra,JALNA,2004,Kharif,Sesamum,3100,700,0.225806452
Maharashtra,JALNA,2004,Kharif,Sunflower,4400,2300,0.522727273
Maharashtra,JALNA,2004,Kharif,Urad,16500,5800,0.351515152
Maharashtra,JALNA,2004,Rabi,Gram,14000,7500,0.535714286
Maharashtra,JALNA,2004,Rabi,Jowar,156200,116300,0.744558259
Maharashtra,JALNA,2004,Rabi,Linseed,2300,500,0.217391304
Maharashtra,JALNA,2004,Rabi,Maize,3600,4000,1.111111111
Maharashtra,JALNA,2004,Rabi,Other  Rabi pulses,900,300,0.333333333
Maharashtra,JALNA,2004,Rabi,Rapeseed &Mustard,400,100,0.25
Maharashtra,JALNA,2004,Rabi,Safflower,19400,17100,0.881443299
Maharashtra,JALNA,2004,Rabi,Soyabean,15900,15000,0.943396226
Maharashtra,JALNA,2004,Rabi,Sunflower,5900,2800,0.474576271
Maharashtra,JALNA,2004,Rabi,Wheat,19500,27400,1.405128205
Maharashtra,JALNA,2004,Summer,Groundnut,1500,1200,0.8
Maharashtra,JALNA,2004,Summer,Sunflower,100,100,1
Maharashtra,JALNA,2004,Whole Year,Cotton(lint),174000,206500,1.186781609
Maharashtra,JALNA,2004,Whole Year,Sugarcane,4600,356000,77.39130435
Maharashtra,JALNA,2005,Kharif,Arhar/Tur,57700,33800,0.585788562
Maharashtra,JALNA,2005,Kharif,Bajra,76200,77300,1.014435696
Maharashtra,JALNA,2005,Kharif,Castor seed,400,300,0.75
Maharashtra,JALNA,2005,Kharif,Cotton(lint),216100,270400,1.251272559
Maharashtra,JALNA,2005,Kharif,Groundnut,1200,900,0.75
Maharashtra,JALNA,2005,Kharif,Moong(Green Gram),35300,16800,0.47592068
Maharashtra,JALNA,2005,Kharif,Niger seed,1000,200,0.2
Maharashtra,JALNA,2005,Kharif,Sesamum,3500,900,0.257142857
Maharashtra,JALNA,2005,Kharif,Soyabean,30200,35700,1.182119205
Maharashtra,JALNA,2005,Kharif,Sugarcane,10400,723800,69.59615385
Maharashtra,JALNA,2005,Kharif,Sunflower,5400,2000,0.37037037
Maharashtra,JALNA,2005,Kharif,Urad,17500,8800,0.502857143
Maharashtra,JALNA,2005,Rabi,Gram,18100,12100,0.668508287
Maharashtra,JALNA,2005,Rabi,Linseed,2000,600,0.3
Maharashtra,JALNA,2005,Rabi,Safflower,18100,21100,1.165745856
Maharashtra,JALNA,2005,Rabi,Sunflower,6300,3000,0.476190476
Maharashtra,JALNA,2005,Rabi,Wheat,23900,34200,1.430962343
Maharashtra,JALNA,2005,Summer,Groundnut,1500,1800,1.2
Maharashtra,JALNA,2005,Summer,Sunflower,100,100,1
Maharashtra,JALNA,2006,Kharif,Arhar/Tur,55400,48600,0.877256318
Maharashtra,JALNA,2006,Kharif,Bajra,72800,76600,1.052197802
Maharashtra,JALNA,2006,Kharif,Castor seed,400,100,0.25
Maharashtra,JALNA,2006,Kharif,Cotton(lint),233300,514700,2.20617231
Maharashtra,JALNA,2006,Kharif,Groundnut,1200,800,0.666666667
Maharashtra,JALNA,2006,Kharif,Jowar,13700,18200,1.328467153
Maharashtra,JALNA,2006,Kharif,Maize,63900,139700,2.186228482
Maharashtra,JALNA,2006,Kharif,Moong(Green Gram),41400,20100,0.485507246
Maharashtra,JALNA,2006,Kharif,Niger seed,1100,200,0.181818182
Maharashtra,JALNA,2006,Kharif,Sesamum,3500,700,0.2
Maharashtra,JALNA,2006,Kharif,Soyabean,30600,36800,1.202614379
Maharashtra,JALNA,2006,Kharif,Sunflower,5200,2800,0.538461538
Maharashtra,JALNA,2006,Kharif,Urad,18900,9500,0.502645503
Maharashtra,JALNA,2006,Rabi,Gram,18700,15600,0.834224599
Maharashtra,JALNA,2006,Rabi,Jowar,165300,172100,1.041137326
Maharashtra,JALNA,2006,Rabi,Linseed,2100,600,0.285714286
Maharashtra,JALNA,2006,Rabi,Maize,3400,7100,2.088235294
Maharashtra,JALNA,2006,Rabi,Rapeseed &Mustard,400,100,0.25
Maharashtra,JALNA,2006,Rabi,Safflower,21100,17300,0.819905213
Maharashtra,JALNA,2006,Rabi,Sunflower,8200,3800,0.463414634
Maharashtra,JALNA,2006,Rabi,Wheat,34100,54800,1.607038123
Maharashtra,JALNA,2006,Summer,Groundnut,700,600,0.857142857
Maharashtra,JALNA,2006,Summer,Maize,400,100,0.25
Maharashtra,JALNA,2006,Summer,Sunflower,100,100,1
Maharashtra,JALNA,2007,Kharif,Arhar/Tur,494,450,0.910931174
Maharashtra,JALNA,2007,Kharif,Bajra,517,554,1.071566731
Maharashtra,JALNA,2007,Kharif,Castor seed,5,2,0.4
Maharashtra,JALNA,2007,Kharif,Cotton(lint),2675,6491,2.426542056
Maharashtra,JALNA,2007,Kharif,Groundnut,12,9,0.75
Maharashtra,JALNA,2007,Kharif,Jowar,99,118,1.191919192
Maharashtra,JALNA,2007,Kharif,Maize,597,1904,3.189279732
Maharashtra,JALNA,2007,Kharif,Moong(Green Gram),429,199,0.463869464
Maharashtra,JALNA,2007,Kharif,Sesamum,26,5,0.192307692
Maharashtra,JALNA,2007,Kharif,Soyabean,347,452,1.30259366
Maharashtra,JALNA,2007,Kharif,Sunflower,42,21,0.5
Maharashtra,JALNA,2007,Kharif,Urad,217,136,0.626728111
Maharashtra,JALNA,2007,Rabi,Gram,145,111,0.765517241
Maharashtra,JALNA,2007,Rabi,Jowar,1440,1525,1.059027778
Maharashtra,JALNA,2007,Rabi,Linseed,16,5,0.3125
Maharashtra,JALNA,2007,Rabi,Maize,85,258,3.035294118
Maharashtra,JALNA,2007,Rabi,Rapeseed &Mustard,2,1,0.5
Maharashtra,JALNA,2007,Rabi,Safflower,129,108,0.837209302
Maharashtra,JALNA,2007,Rabi,Sunflower,57,35,0.614035088
Maharashtra,JALNA,2007,Rabi,Wheat,241,458,1.900414938
Maharashtra,JALNA,2007,Summer,Groundnut,1,1,1
Maharashtra,JALNA,2007,Summer,Sunflower,1,1,1
Maharashtra,JALNA,2007,Whole Year,Sugarcane,251,19014,75.75298805
Maharashtra,JALNA,2008,Kharif,Arhar/Tur,34500,23200,0.672463768
Maharashtra,JALNA,2008,Kharif,Bajra,31800,21900,0.688679245
Maharashtra,JALNA,2008,Kharif,Castor seed,800,200,0.25
Maharashtra,JALNA,2008,Kharif,Cotton(lint),285900,418300,1.463098986
Maharashtra,JALNA,2008,Kharif,Groundnut,600,300,0.5
Maharashtra,JALNA,2008,Kharif,Jowar,3300,1900,0.575757576
Maharashtra,JALNA,2008,Kharif,Maize,56800,89600,1.577464789
Maharashtra,JALNA,2008,Kharif,Moong(Green Gram),21200,2400,0.113207547
Maharashtra,JALNA,2008,Kharif,Niger seed,200,100,0.5
Maharashtra,JALNA,2008,Kharif,Sesamum,800,100,0.125
Maharashtra,JALNA,2008,Kharif,Soyabean,37400,23000,0.614973262
Maharashtra,JALNA,2008,Kharif,Sugarcane,20400,1452400,71.19607843
Maharashtra,JALNA,2008,Kharif,Sunflower,1500,700,0.466666667
Maharashtra,JALNA,2008,Kharif,Urad,7800,1000,0.128205128
Maharashtra,JALNA,2008,Rabi,Gram,14900,9200,0.617449664
Maharashtra,JALNA,2008,Rabi,Jowar,12700,19700,1.551181102
Maharashtra,JALNA,2008,Rabi,Linseed,1200,200,0.166666667
Maharashtra,JALNA,2008,Rabi,Maize,41,78,1.902439024
Maharashtra,JALNA,2008,Rabi,Safflower,13000,9600,0.738461538
Maharashtra,JALNA,2008,Rabi,Sunflower,3600,2000,0.555555556
Maharashtra,JALNA,2008,Rabi,Wheat,17900,29800,1.664804469
Maharashtra,JALNA,2008,Whole Year,Sugarcane,20400,1452400,71.19607843
Maharashtra,JALNA,2009,Kharif,Arhar/Tur,47700,40600,0.85115304
Maharashtra,JALNA,2009,Kharif,Bajra,39100,36400,0.930946292
Maharashtra,JALNA,2009,Kharif,Castor seed,100,32,0.32
Maharashtra,JALNA,2009,Kharif,Cotton(lint),290700,503100,1.730650155
Maharashtra,JALNA,2009,Kharif,Groundnut,600,500,0.833333333
Maharashtra,JALNA,2009,Kharif,Jowar,4700,4800,1.021276596
Maharashtra,JALNA,2009,Kharif,Maize,59600,124100,2.082214765
Maharashtra,JALNA,2009,Kharif,Moong(Green Gram),34400,9400,0.273255814
Maharashtra,JALNA,2009,Kharif,Niger seed,400,100,0.25
Maharashtra,JALNA,2009,Kharif,Sesamum,1700,300,0.176470588
Maharashtra,JALNA,2009,Kharif,Soyabean,39300,45600,1.160305344
Maharashtra,JALNA,2009,Kharif,Sugarcane,18200,1693700,93.06043956
Maharashtra,JALNA,2009,Kharif,Sunflower,3500,1900,0.542857143
Maharashtra,JALNA,2009,Kharif,Urad,13000,3900,0.3
Maharashtra,JALNA,2009,Rabi,Gram,22400,20400,0.910714286
Maharashtra,JALNA,2009,Rabi,Jowar,145100,149200,1.028256375
Maharashtra,JALNA,2009,Rabi,Linseed,600,100,0.166666667
Maharashtra,JALNA,2009,Rabi,Maize,1800,5000,2.777777778
Maharashtra,JALNA,2009,Rabi,Safflower,11800,7000,0.593220339
Maharashtra,JALNA,2009,Rabi,Sunflower,3000,1800,0.6
Maharashtra,JALNA,2009,Rabi,Wheat,21500,40100,1.865116279
Maharashtra,JALNA,2010,Kharif,Arhar/Tur,53100,54000,1.016949153
Maharashtra,JALNA,2010,Kharif,Bajra,41300,44300,1.072639225
Maharashtra,JALNA,2010,Kharif,Castor seed,100,40,0.4
Maharashtra,JALNA,2010,Kharif,Cotton(lint),303300,776600,2.560501154
Maharashtra,JALNA,2010,Kharif,Groundnut,500,400,0.8
Maharashtra,JALNA,2010,Kharif,Jowar,4200,5200,1.238095238
Maharashtra,JALNA,2010,Kharif,Maize,60800,175700,2.889802632
Maharashtra,JALNA,2010,Kharif,Moong(Green Gram),38500,26300,0.683116883
Maharashtra,JALNA,2010,Kharif,Niger seed,200,100,0.5
Maharashtra,JALNA,2010,Kharif,Sesamum,900,200,0.222222222
Maharashtra,JALNA,2010,Kharif,Soyabean,49300,80000,1.622718053
Maharashtra,JALNA,2010,Kharif,Sugarcane,19300,1192700,61.79792746
Maharashtra,JALNA,2010,Kharif,Sunflower,1700,1000,0.588235294
Maharashtra,JALNA,2010,Kharif,Urad,14800,9700,0.655405405
Maharashtra,JALNA,2010,Rabi,Gram,26100,19900,0.762452107
Maharashtra,JALNA,2010,Rabi,Jowar,130700,98900,0.756694721
Maharashtra,JALNA,2010,Rabi,Linseed,600,250,0.416666667
Maharashtra,JALNA,2010,Rabi,Maize,2700,8100,3
Maharashtra,JALNA,2010,Rabi,Rapeseed &Mustard,600,200,0.333333333
Maharashtra,JALNA,2010,Rabi,Safflower,9500,6500,0.684210526
Maharashtra,JALNA,2010,Rabi,Sunflower,2400,1100,0.458333333
Maharashtra,JALNA,2010,Rabi,Wheat,30900,51600,1.669902913
Maharashtra,JALNA,2011,Kharif,Arhar/Tur,52700,27700,0.525616698
Maharashtra,JALNA,2011,Kharif,Bajra,26400,27200,1.03030303
Maharashtra,JALNA,2011,Kharif,Cotton(lint),306900,527100,1.717497556
Maharashtra,JALNA,2011,Kharif,Groundnut,300,200,0.666666667
Maharashtra,JALNA,2011,Kharif,Jowar,1800,2200,1.222222222
Maharashtra,JALNA,2011,Kharif,Maize,58700,152900,2.604770017
Maharashtra,JALNA,2011,Kharif,Moong(Green Gram),25300,12500,0.494071146
Maharashtra,JALNA,2011,Kharif,Niger seed,100,20,0.2
Maharashtra,JALNA,2011,Kharif,Other Kharif pulses,100,50,0.5
Maharashtra,JALNA,2011,Kharif,Sesamum,500,200,0.4
Maharashtra,JALNA,2011,Kharif,Soyabean,60300,90000,1.492537313
Maharashtra,JALNA,2011,Kharif,Sunflower,800,500,0.625
Maharashtra,JALNA,2011,Kharif,Urad,10400,5300,0.509615385
Maharashtra,JALNA,2011,Rabi,Gram,22800,13800,0.605263158
Maharashtra,JALNA,2011,Rabi,Jowar,81800,60100,0.734718826
Maharashtra,JALNA,2011,Rabi,Linseed,100,,
Maharashtra,JALNA,2011,Rabi,Maize,1700,5000,2.941176471
Maharashtra,JALNA,2011,Rabi,Rapeseed &Mustard,100,,
Maharashtra,JALNA,2011,Rabi,Safflower,2500,1600,0.64
Maharashtra,JALNA,2011,Rabi,Sunflower,800,400,0.5
Maharashtra,JALNA,2011,Rabi,Wheat,20700,29000,1.400966184
Maharashtra,JALNA,2011,Summer,Groundnut,100,100,1
Maharashtra,JALNA,2011,Whole Year,Sugarcane,18700,1306400,69.86096257
Maharashtra,JALNA,2012,Kharif,Arhar/Tur,46400,10800,0.232758621
Maharashtra,JALNA,2012,Kharif,Bajra,26100,14200,0.544061303
Maharashtra,JALNA,2012,Kharif,Castor seed,200,100,0.5
Maharashtra,JALNA,2012,Kharif,Cotton(lint),289000,190200,0.658131488
Maharashtra,JALNA,2012,Kharif,Groundnut,200,100,0.5
Maharashtra,JALNA,2012,Kharif,Jowar,1600,1700,1.0625
Maharashtra,JALNA,2012,Kharif,Maize,62900,111000,1.764705882
Maharashtra,JALNA,2012,Kharif,Moong(Green Gram),22200,2400,0.108108108
Maharashtra,JALNA,2012,Kharif,Niger seed,100,20,0.2
Maharashtra,JALNA,2012,Kharif,Other Kharif pulses,100,20,0.2
Maharashtra,JALNA,2012,Kharif,Sesamum,300,100,0.333333333
Maharashtra,JALNA,2012,Kharif,Soyabean,62400,43600,0.698717949
Maharashtra,JALNA,2012,Kharif,Sunflower,200,100,0.5
Maharashtra,JALNA,2012,Kharif,Urad,10400,1500,0.144230769
Maharashtra,JALNA,2012,Rabi,Gram,19300,3100,0.160621762
Maharashtra,JALNA,2012,Rabi,Jowar,93500,15000,0.160427807
Maharashtra,JALNA,2012,Rabi,Maize,2300,3600,1.565217391
Maharashtra,JALNA,2012,Rabi,Rapeseed &Mustard,200,60,0.3
Maharashtra,JALNA,2012,Rabi,Safflower,1100,200,0.181818182
Maharashtra,JALNA,2012,Rabi,Sunflower,100,40,0.4
Maharashtra,JALNA,2012,Rabi,Wheat,6500,2900,0.446153846
Maharashtra,JALNA,2012,Summer,Groundnut,200,200,1
Maharashtra,JALNA,2012,Whole Year,Sugarcane,12800,802600,62.703125
Maharashtra,JALNA,2013,Kharif,Arhar/Tur,44200,47500,1.074660633
Maharashtra,JALNA,2013,Kharif,Bajra,16700,20100,1.203592814
Maharashtra,JALNA,2013,Kharif,Cotton(lint),298800,681400,2.280455154
Maharashtra,JALNA,2013,Kharif,Groundnut,200,170,0.85
Maharashtra,JALNA,2013,Kharif,Jowar,1600,1900,1.1875
Maharashtra,JALNA,2013,Kharif,Maize,73500,196400,2.672108844
Maharashtra,JALNA,2013,Kharif,Moong(Green Gram),22200,13700,0.617117117
Maharashtra,JALNA,2013,Kharif,Niger seed,100,,
Maharashtra,JALNA,2013,Kharif,Other Kharif pulses,500,100,0.2
Maharashtra,JALNA,2013,Kharif,Sesamum,300,100,0.333333333
Maharashtra,JALNA,2013,Kharif,Soyabean,74600,123600,1.656836461
Maharashtra,JALNA,2013,Kharif,Sunflower,100,100,1
Maharashtra,JALNA,2013,Kharif,Urad,9500,5800,0.610526316
Maharashtra,JALNA,2013,Rabi,Gram,26900,23600,0.87732342
Maharashtra,JALNA,2013,Rabi,Jowar,111400,88800,0.797127469
Maharashtra,JALNA,2013,Rabi,Maize,7500,16400,2.186666667
Maharashtra,JALNA,2013,Rabi,Other  Rabi pulses,100,,
Maharashtra,JALNA,2013,Rabi,Safflower,1100,2370,2.154545455
Maharashtra,JALNA,2013,Rabi,Sunflower,100,40,0.4
Maharashtra,JALNA,2013,Rabi,Wheat,9800,13700,1.397959184
Maharashtra,JALNA,2013,Summer,Groundnut,800,500,0.625
Maharashtra,JALNA,2013,Summer,Maize,2300,1200,0.52173913
Maharashtra,JALNA,2013,Whole Year,Sugarcane,13500,972300,72.02222222
Maharashtra,JALNA,2014,Kharif,Arhar/Tur,47200,11900,0.252118644
Maharashtra,JALNA,2014,Kharif,Bajra,23300,7700,0.330472103
Maharashtra,JALNA,2014,Kharif,Castor seed,100,,
Maharashtra,JALNA,2014,Kharif,Cotton(lint),294200,159100,0.540788579
Maharashtra,JALNA,2014,Kharif,Groundnut,800,300,0.375
Maharashtra,JALNA,2014,Kharif,Jowar,1100,300,0.272727273
Maharashtra,JALNA,2014,Kharif,Maize,57600,32200,0.559027778
Maharashtra,JALNA,2014,Kharif,Moong(Green Gram),45000,7200,0.16
Maharashtra,JALNA,2014,Kharif,Other Kharif pulses,1000,200,0.2
Maharashtra,JALNA,2014,Kharif,Soyabean,109300,40300,0.368709973
Maharashtra,JALNA,2014,Kharif,Sunflower,100,,
Maharashtra,JALNA,2014,Rabi,Gram,27100,6800,0.250922509
Maharashtra,JALNA,2014,Rabi,Jowar,23100,6500,0.281385281
Maharashtra,JALNA,2014,Rabi,Other  Rabi pulses,100,,
Maharashtra,JALNA,2014,Rabi,Wheat,1900,1500,0.789473684
Maharashtra,JALNA,2014,Summer,Maize,200,100,0.5
Maharashtra,JALNA,2014,Whole Year,Sugarcane,21100,1007500,47.74881517
Maharashtra,KOLHAPUR,1997,Kharif,Arhar/Tur,3700,900,0.243243243
Maharashtra,KOLHAPUR,1997,Kharif,Bajra,100,100,1
Maharashtra,KOLHAPUR,1997,Kharif,Gram,9700,6700,0.690721649
Maharashtra,KOLHAPUR,1997,Kharif,Jowar,16000,233100,14.56875
Maharashtra,KOLHAPUR,1997,Kharif,Maize,1500,1600,1.066666667
Maharashtra,KOLHAPUR,1997,Kharif,Moong(Green Gram),1600,1000,0.625
Maharashtra,KOLHAPUR,1997,Kharif,Pulses total,142,65,0.457746479
Maharashtra,KOLHAPUR,1997,Kharif,Ragi,24700,24300,0.983805668
Maharashtra,KOLHAPUR,1997,Kharif,Rice,1100,246100,223.7272727
Maharashtra,KOLHAPUR,1997,Kharif,Total foodgrain,1707,3067,1.796719391
Maharashtra,KOLHAPUR,1997,Kharif,Urad,3200,2700,0.84375
Maharashtra,KOLHAPUR,1997,Rabi,Jowar,10300,8800,0.854368932
Maharashtra,KOLHAPUR,1997,Rabi,Maize,4000,3200,0.8
Maharashtra,KOLHAPUR,1997,Rabi,Other  Rabi pulses,330,14,0.042424242
Maharashtra,KOLHAPUR,1997,Rabi,Wheat,6300,10100,1.603174603
Maharashtra,KOLHAPUR,1997,Summer,Maize,100,200,2
Maharashtra,KOLHAPUR,1997,Summer,Rice,3,8,2.666666667
Maharashtra,KOLHAPUR,1997,Whole Year,Cotton(lint),1,100,100
Maharashtra,KOLHAPUR,1998,Kharif,Arhar/Tur,3500,1300,0.371428571
Maharashtra,KOLHAPUR,1998,Kharif,Bajra,100,100,1
Maharashtra,KOLHAPUR,1998,Kharif,Cotton(lint),100,100,1
Maharashtra,KOLHAPUR,1998,Kharif,Groundnut,60400,116000,1.920529801
Maharashtra,KOLHAPUR,1998,Kharif,Jowar,15200,31800,2.092105263
Maharashtra,KOLHAPUR,1998,Kharif,Maize,2300,4600,2
Maharashtra,KOLHAPUR,1998,Kharif,Moong(Green Gram),1400,700,0.5
Maharashtra,KOLHAPUR,1998,Kharif,Niger seed,2200,900,0.409090909
Maharashtra,KOLHAPUR,1998,Kharif,Other Cereals & Millets,5300,3000,0.566037736
Maharashtra,KOLHAPUR,1998,Kharif,Other Kharif pulses,6000,2400,0.4
Maharashtra,KOLHAPUR,1998,Kharif,Ragi,25400,38400,1.511811024
Maharashtra,KOLHAPUR,1998,Kharif,Rice,106000,289100,2.727358491
Maharashtra,KOLHAPUR,1998,Kharif,Soyabean,63000,132000,2.095238095
Maharashtra,KOLHAPUR,1998,Kharif,Sugarcane,94700,9030400,95.35797254
Maharashtra,KOLHAPUR,1998,Kharif,Urad,3900,2400,0.615384615
Maharashtra,KOLHAPUR,1998,Rabi,Gram,11300,7800,0.690265487
Maharashtra,KOLHAPUR,1998,Rabi,Jowar,12100,13800,1.140495868
Maharashtra,KOLHAPUR,1998,Rabi,Maize,3100,4500,1.451612903
Maharashtra,KOLHAPUR,1998,Rabi,Other  Rabi pulses,4500,1900,0.422222222
Maharashtra,KOLHAPUR,1998,Rabi,Other Cereals & Millets,2200,2100,0.954545455
Maharashtra,KOLHAPUR,1998,Rabi,Sunflower,100,100,1
Maharashtra,KOLHAPUR,1998,Rabi,Wheat,7300,13400,1.835616438
Maharashtra,KOLHAPUR,1998,Summer,Groundnut,2100,6400,3.047619048
Maharashtra,KOLHAPUR,1998,Summer,Maize,100,300,3
Maharashtra,KOLHAPUR,1998,Summer,Rice,300,700,2.333333333
Maharashtra,KOLHAPUR,1998,Summer,Sunflower,100,100,1
Maharashtra,KOLHAPUR,1999,Kharif,Arhar/Tur,2000,800,0.4
Maharashtra,KOLHAPUR,1999,Kharif,Bajra,100,100,1
Maharashtra,KOLHAPUR,1999,Kharif,Castor seed,300,100,0.333333333
Maharashtra,KOLHAPUR,1999,Kharif,Cotton(lint),100,100,1
Maharashtra,KOLHAPUR,1999,Kharif,Groundnut,61800,89900,1.454692557
Maharashtra,KOLHAPUR,1999,Kharif,Jowar,13100,24300,1.854961832
Maharashtra,KOLHAPUR,1999,Kharif,Maize,2700,3900,1.444444444
Maharashtra,KOLHAPUR,1999,Kharif,Moong(Green Gram),1400,900,0.642857143
Maharashtra,KOLHAPUR,1999,Kharif,Niger seed,2300,600,0.260869565
Maharashtra,KOLHAPUR,1999,Kharif,Other Kharif pulses,4900,1700,0.346938776
Maharashtra,KOLHAPUR,1999,Kharif,Ragi,25800,42000,1.627906977
Maharashtra,KOLHAPUR,1999,Kharif,Rice,103200,261900,2.537790698
Maharashtra,KOLHAPUR,1999,Kharif,Small millets,800,700,0.875
Maharashtra,KOLHAPUR,1999,Kharif,Soyabean,63600,151800,2.386792453
Maharashtra,KOLHAPUR,1999,Kharif,Urad,4200,3200,0.761904762
Maharashtra,KOLHAPUR,1999,Rabi,Gram,12200,9300,0.762295082
Maharashtra,KOLHAPUR,1999,Rabi,Jowar,14300,16800,1.174825175
Maharashtra,KOLHAPUR,1999,Rabi,Maize,3300,5500,1.666666667
Maharashtra,KOLHAPUR,1999,Rabi,Other  Rabi pulses,3700,1800,0.486486486
Maharashtra,KOLHAPUR,1999,Rabi,Small millets,1200,300,0.25
Maharashtra,KOLHAPUR,1999,Rabi,Sunflower,100,100,1
Maharashtra,KOLHAPUR,1999,Rabi,Wheat,7600,15200,2
Maharashtra,KOLHAPUR,1999,Summer,Groundnut,2300,5000,2.173913043
Maharashtra,KOLHAPUR,1999,Summer,Maize,100,200,2
Maharashtra,KOLHAPUR,1999,Summer,Rice,300,700,2.333333333
Maharashtra,KOLHAPUR,1999,Summer,Sunflower,100,100,1
Maharashtra,KOLHAPUR,1999,Whole Year,Sugarcane,91900,9107900,99.10663765
Maharashtra,KOLHAPUR,2000,Kharif,Arhar/Tur,2000,900,0.45
Maharashtra,KOLHAPUR,2000,Kharif,Cotton(lint),100,100,1
Maharashtra,KOLHAPUR,2000,Kharif,Groundnut,65700,98900,1.505327245
Maharashtra,KOLHAPUR,2000,Kharif,Jowar,12400,19600,1.580645161
Maharashtra,KOLHAPUR,2000,Kharif,Maize,2100,1300,0.619047619
Maharashtra,KOLHAPUR,2000,Kharif,Moong(Green Gram),1500,1300,0.866666667
Maharashtra,KOLHAPUR,2000,Kharif,Niger seed,2500,700,0.28
Maharashtra,KOLHAPUR,2000,Kharif,Other Kharif pulses,6500,2400,0.369230769
Maharashtra,KOLHAPUR,2000,Kharif,Ragi,24800,34700,1.399193548
Maharashtra,KOLHAPUR,2000,Kharif,Rice,106300,232800,2.190028222
Maharashtra,KOLHAPUR,2000,Kharif,Small millets,4400,2700,0.613636364
Maharashtra,KOLHAPUR,2000,Kharif,Soyabean,62900,121900,1.93799682
Maharashtra,KOLHAPUR,2000,Kharif,Urad,3000,900,0.3
Maharashtra,KOLHAPUR,2000,Rabi,Gram,12800,8700,0.6796875
Maharashtra,KOLHAPUR,2000,Rabi,Jowar,11500,15100,1.313043478
Maharashtra,KOLHAPUR,2000,Rabi,Maize,3700,6200,1.675675676
Maharashtra,KOLHAPUR,2000,Rabi,Other  Rabi pulses,3400,1200,0.352941176
Maharashtra,KOLHAPUR,2000,Rabi,Small millets,500,100,0.2
Maharashtra,KOLHAPUR,2000,Rabi,Sunflower,100,100,1
Maharashtra,KOLHAPUR,2000,Rabi,Wheat,8400,15000,1.785714286
Maharashtra,KOLHAPUR,2000,Summer,Groundnut,2300,6900,3
Maharashtra,KOLHAPUR,2000,Summer,Rice,400,900,2.25
Maharashtra,KOLHAPUR,2000,Summer,Sunflower,200,100,0.5
Maharashtra,KOLHAPUR,2000,Whole Year,Sugarcane,89700,8158300,90.9509476
Maharashtra,KOLHAPUR,2001,Kharif,Arhar/Tur,2400,800,0.333333333
Maharashtra,KOLHAPUR,2001,Kharif,Cotton(lint),100,100,1
Maharashtra,KOLHAPUR,2001,Kharif,Groundnut,66900,132400,1.979073244
Maharashtra,KOLHAPUR,2001,Kharif,Jowar,10600,21900,2.066037736
Maharashtra,KOLHAPUR,2001,Kharif,Maize,1800,3900,2.166666667
Maharashtra,KOLHAPUR,2001,Kharif,Moong(Green Gram),2700,1300,0.481481481
Maharashtra,KOLHAPUR,2001,Kharif,Niger seed,2200,400,0.181818182
Maharashtra,KOLHAPUR,2001,Kharif,Other Kharif pulses,3000,800,0.266666667
Maharashtra,KOLHAPUR,2001,Kharif,Ragi,23700,45300,1.911392405
Maharashtra,KOLHAPUR,2001,Kharif,Rice,105900,289400,2.732766761
Maharashtra,KOLHAPUR,2001,Kharif,Small millets,2300,1500,0.652173913
Maharashtra,KOLHAPUR,2001,Kharif,Soyabean,62200,108900,1.750803859
Maharashtra,KOLHAPUR,2001,Kharif,Urad,3100,1400,0.451612903
Maharashtra,KOLHAPUR,2001,Rabi,Gram,13900,8700,0.625899281
Maharashtra,KOLHAPUR,2001,Rabi,Jowar,11200,15200,1.357142857
Maharashtra,KOLHAPUR,2001,Rabi,Maize,4700,10100,2.14893617
Maharashtra,KOLHAPUR,2001,Rabi,Other  Rabi pulses,4400,1900,0.431818182
Maharashtra,KOLHAPUR,2001,Rabi,Sunflower,100,100,1
Maharashtra,KOLHAPUR,2001,Rabi,Wheat,8500,16600,1.952941176
Maharashtra,KOLHAPUR,2001,Summer,Groundnut,2400,5400,2.25
Maharashtra,KOLHAPUR,2001,Summer,Maize,100,100,1
Maharashtra,KOLHAPUR,2001,Summer,Rice,400,1100,2.75
Maharashtra,KOLHAPUR,2001,Summer,Sunflower,200,300,1.5
Maharashtra,KOLHAPUR,2001,Whole Year,Sugarcane,101900,9196600,90.25122669
Maharashtra,KOLHAPUR,2002,Kharif,Arhar/Tur,2600,1000,0.384615385
Maharashtra,KOLHAPUR,2002,Kharif,Cotton(lint),100,100,1
Maharashtra,KOLHAPUR,2002,Kharif,Groundnut,65200,103000,1.579754601
Maharashtra,KOLHAPUR,2002,Kharif,Jowar,9100,16600,1.824175824
Maharashtra,KOLHAPUR,2002,Kharif,Maize,2400,3300,1.375
Maharashtra,KOLHAPUR,2002,Kharif,Moong(Green Gram),2900,900,0.310344828
Maharashtra,KOLHAPUR,2002,Kharif,Niger seed,2300,600,0.260869565
Maharashtra,KOLHAPUR,2002,Kharif,Other Kharif pulses,3900,1300,0.333333333
Maharashtra,KOLHAPUR,2002,Kharif,Ragi,23500,33100,1.408510638
Maharashtra,KOLHAPUR,2002,Kharif,Rice,105600,233200,2.208333333
Maharashtra,KOLHAPUR,2002,Kharif,Small millets,4500,4200,0.933333333
Maharashtra,KOLHAPUR,2002,Kharif,Soyabean,61500,119200,1.938211382
Maharashtra,KOLHAPUR,2002,Kharif,Urad,3400,1500,0.441176471
Maharashtra,KOLHAPUR,2002,Rabi,Gram,12100,9400,0.776859504
Maharashtra,KOLHAPUR,2002,Rabi,Jowar,9800,15600,1.591836735
Maharashtra,KOLHAPUR,2002,Rabi,Maize,5300,10400,1.962264151
Maharashtra,KOLHAPUR,2002,Rabi,Other  Rabi pulses,3000,1000,0.333333333
Maharashtra,KOLHAPUR,2002,Rabi,Sunflower,200,100,0.5
Maharashtra,KOLHAPUR,2002,Rabi,Wheat,8500,15200,1.788235294
Maharashtra,KOLHAPUR,2002,Summer,Groundnut,2800,7600,2.714285714
Maharashtra,KOLHAPUR,2002,Summer,Maize,100,200,2
Maharashtra,KOLHAPUR,2002,Summer,Rice,500,1500,3
Maharashtra,KOLHAPUR,2002,Summer,Sunflower,200,200,1
Maharashtra,KOLHAPUR,2002,Whole Year,Sugarcane,98400,8421000,85.57926829
Maharashtra,KOLHAPUR,2003,Kharif,Arhar/Tur,2800,800,0.285714286
Maharashtra,KOLHAPUR,2003,Kharif,Cotton(lint),100,100,1
Maharashtra,KOLHAPUR,2003,Kharif,Groundnut,63700,108500,1.703296703
Maharashtra,KOLHAPUR,2003,Kharif,Jowar,7700,12400,1.61038961
Maharashtra,KOLHAPUR,2003,Kharif,Maize,2400,5100,2.125
Maharashtra,KOLHAPUR,2003,Kharif,Moong(Green Gram),3000,800,0.266666667
Maharashtra,KOLHAPUR,2003,Kharif,Niger seed,2900,900,0.310344828
Maharashtra,KOLHAPUR,2003,Kharif,Other Kharif pulses,5000,1500,0.3
Maharashtra,KOLHAPUR,2003,Kharif,Ragi,23100,36400,1.575757576
Maharashtra,KOLHAPUR,2003,Kharif,Rice,106200,246100,2.3173258
Maharashtra,KOLHAPUR,2003,Kharif,Small millets,5000,2900,0.58
Maharashtra,KOLHAPUR,2003,Kharif,Soyabean,68200,133800,1.961876833
Maharashtra,KOLHAPUR,2003,Kharif,Urad,2400,900,0.375
Maharashtra,KOLHAPUR,2003,Rabi,Gram,11700,9200,0.786324786
Maharashtra,KOLHAPUR,2003,Rabi,Jowar,10400,14400,1.384615385
Maharashtra,KOLHAPUR,2003,Rabi,Maize,5500,10500,1.909090909
Maharashtra,KOLHAPUR,2003,Rabi,Other  Rabi pulses,2800,1600,0.571428571
Maharashtra,KOLHAPUR,2003,Rabi,Small millets,100,0,0
Maharashtra,KOLHAPUR,2003,Rabi,Sunflower,300,100,0.333333333
Maharashtra,KOLHAPUR,2003,Rabi,Wheat,8600,17400,2.023255814
Maharashtra,KOLHAPUR,2003,Summer,Groundnut,2800,7500,2.678571429
Maharashtra,KOLHAPUR,2003,Summer,Rice,700,2200,3.142857143
Maharashtra,KOLHAPUR,2003,Summer,Sunflower,300,400,1.333333333
Maharashtra,KOLHAPUR,2003,Whole Year,Banana,500,23530,47.06
Maharashtra,KOLHAPUR,2003,Whole Year,Grapes,87,2079,23.89655172
Maharashtra,KOLHAPUR,2003,Whole Year,Mango,4907,9070,1.848379865
Maharashtra,KOLHAPUR,2003,Whole Year,Onion,130,1290,9.923076923
Maharashtra,KOLHAPUR,2003,Whole Year,Sugarcane,86900,4918400,56.59838895
Maharashtra,KOLHAPUR,2003,Whole Year,Tomato,795,2677,3.367295597
Maharashtra,KOLHAPUR,2004,Kharif,Arhar/Tur,3200,1400,0.4375
Maharashtra,KOLHAPUR,2004,Kharif,Groundnut,66000,109500,1.659090909
Maharashtra,KOLHAPUR,2004,Kharif,Jowar,8000,17200,2.15
Maharashtra,KOLHAPUR,2004,Kharif,Maize,2500,5900,2.36
Maharashtra,KOLHAPUR,2004,Kharif,Moong(Green Gram),2900,1300,0.448275862
Maharashtra,KOLHAPUR,2004,Kharif,Niger seed,2300,700,0.304347826
Maharashtra,KOLHAPUR,2004,Kharif,Other Cereals & Millets,4600,3500,0.760869565
Maharashtra,KOLHAPUR,2004,Kharif,Other Kharif pulses,4400,2400,0.545454545
Maharashtra,KOLHAPUR,2004,Kharif,Ragi,23800,30400,1.277310924
Maharashtra,KOLHAPUR,2004,Kharif,Rice,110500,279100,2.525791855
Maharashtra,KOLHAPUR,2004,Kharif,Sunflower,100,100,1
Maharashtra,KOLHAPUR,2004,Kharif,Urad,2500,1500,0.6
Maharashtra,KOLHAPUR,2004,Rabi,Gram,10700,9400,0.878504673
Maharashtra,KOLHAPUR,2004,Rabi,Jowar,11800,18000,1.525423729
Maharashtra,KOLHAPUR,2004,Rabi,Maize,6100,17300,2.836065574
Maharashtra,KOLHAPUR,2004,Rabi,Other  Rabi pulses,2100,900,0.428571429
Maharashtra,KOLHAPUR,2004,Rabi,Soyabean,74700,115900,1.551539491
Maharashtra,KOLHAPUR,2004,Rabi,Sunflower,200,100,0.5
Maharashtra,KOLHAPUR,2004,Rabi,Wheat,9200,19400,2.108695652
Maharashtra,KOLHAPUR,2004,Summer,Groundnut,3000,7200,2.4
Maharashtra,KOLHAPUR,2004,Summer,Maize,700,1300,1.857142857
Maharashtra,KOLHAPUR,2004,Summer,Rice,600,2200,3.666666667
Maharashtra,KOLHAPUR,2004,Summer,Sunflower,500,800,1.6
Maharashtra,KOLHAPUR,2004,Whole Year,Cotton(lint),100,100,1
Maharashtra,KOLHAPUR,2004,Whole Year,Sugarcane,76300,6529400,85.57536042
Maharashtra,KOLHAPUR,2005,Kharif,Arhar/Tur,3100,1100,0.35483871
Maharashtra,KOLHAPUR,2005,Kharif,Castor seed,200,100,0.5
Maharashtra,KOLHAPUR,2005,Kharif,Cotton(lint),100,100,1
Maharashtra,KOLHAPUR,2005,Kharif,Groundnut,64300,77900,1.211508554
Maharashtra,KOLHAPUR,2005,Kharif,Moong(Green Gram),2600,1200,0.461538462
Maharashtra,KOLHAPUR,2005,Kharif,Niger seed,1700,500,0.294117647
Maharashtra,KOLHAPUR,2005,Kharif,Ragi,24200,32200,1.330578512
Maharashtra,KOLHAPUR,2005,Kharif,Rice,108300,246100,2.272391505
Maharashtra,KOLHAPUR,2005,Kharif,Sesamum,100,100,1
Maharashtra,KOLHAPUR,2005,Kharif,Soyabean,70100,67100,0.957203994
Maharashtra,KOLHAPUR,2005,Kharif,Sugarcane,94500,7229300,76.5005291
Maharashtra,KOLHAPUR,2005,Kharif,Sunflower,200,100,0.5
Maharashtra,KOLHAPUR,2005,Kharif,Urad,3200,1600,0.5
Maharashtra,KOLHAPUR,2005,Rabi,Gram,9200,7100,0.77173913
Maharashtra,KOLHAPUR,2005,Rabi,Sunflower,100,100,1
Maharashtra,KOLHAPUR,2005,Rabi,Wheat,9900,20100,2.03030303
Maharashtra,KOLHAPUR,2005,Summer,Groundnut,2700,7200,2.666666667
Maharashtra,KOLHAPUR,2005,Summer,Rice,600,1700,2.833333333
Maharashtra,KOLHAPUR,2005,Summer,Sunflower,700,1000,1.428571429
Maharashtra,KOLHAPUR,2006,Kharif,Arhar/Tur,2800,1400,0.5
Maharashtra,KOLHAPUR,2006,Kharif,Castor seed,300,100,0.333333333
Maharashtra,KOLHAPUR,2006,Kharif,Cotton(lint),100,200,2
Maharashtra,KOLHAPUR,2006,Kharif,Groundnut,59100,58900,0.996615905
Maharashtra,KOLHAPUR,2006,Kharif,Jowar,9100,9800,1.076923077
Maharashtra,KOLHAPUR,2006,Kharif,Maize,3000,1800,0.6
Maharashtra,KOLHAPUR,2006,Kharif,Moong(Green Gram),2800,1400,0.5
Maharashtra,KOLHAPUR,2006,Kharif,Niger seed,1500,400,0.266666667
Maharashtra,KOLHAPUR,2006,Kharif,Ragi,23300,30700,1.317596567
Maharashtra,KOLHAPUR,2006,Kharif,Rice,109800,284800,2.593806922
Maharashtra,KOLHAPUR,2006,Kharif,Sesamum,100,100,1
Maharashtra,KOLHAPUR,2006,Kharif,Soyabean,57900,82900,1.431778929
Maharashtra,KOLHAPUR,2006,Kharif,Sunflower,200,100,0.5
Maharashtra,KOLHAPUR,2006,Kharif,Urad,3000,1900,0.633333333
Maharashtra,KOLHAPUR,2006,Rabi,Gram,8900,6700,0.752808989
Maharashtra,KOLHAPUR,2006,Rabi,Jowar,11900,16800,1.411764706
Maharashtra,KOLHAPUR,2006,Rabi,Maize,6200,13800,2.225806452
Maharashtra,KOLHAPUR,2006,Rabi,Sunflower,200,100,0.5
Maharashtra,KOLHAPUR,2006,Rabi,Wheat,9300,19400,2.086021505
Maharashtra,KOLHAPUR,2006,Summer,Groundnut,2500,6700,2.68
Maharashtra,KOLHAPUR,2006,Summer,Maize,2200,4500,2.045454545
Maharashtra,KOLHAPUR,2006,Summer,Rice,600,1600,2.666666667
Maharashtra,KOLHAPUR,2006,Summer,Sunflower,700,1000,1.428571429
Maharashtra,KOLHAPUR,2007,Kharif,Arhar/Tur,28,13,0.464285714
Maharashtra,KOLHAPUR,2007,Kharif,Castor seed,3,1,0.333333333
Maharashtra,KOLHAPUR,2007,Kharif,Cotton(lint),1,1,1
Maharashtra,KOLHAPUR,2007,Kharif,Groundnut,561,913,1.62745098
Maharashtra,KOLHAPUR,2007,Kharif,Jowar,84,153,1.821428571
Maharashtra,KOLHAPUR,2007,Kharif,Maize,23,45,1.956521739
Maharashtra,KOLHAPUR,2007,Kharif,Moong(Green Gram),27,16,0.592592593
Maharashtra,KOLHAPUR,2007,Kharif,Ragi,231,345,1.493506494
Maharashtra,KOLHAPUR,2007,Kharif,Rice,1119,3362,3.004468275
Maharashtra,KOLHAPUR,2007,Kharif,Sesamum,1,1,1
Maharashtra,KOLHAPUR,2007,Kharif,Soyabean,573,1260,2.19895288
Maharashtra,KOLHAPUR,2007,Kharif,Sunflower,2,1,0.5
Maharashtra,KOLHAPUR,2007,Kharif,Urad,29,24,0.827586207
Maharashtra,KOLHAPUR,2007,Rabi,Gram,99,93,0.939393939
Maharashtra,KOLHAPUR,2007,Rabi,Jowar,127,205,1.614173228
Maharashtra,KOLHAPUR,2007,Rabi,Maize,68,214,3.147058824
Maharashtra,KOLHAPUR,2007,Rabi,Sunflower,2,1,0.5
Maharashtra,KOLHAPUR,2007,Rabi,Wheat,105,251,2.39047619
Maharashtra,KOLHAPUR,2007,Summer,Groundnut,23,60,2.608695652
Maharashtra,KOLHAPUR,2007,Summer,Maize,25,49,1.96
Maharashtra,KOLHAPUR,2007,Summer,Sunflower,7,9,1.285714286
Maharashtra,KOLHAPUR,2007,Whole Year,Sugarcane,1139,97426,85.53643547
Maharashtra,KOLHAPUR,2008,Kharif,Arhar/Tur,2400,1100,0.458333333
Maharashtra,KOLHAPUR,2008,Kharif,Castor seed,300,100,0.333333333
Maharashtra,KOLHAPUR,2008,Kharif,Cotton(lint),100,200,2
Maharashtra,KOLHAPUR,2008,Kharif,Groundnut,57400,82200,1.432055749
Maharashtra,KOLHAPUR,2008,Kharif,Jowar,8700,18200,2.091954023
Maharashtra,KOLHAPUR,2008,Kharif,Maize,2800,5400,1.928571429
Maharashtra,KOLHAPUR,2008,Kharif,Moong(Green Gram),2000,,
Maharashtra,KOLHAPUR,2008,Kharif,Niger seed,1100,300,0.272727273
Maharashtra,KOLHAPUR,2008,Kharif,Ragi,23300,30800,1.321888412
Maharashtra,KOLHAPUR,2008,Kharif,Rice,113800,285200,2.506151142
Maharashtra,KOLHAPUR,2008,Kharif,Soyabean,58700,128300,2.185689949
Maharashtra,KOLHAPUR,2008,Kharif,Sugarcane,102500,8461300,82.54926829
Maharashtra,KOLHAPUR,2008,Kharif,Sunflower,100,100,1
Maharashtra,KOLHAPUR,2008,Kharif,Urad,2300,1100,0.47826087
Maharashtra,KOLHAPUR,2008,Rabi,Gram,10100,7500,0.742574257
Maharashtra,KOLHAPUR,2008,Rabi,Jowar,12700,19700,1.551181102
Maharashtra,KOLHAPUR,2008,Rabi,Maize,70,179,2.557142857
Maharashtra,KOLHAPUR,2008,Rabi,Sunflower,600,400,0.666666667
Maharashtra,KOLHAPUR,2008,Rabi,Wheat,9600,23800,2.479166667
Maharashtra,KOLHAPUR,2008,Whole Year,Sugarcane,102500,8461300,82.54926829
Maharashtra,KOLHAPUR,2009,Kharif,Arhar/Tur,2700,2700,1
Maharashtra,KOLHAPUR,2009,Kharif,Cotton(lint),100,100,1
Maharashtra,KOLHAPUR,2009,Kharif,Groundnut,58200,79800,1.371134021
Maharashtra,KOLHAPUR,2009,Kharif,Jowar,7600,15900,2.092105263
Maharashtra,KOLHAPUR,2009,Kharif,Maize,2900,6800,2.344827586
Maharashtra,KOLHAPUR,2009,Kharif,Moong(Green Gram),3000,1800,0.6
Maharashtra,KOLHAPUR,2009,Kharif,Niger seed,800,200,0.25
Maharashtra,KOLHAPUR,2009,Kharif,Ragi,22900,35300,1.541484716
Maharashtra,KOLHAPUR,2009,Kharif,Rice,112700,291800,2.5891748
Maharashtra,KOLHAPUR,2009,Kharif,Soyabean,59100,114500,1.937394247
Maharashtra,KOLHAPUR,2009,Kharif,Sugarcane,112700,9810000,87.04525288
Maharashtra,KOLHAPUR,2009,Kharif,Sunflower,100,42,0.42
Maharashtra,KOLHAPUR,2009,Kharif,Urad,2600,1400,0.538461538
Maharashtra,KOLHAPUR,2009,Rabi,Gram,9000,7900,0.877777778
Maharashtra,KOLHAPUR,2009,Rabi,Jowar,12800,16900,1.3203125
Maharashtra,KOLHAPUR,2009,Rabi,Maize,6200,17500,2.822580645
Maharashtra,KOLHAPUR,2009,Rabi,Sunflower,500,300,0.6
Maharashtra,KOLHAPUR,2009,Rabi,Wheat,7900,18000,2.278481013
Maharashtra,KOLHAPUR,2010,Kharif,Arhar/Tur,2400,800,0.333333333
Maharashtra,KOLHAPUR,2010,Kharif,Castor seed,200,100,0.5
Maharashtra,KOLHAPUR,2010,Kharif,Cotton(lint),100,200,2
Maharashtra,KOLHAPUR,2010,Kharif,Groundnut,58300,88400,1.516295026
Maharashtra,KOLHAPUR,2010,Kharif,Jowar,8000,15100,1.8875
Maharashtra,KOLHAPUR,2010,Kharif,Maize,3200,8300,2.59375
Maharashtra,KOLHAPUR,2010,Kharif,Moong(Green Gram),3000,1900,0.633333333
Maharashtra,KOLHAPUR,2010,Kharif,Niger seed,800,300,0.375
Maharashtra,KOLHAPUR,2010,Kharif,Ragi,21900,40700,1.858447489
Maharashtra,KOLHAPUR,2010,Kharif,Rice,111500,321600,2.884304933
Maharashtra,KOLHAPUR,2010,Kharif,Soyabean,49200,137100,2.786585366
Maharashtra,KOLHAPUR,2010,Kharif,Sugarcane,139900,12591000,90
Maharashtra,KOLHAPUR,2010,Kharif,Sunflower,100,,
Maharashtra,KOLHAPUR,2010,Kharif,Urad,2500,2100,0.84
Maharashtra,KOLHAPUR,2010,Rabi,Gram,8500,7100,0.835294118
Maharashtra,KOLHAPUR,2010,Rabi,Jowar,14000,22400,1.6
Maharashtra,KOLHAPUR,2010,Rabi,Maize,6900,14400,2.086956522
Maharashtra,KOLHAPUR,2010,Rabi,Sunflower,500,300,0.6
Maharashtra,KOLHAPUR,2010,Rabi,Wheat,8600,22800,2.651162791
Maharashtra,KOLHAPUR,2011,Kharif,Arhar/Tur,2500,700,0.28
Maharashtra,KOLHAPUR,2011,Kharif,Castor seed,100,30,0.3
Maharashtra,KOLHAPUR,2011,Kharif,Groundnut,49500,62800,1.268686869
Maharashtra,KOLHAPUR,2011,Kharif,Jowar,7400,16800,2.27027027
Maharashtra,KOLHAPUR,2011,Kharif,Maize,2200,4600,2.090909091
Maharashtra,KOLHAPUR,2011,Kharif,Moong(Green Gram),2100,1000,0.476190476
Maharashtra,KOLHAPUR,2011,Kharif,Niger seed,1500,500,0.333333333
Maharashtra,KOLHAPUR,2011,Kharif,Other Kharif pulses,2700,900,0.333333333
Maharashtra,KOLHAPUR,2011,Kharif,Ragi,21400,31100,1.453271028
Maharashtra,KOLHAPUR,2011,Kharif,Rice,104300,278900,2.674017258
Maharashtra,KOLHAPUR,2011,Kharif,Soyabean,48500,123400,2.544329897
Maharashtra,KOLHAPUR,2011,Kharif,Sunflower,200,100,0.5
Maharashtra,KOLHAPUR,2011,Kharif,Urad,2400,800,0.333333333
Maharashtra,KOLHAPUR,2011,Rabi,Gram,9000,11400,1.266666667
Maharashtra,KOLHAPUR,2011,Rabi,Jowar,11800,19300,1.63559322
Maharashtra,KOLHAPUR,2011,Rabi,Maize,7000,24000,3.428571429
Maharashtra,KOLHAPUR,2011,Rabi,Other  Rabi pulses,1900,700,0.368421053
Maharashtra,KOLHAPUR,2011,Rabi,Sunflower,500,200,0.4
Maharashtra,KOLHAPUR,2011,Rabi,Wheat,8500,21100,2.482352941
Maharashtra,KOLHAPUR,2011,Summer,Groundnut,2000,4900,2.45
Maharashtra,KOLHAPUR,2011,Summer,Maize,2400,4800,2
Maharashtra,KOLHAPUR,2011,Summer,Rice,600,2000,3.333333333
Maharashtra,KOLHAPUR,2011,Summer,Sunflower,1000,1900,1.9
Maharashtra,KOLHAPUR,2011,Whole Year,Sugarcane,146100,12847200,87.93429158
Maharashtra,KOLHAPUR,2012,Kharif,Arhar/Tur,900,100,0.111111111
Maharashtra,KOLHAPUR,2012,Kharif,Castor seed,600,100,0.166666667
Maharashtra,KOLHAPUR,2012,Kharif,Groundnut,50400,68400,1.357142857
Maharashtra,KOLHAPUR,2012,Kharif,Jowar,7300,17900,2.452054795
Maharashtra,KOLHAPUR,2012,Kharif,Maize,1700,2700,1.588235294
Maharashtra,KOLHAPUR,2012,Kharif,Moong(Green Gram),1600,300,0.1875
Maharashtra,KOLHAPUR,2012,Kharif,Niger seed,500,200,0.4
Maharashtra,KOLHAPUR,2012,Kharif,Other Kharif pulses,2700,500,0.185185185
Maharashtra,KOLHAPUR,2012,Kharif,Ragi,21900,35500,1.621004566
Maharashtra,KOLHAPUR,2012,Kharif,Rice,107800,282200,2.617810761
Maharashtra,KOLHAPUR,2012,Kharif,Soyabean,49000,127500,2.602040816
Maharashtra,KOLHAPUR,2012,Kharif,Sunflower,100,30,0.3
Maharashtra,KOLHAPUR,2012,Kharif,Urad,1400,300,0.214285714
Maharashtra,KOLHAPUR,2012,Rabi,Gram,9800,10800,1.102040816
Maharashtra,KOLHAPUR,2012,Rabi,Jowar,16500,22200,1.345454545
Maharashtra,KOLHAPUR,2012,Rabi,Maize,3800,7700,2.026315789
Maharashtra,KOLHAPUR,2012,Rabi,Other  Rabi pulses,900,300,0.333333333
Maharashtra,KOLHAPUR,2012,Rabi,Wheat,9100,20000,2.197802198
Maharashtra,KOLHAPUR,2012,Summer,Groundnut,2200,4800,2.181818182
Maharashtra,KOLHAPUR,2012,Summer,Rice,700,1800,2.571428571
Maharashtra,KOLHAPUR,2012,Summer,Sunflower,1100,1800,1.636363636
Maharashtra,KOLHAPUR,2012,Whole Year,Sugarcane,142000,13739100,96.75422535
Maharashtra,KOLHAPUR,2013,Kharif,Arhar/Tur,400,200,0.5
Maharashtra,KOLHAPUR,2013,Kharif,Groundnut,51000,89000,1.745098039
Maharashtra,KOLHAPUR,2013,Kharif,Jowar,6600,12200,1.848484848
Maharashtra,KOLHAPUR,2013,Kharif,Maize,2200,5000,2.272727273
Maharashtra,KOLHAPUR,2013,Kharif,Moong(Green Gram),1600,2100,1.3125
Maharashtra,KOLHAPUR,2013,Kharif,Niger seed,500,160,0.32
Maharashtra,KOLHAPUR,2013,Kharif,Other Kharif pulses,2000,700,0.35
Maharashtra,KOLHAPUR,2013,Kharif,Ragi,21900,32900,1.502283105
Maharashtra,KOLHAPUR,2013,Kharif,Rice,108800,339600,3.121323529
Maharashtra,KOLHAPUR,2013,Kharif,Soyabean,55400,132530,2.392238267
Maharashtra,KOLHAPUR,2013,Kharif,Urad,600,300,0.5
Maharashtra,KOLHAPUR,2013,Rabi,Gram,11400,13600,1.192982456
Maharashtra,KOLHAPUR,2013,Rabi,Jowar,20300,31200,1.536945813
Maharashtra,KOLHAPUR,2013,Rabi,Maize,4300,11600,2.697674419
Maharashtra,KOLHAPUR,2013,Rabi,Other  Rabi pulses,1200,600,0.5
Maharashtra,KOLHAPUR,2013,Rabi,Wheat,16600,41700,2.512048193
Maharashtra,KOLHAPUR,2013,Summer,Groundnut,2600,6100,2.346153846
Maharashtra,KOLHAPUR,2013,Summer,Maize,100,200,2
Maharashtra,KOLHAPUR,2013,Summer,Rice,800,2200,2.75
Maharashtra,KOLHAPUR,2013,Summer,Sunflower,1100,1200,1.090909091
Maharashtra,KOLHAPUR,2013,Whole Year,Sugarcane,135200,13580200,100.4452663
Maharashtra,KOLHAPUR,2013,Whole Year,Tobacco,1500,1800,1.2
Maharashtra,KOLHAPUR,2014,Kharif,Arhar/Tur,1500,400,0.266666667
Maharashtra,KOLHAPUR,2014,Kharif,Castor seed,300,100,0.333333333
Maharashtra,KOLHAPUR,2014,Kharif,Groundnut,51300,77700,1.514619883
Maharashtra,KOLHAPUR,2014,Kharif,Jowar,6000,10900,1.816666667
Maharashtra,KOLHAPUR,2014,Kharif,Maize,2900,9800,3.379310345
Maharashtra,KOLHAPUR,2014,Kharif,Moong(Green Gram),1100,500,0.454545455
Maharashtra,KOLHAPUR,2014,Kharif,Niger seed,300,100,0.333333333
Maharashtra,KOLHAPUR,2014,Kharif,Other Kharif pulses,2500,900,0.36
Maharashtra,KOLHAPUR,2014,Kharif,Ragi,21200,33900,1.599056604
Maharashtra,KOLHAPUR,2014,Kharif,Rice,110900,335200,3.022542831
Maharashtra,KOLHAPUR,2014,Kharif,Soyabean,56000,121200,2.164285714
Maharashtra,KOLHAPUR,2014,Kharif,Tobacco,1300,2100,1.615384615
Maharashtra,KOLHAPUR,2014,Rabi,Gram,6300,5700,0.904761905
Maharashtra,KOLHAPUR,2014,Rabi,Jowar,17100,27100,1.584795322
Maharashtra,KOLHAPUR,2014,Rabi,Maize,6500,19400,2.984615385
Maharashtra,KOLHAPUR,2014,Rabi,Other  Rabi pulses,1800,700,0.388888889
Maharashtra,KOLHAPUR,2014,Rabi,Sunflower,100,,
Maharashtra,KOLHAPUR,2014,Rabi,Wheat,6800,15100,2.220588235
Maharashtra,KOLHAPUR,2014,Summer,Groundnut,3100,6400,2.064516129
Maharashtra,KOLHAPUR,2014,Summer,Maize,100,300,3
Maharashtra,KOLHAPUR,2014,Summer,Rice,900,3400,3.777777778
Maharashtra,KOLHAPUR,2014,Summer,Sunflower,1100,1600,1.454545455
Maharashtra,KOLHAPUR,2014,Whole Year,Sugarcane,146300,15031600,102.7450444
Maharashtra,LATUR,1997,Kharif,Arhar/Tur,65000,2800,0.043076923
Maharashtra,LATUR,1997,Kharif,Bajra,8500,3000,0.352941176
Maharashtra,LATUR,1997,Kharif,Gram,22100,8800,0.398190045
Maharashtra,LATUR,1997,Kharif,Jowar,176800,186200,1.053167421
Maharashtra,LATUR,1997,Kharif,Maize,3000,2000,0.666666667
Maharashtra,LATUR,1997,Kharif,Moong(Green Gram),23700,3200,0.135021097
Maharashtra,LATUR,1997,Kharif,Pulses total,1860,223,0.119892473
Maharashtra,LATUR,1997,Kharif,Rice,20700,5500,0.265700483
Maharashtra,LATUR,1997,Kharif,Total foodgrain,3796,2214,0.583245522
Maharashtra,LATUR,1997,Kharif,Urad,74300,15300,0.205921938
Maharashtra,LATUR,1997,Rabi,Jowar,30200,6600,0.218543046
Maharashtra,LATUR,1997,Rabi,Maize,1100,1700,1.545454545
Maharashtra,LATUR,1997,Rabi,Other  Rabi pulses,140,6,0.042857143
Maharashtra,LATUR,1997,Rabi,Wheat,19700,8600,0.436548223
Maharashtra,LATUR,1997,Summer,Maize,100,100,1
Maharashtra,LATUR,1997,Whole Year,Cotton(lint),286,12900,45.1048951
Maharashtra,LATUR,1998,Kharif,Arhar/Tur,66000,71200,1.078787879
Maharashtra,LATUR,1998,Kharif,Bajra,9900,4700,0.474747475
Maharashtra,LATUR,1998,Kharif,Castor seed,100,,
Maharashtra,LATUR,1998,Kharif,Cotton(lint),31600,25400,0.803797468
Maharashtra,LATUR,1998,Kharif,Groundnut,17200,6800,0.395348837
Maharashtra,LATUR,1998,Kharif,Jowar,176700,254400,1.439728353
Maharashtra,LATUR,1998,Kharif,Maize,3900,7300,1.871794872
Maharashtra,LATUR,1998,Kharif,Moong(Green Gram),24200,13500,0.55785124
Maharashtra,LATUR,1998,Kharif,Niger seed,12200,2800,0.229508197
Maharashtra,LATUR,1998,Kharif,Other Cereals & Millets,500,300,0.6
Maharashtra,LATUR,1998,Kharif,Other Kharif pulses,3900,1600,0.41025641
Maharashtra,LATUR,1998,Kharif,Rice,20300,9800,0.482758621
Maharashtra,LATUR,1998,Kharif,Sesamum,12600,3100,0.246031746
Maharashtra,LATUR,1998,Kharif,Soyabean,4900,5800,1.183673469
Maharashtra,LATUR,1998,Kharif,Sugarcane,23300,1557000,66.82403433
Maharashtra,LATUR,1998,Kharif,Sunflower,25600,11500,0.44921875
Maharashtra,LATUR,1998,Kharif,Urad,76800,52300,0.680989583
Maharashtra,LATUR,1998,Rabi,Gram,28900,14800,0.512110727
Maharashtra,LATUR,1998,Rabi,Jowar,23500,15300,0.65106383
Maharashtra,LATUR,1998,Rabi,Linseed,3600,1000,0.277777778
Maharashtra,LATUR,1998,Rabi,Other  Rabi pulses,1400,600,0.428571429
Maharashtra,LATUR,1998,Rabi,Other Cereals & Millets,1000,1200,1.2
Maharashtra,LATUR,1998,Rabi,Rapeseed &Mustard,800,200,0.25
Maharashtra,LATUR,1998,Rabi,Safflower,18100,9000,0.497237569
Maharashtra,LATUR,1998,Rabi,Sunflower,55500,32200,0.58018018
Maharashtra,LATUR,1998,Rabi,Wheat,27500,30100,1.094545455
Maharashtra,LATUR,1998,Summer,Groundnut,1400,1500,1.071428571
Maharashtra,LATUR,1998,Summer,Maize,300,400,1.333333333
Maharashtra,LATUR,1998,Summer,Sunflower,1000,600,0.6
Maharashtra,LATUR,1999,Kharif,Arhar/Tur,70100,76500,1.091298146
Maharashtra,LATUR,1999,Kharif,Bajra,10100,5700,0.564356436
Maharashtra,LATUR,1999,Kharif,Castor seed,300,100,0.333333333
Maharashtra,LATUR,1999,Kharif,Cotton(lint),28000,18700,0.667857143
Maharashtra,LATUR,1999,Kharif,Groundnut,16200,8400,0.518518519
Maharashtra,LATUR,1999,Kharif,Jowar,178800,242600,1.356823266
Maharashtra,LATUR,1999,Kharif,Maize,4100,4500,1.097560976
Maharashtra,LATUR,1999,Kharif,Moong(Green Gram),24800,5000,0.201612903
Maharashtra,LATUR,1999,Kharif,Niger seed,12300,2200,0.178861789
Maharashtra,LATUR,1999,Kharif,Other Kharif pulses,6700,2900,0.432835821
Maharashtra,LATUR,1999,Kharif,Rice,19700,11700,0.593908629
Maharashtra,LATUR,1999,Kharif,Sesamum,10900,2200,0.201834862
Maharashtra,LATUR,1999,Kharif,Small millets,300,200,0.666666667
Maharashtra,LATUR,1999,Kharif,Soyabean,6000,8100,1.35
Maharashtra,LATUR,1999,Kharif,Sunflower,19500,8900,0.456410256
Maharashtra,LATUR,1999,Kharif,Urad,80300,24300,0.302615193
Maharashtra,LATUR,1999,Rabi,Gram,30300,18500,0.610561056
Maharashtra,LATUR,1999,Rabi,Jowar,25500,20200,0.792156863
Maharashtra,LATUR,1999,Rabi,Linseed,3700,1300,0.351351351
Maharashtra,LATUR,1999,Rabi,Other  Rabi pulses,1200,500,0.416666667
Maharashtra,LATUR,1999,Rabi,Rapeseed &Mustard,800,200,0.25
Maharashtra,LATUR,1999,Rabi,Safflower,19500,10200,0.523076923
Maharashtra,LATUR,1999,Rabi,Small millets,700,200,0.285714286
Maharashtra,LATUR,1999,Rabi,Sunflower,46100,26900,0.5835141
Maharashtra,LATUR,1999,Rabi,Wheat,28300,26700,0.943462898
Maharashtra,LATUR,1999,Summer,Groundnut,1300,1100,0.846153846
Maharashtra,LATUR,1999,Summer,Maize,400,500,1.25
Maharashtra,LATUR,1999,Summer,Sunflower,800,500,0.625
Maharashtra,LATUR,1999,Whole Year,Sugarcane,27900,1975300,70.79928315
Maharashtra,LATUR,2000,Kharif,Arhar/Tur,76400,26500,0.346858639
Maharashtra,LATUR,2000,Kharif,Bajra,10100,7700,0.762376238
Maharashtra,LATUR,2000,Kharif,Castor seed,100,10,0.1
Maharashtra,LATUR,2000,Kharif,Cotton(lint),22200,19700,0.887387387
Maharashtra,LATUR,2000,Kharif,Groundnut,15700,7300,0.464968153
Maharashtra,LATUR,2000,Kharif,Jowar,179700,224900,1.251530328
Maharashtra,LATUR,2000,Kharif,Maize,4800,4600,0.958333333
Maharashtra,LATUR,2000,Kharif,Moong(Green Gram),24700,4300,0.174089069
Maharashtra,LATUR,2000,Kharif,Niger seed,11200,2000,0.178571429
Maharashtra,LATUR,2000,Kharif,Other Kharif pulses,4500,1500,0.333333333
Maharashtra,LATUR,2000,Kharif,Rice,20800,13000,0.625
Maharashtra,LATUR,2000,Kharif,Sesamum,11300,2100,0.185840708
Maharashtra,LATUR,2000,Kharif,Small millets,200,200,1
Maharashtra,LATUR,2000,Kharif,Soyabean,7000,8400,1.2
Maharashtra,LATUR,2000,Kharif,Sunflower,18000,9600,0.533333333
Maharashtra,LATUR,2000,Kharif,Urad,83400,18400,0.220623501
Maharashtra,LATUR,2000,Rabi,Gram,32700,16000,0.489296636
Maharashtra,LATUR,2000,Rabi,Jowar,26000,19400,0.746153846
Maharashtra,LATUR,2000,Rabi,Linseed,3000,900,0.3
Maharashtra,LATUR,2000,Rabi,Maize,1100,1300,1.181818182
Maharashtra,LATUR,2000,Rabi,Other  Rabi pulses,1300,400,0.307692308
Maharashtra,LATUR,2000,Rabi,Rapeseed &Mustard,600,100,0.166666667
Maharashtra,LATUR,2000,Rabi,Safflower,19300,9300,0.481865285
Maharashtra,LATUR,2000,Rabi,Small millets,300,100,0.333333333
Maharashtra,LATUR,2000,Rabi,Sunflower,42800,23900,0.558411215
Maharashtra,LATUR,2000,Rabi,Wheat,25400,26000,1.023622047
Maharashtra,LATUR,2000,Summer,Groundnut,800,600,0.75
Maharashtra,LATUR,2000,Summer,Sunflower,900,600,0.666666667
Maharashtra,LATUR,2000,Whole Year,Sugarcane,28900,2007200,69.4532872
Maharashtra,LATUR,2001,Kharif,Arhar/Tur,72800,48900,0.671703297
Maharashtra,LATUR,2001,Kharif,Bajra,9500,3100,0.326315789
Maharashtra,LATUR,2001,Kharif,Castor seed,100,10,0.1
Maharashtra,LATUR,2001,Kharif,Cotton(lint),17100,14400,0.842105263
Maharashtra,LATUR,2001,Kharif,Groundnut,14200,4900,0.345070423
Maharashtra,LATUR,2001,Kharif,Jowar,162800,205900,1.264742015
Maharashtra,LATUR,2001,Kharif,Maize,4700,8600,1.829787234
Maharashtra,LATUR,2001,Kharif,Moong(Green Gram),27200,1900,0.069852941
Maharashtra,LATUR,2001,Kharif,Niger seed,9700,1500,0.154639175
Maharashtra,LATUR,2001,Kharif,Other Kharif pulses,2100,500,0.238095238
Maharashtra,LATUR,2001,Kharif,Rice,20700,13400,0.647342995
Maharashtra,LATUR,2001,Kharif,Sesamum,10200,1700,0.166666667
Maharashtra,LATUR,2001,Kharif,Small millets,200,100,0.5
Maharashtra,LATUR,2001,Kharif,Soyabean,14100,10300,0.730496454
Maharashtra,LATUR,2001,Kharif,Sunflower,13300,5500,0.413533835
Maharashtra,LATUR,2001,Kharif,Urad,93200,9000,0.096566524
Maharashtra,LATUR,2001,Rabi,Gram,36900,17100,0.463414634
Maharashtra,LATUR,2001,Rabi,Jowar,28700,17100,0.595818815
Maharashtra,LATUR,2001,Rabi,Linseed,3000,1500,0.5
Maharashtra,LATUR,2001,Rabi,Maize,800,1500,1.875
Maharashtra,LATUR,2001,Rabi,Other  Rabi pulses,1700,700,0.411764706
Maharashtra,LATUR,2001,Rabi,Rapeseed &Mustard,1200,300,0.25
Maharashtra,LATUR,2001,Rabi,Safflower,20600,6600,0.32038835
Maharashtra,LATUR,2001,Rabi,Small millets,100,100,1
Maharashtra,LATUR,2001,Rabi,Sunflower,44100,23100,0.523809524
Maharashtra,LATUR,2001,Rabi,Wheat,27300,24400,0.893772894
Maharashtra,LATUR,2001,Summer,Groundnut,400,400,1
Maharashtra,LATUR,2001,Summer,Maize,300,400,1.333333333
Maharashtra,LATUR,2001,Summer,Sunflower,200,100,0.5
Maharashtra,LATUR,2001,Whole Year,Sugarcane,36100,2107300,58.37396122
Maharashtra,LATUR,2002,Kharif,Arhar/Tur,71000,44100,0.621126761
Maharashtra,LATUR,2002,Kharif,Bajra,9300,5700,0.612903226
Maharashtra,LATUR,2002,Kharif,Cotton(lint),9800,5900,0.602040816
Maharashtra,LATUR,2002,Kharif,Groundnut,13800,5000,0.362318841
Maharashtra,LATUR,2002,Kharif,Jowar,157500,250200,1.588571429
Maharashtra,LATUR,2002,Kharif,Maize,4100,2900,0.707317073
Maharashtra,LATUR,2002,Kharif,Moong(Green Gram),25000,10600,0.424
Maharashtra,LATUR,2002,Kharif,Niger seed,9500,1800,0.189473684
Maharashtra,LATUR,2002,Kharif,Other Kharif pulses,2100,300,0.142857143
Maharashtra,LATUR,2002,Kharif,Rice,20700,9200,0.444444444
Maharashtra,LATUR,2002,Kharif,Sesamum,9300,1600,0.172043011
Maharashtra,LATUR,2002,Kharif,Small millets,1100,400,0.363636364
Maharashtra,LATUR,2002,Kharif,Soyabean,21600,24900,1.152777778
Maharashtra,LATUR,2002,Kharif,Sunflower,14500,7400,0.510344828
Maharashtra,LATUR,2002,Kharif,Urad,92600,41600,0.44924406
Maharashtra,LATUR,2002,Rabi,Gram,36500,17000,0.465753425
Maharashtra,LATUR,2002,Rabi,Jowar,29100,20500,0.704467354
Maharashtra,LATUR,2002,Rabi,Linseed,2500,600,0.24
Maharashtra,LATUR,2002,Rabi,Maize,300,300,1
Maharashtra,LATUR,2002,Rabi,Other  Rabi pulses,1200,400,0.333333333
Maharashtra,LATUR,2002,Rabi,Rapeseed &Mustard,300,100,0.333333333
Maharashtra,LATUR,2002,Rabi,Safflower,19300,6600,0.341968912
Maharashtra,LATUR,2002,Rabi,Small millets,600,200,0.333333333
Maharashtra,LATUR,2002,Rabi,Sunflower,41200,18300,0.444174757
Maharashtra,LATUR,2002,Rabi,Wheat,24800,25800,1.040322581
Maharashtra,LATUR,2002,Summer,Groundnut,200,100,0.5
Maharashtra,LATUR,2002,Summer,Maize,200,200,1
Maharashtra,LATUR,2002,Summer,Sunflower,100,100,1
Maharashtra,LATUR,2002,Whole Year,Sugarcane,31300,1540000,49.20127796
Maharashtra,LATUR,2003,Kharif,Arhar/Tur,70800,45200,0.638418079
Maharashtra,LATUR,2003,Kharif,Bajra,8100,3600,0.444444444
Maharashtra,LATUR,2003,Kharif,Cotton(lint),5600,5000,0.892857143
Maharashtra,LATUR,2003,Kharif,Groundnut,12400,2400,0.193548387
Maharashtra,LATUR,2003,Kharif,Jowar,156700,229100,1.462029355
Maharashtra,LATUR,2003,Kharif,Maize,3900,1500,0.384615385
Maharashtra,LATUR,2003,Kharif,Moong(Green Gram),24700,11200,0.453441296
Maharashtra,LATUR,2003,Kharif,Niger seed,8800,1800,0.204545455
Maharashtra,LATUR,2003,Kharif,Other Kharif pulses,2600,500,0.192307692
Maharashtra,LATUR,2003,Kharif,Rice,20500,6700,0.326829268
Maharashtra,LATUR,2003,Kharif,Sesamum,8200,2200,0.268292683
Maharashtra,LATUR,2003,Kharif,Small millets,2300,1000,0.434782609
Maharashtra,LATUR,2003,Kharif,Soyabean,112200,121300,1.081105169
Maharashtra,LATUR,2003,Kharif,Sunflower,15100,7400,0.490066225
Maharashtra,LATUR,2003,Kharif,Urad,82500,39200,0.475151515
Maharashtra,LATUR,2003,Rabi,Gram,40200,16900,0.42039801
Maharashtra,LATUR,2003,Rabi,Jowar,28900,12500,0.432525952
Maharashtra,LATUR,2003,Rabi,Linseed,1300,300,0.230769231
Maharashtra,LATUR,2003,Rabi,Maize,1000,1800,1.8
Maharashtra,LATUR,2003,Rabi,Other  Rabi pulses,1300,300,0.230769231
Maharashtra,LATUR,2003,Rabi,Rapeseed &Mustard,900,200,0.222222222
Maharashtra,LATUR,2003,Rabi,Safflower,21100,7500,0.355450237
Maharashtra,LATUR,2003,Rabi,Small millets,900,400,0.444444444
Maharashtra,LATUR,2003,Rabi,Sunflower,48100,21100,0.438669439
Maharashtra,LATUR,2003,Rabi,Wheat,26500,18300,0.690566038
Maharashtra,LATUR,2003,Summer,Groundnut,200,100,0.5
Maharashtra,LATUR,2003,Summer,Sunflower,100,0,0
Maharashtra,LATUR,2003,Whole Year,Banana,100,6430,64.3
Maharashtra,LATUR,2003,Whole Year,Grapes,435,9102,20.92413793
Maharashtra,LATUR,2003,Whole Year,Mango,4300,8050,1.872093023
Maharashtra,LATUR,2003,Whole Year,Sugarcane,19400,1023900,52.77835052
Maharashtra,LATUR,2003,Whole Year,Tomato,193,603,3.124352332
Maharashtra,LATUR,2004,Kharif,Arhar/Tur,70200,57600,0.820512821
Maharashtra,LATUR,2004,Kharif,Bajra,7400,3900,0.527027027
Maharashtra,LATUR,2004,Kharif,Groundnut,12600,3700,0.293650794
Maharashtra,LATUR,2004,Kharif,Jowar,139700,137800,0.986399427
Maharashtra,LATUR,2004,Kharif,Maize,4000,3800,0.95
Maharashtra,LATUR,2004,Kharif,Moong(Green Gram),26300,3700,0.140684411
Maharashtra,LATUR,2004,Kharif,Niger seed,8300,1200,0.144578313
Maharashtra,LATUR,2004,Kharif,Other Cereals & Millets,700,400,0.571428571
Maharashtra,LATUR,2004,Kharif,Other Kharif pulses,3000,600,0.2
Maharashtra,LATUR,2004,Kharif,other oilseeds,100,,
Maharashtra,LATUR,2004,Kharif,Rice,19900,6200,0.311557789
Maharashtra,LATUR,2004,Kharif,Sesamum,7800,800,0.102564103
Maharashtra,LATUR,2004,Kharif,Sunflower,17000,7700,0.452941176
Maharashtra,LATUR,2004,Kharif,Urad,72200,8400,0.11634349
Maharashtra,LATUR,2004,Rabi,Gram,44500,20100,0.451685393
Maharashtra,LATUR,2004,Rabi,Jowar,31400,19300,0.614649682
Maharashtra,LATUR,2004,Rabi,Linseed,400,200,0.5
Maharashtra,LATUR,2004,Rabi,Maize,1300,1800,1.384615385
Maharashtra,LATUR,2004,Rabi,Other  Rabi pulses,1400,500,0.357142857
Maharashtra,LATUR,2004,Rabi,Other Cereals & Millets,700,300,0.428571429
Maharashtra,LATUR,2004,Rabi,Rapeseed &Mustard,700,200,0.285714286
Maharashtra,LATUR,2004,Rabi,Safflower,21800,9400,0.431192661
Maharashtra,LATUR,2004,Rabi,Soyabean,152800,88900,0.581806283
Maharashtra,LATUR,2004,Rabi,Sunflower,51600,29600,0.573643411
Maharashtra,LATUR,2004,Rabi,Wheat,27000,27500,1.018518519
Maharashtra,LATUR,2004,Summer,Groundnut,300,300,1
Maharashtra,LATUR,2004,Summer,Maize,400,400,1
Maharashtra,LATUR,2004,Summer,Sunflower,400,300,0.75
Maharashtra,LATUR,2004,Whole Year,Cotton(lint),7000,6700,0.957142857
Maharashtra,LATUR,2004,Whole Year,Sugarcane,15500,834400,53.83225806
Maharashtra,LATUR,2005,Kharif,Arhar/Tur,73400,85200,1.160762943
Maharashtra,LATUR,2005,Kharif,Bajra,6000,3300,0.55
Maharashtra,LATUR,2005,Kharif,Castor seed,100,200,2
Maharashtra,LATUR,2005,Kharif,Cotton(lint),3400,3400,1
Maharashtra,LATUR,2005,Kharif,Groundnut,11300,6600,0.584070796
Maharashtra,LATUR,2005,Kharif,Moong(Green Gram),22900,6900,0.301310044
Maharashtra,LATUR,2005,Kharif,Niger seed,9200,2000,0.217391304
Maharashtra,LATUR,2005,Kharif,Rice,18200,8300,0.456043956
Maharashtra,LATUR,2005,Kharif,Sesamum,6900,1500,0.217391304
Maharashtra,LATUR,2005,Kharif,Soyabean,173100,249800,1.443096476
Maharashtra,LATUR,2005,Kharif,Sugarcane,18300,1415200,77.33333333
Maharashtra,LATUR,2005,Kharif,Sunflower,16000,8700,0.54375
Maharashtra,LATUR,2005,Kharif,Urad,53600,19300,0.360074627
Maharashtra,LATUR,2005,Rabi,Gram,54400,38700,0.711397059
Maharashtra,LATUR,2005,Rabi,Linseed,400,100,0.25
Maharashtra,LATUR,2005,Rabi,Rapeseed &Mustard,1000,300,0.3
Maharashtra,LATUR,2005,Rabi,Safflower,24100,12900,0.53526971
Maharashtra,LATUR,2005,Rabi,Sunflower,59600,39100,0.656040268
Maharashtra,LATUR,2005,Rabi,Wheat,33100,38900,1.175226586
Maharashtra,LATUR,2005,Summer,Groundnut,800,900,1.125
Maharashtra,LATUR,2005,Summer,Sunflower,700,400,0.571428571
Maharashtra,LATUR,2006,Kharif,Arhar/Tur,66300,31800,0.479638009
Maharashtra,LATUR,2006,Kharif,Bajra,5900,2400,0.406779661
Maharashtra,LATUR,2006,Kharif,Cotton(lint),2600,2500,0.961538462
Maharashtra,LATUR,2006,Kharif,Groundnut,10400,5400,0.519230769
Maharashtra,LATUR,2006,Kharif,Jowar,138400,180900,1.307080925
Maharashtra,LATUR,2006,Kharif,Maize,3800,3600,0.947368421
Maharashtra,LATUR,2006,Kharif,Moong(Green Gram),24100,2500,0.10373444
Maharashtra,LATUR,2006,Kharif,Niger seed,8800,1300,0.147727273
Maharashtra,LATUR,2006,Kharif,Rice,15900,8600,0.540880503
Maharashtra,LATUR,2006,Kharif,Sesamum,6900,800,0.115942029
Maharashtra,LATUR,2006,Kharif,Soyabean,155400,43300,0.278635779
Maharashtra,LATUR,2006,Kharif,Sunflower,12700,5200,0.409448819
Maharashtra,LATUR,2006,Kharif,Urad,60000,7800,0.13
Maharashtra,LATUR,2006,Rabi,Gram,51000,32700,0.641176471
Maharashtra,LATUR,2006,Rabi,Jowar,31900,23600,0.739811912
Maharashtra,LATUR,2006,Rabi,Linseed,400,100,0.25
Maharashtra,LATUR,2006,Rabi,Maize,700,1700,2.428571429
Maharashtra,LATUR,2006,Rabi,Rapeseed &Mustard,700,200,0.285714286
Maharashtra,LATUR,2006,Rabi,Safflower,25200,14500,0.575396825
Maharashtra,LATUR,2006,Rabi,Sunflower,59400,31500,0.53030303
Maharashtra,LATUR,2006,Rabi,Wheat,35600,37400,1.050561798
Maharashtra,LATUR,2006,Summer,Groundnut,800,400,0.5
Maharashtra,LATUR,2006,Summer,Maize,400,500,1.25
Maharashtra,LATUR,2006,Summer,Sunflower,700,400,0.571428571
Maharashtra,LATUR,2007,Kharif,Arhar/Tur,738,882,1.195121951
Maharashtra,LATUR,2007,Kharif,Bajra,56,31,0.553571429
Maharashtra,LATUR,2007,Kharif,Castor seed,2,0.2,0.1
Maharashtra,LATUR,2007,Kharif,Cotton(lint),18,27,1.5
Maharashtra,LATUR,2007,Kharif,Groundnut,88,59,0.670454545
Maharashtra,LATUR,2007,Kharif,Jowar,1333,2024,1.518379595
Maharashtra,LATUR,2007,Kharif,Maize,40,33,0.825
Maharashtra,LATUR,2007,Kharif,Moong(Green Gram),266,81,0.304511278
Maharashtra,LATUR,2007,Kharif,Rice,126,59,0.468253968
Maharashtra,LATUR,2007,Kharif,Sesamum,64,11,0.171875
Maharashtra,LATUR,2007,Kharif,Soyabean,1830,2135,1.166666667
Maharashtra,LATUR,2007,Kharif,Sunflower,99,62,0.626262626
Maharashtra,LATUR,2007,Kharif,Urad,663,205,0.309200603
Maharashtra,LATUR,2007,Rabi,Gram,623,424,0.680577849
Maharashtra,LATUR,2007,Rabi,Jowar,292,280,0.95890411
Maharashtra,LATUR,2007,Rabi,Linseed,3,1,0.333333333
Maharashtra,LATUR,2007,Rabi,Maize,6,16,2.666666667
Maharashtra,LATUR,2007,Rabi,Rapeseed &Mustard,5,1,0.2
Maharashtra,LATUR,2007,Rabi,Safflower,244,178,0.729508197
Maharashtra,LATUR,2007,Rabi,Sunflower,444,311,0.70045045
Maharashtra,LATUR,2007,Rabi,Wheat,380,564,1.484210526
Maharashtra,LATUR,2007,Summer,Groundnut,7,5,0.714285714
Maharashtra,LATUR,2007,Summer,Maize,4,5,1.25
Maharashtra,LATUR,2007,Summer,Sunflower,5,3,0.6
Maharashtra,LATUR,2007,Whole Year,Sugarcane,679,42698,62.88365243
Maharashtra,LATUR,2008,Kharif,Arhar/Tur,95300,74800,0.784889822
Maharashtra,LATUR,2008,Kharif,Bajra,5000,2300,0.46
Maharashtra,LATUR,2008,Kharif,Castor seed,400,100,0.25
Maharashtra,LATUR,2008,Kharif,Cotton(lint),2700,4700,1.740740741
Maharashtra,LATUR,2008,Kharif,Groundnut,3000,1400,0.466666667
Maharashtra,LATUR,2008,Kharif,Jowar,125700,130600,1.038981702
Maharashtra,LATUR,2008,Kharif,Maize,4800,3900,0.8125
Maharashtra,LATUR,2008,Kharif,Moong(Green Gram),7700,700,0.090909091
Maharashtra,LATUR,2008,Kharif,Niger seed,4800,800,0.166666667
Maharashtra,LATUR,2008,Kharif,Rice,3900,1400,0.358974359
Maharashtra,LATUR,2008,Kharif,Sesamum,5800,800,0.137931034
Maharashtra,LATUR,2008,Kharif,Soyabean,211100,91000,0.43107532
Maharashtra,LATUR,2008,Kharif,Sugarcane,38400,2074600,54.02604167
Maharashtra,LATUR,2008,Kharif,Sunflower,13100,6900,0.526717557
Maharashtra,LATUR,2008,Kharif,Urad,14000,1600,0.114285714
Maharashtra,LATUR,2008,Rabi,Gram,56500,39900,0.70619469
Maharashtra,LATUR,2008,Rabi,Jowar,27300,20800,0.761904762
Maharashtra,LATUR,2008,Rabi,Linseed,500,100,0.2
Maharashtra,LATUR,2008,Rabi,Maize,8,15,1.875
Maharashtra,LATUR,2008,Rabi,Rapeseed &Mustard,700,200,0.285714286
Maharashtra,LATUR,2008,Rabi,Safflower,22600,11600,0.513274336
Maharashtra,LATUR,2008,Rabi,Sunflower,29300,16800,0.57337884
Maharashtra,LATUR,2008,Rabi,Wheat,28600,33500,1.171328671
Maharashtra,LATUR,2008,Whole Year,Sugarcane,38400,2074600,54.02604167
Maharashtra,LATUR,2009,Kharif,Arhar/Tur,81700,113200,1.385556916
Maharashtra,LATUR,2009,Kharif,Bajra,4000,1500,0.375
Maharashtra,LATUR,2009,Kharif,Castor seed,1200,200,0.166666667
Maharashtra,LATUR,2009,Kharif,Cotton(lint),3200,6000,1.875
Maharashtra,LATUR,2009,Kharif,Groundnut,2400,800,0.333333333
Maharashtra,LATUR,2009,Kharif,Jowar,117200,90000,0.767918089
Maharashtra,LATUR,2009,Kharif,Maize,3800,4400,1.157894737
Maharashtra,LATUR,2009,Kharif,Moong(Green Gram),10600,900,0.08490566
Maharashtra,LATUR,2009,Kharif,Niger seed,1200,100,0.083333333
Maharashtra,LATUR,2009,Kharif,Rice,3200,1300,0.40625
Maharashtra,LATUR,2009,Kharif,Sesamum,3300,400,0.121212121
Maharashtra,LATUR,2009,Kharif,Soyabean,217700,142600,0.655029858
Maharashtra,LATUR,2009,Kharif,Sugarcane,39900,3031400,75.97493734
Maharashtra,LATUR,2009,Kharif,Sunflower,6600,2000,0.303030303
Maharashtra,LATUR,2009,Kharif,Urad,23000,2000,0.086956522
Maharashtra,LATUR,2009,Rabi,Gram,63100,39600,0.627575277
Maharashtra,LATUR,2009,Rabi,Jowar,29100,24200,0.83161512
Maharashtra,LATUR,2009,Rabi,Linseed,400,100,0.25
Maharashtra,LATUR,2009,Rabi,Maize,1000,400,0.4
Maharashtra,LATUR,2009,Rabi,Rapeseed &Mustard,200,100,0.5
Maharashtra,LATUR,2009,Rabi,Safflower,22300,8800,0.394618834
Maharashtra,LATUR,2009,Rabi,Sunflower,27300,14800,0.542124542
Maharashtra,LATUR,2009,Rabi,Wheat,25800,27800,1.07751938
Maharashtra,LATUR,2010,Kharif,Arhar/Tur,88600,103300,1.165914221
Maharashtra,LATUR,2010,Kharif,Bajra,4300,2200,0.511627907
Maharashtra,LATUR,2010,Kharif,Cotton(lint),3400,8000,2.352941176
Maharashtra,LATUR,2010,Kharif,Groundnut,2700,1500,0.555555556
Maharashtra,LATUR,2010,Kharif,Jowar,123600,176700,1.42961165
Maharashtra,LATUR,2010,Kharif,Maize,4500,3900,0.866666667
Maharashtra,LATUR,2010,Kharif,Moong(Green Gram),26300,16700,0.634980989
Maharashtra,LATUR,2010,Kharif,Niger seed,1800,300,0.166666667
Maharashtra,LATUR,2010,Kharif,Rice,6300,2800,0.444444444
Maharashtra,LATUR,2010,Kharif,Sesamum,3600,800,0.222222222
Maharashtra,LATUR,2010,Kharif,Soyabean,194500,431800,2.220051414
Maharashtra,LATUR,2010,Kharif,Sugarcane,33000,2263800,68.6
Maharashtra,LATUR,2010,Kharif,Sunflower,6500,4700,0.723076923
Maharashtra,LATUR,2010,Kharif,Urad,59800,43400,0.725752508
Maharashtra,LATUR,2010,Rabi,Gram,79600,65600,0.824120603
Maharashtra,LATUR,2010,Rabi,Jowar,31400,23200,0.738853503
Maharashtra,LATUR,2010,Rabi,Linseed,900,200,0.222222222
Maharashtra,LATUR,2010,Rabi,Maize,1600,3300,2.0625
Maharashtra,LATUR,2010,Rabi,Rapeseed &Mustard,700,200,0.285714286
Maharashtra,LATUR,2010,Rabi,Safflower,18600,12200,0.655913978
Maharashtra,LATUR,2010,Rabi,Sunflower,27400,18600,0.678832117
Maharashtra,LATUR,2010,Rabi,Wheat,33500,46000,1.373134328
Maharashtra,LATUR,2011,Kharif,Arhar/Tur,106300,86100,0.809971778
Maharashtra,LATUR,2011,Kharif,Bajra,3800,2100,0.552631579
Maharashtra,LATUR,2011,Kharif,Cotton(lint),4900,13600,2.775510204
Maharashtra,LATUR,2011,Kharif,Groundnut,3600,2100,0.583333333
Maharashtra,LATUR,2011,Kharif,Jowar,106200,139700,1.315442561
Maharashtra,LATUR,2011,Kharif,Maize,6800,9900,1.455882353
Maharashtra,LATUR,2011,Kharif,Moong(Green Gram),14800,7900,0.533783784
Maharashtra,LATUR,2011,Kharif,Niger seed,1700,500,0.294117647
Maharashtra,LATUR,2011,Kharif,Other Kharif pulses,1200,200,0.166666667
Maharashtra,LATUR,2011,Kharif,Rice,6700,3200,0.47761194
Maharashtra,LATUR,2011,Kharif,Sesamum,3700,900,0.243243243
Maharashtra,LATUR,2011,Kharif,Soyabean,265400,437200,1.647324793
Maharashtra,LATUR,2011,Kharif,Sunflower,5300,3500,0.660377358
Maharashtra,LATUR,2011,Kharif,Urad,14700,9200,0.62585034
Maharashtra,LATUR,2011,Rabi,Gram,65400,57200,0.874617737
Maharashtra,LATUR,2011,Rabi,Jowar,27100,27300,1.007380074
Maharashtra,LATUR,2011,Rabi,Linseed,900,200,0.222222222
Maharashtra,LATUR,2011,Rabi,Maize,2100,5400,2.571428571
Maharashtra,LATUR,2011,Rabi,Other  Rabi pulses,800,400,0.5
Maharashtra,LATUR,2011,Rabi,Rapeseed &Mustard,1200,400,0.333333333
Maharashtra,LATUR,2011,Rabi,Safflower,18300,11200,0.612021858
Maharashtra,LATUR,2011,Rabi,Sunflower,7500,4300,0.573333333
Maharashtra,LATUR,2011,Rabi,Wheat,29100,43300,1.487972509
Maharashtra,LATUR,2011,Summer,Groundnut,3300,3500,1.060606061
Maharashtra,LATUR,2011,Summer,Maize,400,500,1.25
Maharashtra,LATUR,2011,Summer,Sunflower,500,300,0.6
Maharashtra,LATUR,2011,Whole Year,Sugarcane,42900,3113200,72.56876457
Maharashtra,LATUR,2012,Kharif,Arhar/Tur,106300,150000,1.411100659
Maharashtra,LATUR,2012,Kharif,Bajra,3800,2700,0.710526316
Maharashtra,LATUR,2012,Kharif,Cotton(lint),5500,17800,3.236363636
Maharashtra,LATUR,2012,Kharif,Groundnut,3000,2100,0.7
Maharashtra,LATUR,2012,Kharif,Jowar,99900,166000,1.661661662
Maharashtra,LATUR,2012,Kharif,Maize,6800,14300,2.102941176
Maharashtra,LATUR,2012,Kharif,Moong(Green Gram),14800,10700,0.722972973
Maharashtra,LATUR,2012,Kharif,Niger seed,1700,500,0.294117647
Maharashtra,LATUR,2012,Kharif,Other Kharif pulses,1100,100,0.090909091
Maharashtra,LATUR,2012,Kharif,Rice,8300,5000,0.602409639
Maharashtra,LATUR,2012,Kharif,Sesamum,3700,1100,0.297297297
Maharashtra,LATUR,2012,Kharif,Soyabean,265400,625400,2.356443105
Maharashtra,LATUR,2012,Kharif,Sunflower,5300,3400,0.641509434
Maharashtra,LATUR,2012,Kharif,Urad,14700,11400,0.775510204
Maharashtra,LATUR,2012,Rabi,Gram,71600,65800,0.918994413
Maharashtra,LATUR,2012,Rabi,Jowar,30100,28200,0.936877076
Maharashtra,LATUR,2012,Rabi,Linseed,1100,300,0.272727273
Maharashtra,LATUR,2012,Rabi,Maize,2200,3800,1.727272727
Maharashtra,LATUR,2012,Rabi,Other  Rabi pulses,700,300,0.428571429
Maharashtra,LATUR,2012,Rabi,Rapeseed &Mustard,1400,300,0.214285714
Maharashtra,LATUR,2012,Rabi,Safflower,19100,13300,0.696335079
Maharashtra,LATUR,2012,Rabi,Sunflower,6800,4800,0.705882353
Maharashtra,LATUR,2012,Rabi,Wheat,31000,47300,1.525806452
Maharashtra,LATUR,2012,Summer,Groundnut,2600,3300,1.269230769
Maharashtra,LATUR,2012,Summer,Sunflower,300,200,0.666666667
Maharashtra,LATUR,2012,Whole Year,Sugarcane,46400,3051100,65.75646552
Maharashtra,LATUR,2013,Kharif,Arhar/Tur,112400,156200,1.389679715
Maharashtra,LATUR,2013,Kharif,Bajra,2700,1300,0.481481481
Maharashtra,LATUR,2013,Kharif,Cotton(lint),4400,14200,3.227272727
Maharashtra,LATUR,2013,Kharif,Groundnut,2900,2600,0.896551724
Maharashtra,LATUR,2013,Kharif,Jowar,96000,147200,1.533333333
Maharashtra,LATUR,2013,Kharif,Maize,7100,18500,2.605633803
Maharashtra,LATUR,2013,Kharif,Moong(Green Gram),14800,12000,0.810810811
Maharashtra,LATUR,2013,Kharif,Niger seed,1700,400,0.235294118
Maharashtra,LATUR,2013,Kharif,Other Kharif pulses,600,200,0.333333333
Maharashtra,LATUR,2013,Kharif,Rice,7600,5100,0.671052632
Maharashtra,LATUR,2013,Kharif,Sesamum,3000,700,0.233333333
Maharashtra,LATUR,2013,Kharif,Soyabean,308400,670400,2.173800259
Maharashtra,LATUR,2013,Kharif,Sunflower,4200,2900,0.69047619
Maharashtra,LATUR,2013,Kharif,Urad,13000,12100,0.930769231
Maharashtra,LATUR,2013,Rabi,Gram,88200,131500,1.490929705
Maharashtra,LATUR,2013,Rabi,Jowar,30100,29900,0.993355482
Maharashtra,LATUR,2013,Rabi,Linseed,1000,300,0.3
Maharashtra,LATUR,2013,Rabi,Maize,3200,7500,2.34375
Maharashtra,LATUR,2013,Rabi,Other  Rabi pulses,700,300,0.428571429
Maharashtra,LATUR,2013,Rabi,Safflower,21700,15500,0.714285714
Maharashtra,LATUR,2013,Rabi,Sunflower,6000,4500,0.75
Maharashtra,LATUR,2013,Rabi,Wheat,35200,44900,1.275568182
Maharashtra,LATUR,2013,Summer,Groundnut,3300,4800,1.454545455
Maharashtra,LATUR,2013,Summer,Maize,500,600,1.2
Maharashtra,LATUR,2013,Summer,Sunflower,200,200,1
Maharashtra,LATUR,2013,Whole Year,Sugarcane,41500,2902800,69.94698795
Maharashtra,LATUR,2014,Kharif,Arhar/Tur,113200,28300,0.25
Maharashtra,LATUR,2014,Kharif,Bajra,2500,400,0.16
Maharashtra,LATUR,2014,Kharif,Castor seed,700,100,0.142857143
Maharashtra,LATUR,2014,Kharif,Cotton(lint),3800,2700,0.710526316
Maharashtra,LATUR,2014,Kharif,Groundnut,1700,400,0.235294118
Maharashtra,LATUR,2014,Kharif,Jowar,88300,94600,1.071347678
Maharashtra,LATUR,2014,Kharif,Maize,6700,4100,0.611940299
Maharashtra,LATUR,2014,Kharif,Moong(Green Gram),13200,4800,0.363636364
Maharashtra,LATUR,2014,Kharif,Niger seed,1200,200,0.166666667
Maharashtra,LATUR,2014,Kharif,Other Kharif pulses,700,100,0.142857143
Maharashtra,LATUR,2014,Kharif,Rice,5800,1100,0.189655172
Maharashtra,LATUR,2014,Kharif,Sesamum,2100,300,0.142857143
Maharashtra,LATUR,2014,Kharif,Soyabean,336800,210000,0.623515439
Maharashtra,LATUR,2014,Kharif,Sunflower,3400,700,0.205882353
Maharashtra,LATUR,2014,Rabi,Gram,67000,20000,0.298507463
Maharashtra,LATUR,2014,Rabi,Jowar,22200,8100,0.364864865
Maharashtra,LATUR,2014,Rabi,Linseed,500,,
Maharashtra,LATUR,2014,Rabi,Maize,2000,1100,0.55
Maharashtra,LATUR,2014,Rabi,Other  Rabi pulses,400,100,0.25
Maharashtra,LATUR,2014,Rabi,Safflower,12900,3800,0.294573643
Maharashtra,LATUR,2014,Rabi,Sunflower,4000,1300,0.325
Maharashtra,LATUR,2014,Rabi,Wheat,47200,10800,0.228813559
Maharashtra,LATUR,2014,Summer,Groundnut,1500,1100,0.733333333
Maharashtra,LATUR,2014,Whole Year,Sugarcane,46400,2354600,50.74568966
Maharashtra,MUMBAI,1997,Autumn,Maize,3,2,0.666666667
Maharashtra,NAGPUR,1997,Kharif,Arhar/Tur,51900,2500,0.048169557
Maharashtra,NAGPUR,1997,Kharif,Bajra,100,100,1
Maharashtra,NAGPUR,1997,Kharif,Gram,36800,9800,0.266304348
Maharashtra,NAGPUR,1997,Kharif,Jowar,58200,51000,0.87628866
Maharashtra,NAGPUR,1997,Kharif,Maize,200,200,1
Maharashtra,NAGPUR,1997,Kharif,Moong(Green Gram),2900,1100,0.379310345
Maharashtra,NAGPUR,1997,Kharif,Pulses total,621,132,0.212560386
Maharashtra,NAGPUR,1997,Kharif,Rice,29200,23700,0.811643836
Maharashtra,NAGPUR,1997,Kharif,Total foodgrain,1498,882,0.588785047
Maharashtra,NAGPUR,1997,Kharif,Urad,2600,1000,0.384615385
Maharashtra,NAGPUR,1997,Rabi,Jowar,23500,3900,0.165957447
Maharashtra,NAGPUR,1997,Rabi,Other  Rabi pulses,350,15,0.042857143
Maharashtra,NAGPUR,1997,Rabi,Wheat,55900,20400,0.364937388
Maharashtra,NAGPUR,1997,Summer,Rice,2,3,1.5
Maharashtra,NAGPUR,1997,Whole Year,Cotton(lint),524,25400,48.47328244
Maharashtra,NAGPUR,1998,Kharif,Arhar/Tur,51100,35000,0.684931507
Maharashtra,NAGPUR,1998,Kharif,Bajra,100,100,1
Maharashtra,NAGPUR,1998,Kharif,Castor seed,200,100,0.5
Maharashtra,NAGPUR,1998,Kharif,Cotton(lint),56500,69900,1.237168142
Maharashtra,NAGPUR,1998,Kharif,Groundnut,12600,11100,0.880952381
Maharashtra,NAGPUR,1998,Kharif,Jowar,54500,55900,1.025688073
Maharashtra,NAGPUR,1998,Kharif,Moong(Green Gram),2900,900,0.310344828
Maharashtra,NAGPUR,1998,Kharif,Other Cereals & Millets,500,300,0.6
Maharashtra,NAGPUR,1998,Kharif,Other Kharif pulses,2400,1000,0.416666667
Maharashtra,NAGPUR,1998,Kharif,Rice,29000,40000,1.379310345
Maharashtra,NAGPUR,1998,Kharif,Sesamum,700,200,0.285714286
Maharashtra,NAGPUR,1998,Kharif,Soyabean,253300,234600,0.926174497
Maharashtra,NAGPUR,1998,Kharif,Sugarcane,600,56400,94
Maharashtra,NAGPUR,1998,Kharif,Sunflower,200,100,0.5
Maharashtra,NAGPUR,1998,Kharif,Urad,2800,700,0.25
Maharashtra,NAGPUR,1998,Rabi,Gram,37300,21900,0.587131367
Maharashtra,NAGPUR,1998,Rabi,Jowar,21500,11500,0.534883721
Maharashtra,NAGPUR,1998,Rabi,Linseed,13100,3500,0.267175573
Maharashtra,NAGPUR,1998,Rabi,Other  Rabi pulses,2700,1200,0.444444444
Maharashtra,NAGPUR,1998,Rabi,Rapeseed &Mustard,1000,200,0.2
Maharashtra,NAGPUR,1998,Rabi,Sesamum,1000,200,0.2
Maharashtra,NAGPUR,1998,Rabi,Sunflower,2800,1400,0.5
Maharashtra,NAGPUR,1998,Rabi,Wheat,61700,67900,1.100486224
Maharashtra,NAGPUR,1998,Summer,Groundnut,1400,1600,1.142857143
Maharashtra,NAGPUR,1998,Summer,Rice,200,300,1.5
Maharashtra,NAGPUR,1998,Summer,Sunflower,500,500,1
Maharashtra,NAGPUR,1999,Kharif,Arhar/Tur,51100,46500,0.909980431
Maharashtra,NAGPUR,1999,Kharif,Bajra,100,100,1
Maharashtra,NAGPUR,1999,Kharif,Castor seed,300,100,0.333333333
Maharashtra,NAGPUR,1999,Kharif,Cotton(lint),63400,103700,1.635646688
Maharashtra,NAGPUR,1999,Kharif,Groundnut,11200,8700,0.776785714
Maharashtra,NAGPUR,1999,Kharif,Jowar,50500,44300,0.877227723
Maharashtra,NAGPUR,1999,Kharif,Maize,300,300,1
Maharashtra,NAGPUR,1999,Kharif,Moong(Green Gram),2900,700,0.24137931
Maharashtra,NAGPUR,1999,Kharif,Niger seed,100,0,0
Maharashtra,NAGPUR,1999,Kharif,Other Kharif pulses,2500,1300,0.52
Maharashtra,NAGPUR,1999,Kharif,Rice,37300,41500,1.112600536
Maharashtra,NAGPUR,1999,Kharif,Sesamum,300,100,0.333333333
Maharashtra,NAGPUR,1999,Kharif,Small millets,500,300,0.6
Maharashtra,NAGPUR,1999,Kharif,Soyabean,239900,226500,0.944143393
Maharashtra,NAGPUR,1999,Kharif,Sunflower,100,100,1
Maharashtra,NAGPUR,1999,Kharif,Urad,2700,700,0.259259259
Maharashtra,NAGPUR,1999,Rabi,Gram,38100,22100,0.580052493
Maharashtra,NAGPUR,1999,Rabi,Jowar,19300,8300,0.430051813
Maharashtra,NAGPUR,1999,Rabi,Linseed,11700,3700,0.316239316
Maharashtra,NAGPUR,1999,Rabi,Other  Rabi pulses,3800,1700,0.447368421
Maharashtra,NAGPUR,1999,Rabi,Rapeseed &Mustard,700,200,0.285714286
Maharashtra,NAGPUR,1999,Rabi,Sesamum,700,200,0.285714286
Maharashtra,NAGPUR,1999,Rabi,Sunflower,2700,1600,0.592592593
Maharashtra,NAGPUR,1999,Rabi,Wheat,62600,70900,1.132587859
Maharashtra,NAGPUR,1999,Summer,Groundnut,1600,1200,0.75
Maharashtra,NAGPUR,1999,Summer,Rice,400,700,1.75
Maharashtra,NAGPUR,1999,Summer,Sunflower,600,700,1.166666667
Maharashtra,NAGPUR,1999,Whole Year,Sugarcane,700,61900,88.42857143
Maharashtra,NAGPUR,2000,Kharif,Arhar/Tur,48700,30200,0.620123203
Maharashtra,NAGPUR,2000,Kharif,Castor seed,100,100,1
Maharashtra,NAGPUR,2000,Kharif,Cotton(lint),71100,63100,0.887482419
Maharashtra,NAGPUR,2000,Kharif,Groundnut,10300,6200,0.601941748
Maharashtra,NAGPUR,2000,Kharif,Jowar,47500,43900,0.924210526
Maharashtra,NAGPUR,2000,Kharif,Maize,500,500,1
Maharashtra,NAGPUR,2000,Kharif,Moong(Green Gram),2700,1100,0.407407407
Maharashtra,NAGPUR,2000,Kharif,Other Kharif pulses,7400,2700,0.364864865
Maharashtra,NAGPUR,2000,Kharif,Rice,37500,37100,0.989333333
Maharashtra,NAGPUR,2000,Kharif,Sesamum,300,100,0.333333333
Maharashtra,NAGPUR,2000,Kharif,Soyabean,221800,173900,0.784039675
Maharashtra,NAGPUR,2000,Kharif,Sunflower,100,100,1
Maharashtra,NAGPUR,2000,Kharif,Urad,2600,1300,0.5
Maharashtra,NAGPUR,2000,Rabi,Gram,26700,12900,0.483146067
Maharashtra,NAGPUR,2000,Rabi,Jowar,9900,2300,0.232323232
Maharashtra,NAGPUR,2000,Rabi,Linseed,6800,1700,0.25
Maharashtra,NAGPUR,2000,Rabi,Other  Rabi pulses,600,200,0.333333333
Maharashtra,NAGPUR,2000,Rabi,Rapeseed &Mustard,200,10,0.05
Maharashtra,NAGPUR,2000,Rabi,Sesamum,300,100,0.333333333
Maharashtra,NAGPUR,2000,Rabi,Sunflower,900,500,0.555555556
Maharashtra,NAGPUR,2000,Rabi,Wheat,32400,33400,1.030864198
Maharashtra,NAGPUR,2000,Summer,Groundnut,400,500,1.25
Maharashtra,NAGPUR,2000,Summer,Rice,200,300,1.5
Maharashtra,NAGPUR,2000,Summer,Sunflower,200,100,0.5
Maharashtra,NAGPUR,2000,Whole Year,Sugarcane,900,71200,79.11111111
Maharashtra,NAGPUR,2001,Kharif,Arhar/Tur,50600,56300,1.112648221
Maharashtra,NAGPUR,2001,Kharif,Castor seed,300,200,0.666666667
Maharashtra,NAGPUR,2001,Kharif,Cotton(lint),80100,76700,0.957553059
Maharashtra,NAGPUR,2001,Kharif,Groundnut,9800,6600,0.673469388
Maharashtra,NAGPUR,2001,Kharif,Jowar,47900,39000,0.814196242
Maharashtra,NAGPUR,2001,Kharif,Maize,400,1000,2.5
Maharashtra,NAGPUR,2001,Kharif,Moong(Green Gram),2700,1400,0.518518519
Maharashtra,NAGPUR,2001,Kharif,Other Kharif pulses,3500,900,0.257142857
Maharashtra,NAGPUR,2001,Kharif,Rice,42500,54700,1.287058824
Maharashtra,NAGPUR,2001,Kharif,Sesamum,400,100,0.25
Maharashtra,NAGPUR,2001,Kharif,Soyabean,193300,193300,1
Maharashtra,NAGPUR,2001,Kharif,Sunflower,100,100,1
Maharashtra,NAGPUR,2001,Kharif,Urad,2400,400,0.166666667
Maharashtra,NAGPUR,2001,Rabi,Gram,30300,19400,0.640264026
Maharashtra,NAGPUR,2001,Rabi,Jowar,9800,4000,0.408163265
Maharashtra,NAGPUR,2001,Rabi,Linseed,6800,2300,0.338235294
Maharashtra,NAGPUR,2001,Rabi,Other  Rabi pulses,700,400,0.571428571
Maharashtra,NAGPUR,2001,Rabi,Rapeseed &Mustard,200,100,0.5
Maharashtra,NAGPUR,2001,Rabi,Sunflower,200,100,0.5
Maharashtra,NAGPUR,2001,Rabi,Wheat,30600,32900,1.075163399
Maharashtra,NAGPUR,2001,Summer,Groundnut,1000,1200,1.2
Maharashtra,NAGPUR,2001,Summer,Rice,200,400,2
Maharashtra,NAGPUR,2001,Whole Year,Sugarcane,900,52400,58.22222222
Maharashtra,NAGPUR,2002,Kharif,Arhar/Tur,50000,26700,0.534
Maharashtra,NAGPUR,2002,Kharif,Castor seed,200,100,0.5
Maharashtra,NAGPUR,2002,Kharif,Cotton(lint),73400,71200,0.970027248
Maharashtra,NAGPUR,2002,Kharif,Groundnut,7100,4500,0.633802817
Maharashtra,NAGPUR,2002,Kharif,Jowar,46500,43700,0.939784946
Maharashtra,NAGPUR,2002,Kharif,Maize,400,800,2
Maharashtra,NAGPUR,2002,Kharif,Moong(Green Gram),2900,900,0.310344828
Maharashtra,NAGPUR,2002,Kharif,Other Kharif pulses,3800,900,0.236842105
Maharashtra,NAGPUR,2002,Kharif,Rice,42600,40200,0.943661972
Maharashtra,NAGPUR,2002,Kharif,Sesamum,300,100,0.333333333
Maharashtra,NAGPUR,2002,Kharif,Small millets,200,100,0.5
Maharashtra,NAGPUR,2002,Kharif,Soyabean,206900,222900,1.077332044
Maharashtra,NAGPUR,2002,Kharif,Urad,2500,800,0.32
Maharashtra,NAGPUR,2002,Rabi,Gram,31900,17800,0.55799373
Maharashtra,NAGPUR,2002,Rabi,Jowar,6000,2700,0.45
Maharashtra,NAGPUR,2002,Rabi,Linseed,2100,500,0.238095238
Maharashtra,NAGPUR,2002,Rabi,Other  Rabi pulses,500,200,0.4
Maharashtra,NAGPUR,2002,Rabi,Rapeseed &Mustard,300,100,0.333333333
Maharashtra,NAGPUR,2002,Rabi,Sunflower,200,100,0.5
Maharashtra,NAGPUR,2002,Rabi,Wheat,31000,32500,1.048387097
Maharashtra,NAGPUR,2002,Summer,Groundnut,300,600,2
Maharashtra,NAGPUR,2002,Summer,Rice,900,1900,2.111111111
Maharashtra,NAGPUR,2002,Whole Year,Sugarcane,1300,49000,37.69230769
Maharashtra,NAGPUR,2003,Kharif,Arhar/Tur,51100,32300,0.632093933
Maharashtra,NAGPUR,2003,Kharif,Cotton(lint),74300,115400,1.553162853
Maharashtra,NAGPUR,2003,Kharif,Groundnut,7400,6700,0.905405405
Maharashtra,NAGPUR,2003,Kharif,Jowar,44600,42800,0.959641256
Maharashtra,NAGPUR,2003,Kharif,Maize,400,900,2.25
Maharashtra,NAGPUR,2003,Kharif,Moong(Green Gram),2700,1300,0.481481481
Maharashtra,NAGPUR,2003,Kharif,Other Kharif pulses,3000,900,0.3
Maharashtra,NAGPUR,2003,Kharif,other oilseeds,100,0,0
Maharashtra,NAGPUR,2003,Kharif,Rice,43900,63400,1.444191344
Maharashtra,NAGPUR,2003,Kharif,Sesamum,200,100,0.5
Maharashtra,NAGPUR,2003,Kharif,Small millets,600,400,0.666666667
Maharashtra,NAGPUR,2003,Kharif,Soyabean,218500,277500,1.270022883
Maharashtra,NAGPUR,2003,Kharif,Urad,2400,1100,0.458333333
Maharashtra,NAGPUR,2003,Rabi,Gram,37700,24000,0.636604775
Maharashtra,NAGPUR,2003,Rabi,Jowar,8100,3000,0.37037037
Maharashtra,NAGPUR,2003,Rabi,Linseed,2400,1000,0.416666667
Maharashtra,NAGPUR,2003,Rabi,Other  Rabi pulses,3100,1500,0.483870968
Maharashtra,NAGPUR,2003,Rabi,Rapeseed &Mustard,1000,200,0.2
Maharashtra,NAGPUR,2003,Rabi,Sunflower,600,200,0.333333333
Maharashtra,NAGPUR,2003,Rabi,Wheat,35000,43200,1.234285714
Maharashtra,NAGPUR,2003,Summer,Groundnut,300,300,1
Maharashtra,NAGPUR,2003,Summer,Rice,1000,1900,1.9
Maharashtra,NAGPUR,2003,Summer,Sunflower,200,100,0.5
Maharashtra,NAGPUR,2003,Whole Year,Grapes,94,2522,26.82978723
Maharashtra,NAGPUR,2003,Whole Year,Mango,1549,2860,1.846352485
Maharashtra,NAGPUR,2003,Whole Year,Onion,800,9977,12.47125
Maharashtra,NAGPUR,2003,Whole Year,Sugarcane,900,52900,58.77777778
Maharashtra,NAGPUR,2003,Whole Year,Tomato,2662,8527,3.203230654
Maharashtra,NAGPUR,2004,Kharif,Arhar/Tur,52500,28800,0.548571429
Maharashtra,NAGPUR,2004,Kharif,Groundnut,6700,3400,0.507462687
Maharashtra,NAGPUR,2004,Kharif,Jowar,40500,29400,0.725925926
Maharashtra,NAGPUR,2004,Kharif,Maize,400,500,1.25
Maharashtra,NAGPUR,2004,Kharif,Moong(Green Gram),2400,900,0.375
Maharashtra,NAGPUR,2004,Kharif,Other Kharif pulses,2700,1100,0.407407407
Maharashtra,NAGPUR,2004,Kharif,Rice,43100,41200,0.955916473
Maharashtra,NAGPUR,2004,Kharif,Sesamum,200,0,0
Maharashtra,NAGPUR,2004,Kharif,Urad,2000,700,0.35
Maharashtra,NAGPUR,2004,Rabi,Gram,40300,19400,0.481389578
Maharashtra,NAGPUR,2004,Rabi,Jowar,4800,2200,0.458333333
Maharashtra,NAGPUR,2004,Rabi,Linseed,1700,500,0.294117647
Maharashtra,NAGPUR,2004,Rabi,Other  Rabi pulses,1600,400,0.25
Maharashtra,NAGPUR,2004,Rabi,Rapeseed &Mustard,400,200,0.5
Maharashtra,NAGPUR,2004,Rabi,Soyabean,234800,172100,0.732964225
Maharashtra,NAGPUR,2004,Rabi,Sunflower,800,500,0.625
Maharashtra,NAGPUR,2004,Rabi,Wheat,31800,34700,1.091194969
Maharashtra,NAGPUR,2004,Summer,Groundnut,200,200,1
Maharashtra,NAGPUR,2004,Summer,Rice,200,400,2
Maharashtra,NAGPUR,2004,Summer,Sunflower,100,100,1
Maharashtra,NAGPUR,2004,Whole Year,Cotton(lint),75300,104300,1.385126162
Maharashtra,NAGPUR,2004,Whole Year,Sugarcane,400,29600,74
Maharashtra,NAGPUR,2005,Kharif,Arhar/Tur,52100,36400,0.69865643
Maharashtra,NAGPUR,2005,Kharif,Cotton(lint),73300,98800,1.347885402
Maharashtra,NAGPUR,2005,Kharif,Groundnut,6500,5800,0.892307692
Maharashtra,NAGPUR,2005,Kharif,Moong(Green Gram),1500,300,0.2
Maharashtra,NAGPUR,2005,Kharif,Rice,45000,61700,1.371111111
Maharashtra,NAGPUR,2005,Kharif,Sesamum,200,100,0.5
Maharashtra,NAGPUR,2005,Kharif,Soyabean,244800,257500,1.051879085
Maharashtra,NAGPUR,2005,Kharif,Urad,1700,400,0.235294118
Maharashtra,NAGPUR,2005,Rabi,Gram,50300,31200,0.62027833
Maharashtra,NAGPUR,2005,Rabi,Linseed,2400,800,0.333333333
Maharashtra,NAGPUR,2005,Rabi,Rapeseed &Mustard,600,300,0.5
Maharashtra,NAGPUR,2005,Rabi,Sesamum,100,100,1
Maharashtra,NAGPUR,2005,Rabi,Sunflower,6700,4300,0.641791045
Maharashtra,NAGPUR,2005,Rabi,Wheat,50200,55800,1.111553785
Maharashtra,NAGPUR,2005,Summer,Groundnut,400,400,1
Maharashtra,NAGPUR,2005,Summer,Rice,800,1200,1.5
Maharashtra,NAGPUR,2005,Summer,Sunflower,1800,1800,1
Maharashtra,NAGPUR,2006,Kharif,Arhar/Tur,52900,33500,0.633270321
Maharashtra,NAGPUR,2006,Kharif,Castor seed,200,100,0.5
Maharashtra,NAGPUR,2006,Kharif,Cotton(lint),67500,84000,1.244444444
Maharashtra,NAGPUR,2006,Kharif,Groundnut,6100,5800,0.950819672
Maharashtra,NAGPUR,2006,Kharif,Jowar,33000,34400,1.042424242
Maharashtra,NAGPUR,2006,Kharif,Maize,400,700,1.75
Maharashtra,NAGPUR,2006,Kharif,Moong(Green Gram),1700,800,0.470588235
Maharashtra,NAGPUR,2006,Kharif,Rice,46000,69100,1.502173913
Maharashtra,NAGPUR,2006,Kharif,Sesamum,100,100,1
Maharashtra,NAGPUR,2006,Kharif,Soyabean,263500,346600,1.315370019
Maharashtra,NAGPUR,2006,Kharif,Urad,1500,900,0.6
Maharashtra,NAGPUR,2006,Rabi,Gram,66500,39800,0.598496241
Maharashtra,NAGPUR,2006,Rabi,Jowar,4100,2200,0.536585366
Maharashtra,NAGPUR,2006,Rabi,Linseed,2200,400,0.181818182
Maharashtra,NAGPUR,2006,Rabi,Rapeseed &Mustard,800,300,0.375
Maharashtra,NAGPUR,2006,Rabi,Sunflower,4400,2500,0.568181818
Maharashtra,NAGPUR,2006,Rabi,Wheat,63900,74200,1.161189358
Maharashtra,NAGPUR,2006,Summer,Groundnut,600,700,1.166666667
Maharashtra,NAGPUR,2006,Summer,Rice,800,1500,1.875
Maharashtra,NAGPUR,2006,Summer,Sunflower,1000,1000,1
Maharashtra,NAGPUR,2007,Kharif,Arhar/Tur,552,410,0.742753623
Maharashtra,NAGPUR,2007,Kharif,Castor seed,3,1,0.333333333
Maharashtra,NAGPUR,2007,Kharif,Cotton(lint),631,1066,1.689381933
Maharashtra,NAGPUR,2007,Kharif,Groundnut,61,52,0.852459016
Maharashtra,NAGPUR,2007,Kharif,Jowar,221,218,0.986425339
Maharashtra,NAGPUR,2007,Kharif,Maize,5,15,3
Maharashtra,NAGPUR,2007,Kharif,Moong(Green Gram),17,8,0.470588235
Maharashtra,NAGPUR,2007,Kharif,Rice,496,754,1.52016129
Maharashtra,NAGPUR,2007,Kharif,Sesamum,1,1,1
Maharashtra,NAGPUR,2007,Kharif,Soyabean,2775,3792,1.366486486
Maharashtra,NAGPUR,2007,Kharif,Urad,16,9,0.5625
Maharashtra,NAGPUR,2007,Rabi,Gram,755,562,0.744370861
Maharashtra,NAGPUR,2007,Rabi,Jowar,33,14,0.424242424
Maharashtra,NAGPUR,2007,Rabi,Linseed,21,8,0.380952381
Maharashtra,NAGPUR,2007,Rabi,Rapeseed &Mustard,11,6,0.545454545
Maharashtra,NAGPUR,2007,Rabi,Sunflower,29,22,0.75862069
Maharashtra,NAGPUR,2007,Summer,Groundnut,11,14,1.272727273
Maharashtra,NAGPUR,2007,Summer,Sunflower,4,3,0.75
Maharashtra,NAGPUR,2007,Whole Year,Sugarcane,3,229,76.33333333
Maharashtra,NAGPUR,2008,Kharif,Arhar/Tur,57100,29400,0.514886165
Maharashtra,NAGPUR,2008,Kharif,Castor seed,300,100,0.333333333
Maharashtra,NAGPUR,2008,Kharif,Cotton(lint),44300,63500,1.433408578
Maharashtra,NAGPUR,2008,Kharif,Groundnut,6100,4200,0.68852459
Maharashtra,NAGPUR,2008,Kharif,Jowar,17200,14400,0.837209302
Maharashtra,NAGPUR,2008,Kharif,Maize,600,900,1.5
Maharashtra,NAGPUR,2008,Kharif,Moong(Green Gram),1400,500,0.357142857
Maharashtra,NAGPUR,2008,Kharif,Rice,57500,54600,0.949565217
Maharashtra,NAGPUR,2008,Kharif,Sesamum,100,100,1
Maharashtra,NAGPUR,2008,Kharif,Soyabean,303200,257200,0.84828496
Maharashtra,NAGPUR,2008,Kharif,Sugarcane,200,11500,57.5
Maharashtra,NAGPUR,2008,Kharif,Urad,1100,500,0.454545455
Maharashtra,NAGPUR,2008,Rabi,Gram,66400,39900,0.600903614
Maharashtra,NAGPUR,2008,Rabi,Jowar,2200,800,0.363636364
Maharashtra,NAGPUR,2008,Rabi,Linseed,900,300,0.333333333
Maharashtra,NAGPUR,2008,Rabi,Rapeseed &Mustard,400,100,0.25
Maharashtra,NAGPUR,2008,Rabi,Sunflower,300,200,0.666666667
Maharashtra,NAGPUR,2008,Rabi,Wheat,40700,46000,1.13022113
Maharashtra,NAGPUR,2008,Whole Year,Sugarcane,200,11500,57.5
Maharashtra,NAGPUR,2009,Kharif,Arhar/Tur,51100,47600,0.931506849
Maharashtra,NAGPUR,2009,Kharif,Castor seed,200,100,0.5
Maharashtra,NAGPUR,2009,Kharif,Cotton(lint),63600,89000,1.399371069
Maharashtra,NAGPUR,2009,Kharif,Groundnut,5700,4300,0.754385965
Maharashtra,NAGPUR,2009,Kharif,Jowar,12300,9200,0.74796748
Maharashtra,NAGPUR,2009,Kharif,Maize,200,400,2
Maharashtra,NAGPUR,2009,Kharif,Moong(Green Gram),900,700,0.777777778
Maharashtra,NAGPUR,2009,Kharif,Rice,70900,80300,1.1325811
Maharashtra,NAGPUR,2009,Kharif,Sesamum,100,30,0.3
Maharashtra,NAGPUR,2009,Kharif,Soyabean,285100,219800,0.770957559
Maharashtra,NAGPUR,2009,Kharif,Sugarcane,200,14100,70.5
Maharashtra,NAGPUR,2009,Kharif,Urad,800,500,0.625
Maharashtra,NAGPUR,2009,Rabi,Gram,73800,58800,0.796747967
Maharashtra,NAGPUR,2009,Rabi,Jowar,3300,1700,0.515151515
Maharashtra,NAGPUR,2009,Rabi,Linseed,1100,100,0.090909091
Maharashtra,NAGPUR,2009,Rabi,Rapeseed &Mustard,200,100,0.5
Maharashtra,NAGPUR,2009,Rabi,Sunflower,400,200,0.5
Maharashtra,NAGPUR,2009,Rabi,Wheat,57000,76700,1.345614035
Maharashtra,NAGPUR,2010,Kharif,Arhar/Tur,61600,51700,0.839285714
Maharashtra,NAGPUR,2010,Kharif,Castor seed,100,100,1
Maharashtra,NAGPUR,2010,Kharif,Cotton(lint),80800,126000,1.559405941
Maharashtra,NAGPUR,2010,Kharif,Groundnut,4000,3500,0.875
Maharashtra,NAGPUR,2010,Kharif,Jowar,12900,9500,0.736434109
Maharashtra,NAGPUR,2010,Kharif,Maize,100,200,2
Maharashtra,NAGPUR,2010,Kharif,Moong(Green Gram),900,500,0.555555556
Maharashtra,NAGPUR,2010,Kharif,Rice,71400,70100,0.981792717
Maharashtra,NAGPUR,2010,Kharif,Sesamum,100,40,0.4
Maharashtra,NAGPUR,2010,Kharif,Soyabean,242400,287100,1.184405941
Maharashtra,NAGPUR,2010,Kharif,Sugarcane,300,6200,20.66666667
Maharashtra,NAGPUR,2010,Kharif,Urad,800,600,0.75
Maharashtra,NAGPUR,2010,Rabi,Gram,84900,73500,0.865724382
Maharashtra,NAGPUR,2010,Rabi,Jowar,3300,1500,0.454545455
Maharashtra,NAGPUR,2010,Rabi,Linseed,1200,500,0.416666667
Maharashtra,NAGPUR,2010,Rabi,Rapeseed &Mustard,100,40,0.4
Maharashtra,NAGPUR,2010,Rabi,Sesamum,100,29,0.29
Maharashtra,NAGPUR,2010,Rabi,Sunflower,600,400,0.666666667
Maharashtra,NAGPUR,2010,Rabi,Wheat,75200,115700,1.53856383
Maharashtra,NAGPUR,2011,Kharif,Arhar/Tur,56000,44800,0.8
Maharashtra,NAGPUR,2011,Kharif,Castor seed,200,100,0.5
Maharashtra,NAGPUR,2011,Kharif,Cotton(lint),102100,141800,1.388834476
Maharashtra,NAGPUR,2011,Kharif,Groundnut,2900,2300,0.793103448
Maharashtra,NAGPUR,2011,Kharif,Jowar,7900,5600,0.708860759
Maharashtra,NAGPUR,2011,Kharif,Maize,400,300,0.75
Maharashtra,NAGPUR,2011,Kharif,Moong(Green Gram),1900,800,0.421052632
Maharashtra,NAGPUR,2011,Kharif,Other Kharif pulses,2400,1100,0.458333333
Maharashtra,NAGPUR,2011,Kharif,Rice,77500,117400,1.51483871
Maharashtra,NAGPUR,2011,Kharif,Sesamum,100,30,0.3
Maharashtra,NAGPUR,2011,Kharif,Soyabean,241200,157300,0.652155887
Maharashtra,NAGPUR,2011,Kharif,Urad,2000,1100,0.55
Maharashtra,NAGPUR,2011,Rabi,Gram,69900,61800,0.884120172
Maharashtra,NAGPUR,2011,Rabi,Jowar,2100,1500,0.714285714
Maharashtra,NAGPUR,2011,Rabi,Linseed,1300,700,0.538461538
Maharashtra,NAGPUR,2011,Rabi,Other  Rabi pulses,4400,2500,0.568181818
Maharashtra,NAGPUR,2011,Rabi,Rapeseed &Mustard,500,200,0.4
Maharashtra,NAGPUR,2011,Rabi,Sunflower,700,500,0.714285714
Maharashtra,NAGPUR,2011,Rabi,Wheat,79000,116400,1.473417722
Maharashtra,NAGPUR,2011,Summer,Groundnut,400,600,1.5
Maharashtra,NAGPUR,2011,Whole Year,Sugarcane,700,48000,68.57142857
Maharashtra,NAGPUR,2012,Kharif,Arhar/Tur,55400,40600,0.732851986
Maharashtra,NAGPUR,2012,Kharif,Castor seed,500,50,0.1
Maharashtra,NAGPUR,2012,Kharif,Cotton(lint),89400,176700,1.976510067
Maharashtra,NAGPUR,2012,Kharif,Groundnut,2400,2600,1.083333333
Maharashtra,NAGPUR,2012,Kharif,Jowar,6200,5100,0.822580645
Maharashtra,NAGPUR,2012,Kharif,Maize,400,900,2.25
Maharashtra,NAGPUR,2012,Kharif,Moong(Green Gram),1700,800,0.470588235
Maharashtra,NAGPUR,2012,Kharif,Other Kharif pulses,2600,1000,0.384615385
Maharashtra,NAGPUR,2012,Kharif,Rice,67000,100200,1.495522388
Maharashtra,NAGPUR,2012,Kharif,Sesamum,100,50,0.5
Maharashtra,NAGPUR,2012,Kharif,Soyabean,237100,238600,1.006326445
Maharashtra,NAGPUR,2012,Kharif,Urad,1800,800,0.444444444
Maharashtra,NAGPUR,2012,Rabi,Gram,71000,60500,0.852112676
Maharashtra,NAGPUR,2012,Rabi,Jowar,2300,1600,0.695652174
Maharashtra,NAGPUR,2012,Rabi,Linseed,800,300,0.375
Maharashtra,NAGPUR,2012,Rabi,Other  Rabi pulses,3400,2200,0.647058824
Maharashtra,NAGPUR,2012,Rabi,Rapeseed &Mustard,300,200,0.666666667
Maharashtra,NAGPUR,2012,Rabi,Sesamum,100,30,0.3
Maharashtra,NAGPUR,2012,Rabi,Sunflower,900,400,0.444444444
Maharashtra,NAGPUR,2012,Rabi,Wheat,80200,124800,1.556109726
Maharashtra,NAGPUR,2012,Summer,Groundnut,500,1300,2.6
Maharashtra,NAGPUR,2012,Summer,Maize,100,100,1
Maharashtra,NAGPUR,2012,Summer,Rice,100,200,2
Maharashtra,NAGPUR,2012,Whole Year,Sugarcane,300,22100,73.66666667
Maharashtra,NAGPUR,2013,Kharif,Arhar/Tur,58600,26600,0.453924915
Maharashtra,NAGPUR,2013,Kharif,Cotton(lint),92400,150400,1.627705628
Maharashtra,NAGPUR,2013,Kharif,Groundnut,2400,1160,0.483333333
Maharashtra,NAGPUR,2013,Kharif,Jowar,4700,1900,0.404255319
Maharashtra,NAGPUR,2013,Kharif,Maize,200,600,3
Maharashtra,NAGPUR,2013,Kharif,Moong(Green Gram),1700,900,0.529411765
Maharashtra,NAGPUR,2013,Kharif,Other Kharif pulses,2200,600,0.272727273
Maharashtra,NAGPUR,2013,Kharif,Rice,77700,105000,1.351351351
Maharashtra,NAGPUR,2013,Kharif,Sesamum,100,,
Maharashtra,NAGPUR,2013,Kharif,Soyabean,232800,99900,0.429123711
Maharashtra,NAGPUR,2013,Kharif,Urad,1800,700,0.388888889
Maharashtra,NAGPUR,2013,Rabi,Gram,71700,45100,0.629009763
Maharashtra,NAGPUR,2013,Rabi,Jowar,1800,1500,0.833333333
Maharashtra,NAGPUR,2013,Rabi,Linseed,500,200,0.4
Maharashtra,NAGPUR,2013,Rabi,Other  Rabi pulses,2800,1600,0.571428571
Maharashtra,NAGPUR,2013,Rabi,Sesamum,100,,
Maharashtra,NAGPUR,2013,Rabi,Sunflower,15200,6800,0.447368421
Maharashtra,NAGPUR,2013,Rabi,Wheat,86200,83100,0.964037123
Maharashtra,NAGPUR,2013,Summer,Groundnut,500,900,1.8
Maharashtra,NAGPUR,2013,Summer,Maize,300,300,1
Maharashtra,NAGPUR,2013,Summer,Rice,100,200,2
Maharashtra,NAGPUR,2013,Whole Year,Sugarcane,300,20000,66.66666667
Maharashtra,NAGPUR,2014,Kharif,Arhar/Tur,62000,21100,0.340322581
Maharashtra,NAGPUR,2014,Kharif,Castor seed,100,,
Maharashtra,NAGPUR,2014,Kharif,Cotton(lint),111300,150200,1.34950584
Maharashtra,NAGPUR,2014,Kharif,Groundnut,2500,600,0.24
Maharashtra,NAGPUR,2014,Kharif,Jowar,3900,2300,0.58974359
Maharashtra,NAGPUR,2014,Kharif,Maize,200,400,2
Maharashtra,NAGPUR,2014,Kharif,Moong(Green Gram),1300,500,0.384615385
Maharashtra,NAGPUR,2014,Kharif,Other Kharif pulses,500,100,0.2
Maharashtra,NAGPUR,2014,Kharif,Rice,78800,95500,1.211928934
Maharashtra,NAGPUR,2014,Kharif,Soyabean,220400,79500,0.360707804
Maharashtra,NAGPUR,2014,Rabi,Gram,67000,46600,0.695522388
Maharashtra,NAGPUR,2014,Rabi,Jowar,1100,400,0.363636364
Maharashtra,NAGPUR,2014,Rabi,Linseed,100,100,1
Maharashtra,NAGPUR,2014,Rabi,Other  Rabi pulses,1300,300,0.230769231
Maharashtra,NAGPUR,2014,Rabi,Sunflower,8200,2600,0.317073171
Maharashtra,NAGPUR,2014,Rabi,Wheat,88500,110600,1.249717514
Maharashtra,NAGPUR,2014,Summer,Groundnut,500,1200,2.4
Maharashtra,NAGPUR,2014,Summer,Maize,400,400,1
Maharashtra,NAGPUR,2014,Whole Year,Sugarcane,3800,258500,68.02631579
Maharashtra,NANDED,1997,Kharif,Arhar/Tur,46000,6000,0.130434783
Maharashtra,NANDED,1997,Kharif,Bajra,700,300,0.428571429
Maharashtra,NANDED,1997,Kharif,Gram,21500,6000,0.279069767
Maharashtra,NANDED,1997,Kharif,Jowar,199500,219500,1.100250627
Maharashtra,NANDED,1997,Kharif,Moong(Green Gram),38900,6400,0.164524422
Maharashtra,NANDED,1997,Kharif,Pulses total,1378,242,0.175616836
Maharashtra,NANDED,1997,Kharif,Rice,25700,15100,0.587548638
Maharashtra,NANDED,1997,Kharif,Total foodgrain,3640,2593,0.712362637
Maharashtra,NANDED,1997,Kharif,Urad,49400,10400,0.210526316
Maharashtra,NANDED,1997,Rabi,Jowar,35200,20000,0.568181818
Maharashtra,NANDED,1997,Rabi,Other  Rabi pulses,70,3,0.042857143
Maharashtra,NANDED,1997,Rabi,Wheat,14900,9200,0.617449664
Maharashtra,NANDED,1997,Summer,Maize,100,100,1
Maharashtra,NANDED,1997,Whole Year,Cotton(lint),2752,85000,30.88662791
Maharashtra,NANDED,1998,Kharif,Arhar/Tur,48100,49900,1.037422037
Maharashtra,NANDED,1998,Kharif,Bajra,300,200,0.666666667
Maharashtra,NANDED,1998,Kharif,Castor seed,700,200,0.285714286
Maharashtra,NANDED,1998,Kharif,Cotton(lint),278100,208600,0.750089896
Maharashtra,NANDED,1998,Kharif,Groundnut,800,300,0.375
Maharashtra,NANDED,1998,Kharif,Jowar,201700,234400,1.162121963
Maharashtra,NANDED,1998,Kharif,Moong(Green Gram),35600,19400,0.54494382
Maharashtra,NANDED,1998,Kharif,Niger seed,2300,500,0.217391304
Maharashtra,NANDED,1998,Kharif,Other Cereals & Millets,100,100,1
Maharashtra,NANDED,1998,Kharif,Other Kharif pulses,5200,2400,0.461538462
Maharashtra,NANDED,1998,Kharif,Rice,25300,15800,0.624505929
Maharashtra,NANDED,1998,Kharif,Sesamum,8600,1900,0.220930233
Maharashtra,NANDED,1998,Kharif,Soyabean,6100,5800,0.950819672
Maharashtra,NANDED,1998,Kharif,Sugarcane,11000,849000,77.18181818
Maharashtra,NANDED,1998,Kharif,Sunflower,10200,3300,0.323529412
Maharashtra,NANDED,1998,Kharif,Urad,48500,31900,0.657731959
Maharashtra,NANDED,1998,Rabi,Gram,32400,13900,0.429012346
Maharashtra,NANDED,1998,Rabi,Jowar,26600,20600,0.77443609
Maharashtra,NANDED,1998,Rabi,Linseed,800,200,0.25
Maharashtra,NANDED,1998,Rabi,Other  Rabi pulses,800,300,0.375
Maharashtra,NANDED,1998,Rabi,Other Cereals & Millets,200,100,0.5
Maharashtra,NANDED,1998,Rabi,Rapeseed &Mustard,600,100,0.166666667
Maharashtra,NANDED,1998,Rabi,Safflower,7900,3500,0.443037975
Maharashtra,NANDED,1998,Rabi,Sesamum,700,100,0.142857143
Maharashtra,NANDED,1998,Rabi,Sunflower,14800,5600,0.378378378
Maharashtra,NANDED,1998,Rabi,Wheat,29500,35900,1.216949153
Maharashtra,NANDED,1998,Summer,Groundnut,10400,7900,0.759615385
Maharashtra,NANDED,1998,Summer,Maize,100,100,1
Maharashtra,NANDED,1998,Summer,Sunflower,1700,1100,0.647058824
Maharashtra,NANDED,1999,Kharif,Arhar/Tur,48600,56000,1.152263374
Maharashtra,NANDED,1999,Kharif,Bajra,300,200,0.666666667
Maharashtra,NANDED,1999,Kharif,Castor seed,600,100,0.166666667
Maharashtra,NANDED,1999,Kharif,Cotton(lint),274300,176900,0.644914327
Maharashtra,NANDED,1999,Kharif,Groundnut,400,200,0.5
Maharashtra,NANDED,1999,Kharif,Jowar,202200,265500,1.31305638
Maharashtra,NANDED,1999,Kharif,Moong(Green Gram),36100,11800,0.326869806
Maharashtra,NANDED,1999,Kharif,Niger seed,2200,500,0.227272727
Maharashtra,NANDED,1999,Kharif,Other Kharif pulses,1700,600,0.352941176
Maharashtra,NANDED,1999,Kharif,Rice,26100,15600,0.597701149
Maharashtra,NANDED,1999,Kharif,Sesamum,7800,1800,0.230769231
Maharashtra,NANDED,1999,Kharif,Small millets,1400,1000,0.714285714
Maharashtra,NANDED,1999,Kharif,Soyabean,5200,8400,1.615384615
Maharashtra,NANDED,1999,Kharif,Sunflower,5600,2300,0.410714286
Maharashtra,NANDED,1999,Kharif,Urad,51300,33900,0.660818713
Maharashtra,NANDED,1999,Rabi,Gram,33800,20800,0.615384615
Maharashtra,NANDED,1999,Rabi,Jowar,26500,27000,1.018867925
Maharashtra,NANDED,1999,Rabi,Linseed,600,200,0.333333333
Maharashtra,NANDED,1999,Rabi,Other  Rabi pulses,900,400,0.444444444
Maharashtra,NANDED,1999,Rabi,Safflower,7600,4600,0.605263158
Maharashtra,NANDED,1999,Rabi,Sesamum,400,100,0.25
Maharashtra,NANDED,1999,Rabi,Small millets,200,100,0.5
Maharashtra,NANDED,1999,Rabi,Sunflower,8800,5400,0.613636364
Maharashtra,NANDED,1999,Rabi,Wheat,33400,39100,1.170658683
Maharashtra,NANDED,1999,Summer,Groundnut,10000,8400,0.84
Maharashtra,NANDED,1999,Summer,Maize,100,100,1
Maharashtra,NANDED,1999,Summer,Sunflower,1300,500,0.384615385
Maharashtra,NANDED,1999,Whole Year,Sugarcane,14800,1127100,76.15540541
Maharashtra,NANDED,2000,Kharif,Arhar/Tur,53200,25400,0.477443609
Maharashtra,NANDED,2000,Kharif,Bajra,200,100,0.5
Maharashtra,NANDED,2000,Kharif,Castor seed,600,100,0.166666667
Maharashtra,NANDED,2000,Kharif,Cotton(lint),270000,83400,0.308888889
Maharashtra,NANDED,2000,Kharif,Groundnut,400,200,0.5
Maharashtra,NANDED,2000,Kharif,Jowar,209000,256600,1.227751196
Maharashtra,NANDED,2000,Kharif,Moong(Green Gram),39500,15300,0.387341772
Maharashtra,NANDED,2000,Kharif,Niger seed,2200,500,0.227272727
Maharashtra,NANDED,2000,Kharif,Other Kharif pulses,4100,1400,0.341463415
Maharashtra,NANDED,2000,Kharif,Rice,26700,20100,0.752808989
Maharashtra,NANDED,2000,Kharif,Sesamum,8300,1600,0.192771084
Maharashtra,NANDED,2000,Kharif,Small millets,1400,1000,0.714285714
Maharashtra,NANDED,2000,Kharif,Soyabean,10100,9100,0.900990099
Maharashtra,NANDED,2000,Kharif,Sunflower,6000,2900,0.483333333
Maharashtra,NANDED,2000,Kharif,Urad,60700,26200,0.431630972
Maharashtra,NANDED,2000,Rabi,Gram,21800,7500,0.344036697
Maharashtra,NANDED,2000,Rabi,Jowar,30100,21500,0.714285714
Maharashtra,NANDED,2000,Rabi,Linseed,400,100,0.25
Maharashtra,NANDED,2000,Rabi,Maize,100,100,1
Maharashtra,NANDED,2000,Rabi,Other  Rabi pulses,800,300,0.375
Maharashtra,NANDED,2000,Rabi,Rapeseed &Mustard,1200,200,0.166666667
Maharashtra,NANDED,2000,Rabi,Safflower,7500,2600,0.346666667
Maharashtra,NANDED,2000,Rabi,Sesamum,400,100,0.25
Maharashtra,NANDED,2000,Rabi,Small millets,100,100,1
Maharashtra,NANDED,2000,Rabi,Sunflower,7800,3100,0.397435897
Maharashtra,NANDED,2000,Rabi,Wheat,26100,28200,1.08045977
Maharashtra,NANDED,2000,Summer,Groundnut,6900,4100,0.594202899
Maharashtra,NANDED,2000,Whole Year,Sugarcane,14700,953600,64.8707483
Maharashtra,NANDED,2001,Kharif,Arhar/Tur,52300,39900,0.76290631
Maharashtra,NANDED,2001,Kharif,Bajra,500,200,0.4
Maharashtra,NANDED,2001,Kharif,Castor seed,800,200,0.25
Maharashtra,NANDED,2001,Kharif,Cotton(lint),245700,165100,0.671957672
Maharashtra,NANDED,2001,Kharif,Groundnut,200,100,0.5
Maharashtra,NANDED,2001,Kharif,Jowar,181200,210700,1.162803532
Maharashtra,NANDED,2001,Kharif,Maize,600,1100,1.833333333
Maharashtra,NANDED,2001,Kharif,Moong(Green Gram),38300,11100,0.289817232
Maharashtra,NANDED,2001,Kharif,Niger seed,1500,300,0.2
Maharashtra,NANDED,2001,Kharif,Other Kharif pulses,1500,500,0.333333333
Maharashtra,NANDED,2001,Kharif,Rice,23900,24400,1.020920502
Maharashtra,NANDED,2001,Kharif,Sesamum,7500,2700,0.36
Maharashtra,NANDED,2001,Kharif,Small millets,800,600,0.75
Maharashtra,NANDED,2001,Kharif,Soyabean,21300,34300,1.610328638
Maharashtra,NANDED,2001,Kharif,Sunflower,3600,1300,0.361111111
Maharashtra,NANDED,2001,Kharif,Urad,61500,17300,0.281300813
Maharashtra,NANDED,2001,Rabi,Gram,26000,15800,0.607692308
Maharashtra,NANDED,2001,Rabi,Jowar,30200,31100,1.029801325
Maharashtra,NANDED,2001,Rabi,Linseed,500,100,0.2
Maharashtra,NANDED,2001,Rabi,Maize,600,1100,1.833333333
Maharashtra,NANDED,2001,Rabi,Other  Rabi pulses,1000,500,0.5
Maharashtra,NANDED,2001,Rabi,Rapeseed &Mustard,1200,200,0.166666667
Maharashtra,NANDED,2001,Rabi,Safflower,7500,5500,0.733333333
Maharashtra,NANDED,2001,Rabi,Sesamum,400,100,0.25
Maharashtra,NANDED,2001,Rabi,Small millets,100,100,1
Maharashtra,NANDED,2001,Rabi,Sunflower,9100,4800,0.527472527
Maharashtra,NANDED,2001,Rabi,Wheat,26700,34700,1.299625468
Maharashtra,NANDED,2001,Summer,Groundnut,10100,11200,1.108910891
Maharashtra,NANDED,2001,Summer,Sunflower,1600,1100,0.6875
Maharashtra,NANDED,2001,Whole Year,Sugarcane,14700,920000,62.58503401
Maharashtra,NANDED,2002,Kharif,Arhar/Tur,54900,55400,1.009107468
Maharashtra,NANDED,2002,Kharif,Bajra,700,500,0.714285714
Maharashtra,NANDED,2002,Kharif,Castor seed,3500,800,0.228571429
Maharashtra,NANDED,2002,Kharif,Cotton(lint),214600,126100,0.587604846
Maharashtra,NANDED,2002,Kharif,Groundnut,300,200,0.666666667
Maharashtra,NANDED,2002,Kharif,Jowar,171900,279500,1.625945317
Maharashtra,NANDED,2002,Kharif,Maize,600,400,0.666666667
Maharashtra,NANDED,2002,Kharif,Moong(Green Gram),39600,29400,0.742424242
Maharashtra,NANDED,2002,Kharif,Niger seed,2200,300,0.136363636
Maharashtra,NANDED,2002,Kharif,Other Kharif pulses,1000,200,0.2
Maharashtra,NANDED,2002,Kharif,Rice,24100,15300,0.634854772
Maharashtra,NANDED,2002,Kharif,Sesamum,7300,2100,0.287671233
Maharashtra,NANDED,2002,Kharif,Small millets,600,300,0.5
Maharashtra,NANDED,2002,Kharif,Soyabean,39700,54700,1.377833753
Maharashtra,NANDED,2002,Kharif,Sunflower,4700,2500,0.531914894
Maharashtra,NANDED,2002,Kharif,Urad,72800,54000,0.741758242
Maharashtra,NANDED,2002,Rabi,Gram,33200,22700,0.68373494
Maharashtra,NANDED,2002,Rabi,Jowar,31900,32100,1.006269592
Maharashtra,NANDED,2002,Rabi,Linseed,400,100,0.25
Maharashtra,NANDED,2002,Rabi,Maize,800,900,1.125
Maharashtra,NANDED,2002,Rabi,Other  Rabi pulses,700,300,0.428571429
Maharashtra,NANDED,2002,Rabi,Rapeseed &Mustard,900,200,0.222222222
Maharashtra,NANDED,2002,Rabi,Safflower,8300,5600,0.674698795
Maharashtra,NANDED,2002,Rabi,Sesamum,500,100,0.2
Maharashtra,NANDED,2002,Rabi,Small millets,500,200,0.4
Maharashtra,NANDED,2002,Rabi,Sunflower,10400,8700,0.836538462
Maharashtra,NANDED,2002,Rabi,Wheat,30400,40800,1.342105263
Maharashtra,NANDED,2002,Summer,Groundnut,7300,10400,1.424657534
Maharashtra,NANDED,2002,Summer,Maize,100,100,1
Maharashtra,NANDED,2002,Summer,Sunflower,1600,1000,0.625
Maharashtra,NANDED,2002,Whole Year,Sugarcane,14500,1060000,73.10344828
Maharashtra,NANDED,2003,Kharif,Arhar/Tur,55800,44600,0.799283154
Maharashtra,NANDED,2003,Kharif,Bajra,600,300,0.5
Maharashtra,NANDED,2003,Kharif,Cotton(lint),215500,202900,0.941531323
Maharashtra,NANDED,2003,Kharif,Groundnut,200,100,0.5
Maharashtra,NANDED,2003,Kharif,Jowar,164200,214400,1.305724726
Maharashtra,NANDED,2003,Kharif,Maize,700,300,0.428571429
Maharashtra,NANDED,2003,Kharif,Moong(Green Gram),38900,28800,0.740359897
Maharashtra,NANDED,2003,Kharif,Niger seed,2300,600,0.260869565
Maharashtra,NANDED,2003,Kharif,Other Kharif pulses,1400,400,0.285714286
Maharashtra,NANDED,2003,Kharif,other oilseeds,1700,400,0.235294118
Maharashtra,NANDED,2003,Kharif,Rice,23300,13400,0.575107296
Maharashtra,NANDED,2003,Kharif,Sesamum,7500,2400,0.32
Maharashtra,NANDED,2003,Kharif,Small millets,700,600,0.857142857
Maharashtra,NANDED,2003,Kharif,Soyabean,68500,87300,1.274452555
Maharashtra,NANDED,2003,Kharif,Sunflower,4400,1700,0.386363636
Maharashtra,NANDED,2003,Kharif,Urad,69100,52000,0.752532562
Maharashtra,NANDED,2003,Rabi,Gram,37500,25800,0.688
Maharashtra,NANDED,2003,Rabi,Jowar,30900,31000,1.003236246
Maharashtra,NANDED,2003,Rabi,Linseed,400,100,0.25
Maharashtra,NANDED,2003,Rabi,Maize,900,1700,1.888888889
Maharashtra,NANDED,2003,Rabi,Rapeseed &Mustard,300,100,0.333333333
Maharashtra,NANDED,2003,Rabi,Safflower,8400,6500,0.773809524
Maharashtra,NANDED,2003,Rabi,Sesamum,500,100,0.2
Maharashtra,NANDED,2003,Rabi,Small millets,100,100,1
Maharashtra,NANDED,2003,Rabi,Sunflower,11700,10300,0.88034188
Maharashtra,NANDED,2003,Rabi,Wheat,31500,43500,1.380952381
Maharashtra,NANDED,2003,Summer,Groundnut,6800,10000,1.470588235
Maharashtra,NANDED,2003,Summer,Sunflower,1300,1100,0.846153846
Maharashtra,NANDED,2003,Whole Year,Banana,6600,351750,53.29545455
Maharashtra,NANDED,2003,Whole Year,Grapes,50,678,13.56
Maharashtra,NANDED,2003,Whole Year,Mango,6962,12870,1.848606722
Maharashtra,NANDED,2003,Whole Year,Sugarcane,14200,1007300,70.93661972
Maharashtra,NANDED,2003,Whole Year,Tomato,214,676,3.158878505
Maharashtra,NANDED,2004,Kharif,Arhar/Tur,52800,47800,0.90530303
Maharashtra,NANDED,2004,Kharif,Bajra,200,100,0.5
Maharashtra,NANDED,2004,Kharif,Groundnut,500,100,0.2
Maharashtra,NANDED,2004,Kharif,Jowar,165300,212700,1.286751361
Maharashtra,NANDED,2004,Kharif,Maize,700,700,1
Maharashtra,NANDED,2004,Kharif,Moong(Green Gram),30200,14600,0.483443709
Maharashtra,NANDED,2004,Kharif,Niger seed,1400,300,0.214285714
Maharashtra,NANDED,2004,Kharif,Other Cereals & Millets,900,400,0.444444444
Maharashtra,NANDED,2004,Kharif,Other Kharif pulses,1600,300,0.1875
Maharashtra,NANDED,2004,Kharif,other oilseeds,1000,200,0.2
Maharashtra,NANDED,2004,Kharif,Rice,16400,8200,0.5
Maharashtra,NANDED,2004,Kharif,Sesamum,5700,1000,0.175438596
Maharashtra,NANDED,2004,Kharif,Sunflower,6100,2600,0.426229508
Maharashtra,NANDED,2004,Kharif,Urad,47400,24500,0.516877637
Maharashtra,NANDED,2004,Rabi,Gram,40700,20400,0.501228501
Maharashtra,NANDED,2004,Rabi,Jowar,32600,27800,0.852760736
Maharashtra,NANDED,2004,Rabi,Linseed,400,200,0.5
Maharashtra,NANDED,2004,Rabi,Maize,700,1000,1.428571429
Maharashtra,NANDED,2004,Rabi,Other Cereals & Millets,100,100,1
Maharashtra,NANDED,2004,Rabi,Rapeseed &Mustard,200,100,0.5
Maharashtra,NANDED,2004,Rabi,Safflower,9400,4400,0.468085106
Maharashtra,NANDED,2004,Rabi,Soyabean,110300,103500,0.938349955
Maharashtra,NANDED,2004,Rabi,Sunflower,14300,6200,0.433566434
Maharashtra,NANDED,2004,Rabi,Wheat,31600,38500,1.21835443
Maharashtra,NANDED,2004,Summer,Groundnut,4500,5400,1.2
Maharashtra,NANDED,2004,Summer,Maize,100,100,1
Maharashtra,NANDED,2004,Summer,Sunflower,1400,1000,0.714285714
Maharashtra,NANDED,2004,Whole Year,Cotton(lint),233200,194900,0.835763293
Maharashtra,NANDED,2004,Whole Year,Sugarcane,9600,471700,49.13541667
Maharashtra,NANDED,2005,Kharif,Arhar/Tur,53300,27800,0.521575985
Maharashtra,NANDED,2005,Kharif,Bajra,100,100,1
Maharashtra,NANDED,2005,Kharif,Castor seed,1000,200,0.2
Maharashtra,NANDED,2005,Kharif,Cotton(lint),227800,129200,0.567164179
Maharashtra,NANDED,2005,Kharif,Groundnut,400,200,0.5
Maharashtra,NANDED,2005,Kharif,Moong(Green Gram),32000,12500,0.390625
Maharashtra,NANDED,2005,Kharif,Niger seed,1600,400,0.25
Maharashtra,NANDED,2005,Kharif,Rice,15600,6700,0.429487179
Maharashtra,NANDED,2005,Kharif,Sesamum,5600,1600,0.285714286
Maharashtra,NANDED,2005,Kharif,Soyabean,156400,144400,0.923273657
Maharashtra,NANDED,2005,Kharif,Sugarcane,9900,661200,66.78787879
Maharashtra,NANDED,2005,Kharif,Sunflower,6400,3500,0.546875
Maharashtra,NANDED,2005,Kharif,Urad,50700,19700,0.388560158
Maharashtra,NANDED,2005,Rabi,Gram,52300,31600,0.604206501
Maharashtra,NANDED,2005,Rabi,Linseed,400,100,0.25
Maharashtra,NANDED,2005,Rabi,Rapeseed &Mustard,800,200,0.25
Maharashtra,NANDED,2005,Rabi,Safflower,10900,7400,0.678899083
Maharashtra,NANDED,2005,Rabi,Sesamum,600,100,0.166666667
Maharashtra,NANDED,2005,Rabi,Sunflower,17500,8300,0.474285714
Maharashtra,NANDED,2005,Rabi,Wheat,37700,38300,1.015915119
Maharashtra,NANDED,2005,Summer,Groundnut,9100,12500,1.373626374
Maharashtra,NANDED,2005,Summer,Sunflower,2200,1400,0.636363636
Maharashtra,NANDED,2006,Kharif,Arhar/Tur,54900,38600,0.703096539
Maharashtra,NANDED,2006,Kharif,Castor seed,1100,200,0.181818182
Maharashtra,NANDED,2006,Kharif,Cotton(lint),215700,129400,0.599907279
Maharashtra,NANDED,2006,Kharif,Groundnut,400,200,0.5
Maharashtra,NANDED,2006,Kharif,Jowar,170100,162100,0.952968842
Maharashtra,NANDED,2006,Kharif,Maize,300,300,1
Maharashtra,NANDED,2006,Kharif,Moong(Green Gram),33900,8300,0.244837758
Maharashtra,NANDED,2006,Kharif,Niger seed,1900,300,0.157894737
Maharashtra,NANDED,2006,Kharif,Rice,15600,9400,0.602564103
Maharashtra,NANDED,2006,Kharif,Sesamum,5500,900,0.163636364
Maharashtra,NANDED,2006,Kharif,Soyabean,169100,118700,0.701951508
Maharashtra,NANDED,2006,Kharif,Sunflower,6700,3800,0.567164179
Maharashtra,NANDED,2006,Kharif,Urad,54000,14400,0.266666667
Maharashtra,NANDED,2006,Rabi,Gram,58600,34000,0.580204778
Maharashtra,NANDED,2006,Rabi,Jowar,31700,27300,0.861198738
Maharashtra,NANDED,2006,Rabi,Linseed,400,100,0.25
Maharashtra,NANDED,2006,Rabi,Maize,800,1900,2.375
Maharashtra,NANDED,2006,Rabi,Rapeseed &Mustard,1500,300,0.2
Maharashtra,NANDED,2006,Rabi,Safflower,10200,5500,0.539215686
Maharashtra,NANDED,2006,Rabi,Sesamum,600,200,0.333333333
Maharashtra,NANDED,2006,Rabi,Sunflower,17300,10500,0.606936416
Maharashtra,NANDED,2006,Rabi,Wheat,40100,49900,1.244389027
Maharashtra,NANDED,2006,Summer,Groundnut,9100,11000,1.208791209
Maharashtra,NANDED,2006,Summer,Maize,100,100,1
Maharashtra,NANDED,2006,Summer,Sunflower,2200,1700,0.772727273
Maharashtra,NANDED,2007,Kharif,Arhar/Tur,611,475,0.777414075
Maharashtra,NANDED,2007,Kharif,Bajra,6,3,0.5
Maharashtra,NANDED,2007,Kharif,Castor seed,17,6,0.352941176
Maharashtra,NANDED,2007,Kharif,Cotton(lint),2078,2730,1.313763234
Maharashtra,NANDED,2007,Kharif,Groundnut,3,2,0.666666667
Maharashtra,NANDED,2007,Kharif,Jowar,1678,1952,1.163289631
Maharashtra,NANDED,2007,Kharif,Maize,5,4,0.8
Maharashtra,NANDED,2007,Kharif,Moong(Green Gram),393,126,0.320610687
Maharashtra,NANDED,2007,Kharif,Rice,14500,105,0.007241379
Maharashtra,NANDED,2007,Kharif,Sesamum,53,13,0.245283019
Maharashtra,NANDED,2007,Kharif,Soyabean,1591,1723,1.082966688
Maharashtra,NANDED,2007,Kharif,Sunflower,31,17,0.548387097
Maharashtra,NANDED,2007,Kharif,Urad,596,208,0.348993289
Maharashtra,NANDED,2007,Rabi,Gram,426,405,0.950704225
Maharashtra,NANDED,2007,Rabi,Jowar,271,236,0.870848708
Maharashtra,NANDED,2007,Rabi,Linseed,3,1,0.333333333
Maharashtra,NANDED,2007,Rabi,Maize,7,19,2.714285714
Maharashtra,NANDED,2007,Rabi,Rapeseed &Mustard,2,1,0.5
Maharashtra,NANDED,2007,Rabi,Safflower,78,61,0.782051282
Maharashtra,NANDED,2007,Rabi,Sesamum,3,1,0.333333333
Maharashtra,NANDED,2007,Rabi,Sunflower,102,101,0.990196078
Maharashtra,NANDED,2007,Rabi,Wheat,227,345,1.519823789
Maharashtra,NANDED,2007,Summer,Groundnut,32,37,1.15625
Maharashtra,NANDED,2007,Summer,Maize,1,1,1
Maharashtra,NANDED,2007,Summer,Sunflower,16,11,0.6875
Maharashtra,NANDED,2007,Whole Year,Sugarcane,338,22985,68.00295858
Maharashtra,NANDED,2008,Kharif,Arhar/Tur,58100,27700,0.4767642
Maharashtra,NANDED,2008,Kharif,Bajra,200,100,0.5
Maharashtra,NANDED,2008,Kharif,Castor seed,1000,200,0.2
Maharashtra,NANDED,2008,Kharif,Cotton(lint),269300,191300,0.710360193
Maharashtra,NANDED,2008,Kharif,Groundnut,1000,500,0.5
Maharashtra,NANDED,2008,Kharif,Jowar,111300,105400,0.946990117
Maharashtra,NANDED,2008,Kharif,Maize,700,600,0.857142857
Maharashtra,NANDED,2008,Kharif,Moong(Green Gram),28800,10400,0.361111111
Maharashtra,NANDED,2008,Kharif,Niger seed,1300,200,0.153846154
Maharashtra,NANDED,2008,Kharif,Rice,8000,4200,0.525
Maharashtra,NANDED,2008,Kharif,Sesamum,2600,500,0.192307692
Maharashtra,NANDED,2008,Kharif,Soyabean,163200,129900,0.795955882
Maharashtra,NANDED,2008,Kharif,Sugarcane,19200,1113900,58.015625
Maharashtra,NANDED,2008,Kharif,Sunflower,3100,1600,0.516129032
Maharashtra,NANDED,2008,Kharif,Urad,40200,14100,0.350746269
Maharashtra,NANDED,2008,Rabi,Gram,44300,31500,0.711060948
Maharashtra,NANDED,2008,Rabi,Jowar,27400,22100,0.806569343
Maharashtra,NANDED,2008,Rabi,Linseed,100,100,1
Maharashtra,NANDED,2008,Rabi,Maize,2,4,2
Maharashtra,NANDED,2008,Rabi,Rapeseed &Mustard,200,100,0.5
Maharashtra,NANDED,2008,Rabi,Safflower,7100,3600,0.507042254
Maharashtra,NANDED,2008,Rabi,Sesamum,100,100,1
Maharashtra,NANDED,2008,Rabi,Sunflower,7800,4900,0.628205128
Maharashtra,NANDED,2008,Rabi,Wheat,19800,27000,1.363636364
Maharashtra,NANDED,2008,Whole Year,Sugarcane,19200,1113900,58.015625
Maharashtra,NANDED,2009,Kharif,Arhar/Tur,60200,43000,0.714285714
Maharashtra,NANDED,2009,Kharif,Castor seed,800,100,0.125
Maharashtra,NANDED,2009,Kharif,Cotton(lint),257400,197200,0.766122766
Maharashtra,NANDED,2009,Kharif,Groundnut,800,200,0.25
Maharashtra,NANDED,2009,Kharif,Jowar,125100,91600,0.732214229
Maharashtra,NANDED,2009,Kharif,Maize,600,700,1.166666667
Maharashtra,NANDED,2009,Kharif,Moong(Green Gram),33000,4600,0.139393939
Maharashtra,NANDED,2009,Kharif,Niger seed,900,100,0.111111111
Maharashtra,NANDED,2009,Kharif,Rice,5600,1500,0.267857143
Maharashtra,NANDED,2009,Kharif,Sesamum,2400,400,0.166666667
Maharashtra,NANDED,2009,Kharif,Soyabean,188300,86100,0.457249071
Maharashtra,NANDED,2009,Kharif,Sugarcane,12900,621300,48.1627907
Maharashtra,NANDED,2009,Kharif,Sunflower,2900,1200,0.413793103
Maharashtra,NANDED,2009,Kharif,Urad,50200,7200,0.143426295
Maharashtra,NANDED,2009,Rabi,Gram,48400,34800,0.719008264
Maharashtra,NANDED,2009,Rabi,Jowar,29600,21900,0.739864865
Maharashtra,NANDED,2009,Rabi,Linseed,100,22,0.22
Maharashtra,NANDED,2009,Rabi,Maize,500,200,0.4
Maharashtra,NANDED,2009,Rabi,Safflower,7500,3700,0.493333333
Maharashtra,NANDED,2009,Rabi,Sunflower,6100,3800,0.62295082
Maharashtra,NANDED,2009,Rabi,Wheat,19100,19800,1.036649215
Maharashtra,NANDED,2010,Kharif,Arhar/Tur,68300,40400,0.591508053
Maharashtra,NANDED,2010,Kharif,Castor seed,600,200,0.333333333
Maharashtra,NANDED,2010,Kharif,Cotton(lint),302100,462200,1.529956968
Maharashtra,NANDED,2010,Kharif,Groundnut,300,200,0.666666667
Maharashtra,NANDED,2010,Kharif,Jowar,126500,133500,1.055335968
Maharashtra,NANDED,2010,Kharif,Maize,700,600,0.857142857
Maharashtra,NANDED,2010,Kharif,Moong(Green Gram),35500,23400,0.65915493
Maharashtra,NANDED,2010,Kharif,Niger seed,1100,300,0.272727273
Maharashtra,NANDED,2010,Kharif,Rice,5200,2700,0.519230769
Maharashtra,NANDED,2010,Kharif,Sesamum,2900,800,0.275862069
Maharashtra,NANDED,2010,Kharif,Soyabean,181200,268400,1.481236203
Maharashtra,NANDED,2010,Kharif,Sugarcane,13700,827500,60.40145985
Maharashtra,NANDED,2010,Kharif,Sunflower,2000,1100,0.55
Maharashtra,NANDED,2010,Kharif,Urad,57500,44000,0.765217391
Maharashtra,NANDED,2010,Rabi,Gram,52900,53800,1.017013233
Maharashtra,NANDED,2010,Rabi,Jowar,29200,27900,0.955479452
Maharashtra,NANDED,2010,Rabi,Maize,400,800,2
Maharashtra,NANDED,2010,Rabi,Rapeseed &Mustard,100,30,0.3
Maharashtra,NANDED,2010,Rabi,Safflower,5600,3000,0.535714286
Maharashtra,NANDED,2010,Rabi,Sesamum,200,100,0.5
Maharashtra,NANDED,2010,Rabi,Sunflower,4400,3000,0.681818182
Maharashtra,NANDED,2010,Rabi,Wheat,49000,82700,1.687755102
Maharashtra,NANDED,2011,Kharif,Arhar/Tur,66500,42700,0.642105263
Maharashtra,NANDED,2011,Kharif,Castor seed,500,100,0.2
Maharashtra,NANDED,2011,Kharif,Cotton(lint),326600,520900,1.59491733
Maharashtra,NANDED,2011,Kharif,Groundnut,100,100,1
Maharashtra,NANDED,2011,Kharif,Jowar,129300,167400,1.294663573
Maharashtra,NANDED,2011,Kharif,Maize,500,600,1.2
Maharashtra,NANDED,2011,Kharif,Moong(Green Gram),28900,14500,0.501730104
Maharashtra,NANDED,2011,Kharif,Niger seed,800,200,0.25
Maharashtra,NANDED,2011,Kharif,Other Kharif pulses,500,100,0.2
Maharashtra,NANDED,2011,Kharif,Rice,4000,1500,0.375
Maharashtra,NANDED,2011,Kharif,Sesamum,2700,600,0.222222222
Maharashtra,NANDED,2011,Kharif,Soyabean,183000,233800,1.277595628
Maharashtra,NANDED,2011,Kharif,Sunflower,1500,900,0.6
Maharashtra,NANDED,2011,Kharif,Urad,47000,28300,0.60212766
Maharashtra,NANDED,2011,Rabi,Gram,54500,42600,0.781651376
Maharashtra,NANDED,2011,Rabi,Jowar,28200,26500,0.939716312
Maharashtra,NANDED,2011,Rabi,Maize,400,1000,2.5
Maharashtra,NANDED,2011,Rabi,Rapeseed &Mustard,200,100,0.5
Maharashtra,NANDED,2011,Rabi,Safflower,4200,2400,0.571428571
Maharashtra,NANDED,2011,Rabi,Sesamum,100,30,0.3
Maharashtra,NANDED,2011,Rabi,Sunflower,2500,1700,0.68
Maharashtra,NANDED,2011,Rabi,Wheat,31100,54100,1.739549839
Maharashtra,NANDED,2011,Summer,Groundnut,7700,7700,1
Maharashtra,NANDED,2011,Summer,Maize,200,200,1
Maharashtra,NANDED,2011,Summer,Sunflower,900,400,0.444444444
Maharashtra,NANDED,2011,Whole Year,Sugarcane,23900,1752000,73.30543933
Maharashtra,NANDED,2012,Kharif,Arhar/Tur,64500,36900,0.572093023
Maharashtra,NANDED,2012,Kharif,Castor seed,2800,800,0.285714286
Maharashtra,NANDED,2012,Kharif,Cotton(lint),326600,527200,1.614206981
Maharashtra,NANDED,2012,Kharif,Groundnut,100,100,1
Maharashtra,NANDED,2012,Kharif,Jowar,129400,157600,1.217928903
Maharashtra,NANDED,2012,Kharif,Maize,500,500,1
Maharashtra,NANDED,2012,Kharif,Moong(Green Gram),28200,18900,0.670212766
Maharashtra,NANDED,2012,Kharif,Niger seed,500,100,0.2
Maharashtra,NANDED,2012,Kharif,Other Kharif pulses,5000,600,0.12
Maharashtra,NANDED,2012,Kharif,Rice,4000,2100,0.525
Maharashtra,NANDED,2012,Kharif,Sesamum,2200,600,0.272727273
Maharashtra,NANDED,2012,Kharif,Soyabean,185000,283400,1.531891892
Maharashtra,NANDED,2012,Kharif,Sunflower,600,300,0.5
Maharashtra,NANDED,2012,Kharif,Urad,48900,39400,0.805725971
Maharashtra,NANDED,2012,Rabi,Gram,54700,66000,1.206581353
Maharashtra,NANDED,2012,Rabi,Jowar,22600,19300,0.853982301
Maharashtra,NANDED,2012,Rabi,Maize,300,700,2.333333333
Maharashtra,NANDED,2012,Rabi,Other  Rabi pulses,100,40,0.4
Maharashtra,NANDED,2012,Rabi,Rapeseed &Mustard,300,100,0.333333333
Maharashtra,NANDED,2012,Rabi,Safflower,6700,5000,0.746268657
Maharashtra,NANDED,2012,Rabi,Sesamum,400,100,0.25
Maharashtra,NANDED,2012,Rabi,Sunflower,200,100,0.5
Maharashtra,NANDED,2012,Rabi,Wheat,30400,43500,1.430921053
Maharashtra,NANDED,2012,Summer,Groundnut,5200,5800,1.115384615
Maharashtra,NANDED,2012,Summer,Sunflower,600,500,0.833333333
Maharashtra,NANDED,2012,Whole Year,Sugarcane,12800,1047900,81.8671875
Maharashtra,NANDED,2013,Kharif,Arhar/Tur,71600,46100,0.643854749
Maharashtra,NANDED,2013,Kharif,Cotton(lint),321100,360900,1.123948926
Maharashtra,NANDED,2013,Kharif,Jowar,88300,71300,0.807474519
Maharashtra,NANDED,2013,Kharif,Maize,400,500,1.25
Maharashtra,NANDED,2013,Kharif,Moong(Green Gram),28200,15200,0.539007092
Maharashtra,NANDED,2013,Kharif,Niger seed,500,100,0.2
Maharashtra,NANDED,2013,Kharif,Other Kharif pulses,300,100,0.333333333
Maharashtra,NANDED,2013,Kharif,Rice,800,400,0.5
Maharashtra,NANDED,2013,Kharif,Sesamum,1400,200,0.142857143
Maharashtra,NANDED,2013,Kharif,Soyabean,213200,274400,1.287054409
Maharashtra,NANDED,2013,Kharif,Sunflower,700,400,0.571428571
Maharashtra,NANDED,2013,Kharif,Urad,49600,32700,0.659274194
Maharashtra,NANDED,2013,Rabi,Gram,65300,59600,0.912710567
Maharashtra,NANDED,2013,Rabi,Jowar,28800,21100,0.732638889
Maharashtra,NANDED,2013,Rabi,Maize,100,100,1
Maharashtra,NANDED,2013,Rabi,Safflower,7400,4600,0.621621622
Maharashtra,NANDED,2013,Rabi,Sesamum,500,100,0.2
Maharashtra,NANDED,2013,Rabi,Sunflower,200,100,0.5
Maharashtra,NANDED,2013,Rabi,Wheat,38900,43800,1.12596401
Maharashtra,NANDED,2013,Summer,Groundnut,7300,9000,1.232876712
Maharashtra,NANDED,2013,Summer,Maize,2200,2100,0.954545455
Maharashtra,NANDED,2013,Summer,Sunflower,800,800,1
Maharashtra,NANDED,2013,Whole Year,Sugarcane,12200,1020700,83.66393443
Maharashtra,NANDED,2014,Kharif,Arhar/Tur,71600,14700,0.205307263
Maharashtra,NANDED,2014,Kharif,Castor seed,300,100,0.333333333
Maharashtra,NANDED,2014,Kharif,Cotton(lint),342300,176800,0.516505989
Maharashtra,NANDED,2014,Kharif,Groundnut,100,,
Maharashtra,NANDED,2014,Kharif,Jowar,88300,28600,0.32389581
Maharashtra,NANDED,2014,Kharif,Maize,700,300,0.428571429
Maharashtra,NANDED,2014,Kharif,Moong(Green Gram),23600,3900,0.165254237
Maharashtra,NANDED,2014,Kharif,Niger seed,400,,
Maharashtra,NANDED,2014,Kharif,Other Kharif pulses,200,,
Maharashtra,NANDED,2014,Kharif,Rice,800,100,0.125
Maharashtra,NANDED,2014,Kharif,Sesamum,1300,100,0.076923077
Maharashtra,NANDED,2014,Kharif,Soyabean,218900,64500,0.294655094
Maharashtra,NANDED,2014,Kharif,Sunflower,1300,300,0.230769231
Maharashtra,NANDED,2014,Rabi,Gram,51200,25700,0.501953125
Maharashtra,NANDED,2014,Rabi,Jowar,25600,13000,0.5078125
Maharashtra,NANDED,2014,Rabi,Maize,200,100,0.5
Maharashtra,NANDED,2014,Rabi,Other  Rabi pulses,100,,
Maharashtra,NANDED,2014,Rabi,Safflower,3100,900,0.290322581
Maharashtra,NANDED,2014,Rabi,Sesamum,100,,
Maharashtra,NANDED,2014,Rabi,Wheat,39500,29200,0.739240506
Maharashtra,NANDED,2014,Summer,Groundnut,5000,4300,0.86
Maharashtra,NANDED,2014,Summer,Maize,3000,3500,1.166666667
Maharashtra,NANDED,2014,Whole Year,Sugarcane,18800,1113200,59.21276596
Maharashtra,NANDURBAR,1999,Kharif,Arhar/Tur,23400,12000,0.512820513
Maharashtra,NANDURBAR,1999,Kharif,Cotton(lint),31600,31800,1.006329114
Maharashtra,NANDURBAR,1999,Kharif,Groundnut,12600,5800,0.46031746
Maharashtra,NANDURBAR,1999,Kharif,Maize,169,173,1.023668639
Maharashtra,NANDURBAR,1999,Kharif,Moong(Green Gram),200,100,0.5
Maharashtra,NANDURBAR,1999,Kharif,Niger seed,300,100,0.333333333
Maharashtra,NANDURBAR,1999,Kharif,Other Kharif pulses,2200,800,0.363636364
Maharashtra,NANDURBAR,1999,Kharif,Rice,179400,229400,1.2787068
Maharashtra,NANDURBAR,1999,Kharif,Sesamum,800,300,0.375
Maharashtra,NANDURBAR,1999,Kharif,Soyabean,2400,3100,1.291666667
Maharashtra,NANDURBAR,1999,Kharif,Sunflower,600,200,0.333333333
Maharashtra,NANDURBAR,1999,Kharif,Urad,23800,14900,0.62605042
Maharashtra,NANDURBAR,1999,Rabi,Gram,3100,1200,0.387096774
Maharashtra,NANDURBAR,1999,Rabi,Other  Rabi pulses,100,100,1
Maharashtra,NANDURBAR,1999,Rabi,Safflower,200,100,0.5
Maharashtra,NANDURBAR,1999,Rabi,Small millets,600,100,0.166666667
Maharashtra,NANDURBAR,1999,Rabi,Sunflower,300,200,0.666666667
Maharashtra,NANDURBAR,1999,Rabi,Wheat,4300,2400,0.558139535
Maharashtra,NANDURBAR,1999,Summer,Groundnut,14300,17700,1.237762238
Maharashtra,NANDURBAR,1999,Summer,Rice,10800,17400,1.611111111
Maharashtra,NANDURBAR,1999,Summer,Sunflower,200,100,0.5
Maharashtra,NANDURBAR,1999,Whole Year,Sugarcane,7500,455600,60.74666667
Maharashtra,NANDURBAR,2000,Kharif,Arhar/Tur,23000,9100,0.395652174
Maharashtra,NANDURBAR,2000,Kharif,Bajra,15900,6600,0.41509434
Maharashtra,NANDURBAR,2000,Kharif,Castor seed,400,100,0.25
Maharashtra,NANDURBAR,2000,Kharif,Cotton(lint),29600,17400,0.587837838
Maharashtra,NANDURBAR,2000,Kharif,Groundnut,10600,2600,0.245283019
Maharashtra,NANDURBAR,2000,Kharif,Jowar,36600,25100,0.68579235
Maharashtra,NANDURBAR,2000,Kharif,Maize,15900,9800,0.616352201
Maharashtra,NANDURBAR,2000,Kharif,Moong(Green Gram),17200,4600,0.26744186
Maharashtra,NANDURBAR,2000,Kharif,Niger seed,100,10,0.1
Maharashtra,NANDURBAR,2000,Kharif,Other Kharif pulses,24900,8800,0.353413655
Maharashtra,NANDURBAR,2000,Kharif,Ragi,400,200,0.5
Maharashtra,NANDURBAR,2000,Kharif,Rice,21000,4900,0.233333333
Maharashtra,NANDURBAR,2000,Kharif,Sesamum,1100,200,0.181818182
Maharashtra,NANDURBAR,2000,Kharif,Small millets,22400,13600,0.607142857
Maharashtra,NANDURBAR,2000,Kharif,Soyabean,2000,2200,1.1
Maharashtra,NANDURBAR,2000,Kharif,Sunflower,600,300,0.5
Maharashtra,NANDURBAR,2000,Kharif,Urad,20000,7500,0.375
Maharashtra,NANDURBAR,2000,Rabi,Gram,6800,2300,0.338235294
Maharashtra,NANDURBAR,2000,Rabi,Jowar,24900,9300,0.373493976
Maharashtra,NANDURBAR,2000,Rabi,Maize,200,200,1
Maharashtra,NANDURBAR,2000,Rabi,Rapeseed &Mustard,100,10,0.1
Maharashtra,NANDURBAR,2000,Rabi,Safflower,100,100,1
Maharashtra,NANDURBAR,2000,Rabi,Sunflower,200,100,0.5
Maharashtra,NANDURBAR,2000,Rabi,Wheat,6000,5400,0.9
Maharashtra,NANDURBAR,2000,Summer,Groundnut,3300,3700,1.121212121
Maharashtra,NANDURBAR,2000,Whole Year,Sugarcane,8200,572700,69.84146341
Maharashtra,NANDURBAR,2001,Kharif,Arhar/Tur,23600,7300,0.309322034
Maharashtra,NANDURBAR,2001,Kharif,Bajra,16600,18100,1.090361446
Maharashtra,NANDURBAR,2001,Kharif,Castor seed,500,200,0.4
Maharashtra,NANDURBAR,2001,Kharif,Cotton(lint),33100,23100,0.697885196
Maharashtra,NANDURBAR,2001,Kharif,Groundnut,9000,5400,0.6
Maharashtra,NANDURBAR,2001,Kharif,Jowar,34800,43200,1.24137931
Maharashtra,NANDURBAR,2001,Kharif,Maize,17000,24500,1.441176471
Maharashtra,NANDURBAR,2001,Kharif,Moong(Green Gram),18700,12900,0.689839572
Maharashtra,NANDURBAR,2001,Kharif,Niger seed,200,100,0.5
Maharashtra,NANDURBAR,2001,Kharif,Other Kharif pulses,11700,3000,0.256410256
Maharashtra,NANDURBAR,2001,Kharif,Ragi,400,400,1
Maharashtra,NANDURBAR,2001,Kharif,Rice,20000,12300,0.615
Maharashtra,NANDURBAR,2001,Kharif,Sesamum,900,300,0.333333333
Maharashtra,NANDURBAR,2001,Kharif,Small millets,10300,6500,0.631067961
Maharashtra,NANDURBAR,2001,Kharif,Soyabean,2100,1900,0.904761905
Maharashtra,NANDURBAR,2001,Kharif,Sunflower,900,300,0.333333333
Maharashtra,NANDURBAR,2001,Kharif,Urad,21400,15100,0.705607477
Maharashtra,NANDURBAR,2001,Rabi,Gram,9800,4500,0.459183673
Maharashtra,NANDURBAR,2001,Rabi,Jowar,25400,20000,0.787401575
Maharashtra,NANDURBAR,2001,Rabi,Rapeseed &Mustard,100,100,1
Maharashtra,NANDURBAR,2001,Rabi,Small millets,400,200,0.5
Maharashtra,NANDURBAR,2001,Rabi,Sunflower,100,100,1
Maharashtra,NANDURBAR,2001,Rabi,Wheat,6400,7400,1.15625
Maharashtra,NANDURBAR,2001,Summer,Groundnut,3700,3900,1.054054054
Maharashtra,NANDURBAR,2001,Whole Year,Sugarcane,5900,356100,60.3559322
Maharashtra,NANDURBAR,2002,Kharif,Arhar/Tur,23100,6300,0.272727273
Maharashtra,NANDURBAR,2002,Kharif,Bajra,16600,11800,0.710843373
Maharashtra,NANDURBAR,2002,Kharif,Castor seed,200,10,0.05
Maharashtra,NANDURBAR,2002,Kharif,Cotton(lint),34200,22800,0.666666667
Maharashtra,NANDURBAR,2002,Kharif,Groundnut,8400,4500,0.535714286
Maharashtra,NANDURBAR,2002,Kharif,Jowar,32600,36700,1.125766871
Maharashtra,NANDURBAR,2002,Kharif,Maize,16500,20700,1.254545455
Maharashtra,NANDURBAR,2002,Kharif,Moong(Green Gram),17800,13600,0.764044944
Maharashtra,NANDURBAR,2002,Kharif,Niger seed,100,10,0.1
Maharashtra,NANDURBAR,2002,Kharif,Other Kharif pulses,9400,2100,0.223404255
Maharashtra,NANDURBAR,2002,Kharif,Ragi,300,200,0.666666667
Maharashtra,NANDURBAR,2002,Kharif,Rice,19800,14500,0.732323232
Maharashtra,NANDURBAR,2002,Kharif,Sesamum,500,200,0.4
Maharashtra,NANDURBAR,2002,Kharif,Small millets,5100,3200,0.62745098
Maharashtra,NANDURBAR,2002,Kharif,Soyabean,1600,2500,1.5625
Maharashtra,NANDURBAR,2002,Kharif,Sunflower,400,200,0.5
Maharashtra,NANDURBAR,2002,Kharif,Urad,21700,13300,0.612903226
Maharashtra,NANDURBAR,2002,Rabi,Gram,11500,7400,0.643478261
Maharashtra,NANDURBAR,2002,Rabi,Jowar,23700,21900,0.924050633
Maharashtra,NANDURBAR,2002,Rabi,Maize,200,300,1.5
Maharashtra,NANDURBAR,2002,Rabi,Rapeseed &Mustard,100,100,1
Maharashtra,NANDURBAR,2002,Rabi,Small millets,200,0,0
Maharashtra,NANDURBAR,2002,Rabi,Sunflower,100,100,1
Maharashtra,NANDURBAR,2002,Rabi,Wheat,7900,10000,1.265822785
Maharashtra,NANDURBAR,2002,Summer,Groundnut,5500,10400,1.890909091
Maharashtra,NANDURBAR,2002,Summer,Maize,100,100,1
Maharashtra,NANDURBAR,2002,Whole Year,Sugarcane,6000,418000,69.66666667
Maharashtra,NANDURBAR,2003,Kharif,Arhar/Tur,23400,7900,0.337606838
Maharashtra,NANDURBAR,2003,Kharif,Bajra,19100,19500,1.020942408
Maharashtra,NANDURBAR,2003,Kharif,Cotton(lint),36200,40900,1.129834254
Maharashtra,NANDURBAR,2003,Kharif,Groundnut,8500,7200,0.847058824
Maharashtra,NANDURBAR,2003,Kharif,Jowar,30200,48300,1.599337748
Maharashtra,NANDURBAR,2003,Kharif,Maize,17400,34200,1.965517241
Maharashtra,NANDURBAR,2003,Kharif,Moong(Green Gram),16000,15000,0.9375
Maharashtra,NANDURBAR,2003,Kharif,Niger seed,100,100,1
Maharashtra,NANDURBAR,2003,Kharif,Other Kharif pulses,9100,2700,0.296703297
Maharashtra,NANDURBAR,2003,Kharif,other oilseeds,200,100,0.5
Maharashtra,NANDURBAR,2003,Kharif,Ragi,300,300,1
Maharashtra,NANDURBAR,2003,Kharif,Rice,22400,17700,0.790178571
Maharashtra,NANDURBAR,2003,Kharif,Sesamum,500,200,0.4
Maharashtra,NANDURBAR,2003,Kharif,Small millets,6400,3000,0.46875
Maharashtra,NANDURBAR,2003,Kharif,Soyabean,1400,2100,1.5
Maharashtra,NANDURBAR,2003,Kharif,Sunflower,400,100,0.25
Maharashtra,NANDURBAR,2003,Kharif,Urad,18900,18400,0.973544974
Maharashtra,NANDURBAR,2003,Rabi,Gram,12400,9100,0.733870968
Maharashtra,NANDURBAR,2003,Rabi,Jowar,24200,20100,0.830578512
Maharashtra,NANDURBAR,2003,Rabi,Maize,800,1300,1.625
Maharashtra,NANDURBAR,2003,Rabi,Rapeseed &Mustard,100,0,0
Maharashtra,NANDURBAR,2003,Rabi,Small millets,100,0,0
Maharashtra,NANDURBAR,2003,Rabi,Sunflower,100,100,1
Maharashtra,NANDURBAR,2003,Rabi,Wheat,9200,15200,1.652173913
Maharashtra,NANDURBAR,2003,Summer,Groundnut,7900,12000,1.518987342
Maharashtra,NANDURBAR,2003,Whole Year,Banana,3100,218170,70.37741935
Maharashtra,NANDURBAR,2003,Whole Year,Onion,1570,21023,13.39044586
Maharashtra,NANDURBAR,2003,Whole Year,Sugarcane,4000,248100,62.025
Maharashtra,NANDURBAR,2003,Whole Year,Tomato,135,331,2.451851852
Maharashtra,NANDURBAR,2004,Kharif,Arhar/Tur,22700,8100,0.356828194
Maharashtra,NANDURBAR,2004,Kharif,Bajra,17100,9700,0.567251462
Maharashtra,NANDURBAR,2004,Kharif,Groundnut,8800,5400,0.613636364
Maharashtra,NANDURBAR,2004,Kharif,Jowar,29700,28200,0.949494949
Maharashtra,NANDURBAR,2004,Kharif,Maize,19900,27900,1.40201005
Maharashtra,NANDURBAR,2004,Kharif,Moong(Green Gram),15900,7300,0.459119497
Maharashtra,NANDURBAR,2004,Kharif,Niger seed,100,100,1
Maharashtra,NANDURBAR,2004,Kharif,Other Cereals & Millets,8800,7000,0.795454545
Maharashtra,NANDURBAR,2004,Kharif,Other Kharif pulses,6900,1900,0.275362319
Maharashtra,NANDURBAR,2004,Kharif,other oilseeds,900,400,0.444444444
Maharashtra,NANDURBAR,2004,Kharif,Ragi,300,300,1
Maharashtra,NANDURBAR,2004,Kharif,Rice,21200,9700,0.45754717
Maharashtra,NANDURBAR,2004,Kharif,Sesamum,700,200,0.285714286
Maharashtra,NANDURBAR,2004,Kharif,Sunflower,900,500,0.555555556
Maharashtra,NANDURBAR,2004,Kharif,Urad,18800,6800,0.361702128
Maharashtra,NANDURBAR,2004,Rabi,Gram,13400,8100,0.604477612
Maharashtra,NANDURBAR,2004,Rabi,Jowar,28500,22900,0.803508772
Maharashtra,NANDURBAR,2004,Rabi,Maize,300,700,2.333333333
Maharashtra,NANDURBAR,2004,Rabi,Other Cereals & Millets,100,,
Maharashtra,NANDURBAR,2004,Rabi,Rapeseed &Mustard,200,100,0.5
Maharashtra,NANDURBAR,2004,Rabi,Safflower,400,200,0.5
Maharashtra,NANDURBAR,2004,Rabi,Soyabean,4000,5100,1.275
Maharashtra,NANDURBAR,2004,Rabi,Sunflower,200,100,0.5
Maharashtra,NANDURBAR,2004,Rabi,Wheat,10900,15200,1.394495413
Maharashtra,NANDURBAR,2004,Summer,Groundnut,8900,11500,1.292134831
Maharashtra,NANDURBAR,2004,Summer,Maize,100,100,1
Maharashtra,NANDURBAR,2004,Summer,Sunflower,100,100,1
Maharashtra,NANDURBAR,2004,Whole Year,Cotton(lint),38100,34400,0.902887139
Maharashtra,NANDURBAR,2004,Whole Year,Sugarcane,4200,256600,61.0952381
Maharashtra,NANDURBAR,2005,Kharif,Arhar/Tur,23900,10900,0.456066946
Maharashtra,NANDURBAR,2005,Kharif,Bajra,13500,10300,0.762962963
Maharashtra,NANDURBAR,2005,Kharif,Castor seed,1200,400,0.333333333
Maharashtra,NANDURBAR,2005,Kharif,Cotton(lint),34900,50400,1.444126074
Maharashtra,NANDURBAR,2005,Kharif,Groundnut,8500,6200,0.729411765
Maharashtra,NANDURBAR,2005,Kharif,Moong(Green Gram),15300,5800,0.379084967
Maharashtra,NANDURBAR,2005,Kharif,Niger seed,100,100,1
Maharashtra,NANDURBAR,2005,Kharif,Ragi,200,200,1
Maharashtra,NANDURBAR,2005,Kharif,Rice,19700,30900,1.568527919
Maharashtra,NANDURBAR,2005,Kharif,Sesamum,700,200,0.285714286
Maharashtra,NANDURBAR,2005,Kharif,Soyabean,6300,8800,1.396825397
Maharashtra,NANDURBAR,2005,Kharif,Sugarcane,5600,356000,63.57142857
Maharashtra,NANDURBAR,2005,Kharif,Sunflower,800,500,0.625
Maharashtra,NANDURBAR,2005,Kharif,Urad,16200,7600,0.469135802
Maharashtra,NANDURBAR,2005,Rabi,Gram,16500,11800,0.715151515
Maharashtra,NANDURBAR,2005,Rabi,Safflower,300,100,0.333333333
Maharashtra,NANDURBAR,2005,Rabi,Sunflower,400,200,0.5
Maharashtra,NANDURBAR,2005,Rabi,Wheat,12000,24300,2.025
Maharashtra,NANDURBAR,2005,Summer,Groundnut,8900,17600,1.97752809
Maharashtra,NANDURBAR,2005,Summer,Sunflower,100,100,1
Maharashtra,NANDURBAR,2006,Kharif,Arhar/Tur,24400,9900,0.405737705
Maharashtra,NANDURBAR,2006,Kharif,Bajra,13200,8300,0.628787879
Maharashtra,NANDURBAR,2006,Kharif,Castor seed,1200,100,0.083333333
Maharashtra,NANDURBAR,2006,Kharif,Cotton(lint),34700,31300,0.902017291
Maharashtra,NANDURBAR,2006,Kharif,Groundnut,9900,7900,0.797979798
Maharashtra,NANDURBAR,2006,Kharif,Jowar,28200,27300,0.968085106
Maharashtra,NANDURBAR,2006,Kharif,Maize,24600,30300,1.231707317
Maharashtra,NANDURBAR,2006,Kharif,Moong(Green Gram),16700,6200,0.371257485
Maharashtra,NANDURBAR,2006,Kharif,Ragi,100,100,1
Maharashtra,NANDURBAR,2006,Kharif,Rice,20000,16900,0.845
Maharashtra,NANDURBAR,2006,Kharif,Sesamum,400,100,0.25
Maharashtra,NANDURBAR,2006,Kharif,Soyabean,9300,8600,0.924731183
Maharashtra,NANDURBAR,2006,Kharif,Sunflower,400,200,0.5
Maharashtra,NANDURBAR,2006,Kharif,Urad,17300,7000,0.404624277
Maharashtra,NANDURBAR,2006,Rabi,Gram,17800,12300,0.691011236
Maharashtra,NANDURBAR,2006,Rabi,Jowar,31400,25300,0.805732484
Maharashtra,NANDURBAR,2006,Rabi,Maize,500,900,1.8
Maharashtra,NANDURBAR,2006,Rabi,Rapeseed &Mustard,100,100,1
Maharashtra,NANDURBAR,2006,Rabi,Safflower,300,100,0.333333333
Maharashtra,NANDURBAR,2006,Rabi,Sunflower,400,200,0.5
Maharashtra,NANDURBAR,2006,Rabi,Wheat,14200,31600,2.225352113
Maharashtra,NANDURBAR,2006,Summer,Groundnut,8900,14400,1.617977528
Maharashtra,NANDURBAR,2006,Summer,Maize,400,500,1.25
Maharashtra,NANDURBAR,2006,Summer,Sunflower,100,100,1
Maharashtra,NANDURBAR,2007,Kharif,Arhar/Tur,288,220,0.763888889
Maharashtra,NANDURBAR,2007,Kharif,Bajra,147,211,1.43537415
Maharashtra,NANDURBAR,2007,Kharif,Castor seed,6,3,0.5
Maharashtra,NANDURBAR,2007,Kharif,Cotton(lint),461,1076,2.334056399
Maharashtra,NANDURBAR,2007,Kharif,Groundnut,93,97,1.043010753
Maharashtra,NANDURBAR,2007,Kharif,Jowar,269,494,1.836431227
Maharashtra,NANDURBAR,2007,Kharif,Maize,298,697,2.338926174
Maharashtra,NANDURBAR,2007,Kharif,Moong(Green Gram),166,95,0.572289157
Maharashtra,NANDURBAR,2007,Kharif,Rice,210,312,1.485714286
Maharashtra,NANDURBAR,2007,Kharif,Sesamum,5,2,0.4
Maharashtra,NANDURBAR,2007,Kharif,Soyabean,162,224,1.382716049
Maharashtra,NANDURBAR,2007,Kharif,Sunflower,5,4,0.8
Maharashtra,NANDURBAR,2007,Kharif,Urad,197,126,0.639593909
Maharashtra,NANDURBAR,2007,Rabi,Gram,176,187,1.0625
Maharashtra,NANDURBAR,2007,Rabi,Jowar,283,358,1.265017668
Maharashtra,NANDURBAR,2007,Rabi,Maize,5,13,2.6
Maharashtra,NANDURBAR,2007,Rabi,Safflower,3,2,0.666666667
Maharashtra,NANDURBAR,2007,Rabi,Sunflower,2,1,0.5
Maharashtra,NANDURBAR,2007,Rabi,Wheat,148,380,2.567567568
Maharashtra,NANDURBAR,2007,Summer,Groundnut,67,95,1.417910448
Maharashtra,NANDURBAR,2007,Summer,Maize,5,7,1.4
Maharashtra,NANDURBAR,2007,Summer,Sunflower,3,2,0.666666667
Maharashtra,NANDURBAR,2007,Whole Year,Sugarcane,243,17942,73.83539095
Maharashtra,NANDURBAR,2008,Kharif,Arhar/Tur,18300,10500,0.573770492
Maharashtra,NANDURBAR,2008,Kharif,Bajra,15000,21200,1.413333333
Maharashtra,NANDURBAR,2008,Kharif,Castor seed,400,200,0.5
Maharashtra,NANDURBAR,2008,Kharif,Cotton(lint),56900,107600,1.891036907
Maharashtra,NANDURBAR,2008,Kharif,Groundnut,6100,4600,0.754098361
Maharashtra,NANDURBAR,2008,Kharif,Jowar,27200,50700,1.863970588
Maharashtra,NANDURBAR,2008,Kharif,Maize,26100,52100,1.996168582
Maharashtra,NANDURBAR,2008,Kharif,Moong(Green Gram),12600,6600,0.523809524
Maharashtra,NANDURBAR,2008,Kharif,Niger seed,100,100,1
Maharashtra,NANDURBAR,2008,Kharif,Ragi,400,300,0.75
Maharashtra,NANDURBAR,2008,Kharif,Rice,20400,21900,1.073529412
Maharashtra,NANDURBAR,2008,Kharif,Sesamum,500,100,0.2
Maharashtra,NANDURBAR,2008,Kharif,Soyabean,27100,34500,1.273062731
Maharashtra,NANDURBAR,2008,Kharif,Sugarcane,11000,810900,73.71818182
Maharashtra,NANDURBAR,2008,Kharif,Sunflower,700,400,0.571428571
Maharashtra,NANDURBAR,2008,Kharif,Urad,15600,8700,0.557692308
Maharashtra,NANDURBAR,2008,Rabi,Gram,18100,15900,0.878453039
Maharashtra,NANDURBAR,2008,Rabi,Jowar,27100,29200,1.077490775
Maharashtra,NANDURBAR,2008,Rabi,Maize,6,17,2.833333333
Maharashtra,NANDURBAR,2008,Rabi,Rapeseed &Mustard,300,100,0.333333333
Maharashtra,NANDURBAR,2008,Rabi,Safflower,600,300,0.5
Maharashtra,NANDURBAR,2008,Rabi,Sunflower,300,200,0.666666667
Maharashtra,NANDURBAR,2008,Rabi,Wheat,9400,19900,2.117021277
Maharashtra,NANDURBAR,2008,Whole Year,Sugarcane,11000,810900,73.71818182
Maharashtra,NANDURBAR,2009,Kharif,Arhar/Tur,20100,10500,0.52238806
Maharashtra,NANDURBAR,2009,Kharif,Bajra,15600,12800,0.820512821
Maharashtra,NANDURBAR,2009,Kharif,Castor seed,400,100,0.25
Maharashtra,NANDURBAR,2009,Kharif,Cotton(lint),54500,107500,1.972477064
Maharashtra,NANDURBAR,2009,Kharif,Groundnut,7600,3700,0.486842105
Maharashtra,NANDURBAR,2009,Kharif,Jowar,27700,36200,1.306859206
Maharashtra,NANDURBAR,2009,Kharif,Maize,27400,61000,2.226277372
Maharashtra,NANDURBAR,2009,Kharif,Moong(Green Gram),14200,5500,0.387323944
Maharashtra,NANDURBAR,2009,Kharif,Ragi,400,200,0.5
Maharashtra,NANDURBAR,2009,Kharif,Rice,18700,12900,0.689839572
Maharashtra,NANDURBAR,2009,Kharif,Sesamum,400,100,0.25
Maharashtra,NANDURBAR,2009,Kharif,Soyabean,30000,39800,1.326666667
Maharashtra,NANDURBAR,2009,Kharif,Sugarcane,9700,675400,69.62886598
Maharashtra,NANDURBAR,2009,Kharif,Sunflower,300,100,0.333333333
Maharashtra,NANDURBAR,2009,Kharif,Urad,16100,7200,0.447204969
Maharashtra,NANDURBAR,2009,Rabi,Gram,24100,23500,0.975103734
Maharashtra,NANDURBAR,2009,Rabi,Jowar,29700,33700,1.134680135
Maharashtra,NANDURBAR,2009,Rabi,Maize,800,2400,3
Maharashtra,NANDURBAR,2009,Rabi,Rapeseed &Mustard,200,200,1
Maharashtra,NANDURBAR,2009,Rabi,Safflower,500,400,0.8
Maharashtra,NANDURBAR,2009,Rabi,Sunflower,400,200,0.5
Maharashtra,NANDURBAR,2009,Rabi,Wheat,21100,49700,2.355450237
Maharashtra,NANDURBAR,2010,Kharif,Arhar/Tur,20100,14600,0.726368159
Maharashtra,NANDURBAR,2010,Kharif,Bajra,16200,24100,1.487654321
Maharashtra,NANDURBAR,2010,Kharif,Castor seed,1100,400,0.363636364
Maharashtra,NANDURBAR,2010,Kharif,Cotton(lint),56000,116600,2.082142857
Maharashtra,NANDURBAR,2010,Kharif,Groundnut,8600,7200,0.837209302
Maharashtra,NANDURBAR,2010,Kharif,Jowar,27600,45000,1.630434783
Maharashtra,NANDURBAR,2010,Kharif,Maize,28400,72000,2.535211268
Maharashtra,NANDURBAR,2010,Kharif,Moong(Green Gram),14000,9800,0.7
Maharashtra,NANDURBAR,2010,Kharif,Ragi,400,200,0.5
Maharashtra,NANDURBAR,2010,Kharif,Rice,23400,24700,1.055555556
Maharashtra,NANDURBAR,2010,Kharif,Sesamum,600,300,0.5
Maharashtra,NANDURBAR,2010,Kharif,Soyabean,33100,53600,1.619335347
Maharashtra,NANDURBAR,2010,Kharif,Sugarcane,10200,738500,72.40196078
Maharashtra,NANDURBAR,2010,Kharif,Sunflower,300,100,0.333333333
Maharashtra,NANDURBAR,2010,Kharif,Urad,15900,11200,0.704402516
Maharashtra,NANDURBAR,2010,Rabi,Gram,27100,30200,1.114391144
Maharashtra,NANDURBAR,2010,Rabi,Jowar,32700,41000,1.25382263
Maharashtra,NANDURBAR,2010,Rabi,Maize,1000,2900,2.9
Maharashtra,NANDURBAR,2010,Rabi,Rapeseed &Mustard,200,100,0.5
Maharashtra,NANDURBAR,2010,Rabi,Safflower,600,600,1
Maharashtra,NANDURBAR,2010,Rabi,Sunflower,600,300,0.5
Maharashtra,NANDURBAR,2010,Rabi,Wheat,22700,54300,2.392070485
Maharashtra,NANDURBAR,2011,Kharif,Arhar/Tur,20700,9800,0.473429952
Maharashtra,NANDURBAR,2011,Kharif,Bajra,12600,15300,1.214285714
Maharashtra,NANDURBAR,2011,Kharif,Castor seed,200,100,0.5
Maharashtra,NANDURBAR,2011,Kharif,Cotton(lint),57200,81300,1.421328671
Maharashtra,NANDURBAR,2011,Kharif,Groundnut,5800,5900,1.017241379
Maharashtra,NANDURBAR,2011,Kharif,Jowar,25200,60100,2.384920635
Maharashtra,NANDURBAR,2011,Kharif,Maize,29200,88100,3.017123288
Maharashtra,NANDURBAR,2011,Kharif,Moong(Green Gram),13000,11300,0.869230769
Maharashtra,NANDURBAR,2011,Kharif,Other Kharif pulses,3000,1500,0.5
Maharashtra,NANDURBAR,2011,Kharif,Rice,19400,31700,1.634020619
Maharashtra,NANDURBAR,2011,Kharif,Soyabean,32300,57500,1.780185759
Maharashtra,NANDURBAR,2011,Kharif,Urad,15000,12700,0.846666667
Maharashtra,NANDURBAR,2011,Rabi,Gram,15300,16200,1.058823529
Maharashtra,NANDURBAR,2011,Rabi,Jowar,23400,30400,1.299145299
Maharashtra,NANDURBAR,2011,Rabi,Maize,1300,3700,2.846153846
Maharashtra,NANDURBAR,2011,Rabi,Other  Rabi pulses,100,40,0.4
Maharashtra,NANDURBAR,2011,Rabi,Rapeseed &Mustard,500,200,0.4
Maharashtra,NANDURBAR,2011,Rabi,Wheat,18000,48100,2.672222222
Maharashtra,NANDURBAR,2011,Summer,Groundnut,6900,9400,1.362318841
Maharashtra,NANDURBAR,2011,Summer,Maize,1400,1800,1.285714286
Maharashtra,NANDURBAR,2011,Summer,Sunflower,400,500,1.25
Maharashtra,NANDURBAR,2011,Whole Year,Sugarcane,8300,778700,93.81927711
Maharashtra,NANDURBAR,2012,Kharif,Arhar/Tur,18700,7100,0.379679144
Maharashtra,NANDURBAR,2012,Kharif,Bajra,12200,16000,1.31147541
Maharashtra,NANDURBAR,2012,Kharif,Castor seed,200,100,0.5
Maharashtra,NANDURBAR,2012,Kharif,Cotton(lint),79200,96500,1.218434343
Maharashtra,NANDURBAR,2012,Kharif,Groundnut,4200,4000,0.952380952
Maharashtra,NANDURBAR,2012,Kharif,Jowar,27100,53900,1.988929889
Maharashtra,NANDURBAR,2012,Kharif,Maize,32000,84700,2.646875
Maharashtra,NANDURBAR,2012,Kharif,Moong(Green Gram),13000,12100,0.930769231
Maharashtra,NANDURBAR,2012,Kharif,Other Kharif pulses,1400,600,0.428571429
Maharashtra,NANDURBAR,2012,Kharif,Rice,19500,28400,1.456410256
Maharashtra,NANDURBAR,2012,Kharif,Soyabean,24400,49200,2.016393443
Maharashtra,NANDURBAR,2012,Kharif,Urad,15000,14500,0.966666667
Maharashtra,NANDURBAR,2012,Rabi,Gram,19300,15700,0.813471503
Maharashtra,NANDURBAR,2012,Rabi,Jowar,25900,28300,1.092664093
Maharashtra,NANDURBAR,2012,Rabi,Maize,1600,4400,2.75
Maharashtra,NANDURBAR,2012,Rabi,Other  Rabi pulses,400,100,0.25
Maharashtra,NANDURBAR,2012,Rabi,Rapeseed &Mustard,600,100,0.166666667
Maharashtra,NANDURBAR,2012,Rabi,Wheat,24000,50900,2.120833333
Maharashtra,NANDURBAR,2012,Summer,Groundnut,8300,8400,1.012048193
Maharashtra,NANDURBAR,2012,Whole Year,Sugarcane,10800,794000,73.51851852
Maharashtra,NANDURBAR,2013,Kharif,Arhar/Tur,12000,4700,0.391666667
Maharashtra,NANDURBAR,2013,Kharif,Bajra,4500,5400,1.2
Maharashtra,NANDURBAR,2013,Kharif,Cotton(lint),102200,149800,1.465753425
Maharashtra,NANDURBAR,2013,Kharif,Groundnut,2000,1200,0.6
Maharashtra,NANDURBAR,2013,Kharif,Jowar,28600,38200,1.335664336
Maharashtra,NANDURBAR,2013,Kharif,Maize,27800,46400,1.669064748
Maharashtra,NANDURBAR,2013,Kharif,Moong(Green Gram),13000,4800,0.369230769
Maharashtra,NANDURBAR,2013,Kharif,Other Kharif pulses,600,200,0.333333333
Maharashtra,NANDURBAR,2013,Kharif,Rice,22500,20300,0.902222222
Maharashtra,NANDURBAR,2013,Kharif,Sesamum,100,,
Maharashtra,NANDURBAR,2013,Kharif,Soyabean,28000,33300,1.189285714
Maharashtra,NANDURBAR,2013,Kharif,Urad,13400,5000,0.373134328
Maharashtra,NANDURBAR,2013,Rabi,Gram,24300,20800,0.855967078
Maharashtra,NANDURBAR,2013,Rabi,Jowar,21100,29000,1.374407583
Maharashtra,NANDURBAR,2013,Rabi,Maize,2700,6100,2.259259259
Maharashtra,NANDURBAR,2013,Rabi,Other  Rabi pulses,500,400,0.8
Maharashtra,NANDURBAR,2013,Rabi,Wheat,21500,45800,2.130232558
Maharashtra,NANDURBAR,2013,Summer,Groundnut,2400,3100,1.291666667
Maharashtra,NANDURBAR,2013,Summer,Maize,700,900,1.285714286
Maharashtra,NANDURBAR,2013,Summer,Sunflower,100,100,1
Maharashtra,NANDURBAR,2013,Whole Year,Sugarcane,10800,832600,77.09259259
Maharashtra,NANDURBAR,2014,Kharif,Arhar/Tur,12600,2800,0.222222222
Maharashtra,NANDURBAR,2014,Kharif,Bajra,6200,3200,0.516129032
Maharashtra,NANDURBAR,2014,Kharif,Castor seed,600,100,0.166666667
Maharashtra,NANDURBAR,2014,Kharif,Cotton(lint),118600,101200,0.853288364
Maharashtra,NANDURBAR,2014,Kharif,Groundnut,2000,1300,0.65
Maharashtra,NANDURBAR,2014,Kharif,Jowar,31400,33500,1.066878981
Maharashtra,NANDURBAR,2014,Kharif,Maize,28900,45300,1.567474048
Maharashtra,NANDURBAR,2014,Kharif,Moong(Green Gram),4900,2100,0.428571429
Maharashtra,NANDURBAR,2014,Kharif,Other Kharif pulses,1300,300,0.230769231
Maharashtra,NANDURBAR,2014,Kharif,Rice,18200,9000,0.494505495
Maharashtra,NANDURBAR,2014,Kharif,Soyabean,27500,26700,0.970909091
Maharashtra,NANDURBAR,2014,Rabi,Gram,18900,13400,0.708994709
Maharashtra,NANDURBAR,2014,Rabi,Jowar,14300,18000,1.258741259
Maharashtra,NANDURBAR,2014,Rabi,Maize,2500,9400,3.76
Maharashtra,NANDURBAR,2014,Rabi,Other  Rabi pulses,200,,
Maharashtra,NANDURBAR,2014,Rabi,Safflower,200,100,0.5
Maharashtra,NANDURBAR,2014,Rabi,Wheat,21900,39100,1.785388128
Maharashtra,NANDURBAR,2014,Summer,Groundnut,2400,2700,1.125
Maharashtra,NANDURBAR,2014,Summer,Maize,2400,3200,1.333333333
Maharashtra,NANDURBAR,2014,Summer,Sunflower,100,100,1
Maharashtra,NANDURBAR,2014,Whole Year,Sugarcane,8000,633800,79.225
Maharashtra,NASHIK,1997,Autumn,Maize,1,1494,1494
Maharashtra,NASHIK,1997,Kharif,Arhar/Tur,8800,4300,0.488636364
Maharashtra,NASHIK,1997,Kharif,Bajra,363100,227800,0.627375379
Maharashtra,NASHIK,1997,Kharif,Gram,52200,24700,0.473180077
Maharashtra,NASHIK,1997,Kharif,Jowar,14900,18300,1.228187919
Maharashtra,NASHIK,1997,Kharif,Maize,15700,27500,1.751592357
Maharashtra,NASHIK,1997,Kharif,Moong(Green Gram),8500,5700,0.670588235
Maharashtra,NASHIK,1997,Kharif,Pulses total,605,282,0.466115702
Maharashtra,NASHIK,1997,Kharif,Ragi,45200,38900,0.860619469
Maharashtra,NASHIK,1997,Kharif,Rice,44600,59600,1.33632287
Maharashtra,NASHIK,1997,Kharif,Sugarcane,21900,20685,0.944520548
Maharashtra,NASHIK,1997,Kharif,Total foodgrain,5469,4015,0.734137868
Maharashtra,NASHIK,1997,Kharif,Urad,12500,8900,0.712
Maharashtra,NASHIK,1997,Rabi,Jowar,35300,22600,0.640226629
Maharashtra,NASHIK,1997,Rabi,Maize,1300,2000,1.538461538
Maharashtra,NASHIK,1997,Rabi,Other  Rabi pulses,280,11,0.039285714
Maharashtra,NASHIK,1997,Rabi,Wheat,73600,95100,1.292119565
Maharashtra,NASHIK,1997,Summer,Maize,100,100,1
Maharashtra,NASHIK,1997,Whole Year,Cotton(lint),31,2800,90.32258065
Maharashtra,NASHIK,1998,Kharif,Arhar/Tur,9300,4300,0.462365591
Maharashtra,NASHIK,1998,Kharif,Bajra,387500,403300,1.040774194
Maharashtra,NASHIK,1998,Kharif,Castor seed,300,100,0.333333333
Maharashtra,NASHIK,1998,Kharif,Cotton(lint),4200,4400,1.047619048
Maharashtra,NASHIK,1998,Kharif,Groundnut,42100,42100,1
Maharashtra,NASHIK,1998,Kharif,Jowar,15500,23100,1.490322581
Maharashtra,NASHIK,1998,Kharif,Maize,15700,32300,2.057324841
Maharashtra,NASHIK,1998,Kharif,Moong(Green Gram),7900,5300,0.670886076
Maharashtra,NASHIK,1998,Kharif,Niger seed,20900,5700,0.272727273
Maharashtra,NASHIK,1998,Kharif,Other Cereals & Millets,22400,12400,0.553571429
Maharashtra,NASHIK,1998,Kharif,Other Kharif pulses,29600,13300,0.449324324
Maharashtra,NASHIK,1998,Kharif,Ragi,44800,39500,0.881696429
Maharashtra,NASHIK,1998,Kharif,Rice,45600,57200,1.254385965
Maharashtra,NASHIK,1998,Kharif,Sesamum,600,200,0.333333333
Maharashtra,NASHIK,1998,Kharif,Soyabean,5900,8600,1.457627119
Maharashtra,NASHIK,1998,Kharif,Sugarcane,23700,2138300,90.22362869
Maharashtra,NASHIK,1998,Kharif,Sunflower,1400,400,0.285714286
Maharashtra,NASHIK,1998,Kharif,Urad,12900,7200,0.558139535
Maharashtra,NASHIK,1998,Rabi,Gram,60300,39700,0.658374793
Maharashtra,NASHIK,1998,Rabi,Jowar,33000,29100,0.881818182
Maharashtra,NASHIK,1998,Rabi,Linseed,100,,
Maharashtra,NASHIK,1998,Rabi,Maize,1700,2500,1.470588235
Maharashtra,NASHIK,1998,Rabi,Other  Rabi pulses,3900,1500,0.384615385
Maharashtra,NASHIK,1998,Rabi,Other Cereals & Millets,900,1200,1.333333333
Maharashtra,NASHIK,1998,Rabi,Rapeseed &Mustard,700,100,0.142857143
Maharashtra,NASHIK,1998,Rabi,Safflower,1300,800,0.615384615
Maharashtra,NASHIK,1998,Rabi,Sesamum,100,100,1
Maharashtra,NASHIK,1998,Rabi,Sunflower,500,300,0.6
Maharashtra,NASHIK,1998,Rabi,Wheat,83900,112200,1.337306317
Maharashtra,NASHIK,1998,Summer,Groundnut,3600,4400,1.222222222
Maharashtra,NASHIK,1998,Summer,Maize,200,200,1
Maharashtra,NASHIK,1998,Summer,Sunflower,100,100,1
Maharashtra,NASHIK,1999,Kharif,Arhar/Tur,8700,4500,0.517241379
Maharashtra,NASHIK,1999,Kharif,Bajra,360500,211900,0.58779473
Maharashtra,NASHIK,1999,Kharif,Castor seed,700,100,0.142857143
Maharashtra,NASHIK,1999,Kharif,Cotton(lint),5600,9300,1.660714286
Maharashtra,NASHIK,1999,Kharif,Groundnut,39000,29100,0.746153846
Maharashtra,NASHIK,1999,Kharif,Jowar,14200,15100,1.063380282
Maharashtra,NASHIK,1999,Kharif,Maize,18100,25900,1.430939227
Maharashtra,NASHIK,1999,Kharif,Moong(Green Gram),7900,6500,0.82278481
Maharashtra,NASHIK,1999,Kharif,Niger seed,19700,7200,0.365482234
Maharashtra,NASHIK,1999,Kharif,Other Kharif pulses,28800,10800,0.375
Maharashtra,NASHIK,1999,Kharif,Ragi,45100,40400,0.89578714
Maharashtra,NASHIK,1999,Kharif,Rice,47800,57200,1.19665272
Maharashtra,NASHIK,1999,Kharif,Sesamum,600,200,0.333333333
Maharashtra,NASHIK,1999,Kharif,Small millets,37400,26800,0.71657754
Maharashtra,NASHIK,1999,Kharif,Soyabean,8300,13300,1.602409639
Maharashtra,NASHIK,1999,Kharif,Sunflower,1100,400,0.363636364
Maharashtra,NASHIK,1999,Kharif,Urad,12800,11000,0.859375
Maharashtra,NASHIK,1999,Rabi,Gram,60000,39300,0.655
Maharashtra,NASHIK,1999,Rabi,Jowar,33000,23200,0.703030303
Maharashtra,NASHIK,1999,Rabi,Linseed,100,0,0
Maharashtra,NASHIK,1999,Rabi,Maize,2200,3300,1.5
Maharashtra,NASHIK,1999,Rabi,Other  Rabi pulses,3100,1500,0.483870968
Maharashtra,NASHIK,1999,Rabi,Rapeseed &Mustard,900,200,0.222222222
Maharashtra,NASHIK,1999,Rabi,Safflower,800,400,0.5
Maharashtra,NASHIK,1999,Rabi,Sesamum,100,0,0
Maharashtra,NASHIK,1999,Rabi,Small millets,500,100,0.2
Maharashtra,NASHIK,1999,Rabi,Sunflower,400,200,0.5
Maharashtra,NASHIK,1999,Rabi,Wheat,85700,122600,1.430571762
Maharashtra,NASHIK,1999,Summer,Groundnut,3600,5100,1.416666667
Maharashtra,NASHIK,1999,Summer,Maize,200,200,1
Maharashtra,NASHIK,1999,Summer,Sunflower,100,100,1
Maharashtra,NASHIK,1999,Whole Year,Sugarcane,23400,1963800,83.92307692
Maharashtra,NASHIK,2000,Kharif,Arhar/Tur,8600,3000,0.348837209
Maharashtra,NASHIK,2000,Kharif,Bajra,346500,186900,0.539393939
Maharashtra,NASHIK,2000,Kharif,Castor seed,1800,400,0.222222222
Maharashtra,NASHIK,2000,Kharif,Cotton(lint),5700,5700,1
Maharashtra,NASHIK,2000,Kharif,Groundnut,37300,21800,0.584450402
Maharashtra,NASHIK,2000,Kharif,Jowar,12500,10400,0.832
Maharashtra,NASHIK,2000,Kharif,Maize,20900,13000,0.622009569
Maharashtra,NASHIK,2000,Kharif,Moong(Green Gram),8500,4000,0.470588235
Maharashtra,NASHIK,2000,Kharif,Niger seed,19800,3700,0.186868687
Maharashtra,NASHIK,2000,Kharif,Other Kharif pulses,35800,12500,0.349162011
Maharashtra,NASHIK,2000,Kharif,Ragi,44800,21500,0.479910714
Maharashtra,NASHIK,2000,Kharif,Rice,45600,39800,0.872807018
Maharashtra,NASHIK,2000,Kharif,Sesamum,600,100,0.166666667
Maharashtra,NASHIK,2000,Kharif,Small millets,42100,24800,0.589073634
Maharashtra,NASHIK,2000,Kharif,Soyabean,7500,8800,1.173333333
Maharashtra,NASHIK,2000,Kharif,Sunflower,1200,600,0.5
Maharashtra,NASHIK,2000,Kharif,Urad,12000,5900,0.491666667
Maharashtra,NASHIK,2000,Rabi,Gram,24200,10900,0.450413223
Maharashtra,NASHIK,2000,Rabi,Jowar,15200,8000,0.526315789
Maharashtra,NASHIK,2000,Rabi,Maize,1700,1800,1.058823529
Maharashtra,NASHIK,2000,Rabi,Other  Rabi pulses,1000,400,0.4
Maharashtra,NASHIK,2000,Rabi,Rapeseed &Mustard,200,100,0.5
Maharashtra,NASHIK,2000,Rabi,Safflower,700,300,0.428571429
Maharashtra,NASHIK,2000,Rabi,Sesamum,100,100,1
Maharashtra,NASHIK,2000,Rabi,Sunflower,100,100,1
Maharashtra,NASHIK,2000,Rabi,Wheat,39400,44500,1.129441624
Maharashtra,NASHIK,2000,Summer,Groundnut,400,500,1.25
Maharashtra,NASHIK,2000,Summer,Sunflower,100,100,1
Maharashtra,NASHIK,2000,Whole Year,Sugarcane,25100,2284500,91.01593625
Maharashtra,NASHIK,2001,Kharif,Arhar/Tur,8900,3800,0.426966292
Maharashtra,NASHIK,2001,Kharif,Bajra,324200,179900,0.55490438
Maharashtra,NASHIK,2001,Kharif,Castor seed,600,200,0.333333333
Maharashtra,NASHIK,2001,Kharif,Cotton(lint),6200,3900,0.629032258
Maharashtra,NASHIK,2001,Kharif,Groundnut,35300,23300,0.660056657
Maharashtra,NASHIK,2001,Kharif,Jowar,12000,10700,0.891666667
Maharashtra,NASHIK,2001,Kharif,Maize,27500,62300,2.265454545
Maharashtra,NASHIK,2001,Kharif,Moong(Green Gram),8900,5900,0.662921348
Maharashtra,NASHIK,2001,Kharif,Niger seed,20200,7000,0.346534653
Maharashtra,NASHIK,2001,Kharif,Other Kharif pulses,16800,4300,0.255952381
Maharashtra,NASHIK,2001,Kharif,Ragi,44900,46500,1.035634744
Maharashtra,NASHIK,2001,Kharif,Rice,46600,56300,1.208154506
Maharashtra,NASHIK,2001,Kharif,Sesamum,600,200,0.333333333
Maharashtra,NASHIK,2001,Kharif,Small millets,19700,12300,0.624365482
Maharashtra,NASHIK,2001,Kharif,Soyabean,5500,10000,1.818181818
Maharashtra,NASHIK,2001,Kharif,Sunflower,1200,400,0.333333333
Maharashtra,NASHIK,2001,Kharif,Urad,12300,9800,0.796747967
Maharashtra,NASHIK,2001,Rabi,Gram,28200,14000,0.496453901
Maharashtra,NASHIK,2001,Rabi,Jowar,19100,10300,0.539267016
Maharashtra,NASHIK,2001,Rabi,Maize,1400,2600,1.857142857
Maharashtra,NASHIK,2001,Rabi,Other  Rabi pulses,1300,700,0.538461538
Maharashtra,NASHIK,2001,Rabi,Rapeseed &Mustard,500,100,0.2
Maharashtra,NASHIK,2001,Rabi,Safflower,700,300,0.428571429
Maharashtra,NASHIK,2001,Rabi,Small millets,3800,1900,0.5
Maharashtra,NASHIK,2001,Rabi,Sunflower,200,100,0.5
Maharashtra,NASHIK,2001,Rabi,Wheat,36800,48900,1.328804348
Maharashtra,NASHIK,2001,Summer,Groundnut,800,800,1
Maharashtra,NASHIK,2001,Whole Year,Sugarcane,23600,1846900,78.25847458
Maharashtra,NASHIK,2002,Kharif,Arhar/Tur,9000,6800,0.755555556
Maharashtra,NASHIK,2002,Kharif,Bajra,320300,258500,0.807055885
Maharashtra,NASHIK,2002,Kharif,Castor seed,18900,4300,0.227513228
Maharashtra,NASHIK,2002,Kharif,Cotton(lint),5400,6700,1.240740741
Maharashtra,NASHIK,2002,Kharif,Groundnut,35400,33200,0.937853107
Maharashtra,NASHIK,2002,Kharif,Jowar,9200,11200,1.217391304
Maharashtra,NASHIK,2002,Kharif,Maize,32500,85900,2.643076923
Maharashtra,NASHIK,2002,Kharif,Moong(Green Gram),10400,13200,1.269230769
Maharashtra,NASHIK,2002,Kharif,Niger seed,16600,4800,0.289156627
Maharashtra,NASHIK,2002,Kharif,Other Kharif pulses,22400,7300,0.325892857
Maharashtra,NASHIK,2002,Kharif,Ragi,42000,25700,0.611904762
Maharashtra,NASHIK,2002,Kharif,Rice,49100,43900,0.894093686
Maharashtra,NASHIK,2002,Kharif,Sesamum,700,300,0.428571429
Maharashtra,NASHIK,2002,Kharif,Small millets,16700,6900,0.413173653
Maharashtra,NASHIK,2002,Kharif,Soyabean,7500,7900,1.053333333
Maharashtra,NASHIK,2002,Kharif,Sunflower,900,300,0.333333333
Maharashtra,NASHIK,2002,Kharif,Urad,11800,8600,0.728813559
Maharashtra,NASHIK,2002,Rabi,Gram,31200,17300,0.554487179
Maharashtra,NASHIK,2002,Rabi,Jowar,10100,5300,0.524752475
Maharashtra,NASHIK,2002,Rabi,Maize,900,1500,1.666666667
Maharashtra,NASHIK,2002,Rabi,Other  Rabi pulses,900,300,0.333333333
Maharashtra,NASHIK,2002,Rabi,Rapeseed &Mustard,200,100,0.5
Maharashtra,NASHIK,2002,Rabi,Safflower,400,100,0.25
Maharashtra,NASHIK,2002,Rabi,Small millets,100,0,0
Maharashtra,NASHIK,2002,Rabi,Sunflower,200,100,0.5
Maharashtra,NASHIK,2002,Rabi,Wheat,35000,49500,1.414285714
Maharashtra,NASHIK,2002,Summer,Groundnut,1000,1600,1.6
Maharashtra,NASHIK,2002,Summer,Maize,100,100,1
Maharashtra,NASHIK,2002,Whole Year,Sugarcane,23300,1653000,70.94420601
Maharashtra,NASHIK,2003,Kharif,Arhar/Tur,8500,3500,0.411764706
Maharashtra,NASHIK,2003,Kharif,Bajra,316800,196700,0.620896465
Maharashtra,NASHIK,2003,Kharif,Cotton(lint),7200,4700,0.652777778
Maharashtra,NASHIK,2003,Kharif,Groundnut,36100,25900,0.717451524
Maharashtra,NASHIK,2003,Kharif,Jowar,6900,4600,0.666666667
Maharashtra,NASHIK,2003,Kharif,Maize,36300,88500,2.438016529
Maharashtra,NASHIK,2003,Kharif,Moong(Green Gram),9000,6500,0.722222222
Maharashtra,NASHIK,2003,Kharif,Niger seed,16900,6800,0.402366864
Maharashtra,NASHIK,2003,Kharif,Other Kharif pulses,21900,5800,0.264840183
Maharashtra,NASHIK,2003,Kharif,other oilseeds,16400,2500,0.152439024
Maharashtra,NASHIK,2003,Kharif,Ragi,41900,39300,0.937947494
Maharashtra,NASHIK,2003,Kharif,Rice,50600,66300,1.31027668
Maharashtra,NASHIK,2003,Kharif,Sesamum,700,300,0.428571429
Maharashtra,NASHIK,2003,Kharif,Small millets,11300,5800,0.513274336
Maharashtra,NASHIK,2003,Kharif,Soyabean,8900,20000,2.247191011
Maharashtra,NASHIK,2003,Kharif,Sunflower,800,200,0.25
Maharashtra,NASHIK,2003,Kharif,Urad,11800,9800,0.830508475
Maharashtra,NASHIK,2003,Rabi,Gram,30600,16400,0.535947712
Maharashtra,NASHIK,2003,Rabi,Jowar,9600,4400,0.458333333
Maharashtra,NASHIK,2003,Rabi,Maize,1100,2100,1.909090909
Maharashtra,NASHIK,2003,Rabi,Other  Rabi pulses,2100,900,0.428571429
Maharashtra,NASHIK,2003,Rabi,Rapeseed &Mustard,200,100,0.5
Maharashtra,NASHIK,2003,Rabi,Safflower,200,100,0.5
Maharashtra,NASHIK,2003,Rabi,Sesamum,100,0,0
Maharashtra,NASHIK,2003,Rabi,Small millets,700,400,0.571428571
Maharashtra,NASHIK,2003,Rabi,Sunflower,100,100,1
Maharashtra,NASHIK,2003,Rabi,Wheat,35500,41300,1.163380282
Maharashtra,NASHIK,2003,Summer,Groundnut,1400,2400,1.714285714
Maharashtra,NASHIK,2003,Whole Year,Grapes,24992,733515,29.349992
Maharashtra,NASHIK,2003,Whole Year,Mango,5576,10310,1.848995696
Maharashtra,NASHIK,2003,Whole Year,Onion,60611,793741,13.0956592
Maharashtra,NASHIK,2003,Whole Year,Sugarcane,20400,1159400,56.83333333
Maharashtra,NASHIK,2003,Whole Year,Tomato,2861,8431,2.946871723
Maharashtra,NASHIK,2004,Kharif,Arhar/Tur,9200,6500,0.706521739
Maharashtra,NASHIK,2004,Kharif,Bajra,315200,244500,0.77569797
Maharashtra,NASHIK,2004,Kharif,Groundnut,35800,30500,0.851955307
Maharashtra,NASHIK,2004,Kharif,Jowar,6500,8000,1.230769231
Maharashtra,NASHIK,2004,Kharif,Maize,39200,85700,2.18622449
Maharashtra,NASHIK,2004,Kharif,Moong(Green Gram),9700,10000,1.030927835
Maharashtra,NASHIK,2004,Kharif,Niger seed,16900,6700,0.396449704
Maharashtra,NASHIK,2004,Kharif,Other Cereals & Millets,13400,9400,0.701492537
Maharashtra,NASHIK,2004,Kharif,Other Kharif pulses,18500,8300,0.448648649
Maharashtra,NASHIK,2004,Kharif,other oilseeds,1400,300,0.214285714
Maharashtra,NASHIK,2004,Kharif,Ragi,41400,40200,0.971014493
Maharashtra,NASHIK,2004,Kharif,Rice,50800,70200,1.381889764
Maharashtra,NASHIK,2004,Kharif,Sesamum,700,200,0.285714286
Maharashtra,NASHIK,2004,Kharif,Sunflower,600,300,0.5
Maharashtra,NASHIK,2004,Kharif,Urad,12000,11000,0.916666667
Maharashtra,NASHIK,2004,Rabi,Gram,39100,24500,0.626598465
Maharashtra,NASHIK,2004,Rabi,Jowar,10500,5500,0.523809524
Maharashtra,NASHIK,2004,Rabi,Maize,900,1400,1.555555556
Maharashtra,NASHIK,2004,Rabi,Other  Rabi pulses,1500,600,0.4
Maharashtra,NASHIK,2004,Rabi,Other Cereals & Millets,200,100,0.5
Maharashtra,NASHIK,2004,Rabi,Rapeseed &Mustard,300,100,0.333333333
Maharashtra,NASHIK,2004,Rabi,Safflower,100,100,1
Maharashtra,NASHIK,2004,Rabi,Soyabean,20300,37400,1.842364532
Maharashtra,NASHIK,2004,Rabi,Sunflower,100,100,1
Maharashtra,NASHIK,2004,Rabi,Wheat,55600,81300,1.462230216
Maharashtra,NASHIK,2004,Summer,Groundnut,1600,1600,1
Maharashtra,NASHIK,2004,Summer,Maize,200,400,2
Maharashtra,NASHIK,2004,Whole Year,Cotton(lint),14100,20000,1.418439716
Maharashtra,NASHIK,2004,Whole Year,Sugarcane,12100,672900,55.61157025
Maharashtra,NASHIK,2005,Kharif,Arhar/Tur,9500,6900,0.726315789
Maharashtra,NASHIK,2005,Kharif,Bajra,282900,215900,0.763167197
Maharashtra,NASHIK,2005,Kharif,Castor seed,2400,500,0.208333333
Maharashtra,NASHIK,2005,Kharif,Cotton(lint),17400,34600,1.988505747
Maharashtra,NASHIK,2005,Kharif,Groundnut,32300,27900,0.86377709
Maharashtra,NASHIK,2005,Kharif,Moong(Green Gram),8500,5800,0.682352941
Maharashtra,NASHIK,2005,Kharif,Niger seed,17100,4500,0.263157895
Maharashtra,NASHIK,2005,Kharif,Ragi,35600,31900,0.896067416
Maharashtra,NASHIK,2005,Kharif,Rice,50300,58700,1.166998012
Maharashtra,NASHIK,2005,Kharif,Sesamum,300,100,0.333333333
Maharashtra,NASHIK,2005,Kharif,Soyabean,23300,46600,2
Maharashtra,NASHIK,2005,Kharif,Sugarcane,14300,729500,51.01398601
Maharashtra,NASHIK,2005,Kharif,Sunflower,300,200,0.666666667
Maharashtra,NASHIK,2005,Kharif,Urad,11900,11100,0.932773109
Maharashtra,NASHIK,2005,Rabi,Gram,42200,29500,0.699052133
Maharashtra,NASHIK,2005,Rabi,Rapeseed &Mustard,400,100,0.25
Maharashtra,NASHIK,2005,Rabi,Safflower,200,100,0.5
Maharashtra,NASHIK,2005,Rabi,Sunflower,200,100,0.5
Maharashtra,NASHIK,2005,Rabi,Wheat,70600,116600,1.651558074
Maharashtra,NASHIK,2005,Summer,Groundnut,1900,2100,1.105263158
Maharashtra,NASHIK,2006,Kharif,Arhar/Tur,9700,7400,0.762886598
Maharashtra,NASHIK,2006,Kharif,Bajra,258500,187300,0.724564797
Maharashtra,NASHIK,2006,Kharif,Castor seed,1100,200,0.181818182
Maharashtra,NASHIK,2006,Kharif,Cotton(lint),34300,49000,1.428571429
Maharashtra,NASHIK,2006,Kharif,Groundnut,35200,24600,0.698863636
Maharashtra,NASHIK,2006,Kharif,Jowar,2500,2000,0.8
Maharashtra,NASHIK,2006,Kharif,Maize,88300,141900,1.607021518
Maharashtra,NASHIK,2006,Kharif,Moong(Green Gram),9400,6700,0.712765957
Maharashtra,NASHIK,2006,Kharif,Niger seed,17000,4100,0.241176471
Maharashtra,NASHIK,2006,Kharif,Ragi,36000,27400,0.761111111
Maharashtra,NASHIK,2006,Kharif,Rice,49000,49600,1.012244898
Maharashtra,NASHIK,2006,Kharif,Sesamum,200,100,0.5
Maharashtra,NASHIK,2006,Kharif,Soyabean,31500,47300,1.501587302
Maharashtra,NASHIK,2006,Kharif,Sunflower,300,200,0.666666667
Maharashtra,NASHIK,2006,Kharif,Urad,12600,10500,0.833333333
Maharashtra,NASHIK,2006,Rabi,Gram,48200,32100,0.665975104
Maharashtra,NASHIK,2006,Rabi,Jowar,12000,8400,0.7
Maharashtra,NASHIK,2006,Rabi,Maize,2200,3900,1.772727273
Maharashtra,NASHIK,2006,Rabi,Rapeseed &Mustard,200,100,0.5
Maharashtra,NASHIK,2006,Rabi,Safflower,200,100,0.5
Maharashtra,NASHIK,2006,Rabi,Sunflower,200,100,0.5
Maharashtra,NASHIK,2006,Rabi,Wheat,84100,137700,1.637336504
Maharashtra,NASHIK,2006,Summer,Groundnut,2600,3000,1.153846154
Maharashtra,NASHIK,2006,Summer,Maize,800,1100,1.375
Maharashtra,NASHIK,2007,Kharif,Arhar/Tur,105,75,0.714285714
Maharashtra,NASHIK,2007,Kharif,Bajra,2158,2395,1.109823911
Maharashtra,NASHIK,2007,Kharif,Castor seed,8,2,0.25
Maharashtra,NASHIK,2007,Kharif,Cotton(lint),393,761,1.936386768
Maharashtra,NASHIK,2007,Kharif,Groundnut,352,325,0.923295455
Maharashtra,NASHIK,2007,Kharif,Jowar,18,14,0.777777778
Maharashtra,NASHIK,2007,Kharif,Maize,997,2891,2.899699097
Maharashtra,NASHIK,2007,Kharif,Moong(Green Gram),112,83,0.741071429
Maharashtra,NASHIK,2007,Kharif,Ragi,330,260,0.787878788
Maharashtra,NASHIK,2007,Kharif,Rice,506,684,1.351778656
Maharashtra,NASHIK,2007,Kharif,Sesamum,1,1,1
Maharashtra,NASHIK,2007,Kharif,Soyabean,362,552,1.524861878
Maharashtra,NASHIK,2007,Kharif,Sunflower,4,3,0.75
Maharashtra,NASHIK,2007,Kharif,Urad,132,106,0.803030303
Maharashtra,NASHIK,2007,Rabi,Gram,414,310,0.748792271
Maharashtra,NASHIK,2007,Rabi,Jowar,85,50,0.588235294
Maharashtra,NASHIK,2007,Rabi,Maize,16,37,2.3125
Maharashtra,NASHIK,2007,Rabi,Rapeseed &Mustard,2,2,1
Maharashtra,NASHIK,2007,Rabi,Safflower,1,1,1
Maharashtra,NASHIK,2007,Rabi,Sunflower,2,1,0.5
Maharashtra,NASHIK,2007,Rabi,Wheat,790,1490,1.886075949
Maharashtra,NASHIK,2007,Summer,Groundnut,22,29,1.318181818
Maharashtra,NASHIK,2007,Summer,Maize,4,5,1.25
Maharashtra,NASHIK,2007,Whole Year,Sugarcane,502,43063,85.78286853
Maharashtra,NASHIK,2008,Kharif,Arhar/Tur,7600,4500,0.592105263
Maharashtra,NASHIK,2008,Kharif,Bajra,197900,191000,0.965133906
Maharashtra,NASHIK,2008,Kharif,Castor seed,1200,300,0.25
Maharashtra,NASHIK,2008,Kharif,Cotton(lint),28000,36300,1.296428571
Maharashtra,NASHIK,2008,Kharif,Groundnut,28800,26300,0.913194444
Maharashtra,NASHIK,2008,Kharif,Jowar,1100,1400,1.272727273
Maharashtra,NASHIK,2008,Kharif,Maize,101600,293200,2.885826772
Maharashtra,NASHIK,2008,Kharif,Moong(Green Gram),7900,6000,0.759493671
Maharashtra,NASHIK,2008,Kharif,Niger seed,16300,4900,0.300613497
Maharashtra,NASHIK,2008,Kharif,Ragi,32700,29000,0.886850153
Maharashtra,NASHIK,2008,Kharif,Rice,51200,65800,1.28515625
Maharashtra,NASHIK,2008,Kharif,Sesamum,100,100,1
Maharashtra,NASHIK,2008,Kharif,Soyabean,39700,51100,1.287153652
Maharashtra,NASHIK,2008,Kharif,Sugarcane,38300,2674400,69.82767624
Maharashtra,NASHIK,2008,Kharif,Sunflower,200,100,0.5
Maharashtra,NASHIK,2008,Kharif,Urad,13300,10900,0.819548872
Maharashtra,NASHIK,2008,Rabi,Gram,34500,20200,0.585507246
Maharashtra,NASHIK,2008,Rabi,Jowar,8900,5200,0.584269663
Maharashtra,NASHIK,2008,Rabi,Maize,23,65,2.826086957
Maharashtra,NASHIK,2008,Rabi,Rapeseed &Mustard,200,100,0.5
Maharashtra,NASHIK,2008,Rabi,Sunflower,100,100,1
Maharashtra,NASHIK,2008,Rabi,Wheat,71900,115900,1.611961057
Maharashtra,NASHIK,2008,Whole Year,Sugarcane,38300,2674400,69.82767624
Maharashtra,NASHIK,2009,Kharif,Arhar/Tur,9400,3900,0.414893617
Maharashtra,NASHIK,2009,Kharif,Bajra,171900,129500,0.753344968
Maharashtra,NASHIK,2009,Kharif,Castor seed,1000,300,0.3
Maharashtra,NASHIK,2009,Kharif,Cotton(lint),46400,69200,1.49137931
Maharashtra,NASHIK,2009,Kharif,Groundnut,23400,16700,0.713675214
Maharashtra,NASHIK,2009,Kharif,Jowar,600,400,0.666666667
Maharashtra,NASHIK,2009,Kharif,Maize,140900,318400,2.259758694
Maharashtra,NASHIK,2009,Kharif,Moong(Green Gram),8000,4300,0.5375
Maharashtra,NASHIK,2009,Kharif,Niger seed,13800,3000,0.217391304
Maharashtra,NASHIK,2009,Kharif,Ragi,27900,13000,0.465949821
Maharashtra,NASHIK,2009,Kharif,Rice,48100,18800,0.390852391
Maharashtra,NASHIK,2009,Kharif,Sesamum,100,40,0.4
Maharashtra,NASHIK,2009,Kharif,Soyabean,55100,65400,1.186932849
Maharashtra,NASHIK,2009,Kharif,Sugarcane,31100,2268100,72.92926045
Maharashtra,NASHIK,2009,Kharif,Sunflower,200,100,0.5
Maharashtra,NASHIK,2009,Kharif,Urad,12700,6500,0.511811024
Maharashtra,NASHIK,2009,Rabi,Gram,39300,27500,0.699745547
Maharashtra,NASHIK,2009,Rabi,Jowar,9500,7100,0.747368421
Maharashtra,NASHIK,2009,Rabi,Maize,2700,7700,2.851851852
Maharashtra,NASHIK,2009,Rabi,Rapeseed &Mustard,100,100,1
Maharashtra,NASHIK,2009,Rabi,Sunflower,100,100,1
Maharashtra,NASHIK,2009,Rabi,Wheat,73000,117900,1.615068493
Maharashtra,NASHIK,2010,Kharif,Arhar/Tur,10100,6200,0.613861386
Maharashtra,NASHIK,2010,Kharif,Bajra,171200,216300,1.263434579
Maharashtra,NASHIK,2010,Kharif,Castor seed,3400,1200,0.352941176
Maharashtra,NASHIK,2010,Kharif,Cotton(lint),50500,100600,1.992079208
Maharashtra,NASHIK,2010,Kharif,Groundnut,32400,27500,0.848765432
Maharashtra,NASHIK,2010,Kharif,Jowar,1800,2100,1.166666667
Maharashtra,NASHIK,2010,Kharif,Maize,164100,535600,3.263863498
Maharashtra,NASHIK,2010,Kharif,Moong(Green Gram),8600,7900,0.918604651
Maharashtra,NASHIK,2010,Kharif,Niger seed,12300,1800,0.146341463
Maharashtra,NASHIK,2010,Kharif,Ragi,27500,12300,0.447272727
Maharashtra,NASHIK,2010,Kharif,Rice,59100,24000,0.406091371
Maharashtra,NASHIK,2010,Kharif,Soyabean,56900,80900,1.421792619
Maharashtra,NASHIK,2010,Kharif,Sugarcane,25700,1989200,77.40077821
Maharashtra,NASHIK,2010,Kharif,Sunflower,200,100,0.5
Maharashtra,NASHIK,2010,Kharif,Urad,14000,10800,0.771428571
Maharashtra,NASHIK,2010,Rabi,Gram,40600,31200,0.768472906
Maharashtra,NASHIK,2010,Rabi,Jowar,13500,9500,0.703703704
Maharashtra,NASHIK,2010,Rabi,Maize,3900,10500,2.692307692
Maharashtra,NASHIK,2010,Rabi,Rapeseed &Mustard,200,100,0.5
Maharashtra,NASHIK,2010,Rabi,Wheat,75300,143700,1.908366534
Maharashtra,NASHIK,2011,Kharif,Arhar/Tur,10900,8300,0.76146789
Maharashtra,NASHIK,2011,Kharif,Bajra,165900,170100,1.025316456
Maharashtra,NASHIK,2011,Kharif,Castor seed,4400,2000,0.454545455
Maharashtra,NASHIK,2011,Kharif,Cotton(lint),47000,96500,2.053191489
Maharashtra,NASHIK,2011,Kharif,Groundnut,27400,28100,1.025547445
Maharashtra,NASHIK,2011,Kharif,Jowar,5900,7900,1.338983051
Maharashtra,NASHIK,2011,Kharif,Maize,173800,554000,3.187571922
Maharashtra,NASHIK,2011,Kharif,Moong(Green Gram),8800,7000,0.795454545
Maharashtra,NASHIK,2011,Kharif,Niger seed,15800,5000,0.316455696
Maharashtra,NASHIK,2011,Kharif,Other Kharif pulses,12100,6700,0.553719008
Maharashtra,NASHIK,2011,Kharif,Ragi,40000,36300,0.9075
Maharashtra,NASHIK,2011,Kharif,Rice,62900,77800,1.236883943
Maharashtra,NASHIK,2011,Kharif,Sesamum,100,100,1
Maharashtra,NASHIK,2011,Kharif,Soyabean,58600,81500,1.390784983
Maharashtra,NASHIK,2011,Kharif,Sunflower,100,50,0.5
Maharashtra,NASHIK,2011,Kharif,Urad,14900,14500,0.973154362
Maharashtra,NASHIK,2011,Rabi,Gram,37900,27000,0.712401055
Maharashtra,NASHIK,2011,Rabi,Jowar,7000,5000,0.714285714
Maharashtra,NASHIK,2011,Rabi,Maize,1500,3100,2.066666667
Maharashtra,NASHIK,2011,Rabi,Other  Rabi pulses,1800,1300,0.722222222
Maharashtra,NASHIK,2011,Rabi,Wheat,52400,102600,1.958015267
Maharashtra,NASHIK,2011,Summer,Groundnut,1400,1500,1.071428571
Maharashtra,NASHIK,2011,Summer,Maize,700,900,1.285714286
Maharashtra,NASHIK,2011,Whole Year,Sugarcane,24600,1861200,75.65853659
Maharashtra,NASHIK,2012,Kharif,Arhar/Tur,9500,6000,0.631578947
Maharashtra,NASHIK,2012,Kharif,Bajra,154800,124800,0.80620155
Maharashtra,NASHIK,2012,Kharif,Castor seed,2500,700,0.28
Maharashtra,NASHIK,2012,Kharif,Cotton(lint),45700,76700,1.67833698
Maharashtra,NASHIK,2012,Kharif,Groundnut,30100,26200,0.870431894
Maharashtra,NASHIK,2012,Kharif,Jowar,6800,12800,1.882352941
Maharashtra,NASHIK,2012,Kharif,Maize,168100,496100,2.951219512
Maharashtra,NASHIK,2012,Kharif,Moong(Green Gram),11500,9400,0.817391304
Maharashtra,NASHIK,2012,Kharif,Niger seed,21700,7100,0.32718894
Maharashtra,NASHIK,2012,Kharif,Other Kharif pulses,9500,3400,0.357894737
Maharashtra,NASHIK,2012,Kharif,Ragi,35900,35400,0.986072423
Maharashtra,NASHIK,2012,Kharif,Rice,67900,80800,1.189985272
Maharashtra,NASHIK,2012,Kharif,Sesamum,100,100,1
Maharashtra,NASHIK,2012,Kharif,Soyabean,56000,87300,1.558928571
Maharashtra,NASHIK,2012,Kharif,Sunflower,100,40,0.4
Maharashtra,NASHIK,2012,Kharif,Urad,16000,15700,0.98125
Maharashtra,NASHIK,2012,Rabi,Gram,25600,17600,0.6875
Maharashtra,NASHIK,2012,Rabi,Jowar,3000,2400,0.8
Maharashtra,NASHIK,2012,Rabi,Maize,900,1700,1.888888889
Maharashtra,NASHIK,2012,Rabi,Other  Rabi pulses,2000,600,0.3
Maharashtra,NASHIK,2012,Rabi,Rapeseed &Mustard,100,20,0.2
Maharashtra,NASHIK,2012,Rabi,Wheat,32400,53200,1.641975309
Maharashtra,NASHIK,2012,Summer,Groundnut,100,200,2
Maharashtra,NASHIK,2012,Summer,Maize,100,100,1
Maharashtra,NASHIK,2012,Whole Year,Sugarcane,24600,1863900,75.76829268
Maharashtra,NASHIK,2013,Kharif,Arhar/Tur,10100,7100,0.702970297
Maharashtra,NASHIK,2013,Kharif,Bajra,149600,167500,1.119652406
Maharashtra,NASHIK,2013,Kharif,Cotton(lint),46000,100800,2.191304348
Maharashtra,NASHIK,2013,Kharif,Groundnut,33400,34600,1.035928144
Maharashtra,NASHIK,2013,Kharif,Jowar,6700,13300,1.985074627
Maharashtra,NASHIK,2013,Kharif,Maize,144200,556700,3.860610264
Maharashtra,NASHIK,2013,Kharif,Moong(Green Gram),11500,11600,1.008695652
Maharashtra,NASHIK,2013,Kharif,Niger seed,21700,7500,0.34562212
Maharashtra,NASHIK,2013,Kharif,Other Kharif pulses,7400,4100,0.554054054
Maharashtra,NASHIK,2013,Kharif,Ragi,35900,33800,0.941504178
Maharashtra,NASHIK,2013,Kharif,Rice,72600,93300,1.285123967
Maharashtra,NASHIK,2013,Kharif,Sesamum,100,,
Maharashtra,NASHIK,2013,Kharif,Soyabean,52400,82700,1.578244275
Maharashtra,NASHIK,2013,Kharif,Sunflower,100,100,1
Maharashtra,NASHIK,2013,Kharif,Urad,16800,17500,1.041666667
Maharashtra,NASHIK,2013,Rabi,Gram,40000,26220,0.6555
Maharashtra,NASHIK,2013,Rabi,Jowar,8400,5500,0.654761905
Maharashtra,NASHIK,2013,Rabi,Maize,1700,5800,3.411764706
Maharashtra,NASHIK,2013,Rabi,Other  Rabi pulses,900,500,0.555555556
Maharashtra,NASHIK,2013,Rabi,Safflower,100,,
Maharashtra,NASHIK,2013,Rabi,Wheat,65900,111900,1.698027314
Maharashtra,NASHIK,2013,Summer,Groundnut,100,140,1.4
Maharashtra,NASHIK,2013,Summer,Maize,300,400,1.333333333
Maharashtra,NASHIK,2013,Whole Year,Sugarcane,21000,1786500,85.07142857
Maharashtra,NASHIK,2014,Kharif,Arhar/Tur,5700,1500,0.263157895
Maharashtra,NASHIK,2014,Kharif,Bajra,152700,108900,0.713163065
Maharashtra,NASHIK,2014,Kharif,Castor seed,900,200,0.222222222
Maharashtra,NASHIK,2014,Kharif,Cotton(lint),46000,44700,0.97173913
Maharashtra,NASHIK,2014,Kharif,Groundnut,19900,20100,1.010050251
Maharashtra,NASHIK,2014,Kharif,Maize,116900,309000,2.643284859
Maharashtra,NASHIK,2014,Kharif,Moong(Green Gram),6500,4500,0.692307692
Maharashtra,NASHIK,2014,Kharif,Niger seed,2400,300,0.125
Maharashtra,NASHIK,2014,Kharif,Other Kharif pulses,4600,1400,0.304347826
Maharashtra,NASHIK,2014,Kharif,Ragi,28500,19000,0.666666667
Maharashtra,NASHIK,2014,Kharif,Rice,71200,86700,1.217696629
Maharashtra,NASHIK,2014,Kharif,Soyabean,59800,85000,1.421404682
Maharashtra,NASHIK,2014,Kharif,Sunflower,100,,
Maharashtra,NASHIK,2014,Rabi,Gram,40900,28500,0.696821516
Maharashtra,NASHIK,2014,Rabi,Jowar,5100,3700,0.725490196
Maharashtra,NASHIK,2014,Rabi,Maize,2900,13700,4.724137931
Maharashtra,NASHIK,2014,Rabi,Other  Rabi pulses,600,100,0.166666667
Maharashtra,NASHIK,2014,Rabi,Safflower,100,100,1
Maharashtra,NASHIK,2014,Rabi,Wheat,72400,111200,1.535911602
Maharashtra,NASHIK,2014,Summer,Groundnut,100,200,2
Maharashtra,NASHIK,2014,Summer,Maize,200,200,1
Maharashtra,NASHIK,2014,Whole Year,Sugarcane,16800,1384200,82.39285714
Maharashtra,OSMANABAD,1997,Autumn,Maize,5,5635,1127
Maharashtra,OSMANABAD,1997,Kharif,Arhar/Tur,69200,2900,0.041907514
Maharashtra,OSMANABAD,1997,Kharif,Bajra,16800,5200,0.30952381
Maharashtra,OSMANABAD,1997,Kharif,Gram,40400,5500,0.136138614
Maharashtra,OSMANABAD,1997,Kharif,Jowar,91800,57500,0.626361656
Maharashtra,OSMANABAD,1997,Kharif,Maize,8300,5200,0.626506024
Maharashtra,OSMANABAD,1997,Kharif,Moong(Green Gram),10300,1000,0.097087379
Maharashtra,OSMANABAD,1997,Kharif,Pulses total,1106,90,0.081374322
Maharashtra,OSMANABAD,1997,Kharif,Rice,13900,3900,0.28057554
Maharashtra,OSMANABAD,1997,Kharif,Total foodgrain,2424,812,0.334983498
Maharashtra,OSMANABAD,1997,Kharif,Urad,28000,4200,0.15
Maharashtra,OSMANABAD,1997,Rabi,Jowar,210300,33700,0.160247266
Maharashtra,OSMANABAD,1997,Rabi,Other  Rabi pulses,150,7,0.046666667
Maharashtra,OSMANABAD,1997,Rabi,Wheat,25400,9100,0.358267717
Maharashtra,OSMANABAD,1997,Summer,Maize,100,100,1
Maharashtra,OSMANABAD,1997,Whole Year,Cotton(lint),15,700,46.66666667
Maharashtra,OSMANABAD,1998,Kharif,Arhar/Tur,74900,44900,0.599465955
Maharashtra,OSMANABAD,1998,Kharif,Bajra,17600,8600,0.488636364
Maharashtra,OSMANABAD,1998,Kharif,Castor seed,500,100,0.2
Maharashtra,OSMANABAD,1998,Kharif,Cotton(lint),4000,3200,0.8
Maharashtra,OSMANABAD,1998,Kharif,Groundnut,10900,4200,0.385321101
Maharashtra,OSMANABAD,1998,Kharif,Jowar,98500,94300,0.957360406
Maharashtra,OSMANABAD,1998,Kharif,Maize,9100,3700,0.406593407
Maharashtra,OSMANABAD,1998,Kharif,Moong(Green Gram),12600,4400,0.349206349
Maharashtra,OSMANABAD,1998,Kharif,Niger seed,10100,1900,0.188118812
Maharashtra,OSMANABAD,1998,Kharif,Other Kharif pulses,3400,1300,0.382352941
Maharashtra,OSMANABAD,1998,Kharif,Rice,14800,3600,0.243243243
Maharashtra,OSMANABAD,1998,Kharif,Sesamum,5900,900,0.152542373
Maharashtra,OSMANABAD,1998,Kharif,Soyabean,1900,700,0.368421053
Maharashtra,OSMANABAD,1998,Kharif,Sugarcane,16700,1344300,80.49700599
Maharashtra,OSMANABAD,1998,Kharif,Sunflower,39400,8300,0.210659898
Maharashtra,OSMANABAD,1998,Kharif,Urad,31900,14700,0.460815047
Maharashtra,OSMANABAD,1998,Rabi,Gram,50000,27500,0.55
Maharashtra,OSMANABAD,1998,Rabi,Jowar,186700,147900,0.792179968
Maharashtra,OSMANABAD,1998,Rabi,Linseed,11700,3400,0.290598291
Maharashtra,OSMANABAD,1998,Rabi,Other  Rabi pulses,1300,600,0.461538462
Maharashtra,OSMANABAD,1998,Rabi,Other Cereals & Millets,1200,1300,1.083333333
Maharashtra,OSMANABAD,1998,Rabi,Safflower,37000,20300,0.548648649
Maharashtra,OSMANABAD,1998,Rabi,Sunflower,40200,9600,0.23880597
Maharashtra,OSMANABAD,1998,Rabi,Wheat,42200,45100,1.068720379
Maharashtra,OSMANABAD,1998,Summer,Groundnut,3600,4800,1.333333333
Maharashtra,OSMANABAD,1998,Summer,Maize,100,100,1
Maharashtra,OSMANABAD,1998,Summer,Sunflower,1000,600,0.6
Maharashtra,OSMANABAD,1999,Kharif,Arhar/Tur,80200,62000,0.773067332
Maharashtra,OSMANABAD,1999,Kharif,Bajra,19100,8000,0.418848168
Maharashtra,OSMANABAD,1999,Kharif,Castor seed,600,100,0.166666667
Maharashtra,OSMANABAD,1999,Kharif,Cotton(lint),3000,2000,0.666666667
Maharashtra,OSMANABAD,1999,Kharif,Groundnut,11500,5700,0.495652174
Maharashtra,OSMANABAD,1999,Kharif,Jowar,87600,81800,0.933789954
Maharashtra,OSMANABAD,1999,Kharif,Maize,10700,13000,1.214953271
Maharashtra,OSMANABAD,1999,Kharif,Moong(Green Gram),17900,2400,0.134078212
Maharashtra,OSMANABAD,1999,Kharif,Niger seed,10900,3000,0.275229358
Maharashtra,OSMANABAD,1999,Kharif,Other Kharif pulses,2800,900,0.321428571
Maharashtra,OSMANABAD,1999,Kharif,Rice,15200,8500,0.559210526
Maharashtra,OSMANABAD,1999,Kharif,Sesamum,6000,1200,0.2
Maharashtra,OSMANABAD,1999,Kharif,Small millets,500,500,1
Maharashtra,OSMANABAD,1999,Kharif,Soyabean,2800,2400,0.857142857
Maharashtra,OSMANABAD,1999,Kharif,Sunflower,34400,12000,0.348837209
Maharashtra,OSMANABAD,1999,Kharif,Urad,39900,8300,0.20802005
Maharashtra,OSMANABAD,1999,Rabi,Gram,50300,28100,0.558648111
Maharashtra,OSMANABAD,1999,Rabi,Jowar,213500,181600,0.85058548
Maharashtra,OSMANABAD,1999,Rabi,Linseed,10900,3800,0.348623853
Maharashtra,OSMANABAD,1999,Rabi,Other  Rabi pulses,1500,700,0.466666667
Maharashtra,OSMANABAD,1999,Rabi,Safflower,36300,19500,0.537190083
Maharashtra,OSMANABAD,1999,Rabi,Small millets,1000,500,0.5
Maharashtra,OSMANABAD,1999,Rabi,Sunflower,37500,19900,0.530666667
Maharashtra,OSMANABAD,1999,Rabi,Wheat,36200,28700,0.79281768
Maharashtra,OSMANABAD,1999,Summer,Groundnut,4000,4100,1.025
Maharashtra,OSMANABAD,1999,Summer,Maize,200,300,1.5
Maharashtra,OSMANABAD,1999,Summer,Sunflower,1000,600,0.6
Maharashtra,OSMANABAD,1999,Whole Year,Sugarcane,26600,1859500,69.90601504
Maharashtra,OSMANABAD,2000,Kharif,Arhar/Tur,83600,58500,0.699760766
Maharashtra,OSMANABAD,2000,Kharif,Bajra,19700,10600,0.538071066
Maharashtra,OSMANABAD,2000,Kharif,Cotton(lint),2600,1100,0.423076923
Maharashtra,OSMANABAD,2000,Kharif,Groundnut,10700,4900,0.457943925
Maharashtra,OSMANABAD,2000,Kharif,Jowar,89600,113400,1.265625
Maharashtra,OSMANABAD,2000,Kharif,Maize,12000,11400,0.95
Maharashtra,OSMANABAD,2000,Kharif,Moong(Green Gram),17900,5000,0.279329609
Maharashtra,OSMANABAD,2000,Kharif,Niger seed,6700,2200,0.328358209
Maharashtra,OSMANABAD,2000,Kharif,Other Kharif pulses,2700,900,0.333333333
Maharashtra,OSMANABAD,2000,Kharif,Rice,17200,8400,0.488372093
Maharashtra,OSMANABAD,2000,Kharif,Sesamum,6800,1500,0.220588235
Maharashtra,OSMANABAD,2000,Kharif,Small millets,4000,2500,0.625
Maharashtra,OSMANABAD,2000,Kharif,Soyabean,2100,1700,0.80952381
Maharashtra,OSMANABAD,2000,Kharif,Sunflower,33800,15900,0.470414201
Maharashtra,OSMANABAD,2000,Kharif,Urad,46400,19600,0.422413793
Maharashtra,OSMANABAD,2000,Rabi,Gram,53100,30100,0.566854991
Maharashtra,OSMANABAD,2000,Rabi,Jowar,226600,179400,0.791703442
Maharashtra,OSMANABAD,2000,Rabi,Linseed,10700,3000,0.280373832
Maharashtra,OSMANABAD,2000,Rabi,Maize,200,300,1.5
Maharashtra,OSMANABAD,2000,Rabi,Other  Rabi pulses,1000,400,0.4
Maharashtra,OSMANABAD,2000,Rabi,Safflower,35300,15000,0.424929178
Maharashtra,OSMANABAD,2000,Rabi,Small millets,600,300,0.5
Maharashtra,OSMANABAD,2000,Rabi,Sunflower,34000,18000,0.529411765
Maharashtra,OSMANABAD,2000,Rabi,Wheat,34500,34200,0.991304348
Maharashtra,OSMANABAD,2000,Summer,Groundnut,4000,4400,1.1
Maharashtra,OSMANABAD,2000,Summer,Sunflower,600,300,0.5
Maharashtra,OSMANABAD,2000,Whole Year,Sugarcane,25700,1853300,72.11284047
Maharashtra,OSMANABAD,2001,Kharif,Arhar/Tur,68100,35100,0.515418502
Maharashtra,OSMANABAD,2001,Kharif,Bajra,18500,5500,0.297297297
Maharashtra,OSMANABAD,2001,Kharif,Castor seed,500,10,0.02
Maharashtra,OSMANABAD,2001,Kharif,Cotton(lint),2500,900,0.36
Maharashtra,OSMANABAD,2001,Kharif,Groundnut,8600,2900,0.337209302
Maharashtra,OSMANABAD,2001,Kharif,Jowar,82400,51300,0.622572816
Maharashtra,OSMANABAD,2001,Kharif,Maize,9000,5200,0.577777778
Maharashtra,OSMANABAD,2001,Kharif,Moong(Green Gram),18900,1500,0.079365079
Maharashtra,OSMANABAD,2001,Kharif,Niger seed,4500,900,0.2
Maharashtra,OSMANABAD,2001,Kharif,Other Kharif pulses,1300,300,0.230769231
Maharashtra,OSMANABAD,2001,Kharif,Rice,15800,2400,0.151898734
Maharashtra,OSMANABAD,2001,Kharif,Sesamum,5200,1200,0.230769231
Maharashtra,OSMANABAD,2001,Kharif,Small millets,2100,1400,0.666666667
Maharashtra,OSMANABAD,2001,Kharif,Soyabean,3600,700,0.194444444
Maharashtra,OSMANABAD,2001,Kharif,Sunflower,20300,5000,0.246305419
Maharashtra,OSMANABAD,2001,Kharif,Urad,46700,3800,0.08137045
Maharashtra,OSMANABAD,2001,Rabi,Gram,58400,30600,0.523972603
Maharashtra,OSMANABAD,2001,Rabi,Jowar,253600,171300,0.675473186
Maharashtra,OSMANABAD,2001,Rabi,Linseed,11900,5900,0.495798319
Maharashtra,OSMANABAD,2001,Rabi,Other  Rabi pulses,1300,500,0.384615385
Maharashtra,OSMANABAD,2001,Rabi,Rapeseed &Mustard,300,100,0.333333333
Maharashtra,OSMANABAD,2001,Rabi,Safflower,35000,10600,0.302857143
Maharashtra,OSMANABAD,2001,Rabi,Small millets,1200,600,0.5
Maharashtra,OSMANABAD,2001,Rabi,Sunflower,38100,17100,0.448818898
Maharashtra,OSMANABAD,2001,Rabi,Wheat,27000,25300,0.937037037
Maharashtra,OSMANABAD,2001,Summer,Groundnut,700,700,1
Maharashtra,OSMANABAD,2001,Summer,Maize,200,300,1.5
Maharashtra,OSMANABAD,2001,Summer,Sunflower,200,100,0.5
Maharashtra,OSMANABAD,2001,Whole Year,Sugarcane,27100,1662800,61.35793358
Maharashtra,OSMANABAD,2002,Kharif,Arhar/Tur,81500,44100,0.541104294
Maharashtra,OSMANABAD,2002,Kharif,Bajra,20500,8300,0.404878049
Maharashtra,OSMANABAD,2002,Kharif,Cotton(lint),1900,1200,0.631578947
Maharashtra,OSMANABAD,2002,Kharif,Groundnut,7900,3700,0.46835443
Maharashtra,OSMANABAD,2002,Kharif,Jowar,85900,76100,0.885913853
Maharashtra,OSMANABAD,2002,Kharif,Maize,10900,7100,0.651376147
Maharashtra,OSMANABAD,2002,Kharif,Moong(Green Gram),21300,6400,0.300469484
Maharashtra,OSMANABAD,2002,Kharif,Niger seed,5100,1600,0.31372549
Maharashtra,OSMANABAD,2002,Kharif,Other Kharif pulses,2500,400,0.16
Maharashtra,OSMANABAD,2002,Kharif,Rice,16700,5200,0.311377246
Maharashtra,OSMANABAD,2002,Kharif,Sesamum,5500,1600,0.290909091
Maharashtra,OSMANABAD,2002,Kharif,Small millets,500,200,0.4
Maharashtra,OSMANABAD,2002,Kharif,Soyabean,4700,5200,1.106382979
Maharashtra,OSMANABAD,2002,Kharif,Sunflower,20500,10900,0.531707317
Maharashtra,OSMANABAD,2002,Kharif,Urad,52200,25000,0.478927203
Maharashtra,OSMANABAD,2002,Rabi,Gram,58400,22200,0.380136986
Maharashtra,OSMANABAD,2002,Rabi,Jowar,251400,146000,0.580747812
Maharashtra,OSMANABAD,2002,Rabi,Linseed,12700,3000,0.236220472
Maharashtra,OSMANABAD,2002,Rabi,Other  Rabi pulses,900,300,0.333333333
Maharashtra,OSMANABAD,2002,Rabi,Safflower,32600,13000,0.398773006
Maharashtra,OSMANABAD,2002,Rabi,Sunflower,42200,20100,0.476303318
Maharashtra,OSMANABAD,2002,Rabi,Wheat,25800,28600,1.108527132
Maharashtra,OSMANABAD,2002,Summer,Groundnut,500,800,1.6
Maharashtra,OSMANABAD,2002,Summer,Maize,100,100,1
Maharashtra,OSMANABAD,2002,Summer,Sunflower,100,100,1
Maharashtra,OSMANABAD,2002,Whole Year,Sugarcane,24600,1277000,51.91056911
Maharashtra,OSMANABAD,2003,Kharif,Arhar/Tur,75000,14500,0.193333333
Maharashtra,OSMANABAD,2003,Kharif,Bajra,19700,5500,0.279187817
Maharashtra,OSMANABAD,2003,Kharif,Cotton(lint),1800,1100,0.611111111
Maharashtra,OSMANABAD,2003,Kharif,Groundnut,7800,2100,0.269230769
Maharashtra,OSMANABAD,2003,Kharif,Jowar,77200,39100,0.506476684
Maharashtra,OSMANABAD,2003,Kharif,Maize,11400,3900,0.342105263
Maharashtra,OSMANABAD,2003,Kharif,Moong(Green Gram),23100,5100,0.220779221
Maharashtra,OSMANABAD,2003,Kharif,Niger seed,5700,2100,0.368421053
Maharashtra,OSMANABAD,2003,Kharif,Other Kharif pulses,3100,500,0.161290323
Maharashtra,OSMANABAD,2003,Kharif,other oilseeds,800,100,0.125
Maharashtra,OSMANABAD,2003,Kharif,Rice,18000,2600,0.144444444
Maharashtra,OSMANABAD,2003,Kharif,Sesamum,6300,1000,0.158730159
Maharashtra,OSMANABAD,2003,Kharif,Small millets,600,300,0.5
Maharashtra,OSMANABAD,2003,Kharif,Soyabean,23300,10100,0.433476395
Maharashtra,OSMANABAD,2003,Kharif,Sunflower,22900,6100,0.266375546
Maharashtra,OSMANABAD,2003,Kharif,Urad,53000,11600,0.218867925
Maharashtra,OSMANABAD,2003,Rabi,Gram,59900,11700,0.195325543
Maharashtra,OSMANABAD,2003,Rabi,Jowar,282200,39600,0.14032601
Maharashtra,OSMANABAD,2003,Rabi,Linseed,6600,1400,0.212121212
Maharashtra,OSMANABAD,2003,Rabi,Other  Rabi pulses,1000,100,0.1
Maharashtra,OSMANABAD,2003,Rabi,Rapeseed &Mustard,500,100,0.2
Maharashtra,OSMANABAD,2003,Rabi,Safflower,36900,7100,0.192411924
Maharashtra,OSMANABAD,2003,Rabi,Small millets,800,200,0.25
Maharashtra,OSMANABAD,2003,Rabi,Sunflower,41400,5800,0.140096618
Maharashtra,OSMANABAD,2003,Rabi,Wheat,21900,4600,0.210045662
Maharashtra,OSMANABAD,2003,Summer,Groundnut,100,100,1
Maharashtra,OSMANABAD,2003,Summer,Sunflower,100,0,0
Maharashtra,OSMANABAD,2003,Whole Year,Banana,100,7510,75.1
Maharashtra,OSMANABAD,2003,Whole Year,Grapes,433,5869,13.55427252
Maharashtra,OSMANABAD,2003,Whole Year,Mango,4991,9230,1.849328792
Maharashtra,OSMANABAD,2003,Whole Year,Onion,550,2967,5.394545455
Maharashtra,OSMANABAD,2003,Whole Year,Sugarcane,12400,343500,27.7016129
Maharashtra,OSMANABAD,2003,Whole Year,Tomato,543,1712,3.152854512
Maharashtra,OSMANABAD,2004,Kharif,Arhar/Tur,83500,42600,0.510179641
Maharashtra,OSMANABAD,2004,Kharif,Bajra,19200,6600,0.34375
Maharashtra,OSMANABAD,2004,Kharif,Groundnut,7800,3600,0.461538462
Maharashtra,OSMANABAD,2004,Kharif,Jowar,77800,57800,0.742930591
Maharashtra,OSMANABAD,2004,Kharif,Maize,12100,9600,0.79338843
Maharashtra,OSMANABAD,2004,Kharif,Moong(Green Gram),22400,10400,0.464285714
Maharashtra,OSMANABAD,2004,Kharif,Niger seed,6400,2100,0.328125
Maharashtra,OSMANABAD,2004,Kharif,Other Cereals & Millets,1100,600,0.545454545
Maharashtra,OSMANABAD,2004,Kharif,Other Kharif pulses,2100,500,0.238095238
Maharashtra,OSMANABAD,2004,Kharif,other oilseeds,600,100,0.166666667
Maharashtra,OSMANABAD,2004,Kharif,Rice,18500,6700,0.362162162
Maharashtra,OSMANABAD,2004,Kharif,Sesamum,6200,1600,0.258064516
Maharashtra,OSMANABAD,2004,Kharif,Sunflower,23600,9800,0.415254237
Maharashtra,OSMANABAD,2004,Kharif,Urad,51900,25400,0.489402697
Maharashtra,OSMANABAD,2004,Rabi,Gram,51100,26000,0.508806262
Maharashtra,OSMANABAD,2004,Rabi,Jowar,255700,144500,0.56511537
Maharashtra,OSMANABAD,2004,Rabi,Linseed,6900,3100,0.449275362
Maharashtra,OSMANABAD,2004,Rabi,Maize,900,1200,1.333333333
Maharashtra,OSMANABAD,2004,Rabi,Other  Rabi pulses,1300,300,0.230769231
Maharashtra,OSMANABAD,2004,Rabi,Other Cereals & Millets,400,200,0.5
Maharashtra,OSMANABAD,2004,Rabi,Rapeseed &Mustard,500,200,0.4
Maharashtra,OSMANABAD,2004,Rabi,Safflower,36200,18200,0.502762431
Maharashtra,OSMANABAD,2004,Rabi,Soyabean,27200,33300,1.224264706
Maharashtra,OSMANABAD,2004,Rabi,Sunflower,40400,23700,0.586633663
Maharashtra,OSMANABAD,2004,Rabi,Wheat,25700,19900,0.774319066
Maharashtra,OSMANABAD,2004,Summer,Groundnut,1900,3100,1.631578947
Maharashtra,OSMANABAD,2004,Summer,Maize,500,500,1
Maharashtra,OSMANABAD,2004,Summer,Sunflower,900,400,0.444444444
Maharashtra,OSMANABAD,2004,Whole Year,Cotton(lint),5700,5300,0.929824561
Maharashtra,OSMANABAD,2004,Whole Year,Sugarcane,4200,224600,53.47619048
Maharashtra,OSMANABAD,2005,Kharif,Arhar/Tur,84700,49800,0.587957497
Maharashtra,OSMANABAD,2005,Kharif,Bajra,20100,8500,0.422885572
Maharashtra,OSMANABAD,2005,Kharif,Castor seed,1000,100,0.1
Maharashtra,OSMANABAD,2005,Kharif,Cotton(lint),4500,5600,1.244444444
Maharashtra,OSMANABAD,2005,Kharif,Groundnut,7100,4100,0.577464789
Maharashtra,OSMANABAD,2005,Kharif,Moong(Green Gram),18300,11300,0.617486339
Maharashtra,OSMANABAD,2005,Kharif,Niger seed,6100,1400,0.229508197
Maharashtra,OSMANABAD,2005,Kharif,Rice,17000,6400,0.376470588
Maharashtra,OSMANABAD,2005,Kharif,Sesamum,5600,1600,0.285714286
Maharashtra,OSMANABAD,2005,Kharif,Soyabean,33500,36300,1.08358209
Maharashtra,OSMANABAD,2005,Kharif,Sugarcane,10900,723400,66.36697248
Maharashtra,OSMANABAD,2005,Kharif,Sunflower,25500,13800,0.541176471
Maharashtra,OSMANABAD,2005,Kharif,Urad,46500,26900,0.578494624
Maharashtra,OSMANABAD,2005,Rabi,Gram,63900,44700,0.699530516
Maharashtra,OSMANABAD,2005,Rabi,Linseed,4900,1500,0.306122449
Maharashtra,OSMANABAD,2005,Rabi,Safflower,37700,26000,0.689655172
Maharashtra,OSMANABAD,2005,Rabi,Sunflower,43400,31900,0.735023041
Maharashtra,OSMANABAD,2005,Rabi,Wheat,36300,36800,1.013774105
Maharashtra,OSMANABAD,2005,Summer,Groundnut,7000,8900,1.271428571
Maharashtra,OSMANABAD,2005,Summer,Sunflower,2100,1600,0.761904762
Maharashtra,OSMANABAD,2006,Kharif,Arhar/Tur,95900,49500,0.516162669
Maharashtra,OSMANABAD,2006,Kharif,Bajra,20000,10200,0.51
Maharashtra,OSMANABAD,2006,Kharif,Castor seed,1000,100,0.1
Maharashtra,OSMANABAD,2006,Kharif,Cotton(lint),5100,4900,0.960784314
Maharashtra,OSMANABAD,2006,Kharif,Groundnut,8000,5300,0.6625
Maharashtra,OSMANABAD,2006,Kharif,Jowar,72900,53400,0.732510288
Maharashtra,OSMANABAD,2006,Kharif,Maize,12500,12000,0.96
Maharashtra,OSMANABAD,2006,Kharif,Moong(Green Gram),19000,2000,0.105263158
Maharashtra,OSMANABAD,2006,Kharif,Niger seed,6100,1300,0.213114754
Maharashtra,OSMANABAD,2006,Kharif,Rice,17500,6700,0.382857143
Maharashtra,OSMANABAD,2006,Kharif,Sesamum,5000,1000,0.2
Maharashtra,OSMANABAD,2006,Kharif,Soyabean,32400,19500,0.601851852
Maharashtra,OSMANABAD,2006,Kharif,Sunflower,34800,20000,0.574712644
Maharashtra,OSMANABAD,2006,Kharif,Urad,47700,5700,0.119496855
Maharashtra,OSMANABAD,2006,Rabi,Gram,72100,42900,0.595006935
Maharashtra,OSMANABAD,2006,Rabi,Jowar,237500,173700,0.731368421
Maharashtra,OSMANABAD,2006,Rabi,Linseed,5600,1600,0.285714286
Maharashtra,OSMANABAD,2006,Rabi,Maize,1000,2400,2.4
Maharashtra,OSMANABAD,2006,Rabi,Rapeseed &Mustard,300,100,0.333333333
Maharashtra,OSMANABAD,2006,Rabi,Safflower,35500,19700,0.554929577
Maharashtra,OSMANABAD,2006,Rabi,Sunflower,43500,25400,0.583908046
Maharashtra,OSMANABAD,2006,Rabi,Wheat,38600,33900,0.878238342
Maharashtra,OSMANABAD,2006,Summer,Groundnut,7900,8400,1.063291139
Maharashtra,OSMANABAD,2006,Summer,Maize,1600,1000,0.625
Maharashtra,OSMANABAD,2006,Summer,Sunflower,2100,1300,0.619047619
Maharashtra,OSMANABAD,2007,Kharif,Arhar/Tur,1000,1152,1.152
Maharashtra,OSMANABAD,2007,Kharif,Bajra,206,102,0.495145631
Maharashtra,OSMANABAD,2007,Kharif,Castor seed,1,0.2,0.2
Maharashtra,OSMANABAD,2007,Kharif,Cotton(lint),38,56,1.473684211
Maharashtra,OSMANABAD,2007,Kharif,Groundnut,71,40,0.563380282
Maharashtra,OSMANABAD,2007,Kharif,Jowar,678,502,0.740412979
Maharashtra,OSMANABAD,2007,Kharif,Maize,136,111,0.816176471
Maharashtra,OSMANABAD,2007,Kharif,Moong(Green Gram),231,98,0.424242424
Maharashtra,OSMANABAD,2007,Kharif,Rice,166,69,0.415662651
Maharashtra,OSMANABAD,2007,Kharif,Sesamum,50,12,0.24
Maharashtra,OSMANABAD,2007,Kharif,Soyabean,362,474,1.309392265
Maharashtra,OSMANABAD,2007,Kharif,Sunflower,311,148,0.475884244
Maharashtra,OSMANABAD,2007,Kharif,Urad,588,292,0.496598639
Maharashtra,OSMANABAD,2007,Rabi,Gram,584,441,0.755136986
Maharashtra,OSMANABAD,2007,Rabi,Jowar,2521,2205,0.874652916
Maharashtra,OSMANABAD,2007,Rabi,Linseed,66,20,0.303030303
Maharashtra,OSMANABAD,2007,Rabi,Maize,9,24,2.666666667
Maharashtra,OSMANABAD,2007,Rabi,Safflower,329,216,0.656534954
Maharashtra,OSMANABAD,2007,Rabi,Sunflower,363,277,0.763085399
Maharashtra,OSMANABAD,2007,Rabi,Wheat,292,346,1.184931507
Maharashtra,OSMANABAD,2007,Summer,Groundnut,20,25,1.25
Maharashtra,OSMANABAD,2007,Summer,Maize,5,6,1.2
Maharashtra,OSMANABAD,2007,Summer,Sunflower,6,3,0.5
Maharashtra,OSMANABAD,2007,Whole Year,Sugarcane,538,35861,66.65613383
Maharashtra,OSMANABAD,2008,Kharif,Arhar/Tur,59000,32400,0.549152542
Maharashtra,OSMANABAD,2008,Kharif,Bajra,17100,7700,0.450292398
Maharashtra,OSMANABAD,2008,Kharif,Castor seed,700,100,0.142857143
Maharashtra,OSMANABAD,2008,Kharif,Cotton(lint),2400,2700,1.125
Maharashtra,OSMANABAD,2008,Kharif,Groundnut,9900,5100,0.515151515
Maharashtra,OSMANABAD,2008,Kharif,Jowar,52100,26600,0.510556622
Maharashtra,OSMANABAD,2008,Kharif,Maize,12600,10200,0.80952381
Maharashtra,OSMANABAD,2008,Kharif,Moong(Green Gram),11700,1900,0.162393162
Maharashtra,OSMANABAD,2008,Kharif,Niger seed,2100,500,0.238095238
Maharashtra,OSMANABAD,2008,Kharif,Rice,5000,1800,0.36
Maharashtra,OSMANABAD,2008,Kharif,Sesamum,4200,900,0.214285714
Maharashtra,OSMANABAD,2008,Kharif,Soyabean,26200,7000,0.267175573
Maharashtra,OSMANABAD,2008,Kharif,Sugarcane,35700,2354500,65.95238095
Maharashtra,OSMANABAD,2008,Kharif,Sunflower,21600,11400,0.527777778
Maharashtra,OSMANABAD,2008,Kharif,Urad,26600,4500,0.169172932
Maharashtra,OSMANABAD,2008,Rabi,Gram,102100,71400,0.699314398
Maharashtra,OSMANABAD,2008,Rabi,Jowar,286600,236000,0.823447313
Maharashtra,OSMANABAD,2008,Rabi,Linseed,6800,1300,0.191176471
Maharashtra,OSMANABAD,2008,Rabi,Maize,18,33,1.833333333
Maharashtra,OSMANABAD,2008,Rabi,Rapeseed &Mustard,300,100,0.333333333
Maharashtra,OSMANABAD,2008,Rabi,Safflower,28300,14200,0.501766784
Maharashtra,OSMANABAD,2008,Rabi,Sunflower,41500,28300,0.681927711
Maharashtra,OSMANABAD,2008,Rabi,Wheat,39800,42500,1.067839196
Maharashtra,OSMANABAD,2008,Whole Year,Sugarcane,35700,2354500,65.95238095
Maharashtra,OSMANABAD,2009,Kharif,Arhar/Tur,72600,56500,0.778236915
Maharashtra,OSMANABAD,2009,Kharif,Bajra,17600,8000,0.454545455
Maharashtra,OSMANABAD,2009,Kharif,Cotton(lint),4200,5700,1.357142857
Maharashtra,OSMANABAD,2009,Kharif,Groundnut,10700,5400,0.504672897
Maharashtra,OSMANABAD,2009,Kharif,Jowar,83000,44300,0.53373494
Maharashtra,OSMANABAD,2009,Kharif,Maize,16200,18900,1.166666667
Maharashtra,OSMANABAD,2009,Kharif,Moong(Green Gram),13900,3600,0.258992806
Maharashtra,OSMANABAD,2009,Kharif,Niger seed,2000,500,0.25
Maharashtra,OSMANABAD,2009,Kharif,Rice,6100,3700,0.606557377
Maharashtra,OSMANABAD,2009,Kharif,Sesamum,3800,1000,0.263157895
Maharashtra,OSMANABAD,2009,Kharif,Soyabean,46100,22400,0.485900217
Maharashtra,OSMANABAD,2009,Kharif,Sugarcane,38200,3192200,83.56544503
Maharashtra,OSMANABAD,2009,Kharif,Sunflower,19100,8700,0.455497382
Maharashtra,OSMANABAD,2009,Kharif,Urad,26900,5700,0.211895911
Maharashtra,OSMANABAD,2009,Rabi,Gram,69800,54200,0.776504298
Maharashtra,OSMANABAD,2009,Rabi,Jowar,264900,216000,0.815402039
Maharashtra,OSMANABAD,2009,Rabi,Linseed,6100,1400,0.229508197
Maharashtra,OSMANABAD,2009,Rabi,Maize,1800,800,0.444444444
Maharashtra,OSMANABAD,2009,Rabi,Safflower,30600,16500,0.539215686
Maharashtra,OSMANABAD,2009,Rabi,Sunflower,37000,22400,0.605405405
Maharashtra,OSMANABAD,2009,Rabi,Wheat,38600,39300,1.018134715
Maharashtra,OSMANABAD,2010,Kharif,Arhar/Tur,94300,72800,0.772004242
Maharashtra,OSMANABAD,2010,Kharif,Bajra,16600,6700,0.403614458
Maharashtra,OSMANABAD,2010,Kharif,Castor seed,500,100,0.2
Maharashtra,OSMANABAD,2010,Kharif,Cotton(lint),18200,38700,2.126373626
Maharashtra,OSMANABAD,2010,Kharif,Groundnut,9200,6100,0.663043478
Maharashtra,OSMANABAD,2010,Kharif,Jowar,51400,41200,0.80155642
Maharashtra,OSMANABAD,2010,Kharif,Maize,15600,13600,0.871794872
Maharashtra,OSMANABAD,2010,Kharif,Moong(Green Gram),19800,9400,0.474747475
Maharashtra,OSMANABAD,2010,Kharif,Niger seed,4600,1200,0.260869565
Maharashtra,OSMANABAD,2010,Kharif,Rice,11200,3400,0.303571429
Maharashtra,OSMANABAD,2010,Kharif,Sesamum,4300,900,0.209302326
Maharashtra,OSMANABAD,2010,Kharif,Soyabean,65200,111400,1.708588957
Maharashtra,OSMANABAD,2010,Kharif,Sugarcane,43200,3175200,73.5
Maharashtra,OSMANABAD,2010,Kharif,Sunflower,20200,9800,0.485148515
Maharashtra,OSMANABAD,2010,Kharif,Urad,57100,27800,0.486865149
Maharashtra,OSMANABAD,2010,Rabi,Gram,73900,62600,0.847090663
Maharashtra,OSMANABAD,2010,Rabi,Jowar,269100,201300,0.748049052
Maharashtra,OSMANABAD,2010,Rabi,Linseed,6500,1300,0.2
Maharashtra,OSMANABAD,2010,Rabi,Maize,1800,3700,2.055555556
Maharashtra,OSMANABAD,2010,Rabi,Rapeseed &Mustard,600,200,0.333333333
Maharashtra,OSMANABAD,2010,Rabi,Safflower,28500,17200,0.603508772
Maharashtra,OSMANABAD,2010,Rabi,Sunflower,37300,25800,0.691689008
Maharashtra,OSMANABAD,2010,Rabi,Wheat,41800,43300,1.035885167
Maharashtra,OSMANABAD,2011,Kharif,Arhar/Tur,97800,73900,0.755623722
Maharashtra,OSMANABAD,2011,Kharif,Bajra,16800,9400,0.55952381
Maharashtra,OSMANABAD,2011,Kharif,Castor seed,300,100,0.333333333
Maharashtra,OSMANABAD,2011,Kharif,Cotton(lint),20500,37600,1.834146341
Maharashtra,OSMANABAD,2011,Kharif,Groundnut,7400,4700,0.635135135
Maharashtra,OSMANABAD,2011,Kharif,Jowar,55100,57900,1.050816697
Maharashtra,OSMANABAD,2011,Kharif,Maize,16200,17700,1.092592593
Maharashtra,OSMANABAD,2011,Kharif,Moong(Green Gram),13400,7800,0.582089552
Maharashtra,OSMANABAD,2011,Kharif,Niger seed,4200,1100,0.261904762
Maharashtra,OSMANABAD,2011,Kharif,Other Kharif pulses,800,200,0.25
Maharashtra,OSMANABAD,2011,Kharif,Rice,10700,4100,0.38317757
Maharashtra,OSMANABAD,2011,Kharif,Sesamum,4500,1200,0.266666667
Maharashtra,OSMANABAD,2011,Kharif,Soyabean,90800,137400,1.513215859
Maharashtra,OSMANABAD,2011,Kharif,Sunflower,14300,7900,0.552447552
Maharashtra,OSMANABAD,2011,Kharif,Urad,36300,23400,0.644628099
Maharashtra,OSMANABAD,2011,Rabi,Gram,54200,38200,0.704797048
Maharashtra,OSMANABAD,2011,Rabi,Jowar,248500,179500,0.722334004
Maharashtra,OSMANABAD,2011,Rabi,Linseed,4600,1100,0.239130435
Maharashtra,OSMANABAD,2011,Rabi,Maize,2100,5400,2.571428571
Maharashtra,OSMANABAD,2011,Rabi,Other  Rabi pulses,800,300,0.375
Maharashtra,OSMANABAD,2011,Rabi,Rapeseed &Mustard,100,30,0.3
Maharashtra,OSMANABAD,2011,Rabi,Safflower,25800,13200,0.511627907
Maharashtra,OSMANABAD,2011,Rabi,Sunflower,17600,12600,0.715909091
Maharashtra,OSMANABAD,2011,Rabi,Wheat,30300,37500,1.237623762
Maharashtra,OSMANABAD,2011,Summer,Groundnut,1300,700,0.538461538
Maharashtra,OSMANABAD,2011,Summer,Maize,800,700,0.875
Maharashtra,OSMANABAD,2011,Summer,Sunflower,300,200,0.666666667
Maharashtra,OSMANABAD,2011,Whole Year,Sugarcane,54500,3663100,67.21284404
Maharashtra,OSMANABAD,2012,Kharif,Arhar/Tur,93200,28000,0.300429185
Maharashtra,OSMANABAD,2012,Kharif,Bajra,17200,5200,0.302325581
Maharashtra,OSMANABAD,2012,Kharif,Castor seed,2400,500,0.208333333
Maharashtra,OSMANABAD,2012,Kharif,Cotton(lint),26000,30400,1.169230769
Maharashtra,OSMANABAD,2012,Kharif,Groundnut,7300,2600,0.356164384
Maharashtra,OSMANABAD,2012,Kharif,Jowar,51000,23200,0.454901961
Maharashtra,OSMANABAD,2012,Kharif,Maize,18400,10800,0.586956522
Maharashtra,OSMANABAD,2012,Kharif,Moong(Green Gram),14600,3400,0.232876712
Maharashtra,OSMANABAD,2012,Kharif,Niger seed,3600,600,0.166666667
Maharashtra,OSMANABAD,2012,Kharif,Other Kharif pulses,2100,100,0.047619048
Maharashtra,OSMANABAD,2012,Kharif,Rice,11500,2800,0.243478261
Maharashtra,OSMANABAD,2012,Kharif,Sesamum,4900,800,0.163265306
Maharashtra,OSMANABAD,2012,Kharif,Soyabean,111700,101300,0.906893465
Maharashtra,OSMANABAD,2012,Kharif,Sunflower,14100,4800,0.340425532
Maharashtra,OSMANABAD,2012,Kharif,Urad,38200,11000,0.287958115
Maharashtra,OSMANABAD,2012,Rabi,Gram,55600,19400,0.348920863
Maharashtra,OSMANABAD,2012,Rabi,Jowar,245300,95300,0.388503873
Maharashtra,OSMANABAD,2012,Rabi,Linseed,3900,700,0.179487179
Maharashtra,OSMANABAD,2012,Rabi,Maize,2300,1700,0.739130435
Maharashtra,OSMANABAD,2012,Rabi,Other  Rabi pulses,1100,400,0.363636364
Maharashtra,OSMANABAD,2012,Rabi,Rapeseed &Mustard,1100,300,0.272727273
Maharashtra,OSMANABAD,2012,Rabi,Safflower,25100,8200,0.326693227
Maharashtra,OSMANABAD,2012,Rabi,Sunflower,17600,6300,0.357954545
Maharashtra,OSMANABAD,2012,Rabi,Wheat,24200,11300,0.466942149
Maharashtra,OSMANABAD,2012,Summer,Groundnut,1000,400,0.4
Maharashtra,OSMANABAD,2012,Summer,Maize,700,600,0.857142857
Maharashtra,OSMANABAD,2012,Summer,Sunflower,300,100,0.333333333
Maharashtra,OSMANABAD,2012,Whole Year,Sugarcane,52200,2233500,42.78735632
Maharashtra,OSMANABAD,2013,Kharif,Arhar/Tur,101000,115700,1.145544554
Maharashtra,OSMANABAD,2013,Kharif,Bajra,17700,12000,0.677966102
Maharashtra,OSMANABAD,2013,Kharif,Cotton(lint),29300,57300,1.955631399
Maharashtra,OSMANABAD,2013,Kharif,Groundnut,7100,6200,0.873239437
Maharashtra,OSMANABAD,2013,Kharif,Jowar,45300,45600,1.006622517
Maharashtra,OSMANABAD,2013,Kharif,Maize,21200,23000,1.08490566
Maharashtra,OSMANABAD,2013,Kharif,Moong(Green Gram),14600,8900,0.609589041
Maharashtra,OSMANABAD,2013,Kharif,Niger seed,3600,1100,0.305555556
Maharashtra,OSMANABAD,2013,Kharif,Other Kharif pulses,1800,400,0.222222222
Maharashtra,OSMANABAD,2013,Kharif,Rice,13100,6400,0.488549618
Maharashtra,OSMANABAD,2013,Kharif,Sesamum,5400,1500,0.277777778
Maharashtra,OSMANABAD,2013,Kharif,Soyabean,133500,270400,2.025468165
Maharashtra,OSMANABAD,2013,Kharif,Sunflower,14300,9000,0.629370629
Maharashtra,OSMANABAD,2013,Kharif,Urad,38100,25200,0.661417323
Maharashtra,OSMANABAD,2013,Rabi,Gram,85900,74700,0.869615832
Maharashtra,OSMANABAD,2013,Rabi,Jowar,199100,167400,0.840783526
Maharashtra,OSMANABAD,2013,Rabi,Linseed,4200,1000,0.238095238
Maharashtra,OSMANABAD,2013,Rabi,Maize,2500,6600,2.64
Maharashtra,OSMANABAD,2013,Rabi,Other  Rabi pulses,1900,800,0.421052632
Maharashtra,OSMANABAD,2013,Rabi,Safflower,26300,15200,0.577946768
Maharashtra,OSMANABAD,2013,Rabi,Sunflower,17600,10200,0.579545455
Maharashtra,OSMANABAD,2013,Rabi,Wheat,26700,41200,1.543071161
Maharashtra,OSMANABAD,2013,Summer,Groundnut,2000,2300,1.15
Maharashtra,OSMANABAD,2013,Summer,Maize,1300,1000,0.769230769
Maharashtra,OSMANABAD,2013,Summer,Sunflower,500,300,0.6
Maharashtra,OSMANABAD,2013,Whole Year,Sugarcane,68900,3175200,46.08417997
Maharashtra,OSMANABAD,2014,Kharif,Arhar/Tur,101000,28600,0.283168317
Maharashtra,OSMANABAD,2014,Kharif,Bajra,17700,4400,0.248587571
Maharashtra,OSMANABAD,2014,Kharif,Castor seed,1300,300,0.230769231
Maharashtra,OSMANABAD,2014,Kharif,Cotton(lint),29300,23000,0.784982935
Maharashtra,OSMANABAD,2014,Kharif,Groundnut,7100,1900,0.267605634
Maharashtra,OSMANABAD,2014,Kharif,Jowar,45300,12000,0.264900662
Maharashtra,OSMANABAD,2014,Kharif,Maize,21200,8000,0.377358491
Maharashtra,OSMANABAD,2014,Kharif,Moong(Green Gram),15600,3400,0.217948718
Maharashtra,OSMANABAD,2014,Kharif,Niger seed,3400,500,0.147058824
Maharashtra,OSMANABAD,2014,Kharif,Other Kharif pulses,2100,100,0.047619048
Maharashtra,OSMANABAD,2014,Kharif,Rice,13100,2500,0.190839695
Maharashtra,OSMANABAD,2014,Kharif,Sesamum,5400,600,0.111111111
Maharashtra,OSMANABAD,2014,Kharif,Soyabean,133500,65600,0.491385768
Maharashtra,OSMANABAD,2014,Kharif,Sunflower,14300,3500,0.244755245
Maharashtra,OSMANABAD,2014,Rabi,Gram,112900,48700,0.431355182
Maharashtra,OSMANABAD,2014,Rabi,Jowar,215900,74500,0.345067161
Maharashtra,OSMANABAD,2014,Rabi,Linseed,4900,1100,0.224489796
Maharashtra,OSMANABAD,2014,Rabi,Maize,2700,1600,0.592592593
Maharashtra,OSMANABAD,2014,Rabi,Other  Rabi pulses,1100,200,0.181818182
Maharashtra,OSMANABAD,2014,Rabi,Safflower,28300,8000,0.282685512
Maharashtra,OSMANABAD,2014,Rabi,Sunflower,15800,4900,0.310126582
Maharashtra,OSMANABAD,2014,Rabi,Wheat,24100,7100,0.294605809
Maharashtra,OSMANABAD,2014,Summer,Groundnut,1900,800,0.421052632
Maharashtra,OSMANABAD,2014,Summer,Maize,1300,800,0.615384615
Maharashtra,OSMANABAD,2014,Summer,Sunflower,500,200,0.4
Maharashtra,OSMANABAD,2014,Whole Year,Sugarcane,39800,1592200,40.00502513
Maharashtra,PALGHAR,2011,Summer,Groundnut,100,100,1
Maharashtra,PALGHAR,2014,Kharif,Arhar/Tur,2300,900,0.391304348
Maharashtra,PALGHAR,2014,Kharif,Groundnut,200,200,1
Maharashtra,PALGHAR,2014,Kharif,Moong(Green Gram),100,,
Maharashtra,PALGHAR,2014,Kharif,Niger seed,900,100,0.111111111
Maharashtra,PALGHAR,2014,Kharif,Other Kharif pulses,100,100,1
Maharashtra,PALGHAR,2014,Kharif,Ragi,10100,7000,0.693069307
Maharashtra,PALGHAR,2014,Kharif,Rice,74800,188300,2.517379679
Maharashtra,PALGHAR,2014,Rabi,Gram,1200,900,0.75
Maharashtra,PALGHAR,2014,Rabi,Other  Rabi pulses,2600,1800,0.692307692
Maharashtra,PALGHAR,2014,Rabi,Sunflower,1200,800,0.666666667
Maharashtra,PARBHANI,1997,Kharif,Arhar/Tur,80000,4000,0.05
Maharashtra,PARBHANI,1997,Kharif,Bajra,8800,4000,0.454545455
Maharashtra,PARBHANI,1997,Kharif,Gram,43700,12600,0.288329519
Maharashtra,PARBHANI,1997,Kharif,Jowar,182600,255500,1.399233297
Maharashtra,PARBHANI,1997,Kharif,Maize,1200,900,0.75
Maharashtra,PARBHANI,1997,Kharif,Moong(Green Gram),78300,4600,0.058748404
Maharashtra,PARBHANI,1997,Kharif,Pulses total,1883,127,0.067445566
Maharashtra,PARBHANI,1997,Kharif,Rice,22300,10300,0.461883408
Maharashtra,PARBHANI,1997,Kharif,Total foodgrain,4036,2836,0.702675917
Maharashtra,PARBHANI,1997,Kharif,Urad,27900,3400,0.121863799
Maharashtra,PARBHANI,1997,Rabi,Jowar,171300,57500,0.335668418
Maharashtra,PARBHANI,1997,Rabi,Maize,300,500,1.666666667
Maharashtra,PARBHANI,1997,Rabi,Other  Rabi pulses,210,8,0.038095238
Maharashtra,PARBHANI,1997,Rabi,Wheat,38600,31400,0.813471503
Maharashtra,PARBHANI,1997,Summer,Maize,200,300,1.5
Maharashtra,PARBHANI,1997,Whole Year,Cotton(lint),3325,190500,57.29323308
Maharashtra,PARBHANI,1998,Kharif,Arhar/Tur,73300,56200,0.766712142
Maharashtra,PARBHANI,1998,Kharif,Bajra,8200,4800,0.585365854
Maharashtra,PARBHANI,1998,Kharif,Castor seed,800,300,0.375
Maharashtra,PARBHANI,1998,Kharif,Cotton(lint),330000,281800,0.853939394
Maharashtra,PARBHANI,1998,Kharif,Groundnut,600,200,0.333333333
Maharashtra,PARBHANI,1998,Kharif,Jowar,181600,202500,1.115088106
Maharashtra,PARBHANI,1998,Kharif,Maize,1300,2400,1.846153846
Maharashtra,PARBHANI,1998,Kharif,Moong(Green Gram),78800,25000,0.317258883
Maharashtra,PARBHANI,1998,Kharif,Niger seed,2300,500,0.217391304
Maharashtra,PARBHANI,1998,Kharif,Other Kharif pulses,3300,1400,0.424242424
Maharashtra,PARBHANI,1998,Kharif,Rice,22900,10300,0.449781659
Maharashtra,PARBHANI,1998,Kharif,Sesamum,7000,1500,0.214285714
Maharashtra,PARBHANI,1998,Kharif,Soyabean,9000,8500,0.944444444
Maharashtra,PARBHANI,1998,Kharif,Sugarcane,17300,1314500,75.98265896
Maharashtra,PARBHANI,1998,Kharif,Sunflower,6000,2900,0.483333333
Maharashtra,PARBHANI,1998,Kharif,Urad,28300,13800,0.487632509
Maharashtra,PARBHANI,1998,Rabi,Gram,68000,32700,0.480882353
Maharashtra,PARBHANI,1998,Rabi,Jowar,148300,72400,0.488199595
Maharashtra,PARBHANI,1998,Rabi,Linseed,3100,900,0.290322581
Maharashtra,PARBHANI,1998,Rabi,Maize,400,600,1.5
Maharashtra,PARBHANI,1998,Rabi,Other  Rabi pulses,3700,1500,0.405405405
Maharashtra,PARBHANI,1998,Rabi,Other Cereals & Millets,1600,2000,1.25
Maharashtra,PARBHANI,1998,Rabi,Rapeseed &Mustard,700,100,0.142857143
Maharashtra,PARBHANI,1998,Rabi,Safflower,48200,22400,0.46473029
Maharashtra,PARBHANI,1998,Rabi,Sesamum,100,,
Maharashtra,PARBHANI,1998,Rabi,Sunflower,20700,18900,0.913043478
Maharashtra,PARBHANI,1998,Rabi,Wheat,74400,102900,1.383064516
Maharashtra,PARBHANI,1998,Summer,Groundnut,11900,15500,1.302521008
Maharashtra,PARBHANI,1998,Summer,Maize,300,400,1.333333333
Maharashtra,PARBHANI,1998,Summer,Sunflower,800,500,0.625
Maharashtra,PARBHANI,1999,Kharif,Arhar/Tur,47900,27400,0.572025052
Maharashtra,PARBHANI,1999,Kharif,Bajra,7400,5200,0.702702703
Maharashtra,PARBHANI,1999,Kharif,Castor seed,1100,300,0.272727273
Maharashtra,PARBHANI,1999,Kharif,Cotton(lint),219200,137100,0.625456204
Maharashtra,PARBHANI,1999,Kharif,Groundnut,100,100,1
Maharashtra,PARBHANI,1999,Kharif,Jowar,101400,137400,1.355029586
Maharashtra,PARBHANI,1999,Kharif,Maize,1200,1400,1.166666667
Maharashtra,PARBHANI,1999,Kharif,Moong(Green Gram),59600,16000,0.268456376
Maharashtra,PARBHANI,1999,Kharif,Niger seed,1900,400,0.210526316
Maharashtra,PARBHANI,1999,Kharif,Other Kharif pulses,1400,500,0.357142857
Maharashtra,PARBHANI,1999,Kharif,Rice,9100,4200,0.461538462
Maharashtra,PARBHANI,1999,Kharif,Sesamum,4100,900,0.219512195
Maharashtra,PARBHANI,1999,Kharif,Small millets,300,300,1
Maharashtra,PARBHANI,1999,Kharif,Soyabean,8600,21000,2.441860465
Maharashtra,PARBHANI,1999,Kharif,Sunflower,4400,2400,0.545454545
Maharashtra,PARBHANI,1999,Kharif,Urad,14000,4800,0.342857143
Maharashtra,PARBHANI,1999,Rabi,Gram,57600,35100,0.609375
Maharashtra,PARBHANI,1999,Rabi,Jowar,138900,109000,0.784737221
Maharashtra,PARBHANI,1999,Rabi,Linseed,900,300,0.333333333
Maharashtra,PARBHANI,1999,Rabi,Maize,100,100,1
Maharashtra,PARBHANI,1999,Rabi,Other  Rabi pulses,2400,1100,0.458333333
Maharashtra,PARBHANI,1999,Rabi,Rapeseed &Mustard,1200,300,0.25
Maharashtra,PARBHANI,1999,Rabi,Safflower,30500,20700,0.678688525
Maharashtra,PARBHANI,1999,Rabi,Sunflower,12800,9000,0.703125
Maharashtra,PARBHANI,1999,Rabi,Wheat,41500,52200,1.257831325
Maharashtra,PARBHANI,1999,Summer,Groundnut,8100,9000,1.111111111
Maharashtra,PARBHANI,1999,Summer,Maize,400,500,1.25
Maharashtra,PARBHANI,1999,Summer,Sunflower,500,200,0.4
Maharashtra,PARBHANI,1999,Whole Year,Sugarcane,12300,1096000,89.10569106
Maharashtra,PARBHANI,2000,Kharif,Arhar/Tur,50800,23100,0.454724409
Maharashtra,PARBHANI,2000,Kharif,Bajra,9200,6000,0.652173913
Maharashtra,PARBHANI,2000,Kharif,Castor seed,1200,300,0.25
Maharashtra,PARBHANI,2000,Kharif,Cotton(lint),202400,90500,0.447134387
Maharashtra,PARBHANI,2000,Kharif,Groundnut,100,100,1
Maharashtra,PARBHANI,2000,Kharif,Jowar,104500,130600,1.249760766
Maharashtra,PARBHANI,2000,Kharif,Maize,1400,1300,0.928571429
Maharashtra,PARBHANI,2000,Kharif,Moong(Green Gram),72900,12800,0.17558299
Maharashtra,PARBHANI,2000,Kharif,Niger seed,1900,400,0.210526316
Maharashtra,PARBHANI,2000,Kharif,Other Kharif pulses,800,300,0.375
Maharashtra,PARBHANI,2000,Kharif,Rice,9600,3300,0.34375
Maharashtra,PARBHANI,2000,Kharif,Sesamum,4800,900,0.1875
Maharashtra,PARBHANI,2000,Kharif,Small millets,400,300,0.75
Maharashtra,PARBHANI,2000,Kharif,Soyabean,11400,12200,1.070175439
Maharashtra,PARBHANI,2000,Kharif,Sunflower,4500,1900,0.422222222
Maharashtra,PARBHANI,2000,Kharif,Urad,15500,4200,0.270967742
Maharashtra,PARBHANI,2000,Rabi,Gram,34900,16700,0.478510029
Maharashtra,PARBHANI,2000,Rabi,Jowar,156100,110100,0.705317104
Maharashtra,PARBHANI,2000,Rabi,Linseed,1000,300,0.3
Maharashtra,PARBHANI,2000,Rabi,Maize,900,1100,1.222222222
Maharashtra,PARBHANI,2000,Rabi,Other  Rabi pulses,1600,600,0.375
Maharashtra,PARBHANI,2000,Rabi,Rapeseed &Mustard,800,200,0.25
Maharashtra,PARBHANI,2000,Rabi,Safflower,31500,16000,0.507936508
Maharashtra,PARBHANI,2000,Rabi,Sunflower,13500,10600,0.785185185
Maharashtra,PARBHANI,2000,Rabi,Wheat,31900,41400,1.297805643
Maharashtra,PARBHANI,2000,Summer,Groundnut,4300,3800,0.88372093
Maharashtra,PARBHANI,2000,Summer,Sunflower,200,100,0.5
Maharashtra,PARBHANI,2000,Whole Year,Sugarcane,12900,849600,65.86046512
Maharashtra,PARBHANI,2001,Kharif,Arhar/Tur,52700,28500,0.540796964
Maharashtra,PARBHANI,2001,Kharif,Bajra,9600,4300,0.447916667
Maharashtra,PARBHANI,2001,Kharif,Castor seed,600,100,0.166666667
Maharashtra,PARBHANI,2001,Kharif,Cotton(lint),203400,179700,0.883480826
Maharashtra,PARBHANI,2001,Kharif,Groundnut,200,100,0.5
Maharashtra,PARBHANI,2001,Kharif,Jowar,104800,135400,1.291984733
Maharashtra,PARBHANI,2001,Kharif,Maize,1300,2400,1.846153846
Maharashtra,PARBHANI,2001,Kharif,Moong(Green Gram),72800,14300,0.196428571
Maharashtra,PARBHANI,2001,Kharif,Niger seed,2400,400,0.166666667
Maharashtra,PARBHANI,2001,Kharif,Other Kharif pulses,400,100,0.25
Maharashtra,PARBHANI,2001,Kharif,Rice,9600,5300,0.552083333
Maharashtra,PARBHANI,2001,Kharif,Sesamum,5100,2300,0.450980392
Maharashtra,PARBHANI,2001,Kharif,Small millets,200,200,1
Maharashtra,PARBHANI,2001,Kharif,Soyabean,16100,19900,1.236024845
Maharashtra,PARBHANI,2001,Kharif,Sunflower,4600,3400,0.739130435
Maharashtra,PARBHANI,2001,Kharif,Urad,15700,4200,0.267515924
Maharashtra,PARBHANI,2001,Rabi,Gram,39200,21000,0.535714286
Maharashtra,PARBHANI,2001,Rabi,Jowar,167700,138700,0.827072153
Maharashtra,PARBHANI,2001,Rabi,Linseed,1100,500,0.454545455
Maharashtra,PARBHANI,2001,Rabi,Maize,500,900,1.8
Maharashtra,PARBHANI,2001,Rabi,Other  Rabi pulses,2100,1100,0.523809524
Maharashtra,PARBHANI,2001,Rabi,Rapeseed &Mustard,500,100,0.2
Maharashtra,PARBHANI,2001,Rabi,Safflower,34200,26300,0.769005848
Maharashtra,PARBHANI,2001,Rabi,Small millets,300,100,0.333333333
Maharashtra,PARBHANI,2001,Rabi,Sunflower,8100,4500,0.555555556
Maharashtra,PARBHANI,2001,Rabi,Wheat,32300,48500,1.501547988
Maharashtra,PARBHANI,2001,Summer,Groundnut,4300,4300,1
Maharashtra,PARBHANI,2001,Summer,Maize,300,400,1.333333333
Maharashtra,PARBHANI,2001,Summer,Sunflower,200,100,0.5
Maharashtra,PARBHANI,2001,Whole Year,Sugarcane,12100,1071300,88.53719008
Maharashtra,PARBHANI,2002,Kharif,Arhar/Tur,56600,33400,0.590106007
Maharashtra,PARBHANI,2002,Kharif,Bajra,9800,8300,0.846938776
Maharashtra,PARBHANI,2002,Kharif,Castor seed,500,100,0.2
Maharashtra,PARBHANI,2002,Kharif,Cotton(lint),193500,194900,1.007235142
Maharashtra,PARBHANI,2002,Kharif,Groundnut,300,100,0.333333333
Maharashtra,PARBHANI,2002,Kharif,Jowar,100300,144400,1.439680957
Maharashtra,PARBHANI,2002,Kharif,Maize,1300,900,0.692307692
Maharashtra,PARBHANI,2002,Kharif,Moong(Green Gram),79500,43200,0.543396226
Maharashtra,PARBHANI,2002,Kharif,Niger seed,2500,500,0.2
Maharashtra,PARBHANI,2002,Kharif,Other Kharif pulses,600,100,0.166666667
Maharashtra,PARBHANI,2002,Kharif,Rice,9400,4700,0.5
Maharashtra,PARBHANI,2002,Kharif,Sesamum,5000,2100,0.42
Maharashtra,PARBHANI,2002,Kharif,Small millets,300,100,0.333333333
Maharashtra,PARBHANI,2002,Kharif,Soyabean,26900,46700,1.73605948
Maharashtra,PARBHANI,2002,Kharif,Sunflower,4800,2700,0.5625
Maharashtra,PARBHANI,2002,Kharif,Urad,17400,9000,0.517241379
Maharashtra,PARBHANI,2002,Rabi,Gram,42800,24600,0.574766355
Maharashtra,PARBHANI,2002,Rabi,Jowar,173700,132700,0.763960852
Maharashtra,PARBHANI,2002,Rabi,Linseed,1400,300,0.214285714
Maharashtra,PARBHANI,2002,Rabi,Maize,600,700,1.166666667
Maharashtra,PARBHANI,2002,Rabi,Other  Rabi pulses,1500,600,0.4
Maharashtra,PARBHANI,2002,Rabi,Rapeseed &Mustard,400,100,0.25
Maharashtra,PARBHANI,2002,Rabi,Safflower,39300,25000,0.636132316
Maharashtra,PARBHANI,2002,Rabi,Small millets,400,200,0.5
Maharashtra,PARBHANI,2002,Rabi,Sunflower,9000,6200,0.688888889
Maharashtra,PARBHANI,2002,Rabi,Wheat,38000,53600,1.410526316
Maharashtra,PARBHANI,2002,Summer,Groundnut,5900,7700,1.305084746
Maharashtra,PARBHANI,2002,Summer,Maize,200,300,1.5
Maharashtra,PARBHANI,2002,Summer,Sunflower,200,200,1
Maharashtra,PARBHANI,2002,Whole Year,Sugarcane,15800,902000,57.08860759
Maharashtra,PARBHANI,2003,Kharif,Arhar/Tur,57900,26500,0.457685665
Maharashtra,PARBHANI,2003,Kharif,Bajra,9700,7100,0.731958763
Maharashtra,PARBHANI,2003,Kharif,Cotton(lint),184700,226800,1.227937195
Maharashtra,PARBHANI,2003,Kharif,Groundnut,300,100,0.333333333
Maharashtra,PARBHANI,2003,Kharif,Jowar,101700,127800,1.256637168
Maharashtra,PARBHANI,2003,Kharif,Maize,1600,600,0.375
Maharashtra,PARBHANI,2003,Kharif,Moong(Green Gram),77500,40100,0.517419355
Maharashtra,PARBHANI,2003,Kharif,Niger seed,2400,600,0.25
Maharashtra,PARBHANI,2003,Kharif,Other Kharif pulses,900,300,0.333333333
Maharashtra,PARBHANI,2003,Kharif,other oilseeds,500,200,0.4
Maharashtra,PARBHANI,2003,Kharif,Rice,9600,3600,0.375
Maharashtra,PARBHANI,2003,Kharif,Sesamum,5700,1800,0.315789474
Maharashtra,PARBHANI,2003,Kharif,Small millets,300,200,0.666666667
Maharashtra,PARBHANI,2003,Kharif,Soyabean,41900,63900,1.525059666
Maharashtra,PARBHANI,2003,Kharif,Sunflower,4400,2900,0.659090909
Maharashtra,PARBHANI,2003,Kharif,Urad,17100,10600,0.619883041
Maharashtra,PARBHANI,2003,Rabi,Gram,44400,22800,0.513513514
Maharashtra,PARBHANI,2003,Rabi,Jowar,179000,108400,0.605586592
Maharashtra,PARBHANI,2003,Rabi,Linseed,1400,300,0.214285714
Maharashtra,PARBHANI,2003,Rabi,Maize,500,900,1.8
Maharashtra,PARBHANI,2003,Rabi,Other  Rabi pulses,1300,700,0.538461538
Maharashtra,PARBHANI,2003,Rabi,Rapeseed &Mustard,400,100,0.25
Maharashtra,PARBHANI,2003,Rabi,Safflower,39400,23000,0.583756345
Maharashtra,PARBHANI,2003,Rabi,Small millets,100,0,0
Maharashtra,PARBHANI,2003,Rabi,Sunflower,9500,6200,0.652631579
Maharashtra,PARBHANI,2003,Rabi,Wheat,39000,44500,1.141025641
Maharashtra,PARBHANI,2003,Summer,Groundnut,3800,4300,1.131578947
Maharashtra,PARBHANI,2003,Summer,Sunflower,200,100,0.5
Maharashtra,PARBHANI,2003,Whole Year,Banana,2300,122250,53.15217391
Maharashtra,PARBHANI,2003,Whole Year,Grapes,77,1044,13.55844156
Maharashtra,PARBHANI,2003,Whole Year,Mango,4867,9000,1.849188412
Maharashtra,PARBHANI,2003,Whole Year,Onion,521,4778,9.170825336
Maharashtra,PARBHANI,2003,Whole Year,Sugarcane,13400,854500,63.76865672
Maharashtra,PARBHANI,2003,Whole Year,Tomato,500,1580,3.16
Maharashtra,PARBHANI,2004,Kharif,Arhar/Tur,63900,21500,0.336463224
Maharashtra,PARBHANI,2004,Kharif,Bajra,10500,5900,0.561904762
Maharashtra,PARBHANI,2004,Kharif,Groundnut,300,100,0.333333333
Maharashtra,PARBHANI,2004,Kharif,Jowar,94600,72900,0.770613108
Maharashtra,PARBHANI,2004,Kharif,Maize,1700,1600,0.941176471
Maharashtra,PARBHANI,2004,Kharif,Moong(Green Gram),77100,20600,0.267185473
Maharashtra,PARBHANI,2004,Kharif,Niger seed,2400,500,0.208333333
Maharashtra,PARBHANI,2004,Kharif,Other Cereals & Millets,200,100,0.5
Maharashtra,PARBHANI,2004,Kharif,Other Kharif pulses,1300,200,0.153846154
Maharashtra,PARBHANI,2004,Kharif,other oilseeds,800,200,0.25
Maharashtra,PARBHANI,2004,Kharif,Rice,9900,3100,0.313131313
Maharashtra,PARBHANI,2004,Kharif,Sesamum,4900,900,0.183673469
Maharashtra,PARBHANI,2004,Kharif,Sunflower,4700,1900,0.404255319
Maharashtra,PARBHANI,2004,Kharif,Urad,16700,4200,0.251497006
Maharashtra,PARBHANI,2004,Rabi,Gram,40800,12800,0.31372549
Maharashtra,PARBHANI,2004,Rabi,Jowar,175200,72300,0.412671233
Maharashtra,PARBHANI,2004,Rabi,Linseed,1500,700,0.466666667
Maharashtra,PARBHANI,2004,Rabi,Maize,600,800,1.333333333
Maharashtra,PARBHANI,2004,Rabi,Other  Rabi pulses,1800,700,0.388888889
Maharashtra,PARBHANI,2004,Rabi,Other Cereals & Millets,700,400,0.571428571
Maharashtra,PARBHANI,2004,Rabi,Rapeseed &Mustard,500,200,0.4
Maharashtra,PARBHANI,2004,Rabi,Safflower,38500,11800,0.306493506
Maharashtra,PARBHANI,2004,Rabi,Sesamum,600,100,0.166666667
Maharashtra,PARBHANI,2004,Rabi,Soyabean,48500,30300,0.624742268
Maharashtra,PARBHANI,2004,Rabi,Sunflower,9500,4300,0.452631579
Maharashtra,PARBHANI,2004,Rabi,Wheat,33900,27800,0.820058997
Maharashtra,PARBHANI,2004,Summer,Groundnut,2500,1700,0.68
Maharashtra,PARBHANI,2004,Summer,Sunflower,500,200,0.4
Maharashtra,PARBHANI,2004,Whole Year,Cotton(lint),198000,172700,0.872222222
Maharashtra,PARBHANI,2004,Whole Year,Sugarcane,8900,496600,55.79775281
Maharashtra,PARBHANI,2005,Kharif,Arhar/Tur,49400,26800,0.542510121
Maharashtra,PARBHANI,2005,Kharif,Bajra,6500,4200,0.646153846
Maharashtra,PARBHANI,2005,Kharif,Castor seed,700,100,0.142857143
Maharashtra,PARBHANI,2005,Kharif,Cotton(lint),185000,221600,1.197837838
Maharashtra,PARBHANI,2005,Kharif,Moong(Green Gram),38100,13100,0.343832021
Maharashtra,PARBHANI,2005,Kharif,Niger seed,2000,400,0.2
Maharashtra,PARBHANI,2005,Kharif,Rice,7000,2700,0.385714286
Maharashtra,PARBHANI,2005,Kharif,Sesamum,4000,1000,0.25
Maharashtra,PARBHANI,2005,Kharif,Soyabean,68600,69800,1.017492711
Maharashtra,PARBHANI,2005,Kharif,Sugarcane,11000,740000,67.27272727
Maharashtra,PARBHANI,2005,Kharif,Sunflower,1400,800,0.571428571
Maharashtra,PARBHANI,2005,Kharif,Urad,14300,4500,0.314685315
Maharashtra,PARBHANI,2005,Rabi,Gram,49600,27300,0.550403226
Maharashtra,PARBHANI,2005,Rabi,Linseed,1500,400,0.266666667
Maharashtra,PARBHANI,2005,Rabi,Rapeseed &Mustard,700,200,0.285714286
Maharashtra,PARBHANI,2005,Rabi,Safflower,41300,24600,0.595641646
Maharashtra,PARBHANI,2005,Rabi,Sunflower,11600,6500,0.560344828
Maharashtra,PARBHANI,2005,Rabi,Wheat,40900,47100,1.151589242
Maharashtra,PARBHANI,2005,Summer,Groundnut,8500,6400,0.752941176
Maharashtra,PARBHANI,2005,Summer,Sunflower,1500,900,0.6
Maharashtra,PARBHANI,2006,Kharif,Arhar/Tur,57900,31000,0.535405872
Maharashtra,PARBHANI,2006,Kharif,Bajra,6700,3800,0.567164179
Maharashtra,PARBHANI,2006,Kharif,Castor seed,800,800,1
Maharashtra,PARBHANI,2006,Kharif,Cotton(lint),194700,298800,1.534668721
Maharashtra,PARBHANI,2006,Kharif,Groundnut,100,100,1
Maharashtra,PARBHANI,2006,Kharif,Jowar,88400,77800,0.880090498
Maharashtra,PARBHANI,2006,Kharif,Maize,1700,1600,0.941176471
Maharashtra,PARBHANI,2006,Kharif,Moong(Green Gram),51800,12700,0.245173745
Maharashtra,PARBHANI,2006,Kharif,Niger seed,2100,400,0.19047619
Maharashtra,PARBHANI,2006,Kharif,Rice,7800,3200,0.41025641
Maharashtra,PARBHANI,2006,Kharif,Sesamum,4500,700,0.155555556
Maharashtra,PARBHANI,2006,Kharif,Soyabean,78400,91900,1.172193878
Maharashtra,PARBHANI,2006,Kharif,Sunflower,4300,2400,0.558139535
Maharashtra,PARBHANI,2006,Kharif,Urad,16100,2900,0.180124224
Maharashtra,PARBHANI,2006,Rabi,Gram,61000,42800,0.701639344
Maharashtra,PARBHANI,2006,Rabi,Jowar,182400,160400,0.879385965
Maharashtra,PARBHANI,2006,Rabi,Linseed,1700,500,0.294117647
Maharashtra,PARBHANI,2006,Rabi,Maize,800,1900,2.375
Maharashtra,PARBHANI,2006,Rabi,Rapeseed &Mustard,600,100,0.166666667
Maharashtra,PARBHANI,2006,Rabi,Safflower,42800,27400,0.640186916
Maharashtra,PARBHANI,2006,Rabi,Sunflower,12700,7100,0.559055118
Maharashtra,PARBHANI,2006,Rabi,Wheat,50400,70500,1.398809524
Maharashtra,PARBHANI,2006,Summer,Groundnut,8500,9000,1.058823529
Maharashtra,PARBHANI,2006,Summer,Maize,300,200,0.666666667
Maharashtra,PARBHANI,2006,Summer,Sunflower,400,300,0.75
Maharashtra,PARBHANI,2007,Kharif,Arhar/Tur,619,457,0.738287561
Maharashtra,PARBHANI,2007,Kharif,Bajra,63,43,0.682539683
Maharashtra,PARBHANI,2007,Kharif,Castor seed,6,2,0.333333333
Maharashtra,PARBHANI,2007,Kharif,Cotton(lint),1981,5445,2.748611812
Maharashtra,PARBHANI,2007,Kharif,Groundnut,2,1,0.5
Maharashtra,PARBHANI,2007,Kharif,Jowar,740,1060,1.432432432
Maharashtra,PARBHANI,2007,Kharif,Maize,15,12,0.8
Maharashtra,PARBHANI,2007,Kharif,Moong(Green Gram),698,438,0.627507163
Maharashtra,PARBHANI,2007,Kharif,Rice,7200,28,0.003888889
Maharashtra,PARBHANI,2007,Kharif,Sesamum,43,9,0.209302326
Maharashtra,PARBHANI,2007,Kharif,Soyabean,796,1115,1.400753769
Maharashtra,PARBHANI,2007,Kharif,Sunflower,43,29,0.674418605
Maharashtra,PARBHANI,2007,Kharif,Urad,193,122,0.632124352
Maharashtra,PARBHANI,2007,Rabi,Gram,498,352,0.706827309
Maharashtra,PARBHANI,2007,Rabi,Jowar,1606,1585,0.986924035
Maharashtra,PARBHANI,2007,Rabi,Linseed,14,4,0.285714286
Maharashtra,PARBHANI,2007,Rabi,Maize,8,22,2.75
Maharashtra,PARBHANI,2007,Rabi,Rapeseed &Mustard,4,1,0.25
Maharashtra,PARBHANI,2007,Rabi,Safflower,400,273,0.6825
Maharashtra,PARBHANI,2007,Rabi,Sunflower,119,102,0.857142857
Maharashtra,PARBHANI,2007,Rabi,Wheat,530,1022,1.928301887
Maharashtra,PARBHANI,2007,Summer,Groundnut,44,46,1.045454545
Maharashtra,PARBHANI,2007,Summer,Maize,2,3,1.5
Maharashtra,PARBHANI,2007,Summer,Sunflower,3,2,0.666666667
Maharashtra,PARBHANI,2007,Whole Year,Sugarcane,189,14458,76.4973545
Maharashtra,PARBHANI,2008,Kharif,Arhar/Tur,60500,34900,0.576859504
Maharashtra,PARBHANI,2008,Kharif,Bajra,6200,4500,0.725806452
Maharashtra,PARBHANI,2008,Kharif,Castor seed,600,100,0.166666667
Maharashtra,PARBHANI,2008,Kharif,Cotton(lint),204400,361000,1.766144814
Maharashtra,PARBHANI,2008,Kharif,Jowar,62800,74700,1.189490446
Maharashtra,PARBHANI,2008,Kharif,Maize,1500,1200,0.8
Maharashtra,PARBHANI,2008,Kharif,Moong(Green Gram),60800,21700,0.356907895
Maharashtra,PARBHANI,2008,Kharif,Niger seed,1800,300,0.166666667
Maharashtra,PARBHANI,2008,Kharif,Rice,5800,1900,0.327586207
Maharashtra,PARBHANI,2008,Kharif,Sesamum,3100,500,0.161290323
Maharashtra,PARBHANI,2008,Kharif,Soyabean,74000,64600,0.872972973
Maharashtra,PARBHANI,2008,Kharif,Sugarcane,12300,939400,76.37398374
Maharashtra,PARBHANI,2008,Kharif,Sunflower,4700,2600,0.553191489
Maharashtra,PARBHANI,2008,Kharif,Urad,15800,5500,0.348101266
Maharashtra,PARBHANI,2008,Rabi,Gram,42400,24800,0.58490566
Maharashtra,PARBHANI,2008,Rabi,Jowar,171000,145300,0.849707602
Maharashtra,PARBHANI,2008,Rabi,Linseed,1000,200,0.2
Maharashtra,PARBHANI,2008,Rabi,Maize,9,16,1.777777778
Maharashtra,PARBHANI,2008,Rabi,Rapeseed &Mustard,500,100,0.2
Maharashtra,PARBHANI,2008,Rabi,Safflower,36600,22000,0.601092896
Maharashtra,PARBHANI,2008,Rabi,Sunflower,6600,4000,0.606060606
Maharashtra,PARBHANI,2008,Rabi,Wheat,34500,56100,1.626086957
Maharashtra,PARBHANI,2008,Whole Year,Sugarcane,12300,939400,76.37398374
Maharashtra,PARBHANI,2009,Kharif,Arhar/Tur,58600,40300,0.687713311
Maharashtra,PARBHANI,2009,Kharif,Bajra,6500,3400,0.523076923
Maharashtra,PARBHANI,2009,Kharif,Castor seed,800,200,0.25
Maharashtra,PARBHANI,2009,Kharif,Cotton(lint),217700,343800,1.579237483
Maharashtra,PARBHANI,2009,Kharif,Jowar,62200,52700,0.847266881
Maharashtra,PARBHANI,2009,Kharif,Maize,1400,1600,1.142857143
Maharashtra,PARBHANI,2009,Kharif,Moong(Green Gram),37700,8600,0.228116711
Maharashtra,PARBHANI,2009,Kharif,Niger seed,1700,300,0.176470588
Maharashtra,PARBHANI,2009,Kharif,Rice,3100,1100,0.35483871
Maharashtra,PARBHANI,2009,Kharif,Sesamum,3400,600,0.176470588
Maharashtra,PARBHANI,2009,Kharif,Soyabean,103500,82000,0.792270531
Maharashtra,PARBHANI,2009,Kharif,Sugarcane,11000,856600,77.87272727
Maharashtra,PARBHANI,2009,Kharif,Sunflower,3600,1400,0.388888889
Maharashtra,PARBHANI,2009,Kharif,Urad,8200,1400,0.170731707
Maharashtra,PARBHANI,2009,Rabi,Gram,48200,30000,0.622406639
Maharashtra,PARBHANI,2009,Rabi,Jowar,172500,143400,0.831304348
Maharashtra,PARBHANI,2009,Rabi,Linseed,1400,300,0.214285714
Maharashtra,PARBHANI,2009,Rabi,Maize,900,400,0.444444444
Maharashtra,PARBHANI,2009,Rabi,Rapeseed &Mustard,500,200,0.4
Maharashtra,PARBHANI,2009,Rabi,Safflower,37000,22900,0.618918919
Maharashtra,PARBHANI,2009,Rabi,Sunflower,7100,4100,0.577464789
Maharashtra,PARBHANI,2009,Rabi,Wheat,32500,42800,1.316923077
Maharashtra,PARBHANI,2010,Kharif,Arhar/Tur,67600,39500,0.584319527
Maharashtra,PARBHANI,2010,Kharif,Bajra,7500,4900,0.653333333
Maharashtra,PARBHANI,2010,Kharif,Castor seed,700,600,0.857142857
Maharashtra,PARBHANI,2010,Kharif,Cotton(lint),232400,404800,1.741824441
Maharashtra,PARBHANI,2010,Kharif,Groundnut,100,100,1
Maharashtra,PARBHANI,2010,Kharif,Jowar,62300,77800,1.248796148
Maharashtra,PARBHANI,2010,Kharif,Maize,1400,1200,0.857142857
Maharashtra,PARBHANI,2010,Kharif,Moong(Green Gram),45500,31700,0.696703297
Maharashtra,PARBHANI,2010,Kharif,Niger seed,1800,400,0.222222222
Maharashtra,PARBHANI,2010,Kharif,Rice,4000,1800,0.45
Maharashtra,PARBHANI,2010,Kharif,Sesamum,4100,900,0.219512195
Maharashtra,PARBHANI,2010,Kharif,Soyabean,107900,165200,1.531047266
Maharashtra,PARBHANI,2010,Kharif,Sugarcane,15500,1415200,91.30322581
Maharashtra,PARBHANI,2010,Kharif,Sunflower,3400,2400,0.705882353
Maharashtra,PARBHANI,2010,Kharif,Urad,11300,6700,0.592920354
Maharashtra,PARBHANI,2010,Rabi,Gram,61000,39800,0.652459016
Maharashtra,PARBHANI,2010,Rabi,Jowar,161700,67200,0.415584416
Maharashtra,PARBHANI,2010,Rabi,Linseed,1400,300,0.214285714
Maharashtra,PARBHANI,2010,Rabi,Maize,400,800,2
Maharashtra,PARBHANI,2010,Rabi,Rapeseed &Mustard,500,20,0.04
Maharashtra,PARBHANI,2010,Rabi,Safflower,38600,15600,0.404145078
Maharashtra,PARBHANI,2010,Rabi,Sunflower,7100,4900,0.690140845
Maharashtra,PARBHANI,2010,Rabi,Wheat,46400,79500,1.713362069
Maharashtra,PARBHANI,2011,Kharif,Arhar/Tur,67500,42100,0.623703704
Maharashtra,PARBHANI,2011,Kharif,Bajra,5400,5000,0.925925926
Maharashtra,PARBHANI,2011,Kharif,Castor seed,700,500,0.714285714
Maharashtra,PARBHANI,2011,Kharif,Cotton(lint),240500,413400,1.718918919
Maharashtra,PARBHANI,2011,Kharif,Groundnut,300,200,0.666666667
Maharashtra,PARBHANI,2011,Kharif,Jowar,60000,79000,1.316666667
Maharashtra,PARBHANI,2011,Kharif,Maize,1900,2300,1.210526316
Maharashtra,PARBHANI,2011,Kharif,Moong(Green Gram),35100,16800,0.478632479
Maharashtra,PARBHANI,2011,Kharif,Niger seed,1800,500,0.277777778
Maharashtra,PARBHANI,2011,Kharif,Other Kharif pulses,1100,600,0.545454545
Maharashtra,PARBHANI,2011,Kharif,Rice,1700,600,0.352941176
Maharashtra,PARBHANI,2011,Kharif,Sesamum,3500,900,0.257142857
Maharashtra,PARBHANI,2011,Kharif,Soyabean,129800,154500,1.190292758
Maharashtra,PARBHANI,2011,Kharif,Sunflower,2800,1600,0.571428571
Maharashtra,PARBHANI,2011,Kharif,Urad,9600,4400,0.458333333
Maharashtra,PARBHANI,2011,Rabi,Gram,48400,33400,0.690082645
Maharashtra,PARBHANI,2011,Rabi,Jowar,160200,124300,0.775905119
Maharashtra,PARBHANI,2011,Rabi,Linseed,1200,300,0.25
Maharashtra,PARBHANI,2011,Rabi,Maize,800,2100,2.625
Maharashtra,PARBHANI,2011,Rabi,Other  Rabi pulses,1800,1300,0.722222222
Maharashtra,PARBHANI,2011,Rabi,Rapeseed &Mustard,500,300,0.6
Maharashtra,PARBHANI,2011,Rabi,Safflower,36900,21300,0.577235772
Maharashtra,PARBHANI,2011,Rabi,Sunflower,3100,2100,0.677419355
Maharashtra,PARBHANI,2011,Rabi,Wheat,39600,62500,1.578282828
Maharashtra,PARBHANI,2011,Summer,Groundnut,6300,6600,1.047619048
Maharashtra,PARBHANI,2011,Summer,Maize,200,200,1
Maharashtra,PARBHANI,2011,Summer,Sunflower,400,300,0.75
Maharashtra,PARBHANI,2011,Whole Year,Sugarcane,17200,1166200,67.80232558
Maharashtra,PARBHANI,2012,Kharif,Arhar/Tur,67800,41000,0.604719764
Maharashtra,PARBHANI,2012,Kharif,Bajra,5600,4000,0.714285714
Maharashtra,PARBHANI,2012,Kharif,Castor seed,400,100,0.25
Maharashtra,PARBHANI,2012,Kharif,Cotton(lint),273600,548000,2.002923977
Maharashtra,PARBHANI,2012,Kharif,Groundnut,200,100,0.5
Maharashtra,PARBHANI,2012,Kharif,Jowar,80500,91700,1.139130435
Maharashtra,PARBHANI,2012,Kharif,Maize,1900,1800,0.947368421
Maharashtra,PARBHANI,2012,Kharif,Moong(Green Gram),35100,17700,0.504273504
Maharashtra,PARBHANI,2012,Kharif,Niger seed,1000,200,0.2
Maharashtra,PARBHANI,2012,Kharif,Other Kharif pulses,500,50,0.1
Maharashtra,PARBHANI,2012,Kharif,Rice,1400,100,0.071428571
Maharashtra,PARBHANI,2012,Kharif,Sesamum,2100,500,0.238095238
Maharashtra,PARBHANI,2012,Kharif,Soyabean,135300,186900,1.381374723
Maharashtra,PARBHANI,2012,Kharif,Sunflower,2600,1300,0.5
Maharashtra,PARBHANI,2012,Kharif,Urad,13000,6600,0.507692308
Maharashtra,PARBHANI,2012,Rabi,Gram,57300,33500,0.584642234
Maharashtra,PARBHANI,2012,Rabi,Jowar,183200,135300,0.738537118
Maharashtra,PARBHANI,2012,Rabi,Linseed,200,40,0.2
Maharashtra,PARBHANI,2012,Rabi,Maize,400,200,0.5
Maharashtra,PARBHANI,2012,Rabi,Other  Rabi pulses,700,400,0.571428571
Maharashtra,PARBHANI,2012,Rabi,Rapeseed &Mustard,600,200,0.333333333
Maharashtra,PARBHANI,2012,Rabi,Safflower,19300,10500,0.544041451
Maharashtra,PARBHANI,2012,Rabi,Sunflower,900,400,0.444444444
Maharashtra,PARBHANI,2012,Rabi,Wheat,13600,21400,1.573529412
Maharashtra,PARBHANI,2012,Summer,Groundnut,4000,2400,0.6
Maharashtra,PARBHANI,2012,Summer,Maize,1800,1800,1
Maharashtra,PARBHANI,2012,Summer,Sunflower,400,300,0.75
Maharashtra,PARBHANI,2012,Whole Year,Sugarcane,17000,1212400,71.31764706
Maharashtra,PARBHANI,2013,Kharif,Arhar/Tur,70500,52900,0.75035461
Maharashtra,PARBHANI,2013,Kharif,Bajra,3200,2000,0.625
Maharashtra,PARBHANI,2013,Kharif,Cotton(lint),265900,559000,2.102294096
Maharashtra,PARBHANI,2013,Kharif,Groundnut,100,100,1
Maharashtra,PARBHANI,2013,Kharif,Jowar,79300,87100,1.098360656
Maharashtra,PARBHANI,2013,Kharif,Maize,1900,2600,1.368421053
Maharashtra,PARBHANI,2013,Kharif,Moong(Green Gram),35100,19500,0.555555556
Maharashtra,PARBHANI,2013,Kharif,Niger seed,1000,200,0.2
Maharashtra,PARBHANI,2013,Kharif,Other Kharif pulses,800,200,0.25
Maharashtra,PARBHANI,2013,Kharif,Rice,700,300,0.428571429
Maharashtra,PARBHANI,2013,Kharif,Sesamum,4200,1000,0.238095238
Maharashtra,PARBHANI,2013,Kharif,Soyabean,139000,174500,1.255395683
Maharashtra,PARBHANI,2013,Kharif,Sunflower,2800,1400,0.5
Maharashtra,PARBHANI,2013,Kharif,Urad,13100,5400,0.41221374
Maharashtra,PARBHANI,2013,Rabi,Gram,67000,47800,0.713432836
Maharashtra,PARBHANI,2013,Rabi,Jowar,255900,162200,0.633841344
Maharashtra,PARBHANI,2013,Rabi,Linseed,400,100,0.25
Maharashtra,PARBHANI,2013,Rabi,Maize,200,500,2.5
Maharashtra,PARBHANI,2013,Rabi,Other  Rabi pulses,200,100,0.5
Maharashtra,PARBHANI,2013,Rabi,Safflower,22000,10000,0.454545455
Maharashtra,PARBHANI,2013,Rabi,Sunflower,500,200,0.4
Maharashtra,PARBHANI,2013,Rabi,Wheat,20900,23300,1.114832536
Maharashtra,PARBHANI,2013,Summer,Groundnut,6400,6600,1.03125
Maharashtra,PARBHANI,2013,Summer,Maize,800,800,1
Maharashtra,PARBHANI,2013,Summer,Sunflower,300,300,1
Maharashtra,PARBHANI,2013,Whole Year,Sugarcane,35900,2549700,71.02228412
Maharashtra,PARBHANI,2014,Kharif,Arhar/Tur,68600,14100,0.205539359
Maharashtra,PARBHANI,2014,Kharif,Bajra,4200,400,0.095238095
Maharashtra,PARBHANI,2014,Kharif,Castor seed,600,100,0.166666667
Maharashtra,PARBHANI,2014,Kharif,Cotton(lint),273500,204800,0.7488117
Maharashtra,PARBHANI,2014,Kharif,Jowar,72400,30500,0.421270718
Maharashtra,PARBHANI,2014,Kharif,Maize,1500,600,0.4
Maharashtra,PARBHANI,2014,Kharif,Moong(Green Gram),34600,6400,0.184971098
Maharashtra,PARBHANI,2014,Kharif,Niger seed,1000,100,0.1
Maharashtra,PARBHANI,2014,Kharif,Other Kharif pulses,1100,700,0.636363636
Maharashtra,PARBHANI,2014,Kharif,Rice,300,,
Maharashtra,PARBHANI,2014,Kharif,Soyabean,154600,49100,0.31759379
Maharashtra,PARBHANI,2014,Kharif,Sunflower,1200,200,0.166666667
Maharashtra,PARBHANI,2014,Rabi,Gram,45600,28400,0.622807018
Maharashtra,PARBHANI,2014,Rabi,Jowar,176600,87900,0.497734994
Maharashtra,PARBHANI,2014,Rabi,Safflower,6000,2500,0.416666667
Maharashtra,PARBHANI,2014,Rabi,Wheat,22300,18800,0.843049327
Maharashtra,PARBHANI,2014,Summer,Groundnut,3100,2600,0.838709677
Maharashtra,PARBHANI,2014,Summer,Maize,400,300,0.75
Maharashtra,PARBHANI,2014,Summer,Sunflower,200,100,0.5
Maharashtra,PARBHANI,2014,Whole Year,Sugarcane,26600,1577200,59.29323308
Maharashtra,PUNE,1997,Autumn,Maize,4,4570,1142.5
Maharashtra,PUNE,1997,Kharif,Arhar/Tur,3900,2900,0.743589744
Maharashtra,PUNE,1997,Kharif,Bajra,135700,112000,0.825350037
Maharashtra,PUNE,1997,Kharif,Gram,43400,26100,0.601382488
Maharashtra,PUNE,1997,Kharif,Jowar,4200,5200,1.238095238
Maharashtra,PUNE,1997,Kharif,Maize,4400,4700,1.068181818
Maharashtra,PUNE,1997,Kharif,Moong(Green Gram),2800,1200,0.428571429
Maharashtra,PUNE,1997,Kharif,Pulses total,203,91,0.448275862
Maharashtra,PUNE,1997,Kharif,Ragi,12200,9800,0.803278689
Maharashtra,PUNE,1997,Kharif,Rice,59400,66000,1.111111111
Maharashtra,PUNE,1997,Kharif,Sugarcane,40900,39227,0.959095355
Maharashtra,PUNE,1997,Kharif,Total foodgrain,2456,2113,0.86034202
Maharashtra,PUNE,1997,Kharif,Urad,2300,1200,0.52173913
Maharashtra,PUNE,1997,Rabi,Jowar,510800,235000,0.460062647
Maharashtra,PUNE,1997,Rabi,Maize,6900,10300,1.492753623
Maharashtra,PUNE,1997,Rabi,Other  Rabi pulses,790,33,0.041772152
Maharashtra,PUNE,1997,Rabi,Wheat,57300,71400,1.246073298
Maharashtra,PUNE,1997,Summer,Maize,1200,2200,1.833333333
Maharashtra,PUNE,1997,Whole Year,Cotton(lint),2,600,300
Maharashtra,PUNE,1998,Kharif,Arhar/Tur,3900,1100,0.282051282
Maharashtra,PUNE,1998,Kharif,Bajra,150000,110900,0.739333333
Maharashtra,PUNE,1998,Kharif,Castor seed,200,100,0.5
Maharashtra,PUNE,1998,Kharif,Cotton(lint),300,500,1.666666667
Maharashtra,PUNE,1998,Kharif,Groundnut,45000,66100,1.468888889
Maharashtra,PUNE,1998,Kharif,Jowar,4000,5600,1.4
Maharashtra,PUNE,1998,Kharif,Maize,4800,10400,2.166666667
Maharashtra,PUNE,1998,Kharif,Moong(Green Gram),7800,4000,0.512820513
Maharashtra,PUNE,1998,Kharif,Niger seed,1900,1000,0.526315789
Maharashtra,PUNE,1998,Kharif,Other Cereals & Millets,6000,3400,0.566666667
Maharashtra,PUNE,1998,Kharif,Other Kharif pulses,13800,5300,0.384057971
Maharashtra,PUNE,1998,Kharif,Ragi,12300,8400,0.682926829
Maharashtra,PUNE,1998,Kharif,Rice,60800,73700,1.212171053
Maharashtra,PUNE,1998,Kharif,Sesamum,2500,1000,0.4
Maharashtra,PUNE,1998,Kharif,Soyabean,400,500,1.25
Maharashtra,PUNE,1998,Kharif,Sugarcane,48500,4288000,88.41237113
Maharashtra,PUNE,1998,Kharif,Sunflower,1500,500,0.333333333
Maharashtra,PUNE,1998,Kharif,Urad,2600,1300,0.5
Maharashtra,PUNE,1998,Rabi,Gram,47900,29900,0.624217119
Maharashtra,PUNE,1998,Rabi,Jowar,387500,207700,0.536
Maharashtra,PUNE,1998,Rabi,Linseed,200,100,0.5
Maharashtra,PUNE,1998,Rabi,Maize,7400,10300,1.391891892
Maharashtra,PUNE,1998,Rabi,Other  Rabi pulses,7800,2900,0.371794872
Maharashtra,PUNE,1998,Rabi,Other Cereals & Millets,500,400,0.8
Maharashtra,PUNE,1998,Rabi,Rapeseed &Mustard,100,,
Maharashtra,PUNE,1998,Rabi,Safflower,18600,12700,0.682795699
Maharashtra,PUNE,1998,Rabi,Sesamum,1000,200,0.2
Maharashtra,PUNE,1998,Rabi,Sunflower,2600,1400,0.538461538
Maharashtra,PUNE,1998,Rabi,Wheat,68000,96000,1.411764706
Maharashtra,PUNE,1998,Summer,Groundnut,7200,13300,1.847222222
Maharashtra,PUNE,1998,Summer,Maize,1700,3100,1.823529412
Maharashtra,PUNE,1998,Summer,Sunflower,400,300,0.75
Maharashtra,PUNE,1999,Kharif,Arhar/Tur,3900,2700,0.692307692
Maharashtra,PUNE,1999,Kharif,Bajra,159900,118100,0.738586617
Maharashtra,PUNE,1999,Kharif,Castor seed,300,100,0.333333333
Maharashtra,PUNE,1999,Kharif,Cotton(lint),400,1400,3.5
Maharashtra,PUNE,1999,Kharif,Groundnut,47800,57600,1.205020921
Maharashtra,PUNE,1999,Kharif,Jowar,3200,2800,0.875
Maharashtra,PUNE,1999,Kharif,Maize,5100,7500,1.470588235
Maharashtra,PUNE,1999,Kharif,Moong(Green Gram),8300,4200,0.506024096
Maharashtra,PUNE,1999,Kharif,Niger seed,1900,400,0.210526316
Maharashtra,PUNE,1999,Kharif,Other Kharif pulses,16000,5700,0.35625
Maharashtra,PUNE,1999,Kharif,Ragi,12700,12500,0.984251969
Maharashtra,PUNE,1999,Kharif,Rice,61700,89200,1.445705024
Maharashtra,PUNE,1999,Kharif,Sesamum,2700,500,0.185185185
Maharashtra,PUNE,1999,Kharif,Small millets,3900,2900,0.743589744
Maharashtra,PUNE,1999,Kharif,Soyabean,600,1200,2
Maharashtra,PUNE,1999,Kharif,Sunflower,1500,500,0.333333333
Maharashtra,PUNE,1999,Kharif,Urad,2700,2600,0.962962963
Maharashtra,PUNE,1999,Rabi,Gram,51500,34700,0.673786408
Maharashtra,PUNE,1999,Rabi,Jowar,483000,343000,0.710144928
Maharashtra,PUNE,1999,Rabi,Linseed,200,100,0.5
Maharashtra,PUNE,1999,Rabi,Maize,8600,12600,1.465116279
Maharashtra,PUNE,1999,Rabi,Other  Rabi pulses,7600,3600,0.473684211
Maharashtra,PUNE,1999,Rabi,Rapeseed &Mustard,200,100,0.5
Maharashtra,PUNE,1999,Rabi,Safflower,18900,10800,0.571428571
Maharashtra,PUNE,1999,Rabi,Sesamum,1100,400,0.363636364
Maharashtra,PUNE,1999,Rabi,Small millets,400,300,0.75
Maharashtra,PUNE,1999,Rabi,Sunflower,2900,1500,0.517241379
Maharashtra,PUNE,1999,Rabi,Wheat,71800,125000,1.740947075
Maharashtra,PUNE,1999,Summer,Groundnut,6500,11500,1.769230769
Maharashtra,PUNE,1999,Summer,Maize,1300,2300,1.769230769
Maharashtra,PUNE,1999,Summer,Sunflower,400,300,0.75
Maharashtra,PUNE,1999,Whole Year,Sugarcane,47600,4777500,100.3676471
Maharashtra,PUNE,2000,Kharif,Arhar/Tur,4200,2000,0.476190476
Maharashtra,PUNE,2000,Kharif,Bajra,160400,104600,0.652119701
Maharashtra,PUNE,2000,Kharif,Castor seed,100,10,0.1
Maharashtra,PUNE,2000,Kharif,Cotton(lint),700,1600,2.285714286
Maharashtra,PUNE,2000,Kharif,Groundnut,48800,57200,1.172131148
Maharashtra,PUNE,2000,Kharif,Jowar,3000,2400,0.8
Maharashtra,PUNE,2000,Kharif,Maize,5800,3600,0.620689655
Maharashtra,PUNE,2000,Kharif,Moong(Green Gram),9200,3500,0.380434783
Maharashtra,PUNE,2000,Kharif,Niger seed,2100,600,0.285714286
Maharashtra,PUNE,2000,Kharif,Other Kharif pulses,28200,9600,0.340425532
Maharashtra,PUNE,2000,Kharif,Ragi,12500,11200,0.896
Maharashtra,PUNE,2000,Kharif,Rice,64000,75200,1.175
Maharashtra,PUNE,2000,Kharif,Sesamum,3000,600,0.2
Maharashtra,PUNE,2000,Kharif,Small millets,1300,800,0.615384615
Maharashtra,PUNE,2000,Kharif,Soyabean,700,600,0.857142857
Maharashtra,PUNE,2000,Kharif,Sunflower,1700,900,0.529411765
Maharashtra,PUNE,2000,Kharif,Urad,2500,2100,0.84
Maharashtra,PUNE,2000,Rabi,Gram,53600,32200,0.600746269
Maharashtra,PUNE,2000,Rabi,Jowar,487800,202800,0.415744157
Maharashtra,PUNE,2000,Rabi,Linseed,200,100,0.5
Maharashtra,PUNE,2000,Rabi,Maize,10400,11500,1.105769231
Maharashtra,PUNE,2000,Rabi,Other  Rabi pulses,9900,3700,0.373737374
Maharashtra,PUNE,2000,Rabi,Rapeseed &Mustard,100,10,0.1
Maharashtra,PUNE,2000,Rabi,Safflower,17900,11000,0.61452514
Maharashtra,PUNE,2000,Rabi,Sesamum,1100,200,0.181818182
Maharashtra,PUNE,2000,Rabi,Small millets,100,100,1
Maharashtra,PUNE,2000,Rabi,Sunflower,2600,1300,0.5
Maharashtra,PUNE,2000,Rabi,Wheat,55500,57000,1.027027027
Maharashtra,PUNE,2000,Summer,Groundnut,5000,9100,1.82
Maharashtra,PUNE,2000,Summer,Sunflower,400,200,0.5
Maharashtra,PUNE,2000,Whole Year,Sugarcane,48700,4558300,93.59958932
Maharashtra,PUNE,2001,Kharif,Arhar/Tur,4100,2000,0.487804878
Maharashtra,PUNE,2001,Kharif,Bajra,113200,85600,0.756183746
Maharashtra,PUNE,2001,Kharif,Castor seed,100,10,0.1
Maharashtra,PUNE,2001,Kharif,Cotton(lint),200,400,2
Maharashtra,PUNE,2001,Kharif,Groundnut,42500,51300,1.207058824
Maharashtra,PUNE,2001,Kharif,Jowar,3200,2200,0.6875
Maharashtra,PUNE,2001,Kharif,Maize,5800,8900,1.534482759
Maharashtra,PUNE,2001,Kharif,Moong(Green Gram),7300,1500,0.205479452
Maharashtra,PUNE,2001,Kharif,Niger seed,2100,400,0.19047619
Maharashtra,PUNE,2001,Kharif,Other Kharif pulses,13200,3300,0.25
Maharashtra,PUNE,2001,Kharif,Ragi,11700,9700,0.829059829
Maharashtra,PUNE,2001,Kharif,Rice,59100,86400,1.461928934
Maharashtra,PUNE,2001,Kharif,Sesamum,2400,900,0.375
Maharashtra,PUNE,2001,Kharif,Small millets,700,500,0.714285714
Maharashtra,PUNE,2001,Kharif,Soyabean,400,500,1.25
Maharashtra,PUNE,2001,Kharif,Sunflower,1300,400,0.307692308
Maharashtra,PUNE,2001,Kharif,Urad,1800,1000,0.555555556
Maharashtra,PUNE,2001,Rabi,Gram,56200,35100,0.62455516
Maharashtra,PUNE,2001,Rabi,Jowar,487800,235700,0.483189832
Maharashtra,PUNE,2001,Rabi,Linseed,200,100,0.5
Maharashtra,PUNE,2001,Rabi,Maize,8100,14900,1.839506173
Maharashtra,PUNE,2001,Rabi,Other  Rabi pulses,12700,6300,0.496062992
Maharashtra,PUNE,2001,Rabi,Rapeseed &Mustard,100,100,1
Maharashtra,PUNE,2001,Rabi,Safflower,16700,9800,0.586826347
Maharashtra,PUNE,2001,Rabi,Sesamum,1000,200,0.2
Maharashtra,PUNE,2001,Rabi,Small millets,1500,800,0.533333333
Maharashtra,PUNE,2001,Rabi,Sunflower,2200,1400,0.636363636
Maharashtra,PUNE,2001,Rabi,Wheat,59500,101200,1.700840336
Maharashtra,PUNE,2001,Summer,Groundnut,5100,10000,1.960784314
Maharashtra,PUNE,2001,Summer,Maize,1400,2000,1.428571429
Maharashtra,PUNE,2001,Summer,Sunflower,400,700,1.75
Maharashtra,PUNE,2001,Whole Year,Sugarcane,48700,4161000,85.44147844
Maharashtra,PUNE,2002,Kharif,Arhar/Tur,3800,1800,0.473684211
Maharashtra,PUNE,2002,Kharif,Bajra,123900,86500,0.698143664
Maharashtra,PUNE,2002,Kharif,Castor seed,100,10,0.1
Maharashtra,PUNE,2002,Kharif,Cotton(lint),200,500,2.5
Maharashtra,PUNE,2002,Kharif,Groundnut,43100,41900,0.972157773
Maharashtra,PUNE,2002,Kharif,Jowar,3000,1600,0.533333333
Maharashtra,PUNE,2002,Kharif,Maize,5500,13500,2.454545455
Maharashtra,PUNE,2002,Kharif,Moong(Green Gram),7800,3800,0.487179487
Maharashtra,PUNE,2002,Kharif,Niger seed,2100,500,0.238095238
Maharashtra,PUNE,2002,Kharif,Other Kharif pulses,12400,2200,0.177419355
Maharashtra,PUNE,2002,Kharif,Ragi,12000,10300,0.858333333
Maharashtra,PUNE,2002,Kharif,Rice,57700,40000,0.693240901
Maharashtra,PUNE,2002,Kharif,Sesamum,2300,300,0.130434783
Maharashtra,PUNE,2002,Kharif,Small millets,3300,1500,0.454545455
Maharashtra,PUNE,2002,Kharif,Soyabean,400,700,1.75
Maharashtra,PUNE,2002,Kharif,Sunflower,1100,400,0.363636364
Maharashtra,PUNE,2002,Kharif,Urad,2100,1900,0.904761905
Maharashtra,PUNE,2002,Rabi,Gram,54600,27700,0.507326007
Maharashtra,PUNE,2002,Rabi,Jowar,462600,160400,0.346735841
Maharashtra,PUNE,2002,Rabi,Linseed,100,100,1
Maharashtra,PUNE,2002,Rabi,Maize,8200,12800,1.56097561
Maharashtra,PUNE,2002,Rabi,Other  Rabi pulses,8800,3400,0.386363636
Maharashtra,PUNE,2002,Rabi,Rapeseed &Mustard,300,100,0.333333333
Maharashtra,PUNE,2002,Rabi,Safflower,16600,7100,0.427710843
Maharashtra,PUNE,2002,Rabi,Sesamum,600,100,0.166666667
Maharashtra,PUNE,2002,Rabi,Small millets,600,200,0.333333333
Maharashtra,PUNE,2002,Rabi,Sunflower,1600,700,0.4375
Maharashtra,PUNE,2002,Rabi,Wheat,64700,81900,1.265842349
Maharashtra,PUNE,2002,Summer,Groundnut,1900,4200,2.210526316
Maharashtra,PUNE,2002,Summer,Maize,1200,2200,1.833333333
Maharashtra,PUNE,2002,Summer,Sunflower,500,200,0.4
Maharashtra,PUNE,2002,Whole Year,Sugarcane,53500,4690000,87.6635514
Maharashtra,PUNE,2003,Kharif,Arhar/Tur,3300,2200,0.666666667
Maharashtra,PUNE,2003,Kharif,Bajra,97000,67600,0.696907216
Maharashtra,PUNE,2003,Kharif,Cotton(lint),100,300,3
Maharashtra,PUNE,2003,Kharif,Groundnut,45600,52900,1.160087719
Maharashtra,PUNE,2003,Kharif,Jowar,2900,4600,1.586206897
Maharashtra,PUNE,2003,Kharif,Maize,5500,12400,2.254545455
Maharashtra,PUNE,2003,Kharif,Moong(Green Gram),3600,1900,0.527777778
Maharashtra,PUNE,2003,Kharif,Niger seed,2000,600,0.3
Maharashtra,PUNE,2003,Kharif,Other Kharif pulses,6900,1800,0.260869565
Maharashtra,PUNE,2003,Kharif,Ragi,13000,10400,0.8
Maharashtra,PUNE,2003,Kharif,Rice,60400,84700,1.402317881
Maharashtra,PUNE,2003,Kharif,Sesamum,2700,700,0.259259259
Maharashtra,PUNE,2003,Kharif,Small millets,2100,900,0.428571429
Maharashtra,PUNE,2003,Kharif,Soyabean,600,2000,3.333333333
Maharashtra,PUNE,2003,Kharif,Sunflower,800,200,0.25
Maharashtra,PUNE,2003,Kharif,Urad,2400,1900,0.791666667
Maharashtra,PUNE,2003,Rabi,Gram,32200,16400,0.50931677
Maharashtra,PUNE,2003,Rabi,Jowar,262500,63800,0.243047619
Maharashtra,PUNE,2003,Rabi,Linseed,400,100,0.25
Maharashtra,PUNE,2003,Rabi,Maize,4900,5700,1.163265306
Maharashtra,PUNE,2003,Rabi,Other  Rabi pulses,4400,900,0.204545455
Maharashtra,PUNE,2003,Rabi,Rapeseed &Mustard,100,0,0
Maharashtra,PUNE,2003,Rabi,Safflower,4600,200,0.043478261
Maharashtra,PUNE,2003,Rabi,Sesamum,100,0,0
Maharashtra,PUNE,2003,Rabi,Small millets,2700,1100,0.407407407
Maharashtra,PUNE,2003,Rabi,Sunflower,1300,200,0.153846154
Maharashtra,PUNE,2003,Rabi,Wheat,38800,47500,1.224226804
Maharashtra,PUNE,2003,Summer,Groundnut,2100,3200,1.523809524
Maharashtra,PUNE,2003,Summer,Sunflower,400,300,0.75
Maharashtra,PUNE,2003,Whole Year,Banana,900,76350,84.83333333
Maharashtra,PUNE,2003,Whole Year,Grapes,822,17202,20.9270073
Maharashtra,PUNE,2003,Whole Year,Mango,7232,14000,1.935840708
Maharashtra,PUNE,2003,Whole Year,Onion,22546,325210,14.42428812
Maharashtra,PUNE,2003,Whole Year,Sugarcane,39600,2756000,69.5959596
Maharashtra,PUNE,2003,Whole Year,Tomato,7467,25412,3.403240927
Maharashtra,PUNE,2004,Kharif,Arhar/Tur,3800,3700,0.973684211
Maharashtra,PUNE,2004,Kharif,Bajra,116800,84800,0.726027397
Maharashtra,PUNE,2004,Kharif,Groundnut,47200,42600,0.902542373
Maharashtra,PUNE,2004,Kharif,Jowar,3200,3400,1.0625
Maharashtra,PUNE,2004,Kharif,Maize,7000,13600,1.942857143
Maharashtra,PUNE,2004,Kharif,Moong(Green Gram),6400,2300,0.359375
Maharashtra,PUNE,2004,Kharif,Niger seed,2200,700,0.318181818
Maharashtra,PUNE,2004,Kharif,Other Cereals & Millets,3000,1200,0.4
Maharashtra,PUNE,2004,Kharif,Other Kharif pulses,13000,2600,0.2
Maharashtra,PUNE,2004,Kharif,other oilseeds,100,,
Maharashtra,PUNE,2004,Kharif,Ragi,13600,11000,0.808823529
Maharashtra,PUNE,2004,Kharif,Rice,67600,85100,1.25887574
Maharashtra,PUNE,2004,Kharif,Sesamum,2700,900,0.333333333
Maharashtra,PUNE,2004,Kharif,Sunflower,1200,600,0.5
Maharashtra,PUNE,2004,Kharif,Urad,2700,1900,0.703703704
Maharashtra,PUNE,2004,Rabi,Gram,39200,25500,0.650510204
Maharashtra,PUNE,2004,Rabi,Jowar,428100,227800,0.532118664
Maharashtra,PUNE,2004,Rabi,Linseed,200,100,0.5
Maharashtra,PUNE,2004,Rabi,Maize,6200,16600,2.677419355
Maharashtra,PUNE,2004,Rabi,Other  Rabi pulses,8500,1500,0.176470588
Maharashtra,PUNE,2004,Rabi,Other Cereals & Millets,500,200,0.4
Maharashtra,PUNE,2004,Rabi,Rapeseed &Mustard,300,100,0.333333333
Maharashtra,PUNE,2004,Rabi,Safflower,6200,1200,0.193548387
Maharashtra,PUNE,2004,Rabi,Sesamum,200,100,0.5
Maharashtra,PUNE,2004,Rabi,Soyabean,1200,3600,3
Maharashtra,PUNE,2004,Rabi,Sunflower,1800,1000,0.555555556
Maharashtra,PUNE,2004,Rabi,Wheat,52500,86900,1.655238095
Maharashtra,PUNE,2004,Summer,Groundnut,5300,9600,1.811320755
Maharashtra,PUNE,2004,Summer,Maize,2100,3500,1.666666667
Maharashtra,PUNE,2004,Summer,Sunflower,300,300,1
Maharashtra,PUNE,2004,Whole Year,Cotton(lint),100,200,2
Maharashtra,PUNE,2004,Whole Year,Sugarcane,28200,2361900,83.75531915
Maharashtra,PUNE,2005,Kharif,Arhar/Tur,3700,1900,0.513513514
Maharashtra,PUNE,2005,Kharif,Bajra,125300,90400,0.721468476
Maharashtra,PUNE,2005,Kharif,Castor seed,100,300,3
Maharashtra,PUNE,2005,Kharif,Cotton(lint),100,300,3
Maharashtra,PUNE,2005,Kharif,Groundnut,45900,39100,0.851851852
Maharashtra,PUNE,2005,Kharif,Moong(Green Gram),6900,3200,0.463768116
Maharashtra,PUNE,2005,Kharif,Niger seed,2400,800,0.333333333
Maharashtra,PUNE,2005,Kharif,Ragi,12700,10200,0.803149606
Maharashtra,PUNE,2005,Kharif,Rice,64500,73800,1.144186047
Maharashtra,PUNE,2005,Kharif,Sesamum,2800,600,0.214285714
Maharashtra,PUNE,2005,Kharif,Soyabean,1800,3800,2.111111111
Maharashtra,PUNE,2005,Kharif,Sugarcane,53800,5036100,93.60780669
Maharashtra,PUNE,2005,Kharif,Sunflower,1500,5900,3.933333333
Maharashtra,PUNE,2005,Kharif,Urad,2200,1900,0.863636364
Maharashtra,PUNE,2005,Rabi,Gram,49500,33500,0.676767677
Maharashtra,PUNE,2005,Rabi,Linseed,100,100,1
Maharashtra,PUNE,2005,Rabi,Safflower,7100,5200,0.732394366
Maharashtra,PUNE,2005,Rabi,Sesamum,300,100,0.333333333
Maharashtra,PUNE,2005,Rabi,Sunflower,2300,1100,0.47826087
Maharashtra,PUNE,2005,Rabi,Wheat,61300,112900,1.841761827
Maharashtra,PUNE,2005,Summer,Groundnut,5300,10800,2.037735849
Maharashtra,PUNE,2005,Summer,Sunflower,300,200,0.666666667
Maharashtra,PUNE,2006,Kharif,Arhar/Tur,3900,1900,0.487179487
Maharashtra,PUNE,2006,Kharif,Bajra,128900,81300,0.63072149
Maharashtra,PUNE,2006,Kharif,Castor seed,200,100,0.5
Maharashtra,PUNE,2006,Kharif,Cotton(lint),100,200,2
Maharashtra,PUNE,2006,Kharif,Groundnut,45600,33600,0.736842105
Maharashtra,PUNE,2006,Kharif,Jowar,3000,1900,0.633333333
Maharashtra,PUNE,2006,Kharif,Maize,8500,19600,2.305882353
Maharashtra,PUNE,2006,Kharif,Moong(Green Gram),7600,3800,0.5
Maharashtra,PUNE,2006,Kharif,Niger seed,2600,700,0.269230769
Maharashtra,PUNE,2006,Kharif,Ragi,13800,9500,0.688405797
Maharashtra,PUNE,2006,Kharif,Rice,63900,68900,1.078247261
Maharashtra,PUNE,2006,Kharif,Sesamum,2800,600,0.214285714
Maharashtra,PUNE,2006,Kharif,Soyabean,1900,3600,1.894736842
Maharashtra,PUNE,2006,Kharif,Sunflower,1700,900,0.529411765
Maharashtra,PUNE,2006,Kharif,Urad,2400,1600,0.666666667
Maharashtra,PUNE,2006,Rabi,Gram,56100,39200,0.698752228
Maharashtra,PUNE,2006,Rabi,Jowar,455600,233300,0.512071993
Maharashtra,PUNE,2006,Rabi,Linseed,200,100,0.5
Maharashtra,PUNE,2006,Rabi,Maize,8300,20400,2.457831325
Maharashtra,PUNE,2006,Rabi,Rapeseed &Mustard,300,100,0.333333333
Maharashtra,PUNE,2006,Rabi,Safflower,11400,4900,0.429824561
Maharashtra,PUNE,2006,Rabi,Sesamum,1000,300,0.3
Maharashtra,PUNE,2006,Rabi,Sunflower,2400,1200,0.5
Maharashtra,PUNE,2006,Rabi,Wheat,72900,132100,1.812071331
Maharashtra,PUNE,2006,Summer,Groundnut,5500,10100,1.836363636
Maharashtra,PUNE,2006,Summer,Maize,1500,2500,1.666666667
Maharashtra,PUNE,2006,Summer,Sunflower,300,300,1
Maharashtra,PUNE,2007,Kharif,Arhar/Tur,39,18,0.461538462
Maharashtra,PUNE,2007,Kharif,Bajra,1127,982,0.87133984
Maharashtra,PUNE,2007,Kharif,Castor seed,1,0.3,0.3
Maharashtra,PUNE,2007,Kharif,Cotton(lint),1,2,2
Maharashtra,PUNE,2007,Kharif,Groundnut,461,512,1.110629067
Maharashtra,PUNE,2007,Kharif,Jowar,30,24,0.8
Maharashtra,PUNE,2007,Kharif,Maize,74,207,2.797297297
Maharashtra,PUNE,2007,Kharif,Moong(Green Gram),71,45,0.633802817
Maharashtra,PUNE,2007,Kharif,Ragi,125,111,0.888
Maharashtra,PUNE,2007,Kharif,Rice,628,782,1.24522293
Maharashtra,PUNE,2007,Kharif,Sesamum,26,9,0.346153846
Maharashtra,PUNE,2007,Kharif,Soyabean,30,52,1.733333333
Maharashtra,PUNE,2007,Kharif,Sunflower,11,8,0.727272727
Maharashtra,PUNE,2007,Kharif,Urad,23,21,0.913043478
Maharashtra,PUNE,2007,Rabi,Gram,549,376,0.684881603
Maharashtra,PUNE,2007,Rabi,Jowar,4002,2155,0.53848076
Maharashtra,PUNE,2007,Rabi,Linseed,1,1,1
Maharashtra,PUNE,2007,Rabi,Maize,82,228,2.780487805
Maharashtra,PUNE,2007,Rabi,Rapeseed &Mustard,1,1,1
Maharashtra,PUNE,2007,Rabi,Safflower,87,52,0.597701149
Maharashtra,PUNE,2007,Rabi,Sesamum,6,2,0.333333333
Maharashtra,PUNE,2007,Rabi,Sunflower,21,15,0.714285714
Maharashtra,PUNE,2007,Rabi,Wheat,734,1550,2.111716621
Maharashtra,PUNE,2007,Summer,Groundnut,36,67,1.861111111
Maharashtra,PUNE,2007,Summer,Maize,10,17,1.7
Maharashtra,PUNE,2007,Summer,Sunflower,5,4,0.8
Maharashtra,PUNE,2007,Whole Year,Sugarcane,1042,101074,97
Maharashtra,PUNE,2008,Kharif,Arhar/Tur,1900,1100,0.578947368
Maharashtra,PUNE,2008,Kharif,Bajra,34500,27000,0.782608696
Maharashtra,PUNE,2008,Kharif,Castor seed,100,25,0.25
Maharashtra,PUNE,2008,Kharif,Cotton(lint),100,300,3
Maharashtra,PUNE,2008,Kharif,Groundnut,31000,29400,0.948387097
Maharashtra,PUNE,2008,Kharif,Jowar,2800,3200,1.142857143
Maharashtra,PUNE,2008,Kharif,Maize,5700,13400,2.350877193
Maharashtra,PUNE,2008,Kharif,Moong(Green Gram),3900,1700,0.435897436
Maharashtra,PUNE,2008,Kharif,Niger seed,1800,500,0.277777778
Maharashtra,PUNE,2008,Kharif,Ragi,9100,9200,1.010989011
Maharashtra,PUNE,2008,Kharif,Rice,61200,75500,1.233660131
Maharashtra,PUNE,2008,Kharif,Sesamum,1500,500,0.333333333
Maharashtra,PUNE,2008,Kharif,Soyabean,2400,3700,1.541666667
Maharashtra,PUNE,2008,Kharif,Sugarcane,85600,8332800,97.34579439
Maharashtra,PUNE,2008,Kharif,Sunflower,500,300,0.6
Maharashtra,PUNE,2008,Kharif,Urad,1700,1600,0.941176471
Maharashtra,PUNE,2008,Rabi,Gram,47400,35700,0.753164557
Maharashtra,PUNE,2008,Rabi,Jowar,427900,274600,0.641738724
Maharashtra,PUNE,2008,Rabi,Maize,104,266,2.557692308
Maharashtra,PUNE,2008,Rabi,Rapeseed &Mustard,100,100,1
Maharashtra,PUNE,2008,Rabi,Safflower,2300,800,0.347826087
Maharashtra,PUNE,2008,Rabi,Sesamum,300,100,0.333333333
Maharashtra,PUNE,2008,Rabi,Sunflower,1800,1100,0.611111111
Maharashtra,PUNE,2008,Rabi,Wheat,60900,112300,1.844006568
Maharashtra,PUNE,2008,Whole Year,Sugarcane,85600,8332800,97.34579439
Maharashtra,PUNE,2009,Kharif,Arhar/Tur,2100,1300,0.619047619
Maharashtra,PUNE,2009,Kharif,Bajra,46000,33900,0.736956522
Maharashtra,PUNE,2009,Kharif,Castor seed,100,20,0.2
Maharashtra,PUNE,2009,Kharif,Groundnut,33100,29200,0.882175227
Maharashtra,PUNE,2009,Kharif,Jowar,9900,10400,1.050505051
Maharashtra,PUNE,2009,Kharif,Maize,4900,10100,2.06122449
Maharashtra,PUNE,2009,Kharif,Moong(Green Gram),2700,1700,0.62962963
Maharashtra,PUNE,2009,Kharif,Niger seed,3000,800,0.266666667
Maharashtra,PUNE,2009,Kharif,Ragi,9400,6300,0.670212766
Maharashtra,PUNE,2009,Kharif,Rice,62600,51200,0.817891374
Maharashtra,PUNE,2009,Kharif,Sesamum,1400,100,0.071428571
Maharashtra,PUNE,2009,Kharif,Soyabean,3300,4700,1.424242424
Maharashtra,PUNE,2009,Kharif,Sugarcane,95600,9112100,95.31485356
Maharashtra,PUNE,2009,Kharif,Sunflower,600,200,0.333333333
Maharashtra,PUNE,2009,Kharif,Urad,1900,1600,0.842105263
Maharashtra,PUNE,2009,Rabi,Gram,54100,42500,0.785582255
Maharashtra,PUNE,2009,Rabi,Jowar,426500,314800,0.738100821
Maharashtra,PUNE,2009,Rabi,Maize,11100,31000,2.792792793
Maharashtra,PUNE,2009,Rabi,Rapeseed &Mustard,100,50,0.5
Maharashtra,PUNE,2009,Rabi,Safflower,3300,900,0.272727273
Maharashtra,PUNE,2009,Rabi,Sesamum,300,100,0.333333333
Maharashtra,PUNE,2009,Rabi,Sunflower,1600,800,0.5
Maharashtra,PUNE,2009,Rabi,Wheat,59600,91800,1.540268456
Maharashtra,PUNE,2010,Kharif,Arhar/Tur,2900,1800,0.620689655
Maharashtra,PUNE,2010,Kharif,Bajra,48600,43000,0.884773663
Maharashtra,PUNE,2010,Kharif,Castor seed,100,20,0.2
Maharashtra,PUNE,2010,Kharif,Groundnut,35700,45900,1.285714286
Maharashtra,PUNE,2010,Kharif,Jowar,8700,8300,0.954022989
Maharashtra,PUNE,2010,Kharif,Maize,10500,24500,2.333333333
Maharashtra,PUNE,2010,Kharif,Moong(Green Gram),6800,6900,1.014705882
Maharashtra,PUNE,2010,Kharif,Niger seed,2000,700,0.35
Maharashtra,PUNE,2010,Kharif,Ragi,9400,8600,0.914893617
Maharashtra,PUNE,2010,Kharif,Rice,60900,71900,1.180623974
Maharashtra,PUNE,2010,Kharif,Sesamum,1700,400,0.235294118
Maharashtra,PUNE,2010,Kharif,Soyabean,2900,5800,2
Maharashtra,PUNE,2010,Kharif,Sugarcane,111500,11083100,99.4
Maharashtra,PUNE,2010,Kharif,Sunflower,800,300,0.375
Maharashtra,PUNE,2010,Kharif,Urad,2100,2000,0.952380952
Maharashtra,PUNE,2010,Rabi,Gram,58100,55200,0.950086059
Maharashtra,PUNE,2010,Rabi,Jowar,448500,330800,0.737569677
Maharashtra,PUNE,2010,Rabi,Maize,14800,47700,3.222972973
Maharashtra,PUNE,2010,Rabi,Rapeseed &Mustard,100,50,0.5
Maharashtra,PUNE,2010,Rabi,Safflower,5000,1900,0.38
Maharashtra,PUNE,2010,Rabi,Sesamum,400,100,0.25
Maharashtra,PUNE,2010,Rabi,Sunflower,1800,1000,0.555555556
Maharashtra,PUNE,2010,Rabi,Wheat,60000,115900,1.931666667
Maharashtra,PUNE,2011,Kharif,Arhar/Tur,2900,1500,0.517241379
Maharashtra,PUNE,2011,Kharif,Bajra,50700,40700,0.802761341
Maharashtra,PUNE,2011,Kharif,Groundnut,39200,41400,1.056122449
Maharashtra,PUNE,2011,Kharif,Jowar,5500,5500,1
Maharashtra,PUNE,2011,Kharif,Maize,10500,31400,2.99047619
Maharashtra,PUNE,2011,Kharif,Moong(Green Gram),6400,3300,0.515625
Maharashtra,PUNE,2011,Kharif,Niger seed,2000,700,0.35
Maharashtra,PUNE,2011,Kharif,Other Kharif pulses,7700,2700,0.350649351
Maharashtra,PUNE,2011,Kharif,Ragi,10300,11900,1.155339806
Maharashtra,PUNE,2011,Kharif,Rice,62000,85600,1.380645161
Maharashtra,PUNE,2011,Kharif,Sesamum,1700,500,0.294117647
Maharashtra,PUNE,2011,Kharif,Soyabean,3900,8200,2.102564103
Maharashtra,PUNE,2011,Kharif,Sunflower,700,300,0.428571429
Maharashtra,PUNE,2011,Kharif,Urad,2100,2100,1
Maharashtra,PUNE,2011,Rabi,Gram,35400,33000,0.93220339
Maharashtra,PUNE,2011,Rabi,Jowar,173600,101100,0.582373272
Maharashtra,PUNE,2011,Rabi,Maize,14700,52400,3.56462585
Maharashtra,PUNE,2011,Rabi,Other  Rabi pulses,6100,2600,0.426229508
Maharashtra,PUNE,2011,Rabi,Safflower,600,100,0.166666667
Maharashtra,PUNE,2011,Rabi,Sesamum,100,,
Maharashtra,PUNE,2011,Rabi,Sunflower,700,300,0.428571429
Maharashtra,PUNE,2011,Rabi,Wheat,55300,105600,1.909584087
Maharashtra,PUNE,2011,Summer,Groundnut,6900,11300,1.637681159
Maharashtra,PUNE,2011,Summer,Maize,2000,3400,1.7
Maharashtra,PUNE,2011,Summer,Sunflower,600,500,0.833333333
Maharashtra,PUNE,2011,Whole Year,Sugarcane,129900,13157600,101.2902232
Maharashtra,PUNE,2012,Kharif,Arhar/Tur,3400,600,0.176470588
Maharashtra,PUNE,2012,Kharif,Bajra,36000,16700,0.463888889
Maharashtra,PUNE,2012,Kharif,Groundnut,37700,33200,0.880636605
Maharashtra,PUNE,2012,Kharif,Jowar,4000,3400,0.85
Maharashtra,PUNE,2012,Kharif,Maize,9500,23300,2.452631579
Maharashtra,PUNE,2012,Kharif,Moong(Green Gram),4600,1400,0.304347826
Maharashtra,PUNE,2012,Kharif,Niger seed,2600,900,0.346153846
Maharashtra,PUNE,2012,Kharif,Other Kharif pulses,6300,2500,0.396825397
Maharashtra,PUNE,2012,Kharif,Ragi,10600,11700,1.103773585
Maharashtra,PUNE,2012,Kharif,Rice,77600,106200,1.368556701
Maharashtra,PUNE,2012,Kharif,Sesamum,1700,300,0.176470588
Maharashtra,PUNE,2012,Kharif,Soyabean,4200,8100,1.928571429
Maharashtra,PUNE,2012,Kharif,Sunflower,800,300,0.375
Maharashtra,PUNE,2012,Kharif,Urad,2400,1500,0.625
Maharashtra,PUNE,2012,Rabi,Gram,37800,27000,0.714285714
Maharashtra,PUNE,2012,Rabi,Jowar,177100,87000,0.491247883
Maharashtra,PUNE,2012,Rabi,Maize,15200,41900,2.756578947
Maharashtra,PUNE,2012,Rabi,Other  Rabi pulses,2800,800,0.285714286
Maharashtra,PUNE,2012,Rabi,Rapeseed &Mustard,200,100,0.5
Maharashtra,PUNE,2012,Rabi,Safflower,600,30,0.05
Maharashtra,PUNE,2012,Rabi,Sesamum,100,30,0.3
Maharashtra,PUNE,2012,Rabi,Sunflower,500,200,0.4
Maharashtra,PUNE,2012,Rabi,Wheat,53000,93800,1.769811321
Maharashtra,PUNE,2012,Summer,Groundnut,6900,10100,1.463768116
Maharashtra,PUNE,2012,Summer,Maize,500,900,1.8
Maharashtra,PUNE,2012,Summer,Sunflower,800,400,0.5
Maharashtra,PUNE,2012,Whole Year,Sugarcane,137700,13888400,100.8598402
Maharashtra,PUNE,2013,Kharif,Arhar/Tur,4200,2400,0.571428571
Maharashtra,PUNE,2013,Kharif,Bajra,49800,41600,0.835341365
Maharashtra,PUNE,2013,Kharif,Groundnut,46000,37700,0.819565217
Maharashtra,PUNE,2013,Kharif,Jowar,3200,2700,0.84375
Maharashtra,PUNE,2013,Kharif,Maize,11800,33000,2.796610169
Maharashtra,PUNE,2013,Kharif,Moong(Green Gram),4600,3500,0.760869565
Maharashtra,PUNE,2013,Kharif,Niger seed,2600,700,0.269230769
Maharashtra,PUNE,2013,Kharif,Other Kharif pulses,12100,3900,0.32231405
Maharashtra,PUNE,2013,Kharif,Ragi,10600,13600,1.283018868
Maharashtra,PUNE,2013,Kharif,Rice,82100,153200,1.866017052
Maharashtra,PUNE,2013,Kharif,Sesamum,1200,400,0.333333333
Maharashtra,PUNE,2013,Kharif,Soyabean,6900,26800,3.884057971
Maharashtra,PUNE,2013,Kharif,Sunflower,600,400,0.666666667
Maharashtra,PUNE,2013,Kharif,Urad,2400,2200,0.916666667
Maharashtra,PUNE,2013,Rabi,Gram,50600,41200,0.814229249
Maharashtra,PUNE,2013,Rabi,Jowar,251600,158800,0.631160572
Maharashtra,PUNE,2013,Rabi,Maize,19000,57000,3
Maharashtra,PUNE,2013,Rabi,Other  Rabi pulses,2700,1200,0.444444444
Maharashtra,PUNE,2013,Rabi,Safflower,600,,
Maharashtra,PUNE,2013,Rabi,Sesamum,100,,
Maharashtra,PUNE,2013,Rabi,Sunflower,200,,
Maharashtra,PUNE,2013,Rabi,Wheat,64300,129900,2.020217729
Maharashtra,PUNE,2013,Summer,Groundnut,8100,14600,1.802469136
Maharashtra,PUNE,2013,Summer,Maize,1100,1900,1.727272727
Maharashtra,PUNE,2013,Summer,Sunflower,800,500,0.625
Maharashtra,PUNE,2013,Whole Year,Sugarcane,143900,16963500,117.8839472
Maharashtra,PUNE,2014,Kharif,Arhar/Tur,3000,700,0.233333333
Maharashtra,PUNE,2014,Kharif,Bajra,31500,26300,0.834920635
Maharashtra,PUNE,2014,Kharif,Castor seed,100,,
Maharashtra,PUNE,2014,Kharif,Groundnut,47700,43000,0.901467505
Maharashtra,PUNE,2014,Kharif,Jowar,3500,1700,0.485714286
Maharashtra,PUNE,2014,Kharif,Maize,13300,54500,4.097744361
Maharashtra,PUNE,2014,Kharif,Moong(Green Gram),2100,1400,0.666666667
Maharashtra,PUNE,2014,Kharif,Niger seed,2300,600,0.260869565
Maharashtra,PUNE,2014,Kharif,Other Kharif pulses,7700,1900,0.246753247
Maharashtra,PUNE,2014,Kharif,Ragi,12100,13200,1.090909091
Maharashtra,PUNE,2014,Kharif,Rice,82100,136100,1.65773447
Maharashtra,PUNE,2014,Kharif,Soyabean,7100,11700,1.647887324
Maharashtra,PUNE,2014,Kharif,Sunflower,600,300,0.5
Maharashtra,PUNE,2014,Rabi,Gram,59900,51800,0.864774624
Maharashtra,PUNE,2014,Rabi,Jowar,268300,131700,0.490868431
Maharashtra,PUNE,2014,Rabi,Maize,21600,77300,3.578703704
Maharashtra,PUNE,2014,Rabi,Other  Rabi pulses,2200,500,0.227272727
Maharashtra,PUNE,2014,Rabi,Safflower,400,300,0.75
Maharashtra,PUNE,2014,Rabi,Sesamum,100,,
Maharashtra,PUNE,2014,Rabi,Sunflower,300,200,0.666666667
Maharashtra,PUNE,2014,Rabi,Wheat,71800,108300,1.508356546
Maharashtra,PUNE,2014,Summer,Groundnut,8400,19100,2.273809524
Maharashtra,PUNE,2014,Summer,Maize,1100,1600,1.454545455
Maharashtra,PUNE,2014,Whole Year,Sugarcane,127800,13833900,108.2464789
Maharashtra,RAIGAD,1997,Kharif,Arhar/Tur,1300,600,0.461538462
Maharashtra,RAIGAD,1997,Kharif,Gram,2000,1200,0.6
Maharashtra,RAIGAD,1997,Kharif,Moong(Green Gram),100,100,1
Maharashtra,RAIGAD,1997,Kharif,Pulses total,46,20,0.434782609
Maharashtra,RAIGAD,1997,Kharif,Ragi,12600,9700,0.76984127
Maharashtra,RAIGAD,1997,Kharif,Rice,123800,311900,2.519386107
Maharashtra,RAIGAD,1997,Kharif,Total foodgrain,1516,3290,2.170184697
Maharashtra,RAIGAD,1997,Kharif,Urad,1000,600,0.6
Maharashtra,RAIGAD,1997,Rabi,Other  Rabi pulses,820,33,0.040243902
Maharashtra,RAIGAD,1997,Summer,Rice,82,224,2.731707317
Maharashtra,RAIGAD,1998,Kharif,Arhar/Tur,1000,500,0.5
Maharashtra,RAIGAD,1998,Kharif,Groundnut,100,100,1
Maharashtra,RAIGAD,1998,Kharif,Moong(Green Gram),100,100,1
Maharashtra,RAIGAD,1998,Kharif,Niger seed,400,100,0.25
Maharashtra,RAIGAD,1998,Kharif,Other Cereals & Millets,4700,2900,0.617021277
Maharashtra,RAIGAD,1998,Kharif,Other Kharif pulses,2200,900,0.409090909
Maharashtra,RAIGAD,1998,Kharif,Ragi,12600,10100,0.801587302
Maharashtra,RAIGAD,1998,Kharif,Rice,127300,326700,2.566378633
Maharashtra,RAIGAD,1998,Kharif,Sesamum,400,200,0.5
Maharashtra,RAIGAD,1998,Kharif,Urad,800,600,0.75
Maharashtra,RAIGAD,1998,Rabi,Gram,2100,1300,0.619047619
Maharashtra,RAIGAD,1998,Rabi,Other  Rabi pulses,7300,3000,0.410958904
Maharashtra,RAIGAD,1998,Rabi,Other Cereals & Millets,100,100,1
Maharashtra,RAIGAD,1998,Rabi,Rapeseed &Mustard,100,,
Maharashtra,RAIGAD,1998,Rabi,Sesamum,100,,
Maharashtra,RAIGAD,1998,Summer,Groundnut,200,200,1
Maharashtra,RAIGAD,1998,Summer,Rice,8100,21000,2.592592593
Maharashtra,RAIGAD,1999,Kharif,Arhar/Tur,900,500,0.555555556
Maharashtra,RAIGAD,1999,Kharif,Groundnut,100,100,1
Maharashtra,RAIGAD,1999,Kharif,Moong(Green Gram),100,100,1
Maharashtra,RAIGAD,1999,Kharif,Niger seed,400,100,0.25
Maharashtra,RAIGAD,1999,Kharif,Other Kharif pulses,300,200,0.666666667
Maharashtra,RAIGAD,1999,Kharif,Ragi,11900,8700,0.731092437
Maharashtra,RAIGAD,1999,Kharif,Rice,127400,307500,2.413657771
Maharashtra,RAIGAD,1999,Kharif,Sesamum,200,100,0.5
Maharashtra,RAIGAD,1999,Kharif,Small millets,3300,2200,0.666666667
Maharashtra,RAIGAD,1999,Kharif,Urad,600,400,0.666666667
Maharashtra,RAIGAD,1999,Rabi,Gram,2300,1500,0.652173913
Maharashtra,RAIGAD,1999,Rabi,Other  Rabi pulses,8600,3800,0.441860465
Maharashtra,RAIGAD,1999,Rabi,Sesamum,100,0,0
Maharashtra,RAIGAD,1999,Summer,Groundnut,200,200,1
Maharashtra,RAIGAD,1999,Summer,Rice,8300,21000,2.530120482
Maharashtra,RAIGAD,2000,Kharif,Arhar/Tur,1000,400,0.4
Maharashtra,RAIGAD,2000,Kharif,Groundnut,100,100,1
Maharashtra,RAIGAD,2000,Kharif,Moong(Green Gram),100,100,1
Maharashtra,RAIGAD,2000,Kharif,Niger seed,300,100,0.333333333
Maharashtra,RAIGAD,2000,Kharif,Other Kharif pulses,900,300,0.333333333
Maharashtra,RAIGAD,2000,Kharif,Ragi,11900,7900,0.663865546
Maharashtra,RAIGAD,2000,Kharif,Rice,126400,274100,2.168512658
Maharashtra,RAIGAD,2000,Kharif,Sesamum,200,100,0.5
Maharashtra,RAIGAD,2000,Kharif,Small millets,4400,3100,0.704545455
Maharashtra,RAIGAD,2000,Kharif,Urad,600,400,0.666666667
Maharashtra,RAIGAD,2000,Rabi,Gram,2000,1100,0.55
Maharashtra,RAIGAD,2000,Rabi,Other  Rabi pulses,8300,2900,0.34939759
Maharashtra,RAIGAD,2000,Rabi,Sesamum,100,100,1
Maharashtra,RAIGAD,2000,Summer,Groundnut,200,300,1.5
Maharashtra,RAIGAD,2000,Summer,Rice,8300,17600,2.120481928
Maharashtra,RAIGAD,2001,Kharif,Arhar/Tur,1000,400,0.4
Maharashtra,RAIGAD,2001,Kharif,Groundnut,100,100,1
Maharashtra,RAIGAD,2001,Kharif,Moong(Green Gram),100,100,1
Maharashtra,RAIGAD,2001,Kharif,Niger seed,300,100,0.333333333
Maharashtra,RAIGAD,2001,Kharif,Other Kharif pulses,400,100,0.25
Maharashtra,RAIGAD,2001,Kharif,Ragi,11200,10100,0.901785714
Maharashtra,RAIGAD,2001,Kharif,Rice,125400,332200,2.649122807
Maharashtra,RAIGAD,2001,Kharif,Sesamum,300,100,0.333333333
Maharashtra,RAIGAD,2001,Kharif,Small millets,1800,1400,0.777777778
Maharashtra,RAIGAD,2001,Kharif,Urad,600,500,0.833333333
Maharashtra,RAIGAD,2001,Rabi,Gram,2000,1000,0.5
Maharashtra,RAIGAD,2001,Rabi,Other  Rabi pulses,10800,4900,0.453703704
Maharashtra,RAIGAD,2001,Rabi,Rapeseed &Mustard,100,10,0.1
Maharashtra,RAIGAD,2001,Summer,Groundnut,200,300,1.5
Maharashtra,RAIGAD,2001,Summer,Rice,8300,24600,2.963855422
Maharashtra,RAIGAD,2002,Kharif,Arhar/Tur,1000,500,0.5
Maharashtra,RAIGAD,2002,Kharif,Groundnut,100,100,1
Maharashtra,RAIGAD,2002,Kharif,Moong(Green Gram),100,100,1
Maharashtra,RAIGAD,2002,Kharif,Niger seed,300,100,0.333333333
Maharashtra,RAIGAD,2002,Kharif,Other Kharif pulses,600,200,0.333333333
Maharashtra,RAIGAD,2002,Kharif,Ragi,11000,7200,0.654545455
Maharashtra,RAIGAD,2002,Kharif,Rice,124600,256000,2.054574639
Maharashtra,RAIGAD,2002,Kharif,Sesamum,200,100,0.5
Maharashtra,RAIGAD,2002,Kharif,Small millets,3500,1800,0.514285714
Maharashtra,RAIGAD,2002,Kharif,Urad,600,500,0.833333333
Maharashtra,RAIGAD,2002,Rabi,Gram,1400,900,0.642857143
Maharashtra,RAIGAD,2002,Rabi,Other  Rabi pulses,7500,2800,0.373333333
Maharashtra,RAIGAD,2002,Rabi,Rapeseed &Mustard,100,100,1
Maharashtra,RAIGAD,2002,Rabi,Sesamum,100,10,0.1
Maharashtra,RAIGAD,2002,Rabi,Small millets,100,100,1
Maharashtra,RAIGAD,2002,Summer,Groundnut,200,300,1.5
Maharashtra,RAIGAD,2002,Summer,Rice,8600,21800,2.534883721
Maharashtra,RAIGAD,2003,Kharif,Arhar/Tur,1000,500,0.5
Maharashtra,RAIGAD,2003,Kharif,Groundnut,100,100,1
Maharashtra,RAIGAD,2003,Kharif,Moong(Green Gram),100,100,1
Maharashtra,RAIGAD,2003,Kharif,Niger seed,300,100,0.333333333
Maharashtra,RAIGAD,2003,Kharif,Other Kharif pulses,400,100,0.25
Maharashtra,RAIGAD,2003,Kharif,Ragi,11000,9600,0.872727273
Maharashtra,RAIGAD,2003,Kharif,Rice,124600,353600,2.83788122
Maharashtra,RAIGAD,2003,Kharif,Sesamum,200,100,0.5
Maharashtra,RAIGAD,2003,Kharif,Small millets,5600,3100,0.553571429
Maharashtra,RAIGAD,2003,Kharif,Urad,600,400,0.666666667
Maharashtra,RAIGAD,2003,Rabi,Gram,1300,900,0.692307692
Maharashtra,RAIGAD,2003,Rabi,Other  Rabi pulses,8700,3600,0.413793103
Maharashtra,RAIGAD,2003,Rabi,Rapeseed &Mustard,100,0,0
Maharashtra,RAIGAD,2003,Rabi,Small millets,100,100,1
Maharashtra,RAIGAD,2003,Summer,Groundnut,200,300,1.5
Maharashtra,RAIGAD,2003,Summer,Rice,8500,22700,2.670588235
Maharashtra,RAIGAD,2003,Whole Year,Banana,100,1730,17.3
Maharashtra,RAIGAD,2003,Whole Year,Mango,13400,18670,1.393283582
Maharashtra,RAIGAD,2003,Whole Year,Tomato,315,1011,3.20952381
Maharashtra,RAIGAD,2004,Kharif,Arhar/Tur,1100,600,0.545454545
Maharashtra,RAIGAD,2004,Kharif,Groundnut,100,100,1
Maharashtra,RAIGAD,2004,Kharif,Moong(Green Gram),100,100,1
Maharashtra,RAIGAD,2004,Kharif,Niger seed,300,100,0.333333333
Maharashtra,RAIGAD,2004,Kharif,Other Cereals & Millets,4100,2300,0.56097561
Maharashtra,RAIGAD,2004,Kharif,Other Kharif pulses,500,300,0.6
Maharashtra,RAIGAD,2004,Kharif,Ragi,10900,8300,0.76146789
Maharashtra,RAIGAD,2004,Kharif,Rice,124500,275900,2.216064257
Maharashtra,RAIGAD,2004,Kharif,Sesamum,200,100,0.5
Maharashtra,RAIGAD,2004,Kharif,Urad,700,700,1
Maharashtra,RAIGAD,2004,Rabi,Gram,1200,800,0.666666667
Maharashtra,RAIGAD,2004,Rabi,Other  Rabi pulses,8600,3500,0.406976744
Maharashtra,RAIGAD,2004,Rabi,Other Cereals & Millets,100,,
Maharashtra,RAIGAD,2004,Rabi,Rapeseed &Mustard,100,100,1
Maharashtra,RAIGAD,2004,Rabi,Sesamum,100,0,0
Maharashtra,RAIGAD,2004,Summer,Groundnut,200,300,1.5
Maharashtra,RAIGAD,2004,Summer,Rice,8500,21300,2.505882353
Maharashtra,RAIGAD,2005,Kharif,Arhar/Tur,1100,700,0.636363636
Maharashtra,RAIGAD,2005,Kharif,Groundnut,100,100,1
Maharashtra,RAIGAD,2005,Kharif,Moong(Green Gram),200,100,0.5
Maharashtra,RAIGAD,2005,Kharif,Niger seed,300,100,0.333333333
Maharashtra,RAIGAD,2005,Kharif,Ragi,10000,7700,0.77
Maharashtra,RAIGAD,2005,Kharif,Rice,121000,272900,2.255371901
Maharashtra,RAIGAD,2005,Kharif,Sesamum,200,100,0.5
Maharashtra,RAIGAD,2005,Kharif,Urad,700,600,0.857142857
Maharashtra,RAIGAD,2005,Rabi,Gram,1800,1200,0.666666667
Maharashtra,RAIGAD,2005,Rabi,Rapeseed &Mustard,100,100,1
Maharashtra,RAIGAD,2005,Rabi,Sesamum,100,100,1
Maharashtra,RAIGAD,2005,Summer,Groundnut,200,300,1.5
Maharashtra,RAIGAD,2005,Summer,Rice,8500,22100,2.6
Maharashtra,RAIGAD,2006,Kharif,Arhar/Tur,1000,600,0.6
Maharashtra,RAIGAD,2006,Kharif,Groundnut,100,100,1
Maharashtra,RAIGAD,2006,Kharif,Moong(Green Gram),200,100,0.5
Maharashtra,RAIGAD,2006,Kharif,Niger seed,300,100,0.333333333
Maharashtra,RAIGAD,2006,Kharif,Ragi,10100,7400,0.732673267
Maharashtra,RAIGAD,2006,Kharif,Rice,123600,291100,2.355177994
Maharashtra,RAIGAD,2006,Kharif,Sesamum,200,100,0.5
Maharashtra,RAIGAD,2006,Kharif,Urad,700,600,0.857142857
Maharashtra,RAIGAD,2006,Rabi,Gram,1700,1300,0.764705882
Maharashtra,RAIGAD,2006,Rabi,Maize,100,200,2
Maharashtra,RAIGAD,2006,Rabi,Rapeseed &Mustard,200,100,0.5
Maharashtra,RAIGAD,2006,Summer,Groundnut,200,400,2
Maharashtra,RAIGAD,2006,Summer,Rice,8600,23400,2.720930233
Maharashtra,RAIGAD,2007,Kharif,Arhar/Tur,11,8,0.727272727
Maharashtra,RAIGAD,2007,Kharif,Groundnut,1,1,1
Maharashtra,RAIGAD,2007,Kharif,Moong(Green Gram),3,2,0.666666667
Maharashtra,RAIGAD,2007,Kharif,Ragi,104,77,0.740384615
Maharashtra,RAIGAD,2007,Kharif,Rice,1246,3127,2.509630819
Maharashtra,RAIGAD,2007,Kharif,Sesamum,2,1,0.5
Maharashtra,RAIGAD,2007,Kharif,Urad,7,4,0.571428571
Maharashtra,RAIGAD,2007,Rabi,Gram,19,15,0.789473684
Maharashtra,RAIGAD,2007,Rabi,Maize,2,5,2.5
Maharashtra,RAIGAD,2007,Rabi,Rapeseed &Mustard,1,0.3,0.3
Maharashtra,RAIGAD,2007,Summer,Groundnut,2,3,1.5
Maharashtra,RAIGAD,2008,Kharif,Arhar/Tur,1100,600,0.545454545
Maharashtra,RAIGAD,2008,Kharif,Groundnut,100,100,1
Maharashtra,RAIGAD,2008,Kharif,Moong(Green Gram),300,100,0.333333333
Maharashtra,RAIGAD,2008,Kharif,Niger seed,300,100,0.333333333
Maharashtra,RAIGAD,2008,Kharif,Ragi,10300,8800,0.854368932
Maharashtra,RAIGAD,2008,Kharif,Rice,123800,335900,2.713247173
Maharashtra,RAIGAD,2008,Kharif,Sesamum,200,100,0.5
Maharashtra,RAIGAD,2008,Kharif,Urad,700,500,0.714285714
Maharashtra,RAIGAD,2008,Rabi,Gram,2000,1400,0.7
Maharashtra,RAIGAD,2008,Rabi,Maize,2,6,3
Maharashtra,RAIGAD,2008,Rabi,Rapeseed &Mustard,200,100,0.5
Maharashtra,RAIGAD,2009,Kharif,Arhar/Tur,1000,800,0.8
Maharashtra,RAIGAD,2009,Kharif,Groundnut,100,100,1
Maharashtra,RAIGAD,2009,Kharif,Moong(Green Gram),300,100,0.333333333
Maharashtra,RAIGAD,2009,Kharif,Niger seed,300,100,0.333333333
Maharashtra,RAIGAD,2009,Kharif,Ragi,10600,8700,0.820754717
Maharashtra,RAIGAD,2009,Kharif,Rice,124000,311500,2.512096774
Maharashtra,RAIGAD,2009,Kharif,Sesamum,200,100,0.5
Maharashtra,RAIGAD,2009,Kharif,Urad,600,400,0.666666667
Maharashtra,RAIGAD,2009,Rabi,Gram,2000,1300,0.65
Maharashtra,RAIGAD,2009,Rabi,Rapeseed &Mustard,100,40,0.4
Maharashtra,RAIGAD,2010,Kharif,Arhar/Tur,1300,600,0.461538462
Maharashtra,RAIGAD,2010,Kharif,Groundnut,100,100,1
Maharashtra,RAIGAD,2010,Kharif,Moong(Green Gram),300,200,0.666666667
Maharashtra,RAIGAD,2010,Kharif,Niger seed,400,100,0.25
Maharashtra,RAIGAD,2010,Kharif,Ragi,10800,8300,0.768518519
Maharashtra,RAIGAD,2010,Kharif,Rice,124600,294600,2.364365971
Maharashtra,RAIGAD,2010,Kharif,Sesamum,200,100,0.5
Maharashtra,RAIGAD,2010,Kharif,Urad,600,300,0.5
Maharashtra,RAIGAD,2010,Rabi,Gram,1800,1600,0.888888889
Maharashtra,RAIGAD,2010,Rabi,Rapeseed &Mustard,100,40,0.4
Maharashtra,RAIGAD,2011,Kharif,Arhar/Tur,1300,800,0.615384615
Maharashtra,RAIGAD,2011,Kharif,Groundnut,100,100,1
Maharashtra,RAIGAD,2011,Kharif,Moong(Green Gram),200,100,0.5
Maharashtra,RAIGAD,2011,Kharif,Niger seed,400,100,0.25
Maharashtra,RAIGAD,2011,Kharif,Other Kharif pulses,300,100,0.333333333
Maharashtra,RAIGAD,2011,Kharif,Ragi,11100,9500,0.855855856
Maharashtra,RAIGAD,2011,Kharif,Rice,123800,298600,2.411954766
Maharashtra,RAIGAD,2011,Kharif,Sesamum,100,100,1
Maharashtra,RAIGAD,2011,Kharif,Urad,600,500,0.833333333
Maharashtra,RAIGAD,2011,Rabi,Gram,1800,1600,0.888888889
Maharashtra,RAIGAD,2011,Rabi,Maize,200,600,3
Maharashtra,RAIGAD,2011,Rabi,Other  Rabi pulses,9300,4500,0.483870968
Maharashtra,RAIGAD,2011,Rabi,Rapeseed &Mustard,100,40,0.4
Maharashtra,RAIGAD,2011,Rabi,Sesamum,100,20,0.2
Maharashtra,RAIGAD,2011,Summer,Groundnut,200,400,2
Maharashtra,RAIGAD,2011,Summer,Rice,3000,7600,2.533333333
Maharashtra,RAIGAD,2012,Kharif,Arhar/Tur,1500,200,0.133333333
Maharashtra,RAIGAD,2012,Kharif,Groundnut,100,100,1
Maharashtra,RAIGAD,2012,Kharif,Moong(Green Gram),300,100,0.333333333
Maharashtra,RAIGAD,2012,Kharif,Other Kharif pulses,600,300,0.5
Maharashtra,RAIGAD,2012,Kharif,Ragi,11100,9100,0.81981982
Maharashtra,RAIGAD,2012,Kharif,Rice,124100,323000,2.602739726
Maharashtra,RAIGAD,2012,Kharif,Sesamum,100,40,0.4
Maharashtra,RAIGAD,2012,Kharif,Urad,700,500,0.714285714
Maharashtra,RAIGAD,2012,Rabi,Other  Rabi pulses,11100,5300,0.477477477
Maharashtra,RAIGAD,2012,Summer,Groundnut,200,300,1.5
Maharashtra,RAIGAD,2012,Summer,Rice,3800,10300,2.710526316
Maharashtra,RAIGAD,2013,Kharif,Arhar/Tur,600,300,0.5
Maharashtra,RAIGAD,2013,Kharif,Ragi,11100,9400,0.846846847
Maharashtra,RAIGAD,2013,Kharif,Rice,124100,355100,2.861402095
Maharashtra,RAIGAD,2013,Kharif,Urad,200,100,0.5
Maharashtra,RAIGAD,2013,Rabi,Other  Rabi pulses,7300,3600,0.493150685
Maharashtra,RAIGAD,2013,Summer,Groundnut,200,600,3
Maharashtra,RAIGAD,2013,Summer,Rice,3800,10800,2.842105263
Maharashtra,RAIGAD,2014,Kharif,Arhar/Tur,1200,500,0.416666667
Maharashtra,RAIGAD,2014,Kharif,Moong(Green Gram),100,,
Maharashtra,RAIGAD,2014,Kharif,Niger seed,100,,
Maharashtra,RAIGAD,2014,Kharif,Other Kharif pulses,100,,
Maharashtra,RAIGAD,2014,Kharif,Ragi,8100,7700,0.950617284
Maharashtra,RAIGAD,2014,Kharif,Rice,116200,320700,2.75989673
Maharashtra,RAIGAD,2014,Rabi,Other  Rabi pulses,11400,8000,0.701754386
Maharashtra,RAIGAD,2014,Summer,Groundnut,200,600,3
Maharashtra,RAIGAD,2014,Summer,Rice,9100,30100,3.307692308
Maharashtra,RATNAGIRI,1997,Kharif,Arhar/Tur,500,200,0.4
Maharashtra,RATNAGIRI,1997,Kharif,Pulses total,23,9,0.391304348
Maharashtra,RATNAGIRI,1997,Kharif,Ragi,19900,22400,1.125628141
Maharashtra,RATNAGIRI,1997,Kharif,Rice,79200,183200,2.313131313
Maharashtra,RATNAGIRI,1997,Kharif,Total foodgrain,1150,2140,1.860869565
Maharashtra,RATNAGIRI,1997,Kharif,Urad,100,100,1
Maharashtra,RATNAGIRI,1997,Rabi,Other  Rabi pulses,510,19,0.037254902
Maharashtra,RATNAGIRI,1997,Summer,Rice,3,8,2.666666667
Maharashtra,RATNAGIRI,1998,Kharif,Arhar/Tur,500,200,0.4
Maharashtra,RATNAGIRI,1998,Kharif,Groundnut,100,100,1
Maharashtra,RATNAGIRI,1998,Kharif,Moong(Green Gram),100,100,1
Maharashtra,RATNAGIRI,1998,Kharif,Niger seed,1700,500,0.294117647
Maharashtra,RATNAGIRI,1998,Kharif,Other Cereals & Millets,10800,6800,0.62962963
Maharashtra,RATNAGIRI,1998,Kharif,Other Kharif pulses,2100,900,0.428571429
Maharashtra,RATNAGIRI,1998,Kharif,Ragi,19900,21500,1.08040201
Maharashtra,RATNAGIRI,1998,Kharif,Rice,78400,219100,2.794642857
Maharashtra,RATNAGIRI,1998,Kharif,Urad,100,100,1
Maharashtra,RATNAGIRI,1998,Rabi,Gram,100,100,1
Maharashtra,RATNAGIRI,1998,Rabi,Other  Rabi pulses,4300,1700,0.395348837
Maharashtra,RATNAGIRI,1998,Rabi,Rapeseed &Mustard,100,,
Maharashtra,RATNAGIRI,1998,Summer,Groundnut,500,500,1
Maharashtra,RATNAGIRI,1998,Summer,Rice,400,1100,2.75
Maharashtra,RATNAGIRI,1999,Kharif,Arhar/Tur,500,300,0.6
Maharashtra,RATNAGIRI,1999,Kharif,Groundnut,100,100,1
Maharashtra,RATNAGIRI,1999,Kharif,Moong(Green Gram),100,100,1
Maharashtra,RATNAGIRI,1999,Kharif,Niger seed,1700,600,0.352941176
Maharashtra,RATNAGIRI,1999,Kharif,Other Kharif pulses,400,300,0.75
Maharashtra,RATNAGIRI,1999,Kharif,Ragi,19800,22700,1.146464646
Maharashtra,RATNAGIRI,1999,Kharif,Rice,79400,191500,2.411838791
Maharashtra,RATNAGIRI,1999,Kharif,Small millets,4600,3100,0.673913043
Maharashtra,RATNAGIRI,1999,Kharif,Urad,300,200,0.666666667
Maharashtra,RATNAGIRI,1999,Rabi,Other  Rabi pulses,5000,2300,0.46
Maharashtra,RATNAGIRI,1999,Rabi,Rapeseed &Mustard,100,0,0
Maharashtra,RATNAGIRI,1999,Summer,Groundnut,500,1000,2
Maharashtra,RATNAGIRI,1999,Summer,Rice,500,1300,2.6
Maharashtra,RATNAGIRI,2000,Kharif,Arhar/Tur,500,200,0.4
Maharashtra,RATNAGIRI,2000,Kharif,Groundnut,100,10,0.1
Maharashtra,RATNAGIRI,2000,Kharif,Moong(Green Gram),100,100,1
Maharashtra,RATNAGIRI,2000,Kharif,Niger seed,1800,300,0.166666667
Maharashtra,RATNAGIRI,2000,Kharif,Other Kharif pulses,1000,400,0.4
Maharashtra,RATNAGIRI,2000,Kharif,Ragi,18900,23200,1.227513228
Maharashtra,RATNAGIRI,2000,Kharif,Rice,78400,165900,2.116071429
Maharashtra,RATNAGIRI,2000,Kharif,Sesamum,100,10,0.1
Maharashtra,RATNAGIRI,2000,Kharif,Small millets,9900,6800,0.686868687
Maharashtra,RATNAGIRI,2000,Kharif,Urad,400,200,0.5
Maharashtra,RATNAGIRI,2000,Rabi,Other  Rabi pulses,5400,2000,0.37037037
Maharashtra,RATNAGIRI,2000,Rabi,Rapeseed &Mustard,100,10,0.1
Maharashtra,RATNAGIRI,2000,Summer,Groundnut,500,1400,2.8
Maharashtra,RATNAGIRI,2000,Summer,Rice,400,1200,3
Maharashtra,RATNAGIRI,2001,Kharif,Arhar/Tur,600,300,0.5
Maharashtra,RATNAGIRI,2001,Kharif,Groundnut,100,100,1
Maharashtra,RATNAGIRI,2001,Kharif,Moong(Green Gram),100,100,1
Maharashtra,RATNAGIRI,2001,Kharif,Niger seed,2000,700,0.35
Maharashtra,RATNAGIRI,2001,Kharif,Other Kharif pulses,500,100,0.2
Maharashtra,RATNAGIRI,2001,Kharif,Ragi,18500,23300,1.259459459
Maharashtra,RATNAGIRI,2001,Kharif,Rice,78400,209200,2.668367347
Maharashtra,RATNAGIRI,2001,Kharif,Sesamum,100,100,1
Maharashtra,RATNAGIRI,2001,Kharif,Small millets,5100,3600,0.705882353
Maharashtra,RATNAGIRI,2001,Kharif,Urad,400,300,0.75
Maharashtra,RATNAGIRI,2001,Rabi,Other  Rabi pulses,6900,3300,0.47826087
Maharashtra,RATNAGIRI,2001,Rabi,Small millets,100,0,0
Maharashtra,RATNAGIRI,2001,Summer,Groundnut,400,1000,2.5
Maharashtra,RATNAGIRI,2001,Summer,Rice,300,1000,3.333333333
Maharashtra,RATNAGIRI,2002,Kharif,Arhar/Tur,600,300,0.5
Maharashtra,RATNAGIRI,2002,Kharif,Groundnut,100,100,1
Maharashtra,RATNAGIRI,2002,Kharif,Moong(Green Gram),100,100,1
Maharashtra,RATNAGIRI,2002,Kharif,Niger seed,2000,600,0.3
Maharashtra,RATNAGIRI,2002,Kharif,Other Kharif pulses,800,300,0.375
Maharashtra,RATNAGIRI,2002,Kharif,Ragi,18300,20500,1.120218579
Maharashtra,RATNAGIRI,2002,Kharif,Rice,78500,148300,1.889171975
Maharashtra,RATNAGIRI,2002,Kharif,Sesamum,100,100,1
Maharashtra,RATNAGIRI,2002,Kharif,Small millets,10700,6700,0.626168224
Maharashtra,RATNAGIRI,2002,Kharif,Urad,400,300,0.75
Maharashtra,RATNAGIRI,2002,Rabi,Maize,100,100,1
Maharashtra,RATNAGIRI,2002,Rabi,Other  Rabi pulses,4900,1900,0.387755102
Maharashtra,RATNAGIRI,2002,Rabi,Rapeseed &Mustard,100,10,0.1
Maharashtra,RATNAGIRI,2002,Rabi,Small millets,100,100,1
Maharashtra,RATNAGIRI,2002,Summer,Groundnut,300,600,2
Maharashtra,RATNAGIRI,2002,Summer,Rice,300,800,2.666666667
Maharashtra,RATNAGIRI,2003,Kharif,Arhar/Tur,600,300,0.5
Maharashtra,RATNAGIRI,2003,Kharif,Groundnut,100,100,1
Maharashtra,RATNAGIRI,2003,Kharif,Moong(Green Gram),100,100,1
Maharashtra,RATNAGIRI,2003,Kharif,Niger seed,2000,800,0.4
Maharashtra,RATNAGIRI,2003,Kharif,Other Kharif pulses,900,500,0.555555556
Maharashtra,RATNAGIRI,2003,Kharif,Ragi,18000,28200,1.566666667
Maharashtra,RATNAGIRI,2003,Kharif,Rice,79200,238500,3.011363636
Maharashtra,RATNAGIRI,2003,Kharif,Sesamum,100,100,1
Maharashtra,RATNAGIRI,2003,Kharif,Small millets,8300,5600,0.674698795
Maharashtra,RATNAGIRI,2003,Kharif,Urad,400,300,0.75
Maharashtra,RATNAGIRI,2003,Rabi,Maize,100,200,2
Maharashtra,RATNAGIRI,2003,Rabi,Other  Rabi pulses,5400,2400,0.444444444
Maharashtra,RATNAGIRI,2003,Rabi,Rapeseed &Mustard,100,0,0
Maharashtra,RATNAGIRI,2003,Summer,Groundnut,300,800,2.666666667
Maharashtra,RATNAGIRI,2003,Summer,Rice,200,600,3
Maharashtra,RATNAGIRI,2003,Whole Year,Banana,100,2330,23.3
Maharashtra,RATNAGIRI,2003,Whole Year,Mango,40038,62670,1.565263
Maharashtra,RATNAGIRI,2004,Kharif,Arhar/Tur,600,300,0.5
Maharashtra,RATNAGIRI,2004,Kharif,Groundnut,200,200,1
Maharashtra,RATNAGIRI,2004,Kharif,Moong(Green Gram),100,100,1
Maharashtra,RATNAGIRI,2004,Kharif,Niger seed,2100,800,0.380952381
Maharashtra,RATNAGIRI,2004,Kharif,Other Cereals & Millets,7500,3400,0.453333333
Maharashtra,RATNAGIRI,2004,Kharif,Other Kharif pulses,900,500,0.555555556
Maharashtra,RATNAGIRI,2004,Kharif,Ragi,17600,20700,1.176136364
Maharashtra,RATNAGIRI,2004,Kharif,Rice,79100,186500,2.357774968
Maharashtra,RATNAGIRI,2004,Kharif,Sesamum,100,0,0
Maharashtra,RATNAGIRI,2004,Kharif,Urad,400,400,1
Maharashtra,RATNAGIRI,2004,Rabi,Maize,100,100,1
Maharashtra,RATNAGIRI,2004,Rabi,Other  Rabi pulses,5500,2400,0.436363636
Maharashtra,RATNAGIRI,2004,Rabi,Other Cereals & Millets,100,,
Maharashtra,RATNAGIRI,2004,Rabi,Rapeseed &Mustard,100,0,0
Maharashtra,RATNAGIRI,2004,Summer,Groundnut,300,700,2.333333333
Maharashtra,RATNAGIRI,2004,Summer,Rice,200,700,3.5
Maharashtra,RATNAGIRI,2005,Kharif,Arhar/Tur,600,400,0.666666667
Maharashtra,RATNAGIRI,2005,Kharif,Groundnut,200,200,1
Maharashtra,RATNAGIRI,2005,Kharif,Moong(Green Gram),400,200,0.5
Maharashtra,RATNAGIRI,2005,Kharif,Niger seed,2100,600,0.285714286
Maharashtra,RATNAGIRI,2005,Kharif,Ragi,18100,22000,1.215469613
Maharashtra,RATNAGIRI,2005,Kharif,Rice,77000,194600,2.527272727
Maharashtra,RATNAGIRI,2005,Kharif,Sesamum,100,100,1
Maharashtra,RATNAGIRI,2005,Kharif,Urad,400,300,0.75
Maharashtra,RATNAGIRI,2005,Rabi,Rapeseed &Mustard,100,100,1
Maharashtra,RATNAGIRI,2005,Summer,Groundnut,200,400,2
Maharashtra,RATNAGIRI,2005,Summer,Rice,200,600,3
Maharashtra,RATNAGIRI,2006,Kharif,Arhar/Tur,500,300,0.6
Maharashtra,RATNAGIRI,2006,Kharif,Groundnut,200,100,0.5
Maharashtra,RATNAGIRI,2006,Kharif,Moong(Green Gram),200,100,0.5
Maharashtra,RATNAGIRI,2006,Kharif,Niger seed,1800,400,0.222222222
Maharashtra,RATNAGIRI,2006,Kharif,Ragi,17800,20500,1.151685393
Maharashtra,RATNAGIRI,2006,Kharif,Rice,77900,210900,2.707317073
Maharashtra,RATNAGIRI,2006,Kharif,Sesamum,100,100,1
Maharashtra,RATNAGIRI,2006,Kharif,Urad,400,400,1
Maharashtra,RATNAGIRI,2006,Rabi,Maize,100,200,2
Maharashtra,RATNAGIRI,2006,Rabi,Rapeseed &Mustard,100,33,0.33
Maharashtra,RATNAGIRI,2006,Summer,Groundnut,200,400,2
Maharashtra,RATNAGIRI,2006,Summer,Rice,100,300,3
Maharashtra,RATNAGIRI,2007,Kharif,Arhar/Tur,6,5,0.833333333
Maharashtra,RATNAGIRI,2007,Kharif,Groundnut,2,2,1
Maharashtra,RATNAGIRI,2007,Kharif,Moong(Green Gram),2,1,0.5
Maharashtra,RATNAGIRI,2007,Kharif,Ragi,171,191,1.116959064
Maharashtra,RATNAGIRI,2007,Kharif,Rice,767,1965,2.561929596
Maharashtra,RATNAGIRI,2007,Kharif,Sesamum,1,1,1
Maharashtra,RATNAGIRI,2007,Kharif,Urad,4,2,0.5
Maharashtra,RATNAGIRI,2007,Rabi,Maize,1,3,3
Maharashtra,RATNAGIRI,2007,Rabi,Rapeseed &Mustard,1,1,1
Maharashtra,RATNAGIRI,2007,Summer,Groundnut,2,5,2.5
Maharashtra,RATNAGIRI,2008,Kharif,Arhar/Tur,600,300,0.5
Maharashtra,RATNAGIRI,2008,Kharif,Groundnut,200,100,0.5
Maharashtra,RATNAGIRI,2008,Kharif,Moong(Green Gram),200,100,0.5
Maharashtra,RATNAGIRI,2008,Kharif,Niger seed,2000,600,0.3
Maharashtra,RATNAGIRI,2008,Kharif,Ragi,17600,22800,1.295454545
Maharashtra,RATNAGIRI,2008,Kharif,Rice,77400,201000,2.596899225
Maharashtra,RATNAGIRI,2008,Kharif,Sesamum,100,100,1
Maharashtra,RATNAGIRI,2008,Kharif,Urad,400,300,0.75
Maharashtra,RATNAGIRI,2008,Rabi,Maize,1,3,3
Maharashtra,RATNAGIRI,2008,Rabi,Rapeseed &Mustard,100,40,0.4
Maharashtra,RATNAGIRI,2009,Kharif,Arhar/Tur,600,500,0.833333333
Maharashtra,RATNAGIRI,2009,Kharif,Groundnut,200,200,1
Maharashtra,RATNAGIRI,2009,Kharif,Moong(Green Gram),200,100,0.5
Maharashtra,RATNAGIRI,2009,Kharif,Niger seed,2000,400,0.2
Maharashtra,RATNAGIRI,2009,Kharif,Ragi,17200,22300,1.296511628
Maharashtra,RATNAGIRI,2009,Kharif,Rice,77300,202700,2.62225097
Maharashtra,RATNAGIRI,2009,Kharif,Sesamum,100,30,0.3
Maharashtra,RATNAGIRI,2009,Kharif,Urad,400,200,0.5
Maharashtra,RATNAGIRI,2009,Rabi,Maize,100,300,3
Maharashtra,RATNAGIRI,2010,Kharif,Arhar/Tur,700,300,0.428571429
Maharashtra,RATNAGIRI,2010,Kharif,Groundnut,200,200,1
Maharashtra,RATNAGIRI,2010,Kharif,Moong(Green Gram),200,200,1
Maharashtra,RATNAGIRI,2010,Kharif,Niger seed,2200,300,0.136363636
Maharashtra,RATNAGIRI,2010,Kharif,Ragi,17000,20700,1.217647059
Maharashtra,RATNAGIRI,2010,Kharif,Rice,78000,223100,2.86025641
Maharashtra,RATNAGIRI,2010,Kharif,Sesamum,100,,
Maharashtra,RATNAGIRI,2010,Kharif,Urad,500,300,0.6
Maharashtra,RATNAGIRI,2010,Rabi,Maize,100,300,3
Maharashtra,RATNAGIRI,2010,Rabi,Rapeseed &Mustard,100,40,0.4
Maharashtra,RATNAGIRI,2011,Kharif,Arhar/Tur,700,400,0.571428571
Maharashtra,RATNAGIRI,2011,Kharif,Groundnut,100,100,1
Maharashtra,RATNAGIRI,2011,Kharif,Moong(Green Gram),200,100,0.5
Maharashtra,RATNAGIRI,2011,Kharif,Niger seed,2200,700,0.318181818
Maharashtra,RATNAGIRI,2011,Kharif,Other Kharif pulses,700,400,0.571428571
Maharashtra,RATNAGIRI,2011,Kharif,Ragi,17200,23400,1.360465116
Maharashtra,RATNAGIRI,2011,Kharif,Rice,77400,226100,2.92118863
Maharashtra,RATNAGIRI,2011,Kharif,Sesamum,100,50,0.5
Maharashtra,RATNAGIRI,2011,Kharif,Urad,400,300,0.75
Maharashtra,RATNAGIRI,2011,Rabi,Maize,100,300,3
Maharashtra,RATNAGIRI,2011,Rabi,Other  Rabi pulses,6200,2700,0.435483871
Maharashtra,RATNAGIRI,2011,Rabi,Rapeseed &Mustard,100,30,0.3
Maharashtra,RATNAGIRI,2011,Summer,Groundnut,100,200,2
Maharashtra,RATNAGIRI,2011,Summer,Rice,100,300,3
Maharashtra,RATNAGIRI,2012,Kharif,Arhar/Tur,500,100,0.2
Maharashtra,RATNAGIRI,2012,Kharif,Groundnut,100,100,1
Maharashtra,RATNAGIRI,2012,Kharif,Moong(Green Gram),200,40,0.2
Maharashtra,RATNAGIRI,2012,Kharif,Niger seed,2200,700,0.318181818
Maharashtra,RATNAGIRI,2012,Kharif,Other Kharif pulses,500,300,0.6
Maharashtra,RATNAGIRI,2012,Kharif,Ragi,16100,21300,1.322981366
Maharashtra,RATNAGIRI,2012,Kharif,Rice,73800,214800,2.910569106
Maharashtra,RATNAGIRI,2012,Kharif,Sesamum,100,40,0.4
Maharashtra,RATNAGIRI,2012,Kharif,Urad,300,200,0.666666667
Maharashtra,RATNAGIRI,2012,Rabi,Other  Rabi pulses,3100,2200,0.709677419
Maharashtra,RATNAGIRI,2012,Summer,Rice,100,200,2
Maharashtra,RATNAGIRI,2013,Kharif,Arhar/Tur,100,100,1
Maharashtra,RATNAGIRI,2013,Kharif,Niger seed,2200,800,0.363636364
Maharashtra,RATNAGIRI,2013,Kharif,Other Kharif pulses,200,100,0.5
Maharashtra,RATNAGIRI,2013,Kharif,Ragi,16100,21900,1.360248447
Maharashtra,RATNAGIRI,2013,Kharif,Rice,72100,213200,2.957004161
Maharashtra,RATNAGIRI,2013,Kharif,Sesamum,100,0,0
Maharashtra,RATNAGIRI,2013,Rabi,Other  Rabi pulses,6000,4300,0.716666667
Maharashtra,RATNAGIRI,2014,Kharif,Arhar/Tur,600,200,0.333333333
Maharashtra,RATNAGIRI,2014,Kharif,Moong(Green Gram),100,,
Maharashtra,RATNAGIRI,2014,Kharif,Niger seed,100,,
Maharashtra,RATNAGIRI,2014,Kharif,Other Kharif pulses,300,200,0.666666667
Maharashtra,RATNAGIRI,2014,Kharif,Ragi,16100,21400,1.329192547
Maharashtra,RATNAGIRI,2014,Kharif,Rice,72500,220500,3.04137931
Maharashtra,RATNAGIRI,2014,Rabi,Other  Rabi pulses,3500,2400,0.685714286
Maharashtra,SANGLI,1997,Kharif,Arhar/Tur,13600,3400,0.25
Maharashtra,SANGLI,1997,Kharif,Bajra,98800,51600,0.522267206
Maharashtra,SANGLI,1997,Kharif,Gram,23500,13500,0.574468085
Maharashtra,SANGLI,1997,Kharif,Jowar,122300,141700,1.158626329
Maharashtra,SANGLI,1997,Kharif,Maize,7500,10100,1.346666667
Maharashtra,SANGLI,1997,Kharif,Moong(Green Gram),6400,4400,0.6875
Maharashtra,SANGLI,1997,Kharif,Pulses total,643,259,0.402799378
Maharashtra,SANGLI,1997,Kharif,Ragi,800,800,1
Maharashtra,SANGLI,1997,Kharif,Rice,15700,32400,2.063694268
Maharashtra,SANGLI,1997,Kharif,Total foodgrain,3097,2626,0.847917339
Maharashtra,SANGLI,1997,Kharif,Urad,7900,7000,0.886075949
Maharashtra,SANGLI,1997,Rabi,Jowar,140300,82500,0.588025659
Maharashtra,SANGLI,1997,Rabi,Maize,3600,3600,1
Maharashtra,SANGLI,1997,Rabi,Other  Rabi pulses,60,2,0.033333333
Maharashtra,SANGLI,1997,Rabi,Wheat,21400,27300,1.275700935
Maharashtra,SANGLI,1997,Summer,Maize,1100,2000,1.818181818
Maharashtra,SANGLI,1997,Whole Year,Cotton(lint),32,7500,234.375
Maharashtra,SANGLI,1998,Kharif,Arhar/Tur,13800,5300,0.384057971
Maharashtra,SANGLI,1998,Kharif,Bajra,100600,53400,0.530815109
Maharashtra,SANGLI,1998,Kharif,Cotton(lint),3100,5300,1.709677419
Maharashtra,SANGLI,1998,Kharif,Groundnut,37100,51400,1.385444744
Maharashtra,SANGLI,1998,Kharif,Jowar,123900,220400,1.778853914
Maharashtra,SANGLI,1998,Kharif,Maize,8200,16000,1.951219512
Maharashtra,SANGLI,1998,Kharif,Moong(Green Gram),6900,3000,0.434782609
Maharashtra,SANGLI,1998,Kharif,Niger seed,1400,500,0.357142857
Maharashtra,SANGLI,1998,Kharif,Other Kharif pulses,35500,16700,0.470422535
Maharashtra,SANGLI,1998,Kharif,Ragi,800,1200,1.5
Maharashtra,SANGLI,1998,Kharif,Rice,16300,51500,3.159509202
Maharashtra,SANGLI,1998,Kharif,Sesamum,700,300,0.428571429
Maharashtra,SANGLI,1998,Kharif,Soyabean,56200,99100,1.763345196
Maharashtra,SANGLI,1998,Kharif,Sugarcane,48600,4892200,100.6625514
Maharashtra,SANGLI,1998,Kharif,Sunflower,3400,1000,0.294117647
Maharashtra,SANGLI,1998,Kharif,Urad,8600,5800,0.674418605
Maharashtra,SANGLI,1998,Rabi,Gram,30700,25000,0.814332248
Maharashtra,SANGLI,1998,Rabi,Jowar,141600,79300,0.560028249
Maharashtra,SANGLI,1998,Rabi,Maize,5400,8500,1.574074074
Maharashtra,SANGLI,1998,Rabi,Other  Rabi pulses,700,300,0.428571429
Maharashtra,SANGLI,1998,Rabi,Other Cereals & Millets,700,700,1
Maharashtra,SANGLI,1998,Rabi,Rapeseed &Mustard,800,200,0.25
Maharashtra,SANGLI,1998,Rabi,Safflower,8500,4500,0.529411765
Maharashtra,SANGLI,1998,Rabi,Sesamum,100,,
Maharashtra,SANGLI,1998,Rabi,Sunflower,4000,2200,0.55
Maharashtra,SANGLI,1998,Rabi,Wheat,29000,43100,1.486206897
Maharashtra,SANGLI,1998,Summer,Groundnut,1000,1100,1.1
Maharashtra,SANGLI,1998,Summer,Maize,1600,2700,1.6875
Maharashtra,SANGLI,1998,Summer,Sunflower,200,200,1
Maharashtra,SANGLI,1999,Kharif,Arhar/Tur,14400,5900,0.409722222
Maharashtra,SANGLI,1999,Kharif,Bajra,102600,56400,0.549707602
Maharashtra,SANGLI,1999,Kharif,Cotton(lint),3300,7600,2.303030303
Maharashtra,SANGLI,1999,Kharif,Groundnut,37600,36800,0.978723404
Maharashtra,SANGLI,1999,Kharif,Jowar,126600,159500,1.259873618
Maharashtra,SANGLI,1999,Kharif,Maize,9300,14900,1.602150538
Maharashtra,SANGLI,1999,Kharif,Moong(Green Gram),7600,3900,0.513157895
Maharashtra,SANGLI,1999,Kharif,Niger seed,1200,300,0.25
Maharashtra,SANGLI,1999,Kharif,Other Kharif pulses,47200,15400,0.326271186
Maharashtra,SANGLI,1999,Kharif,Ragi,800,1200,1.5
Maharashtra,SANGLI,1999,Kharif,Rice,17900,47200,2.636871508
Maharashtra,SANGLI,1999,Kharif,Sesamum,900,200,0.222222222
Maharashtra,SANGLI,1999,Kharif,Soyabean,56700,128000,2.257495591
Maharashtra,SANGLI,1999,Kharif,Sunflower,4200,1500,0.357142857
Maharashtra,SANGLI,1999,Kharif,Urad,9300,7200,0.774193548
Maharashtra,SANGLI,1999,Rabi,Gram,31200,25500,0.817307692
Maharashtra,SANGLI,1999,Rabi,Jowar,151000,121000,0.801324503
Maharashtra,SANGLI,1999,Rabi,Maize,6300,9800,1.555555556
Maharashtra,SANGLI,1999,Rabi,Other  Rabi pulses,600,300,0.5
Maharashtra,SANGLI,1999,Rabi,Rapeseed &Mustard,900,300,0.333333333
Maharashtra,SANGLI,1999,Rabi,Safflower,10600,7200,0.679245283
Maharashtra,SANGLI,1999,Rabi,Small millets,700,200,0.285714286
Maharashtra,SANGLI,1999,Rabi,Sunflower,4600,2400,0.52173913
Maharashtra,SANGLI,1999,Rabi,Wheat,31000,57700,1.861290323
Maharashtra,SANGLI,1999,Summer,Groundnut,1200,2000,1.666666667
Maharashtra,SANGLI,1999,Summer,Maize,1800,3100,1.722222222
Maharashtra,SANGLI,1999,Summer,Sunflower,200,100,0.5
Maharashtra,SANGLI,1999,Whole Year,Sugarcane,45600,4906600,107.6008772
Maharashtra,SANGLI,2000,Kharif,Arhar/Tur,15700,6800,0.433121019
Maharashtra,SANGLI,2000,Kharif,Bajra,105300,44600,0.423551757
Maharashtra,SANGLI,2000,Kharif,Cotton(lint),3600,6500,1.805555556
Maharashtra,SANGLI,2000,Kharif,Groundnut,38700,40900,1.056847545
Maharashtra,SANGLI,2000,Kharif,Jowar,131900,169100,1.282031842
Maharashtra,SANGLI,2000,Kharif,Maize,9900,6200,0.626262626
Maharashtra,SANGLI,2000,Kharif,Moong(Green Gram),6800,6100,0.897058824
Maharashtra,SANGLI,2000,Kharif,Niger seed,500,100,0.2
Maharashtra,SANGLI,2000,Kharif,Other Kharif pulses,35200,12900,0.366477273
Maharashtra,SANGLI,2000,Kharif,Ragi,900,1200,1.333333333
Maharashtra,SANGLI,2000,Kharif,Rice,18600,40400,2.172043011
Maharashtra,SANGLI,2000,Kharif,Sesamum,900,200,0.222222222
Maharashtra,SANGLI,2000,Kharif,Soyabean,58700,154900,2.638841567
Maharashtra,SANGLI,2000,Kharif,Sunflower,4600,2300,0.5
Maharashtra,SANGLI,2000,Kharif,Urad,8600,2500,0.290697674
Maharashtra,SANGLI,2000,Rabi,Gram,27800,21400,0.769784173
Maharashtra,SANGLI,2000,Rabi,Jowar,155000,82100,0.529677419
Maharashtra,SANGLI,2000,Rabi,Maize,7300,12000,1.643835616
Maharashtra,SANGLI,2000,Rabi,Other  Rabi pulses,200,100,0.5
Maharashtra,SANGLI,2000,Rabi,Rapeseed &Mustard,800,200,0.25
Maharashtra,SANGLI,2000,Rabi,Safflower,12500,5700,0.456
Maharashtra,SANGLI,2000,Rabi,Small millets,200,0,0
Maharashtra,SANGLI,2000,Rabi,Sunflower,4600,2300,0.5
Maharashtra,SANGLI,2000,Rabi,Wheat,26300,44700,1.699619772
Maharashtra,SANGLI,2000,Summer,Groundnut,1200,2200,1.833333333
Maharashtra,SANGLI,2000,Summer,Sunflower,200,100,0.5
Maharashtra,SANGLI,2000,Whole Year,Sugarcane,45200,4344800,96.12389381
Maharashtra,SANGLI,2001,Kharif,Arhar/Tur,9700,3100,0.319587629
Maharashtra,SANGLI,2001,Kharif,Bajra,42500,7600,0.178823529
Maharashtra,SANGLI,2001,Kharif,Cotton(lint),3100,3000,0.967741935
Maharashtra,SANGLI,2001,Kharif,Groundnut,34300,28100,0.819241983
Maharashtra,SANGLI,2001,Kharif,Jowar,112300,52700,0.469278718
Maharashtra,SANGLI,2001,Kharif,Maize,8500,18200,2.141176471
Maharashtra,SANGLI,2001,Kharif,Moong(Green Gram),5900,1300,0.220338983
Maharashtra,SANGLI,2001,Kharif,Niger seed,500,100,0.2
Maharashtra,SANGLI,2001,Kharif,Other Kharif pulses,16500,4500,0.272727273
Maharashtra,SANGLI,2001,Kharif,Ragi,900,1400,1.555555556
Maharashtra,SANGLI,2001,Kharif,Rice,17700,47200,2.666666667
Maharashtra,SANGLI,2001,Kharif,Sesamum,200,100,0.5
Maharashtra,SANGLI,2001,Kharif,Soyabean,60100,92600,1.540765391
Maharashtra,SANGLI,2001,Kharif,Sunflower,2800,900,0.321428571
Maharashtra,SANGLI,2001,Kharif,Urad,6300,1900,0.301587302
Maharashtra,SANGLI,2001,Rabi,Gram,30800,22800,0.74025974
Maharashtra,SANGLI,2001,Rabi,Jowar,159500,103100,0.646394984
Maharashtra,SANGLI,2001,Rabi,Maize,7500,12300,1.64
Maharashtra,SANGLI,2001,Rabi,Other  Rabi pulses,300,200,0.666666667
Maharashtra,SANGLI,2001,Rabi,Rapeseed &Mustard,400,200,0.5
Maharashtra,SANGLI,2001,Rabi,Safflower,6200,2400,0.387096774
Maharashtra,SANGLI,2001,Rabi,Sunflower,5800,3800,0.655172414
Maharashtra,SANGLI,2001,Rabi,Wheat,28900,50000,1.730103806
Maharashtra,SANGLI,2001,Summer,Groundnut,1000,1800,1.8
Maharashtra,SANGLI,2001,Summer,Maize,1100,1500,1.363636364
Maharashtra,SANGLI,2001,Summer,Sunflower,100,200,2
Maharashtra,SANGLI,2001,Whole Year,Sugarcane,44900,4472400,99.60801782
Maharashtra,SANGLI,2002,Kharif,Arhar/Tur,10700,4100,0.38317757
Maharashtra,SANGLI,2002,Kharif,Bajra,64400,9500,0.147515528
Maharashtra,SANGLI,2002,Kharif,Cotton(lint),3000,3300,1.1
Maharashtra,SANGLI,2002,Kharif,Groundnut,36400,24700,0.678571429
Maharashtra,SANGLI,2002,Kharif,Jowar,107300,59600,0.555452004
Maharashtra,SANGLI,2002,Kharif,Maize,9100,10300,1.131868132
Maharashtra,SANGLI,2002,Kharif,Moong(Green Gram),5600,1000,0.178571429
Maharashtra,SANGLI,2002,Kharif,Niger seed,200,100,0.5
Maharashtra,SANGLI,2002,Kharif,Other Kharif pulses,31100,1200,0.038585209
Maharashtra,SANGLI,2002,Kharif,Ragi,500,700,1.4
Maharashtra,SANGLI,2002,Kharif,Rice,18500,28400,1.535135135
Maharashtra,SANGLI,2002,Kharif,Sesamum,200,10,0.05
Maharashtra,SANGLI,2002,Kharif,Small millets,400,200,0.5
Maharashtra,SANGLI,2002,Kharif,Soyabean,61900,103600,1.673667205
Maharashtra,SANGLI,2002,Kharif,Sunflower,3100,1200,0.387096774
Maharashtra,SANGLI,2002,Kharif,Urad,6500,1200,0.184615385
Maharashtra,SANGLI,2002,Rabi,Gram,26500,14700,0.554716981
Maharashtra,SANGLI,2002,Rabi,Jowar,120800,45400,0.375827815
Maharashtra,SANGLI,2002,Rabi,Maize,6900,12600,1.826086957
Maharashtra,SANGLI,2002,Rabi,Other  Rabi pulses,200,100,0.5
Maharashtra,SANGLI,2002,Rabi,Rapeseed &Mustard,200,100,0.5
Maharashtra,SANGLI,2002,Rabi,Safflower,2400,500,0.208333333
Maharashtra,SANGLI,2002,Rabi,Sunflower,5600,2600,0.464285714
Maharashtra,SANGLI,2002,Rabi,Wheat,22400,28500,1.272321429
Maharashtra,SANGLI,2002,Summer,Groundnut,900,1900,2.111111111
Maharashtra,SANGLI,2002,Summer,Maize,1200,2100,1.75
Maharashtra,SANGLI,2002,Summer,Sunflower,100,100,1
Maharashtra,SANGLI,2002,Whole Year,Sugarcane,47400,4206000,88.73417722
Maharashtra,SANGLI,2003,Kharif,Arhar/Tur,5800,1700,0.293103448
Maharashtra,SANGLI,2003,Kharif,Bajra,11200,400,0.035714286
Maharashtra,SANGLI,2003,Kharif,Cotton(lint),600,900,1.5
Maharashtra,SANGLI,2003,Kharif,Groundnut,16700,11500,0.688622754
Maharashtra,SANGLI,2003,Kharif,Jowar,50800,15500,0.30511811
Maharashtra,SANGLI,2003,Kharif,Maize,5900,11200,1.898305085
Maharashtra,SANGLI,2003,Kharif,Moong(Green Gram),2600,300,0.115384615
Maharashtra,SANGLI,2003,Kharif,Niger seed,200,100,0.5
Maharashtra,SANGLI,2003,Kharif,Other Kharif pulses,8200,400,0.048780488
Maharashtra,SANGLI,2003,Kharif,Ragi,400,700,1.75
Maharashtra,SANGLI,2003,Kharif,Rice,15600,39500,2.532051282
Maharashtra,SANGLI,2003,Kharif,Sesamum,100,100,1
Maharashtra,SANGLI,2003,Kharif,Small millets,200,100,0.5
Maharashtra,SANGLI,2003,Kharif,Soyabean,40800,80100,1.963235294
Maharashtra,SANGLI,2003,Kharif,Sunflower,1100,300,0.272727273
Maharashtra,SANGLI,2003,Kharif,Urad,2800,100,0.035714286
Maharashtra,SANGLI,2003,Rabi,Gram,19000,11400,0.6
Maharashtra,SANGLI,2003,Rabi,Jowar,152500,33700,0.220983607
Maharashtra,SANGLI,2003,Rabi,Maize,7300,19600,2.684931507
Maharashtra,SANGLI,2003,Rabi,Rapeseed &Mustard,300,100,0.333333333
Maharashtra,SANGLI,2003,Rabi,Safflower,1700,200,0.117647059
Maharashtra,SANGLI,2003,Rabi,Sunflower,3700,500,0.135135135
Maharashtra,SANGLI,2003,Rabi,Wheat,12600,20300,1.611111111
Maharashtra,SANGLI,2003,Summer,Groundnut,200,500,2.5
Maharashtra,SANGLI,2003,Summer,Sunflower,100,100,1
Maharashtra,SANGLI,2003,Whole Year,Banana,100,5060,50.6
Maharashtra,SANGLI,2003,Whole Year,Grapes,5465,124312,22.74693504
Maharashtra,SANGLI,2003,Whole Year,Mango,2606,4820,1.849577897
Maharashtra,SANGLI,2003,Whole Year,Onion,170,1687,9.923529412
Maharashtra,SANGLI,2003,Whole Year,Sugarcane,35100,2795500,79.64387464
Maharashtra,SANGLI,2003,Whole Year,Tomato,708,1910,2.697740113
Maharashtra,SANGLI,2004,Kharif,Arhar/Tur,13200,5800,0.439393939
Maharashtra,SANGLI,2004,Kharif,Bajra,95800,45900,0.479123173
Maharashtra,SANGLI,2004,Kharif,Groundnut,32100,23900,0.744548287
Maharashtra,SANGLI,2004,Kharif,Jowar,112800,205000,1.817375887
Maharashtra,SANGLI,2004,Kharif,Maize,13400,29200,2.179104478
Maharashtra,SANGLI,2004,Kharif,Moong(Green Gram),6800,2000,0.294117647
Maharashtra,SANGLI,2004,Kharif,Niger seed,600,200,0.333333333
Maharashtra,SANGLI,2004,Kharif,Other Cereals & Millets,200,100,0.5
Maharashtra,SANGLI,2004,Kharif,Other Kharif pulses,31000,12400,0.4
Maharashtra,SANGLI,2004,Kharif,other oilseeds,100,,
Maharashtra,SANGLI,2004,Kharif,Ragi,400,500,1.25
Maharashtra,SANGLI,2004,Kharif,Rice,17700,44200,2.497175141
Maharashtra,SANGLI,2004,Kharif,Sesamum,300,100,0.333333333
Maharashtra,SANGLI,2004,Kharif,Sunflower,3500,1800,0.514285714
Maharashtra,SANGLI,2004,Kharif,Urad,7500,4400,0.586666667
Maharashtra,SANGLI,2004,Rabi,Gram,29600,18600,0.628378378
Maharashtra,SANGLI,2004,Rabi,Jowar,153200,81300,0.530678851
Maharashtra,SANGLI,2004,Rabi,Maize,8500,15900,1.870588235
Maharashtra,SANGLI,2004,Rabi,Other  Rabi pulses,600,400,0.666666667
Maharashtra,SANGLI,2004,Rabi,Rapeseed &Mustard,600,100,0.166666667
Maharashtra,SANGLI,2004,Rabi,Safflower,2100,1300,0.619047619
Maharashtra,SANGLI,2004,Rabi,Soyabean,82600,150100,1.817191283
Maharashtra,SANGLI,2004,Rabi,Sunflower,7300,4100,0.561643836
Maharashtra,SANGLI,2004,Rabi,Wheat,29400,50200,1.707482993
Maharashtra,SANGLI,2004,Summer,Groundnut,800,1500,1.875
Maharashtra,SANGLI,2004,Summer,Maize,1800,2700,1.5
Maharashtra,SANGLI,2004,Summer,Sunflower,200,200,1
Maharashtra,SANGLI,2004,Whole Year,Cotton(lint),1300,200,0.153846154
Maharashtra,SANGLI,2004,Whole Year,Sugarcane,31600,2651500,83.90822785
Maharashtra,SANGLI,2005,Kharif,Arhar/Tur,12700,4400,0.346456693
Maharashtra,SANGLI,2005,Kharif,Bajra,74200,27500,0.370619946
Maharashtra,SANGLI,2005,Kharif,Castor seed,200,100,0.5
Maharashtra,SANGLI,2005,Kharif,Cotton(lint),2700,2400,0.888888889
Maharashtra,SANGLI,2005,Kharif,Groundnut,35400,22700,0.641242938
Maharashtra,SANGLI,2005,Kharif,Moong(Green Gram),5800,2300,0.396551724
Maharashtra,SANGLI,2005,Kharif,Niger seed,900,300,0.333333333
Maharashtra,SANGLI,2005,Kharif,Ragi,400,500,1.25
Maharashtra,SANGLI,2005,Kharif,Rice,18100,39500,2.182320442
Maharashtra,SANGLI,2005,Kharif,Sesamum,400,100,0.25
Maharashtra,SANGLI,2005,Kharif,Soyabean,72400,98000,1.35359116
Maharashtra,SANGLI,2005,Kharif,Sugarcane,36800,2996400,81.42391304
Maharashtra,SANGLI,2005,Kharif,Sunflower,3900,2300,0.58974359
Maharashtra,SANGLI,2005,Kharif,Urad,8200,4700,0.573170732
Maharashtra,SANGLI,2005,Rabi,Gram,29000,20000,0.689655172
Maharashtra,SANGLI,2005,Rabi,Rapeseed &Mustard,400,100,0.25
Maharashtra,SANGLI,2005,Rabi,Safflower,2200,400,0.181818182
Maharashtra,SANGLI,2005,Rabi,Sunflower,5100,2500,0.490196078
Maharashtra,SANGLI,2005,Rabi,Wheat,26000,41700,1.603846154
Maharashtra,SANGLI,2005,Summer,Groundnut,800,1600,2
Maharashtra,SANGLI,2005,Summer,Sunflower,200,200,1
Maharashtra,SANGLI,2006,Kharif,Arhar/Tur,13700,7000,0.510948905
Maharashtra,SANGLI,2006,Kharif,Bajra,92700,35000,0.377562028
Maharashtra,SANGLI,2006,Kharif,Castor seed,200,100,0.5
Maharashtra,SANGLI,2006,Kharif,Cotton(lint),1600,1900,1.1875
Maharashtra,SANGLI,2006,Kharif,Groundnut,36400,20100,0.552197802
Maharashtra,SANGLI,2006,Kharif,Jowar,113900,86300,0.757682177
Maharashtra,SANGLI,2006,Kharif,Maize,16100,9500,0.590062112
Maharashtra,SANGLI,2006,Kharif,Moong(Green Gram),7200,4700,0.652777778
Maharashtra,SANGLI,2006,Kharif,Niger seed,800,200,0.25
Maharashtra,SANGLI,2006,Kharif,Ragi,100,100,1
Maharashtra,SANGLI,2006,Kharif,Rice,18100,28900,1.596685083
Maharashtra,SANGLI,2006,Kharif,Sesamum,500,100,0.2
Maharashtra,SANGLI,2006,Kharif,Soyabean,60800,89900,1.478618421
Maharashtra,SANGLI,2006,Kharif,Sunflower,3900,2000,0.512820513
Maharashtra,SANGLI,2006,Kharif,Urad,8600,6700,0.779069767
Maharashtra,SANGLI,2006,Rabi,Gram,29600,19100,0.64527027
Maharashtra,SANGLI,2006,Rabi,Jowar,139600,82000,0.58739255
Maharashtra,SANGLI,2006,Rabi,Maize,9100,21000,2.307692308
Maharashtra,SANGLI,2006,Rabi,Rapeseed &Mustard,400,200,0.5
Maharashtra,SANGLI,2006,Rabi,Safflower,2300,1100,0.47826087
Maharashtra,SANGLI,2006,Rabi,Sunflower,5300,2600,0.490566038
Maharashtra,SANGLI,2006,Rabi,Wheat,29600,47700,1.611486486
Maharashtra,SANGLI,2006,Summer,Groundnut,500,1000,2
Maharashtra,SANGLI,2006,Summer,Maize,800,1200,1.5
Maharashtra,SANGLI,2006,Summer,Sunflower,200,100,0.5
Maharashtra,SANGLI,2007,Kharif,Arhar/Tur,145,68,0.468965517
Maharashtra,SANGLI,2007,Kharif,Bajra,867,344,0.396770473
Maharashtra,SANGLI,2007,Kharif,Cotton(lint),19,63,3.315789474
Maharashtra,SANGLI,2007,Kharif,Groundnut,381,375,0.984251969
Maharashtra,SANGLI,2007,Kharif,Jowar,1040,864,0.830769231
Maharashtra,SANGLI,2007,Kharif,Maize,224,514,2.294642857
Maharashtra,SANGLI,2007,Kharif,Moong(Green Gram),86,47,0.546511628
Maharashtra,SANGLI,2007,Kharif,Ragi,1,1,1
Maharashtra,SANGLI,2007,Kharif,Rice,187,436,2.331550802
Maharashtra,SANGLI,2007,Kharif,Sesamum,4,1,0.25
Maharashtra,SANGLI,2007,Kharif,Soyabean,595,1279,2.149579832
Maharashtra,SANGLI,2007,Kharif,Sunflower,36,26,0.722222222
Maharashtra,SANGLI,2007,Kharif,Urad,116,103,0.887931034
Maharashtra,SANGLI,2007,Rabi,Gram,299,276,0.923076923
Maharashtra,SANGLI,2007,Rabi,Jowar,1386,902,0.650793651
Maharashtra,SANGLI,2007,Rabi,Maize,106,287,2.70754717
Maharashtra,SANGLI,2007,Rabi,Rapeseed &Mustard,5,2,0.4
Maharashtra,SANGLI,2007,Rabi,Safflower,21,5,0.238095238
Maharashtra,SANGLI,2007,Rabi,Sunflower,59,42,0.711864407
Maharashtra,SANGLI,2007,Rabi,Wheat,298,584,1.959731544
Maharashtra,SANGLI,2007,Summer,Groundnut,6,12,2
Maharashtra,SANGLI,2007,Summer,Maize,12,19,1.583333333
Maharashtra,SANGLI,2007,Summer,Sunflower,1,1,1
Maharashtra,SANGLI,2007,Whole Year,Sugarcane,647,65500,101.236476
Maharashtra,SANGLI,2008,Kharif,Arhar/Tur,3900,1700,0.435897436
Maharashtra,SANGLI,2008,Kharif,Bajra,12500,900,0.072
Maharashtra,SANGLI,2008,Kharif,Cotton(lint),1500,1600,1.066666667
Maharashtra,SANGLI,2008,Kharif,Groundnut,20600,14100,0.684466019
Maharashtra,SANGLI,2008,Kharif,Jowar,40400,26200,0.648514851
Maharashtra,SANGLI,2008,Kharif,Maize,13400,27800,2.074626866
Maharashtra,SANGLI,2008,Kharif,Moong(Green Gram),2500,400,0.16
Maharashtra,SANGLI,2008,Kharif,Niger seed,100,100,1
Maharashtra,SANGLI,2008,Kharif,Ragi,100,100,1
Maharashtra,SANGLI,2008,Kharif,Rice,18700,38700,2.069518717
Maharashtra,SANGLI,2008,Kharif,Sesamum,100,100,1
Maharashtra,SANGLI,2008,Kharif,Soyabean,55700,119900,2.152603232
Maharashtra,SANGLI,2008,Kharif,Sugarcane,55400,5037100,90.92238267
Maharashtra,SANGLI,2008,Kharif,Sunflower,1300,700,0.538461538
Maharashtra,SANGLI,2008,Kharif,Urad,3100,800,0.258064516
Maharashtra,SANGLI,2008,Rabi,Gram,28100,18100,0.644128114
Maharashtra,SANGLI,2008,Rabi,Jowar,172800,100800,0.583333333
Maharashtra,SANGLI,2008,Rabi,Maize,133,344,2.586466165
Maharashtra,SANGLI,2008,Rabi,Rapeseed &Mustard,500,100,0.2
Maharashtra,SANGLI,2008,Rabi,Safflower,3300,1600,0.484848485
Maharashtra,SANGLI,2008,Rabi,Sunflower,6300,3900,0.619047619
Maharashtra,SANGLI,2008,Rabi,Wheat,24600,45300,1.841463415
Maharashtra,SANGLI,2008,Whole Year,Sugarcane,55400,5037100,90.92238267
Maharashtra,SANGLI,2009,Kharif,Arhar/Tur,8300,8400,1.012048193
Maharashtra,SANGLI,2009,Kharif,Bajra,54100,18200,0.336414048
Maharashtra,SANGLI,2009,Kharif,Cotton(lint),2500,1800,0.72
Maharashtra,SANGLI,2009,Kharif,Groundnut,25500,27100,1.062745098
Maharashtra,SANGLI,2009,Kharif,Jowar,90700,77200,0.851157663
Maharashtra,SANGLI,2009,Kharif,Maize,14100,34300,2.432624113
Maharashtra,SANGLI,2009,Kharif,Moong(Green Gram),4700,2700,0.574468085
Maharashtra,SANGLI,2009,Kharif,Niger seed,100,22,0.22
Maharashtra,SANGLI,2009,Kharif,Ragi,100,100,1
Maharashtra,SANGLI,2009,Kharif,Rice,18700,35100,1.877005348
Maharashtra,SANGLI,2009,Kharif,Sesamum,100,30,0.3
Maharashtra,SANGLI,2009,Kharif,Soyabean,56000,84900,1.516071429
Maharashtra,SANGLI,2009,Kharif,Sugarcane,63200,5419700,85.75474684
Maharashtra,SANGLI,2009,Kharif,Sunflower,1600,700,0.4375
Maharashtra,SANGLI,2009,Kharif,Urad,5300,1600,0.301886792
Maharashtra,SANGLI,2009,Rabi,Gram,34000,28200,0.829411765
Maharashtra,SANGLI,2009,Rabi,Jowar,186100,111700,0.600214938
Maharashtra,SANGLI,2009,Rabi,Maize,14300,36400,2.545454545
Maharashtra,SANGLI,2009,Rabi,Rapeseed &Mustard,700,200,0.285714286
Maharashtra,SANGLI,2009,Rabi,Safflower,7000,3300,0.471428571
Maharashtra,SANGLI,2009,Rabi,Sesamum,100,23,0.23
Maharashtra,SANGLI,2009,Rabi,Sunflower,8600,4400,0.511627907
Maharashtra,SANGLI,2009,Rabi,Wheat,34300,57500,1.67638484
Maharashtra,SANGLI,2010,Kharif,Arhar/Tur,11300,3900,0.345132743
Maharashtra,SANGLI,2010,Kharif,Bajra,74900,62500,0.834445928
Maharashtra,SANGLI,2010,Kharif,Cotton(lint),3500,4100,1.171428571
Maharashtra,SANGLI,2010,Kharif,Groundnut,28100,36000,1.28113879
Maharashtra,SANGLI,2010,Kharif,Jowar,87200,108700,1.246559633
Maharashtra,SANGLI,2010,Kharif,Maize,26200,81600,3.114503817
Maharashtra,SANGLI,2010,Kharif,Moong(Green Gram),10300,6600,0.640776699
Maharashtra,SANGLI,2010,Kharif,Niger seed,200,100,0.5
Maharashtra,SANGLI,2010,Kharif,Ragi,100,200,2
Maharashtra,SANGLI,2010,Kharif,Rice,20200,53900,2.668316832
Maharashtra,SANGLI,2010,Kharif,Sesamum,100,,
Maharashtra,SANGLI,2010,Kharif,Soyabean,57300,119600,2.087260035
Maharashtra,SANGLI,2010,Kharif,Sugarcane,76300,7851300,102.9003932
Maharashtra,SANGLI,2010,Kharif,Sunflower,1500,600,0.4
Maharashtra,SANGLI,2010,Kharif,Urad,12700,9100,0.716535433
Maharashtra,SANGLI,2010,Rabi,Gram,37200,34400,0.924731183
Maharashtra,SANGLI,2010,Rabi,Jowar,180600,103000,0.570321152
Maharashtra,SANGLI,2010,Rabi,Maize,15500,48900,3.15483871
Maharashtra,SANGLI,2010,Rabi,Rapeseed &Mustard,400,200,0.5
Maharashtra,SANGLI,2010,Rabi,Safflower,7200,3200,0.444444444
Maharashtra,SANGLI,2010,Rabi,Sesamum,200,100,0.5
Maharashtra,SANGLI,2010,Rabi,Sunflower,5900,3400,0.576271186
Maharashtra,SANGLI,2010,Rabi,Wheat,39300,72900,1.854961832
Maharashtra,SANGLI,2011,Kharif,Arhar/Tur,5500,1500,0.272727273
Maharashtra,SANGLI,2011,Kharif,Bajra,26300,6400,0.243346008
Maharashtra,SANGLI,2011,Kharif,Cotton(lint),3000,5200,1.733333333
Maharashtra,SANGLI,2011,Kharif,Groundnut,23200,20700,0.892241379
Maharashtra,SANGLI,2011,Kharif,Jowar,60400,45300,0.75
Maharashtra,SANGLI,2011,Kharif,Maize,32800,73200,2.231707317
Maharashtra,SANGLI,2011,Kharif,Moong(Green Gram),6100,2100,0.344262295
Maharashtra,SANGLI,2011,Kharif,Niger seed,200,100,0.5
Maharashtra,SANGLI,2011,Kharif,Other Kharif pulses,9000,3200,0.355555556
Maharashtra,SANGLI,2011,Kharif,Ragi,100,100,1
Maharashtra,SANGLI,2011,Kharif,Rice,18100,33700,1.861878453
Maharashtra,SANGLI,2011,Kharif,Sesamum,100,30,0.3
Maharashtra,SANGLI,2011,Kharif,Soyabean,59800,99900,1.670568562
Maharashtra,SANGLI,2011,Kharif,Sunflower,1600,800,0.5
Maharashtra,SANGLI,2011,Kharif,Urad,7300,1500,0.205479452
Maharashtra,SANGLI,2011,Rabi,Gram,22700,17400,0.766519824
Maharashtra,SANGLI,2011,Rabi,Jowar,177200,41900,0.236455982
Maharashtra,SANGLI,2011,Rabi,Maize,17700,31500,1.779661017
Maharashtra,SANGLI,2011,Rabi,Other  Rabi pulses,200,100,0.5
Maharashtra,SANGLI,2011,Rabi,Rapeseed &Mustard,300,200,0.666666667
Maharashtra,SANGLI,2011,Rabi,Safflower,2700,1100,0.407407407
Maharashtra,SANGLI,2011,Rabi,Sunflower,1800,900,0.5
Maharashtra,SANGLI,2011,Rabi,Wheat,20000,34000,1.7
Maharashtra,SANGLI,2011,Summer,Groundnut,1200,1500,1.25
Maharashtra,SANGLI,2011,Summer,Maize,2600,4000,1.538461538
Maharashtra,SANGLI,2011,Whole Year,Sugarcane,70500,7163400,101.6085106
Maharashtra,SANGLI,2012,Kharif,Arhar/Tur,5400,800,0.148148148
Maharashtra,SANGLI,2012,Kharif,Bajra,22100,4800,0.21719457
Maharashtra,SANGLI,2012,Kharif,Castor seed,600,200,0.333333333
Maharashtra,SANGLI,2012,Kharif,Cotton(lint),2600,8700,3.346153846
Maharashtra,SANGLI,2012,Kharif,Groundnut,21300,16000,0.751173709
Maharashtra,SANGLI,2012,Kharif,Jowar,55800,26600,0.476702509
Maharashtra,SANGLI,2012,Kharif,Maize,17900,32400,1.810055866
Maharashtra,SANGLI,2012,Kharif,Moong(Green Gram),5300,900,0.169811321
Maharashtra,SANGLI,2012,Kharif,Niger seed,100,30,0.3
Maharashtra,SANGLI,2012,Kharif,Other Kharif pulses,4300,1500,0.348837209
Maharashtra,SANGLI,2012,Kharif,Rice,17500,33700,1.925714286
Maharashtra,SANGLI,2012,Kharif,Soyabean,63000,100600,1.596825397
Maharashtra,SANGLI,2012,Kharif,Sunflower,1300,400,0.307692308
Maharashtra,SANGLI,2012,Kharif,Urad,5500,1000,0.181818182
Maharashtra,SANGLI,2012,Rabi,Gram,23900,14400,0.60251046
Maharashtra,SANGLI,2012,Rabi,Jowar,186400,43900,0.235515021
Maharashtra,SANGLI,2012,Rabi,Maize,17000,32800,1.929411765
Maharashtra,SANGLI,2012,Rabi,Rapeseed &Mustard,100,30,0.3
Maharashtra,SANGLI,2012,Rabi,Safflower,3100,300,0.096774194
Maharashtra,SANGLI,2012,Rabi,Sesamum,100,30,0.3
Maharashtra,SANGLI,2012,Rabi,Sunflower,1300,600,0.461538462
Maharashtra,SANGLI,2012,Rabi,Wheat,20100,36500,1.815920398
Maharashtra,SANGLI,2012,Summer,Groundnut,1300,1600,1.230769231
Maharashtra,SANGLI,2012,Whole Year,Sugarcane,60700,7066100,116.4102142
Maharashtra,SANGLI,2013,Kharif,Arhar/Tur,6300,3300,0.523809524
Maharashtra,SANGLI,2013,Kharif,Bajra,24200,7200,0.297520661
Maharashtra,SANGLI,2013,Kharif,Cotton(lint),2800,6200,2.214285714
Maharashtra,SANGLI,2013,Kharif,Groundnut,25300,28300,1.118577075
Maharashtra,SANGLI,2013,Kharif,Jowar,61800,53300,0.862459547
Maharashtra,SANGLI,2013,Kharif,Maize,26600,57800,2.172932331
Maharashtra,SANGLI,2013,Kharif,Moong(Green Gram),5300,2500,0.471698113
Maharashtra,SANGLI,2013,Kharif,Niger seed,100,,
Maharashtra,SANGLI,2013,Kharif,Other Kharif pulses,15500,7600,0.490322581
Maharashtra,SANGLI,2013,Kharif,Rice,14500,25500,1.75862069
Maharashtra,SANGLI,2013,Kharif,Soyabean,77100,159600,2.070038911
Maharashtra,SANGLI,2013,Kharif,Sunflower,1400,800,0.571428571
Maharashtra,SANGLI,2013,Kharif,Urad,7300,3900,0.534246575
Maharashtra,SANGLI,2013,Rabi,Gram,27400,20400,0.744525547
Maharashtra,SANGLI,2013,Rabi,Jowar,217600,124500,0.572150735
Maharashtra,SANGLI,2013,Rabi,Maize,18500,52300,2.827027027
Maharashtra,SANGLI,2013,Rabi,Other  Rabi pulses,100,,
Maharashtra,SANGLI,2013,Rabi,Safflower,4100,2190,0.534146341
Maharashtra,SANGLI,2013,Rabi,Sesamum,100,20,0.2
Maharashtra,SANGLI,2013,Rabi,Sunflower,1500,690,0.46
Maharashtra,SANGLI,2013,Rabi,Wheat,26200,51500,1.965648855
Maharashtra,SANGLI,2013,Summer,Groundnut,1500,1700,1.133333333
Maharashtra,SANGLI,2013,Summer,Maize,2800,4400,1.571428571
Maharashtra,SANGLI,2013,Whole Year,Sugarcane,62600,7466700,119.2763578
Maharashtra,SANGLI,2014,Kharif,Arhar/Tur,6900,2000,0.289855072
Maharashtra,SANGLI,2014,Kharif,Bajra,69600,53100,0.762931034
Maharashtra,SANGLI,2014,Kharif,Castor seed,200,100,0.5
Maharashtra,SANGLI,2014,Kharif,Cotton(lint),1400,1400,1
Maharashtra,SANGLI,2014,Kharif,Groundnut,30000,30500,1.016666667
Maharashtra,SANGLI,2014,Kharif,Jowar,52100,55600,1.067178503
Maharashtra,SANGLI,2014,Kharif,Maize,37100,146400,3.946091644
Maharashtra,SANGLI,2014,Kharif,Moong(Green Gram),7500,3500,0.466666667
Maharashtra,SANGLI,2014,Kharif,Niger seed,100,,
Maharashtra,SANGLI,2014,Kharif,Other Kharif pulses,14400,7200,0.5
Maharashtra,SANGLI,2014,Kharif,Rice,15500,31400,2.025806452
Maharashtra,SANGLI,2014,Kharif,Soyabean,36600,47700,1.303278689
Maharashtra,SANGLI,2014,Kharif,Sunflower,2900,1400,0.482758621
Maharashtra,SANGLI,2014,Rabi,Gram,27100,26500,0.977859779
Maharashtra,SANGLI,2014,Rabi,Jowar,193200,130000,0.672877847
Maharashtra,SANGLI,2014,Rabi,Maize,24300,94100,3.872427984
Maharashtra,SANGLI,2014,Rabi,Other  Rabi pulses,100,,
Maharashtra,SANGLI,2014,Rabi,Safflower,1700,2200,1.294117647
Maharashtra,SANGLI,2014,Rabi,Sunflower,1300,800,0.615384615
Maharashtra,SANGLI,2014,Rabi,Wheat,32500,70900,2.181538462
Maharashtra,SANGLI,2014,Summer,Groundnut,1800,2400,1.333333333
Maharashtra,SANGLI,2014,Summer,Maize,2400,3700,1.541666667
Maharashtra,SANGLI,2014,Whole Year,Sugarcane,74500,8107100,108.8201342
Maharashtra,SATARA,1997,Kharif,Arhar/Tur,7600,1900,0.25
Maharashtra,SATARA,1997,Kharif,Bajra,88100,39700,0.450624291
Maharashtra,SATARA,1997,Kharif,Gram,21300,10700,0.502347418
Maharashtra,SATARA,1997,Kharif,Jowar,67500,96900,1.435555556
Maharashtra,SATARA,1997,Kharif,Maize,6700,8000,1.194029851
Maharashtra,SATARA,1997,Kharif,Moong(Green Gram),4700,2700,0.574468085
Maharashtra,SATARA,1997,Kharif,Pulses total,492,188,0.382113821
Maharashtra,SATARA,1997,Kharif,Ragi,8800,8400,0.954545455
Maharashtra,SATARA,1997,Kharif,Rice,41100,64300,1.564476886
Maharashtra,SATARA,1997,Kharif,Total foodgrain,2668,2390,0.895802099
Maharashtra,SATARA,1997,Kharif,Urad,4400,3500,0.795454545
Maharashtra,SATARA,1997,Rabi,Jowar,144000,86900,0.603472222
Maharashtra,SATARA,1997,Rabi,Maize,2900,3600,1.24137931
Maharashtra,SATARA,1997,Rabi,Other  Rabi pulses,110,6,0.054545455
Maharashtra,SATARA,1997,Rabi,Wheat,31900,46700,1.463949843
Maharashtra,SATARA,1997,Summer,Maize,400,700,1.75
Maharashtra,SATARA,1997,Whole Year,Cotton(lint),45,10600,235.5555556
Maharashtra,SATARA,1998,Kharif,Arhar/Tur,7600,2900,0.381578947
Maharashtra,SATARA,1998,Kharif,Bajra,89100,69100,0.775533109
Maharashtra,SATARA,1998,Kharif,Cotton(lint),4700,8100,1.723404255
Maharashtra,SATARA,1998,Kharif,Groundnut,55100,81500,1.479128857
Maharashtra,SATARA,1998,Kharif,Jowar,69600,128300,1.843390805
Maharashtra,SATARA,1998,Kharif,Maize,7200,14800,2.055555556
Maharashtra,SATARA,1998,Kharif,Moong(Green Gram),5500,3200,0.581818182
Maharashtra,SATARA,1998,Kharif,Niger seed,2100,900,0.428571429
Maharashtra,SATARA,1998,Kharif,Other Cereals & Millets,2000,1000,0.5
Maharashtra,SATARA,1998,Kharif,Other Kharif pulses,30500,13200,0.432786885
Maharashtra,SATARA,1998,Kharif,Ragi,8900,13600,1.528089888
Maharashtra,SATARA,1998,Kharif,Rice,41500,100200,2.414457831
Maharashtra,SATARA,1998,Kharif,Sesamum,400,100,0.25
Maharashtra,SATARA,1998,Kharif,Soyabean,11400,17800,1.561403509
Maharashtra,SATARA,1998,Kharif,Sugarcane,45100,4439800,98.44345898
Maharashtra,SATARA,1998,Kharif,Sunflower,1900,600,0.315789474
Maharashtra,SATARA,1998,Kharif,Urad,4400,2200,0.5
Maharashtra,SATARA,1998,Rabi,Gram,23800,15900,0.668067227
Maharashtra,SATARA,1998,Rabi,Jowar,141300,143900,1.018400566
Maharashtra,SATARA,1998,Rabi,Linseed,500,200,0.4
Maharashtra,SATARA,1998,Rabi,Maize,4000,5600,1.4
Maharashtra,SATARA,1998,Rabi,Other  Rabi pulses,500,300,0.6
Maharashtra,SATARA,1998,Rabi,Other Cereals & Millets,900,900,1
Maharashtra,SATARA,1998,Rabi,Rapeseed &Mustard,400,100,0.25
Maharashtra,SATARA,1998,Rabi,Safflower,5500,2900,0.527272727
Maharashtra,SATARA,1998,Rabi,Sesamum,100,,
Maharashtra,SATARA,1998,Rabi,Sunflower,1000,600,0.6
Maharashtra,SATARA,1998,Rabi,Wheat,35800,63100,1.762569832
Maharashtra,SATARA,1998,Summer,Groundnut,4100,6700,1.634146341
Maharashtra,SATARA,1998,Summer,Maize,600,1000,1.666666667
Maharashtra,SATARA,1998,Summer,Sunflower,100,100,1
Maharashtra,SATARA,1999,Kharif,Arhar/Tur,7700,3100,0.402597403
Maharashtra,SATARA,1999,Kharif,Bajra,91000,84300,0.926373626
Maharashtra,SATARA,1999,Kharif,Castor seed,300,100,0.333333333
Maharashtra,SATARA,1999,Kharif,Cotton(lint),5400,12600,2.333333333
Maharashtra,SATARA,1999,Kharif,Groundnut,56700,80200,1.414462081
Maharashtra,SATARA,1999,Kharif,Jowar,69800,129800,1.859598854
Maharashtra,SATARA,1999,Kharif,Maize,8400,12800,1.523809524
Maharashtra,SATARA,1999,Kharif,Moong(Green Gram),6100,4700,0.770491803
Maharashtra,SATARA,1999,Kharif,Niger seed,1900,500,0.263157895
Maharashtra,SATARA,1999,Kharif,Other Kharif pulses,32300,11400,0.352941176
Maharashtra,SATARA,1999,Kharif,Ragi,9500,11300,1.189473684
Maharashtra,SATARA,1999,Kharif,Rice,44000,71100,1.615909091
Maharashtra,SATARA,1999,Kharif,Sesamum,300,100,0.333333333
Maharashtra,SATARA,1999,Kharif,Soyabean,13400,26000,1.940298507
Maharashtra,SATARA,1999,Kharif,Sunflower,1900,700,0.368421053
Maharashtra,SATARA,1999,Kharif,Urad,4800,3400,0.708333333
Maharashtra,SATARA,1999,Rabi,Gram,26300,18400,0.699619772
Maharashtra,SATARA,1999,Rabi,Jowar,146100,133900,0.916495551
Maharashtra,SATARA,1999,Rabi,Linseed,400,100,0.25
Maharashtra,SATARA,1999,Rabi,Maize,4700,7100,1.510638298
Maharashtra,SATARA,1999,Rabi,Other  Rabi pulses,1000,500,0.5
Maharashtra,SATARA,1999,Rabi,Rapeseed &Mustard,400,100,0.25
Maharashtra,SATARA,1999,Rabi,Safflower,5500,4900,0.890909091
Maharashtra,SATARA,1999,Rabi,Sesamum,100,0,0
Maharashtra,SATARA,1999,Rabi,Small millets,1000,300,0.3
Maharashtra,SATARA,1999,Rabi,Sunflower,1100,600,0.545454545
Maharashtra,SATARA,1999,Rabi,Wheat,37900,70200,1.852242744
Maharashtra,SATARA,1999,Summer,Groundnut,4600,7800,1.695652174
Maharashtra,SATARA,1999,Summer,Maize,600,1000,1.666666667
Maharashtra,SATARA,1999,Summer,Sunflower,100,100,1
Maharashtra,SATARA,1999,Whole Year,Sugarcane,42700,4514500,105.7259953
Maharashtra,SATARA,2000,Kharif,Arhar/Tur,7100,3100,0.436619718
Maharashtra,SATARA,2000,Kharif,Bajra,89900,52600,0.585094549
Maharashtra,SATARA,2000,Kharif,Cotton(lint),5600,10600,1.892857143
Maharashtra,SATARA,2000,Kharif,Groundnut,58900,72900,1.237691002
Maharashtra,SATARA,2000,Kharif,Jowar,66700,117100,1.755622189
Maharashtra,SATARA,2000,Kharif,Maize,7100,4400,0.61971831
Maharashtra,SATARA,2000,Kharif,Moong(Green Gram),5900,2300,0.389830508
Maharashtra,SATARA,2000,Kharif,Niger seed,1800,500,0.277777778
Maharashtra,SATARA,2000,Kharif,Other Kharif pulses,32400,11700,0.361111111
Maharashtra,SATARA,2000,Kharif,Ragi,9300,10100,1.086021505
Maharashtra,SATARA,2000,Kharif,Rice,43900,51300,1.16856492
Maharashtra,SATARA,2000,Kharif,Sesamum,300,100,0.333333333
Maharashtra,SATARA,2000,Kharif,Small millets,2300,1500,0.652173913
Maharashtra,SATARA,2000,Kharif,Soyabean,13600,33600,2.470588235
Maharashtra,SATARA,2000,Kharif,Sunflower,1900,1000,0.526315789
Maharashtra,SATARA,2000,Kharif,Urad,4600,3800,0.826086957
Maharashtra,SATARA,2000,Rabi,Gram,23000,11700,0.508695652
Maharashtra,SATARA,2000,Rabi,Jowar,143500,73200,0.51010453
Maharashtra,SATARA,2000,Rabi,Linseed,400,100,0.25
Maharashtra,SATARA,2000,Rabi,Maize,4900,7500,1.530612245
Maharashtra,SATARA,2000,Rabi,Other  Rabi pulses,1200,500,0.416666667
Maharashtra,SATARA,2000,Rabi,Rapeseed &Mustard,200,10,0.05
Maharashtra,SATARA,2000,Rabi,Safflower,5900,3100,0.525423729
Maharashtra,SATARA,2000,Rabi,Sesamum,100,100,1
Maharashtra,SATARA,2000,Rabi,Small millets,100,100,1
Maharashtra,SATARA,2000,Rabi,Sunflower,900,400,0.444444444
Maharashtra,SATARA,2000,Rabi,Wheat,32900,51600,1.568389058
Maharashtra,SATARA,2000,Summer,Groundnut,4000,7900,1.975
Maharashtra,SATARA,2000,Summer,Sunflower,100,100,1
Maharashtra,SATARA,2000,Whole Year,Sugarcane,38300,3504000,91.48825065
Maharashtra,SATARA,2001,Kharif,Arhar/Tur,6500,2100,0.323076923
Maharashtra,SATARA,2001,Kharif,Bajra,66100,31000,0.468986384
Maharashtra,SATARA,2001,Kharif,Cotton(lint),3100,3000,0.967741935
Maharashtra,SATARA,2001,Kharif,Groundnut,57900,81200,1.402417962
Maharashtra,SATARA,2001,Kharif,Jowar,64800,99000,1.527777778
Maharashtra,SATARA,2001,Kharif,Maize,7000,15000,2.142857143
Maharashtra,SATARA,2001,Kharif,Moong(Green Gram),5100,4000,0.784313725
Maharashtra,SATARA,2001,Kharif,Niger seed,1800,300,0.166666667
Maharashtra,SATARA,2001,Kharif,Other Kharif pulses,15200,4100,0.269736842
Maharashtra,SATARA,2001,Kharif,Ragi,9000,12300,1.366666667
Maharashtra,SATARA,2001,Kharif,Rice,44600,77200,1.730941704
Maharashtra,SATARA,2001,Kharif,Sesamum,300,100,0.333333333
Maharashtra,SATARA,2001,Kharif,Small millets,1100,800,0.727272727
Maharashtra,SATARA,2001,Kharif,Soyabean,14000,26700,1.907142857
Maharashtra,SATARA,2001,Kharif,Sunflower,1700,600,0.352941176
Maharashtra,SATARA,2001,Kharif,Urad,4800,3200,0.666666667
Maharashtra,SATARA,2001,Rabi,Gram,25400,15600,0.614173228
Maharashtra,SATARA,2001,Rabi,Jowar,150600,96700,0.642098274
Maharashtra,SATARA,2001,Rabi,Maize,4800,8800,1.833333333
Maharashtra,SATARA,2001,Rabi,Other  Rabi pulses,1500,800,0.533333333
Maharashtra,SATARA,2001,Rabi,Rapeseed &Mustard,200,100,0.5
Maharashtra,SATARA,2001,Rabi,Safflower,5900,2300,0.389830508
Maharashtra,SATARA,2001,Rabi,Sesamum,100,10,0.1
Maharashtra,SATARA,2001,Rabi,Small millets,200,200,1
Maharashtra,SATARA,2001,Rabi,Sunflower,800,500,0.625
Maharashtra,SATARA,2001,Rabi,Wheat,35700,64900,1.817927171
Maharashtra,SATARA,2001,Summer,Groundnut,3000,7900,2.633333333
Maharashtra,SATARA,2001,Summer,Maize,600,800,1.333333333
Maharashtra,SATARA,2001,Summer,Sunflower,100,200,2
Maharashtra,SATARA,2001,Whole Year,Sugarcane,39400,3728000,94.61928934
Maharashtra,SATARA,2002,Kharif,Arhar/Tur,6700,2600,0.388059701
Maharashtra,SATARA,2002,Kharif,Bajra,89900,36600,0.407119021
Maharashtra,SATARA,2002,Kharif,Cotton(lint),3600,4100,1.138888889
Maharashtra,SATARA,2002,Kharif,Groundnut,58300,68400,1.173241852
Maharashtra,SATARA,2002,Kharif,Jowar,67100,108400,1.615499255
Maharashtra,SATARA,2002,Kharif,Maize,8000,12900,1.6125
Maharashtra,SATARA,2002,Kharif,Moong(Green Gram),5300,2400,0.452830189
Maharashtra,SATARA,2002,Kharif,Niger seed,1800,500,0.277777778
Maharashtra,SATARA,2002,Kharif,Other Kharif pulses,36000,17400,0.483333333
Maharashtra,SATARA,2002,Kharif,Ragi,8900,9600,1.078651685
Maharashtra,SATARA,2002,Kharif,Rice,45400,71200,1.568281938
Maharashtra,SATARA,2002,Kharif,Sesamum,300,100,0.333333333
Maharashtra,SATARA,2002,Kharif,Small millets,1100,400,0.363636364
Maharashtra,SATARA,2002,Kharif,Soyabean,15600,30800,1.974358974
Maharashtra,SATARA,2002,Kharif,Sunflower,1800,700,0.388888889
Maharashtra,SATARA,2002,Kharif,Urad,5100,4000,0.784313725
Maharashtra,SATARA,2002,Rabi,Gram,22000,6600,0.3
Maharashtra,SATARA,2002,Rabi,Jowar,133000,57700,0.433834586
Maharashtra,SATARA,2002,Rabi,Maize,4900,14100,2.87755102
Maharashtra,SATARA,2002,Rabi,Other  Rabi pulses,1000,500,0.5
Maharashtra,SATARA,2002,Rabi,Rapeseed &Mustard,200,100,0.5
Maharashtra,SATARA,2002,Rabi,Safflower,4400,900,0.204545455
Maharashtra,SATARA,2002,Rabi,Sesamum,100,10,0.1
Maharashtra,SATARA,2002,Rabi,Small millets,1000,200,0.2
Maharashtra,SATARA,2002,Rabi,Sunflower,900,400,0.444444444
Maharashtra,SATARA,2002,Rabi,Wheat,35300,48700,1.379603399
Maharashtra,SATARA,2002,Summer,Groundnut,2900,9700,3.344827586
Maharashtra,SATARA,2002,Summer,Maize,400,700,1.75
Maharashtra,SATARA,2002,Whole Year,Sugarcane,38000,3536000,93.05263158
Maharashtra,SATARA,2003,Kharif,Arhar/Tur,3800,1100,0.289473684
Maharashtra,SATARA,2003,Kharif,Bajra,23300,6100,0.261802575
Maharashtra,SATARA,2003,Kharif,Cotton(lint),600,900,1.5
Maharashtra,SATARA,2003,Kharif,Groundnut,56700,83000,1.463844797
Maharashtra,SATARA,2003,Kharif,Jowar,58300,83200,1.427101201
Maharashtra,SATARA,2003,Kharif,Maize,7800,16500,2.115384615
Maharashtra,SATARA,2003,Kharif,Moong(Green Gram),3500,1300,0.371428571
Maharashtra,SATARA,2003,Kharif,Niger seed,1700,500,0.294117647
Maharashtra,SATARA,2003,Kharif,Other Kharif pulses,28800,8400,0.291666667
Maharashtra,SATARA,2003,Kharif,Ragi,10100,18000,1.782178218
Maharashtra,SATARA,2003,Kharif,Rice,44200,73400,1.660633484
Maharashtra,SATARA,2003,Kharif,Sesamum,300,100,0.333333333
Maharashtra,SATARA,2003,Kharif,Small millets,1300,400,0.307692308
Maharashtra,SATARA,2003,Kharif,Soyabean,15100,24900,1.649006623
Maharashtra,SATARA,2003,Kharif,Sunflower,1300,300,0.230769231
Maharashtra,SATARA,2003,Kharif,Urad,4400,2600,0.590909091
Maharashtra,SATARA,2003,Rabi,Gram,13100,7500,0.572519084
Maharashtra,SATARA,2003,Rabi,Jowar,66200,41000,0.619335347
Maharashtra,SATARA,2003,Rabi,Maize,4700,7900,1.680851064
Maharashtra,SATARA,2003,Rabi,Other  Rabi pulses,900,800,0.888888889
Maharashtra,SATARA,2003,Rabi,Rapeseed &Mustard,200,100,0.5
Maharashtra,SATARA,2003,Rabi,Safflower,1700,200,0.117647059
Maharashtra,SATARA,2003,Rabi,Sesamum,100,0,0
Maharashtra,SATARA,2003,Rabi,Small millets,5800,1300,0.224137931
Maharashtra,SATARA,2003,Rabi,Sunflower,500,100,0.2
Maharashtra,SATARA,2003,Rabi,Wheat,23600,34100,1.444915254
Maharashtra,SATARA,2003,Summer,Groundnut,2700,6300,2.333333333
Maharashtra,SATARA,2003,Whole Year,Banana,300,12880,42.93333333
Maharashtra,SATARA,2003,Whole Year,Grapes,347,14602,42.08069164
Maharashtra,SATARA,2003,Whole Year,Mango,8959,16000,1.785913606
Maharashtra,SATARA,2003,Whole Year,Onion,2350,21453,9.12893617
Maharashtra,SATARA,2003,Whole Year,Sugarcane,31300,2106100,67.28753994
Maharashtra,SATARA,2003,Whole Year,Tomato,3385,11442,3.380206795
Maharashtra,SATARA,2004,Kharif,Arhar/Tur,6000,2600,0.433333333
Maharashtra,SATARA,2004,Kharif,Bajra,92900,79000,0.850376749
Maharashtra,SATARA,2004,Kharif,Groundnut,60900,84900,1.39408867
Maharashtra,SATARA,2004,Kharif,Jowar,63900,110300,1.726134585
Maharashtra,SATARA,2004,Kharif,Maize,9900,13400,1.353535354
Maharashtra,SATARA,2004,Kharif,Moong(Green Gram),5300,3500,0.660377358
Maharashtra,SATARA,2004,Kharif,Niger seed,2200,700,0.318181818
Maharashtra,SATARA,2004,Kharif,Other Cereals & Millets,2300,700,0.304347826
Maharashtra,SATARA,2004,Kharif,Other Kharif pulses,36300,17800,0.490358127
Maharashtra,SATARA,2004,Kharif,Ragi,9100,7500,0.824175824
Maharashtra,SATARA,2004,Kharif,Rice,44100,72900,1.653061224
Maharashtra,SATARA,2004,Kharif,Sesamum,400,100,0.25
Maharashtra,SATARA,2004,Kharif,Sunflower,2700,1400,0.518518519
Maharashtra,SATARA,2004,Kharif,Urad,5100,3200,0.62745098
Maharashtra,SATARA,2004,Rabi,Gram,24200,20200,0.834710744
Maharashtra,SATARA,2004,Rabi,Jowar,151000,130100,0.861589404
Maharashtra,SATARA,2004,Rabi,Linseed,100,0,0
Maharashtra,SATARA,2004,Rabi,Maize,4900,13900,2.836734694
Maharashtra,SATARA,2004,Rabi,Other  Rabi pulses,600,400,0.666666667
Maharashtra,SATARA,2004,Rabi,Other Cereals & Millets,400,100,0.25
Maharashtra,SATARA,2004,Rabi,Rapeseed &Mustard,600,100,0.166666667
Maharashtra,SATARA,2004,Rabi,Safflower,2100,1300,0.619047619
Maharashtra,SATARA,2004,Rabi,Sesamum,100,0,0
Maharashtra,SATARA,2004,Rabi,Soyabean,26400,48500,1.837121212
Maharashtra,SATARA,2004,Rabi,Sunflower,1400,800,0.571428571
Maharashtra,SATARA,2004,Rabi,Wheat,38100,68300,1.792650919
Maharashtra,SATARA,2004,Summer,Groundnut,4000,9700,2.425
Maharashtra,SATARA,2004,Summer,Maize,1300,2200,1.692307692
Maharashtra,SATARA,2004,Summer,Sunflower,100,100,1
Maharashtra,SATARA,2004,Whole Year,Cotton(lint),600,600,1
Maharashtra,SATARA,2004,Whole Year,Sugarcane,23200,1875300,80.83189655
Maharashtra,SATARA,2005,Kharif,Arhar/Tur,4600,1600,0.347826087
Maharashtra,SATARA,2005,Kharif,Bajra,72500,23500,0.324137931
Maharashtra,SATARA,2005,Kharif,Cotton(lint),4700,4300,0.914893617
Maharashtra,SATARA,2005,Kharif,Groundnut,59000,47000,0.796610169
Maharashtra,SATARA,2005,Kharif,Moong(Green Gram),4900,2500,0.510204082
Maharashtra,SATARA,2005,Kharif,Niger seed,1700,500,0.294117647
Maharashtra,SATARA,2005,Kharif,Ragi,8400,4600,0.547619048
Maharashtra,SATARA,2005,Kharif,Rice,43600,73400,1.683486239
Maharashtra,SATARA,2005,Kharif,Sesamum,300,100,0.333333333
Maharashtra,SATARA,2005,Kharif,Soyabean,31300,38700,1.236421725
Maharashtra,SATARA,2005,Kharif,Sugarcane,38900,3453800,88.78663239
Maharashtra,SATARA,2005,Kharif,Sunflower,1700,1000,0.588235294
Maharashtra,SATARA,2005,Kharif,Urad,5200,2000,0.384615385
Maharashtra,SATARA,2005,Rabi,Gram,26600,18300,0.687969925
Maharashtra,SATARA,2005,Rabi,Linseed,200,100,0.5
Maharashtra,SATARA,2005,Rabi,Rapeseed &Mustard,500,100,0.2
Maharashtra,SATARA,2005,Rabi,Safflower,2400,400,0.166666667
Maharashtra,SATARA,2005,Rabi,Sunflower,1500,700,0.466666667
Maharashtra,SATARA,2005,Rabi,Wheat,39200,73500,1.875
Maharashtra,SATARA,2005,Summer,Groundnut,4000,9700,2.425
Maharashtra,SATARA,2005,Summer,Sunflower,100,100,1
Maharashtra,SATARA,2006,Kharif,Arhar/Tur,5900,3000,0.508474576
Maharashtra,SATARA,2006,Kharif,Bajra,84500,24600,0.29112426
Maharashtra,SATARA,2006,Kharif,Cotton(lint),4000,4400,1.1
Maharashtra,SATARA,2006,Kharif,Groundnut,58300,42600,0.730703259
Maharashtra,SATARA,2006,Kharif,Jowar,59300,37600,0.634064081
Maharashtra,SATARA,2006,Kharif,Maize,8000,5100,0.6375
Maharashtra,SATARA,2006,Kharif,Moong(Green Gram),5800,1600,0.275862069
Maharashtra,SATARA,2006,Kharif,Niger seed,1900,500,0.263157895
Maharashtra,SATARA,2006,Kharif,Ragi,8800,6300,0.715909091
Maharashtra,SATARA,2006,Kharif,Rice,45000,93300,2.073333333
Maharashtra,SATARA,2006,Kharif,Sesamum,400,100,0.25
Maharashtra,SATARA,2006,Kharif,Soyabean,28700,31100,1.083623693
Maharashtra,SATARA,2006,Kharif,Sunflower,1600,800,0.5
Maharashtra,SATARA,2006,Kharif,Urad,4900,1700,0.346938776
Maharashtra,SATARA,2006,Rabi,Gram,31000,19300,0.622580645
Maharashtra,SATARA,2006,Rabi,Jowar,144100,115800,0.803608605
Maharashtra,SATARA,2006,Rabi,Linseed,100,100,1
Maharashtra,SATARA,2006,Rabi,Maize,6900,19100,2.768115942
Maharashtra,SATARA,2006,Rabi,Rapeseed &Mustard,600,100,0.166666667
Maharashtra,SATARA,2006,Rabi,Safflower,2200,1100,0.5
Maharashtra,SATARA,2006,Rabi,Sesamum,100,100,1
Maharashtra,SATARA,2006,Rabi,Sunflower,1200,600,0.5
Maharashtra,SATARA,2006,Rabi,Wheat,43100,78100,1.812064965
Maharashtra,SATARA,2006,Summer,Groundnut,3900,9400,2.41025641
Maharashtra,SATARA,2006,Summer,Maize,600,1000,1.666666667
Maharashtra,SATARA,2007,Kharif,Arhar/Tur,52,24,0.461538462
Maharashtra,SATARA,2007,Kharif,Bajra,841,485,0.576694411
Maharashtra,SATARA,2007,Kharif,Cotton(lint),32,108,3.375
Maharashtra,SATARA,2007,Kharif,Groundnut,503,692,1.375745527
Maharashtra,SATARA,2007,Kharif,Jowar,503,844,1.677932406
Maharashtra,SATARA,2007,Kharif,Maize,93,110,1.182795699
Maharashtra,SATARA,2007,Kharif,Moong(Green Gram),68,46,0.676470588
Maharashtra,SATARA,2007,Kharif,Ragi,77,50,0.649350649
Maharashtra,SATARA,2007,Kharif,Rice,496,1024,2.064516129
Maharashtra,SATARA,2007,Kharif,Sesamum,2,1,0.5
Maharashtra,SATARA,2007,Kharif,Soyabean,272,480,1.764705882
Maharashtra,SATARA,2007,Kharif,Sunflower,14,10,0.714285714
Maharashtra,SATARA,2007,Kharif,Urad,51,36,0.705882353
Maharashtra,SATARA,2007,Rabi,Gram,302,202,0.668874172
Maharashtra,SATARA,2007,Rabi,Jowar,975,1001,1.026666667
Maharashtra,SATARA,2007,Rabi,Linseed,1,1,1
Maharashtra,SATARA,2007,Rabi,Maize,59,155,2.627118644
Maharashtra,SATARA,2007,Rabi,Rapeseed &Mustard,2,0.2,0.1
Maharashtra,SATARA,2007,Rabi,Safflower,15,4,0.266666667
Maharashtra,SATARA,2007,Rabi,Sesamum,1,1,1
Maharashtra,SATARA,2007,Rabi,Sunflower,5,4,0.8
Maharashtra,SATARA,2007,Rabi,Wheat,433,940,2.170900693
Maharashtra,SATARA,2007,Summer,Groundnut,29,72,2.482758621
Maharashtra,SATARA,2007,Summer,Maize,8,13,1.625
Maharashtra,SATARA,2007,Whole Year,Sugarcane,608,51356,84.46710526
Maharashtra,SATARA,2008,Kharif,Arhar/Tur,2700,1200,0.444444444
Maharashtra,SATARA,2008,Kharif,Bajra,6400,3300,0.515625
Maharashtra,SATARA,2008,Kharif,Cotton(lint),1400,1500,1.071428571
Maharashtra,SATARA,2008,Kharif,Groundnut,46300,67400,1.455723542
Maharashtra,SATARA,2008,Kharif,Jowar,45500,83200,1.828571429
Maharashtra,SATARA,2008,Kharif,Maize,6600,10900,1.651515152
Maharashtra,SATARA,2008,Kharif,Moong(Green Gram),3400,3200,0.941176471
Maharashtra,SATARA,2008,Kharif,Niger seed,1100,300,0.272727273
Maharashtra,SATARA,2008,Kharif,Ragi,7400,3300,0.445945946
Maharashtra,SATARA,2008,Kharif,Rice,49700,109300,2.199195171
Maharashtra,SATARA,2008,Kharif,Sesamum,100,100,1
Maharashtra,SATARA,2008,Kharif,Soyabean,29200,62900,2.154109589
Maharashtra,SATARA,2008,Kharif,Sugarcane,50400,4230000,83.92857143
Maharashtra,SATARA,2008,Kharif,Sunflower,700,400,0.571428571
Maharashtra,SATARA,2008,Kharif,Urad,3200,2200,0.6875
Maharashtra,SATARA,2008,Rabi,Gram,28000,20400,0.728571429
Maharashtra,SATARA,2008,Rabi,Jowar,164800,131000,0.794902913
Maharashtra,SATARA,2008,Rabi,Maize,60,151,2.516666667
Maharashtra,SATARA,2008,Rabi,Rapeseed &Mustard,200,100,0.5
Maharashtra,SATARA,2008,Rabi,Safflower,1100,500,0.454545455
Maharashtra,SATARA,2008,Rabi,Sesamum,100,100,1
Maharashtra,SATARA,2008,Rabi,Sunflower,300,200,0.666666667
Maharashtra,SATARA,2008,Rabi,Wheat,40200,69100,1.718905473
Maharashtra,SATARA,2008,Whole Year,Sugarcane,50400,4230000,83.92857143
Maharashtra,SATARA,2009,Kharif,Arhar/Tur,4200,4200,1
Maharashtra,SATARA,2009,Kharif,Bajra,74900,36300,0.484646195
Maharashtra,SATARA,2009,Kharif,Cotton(lint),1600,1100,0.6875
Maharashtra,SATARA,2009,Kharif,Groundnut,49300,63100,1.279918864
Maharashtra,SATARA,2009,Kharif,Jowar,46800,70600,1.508547009
Maharashtra,SATARA,2009,Kharif,Maize,10200,22900,2.245098039
Maharashtra,SATARA,2009,Kharif,Moong(Green Gram),5500,3600,0.654545455
Maharashtra,SATARA,2009,Kharif,Niger seed,1600,300,0.1875
Maharashtra,SATARA,2009,Kharif,Ragi,7300,5800,0.794520548
Maharashtra,SATARA,2009,Kharif,Rice,50600,76900,1.519762846
Maharashtra,SATARA,2009,Kharif,Sesamum,100,30,0.3
Maharashtra,SATARA,2009,Kharif,Soyabean,32500,65000,2
Maharashtra,SATARA,2009,Kharif,Sugarcane,53800,4812200,89.44609665
Maharashtra,SATARA,2009,Kharif,Sunflower,600,200,0.333333333
Maharashtra,SATARA,2009,Kharif,Urad,4700,3700,0.787234043
Maharashtra,SATARA,2009,Rabi,Gram,28000,16900,0.603571429
Maharashtra,SATARA,2009,Rabi,Jowar,134400,120500,0.896577381
Maharashtra,SATARA,2009,Rabi,Linseed,100,22,0.22
Maharashtra,SATARA,2009,Rabi,Maize,6400,19700,3.078125
Maharashtra,SATARA,2009,Rabi,Rapeseed &Mustard,500,100,0.2
Maharashtra,SATARA,2009,Rabi,Safflower,1300,600,0.461538462
Maharashtra,SATARA,2009,Rabi,Sesamum,100,23,0.23
Maharashtra,SATARA,2009,Rabi,Sunflower,400,200,0.5
Maharashtra,SATARA,2009,Rabi,Wheat,42000,69000,1.642857143
Maharashtra,SATARA,2010,Kharif,Arhar/Tur,5300,1800,0.339622642
Maharashtra,SATARA,2010,Kharif,Bajra,75600,59200,0.783068783
Maharashtra,SATARA,2010,Kharif,Cotton(lint),1600,1300,0.8125
Maharashtra,SATARA,2010,Kharif,Groundnut,50100,81600,1.628742515
Maharashtra,SATARA,2010,Kharif,Jowar,44600,76100,1.706278027
Maharashtra,SATARA,2010,Kharif,Maize,12200,17200,1.409836066
Maharashtra,SATARA,2010,Kharif,Moong(Green Gram),6400,4200,0.65625
Maharashtra,SATARA,2010,Kharif,Niger seed,1600,600,0.375
Maharashtra,SATARA,2010,Kharif,Ragi,8100,8800,1.086419753
Maharashtra,SATARA,2010,Kharif,Rice,50800,82200,1.618110236
Maharashtra,SATARA,2010,Kharif,Sesamum,100,,
Maharashtra,SATARA,2010,Kharif,Soyabean,40100,65400,1.630922693
Maharashtra,SATARA,2010,Kharif,Sugarcane,74000,6963400,94.1
Maharashtra,SATARA,2010,Kharif,Sunflower,700,300,0.428571429
Maharashtra,SATARA,2010,Kharif,Urad,5400,3100,0.574074074
Maharashtra,SATARA,2010,Rabi,Gram,29900,24300,0.81270903
Maharashtra,SATARA,2010,Rabi,Jowar,133800,105200,0.786248132
Maharashtra,SATARA,2010,Rabi,Linseed,100,26,0.26
Maharashtra,SATARA,2010,Rabi,Maize,6800,21000,3.088235294
Maharashtra,SATARA,2010,Rabi,Rapeseed &Mustard,600,300,0.5
Maharashtra,SATARA,2010,Rabi,Safflower,2200,1000,0.454545455
Maharashtra,SATARA,2010,Rabi,Sesamum,100,29,0.29
Maharashtra,SATARA,2010,Rabi,Sunflower,300,200,0.666666667
Maharashtra,SATARA,2010,Rabi,Wheat,43700,86500,1.979405034
Maharashtra,SATARA,2011,Kharif,Arhar/Tur,2300,600,0.260869565
Maharashtra,SATARA,2011,Kharif,Bajra,25700,16400,0.638132296
Maharashtra,SATARA,2011,Kharif,Cotton(lint),1000,1700,1.7
Maharashtra,SATARA,2011,Kharif,Groundnut,42300,59500,1.406619385
Maharashtra,SATARA,2011,Kharif,Jowar,36300,65100,1.79338843
Maharashtra,SATARA,2011,Kharif,Maize,11900,19900,1.672268908
Maharashtra,SATARA,2011,Kharif,Moong(Green Gram),4400,2900,0.659090909
Maharashtra,SATARA,2011,Kharif,Niger seed,1200,400,0.333333333
Maharashtra,SATARA,2011,Kharif,Other Kharif pulses,26200,10500,0.400763359
Maharashtra,SATARA,2011,Kharif,Ragi,7400,7900,1.067567568
Maharashtra,SATARA,2011,Kharif,Rice,50500,83000,1.643564356
Maharashtra,SATARA,2011,Kharif,Sesamum,300,100,0.333333333
Maharashtra,SATARA,2011,Kharif,Soyabean,46100,75000,1.626898048
Maharashtra,SATARA,2011,Kharif,Sunflower,500,200,0.4
Maharashtra,SATARA,2011,Kharif,Urad,4400,3000,0.681818182
Maharashtra,SATARA,2011,Rabi,Gram,27300,18100,0.663003663
Maharashtra,SATARA,2011,Rabi,Jowar,139900,86800,0.620443174
Maharashtra,SATARA,2011,Rabi,Linseed,100,20,0.2
Maharashtra,SATARA,2011,Rabi,Maize,6700,19500,2.910447761
Maharashtra,SATARA,2011,Rabi,Other  Rabi pulses,800,400,0.5
Maharashtra,SATARA,2011,Rabi,Rapeseed &Mustard,500,200,0.4
Maharashtra,SATARA,2011,Rabi,Safflower,1100,400,0.363636364
Maharashtra,SATARA,2011,Rabi,Sunflower,200,100,0.5
Maharashtra,SATARA,2011,Rabi,Wheat,36600,67800,1.852459016
Maharashtra,SATARA,2011,Summer,Groundnut,4600,9600,2.086956522
Maharashtra,SATARA,2011,Summer,Maize,3700,6000,1.621621622
Maharashtra,SATARA,2011,Whole Year,Sugarcane,70600,6962600,98.6203966
Maharashtra,SATARA,2012,Kharif,Arhar/Tur,1500,200,0.133333333
Maharashtra,SATARA,2012,Kharif,Bajra,16300,7500,0.460122699
Maharashtra,SATARA,2012,Kharif,Castor seed,900,200,0.222222222
Maharashtra,SATARA,2012,Kharif,Cotton(lint),100,300,3
Maharashtra,SATARA,2012,Kharif,Groundnut,46200,57200,1.238095238
Maharashtra,SATARA,2012,Kharif,Jowar,32500,56400,1.735384615
Maharashtra,SATARA,2012,Kharif,Maize,10900,12600,1.155963303
Maharashtra,SATARA,2012,Kharif,Moong(Green Gram),2100,700,0.333333333
Maharashtra,SATARA,2012,Kharif,Niger seed,1100,400,0.363636364
Maharashtra,SATARA,2012,Kharif,Other Kharif pulses,7900,2400,0.303797468
Maharashtra,SATARA,2012,Kharif,Ragi,8000,7000,0.875
Maharashtra,SATARA,2012,Kharif,Rice,51000,70000,1.37254902
Maharashtra,SATARA,2012,Kharif,Sesamum,100,20,0.2
Maharashtra,SATARA,2012,Kharif,Soyabean,38800,69300,1.786082474
Maharashtra,SATARA,2012,Kharif,Sunflower,400,100,0.25
Maharashtra,SATARA,2012,Kharif,Urad,3200,1700,0.53125
Maharashtra,SATARA,2012,Rabi,Gram,25400,14100,0.55511811
Maharashtra,SATARA,2012,Rabi,Jowar,123600,70700,0.572006472
Maharashtra,SATARA,2012,Rabi,Maize,6000,14100,2.35
Maharashtra,SATARA,2012,Rabi,Other  Rabi pulses,300,100,0.333333333
Maharashtra,SATARA,2012,Rabi,Rapeseed &Mustard,100,30,0.3
Maharashtra,SATARA,2012,Rabi,Safflower,100,40,0.4
Maharashtra,SATARA,2012,Rabi,Sunflower,200,100,0.5
Maharashtra,SATARA,2012,Rabi,Wheat,35000,58500,1.671428571
Maharashtra,SATARA,2012,Summer,Groundnut,4500,10000,2.222222222
Maharashtra,SATARA,2012,Summer,Maize,2600,4200,1.615384615
Maharashtra,SATARA,2012,Whole Year,Sugarcane,59800,5577700,93.27257525
Maharashtra,SATARA,2013,Kharif,Arhar/Tur,1600,800,0.5
Maharashtra,SATARA,2013,Kharif,Bajra,30200,15600,0.516556291
Maharashtra,SATARA,2013,Kharif,Cotton(lint),200,500,2.5
Maharashtra,SATARA,2013,Kharif,Groundnut,37700,59450,1.576923077
Maharashtra,SATARA,2013,Kharif,Jowar,29700,52800,1.777777778
Maharashtra,SATARA,2013,Kharif,Maize,13200,32200,2.439393939
Maharashtra,SATARA,2013,Kharif,Moong(Green Gram),2100,1772,0.843809524
Maharashtra,SATARA,2013,Kharif,Niger seed,1100,360,0.327272727
Maharashtra,SATARA,2013,Kharif,Other Kharif pulses,29600,14700,0.496621622
Maharashtra,SATARA,2013,Kharif,Ragi,8000,9200,1.15
Maharashtra,SATARA,2013,Kharif,Rice,50400,75600,1.5
Maharashtra,SATARA,2013,Kharif,Sesamum,100,,
Maharashtra,SATARA,2013,Kharif,Soyabean,46700,95560,2.046252677
Maharashtra,SATARA,2013,Kharif,Sunflower,1000,600,0.6
Maharashtra,SATARA,2013,Kharif,Urad,3300,1800,0.545454545
Maharashtra,SATARA,2013,Rabi,Gram,25700,20500,0.79766537
Maharashtra,SATARA,2013,Rabi,Jowar,138000,112200,0.813043478
Maharashtra,SATARA,2013,Rabi,Maize,11700,34100,2.914529915
Maharashtra,SATARA,2013,Rabi,Other  Rabi pulses,200,100,0.5
Maharashtra,SATARA,2013,Rabi,Safflower,100,100,1
Maharashtra,SATARA,2013,Rabi,Sunflower,200,100,0.5
Maharashtra,SATARA,2013,Rabi,Wheat,33800,62200,1.840236686
Maharashtra,SATARA,2013,Summer,Groundnut,5800,12300,2.120689655
Maharashtra,SATARA,2013,Summer,Maize,500,800,1.6
Maharashtra,SATARA,2013,Whole Year,Sugarcane,59800,6015200,100.5886288
Maharashtra,SATARA,2014,Kharif,Arhar/Tur,1300,400,0.307692308
Maharashtra,SATARA,2014,Kharif,Bajra,55000,22100,0.401818182
Maharashtra,SATARA,2014,Kharif,Castor seed,100,,
Maharashtra,SATARA,2014,Kharif,Cotton(lint),100,100,1
Maharashtra,SATARA,2014,Kharif,Groundnut,38400,56200,1.463541667
Maharashtra,SATARA,2014,Kharif,Jowar,23400,35900,1.534188034
Maharashtra,SATARA,2014,Kharif,Maize,16400,31400,1.914634146
Maharashtra,SATARA,2014,Kharif,Moong(Green Gram),3900,1600,0.41025641
Maharashtra,SATARA,2014,Kharif,Niger seed,1000,300,0.3
Maharashtra,SATARA,2014,Kharif,Other Kharif pulses,24700,11100,0.449392713
Maharashtra,SATARA,2014,Kharif,Ragi,6600,6700,1.015151515
Maharashtra,SATARA,2014,Kharif,Rice,52900,94700,1.790170132
Maharashtra,SATARA,2014,Kharif,Soyabean,53300,90800,1.703564728
Maharashtra,SATARA,2014,Kharif,Sunflower,1100,500,0.454545455
Maharashtra,SATARA,2014,Rabi,Gram,34100,25900,0.759530792
Maharashtra,SATARA,2014,Rabi,Jowar,145600,127100,0.87293956
Maharashtra,SATARA,2014,Rabi,Maize,11700,24800,2.11965812
Maharashtra,SATARA,2014,Rabi,Other  Rabi pulses,1300,1200,0.923076923
Maharashtra,SATARA,2014,Rabi,Safflower,100,200,2
Maharashtra,SATARA,2014,Rabi,Sunflower,200,100,0.5
Maharashtra,SATARA,2014,Rabi,Wheat,38300,61400,1.603133159
Maharashtra,SATARA,2014,Summer,Groundnut,6800,17900,2.632352941
Maharashtra,SATARA,2014,Summer,Maize,2700,4300,1.592592593
Maharashtra,SATARA,2014,Whole Year,Sugarcane,70000,6927400,98.96285714
Maharashtra,SINDHUDURG,1997,Kharif,Moong(Green Gram),100,100,1
Maharashtra,SINDHUDURG,1997,Kharif,Pulses total,24,10,0.416666667
Maharashtra,SINDHUDURG,1997,Kharif,Ragi,3300,3900,1.181818182
Maharashtra,SINDHUDURG,1997,Kharif,Rice,75300,196900,2.614873838
Maharashtra,SINDHUDURG,1997,Kharif,Total foodgrain,835,2032,2.433532934
Maharashtra,SINDHUDURG,1997,Kharif,Urad,300,200,0.666666667
Maharashtra,SINDHUDURG,1997,Rabi,Other  Rabi pulses,400,17,0.0425
Maharashtra,SINDHUDURG,1997,Summer,Rice,46,82,1.782608696
Maharashtra,SINDHUDURG,1998,Kharif,Groundnut,1300,1100,0.846153846
Maharashtra,SINDHUDURG,1998,Kharif,Moong(Green Gram),100,100,1
Maharashtra,SINDHUDURG,1998,Kharif,Other Cereals & Millets,1200,800,0.666666667
Maharashtra,SINDHUDURG,1998,Kharif,Other Kharif pulses,2200,800,0.363636364
Maharashtra,SINDHUDURG,1998,Kharif,Ragi,3200,3400,1.0625
Maharashtra,SINDHUDURG,1998,Kharif,Rice,75600,208200,2.753968254
Maharashtra,SINDHUDURG,1998,Kharif,Sesamum,200,100,0.5
Maharashtra,SINDHUDURG,1998,Kharif,Urad,300,200,0.666666667
Maharashtra,SINDHUDURG,1998,Rabi,Maize,200,200,1
Maharashtra,SINDHUDURG,1998,Rabi,Other  Rabi pulses,3700,1500,0.405405405
Maharashtra,SINDHUDURG,1998,Rabi,Other Cereals & Millets,100,100,1
Maharashtra,SINDHUDURG,1998,Rabi,Rapeseed &Mustard,100,,
Maharashtra,SINDHUDURG,1998,Summer,Groundnut,3500,5100,1.457142857
Maharashtra,SINDHUDURG,1998,Summer,Rice,4500,10100,2.244444444
Maharashtra,SINDHUDURG,1999,Kharif,Groundnut,1400,800,0.571428571
Maharashtra,SINDHUDURG,1999,Kharif,Moong(Green Gram),100,100,1
Maharashtra,SINDHUDURG,1999,Kharif,Niger seed,200,100,0.5
Maharashtra,SINDHUDURG,1999,Kharif,Other Kharif pulses,1000,500,0.5
Maharashtra,SINDHUDURG,1999,Kharif,Ragi,3200,3600,1.125
Maharashtra,SINDHUDURG,1999,Kharif,Rice,75400,172400,2.286472149
Maharashtra,SINDHUDURG,1999,Kharif,Sesamum,200,100,0.5
Maharashtra,SINDHUDURG,1999,Kharif,Urad,300,200,0.666666667
Maharashtra,SINDHUDURG,1999,Rabi,Maize,100,100,1
Maharashtra,SINDHUDURG,1999,Rabi,Other  Rabi pulses,4800,2200,0.458333333
Maharashtra,SINDHUDURG,1999,Summer,Groundnut,3600,7600,2.111111111
Maharashtra,SINDHUDURG,1999,Summer,Rice,4500,8900,1.977777778
Maharashtra,SINDHUDURG,2000,Kharif,Groundnut,1400,500,0.357142857
Maharashtra,SINDHUDURG,2000,Kharif,Moong(Green Gram),100,100,1
Maharashtra,SINDHUDURG,2000,Kharif,Niger seed,100,10,0.1
Maharashtra,SINDHUDURG,2000,Kharif,Other Kharif pulses,1500,600,0.4
Maharashtra,SINDHUDURG,2000,Kharif,Ragi,3200,3800,1.1875
Maharashtra,SINDHUDURG,2000,Kharif,Rice,75400,187300,2.484084881
Maharashtra,SINDHUDURG,2000,Kharif,Sesamum,200,100,0.5
Maharashtra,SINDHUDURG,2000,Kharif,Small millets,1100,700,0.636363636
Maharashtra,SINDHUDURG,2000,Kharif,Urad,300,200,0.666666667
Maharashtra,SINDHUDURG,2000,Rabi,Maize,100,100,1
Maharashtra,SINDHUDURG,2000,Rabi,Other  Rabi pulses,4600,1700,0.369565217
Maharashtra,SINDHUDURG,2000,Summer,Groundnut,3400,7600,2.235294118
Maharashtra,SINDHUDURG,2000,Summer,Rice,4400,10200,2.318181818
Maharashtra,SINDHUDURG,2001,Kharif,Groundnut,1500,1000,0.666666667
Maharashtra,SINDHUDURG,2001,Kharif,Moong(Green Gram),100,100,1
Maharashtra,SINDHUDURG,2001,Kharif,Niger seed,100,100,1
Maharashtra,SINDHUDURG,2001,Kharif,Other Kharif pulses,700,200,0.285714286
Maharashtra,SINDHUDURG,2001,Kharif,Ragi,2900,3200,1.103448276
Maharashtra,SINDHUDURG,2001,Kharif,Rice,74300,189400,2.549125168
Maharashtra,SINDHUDURG,2001,Kharif,Sesamum,200,100,0.5
Maharashtra,SINDHUDURG,2001,Kharif,Small millets,1000,600,0.6
Maharashtra,SINDHUDURG,2001,Kharif,Urad,300,200,0.666666667
Maharashtra,SINDHUDURG,2001,Rabi,Maize,100,200,2
Maharashtra,SINDHUDURG,2001,Rabi,Other  Rabi pulses,5900,3000,0.508474576
Maharashtra,SINDHUDURG,2001,Rabi,Small millets,200,100,0.5
Maharashtra,SINDHUDURG,2001,Summer,Groundnut,3400,7600,2.235294118
Maharashtra,SINDHUDURG,2001,Summer,Rice,4300,8000,1.860465116
Maharashtra,SINDHUDURG,2002,Kharif,Groundnut,1400,1100,0.785714286
Maharashtra,SINDHUDURG,2002,Kharif,Moong(Green Gram),100,100,1
Maharashtra,SINDHUDURG,2002,Kharif,Niger seed,100,10,0.1
Maharashtra,SINDHUDURG,2002,Kharif,Other Kharif pulses,2000,600,0.3
Maharashtra,SINDHUDURG,2002,Kharif,Ragi,2700,2100,0.777777778
Maharashtra,SINDHUDURG,2002,Kharif,Rice,74500,163300,2.191946309
Maharashtra,SINDHUDURG,2002,Kharif,Sesamum,200,100,0.5
Maharashtra,SINDHUDURG,2002,Kharif,Small millets,700,400,0.571428571
Maharashtra,SINDHUDURG,2002,Kharif,Urad,300,200,0.666666667
Maharashtra,SINDHUDURG,2002,Rabi,Maize,100,100,1
Maharashtra,SINDHUDURG,2002,Rabi,Other  Rabi pulses,4300,1800,0.418604651
Maharashtra,SINDHUDURG,2002,Rabi,Small millets,300,300,1
Maharashtra,SINDHUDURG,2002,Summer,Groundnut,3400,8900,2.617647059
Maharashtra,SINDHUDURG,2002,Summer,Rice,4400,9000,2.045454545
Maharashtra,SINDHUDURG,2003,Kharif,Groundnut,1500,1300,0.866666667
Maharashtra,SINDHUDURG,2003,Kharif,Moong(Green Gram),100,100,1
Maharashtra,SINDHUDURG,2003,Kharif,Niger seed,200,100,0.5
Maharashtra,SINDHUDURG,2003,Kharif,Other Kharif pulses,1400,400,0.285714286
Maharashtra,SINDHUDURG,2003,Kharif,Ragi,2800,4800,1.714285714
Maharashtra,SINDHUDURG,2003,Kharif,Rice,74700,236900,3.171352075
Maharashtra,SINDHUDURG,2003,Kharif,Sesamum,200,100,0.5
Maharashtra,SINDHUDURG,2003,Kharif,Small millets,400,200,0.5
Maharashtra,SINDHUDURG,2003,Kharif,Urad,400,300,0.75
Maharashtra,SINDHUDURG,2003,Rabi,Maize,100,200,2
Maharashtra,SINDHUDURG,2003,Rabi,Other  Rabi pulses,4600,2100,0.456521739
Maharashtra,SINDHUDURG,2003,Rabi,Small millets,200,200,1
Maharashtra,SINDHUDURG,2003,Summer,Groundnut,3400,7300,2.147058824
Maharashtra,SINDHUDURG,2003,Summer,Rice,4300,8500,1.976744186
Maharashtra,SINDHUDURG,2003,Whole Year,Banana,100,2520,25.2
Maharashtra,SINDHUDURG,2003,Whole Year,Mango,18136,58800,3.242170269
Maharashtra,SINDHUDURG,2004,Kharif,Groundnut,1400,1100,0.785714286
Maharashtra,SINDHUDURG,2004,Kharif,Moong(Green Gram),100,100,1
Maharashtra,SINDHUDURG,2004,Kharif,Niger seed,200,100,0.5
Maharashtra,SINDHUDURG,2004,Kharif,Other Cereals & Millets,500,300,0.6
Maharashtra,SINDHUDURG,2004,Kharif,Other Kharif pulses,1300,500,0.384615385
Maharashtra,SINDHUDURG,2004,Kharif,Ragi,2700,3000,1.111111111
Maharashtra,SINDHUDURG,2004,Kharif,Rice,74500,210800,2.829530201
Maharashtra,SINDHUDURG,2004,Kharif,Sesamum,200,100,0.5
Maharashtra,SINDHUDURG,2004,Kharif,Urad,400,400,1
Maharashtra,SINDHUDURG,2004,Rabi,Maize,100,100,1
Maharashtra,SINDHUDURG,2004,Rabi,Other  Rabi pulses,4400,1900,0.431818182
Maharashtra,SINDHUDURG,2004,Rabi,Other Cereals & Millets,400,200,0.5
Maharashtra,SINDHUDURG,2004,Rabi,Rapeseed &Mustard,100,0,0
Maharashtra,SINDHUDURG,2004,Summer,Groundnut,3400,7600,2.235294118
Maharashtra,SINDHUDURG,2004,Summer,Rice,4300,8500,1.976744186
Maharashtra,SINDHUDURG,2005,Kharif,Groundnut,1600,1200,0.75
Maharashtra,SINDHUDURG,2005,Kharif,Moong(Green Gram),100,50,0.5
Maharashtra,SINDHUDURG,2005,Kharif,Niger seed,200,100,0.5
Maharashtra,SINDHUDURG,2005,Kharif,Ragi,3000,3100,1.033333333
Maharashtra,SINDHUDURG,2005,Kharif,Rice,74500,215400,2.891275168
Maharashtra,SINDHUDURG,2005,Kharif,Sesamum,200,100,0.5
Maharashtra,SINDHUDURG,2005,Kharif,Urad,400,300,0.75
Maharashtra,SINDHUDURG,2005,Rabi,Rapeseed &Mustard,100,100,1
Maharashtra,SINDHUDURG,2005,Summer,Groundnut,3400,7600,2.235294118
Maharashtra,SINDHUDURG,2005,Summer,Rice,4200,8800,2.095238095
Maharashtra,SINDHUDURG,2006,Kharif,Groundnut,1900,1300,0.684210526
Maharashtra,SINDHUDURG,2006,Kharif,Moong(Green Gram),100,50,0.5
Maharashtra,SINDHUDURG,2006,Kharif,Niger seed,200,100,0.5
Maharashtra,SINDHUDURG,2006,Kharif,Ragi,3000,3600,1.2
Maharashtra,SINDHUDURG,2006,Kharif,Rice,74700,220400,2.950468541
Maharashtra,SINDHUDURG,2006,Kharif,Sesamum,200,100,0.5
Maharashtra,SINDHUDURG,2006,Kharif,Urad,300,300,1
Maharashtra,SINDHUDURG,2006,Rabi,Maize,100,200,2
Maharashtra,SINDHUDURG,2006,Rabi,Rapeseed &Mustard,100,30,0.3
Maharashtra,SINDHUDURG,2006,Summer,Groundnut,3400,7200,2.117647059
Maharashtra,SINDHUDURG,2006,Summer,Rice,4100,8800,2.146341463
Maharashtra,SINDHUDURG,2007,Kharif,Groundnut,20,18,0.9
Maharashtra,SINDHUDURG,2007,Kharif,Moong(Green Gram),1,1,1
Maharashtra,SINDHUDURG,2007,Kharif,Ragi,30,33,1.1
Maharashtra,SINDHUDURG,2007,Kharif,Rice,749,2051,2.738317757
Maharashtra,SINDHUDURG,2007,Kharif,Sesamum,2,1,0.5
Maharashtra,SINDHUDURG,2007,Kharif,Urad,3,2,0.666666667
Maharashtra,SINDHUDURG,2007,Rabi,Maize,1,3,3
Maharashtra,SINDHUDURG,2007,Rabi,Rapeseed &Mustard,1,0.3,0.3
Maharashtra,SINDHUDURG,2007,Summer,Groundnut,35,80,2.285714286
Maharashtra,SINDHUDURG,2008,Kharif,Groundnut,2100,1400,0.666666667
Maharashtra,SINDHUDURG,2008,Kharif,Moong(Green Gram),100,100,1
Maharashtra,SINDHUDURG,2008,Kharif,Niger seed,200,100,0.5
Maharashtra,SINDHUDURG,2008,Kharif,Ragi,3000,3300,1.1
Maharashtra,SINDHUDURG,2008,Kharif,Rice,74400,208000,2.795698925
Maharashtra,SINDHUDURG,2008,Kharif,Sesamum,200,100,0.5
Maharashtra,SINDHUDURG,2008,Kharif,Urad,200,200,1
Maharashtra,SINDHUDURG,2008,Rabi,Maize,2,6,3
Maharashtra,SINDHUDURG,2008,Rabi,Rapeseed &Mustard,100,40,0.4
Maharashtra,SINDHUDURG,2009,Kharif,Groundnut,2100,2100,1
Maharashtra,SINDHUDURG,2009,Kharif,Moong(Green Gram),100,32,0.32
Maharashtra,SINDHUDURG,2009,Kharif,Niger seed,100,22,0.22
Maharashtra,SINDHUDURG,2009,Kharif,Ragi,3100,3800,1.225806452
Maharashtra,SINDHUDURG,2009,Kharif,Rice,74600,196200,2.63002681
Maharashtra,SINDHUDURG,2009,Kharif,Sesamum,100,30,0.3
Maharashtra,SINDHUDURG,2009,Kharif,Urad,300,200,0.666666667
Maharashtra,SINDHUDURG,2009,Rabi,Maize,200,600,3
Maharashtra,SINDHUDURG,2009,Rabi,Rapeseed &Mustard,100,100,1
Maharashtra,SINDHUDURG,2010,Kharif,Groundnut,2000,2000,1
Maharashtra,SINDHUDURG,2010,Kharif,Moong(Green Gram),100,100,1
Maharashtra,SINDHUDURG,2010,Kharif,Niger seed,200,,
Maharashtra,SINDHUDURG,2010,Kharif,Ragi,3200,3500,1.09375
Maharashtra,SINDHUDURG,2010,Kharif,Rice,73900,197000,2.665764547
Maharashtra,SINDHUDURG,2010,Kharif,Sesamum,100,,
Maharashtra,SINDHUDURG,2010,Kharif,Urad,200,100,0.5
Maharashtra,SINDHUDURG,2010,Rabi,Maize,300,900,3
Maharashtra,SINDHUDURG,2010,Rabi,Rapeseed &Mustard,100,40,0.4
Maharashtra,SINDHUDURG,2011,Kharif,Groundnut,2000,1900,0.95
Maharashtra,SINDHUDURG,2011,Kharif,Niger seed,100,30,0.3
Maharashtra,SINDHUDURG,2011,Kharif,Other Kharif pulses,1100,1100,1
Maharashtra,SINDHUDURG,2011,Kharif,Ragi,3200,3400,1.0625
Maharashtra,SINDHUDURG,2011,Kharif,Rice,74200,202500,2.729110512
Maharashtra,SINDHUDURG,2011,Kharif,Sesamum,100,100,1
Maharashtra,SINDHUDURG,2011,Kharif,Urad,300,200,0.666666667
Maharashtra,SINDHUDURG,2011,Rabi,Other  Rabi pulses,4700,2700,0.574468085
Maharashtra,SINDHUDURG,2011,Rabi,Rapeseed &Mustard,200,100,0.5
Maharashtra,SINDHUDURG,2011,Rabi,Sesamum,100,20,0.2
Maharashtra,SINDHUDURG,2011,Summer,Groundnut,2900,5900,2.034482759
Maharashtra,SINDHUDURG,2011,Summer,Rice,3800,8600,2.263157895
Maharashtra,SINDHUDURG,2012,Kharif,Groundnut,2000,2400,1.2
Maharashtra,SINDHUDURG,2012,Kharif,Niger seed,100,,
Maharashtra,SINDHUDURG,2012,Kharif,Other Kharif pulses,400,200,0.5
Maharashtra,SINDHUDURG,2012,Kharif,Ragi,3200,3700,1.15625
Maharashtra,SINDHUDURG,2012,Kharif,Rice,74200,207000,2.789757412
Maharashtra,SINDHUDURG,2012,Kharif,Sesamum,100,40,0.4
Maharashtra,SINDHUDURG,2012,Kharif,Urad,300,200,0.666666667
Maharashtra,SINDHUDURG,2012,Rabi,Other  Rabi pulses,1500,800,0.533333333
Maharashtra,SINDHUDURG,2012,Summer,Groundnut,2100,4100,1.952380952
Maharashtra,SINDHUDURG,2012,Summer,Rice,2600,6200,2.384615385
Maharashtra,SINDHUDURG,2013,Kharif,Groundnut,2000,3100,1.55
Maharashtra,SINDHUDURG,2013,Kharif,Niger seed,100,,
Maharashtra,SINDHUDURG,2013,Kharif,Other Kharif pulses,200,100,0.5
Maharashtra,SINDHUDURG,2013,Kharif,Ragi,3200,5200,1.625
Maharashtra,SINDHUDURG,2013,Kharif,Rice,74200,232800,3.137466307
Maharashtra,SINDHUDURG,2013,Kharif,Sesamum,100,,
Maharashtra,SINDHUDURG,2013,Kharif,Urad,300,200,0.666666667
Maharashtra,SINDHUDURG,2013,Rabi,Other  Rabi pulses,1600,1100,0.6875
Maharashtra,SINDHUDURG,2013,Summer,Groundnut,2100,4500,2.142857143
Maharashtra,SINDHUDURG,2013,Summer,Rice,2600,5600,2.153846154
Maharashtra,SINDHUDURG,2013,Whole Year,Sugarcane,1100,96700,87.90909091
Maharashtra,SINDHUDURG,2014,Kharif,Arhar/Tur,100,,
Maharashtra,SINDHUDURG,2014,Kharif,Groundnut,1200,1000,0.833333333
Maharashtra,SINDHUDURG,2014,Kharif,Moong(Green Gram),100,,
Maharashtra,SINDHUDURG,2014,Kharif,Niger seed,100,,
Maharashtra,SINDHUDURG,2014,Kharif,Other Kharif pulses,300,200,0.666666667
Maharashtra,SINDHUDURG,2014,Kharif,Ragi,2400,3800,1.583333333
Maharashtra,SINDHUDURG,2014,Kharif,Rice,67400,222400,3.299703264
Maharashtra,SINDHUDURG,2014,Rabi,Maize,100,200,2
Maharashtra,SINDHUDURG,2014,Rabi,Other  Rabi pulses,1600,1100,0.6875
Maharashtra,SINDHUDURG,2014,Summer,Groundnut,2100,4000,1.904761905
Maharashtra,SINDHUDURG,2014,Summer,Rice,2600,5400,2.076923077
Maharashtra,SOLAPUR,1997,Kharif,Arhar/Tur,27000,2900,0.107407407
Maharashtra,SOLAPUR,1997,Kharif,Bajra,22500,11500,0.511111111
Maharashtra,SOLAPUR,1997,Kharif,Gram,32100,11300,0.352024922
Maharashtra,SOLAPUR,1997,Kharif,Jowar,1300,1300,1
Maharashtra,SOLAPUR,1997,Kharif,Maize,8700,9800,1.126436782
Maharashtra,SOLAPUR,1997,Kharif,Moong(Green Gram),3000,1000,0.333333333
Maharashtra,SOLAPUR,1997,Kharif,Pulses total,516,111,0.215116279
Maharashtra,SOLAPUR,1997,Kharif,Rice,2100,2300,1.095238095
Maharashtra,SOLAPUR,1997,Kharif,Sugarcane,53900,43112,0.799851577
Maharashtra,SOLAPUR,1997,Kharif,Total foodgrain,867,362,0.417531719
Maharashtra,SOLAPUR,1997,Kharif,Urad,2900,1400,0.482758621
Maharashtra,SOLAPUR,1997,Rabi,Jowar,726300,156700,0.215751067
Maharashtra,SOLAPUR,1997,Rabi,Maize,11700,18700,1.598290598
Maharashtra,SOLAPUR,1997,Rabi,Other  Rabi pulses,140,6,0.042857143
Maharashtra,SOLAPUR,1997,Rabi,Wheat,47400,37900,0.799578059
Maharashtra,SOLAPUR,1997,Summer,Maize,1600,2900,1.8125
Maharashtra,SOLAPUR,1997,Whole Year,Cotton(lint),44,7300,165.9090909
Maharashtra,SOLAPUR,1998,Kharif,Arhar/Tur,27500,8400,0.305454545
Maharashtra,SOLAPUR,1998,Kharif,Bajra,37400,18900,0.505347594
Maharashtra,SOLAPUR,1998,Kharif,Castor seed,200,100,0.5
Maharashtra,SOLAPUR,1998,Kharif,Cotton(lint),4900,6800,1.387755102
Maharashtra,SOLAPUR,1998,Kharif,Groundnut,7400,4800,0.648648649
Maharashtra,SOLAPUR,1998,Kharif,Jowar,1300,900,0.692307692
Maharashtra,SOLAPUR,1998,Kharif,Maize,11000,23400,2.127272727
Maharashtra,SOLAPUR,1998,Kharif,Moong(Green Gram),3900,1700,0.435897436
Maharashtra,SOLAPUR,1998,Kharif,Niger seed,500,200,0.4
Maharashtra,SOLAPUR,1998,Kharif,Other Cereals & Millets,3900,2100,0.538461538
Maharashtra,SOLAPUR,1998,Kharif,Other Kharif pulses,20100,8400,0.417910448
Maharashtra,SOLAPUR,1998,Kharif,Rice,2900,3300,1.137931034
Maharashtra,SOLAPUR,1998,Kharif,Sesamum,700,300,0.428571429
Maharashtra,SOLAPUR,1998,Kharif,Soyabean,800,1000,1.25
Maharashtra,SOLAPUR,1998,Kharif,Sugarcane,62500,5480500,87.688
Maharashtra,SOLAPUR,1998,Kharif,Sunflower,22100,6700,0.303167421
Maharashtra,SOLAPUR,1998,Kharif,Urad,3400,1500,0.441176471
Maharashtra,SOLAPUR,1998,Rabi,Gram,50500,28600,0.566336634
Maharashtra,SOLAPUR,1998,Rabi,Jowar,481600,224800,0.466777409
Maharashtra,SOLAPUR,1998,Rabi,Linseed,900,300,0.333333333
Maharashtra,SOLAPUR,1998,Rabi,Maize,17300,26000,1.502890173
Maharashtra,SOLAPUR,1998,Rabi,Other  Rabi pulses,200,200,1
Maharashtra,SOLAPUR,1998,Rabi,Other Cereals & Millets,5600,6900,1.232142857
Maharashtra,SOLAPUR,1998,Rabi,Safflower,13100,6400,0.488549618
Maharashtra,SOLAPUR,1998,Rabi,Sesamum,600,100,0.166666667
Maharashtra,SOLAPUR,1998,Rabi,Sunflower,29600,16400,0.554054054
Maharashtra,SOLAPUR,1998,Rabi,Wheat,70900,85100,1.200282087
Maharashtra,SOLAPUR,1998,Summer,Groundnut,17600,39200,2.227272727
Maharashtra,SOLAPUR,1998,Summer,Maize,2300,4100,1.782608696
Maharashtra,SOLAPUR,1998,Summer,Sunflower,2400,2000,0.833333333
Maharashtra,SOLAPUR,1999,Kharif,Arhar/Tur,28500,8500,0.298245614
Maharashtra,SOLAPUR,1999,Kharif,Bajra,57200,19300,0.337412587
Maharashtra,SOLAPUR,1999,Kharif,Castor seed,100,0,0
Maharashtra,SOLAPUR,1999,Kharif,Cotton(lint),5800,10200,1.75862069
Maharashtra,SOLAPUR,1999,Kharif,Groundnut,8300,3100,0.373493976
Maharashtra,SOLAPUR,1999,Kharif,Jowar,2100,1300,0.619047619
Maharashtra,SOLAPUR,1999,Kharif,Maize,12100,16600,1.371900826
Maharashtra,SOLAPUR,1999,Kharif,Moong(Green Gram),4100,1900,0.463414634
Maharashtra,SOLAPUR,1999,Kharif,Niger seed,700,200,0.285714286
Maharashtra,SOLAPUR,1999,Kharif,Other Kharif pulses,19800,5800,0.292929293
Maharashtra,SOLAPUR,1999,Kharif,Rice,3200,4200,1.3125
Maharashtra,SOLAPUR,1999,Kharif,Sesamum,900,200,0.222222222
Maharashtra,SOLAPUR,1999,Kharif,Soyabean,1000,1400,1.4
Maharashtra,SOLAPUR,1999,Kharif,Sunflower,21400,7400,0.345794393
Maharashtra,SOLAPUR,1999,Kharif,Urad,3500,2200,0.628571429
Maharashtra,SOLAPUR,1999,Rabi,Gram,37800,25300,0.669312169
Maharashtra,SOLAPUR,1999,Rabi,Jowar,699900,353800,0.505500786
Maharashtra,SOLAPUR,1999,Rabi,Linseed,1000,300,0.3
Maharashtra,SOLAPUR,1999,Rabi,Maize,12500,19400,1.552
Maharashtra,SOLAPUR,1999,Rabi,Other  Rabi pulses,600,200,0.333333333
Maharashtra,SOLAPUR,1999,Rabi,Safflower,20100,10800,0.537313433
Maharashtra,SOLAPUR,1999,Rabi,Small millets,1200,300,0.25
Maharashtra,SOLAPUR,1999,Rabi,Sunflower,31900,16300,0.510971787
Maharashtra,SOLAPUR,1999,Rabi,Wheat,68600,81000,1.180758017
Maharashtra,SOLAPUR,1999,Summer,Groundnut,17200,30500,1.773255814
Maharashtra,SOLAPUR,1999,Summer,Maize,2400,4300,1.791666667
Maharashtra,SOLAPUR,1999,Summer,Sunflower,2200,1500,0.681818182
Maharashtra,SOLAPUR,1999,Whole Year,Sugarcane,66700,6304500,94.52023988
Maharashtra,SOLAPUR,2000,Kharif,Arhar/Tur,32300,12500,0.386996904
Maharashtra,SOLAPUR,2000,Kharif,Bajra,53300,22100,0.414634146
Maharashtra,SOLAPUR,2000,Kharif,Castor seed,300,100,0.333333333
Maharashtra,SOLAPUR,2000,Kharif,Cotton(lint),6500,11200,1.723076923
Maharashtra,SOLAPUR,2000,Kharif,Groundnut,8100,5300,0.654320988
Maharashtra,SOLAPUR,2000,Kharif,Jowar,2100,1600,0.761904762
Maharashtra,SOLAPUR,2000,Kharif,Maize,13900,8700,0.625899281
Maharashtra,SOLAPUR,2000,Kharif,Moong(Green Gram),5100,3000,0.588235294
Maharashtra,SOLAPUR,2000,Kharif,Niger seed,300,100,0.333333333
Maharashtra,SOLAPUR,2000,Kharif,Other Kharif pulses,19000,6400,0.336842105
Maharashtra,SOLAPUR,2000,Kharif,Rice,3000,3400,1.133333333
Maharashtra,SOLAPUR,2000,Kharif,Sesamum,900,200,0.222222222
Maharashtra,SOLAPUR,2000,Kharif,Soyabean,600,1000,1.666666667
Maharashtra,SOLAPUR,2000,Kharif,Sunflower,20800,10600,0.509615385
Maharashtra,SOLAPUR,2000,Kharif,Urad,4600,2300,0.5
Maharashtra,SOLAPUR,2000,Rabi,Gram,30700,17300,0.563517915
Maharashtra,SOLAPUR,2000,Rabi,Jowar,636700,285200,0.447934663
Maharashtra,SOLAPUR,2000,Rabi,Linseed,1100,300,0.272727273
Maharashtra,SOLAPUR,2000,Rabi,Maize,15200,17600,1.157894737
Maharashtra,SOLAPUR,2000,Rabi,Other  Rabi pulses,300,100,0.333333333
Maharashtra,SOLAPUR,2000,Rabi,Safflower,18900,6000,0.317460317
Maharashtra,SOLAPUR,2000,Rabi,Small millets,200,100,0.5
Maharashtra,SOLAPUR,2000,Rabi,Sunflower,27500,13300,0.483636364
Maharashtra,SOLAPUR,2000,Rabi,Wheat,50900,56000,1.100196464
Maharashtra,SOLAPUR,2000,Summer,Groundnut,13700,15100,1.102189781
Maharashtra,SOLAPUR,2000,Summer,Sunflower,700,300,0.428571429
Maharashtra,SOLAPUR,2000,Whole Year,Sugarcane,64700,5952500,92.0015456
Maharashtra,SOLAPUR,2001,Kharif,Arhar/Tur,6700,1400,0.208955224
Maharashtra,SOLAPUR,2001,Kharif,Bajra,11800,5400,0.457627119
Maharashtra,SOLAPUR,2001,Kharif,Cotton(lint),4000,3500,0.875
Maharashtra,SOLAPUR,2001,Kharif,Groundnut,2200,600,0.272727273
Maharashtra,SOLAPUR,2001,Kharif,Jowar,700,500,0.714285714
Maharashtra,SOLAPUR,2001,Kharif,Maize,7800,10,0.001282051
Maharashtra,SOLAPUR,2001,Kharif,Moong(Green Gram),1500,300,0.2
Maharashtra,SOLAPUR,2001,Kharif,Niger seed,100,100,1
Maharashtra,SOLAPUR,2001,Kharif,Other Kharif pulses,8900,2200,0.247191011
Maharashtra,SOLAPUR,2001,Kharif,Rice,600,800,1.333333333
Maharashtra,SOLAPUR,2001,Kharif,Sesamum,300,100,0.333333333
Maharashtra,SOLAPUR,2001,Kharif,Soyabean,400,500,1.25
Maharashtra,SOLAPUR,2001,Kharif,Sunflower,5700,1900,0.333333333
Maharashtra,SOLAPUR,2001,Kharif,Urad,2200,100,0.045454545
Maharashtra,SOLAPUR,2001,Rabi,Gram,31600,17500,0.553797468
Maharashtra,SOLAPUR,2001,Rabi,Jowar,712900,313800,0.440173937
Maharashtra,SOLAPUR,2001,Rabi,Linseed,1000,200,0.2
Maharashtra,SOLAPUR,2001,Rabi,Maize,14000,25700,1.835714286
Maharashtra,SOLAPUR,2001,Rabi,Other  Rabi pulses,300,200,0.666666667
Maharashtra,SOLAPUR,2001,Rabi,Rapeseed &Mustard,300,100,0.333333333
Maharashtra,SOLAPUR,2001,Rabi,Safflower,15900,5500,0.34591195
Maharashtra,SOLAPUR,2001,Rabi,Small millets,2300,1200,0.52173913
Maharashtra,SOLAPUR,2001,Rabi,Sunflower,24100,12300,0.510373444
Maharashtra,SOLAPUR,2001,Rabi,Wheat,53700,62700,1.167597765
Maharashtra,SOLAPUR,2001,Summer,Groundnut,4300,6300,1.465116279
Maharashtra,SOLAPUR,2001,Summer,Maize,1300,1800,1.384615385
Maharashtra,SOLAPUR,2001,Summer,Sunflower,200,200,1
Maharashtra,SOLAPUR,2001,Whole Year,Sugarcane,59800,4533500,75.81103679
Maharashtra,SOLAPUR,2002,Kharif,Arhar/Tur,13300,4600,0.345864662
Maharashtra,SOLAPUR,2002,Kharif,Bajra,25100,9500,0.378486056
Maharashtra,SOLAPUR,2002,Kharif,Castor seed,400,100,0.25
Maharashtra,SOLAPUR,2002,Kharif,Cotton(lint),4400,7500,1.704545455
Maharashtra,SOLAPUR,2002,Kharif,Groundnut,3400,1600,0.470588235
Maharashtra,SOLAPUR,2002,Kharif,Jowar,1100,600,0.545454545
Maharashtra,SOLAPUR,2002,Kharif,Maize,12400,17400,1.403225806
Maharashtra,SOLAPUR,2002,Kharif,Moong(Green Gram),2000,1300,0.65
Maharashtra,SOLAPUR,2002,Kharif,Niger seed,100,10,0.1
Maharashtra,SOLAPUR,2002,Kharif,Other Kharif pulses,16700,3000,0.179640719
Maharashtra,SOLAPUR,2002,Kharif,Rice,500,300,0.6
Maharashtra,SOLAPUR,2002,Kharif,Sesamum,300,100,0.333333333
Maharashtra,SOLAPUR,2002,Kharif,Soyabean,700,500,0.714285714
Maharashtra,SOLAPUR,2002,Kharif,Sunflower,9800,3700,0.37755102
Maharashtra,SOLAPUR,2002,Kharif,Urad,2900,2000,0.689655172
Maharashtra,SOLAPUR,2002,Rabi,Gram,31900,13800,0.432601881
Maharashtra,SOLAPUR,2002,Rabi,Jowar,672100,225400,0.335366761
Maharashtra,SOLAPUR,2002,Rabi,Linseed,600,100,0.166666667
Maharashtra,SOLAPUR,2002,Rabi,Maize,12900,26800,2.07751938
Maharashtra,SOLAPUR,2002,Rabi,Other  Rabi pulses,200,100,0.5
Maharashtra,SOLAPUR,2002,Rabi,Rapeseed &Mustard,200,100,0.5
Maharashtra,SOLAPUR,2002,Rabi,Safflower,15700,4300,0.27388535
Maharashtra,SOLAPUR,2002,Rabi,Small millets,1400,100,0.071428571
Maharashtra,SOLAPUR,2002,Rabi,Sunflower,24700,11600,0.469635628
Maharashtra,SOLAPUR,2002,Rabi,Wheat,48400,61800,1.276859504
Maharashtra,SOLAPUR,2002,Summer,Groundnut,2500,2400,0.96
Maharashtra,SOLAPUR,2002,Summer,Maize,1800,3200,1.777777778
Maharashtra,SOLAPUR,2002,Summer,Sunflower,200,100,0.5
Maharashtra,SOLAPUR,2002,Whole Year,Sugarcane,56400,4052000,71.84397163
Maharashtra,SOLAPUR,2003,Kharif,Arhar/Tur,7700,700,0.090909091
Maharashtra,SOLAPUR,2003,Kharif,Bajra,9700,3700,0.381443299
Maharashtra,SOLAPUR,2003,Kharif,Cotton(lint),1100,1500,1.363636364
Maharashtra,SOLAPUR,2003,Kharif,Groundnut,1800,600,0.333333333
Maharashtra,SOLAPUR,2003,Kharif,Jowar,400,100,0.25
Maharashtra,SOLAPUR,2003,Kharif,Maize,5100,1500,0.294117647
Maharashtra,SOLAPUR,2003,Kharif,Moong(Green Gram),1300,600,0.461538462
Maharashtra,SOLAPUR,2003,Kharif,Niger seed,100,100,1
Maharashtra,SOLAPUR,2003,Kharif,Other Kharif pulses,1700,100,0.058823529
Maharashtra,SOLAPUR,2003,Kharif,other oilseeds,100,0,0
Maharashtra,SOLAPUR,2003,Kharif,Rice,200,100,0.5
Maharashtra,SOLAPUR,2003,Kharif,Sesamum,100,100,1
Maharashtra,SOLAPUR,2003,Kharif,Small millets,300,100,0.333333333
Maharashtra,SOLAPUR,2003,Kharif,Soyabean,600,700,1.166666667
Maharashtra,SOLAPUR,2003,Kharif,Sunflower,2500,700,0.28
Maharashtra,SOLAPUR,2003,Kharif,Urad,2300,1300,0.565217391
Maharashtra,SOLAPUR,2003,Rabi,Gram,28000,5100,0.182142857
Maharashtra,SOLAPUR,2003,Rabi,Jowar,613700,28600,0.046602575
Maharashtra,SOLAPUR,2003,Rabi,Linseed,300,100,0.333333333
Maharashtra,SOLAPUR,2003,Rabi,Maize,9700,3400,0.350515464
Maharashtra,SOLAPUR,2003,Rabi,Safflower,13300,1100,0.082706767
Maharashtra,SOLAPUR,2003,Rabi,Small millets,2500,300,0.12
Maharashtra,SOLAPUR,2003,Rabi,Sunflower,19000,2000,0.105263158
Maharashtra,SOLAPUR,2003,Rabi,Wheat,30800,13300,0.431818182
Maharashtra,SOLAPUR,2003,Summer,Groundnut,300,300,1
Maharashtra,SOLAPUR,2003,Summer,Sunflower,100,100,1
Maharashtra,SOLAPUR,2003,Whole Year,Banana,200,7910,39.55
Maharashtra,SOLAPUR,2003,Whole Year,Grapes,2508,39504,15.75119617
Maharashtra,SOLAPUR,2003,Whole Year,Mango,3893,7200,1.849473414
Maharashtra,SOLAPUR,2003,Whole Year,Onion,1200,6441,5.3675
Maharashtra,SOLAPUR,2003,Whole Year,Sugarcane,48600,2831500,58.26131687
Maharashtra,SOLAPUR,2003,Whole Year,Tomato,428,1094,2.556074766
Maharashtra,SOLAPUR,2004,Kharif,Arhar/Tur,15800,5500,0.348101266
Maharashtra,SOLAPUR,2004,Kharif,Bajra,26200,15000,0.572519084
Maharashtra,SOLAPUR,2004,Kharif,Groundnut,5300,3400,0.641509434
Maharashtra,SOLAPUR,2004,Kharif,Jowar,400,300,0.75
Maharashtra,SOLAPUR,2004,Kharif,Maize,13100,14500,1.106870229
Maharashtra,SOLAPUR,2004,Kharif,Moong(Green Gram),3700,2700,0.72972973
Maharashtra,SOLAPUR,2004,Kharif,Niger seed,200,100,0.5
Maharashtra,SOLAPUR,2004,Kharif,Other Cereals & Millets,3300,800,0.242424242
Maharashtra,SOLAPUR,2004,Kharif,Other Kharif pulses,15200,3400,0.223684211
Maharashtra,SOLAPUR,2004,Kharif,other oilseeds,300,100,0.333333333
Maharashtra,SOLAPUR,2004,Kharif,Rice,400,100,0.25
Maharashtra,SOLAPUR,2004,Kharif,Sesamum,400,100,0.25
Maharashtra,SOLAPUR,2004,Kharif,Sunflower,12700,6700,0.527559055
Maharashtra,SOLAPUR,2004,Kharif,Urad,5000,4400,0.88
Maharashtra,SOLAPUR,2004,Rabi,Gram,38400,18800,0.489583333
Maharashtra,SOLAPUR,2004,Rabi,Jowar,686900,302600,0.440529917
Maharashtra,SOLAPUR,2004,Rabi,Linseed,400,100,0.25
Maharashtra,SOLAPUR,2004,Rabi,Maize,13000,21400,1.646153846
Maharashtra,SOLAPUR,2004,Rabi,Other  Rabi pulses,200,0,0
Maharashtra,SOLAPUR,2004,Rabi,Other Cereals & Millets,3400,700,0.205882353
Maharashtra,SOLAPUR,2004,Rabi,Safflower,15000,7800,0.52
Maharashtra,SOLAPUR,2004,Rabi,Soyabean,2100,4700,2.238095238
Maharashtra,SOLAPUR,2004,Rabi,Sunflower,25200,14000,0.555555556
Maharashtra,SOLAPUR,2004,Rabi,Wheat,50100,56200,1.121756487
Maharashtra,SOLAPUR,2004,Summer,Groundnut,4600,5600,1.217391304
Maharashtra,SOLAPUR,2004,Summer,Maize,1600,2500,1.5625
Maharashtra,SOLAPUR,2004,Summer,Sunflower,400,300,0.75
Maharashtra,SOLAPUR,2004,Whole Year,Cotton(lint),1000,1900,1.9
Maharashtra,SOLAPUR,2004,Whole Year,Sugarcane,36400,2632800,72.32967033
Maharashtra,SOLAPUR,2005,Kharif,Arhar/Tur,18900,5900,0.312169312
Maharashtra,SOLAPUR,2005,Kharif,Bajra,14800,6700,0.452702703
Maharashtra,SOLAPUR,2005,Kharif,Cotton(lint),800,1300,1.625
Maharashtra,SOLAPUR,2005,Kharif,Groundnut,5800,4200,0.724137931
Maharashtra,SOLAPUR,2005,Kharif,Moong(Green Gram),2800,2100,0.75
Maharashtra,SOLAPUR,2005,Kharif,Niger seed,100,100,1
Maharashtra,SOLAPUR,2005,Kharif,Rice,100,100,1
Maharashtra,SOLAPUR,2005,Kharif,Sesamum,400,100,0.25
Maharashtra,SOLAPUR,2005,Kharif,Soyabean,1100,800,0.727272727
Maharashtra,SOLAPUR,2005,Kharif,Sugarcane,68300,5660500,82.87701318
Maharashtra,SOLAPUR,2005,Kharif,Sunflower,12100,7100,0.58677686
Maharashtra,SOLAPUR,2005,Kharif,Urad,4100,2700,0.658536585
Maharashtra,SOLAPUR,2005,Rabi,Gram,43900,33400,0.760820046
Maharashtra,SOLAPUR,2005,Rabi,Linseed,400,100,0.25
Maharashtra,SOLAPUR,2005,Rabi,Safflower,12500,4800,0.384
Maharashtra,SOLAPUR,2005,Rabi,Sunflower,24900,12400,0.497991968
Maharashtra,SOLAPUR,2005,Rabi,Wheat,58900,69200,1.174872666
Maharashtra,SOLAPUR,2005,Summer,Groundnut,5900,7400,1.254237288
Maharashtra,SOLAPUR,2005,Summer,Sunflower,500,400,0.8
Maharashtra,SOLAPUR,2006,Kharif,Arhar/Tur,28300,14500,0.512367491
Maharashtra,SOLAPUR,2006,Kharif,Bajra,27500,7700,0.28
Maharashtra,SOLAPUR,2006,Kharif,Castor seed,300,100,0.333333333
Maharashtra,SOLAPUR,2006,Kharif,Cotton(lint),900,1500,1.666666667
Maharashtra,SOLAPUR,2006,Kharif,Groundnut,6100,3300,0.540983607
Maharashtra,SOLAPUR,2006,Kharif,Jowar,400,200,0.5
Maharashtra,SOLAPUR,2006,Kharif,Maize,13800,13700,0.992753623
Maharashtra,SOLAPUR,2006,Kharif,Moong(Green Gram),4000,1800,0.45
Maharashtra,SOLAPUR,2006,Kharif,Niger seed,200,100,0.5
Maharashtra,SOLAPUR,2006,Kharif,Rice,400,100,0.25
Maharashtra,SOLAPUR,2006,Kharif,Sesamum,300,100,0.333333333
Maharashtra,SOLAPUR,2006,Kharif,Soyabean,2100,3300,1.571428571
Maharashtra,SOLAPUR,2006,Kharif,Sunflower,13900,7100,0.510791367
Maharashtra,SOLAPUR,2006,Kharif,Urad,10900,3300,0.302752294
Maharashtra,SOLAPUR,2006,Rabi,Gram,47100,28700,0.609341826
Maharashtra,SOLAPUR,2006,Rabi,Jowar,711300,342200,0.48109096
Maharashtra,SOLAPUR,2006,Rabi,Linseed,500,100,0.2
Maharashtra,SOLAPUR,2006,Rabi,Maize,17400,32400,1.862068966
Maharashtra,SOLAPUR,2006,Rabi,Safflower,11700,5000,0.427350427
Maharashtra,SOLAPUR,2006,Rabi,Sunflower,21800,11100,0.509174312
Maharashtra,SOLAPUR,2006,Rabi,Wheat,69400,85900,1.237752161
Maharashtra,SOLAPUR,2006,Summer,Groundnut,5700,7700,1.350877193
Maharashtra,SOLAPUR,2006,Summer,Maize,700,1100,1.571428571
Maharashtra,SOLAPUR,2006,Summer,Sunflower,400,200,0.5
Maharashtra,SOLAPUR,2007,Kharif,Arhar/Tur,257,111,0.431906615
Maharashtra,SOLAPUR,2007,Kharif,Bajra,215,91,0.423255814
Maharashtra,SOLAPUR,2007,Kharif,Castor seed,3,1,0.333333333
Maharashtra,SOLAPUR,2007,Kharif,Cotton(lint),11,30,2.727272727
Maharashtra,SOLAPUR,2007,Kharif,Groundnut,28,19,0.678571429
Maharashtra,SOLAPUR,2007,Kharif,Jowar,2,2,1
Maharashtra,SOLAPUR,2007,Kharif,Maize,192,253,1.317708333
Maharashtra,SOLAPUR,2007,Kharif,Moong(Green Gram),32,25,0.78125
Maharashtra,SOLAPUR,2007,Kharif,Rice,3,3,1
Maharashtra,SOLAPUR,2007,Kharif,Sesamum,3,1,0.333333333
Maharashtra,SOLAPUR,2007,Kharif,Soyabean,28,39,1.392857143
Maharashtra,SOLAPUR,2007,Kharif,Sunflower,107,78,0.728971963
Maharashtra,SOLAPUR,2007,Kharif,Urad,147,122,0.829931973
Maharashtra,SOLAPUR,2007,Rabi,Gram,403,310,0.769230769
Maharashtra,SOLAPUR,2007,Rabi,Jowar,6178,3515,0.568954354
Maharashtra,SOLAPUR,2007,Rabi,Linseed,4,1,0.25
Maharashtra,SOLAPUR,2007,Rabi,Maize,132,283,2.143939394
Maharashtra,SOLAPUR,2007,Rabi,Safflower,75,35,0.466666667
Maharashtra,SOLAPUR,2007,Rabi,Sunflower,156,99,0.634615385
Maharashtra,SOLAPUR,2007,Rabi,Wheat,750,1103,1.470666667
Maharashtra,SOLAPUR,2007,Summer,Groundnut,52,61,1.173076923
Maharashtra,SOLAPUR,2007,Summer,Maize,9,15,1.666666667
Maharashtra,SOLAPUR,2007,Summer,Sunflower,7,4,0.571428571
Maharashtra,SOLAPUR,2007,Whole Year,Sugarcane,1545,122055,79
Maharashtra,SOLAPUR,2008,Kharif,Arhar/Tur,6900,2700,0.391304348
Maharashtra,SOLAPUR,2008,Kharif,Bajra,1800,800,0.444444444
Maharashtra,SOLAPUR,2008,Kharif,Castor seed,200,26,0.13
Maharashtra,SOLAPUR,2008,Kharif,Cotton(lint),100,200,2
Maharashtra,SOLAPUR,2008,Kharif,Groundnut,1100,1100,1
Maharashtra,SOLAPUR,2008,Kharif,Jowar,200,200,1
Maharashtra,SOLAPUR,2008,Kharif,Maize,9600,22200,2.3125
Maharashtra,SOLAPUR,2008,Kharif,Moong(Green Gram),300,200,0.666666667
Maharashtra,SOLAPUR,2008,Kharif,Niger seed,100,20,0.2
Maharashtra,SOLAPUR,2008,Kharif,Rice,100,10,0.1
Maharashtra,SOLAPUR,2008,Kharif,Sesamum,100,100,1
Maharashtra,SOLAPUR,2008,Kharif,Soyabean,2500,2300,0.92
Maharashtra,SOLAPUR,2008,Kharif,Sugarcane,117500,9954400,84.71829787
Maharashtra,SOLAPUR,2008,Kharif,Sunflower,6100,3300,0.540983607
Maharashtra,SOLAPUR,2008,Kharif,Urad,1600,900,0.5625
Maharashtra,SOLAPUR,2008,Rabi,Gram,38500,28200,0.732467532
Maharashtra,SOLAPUR,2008,Rabi,Jowar,687500,406000,0.590545455
Maharashtra,SOLAPUR,2008,Rabi,Linseed,300,100,0.333333333
Maharashtra,SOLAPUR,2008,Rabi,Maize,157,317,2.01910828
Maharashtra,SOLAPUR,2008,Rabi,Safflower,7600,5100,0.671052632
Maharashtra,SOLAPUR,2008,Rabi,Sunflower,17400,10700,0.614942529
Maharashtra,SOLAPUR,2008,Rabi,Wheat,62600,83800,1.338658147
Maharashtra,SOLAPUR,2008,Whole Year,Sugarcane,117500,9954400,84.71829787
Maharashtra,SOLAPUR,2009,Kharif,Arhar/Tur,23200,6900,0.297413793
Maharashtra,SOLAPUR,2009,Kharif,Bajra,14400,5200,0.361111111
Maharashtra,SOLAPUR,2009,Kharif,Cotton(lint),1400,2400,1.714285714
Maharashtra,SOLAPUR,2009,Kharif,Groundnut,2500,1100,0.44
Maharashtra,SOLAPUR,2009,Kharif,Jowar,100,44,0.44
Maharashtra,SOLAPUR,2009,Kharif,Maize,15400,24900,1.616883117
Maharashtra,SOLAPUR,2009,Kharif,Moong(Green Gram),1000,300,0.3
Maharashtra,SOLAPUR,2009,Kharif,Rice,100,14,0.14
Maharashtra,SOLAPUR,2009,Kharif,Sesamum,100,10,0.1
Maharashtra,SOLAPUR,2009,Kharif,Soyabean,3200,2800,0.875
Maharashtra,SOLAPUR,2009,Kharif,Sugarcane,107300,9932600,92.56849953
Maharashtra,SOLAPUR,2009,Kharif,Sunflower,6600,2200,0.333333333
Maharashtra,SOLAPUR,2009,Kharif,Urad,3200,900,0.28125
Maharashtra,SOLAPUR,2009,Rabi,Gram,47700,37200,0.779874214
Maharashtra,SOLAPUR,2009,Rabi,Jowar,657600,400700,0.609336983
Maharashtra,SOLAPUR,2009,Rabi,Linseed,400,100,0.25
Maharashtra,SOLAPUR,2009,Rabi,Maize,22100,74700,3.380090498
Maharashtra,SOLAPUR,2009,Rabi,Safflower,8600,5500,0.639534884
Maharashtra,SOLAPUR,2009,Rabi,Sunflower,17400,9000,0.517241379
Maharashtra,SOLAPUR,2009,Rabi,Wheat,80400,106000,1.31840796
Maharashtra,SOLAPUR,2010,Kharif,Arhar/Tur,41800,15600,0.373205742
Maharashtra,SOLAPUR,2010,Kharif,Bajra,18400,9600,0.52173913
Maharashtra,SOLAPUR,2010,Kharif,Castor seed,100,100,1
Maharashtra,SOLAPUR,2010,Kharif,Cotton(lint),1800,5200,2.888888889
Maharashtra,SOLAPUR,2010,Kharif,Groundnut,3400,1800,0.529411765
Maharashtra,SOLAPUR,2010,Kharif,Jowar,400,200,0.5
Maharashtra,SOLAPUR,2010,Kharif,Maize,20500,34800,1.697560976
Maharashtra,SOLAPUR,2010,Kharif,Moong(Green Gram),2900,2000,0.689655172
Maharashtra,SOLAPUR,2010,Kharif,Niger seed,100,,
Maharashtra,SOLAPUR,2010,Kharif,Rice,700,200,0.285714286
Maharashtra,SOLAPUR,2010,Kharif,Sesamum,300,100,0.333333333
Maharashtra,SOLAPUR,2010,Kharif,Soyabean,4300,5300,1.23255814
Maharashtra,SOLAPUR,2010,Kharif,Sugarcane,163100,16000100,98.09993869
Maharashtra,SOLAPUR,2010,Kharif,Sunflower,8500,3500,0.411764706
Maharashtra,SOLAPUR,2010,Kharif,Urad,8300,5200,0.626506024
Maharashtra,SOLAPUR,2010,Rabi,Gram,56400,37500,0.664893617
Maharashtra,SOLAPUR,2010,Rabi,Jowar,641200,380600,0.593574548
Maharashtra,SOLAPUR,2010,Rabi,Linseed,400,110,0.275
Maharashtra,SOLAPUR,2010,Rabi,Maize,35400,88700,2.505649718
Maharashtra,SOLAPUR,2010,Rabi,Safflower,7400,4700,0.635135135
Maharashtra,SOLAPUR,2010,Rabi,Sesamum,100,29,0.29
Maharashtra,SOLAPUR,2010,Rabi,Sunflower,18200,10400,0.571428571
Maharashtra,SOLAPUR,2010,Rabi,Wheat,87800,122900,1.39977221
Maharashtra,SOLAPUR,2011,Kharif,Arhar/Tur,21600,8100,0.375
Maharashtra,SOLAPUR,2011,Kharif,Bajra,9900,3900,0.393939394
Maharashtra,SOLAPUR,2011,Kharif,Castor seed,100,30,0.3
Maharashtra,SOLAPUR,2011,Kharif,Cotton(lint),900,2400,2.666666667
Maharashtra,SOLAPUR,2011,Kharif,Groundnut,1900,1400,0.736842105
Maharashtra,SOLAPUR,2011,Kharif,Jowar,400,300,0.75
Maharashtra,SOLAPUR,2011,Kharif,Maize,15200,37800,2.486842105
Maharashtra,SOLAPUR,2011,Kharif,Moong(Green Gram),1500,1100,0.733333333
Maharashtra,SOLAPUR,2011,Kharif,Niger seed,100,,
Maharashtra,SOLAPUR,2011,Kharif,Other Kharif pulses,800,200,0.25
Maharashtra,SOLAPUR,2011,Kharif,Rice,700,200,0.285714286
Maharashtra,SOLAPUR,2011,Kharif,Sesamum,300,100,0.333333333
Maharashtra,SOLAPUR,2011,Kharif,Soyabean,5100,12200,2.392156863
Maharashtra,SOLAPUR,2011,Kharif,Sunflower,4600,2100,0.456521739
Maharashtra,SOLAPUR,2011,Kharif,Urad,4100,3000,0.731707317
Maharashtra,SOLAPUR,2011,Rabi,Gram,24800,16400,0.661290323
Maharashtra,SOLAPUR,2011,Rabi,Jowar,482600,193000,0.399917116
Maharashtra,SOLAPUR,2011,Rabi,Linseed,200,40,0.2
Maharashtra,SOLAPUR,2011,Rabi,Maize,21900,39800,1.817351598
Maharashtra,SOLAPUR,2011,Rabi,Other  Rabi pulses,400,200,0.5
Maharashtra,SOLAPUR,2011,Rabi,Safflower,2400,700,0.291666667
Maharashtra,SOLAPUR,2011,Rabi,Sunflower,12300,6100,0.495934959
Maharashtra,SOLAPUR,2011,Rabi,Wheat,29300,34900,1.19112628
Maharashtra,SOLAPUR,2011,Summer,Groundnut,4200,4800,1.142857143
Maharashtra,SOLAPUR,2011,Summer,Maize,2700,4400,1.62962963
Maharashtra,SOLAPUR,2011,Summer,Sunflower,500,300,0.6
Maharashtra,SOLAPUR,2011,Whole Year,Sugarcane,173400,15936200,91.90426759
Maharashtra,SOLAPUR,2012,Kharif,Arhar/Tur,18800,6300,0.335106383
Maharashtra,SOLAPUR,2012,Kharif,Bajra,6300,200,0.031746032
Maharashtra,SOLAPUR,2012,Kharif,Cotton(lint),500,1700,3.4
Maharashtra,SOLAPUR,2012,Kharif,Groundnut,1500,600,0.4
Maharashtra,SOLAPUR,2012,Kharif,Jowar,400,100,0.25
Maharashtra,SOLAPUR,2012,Kharif,Maize,11100,10800,0.972972973
Maharashtra,SOLAPUR,2012,Kharif,Moong(Green Gram),1200,500,0.416666667
Maharashtra,SOLAPUR,2012,Kharif,Niger seed,100,20,0.2
Maharashtra,SOLAPUR,2012,Kharif,Other Kharif pulses,1300,100,0.076923077
Maharashtra,SOLAPUR,2012,Kharif,Rice,400,100,0.25
Maharashtra,SOLAPUR,2012,Kharif,Sesamum,300,100,0.333333333
Maharashtra,SOLAPUR,2012,Kharif,Soyabean,5500,11500,2.090909091
Maharashtra,SOLAPUR,2012,Kharif,Sunflower,3600,1200,0.333333333
Maharashtra,SOLAPUR,2012,Kharif,Urad,3800,2200,0.578947368
Maharashtra,SOLAPUR,2012,Rabi,Gram,26100,10900,0.417624521
Maharashtra,SOLAPUR,2012,Rabi,Jowar,480700,132900,0.276471812
Maharashtra,SOLAPUR,2012,Rabi,Linseed,100,10,0.1
Maharashtra,SOLAPUR,2012,Rabi,Maize,21100,39900,1.890995261
Maharashtra,SOLAPUR,2012,Rabi,Other  Rabi pulses,400,100,0.25
Maharashtra,SOLAPUR,2012,Rabi,Rapeseed &Mustard,1000,200,0.2
Maharashtra,SOLAPUR,2012,Rabi,Safflower,900,400,0.444444444
Maharashtra,SOLAPUR,2012,Rabi,Sunflower,10800,5000,0.462962963
Maharashtra,SOLAPUR,2012,Rabi,Wheat,28800,21800,0.756944444
Maharashtra,SOLAPUR,2012,Summer,Groundnut,2700,3900,1.444444444
Maharashtra,SOLAPUR,2012,Summer,Maize,1100,1800,1.636363636
Maharashtra,SOLAPUR,2012,Summer,Sunflower,400,200,0.5
Maharashtra,SOLAPUR,2012,Whole Year,Sugarcane,144200,9716600,67.38280166
Maharashtra,SOLAPUR,2013,Kharif,Arhar/Tur,18800,9200,0.489361702
Maharashtra,SOLAPUR,2013,Kharif,Bajra,6300,2200,0.349206349
Maharashtra,SOLAPUR,2013,Kharif,Cotton(lint),500,700,1.4
Maharashtra,SOLAPUR,2013,Kharif,Groundnut,1500,1200,0.8
Maharashtra,SOLAPUR,2013,Kharif,Jowar,500,200,0.4
Maharashtra,SOLAPUR,2013,Kharif,Maize,11100,19300,1.738738739
Maharashtra,SOLAPUR,2013,Kharif,Moong(Green Gram),1200,900,0.75
Maharashtra,SOLAPUR,2013,Kharif,Niger seed,100,,
Maharashtra,SOLAPUR,2013,Kharif,Other Kharif pulses,4200,1300,0.30952381
Maharashtra,SOLAPUR,2013,Kharif,Rice,400,100,0.25
Maharashtra,SOLAPUR,2013,Kharif,Sesamum,300,100,0.333333333
Maharashtra,SOLAPUR,2013,Kharif,Soyabean,5500,9900,1.8
Maharashtra,SOLAPUR,2013,Kharif,Sunflower,3600,2200,0.611111111
Maharashtra,SOLAPUR,2013,Kharif,Urad,3800,2900,0.763157895
Maharashtra,SOLAPUR,2013,Rabi,Gram,35400,19700,0.556497175
Maharashtra,SOLAPUR,2013,Rabi,Jowar,565800,304500,0.538176034
Maharashtra,SOLAPUR,2013,Rabi,Linseed,200,100,0.5
Maharashtra,SOLAPUR,2013,Rabi,Maize,31200,75300,2.413461538
Maharashtra,SOLAPUR,2013,Rabi,Other  Rabi pulses,800,300,0.375
Maharashtra,SOLAPUR,2013,Rabi,Safflower,1500,700,0.466666667
Maharashtra,SOLAPUR,2013,Rabi,Sunflower,13000,10000,0.769230769
Maharashtra,SOLAPUR,2013,Rabi,Wheat,35700,35800,1.00280112
Maharashtra,SOLAPUR,2013,Summer,Groundnut,3500,4700,1.342857143
Maharashtra,SOLAPUR,2013,Summer,Maize,2000,3300,1.65
Maharashtra,SOLAPUR,2013,Summer,Sunflower,400,300,0.75
Maharashtra,SOLAPUR,2013,Whole Year,Sugarcane,122600,10488200,85.54812398
Maharashtra,SOLAPUR,2014,Kharif,Arhar/Tur,18800,9000,0.478723404
Maharashtra,SOLAPUR,2014,Kharif,Bajra,5500,2200,0.4
Maharashtra,SOLAPUR,2014,Kharif,Castor seed,200,,
Maharashtra,SOLAPUR,2014,Kharif,Cotton(lint),600,1200,2
Maharashtra,SOLAPUR,2014,Kharif,Groundnut,1800,1000,0.555555556
Maharashtra,SOLAPUR,2014,Kharif,Jowar,300,100,0.333333333
Maharashtra,SOLAPUR,2014,Kharif,Maize,12700,24000,1.88976378
Maharashtra,SOLAPUR,2014,Kharif,Moong(Green Gram),1200,800,0.666666667
Maharashtra,SOLAPUR,2014,Kharif,Niger seed,100,,
Maharashtra,SOLAPUR,2014,Kharif,Other Kharif pulses,2000,500,0.25
Maharashtra,SOLAPUR,2014,Kharif,Rice,400,100,0.25
Maharashtra,SOLAPUR,2014,Kharif,Sesamum,200,100,0.5
Maharashtra,SOLAPUR,2014,Kharif,Soyabean,6300,7400,1.174603175
Maharashtra,SOLAPUR,2014,Kharif,Sunflower,4500,2100,0.466666667
Maharashtra,SOLAPUR,2014,Rabi,Gram,39500,29600,0.749367089
Maharashtra,SOLAPUR,2014,Rabi,Jowar,622800,354100,0.568561336
Maharashtra,SOLAPUR,2014,Rabi,Linseed,200,,
Maharashtra,SOLAPUR,2014,Rabi,Maize,36100,105800,2.930747922
Maharashtra,SOLAPUR,2014,Rabi,Other  Rabi pulses,500,100,0.2
Maharashtra,SOLAPUR,2014,Rabi,Safflower,2100,1900,0.904761905
Maharashtra,SOLAPUR,2014,Rabi,Sunflower,16000,9900,0.61875
Maharashtra,SOLAPUR,2014,Rabi,Wheat,42200,54600,1.293838863
Maharashtra,SOLAPUR,2014,Summer,Groundnut,4000,5900,1.475
Maharashtra,SOLAPUR,2014,Summer,Maize,2200,3400,1.545454545
Maharashtra,SOLAPUR,2014,Whole Year,Sugarcane,205500,20049700,97.56545012
Maharashtra,THANE,1997,Kharif,Arhar/Tur,2500,1200,0.48
Maharashtra,THANE,1997,Kharif,Gram,3700,2200,0.594594595
Maharashtra,THANE,1997,Kharif,Pulses total,102,52,0.509803922
Maharashtra,THANE,1997,Kharif,Ragi,17200,13700,0.796511628
Maharashtra,THANE,1997,Kharif,Rice,146700,343300,2.340149966
Maharashtra,THANE,1997,Kharif,Total foodgrain,1901,3696,1.944239874
Maharashtra,THANE,1997,Kharif,Urad,4900,3000,0.612244898
Maharashtra,THANE,1997,Rabi,Other  Rabi pulses,500,21,0.042
Maharashtra,THANE,1997,Summer,Rice,29,86,2.965517241
Maharashtra,THANE,1998,Kharif,Arhar/Tur,3100,1400,0.451612903
Maharashtra,THANE,1998,Kharif,Groundnut,200,200,1
Maharashtra,THANE,1998,Kharif,Niger seed,2400,700,0.291666667
Maharashtra,THANE,1998,Kharif,Other Cereals & Millets,13000,8000,0.615384615
Maharashtra,THANE,1998,Kharif,Other Kharif pulses,3000,1100,0.366666667
Maharashtra,THANE,1998,Kharif,Ragi,17000,13800,0.811764706
Maharashtra,THANE,1998,Kharif,Rice,139500,266400,1.909677419
Maharashtra,THANE,1998,Kharif,Sesamum,1100,400,0.363636364
Maharashtra,THANE,1998,Kharif,Urad,4900,3900,0.795918367
Maharashtra,THANE,1998,Rabi,Gram,3800,2300,0.605263158
Maharashtra,THANE,1998,Rabi,Other  Rabi pulses,4900,2000,0.408163265
Maharashtra,THANE,1998,Rabi,Other Cereals & Millets,200,200,1
Maharashtra,THANE,1998,Rabi,Rapeseed &Mustard,400,100,0.25
Maharashtra,THANE,1998,Rabi,Sesamum,600,100,0.166666667
Maharashtra,THANE,1998,Rabi,Sunflower,100,100,1
Maharashtra,THANE,1998,Rabi,Wheat,100,100,1
Maharashtra,THANE,1998,Summer,Groundnut,100,200,2
Maharashtra,THANE,1998,Summer,Rice,2600,6400,2.461538462
Maharashtra,THANE,1999,Kharif,Arhar/Tur,2900,1500,0.517241379
Maharashtra,THANE,1999,Kharif,Groundnut,200,100,0.5
Maharashtra,THANE,1999,Kharif,Moong(Green Gram),900,400,0.444444444
Maharashtra,THANE,1999,Kharif,Niger seed,2400,900,0.375
Maharashtra,THANE,1999,Kharif,Other Kharif pulses,1400,400,0.285714286
Maharashtra,THANE,1999,Kharif,Ragi,17500,17000,0.971428571
Maharashtra,THANE,1999,Kharif,Rice,139200,295500,2.122844828
Maharashtra,THANE,1999,Kharif,Sesamum,1100,400,0.363636364
Maharashtra,THANE,1999,Kharif,Small millets,11300,7900,0.699115044
Maharashtra,THANE,1999,Kharif,Urad,4900,3600,0.734693878
Maharashtra,THANE,1999,Rabi,Gram,3800,2500,0.657894737
Maharashtra,THANE,1999,Rabi,Other  Rabi pulses,5200,2300,0.442307692
Maharashtra,THANE,1999,Rabi,Rapeseed &Mustard,200,100,0.5
Maharashtra,THANE,1999,Rabi,Sesamum,300,100,0.333333333
Maharashtra,THANE,1999,Rabi,Wheat,100,100,1
Maharashtra,THANE,1999,Summer,Groundnut,200,600,3
Maharashtra,THANE,1999,Summer,Rice,2600,6500,2.5
Maharashtra,THANE,2000,Kharif,Arhar/Tur,2900,1000,0.344827586
Maharashtra,THANE,2000,Kharif,Groundnut,200,100,0.5
Maharashtra,THANE,2000,Kharif,Moong(Green Gram),900,300,0.333333333
Maharashtra,THANE,2000,Kharif,Niger seed,2400,500,0.208333333
Maharashtra,THANE,2000,Kharif,Other Kharif pulses,1800,600,0.333333333
Maharashtra,THANE,2000,Kharif,Ragi,16900,7500,0.443786982
Maharashtra,THANE,2000,Kharif,Rice,139300,170200,1.221823403
Maharashtra,THANE,2000,Kharif,Sesamum,1100,200,0.181818182
Maharashtra,THANE,2000,Kharif,Small millets,12400,8800,0.709677419
Maharashtra,THANE,2000,Kharif,Urad,4900,3000,0.612244898
Maharashtra,THANE,2000,Rabi,Gram,3800,2000,0.526315789
Maharashtra,THANE,2000,Rabi,Other  Rabi pulses,4900,1800,0.367346939
Maharashtra,THANE,2000,Rabi,Rapeseed &Mustard,200,100,0.5
Maharashtra,THANE,2000,Rabi,Sesamum,300,100,0.333333333
Maharashtra,THANE,2000,Rabi,Wheat,100,100,1
Maharashtra,THANE,2000,Summer,Groundnut,200,400,2
Maharashtra,THANE,2000,Summer,Rice,2400,5100,2.125
Maharashtra,THANE,2001,Kharif,Arhar/Tur,2700,1200,0.444444444
Maharashtra,THANE,2001,Kharif,Groundnut,200,100,0.5
Maharashtra,THANE,2001,Kharif,Moong(Green Gram),800,500,0.625
Maharashtra,THANE,2001,Kharif,Niger seed,2000,700,0.35
Maharashtra,THANE,2001,Kharif,Other Kharif pulses,800,200,0.25
Maharashtra,THANE,2001,Kharif,Ragi,16400,13500,0.823170732
Maharashtra,THANE,2001,Kharif,Rice,138600,340000,2.453102453
Maharashtra,THANE,2001,Kharif,Sesamum,600,200,0.333333333
Maharashtra,THANE,2001,Kharif,Small millets,3400,2700,0.794117647
Maharashtra,THANE,2001,Kharif,Urad,5000,3800,0.76
Maharashtra,THANE,2001,Rabi,Gram,3800,1900,0.5
Maharashtra,THANE,2001,Rabi,Maize,100,200,2
Maharashtra,THANE,2001,Rabi,Other  Rabi pulses,6300,3100,0.492063492
Maharashtra,THANE,2001,Rabi,Rapeseed &Mustard,200,100,0.5
Maharashtra,THANE,2001,Rabi,Sesamum,300,100,0.333333333
Maharashtra,THANE,2001,Rabi,Small millets,200,100,0.5
Maharashtra,THANE,2001,Summer,Groundnut,200,400,2
Maharashtra,THANE,2001,Summer,Rice,2400,5100,2.125
Maharashtra,THANE,2002,Kharif,Arhar/Tur,2700,1400,0.518518519
Maharashtra,THANE,2002,Kharif,Groundnut,200,200,1
Maharashtra,THANE,2002,Kharif,Moong(Green Gram),800,500,0.625
Maharashtra,THANE,2002,Kharif,Niger seed,2000,600,0.3
Maharashtra,THANE,2002,Kharif,Other Kharif pulses,1200,300,0.25
Maharashtra,THANE,2002,Kharif,Ragi,16000,6500,0.40625
Maharashtra,THANE,2002,Kharif,Rice,138000,153800,1.114492754
Maharashtra,THANE,2002,Kharif,Sesamum,600,200,0.333333333
Maharashtra,THANE,2002,Kharif,Small millets,12300,5900,0.479674797
Maharashtra,THANE,2002,Kharif,Urad,4700,3500,0.744680851
Maharashtra,THANE,2002,Rabi,Gram,3500,2300,0.657142857
Maharashtra,THANE,2002,Rabi,Maize,100,100,1
Maharashtra,THANE,2002,Rabi,Other  Rabi pulses,4300,1800,0.418604651
Maharashtra,THANE,2002,Rabi,Rapeseed &Mustard,200,100,0.5
Maharashtra,THANE,2002,Rabi,Sesamum,300,100,0.333333333
Maharashtra,THANE,2002,Rabi,Small millets,200,200,1
Maharashtra,THANE,2002,Rabi,Wheat,100,100,1
Maharashtra,THANE,2002,Summer,Groundnut,200,700,3.5
Maharashtra,THANE,2002,Summer,Rice,2400,6000,2.5
Maharashtra,THANE,2003,Kharif,Arhar/Tur,2700,1300,0.481481481
Maharashtra,THANE,2003,Kharif,Groundnut,200,200,1
Maharashtra,THANE,2003,Kharif,Moong(Green Gram),800,600,0.75
Maharashtra,THANE,2003,Kharif,Niger seed,2000,800,0.4
Maharashtra,THANE,2003,Kharif,Other Kharif pulses,1400,600,0.428571429
Maharashtra,THANE,2003,Kharif,Ragi,16000,12400,0.775
Maharashtra,THANE,2003,Kharif,Rice,138500,391600,2.827436823
Maharashtra,THANE,2003,Kharif,Sesamum,600,200,0.333333333
Maharashtra,THANE,2003,Kharif,Small millets,12800,8400,0.65625
Maharashtra,THANE,2003,Kharif,Urad,4700,3500,0.744680851
Maharashtra,THANE,2003,Rabi,Gram,3700,2500,0.675675676
Maharashtra,THANE,2003,Rabi,Maize,100,200,2
Maharashtra,THANE,2003,Rabi,Other  Rabi pulses,5800,2700,0.465517241
Maharashtra,THANE,2003,Rabi,Rapeseed &Mustard,300,100,0.333333333
Maharashtra,THANE,2003,Rabi,Sesamum,300,100,0.333333333
Maharashtra,THANE,2003,Rabi,Small millets,300,300,1
Maharashtra,THANE,2003,Rabi,Wheat,100,100,1
Maharashtra,THANE,2003,Summer,Groundnut,200,300,1.5
Maharashtra,THANE,2003,Summer,Rice,2400,5900,2.458333333
Maharashtra,THANE,2003,Whole Year,Banana,500,11670,23.34
Maharashtra,THANE,2003,Whole Year,Mango,12233,14000,1.144445353
Maharashtra,THANE,2003,Whole Year,Tomato,358,1149,3.209497207
Maharashtra,THANE,2004,Kharif,Arhar/Tur,2700,1500,0.555555556
Maharashtra,THANE,2004,Kharif,Groundnut,200,200,1
Maharashtra,THANE,2004,Kharif,Moong(Green Gram),800,400,0.5
Maharashtra,THANE,2004,Kharif,Niger seed,2000,800,0.4
Maharashtra,THANE,2004,Kharif,Other Cereals & Millets,12200,6100,0.5
Maharashtra,THANE,2004,Kharif,Other Kharif pulses,1300,600,0.461538462
Maharashtra,THANE,2004,Kharif,Ragi,15900,16000,1.006289308
Maharashtra,THANE,2004,Kharif,Rice,138600,328800,2.372294372
Maharashtra,THANE,2004,Kharif,Sesamum,600,200,0.333333333
Maharashtra,THANE,2004,Kharif,Urad,4700,4600,0.978723404
Maharashtra,THANE,2004,Rabi,Gram,3800,2500,0.657894737
Maharashtra,THANE,2004,Rabi,Maize,100,100,1
Maharashtra,THANE,2004,Rabi,Other  Rabi pulses,5900,2700,0.457627119
Maharashtra,THANE,2004,Rabi,Other Cereals & Millets,300,100,0.333333333
Maharashtra,THANE,2004,Rabi,Rapeseed &Mustard,200,100,0.5
Maharashtra,THANE,2004,Rabi,Sesamum,300,100,0.333333333
Maharashtra,THANE,2004,Rabi,Wheat,100,100,1
Maharashtra,THANE,2004,Summer,Groundnut,200,300,1.5
Maharashtra,THANE,2004,Summer,Rice,2400,6600,2.75
Maharashtra,THANE,2005,Kharif,Arhar/Tur,3200,1900,0.59375
Maharashtra,THANE,2005,Kharif,Groundnut,300,200,0.666666667
Maharashtra,THANE,2005,Kharif,Moong(Green Gram),1200,600,0.5
Maharashtra,THANE,2005,Kharif,Niger seed,2100,600,0.285714286
Maharashtra,THANE,2005,Kharif,Ragi,15700,14300,0.910828025
Maharashtra,THANE,2005,Kharif,Rice,137000,304700,2.224087591
Maharashtra,THANE,2005,Kharif,Sesamum,700,200,0.285714286
Maharashtra,THANE,2005,Kharif,Urad,6000,5100,0.85
Maharashtra,THANE,2005,Rabi,Gram,4100,2700,0.658536585
Maharashtra,THANE,2005,Rabi,Rapeseed &Mustard,200,100,0.5
Maharashtra,THANE,2005,Rabi,Sesamum,400,100,0.25
Maharashtra,THANE,2005,Rabi,Wheat,200,200,1
Maharashtra,THANE,2005,Summer,Groundnut,200,400,2
Maharashtra,THANE,2005,Summer,Rice,2500,5900,2.36
Maharashtra,THANE,2006,Kharif,Arhar/Tur,2900,1800,0.620689655
Maharashtra,THANE,2006,Kharif,Groundnut,300,200,0.666666667
Maharashtra,THANE,2006,Kharif,Moong(Green Gram),900,500,0.555555556
Maharashtra,THANE,2006,Kharif,Niger seed,2000,500,0.25
Maharashtra,THANE,2006,Kharif,Ragi,15800,12700,0.803797468
Maharashtra,THANE,2006,Kharif,Rice,137600,252200,1.832848837
Maharashtra,THANE,2006,Kharif,Sesamum,600,200,0.333333333
Maharashtra,THANE,2006,Kharif,Urad,5000,4600,0.92
Maharashtra,THANE,2006,Rabi,Gram,4100,3000,0.731707317
Maharashtra,THANE,2006,Rabi,Maize,100,200,2
Maharashtra,THANE,2006,Rabi,Rapeseed &Mustard,200,100,0.5
Maharashtra,THANE,2006,Rabi,Sesamum,400,100,0.25
Maharashtra,THANE,2006,Rabi,Wheat,200,200,1
Maharashtra,THANE,2006,Summer,Groundnut,200,400,2
Maharashtra,THANE,2006,Summer,Rice,2600,5200,2
Maharashtra,THANE,2007,Kharif,Arhar/Tur,29,22,0.75862069
Maharashtra,THANE,2007,Kharif,Groundnut,3,3,1
Maharashtra,THANE,2007,Kharif,Moong(Green Gram),8,5,0.625
Maharashtra,THANE,2007,Kharif,Ragi,158,115,0.727848101
Maharashtra,THANE,2007,Kharif,Rice,1381,3033,2.196234613
Maharashtra,THANE,2007,Kharif,Sesamum,5,2,0.4
Maharashtra,THANE,2007,Kharif,Urad,47,27,0.574468085
Maharashtra,THANE,2007,Rabi,Gram,41,33,0.804878049
Maharashtra,THANE,2007,Rabi,Maize,1,3,3
Maharashtra,THANE,2007,Rabi,Rapeseed &Mustard,2,1,0.5
Maharashtra,THANE,2007,Rabi,Sesamum,5,1,0.2
Maharashtra,THANE,2007,Rabi,Wheat,2,2,1
Maharashtra,THANE,2007,Summer,Groundnut,1,2,2
Maharashtra,THANE,2008,Kharif,Arhar/Tur,3200,1800,0.5625
Maharashtra,THANE,2008,Kharif,Groundnut,300,200,0.666666667
Maharashtra,THANE,2008,Kharif,Moong(Green Gram),800,300,0.375
Maharashtra,THANE,2008,Kharif,Niger seed,1800,500,0.277777778
Maharashtra,THANE,2008,Kharif,Ragi,16000,13100,0.81875
Maharashtra,THANE,2008,Kharif,Rice,138000,297300,2.154347826
Maharashtra,THANE,2008,Kharif,Sesamum,600,200,0.333333333
Maharashtra,THANE,2008,Kharif,Urad,5400,4100,0.759259259
Maharashtra,THANE,2008,Rabi,Gram,4300,3000,0.697674419
Maharashtra,THANE,2008,Rabi,Maize,1,3,3
Maharashtra,THANE,2008,Rabi,Rapeseed &Mustard,200,100,0.5
Maharashtra,THANE,2008,Rabi,Sesamum,500,100,0.2
Maharashtra,THANE,2008,Rabi,Wheat,100,100,1
Maharashtra,THANE,2009,Kharif,Arhar/Tur,3500,2900,0.828571429
Maharashtra,THANE,2009,Kharif,Groundnut,200,200,1
Maharashtra,THANE,2009,Kharif,Moong(Green Gram),800,300,0.375
Maharashtra,THANE,2009,Kharif,Niger seed,2000,400,0.2
Maharashtra,THANE,2009,Kharif,Ragi,16100,9900,0.614906832
Maharashtra,THANE,2009,Kharif,Rice,136000,285000,2.095588235
Maharashtra,THANE,2009,Kharif,Sesamum,600,200,0.333333333
Maharashtra,THANE,2009,Kharif,Urad,5700,3400,0.596491228
Maharashtra,THANE,2009,Rabi,Gram,4400,2900,0.659090909
Maharashtra,THANE,2009,Rabi,Maize,100,300,3
Maharashtra,THANE,2009,Rabi,Rapeseed &Mustard,200,100,0.5
Maharashtra,THANE,2009,Rabi,Sesamum,400,100,0.25
Maharashtra,THANE,2009,Rabi,Wheat,100,100,1
Maharashtra,THANE,2010,Kharif,Arhar/Tur,3400,1600,0.470588235
Maharashtra,THANE,2010,Kharif,Groundnut,300,300,1
Maharashtra,THANE,2010,Kharif,Moong(Green Gram),800,600,0.75
Maharashtra,THANE,2010,Kharif,Niger seed,2300,300,0.130434783
Maharashtra,THANE,2010,Kharif,Ragi,15800,8000,0.506329114
Maharashtra,THANE,2010,Kharif,Rice,136000,275300,2.024264706
Maharashtra,THANE,2010,Kharif,Sesamum,600,300,0.5
Maharashtra,THANE,2010,Kharif,Urad,4100,2400,0.585365854
Maharashtra,THANE,2010,Rabi,Gram,4300,3700,0.860465116
Maharashtra,THANE,2010,Rabi,Maize,100,300,3
Maharashtra,THANE,2010,Rabi,Rapeseed &Mustard,200,100,0.5
Maharashtra,THANE,2010,Rabi,Wheat,100,200,2
Maharashtra,THANE,2011,Kharif,Arhar/Tur,3400,2100,0.617647059
Maharashtra,THANE,2011,Kharif,Moong(Green Gram),800,500,0.625
Maharashtra,THANE,2011,Kharif,Niger seed,2300,700,0.304347826
Maharashtra,THANE,2011,Kharif,Other Kharif pulses,1500,1300,0.866666667
Maharashtra,THANE,2011,Kharif,Ragi,16000,10400,0.65
Maharashtra,THANE,2011,Kharif,Rice,137500,337200,2.452363636
Maharashtra,THANE,2011,Kharif,Sesamum,700,400,0.571428571
Maharashtra,THANE,2011,Kharif,Urad,5400,4400,0.814814815
Maharashtra,THANE,2011,Rabi,Gram,4200,3700,0.880952381
Maharashtra,THANE,2011,Rabi,Maize,100,300,3
Maharashtra,THANE,2011,Rabi,Other  Rabi pulses,5100,3000,0.588235294
Maharashtra,THANE,2011,Rabi,Rapeseed &Mustard,200,100,0.5
Maharashtra,THANE,2011,Rabi,Sesamum,400,200,0.5
Maharashtra,THANE,2011,Rabi,Wheat,100,100,1
Maharashtra,THANE,2011,Summer,Rice,2900,6800,2.344827586
Maharashtra,THANE,2012,Kharif,Arhar/Tur,2700,400,0.148148148
Maharashtra,THANE,2012,Kharif,Moong(Green Gram),500,100,0.2
Maharashtra,THANE,2012,Kharif,Niger seed,2000,700,0.35
Maharashtra,THANE,2012,Kharif,Other Kharif pulses,200,200,1
Maharashtra,THANE,2012,Kharif,Ragi,14100,11100,0.787234043
Maharashtra,THANE,2012,Kharif,Rice,137500,356800,2.594909091
Maharashtra,THANE,2012,Kharif,Sesamum,700,300,0.428571429
Maharashtra,THANE,2012,Kharif,Urad,3500,2400,0.685714286
Maharashtra,THANE,2012,Rabi,Gram,2500,1700,0.68
Maharashtra,THANE,2012,Rabi,Other  Rabi pulses,5900,2500,0.423728814
Maharashtra,THANE,2012,Rabi,Rapeseed &Mustard,100,20,0.2
Maharashtra,THANE,2012,Summer,Groundnut,100,200,2
Maharashtra,THANE,2012,Summer,Rice,2100,6100,2.904761905
Maharashtra,THANE,2013,Kharif,Arhar/Tur,2800,1500,0.535714286
Maharashtra,THANE,2013,Kharif,Moong(Green Gram),500,700,1.4
Maharashtra,THANE,2013,Kharif,Niger seed,2000,700,0.35
Maharashtra,THANE,2013,Kharif,Other Kharif pulses,400,300,0.75
Maharashtra,THANE,2013,Kharif,Ragi,14100,11400,0.808510638
Maharashtra,THANE,2013,Kharif,Rice,137500,328000,2.385454545
Maharashtra,THANE,2013,Kharif,Sesamum,700,200,0.285714286
Maharashtra,THANE,2013,Kharif,Urad,3500,2300,0.657142857
Maharashtra,THANE,2013,Rabi,Gram,3300,3900,1.181818182
Maharashtra,THANE,2013,Rabi,Other  Rabi pulses,4800,1900,0.395833333
Maharashtra,THANE,2013,Summer,Rice,2100,6000,2.857142857
Maharashtra,THANE,2014,Kharif,Arhar/Tur,400,200,0.5
Maharashtra,THANE,2014,Kharif,Moong(Green Gram),100,,
Maharashtra,THANE,2014,Kharif,Niger seed,100,,
Maharashtra,THANE,2014,Kharif,Other Kharif pulses,100,100,1
Maharashtra,THANE,2014,Kharif,Ragi,2500,1700,0.68
Maharashtra,THANE,2014,Kharif,Rice,55200,132900,2.407608696
Maharashtra,THANE,2014,Rabi,Gram,3400,2900,0.852941176
Maharashtra,THANE,2014,Rabi,Other  Rabi pulses,2600,1800,0.692307692
Maharashtra,THANE,2014,Rabi,Sesamum,400,100,0.25
Maharashtra,THANE,2014,Summer,Rice,2800,7500,2.678571429
Maharashtra,WARDHA,1997,Kharif,Arhar/Tur,51100,16100,0.315068493
Maharashtra,WARDHA,1997,Kharif,Bajra,100,100,1
Maharashtra,WARDHA,1997,Kharif,Gram,18400,4300,0.233695652
Maharashtra,WARDHA,1997,Kharif,Jowar,61100,46300,0.757774141
Maharashtra,WARDHA,1997,Kharif,Maize,200,200,1
Maharashtra,WARDHA,1997,Kharif,Moong(Green Gram),1200,300,0.25
Maharashtra,WARDHA,1997,Kharif,Pulses total,556,175,0.314748201
Maharashtra,WARDHA,1997,Kharif,Rice,800,400,0.5
Maharashtra,WARDHA,1997,Kharif,Total foodgrain,1178,645,0.5475382
Maharashtra,WARDHA,1997,Kharif,Urad,600,100,0.166666667
Maharashtra,WARDHA,1997,Rabi,Jowar,2000,500,0.25
Maharashtra,WARDHA,1997,Rabi,Other  Rabi pulses,90,6,0.066666667
Maharashtra,WARDHA,1997,Rabi,Wheat,17200,5400,0.313953488
Maharashtra,WARDHA,1997,Whole Year,Cotton(lint),1401,62100,44.3254818
Maharashtra,WARDHA,1998,Kharif,Arhar/Tur,45800,44800,0.978165939
Maharashtra,WARDHA,1998,Kharif,Bajra,100,100,1
Maharashtra,WARDHA,1998,Kharif,Castor seed,100,,
Maharashtra,WARDHA,1998,Kharif,Cotton(lint),132200,100300,0.758698941
Maharashtra,WARDHA,1998,Kharif,Groundnut,5200,4400,0.846153846
Maharashtra,WARDHA,1998,Kharif,Jowar,54100,58200,1.075785582
Maharashtra,WARDHA,1998,Kharif,Maize,100,200,2
Maharashtra,WARDHA,1998,Kharif,Moong(Green Gram),1300,900,0.692307692
Maharashtra,WARDHA,1998,Kharif,Other Cereals & Millets,200,100,0.5
Maharashtra,WARDHA,1998,Kharif,Other Kharif pulses,3500,1400,0.4
Maharashtra,WARDHA,1998,Kharif,Rice,500,500,1
Maharashtra,WARDHA,1998,Kharif,Sesamum,800,300,0.375
Maharashtra,WARDHA,1998,Kharif,Soyabean,131600,132300,1.005319149
Maharashtra,WARDHA,1998,Kharif,Sugarcane,2800,229800,82.07142857
Maharashtra,WARDHA,1998,Kharif,Urad,500,200,0.4
Maharashtra,WARDHA,1998,Rabi,Gram,19500,9200,0.471794872
Maharashtra,WARDHA,1998,Rabi,Jowar,2000,700,0.35
Maharashtra,WARDHA,1998,Rabi,Linseed,2700,800,0.296296296
Maharashtra,WARDHA,1998,Rabi,Maize,300,400,1.333333333
Maharashtra,WARDHA,1998,Rabi,Other  Rabi pulses,500,200,0.4
Maharashtra,WARDHA,1998,Rabi,Rapeseed &Mustard,300,100,0.333333333
Maharashtra,WARDHA,1998,Rabi,Safflower,200,100,0.5
Maharashtra,WARDHA,1998,Rabi,Sesamum,800,100,0.125
Maharashtra,WARDHA,1998,Rabi,Sunflower,600,300,0.5
Maharashtra,WARDHA,1998,Rabi,Wheat,19100,20700,1.083769634
Maharashtra,WARDHA,1998,Summer,Groundnut,1200,1300,1.083333333
Maharashtra,WARDHA,1999,Kharif,Arhar/Tur,48800,44800,0.918032787
Maharashtra,WARDHA,1999,Kharif,Bajra,100,100,1
Maharashtra,WARDHA,1999,Kharif,Castor seed,200,100,0.5
Maharashtra,WARDHA,1999,Kharif,Cotton(lint),133900,175100,1.307692308
Maharashtra,WARDHA,1999,Kharif,Groundnut,4900,3300,0.673469388
Maharashtra,WARDHA,1999,Kharif,Jowar,48500,38500,0.793814433
Maharashtra,WARDHA,1999,Kharif,Moong(Green Gram),1300,500,0.384615385
Maharashtra,WARDHA,1999,Kharif,Other Kharif pulses,1200,300,0.25
Maharashtra,WARDHA,1999,Kharif,Rice,500,300,0.6
Maharashtra,WARDHA,1999,Kharif,Sesamum,800,300,0.375
Maharashtra,WARDHA,1999,Kharif,Small millets,200,100,0.5
Maharashtra,WARDHA,1999,Kharif,Soyabean,138500,194900,1.407220217
Maharashtra,WARDHA,1999,Kharif,Sunflower,100,100,1
Maharashtra,WARDHA,1999,Kharif,Urad,500,200,0.4
Maharashtra,WARDHA,1999,Rabi,Gram,21100,11200,0.530805687
Maharashtra,WARDHA,1999,Rabi,Jowar,2100,900,0.428571429
Maharashtra,WARDHA,1999,Rabi,Linseed,1900,600,0.315789474
Maharashtra,WARDHA,1999,Rabi,Maize,200,200,1
Maharashtra,WARDHA,1999,Rabi,Other  Rabi pulses,700,300,0.428571429
Maharashtra,WARDHA,1999,Rabi,Rapeseed &Mustard,400,100,0.25
Maharashtra,WARDHA,1999,Rabi,Safflower,100,100,1
Maharashtra,WARDHA,1999,Rabi,Sesamum,400,100,0.25
Maharashtra,WARDHA,1999,Rabi,Sunflower,600,300,0.5
Maharashtra,WARDHA,1999,Rabi,Wheat,21000,25500,1.214285714
Maharashtra,WARDHA,1999,Summer,Groundnut,1400,1700,1.214285714
Maharashtra,WARDHA,1999,Whole Year,Sugarcane,2700,232700,86.18518519
Maharashtra,WARDHA,2000,Kharif,Arhar/Tur,51900,57000,1.098265896
Maharashtra,WARDHA,2000,Kharif,Castor seed,200,100,0.5
Maharashtra,WARDHA,2000,Kharif,Cotton(lint),140400,159400,1.135327635
Maharashtra,WARDHA,2000,Kharif,Groundnut,3900,2800,0.717948718
Maharashtra,WARDHA,2000,Kharif,Jowar,43100,43900,1.018561485
Maharashtra,WARDHA,2000,Kharif,Moong(Green Gram),1300,400,0.307692308
Maharashtra,WARDHA,2000,Kharif,Other Kharif pulses,2300,800,0.347826087
Maharashtra,WARDHA,2000,Kharif,Rice,600,300,0.5
Maharashtra,WARDHA,2000,Kharif,Sesamum,800,100,0.125
Maharashtra,WARDHA,2000,Kharif,Small millets,300,200,0.666666667
Maharashtra,WARDHA,2000,Kharif,Soyabean,135400,160000,1.1816839
Maharashtra,WARDHA,2000,Kharif,Urad,500,200,0.4
Maharashtra,WARDHA,2000,Rabi,Gram,16600,9000,0.542168675
Maharashtra,WARDHA,2000,Rabi,Jowar,1800,500,0.277777778
Maharashtra,WARDHA,2000,Rabi,Linseed,600,200,0.333333333
Maharashtra,WARDHA,2000,Rabi,Maize,100,100,1
Maharashtra,WARDHA,2000,Rabi,Other  Rabi pulses,300,100,0.333333333
Maharashtra,WARDHA,2000,Rabi,Rapeseed &Mustard,100,10,0.1
Maharashtra,WARDHA,2000,Rabi,Safflower,100,100,1
Maharashtra,WARDHA,2000,Rabi,Sesamum,100,100,1
Maharashtra,WARDHA,2000,Rabi,Sunflower,200,100,0.5
Maharashtra,WARDHA,2000,Rabi,Wheat,19300,22500,1.165803109
Maharashtra,WARDHA,2000,Summer,Groundnut,400,1200,3
Maharashtra,WARDHA,2000,Whole Year,Sugarcane,3500,233900,66.82857143
Maharashtra,WARDHA,2001,Kharif,Arhar/Tur,56100,65800,1.172905526
Maharashtra,WARDHA,2001,Kharif,Castor seed,300,200,0.666666667
Maharashtra,WARDHA,2001,Kharif,Cotton(lint),150000,136200,0.908
Maharashtra,WARDHA,2001,Kharif,Groundnut,2400,1700,0.708333333
Maharashtra,WARDHA,2001,Kharif,Jowar,36100,34900,0.966759003
Maharashtra,WARDHA,2001,Kharif,Moong(Green Gram),1000,500,0.5
Maharashtra,WARDHA,2001,Kharif,Other Kharif pulses,1100,300,0.272727273
Maharashtra,WARDHA,2001,Kharif,Rice,500,300,0.6
Maharashtra,WARDHA,2001,Kharif,Sesamum,700,200,0.285714286
Maharashtra,WARDHA,2001,Kharif,Small millets,200,100,0.5
Maharashtra,WARDHA,2001,Kharif,Soyabean,128600,166800,1.297045101
Maharashtra,WARDHA,2001,Kharif,Urad,500,300,0.6
Maharashtra,WARDHA,2001,Rabi,Gram,19700,12300,0.624365482
Maharashtra,WARDHA,2001,Rabi,Jowar,1700,800,0.470588235
Maharashtra,WARDHA,2001,Rabi,Linseed,400,100,0.25
Maharashtra,WARDHA,2001,Rabi,Maize,100,200,2
Maharashtra,WARDHA,2001,Rabi,Other  Rabi pulses,400,100,0.25
Maharashtra,WARDHA,2001,Rabi,Rapeseed &Mustard,100,10,0.1
Maharashtra,WARDHA,2001,Rabi,Sesamum,100,10,0.1
Maharashtra,WARDHA,2001,Rabi,Sunflower,100,100,1
Maharashtra,WARDHA,2001,Rabi,Wheat,18900,24700,1.306878307
Maharashtra,WARDHA,2001,Summer,Groundnut,400,400,1
Maharashtra,WARDHA,2001,Whole Year,Sugarcane,3200,191400,59.8125
Maharashtra,WARDHA,2002,Kharif,Arhar/Tur,54200,80000,1.47601476
Maharashtra,WARDHA,2002,Kharif,Castor seed,100,10,0.1
Maharashtra,WARDHA,2002,Kharif,Cotton(lint),136200,129300,0.949339207
Maharashtra,WARDHA,2002,Kharif,Groundnut,1800,1200,0.666666667
Maharashtra,WARDHA,2002,Kharif,Jowar,34500,31700,0.91884058
Maharashtra,WARDHA,2002,Kharif,Moong(Green Gram),1000,400,0.4
Maharashtra,WARDHA,2002,Kharif,Other Kharif pulses,800,200,0.25
Maharashtra,WARDHA,2002,Kharif,Rice,500,300,0.6
Maharashtra,WARDHA,2002,Kharif,Sesamum,800,100,0.125
Maharashtra,WARDHA,2002,Kharif,Soyabean,159800,169200,1.058823529
Maharashtra,WARDHA,2002,Kharif,Urad,800,200,0.25
Maharashtra,WARDHA,2002,Rabi,Gram,25200,12000,0.476190476
Maharashtra,WARDHA,2002,Rabi,Jowar,700,200,0.285714286
Maharashtra,WARDHA,2002,Rabi,Linseed,300,100,0.333333333
Maharashtra,WARDHA,2002,Rabi,Other  Rabi pulses,300,100,0.333333333
Maharashtra,WARDHA,2002,Rabi,Rapeseed &Mustard,100,10,0.1
Maharashtra,WARDHA,2002,Rabi,Sesamum,100,10,0.1
Maharashtra,WARDHA,2002,Rabi,Wheat,19900,24100,1.211055276
Maharashtra,WARDHA,2002,Summer,Groundnut,400,800,2
Maharashtra,WARDHA,2002,Whole Year,Sugarcane,3900,232000,59.48717949
Maharashtra,WARDHA,2003,Kharif,Arhar/Tur,52600,73700,1.401140684
Maharashtra,WARDHA,2003,Kharif,Cotton(lint),111300,149900,1.346810422
Maharashtra,WARDHA,2003,Kharif,Groundnut,1500,1200,0.8
Maharashtra,WARDHA,2003,Kharif,Jowar,29800,29300,0.983221477
Maharashtra,WARDHA,2003,Kharif,Moong(Green Gram),1100,600,0.545454545
Maharashtra,WARDHA,2003,Kharif,Other Kharif pulses,800,200,0.25
Maharashtra,WARDHA,2003,Kharif,other oilseeds,100,0,0
Maharashtra,WARDHA,2003,Kharif,Rice,300,200,0.666666667
Maharashtra,WARDHA,2003,Kharif,Sesamum,600,100,0.166666667
Maharashtra,WARDHA,2003,Kharif,Small millets,100,0,0
Maharashtra,WARDHA,2003,Kharif,Soyabean,173800,253900,1.460874568
Maharashtra,WARDHA,2003,Kharif,Urad,800,400,0.5
Maharashtra,WARDHA,2003,Rabi,Gram,31000,19600,0.632258065
Maharashtra,WARDHA,2003,Rabi,Jowar,500,200,0.4
Maharashtra,WARDHA,2003,Rabi,Linseed,200,100,0.5
Maharashtra,WARDHA,2003,Rabi,Other  Rabi pulses,300,100,0.333333333
Maharashtra,WARDHA,2003,Rabi,Rapeseed &Mustard,100,0,0
Maharashtra,WARDHA,2003,Rabi,Wheat,20700,25000,1.207729469
Maharashtra,WARDHA,2003,Summer,Groundnut,600,700,1.166666667
Maharashtra,WARDHA,2003,Whole Year,Banana,100,5570,55.7
Maharashtra,WARDHA,2003,Whole Year,Grapes,11,295,26.81818182
Maharashtra,WARDHA,2003,Whole Year,Mango,1258,2330,1.852146264
Maharashtra,WARDHA,2003,Whole Year,Onion,293,3654,12.47098976
Maharashtra,WARDHA,2003,Whole Year,Sugarcane,2900,171700,59.20689655
Maharashtra,WARDHA,2003,Whole Year,Tomato,536,1706,3.182835821
Maharashtra,WARDHA,2004,Kharif,Arhar/Tur,52500,44100,0.84
Maharashtra,WARDHA,2004,Kharif,Groundnut,1500,900,0.6
Maharashtra,WARDHA,2004,Kharif,Jowar,25200,22600,0.896825397
Maharashtra,WARDHA,2004,Kharif,Moong(Green Gram),900,500,0.555555556
Maharashtra,WARDHA,2004,Kharif,Other Kharif pulses,300,100,0.333333333
Maharashtra,WARDHA,2004,Kharif,other oilseeds,100,,
Maharashtra,WARDHA,2004,Kharif,Rice,200,200,1
Maharashtra,WARDHA,2004,Kharif,Sesamum,500,100,0.2
Maharashtra,WARDHA,2004,Kharif,Urad,600,200,0.333333333
Maharashtra,WARDHA,2004,Rabi,Gram,21300,11000,0.516431925
Maharashtra,WARDHA,2004,Rabi,Jowar,600,200,0.333333333
Maharashtra,WARDHA,2004,Rabi,Linseed,100,100,1
Maharashtra,WARDHA,2004,Rabi,Other  Rabi pulses,200,100,0.5
Maharashtra,WARDHA,2004,Rabi,Rapeseed &Mustard,100,0,0
Maharashtra,WARDHA,2004,Rabi,Soyabean,195500,202000,1.033248082
Maharashtra,WARDHA,2004,Rabi,Sunflower,200,100,0.5
Maharashtra,WARDHA,2004,Rabi,Wheat,15500,18100,1.167741935
Maharashtra,WARDHA,2004,Summer,Groundnut,1100,1400,1.272727273
Maharashtra,WARDHA,2004,Whole Year,Cotton(lint),99800,128800,1.290581162
Maharashtra,WARDHA,2004,Whole Year,Sugarcane,1600,72000,45
Maharashtra,WARDHA,2005,Kharif,Arhar/Tur,52400,53100,1.013358779
Maharashtra,WARDHA,2005,Kharif,Castor seed,100,100,1
Maharashtra,WARDHA,2005,Kharif,Cotton(lint),80100,87700,1.094881398
Maharashtra,WARDHA,2005,Kharif,Groundnut,1400,1200,0.857142857
Maharashtra,WARDHA,2005,Kharif,Moong(Green Gram),600,200,0.333333333
Maharashtra,WARDHA,2005,Kharif,Rice,200,200,1
Maharashtra,WARDHA,2005,Kharif,Sesamum,400,100,0.25
Maharashtra,WARDHA,2005,Kharif,Soyabean,214700,233900,1.089427108
Maharashtra,WARDHA,2005,Kharif,Sugarcane,1600,88500,55.3125
Maharashtra,WARDHA,2005,Kharif,Urad,300,300,1
Maharashtra,WARDHA,2005,Rabi,Gram,25900,13800,0.532818533
Maharashtra,WARDHA,2005,Rabi,Linseed,100,100,1
Maharashtra,WARDHA,2005,Rabi,Rapeseed &Mustard,100,100,1
Maharashtra,WARDHA,2005,Rabi,Sunflower,1000,600,0.6
Maharashtra,WARDHA,2005,Rabi,Wheat,19000,24000,1.263157895
Maharashtra,WARDHA,2005,Summer,Groundnut,1900,2200,1.157894737
Maharashtra,WARDHA,2006,Kharif,Arhar/Tur,60100,34100,0.567387687
Maharashtra,WARDHA,2006,Kharif,Castor seed,100,40,0.4
Maharashtra,WARDHA,2006,Kharif,Cotton(lint),83900,111900,1.333730632
Maharashtra,WARDHA,2006,Kharif,Groundnut,1600,1700,1.0625
Maharashtra,WARDHA,2006,Kharif,Jowar,15600,13300,0.852564103
Maharashtra,WARDHA,2006,Kharif,Maize,100,200,2
Maharashtra,WARDHA,2006,Kharif,Moong(Green Gram),600,500,0.833333333
Maharashtra,WARDHA,2006,Kharif,Rice,100,100,1
Maharashtra,WARDHA,2006,Kharif,Sesamum,400,100,0.25
Maharashtra,WARDHA,2006,Kharif,Soyabean,230500,277800,1.205206074
Maharashtra,WARDHA,2006,Kharif,Urad,300,100,0.333333333
Maharashtra,WARDHA,2006,Rabi,Gram,30900,16900,0.546925566
Maharashtra,WARDHA,2006,Rabi,Jowar,500,200,0.4
Maharashtra,WARDHA,2006,Rabi,Linseed,100,100,1
Maharashtra,WARDHA,2006,Rabi,Rapeseed &Mustard,100,40,0.4
Maharashtra,WARDHA,2006,Rabi,Sunflower,1200,700,0.583333333
Maharashtra,WARDHA,2006,Rabi,Wheat,25300,37500,1.482213439
Maharashtra,WARDHA,2006,Summer,Groundnut,2100,2700,1.285714286
Maharashtra,WARDHA,2007,Kharif,Arhar/Tur,672,692,1.029761905
Maharashtra,WARDHA,2007,Kharif,Castor seed,4,1,0.25
Maharashtra,WARDHA,2007,Kharif,Cotton(lint),807,1551,1.921933086
Maharashtra,WARDHA,2007,Kharif,Groundnut,11,8,0.727272727
Maharashtra,WARDHA,2007,Kharif,Jowar,104,78,0.75
Maharashtra,WARDHA,2007,Kharif,Maize,1,3,3
Maharashtra,WARDHA,2007,Kharif,Moong(Green Gram),6,3,0.5
Maharashtra,WARDHA,2007,Kharif,Rice,1,1,1
Maharashtra,WARDHA,2007,Kharif,Sesamum,2,1,0.5
Maharashtra,WARDHA,2007,Kharif,Soyabean,2292,3053,1.332024433
Maharashtra,WARDHA,2007,Kharif,Urad,3,1,0.333333333
Maharashtra,WARDHA,2007,Rabi,Gram,382,272,0.712041885
Maharashtra,WARDHA,2007,Rabi,Jowar,6,3,0.5
Maharashtra,WARDHA,2007,Rabi,Linseed,1,1,1
Maharashtra,WARDHA,2007,Rabi,Rapeseed &Mustard,1,1,1
Maharashtra,WARDHA,2007,Rabi,Sunflower,10,8,0.8
Maharashtra,WARDHA,2007,Summer,Groundnut,27,41,1.518518519
Maharashtra,WARDHA,2007,Whole Year,Sugarcane,55,3192,58.03636364
Maharashtra,WARDHA,2008,Kharif,Arhar/Tur,62900,40200,0.639109698
Maharashtra,WARDHA,2008,Kharif,Castor seed,200,100,0.5
Maharashtra,WARDHA,2008,Kharif,Cotton(lint),68500,83800,1.223357664
Maharashtra,WARDHA,2008,Kharif,Groundnut,600,400,0.666666667
Maharashtra,WARDHA,2008,Kharif,Jowar,4300,1500,0.348837209
Maharashtra,WARDHA,2008,Kharif,Maize,100,200,2
Maharashtra,WARDHA,2008,Kharif,Moong(Green Gram),500,200,0.4
Maharashtra,WARDHA,2008,Kharif,Sesamum,100,100,1
Maharashtra,WARDHA,2008,Kharif,Soyabean,249900,146100,0.584633854
Maharashtra,WARDHA,2008,Kharif,Sugarcane,1900,72300,38.05263158
Maharashtra,WARDHA,2008,Kharif,Urad,200,100,0.5
Maharashtra,WARDHA,2008,Rabi,Gram,16800,9000,0.535714286
Maharashtra,WARDHA,2008,Rabi,Jowar,300,100,0.333333333
Maharashtra,WARDHA,2008,Rabi,Sunflower,200,100,0.5
Maharashtra,WARDHA,2008,Rabi,Wheat,19200,25000,1.302083333
Maharashtra,WARDHA,2008,Whole Year,Sugarcane,1900,72300,38.05263158
Maharashtra,WARDHA,2009,Kharif,Arhar/Tur,63300,21100,0.333333333
Maharashtra,WARDHA,2009,Kharif,Castor seed,100,25,0.25
Maharashtra,WARDHA,2009,Kharif,Cotton(lint),145400,198900,1.367950481
Maharashtra,WARDHA,2009,Kharif,Groundnut,200,100,0.5
Maharashtra,WARDHA,2009,Kharif,Jowar,3700,1700,0.459459459
Maharashtra,WARDHA,2009,Kharif,Moong(Green Gram),300,200,0.666666667
Maharashtra,WARDHA,2009,Kharif,Sesamum,100,30,0.3
Maharashtra,WARDHA,2009,Kharif,Soyabean,178900,104000,0.581330352
Maharashtra,WARDHA,2009,Kharif,Sugarcane,1800,148600,82.55555556
Maharashtra,WARDHA,2009,Kharif,Urad,100,100,1
Maharashtra,WARDHA,2009,Rabi,Gram,26600,14200,0.533834586
Maharashtra,WARDHA,2009,Rabi,Jowar,1300,700,0.538461538
Maharashtra,WARDHA,2009,Rabi,Linseed,100,26,0.26
Maharashtra,WARDHA,2009,Rabi,Wheat,23500,32400,1.378723404
Maharashtra,WARDHA,2010,Kharif,Arhar/Tur,71500,76600,1.071328671
Maharashtra,WARDHA,2010,Kharif,Cotton(lint),190600,263000,1.379853095
Maharashtra,WARDHA,2010,Kharif,Groundnut,200,100,0.5
Maharashtra,WARDHA,2010,Kharif,Jowar,3100,1500,0.483870968
Maharashtra,WARDHA,2010,Kharif,Moong(Green Gram),200,100,0.5
Maharashtra,WARDHA,2010,Kharif,Soyabean,137800,151600,1.100145138
Maharashtra,WARDHA,2010,Kharif,Sugarcane,2000,136800,68.4
Maharashtra,WARDHA,2010,Kharif,Urad,100,80,0.8
Maharashtra,WARDHA,2010,Rabi,Gram,27600,21200,0.768115942
Maharashtra,WARDHA,2010,Rabi,Jowar,1200,700,0.583333333
Maharashtra,WARDHA,2010,Rabi,Linseed,100,28,0.28
Maharashtra,WARDHA,2010,Rabi,Sunflower,100,100,1
Maharashtra,WARDHA,2010,Rabi,Wheat,29500,49000,1.661016949
Maharashtra,WARDHA,2011,Kharif,Arhar/Tur,68900,67600,0.981132075
Maharashtra,WARDHA,2011,Kharif,Cotton(lint),178400,336700,1.887331839
Maharashtra,WARDHA,2011,Kharif,Groundnut,200,200,1
Maharashtra,WARDHA,2011,Kharif,Jowar,3200,2300,0.71875
Maharashtra,WARDHA,2011,Kharif,Maize,100,100,1
Maharashtra,WARDHA,2011,Kharif,Moong(Green Gram),400,100,0.25
Maharashtra,WARDHA,2011,Kharif,Other Kharif pulses,100,30,0.3
Maharashtra,WARDHA,2011,Kharif,Sesamum,200,100,0.5
Maharashtra,WARDHA,2011,Kharif,Soyabean,173000,150600,0.870520231
Maharashtra,WARDHA,2011,Kharif,Urad,200,100,0.5
Maharashtra,WARDHA,2011,Rabi,Gram,28000,19900,0.710714286
Maharashtra,WARDHA,2011,Rabi,Jowar,600,300,0.5
Maharashtra,WARDHA,2011,Rabi,Other  Rabi pulses,200,100,0.5
Maharashtra,WARDHA,2011,Rabi,Rapeseed &Mustard,100,40,0.4
Maharashtra,WARDHA,2011,Rabi,Wheat,23100,34400,1.489177489
Maharashtra,WARDHA,2011,Summer,Groundnut,2600,3700,1.423076923
Maharashtra,WARDHA,2011,Whole Year,Sugarcane,3700,244300,66.02702703
Maharashtra,WARDHA,2012,Kharif,Arhar/Tur,66500,79300,1.192481203
Maharashtra,WARDHA,2012,Kharif,Cotton(lint),172400,324900,1.884570766
Maharashtra,WARDHA,2012,Kharif,Groundnut,200,100,0.5
Maharashtra,WARDHA,2012,Kharif,Jowar,4000,3500,0.875
Maharashtra,WARDHA,2012,Kharif,Moong(Green Gram),200,100,0.5
Maharashtra,WARDHA,2012,Kharif,Soyabean,176700,188700,1.067911715
Maharashtra,WARDHA,2012,Kharif,Urad,400,300,0.75
Maharashtra,WARDHA,2012,Rabi,Gram,30000,27800,0.926666667
Maharashtra,WARDHA,2012,Rabi,Jowar,800,800,1
Maharashtra,WARDHA,2012,Rabi,Wheat,23700,36000,1.518987342
Maharashtra,WARDHA,2012,Summer,Groundnut,2600,3800,1.461538462
Maharashtra,WARDHA,2012,Whole Year,Sugarcane,2100,180200,85.80952381
Maharashtra,WARDHA,2013,Kharif,Arhar/Tur,70600,47600,0.674220963
Maharashtra,WARDHA,2013,Kharif,Cotton(lint),176900,254500,1.438665913
Maharashtra,WARDHA,2013,Kharif,Groundnut,200,70,0.35
Maharashtra,WARDHA,2013,Kharif,Jowar,3000,700,0.233333333
Maharashtra,WARDHA,2013,Kharif,Moong(Green Gram),200,100,0.5
Maharashtra,WARDHA,2013,Kharif,Soyabean,185600,121700,0.655711207
Maharashtra,WARDHA,2013,Kharif,Urad,300,100,0.333333333
Maharashtra,WARDHA,2013,Rabi,Gram,36400,27500,0.755494505
Maharashtra,WARDHA,2013,Rabi,Jowar,3500,2200,0.628571429
Maharashtra,WARDHA,2013,Rabi,Wheat,25700,33700,1.311284047
Maharashtra,WARDHA,2013,Summer,Groundnut,3600,5510,1.530555556
Maharashtra,WARDHA,2013,Summer,Maize,500,500,1
Maharashtra,WARDHA,2013,Whole Year,Sugarcane,3200,187500,58.59375
Maharashtra,WARDHA,2014,Kharif,Arhar/Tur,72800,19200,0.263736264
Maharashtra,WARDHA,2014,Kharif,Cotton(lint),207700,184600,0.888781897
Maharashtra,WARDHA,2014,Kharif,Groundnut,200,100,0.5
Maharashtra,WARDHA,2014,Kharif,Jowar,4000,1700,0.425
Maharashtra,WARDHA,2014,Kharif,Moong(Green Gram),100,,
Maharashtra,WARDHA,2014,Kharif,Soyabean,154200,67100,0.435149157
Maharashtra,WARDHA,2014,Rabi,Gram,31000,24400,0.787096774
Maharashtra,WARDHA,2014,Rabi,Jowar,2400,1100,0.458333333
Maharashtra,WARDHA,2014,Rabi,Safflower,100,,
Maharashtra,WARDHA,2014,Rabi,Wheat,13700,19900,1.452554745
Maharashtra,WARDHA,2014,Summer,Groundnut,5900,10200,1.728813559
Maharashtra,WARDHA,2014,Summer,Maize,1000,1000,1
Maharashtra,WARDHA,2014,Whole Year,Sugarcane,3100,201800,65.09677419
Maharashtra,WASHIM,1999,Kharif,Arhar/Tur,38100,46800,1.228346457
Maharashtra,WASHIM,1999,Kharif,Bajra,2700,1400,0.518518519
Maharashtra,WASHIM,1999,Kharif,Cotton(lint),119900,106700,0.889908257
Maharashtra,WASHIM,1999,Kharif,Groundnut,400,300,0.75
Maharashtra,WASHIM,1999,Kharif,Jowar,71600,96100,1.342178771
Maharashtra,WASHIM,1999,Kharif,Maize,100,100,1
Maharashtra,WASHIM,1999,Kharif,Moong(Green Gram),50700,25000,0.493096647
Maharashtra,WASHIM,1999,Kharif,Niger seed,100,0,0
Maharashtra,WASHIM,1999,Kharif,Other Kharif pulses,700,300,0.428571429
Maharashtra,WASHIM,1999,Kharif,Rice,1900,1200,0.631578947
Maharashtra,WASHIM,1999,Kharif,Sesamum,2400,2100,0.875
Maharashtra,WASHIM,1999,Kharif,Soyabean,76900,187900,2.44343303
Maharashtra,WASHIM,1999,Kharif,Sunflower,500,200,0.4
Maharashtra,WASHIM,1999,Kharif,Urad,59300,29900,0.504215852
Maharashtra,WASHIM,1999,Rabi,Gram,22500,16500,0.733333333
Maharashtra,WASHIM,1999,Rabi,Jowar,1600,1000,0.625
Maharashtra,WASHIM,1999,Rabi,Other  Rabi pulses,100,0,0
Maharashtra,WASHIM,1999,Rabi,Safflower,13500,8000,0.592592593
Maharashtra,WASHIM,1999,Rabi,Sesamum,100,0,0
Maharashtra,WASHIM,1999,Rabi,Sunflower,7700,4500,0.584415584
Maharashtra,WASHIM,1999,Rabi,Wheat,17600,19300,1.096590909
Maharashtra,WASHIM,1999,Summer,Groundnut,700,800,1.142857143
Maharashtra,WASHIM,1999,Whole Year,Sugarcane,1800,168300,93.5
Maharashtra,WASHIM,2000,Kharif,Arhar/Tur,41700,34300,0.822541966
Maharashtra,WASHIM,2000,Kharif,Bajra,2500,1500,0.6
Maharashtra,WASHIM,2000,Kharif,Castor seed,100,10,0.1
Maharashtra,WASHIM,2000,Kharif,Cotton(lint),105700,53500,0.50614948
Maharashtra,WASHIM,2000,Kharif,Groundnut,400,200,0.5
Maharashtra,WASHIM,2000,Kharif,Jowar,66800,79900,1.196107784
Maharashtra,WASHIM,2000,Kharif,Maize,100,100,1
Maharashtra,WASHIM,2000,Kharif,Moong(Green Gram),50900,18600,0.365422397
Maharashtra,WASHIM,2000,Kharif,Niger seed,100,100,1
Maharashtra,WASHIM,2000,Kharif,Other Kharif pulses,11500,4100,0.356521739
Maharashtra,WASHIM,2000,Kharif,Rice,2000,800,0.4
Maharashtra,WASHIM,2000,Kharif,Sesamum,2400,600,0.25
Maharashtra,WASHIM,2000,Kharif,Small millets,700,400,0.571428571
Maharashtra,WASHIM,2000,Kharif,Soyabean,81900,86900,1.061050061
Maharashtra,WASHIM,2000,Kharif,Sunflower,400,200,0.5
Maharashtra,WASHIM,2000,Kharif,Urad,61000,26800,0.439344262
Maharashtra,WASHIM,2000,Rabi,Gram,17700,7300,0.412429379
Maharashtra,WASHIM,2000,Rabi,Jowar,1500,1000,0.666666667
Maharashtra,WASHIM,2000,Rabi,Safflower,7300,2100,0.287671233
Maharashtra,WASHIM,2000,Rabi,Sunflower,5400,3000,0.555555556
Maharashtra,WASHIM,2000,Rabi,Wheat,12800,12400,0.96875
Maharashtra,WASHIM,2000,Summer,Groundnut,500,300,0.6
Maharashtra,WASHIM,2000,Summer,Sunflower,100,100,1
Maharashtra,WASHIM,2000,Whole Year,Sugarcane,2800,186900,66.75
Maharashtra,WASHIM,2001,Kharif,Arhar/Tur,40100,31700,0.790523691
Maharashtra,WASHIM,2001,Kharif,Bajra,2300,800,0.347826087
Maharashtra,WASHIM,2001,Kharif,Castor seed,100,10,0.1
Maharashtra,WASHIM,2001,Kharif,Cotton(lint),98200,88400,0.900203666
Maharashtra,WASHIM,2001,Kharif,Groundnut,200,200,1
Maharashtra,WASHIM,2001,Kharif,Jowar,66300,80800,1.218702866
Maharashtra,WASHIM,2001,Kharif,Maize,100,300,3
Maharashtra,WASHIM,2001,Kharif,Moong(Green Gram),49900,34200,0.685370741
Maharashtra,WASHIM,2001,Kharif,Other Kharif pulses,5400,1400,0.259259259
Maharashtra,WASHIM,2001,Kharif,Rice,1300,1300,1
Maharashtra,WASHIM,2001,Kharif,Sesamum,1800,600,0.333333333
Maharashtra,WASHIM,2001,Kharif,Small millets,400,200,0.5
Maharashtra,WASHIM,2001,Kharif,Soyabean,83300,124200,1.490996399
Maharashtra,WASHIM,2001,Kharif,Sunflower,400,100,0.25
Maharashtra,WASHIM,2001,Kharif,Urad,60100,47300,0.787021631
Maharashtra,WASHIM,2001,Rabi,Gram,29100,21400,0.735395189
Maharashtra,WASHIM,2001,Rabi,Jowar,1300,1400,1.076923077
Maharashtra,WASHIM,2001,Rabi,Safflower,5200,2400,0.461538462
Maharashtra,WASHIM,2001,Rabi,Sunflower,3700,1900,0.513513514
Maharashtra,WASHIM,2001,Rabi,Wheat,15100,21300,1.410596026
Maharashtra,WASHIM,2001,Summer,Groundnut,100,100,1
Maharashtra,WASHIM,2001,Summer,Sunflower,100,200,2
Maharashtra,WASHIM,2001,Whole Year,Sugarcane,2400,142500,59.375
Maharashtra,WASHIM,2002,Kharif,Arhar/Tur,41200,38400,0.932038835
Maharashtra,WASHIM,2002,Kharif,Bajra,2400,1500,0.625
Maharashtra,WASHIM,2002,Kharif,Castor seed,100,10,0.1
Maharashtra,WASHIM,2002,Kharif,Cotton(lint),86000,72600,0.844186047
Maharashtra,WASHIM,2002,Kharif,Groundnut,100,100,1
Maharashtra,WASHIM,2002,Kharif,Jowar,62700,73900,1.178628389
Maharashtra,WASHIM,2002,Kharif,Maize,100,200,2
Maharashtra,WASHIM,2002,Kharif,Moong(Green Gram),55600,26700,0.480215827
Maharashtra,WASHIM,2002,Kharif,Other Kharif pulses,400,100,0.25
Maharashtra,WASHIM,2002,Kharif,Rice,1100,700,0.636363636
Maharashtra,WASHIM,2002,Kharif,Sesamum,1900,400,0.210526316
Maharashtra,WASHIM,2002,Kharif,Soyabean,91100,117700,1.291986828
Maharashtra,WASHIM,2002,Kharif,Sunflower,200,100,0.5
Maharashtra,WASHIM,2002,Kharif,Urad,58600,36700,0.626279863
Maharashtra,WASHIM,2002,Rabi,Gram,32800,22500,0.68597561
Maharashtra,WASHIM,2002,Rabi,Jowar,900,700,0.777777778
Maharashtra,WASHIM,2002,Rabi,Safflower,3000,1800,0.6
Maharashtra,WASHIM,2002,Rabi,Sunflower,1800,900,0.5
Maharashtra,WASHIM,2002,Rabi,Wheat,16300,20900,1.282208589
Maharashtra,WASHIM,2002,Summer,Groundnut,100,200,2
Maharashtra,WASHIM,2002,Whole Year,Sugarcane,1100,55000,50
Maharashtra,WASHIM,2003,Kharif,Arhar/Tur,44300,39400,0.889390519
Maharashtra,WASHIM,2003,Kharif,Bajra,2000,900,0.45
Maharashtra,WASHIM,2003,Kharif,Cotton(lint),75200,62500,0.831117021
Maharashtra,WASHIM,2003,Kharif,Groundnut,100,100,1
Maharashtra,WASHIM,2003,Kharif,Jowar,59300,77200,1.301854975
Maharashtra,WASHIM,2003,Kharif,Maize,100,200,2
Maharashtra,WASHIM,2003,Kharif,Moong(Green Gram),50600,29800,0.588932806
Maharashtra,WASHIM,2003,Kharif,Other Kharif pulses,200,100,0.5
Maharashtra,WASHIM,2003,Kharif,other oilseeds,100,0,0
Maharashtra,WASHIM,2003,Kharif,Rice,900,300,0.333333333
Maharashtra,WASHIM,2003,Kharif,Sesamum,1700,500,0.294117647
Maharashtra,WASHIM,2003,Kharif,Small millets,100,100,1
Maharashtra,WASHIM,2003,Kharif,Soyabean,113300,153900,1.358340688
Maharashtra,WASHIM,2003,Kharif,Sunflower,200,100,0.5
Maharashtra,WASHIM,2003,Kharif,Urad,56600,38700,0.683745583
Maharashtra,WASHIM,2003,Rabi,Gram,29200,19300,0.660958904
Maharashtra,WASHIM,2003,Rabi,Jowar,700,500,0.714285714
Maharashtra,WASHIM,2003,Rabi,Safflower,2600,1400,0.538461538
Maharashtra,WASHIM,2003,Rabi,Sunflower,1000,400,0.4
Maharashtra,WASHIM,2003,Rabi,Wheat,11900,14100,1.18487395
Maharashtra,WASHIM,2003,Summer,Groundnut,100,100,1
Maharashtra,WASHIM,2003,Whole Year,Banana,100,13740,137.4
Maharashtra,WASHIM,2003,Whole Year,Grapes,10,268,26.8
Maharashtra,WASHIM,2003,Whole Year,Mango,660,1220,1.848484848
Maharashtra,WASHIM,2003,Whole Year,Onion,247,5337,21.60728745
Maharashtra,WASHIM,2003,Whole Year,Sugarcane,1200,65400,54.5
Maharashtra,WASHIM,2003,Whole Year,Tomato,296,946,3.195945946
Maharashtra,WASHIM,2004,Kharif,Arhar/Tur,47400,37300,0.786919831
Maharashtra,WASHIM,2004,Kharif,Bajra,1600,700,0.4375
Maharashtra,WASHIM,2004,Kharif,Jowar,52500,53300,1.015238095
Maharashtra,WASHIM,2004,Kharif,Maize,100,100,1
Maharashtra,WASHIM,2004,Kharif,Moong(Green Gram),42200,19400,0.45971564
Maharashtra,WASHIM,2004,Kharif,Other Cereals & Millets,100,,
Maharashtra,WASHIM,2004,Kharif,Other Kharif pulses,100,0,0
Maharashtra,WASHIM,2004,Kharif,other oilseeds,100,,
Maharashtra,WASHIM,2004,Kharif,Rice,500,200,0.4
Maharashtra,WASHIM,2004,Kharif,Sesamum,1600,300,0.1875
Maharashtra,WASHIM,2004,Kharif,Sunflower,100,100,1
Maharashtra,WASHIM,2004,Kharif,Urad,46100,21800,0.472885033
Maharashtra,WASHIM,2004,Rabi,Gram,24700,8900,0.360323887
Maharashtra,WASHIM,2004,Rabi,Jowar,600,200,0.333333333
Maharashtra,WASHIM,2004,Rabi,Safflower,2300,900,0.391304348
Maharashtra,WASHIM,2004,Rabi,Soyabean,185100,164700,0.889789303
Maharashtra,WASHIM,2004,Rabi,Sunflower,500,300,0.6
Maharashtra,WASHIM,2004,Rabi,Wheat,3000,2200,0.733333333
Maharashtra,WASHIM,2004,Summer,Groundnut,100,100,1
Maharashtra,WASHIM,2004,Whole Year,Cotton(lint),67800,48600,0.716814159
Maharashtra,WASHIM,2004,Whole Year,Sugarcane,1300,88700,68.23076923
Maharashtra,WASHIM,2005,Kharif,Arhar/Tur,51600,40300,0.781007752
Maharashtra,WASHIM,2005,Kharif,Bajra,1400,700,0.5
Maharashtra,WASHIM,2005,Kharif,Castor seed,100,100,1
Maharashtra,WASHIM,2005,Kharif,Cotton(lint),66800,69700,1.043413174
Maharashtra,WASHIM,2005,Kharif,Moong(Green Gram),31600,11700,0.370253165
Maharashtra,WASHIM,2005,Kharif,Rice,300,100,0.333333333
Maharashtra,WASHIM,2005,Kharif,Sesamum,1900,400,0.210526316
Maharashtra,WASHIM,2005,Kharif,Soyabean,196600,186700,0.949643947
Maharashtra,WASHIM,2005,Kharif,Sugarcane,300,20100,67
Maharashtra,WASHIM,2005,Kharif,Sunflower,100,100,1
Maharashtra,WASHIM,2005,Kharif,Urad,34500,15300,0.443478261
Maharashtra,WASHIM,2005,Rabi,Gram,40600,24300,0.598522167
Maharashtra,WASHIM,2005,Rabi,Safflower,3400,2200,0.647058824
Maharashtra,WASHIM,2005,Rabi,Sunflower,700,400,0.571428571
Maharashtra,WASHIM,2005,Rabi,Wheat,11300,14500,1.283185841
Maharashtra,WASHIM,2005,Summer,Groundnut,400,600,1.5
Maharashtra,WASHIM,2006,Kharif,Arhar/Tur,51500,49000,0.951456311
Maharashtra,WASHIM,2006,Kharif,Bajra,1600,900,0.5625
Maharashtra,WASHIM,2006,Kharif,Castor seed,100,25,0.25
Maharashtra,WASHIM,2006,Kharif,Cotton(lint),62200,62900,1.011254019
Maharashtra,WASHIM,2006,Kharif,Jowar,50600,65000,1.28458498
Maharashtra,WASHIM,2006,Kharif,Maize,100,200,2
Maharashtra,WASHIM,2006,Kharif,Moong(Green Gram),33600,18600,0.553571429
Maharashtra,WASHIM,2006,Kharif,Rice,200,100,0.5
Maharashtra,WASHIM,2006,Kharif,Sesamum,1800,300,0.166666667
Maharashtra,WASHIM,2006,Kharif,Soyabean,204800,252900,1.234863281
Maharashtra,WASHIM,2006,Kharif,Sunflower,100,100,1
Maharashtra,WASHIM,2006,Kharif,Urad,33000,23100,0.7
Maharashtra,WASHIM,2006,Rabi,Gram,62000,46700,0.753225806
Maharashtra,WASHIM,2006,Rabi,Jowar,800,700,0.875
Maharashtra,WASHIM,2006,Rabi,Safflower,4300,2500,0.581395349
Maharashtra,WASHIM,2006,Rabi,Sunflower,600,300,0.5
Maharashtra,WASHIM,2006,Rabi,Wheat,18800,27800,1.478723404
Maharashtra,WASHIM,2006,Summer,Groundnut,700,900,1.285714286
Maharashtra,WASHIM,2007,Kharif,Arhar/Tur,503,523,1.039761431
Maharashtra,WASHIM,2007,Kharif,Bajra,9,5,0.555555556
Maharashtra,WASHIM,2007,Kharif,Castor seed,2,1,0.5
Maharashtra,WASHIM,2007,Kharif,Cotton(lint),603,1492,2.474295191
Maharashtra,WASHIM,2007,Kharif,Jowar,406,601,1.480295567
Maharashtra,WASHIM,2007,Kharif,Maize,2,6,3
Maharashtra,WASHIM,2007,Kharif,Moong(Green Gram),381,255,0.669291339
Maharashtra,WASHIM,2007,Kharif,Rice,1,1,1
Maharashtra,WASHIM,2007,Kharif,Sesamum,9,3,0.333333333
Maharashtra,WASHIM,2007,Kharif,Soyabean,2069,3322,1.605606573
Maharashtra,WASHIM,2007,Kharif,Sunflower,1,1,1
Maharashtra,WASHIM,2007,Kharif,Urad,395,289,0.73164557
Maharashtra,WASHIM,2007,Rabi,Gram,795,610,0.767295597
Maharashtra,WASHIM,2007,Rabi,Jowar,7,8,1.142857143
Maharashtra,WASHIM,2007,Rabi,Rapeseed &Mustard,1,0.4,0.4
Maharashtra,WASHIM,2007,Rabi,Safflower,38,26,0.684210526
Maharashtra,WASHIM,2007,Rabi,Sunflower,3,2,0.666666667
Maharashtra,WASHIM,2007,Rabi,Wheat,346,705,2.037572254
Maharashtra,WASHIM,2007,Summer,Groundnut,6,5,0.833333333
Maharashtra,WASHIM,2007,Whole Year,Sugarcane,6,486,81
Maharashtra,WASHIM,2008,Kharif,Arhar/Tur,49400,26700,0.54048583
Maharashtra,WASHIM,2008,Kharif,Bajra,400,200,0.5
Maharashtra,WASHIM,2008,Kharif,Castor seed,100,30,0.3
Maharashtra,WASHIM,2008,Kharif,Cotton(lint),52400,45200,0.86259542
Maharashtra,WASHIM,2008,Kharif,Jowar,29900,45000,1.505016722
Maharashtra,WASHIM,2008,Kharif,Maize,100,300,3
Maharashtra,WASHIM,2008,Kharif,Moong(Green Gram),33000,4900,0.148484848
Maharashtra,WASHIM,2008,Kharif,Rice,100,100,1
Maharashtra,WASHIM,2008,Kharif,Sesamum,600,100,0.166666667
Maharashtra,WASHIM,2008,Kharif,Soyabean,226400,77300,0.341431095
Maharashtra,WASHIM,2008,Kharif,Sugarcane,100,6500,65
Maharashtra,WASHIM,2008,Kharif,Urad,32000,4400,0.1375
Maharashtra,WASHIM,2008,Rabi,Gram,56500,42500,0.752212389
Maharashtra,WASHIM,2008,Rabi,Jowar,300,300,1
Maharashtra,WASHIM,2008,Rabi,Safflower,900,400,0.444444444
Maharashtra,WASHIM,2008,Rabi,Sunflower,100,100,1
Maharashtra,WASHIM,2008,Rabi,Wheat,16000,19300,1.20625
Maharashtra,WASHIM,2008,Whole Year,Sugarcane,100,6500,65
Maharashtra,WASHIM,2009,Kharif,Arhar/Tur,50000,54300,1.086
Maharashtra,WASHIM,2009,Kharif,Bajra,400,300,0.75
Maharashtra,WASHIM,2009,Kharif,Cotton(lint),45000,60900,1.353333333
Maharashtra,WASHIM,2009,Kharif,Jowar,25600,38900,1.51953125
Maharashtra,WASHIM,2009,Kharif,Maize,300,700,2.333333333
Maharashtra,WASHIM,2009,Kharif,Moong(Green Gram),27600,5700,0.206521739
Maharashtra,WASHIM,2009,Kharif,Rice,100,200,2
Maharashtra,WASHIM,2009,Kharif,Sesamum,500,200,0.4
Maharashtra,WASHIM,2009,Kharif,Soyabean,222600,80200,0.360287511
Maharashtra,WASHIM,2009,Kharif,Sugarcane,200,14200,71
Maharashtra,WASHIM,2009,Kharif,Urad,27000,6400,0.237037037
Maharashtra,WASHIM,2009,Rabi,Gram,59400,79900,1.345117845
Maharashtra,WASHIM,2009,Rabi,Jowar,200,200,1
Maharashtra,WASHIM,2009,Rabi,Safflower,1000,800,0.8
Maharashtra,WASHIM,2009,Rabi,Wheat,15300,31700,2.071895425
Maharashtra,WASHIM,2010,Kharif,Arhar/Tur,62500,45000,0.72
Maharashtra,WASHIM,2010,Kharif,Bajra,500,200,0.4
Maharashtra,WASHIM,2010,Kharif,Cotton(lint),62000,128700,2.075806452
Maharashtra,WASHIM,2010,Kharif,Jowar,26500,30000,1.132075472
Maharashtra,WASHIM,2010,Kharif,Maize,400,1000,2.5
Maharashtra,WASHIM,2010,Kharif,Moong(Green Gram),32000,17400,0.54375
Maharashtra,WASHIM,2010,Kharif,Sesamum,600,200,0.333333333
Maharashtra,WASHIM,2010,Kharif,Soyabean,209200,298700,1.427820268
Maharashtra,WASHIM,2010,Kharif,Urad,35200,25300,0.71875
Maharashtra,WASHIM,2010,Rabi,Gram,68000,68100,1.001470588
Maharashtra,WASHIM,2010,Rabi,Jowar,300,300,1
Maharashtra,WASHIM,2010,Rabi,Safflower,900,600,0.666666667
Maharashtra,WASHIM,2010,Rabi,Wheat,21900,35200,1.607305936
Maharashtra,WASHIM,2011,Kharif,Arhar/Tur,54000,29600,0.548148148
Maharashtra,WASHIM,2011,Kharif,Bajra,300,200,0.666666667
Maharashtra,WASHIM,2011,Kharif,Cotton(lint),64000,103900,1.6234375
Maharashtra,WASHIM,2011,Kharif,Jowar,17700,20400,1.152542373
Maharashtra,WASHIM,2011,Kharif,Maize,200,600,3
Maharashtra,WASHIM,2011,Kharif,Moong(Green Gram),31500,20300,0.644444444
Maharashtra,WASHIM,2011,Kharif,Other Kharif pulses,100,100,1
Maharashtra,WASHIM,2011,Kharif,Rice,200,200,1
Maharashtra,WASHIM,2011,Kharif,Sesamum,500,100,0.2
Maharashtra,WASHIM,2011,Kharif,Soyabean,219100,290600,1.326335007
Maharashtra,WASHIM,2011,Kharif,Urad,30700,22500,0.732899023
Maharashtra,WASHIM,2011,Rabi,Gram,61600,48000,0.779220779
Maharashtra,WASHIM,2011,Rabi,Jowar,300,300,1
Maharashtra,WASHIM,2011,Rabi,Safflower,700,500,0.714285714
Maharashtra,WASHIM,2011,Rabi,Wheat,20100,24600,1.223880597
Maharashtra,WASHIM,2011,Summer,Groundnut,300,600,2
Maharashtra,WASHIM,2011,Summer,Maize,100,100,1
Maharashtra,WASHIM,2011,Summer,Sunflower,100,100,1
Maharashtra,WASHIM,2011,Whole Year,Sugarcane,100,7600,76
Maharashtra,WASHIM,2012,Kharif,Arhar/Tur,53800,35800,0.665427509
Maharashtra,WASHIM,2012,Kharif,Bajra,300,200,0.666666667
Maharashtra,WASHIM,2012,Kharif,Castor seed,100,30,0.3
Maharashtra,WASHIM,2012,Kharif,Cotton(lint),56700,88000,1.552028219
Maharashtra,WASHIM,2012,Kharif,Jowar,15900,19500,1.226415094
Maharashtra,WASHIM,2012,Kharif,Maize,100,200,2
Maharashtra,WASHIM,2012,Kharif,Moong(Green Gram),37700,31900,0.846153846
Maharashtra,WASHIM,2012,Kharif,Other Kharif pulses,100,100,1
Maharashtra,WASHIM,2012,Kharif,Sesamum,700,100,0.142857143
Maharashtra,WASHIM,2012,Kharif,Soyabean,200300,338200,1.688467299
Maharashtra,WASHIM,2012,Kharif,Urad,35700,28500,0.798319328
Maharashtra,WASHIM,2012,Rabi,Gram,57800,59000,1.020761246
Maharashtra,WASHIM,2012,Rabi,Jowar,300,200,0.666666667
Maharashtra,WASHIM,2012,Rabi,Safflower,500,400,0.8
Maharashtra,WASHIM,2012,Rabi,Wheat,16900,27100,1.603550296
Maharashtra,WASHIM,2012,Summer,Groundnut,900,1000,1.111111111
Maharashtra,WASHIM,2012,Summer,Maize,400,400,1
Maharashtra,WASHIM,2013,Kharif,Arhar/Tur,46200,22300,0.482683983
Maharashtra,WASHIM,2013,Kharif,Bajra,400,300,0.75
Maharashtra,WASHIM,2013,Kharif,Cotton(lint),34500,37300,1.08115942
Maharashtra,WASHIM,2013,Kharif,Jowar,15000,8100,0.54
Maharashtra,WASHIM,2013,Kharif,Maize,300,900,3
Maharashtra,WASHIM,2013,Kharif,Moong(Green Gram),37700,12000,0.318302387
Maharashtra,WASHIM,2013,Kharif,Other Kharif pulses,1600,1000,0.625
Maharashtra,WASHIM,2013,Kharif,Sesamum,500,100,0.2
Maharashtra,WASHIM,2013,Kharif,Soyabean,276300,232300,0.840752805
Maharashtra,WASHIM,2013,Kharif,Urad,11900,4300,0.361344538
Maharashtra,WASHIM,2013,Rabi,Gram,94000,100700,1.071276596
Maharashtra,WASHIM,2013,Rabi,Jowar,400,300,0.75
Maharashtra,WASHIM,2013,Rabi,Safflower,500,300,0.6
Maharashtra,WASHIM,2013,Rabi,Wheat,30900,50200,1.624595469
Maharashtra,WASHIM,2013,Summer,Groundnut,900,1200,1.333333333
Maharashtra,WASHIM,2013,Summer,Maize,100,100,1
Maharashtra,WASHIM,2014,Kharif,Arhar/Tur,52300,16200,0.309751434
Maharashtra,WASHIM,2014,Kharif,Bajra,200,,
Maharashtra,WASHIM,2014,Kharif,Castor seed,100,,
Maharashtra,WASHIM,2014,Kharif,Cotton(lint),20200,16800,0.831683168
Maharashtra,WASHIM,2014,Kharif,Jowar,10000,7500,0.75
Maharashtra,WASHIM,2014,Kharif,Maize,500,900,1.8
Maharashtra,WASHIM,2014,Kharif,Moong(Green Gram),7700,2700,0.350649351
Maharashtra,WASHIM,2014,Kharif,Other Kharif pulses,400,200,0.5
Maharashtra,WASHIM,2014,Kharif,Soyabean,296500,121300,0.409106239
Maharashtra,WASHIM,2014,Rabi,Gram,53900,28700,0.532467532
Maharashtra,WASHIM,2014,Rabi,Jowar,1600,1300,0.8125
Maharashtra,WASHIM,2014,Rabi,Maize,300,,
Maharashtra,WASHIM,2014,Rabi,Safflower,500,100,0.2
Maharashtra,WASHIM,2014,Rabi,Wheat,30900,40800,1.32038835
Maharashtra,WASHIM,2014,Summer,Groundnut,800,900,1.125
Maharashtra,WASHIM,2014,Whole Year,Sugarcane,200,5800,29
Maharashtra,YAVATMAL,1997,Kharif,Arhar/Tur,113200,78400,0.692579505
Maharashtra,YAVATMAL,1997,Kharif,Bajra,8900,3800,0.426966292
Maharashtra,YAVATMAL,1997,Kharif,Gram,16400,5200,0.317073171
Maharashtra,YAVATMAL,1997,Kharif,Jowar,160700,116200,0.723086497
Maharashtra,YAVATMAL,1997,Kharif,Maize,500,600,1.2
Maharashtra,YAVATMAL,1997,Kharif,Moong(Green Gram),47800,16100,0.336820084
Maharashtra,YAVATMAL,1997,Kharif,Pulses total,1857,1005,0.541195477
Maharashtra,YAVATMAL,1997,Kharif,Rice,6700,3800,0.567164179
Maharashtra,YAVATMAL,1997,Kharif,Total foodgrain,3625,2249,0.620413793
Maharashtra,YAVATMAL,1997,Kharif,Urad,23300,5600,0.240343348
Maharashtra,YAVATMAL,1997,Rabi,Other  Rabi pulses,110,6,0.054545455
Maharashtra,YAVATMAL,1997,Rabi,Wheat,18600,8700,0.467741935
Maharashtra,YAVATMAL,1997,Whole Year,Cotton(lint),4453,184300,41.38782843
Maharashtra,YAVATMAL,1998,Kharif,Arhar/Tur,111600,114600,1.02688172
Maharashtra,YAVATMAL,1998,Kharif,Bajra,8900,4700,0.528089888
Maharashtra,YAVATMAL,1998,Kharif,Castor seed,600,100,0.166666667
Maharashtra,YAVATMAL,1998,Kharif,Cotton(lint),445600,242500,0.544210054
Maharashtra,YAVATMAL,1998,Kharif,Groundnut,1300,1300,1
Maharashtra,YAVATMAL,1998,Kharif,Jowar,157300,223700,1.422123331
Maharashtra,YAVATMAL,1998,Kharif,Maize,100,200,2
Maharashtra,YAVATMAL,1998,Kharif,Moong(Green Gram),47700,31200,0.65408805
Maharashtra,YAVATMAL,1998,Kharif,Other Cereals & Millets,300,200,0.666666667
Maharashtra,YAVATMAL,1998,Kharif,Other Kharif pulses,1600,700,0.4375
Maharashtra,YAVATMAL,1998,Kharif,Rice,5400,4000,0.740740741
Maharashtra,YAVATMAL,1998,Kharif,Sesamum,6800,2400,0.352941176
Maharashtra,YAVATMAL,1998,Kharif,Soyabean,73900,167100,2.261163735
Maharashtra,YAVATMAL,1998,Kharif,Sugarcane,6500,538500,82.84615385
Maharashtra,YAVATMAL,1998,Kharif,Sunflower,700,200,0.285714286
Maharashtra,YAVATMAL,1998,Kharif,Urad,24100,13000,0.539419087
Maharashtra,YAVATMAL,1998,Rabi,Gram,18800,9100,0.484042553
Maharashtra,YAVATMAL,1998,Rabi,Jowar,100,100,1
Maharashtra,YAVATMAL,1998,Rabi,Linseed,800,200,0.25
Maharashtra,YAVATMAL,1998,Rabi,Other  Rabi pulses,500,200,0.4
Maharashtra,YAVATMAL,1998,Rabi,Rapeseed &Mustard,200,,
Maharashtra,YAVATMAL,1998,Rabi,Safflower,1400,900,0.642857143
Maharashtra,YAVATMAL,1998,Rabi,Sesamum,400,100,0.25
Maharashtra,YAVATMAL,1998,Rabi,Sunflower,700,500,0.714285714
Maharashtra,YAVATMAL,1998,Rabi,Wheat,21100,25500,1.208530806
Maharashtra,YAVATMAL,1998,Summer,Groundnut,5500,5000,0.909090909
Maharashtra,YAVATMAL,1998,Summer,Sunflower,400,400,1
Maharashtra,YAVATMAL,1999,Kharif,Arhar/Tur,115700,141500,1.222990493
Maharashtra,YAVATMAL,1999,Kharif,Bajra,8600,4400,0.511627907
Maharashtra,YAVATMAL,1999,Kharif,Castor seed,300,100,0.333333333
Maharashtra,YAVATMAL,1999,Kharif,Cotton(lint),446100,448100,1.0044833
Maharashtra,YAVATMAL,1999,Kharif,Groundnut,700,400,0.571428571
Maharashtra,YAVATMAL,1999,Kharif,Jowar,153500,184200,1.2
Maharashtra,YAVATMAL,1999,Kharif,Maize,100,100,1
Maharashtra,YAVATMAL,1999,Kharif,Moong(Green Gram),48400,31500,0.650826446
Maharashtra,YAVATMAL,1999,Kharif,Niger seed,100,0,0
Maharashtra,YAVATMAL,1999,Kharif,Other Kharif pulses,1700,400,0.235294118
Maharashtra,YAVATMAL,1999,Kharif,Rice,5300,4600,0.867924528
Maharashtra,YAVATMAL,1999,Kharif,Sesamum,7200,2400,0.333333333
Maharashtra,YAVATMAL,1999,Kharif,Small millets,400,200,0.5
Maharashtra,YAVATMAL,1999,Kharif,Soyabean,77700,100900,1.298584299
Maharashtra,YAVATMAL,1999,Kharif,Sunflower,700,300,0.428571429
Maharashtra,YAVATMAL,1999,Kharif,Urad,23800,18000,0.756302521
Maharashtra,YAVATMAL,1999,Rabi,Gram,22200,12000,0.540540541
Maharashtra,YAVATMAL,1999,Rabi,Linseed,600,200,0.333333333
Maharashtra,YAVATMAL,1999,Rabi,Other  Rabi pulses,400,200,0.5
Maharashtra,YAVATMAL,1999,Rabi,Rapeseed &Mustard,300,100,0.333333333
Maharashtra,YAVATMAL,1999,Rabi,Safflower,1400,900,0.642857143
Maharashtra,YAVATMAL,1999,Rabi,Sesamum,200,100,0.5
Maharashtra,YAVATMAL,1999,Rabi,Sunflower,400,200,0.5
Maharashtra,YAVATMAL,1999,Rabi,Wheat,24200,28800,1.190082645
Maharashtra,YAVATMAL,1999,Summer,Groundnut,5800,5600,0.965517241
Maharashtra,YAVATMAL,1999,Summer,Sunflower,400,500,1.25
Maharashtra,YAVATMAL,1999,Whole Year,Sugarcane,7000,649900,92.84285714
Maharashtra,YAVATMAL,2000,Kharif,Arhar/Tur,119500,139000,1.163179916
Maharashtra,YAVATMAL,2000,Kharif,Bajra,9200,5800,0.630434783
Maharashtra,YAVATMAL,2000,Kharif,Castor seed,500,100,0.2
Maharashtra,YAVATMAL,2000,Kharif,Cotton(lint),447700,238200,0.532052714
Maharashtra,YAVATMAL,2000,Kharif,Groundnut,500,300,0.6
Maharashtra,YAVATMAL,2000,Kharif,Jowar,154400,170200,1.102331606
Maharashtra,YAVATMAL,2000,Kharif,Maize,100,100,1
Maharashtra,YAVATMAL,2000,Kharif,Moong(Green Gram),49100,20100,0.409368635
Maharashtra,YAVATMAL,2000,Kharif,Niger seed,100,10,0.1
Maharashtra,YAVATMAL,2000,Kharif,Other Kharif pulses,13500,4900,0.362962963
Maharashtra,YAVATMAL,2000,Kharif,Rice,5200,4300,0.826923077
Maharashtra,YAVATMAL,2000,Kharif,Sesamum,7300,1700,0.232876712
Maharashtra,YAVATMAL,2000,Kharif,Small millets,1500,1000,0.666666667
Maharashtra,YAVATMAL,2000,Kharif,Soyabean,75900,90100,1.187088274
Maharashtra,YAVATMAL,2000,Kharif,Sunflower,600,300,0.5
Maharashtra,YAVATMAL,2000,Kharif,Urad,25300,12600,0.498023715
Maharashtra,YAVATMAL,2000,Rabi,Gram,13800,7500,0.543478261
Maharashtra,YAVATMAL,2000,Rabi,Jowar,100,100,1
Maharashtra,YAVATMAL,2000,Rabi,Linseed,700,100,0.142857143
Maharashtra,YAVATMAL,2000,Rabi,Other  Rabi pulses,600,200,0.333333333
Maharashtra,YAVATMAL,2000,Rabi,Rapeseed &Mustard,300,100,0.333333333
Maharashtra,YAVATMAL,2000,Rabi,Safflower,400,100,0.25
Maharashtra,YAVATMAL,2000,Rabi,Sesamum,100,100,1
Maharashtra,YAVATMAL,2000,Rabi,Sunflower,400,200,0.5
Maharashtra,YAVATMAL,2000,Rabi,Wheat,17100,18900,1.105263158
Maharashtra,YAVATMAL,2000,Summer,Groundnut,5200,4000,0.769230769
Maharashtra,YAVATMAL,2000,Summer,Sunflower,100,100,1
Maharashtra,YAVATMAL,2000,Whole Year,Sugarcane,7400,559900,75.66216216
Maharashtra,YAVATMAL,2001,Kharif,Arhar/Tur,123000,156000,1.268292683
Maharashtra,YAVATMAL,2001,Kharif,Bajra,7400,2700,0.364864865
Maharashtra,YAVATMAL,2001,Kharif,Castor seed,800,200,0.25
Maharashtra,YAVATMAL,2001,Kharif,Cotton(lint),437000,305600,0.699313501
Maharashtra,YAVATMAL,2001,Kharif,Groundnut,300,200,0.666666667
Maharashtra,YAVATMAL,2001,Kharif,Jowar,145500,159200,1.094158076
Maharashtra,YAVATMAL,2001,Kharif,Maize,200,500,2.5
Maharashtra,YAVATMAL,2001,Kharif,Moong(Green Gram),49700,14100,0.283702213
Maharashtra,YAVATMAL,2001,Kharif,Other Kharif pulses,6400,1700,0.265625
Maharashtra,YAVATMAL,2001,Kharif,Rice,4800,4800,1
Maharashtra,YAVATMAL,2001,Kharif,Sesamum,7500,2400,0.32
Maharashtra,YAVATMAL,2001,Kharif,Small millets,800,600,0.75
Maharashtra,YAVATMAL,2001,Kharif,Soyabean,69600,90400,1.298850575
Maharashtra,YAVATMAL,2001,Kharif,Sunflower,500,200,0.4
Maharashtra,YAVATMAL,2001,Kharif,Urad,25000,8100,0.324
Maharashtra,YAVATMAL,2001,Rabi,Gram,15600,9800,0.628205128
Maharashtra,YAVATMAL,2001,Rabi,Jowar,100,100,1
Maharashtra,YAVATMAL,2001,Rabi,Linseed,600,100,0.166666667
Maharashtra,YAVATMAL,2001,Rabi,Other  Rabi pulses,800,400,0.5
Maharashtra,YAVATMAL,2001,Rabi,Rapeseed &Mustard,100,10,0.1
Maharashtra,YAVATMAL,2001,Rabi,Safflower,300,200,0.666666667
Maharashtra,YAVATMAL,2001,Rabi,Sesamum,100,10,0.1
Maharashtra,YAVATMAL,2001,Rabi,Sunflower,400,200,0.5
Maharashtra,YAVATMAL,2001,Rabi,Wheat,17100,19600,1.14619883
Maharashtra,YAVATMAL,2001,Summer,Groundnut,6000,6300,1.05
Maharashtra,YAVATMAL,2001,Whole Year,Sugarcane,6900,499200,72.34782609
Maharashtra,YAVATMAL,2002,Kharif,Arhar/Tur,127300,129100,1.014139827
Maharashtra,YAVATMAL,2002,Kharif,Bajra,5600,3500,0.625
Maharashtra,YAVATMAL,2002,Kharif,Castor seed,100,10,0.1
Maharashtra,YAVATMAL,2002,Kharif,Cotton(lint),403300,313600,0.777584924
Maharashtra,YAVATMAL,2002,Kharif,Groundnut,100,100,1
Maharashtra,YAVATMAL,2002,Kharif,Jowar,139400,164600,1.180774749
Maharashtra,YAVATMAL,2002,Kharif,Maize,200,400,2
Maharashtra,YAVATMAL,2002,Kharif,Moong(Green Gram),51600,18100,0.350775194
Maharashtra,YAVATMAL,2002,Kharif,Other Kharif pulses,200,100,0.5
Maharashtra,YAVATMAL,2002,Kharif,Rice,3700,2400,0.648648649
Maharashtra,YAVATMAL,2002,Kharif,Sesamum,5500,1300,0.236363636
Maharashtra,YAVATMAL,2002,Kharif,Soyabean,80700,109700,1.359355638
Maharashtra,YAVATMAL,2002,Kharif,Sunflower,300,200,0.666666667
Maharashtra,YAVATMAL,2002,Kharif,Urad,26400,10700,0.40530303
Maharashtra,YAVATMAL,2002,Rabi,Gram,16800,8800,0.523809524
Maharashtra,YAVATMAL,2002,Rabi,Jowar,100,100,1
Maharashtra,YAVATMAL,2002,Rabi,Linseed,400,100,0.25
Maharashtra,YAVATMAL,2002,Rabi,Other  Rabi pulses,600,200,0.333333333
Maharashtra,YAVATMAL,2002,Rabi,Safflower,200,100,0.5
Maharashtra,YAVATMAL,2002,Rabi,Sesamum,100,10,0.1
Maharashtra,YAVATMAL,2002,Rabi,Sunflower,300,200,0.666666667
Maharashtra,YAVATMAL,2002,Rabi,Wheat,17600,18600,1.056818182
Maharashtra,YAVATMAL,2002,Summer,Groundnut,7600,11800,1.552631579
Maharashtra,YAVATMAL,2002,Whole Year,Sugarcane,7200,448000,62.22222222
Maharashtra,YAVATMAL,2003,Kharif,Arhar/Tur,130200,104700,0.804147465
Maharashtra,YAVATMAL,2003,Kharif,Bajra,5000,2200,0.44
Maharashtra,YAVATMAL,2003,Kharif,Cotton(lint),376000,382300,1.016755319
Maharashtra,YAVATMAL,2003,Kharif,Groundnut,100,100,1
Maharashtra,YAVATMAL,2003,Kharif,Jowar,129100,132800,1.028659954
Maharashtra,YAVATMAL,2003,Kharif,Maize,100,200,2
Maharashtra,YAVATMAL,2003,Kharif,Moong(Green Gram),40800,22100,0.541666667
Maharashtra,YAVATMAL,2003,Kharif,Other Kharif pulses,1400,400,0.285714286
Maharashtra,YAVATMAL,2003,Kharif,other oilseeds,100,0,0
Maharashtra,YAVATMAL,2003,Kharif,Rice,3300,2000,0.606060606
Maharashtra,YAVATMAL,2003,Kharif,Sesamum,5400,1500,0.277777778
Maharashtra,YAVATMAL,2003,Kharif,Soyabean,97900,141900,1.449438202
Maharashtra,YAVATMAL,2003,Kharif,Sunflower,300,100,0.333333333
Maharashtra,YAVATMAL,2003,Kharif,Urad,25600,13900,0.54296875
Maharashtra,YAVATMAL,2003,Rabi,Gram,21600,14800,0.685185185
Maharashtra,YAVATMAL,2003,Rabi,Jowar,33300,12800,0.384384384
Maharashtra,YAVATMAL,2003,Rabi,Linseed,300,100,0.333333333
Maharashtra,YAVATMAL,2003,Rabi,Other  Rabi pulses,200,200,1
Maharashtra,YAVATMAL,2003,Rabi,Rapeseed &Mustard,200,100,0.5
Maharashtra,YAVATMAL,2003,Rabi,Safflower,100,100,1
Maharashtra,YAVATMAL,2003,Rabi,Sunflower,200,100,0.5
Maharashtra,YAVATMAL,2003,Rabi,Wheat,17600,20800,1.181818182
Maharashtra,YAVATMAL,2003,Summer,Groundnut,5100,5400,1.058823529
Maharashtra,YAVATMAL,2003,Whole Year,Banana,100,5630,56.3
Maharashtra,YAVATMAL,2003,Whole Year,Grapes,21,563,26.80952381
Maharashtra,YAVATMAL,2003,Whole Year,Mango,3070,5680,1.850162866
Maharashtra,YAVATMAL,2003,Whole Year,Onion,245,5294,21.60816327
Maharashtra,YAVATMAL,2003,Whole Year,Sugarcane,5600,350000,62.5
Maharashtra,YAVATMAL,2003,Whole Year,Tomato,975,3112,3.191794872
Maharashtra,YAVATMAL,2004,Kharif,Arhar/Tur,127100,82800,0.651455547
Maharashtra,YAVATMAL,2004,Kharif,Bajra,3600,1600,0.444444444
Maharashtra,YAVATMAL,2004,Kharif,Groundnut,200,100,0.5
Maharashtra,YAVATMAL,2004,Kharif,Jowar,115100,113000,0.981754996
Maharashtra,YAVATMAL,2004,Kharif,Maize,100,100,1
Maharashtra,YAVATMAL,2004,Kharif,Moong(Green Gram),32600,8500,0.260736196
Maharashtra,YAVATMAL,2004,Kharif,Other Kharif pulses,500,100,0.2
Maharashtra,YAVATMAL,2004,Kharif,other oilseeds,700,100,0.142857143
Maharashtra,YAVATMAL,2004,Kharif,Rice,2400,800,0.333333333
Maharashtra,YAVATMAL,2004,Kharif,Sesamum,4300,700,0.162790698
Maharashtra,YAVATMAL,2004,Kharif,Sunflower,200,100,0.5
Maharashtra,YAVATMAL,2004,Kharif,Urad,16000,4400,0.275
Maharashtra,YAVATMAL,2004,Rabi,Gram,12900,6400,0.496124031
Maharashtra,YAVATMAL,2004,Rabi,Linseed,100,0,0
Maharashtra,YAVATMAL,2004,Rabi,Other  Rabi pulses,100,0,0
Maharashtra,YAVATMAL,2004,Rabi,Rapeseed &Mustard,100,0,0
Maharashtra,YAVATMAL,2004,Rabi,Safflower,100,100,1
Maharashtra,YAVATMAL,2004,Rabi,Soyabean,176300,94600,0.536585366
Maharashtra,YAVATMAL,2004,Rabi,Wheat,5100,5000,0.980392157
Maharashtra,YAVATMAL,2004,Summer,Groundnut,1000,700,0.7
Maharashtra,YAVATMAL,2004,Whole Year,Cotton(lint),332800,286300,0.860276442
Maharashtra,YAVATMAL,2004,Whole Year,Sugarcane,3000,199600,66.53333333
Maharashtra,YAVATMAL,2005,Kharif,Arhar/Tur,13170,10630,0.807137434
Maharashtra,YAVATMAL,2005,Kharif,Bajra,3000,1500,0.5
Maharashtra,YAVATMAL,2005,Kharif,Castor seed,1300,500,0.384615385
Maharashtra,YAVATMAL,2005,Kharif,Cotton(lint),324000,281500,0.86882716
Maharashtra,YAVATMAL,2005,Kharif,Groundnut,100,100,1
Maharashtra,YAVATMAL,2005,Kharif,Moong(Green Gram),26600,11300,0.42481203
Maharashtra,YAVATMAL,2005,Kharif,Rice,1800,900,0.5
Maharashtra,YAVATMAL,2005,Kharif,Sesamum,4400,900,0.204545455
Maharashtra,YAVATMAL,2005,Kharif,Soyabean,212500,236800,1.114352941
Maharashtra,YAVATMAL,2005,Kharif,Sugarcane,2700,192300,71.22222222
Maharashtra,YAVATMAL,2005,Kharif,Sunflower,200,100,0.5
Maharashtra,YAVATMAL,2005,Kharif,Urad,13900,6000,0.431654676
Maharashtra,YAVATMAL,2005,Rabi,Gram,36900,22600,0.612466125
Maharashtra,YAVATMAL,2005,Rabi,Linseed,200,100,0.5
Maharashtra,YAVATMAL,2005,Rabi,Rapeseed &Mustard,800,500,0.625
Maharashtra,YAVATMAL,2005,Rabi,Safflower,200,100,0.5
Maharashtra,YAVATMAL,2005,Rabi,Wheat,15900,15800,0.993710692
Maharashtra,YAVATMAL,2005,Summer,Groundnut,12400,21300,1.717741935
Maharashtra,YAVATMAL,2006,Kharif,Arhar/Tur,113800,111500,0.979789104
Maharashtra,YAVATMAL,2006,Kharif,Bajra,800,400,0.5
Maharashtra,YAVATMAL,2006,Kharif,Castor seed,100,45,0.45
Maharashtra,YAVATMAL,2006,Kharif,Cotton(lint),413500,492200,1.190326481
Maharashtra,YAVATMAL,2006,Kharif,Groundnut,200,100,0.5
Maharashtra,YAVATMAL,2006,Kharif,Jowar,83500,82000,0.982035928
Maharashtra,YAVATMAL,2006,Kharif,Maize,400,700,1.75
Maharashtra,YAVATMAL,2006,Kharif,Moong(Green Gram),13100,6200,0.473282443
Maharashtra,YAVATMAL,2006,Kharif,Rice,600,300,0.5
Maharashtra,YAVATMAL,2006,Kharif,Sesamum,2500,400,0.16
Maharashtra,YAVATMAL,2006,Kharif,Soyabean,268100,293500,1.094740768
Maharashtra,YAVATMAL,2006,Kharif,Sunflower,100,100,1
Maharashtra,YAVATMAL,2006,Kharif,Urad,9400,3700,0.393617021
Maharashtra,YAVATMAL,2006,Rabi,Gram,56000,46300,0.826785714
Maharashtra,YAVATMAL,2006,Rabi,Rapeseed &Mustard,300,200,0.666666667
Maharashtra,YAVATMAL,2006,Rabi,Safflower,200,100,0.5
Maharashtra,YAVATMAL,2006,Rabi,Sunflower,100,100,1
Maharashtra,YAVATMAL,2006,Rabi,Wheat,33100,37600,1.135951662
Maharashtra,YAVATMAL,2006,Summer,Groundnut,10200,11200,1.098039216
Maharashtra,YAVATMAL,2006,Summer,Sunflower,100,100,1
Maharashtra,YAVATMAL,2007,Kharif,Arhar/Tur,1101,1191,1.081743869
Maharashtra,YAVATMAL,2007,Kharif,Bajra,7,4,0.571428571
Maharashtra,YAVATMAL,2007,Kharif,Castor seed,1,1,1
Maharashtra,YAVATMAL,2007,Kharif,Cotton(lint),4165,10086,2.421608643
Maharashtra,YAVATMAL,2007,Kharif,Groundnut,2,2,1
Maharashtra,YAVATMAL,2007,Kharif,Jowar,817,884,1.082007344
Maharashtra,YAVATMAL,2007,Kharif,Maize,2,6,3
Maharashtra,YAVATMAL,2007,Kharif,Moong(Green Gram),159,92,0.578616352
Maharashtra,YAVATMAL,2007,Kharif,Rice,6,4,0.666666667
Maharashtra,YAVATMAL,2007,Kharif,Sesamum,23,7,0.304347826
Maharashtra,YAVATMAL,2007,Kharif,Soyabean,2666,3335,1.250937734
Maharashtra,YAVATMAL,2007,Kharif,Sunflower,1,1,1
Maharashtra,YAVATMAL,2007,Kharif,Urad,133,93,0.69924812
Maharashtra,YAVATMAL,2007,Rabi,Gram,1044,885,0.847701149
Maharashtra,YAVATMAL,2007,Rabi,Safflower,1,1,1
Maharashtra,YAVATMAL,2007,Summer,Groundnut,68,77,1.132352941
Maharashtra,YAVATMAL,2007,Whole Year,Sugarcane,133,11126,83.65413534
Maharashtra,YAVATMAL,2008,Kharif,Arhar/Tur,103800,62400,0.601156069
Maharashtra,YAVATMAL,2008,Kharif,Bajra,1500,800,0.533333333
Maharashtra,YAVATMAL,2008,Kharif,Castor seed,100,20,0.2
Maharashtra,YAVATMAL,2008,Kharif,Cotton(lint),379400,711800,1.87612019
Maharashtra,YAVATMAL,2008,Kharif,Groundnut,100,100,1
Maharashtra,YAVATMAL,2008,Kharif,Jowar,74400,72000,0.967741935
Maharashtra,YAVATMAL,2008,Kharif,Maize,500,1500,3
Maharashtra,YAVATMAL,2008,Kharif,Moong(Green Gram),13500,1900,0.140740741
Maharashtra,YAVATMAL,2008,Kharif,Rice,500,200,0.4
Maharashtra,YAVATMAL,2008,Kharif,Sesamum,1600,300,0.1875
Maharashtra,YAVATMAL,2008,Kharif,Soyabean,311800,103700,0.33258499
Maharashtra,YAVATMAL,2008,Kharif,Sugarcane,6300,357300,56.71428571
Maharashtra,YAVATMAL,2008,Kharif,Urad,9600,1300,0.135416667
Maharashtra,YAVATMAL,2008,Rabi,Gram,33400,24700,0.739520958
Maharashtra,YAVATMAL,2008,Rabi,Safflower,100,100,1
Maharashtra,YAVATMAL,2008,Rabi,Wheat,38000,41200,1.084210526
Maharashtra,YAVATMAL,2008,Whole Year,Sugarcane,6300,357300,56.71428571
Maharashtra,YAVATMAL,2009,Kharif,Arhar/Tur,103800,71600,0.689788054
Maharashtra,YAVATMAL,2009,Kharif,Bajra,1500,1100,0.733333333
Maharashtra,YAVATMAL,2009,Kharif,Cotton(lint),392100,506600,1.292017343
Maharashtra,YAVATMAL,2009,Kharif,Groundnut,100,100,1
Maharashtra,YAVATMAL,2009,Kharif,Jowar,71600,37600,0.525139665
Maharashtra,YAVATMAL,2009,Kharif,Maize,1100,2400,2.181818182
Maharashtra,YAVATMAL,2009,Kharif,Moong(Green Gram),13500,3200,0.237037037
Maharashtra,YAVATMAL,2009,Kharif,Rice,200,300,1.5
Maharashtra,YAVATMAL,2009,Kharif,Sesamum,1100,400,0.363636364
Maharashtra,YAVATMAL,2009,Kharif,Soyabean,311800,126600,0.406029506
Maharashtra,YAVATMAL,2009,Kharif,Sugarcane,2300,167200,72.69565217
Maharashtra,YAVATMAL,2009,Kharif,Urad,9600,2500,0.260416667
Maharashtra,YAVATMAL,2009,Rabi,Gram,27600,17800,0.644927536
Maharashtra,YAVATMAL,2009,Rabi,Safflower,300,300,1
Maharashtra,YAVATMAL,2009,Rabi,Wheat,18000,20000,1.111111111
Maharashtra,YAVATMAL,2010,Kharif,Arhar/Tur,121600,90400,0.743421053
Maharashtra,YAVATMAL,2010,Kharif,Bajra,1300,700,0.538461538
Maharashtra,YAVATMAL,2010,Kharif,Cotton(lint),479800,775900,1.617132138
Maharashtra,YAVATMAL,2010,Kharif,Jowar,68500,52400,0.764963504
Maharashtra,YAVATMAL,2010,Kharif,Maize,400,1000,2.5
Maharashtra,YAVATMAL,2010,Kharif,Moong(Green Gram),13800,7700,0.557971014
Maharashtra,YAVATMAL,2010,Kharif,Sesamum,900,300,0.333333333
Maharashtra,YAVATMAL,2010,Kharif,Soyabean,198500,273100,1.37581864
Maharashtra,YAVATMAL,2010,Kharif,Sugarcane,4500,300600,66.8
Maharashtra,YAVATMAL,2010,Kharif,Urad,9300,5700,0.612903226
Maharashtra,YAVATMAL,2010,Rabi,Gram,38000,43900,1.155263158
Maharashtra,YAVATMAL,2010,Rabi,Jowar,100,100,1
Maharashtra,YAVATMAL,2010,Rabi,Safflower,100,49,0.49
Maharashtra,YAVATMAL,2010,Rabi,Wheat,41700,61400,1.472422062
Maharashtra,YAVATMAL,2011,Kharif,Arhar/Tur,108500,93800,0.864516129
Maharashtra,YAVATMAL,2011,Kharif,Bajra,400,300,0.75
Maharashtra,YAVATMAL,2011,Kharif,Cotton(lint),481100,713500,1.483059655
Maharashtra,YAVATMAL,2011,Kharif,Groundnut,100,100,1
Maharashtra,YAVATMAL,2011,Kharif,Jowar,67000,86100,1.285074627
Maharashtra,YAVATMAL,2011,Kharif,Maize,500,1400,2.8
Maharashtra,YAVATMAL,2011,Kharif,Moong(Green Gram),10900,5600,0.513761468
Maharashtra,YAVATMAL,2011,Kharif,Rice,100,100,1
Maharashtra,YAVATMAL,2011,Kharif,Sesamum,900,300,0.333333333
Maharashtra,YAVATMAL,2011,Kharif,Soyabean,221400,298100,1.346431798
Maharashtra,YAVATMAL,2011,Kharif,Urad,8400,4400,0.523809524
Maharashtra,YAVATMAL,2011,Rabi,Gram,40600,52400,1.290640394
Maharashtra,YAVATMAL,2011,Rabi,Jowar,100,100,1
Maharashtra,YAVATMAL,2011,Rabi,Wheat,34100,58500,1.715542522
Maharashtra,YAVATMAL,2011,Summer,Groundnut,6100,8000,1.31147541
Maharashtra,YAVATMAL,2011,Whole Year,Sugarcane,4700,330500,70.31914894
Maharashtra,YAVATMAL,2012,Kharif,Arhar/Tur,109600,120100,1.09580292
Maharashtra,YAVATMAL,2012,Kharif,Bajra,300,300,1
Maharashtra,YAVATMAL,2012,Kharif,Cotton(lint),467600,981400,2.098802395
Maharashtra,YAVATMAL,2012,Kharif,Groundnut,100,100,1
Maharashtra,YAVATMAL,2012,Kharif,Jowar,59600,68700,1.152684564
Maharashtra,YAVATMAL,2012,Kharif,Maize,500,1100,2.2
Maharashtra,YAVATMAL,2012,Kharif,Moong(Green Gram),10100,6300,0.623762376
Maharashtra,YAVATMAL,2012,Kharif,Rice,100,40,0.4
Maharashtra,YAVATMAL,2012,Kharif,Sesamum,700,100,0.142857143
Maharashtra,YAVATMAL,2012,Kharif,Soyabean,236800,389100,1.643158784
Maharashtra,YAVATMAL,2012,Kharif,Urad,6900,4600,0.666666667
Maharashtra,YAVATMAL,2012,Rabi,Gram,45600,54100,1.186403509
Maharashtra,YAVATMAL,2012,Rabi,Jowar,200,200,1
Maharashtra,YAVATMAL,2012,Rabi,Wheat,36100,64600,1.789473684
Maharashtra,YAVATMAL,2012,Summer,Groundnut,8600,14200,1.651162791
Maharashtra,YAVATMAL,2012,Summer,Maize,800,,
Maharashtra,YAVATMAL,2012,Whole Year,Sugarcane,4200,355100,84.54761905
Maharashtra,YAVATMAL,2013,Kharif,Arhar/Tur,109200,80400,0.736263736
Maharashtra,YAVATMAL,2013,Kharif,Bajra,100,100,1
Maharashtra,YAVATMAL,2013,Kharif,Cotton(lint),416300,700400,1.682440548
Maharashtra,YAVATMAL,2013,Kharif,Jowar,48300,15600,0.322981366
Maharashtra,YAVATMAL,2013,Kharif,Moong(Green Gram),10100,3100,0.306930693
Maharashtra,YAVATMAL,2013,Kharif,Rice,100,,
Maharashtra,YAVATMAL,2013,Kharif,Sesamum,500,100,0.2
Maharashtra,YAVATMAL,2013,Kharif,Soyabean,285600,156600,0.548319328
Maharashtra,YAVATMAL,2013,Kharif,Urad,5700,1600,0.280701754
Maharashtra,YAVATMAL,2013,Rabi,Gram,45600,37100,0.813596491
Maharashtra,YAVATMAL,2013,Rabi,Wheat,34500,30700,0.889855072
Maharashtra,YAVATMAL,2013,Summer,Groundnut,10000,12500,1.25
Maharashtra,YAVATMAL,2013,Summer,Maize,400,500,1.25
Maharashtra,YAVATMAL,2013,Whole Year,Sugarcane,6500,490700,75.49230769
Maharashtra,YAVATMAL,2014,Kharif,Arhar/Tur,111800,25500,0.228085868
Maharashtra,YAVATMAL,2014,Kharif,Bajra,200,,
Maharashtra,YAVATMAL,2014,Kharif,Castor seed,900,400,0.444444444
Maharashtra,YAVATMAL,2014,Kharif,Cotton(lint),421000,287400,0.682660333
Maharashtra,YAVATMAL,2014,Kharif,Jowar,43100,19200,0.445475638
Maharashtra,YAVATMAL,2014,Kharif,Moong(Green Gram),8300,1300,0.156626506
Maharashtra,YAVATMAL,2014,Kharif,Soyabean,306000,97600,0.318954248
Maharashtra,YAVATMAL,2014,Rabi,Gram,38500,32600,0.846753247
Maharashtra,YAVATMAL,2014,Rabi,Jowar,4000,3300,0.825
Maharashtra,YAVATMAL,2014,Rabi,Maize,1300,200,0.153846154
Maharashtra,YAVATMAL,2014,Rabi,Wheat,29100,26800,0.920962199
Maharashtra,YAVATMAL,2014,Summer,Groundnut,9400,11500,1.223404255
Maharashtra,YAVATMAL,2014,Whole Year,Sugarcane,8100,553700,68.35802469
Manipur,BISHNUPUR,1997,Kharif,Onion,2,5,2.5
Manipur,BISHNUPUR,1997,Kharif,Rice,17,40,2.352941176
Manipur,BISHNUPUR,1997,Whole Year,Sugarcane,7,2,0.285714286
Manipur,BISHNUPUR,1998,Autumn,Dry chillies,160,100,0.625
Manipur,BISHNUPUR,1998,Autumn,Jute,10,20,2
Manipur,BISHNUPUR,1998,Autumn,Onion,10,20,2
Manipur,BISHNUPUR,1998,Autumn,Rice,1470,3360,2.285714286
Manipur,BISHNUPUR,1998,Autumn,Sugarcane,160,5230,32.6875
Manipur,BISHNUPUR,1998,Autumn,Turmeric,20,10,0.5
Manipur,BISHNUPUR,1998,Rabi,Dry chillies,280,160,0.571428571
Manipur,BISHNUPUR,1998,Rabi,Onion,10,20,2
Manipur,BISHNUPUR,1998,Rabi,Peas & beans (Pulses),60,30,0.5
Manipur,BISHNUPUR,1998,Rabi,Potato,160,840,5.25
Manipur,BISHNUPUR,1998,Rabi,Rapeseed &Mustard,440,200,0.454545455
Manipur,BISHNUPUR,1998,Rabi,Sugarcane,10,330,33
Manipur,BISHNUPUR,1998,Summer,Dry chillies,190,120,0.631578947
Manipur,BISHNUPUR,1998,Summer,Dry ginger,10,20,2
Manipur,BISHNUPUR,1998,Summer,Jute,10,20,2
Manipur,BISHNUPUR,1998,Summer,Onion,30,70,2.333333333
Manipur,BISHNUPUR,1998,Summer,Peas & beans (Pulses),60,30,0.5
Manipur,BISHNUPUR,1998,Summer,Sugarcane,140,4570,32.64285714
Manipur,BISHNUPUR,1998,Winter,Onion,10,20,2
Manipur,BISHNUPUR,1998,Winter,Peas & beans (Pulses),110,60,0.545454545
Manipur,BISHNUPUR,1998,Winter,Potato,190,990,5.210526316
Manipur,BISHNUPUR,1998,Winter,Rice,16140,42510,2.633828996
Manipur,BISHNUPUR,1998,Winter,Sugarcane,160,5230,32.6875
Manipur,BISHNUPUR,1999,Kharif,Dry ginger,20,30,1.5
Manipur,BISHNUPUR,1999,Kharif,Jute,20,40,2
Manipur,BISHNUPUR,1999,Kharif,Peas & beans (Pulses),110,50,0.454545455
Manipur,BISHNUPUR,1999,Kharif,Rice,18360,48930,2.66503268
Manipur,BISHNUPUR,1999,Rabi,Rapeseed &Mustard,1010,450,0.445544554
Manipur,BISHNUPUR,1999,Whole Year,Banana,440,5660,12.86363636
Manipur,BISHNUPUR,1999,Whole Year,Dry chillies,540,320,0.592592593
Manipur,BISHNUPUR,1999,Whole Year,Onion,10,20,2
Manipur,BISHNUPUR,1999,Whole Year,Potato,350,1830,5.228571429
Manipur,BISHNUPUR,1999,Whole Year,Sugarcane,60,1960,32.66666667
Manipur,BISHNUPUR,1999,Whole Year,Turmeric,60,30,0.5
Manipur,BISHNUPUR,2000,Kharif,Other Kharif pulses,270,130,0.481481481
Manipur,BISHNUPUR,2000,Kharif,Peas & beans (Pulses),160,80,0.5
Manipur,BISHNUPUR,2000,Kharif,Rice,18660,50320,2.696677385
Manipur,BISHNUPUR,2000,Rabi,Rapeseed &Mustard,200,80,0.4
Manipur,BISHNUPUR,2000,Whole Year,Banana,210,2710,12.9047619
Manipur,BISHNUPUR,2000,Whole Year,Dry chillies,380,220,0.578947368
Manipur,BISHNUPUR,2000,Whole Year,Onion,90,190,2.111111111
Manipur,BISHNUPUR,2000,Whole Year,Potato,390,2040,5.230769231
Manipur,BISHNUPUR,2000,Whole Year,Sugarcane,120,3920,32.66666667
Manipur,BISHNUPUR,2001,Kharif,Other Kharif pulses,360,180,0.5
Manipur,BISHNUPUR,2001,Kharif,Peas & beans (Pulses),170,80,0.470588235
Manipur,BISHNUPUR,2001,Kharif,Rice,19020,51410,2.702944269
Manipur,BISHNUPUR,2001,Whole Year,Banana,510,6560,12.8627451
Manipur,BISHNUPUR,2001,Whole Year,Dry chillies,470,280,0.595744681
Manipur,BISHNUPUR,2001,Whole Year,Onion,100,210,2.1
Manipur,BISHNUPUR,2002,Kharif,Other Kharif pulses,140,70,0.5
Manipur,BISHNUPUR,2002,Kharif,Peas & beans (Pulses),50,30,0.6
Manipur,BISHNUPUR,2002,Kharif,Rice,17050,48370,2.836950147
Manipur,BISHNUPUR,2002,Whole Year,Banana,181,1300,7.182320442
Manipur,BISHNUPUR,2002,Whole Year,Beans & Mutter(Vegetable),415,2230,5.373493976
Manipur,BISHNUPUR,2002,Whole Year,Bhindi,165,570,3.454545455
Manipur,BISHNUPUR,2002,Whole Year,Brinjal,46,280,6.086956522
Manipur,BISHNUPUR,2002,Whole Year,Cabbage,270,3150,11.66666667
Manipur,BISHNUPUR,2002,Whole Year,Carrot,50,370,7.4
Manipur,BISHNUPUR,2002,Whole Year,Cauliflower,235,2400,10.21276596
Manipur,BISHNUPUR,2002,Whole Year,Citrus Fruit,108,370,3.425925926
Manipur,BISHNUPUR,2002,Whole Year,Dry chillies,450,270,0.6
Manipur,BISHNUPUR,2002,Whole Year,Jack Fruit,60,250,4.166666667
Manipur,BISHNUPUR,2002,Whole Year,Mango,30,170,5.666666667
Manipur,BISHNUPUR,2002,Whole Year,Onion,20,40,2
Manipur,BISHNUPUR,2002,Whole Year,Other Fresh Fruits,1350,3030,2.244444444
Manipur,BISHNUPUR,2002,Whole Year,Other Vegetables,40,210,5.25
Manipur,BISHNUPUR,2002,Whole Year,Papaya,260,1450,5.576923077
Manipur,BISHNUPUR,2002,Whole Year,Pineapple,1192,8800,7.382550336
Manipur,BISHNUPUR,2002,Whole Year,Pome Fruit,60,148,2.466666667
Manipur,BISHNUPUR,2002,Whole Year,Potato,370,1940,5.243243243
Manipur,BISHNUPUR,2002,Whole Year,Redish,30,310,10.33333333
Manipur,BISHNUPUR,2002,Whole Year,Sugarcane,100,3260,32.6
Manipur,BISHNUPUR,2002,Whole Year,Tapioca,60,190,3.166666667
Manipur,BISHNUPUR,2002,Whole Year,Tomato,100,820,8.2
Manipur,BISHNUPUR,2002,Whole Year,Turmeric,170,110,0.647058824
Manipur,BISHNUPUR,2003,Kharif,Other Kharif pulses,360,180,0.5
Manipur,BISHNUPUR,2003,Kharif,Peas & beans (Pulses),50,30,0.6
Manipur,BISHNUPUR,2003,Kharif,Rice,16470,55040,3.341833637
Manipur,BISHNUPUR,2003,Whole Year,Banana,191,1499,7.848167539
Manipur,BISHNUPUR,2003,Whole Year,Beans & Mutter(Vegetable),460,2264,4.92173913
Manipur,BISHNUPUR,2003,Whole Year,Bhindi,170,578,3.4
Manipur,BISHNUPUR,2003,Whole Year,Bitter Gourd,9,48,5.333333333
Manipur,BISHNUPUR,2003,Whole Year,Bottle Gourd,8,58,7.25
Manipur,BISHNUPUR,2003,Whole Year,Brinjal,54,254,4.703703704
Manipur,BISHNUPUR,2003,Whole Year,Cabbage,310,3782,12.2
Manipur,BISHNUPUR,2003,Whole Year,Carrot,55,413,7.509090909
Manipur,BISHNUPUR,2003,Whole Year,Cauliflower,240,2064,8.6
Manipur,BISHNUPUR,2003,Whole Year,Citrus Fruit,109,523,4.798165138
Manipur,BISHNUPUR,2003,Whole Year,Dry chillies,250,150,0.6
Manipur,BISHNUPUR,2003,Whole Year,Jack Fruit,53,243,4.58490566
Manipur,BISHNUPUR,2003,Whole Year,Mango,32,163,5.09375
Manipur,BISHNUPUR,2003,Whole Year,Onion,80,170,2.125
Manipur,BISHNUPUR,2003,Whole Year,Orange,151,619,4.099337748
Manipur,BISHNUPUR,2003,Whole Year,Other Fresh Fruits,1180,3175,2.690677966
Manipur,BISHNUPUR,2003,Whole Year,Other Vegetables,54,392,7.259259259
Manipur,BISHNUPUR,2003,Whole Year,Papaya,262,1520,5.801526718
Manipur,BISHNUPUR,2003,Whole Year,Pineapple,1252,9390,7.5
Manipur,BISHNUPUR,2003,Whole Year,Pome Fruit,60,188,3.133333333
Manipur,BISHNUPUR,2003,Whole Year,Redish,32,285,8.90625
Manipur,BISHNUPUR,2003,Whole Year,Sugarcane,120,3920,32.66666667
Manipur,BISHNUPUR,2003,Whole Year,Sweet potato,12,79,6.583333333
Manipur,BISHNUPUR,2003,Whole Year,Tapioca,40,224,5.6
Manipur,BISHNUPUR,2003,Whole Year,Tomato,108,864,8
Manipur,BISHNUPUR,2003,Whole Year,Turmeric,310,210,0.677419355
Manipur,BISHNUPUR,2004,Kharif,Dry ginger,10,20,2
Manipur,BISHNUPUR,2004,Kharif,Other Kharif pulses,180,90,0.5
Manipur,BISHNUPUR,2004,Kharif,Peas & beans (Pulses),110,50,0.454545455
Manipur,BISHNUPUR,2004,Kharif,Rice,21740,63390,2.915823367
Manipur,BISHNUPUR,2004,Rabi,Rapeseed &Mustard,90,40,0.444444444
Manipur,BISHNUPUR,2004,Whole Year,Banana,10,130,13
Manipur,BISHNUPUR,2004,Whole Year,Dry chillies,350,210,0.6
Manipur,BISHNUPUR,2004,Whole Year,Onion,100,210,2.1
Manipur,BISHNUPUR,2004,Whole Year,Potato,190,990,5.210526316
Manipur,BISHNUPUR,2004,Whole Year,Turmeric,220,150,0.681818182
Manipur,BISHNUPUR,2005,Kharif,Dry ginger,10,20,2
Manipur,BISHNUPUR,2005,Kharif,Other Kharif pulses,430,220,0.511627907
Manipur,BISHNUPUR,2005,Kharif,Peas & beans (Pulses),100,60,0.6
Manipur,BISHNUPUR,2005,Kharif,Rice,16030,48180,3.005614473
Manipur,BISHNUPUR,2005,Kharif,Soyabean,10,10,1
Manipur,BISHNUPUR,2005,Rabi,Rapeseed &Mustard,130,50,0.384615385
Manipur,BISHNUPUR,2005,Whole Year,Banana,10,130,13
Manipur,BISHNUPUR,2005,Whole Year,Dry chillies,540,320,0.592592593
Manipur,BISHNUPUR,2005,Whole Year,Onion,50,110,2.2
Manipur,BISHNUPUR,2005,Whole Year,Potato,260,1360,5.230769231
Manipur,BISHNUPUR,2005,Whole Year,Sugarcane,20,650,32.5
Manipur,BISHNUPUR,2005,Whole Year,Turmeric,150,100,0.666666667
Manipur,BISHNUPUR,2006,Kharif,Dry ginger,20,30,1.5
Manipur,BISHNUPUR,2006,Kharif,Other Kharif pulses,580,300,0.517241379
Manipur,BISHNUPUR,2006,Kharif,Peas & beans (Pulses),260,130,0.5
Manipur,BISHNUPUR,2006,Kharif,Rice,15210,40820,2.683760684
Manipur,BISHNUPUR,2006,Summer,Turmeric,30,20,0.666666667
Manipur,BISHNUPUR,2006,Whole Year,Banana,30,390,13
Manipur,BISHNUPUR,2006,Whole Year,Dry chillies,940,560,0.595744681
Manipur,BISHNUPUR,2006,Whole Year,Onion,60,130,2.166666667
Manipur,BISHNUPUR,2006,Whole Year,Potato,690,3610,5.231884058
Manipur,BISHNUPUR,2006,Whole Year,Sugarcane,160,5230,32.6875
Manipur,BISHNUPUR,2006,Whole Year,Turmeric,170,170,1
Manipur,BISHNUPUR,2007,Kharif,Dry ginger,10,20,2
Manipur,BISHNUPUR,2007,Kharif,Other Kharif pulses,470,230,0.489361702
Manipur,BISHNUPUR,2007,Kharif,Peas & beans (Pulses),210,110,0.523809524
Manipur,BISHNUPUR,2007,Kharif,Rice,17200,50940,2.961627907
Manipur,BISHNUPUR,2007,Rabi,Rapeseed &Mustard,40,20,0.5
Manipur,BISHNUPUR,2007,Whole Year,Banana,130,1670,12.84615385
Manipur,BISHNUPUR,2007,Whole Year,Dry chillies,670,400,0.597014925
Manipur,BISHNUPUR,2007,Whole Year,Onion,60,130,2.166666667
Manipur,BISHNUPUR,2007,Whole Year,Potato,620,3240,5.225806452
Manipur,BISHNUPUR,2007,Whole Year,Turmeric,300,210,0.7
Manipur,CHANDEL,1997,Kharif,Maize,2,4,2
Manipur,CHANDEL,1997,Kharif,Other Kharif pulses,8,4,0.5
Manipur,CHANDEL,1997,Kharif,Rice,7,9,1.285714286
Manipur,CHANDEL,1997,Whole Year,Banana,1,12,12
Manipur,CHANDEL,1998,Autumn,Banana,350,4510,12.88571429
Manipur,CHANDEL,1998,Autumn,Dry ginger,30,50,1.666666667
Manipur,CHANDEL,1998,Autumn,Maize,30,40,1.333333333
Manipur,CHANDEL,1998,Autumn,Peas & beans (Pulses),160,80,0.5
Manipur,CHANDEL,1998,Autumn,Potato,20,110,5.5
Manipur,CHANDEL,1998,Autumn,Rice,2700,3320,1.22962963
Manipur,CHANDEL,1998,Autumn,Sesamum,260,120,0.461538462
Manipur,CHANDEL,1998,Autumn,Soyabean,30,40,1.333333333
Manipur,CHANDEL,1998,Rabi,Banana,250,3210,12.84
Manipur,CHANDEL,1998,Rabi,Onion,10,20,2
Manipur,CHANDEL,1998,Rabi,Peas & beans (Pulses),200,100,0.5
Manipur,CHANDEL,1998,Rabi,Potato,270,1410,5.222222222
Manipur,CHANDEL,1998,Winter,Banana,300,3860,12.86666667
Manipur,CHANDEL,1998,Winter,Onion,10,20,2
Manipur,CHANDEL,1998,Winter,Peas & beans (Pulses),70,40,0.571428571
Manipur,CHANDEL,1998,Winter,Potato,330,1720,5.212121212
Manipur,CHANDEL,1998,Winter,Rice,3540,5180,1.463276836
Manipur,CHANDEL,1999,Kharif,Dry ginger,50,80,1.6
Manipur,CHANDEL,1999,Kharif,Maize,180,460,2.555555556
Manipur,CHANDEL,1999,Kharif,Peas & beans (Pulses),310,160,0.516129032
Manipur,CHANDEL,1999,Kharif,Rice,6170,6710,1.087520259
Manipur,CHANDEL,1999,Kharif,Sesamum,140,70,0.5
Manipur,CHANDEL,1999,Kharif,Soyabean,130,160,1.230769231
Manipur,CHANDEL,1999,Rabi,Rapeseed &Mustard,40,20,0.5
Manipur,CHANDEL,1999,Whole Year,Banana,810,10420,12.86419753
Manipur,CHANDEL,1999,Whole Year,Dry chillies,10,10,1
Manipur,CHANDEL,1999,Whole Year,Onion,10,20,2
Manipur,CHANDEL,1999,Whole Year,Potato,130,680,5.230769231
Manipur,CHANDEL,1999,Whole Year,Sugarcane,180,5880,32.66666667
Manipur,CHANDEL,1999,Whole Year,Tapioca,30,130,4.333333333
Manipur,CHANDEL,1999,Whole Year,Turmeric,10,10,1
Manipur,CHANDEL,2000,Kharif,Dry ginger,50,80,1.6
Manipur,CHANDEL,2000,Kharif,Maize,140,460,3.285714286
Manipur,CHANDEL,2000,Kharif,Other Kharif pulses,70,40,0.571428571
Manipur,CHANDEL,2000,Kharif,Peas & beans (Pulses),450,290,0.644444444
Manipur,CHANDEL,2000,Kharif,Rice,9410,11680,1.241232731
Manipur,CHANDEL,2000,Kharif,Sesamum,220,110,0.5
Manipur,CHANDEL,2000,Rabi,Rapeseed &Mustard,260,140,0.538461538
Manipur,CHANDEL,2000,Whole Year,Banana,750,9650,12.86666667
Manipur,CHANDEL,2000,Whole Year,Dry chillies,10,10,1
Manipur,CHANDEL,2000,Whole Year,Potato,140,730,5.214285714
Manipur,CHANDEL,2000,Whole Year,Sugarcane,150,4900,32.66666667
Manipur,CHANDEL,2001,Kharif,Dry ginger,330,540,1.636363636
Manipur,CHANDEL,2001,Kharif,Maize,360,1130,3.138888889
Manipur,CHANDEL,2001,Kharif,Peas & beans (Pulses),200,100,0.5
Manipur,CHANDEL,2001,Kharif,Rice,8820,12220,1.385487528
Manipur,CHANDEL,2001,Kharif,Sesamum,350,170,0.485714286
Manipur,CHANDEL,2001,Whole Year,Banana,830,10670,12.85542169
Manipur,CHANDEL,2001,Whole Year,Dry chillies,110,70,0.636363636
Manipur,CHANDEL,2002,Kharif,Dry ginger,130,210,1.615384615
Manipur,CHANDEL,2002,Kharif,Maize,430,1280,2.976744186
Manipur,CHANDEL,2002,Kharif,Peas & beans (Pulses),360,190,0.527777778
Manipur,CHANDEL,2002,Kharif,Rice,5610,5930,1.057040998
Manipur,CHANDEL,2002,Kharif,Sesamum,30,20,0.666666667
Manipur,CHANDEL,2002,Kharif,Soyabean,140,170,1.214285714
Manipur,CHANDEL,2002,Whole Year,Banana,286,2100,7.342657343
Manipur,CHANDEL,2002,Whole Year,Beans & Mutter(Vegetable),90,408,4.533333333
Manipur,CHANDEL,2002,Whole Year,Bhindi,40,145,3.625
Manipur,CHANDEL,2002,Whole Year,Brinjal,34,169,4.970588235
Manipur,CHANDEL,2002,Whole Year,Cabbage,15,190,12.66666667
Manipur,CHANDEL,2002,Whole Year,Carrot,25,178,7.12
Manipur,CHANDEL,2002,Whole Year,Cashewnut,105,75,0.714285714
Manipur,CHANDEL,2002,Whole Year,Cauliflower,15,96,6.4
Manipur,CHANDEL,2002,Whole Year,Citrus Fruit,120,500,4.166666667
Manipur,CHANDEL,2002,Whole Year,Dry chillies,90,40,0.444444444
Manipur,CHANDEL,2002,Whole Year,Jack Fruit,30,130,4.333333333
Manipur,CHANDEL,2002,Whole Year,Mango,50,291,5.82
Manipur,CHANDEL,2002,Whole Year,Other Fresh Fruits,1060,1445,1.363207547
Manipur,CHANDEL,2002,Whole Year,Other Vegetables,20,107,5.35
Manipur,CHANDEL,2002,Whole Year,Papaya,315,1750,5.555555556
Manipur,CHANDEL,2002,Whole Year,Pineapple,640,3900,6.09375
Manipur,CHANDEL,2002,Whole Year,Pome Fruit,160,195,1.21875
Manipur,CHANDEL,2002,Whole Year,Potato,40,210,5.25
Manipur,CHANDEL,2002,Whole Year,Redish,20,196,9.8
Manipur,CHANDEL,2002,Whole Year,Sugarcane,120,3920,32.66666667
Manipur,CHANDEL,2002,Whole Year,Sweet potato,105,720,6.857142857
Manipur,CHANDEL,2002,Whole Year,Tapioca,100,575,5.75
Manipur,CHANDEL,2002,Whole Year,Tomato,27,210,7.777777778
Manipur,CHANDEL,2002,Whole Year,Turmeric,40,30,0.75
Manipur,CHANDEL,2003,Kharif,Dry ginger,250,410,1.64
Manipur,CHANDEL,2003,Kharif,Maize,210,660,3.142857143
Manipur,CHANDEL,2003,Kharif,Other Kharif pulses,20,10,0.5
Manipur,CHANDEL,2003,Kharif,Peas & beans (Pulses),560,290,0.517857143
Manipur,CHANDEL,2003,Kharif,Rice,7240,12040,1.662983425
Manipur,CHANDEL,2003,Kharif,Sesamum,30,20,0.666666667
Manipur,CHANDEL,2003,Kharif,Soyabean,130,150,1.153846154
Manipur,CHANDEL,2003,Rabi,Rapeseed &Mustard,20,10,0.5
Manipur,CHANDEL,2003,Whole Year,Banana,296,2324,7.851351351
Manipur,CHANDEL,2003,Whole Year,Beans & Mutter(Vegetable),93,432,4.64516129
Manipur,CHANDEL,2003,Whole Year,Bhindi,45,154,3.422222222
Manipur,CHANDEL,2003,Whole Year,Bitter Gourd,2,11,5.5
Manipur,CHANDEL,2003,Whole Year,Bottle Gourd,5,36,7.2
Manipur,CHANDEL,2003,Whole Year,Brinjal,25,118,4.72
Manipur,CHANDEL,2003,Whole Year,Cabbage,25,305,12.2
Manipur,CHANDEL,2003,Whole Year,Carrot,15,112,7.466666667
Manipur,CHANDEL,2003,Whole Year,Cashewnut,125,50,0.4
Manipur,CHANDEL,2003,Whole Year,Cauliflower,17,146,8.588235294
Manipur,CHANDEL,2003,Whole Year,Citrus Fruit,125,600,4.8
Manipur,CHANDEL,2003,Whole Year,Dry chillies,50,30,0.6
Manipur,CHANDEL,2003,Whole Year,Jack Fruit,28,128,4.571428571
Manipur,CHANDEL,2003,Whole Year,Mango,45,229,5.088888889
Manipur,CHANDEL,2003,Whole Year,Orange,87,357,4.103448276
Manipur,CHANDEL,2003,Whole Year,Other Fresh Fruits,1070,3159,2.952336449
Manipur,CHANDEL,2003,Whole Year,Other Vegetables,26,188,7.230769231
Manipur,CHANDEL,2003,Whole Year,Papaya,316,1833,5.800632911
Manipur,CHANDEL,2003,Whole Year,Pineapple,675,5062,7.499259259
Manipur,CHANDEL,2003,Whole Year,Pome Fruit,160,502,3.1375
Manipur,CHANDEL,2003,Whole Year,Redish,16,142,8.875
Manipur,CHANDEL,2003,Whole Year,Sugarcane,180,5880,32.66666667
Manipur,CHANDEL,2003,Whole Year,Sweet potato,10,66,6.6
Manipur,CHANDEL,2003,Whole Year,Tapioca,30,168,5.6
Manipur,CHANDEL,2003,Whole Year,Tomato,29,232,8
Manipur,CHANDEL,2003,Whole Year,Turmeric,40,30,0.75
Manipur,CHANDEL,2004,Kharif,Dry ginger,190,310,1.631578947
Manipur,CHANDEL,2004,Kharif,Maize,280,870,3.107142857
Manipur,CHANDEL,2004,Kharif,Other Kharif pulses,40,20,0.5
Manipur,CHANDEL,2004,Kharif,Peas & beans (Pulses),560,290,0.517857143
Manipur,CHANDEL,2004,Kharif,Rice,8230,18740,2.277035237
Manipur,CHANDEL,2004,Kharif,Sesamum,70,30,0.428571429
Manipur,CHANDEL,2004,Kharif,Soyabean,200,240,1.2
Manipur,CHANDEL,2004,Whole Year,Banana,1120,14400,12.85714286
Manipur,CHANDEL,2004,Whole Year,Dry chillies,70,40,0.571428571
Manipur,CHANDEL,2004,Whole Year,Potato,20,100,5
Manipur,CHANDEL,2005,Kharif,Dry ginger,90,150,1.666666667
Manipur,CHANDEL,2005,Kharif,Maize,400,1210,3.025
Manipur,CHANDEL,2005,Kharif,Peas & beans (Pulses),970,490,0.505154639
Manipur,CHANDEL,2005,Kharif,Rice,7540,13080,1.734748011
Manipur,CHANDEL,2005,Kharif,Sesamum,150,80,0.533333333
Manipur,CHANDEL,2005,Kharif,Soyabean,140,170,1.214285714
Manipur,CHANDEL,2005,Rabi,Rapeseed &Mustard,20,20,1
Manipur,CHANDEL,2005,Whole Year,Banana,1340,17240,12.86567164
Manipur,CHANDEL,2005,Whole Year,Dry chillies,90,50,0.555555556
Manipur,CHANDEL,2005,Whole Year,Potato,50,260,5.2
Manipur,CHANDEL,2006,Kharif,Dry ginger,380,630,1.657894737
Manipur,CHANDEL,2006,Kharif,Maize,480,1060,2.208333333
Manipur,CHANDEL,2006,Kharif,Peas & beans (Pulses),820,420,0.512195122
Manipur,CHANDEL,2006,Kharif,Rice,8520,15880,1.863849765
Manipur,CHANDEL,2006,Kharif,Sesamum,100,50,0.5
Manipur,CHANDEL,2006,Kharif,Soyabean,220,260,1.181818182
Manipur,CHANDEL,2006,Rabi,Rapeseed &Mustard,40,20,0.5
Manipur,CHANDEL,2006,Summer,Banana,390,5020,12.87179487
Manipur,CHANDEL,2006,Summer,Dry ginger,10,20,2
Manipur,CHANDEL,2006,Whole Year,Banana,130,1670,12.84615385
Manipur,CHANDEL,2006,Whole Year,Dry chillies,140,90,0.642857143
Manipur,CHANDEL,2006,Whole Year,Potato,10,50,5
Manipur,CHANDEL,2006,Whole Year,Sugarcane,250,8160,32.64
Manipur,CHANDEL,2006,Whole Year,Turmeric,10,10,1
Manipur,CHANDEL,2007,Kharif,Dry ginger,170,280,1.647058824
Manipur,CHANDEL,2007,Kharif,Maize,410,1150,2.804878049
Manipur,CHANDEL,2007,Kharif,Other Kharif pulses,10,10,1
Manipur,CHANDEL,2007,Kharif,Peas & beans (Pulses),680,340,0.5
Manipur,CHANDEL,2007,Kharif,Rice,7890,16030,2.031685678
Manipur,CHANDEL,2007,Kharif,Sesamum,20,10,0.5
Manipur,CHANDEL,2007,Kharif,Soyabean,20,20,1
Manipur,CHANDEL,2007,Rabi,Rapeseed &Mustard,30,10,0.333333333
Manipur,CHANDEL,2007,Whole Year,Banana,110,1410,12.81818182
Manipur,CHANDEL,2007,Whole Year,Dry chillies,90,60,0.666666667
Manipur,CHANDEL,2007,Whole Year,Potato,20,100,5
Manipur,CHANDEL,2007,Whole Year,Sugarcane,90,2940,32.66666667
Manipur,CHURACHANDPUR,1997,Kharif,Kapas,5,2,0.4
Manipur,CHURACHANDPUR,1997,Kharif,Maize,1,3,3
Manipur,CHURACHANDPUR,1997,Kharif,Rice,14,27,1.928571429
Manipur,CHURACHANDPUR,1997,Whole Year,Dry chillies,2,1,0.5
Manipur,CHURACHANDPUR,1998,Autumn,Banana,130,1670,12.84615385
Manipur,CHURACHANDPUR,1998,Autumn,Cotton(lint),30,20,0.666666667
Manipur,CHURACHANDPUR,1998,Autumn,Dry chillies,1070,640,0.598130841
Manipur,CHURACHANDPUR,1998,Autumn,Dry ginger,50,80,1.6
Manipur,CHURACHANDPUR,1998,Autumn,Maize,630,1540,2.444444444
Manipur,CHURACHANDPUR,1998,Autumn,Onion,10,20,2
Manipur,CHURACHANDPUR,1998,Autumn,Rice,3790,7570,1.997361478
Manipur,CHURACHANDPUR,1998,Autumn,Soyabean,20,20,1
Manipur,CHURACHANDPUR,1998,Autumn,Sugarcane,110,3590,32.63636364
Manipur,CHURACHANDPUR,1998,Autumn,Turmeric,10,10,1
Manipur,CHURACHANDPUR,1998,Rabi,Banana,80,1030,12.875
Manipur,CHURACHANDPUR,1998,Rabi,Peas & beans (Pulses),10,10,1
Manipur,CHURACHANDPUR,1998,Winter,Banana,140,1800,12.85714286
Manipur,CHURACHANDPUR,1998,Winter,Cotton(lint),30,10,0.333333333
Manipur,CHURACHANDPUR,1998,Winter,Dry chillies,1040,630,0.605769231
Manipur,CHURACHANDPUR,1998,Winter,Dry ginger,40,70,1.75
Manipur,CHURACHANDPUR,1998,Winter,Potato,40,210,5.25
Manipur,CHURACHANDPUR,1998,Winter,Rice,9890,20480,2.070778564
Manipur,CHURACHANDPUR,1998,Winter,Soyabean,30,40,1.333333333
Manipur,CHURACHANDPUR,1998,Winter,Sugarcane,10,330,33
Manipur,CHURACHANDPUR,1998,Winter,Turmeric,20,10,0.5
Manipur,CHURACHANDPUR,1999,Kharif,Cotton(lint),50,30,0.6
Manipur,CHURACHANDPUR,1999,Kharif,Dry ginger,80,130,1.625
Manipur,CHURACHANDPUR,1999,Kharif,Maize,840,1030,1.226190476
Manipur,CHURACHANDPUR,1999,Kharif,Peas & beans (Pulses),270,140,0.518518519
Manipur,CHURACHANDPUR,1999,Kharif,Rice,13730,25010,1.821558631
Manipur,CHURACHANDPUR,1999,Kharif,Sesamum,780,390,0.5
Manipur,CHURACHANDPUR,1999,Whole Year,Banana,390,5010,12.84615385
Manipur,CHURACHANDPUR,1999,Whole Year,Dry chillies,1430,860,0.601398601
Manipur,CHURACHANDPUR,1999,Whole Year,Onion,10,20,2
Manipur,CHURACHANDPUR,1999,Whole Year,Potato,60,310,5.166666667
Manipur,CHURACHANDPUR,1999,Whole Year,Sugarcane,400,13060,32.65
Manipur,CHURACHANDPUR,1999,Whole Year,Turmeric,20,10,0.5
Manipur,CHURACHANDPUR,2000,Kharif,Cotton(lint),60,20,0.333333333
Manipur,CHURACHANDPUR,2000,Kharif,Dry ginger,610,1020,1.672131148
Manipur,CHURACHANDPUR,2000,Kharif,Maize,1860,3980,2.139784946
Manipur,CHURACHANDPUR,2000,Kharif,Other Kharif pulses,60,30,0.5
Manipur,CHURACHANDPUR,2000,Kharif,Peas & beans (Pulses),440,220,0.5
Manipur,CHURACHANDPUR,2000,Kharif,Rice,12600,23490,1.864285714
Manipur,CHURACHANDPUR,2000,Kharif,Sesamum,900,440,0.488888889
Manipur,CHURACHANDPUR,2000,Rabi,Rapeseed &Mustard,640,280,0.4375
Manipur,CHURACHANDPUR,2000,Whole Year,Banana,470,6050,12.87234043
Manipur,CHURACHANDPUR,2000,Whole Year,Dry chillies,1450,870,0.6
Manipur,CHURACHANDPUR,2000,Whole Year,Potato,60,310,5.166666667
Manipur,CHURACHANDPUR,2000,Whole Year,Sugarcane,120,3920,32.66666667
Manipur,CHURACHANDPUR,2001,Kharif,Cotton(lint),90,30,0.333333333
Manipur,CHURACHANDPUR,2001,Kharif,Dry ginger,1360,2250,1.654411765
Manipur,CHURACHANDPUR,2001,Kharif,Maize,1180,1790,1.516949153
Manipur,CHURACHANDPUR,2001,Kharif,Other Kharif pulses,20,10,0.5
Manipur,CHURACHANDPUR,2001,Kharif,Peas & beans (Pulses),710,360,0.507042254
Manipur,CHURACHANDPUR,2001,Kharif,Rice,13780,26120,1.895500726
Manipur,CHURACHANDPUR,2001,Whole Year,Banana,340,4370,12.85294118
Manipur,CHURACHANDPUR,2001,Whole Year,Dry chillies,2000,170,0.085
Manipur,CHURACHANDPUR,2002,Kharif,Dry ginger,620,1020,1.64516129
Manipur,CHURACHANDPUR,2002,Kharif,Other Kharif pulses,100,50,0.5
Manipur,CHURACHANDPUR,2002,Kharif,Peas & beans (Pulses),430,220,0.511627907
Manipur,CHURACHANDPUR,2002,Kharif,Rice,22880,47540,2.077797203
Manipur,CHURACHANDPUR,2002,Whole Year,Banana,2690,1850,0.687732342
Manipur,CHURACHANDPUR,2002,Whole Year,Beans & Mutter(Vegetable),91,245,2.692307692
Manipur,CHURACHANDPUR,2002,Whole Year,Bhindi,40,0,0
Manipur,CHURACHANDPUR,2002,Whole Year,Brinjal,41,0,0
Manipur,CHURACHANDPUR,2002,Whole Year,Cabbage,30,396,13.2
Manipur,CHURACHANDPUR,2002,Whole Year,Carrot,25,0,0
Manipur,CHURACHANDPUR,2002,Whole Year,Cauliflower,10,96,9.6
Manipur,CHURACHANDPUR,2002,Whole Year,Citrus Fruit,176,0,0
Manipur,CHURACHANDPUR,2002,Whole Year,Dry chillies,4830,2900,0.600414079
Manipur,CHURACHANDPUR,2002,Whole Year,Jack Fruit,40,160,4
Manipur,CHURACHANDPUR,2002,Whole Year,Mango,70,261,3.728571429
Manipur,CHURACHANDPUR,2002,Whole Year,Other Fresh Fruits,1425,3579,2.511578947
Manipur,CHURACHANDPUR,2002,Whole Year,Other Vegetables,30,0,0
Manipur,CHURACHANDPUR,2002,Whole Year,Papaya,250,826,3.304
Manipur,CHURACHANDPUR,2002,Whole Year,Pineapple,1810,13000,7.182320442
Manipur,CHURACHANDPUR,2002,Whole Year,Pome Fruit,70,180,2.571428571
Manipur,CHURACHANDPUR,2002,Whole Year,Redish,20,0,0
Manipur,CHURACHANDPUR,2002,Whole Year,Sugarcane,100,3270,32.7
Manipur,CHURACHANDPUR,2002,Whole Year,Sweet potato,5,25,5
Manipur,CHURACHANDPUR,2002,Whole Year,Tapioca,30,300,10
Manipur,CHURACHANDPUR,2002,Whole Year,Tomato,48,248,5.166666667
Manipur,CHURACHANDPUR,2002,Whole Year,Turmeric,60,40,0.666666667
Manipur,CHURACHANDPUR,2003,Kharif,Dry ginger,370,610,1.648648649
Manipur,CHURACHANDPUR,2003,Kharif,Maize,230,270,1.173913043
Manipur,CHURACHANDPUR,2003,Kharif,Peas & beans (Pulses),180,90,0.5
Manipur,CHURACHANDPUR,2003,Kharif,Rice,20080,38370,1.910856574
Manipur,CHURACHANDPUR,2003,Kharif,Sesamum,750,370,0.493333333
Manipur,CHURACHANDPUR,2003,Whole Year,Banana,280,2198,7.85
Manipur,CHURACHANDPUR,2003,Whole Year,Beans & Mutter(Vegetable),103,448,4.349514563
Manipur,CHURACHANDPUR,2003,Whole Year,Bhindi,47,160,3.404255319
Manipur,CHURACHANDPUR,2003,Whole Year,Bitter Gourd,1,5,5
Manipur,CHURACHANDPUR,2003,Whole Year,Bottle Gourd,5,36,7.2
Manipur,CHURACHANDPUR,2003,Whole Year,Brinjal,31,146,4.709677419
Manipur,CHURACHANDPUR,2003,Whole Year,Cabbage,45,549,12.2
Manipur,CHURACHANDPUR,2003,Whole Year,Carrot,18,135,7.5
Manipur,CHURACHANDPUR,2003,Whole Year,Cauliflower,12,103,8.583333333
Manipur,CHURACHANDPUR,2003,Whole Year,Citrus Fruit,186,893,4.801075269
Manipur,CHURACHANDPUR,2003,Whole Year,Dry chillies,5650,3390,0.6
Manipur,CHURACHANDPUR,2003,Whole Year,Jack Fruit,35,160,4.571428571
Manipur,CHURACHANDPUR,2003,Whole Year,Mango,60,305,5.083333333
Manipur,CHURACHANDPUR,2003,Whole Year,Orange,386,1583,4.101036269
Manipur,CHURACHANDPUR,2003,Whole Year,Other Fresh Fruits,1342,5594,4.168405365
Manipur,CHURACHANDPUR,2003,Whole Year,Other Vegetables,29,210,7.24137931
Manipur,CHURACHANDPUR,2003,Whole Year,Papaya,251,1456,5.800796813
Manipur,CHURACHANDPUR,2003,Whole Year,Pineapple,1850,13875,7.5
Manipur,CHURACHANDPUR,2003,Whole Year,Pome Fruit,70,220,3.142857143
Manipur,CHURACHANDPUR,2003,Whole Year,Redish,15,134,8.933333333
Manipur,CHURACHANDPUR,2003,Whole Year,Sugarcane,20,650,32.5
Manipur,CHURACHANDPUR,2003,Whole Year,Sweet potato,15,99,6.6
Manipur,CHURACHANDPUR,2003,Whole Year,Tapioca,50,280,5.6
Manipur,CHURACHANDPUR,2003,Whole Year,Tomato,50,400,8
Manipur,CHURACHANDPUR,2004,Kharif,Dry ginger,1060,1750,1.650943396
Manipur,CHURACHANDPUR,2004,Kharif,Maize,160,220,1.375
Manipur,CHURACHANDPUR,2004,Kharif,Peas & beans (Pulses),1130,580,0.513274336
Manipur,CHURACHANDPUR,2004,Kharif,Rice,21040,40380,1.919201521
Manipur,CHURACHANDPUR,2004,Kharif,Sesamum,1860,920,0.494623656
Manipur,CHURACHANDPUR,2004,Whole Year,Banana,290,3730,12.86206897
Manipur,CHURACHANDPUR,2004,Whole Year,Dry chillies,7760,4660,0.600515464
Manipur,CHURACHANDPUR,2004,Whole Year,Sugarcane,170,5550,32.64705882
Manipur,CHURACHANDPUR,2005,Kharif,Dry ginger,1860,3070,1.650537634
Manipur,CHURACHANDPUR,2005,Kharif,Maize,260,370,1.423076923
Manipur,CHURACHANDPUR,2005,Kharif,Other Kharif pulses,110,60,0.545454545
Manipur,CHURACHANDPUR,2005,Kharif,Peas & beans (Pulses),70,40,0.571428571
Manipur,CHURACHANDPUR,2005,Kharif,Rice,20370,37500,1.840942563
Manipur,CHURACHANDPUR,2005,Kharif,Sesamum,810,400,0.49382716
Manipur,CHURACHANDPUR,2005,Whole Year,Banana,60,770,12.83333333
Manipur,CHURACHANDPUR,2005,Whole Year,Dry chillies,2280,1370,0.600877193
Manipur,CHURACHANDPUR,2006,Kharif,Cotton(lint),210,70,0.333333333
Manipur,CHURACHANDPUR,2006,Kharif,Dry ginger,3150,5200,1.650793651
Manipur,CHURACHANDPUR,2006,Kharif,Maize,340,920,2.705882353
Manipur,CHURACHANDPUR,2006,Kharif,Peas & beans (Pulses),1460,740,0.506849315
Manipur,CHURACHANDPUR,2006,Kharif,Rice,23190,43740,1.886157827
Manipur,CHURACHANDPUR,2006,Kharif,Sesamum,1800,890,0.494444444
Manipur,CHURACHANDPUR,2006,Summer,Banana,20,260,13
Manipur,CHURACHANDPUR,2006,Summer,Dry ginger,510,840,1.647058824
Manipur,CHURACHANDPUR,2006,Whole Year,Banana,370,4760,12.86486486
Manipur,CHURACHANDPUR,2006,Whole Year,Dry chillies,3580,2150,0.600558659
Manipur,CHURACHANDPUR,2006,Whole Year,Sugarcane,90,2940,32.66666667
Manipur,CHURACHANDPUR,2007,Kharif,Cotton(lint),210,70,0.333333333
Manipur,CHURACHANDPUR,2007,Kharif,Dry ginger,1400,2310,1.65
Manipur,CHURACHANDPUR,2007,Kharif,Maize,170,450,2.647058824
Manipur,CHURACHANDPUR,2007,Kharif,Other Kharif pulses,10,10,1
Manipur,CHURACHANDPUR,2007,Kharif,Peas & beans (Pulses),1720,880,0.511627907
Manipur,CHURACHANDPUR,2007,Kharif,Rice,19720,35410,1.795638945
Manipur,CHURACHANDPUR,2007,Kharif,Sesamum,890,440,0.494382022
Manipur,CHURACHANDPUR,2007,Whole Year,Banana,4400,56590,12.86136364
Manipur,CHURACHANDPUR,2007,Whole Year,Dry chillies,2420,1450,0.599173554
Manipur,CHURACHANDPUR,2007,Whole Year,Potato,70,370,5.285714286
Manipur,CHURACHANDPUR,2007,Whole Year,Sugarcane,400,13070,32.675
Manipur,IMPHAL EAST,1997,Kharif,Other Kharif pulses,5,2,0.4
Manipur,IMPHAL EAST,1997,Kharif,Rice,26,62,2.384615385
Manipur,IMPHAL EAST,1998,Autumn,Banana,10,120,12
Manipur,IMPHAL EAST,1998,Autumn,Peas & beans (Pulses),10,,
Manipur,IMPHAL EAST,1998,Autumn,Potato,10,50,5
Manipur,IMPHAL EAST,1998,Autumn,Rice,26840,66970,2.495156483
Manipur,IMPHAL EAST,1998,Autumn,Turmeric,10,10,1
Manipur,IMPHAL EAST,1998,Rabi,Dry chillies,80,50,0.625
Manipur,IMPHAL EAST,1998,Rabi,Onion,40,90,2.25
Manipur,IMPHAL EAST,1998,Rabi,Peas & beans (Pulses),280,140,0.5
Manipur,IMPHAL EAST,1998,Rabi,Potato,90,470,5.222222222
Manipur,IMPHAL EAST,1998,Summer,Banana,20,260,13
Manipur,IMPHAL EAST,1998,Summer,Dry chillies,280,170,0.607142857
Manipur,IMPHAL EAST,1998,Summer,Onion,10,20,2
Manipur,IMPHAL EAST,1998,Summer,Peas & beans (Pulses),170,90,0.529411765
Manipur,IMPHAL EAST,1998,Winter,Banana,20,260,13
Manipur,IMPHAL EAST,1998,Winter,Peas & beans (Pulses),100,50,0.5
Manipur,IMPHAL EAST,1998,Winter,Potato,230,1210,5.260869565
Manipur,IMPHAL EAST,1998,Winter,Rice,6390,13520,2.115805947
Manipur,IMPHAL EAST,1999,Kharif,Peas & beans (Pulses),830,420,0.506024096
Manipur,IMPHAL EAST,1999,Kharif,Rice,33650,81330,2.416939079
Manipur,IMPHAL EAST,1999,Kharif,Soyabean,20,20,1
Manipur,IMPHAL EAST,1999,Whole Year,Banana,550,7070,12.85454545
Manipur,IMPHAL EAST,1999,Whole Year,Dry chillies,480,290,0.604166667
Manipur,IMPHAL EAST,1999,Whole Year,Onion,60,130,2.166666667
Manipur,IMPHAL EAST,1999,Whole Year,Potato,250,1310,5.24
Manipur,IMPHAL EAST,1999,Whole Year,Sugarcane,10,330,33
Manipur,IMPHAL EAST,2000,Kharif,Dry ginger,20,30,1.5
Manipur,IMPHAL EAST,2000,Kharif,Other Kharif pulses,340,170,0.5
Manipur,IMPHAL EAST,2000,Kharif,Peas & beans (Pulses),990,510,0.515151515
Manipur,IMPHAL EAST,2000,Kharif,Rice,31170,87640,2.811677895
Manipur,IMPHAL EAST,2000,Whole Year,Banana,500,6430,12.86
Manipur,IMPHAL EAST,2000,Whole Year,Dry chillies,560,340,0.607142857
Manipur,IMPHAL EAST,2000,Whole Year,Onion,60,130,2.166666667
Manipur,IMPHAL EAST,2000,Whole Year,Potato,260,1360,5.230769231
Manipur,IMPHAL EAST,2000,Whole Year,Sugarcane,10,320,32
Manipur,IMPHAL EAST,2001,Kharif,Other Kharif pulses,270,140,0.518518519
Manipur,IMPHAL EAST,2001,Kharif,Peas & beans (Pulses),1060,540,0.509433962
Manipur,IMPHAL EAST,2001,Kharif,Rice,31370,86250,2.749442142
Manipur,IMPHAL EAST,2001,Whole Year,Banana,550,7070,12.85454545
Manipur,IMPHAL EAST,2001,Whole Year,Dry chillies,710,430,0.605633803
Manipur,IMPHAL EAST,2001,Whole Year,Onion,40,90,2.25
Manipur,IMPHAL EAST,2002,Kharif,Peas & beans (Pulses),640,320,0.5
Manipur,IMPHAL EAST,2002,Kharif,Rice,25830,57100,2.21060782
Manipur,IMPHAL EAST,2002,Whole Year,Banana,54,378,7
Manipur,IMPHAL EAST,2002,Whole Year,Beans & Mutter(Vegetable),191,730,3.821989529
Manipur,IMPHAL EAST,2002,Whole Year,Bhindi,97,340,3.505154639
Manipur,IMPHAL EAST,2002,Whole Year,Bitter Gourd,5,40,8
Manipur,IMPHAL EAST,2002,Whole Year,Bottle Gourd,7,70,10
Manipur,IMPHAL EAST,2002,Whole Year,Brinjal,22,110,5
Manipur,IMPHAL EAST,2002,Whole Year,Cabbage,213,2641,12.39906103
Manipur,IMPHAL EAST,2002,Whole Year,Carrot,30,210,7
Manipur,IMPHAL EAST,2002,Whole Year,Cashewnut,180,18,0.1
Manipur,IMPHAL EAST,2002,Whole Year,Cauliflower,200,1108,5.54
Manipur,IMPHAL EAST,2002,Whole Year,Citrus Fruit,58,406,7
Manipur,IMPHAL EAST,2002,Whole Year,Dry chillies,750,450,0.6
Manipur,IMPHAL EAST,2002,Whole Year,Jack Fruit,70,490,7
Manipur,IMPHAL EAST,2002,Whole Year,Mango,12,84,7
Manipur,IMPHAL EAST,2002,Whole Year,Onion,10,20,2
Manipur,IMPHAL EAST,2002,Whole Year,Other Fresh Fruits,296,2072,7
Manipur,IMPHAL EAST,2002,Whole Year,Other Vegetables,30,150,5
Manipur,IMPHAL EAST,2002,Whole Year,Papaya,230,1610,7
Manipur,IMPHAL EAST,2002,Whole Year,Pineapple,675,4725,7
Manipur,IMPHAL EAST,2002,Whole Year,Potato,270,1410,5.222222222
Manipur,IMPHAL EAST,2002,Whole Year,Redish,20,200,10
Manipur,IMPHAL EAST,2002,Whole Year,Tomato,83,664,8
Manipur,IMPHAL EAST,2003,Kharif,Dry ginger,20,30,1.5
Manipur,IMPHAL EAST,2003,Kharif,Other Kharif pulses,260,130,0.5
Manipur,IMPHAL EAST,2003,Kharif,Peas & beans (Pulses),670,340,0.507462687
Manipur,IMPHAL EAST,2003,Kharif,Rice,25090,64090,2.554404145
Manipur,IMPHAL EAST,2003,Whole Year,Banana,83,652,7.855421687
Manipur,IMPHAL EAST,2003,Whole Year,Beans & Mutter(Vegetable),232,1116,4.810344828
Manipur,IMPHAL EAST,2003,Whole Year,Bhindi,110,374,3.4
Manipur,IMPHAL EAST,2003,Whole Year,Bitter Gourd,12,64,5.333333333
Manipur,IMPHAL EAST,2003,Whole Year,Bottle Gourd,15,108,7.2
Manipur,IMPHAL EAST,2003,Whole Year,Brinjal,30,141,4.7
Manipur,IMPHAL EAST,2003,Whole Year,Cabbage,271,3306,12.19926199
Manipur,IMPHAL EAST,2003,Whole Year,Carrot,40,300,7.5
Manipur,IMPHAL EAST,2003,Whole Year,Cashewnut,200,80,0.4
Manipur,IMPHAL EAST,2003,Whole Year,Cauliflower,220,1892,8.6
Manipur,IMPHAL EAST,2003,Whole Year,Citrus Fruit,62,298,4.806451613
Manipur,IMPHAL EAST,2003,Whole Year,Dry chillies,870,520,0.597701149
Manipur,IMPHAL EAST,2003,Whole Year,Jack Fruit,75,344,4.586666667
Manipur,IMPHAL EAST,2003,Whole Year,Mango,14,71,5.071428571
Manipur,IMPHAL EAST,2003,Whole Year,Onion,10,20,2
Manipur,IMPHAL EAST,2003,Whole Year,Orange,3,12,4
Manipur,IMPHAL EAST,2003,Whole Year,Other Fresh Fruits,325,1097,3.375384615
Manipur,IMPHAL EAST,2003,Whole Year,Other Vegetables,45,326,7.244444444
Manipur,IMPHAL EAST,2003,Whole Year,Papaya,233,1135,4.871244635
Manipur,IMPHAL EAST,2003,Whole Year,Pineapple,710,5325,7.5
Manipur,IMPHAL EAST,2003,Whole Year,Pome Fruit,38,119,3.131578947
Manipur,IMPHAL EAST,2003,Whole Year,Redish,25,223,8.92
Manipur,IMPHAL EAST,2003,Whole Year,Rubber,50,50,1
Manipur,IMPHAL EAST,2003,Whole Year,Sweet potato,2,13,6.5
Manipur,IMPHAL EAST,2003,Whole Year,Tapioca,12,67,5.583333333
Manipur,IMPHAL EAST,2003,Whole Year,Tomato,85,680,8
Manipur,IMPHAL EAST,2003,Whole Year,Turmeric,40,30,0.75
Manipur,IMPHAL EAST,2004,Kharif,Dry ginger,10,20,2
Manipur,IMPHAL EAST,2004,Kharif,Other Kharif pulses,310,160,0.516129032
Manipur,IMPHAL EAST,2004,Kharif,Peas & beans (Pulses),730,380,0.520547945
Manipur,IMPHAL EAST,2004,Kharif,Rice,30210,89690,2.968884475
Manipur,IMPHAL EAST,2004,Whole Year,Banana,80,1030,12.875
Manipur,IMPHAL EAST,2004,Whole Year,Dry chillies,560,340,0.607142857
Manipur,IMPHAL EAST,2004,Whole Year,Onion,70,150,2.142857143
Manipur,IMPHAL EAST,2004,Whole Year,Potato,160,840,5.25
Manipur,IMPHAL EAST,2004,Whole Year,Turmeric,10,10,1
Manipur,IMPHAL EAST,2005,Kharif,Other Kharif pulses,260,130,0.5
Manipur,IMPHAL EAST,2005,Kharif,Peas & beans (Pulses),900,460,0.511111111
Manipur,IMPHAL EAST,2005,Kharif,Rice,25750,67780,2.63223301
Manipur,IMPHAL EAST,2005,Whole Year,Banana,130,1670,12.84615385
Manipur,IMPHAL EAST,2005,Whole Year,Dry chillies,270,160,0.592592593
Manipur,IMPHAL EAST,2005,Whole Year,Potato,250,1310,5.24
Manipur,IMPHAL EAST,2005,Whole Year,Sugarcane,10,330,33
Manipur,IMPHAL EAST,2005,Whole Year,Turmeric,10,10,1
Manipur,IMPHAL EAST,2006,Kharif,Dry ginger,10,20,2
Manipur,IMPHAL EAST,2006,Kharif,Other Kharif pulses,1750,890,0.508571429
Manipur,IMPHAL EAST,2006,Kharif,Peas & beans (Pulses),1160,600,0.517241379
Manipur,IMPHAL EAST,2006,Kharif,Rice,24290,70810,2.915191437
Manipur,IMPHAL EAST,2006,Summer,Banana,40,520,13
Manipur,IMPHAL EAST,2006,Whole Year,Banana,410,5270,12.85365854
Manipur,IMPHAL EAST,2006,Whole Year,Dry chillies,1180,710,0.601694915
Manipur,IMPHAL EAST,2006,Whole Year,Potato,920,4810,5.22826087
Manipur,IMPHAL EAST,2007,Kharif,Other Kharif pulses,180,90,0.5
Manipur,IMPHAL EAST,2007,Kharif,Peas & beans (Pulses),650,330,0.507692308
Manipur,IMPHAL EAST,2007,Kharif,Rice,26710,74170,2.776862598
Manipur,IMPHAL EAST,2007,Whole Year,Banana,580,7460,12.86206897
Manipur,IMPHAL EAST,2007,Whole Year,Dry chillies,660,400,0.606060606
Manipur,IMPHAL EAST,2007,Whole Year,Onion,50,110,2.2
Manipur,IMPHAL EAST,2007,Whole Year,Potato,120,630,5.25
Manipur,IMPHAL WEST,1997,Kharif,Rice,16,43,2.6875
Manipur,IMPHAL WEST,1998,Autumn,Onion,10,20,2
Manipur,IMPHAL WEST,1998,Autumn,Peas & beans (Pulses),130,70,0.538461538
Manipur,IMPHAL WEST,1998,Autumn,Potato,20,100,5
Manipur,IMPHAL WEST,1998,Autumn,Rice,8530,23040,2.7010551
Manipur,IMPHAL WEST,1998,Autumn,Soyabean,10,10,1
Manipur,IMPHAL WEST,1998,Rabi,Cotton(lint),10,10,1
Manipur,IMPHAL WEST,1998,Rabi,Dry chillies,230,140,0.608695652
Manipur,IMPHAL WEST,1998,Rabi,Onion,10,20,2
Manipur,IMPHAL WEST,1998,Rabi,Peas & beans (Pulses),30,10,0.333333333
Manipur,IMPHAL WEST,1998,Summer,Dry chillies,170,100,0.588235294
Manipur,IMPHAL WEST,1998,Summer,Peas & beans (Pulses),30,20,0.666666667
Manipur,IMPHAL WEST,1998,Winter,Dry chillies,30,20,0.666666667
Manipur,IMPHAL WEST,1998,Winter,Peas & beans (Pulses),120,60,0.5
Manipur,IMPHAL WEST,1998,Winter,Potato,40,210,5.25
Manipur,IMPHAL WEST,1998,Winter,Rice,10200,25990,2.548039216
Manipur,IMPHAL WEST,1999,Kharif,Peas & beans (Pulses),270,140,0.518518519
Manipur,IMPHAL WEST,1999,Kharif,Rice,15460,49120,3.177231565
Manipur,IMPHAL WEST,1999,Kharif,Soyabean,10,10,1
Manipur,IMPHAL WEST,1999,Whole Year,Dry chillies,420,250,0.595238095
Manipur,IMPHAL WEST,1999,Whole Year,Onion,110,240,2.181818182
Manipur,IMPHAL WEST,1999,Whole Year,Potato,100,520,5.2
Manipur,IMPHAL WEST,1999,Whole Year,Turmeric,10,10,1
Manipur,IMPHAL WEST,2000,Kharif,Other Kharif pulses,210,110,0.523809524
Manipur,IMPHAL WEST,2000,Kharif,Peas & beans (Pulses),380,190,0.5
Manipur,IMPHAL WEST,2000,Kharif,Rice,15870,51350,3.235664776
Manipur,IMPHAL WEST,2000,Whole Year,Banana,30,380,12.66666667
Manipur,IMPHAL WEST,2000,Whole Year,Dry chillies,240,150,0.625
Manipur,IMPHAL WEST,2000,Whole Year,Onion,20,40,2
Manipur,IMPHAL WEST,2000,Whole Year,Potato,90,470,5.222222222
Manipur,IMPHAL WEST,2000,Whole Year,Sugarcane,280,9150,32.67857143
Manipur,IMPHAL WEST,2001,Kharif,Other Kharif pulses,330,160,0.484848485
Manipur,IMPHAL WEST,2001,Kharif,Peas & beans (Pulses),140,80,0.571428571
Manipur,IMPHAL WEST,2001,Kharif,Rice,16480,52150,3.164441748
Manipur,IMPHAL WEST,2001,Whole Year,Banana,30,390,13
Manipur,IMPHAL WEST,2001,Whole Year,Dry chillies,100,60,0.6
Manipur,IMPHAL WEST,2001,Whole Year,Onion,40,90,2.25
Manipur,IMPHAL WEST,2002,Kharif,Other Kharif pulses,90,50,0.555555556
Manipur,IMPHAL WEST,2002,Kharif,Peas & beans (Pulses),520,260,0.5
Manipur,IMPHAL WEST,2002,Kharif,Rice,20230,58960,2.91448344
Manipur,IMPHAL WEST,2002,Whole Year,Banana,190,1330,7
Manipur,IMPHAL WEST,2002,Whole Year,Beans & Mutter(Vegetable),165,630,3.818181818
Manipur,IMPHAL WEST,2002,Whole Year,Bhindi,60,210,3.5
Manipur,IMPHAL WEST,2002,Whole Year,Bitter Gourd,5,40,8
Manipur,IMPHAL WEST,2002,Whole Year,Bottle Gourd,6,60,10
Manipur,IMPHAL WEST,2002,Whole Year,Brinjal,45,225,5
Manipur,IMPHAL WEST,2002,Whole Year,Cabbage,180,2232,12.4
Manipur,IMPHAL WEST,2002,Whole Year,Carrot,32,224,7
Manipur,IMPHAL WEST,2002,Whole Year,Cauliflower,180,997,5.538888889
Manipur,IMPHAL WEST,2002,Whole Year,Citrus Fruit,50,350,7
Manipur,IMPHAL WEST,2002,Whole Year,Dry chillies,610,370,0.606557377
Manipur,IMPHAL WEST,2002,Whole Year,Jack Fruit,60,420,7
Manipur,IMPHAL WEST,2002,Whole Year,Mango,10,70,7
Manipur,IMPHAL WEST,2002,Whole Year,Onion,70,150,2.142857143
Manipur,IMPHAL WEST,2002,Whole Year,Other Fresh Fruits,210,1470,7
Manipur,IMPHAL WEST,2002,Whole Year,Other Vegetables,20,100,5
Manipur,IMPHAL WEST,2002,Whole Year,Papaya,90,630,7
Manipur,IMPHAL WEST,2002,Whole Year,Pineapple,195,1365,7
Manipur,IMPHAL WEST,2002,Whole Year,Potato,370,1940,5.243243243
Manipur,IMPHAL WEST,2002,Whole Year,Redish,26,260,10
Manipur,IMPHAL WEST,2002,Whole Year,Sweet potato,8,22,2.75
Manipur,IMPHAL WEST,2002,Whole Year,Tapioca,5,14,2.8
Manipur,IMPHAL WEST,2002,Whole Year,Tomato,70,560,8
Manipur,IMPHAL WEST,2002,Whole Year,Turmeric,10,10,1
Manipur,IMPHAL WEST,2003,Kharif,Other Kharif pulses,190,100,0.526315789
Manipur,IMPHAL WEST,2003,Kharif,Peas & beans (Pulses),170,90,0.529411765
Manipur,IMPHAL WEST,2003,Kharif,Rice,17080,54940,3.216627635
Manipur,IMPHAL WEST,2003,Whole Year,Banana,202,1586,7.851485149
Manipur,IMPHAL WEST,2003,Whole Year,Beans & Mutter(Vegetable),253,1262,4.988142292
Manipur,IMPHAL WEST,2003,Whole Year,Bhindi,96,326,3.395833333
Manipur,IMPHAL WEST,2003,Whole Year,Bitter Gourd,13,70,5.384615385
Manipur,IMPHAL WEST,2003,Whole Year,Bottle Gourd,13,94,7.230769231
Manipur,IMPHAL WEST,2003,Whole Year,Brinjal,52,244,4.692307692
Manipur,IMPHAL WEST,2003,Whole Year,Cabbage,250,3050,12.2
Manipur,IMPHAL WEST,2003,Whole Year,Carrot,35,263,7.514285714
Manipur,IMPHAL WEST,2003,Whole Year,Cauliflower,218,1875,8.600917431
Manipur,IMPHAL WEST,2003,Whole Year,Citrus Fruit,51,245,4.803921569
Manipur,IMPHAL WEST,2003,Whole Year,Dry chillies,180,110,0.611111111
Manipur,IMPHAL WEST,2003,Whole Year,Jack Fruit,50,229,4.58
Manipur,IMPHAL WEST,2003,Whole Year,Mango,12,61,5.083333333
Manipur,IMPHAL WEST,2003,Whole Year,Onion,30,60,2
Manipur,IMPHAL WEST,2003,Whole Year,Other Fresh Fruits,266,1067,4.011278195
Manipur,IMPHAL WEST,2003,Whole Year,Other Vegetables,59,428,7.254237288
Manipur,IMPHAL WEST,2003,Whole Year,Papaya,94,545,5.79787234
Manipur,IMPHAL WEST,2003,Whole Year,Pineapple,230,1725,7.5
Manipur,IMPHAL WEST,2003,Whole Year,Pome Fruit,41,129,3.146341463
Manipur,IMPHAL WEST,2003,Whole Year,Redish,22,196,8.909090909
Manipur,IMPHAL WEST,2003,Whole Year,Sweet potato,15,99,6.6
Manipur,IMPHAL WEST,2003,Whole Year,Tapioca,15,84,5.6
Manipur,IMPHAL WEST,2003,Whole Year,Tomato,72,576,8
Manipur,IMPHAL WEST,2004,Kharif,Other Kharif pulses,400,200,0.5
Manipur,IMPHAL WEST,2004,Kharif,Peas & beans (Pulses),340,170,0.5
Manipur,IMPHAL WEST,2004,Kharif,Rice,23130,71540,3.092952875
Manipur,IMPHAL WEST,2004,Rabi,Rapeseed &Mustard,110,50,0.454545455
Manipur,IMPHAL WEST,2004,Whole Year,Banana,40,510,12.75
Manipur,IMPHAL WEST,2004,Whole Year,Dry chillies,460,280,0.608695652
Manipur,IMPHAL WEST,2004,Whole Year,Onion,110,230,2.090909091
Manipur,IMPHAL WEST,2004,Whole Year,Potato,340,1780,5.235294118
Manipur,IMPHAL WEST,2004,Whole Year,Sugarcane,130,4250,32.69230769
Manipur,IMPHAL WEST,2005,Kharif,Other Kharif pulses,360,180,0.5
Manipur,IMPHAL WEST,2005,Kharif,Peas & beans (Pulses),340,170,0.5
Manipur,IMPHAL WEST,2005,Kharif,Rice,19170,62610,3.266040689
Manipur,IMPHAL WEST,2005,Rabi,Rapeseed &Mustard,40,20,0.5
Manipur,IMPHAL WEST,2005,Whole Year,Banana,160,2060,12.875
Manipur,IMPHAL WEST,2005,Whole Year,Dry chillies,270,160,0.592592593
Manipur,IMPHAL WEST,2005,Whole Year,Onion,180,380,2.111111111
Manipur,IMPHAL WEST,2005,Whole Year,Potato,510,2670,5.235294118
Manipur,IMPHAL WEST,2005,Whole Year,Sugarcane,20,650,32.5
Manipur,IMPHAL WEST,2005,Whole Year,Turmeric,30,20,0.666666667
Manipur,IMPHAL WEST,2006,Kharif,Other Kharif pulses,250,130,0.52
Manipur,IMPHAL WEST,2006,Kharif,Peas & beans (Pulses),250,130,0.52
Manipur,IMPHAL WEST,2006,Kharif,Rice,18890,57530,3.045526734
Manipur,IMPHAL WEST,2006,Summer,Banana,20,260,13
Manipur,IMPHAL WEST,2006,Whole Year,Banana,60,770,12.83333333
Manipur,IMPHAL WEST,2006,Whole Year,Dry chillies,300,180,0.6
Manipur,IMPHAL WEST,2006,Whole Year,Onion,20,40,2
Manipur,IMPHAL WEST,2006,Whole Year,Potato,20,110,5.5
Manipur,IMPHAL WEST,2007,Kharif,Peas & beans (Pulses),140,70,0.5
Manipur,IMPHAL WEST,2007,Kharif,Rice,22540,67990,3.016415262
Manipur,IMPHAL WEST,2007,Whole Year,Banana,10,130,13
Manipur,IMPHAL WEST,2007,Whole Year,Dry chillies,370,220,0.594594595
Manipur,IMPHAL WEST,2007,Whole Year,Onion,30,60,2
Manipur,IMPHAL WEST,2007,Whole Year,Potato,250,1310,5.24
Manipur,IMPHAL WEST,2007,Whole Year,Turmeric,10,10,1
Manipur,SENAPATI,1997,Kharif,Maize,1,8,8
Manipur,SENAPATI,1997,Kharif,Rice,23,47,2.043478261
Manipur,SENAPATI,1998,Autumn,Banana,300,3860,12.86666667
Manipur,SENAPATI,1998,Autumn,Dry chillies,270,160,0.592592593
Manipur,SENAPATI,1998,Autumn,Dry ginger,120,200,1.666666667
Manipur,SENAPATI,1998,Autumn,Maize,2200,8120,3.690909091
Manipur,SENAPATI,1998,Autumn,Onion,30,60,2
Manipur,SENAPATI,1998,Autumn,Peas & beans (Pulses),420,210,0.5
Manipur,SENAPATI,1998,Autumn,Potato,50,260,5.2
Manipur,SENAPATI,1998,Autumn,Rice,2560,5540,2.1640625
Manipur,SENAPATI,1998,Autumn,Soyabean,90,110,1.222222222
Manipur,SENAPATI,1998,Autumn,Sweet potato,50,180,3.6
Manipur,SENAPATI,1998,Autumn,Tapioca,30,130,4.333333333
Manipur,SENAPATI,1998,Autumn,Turmeric,10,10,1
Manipur,SENAPATI,1998,Rabi,Banana,210,2700,12.85714286
Manipur,SENAPATI,1998,Rabi,Dry chillies,1000,600,0.6
Manipur,SENAPATI,1998,Rabi,Onion,10,20,2
Manipur,SENAPATI,1998,Rabi,Peas & beans (Pulses),40,20,0.5
Manipur,SENAPATI,1998,Rabi,Potato,70,370,5.285714286
Manipur,SENAPATI,1998,Rabi,Sweet potato,20,70,3.5
Manipur,SENAPATI,1998,Winter,Banana,340,4370,12.85294118
Manipur,SENAPATI,1998,Winter,Dry chillies,1000,600,0.6
Manipur,SENAPATI,1998,Winter,Dry ginger,10,10,1
Manipur,SENAPATI,1998,Winter,Rice,20890,47040,2.251795117
Manipur,SENAPATI,1998,Winter,Sweet potato,10,30,3
Manipur,SENAPATI,1999,Kharif,Dry ginger,160,260,1.625
Manipur,SENAPATI,1999,Kharif,Maize,2240,6400,2.857142857
Manipur,SENAPATI,1999,Kharif,Peas & beans (Pulses),100,50,0.5
Manipur,SENAPATI,1999,Kharif,Rice,24530,52880,2.15572768
Manipur,SENAPATI,1999,Kharif,Sesamum,60,30,0.5
Manipur,SENAPATI,1999,Kharif,Soyabean,200,240,1.2
Manipur,SENAPATI,1999,Rabi,Rapeseed &Mustard,360,160,0.444444444
Manipur,SENAPATI,1999,Whole Year,Banana,670,8620,12.86567164
Manipur,SENAPATI,1999,Whole Year,Dry chillies,370,220,0.594594595
Manipur,SENAPATI,1999,Whole Year,Onion,80,170,2.125
Manipur,SENAPATI,1999,Whole Year,Potato,350,1830,5.228571429
Manipur,SENAPATI,1999,Whole Year,Turmeric,10,10,1
Manipur,SENAPATI,2000,Kharif,Dry ginger,160,260,1.625
Manipur,SENAPATI,2000,Kharif,Maize,1990,4830,2.427135678
Manipur,SENAPATI,2000,Kharif,Other Kharif pulses,720,370,0.513888889
Manipur,SENAPATI,2000,Kharif,Peas & beans (Pulses),950,480,0.505263158
Manipur,SENAPATI,2000,Kharif,Rice,23230,53230,2.291433491
Manipur,SENAPATI,2000,Kharif,Sesamum,140,70,0.5
Manipur,SENAPATI,2000,Rabi,Rapeseed &Mustard,370,160,0.432432432
Manipur,SENAPATI,2000,Whole Year,Banana,770,9900,12.85714286
Manipur,SENAPATI,2000,Whole Year,Dry chillies,380,230,0.605263158
Manipur,SENAPATI,2000,Whole Year,Onion,90,190,2.111111111
Manipur,SENAPATI,2000,Whole Year,Potato,360,1890,5.25
Manipur,SENAPATI,2000,Whole Year,Sweet potato,50,180,3.6
Manipur,SENAPATI,2001,Kharif,Dry ginger,70,120,1.714285714
Manipur,SENAPATI,2001,Kharif,Maize,2440,6300,2.581967213
Manipur,SENAPATI,2001,Kharif,Other Kharif pulses,430,220,0.511627907
Manipur,SENAPATI,2001,Kharif,Peas & beans (Pulses),1110,560,0.504504505
Manipur,SENAPATI,2001,Kharif,Rice,23880,53790,2.252512563
Manipur,SENAPATI,2001,Kharif,Sesamum,50,20,0.4
Manipur,SENAPATI,2001,Rabi,Rapeseed &Mustard,590,260,0.440677966
Manipur,SENAPATI,2001,Whole Year,Banana,740,9520,12.86486486
Manipur,SENAPATI,2001,Whole Year,Dry chillies,590,1200,2.033898305
Manipur,SENAPATI,2001,Whole Year,Onion,110,230,2.090909091
Manipur,SENAPATI,2001,Whole Year,Sweet potato,10,40,4
Manipur,SENAPATI,2002,Kharif,Dry ginger,100,170,1.7
Manipur,SENAPATI,2002,Kharif,Maize,2540,6350,2.5
Manipur,SENAPATI,2002,Kharif,Other Kharif pulses,950,480,0.505263158
Manipur,SENAPATI,2002,Kharif,Peas & beans (Pulses),840,430,0.511904762
Manipur,SENAPATI,2002,Kharif,Rice,23520,47970,2.039540816
Manipur,SENAPATI,2002,Kharif,Soyabean,90,110,1.222222222
Manipur,SENAPATI,2002,Rabi,Rapeseed &Mustard,2310,1030,0.445887446
Manipur,SENAPATI,2002,Whole Year,Banana,221,1820,8.235294118
Manipur,SENAPATI,2002,Whole Year,Beans & Mutter(Vegetable),139,700,5.035971223
Manipur,SENAPATI,2002,Whole Year,Bhindi,35,115,3.285714286
Manipur,SENAPATI,2002,Whole Year,Brinjal,31,192,6.193548387
Manipur,SENAPATI,2002,Whole Year,Cabbage,192,2450,12.76041667
Manipur,SENAPATI,2002,Whole Year,Carrot,24,170,7.083333333
Manipur,SENAPATI,2002,Whole Year,Cauliflower,20,191,9.55
Manipur,SENAPATI,2002,Whole Year,Citrus Fruit,116,880,7.586206897
Manipur,SENAPATI,2002,Whole Year,Dry chillies,260,160,0.615384615
Manipur,SENAPATI,2002,Whole Year,Onion,80,170,2.125
Manipur,SENAPATI,2002,Whole Year,Other Fresh Fruits,790,2960,3.746835443
Manipur,SENAPATI,2002,Whole Year,Other Vegetables,25,136,5.44
Manipur,SENAPATI,2002,Whole Year,Papaya,200,1096,5.48
Manipur,SENAPATI,2002,Whole Year,Pineapple,2900,21000,7.24137931
Manipur,SENAPATI,2002,Whole Year,Pome Fruit,110,350,3.181818182
Manipur,SENAPATI,2002,Whole Year,Potato,1160,6070,5.232758621
Manipur,SENAPATI,2002,Whole Year,Redish,23,210,9.130434783
Manipur,SENAPATI,2002,Whole Year,Tapioca,6,19,3.166666667
Manipur,SENAPATI,2002,Whole Year,Tomato,36,305,8.472222222
Manipur,SENAPATI,2003,Kharif,Arhar/Tur,40,20,0.5
Manipur,SENAPATI,2003,Kharif,Dry ginger,290,480,1.655172414
Manipur,SENAPATI,2003,Kharif,Maize,1480,5270,3.560810811
Manipur,SENAPATI,2003,Kharif,Other Kharif pulses,960,490,0.510416667
Manipur,SENAPATI,2003,Kharif,Peas & beans (Pulses),960,490,0.510416667
Manipur,SENAPATI,2003,Kharif,Rice,25970,62740,2.415864459
Manipur,SENAPATI,2003,Kharif,Soyabean,20,20,1
Manipur,SENAPATI,2003,Whole Year,Banana,229,1798,7.851528384
Manipur,SENAPATI,2003,Whole Year,Beans & Mutter(Vegetable),158,812,5.139240506
Manipur,SENAPATI,2003,Whole Year,Bhindi,41,139,3.390243902
Manipur,SENAPATI,2003,Whole Year,Bitter Gourd,1,5,5
Manipur,SENAPATI,2003,Whole Year,Bottle Gourd,2,14,7
Manipur,SENAPATI,2003,Whole Year,Brinjal,22,103,4.681818182
Manipur,SENAPATI,2003,Whole Year,Cabbage,241,2940,12.19917012
Manipur,SENAPATI,2003,Whole Year,Carrot,20,150,7.5
Manipur,SENAPATI,2003,Whole Year,Cauliflower,28,241,8.607142857
Manipur,SENAPATI,2003,Whole Year,Citrus Fruit,116,557,4.801724138
Manipur,SENAPATI,2003,Whole Year,Dry chillies,560,340,0.607142857
Manipur,SENAPATI,2003,Whole Year,Jack Fruit,2,9,4.5
Manipur,SENAPATI,2003,Whole Year,Mango,1,5,5
Manipur,SENAPATI,2003,Whole Year,Onion,200,430,2.15
Manipur,SENAPATI,2003,Whole Year,Orange,20,82,4.1
Manipur,SENAPATI,2003,Whole Year,Other Fresh Fruits,1132,6986,6.171378092
Manipur,SENAPATI,2003,Whole Year,Other Vegetables,2,15,7.5
Manipur,SENAPATI,2003,Whole Year,Papaya,201,1166,5.800995025
Manipur,SENAPATI,2003,Whole Year,Pineapple,2925,21937,7.49982906
Manipur,SENAPATI,2003,Whole Year,Pome Fruit,108,339,3.138888889
Manipur,SENAPATI,2003,Whole Year,Redish,8,70,8.75
Manipur,SENAPATI,2003,Whole Year,Sweet potato,8,53,6.625
Manipur,SENAPATI,2003,Whole Year,Tapioca,20,112,5.6
Manipur,SENAPATI,2003,Whole Year,Tomato,37,296,8
Manipur,SENAPATI,2004,Kharif,Dry ginger,730,1200,1.643835616
Manipur,SENAPATI,2004,Kharif,Maize,1440,4280,2.972222222
Manipur,SENAPATI,2004,Kharif,Other Kharif pulses,2040,1040,0.509803922
Manipur,SENAPATI,2004,Kharif,Peas & beans (Pulses),1170,590,0.504273504
Manipur,SENAPATI,2004,Kharif,Rice,24110,53870,2.234342596
Manipur,SENAPATI,2004,Kharif,Soyabean,20,20,1
Manipur,SENAPATI,2004,Whole Year,Banana,200,2570,12.85
Manipur,SENAPATI,2004,Whole Year,Dry chillies,680,400,0.588235294
Manipur,SENAPATI,2004,Whole Year,Onion,10,20,2
Manipur,SENAPATI,2004,Whole Year,Potato,1200,6270,5.225
Manipur,SENAPATI,2004,Whole Year,Sweet potato,130,460,3.538461538
Manipur,SENAPATI,2005,Kharif,Dry ginger,60,100,1.666666667
Manipur,SENAPATI,2005,Kharif,Maize,1580,4610,2.917721519
Manipur,SENAPATI,2005,Kharif,Other Kharif pulses,1790,910,0.508379888
Manipur,SENAPATI,2005,Kharif,Peas & beans (Pulses),1720,880,0.511627907
Manipur,SENAPATI,2005,Kharif,Rice,29810,60140,2.017443811
Manipur,SENAPATI,2005,Kharif,Soyabean,10,10,1
Manipur,SENAPATI,2005,Rabi,Rapeseed &Mustard,60,30,0.5
Manipur,SENAPATI,2005,Whole Year,Banana,520,6690,12.86538462
Manipur,SENAPATI,2005,Whole Year,Dry chillies,580,350,0.603448276
Manipur,SENAPATI,2005,Whole Year,Onion,1230,2610,2.12195122
Manipur,SENAPATI,2005,Whole Year,Potato,2600,13600,5.230769231
Manipur,SENAPATI,2005,Whole Year,Turmeric,10,10,1
Manipur,SENAPATI,2006,Kharif,Dry ginger,480,790,1.645833333
Manipur,SENAPATI,2006,Kharif,Maize,1210,3210,2.652892562
Manipur,SENAPATI,2006,Kharif,Other Kharif pulses,740,380,0.513513514
Manipur,SENAPATI,2006,Kharif,Peas & beans (Pulses),940,480,0.510638298
Manipur,SENAPATI,2006,Kharif,Rice,25200,53690,2.130555556
Manipur,SENAPATI,2006,Summer,Banana,130,1670,12.84615385
Manipur,SENAPATI,2006,Summer,Dry ginger,10,20,2
Manipur,SENAPATI,2006,Summer,Onion,290,620,2.137931034
Manipur,SENAPATI,2006,Summer,Potato,850,4440,5.223529412
Manipur,SENAPATI,2006,Whole Year,Banana,760,9780,12.86842105
Manipur,SENAPATI,2006,Whole Year,Dry chillies,290,180,0.620689655
Manipur,SENAPATI,2006,Whole Year,Onion,430,910,2.11627907
Manipur,SENAPATI,2006,Whole Year,Potato,470,2460,5.234042553
Manipur,SENAPATI,2006,Whole Year,Turmeric,120,80,0.666666667
Manipur,SENAPATI,2007,Kharif,Dry ginger,530,870,1.641509434
Manipur,SENAPATI,2007,Kharif,Maize,1330,3780,2.842105263
Manipur,SENAPATI,2007,Kharif,Other Kharif pulses,1020,520,0.509803922
Manipur,SENAPATI,2007,Kharif,Peas & beans (Pulses),950,480,0.505263158
Manipur,SENAPATI,2007,Kharif,Rice,23820,54310,2.280016793
Manipur,SENAPATI,2007,Whole Year,Banana,540,6940,12.85185185
Manipur,SENAPATI,2007,Whole Year,Dry chillies,130,80,0.615384615
Manipur,SENAPATI,2007,Whole Year,Onion,670,1420,2.119402985
Manipur,SENAPATI,2007,Whole Year,Potato,560,2930,5.232142857
Manipur,SENAPATI,2007,Whole Year,Turmeric,40,30,0.75
Manipur,TAMENGLONG,1997,Kharif,Maize,2,8,4
Manipur,TAMENGLONG,1997,Kharif,Rice,9,10,1.111111111
Manipur,TAMENGLONG,1997,Kharif,Soyabean,5,7,1.4
Manipur,TAMENGLONG,1998,Autumn,Banana,360,4630,12.86111111
Manipur,TAMENGLONG,1998,Autumn,Dry chillies,160,100,0.625
Manipur,TAMENGLONG,1998,Autumn,Dry ginger,70,110,1.571428571
Manipur,TAMENGLONG,1998,Autumn,Rice,9360,11600,1.239316239
Manipur,TAMENGLONG,1998,Autumn,Sugarcane,110,3590,32.63636364
Manipur,TAMENGLONG,1998,Rabi,Banana,30,390,13
Manipur,TAMENGLONG,1998,Rabi,Peas & beans (Pulses),40,20,0.5
Manipur,TAMENGLONG,1998,Winter,Banana,50,640,12.8
Manipur,TAMENGLONG,1998,Winter,Dry chillies,140,80,0.571428571
Manipur,TAMENGLONG,1998,Winter,Dry ginger,80,130,1.625
Manipur,TAMENGLONG,1998,Winter,Sesamum,200,100,0.5
Manipur,TAMENGLONG,1999,Kharif,Dry ginger,80,130,1.625
Manipur,TAMENGLONG,1999,Kharif,Maize,10,20,2
Manipur,TAMENGLONG,1999,Kharif,Peas & beans (Pulses),10,10,1
Manipur,TAMENGLONG,1999,Kharif,Rice,9540,13070,1.370020964
Manipur,TAMENGLONG,1999,Whole Year,Banana,410,5270,12.85365854
Manipur,TAMENGLONG,1999,Whole Year,Dry chillies,410,250,0.609756098
Manipur,TAMENGLONG,1999,Whole Year,Potato,10,50,5
Manipur,TAMENGLONG,2000,Kharif,Dry ginger,60,100,1.666666667
Manipur,TAMENGLONG,2000,Kharif,Other Kharif pulses,10,10,1
Manipur,TAMENGLONG,2000,Kharif,Peas & beans (Pulses),40,30,0.75
Manipur,TAMENGLONG,2000,Kharif,Rice,9190,10960,1.192600653
Manipur,TAMENGLONG,2000,Whole Year,Banana,370,4750,12.83783784
Manipur,TAMENGLONG,2000,Whole Year,Dry chillies,330,200,0.606060606
Manipur,TAMENGLONG,2000,Whole Year,Potato,20,100,5
Manipur,TAMENGLONG,2000,Whole Year,Sugarcane,30,980,32.66666667
Manipur,TAMENGLONG,2001,Kharif,Dry ginger,90,140,1.555555556
Manipur,TAMENGLONG,2001,Kharif,Other Kharif pulses,50,30,0.6
Manipur,TAMENGLONG,2001,Kharif,Peas & beans (Pulses),30,20,0.666666667
Manipur,TAMENGLONG,2001,Kharif,Rice,10640,13150,1.235902256
Manipur,TAMENGLONG,2001,Kharif,Sesamum,10,10,1
Manipur,TAMENGLONG,2001,Whole Year,Banana,480,6170,12.85416667
Manipur,TAMENGLONG,2001,Whole Year,Dry chillies,280,350,1.25
Manipur,TAMENGLONG,2002,Kharif,Dry ginger,140,230,1.642857143
Manipur,TAMENGLONG,2002,Kharif,Peas & beans (Pulses),100,50,0.5
Manipur,TAMENGLONG,2002,Kharif,Rice,7450,9090,1.220134228
Manipur,TAMENGLONG,2002,Whole Year,Banana,467,4100,8.779443255
Manipur,TAMENGLONG,2002,Whole Year,Beans & Mutter(Vegetable),125,547,4.376
Manipur,TAMENGLONG,2002,Whole Year,Bhindi,39,190,4.871794872
Manipur,TAMENGLONG,2002,Whole Year,Brinjal,42,200,4.761904762
Manipur,TAMENGLONG,2002,Whole Year,Cabbage,24,253,10.54166667
Manipur,TAMENGLONG,2002,Whole Year,Carrot,20,186,9.3
Manipur,TAMENGLONG,2002,Whole Year,Cauliflower,10,93,9.3
Manipur,TAMENGLONG,2002,Whole Year,Citrus Fruit,127,737,5.803149606
Manipur,TAMENGLONG,2002,Whole Year,Dry chillies,280,170,0.607142857
Manipur,TAMENGLONG,2002,Whole Year,Mango,10,52,5.2
Manipur,TAMENGLONG,2002,Whole Year,Other Fresh Fruits,1393,2041,1.465183058
Manipur,TAMENGLONG,2002,Whole Year,Other Vegetables,30,128,4.266666667
Manipur,TAMENGLONG,2002,Whole Year,Papaya,225,1600,7.111111111
Manipur,TAMENGLONG,2002,Whole Year,Pineapple,750,5720,7.626666667
Manipur,TAMENGLONG,2002,Whole Year,Pome Fruit,70,245,3.5
Manipur,TAMENGLONG,2002,Whole Year,Potato,10,50,5
Manipur,TAMENGLONG,2002,Whole Year,Redish,20,163,8.15
Manipur,TAMENGLONG,2002,Whole Year,Tapioca,10,32,3.2
Manipur,TAMENGLONG,2002,Whole Year,Tomato,22,183,8.318181818
Manipur,TAMENGLONG,2003,Kharif,Dry ginger,110,180,1.636363636
Manipur,TAMENGLONG,2003,Kharif,Other Kharif pulses,20,10,0.5
Manipur,TAMENGLONG,2003,Kharif,Peas & beans (Pulses),80,40,0.5
Manipur,TAMENGLONG,2003,Kharif,Rice,10070,9530,0.946375372
Manipur,TAMENGLONG,2003,Kharif,Sesamum,30,10,0.333333333
Manipur,TAMENGLONG,2003,Kharif,Soyabean,80,10,0.125
Manipur,TAMENGLONG,2003,Whole Year,Banana,477,3744,7.849056604
Manipur,TAMENGLONG,2003,Whole Year,Beans & Mutter(Vegetable),133,615,4.62406015
Manipur,TAMENGLONG,2003,Whole Year,Bhindi,42,143,3.404761905
Manipur,TAMENGLONG,2003,Whole Year,Bitter Gourd,2,11,5.5
Manipur,TAMENGLONG,2003,Whole Year,Bottle Gourd,5,36,7.2
Manipur,TAMENGLONG,2003,Whole Year,Brinjal,24,113,4.708333333
Manipur,TAMENGLONG,2003,Whole Year,Cabbage,35,427,12.2
Manipur,TAMENGLONG,2003,Whole Year,Carrot,17,128,7.529411765
Manipur,TAMENGLONG,2003,Whole Year,Cauliflower,15,129,8.6
Manipur,TAMENGLONG,2003,Whole Year,Citrus Fruit,129,619,4.798449612
Manipur,TAMENGLONG,2003,Whole Year,Dry chillies,510,310,0.607843137
Manipur,TAMENGLONG,2003,Whole Year,Jack Fruit,5,23,4.6
Manipur,TAMENGLONG,2003,Whole Year,Mango,10,51,5.1
Manipur,TAMENGLONG,2003,Whole Year,Orange,520,2132,4.1
Manipur,TAMENGLONG,2003,Whole Year,Other Fresh Fruits,1210,3318,2.74214876
Manipur,TAMENGLONG,2003,Whole Year,Other Vegetables,1,7,7
Manipur,TAMENGLONG,2003,Whole Year,Papaya,226,1311,5.800884956
Manipur,TAMENGLONG,2003,Whole Year,Pineapple,780,5850,7.5
Manipur,TAMENGLONG,2003,Whole Year,Pome Fruit,70,220,3.142857143
Manipur,TAMENGLONG,2003,Whole Year,Redish,15,134,8.933333333
Manipur,TAMENGLONG,2003,Whole Year,Sugarcane,10,330,33
Manipur,TAMENGLONG,2003,Whole Year,Sweet potato,20,132,6.6
Manipur,TAMENGLONG,2003,Whole Year,Tapioca,52,291,5.596153846
Manipur,TAMENGLONG,2003,Whole Year,Tomato,25,200,8
Manipur,TAMENGLONG,2004,Kharif,Dry ginger,140,230,1.642857143
Manipur,TAMENGLONG,2004,Kharif,Peas & beans (Pulses),70,40,0.571428571
Manipur,TAMENGLONG,2004,Kharif,Rice,8520,9110,1.069248826
Manipur,TAMENGLONG,2004,Whole Year,Banana,1430,18390,12.86013986
Manipur,TAMENGLONG,2004,Whole Year,Dry chillies,320,190,0.59375
Manipur,TAMENGLONG,2004,Whole Year,Potato,40,210,5.25
Manipur,TAMENGLONG,2005,Kharif,Dry ginger,120,200,1.666666667
Manipur,TAMENGLONG,2005,Kharif,Peas & beans (Pulses),210,110,0.523809524
Manipur,TAMENGLONG,2005,Kharif,Rice,9580,10550,1.10125261
Manipur,TAMENGLONG,2005,Kharif,Sesamum,190,90,0.473684211
Manipur,TAMENGLONG,2005,Kharif,Soyabean,10,10,1
Manipur,TAMENGLONG,2005,Whole Year,Banana,990,12730,12.85858586
Manipur,TAMENGLONG,2005,Whole Year,Dry chillies,1230,740,0.601626016
Manipur,TAMENGLONG,2005,Whole Year,Potato,10,50,5
Manipur,TAMENGLONG,2006,Kharif,Dry ginger,150,250,1.666666667
Manipur,TAMENGLONG,2006,Kharif,Other Kharif pulses,10,10,1
Manipur,TAMENGLONG,2006,Kharif,Peas & beans (Pulses),190,100,0.526315789
Manipur,TAMENGLONG,2006,Kharif,Rice,9520,12560,1.319327731
Manipur,TAMENGLONG,2006,Summer,Banana,260,3340,12.84615385
Manipur,TAMENGLONG,2006,Whole Year,Banana,1460,18780,12.8630137
Manipur,TAMENGLONG,2006,Whole Year,Dry chillies,900,540,0.6
Manipur,TAMENGLONG,2006,Whole Year,Potato,50,260,5.2
Manipur,TAMENGLONG,2007,Kharif,Dry ginger,800,1320,1.65
Manipur,TAMENGLONG,2007,Kharif,Other Kharif pulses,10,10,1
Manipur,TAMENGLONG,2007,Kharif,Peas & beans (Pulses),840,430,0.511904762
Manipur,TAMENGLONG,2007,Kharif,Rice,8850,16860,1.905084746
Manipur,TAMENGLONG,2007,Kharif,Soyabean,20,20,1
Manipur,TAMENGLONG,2007,Whole Year,Banana,1830,23540,12.86338798
Manipur,TAMENGLONG,2007,Whole Year,Dry chillies,1300,780,0.6
Manipur,TAMENGLONG,2007,Whole Year,Potato,40,210,5.25
Manipur,THOUBAL,1997,Kharif,Peas & beans (Pulses),2,1,0.5
Manipur,THOUBAL,1997,Kharif,Rice,28,79,2.821428571
Manipur,THOUBAL,1997,Whole Year,Dry chillies,1,1,1
Manipur,THOUBAL,1998,Autumn,Dry ginger,20,30,1.5
Manipur,THOUBAL,1998,Autumn,Peas & beans (Pulses),90,50,0.555555556
Manipur,THOUBAL,1998,Autumn,Potato,190,990,5.210526316
Manipur,THOUBAL,1998,Autumn,Rice,17170,47080,2.741991846
Manipur,THOUBAL,1998,Autumn,Turmeric,10,10,1
Manipur,THOUBAL,1998,Rabi,Dry chillies,420,250,0.595238095
Manipur,THOUBAL,1998,Rabi,Peas & beans (Pulses),190,100,0.526315789
Manipur,THOUBAL,1998,Rabi,Potato,130,680,5.230769231
Manipur,THOUBAL,1998,Summer,Dry chillies,590,350,0.593220339
Manipur,THOUBAL,1998,Summer,Peas & beans (Pulses),450,220,0.488888889
Manipur,THOUBAL,1998,Winter,Dry chillies,130,80,0.615384615
Manipur,THOUBAL,1998,Winter,Dry ginger,20,40,2
Manipur,THOUBAL,1998,Winter,Peas & beans (Pulses),230,110,0.47826087
Manipur,THOUBAL,1998,Winter,Potato,230,1210,5.260869565
Manipur,THOUBAL,1998,Winter,Rapeseed &Mustard,990,440,0.444444444
Manipur,THOUBAL,1998,Winter,Rice,11190,26540,2.3717605
Manipur,THOUBAL,1999,Kharif,Dry ginger,130,220,1.692307692
Manipur,THOUBAL,1999,Kharif,Peas & beans (Pulses),380,190,0.5
Manipur,THOUBAL,1999,Kharif,Rice,21770,57780,2.654111162
Manipur,THOUBAL,1999,Whole Year,Dry chillies,2650,1590,0.6
Manipur,THOUBAL,1999,Whole Year,Onion,20,40,2
Manipur,THOUBAL,1999,Whole Year,Potato,1060,5550,5.235849057
Manipur,THOUBAL,1999,Whole Year,Turmeric,10,10,1
Manipur,THOUBAL,2000,Kharif,Dry ginger,220,360,1.636363636
Manipur,THOUBAL,2000,Kharif,Other Kharif pulses,450,230,0.511111111
Manipur,THOUBAL,2000,Kharif,Peas & beans (Pulses),650,330,0.507692308
Manipur,THOUBAL,2000,Kharif,Rice,23230,60480,2.603529918
Manipur,THOUBAL,2000,Whole Year,Dry chillies,2700,1610,0.596296296
Manipur,THOUBAL,2000,Whole Year,Onion,90,190,2.111111111
Manipur,THOUBAL,2000,Whole Year,Potato,1100,5760,5.236363636
Manipur,THOUBAL,2000,Whole Year,Sugarcane,30,980,32.66666667
Manipur,THOUBAL,2001,Kharif,Dry ginger,180,300,1.666666667
Manipur,THOUBAL,2001,Kharif,Other Kharif pulses,410,210,0.512195122
Manipur,THOUBAL,2001,Kharif,Peas & beans (Pulses),670,340,0.507462687
Manipur,THOUBAL,2001,Kharif,Rice,24080,59590,2.474667774
Manipur,THOUBAL,2001,Whole Year,Dry chillies,2100,1260,0.6
Manipur,THOUBAL,2001,Whole Year,Onion,350,740,2.114285714
Manipur,THOUBAL,2002,Kharif,Dry ginger,100,170,1.7
Manipur,THOUBAL,2002,Kharif,Peas & beans (Pulses),740,380,0.513513514
Manipur,THOUBAL,2002,Kharif,Rice,17270,36370,2.1059641
Manipur,THOUBAL,2002,Whole Year,Banana,131,1090,8.320610687
Manipur,THOUBAL,2002,Whole Year,Beans & Mutter(Vegetable),390,1864,4.779487179
Manipur,THOUBAL,2002,Whole Year,Bhindi,225,693,3.08
Manipur,THOUBAL,2002,Whole Year,Bottle Gourd,5,0,0
Manipur,THOUBAL,2002,Whole Year,Brinjal,54,263,4.87037037
Manipur,THOUBAL,2002,Whole Year,Cabbage,360,4233,11.75833333
Manipur,THOUBAL,2002,Whole Year,Carrot,55,548,9.963636364
Manipur,THOUBAL,2002,Whole Year,Cauliflower,345,3622,10.49855072
Manipur,THOUBAL,2002,Whole Year,Citrus Fruit,99,396,4
Manipur,THOUBAL,2002,Whole Year,Dry chillies,2030,1210,0.596059113
Manipur,THOUBAL,2002,Whole Year,Jack Fruit,40,149,3.725
Manipur,THOUBAL,2002,Whole Year,Mango,20,100,5
Manipur,THOUBAL,2002,Whole Year,Onion,50,110,2.2
Manipur,THOUBAL,2002,Whole Year,Other Fresh Fruits,1140,1437,1.260526316
Manipur,THOUBAL,2002,Whole Year,Other Vegetables,60,300,5
Manipur,THOUBAL,2002,Whole Year,Papaya,260,1560,6
Manipur,THOUBAL,2002,Whole Year,Pineapple,2020,16160,8
Manipur,THOUBAL,2002,Whole Year,Pome Fruit,50,189,3.78
Manipur,THOUBAL,2002,Whole Year,Potato,1080,5640,5.222222222
Manipur,THOUBAL,2002,Whole Year,Redish,40,400,10
Manipur,THOUBAL,2002,Whole Year,Sweet potato,4,20,5
Manipur,THOUBAL,2002,Whole Year,Tomato,152,1216,8
Manipur,THOUBAL,2002,Whole Year,Turmeric,10,10,1
Manipur,THOUBAL,2003,Kharif,Dry ginger,170,280,1.647058824
Manipur,THOUBAL,2003,Kharif,Other Kharif pulses,320,160,0.5
Manipur,THOUBAL,2003,Kharif,Peas & beans (Pulses),730,370,0.506849315
Manipur,THOUBAL,2003,Kharif,Rice,22140,52880,2.388437218
Manipur,THOUBAL,2003,Whole Year,Banana,138,1083,7.847826087
Manipur,THOUBAL,2003,Whole Year,Beans & Mutter(Vegetable),421,2018,4.793349169
Manipur,THOUBAL,2003,Whole Year,Bhindi,235,799,3.4
Manipur,THOUBAL,2003,Whole Year,Bitter Gourd,11,59,5.363636364
Manipur,THOUBAL,2003,Whole Year,Bottle Gourd,11,79,7.181818182
Manipur,THOUBAL,2003,Whole Year,Brinjal,59,277,4.694915254
Manipur,THOUBAL,2003,Whole Year,Cabbage,402,4904,12.19900498
Manipur,THOUBAL,2003,Whole Year,Carrot,45,338,7.511111111
Manipur,THOUBAL,2003,Whole Year,Cauliflower,350,3010,8.6
Manipur,THOUBAL,2003,Whole Year,Citrus Fruit,99,475,4.797979798
Manipur,THOUBAL,2003,Whole Year,Dry chillies,4980,2980,0.598393574
Manipur,THOUBAL,2003,Whole Year,Jack Fruit,40,183,4.575
Manipur,THOUBAL,2003,Whole Year,Mango,21,107,5.095238095
Manipur,THOUBAL,2003,Whole Year,Onion,630,1340,2.126984127
Manipur,THOUBAL,2003,Whole Year,Other Fresh Fruits,1090,2412,2.212844037
Manipur,THOUBAL,2003,Whole Year,Other Vegetables,59,428,7.254237288
Manipur,THOUBAL,2003,Whole Year,Papaya,261,1514,5.800766284
Manipur,THOUBAL,2003,Whole Year,Pineapple,2050,15375,7.5
Manipur,THOUBAL,2003,Whole Year,Pome Fruit,50,157,3.14
Manipur,THOUBAL,2003,Whole Year,Redish,47,418,8.893617021
Manipur,THOUBAL,2003,Whole Year,Sweet potato,5,33,6.6
Manipur,THOUBAL,2003,Whole Year,Tapioca,15,84,5.6
Manipur,THOUBAL,2003,Whole Year,Tomato,160,1280,8
Manipur,THOUBAL,2003,Whole Year,Turmeric,40,30,0.75
Manipur,THOUBAL,2004,Kharif,Dry ginger,120,200,1.666666667
Manipur,THOUBAL,2004,Kharif,Other Kharif pulses,320,160,0.5
Manipur,THOUBAL,2004,Kharif,Peas & beans (Pulses),300,150,0.5
Manipur,THOUBAL,2004,Kharif,Rice,25750,60110,2.334368932
Manipur,THOUBAL,2004,Whole Year,Banana,20,260,13
Manipur,THOUBAL,2004,Whole Year,Dry chillies,1390,830,0.597122302
Manipur,THOUBAL,2004,Whole Year,Onion,210,450,2.142857143
Manipur,THOUBAL,2004,Whole Year,Potato,980,5130,5.234693878
Manipur,THOUBAL,2004,Whole Year,Turmeric,50,30,0.6
Manipur,THOUBAL,2005,Kharif,Dry ginger,20,30,1.5
Manipur,THOUBAL,2005,Kharif,Other Kharif pulses,10,10,1
Manipur,THOUBAL,2005,Kharif,Peas & beans (Pulses),570,280,0.49122807
Manipur,THOUBAL,2005,Kharif,Rice,22640,50880,2.247349823
Manipur,THOUBAL,2005,Whole Year,Dry chillies,1060,640,0.603773585
Manipur,THOUBAL,2005,Whole Year,Onion,300,640,2.133333333
Manipur,THOUBAL,2005,Whole Year,Potato,930,4860,5.225806452
Manipur,THOUBAL,2005,Whole Year,Sugarcane,20,660,33
Manipur,THOUBAL,2006,Kharif,Other Kharif pulses,260,130,0.5
Manipur,THOUBAL,2006,Kharif,Peas & beans (Pulses),260,130,0.5
Manipur,THOUBAL,2006,Kharif,Rice,27150,63110,2.324493554
Manipur,THOUBAL,2006,Kharif,Soyabean,80,100,1.25
Manipur,THOUBAL,2006,Summer,Onion,190,400,2.105263158
Manipur,THOUBAL,2006,Summer,Sugarcane,10,330,33
Manipur,THOUBAL,2006,Whole Year,Dry chillies,1290,770,0.596899225
Manipur,THOUBAL,2006,Whole Year,Onion,130,280,2.153846154
Manipur,THOUBAL,2006,Whole Year,Potato,400,2090,5.225
Manipur,THOUBAL,2007,Kharif,Dry ginger,10,20,2
Manipur,THOUBAL,2007,Kharif,Other Kharif pulses,390,190,0.487179487
Manipur,THOUBAL,2007,Kharif,Peas & beans (Pulses),350,180,0.514285714
Manipur,THOUBAL,2007,Kharif,Rice,27330,61950,2.266739846
Manipur,THOUBAL,2007,Rabi,Rapeseed &Mustard,1100,490,0.445454545
Manipur,THOUBAL,2007,Whole Year,Banana,10,130,13
Manipur,THOUBAL,2007,Whole Year,Dry chillies,1100,660,0.6
Manipur,THOUBAL,2007,Whole Year,Onion,120,260,2.166666667
Manipur,THOUBAL,2007,Whole Year,Potato,10,50,5
Manipur,THOUBAL,2007,Whole Year,Sugarcane,20,650,32.5
Manipur,UKHRUL,1997,Kharif,Rice,15,31,2.066666667
Manipur,UKHRUL,1997,Whole Year,Turmeric,7,4,0.571428571
Manipur,UKHRUL,1998,Autumn,Banana,130,1670,12.84615385
Manipur,UKHRUL,1998,Autumn,Dry chillies,340,200,0.588235294
Manipur,UKHRUL,1998,Autumn,Dry ginger,70,120,1.714285714
Manipur,UKHRUL,1998,Autumn,Maize,100,390,3.9
Manipur,UKHRUL,1998,Autumn,Peas & beans (Pulses),40,20,0.5
Manipur,UKHRUL,1998,Autumn,Potato,30,160,5.333333333
Manipur,UKHRUL,1998,Autumn,Rice,15950,31810,1.994357367
Manipur,UKHRUL,1998,Autumn,Sesamum,210,110,0.523809524
Manipur,UKHRUL,1998,Autumn,Soyabean,120,140,1.166666667
Manipur,UKHRUL,1998,Autumn,Turmeric,40,20,0.5
Manipur,UKHRUL,1998,Rabi,Banana,90,1160,12.88888889
Manipur,UKHRUL,1998,Rabi,Dry chillies,1230,740,0.601626016
Manipur,UKHRUL,1998,Rabi,Potato,30,160,5.333333333
Manipur,UKHRUL,1998,Winter,Banana,90,1160,12.88888889
Manipur,UKHRUL,1998,Winter,Dry chillies,20,10,0.5
Manipur,UKHRUL,1998,Winter,Dry ginger,70,110,1.571428571
Manipur,UKHRUL,1998,Winter,Potato,40,200,5
Manipur,UKHRUL,1998,Winter,Rice,280,640,2.285714286
Manipur,UKHRUL,1998,Winter,Sesamum,110,50,0.454545455
Manipur,UKHRUL,1998,Winter,Soyabean,50,60,1.2
Manipur,UKHRUL,1998,Winter,Turmeric,20,10,0.5
Manipur,UKHRUL,1999,Kharif,Dry ginger,70,120,1.714285714
Manipur,UKHRUL,1999,Kharif,Maize,1070,2800,2.61682243
Manipur,UKHRUL,1999,Kharif,Rice,13840,30150,2.178468208
Manipur,UKHRUL,1999,Kharif,Sesamum,230,110,0.47826087
Manipur,UKHRUL,1999,Kharif,Soyabean,110,130,1.181818182
Manipur,UKHRUL,1999,Whole Year,Banana,240,3090,12.875
Manipur,UKHRUL,1999,Whole Year,Dry chillies,610,360,0.590163934
Manipur,UKHRUL,1999,Whole Year,Potato,160,840,5.25
Manipur,UKHRUL,1999,Whole Year,Turmeric,100,60,0.6
Manipur,UKHRUL,2000,Kharif,Dry ginger,20,40,2
Manipur,UKHRUL,2000,Kharif,Maize,680,1590,2.338235294
Manipur,UKHRUL,2000,Kharif,Rice,13530,32600,2.409460458
Manipur,UKHRUL,2000,Whole Year,Banana,320,4110,12.84375
Manipur,UKHRUL,2000,Whole Year,Dry chillies,1120,670,0.598214286
Manipur,UKHRUL,2000,Whole Year,Potato,170,890,5.235294118
Manipur,UKHRUL,2001,Kharif,Dry ginger,110,180,1.636363636
Manipur,UKHRUL,2001,Kharif,Maize,1080,870,0.805555556
Manipur,UKHRUL,2001,Kharif,Rice,14500,32590,2.247586207
Manipur,UKHRUL,2001,Whole Year,Banana,940,12090,12.86170213
Manipur,UKHRUL,2001,Whole Year,Dry chillies,1090,650,0.596330275
Manipur,UKHRUL,2002,Kharif,Dry ginger,180,300,1.666666667
Manipur,UKHRUL,2002,Kharif,Maize,570,640,1.122807018
Manipur,UKHRUL,2002,Kharif,Peas & beans (Pulses),430,220,0.511627907
Manipur,UKHRUL,2002,Kharif,Rice,13270,24370,1.836473248
Manipur,UKHRUL,2002,Kharif,Soyabean,50,60,1.2
Manipur,UKHRUL,2002,Whole Year,Banana,50,393,7.86
Manipur,UKHRUL,2002,Whole Year,Beans & Mutter(Vegetable),124,609,4.911290323
Manipur,UKHRUL,2002,Whole Year,Bhindi,30,115,3.833333333
Manipur,UKHRUL,2002,Whole Year,Brinjal,26,110,4.230769231
Manipur,UKHRUL,2002,Whole Year,Cabbage,115,1380,12
Manipur,UKHRUL,2002,Whole Year,Carrot,20,185,9.25
Manipur,UKHRUL,2002,Whole Year,Cauliflower,20,172,8.6
Manipur,UKHRUL,2002,Whole Year,Citrus Fruit,335,1708,5.098507463
Manipur,UKHRUL,2002,Whole Year,Dry chillies,840,510,0.607142857
Manipur,UKHRUL,2002,Whole Year,Jack Fruit,50,0,0
Manipur,UKHRUL,2002,Whole Year,Onion,10,20,2
Manipur,UKHRUL,2002,Whole Year,Other Fresh Fruits,855,1215,1.421052632
Manipur,UKHRUL,2002,Whole Year,Other Vegetables,30,165,5.5
Manipur,UKHRUL,2002,Whole Year,Papaya,100,352,3.52
Manipur,UKHRUL,2002,Whole Year,Pineapple,150,910,6.066666667
Manipur,UKHRUL,2002,Whole Year,Pome Fruit,135,422,3.125925926
Manipur,UKHRUL,2002,Whole Year,Potato,1170,6120,5.230769231
Manipur,UKHRUL,2002,Whole Year,Redish,20,205,10.25
Manipur,UKHRUL,2002,Whole Year,Tapioca,12,108,9
Manipur,UKHRUL,2002,Whole Year,Tomato,11,100,9.090909091
Manipur,UKHRUL,2002,Whole Year,Turmeric,40,30,0.75
Manipur,UKHRUL,2003,Kharif,Dry ginger,240,400,1.666666667
Manipur,UKHRUL,2003,Kharif,Maize,420,1330,3.166666667
Manipur,UKHRUL,2003,Kharif,Other Kharif pulses,210,110,0.523809524
Manipur,UKHRUL,2003,Kharif,Peas & beans (Pulses),580,290,0.5
Manipur,UKHRUL,2003,Kharif,Rice,13690,31610,2.30898466
Manipur,UKHRUL,2003,Kharif,Soyabean,90,110,1.222222222
Manipur,UKHRUL,2003,Whole Year,Banana,54,424,7.851851852
Manipur,UKHRUL,2003,Whole Year,Beans & Mutter(Vegetable),140,713,5.092857143
Manipur,UKHRUL,2003,Whole Year,Bhindi,38,129,3.394736842
Manipur,UKHRUL,2003,Whole Year,Bottle Gourd,1,7,7
Manipur,UKHRUL,2003,Whole Year,Brinjal,18,85,4.722222222
Manipur,UKHRUL,2003,Whole Year,Cabbage,145,1770,12.20689655
Manipur,UKHRUL,2003,Whole Year,Carrot,18,134,7.444444444
Manipur,UKHRUL,2003,Whole Year,Cauliflower,23,198,8.608695652
Manipur,UKHRUL,2003,Whole Year,Citrus Fruit,350,1680,4.8
Manipur,UKHRUL,2003,Whole Year,Dry chillies,340,20,0.058823529
Manipur,UKHRUL,2003,Whole Year,Jack Fruit,37,169,4.567567568
Manipur,UKHRUL,2003,Whole Year,Mango,1,5,5
Manipur,UKHRUL,2003,Whole Year,Onion,20,40,2
Manipur,UKHRUL,2003,Whole Year,Orange,76,312,4.105263158
Manipur,UKHRUL,2003,Whole Year,Other Fresh Fruits,1123,5032,4.480854853
Manipur,UKHRUL,2003,Whole Year,Other Vegetables,25,181,7.24
Manipur,UKHRUL,2003,Whole Year,Papaya,101,586,5.801980198
Manipur,UKHRUL,2003,Whole Year,Pineapple,180,1350,7.5
Manipur,UKHRUL,2003,Whole Year,Pome Fruit,135,424,3.140740741
Manipur,UKHRUL,2003,Whole Year,Redish,18,160,8.888888889
Manipur,UKHRUL,2003,Whole Year,Sweet potato,15,99,6.6
Manipur,UKHRUL,2003,Whole Year,Tapioca,9,50,5.555555556
Manipur,UKHRUL,2003,Whole Year,Tomato,13,104,8
Manipur,UKHRUL,2003,Whole Year,Turmeric,120,80,0.666666667
Manipur,UKHRUL,2004,Kharif,Dry ginger,220,360,1.636363636
Manipur,UKHRUL,2004,Kharif,Maize,1340,3530,2.634328358
Manipur,UKHRUL,2004,Kharif,Other Kharif pulses,90,50,0.555555556
Manipur,UKHRUL,2004,Kharif,Peas & beans (Pulses),1020,520,0.509803922
Manipur,UKHRUL,2004,Kharif,Rice,13580,29100,2.142857143
Manipur,UKHRUL,2004,Kharif,Soyabean,200,240,1.2
Manipur,UKHRUL,2004,Whole Year,Banana,680,8750,12.86764706
Manipur,UKHRUL,2004,Whole Year,Dry chillies,330,200,0.606060606
Manipur,UKHRUL,2004,Whole Year,Potato,30,160,5.333333333
Manipur,UKHRUL,2004,Whole Year,Turmeric,190,130,0.684210526
Manipur,UKHRUL,2005,Kharif,Dry ginger,80,130,1.625
Manipur,UKHRUL,2005,Kharif,Maize,610,1750,2.868852459
Manipur,UKHRUL,2005,Kharif,Other Kharif pulses,140,70,0.5
Manipur,UKHRUL,2005,Kharif,Peas & beans (Pulses),610,310,0.508196721
Manipur,UKHRUL,2005,Kharif,Rice,15370,35350,2.299934938
Manipur,UKHRUL,2005,Whole Year,Banana,1210,15560,12.85950413
Manipur,UKHRUL,2005,Whole Year,Dry chillies,170,100,0.588235294
Manipur,UKHRUL,2005,Whole Year,Potato,260,1360,5.230769231
Manipur,UKHRUL,2006,Kharif,Dry ginger,70,110,1.571428571
Manipur,UKHRUL,2006,Kharif,Maize,1310,3080,2.351145038
Manipur,UKHRUL,2006,Kharif,Other Kharif pulses,120,50,0.416666667
Manipur,UKHRUL,2006,Kharif,Peas & beans (Pulses),1220,620,0.508196721
Manipur,UKHRUL,2006,Kharif,Rice,13400,31030,2.315671642
Manipur,UKHRUL,2006,Summer,Banana,370,4750,12.83783784
Manipur,UKHRUL,2006,Summer,Dry ginger,20,30,1.5
Manipur,UKHRUL,2006,Whole Year,Banana,980,12600,12.85714286
Manipur,UKHRUL,2006,Whole Year,Dry chillies,290,170,0.586206897
Manipur,UKHRUL,2006,Whole Year,Potato,310,1620,5.225806452
Manipur,UKHRUL,2006,Whole Year,Turmeric,20,20,1
Manipur,UKHRUL,2007,Kharif,Dry ginger,110,180,1.636363636
Manipur,UKHRUL,2007,Kharif,Maize,1050,3070,2.923809524
Manipur,UKHRUL,2007,Kharif,Other Kharif pulses,350,180,0.514285714
Manipur,UKHRUL,2007,Kharif,Peas & beans (Pulses),1070,550,0.514018692
Manipur,UKHRUL,2007,Kharif,Rice,12090,28490,2.356492969
Manipur,UKHRUL,2007,Whole Year,Banana,1750,22510,12.86285714
Manipur,UKHRUL,2007,Whole Year,Dry chillies,390,230,0.58974359
Manipur,UKHRUL,2007,Whole Year,Onion,10,20,2
Manipur,UKHRUL,2007,Whole Year,Potato,260,1360,5.230769231
Manipur,UKHRUL,2007,Whole Year,Sweet potato,450,1580,3.511111111
Manipur,UKHRUL,2007,Whole Year,Turmeric,50,30,0.6
Meghalaya,EAST GARO HILLS,1997,Kharif,Arhar/Tur,111,95,0.855855856
Meghalaya,EAST GARO HILLS,1997,Kharif,Cotton(lint),2720,1960,0.720588235
Meghalaya,EAST GARO HILLS,1997,Kharif,Dry ginger,3539,23163,6.545069229
Meghalaya,EAST GARO HILLS,1997,Kharif,Jute,312,2916,9.346153846
Meghalaya,EAST GARO HILLS,1997,Kharif,Maize,1090,1362,1.249541284
Meghalaya,EAST GARO HILLS,1997,Kharif,Mesta,278,1354,4.870503597
Meghalaya,EAST GARO HILLS,1997,Kharif,Rice,17301,22730,1.31379689
Meghalaya,EAST GARO HILLS,1997,Kharif,Sesamum,295,147,0.498305085
Meghalaya,EAST GARO HILLS,1997,Kharif,Small millets,494,415,0.840080972
Meghalaya,EAST GARO HILLS,1997,Kharif,Soyabean,138,136,0.985507246
Meghalaya,EAST GARO HILLS,1997,Rabi,Castor seed,11,5,0.454545455
Meghalaya,EAST GARO HILLS,1997,Rabi,Gram,255,152,0.596078431
Meghalaya,EAST GARO HILLS,1997,Rabi,Other  Rabi pulses,206,133,0.645631068
Meghalaya,EAST GARO HILLS,1997,Rabi,Pulses total,572,380,0.664335664
Meghalaya,EAST GARO HILLS,1997,Rabi,Rapeseed &Mustard,749,355,0.473965287
Meghalaya,EAST GARO HILLS,1997,Rabi,Tobacco,253,166,0.656126482
Meghalaya,EAST GARO HILLS,1997,Rabi,Wheat,72,83,1.152777778
Meghalaya,EAST GARO HILLS,1997,Whole Year,Arecanut,793,749,0.944514502
Meghalaya,EAST GARO HILLS,1997,Whole Year,Banana,1075,13310,12.38139535
Meghalaya,EAST GARO HILLS,1997,Whole Year,Dry chillies,324,194,0.598765432
Meghalaya,EAST GARO HILLS,1997,Whole Year,Potato,101,795,7.871287129
Meghalaya,EAST GARO HILLS,1997,Whole Year,Sugarcane,21,58,2.761904762
Meghalaya,EAST GARO HILLS,1997,Whole Year,Sweet potato,251,782,3.115537849
Meghalaya,EAST GARO HILLS,1997,Whole Year,Tapioca,1470,7319,4.978911565
Meghalaya,EAST GARO HILLS,1997,Whole Year,Turmeric,100,556,5.56
Meghalaya,EAST GARO HILLS,1998,Kharif,Arhar/Tur,106,90,0.849056604
Meghalaya,EAST GARO HILLS,1998,Kharif,Cotton(lint),2726,1972,0.723404255
Meghalaya,EAST GARO HILLS,1998,Kharif,Dry ginger,3543,23189,6.545018346
Meghalaya,EAST GARO HILLS,1998,Kharif,Jute,309,2720,8.802588997
Meghalaya,EAST GARO HILLS,1998,Kharif,Maize,1093,1366,1.249771272
Meghalaya,EAST GARO HILLS,1998,Kharif,Mesta,270,1242,4.6
Meghalaya,EAST GARO HILLS,1998,Kharif,Rice,17167,25215,1.468806431
Meghalaya,EAST GARO HILLS,1998,Kharif,Sesamum,293,147,0.501706485
Meghalaya,EAST GARO HILLS,1998,Kharif,Small millets,492,414,0.841463415
Meghalaya,EAST GARO HILLS,1998,Kharif,Soyabean,138,136,0.985507246
Meghalaya,EAST GARO HILLS,1998,Rabi,Gram,255,153,0.6
Meghalaya,EAST GARO HILLS,1998,Rabi,Other  Rabi pulses,207,133,0.642512077
Meghalaya,EAST GARO HILLS,1998,Rabi,Pulses total,568,376,0.661971831
Meghalaya,EAST GARO HILLS,1998,Rabi,Rapeseed &Mustard,753,426,0.565737052
Meghalaya,EAST GARO HILLS,1998,Rabi,Wheat,72,114,1.583333333
Meghalaya,EAST GARO HILLS,1998,Whole Year,Arecanut,796,752,0.944723618
Meghalaya,EAST GARO HILLS,1998,Whole Year,Banana,1032,13106,12.6996124
Meghalaya,EAST GARO HILLS,1998,Whole Year,Dry chillies,324,194,0.598765432
Meghalaya,EAST GARO HILLS,1998,Whole Year,Potato,111,873,7.864864865
Meghalaya,EAST GARO HILLS,1998,Whole Year,Sugarcane,21,58,2.761904762
Meghalaya,EAST GARO HILLS,1998,Whole Year,Sweet potato,255,794,3.11372549
Meghalaya,EAST GARO HILLS,1998,Whole Year,Tapioca,1469,7345,5
Meghalaya,EAST GARO HILLS,1998,Whole Year,Tobacco,253,168,0.664031621
Meghalaya,EAST GARO HILLS,1998,Whole Year,Turmeric,100,556,5.56
Meghalaya,EAST GARO HILLS,1999,Kharif,Arhar/Tur,110,94,0.854545455
Meghalaya,EAST GARO HILLS,1999,Kharif,Castor seed,8,4,0.5
Meghalaya,EAST GARO HILLS,1999,Kharif,Cotton(lint),2730,1991,0.729304029
Meghalaya,EAST GARO HILLS,1999,Kharif,Dry ginger,3550,22063,6.214929577
Meghalaya,EAST GARO HILLS,1999,Kharif,Jute,312,2753,8.823717949
Meghalaya,EAST GARO HILLS,1999,Kharif,Maize,1094,1365,1.247714808
Meghalaya,EAST GARO HILLS,1999,Kharif,Mesta,270,1244,4.607407407
Meghalaya,EAST GARO HILLS,1999,Kharif,Rice,16970,24669,1.45368297
Meghalaya,EAST GARO HILLS,1999,Kharif,Sesamum,285,143,0.501754386
Meghalaya,EAST GARO HILLS,1999,Kharif,Soyabean,142,141,0.992957746
Meghalaya,EAST GARO HILLS,1999,Rabi,Gram,253,152,0.600790514
Meghalaya,EAST GARO HILLS,1999,Rabi,Rapeseed &Mustard,752,435,0.578457447
Meghalaya,EAST GARO HILLS,1999,Rabi,Rice,100,200,2
Meghalaya,EAST GARO HILLS,1999,Whole Year,Arecanut,797,753,0.944792974
Meghalaya,EAST GARO HILLS,1999,Whole Year,Banana,1089,13665,12.54820937
Meghalaya,EAST GARO HILLS,1999,Whole Year,Dry chillies,330,198,0.6
Meghalaya,EAST GARO HILLS,1999,Whole Year,Potato,110,855,7.772727273
Meghalaya,EAST GARO HILLS,1999,Whole Year,Sugarcane,24,70,2.916666667
Meghalaya,EAST GARO HILLS,1999,Whole Year,Sweet potato,256,797,3.11328125
Meghalaya,EAST GARO HILLS,1999,Whole Year,Tapioca,1472,7472,5.076086957
Meghalaya,EAST GARO HILLS,1999,Whole Year,Tobacco,254,169,0.665354331
Meghalaya,EAST GARO HILLS,1999,Whole Year,Turmeric,100,612,6.12
Meghalaya,EAST GARO HILLS,2000,Kharif,Arhar/Tur,109,92,0.844036697
Meghalaya,EAST GARO HILLS,2000,Kharif,Castor seed,8,4,0.5
Meghalaya,EAST GARO HILLS,2000,Kharif,Cotton(lint),2734,3506,1.282370154
Meghalaya,EAST GARO HILLS,2000,Kharif,Dry ginger,3562,20871,5.859348681
Meghalaya,EAST GARO HILLS,2000,Kharif,Jute,315,2779,8.822222222
Meghalaya,EAST GARO HILLS,2000,Kharif,Kapas,2734,3506,1.282370154
Meghalaya,EAST GARO HILLS,2000,Kharif,Maize,1094,1365,1.247714808
Meghalaya,EAST GARO HILLS,2000,Kharif,Mesta,260,1194,4.592307692
Meghalaya,EAST GARO HILLS,2000,Kharif,Rice,16982,30010,1.767165234
Meghalaya,EAST GARO HILLS,2000,Kharif,Sesamum,285,149,0.522807018
Meghalaya,EAST GARO HILLS,2000,Kharif,Small millets,487,410,0.841889117
Meghalaya,EAST GARO HILLS,2000,Kharif,Soyabean,122,115,0.942622951
Meghalaya,EAST GARO HILLS,2000,Rabi,Gram,258,155,0.600775194
Meghalaya,EAST GARO HILLS,2000,Rabi,Other  Rabi pulses,205,122,0.595121951
Meghalaya,EAST GARO HILLS,2000,Rabi,Rapeseed &Mustard,760,473,0.622368421
Meghalaya,EAST GARO HILLS,2000,Rabi,Rice,100,200,2
Meghalaya,EAST GARO HILLS,2000,Rabi,Wheat,66,76,1.151515152
Meghalaya,EAST GARO HILLS,2000,Whole Year,Arecanut,831,929,1.117930205
Meghalaya,EAST GARO HILLS,2000,Whole Year,Banana,1097,13765,12.54785779
Meghalaya,EAST GARO HILLS,2000,Whole Year,Dry chillies,331,198,0.598187311
Meghalaya,EAST GARO HILLS,2000,Whole Year,Potato,116,901,7.767241379
Meghalaya,EAST GARO HILLS,2000,Whole Year,Sugarcane,29,80,2.75862069
Meghalaya,EAST GARO HILLS,2000,Whole Year,Sweet potato,260,810,3.115384615
Meghalaya,EAST GARO HILLS,2000,Whole Year,Tapioca,1478,7464,5.050067659
Meghalaya,EAST GARO HILLS,2000,Whole Year,Tobacco,256,166,0.6484375
Meghalaya,EAST GARO HILLS,2000,Whole Year,Turmeric,114,634,5.561403509
Meghalaya,EAST GARO HILLS,2001,Kharif,Arhar/Tur,110,93,0.845454545
Meghalaya,EAST GARO HILLS,2001,Kharif,Castor seed,9,4,0.444444444
Meghalaya,EAST GARO HILLS,2001,Kharif,Cotton(lint),2730,3533,1.294139194
Meghalaya,EAST GARO HILLS,2001,Kharif,Dry ginger,4560,20839,4.56995614
Meghalaya,EAST GARO HILLS,2001,Kharif,Jute,315,2793,8.866666667
Meghalaya,EAST GARO HILLS,2001,Kharif,Maize,1088,1349,1.239889706
Meghalaya,EAST GARO HILLS,2001,Kharif,Mesta,256,1178,4.6015625
Meghalaya,EAST GARO HILLS,2001,Kharif,Rice,17024,30210,1.774553571
Meghalaya,EAST GARO HILLS,2001,Kharif,Sesamum,279,141,0.505376344
Meghalaya,EAST GARO HILLS,2001,Kharif,Small millets,465,388,0.834408602
Meghalaya,EAST GARO HILLS,2001,Kharif,Soyabean,122,115,0.942622951
Meghalaya,EAST GARO HILLS,2001,Rabi,Gram,250,151,0.604
Meghalaya,EAST GARO HILLS,2001,Rabi,Rapeseed &Mustard,760,522,0.686842105
Meghalaya,EAST GARO HILLS,2001,Rabi,Wheat,65,75,1.153846154
Meghalaya,EAST GARO HILLS,2001,Whole Year,Arecanut,846,943,1.11465721
Meghalaya,EAST GARO HILLS,2001,Whole Year,Dry chillies,332,199,0.59939759
Meghalaya,EAST GARO HILLS,2001,Whole Year,Potato,120,932,7.766666667
Meghalaya,EAST GARO HILLS,2001,Whole Year,Sugarcane,27,75,2.777777778
Meghalaya,EAST GARO HILLS,2001,Whole Year,Sweet potato,260,810,3.115384615
Meghalaya,EAST GARO HILLS,2001,Whole Year,Tapioca,1473,7468,5.069925322
Meghalaya,EAST GARO HILLS,2001,Whole Year,Tobacco,251,161,0.641434263
Meghalaya,EAST GARO HILLS,2001,Whole Year,Turmeric,113,628,5.557522124
Meghalaya,EAST GARO HILLS,2002,Kharif,Arhar/Tur,105,89,0.847619048
Meghalaya,EAST GARO HILLS,2002,Kharif,Castor seed,7,3,0.428571429
Meghalaya,EAST GARO HILLS,2002,Kharif,Cotton(lint),2722,3522,1.293901543
Meghalaya,EAST GARO HILLS,2002,Kharif,Dry ginger,4555,20818,4.570362239
Meghalaya,EAST GARO HILLS,2002,Kharif,Jute,303,2491,8.221122112
Meghalaya,EAST GARO HILLS,2002,Kharif,Maize,1081,1340,1.239592969
Meghalaya,EAST GARO HILLS,2002,Kharif,Mesta,224,1121,5.004464286
Meghalaya,EAST GARO HILLS,2002,Kharif,Rice,16907,30409,1.798604128
Meghalaya,EAST GARO HILLS,2002,Kharif,Sesamum,272,137,0.503676471
Meghalaya,EAST GARO HILLS,2002,Kharif,Small millets,457,381,0.833698031
Meghalaya,EAST GARO HILLS,2002,Kharif,Soyabean,117,110,0.94017094
Meghalaya,EAST GARO HILLS,2002,Rabi,Gram,246,148,0.601626016
Meghalaya,EAST GARO HILLS,2002,Rabi,Other  Rabi pulses,204,122,0.598039216
Meghalaya,EAST GARO HILLS,2002,Rabi,Rapeseed &Mustard,755,331,0.438410596
Meghalaya,EAST GARO HILLS,2002,Rabi,Wheat,61,70,1.147540984
Meghalaya,EAST GARO HILLS,2002,Whole Year,Banana,1102,14960,13.5753176
Meghalaya,EAST GARO HILLS,2002,Whole Year,Cashewnut,104,102,0.980769231
Meghalaya,EAST GARO HILLS,2002,Whole Year,Citrus Fruit,230,1028,4.469565217
Meghalaya,EAST GARO HILLS,2002,Whole Year,Dry chillies,328,196,0.597560976
Meghalaya,EAST GARO HILLS,2002,Whole Year,Papaya,137,1240,9.051094891
Meghalaya,EAST GARO HILLS,2002,Whole Year,Pineapple,877,14917,17.00912201
Meghalaya,EAST GARO HILLS,2002,Whole Year,Potato,118,917,7.771186441
Meghalaya,EAST GARO HILLS,2002,Whole Year,Sugarcane,24,66,2.75
Meghalaya,EAST GARO HILLS,2002,Whole Year,Sweet potato,258,804,3.11627907
Meghalaya,EAST GARO HILLS,2002,Whole Year,Tapioca,1478,7538,5.100135318
Meghalaya,EAST GARO HILLS,2002,Whole Year,Tobacco,244,157,0.643442623
Meghalaya,EAST GARO HILLS,2002,Whole Year,Turmeric,115,630,5.47826087
Meghalaya,EAST GARO HILLS,2003,Kharif,Arhar/Tur,105,95,0.904761905
Meghalaya,EAST GARO HILLS,2003,Kharif,Castor seed,8,4,0.5
Meghalaya,EAST GARO HILLS,2003,Kharif,Cotton(lint),2705,3501,1.294269871
Meghalaya,EAST GARO HILLS,2003,Kharif,Dry ginger,4660,20839,4.471888412
Meghalaya,EAST GARO HILLS,2003,Kharif,Jute,248,1998,8.056451613
Meghalaya,EAST GARO HILLS,2003,Kharif,Maize,1075,1318,1.226046512
Meghalaya,EAST GARO HILLS,2003,Kharif,Mesta,200,919,4.595
Meghalaya,EAST GARO HILLS,2003,Kharif,Rice,16851,29340,1.741142959
Meghalaya,EAST GARO HILLS,2003,Kharif,Sesamum,260,131,0.503846154
Meghalaya,EAST GARO HILLS,2003,Kharif,Small millets,441,368,0.83446712
Meghalaya,EAST GARO HILLS,2003,Kharif,Soyabean,103,97,0.941747573
Meghalaya,EAST GARO HILLS,2003,Rabi,Gram,240,145,0.604166667
Meghalaya,EAST GARO HILLS,2003,Rabi,Other  Rabi pulses,199,119,0.59798995
Meghalaya,EAST GARO HILLS,2003,Rabi,Rapeseed &Mustard,745,339,0.455033557
Meghalaya,EAST GARO HILLS,2003,Rabi,Wheat,60,69,1.15
Meghalaya,EAST GARO HILLS,2003,Whole Year,Arecanut,787,885,1.124523507
Meghalaya,EAST GARO HILLS,2003,Whole Year,Banana,1158,15285,13.19948187
Meghalaya,EAST GARO HILLS,2003,Whole Year,Cashewnut,134,131,0.97761194
Meghalaya,EAST GARO HILLS,2003,Whole Year,Citrus Fruit,271,1106,4.081180812
Meghalaya,EAST GARO HILLS,2003,Whole Year,Dry chillies,329,197,0.598784195
Meghalaya,EAST GARO HILLS,2003,Whole Year,Papaya,154,1267,8.227272727
Meghalaya,EAST GARO HILLS,2003,Whole Year,Pineapple,894,15101,16.89149888
Meghalaya,EAST GARO HILLS,2003,Whole Year,Potato,121,939,7.760330579
Meghalaya,EAST GARO HILLS,2003,Whole Year,Sugarcane,24,66,2.75
Meghalaya,EAST GARO HILLS,2003,Whole Year,Sweet potato,261,814,3.118773946
Meghalaya,EAST GARO HILLS,2003,Whole Year,Tapioca,1486,7528,5.065948856
Meghalaya,EAST GARO HILLS,2003,Whole Year,Tobacco,238,153,0.642857143
Meghalaya,EAST GARO HILLS,2003,Whole Year,Turmeric,104,576,5.538461538
Meghalaya,EAST GARO HILLS,2004,Autumn,Rice,10765,13973,1.298002787
Meghalaya,EAST GARO HILLS,2004,Kharif,Arhar/Tur,99,89,0.898989899
Meghalaya,EAST GARO HILLS,2004,Kharif,Castor seed,8,4,0.5
Meghalaya,EAST GARO HILLS,2004,Kharif,Cotton(lint),2674,3460,1.29394166
Meghalaya,EAST GARO HILLS,2004,Kharif,Dry ginger,4643,20378,4.388972647
Meghalaya,EAST GARO HILLS,2004,Kharif,Jute,236,1505,6.377118644
Meghalaya,EAST GARO HILLS,2004,Kharif,Maize,1068,1303,1.220037453
Meghalaya,EAST GARO HILLS,2004,Kharif,Mesta,163,745,4.570552147
Meghalaya,EAST GARO HILLS,2004,Kharif,Sesamum,260,130,0.5
Meghalaya,EAST GARO HILLS,2004,Kharif,Small millets,436,362,0.830275229
Meghalaya,EAST GARO HILLS,2004,Kharif,Soyabean,104,99,0.951923077
Meghalaya,EAST GARO HILLS,2004,Kharif,Sweet potato,267,832,3.116104869
Meghalaya,EAST GARO HILLS,2004,Rabi,Gram,235,140,0.595744681
Meghalaya,EAST GARO HILLS,2004,Rabi,Other  Rabi pulses,203,121,0.596059113
Meghalaya,EAST GARO HILLS,2004,Rabi,Rapeseed &Mustard,726,376,0.517906336
Meghalaya,EAST GARO HILLS,2004,Rabi,Wheat,63,69,1.095238095
Meghalaya,EAST GARO HILLS,2004,Summer,Rice,80,169,2.1125
Meghalaya,EAST GARO HILLS,2004,Whole Year,Arecanut,802,905,1.128428928
Meghalaya,EAST GARO HILLS,2004,Whole Year,Banana,1538,15733,10.22951886
Meghalaya,EAST GARO HILLS,2004,Whole Year,Black pepper,58,96,1.655172414
Meghalaya,EAST GARO HILLS,2004,Whole Year,Coriander,16,86,5.375
Meghalaya,EAST GARO HILLS,2004,Whole Year,Dry chillies,332,199,0.59939759
Meghalaya,EAST GARO HILLS,2004,Whole Year,Garlic,62,80,1.290322581
Meghalaya,EAST GARO HILLS,2004,Whole Year,Potato,121,938,7.752066116
Meghalaya,EAST GARO HILLS,2004,Whole Year,Sugarcane,21,53,2.523809524
Meghalaya,EAST GARO HILLS,2004,Whole Year,Sweet potato,267,832,3.116104869
Meghalaya,EAST GARO HILLS,2004,Whole Year,Tapioca,1471,7502,5.099932019
Meghalaya,EAST GARO HILLS,2004,Whole Year,Tobacco,237,155,0.654008439
Meghalaya,EAST GARO HILLS,2004,Whole Year,Turmeric,128,578,4.515625
Meghalaya,EAST GARO HILLS,2004,Winter,Rice,6962,17997,2.585033036
Meghalaya,EAST GARO HILLS,2005,Autumn,Rice,10767,17562,1.631095013
Meghalaya,EAST GARO HILLS,2005,Kharif,Arhar/Tur,96,84,0.875
Meghalaya,EAST GARO HILLS,2005,Kharif,Castor seed,8,4,0.5
Meghalaya,EAST GARO HILLS,2005,Kharif,Cotton(lint),2660,3471,1.304887218
Meghalaya,EAST GARO HILLS,2005,Kharif,Dry ginger,4738,24486,5.168003377
Meghalaya,EAST GARO HILLS,2005,Kharif,Jute,233,1951,8.373390558
Meghalaya,EAST GARO HILLS,2005,Kharif,Maize,1059,1298,1.225684608
Meghalaya,EAST GARO HILLS,2005,Kharif,Mesta,144,658,4.569444444
Meghalaya,EAST GARO HILLS,2005,Kharif,Sesamum,253,127,0.501976285
Meghalaya,EAST GARO HILLS,2005,Kharif,Small millets,431,364,0.844547564
Meghalaya,EAST GARO HILLS,2005,Rabi,Gram,234,136,0.581196581
Meghalaya,EAST GARO HILLS,2005,Rabi,Other  Rabi pulses,211,125,0.592417062
Meghalaya,EAST GARO HILLS,2005,Rabi,Rapeseed &Mustard,719,357,0.496522949
Meghalaya,EAST GARO HILLS,2005,Rabi,Wheat,63,66,1.047619048
Meghalaya,EAST GARO HILLS,2005,Summer,Rice,71,96,1.352112676
Meghalaya,EAST GARO HILLS,2005,Whole Year,Arecanut,1020,1153,1.130392157
Meghalaya,EAST GARO HILLS,2005,Whole Year,Banana,1568,18286,11.6619898
Meghalaya,EAST GARO HILLS,2005,Whole Year,Dry chillies,332,197,0.593373494
Meghalaya,EAST GARO HILLS,2005,Whole Year,Potato,128,993,7.7578125
Meghalaya,EAST GARO HILLS,2005,Whole Year,Sugarcane,21,57,2.714285714
Meghalaya,EAST GARO HILLS,2005,Whole Year,Sweet potato,270,828,3.066666667
Meghalaya,EAST GARO HILLS,2005,Whole Year,Tapioca,1476,7528,5.100271003
Meghalaya,EAST GARO HILLS,2005,Whole Year,Tobacco,230,150,0.652173913
Meghalaya,EAST GARO HILLS,2005,Whole Year,Turmeric,103,568,5.514563107
Meghalaya,EAST GARO HILLS,2005,Winter,Rice,6964,17737,2.546955773
Meghalaya,EAST GARO HILLS,2006,Autumn,Rice,10760,16215,1.50697026
Meghalaya,EAST GARO HILLS,2006,Kharif,Banana,1570,18314,11.66496815
Meghalaya,EAST GARO HILLS,2006,Kharif,Dry ginger,4736,25499,5.384079392
Meghalaya,EAST GARO HILLS,2006,Kharif,Maize,1044,1280,1.22605364
Meghalaya,EAST GARO HILLS,2006,Kharif,Mesta,140,642,4.585714286
Meghalaya,EAST GARO HILLS,2006,Kharif,Soyabean,98,95,0.969387755
Meghalaya,EAST GARO HILLS,2006,Kharif,Tapioca,1465,7487,5.110580205
Meghalaya,EAST GARO HILLS,2006,Rabi,Arecanut,1035,1174,1.134299517
Meghalaya,EAST GARO HILLS,2006,Rabi,Castor seed,8,4,0.5
Meghalaya,EAST GARO HILLS,2006,Rabi,Cotton(lint),2640,3440,1.303030303
Meghalaya,EAST GARO HILLS,2006,Rabi,Dry chillies,333,197,0.591591592
Meghalaya,EAST GARO HILLS,2006,Rabi,Gram,239,139,0.581589958
Meghalaya,EAST GARO HILLS,2006,Rabi,Jute,217,1769,8.152073733
Meghalaya,EAST GARO HILLS,2006,Rabi,Other  Rabi pulses,215,129,0.6
Meghalaya,EAST GARO HILLS,2006,Rabi,Potato,144,961,6.673611111
Meghalaya,EAST GARO HILLS,2006,Rabi,Rapeseed &Mustard,719,350,0.486787204
Meghalaya,EAST GARO HILLS,2006,Rabi,Rice,66,87,1.318181818
Meghalaya,EAST GARO HILLS,2006,Rabi,Sesamum,248,124,0.5
Meghalaya,EAST GARO HILLS,2006,Rabi,Small millets,431,364,0.844547564
Meghalaya,EAST GARO HILLS,2006,Rabi,Sweet potato,267,832,3.116104869
Meghalaya,EAST GARO HILLS,2006,Rabi,Tobacco,230,150,0.652173913
Meghalaya,EAST GARO HILLS,2006,Rabi,Turmeric,99,546,5.515151515
Meghalaya,EAST GARO HILLS,2006,Rabi,Wheat,54,59,1.092592593
Meghalaya,EAST GARO HILLS,2006,Whole Year,Sugarcane,27,74,2.740740741
Meghalaya,EAST GARO HILLS,2006,Winter,Rice,6777,10789,1.592002361
Meghalaya,EAST GARO HILLS,2007,Autumn,Rice,10694,12191,1.139985038
Meghalaya,EAST GARO HILLS,2007,Kharif,Arhar/Tur,91,78,0.857142857
Meghalaya,EAST GARO HILLS,2007,Kharif,Castor seed,8,4,0.5
Meghalaya,EAST GARO HILLS,2007,Kharif,Cotton(lint),2618,2233,0.852941176
Meghalaya,EAST GARO HILLS,2007,Kharif,Jute,212,1353,6.382075472
Meghalaya,EAST GARO HILLS,2007,Kharif,Maize,1039,1283,1.234841193
Meghalaya,EAST GARO HILLS,2007,Kharif,Mesta,135,630,4.666666667
Meghalaya,EAST GARO HILLS,2007,Kharif,Sesamum,244,122,0.5
Meghalaya,EAST GARO HILLS,2007,Kharif,Small millets,430,368,0.855813953
Meghalaya,EAST GARO HILLS,2007,Rabi,Gram,244,142,0.581967213
Meghalaya,EAST GARO HILLS,2007,Rabi,Other  Rabi pulses,219,131,0.598173516
Meghalaya,EAST GARO HILLS,2007,Rabi,Rapeseed &Mustard,711,347,0.488045007
Meghalaya,EAST GARO HILLS,2007,Rabi,Wheat,48,53,1.104166667
Meghalaya,EAST GARO HILLS,2007,Summer,Rice,60,74,1.233333333
Meghalaya,EAST GARO HILLS,2007,Whole Year,Sugarcane,32,87,2.71875
Meghalaya,EAST GARO HILLS,2007,Whole Year,Tobacco,222,145,0.653153153
Meghalaya,EAST GARO HILLS,2007,Winter,Rice,6783,9354,1.379035825
Meghalaya,EAST GARO HILLS,2008,Autumn,Rice,10670,15354,1.438987816
Meghalaya,EAST GARO HILLS,2008,Kharif,Arhar/Tur,84,72,0.857142857
Meghalaya,EAST GARO HILLS,2008,Kharif,Castor seed,8,4,0.5
Meghalaya,EAST GARO HILLS,2008,Kharif,Cotton(lint),2539,1867,0.73532887
Meghalaya,EAST GARO HILLS,2008,Kharif,Dry ginger,4556,22015,4.832089552
Meghalaya,EAST GARO HILLS,2008,Kharif,Jute,208,1023,4.918269231
Meghalaya,EAST GARO HILLS,2008,Kharif,Maize,1048,1300,1.240458015
Meghalaya,EAST GARO HILLS,2008,Kharif,Mesta,70,320,4.571428571
Meghalaya,EAST GARO HILLS,2008,Kharif,Sesamum,247,124,0.502024291
Meghalaya,EAST GARO HILLS,2008,Kharif,Small millets,424,363,0.856132075
Meghalaya,EAST GARO HILLS,2008,Kharif,Soyabean,103,92,0.893203883
Meghalaya,EAST GARO HILLS,2008,Rabi,Black pepper,56,14,0.25
Meghalaya,EAST GARO HILLS,2008,Rabi,Gram,226,131,0.579646018
Meghalaya,EAST GARO HILLS,2008,Rabi,Other  Rabi pulses,229,137,0.598253275
Meghalaya,EAST GARO HILLS,2008,Rabi,Rapeseed &Mustard,694,489,0.704610951
Meghalaya,EAST GARO HILLS,2008,Rabi,Wheat,50,55,1.1
Meghalaya,EAST GARO HILLS,2008,Summer,Rice,83,160,1.927710843
Meghalaya,EAST GARO HILLS,2008,Whole Year,Arecanut,1107,1258,1.136404697
Meghalaya,EAST GARO HILLS,2008,Whole Year,Banana,1575,18412,11.69015873
Meghalaya,EAST GARO HILLS,2008,Whole Year,Dry chillies,340,204,0.6
Meghalaya,EAST GARO HILLS,2008,Whole Year,Potato,138,1070,7.753623188
Meghalaya,EAST GARO HILLS,2008,Whole Year,Sugarcane,34,93,2.735294118
Meghalaya,EAST GARO HILLS,2008,Whole Year,Sweet potato,260,810,3.115384615
Meghalaya,EAST GARO HILLS,2008,Whole Year,Tapioca,1633,8328,5.099816289
Meghalaya,EAST GARO HILLS,2008,Whole Year,Tobacco,198,129,0.651515152
Meghalaya,EAST GARO HILLS,2008,Whole Year,Turmeric,118,654,5.542372881
Meghalaya,EAST GARO HILLS,2008,Winter,Rice,6789,10828,1.59493298
Meghalaya,EAST GARO HILLS,2009,Autumn,Rice,10665,15127,1.418377872
Meghalaya,EAST GARO HILLS,2009,Kharif,Arhar/Tur,73,63,0.863013699
Meghalaya,EAST GARO HILLS,2009,Kharif,Banana,1739,23607,13.57504313
Meghalaya,EAST GARO HILLS,2009,Kharif,Castor seed,9,4,0.444444444
Meghalaya,EAST GARO HILLS,2009,Kharif,Cotton(lint),2540,1868,0.735433071
Meghalaya,EAST GARO HILLS,2009,Kharif,Dry ginger,4557,22023,4.832784727
Meghalaya,EAST GARO HILLS,2009,Kharif,Jute,210,1338,6.371428571
Meghalaya,EAST GARO HILLS,2009,Kharif,Maize,1034,1296,1.253384913
Meghalaya,EAST GARO HILLS,2009,Kharif,Mesta,67,306,4.567164179
Meghalaya,EAST GARO HILLS,2009,Kharif,Sesamum,241,122,0.506224066
Meghalaya,EAST GARO HILLS,2009,Kharif,Small millets,435,373,0.857471264
Meghalaya,EAST GARO HILLS,2009,Kharif,Sweet potato,264,823,3.117424242
Meghalaya,EAST GARO HILLS,2009,Kharif,Tapioca,1627,8298,5.100184388
Meghalaya,EAST GARO HILLS,2009,Rabi,Gram,230,134,0.582608696
Meghalaya,EAST GARO HILLS,2009,Rabi,Masoor,16,8,0.5
Meghalaya,EAST GARO HILLS,2009,Rabi,Other  Rabi pulses,102,61,0.598039216
Meghalaya,EAST GARO HILLS,2009,Rabi,Peas & beans (Pulses),136,85,0.625
Meghalaya,EAST GARO HILLS,2009,Rabi,Rapeseed &Mustard,665,469,0.705263158
Meghalaya,EAST GARO HILLS,2009,Rabi,Tobacco,185,121,0.654054054
Meghalaya,EAST GARO HILLS,2009,Rabi,Wheat,52,58,1.115384615
Meghalaya,EAST GARO HILLS,2009,Summer,Rice,90,164,1.822222222
Meghalaya,EAST GARO HILLS,2009,Whole Year,Arecanut,1140,1295,1.135964912
Meghalaya,EAST GARO HILLS,2009,Whole Year,Black pepper,58,16,0.275862069
Meghalaya,EAST GARO HILLS,2009,Whole Year,Potato,131,1015,7.748091603
Meghalaya,EAST GARO HILLS,2009,Whole Year,Sugarcane,30,82,2.733333333
Meghalaya,EAST GARO HILLS,2009,Winter,Rice,6803,10830,1.59194473
Meghalaya,EAST GARO HILLS,2010,Autumn,Rice,10675,15218,1.42557377
Meghalaya,EAST GARO HILLS,2010,Kharif,Arhar/Tur,78,67,0.858974359
Meghalaya,EAST GARO HILLS,2010,Kharif,Banana,1755,25128,14.31794872
Meghalaya,EAST GARO HILLS,2010,Kharif,Castor seed,8,3,0.375
Meghalaya,EAST GARO HILLS,2010,Kharif,Cotton(lint),2506,1740,0.694333599
Meghalaya,EAST GARO HILLS,2010,Kharif,Dry ginger,4616,22309,4.83297227
Meghalaya,EAST GARO HILLS,2010,Kharif,Jute,195,1243,6.374358974
Meghalaya,EAST GARO HILLS,2010,Kharif,Maize,1040,1290,1.240384615
Meghalaya,EAST GARO HILLS,2010,Kharif,Mesta,62,283,4.564516129
Meghalaya,EAST GARO HILLS,2010,Kharif,Sesamum,238,119,0.5
Meghalaya,EAST GARO HILLS,2010,Kharif,Soyabean,114,106,0.929824561
Meghalaya,EAST GARO HILLS,2010,Kharif,Sweet potato,277,863,3.115523466
Meghalaya,EAST GARO HILLS,2010,Kharif,Tapioca,1634,8333,5.099755202
Meghalaya,EAST GARO HILLS,2010,Rabi,Gram,220,128,0.581818182
Meghalaya,EAST GARO HILLS,2010,Rabi,Masoor,17,9,0.529411765
Meghalaya,EAST GARO HILLS,2010,Rabi,Other  Rabi pulses,105,63,0.6
Meghalaya,EAST GARO HILLS,2010,Rabi,Peas & beans (Pulses),134,79,0.589552239
Meghalaya,EAST GARO HILLS,2010,Rabi,Rapeseed &Mustard,656,448,0.682926829
Meghalaya,EAST GARO HILLS,2010,Rabi,Rice,86,110,1.279069767
Meghalaya,EAST GARO HILLS,2010,Rabi,Small millets,419,358,0.854415274
Meghalaya,EAST GARO HILLS,2010,Rabi,Tobacco,187,122,0.652406417
Meghalaya,EAST GARO HILLS,2010,Rabi,Wheat,44,49,1.113636364
Meghalaya,EAST GARO HILLS,2010,Whole Year,Arecanut,1250,1412,1.1296
Meghalaya,EAST GARO HILLS,2010,Whole Year,Black pepper,62,23,0.370967742
Meghalaya,EAST GARO HILLS,2010,Whole Year,Cashewnut,293,289,0.986348123
Meghalaya,EAST GARO HILLS,2010,Whole Year,Dry chillies,348,205,0.58908046
Meghalaya,EAST GARO HILLS,2010,Whole Year,Potato,130,1008,7.753846154
Meghalaya,EAST GARO HILLS,2010,Whole Year,Sugarcane,24,66,2.75
Meghalaya,EAST GARO HILLS,2010,Whole Year,Turmeric,98,543,5.540816327
Meghalaya,EAST GARO HILLS,2010,Winter,Rice,6809,10840,1.592010574
Meghalaya,EAST GARO HILLS,2011,Autumn,Rice,10673,15161,1.420500328
Meghalaya,EAST GARO HILLS,2011,Kharif,Arhar/Tur,82,71,0.865853659
Meghalaya,EAST GARO HILLS,2011,Kharif,Banana,1852,26563,14.34287257
Meghalaya,EAST GARO HILLS,2011,Kharif,Castor seed,11,5,0.454545455
Meghalaya,EAST GARO HILLS,2011,Kharif,Cotton(lint),2516,1776,0.705882353
Meghalaya,EAST GARO HILLS,2011,Kharif,Dry ginger,4618,22559,4.885015158
Meghalaya,EAST GARO HILLS,2011,Kharif,Jute,198,1263,6.378787879
Meghalaya,EAST GARO HILLS,2011,Kharif,Maize,1059,1318,1.244570349
Meghalaya,EAST GARO HILLS,2011,Kharif,Mesta,63,289,4.587301587
Meghalaya,EAST GARO HILLS,2011,Kharif,Sesamum,240,122,0.508333333
Meghalaya,EAST GARO HILLS,2011,Kharif,Soyabean,123,115,0.93495935
Meghalaya,EAST GARO HILLS,2011,Kharif,Sweet potato,280,874,3.121428571
Meghalaya,EAST GARO HILLS,2011,Kharif,Tapioca,1637,8431,5.150274893
Meghalaya,EAST GARO HILLS,2011,Rabi,Gram,223,131,0.587443946
Meghalaya,EAST GARO HILLS,2011,Rabi,Masoor,18,10,0.555555556
Meghalaya,EAST GARO HILLS,2011,Rabi,Other  Rabi pulses,106,65,0.613207547
Meghalaya,EAST GARO HILLS,2011,Rabi,Peas & beans (Pulses),136,95,0.698529412
Meghalaya,EAST GARO HILLS,2011,Rabi,Rapeseed &Mustard,658,461,0.700607903
Meghalaya,EAST GARO HILLS,2011,Rabi,Rice,90,126,1.4
Meghalaya,EAST GARO HILLS,2011,Rabi,Small millets,424,366,0.863207547
Meghalaya,EAST GARO HILLS,2011,Rabi,Tobacco,190,125,0.657894737
Meghalaya,EAST GARO HILLS,2011,Rabi,Wheat,45,51,1.133333333
Meghalaya,EAST GARO HILLS,2011,Whole Year,Arecanut,2061,2362,1.146045609
Meghalaya,EAST GARO HILLS,2011,Whole Year,Black pepper,65,25,0.384615385
Meghalaya,EAST GARO HILLS,2011,Whole Year,Cashewnut,296,293,0.989864865
Meghalaya,EAST GARO HILLS,2011,Whole Year,Dry chillies,379,224,0.591029024
Meghalaya,EAST GARO HILLS,2011,Whole Year,Potato,132,1025,7.765151515
Meghalaya,EAST GARO HILLS,2011,Whole Year,Sugarcane,25,69,2.76
Meghalaya,EAST GARO HILLS,2011,Whole Year,Turmeric,99,549,5.545454545
Meghalaya,EAST GARO HILLS,2011,Winter,Rice,6825,10869,1.592527473
Meghalaya,EAST GARO HILLS,2012,Autumn,Rice,10807,23015,2.129638197
Meghalaya,EAST GARO HILLS,2012,Kharif,Arhar/Tur,117,109,0.931623932
Meghalaya,EAST GARO HILLS,2012,Kharif,Banana,1863,27159,14.57809984
Meghalaya,EAST GARO HILLS,2012,Kharif,Castor seed,24,18,0.75
Meghalaya,EAST GARO HILLS,2012,Kharif,Cotton(lint),2655,2328,0.876836158
Meghalaya,EAST GARO HILLS,2012,Kharif,Dry ginger,4680,23346,4.988461538
Meghalaya,EAST GARO HILLS,2012,Kharif,Jute,436,4849,11.12155963
Meghalaya,EAST GARO HILLS,2012,Kharif,Mesta,69,433,6.275362319
Meghalaya,EAST GARO HILLS,2012,Kharif,Sesamum,331,261,0.788519637
Meghalaya,EAST GARO HILLS,2012,Kharif,Soyabean,178,180,1.011235955
Meghalaya,EAST GARO HILLS,2012,Kharif,Sweet potato,298,969,3.251677852
Meghalaya,EAST GARO HILLS,2012,Kharif,Tapioca,2023,11303,5.587246663
Meghalaya,EAST GARO HILLS,2012,Rabi,Gram,715,670,0.937062937
Meghalaya,EAST GARO HILLS,2012,Rabi,Peas & beans (Pulses),296,310,1.047297297
Meghalaya,EAST GARO HILLS,2012,Rabi,Rapeseed &Mustard,888,827,0.931306306
Meghalaya,EAST GARO HILLS,2012,Rabi,Rice,95,136,1.431578947
Meghalaya,EAST GARO HILLS,2012,Rabi,Small millets,526,502,0.954372624
Meghalaya,EAST GARO HILLS,2012,Rabi,Tobacco,231,210,0.909090909
Meghalaya,EAST GARO HILLS,2012,Rabi,Wheat,47,54,1.14893617
Meghalaya,EAST GARO HILLS,2012,Whole Year,Arecanut,2142,2539,1.185340803
Meghalaya,EAST GARO HILLS,2012,Whole Year,Black pepper,68,33,0.485294118
Meghalaya,EAST GARO HILLS,2012,Whole Year,Cashewnut,308,314,1.019480519
Meghalaya,EAST GARO HILLS,2012,Whole Year,Dry chillies,407,252,0.619164619
Meghalaya,EAST GARO HILLS,2012,Whole Year,Maize,1084,1987,1.83302583
Meghalaya,EAST GARO HILLS,2012,Whole Year,Potato,135,1069,7.918518519
Meghalaya,EAST GARO HILLS,2012,Whole Year,Sugarcane,34,101,2.970588235
Meghalaya,EAST GARO HILLS,2012,Whole Year,Turmeric,109,665,6.100917431
Meghalaya,EAST GARO HILLS,2012,Winter,Rice,6831,11733,1.717610892
Meghalaya,EAST GARO HILLS,2013,Autumn,Rice,5837,13713,2.349323283
Meghalaya,EAST GARO HILLS,2013,Kharif,Arhar/Tur,70,67,0.957142857
Meghalaya,EAST GARO HILLS,2013,Kharif,Banana,869,15283,17.58688147
Meghalaya,EAST GARO HILLS,2013,Kharif,Castor seed,14,12,0.857142857
Meghalaya,EAST GARO HILLS,2013,Kharif,Cotton(lint),1801,1653,0.917823431
Meghalaya,EAST GARO HILLS,2013,Kharif,Dry ginger,3199,21734,6.793998124
Meghalaya,EAST GARO HILLS,2013,Kharif,Jute,42,474,11.28571429
Meghalaya,EAST GARO HILLS,2013,Kharif,Mesta,19,117,6.157894737
Meghalaya,EAST GARO HILLS,2013,Kharif,Sesamum,255,209,0.819607843
Meghalaya,EAST GARO HILLS,2013,Kharif,Soyabean,89,91,1.02247191
Meghalaya,EAST GARO HILLS,2013,Kharif,Sweet potato,217,719,3.313364055
Meghalaya,EAST GARO HILLS,2013,Kharif,Tapioca,1485,8316,5.6
Meghalaya,EAST GARO HILLS,2013,Rabi,Cowpea(Lobia),119,94,0.789915966
Meghalaya,EAST GARO HILLS,2013,Rabi,Gram,312,288,0.923076923
Meghalaya,EAST GARO HILLS,2013,Rabi,Masoor,17,24,1.411764706
Meghalaya,EAST GARO HILLS,2013,Rabi,Peas & beans (Pulses),193,205,1.062176166
Meghalaya,EAST GARO HILLS,2013,Rabi,Rapeseed &Mustard,329,253,0.76899696
Meghalaya,EAST GARO HILLS,2013,Rabi,Small millets,426,424,0.995305164
Meghalaya,EAST GARO HILLS,2013,Rabi,Tobacco,99,92,0.929292929
Meghalaya,EAST GARO HILLS,2013,Rabi,Wheat,13,14,1.076923077
Meghalaya,EAST GARO HILLS,2013,Whole Year,Arecanut,1261,1506,1.194290246
Meghalaya,EAST GARO HILLS,2013,Whole Year,Black pepper,42,20,0.476190476
Meghalaya,EAST GARO HILLS,2013,Whole Year,Cashewnut,205,218,1.063414634
Meghalaya,EAST GARO HILLS,2013,Whole Year,Dry chillies,316,212,0.670886076
Meghalaya,EAST GARO HILLS,2013,Whole Year,Maize,792,1489,1.880050505
Meghalaya,EAST GARO HILLS,2013,Whole Year,Potato,80,646,8.075
Meghalaya,EAST GARO HILLS,2013,Whole Year,Sugarcane,21,62,2.952380952
Meghalaya,EAST GARO HILLS,2013,Whole Year,Turmeric,74,480,6.486486486
Meghalaya,EAST GARO HILLS,2013,Winter,Rice,3154,5414,1.716550412
Meghalaya,EAST GARO HILLS,2014,Autumn,Rice,5845,14605,2.498716852
Meghalaya,EAST GARO HILLS,2014,Kharif,Arhar/Tur,71,69,0.971830986
Meghalaya,EAST GARO HILLS,2014,Kharif,Banana,872,15372,17.62844037
Meghalaya,EAST GARO HILLS,2014,Kharif,Castor seed,15,14,0.933333333
Meghalaya,EAST GARO HILLS,2014,Kharif,Cotton(lint),1809,1741,0.962410171
Meghalaya,EAST GARO HILLS,2014,Kharif,Dry ginger,3202,21761,6.796064959
Meghalaya,EAST GARO HILLS,2014,Kharif,Jute,45,518,11.51111111
Meghalaya,EAST GARO HILLS,2014,Kharif,Mesta,19,118,6.210526316
Meghalaya,EAST GARO HILLS,2014,Kharif,Sesamum,256,217,0.84765625
Meghalaya,EAST GARO HILLS,2014,Kharif,Soyabean,92,97,1.054347826
Meghalaya,EAST GARO HILLS,2014,Kharif,Sweet potato,218,722,3.311926606
Meghalaya,EAST GARO HILLS,2014,Kharif,Tapioca,1491,8438,5.659289068
Meghalaya,EAST GARO HILLS,2014,Rabi,Cowpea(Lobia),122,106,0.868852459
Meghalaya,EAST GARO HILLS,2014,Rabi,Gram,313,296,0.945686901
Meghalaya,EAST GARO HILLS,2014,Rabi,Masoor,17,25,1.470588235
Meghalaya,EAST GARO HILLS,2014,Rabi,Peas & beans (Pulses),194,210,1.082474227
Meghalaya,EAST GARO HILLS,2014,Rabi,Rapeseed &Mustard,329,256,0.778115502
Meghalaya,EAST GARO HILLS,2014,Rabi,Small millets,428,432,1.009345794
Meghalaya,EAST GARO HILLS,2014,Rabi,Tobacco,99,94,0.949494949
Meghalaya,EAST GARO HILLS,2014,Rabi,Wheat,15,17,1.133333333
Meghalaya,EAST GARO HILLS,2014,Summer,Potato,4,28,7
Meghalaya,EAST GARO HILLS,2014,Whole Year,Arecanut,1268,1568,1.23659306
Meghalaya,EAST GARO HILLS,2014,Whole Year,Black pepper,43,21,0.488372093
Meghalaya,EAST GARO HILLS,2014,Whole Year,Cashewnut,208,225,1.081730769
Meghalaya,EAST GARO HILLS,2014,Whole Year,Dry chillies,321,231,0.719626168
Meghalaya,EAST GARO HILLS,2014,Whole Year,Maize,793,1534,1.93442623
Meghalaya,EAST GARO HILLS,2014,Whole Year,Sugarcane,22,64,2.909090909
Meghalaya,EAST GARO HILLS,2014,Whole Year,Turmeric,78,512,6.564102564
Meghalaya,EAST GARO HILLS,2014,Winter,Potato,73,590,8.082191781
Meghalaya,EAST GARO HILLS,2014,Winter,Rice,3157,5821,1.843839088
Meghalaya,EAST JAINTIA HILLS,1997,Kharif,Dry ginger,109,490,4.495412844
Meghalaya,EAST JAINTIA HILLS,1997,Kharif,Maize,2866,3258,1.136775994
Meghalaya,EAST JAINTIA HILLS,1997,Kharif,Rice,16442,26991,1.641588615
Meghalaya,EAST JAINTIA HILLS,1997,Kharif,Sesamum,34,17,0.5
Meghalaya,EAST JAINTIA HILLS,1997,Kharif,Small millets,371,453,1.221024259
Meghalaya,EAST JAINTIA HILLS,1997,Kharif,Soyabean,389,388,0.997429306
Meghalaya,EAST JAINTIA HILLS,1997,Kharif,Total foodgrain,19726,30737,1.558197303
Meghalaya,EAST JAINTIA HILLS,1997,Rabi,Other  Rabi pulses,47,38,0.808510638
Meghalaya,EAST JAINTIA HILLS,1997,Rabi,Pulses total,47,38,0.808510638
Meghalaya,EAST JAINTIA HILLS,1997,Rabi,Rapeseed &Mustard,11,7,0.636363636
Meghalaya,EAST JAINTIA HILLS,1997,Rabi,Tobacco,9,3,0.333333333
Meghalaya,EAST JAINTIA HILLS,1997,Whole Year,Arecanut,1525,3060,2.006557377
Meghalaya,EAST JAINTIA HILLS,1997,Whole Year,Banana,309,1241,4.01618123
Meghalaya,EAST JAINTIA HILLS,1997,Whole Year,Dry chillies,123,95,0.772357724
Meghalaya,EAST JAINTIA HILLS,1997,Whole Year,Oilseeds total,434,410,0.944700461
Meghalaya,EAST JAINTIA HILLS,1997,Whole Year,Potato,344,2862,8.319767442
Meghalaya,EAST JAINTIA HILLS,1997,Whole Year,Sugarcane,6,5,0.833333333
Meghalaya,EAST JAINTIA HILLS,1997,Whole Year,Sweet potato,1988,5709,2.871730382
Meghalaya,EAST JAINTIA HILLS,1997,Whole Year,Tapioca,27,387,14.33333333
Meghalaya,EAST JAINTIA HILLS,1997,Whole Year,Turmeric,820,4076,4.970731707
Meghalaya,EAST JAINTIA HILLS,1998,Kharif,Dry ginger,109,487,4.467889908
Meghalaya,EAST JAINTIA HILLS,1998,Kharif,Maize,2869,3241,1.129661903
Meghalaya,EAST JAINTIA HILLS,1998,Kharif,Rice,16649,26236,1.57583038
Meghalaya,EAST JAINTIA HILLS,1998,Kharif,Sesamum,34,16,0.470588235
Meghalaya,EAST JAINTIA HILLS,1998,Kharif,Small millets,371,453,1.221024259
Meghalaya,EAST JAINTIA HILLS,1998,Kharif,Soyabean,390,389,0.997435897
Meghalaya,EAST JAINTIA HILLS,1998,Kharif,Total foodgrain,19976,29982,1.500901081
Meghalaya,EAST JAINTIA HILLS,1998,Rabi,Other  Rabi pulses,87,60,0.689655172
Meghalaya,EAST JAINTIA HILLS,1998,Rabi,Pulses total,87,60,0.689655172
Meghalaya,EAST JAINTIA HILLS,1998,Rabi,Rapeseed &Mustard,11,6,0.545454545
Meghalaya,EAST JAINTIA HILLS,1998,Whole Year,Arecanut,1534,2230,1.453715776
Meghalaya,EAST JAINTIA HILLS,1998,Whole Year,Banana,310,1245,4.016129032
Meghalaya,EAST JAINTIA HILLS,1998,Whole Year,Dry chillies,120,93,0.775
Meghalaya,EAST JAINTIA HILLS,1998,Whole Year,Oilseeds total,435,411,0.944827586
Meghalaya,EAST JAINTIA HILLS,1998,Whole Year,Potato,344,2518,7.319767442
Meghalaya,EAST JAINTIA HILLS,1998,Whole Year,Sugarcane,7,5,0.714285714
Meghalaya,EAST JAINTIA HILLS,1998,Whole Year,Sweet potato,1985,5784,2.913853904
Meghalaya,EAST JAINTIA HILLS,1998,Whole Year,Tapioca,28,389,13.89285714
Meghalaya,EAST JAINTIA HILLS,1998,Whole Year,Tobacco,9,3,0.333333333
Meghalaya,EAST JAINTIA HILLS,1998,Whole Year,Turmeric,820,4051,4.940243902
Meghalaya,EAST JAINTIA HILLS,1999,Kharif,Dry ginger,109,487,4.467889908
Meghalaya,EAST JAINTIA HILLS,1999,Kharif,Maize,2868,3241,1.130055788
Meghalaya,EAST JAINTIA HILLS,1999,Kharif,Rice,16801,26372,1.569668472
Meghalaya,EAST JAINTIA HILLS,1999,Kharif,Sesamum,34,16,0.470588235
Meghalaya,EAST JAINTIA HILLS,1999,Kharif,Soyabean,390,389,0.997435897
Meghalaya,EAST JAINTIA HILLS,1999,Rabi,Rapeseed &Mustard,12,7,0.583333333
Meghalaya,EAST JAINTIA HILLS,1999,Rabi,Rice,52,59,1.134615385
Meghalaya,EAST JAINTIA HILLS,1999,Whole Year,Arecanut,1534,3052,1.989569752
Meghalaya,EAST JAINTIA HILLS,1999,Whole Year,Banana,315,1369,4.346031746
Meghalaya,EAST JAINTIA HILLS,1999,Whole Year,Dry chillies,119,94,0.789915966
Meghalaya,EAST JAINTIA HILLS,1999,Whole Year,Potato,344,1852,5.38372093
Meghalaya,EAST JAINTIA HILLS,1999,Whole Year,Sugarcane,6,5,0.833333333
Meghalaya,EAST JAINTIA HILLS,1999,Whole Year,Sweet potato,2014,5874,2.916583913
Meghalaya,EAST JAINTIA HILLS,1999,Whole Year,Tapioca,29,396,13.65517241
Meghalaya,EAST JAINTIA HILLS,1999,Whole Year,Tobacco,9,3,0.333333333
Meghalaya,EAST JAINTIA HILLS,1999,Whole Year,Turmeric,834,4896,5.870503597
Meghalaya,EAST JAINTIA HILLS,2000,Kharif,Dry ginger,209,1150,5.502392344
Meghalaya,EAST JAINTIA HILLS,2000,Kharif,Maize,2886,3240,1.122661123
Meghalaya,EAST JAINTIA HILLS,2000,Kharif,Rice,16993,25682,1.511328194
Meghalaya,EAST JAINTIA HILLS,2000,Kharif,Sesamum,34,17,0.5
Meghalaya,EAST JAINTIA HILLS,2000,Kharif,Small millets,372,454,1.220430108
Meghalaya,EAST JAINTIA HILLS,2000,Kharif,Soyabean,390,389,0.997435897
Meghalaya,EAST JAINTIA HILLS,2000,Rabi,Other  Rabi pulses,87,61,0.701149425
Meghalaya,EAST JAINTIA HILLS,2000,Rabi,Rapeseed &Mustard,11,7,0.636363636
Meghalaya,EAST JAINTIA HILLS,2000,Rabi,Rice,52,60,1.153846154
Meghalaya,EAST JAINTIA HILLS,2000,Whole Year,Arecanut,1560,3104,1.98974359
Meghalaya,EAST JAINTIA HILLS,2000,Whole Year,Banana,315,1470,4.666666667
Meghalaya,EAST JAINTIA HILLS,2000,Whole Year,Dry chillies,119,94,0.789915966
Meghalaya,EAST JAINTIA HILLS,2000,Whole Year,Potato,319,1825,5.721003135
Meghalaya,EAST JAINTIA HILLS,2000,Whole Year,Sugarcane,6,3,0.5
Meghalaya,EAST JAINTIA HILLS,2000,Whole Year,Sweet potato,2007,5851,2.915296462
Meghalaya,EAST JAINTIA HILLS,2000,Whole Year,Tapioca,29,296,10.20689655
Meghalaya,EAST JAINTIA HILLS,2000,Whole Year,Tobacco,9,3,0.333333333
Meghalaya,EAST JAINTIA HILLS,2000,Whole Year,Turmeric,839,4922,5.866507747
Meghalaya,EAST JAINTIA HILLS,2001,Kharif,Dry ginger,210,2053,9.776190476
Meghalaya,EAST JAINTIA HILLS,2001,Kharif,Maize,2867,3240,1.130101151
Meghalaya,EAST JAINTIA HILLS,2001,Kharif,Rice,16885,25621,1.517382292
Meghalaya,EAST JAINTIA HILLS,2001,Kharif,Sesamum,33,15,0.454545455
Meghalaya,EAST JAINTIA HILLS,2001,Kharif,Small millets,367,444,1.209809264
Meghalaya,EAST JAINTIA HILLS,2001,Kharif,Soyabean,395,404,1.02278481
Meghalaya,EAST JAINTIA HILLS,2001,Rabi,Rapeseed &Mustard,15,8,0.533333333
Meghalaya,EAST JAINTIA HILLS,2001,Whole Year,Arecanut,1580,3161,2.000632911
Meghalaya,EAST JAINTIA HILLS,2001,Whole Year,Dry chillies,128,98,0.765625
Meghalaya,EAST JAINTIA HILLS,2001,Whole Year,Potato,277,1605,5.794223827
Meghalaya,EAST JAINTIA HILLS,2001,Whole Year,Sugarcane,6,3,0.5
Meghalaya,EAST JAINTIA HILLS,2001,Whole Year,Sweet potato,2004,5841,2.914670659
Meghalaya,EAST JAINTIA HILLS,2001,Whole Year,Tapioca,29,396,13.65517241
Meghalaya,EAST JAINTIA HILLS,2001,Whole Year,Tobacco,8,2,0.25
Meghalaya,EAST JAINTIA HILLS,2001,Whole Year,Turmeric,839,4922,5.866507747
Meghalaya,EAST JAINTIA HILLS,2002,Kharif,Dry ginger,210,2053,9.776190476
Meghalaya,EAST JAINTIA HILLS,2002,Kharif,Maize,2871,3253,1.133054685
Meghalaya,EAST JAINTIA HILLS,2002,Kharif,Rice,16929,25756,1.52141296
Meghalaya,EAST JAINTIA HILLS,2002,Kharif,Sesamum,34,16,0.470588235
Meghalaya,EAST JAINTIA HILLS,2002,Kharif,Small millets,369,448,1.214092141
Meghalaya,EAST JAINTIA HILLS,2002,Kharif,Soyabean,395,399,1.010126582
Meghalaya,EAST JAINTIA HILLS,2002,Rabi,Other  Rabi pulses,90,63,0.7
Meghalaya,EAST JAINTIA HILLS,2002,Rabi,Rapeseed &Mustard,62,60,0.967741935
Meghalaya,EAST JAINTIA HILLS,2002,Whole Year,Banana,325,1414,4.350769231
Meghalaya,EAST JAINTIA HILLS,2002,Whole Year,Citrus Fruit,1083,5555,5.129270545
Meghalaya,EAST JAINTIA HILLS,2002,Whole Year,Dry chillies,130,101,0.776923077
Meghalaya,EAST JAINTIA HILLS,2002,Whole Year,Papaya,14,36,2.571428571
Meghalaya,EAST JAINTIA HILLS,2002,Whole Year,Pineapple,107,861,8.046728972
Meghalaya,EAST JAINTIA HILLS,2002,Whole Year,Potato,284,2088,7.352112676
Meghalaya,EAST JAINTIA HILLS,2002,Whole Year,Sugarcane,7,7,1
Meghalaya,EAST JAINTIA HILLS,2002,Whole Year,Sweet potato,2010,5855,2.912935323
Meghalaya,EAST JAINTIA HILLS,2002,Whole Year,Tapioca,29,396,13.65517241
Meghalaya,EAST JAINTIA HILLS,2002,Whole Year,Tobacco,7,3,0.428571429
Meghalaya,EAST JAINTIA HILLS,2002,Whole Year,Turmeric,843,4924,5.841043891
Meghalaya,EAST JAINTIA HILLS,2003,Kharif,Dry ginger,210,2055,9.785714286
Meghalaya,EAST JAINTIA HILLS,2003,Kharif,Maize,2875,3255,1.132173913
Meghalaya,EAST JAINTIA HILLS,2003,Kharif,Rice,16937,26718,1.577493063
Meghalaya,EAST JAINTIA HILLS,2003,Kharif,Sesamum,33,15,0.454545455
Meghalaya,EAST JAINTIA HILLS,2003,Kharif,Small millets,370,439,1.186486486
Meghalaya,EAST JAINTIA HILLS,2003,Kharif,Soyabean,397,412,1.037783375
Meghalaya,EAST JAINTIA HILLS,2003,Rabi,Other  Rabi pulses,107,73,0.682242991
Meghalaya,EAST JAINTIA HILLS,2003,Rabi,Rapeseed &Mustard,63,59,0.936507937
Meghalaya,EAST JAINTIA HILLS,2003,Whole Year,Arecanut,1591,3188,2.003771213
Meghalaya,EAST JAINTIA HILLS,2003,Whole Year,Banana,347,1413,4.07204611
Meghalaya,EAST JAINTIA HILLS,2003,Whole Year,Citrus Fruit,1124,6150,5.471530249
Meghalaya,EAST JAINTIA HILLS,2003,Whole Year,Dry chillies,130,100,0.769230769
Meghalaya,EAST JAINTIA HILLS,2003,Whole Year,Papaya,28,35,1.25
Meghalaya,EAST JAINTIA HILLS,2003,Whole Year,Pineapple,130,949,7.3
Meghalaya,EAST JAINTIA HILLS,2003,Whole Year,Potato,285,1583,5.554385965
Meghalaya,EAST JAINTIA HILLS,2003,Whole Year,Sugarcane,7,6,0.857142857
Meghalaya,EAST JAINTIA HILLS,2003,Whole Year,Sweet potato,2014,5864,2.911618669
Meghalaya,EAST JAINTIA HILLS,2003,Whole Year,Tapioca,30,409,13.63333333
Meghalaya,EAST JAINTIA HILLS,2003,Whole Year,Tobacco,8,2,0.25
Meghalaya,EAST JAINTIA HILLS,2003,Whole Year,Turmeric,863,4945,5.730011587
Meghalaya,EAST JAINTIA HILLS,2004,Autumn,Rice,83,141,1.698795181
Meghalaya,EAST JAINTIA HILLS,2004,Kharif,Dry ginger,236,2029,8.597457627
Meghalaya,EAST JAINTIA HILLS,2004,Kharif,Maize,2876,3390,1.178720445
Meghalaya,EAST JAINTIA HILLS,2004,Kharif,Sesamum,33,16,0.484848485
Meghalaya,EAST JAINTIA HILLS,2004,Kharif,Small millets,368,444,1.206521739
Meghalaya,EAST JAINTIA HILLS,2004,Kharif,Soyabean,398,402,1.010050251
Meghalaya,EAST JAINTIA HILLS,2004,Kharif,Sweet potato,2031,5918,2.913835549
Meghalaya,EAST JAINTIA HILLS,2004,Rabi,Other  Rabi pulses,108,76,0.703703704
Meghalaya,EAST JAINTIA HILLS,2004,Rabi,Rapeseed &Mustard,65,61,0.938461538
Meghalaya,EAST JAINTIA HILLS,2004,Summer,Rice,30,35,1.166666667
Meghalaya,EAST JAINTIA HILLS,2004,Whole Year,Arecanut,1594,3193,2.003136763
Meghalaya,EAST JAINTIA HILLS,2004,Whole Year,Banana,376,1442,3.835106383
Meghalaya,EAST JAINTIA HILLS,2004,Whole Year,Black pepper,34,26,0.764705882
Meghalaya,EAST JAINTIA HILLS,2004,Whole Year,Coriander,6,25,4.166666667
Meghalaya,EAST JAINTIA HILLS,2004,Whole Year,Dry chillies,131,197,1.503816794
Meghalaya,EAST JAINTIA HILLS,2004,Whole Year,Garlic,20,17,0.85
Meghalaya,EAST JAINTIA HILLS,2004,Whole Year,Potato,288,1600,5.555555556
Meghalaya,EAST JAINTIA HILLS,2004,Whole Year,Sugarcane,7,5,0.714285714
Meghalaya,EAST JAINTIA HILLS,2004,Whole Year,Sweet potato,2031,5918,2.913835549
Meghalaya,EAST JAINTIA HILLS,2004,Whole Year,Tapioca,30,410,13.66666667
Meghalaya,EAST JAINTIA HILLS,2004,Whole Year,Tobacco,8,2,0.25
Meghalaya,EAST JAINTIA HILLS,2004,Whole Year,Turmeric,894,5323,5.954138702
Meghalaya,EAST JAINTIA HILLS,2004,Winter,Rice,16813,24350,1.448284066
Meghalaya,EAST JAINTIA HILLS,2005,Autumn,Rice,98,166,1.693877551
Meghalaya,EAST JAINTIA HILLS,2005,Kharif,Dry ginger,251,2450,9.760956175
Meghalaya,EAST JAINTIA HILLS,2005,Kharif,Maize,2899,3415,1.177992411
Meghalaya,EAST JAINTIA HILLS,2005,Kharif,Sesamum,34,19,0.558823529
Meghalaya,EAST JAINTIA HILLS,2005,Kharif,Small millets,369,445,1.20596206
Meghalaya,EAST JAINTIA HILLS,2005,Rabi,Other  Rabi pulses,111,80,0.720720721
Meghalaya,EAST JAINTIA HILLS,2005,Rabi,Rapeseed &Mustard,65,61,0.938461538
Meghalaya,EAST JAINTIA HILLS,2005,Summer,Rice,1,3,3
Meghalaya,EAST JAINTIA HILLS,2005,Whole Year,Arecanut,1599,3207,2.005628518
Meghalaya,EAST JAINTIA HILLS,2005,Whole Year,Banana,381,1448,3.800524934
Meghalaya,EAST JAINTIA HILLS,2005,Whole Year,Dry chillies,132,102,0.772727273
Meghalaya,EAST JAINTIA HILLS,2005,Whole Year,Potato,282,2091,7.414893617
Meghalaya,EAST JAINTIA HILLS,2005,Whole Year,Sugarcane,7,5,0.714285714
Meghalaya,EAST JAINTIA HILLS,2005,Whole Year,Sweet potato,2030,5938,2.925123153
Meghalaya,EAST JAINTIA HILLS,2005,Whole Year,Tapioca,31,421,13.58064516
Meghalaya,EAST JAINTIA HILLS,2005,Whole Year,Tobacco,8,2,0.25
Meghalaya,EAST JAINTIA HILLS,2005,Whole Year,Turmeric,1039,6362,6.12319538
Meghalaya,EAST JAINTIA HILLS,2005,Winter,Rice,12194,18669,1.530998852
Meghalaya,EAST JAINTIA HILLS,2006,Autumn,Rice,98,167,1.704081633
Meghalaya,EAST JAINTIA HILLS,2006,Kharif,Banana,382,1457,3.814136126
Meghalaya,EAST JAINTIA HILLS,2006,Kharif,Dry ginger,255,2560,10.03921569
Meghalaya,EAST JAINTIA HILLS,2006,Kharif,Maize,2915,3432,1.177358491
Meghalaya,EAST JAINTIA HILLS,2006,Kharif,Soyabean,410,416,1.014634146
Meghalaya,EAST JAINTIA HILLS,2006,Kharif,Tapioca,31,422,13.61290323
Meghalaya,EAST JAINTIA HILLS,2006,Rabi,Arecanut,1635,3207,1.96146789
Meghalaya,EAST JAINTIA HILLS,2006,Rabi,Dry chillies,127,100,0.787401575
Meghalaya,EAST JAINTIA HILLS,2006,Rabi,Other  Rabi pulses,104,75,0.721153846
Meghalaya,EAST JAINTIA HILLS,2006,Rabi,Potato,285,2438,8.554385965
Meghalaya,EAST JAINTIA HILLS,2006,Rabi,Rapeseed &Mustard,65,62,0.953846154
Meghalaya,EAST JAINTIA HILLS,2006,Rabi,Rice,1,3,3
Meghalaya,EAST JAINTIA HILLS,2006,Rabi,Sesamum,34,16,0.470588235
Meghalaya,EAST JAINTIA HILLS,2006,Rabi,Small millets,366,442,1.207650273
Meghalaya,EAST JAINTIA HILLS,2006,Rabi,Sweet potato,2025,5901,2.914074074
Meghalaya,EAST JAINTIA HILLS,2006,Rabi,Tobacco,8,2,0.25
Meghalaya,EAST JAINTIA HILLS,2006,Rabi,Turmeric,1105,10023,9.070588235
Meghalaya,EAST JAINTIA HILLS,2006,Whole Year,Sugarcane,7,5,0.714285714
Meghalaya,EAST JAINTIA HILLS,2006,Winter,Rice,12195,18622,1.52701927
Meghalaya,EAST JAINTIA HILLS,2007,Autumn,Rice,97,169,1.742268041
Meghalaya,EAST JAINTIA HILLS,2007,Kharif,Maize,2922,3438,1.176591376
Meghalaya,EAST JAINTIA HILLS,2007,Kharif,Sesamum,34,17,0.5
Meghalaya,EAST JAINTIA HILLS,2007,Kharif,Small millets,366,442,1.207650273
Meghalaya,EAST JAINTIA HILLS,2007,Rabi,Other  Rabi pulses,107,77,0.719626168
Meghalaya,EAST JAINTIA HILLS,2007,Rabi,Rapeseed &Mustard,65,62,0.953846154
Meghalaya,EAST JAINTIA HILLS,2007,Summer,Rice,12,30,2.5
Meghalaya,EAST JAINTIA HILLS,2007,Whole Year,Sugarcane,7,5,0.714285714
Meghalaya,EAST JAINTIA HILLS,2007,Winter,Rice,12195,18621,1.526937269
Meghalaya,EAST JAINTIA HILLS,2008,Autumn,Rice,101,168,1.663366337
Meghalaya,EAST JAINTIA HILLS,2008,Kharif,Dry ginger,274,2466,9
Meghalaya,EAST JAINTIA HILLS,2008,Kharif,Maize,3026,3575,1.181427627
Meghalaya,EAST JAINTIA HILLS,2008,Kharif,Sesamum,34,17,0.5
Meghalaya,EAST JAINTIA HILLS,2008,Kharif,Small millets,252,309,1.226190476
Meghalaya,EAST JAINTIA HILLS,2008,Kharif,Soyabean,410,529,1.290243902
Meghalaya,EAST JAINTIA HILLS,2008,Rabi,Black pepper,34,17,0.5
Meghalaya,EAST JAINTIA HILLS,2008,Rabi,Other  Rabi pulses,107,75,0.700934579
Meghalaya,EAST JAINTIA HILLS,2008,Rabi,Rapeseed &Mustard,66,62,0.939393939
Meghalaya,EAST JAINTIA HILLS,2008,Summer,Rice,40,87,2.175
Meghalaya,EAST JAINTIA HILLS,2008,Whole Year,Arecanut,1668,2924,1.752997602
Meghalaya,EAST JAINTIA HILLS,2008,Whole Year,Banana,384,1667,4.341145833
Meghalaya,EAST JAINTIA HILLS,2008,Whole Year,Dry chillies,86,69,0.802325581
Meghalaya,EAST JAINTIA HILLS,2008,Whole Year,Potato,209,1002,4.794258373
Meghalaya,EAST JAINTIA HILLS,2008,Whole Year,Sugarcane,7,5,0.714285714
Meghalaya,EAST JAINTIA HILLS,2008,Whole Year,Sweet potato,1990,5672,2.850251256
Meghalaya,EAST JAINTIA HILLS,2008,Whole Year,Tapioca,20,234,11.7
Meghalaya,EAST JAINTIA HILLS,2008,Whole Year,Turmeric,1130,5980,5.292035398
Meghalaya,EAST JAINTIA HILLS,2008,Winter,Rice,12195,19838,1.626732267
Meghalaya,EAST JAINTIA HILLS,2009,Autumn,Rice,102,173,1.696078431
Meghalaya,EAST JAINTIA HILLS,2009,Kharif,Banana,403,1797,4.459057072
Meghalaya,EAST JAINTIA HILLS,2009,Kharif,Dry ginger,276,2964,10.73913043
Meghalaya,EAST JAINTIA HILLS,2009,Kharif,Maize,3028,3590,1.185601057
Meghalaya,EAST JAINTIA HILLS,2009,Kharif,Sesamum,23,11,0.47826087
Meghalaya,EAST JAINTIA HILLS,2009,Kharif,Small millets,209,256,1.224880383
Meghalaya,EAST JAINTIA HILLS,2009,Kharif,Sweet potato,1380,3762,2.726086957
Meghalaya,EAST JAINTIA HILLS,2009,Kharif,Tapioca,18,190,10.55555556
Meghalaya,EAST JAINTIA HILLS,2009,Rabi,Other  Rabi pulses,19,11,0.578947368
Meghalaya,EAST JAINTIA HILLS,2009,Rabi,Peas & beans (Pulses),51,35,0.68627451
Meghalaya,EAST JAINTIA HILLS,2009,Rabi,Rapeseed &Mustard,61,32,0.524590164
Meghalaya,EAST JAINTIA HILLS,2009,Summer,Rice,45,92,2.044444444
Meghalaya,EAST JAINTIA HILLS,2009,Whole Year,Arecanut,1703,2924,1.716970053
Meghalaya,EAST JAINTIA HILLS,2009,Whole Year,Black pepper,35,16,0.457142857
Meghalaya,EAST JAINTIA HILLS,2009,Whole Year,Potato,200,912,4.56
Meghalaya,EAST JAINTIA HILLS,2009,Whole Year,Sugarcane,7,6,0.857142857
Meghalaya,EAST JAINTIA HILLS,2009,Winter,Rice,12198,19883,1.630021315
Meghalaya,EAST JAINTIA HILLS,2010,Autumn,Rice,101,159,1.574257426
Meghalaya,EAST JAINTIA HILLS,2010,Kharif,Banana,349,1116,3.197707736
Meghalaya,EAST JAINTIA HILLS,2010,Kharif,Dry ginger,325,3296,10.14153846
Meghalaya,EAST JAINTIA HILLS,2010,Kharif,Maize,3068,3661,1.193285528
Meghalaya,EAST JAINTIA HILLS,2010,Kharif,Sesamum,26,12,0.461538462
Meghalaya,EAST JAINTIA HILLS,2010,Kharif,Soyabean,410,529,1.290243902
Meghalaya,EAST JAINTIA HILLS,2010,Kharif,Sweet potato,1081,2918,2.699352451
Meghalaya,EAST JAINTIA HILLS,2010,Kharif,Tapioca,9,92,10.22222222
Meghalaya,EAST JAINTIA HILLS,2010,Rabi,Other  Rabi pulses,24,15,0.625
Meghalaya,EAST JAINTIA HILLS,2010,Rabi,Peas & beans (Pulses),53,37,0.698113208
Meghalaya,EAST JAINTIA HILLS,2010,Rabi,Rapeseed &Mustard,63,34,0.53968254
Meghalaya,EAST JAINTIA HILLS,2010,Rabi,Rice,50,99,1.98
Meghalaya,EAST JAINTIA HILLS,2010,Rabi,Small millets,162,181,1.117283951
Meghalaya,EAST JAINTIA HILLS,2010,Whole Year,Arecanut,1706,2462,1.443141852
Meghalaya,EAST JAINTIA HILLS,2010,Whole Year,Black pepper,34,16,0.470588235
Meghalaya,EAST JAINTIA HILLS,2010,Whole Year,Dry chillies,49,39,0.795918367
Meghalaya,EAST JAINTIA HILLS,2010,Whole Year,Potato,187,898,4.802139037
Meghalaya,EAST JAINTIA HILLS,2010,Whole Year,Sugarcane,7,5,0.714285714
Meghalaya,EAST JAINTIA HILLS,2010,Whole Year,Turmeric,1118,5909,5.285330948
Meghalaya,EAST JAINTIA HILLS,2010,Winter,Rice,12223,20839,1.704900597
Meghalaya,EAST JAINTIA HILLS,2011,Autumn,Rice,106,166,1.566037736
Meghalaya,EAST JAINTIA HILLS,2011,Kharif,Banana,350,1127,3.22
Meghalaya,EAST JAINTIA HILLS,2011,Kharif,Dry ginger,335,3440,10.26865672
Meghalaya,EAST JAINTIA HILLS,2011,Kharif,Maize,3071,3664,1.193096711
Meghalaya,EAST JAINTIA HILLS,2011,Kharif,Sesamum,26,13,0.5
Meghalaya,EAST JAINTIA HILLS,2011,Kharif,Soyabean,413,535,1.295399516
Meghalaya,EAST JAINTIA HILLS,2011,Kharif,Sweet potato,1081,2918,2.699352451
Meghalaya,EAST JAINTIA HILLS,2011,Kharif,Tapioca,11,113,10.27272727
Meghalaya,EAST JAINTIA HILLS,2011,Rabi,Other  Rabi pulses,24,16,0.666666667
Meghalaya,EAST JAINTIA HILLS,2011,Rabi,Peas & beans (Pulses),55,41,0.745454545
Meghalaya,EAST JAINTIA HILLS,2011,Rabi,Rapeseed &Mustard,65,36,0.553846154
Meghalaya,EAST JAINTIA HILLS,2011,Rabi,Rice,47,95,2.021276596
Meghalaya,EAST JAINTIA HILLS,2011,Rabi,Small millets,163,186,1.141104294
Meghalaya,EAST JAINTIA HILLS,2011,Whole Year,Arecanut,1708,2492,1.459016393
Meghalaya,EAST JAINTIA HILLS,2011,Whole Year,Black pepper,35,18,0.514285714
Meghalaya,EAST JAINTIA HILLS,2011,Whole Year,Dry chillies,50,40,0.8
Meghalaya,EAST JAINTIA HILLS,2011,Whole Year,Potato,203,985,4.852216749
Meghalaya,EAST JAINTIA HILLS,2011,Whole Year,Sugarcane,8,7,0.875
Meghalaya,EAST JAINTIA HILLS,2011,Whole Year,Turmeric,1138,6037,5.304920914
Meghalaya,EAST JAINTIA HILLS,2011,Winter,Rice,12230,20856,1.7053148
Meghalaya,EAST JAINTIA HILLS,2012,Autumn,Rice,103,232,2.252427184
Meghalaya,EAST JAINTIA HILLS,2012,Kharif,Banana,352,1146,3.255681818
Meghalaya,EAST JAINTIA HILLS,2012,Kharif,Dry ginger,340,3561,10.47352941
Meghalaya,EAST JAINTIA HILLS,2012,Kharif,Sesamum,36,27,0.75
Meghalaya,EAST JAINTIA HILLS,2012,Kharif,Soyabean,604,842,1.394039735
Meghalaya,EAST JAINTIA HILLS,2012,Kharif,Sweet potato,1152,3208,2.784722222
Meghalaya,EAST JAINTIA HILLS,2012,Kharif,Tapioca,25,257,10.28
Meghalaya,EAST JAINTIA HILLS,2012,Rabi,Peas & beans (Pulses),116,112,0.965517241
Meghalaya,EAST JAINTIA HILLS,2012,Rabi,Rapeseed &Mustard,89,76,0.853932584
Meghalaya,EAST JAINTIA HILLS,2012,Rabi,Rice,48,103,2.145833333
Meghalaya,EAST JAINTIA HILLS,2012,Rabi,Small millets,200,253,1.265
Meghalaya,EAST JAINTIA HILLS,2012,Whole Year,Arecanut,1775,2667,1.502535211
Meghalaya,EAST JAINTIA HILLS,2012,Whole Year,Black pepper,37,25,0.675675676
Meghalaya,EAST JAINTIA HILLS,2012,Whole Year,Dry chillies,54,46,0.851851852
Meghalaya,EAST JAINTIA HILLS,2012,Whole Year,Maize,3199,5743,1.795248515
Meghalaya,EAST JAINTIA HILLS,2012,Whole Year,Potato,207,1029,4.971014493
Meghalaya,EAST JAINTIA HILLS,2012,Whole Year,Sugarcane,11,11,1
Meghalaya,EAST JAINTIA HILLS,2012,Whole Year,Turmeric,1257,7381,5.871917263
Meghalaya,EAST JAINTIA HILLS,2012,Winter,Rice,12239,22458,1.834953836
Meghalaya,EAST JAINTIA HILLS,2013,Autumn,Rice,77,185,2.402597403
Meghalaya,EAST JAINTIA HILLS,2013,Kharif,Banana,102,335,3.284313725
Meghalaya,EAST JAINTIA HILLS,2013,Kharif,Dry ginger,11,115,10.45454545
Meghalaya,EAST JAINTIA HILLS,2013,Kharif,Sesamum,10,7,0.7
Meghalaya,EAST JAINTIA HILLS,2013,Kharif,Soyabean,57,89,1.561403509
Meghalaya,EAST JAINTIA HILLS,2013,Kharif,Sweet potato,178,501,2.814606742
Meghalaya,EAST JAINTIA HILLS,2013,Kharif,Tapioca,5,49,9.8
Meghalaya,EAST JAINTIA HILLS,2013,Rabi,Cowpea(Lobia),22,21,0.954545455
Meghalaya,EAST JAINTIA HILLS,2013,Rabi,Peas & beans (Pulses),18,15,0.833333333
Meghalaya,EAST JAINTIA HILLS,2013,Rabi,Rapeseed &Mustard,11,9,0.818181818
Meghalaya,EAST JAINTIA HILLS,2013,Whole Year,Arecanut,256,303,1.18359375
Meghalaya,EAST JAINTIA HILLS,2013,Whole Year,Black pepper,32,22,0.6875
Meghalaya,EAST JAINTIA HILLS,2013,Whole Year,Dry chillies,18,16,0.888888889
Meghalaya,EAST JAINTIA HILLS,2013,Whole Year,Maize,350,755,2.157142857
Meghalaya,EAST JAINTIA HILLS,2013,Whole Year,Potato,38,215,5.657894737
Meghalaya,EAST JAINTIA HILLS,2013,Whole Year,Sugarcane,5,4,0.8
Meghalaya,EAST JAINTIA HILLS,2013,Whole Year,Turmeric,41,225,5.487804878
Meghalaya,EAST JAINTIA HILLS,2013,Winter,Rice,7911,15624,1.974971559
Meghalaya,EAST JAINTIA HILLS,2014,Autumn,Rice,27,66,2.444444444
Meghalaya,EAST JAINTIA HILLS,2014,Kharif,Banana,103,339,3.291262136
Meghalaya,EAST JAINTIA HILLS,2014,Kharif,Dry ginger,12,124,10.33333333
Meghalaya,EAST JAINTIA HILLS,2014,Kharif,Sesamum,10,8,0.8
Meghalaya,EAST JAINTIA HILLS,2014,Kharif,Soyabean,60,95,1.583333333
Meghalaya,EAST JAINTIA HILLS,2014,Kharif,Sweet potato,181,531,2.933701657
Meghalaya,EAST JAINTIA HILLS,2014,Kharif,Tapioca,6,57,9.5
Meghalaya,EAST JAINTIA HILLS,2014,Rabi,Cowpea(Lobia),22,22,1
Meghalaya,EAST JAINTIA HILLS,2014,Rabi,Peas & beans (Pulses),18,17,0.944444444
Meghalaya,EAST JAINTIA HILLS,2014,Rabi,Rapeseed &Mustard,11,9,0.818181818
Meghalaya,EAST JAINTIA HILLS,2014,Summer,Potato,30,194,6.466666667
Meghalaya,EAST JAINTIA HILLS,2014,Whole Year,Arecanut,257,301,1.171206226
Meghalaya,EAST JAINTIA HILLS,2014,Whole Year,Black pepper,33,23,0.696969697
Meghalaya,EAST JAINTIA HILLS,2014,Whole Year,Dry chillies,19,18,0.947368421
Meghalaya,EAST JAINTIA HILLS,2014,Whole Year,Maize,350,776,2.217142857
Meghalaya,EAST JAINTIA HILLS,2014,Whole Year,Sugarcane,5,4,0.8
Meghalaya,EAST JAINTIA HILLS,2014,Whole Year,Turmeric,47,266,5.659574468
Meghalaya,EAST JAINTIA HILLS,2014,Winter,Potato,13,52,4
Meghalaya,EAST JAINTIA HILLS,2014,Winter,Rice,4341,8937,2.058742225
Meghalaya,EAST KHASI HILLS,1997,Kharif,Dry ginger,394,2571,6.525380711
Meghalaya,EAST KHASI HILLS,1997,Kharif,Maize,1847,3131,1.695181375
Meghalaya,EAST KHASI HILLS,1997,Kharif,Rice,5160,7690,1.490310078
Meghalaya,EAST KHASI HILLS,1997,Kharif,Sesamum,32,13,0.40625
Meghalaya,EAST KHASI HILLS,1997,Kharif,Small millets,459,479,1.043572985
Meghalaya,EAST KHASI HILLS,1997,Kharif,Soyabean,167,143,0.856287425
Meghalaya,EAST KHASI HILLS,1997,Kharif,Total foodgrain,7672,11454,1.492961418
Meghalaya,EAST KHASI HILLS,1997,Rabi,Other  Rabi pulses,206,154,0.747572816
Meghalaya,EAST KHASI HILLS,1997,Rabi,Pulses total,206,154,0.747572816
Meghalaya,EAST KHASI HILLS,1997,Rabi,Rapeseed &Mustard,58,35,0.603448276
Meghalaya,EAST KHASI HILLS,1997,Whole Year,Arecanut,4549,4550,1.000219829
Meghalaya,EAST KHASI HILLS,1997,Whole Year,Banana,650,8614,13.25230769
Meghalaya,EAST KHASI HILLS,1997,Whole Year,Dry chillies,81,49,0.604938272
Meghalaya,EAST KHASI HILLS,1997,Whole Year,Oilseeds total,257,191,0.743190661
Meghalaya,EAST KHASI HILLS,1997,Whole Year,Potato,11873,121108,10.20028636
Meghalaya,EAST KHASI HILLS,1997,Whole Year,Sweet potato,880,3212,3.65
Meghalaya,EAST KHASI HILLS,1997,Whole Year,Tapioca,388,2140,5.515463918
Meghalaya,EAST KHASI HILLS,1997,Whole Year,Turmeric,55,360,6.545454545
Meghalaya,EAST KHASI HILLS,1998,Kharif,Dry ginger,399,3335,8.35839599
Meghalaya,EAST KHASI HILLS,1998,Kharif,Maize,1866,3370,1.806002144
Meghalaya,EAST KHASI HILLS,1998,Kharif,Rice,5210,9673,1.856621881
Meghalaya,EAST KHASI HILLS,1998,Kharif,Sesamum,33,22,0.666666667
Meghalaya,EAST KHASI HILLS,1998,Kharif,Small millets,457,490,1.072210066
Meghalaya,EAST KHASI HILLS,1998,Kharif,Soyabean,169,144,0.852071006
Meghalaya,EAST KHASI HILLS,1998,Kharif,Total foodgrain,7741,13685,1.76785945
Meghalaya,EAST KHASI HILLS,1998,Rabi,Other  Rabi pulses,208,152,0.730769231
Meghalaya,EAST KHASI HILLS,1998,Rabi,Pulses total,208,152,0.730769231
Meghalaya,EAST KHASI HILLS,1998,Rabi,Rapeseed &Mustard,60,33,0.55
Meghalaya,EAST KHASI HILLS,1998,Whole Year,Arecanut,4564,4838,1.060035057
Meghalaya,EAST KHASI HILLS,1998,Whole Year,Banana,652,8647,13.26226994
Meghalaya,EAST KHASI HILLS,1998,Whole Year,Dry chillies,85,52,0.611764706
Meghalaya,EAST KHASI HILLS,1998,Whole Year,Oilseeds total,262,99,0.377862595
Meghalaya,EAST KHASI HILLS,1998,Whole Year,Potato,11803,129254,10.95094468
Meghalaya,EAST KHASI HILLS,1998,Whole Year,Sweet potato,886,3399,3.836343115
Meghalaya,EAST KHASI HILLS,1998,Whole Year,Tapioca,390,2150,5.512820513
Meghalaya,EAST KHASI HILLS,1998,Whole Year,Turmeric,57,373,6.543859649
Meghalaya,EAST KHASI HILLS,1999,Kharif,Dry ginger,405,3348,8.266666667
Meghalaya,EAST KHASI HILLS,1999,Kharif,Maize,1900,3784,1.991578947
Meghalaya,EAST KHASI HILLS,1999,Kharif,Rice,5369,10233,1.905941516
Meghalaya,EAST KHASI HILLS,1999,Kharif,Sesamum,35,17,0.485714286
Meghalaya,EAST KHASI HILLS,1999,Kharif,Soyabean,194,164,0.845360825
Meghalaya,EAST KHASI HILLS,1999,Rabi,Rapeseed &Mustard,60,33,0.55
Meghalaya,EAST KHASI HILLS,1999,Rabi,Rice,10,10,1
Meghalaya,EAST KHASI HILLS,1999,Whole Year,Arecanut,4568,4934,1.080122592
Meghalaya,EAST KHASI HILLS,1999,Whole Year,Banana,662,8844,13.35951662
Meghalaya,EAST KHASI HILLS,1999,Whole Year,Dry chillies,92,58,0.630434783
Meghalaya,EAST KHASI HILLS,1999,Whole Year,Potato,10854,95635,8.811037406
Meghalaya,EAST KHASI HILLS,1999,Whole Year,Sweet potato,890,3436,3.860674157
Meghalaya,EAST KHASI HILLS,1999,Whole Year,Tapioca,394,2143,5.439086294
Meghalaya,EAST KHASI HILLS,1999,Whole Year,Turmeric,59,391,6.627118644
Meghalaya,EAST KHASI HILLS,2000,Kharif,Dry ginger,415,3458,8.33253012
Meghalaya,EAST KHASI HILLS,2000,Kharif,Maize,1940,3443,1.774742268
Meghalaya,EAST KHASI HILLS,2000,Kharif,Rice,5471,10343,1.890513617
Meghalaya,EAST KHASI HILLS,2000,Kharif,Sesamum,39,18,0.461538462
Meghalaya,EAST KHASI HILLS,2000,Kharif,Small millets,459,487,1.061002179
Meghalaya,EAST KHASI HILLS,2000,Kharif,Soyabean,190,163,0.857894737
Meghalaya,EAST KHASI HILLS,2000,Rabi,Other  Rabi pulses,221,165,0.746606335
Meghalaya,EAST KHASI HILLS,2000,Rabi,Rapeseed &Mustard,62,34,0.548387097
Meghalaya,EAST KHASI HILLS,2000,Rabi,Rice,13,14,1.076923077
Meghalaya,EAST KHASI HILLS,2000,Whole Year,Arecanut,4602,4524,0.983050847
Meghalaya,EAST KHASI HILLS,2000,Whole Year,Banana,672,9122,13.57440476
Meghalaya,EAST KHASI HILLS,2000,Whole Year,Dry chillies,94,59,0.627659574
Meghalaya,EAST KHASI HILLS,2000,Whole Year,Potato,10829,94429,8.720011081
Meghalaya,EAST KHASI HILLS,2000,Whole Year,Sweet potato,892,3449,3.866591928
Meghalaya,EAST KHASI HILLS,2000,Whole Year,Tapioca,395,2171,5.496202532
Meghalaya,EAST KHASI HILLS,2000,Whole Year,Turmeric,61,389,6.37704918
Meghalaya,EAST KHASI HILLS,2001,Kharif,Dry ginger,422,3546,8.402843602
Meghalaya,EAST KHASI HILLS,2001,Kharif,Maize,1903,3396,1.784550709
Meghalaya,EAST KHASI HILLS,2001,Kharif,Rice,5496,10392,1.890829694
Meghalaya,EAST KHASI HILLS,2001,Kharif,Sesamum,40,20,0.5
Meghalaya,EAST KHASI HILLS,2001,Kharif,Small millets,398,423,1.06281407
Meghalaya,EAST KHASI HILLS,2001,Kharif,Soyabean,182,172,0.945054945
Meghalaya,EAST KHASI HILLS,2001,Rabi,Rapeseed &Mustard,62,35,0.564516129
Meghalaya,EAST KHASI HILLS,2001,Whole Year,Arecanut,4459,4672,1.047768558
Meghalaya,EAST KHASI HILLS,2001,Whole Year,Dry chillies,93,61,0.655913978
Meghalaya,EAST KHASI HILLS,2001,Whole Year,Potato,10835,97266,8.97701892
Meghalaya,EAST KHASI HILLS,2001,Whole Year,Sweet potato,706,2967,4.202549575
Meghalaya,EAST KHASI HILLS,2001,Whole Year,Tapioca,375,2073,5.528
Meghalaya,EAST KHASI HILLS,2001,Whole Year,Turmeric,62,397,6.403225806
Meghalaya,EAST KHASI HILLS,2002,Kharif,Dry ginger,428,3547,8.287383178
Meghalaya,EAST KHASI HILLS,2002,Kharif,Maize,1909,3369,1.764798324
Meghalaya,EAST KHASI HILLS,2002,Kharif,Rice,5606,10303,1.837852301
Meghalaya,EAST KHASI HILLS,2002,Kharif,Sesamum,41,20,0.487804878
Meghalaya,EAST KHASI HILLS,2002,Kharif,Small millets,450,477,1.06
Meghalaya,EAST KHASI HILLS,2002,Kharif,Soyabean,189,181,0.957671958
Meghalaya,EAST KHASI HILLS,2002,Rabi,Other  Rabi pulses,230,166,0.72173913
Meghalaya,EAST KHASI HILLS,2002,Rabi,Rapeseed &Mustard,69,38,0.550724638
Meghalaya,EAST KHASI HILLS,2002,Whole Year,Banana,645,8478,13.14418605
Meghalaya,EAST KHASI HILLS,2002,Whole Year,Citrus Fruit,4335,21777,5.023529412
Meghalaya,EAST KHASI HILLS,2002,Whole Year,Dry chillies,97,67,0.690721649
Meghalaya,EAST KHASI HILLS,2002,Whole Year,Papaya,75,586,7.813333333
Meghalaya,EAST KHASI HILLS,2002,Whole Year,Pineapple,828,8700,10.50724638
Meghalaya,EAST KHASI HILLS,2002,Whole Year,Potato,11322,120013,10.59998234
Meghalaya,EAST KHASI HILLS,2002,Whole Year,Sweet potato,718,3113,4.335654596
Meghalaya,EAST KHASI HILLS,2002,Whole Year,Tapioca,377,2090,5.543766578
Meghalaya,EAST KHASI HILLS,2002,Whole Year,Turmeric,72,433,6.013888889
Meghalaya,EAST KHASI HILLS,2003,Kharif,Dry ginger,429,3489,8.132867133
Meghalaya,EAST KHASI HILLS,2003,Kharif,Maize,1957,3464,1.770056208
Meghalaya,EAST KHASI HILLS,2003,Kharif,Rice,5636,10375,1.840844571
Meghalaya,EAST KHASI HILLS,2003,Kharif,Sesamum,41,17,0.414634146
Meghalaya,EAST KHASI HILLS,2003,Kharif,Small millets,382,405,1.060209424
Meghalaya,EAST KHASI HILLS,2003,Kharif,Soyabean,185,181,0.978378378
Meghalaya,EAST KHASI HILLS,2003,Rabi,Other  Rabi pulses,230,180,0.782608696
Meghalaya,EAST KHASI HILLS,2003,Rabi,Rapeseed &Mustard,69,36,0.52173913
Meghalaya,EAST KHASI HILLS,2003,Whole Year,Arecanut,4510,4764,1.05631929
Meghalaya,EAST KHASI HILLS,2003,Whole Year,Banana,703,8724,12.40967283
Meghalaya,EAST KHASI HILLS,2003,Whole Year,Citrus Fruit,4170,21802,5.228297362
Meghalaya,EAST KHASI HILLS,2003,Whole Year,Dry chillies,92,61,0.663043478
Meghalaya,EAST KHASI HILLS,2003,Whole Year,Papaya,94,609,6.478723404
Meghalaya,EAST KHASI HILLS,2003,Whole Year,Pineapple,840,5760,6.857142857
Meghalaya,EAST KHASI HILLS,2003,Whole Year,Potato,11462,104189,9.089949398
Meghalaya,EAST KHASI HILLS,2003,Whole Year,Sweet potato,651,2579,3.961597542
Meghalaya,EAST KHASI HILLS,2003,Whole Year,Tapioca,409,2257,5.518337408
Meghalaya,EAST KHASI HILLS,2003,Whole Year,Turmeric,78,446,5.717948718
Meghalaya,EAST KHASI HILLS,2004,Autumn,Rice,239,499,2.087866109
Meghalaya,EAST KHASI HILLS,2004,Kharif,Dry ginger,467,3518,7.533190578
Meghalaya,EAST KHASI HILLS,2004,Kharif,Maize,1955,3462,1.77084399
Meghalaya,EAST KHASI HILLS,2004,Kharif,Sesamum,41,25,0.609756098
Meghalaya,EAST KHASI HILLS,2004,Kharif,Small millets,376,428,1.138297872
Meghalaya,EAST KHASI HILLS,2004,Kharif,Soyabean,157,154,0.98089172
Meghalaya,EAST KHASI HILLS,2004,Kharif,Sweet potato,681,2560,3.75917768
Meghalaya,EAST KHASI HILLS,2004,Rabi,Other  Rabi pulses,221,170,0.769230769
Meghalaya,EAST KHASI HILLS,2004,Rabi,Rapeseed &Mustard,66,35,0.53030303
Meghalaya,EAST KHASI HILLS,2004,Summer,Rice,26,32,1.230769231
Meghalaya,EAST KHASI HILLS,2004,Whole Year,Arecanut,4511,4757,1.054533363
Meghalaya,EAST KHASI HILLS,2004,Whole Year,Banana,740,8716,11.77837838
Meghalaya,EAST KHASI HILLS,2004,Whole Year,Black pepper,173,112,0.647398844
Meghalaya,EAST KHASI HILLS,2004,Whole Year,Dry chillies,90,65,0.722222222
Meghalaya,EAST KHASI HILLS,2004,Whole Year,Garlic,20,32,1.6
Meghalaya,EAST KHASI HILLS,2004,Whole Year,Potato,10724,96395,8.988716897
Meghalaya,EAST KHASI HILLS,2004,Whole Year,Sweet potato,681,2560,3.75917768
Meghalaya,EAST KHASI HILLS,2004,Whole Year,Tapioca,423,2227,5.264775414
Meghalaya,EAST KHASI HILLS,2004,Whole Year,Turmeric,87,476,5.471264368
Meghalaya,EAST KHASI HILLS,2004,Winter,Rice,5386,9804,1.820274786
Meghalaya,EAST KHASI HILLS,2005,Autumn,Rice,238,493,2.071428571
Meghalaya,EAST KHASI HILLS,2005,Kharif,Dry ginger,515,3842,7.460194175
Meghalaya,EAST KHASI HILLS,2005,Kharif,Maize,1973,3473,1.760263558
Meghalaya,EAST KHASI HILLS,2005,Kharif,Sesamum,42,26,0.619047619
Meghalaya,EAST KHASI HILLS,2005,Kharif,Small millets,393,442,1.124681934
Meghalaya,EAST KHASI HILLS,2005,Rabi,Other  Rabi pulses,238,198,0.831932773
Meghalaya,EAST KHASI HILLS,2005,Rabi,Rapeseed &Mustard,67,35,0.52238806
Meghalaya,EAST KHASI HILLS,2005,Summer,Rice,27,33,1.222222222
Meghalaya,EAST KHASI HILLS,2005,Whole Year,Arecanut,4512,4758,1.054521277
Meghalaya,EAST KHASI HILLS,2005,Whole Year,Banana,766,8710,11.37075718
Meghalaya,EAST KHASI HILLS,2005,Whole Year,Dry chillies,94,68,0.723404255
Meghalaya,EAST KHASI HILLS,2005,Whole Year,Potato,11405,112892,9.898465585
Meghalaya,EAST KHASI HILLS,2005,Whole Year,Sweet potato,679,2620,3.858615611
Meghalaya,EAST KHASI HILLS,2005,Whole Year,Tapioca,425,2232,5.251764706
Meghalaya,EAST KHASI HILLS,2005,Whole Year,Turmeric,89,491,5.516853933
Meghalaya,EAST KHASI HILLS,2005,Winter,Rice,5391,9809,1.819514005
Meghalaya,EAST KHASI HILLS,2006,Autumn,Rice,238,493,2.071428571
Meghalaya,EAST KHASI HILLS,2006,Kharif,Banana,765,8558,11.1869281
Meghalaya,EAST KHASI HILLS,2006,Kharif,Dry ginger,517,3940,7.620889749
Meghalaya,EAST KHASI HILLS,2006,Kharif,Maize,1979,3924,1.982819606
Meghalaya,EAST KHASI HILLS,2006,Kharif,Soyabean,221,219,0.990950226
Meghalaya,EAST KHASI HILLS,2006,Kharif,Tapioca,435,2286,5.255172414
Meghalaya,EAST KHASI HILLS,2006,Rabi,Arecanut,4510,4754,1.054101996
Meghalaya,EAST KHASI HILLS,2006,Rabi,Dry chillies,98,163,1.663265306
Meghalaya,EAST KHASI HILLS,2006,Rabi,Other  Rabi pulses,233,179,0.768240343
Meghalaya,EAST KHASI HILLS,2006,Rabi,Potato,11393,112984,9.916966558
Meghalaya,EAST KHASI HILLS,2006,Rabi,Rapeseed &Mustard,65,38,0.584615385
Meghalaya,EAST KHASI HILLS,2006,Rabi,Rice,27,31,1.148148148
Meghalaya,EAST KHASI HILLS,2006,Rabi,Sesamum,46,32,0.695652174
Meghalaya,EAST KHASI HILLS,2006,Rabi,Small millets,357,403,1.128851541
Meghalaya,EAST KHASI HILLS,2006,Rabi,Sweet potato,669,2634,3.937219731
Meghalaya,EAST KHASI HILLS,2006,Rabi,Turmeric,90,480,5.333333333
Meghalaya,EAST KHASI HILLS,2006,Winter,Rice,5337,9867,1.848791456
Meghalaya,EAST KHASI HILLS,2007,Autumn,Rice,239,496,2.075313808
Meghalaya,EAST KHASI HILLS,2007,Kharif,Maize,1980,4033,2.036868687
Meghalaya,EAST KHASI HILLS,2007,Kharif,Sesamum,47,35,0.744680851
Meghalaya,EAST KHASI HILLS,2007,Kharif,Small millets,361,407,1.127423823
Meghalaya,EAST KHASI HILLS,2007,Rabi,Other  Rabi pulses,261,592,2.268199234
Meghalaya,EAST KHASI HILLS,2007,Rabi,Rapeseed &Mustard,65,38,0.584615385
Meghalaya,EAST KHASI HILLS,2007,Summer,Rice,27,31,1.148148148
Meghalaya,EAST KHASI HILLS,2007,Winter,Rice,5379,9870,1.834913553
Meghalaya,EAST KHASI HILLS,2008,Autumn,Rice,242,501,2.070247934
Meghalaya,EAST KHASI HILLS,2008,Kharif,Dry ginger,471,3583,7.607218684
Meghalaya,EAST KHASI HILLS,2008,Kharif,Maize,1995,4661,2.336340852
Meghalaya,EAST KHASI HILLS,2008,Kharif,Sesamum,49,55,1.12244898
Meghalaya,EAST KHASI HILLS,2008,Kharif,Small millets,312,354,1.134615385
Meghalaya,EAST KHASI HILLS,2008,Kharif,Soyabean,222,237,1.067567568
Meghalaya,EAST KHASI HILLS,2008,Rabi,Black pepper,168,104,0.619047619
Meghalaya,EAST KHASI HILLS,2008,Rabi,Other  Rabi pulses,273,748,2.73992674
Meghalaya,EAST KHASI HILLS,2008,Rabi,Rapeseed &Mustard,64,36,0.5625
Meghalaya,EAST KHASI HILLS,2008,Summer,Rice,172,293,1.703488372
Meghalaya,EAST KHASI HILLS,2008,Whole Year,Arecanut,4514,4760,1.05449712
Meghalaya,EAST KHASI HILLS,2008,Whole Year,Banana,754,8024,10.64190981
Meghalaya,EAST KHASI HILLS,2008,Whole Year,Dry chillies,122,216,1.770491803
Meghalaya,EAST KHASI HILLS,2008,Whole Year,Potato,11270,109234,9.692457853
Meghalaya,EAST KHASI HILLS,2008,Whole Year,Sweet potato,662,2603,3.932024169
Meghalaya,EAST KHASI HILLS,2008,Whole Year,Tapioca,431,2278,5.285382831
Meghalaya,EAST KHASI HILLS,2008,Whole Year,Turmeric,94,489,5.20212766
Meghalaya,EAST KHASI HILLS,2008,Winter,Rice,5393,9882,1.832375301
Meghalaya,EAST KHASI HILLS,2009,Autumn,Rice,273,554,2.029304029
Meghalaya,EAST KHASI HILLS,2009,Kharif,Banana,760,7990,10.51315789
Meghalaya,EAST KHASI HILLS,2009,Kharif,Dry ginger,473,3588,7.585623679
Meghalaya,EAST KHASI HILLS,2009,Kharif,Maize,2003,4729,2.360958562
Meghalaya,EAST KHASI HILLS,2009,Kharif,Sesamum,45,32,0.711111111
Meghalaya,EAST KHASI HILLS,2009,Kharif,Small millets,263,286,1.087452471
Meghalaya,EAST KHASI HILLS,2009,Kharif,Sweet potato,661,2610,3.948562784
Meghalaya,EAST KHASI HILLS,2009,Kharif,Tapioca,428,2249,5.254672897
Meghalaya,EAST KHASI HILLS,2009,Rabi,Masoor,4,2,0.5
Meghalaya,EAST KHASI HILLS,2009,Rabi,Other  Rabi pulses,1,1,1
Meghalaya,EAST KHASI HILLS,2009,Rabi,Peas & beans (Pulses),276,766,2.775362319
Meghalaya,EAST KHASI HILLS,2009,Rabi,Rapeseed &Mustard,67,37,0.552238806
Meghalaya,EAST KHASI HILLS,2009,Summer,Rice,122,232,1.901639344
Meghalaya,EAST KHASI HILLS,2009,Whole Year,Arecanut,4515,4762,1.054706534
Meghalaya,EAST KHASI HILLS,2009,Whole Year,Black pepper,167,105,0.628742515
Meghalaya,EAST KHASI HILLS,2009,Whole Year,Potato,11290,110575,9.794065545
Meghalaya,EAST KHASI HILLS,2009,Winter,Rice,5406,9907,1.832593415
Meghalaya,EAST KHASI HILLS,2010,Autumn,Rice,275,573,2.083636364
Meghalaya,EAST KHASI HILLS,2010,Kharif,Banana,752,7619,10.13164894
Meghalaya,EAST KHASI HILLS,2010,Kharif,Dry ginger,474,3593,7.580168776
Meghalaya,EAST KHASI HILLS,2010,Kharif,Maize,2005,4720,2.354114713
Meghalaya,EAST KHASI HILLS,2010,Kharif,Sesamum,51,40,0.784313725
Meghalaya,EAST KHASI HILLS,2010,Kharif,Soyabean,225,240,1.066666667
Meghalaya,EAST KHASI HILLS,2010,Kharif,Sweet potato,663,2613,3.941176471
Meghalaya,EAST KHASI HILLS,2010,Kharif,Tapioca,426,2232,5.23943662
Meghalaya,EAST KHASI HILLS,2010,Rabi,Masoor,5,3,0.6
Meghalaya,EAST KHASI HILLS,2010,Rabi,Other  Rabi pulses,1,1,1
Meghalaya,EAST KHASI HILLS,2010,Rabi,Peas & beans (Pulses),281,774,2.754448399
Meghalaya,EAST KHASI HILLS,2010,Rabi,Rapeseed &Mustard,65,36,0.553846154
Meghalaya,EAST KHASI HILLS,2010,Rabi,Rice,111,205,1.846846847
Meghalaya,EAST KHASI HILLS,2010,Rabi,Small millets,184,183,0.994565217
Meghalaya,EAST KHASI HILLS,2010,Whole Year,Arecanut,4516,4729,1.047165633
Meghalaya,EAST KHASI HILLS,2010,Whole Year,Black pepper,165,103,0.624242424
Meghalaya,EAST KHASI HILLS,2010,Whole Year,Dry chillies,111,232,2.09009009
Meghalaya,EAST KHASI HILLS,2010,Whole Year,Potato,11271,110659,9.818028569
Meghalaya,EAST KHASI HILLS,2010,Whole Year,Turmeric,89,441,4.95505618
Meghalaya,EAST KHASI HILLS,2010,Winter,Rice,5408,9961,1.841900888
Meghalaya,EAST KHASI HILLS,2011,Autumn,Rice,277,577,2.083032491
Meghalaya,EAST KHASI HILLS,2011,Kharif,Banana,760,7870,10.35526316
Meghalaya,EAST KHASI HILLS,2011,Kharif,Dry ginger,476,3891,8.174369748
Meghalaya,EAST KHASI HILLS,2011,Kharif,Maize,2008,4730,2.355577689
Meghalaya,EAST KHASI HILLS,2011,Kharif,Sesamum,53,43,0.811320755
Meghalaya,EAST KHASI HILLS,2011,Kharif,Soyabean,226,245,1.084070796
Meghalaya,EAST KHASI HILLS,2011,Kharif,Sweet potato,664,2626,3.954819277
Meghalaya,EAST KHASI HILLS,2011,Kharif,Tapioca,428,2260,5.280373832
Meghalaya,EAST KHASI HILLS,2011,Rabi,Masoor,6,4,0.666666667
Meghalaya,EAST KHASI HILLS,2011,Rabi,Other  Rabi pulses,1,1,1
Meghalaya,EAST KHASI HILLS,2011,Rabi,Peas & beans (Pulses),293,820,2.798634812
Meghalaya,EAST KHASI HILLS,2011,Rabi,Rapeseed &Mustard,66,37,0.560606061
Meghalaya,EAST KHASI HILLS,2011,Rabi,Rice,117,216,1.846153846
Meghalaya,EAST KHASI HILLS,2011,Rabi,Small millets,193,199,1.031088083
Meghalaya,EAST KHASI HILLS,2011,Whole Year,Arecanut,4521,4824,1.067020571
Meghalaya,EAST KHASI HILLS,2011,Whole Year,Black pepper,172,112,0.651162791
Meghalaya,EAST KHASI HILLS,2011,Whole Year,Dry chillies,116,244,2.103448276
Meghalaya,EAST KHASI HILLS,2011,Whole Year,Potato,11273,110971,9.843963452
Meghalaya,EAST KHASI HILLS,2011,Whole Year,Turmeric,90,457,5.077777778
Meghalaya,EAST KHASI HILLS,2011,Winter,Rice,5419,9926,1.831703266
Meghalaya,EAST KHASI HILLS,2012,Autumn,Rice,279,790,2.831541219
Meghalaya,EAST KHASI HILLS,2012,Kharif,Banana,764,8056,10.54450262
Meghalaya,EAST KHASI HILLS,2012,Kharif,Dry ginger,482,4032,8.365145228
Meghalaya,EAST KHASI HILLS,2012,Kharif,Sesamum,71,93,1.309859155
Meghalaya,EAST KHASI HILLS,2012,Kharif,Soyabean,322,379,1.177018634
Meghalaya,EAST KHASI HILLS,2012,Kharif,Sweet potato,708,2881,4.06920904
Meghalaya,EAST KHASI HILLS,2012,Kharif,Tapioca,468,3030,6.474358974
Meghalaya,EAST KHASI HILLS,2012,Rabi,Peas & beans (Pulses),560,1950,3.482142857
Meghalaya,EAST KHASI HILLS,2012,Rabi,Rapeseed &Mustard,91,78,0.857142857
Meghalaya,EAST KHASI HILLS,2012,Rabi,Rice,122,233,1.909836066
Meghalaya,EAST KHASI HILLS,2012,Rabi,Small millets,252,295,1.170634921
Meghalaya,EAST KHASI HILLS,2012,Whole Year,Arecanut,4699,5172,1.100659715
Meghalaya,EAST KHASI HILLS,2012,Whole Year,Black pepper,179,151,0.843575419
Meghalaya,EAST KHASI HILLS,2012,Whole Year,Dry chillies,124,275,2.217741935
Meghalaya,EAST KHASI HILLS,2012,Whole Year,Maize,2091,6578,3.145863223
Meghalaya,EAST KHASI HILLS,2012,Whole Year,Potato,11543,115851,10.03647232
Meghalaya,EAST KHASI HILLS,2012,Whole Year,Turmeric,100,550,5.5
Meghalaya,EAST KHASI HILLS,2012,Winter,Rice,5424,10698,1.972345133
Meghalaya,EAST KHASI HILLS,2013,Autumn,Rice,280,842,3.007142857
Meghalaya,EAST KHASI HILLS,2013,Kharif,Banana,769,8238,10.71261378
Meghalaya,EAST KHASI HILLS,2013,Kharif,Dry ginger,490,4249,8.671428571
Meghalaya,EAST KHASI HILLS,2013,Kharif,Sesamum,72,100,1.388888889
Meghalaya,EAST KHASI HILLS,2013,Kharif,Soyabean,333,404,1.213213213
Meghalaya,EAST KHASI HILLS,2013,Kharif,Sweet potato,715,2992,4.184615385
Meghalaya,EAST KHASI HILLS,2013,Kharif,Tapioca,496,3250,6.552419355
Meghalaya,EAST KHASI HILLS,2013,Rabi,Cowpea(Lobia),15,48,3.2
Meghalaya,EAST KHASI HILLS,2013,Rabi,Masoor,74,148,2
Meghalaya,EAST KHASI HILLS,2013,Rabi,Peas & beans (Pulses),562,1973,3.510676157
Meghalaya,EAST KHASI HILLS,2013,Rabi,Rapeseed &Mustard,92,79,0.858695652
Meghalaya,EAST KHASI HILLS,2013,Rabi,Small millets,253,298,1.177865613
Meghalaya,EAST KHASI HILLS,2013,Whole Year,Arecanut,4879,5564,1.140397622
Meghalaya,EAST KHASI HILLS,2013,Whole Year,Black pepper,182,154,0.846153846
Meghalaya,EAST KHASI HILLS,2013,Whole Year,Dry chillies,134,309,2.305970149
Meghalaya,EAST KHASI HILLS,2013,Whole Year,Maize,2092,6735,3.219407266
Meghalaya,EAST KHASI HILLS,2013,Whole Year,Potato,11740,121787,10.37367973
Meghalaya,EAST KHASI HILLS,2013,Whole Year,Turmeric,113,642,5.681415929
Meghalaya,EAST KHASI HILLS,2013,Winter,Rice,5429,11500,2.118253822
Meghalaya,EAST KHASI HILLS,2014,Autumn,Rice,281,896,3.1886121
Meghalaya,EAST KHASI HILLS,2014,Kharif,Banana,773,8345,10.79560155
Meghalaya,EAST KHASI HILLS,2014,Kharif,Dry ginger,491,4259,8.67413442
Meghalaya,EAST KHASI HILLS,2014,Kharif,Sesamum,73,105,1.438356164
Meghalaya,EAST KHASI HILLS,2014,Kharif,Soyabean,346,433,1.251445087
Meghalaya,EAST KHASI HILLS,2014,Kharif,Sweet potato,723,3116,4.309820194
Meghalaya,EAST KHASI HILLS,2014,Kharif,Tapioca,506,3374,6.66798419
Meghalaya,EAST KHASI HILLS,2014,Rabi,Cowpea(Lobia),16,52,3.25
Meghalaya,EAST KHASI HILLS,2014,Rabi,Masoor,75,153,2.04
Meghalaya,EAST KHASI HILLS,2014,Rabi,Peas & beans (Pulses),563,1993,3.539964476
Meghalaya,EAST KHASI HILLS,2014,Rabi,Rapeseed &Mustard,93,81,0.870967742
Meghalaya,EAST KHASI HILLS,2014,Rabi,Small millets,257,314,1.221789883
Meghalaya,EAST KHASI HILLS,2014,Summer,Potato,8224,96303,11.70999514
Meghalaya,EAST KHASI HILLS,2014,Whole Year,Arecanut,4886,5788,1.184609087
Meghalaya,EAST KHASI HILLS,2014,Whole Year,Black pepper,183,158,0.863387978
Meghalaya,EAST KHASI HILLS,2014,Whole Year,Dry chillies,139,336,2.417266187
Meghalaya,EAST KHASI HILLS,2014,Whole Year,Maize,2093,6924,3.308170091
Meghalaya,EAST KHASI HILLS,2014,Whole Year,Turmeric,115,667,5.8
Meghalaya,EAST KHASI HILLS,2014,Winter,Potato,3524,25599,7.264188422
Meghalaya,EAST KHASI HILLS,2014,Winter,Rice,5435,12335,2.269549218
Meghalaya,NORTH GARO HILLS,2013,Kharif,Arhar/Tur,48,45,0.9375
Meghalaya,NORTH GARO HILLS,2013,Kharif,Banana,1007,12459,12.37239325
Meghalaya,NORTH GARO HILLS,2013,Kharif,Castor seed,11,8,0.727272727
Meghalaya,NORTH GARO HILLS,2013,Kharif,Cotton(lint),863,743,0.860950174
Meghalaya,NORTH GARO HILLS,2013,Kharif,Dry ginger,1562,2822,1.806658131
Meghalaya,NORTH GARO HILLS,2013,Kharif,Jute,402,4507,11.21144279
Meghalaya,NORTH GARO HILLS,2013,Kharif,Mesta,51,324,6.352941176
Meghalaya,NORTH GARO HILLS,2013,Kharif,Sesamum,77,71,0.922077922
Meghalaya,NORTH GARO HILLS,2013,Kharif,Soyabean,96,101,1.052083333
Meghalaya,NORTH GARO HILLS,2013,Kharif,Sweet potato,84,285,3.392857143
Meghalaya,NORTH GARO HILLS,2013,Kharif,Tapioca,668,3822,5.721556886
Meghalaya,NORTH GARO HILLS,2013,Rabi,Cowpea(Lobia),106,81,0.764150943
Meghalaya,NORTH GARO HILLS,2013,Rabi,Gram,405,408,1.007407407
Meghalaya,NORTH GARO HILLS,2013,Rabi,Masoor,24,35,1.458333333
Meghalaya,NORTH GARO HILLS,2013,Rabi,Peas & beans (Pulses),105,113,1.076190476
Meghalaya,NORTH GARO HILLS,2013,Rabi,Rapeseed &Mustard,560,588,1.05
Meghalaya,NORTH GARO HILLS,2013,Rabi,Small millets,102,105,1.029411765
Meghalaya,NORTH GARO HILLS,2013,Rabi,Tobacco,133,121,0.909774436
Meghalaya,NORTH GARO HILLS,2013,Rabi,Wheat,37,47,1.27027027
Meghalaya,NORTH GARO HILLS,2013,Whole Year,Arecanut,963,1229,1.276220145
Meghalaya,NORTH GARO HILLS,2013,Whole Year,Black pepper,27,14,0.518518519
Meghalaya,NORTH GARO HILLS,2013,Whole Year,Cashewnut,115,120,1.043478261
Meghalaya,NORTH GARO HILLS,2013,Whole Year,Dry chillies,123,70,0.569105691
Meghalaya,NORTH GARO HILLS,2013,Whole Year,Maize,293,544,1.85665529
Meghalaya,NORTH GARO HILLS,2013,Whole Year,Potato,58,476,8.206896552
Meghalaya,NORTH GARO HILLS,2013,Whole Year,Sugarcane,17,52,3.058823529
Meghalaya,NORTH GARO HILLS,2013,Whole Year,Turmeric,48,300,6.25
Meghalaya,NORTH GARO HILLS,2014,Autumn,Rice,4993,12110,2.425395554
Meghalaya,NORTH GARO HILLS,2014,Kharif,Arhar/Tur,48,46,0.958333333
Meghalaya,NORTH GARO HILLS,2014,Kharif,Banana,1010,12533,12.40891089
Meghalaya,NORTH GARO HILLS,2014,Kharif,Castor seed,11,9,0.818181818
Meghalaya,NORTH GARO HILLS,2014,Kharif,Cotton(lint),866,773,0.8926097
Meghalaya,NORTH GARO HILLS,2014,Kharif,Dry ginger,1563,3227,2.064619322
Meghalaya,NORTH GARO HILLS,2014,Kharif,Jute,408,4617,11.31617647
Meghalaya,NORTH GARO HILLS,2014,Kharif,Mesta,52,334,6.423076923
Meghalaya,NORTH GARO HILLS,2014,Kharif,Sesamum,77,76,0.987012987
Meghalaya,NORTH GARO HILLS,2014,Kharif,Soyabean,100,110,1.1
Meghalaya,NORTH GARO HILLS,2014,Kharif,Sweet potato,85,288,3.388235294
Meghalaya,NORTH GARO HILLS,2014,Kharif,Tapioca,671,3848,5.734724292
Meghalaya,NORTH GARO HILLS,2014,Rabi,Cowpea(Lobia),107,88,0.822429907
Meghalaya,NORTH GARO HILLS,2014,Rabi,Gram,407,416,1.022113022
Meghalaya,NORTH GARO HILLS,2014,Rabi,Masoor,25,38,1.52
Meghalaya,NORTH GARO HILLS,2014,Rabi,Peas & beans (Pulses),106,119,1.122641509
Meghalaya,NORTH GARO HILLS,2014,Rabi,Rapeseed &Mustard,562,601,1.069395018
Meghalaya,NORTH GARO HILLS,2014,Rabi,Small millets,102,107,1.049019608
Meghalaya,NORTH GARO HILLS,2014,Rabi,Tobacco,134,125,0.932835821
Meghalaya,NORTH GARO HILLS,2014,Rabi,Wheat,40,51,1.275
Meghalaya,NORTH GARO HILLS,2014,Summer,Potato,3,19,6.333333333
Meghalaya,NORTH GARO HILLS,2014,Whole Year,Arecanut,967,1251,1.29369183
Meghalaya,NORTH GARO HILLS,2014,Whole Year,Black pepper,27,15,0.555555556
Meghalaya,NORTH GARO HILLS,2014,Whole Year,Cashewnut,116,125,1.077586207
Meghalaya,NORTH GARO HILLS,2014,Whole Year,Dry chillies,124,73,0.588709677
Meghalaya,NORTH GARO HILLS,2014,Whole Year,Maize,293,554,1.890784983
Meghalaya,NORTH GARO HILLS,2014,Whole Year,Sugarcane,18,56,3.111111111
Meghalaya,NORTH GARO HILLS,2014,Whole Year,Turmeric,49,309,6.306122449
Meghalaya,NORTH GARO HILLS,2014,Winter,Potato,52,430,8.269230769
Meghalaya,NORTH GARO HILLS,2014,Winter,Rice,3687,7766,2.106319501
Meghalaya,RI BHOI,1997,Kharif,Dry ginger,685,6658,9.719708029
Meghalaya,RI BHOI,1997,Kharif,Maize,1912,4208,2.20083682
Meghalaya,RI BHOI,1997,Kharif,Rice,11837,15914,1.344428487
Meghalaya,RI BHOI,1997,Kharif,Sesamum,3,3,1
Meghalaya,RI BHOI,1997,Kharif,Small millets,20,15,0.75
Meghalaya,RI BHOI,1997,Kharif,Soyabean,30,26,0.866666667
Meghalaya,RI BHOI,1997,Kharif,Total foodgrain,13829,20172,1.458673801
Meghalaya,RI BHOI,1997,Rabi,Other  Rabi pulses,60,35,0.583333333
Meghalaya,RI BHOI,1997,Rabi,Pulses total,60,35,0.583333333
Meghalaya,RI BHOI,1997,Rabi,Rapeseed &Mustard,42,26,0.619047619
Meghalaya,RI BHOI,1997,Whole Year,Arecanut,28,18,0.642857143
Meghalaya,RI BHOI,1997,Whole Year,Banana,772,13930,18.04404145
Meghalaya,RI BHOI,1997,Whole Year,Dry chillies,33,25,0.757575758
Meghalaya,RI BHOI,1997,Whole Year,Oilseeds total,75,55,0.733333333
Meghalaya,RI BHOI,1997,Whole Year,Potato,23,221,9.608695652
Meghalaya,RI BHOI,1997,Whole Year,Sweet potato,189,494,2.613756614
Meghalaya,RI BHOI,1997,Whole Year,Tapioca,15,70,4.666666667
Meghalaya,RI BHOI,1997,Whole Year,Turmeric,34,153,4.5
Meghalaya,RI BHOI,1998,Kharif,Dry ginger,690,6323,9.163768116
Meghalaya,RI BHOI,1998,Kharif,Maize,1910,4093,2.142931937
Meghalaya,RI BHOI,1998,Kharif,Rice,11788,23652,2.006447234
Meghalaya,RI BHOI,1998,Kharif,Sesamum,3,2,0.666666667
Meghalaya,RI BHOI,1998,Kharif,Small millets,21,16,0.761904762
Meghalaya,RI BHOI,1998,Kharif,Soyabean,32,26,0.8125
Meghalaya,RI BHOI,1998,Kharif,Total foodgrain,13759,27786,2.01947816
Meghalaya,RI BHOI,1998,Rabi,Other  Rabi pulses,40,25,0.625
Meghalaya,RI BHOI,1998,Rabi,Pulses total,40,25,0.625
Meghalaya,RI BHOI,1998,Rabi,Rapeseed &Mustard,42,29,0.69047619
Meghalaya,RI BHOI,1998,Whole Year,Arecanut,25,17,0.68
Meghalaya,RI BHOI,1998,Whole Year,Banana,772,13950,18.06994819
Meghalaya,RI BHOI,1998,Whole Year,Dry chillies,36,29,0.805555556
Meghalaya,RI BHOI,1998,Whole Year,Oilseeds total,78,57,0.730769231
Meghalaya,RI BHOI,1998,Whole Year,Potato,12,52,4.333333333
Meghalaya,RI BHOI,1998,Whole Year,Sweet potato,141,409,2.90070922
Meghalaya,RI BHOI,1998,Whole Year,Tapioca,10,50,5
Meghalaya,RI BHOI,1998,Whole Year,Turmeric,11,77,7
Meghalaya,RI BHOI,1999,Kharif,Dry ginger,782,6018,7.695652174
Meghalaya,RI BHOI,1999,Kharif,Maize,1565,3064,1.957827476
Meghalaya,RI BHOI,1999,Kharif,Rice,11507,26686,2.319110107
Meghalaya,RI BHOI,1999,Kharif,Sesamum,4,4,1
Meghalaya,RI BHOI,1999,Kharif,Soyabean,145,116,0.8
Meghalaya,RI BHOI,1999,Rabi,Rapeseed &Mustard,162,69,0.425925926
Meghalaya,RI BHOI,1999,Rabi,Rice,190,367,1.931578947
Meghalaya,RI BHOI,1999,Whole Year,Arecanut,80,55,0.6875
Meghalaya,RI BHOI,1999,Whole Year,Banana,775,13525,17.4516129
Meghalaya,RI BHOI,1999,Whole Year,Dry chillies,48,38,0.791666667
Meghalaya,RI BHOI,1999,Whole Year,Potato,14,60,4.285714286
Meghalaya,RI BHOI,1999,Whole Year,Sweet potato,141,509,3.609929078
Meghalaya,RI BHOI,1999,Whole Year,Tapioca,14,60,4.285714286
Meghalaya,RI BHOI,1999,Whole Year,Turmeric,55,385,7
Meghalaya,RI BHOI,2000,Kharif,Dry ginger,822,6432,7.824817518
Meghalaya,RI BHOI,2000,Kharif,Maize,1560,3252,2.084615385
Meghalaya,RI BHOI,2000,Kharif,Rice,11468,29393,2.563044995
Meghalaya,RI BHOI,2000,Kharif,Sesamum,9,7,0.777777778
Meghalaya,RI BHOI,2000,Kharif,Small millets,20,14,0.7
Meghalaya,RI BHOI,2000,Kharif,Soyabean,147,150,1.020408163
Meghalaya,RI BHOI,2000,Rabi,Other  Rabi pulses,58,36,0.620689655
Meghalaya,RI BHOI,2000,Rabi,Rapeseed &Mustard,160,66,0.4125
Meghalaya,RI BHOI,2000,Rabi,Rice,194,385,1.984536082
Meghalaya,RI BHOI,2000,Whole Year,Arecanut,92,58,0.630434783
Meghalaya,RI BHOI,2000,Whole Year,Banana,797,13907,17.44918444
Meghalaya,RI BHOI,2000,Whole Year,Dry chillies,50,39,0.78
Meghalaya,RI BHOI,2000,Whole Year,Potato,17,75,4.411764706
Meghalaya,RI BHOI,2000,Whole Year,Sweet potato,141,519,3.680851064
Meghalaya,RI BHOI,2000,Whole Year,Tapioca,15,73,4.866666667
Meghalaya,RI BHOI,2000,Whole Year,Turmeric,67,498,7.432835821
Meghalaya,RI BHOI,2001,Kharif,Dry ginger,884,6825,7.720588235
Meghalaya,RI BHOI,2001,Kharif,Maize,1571,3270,2.081476766
Meghalaya,RI BHOI,2001,Kharif,Rice,11605,29590,2.549763033
Meghalaya,RI BHOI,2001,Kharif,Sesamum,6,6,1
Meghalaya,RI BHOI,2001,Kharif,Small millets,20,14,0.7
Meghalaya,RI BHOI,2001,Kharif,Soyabean,147,150,1.020408163
Meghalaya,RI BHOI,2001,Rabi,Rapeseed &Mustard,162,68,0.419753086
Meghalaya,RI BHOI,2001,Whole Year,Arecanut,120,59,0.491666667
Meghalaya,RI BHOI,2001,Whole Year,Dry chillies,49,39,0.795918367
Meghalaya,RI BHOI,2001,Whole Year,Potato,17,75,4.411764706
Meghalaya,RI BHOI,2001,Whole Year,Sweet potato,141,512,3.631205674
Meghalaya,RI BHOI,2001,Whole Year,Tapioca,15,73,4.866666667
Meghalaya,RI BHOI,2001,Whole Year,Turmeric,66,493,7.46969697
Meghalaya,RI BHOI,2002,Kharif,Dry ginger,878,6807,7.75284738
Meghalaya,RI BHOI,2002,Kharif,Maize,1571,3927,2.499681731
Meghalaya,RI BHOI,2002,Kharif,Rice,11384,29130,2.558854533
Meghalaya,RI BHOI,2002,Kharif,Sesamum,6,7,1.166666667
Meghalaya,RI BHOI,2002,Kharif,Small millets,22,15,0.681818182
Meghalaya,RI BHOI,2002,Kharif,Soyabean,162,169,1.043209877
Meghalaya,RI BHOI,2002,Rabi,Other  Rabi pulses,50,31,0.62
Meghalaya,RI BHOI,2002,Rabi,Rapeseed &Mustard,161,66,0.409937888
Meghalaya,RI BHOI,2002,Whole Year,Banana,805,14057,17.4621118
Meghalaya,RI BHOI,2002,Whole Year,Citrus Fruit,115,89,0.773913043
Meghalaya,RI BHOI,2002,Whole Year,Dry chillies,79,40,0.506329114
Meghalaya,RI BHOI,2002,Whole Year,Papaya,146,1095,7.5
Meghalaya,RI BHOI,2002,Whole Year,Pineapple,3385,29621,8.750664697
Meghalaya,RI BHOI,2002,Whole Year,Potato,26,156,6
Meghalaya,RI BHOI,2002,Whole Year,Sweet potato,144,520,3.611111111
Meghalaya,RI BHOI,2002,Whole Year,Tapioca,15,73,4.866666667
Meghalaya,RI BHOI,2002,Whole Year,Turmeric,67,499,7.447761194
Meghalaya,RI BHOI,2003,Kharif,Dry ginger,881,6831,7.75368899
Meghalaya,RI BHOI,2003,Kharif,Maize,1565,3912,2.499680511
Meghalaya,RI BHOI,2003,Kharif,Rice,11451,30130,2.631211248
Meghalaya,RI BHOI,2003,Kharif,Sesamum,6,6,1
Meghalaya,RI BHOI,2003,Kharif,Small millets,22,16,0.727272727
Meghalaya,RI BHOI,2003,Kharif,Soyabean,164,172,1.048780488
Meghalaya,RI BHOI,2003,Rabi,Other  Rabi pulses,52,34,0.653846154
Meghalaya,RI BHOI,2003,Rabi,Rapeseed &Mustard,163,68,0.417177914
Meghalaya,RI BHOI,2003,Whole Year,Arecanut,124,68,0.548387097
Meghalaya,RI BHOI,2003,Whole Year,Banana,865,14632,16.91560694
Meghalaya,RI BHOI,2003,Whole Year,Citrus Fruit,177,570,3.220338983
Meghalaya,RI BHOI,2003,Whole Year,Dry chillies,52,43,0.826923077
Meghalaya,RI BHOI,2003,Whole Year,Papaya,167,1125,6.736526946
Meghalaya,RI BHOI,2003,Whole Year,Pineapple,3415,39066,11.43953148
Meghalaya,RI BHOI,2003,Whole Year,Potato,25,148,5.92
Meghalaya,RI BHOI,2003,Whole Year,Sweet potato,145,522,3.6
Meghalaya,RI BHOI,2003,Whole Year,Tapioca,16,78,4.875
Meghalaya,RI BHOI,2003,Whole Year,Turmeric,68,500,7.352941176
Meghalaya,RI BHOI,2004,Autumn,Rice,197,371,1.883248731
Meghalaya,RI BHOI,2004,Kharif,Castor seed,5,5,1
Meghalaya,RI BHOI,2004,Kharif,Dry ginger,967,7398,7.650465357
Meghalaya,RI BHOI,2004,Kharif,Maize,1562,3915,2.506402049
Meghalaya,RI BHOI,2004,Kharif,Small millets,23,20,0.869565217
Meghalaya,RI BHOI,2004,Kharif,Soyabean,165,174,1.054545455
Meghalaya,RI BHOI,2004,Kharif,Sweet potato,157,566,3.605095541
Meghalaya,RI BHOI,2004,Rabi,Other  Rabi pulses,52,34,0.653846154
Meghalaya,RI BHOI,2004,Rabi,Rapeseed &Mustard,165,68,0.412121212
Meghalaya,RI BHOI,2004,Summer,Rice,146,288,1.97260274
Meghalaya,RI BHOI,2004,Whole Year,Arecanut,130,74,0.569230769
Meghalaya,RI BHOI,2004,Whole Year,Banana,893,14719,16.48264278
Meghalaya,RI BHOI,2004,Whole Year,Black pepper,147,88,0.598639456
Meghalaya,RI BHOI,2004,Whole Year,Dry chillies,79,103,1.303797468
Meghalaya,RI BHOI,2004,Whole Year,Garlic,13,17,1.307692308
Meghalaya,RI BHOI,2004,Whole Year,Potato,26,154,5.923076923
Meghalaya,RI BHOI,2004,Whole Year,Sweet potato,157,566,3.605095541
Meghalaya,RI BHOI,2004,Whole Year,Tapioca,17,83,4.882352941
Meghalaya,RI BHOI,2004,Whole Year,Turmeric,78,352,4.512820513
Meghalaya,RI BHOI,2004,Winter,Rice,10694,28884,2.700953806
Meghalaya,RI BHOI,2005,Autumn,Rice,193,360,1.865284974
Meghalaya,RI BHOI,2005,Kharif,Castor seed,6,6,1
Meghalaya,RI BHOI,2005,Kharif,Dry ginger,994,7430,7.474849095
Meghalaya,RI BHOI,2005,Kharif,Maize,1570,3924,2.499363057
Meghalaya,RI BHOI,2005,Kharif,Small millets,22,19,0.863636364
Meghalaya,RI BHOI,2005,Rabi,Other  Rabi pulses,53,35,0.660377358
Meghalaya,RI BHOI,2005,Rabi,Rapeseed &Mustard,164,67,0.408536585
Meghalaya,RI BHOI,2005,Summer,Rice,144,277,1.923611111
Meghalaya,RI BHOI,2005,Whole Year,Arecanut,131,74,0.564885496
Meghalaya,RI BHOI,2005,Whole Year,Banana,908,14851,16.35572687
Meghalaya,RI BHOI,2005,Whole Year,Dry chillies,89,140,1.573033708
Meghalaya,RI BHOI,2005,Whole Year,Potato,27,154,5.703703704
Meghalaya,RI BHOI,2005,Whole Year,Sweet potato,156,580,3.717948718
Meghalaya,RI BHOI,2005,Whole Year,Tapioca,17,84,4.941176471
Meghalaya,RI BHOI,2005,Whole Year,Turmeric,78,660,8.461538462
Meghalaya,RI BHOI,2005,Winter,Rice,9242,25600,2.769963211
Meghalaya,RI BHOI,2006,Autumn,Rice,195,378,1.938461538
Meghalaya,RI BHOI,2006,Kharif,Banana,905,14802,16.3558011
Meghalaya,RI BHOI,2006,Kharif,Dry ginger,997,7773,7.796389168
Meghalaya,RI BHOI,2006,Kharif,Maize,1573,3930,2.49841068
Meghalaya,RI BHOI,2006,Kharif,Soyabean,168,184,1.095238095
Meghalaya,RI BHOI,2006,Kharif,Tapioca,19,83,4.368421053
Meghalaya,RI BHOI,2006,Rabi,Arecanut,133,74,0.556390977
Meghalaya,RI BHOI,2006,Rabi,Castor seed,6,6,1
Meghalaya,RI BHOI,2006,Rabi,Dry chillies,90,142,1.577777778
Meghalaya,RI BHOI,2006,Rabi,Other  Rabi pulses,52,35,0.673076923
Meghalaya,RI BHOI,2006,Rabi,Potato,30,167,5.566666667
Meghalaya,RI BHOI,2006,Rabi,Rapeseed &Mustard,167,70,0.419161677
Meghalaya,RI BHOI,2006,Rabi,Rice,136,264,1.941176471
Meghalaya,RI BHOI,2006,Rabi,Small millets,21,20,0.952380952
Meghalaya,RI BHOI,2006,Rabi,Sweet potato,151,330,2.185430464
Meghalaya,RI BHOI,2006,Rabi,Turmeric,84,748,8.904761905
Meghalaya,RI BHOI,2006,Winter,Rice,9242,24926,2.697035274
Meghalaya,RI BHOI,2007,Autumn,Rice,176,321,1.823863636
Meghalaya,RI BHOI,2007,Kharif,Maize,1517,3427,2.259063942
Meghalaya,RI BHOI,2007,Kharif,Small millets,11,10,0.909090909
Meghalaya,RI BHOI,2007,Rabi,Other  Rabi pulses,48,31,0.645833333
Meghalaya,RI BHOI,2007,Rabi,Rapeseed &Mustard,164,70,0.426829268
Meghalaya,RI BHOI,2007,Rabi,Wheat,5,5,1
Meghalaya,RI BHOI,2007,Summer,Rice,139,265,1.90647482
Meghalaya,RI BHOI,2007,Winter,Rice,9240,24920,2.696969697
Meghalaya,RI BHOI,2008,Autumn,Rice,174,308,1.770114943
Meghalaya,RI BHOI,2008,Kharif,Castor seed,3,3,1
Meghalaya,RI BHOI,2008,Kharif,Dry ginger,969,7614,7.857585139
Meghalaya,RI BHOI,2008,Kharif,Maize,1517,3427,2.259063942
Meghalaya,RI BHOI,2008,Kharif,Small millets,17,17,1
Meghalaya,RI BHOI,2008,Kharif,Soyabean,154,173,1.123376623
Meghalaya,RI BHOI,2008,Rabi,Black pepper,145,85,0.586206897
Meghalaya,RI BHOI,2008,Rabi,Other  Rabi pulses,29,18,0.620689655
Meghalaya,RI BHOI,2008,Rabi,Rapeseed &Mustard,149,66,0.44295302
Meghalaya,RI BHOI,2008,Rabi,Wheat,4,4,1
Meghalaya,RI BHOI,2008,Summer,Rice,187,393,2.101604278
Meghalaya,RI BHOI,2008,Whole Year,Arecanut,145,90,0.620689655
Meghalaya,RI BHOI,2008,Whole Year,Banana,910,14923,16.3989011
Meghalaya,RI BHOI,2008,Whole Year,Dry chillies,93,145,1.559139785
Meghalaya,RI BHOI,2008,Whole Year,Potato,25,154,6.16
Meghalaya,RI BHOI,2008,Whole Year,Sweet potato,144,829,5.756944444
Meghalaya,RI BHOI,2008,Whole Year,Tapioca,40,236,5.9
Meghalaya,RI BHOI,2008,Whole Year,Turmeric,91,390,4.285714286
Meghalaya,RI BHOI,2008,Winter,Rice,9245,24984,2.702433748
Meghalaya,RI BHOI,2009,Autumn,Rice,166,308,1.855421687
Meghalaya,RI BHOI,2009,Kharif,Banana,872,14770,16.93807339
Meghalaya,RI BHOI,2009,Kharif,Castor seed,2,1,0.5
Meghalaya,RI BHOI,2009,Kharif,Dry ginger,973,7645,7.857142857
Meghalaya,RI BHOI,2009,Kharif,Maize,1520,3654,2.403947368
Meghalaya,RI BHOI,2009,Kharif,Small millets,13,13,1
Meghalaya,RI BHOI,2009,Kharif,Sweet potato,143,830,5.804195804
Meghalaya,RI BHOI,2009,Kharif,Tapioca,38,222,5.842105263
Meghalaya,RI BHOI,2009,Rabi,Other  Rabi pulses,3,2,0.666666667
Meghalaya,RI BHOI,2009,Rabi,Peas & beans (Pulses),24,14,0.583333333
Meghalaya,RI BHOI,2009,Rabi,Rapeseed &Mustard,157,69,0.439490446
Meghalaya,RI BHOI,2009,Rabi,Wheat,3,3,1
Meghalaya,RI BHOI,2009,Summer,Rice,191,411,2.151832461
Meghalaya,RI BHOI,2009,Whole Year,Arecanut,149,93,0.624161074
Meghalaya,RI BHOI,2009,Whole Year,Black pepper,146,87,0.595890411
Meghalaya,RI BHOI,2009,Whole Year,Potato,28,162,5.785714286
Meghalaya,RI BHOI,2009,Winter,Rice,9248,24992,2.702422145
Meghalaya,RI BHOI,2010,Autumn,Rice,154,271,1.75974026
Meghalaya,RI BHOI,2010,Kharif,Banana,897,15153,16.89297659
Meghalaya,RI BHOI,2010,Kharif,Castor seed,1,1,1
Meghalaya,RI BHOI,2010,Kharif,Dry ginger,976,9606,9.842213115
Meghalaya,RI BHOI,2010,Kharif,Maize,1518,3420,2.252964427
Meghalaya,RI BHOI,2010,Kharif,Soyabean,152,170,1.118421053
Meghalaya,RI BHOI,2010,Kharif,Sweet potato,144,835,5.798611111
Meghalaya,RI BHOI,2010,Kharif,Tapioca,41,243,5.926829268
Meghalaya,RI BHOI,2010,Rabi,Other  Rabi pulses,3,2,0.666666667
Meghalaya,RI BHOI,2010,Rabi,Peas & beans (Pulses),25,16,0.64
Meghalaya,RI BHOI,2010,Rabi,Rapeseed &Mustard,147,64,0.43537415
Meghalaya,RI BHOI,2010,Rabi,Rice,198,424,2.141414141
Meghalaya,RI BHOI,2010,Rabi,Small millets,13,12,0.923076923
Meghalaya,RI BHOI,2010,Rabi,Wheat,1,1,1
Meghalaya,RI BHOI,2010,Whole Year,Arecanut,142,87,0.612676056
Meghalaya,RI BHOI,2010,Whole Year,Black pepper,144,85,0.590277778
Meghalaya,RI BHOI,2010,Whole Year,Dry chillies,90,138,1.533333333
Meghalaya,RI BHOI,2010,Whole Year,Potato,26,149,5.730769231
Meghalaya,RI BHOI,2010,Whole Year,Turmeric,87,558,6.413793103
Meghalaya,RI BHOI,2010,Winter,Rice,9250,25055,2.708648649
Meghalaya,RI BHOI,2011,Autumn,Rice,148,255,1.722972973
Meghalaya,RI BHOI,2011,Kharif,Banana,898,15215,16.94320713
Meghalaya,RI BHOI,2011,Kharif,Castor seed,2,2,1
Meghalaya,RI BHOI,2011,Kharif,Dry ginger,979,9704,9.91215526
Meghalaya,RI BHOI,2011,Kharif,Maize,1520,3430,2.256578947
Meghalaya,RI BHOI,2011,Kharif,Soyabean,154,173,1.123376623
Meghalaya,RI BHOI,2011,Kharif,Sweet potato,146,851,5.828767123
Meghalaya,RI BHOI,2011,Kharif,Tapioca,43,259,6.023255814
Meghalaya,RI BHOI,2011,Rabi,Other  Rabi pulses,3,2,0.666666667
Meghalaya,RI BHOI,2011,Rabi,Peas & beans (Pulses),26,17,0.653846154
Meghalaya,RI BHOI,2011,Rabi,Rapeseed &Mustard,148,65,0.439189189
Meghalaya,RI BHOI,2011,Rabi,Rice,128,188,1.46875
Meghalaya,RI BHOI,2011,Rabi,Small millets,15,15,1
Meghalaya,RI BHOI,2011,Whole Year,Arecanut,151,93,0.61589404
Meghalaya,RI BHOI,2011,Whole Year,Black pepper,147,87,0.591836735
Meghalaya,RI BHOI,2011,Whole Year,Dry chillies,93,144,1.548387097
Meghalaya,RI BHOI,2011,Whole Year,Potato,28,168,6
Meghalaya,RI BHOI,2011,Whole Year,Turmeric,121,782,6.462809917
Meghalaya,RI BHOI,2011,Winter,Rice,9253,25095,2.712093375
Meghalaya,RI BHOI,2012,Autumn,Rice,156,388,2.487179487
Meghalaya,RI BHOI,2012,Kharif,Banana,913,15741,17.24096386
Meghalaya,RI BHOI,2012,Kharif,Castor seed,3,4,1.333333333
Meghalaya,RI BHOI,2012,Kharif,Dry ginger,991,10047,10.1382442
Meghalaya,RI BHOI,2012,Kharif,Soyabean,224,270,1.205357143
Meghalaya,RI BHOI,2012,Kharif,Sweet potato,155,933,6.019354839
Meghalaya,RI BHOI,2012,Kharif,Tapioca,57,344,6.035087719
Meghalaya,RI BHOI,2012,Rabi,Peas & beans (Pulses),54,59,1.092592593
Meghalaya,RI BHOI,2012,Rabi,Rapeseed &Mustard,199,138,0.693467337
Meghalaya,RI BHOI,2012,Rabi,Rice,132,204,1.545454545
Meghalaya,RI BHOI,2012,Rabi,Small millets,24,25,1.041666667
Meghalaya,RI BHOI,2012,Whole Year,Arecanut,164,102,0.62195122
Meghalaya,RI BHOI,2012,Whole Year,Black pepper,153,118,0.77124183
Meghalaya,RI BHOI,2012,Whole Year,Dry chillies,100,163,1.63
Meghalaya,RI BHOI,2012,Whole Year,Maize,1583,4766,3.010739103
Meghalaya,RI BHOI,2012,Whole Year,Potato,29,175,6.034482759
Meghalaya,RI BHOI,2012,Whole Year,Turmeric,133,944,7.097744361
Meghalaya,RI BHOI,2012,Winter,Rice,9261,27016,2.91717957
Meghalaya,RI BHOI,2013,Autumn,Rice,157,440,2.802547771
Meghalaya,RI BHOI,2013,Kharif,Banana,919,16087,17.50489663
Meghalaya,RI BHOI,2013,Kharif,Castor seed,4,6,1.5
Meghalaya,RI BHOI,2013,Kharif,Dry ginger,1007,10574,10.50049652
Meghalaya,RI BHOI,2013,Kharif,Soyabean,232,287,1.237068966
Meghalaya,RI BHOI,2013,Kharif,Sweet potato,156,968,6.205128205
Meghalaya,RI BHOI,2013,Kharif,Tapioca,60,366,6.1
Meghalaya,RI BHOI,2013,Rabi,Cowpea(Lobia),10,14,1.4
Meghalaya,RI BHOI,2013,Rabi,Peas & beans (Pulses),56,62,1.107142857
Meghalaya,RI BHOI,2013,Rabi,Rapeseed &Mustard,200,138,0.69
Meghalaya,RI BHOI,2013,Rabi,Small millets,25,27,1.08
Meghalaya,RI BHOI,2013,Whole Year,Arecanut,170,110,0.647058824
Meghalaya,RI BHOI,2013,Whole Year,Black pepper,156,121,0.775641026
Meghalaya,RI BHOI,2013,Whole Year,Dry chillies,108,183,1.694444444
Meghalaya,RI BHOI,2013,Whole Year,Maize,1584,4877,3.078914141
Meghalaya,RI BHOI,2013,Whole Year,Potato,30,182,6.066666667
Meghalaya,RI BHOI,2013,Whole Year,Turmeric,148,1106,7.472972973
Meghalaya,RI BHOI,2013,Winter,Rice,9269,29001,3.128816485
Meghalaya,RI BHOI,2014,Autumn,Rice,158,494,3.126582278
Meghalaya,RI BHOI,2014,Kharif,Banana,924,16296,17.63636364
Meghalaya,RI BHOI,2014,Kharif,Castor seed,5,8,1.6
Meghalaya,RI BHOI,2014,Kharif,Dry ginger,1012,10687,10.56027668
Meghalaya,RI BHOI,2014,Kharif,Soyabean,241,307,1.273858921
Meghalaya,RI BHOI,2014,Kharif,Sweet potato,158,973,6.158227848
Meghalaya,RI BHOI,2014,Kharif,Tapioca,62,375,6.048387097
Meghalaya,RI BHOI,2014,Rabi,Cowpea(Lobia),11,16,1.454545455
Meghalaya,RI BHOI,2014,Rabi,Peas & beans (Pulses),58,66,1.137931034
Meghalaya,RI BHOI,2014,Rabi,Rapeseed &Mustard,201,146,0.726368159
Meghalaya,RI BHOI,2014,Rabi,Small millets,27,31,1.148148148
Meghalaya,RI BHOI,2014,Summer,Potato,22,152,6.909090909
Meghalaya,RI BHOI,2014,Whole Year,Arecanut,176,123,0.698863636
Meghalaya,RI BHOI,2014,Whole Year,Black pepper,160,125,0.78125
Meghalaya,RI BHOI,2014,Whole Year,Dry chillies,111,195,1.756756757
Meghalaya,RI BHOI,2014,Whole Year,Maize,1585,5010,3.160883281
Meghalaya,RI BHOI,2014,Whole Year,Turmeric,152,1181,7.769736842
Meghalaya,RI BHOI,2014,Winter,Potato,6,18,3
Meghalaya,RI BHOI,2014,Winter,Rice,9278,31115,3.353632248
Meghalaya,SOUTH GARO HILLS,1997,Kharif,Arhar/Tur,98,76,0.775510204
Meghalaya,SOUTH GARO HILLS,1997,Kharif,Cotton(lint),321,299,0.931464174
Meghalaya,SOUTH GARO HILLS,1997,Kharif,Dry ginger,143,700,4.895104895
Meghalaya,SOUTH GARO HILLS,1997,Kharif,Jute,380,2984,7.852631579
Meghalaya,SOUTH GARO HILLS,1997,Kharif,Maize,871,881,1.011481056
Meghalaya,SOUTH GARO HILLS,1997,Kharif,Mesta,1025,4708,4.593170732
Meghalaya,SOUTH GARO HILLS,1997,Kharif,Rice,9086,9231,1.015958618
Meghalaya,SOUTH GARO HILLS,1997,Kharif,Sesamum,175,91,0.52
Meghalaya,SOUTH GARO HILLS,1997,Kharif,Small millets,236,124,0.525423729
Meghalaya,SOUTH GARO HILLS,1997,Kharif,Soyabean,7,10,1.428571429
Meghalaya,SOUTH GARO HILLS,1997,Rabi,Gram,23,14,0.608695652
Meghalaya,SOUTH GARO HILLS,1997,Rabi,Other  Rabi pulses,210,172,0.819047619
Meghalaya,SOUTH GARO HILLS,1997,Rabi,Pulses total,331,262,0.791540785
Meghalaya,SOUTH GARO HILLS,1997,Rabi,Rapeseed &Mustard,257,176,0.684824903
Meghalaya,SOUTH GARO HILLS,1997,Rabi,Tobacco,94,53,0.563829787
Meghalaya,SOUTH GARO HILLS,1997,Whole Year,Arecanut,242,334,1.380165289
Meghalaya,SOUTH GARO HILLS,1997,Whole Year,Banana,258,3203,12.41472868
Meghalaya,SOUTH GARO HILLS,1997,Whole Year,Dry chillies,265,166,0.626415094
Meghalaya,SOUTH GARO HILLS,1997,Whole Year,Potato,30,235,7.833333333
Meghalaya,SOUTH GARO HILLS,1997,Whole Year,Sugarcane,6,19,3.166666667
Meghalaya,SOUTH GARO HILLS,1997,Whole Year,Sweet potato,114,377,3.307017544
Meghalaya,SOUTH GARO HILLS,1997,Whole Year,Tapioca,292,1632,5.589041096
Meghalaya,SOUTH GARO HILLS,1997,Whole Year,Turmeric,64,320,5
Meghalaya,SOUTH GARO HILLS,1998,Kharif,Arhar/Tur,98,76,0.775510204
Meghalaya,SOUTH GARO HILLS,1998,Kharif,Cotton(lint),322,299,0.928571429
Meghalaya,SOUTH GARO HILLS,1998,Kharif,Dry ginger,144,705,4.895833333
Meghalaya,SOUTH GARO HILLS,1998,Kharif,Jute,381,2987,7.839895013
Meghalaya,SOUTH GARO HILLS,1998,Kharif,Maize,874,884,1.011441648
Meghalaya,SOUTH GARO HILLS,1998,Kharif,Mesta,1027,4713,4.58909445
Meghalaya,SOUTH GARO HILLS,1998,Kharif,Rice,9106,10182,1.118163848
Meghalaya,SOUTH GARO HILLS,1998,Kharif,Sesamum,171,89,0.520467836
Meghalaya,SOUTH GARO HILLS,1998,Kharif,Small millets,234,122,0.521367521
Meghalaya,SOUTH GARO HILLS,1998,Kharif,Soyabean,5,6,1.2
Meghalaya,SOUTH GARO HILLS,1998,Rabi,Gram,25,15,0.6
Meghalaya,SOUTH GARO HILLS,1998,Rabi,Other  Rabi pulses,211,173,0.819905213
Meghalaya,SOUTH GARO HILLS,1998,Rabi,Pulses total,334,264,0.790419162
Meghalaya,SOUTH GARO HILLS,1998,Rabi,Rapeseed &Mustard,253,173,0.683794466
Meghalaya,SOUTH GARO HILLS,1998,Whole Year,Arecanut,242,334,1.380165289
Meghalaya,SOUTH GARO HILLS,1998,Whole Year,Banana,259,3216,12.41698842
Meghalaya,SOUTH GARO HILLS,1998,Whole Year,Dry chillies,267,116,0.434456929
Meghalaya,SOUTH GARO HILLS,1998,Whole Year,Potato,32,250,7.8125
Meghalaya,SOUTH GARO HILLS,1998,Whole Year,Sugarcane,6,19,3.166666667
Meghalaya,SOUTH GARO HILLS,1998,Whole Year,Sweet potato,115,380,3.304347826
Meghalaya,SOUTH GARO HILLS,1998,Whole Year,Tapioca,295,1649,5.589830508
Meghalaya,SOUTH GARO HILLS,1998,Whole Year,Tobacco,94,53,0.563829787
Meghalaya,SOUTH GARO HILLS,1998,Whole Year,Turmeric,56,280,5
Meghalaya,SOUTH GARO HILLS,1999,Kharif,Arhar/Tur,100,77,0.77
Meghalaya,SOUTH GARO HILLS,1999,Kharif,Cotton(lint),307,284,0.925081433
Meghalaya,SOUTH GARO HILLS,1999,Kharif,Dry ginger,146,711,4.869863014
Meghalaya,SOUTH GARO HILLS,1999,Kharif,Jute,376,1381,3.67287234
Meghalaya,SOUTH GARO HILLS,1999,Kharif,Maize,873,876,1.003436426
Meghalaya,SOUTH GARO HILLS,1999,Kharif,Mesta,1024,4699,4.588867188
Meghalaya,SOUTH GARO HILLS,1999,Kharif,Rice,8757,10149,1.158958547
Meghalaya,SOUTH GARO HILLS,1999,Kharif,Sesamum,169,89,0.526627219
Meghalaya,SOUTH GARO HILLS,1999,Kharif,Soyabean,8,10,1.25
Meghalaya,SOUTH GARO HILLS,1999,Rabi,Gram,23,14,0.608695652
Meghalaya,SOUTH GARO HILLS,1999,Rabi,Rapeseed &Mustard,257,180,0.700389105
Meghalaya,SOUTH GARO HILLS,1999,Rabi,Rice,273,482,1.765567766
Meghalaya,SOUTH GARO HILLS,1999,Whole Year,Arecanut,242,332,1.371900826
Meghalaya,SOUTH GARO HILLS,1999,Whole Year,Banana,268,3327,12.4141791
Meghalaya,SOUTH GARO HILLS,1999,Whole Year,Dry chillies,270,172,0.637037037
Meghalaya,SOUTH GARO HILLS,1999,Whole Year,Potato,32,250,7.8125
Meghalaya,SOUTH GARO HILLS,1999,Whole Year,Sugarcane,6,18,3
Meghalaya,SOUTH GARO HILLS,1999,Whole Year,Sweet potato,117,387,3.307692308
Meghalaya,SOUTH GARO HILLS,1999,Whole Year,Tapioca,298,1665,5.587248322
Meghalaya,SOUTH GARO HILLS,1999,Whole Year,Tobacco,92,52,0.565217391
Meghalaya,SOUTH GARO HILLS,1999,Whole Year,Turmeric,56,280,5
Meghalaya,SOUTH GARO HILLS,2000,Kharif,Arhar/Tur,100,78,0.78
Meghalaya,SOUTH GARO HILLS,2000,Kharif,Cotton(lint),240,220,0.916666667
Meghalaya,SOUTH GARO HILLS,2000,Kharif,Dry ginger,145,708,4.882758621
Meghalaya,SOUTH GARO HILLS,2000,Kharif,Jute,363,1313,3.61707989
Meghalaya,SOUTH GARO HILLS,2000,Kharif,Kapas,240,220,0.916666667
Meghalaya,SOUTH GARO HILLS,2000,Kharif,Maize,867,873,1.006920415
Meghalaya,SOUTH GARO HILLS,2000,Kharif,Mesta,1013,4680,4.61994077
Meghalaya,SOUTH GARO HILLS,2000,Kharif,Rice,8760,10123,1.155593607
Meghalaya,SOUTH GARO HILLS,2000,Kharif,Sesamum,168,86,0.511904762
Meghalaya,SOUTH GARO HILLS,2000,Kharif,Small millets,214,115,0.537383178
Meghalaya,SOUTH GARO HILLS,2000,Kharif,Soyabean,8,10,1.25
Meghalaya,SOUTH GARO HILLS,2000,Rabi,Gram,20,12,0.6
Meghalaya,SOUTH GARO HILLS,2000,Rabi,Other  Rabi pulses,201,167,0.830845771
Meghalaya,SOUTH GARO HILLS,2000,Rabi,Rapeseed &Mustard,225,155,0.688888889
Meghalaya,SOUTH GARO HILLS,2000,Rabi,Rice,264,467,1.768939394
Meghalaya,SOUTH GARO HILLS,2000,Whole Year,Arecanut,253,347,1.371541502
Meghalaya,SOUTH GARO HILLS,2000,Whole Year,Banana,272,3376,12.41176471
Meghalaya,SOUTH GARO HILLS,2000,Whole Year,Dry chillies,288,182,0.631944444
Meghalaya,SOUTH GARO HILLS,2000,Whole Year,Potato,32,250,7.8125
Meghalaya,SOUTH GARO HILLS,2000,Whole Year,Sugarcane,6,18,3
Meghalaya,SOUTH GARO HILLS,2000,Whole Year,Sweet potato,120,394,3.283333333
Meghalaya,SOUTH GARO HILLS,2000,Whole Year,Tapioca,302,1686,5.582781457
Meghalaya,SOUTH GARO HILLS,2000,Whole Year,Tobacco,114,72,0.631578947
Meghalaya,SOUTH GARO HILLS,2000,Whole Year,Turmeric,67,335,5
Meghalaya,SOUTH GARO HILLS,2001,Kharif,Arhar/Tur,96,74,0.770833333
Meghalaya,SOUTH GARO HILLS,2001,Kharif,Cotton(lint),220,201,0.913636364
Meghalaya,SOUTH GARO HILLS,2001,Kharif,Dry ginger,145,706,4.868965517
Meghalaya,SOUTH GARO HILLS,2001,Kharif,Jute,345,1261,3.655072464
Meghalaya,SOUTH GARO HILLS,2001,Kharif,Maize,870,877,1.008045977
Meghalaya,SOUTH GARO HILLS,2001,Kharif,Mesta,998,4581,4.590180361
Meghalaya,SOUTH GARO HILLS,2001,Kharif,Rice,9076,10648,1.173204055
Meghalaya,SOUTH GARO HILLS,2001,Kharif,Sesamum,165,86,0.521212121
Meghalaya,SOUTH GARO HILLS,2001,Kharif,Small millets,213,113,0.530516432
Meghalaya,SOUTH GARO HILLS,2001,Kharif,Soyabean,8,9,1.125
Meghalaya,SOUTH GARO HILLS,2001,Rabi,Gram,21,11,0.523809524
Meghalaya,SOUTH GARO HILLS,2001,Rabi,Rapeseed &Mustard,221,154,0.696832579
Meghalaya,SOUTH GARO HILLS,2001,Whole Year,Arecanut,260,356,1.369230769
Meghalaya,SOUTH GARO HILLS,2001,Whole Year,Dry chillies,290,185,0.637931034
Meghalaya,SOUTH GARO HILLS,2001,Whole Year,Potato,52,407,7.826923077
Meghalaya,SOUTH GARO HILLS,2001,Whole Year,Sugarcane,6,18,3
Meghalaya,SOUTH GARO HILLS,2001,Whole Year,Sweet potato,125,410,3.28
Meghalaya,SOUTH GARO HILLS,2001,Whole Year,Tapioca,305,1703,5.583606557
Meghalaya,SOUTH GARO HILLS,2001,Whole Year,Tobacco,114,69,0.605263158
Meghalaya,SOUTH GARO HILLS,2001,Whole Year,Turmeric,68,340,5
Meghalaya,SOUTH GARO HILLS,2002,Kharif,Arhar/Tur,93,71,0.76344086
Meghalaya,SOUTH GARO HILLS,2002,Kharif,Cotton(lint),215,196,0.911627907
Meghalaya,SOUTH GARO HILLS,2002,Kharif,Dry ginger,143,677,4.734265734
Meghalaya,SOUTH GARO HILLS,2002,Kharif,Jute,347,1260,3.631123919
Meghalaya,SOUTH GARO HILLS,2002,Kharif,Maize,874,883,1.010297483
Meghalaya,SOUTH GARO HILLS,2002,Kharif,Mesta,993,4556,4.588116818
Meghalaya,SOUTH GARO HILLS,2002,Kharif,Rice,9143,11558,1.264136498
Meghalaya,SOUTH GARO HILLS,2002,Kharif,Sesamum,163,84,0.515337423
Meghalaya,SOUTH GARO HILLS,2002,Kharif,Small millets,205,203,0.990243902
Meghalaya,SOUTH GARO HILLS,2002,Kharif,Soyabean,8,8,1
Meghalaya,SOUTH GARO HILLS,2002,Rabi,Gram,21,12,0.571428571
Meghalaya,SOUTH GARO HILLS,2002,Rabi,Other  Rabi pulses,203,154,0.75862069
Meghalaya,SOUTH GARO HILLS,2002,Rabi,Rapeseed &Mustard,219,204,0.931506849
Meghalaya,SOUTH GARO HILLS,2002,Whole Year,Banana,296,3675,12.41554054
Meghalaya,SOUTH GARO HILLS,2002,Whole Year,Cashewnut,3357,3306,0.984807864
Meghalaya,SOUTH GARO HILLS,2002,Whole Year,Citrus Fruit,387,294,0.759689922
Meghalaya,SOUTH GARO HILLS,2002,Whole Year,Dry chillies,280,175,0.625
Meghalaya,SOUTH GARO HILLS,2002,Whole Year,Papaya,37,343,9.27027027
Meghalaya,SOUTH GARO HILLS,2002,Whole Year,Pineapple,1000,8440,8.44
Meghalaya,SOUTH GARO HILLS,2002,Whole Year,Potato,49,382,7.795918367
Meghalaya,SOUTH GARO HILLS,2002,Whole Year,Sugarcane,4,12,3
Meghalaya,SOUTH GARO HILLS,2002,Whole Year,Sweet potato,122,398,3.262295082
Meghalaya,SOUTH GARO HILLS,2002,Whole Year,Tapioca,305,2066,6.773770492
Meghalaya,SOUTH GARO HILLS,2002,Whole Year,Tobacco,114,64,0.561403509
Meghalaya,SOUTH GARO HILLS,2002,Whole Year,Turmeric,67,340,5.074626866
Meghalaya,SOUTH GARO HILLS,2003,Kharif,Arhar/Tur,95,71,0.747368421
Meghalaya,SOUTH GARO HILLS,2003,Kharif,Cotton(lint),208,183,0.879807692
Meghalaya,SOUTH GARO HILLS,2003,Kharif,Dry ginger,130,632,4.861538462
Meghalaya,SOUTH GARO HILLS,2003,Kharif,Jute,339,1228,3.622418879
Meghalaya,SOUTH GARO HILLS,2003,Kharif,Maize,870,879,1.010344828
Meghalaya,SOUTH GARO HILLS,2003,Kharif,Mesta,1003,4608,4.594217348
Meghalaya,SOUTH GARO HILLS,2003,Kharif,Rice,9113,11371,1.2477779
Meghalaya,SOUTH GARO HILLS,2003,Kharif,Sesamum,158,82,0.518987342
Meghalaya,SOUTH GARO HILLS,2003,Kharif,Small millets,195,204,1.046153846
Meghalaya,SOUTH GARO HILLS,2003,Kharif,Soyabean,8,10,1.25
Meghalaya,SOUTH GARO HILLS,2003,Rabi,Gram,20,11,0.55
Meghalaya,SOUTH GARO HILLS,2003,Rabi,Other  Rabi pulses,204,155,0.759803922
Meghalaya,SOUTH GARO HILLS,2003,Rabi,Rapeseed &Mustard,219,153,0.698630137
Meghalaya,SOUTH GARO HILLS,2003,Whole Year,Arecanut,271,369,1.361623616
Meghalaya,SOUTH GARO HILLS,2003,Whole Year,Banana,324,3699,11.41666667
Meghalaya,SOUTH GARO HILLS,2003,Whole Year,Cashewnut,3375,3308,0.980148148
Meghalaya,SOUTH GARO HILLS,2003,Whole Year,Citrus Fruit,412,297,0.720873786
Meghalaya,SOUTH GARO HILLS,2003,Whole Year,Dry chillies,278,195,0.701438849
Meghalaya,SOUTH GARO HILLS,2003,Whole Year,Papaya,61,342,5.606557377
Meghalaya,SOUTH GARO HILLS,2003,Whole Year,Pineapple,1016,6443,6.341535433
Meghalaya,SOUTH GARO HILLS,2003,Whole Year,Potato,52,410,7.884615385
Meghalaya,SOUTH GARO HILLS,2003,Whole Year,Sugarcane,6,18,3
Meghalaya,SOUTH GARO HILLS,2003,Whole Year,Sweet potato,127,414,3.25984252
Meghalaya,SOUTH GARO HILLS,2003,Whole Year,Tapioca,302,1638,5.42384106
Meghalaya,SOUTH GARO HILLS,2003,Whole Year,Tobacco,114,64,0.561403509
Meghalaya,SOUTH GARO HILLS,2003,Whole Year,Turmeric,63,315,5
Meghalaya,SOUTH GARO HILLS,2004,Autumn,Rice,4892,4779,0.976901063
Meghalaya,SOUTH GARO HILLS,2004,Kharif,Arhar/Tur,93,69,0.741935484
Meghalaya,SOUTH GARO HILLS,2004,Kharif,Cotton(lint),195,176,0.902564103
Meghalaya,SOUTH GARO HILLS,2004,Kharif,Dry ginger,156,751,4.814102564
Meghalaya,SOUTH GARO HILLS,2004,Kharif,Jute,327,948,2.899082569
Meghalaya,SOUTH GARO HILLS,2004,Kharif,Maize,855,846,0.989473684
Meghalaya,SOUTH GARO HILLS,2004,Kharif,Mesta,732,3318,4.532786885
Meghalaya,SOUTH GARO HILLS,2004,Kharif,Sesamum,163,84,0.515337423
Meghalaya,SOUTH GARO HILLS,2004,Kharif,Small millets,197,198,1.005076142
Meghalaya,SOUTH GARO HILLS,2004,Kharif,Soyabean,8,8,1
Meghalaya,SOUTH GARO HILLS,2004,Kharif,Sweet potato,134,437,3.26119403
Meghalaya,SOUTH GARO HILLS,2004,Rabi,Gram,20,10,0.5
Meghalaya,SOUTH GARO HILLS,2004,Rabi,Other  Rabi pulses,200,141,0.705
Meghalaya,SOUTH GARO HILLS,2004,Rabi,Rapeseed &Mustard,219,157,0.716894977
Meghalaya,SOUTH GARO HILLS,2004,Summer,Rice,241,433,1.796680498
Meghalaya,SOUTH GARO HILLS,2004,Whole Year,Arecanut,273,293,1.073260073
Meghalaya,SOUTH GARO HILLS,2004,Whole Year,Banana,348,3699,10.62931034
Meghalaya,SOUTH GARO HILLS,2004,Whole Year,Black pepper,42,34,0.80952381
Meghalaya,SOUTH GARO HILLS,2004,Whole Year,Coriander,14,75,5.357142857
Meghalaya,SOUTH GARO HILLS,2004,Whole Year,Dry chillies,276,162,0.586956522
Meghalaya,SOUTH GARO HILLS,2004,Whole Year,Garlic,19,29,1.526315789
Meghalaya,SOUTH GARO HILLS,2004,Whole Year,Potato,49,367,7.489795918
Meghalaya,SOUTH GARO HILLS,2004,Whole Year,Sugarcane,6,18,3
Meghalaya,SOUTH GARO HILLS,2004,Whole Year,Sweet potato,134,437,3.26119403
Meghalaya,SOUTH GARO HILLS,2004,Whole Year,Tapioca,291,1599,5.494845361
Meghalaya,SOUTH GARO HILLS,2004,Whole Year,Tobacco,118,69,0.584745763
Meghalaya,SOUTH GARO HILLS,2004,Whole Year,Turmeric,87,317,3.643678161
Meghalaya,SOUTH GARO HILLS,2004,Winter,Rice,3325,5089,1.530526316
Meghalaya,SOUTH GARO HILLS,2005,Autumn,Rice,4886,6186,1.266066312
Meghalaya,SOUTH GARO HILLS,2005,Kharif,Arhar/Tur,93,68,0.731182796
Meghalaya,SOUTH GARO HILLS,2005,Kharif,Cotton(lint),193,174,0.901554404
Meghalaya,SOUTH GARO HILLS,2005,Kharif,Dry ginger,225,1084,4.817777778
Meghalaya,SOUTH GARO HILLS,2005,Kharif,Jute,328,1177,3.588414634
Meghalaya,SOUTH GARO HILLS,2005,Kharif,Maize,842,855,1.01543943
Meghalaya,SOUTH GARO HILLS,2005,Kharif,Mesta,989,4505,4.555106168
Meghalaya,SOUTH GARO HILLS,2005,Kharif,Sesamum,156,80,0.512820513
Meghalaya,SOUTH GARO HILLS,2005,Kharif,Small millets,196,197,1.005102041
Meghalaya,SOUTH GARO HILLS,2005,Rabi,Gram,18,10,0.555555556
Meghalaya,SOUTH GARO HILLS,2005,Rabi,Other  Rabi pulses,195,138,0.707692308
Meghalaya,SOUTH GARO HILLS,2005,Rabi,Rapeseed &Mustard,211,126,0.597156398
Meghalaya,SOUTH GARO HILLS,2005,Summer,Rice,236,419,1.775423729
Meghalaya,SOUTH GARO HILLS,2005,Whole Year,Arecanut,278,381,1.370503597
Meghalaya,SOUTH GARO HILLS,2005,Whole Year,Banana,376,3996,10.62765957
Meghalaya,SOUTH GARO HILLS,2005,Whole Year,Dry chillies,271,167,0.616236162
Meghalaya,SOUTH GARO HILLS,2005,Whole Year,Potato,48,365,7.604166667
Meghalaya,SOUTH GARO HILLS,2005,Whole Year,Sugarcane,6,19,3.166666667
Meghalaya,SOUTH GARO HILLS,2005,Whole Year,Sweet potato,133,449,3.37593985
Meghalaya,SOUTH GARO HILLS,2005,Whole Year,Tapioca,296,1646,5.560810811
Meghalaya,SOUTH GARO HILLS,2005,Whole Year,Tobacco,113,63,0.557522124
Meghalaya,SOUTH GARO HILLS,2005,Whole Year,Turmeric,67,335,5
Meghalaya,SOUTH GARO HILLS,2005,Winter,Rice,3330,5252,1.577177177
Meghalaya,SOUTH GARO HILLS,2006,Autumn,Rice,4887,7726,1.580928995
Meghalaya,SOUTH GARO HILLS,2006,Kharif,Banana,380,4038,10.62631579
Meghalaya,SOUTH GARO HILLS,2006,Kharif,Dry ginger,228,1101,4.828947368
Meghalaya,SOUTH GARO HILLS,2006,Kharif,Maize,942,1120,1.18895966
Meghalaya,SOUTH GARO HILLS,2006,Kharif,Mesta,982,4473,4.554989817
Meghalaya,SOUTH GARO HILLS,2006,Kharif,Soyabean,8,10,1.25
Meghalaya,SOUTH GARO HILLS,2006,Kharif,Tapioca,287,1596,5.56097561
Meghalaya,SOUTH GARO HILLS,2006,Rabi,Arecanut,284,390,1.373239437
Meghalaya,SOUTH GARO HILLS,2006,Rabi,Cotton(lint),189,172,0.91005291
Meghalaya,SOUTH GARO HILLS,2006,Rabi,Dry chillies,268,166,0.619402985
Meghalaya,SOUTH GARO HILLS,2006,Rabi,Gram,18,10,0.555555556
Meghalaya,SOUTH GARO HILLS,2006,Rabi,Jute,314,1127,3.589171975
Meghalaya,SOUTH GARO HILLS,2006,Rabi,Other  Rabi pulses,195,140,0.717948718
Meghalaya,SOUTH GARO HILLS,2006,Rabi,Potato,51,382,7.490196078
Meghalaya,SOUTH GARO HILLS,2006,Rabi,Rapeseed &Mustard,212,127,0.599056604
Meghalaya,SOUTH GARO HILLS,2006,Rabi,Rice,235,262,1.114893617
Meghalaya,SOUTH GARO HILLS,2006,Rabi,Sesamum,155,80,0.516129032
Meghalaya,SOUTH GARO HILLS,2006,Rabi,Small millets,193,194,1.005181347
Meghalaya,SOUTH GARO HILLS,2006,Rabi,Sweet potato,133,448,3.368421053
Meghalaya,SOUTH GARO HILLS,2006,Rabi,Tobacco,110,61,0.554545455
Meghalaya,SOUTH GARO HILLS,2006,Rabi,Turmeric,67,337,5.029850746
Meghalaya,SOUTH GARO HILLS,2006,Whole Year,Sugarcane,6,19,3.166666667
Meghalaya,SOUTH GARO HILLS,2006,Winter,Rice,3332,5078,1.524009604
Meghalaya,SOUTH GARO HILLS,2007,Autumn,Rice,4853,4994,1.029054193
Meghalaya,SOUTH GARO HILLS,2007,Kharif,Arhar/Tur,91,67,0.736263736
Meghalaya,SOUTH GARO HILLS,2007,Kharif,Cotton(lint),189,170,0.899470899
Meghalaya,SOUTH GARO HILLS,2007,Kharif,Jute,314,1127,3.589171975
Meghalaya,SOUTH GARO HILLS,2007,Kharif,Maize,948,1015,1.070675105
Meghalaya,SOUTH GARO HILLS,2007,Kharif,Mesta,972,4428,4.555555556
Meghalaya,SOUTH GARO HILLS,2007,Kharif,Sesamum,155,78,0.503225806
Meghalaya,SOUTH GARO HILLS,2007,Kharif,Small millets,195,238,1.220512821
Meghalaya,SOUTH GARO HILLS,2007,Rabi,Gram,19,10,0.526315789
Meghalaya,SOUTH GARO HILLS,2007,Rabi,Other  Rabi pulses,195,138,0.707692308
Meghalaya,SOUTH GARO HILLS,2007,Rabi,Rapeseed &Mustard,212,110,0.518867925
Meghalaya,SOUTH GARO HILLS,2007,Summer,Rice,253,332,1.312252964
Meghalaya,SOUTH GARO HILLS,2007,Whole Year,Sugarcane,6,19,3.166666667
Meghalaya,SOUTH GARO HILLS,2007,Whole Year,Tobacco,105,58,0.552380952
Meghalaya,SOUTH GARO HILLS,2007,Winter,Rice,3335,5052,1.514842579
Meghalaya,SOUTH GARO HILLS,2008,Autumn,Rice,4850,5020,1.035051546
Meghalaya,SOUTH GARO HILLS,2008,Kharif,Arhar/Tur,88,65,0.738636364
Meghalaya,SOUTH GARO HILLS,2008,Kharif,Cotton(lint),185,169,0.913513514
Meghalaya,SOUTH GARO HILLS,2008,Kharif,Dry ginger,247,1190,4.817813765
Meghalaya,SOUTH GARO HILLS,2008,Kharif,Jute,310,1443,4.65483871
Meghalaya,SOUTH GARO HILLS,2008,Kharif,Maize,946,1018,1.076109937
Meghalaya,SOUTH GARO HILLS,2008,Kharif,Mesta,818,3726,4.555012225
Meghalaya,SOUTH GARO HILLS,2008,Kharif,Sesamum,153,76,0.496732026
Meghalaya,SOUTH GARO HILLS,2008,Kharif,Small millets,188,226,1.20212766
Meghalaya,SOUTH GARO HILLS,2008,Kharif,Soyabean,7,10,1.428571429
Meghalaya,SOUTH GARO HILLS,2008,Rabi,Black pepper,43,22,0.511627907
Meghalaya,SOUTH GARO HILLS,2008,Rabi,Gram,18,11,0.611111111
Meghalaya,SOUTH GARO HILLS,2008,Rabi,Other  Rabi pulses,189,132,0.698412698
Meghalaya,SOUTH GARO HILLS,2008,Rabi,Rapeseed &Mustard,214,111,0.518691589
Meghalaya,SOUTH GARO HILLS,2008,Summer,Rice,250,357,1.428
Meghalaya,SOUTH GARO HILLS,2008,Whole Year,Arecanut,300,410,1.366666667
Meghalaya,SOUTH GARO HILLS,2008,Whole Year,Banana,380,4020,10.57894737
Meghalaya,SOUTH GARO HILLS,2008,Whole Year,Dry chillies,268,164,0.611940299
Meghalaya,SOUTH GARO HILLS,2008,Whole Year,Potato,56,419,7.482142857
Meghalaya,SOUTH GARO HILLS,2008,Whole Year,Sugarcane,5,15,3
Meghalaya,SOUTH GARO HILLS,2008,Whole Year,Sweet potato,131,436,3.328244275
Meghalaya,SOUTH GARO HILLS,2008,Whole Year,Tapioca,281,1563,5.56227758
Meghalaya,SOUTH GARO HILLS,2008,Whole Year,Tobacco,105,56,0.533333333
Meghalaya,SOUTH GARO HILLS,2008,Whole Year,Turmeric,70,355,5.071428571
Meghalaya,SOUTH GARO HILLS,2008,Winter,Rice,3337,5342,1.600839077
Meghalaya,SOUTH GARO HILLS,2009,Autumn,Rice,4834,5032,1.040959868
Meghalaya,SOUTH GARO HILLS,2009,Kharif,Arhar/Tur,92,67,0.72826087
Meghalaya,SOUTH GARO HILLS,2009,Kharif,Banana,375,3677,9.805333333
Meghalaya,SOUTH GARO HILLS,2009,Kharif,Cotton(lint),187,167,0.893048128
Meghalaya,SOUTH GARO HILLS,2009,Kharif,Dry ginger,245,1181,4.820408163
Meghalaya,SOUTH GARO HILLS,2009,Kharif,Jute,306,1424,4.653594771
Meghalaya,SOUTH GARO HILLS,2009,Kharif,Maize,951,1036,1.0893796
Meghalaya,SOUTH GARO HILLS,2009,Kharif,Mesta,816,3722,4.56127451
Meghalaya,SOUTH GARO HILLS,2009,Kharif,Sesamum,153,78,0.509803922
Meghalaya,SOUTH GARO HILLS,2009,Kharif,Small millets,192,180,0.9375
Meghalaya,SOUTH GARO HILLS,2009,Kharif,Sweet potato,133,449,3.37593985
Meghalaya,SOUTH GARO HILLS,2009,Kharif,Tapioca,280,1557,5.560714286
Meghalaya,SOUTH GARO HILLS,2009,Rabi,Gram,19,10,0.526315789
Meghalaya,SOUTH GARO HILLS,2009,Rabi,Masoor,13,14,1.076923077
Meghalaya,SOUTH GARO HILLS,2009,Rabi,Other  Rabi pulses,143,44,0.307692308
Meghalaya,SOUTH GARO HILLS,2009,Rabi,Peas & beans (Pulses),39,80,2.051282051
Meghalaya,SOUTH GARO HILLS,2009,Rabi,Rapeseed &Mustard,208,123,0.591346154
Meghalaya,SOUTH GARO HILLS,2009,Rabi,Tobacco,104,56,0.538461538
Meghalaya,SOUTH GARO HILLS,2009,Summer,Rice,261,362,1.38697318
Meghalaya,SOUTH GARO HILLS,2009,Whole Year,Arecanut,320,439,1.371875
Meghalaya,SOUTH GARO HILLS,2009,Whole Year,Black pepper,44,21,0.477272727
Meghalaya,SOUTH GARO HILLS,2009,Whole Year,Potato,58,434,7.482758621
Meghalaya,SOUTH GARO HILLS,2009,Whole Year,Sugarcane,6,18,3
Meghalaya,SOUTH GARO HILLS,2009,Winter,Rice,3338,5381,1.61204314
Meghalaya,SOUTH GARO HILLS,2010,Autumn,Rice,4830,5635,1.166666667
Meghalaya,SOUTH GARO HILLS,2010,Kharif,Arhar/Tur,93,68,0.731182796
Meghalaya,SOUTH GARO HILLS,2010,Kharif,Banana,376,3713,9.875
Meghalaya,SOUTH GARO HILLS,2010,Kharif,Cotton(lint),185,165,0.891891892
Meghalaya,SOUTH GARO HILLS,2010,Kharif,Dry ginger,248,926,3.733870968
Meghalaya,SOUTH GARO HILLS,2010,Kharif,Jute,307,1347,4.38762215
Meghalaya,SOUTH GARO HILLS,2010,Kharif,Maize,955,1017,1.064921466
Meghalaya,SOUTH GARO HILLS,2010,Kharif,Mesta,812,3695,4.550492611
Meghalaya,SOUTH GARO HILLS,2010,Kharif,Sesamum,150,77,0.513333333
Meghalaya,SOUTH GARO HILLS,2010,Kharif,Soyabean,11,12,1.090909091
Meghalaya,SOUTH GARO HILLS,2010,Kharif,Sweet potato,134,452,3.373134328
Meghalaya,SOUTH GARO HILLS,2010,Kharif,Tapioca,277,1541,5.563176895
Meghalaya,SOUTH GARO HILLS,2010,Rabi,Gram,20,10,0.5
Meghalaya,SOUTH GARO HILLS,2010,Rabi,Masoor,12,13,1.083333333
Meghalaya,SOUTH GARO HILLS,2010,Rabi,Other  Rabi pulses,145,46,0.317241379
Meghalaya,SOUTH GARO HILLS,2010,Rabi,Peas & beans (Pulses),42,83,1.976190476
Meghalaya,SOUTH GARO HILLS,2010,Rabi,Rapeseed &Mustard,205,116,0.565853659
Meghalaya,SOUTH GARO HILLS,2010,Rabi,Rice,267,369,1.382022472
Meghalaya,SOUTH GARO HILLS,2010,Rabi,Small millets,184,183,0.994565217
Meghalaya,SOUTH GARO HILLS,2010,Rabi,Tobacco,102,55,0.539215686
Meghalaya,SOUTH GARO HILLS,2010,Whole Year,Arecanut,326,446,1.36809816
Meghalaya,SOUTH GARO HILLS,2010,Whole Year,Black pepper,45,22,0.488888889
Meghalaya,SOUTH GARO HILLS,2010,Whole Year,Cashewnut,3692,3581,0.969934995
Meghalaya,SOUTH GARO HILLS,2010,Whole Year,Dry chillies,261,160,0.61302682
Meghalaya,SOUTH GARO HILLS,2010,Whole Year,Potato,60,426,7.1
Meghalaya,SOUTH GARO HILLS,2010,Whole Year,Sugarcane,6,18,3
Meghalaya,SOUTH GARO HILLS,2010,Whole Year,Turmeric,76,383,5.039473684
Meghalaya,SOUTH GARO HILLS,2010,Winter,Rice,3341,5473,1.638132296
Meghalaya,SOUTH GARO HILLS,2011,Autumn,Rice,4828,5808,1.202982601
Meghalaya,SOUTH GARO HILLS,2011,Kharif,Arhar/Tur,94,69,0.734042553
Meghalaya,SOUTH GARO HILLS,2011,Kharif,Banana,378,3776,9.989417989
Meghalaya,SOUTH GARO HILLS,2011,Kharif,Cotton(lint),190,179,0.942105263
Meghalaya,SOUTH GARO HILLS,2011,Kharif,Dry ginger,250,946,3.784
Meghalaya,SOUTH GARO HILLS,2011,Kharif,Jute,309,1490,4.822006472
Meghalaya,SOUTH GARO HILLS,2011,Kharif,Maize,956,1019,1.065899582
Meghalaya,SOUTH GARO HILLS,2011,Kharif,Mesta,813,3740,4.600246002
Meghalaya,SOUTH GARO HILLS,2011,Kharif,Sesamum,152,79,0.519736842
Meghalaya,SOUTH GARO HILLS,2011,Kharif,Soyabean,12,15,1.25
Meghalaya,SOUTH GARO HILLS,2011,Kharif,Sweet potato,135,456,3.377777778
Meghalaya,SOUTH GARO HILLS,2011,Kharif,Tapioca,280,1557,5.560714286
Meghalaya,SOUTH GARO HILLS,2011,Rabi,Gram,23,12,0.52173913
Meghalaya,SOUTH GARO HILLS,2011,Rabi,Masoor,12,13,1.083333333
Meghalaya,SOUTH GARO HILLS,2011,Rabi,Other  Rabi pulses,146,47,0.321917808
Meghalaya,SOUTH GARO HILLS,2011,Rabi,Peas & beans (Pulses),38,78,2.052631579
Meghalaya,SOUTH GARO HILLS,2011,Rabi,Rapeseed &Mustard,206,117,0.567961165
Meghalaya,SOUTH GARO HILLS,2011,Rabi,Rice,264,292,1.106060606
Meghalaya,SOUTH GARO HILLS,2011,Rabi,Small millets,188,190,1.010638298
Meghalaya,SOUTH GARO HILLS,2011,Rabi,Tobacco,103,56,0.54368932
Meghalaya,SOUTH GARO HILLS,2011,Whole Year,Arecanut,332,475,1.430722892
Meghalaya,SOUTH GARO HILLS,2011,Whole Year,Black pepper,46,23,0.5
Meghalaya,SOUTH GARO HILLS,2011,Whole Year,Cashewnut,3692,3607,0.976977248
Meghalaya,SOUTH GARO HILLS,2011,Whole Year,Dry chillies,263,163,0.619771863
Meghalaya,SOUTH GARO HILLS,2011,Whole Year,Potato,63,449,7.126984127
Meghalaya,SOUTH GARO HILLS,2011,Whole Year,Sugarcane,7,22,3.142857143
Meghalaya,SOUTH GARO HILLS,2011,Whole Year,Turmeric,79,399,5.050632911
Meghalaya,SOUTH GARO HILLS,2011,Winter,Rice,3340,6319,1.891916168
Meghalaya,SOUTH GARO HILLS,2012,Autumn,Rice,4889,9076,1.856412354
Meghalaya,SOUTH GARO HILLS,2012,Kharif,Arhar/Tur,134,100,0.746268657
Meghalaya,SOUTH GARO HILLS,2012,Kharif,Banana,381,3869,10.15485564
Meghalaya,SOUTH GARO HILLS,2012,Kharif,Cotton(lint),201,238,1.184079602
Meghalaya,SOUTH GARO HILLS,2012,Kharif,Dry ginger,254,966,3.803149606
Meghalaya,SOUTH GARO HILLS,2012,Kharif,Jute,488,2455,5.030737705
Meghalaya,SOUTH GARO HILLS,2012,Kharif,Mesta,875,5216,5.961142857
Meghalaya,SOUTH GARO HILLS,2012,Kharif,Sesamum,210,169,0.804761905
Meghalaya,SOUTH GARO HILLS,2012,Kharif,Soyabean,14,28,2
Meghalaya,SOUTH GARO HILLS,2012,Kharif,Sweet potato,143,497,3.475524476
Meghalaya,SOUTH GARO HILLS,2012,Kharif,Tapioca,308,2087,6.775974026
Meghalaya,SOUTH GARO HILLS,2012,Rabi,Gram,68,67,0.985294118
Meghalaya,SOUTH GARO HILLS,2012,Rabi,Peas & beans (Pulses),96,310,3.229166667
Meghalaya,SOUTH GARO HILLS,2012,Rabi,Rapeseed &Mustard,283,232,0.819787986
Meghalaya,SOUTH GARO HILLS,2012,Rabi,Rice,267,294,1.101123596
Meghalaya,SOUTH GARO HILLS,2012,Rabi,Small millets,230,265,1.152173913
Meghalaya,SOUTH GARO HILLS,2012,Rabi,Tobacco,125,99,0.792
Meghalaya,SOUTH GARO HILLS,2012,Whole Year,Arecanut,344,507,1.473837209
Meghalaya,SOUTH GARO HILLS,2012,Whole Year,Black pepper,48,31,0.645833333
Meghalaya,SOUTH GARO HILLS,2012,Whole Year,Cashewnut,3840,3847,1.001822917
Meghalaya,SOUTH GARO HILLS,2012,Whole Year,Dry chillies,282,183,0.64893617
Meghalaya,SOUTH GARO HILLS,2012,Whole Year,Maize,999,1648,1.64964965
Meghalaya,SOUTH GARO HILLS,2012,Whole Year,Potato,64,464,7.25
Meghalaya,SOUTH GARO HILLS,2012,Whole Year,Sugarcane,8,28,3.5
Meghalaya,SOUTH GARO HILLS,2012,Whole Year,Turmeric,87,492,5.655172414
Meghalaya,SOUTH GARO HILLS,2012,Winter,Rice,3343,6802,2.034699372
Meghalaya,SOUTH GARO HILLS,2013,Autumn,Rice,4897,9797,2.00061262
Meghalaya,SOUTH GARO HILLS,2013,Kharif,Arhar/Tur,135,102,0.755555556
Meghalaya,SOUTH GARO HILLS,2013,Kharif,Banana,383,3950,10.31331593
Meghalaya,SOUTH GARO HILLS,2013,Kharif,Cotton(lint),202,245,1.212871287
Meghalaya,SOUTH GARO HILLS,2013,Kharif,Dry ginger,259,997,3.849420849
Meghalaya,SOUTH GARO HILLS,2013,Kharif,Jute,498,2523,5.06626506
Meghalaya,SOUTH GARO HILLS,2013,Kharif,Mesta,883,5287,5.987542469
Meghalaya,SOUTH GARO HILLS,2013,Kharif,Sesamum,211,182,0.862559242
Meghalaya,SOUTH GARO HILLS,2013,Kharif,Soyabean,15,31,2.066666667
Meghalaya,SOUTH GARO HILLS,2013,Kharif,Sweet potato,144,514,3.569444444
Meghalaya,SOUTH GARO HILLS,2013,Kharif,Tapioca,327,2241,6.853211009
Meghalaya,SOUTH GARO HILLS,2013,Rabi,Cowpea(Lobia),323,275,0.851393189
Meghalaya,SOUTH GARO HILLS,2013,Rabi,Gram,69,70,1.014492754
Meghalaya,SOUTH GARO HILLS,2013,Rabi,Masoor,32,46,1.4375
Meghalaya,SOUTH GARO HILLS,2013,Rabi,Peas & beans (Pulses),98,320,3.265306122
Meghalaya,SOUTH GARO HILLS,2013,Rabi,Rapeseed &Mustard,284,237,0.834507042
Meghalaya,SOUTH GARO HILLS,2013,Rabi,Small millets,232,274,1.181034483
Meghalaya,SOUTH GARO HILLS,2013,Rabi,Tobacco,126,101,0.801587302
Meghalaya,SOUTH GARO HILLS,2013,Whole Year,Arecanut,357,543,1.521008403
Meghalaya,SOUTH GARO HILLS,2013,Whole Year,Black pepper,49,32,0.653061224
Meghalaya,SOUTH GARO HILLS,2013,Whole Year,Cashewnut,3991,4117,1.031571035
Meghalaya,SOUTH GARO HILLS,2013,Whole Year,Dry chillies,304,205,0.674342105
Meghalaya,SOUTH GARO HILLS,2013,Whole Year,Maize,1000,1685,1.685
Meghalaya,SOUTH GARO HILLS,2013,Whole Year,Potato,65,482,7.415384615
Meghalaya,SOUTH GARO HILLS,2013,Whole Year,Sugarcane,9,32,3.555555556
Meghalaya,SOUTH GARO HILLS,2013,Whole Year,Turmeric,97,584,6.020618557
Meghalaya,SOUTH GARO HILLS,2013,Winter,Rice,3346,7303,2.182606097
Meghalaya,SOUTH GARO HILLS,2014,Autumn,Rice,4905,10543,2.149439348
Meghalaya,SOUTH GARO HILLS,2014,Kharif,Arhar/Tur,136,105,0.772058824
Meghalaya,SOUTH GARO HILLS,2014,Kharif,Banana,386,4005,10.37564767
Meghalaya,SOUTH GARO HILLS,2014,Kharif,Cotton(lint),203,258,1.270935961
Meghalaya,SOUTH GARO HILLS,2014,Kharif,Dry ginger,260,1014,3.9
Meghalaya,SOUTH GARO HILLS,2014,Kharif,Jute,508,2605,5.127952756
Meghalaya,SOUTH GARO HILLS,2014,Kharif,Mesta,887,5308,5.98421646
Meghalaya,SOUTH GARO HILLS,2014,Kharif,Sesamum,215,187,0.869767442
Meghalaya,SOUTH GARO HILLS,2014,Kharif,Soyabean,16,34,2.125
Meghalaya,SOUTH GARO HILLS,2014,Kharif,Sweet potato,146,519,3.554794521
Meghalaya,SOUTH GARO HILLS,2014,Kharif,Tapioca,332,2296,6.915662651
Meghalaya,SOUTH GARO HILLS,2014,Rabi,Cowpea(Lobia),325,299,0.92
Meghalaya,SOUTH GARO HILLS,2014,Rabi,Gram,70,74,1.057142857
Meghalaya,SOUTH GARO HILLS,2014,Rabi,Masoor,34,51,1.5
Meghalaya,SOUTH GARO HILLS,2014,Rabi,Peas & beans (Pulses),100,331,3.31
Meghalaya,SOUTH GARO HILLS,2014,Rabi,Rapeseed &Mustard,285,243,0.852631579
Meghalaya,SOUTH GARO HILLS,2014,Rabi,Small millets,237,289,1.219409283
Meghalaya,SOUTH GARO HILLS,2014,Rabi,Tobacco,120,113,0.941666667
Meghalaya,SOUTH GARO HILLS,2014,Summer,Potato,3,21,7
Meghalaya,SOUTH GARO HILLS,2014,Whole Year,Arecanut,380,684,1.8
Meghalaya,SOUTH GARO HILLS,2014,Whole Year,Black pepper,50,33,0.66
Meghalaya,SOUTH GARO HILLS,2014,Whole Year,Cashewnut,4007,4193,1.046418767
Meghalaya,SOUTH GARO HILLS,2014,Whole Year,Dry chillies,308,214,0.694805195
Meghalaya,SOUTH GARO HILLS,2014,Whole Year,Maize,1001,1730,1.728271728
Meghalaya,SOUTH GARO HILLS,2014,Whole Year,Sugarcane,10,37,3.7
Meghalaya,SOUTH GARO HILLS,2014,Whole Year,Turmeric,101,617,6.108910891
Meghalaya,SOUTH GARO HILLS,2014,Winter,Potato,61,453,7.426229508
Meghalaya,SOUTH GARO HILLS,2014,Winter,Rice,3349,7832,2.33860854
Meghalaya,SOUTH WEST GARO HILLS,2013,Kharif,Arhar/Tur,315,439,1.393650794
Meghalaya,SOUTH WEST GARO HILLS,2013,Kharif,Banana,423,5223,12.34751773
Meghalaya,SOUTH WEST GARO HILLS,2013,Kharif,Castor seed,19,14,0.736842105
Meghalaya,SOUTH WEST GARO HILLS,2013,Kharif,Cotton(lint),441,565,1.281179138
Meghalaya,SOUTH WEST GARO HILLS,2013,Kharif,Dry ginger,183,5329,29.12021858
Meghalaya,SOUTH WEST GARO HILLS,2013,Kharif,Jute,1708,18047,10.56615925
Meghalaya,SOUTH WEST GARO HILLS,2013,Kharif,Mesta,1299,7785,5.993071594
Meghalaya,SOUTH WEST GARO HILLS,2013,Kharif,Sesamum,441,422,0.9569161
Meghalaya,SOUTH WEST GARO HILLS,2013,Kharif,Soyabean,84,496,5.904761905
Meghalaya,SOUTH WEST GARO HILLS,2013,Kharif,Sweet potato,191,695,3.638743455
Meghalaya,SOUTH WEST GARO HILLS,2013,Kharif,Tapioca,387,2402,6.206718346
Meghalaya,SOUTH WEST GARO HILLS,2013,Rabi,Cowpea(Lobia),148,224,1.513513514
Meghalaya,SOUTH WEST GARO HILLS,2013,Rabi,Gram,276,312,1.130434783
Meghalaya,SOUTH WEST GARO HILLS,2013,Rabi,Linseed,13,7,0.538461538
Meghalaya,SOUTH WEST GARO HILLS,2013,Rabi,Masoor,447,425,0.950782998
Meghalaya,SOUTH WEST GARO HILLS,2013,Rabi,Peas & beans (Pulses),295,373,1.26440678
Meghalaya,SOUTH WEST GARO HILLS,2013,Rabi,Rapeseed &Mustard,2738,2621,0.957268079
Meghalaya,SOUTH WEST GARO HILLS,2013,Rabi,Small millets,232,152,0.655172414
Meghalaya,SOUTH WEST GARO HILLS,2013,Rabi,Tobacco,152,150,0.986842105
Meghalaya,SOUTH WEST GARO HILLS,2013,Rabi,Wheat,189,370,1.957671958
Meghalaya,SOUTH WEST GARO HILLS,2013,Whole Year,Arecanut,1373,2650,1.930080117
Meghalaya,SOUTH WEST GARO HILLS,2013,Whole Year,Black pepper,58,33,0.568965517
Meghalaya,SOUTH WEST GARO HILLS,2013,Whole Year,Cashewnut,1482,3758,2.535762483
Meghalaya,SOUTH WEST GARO HILLS,2013,Whole Year,Dry chillies,173,121,0.699421965
Meghalaya,SOUTH WEST GARO HILLS,2013,Whole Year,Maize,1489,3533,2.372733378
Meghalaya,SOUTH WEST GARO HILLS,2013,Whole Year,Potato,225,2048,9.102222222
Meghalaya,SOUTH WEST GARO HILLS,2013,Whole Year,Sugarcane,11,40,3.636363636
Meghalaya,SOUTH WEST GARO HILLS,2013,Whole Year,Turmeric,117,693,5.923076923
Meghalaya,SOUTH WEST GARO HILLS,2014,Autumn,Rice,5414,12334,2.278167713
Meghalaya,SOUTH WEST GARO HILLS,2014,Kharif,Arhar/Tur,316,444,1.405063291
Meghalaya,SOUTH WEST GARO HILLS,2014,Kharif,Banana,427,5284,12.37470726
Meghalaya,SOUTH WEST GARO HILLS,2014,Kharif,Castor seed,20,16,0.8
Meghalaya,SOUTH WEST GARO HILLS,2014,Kharif,Cotton(lint),448,625,1.395089286
Meghalaya,SOUTH WEST GARO HILLS,2014,Kharif,Dry ginger,185,4780,25.83783784
Meghalaya,SOUTH WEST GARO HILLS,2014,Kharif,Jute,1738,18520,10.65592635
Meghalaya,SOUTH WEST GARO HILLS,2014,Kharif,Mesta,1311,7905,6.029748284
Meghalaya,SOUTH WEST GARO HILLS,2014,Kharif,Sesamum,442,433,0.979638009
Meghalaya,SOUTH WEST GARO HILLS,2014,Kharif,Soyabean,87,529,6.08045977
Meghalaya,SOUTH WEST GARO HILLS,2014,Kharif,Sweet potato,193,701,3.632124352
Meghalaya,SOUTH WEST GARO HILLS,2014,Kharif,Tapioca,392,2462,6.280612245
Meghalaya,SOUTH WEST GARO HILLS,2014,Rabi,Cowpea(Lobia),149,227,1.523489933
Meghalaya,SOUTH WEST GARO HILLS,2014,Rabi,Gram,277,322,1.162454874
Meghalaya,SOUTH WEST GARO HILLS,2014,Rabi,Linseed,13,7,0.538461538
Meghalaya,SOUTH WEST GARO HILLS,2014,Rabi,Masoor,448,432,0.964285714
Meghalaya,SOUTH WEST GARO HILLS,2014,Rabi,Peas & beans (Pulses),303,409,1.349834983
Meghalaya,SOUTH WEST GARO HILLS,2014,Rabi,Rapeseed &Mustard,2743,2651,0.96646008
Meghalaya,SOUTH WEST GARO HILLS,2014,Rabi,Small millets,233,157,0.673819742
Meghalaya,SOUTH WEST GARO HILLS,2014,Rabi,Tobacco,153,154,1.006535948
Meghalaya,SOUTH WEST GARO HILLS,2014,Rabi,Wheat,197,396,2.010152284
Meghalaya,SOUTH WEST GARO HILLS,2014,Summer,Potato,11,95,8.636363636
Meghalaya,SOUTH WEST GARO HILLS,2014,Whole Year,Arecanut,1385,2682,1.936462094
Meghalaya,SOUTH WEST GARO HILLS,2014,Whole Year,Black pepper,59,34,0.576271186
Meghalaya,SOUTH WEST GARO HILLS,2014,Whole Year,Cashewnut,1493,3798,2.5438714
Meghalaya,SOUTH WEST GARO HILLS,2014,Whole Year,Dry chillies,178,131,0.735955056
Meghalaya,SOUTH WEST GARO HILLS,2014,Whole Year,Maize,1489,3575,2.400940228
Meghalaya,SOUTH WEST GARO HILLS,2014,Whole Year,Sugarcane,12,43,3.583333333
Meghalaya,SOUTH WEST GARO HILLS,2014,Whole Year,Turmeric,126,748,5.936507937
Meghalaya,SOUTH WEST GARO HILLS,2014,Winter,Potato,216,1984,9.185185185
Meghalaya,SOUTH WEST GARO HILLS,2014,Winter,Rice,7380,21175,2.869241192
Meghalaya,SOUTH WEST KHASI HILLS,2013,Kharif,Banana,277,1467,5.296028881
Meghalaya,SOUTH WEST KHASI HILLS,2013,Kharif,Dry ginger,58,543,9.362068966
Meghalaya,SOUTH WEST KHASI HILLS,2013,Kharif,Sesamum,6,8,1.333333333
Meghalaya,SOUTH WEST KHASI HILLS,2013,Kharif,Soyabean,5,7,1.4
Meghalaya,SOUTH WEST KHASI HILLS,2013,Kharif,Sweet potato,289,904,3.128027682
Meghalaya,SOUTH WEST KHASI HILLS,2013,Kharif,Tapioca,269,1687,6.271375465
Meghalaya,SOUTH WEST KHASI HILLS,2013,Rabi,Cowpea(Lobia),3,7,2.333333333
Meghalaya,SOUTH WEST KHASI HILLS,2013,Rabi,Peas & beans (Pulses),6,11,1.833333333
Meghalaya,SOUTH WEST KHASI HILLS,2013,Rabi,Rapeseed &Mustard,5,6,1.2
Meghalaya,SOUTH WEST KHASI HILLS,2013,Rabi,Small millets,37,43,1.162162162
Meghalaya,SOUTH WEST KHASI HILLS,2013,Whole Year,Arecanut,556,568,1.021582734
Meghalaya,SOUTH WEST KHASI HILLS,2013,Whole Year,Black pepper,84,72,0.857142857
Meghalaya,SOUTH WEST KHASI HILLS,2013,Whole Year,Dry chillies,20,23,1.15
Meghalaya,SOUTH WEST KHASI HILLS,2013,Whole Year,Maize,1362,2211,1.623348018
Meghalaya,SOUTH WEST KHASI HILLS,2013,Whole Year,Potato,2000,25521,12.7605
Meghalaya,SOUTH WEST KHASI HILLS,2013,Whole Year,Turmeric,48,211,4.395833333
Meghalaya,SOUTH WEST KHASI HILLS,2014,Autumn,Rice,62,138,2.225806452
Meghalaya,SOUTH WEST KHASI HILLS,2014,Kharif,Banana,278,1475,5.305755396
Meghalaya,SOUTH WEST KHASI HILLS,2014,Kharif,Dry ginger,61,571,9.360655738
Meghalaya,SOUTH WEST KHASI HILLS,2014,Kharif,Sesamum,6,9,1.5
Meghalaya,SOUTH WEST KHASI HILLS,2014,Kharif,Soyabean,5,7,1.4
Meghalaya,SOUTH WEST KHASI HILLS,2014,Kharif,Sweet potato,294,964,3.278911565
Meghalaya,SOUTH WEST KHASI HILLS,2014,Kharif,Tapioca,271,1737,6.409594096
Meghalaya,SOUTH WEST KHASI HILLS,2014,Rabi,Cowpea(Lobia),3,8,2.666666667
Meghalaya,SOUTH WEST KHASI HILLS,2014,Rabi,Peas & beans (Pulses),6,13,2.166666667
Meghalaya,SOUTH WEST KHASI HILLS,2014,Rabi,Rapeseed &Mustard,5,5,1
Meghalaya,SOUTH WEST KHASI HILLS,2014,Rabi,Small millets,37,47,1.27027027
Meghalaya,SOUTH WEST KHASI HILLS,2014,Summer,Potato,1402,20320,14.4935806
Meghalaya,SOUTH WEST KHASI HILLS,2014,Whole Year,Arecanut,573,602,1.05061082
Meghalaya,SOUTH WEST KHASI HILLS,2014,Whole Year,Black pepper,85,74,0.870588235
Meghalaya,SOUTH WEST KHASI HILLS,2014,Whole Year,Dry chillies,21,25,1.19047619
Meghalaya,SOUTH WEST KHASI HILLS,2014,Whole Year,Maize,1362,2247,1.649779736
Meghalaya,SOUTH WEST KHASI HILLS,2014,Whole Year,Turmeric,48,213,4.4375
Meghalaya,SOUTH WEST KHASI HILLS,2014,Winter,Potato,601,5401,8.986688852
Meghalaya,SOUTH WEST KHASI HILLS,2014,Winter,Rice,1722,3105,1.803135889
Meghalaya,WEST GARO HILLS,1997,Kharif,Arhar/Tur,656,512,0.780487805
Meghalaya,WEST GARO HILLS,1997,Kharif,Cotton(lint),4503,3331,0.73972907
Meghalaya,WEST GARO HILLS,1997,Kharif,Dry ginger,2325,10781,4.636989247
Meghalaya,WEST GARO HILLS,1997,Kharif,Jute,3551,28783,8.105604055
Meghalaya,WEST GARO HILLS,1997,Kharif,Linseed,50,22,0.44
Meghalaya,WEST GARO HILLS,1997,Kharif,Maize,3985,5656,1.419322459
Meghalaya,WEST GARO HILLS,1997,Kharif,Mesta,3385,15496,4.577843427
Meghalaya,WEST GARO HILLS,1997,Kharif,Rice,35922,55206,1.536829798
Meghalaya,WEST GARO HILLS,1997,Kharif,Sesamum,773,409,0.529107374
Meghalaya,WEST GARO HILLS,1997,Kharif,Small millets,1047,552,0.52722063
Meghalaya,WEST GARO HILLS,1997,Kharif,Soyabean,117,80,0.683760684
Meghalaya,WEST GARO HILLS,1997,Rabi,Castor seed,19,10,0.526315789
Meghalaya,WEST GARO HILLS,1997,Rabi,Gram,165,104,0.63030303
Meghalaya,WEST GARO HILLS,1997,Rabi,Other  Rabi pulses,1160,959,0.826724138
Meghalaya,WEST GARO HILLS,1997,Rabi,Pulses total,1981,1575,0.795053004
Meghalaya,WEST GARO HILLS,1997,Rabi,Rapeseed &Mustard,5766,3850,0.667707249
Meghalaya,WEST GARO HILLS,1997,Rabi,Tobacco,355,258,0.726760563
Meghalaya,WEST GARO HILLS,1997,Rabi,Wheat,4215,6811,1.615895611
Meghalaya,WEST GARO HILLS,1997,Whole Year,Arecanut,2406,3370,1.400665004
Meghalaya,WEST GARO HILLS,1997,Whole Year,Banana,1510,18776,12.43443709
Meghalaya,WEST GARO HILLS,1997,Whole Year,Dry chillies,882,548,0.621315193
Meghalaya,WEST GARO HILLS,1997,Whole Year,Potato,386,2945,7.629533679
Meghalaya,WEST GARO HILLS,1997,Whole Year,Sugarcane,41,128,3.12195122
Meghalaya,WEST GARO HILLS,1997,Whole Year,Sweet potato,471,1566,3.324840764
Meghalaya,WEST GARO HILLS,1997,Whole Year,Tapioca,1128,6280,5.567375887
Meghalaya,WEST GARO HILLS,1997,Whole Year,Turmeric,313,1565,5
Meghalaya,WEST GARO HILLS,1998,Kharif,Arhar/Tur,657,512,0.779299848
Meghalaya,WEST GARO HILLS,1998,Kharif,Cotton(lint),4501,3328,0.739391246
Meghalaya,WEST GARO HILLS,1998,Kharif,Dry ginger,2330,10802,4.636051502
Meghalaya,WEST GARO HILLS,1998,Kharif,Jute,3551,21390,6.023655308
Meghalaya,WEST GARO HILLS,1998,Kharif,Linseed,51,23,0.450980392
Meghalaya,WEST GARO HILLS,1998,Kharif,Maize,3990,5664,1.419548872
Meghalaya,WEST GARO HILLS,1998,Kharif,Mesta,3384,15407,4.552895981
Meghalaya,WEST GARO HILLS,1998,Kharif,Rice,36062,41856,1.160667739
Meghalaya,WEST GARO HILLS,1998,Kharif,Sesamum,773,408,0.527813713
Meghalaya,WEST GARO HILLS,1998,Kharif,Small millets,1045,551,0.527272727
Meghalaya,WEST GARO HILLS,1998,Kharif,Soyabean,115,80,0.695652174
Meghalaya,WEST GARO HILLS,1998,Rabi,Gram,183,115,0.628415301
Meghalaya,WEST GARO HILLS,1998,Rabi,Other  Rabi pulses,1163,963,0.828030954
Meghalaya,WEST GARO HILLS,1998,Rabi,Pulses total,2003,1590,0.793809286
Meghalaya,WEST GARO HILLS,1998,Rabi,Rapeseed &Mustard,5766,3886,0.673950746
Meghalaya,WEST GARO HILLS,1998,Rabi,Wheat,4215,6884,1.633214709
Meghalaya,WEST GARO HILLS,1998,Whole Year,Arecanut,2424,3396,1.400990099
Meghalaya,WEST GARO HILLS,1998,Whole Year,Banana,1513,18815,12.43555849
Meghalaya,WEST GARO HILLS,1998,Whole Year,Dry chillies,882,550,0.623582766
Meghalaya,WEST GARO HILLS,1998,Whole Year,Potato,393,3076,7.82697201
Meghalaya,WEST GARO HILLS,1998,Whole Year,Sugarcane,41,128,3.12195122
Meghalaya,WEST GARO HILLS,1998,Whole Year,Sweet potato,475,1579,3.324210526
Meghalaya,WEST GARO HILLS,1998,Whole Year,Tapioca,1130,6291,5.567256637
Meghalaya,WEST GARO HILLS,1998,Whole Year,Tobacco,355,259,0.729577465
Meghalaya,WEST GARO HILLS,1998,Whole Year,Turmeric,316,1580,5
Meghalaya,WEST GARO HILLS,1999,Kharif,Arhar/Tur,661,476,0.720121029
Meghalaya,WEST GARO HILLS,1999,Kharif,Castor seed,19,10,0.526315789
Meghalaya,WEST GARO HILLS,1999,Kharif,Cotton(lint),4418,3274,0.741059303
Meghalaya,WEST GARO HILLS,1999,Kharif,Dry ginger,2381,11112,4.666946661
Meghalaya,WEST GARO HILLS,1999,Kharif,Jute,3547,27647,7.794474204
Meghalaya,WEST GARO HILLS,1999,Kharif,Maize,4034,5763,1.428606842
Meghalaya,WEST GARO HILLS,1999,Kharif,Mesta,3163,14128,4.46664559
Meghalaya,WEST GARO HILLS,1999,Kharif,Rice,34053,45253,1.328899069
Meghalaya,WEST GARO HILLS,1999,Kharif,Sesamum,762,402,0.527559055
Meghalaya,WEST GARO HILLS,1999,Kharif,Soyabean,109,77,0.706422018
Meghalaya,WEST GARO HILLS,1999,Rabi,Gram,184,117,0.635869565
Meghalaya,WEST GARO HILLS,1999,Rabi,Rapeseed &Mustard,5770,3893,0.674696707
Meghalaya,WEST GARO HILLS,1999,Rabi,Rice,3299,12725,3.857229463
Meghalaya,WEST GARO HILLS,1999,Whole Year,Arecanut,2424,3384,1.396039604
Meghalaya,WEST GARO HILLS,1999,Whole Year,Banana,1553,18735,12.06374759
Meghalaya,WEST GARO HILLS,1999,Whole Year,Dry chillies,883,550,0.622876557
Meghalaya,WEST GARO HILLS,1999,Whole Year,Potato,404,3088,7.643564356
Meghalaya,WEST GARO HILLS,1999,Whole Year,Sugarcane,38,118,3.105263158
Meghalaya,WEST GARO HILLS,1999,Whole Year,Sweet potato,478,1590,3.326359833
Meghalaya,WEST GARO HILLS,1999,Whole Year,Tapioca,1144,6300,5.506993007
Meghalaya,WEST GARO HILLS,1999,Whole Year,Tobacco,333,236,0.708708709
Meghalaya,WEST GARO HILLS,1999,Whole Year,Turmeric,316,1580,5
Meghalaya,WEST GARO HILLS,2000,Kharif,Arhar/Tur,654,471,0.720183486
Meghalaya,WEST GARO HILLS,2000,Kharif,Castor seed,15,8,0.533333333
Meghalaya,WEST GARO HILLS,2000,Kharif,Cotton(lint),4366,3958,0.906550618
Meghalaya,WEST GARO HILLS,2000,Kharif,Dry ginger,2381,11111,4.666526669
Meghalaya,WEST GARO HILLS,2000,Kharif,Jute,3542,31724,8.956521739
Meghalaya,WEST GARO HILLS,2000,Kharif,Kapas,4366,3958,0.906550618
Meghalaya,WEST GARO HILLS,2000,Kharif,Maize,4227,6159,1.457061746
Meghalaya,WEST GARO HILLS,2000,Kharif,Mesta,3362,15484,4.60559191
Meghalaya,WEST GARO HILLS,2000,Kharif,Rice,34044,46916,1.378098931
Meghalaya,WEST GARO HILLS,2000,Kharif,Sesamum,774,409,0.528423773
Meghalaya,WEST GARO HILLS,2000,Kharif,Small millets,1044,549,0.525862069
Meghalaya,WEST GARO HILLS,2000,Kharif,Soyabean,109,77,0.706422018
Meghalaya,WEST GARO HILLS,2000,Rabi,Gram,185,119,0.643243243
Meghalaya,WEST GARO HILLS,2000,Rabi,Linseed,54,24,0.444444444
Meghalaya,WEST GARO HILLS,2000,Rabi,Other  Rabi pulses,1256,1039,0.827229299
Meghalaya,WEST GARO HILLS,2000,Rabi,Rapeseed &Mustard,5881,3966,0.674375106
Meghalaya,WEST GARO HILLS,2000,Rabi,Rice,3377,12007,3.555522653
Meghalaya,WEST GARO HILLS,2000,Rabi,Wheat,4149,6816,1.642805495
Meghalaya,WEST GARO HILLS,2000,Whole Year,Arecanut,2672,3964,1.483532934
Meghalaya,WEST GARO HILLS,2000,Whole Year,Banana,1562,17285,11.0659411
Meghalaya,WEST GARO HILLS,2000,Whole Year,Dry chillies,883,551,0.62400906
Meghalaya,WEST GARO HILLS,2000,Whole Year,Potato,414,3160,7.632850242
Meghalaya,WEST GARO HILLS,2000,Whole Year,Sugarcane,39,124,3.179487179
Meghalaya,WEST GARO HILLS,2000,Whole Year,Sweet potato,479,1594,3.32776618
Meghalaya,WEST GARO HILLS,2000,Whole Year,Tapioca,1226,6785,5.534257749
Meghalaya,WEST GARO HILLS,2000,Whole Year,Tobacco,290,201,0.693103448
Meghalaya,WEST GARO HILLS,2000,Whole Year,Turmeric,337,1671,4.958456973
Meghalaya,WEST GARO HILLS,2001,Kharif,Arhar/Tur,612,464,0.758169935
Meghalaya,WEST GARO HILLS,2001,Kharif,Castor seed,16,9,0.5625
Meghalaya,WEST GARO HILLS,2001,Kharif,Cotton(lint),4373,4139,0.946489824
Meghalaya,WEST GARO HILLS,2001,Kharif,Dry ginger,2391,1190,0.497699707
Meghalaya,WEST GARO HILLS,2001,Kharif,Jute,3401,21003,6.175536607
Meghalaya,WEST GARO HILLS,2001,Kharif,Maize,4232,6213,1.468100189
Meghalaya,WEST GARO HILLS,2001,Kharif,Mesta,3296,18767,5.693871359
Meghalaya,WEST GARO HILLS,2001,Kharif,Rice,38611,68044,1.762295719
Meghalaya,WEST GARO HILLS,2001,Kharif,Sesamum,789,417,0.52851711
Meghalaya,WEST GARO HILLS,2001,Kharif,Small millets,1058,557,0.526465028
Meghalaya,WEST GARO HILLS,2001,Kharif,Soyabean,109,78,0.71559633
Meghalaya,WEST GARO HILLS,2001,Rabi,Gram,218,137,0.628440367
Meghalaya,WEST GARO HILLS,2001,Rabi,Rapeseed &Mustard,5908,3981,0.673832092
Meghalaya,WEST GARO HILLS,2001,Rabi,Wheat,2688,4737,1.762276786
Meghalaya,WEST GARO HILLS,2001,Whole Year,Arecanut,2687,3973,1.47860067
Meghalaya,WEST GARO HILLS,2001,Whole Year,Dry chillies,885,552,0.623728814
Meghalaya,WEST GARO HILLS,2001,Whole Year,Potato,422,3209,7.604265403
Meghalaya,WEST GARO HILLS,2001,Whole Year,Sugarcane,38,118,3.105263158
Meghalaya,WEST GARO HILLS,2001,Whole Year,Sweet potato,486,1613,3.318930041
Meghalaya,WEST GARO HILLS,2001,Whole Year,Tapioca,1111,5522,4.97029703
Meghalaya,WEST GARO HILLS,2001,Whole Year,Tobacco,332,234,0.704819277
Meghalaya,WEST GARO HILLS,2001,Whole Year,Turmeric,337,1671,4.958456973
Meghalaya,WEST GARO HILLS,2002,Kharif,Arhar/Tur,612,472,0.77124183
Meghalaya,WEST GARO HILLS,2002,Kharif,Castor seed,16,9,0.5625
Meghalaya,WEST GARO HILLS,2002,Kharif,Cotton(lint),4373,4111,0.940086897
Meghalaya,WEST GARO HILLS,2002,Kharif,Dry ginger,2391,11194,4.681723128
Meghalaya,WEST GARO HILLS,2002,Kharif,Jute,3424,32075,9.367698598
Meghalaya,WEST GARO HILLS,2002,Kharif,Maize,4341,6368,1.466943101
Meghalaya,WEST GARO HILLS,2002,Kharif,Mesta,3296,14922,4.527305825
Meghalaya,WEST GARO HILLS,2002,Kharif,Rice,38760,69324,1.788544892
Meghalaya,WEST GARO HILLS,2002,Kharif,Sesamum,1095,585,0.534246575
Meghalaya,WEST GARO HILLS,2002,Kharif,Small millets,1061,579,0.545711593
Meghalaya,WEST GARO HILLS,2002,Kharif,Soyabean,112,82,0.732142857
Meghalaya,WEST GARO HILLS,2002,Rabi,Gram,220,139,0.631818182
Meghalaya,WEST GARO HILLS,2002,Rabi,Other  Rabi pulses,1284,1065,0.829439252
Meghalaya,WEST GARO HILLS,2002,Rabi,Rapeseed &Mustard,5908,3955,0.66943128
Meghalaya,WEST GARO HILLS,2002,Rabi,Wheat,2653,4675,1.76215605
Meghalaya,WEST GARO HILLS,2002,Whole Year,Banana,1541,18740,12.16093446
Meghalaya,WEST GARO HILLS,2002,Whole Year,Cashewnut,3188,3322,1.042032622
Meghalaya,WEST GARO HILLS,2002,Whole Year,Citrus Fruit,912,2129,2.334429825
Meghalaya,WEST GARO HILLS,2002,Whole Year,Dry chillies,880,548,0.622727273
Meghalaya,WEST GARO HILLS,2002,Whole Year,Papaya,99,898,9.070707071
Meghalaya,WEST GARO HILLS,2002,Whole Year,Pineapple,2423,20135,8.309946348
Meghalaya,WEST GARO HILLS,2002,Whole Year,Potato,423,3228,7.631205674
Meghalaya,WEST GARO HILLS,2002,Whole Year,Sugarcane,40,124,3.1
Meghalaya,WEST GARO HILLS,2002,Whole Year,Sweet potato,482,1600,3.319502075
Meghalaya,WEST GARO HILLS,2002,Whole Year,Tapioca,1103,5480,4.968268359
Meghalaya,WEST GARO HILLS,2002,Whole Year,Tobacco,332,233,0.701807229
Meghalaya,WEST GARO HILLS,2002,Whole Year,Turmeric,341,1691,4.958944282
Meghalaya,WEST GARO HILLS,2003,Kharif,Arhar/Tur,612,473,0.772875817
Meghalaya,WEST GARO HILLS,2003,Kharif,Castor seed,17,10,0.588235294
Meghalaya,WEST GARO HILLS,2003,Kharif,Cotton(lint),4368,4108,0.94047619
Meghalaya,WEST GARO HILLS,2003,Kharif,Dry ginger,2381,13374,5.616967661
Meghalaya,WEST GARO HILLS,2003,Kharif,Jute,3456,32473,9.396122685
Meghalaya,WEST GARO HILLS,2003,Kharif,Maize,4323,6562,1.517927365
Meghalaya,WEST GARO HILLS,2003,Kharif,Mesta,3299,14932,4.526220067
Meghalaya,WEST GARO HILLS,2003,Kharif,Rice,40746,78003,1.914371963
Meghalaya,WEST GARO HILLS,2003,Kharif,Sesamum,1101,588,0.534059946
Meghalaya,WEST GARO HILLS,2003,Kharif,Small millets,1053,576,0.547008547
Meghalaya,WEST GARO HILLS,2003,Kharif,Soyabean,111,81,0.72972973
Meghalaya,WEST GARO HILLS,2003,Rabi,Gram,248,160,0.64516129
Meghalaya,WEST GARO HILLS,2003,Rabi,Other  Rabi pulses,1295,1074,0.829343629
Meghalaya,WEST GARO HILLS,2003,Rabi,Rapeseed &Mustard,5937,3978,0.670035371
Meghalaya,WEST GARO HILLS,2003,Rabi,Wheat,802,1471,1.834164589
Meghalaya,WEST GARO HILLS,2003,Whole Year,Arecanut,2724,4032,1.480176211
Meghalaya,WEST GARO HILLS,2003,Whole Year,Banana,1579,18872,11.95186827
Meghalaya,WEST GARO HILLS,2003,Whole Year,Cashewnut,3199,3348,1.046577055
Meghalaya,WEST GARO HILLS,2003,Whole Year,Citrus Fruit,936,2565,2.740384615
Meghalaya,WEST GARO HILLS,2003,Whole Year,Dry chillies,884,550,0.622171946
Meghalaya,WEST GARO HILLS,2003,Whole Year,Papaya,106,928,8.754716981
Meghalaya,WEST GARO HILLS,2003,Whole Year,Pineapple,2448,20195,8.249591503
Meghalaya,WEST GARO HILLS,2003,Whole Year,Potato,437,3330,7.6201373
Meghalaya,WEST GARO HILLS,2003,Whole Year,Sugarcane,41,128,3.12195122
Meghalaya,WEST GARO HILLS,2003,Whole Year,Sweet potato,487,1618,3.32238193
Meghalaya,WEST GARO HILLS,2003,Whole Year,Tapioca,1102,5486,4.978221416
Meghalaya,WEST GARO HILLS,2003,Whole Year,Tobacco,343,241,0.702623907
Meghalaya,WEST GARO HILLS,2003,Whole Year,Turmeric,347,1722,4.962536023
Meghalaya,WEST GARO HILLS,2004,Autumn,Rice,16417,17899,1.090272279
Meghalaya,WEST GARO HILLS,2004,Kharif,Arhar/Tur,612,475,0.776143791
Meghalaya,WEST GARO HILLS,2004,Kharif,Castor seed,19,11,0.578947368
Meghalaya,WEST GARO HILLS,2004,Kharif,Cotton(lint),4362,4129,0.946584136
Meghalaya,WEST GARO HILLS,2004,Kharif,Dry ginger,2414,11300,4.681027341
Meghalaya,WEST GARO HILLS,2004,Kharif,Jute,3456,17700,5.121527778
Meghalaya,WEST GARO HILLS,2004,Kharif,Maize,4325,6568,1.518612717
Meghalaya,WEST GARO HILLS,2004,Kharif,Mesta,3300,14955,4.531818182
Meghalaya,WEST GARO HILLS,2004,Kharif,Sesamum,1111,592,0.532853285
Meghalaya,WEST GARO HILLS,2004,Kharif,Small millets,1054,572,0.542694497
Meghalaya,WEST GARO HILLS,2004,Kharif,Soyabean,119,87,0.731092437
Meghalaya,WEST GARO HILLS,2004,Kharif,Sweet potato,502,1669,3.324701195
Meghalaya,WEST GARO HILLS,2004,Rabi,Gram,264,174,0.659090909
Meghalaya,WEST GARO HILLS,2004,Rabi,Linseed,75,35,0.466666667
Meghalaya,WEST GARO HILLS,2004,Rabi,Other  Rabi pulses,1302,1085,0.833333333
Meghalaya,WEST GARO HILLS,2004,Rabi,Rapeseed &Mustard,5957,4084,0.68557999
Meghalaya,WEST GARO HILLS,2004,Rabi,Wheat,798,1494,1.872180451
Meghalaya,WEST GARO HILLS,2004,Summer,Rice,8701,36482,4.192851396
Meghalaya,WEST GARO HILLS,2004,Whole Year,Arecanut,2736,3995,1.460160819
Meghalaya,WEST GARO HILLS,2004,Whole Year,Banana,1646,19266,11.70473876
Meghalaya,WEST GARO HILLS,2004,Whole Year,Black pepper,338,154,0.455621302
Meghalaya,WEST GARO HILLS,2004,Whole Year,Coriander,17,120,7.058823529
Meghalaya,WEST GARO HILLS,2004,Whole Year,Dry chillies,888,549,0.618243243
Meghalaya,WEST GARO HILLS,2004,Whole Year,Garlic,218,943,4.325688073
Meghalaya,WEST GARO HILLS,2004,Whole Year,Potato,441,3380,7.664399093
Meghalaya,WEST GARO HILLS,2004,Whole Year,Sugarcane,45,139,3.088888889
Meghalaya,WEST GARO HILLS,2004,Whole Year,Sweet potato,502,1669,3.324701195
Meghalaya,WEST GARO HILLS,2004,Whole Year,Tapioca,1109,5538,4.993688007
Meghalaya,WEST GARO HILLS,2004,Whole Year,Tobacco,343,240,0.699708455
Meghalaya,WEST GARO HILLS,2004,Whole Year,Turmeric,353,1752,4.963172805
Meghalaya,WEST GARO HILLS,2004,Winter,Rice,17554,21141,1.204340891
Meghalaya,WEST GARO HILLS,2005,Autumn,Rice,16422,18884,1.149920838
Meghalaya,WEST GARO HILLS,2005,Kharif,Arhar/Tur,615,481,0.782113821
Meghalaya,WEST GARO HILLS,2005,Kharif,Castor seed,19,11,0.578947368
Meghalaya,WEST GARO HILLS,2005,Kharif,Cotton(lint),4378,4123,0.941754226
Meghalaya,WEST GARO HILLS,2005,Kharif,Dry ginger,2512,11764,4.683121019
Meghalaya,WEST GARO HILLS,2005,Kharif,Jute,3456,32371,9.366608796
Meghalaya,WEST GARO HILLS,2005,Kharif,Maize,4319,6599,1.527899977
Meghalaya,WEST GARO HILLS,2005,Kharif,Mesta,3303,15049,4.556161066
Meghalaya,WEST GARO HILLS,2005,Kharif,Sesamum,1119,599,0.535299374
Meghalaya,WEST GARO HILLS,2005,Kharif,Small millets,1056,581,0.550189394
Meghalaya,WEST GARO HILLS,2005,Rabi,Gram,271,179,0.660516605
Meghalaya,WEST GARO HILLS,2005,Rabi,Linseed,78,37,0.474358974
Meghalaya,WEST GARO HILLS,2005,Rabi,Other  Rabi pulses,1333,1113,0.83495874
Meghalaya,WEST GARO HILLS,2005,Rabi,Rapeseed &Mustard,5942,4094,0.688993605
Meghalaya,WEST GARO HILLS,2005,Rabi,Wheat,605,1130,1.867768595
Meghalaya,WEST GARO HILLS,2005,Summer,Rice,9312,39082,4.196950172
Meghalaya,WEST GARO HILLS,2005,Whole Year,Arecanut,2767,4992,1.804119986
Meghalaya,WEST GARO HILLS,2005,Whole Year,Banana,1681,20068,11.93813206
Meghalaya,WEST GARO HILLS,2005,Whole Year,Dry chillies,895,559,0.624581006
Meghalaya,WEST GARO HILLS,2005,Whole Year,Potato,452,3465,7.665929204
Meghalaya,WEST GARO HILLS,2005,Whole Year,Sugarcane,41,128,3.12195122
Meghalaya,WEST GARO HILLS,2005,Whole Year,Sweet potato,506,1670,3.300395257
Meghalaya,WEST GARO HILLS,2005,Whole Year,Tapioca,1108,5561,5.018953069
Meghalaya,WEST GARO HILLS,2005,Whole Year,Tobacco,345,244,0.707246377
Meghalaya,WEST GARO HILLS,2005,Whole Year,Turmeric,358,1779,4.969273743
Meghalaya,WEST GARO HILLS,2005,Winter,Rice,17554,32273,1.838498348
Meghalaya,WEST GARO HILLS,2006,Autumn,Rice,16426,19645,1.195969804
Meghalaya,WEST GARO HILLS,2006,Kharif,Banana,1675,20467,12.21910448
Meghalaya,WEST GARO HILLS,2006,Kharif,Dry ginger,2518,12995,5.160841938
Meghalaya,WEST GARO HILLS,2006,Kharif,Maize,4341,6707,1.545035706
Meghalaya,WEST GARO HILLS,2006,Kharif,Mesta,3303,15063,4.560399637
Meghalaya,WEST GARO HILLS,2006,Kharif,Soyabean,125,90,0.72
Meghalaya,WEST GARO HILLS,2006,Kharif,Tapioca,1118,5623,5.029516995
Meghalaya,WEST GARO HILLS,2006,Rabi,Arecanut,3276,5850,1.785714286
Meghalaya,WEST GARO HILLS,2006,Rabi,Castor seed,19,11,0.578947368
Meghalaya,WEST GARO HILLS,2006,Rabi,Cotton(lint),4379,4126,0.942224252
Meghalaya,WEST GARO HILLS,2006,Rabi,Dry chillies,904,565,0.625
Meghalaya,WEST GARO HILLS,2006,Rabi,Gram,279,183,0.655913978
Meghalaya,WEST GARO HILLS,2006,Rabi,Jute,3436,32408,9.431897555
Meghalaya,WEST GARO HILLS,2006,Rabi,Linseed,82,39,0.475609756
Meghalaya,WEST GARO HILLS,2006,Rabi,Other  Rabi pulses,1345,1125,0.836431227
Meghalaya,WEST GARO HILLS,2006,Rabi,Potato,450,3434,7.631111111
Meghalaya,WEST GARO HILLS,2006,Rabi,Rapeseed &Mustard,6003,4142,0.689988339
Meghalaya,WEST GARO HILLS,2006,Rabi,Rice,9339,39202,4.197665703
Meghalaya,WEST GARO HILLS,2006,Rabi,Sesamum,1128,606,0.537234043
Meghalaya,WEST GARO HILLS,2006,Rabi,Small millets,1056,561,0.53125
Meghalaya,WEST GARO HILLS,2006,Rabi,Sweet potato,507,1672,3.297830375
Meghalaya,WEST GARO HILLS,2006,Rabi,Tobacco,341,240,0.703812317
Meghalaya,WEST GARO HILLS,2006,Rabi,Turmeric,377,1973,5.233421751
Meghalaya,WEST GARO HILLS,2006,Rabi,Wheat,600,1122,1.87
Meghalaya,WEST GARO HILLS,2006,Whole Year,Sugarcane,42,131,3.119047619
Meghalaya,WEST GARO HILLS,2006,Winter,Rice,17205,31175,1.811973264
Meghalaya,WEST GARO HILLS,2007,Autumn,Rice,16469,19634,1.192179246
Meghalaya,WEST GARO HILLS,2007,Kharif,Arhar/Tur,622,489,0.786173633
Meghalaya,WEST GARO HILLS,2007,Kharif,Castor seed,20,11,0.55
Meghalaya,WEST GARO HILLS,2007,Kharif,Cotton(lint),4379,4128,0.942680977
Meghalaya,WEST GARO HILLS,2007,Kharif,Jute,3456,32397,9.374131944
Meghalaya,WEST GARO HILLS,2007,Kharif,Maize,4428,7095,1.602303523
Meghalaya,WEST GARO HILLS,2007,Kharif,Mesta,3288,14979,4.555656934
Meghalaya,WEST GARO HILLS,2007,Kharif,Sesamum,1129,607,0.537643933
Meghalaya,WEST GARO HILLS,2007,Kharif,Small millets,1059,562,0.53068933
Meghalaya,WEST GARO HILLS,2007,Rabi,Gram,281,184,0.65480427
Meghalaya,WEST GARO HILLS,2007,Rabi,Linseed,82,39,0.475609756
Meghalaya,WEST GARO HILLS,2007,Rabi,Other  Rabi pulses,1361,1140,0.837619398
Meghalaya,WEST GARO HILLS,2007,Rabi,Rapeseed &Mustard,6007,4149,0.69069419
Meghalaya,WEST GARO HILLS,2007,Rabi,Wheat,567,1060,1.869488536
Meghalaya,WEST GARO HILLS,2007,Summer,Rice,11005,47312,4.299136756
Meghalaya,WEST GARO HILLS,2007,Whole Year,Sugarcane,42,131,3.119047619
Meghalaya,WEST GARO HILLS,2007,Whole Year,Tobacco,340,239,0.702941176
Meghalaya,WEST GARO HILLS,2007,Winter,Rice,17581,31149,1.771742222
Meghalaya,WEST GARO HILLS,2008,Autumn,Rice,16455,20441,1.242236402
Meghalaya,WEST GARO HILLS,2008,Kharif,Arhar/Tur,622,490,0.78778135
Meghalaya,WEST GARO HILLS,2008,Kharif,Castor seed,18,10,0.555555556
Meghalaya,WEST GARO HILLS,2008,Kharif,Cotton(lint),4382,3581,0.817206755
Meghalaya,WEST GARO HILLS,2008,Kharif,Dry ginger,2447,11476,4.689824275
Meghalaya,WEST GARO HILLS,2008,Kharif,Jute,3433,32122,9.35683076
Meghalaya,WEST GARO HILLS,2008,Kharif,Maize,4428,7055,1.593270099
Meghalaya,WEST GARO HILLS,2008,Kharif,Mesta,3288,15000,4.562043796
Meghalaya,WEST GARO HILLS,2008,Kharif,Sesamum,1116,600,0.537634409
Meghalaya,WEST GARO HILLS,2008,Kharif,Small millets,1044,550,0.526819923
Meghalaya,WEST GARO HILLS,2008,Kharif,Soyabean,134,100,0.746268657
Meghalaya,WEST GARO HILLS,2008,Rabi,Black pepper,336,151,0.449404762
Meghalaya,WEST GARO HILLS,2008,Rabi,Gram,286,188,0.657342657
Meghalaya,WEST GARO HILLS,2008,Rabi,Linseed,90,43,0.477777778
Meghalaya,WEST GARO HILLS,2008,Rabi,Other  Rabi pulses,1367,1145,0.837600585
Meghalaya,WEST GARO HILLS,2008,Rabi,Rapeseed &Mustard,5982,4122,0.689067202
Meghalaya,WEST GARO HILLS,2008,Rabi,Wheat,360,678,1.883333333
Meghalaya,WEST GARO HILLS,2008,Summer,Rice,11971,45214,3.776960989
Meghalaya,WEST GARO HILLS,2008,Whole Year,Arecanut,3685,6847,1.85807327
Meghalaya,WEST GARO HILLS,2008,Whole Year,Banana,1769,22632,12.79366874
Meghalaya,WEST GARO HILLS,2008,Whole Year,Dry chillies,918,586,0.638344227
Meghalaya,WEST GARO HILLS,2008,Whole Year,Potato,532,4145,7.791353383
Meghalaya,WEST GARO HILLS,2008,Whole Year,Sugarcane,40,125,3.125
Meghalaya,WEST GARO HILLS,2008,Whole Year,Sweet potato,512,1705,3.330078125
Meghalaya,WEST GARO HILLS,2008,Whole Year,Tapioca,1140,5737,5.03245614
Meghalaya,WEST GARO HILLS,2008,Whole Year,Tobacco,334,222,0.664670659
Meghalaya,WEST GARO HILLS,2008,Whole Year,Turmeric,381,1904,4.997375328
Meghalaya,WEST GARO HILLS,2008,Winter,Rice,18100,33666,1.86
Meghalaya,WEST GARO HILLS,2009,Autumn,Rice,16440,20484,1.245985401
Meghalaya,WEST GARO HILLS,2009,Kharif,Arhar/Tur,616,482,0.782467532
Meghalaya,WEST GARO HILLS,2009,Kharif,Banana,1871,22845,12.2100481
Meghalaya,WEST GARO HILLS,2009,Kharif,Castor seed,18,10,0.555555556
Meghalaya,WEST GARO HILLS,2009,Kharif,Cotton(lint),4164,3456,0.829971182
Meghalaya,WEST GARO HILLS,2009,Kharif,Dry ginger,2471,14625,5.918656414
Meghalaya,WEST GARO HILLS,2009,Kharif,Jute,3412,32030,9.387456038
Meghalaya,WEST GARO HILLS,2009,Kharif,Maize,4446,7022,1.579397211
Meghalaya,WEST GARO HILLS,2009,Kharif,Mesta,3271,14363,4.391011923
Meghalaya,WEST GARO HILLS,2009,Kharif,Sesamum,1106,592,0.535262206
Meghalaya,WEST GARO HILLS,2009,Kharif,Small millets,1046,555,0.530592734
Meghalaya,WEST GARO HILLS,2009,Kharif,Sweet potato,506,1683,3.326086957
Meghalaya,WEST GARO HILLS,2009,Kharif,Tapioca,1167,5053,4.329905741
Meghalaya,WEST GARO HILLS,2009,Rabi,Gram,312,207,0.663461538
Meghalaya,WEST GARO HILLS,2009,Rabi,Linseed,77,36,0.467532468
Meghalaya,WEST GARO HILLS,2009,Rabi,Masoor,299,250,0.836120401
Meghalaya,WEST GARO HILLS,2009,Rabi,Other  Rabi pulses,586,488,0.832764505
Meghalaya,WEST GARO HILLS,2009,Rabi,Peas & beans (Pulses),465,386,0.830107527
Meghalaya,WEST GARO HILLS,2009,Rabi,Rapeseed &Mustard,5975,4124,0.690209205
Meghalaya,WEST GARO HILLS,2009,Rabi,Tobacco,318,220,0.691823899
Meghalaya,WEST GARO HILLS,2009,Rabi,Wheat,348,655,1.882183908
Meghalaya,WEST GARO HILLS,2009,Summer,Rice,12021,45583,3.791947425
Meghalaya,WEST GARO HILLS,2009,Whole Year,Arecanut,4573,8747,1.912748743
Meghalaya,WEST GARO HILLS,2009,Whole Year,Black pepper,336,148,0.44047619
Meghalaya,WEST GARO HILLS,2009,Whole Year,Potato,535,4055,7.579439252
Meghalaya,WEST GARO HILLS,2009,Whole Year,Sugarcane,28,87,3.107142857
Meghalaya,WEST GARO HILLS,2009,Winter,Rice,18153,33553,1.848344626
Meghalaya,WEST GARO HILLS,2010,Autumn,Rice,16478,20515,1.244993324
Meghalaya,WEST GARO HILLS,2010,Kharif,Arhar/Tur,608,476,0.782894737
Meghalaya,WEST GARO HILLS,2010,Kharif,Banana,1881,22981,12.21743753
Meghalaya,WEST GARO HILLS,2010,Kharif,Castor seed,16,8,0.5
Meghalaya,WEST GARO HILLS,2010,Kharif,Cotton(lint),4125,3666,0.888727273
Meghalaya,WEST GARO HILLS,2010,Kharif,Dry ginger,2467,14141,5.732063235
Meghalaya,WEST GARO HILLS,2010,Kharif,Jute,3379,31764,9.400414324
Meghalaya,WEST GARO HILLS,2010,Kharif,Maize,4435,6971,1.571815107
Meghalaya,WEST GARO HILLS,2010,Kharif,Mesta,3248,14253,4.388238916
Meghalaya,WEST GARO HILLS,2010,Kharif,Sesamum,1091,584,0.535288726
Meghalaya,WEST GARO HILLS,2010,Kharif,Soyabean,141,103,0.730496454
Meghalaya,WEST GARO HILLS,2010,Kharif,Sweet potato,515,1644,3.19223301
Meghalaya,WEST GARO HILLS,2010,Kharif,Tapioca,1144,5769,5.042832168
Meghalaya,WEST GARO HILLS,2010,Rabi,Gram,314,206,0.656050955
Meghalaya,WEST GARO HILLS,2010,Rabi,Linseed,82,39,0.475609756
Meghalaya,WEST GARO HILLS,2010,Rabi,Masoor,305,255,0.836065574
Meghalaya,WEST GARO HILLS,2010,Rabi,Other  Rabi pulses,590,492,0.833898305
Meghalaya,WEST GARO HILLS,2010,Rabi,Peas & beans (Pulses),472,391,0.828389831
Meghalaya,WEST GARO HILLS,2010,Rabi,Rapeseed &Mustard,5988,4142,0.691716767
Meghalaya,WEST GARO HILLS,2010,Rabi,Rice,12033,46098,3.830964847
Meghalaya,WEST GARO HILLS,2010,Rabi,Small millets,1037,544,0.524590164
Meghalaya,WEST GARO HILLS,2010,Rabi,Tobacco,310,207,0.667741935
Meghalaya,WEST GARO HILLS,2010,Rabi,Wheat,347,653,1.88184438
Meghalaya,WEST GARO HILLS,2010,Whole Year,Arecanut,5447,10200,1.872590417
Meghalaya,WEST GARO HILLS,2010,Whole Year,Black pepper,337,150,0.445103858
Meghalaya,WEST GARO HILLS,2010,Whole Year,Cashewnut,4665,11544,2.474598071
Meghalaya,WEST GARO HILLS,2010,Whole Year,Dry chillies,942,596,0.632696391
Meghalaya,WEST GARO HILLS,2010,Whole Year,Potato,538,4182,7.773234201
Meghalaya,WEST GARO HILLS,2010,Whole Year,Sugarcane,25,78,3.12
Meghalaya,WEST GARO HILLS,2010,Whole Year,Turmeric,390,1949,4.997435897
Meghalaya,WEST GARO HILLS,2010,Winter,Rice,18181,33689,1.852978384
Meghalaya,WEST GARO HILLS,2011,Autumn,Rice,16480,21313,1.293264563
Meghalaya,WEST GARO HILLS,2011,Kharif,Arhar/Tur,612,781,1.276143791
Meghalaya,WEST GARO HILLS,2011,Kharif,Banana,1895,23293,12.29182058
Meghalaya,WEST GARO HILLS,2011,Kharif,Castor seed,17,9,0.529411765
Meghalaya,WEST GARO HILLS,2011,Kharif,Cotton(lint),4165,4434,1.064585834
Meghalaya,WEST GARO HILLS,2011,Kharif,Dry ginger,2469,14644,5.931146213
Meghalaya,WEST GARO HILLS,2011,Kharif,Jute,3382,31810,9.405677114
Meghalaya,WEST GARO HILLS,2011,Kharif,Maize,4429,6892,1.556107473
Meghalaya,WEST GARO HILLS,2011,Kharif,Mesta,3249,14404,4.433364112
Meghalaya,WEST GARO HILLS,2011,Kharif,Sesamum,1093,590,0.539798719
Meghalaya,WEST GARO HILLS,2011,Kharif,Soyabean,142,118,0.830985915
Meghalaya,WEST GARO HILLS,2011,Kharif,Sweet potato,538,1719,3.195167286
Meghalaya,WEST GARO HILLS,2011,Kharif,Tapioca,1153,5823,5.050303556
Meghalaya,WEST GARO HILLS,2011,Rabi,Gram,315,209,0.663492063
Meghalaya,WEST GARO HILLS,2011,Rabi,Linseed,85,41,0.482352941
Meghalaya,WEST GARO HILLS,2011,Rabi,Masoor,320,269,0.840625
Meghalaya,WEST GARO HILLS,2011,Rabi,Other  Rabi pulses,603,505,0.83747927
Meghalaya,WEST GARO HILLS,2011,Rabi,Peas & beans (Pulses),475,394,0.829473684
Meghalaya,WEST GARO HILLS,2011,Rabi,Rapeseed &Mustard,6021,4166,0.691911643
Meghalaya,WEST GARO HILLS,2011,Rabi,Rice,12140,53176,4.380230643
Meghalaya,WEST GARO HILLS,2011,Rabi,Small millets,1072,561,0.523320896
Meghalaya,WEST GARO HILLS,2011,Rabi,Tobacco,315,215,0.682539683
Meghalaya,WEST GARO HILLS,2011,Rabi,Wheat,348,657,1.887931034
Meghalaya,WEST GARO HILLS,2011,Whole Year,Arecanut,5448,10308,1.892070485
Meghalaya,WEST GARO HILLS,2011,Whole Year,Black pepper,341,159,0.46627566
Meghalaya,WEST GARO HILLS,2011,Whole Year,Cashewnut,4709,11820,2.510087067
Meghalaya,WEST GARO HILLS,2011,Whole Year,Dry chillies,943,611,0.647932131
Meghalaya,WEST GARO HILLS,2011,Whole Year,Potato,543,4248,7.82320442
Meghalaya,WEST GARO HILLS,2011,Whole Year,Sugarcane,27,85,3.148148148
Meghalaya,WEST GARO HILLS,2011,Whole Year,Turmeric,392,1962,5.005102041
Meghalaya,WEST GARO HILLS,2011,Winter,Rice,18685,40805,2.183837303
Meghalaya,WEST GARO HILLS,2012,Autumn,Rice,16681,32318,1.937413824
Meghalaya,WEST GARO HILLS,2012,Kharif,Arhar/Tur,885,1181,1.334463277
Meghalaya,WEST GARO HILLS,2012,Kharif,Banana,1929,24268,12.58061172
Meghalaya,WEST GARO HILLS,2012,Kharif,Castor seed,33,23,0.696969697
Meghalaya,WEST GARO HILLS,2012,Kharif,Cotton(lint),4394,5793,1.318388712
Meghalaya,WEST GARO HILLS,2012,Kharif,Dry ginger,2501,15148,6.056777289
Meghalaya,WEST GARO HILLS,2012,Kharif,Jute,5456,56496,10.35483871
Meghalaya,WEST GARO HILLS,2012,Kharif,Mesta,3491,20222,5.792609567
Meghalaya,WEST GARO HILLS,2012,Kharif,Sesamum,1513,1266,0.836748182
Meghalaya,WEST GARO HILLS,2012,Kharif,Soyabean,205,1167,5.692682927
Meghalaya,WEST GARO HILLS,2012,Kharif,Sweet potato,574,1896,3.303135889
Meghalaya,WEST GARO HILLS,2012,Kharif,Tapioca,1381,7904,5.723388849
Meghalaya,WEST GARO HILLS,2012,Rabi,Gram,1017,1018,1.000983284
Meghalaya,WEST GARO HILLS,2012,Rabi,Linseed,88,46,0.522727273
Meghalaya,WEST GARO HILLS,2012,Rabi,Peas & beans (Pulses),1010,1203,1.191089109
Meghalaya,WEST GARO HILLS,2012,Rabi,Rapeseed &Mustard,8164,7731,0.946962273
Meghalaya,WEST GARO HILLS,2012,Rabi,Rice,12552,55697,4.437300829
Meghalaya,WEST GARO HILLS,2012,Rabi,Small millets,1277,760,0.595144871
Meghalaya,WEST GARO HILLS,2012,Rabi,Tobacco,380,352,0.926315789
Meghalaya,WEST GARO HILLS,2012,Rabi,Wheat,356,685,1.924157303
Meghalaya,WEST GARO HILLS,2012,Whole Year,Arecanut,5662,11052,1.951960438
Meghalaya,WEST GARO HILLS,2012,Whole Year,Black pepper,355,214,0.602816901
Meghalaya,WEST GARO HILLS,2012,Whole Year,Cashewnut,4899,12603,2.57256583
Meghalaya,WEST GARO HILLS,2012,Whole Year,Dry chillies,1013,687,0.678183613
Meghalaya,WEST GARO HILLS,2012,Whole Year,Maize,4623,10323,2.232965607
Meghalaya,WEST GARO HILLS,2012,Whole Year,Potato,555,4430,7.981981982
Meghalaya,WEST GARO HILLS,2012,Whole Year,Sugarcane,34,119,3.5
Meghalaya,WEST GARO HILLS,2012,Whole Year,Turmeric,433,2403,5.54965358
Meghalaya,WEST GARO HILLS,2012,Winter,Rice,18698,52042,2.783292331
Meghalaya,WEST GARO HILLS,2013,Autumn,Rice,11296,23688,2.097025496
Meghalaya,WEST GARO HILLS,2013,Kharif,Arhar/Tur,573,772,1.347294939
Meghalaya,WEST GARO HILLS,2013,Kharif,Banana,1519,19563,12.87886768
Meghalaya,WEST GARO HILLS,2013,Kharif,Castor seed,15,10,0.666666667
Meghalaya,WEST GARO HILLS,2013,Kharif,Cotton(lint),3968,5396,1.359879032
Meghalaya,WEST GARO HILLS,2013,Kharif,Dry ginger,2361,10595,4.487505294
Meghalaya,WEST GARO HILLS,2013,Kharif,Jute,3850,39991,10.38727273
Meghalaya,WEST GARO HILLS,2013,Kharif,Mesta,2223,12715,5.719748088
Meghalaya,WEST GARO HILLS,2013,Kharif,Sesamum,1075,939,0.873488372
Meghalaya,WEST GARO HILLS,2013,Kharif,Soyabean,129,748,5.798449612
Meghalaya,WEST GARO HILLS,2013,Kharif,Sweet potato,389,1277,3.28277635
Meghalaya,WEST GARO HILLS,2013,Kharif,Tapioca,1082,6095,5.633086876
Meghalaya,WEST GARO HILLS,2013,Rabi,Cowpea(Lobia),817,1478,1.809057528
Meghalaya,WEST GARO HILLS,2013,Rabi,Gram,743,745,1.00269179
Meghalaya,WEST GARO HILLS,2013,Rabi,Linseed,76,41,0.539473684
Meghalaya,WEST GARO HILLS,2013,Rabi,Masoor,633,605,0.955766193
Meghalaya,WEST GARO HILLS,2013,Rabi,Peas & beans (Pulses),720,862,1.197222222
Meghalaya,WEST GARO HILLS,2013,Rabi,Rapeseed &Mustard,5430,5241,0.96519337
Meghalaya,WEST GARO HILLS,2013,Rabi,Small millets,1084,657,0.606088561
Meghalaya,WEST GARO HILLS,2013,Rabi,Tobacco,230,208,0.904347826
Meghalaya,WEST GARO HILLS,2013,Rabi,Wheat,179,353,1.972067039
Meghalaya,WEST GARO HILLS,2013,Whole Year,Arecanut,4505,9245,2.052164262
Meghalaya,WEST GARO HILLS,2013,Whole Year,Black pepper,303,186,0.613861386
Meghalaya,WEST GARO HILLS,2013,Whole Year,Cashewnut,3609,9726,2.694929343
Meghalaya,WEST GARO HILLS,2013,Whole Year,Dry chillies,920,649,0.705434783
Meghalaya,WEST GARO HILLS,2013,Whole Year,Maize,3136,7039,2.244579082
Meghalaya,WEST GARO HILLS,2013,Whole Year,Potato,339,2613,7.707964602
Meghalaya,WEST GARO HILLS,2013,Whole Year,Sugarcane,26,93,3.576923077
Meghalaya,WEST GARO HILLS,2013,Whole Year,Turmeric,366,2144,5.857923497
Meghalaya,WEST GARO HILLS,2013,Winter,Rice,11340,32263,2.845061728
Meghalaya,WEST GARO HILLS,2014,Autumn,Rice,11313,25183,2.226023159
Meghalaya,WEST GARO HILLS,2014,Kharif,Arhar/Tur,577,801,1.388214905
Meghalaya,WEST GARO HILLS,2014,Kharif,Banana,1523,19668,12.91398555
Meghalaya,WEST GARO HILLS,2014,Kharif,Castor seed,16,11,0.6875
Meghalaya,WEST GARO HILLS,2014,Kharif,Cotton(lint),3979,5627,1.414174416
Meghalaya,WEST GARO HILLS,2014,Kharif,Dry ginger,2363,10783,4.563267033
Meghalaya,WEST GARO HILLS,2014,Kharif,Jute,3891,39996,10.27910563
Meghalaya,WEST GARO HILLS,2014,Kharif,Mesta,2227,12719,5.711270768
Meghalaya,WEST GARO HILLS,2014,Kharif,Sesamum,1078,967,0.89703154
Meghalaya,WEST GARO HILLS,2014,Kharif,Soyabean,134,805,6.007462687
Meghalaya,WEST GARO HILLS,2014,Kharif,Sweet potato,390,1280,3.282051282
Meghalaya,WEST GARO HILLS,2014,Kharif,Tapioca,1094,6208,5.674588665
Meghalaya,WEST GARO HILLS,2014,Rabi,Cowpea(Lobia),819,1493,1.822954823
Meghalaya,WEST GARO HILLS,2014,Rabi,Gram,747,763,1.021419009
Meghalaya,WEST GARO HILLS,2014,Rabi,Linseed,77,43,0.558441558
Meghalaya,WEST GARO HILLS,2014,Rabi,Masoor,635,619,0.97480315
Meghalaya,WEST GARO HILLS,2014,Rabi,Peas & beans (Pulses),730,889,1.217808219
Meghalaya,WEST GARO HILLS,2014,Rabi,Rapeseed &Mustard,5434,5253,0.966691204
Meghalaya,WEST GARO HILLS,2014,Rabi,Small millets,1090,683,0.626605505
Meghalaya,WEST GARO HILLS,2014,Rabi,Tobacco,232,213,0.918103448
Meghalaya,WEST GARO HILLS,2014,Rabi,Wheat,185,373,2.016216216
Meghalaya,WEST GARO HILLS,2014,Summer,Potato,17,125,7.352941176
Meghalaya,WEST GARO HILLS,2014,Whole Year,Arecanut,4514,9312,2.062915374
Meghalaya,WEST GARO HILLS,2014,Whole Year,Black pepper,304,192,0.631578947
Meghalaya,WEST GARO HILLS,2014,Whole Year,Cashewnut,3625,9781,2.698206897
Meghalaya,WEST GARO HILLS,2014,Whole Year,Dry chillies,929,668,0.719052745
Meghalaya,WEST GARO HILLS,2014,Whole Year,Maize,3139,7296,2.324307104
Meghalaya,WEST GARO HILLS,2014,Whole Year,Sugarcane,28,99,3.535714286
Meghalaya,WEST GARO HILLS,2014,Whole Year,Turmeric,373,2192,5.876675603
Meghalaya,WEST GARO HILLS,2014,Winter,Potato,326,2563,7.86196319
Meghalaya,WEST GARO HILLS,2014,Winter,Rice,11352,33035,2.910059901
Meghalaya,WEST JAINTIA HILLS,2013,Kharif,Banana,253,829,3.276679842
Meghalaya,WEST JAINTIA HILLS,2013,Kharif,Dry ginger,335,3632,10.84179104
Meghalaya,WEST JAINTIA HILLS,2013,Kharif,Sesamum,27,22,0.814814815
Meghalaya,WEST JAINTIA HILLS,2013,Kharif,Soyabean,568,809,1.424295775
Meghalaya,WEST JAINTIA HILLS,2013,Kharif,Sweet potato,985,2831,2.874111675
Meghalaya,WEST JAINTIA HILLS,2013,Kharif,Tapioca,22,230,10.45454545
Meghalaya,WEST JAINTIA HILLS,2013,Rabi,Cowpea(Lobia),32,34,1.0625
Meghalaya,WEST JAINTIA HILLS,2013,Rabi,Peas & beans (Pulses),100,105,1.05
Meghalaya,WEST JAINTIA HILLS,2013,Rabi,Rapeseed &Mustard,79,69,0.873417722
Meghalaya,WEST JAINTIA HILLS,2013,Rabi,Small millets,202,267,1.321782178
Meghalaya,WEST JAINTIA HILLS,2013,Whole Year,Arecanut,1589,2565,1.614222782
Meghalaya,WEST JAINTIA HILLS,2013,Whole Year,Black pepper,6,4,0.666666667
Meghalaya,WEST JAINTIA HILLS,2013,Whole Year,Dry chillies,40,36,0.9
Meghalaya,WEST JAINTIA HILLS,2013,Whole Year,Maize,2851,5126,1.797965626
Meghalaya,WEST JAINTIA HILLS,2013,Whole Year,Potato,172,858,4.988372093
Meghalaya,WEST JAINTIA HILLS,2013,Whole Year,Sugarcane,7,8,1.142857143
Meghalaya,WEST JAINTIA HILLS,2013,Whole Year,Turmeric,1362,8487,6.231277533
Meghalaya,WEST JAINTIA HILLS,2014,Autumn,Rice,78,198,2.538461538
Meghalaya,WEST JAINTIA HILLS,2014,Kharif,Banana,255,837,3.282352941
Meghalaya,WEST JAINTIA HILLS,2014,Kharif,Dry ginger,337,3652,10.83679525
Meghalaya,WEST JAINTIA HILLS,2014,Kharif,Sesamum,28,23,0.821428571
Meghalaya,WEST JAINTIA HILLS,2014,Kharif,Soyabean,588,868,1.476190476
Meghalaya,WEST JAINTIA HILLS,2014,Kharif,Sweet potato,995,2939,2.953768844
Meghalaya,WEST JAINTIA HILLS,2014,Kharif,Tapioca,23,240,10.43478261
Meghalaya,WEST JAINTIA HILLS,2014,Rabi,Cowpea(Lobia),34,39,1.147058824
Meghalaya,WEST JAINTIA HILLS,2014,Rabi,Peas & beans (Pulses),102,111,1.088235294
Meghalaya,WEST JAINTIA HILLS,2014,Rabi,Rapeseed &Mustard,80,71,0.8875
Meghalaya,WEST JAINTIA HILLS,2014,Rabi,Small millets,204,275,1.348039216
Meghalaya,WEST JAINTIA HILLS,2014,Summer,Potato,125,688,5.504
Meghalaya,WEST JAINTIA HILLS,2014,Whole Year,Arecanut,1570,2517,1.603184713
Meghalaya,WEST JAINTIA HILLS,2014,Whole Year,Black pepper,7,6,0.857142857
Meghalaya,WEST JAINTIA HILLS,2014,Whole Year,Dry chillies,41,39,0.951219512
Meghalaya,WEST JAINTIA HILLS,2014,Whole Year,Maize,2853,5271,1.847528917
Meghalaya,WEST JAINTIA HILLS,2014,Whole Year,Sugarcane,6,7,1.166666667
Meghalaya,WEST JAINTIA HILLS,2014,Whole Year,Turmeric,1375,8697,6.325090909
Meghalaya,WEST JAINTIA HILLS,2014,Winter,Potato,54,183,3.388888889
Meghalaya,WEST JAINTIA HILLS,2014,Winter,Rice,7920,16941,2.139015152
Meghalaya,WEST KHASI HILLS,1997,Kharif,Dry ginger,162,897,5.537037037
Meghalaya,WEST KHASI HILLS,1997,Kharif,Maize,4604,6382,1.386185925
Meghalaya,WEST KHASI HILLS,1997,Kharif,Rice,9422,12339,1.309594566
Meghalaya,WEST KHASI HILLS,1997,Kharif,Sesamum,14,8,0.571428571
Meghalaya,WEST KHASI HILLS,1997,Kharif,Small millets,177,199,1.124293785
Meghalaya,WEST KHASI HILLS,1997,Kharif,Soyabean,50,31,0.62
Meghalaya,WEST KHASI HILLS,1997,Kharif,Total foodgrain,14223,18940,1.331645926
Meghalaya,WEST KHASI HILLS,1997,Rabi,Other  Rabi pulses,20,20,1
Meghalaya,WEST KHASI HILLS,1997,Rabi,Pulses total,20,20,1
Meghalaya,WEST KHASI HILLS,1997,Rabi,Rapeseed &Mustard,31,18,0.580645161
Meghalaya,WEST KHASI HILLS,1997,Rabi,Tobacco,31,25,0.806451613
Meghalaya,WEST KHASI HILLS,1997,Whole Year,Arecanut,26,35,1.346153846
Meghalaya,WEST KHASI HILLS,1997,Whole Year,Banana,665,3937,5.920300752
Meghalaya,WEST KHASI HILLS,1997,Whole Year,Dry chillies,58,29,0.5
Meghalaya,WEST KHASI HILLS,1997,Whole Year,Oilseeds total,95,57,0.6
Meghalaya,WEST KHASI HILLS,1997,Whole Year,Potato,8007,72343,9.034969402
Meghalaya,WEST KHASI HILLS,1997,Whole Year,Sugarcane,8,15,1.875
Meghalaya,WEST KHASI HILLS,1997,Whole Year,Sweet potato,1319,4838,3.66793025
Meghalaya,WEST KHASI HILLS,1997,Whole Year,Tapioca,639,3259,5.100156495
Meghalaya,WEST KHASI HILLS,1997,Whole Year,Turmeric,15,96,6.4
Meghalaya,WEST KHASI HILLS,1998,Kharif,Dry ginger,188,749,3.984042553
Meghalaya,WEST KHASI HILLS,1998,Kharif,Maize,4617,6654,1.441195582
Meghalaya,WEST KHASI HILLS,1998,Kharif,Rice,9420,12928,1.372399151
Meghalaya,WEST KHASI HILLS,1998,Kharif,Sesamum,15,10,0.666666667
Meghalaya,WEST KHASI HILLS,1998,Kharif,Small millets,203,236,1.162561576
Meghalaya,WEST KHASI HILLS,1998,Kharif,Soyabean,50,31,0.62
Meghalaya,WEST KHASI HILLS,1998,Kharif,Total foodgrain,14262,19839,1.391039125
Meghalaya,WEST KHASI HILLS,1998,Rabi,Other  Rabi pulses,22,21,0.954545455
Meghalaya,WEST KHASI HILLS,1998,Rabi,Pulses total,22,21,0.954545455
Meghalaya,WEST KHASI HILLS,1998,Rabi,Rapeseed &Mustard,31,23,0.741935484
Meghalaya,WEST KHASI HILLS,1998,Whole Year,Banana,656,3909,5.958841463
Meghalaya,WEST KHASI HILLS,1998,Whole Year,Dry chillies,50,17,0.34
Meghalaya,WEST KHASI HILLS,1998,Whole Year,Oilseeds total,96,64,0.666666667
Meghalaya,WEST KHASI HILLS,1998,Whole Year,Potato,8058,65036,8.070985356
Meghalaya,WEST KHASI HILLS,1998,Whole Year,Sugarcane,8,15,1.875
Meghalaya,WEST KHASI HILLS,1998,Whole Year,Sweet potato,1324,4946,3.735649547
Meghalaya,WEST KHASI HILLS,1998,Whole Year,Tapioca,641,3377,5.268330733
Meghalaya,WEST KHASI HILLS,1998,Whole Year,Tobacco,31,24,0.774193548
Meghalaya,WEST KHASI HILLS,1998,Whole Year,Turmeric,15,80,5.333333333
Meghalaya,WEST KHASI HILLS,1999,Kharif,Dry ginger,233,971,4.167381974
Meghalaya,WEST KHASI HILLS,1999,Kharif,Maize,4303,5958,1.384615385
Meghalaya,WEST KHASI HILLS,1999,Kharif,Rice,9025,13525,1.498614958
Meghalaya,WEST KHASI HILLS,1999,Kharif,Sesamum,15,9,0.6
Meghalaya,WEST KHASI HILLS,1999,Kharif,Soyabean,50,31,0.62
Meghalaya,WEST KHASI HILLS,1999,Rabi,Rapeseed &Mustard,29,31,1.068965517
Meghalaya,WEST KHASI HILLS,1999,Rabi,Rice,5,3,0.6
Meghalaya,WEST KHASI HILLS,1999,Whole Year,Banana,657,3918,5.96347032
Meghalaya,WEST KHASI HILLS,1999,Whole Year,Dry chillies,48,18,0.375
Meghalaya,WEST KHASI HILLS,1999,Whole Year,Potato,6581,41547,6.31317429
Meghalaya,WEST KHASI HILLS,1999,Whole Year,Sugarcane,6,12,2
Meghalaya,WEST KHASI HILLS,1999,Whole Year,Sweet potato,1324,4998,3.774924471
Meghalaya,WEST KHASI HILLS,1999,Whole Year,Tapioca,671,3461,5.157973174
Meghalaya,WEST KHASI HILLS,1999,Whole Year,Tobacco,31,28,0.903225806
Meghalaya,WEST KHASI HILLS,1999,Whole Year,Turmeric,38,52,1.368421053
Meghalaya,WEST KHASI HILLS,2000,Kharif,Dry ginger,277,1170,4.223826715
Meghalaya,WEST KHASI HILLS,2000,Kharif,Maize,4332,5918,1.36611265
Meghalaya,WEST KHASI HILLS,2000,Kharif,Rice,8939,13440,1.503523884
Meghalaya,WEST KHASI HILLS,2000,Kharif,Sesamum,8,8,1
Meghalaya,WEST KHASI HILLS,2000,Kharif,Small millets,204,237,1.161764706
Meghalaya,WEST KHASI HILLS,2000,Kharif,Soyabean,17,10,0.588235294
Meghalaya,WEST KHASI HILLS,2000,Rabi,Other  Rabi pulses,20,20,1
Meghalaya,WEST KHASI HILLS,2000,Rabi,Rapeseed &Mustard,27,29,1.074074074
Meghalaya,WEST KHASI HILLS,2000,Rabi,Rice,3,2,0.666666667
Meghalaya,WEST KHASI HILLS,2000,Whole Year,Arecanut,1174,795,0.677172061
Meghalaya,WEST KHASI HILLS,2000,Whole Year,Banana,662,5175,7.817220544
Meghalaya,WEST KHASI HILLS,2000,Whole Year,Dry chillies,45,23,0.511111111
Meghalaya,WEST KHASI HILLS,2000,Whole Year,Potato,6591,43652,6.622970718
Meghalaya,WEST KHASI HILLS,2000,Whole Year,Sugarcane,6,12,2
Meghalaya,WEST KHASI HILLS,2000,Whole Year,Sweet potato,1244,4746,3.81511254
Meghalaya,WEST KHASI HILLS,2000,Whole Year,Tapioca,665,3404,5.118796992
Meghalaya,WEST KHASI HILLS,2000,Whole Year,Tobacco,31,28,0.903225806
Meghalaya,WEST KHASI HILLS,2000,Whole Year,Turmeric,38,116,3.052631579
Meghalaya,WEST KHASI HILLS,2001,Kharif,Dry ginger,285,1431,5.021052632
Meghalaya,WEST KHASI HILLS,2001,Kharif,Maize,4335,6902,1.592156863
Meghalaya,WEST KHASI HILLS,2001,Kharif,Rice,9064,14466,1.595984113
Meghalaya,WEST KHASI HILLS,2001,Kharif,Sesamum,19,9,0.473684211
Meghalaya,WEST KHASI HILLS,2001,Kharif,Small millets,199,213,1.070351759
Meghalaya,WEST KHASI HILLS,2001,Kharif,Soyabean,18,11,0.611111111
Meghalaya,WEST KHASI HILLS,2001,Rabi,Rapeseed &Mustard,28,14,0.5
Meghalaya,WEST KHASI HILLS,2001,Whole Year,Arecanut,1176,937,0.796768707
Meghalaya,WEST KHASI HILLS,2001,Whole Year,Dry chillies,48,24,0.5
Meghalaya,WEST KHASI HILLS,2001,Whole Year,Potato,6428,55538,8.640012446
Meghalaya,WEST KHASI HILLS,2001,Whole Year,Sugarcane,6,12,2
Meghalaya,WEST KHASI HILLS,2001,Whole Year,Sweet potato,1220,4474,3.667213115
Meghalaya,WEST KHASI HILLS,2001,Whole Year,Tapioca,663,3402,5.131221719
Meghalaya,WEST KHASI HILLS,2001,Whole Year,Tobacco,23,14,0.608695652
Meghalaya,WEST KHASI HILLS,2001,Whole Year,Turmeric,38,126,3.315789474
Meghalaya,WEST KHASI HILLS,2002,Kharif,Dry ginger,291,1635,5.618556701
Meghalaya,WEST KHASI HILLS,2002,Kharif,Maize,4275,6739,1.576374269
Meghalaya,WEST KHASI HILLS,2002,Kharif,Rice,9013,14457,1.604016421
Meghalaya,WEST KHASI HILLS,2002,Kharif,Sesamum,18,9,0.5
Meghalaya,WEST KHASI HILLS,2002,Kharif,Small millets,198,210,1.060606061
Meghalaya,WEST KHASI HILLS,2002,Kharif,Soyabean,16,10,0.625
Meghalaya,WEST KHASI HILLS,2002,Rabi,Other  Rabi pulses,13,14,1.076923077
Meghalaya,WEST KHASI HILLS,2002,Rabi,Rapeseed &Mustard,28,16,0.571428571
Meghalaya,WEST KHASI HILLS,2002,Whole Year,Banana,630,4335,6.880952381
Meghalaya,WEST KHASI HILLS,2002,Whole Year,Citrus Fruit,932,2134,2.289699571
Meghalaya,WEST KHASI HILLS,2002,Whole Year,Dry chillies,45,23,0.511111111
Meghalaya,WEST KHASI HILLS,2002,Whole Year,Papaya,27,127,4.703703704
Meghalaya,WEST KHASI HILLS,2002,Whole Year,Pineapple,769,659,0.856957087
Meghalaya,WEST KHASI HILLS,2002,Whole Year,Potato,5849,41100,7.026842195
Meghalaya,WEST KHASI HILLS,2002,Whole Year,Sugarcane,5,10,2
Meghalaya,WEST KHASI HILLS,2002,Whole Year,Sweet potato,1219,4122,3.381460213
Meghalaya,WEST KHASI HILLS,2002,Whole Year,Tapioca,651,3307,5.079877112
Meghalaya,WEST KHASI HILLS,2002,Whole Year,Tobacco,22,13,0.590909091
Meghalaya,WEST KHASI HILLS,2002,Whole Year,Turmeric,38,125,3.289473684
Meghalaya,WEST KHASI HILLS,2003,Kharif,Dry ginger,291,1995,6.855670103
Meghalaya,WEST KHASI HILLS,2003,Kharif,Maize,4235,6539,1.54403778
Meghalaya,WEST KHASI HILLS,2003,Kharif,Rice,8987,14766,1.643039947
Meghalaya,WEST KHASI HILLS,2003,Kharif,Sesamum,18,10,0.555555556
Meghalaya,WEST KHASI HILLS,2003,Kharif,Small millets,198,201,1.015151515
Meghalaya,WEST KHASI HILLS,2003,Kharif,Soyabean,16,10,0.625
Meghalaya,WEST KHASI HILLS,2003,Rabi,Other  Rabi pulses,13,13,1
Meghalaya,WEST KHASI HILLS,2003,Rabi,Rapeseed &Mustard,22,12,0.545454545
Meghalaya,WEST KHASI HILLS,2003,Whole Year,Arecanut,1182,938,0.79357022
Meghalaya,WEST KHASI HILLS,2003,Whole Year,Banana,652,4250,6.518404908
Meghalaya,WEST KHASI HILLS,2003,Whole Year,Citrus Fruit,956,4146,4.336820084
Meghalaya,WEST KHASI HILLS,2003,Whole Year,Dry chillies,42,22,0.523809524
Meghalaya,WEST KHASI HILLS,2003,Whole Year,Papaya,42,129,3.071428571
Meghalaya,WEST KHASI HILLS,2003,Whole Year,Pineapple,737,4157,5.640434193
Meghalaya,WEST KHASI HILLS,2003,Whole Year,Potato,5653,38829,6.868742261
Meghalaya,WEST KHASI HILLS,2003,Whole Year,Sugarcane,5,10,2
Meghalaya,WEST KHASI HILLS,2003,Whole Year,Sweet potato,1168,4205,3.600171233
Meghalaya,WEST KHASI HILLS,2003,Whole Year,Tapioca,629,3192,5.074721781
Meghalaya,WEST KHASI HILLS,2003,Whole Year,Tobacco,20,12,0.6
Meghalaya,WEST KHASI HILLS,2003,Whole Year,Turmeric,38,152,4
Meghalaya,WEST KHASI HILLS,2004,Autumn,Rice,74,104,1.405405405
Meghalaya,WEST KHASI HILLS,2004,Kharif,Dry ginger,339,1764,5.203539823
Meghalaya,WEST KHASI HILLS,2004,Kharif,Maize,4234,4516,1.066603684
Meghalaya,WEST KHASI HILLS,2004,Kharif,Sesamum,20,13,0.65
Meghalaya,WEST KHASI HILLS,2004,Kharif,Small millets,198,217,1.095959596
Meghalaya,WEST KHASI HILLS,2004,Kharif,Soyabean,16,11,0.6875
Meghalaya,WEST KHASI HILLS,2004,Kharif,Sweet potato,1202,4190,3.485856905
Meghalaya,WEST KHASI HILLS,2004,Rabi,Other  Rabi pulses,17,18,1.058823529
Meghalaya,WEST KHASI HILLS,2004,Rabi,Rapeseed &Mustard,24,16,0.666666667
Meghalaya,WEST KHASI HILLS,2004,Rabi,Wheat,2,1,0.5
Meghalaya,WEST KHASI HILLS,2004,Whole Year,Arecanut,1187,952,0.802021904
Meghalaya,WEST KHASI HILLS,2004,Whole Year,Banana,735,4263,5.8
Meghalaya,WEST KHASI HILLS,2004,Whole Year,Black pepper,103,68,0.660194175
Meghalaya,WEST KHASI HILLS,2004,Whole Year,Dry chillies,48,28,0.583333333
Meghalaya,WEST KHASI HILLS,2004,Whole Year,Garlic,13,21,1.615384615
Meghalaya,WEST KHASI HILLS,2004,Whole Year,Potato,5638,38788,6.87974459
Meghalaya,WEST KHASI HILLS,2004,Whole Year,Sugarcane,5,10,2
Meghalaya,WEST KHASI HILLS,2004,Whole Year,Sweet potato,1202,4190,3.485856905
Meghalaya,WEST KHASI HILLS,2004,Whole Year,Tapioca,634,3285,5.181388013
Meghalaya,WEST KHASI HILLS,2004,Whole Year,Tobacco,23,13,0.565217391
Meghalaya,WEST KHASI HILLS,2004,Whole Year,Turmeric,55,218,3.963636364
Meghalaya,WEST KHASI HILLS,2004,Winter,Rice,8925,11249,1.260392157
Meghalaya,WEST KHASI HILLS,2005,Autumn,Rice,74,111,1.5
Meghalaya,WEST KHASI HILLS,2005,Kharif,Dry ginger,390,2553,6.546153846
Meghalaya,WEST KHASI HILLS,2005,Kharif,Maize,4236,4860,1.147308782
Meghalaya,WEST KHASI HILLS,2005,Kharif,Sesamum,23,17,0.739130435
Meghalaya,WEST KHASI HILLS,2005,Kharif,Small millets,203,224,1.103448276
Meghalaya,WEST KHASI HILLS,2005,Rabi,Other  Rabi pulses,22,24,1.090909091
Meghalaya,WEST KHASI HILLS,2005,Rabi,Rapeseed &Mustard,28,19,0.678571429
Meghalaya,WEST KHASI HILLS,2005,Rabi,Wheat,2,2,1
Meghalaya,WEST KHASI HILLS,2005,Whole Year,Arecanut,1200,965,0.804166667
Meghalaya,WEST KHASI HILLS,2005,Whole Year,Banana,746,4336,5.81233244
Meghalaya,WEST KHASI HILLS,2005,Whole Year,Dry chillies,48,34,0.708333333
Meghalaya,WEST KHASI HILLS,2005,Whole Year,Potato,5644,47070,8.339829908
Meghalaya,WEST KHASI HILLS,2005,Whole Year,Sugarcane,5,10,2
Meghalaya,WEST KHASI HILLS,2005,Whole Year,Sweet potato,1201,4185,3.48459617
Meghalaya,WEST KHASI HILLS,2005,Whole Year,Tapioca,636,3369,5.297169811
Meghalaya,WEST KHASI HILLS,2005,Whole Year,Tobacco,25,16,0.64
Meghalaya,WEST KHASI HILLS,2005,Whole Year,Turmeric,83,313,3.771084337
Meghalaya,WEST KHASI HILLS,2005,Winter,Rice,8927,15265,1.709980957
Meghalaya,WEST KHASI HILLS,2006,Autumn,Rice,75,112,1.493333333
Meghalaya,WEST KHASI HILLS,2006,Kharif,Banana,745,4731,6.35033557
Meghalaya,WEST KHASI HILLS,2006,Kharif,Dry ginger,388,3410,8.788659794
Meghalaya,WEST KHASI HILLS,2006,Kharif,Maize,4245,4941,1.163957597
Meghalaya,WEST KHASI HILLS,2006,Kharif,Soyabean,22,17,0.772727273
Meghalaya,WEST KHASI HILLS,2006,Kharif,Tapioca,638,3373,5.286833856
Meghalaya,WEST KHASI HILLS,2006,Rabi,Arecanut,1208,1112,0.920529801
Meghalaya,WEST KHASI HILLS,2006,Rabi,Dry chillies,50,42,0.84
Meghalaya,WEST KHASI HILLS,2006,Rabi,Other  Rabi pulses,23,23,1
Meghalaya,WEST KHASI HILLS,2006,Rabi,Potato,5820,67836,11.6556701
Meghalaya,WEST KHASI HILLS,2006,Rabi,Rapeseed &Mustard,30,26,0.866666667
Meghalaya,WEST KHASI HILLS,2006,Rabi,Rice,50,91,1.82
Meghalaya,WEST KHASI HILLS,2006,Rabi,Sesamum,24,18,0.75
Meghalaya,WEST KHASI HILLS,2006,Rabi,Small millets,201,235,1.169154229
Meghalaya,WEST KHASI HILLS,2006,Rabi,Sweet potato,1195,4589,3.840167364
Meghalaya,WEST KHASI HILLS,2006,Rabi,Tobacco,20,15,0.75
Meghalaya,WEST KHASI HILLS,2006,Rabi,Turmeric,90,342,3.8
Meghalaya,WEST KHASI HILLS,2006,Rabi,Wheat,2,2,1
Meghalaya,WEST KHASI HILLS,2006,Whole Year,Sugarcane,5,10,2
Meghalaya,WEST KHASI HILLS,2006,Winter,Rice,7664,15076,1.967118998
Meghalaya,WEST KHASI HILLS,2007,Autumn,Rice,76,113,1.486842105
Meghalaya,WEST KHASI HILLS,2007,Kharif,Maize,4214,4847,1.150213574
Meghalaya,WEST KHASI HILLS,2007,Kharif,Sesamum,24,18,0.75
Meghalaya,WEST KHASI HILLS,2007,Kharif,Small millets,205,221,1.07804878
Meghalaya,WEST KHASI HILLS,2007,Rabi,Other  Rabi pulses,23,23,1
Meghalaya,WEST KHASI HILLS,2007,Rabi,Rapeseed &Mustard,28,19,0.678571429
Meghalaya,WEST KHASI HILLS,2007,Rabi,Wheat,2,2,1
Meghalaya,WEST KHASI HILLS,2007,Summer,Rice,50,88,1.76
Meghalaya,WEST KHASI HILLS,2007,Whole Year,Sugarcane,5,10,2
Meghalaya,WEST KHASI HILLS,2007,Whole Year,Tobacco,29,22,0.75862069
Meghalaya,WEST KHASI HILLS,2007,Winter,Rice,7657,15061,1.966958339
Meghalaya,WEST KHASI HILLS,2008,Autumn,Rice,78,116,1.487179487
Meghalaya,WEST KHASI HILLS,2008,Kharif,Dry ginger,319,1942,6.087774295
Meghalaya,WEST KHASI HILLS,2008,Kharif,Maize,4157,4680,1.125811884
Meghalaya,WEST KHASI HILLS,2008,Kharif,Sesamum,24,19,0.791666667
Meghalaya,WEST KHASI HILLS,2008,Kharif,Small millets,205,232,1.131707317
Meghalaya,WEST KHASI HILLS,2008,Kharif,Soyabean,25,22,0.88
Meghalaya,WEST KHASI HILLS,2008,Rabi,Black pepper,102,69,0.676470588
Meghalaya,WEST KHASI HILLS,2008,Rabi,Other  Rabi pulses,21,21,1
Meghalaya,WEST KHASI HILLS,2008,Rabi,Rapeseed &Mustard,28,20,0.714285714
Meghalaya,WEST KHASI HILLS,2008,Rabi,Wheat,2,2,1
Meghalaya,WEST KHASI HILLS,2008,Summer,Rice,49,96,1.959183673
Meghalaya,WEST KHASI HILLS,2008,Whole Year,Arecanut,1213,1111,0.915910965
Meghalaya,WEST KHASI HILLS,2008,Whole Year,Banana,750,4636,6.181333333
Meghalaya,WEST KHASI HILLS,2008,Whole Year,Dry chillies,48,39,0.8125
Meghalaya,WEST KHASI HILLS,2008,Whole Year,Potato,5460,45114,8.262637363
Meghalaya,WEST KHASI HILLS,2008,Whole Year,Sugarcane,6,12,2
Meghalaya,WEST KHASI HILLS,2008,Whole Year,Sweet potato,1196,3854,3.222408027
Meghalaya,WEST KHASI HILLS,2008,Whole Year,Tapioca,642,3397,5.291277259
Meghalaya,WEST KHASI HILLS,2008,Whole Year,Tobacco,27,29,1.074074074
Meghalaya,WEST KHASI HILLS,2008,Whole Year,Turmeric,75,274,3.653333333
Meghalaya,WEST KHASI HILLS,2008,Winter,Rice,7664,10814,1.411012526
Meghalaya,WEST KHASI HILLS,2009,Autumn,Rice,80,120,1.5
Meghalaya,WEST KHASI HILLS,2009,Kharif,Banana,782,4136,5.289002558
Meghalaya,WEST KHASI HILLS,2009,Kharif,Dry ginger,326,1982,6.079754601
Meghalaya,WEST KHASI HILLS,2009,Kharif,Maize,4227,4840,1.145020109
Meghalaya,WEST KHASI HILLS,2009,Kharif,Sesamum,22,18,0.818181818
Meghalaya,WEST KHASI HILLS,2009,Kharif,Small millets,204,226,1.107843137
Meghalaya,WEST KHASI HILLS,2009,Kharif,Sweet potato,1311,3896,2.971777269
Meghalaya,WEST KHASI HILLS,2009,Kharif,Tapioca,652,3583,5.495398773
Meghalaya,WEST KHASI HILLS,2009,Rabi,Other  Rabi pulses,2,1,0.5
Meghalaya,WEST KHASI HILLS,2009,Rabi,Peas & beans (Pulses),21,18,0.857142857
Meghalaya,WEST KHASI HILLS,2009,Rabi,Rapeseed &Mustard,27,18,0.666666667
Meghalaya,WEST KHASI HILLS,2009,Rabi,Tobacco,28,30,1.071428571
Meghalaya,WEST KHASI HILLS,2009,Rabi,Wheat,2,2,1
Meghalaya,WEST KHASI HILLS,2009,Summer,Rice,47,99,2.106382979
Meghalaya,WEST KHASI HILLS,2009,Whole Year,Arecanut,1221,1136,0.93038493
Meghalaya,WEST KHASI HILLS,2009,Whole Year,Black pepper,104,68,0.653846154
Meghalaya,WEST KHASI HILLS,2009,Whole Year,Potato,5470,45292,8.280073126
Meghalaya,WEST KHASI HILLS,2009,Whole Year,Sugarcane,5,13,2.6
Meghalaya,WEST KHASI HILLS,2009,Winter,Rice,7679,10842,1.411902591
Meghalaya,WEST KHASI HILLS,2010,Autumn,Rice,83,121,1.457831325
Meghalaya,WEST KHASI HILLS,2010,Kharif,Banana,785,4244,5.406369427
Meghalaya,WEST KHASI HILLS,2010,Kharif,Dry ginger,332,2751,8.286144578
Meghalaya,WEST KHASI HILLS,2010,Kharif,Maize,4255,5421,1.274030552
Meghalaya,WEST KHASI HILLS,2010,Kharif,Sesamum,28,20,0.714285714
Meghalaya,WEST KHASI HILLS,2010,Kharif,Soyabean,25,26,1.04
Meghalaya,WEST KHASI HILLS,2010,Kharif,Sweet potato,1319,3916,2.968915845
Meghalaya,WEST KHASI HILLS,2010,Kharif,Tapioca,649,3583,5.520801233
Meghalaya,WEST KHASI HILLS,2010,Rabi,Other  Rabi pulses,5,4,0.8
Meghalaya,WEST KHASI HILLS,2010,Rabi,Peas & beans (Pulses),28,40,1.428571429
Meghalaya,WEST KHASI HILLS,2010,Rabi,Rapeseed &Mustard,28,19,0.678571429
Meghalaya,WEST KHASI HILLS,2010,Rabi,Rice,52,108,2.076923077
Meghalaya,WEST KHASI HILLS,2010,Rabi,Small millets,232,234,1.00862069
Meghalaya,WEST KHASI HILLS,2010,Rabi,Tobacco,32,36,1.125
Meghalaya,WEST KHASI HILLS,2010,Rabi,Wheat,1,1,1
Meghalaya,WEST KHASI HILLS,2010,Whole Year,Arecanut,1224,1165,0.951797386
Meghalaya,WEST KHASI HILLS,2010,Whole Year,Black pepper,102,66,0.647058824
Meghalaya,WEST KHASI HILLS,2010,Whole Year,Dry chillies,47,45,0.957446809
Meghalaya,WEST KHASI HILLS,2010,Whole Year,Potato,5473,47325,8.646994336
Meghalaya,WEST KHASI HILLS,2010,Whole Year,Sugarcane,6,13,2.166666667
Meghalaya,WEST KHASI HILLS,2010,Whole Year,Turmeric,70,275,3.928571429
Meghalaya,WEST KHASI HILLS,2010,Winter,Rice,7680,11259,1.466015625
Meghalaya,WEST KHASI HILLS,2011,Autumn,Rice,93,121,1.301075269
Meghalaya,WEST KHASI HILLS,2011,Kharif,Banana,786,4281,5.446564885
Meghalaya,WEST KHASI HILLS,2011,Kharif,Dry ginger,334,2948,8.826347305
Meghalaya,WEST KHASI HILLS,2011,Kharif,Maize,4260,5886,1.381690141
Meghalaya,WEST KHASI HILLS,2011,Kharif,Sesamum,28,20,0.714285714
Meghalaya,WEST KHASI HILLS,2011,Kharif,Soyabean,28,30,1.071428571
Meghalaya,WEST KHASI HILLS,2011,Kharif,Sweet potato,1320,4257,3.225
Meghalaya,WEST KHASI HILLS,2011,Kharif,Tapioca,651,3603,5.534562212
Meghalaya,WEST KHASI HILLS,2011,Rabi,Other  Rabi pulses,7,6,0.857142857
Meghalaya,WEST KHASI HILLS,2011,Rabi,Peas & beans (Pulses),30,43,1.433333333
Meghalaya,WEST KHASI HILLS,2011,Rabi,Rapeseed &Mustard,29,20,0.689655172
Meghalaya,WEST KHASI HILLS,2011,Rabi,Rice,50,113,2.26
Meghalaya,WEST KHASI HILLS,2011,Rabi,Small millets,235,238,1.012765957
Meghalaya,WEST KHASI HILLS,2011,Rabi,Tobacco,33,38,1.151515152
Meghalaya,WEST KHASI HILLS,2011,Rabi,Wheat,2,2,1
Meghalaya,WEST KHASI HILLS,2011,Whole Year,Arecanut,1227,1197,0.975550122
Meghalaya,WEST KHASI HILLS,2011,Whole Year,Black pepper,105,69,0.657142857
Meghalaya,WEST KHASI HILLS,2011,Whole Year,Dry chillies,49,48,0.979591837
Meghalaya,WEST KHASI HILLS,2011,Whole Year,Potato,5475,47824,8.734977169
Meghalaya,WEST KHASI HILLS,2011,Whole Year,Sugarcane,7,16,2.285714286
Meghalaya,WEST KHASI HILLS,2011,Whole Year,Turmeric,81,326,4.024691358
Meghalaya,WEST KHASI HILLS,2011,Winter,Rice,7682,11254,1.464983077
Meghalaya,WEST KHASI HILLS,2012,Autumn,Rice,85,181,2.129411765
Meghalaya,WEST KHASI HILLS,2012,Kharif,Banana,790,4374,5.536708861
Meghalaya,WEST KHASI HILLS,2012,Kharif,Dry ginger,339,3049,8.994100295
Meghalaya,WEST KHASI HILLS,2012,Kharif,Sesamum,39,43,1.102564103
Meghalaya,WEST KHASI HILLS,2012,Kharif,Soyabean,42,46,1.095238095
Meghalaya,WEST KHASI HILLS,2012,Kharif,Sweet potato,1408,4679,3.323153409
Meghalaya,WEST KHASI HILLS,2012,Kharif,Tapioca,721,4824,6.690707351
Meghalaya,WEST KHASI HILLS,2012,Rabi,Peas & beans (Pulses),58,120,2.068965517
Meghalaya,WEST KHASI HILLS,2012,Rabi,Rapeseed &Mustard,36,34,0.944444444
Meghalaya,WEST KHASI HILLS,2012,Rabi,Rice,51,119,2.333333333
Meghalaya,WEST KHASI HILLS,2012,Rabi,Small millets,296,330,1.114864865
Meghalaya,WEST KHASI HILLS,2012,Rabi,Tobacco,39,56,1.435897436
Meghalaya,WEST KHASI HILLS,2012,Rabi,Wheat,3,3,1
Meghalaya,WEST KHASI HILLS,2012,Whole Year,Arecanut,1276,1292,1.012539185
Meghalaya,WEST KHASI HILLS,2012,Whole Year,Black pepper,110,93,0.845454545
Meghalaya,WEST KHASI HILLS,2012,Whole Year,Dry chillies,53,53,1
Meghalaya,WEST KHASI HILLS,2012,Whole Year,Maize,4436,7687,1.732867448
Meghalaya,WEST KHASI HILLS,2012,Whole Year,Potato,5606,49937,8.907777381
Meghalaya,WEST KHASI HILLS,2012,Whole Year,Sugarcane,8,21,2.625
Meghalaya,WEST KHASI HILLS,2012,Whole Year,Turmeric,89,396,4.449438202
Meghalaya,WEST KHASI HILLS,2012,Winter,Rice,7688,12118,1.576222685
Meghalaya,WEST KHASI HILLS,2013,Autumn,Rice,25,62,2.48
Meghalaya,WEST KHASI HILLS,2013,Kharif,Banana,518,2998,5.787644788
Meghalaya,WEST KHASI HILLS,2013,Kharif,Dry ginger,287,2661,9.271777003
Meghalaya,WEST KHASI HILLS,2013,Kharif,Sesamum,34,38,1.117647059
Meghalaya,WEST KHASI HILLS,2013,Kharif,Soyabean,41,44,1.073170732
Meghalaya,WEST KHASI HILLS,2013,Kharif,Sweet potato,1132,3958,3.496466431
Meghalaya,WEST KHASI HILLS,2013,Kharif,Tapioca,497,3489,7.020120724
Meghalaya,WEST KHASI HILLS,2013,Rabi,Cowpea(Lobia),13,20,1.538461538
Meghalaya,WEST KHASI HILLS,2013,Rabi,Peas & beans (Pulses),54,115,2.12962963
Meghalaya,WEST KHASI HILLS,2013,Rabi,Rapeseed &Mustard,32,29,0.90625
Meghalaya,WEST KHASI HILLS,2013,Rabi,Small millets,261,291,1.114942529
Meghalaya,WEST KHASI HILLS,2013,Rabi,Tobacco,40,58,1.45
Meghalaya,WEST KHASI HILLS,2013,Rabi,Wheat,4,5,1.25
Meghalaya,WEST KHASI HILLS,2013,Whole Year,Arecanut,769,831,1.080624187
Meghalaya,WEST KHASI HILLS,2013,Whole Year,Black pepper,28,23,0.821428571
Meghalaya,WEST KHASI HILLS,2013,Whole Year,Dry chillies,37,36,0.972972973
Meghalaya,WEST KHASI HILLS,2013,Whole Year,Maize,3076,5661,1.840377113
Meghalaya,WEST KHASI HILLS,2013,Whole Year,Potato,3702,26985,7.289303079
Meghalaya,WEST KHASI HILLS,2013,Whole Year,Sugarcane,9,24,2.666666667
Meghalaya,WEST KHASI HILLS,2013,Whole Year,Turmeric,51,254,4.980392157
Meghalaya,WEST KHASI HILLS,2013,Winter,Rice,5975,10184,1.704435146
Meghalaya,WEST KHASI HILLS,2014,Autumn,Rice,26,64,2.461538462
Meghalaya,WEST KHASI HILLS,2014,Kharif,Banana,521,3032,5.819577735
Meghalaya,WEST KHASI HILLS,2014,Kharif,Dry ginger,291,2697,9.268041237
Meghalaya,WEST KHASI HILLS,2014,Kharif,Sesamum,35,41,1.171428571
Meghalaya,WEST KHASI HILLS,2014,Kharif,Soyabean,43,47,1.093023256
Meghalaya,WEST KHASI HILLS,2014,Kharif,Sweet potato,1143,4100,3.587051619
Meghalaya,WEST KHASI HILLS,2014,Kharif,Tapioca,501,3516,7.017964072
Meghalaya,WEST KHASI HILLS,2014,Rabi,Cowpea(Lobia),14,22,1.571428571
Meghalaya,WEST KHASI HILLS,2014,Rabi,Peas & beans (Pulses),55,122,2.218181818
Meghalaya,WEST KHASI HILLS,2014,Rabi,Rapeseed &Mustard,32,30,0.9375
Meghalaya,WEST KHASI HILLS,2014,Rabi,Small millets,263,314,1.19391635
Meghalaya,WEST KHASI HILLS,2014,Rabi,Tobacco,41,60,1.463414634
Meghalaya,WEST KHASI HILLS,2014,Rabi,Wheat,5,7,1.4
Meghalaya,WEST KHASI HILLS,2014,Summer,Potato,2594,21383,8.243253662
Meghalaya,WEST KHASI HILLS,2014,Whole Year,Arecanut,771,897,1.163424125
Meghalaya,WEST KHASI HILLS,2014,Whole Year,Black pepper,29,24,0.827586207
Meghalaya,WEST KHASI HILLS,2014,Whole Year,Dry chillies,41,40,0.975609756
Meghalaya,WEST KHASI HILLS,2014,Whole Year,Maize,3079,5847,1.89899318
Meghalaya,WEST KHASI HILLS,2014,Whole Year,Sugarcane,10,28,2.8
Meghalaya,WEST KHASI HILLS,2014,Whole Year,Turmeric,52,269,5.173076923
Meghalaya,WEST KHASI HILLS,2014,Winter,Potato,1112,5684,5.111510791
Meghalaya,WEST KHASI HILLS,2014,Winter,Rice,5980,10858,1.815719064
Mizoram,AIZAWL,1997,Kharif,Arhar/Tur,48,69,1.4375
Mizoram,AIZAWL,1997,Kharif,Coconut,2,5,2.5
Mizoram,AIZAWL,1997,Kharif,Groundnut,44,61,1.386363636
Mizoram,AIZAWL,1997,Kharif,Kapas,263,246,0.935361217
Mizoram,AIZAWL,1997,Kharif,Maize,4128,8141,1.972141473
Mizoram,AIZAWL,1997,Kharif,Peas & beans (Pulses),87,108,1.24137931
Mizoram,AIZAWL,1997,Kharif,Rapeseed &Mustard,304,316,1.039473684
Mizoram,AIZAWL,1997,Kharif,Sesamum,1368,1270,0.928362573
Mizoram,AIZAWL,1997,Kharif,Soyabean,563,809,1.436944938
Mizoram,AIZAWL,1997,Rabi,Rapeseed &Mustard,145,146,1.006896552
Mizoram,AIZAWL,1997,Rabi,Tobacco,217,273,1.258064516
Mizoram,AIZAWL,1997,Rabi,Wheat,22,11,0.5
Mizoram,AIZAWL,1997,Whole Year,Rice,30274,50241,1.659542842
Mizoram,AIZAWL,1997,Whole Year,Sugarcane,894,4890,5.469798658
Mizoram,AIZAWL,1997,Whole Year,Tapioca,255,5981,23.45490196
Mizoram,AIZAWL,1998,Kharif,Cotton(lint),267,260,0.973782772
Mizoram,AIZAWL,1998,Kharif,Maize,3803,6380,1.677622929
Mizoram,AIZAWL,1998,Kharif,Other Kharif pulses,2812,4364,1.551920341
Mizoram,AIZAWL,1998,Kharif,other oilseeds,1779,2315,1.301292861
Mizoram,AIZAWL,1998,Kharif,Potato,70,310,4.428571429
Mizoram,AIZAWL,1998,Kharif,Rice,29487,46626,1.58123919
Mizoram,AIZAWL,1998,Kharif,Tapioca,269,1788,6.646840149
Mizoram,AIZAWL,1998,Rabi,Other  Rabi pulses,1222,2855,2.336333879
Mizoram,AIZAWL,1998,Rabi,other oilseeds,120,159,1.325
Mizoram,AIZAWL,1998,Rabi,Potato,80,350,4.375
Mizoram,AIZAWL,1998,Rabi,Rice,1232,3712,3.012987013
Mizoram,AIZAWL,1998,Rabi,Wheat,52,44,0.846153846
Mizoram,AIZAWL,1998,Whole Year,Kapas,267,260,0.973782772
Mizoram,AIZAWL,1998,Whole Year,Sugarcane,919,5158,5.612622416
Mizoram,AIZAWL,1998,Whole Year,Tobacco,209,256,1.224880383
Mizoram,AIZAWL,1999,Kharif,Cotton(lint),334,1200,3.592814371
Mizoram,AIZAWL,1999,Kharif,Groundnut,10,14,1.4
Mizoram,AIZAWL,1999,Kharif,Maize,3016,6037,2.001657825
Mizoram,AIZAWL,1999,Kharif,Rice,23941,49312,2.05973017
Mizoram,AIZAWL,1999,Kharif,Sesamum,1151,1222,1.061685491
Mizoram,AIZAWL,1999,Kharif,Soyabean,534,536,1.003745318
Mizoram,AIZAWL,1999,Rabi,Maize,138,124,0.898550725
Mizoram,AIZAWL,1999,Rabi,Rapeseed &Mustard,138,105,0.760869565
Mizoram,AIZAWL,1999,Rabi,Wheat,43,38,0.88372093
Mizoram,AIZAWL,1999,Whole Year,Potato,245,2800,11.42857143
Mizoram,AIZAWL,1999,Whole Year,Sugarcane,588,1021,1.736394558
Mizoram,AIZAWL,2000,Kharif,Arhar/Tur,69,249,3.608695652
Mizoram,AIZAWL,2000,Kharif,Cotton(lint),337,871,2.584569733
Mizoram,AIZAWL,2000,Kharif,Maize,3646,10391,2.849972573
Mizoram,AIZAWL,2000,Kharif,Other Kharif pulses,834,1624,1.947242206
Mizoram,AIZAWL,2000,Kharif,Rice,24666,53997,2.189126733
Mizoram,AIZAWL,2000,Kharif,Sesamum,1181,724,0.613039797
Mizoram,AIZAWL,2000,Kharif,Soyabean,643,625,0.972006221
Mizoram,AIZAWL,2000,Rabi,Maize,152,193,1.269736842
Mizoram,AIZAWL,2000,Rabi,Masoor,10,8,0.8
Mizoram,AIZAWL,2000,Rabi,Other  Rabi pulses,203,420,2.068965517
Mizoram,AIZAWL,2000,Rabi,Rapeseed &Mustard,156,111,0.711538462
Mizoram,AIZAWL,2000,Whole Year,Potato,230,2300,10
Mizoram,AIZAWL,2000,Whole Year,Sugarcane,685,2200,3.211678832
Mizoram,AIZAWL,2000,Whole Year,Tobacco,230,180,0.782608696
Mizoram,AIZAWL,2001,Kharif,Arhar/Tur,66,40,0.606060606
Mizoram,AIZAWL,2001,Kharif,Cotton(lint),450,843,1.873333333
Mizoram,AIZAWL,2001,Kharif,Maize,4106,11248,2.739405748
Mizoram,AIZAWL,2001,Kharif,Moong(Green Gram),3,3.3,1.1
Mizoram,AIZAWL,2001,Kharif,Peas & beans (Pulses),12,13.5,1.125
Mizoram,AIZAWL,2001,Kharif,Rice,26378,53079,2.012245053
Mizoram,AIZAWL,2001,Kharif,Sesamum,993,478,0.481369587
Mizoram,AIZAWL,2001,Kharif,Soyabean,711,666,0.936708861
Mizoram,AIZAWL,2001,Kharif,Urad,2,2,1
Mizoram,AIZAWL,2001,Rabi,Maize,8,16,2
Mizoram,AIZAWL,2001,Rabi,Masoor,33,48.63,1.473636364
Mizoram,AIZAWL,2001,Rabi,Moong(Green Gram),58.77,42.9,0.729964267
Mizoram,AIZAWL,2001,Rabi,Peas & beans (Pulses),113,69.04,0.610973451
Mizoram,AIZAWL,2001,Rabi,Rapeseed &Mustard,343,354,1.032069971
Mizoram,AIZAWL,2001,Rabi,Urad,8,4.66,0.5825
Mizoram,AIZAWL,2001,Whole Year,Potato,110,880,8
Mizoram,AIZAWL,2001,Whole Year,Sugarcane,1097,5183,4.724703737
Mizoram,AIZAWL,2001,Whole Year,Tapioca,126,574,4.555555556
Mizoram,AIZAWL,2001,Whole Year,Tobacco,158,129,0.816455696
Mizoram,AIZAWL,2002,Kharif,Arhar/Tur,32,27,0.84375
Mizoram,AIZAWL,2002,Kharif,Cotton(lint),224,641,2.861607143
Mizoram,AIZAWL,2002,Kharif,Maize,3278,7461,2.276082977
Mizoram,AIZAWL,2002,Kharif,Moong(Green Gram),13,9,0.692307692
Mizoram,AIZAWL,2002,Kharif,Other Kharif pulses,1193,1733,1.452640402
Mizoram,AIZAWL,2002,Kharif,Rice,26485,52774,1.992599585
Mizoram,AIZAWL,2002,Kharif,Sesamum,787,435,0.552731893
Mizoram,AIZAWL,2002,Kharif,Soyabean,646,617,0.955108359
Mizoram,AIZAWL,2002,Kharif,Urad,6,4,0.666666667
Mizoram,AIZAWL,2002,Rabi,Maize,85,181,2.129411765
Mizoram,AIZAWL,2002,Rabi,Moong(Green Gram),5,2,0.4
Mizoram,AIZAWL,2002,Rabi,Other  Rabi pulses,524,1153,2.200381679
Mizoram,AIZAWL,2002,Rabi,Rapeseed &Mustard,308,285,0.925324675
Mizoram,AIZAWL,2002,Rabi,Urad,2,1,0.5
Mizoram,AIZAWL,2002,Whole Year,Potato,122,202,1.655737705
Mizoram,AIZAWL,2002,Whole Year,Sugarcane,1081,4262,3.942645698
Mizoram,AIZAWL,2002,Whole Year,Tapioca,42,273,6.5
Mizoram,AIZAWL,2002,Whole Year,Tobacco,153,145,0.947712418
Mizoram,AIZAWL,2003,Kharif,Arhar/Tur,6,4,0.666666667
Mizoram,AIZAWL,2003,Kharif,Cotton(lint),50,141,2.82
Mizoram,AIZAWL,2003,Kharif,Gram,3,3,1
Mizoram,AIZAWL,2003,Kharif,Maize,2685,4833,1.8
Mizoram,AIZAWL,2003,Kharif,Other Kharif pulses,590,492,0.833898305
Mizoram,AIZAWL,2003,Kharif,Peas & beans (Pulses),15,13,0.866666667
Mizoram,AIZAWL,2003,Kharif,Rice,13951,27913,2.000788474
Mizoram,AIZAWL,2003,Kharif,Sesamum,260,215,0.826923077
Mizoram,AIZAWL,2003,Kharif,Soyabean,425,388,0.912941176
Mizoram,AIZAWL,2003,Rabi,Maize,46,82,1.782608696
Mizoram,AIZAWL,2003,Rabi,Moong(Green Gram),5,4,0.8
Mizoram,AIZAWL,2003,Rabi,Other  Rabi pulses,369,427,1.157181572
Mizoram,AIZAWL,2003,Rabi,Peas & beans (Pulses),65,58,0.892307692
Mizoram,AIZAWL,2003,Whole Year,Potato,60,85,1.416666667
Mizoram,AIZAWL,2003,Whole Year,Sugarcane,630,15760,25.01587302
Mizoram,AIZAWL,2003,Whole Year,Tapioca,17,220,12.94117647
Mizoram,AIZAWL,2003,Whole Year,Tobacco,80,42,0.525
Mizoram,AIZAWL,2004,Kharif,Cotton(lint),68,323,4.75
Mizoram,AIZAWL,2004,Kharif,Groundnut,2,2,1
Mizoram,AIZAWL,2004,Kharif,Maize,1357,3993,2.942520265
Mizoram,AIZAWL,2004,Kharif,Rapeseed &Mustard,7,5,0.714285714
Mizoram,AIZAWL,2004,Kharif,Rice,9800,13416,1.368979592
Mizoram,AIZAWL,2004,Kharif,Sesamum,410,344,0.83902439
Mizoram,AIZAWL,2004,Kharif,Soyabean,371,746,2.010781671
Mizoram,AIZAWL,2004,Rabi,Maize,98,223,2.275510204
Mizoram,AIZAWL,2004,Rabi,Rapeseed &Mustard,65,22,0.338461538
Mizoram,AIZAWL,2004,Whole Year,Tobacco,84,55,0.654761905
Mizoram,AIZAWL,2005,Kharif,Arhar/Tur,26,27,1.038461538
Mizoram,AIZAWL,2005,Kharif,Cotton(lint),74,40,0.540540541
Mizoram,AIZAWL,2005,Kharif,Maize,1360,3944,2.9
Mizoram,AIZAWL,2005,Kharif,Other Kharif pulses,1121,1485,1.32471008
Mizoram,AIZAWL,2005,Kharif,Peas & beans (Pulses),10,10,1
Mizoram,AIZAWL,2005,Kharif,Rapeseed &Mustard,8,6,0.75
Mizoram,AIZAWL,2005,Kharif,Sesamum,511,264,0.516634051
Mizoram,AIZAWL,2005,Kharif,Soyabean,400,780,1.95
Mizoram,AIZAWL,2005,Rabi,Maize,90,252,2.8
Mizoram,AIZAWL,2005,Rabi,Other  Rabi pulses,340,285,0.838235294
Mizoram,AIZAWL,2005,Rabi,Peas & beans (Pulses),90,65,0.722222222
Mizoram,AIZAWL,2005,Rabi,Rapeseed &Mustard,66,43,0.651515152
Mizoram,AIZAWL,2005,Whole Year,Potato,195,318,1.630769231
Mizoram,AIZAWL,2005,Whole Year,Rice,10124,15423,1.523409719
Mizoram,AIZAWL,2005,Whole Year,Sugarcane,704,35200,50
Mizoram,AIZAWL,2005,Whole Year,Tobacco,83,56,0.674698795
Mizoram,AIZAWL,2006,Kharif,Cotton(lint),64,26,0.40625
Mizoram,AIZAWL,2006,Kharif,Maize,1450,3930,2.710344828
Mizoram,AIZAWL,2006,Kharif,Other Kharif pulses,1127,1054,0.935226264
Mizoram,AIZAWL,2006,Kharif,other oilseeds,858,710,0.827505828
Mizoram,AIZAWL,2006,Kharif,Potato,33,218,6.606060606
Mizoram,AIZAWL,2006,Kharif,Rice,8412,220,0.026153115
Mizoram,AIZAWL,2006,Rabi,Maize,16,27,1.6875
Mizoram,AIZAWL,2006,Rabi,Other  Rabi pulses,506,554,1.09486166
Mizoram,AIZAWL,2006,Rabi,other oilseeds,10,5,0.5
Mizoram,AIZAWL,2006,Rabi,Rice,537,726,1.351955307
Mizoram,AIZAWL,2006,Whole Year,Sugarcane,706,2645,3.746458924
Mizoram,AIZAWL,2006,Whole Year,Tobacco,29,25,0.862068966
Mizoram,AIZAWL,2007,Kharif,Cotton(lint),47,4,0.085106383
Mizoram,AIZAWL,2007,Kharif,Maize,968,79,0.08161157
Mizoram,AIZAWL,2007,Kharif,Other Kharif pulses,1097,169,0.154056518
Mizoram,AIZAWL,2007,Kharif,other oilseeds,832,119,0.143028846
Mizoram,AIZAWL,2007,Kharif,Potato,25,57,2.28
Mizoram,AIZAWL,2007,Kharif,Rice,8457,1308,0.154664775
Mizoram,AIZAWL,2007,Rabi,Other  Rabi pulses,120,130,1.083333333
Mizoram,AIZAWL,2007,Rabi,Rice,80,96,1.2
Mizoram,AIZAWL,2007,Whole Year,Sugarcane,247,405,1.639676113
Mizoram,AIZAWL,2007,Whole Year,Tobacco,65,23,0.353846154
Mizoram,AIZAWL,2008,Kharif,Cotton(lint),36,5,0.138888889
Mizoram,AIZAWL,2008,Kharif,Maize,1794,936,0.52173913
Mizoram,AIZAWL,2008,Kharif,Other Kharif pulses,649,782,1.204930663
Mizoram,AIZAWL,2008,Kharif,other oilseeds,577,678,1.175043328
Mizoram,AIZAWL,2008,Kharif,Potato,16,37,2.3125
Mizoram,AIZAWL,2008,Kharif,Rice,6604,5220,0.790430042
Mizoram,AIZAWL,2008,Rabi,Maize,58,13,0.224137931
Mizoram,AIZAWL,2008,Rabi,Other  Rabi pulses,359,387,1.077994429
Mizoram,AIZAWL,2008,Rabi,other oilseeds,185,94,0.508108108
Mizoram,AIZAWL,2008,Whole Year,Sugarcane,339,1302,3.840707965
Mizoram,AIZAWL,2008,Whole Year,Tobacco,51,18,0.352941176
Mizoram,AIZAWL,2009,Kharif,Cotton(lint),23,13,0.565217391
Mizoram,AIZAWL,2009,Kharif,Maize,1458,2282,1.56515775
Mizoram,AIZAWL,2009,Kharif,Other Kharif pulses,824,1788,2.169902913
Mizoram,AIZAWL,2009,Kharif,other oilseeds,563,746,1.325044405
Mizoram,AIZAWL,2009,Kharif,Rice,5328,6823,1.280593093
Mizoram,AIZAWL,2009,Kharif,Tapioca,20,331,16.55
Mizoram,AIZAWL,2009,Rabi,Maize,62,126,2.032258065
Mizoram,AIZAWL,2009,Rabi,Other  Rabi pulses,366,1417,3.871584699
Mizoram,AIZAWL,2009,Rabi,other oilseeds,127,58,0.456692913
Mizoram,AIZAWL,2009,Whole Year,Sugarcane,420,1344,3.2
Mizoram,AIZAWL,2009,Whole Year,Tobacco,35,18,0.514285714
Mizoram,CHAMPHAI,1997,Kharif,Arhar/Tur,3,8,2.666666667
Mizoram,CHAMPHAI,1997,Kharif,Groundnut,35,39,1.114285714
Mizoram,CHAMPHAI,1997,Kharif,Kapas,37,40,1.081081081
Mizoram,CHAMPHAI,1997,Kharif,Maize,1104,2760,2.5
Mizoram,CHAMPHAI,1997,Kharif,Peas & beans (Pulses),4,11,2.75
Mizoram,CHAMPHAI,1997,Kharif,Rapeseed &Mustard,50,56,1.12
Mizoram,CHAMPHAI,1997,Kharif,Sesamum,489,543,1.110429448
Mizoram,CHAMPHAI,1997,Kharif,Soyabean,36,40,1.111111111
Mizoram,CHAMPHAI,1997,Kharif,Sunflower,4,4,1
Mizoram,CHAMPHAI,1997,Rabi,Maize,10,23,2.3
Mizoram,CHAMPHAI,1997,Rabi,Tobacco,20,40,2
Mizoram,CHAMPHAI,1997,Whole Year,Rice,6002,9252,1.541486171
Mizoram,CHAMPHAI,1997,Whole Year,Sugarcane,48,95,1.979166667
Mizoram,CHAMPHAI,1997,Whole Year,Tapioca,53,310,5.849056604
Mizoram,CHAMPHAI,1998,Kharif,Cotton(lint),33,31,0.939393939
Mizoram,CHAMPHAI,1998,Kharif,Maize,1789,4510,2.520961431
Mizoram,CHAMPHAI,1998,Kharif,Other Kharif pulses,244,414,1.696721311
Mizoram,CHAMPHAI,1998,Kharif,other oilseeds,278,347,1.248201439
Mizoram,CHAMPHAI,1998,Kharif,Potato,110,555,5.045454545
Mizoram,CHAMPHAI,1998,Kharif,Rice,5722,9403,1.643306536
Mizoram,CHAMPHAI,1998,Kharif,Tapioca,45,90,2
Mizoram,CHAMPHAI,1998,Rabi,Maize,3,5,1.666666667
Mizoram,CHAMPHAI,1998,Rabi,Other  Rabi pulses,33,76,2.303030303
Mizoram,CHAMPHAI,1998,Rabi,Rice,13,126,9.692307692
Mizoram,CHAMPHAI,1998,Whole Year,Kapas,33,31,0.939393939
Mizoram,CHAMPHAI,1998,Whole Year,Sugarcane,18,70,3.888888889
Mizoram,CHAMPHAI,1998,Whole Year,Tobacco,93,80,0.860215054
Mizoram,CHAMPHAI,1999,Kharif,Groundnut,11,16,1.454545455
Mizoram,CHAMPHAI,1999,Kharif,Maize,700,1440,2.057142857
Mizoram,CHAMPHAI,1999,Kharif,Rice,5807,9182,1.581195109
Mizoram,CHAMPHAI,1999,Kharif,Sesamum,240,250,1.041666667
Mizoram,CHAMPHAI,1999,Kharif,Soyabean,122,125,1.024590164
Mizoram,CHAMPHAI,1999,Rabi,Rapeseed &Mustard,116,150,1.293103448
Mizoram,CHAMPHAI,1999,Whole Year,Potato,155,360,2.322580645
Mizoram,CHAMPHAI,2000,Kharif,Arhar/Tur,27,9,0.333333333
Mizoram,CHAMPHAI,2000,Kharif,Cotton(lint),4,12,3
Mizoram,CHAMPHAI,2000,Kharif,Maize,1196,2623,2.193143813
Mizoram,CHAMPHAI,2000,Kharif,Other Kharif pulses,272,235,0.863970588
Mizoram,CHAMPHAI,2000,Kharif,Rice,7596,8931,1.175750395
Mizoram,CHAMPHAI,2000,Kharif,Sesamum,80,62,0.775
Mizoram,CHAMPHAI,2000,Kharif,Soyabean,82,54,0.658536585
Mizoram,CHAMPHAI,2000,Rabi,Rapeseed &Mustard,29,18,0.620689655
Mizoram,CHAMPHAI,2000,Whole Year,Sugarcane,36,72,2
Mizoram,CHAMPHAI,2000,Whole Year,Tobacco,65,18,0.276923077
Mizoram,CHAMPHAI,2001,Kharif,Cotton(lint),18,72,4
Mizoram,CHAMPHAI,2001,Kharif,Rice,9650,10931,1.132746114
Mizoram,CHAMPHAI,2001,Kharif,Sesamum,398,152,0.381909548
Mizoram,CHAMPHAI,2001,Kharif,Soyabean,63,62,0.984126984
Mizoram,CHAMPHAI,2001,Rabi,Maize,1771,2721,1.536420102
Mizoram,CHAMPHAI,2001,Rabi,Rapeseed &Mustard,32,29,0.90625
Mizoram,CHAMPHAI,2001,Whole Year,Potato,146,267,1.828767123
Mizoram,CHAMPHAI,2001,Whole Year,Sugarcane,23,35,1.52173913
Mizoram,CHAMPHAI,2001,Whole Year,Tapioca,92,112,1.217391304
Mizoram,CHAMPHAI,2001,Whole Year,Tobacco,35,27,0.771428571
Mizoram,CHAMPHAI,2002,Kharif,Arhar/Tur,2,1,0.5
Mizoram,CHAMPHAI,2002,Kharif,Cotton(lint),9,18,2
Mizoram,CHAMPHAI,2002,Kharif,Maize,1728,3110,1.799768519
Mizoram,CHAMPHAI,2002,Kharif,Masoor,26,28,1.076923077
Mizoram,CHAMPHAI,2002,Kharif,Other Kharif pulses,288,151,0.524305556
Mizoram,CHAMPHAI,2002,Kharif,Rice,9927,11104,1.118565528
Mizoram,CHAMPHAI,2002,Kharif,Sesamum,331,132,0.398791541
Mizoram,CHAMPHAI,2002,Kharif,Soyabean,117,94,0.803418803
Mizoram,CHAMPHAI,2002,Rabi,Arhar/Tur,170,68,0.4
Mizoram,CHAMPHAI,2002,Rabi,Maize,380,684,1.8
Mizoram,CHAMPHAI,2002,Rabi,Masoor,41,56,1.365853659
Mizoram,CHAMPHAI,2002,Rabi,Other  Rabi pulses,540,237,0.438888889
Mizoram,CHAMPHAI,2002,Rabi,Rapeseed &Mustard,81,36,0.444444444
Mizoram,CHAMPHAI,2002,Whole Year,Potato,137,274,2
Mizoram,CHAMPHAI,2002,Whole Year,Sugarcane,26,36,1.384615385
Mizoram,CHAMPHAI,2002,Whole Year,Tapioca,95,143,1.505263158
Mizoram,CHAMPHAI,2002,Whole Year,Tobacco,28,25,0.892857143
Mizoram,CHAMPHAI,2003,Kharif,Cotton(lint),70,471,6.728571429
Mizoram,CHAMPHAI,2003,Kharif,Maize,1837,3340,1.818181818
Mizoram,CHAMPHAI,2003,Kharif,Other Kharif pulses,227,181,0.797356828
Mizoram,CHAMPHAI,2003,Kharif,Rice,9376,21861,2.331591297
Mizoram,CHAMPHAI,2003,Kharif,Sesamum,110,60,0.545454545
Mizoram,CHAMPHAI,2003,Kharif,Soyabean,135,250,1.851851852
Mizoram,CHAMPHAI,2003,Rabi,Other  Rabi pulses,120,96,0.8
Mizoram,CHAMPHAI,2003,Rabi,Peas & beans (Pulses),78,62,0.794871795
Mizoram,CHAMPHAI,2003,Whole Year,Potato,50,55,1.1
Mizoram,CHAMPHAI,2003,Whole Year,Sugarcane,300,7500,25
Mizoram,CHAMPHAI,2003,Whole Year,Tobacco,150,180,1.2
Mizoram,CHAMPHAI,2004,Kharif,Cotton(lint),47,276,5.872340426
Mizoram,CHAMPHAI,2004,Kharif,Maize,2040,3021,1.480882353
Mizoram,CHAMPHAI,2004,Kharif,Rice,10799,23472,2.173534587
Mizoram,CHAMPHAI,2004,Kharif,Sesamum,120,59,0.491666667
Mizoram,CHAMPHAI,2004,Kharif,Soyabean,150,145,0.966666667
Mizoram,CHAMPHAI,2004,Rabi,Maize,3,15,5
Mizoram,CHAMPHAI,2004,Whole Year,Tobacco,183,135,0.737704918
Mizoram,CHAMPHAI,2005,Kharif,Arhar/Tur,14,14,1
Mizoram,CHAMPHAI,2005,Kharif,Cotton(lint),56,31,0.553571429
Mizoram,CHAMPHAI,2005,Kharif,Maize,2050,4311,2.102926829
Mizoram,CHAMPHAI,2005,Kharif,Other Kharif pulses,362,402,1.110497238
Mizoram,CHAMPHAI,2005,Kharif,Sesamum,103,58,0.563106796
Mizoram,CHAMPHAI,2005,Kharif,Soyabean,158,167,1.056962025
Mizoram,CHAMPHAI,2005,Kharif,Tapioca,10,92,9.2
Mizoram,CHAMPHAI,2005,Rabi,Other  Rabi pulses,69,149,2.15942029
Mizoram,CHAMPHAI,2005,Rabi,Peas & beans (Pulses),247,284,1.149797571
Mizoram,CHAMPHAI,2005,Whole Year,Potato,138,1012,7.333333333
Mizoram,CHAMPHAI,2005,Whole Year,Rice,10419,19660,1.886937326
Mizoram,CHAMPHAI,2005,Whole Year,Sugarcane,132,1911,14.47727273
Mizoram,CHAMPHAI,2005,Whole Year,Tobacco,174,126,0.724137931
Mizoram,CHAMPHAI,2006,Kharif,Cotton(lint),59,40,0.677966102
Mizoram,CHAMPHAI,2006,Kharif,Maize,2045,5434,2.657212714
Mizoram,CHAMPHAI,2006,Kharif,Other Kharif pulses,380,365,0.960526316
Mizoram,CHAMPHAI,2006,Kharif,other oilseeds,257,289,1.124513619
Mizoram,CHAMPHAI,2006,Kharif,Potato,22,176,8
Mizoram,CHAMPHAI,2006,Kharif,Rice,10304,5291,0.513489907
Mizoram,CHAMPHAI,2006,Rabi,Maize,2,5,2.5
Mizoram,CHAMPHAI,2006,Rabi,Other  Rabi pulses,626,985,1.573482428
Mizoram,CHAMPHAI,2006,Whole Year,Sugarcane,136,2127,15.63970588
Mizoram,CHAMPHAI,2006,Whole Year,Tobacco,175,144,0.822857143
Mizoram,CHAMPHAI,2007,Kharif,Maize,2180,91,0.041743119
Mizoram,CHAMPHAI,2007,Kharif,Other Kharif pulses,980,259,0.264285714
Mizoram,CHAMPHAI,2007,Kharif,other oilseeds,260,75,0.288461538
Mizoram,CHAMPHAI,2007,Kharif,Potato,75,187,2.493333333
Mizoram,CHAMPHAI,2007,Kharif,Rice,13602,5361,0.394133216
Mizoram,CHAMPHAI,2007,Rabi,Maize,15,18,1.2
Mizoram,CHAMPHAI,2007,Rabi,Other  Rabi pulses,530,795,1.5
Mizoram,CHAMPHAI,2007,Rabi,Rice,10,9,0.9
Mizoram,CHAMPHAI,2007,Whole Year,Sugarcane,3,67,22.33333333
Mizoram,CHAMPHAI,2008,Kharif,Cotton(lint),47,47,1
Mizoram,CHAMPHAI,2008,Kharif,Maize,1426,2122,1.488078541
Mizoram,CHAMPHAI,2008,Kharif,Other Kharif pulses,177,199,1.124293785
Mizoram,CHAMPHAI,2008,Kharif,other oilseeds,270,204,0.755555556
Mizoram,CHAMPHAI,2008,Kharif,Potato,119,1193,10.02521008
Mizoram,CHAMPHAI,2008,Kharif,Rice,9462,18955,2.003276263
Mizoram,CHAMPHAI,2008,Rabi,Maize,3,15,5
Mizoram,CHAMPHAI,2008,Rabi,Other  Rabi pulses,317,436,1.375394322
Mizoram,CHAMPHAI,2008,Whole Year,Sugarcane,133,2793,21
Mizoram,CHAMPHAI,2008,Whole Year,Tobacco,183,135,0.737704918
Mizoram,CHAMPHAI,2009,Kharif,Cotton(lint),58,47,0.810344828
Mizoram,CHAMPHAI,2009,Kharif,Maize,1515,2249,1.484488449
Mizoram,CHAMPHAI,2009,Kharif,Other Kharif pulses,215,231,1.074418605
Mizoram,CHAMPHAI,2009,Kharif,other oilseeds,306,235,0.767973856
Mizoram,CHAMPHAI,2009,Kharif,Potato,141,1302,9.234042553
Mizoram,CHAMPHAI,2009,Kharif,Rice,7973,17225,2.160416405
Mizoram,CHAMPHAI,2009,Kharif,Tapioca,95,141,1.484210526
Mizoram,CHAMPHAI,2009,Rabi,Other  Rabi pulses,503,701,1.393638171
Mizoram,CHAMPHAI,2009,Whole Year,Sugarcane,126,2592,20.57142857
Mizoram,CHAMPHAI,2009,Whole Year,Tobacco,146,109,0.746575342
Mizoram,KOLASIB,1997,Kharif,Arhar/Tur,42,75,1.785714286
Mizoram,KOLASIB,1997,Kharif,Groundnut,40,78,1.95
Mizoram,KOLASIB,1997,Kharif,Kapas,517,55,0.106382979
Mizoram,KOLASIB,1997,Kharif,Maize,1863,2972,1.595276436
Mizoram,KOLASIB,1997,Kharif,Peas & beans (Pulses),55,25,0.454545455
Mizoram,KOLASIB,1997,Kharif,Sesamum,2010,2340,1.164179104
Mizoram,KOLASIB,1997,Kharif,Soyabean,250,480,1.92
Mizoram,KOLASIB,1997,Rabi,Maize,110,220,2
Mizoram,KOLASIB,1997,Rabi,Rapeseed &Mustard,1950,1194,0.612307692
Mizoram,KOLASIB,1997,Rabi,Tobacco,25,24,0.96
Mizoram,KOLASIB,1997,Whole Year,Rice,17326,28675,1.655027127
Mizoram,KOLASIB,1997,Whole Year,Sugarcane,160,2240,14
Mizoram,KOLASIB,1997,Whole Year,Tapioca,90,185,2.055555556
Mizoram,KOLASIB,1998,Kharif,Cotton(lint),110,50,0.454545455
Mizoram,KOLASIB,1998,Kharif,Maize,1920,3072,1.6
Mizoram,KOLASIB,1998,Kharif,Other Kharif pulses,325,505,1.553846154
Mizoram,KOLASIB,1998,Kharif,other oilseeds,2330,2994,1.284978541
Mizoram,KOLASIB,1998,Kharif,Rice,12668,17382,1.372118724
Mizoram,KOLASIB,1998,Kharif,Tapioca,90,185,2.055555556
Mizoram,KOLASIB,1998,Rabi,Maize,114,234,2.052631579
Mizoram,KOLASIB,1998,Rabi,Other  Rabi pulses,112,117,1.044642857
Mizoram,KOLASIB,1998,Rabi,other oilseeds,1960,1234,0.629591837
Mizoram,KOLASIB,1998,Rabi,Rice,4749,11798,2.484312487
Mizoram,KOLASIB,1998,Rabi,Wheat,3,4,1.333333333
Mizoram,KOLASIB,1998,Whole Year,Kapas,110,50,0.454545455
Mizoram,KOLASIB,1998,Whole Year,Sugarcane,170,2370,13.94117647
Mizoram,KOLASIB,1998,Whole Year,Tobacco,20,18,0.9
Mizoram,KOLASIB,1999,Kharif,Cotton(lint),72,335,4.652777778
Mizoram,KOLASIB,1999,Kharif,Groundnut,50,85,1.7
Mizoram,KOLASIB,1999,Kharif,Maize,492,787,1.599593496
Mizoram,KOLASIB,1999,Kharif,Rice,11102,17103,1.540533237
Mizoram,KOLASIB,1999,Kharif,Sesamum,2016,2400,1.19047619
Mizoram,KOLASIB,1999,Kharif,Soyabean,260,490,1.884615385
Mizoram,KOLASIB,1999,Rabi,Maize,47,66,1.404255319
Mizoram,KOLASIB,1999,Rabi,Rapeseed &Mustard,1965,1234,0.627989822
Mizoram,KOLASIB,1999,Whole Year,Potato,73,456,6.246575342
Mizoram,KOLASIB,1999,Whole Year,Sugarcane,51,257,5.039215686
Mizoram,KOLASIB,2000,Kharif,Cotton(lint),72,112,1.555555556
Mizoram,KOLASIB,2000,Kharif,Maize,493,740,1.501014199
Mizoram,KOLASIB,2000,Kharif,Other Kharif pulses,176,265,1.505681818
Mizoram,KOLASIB,2000,Kharif,Rice,12606,25905,2.054973822
Mizoram,KOLASIB,2000,Kharif,Sesamum,2017,625,0.309866138
Mizoram,KOLASIB,2000,Kharif,Soyabean,261,221,0.846743295
Mizoram,KOLASIB,2000,Rabi,Maize,47,70,1.489361702
Mizoram,KOLASIB,2000,Rabi,Other  Rabi pulses,52,73,1.403846154
Mizoram,KOLASIB,2000,Rabi,Rapeseed &Mustard,2067,1763,0.852926947
Mizoram,KOLASIB,2000,Whole Year,Sugarcane,155,3608,23.27741935
Mizoram,KOLASIB,2001,Kharif,Cotton(lint),73,141,1.931506849
Mizoram,KOLASIB,2001,Kharif,Maize,495,748,1.511111111
Mizoram,KOLASIB,2001,Kharif,Peas & beans (Pulses),63,97,1.53968254
Mizoram,KOLASIB,2001,Kharif,Rice,12630,27207,2.15415677
Mizoram,KOLASIB,2001,Kharif,Sesamum,2019,628,0.311045072
Mizoram,KOLASIB,2001,Kharif,Soyabean,265,224,0.845283019
Mizoram,KOLASIB,2001,Kharif,Urad,26,27,1.038461538
Mizoram,KOLASIB,2001,Rabi,Maize,50,76,1.52
Mizoram,KOLASIB,2001,Rabi,Masoor,10,6,0.6
Mizoram,KOLASIB,2001,Rabi,Moong(Green Gram),12,20,1.666666667
Mizoram,KOLASIB,2001,Rabi,Rapeseed &Mustard,2069,1760,0.850652489
Mizoram,KOLASIB,2001,Rabi,Urad,20,12,0.6
Mizoram,KOLASIB,2001,Whole Year,Potato,10,75,7.5
Mizoram,KOLASIB,2001,Whole Year,Sugarcane,178,3702,20.79775281
Mizoram,KOLASIB,2001,Whole Year,Tapioca,20,160,8
Mizoram,KOLASIB,2002,Kharif,Arhar/Tur,45,24,0.533333333
Mizoram,KOLASIB,2002,Kharif,Cotton(lint),78,159,2.038461538
Mizoram,KOLASIB,2002,Kharif,Maize,990,1485,1.5
Mizoram,KOLASIB,2002,Kharif,Other Kharif pulses,228,198,0.868421053
Mizoram,KOLASIB,2002,Kharif,Rice,12861,27074,2.105124018
Mizoram,KOLASIB,2002,Kharif,Sesamum,1260,755,0.599206349
Mizoram,KOLASIB,2002,Kharif,Soyabean,960,875,0.911458333
Mizoram,KOLASIB,2002,Rabi,Arhar/Tur,166,102,0.614457831
Mizoram,KOLASIB,2002,Rabi,Maize,80,120,1.5
Mizoram,KOLASIB,2002,Rabi,Masoor,12,7,0.583333333
Mizoram,KOLASIB,2002,Rabi,Moong(Green Gram),15,10,0.666666667
Mizoram,KOLASIB,2002,Rabi,Other  Rabi pulses,796,495,0.621859296
Mizoram,KOLASIB,2002,Rabi,Rapeseed &Mustard,1600,1120,0.7
Mizoram,KOLASIB,2002,Rabi,Urad,23,13,0.565217391
Mizoram,KOLASIB,2002,Whole Year,Sugarcane,181,2705,14.94475138
Mizoram,KOLASIB,2002,Whole Year,Tapioca,25,280,11.2
Mizoram,KOLASIB,2002,Whole Year,Tobacco,20,13,0.65
Mizoram,KOLASIB,2003,Kharif,Arhar/Tur,15,9,0.6
Mizoram,KOLASIB,2003,Kharif,Cotton(lint),35,71,2.028571429
Mizoram,KOLASIB,2003,Kharif,Maize,850,1700,2
Mizoram,KOLASIB,2003,Kharif,Other Kharif pulses,220,139,0.631818182
Mizoram,KOLASIB,2003,Kharif,Rice,9488,19340,2.03836425
Mizoram,KOLASIB,2003,Kharif,Sesamum,680,408,0.6
Mizoram,KOLASIB,2003,Kharif,Soyabean,710,646,0.909859155
Mizoram,KOLASIB,2003,Rabi,Arhar/Tur,18,12,0.666666667
Mizoram,KOLASIB,2003,Rabi,Gram,15,10,0.666666667
Mizoram,KOLASIB,2003,Rabi,Maize,57,111,1.947368421
Mizoram,KOLASIB,2003,Rabi,Masoor,6,4,0.666666667
Mizoram,KOLASIB,2003,Rabi,Moong(Green Gram),7,6,0.857142857
Mizoram,KOLASIB,2003,Rabi,Other  Rabi pulses,478,304,0.635983264
Mizoram,KOLASIB,2003,Rabi,Peas & beans (Pulses),38,46,1.210526316
Mizoram,KOLASIB,2003,Whole Year,Potato,42,101,2.404761905
Mizoram,KOLASIB,2003,Whole Year,Sugarcane,145,6554,45.2
Mizoram,KOLASIB,2003,Whole Year,Tapioca,12,134,11.16666667
Mizoram,KOLASIB,2003,Whole Year,Tobacco,8,4,0.5
Mizoram,KOLASIB,2004,Kharif,Cotton(lint),34,1,0.029411765
Mizoram,KOLASIB,2004,Kharif,Groundnut,16,18,1.125
Mizoram,KOLASIB,2004,Kharif,Maize,845,1708,2.021301775
Mizoram,KOLASIB,2004,Kharif,Rice,8538,16764,1.963457484
Mizoram,KOLASIB,2004,Kharif,Sesamum,581,256,0.440619621
Mizoram,KOLASIB,2004,Kharif,Soyabean,373,1344,3.603217158
Mizoram,KOLASIB,2004,Kharif,Tapioca,19,191,10.05263158
Mizoram,KOLASIB,2004,Rabi,Maize,75,172,2.293333333
Mizoram,KOLASIB,2004,Rabi,Masoor,10,6,0.6
Mizoram,KOLASIB,2004,Rabi,Moong(Green Gram),12,25,2.083333333
Mizoram,KOLASIB,2004,Rabi,Rapeseed &Mustard,1230,600,0.487804878
Mizoram,KOLASIB,2004,Rabi,Urad,20,47,2.35
Mizoram,KOLASIB,2004,Whole Year,Tobacco,10,6,0.6
Mizoram,KOLASIB,2005,Kharif,Arhar/Tur,19,12,0.631578947
Mizoram,KOLASIB,2005,Kharif,Cotton(lint),25,25,1
Mizoram,KOLASIB,2005,Kharif,Groundnut,3,2,0.666666667
Mizoram,KOLASIB,2005,Kharif,Maize,658,1304,1.981762918
Mizoram,KOLASIB,2005,Kharif,Moong(Green Gram),2,1,0.5
Mizoram,KOLASIB,2005,Kharif,Other Kharif pulses,215,281,1.306976744
Mizoram,KOLASIB,2005,Kharif,Peas & beans (Pulses),7,9,1.285714286
Mizoram,KOLASIB,2005,Kharif,Rapeseed &Mustard,15,9,0.6
Mizoram,KOLASIB,2005,Kharif,Sesamum,256,145,0.56640625
Mizoram,KOLASIB,2005,Kharif,Soyabean,365,1251,3.42739726
Mizoram,KOLASIB,2005,Kharif,Tapioca,15,155,10.33333333
Mizoram,KOLASIB,2005,Rabi,Arhar/Tur,12,7,0.583333333
Mizoram,KOLASIB,2005,Rabi,Maize,73,159,2.178082192
Mizoram,KOLASIB,2005,Rabi,Masoor,7,5,0.714285714
Mizoram,KOLASIB,2005,Rabi,Moong(Green Gram),13,25,1.923076923
Mizoram,KOLASIB,2005,Rabi,Other  Rabi pulses,431,1349,3.129930394
Mizoram,KOLASIB,2005,Rabi,Peas & beans (Pulses),54,47,0.87037037
Mizoram,KOLASIB,2005,Rabi,Rapeseed &Mustard,1257,827,0.657915672
Mizoram,KOLASIB,2005,Rabi,Urad,17,40,2.352941176
Mizoram,KOLASIB,2005,Whole Year,Potato,49,717,14.63265306
Mizoram,KOLASIB,2005,Whole Year,Rice,8492,18068,2.127649553
Mizoram,KOLASIB,2005,Whole Year,Sugarcane,259,7184,27.73745174
Mizoram,KOLASIB,2005,Whole Year,Tobacco,16,7,0.4375
Mizoram,KOLASIB,2006,Kharif,Cotton(lint),22,13,0.590909091
Mizoram,KOLASIB,2006,Kharif,Maize,700,1700,2.428571429
Mizoram,KOLASIB,2006,Kharif,Other Kharif pulses,123,196,1.593495935
Mizoram,KOLASIB,2006,Kharif,other oilseeds,528,730,1.382575758
Mizoram,KOLASIB,2006,Kharif,Potato,80,305,3.8125
Mizoram,KOLASIB,2006,Kharif,Rice,6029,3378,0.560291922
Mizoram,KOLASIB,2006,Rabi,Maize,110,214,1.945454545
Mizoram,KOLASIB,2006,Rabi,Other  Rabi pulses,389,687,1.766066838
Mizoram,KOLASIB,2006,Rabi,other oilseeds,20,14,0.7
Mizoram,KOLASIB,2006,Rabi,Rice,1561,2782,1.782190903
Mizoram,KOLASIB,2006,Whole Year,Sugarcane,237,6655,28.08016878
Mizoram,KOLASIB,2006,Whole Year,Tobacco,7,4,0.571428571
Mizoram,KOLASIB,2007,Kharif,Maize,620,50,0.080645161
Mizoram,KOLASIB,2007,Kharif,Other Kharif pulses,530,189,0.356603774
Mizoram,KOLASIB,2007,Kharif,other oilseeds,512,143,0.279296875
Mizoram,KOLASIB,2007,Kharif,Potato,5,12,2.4
Mizoram,KOLASIB,2007,Kharif,Rice,7040,2800,0.397727273
Mizoram,KOLASIB,2007,Rabi,Maize,50,95,1.9
Mizoram,KOLASIB,2007,Rabi,Other  Rabi pulses,120,228,1.9
Mizoram,KOLASIB,2007,Rabi,Rice,15,12,0.8
Mizoram,KOLASIB,2007,Whole Year,Sugarcane,77,,
Mizoram,KOLASIB,2008,Kharif,Cotton(lint),23,11,0.47826087
Mizoram,KOLASIB,2008,Kharif,Maize,775,1045,1.348387097
Mizoram,KOLASIB,2008,Kharif,Other Kharif pulses,166,190,1.144578313
Mizoram,KOLASIB,2008,Kharif,other oilseeds,181,116,0.640883978
Mizoram,KOLASIB,2008,Kharif,Potato,4,26,6.5
Mizoram,KOLASIB,2008,Kharif,Rice,6769,8136,1.201950066
Mizoram,KOLASIB,2008,Kharif,Tapioca,3,1,0.333333333
Mizoram,KOLASIB,2008,Rabi,Maize,84,145,1.726190476
Mizoram,KOLASIB,2008,Rabi,Other  Rabi pulses,267,427,1.599250936
Mizoram,KOLASIB,2008,Rabi,other oilseeds,314,220,0.700636943
Mizoram,KOLASIB,2008,Whole Year,Sugarcane,288,2344,8.138888889
Mizoram,KOLASIB,2008,Whole Year,Tobacco,11,4,0.363636364
Mizoram,KOLASIB,2009,Kharif,Cotton(lint),21,13,0.619047619
Mizoram,KOLASIB,2009,Kharif,Maize,618,858,1.388349515
Mizoram,KOLASIB,2009,Kharif,Other Kharif pulses,182,189,1.038461538
Mizoram,KOLASIB,2009,Kharif,other oilseeds,185,211,1.140540541
Mizoram,KOLASIB,2009,Kharif,Potato,25,208,8.32
Mizoram,KOLASIB,2009,Kharif,Rice,5375,9230,1.717209302
Mizoram,KOLASIB,2009,Kharif,Tapioca,26,317,12.19230769
Mizoram,KOLASIB,2009,Rabi,Maize,96,117,1.21875
Mizoram,KOLASIB,2009,Rabi,Other  Rabi pulses,223,208,0.932735426
Mizoram,KOLASIB,2009,Rabi,other oilseeds,247,178,0.720647773
Mizoram,KOLASIB,2009,Whole Year,Sugarcane,241,3319,13.77178423
Mizoram,KOLASIB,2009,Whole Year,Tobacco,9,4,0.444444444
Mizoram,LAWNGTLAI,2004,Kharif,Cotton(lint),4,17,4.25
Mizoram,LAWNGTLAI,2004,Kharif,Groundnut,2,2,1
Mizoram,LAWNGTLAI,2004,Kharif,Maize,762,1461,1.917322835
Mizoram,LAWNGTLAI,2004,Kharif,Rice,5566,11610,2.085878548
Mizoram,LAWNGTLAI,2004,Kharif,Sesamum,215,92,0.427906977
Mizoram,LAWNGTLAI,2004,Kharif,Soyabean,47,40,0.85106383
Mizoram,LAWNGTLAI,2004,Kharif,Sunflower,11,5,0.454545455
Mizoram,LAWNGTLAI,2004,Rabi,Maize,291,512,1.759450172
Mizoram,LAWNGTLAI,2004,Rabi,Masoor,4,2,0.5
Mizoram,LAWNGTLAI,2004,Rabi,Moong(Green Gram),10,8,0.8
Mizoram,LAWNGTLAI,2004,Rabi,Rapeseed &Mustard,97,38,0.391752577
Mizoram,LAWNGTLAI,2004,Whole Year,Tobacco,14,13,0.928571429
Mizoram,LAWNGTLAI,2005,Kharif,Maize,765,1466,1.916339869
Mizoram,LAWNGTLAI,2005,Kharif,Other Kharif pulses,121,92,0.760330579
Mizoram,LAWNGTLAI,2005,Kharif,Peas & beans (Pulses),10,,
Mizoram,LAWNGTLAI,2005,Kharif,Sesamum,140,60,0.428571429
Mizoram,LAWNGTLAI,2005,Kharif,Soyabean,55,50,0.909090909
Mizoram,LAWNGTLAI,2005,Kharif,Tapioca,82,122,1.487804878
Mizoram,LAWNGTLAI,2005,Rabi,Arhar/Tur,4,2,0.5
Mizoram,LAWNGTLAI,2005,Rabi,Maize,301,615,2.043189369
Mizoram,LAWNGTLAI,2005,Rabi,Other  Rabi pulses,195,229,1.174358974
Mizoram,LAWNGTLAI,2005,Rabi,Rapeseed &Mustard,38,35,0.921052632
Mizoram,LAWNGTLAI,2005,Whole Year,Potato,2,10,5
Mizoram,LAWNGTLAI,2005,Whole Year,Rice,5638,11821,2.096665484
Mizoram,LAWNGTLAI,2005,Whole Year,Tobacco,14,13,0.928571429
Mizoram,LAWNGTLAI,2006,Kharif,Maize,586,678,1.156996587
Mizoram,LAWNGTLAI,2006,Kharif,Other Kharif pulses,154,132,0.857142857
Mizoram,LAWNGTLAI,2006,Kharif,other oilseeds,243,115,0.473251029
Mizoram,LAWNGTLAI,2006,Kharif,Potato,7,8,1.142857143
Mizoram,LAWNGTLAI,2006,Kharif,Rice,3973,943,0.237352127
Mizoram,LAWNGTLAI,2006,Rabi,Maize,2,1,0.5
Mizoram,LAWNGTLAI,2006,Rabi,Other  Rabi pulses,5,4,0.8
Mizoram,LAWNGTLAI,2006,Whole Year,Sugarcane,5,5,1
Mizoram,LAWNGTLAI,2007,Kharif,Maize,715,47,0.065734266
Mizoram,LAWNGTLAI,2007,Kharif,Other Kharif pulses,70,30,0.428571429
Mizoram,LAWNGTLAI,2007,Kharif,other oilseeds,281,53,0.1886121
Mizoram,LAWNGTLAI,2007,Kharif,Potato,12,14,1.166666667
Mizoram,LAWNGTLAI,2007,Kharif,Rice,7062,3023,0.428065704
Mizoram,LAWNGTLAI,2008,Kharif,Cotton(lint),20,8,0.4
Mizoram,LAWNGTLAI,2008,Kharif,Maize,751,223,0.296937417
Mizoram,LAWNGTLAI,2008,Kharif,Other Kharif pulses,132,54,0.409090909
Mizoram,LAWNGTLAI,2008,Kharif,other oilseeds,297,104,0.35016835
Mizoram,LAWNGTLAI,2008,Kharif,Potato,88,98,1.113636364
Mizoram,LAWNGTLAI,2008,Kharif,Rice,4016,3131,0.779631474
Mizoram,LAWNGTLAI,2008,Rabi,Other  Rabi pulses,17,11,0.647058824
Mizoram,LAWNGTLAI,2008,Rabi,Rice,4,12,3
Mizoram,LAWNGTLAI,2008,Whole Year,Sugarcane,46,29,0.630434783
Mizoram,LAWNGTLAI,2008,Whole Year,Tobacco,112,35,0.3125
Mizoram,LAWNGTLAI,2009,Kharif,Cotton(lint),22,24,1.090909091
Mizoram,LAWNGTLAI,2009,Kharif,Maize,573,1037,1.809773124
Mizoram,LAWNGTLAI,2009,Kharif,Other Kharif pulses,75,36,0.48
Mizoram,LAWNGTLAI,2009,Kharif,other oilseeds,143,62,0.433566434
Mizoram,LAWNGTLAI,2009,Kharif,Potato,60,480,8
Mizoram,LAWNGTLAI,2009,Kharif,Rice,5257,5009,0.952824805
Mizoram,LAWNGTLAI,2009,Kharif,Tapioca,11,110,10
Mizoram,LAWNGTLAI,2009,Rabi,Other  Rabi pulses,23,64,2.782608696
Mizoram,LAWNGTLAI,2009,Whole Year,Sugarcane,50,500,10
Mizoram,LAWNGTLAI,2009,Whole Year,Tobacco,20,11,0.55
Mizoram,LUNGLEI,1997,Kharif,Arhar/Tur,38,60,1.578947368
Mizoram,LUNGLEI,1997,Kharif,Coconut,13,35,2.692307692
Mizoram,LUNGLEI,1997,Kharif,Kapas,145,86,0.593103448
Mizoram,LUNGLEI,1997,Kharif,Maize,1045,2383,2.280382775
Mizoram,LUNGLEI,1997,Kharif,Peas & beans (Pulses),85,127,1.494117647
Mizoram,LUNGLEI,1997,Kharif,Rapeseed &Mustard,20,68,3.4
Mizoram,LUNGLEI,1997,Kharif,Sesamum,725,290,0.4
Mizoram,LUNGLEI,1997,Kharif,Soyabean,190,285,1.5
Mizoram,LUNGLEI,1997,Kharif,Sunflower,2,3,1.5
Mizoram,LUNGLEI,1997,Rabi,Tobacco,115,78,0.67826087
Mizoram,LUNGLEI,1997,Whole Year,Rice,14512,22405,1.543894708
Mizoram,LUNGLEI,1997,Whole Year,Sugarcane,150,263,1.753333333
Mizoram,LUNGLEI,1997,Whole Year,Tapioca,80,480,6
Mizoram,LUNGLEI,1998,Kharif,Cotton(lint),145,88,0.606896552
Mizoram,LUNGLEI,1998,Kharif,Maize,1050,2385,2.271428571
Mizoram,LUNGLEI,1998,Kharif,Other Kharif pulses,514,787,1.531128405
Mizoram,LUNGLEI,1998,Kharif,other oilseeds,953,682,0.715634837
Mizoram,LUNGLEI,1998,Kharif,Rice,14495,21704,1.497343912
Mizoram,LUNGLEI,1998,Kharif,Tapioca,82,482,5.87804878
Mizoram,LUNGLEI,1998,Rabi,Maize,2,3,1.5
Mizoram,LUNGLEI,1998,Rabi,Other  Rabi pulses,84,188,2.238095238
Mizoram,LUNGLEI,1998,Rabi,Rice,26,62,2.384615385
Mizoram,LUNGLEI,1998,Whole Year,Kapas,145,88,0.606896552
Mizoram,LUNGLEI,1998,Whole Year,Sugarcane,151,265,1.754966887
Mizoram,LUNGLEI,1998,Whole Year,Tobacco,115,80,0.695652174
Mizoram,LUNGLEI,1999,Kharif,Cotton(lint),146,429,2.938356164
Mizoram,LUNGLEI,1999,Kharif,Groundnut,3,2,0.666666667
Mizoram,LUNGLEI,1999,Kharif,Maize,884,1248,1.411764706
Mizoram,LUNGLEI,1999,Kharif,Rice,8863,12800,1.444206251
Mizoram,LUNGLEI,1999,Kharif,Sesamum,414,345,0.833333333
Mizoram,LUNGLEI,1999,Kharif,Soyabean,205,298,1.453658537
Mizoram,LUNGLEI,1999,Rabi,Rapeseed &Mustard,37,51,1.378378378
Mizoram,LUNGLEI,1999,Whole Year,Potato,57,308,5.403508772
Mizoram,LUNGLEI,1999,Whole Year,Sugarcane,104,232,2.230769231
Mizoram,LUNGLEI,2000,Kharif,Arhar/Tur,50,86,1.72
Mizoram,LUNGLEI,2000,Kharif,Cotton(lint),70,241,3.442857143
Mizoram,LUNGLEI,2000,Kharif,Maize,1075,2358,2.193488372
Mizoram,LUNGLEI,2000,Kharif,Other Kharif pulses,328,430,1.31097561
Mizoram,LUNGLEI,2000,Kharif,Rice,6971,14840,2.128819395
Mizoram,LUNGLEI,2000,Kharif,Sesamum,513,636,1.239766082
Mizoram,LUNGLEI,2000,Kharif,Soyabean,208,691,3.322115385
Mizoram,LUNGLEI,2000,Rabi,Maize,34,61,1.794117647
Mizoram,LUNGLEI,2000,Rabi,Other  Rabi pulses,89,254,2.853932584
Mizoram,LUNGLEI,2000,Rabi,Rapeseed &Mustard,76,92,1.210526316
Mizoram,LUNGLEI,2000,Whole Year,Potato,80,129,1.6125
Mizoram,LUNGLEI,2000,Whole Year,Sugarcane,76,481,6.328947368
Mizoram,LUNGLEI,2000,Whole Year,Tobacco,78,48,0.615384615
Mizoram,LUNGLEI,2001,Kharif,Arhar/Tur,53,49,0.924528302
Mizoram,LUNGLEI,2001,Kharif,Cotton(lint),77,208,2.701298701
Mizoram,LUNGLEI,2001,Kharif,Maize,892,1762,1.975336323
Mizoram,LUNGLEI,2001,Kharif,Moong(Green Gram),2.5,0.7,0.28
Mizoram,LUNGLEI,2001,Kharif,Peas & beans (Pulses),25.9,49.6,1.915057915
Mizoram,LUNGLEI,2001,Kharif,Rice,7222,14496,2.007200222
Mizoram,LUNGLEI,2001,Kharif,Sesamum,575,483,0.84
Mizoram,LUNGLEI,2001,Kharif,Soyabean,227,260,1.145374449
Mizoram,LUNGLEI,2001,Rabi,Maize,55,74,1.345454545
Mizoram,LUNGLEI,2001,Rabi,Masoor,2,2,1
Mizoram,LUNGLEI,2001,Rabi,Moong(Green Gram),12,9,0.75
Mizoram,LUNGLEI,2001,Rabi,Peas & beans (Pulses),25.5,27.8,1.090196078
Mizoram,LUNGLEI,2001,Rabi,Rapeseed &Mustard,50,30,0.6
Mizoram,LUNGLEI,2001,Rabi,Urad,8,6,0.75
Mizoram,LUNGLEI,2001,Whole Year,Potato,110,249,2.263636364
Mizoram,LUNGLEI,2001,Whole Year,Sugarcane,81,439,5.419753086
Mizoram,LUNGLEI,2001,Whole Year,Tapioca,69,633,9.173913043
Mizoram,LUNGLEI,2001,Whole Year,Tobacco,99,68,0.686868687
Mizoram,LUNGLEI,2002,Kharif,Arhar/Tur,54,50,0.925925926
Mizoram,LUNGLEI,2002,Kharif,Cotton(lint),77,212,2.753246753
Mizoram,LUNGLEI,2002,Kharif,Maize,893,1764,1.975363942
Mizoram,LUNGLEI,2002,Kharif,Other Kharif pulses,321,302,0.940809969
Mizoram,LUNGLEI,2002,Kharif,Rice,7794,18253,2.34192969
Mizoram,LUNGLEI,2002,Kharif,Sesamum,567,484,0.85361552
Mizoram,LUNGLEI,2002,Kharif,Soyabean,227,260,1.145374449
Mizoram,LUNGLEI,2002,Rabi,Maize,55,74,1.345454545
Mizoram,LUNGLEI,2002,Rabi,Masoor,3,2,0.666666667
Mizoram,LUNGLEI,2002,Rabi,Moong(Green Gram),17,26,1.529411765
Mizoram,LUNGLEI,2002,Rabi,Other  Rabi pulses,218,374,1.71559633
Mizoram,LUNGLEI,2002,Rabi,Rapeseed &Mustard,54,30,0.555555556
Mizoram,LUNGLEI,2002,Rabi,Urad,8,6,0.75
Mizoram,LUNGLEI,2002,Whole Year,Potato,110,250,2.272727273
Mizoram,LUNGLEI,2002,Whole Year,Sugarcane,82,440,5.365853659
Mizoram,LUNGLEI,2002,Whole Year,Tapioca,70,634,9.057142857
Mizoram,LUNGLEI,2002,Whole Year,Tobacco,99,69,0.696969697
Mizoram,LUNGLEI,2003,Kharif,Arhar/Tur,20,29,1.45
Mizoram,LUNGLEI,2003,Kharif,Cotton(lint),85,200,2.352941176
Mizoram,LUNGLEI,2003,Kharif,Gram,4,2,0.5
Mizoram,LUNGLEI,2003,Kharif,Maize,1399,3467,2.478198713
Mizoram,LUNGLEI,2003,Kharif,Moong(Green Gram),13,17,1.307692308
Mizoram,LUNGLEI,2003,Kharif,Other Kharif pulses,364,498,1.368131868
Mizoram,LUNGLEI,2003,Kharif,Peas & beans (Pulses),20,20,1
Mizoram,LUNGLEI,2003,Kharif,Rice,7848,13060,1.664118247
Mizoram,LUNGLEI,2003,Kharif,Sesamum,570,399,0.7
Mizoram,LUNGLEI,2003,Kharif,Soyabean,267,359,1.344569288
Mizoram,LUNGLEI,2003,Rabi,Arhar/Tur,13,18,1.384615385
Mizoram,LUNGLEI,2003,Rabi,Gram,1,2,2
Mizoram,LUNGLEI,2003,Rabi,Maize,135,217,1.607407407
Mizoram,LUNGLEI,2003,Rabi,Moong(Green Gram),15,23,1.533333333
Mizoram,LUNGLEI,2003,Rabi,Other  Rabi pulses,177,291,1.644067797
Mizoram,LUNGLEI,2003,Rabi,Peas & beans (Pulses),107,142,1.327102804
Mizoram,LUNGLEI,2003,Whole Year,Potato,51,324,6.352941176
Mizoram,LUNGLEI,2003,Whole Year,Sugarcane,183,3660,20
Mizoram,LUNGLEI,2003,Whole Year,Tapioca,44,215,4.886363636
Mizoram,LUNGLEI,2003,Whole Year,Tobacco,162,111,0.685185185
Mizoram,LUNGLEI,2004,Kharif,Cotton(lint),88,188,2.136363636
Mizoram,LUNGLEI,2004,Kharif,Groundnut,2,1,0.5
Mizoram,LUNGLEI,2004,Kharif,Maize,1161,2287,1.969853575
Mizoram,LUNGLEI,2004,Kharif,Masoor,0.5,0.2,0.4
Mizoram,LUNGLEI,2004,Kharif,Rapeseed &Mustard,17,11,0.647058824
Mizoram,LUNGLEI,2004,Kharif,Rice,8127,13231,1.628030023
Mizoram,LUNGLEI,2004,Kharif,Sesamum,301,216,0.717607973
Mizoram,LUNGLEI,2004,Kharif,Soyabean,200,226,1.13
Mizoram,LUNGLEI,2004,Kharif,Tapioca,38,167,4.394736842
Mizoram,LUNGLEI,2004,Rabi,Maize,126,149,1.182539683
Mizoram,LUNGLEI,2004,Rabi,Moong(Green Gram),28,29,1.035714286
Mizoram,LUNGLEI,2004,Rabi,Rapeseed &Mustard,29,18,0.620689655
Mizoram,LUNGLEI,2004,Rabi,Urad,5,3,0.6
Mizoram,LUNGLEI,2004,Whole Year,Tobacco,123,74,0.601626016
Mizoram,LUNGLEI,2005,Kharif,Arhar/Tur,27,23,0.851851852
Mizoram,LUNGLEI,2005,Kharif,Cotton(lint),68,90,1.323529412
Mizoram,LUNGLEI,2005,Kharif,Groundnut,1,1,1
Mizoram,LUNGLEI,2005,Kharif,Maize,1217,3398,2.79211175
Mizoram,LUNGLEI,2005,Kharif,Other Kharif pulses,168,209,1.244047619
Mizoram,LUNGLEI,2005,Kharif,Peas & beans (Pulses),22,14,0.636363636
Mizoram,LUNGLEI,2005,Kharif,Rapeseed &Mustard,68,44,0.647058824
Mizoram,LUNGLEI,2005,Kharif,Sesamum,538,304,0.565055762
Mizoram,LUNGLEI,2005,Kharif,Soyabean,245,319,1.302040816
Mizoram,LUNGLEI,2005,Kharif,Tapioca,91,473,5.197802198
Mizoram,LUNGLEI,2005,Rabi,Arhar/Tur,9,6,0.666666667
Mizoram,LUNGLEI,2005,Rabi,Maize,387,616,1.591731266
Mizoram,LUNGLEI,2005,Rabi,Moong(Green Gram),40,45,1.125
Mizoram,LUNGLEI,2005,Rabi,Other  Rabi pulses,168,346,2.05952381
Mizoram,LUNGLEI,2005,Rabi,Peas & beans (Pulses),113,94,0.831858407
Mizoram,LUNGLEI,2005,Rabi,Rapeseed &Mustard,101,71,0.702970297
Mizoram,LUNGLEI,2005,Whole Year,Potato,110,146,1.327272727
Mizoram,LUNGLEI,2005,Whole Year,Rice,8366,15865,1.896366244
Mizoram,LUNGLEI,2005,Whole Year,Sugarcane,173,325,1.878612717
Mizoram,LUNGLEI,2005,Whole Year,Tobacco,149,89,0.597315436
Mizoram,LUNGLEI,2006,Kharif,Cotton(lint),72,28,0.388888889
Mizoram,LUNGLEI,2006,Kharif,Maize,1303,1971,1.512663085
Mizoram,LUNGLEI,2006,Kharif,Other Kharif pulses,480,873,1.81875
Mizoram,LUNGLEI,2006,Kharif,other oilseeds,677,717,1.059084195
Mizoram,LUNGLEI,2006,Kharif,Potato,99,176,1.777777778
Mizoram,LUNGLEI,2006,Kharif,Rice,8966,11724,1.307606513
Mizoram,LUNGLEI,2006,Rabi,Maize,139,167,1.201438849
Mizoram,LUNGLEI,2006,Rabi,Other  Rabi pulses,121,133,1.099173554
Mizoram,LUNGLEI,2006,Rabi,other oilseeds,114,65,0.570175439
Mizoram,LUNGLEI,2006,Rabi,Rice,125,149,1.192
Mizoram,LUNGLEI,2006,Whole Year,Sugarcane,154,568,3.688311688
Mizoram,LUNGLEI,2006,Whole Year,Tobacco,172,97,0.563953488
Mizoram,LUNGLEI,2007,Kharif,Maize,1720,125,0.072674419
Mizoram,LUNGLEI,2007,Kharif,Other Kharif pulses,680,189,0.277941176
Mizoram,LUNGLEI,2007,Kharif,other oilseeds,580,145,0.25
Mizoram,LUNGLEI,2007,Kharif,Potato,95,380,4
Mizoram,LUNGLEI,2007,Kharif,Rice,5037,550,0.109191979
Mizoram,LUNGLEI,2007,Rabi,Maize,70,91,1.3
Mizoram,LUNGLEI,2007,Rabi,Other  Rabi pulses,80,110,1.375
Mizoram,LUNGLEI,2007,Rabi,other oilseeds,20,14,0.7
Mizoram,LUNGLEI,2007,Rabi,Rice,30,45,1.5
Mizoram,LUNGLEI,2007,Whole Year,Sugarcane,484,53,0.109504132
Mizoram,LUNGLEI,2008,Kharif,Cotton(lint),46,13,0.282608696
Mizoram,LUNGLEI,2008,Kharif,Maize,1186,1537,1.295952782
Mizoram,LUNGLEI,2008,Kharif,Other Kharif pulses,1006,230,0.228628231
Mizoram,LUNGLEI,2008,Kharif,other oilseeds,452,341,0.754424779
Mizoram,LUNGLEI,2008,Kharif,Potato,33,150,4.545454545
Mizoram,LUNGLEI,2008,Kharif,Rice,8506,8413,0.989066541
Mizoram,LUNGLEI,2008,Kharif,Tapioca,48,252,5.25
Mizoram,LUNGLEI,2008,Rabi,Maize,195,166,0.851282051
Mizoram,LUNGLEI,2008,Rabi,Other  Rabi pulses,181,207,1.143646409
Mizoram,LUNGLEI,2008,Rabi,other oilseeds,3,1,0.333333333
Mizoram,LUNGLEI,2008,Rabi,Rice,127,268,2.11023622
Mizoram,LUNGLEI,2008,Whole Year,Sugarcane,167,352,2.107784431
Mizoram,LUNGLEI,2008,Whole Year,Tobacco,113,77,0.681415929
Mizoram,LUNGLEI,2009,Kharif,Cotton(lint),51,21,0.411764706
Mizoram,LUNGLEI,2009,Kharif,Maize,1382,1990,1.439942113
Mizoram,LUNGLEI,2009,Kharif,Other Kharif pulses,461,495,1.073752711
Mizoram,LUNGLEI,2009,Kharif,other oilseeds,418,771,1.844497608
Mizoram,LUNGLEI,2009,Kharif,Potato,39,119,3.051282051
Mizoram,LUNGLEI,2009,Kharif,Rice,7942,10190,1.283052128
Mizoram,LUNGLEI,2009,Kharif,Tapioca,42,498,11.85714286
Mizoram,LUNGLEI,2009,Rabi,Maize,83,131,1.578313253
Mizoram,LUNGLEI,2009,Rabi,Other  Rabi pulses,182,375,2.06043956
Mizoram,LUNGLEI,2009,Rabi,other oilseeds,16,10,0.625
Mizoram,LUNGLEI,2009,Rabi,Rice,119,238,2
Mizoram,LUNGLEI,2009,Whole Year,Sugarcane,178,539,3.028089888
Mizoram,LUNGLEI,2009,Whole Year,Tobacco,161,107,0.664596273
Mizoram,MAMIT,2003,Kharif,Arhar/Tur,24,28,1.166666667
Mizoram,MAMIT,2003,Kharif,Cotton(lint),91,424,4.659340659
Mizoram,MAMIT,2003,Kharif,Gram,16,20,1.25
Mizoram,MAMIT,2003,Kharif,Maize,1366,2655,1.94363104
Mizoram,MAMIT,2003,Kharif,Moong(Green Gram),11,13,1.181818182
Mizoram,MAMIT,2003,Kharif,Other Kharif pulses,394,432,1.096446701
Mizoram,MAMIT,2003,Kharif,Peas & beans (Pulses),100,124,1.24
Mizoram,MAMIT,2003,Kharif,Rice,8506,15868,1.865506701
Mizoram,MAMIT,2003,Kharif,Sesamum,1330,798,0.6
Mizoram,MAMIT,2003,Kharif,Soyabean,317,221,0.697160883
Mizoram,MAMIT,2003,Rabi,Arhar/Tur,10,12,1.2
Mizoram,MAMIT,2003,Rabi,Gram,7,6,0.857142857
Mizoram,MAMIT,2003,Rabi,Maize,98,183,1.867346939
Mizoram,MAMIT,2003,Rabi,Masoor,2,2,1
Mizoram,MAMIT,2003,Rabi,Moong(Green Gram),8,6,0.75
Mizoram,MAMIT,2003,Rabi,Other  Rabi pulses,280,234,0.835714286
Mizoram,MAMIT,2003,Rabi,Peas & beans (Pulses),48,62,1.291666667
Mizoram,MAMIT,2003,Whole Year,Potato,6,40,6.666666667
Mizoram,MAMIT,2003,Whole Year,Sugarcane,97,1940,20
Mizoram,MAMIT,2003,Whole Year,Tapioca,66,121,1.833333333
Mizoram,MAMIT,2003,Whole Year,Tobacco,28,42,1.5
Mizoram,MAMIT,2004,Kharif,Cotton(lint),48,170,3.541666667
Mizoram,MAMIT,2004,Kharif,Groundnut,3,3,1
Mizoram,MAMIT,2004,Kharif,Maize,1300,2899,2.23
Mizoram,MAMIT,2004,Kharif,Moong(Green Gram),15,17,1.133333333
Mizoram,MAMIT,2004,Kharif,Rapeseed &Mustard,108,94,0.87037037
Mizoram,MAMIT,2004,Kharif,Rice,6259,13689,2.18709059
Mizoram,MAMIT,2004,Kharif,Sesamum,809,442,0.546353523
Mizoram,MAMIT,2004,Kharif,Soyabean,192,164,0.854166667
Mizoram,MAMIT,2004,Kharif,Tapioca,20,136,6.8
Mizoram,MAMIT,2004,Kharif,Urad,16,18,1.125
Mizoram,MAMIT,2004,Rabi,Maize,107,425,3.971962617
Mizoram,MAMIT,2004,Rabi,Masoor,2,4,2
Mizoram,MAMIT,2004,Rabi,Moong(Green Gram),10,8,0.8
Mizoram,MAMIT,2004,Rabi,Rapeseed &Mustard,118,211,1.788135593
Mizoram,MAMIT,2004,Rabi,Urad,6,6,1
Mizoram,MAMIT,2004,Rabi,Wheat,3,4,1.333333333
Mizoram,MAMIT,2004,Whole Year,Tobacco,41,25,0.609756098
Mizoram,MAMIT,2005,Kharif,Arhar/Tur,37,44,1.189189189
Mizoram,MAMIT,2005,Kharif,Cotton(lint),85,55,0.647058824
Mizoram,MAMIT,2005,Kharif,Groundnut,6,5,0.833333333
Mizoram,MAMIT,2005,Kharif,Maize,1756,2526,1.438496583
Mizoram,MAMIT,2005,Kharif,Moong(Green Gram),16,22,1.375
Mizoram,MAMIT,2005,Kharif,Other Kharif pulses,360,457,1.269444444
Mizoram,MAMIT,2005,Kharif,Peas & beans (Pulses),66,77,1.166666667
Mizoram,MAMIT,2005,Kharif,Rapeseed &Mustard,57,55,0.964912281
Mizoram,MAMIT,2005,Kharif,Sesamum,970,621,0.640206186
Mizoram,MAMIT,2005,Kharif,Soyabean,104,127,1.221153846
Mizoram,MAMIT,2005,Kharif,Tapioca,17,157,9.235294118
Mizoram,MAMIT,2005,Kharif,Urad,13,17,1.307692308
Mizoram,MAMIT,2005,Rabi,Arhar/Tur,21,27,1.285714286
Mizoram,MAMIT,2005,Rabi,Maize,58,293,5.051724138
Mizoram,MAMIT,2005,Rabi,Masoor,3,5,1.666666667
Mizoram,MAMIT,2005,Rabi,Moong(Green Gram),10,19,1.9
Mizoram,MAMIT,2005,Rabi,Other  Rabi pulses,184,229,1.244565217
Mizoram,MAMIT,2005,Rabi,Peas & beans (Pulses),67,55,0.820895522
Mizoram,MAMIT,2005,Rabi,Rapeseed &Mustard,149,86,0.577181208
Mizoram,MAMIT,2005,Rabi,Urad,6,13,2.166666667
Mizoram,MAMIT,2005,Whole Year,Potato,41,229,5.585365854
Mizoram,MAMIT,2005,Whole Year,Rice,5320,11416,2.145864662
Mizoram,MAMIT,2005,Whole Year,Sugarcane,90,1297,14.41111111
Mizoram,MAMIT,2005,Whole Year,Tobacco,22,28,1.272727273
Mizoram,MAMIT,2006,Kharif,Cotton(lint),17,43,2.529411765
Mizoram,MAMIT,2006,Kharif,Maize,1456,2352,1.615384615
Mizoram,MAMIT,2006,Kharif,Other Kharif pulses,318,125,0.393081761
Mizoram,MAMIT,2006,Kharif,other oilseeds,719,577,0.802503477
Mizoram,MAMIT,2006,Kharif,Potato,20,40,2
Mizoram,MAMIT,2006,Kharif,Rice,4836,1912,0.395368073
Mizoram,MAMIT,2006,Rabi,Maize,70,336,4.8
Mizoram,MAMIT,2006,Rabi,Other  Rabi pulses,242,222,0.917355372
Mizoram,MAMIT,2006,Rabi,other oilseeds,155,75,0.483870968
Mizoram,MAMIT,2006,Rabi,Rice,9,18,2
Mizoram,MAMIT,2006,Whole Year,Sugarcane,22,87,3.954545455
Mizoram,MAMIT,2006,Whole Year,Tobacco,63,13,0.206349206
Mizoram,MAMIT,2007,Kharif,Cotton(lint),40,7,0.175
Mizoram,MAMIT,2007,Kharif,Maize,340,20,0.058823529
Mizoram,MAMIT,2007,Kharif,Other Kharif pulses,198,74,0.373737374
Mizoram,MAMIT,2007,Kharif,other oilseeds,702,101,0.143874644
Mizoram,MAMIT,2007,Kharif,Potato,18,24,1.333333333
Mizoram,MAMIT,2007,Kharif,Rice,3918,949,0.242215416
Mizoram,MAMIT,2007,Kharif,Tapioca,63,82,1.301587302
Mizoram,MAMIT,2007,Rabi,Maize,40,19,0.475
Mizoram,MAMIT,2007,Rabi,Other  Rabi pulses,157,134,0.853503185
Mizoram,MAMIT,2007,Rabi,other oilseeds,32,26,0.8125
Mizoram,MAMIT,2007,Rabi,Rice,13,25,1.923076923
Mizoram,MAMIT,2007,Whole Year,Sugarcane,15,4,0.266666667
Mizoram,MAMIT,2007,Whole Year,Tobacco,20,9,0.45
Mizoram,MAMIT,2008,Kharif,Cotton(lint),35,18,0.514285714
Mizoram,MAMIT,2008,Kharif,Maize,922,349,0.378524946
Mizoram,MAMIT,2008,Kharif,Other Kharif pulses,154,127,0.824675325
Mizoram,MAMIT,2008,Kharif,other oilseeds,688,395,0.574127907
Mizoram,MAMIT,2008,Kharif,Potato,9,65,7.222222222
Mizoram,MAMIT,2008,Kharif,Rice,8496,9515,1.119938795
Mizoram,MAMIT,2008,Kharif,Tapioca,14,33,2.357142857
Mizoram,MAMIT,2008,Rabi,Maize,45,73,1.622222222
Mizoram,MAMIT,2008,Rabi,Other  Rabi pulses,167,143,0.856287425
Mizoram,MAMIT,2008,Rabi,other oilseeds,26,15,0.576923077
Mizoram,MAMIT,2008,Whole Year,Sugarcane,83,856,10.31325301
Mizoram,MAMIT,2008,Whole Year,Tobacco,14,7,0.5
Mizoram,MAMIT,2009,Kharif,Cotton(lint),26,11,0.423076923
Mizoram,MAMIT,2009,Kharif,Maize,640,930,1.453125
Mizoram,MAMIT,2009,Kharif,Other Kharif pulses,337,232,0.6884273
Mizoram,MAMIT,2009,Kharif,other oilseeds,385,279,0.724675325
Mizoram,MAMIT,2009,Kharif,Rice,7391,11168,1.511026925
Mizoram,MAMIT,2009,Rabi,Other  Rabi pulses,95,133,1.4
Mizoram,MAMIT,2009,Rabi,other oilseeds,2,1,0.5
Mizoram,MAMIT,2009,Whole Year,Sugarcane,108,170,1.574074074
Mizoram,SAIHA,2003,Kharif,Arhar/Tur,2,1,0.5
Mizoram,SAIHA,2003,Kharif,Cotton(lint),12,29,2.416666667
Mizoram,SAIHA,2003,Kharif,Maize,1628,3010,1.848894349
Mizoram,SAIHA,2003,Kharif,Other Kharif pulses,258,145,0.562015504
Mizoram,SAIHA,2003,Kharif,Peas & beans (Pulses),30,15,0.5
Mizoram,SAIHA,2003,Kharif,Rice,10027,16588,1.6543333
Mizoram,SAIHA,2003,Kharif,Sesamum,335,139,0.414925373
Mizoram,SAIHA,2003,Kharif,Soyabean,124,99,0.798387097
Mizoram,SAIHA,2003,Rabi,Arhar/Tur,170,68,0.4
Mizoram,SAIHA,2003,Rabi,Maize,380,684,1.8
Mizoram,SAIHA,2003,Rabi,Masoor,3,1.5,0.5
Mizoram,SAIHA,2003,Rabi,Moong(Green Gram),9,7,0.777777778
Mizoram,SAIHA,2003,Rabi,Other  Rabi pulses,501,218,0.435129741
Mizoram,SAIHA,2003,Rabi,Peas & beans (Pulses),10,6,0.6
Mizoram,SAIHA,2003,Whole Year,Potato,154,288,1.87012987
Mizoram,SAIHA,2003,Whole Year,Sugarcane,38,760,20
Mizoram,SAIHA,2003,Whole Year,Tobacco,32,25,0.78125
Mizoram,SAIHA,2004,Kharif,Maize,271,987,3.642066421
Mizoram,SAIHA,2004,Kharif,Rapeseed &Mustard,3,2,0.666666667
Mizoram,SAIHA,2004,Kharif,Rice,4622,7795,1.686499351
Mizoram,SAIHA,2004,Kharif,Sesamum,115,63,0.547826087
Mizoram,SAIHA,2004,Kharif,Soyabean,81,67,0.827160494
Mizoram,SAIHA,2004,Kharif,Sunflower,32,19,0.59375
Mizoram,SAIHA,2004,Rabi,Maize,19,34,1.789473684
Mizoram,SAIHA,2004,Rabi,Rapeseed &Mustard,67,38,0.567164179
Mizoram,SAIHA,2004,Whole Year,Tobacco,13,9,0.692307692
Mizoram,SAIHA,2005,Kharif,Maize,953,1821,1.910807975
Mizoram,SAIHA,2005,Kharif,Other Kharif pulses,296,338,1.141891892
Mizoram,SAIHA,2005,Kharif,Peas & beans (Pulses),8,,
Mizoram,SAIHA,2005,Kharif,Sesamum,82,58,0.707317073
Mizoram,SAIHA,2005,Kharif,Soyabean,88,100,1.136363636
Mizoram,SAIHA,2005,Kharif,Tapioca,85,223,2.623529412
Mizoram,SAIHA,2005,Rabi,Maize,23,48,2.086956522
Mizoram,SAIHA,2005,Rabi,Other  Rabi pulses,96,225,2.34375
Mizoram,SAIHA,2005,Rabi,Rapeseed &Mustard,23,16,0.695652174
Mizoram,SAIHA,2005,Whole Year,Potato,386,1420,3.678756477
Mizoram,SAIHA,2005,Whole Year,Rice,4401,7842,1.781867757
Mizoram,SAIHA,2005,Whole Year,Sugarcane,25,36,1.44
Mizoram,SAIHA,2005,Whole Year,Tobacco,53,45,0.849056604
Mizoram,SAIHA,2006,Kharif,Cotton(lint),7,1,0.142857143
Mizoram,SAIHA,2006,Kharif,Maize,935,1558,1.66631016
Mizoram,SAIHA,2006,Kharif,Other Kharif pulses,157,112,0.713375796
Mizoram,SAIHA,2006,Kharif,other oilseeds,302,265,0.877483444
Mizoram,SAIHA,2006,Kharif,Potato,358,714,1.994413408
Mizoram,SAIHA,2006,Kharif,Rice,4567,1325,0.290124808
Mizoram,SAIHA,2006,Rabi,Other  Rabi pulses,178,160,0.898876404
Mizoram,SAIHA,2006,Rabi,other oilseeds,142,148,1.042253521
Mizoram,SAIHA,2006,Whole Year,Sugarcane,35,41,1.171428571
Mizoram,SAIHA,2006,Whole Year,Tobacco,57,59,1.035087719
Mizoram,SAIHA,2007,Kharif,Maize,510,43,0.084313725
Mizoram,SAIHA,2007,Kharif,Other Kharif pulses,163,51,0.312883436
Mizoram,SAIHA,2007,Kharif,other oilseeds,211,62,0.293838863
Mizoram,SAIHA,2007,Kharif,Potato,80,450,5.625
Mizoram,SAIHA,2007,Kharif,Rice,5780,475,0.082179931
Mizoram,SAIHA,2007,Rabi,Other  Rabi pulses,20,24,1.2
Mizoram,SAIHA,2007,Whole Year,Sugarcane,12,18,1.5
Mizoram,SAIHA,2007,Whole Year,Tobacco,5,5,1
Mizoram,SAIHA,2008,Kharif,Maize,874,208,0.23798627
Mizoram,SAIHA,2008,Kharif,Other Kharif pulses,78,69,0.884615385
Mizoram,SAIHA,2008,Kharif,other oilseeds,107,87,0.813084112
Mizoram,SAIHA,2008,Kharif,Rice,1913,721,0.376894929
Mizoram,SAIHA,2008,Whole Year,Sugarcane,14,308,22
Mizoram,SAIHA,2009,Kharif,Maize,679,668,0.983799705
Mizoram,SAIHA,2009,Kharif,Other Kharif pulses,61,52,0.852459016
Mizoram,SAIHA,2009,Kharif,other oilseeds,86,62,0.720930233
Mizoram,SAIHA,2009,Kharif,Potato,14,56,4
Mizoram,SAIHA,2009,Kharif,Rice,1932,1659,0.858695652
Mizoram,SAIHA,2009,Rabi,Other  Rabi pulses,13,6,0.461538462
Mizoram,SAIHA,2009,Whole Year,Sugarcane,6,15,2.5
Mizoram,SERCHHIP,2004,Kharif,Maize,2049,1901,0.927769644
Mizoram,SERCHHIP,2004,Kharif,Rice,3374,7683,2.277119146
Mizoram,SERCHHIP,2004,Kharif,Sesamum,16,9,0.5625
Mizoram,SERCHHIP,2004,Kharif,Soyabean,20,13,0.65
Mizoram,SERCHHIP,2005,Kharif,Maize,2051,1950,0.950755729
Mizoram,SERCHHIP,2005,Kharif,Other Kharif pulses,1580,1380,0.873417722
Mizoram,SERCHHIP,2005,Kharif,Rapeseed &Mustard,18,8,0.444444444
Mizoram,SERCHHIP,2005,Kharif,Soyabean,35,26,0.742857143
Mizoram,SERCHHIP,2005,Rabi,Other  Rabi pulses,115,160,1.391304348
Mizoram,SERCHHIP,2005,Rabi,Peas & beans (Pulses),50,45,0.9
Mizoram,SERCHHIP,2005,Whole Year,Potato,32,39,1.21875
Mizoram,SERCHHIP,2005,Whole Year,Rice,3700,7645,2.066216216
Mizoram,SERCHHIP,2006,Kharif,Maize,1961,2596,1.32381438
Mizoram,SERCHHIP,2006,Kharif,Other Kharif pulses,205,188,0.917073171
Mizoram,SERCHHIP,2006,Kharif,other oilseeds,26,32,1.230769231
Mizoram,SERCHHIP,2006,Kharif,Potato,20,15,0.75
Mizoram,SERCHHIP,2006,Kharif,Rice,3532,996,0.281993205
Mizoram,SERCHHIP,2006,Rabi,Other  Rabi pulses,45,45,1
Mizoram,SERCHHIP,2006,Rabi,other oilseeds,25,15,0.6
Mizoram,SERCHHIP,2006,Whole Year,Sugarcane,45,60,1.333333333
Mizoram,SERCHHIP,2007,Kharif,Maize,100,51,0.51
Mizoram,SERCHHIP,2007,Kharif,Other Kharif pulses,303,250,0.825082508
Mizoram,SERCHHIP,2007,Kharif,other oilseeds,20,4,0.2
Mizoram,SERCHHIP,2007,Kharif,Potato,20,34,1.7
Mizoram,SERCHHIP,2007,Kharif,Rice,3497,1035,0.295967973
Mizoram,SERCHHIP,2007,Rabi,other oilseeds,35,6,0.171428571
Mizoram,SERCHHIP,2007,Whole Year,Sugarcane,45,281,6.244444444
Mizoram,SERCHHIP,2008,Kharif,Maize,1445,2486,1.720415225
Mizoram,SERCHHIP,2008,Kharif,Other Kharif pulses,199,147,0.738693467
Mizoram,SERCHHIP,2008,Kharif,other oilseeds,175,259,1.48
Mizoram,SERCHHIP,2008,Kharif,Rice,6093,14546,2.387329723
Mizoram,SERCHHIP,2008,Rabi,Other  Rabi pulses,62,237,3.822580645
Mizoram,SERCHHIP,2008,Whole Year,Sugarcane,272,5712,21
Mizoram,SERCHHIP,2009,Kharif,Maize,1445,1122,0.776470588
Mizoram,SERCHHIP,2009,Kharif,Other Kharif pulses,264,225,0.852272727
Mizoram,SERCHHIP,2009,Kharif,other oilseeds,240,361,1.504166667
Mizoram,SERCHHIP,2009,Kharif,Potato,5,70,14
Mizoram,SERCHHIP,2009,Kharif,Rice,5887,4589,0.779514184
Mizoram,SERCHHIP,2009,Rabi,Other  Rabi pulses,96,327,3.40625
Mizoram,SERCHHIP,2009,Rabi,other oilseeds,23,14,0.608695652
Mizoram,SERCHHIP,2009,Whole Year,Sugarcane,305,3889,12.75081967
Nagaland,DIMAPUR,2000,Kharif,Arhar/Tur,700,690,0.985714286
Nagaland,DIMAPUR,2000,Kharif,Bajra,190,160,0.842105263
Nagaland,DIMAPUR,2000,Kharif,Castor seed,150,120,0.8
Nagaland,DIMAPUR,2000,Kharif,Cotton(lint),91,130,1.428571429
Nagaland,DIMAPUR,2000,Kharif,Groundnut,650,670,1.030769231
Nagaland,DIMAPUR,2000,Kharif,Jowar,270,230,0.851851852
Nagaland,DIMAPUR,2000,Kharif,Jute,150,230,1.533333333
Nagaland,DIMAPUR,2000,Kharif,Maize,4500,6800,1.511111111
Nagaland,DIMAPUR,2000,Kharif,Moong(Green Gram),280,230,0.821428571
Nagaland,DIMAPUR,2000,Kharif,Niger seed,200,120,0.6
Nagaland,DIMAPUR,2000,Kharif,Other Kharif pulses,660,760,1.151515152
Nagaland,DIMAPUR,2000,Kharif,Rice,25740,45660,1.773892774
Nagaland,DIMAPUR,2000,Kharif,Sesamum,460,520,1.130434783
Nagaland,DIMAPUR,2000,Kharif,Small millets,1330,1600,1.203007519
Nagaland,DIMAPUR,2000,Kharif,Soyabean,1420,2570,1.809859155
Nagaland,DIMAPUR,2000,Kharif,Sunflower,780,580,0.743589744
Nagaland,DIMAPUR,2000,Rabi,Barley,150,230,1.533333333
Nagaland,DIMAPUR,2000,Rabi,Gram,200,220,1.1
Nagaland,DIMAPUR,2000,Rabi,Linseed,1650,740,0.448484848
Nagaland,DIMAPUR,2000,Rabi,Other  Rabi pulses,1070,1000,0.934579439
Nagaland,DIMAPUR,2000,Rabi,Peas & beans (Pulses),880,900,1.022727273
Nagaland,DIMAPUR,2000,Rabi,Rapeseed &Mustard,3260,2110,0.647239264
Nagaland,DIMAPUR,2000,Rabi,Rice,1680,3330,1.982142857
Nagaland,DIMAPUR,2000,Rabi,Sunflower,200,230,1.15
Nagaland,DIMAPUR,2000,Rabi,Wheat,1100,2500,2.272727273
Nagaland,DIMAPUR,2000,Whole Year,Potato,780,9120,11.69230769
Nagaland,DIMAPUR,2000,Whole Year,Sugarcane,230,21310,92.65217391
Nagaland,DIMAPUR,2000,Whole Year,Tea,170,1490,8.764705882
Nagaland,DIMAPUR,2001,Kharif,Arhar/Tur,1600,1020,0.6375
Nagaland,DIMAPUR,2001,Kharif,Bajra,200,140,0.7
Nagaland,DIMAPUR,2001,Kharif,Cotton(lint),80,90,1.125
Nagaland,DIMAPUR,2001,Kharif,Jowar,270,230,0.851851852
Nagaland,DIMAPUR,2001,Kharif,Jute,140,150,1.071428571
Nagaland,DIMAPUR,2001,Kharif,Maize,6910,12500,1.808972504
Nagaland,DIMAPUR,2001,Kharif,Moong(Green Gram),920,340,0.369565217
Nagaland,DIMAPUR,2001,Kharif,Niger seed,50000,25000,0.5
Nagaland,DIMAPUR,2001,Kharif,Peas & beans (Pulses),230,250,1.086956522
Nagaland,DIMAPUR,2001,Kharif,Rice,26300,47880,1.820532319
Nagaland,DIMAPUR,2001,Kharif,Small millets,1580,1780,1.126582278
Nagaland,DIMAPUR,2001,Kharif,Sunflower,230,260,1.130434783
Nagaland,DIMAPUR,2001,Rabi,Barley,630,1260,2
Nagaland,DIMAPUR,2001,Rabi,Gram,200,200,1
Nagaland,DIMAPUR,2001,Rabi,Groundnut,1000,1200,1.2
Nagaland,DIMAPUR,2001,Rabi,Linseed,8000,5000,0.625
Nagaland,DIMAPUR,2001,Rabi,Peas & beans (Pulses),1340,1370,1.02238806
Nagaland,DIMAPUR,2001,Rabi,Rapeseed &Mustard,3270,3290,1.006116208
Nagaland,DIMAPUR,2001,Rabi,Rice,1250,1400,1.12
Nagaland,DIMAPUR,2001,Rabi,Sesamum,5000,4000,0.8
Nagaland,DIMAPUR,2001,Rabi,Sunflower,450,600,1.333333333
Nagaland,DIMAPUR,2001,Rabi,Wheat,1480,3810,2.574324324
Nagaland,DIMAPUR,2001,Whole Year,Potato,810,8410,10.38271605
Nagaland,DIMAPUR,2001,Whole Year,Sugarcane,250,24690,98.76
Nagaland,DIMAPUR,2001,Whole Year,Tea,190,1540,8.105263158
Nagaland,DIMAPUR,2002,Kharif,Bajra,330,1430,4.333333333
Nagaland,DIMAPUR,2002,Kharif,Cotton(lint),190,1100,5.789473684
Nagaland,DIMAPUR,2002,Kharif,Groundnut,730,850,1.164383562
Nagaland,DIMAPUR,2002,Kharif,Jowar,480,1210,2.520833333
Nagaland,DIMAPUR,2002,Kharif,Jute,590,2280,3.86440678
Nagaland,DIMAPUR,2002,Kharif,Maize,5330,10570,1.983114447
Nagaland,DIMAPUR,2002,Kharif,Moong(Green Gram),690,370,0.536231884
Nagaland,DIMAPUR,2002,Kharif,Other Kharif pulses,540,400,0.740740741
Nagaland,DIMAPUR,2002,Kharif,Peas & beans (Pulses),160,200,1.25
Nagaland,DIMAPUR,2002,Kharif,Rice,24850,44290,1.782293763
Nagaland,DIMAPUR,2002,Kharif,Sesamum,1150,1040,0.904347826
Nagaland,DIMAPUR,2002,Kharif,Small millets,1200,3200,2.666666667
Nagaland,DIMAPUR,2002,Kharif,Soyabean,2650,4000,1.509433962
Nagaland,DIMAPUR,2002,Kharif,Sunflower,990,2260,2.282828283
Nagaland,DIMAPUR,2002,Rabi,Barley,940,1700,1.808510638
Nagaland,DIMAPUR,2002,Rabi,Gram,200,220,1.1
Nagaland,DIMAPUR,2002,Rabi,Linseed,1980,1930,0.974747475
Nagaland,DIMAPUR,2002,Rabi,Other  Rabi pulses,2820,1610,0.570921986
Nagaland,DIMAPUR,2002,Rabi,Peas & beans (Pulses),1200,200,0.166666667
Nagaland,DIMAPUR,2002,Rabi,Rapeseed &Mustard,3450,3800,1.101449275
Nagaland,DIMAPUR,2002,Rabi,Sunflower,230,630,2.739130435
Nagaland,DIMAPUR,2002,Rabi,Wheat,2030,4310,2.123152709
Nagaland,DIMAPUR,2002,Whole Year,Potato,1280,13230,10.3359375
Nagaland,DIMAPUR,2002,Whole Year,Sugarcane,1040,22730,21.85576923
Nagaland,DIMAPUR,2002,Whole Year,Tea,210,1570,7.476190476
Nagaland,DIMAPUR,2003,Kharif,Arhar/Tur,1100,1110,1.009090909
Nagaland,DIMAPUR,2003,Kharif,Bajra,550,940,1.709090909
Nagaland,DIMAPUR,2003,Kharif,Cotton(lint),670,40,0.059701493
Nagaland,DIMAPUR,2003,Kharif,Groundnut,510,810,1.588235294
Nagaland,DIMAPUR,2003,Kharif,Jowar,450,810,1.8
Nagaland,DIMAPUR,2003,Kharif,Jute,780,4020,5.153846154
Nagaland,DIMAPUR,2003,Kharif,Maize,5160,7520,1.457364341
Nagaland,DIMAPUR,2003,Kharif,Moong(Green Gram),220,330,1.5
Nagaland,DIMAPUR,2003,Kharif,Other Kharif pulses,460,560,1.217391304
Nagaland,DIMAPUR,2003,Kharif,Peas & beans (Pulses),190,240,1.263157895
Nagaland,DIMAPUR,2003,Kharif,Rice,29230,59020,2.019158399
Nagaland,DIMAPUR,2003,Kharif,Sesamum,560,550,0.982142857
Nagaland,DIMAPUR,2003,Kharif,Small millets,800,890,1.1125
Nagaland,DIMAPUR,2003,Kharif,Soyabean,4390,4470,1.018223235
Nagaland,DIMAPUR,2003,Kharif,Sunflower,410,430,1.048780488
Nagaland,DIMAPUR,2003,Rabi,Barley,1300,2180,1.676923077
Nagaland,DIMAPUR,2003,Rabi,Gram,290,390,1.344827586
Nagaland,DIMAPUR,2003,Rabi,Linseed,2910,2070,0.711340206
Nagaland,DIMAPUR,2003,Rabi,Maize,120,230,1.916666667
Nagaland,DIMAPUR,2003,Rabi,Masoor,270,130,0.481481481
Nagaland,DIMAPUR,2003,Rabi,Other  Rabi pulses,620,690,1.112903226
Nagaland,DIMAPUR,2003,Rabi,Peas & beans (Pulses),1070,1030,0.962616822
Nagaland,DIMAPUR,2003,Rabi,Rapeseed &Mustard,4360,3760,0.862385321
Nagaland,DIMAPUR,2003,Rabi,Rice,580,1330,2.293103448
Nagaland,DIMAPUR,2003,Rabi,Sunflower,140,140,1
Nagaland,DIMAPUR,2003,Rabi,Wheat,2100,3830,1.823809524
Nagaland,DIMAPUR,2003,Whole Year,Potato,1250,11780,9.424
Nagaland,DIMAPUR,2003,Whole Year,Sugarcane,1510,78610,52.05960265
Nagaland,DIMAPUR,2003,Whole Year,Tea,260,1600,6.153846154
Nagaland,DIMAPUR,2004,Kharif,Arhar/Tur,2790,2580,0.924731183
Nagaland,DIMAPUR,2004,Kharif,Bajra,570,800,1.403508772
Nagaland,DIMAPUR,2004,Kharif,Cotton(lint),580,60,0.103448276
Nagaland,DIMAPUR,2004,Kharif,Groundnut,930,1130,1.215053763
Nagaland,DIMAPUR,2004,Kharif,Jowar,420,850,2.023809524
Nagaland,DIMAPUR,2004,Kharif,Jute,1260,5660,4.492063492
Nagaland,DIMAPUR,2004,Kharif,Maize,6980,12370,1.772206304
Nagaland,DIMAPUR,2004,Kharif,Moong(Green Gram),390,260,0.666666667
Nagaland,DIMAPUR,2004,Kharif,Niger seed,300,340,1.133333333
Nagaland,DIMAPUR,2004,Kharif,Other Kharif pulses,550,520,0.945454545
Nagaland,DIMAPUR,2004,Kharif,Peas & beans (Pulses),200,140,0.7
Nagaland,DIMAPUR,2004,Kharif,Rice,33310,62040,1.862503753
Nagaland,DIMAPUR,2004,Kharif,Sesamum,120,110,0.916666667
Nagaland,DIMAPUR,2004,Kharif,Small millets,970,980,1.010309278
Nagaland,DIMAPUR,2004,Kharif,Soyabean,4740,5950,1.255274262
Nagaland,DIMAPUR,2004,Kharif,Sunflower,300,200,0.666666667
Nagaland,DIMAPUR,2004,Rabi,Barley,1310,2230,1.702290076
Nagaland,DIMAPUR,2004,Rabi,Gram,400,420,1.05
Nagaland,DIMAPUR,2004,Rabi,Linseed,1500,3310,2.206666667
Nagaland,DIMAPUR,2004,Rabi,Maize,680,1100,1.617647059
Nagaland,DIMAPUR,2004,Rabi,Masoor,560,210,0.375
Nagaland,DIMAPUR,2004,Rabi,Other  Rabi pulses,760,910,1.197368421
Nagaland,DIMAPUR,2004,Rabi,Peas & beans (Pulses),1000,940,0.94
Nagaland,DIMAPUR,2004,Rabi,Rapeseed &Mustard,14110,11360,0.805102764
Nagaland,DIMAPUR,2004,Rabi,Rice,670,1350,2.014925373
Nagaland,DIMAPUR,2004,Rabi,Sunflower,100,200,2
Nagaland,DIMAPUR,2004,Rabi,Wheat,1280,2230,1.7421875
Nagaland,DIMAPUR,2004,Whole Year,Potato,1750,10730,6.131428571
Nagaland,DIMAPUR,2004,Whole Year,Sugarcane,1180,126040,106.8135593
Nagaland,DIMAPUR,2005,Kharif,Arhar/Tur,3060,3120,1.019607843
Nagaland,DIMAPUR,2005,Kharif,Bajra,700,660,0.942857143
Nagaland,DIMAPUR,2005,Kharif,Groundnut,40,40,1
Nagaland,DIMAPUR,2005,Kharif,Jowar,140,350,2.5
Nagaland,DIMAPUR,2005,Kharif,Jute,1320,4800,3.636363636
Nagaland,DIMAPUR,2005,Kharif,Maize,8010,14060,1.755305868
Nagaland,DIMAPUR,2005,Kharif,Moong(Green Gram),240,250,1.041666667
Nagaland,DIMAPUR,2005,Kharif,Niger seed,310,300,0.967741935
Nagaland,DIMAPUR,2005,Kharif,Other Kharif pulses,580,820,1.413793103
Nagaland,DIMAPUR,2005,Kharif,Peas & beans (Pulses),200,180,0.9
Nagaland,DIMAPUR,2005,Kharif,Rice,34100,62390,1.829618768
Nagaland,DIMAPUR,2005,Kharif,Sesamum,880,710,0.806818182
Nagaland,DIMAPUR,2005,Kharif,Small millets,2450,2770,1.130612245
Nagaland,DIMAPUR,2005,Kharif,Soyabean,5480,5740,1.047445255
Nagaland,DIMAPUR,2005,Kharif,Sunflower,320,200,0.625
Nagaland,DIMAPUR,2005,Rabi,Gram,60,80,1.333333333
Nagaland,DIMAPUR,2005,Rabi,Linseed,2110,3190,1.511848341
Nagaland,DIMAPUR,2005,Rabi,Maize,1180,1880,1.593220339
Nagaland,DIMAPUR,2005,Rabi,Masoor,650,910,1.4
Nagaland,DIMAPUR,2005,Rabi,Other  Rabi pulses,1120,1530,1.366071429
Nagaland,DIMAPUR,2005,Rabi,Peas & beans (Pulses),1010,1500,1.485148515
Nagaland,DIMAPUR,2005,Rabi,Rapeseed &Mustard,14200,13710,0.965492958
Nagaland,DIMAPUR,2005,Rabi,Rice,650,1250,1.923076923
Nagaland,DIMAPUR,2005,Rabi,Sunflower,200,200,1
Nagaland,DIMAPUR,2005,Rabi,Wheat,310,400,1.290322581
Nagaland,DIMAPUR,2005,Whole Year,Sugarcane,2120,160100,75.51886792
Nagaland,DIMAPUR,2006,Kharif,Arhar/Tur,3160,3670,1.161392405
Nagaland,DIMAPUR,2006,Kharif,Cardamom,280,430,1.535714286
Nagaland,DIMAPUR,2006,Kharif,Cotton(lint),180,30,0.166666667
Nagaland,DIMAPUR,2006,Kharif,Dry ginger,500,4390,8.78
Nagaland,DIMAPUR,2006,Kharif,Groundnut,150,140,0.933333333
Nagaland,DIMAPUR,2006,Kharif,Jowar,220,200,0.909090909
Nagaland,DIMAPUR,2006,Kharif,Jute,1430,4840,3.384615385
Nagaland,DIMAPUR,2006,Kharif,Maize,9760,16280,1.668032787
Nagaland,DIMAPUR,2006,Kharif,Moong(Green Gram),330,480,1.454545455
Nagaland,DIMAPUR,2006,Kharif,Niger seed,320,260,0.8125
Nagaland,DIMAPUR,2006,Kharif,Peas & beans (Pulses),290,330,1.137931034
Nagaland,DIMAPUR,2006,Kharif,Potato,640,5850,9.140625
Nagaland,DIMAPUR,2006,Kharif,Rice,34360,54100,1.574505239
Nagaland,DIMAPUR,2006,Kharif,Sesamum,850,550,0.647058824
Nagaland,DIMAPUR,2006,Kharif,Small millets,3720,2280,0.612903226
Nagaland,DIMAPUR,2006,Kharif,Soyabean,5130,6170,1.202729045
Nagaland,DIMAPUR,2006,Kharif,Sunflower,260,220,0.846153846
Nagaland,DIMAPUR,2006,Rabi,Gram,60,90,1.5
Nagaland,DIMAPUR,2006,Rabi,Linseed,2210,1650,0.746606335
Nagaland,DIMAPUR,2006,Rabi,Maize,1060,1790,1.688679245
Nagaland,DIMAPUR,2006,Rabi,Masoor,640,730,1.140625
Nagaland,DIMAPUR,2006,Rabi,Other  Rabi pulses,1270,1460,1.149606299
Nagaland,DIMAPUR,2006,Rabi,Peas & beans (Pulses),1070,1310,1.224299065
Nagaland,DIMAPUR,2006,Rabi,Rapeseed &Mustard,14400,11430,0.79375
Nagaland,DIMAPUR,2006,Rabi,Rice,720,1150,1.597222222
Nagaland,DIMAPUR,2006,Rabi,Sunflower,430,390,0.906976744
Nagaland,DIMAPUR,2006,Rabi,Urad,320,370,1.15625
Nagaland,DIMAPUR,2006,Rabi,Wheat,400,280,0.7
Nagaland,DIMAPUR,2006,Whole Year,Sugarcane,2360,135880,57.57627119
Nagaland,DIMAPUR,2007,Kharif,Arhar/Tur,810,980,1.209876543
Nagaland,DIMAPUR,2007,Kharif,Dry chillies,110,150,1.363636364
Nagaland,DIMAPUR,2007,Kharif,Dry ginger,300,2000,6.666666667
Nagaland,DIMAPUR,2007,Kharif,Groundnut,270,290,1.074074074
Nagaland,DIMAPUR,2007,Kharif,Jute,1000,1380,1.38
Nagaland,DIMAPUR,2007,Kharif,Maize,5560,13130,2.361510791
Nagaland,DIMAPUR,2007,Kharif,Moong(Green Gram),160,200,1.25
Nagaland,DIMAPUR,2007,Kharif,Other Kharif pulses,710,750,1.056338028
Nagaland,DIMAPUR,2007,Kharif,Potato,260,5050,19.42307692
Nagaland,DIMAPUR,2007,Kharif,Rice,29550,66880,2.263282572
Nagaland,DIMAPUR,2007,Kharif,Sesamum,800,630,0.7875
Nagaland,DIMAPUR,2007,Kharif,Soyabean,2180,4250,1.949541284
Nagaland,DIMAPUR,2007,Kharif,Sugarcane,1900,104640,55.07368421
Nagaland,DIMAPUR,2007,Kharif,Tapioca,80,1840,23
Nagaland,DIMAPUR,2007,Kharif,Tea,260,1200,4.615384615
Nagaland,DIMAPUR,2007,Kharif,Turmeric,40,170,4.25
Nagaland,DIMAPUR,2007,Rabi,Linseed,1900,1860,0.978947368
Nagaland,DIMAPUR,2007,Rabi,Maize,1000,1900,1.9
Nagaland,DIMAPUR,2007,Rabi,Other  Rabi pulses,920,1050,1.141304348
Nagaland,DIMAPUR,2007,Rabi,Peas & beans (Pulses),580,1200,2.068965517
Nagaland,DIMAPUR,2007,Rabi,Rapeseed &Mustard,6500,4780,0.735384615
Nagaland,DIMAPUR,2007,Rabi,Rice,1030,1730,1.67961165
Nagaland,DIMAPUR,2007,Rabi,Sunflower,470,490,1.042553191
Nagaland,DIMAPUR,2007,Rabi,Wheat,150,270,1.8
Nagaland,DIMAPUR,2008,Kharif,Arhar/Tur,460,460,1
Nagaland,DIMAPUR,2008,Kharif,Dry chillies,360,450,1.25
Nagaland,DIMAPUR,2008,Kharif,Dry ginger,270,2670,9.888888889
Nagaland,DIMAPUR,2008,Kharif,Groundnut,120,130,1.083333333
Nagaland,DIMAPUR,2008,Kharif,Jute,800,1100,1.375
Nagaland,DIMAPUR,2008,Kharif,Maize,5270,9530,1.808349146
Nagaland,DIMAPUR,2008,Kharif,Moong(Green Gram),130,100,0.769230769
Nagaland,DIMAPUR,2008,Kharif,Other Kharif pulses,200,180,0.9
Nagaland,DIMAPUR,2008,Kharif,Potato,330,3990,12.09090909
Nagaland,DIMAPUR,2008,Kharif,Rice,40400,87300,2.160891089
Nagaland,DIMAPUR,2008,Kharif,Sesamum,730,530,0.726027397
Nagaland,DIMAPUR,2008,Kharif,Soyabean,2000,3300,1.65
Nagaland,DIMAPUR,2008,Kharif,Sugarcane,1020,43960,43.09803922
Nagaland,DIMAPUR,2008,Kharif,Sunflower,40,30,0.75
Nagaland,DIMAPUR,2008,Kharif,Tapioca,150,3450,23
Nagaland,DIMAPUR,2008,Kharif,Turmeric,250,1140,4.56
Nagaland,DIMAPUR,2008,Rabi,Gram,70,50,0.714285714
Nagaland,DIMAPUR,2008,Rabi,Linseed,1000,800,0.8
Nagaland,DIMAPUR,2008,Rabi,Maize,440,760,1.727272727
Nagaland,DIMAPUR,2008,Rabi,Masoor,350,220,0.628571429
Nagaland,DIMAPUR,2008,Rabi,Peas & beans (Pulses),620,1040,1.677419355
Nagaland,DIMAPUR,2008,Rabi,Potato,330,3900,11.81818182
Nagaland,DIMAPUR,2008,Rabi,Rapeseed &Mustard,3950,3980,1.007594937
Nagaland,DIMAPUR,2008,Rabi,Urad,110,80,0.727272727
Nagaland,DIMAPUR,2008,Rabi,Wheat,190,280,1.473684211
Nagaland,DIMAPUR,2009,Kharif,Arhar/Tur,460,340,0.739130435
Nagaland,DIMAPUR,2009,Kharif,Bajra,80,60,0.75
Nagaland,DIMAPUR,2009,Kharif,Castor seed,90,50,0.555555556
Nagaland,DIMAPUR,2009,Kharif,Groundnut,110,80,0.727272727
Nagaland,DIMAPUR,2009,Kharif,Jute,420,680,1.619047619
Nagaland,DIMAPUR,2009,Kharif,Maize,5250,5460,1.04
Nagaland,DIMAPUR,2009,Kharif,Mesta,290,300,1.034482759
Nagaland,DIMAPUR,2009,Kharif,Moong(Green Gram),60,60,1
Nagaland,DIMAPUR,2009,Kharif,Potato,330,3100,9.393939394
Nagaland,DIMAPUR,2009,Kharif,Ragi,40,30,0.75
Nagaland,DIMAPUR,2009,Kharif,Rice,39290,61250,1.558920845
Nagaland,DIMAPUR,2009,Kharif,Sesamum,550,270,0.490909091
Nagaland,DIMAPUR,2009,Kharif,Soyabean,1980,2050,1.035353535
Nagaland,DIMAPUR,2009,Kharif,Sugarcane,1160,34910,30.09482759
Nagaland,DIMAPUR,2009,Kharif,Tapioca,150,1730,11.53333333
Nagaland,DIMAPUR,2009,Kharif,Urad,110,90,0.818181818
Nagaland,DIMAPUR,2009,Rabi,Barley,60,90,1.5
Nagaland,DIMAPUR,2009,Rabi,Gram,80,50,0.625
Nagaland,DIMAPUR,2009,Rabi,Linseed,1700,1190,0.7
Nagaland,DIMAPUR,2009,Rabi,Maize,1350,1970,1.459259259
Nagaland,DIMAPUR,2009,Rabi,Masoor,450,320,0.711111111
Nagaland,DIMAPUR,2009,Rabi,Peas & beans (Pulses),670,680,1.014925373
Nagaland,DIMAPUR,2009,Rabi,Potato,200,2480,12.4
Nagaland,DIMAPUR,2009,Rabi,Rapeseed &Mustard,6960,6500,0.933908046
Nagaland,DIMAPUR,2009,Rabi,Sunflower,1000,920,0.92
Nagaland,DIMAPUR,2009,Rabi,Urad,90,80,0.888888889
Nagaland,DIMAPUR,2009,Rabi,Wheat,260,350,1.346153846
Nagaland,DIMAPUR,2010,Kharif,Arhar/Tur,400,370,0.925
Nagaland,DIMAPUR,2010,Kharif,Bajra,50,40,0.8
Nagaland,DIMAPUR,2010,Kharif,Castor seed,50,40,0.8
Nagaland,DIMAPUR,2010,Kharif,Groundnut,120,130,1.083333333
Nagaland,DIMAPUR,2010,Kharif,Horse-gram,40,40,1
Nagaland,DIMAPUR,2010,Kharif,Jute,770,1390,1.805194805
Nagaland,DIMAPUR,2010,Kharif,Maize,5350,10510,1.964485981
Nagaland,DIMAPUR,2010,Kharif,Mesta,250,470,1.88
Nagaland,DIMAPUR,2010,Kharif,Moong(Green Gram),90,80,0.888888889
Nagaland,DIMAPUR,2010,Kharif,Potato,310,3940,12.70967742
Nagaland,DIMAPUR,2010,Kharif,Ragi,30,30,1
Nagaland,DIMAPUR,2010,Kharif,Rice,43950,100470,2.286006826
Nagaland,DIMAPUR,2010,Kharif,Sesamum,620,390,0.629032258
Nagaland,DIMAPUR,2010,Kharif,Soyabean,2010,2490,1.23880597
Nagaland,DIMAPUR,2010,Kharif,Sugarcane,1100,47840,43.49090909
Nagaland,DIMAPUR,2010,Kharif,Tapioca,90,2120,23.55555556
Nagaland,DIMAPUR,2010,Rabi,Barley,60,90,1.5
Nagaland,DIMAPUR,2010,Rabi,Gram,90,70,0.777777778
Nagaland,DIMAPUR,2010,Rabi,Linseed,1080,870,0.805555556
Nagaland,DIMAPUR,2010,Rabi,Maize,1330,2610,1.962406015
Nagaland,DIMAPUR,2010,Rabi,Masoor,440,330,0.75
Nagaland,DIMAPUR,2010,Rabi,Potato,280,3480,12.42857143
Nagaland,DIMAPUR,2010,Rabi,Rapeseed &Mustard,4120,4130,1.002427184
Nagaland,DIMAPUR,2010,Rabi,Rice,980,2310,2.357142857
Nagaland,DIMAPUR,2010,Rabi,Sunflower,590,310,0.525423729
Nagaland,DIMAPUR,2010,Rabi,Urad,110,80,0.727272727
Nagaland,DIMAPUR,2010,Rabi,Wheat,370,630,1.702702703
Nagaland,DIMAPUR,2011,Kharif,Arhar/Tur,410,370,0.902439024
Nagaland,DIMAPUR,2011,Kharif,Bajra,50,40,0.8
Nagaland,DIMAPUR,2011,Kharif,Castor seed,50,40,0.8
Nagaland,DIMAPUR,2011,Kharif,Cotton(lint),90,50,0.555555556
Nagaland,DIMAPUR,2011,Kharif,Ginger,470,4300,9.14893617
Nagaland,DIMAPUR,2011,Kharif,Groundnut,130,140,1.076923077
Nagaland,DIMAPUR,2011,Kharif,Horse-gram,40,40,1
Nagaland,DIMAPUR,2011,Kharif,Jute,790,1430,1.810126582
Nagaland,DIMAPUR,2011,Kharif,Maize,5350,10510,1.964485981
Nagaland,DIMAPUR,2011,Kharif,Mesta,260,520,2
Nagaland,DIMAPUR,2011,Kharif,Ragi,30,30,1
Nagaland,DIMAPUR,2011,Kharif,Rice,43870,101270,2.308411215
Nagaland,DIMAPUR,2011,Kharif,Sesamum,630,400,0.634920635
Nagaland,DIMAPUR,2011,Kharif,Soyabean,2020,2500,1.237623762
Nagaland,DIMAPUR,2011,Kharif,Sugarcane,1120,48800,43.57142857
Nagaland,DIMAPUR,2011,Kharif,Sweet potato,90,760,8.444444444
Nagaland,DIMAPUR,2011,Kharif,Tapioca,100,2330,23.3
Nagaland,DIMAPUR,2011,Kharif,Urad,100,90,0.9
Nagaland,DIMAPUR,2011,Rabi,Barley,70,110,1.571428571
Nagaland,DIMAPUR,2011,Rabi,Blackgram,120,90,0.75
Nagaland,DIMAPUR,2011,Rabi,Gram,100,80,0.8
Nagaland,DIMAPUR,2011,Rabi,Linseed,1100,900,0.818181818
Nagaland,DIMAPUR,2011,Rabi,Maize,1340,2630,1.962686567
Nagaland,DIMAPUR,2011,Rabi,Masoor,450,340,0.755555556
Nagaland,DIMAPUR,2011,Rabi,Peas & beans (Pulses),670,620,0.925373134
Nagaland,DIMAPUR,2011,Rabi,Potato,640,5780,9.03125
Nagaland,DIMAPUR,2011,Rabi,Rapeseed &Mustard,4140,4180,1.009661836
Nagaland,DIMAPUR,2011,Rabi,Rice,1610,3830,2.378881988
Nagaland,DIMAPUR,2011,Rabi,Sunflower,610,320,0.524590164
Nagaland,DIMAPUR,2011,Rabi,Wheat,380,650,1.710526316
Nagaland,DIMAPUR,2012,Kharif,Arhar/Tur,450,410,0.911111111
Nagaland,DIMAPUR,2012,Kharif,Bajra,50,50,1
Nagaland,DIMAPUR,2012,Kharif,Castor seed,60,40,0.666666667
Nagaland,DIMAPUR,2012,Kharif,Ginger,490,4480,9.142857143
Nagaland,DIMAPUR,2012,Kharif,Groundnut,140,150,1.071428571
Nagaland,DIMAPUR,2012,Kharif,Horse-gram,50,60,1.2
Nagaland,DIMAPUR,2012,Kharif,Jute,840,1610,1.916666667
Nagaland,DIMAPUR,2012,Kharif,Maize,5350,10520,1.96635514
Nagaland,DIMAPUR,2012,Kharif,Mesta,270,300,1.111111111
Nagaland,DIMAPUR,2012,Kharif,Ragi,30,30,1
Nagaland,DIMAPUR,2012,Kharif,Rice,44000,105700,2.402272727
Nagaland,DIMAPUR,2012,Kharif,Sesamum,630,400,0.634920635
Nagaland,DIMAPUR,2012,Kharif,Soyabean,2040,2520,1.235294118
Nagaland,DIMAPUR,2012,Kharif,Sugarcane,1140,49630,43.53508772
Nagaland,DIMAPUR,2012,Kharif,Sweet potato,110,940,8.545454545
Nagaland,DIMAPUR,2012,Kharif,Tapioca,120,2430,20.25
Nagaland,DIMAPUR,2012,Kharif,Urad,130,130,1
Nagaland,DIMAPUR,2012,Rabi,Barley,80,90,1.125
Nagaland,DIMAPUR,2012,Rabi,Blackgram,130,110,0.846153846
Nagaland,DIMAPUR,2012,Rabi,Gram,100,100,1
Nagaland,DIMAPUR,2012,Rabi,Linseed,1100,900,0.818181818
Nagaland,DIMAPUR,2012,Rabi,Maize,1370,2690,1.96350365
Nagaland,DIMAPUR,2012,Rabi,Masoor,460,380,0.826086957
Nagaland,DIMAPUR,2012,Rabi,Peas & beans (Pulses),840,870,1.035714286
Nagaland,DIMAPUR,2012,Rabi,Potato,680,6830,10.04411765
Nagaland,DIMAPUR,2012,Rabi,Rapeseed &Mustard,4160,4210,1.012019231
Nagaland,DIMAPUR,2012,Rabi,Rice,2190,5530,2.525114155
Nagaland,DIMAPUR,2012,Rabi,Sunflower,650,390,0.6
Nagaland,DIMAPUR,2012,Rabi,Wheat,410,740,1.804878049
Nagaland,DIMAPUR,2013,Kharif,Arhar/Tur,480,440,0.916666667
Nagaland,DIMAPUR,2013,Kharif,Bajra,60,60,1
Nagaland,DIMAPUR,2013,Kharif,Castor seed,60,40,0.666666667
Nagaland,DIMAPUR,2013,Kharif,Colocosia,240,2280,9.5
Nagaland,DIMAPUR,2013,Kharif,Cotton(lint),70,40,0.571428571
Nagaland,DIMAPUR,2013,Kharif,Cowpea(Lobia),200,290,1.45
Nagaland,DIMAPUR,2013,Kharif,Ginger,520,4740,9.115384615
Nagaland,DIMAPUR,2013,Kharif,Groundnut,160,170,1.0625
Nagaland,DIMAPUR,2013,Kharif,Jute,840,1620,1.928571429
Nagaland,DIMAPUR,2013,Kharif,Maize,5350,10530,1.968224299
Nagaland,DIMAPUR,2013,Kharif,Mesta,270,310,1.148148148
Nagaland,DIMAPUR,2013,Kharif,Moong(Green Gram),130,130,1
Nagaland,DIMAPUR,2013,Kharif,Ragi,30,30,1
Nagaland,DIMAPUR,2013,Kharif,Rice,44830,110800,2.471559224
Nagaland,DIMAPUR,2013,Kharif,Sesamum,630,400,0.634920635
Nagaland,DIMAPUR,2013,Kharif,Soyabean,2040,2520,1.235294118
Nagaland,DIMAPUR,2013,Kharif,Sweet potato,120,1020,8.5
Nagaland,DIMAPUR,2013,Kharif,Tapioca,120,2430,20.25
Nagaland,DIMAPUR,2013,Rabi,Barley,90,100,1.111111111
Nagaland,DIMAPUR,2013,Rabi,Blackgram,150,120,0.8
Nagaland,DIMAPUR,2013,Rabi,Gram,100,100,1
Nagaland,DIMAPUR,2013,Rabi,Lentil,470,380,0.808510638
Nagaland,DIMAPUR,2013,Rabi,Maize,1380,2720,1.971014493
Nagaland,DIMAPUR,2013,Rabi,Peas & beans (Pulses),890,970,1.08988764
Nagaland,DIMAPUR,2013,Rabi,Potato,710,7110,10.01408451
Nagaland,DIMAPUR,2013,Rabi,Rapeseed &Mustard,4180,4260,1.019138756
Nagaland,DIMAPUR,2013,Rabi,Rice,2290,6000,2.620087336
Nagaland,DIMAPUR,2013,Rabi,Sunflower,670,410,0.611940299
Nagaland,DIMAPUR,2013,Rabi,Wheat,390,720,1.846153846
Nagaland,DIMAPUR,2014,Kharif,Arhar/Tur,500,460,0.92
Nagaland,DIMAPUR,2014,Kharif,Bajra,60,60,1
Nagaland,DIMAPUR,2014,Kharif,Barley,90,100,1.111111111
Nagaland,DIMAPUR,2014,Kharif,Blackgram,150,120,0.8
Nagaland,DIMAPUR,2014,Kharif,Castor seed,60,40,0.666666667
Nagaland,DIMAPUR,2014,Kharif,Cotton(lint),70,40,0.571428571
Nagaland,DIMAPUR,2014,Kharif,Cowpea(Lobia),210,310,1.476190476
Nagaland,DIMAPUR,2014,Kharif,Ginger,530,4830,9.113207547
Nagaland,DIMAPUR,2014,Kharif,Groundnut,160,170,1.0625
Nagaland,DIMAPUR,2014,Kharif,Horse-gram,70,80,1.142857143
Nagaland,DIMAPUR,2014,Kharif,Jute,840,1620,1.928571429
Nagaland,DIMAPUR,2014,Kharif,Maize,5350,10550,1.971962617
Nagaland,DIMAPUR,2014,Kharif,Mesta,270,310,1.148148148
Nagaland,DIMAPUR,2014,Kharif,Moong(Green Gram),130,130,1
Nagaland,DIMAPUR,2014,Kharif,Oilseeds total,2890,3130,1.083044983
Nagaland,DIMAPUR,2014,Kharif,Ragi,30,30,1
Nagaland,DIMAPUR,2014,Kharif,Rice,45300,115620,2.552317881
Nagaland,DIMAPUR,2014,Kharif,Sesamum,630,400,0.634920635
Nagaland,DIMAPUR,2014,Kharif,Soyabean,2040,2520,1.235294118
Nagaland,DIMAPUR,2014,Kharif,Sugarcane,1140,49630,43.53508772
Nagaland,DIMAPUR,2014,Kharif,Sweet potato,120,1020,8.5
Nagaland,DIMAPUR,2014,Kharif,Tapioca,140,2830,20.21428571
Nagaland,DIMAPUR,2014,Rabi,Lentil,480,400,0.833333333
Nagaland,DIMAPUR,2014,Rabi,Linseed,1110,910,0.81981982
Nagaland,DIMAPUR,2014,Rabi,Maize,1380,2720,1.971014493
Nagaland,DIMAPUR,2014,Rabi,Oilseeds total,6000,5610,0.935
Nagaland,DIMAPUR,2014,Rabi,Peas & beans (Pulses),890,970,1.08988764
Nagaland,DIMAPUR,2014,Rabi,Potato,750,7640,10.18666667
Nagaland,DIMAPUR,2014,Rabi,Rapeseed &Mustard,4210,4290,1.019002375
Nagaland,DIMAPUR,2014,Rabi,Rice,2380,6370,2.676470588
Nagaland,DIMAPUR,2014,Rabi,Sunflower,680,410,0.602941176
Nagaland,DIMAPUR,2014,Rabi,Wheat,410,760,1.853658537
Nagaland,KIPHIRE,2008,Kharif,Arhar/Tur,130,120,0.923076923
Nagaland,KIPHIRE,2008,Kharif,Cardamom,20,10,0.5
Nagaland,KIPHIRE,2008,Kharif,Dry chillies,100,140,1.4
Nagaland,KIPHIRE,2008,Kharif,Dry ginger,400,3700,9.25
Nagaland,KIPHIRE,2008,Kharif,Groundnut,30,20,0.666666667
Nagaland,KIPHIRE,2008,Kharif,Maize,7130,12900,1.809256662
Nagaland,KIPHIRE,2008,Kharif,Other Kharif pulses,70,60,0.857142857
Nagaland,KIPHIRE,2008,Kharif,Peas & beans (Pulses),170,230,1.352941176
Nagaland,KIPHIRE,2008,Kharif,Potato,150,1830,12.2
Nagaland,KIPHIRE,2008,Kharif,Rice,8190,16150,1.971916972
Nagaland,KIPHIRE,2008,Kharif,Sesamum,300,150,0.5
Nagaland,KIPHIRE,2008,Kharif,Small millets,420,400,0.952380952
Nagaland,KIPHIRE,2008,Kharif,Soyabean,1070,1650,1.542056075
Nagaland,KIPHIRE,2008,Kharif,Sugarcane,180,7750,43.05555556
Nagaland,KIPHIRE,2008,Kharif,Sunflower,20,20,1
Nagaland,KIPHIRE,2008,Kharif,Tapioca,100,2300,23
Nagaland,KIPHIRE,2008,Kharif,Turmeric,60,230,3.833333333
Nagaland,KIPHIRE,2008,Rabi,Linseed,170,100,0.588235294
Nagaland,KIPHIRE,2008,Rabi,Other  Rabi pulses,70,40,0.571428571
Nagaland,KIPHIRE,2008,Rabi,Peas & beans (Pulses),270,350,1.296296296
Nagaland,KIPHIRE,2008,Rabi,Rapeseed &Mustard,1150,1150,1
Nagaland,KIPHIRE,2008,Rabi,Urad,10,10,1
Nagaland,KIPHIRE,2009,Kharif,Arhar/Tur,120,80,0.666666667
Nagaland,KIPHIRE,2009,Kharif,Bajra,90,60,0.666666667
Nagaland,KIPHIRE,2009,Kharif,Castor seed,40,20,0.5
Nagaland,KIPHIRE,2009,Kharif,Groundnut,30,10,0.333333333
Nagaland,KIPHIRE,2009,Kharif,Maize,7150,7470,1.044755245
Nagaland,KIPHIRE,2009,Kharif,Mesta,80,70,0.875
Nagaland,KIPHIRE,2009,Kharif,Moong(Green Gram),50,50,1
Nagaland,KIPHIRE,2009,Kharif,Peas & beans (Pulses),160,170,1.0625
Nagaland,KIPHIRE,2009,Kharif,Potato,110,1030,9.363636364
Nagaland,KIPHIRE,2009,Kharif,Ragi,30,20,0.666666667
Nagaland,KIPHIRE,2009,Kharif,Rice,8270,10430,1.261185006
Nagaland,KIPHIRE,2009,Kharif,Sesamum,150,80,0.533333333
Nagaland,KIPHIRE,2009,Kharif,Small millets,200,80,0.4
Nagaland,KIPHIRE,2009,Kharif,Soyabean,1050,1080,1.028571429
Nagaland,KIPHIRE,2009,Kharif,Sugarcane,230,6900,30
Nagaland,KIPHIRE,2009,Kharif,Sunflower,20,10,0.5
Nagaland,KIPHIRE,2009,Kharif,Tapioca,180,2050,11.38888889
Nagaland,KIPHIRE,2009,Rabi,Barley,20,40,2
Nagaland,KIPHIRE,2009,Rabi,Gram,20,20,1
Nagaland,KIPHIRE,2009,Rabi,Linseed,820,560,0.682926829
Nagaland,KIPHIRE,2009,Rabi,Maize,260,400,1.538461538
Nagaland,KIPHIRE,2009,Rabi,Peas & beans (Pulses),300,310,1.033333333
Nagaland,KIPHIRE,2009,Rabi,Rapeseed &Mustard,4050,3010,0.743209877
Nagaland,KIPHIRE,2009,Rabi,Urad,20,10,0.5
Nagaland,KIPHIRE,2010,Kharif,Arhar/Tur,80,60,0.75
Nagaland,KIPHIRE,2010,Kharif,Bajra,50,40,0.8
Nagaland,KIPHIRE,2010,Kharif,Groundnut,30,30,1
Nagaland,KIPHIRE,2010,Kharif,Horse-gram,20,20,1
Nagaland,KIPHIRE,2010,Kharif,Maize,7240,14120,1.950276243
Nagaland,KIPHIRE,2010,Kharif,Mesta,40,80,2
Nagaland,KIPHIRE,2010,Kharif,Peas & beans (Pulses),160,200,1.25
Nagaland,KIPHIRE,2010,Kharif,Potato,100,1270,12.7
Nagaland,KIPHIRE,2010,Kharif,Ragi,30,30,1
Nagaland,KIPHIRE,2010,Kharif,Rice,9920,18650,1.880040323
Nagaland,KIPHIRE,2010,Kharif,Sesamum,170,100,0.588235294
Nagaland,KIPHIRE,2010,Kharif,Small millets,100,60,0.6
Nagaland,KIPHIRE,2010,Kharif,Soyabean,1040,1250,1.201923077
Nagaland,KIPHIRE,2010,Kharif,Sugarcane,160,6960,43.5
Nagaland,KIPHIRE,2010,Kharif,Sunflower,20,10,0.5
Nagaland,KIPHIRE,2010,Kharif,Tapioca,100,2350,23.5
Nagaland,KIPHIRE,2010,Rabi,Barley,20,30,1.5
Nagaland,KIPHIRE,2010,Rabi,Gram,30,20,0.666666667
Nagaland,KIPHIRE,2010,Rabi,Linseed,200,160,0.8
Nagaland,KIPHIRE,2010,Rabi,Maize,280,540,1.928571429
Nagaland,KIPHIRE,2010,Rabi,Rapeseed &Mustard,1190,1200,1.008403361
Nagaland,KIPHIRE,2010,Rabi,Urad,40,20,0.5
Nagaland,KIPHIRE,2011,Kharif,Arhar/Tur,80,60,0.75
Nagaland,KIPHIRE,2011,Kharif,Bajra,50,40,0.8
Nagaland,KIPHIRE,2011,Kharif,Ginger,170,1550,9.117647059
Nagaland,KIPHIRE,2011,Kharif,Groundnut,30,30,1
Nagaland,KIPHIRE,2011,Kharif,Horse-gram,10,10,1
Nagaland,KIPHIRE,2011,Kharif,Maize,7250,14230,1.962758621
Nagaland,KIPHIRE,2011,Kharif,Mesta,40,70,1.75
Nagaland,KIPHIRE,2011,Kharif,Peas & beans (Pulses),160,200,1.25
Nagaland,KIPHIRE,2011,Kharif,Ragi,30,30,1
Nagaland,KIPHIRE,2011,Kharif,Rice,9730,18110,1.861253854
Nagaland,KIPHIRE,2011,Kharif,Sesamum,170,100,0.588235294
Nagaland,KIPHIRE,2011,Kharif,Small millets,100,60,0.6
Nagaland,KIPHIRE,2011,Kharif,Soyabean,1060,1290,1.216981132
Nagaland,KIPHIRE,2011,Kharif,Sugarcane,160,6960,43.5
Nagaland,KIPHIRE,2011,Kharif,Sunflower,20,10,0.5
Nagaland,KIPHIRE,2011,Kharif,Sweet potato,60,510,8.5
Nagaland,KIPHIRE,2011,Kharif,Tapioca,100,2350,23.5
Nagaland,KIPHIRE,2011,Rabi,Barley,20,30,1.5
Nagaland,KIPHIRE,2011,Rabi,Blackgram,40,20,0.5
Nagaland,KIPHIRE,2011,Rabi,Gram,30,20,0.666666667
Nagaland,KIPHIRE,2011,Rabi,Linseed,200,160,0.8
Nagaland,KIPHIRE,2011,Rabi,Maize,280,540,1.928571429
Nagaland,KIPHIRE,2011,Rabi,Peas & beans (Pulses),330,290,0.878787879
Nagaland,KIPHIRE,2011,Rabi,Potato,120,1080,9
Nagaland,KIPHIRE,2011,Rabi,Rapeseed &Mustard,1190,1200,1.008403361
Nagaland,KIPHIRE,2012,Kharif,Arhar/Tur,110,100,0.909090909
Nagaland,KIPHIRE,2012,Kharif,Bajra,50,50,1
Nagaland,KIPHIRE,2012,Kharif,Ginger,180,1640,9.111111111
Nagaland,KIPHIRE,2012,Kharif,Groundnut,30,30,1
Nagaland,KIPHIRE,2012,Kharif,Horse-gram,20,20,1
Nagaland,KIPHIRE,2012,Kharif,Maize,7250,14230,1.962758621
Nagaland,KIPHIRE,2012,Kharif,Mesta,60,70,1.166666667
Nagaland,KIPHIRE,2012,Kharif,Peas & beans (Pulses),170,220,1.294117647
Nagaland,KIPHIRE,2012,Kharif,Ragi,30,30,1
Nagaland,KIPHIRE,2012,Kharif,Rice,9740,18890,1.939425051
Nagaland,KIPHIRE,2012,Kharif,Sesamum,170,100,0.588235294
Nagaland,KIPHIRE,2012,Kharif,Small millets,100,110,1.1
Nagaland,KIPHIRE,2012,Kharif,Soyabean,1070,1300,1.214953271
Nagaland,KIPHIRE,2012,Kharif,Sugarcane,160,6980,43.625
Nagaland,KIPHIRE,2012,Kharif,Sunflower,30,20,0.666666667
Nagaland,KIPHIRE,2012,Kharif,Sweet potato,80,670,8.375
Nagaland,KIPHIRE,2012,Kharif,Tapioca,120,2400,20
Nagaland,KIPHIRE,2012,Rabi,Barley,20,20,1
Nagaland,KIPHIRE,2012,Rabi,Blackgram,40,30,0.75
Nagaland,KIPHIRE,2012,Rabi,Gram,30,20,0.666666667
Nagaland,KIPHIRE,2012,Rabi,Linseed,200,160,0.8
Nagaland,KIPHIRE,2012,Rabi,Maize,290,570,1.965517241
Nagaland,KIPHIRE,2012,Rabi,Peas & beans (Pulses),340,350,1.029411765
Nagaland,KIPHIRE,2012,Rabi,Potato,150,1490,9.933333333
Nagaland,KIPHIRE,2012,Rabi,Rapeseed &Mustard,1190,1200,1.008403361
Nagaland,KIPHIRE,2013,Kharif,Arhar/Tur,100,70,0.7
Nagaland,KIPHIRE,2013,Kharif,Bajra,50,50,1
Nagaland,KIPHIRE,2013,Kharif,Bean,170,220,1.294117647
Nagaland,KIPHIRE,2013,Kharif,Colocosia,400,3800,9.5
Nagaland,KIPHIRE,2013,Kharif,Ginger,180,1640,9.111111111
Nagaland,KIPHIRE,2013,Kharif,Groundnut,30,30,1
Nagaland,KIPHIRE,2013,Kharif,Jobster,100,100,1
Nagaland,KIPHIRE,2013,Kharif,Maize,7260,14290,1.968319559
Nagaland,KIPHIRE,2013,Kharif,Mesta,60,70,1.166666667
Nagaland,KIPHIRE,2013,Kharif,Perilla,210,120,0.571428571
Nagaland,KIPHIRE,2013,Kharif,Ragi,30,30,1
Nagaland,KIPHIRE,2013,Kharif,Rajmash Kholar,1110,1420,1.279279279
Nagaland,KIPHIRE,2013,Kharif,Rice,10090,19880,1.970267592
Nagaland,KIPHIRE,2013,Kharif,Ricebean (nagadal),360,390,1.083333333
Nagaland,KIPHIRE,2013,Kharif,Sesamum,170,100,0.588235294
Nagaland,KIPHIRE,2013,Kharif,Small millets,110,120,1.090909091
Nagaland,KIPHIRE,2013,Kharif,Soyabean,1070,1300,1.214953271
Nagaland,KIPHIRE,2013,Kharif,Sunflower,30,20,0.666666667
Nagaland,KIPHIRE,2013,Kharif,Sweet potato,110,940,8.545454545
Nagaland,KIPHIRE,2013,Kharif,Tapioca,130,2630,20.23076923
Nagaland,KIPHIRE,2013,Rabi,Barley,20,20,1
Nagaland,KIPHIRE,2013,Rabi,Blackgram,40,30,0.75
Nagaland,KIPHIRE,2013,Rabi,Gram,30,20,0.666666667
Nagaland,KIPHIRE,2013,Rabi,Maize,290,570,1.965517241
Nagaland,KIPHIRE,2013,Rabi,Peas & beans (Pulses),340,360,1.058823529
Nagaland,KIPHIRE,2013,Rabi,Potato,150,1500,10
Nagaland,KIPHIRE,2013,Rabi,Rajmash Kholar,1870,2340,1.251336898
Nagaland,KIPHIRE,2013,Rabi,Rapeseed &Mustard,1190,1200,1.008403361
Nagaland,KIPHIRE,2014,Kharif,Arhar/Tur,100,70,0.7
Nagaland,KIPHIRE,2014,Kharif,Bajra,50,50,1
Nagaland,KIPHIRE,2014,Kharif,Barley,20,20,1
Nagaland,KIPHIRE,2014,Kharif,Bean,170,220,1.294117647
Nagaland,KIPHIRE,2014,Kharif,Blackgram,40,30,0.75
Nagaland,KIPHIRE,2014,Kharif,Ginger,190,1730,9.105263158
Nagaland,KIPHIRE,2014,Kharif,Groundnut,30,30,1
Nagaland,KIPHIRE,2014,Kharif,Horse-gram,20,20,1
Nagaland,KIPHIRE,2014,Kharif,Maize,7260,14340,1.975206612
Nagaland,KIPHIRE,2014,Kharif,Mesta,60,70,1.166666667
Nagaland,KIPHIRE,2014,Kharif,Oilseeds total,1510,1570,1.039735099
Nagaland,KIPHIRE,2014,Kharif,Other Kharif pulses,1480,1860,1.256756757
Nagaland,KIPHIRE,2014,Kharif,Ragi,30,30,1
Nagaland,KIPHIRE,2014,Kharif,Rice,10340,21130,2.043520309
Nagaland,KIPHIRE,2014,Kharif,Sesamum,170,100,0.588235294
Nagaland,KIPHIRE,2014,Kharif,Small millets,110,120,1.090909091
Nagaland,KIPHIRE,2014,Kharif,Soyabean,1070,1300,1.214953271
Nagaland,KIPHIRE,2014,Kharif,Sugarcane,160,6960,43.5
Nagaland,KIPHIRE,2014,Kharif,Sunflower,30,20,0.666666667
Nagaland,KIPHIRE,2014,Kharif,Sweet potato,120,1020,8.5
Nagaland,KIPHIRE,2014,Kharif,Tapioca,140,2830,20.21428571
Nagaland,KIPHIRE,2014,Rabi,Linseed,200,160,0.8
Nagaland,KIPHIRE,2014,Rabi,Maize,290,570,1.965517241
Nagaland,KIPHIRE,2014,Rabi,Oilseeds total,1390,1360,0.978417266
Nagaland,KIPHIRE,2014,Rabi,Other  Rabi pulses,1880,2390,1.271276596
Nagaland,KIPHIRE,2014,Rabi,Peas & beans (Pulses),340,370,1.088235294
Nagaland,KIPHIRE,2014,Rabi,Potato,160,1630,10.1875
Nagaland,KIPHIRE,2014,Rabi,Rapeseed &Mustard,1190,1200,1.008403361
Nagaland,KOHIMA,1997,Kharif,Bajra,200,140,0.7
Nagaland,KOHIMA,1997,Kharif,Maize,4400,4400,1
Nagaland,KOHIMA,1997,Kharif,Rice,27620,37250,1.348660391
Nagaland,KOHIMA,1997,Rabi,Rice,150,180,1.2
Nagaland,KOHIMA,1998,Kharif,Jute,15000,21000,1.4
Nagaland,KOHIMA,1998,Kharif,Maize,4000,5000,1.25
Nagaland,KOHIMA,1998,Kharif,Rice,27000,41000,1.518518519
Nagaland,KOHIMA,1998,Rabi,Wheat,1000,3000,3
Nagaland,KOHIMA,1999,Kharif,Arhar/Tur,800,570,0.7125
Nagaland,KOHIMA,1999,Kharif,Bajra,330,270,0.818181818
Nagaland,KOHIMA,1999,Kharif,Castor seed,250,190,0.76
Nagaland,KOHIMA,1999,Kharif,Cotton(lint),30,40,1.333333333
Nagaland,KOHIMA,1999,Kharif,Groundnut,700,850,1.214285714
Nagaland,KOHIMA,1999,Kharif,Jowar,220,190,0.863636364
Nagaland,KOHIMA,1999,Kharif,Jute,160,220,1.375
Nagaland,KOHIMA,1999,Kharif,Maize,4490,6730,1.498886414
Nagaland,KOHIMA,1999,Kharif,Moong(Green Gram),480,350,0.729166667
Nagaland,KOHIMA,1999,Kharif,Peas & beans (Pulses),400,260,0.65
Nagaland,KOHIMA,1999,Kharif,Rice,28800,46670,1.620486111
Nagaland,KOHIMA,1999,Kharif,Sesamum,550,330,0.6
Nagaland,KOHIMA,1999,Kharif,Soyabean,2100,2350,1.119047619
Nagaland,KOHIMA,1999,Kharif,Sunflower,200,270,1.35
Nagaland,KOHIMA,1999,Rabi,Gram,300,360,1.2
Nagaland,KOHIMA,1999,Rabi,Linseed,200,150,0.75
Nagaland,KOHIMA,1999,Rabi,Rapeseed &Mustard,370,390,1.054054054
Nagaland,KOHIMA,1999,Rabi,Sunflower,650,910,1.4
Nagaland,KOHIMA,1999,Whole Year,Potato,790,11440,14.48101266
Nagaland,KOHIMA,1999,Whole Year,Sugarcane,450,22500,50
Nagaland,KOHIMA,1999,Whole Year,Tea,12,13,1.083333333
Nagaland,KOHIMA,2000,Kharif,Arhar/Tur,380,420,1.105263158
Nagaland,KOHIMA,2000,Kharif,Bajra,150,120,0.8
Nagaland,KOHIMA,2000,Kharif,Castor seed,90,70,0.777777778
Nagaland,KOHIMA,2000,Kharif,Cotton(lint),10,20,2
Nagaland,KOHIMA,2000,Kharif,Groundnut,200,280,1.4
Nagaland,KOHIMA,2000,Kharif,Jowar,140,110,0.785714286
Nagaland,KOHIMA,2000,Kharif,Maize,3950,5900,1.493670886
Nagaland,KOHIMA,2000,Kharif,Moong(Green Gram),180,150,0.833333333
Nagaland,KOHIMA,2000,Kharif,Niger seed,50,20,0.4
Nagaland,KOHIMA,2000,Kharif,Other Kharif pulses,350,420,1.2
Nagaland,KOHIMA,2000,Kharif,Peas & beans (Pulses),400,260,0.65
Nagaland,KOHIMA,2000,Kharif,Rice,17870,28310,1.584219362
Nagaland,KOHIMA,2000,Kharif,Sesamum,200,120,0.6
Nagaland,KOHIMA,2000,Kharif,Small millets,680,750,1.102941176
Nagaland,KOHIMA,2000,Kharif,Soyabean,830,1070,1.289156627
Nagaland,KOHIMA,2000,Kharif,Sunflower,220,170,0.772727273
Nagaland,KOHIMA,2000,Rabi,Barley,100,150,1.5
Nagaland,KOHIMA,2000,Rabi,Gram,90,70,0.777777778
Nagaland,KOHIMA,2000,Rabi,Linseed,620,230,0.370967742
Nagaland,KOHIMA,2000,Rabi,Other  Rabi pulses,280,380,1.357142857
Nagaland,KOHIMA,2000,Rabi,Peas & beans (Pulses),620,640,1.032258065
Nagaland,KOHIMA,2000,Rabi,Rapeseed &Mustard,750,600,0.8
Nagaland,KOHIMA,2000,Rabi,Sunflower,130,140,1.076923077
Nagaland,KOHIMA,2000,Rabi,Wheat,220,700,3.181818182
Nagaland,KOHIMA,2000,Whole Year,Potato,320,2630,8.21875
Nagaland,KOHIMA,2000,Whole Year,Sugarcane,80,1860,23.25
Nagaland,KOHIMA,2000,Whole Year,Tea,50,150,3
Nagaland,KOHIMA,2001,Kharif,Arhar/Tur,680,510,0.75
Nagaland,KOHIMA,2001,Kharif,Bajra,160,100,0.625
Nagaland,KOHIMA,2001,Kharif,Cotton(lint),30,40,1.333333333
Nagaland,KOHIMA,2001,Kharif,Groundnut,80,100,1.25
Nagaland,KOHIMA,2001,Kharif,Jowar,140,100,0.714285714
Nagaland,KOHIMA,2001,Kharif,Maize,4960,10260,2.068548387
Nagaland,KOHIMA,2001,Kharif,Moong(Green Gram),250,200,0.8
Nagaland,KOHIMA,2001,Kharif,Niger seed,2000,2000,1
Nagaland,KOHIMA,2001,Kharif,Peas & beans (Pulses),190,140,0.736842105
Nagaland,KOHIMA,2001,Kharif,Rice,18700,29550,1.580213904
Nagaland,KOHIMA,2001,Kharif,Sesamum,420,300,0.714285714
Nagaland,KOHIMA,2001,Kharif,Small millets,790,600,0.759493671
Nagaland,KOHIMA,2001,Kharif,Soyabean,1200,2800,2.333333333
Nagaland,KOHIMA,2001,Kharif,Sunflower,30,50,1.666666667
Nagaland,KOHIMA,2001,Rabi,Barley,400,800,2
Nagaland,KOHIMA,2001,Rabi,Gram,90,100,1.111111111
Nagaland,KOHIMA,2001,Rabi,Linseed,800,390,0.4875
Nagaland,KOHIMA,2001,Rabi,Peas & beans (Pulses),810,800,0.987654321
Nagaland,KOHIMA,2001,Rabi,Rapeseed &Mustard,850,820,0.964705882
Nagaland,KOHIMA,2001,Rabi,Wheat,300,830,2.766666667
Nagaland,KOHIMA,2001,Whole Year,Potato,240,2920,12.16666667
Nagaland,KOHIMA,2001,Whole Year,Sugarcane,170,4380,25.76470588
Nagaland,KOHIMA,2001,Whole Year,Tea,70,170,2.428571429
Nagaland,KOHIMA,2002,Kharif,Arhar/Tur,31,17,0.548387097
Nagaland,KOHIMA,2002,Kharif,Bajra,220,320,1.454545455
Nagaland,KOHIMA,2002,Kharif,Cotton(lint),120,560,4.666666667
Nagaland,KOHIMA,2002,Kharif,Groundnut,140,250,1.785714286
Nagaland,KOHIMA,2002,Kharif,Jowar,160,250,1.5625
Nagaland,KOHIMA,2002,Kharif,Jute,150,770,5.133333333
Nagaland,KOHIMA,2002,Kharif,Maize,4220,9100,2.156398104
Nagaland,KOHIMA,2002,Kharif,Moong(Green Gram),150,180,1.2
Nagaland,KOHIMA,2002,Kharif,Other Kharif pulses,220,100,0.454545455
Nagaland,KOHIMA,2002,Kharif,Peas & beans (Pulses),100,100,1
Nagaland,KOHIMA,2002,Kharif,Rice,18050,27800,1.540166205
Nagaland,KOHIMA,2002,Kharif,Sesamum,400,350,0.875
Nagaland,KOHIMA,2002,Kharif,Small millets,760,1510,1.986842105
Nagaland,KOHIMA,2002,Kharif,Soyabean,2100,3900,1.857142857
Nagaland,KOHIMA,2002,Kharif,Sunflower,140,250,1.785714286
Nagaland,KOHIMA,2002,Rabi,Barley,510,910,1.784313725
Nagaland,KOHIMA,2002,Rabi,Gram,100,70,0.7
Nagaland,KOHIMA,2002,Rabi,Linseed,810,910,1.12345679
Nagaland,KOHIMA,2002,Rabi,Other  Rabi pulses,1110,980,0.882882883
Nagaland,KOHIMA,2002,Rabi,Peas & beans (Pulses),750,600,0.8
Nagaland,KOHIMA,2002,Rabi,Rapeseed &Mustard,860,1010,1.174418605
Nagaland,KOHIMA,2002,Rabi,Sunflower,140,160,1.142857143
Nagaland,KOHIMA,2002,Rabi,Wheat,550,1400,2.545454545
Nagaland,KOHIMA,2002,Whole Year,Potato,390,3940,10.1025641
Nagaland,KOHIMA,2002,Whole Year,Sugarcane,200,10210,51.05
Nagaland,KOHIMA,2002,Whole Year,Tea,90,190,2.111111111
Nagaland,KOHIMA,2003,Kharif,Arhar/Tur,120,150,1.25
Nagaland,KOHIMA,2003,Kharif,Bajra,310,520,1.677419355
Nagaland,KOHIMA,2003,Kharif,Cotton(lint),100,10,0.1
Nagaland,KOHIMA,2003,Kharif,Groundnut,140,210,1.5
Nagaland,KOHIMA,2003,Kharif,Jowar,90,90,1
Nagaland,KOHIMA,2003,Kharif,Jute,150,1770,11.8
Nagaland,KOHIMA,2003,Kharif,Maize,3270,4760,1.455657492
Nagaland,KOHIMA,2003,Kharif,Moong(Green Gram),210,290,1.380952381
Nagaland,KOHIMA,2003,Kharif,Other Kharif pulses,430,530,1.23255814
Nagaland,KOHIMA,2003,Kharif,Peas & beans (Pulses),120,230,1.916666667
Nagaland,KOHIMA,2003,Kharif,Rice,20250,33570,1.657777778
Nagaland,KOHIMA,2003,Kharif,Sesamum,220,220,1
Nagaland,KOHIMA,2003,Kharif,Small millets,540,80,0.148148148
Nagaland,KOHIMA,2003,Kharif,Soyabean,1920,2800,1.458333333
Nagaland,KOHIMA,2003,Kharif,Sunflower,160,400,2.5
Nagaland,KOHIMA,2003,Rabi,Barley,200,220,1.1
Nagaland,KOHIMA,2003,Rabi,Gram,120,160,1.333333333
Nagaland,KOHIMA,2003,Rabi,Linseed,870,770,0.885057471
Nagaland,KOHIMA,2003,Rabi,Masoor,120,70,0.583333333
Nagaland,KOHIMA,2003,Rabi,Other  Rabi pulses,230,190,0.826086957
Nagaland,KOHIMA,2003,Rabi,Peas & beans (Pulses),490,230,0.469387755
Nagaland,KOHIMA,2003,Rabi,Rapeseed &Mustard,1240,1050,0.846774194
Nagaland,KOHIMA,2003,Rabi,Sunflower,50,90,1.8
Nagaland,KOHIMA,2003,Rabi,Wheat,550,370,0.672727273
Nagaland,KOHIMA,2003,Whole Year,Potato,370,2800,7.567567568
Nagaland,KOHIMA,2003,Whole Year,Tea,100,200,2
Nagaland,KOHIMA,2004,Kharif,Arhar/Tur,570,550,0.964912281
Nagaland,KOHIMA,2004,Kharif,Bajra,310,450,1.451612903
Nagaland,KOHIMA,2004,Kharif,Groundnut,740,920,1.243243243
Nagaland,KOHIMA,2004,Kharif,Jowar,210,350,1.666666667
Nagaland,KOHIMA,2004,Kharif,Jute,250,2040,8.16
Nagaland,KOHIMA,2004,Kharif,Maize,4350,7850,1.804597701
Nagaland,KOHIMA,2004,Kharif,Moong(Green Gram),200,160,0.8
Nagaland,KOHIMA,2004,Kharif,Niger seed,60,70,1.166666667
Nagaland,KOHIMA,2004,Kharif,Other Kharif pulses,460,440,0.956521739
Nagaland,KOHIMA,2004,Kharif,Peas & beans (Pulses),100,110,1.1
Nagaland,KOHIMA,2004,Kharif,Rice,21720,40580,1.868324125
Nagaland,KOHIMA,2004,Kharif,Sesamum,70,30,0.428571429
Nagaland,KOHIMA,2004,Kharif,Small millets,990,1010,1.02020202
Nagaland,KOHIMA,2004,Kharif,Soyabean,2200,5000,2.272727273
Nagaland,KOHIMA,2004,Rabi,Barley,520,760,1.461538462
Nagaland,KOHIMA,2004,Rabi,Gram,240,220,0.916666667
Nagaland,KOHIMA,2004,Rabi,Linseed,900,330,0.366666667
Nagaland,KOHIMA,2004,Rabi,Masoor,450,220,0.488888889
Nagaland,KOHIMA,2004,Rabi,Other  Rabi pulses,240,230,0.958333333
Nagaland,KOHIMA,2004,Rabi,Peas & beans (Pulses),980,900,0.918367347
Nagaland,KOHIMA,2004,Rabi,Rapeseed &Mustard,1400,1060,0.757142857
Nagaland,KOHIMA,2004,Rabi,Wheat,1240,2030,1.637096774
Nagaland,KOHIMA,2004,Whole Year,Potato,4400,33950,7.715909091
Nagaland,KOHIMA,2004,Whole Year,Sugarcane,170,2400,14.11764706
Nagaland,KOHIMA,2005,Kharif,Arhar/Tur,760,780,1.026315789
Nagaland,KOHIMA,2005,Kharif,Bajra,350,360,1.028571429
Nagaland,KOHIMA,2005,Kharif,Groundnut,70,50,0.714285714
Nagaland,KOHIMA,2005,Kharif,Jowar,70,90,1.285714286
Nagaland,KOHIMA,2005,Kharif,Jute,260,1800,6.923076923
Nagaland,KOHIMA,2005,Kharif,Maize,4880,8880,1.819672131
Nagaland,KOHIMA,2005,Kharif,Moong(Green Gram),110,90,0.818181818
Nagaland,KOHIMA,2005,Kharif,Niger seed,70,80,1.142857143
Nagaland,KOHIMA,2005,Kharif,Other Kharif pulses,500,500,1
Nagaland,KOHIMA,2005,Kharif,Peas & beans (Pulses),110,130,1.181818182
Nagaland,KOHIMA,2005,Kharif,Rice,21950,40760,1.856947608
Nagaland,KOHIMA,2005,Kharif,Sesamum,690,450,0.652173913
Nagaland,KOHIMA,2005,Kharif,Small millets,2500,2630,1.052
Nagaland,KOHIMA,2005,Kharif,Soyabean,2030,3030,1.492610837
Nagaland,KOHIMA,2005,Rabi,Gram,70,80,1.142857143
Nagaland,KOHIMA,2005,Rabi,Linseed,820,150,0.182926829
Nagaland,KOHIMA,2005,Rabi,Masoor,470,710,1.510638298
Nagaland,KOHIMA,2005,Rabi,Other  Rabi pulses,390,660,1.692307692
Nagaland,KOHIMA,2005,Rabi,Peas & beans (Pulses),990,1350,1.363636364
Nagaland,KOHIMA,2005,Rabi,Rapeseed &Mustard,1420,1000,0.704225352
Nagaland,KOHIMA,2005,Rabi,Wheat,120,210,1.75
Nagaland,KOHIMA,2005,Whole Year,Sugarcane,340,10600,31.17647059
Nagaland,KOHIMA,2006,Kharif,Arhar/Tur,860,1050,1.220930233
Nagaland,KOHIMA,2006,Kharif,Cardamom,140,220,1.571428571
Nagaland,KOHIMA,2006,Kharif,Dry ginger,360,3200,8.888888889
Nagaland,KOHIMA,2006,Kharif,Groundnut,140,150,1.071428571
Nagaland,KOHIMA,2006,Kharif,Jowar,130,90,0.692307692
Nagaland,KOHIMA,2006,Kharif,Jute,370,1840,4.972972973
Nagaland,KOHIMA,2006,Kharif,Maize,6580,10970,1.667173252
Nagaland,KOHIMA,2006,Kharif,Moong(Green Gram),140,170,1.214285714
Nagaland,KOHIMA,2006,Kharif,Niger seed,60,40,0.666666667
Nagaland,KOHIMA,2006,Kharif,Peas & beans (Pulses),170,220,1.294117647
Nagaland,KOHIMA,2006,Kharif,Potato,830,7550,9.096385542
Nagaland,KOHIMA,2006,Kharif,Rice,23100,39860,1.725541126
Nagaland,KOHIMA,2006,Kharif,Sesamum,660,420,0.636363636
Nagaland,KOHIMA,2006,Kharif,Small millets,3800,2760,0.726315789
Nagaland,KOHIMA,2006,Kharif,Soyabean,1920,2310,1.203125
Nagaland,KOHIMA,2006,Rabi,Gram,60,80,1.333333333
Nagaland,KOHIMA,2006,Rabi,Linseed,920,580,0.630434783
Nagaland,KOHIMA,2006,Rabi,Masoor,490,590,1.204081633
Nagaland,KOHIMA,2006,Rabi,Other  Rabi pulses,540,670,1.240740741
Nagaland,KOHIMA,2006,Rabi,Peas & beans (Pulses),1010,1220,1.207920792
Nagaland,KOHIMA,2006,Rabi,Rapeseed &Mustard,1560,1140,0.730769231
Nagaland,KOHIMA,2006,Rabi,Urad,50,60,1.2
Nagaland,KOHIMA,2006,Rabi,Wheat,160,140,0.875
Nagaland,KOHIMA,2006,Whole Year,Sugarcane,360,18360,51
Nagaland,KOHIMA,2007,Kharif,Arhar/Tur,430,520,1.209302326
Nagaland,KOHIMA,2007,Kharif,Cardamom,50,30,0.6
Nagaland,KOHIMA,2007,Kharif,Dry chillies,100,130,1.3
Nagaland,KOHIMA,2007,Kharif,Dry ginger,620,4550,7.338709677
Nagaland,KOHIMA,2007,Kharif,Groundnut,190,210,1.105263158
Nagaland,KOHIMA,2007,Kharif,Jowar,150,190,1.266666667
Nagaland,KOHIMA,2007,Kharif,Jute,530,330,0.622641509
Nagaland,KOHIMA,2007,Kharif,Maize,7050,12030,1.706382979
Nagaland,KOHIMA,2007,Kharif,Moong(Green Gram),30,40,1.333333333
Nagaland,KOHIMA,2007,Kharif,Other Kharif pulses,1050,890,0.847619048
Nagaland,KOHIMA,2007,Kharif,Potato,700,8300,11.85714286
Nagaland,KOHIMA,2007,Kharif,Rice,25220,45940,1.821570182
Nagaland,KOHIMA,2007,Kharif,Sesamum,820,490,0.597560976
Nagaland,KOHIMA,2007,Kharif,Small millets,2920,2680,0.917808219
Nagaland,KOHIMA,2007,Kharif,Soyabean,2400,2700,1.125
Nagaland,KOHIMA,2007,Kharif,Sugarcane,290,15980,55.10344828
Nagaland,KOHIMA,2007,Kharif,Sunflower,200,190,0.95
Nagaland,KOHIMA,2007,Kharif,Tapioca,80,1910,23.875
Nagaland,KOHIMA,2007,Kharif,Tea,100,210,2.1
Nagaland,KOHIMA,2007,Kharif,Turmeric,20,100,5
Nagaland,KOHIMA,2007,Rabi,Linseed,1080,870,0.805555556
Nagaland,KOHIMA,2007,Rabi,Other  Rabi pulses,550,570,1.036363636
Nagaland,KOHIMA,2007,Rabi,Peas & beans (Pulses),1000,1150,1.15
Nagaland,KOHIMA,2007,Rabi,Rapeseed &Mustard,2520,1930,0.765873016
Nagaland,KOHIMA,2007,Rabi,Wheat,160,250,1.5625
Nagaland,KOHIMA,2008,Kharif,Arhar/Tur,330,330,1
Nagaland,KOHIMA,2008,Kharif,Cardamom,150,20,0.133333333
Nagaland,KOHIMA,2008,Kharif,Dry chillies,280,360,1.285714286
Nagaland,KOHIMA,2008,Kharif,Dry ginger,620,5820,9.387096774
Nagaland,KOHIMA,2008,Kharif,Groundnut,100,110,1.1
Nagaland,KOHIMA,2008,Kharif,Jowar,30,30,1
Nagaland,KOHIMA,2008,Kharif,Jute,540,910,1.685185185
Nagaland,KOHIMA,2008,Kharif,Maize,4500,7180,1.595555556
Nagaland,KOHIMA,2008,Kharif,Moong(Green Gram),30,10,0.333333333
Nagaland,KOHIMA,2008,Kharif,Other Kharif pulses,110,120,1.090909091
Nagaland,KOHIMA,2008,Kharif,Peas & beans (Pulses),300,430,1.433333333
Nagaland,KOHIMA,2008,Kharif,Potato,590,7190,12.18644068
Nagaland,KOHIMA,2008,Kharif,Rice,16300,31930,1.958895706
Nagaland,KOHIMA,2008,Kharif,Sesamum,590,350,0.593220339
Nagaland,KOHIMA,2008,Kharif,Small millets,2180,2060,0.944954128
Nagaland,KOHIMA,2008,Kharif,Soyabean,2000,2700,1.35
Nagaland,KOHIMA,2008,Kharif,Sugarcane,200,8620,43.1
Nagaland,KOHIMA,2008,Kharif,Sunflower,40,30,0.75
Nagaland,KOHIMA,2008,Kharif,Tapioca,150,3450,23
Nagaland,KOHIMA,2008,Kharif,Turmeric,40,180,4.5
Nagaland,KOHIMA,2008,Rabi,Linseed,470,400,0.85106383
Nagaland,KOHIMA,2008,Rabi,Masoor,70,50,0.714285714
Nagaland,KOHIMA,2008,Rabi,Other  Rabi pulses,150,70,0.466666667
Nagaland,KOHIMA,2008,Rabi,Peas & beans (Pulses),600,790,1.316666667
Nagaland,KOHIMA,2008,Rabi,Potato,620,7680,12.38709677
Nagaland,KOHIMA,2008,Rabi,Rapeseed &Mustard,1950,1920,0.984615385
Nagaland,KOHIMA,2008,Rabi,Wheat,160,250,1.5625
Nagaland,KOHIMA,2009,Kharif,Arhar/Tur,290,210,0.724137931
Nagaland,KOHIMA,2009,Kharif,Bajra,100,70,0.7
Nagaland,KOHIMA,2009,Kharif,Castor seed,50,20,0.4
Nagaland,KOHIMA,2009,Kharif,Groundnut,70,50,0.714285714
Nagaland,KOHIMA,2009,Kharif,Jowar,50,20,0.4
Nagaland,KOHIMA,2009,Kharif,Jute,260,420,1.615384615
Nagaland,KOHIMA,2009,Kharif,Maize,4490,4510,1.004454343
Nagaland,KOHIMA,2009,Kharif,Mesta,110,100,0.909090909
Nagaland,KOHIMA,2009,Kharif,Moong(Green Gram),60,60,1
Nagaland,KOHIMA,2009,Kharif,Peas & beans (Pulses),290,320,1.103448276
Nagaland,KOHIMA,2009,Kharif,Potato,620,5890,9.5
Nagaland,KOHIMA,2009,Kharif,Rice,15740,23010,1.461880559
Nagaland,KOHIMA,2009,Kharif,Sesamum,320,170,0.53125
Nagaland,KOHIMA,2009,Kharif,Small millets,1940,700,0.360824742
Nagaland,KOHIMA,2009,Kharif,Soyabean,1970,2030,1.030456853
Nagaland,KOHIMA,2009,Kharif,Sugarcane,280,8400,30
Nagaland,KOHIMA,2009,Kharif,Sunflower,30,20,0.666666667
Nagaland,KOHIMA,2009,Kharif,Tapioca,240,2740,11.41666667
Nagaland,KOHIMA,2009,Kharif,Urad,20,10,0.5
Nagaland,KOHIMA,2009,Rabi,Barley,40,50,1.25
Nagaland,KOHIMA,2009,Rabi,Gram,60,40,0.666666667
Nagaland,KOHIMA,2009,Rabi,Linseed,1100,760,0.690909091
Nagaland,KOHIMA,2009,Rabi,Masoor,170,120,0.705882353
Nagaland,KOHIMA,2009,Rabi,Peas & beans (Pulses),630,640,1.015873016
Nagaland,KOHIMA,2009,Rabi,Potato,770,9590,12.45454545
Nagaland,KOHIMA,2009,Rabi,Rapeseed &Mustard,4850,3660,0.754639175
Nagaland,KOHIMA,2009,Rabi,Urad,30,20,0.666666667
Nagaland,KOHIMA,2009,Rabi,Wheat,230,260,1.130434783
Nagaland,KOHIMA,2010,Kharif,Arhar/Tur,250,220,0.88
Nagaland,KOHIMA,2010,Kharif,Bajra,70,60,0.857142857
Nagaland,KOHIMA,2010,Kharif,Castor seed,20,10,0.5
Nagaland,KOHIMA,2010,Kharif,Groundnut,80,80,1
Nagaland,KOHIMA,2010,Kharif,Horse-gram,40,50,1.25
Nagaland,KOHIMA,2010,Kharif,Jowar,30,30,1
Nagaland,KOHIMA,2010,Kharif,Jute,610,1110,1.819672131
Nagaland,KOHIMA,2010,Kharif,Maize,4600,9020,1.960869565
Nagaland,KOHIMA,2010,Kharif,Mesta,70,130,1.857142857
Nagaland,KOHIMA,2010,Kharif,Moong(Green Gram),10,10,1
Nagaland,KOHIMA,2010,Kharif,Peas & beans (Pulses),310,380,1.225806452
Nagaland,KOHIMA,2010,Kharif,Potato,590,7490,12.69491525
Nagaland,KOHIMA,2010,Kharif,Rice,17930,37440,2.088120468
Nagaland,KOHIMA,2010,Kharif,Sesamum,370,240,0.648648649
Nagaland,KOHIMA,2010,Kharif,Small millets,1750,1700,0.971428571
Nagaland,KOHIMA,2010,Kharif,Soyabean,1990,2530,1.271356784
Nagaland,KOHIMA,2010,Kharif,Sugarcane,210,9150,43.57142857
Nagaland,KOHIMA,2010,Kharif,Sunflower,40,40,1
Nagaland,KOHIMA,2010,Kharif,Tapioca,140,3300,23.57142857
Nagaland,KOHIMA,2010,Rabi,Barley,40,60,1.5
Nagaland,KOHIMA,2010,Rabi,Gram,70,50,0.714285714
Nagaland,KOHIMA,2010,Rabi,Linseed,470,370,0.787234043
Nagaland,KOHIMA,2010,Rabi,Masoor,180,140,0.777777778
Nagaland,KOHIMA,2010,Rabi,Potato,850,10550,12.41176471
Nagaland,KOHIMA,2010,Rabi,Rapeseed &Mustard,2000,2020,1.01
Nagaland,KOHIMA,2010,Rabi,Urad,50,30,0.6
Nagaland,KOHIMA,2010,Rabi,Wheat,350,610,1.742857143
Nagaland,KOHIMA,2011,Kharif,Arhar/Tur,250,220,0.88
Nagaland,KOHIMA,2011,Kharif,Bajra,70,60,0.857142857
Nagaland,KOHIMA,2011,Kharif,Castor seed,20,10,0.5
Nagaland,KOHIMA,2011,Kharif,Ginger,410,3740,9.12195122
Nagaland,KOHIMA,2011,Kharif,Groundnut,80,80,1
Nagaland,KOHIMA,2011,Kharif,Horse-gram,40,50,1.25
Nagaland,KOHIMA,2011,Kharif,Jowar,30,30,1
Nagaland,KOHIMA,2011,Kharif,Jute,620,1120,1.806451613
Nagaland,KOHIMA,2011,Kharif,Maize,4610,9040,1.960954447
Nagaland,KOHIMA,2011,Kharif,Mesta,70,130,1.857142857
Nagaland,KOHIMA,2011,Kharif,Peas & beans (Pulses),320,400,1.25
Nagaland,KOHIMA,2011,Kharif,Rice,13570,29680,2.187177598
Nagaland,KOHIMA,2011,Kharif,Sesamum,370,240,0.648648649
Nagaland,KOHIMA,2011,Kharif,Small millets,1750,1700,0.971428571
Nagaland,KOHIMA,2011,Kharif,Soyabean,2010,2560,1.273631841
Nagaland,KOHIMA,2011,Kharif,Sugarcane,210,9150,43.57142857
Nagaland,KOHIMA,2011,Kharif,Sunflower,50,50,1
Nagaland,KOHIMA,2011,Kharif,Sweet potato,120,1020,8.5
Nagaland,KOHIMA,2011,Kharif,Tapioca,140,3300,23.57142857
Nagaland,KOHIMA,2011,Kharif,Urad,10,10,1
Nagaland,KOHIMA,2011,Rabi,Barley,40,60,1.5
Nagaland,KOHIMA,2011,Rabi,Blackgram,50,30,0.6
Nagaland,KOHIMA,2011,Rabi,Gram,80,60,0.75
Nagaland,KOHIMA,2011,Rabi,Linseed,470,370,0.787234043
Nagaland,KOHIMA,2011,Rabi,Masoor,180,140,0.777777778
Nagaland,KOHIMA,2011,Rabi,Peas & beans (Pulses),640,570,0.890625
Nagaland,KOHIMA,2011,Rabi,Potato,1470,13290,9.040816327
Nagaland,KOHIMA,2011,Rabi,Rapeseed &Mustard,2000,2010,1.005
Nagaland,KOHIMA,2011,Rabi,Wheat,350,610,1.742857143
Nagaland,KOHIMA,2012,Kharif,Arhar/Tur,290,260,0.896551724
Nagaland,KOHIMA,2012,Kharif,Bajra,80,90,1.125
Nagaland,KOHIMA,2012,Kharif,Castor seed,20,10,0.5
Nagaland,KOHIMA,2012,Kharif,Ginger,430,3920,9.11627907
Nagaland,KOHIMA,2012,Kharif,Groundnut,80,80,1
Nagaland,KOHIMA,2012,Kharif,Horse-gram,40,40,1
Nagaland,KOHIMA,2012,Kharif,Jowar,40,40,1
Nagaland,KOHIMA,2012,Kharif,Jute,550,1050,1.909090909
Nagaland,KOHIMA,2012,Kharif,Maize,4610,9040,1.960954447
Nagaland,KOHIMA,2012,Kharif,Mesta,110,120,1.090909091
Nagaland,KOHIMA,2012,Kharif,Peas & beans (Pulses),330,440,1.333333333
Nagaland,KOHIMA,2012,Kharif,Rice,13660,31320,2.292825769
Nagaland,KOHIMA,2012,Kharif,Sesamum,370,240,0.648648649
Nagaland,KOHIMA,2012,Kharif,Small millets,1760,1970,1.119318182
Nagaland,KOHIMA,2012,Kharif,Soyabean,2020,2560,1.267326733
Nagaland,KOHIMA,2012,Kharif,Sugarcane,210,9160,43.61904762
Nagaland,KOHIMA,2012,Kharif,Sunflower,50,50,1
Nagaland,KOHIMA,2012,Kharif,Sweet potato,140,1190,8.5
Nagaland,KOHIMA,2012,Kharif,Tapioca,160,3240,20.25
Nagaland,KOHIMA,2012,Kharif,Urad,20,20,1
Nagaland,KOHIMA,2012,Rabi,Barley,50,50,1
Nagaland,KOHIMA,2012,Rabi,Blackgram,50,40,0.8
Nagaland,KOHIMA,2012,Rabi,Gram,80,60,0.75
Nagaland,KOHIMA,2012,Rabi,Linseed,470,370,0.787234043
Nagaland,KOHIMA,2012,Rabi,Masoor,180,150,0.833333333
Nagaland,KOHIMA,2012,Rabi,Peas & beans (Pulses),650,680,1.046153846
Nagaland,KOHIMA,2012,Rabi,Potato,1510,15250,10.09933775
Nagaland,KOHIMA,2012,Rabi,Rapeseed &Mustard,2010,2030,1.009950249
Nagaland,KOHIMA,2012,Rabi,Wheat,370,670,1.810810811
Nagaland,KOHIMA,2013,Kharif,Arhar/Tur,290,260,0.896551724
Nagaland,KOHIMA,2013,Kharif,Bajra,80,90,1.125
Nagaland,KOHIMA,2013,Kharif,Bean,340,460,1.352941176
Nagaland,KOHIMA,2013,Kharif,Castor seed,20,10,0.5
Nagaland,KOHIMA,2013,Kharif,Colocosia,670,6370,9.507462687
Nagaland,KOHIMA,2013,Kharif,Ginger,430,3920,9.11627907
Nagaland,KOHIMA,2013,Kharif,Groundnut,80,80,1
Nagaland,KOHIMA,2013,Kharif,Jobster,210,220,1.047619048
Nagaland,KOHIMA,2013,Kharif,Jowar,50,50,1
Nagaland,KOHIMA,2013,Kharif,Jute,560,1060,1.892857143
Nagaland,KOHIMA,2013,Kharif,Maize,4610,9080,1.969631236
Nagaland,KOHIMA,2013,Kharif,Mesta,110,120,1.090909091
Nagaland,KOHIMA,2013,Kharif,Moong(Green Gram),20,20,1
Nagaland,KOHIMA,2013,Kharif,Perilla,400,250,0.625
Nagaland,KOHIMA,2013,Kharif,Rajmash Kholar,140,170,1.214285714
Nagaland,KOHIMA,2013,Kharif,Rice,14370,34020,2.36743215
Nagaland,KOHIMA,2013,Kharif,Ricebean (nagadal),810,900,1.111111111
Nagaland,KOHIMA,2013,Kharif,Sesamum,370,240,0.648648649
Nagaland,KOHIMA,2013,Kharif,Small millets,1770,1990,1.124293785
Nagaland,KOHIMA,2013,Kharif,Soyabean,2040,2610,1.279411765
Nagaland,KOHIMA,2013,Kharif,Sunflower,60,50,0.833333333
Nagaland,KOHIMA,2013,Kharif,Sweet potato,160,1360,8.5
Nagaland,KOHIMA,2013,Kharif,Tapioca,160,3240,20.25
Nagaland,KOHIMA,2013,Rabi,Barley,50,50,1
Nagaland,KOHIMA,2013,Rabi,Blackgram,50,40,0.8
Nagaland,KOHIMA,2013,Rabi,Gram,60,40,0.666666667
Nagaland,KOHIMA,2013,Rabi,Lentil,180,150,0.833333333
Nagaland,KOHIMA,2013,Rabi,Peas & beans (Pulses),650,700,1.076923077
Nagaland,KOHIMA,2013,Rabi,Potato,1540,15460,10.03896104
Nagaland,KOHIMA,2013,Rabi,Rajmash Kholar,440,540,1.227272727
Nagaland,KOHIMA,2013,Rabi,Rapeseed &Mustard,2010,2030,1.009950249
Nagaland,KOHIMA,2013,Rabi,Wheat,340,620,1.823529412
Nagaland,KOHIMA,2014,Kharif,Arhar/Tur,290,260,0.896551724
Nagaland,KOHIMA,2014,Kharif,Bajra,80,90,1.125
Nagaland,KOHIMA,2014,Kharif,Barley,50,50,1
Nagaland,KOHIMA,2014,Kharif,Bean,340,470,1.382352941
Nagaland,KOHIMA,2014,Kharif,Blackgram,50,40,0.8
Nagaland,KOHIMA,2014,Kharif,Castor seed,20,10,0.5
Nagaland,KOHIMA,2014,Kharif,Ginger,440,4010,9.113636364
Nagaland,KOHIMA,2014,Kharif,Groundnut,80,80,1
Nagaland,KOHIMA,2014,Kharif,Horse-gram,40,40,1
Nagaland,KOHIMA,2014,Kharif,Jowar,50,50,1
Nagaland,KOHIMA,2014,Kharif,Jute,560,1060,1.892857143
Nagaland,KOHIMA,2014,Kharif,Maize,4610,9100,1.973969631
Nagaland,KOHIMA,2014,Kharif,Mesta,110,120,1.090909091
Nagaland,KOHIMA,2014,Kharif,Moong(Green Gram),20,20,1
Nagaland,KOHIMA,2014,Kharif,Oilseeds total,2990,3250,1.086956522
Nagaland,KOHIMA,2014,Kharif,Other Kharif pulses,950,1090,1.147368421
Nagaland,KOHIMA,2014,Kharif,Rice,14860,35980,2.421265141
Nagaland,KOHIMA,2014,Kharif,Sesamum,370,240,0.648648649
Nagaland,KOHIMA,2014,Kharif,Small millets,1770,1990,1.124293785
Nagaland,KOHIMA,2014,Kharif,Soyabean,2050,2610,1.273170732
Nagaland,KOHIMA,2014,Kharif,Sugarcane,210,9140,43.52380952
Nagaland,KOHIMA,2014,Kharif,Sunflower,70,60,0.857142857
Nagaland,KOHIMA,2014,Kharif,Sweet potato,160,1360,8.5
Nagaland,KOHIMA,2014,Kharif,Tapioca,170,3440,20.23529412
Nagaland,KOHIMA,2014,Rabi,Lentil,180,150,0.833333333
Nagaland,KOHIMA,2014,Rabi,Linseed,470,380,0.808510638
Nagaland,KOHIMA,2014,Rabi,Oilseeds total,2490,2420,0.97188755
Nagaland,KOHIMA,2014,Rabi,Other  Rabi pulses,440,540,1.227272727
Nagaland,KOHIMA,2014,Rabi,Peas & beans (Pulses),650,710,1.092307692
Nagaland,KOHIMA,2014,Rabi,Potato,1570,16190,10.31210191
Nagaland,KOHIMA,2014,Rabi,Rapeseed &Mustard,2020,2040,1.00990099
Nagaland,KOHIMA,2014,Rabi,Wheat,340,620,1.823529412
Nagaland,LONGLENG,2008,Kharif,Arhar/Tur,120,110,0.916666667
Nagaland,LONGLENG,2008,Kharif,Dry chillies,100,120,1.2
Nagaland,LONGLENG,2008,Kharif,Dry ginger,220,2150,9.772727273
Nagaland,LONGLENG,2008,Kharif,Maize,3610,6470,1.792243767
Nagaland,LONGLENG,2008,Kharif,Other Kharif pulses,40,30,0.75
Nagaland,LONGLENG,2008,Kharif,Peas & beans (Pulses),160,200,1.25
Nagaland,LONGLENG,2008,Kharif,Potato,200,2460,12.3
Nagaland,LONGLENG,2008,Kharif,Rice,7760,14300,1.842783505
Nagaland,LONGLENG,2008,Kharif,Sesamum,220,100,0.454545455
Nagaland,LONGLENG,2008,Kharif,Small millets,560,500,0.892857143
Nagaland,LONGLENG,2008,Kharif,Soyabean,1060,1750,1.650943396
Nagaland,LONGLENG,2008,Kharif,Sugarcane,140,6090,43.5
Nagaland,LONGLENG,2008,Kharif,Tapioca,60,1380,23
Nagaland,LONGLENG,2008,Kharif,Turmeric,50,230,4.6
Nagaland,LONGLENG,2008,Rabi,Linseed,180,100,0.555555556
Nagaland,LONGLENG,2008,Rabi,Other  Rabi pulses,100,60,0.6
Nagaland,LONGLENG,2008,Rabi,Peas & beans (Pulses),300,380,1.266666667
Nagaland,LONGLENG,2008,Rabi,Rapeseed &Mustard,910,850,0.934065934
Nagaland,LONGLENG,2009,Kharif,Arhar/Tur,100,70,0.7
Nagaland,LONGLENG,2009,Kharif,Bajra,90,60,0.666666667
Nagaland,LONGLENG,2009,Kharif,Castor seed,40,20,0.5
Nagaland,LONGLENG,2009,Kharif,Maize,3580,3680,1.027932961
Nagaland,LONGLENG,2009,Kharif,Mesta,100,80,0.8
Nagaland,LONGLENG,2009,Kharif,Moong(Green Gram),40,30,0.75
Nagaland,LONGLENG,2009,Kharif,Peas & beans (Pulses),140,150,1.071428571
Nagaland,LONGLENG,2009,Kharif,Potato,190,1780,9.368421053
Nagaland,LONGLENG,2009,Kharif,Ragi,20,10,0.5
Nagaland,LONGLENG,2009,Kharif,Rice,7530,9410,1.249667995
Nagaland,LONGLENG,2009,Kharif,Sesamum,120,70,0.583333333
Nagaland,LONGLENG,2009,Kharif,Small millets,300,100,0.333333333
Nagaland,LONGLENG,2009,Kharif,Soyabean,1030,1040,1.009708738
Nagaland,LONGLENG,2009,Kharif,Sugarcane,200,6000,30
Nagaland,LONGLENG,2009,Kharif,Sunflower,20,10,0.5
Nagaland,LONGLENG,2009,Kharif,Tapioca,160,1830,11.4375
Nagaland,LONGLENG,2009,Rabi,Barley,30,50,1.666666667
Nagaland,LONGLENG,2009,Rabi,Gram,20,20,1
Nagaland,LONGLENG,2009,Rabi,Linseed,930,630,0.677419355
Nagaland,LONGLENG,2009,Rabi,Peas & beans (Pulses),330,330,1
Nagaland,LONGLENG,2009,Rabi,Rapeseed &Mustard,3930,2820,0.717557252
Nagaland,LONGLENG,2010,Kharif,Arhar/Tur,60,40,0.666666667
Nagaland,LONGLENG,2010,Kharif,Bajra,50,40,0.8
Nagaland,LONGLENG,2010,Kharif,Horse-gram,10,10,1
Nagaland,LONGLENG,2010,Kharif,Maize,3030,6000,1.98019802
Nagaland,LONGLENG,2010,Kharif,Mesta,60,110,1.833333333
Nagaland,LONGLENG,2010,Kharif,Peas & beans (Pulses),150,190,1.266666667
Nagaland,LONGLENG,2010,Kharif,Potato,160,2070,12.9375
Nagaland,LONGLENG,2010,Kharif,Ragi,20,20,1
Nagaland,LONGLENG,2010,Kharif,Rice,7420,13620,1.835579515
Nagaland,LONGLENG,2010,Kharif,Sesamum,150,90,0.6
Nagaland,LONGLENG,2010,Kharif,Small millets,190,160,0.842105263
Nagaland,LONGLENG,2010,Kharif,Soyabean,1040,1220,1.173076923
Nagaland,LONGLENG,2010,Kharif,Sugarcane,120,5240,43.66666667
Nagaland,LONGLENG,2010,Kharif,Sunflower,20,10,0.5
Nagaland,LONGLENG,2010,Kharif,Tapioca,80,1900,23.75
Nagaland,LONGLENG,2010,Rabi,Barley,30,50,1.666666667
Nagaland,LONGLENG,2010,Rabi,Gram,40,30,0.75
Nagaland,LONGLENG,2010,Rabi,Linseed,230,190,0.826086957
Nagaland,LONGLENG,2010,Rabi,Rapeseed &Mustard,1000,990,0.99
Nagaland,LONGLENG,2011,Kharif,Arhar/Tur,60,40,0.666666667
Nagaland,LONGLENG,2011,Kharif,Bajra,50,40,0.8
Nagaland,LONGLENG,2011,Kharif,Ginger,180,1640,9.111111111
Nagaland,LONGLENG,2011,Kharif,Horse-gram,20,20,1
Nagaland,LONGLENG,2011,Kharif,Maize,3030,5790,1.910891089
Nagaland,LONGLENG,2011,Kharif,Mesta,60,100,1.666666667
Nagaland,LONGLENG,2011,Kharif,Peas & beans (Pulses),150,190,1.266666667
Nagaland,LONGLENG,2011,Kharif,Ragi,20,20,1
Nagaland,LONGLENG,2011,Kharif,Rice,6310,11480,1.81933439
Nagaland,LONGLENG,2011,Kharif,Sesamum,150,90,0.6
Nagaland,LONGLENG,2011,Kharif,Small millets,190,160,0.842105263
Nagaland,LONGLENG,2011,Kharif,Soyabean,1050,1260,1.2
Nagaland,LONGLENG,2011,Kharif,Sugarcane,120,5220,43.5
Nagaland,LONGLENG,2011,Kharif,Sunflower,20,10,0.5
Nagaland,LONGLENG,2011,Kharif,Sweet potato,70,590,8.428571429
Nagaland,LONGLENG,2011,Kharif,Tapioca,90,2100,23.33333333
Nagaland,LONGLENG,2011,Rabi,Barley,30,50,1.666666667
Nagaland,LONGLENG,2011,Rabi,Gram,40,30,0.75
Nagaland,LONGLENG,2011,Rabi,Linseed,230,190,0.826086957
Nagaland,LONGLENG,2011,Rabi,Peas & beans (Pulses),340,300,0.882352941
Nagaland,LONGLENG,2011,Rabi,Potato,170,1530,9
Nagaland,LONGLENG,2011,Rabi,Rapeseed &Mustard,1000,1000,1
Nagaland,LONGLENG,2012,Kharif,Arhar/Tur,80,70,0.875
Nagaland,LONGLENG,2012,Kharif,Bajra,50,40,0.8
Nagaland,LONGLENG,2012,Kharif,Ginger,200,1820,9.1
Nagaland,LONGLENG,2012,Kharif,Groundnut,20,10,0.5
Nagaland,LONGLENG,2012,Kharif,Horse-gram,20,20,1
Nagaland,LONGLENG,2012,Kharif,Maize,3030,5790,1.910891089
Nagaland,LONGLENG,2012,Kharif,Mesta,80,80,1
Nagaland,LONGLENG,2012,Kharif,Peas & beans (Pulses),150,200,1.333333333
Nagaland,LONGLENG,2012,Kharif,Ragi,20,20,1
Nagaland,LONGLENG,2012,Kharif,Rice,6360,12250,1.926100629
Nagaland,LONGLENG,2012,Kharif,Sesamum,150,90,0.6
Nagaland,LONGLENG,2012,Kharif,Small millets,190,210,1.105263158
Nagaland,LONGLENG,2012,Kharif,Soyabean,1060,1270,1.198113208
Nagaland,LONGLENG,2012,Kharif,Sugarcane,120,5220,43.5
Nagaland,LONGLENG,2012,Kharif,Sunflower,20,10,0.5
Nagaland,LONGLENG,2012,Kharif,Sweet potato,80,670,8.375
Nagaland,LONGLENG,2012,Kharif,Tapioca,110,2200,20
Nagaland,LONGLENG,2012,Rabi,Barley,30,30,1
Nagaland,LONGLENG,2012,Rabi,Gram,40,30,0.75
Nagaland,LONGLENG,2012,Rabi,Linseed,230,190,0.826086957
Nagaland,LONGLENG,2012,Rabi,Peas & beans (Pulses),380,400,1.052631579
Nagaland,LONGLENG,2012,Rabi,Potato,190,1900,10
Nagaland,LONGLENG,2012,Rabi,Rapeseed &Mustard,1000,1010,1.01
Nagaland,LONGLENG,2013,Kharif,Arhar/Tur,90,80,0.888888889
Nagaland,LONGLENG,2013,Kharif,Bajra,50,40,0.8
Nagaland,LONGLENG,2013,Kharif,Bean,150,200,1.333333333
Nagaland,LONGLENG,2013,Kharif,Colocosia,400,3800,9.5
Nagaland,LONGLENG,2013,Kharif,Ginger,200,1820,9.1
Nagaland,LONGLENG,2013,Kharif,Groundnut,20,20,1
Nagaland,LONGLENG,2013,Kharif,Jobster,70,70,1
Nagaland,LONGLENG,2013,Kharif,Maize,3030,5960,1.9669967
Nagaland,LONGLENG,2013,Kharif,Mesta,80,80,1
Nagaland,LONGLENG,2013,Kharif,Perilla,170,90,0.529411765
Nagaland,LONGLENG,2013,Kharif,Ragi,20,20,1
Nagaland,LONGLENG,2013,Kharif,Rajmash Kholar,350,440,1.257142857
Nagaland,LONGLENG,2013,Kharif,Rice,6780,13390,1.974926254
Nagaland,LONGLENG,2013,Kharif,Ricebean (nagadal),340,370,1.088235294
Nagaland,LONGLENG,2013,Kharif,Sesamum,150,90,0.6
Nagaland,LONGLENG,2013,Kharif,Small millets,190,210,1.105263158
Nagaland,LONGLENG,2013,Kharif,Soyabean,1060,1270,1.198113208
Nagaland,LONGLENG,2013,Kharif,Sunflower,20,10,0.5
Nagaland,LONGLENG,2013,Kharif,Sweet potato,100,850,8.5
Nagaland,LONGLENG,2013,Kharif,Tapioca,110,2200,20
Nagaland,LONGLENG,2013,Rabi,Barley,30,30,1
Nagaland,LONGLENG,2013,Rabi,Gram,40,30,0.75
Nagaland,LONGLENG,2013,Rabi,Peas & beans (Pulses),380,410,1.078947368
Nagaland,LONGLENG,2013,Rabi,Potato,190,1900,10
Nagaland,LONGLENG,2013,Rabi,Rajmash Kholar,1310,1640,1.251908397
Nagaland,LONGLENG,2013,Rabi,Rapeseed &Mustard,970,990,1.020618557
Nagaland,LONGLENG,2014,Kharif,Arhar/Tur,90,80,0.888888889
Nagaland,LONGLENG,2014,Kharif,Bajra,50,40,0.8
Nagaland,LONGLENG,2014,Kharif,Barley,30,30,1
Nagaland,LONGLENG,2014,Kharif,Bean,150,210,1.4
Nagaland,LONGLENG,2014,Kharif,Blackgram,30,30,1
Nagaland,LONGLENG,2014,Kharif,Ginger,210,1920,9.142857143
Nagaland,LONGLENG,2014,Kharif,Groundnut,20,20,1
Nagaland,LONGLENG,2014,Kharif,Horse-gram,20,20,1
Nagaland,LONGLENG,2014,Kharif,Maize,3030,5990,1.97689769
Nagaland,LONGLENG,2014,Kharif,Mesta,80,80,1
Nagaland,LONGLENG,2014,Kharif,Oilseeds total,1430,1490,1.041958042
Nagaland,LONGLENG,2014,Kharif,Other Kharif pulses,690,810,1.173913043
Nagaland,LONGLENG,2014,Kharif,Ragi,20,20,1
Nagaland,LONGLENG,2014,Kharif,Rice,7270,14980,2.060522696
Nagaland,LONGLENG,2014,Kharif,Sesamum,150,90,0.6
Nagaland,LONGLENG,2014,Kharif,Small millets,190,210,1.105263158
Nagaland,LONGLENG,2014,Kharif,Soyabean,1060,1270,1.198113208
Nagaland,LONGLENG,2014,Kharif,Sugarcane,120,5220,43.5
Nagaland,LONGLENG,2014,Kharif,Sunflower,30,20,0.666666667
Nagaland,LONGLENG,2014,Kharif,Sweet potato,110,940,8.545454545
Nagaland,LONGLENG,2014,Kharif,Tapioca,110,2200,20
Nagaland,LONGLENG,2014,Rabi,Linseed,230,190,0.826086957
Nagaland,LONGLENG,2014,Rabi,Oilseeds total,1210,1180,0.975206612
Nagaland,LONGLENG,2014,Rabi,Other  Rabi pulses,1310,1650,1.259541985
Nagaland,LONGLENG,2014,Rabi,Peas & beans (Pulses),380,420,1.105263158
Nagaland,LONGLENG,2014,Rabi,Potato,190,1930,10.15789474
Nagaland,LONGLENG,2014,Rabi,Rapeseed &Mustard,980,990,1.010204082
Nagaland,MOKOKCHUNG,1997,Kharif,Bajra,140,100,0.714285714
Nagaland,MOKOKCHUNG,1997,Kharif,Jowar,50,40,0.8
Nagaland,MOKOKCHUNG,1997,Kharif,Maize,2900,2800,0.965517241
Nagaland,MOKOKCHUNG,1997,Kharif,Rice,21320,26700,1.252345216
Nagaland,MOKOKCHUNG,1998,Kharif,Maize,3000,3000,1
Nagaland,MOKOKCHUNG,1998,Kharif,Rice,21000,29000,1.380952381
Nagaland,MOKOKCHUNG,1999,Kharif,Arhar/Tur,450,320,0.711111111
Nagaland,MOKOKCHUNG,1999,Kharif,Bajra,200,170,0.85
Nagaland,MOKOKCHUNG,1999,Kharif,Castor seed,20,150,7.5
Nagaland,MOKOKCHUNG,1999,Kharif,Cotton(lint),30,40,1.333333333
Nagaland,MOKOKCHUNG,1999,Kharif,Groundnut,450,540,1.2
Nagaland,MOKOKCHUNG,1999,Kharif,Jowar,180,150,0.833333333
Nagaland,MOKOKCHUNG,1999,Kharif,Maize,3250,4850,1.492307692
Nagaland,MOKOKCHUNG,1999,Kharif,Moong(Green Gram),370,260,0.702702703
Nagaland,MOKOKCHUNG,1999,Kharif,Peas & beans (Pulses),180,120,0.666666667
Nagaland,MOKOKCHUNG,1999,Kharif,Rice,20200,29150,1.443069307
Nagaland,MOKOKCHUNG,1999,Kharif,Sesamum,1450,270,0.186206897
Nagaland,MOKOKCHUNG,1999,Kharif,Soyabean,1300,1450,1.115384615
Nagaland,MOKOKCHUNG,1999,Kharif,Sunflower,120,160,1.333333333
Nagaland,MOKOKCHUNG,1999,Rabi,Gram,130,160,1.230769231
Nagaland,MOKOKCHUNG,1999,Rabi,Linseed,700,520,0.742857143
Nagaland,MOKOKCHUNG,1999,Rabi,Rapeseed &Mustard,190,180,0.947368421
Nagaland,MOKOKCHUNG,1999,Rabi,Sunflower,300,420,1.4
Nagaland,MOKOKCHUNG,1999,Whole Year,Potato,440,4760,10.81818182
Nagaland,MOKOKCHUNG,1999,Whole Year,Tea,23,24,1.043478261
Nagaland,MOKOKCHUNG,2000,Kharif,Arhar/Tur,470,520,1.106382979
Nagaland,MOKOKCHUNG,2000,Kharif,Bajra,190,160,0.842105263
Nagaland,MOKOKCHUNG,2000,Kharif,Castor seed,210,140,0.666666667
Nagaland,MOKOKCHUNG,2000,Kharif,Cotton(lint),30,40,1.333333333
Nagaland,MOKOKCHUNG,2000,Kharif,Groundnut,490,550,1.12244898
Nagaland,MOKOKCHUNG,2000,Kharif,Jowar,160,130,0.8125
Nagaland,MOKOKCHUNG,2000,Kharif,Maize,4550,5180,1.138461538
Nagaland,MOKOKCHUNG,2000,Kharif,Moong(Green Gram),300,270,0.9
Nagaland,MOKOKCHUNG,2000,Kharif,Niger seed,150,80,0.533333333
Nagaland,MOKOKCHUNG,2000,Kharif,Other Kharif pulses,440,450,1.022727273
Nagaland,MOKOKCHUNG,2000,Kharif,Peas & beans (Pulses),180,120,0.666666667
Nagaland,MOKOKCHUNG,2000,Kharif,Rice,18050,26450,1.465373961
Nagaland,MOKOKCHUNG,2000,Kharif,Sesamum,310,210,0.677419355
Nagaland,MOKOKCHUNG,2000,Kharif,Small millets,730,750,1.02739726
Nagaland,MOKOKCHUNG,2000,Kharif,Soyabean,1360,1550,1.139705882
Nagaland,MOKOKCHUNG,2000,Kharif,Sunflower,480,360,0.75
Nagaland,MOKOKCHUNG,2000,Rabi,Barley,130,190,1.461538462
Nagaland,MOKOKCHUNG,2000,Rabi,Gram,150,100,0.666666667
Nagaland,MOKOKCHUNG,2000,Rabi,Linseed,760,440,0.578947368
Nagaland,MOKOKCHUNG,2000,Rabi,Other  Rabi pulses,900,750,0.833333333
Nagaland,MOKOKCHUNG,2000,Rabi,Peas & beans (Pulses),800,790,0.9875
Nagaland,MOKOKCHUNG,2000,Rabi,Rapeseed &Mustard,2100,2000,0.952380952
Nagaland,MOKOKCHUNG,2000,Rabi,Sunflower,100,110,1.1
Nagaland,MOKOKCHUNG,2000,Rabi,Wheat,560,1000,1.785714286
Nagaland,MOKOKCHUNG,2000,Whole Year,Potato,450,5050,11.22222222
Nagaland,MOKOKCHUNG,2000,Whole Year,Sugarcane,70,2320,33.14285714
Nagaland,MOKOKCHUNG,2000,Whole Year,Tea,100,220,2.2
Nagaland,MOKOKCHUNG,2001,Kharif,Arhar/Tur,770,530,0.688311688
Nagaland,MOKOKCHUNG,2001,Kharif,Bajra,200,150,0.75
Nagaland,MOKOKCHUNG,2001,Kharif,Cotton(lint),50,50,1
Nagaland,MOKOKCHUNG,2001,Kharif,Jowar,160,130,0.8125
Nagaland,MOKOKCHUNG,2001,Kharif,Maize,5700,11180,1.961403509
Nagaland,MOKOKCHUNG,2001,Kharif,Moong(Green Gram),340,260,0.764705882
Nagaland,MOKOKCHUNG,2001,Kharif,Peas & beans (Pulses),180,130,0.722222222
Nagaland,MOKOKCHUNG,2001,Kharif,Rice,19020,26570,1.396950578
Nagaland,MOKOKCHUNG,2001,Kharif,Small millets,920,600,0.652173913
Nagaland,MOKOKCHUNG,2001,Kharif,Soyabean,2230,2830,1.269058296
Nagaland,MOKOKCHUNG,2001,Kharif,Sunflower,90,90,1
Nagaland,MOKOKCHUNG,2001,Rabi,Barley,530,1010,1.905660377
Nagaland,MOKOKCHUNG,2001,Rabi,Gram,140,140,1
Nagaland,MOKOKCHUNG,2001,Rabi,Groundnut,70,90,1.285714286
Nagaland,MOKOKCHUNG,2001,Rabi,Linseed,500,350,0.7
Nagaland,MOKOKCHUNG,2001,Rabi,Peas & beans (Pulses),980,1000,1.020408163
Nagaland,MOKOKCHUNG,2001,Rabi,Rapeseed &Mustard,2240,2260,1.008928571
Nagaland,MOKOKCHUNG,2001,Rabi,Sesamum,470,400,0.85106383
Nagaland,MOKOKCHUNG,2001,Rabi,Sunflower,40,50,1.25
Nagaland,MOKOKCHUNG,2001,Rabi,Wheat,660,1160,1.757575758
Nagaland,MOKOKCHUNG,2001,Whole Year,Potato,350,4550,13
Nagaland,MOKOKCHUNG,2001,Whole Year,Sugarcane,120,4100,34.16666667
Nagaland,MOKOKCHUNG,2001,Whole Year,Tea,110,280,2.545454545
Nagaland,MOKOKCHUNG,2002,Kharif,Bajra,260,430,1.653846154
Nagaland,MOKOKCHUNG,2002,Kharif,Cotton(lint),110,530,4.818181818
Nagaland,MOKOKCHUNG,2002,Kharif,Groundnut,200,220,1.1
Nagaland,MOKOKCHUNG,2002,Kharif,Jowar,200,400,2
Nagaland,MOKOKCHUNG,2002,Kharif,Maize,5410,10020,1.852125693
Nagaland,MOKOKCHUNG,2002,Kharif,Moong(Green Gram),220,260,1.181818182
Nagaland,MOKOKCHUNG,2002,Kharif,Other Kharif pulses,160,80,0.5
Nagaland,MOKOKCHUNG,2002,Kharif,Peas & beans (Pulses),80,100,1.25
Nagaland,MOKOKCHUNG,2002,Kharif,Rice,18560,25190,1.357219828
Nagaland,MOKOKCHUNG,2002,Kharif,Sesamum,520,410,0.788461538
Nagaland,MOKOKCHUNG,2002,Kharif,Small millets,850,1430,1.682352941
Nagaland,MOKOKCHUNG,2002,Kharif,Soyabean,2800,3500,1.25
Nagaland,MOKOKCHUNG,2002,Kharif,Sunflower,150,250,1.666666667
Nagaland,MOKOKCHUNG,2002,Rabi,Barley,610,1200,1.967213115
Nagaland,MOKOKCHUNG,2002,Rabi,Gram,150,110,0.733333333
Nagaland,MOKOKCHUNG,2002,Rabi,Linseed,920,1000,1.086956522
Nagaland,MOKOKCHUNG,2002,Rabi,Other  Rabi pulses,1870,1820,0.973262032
Nagaland,MOKOKCHUNG,2002,Rabi,Peas & beans (Pulses),780,850,1.08974359
Nagaland,MOKOKCHUNG,2002,Rabi,Rapeseed &Mustard,2270,2500,1.101321586
Nagaland,MOKOKCHUNG,2002,Rabi,Sunflower,110,130,1.181818182
Nagaland,MOKOKCHUNG,2002,Rabi,Wheat,800,1860,2.325
Nagaland,MOKOKCHUNG,2002,Whole Year,Potato,480,6250,13.02083333
Nagaland,MOKOKCHUNG,2002,Whole Year,Sugarcane,170,12100,71.17647059
Nagaland,MOKOKCHUNG,2002,Whole Year,Tea,110,290,2.636363636
Nagaland,MOKOKCHUNG,2003,Kharif,Arhar/Tur,750,830,1.106666667
Nagaland,MOKOKCHUNG,2003,Kharif,Bajra,440,700,1.590909091
Nagaland,MOKOKCHUNG,2003,Kharif,Cotton(lint),180,30,0.166666667
Nagaland,MOKOKCHUNG,2003,Kharif,Groundnut,130,220,1.692307692
Nagaland,MOKOKCHUNG,2003,Kharif,Jowar,420,610,1.452380952
Nagaland,MOKOKCHUNG,2003,Kharif,Maize,3670,6070,1.653950954
Nagaland,MOKOKCHUNG,2003,Kharif,Moong(Green Gram),190,310,1.631578947
Nagaland,MOKOKCHUNG,2003,Kharif,Other Kharif pulses,790,1010,1.278481013
Nagaland,MOKOKCHUNG,2003,Kharif,Peas & beans (Pulses),120,170,1.416666667
Nagaland,MOKOKCHUNG,2003,Kharif,Rice,17610,,
Nagaland,MOKOKCHUNG,2003,Kharif,Sesamum,220,280,1.272727273
Nagaland,MOKOKCHUNG,2003,Kharif,Small millets,720,310,0.430555556
Nagaland,MOKOKCHUNG,2003,Kharif,Soyabean,1640,2200,1.341463415
Nagaland,MOKOKCHUNG,2003,Kharif,Sunflower,360,770,2.138888889
Nagaland,MOKOKCHUNG,2003,Rabi,Barley,720,1250,1.736111111
Nagaland,MOKOKCHUNG,2003,Rabi,Gram,110,160,1.454545455
Nagaland,MOKOKCHUNG,2003,Rabi,Linseed,600,610,1.016666667
Nagaland,MOKOKCHUNG,2003,Rabi,Masoor,370,180,0.486486486
Nagaland,MOKOKCHUNG,2003,Rabi,Other  Rabi pulses,650,430,0.661538462
Nagaland,MOKOKCHUNG,2003,Rabi,Peas & beans (Pulses),1080,1240,1.148148148
Nagaland,MOKOKCHUNG,2003,Rabi,Rapeseed &Mustard,1500,850,0.566666667
Nagaland,MOKOKCHUNG,2003,Rabi,Sunflower,80,140,1.75
Nagaland,MOKOKCHUNG,2003,Rabi,Wheat,840,1100,1.30952381
Nagaland,MOKOKCHUNG,2003,Whole Year,Potato,470,4570,9.723404255
Nagaland,MOKOKCHUNG,2003,Whole Year,Sugarcane,200,8520,42.6
Nagaland,MOKOKCHUNG,2003,Whole Year,Tea,150,310,2.066666667
Nagaland,MOKOKCHUNG,2004,Kharif,Arhar/Tur,860,810,0.941860465
Nagaland,MOKOKCHUNG,2004,Kharif,Bajra,250,390,1.56
Nagaland,MOKOKCHUNG,2004,Kharif,Cotton(lint),220,20,0.090909091
Nagaland,MOKOKCHUNG,2004,Kharif,Groundnut,640,810,1.265625
Nagaland,MOKOKCHUNG,2004,Kharif,Jowar,260,440,1.692307692
Nagaland,MOKOKCHUNG,2004,Kharif,Jute,140,1900,13.57142857
Nagaland,MOKOKCHUNG,2004,Kharif,Maize,4290,7790,1.815850816
Nagaland,MOKOKCHUNG,2004,Kharif,Moong(Green Gram),110,70,0.636363636
Nagaland,MOKOKCHUNG,2004,Kharif,Other Kharif pulses,690,690,1
Nagaland,MOKOKCHUNG,2004,Kharif,Peas & beans (Pulses),120,60,0.5
Nagaland,MOKOKCHUNG,2004,Kharif,Rice,15410,24250,1.573653472
Nagaland,MOKOKCHUNG,2004,Kharif,Sesamum,50,20,0.4
Nagaland,MOKOKCHUNG,2004,Kharif,Small millets,650,600,0.923076923
Nagaland,MOKOKCHUNG,2004,Kharif,Soyabean,2060,3300,1.601941748
Nagaland,MOKOKCHUNG,2004,Kharif,Sunflower,150,130,0.866666667
Nagaland,MOKOKCHUNG,2004,Rabi,Barley,400,650,1.625
Nagaland,MOKOKCHUNG,2004,Rabi,Gram,140,140,1
Nagaland,MOKOKCHUNG,2004,Rabi,Linseed,800,320,0.4
Nagaland,MOKOKCHUNG,2004,Rabi,Masoor,220,90,0.409090909
Nagaland,MOKOKCHUNG,2004,Rabi,Other  Rabi pulses,660,460,0.696969697
Nagaland,MOKOKCHUNG,2004,Rabi,Peas & beans (Pulses),870,700,0.804597701
Nagaland,MOKOKCHUNG,2004,Rabi,Rapeseed &Mustard,1880,1380,0.734042553
Nagaland,MOKOKCHUNG,2004,Rabi,Sugarcane,210,3350,15.95238095
Nagaland,MOKOKCHUNG,2004,Rabi,Wheat,1300,2030,1.561538462
Nagaland,MOKOKCHUNG,2004,Whole Year,Potato,1370,10790,7.875912409
Nagaland,MOKOKCHUNG,2005,Kharif,Arhar/Tur,1020,950,0.931372549
Nagaland,MOKOKCHUNG,2005,Kharif,Bajra,280,290,1.035714286
Nagaland,MOKOKCHUNG,2005,Kharif,Groundnut,40,50,1.25
Nagaland,MOKOKCHUNG,2005,Kharif,Jowar,60,60,1
Nagaland,MOKOKCHUNG,2005,Kharif,Jute,150,1700,11.33333333
Nagaland,MOKOKCHUNG,2005,Kharif,Maize,4730,8760,1.852008457
Nagaland,MOKOKCHUNG,2005,Kharif,Moong(Green Gram),60,50,0.833333333
Nagaland,MOKOKCHUNG,2005,Kharif,Other Kharif pulses,700,680,0.971428571
Nagaland,MOKOKCHUNG,2005,Kharif,Peas & beans (Pulses),110,80,0.727272727
Nagaland,MOKOKCHUNG,2005,Kharif,Rice,15780,24420,1.547528517
Nagaland,MOKOKCHUNG,2005,Kharif,Sesamum,700,480,0.685714286
Nagaland,MOKOKCHUNG,2005,Kharif,Small millets,1320,1420,1.075757576
Nagaland,MOKOKCHUNG,2005,Kharif,Soyabean,1420,1530,1.077464789
Nagaland,MOKOKCHUNG,2005,Kharif,Sunflower,180,150,0.833333333
Nagaland,MOKOKCHUNG,2005,Rabi,Gram,40,30,0.75
Nagaland,MOKOKCHUNG,2005,Rabi,Linseed,840,270,0.321428571
Nagaland,MOKOKCHUNG,2005,Rabi,Masoor,250,610,2.44
Nagaland,MOKOKCHUNG,2005,Rabi,Other  Rabi pulses,800,930,1.1625
Nagaland,MOKOKCHUNG,2005,Rabi,Peas & beans (Pulses),880,1230,1.397727273
Nagaland,MOKOKCHUNG,2005,Rabi,Rapeseed &Mustard,1900,1180,0.621052632
Nagaland,MOKOKCHUNG,2005,Rabi,Sugarcane,270,3380,12.51851852
Nagaland,MOKOKCHUNG,2005,Rabi,Sunflower,100,100,1
Nagaland,MOKOKCHUNG,2005,Rabi,Wheat,140,270,1.928571429
Nagaland,MOKOKCHUNG,2006,Kharif,Arhar/Tur,1100,1350,1.227272727
Nagaland,MOKOKCHUNG,2006,Kharif,Cardamom,170,280,1.647058824
Nagaland,MOKOKCHUNG,2006,Kharif,Dry ginger,200,1760,8.8
Nagaland,MOKOKCHUNG,2006,Kharif,Groundnut,150,150,1
Nagaland,MOKOKCHUNG,2006,Kharif,Jowar,100,70,0.7
Nagaland,MOKOKCHUNG,2006,Kharif,Jute,220,1710,7.772727273
Nagaland,MOKOKCHUNG,2006,Kharif,Maize,6380,10600,1.661442006
Nagaland,MOKOKCHUNG,2006,Kharif,Moong(Green Gram),80,90,1.125
Nagaland,MOKOKCHUNG,2006,Kharif,Peas & beans (Pulses),140,150,1.071428571
Nagaland,MOKOKCHUNG,2006,Kharif,Potato,260,2300,8.846153846
Nagaland,MOKOKCHUNG,2006,Kharif,Rice,16890,26450,1.566015394
Nagaland,MOKOKCHUNG,2006,Kharif,Sesamum,700,450,0.642857143
Nagaland,MOKOKCHUNG,2006,Kharif,Small millets,2860,2000,0.699300699
Nagaland,MOKOKCHUNG,2006,Kharif,Soyabean,1360,1630,1.198529412
Nagaland,MOKOKCHUNG,2006,Kharif,Sunflower,120,80,0.666666667
Nagaland,MOKOKCHUNG,2006,Rabi,Gram,30,40,1.333333333
Nagaland,MOKOKCHUNG,2006,Rabi,Linseed,930,560,0.602150538
Nagaland,MOKOKCHUNG,2006,Rabi,Masoor,280,330,1.178571429
Nagaland,MOKOKCHUNG,2006,Rabi,Other  Rabi pulses,880,1050,1.193181818
Nagaland,MOKOKCHUNG,2006,Rabi,Peas & beans (Pulses),890,1050,1.179775281
Nagaland,MOKOKCHUNG,2006,Rabi,Rapeseed &Mustard,2030,1410,0.694581281
Nagaland,MOKOKCHUNG,2006,Rabi,Sugarcane,290,4850,16.72413793
Nagaland,MOKOKCHUNG,2006,Rabi,Sunflower,280,200,0.714285714
Nagaland,MOKOKCHUNG,2006,Rabi,Urad,50,60,1.2
Nagaland,MOKOKCHUNG,2006,Rabi,Wheat,160,130,0.8125
Nagaland,MOKOKCHUNG,2007,Kharif,Arhar/Tur,450,560,1.244444444
Nagaland,MOKOKCHUNG,2007,Kharif,Cardamom,30,10,0.333333333
Nagaland,MOKOKCHUNG,2007,Kharif,Dry chillies,90,100,1.111111111
Nagaland,MOKOKCHUNG,2007,Kharif,Dry ginger,400,2870,7.175
Nagaland,MOKOKCHUNG,2007,Kharif,Groundnut,210,220,1.047619048
Nagaland,MOKOKCHUNG,2007,Kharif,Jowar,100,140,1.4
Nagaland,MOKOKCHUNG,2007,Kharif,Jute,350,460,1.314285714
Nagaland,MOKOKCHUNG,2007,Kharif,Maize,6910,12690,1.836468886
Nagaland,MOKOKCHUNG,2007,Kharif,Moong(Green Gram),50,50,1
Nagaland,MOKOKCHUNG,2007,Kharif,Other Kharif pulses,650,720,1.107692308
Nagaland,MOKOKCHUNG,2007,Kharif,Potato,200,2790,13.95
Nagaland,MOKOKCHUNG,2007,Kharif,Rice,19990,34750,1.738369185
Nagaland,MOKOKCHUNG,2007,Kharif,Sesamum,850,510,0.6
Nagaland,MOKOKCHUNG,2007,Kharif,Small millets,1960,1910,0.974489796
Nagaland,MOKOKCHUNG,2007,Kharif,Soyabean,1650,1840,1.115151515
Nagaland,MOKOKCHUNG,2007,Kharif,Sugarcane,260,14320,55.07692308
Nagaland,MOKOKCHUNG,2007,Kharif,Sunflower,410,450,1.097560976
Nagaland,MOKOKCHUNG,2007,Kharif,Tapioca,100,2310,23.1
Nagaland,MOKOKCHUNG,2007,Kharif,Tea,240,1080,4.5
Nagaland,MOKOKCHUNG,2007,Kharif,Turmeric,20,90,4.5
Nagaland,MOKOKCHUNG,2007,Rabi,Linseed,1090,860,0.788990826
Nagaland,MOKOKCHUNG,2007,Rabi,Other  Rabi pulses,1180,1380,1.169491525
Nagaland,MOKOKCHUNG,2007,Rabi,Peas & beans (Pulses),880,980,1.113636364
Nagaland,MOKOKCHUNG,2007,Rabi,Rapeseed &Mustard,3230,2270,0.702786378
Nagaland,MOKOKCHUNG,2007,Rabi,Sunflower,370,260,0.702702703
Nagaland,MOKOKCHUNG,2007,Rabi,Wheat,160,250,1.5625
Nagaland,MOKOKCHUNG,2008,Kharif,Arhar/Tur,320,300,0.9375
Nagaland,MOKOKCHUNG,2008,Kharif,Cardamom,10,10,1
Nagaland,MOKOKCHUNG,2008,Kharif,Dry chillies,190,230,1.210526316
Nagaland,MOKOKCHUNG,2008,Kharif,Dry ginger,540,5190,9.611111111
Nagaland,MOKOKCHUNG,2008,Kharif,Groundnut,60,60,1
Nagaland,MOKOKCHUNG,2008,Kharif,Jute,360,840,2.333333333
Nagaland,MOKOKCHUNG,2008,Kharif,Maize,3050,6210,2.036065574
Nagaland,MOKOKCHUNG,2008,Kharif,Moong(Green Gram),40,20,0.5
Nagaland,MOKOKCHUNG,2008,Kharif,Other Kharif pulses,90,70,0.777777778
Nagaland,MOKOKCHUNG,2008,Kharif,Peas & beans (Pulses),230,340,1.47826087
Nagaland,MOKOKCHUNG,2008,Kharif,Potato,130,1590,12.23076923
Nagaland,MOKOKCHUNG,2008,Kharif,Rice,15930,30170,1.89391086
Nagaland,MOKOKCHUNG,2008,Kharif,Sesamum,550,320,0.581818182
Nagaland,MOKOKCHUNG,2008,Kharif,Small millets,1020,920,0.901960784
Nagaland,MOKOKCHUNG,2008,Kharif,Soyabean,1110,1560,1.405405405
Nagaland,MOKOKCHUNG,2008,Kharif,Sugarcane,320,13730,42.90625
Nagaland,MOKOKCHUNG,2008,Kharif,Sunflower,30,30,1
Nagaland,MOKOKCHUNG,2008,Kharif,Tapioca,510,11750,23.03921569
Nagaland,MOKOKCHUNG,2008,Kharif,Turmeric,30,120,4
Nagaland,MOKOKCHUNG,2008,Rabi,Gram,30,20,0.666666667
Nagaland,MOKOKCHUNG,2008,Rabi,Linseed,770,610,0.792207792
Nagaland,MOKOKCHUNG,2008,Rabi,Maize,210,350,1.666666667
Nagaland,MOKOKCHUNG,2008,Rabi,Masoor,130,90,0.692307692
Nagaland,MOKOKCHUNG,2008,Rabi,Other  Rabi pulses,100,60,0.6
Nagaland,MOKOKCHUNG,2008,Rabi,Peas & beans (Pulses),720,940,1.305555556
Nagaland,MOKOKCHUNG,2008,Rabi,Potato,490,6490,13.24489796
Nagaland,MOKOKCHUNG,2008,Rabi,Rapeseed &Mustard,2960,2960,1
Nagaland,MOKOKCHUNG,2008,Rabi,Wheat,180,260,1.444444444
Nagaland,MOKOKCHUNG,2009,Kharif,Arhar/Tur,310,210,0.677419355
Nagaland,MOKOKCHUNG,2009,Kharif,Bajra,100,70,0.7
Nagaland,MOKOKCHUNG,2009,Kharif,Castor seed,80,50,0.625
Nagaland,MOKOKCHUNG,2009,Kharif,Groundnut,80,70,0.875
Nagaland,MOKOKCHUNG,2009,Kharif,Jute,200,320,1.6
Nagaland,MOKOKCHUNG,2009,Kharif,Maize,3030,3180,1.04950495
Nagaland,MOKOKCHUNG,2009,Kharif,Mesta,100,100,1
Nagaland,MOKOKCHUNG,2009,Kharif,Moong(Green Gram),50,40,0.8
Nagaland,MOKOKCHUNG,2009,Kharif,Peas & beans (Pulses),220,250,1.136363636
Nagaland,MOKOKCHUNG,2009,Kharif,Potato,200,1890,9.45
Nagaland,MOKOKCHUNG,2009,Kharif,Ragi,70,50,0.714285714
Nagaland,MOKOKCHUNG,2009,Kharif,Rice,15710,21450,1.365372374
Nagaland,MOKOKCHUNG,2009,Kharif,Sesamum,390,200,0.512820513
Nagaland,MOKOKCHUNG,2009,Kharif,Small millets,800,280,0.35
Nagaland,MOKOKCHUNG,2009,Kharif,Soyabean,1100,1140,1.036363636
Nagaland,MOKOKCHUNG,2009,Kharif,Sugarcane,410,12310,30.02439024
Nagaland,MOKOKCHUNG,2009,Kharif,Tapioca,660,5590,8.46969697
Nagaland,MOKOKCHUNG,2009,Kharif,Urad,30,20,0.666666667
Nagaland,MOKOKCHUNG,2009,Rabi,Barley,40,60,1.5
Nagaland,MOKOKCHUNG,2009,Rabi,Gram,60,40,0.666666667
Nagaland,MOKOKCHUNG,2009,Rabi,Linseed,1410,970,0.687943262
Nagaland,MOKOKCHUNG,2009,Rabi,Maize,820,1250,1.524390244
Nagaland,MOKOKCHUNG,2009,Rabi,Masoor,200,150,0.75
Nagaland,MOKOKCHUNG,2009,Rabi,Peas & beans (Pulses),750,760,1.013333333
Nagaland,MOKOKCHUNG,2009,Rabi,Potato,420,5200,12.38095238
Nagaland,MOKOKCHUNG,2009,Rabi,Rapeseed &Mustard,5970,5100,0.854271357
Nagaland,MOKOKCHUNG,2009,Rabi,Sunflower,150,130,0.866666667
Nagaland,MOKOKCHUNG,2009,Rabi,Urad,60,50,0.833333333
Nagaland,MOKOKCHUNG,2009,Rabi,Wheat,250,280,1.12
Nagaland,MOKOKCHUNG,2010,Kharif,Arhar/Tur,260,220,0.846153846
Nagaland,MOKOKCHUNG,2010,Kharif,Bajra,60,50,0.833333333
Nagaland,MOKOKCHUNG,2010,Kharif,Castor seed,40,30,0.75
Nagaland,MOKOKCHUNG,2010,Kharif,Groundnut,90,90,1
Nagaland,MOKOKCHUNG,2010,Kharif,Horse-gram,30,20,0.666666667
Nagaland,MOKOKCHUNG,2010,Kharif,Jute,550,970,1.763636364
Nagaland,MOKOKCHUNG,2010,Kharif,Maize,3100,6050,1.951612903
Nagaland,MOKOKCHUNG,2010,Kharif,Mesta,60,120,2
Nagaland,MOKOKCHUNG,2010,Kharif,Moong(Green Gram),20,20,1
Nagaland,MOKOKCHUNG,2010,Kharif,Peas & beans (Pulses),220,270,1.227272727
Nagaland,MOKOKCHUNG,2010,Kharif,Potato,180,2290,12.72222222
Nagaland,MOKOKCHUNG,2010,Kharif,Ragi,60,50,0.833333333
Nagaland,MOKOKCHUNG,2010,Kharif,Rice,17670,35670,2.018675722
Nagaland,MOKOKCHUNG,2010,Kharif,Sesamum,450,260,0.577777778
Nagaland,MOKOKCHUNG,2010,Kharif,Small millets,610,530,0.868852459
Nagaland,MOKOKCHUNG,2010,Kharif,Soyabean,1080,1300,1.203703704
Nagaland,MOKOKCHUNG,2010,Kharif,Sugarcane,320,13920,43.5
Nagaland,MOKOKCHUNG,2010,Kharif,Tapioca,560,13150,23.48214286
Nagaland,MOKOKCHUNG,2010,Rabi,Barley,40,70,1.75
Nagaland,MOKOKCHUNG,2010,Rabi,Gram,60,40,0.666666667
Nagaland,MOKOKCHUNG,2010,Rabi,Linseed,750,600,0.8
Nagaland,MOKOKCHUNG,2010,Rabi,Maize,800,1560,1.95
Nagaland,MOKOKCHUNG,2010,Rabi,Masoor,210,170,0.80952381
Nagaland,MOKOKCHUNG,2010,Rabi,Potato,500,6190,12.38
Nagaland,MOKOKCHUNG,2010,Rabi,Rapeseed &Mustard,3080,3070,0.996753247
Nagaland,MOKOKCHUNG,2010,Rabi,Sunflower,310,160,0.516129032
Nagaland,MOKOKCHUNG,2010,Rabi,Urad,60,40,0.666666667
Nagaland,MOKOKCHUNG,2010,Rabi,Wheat,370,640,1.72972973
Nagaland,MOKOKCHUNG,2011,Kharif,Arhar/Tur,260,220,0.846153846
Nagaland,MOKOKCHUNG,2011,Kharif,Bajra,60,50,0.833333333
Nagaland,MOKOKCHUNG,2011,Kharif,Castor seed,50,40,0.8
Nagaland,MOKOKCHUNG,2011,Kharif,Ginger,240,2190,9.125
Nagaland,MOKOKCHUNG,2011,Kharif,Groundnut,100,100,1
Nagaland,MOKOKCHUNG,2011,Kharif,Horse-gram,30,20,0.666666667
Nagaland,MOKOKCHUNG,2011,Kharif,Jute,560,1010,1.803571429
Nagaland,MOKOKCHUNG,2011,Kharif,Maize,3100,6060,1.95483871
Nagaland,MOKOKCHUNG,2011,Kharif,Mesta,60,110,1.833333333
Nagaland,MOKOKCHUNG,2011,Kharif,Peas & beans (Pulses),220,270,1.227272727
Nagaland,MOKOKCHUNG,2011,Kharif,Ragi,70,60,0.857142857
Nagaland,MOKOKCHUNG,2011,Kharif,Rice,14750,29830,2.022372881
Nagaland,MOKOKCHUNG,2011,Kharif,Sesamum,450,260,0.577777778
Nagaland,MOKOKCHUNG,2011,Kharif,Small millets,610,530,0.868852459
Nagaland,MOKOKCHUNG,2011,Kharif,Soyabean,1090,1310,1.201834862
Nagaland,MOKOKCHUNG,2011,Kharif,Sugarcane,330,14230,43.12121212
Nagaland,MOKOKCHUNG,2011,Kharif,Sweet potato,100,840,8.4
Nagaland,MOKOKCHUNG,2011,Kharif,Tapioca,580,13700,23.62068966
Nagaland,MOKOKCHUNG,2011,Kharif,Urad,30,30,1
Nagaland,MOKOKCHUNG,2011,Rabi,Barley,40,70,1.75
Nagaland,MOKOKCHUNG,2011,Rabi,Blackgram,60,40,0.666666667
Nagaland,MOKOKCHUNG,2011,Rabi,Gram,60,40,0.666666667
Nagaland,MOKOKCHUNG,2011,Rabi,Linseed,760,610,0.802631579
Nagaland,MOKOKCHUNG,2011,Rabi,Maize,800,1560,1.95
Nagaland,MOKOKCHUNG,2011,Rabi,Masoor,210,170,0.80952381
Nagaland,MOKOKCHUNG,2011,Rabi,Peas & beans (Pulses),770,700,0.909090909
Nagaland,MOKOKCHUNG,2011,Rabi,Potato,710,6410,9.028169014
Nagaland,MOKOKCHUNG,2011,Rabi,Rapeseed &Mustard,3080,3100,1.006493506
Nagaland,MOKOKCHUNG,2011,Rabi,Sunflower,320,170,0.53125
Nagaland,MOKOKCHUNG,2011,Rabi,Wheat,370,640,1.72972973
Nagaland,MOKOKCHUNG,2012,Kharif,Arhar/Tur,280,250,0.892857143
Nagaland,MOKOKCHUNG,2012,Kharif,Bajra,60,60,1
Nagaland,MOKOKCHUNG,2012,Kharif,Castor seed,60,50,0.833333333
Nagaland,MOKOKCHUNG,2012,Kharif,Ginger,250,2280,9.12
Nagaland,MOKOKCHUNG,2012,Kharif,Groundnut,110,110,1
Nagaland,MOKOKCHUNG,2012,Kharif,Horse-gram,40,40,1
Nagaland,MOKOKCHUNG,2012,Kharif,Jute,540,1020,1.888888889
Nagaland,MOKOKCHUNG,2012,Kharif,Maize,3100,6060,1.95483871
Nagaland,MOKOKCHUNG,2012,Kharif,Mesta,100,110,1.1
Nagaland,MOKOKCHUNG,2012,Kharif,Peas & beans (Pulses),220,290,1.318181818
Nagaland,MOKOKCHUNG,2012,Kharif,Ragi,70,60,0.857142857
Nagaland,MOKOKCHUNG,2012,Kharif,Rice,14780,31400,2.124492558
Nagaland,MOKOKCHUNG,2012,Kharif,Sesamum,450,260,0.577777778
Nagaland,MOKOKCHUNG,2012,Kharif,Small millets,610,680,1.114754098
Nagaland,MOKOKCHUNG,2012,Kharif,Soyabean,1100,1330,1.209090909
Nagaland,MOKOKCHUNG,2012,Kharif,Sugarcane,330,14230,43.12121212
Nagaland,MOKOKCHUNG,2012,Kharif,Sweet potato,120,1020,8.5
Nagaland,MOKOKCHUNG,2012,Kharif,Tapioca,610,12390,20.31147541
Nagaland,MOKOKCHUNG,2012,Kharif,Urad,30,30,1
Nagaland,MOKOKCHUNG,2012,Rabi,Barley,40,30,0.75
Nagaland,MOKOKCHUNG,2012,Rabi,Blackgram,70,50,0.714285714
Nagaland,MOKOKCHUNG,2012,Rabi,Gram,70,50,0.714285714
Nagaland,MOKOKCHUNG,2012,Rabi,Linseed,760,610,0.802631579
Nagaland,MOKOKCHUNG,2012,Rabi,Maize,820,1600,1.951219512
Nagaland,MOKOKCHUNG,2012,Rabi,Masoor,230,190,0.826086957
Nagaland,MOKOKCHUNG,2012,Rabi,Peas & beans (Pulses),640,670,1.046875
Nagaland,MOKOKCHUNG,2012,Rabi,Potato,730,7300,10
Nagaland,MOKOKCHUNG,2012,Rabi,Rapeseed &Mustard,3080,3120,1.012987013
Nagaland,MOKOKCHUNG,2012,Rabi,Sunflower,350,210,0.6
Nagaland,MOKOKCHUNG,2012,Rabi,Wheat,390,710,1.820512821
Nagaland,MOKOKCHUNG,2013,Kharif,Arhar/Tur,290,260,0.896551724
Nagaland,MOKOKCHUNG,2013,Kharif,Bajra,60,60,1
Nagaland,MOKOKCHUNG,2013,Kharif,Bean,230,310,1.347826087
Nagaland,MOKOKCHUNG,2013,Kharif,Castor seed,60,50,0.833333333
Nagaland,MOKOKCHUNG,2013,Kharif,Colocosia,440,4190,9.522727273
Nagaland,MOKOKCHUNG,2013,Kharif,Ginger,270,2470,9.148148148
Nagaland,MOKOKCHUNG,2013,Kharif,Groundnut,130,140,1.076923077
Nagaland,MOKOKCHUNG,2013,Kharif,Jobster,100,100,1
Nagaland,MOKOKCHUNG,2013,Kharif,Jute,540,1020,1.888888889
Nagaland,MOKOKCHUNG,2013,Kharif,Maize,3100,6110,1.970967742
Nagaland,MOKOKCHUNG,2013,Kharif,Mesta,110,120,1.090909091
Nagaland,MOKOKCHUNG,2013,Kharif,Moong(Green Gram),30,30,1
Nagaland,MOKOKCHUNG,2013,Kharif,Perilla,210,130,0.619047619
Nagaland,MOKOKCHUNG,2013,Kharif,Ragi,80,70,0.875
Nagaland,MOKOKCHUNG,2013,Kharif,Rajmash Kholar,430,520,1.209302326
Nagaland,MOKOKCHUNG,2013,Kharif,Rice,15150,32880,2.17029703
Nagaland,MOKOKCHUNG,2013,Kharif,Ricebean (nagadal),340,370,1.088235294
Nagaland,MOKOKCHUNG,2013,Kharif,Sesamum,450,260,0.577777778
Nagaland,MOKOKCHUNG,2013,Kharif,Small millets,630,710,1.126984127
Nagaland,MOKOKCHUNG,2013,Kharif,Soyabean,1110,1340,1.207207207
Nagaland,MOKOKCHUNG,2013,Kharif,Sweet potato,130,1110,8.538461538
Nagaland,MOKOKCHUNG,2013,Kharif,Tapioca,640,12940,20.21875
Nagaland,MOKOKCHUNG,2013,Rabi,Barley,40,40,1
Nagaland,MOKOKCHUNG,2013,Rabi,Blackgram,80,60,0.75
Nagaland,MOKOKCHUNG,2013,Rabi,Gram,70,50,0.714285714
Nagaland,MOKOKCHUNG,2013,Rabi,Lentil,230,190,0.826086957
Nagaland,MOKOKCHUNG,2013,Rabi,Maize,830,1630,1.963855422
Nagaland,MOKOKCHUNG,2013,Rabi,Peas & beans (Pulses),640,690,1.078125
Nagaland,MOKOKCHUNG,2013,Rabi,Potato,740,7410,10.01351351
Nagaland,MOKOKCHUNG,2013,Rabi,Rajmash Kholar,620,760,1.225806452
Nagaland,MOKOKCHUNG,2013,Rabi,Rapeseed &Mustard,3080,3120,1.012987013
Nagaland,MOKOKCHUNG,2013,Rabi,Sunflower,340,260,0.764705882
Nagaland,MOKOKCHUNG,2013,Rabi,Wheat,360,650,1.805555556
Nagaland,MOKOKCHUNG,2014,Kharif,Arhar/Tur,290,260,0.896551724
Nagaland,MOKOKCHUNG,2014,Kharif,Bajra,60,60,1
Nagaland,MOKOKCHUNG,2014,Kharif,Barley,40,40,1
Nagaland,MOKOKCHUNG,2014,Kharif,Bean,230,320,1.391304348
Nagaland,MOKOKCHUNG,2014,Kharif,Blackgram,80,60,0.75
Nagaland,MOKOKCHUNG,2014,Kharif,Castor seed,70,60,0.857142857
Nagaland,MOKOKCHUNG,2014,Kharif,Ginger,280,2550,9.107142857
Nagaland,MOKOKCHUNG,2014,Kharif,Groundnut,130,140,1.076923077
Nagaland,MOKOKCHUNG,2014,Kharif,Horse-gram,40,40,1
Nagaland,MOKOKCHUNG,2014,Kharif,Jute,540,1020,1.888888889
Nagaland,MOKOKCHUNG,2014,Kharif,Maize,3100,6120,1.974193548
Nagaland,MOKOKCHUNG,2014,Kharif,Mesta,120,130,1.083333333
Nagaland,MOKOKCHUNG,2014,Kharif,Moong(Green Gram),40,40,1
Nagaland,MOKOKCHUNG,2014,Kharif,Oilseeds total,1970,1930,0.979695431
Nagaland,MOKOKCHUNG,2014,Kharif,Other Kharif pulses,770,900,1.168831169
Nagaland,MOKOKCHUNG,2014,Kharif,Ragi,80,70,0.875
Nagaland,MOKOKCHUNG,2014,Kharif,Rice,15520,34500,2.222938144
Nagaland,MOKOKCHUNG,2014,Kharif,Sesamum,450,260,0.577777778
Nagaland,MOKOKCHUNG,2014,Kharif,Small millets,630,710,1.126984127
Nagaland,MOKOKCHUNG,2014,Kharif,Soyabean,1110,1340,1.207207207
Nagaland,MOKOKCHUNG,2014,Kharif,Sugarcane,340,14790,43.5
Nagaland,MOKOKCHUNG,2014,Kharif,Sweet potato,140,1190,8.5
Nagaland,MOKOKCHUNG,2014,Kharif,Tapioca,660,13360,20.24242424
Nagaland,MOKOKCHUNG,2014,Rabi,Lentil,240,200,0.833333333
Nagaland,MOKOKCHUNG,2014,Rabi,Linseed,760,610,0.802631579
Nagaland,MOKOKCHUNG,2014,Rabi,Maize,830,1630,1.963855422
Nagaland,MOKOKCHUNG,2014,Rabi,Oilseeds total,4200,3990,0.95
Nagaland,MOKOKCHUNG,2014,Rabi,Other  Rabi pulses,620,770,1.241935484
Nagaland,MOKOKCHUNG,2014,Rabi,Peas & beans (Pulses),650,710,1.092307692
Nagaland,MOKOKCHUNG,2014,Rabi,Potato,740,7410,10.01351351
Nagaland,MOKOKCHUNG,2014,Rabi,Rapeseed &Mustard,3090,3120,1.009708738
Nagaland,MOKOKCHUNG,2014,Rabi,Sunflower,350,260,0.742857143
Nagaland,MOKOKCHUNG,2014,Rabi,Wheat,360,650,1.805555556
Nagaland,MON,1997,Kharif,Bajra,100,80,0.8
Nagaland,MON,1997,Kharif,Jowar,300,210,0.7
Nagaland,MON,1997,Kharif,Maize,3250,3250,1
Nagaland,MON,1997,Kharif,Rice,17550,22740,1.295726496
Nagaland,MON,1998,Kharif,Jute,8000,11000,1.375
Nagaland,MON,1998,Kharif,Maize,3000,4000,1.333333333
Nagaland,MON,1998,Kharif,Rice,17000,23000,1.352941176
Nagaland,MON,1999,Kharif,Arhar/Tur,400,390,0.975
Nagaland,MON,1999,Kharif,Bajra,180,150,0.833333333
Nagaland,MON,1999,Kharif,Castor seed,150,120,0.8
Nagaland,MON,1999,Kharif,Cotton(lint),30,40,1.333333333
Nagaland,MON,1999,Kharif,Groundnut,250,30,0.12
Nagaland,MON,1999,Kharif,Jowar,250,20,0.08
Nagaland,MON,1999,Kharif,Maize,3680,5520,1.5
Nagaland,MON,1999,Kharif,Moong(Green Gram),350,250,0.714285714
Nagaland,MON,1999,Kharif,Peas & beans (Pulses),170,110,0.647058824
Nagaland,MON,1999,Kharif,Rice,17200,24630,1.431976744
Nagaland,MON,1999,Kharif,Sesamum,640,380,0.59375
Nagaland,MON,1999,Kharif,Soyabean,1500,1690,1.126666667
Nagaland,MON,1999,Kharif,Sunflower,140,180,1.285714286
Nagaland,MON,1999,Rabi,Gram,800,100,0.125
Nagaland,MON,1999,Rabi,Linseed,350,260,0.742857143
Nagaland,MON,1999,Rabi,Rapeseed &Mustard,130,130,1
Nagaland,MON,1999,Rabi,Sunflower,300,420,1.4
Nagaland,MON,1999,Whole Year,Potato,390,4160,10.66666667
Nagaland,MON,2000,Kharif,Arhar/Tur,500,550,1.1
Nagaland,MON,2000,Kharif,Bajra,200,150,0.75
Nagaland,MON,2000,Kharif,Castor seed,130,120,0.923076923
Nagaland,MON,2000,Kharif,Cotton(lint),20,20,1
Nagaland,MON,2000,Kharif,Groundnut,290,390,1.344827586
Nagaland,MON,2000,Kharif,Jowar,150,130,0.866666667
Nagaland,MON,2000,Kharif,Jute,120,150,1.25
Nagaland,MON,2000,Kharif,Maize,3350,5300,1.582089552
Nagaland,MON,2000,Kharif,Moong(Green Gram),250,230,0.92
Nagaland,MON,2000,Kharif,Niger seed,200,100,0.5
Nagaland,MON,2000,Kharif,Other Kharif pulses,390,430,1.102564103
Nagaland,MON,2000,Kharif,Peas & beans (Pulses),170,110,0.647058824
Nagaland,MON,2000,Kharif,Rice,14800,20770,1.403378378
Nagaland,MON,2000,Kharif,Sesamum,350,360,1.028571429
Nagaland,MON,2000,Kharif,Small millets,1790,1380,0.770949721
Nagaland,MON,2000,Kharif,Soyabean,1560,1800,1.153846154
Nagaland,MON,2000,Kharif,Sunflower,560,420,0.75
Nagaland,MON,2000,Rabi,Barley,150,230,1.533333333
Nagaland,MON,2000,Rabi,Gram,80,70,0.875
Nagaland,MON,2000,Rabi,Linseed,410,200,0.487804878
Nagaland,MON,2000,Rabi,Other  Rabi pulses,780,660,0.846153846
Nagaland,MON,2000,Rabi,Peas & beans (Pulses),500,500,1
Nagaland,MON,2000,Rabi,Rapeseed &Mustard,1450,1090,0.751724138
Nagaland,MON,2000,Rabi,Sunflower,120,130,1.083333333
Nagaland,MON,2000,Rabi,Wheat,680,1200,1.764705882
Nagaland,MON,2000,Whole Year,Potato,410,4150,10.12195122
Nagaland,MON,2000,Whole Year,Sugarcane,70,2430,34.71428571
Nagaland,MON,2000,Whole Year,Tea,30,140,4.666666667
Nagaland,MON,2001,Kharif,Arhar/Tur,800,500,0.625
Nagaland,MON,2001,Kharif,Bajra,200,150,0.75
Nagaland,MON,2001,Kharif,Cotton(lint),40,30,0.75
Nagaland,MON,2001,Kharif,Jowar,130,140,1.076923077
Nagaland,MON,2001,Kharif,Jute,90,80,0.888888889
Nagaland,MON,2001,Kharif,Maize,4250,10100,2.376470588
Nagaland,MON,2001,Kharif,Moong(Green Gram),320,240,0.75
Nagaland,MON,2001,Kharif,Niger seed,19000,12000,0.631578947
Nagaland,MON,2001,Kharif,Peas & beans (Pulses),200,160,0.8
Nagaland,MON,2001,Kharif,Rice,15100,21000,1.390728477
Nagaland,MON,2001,Kharif,Small millets,1790,1110,0.620111732
Nagaland,MON,2001,Kharif,Soyabean,2560,2970,1.16015625
Nagaland,MON,2001,Kharif,Sunflower,110,120,1.090909091
Nagaland,MON,2001,Rabi,Barley,560,1150,2.053571429
Nagaland,MON,2001,Rabi,Gram,90,100,1.111111111
Nagaland,MON,2001,Rabi,Groundnut,220,310,1.409090909
Nagaland,MON,2001,Rabi,Linseed,1950,1510,0.774358974
Nagaland,MON,2001,Rabi,Peas & beans (Pulses),790,800,1.012658228
Nagaland,MON,2001,Rabi,Rapeseed &Mustard,1600,1000,0.625
Nagaland,MON,2001,Rabi,Sesamum,1090,760,0.697247706
Nagaland,MON,2001,Rabi,Sunflower,110,210,1.909090909
Nagaland,MON,2001,Rabi,Wheat,750,1320,1.76
Nagaland,MON,2001,Whole Year,Potato,320,4020,12.5625
Nagaland,MON,2001,Whole Year,Sugarcane,110,4250,38.63636364
Nagaland,MON,2001,Whole Year,Tea,40,130,3.25
Nagaland,MON,2002,Kharif,Bajra,270,410,1.518518519
Nagaland,MON,2002,Kharif,Cotton(lint),110,550,5
Nagaland,MON,2002,Kharif,Groundnut,180,180,1
Nagaland,MON,2002,Kharif,Jowar,190,410,2.157894737
Nagaland,MON,2002,Kharif,Jute,360,1200,3.333333333
Nagaland,MON,2002,Kharif,Maize,3900,9000,2.307692308
Nagaland,MON,2002,Kharif,Moong(Green Gram),200,250,1.25
Nagaland,MON,2002,Kharif,Other Kharif pulses,140,60,0.428571429
Nagaland,MON,2002,Kharif,Peas & beans (Pulses),100,130,1.3
Nagaland,MON,2002,Kharif,Rice,14580,19860,1.362139918
Nagaland,MON,2002,Kharif,Sesamum,510,570,1.117647059
Nagaland,MON,2002,Kharif,Small millets,1720,3280,1.906976744
Nagaland,MON,2002,Kharif,Soyabean,2980,3350,1.124161074
Nagaland,MON,2002,Kharif,Sunflower,110,230,2.090909091
Nagaland,MON,2002,Rabi,Barley,680,1330,1.955882353
Nagaland,MON,2002,Rabi,Gram,90,60,0.666666667
Nagaland,MON,2002,Rabi,Linseed,600,670,1.116666667
Nagaland,MON,2002,Rabi,Other  Rabi pulses,1540,1390,0.902597403
Nagaland,MON,2002,Rabi,Peas & beans (Pulses),600,600,1
Nagaland,MON,2002,Rabi,Rapeseed &Mustard,1570,1840,1.171974522
Nagaland,MON,2002,Rabi,Sunflower,90,100,1.111111111
Nagaland,MON,2002,Rabi,Wheat,950,1900,2
Nagaland,MON,2002,Whole Year,Potato,490,5670,11.57142857
Nagaland,MON,2002,Whole Year,Sugarcane,150,14160,94.4
Nagaland,MON,2002,Whole Year,Tea,50,130,2.6
Nagaland,MON,2003,Kharif,Arhar/Tur,1370,410,0.299270073
Nagaland,MON,2003,Kharif,Bajra,410,610,1.487804878
Nagaland,MON,2003,Kharif,Cotton(lint),150,10,0.066666667
Nagaland,MON,2003,Kharif,Groundnut,210,360,1.714285714
Nagaland,MON,2003,Kharif,Jowar,530,920,1.735849057
Nagaland,MON,2003,Kharif,Jute,570,1400,2.456140351
Nagaland,MON,2003,Kharif,Maize,6980,12620,1.808022923
Nagaland,MON,2003,Kharif,Moong(Green Gram),310,520,1.677419355
Nagaland,MON,2003,Kharif,Other Kharif pulses,460,630,1.369565217
Nagaland,MON,2003,Kharif,Peas & beans (Pulses),150,170,1.133333333
Nagaland,MON,2003,Kharif,Rice,14170,20190,1.424841214
Nagaland,MON,2003,Kharif,Sesamum,940,870,0.925531915
Nagaland,MON,2003,Kharif,Small millets,1370,1920,1.401459854
Nagaland,MON,2003,Kharif,Soyabean,3210,4560,1.420560748
Nagaland,MON,2003,Kharif,Sunflower,330,750,2.272727273
Nagaland,MON,2003,Rabi,Barley,760,1380,1.815789474
Nagaland,MON,2003,Rabi,Gram,150,230,1.533333333
Nagaland,MON,2003,Rabi,Linseed,580,530,0.913793103
Nagaland,MON,2003,Rabi,Masoor,350,140,0.4
Nagaland,MON,2003,Rabi,Other  Rabi pulses,330,250,0.757575758
Nagaland,MON,2003,Rabi,Peas & beans (Pulses),910,420,0.461538462
Nagaland,MON,2003,Rabi,Rapeseed &Mustard,2600,2230,0.857692308
Nagaland,MON,2003,Rabi,Sunflower,180,110,0.611111111
Nagaland,MON,2003,Rabi,Wheat,1940,3530,1.819587629
Nagaland,MON,2003,Whole Year,Potato,440,3650,8.295454545
Nagaland,MON,2003,Whole Year,Sugarcane,230,6770,29.43478261
Nagaland,MON,2003,Whole Year,Tea,100,150,1.5
Nagaland,MON,2004,Kharif,Arhar/Tur,210,210,1
Nagaland,MON,2004,Kharif,Bajra,220,360,1.636363636
Nagaland,MON,2004,Kharif,Cotton(lint),140,10,0.071428571
Nagaland,MON,2004,Kharif,Groundnut,630,800,1.26984127
Nagaland,MON,2004,Kharif,Jowar,260,370,1.423076923
Nagaland,MON,2004,Kharif,Maize,5410,9700,1.79297597
Nagaland,MON,2004,Kharif,Niger seed,230,240,1.043478261
Nagaland,MON,2004,Kharif,Other Kharif pulses,320,330,1.03125
Nagaland,MON,2004,Kharif,Peas & beans (Pulses),120,50,0.416666667
Nagaland,MON,2004,Kharif,Rice,11630,17780,1.528804815
Nagaland,MON,2004,Kharif,Sesamum,40,10,0.25
Nagaland,MON,2004,Kharif,Small millets,1310,1320,1.007633588
Nagaland,MON,2004,Kharif,Soyabean,3710,5700,1.53638814
Nagaland,MON,2004,Rabi,Barley,420,660,1.571428571
Nagaland,MON,2004,Rabi,Linseed,600,310,0.516666667
Nagaland,MON,2004,Rabi,Masoor,240,110,0.458333333
Nagaland,MON,2004,Rabi,Other  Rabi pulses,390,290,0.743589744
Nagaland,MON,2004,Rabi,Peas & beans (Pulses),570,300,0.526315789
Nagaland,MON,2004,Rabi,Rapeseed &Mustard,1900,1460,0.768421053
Nagaland,MON,2004,Rabi,Wheat,250,270,1.08
Nagaland,MON,2004,Whole Year,Potato,850,4290,5.047058824
Nagaland,MON,2005,Kharif,Arhar/Tur,400,380,0.95
Nagaland,MON,2005,Kharif,Bajra,260,260,1
Nagaland,MON,2005,Kharif,Groundnut,30,30,1
Nagaland,MON,2005,Kharif,Jowar,50,70,1.4
Nagaland,MON,2005,Kharif,Maize,5980,10730,1.794314381
Nagaland,MON,2005,Kharif,Moong(Green Gram),50,50,1
Nagaland,MON,2005,Kharif,Niger seed,220,200,0.909090909
Nagaland,MON,2005,Kharif,Other Kharif pulses,340,290,0.852941176
Nagaland,MON,2005,Kharif,Peas & beans (Pulses),130,70,0.538461538
Nagaland,MON,2005,Kharif,Rice,11750,17860,1.52
Nagaland,MON,2005,Kharif,Sesamum,630,420,0.666666667
Nagaland,MON,2005,Kharif,Small millets,1200,1260,1.05
Nagaland,MON,2005,Kharif,Soyabean,3200,3270,1.021875
Nagaland,MON,2005,Rabi,Linseed,800,250,0.3125
Nagaland,MON,2005,Rabi,Masoor,260,670,2.576923077
Nagaland,MON,2005,Rabi,Other  Rabi pulses,500,670,1.34
Nagaland,MON,2005,Rabi,Peas & beans (Pulses),580,980,1.689655172
Nagaland,MON,2005,Rabi,Rapeseed &Mustard,1870,1050,0.561497326
Nagaland,MON,2005,Rabi,Wheat,120,190,1.583333333
Nagaland,MON,2006,Kharif,Arhar/Tur,450,560,1.244444444
Nagaland,MON,2006,Kharif,Dry ginger,140,1240,8.857142857
Nagaland,MON,2006,Kharif,Groundnut,80,80,1
Nagaland,MON,2006,Kharif,Jowar,100,80,0.8
Nagaland,MON,2006,Kharif,Maize,7530,12620,1.675962815
Nagaland,MON,2006,Kharif,Moong(Green Gram),70,90,1.285714286
Nagaland,MON,2006,Kharif,Niger seed,200,120,0.6
Nagaland,MON,2006,Kharif,Peas & beans (Pulses),170,200,1.176470588
Nagaland,MON,2006,Kharif,Potato,430,3690,8.581395349
Nagaland,MON,2006,Kharif,Rice,13480,20540,1.523738872
Nagaland,MON,2006,Kharif,Sesamum,610,390,0.639344262
Nagaland,MON,2006,Kharif,Small millets,2710,1900,0.701107011
Nagaland,MON,2006,Kharif,Soyabean,3100,3730,1.203225806
Nagaland,MON,2006,Rabi,Linseed,900,530,0.588888889
Nagaland,MON,2006,Rabi,Masoor,270,330,1.222222222
Nagaland,MON,2006,Rabi,Other  Rabi pulses,610,730,1.196721311
Nagaland,MON,2006,Rabi,Peas & beans (Pulses),580,700,1.206896552
Nagaland,MON,2006,Rabi,Rapeseed &Mustard,1970,1360,0.69035533
Nagaland,MON,2006,Rabi,Urad,50,60,1.2
Nagaland,MON,2006,Rabi,Wheat,160,140,0.875
Nagaland,MON,2007,Kharif,Arhar/Tur,290,350,1.206896552
Nagaland,MON,2007,Kharif,Cotton(lint),130,30,0.230769231
Nagaland,MON,2007,Kharif,Dry chillies,60,70,1.166666667
Nagaland,MON,2007,Kharif,Dry ginger,430,2590,6.023255814
Nagaland,MON,2007,Kharif,Groundnut,130,150,1.153846154
Nagaland,MON,2007,Kharif,Jowar,110,140,1.272727273
Nagaland,MON,2007,Kharif,Maize,8230,14850,1.804374241
Nagaland,MON,2007,Kharif,Moong(Green Gram),40,30,0.75
Nagaland,MON,2007,Kharif,Other Kharif pulses,940,1040,1.106382979
Nagaland,MON,2007,Kharif,Potato,300,4150,13.83333333
Nagaland,MON,2007,Kharif,Rice,15870,27240,1.716446125
Nagaland,MON,2007,Kharif,Sesamum,840,450,0.535714286
Nagaland,MON,2007,Kharif,Small millets,1820,1900,1.043956044
Nagaland,MON,2007,Kharif,Soyabean,3380,3850,1.139053254
Nagaland,MON,2007,Kharif,Tapioca,70,1620,23.14285714
Nagaland,MON,2007,Kharif,Tea,60,170,2.833333333
Nagaland,MON,2007,Rabi,Linseed,1070,750,0.700934579
Nagaland,MON,2007,Rabi,Other  Rabi pulses,1030,1080,1.048543689
Nagaland,MON,2007,Rabi,Peas & beans (Pulses),620,750,1.209677419
Nagaland,MON,2007,Rabi,Rapeseed &Mustard,3190,2300,0.721003135
Nagaland,MON,2007,Rabi,Wheat,130,200,1.538461538
Nagaland,MON,2008,Kharif,Arhar/Tur,290,270,0.931034483
Nagaland,MON,2008,Kharif,Cardamom,80,20,0.25
Nagaland,MON,2008,Kharif,Cotton(lint),90,50,0.555555556
Nagaland,MON,2008,Kharif,Dry chillies,280,340,1.214285714
Nagaland,MON,2008,Kharif,Dry ginger,310,2980,9.612903226
Nagaland,MON,2008,Kharif,Groundnut,50,50,1
Nagaland,MON,2008,Kharif,Jowar,50,60,1.2
Nagaland,MON,2008,Kharif,Jute,400,860,2.15
Nagaland,MON,2008,Kharif,Maize,4500,7870,1.748888889
Nagaland,MON,2008,Kharif,Moong(Green Gram),40,30,0.75
Nagaland,MON,2008,Kharif,Other Kharif pulses,90,80,0.888888889
Nagaland,MON,2008,Kharif,Peas & beans (Pulses),200,300,1.5
Nagaland,MON,2008,Kharif,Potato,320,3960,12.375
Nagaland,MON,2008,Kharif,Rice,13770,24900,1.808278867
Nagaland,MON,2008,Kharif,Sesamum,250,130,0.52
Nagaland,MON,2008,Kharif,Small millets,1200,1180,0.983333333
Nagaland,MON,2008,Kharif,Soyabean,3020,4500,1.490066225
Nagaland,MON,2008,Kharif,Sugarcane,530,22760,42.94339623
Nagaland,MON,2008,Kharif,Sunflower,20,20,1
Nagaland,MON,2008,Kharif,Tapioca,100,2300,23
Nagaland,MON,2008,Kharif,Turmeric,200,990,4.95
Nagaland,MON,2008,Rabi,Gram,30,20,0.666666667
Nagaland,MON,2008,Rabi,Linseed,560,400,0.714285714
Nagaland,MON,2008,Rabi,Maize,430,750,1.744186047
Nagaland,MON,2008,Rabi,Masoor,150,120,0.8
Nagaland,MON,2008,Rabi,Other  Rabi pulses,120,80,0.666666667
Nagaland,MON,2008,Rabi,Peas & beans (Pulses),740,940,1.27027027
Nagaland,MON,2008,Rabi,Potato,100,1280,12.8
Nagaland,MON,2008,Rabi,Rapeseed &Mustard,3500,3560,1.017142857
Nagaland,MON,2008,Rabi,Wheat,200,300,1.5
Nagaland,MON,2009,Kharif,Arhar/Tur,280,200,0.714285714
Nagaland,MON,2009,Kharif,Bajra,120,80,0.666666667
Nagaland,MON,2009,Kharif,Castor seed,50,20,0.4
Nagaland,MON,2009,Kharif,Cotton(lint),70,30,0.428571429
Nagaland,MON,2009,Kharif,Groundnut,40,30,0.75
Nagaland,MON,2009,Kharif,Jowar,70,30,0.428571429
Nagaland,MON,2009,Kharif,Jute,180,290,1.611111111
Nagaland,MON,2009,Kharif,Maize,4480,4650,1.037946429
Nagaland,MON,2009,Kharif,Mesta,210,220,1.047619048
Nagaland,MON,2009,Kharif,Moong(Green Gram),50,40,0.8
Nagaland,MON,2009,Kharif,Peas & beans (Pulses),190,210,1.105263158
Nagaland,MON,2009,Kharif,Potato,300,2820,9.4
Nagaland,MON,2009,Kharif,Ragi,60,40,0.666666667
Nagaland,MON,2009,Kharif,Rice,13680,17880,1.307017544
Nagaland,MON,2009,Kharif,Sesamum,120,60,0.5
Nagaland,MON,2009,Kharif,Small millets,900,320,0.355555556
Nagaland,MON,2009,Kharif,Soyabean,3000,3080,1.026666667
Nagaland,MON,2009,Kharif,Sugarcane,600,18010,30.01666667
Nagaland,MON,2009,Kharif,Sunflower,30,10,0.333333333
Nagaland,MON,2009,Kharif,Tapioca,200,2240,11.2
Nagaland,MON,2009,Kharif,Urad,30,20,0.666666667
Nagaland,MON,2009,Rabi,Barley,30,40,1.333333333
Nagaland,MON,2009,Rabi,Gram,50,40,0.8
Nagaland,MON,2009,Rabi,Linseed,1210,830,0.685950413
Nagaland,MON,2009,Rabi,Maize,1000,1530,1.53
Nagaland,MON,2009,Rabi,Masoor,200,140,0.7
Nagaland,MON,2009,Rabi,Peas & beans (Pulses),770,750,0.974025974
Nagaland,MON,2009,Rabi,Potato,110,1360,12.36363636
Nagaland,MON,2009,Rabi,Rapeseed &Mustard,6450,4540,0.703875969
Nagaland,MON,2009,Rabi,Urad,40,30,0.75
Nagaland,MON,2009,Rabi,Wheat,270,320,1.185185185
Nagaland,MON,2010,Kharif,Arhar/Tur,280,240,0.857142857
Nagaland,MON,2010,Kharif,Bajra,90,80,0.888888889
Nagaland,MON,2010,Kharif,Castor seed,20,10,0.5
Nagaland,MON,2010,Kharif,Cotton(lint),80,40,0.5
Nagaland,MON,2010,Kharif,Groundnut,40,40,1
Nagaland,MON,2010,Kharif,Horse-gram,30,40,1.333333333
Nagaland,MON,2010,Kharif,Jowar,30,20,0.666666667
Nagaland,MON,2010,Kharif,Jute,530,960,1.811320755
Nagaland,MON,2010,Kharif,Maize,4550,8930,1.962637363
Nagaland,MON,2010,Kharif,Mesta,170,320,1.882352941
Nagaland,MON,2010,Kharif,Moong(Green Gram),20,20,1
Nagaland,MON,2010,Kharif,Peas & beans (Pulses),200,250,1.25
Nagaland,MON,2010,Kharif,Potato,270,3430,12.7037037
Nagaland,MON,2010,Kharif,Ragi,50,50,1
Nagaland,MON,2010,Kharif,Rice,12530,23680,1.889864326
Nagaland,MON,2010,Kharif,Sesamum,160,100,0.625
Nagaland,MON,2010,Kharif,Small millets,790,720,0.911392405
Nagaland,MON,2010,Kharif,Soyabean,3000,3720,1.24
Nagaland,MON,2010,Kharif,Sugarcane,510,22230,43.58823529
Nagaland,MON,2010,Kharif,Sunflower,30,20,0.666666667
Nagaland,MON,2010,Kharif,Tapioca,120,2810,23.41666667
Nagaland,MON,2010,Rabi,Barley,30,50,1.666666667
Nagaland,MON,2010,Rabi,Gram,70,50,0.714285714
Nagaland,MON,2010,Rabi,Linseed,550,450,0.818181818
Nagaland,MON,2010,Rabi,Maize,1010,1980,1.96039604
Nagaland,MON,2010,Rabi,Masoor,210,160,0.761904762
Nagaland,MON,2010,Rabi,Potato,190,2350,12.36842105
Nagaland,MON,2010,Rabi,Rapeseed &Mustard,3600,3610,1.002777778
Nagaland,MON,2010,Rabi,Rice,350,840,2.4
Nagaland,MON,2010,Rabi,Urad,60,40,0.666666667
Nagaland,MON,2010,Rabi,Wheat,410,670,1.634146341
Nagaland,MON,2011,Kharif,Arhar/Tur,270,230,0.851851852
Nagaland,MON,2011,Kharif,Bajra,90,80,0.888888889
Nagaland,MON,2011,Kharif,Castor seed,20,10,0.5
Nagaland,MON,2011,Kharif,Ginger,390,3550,9.102564103
Nagaland,MON,2011,Kharif,Groundnut,40,40,1
Nagaland,MON,2011,Kharif,Horse-gram,30,40,1.333333333
Nagaland,MON,2011,Kharif,Jowar,30,20,0.666666667
Nagaland,MON,2011,Kharif,Jute,530,950,1.79245283
Nagaland,MON,2011,Kharif,Maize,4560,8960,1.964912281
Nagaland,MON,2011,Kharif,Mesta,170,320,1.882352941
Nagaland,MON,2011,Kharif,Peas & beans (Pulses),200,250,1.25
Nagaland,MON,2011,Kharif,Ragi,40,40,1
Nagaland,MON,2011,Kharif,Rice,19070,36190,1.897745149
Nagaland,MON,2011,Kharif,Sesamum,160,100,0.625
Nagaland,MON,2011,Kharif,Small millets,790,720,0.911392405
Nagaland,MON,2011,Kharif,Soyabean,3020,3780,1.251655629
Nagaland,MON,2011,Kharif,Sugarcane,510,22230,43.58823529
Nagaland,MON,2011,Kharif,Sunflower,30,20,0.666666667
Nagaland,MON,2011,Kharif,Sweet potato,140,1190,8.5
Nagaland,MON,2011,Kharif,Tapioca,120,2810,23.41666667
Nagaland,MON,2011,Kharif,Urad,20,20,1
Nagaland,MON,2011,Rabi,Barley,40,60,1.5
Nagaland,MON,2011,Rabi,Blackgram,60,40,0.666666667
Nagaland,MON,2011,Rabi,Gram,70,50,0.714285714
Nagaland,MON,2011,Rabi,Linseed,550,450,0.818181818
Nagaland,MON,2011,Rabi,Maize,1010,1980,1.96039604
Nagaland,MON,2011,Rabi,Masoor,210,160,0.761904762
Nagaland,MON,2011,Rabi,Peas & beans (Pulses),780,710,0.91025641
Nagaland,MON,2011,Rabi,Potato,480,4330,9.020833333
Nagaland,MON,2011,Rabi,Rapeseed &Mustard,3620,3640,1.005524862
Nagaland,MON,2011,Rabi,Rice,850,2000,2.352941176
Nagaland,MON,2011,Rabi,Wheat,420,690,1.642857143
Nagaland,MON,2012,Kharif,Arhar/Tur,310,280,0.903225806
Nagaland,MON,2012,Kharif,Bajra,100,110,1.1
Nagaland,MON,2012,Kharif,Castor seed,20,10,0.5
Nagaland,MON,2012,Kharif,Ginger,400,3650,9.125
Nagaland,MON,2012,Kharif,Groundnut,40,40,1
Nagaland,MON,2012,Kharif,Horse-gram,40,40,1
Nagaland,MON,2012,Kharif,Jowar,50,50,1
Nagaland,MON,2012,Kharif,Jute,510,970,1.901960784
Nagaland,MON,2012,Kharif,Maize,4560,8960,1.964912281
Nagaland,MON,2012,Kharif,Mesta,190,210,1.105263158
Nagaland,MON,2012,Kharif,Peas & beans (Pulses),210,270,1.285714286
Nagaland,MON,2012,Kharif,Ragi,40,40,1
Nagaland,MON,2012,Kharif,Rice,19120,38490,2.013075314
Nagaland,MON,2012,Kharif,Sesamum,160,100,0.625
Nagaland,MON,2012,Kharif,Small millets,800,900,1.125
Nagaland,MON,2012,Kharif,Soyabean,3050,3820,1.252459016
Nagaland,MON,2012,Kharif,Sugarcane,510,22250,43.62745098
Nagaland,MON,2012,Kharif,Sunflower,30,20,0.666666667
Nagaland,MON,2012,Kharif,Sweet potato,150,1280,8.533333333
Nagaland,MON,2012,Kharif,Tapioca,140,2830,20.21428571
Nagaland,MON,2012,Kharif,Urad,30,30,1
Nagaland,MON,2012,Rabi,Barley,40,40,1
Nagaland,MON,2012,Rabi,Blackgram,60,50,0.833333333
Nagaland,MON,2012,Rabi,Gram,70,60,0.857142857
Nagaland,MON,2012,Rabi,Linseed,550,450,0.818181818
Nagaland,MON,2012,Rabi,Maize,1030,2020,1.961165049
Nagaland,MON,2012,Rabi,Masoor,210,170,0.80952381
Nagaland,MON,2012,Rabi,Peas & beans (Pulses),970,1030,1.06185567
Nagaland,MON,2012,Rabi,Potato,490,4850,9.897959184
Nagaland,MON,2012,Rabi,Rapeseed &Mustard,3630,3660,1.008264463
Nagaland,MON,2012,Rabi,Rice,1130,2840,2.513274336
Nagaland,MON,2012,Rabi,Wheat,430,780,1.813953488
Nagaland,MON,2013,Kharif,Arhar/Tur,310,280,0.903225806
Nagaland,MON,2013,Kharif,Bajra,100,110,1.1
Nagaland,MON,2013,Kharif,Bean,210,280,1.333333333
Nagaland,MON,2013,Kharif,Castor seed,20,10,0.5
Nagaland,MON,2013,Kharif,Colocosia,880,8380,9.522727273
Nagaland,MON,2013,Kharif,Cowpea(Lobia),160,230,1.4375
Nagaland,MON,2013,Kharif,Ginger,420,3830,9.119047619
Nagaland,MON,2013,Kharif,Groundnut,40,40,1
Nagaland,MON,2013,Kharif,Jobster,180,180,1
Nagaland,MON,2013,Kharif,Jowar,60,60,1
Nagaland,MON,2013,Kharif,Jute,510,970,1.901960784
Nagaland,MON,2013,Kharif,Maize,4560,8970,1.967105263
Nagaland,MON,2013,Kharif,Mesta,190,210,1.105263158
Nagaland,MON,2013,Kharif,Moong(Green Gram),30,30,1
Nagaland,MON,2013,Kharif,Perilla,310,180,0.580645161
Nagaland,MON,2013,Kharif,Ragi,40,40,1
Nagaland,MON,2013,Kharif,Rajmash Kholar,470,590,1.255319149
Nagaland,MON,2013,Kharif,Rice,19510,39820,2.041004613
Nagaland,MON,2013,Kharif,Ricebean (nagadal),340,380,1.117647059
Nagaland,MON,2013,Kharif,Sesamum,160,100,0.625
Nagaland,MON,2013,Kharif,Small millets,800,900,1.125
Nagaland,MON,2013,Kharif,Soyabean,3050,3820,1.252459016
Nagaland,MON,2013,Kharif,Sunflower,30,20,0.666666667
Nagaland,MON,2013,Kharif,Sweet potato,160,1370,8.5625
Nagaland,MON,2013,Kharif,Tapioca,140,2830,20.21428571
Nagaland,MON,2013,Rabi,Barley,40,40,1
Nagaland,MON,2013,Rabi,Blackgram,60,50,0.833333333
Nagaland,MON,2013,Rabi,Gram,70,60,0.857142857
Nagaland,MON,2013,Rabi,Lentil,210,170,0.80952381
Nagaland,MON,2013,Rabi,Maize,1040,2050,1.971153846
Nagaland,MON,2013,Rabi,Peas & beans (Pulses),980,1060,1.081632653
Nagaland,MON,2013,Rabi,Potato,490,4900,10
Nagaland,MON,2013,Rabi,Rajmash Kholar,530,670,1.264150943
Nagaland,MON,2013,Rabi,Rapeseed &Mustard,3630,3660,1.008264463
Nagaland,MON,2013,Rabi,Rice,1210,3180,2.628099174
Nagaland,MON,2013,Rabi,Wheat,410,750,1.829268293
Nagaland,MON,2014,Kharif,Arhar/Tur,310,280,0.903225806
Nagaland,MON,2014,Kharif,Bajra,100,110,1.1
Nagaland,MON,2014,Kharif,Barley,40,40,1
Nagaland,MON,2014,Kharif,Bean,210,290,1.380952381
Nagaland,MON,2014,Kharif,Blackgram,60,50,0.833333333
Nagaland,MON,2014,Kharif,Castor seed,20,10,0.5
Nagaland,MON,2014,Kharif,Cowpea(Lobia),160,230,1.4375
Nagaland,MON,2014,Kharif,Ginger,430,3930,9.139534884
Nagaland,MON,2014,Kharif,Groundnut,40,40,1
Nagaland,MON,2014,Kharif,Horse-gram,40,40,1
Nagaland,MON,2014,Kharif,Jowar,60,60,1
Nagaland,MON,2014,Kharif,Jute,510,970,1.901960784
Nagaland,MON,2014,Kharif,Maize,4560,8990,1.971491228
Nagaland,MON,2014,Kharif,Mesta,190,210,1.105263158
Nagaland,MON,2014,Kharif,Moong(Green Gram),30,30,1
Nagaland,MON,2014,Kharif,Oilseeds total,3610,4170,1.155124654
Nagaland,MON,2014,Kharif,Other Kharif pulses,810,970,1.197530864
Nagaland,MON,2014,Kharif,Ragi,40,40,1
Nagaland,MON,2014,Kharif,Rice,19850,41130,2.072040302
Nagaland,MON,2014,Kharif,Sesamum,160,100,0.625
Nagaland,MON,2014,Kharif,Small millets,800,900,1.125
Nagaland,MON,2014,Kharif,Soyabean,3050,3820,1.252459016
Nagaland,MON,2014,Kharif,Sugarcane,510,22210,43.54901961
Nagaland,MON,2014,Kharif,Sunflower,30,20,0.666666667
Nagaland,MON,2014,Kharif,Sweet potato,170,1450,8.529411765
Nagaland,MON,2014,Kharif,Tapioca,140,2830,20.21428571
Nagaland,MON,2014,Rabi,Lentil,210,170,0.80952381
Nagaland,MON,2014,Rabi,Linseed,550,450,0.818181818
Nagaland,MON,2014,Rabi,Maize,1040,2050,1.971153846
Nagaland,MON,2014,Rabi,Oilseeds total,4180,4120,0.985645933
Nagaland,MON,2014,Rabi,Other  Rabi pulses,530,670,1.264150943
Nagaland,MON,2014,Rabi,Peas & beans (Pulses),980,1060,1.081632653
Nagaland,MON,2014,Rabi,Potato,490,4990,10.18367347
Nagaland,MON,2014,Rabi,Rapeseed &Mustard,3630,3670,1.011019284
Nagaland,MON,2014,Rabi,Rice,1270,3400,2.677165354
Nagaland,MON,2014,Rabi,Wheat,410,750,1.829268293
Nagaland,PEREN,2008,Kharif,Arhar/Tur,230,200,0.869565217
Nagaland,PEREN,2008,Kharif,Dry chillies,200,240,1.2
Nagaland,PEREN,2008,Kharif,Dry ginger,140,1350,9.642857143
Nagaland,PEREN,2008,Kharif,Groundnut,50,60,1.2
Nagaland,PEREN,2008,Kharif,Maize,3010,5490,1.823920266
Nagaland,PEREN,2008,Kharif,Moong(Green Gram),70,40,0.571428571
Nagaland,PEREN,2008,Kharif,Other Kharif pulses,150,130,0.866666667
Nagaland,PEREN,2008,Kharif,Peas & beans (Pulses),200,270,1.35
Nagaland,PEREN,2008,Kharif,Potato,70,950,13.57142857
Nagaland,PEREN,2008,Kharif,Rice,11100,24180,2.178378378
Nagaland,PEREN,2008,Kharif,Sesamum,530,350,0.660377358
Nagaland,PEREN,2008,Kharif,Soyabean,1050,1670,1.59047619
Nagaland,PEREN,2008,Kharif,Sugarcane,500,21500,43
Nagaland,PEREN,2008,Kharif,Sunflower,30,30,1
Nagaland,PEREN,2008,Kharif,Tapioca,120,2760,23
Nagaland,PEREN,2008,Kharif,Turmeric,20,90,4.5
Nagaland,PEREN,2008,Rabi,Linseed,570,460,0.807017544
Nagaland,PEREN,2008,Rabi,Peas & beans (Pulses),430,560,1.302325581
Nagaland,PEREN,2008,Rabi,Potato,110,1350,12.27272727
Nagaland,PEREN,2008,Rabi,Rapeseed &Mustard,2490,2520,1.012048193
Nagaland,PEREN,2008,Rabi,Urad,90,60,0.666666667
Nagaland,PEREN,2008,Rabi,Wheat,120,180,1.5
Nagaland,PEREN,2009,Kharif,Arhar/Tur,220,150,0.681818182
Nagaland,PEREN,2009,Kharif,Bajra,50,30,0.6
Nagaland,PEREN,2009,Kharif,Castor seed,70,40,0.571428571
Nagaland,PEREN,2009,Kharif,Groundnut,60,50,0.833333333
Nagaland,PEREN,2009,Kharif,Maize,3010,3110,1.033222591
Nagaland,PEREN,2009,Kharif,Mesta,200,210,1.05
Nagaland,PEREN,2009,Kharif,Moong(Green Gram),60,50,0.833333333
Nagaland,PEREN,2009,Kharif,Peas & beans (Pulses),200,210,1.05
Nagaland,PEREN,2009,Kharif,Potato,170,1600,9.411764706
Nagaland,PEREN,2009,Kharif,Rice,11180,16540,1.479427549
Nagaland,PEREN,2009,Kharif,Sesamum,380,170,0.447368421
Nagaland,PEREN,2009,Kharif,Soyabean,1030,1060,1.029126214
Nagaland,PEREN,2009,Kharif,Sugarcane,570,17120,30.03508772
Nagaland,PEREN,2009,Kharif,Tapioca,160,1830,11.4375
Nagaland,PEREN,2009,Kharif,Urad,40,20,0.5
Nagaland,PEREN,2009,Rabi,Barley,50,70,1.4
Nagaland,PEREN,2009,Rabi,Gram,50,30,0.6
Nagaland,PEREN,2009,Rabi,Linseed,1210,840,0.694214876
Nagaland,PEREN,2009,Rabi,Masoor,170,130,0.764705882
Nagaland,PEREN,2009,Rabi,Peas & beans (Pulses),460,440,0.956521739
Nagaland,PEREN,2009,Rabi,Rapeseed &Mustard,5250,4060,0.773333333
Nagaland,PEREN,2009,Rabi,Sunflower,190,150,0.789473684
Nagaland,PEREN,2009,Rabi,Urad,60,50,0.833333333
Nagaland,PEREN,2009,Rabi,Wheat,200,240,1.2
Nagaland,PEREN,2010,Kharif,Arhar/Tur,150,120,0.8
Nagaland,PEREN,2010,Kharif,Bajra,30,30,1
Nagaland,PEREN,2010,Kharif,Castor seed,40,30,0.75
Nagaland,PEREN,2010,Kharif,Groundnut,60,60,1
Nagaland,PEREN,2010,Kharif,Horse-gram,20,20,1
Nagaland,PEREN,2010,Kharif,Maize,3100,6040,1.948387097
Nagaland,PEREN,2010,Kharif,Mesta,160,300,1.875
Nagaland,PEREN,2010,Kharif,Moong(Green Gram),20,20,1
Nagaland,PEREN,2010,Kharif,Peas & beans (Pulses),220,270,1.227272727
Nagaland,PEREN,2010,Kharif,Potato,140,1790,12.78571429
Nagaland,PEREN,2010,Kharif,Rice,11250,24930,2.216
Nagaland,PEREN,2010,Kharif,Sesamum,420,230,0.547619048
Nagaland,PEREN,2010,Kharif,Soyabean,1030,1200,1.165048544
Nagaland,PEREN,2010,Kharif,Sugarcane,490,21290,43.44897959
Nagaland,PEREN,2010,Kharif,Tapioca,90,2110,23.44444444
Nagaland,PEREN,2010,Rabi,Barley,40,50,1.25
Nagaland,PEREN,2010,Rabi,Gram,70,40,0.571428571
Nagaland,PEREN,2010,Rabi,Linseed,550,450,0.818181818
Nagaland,PEREN,2010,Rabi,Masoor,180,140,0.777777778
Nagaland,PEREN,2010,Rabi,Rapeseed &Mustard,2390,2400,1.0041841
Nagaland,PEREN,2010,Rabi,Sunflower,400,210,0.525
Nagaland,PEREN,2010,Rabi,Urad,70,50,0.714285714
Nagaland,PEREN,2010,Rabi,Wheat,320,570,1.78125
Nagaland,PEREN,2011,Kharif,Arhar/Tur,150,120,0.8
Nagaland,PEREN,2011,Kharif,Bajra,30,30,1
Nagaland,PEREN,2011,Kharif,Castor seed,40,30,0.75
Nagaland,PEREN,2011,Kharif,Ginger,230,2090,9.086956522
Nagaland,PEREN,2011,Kharif,Groundnut,60,60,1
Nagaland,PEREN,2011,Kharif,Horse-gram,20,20,1
Nagaland,PEREN,2011,Kharif,Maize,3100,6060,1.95483871
Nagaland,PEREN,2011,Kharif,Mesta,170,330,1.941176471
Nagaland,PEREN,2011,Kharif,Peas & beans (Pulses),220,270,1.227272727
Nagaland,PEREN,2011,Kharif,Rice,14570,31310,2.14893617
Nagaland,PEREN,2011,Kharif,Sesamum,430,240,0.558139535
Nagaland,PEREN,2011,Kharif,Soyabean,1040,1260,1.211538462
Nagaland,PEREN,2011,Kharif,Sugarcane,500,21750,43.5
Nagaland,PEREN,2011,Kharif,Sweet potato,80,670,8.375
Nagaland,PEREN,2011,Kharif,Tapioca,100,2330,23.3
Nagaland,PEREN,2011,Kharif,Urad,20,20,1
Nagaland,PEREN,2011,Rabi,Barley,40,60,1.5
Nagaland,PEREN,2011,Rabi,Blackgram,80,60,0.75
Nagaland,PEREN,2011,Rabi,Gram,70,40,0.571428571
Nagaland,PEREN,2011,Rabi,Linseed,560,460,0.821428571
Nagaland,PEREN,2011,Rabi,Masoor,180,140,0.777777778
Nagaland,PEREN,2011,Rabi,Peas & beans (Pulses),460,430,0.934782609
Nagaland,PEREN,2011,Rabi,Potato,160,1440,9
Nagaland,PEREN,2011,Rabi,Rapeseed &Mustard,2410,2430,1.008298755
Nagaland,PEREN,2011,Rabi,Rice,70,160,2.285714286
Nagaland,PEREN,2011,Rabi,Sunflower,400,210,0.525
Nagaland,PEREN,2011,Rabi,Wheat,320,570,1.78125
Nagaland,PEREN,2012,Kharif,Arhar/Tur,180,160,0.888888889
Nagaland,PEREN,2012,Kharif,Bajra,30,30,1
Nagaland,PEREN,2012,Kharif,Castor seed,40,30,0.75
Nagaland,PEREN,2012,Kharif,Ginger,250,2280,9.12
Nagaland,PEREN,2012,Kharif,Groundnut,60,60,1
Nagaland,PEREN,2012,Kharif,Horse-gram,40,40,1
Nagaland,PEREN,2012,Kharif,Maize,3100,6060,1.95483871
Nagaland,PEREN,2012,Kharif,Mesta,210,240,1.142857143
Nagaland,PEREN,2012,Kharif,Peas & beans (Pulses),230,300,1.304347826
Nagaland,PEREN,2012,Kharif,Rice,14660,32740,2.233287858
Nagaland,PEREN,2012,Kharif,Sesamum,430,240,0.558139535
Nagaland,PEREN,2012,Kharif,Soyabean,1070,1300,1.214953271
Nagaland,PEREN,2012,Kharif,Sugarcane,500,21750,43.5
Nagaland,PEREN,2012,Kharif,Sweet potato,90,770,8.555555556
Nagaland,PEREN,2012,Kharif,Tapioca,130,2610,20.07692308
Nagaland,PEREN,2012,Kharif,Urad,20,20,1
Nagaland,PEREN,2012,Rabi,Barley,40,40,1
Nagaland,PEREN,2012,Rabi,Blackgram,90,70,0.777777778
Nagaland,PEREN,2012,Rabi,Gram,70,60,0.857142857
Nagaland,PEREN,2012,Rabi,Linseed,560,460,0.821428571
Nagaland,PEREN,2012,Rabi,Masoor,170,140,0.823529412
Nagaland,PEREN,2012,Rabi,Peas & beans (Pulses),460,470,1.02173913
Nagaland,PEREN,2012,Rabi,Potato,180,1800,10
Nagaland,PEREN,2012,Rabi,Rapeseed &Mustard,2420,2430,1.004132231
Nagaland,PEREN,2012,Rabi,Rice,230,580,2.52173913
Nagaland,PEREN,2012,Rabi,Sunflower,410,250,0.609756098
Nagaland,PEREN,2012,Rabi,Wheat,330,590,1.787878788
Nagaland,PEREN,2013,Kharif,Arhar/Tur,200,180,0.9
Nagaland,PEREN,2013,Kharif,Bajra,30,30,1
Nagaland,PEREN,2013,Kharif,Bean,230,300,1.304347826
Nagaland,PEREN,2013,Kharif,Castor seed,40,30,0.75
Nagaland,PEREN,2013,Kharif,Colocosia,230,2190,9.52173913
Nagaland,PEREN,2013,Kharif,Ginger,260,2370,9.115384615
Nagaland,PEREN,2013,Kharif,Groundnut,60,60,1
Nagaland,PEREN,2013,Kharif,Maize,3100,6100,1.967741935
Nagaland,PEREN,2013,Kharif,Mesta,220,250,1.136363636
Nagaland,PEREN,2013,Kharif,Moong(Green Gram),30,30,1
Nagaland,PEREN,2013,Kharif,Rice,15250,34970,2.293114754
Nagaland,PEREN,2013,Kharif,Ricebean (nagadal),410,450,1.097560976
Nagaland,PEREN,2013,Kharif,Sesamum,440,250,0.568181818
Nagaland,PEREN,2013,Kharif,Soyabean,1070,1300,1.214953271
Nagaland,PEREN,2013,Kharif,Sweet potato,110,930,8.454545455
Nagaland,PEREN,2013,Kharif,Tapioca,130,2610,20.07692308
Nagaland,PEREN,2013,Rabi,Barley,50,50,1
Nagaland,PEREN,2013,Rabi,Blackgram,90,70,0.777777778
Nagaland,PEREN,2013,Rabi,Gram,70,60,0.857142857
Nagaland,PEREN,2013,Rabi,Lentil,170,140,0.823529412
Nagaland,PEREN,2013,Rabi,Peas & beans (Pulses),460,500,1.086956522
Nagaland,PEREN,2013,Rabi,Potato,190,1900,10
Nagaland,PEREN,2013,Rabi,Rapeseed &Mustard,2420,2430,1.004132231
Nagaland,PEREN,2013,Rabi,Rice,310,820,2.64516129
Nagaland,PEREN,2013,Rabi,Sunflower,420,250,0.595238095
Nagaland,PEREN,2013,Rabi,Wheat,290,530,1.827586207
Nagaland,PEREN,2014,Kharif,Arhar/Tur,210,190,0.904761905
Nagaland,PEREN,2014,Kharif,Bajra,30,30,1
Nagaland,PEREN,2014,Kharif,Barley,50,50,1
Nagaland,PEREN,2014,Kharif,Bean,230,300,1.304347826
Nagaland,PEREN,2014,Kharif,Blackgram,90,70,0.777777778
Nagaland,PEREN,2014,Kharif,Castor seed,40,30,0.75
Nagaland,PEREN,2014,Kharif,Ginger,270,2460,9.111111111
Nagaland,PEREN,2014,Kharif,Groundnut,60,60,1
Nagaland,PEREN,2014,Kharif,Horse-gram,40,40,1
Nagaland,PEREN,2014,Kharif,Maize,3100,6120,1.974193548
Nagaland,PEREN,2014,Kharif,Mesta,220,250,1.136363636
Nagaland,PEREN,2014,Kharif,Moong(Green Gram),30,30,1
Nagaland,PEREN,2014,Kharif,Oilseeds total,1610,1640,1.01863354
Nagaland,PEREN,2014,Kharif,Other Kharif pulses,410,460,1.12195122
Nagaland,PEREN,2014,Kharif,Rice,15760,37400,2.373096447
Nagaland,PEREN,2014,Kharif,Sesamum,440,250,0.568181818
Nagaland,PEREN,2014,Kharif,Soyabean,1070,1300,1.214953271
Nagaland,PEREN,2014,Kharif,Sugarcane,510,22140,43.41176471
Nagaland,PEREN,2014,Kharif,Sweet potato,110,930,8.454545455
Nagaland,PEREN,2014,Kharif,Tapioca,130,2610,20.07692308
Nagaland,PEREN,2014,Rabi,Lentil,170,140,0.823529412
Nagaland,PEREN,2014,Rabi,Linseed,560,460,0.821428571
Nagaland,PEREN,2014,Rabi,Oilseeds total,3420,3140,0.918128655
Nagaland,PEREN,2014,Rabi,Peas & beans (Pulses),460,510,1.108695652
Nagaland,PEREN,2014,Rabi,Potato,210,2140,10.19047619
Nagaland,PEREN,2014,Rabi,Rapeseed &Mustard,2430,2450,1.008230453
Nagaland,PEREN,2014,Rabi,Rice,360,970,2.694444444
Nagaland,PEREN,2014,Rabi,Sunflower,430,230,0.534883721
Nagaland,PEREN,2014,Rabi,Wheat,310,560,1.806451613
Nagaland,PHEK,1997,Kharif,Bajra,100,70,0.7
Nagaland,PHEK,1997,Kharif,Jowar,50,40,0.8
Nagaland,PHEK,1997,Kharif,Maize,5900,6000,1.016949153
Nagaland,PHEK,1997,Kharif,Rice,24710,33350,1.34965601
Nagaland,PHEK,1998,Kharif,Maize,6000,8000,1.333333333
Nagaland,PHEK,1998,Kharif,Rice,24000,37000,1.541666667
Nagaland,PHEK,1998,Kharif,Small millets,2000,1000,0.5
Nagaland,PHEK,1999,Kharif,Arhar/Tur,450,320,0.711111111
Nagaland,PHEK,1999,Kharif,Bajra,170,140,0.823529412
Nagaland,PHEK,1999,Kharif,Cotton(lint),50,70,1.4
Nagaland,PHEK,1999,Kharif,Groundnut,400,480,1.2
Nagaland,PHEK,1999,Kharif,Jowar,170,140,0.823529412
Nagaland,PHEK,1999,Kharif,Maize,6250,9380,1.5008
Nagaland,PHEK,1999,Kharif,Moong(Green Gram),350,250,0.714285714
Nagaland,PHEK,1999,Kharif,Peas & beans (Pulses),250,170,0.68
Nagaland,PHEK,1999,Kharif,Rice,24400,38350,1.571721311
Nagaland,PHEK,1999,Kharif,Sesamum,750,450,0.6
Nagaland,PHEK,1999,Kharif,Soyabean,1950,2180,1.117948718
Nagaland,PHEK,1999,Kharif,Sunflower,130,170,1.307692308
Nagaland,PHEK,1999,Rabi,Gram,100,120,1.2
Nagaland,PHEK,1999,Rabi,Linseed,500,370,0.74
Nagaland,PHEK,1999,Rabi,Rapeseed &Mustard,150,140,0.933333333
Nagaland,PHEK,1999,Rabi,Sunflower,300,420,1.4
Nagaland,PHEK,1999,Whole Year,Potato,930,8060,8.666666667
Nagaland,PHEK,1999,Whole Year,Tea,6,6,1
Nagaland,PHEK,2000,Kharif,Arhar/Tur,450,500,1.111111111
Nagaland,PHEK,2000,Kharif,Bajra,160,140,0.875
Nagaland,PHEK,2000,Kharif,Cotton(lint),20,40,2
Nagaland,PHEK,2000,Kharif,Groundnut,470,510,1.085106383
Nagaland,PHEK,2000,Kharif,Jowar,150,120,0.8
Nagaland,PHEK,2000,Kharif,Maize,5800,8560,1.475862069
Nagaland,PHEK,2000,Kharif,Moong(Green Gram),280,250,0.892857143
Nagaland,PHEK,2000,Kharif,Other Kharif pulses,750,650,0.866666667
Nagaland,PHEK,2000,Kharif,Peas & beans (Pulses),250,170,0.68
Nagaland,PHEK,2000,Kharif,Rice,21330,37640,1.764650727
Nagaland,PHEK,2000,Kharif,Sesamum,410,330,0.804878049
Nagaland,PHEK,2000,Kharif,Small millets,1430,1030,0.72027972
Nagaland,PHEK,2000,Kharif,Soyabean,1990,2330,1.170854271
Nagaland,PHEK,2000,Kharif,Sunflower,500,370,0.74
Nagaland,PHEK,2000,Rabi,Barley,100,150,1.5
Nagaland,PHEK,2000,Rabi,Gram,110,80,0.727272727
Nagaland,PHEK,2000,Rabi,Linseed,600,270,0.45
Nagaland,PHEK,2000,Rabi,Other  Rabi pulses,850,710,0.835294118
Nagaland,PHEK,2000,Rabi,Peas & beans (Pulses),900,890,0.988888889
Nagaland,PHEK,2000,Rabi,Rapeseed &Mustard,1520,1150,0.756578947
Nagaland,PHEK,2000,Rabi,Sunflower,100,110,1.1
Nagaland,PHEK,2000,Rabi,Wheat,730,1200,1.643835616
Nagaland,PHEK,2000,Whole Year,Potato,920,10100,10.97826087
Nagaland,PHEK,2000,Whole Year,Tea,30,110,3.666666667
Nagaland,PHEK,2001,Kharif,Arhar/Tur,750,560,0.746666667
Nagaland,PHEK,2001,Kharif,Bajra,150,90,0.6
Nagaland,PHEK,2001,Kharif,Cotton(lint),50,40,0.8
Nagaland,PHEK,2001,Kharif,Groundnut,140,140,1
Nagaland,PHEK,2001,Kharif,Jowar,150,100,0.666666667
Nagaland,PHEK,2001,Kharif,Maize,7110,13260,1.864978903
Nagaland,PHEK,2001,Kharif,Moong(Green Gram),320,270,0.84375
Nagaland,PHEK,2001,Kharif,Peas & beans (Pulses),280,220,0.785714286
Nagaland,PHEK,2001,Kharif,Rice,21730,38400,1.7671422
Nagaland,PHEK,2001,Kharif,Sesamum,630,500,0.793650794
Nagaland,PHEK,2001,Kharif,Small millets,1570,920,0.585987261
Nagaland,PHEK,2001,Kharif,Soyabean,2100,3100,1.476190476
Nagaland,PHEK,2001,Kharif,Sunflower,40,50,1.25
Nagaland,PHEK,2001,Rabi,Barley,400,820,2.05
Nagaland,PHEK,2001,Rabi,Gram,100,100,1
Nagaland,PHEK,2001,Rabi,Linseed,780,450,0.576923077
Nagaland,PHEK,2001,Rabi,Peas & beans (Pulses),1100,1120,1.018181818
Nagaland,PHEK,2001,Rabi,Rapeseed &Mustard,1680,1660,0.988095238
Nagaland,PHEK,2001,Rabi,Sunflower,100,90,0.9
Nagaland,PHEK,2001,Rabi,Wheat,820,1310,1.597560976
Nagaland,PHEK,2001,Whole Year,Potato,700,8600,12.28571429
Nagaland,PHEK,2001,Whole Year,Tea,40,90,2.25
Nagaland,PHEK,2002,Kharif,Bajra,200,300,1.5
Nagaland,PHEK,2002,Kharif,Cotton(lint),130,620,4.769230769
Nagaland,PHEK,2002,Kharif,Groundnut,210,250,1.19047619
Nagaland,PHEK,2002,Kharif,Jowar,180,270,1.5
Nagaland,PHEK,2002,Kharif,Maize,6850,12080,1.76350365
Nagaland,PHEK,2002,Kharif,Moong(Green Gram),210,260,1.238095238
Nagaland,PHEK,2002,Kharif,Other Kharif pulses,200,80,0.4
Nagaland,PHEK,2002,Kharif,Peas & beans (Pulses),170,180,1.058823529
Nagaland,PHEK,2002,Kharif,Rice,21250,37550,1.767058824
Nagaland,PHEK,2002,Kharif,Sesamum,610,510,0.836065574
Nagaland,PHEK,2002,Kharif,Small millets,1430,2750,1.923076923
Nagaland,PHEK,2002,Kharif,Soyabean,3000,4300,1.433333333
Nagaland,PHEK,2002,Kharif,Sunflower,120,230,1.916666667
Nagaland,PHEK,2002,Rabi,Barley,500,950,1.9
Nagaland,PHEK,2002,Rabi,Gram,90,60,0.666666667
Nagaland,PHEK,2002,Rabi,Linseed,750,820,1.093333333
Nagaland,PHEK,2002,Rabi,Other  Rabi pulses,1590,1470,0.924528302
Nagaland,PHEK,2002,Rabi,Peas & beans (Pulses),900,820,0.911111111
Nagaland,PHEK,2002,Rabi,Rapeseed &Mustard,1500,1900,1.266666667
Nagaland,PHEK,2002,Rabi,Sunflower,90,110,1.222222222
Nagaland,PHEK,2002,Rabi,Wheat,1020,1860,1.823529412
Nagaland,PHEK,2002,Whole Year,Potato,990,11480,11.5959596
Nagaland,PHEK,2002,Whole Year,Tea,40,100,2.5
Nagaland,PHEK,2003,Kharif,Arhar/Tur,1280,1380,1.078125
Nagaland,PHEK,2003,Kharif,Bajra,70,100,1.428571429
Nagaland,PHEK,2003,Kharif,Cotton(lint),250,20,0.08
Nagaland,PHEK,2003,Kharif,Groundnut,380,480,1.263157895
Nagaland,PHEK,2003,Kharif,Jowar,410,690,1.682926829
Nagaland,PHEK,2003,Kharif,Maize,6290,11560,1.837837838
Nagaland,PHEK,2003,Kharif,Moong(Green Gram),280,380,1.357142857
Nagaland,PHEK,2003,Kharif,Other Kharif pulses,790,1110,1.405063291
Nagaland,PHEK,2003,Kharif,Peas & beans (Pulses),210,320,1.523809524
Nagaland,PHEK,2003,Kharif,Rice,20980,34530,1.645853194
Nagaland,PHEK,2003,Kharif,Sesamum,1220,1110,0.909836066
Nagaland,PHEK,2003,Kharif,Small millets,1780,1950,1.095505618
Nagaland,PHEK,2003,Kharif,Soyabean,3470,4740,1.365994236
Nagaland,PHEK,2003,Kharif,Sunflower,180,340,1.888888889
Nagaland,PHEK,2003,Rabi,Barley,700,1800,2.571428571
Nagaland,PHEK,2003,Rabi,Gram,260,260,1
Nagaland,PHEK,2003,Rabi,Linseed,340,430,1.264705882
Nagaland,PHEK,2003,Rabi,Masoor,140,70,0.5
Nagaland,PHEK,2003,Rabi,Other  Rabi pulses,650,820,1.261538462
Nagaland,PHEK,2003,Rabi,Peas & beans (Pulses),880,760,0.863636364
Nagaland,PHEK,2003,Rabi,Rapeseed &Mustard,1340,1110,0.828358209
Nagaland,PHEK,2003,Rabi,Sunflower,110,90,0.818181818
Nagaland,PHEK,2003,Rabi,Wheat,960,2710,2.822916667
Nagaland,PHEK,2003,Whole Year,Potato,860,8170,9.5
Nagaland,PHEK,2003,Whole Year,Sugarcane,130,800,6.153846154
Nagaland,PHEK,2003,Whole Year,Tea,100,130,1.3
Nagaland,PHEK,2004,Kharif,Arhar/Tur,370,340,0.918918919
Nagaland,PHEK,2004,Kharif,Bajra,420,630,1.5
Nagaland,PHEK,2004,Kharif,Groundnut,650,810,1.246153846
Nagaland,PHEK,2004,Kharif,Jowar,390,510,1.307692308
Nagaland,PHEK,2004,Kharif,Maize,7400,13220,1.786486486
Nagaland,PHEK,2004,Kharif,Moong(Green Gram),210,150,0.714285714
Nagaland,PHEK,2004,Kharif,Other Kharif pulses,620,770,1.241935484
Nagaland,PHEK,2004,Kharif,Peas & beans (Pulses),190,200,1.052631579
Nagaland,PHEK,2004,Kharif,Rice,19700,36130,1.834010152
Nagaland,PHEK,2004,Kharif,Sesamum,60,20,0.333333333
Nagaland,PHEK,2004,Kharif,Small millets,720,700,0.972222222
Nagaland,PHEK,2004,Kharif,Soyabean,3750,6800,1.813333333
Nagaland,PHEK,2004,Rabi,Barley,500,720,1.44
Nagaland,PHEK,2004,Rabi,Gram,400,50,0.125
Nagaland,PHEK,2004,Rabi,Linseed,1000,370,0.37
Nagaland,PHEK,2004,Rabi,Masoor,330,160,0.484848485
Nagaland,PHEK,2004,Rabi,Other  Rabi pulses,410,430,1.048780488
Nagaland,PHEK,2004,Rabi,Peas & beans (Pulses),1200,950,0.791666667
Nagaland,PHEK,2004,Rabi,Rapeseed &Mustard,1920,1400,0.729166667
Nagaland,PHEK,2004,Rabi,Wheat,1320,2080,1.575757576
Nagaland,PHEK,2004,Whole Year,Potato,1500,9660,6.44
Nagaland,PHEK,2005,Kharif,Arhar/Tur,580,560,0.965517241
Nagaland,PHEK,2005,Kharif,Bajra,470,490,1.042553191
Nagaland,PHEK,2005,Kharif,Groundnut,50,40,0.8
Nagaland,PHEK,2005,Kharif,Jowar,60,70,1.166666667
Nagaland,PHEK,2005,Kharif,Maize,7900,14200,1.797468354
Nagaland,PHEK,2005,Kharif,Moong(Green Gram),70,50,0.714285714
Nagaland,PHEK,2005,Kharif,Other Kharif pulses,670,700,1.044776119
Nagaland,PHEK,2005,Kharif,Peas & beans (Pulses),180,220,1.222222222
Nagaland,PHEK,2005,Kharif,Rice,19900,36370,1.827638191
Nagaland,PHEK,2005,Kharif,Sesamum,660,400,0.606060606
Nagaland,PHEK,2005,Kharif,Small millets,1700,1920,1.129411765
Nagaland,PHEK,2005,Kharif,Soyabean,2250,3800,1.688888889
Nagaland,PHEK,2005,Rabi,Gram,80,70,0.875
Nagaland,PHEK,2005,Rabi,Linseed,840,180,0.214285714
Nagaland,PHEK,2005,Rabi,Masoor,360,660,1.833333333
Nagaland,PHEK,2005,Rabi,Other  Rabi pulses,550,840,1.527272727
Nagaland,PHEK,2005,Rabi,Peas & beans (Pulses),1210,1630,1.347107438
Nagaland,PHEK,2005,Rabi,Rapeseed &Mustard,1900,1200,0.631578947
Nagaland,PHEK,2005,Rabi,Wheat,110,200,1.818181818
Nagaland,PHEK,2006,Kharif,Arhar/Tur,520,610,1.173076923
Nagaland,PHEK,2006,Kharif,Cardamom,160,260,1.625
Nagaland,PHEK,2006,Kharif,Cotton(lint),20,10,0.5
Nagaland,PHEK,2006,Kharif,Dry ginger,440,3930,8.931818182
Nagaland,PHEK,2006,Kharif,Groundnut,160,170,1.0625
Nagaland,PHEK,2006,Kharif,Jowar,120,90,0.75
Nagaland,PHEK,2006,Kharif,Maize,9550,15990,1.67434555
Nagaland,PHEK,2006,Kharif,Moong(Green Gram),90,110,1.222222222
Nagaland,PHEK,2006,Kharif,Peas & beans (Pulses),220,280,1.272727273
Nagaland,PHEK,2006,Kharif,Potato,460,4090,8.891304348
Nagaland,PHEK,2006,Kharif,Rice,20990,34620,1.649356837
Nagaland,PHEK,2006,Kharif,Sesamum,640,420,0.65625
Nagaland,PHEK,2006,Kharif,Small millets,3260,2280,0.699386503
Nagaland,PHEK,2006,Kharif,Soyabean,2120,2560,1.20754717
Nagaland,PHEK,2006,Rabi,Gram,70,90,1.285714286
Nagaland,PHEK,2006,Rabi,Linseed,950,600,0.631578947
Nagaland,PHEK,2006,Rabi,Masoor,390,470,1.205128205
Nagaland,PHEK,2006,Rabi,Other  Rabi pulses,700,850,1.214285714
Nagaland,PHEK,2006,Rabi,Peas & beans (Pulses),1220,1470,1.204918033
Nagaland,PHEK,2006,Rabi,Rapeseed &Mustard,2030,1440,0.709359606
Nagaland,PHEK,2006,Rabi,Sunflower,250,170,0.68
Nagaland,PHEK,2006,Rabi,Urad,40,50,1.25
Nagaland,PHEK,2006,Rabi,Wheat,150,130,0.866666667
Nagaland,PHEK,2007,Kharif,Arhar/Tur,500,600,1.2
Nagaland,PHEK,2007,Kharif,Cardamom,100,50,0.5
Nagaland,PHEK,2007,Kharif,Cotton(lint),20,10,0.5
Nagaland,PHEK,2007,Kharif,Dry chillies,90,110,1.222222222
Nagaland,PHEK,2007,Kharif,Dry ginger,690,5030,7.289855072
Nagaland,PHEK,2007,Kharif,Groundnut,220,230,1.045454545
Nagaland,PHEK,2007,Kharif,Jowar,110,160,1.454545455
Nagaland,PHEK,2007,Kharif,Maize,10110,17090,1.690405539
Nagaland,PHEK,2007,Kharif,Moong(Green Gram),80,90,1.125
Nagaland,PHEK,2007,Kharif,Other Kharif pulses,1050,970,0.923809524
Nagaland,PHEK,2007,Kharif,Potato,470,5980,12.72340426
Nagaland,PHEK,2007,Kharif,Rice,17960,34660,1.929844098
Nagaland,PHEK,2007,Kharif,Sesamum,840,480,0.571428571
Nagaland,PHEK,2007,Kharif,Small millets,2360,2210,0.936440678
Nagaland,PHEK,2007,Kharif,Soyabean,2560,2870,1.12109375
Nagaland,PHEK,2007,Kharif,Sugarcane,210,11550,55
Nagaland,PHEK,2007,Kharif,Sunflower,190,200,1.052631579
Nagaland,PHEK,2007,Kharif,Tapioca,60,1380,23
Nagaland,PHEK,2007,Kharif,Tea,70,80,1.142857143
Nagaland,PHEK,2007,Rabi,Linseed,1120,890,0.794642857
Nagaland,PHEK,2007,Rabi,Other  Rabi pulses,540,510,0.944444444
Nagaland,PHEK,2007,Rabi,Peas & beans (Pulses),970,1200,1.237113402
Nagaland,PHEK,2007,Rabi,Rapeseed &Mustard,3010,2130,0.707641196
Nagaland,PHEK,2007,Rabi,Sunflower,360,200,0.555555556
Nagaland,PHEK,2007,Rabi,Wheat,130,190,1.461538462
Nagaland,PHEK,2008,Kharif,Arhar/Tur,420,400,0.952380952
Nagaland,PHEK,2008,Kharif,Cardamom,400,60,0.15
Nagaland,PHEK,2008,Kharif,Cotton(lint),20,10,0.5
Nagaland,PHEK,2008,Kharif,Dry chillies,260,320,1.230769231
Nagaland,PHEK,2008,Kharif,Dry ginger,640,5800,9.0625
Nagaland,PHEK,2008,Kharif,Groundnut,70,50,0.714285714
Nagaland,PHEK,2008,Kharif,Jowar,30,20,0.666666667
Nagaland,PHEK,2008,Kharif,Maize,8000,14240,1.78
Nagaland,PHEK,2008,Kharif,Moong(Green Gram),30,10,0.333333333
Nagaland,PHEK,2008,Kharif,Other Kharif pulses,140,130,0.928571429
Nagaland,PHEK,2008,Kharif,Peas & beans (Pulses),260,360,1.384615385
Nagaland,PHEK,2008,Kharif,Potato,480,5920,12.33333333
Nagaland,PHEK,2008,Kharif,Rice,14000,31330,2.237857143
Nagaland,PHEK,2008,Kharif,Sesamum,450,250,0.555555556
Nagaland,PHEK,2008,Kharif,Small millets,2400,2300,0.958333333
Nagaland,PHEK,2008,Kharif,Soyabean,2060,2880,1.398058252
Nagaland,PHEK,2008,Kharif,Sugarcane,280,11990,42.82142857
Nagaland,PHEK,2008,Kharif,Sunflower,50,40,0.8
Nagaland,PHEK,2008,Kharif,Tapioca,80,1860,23.25
Nagaland,PHEK,2008,Kharif,Turmeric,30,130,4.333333333
Nagaland,PHEK,2008,Rabi,Gram,60,50,0.833333333
Nagaland,PHEK,2008,Rabi,Linseed,630,510,0.80952381
Nagaland,PHEK,2008,Rabi,Masoor,60,40,0.666666667
Nagaland,PHEK,2008,Rabi,Other  Rabi pulses,170,130,0.764705882
Nagaland,PHEK,2008,Rabi,Peas & beans (Pulses),1000,1630,1.63
Nagaland,PHEK,2008,Rabi,Potato,400,4920,12.3
Nagaland,PHEK,2008,Rabi,Rapeseed &Mustard,2750,2740,0.996363636
Nagaland,PHEK,2008,Rabi,Urad,20,10,0.5
Nagaland,PHEK,2008,Rabi,Wheat,120,190,1.583333333
Nagaland,PHEK,2009,Kharif,Arhar/Tur,410,290,0.707317073
Nagaland,PHEK,2009,Kharif,Bajra,80,60,0.75
Nagaland,PHEK,2009,Kharif,Castor seed,60,30,0.5
Nagaland,PHEK,2009,Kharif,Cotton(lint),20,10,0.5
Nagaland,PHEK,2009,Kharif,Groundnut,60,40,0.666666667
Nagaland,PHEK,2009,Kharif,Jowar,50,20,0.4
Nagaland,PHEK,2009,Kharif,Maize,8000,8400,1.05
Nagaland,PHEK,2009,Kharif,Mesta,280,290,1.035714286
Nagaland,PHEK,2009,Kharif,Moong(Green Gram),70,60,0.857142857
Nagaland,PHEK,2009,Kharif,Peas & beans (Pulses),260,290,1.115384615
Nagaland,PHEK,2009,Kharif,Potato,510,4810,9.431372549
Nagaland,PHEK,2009,Kharif,Rice,12900,21280,1.649612403
Nagaland,PHEK,2009,Kharif,Sesamum,250,130,0.52
Nagaland,PHEK,2009,Kharif,Small millets,2150,780,0.362790698
Nagaland,PHEK,2009,Kharif,Soyabean,2050,2120,1.034146341
Nagaland,PHEK,2009,Kharif,Sugarcane,350,10510,30.02857143
Nagaland,PHEK,2009,Kharif,Tapioca,200,2280,11.4
Nagaland,PHEK,2009,Kharif,Urad,20,10,0.5
Nagaland,PHEK,2009,Rabi,Barley,60,90,1.5
Nagaland,PHEK,2009,Rabi,Gram,70,50,0.714285714
Nagaland,PHEK,2009,Rabi,Linseed,1280,890,0.6953125
Nagaland,PHEK,2009,Rabi,Maize,650,1010,1.553846154
Nagaland,PHEK,2009,Rabi,Masoor,160,110,0.6875
Nagaland,PHEK,2009,Rabi,Peas & beans (Pulses),1040,1050,1.009615385
Nagaland,PHEK,2009,Rabi,Potato,590,7310,12.38983051
Nagaland,PHEK,2009,Rabi,Rapeseed &Mustard,5700,5000,0.877192982
Nagaland,PHEK,2009,Rabi,Sunflower,200,180,0.9
Nagaland,PHEK,2009,Rabi,Urad,40,30,0.75
Nagaland,PHEK,2009,Rabi,Wheat,200,240,1.2
Nagaland,PHEK,2010,Kharif,Arhar/Tur,360,290,0.805555556
Nagaland,PHEK,2010,Kharif,Bajra,60,50,0.833333333
Nagaland,PHEK,2010,Kharif,Castor seed,20,10,0.5
Nagaland,PHEK,2010,Kharif,Cotton(lint),20,10,0.5
Nagaland,PHEK,2010,Kharif,Groundnut,60,60,1
Nagaland,PHEK,2010,Kharif,Horse-gram,40,30,0.75
Nagaland,PHEK,2010,Kharif,Jowar,20,20,1
Nagaland,PHEK,2010,Kharif,Maize,8080,15750,1.949257426
Nagaland,PHEK,2010,Kharif,Mesta,230,430,1.869565217
Nagaland,PHEK,2010,Kharif,Moong(Green Gram),10,10,1
Nagaland,PHEK,2010,Kharif,Peas & beans (Pulses),270,340,1.259259259
Nagaland,PHEK,2010,Kharif,Potato,480,6090,12.6875
Nagaland,PHEK,2010,Kharif,Rice,13880,33010,2.378242075
Nagaland,PHEK,2010,Kharif,Sesamum,300,190,0.633333333
Nagaland,PHEK,2010,Kharif,Small millets,2050,2020,0.985365854
Nagaland,PHEK,2010,Kharif,Soyabean,2070,2640,1.275362319
Nagaland,PHEK,2010,Kharif,Sugarcane,250,10890,43.56
Nagaland,PHEK,2010,Kharif,Tapioca,120,2820,23.5
Nagaland,PHEK,2010,Rabi,Barley,50,80,1.6
Nagaland,PHEK,2010,Rabi,Gram,80,50,0.625
Nagaland,PHEK,2010,Rabi,Linseed,660,520,0.787878788
Nagaland,PHEK,2010,Rabi,Maize,650,1290,1.984615385
Nagaland,PHEK,2010,Rabi,Masoor,160,120,0.75
Nagaland,PHEK,2010,Rabi,Potato,670,8300,12.3880597
Nagaland,PHEK,2010,Rabi,Rapeseed &Mustard,2860,2870,1.003496503
Nagaland,PHEK,2010,Rabi,Sunflower,240,120,0.5
Nagaland,PHEK,2010,Rabi,Urad,70,40,0.571428571
Nagaland,PHEK,2010,Rabi,Wheat,330,590,1.787878788
Nagaland,PHEK,2011,Kharif,Arhar/Tur,370,320,0.864864865
Nagaland,PHEK,2011,Kharif,Bajra,60,50,0.833333333
Nagaland,PHEK,2011,Kharif,Castor seed,20,10,0.5
Nagaland,PHEK,2011,Kharif,Cotton(lint),20,10,0.5
Nagaland,PHEK,2011,Kharif,Ginger,340,3100,9.117647059
Nagaland,PHEK,2011,Kharif,Groundnut,60,60,1
Nagaland,PHEK,2011,Kharif,Horse-gram,40,30,0.75
Nagaland,PHEK,2011,Kharif,Jowar,20,20,1
Nagaland,PHEK,2011,Kharif,Maize,8090,15860,1.960444994
Nagaland,PHEK,2011,Kharif,Mesta,240,460,1.916666667
Nagaland,PHEK,2011,Kharif,Peas & beans (Pulses),280,350,1.25
Nagaland,PHEK,2011,Kharif,Rice,13830,32550,2.353579176
Nagaland,PHEK,2011,Kharif,Sesamum,300,190,0.633333333
Nagaland,PHEK,2011,Kharif,Small millets,2060,2030,0.985436893
Nagaland,PHEK,2011,Kharif,Soyabean,2080,2650,1.274038462
Nagaland,PHEK,2011,Kharif,Sugarcane,250,10890,43.56
Nagaland,PHEK,2011,Kharif,Sweet potato,130,1100,8.461538462
Nagaland,PHEK,2011,Kharif,Tapioca,120,2820,23.5
Nagaland,PHEK,2011,Kharif,Urad,10,10,1
Nagaland,PHEK,2011,Rabi,Barley,50,80,1.6
Nagaland,PHEK,2011,Rabi,Blackgram,70,40,0.571428571
Nagaland,PHEK,2011,Rabi,Gram,80,50,0.625
Nagaland,PHEK,2011,Rabi,Linseed,660,520,0.787878788
Nagaland,PHEK,2011,Rabi,Maize,660,1310,1.984848485
Nagaland,PHEK,2011,Rabi,Masoor,160,120,0.75
Nagaland,PHEK,2011,Rabi,Peas & beans (Pulses),1030,950,0.922330097
Nagaland,PHEK,2011,Rabi,Potato,1170,10580,9.042735043
Nagaland,PHEK,2011,Rabi,Rapeseed &Mustard,2870,2880,1.003484321
Nagaland,PHEK,2011,Rabi,Sunflower,250,130,0.52
Nagaland,PHEK,2011,Rabi,Wheat,340,600,1.764705882
Nagaland,PHEK,2012,Kharif,Arhar/Tur,420,380,0.904761905
Nagaland,PHEK,2012,Kharif,Bajra,60,60,1
Nagaland,PHEK,2012,Kharif,Castor seed,20,10,0.5
Nagaland,PHEK,2012,Kharif,Ginger,350,3190,9.114285714
Nagaland,PHEK,2012,Kharif,Groundnut,60,60,1
Nagaland,PHEK,2012,Kharif,Horse-gram,50,50,1
Nagaland,PHEK,2012,Kharif,Jowar,30,30,1
Nagaland,PHEK,2012,Kharif,Maize,8100,15890,1.961728395
Nagaland,PHEK,2012,Kharif,Mesta,220,250,1.136363636
Nagaland,PHEK,2012,Kharif,Peas & beans (Pulses),290,380,1.310344828
Nagaland,PHEK,2012,Kharif,Rice,13930,34180,2.453697057
Nagaland,PHEK,2012,Kharif,Sesamum,300,190,0.633333333
Nagaland,PHEK,2012,Kharif,Small millets,2080,2340,1.125
Nagaland,PHEK,2012,Kharif,Soyabean,2090,2660,1.272727273
Nagaland,PHEK,2012,Kharif,Sugarcane,250,10890,43.56
Nagaland,PHEK,2012,Kharif,Sweet potato,150,1280,8.533333333
Nagaland,PHEK,2012,Kharif,Tapioca,140,2830,20.21428571
Nagaland,PHEK,2012,Kharif,Urad,20,20,1
Nagaland,PHEK,2012,Rabi,Barley,60,70,1.166666667
Nagaland,PHEK,2012,Rabi,Blackgram,80,60,0.75
Nagaland,PHEK,2012,Rabi,Gram,80,70,0.875
Nagaland,PHEK,2012,Rabi,Linseed,660,520,0.787878788
Nagaland,PHEK,2012,Rabi,Maize,690,1350,1.956521739
Nagaland,PHEK,2012,Rabi,Masoor,160,130,0.8125
Nagaland,PHEK,2012,Rabi,Peas & beans (Pulses),680,710,1.044117647
Nagaland,PHEK,2012,Rabi,Potato,1280,12890,10.0703125
Nagaland,PHEK,2012,Rabi,Rapeseed &Mustard,2870,2900,1.010452962
Nagaland,PHEK,2012,Rabi,Sunflower,270,170,0.62962963
Nagaland,PHEK,2012,Rabi,Wheat,350,630,1.8
Nagaland,PHEK,2013,Kharif,Arhar/Tur,430,390,0.906976744
Nagaland,PHEK,2013,Kharif,Bajra,60,60,1
Nagaland,PHEK,2013,Kharif,Bean,300,400,1.333333333
Nagaland,PHEK,2013,Kharif,Castor seed,20,10,0.5
Nagaland,PHEK,2013,Kharif,Colocosia,570,5420,9.50877193
Nagaland,PHEK,2013,Kharif,Cotton(lint),50,30,0.6
Nagaland,PHEK,2013,Kharif,Cowpea(Lobia),120,180,1.5
Nagaland,PHEK,2013,Kharif,Ginger,350,3190,9.114285714
Nagaland,PHEK,2013,Kharif,Groundnut,60,60,1
Nagaland,PHEK,2013,Kharif,Jobster,140,150,1.071428571
Nagaland,PHEK,2013,Kharif,Jowar,40,40,1
Nagaland,PHEK,2013,Kharif,Maize,8110,15970,1.969173859
Nagaland,PHEK,2013,Kharif,Mesta,220,250,1.136363636
Nagaland,PHEK,2013,Kharif,Moong(Green Gram),20,20,1
Nagaland,PHEK,2013,Kharif,Perilla,340,210,0.617647059
Nagaland,PHEK,2013,Kharif,Rajmash Kholar,150,180,1.2
Nagaland,PHEK,2013,Kharif,Rice,14640,37090,2.533469945
Nagaland,PHEK,2013,Kharif,Ricebean (nagadal),770,870,1.12987013
Nagaland,PHEK,2013,Kharif,Sesamum,300,190,0.633333333
Nagaland,PHEK,2013,Kharif,Small millets,2090,2350,1.124401914
Nagaland,PHEK,2013,Kharif,Soyabean,2090,2680,1.282296651
Nagaland,PHEK,2013,Kharif,Sweet potato,160,1350,8.4375
Nagaland,PHEK,2013,Kharif,Tapioca,150,3040,20.26666667
Nagaland,PHEK,2013,Rabi,Barley,60,60,1
Nagaland,PHEK,2013,Rabi,Blackgram,80,70,0.875
Nagaland,PHEK,2013,Rabi,Gram,80,70,0.875
Nagaland,PHEK,2013,Rabi,Lentil,160,130,0.8125
Nagaland,PHEK,2013,Rabi,Maize,700,1380,1.971428571
Nagaland,PHEK,2013,Rabi,Peas & beans (Pulses),680,730,1.073529412
Nagaland,PHEK,2013,Rabi,Potato,1320,13240,10.03030303
Nagaland,PHEK,2013,Rabi,Rajmash Kholar,320,390,1.21875
Nagaland,PHEK,2013,Rabi,Rapeseed &Mustard,2880,2900,1.006944444
Nagaland,PHEK,2013,Rabi,Sunflower,280,180,0.642857143
Nagaland,PHEK,2013,Rabi,Wheat,310,570,1.838709677
Nagaland,PHEK,2014,Kharif,Arhar/Tur,440,410,0.931818182
Nagaland,PHEK,2014,Kharif,Bajra,60,60,1
Nagaland,PHEK,2014,Kharif,Barley,60,60,1
Nagaland,PHEK,2014,Kharif,Bean,310,420,1.35483871
Nagaland,PHEK,2014,Kharif,Blackgram,80,70,0.875
Nagaland,PHEK,2014,Kharif,Castor seed,20,10,0.5
Nagaland,PHEK,2014,Kharif,Cotton(lint),50,30,0.6
Nagaland,PHEK,2014,Kharif,Cowpea(Lobia),120,180,1.5
Nagaland,PHEK,2014,Kharif,Ginger,360,3280,9.111111111
Nagaland,PHEK,2014,Kharif,Groundnut,60,60,1
Nagaland,PHEK,2014,Kharif,Horse-gram,50,60,1.2
Nagaland,PHEK,2014,Kharif,Jowar,40,40,1
Nagaland,PHEK,2014,Kharif,Maize,8110,15990,1.971639951
Nagaland,PHEK,2014,Kharif,Mesta,220,250,1.136363636
Nagaland,PHEK,2014,Kharif,Moong(Green Gram),20,20,1
Nagaland,PHEK,2014,Kharif,Oilseeds total,2810,3150,1.120996441
Nagaland,PHEK,2014,Kharif,Other Kharif pulses,920,1060,1.152173913
Nagaland,PHEK,2014,Kharif,Rice,15190,39730,2.615536537
Nagaland,PHEK,2014,Kharif,Sesamum,300,190,0.633333333
Nagaland,PHEK,2014,Kharif,Small millets,2090,2350,1.124401914
Nagaland,PHEK,2014,Kharif,Soyabean,2090,2680,1.282296651
Nagaland,PHEK,2014,Kharif,Sugarcane,250,10890,43.56
Nagaland,PHEK,2014,Kharif,Sweet potato,170,1450,8.529411765
Nagaland,PHEK,2014,Kharif,Tapioca,160,3240,20.25
Nagaland,PHEK,2014,Rabi,Lentil,170,140,0.823529412
Nagaland,PHEK,2014,Rabi,Linseed,660,530,0.803030303
Nagaland,PHEK,2014,Rabi,Maize,710,1410,1.985915493
Nagaland,PHEK,2014,Rabi,Oilseeds total,3840,3630,0.9453125
Nagaland,PHEK,2014,Rabi,Other  Rabi pulses,320,390,1.21875
Nagaland,PHEK,2014,Rabi,Peas & beans (Pulses),690,760,1.101449275
Nagaland,PHEK,2014,Rabi,Potato,1350,13870,10.27407407
Nagaland,PHEK,2014,Rabi,Rapeseed &Mustard,2890,2920,1.010380623
Nagaland,PHEK,2014,Rabi,Sunflower,290,180,0.620689655
Nagaland,PHEK,2014,Rabi,Wheat,310,570,1.838709677
Nagaland,TUENSANG,1997,Kharif,Bajra,100,70,0.7
Nagaland,TUENSANG,1997,Kharif,Jowar,250,170,0.68
Nagaland,TUENSANG,1997,Kharif,Maize,4150,4150,1
Nagaland,TUENSANG,1997,Kharif,Rice,15680,20000,1.275510204
Nagaland,TUENSANG,1998,Kharif,Maize,4000,5000,1.25
Nagaland,TUENSANG,1998,Kharif,Rice,16000,23000,1.4375
Nagaland,TUENSANG,1999,Kharif,Arhar/Tur,350,250,0.714285714
Nagaland,TUENSANG,1999,Kharif,Bajra,190,160,0.842105263
Nagaland,TUENSANG,1999,Kharif,Castor seed,180,130,0.722222222
Nagaland,TUENSANG,1999,Kharif,Cotton(lint),20,30,1.5
Nagaland,TUENSANG,1999,Kharif,Groundnut,350,420,1.2
Nagaland,TUENSANG,1999,Kharif,Jowar,270,230,0.851851852
Nagaland,TUENSANG,1999,Kharif,Maize,4230,6550,1.548463357
Nagaland,TUENSANG,1999,Kharif,Moong(Green Gram),300,220,0.733333333
Nagaland,TUENSANG,1999,Kharif,Peas & beans (Pulses),20,130,6.5
Nagaland,TUENSANG,1999,Kharif,Rice,18850,27470,1.45729443
Nagaland,TUENSANG,1999,Kharif,Sesamum,530,320,0.603773585
Nagaland,TUENSANG,1999,Kharif,Soyabean,1700,1900,1.117647059
Nagaland,TUENSANG,1999,Kharif,Sunflower,130,170,1.307692308
Nagaland,TUENSANG,1999,Rabi,Gram,100,120,1.2
Nagaland,TUENSANG,1999,Rabi,Linseed,300,230,0.766666667
Nagaland,TUENSANG,1999,Rabi,Rapeseed &Mustard,120,120,1
Nagaland,TUENSANG,1999,Rabi,Sunflower,200,260,1.3
Nagaland,TUENSANG,1999,Whole Year,Potato,450,4800,10.66666667
Nagaland,TUENSANG,1999,Whole Year,Tea,5,6,1.2
Nagaland,TUENSANG,2000,Kharif,Arhar/Tur,400,460,1.15
Nagaland,TUENSANG,2000,Kharif,Bajra,170,140,0.823529412
Nagaland,TUENSANG,2000,Kharif,Castor seed,190,150,0.789473684
Nagaland,TUENSANG,2000,Kharif,Cotton(lint),20,30,1.5
Nagaland,TUENSANG,2000,Kharif,Groundnut,410,490,1.195121951
Nagaland,TUENSANG,2000,Kharif,Jowar,200,170,0.85
Nagaland,TUENSANG,2000,Kharif,Maize,4850,6460,1.331958763
Nagaland,TUENSANG,2000,Kharif,Moong(Green Gram),240,200,0.833333333
Nagaland,TUENSANG,2000,Kharif,Other Kharif pulses,560,500,0.892857143
Nagaland,TUENSANG,2000,Kharif,Peas & beans (Pulses),200,130,0.65
Nagaland,TUENSANG,2000,Kharif,Rice,17250,22650,1.313043478
Nagaland,TUENSANG,2000,Kharif,Sesamum,290,220,0.75862069
Nagaland,TUENSANG,2000,Kharif,Small millets,1730,1120,0.647398844
Nagaland,TUENSANG,2000,Kharif,Soyabean,1970,2100,1.065989848
Nagaland,TUENSANG,2000,Kharif,Sunflower,520,390,0.75
Nagaland,TUENSANG,2000,Rabi,Barley,100,150,1.5
Nagaland,TUENSANG,2000,Rabi,Gram,100,70,0.7
Nagaland,TUENSANG,2000,Rabi,Linseed,380,170,0.447368421
Nagaland,TUENSANG,2000,Rabi,Other  Rabi pulses,710,620,0.873239437
Nagaland,TUENSANG,2000,Rabi,Peas & beans (Pulses),600,590,0.983333333
Nagaland,TUENSANG,2000,Rabi,Rapeseed &Mustard,1320,1050,0.795454545
Nagaland,TUENSANG,2000,Rabi,Sunflower,100,110,1.1
Nagaland,TUENSANG,2000,Rabi,Wheat,420,800,1.904761905
Nagaland,TUENSANG,2000,Whole Year,Potato,460,4880,10.60869565
Nagaland,TUENSANG,2000,Whole Year,Tea,90,200,2.222222222
Nagaland,TUENSANG,2001,Kharif,Arhar/Tur,700,450,0.642857143
Nagaland,TUENSANG,2001,Kharif,Bajra,180,110,0.611111111
Nagaland,TUENSANG,2001,Kharif,Cotton(lint),50,50,1
Nagaland,TUENSANG,2001,Kharif,Jowar,220,160,0.727272727
Nagaland,TUENSANG,2001,Kharif,Maize,5850,11250,1.923076923
Nagaland,TUENSANG,2001,Kharif,Moong(Green Gram),280,210,0.75
Nagaland,TUENSANG,2001,Kharif,Niger seed,11000,4000,0.363636364
Nagaland,TUENSANG,2001,Kharif,Peas & beans (Pulses),240,200,0.833333333
Nagaland,TUENSANG,2001,Kharif,Rice,17610,22760,1.292447473
Nagaland,TUENSANG,2001,Kharif,Small millets,1720,960,0.558139535
Nagaland,TUENSANG,2001,Kharif,Soyabean,1960,2400,1.224489796
Nagaland,TUENSANG,2001,Kharif,Sunflower,100,110,1.1
Nagaland,TUENSANG,2001,Rabi,Barley,510,950,1.862745098
Nagaland,TUENSANG,2001,Rabi,Gram,110,110,1
Nagaland,TUENSANG,2001,Rabi,Groundnut,100,110,1.1
Nagaland,TUENSANG,2001,Rabi,Linseed,590,320,0.542372881
Nagaland,TUENSANG,2001,Rabi,Peas & beans (Pulses),860,860,1
Nagaland,TUENSANG,2001,Rabi,Rapeseed &Mustard,1500,1500,1
Nagaland,TUENSANG,2001,Rabi,Sesamum,500,540,1.08
Nagaland,TUENSANG,2001,Rabi,Sunflower,50,40,0.8
Nagaland,TUENSANG,2001,Rabi,Wheat,530,990,1.867924528
Nagaland,TUENSANG,2001,Whole Year,Potato,370,4420,11.94594595
Nagaland,TUENSANG,2001,Whole Year,Tea,90,200,2.222222222
Nagaland,TUENSANG,2002,Kharif,Bajra,250,370,1.48
Nagaland,TUENSANG,2002,Kharif,Cotton(lint),100,510,5.1
Nagaland,TUENSANG,2002,Kharif,Groundnut,120,250,2.083333333
Nagaland,TUENSANG,2002,Kharif,Jowar,270,550,2.037037037
Nagaland,TUENSANG,2002,Kharif,Maize,5360,10030,1.871268657
Nagaland,TUENSANG,2002,Kharif,Moong(Green Gram),160,210,1.3125
Nagaland,TUENSANG,2002,Kharif,Other Kharif pulses,170,50,0.294117647
Nagaland,TUENSANG,2002,Kharif,Peas & beans (Pulses),120,140,1.166666667
Nagaland,TUENSANG,2002,Kharif,Rice,16920,21300,1.258865248
Nagaland,TUENSANG,2002,Kharif,Sesamum,450,430,0.955555556
Nagaland,TUENSANG,2002,Kharif,Small millets,1620,3120,1.925925926
Nagaland,TUENSANG,2002,Kharif,Soyabean,2250,3700,1.644444444
Nagaland,TUENSANG,2002,Kharif,Sunflower,140,230,1.642857143
Nagaland,TUENSANG,2002,Rabi,Barley,600,1110,1.85
Nagaland,TUENSANG,2002,Rabi,Gram,120,80,0.666666667
Nagaland,TUENSANG,2002,Rabi,Linseed,510,600,1.176470588
Nagaland,TUENSANG,2002,Rabi,Other  Rabi pulses,1850,1620,0.875675676
Nagaland,TUENSANG,2002,Rabi,Peas & beans (Pulses),720,660,0.916666667
Nagaland,TUENSANG,2002,Rabi,Rapeseed &Mustard,1500,1650,1.1
Nagaland,TUENSANG,2002,Rabi,Sunflower,80,100,1.25
Nagaland,TUENSANG,2002,Rabi,Wheat,780,1650,2.115384615
Nagaland,TUENSANG,2002,Whole Year,Potato,570,6100,10.70175439
Nagaland,TUENSANG,2002,Whole Year,Tea,80,220,2.75
Nagaland,TUENSANG,2003,Kharif,Arhar/Tur,810,780,0.962962963
Nagaland,TUENSANG,2003,Kharif,Bajra,280,410,1.464285714
Nagaland,TUENSANG,2003,Kharif,Cotton(lint),170,10,0.058823529
Nagaland,TUENSANG,2003,Kharif,Groundnut,230,300,1.304347826
Nagaland,TUENSANG,2003,Kharif,Jowar,560,920,1.642857143
Nagaland,TUENSANG,2003,Kharif,Maize,9710,18590,1.914521112
Nagaland,TUENSANG,2003,Kharif,Moong(Green Gram),280,360,1.285714286
Nagaland,TUENSANG,2003,Kharif,Other Kharif pulses,2860,3410,1.192307692
Nagaland,TUENSANG,2003,Kharif,Peas & beans (Pulses),150,260,1.733333333
Nagaland,TUENSANG,2003,Kharif,Rice,24040,33270,1.383943428
Nagaland,TUENSANG,2003,Kharif,Sesamum,780,760,0.974358974
Nagaland,TUENSANG,2003,Kharif,Small millets,1480,1470,0.993243243
Nagaland,TUENSANG,2003,Kharif,Soyabean,4480,6770,1.511160714
Nagaland,TUENSANG,2003,Kharif,Sunflower,380,600,1.578947368
Nagaland,TUENSANG,2003,Rabi,Barley,690,720,1.043478261
Nagaland,TUENSANG,2003,Rabi,Gram,160,230,1.4375
Nagaland,TUENSANG,2003,Rabi,Linseed,170,110,0.647058824
Nagaland,TUENSANG,2003,Rabi,Masoor,420,170,0.404761905
Nagaland,TUENSANG,2003,Rabi,Other  Rabi pulses,300,220,0.733333333
Nagaland,TUENSANG,2003,Rabi,Peas & beans (Pulses),910,450,0.494505495
Nagaland,TUENSANG,2003,Rabi,Rapeseed &Mustard,1160,940,0.810344828
Nagaland,TUENSANG,2003,Rabi,Sunflower,90,70,0.777777778
Nagaland,TUENSANG,2003,Rabi,Wheat,1550,3280,2.116129032
Nagaland,TUENSANG,2003,Whole Year,Potato,560,4000,7.142857143
Nagaland,TUENSANG,2003,Whole Year,Tea,80,200,2.5
Nagaland,TUENSANG,2004,Kharif,Arhar/Tur,180,160,0.888888889
Nagaland,TUENSANG,2004,Kharif,Bajra,300,400,1.333333333
Nagaland,TUENSANG,2004,Kharif,Cotton(lint),130,10,0.076923077
Nagaland,TUENSANG,2004,Kharif,Groundnut,680,860,1.264705882
Nagaland,TUENSANG,2004,Kharif,Jowar,280,470,1.678571429
Nagaland,TUENSANG,2004,Kharif,Maize,7320,13320,1.819672131
Nagaland,TUENSANG,2004,Kharif,Moong(Green Gram),120,80,0.666666667
Nagaland,TUENSANG,2004,Kharif,Other Kharif pulses,2880,1660,0.576388889
Nagaland,TUENSANG,2004,Kharif,Peas & beans (Pulses),130,100,0.769230769
Nagaland,TUENSANG,2004,Kharif,Rice,25000,39640,1.5856
Nagaland,TUENSANG,2004,Kharif,Sesamum,50,10,0.2
Nagaland,TUENSANG,2004,Kharif,Small millets,980,960,0.979591837
Nagaland,TUENSANG,2004,Kharif,Soyabean,4980,7540,1.514056225
Nagaland,TUENSANG,2004,Rabi,Barley,320,600,1.875
Nagaland,TUENSANG,2004,Rabi,Gram,30,20,0.666666667
Nagaland,TUENSANG,2004,Rabi,Linseed,700,300,0.428571429
Nagaland,TUENSANG,2004,Rabi,Masoor,210,100,0.476190476
Nagaland,TUENSANG,2004,Rabi,Other  Rabi pulses,470,410,0.872340426
Nagaland,TUENSANG,2004,Rabi,Peas & beans (Pulses),730,410,0.561643836
Nagaland,TUENSANG,2004,Rabi,Rapeseed &Mustard,1860,1360,0.731182796
Nagaland,TUENSANG,2004,Rabi,Wheat,260,300,1.153846154
Nagaland,TUENSANG,2004,Whole Year,Potato,920,5210,5.663043478
Nagaland,TUENSANG,2005,Kharif,Arhar/Tur,380,340,0.894736842
Nagaland,TUENSANG,2005,Kharif,Bajra,320,310,0.96875
Nagaland,TUENSANG,2005,Kharif,Groundnut,30,30,1
Nagaland,TUENSANG,2005,Kharif,Jowar,50,50,1
Nagaland,TUENSANG,2005,Kharif,Maize,7770,14500,1.866151866
Nagaland,TUENSANG,2005,Kharif,Moong(Green Gram),60,40,0.666666667
Nagaland,TUENSANG,2005,Kharif,Other Kharif pulses,2520,1490,0.591269841
Nagaland,TUENSANG,2005,Kharif,Peas & beans (Pulses),140,120,0.857142857
Nagaland,TUENSANG,2005,Kharif,Rice,25300,39850,1.575098814
Nagaland,TUENSANG,2005,Kharif,Sesamum,600,400,0.666666667
Nagaland,TUENSANG,2005,Kharif,Small millets,1900,1930,1.015789474
Nagaland,TUENSANG,2005,Kharif,Soyabean,4580,4500,0.982532751
Nagaland,TUENSANG,2005,Rabi,Gram,70,80,1.142857143
Nagaland,TUENSANG,2005,Rabi,Linseed,830,280,0.337349398
Nagaland,TUENSANG,2005,Rabi,Masoor,240,620,2.583333333
Nagaland,TUENSANG,2005,Rabi,Other  Rabi pulses,640,1410,2.203125
Nagaland,TUENSANG,2005,Rabi,Peas & beans (Pulses),740,1070,1.445945946
Nagaland,TUENSANG,2005,Rabi,Rapeseed &Mustard,1880,1090,0.579787234
Nagaland,TUENSANG,2005,Rabi,Wheat,120,200,1.666666667
Nagaland,TUENSANG,2006,Kharif,Arhar/Tur,420,510,1.214285714
Nagaland,TUENSANG,2006,Kharif,Dry ginger,190,1670,8.789473684
Nagaland,TUENSANG,2006,Kharif,Groundnut,70,80,1.142857143
Nagaland,TUENSANG,2006,Kharif,Jowar,110,80,0.727272727
Nagaland,TUENSANG,2006,Kharif,Maize,9370,15690,1.674493063
Nagaland,TUENSANG,2006,Kharif,Moong(Green Gram),70,80,1.142857143
Nagaland,TUENSANG,2006,Kharif,Peas & beans (Pulses),190,230,1.210526316
Nagaland,TUENSANG,2006,Kharif,Potato,380,3450,9.078947368
Nagaland,TUENSANG,2006,Kharif,Rice,26150,41630,1.591969407
Nagaland,TUENSANG,2006,Kharif,Sesamum,570,380,0.666666667
Nagaland,TUENSANG,2006,Kharif,Small millets,2860,2080,0.727272727
Nagaland,TUENSANG,2006,Kharif,Soyabean,4470,5360,1.199105145
Nagaland,TUENSANG,2006,Rabi,Gram,60,70,1.166666667
Nagaland,TUENSANG,2006,Rabi,Linseed,950,580,0.610526316
Nagaland,TUENSANG,2006,Rabi,Masoor,290,350,1.206896552
Nagaland,TUENSANG,2006,Rabi,Other  Rabi pulses,830,1030,1.240963855
Nagaland,TUENSANG,2006,Rabi,Peas & beans (Pulses),760,920,1.210526316
Nagaland,TUENSANG,2006,Rabi,Rapeseed &Mustard,2010,1430,0.711442786
Nagaland,TUENSANG,2006,Rabi,Urad,60,70,1.166666667
Nagaland,TUENSANG,2006,Rabi,Wheat,150,130,0.866666667
Nagaland,TUENSANG,2007,Kharif,Arhar/Tur,210,250,1.19047619
Nagaland,TUENSANG,2007,Kharif,Dry chillies,50,70,1.4
Nagaland,TUENSANG,2007,Kharif,Dry ginger,410,2500,6.097560976
Nagaland,TUENSANG,2007,Kharif,Groundnut,120,130,1.083333333
Nagaland,TUENSANG,2007,Kharif,Jowar,110,140,1.272727273
Nagaland,TUENSANG,2007,Kharif,Maize,8880,16770,1.888513514
Nagaland,TUENSANG,2007,Kharif,Moong(Green Gram),20,20,1
Nagaland,TUENSANG,2007,Kharif,Other Kharif pulses,120,140,1.166666667
Nagaland,TUENSANG,2007,Kharif,Potato,260,3960,15.23076923
Nagaland,TUENSANG,2007,Kharif,Rice,25400,44900,1.767716535
Nagaland,TUENSANG,2007,Kharif,Sesamum,750,430,0.573333333
Nagaland,TUENSANG,2007,Kharif,Small millets,1940,1980,1.020618557
Nagaland,TUENSANG,2007,Kharif,Soyabean,4920,5630,1.144308943
Nagaland,TUENSANG,2007,Kharif,Tapioca,60,1380,23
Nagaland,TUENSANG,2007,Kharif,Tea,90,260,2.888888889
Nagaland,TUENSANG,2007,Rabi,Linseed,1110,770,0.693693694
Nagaland,TUENSANG,2007,Rabi,Peas & beans (Pulses),570,660,1.157894737
Nagaland,TUENSANG,2007,Rabi,Rapeseed &Mustard,3210,2290,0.713395639
Nagaland,TUENSANG,2007,Rabi,Wheat,140,200,1.428571429
Nagaland,TUENSANG,2008,Kharif,Arhar/Tur,350,340,0.971428571
Nagaland,TUENSANG,2008,Kharif,Cardamom,60,10,0.166666667
Nagaland,TUENSANG,2008,Kharif,Dry chillies,170,230,1.352941176
Nagaland,TUENSANG,2008,Kharif,Dry ginger,620,5860,9.451612903
Nagaland,TUENSANG,2008,Kharif,Groundnut,50,40,0.8
Nagaland,TUENSANG,2008,Kharif,Maize,10010,18210,1.819180819
Nagaland,TUENSANG,2008,Kharif,Other Kharif pulses,100,80,0.8
Nagaland,TUENSANG,2008,Kharif,Peas & beans (Pulses),210,280,1.333333333
Nagaland,TUENSANG,2008,Kharif,Potato,160,1960,12.25
Nagaland,TUENSANG,2008,Kharif,Rice,15900,28830,1.813207547
Nagaland,TUENSANG,2008,Kharif,Sesamum,390,240,0.615384615
Nagaland,TUENSANG,2008,Kharif,Small millets,1080,980,0.907407407
Nagaland,TUENSANG,2008,Kharif,Soyabean,2100,2980,1.419047619
Nagaland,TUENSANG,2008,Kharif,Sugarcane,350,15010,42.88571429
Nagaland,TUENSANG,2008,Kharif,Sunflower,30,20,0.666666667
Nagaland,TUENSANG,2008,Kharif,Tapioca,120,2750,22.91666667
Nagaland,TUENSANG,2008,Kharif,Turmeric,10,40,4
Nagaland,TUENSANG,2008,Rabi,Gram,40,30,0.75
Nagaland,TUENSANG,2008,Rabi,Linseed,300,220,0.733333333
Nagaland,TUENSANG,2008,Rabi,Masoor,140,100,0.714285714
Nagaland,TUENSANG,2008,Rabi,Other  Rabi pulses,110,70,0.636363636
Nagaland,TUENSANG,2008,Rabi,Peas & beans (Pulses),520,650,1.25
Nagaland,TUENSANG,2008,Rabi,Rapeseed &Mustard,2110,2100,0.995260664
Nagaland,TUENSANG,2008,Rabi,Wheat,150,220,1.466666667
Nagaland,TUENSANG,2009,Kharif,Arhar/Tur,330,230,0.696969697
Nagaland,TUENSANG,2009,Kharif,Bajra,130,90,0.692307692
Nagaland,TUENSANG,2009,Kharif,Castor seed,50,20,0.4
Nagaland,TUENSANG,2009,Kharif,Groundnut,90,70,0.777777778
Nagaland,TUENSANG,2009,Kharif,Maize,9980,10420,1.044088176
Nagaland,TUENSANG,2009,Kharif,Mesta,180,180,1
Nagaland,TUENSANG,2009,Kharif,Moong(Green Gram),40,40,1
Nagaland,TUENSANG,2009,Kharif,Peas & beans (Pulses),200,220,1.1
Nagaland,TUENSANG,2009,Kharif,Potato,150,1410,9.4
Nagaland,TUENSANG,2009,Kharif,Ragi,80,60,0.75
Nagaland,TUENSANG,2009,Kharif,Rice,15580,20170,1.294608472
Nagaland,TUENSANG,2009,Kharif,Sesamum,260,130,0.5
Nagaland,TUENSANG,2009,Kharif,Small millets,850,290,0.341176471
Nagaland,TUENSANG,2009,Kharif,Soyabean,2080,2160,1.038461538
Nagaland,TUENSANG,2009,Kharif,Sugarcane,390,11710,30.02564103
Nagaland,TUENSANG,2009,Kharif,Sunflower,60,40,0.666666667
Nagaland,TUENSANG,2009,Kharif,Tapioca,270,3080,11.40740741
Nagaland,TUENSANG,2009,Rabi,Barley,30,40,1.333333333
Nagaland,TUENSANG,2009,Rabi,Gram,50,40,0.8
Nagaland,TUENSANG,2009,Rabi,Linseed,1000,680,0.68
Nagaland,TUENSANG,2009,Rabi,Masoor,210,150,0.714285714
Nagaland,TUENSANG,2009,Rabi,Peas & beans (Pulses),550,530,0.963636364
Nagaland,TUENSANG,2009,Rabi,Potato,700,8660,12.37142857
Nagaland,TUENSANG,2009,Rabi,Rapeseed &Mustard,5000,3930,0.786
Nagaland,TUENSANG,2009,Rabi,Urad,40,30,0.75
Nagaland,TUENSANG,2009,Rabi,Wheat,210,270,1.285714286
Nagaland,TUENSANG,2010,Kharif,Arhar/Tur,270,230,0.851851852
Nagaland,TUENSANG,2010,Kharif,Bajra,90,80,0.888888889
Nagaland,TUENSANG,2010,Kharif,Castor seed,20,10,0.5
Nagaland,TUENSANG,2010,Kharif,Groundnut,90,90,1
Nagaland,TUENSANG,2010,Kharif,Horse-gram,20,20,1
Nagaland,TUENSANG,2010,Kharif,Maize,10080,19850,1.969246032
Nagaland,TUENSANG,2010,Kharif,Mesta,140,270,1.928571429
Nagaland,TUENSANG,2010,Kharif,Peas & beans (Pulses),190,240,1.263157895
Nagaland,TUENSANG,2010,Kharif,Potato,130,1650,12.69230769
Nagaland,TUENSANG,2010,Kharif,Ragi,70,60,0.857142857
Nagaland,TUENSANG,2010,Kharif,Rice,15040,29650,1.971409574
Nagaland,TUENSANG,2010,Kharif,Sesamum,300,180,0.6
Nagaland,TUENSANG,2010,Kharif,Small millets,740,700,0.945945946
Nagaland,TUENSANG,2010,Kharif,Soyabean,2100,2610,1.242857143
Nagaland,TUENSANG,2010,Kharif,Sugarcane,350,15210,43.45714286
Nagaland,TUENSANG,2010,Kharif,Sunflower,50,50,1
Nagaland,TUENSANG,2010,Kharif,Tapioca,170,3990,23.47058824
Nagaland,TUENSANG,2010,Rabi,Barley,30,50,1.666666667
Nagaland,TUENSANG,2010,Rabi,Gram,70,60,0.857142857
Nagaland,TUENSANG,2010,Rabi,Linseed,360,290,0.805555556
Nagaland,TUENSANG,2010,Rabi,Masoor,220,170,0.772727273
Nagaland,TUENSANG,2010,Rabi,Potato,770,9560,12.41558442
Nagaland,TUENSANG,2010,Rabi,Rapeseed &Mustard,2140,2120,0.990654206
Nagaland,TUENSANG,2010,Rabi,Urad,70,50,0.714285714
Nagaland,TUENSANG,2010,Rabi,Wheat,330,560,1.696969697
Nagaland,TUENSANG,2011,Kharif,Arhar/Tur,270,230,0.851851852
Nagaland,TUENSANG,2011,Kharif,Bajra,90,80,0.888888889
Nagaland,TUENSANG,2011,Kharif,Castor seed,20,10,0.5
Nagaland,TUENSANG,2011,Kharif,Ginger,250,2280,9.12
Nagaland,TUENSANG,2011,Kharif,Groundnut,90,90,1
Nagaland,TUENSANG,2011,Kharif,Horse-gram,20,20,1
Nagaland,TUENSANG,2011,Kharif,Maize,10100,19870,1.967326733
Nagaland,TUENSANG,2011,Kharif,Mesta,140,270,1.928571429
Nagaland,TUENSANG,2011,Kharif,Peas & beans (Pulses),200,250,1.25
Nagaland,TUENSANG,2011,Kharif,Ragi,80,70,0.875
Nagaland,TUENSANG,2011,Kharif,Rice,14070,27390,1.946695096
Nagaland,TUENSANG,2011,Kharif,Sesamum,300,180,0.6
Nagaland,TUENSANG,2011,Kharif,Small millets,740,700,0.945945946
Nagaland,TUENSANG,2011,Kharif,Soyabean,2110,2620,1.241706161
Nagaland,TUENSANG,2011,Kharif,Sugarcane,350,15210,43.45714286
Nagaland,TUENSANG,2011,Kharif,Sunflower,60,60,1
Nagaland,TUENSANG,2011,Kharif,Sweet potato,120,1010,8.416666667
Nagaland,TUENSANG,2011,Kharif,Tapioca,170,3990,23.47058824
Nagaland,TUENSANG,2011,Rabi,Barley,30,50,1.666666667
Nagaland,TUENSANG,2011,Rabi,Blackgram,70,50,0.714285714
Nagaland,TUENSANG,2011,Rabi,Gram,70,60,0.857142857
Nagaland,TUENSANG,2011,Rabi,Linseed,360,290,0.805555556
Nagaland,TUENSANG,2011,Rabi,Masoor,220,170,0.772727273
Nagaland,TUENSANG,2011,Rabi,Peas & beans (Pulses),570,500,0.877192982
Nagaland,TUENSANG,2011,Rabi,Potato,910,8210,9.021978022
Nagaland,TUENSANG,2011,Rabi,Rapeseed &Mustard,2140,2140,1
Nagaland,TUENSANG,2011,Rabi,Wheat,330,560,1.696969697
Nagaland,TUENSANG,2012,Kharif,Arhar/Tur,310,280,0.903225806
Nagaland,TUENSANG,2012,Kharif,Bajra,100,110,1.1
Nagaland,TUENSANG,2012,Kharif,Castor seed,20,10,0.5
Nagaland,TUENSANG,2012,Kharif,Ginger,290,2640,9.103448276
Nagaland,TUENSANG,2012,Kharif,Groundnut,90,90,1
Nagaland,TUENSANG,2012,Kharif,Horse-gram,30,30,1
Nagaland,TUENSANG,2012,Kharif,Maize,10110,19910,1.96933729
Nagaland,TUENSANG,2012,Kharif,Mesta,160,180,1.125
Nagaland,TUENSANG,2012,Kharif,Peas & beans (Pulses),210,270,1.285714286
Nagaland,TUENSANG,2012,Kharif,Ragi,80,70,0.875
Nagaland,TUENSANG,2012,Kharif,Rice,14140,29380,2.077793494
Nagaland,TUENSANG,2012,Kharif,Sesamum,330,200,0.606060606
Nagaland,TUENSANG,2012,Kharif,Small millets,750,840,1.12
Nagaland,TUENSANG,2012,Kharif,Soyabean,2120,2630,1.240566038
Nagaland,TUENSANG,2012,Kharif,Sugarcane,350,15230,43.51428571
Nagaland,TUENSANG,2012,Kharif,Sunflower,70,70,1
Nagaland,TUENSANG,2012,Kharif,Sweet potato,140,1190,8.5
Nagaland,TUENSANG,2012,Kharif,Tapioca,180,3650,20.27777778
Nagaland,TUENSANG,2012,Kharif,Urad,10,10,1
Nagaland,TUENSANG,2012,Rabi,Barley,30,30,1
Nagaland,TUENSANG,2012,Rabi,Blackgram,70,50,0.714285714
Nagaland,TUENSANG,2012,Rabi,Gram,70,60,0.857142857
Nagaland,TUENSANG,2012,Rabi,Linseed,360,290,0.805555556
Nagaland,TUENSANG,2012,Rabi,Masoor,210,170,0.80952381
Nagaland,TUENSANG,2012,Rabi,Peas & beans (Pulses),830,870,1.048192771
Nagaland,TUENSANG,2012,Rabi,Potato,940,9200,9.787234043
Nagaland,TUENSANG,2012,Rabi,Rapeseed &Mustard,2140,2160,1.009345794
Nagaland,TUENSANG,2012,Rabi,Wheat,340,610,1.794117647
Nagaland,TUENSANG,2013,Kharif,Arhar/Tur,310,280,0.903225806
Nagaland,TUENSANG,2013,Kharif,Bajra,100,110,1.1
Nagaland,TUENSANG,2013,Kharif,Bean,210,280,1.333333333
Nagaland,TUENSANG,2013,Kharif,Castor seed,20,10,0.5
Nagaland,TUENSANG,2013,Kharif,Colocosia,480,4570,9.520833333
Nagaland,TUENSANG,2013,Kharif,Ginger,310,2830,9.129032258
Nagaland,TUENSANG,2013,Kharif,Groundnut,90,90,1
Nagaland,TUENSANG,2013,Kharif,Jobster,150,140,0.933333333
Nagaland,TUENSANG,2013,Kharif,Maize,10120,19920,1.968379447
Nagaland,TUENSANG,2013,Kharif,Mesta,160,180,1.125
Nagaland,TUENSANG,2013,Kharif,Moong(Green Gram),10,10,1
Nagaland,TUENSANG,2013,Kharif,Perilla,250,150,0.6
Nagaland,TUENSANG,2013,Kharif,Ragi,80,70,0.875
Nagaland,TUENSANG,2013,Kharif,Rajmash Kholar,2400,3030,1.2625
Nagaland,TUENSANG,2013,Kharif,Rice,14530,30840,2.122505162
Nagaland,TUENSANG,2013,Kharif,Ricebean (nagadal),450,510,1.133333333
Nagaland,TUENSANG,2013,Kharif,Sesamum,330,200,0.606060606
Nagaland,TUENSANG,2013,Kharif,Small millets,770,870,1.12987013
Nagaland,TUENSANG,2013,Kharif,Soyabean,2120,2630,1.240566038
Nagaland,TUENSANG,2013,Kharif,Sunflower,60,50,0.833333333
Nagaland,TUENSANG,2013,Kharif,Sweet potato,160,1370,8.5625
Nagaland,TUENSANG,2013,Kharif,Tapioca,210,4250,20.23809524
Nagaland,TUENSANG,2013,Rabi,Barley,30,30,1
Nagaland,TUENSANG,2013,Rabi,Blackgram,70,60,0.857142857
Nagaland,TUENSANG,2013,Rabi,Gram,70,60,0.857142857
Nagaland,TUENSANG,2013,Rabi,Lentil,210,170,0.80952381
Nagaland,TUENSANG,2013,Rabi,Peas & beans (Pulses),830,890,1.072289157
Nagaland,TUENSANG,2013,Rabi,Potato,950,9510,10.01052632
Nagaland,TUENSANG,2013,Rabi,Rajmash Kholar,3260,4100,1.257668712
Nagaland,TUENSANG,2013,Rabi,Rapeseed &Mustard,2140,2160,1.009345794
Nagaland,TUENSANG,2013,Rabi,Wheat,310,560,1.806451613
Nagaland,TUENSANG,2014,Kharif,Arhar/Tur,310,280,0.903225806
Nagaland,TUENSANG,2014,Kharif,Bajra,100,110,1.1
Nagaland,TUENSANG,2014,Kharif,Barley,30,30,1
Nagaland,TUENSANG,2014,Kharif,Bean,210,290,1.380952381
Nagaland,TUENSANG,2014,Kharif,Blackgram,70,60,0.857142857
Nagaland,TUENSANG,2014,Kharif,Castor seed,20,10,0.5
Nagaland,TUENSANG,2014,Kharif,Ginger,320,2920,9.125
Nagaland,TUENSANG,2014,Kharif,Groundnut,90,90,1
Nagaland,TUENSANG,2014,Kharif,Horse-gram,30,30,1
Nagaland,TUENSANG,2014,Kharif,Maize,10130,20070,1.98124383
Nagaland,TUENSANG,2014,Kharif,Mesta,160,180,1.125
Nagaland,TUENSANG,2014,Kharif,Moong(Green Gram),10,10,1
Nagaland,TUENSANG,2014,Kharif,Oilseeds total,2880,3140,1.090277778
Nagaland,TUENSANG,2014,Kharif,Other Kharif pulses,2860,3620,1.265734266
Nagaland,TUENSANG,2014,Kharif,Ragi,80,70,0.875
Nagaland,TUENSANG,2014,Kharif,Rice,15810,34630,2.190385832
Nagaland,TUENSANG,2014,Kharif,Sesamum,330,200,0.606060606
Nagaland,TUENSANG,2014,Kharif,Small millets,770,860,1.116883117
Nagaland,TUENSANG,2014,Kharif,Soyabean,2120,2630,1.240566038
Nagaland,TUENSANG,2014,Kharif,Sugarcane,370,16120,43.56756757
Nagaland,TUENSANG,2014,Kharif,Sunflower,70,60,0.857142857
Nagaland,TUENSANG,2014,Kharif,Sweet potato,170,1450,8.529411765
Nagaland,TUENSANG,2014,Kharif,Tapioca,210,4250,20.23809524
Nagaland,TUENSANG,2014,Rabi,Lentil,210,170,0.80952381
Nagaland,TUENSANG,2014,Rabi,Linseed,360,290,0.805555556
Nagaland,TUENSANG,2014,Rabi,Oilseeds total,2500,2450,0.98
Nagaland,TUENSANG,2014,Rabi,Other  Rabi pulses,3270,4150,1.26911315
Nagaland,TUENSANG,2014,Rabi,Peas & beans (Pulses),830,910,1.096385542
Nagaland,TUENSANG,2014,Rabi,Potato,950,9520,10.02105263
Nagaland,TUENSANG,2014,Rabi,Rapeseed &Mustard,2140,2160,1.009345794
Nagaland,TUENSANG,2014,Rabi,Wheat,320,580,1.8125
Nagaland,WOKHA,1997,Kharif,Bajra,250,170,0.68
Nagaland,WOKHA,1997,Kharif,Jowar,100,70,0.7
Nagaland,WOKHA,1997,Kharif,Maize,4300,4300,1
Nagaland,WOKHA,1997,Kharif,Rice,23670,30460,1.286861005
Nagaland,WOKHA,1997,Rabi,Rice,50,70,1.4
Nagaland,WOKHA,1998,Kharif,Jute,12000,16000,1.333333333
Nagaland,WOKHA,1998,Kharif,Maize,4000,5000,1.25
Nagaland,WOKHA,1998,Kharif,Rice,23000,34000,1.47826087
Nagaland,WOKHA,1999,Kharif,Arhar/Tur,70,50,0.714285714
Nagaland,WOKHA,1999,Kharif,Bajra,270,230,0.851851852
Nagaland,WOKHA,1999,Kharif,Castor seed,220,160,0.727272727
Nagaland,WOKHA,1999,Kharif,Cotton(lint),40,60,1.5
Nagaland,WOKHA,1999,Kharif,Groundnut,500,60,0.12
Nagaland,WOKHA,1999,Kharif,Jowar,210,180,0.857142857
Nagaland,WOKHA,1999,Kharif,Jute,100,140,1.4
Nagaland,WOKHA,1999,Kharif,Maize,4370,650,0.148741419
Nagaland,WOKHA,1999,Kharif,Moong(Green Gram),380,280,0.736842105
Nagaland,WOKHA,1999,Kharif,Peas & beans (Pulses),30,20,0.666666667
Nagaland,WOKHA,1999,Kharif,Rice,23650,34950,1.477801268
Nagaland,WOKHA,1999,Kharif,Sesamum,480,290,0.604166667
Nagaland,WOKHA,1999,Kharif,Soyabean,1900,2130,1.121052632
Nagaland,WOKHA,1999,Kharif,Sunflower,160,20,0.125
Nagaland,WOKHA,1999,Rabi,Gram,170,20,0.117647059
Nagaland,WOKHA,1999,Rabi,Linseed,1700,1280,0.752941176
Nagaland,WOKHA,1999,Rabi,Rapeseed &Mustard,310,320,1.032258065
Nagaland,WOKHA,1999,Rabi,Sunflower,500,700,1.4
Nagaland,WOKHA,1999,Whole Year,Potato,690,7080,10.26086957
Nagaland,WOKHA,1999,Whole Year,Sugarcane,100,5000,50
Nagaland,WOKHA,1999,Whole Year,Tea,7,8,1.142857143
Nagaland,WOKHA,2000,Kharif,Arhar/Tur,530,700,1.320754717
Nagaland,WOKHA,2000,Kharif,Bajra,280,250,0.892857143
Nagaland,WOKHA,2000,Kharif,Castor seed,230,150,0.652173913
Nagaland,WOKHA,2000,Kharif,Cotton(lint),20,20,1
Nagaland,WOKHA,2000,Kharif,Groundnut,580,620,1.068965517
Nagaland,WOKHA,2000,Kharif,Jowar,230,200,0.869565217
Nagaland,WOKHA,2000,Kharif,Jute,80,100,1.25
Nagaland,WOKHA,2000,Kharif,Maize,3800,6700,1.763157895
Nagaland,WOKHA,2000,Kharif,Moong(Green Gram),220,250,1.136363636
Nagaland,WOKHA,2000,Kharif,Niger seed,150,80,0.533333333
Nagaland,WOKHA,2000,Kharif,Other Kharif pulses,620,510,0.822580645
Nagaland,WOKHA,2000,Kharif,Peas & beans (Pulses),300,200,0.666666667
Nagaland,WOKHA,2000,Kharif,Rice,19160,30520,1.592901879
Nagaland,WOKHA,2000,Kharif,Sesamum,510,360,0.705882353
Nagaland,WOKHA,2000,Kharif,Small millets,780,720,0.923076923
Nagaland,WOKHA,2000,Kharif,Soyabean,1780,2280,1.280898876
Nagaland,WOKHA,2000,Kharif,Sunflower,640,490,0.765625
Nagaland,WOKHA,2000,Rabi,Barley,150,220,1.466666667
Nagaland,WOKHA,2000,Rabi,Gram,160,110,0.6875
Nagaland,WOKHA,2000,Rabi,Linseed,1570,700,0.445859873
Nagaland,WOKHA,2000,Rabi,Other  Rabi pulses,1150,930,0.808695652
Nagaland,WOKHA,2000,Rabi,Peas & beans (Pulses),1000,1000,1
Nagaland,WOKHA,2000,Rabi,Rapeseed &Mustard,3240,2900,0.895061728
Nagaland,WOKHA,2000,Rabi,Sunflower,150,160,1.066666667
Nagaland,WOKHA,2000,Rabi,Wheat,770,1600,2.077922078
Nagaland,WOKHA,2000,Whole Year,Potato,720,7450,10.34722222
Nagaland,WOKHA,2000,Whole Year,Sugarcane,140,4360,31.14285714
Nagaland,WOKHA,2000,Whole Year,Tea,80,200,2.5
Nagaland,WOKHA,2001,Kharif,Arhar/Tur,830,740,0.891566265
Nagaland,WOKHA,2001,Kharif,Bajra,270,180,0.666666667
Nagaland,WOKHA,2001,Kharif,Cotton(lint),40,30,0.75
Nagaland,WOKHA,2001,Kharif,Groundnut,190,200,1.052631579
Nagaland,WOKHA,2001,Kharif,Jowar,230,200,0.869565217
Nagaland,WOKHA,2001,Kharif,Jute,70,70,1
Nagaland,WOKHA,2001,Kharif,Maize,4900,10350,2.112244898
Nagaland,WOKHA,2001,Kharif,Moong(Green Gram),270,260,0.962962963
Nagaland,WOKHA,2001,Kharif,Niger seed,18000,43000,2.388888889
Nagaland,WOKHA,2001,Kharif,Peas & beans (Pulses),350,270,0.771428571
Nagaland,WOKHA,2001,Kharif,Rice,20040,30630,1.528443114
Nagaland,WOKHA,2001,Kharif,Sesamum,710,540,0.76056338
Nagaland,WOKHA,2001,Kharif,Small millets,960,580,0.604166667
Nagaland,WOKHA,2001,Kharif,Soyabean,3950,5480,1.387341772
Nagaland,WOKHA,2001,Kharif,Sunflower,70,70,1
Nagaland,WOKHA,2001,Rabi,Barley,550,1050,1.909090909
Nagaland,WOKHA,2001,Rabi,Gram,170,160,0.941176471
Nagaland,WOKHA,2001,Rabi,Linseed,940,800,0.85106383
Nagaland,WOKHA,2001,Rabi,Peas & beans (Pulses),1210,1180,0.975206612
Nagaland,WOKHA,2001,Rabi,Rapeseed &Mustard,3380,3370,0.99704142
Nagaland,WOKHA,2001,Rabi,Rice,250,600,2.4
Nagaland,WOKHA,2001,Rabi,Sesamum,520,390,0.75
Nagaland,WOKHA,2001,Rabi,Sunflower,50,60,1.2
Nagaland,WOKHA,2001,Rabi,Wheat,850,1750,2.058823529
Nagaland,WOKHA,2001,Whole Year,Potato,450,5790,12.86666667
Nagaland,WOKHA,2001,Whole Year,Sugarcane,190,5500,28.94736842
Nagaland,WOKHA,2001,Whole Year,Tea,90,240,2.666666667
Nagaland,WOKHA,2002,Kharif,Bajra,280,460,1.642857143
Nagaland,WOKHA,2002,Kharif,Cotton(lint),90,530,5.888888889
Nagaland,WOKHA,2002,Kharif,Groundnut,270,320,1.185185185
Nagaland,WOKHA,2002,Kharif,Jowar,280,580,2.071428571
Nagaland,WOKHA,2002,Kharif,Jute,400,1250,3.125
Nagaland,WOKHA,2002,Kharif,Maize,4150,9150,2.204819277
Nagaland,WOKHA,2002,Kharif,Moong(Green Gram),190,250,1.315789474
Nagaland,WOKHA,2002,Kharif,Other Kharif pulses,200,90,0.45
Nagaland,WOKHA,2002,Kharif,Peas & beans (Pulses),240,250,1.041666667
Nagaland,WOKHA,2002,Kharif,Rice,19640,27280,1.389002037
Nagaland,WOKHA,2002,Kharif,Sesamum,730,600,0.821917808
Nagaland,WOKHA,2002,Kharif,Small millets,900,1670,1.855555556
Nagaland,WOKHA,2002,Kharif,Soyabean,3080,3960,1.285714286
Nagaland,WOKHA,2002,Kharif,Sunflower,180,290,1.611111111
Nagaland,WOKHA,2002,Rabi,Barley,630,1200,1.904761905
Nagaland,WOKHA,2002,Rabi,Gram,160,100,0.625
Nagaland,WOKHA,2002,Rabi,Linseed,1770,1840,1.039548023
Nagaland,WOKHA,2002,Rabi,Other  Rabi pulses,2340,1970,0.841880342
Nagaland,WOKHA,2002,Rabi,Peas & beans (Pulses),1100,860,0.781818182
Nagaland,WOKHA,2002,Rabi,Rapeseed &Mustard,3034,3061,1.008899143
Nagaland,WOKHA,2002,Rabi,Sunflower,170,170,1
Nagaland,WOKHA,2002,Rabi,Wheat,650,1070,1.646153846
Nagaland,WOKHA,2002,Whole Year,Potato,720,8710,12.09722222
Nagaland,WOKHA,2002,Whole Year,Sugarcane,240,10440,43.5
Nagaland,WOKHA,2002,Whole Year,Tea,100,240,2.4
Nagaland,WOKHA,2003,Kharif,Arhar/Tur,760,1130,1.486842105
Nagaland,WOKHA,2003,Kharif,Bajra,580,1150,1.982758621
Nagaland,WOKHA,2003,Kharif,Cotton(lint),220,20,0.090909091
Nagaland,WOKHA,2003,Kharif,Groundnut,230,370,1.608695652
Nagaland,WOKHA,2003,Kharif,Jowar,270,490,1.814814815
Nagaland,WOKHA,2003,Kharif,Jute,500,3810,7.62
Nagaland,WOKHA,2003,Kharif,Maize,4150,7050,1.698795181
Nagaland,WOKHA,2003,Kharif,Moong(Green Gram),200,280,1.4
Nagaland,WOKHA,2003,Kharif,Other Kharif pulses,710,870,1.225352113
Nagaland,WOKHA,2003,Kharif,Peas & beans (Pulses),340,380,1.117647059
Nagaland,WOKHA,2003,Kharif,Rice,19060,28060,1.472193075
Nagaland,WOKHA,2003,Kharif,Sesamum,340,360,1.058823529
Nagaland,WOKHA,2003,Kharif,Small millets,420,440,1.047619048
Nagaland,WOKHA,2003,Kharif,Soyabean,2070,2710,1.309178744
Nagaland,WOKHA,2003,Kharif,Sunflower,410,1050,2.56097561
Nagaland,WOKHA,2003,Rabi,Barley,850,1280,1.505882353
Nagaland,WOKHA,2003,Rabi,Gram,270,400,1.481481481
Nagaland,WOKHA,2003,Rabi,Linseed,1670,930,0.556886228
Nagaland,WOKHA,2003,Rabi,Masoor,480,200,0.416666667
Nagaland,WOKHA,2003,Rabi,Other  Rabi pulses,700,450,0.642857143
Nagaland,WOKHA,2003,Rabi,Peas & beans (Pulses),860,470,0.546511628
Nagaland,WOKHA,2003,Rabi,Rapeseed &Mustard,2920,2290,0.784246575
Nagaland,WOKHA,2003,Rabi,Rice,420,670,1.595238095
Nagaland,WOKHA,2003,Rabi,Sunflower,260,180,0.692307692
Nagaland,WOKHA,2003,Rabi,Wheat,1200,3260,2.716666667
Nagaland,WOKHA,2003,Whole Year,Potato,650,4910,7.553846154
Nagaland,WOKHA,2003,Whole Year,Sugarcane,380,18750,49.34210526
Nagaland,WOKHA,2003,Whole Year,Tea,100,250,2.5
Nagaland,WOKHA,2004,Kharif,Arhar/Tur,870,830,0.954022989
Nagaland,WOKHA,2004,Kharif,Bajra,230,370,1.608695652
Nagaland,WOKHA,2004,Kharif,Cotton(lint),270,30,0.111111111
Nagaland,WOKHA,2004,Kharif,Groundnut,670,850,1.268656716
Nagaland,WOKHA,2004,Kharif,Jowar,380,530,1.394736842
Nagaland,WOKHA,2004,Kharif,Jute,350,2500,7.142857143
Nagaland,WOKHA,2004,Kharif,Maize,4350,7830,1.8
Nagaland,WOKHA,2004,Kharif,Moong(Green Gram),140,120,0.857142857
Nagaland,WOKHA,2004,Kharif,Niger seed,210,230,1.095238095
Nagaland,WOKHA,2004,Kharif,Other Kharif pulses,680,580,0.852941176
Nagaland,WOKHA,2004,Kharif,Peas & beans (Pulses),340,280,0.823529412
Nagaland,WOKHA,2004,Kharif,Rice,15450,23280,1.506796117
Nagaland,WOKHA,2004,Kharif,Sesamum,70,30,0.428571429
Nagaland,WOKHA,2004,Kharif,Small millets,700,730,1.042857143
Nagaland,WOKHA,2004,Kharif,Soyabean,2460,3900,1.585365854
Nagaland,WOKHA,2004,Rabi,Barley,480,700,1.458333333
Nagaland,WOKHA,2004,Rabi,Gram,120,130,1.083333333
Nagaland,WOKHA,2004,Rabi,Linseed,1200,420,0.35
Nagaland,WOKHA,2004,Rabi,Masoor,270,110,0.407407407
Nagaland,WOKHA,2004,Rabi,Other  Rabi pulses,760,400,0.526315789
Nagaland,WOKHA,2004,Rabi,Peas & beans (Pulses),920,740,0.804347826
Nagaland,WOKHA,2004,Rabi,Rapeseed &Mustard,1900,1430,0.752631579
Nagaland,WOKHA,2004,Rabi,Rice,330,650,1.96969697
Nagaland,WOKHA,2004,Rabi,Sunflower,50,40,0.8
Nagaland,WOKHA,2004,Rabi,Wheat,1270,2060,1.622047244
Nagaland,WOKHA,2004,Whole Year,Potato,1510,10310,6.82781457
Nagaland,WOKHA,2004,Whole Year,Sugarcane,950,6410,6.747368421
Nagaland,WOKHA,2005,Kharif,Arhar/Tur,1040,970,0.932692308
Nagaland,WOKHA,2005,Kharif,Bajra,250,270,1.08
Nagaland,WOKHA,2005,Kharif,Groundnut,50,50,1
Nagaland,WOKHA,2005,Kharif,Jowar,70,80,1.142857143
Nagaland,WOKHA,2005,Kharif,Jute,370,2200,5.945945946
Nagaland,WOKHA,2005,Kharif,Maize,4860,8800,1.810699588
Nagaland,WOKHA,2005,Kharif,Moong(Green Gram),80,60,0.75
Nagaland,WOKHA,2005,Kharif,Niger seed,250,270,1.08
Nagaland,WOKHA,2005,Kharif,Other Kharif pulses,620,560,0.903225806
Nagaland,WOKHA,2005,Kharif,Peas & beans (Pulses),350,300,0.857142857
Nagaland,WOKHA,2005,Kharif,Rice,15770,23430,1.485732403
Nagaland,WOKHA,2005,Kharif,Sesamum,690,460,0.666666667
Nagaland,WOKHA,2005,Kharif,Small millets,2500,2570,1.028
Nagaland,WOKHA,2005,Kharif,Soyabean,1550,1830,1.180645161
Nagaland,WOKHA,2005,Rabi,Gram,40,40,1
Nagaland,WOKHA,2005,Rabi,Linseed,970,320,0.329896907
Nagaland,WOKHA,2005,Rabi,Masoor,300,650,2.166666667
Nagaland,WOKHA,2005,Rabi,Other  Rabi pulses,900,1100,1.222222222
Nagaland,WOKHA,2005,Rabi,Peas & beans (Pulses),930,1380,1.483870968
Nagaland,WOKHA,2005,Rabi,Rapeseed &Mustard,1920,1230,0.640625
Nagaland,WOKHA,2005,Rabi,Rice,250,550,2.2
Nagaland,WOKHA,2005,Rabi,Wheat,160,240,1.5
Nagaland,WOKHA,2005,Whole Year,Sugarcane,1090,25300,23.21100917
Nagaland,WOKHA,2006,Kharif,Arhar/Tur,1120,1360,1.214285714
Nagaland,WOKHA,2006,Kharif,Cardamom,150,250,1.666666667
Nagaland,WOKHA,2006,Kharif,Dry ginger,510,4650,9.117647059
Nagaland,WOKHA,2006,Kharif,Groundnut,110,100,0.909090909
Nagaland,WOKHA,2006,Kharif,Jowar,110,60,0.545454545
Nagaland,WOKHA,2006,Kharif,Jute,480,2260,4.708333333
Nagaland,WOKHA,2006,Kharif,Maize,6460,10760,1.665634675
Nagaland,WOKHA,2006,Kharif,Moong(Green Gram),130,140,1.076923077
Nagaland,WOKHA,2006,Kharif,Niger seed,230,140,0.608695652
Nagaland,WOKHA,2006,Kharif,Peas & beans (Pulses),410,470,1.146341463
Nagaland,WOKHA,2006,Kharif,Potato,350,3120,8.914285714
Nagaland,WOKHA,2006,Kharif,Rice,16810,25450,1.513979774
Nagaland,WOKHA,2006,Kharif,Sesamum,680,450,0.661764706
Nagaland,WOKHA,2006,Kharif,Small millets,3740,2500,0.668449198
Nagaland,WOKHA,2006,Kharif,Soyabean,1300,1560,1.2
Nagaland,WOKHA,2006,Rabi,Gram,40,50,1.25
Nagaland,WOKHA,2006,Rabi,Linseed,1040,640,0.615384615
Nagaland,WOKHA,2006,Rabi,Masoor,320,380,1.1875
Nagaland,WOKHA,2006,Rabi,Other  Rabi pulses,1010,1200,1.188118812
Nagaland,WOKHA,2006,Rabi,Peas & beans (Pulses),950,1130,1.189473684
Nagaland,WOKHA,2006,Rabi,Rapeseed &Mustard,2020,1400,0.693069307
Nagaland,WOKHA,2006,Rabi,Rice,280,450,1.607142857
Nagaland,WOKHA,2006,Rabi,Urad,50,60,1.2
Nagaland,WOKHA,2006,Rabi,Wheat,170,160,0.941176471
Nagaland,WOKHA,2006,Whole Year,Sugarcane,1130,47460,42
Nagaland,WOKHA,2007,Kharif,Arhar/Tur,200,250,1.25
Nagaland,WOKHA,2007,Kharif,Cardamom,20,10,0.5
Nagaland,WOKHA,2007,Kharif,Dry chillies,120,160,1.333333333
Nagaland,WOKHA,2007,Kharif,Dry ginger,640,5620,8.78125
Nagaland,WOKHA,2007,Kharif,Groundnut,200,220,1.1
Nagaland,WOKHA,2007,Kharif,Jowar,120,150,1.25
Nagaland,WOKHA,2007,Kharif,Jute,570,770,1.350877193
Nagaland,WOKHA,2007,Kharif,Maize,7110,12910,1.815752461
Nagaland,WOKHA,2007,Kharif,Moong(Green Gram),40,50,1.25
Nagaland,WOKHA,2007,Kharif,Other Kharif pulses,2580,2710,1.050387597
Nagaland,WOKHA,2007,Kharif,Potato,200,3770,18.85
Nagaland,WOKHA,2007,Kharif,Rice,18240,32250,1.768092105
Nagaland,WOKHA,2007,Kharif,Sesamum,890,530,0.595505618
Nagaland,WOKHA,2007,Kharif,Small millets,2800,2370,0.846428571
Nagaland,WOKHA,2007,Kharif,Soyabean,1780,1830,1.028089888
Nagaland,WOKHA,2007,Kharif,Sugarcane,1040,57300,55.09615385
Nagaland,WOKHA,2007,Kharif,Sunflower,200,130,0.65
Nagaland,WOKHA,2007,Kharif,Tapioca,70,1600,22.85714286
Nagaland,WOKHA,2007,Kharif,Tea,110,270,2.454545455
Nagaland,WOKHA,2007,Kharif,Turmeric,20,90,4.5
Nagaland,WOKHA,2007,Rabi,Linseed,1240,790,0.637096774
Nagaland,WOKHA,2007,Rabi,Other  Rabi pulses,2540,3060,1.204724409
Nagaland,WOKHA,2007,Rabi,Peas & beans (Pulses),600,1270,2.116666667
Nagaland,WOKHA,2007,Rabi,Rapeseed &Mustard,3220,2350,0.729813665
Nagaland,WOKHA,2007,Rabi,Rice,470,770,1.638297872
Nagaland,WOKHA,2007,Rabi,Wheat,150,220,1.466666667
Nagaland,WOKHA,2008,Kharif,Arhar/Tur,200,200,1
Nagaland,WOKHA,2008,Kharif,Cardamom,20,10,0.5
Nagaland,WOKHA,2008,Kharif,Dry chillies,320,400,1.25
Nagaland,WOKHA,2008,Kharif,Dry ginger,380,3580,9.421052632
Nagaland,WOKHA,2008,Kharif,Groundnut,90,90,1
Nagaland,WOKHA,2008,Kharif,Jowar,10,10,1
Nagaland,WOKHA,2008,Kharif,Jute,400,810,2.025
Nagaland,WOKHA,2008,Kharif,Maize,4160,7420,1.783653846
Nagaland,WOKHA,2008,Kharif,Moong(Green Gram),40,30,0.75
Nagaland,WOKHA,2008,Kharif,Other Kharif pulses,300,290,0.966666667
Nagaland,WOKHA,2008,Kharif,Peas & beans (Pulses),220,310,1.409090909
Nagaland,WOKHA,2008,Kharif,Potato,280,3520,12.57142857
Nagaland,WOKHA,2008,Kharif,Rice,18380,35000,1.904243743
Nagaland,WOKHA,2008,Kharif,Sesamum,550,340,0.618181818
Nagaland,WOKHA,2008,Kharif,Small millets,2010,1980,0.985074627
Nagaland,WOKHA,2008,Kharif,Soyabean,1500,2450,1.633333333
Nagaland,WOKHA,2008,Kharif,Sugarcane,550,23630,42.96363636
Nagaland,WOKHA,2008,Kharif,Sunflower,20,10,0.5
Nagaland,WOKHA,2008,Kharif,Tapioca,100,2300,23
Nagaland,WOKHA,2008,Kharif,Turmeric,60,250,4.166666667
Nagaland,WOKHA,2008,Rabi,Linseed,600,460,0.766666667
Nagaland,WOKHA,2008,Rabi,Maize,120,300,2.5
Nagaland,WOKHA,2008,Rabi,Masoor,200,160,0.8
Nagaland,WOKHA,2008,Rabi,Other  Rabi pulses,200,140,0.7
Nagaland,WOKHA,2008,Rabi,Peas & beans (Pulses),630,820,1.301587302
Nagaland,WOKHA,2008,Rabi,Potato,250,2780,11.12
Nagaland,WOKHA,2008,Rabi,Rapeseed &Mustard,2790,2780,0.996415771
Nagaland,WOKHA,2008,Rabi,Wheat,130,200,1.538461538
Nagaland,WOKHA,2009,Kharif,Arhar/Tur,200,140,0.7
Nagaland,WOKHA,2009,Kharif,Bajra,60,40,0.666666667
Nagaland,WOKHA,2009,Kharif,Castor seed,60,30,0.5
Nagaland,WOKHA,2009,Kharif,Groundnut,70,60,0.857142857
Nagaland,WOKHA,2009,Kharif,Jowar,30,10,0.333333333
Nagaland,WOKHA,2009,Kharif,Jute,190,250,1.315789474
Nagaland,WOKHA,2009,Kharif,Maize,4170,4330,1.038369305
Nagaland,WOKHA,2009,Kharif,Mesta,220,220,1
Nagaland,WOKHA,2009,Kharif,Moong(Green Gram),80,80,1
Nagaland,WOKHA,2009,Kharif,Peas & beans (Pulses),210,230,1.095238095
Nagaland,WOKHA,2009,Kharif,Potato,270,2560,9.481481481
Nagaland,WOKHA,2009,Kharif,Ragi,50,30,0.6
Nagaland,WOKHA,2009,Kharif,Rice,17520,24110,1.376141553
Nagaland,WOKHA,2009,Kharif,Sesamum,350,180,0.514285714
Nagaland,WOKHA,2009,Kharif,Small millets,1710,630,0.368421053
Nagaland,WOKHA,2009,Kharif,Soyabean,1470,1510,1.027210884
Nagaland,WOKHA,2009,Kharif,Sugarcane,600,18010,30.01666667
Nagaland,WOKHA,2009,Kharif,Tapioca,120,1390,11.58333333
Nagaland,WOKHA,2009,Kharif,Urad,30,20,0.666666667
Nagaland,WOKHA,2009,Rabi,Barley,80,90,1.125
Nagaland,WOKHA,2009,Rabi,Gram,60,40,0.666666667
Nagaland,WOKHA,2009,Rabi,Linseed,1220,840,0.68852459
Nagaland,WOKHA,2009,Rabi,Maize,920,1340,1.456521739
Nagaland,WOKHA,2009,Rabi,Masoor,200,140,0.7
Nagaland,WOKHA,2009,Rabi,Peas & beans (Pulses),680,700,1.029411765
Nagaland,WOKHA,2009,Rabi,Potato,160,1980,12.375
Nagaland,WOKHA,2009,Rabi,Rapeseed &Mustard,5450,4300,0.788990826
Nagaland,WOKHA,2009,Rabi,Sunflower,300,270,0.9
Nagaland,WOKHA,2009,Rabi,Urad,40,20,0.5
Nagaland,WOKHA,2009,Rabi,Wheat,200,230,1.15
Nagaland,WOKHA,2010,Kharif,Arhar/Tur,160,140,0.875
Nagaland,WOKHA,2010,Kharif,Bajra,40,40,1
Nagaland,WOKHA,2010,Kharif,Castor seed,30,20,0.666666667
Nagaland,WOKHA,2010,Kharif,Groundnut,70,70,1
Nagaland,WOKHA,2010,Kharif,Horse-gram,50,40,0.8
Nagaland,WOKHA,2010,Kharif,Jowar,20,20,1
Nagaland,WOKHA,2010,Kharif,Jute,540,970,1.796296296
Nagaland,WOKHA,2010,Kharif,Maize,4250,8340,1.962352941
Nagaland,WOKHA,2010,Kharif,Mesta,180,350,1.944444444
Nagaland,WOKHA,2010,Kharif,Moong(Green Gram),20,20,1
Nagaland,WOKHA,2010,Kharif,Peas & beans (Pulses),250,310,1.24
Nagaland,WOKHA,2010,Kharif,Potato,240,3050,12.70833333
Nagaland,WOKHA,2010,Kharif,Ragi,40,40,1
Nagaland,WOKHA,2010,Kharif,Rice,18070,36930,2.043718871
Nagaland,WOKHA,2010,Kharif,Sesamum,390,210,0.538461538
Nagaland,WOKHA,2010,Kharif,Small millets,1490,1420,0.953020134
Nagaland,WOKHA,2010,Kharif,Soyabean,1480,1820,1.22972973
Nagaland,WOKHA,2010,Kharif,Sugarcane,520,22610,43.48076923
Nagaland,WOKHA,2010,Kharif,Tapioca,60,1410,23.5
Nagaland,WOKHA,2010,Rabi,Barley,70,110,1.571428571
Nagaland,WOKHA,2010,Rabi,Gram,80,60,0.75
Nagaland,WOKHA,2010,Rabi,Linseed,590,470,0.796610169
Nagaland,WOKHA,2010,Rabi,Maize,930,1820,1.956989247
Nagaland,WOKHA,2010,Rabi,Masoor,220,160,0.727272727
Nagaland,WOKHA,2010,Rabi,Potato,240,2980,12.41666667
Nagaland,WOKHA,2010,Rabi,Rapeseed &Mustard,2570,2570,1
Nagaland,WOKHA,2010,Rabi,Sunflower,320,170,0.53125
Nagaland,WOKHA,2010,Rabi,Urad,80,50,0.625
Nagaland,WOKHA,2010,Rabi,Wheat,330,580,1.757575758
Nagaland,WOKHA,2011,Kharif,Arhar/Tur,160,140,0.875
Nagaland,WOKHA,2011,Kharif,Bajra,40,40,1
Nagaland,WOKHA,2011,Kharif,Castor seed,30,20,0.666666667
Nagaland,WOKHA,2011,Kharif,Ginger,280,2550,9.107142857
Nagaland,WOKHA,2011,Kharif,Groundnut,70,70,1
Nagaland,WOKHA,2011,Kharif,Horse-gram,50,40,0.8
Nagaland,WOKHA,2011,Kharif,Jowar,20,20,1
Nagaland,WOKHA,2011,Kharif,Jute,540,970,1.796296296
Nagaland,WOKHA,2011,Kharif,Maize,4260,8310,1.950704225
Nagaland,WOKHA,2011,Kharif,Mesta,180,350,1.944444444
Nagaland,WOKHA,2011,Kharif,Peas & beans (Pulses),260,320,1.230769231
Nagaland,WOKHA,2011,Kharif,Ragi,40,40,1
Nagaland,WOKHA,2011,Kharif,Rice,17020,34840,2.047003525
Nagaland,WOKHA,2011,Kharif,Sesamum,400,210,0.525
Nagaland,WOKHA,2011,Kharif,Small millets,1490,1420,0.953020134
Nagaland,WOKHA,2011,Kharif,Soyabean,1490,1830,1.228187919
Nagaland,WOKHA,2011,Kharif,Sugarcane,520,22650,43.55769231
Nagaland,WOKHA,2011,Kharif,Sweet potato,100,840,8.4
Nagaland,WOKHA,2011,Kharif,Tapioca,70,1650,23.57142857
Nagaland,WOKHA,2011,Kharif,Urad,20,20,1
Nagaland,WOKHA,2011,Rabi,Barley,60,100,1.666666667
Nagaland,WOKHA,2011,Rabi,Blackgram,80,50,0.625
Nagaland,WOKHA,2011,Rabi,Gram,90,70,0.777777778
Nagaland,WOKHA,2011,Rabi,Linseed,590,470,0.796610169
Nagaland,WOKHA,2011,Rabi,Maize,930,1820,1.956989247
Nagaland,WOKHA,2011,Rabi,Masoor,230,170,0.739130435
Nagaland,WOKHA,2011,Rabi,Peas & beans (Pulses),720,670,0.930555556
Nagaland,WOKHA,2011,Rabi,Potato,510,4600,9.019607843
Nagaland,WOKHA,2011,Rabi,Rapeseed &Mustard,2570,2570,1
Nagaland,WOKHA,2011,Rabi,Sunflower,330,170,0.515151515
Nagaland,WOKHA,2011,Rabi,Wheat,330,580,1.757575758
Nagaland,WOKHA,2012,Kharif,Arhar/Tur,180,160,0.888888889
Nagaland,WOKHA,2012,Kharif,Bajra,40,30,0.75
Nagaland,WOKHA,2012,Kharif,Castor seed,30,20,0.666666667
Nagaland,WOKHA,2012,Kharif,Ginger,300,2730,9.1
Nagaland,WOKHA,2012,Kharif,Groundnut,70,70,1
Nagaland,WOKHA,2012,Kharif,Horse-gram,50,50,1
Nagaland,WOKHA,2012,Kharif,Jowar,30,30,1
Nagaland,WOKHA,2012,Kharif,Jute,570,1080,1.894736842
Nagaland,WOKHA,2012,Kharif,Maize,4260,8320,1.953051643
Nagaland,WOKHA,2012,Kharif,Mesta,200,220,1.1
Nagaland,WOKHA,2012,Kharif,Peas & beans (Pulses),260,350,1.346153846
Nagaland,WOKHA,2012,Kharif,Ragi,40,40,1
Nagaland,WOKHA,2012,Kharif,Rice,17070,36680,2.148799063
Nagaland,WOKHA,2012,Kharif,Sesamum,410,220,0.536585366
Nagaland,WOKHA,2012,Kharif,Small millets,1500,1680,1.12
Nagaland,WOKHA,2012,Kharif,Soyabean,1500,1830,1.22
Nagaland,WOKHA,2012,Kharif,Sugarcane,520,22650,43.55769231
Nagaland,WOKHA,2012,Kharif,Sweet potato,110,940,8.545454545
Nagaland,WOKHA,2012,Kharif,Tapioca,120,2420,20.16666667
Nagaland,WOKHA,2012,Kharif,Urad,30,30,1
Nagaland,WOKHA,2012,Rabi,Barley,70,70,1
Nagaland,WOKHA,2012,Rabi,Blackgram,80,70,0.875
Nagaland,WOKHA,2012,Rabi,Gram,90,80,0.888888889
Nagaland,WOKHA,2012,Rabi,Linseed,590,470,0.796610169
Nagaland,WOKHA,2012,Rabi,Maize,940,1840,1.957446809
Nagaland,WOKHA,2012,Rabi,Masoor,190,150,0.789473684
Nagaland,WOKHA,2012,Rabi,Peas & beans (Pulses),630,660,1.047619048
Nagaland,WOKHA,2012,Rabi,Potato,540,5400,10
Nagaland,WOKHA,2012,Rabi,Rapeseed &Mustard,2570,2590,1.007782101
Nagaland,WOKHA,2012,Rabi,Sunflower,340,210,0.617647059
Nagaland,WOKHA,2012,Rabi,Wheat,340,610,1.794117647
Nagaland,WOKHA,2013,Kharif,Arhar/Tur,190,170,0.894736842
Nagaland,WOKHA,2013,Kharif,Bajra,40,30,0.75
Nagaland,WOKHA,2013,Kharif,Bean,280,370,1.321428571
Nagaland,WOKHA,2013,Kharif,Castor seed,30,20,0.666666667
Nagaland,WOKHA,2013,Kharif,Colocosia,510,4850,9.509803922
Nagaland,WOKHA,2013,Kharif,Ginger,310,2830,9.129032258
Nagaland,WOKHA,2013,Kharif,Groundnut,70,70,1
Nagaland,WOKHA,2013,Kharif,Jobster,100,100,1
Nagaland,WOKHA,2013,Kharif,Jowar,40,30,0.75
Nagaland,WOKHA,2013,Kharif,Jute,580,1100,1.896551724
Nagaland,WOKHA,2013,Kharif,Maize,4260,8390,1.969483568
Nagaland,WOKHA,2013,Kharif,Mesta,200,220,1.1
Nagaland,WOKHA,2013,Kharif,Moong(Green Gram),40,40,1
Nagaland,WOKHA,2013,Kharif,Perilla,250,150,0.6
Nagaland,WOKHA,2013,Kharif,Ragi,40,40,1
Nagaland,WOKHA,2013,Kharif,Rajmash Kholar,270,340,1.259259259
Nagaland,WOKHA,2013,Kharif,Rice,17720,39090,2.205981941
Nagaland,WOKHA,2013,Kharif,Ricebean (nagadal),430,480,1.11627907
Nagaland,WOKHA,2013,Kharif,Sesamum,420,230,0.547619048
Nagaland,WOKHA,2013,Kharif,Small millets,1510,1700,1.125827815
Nagaland,WOKHA,2013,Kharif,Soyabean,1510,1840,1.218543046
Nagaland,WOKHA,2013,Kharif,Sweet potato,120,1020,8.5
Nagaland,WOKHA,2013,Kharif,Tapioca,140,2830,20.21428571
Nagaland,WOKHA,2013,Rabi,Barley,70,70,1
Nagaland,WOKHA,2013,Rabi,Blackgram,80,60,0.75
Nagaland,WOKHA,2013,Rabi,Gram,90,80,0.888888889
Nagaland,WOKHA,2013,Rabi,Lentil,190,150,0.789473684
Nagaland,WOKHA,2013,Rabi,Maize,970,1930,1.989690722
Nagaland,WOKHA,2013,Rabi,Peas & beans (Pulses),640,690,1.078125
Nagaland,WOKHA,2013,Rabi,Potato,540,5410,10.01851852
Nagaland,WOKHA,2013,Rabi,Rajmash Kholar,430,530,1.23255814
Nagaland,WOKHA,2013,Rabi,Rapeseed &Mustard,2580,2600,1.007751938
Nagaland,WOKHA,2013,Rabi,Sunflower,340,200,0.588235294
Nagaland,WOKHA,2013,Rabi,Wheat,310,560,1.806451613
Nagaland,WOKHA,2014,Kharif,Arhar/Tur,190,170,0.894736842
Nagaland,WOKHA,2014,Kharif,Bajra,40,30,0.75
Nagaland,WOKHA,2014,Kharif,Barley,70,70,1
Nagaland,WOKHA,2014,Kharif,Bean,280,380,1.357142857
Nagaland,WOKHA,2014,Kharif,Blackgram,80,60,0.75
Nagaland,WOKHA,2014,Kharif,Castor seed,30,20,0.666666667
Nagaland,WOKHA,2014,Kharif,Ginger,320,2920,9.125
Nagaland,WOKHA,2014,Kharif,Groundnut,70,70,1
Nagaland,WOKHA,2014,Kharif,Horse-gram,60,70,1.166666667
Nagaland,WOKHA,2014,Kharif,Jowar,50,40,0.8
Nagaland,WOKHA,2014,Kharif,Jute,590,1120,1.898305085
Nagaland,WOKHA,2014,Kharif,Maize,4260,8410,1.974178404
Nagaland,WOKHA,2014,Kharif,Mesta,200,220,1.1
Nagaland,WOKHA,2014,Kharif,Moong(Green Gram),50,50,1
Nagaland,WOKHA,2014,Kharif,Oilseeds total,2280,2310,1.013157895
Nagaland,WOKHA,2014,Kharif,Other Kharif pulses,700,830,1.185714286
Nagaland,WOKHA,2014,Kharif,Ragi,40,40,1
Nagaland,WOKHA,2014,Kharif,Rice,18180,41140,2.262926293
Nagaland,WOKHA,2014,Kharif,Sesamum,420,230,0.547619048
Nagaland,WOKHA,2014,Kharif,Small millets,1520,1700,1.118421053
Nagaland,WOKHA,2014,Kharif,Soyabean,1510,1840,1.218543046
Nagaland,WOKHA,2014,Kharif,Sugarcane,520,22650,43.55769231
Nagaland,WOKHA,2014,Kharif,Sweet potato,130,1110,8.538461538
Nagaland,WOKHA,2014,Kharif,Tapioca,150,3030,20.2
Nagaland,WOKHA,2014,Rabi,Lentil,190,150,0.789473684
Nagaland,WOKHA,2014,Rabi,Linseed,600,480,0.8
Nagaland,WOKHA,2014,Rabi,Maize,970,1930,1.989690722
Nagaland,WOKHA,2014,Rabi,Oilseeds total,3530,3300,0.934844193
Nagaland,WOKHA,2014,Rabi,Other  Rabi pulses,430,540,1.255813953
Nagaland,WOKHA,2014,Rabi,Peas & beans (Pulses),650,720,1.107692308
Nagaland,WOKHA,2014,Rabi,Potato,560,5710,10.19642857
Nagaland,WOKHA,2014,Rabi,Rapeseed &Mustard,2590,2620,1.011583012
Nagaland,WOKHA,2014,Rabi,Sunflower,340,200,0.588235294
Nagaland,WOKHA,2014,Rabi,Wheat,320,580,1.8125
Nagaland,ZUNHEBOTO,1997,Kharif,Bajra,100,70,0.7
Nagaland,ZUNHEBOTO,1997,Kharif,Jowar,150,100,0.666666667
Nagaland,ZUNHEBOTO,1997,Kharif,Maize,5100,5100,1
Nagaland,ZUNHEBOTO,1997,Kharif,Rice,14450,17500,1.211072664
Nagaland,ZUNHEBOTO,1998,Kharif,Maize,6000,7000,1.166666667
Nagaland,ZUNHEBOTO,1998,Kharif,Rice,13000,18000,1.384615385
Nagaland,ZUNHEBOTO,1998,Kharif,Small millets,2000,1000,0.5
Nagaland,ZUNHEBOTO,1999,Kharif,Arhar/Tur,350,250,0.714285714
Nagaland,ZUNHEBOTO,1999,Kharif,Bajra,160,130,0.8125
Nagaland,ZUNHEBOTO,1999,Kharif,Cotton(lint),50,70,1.4
Nagaland,ZUNHEBOTO,1999,Kharif,Groundnut,350,420,1.2
Nagaland,ZUNHEBOTO,1999,Kharif,Jowar,200,160,0.8
Nagaland,ZUNHEBOTO,1999,Kharif,Maize,5780,8670,1.5
Nagaland,ZUNHEBOTO,1999,Kharif,Moong(Green Gram),270,190,0.703703704
Nagaland,ZUNHEBOTO,1999,Kharif,Peas & beans (Pulses),200,130,0.65
Nagaland,ZUNHEBOTO,1999,Kharif,Rice,14900,20780,1.394630872
Nagaland,ZUNHEBOTO,1999,Kharif,Sesamum,600,360,0.6
Nagaland,ZUNHEBOTO,1999,Kharif,Soyabean,2050,2300,1.12195122
Nagaland,ZUNHEBOTO,1999,Kharif,Sunflower,120,150,1.25
Nagaland,ZUNHEBOTO,1999,Rabi,Gram,120,140,1.166666667
Nagaland,ZUNHEBOTO,1999,Rabi,Linseed,450,340,0.755555556
Nagaland,ZUNHEBOTO,1999,Rabi,Rapeseed &Mustard,130,120,0.923076923
Nagaland,ZUNHEBOTO,1999,Rabi,Sunflower,250,350,1.4
Nagaland,ZUNHEBOTO,1999,Whole Year,Potato,440,4500,10.22727273
Nagaland,ZUNHEBOTO,1999,Whole Year,Sugarcane,50,2500,50
Nagaland,ZUNHEBOTO,1999,Whole Year,Tea,5,5,1
Nagaland,ZUNHEBOTO,2000,Kharif,Arhar/Tur,570,660,1.157894737
Nagaland,ZUNHEBOTO,2000,Kharif,Bajra,160,130,0.8125
Nagaland,ZUNHEBOTO,2000,Kharif,Cotton(lint),40,50,1.25
Nagaland,ZUNHEBOTO,2000,Kharif,Groundnut,410,490,1.195121951
Nagaland,ZUNHEBOTO,2000,Kharif,Jowar,200,160,0.8
Nagaland,ZUNHEBOTO,2000,Kharif,Maize,4200,7600,1.80952381
Nagaland,ZUNHEBOTO,2000,Kharif,Moong(Green Gram),250,220,0.88
Nagaland,ZUNHEBOTO,2000,Kharif,Other Kharif pulses,630,520,0.825396825
Nagaland,ZUNHEBOTO,2000,Kharif,Peas & beans (Pulses),200,130,0.65
Nagaland,ZUNHEBOTO,2000,Kharif,Rice,15800,18000,1.139240506
Nagaland,ZUNHEBOTO,2000,Kharif,Sesamum,470,380,0.808510638
Nagaland,ZUNHEBOTO,2000,Kharif,Small millets,1530,1150,0.751633987
Nagaland,ZUNHEBOTO,2000,Kharif,Soyabean,2090,2800,1.339712919
Nagaland,ZUNHEBOTO,2000,Kharif,Sunflower,300,220,0.733333333
Nagaland,ZUNHEBOTO,2000,Rabi,Barley,120,180,1.5
Nagaland,ZUNHEBOTO,2000,Rabi,Gram,110,80,0.727272727
Nagaland,ZUNHEBOTO,2000,Rabi,Linseed,510,250,0.490196078
Nagaland,ZUNHEBOTO,2000,Rabi,Other  Rabi pulses,760,650,0.855263158
Nagaland,ZUNHEBOTO,2000,Rabi,Peas & beans (Pulses),700,690,0.985714286
Nagaland,ZUNHEBOTO,2000,Rabi,Rapeseed &Mustard,1360,1100,0.808823529
Nagaland,ZUNHEBOTO,2000,Rabi,Sunflower,100,110,1.1
Nagaland,ZUNHEBOTO,2000,Rabi,Wheat,520,1000,1.923076923
Nagaland,ZUNHEBOTO,2000,Whole Year,Potato,480,4510,9.395833333
Nagaland,ZUNHEBOTO,2000,Whole Year,Sugarcane,110,2720,24.72727273
Nagaland,ZUNHEBOTO,2000,Whole Year,Tea,70,160,2.285714286
Nagaland,ZUNHEBOTO,2001,Kharif,Arhar/Tur,870,690,0.793103448
Nagaland,ZUNHEBOTO,2001,Kharif,Bajra,140,80,0.571428571
Nagaland,ZUNHEBOTO,2001,Kharif,Cotton(lint),60,70,1.166666667
Nagaland,ZUNHEBOTO,2001,Kharif,Groundnut,90,110,1.222222222
Nagaland,ZUNHEBOTO,2001,Kharif,Jowar,200,140,0.7
Nagaland,ZUNHEBOTO,2001,Kharif,Maize,5320,11100,2.086466165
Nagaland,ZUNHEBOTO,2001,Kharif,Moong(Green Gram),300,220,0.733333333
Nagaland,ZUNHEBOTO,2001,Kharif,Peas & beans (Pulses),230,180,0.782608696
Nagaland,ZUNHEBOTO,2001,Kharif,Rice,16500,18210,1.103636364
Nagaland,ZUNHEBOTO,2001,Kharif,Sesamum,660,570,0.863636364
Nagaland,ZUNHEBOTO,2001,Kharif,Small millets,1670,950,0.568862275
Nagaland,ZUNHEBOTO,2001,Kharif,Soyabean,4000,5420,1.355
Nagaland,ZUNHEBOTO,2001,Kharif,Sunflower,60,70,1.166666667
Nagaland,ZUNHEBOTO,2001,Rabi,Barley,420,960,2.285714286
Nagaland,ZUNHEBOTO,2001,Rabi,Gram,100,90,0.9
Nagaland,ZUNHEBOTO,2001,Rabi,Linseed,690,430,0.623188406
Nagaland,ZUNHEBOTO,2001,Rabi,Peas & beans (Pulses),910,870,0.956043956
Nagaland,ZUNHEBOTO,2001,Rabi,Rapeseed &Mustard,1480,1490,1.006756757
Nagaland,ZUNHEBOTO,2001,Rabi,Sunflower,100,80,0.8
Nagaland,ZUNHEBOTO,2001,Rabi,Wheat,610,1180,1.93442623
Nagaland,ZUNHEBOTO,2001,Whole Year,Potato,310,3710,11.96774194
Nagaland,ZUNHEBOTO,2001,Whole Year,Sugarcane,160,5080,31.75
Nagaland,ZUNHEBOTO,2001,Whole Year,Tea,70,150,2.142857143
Nagaland,ZUNHEBOTO,2002,Kharif,Bajra,190,280,1.473684211
Nagaland,ZUNHEBOTO,2002,Kharif,Cotton(lint),150,600,4
Nagaland,ZUNHEBOTO,2002,Kharif,Groundnut,150,180,1.2
Nagaland,ZUNHEBOTO,2002,Kharif,Jowar,240,330,1.375
Nagaland,ZUNHEBOTO,2002,Kharif,Maize,4780,10050,2.10251046
Nagaland,ZUNHEBOTO,2002,Kharif,Moong(Green Gram),180,220,1.222222222
Nagaland,ZUNHEBOTO,2002,Kharif,Other Kharif pulses,170,90,0.529411765
Nagaland,ZUNHEBOTO,2002,Kharif,Peas & beans (Pulses),130,150,1.153846154
Nagaland,ZUNHEBOTO,2002,Kharif,Rice,16150,20130,1.246439628
Nagaland,ZUNHEBOTO,2002,Kharif,Sesamum,630,590,0.936507937
Nagaland,ZUNHEBOTO,2002,Kharif,Small millets,1520,3040,2
Nagaland,ZUNHEBOTO,2002,Kharif,Soyabean,7140,8290,1.161064426
Nagaland,ZUNHEBOTO,2002,Kharif,Sunflower,170,260,1.529411765
Nagaland,ZUNHEBOTO,2002,Rabi,Barley,530,1100,2.075471698
Nagaland,ZUNHEBOTO,2002,Rabi,Gram,90,50,0.555555556
Nagaland,ZUNHEBOTO,2002,Rabi,Linseed,660,730,1.106060606
Nagaland,ZUNHEBOTO,2002,Rabi,Other  Rabi pulses,1570,1300,0.828025478
Nagaland,ZUNHEBOTO,2002,Rabi,Peas & beans (Pulses),750,670,0.893333333
Nagaland,ZUNHEBOTO,2002,Rabi,Rapeseed &Mustard,1510,1690,1.119205298
Nagaland,ZUNHEBOTO,2002,Rabi,Sunflower,90,100,1.111111111
Nagaland,ZUNHEBOTO,2002,Rabi,Wheat,870,1770,2.034482759
Nagaland,ZUNHEBOTO,2002,Whole Year,Potato,530,5620,10.60377358
Nagaland,ZUNHEBOTO,2002,Whole Year,Sugarcane,200,10360,51.8
Nagaland,ZUNHEBOTO,2002,Whole Year,Tea,70,160,2.285714286
Nagaland,ZUNHEBOTO,2003,Kharif,Arhar/Tur,1310,1210,0.923664122
Nagaland,ZUNHEBOTO,2003,Kharif,Bajra,360,570,1.583333333
Nagaland,ZUNHEBOTO,2003,Kharif,Cotton(lint),260,10,0.038461538
Nagaland,ZUNHEBOTO,2003,Kharif,Groundnut,170,250,1.470588235
Nagaland,ZUNHEBOTO,2003,Kharif,Jowar,270,470,1.740740741
Nagaland,ZUNHEBOTO,2003,Kharif,Maize,5770,9830,1.703639515
Nagaland,ZUNHEBOTO,2003,Kharif,Moong(Green Gram),310,530,1.709677419
Nagaland,ZUNHEBOTO,2003,Kharif,Other Kharif pulses,490,690,1.408163265
Nagaland,ZUNHEBOTO,2003,Kharif,Peas & beans (Pulses),90,230,2.555555556
Nagaland,ZUNHEBOTO,2003,Kharif,Rice,9660,12350,1.278467909
Nagaland,ZUNHEBOTO,2003,Kharif,Sesamum,720,850,1.180555556
Nagaland,ZUNHEBOTO,2003,Kharif,Small millets,720,940,1.305555556
Nagaland,ZUNHEBOTO,2003,Kharif,Soyabean,4820,7750,1.607883817
Nagaland,ZUNHEBOTO,2003,Kharif,Sunflower,270,660,2.444444444
Nagaland,ZUNHEBOTO,2003,Rabi,Barley,780,1170,1.5
Nagaland,ZUNHEBOTO,2003,Rabi,Gram,140,170,1.214285714
Nagaland,ZUNHEBOTO,2003,Rabi,Linseed,860,950,1.104651163
Nagaland,ZUNHEBOTO,2003,Rabi,Maize,20,30,1.5
Nagaland,ZUNHEBOTO,2003,Rabi,Masoor,350,110,0.314285714
Nagaland,ZUNHEBOTO,2003,Rabi,Other  Rabi pulses,550,450,0.818181818
Nagaland,ZUNHEBOTO,2003,Rabi,Peas & beans (Pulses),640,330,0.515625
Nagaland,ZUNHEBOTO,2003,Rabi,Rapeseed &Mustard,880,570,0.647727273
Nagaland,ZUNHEBOTO,2003,Rabi,Sunflower,90,180,2
Nagaland,ZUNHEBOTO,2003,Rabi,Wheat,860,1420,1.651162791
Nagaland,ZUNHEBOTO,2003,Whole Year,Potato,510,3660,7.176470588
Nagaland,ZUNHEBOTO,2003,Whole Year,Sugarcane,350,15440,44.11428571
Nagaland,ZUNHEBOTO,2003,Whole Year,Tea,110,180,1.636363636
Nagaland,ZUNHEBOTO,2004,Kharif,Arhar/Tur,550,520,0.945454545
Nagaland,ZUNHEBOTO,2004,Kharif,Bajra,380,600,1.578947368
Nagaland,ZUNHEBOTO,2004,Kharif,Cotton(lint),160,20,0.125
Nagaland,ZUNHEBOTO,2004,Kharif,Groundnut,600,800,1.333333333
Nagaland,ZUNHEBOTO,2004,Kharif,Jowar,300,480,1.6
Nagaland,ZUNHEBOTO,2004,Kharif,Maize,5300,9620,1.81509434
Nagaland,ZUNHEBOTO,2004,Kharif,Moong(Green Gram),130,,
Nagaland,ZUNHEBOTO,2004,Kharif,Other Kharif pulses,430,410,0.953488372
Nagaland,ZUNHEBOTO,2004,Kharif,Peas & beans (Pulses),70,60,0.857142857
Nagaland,ZUNHEBOTO,2004,Kharif,Rice,10780,16050,1.488868275
Nagaland,ZUNHEBOTO,2004,Kharif,Sesamum,40,20,0.5
Nagaland,ZUNHEBOTO,2004,Kharif,Small millets,680,700,1.029411765
Nagaland,ZUNHEBOTO,2004,Kharif,Soyabean,6100,9810,1.608196721
Nagaland,ZUNHEBOTO,2004,Rabi,Barley,450,680,1.511111111
Nagaland,ZUNHEBOTO,2004,Rabi,Gram,30,20,0.666666667
Nagaland,ZUNHEBOTO,2004,Rabi,Linseed,600,280,0.466666667
Nagaland,ZUNHEBOTO,2004,Rabi,Maize,320,700,2.1875
Nagaland,ZUNHEBOTO,2004,Rabi,Masoor,250,100,0.4
Nagaland,ZUNHEBOTO,2004,Rabi,Other  Rabi pulses,610,520,0.852459016
Nagaland,ZUNHEBOTO,2004,Rabi,Peas & beans (Pulses),800,500,0.625
Nagaland,ZUNHEBOTO,2004,Rabi,Rapeseed &Mustard,1360,1040,0.764705882
Nagaland,ZUNHEBOTO,2004,Rabi,Wheat,1280,2000,1.5625
Nagaland,ZUNHEBOTO,2004,Whole Year,Potato,1450,10060,6.937931034
Nagaland,ZUNHEBOTO,2004,Whole Year,Sugarcane,470,3900,8.29787234
Nagaland,ZUNHEBOTO,2005,Kharif,Arhar/Tur,760,500,0.657894737
Nagaland,ZUNHEBOTO,2005,Kharif,Bajra,420,490,1.166666667
Nagaland,ZUNHEBOTO,2005,Kharif,Groundnut,30,30,1
Nagaland,ZUNHEBOTO,2005,Kharif,Jowar,50,50,1
Nagaland,ZUNHEBOTO,2005,Kharif,Maize,5870,10070,1.715502555
Nagaland,ZUNHEBOTO,2005,Kharif,Moong(Green Gram),60,50,0.833333333
Nagaland,ZUNHEBOTO,2005,Kharif,Other Kharif pulses,420,390,0.928571429
Nagaland,ZUNHEBOTO,2005,Kharif,Peas & beans (Pulses),80,80,1
Nagaland,ZUNHEBOTO,2005,Kharif,Rice,10950,16220,1.481278539
Nagaland,ZUNHEBOTO,2005,Kharif,Sesamum,650,430,0.661538462
Nagaland,ZUNHEBOTO,2005,Kharif,Small millets,1480,1500,1.013513514
Nagaland,ZUNHEBOTO,2005,Kharif,Soyabean,6150,8300,1.349593496
Nagaland,ZUNHEBOTO,2005,Rabi,Gram,40,20,0.5
Nagaland,ZUNHEBOTO,2005,Rabi,Linseed,790,160,0.202531646
Nagaland,ZUNHEBOTO,2005,Rabi,Maize,420,1000,2.380952381
Nagaland,ZUNHEBOTO,2005,Rabi,Masoor,270,670,2.481481481
Nagaland,ZUNHEBOTO,2005,Rabi,Other  Rabi pulses,720,960,1.333333333
Nagaland,ZUNHEBOTO,2005,Rabi,Peas & beans (Pulses),810,1360,1.679012346
Nagaland,ZUNHEBOTO,2005,Rabi,Rapeseed &Mustard,1380,720,0.52173913
Nagaland,ZUNHEBOTO,2005,Rabi,Wheat,120,210,1.75
Nagaland,ZUNHEBOTO,2005,Whole Year,Sugarcane,600,11500,19.16666667
Nagaland,ZUNHEBOTO,2006,Kharif,Arhar/Tur,870,1040,1.195402299
Nagaland,ZUNHEBOTO,2006,Kharif,Dry ginger,260,2200,8.461538462
Nagaland,ZUNHEBOTO,2006,Kharif,Groundnut,90,90,1
Nagaland,ZUNHEBOTO,2006,Kharif,Jowar,110,80,0.727272727
Nagaland,ZUNHEBOTO,2006,Kharif,Maize,7570,12630,1.668428005
Nagaland,ZUNHEBOTO,2006,Kharif,Moong(Green Gram),90,100,1.111111111
Nagaland,ZUNHEBOTO,2006,Kharif,Peas & beans (Pulses),110,130,1.181818182
Nagaland,ZUNHEBOTO,2006,Kharif,Potato,150,1370,9.133333333
Nagaland,ZUNHEBOTO,2006,Kharif,Rice,11900,19270,1.619327731
Nagaland,ZUNHEBOTO,2006,Kharif,Sesamum,620,400,0.64516129
Nagaland,ZUNHEBOTO,2006,Kharif,Small millets,2050,1450,0.707317073
Nagaland,ZUNHEBOTO,2006,Kharif,Soyabean,6080,7300,1.200657895
Nagaland,ZUNHEBOTO,2006,Rabi,Gram,40,50,1.25
Nagaland,ZUNHEBOTO,2006,Rabi,Linseed,900,580,0.644444444
Nagaland,ZUNHEBOTO,2006,Rabi,Maize,440,1010,2.295454545
Nagaland,ZUNHEBOTO,2006,Rabi,Masoor,280,330,1.178571429
Nagaland,ZUNHEBOTO,2006,Rabi,Other  Rabi pulses,880,1060,1.204545455
Nagaland,ZUNHEBOTO,2006,Rabi,Peas & beans (Pulses),820,990,1.207317073
Nagaland,ZUNHEBOTO,2006,Rabi,Rapeseed &Mustard,1480,1040,0.702702703
Nagaland,ZUNHEBOTO,2006,Rabi,Urad,40,60,1.5
Nagaland,ZUNHEBOTO,2006,Rabi,Wheat,150,140,0.933333333
Nagaland,ZUNHEBOTO,2006,Whole Year,Sugarcane,650,27300,42
Nagaland,ZUNHEBOTO,2007,Kharif,Arhar/Tur,310,370,1.193548387
Nagaland,ZUNHEBOTO,2007,Kharif,Dry chillies,80,100,1.25
Nagaland,ZUNHEBOTO,2007,Kharif,Dry ginger,510,3600,7.058823529
Nagaland,ZUNHEBOTO,2007,Kharif,Groundnut,110,140,1.272727273
Nagaland,ZUNHEBOTO,2007,Kharif,Jowar,100,130,1.3
Nagaland,ZUNHEBOTO,2007,Kharif,Maize,8290,13000,1.568154403
Nagaland,ZUNHEBOTO,2007,Kharif,Moong(Green Gram),30,40,1.333333333
Nagaland,ZUNHEBOTO,2007,Kharif,Other Kharif pulses,1070,910,0.85046729
Nagaland,ZUNHEBOTO,2007,Kharif,Potato,110,1850,16.81818182
Nagaland,ZUNHEBOTO,2007,Kharif,Rice,13770,22180,1.610748003
Nagaland,ZUNHEBOTO,2007,Kharif,Sesamum,730,450,0.616438356
Nagaland,ZUNHEBOTO,2007,Kharif,Small millets,1100,1290,1.172727273
Nagaland,ZUNHEBOTO,2007,Kharif,Soyabean,7630,8300,1.087811271
Nagaland,ZUNHEBOTO,2007,Kharif,Sugarcane,300,16530,55.1
Nagaland,ZUNHEBOTO,2007,Kharif,Tapioca,80,1820,22.75
Nagaland,ZUNHEBOTO,2007,Kharif,Tea,70,180,2.571428571
Nagaland,ZUNHEBOTO,2007,Rabi,Linseed,990,570,0.575757576
Nagaland,ZUNHEBOTO,2007,Rabi,Maize,500,960,1.92
Nagaland,ZUNHEBOTO,2007,Rabi,Other  Rabi pulses,840,1250,1.488095238
Nagaland,ZUNHEBOTO,2007,Rabi,Peas & beans (Pulses),800,850,1.0625
Nagaland,ZUNHEBOTO,2007,Rabi,Rapeseed &Mustard,2670,1930,0.722846442
Nagaland,ZUNHEBOTO,2007,Rabi,Wheat,130,220,1.692307692
Nagaland,ZUNHEBOTO,2008,Kharif,Arhar/Tur,310,300,0.967741935
Nagaland,ZUNHEBOTO,2008,Kharif,Cardamom,60,10,0.166666667
Nagaland,ZUNHEBOTO,2008,Kharif,Dry chillies,240,300,1.25
Nagaland,ZUNHEBOTO,2008,Kharif,Dry ginger,260,2420,9.307692308
Nagaland,ZUNHEBOTO,2008,Kharif,Groundnut,120,130,1.083333333
Nagaland,ZUNHEBOTO,2008,Kharif,Jowar,20,10,0.5
Nagaland,ZUNHEBOTO,2008,Kharif,Maize,9960,18240,1.831325301
Nagaland,ZUNHEBOTO,2008,Kharif,Moong(Green Gram),20,10,0.5
Nagaland,ZUNHEBOTO,2008,Kharif,Other Kharif pulses,110,90,0.818181818
Nagaland,ZUNHEBOTO,2008,Kharif,Peas & beans (Pulses),190,270,1.421052632
Nagaland,ZUNHEBOTO,2008,Kharif,Potato,200,2420,12.1
Nagaland,ZUNHEBOTO,2008,Kharif,Rice,11370,21000,1.846965699
Nagaland,ZUNHEBOTO,2008,Kharif,Sesamum,240,120,0.5
Nagaland,ZUNHEBOTO,2008,Kharif,Small millets,1050,1020,0.971428571
Nagaland,ZUNHEBOTO,2008,Kharif,Soyabean,7500,11240,1.498666667
Nagaland,ZUNHEBOTO,2008,Kharif,Sugarcane,250,10720,42.88
Nagaland,ZUNHEBOTO,2008,Kharif,Sunflower,20,10,0.5
Nagaland,ZUNHEBOTO,2008,Kharif,Tapioca,110,2580,23.45454545
Nagaland,ZUNHEBOTO,2008,Kharif,Turmeric,50,200,4
Nagaland,ZUNHEBOTO,2008,Rabi,Gram,20,30,1.5
Nagaland,ZUNHEBOTO,2008,Rabi,Linseed,420,300,0.714285714
Nagaland,ZUNHEBOTO,2008,Rabi,Masoor,160,100,0.625
Nagaland,ZUNHEBOTO,2008,Rabi,Other  Rabi pulses,100,60,0.6
Nagaland,ZUNHEBOTO,2008,Rabi,Peas & beans (Pulses),590,760,1.288135593
Nagaland,ZUNHEBOTO,2008,Rabi,Potato,400,4950,12.375
Nagaland,ZUNHEBOTO,2008,Rabi,Rapeseed &Mustard,2060,2060,1
Nagaland,ZUNHEBOTO,2008,Rabi,Urad,30,20,0.666666667
Nagaland,ZUNHEBOTO,2008,Rabi,Wheat,130,190,1.461538462
Nagaland,ZUNHEBOTO,2009,Kharif,Arhar/Tur,280,190,0.678571429
Nagaland,ZUNHEBOTO,2009,Kharif,Bajra,100,70,0.7
Nagaland,ZUNHEBOTO,2009,Kharif,Castor seed,60,30,0.5
Nagaland,ZUNHEBOTO,2009,Kharif,Groundnut,90,90,1
Nagaland,ZUNHEBOTO,2009,Kharif,Jowar,40,20,0.5
Nagaland,ZUNHEBOTO,2009,Kharif,Maize,9960,10480,1.052208835
Nagaland,ZUNHEBOTO,2009,Kharif,Mesta,230,230,1
Nagaland,ZUNHEBOTO,2009,Kharif,Moong(Green Gram),60,50,0.833333333
Nagaland,ZUNHEBOTO,2009,Kharif,Peas & beans (Pulses),180,200,1.111111111
Nagaland,ZUNHEBOTO,2009,Kharif,Potato,180,1690,9.388888889
Nagaland,ZUNHEBOTO,2009,Kharif,Rice,11170,14780,1.323187108
Nagaland,ZUNHEBOTO,2009,Kharif,Sesamum,110,60,0.545454545
Nagaland,ZUNHEBOTO,2009,Kharif,Small millets,800,280,0.35
Nagaland,ZUNHEBOTO,2009,Kharif,Soyabean,7480,7740,1.034759358
Nagaland,ZUNHEBOTO,2009,Kharif,Sugarcane,300,9000,30
Nagaland,ZUNHEBOTO,2009,Kharif,Sunflower,40,30,0.75
Nagaland,ZUNHEBOTO,2009,Kharif,Tapioca,200,2290,11.45
Nagaland,ZUNHEBOTO,2009,Kharif,Urad,20,10,0.5
Nagaland,ZUNHEBOTO,2009,Rabi,Barley,60,80,1.333333333
Nagaland,ZUNHEBOTO,2009,Rabi,Gram,50,30,0.6
Nagaland,ZUNHEBOTO,2009,Rabi,Linseed,900,610,0.677777778
Nagaland,ZUNHEBOTO,2009,Rabi,Masoor,150,100,0.666666667
Nagaland,ZUNHEBOTO,2009,Rabi,Peas & beans (Pulses),620,610,0.983870968
Nagaland,ZUNHEBOTO,2009,Rabi,Rapeseed &Mustard,4980,3950,0.793172691
Nagaland,ZUNHEBOTO,2009,Rabi,Urad,50,30,0.6
Nagaland,ZUNHEBOTO,2009,Rabi,Wheat,190,220,1.157894737
Nagaland,ZUNHEBOTO,2010,Kharif,Arhar/Tur,230,200,0.869565217
Nagaland,ZUNHEBOTO,2010,Kharif,Bajra,60,50,0.833333333
Nagaland,ZUNHEBOTO,2010,Kharif,Castor seed,30,20,0.666666667
Nagaland,ZUNHEBOTO,2010,Kharif,Groundnut,90,90,1
Nagaland,ZUNHEBOTO,2010,Kharif,Horse-gram,30,40,1.333333333
Nagaland,ZUNHEBOTO,2010,Kharif,Jowar,20,20,1
Nagaland,ZUNHEBOTO,2010,Kharif,Maize,10050,19590,1.949253731
Nagaland,ZUNHEBOTO,2010,Kharif,Mesta,190,390,2.052631579
Nagaland,ZUNHEBOTO,2010,Kharif,Moong(Green Gram),10,10,1
Nagaland,ZUNHEBOTO,2010,Kharif,Peas & beans (Pulses),180,230,1.277777778
Nagaland,ZUNHEBOTO,2010,Kharif,Potato,150,1920,12.8
Nagaland,ZUNHEBOTO,2010,Kharif,Rice,12400,24160,1.948387097
Nagaland,ZUNHEBOTO,2010,Kharif,Sesamum,140,90,0.642857143
Nagaland,ZUNHEBOTO,2010,Kharif,Small millets,780,720,0.923076923
Nagaland,ZUNHEBOTO,2010,Kharif,Soyabean,7510,9650,1.284953395
Nagaland,ZUNHEBOTO,2010,Kharif,Sugarcane,220,9580,43.54545455
Nagaland,ZUNHEBOTO,2010,Kharif,Sunflower,40,30,0.75
Nagaland,ZUNHEBOTO,2010,Kharif,Tapioca,120,2830,23.58333333
Nagaland,ZUNHEBOTO,2010,Rabi,Barley,50,90,1.8
Nagaland,ZUNHEBOTO,2010,Rabi,Gram,60,40,0.666666667
Nagaland,ZUNHEBOTO,2010,Rabi,Linseed,260,210,0.807692308
Nagaland,ZUNHEBOTO,2010,Rabi,Masoor,150,110,0.733333333
Nagaland,ZUNHEBOTO,2010,Rabi,Rapeseed &Mustard,2100,2100,1
Nagaland,ZUNHEBOTO,2010,Rabi,Urad,50,30,0.6
Nagaland,ZUNHEBOTO,2010,Rabi,Wheat,310,490,1.580645161
Nagaland,ZUNHEBOTO,2011,Kharif,Arhar/Tur,240,200,0.833333333
Nagaland,ZUNHEBOTO,2011,Kharif,Bajra,60,50,0.833333333
Nagaland,ZUNHEBOTO,2011,Kharif,Castor seed,30,20,0.666666667
Nagaland,ZUNHEBOTO,2011,Kharif,Ginger,190,1730,9.105263158
Nagaland,ZUNHEBOTO,2011,Kharif,Groundnut,90,90,1
Nagaland,ZUNHEBOTO,2011,Kharif,Horse-gram,30,40,1.333333333
Nagaland,ZUNHEBOTO,2011,Kharif,Jowar,20,20,1
Nagaland,ZUNHEBOTO,2011,Kharif,Maize,10050,19770,1.967164179
Nagaland,ZUNHEBOTO,2011,Kharif,Mesta,190,370,1.947368421
Nagaland,ZUNHEBOTO,2011,Kharif,Peas & beans (Pulses),180,230,1.277777778
Nagaland,ZUNHEBOTO,2011,Kharif,Rice,12260,23740,1.936378467
Nagaland,ZUNHEBOTO,2011,Kharif,Sesamum,140,90,0.642857143
Nagaland,ZUNHEBOTO,2011,Kharif,Small millets,780,720,0.923076923
Nagaland,ZUNHEBOTO,2011,Kharif,Soyabean,7540,9620,1.275862069
Nagaland,ZUNHEBOTO,2011,Kharif,Sugarcane,220,9580,43.54545455
Nagaland,ZUNHEBOTO,2011,Kharif,Sunflower,40,30,0.75
Nagaland,ZUNHEBOTO,2011,Kharif,Sweet potato,140,1180,8.428571429
Nagaland,ZUNHEBOTO,2011,Kharif,Tapioca,120,2830,23.58333333
Nagaland,ZUNHEBOTO,2011,Kharif,Urad,10,10,1
Nagaland,ZUNHEBOTO,2011,Rabi,Barley,40,60,1.5
Nagaland,ZUNHEBOTO,2011,Rabi,Blackgram,50,30,0.6
Nagaland,ZUNHEBOTO,2011,Rabi,Gram,60,40,0.666666667
Nagaland,ZUNHEBOTO,2011,Rabi,Linseed,260,210,0.807692308
Nagaland,ZUNHEBOTO,2011,Rabi,Masoor,150,110,0.733333333
Nagaland,ZUNHEBOTO,2011,Rabi,Peas & beans (Pulses),630,570,0.904761905
Nagaland,ZUNHEBOTO,2011,Rabi,Potato,170,1530,9
Nagaland,ZUNHEBOTO,2011,Rabi,Rapeseed &Mustard,2100,2100,1
Nagaland,ZUNHEBOTO,2011,Rabi,Wheat,310,490,1.580645161
Nagaland,ZUNHEBOTO,2012,Kharif,Arhar/Tur,270,240,0.888888889
Nagaland,ZUNHEBOTO,2012,Kharif,Bajra,60,60,1
Nagaland,ZUNHEBOTO,2012,Kharif,Castor seed,30,20,0.666666667
Nagaland,ZUNHEBOTO,2012,Kharif,Ginger,230,2100,9.130434783
Nagaland,ZUNHEBOTO,2012,Kharif,Groundnut,110,120,1.090909091
Nagaland,ZUNHEBOTO,2012,Kharif,Horse-gram,40,50,1.25
Nagaland,ZUNHEBOTO,2012,Kharif,Jowar,30,20,0.666666667
Nagaland,ZUNHEBOTO,2012,Kharif,Maize,10060,19800,1.968190855
Nagaland,ZUNHEBOTO,2012,Kharif,Mesta,210,220,1.047619048
Nagaland,ZUNHEBOTO,2012,Kharif,Peas & beans (Pulses),200,260,1.3
Nagaland,ZUNHEBOTO,2012,Kharif,Rice,12320,25200,2.045454545
Nagaland,ZUNHEBOTO,2012,Kharif,Sesamum,140,90,0.642857143
Nagaland,ZUNHEBOTO,2012,Kharif,Small millets,790,880,1.113924051
Nagaland,ZUNHEBOTO,2012,Kharif,Soyabean,7550,9660,1.279470199
Nagaland,ZUNHEBOTO,2012,Kharif,Sugarcane,220,9580,43.54545455
Nagaland,ZUNHEBOTO,2012,Kharif,Sunflower,60,40,0.666666667
Nagaland,ZUNHEBOTO,2012,Kharif,Sweet potato,150,1280,8.533333333
Nagaland,ZUNHEBOTO,2012,Kharif,Tapioca,140,2810,20.07142857
Nagaland,ZUNHEBOTO,2012,Kharif,Urad,20,20,1
Nagaland,ZUNHEBOTO,2012,Rabi,Barley,40,30,0.75
Nagaland,ZUNHEBOTO,2012,Rabi,Blackgram,60,50,0.833333333
Nagaland,ZUNHEBOTO,2012,Rabi,Gram,60,50,0.833333333
Nagaland,ZUNHEBOTO,2012,Rabi,Linseed,260,210,0.807692308
Nagaland,ZUNHEBOTO,2012,Rabi,Masoor,240,190,0.791666667
Nagaland,ZUNHEBOTO,2012,Rabi,Peas & beans (Pulses),600,630,1.05
Nagaland,ZUNHEBOTO,2012,Rabi,Potato,210,2090,9.952380952
Nagaland,ZUNHEBOTO,2012,Rabi,Rapeseed &Mustard,2100,2110,1.004761905
Nagaland,ZUNHEBOTO,2012,Rabi,Wheat,310,550,1.774193548
Nagaland,ZUNHEBOTO,2013,Kharif,Arhar/Tur,280,250,0.892857143
Nagaland,ZUNHEBOTO,2013,Kharif,Bajra,60,60,1
Nagaland,ZUNHEBOTO,2013,Kharif,Bean,200,260,1.3
Nagaland,ZUNHEBOTO,2013,Kharif,Castor seed,30,20,0.666666667
Nagaland,ZUNHEBOTO,2013,Kharif,Colocosia,420,3990,9.5
Nagaland,ZUNHEBOTO,2013,Kharif,Ginger,250,2280,9.12
Nagaland,ZUNHEBOTO,2013,Kharif,Groundnut,120,120,1
Nagaland,ZUNHEBOTO,2013,Kharif,Jobster,120,120,1
Nagaland,ZUNHEBOTO,2013,Kharif,Jowar,40,40,1
Nagaland,ZUNHEBOTO,2013,Kharif,Maize,10070,19840,1.97020854
Nagaland,ZUNHEBOTO,2013,Kharif,Mesta,210,220,1.047619048
Nagaland,ZUNHEBOTO,2013,Kharif,Moong(Green Gram),20,20,1
Nagaland,ZUNHEBOTO,2013,Kharif,Perilla,210,130,0.619047619
Nagaland,ZUNHEBOTO,2013,Kharif,Rajmash Kholar,310,400,1.290322581
Nagaland,ZUNHEBOTO,2013,Kharif,Rice,12800,26860,2.0984375
Nagaland,ZUNHEBOTO,2013,Kharif,Ricebean (nagadal),460,510,1.108695652
Nagaland,ZUNHEBOTO,2013,Kharif,Sesamum,150,90,0.6
Nagaland,ZUNHEBOTO,2013,Kharif,Small millets,800,900,1.125
Nagaland,ZUNHEBOTO,2013,Kharif,Soyabean,7590,9750,1.28458498
Nagaland,ZUNHEBOTO,2013,Kharif,Sunflower,60,50,0.833333333
Nagaland,ZUNHEBOTO,2013,Kharif,Sweet potato,160,1360,8.5
Nagaland,ZUNHEBOTO,2013,Kharif,Tapioca,150,3040,20.26666667
Nagaland,ZUNHEBOTO,2013,Rabi,Barley,50,50,1
Nagaland,ZUNHEBOTO,2013,Rabi,Blackgram,60,50,0.833333333
Nagaland,ZUNHEBOTO,2013,Rabi,Gram,60,50,0.833333333
Nagaland,ZUNHEBOTO,2013,Rabi,Lentil,250,200,0.8
Nagaland,ZUNHEBOTO,2013,Rabi,Peas & beans (Pulses),600,640,1.066666667
Nagaland,ZUNHEBOTO,2013,Rabi,Potato,220,2200,10
Nagaland,ZUNHEBOTO,2013,Rabi,Rajmash Kholar,430,530,1.23255814
Nagaland,ZUNHEBOTO,2013,Rabi,Rapeseed &Mustard,2100,2110,1.004761905
Nagaland,ZUNHEBOTO,2013,Rabi,Wheat,280,510,1.821428571
Nagaland,ZUNHEBOTO,2014,Kharif,Arhar/Tur,280,250,0.892857143
Nagaland,ZUNHEBOTO,2014,Kharif,Bajra,60,60,1
Nagaland,ZUNHEBOTO,2014,Kharif,Barley,50,50,1
Nagaland,ZUNHEBOTO,2014,Kharif,Bean,200,260,1.3
Nagaland,ZUNHEBOTO,2014,Kharif,Blackgram,60,50,0.833333333
Nagaland,ZUNHEBOTO,2014,Kharif,Castor seed,30,20,0.666666667
Nagaland,ZUNHEBOTO,2014,Kharif,Ginger,270,2470,9.148148148
Nagaland,ZUNHEBOTO,2014,Kharif,Groundnut,120,120,1
Nagaland,ZUNHEBOTO,2014,Kharif,Horse-gram,40,40,1
Nagaland,ZUNHEBOTO,2014,Kharif,Jowar,40,40,1
Nagaland,ZUNHEBOTO,2014,Kharif,Maize,10090,19950,1.977205154
Nagaland,ZUNHEBOTO,2014,Kharif,Mesta,210,220,1.047619048
Nagaland,ZUNHEBOTO,2014,Kharif,Moong(Green Gram),20,20,1
Nagaland,ZUNHEBOTO,2014,Kharif,Oilseeds total,8170,10170,1.244798042
Nagaland,ZUNHEBOTO,2014,Kharif,Other Kharif pulses,870,920,1.057471264
Nagaland,ZUNHEBOTO,2014,Kharif,Rice,13150,27210,2.069201521
Nagaland,ZUNHEBOTO,2014,Kharif,Sesamum,150,90,0.6
Nagaland,ZUNHEBOTO,2014,Kharif,Small millets,800,900,1.125
Nagaland,ZUNHEBOTO,2014,Kharif,Soyabean,7590,9750,1.28458498
Nagaland,ZUNHEBOTO,2014,Kharif,Sugarcane,220,9580,43.54545455
Nagaland,ZUNHEBOTO,2014,Kharif,Sunflower,70,60,0.857142857
Nagaland,ZUNHEBOTO,2014,Kharif,Sweet potato,170,1450,8.529411765
Nagaland,ZUNHEBOTO,2014,Kharif,Tapioca,160,3240,20.25
Nagaland,ZUNHEBOTO,2014,Rabi,Lentil,260,210,0.807692308
Nagaland,ZUNHEBOTO,2014,Rabi,Linseed,280,210,0.75
Nagaland,ZUNHEBOTO,2014,Rabi,Oilseeds total,2390,2350,0.983263598
Nagaland,ZUNHEBOTO,2014,Rabi,Other  Rabi pulses,430,540,1.255813953
Nagaland,ZUNHEBOTO,2014,Rabi,Peas & beans (Pulses),600,660,1.1
Nagaland,ZUNHEBOTO,2014,Rabi,Potato,230,2340,10.17391304
Nagaland,ZUNHEBOTO,2014,Rabi,Rapeseed &Mustard,2110,2140,1.014218009
Nagaland,ZUNHEBOTO,2014,Rabi,Wheat,290,530,1.827586207
Odisha,ANUGUL,1997,Autumn,Arhar/Tur,3555,739,0.207876231
Odisha,ANUGUL,1997,Autumn,Groundnut,4086,4037,0.988007832
Odisha,ANUGUL,1997,Autumn,Maize,948,675,0.712025316
Odisha,ANUGUL,1997,Autumn,Paddy,21779,23578,1.082602507
Odisha,ANUGUL,1997,Autumn,Ragi,46,25,0.543478261
Odisha,ANUGUL,1997,Autumn,Sesamum,1307,385,0.294567712
Odisha,ANUGUL,1997,Autumn,Urad,2878,547,0.190062543
Odisha,ANUGUL,1997,Rabi,Wheat,94,67,0.712765957
Odisha,ANUGUL,1997,Summer,Arhar/Tur,469,115,0.245202559
Odisha,ANUGUL,1997,Summer,Groundnut,1022,1216,1.189823875
Odisha,ANUGUL,1997,Summer,Maize,17,14,0.823529412
Odisha,ANUGUL,1997,Summer,Paddy,4012,7184,1.790628116
Odisha,ANUGUL,1997,Summer,Sesamum,790,187,0.236708861
Odisha,ANUGUL,1997,Summer,Urad,15,4,0.266666667
Odisha,ANUGUL,1997,Whole Year,Potato,524,4122,7.866412214
Odisha,ANUGUL,1997,Winter,Arhar/Tur,660,114,0.172727273
Odisha,ANUGUL,1997,Winter,Groundnut,108,134,1.240740741
Odisha,ANUGUL,1997,Winter,Horse-gram,5955,1476,0.247858942
Odisha,ANUGUL,1997,Winter,Maize,9,10,1.111111111
Odisha,ANUGUL,1997,Winter,Paddy,86616,124082,1.432552877
Odisha,ANUGUL,1997,Winter,Sesamum,5536,919,0.166004335
Odisha,ANUGUL,1997,Winter,Sugarcane,303,17501,57.75907591
Odisha,ANUGUL,1997,Winter,Urad,1522,297,0.195137976
Odisha,ANUGUL,1998,Autumn,Groundnut,4170,3161,0.758033573
Odisha,ANUGUL,1998,Autumn,Maize,1062,623,0.586629002
Odisha,ANUGUL,1998,Autumn,Moong(Green Gram),2510,331,0.13187251
Odisha,ANUGUL,1998,Autumn,Ragi,138,57,0.413043478
Odisha,ANUGUL,1998,Autumn,Rice,22432,9042,0.403084879
Odisha,ANUGUL,1998,Autumn,Sesamum,2281,326,0.142919772
Odisha,ANUGUL,1998,Autumn,Urad,2295,342,0.149019608
Odisha,ANUGUL,1998,Summer,Groundnut,626,384,0.61341853
Odisha,ANUGUL,1998,Summer,Maize,10,7,0.7
Odisha,ANUGUL,1998,Summer,Moong(Green Gram),338,55,0.162721893
Odisha,ANUGUL,1998,Summer,Ragi,1,,
Odisha,ANUGUL,1998,Summer,Rice,1917,2028,1.057902973
Odisha,ANUGUL,1998,Summer,Sesamum,466,102,0.21888412
Odisha,ANUGUL,1998,Summer,Urad,30,3,0.1
Odisha,ANUGUL,1998,Summer,Wheat,100,154,1.54
Odisha,ANUGUL,1998,Winter,Groundnut,113,130,1.150442478
Odisha,ANUGUL,1998,Winter,Horse-gram,6631,1459,0.220027145
Odisha,ANUGUL,1998,Winter,Maize,23,18,0.782608696
Odisha,ANUGUL,1998,Winter,Moong(Green Gram),830,122,0.146987952
Odisha,ANUGUL,1998,Winter,Potato,523,5154,9.854684512
Odisha,ANUGUL,1998,Winter,Ragi,1,1,1
Odisha,ANUGUL,1998,Winter,Rapeseed &Mustard,1235,98,0.079352227
Odisha,ANUGUL,1998,Winter,Rice,77609,63810,0.822198456
Odisha,ANUGUL,1998,Winter,Sesamum,4367,594,0.136020151
Odisha,ANUGUL,1998,Winter,Sugarcane,326,17613,54.02760736
Odisha,ANUGUL,1998,Winter,Urad,1390,221,0.158992806
Odisha,ANUGUL,1999,Autumn,Rice,20000,23000,1.15
Odisha,ANUGUL,1999,Kharif,Arhar/Tur,7960,5010,0.629396985
Odisha,ANUGUL,1999,Kharif,Castor seed,220,110,0.5
Odisha,ANUGUL,1999,Kharif,Cotton(lint),380,260,0.684210526
Odisha,ANUGUL,1999,Kharif,Dry chillies,1860,1250,0.672043011
Odisha,ANUGUL,1999,Kharif,Dry ginger,460,1460,3.173913043
Odisha,ANUGUL,1999,Kharif,Groundnut,8570,11280,1.31621937
Odisha,ANUGUL,1999,Kharif,Maize,4150,2280,0.54939759
Odisha,ANUGUL,1999,Kharif,Mesta,1280,7180,5.609375
Odisha,ANUGUL,1999,Kharif,Moong(Green Gram),14940,2760,0.184738956
Odisha,ANUGUL,1999,Kharif,Ragi,50,20,0.4
Odisha,ANUGUL,1999,Kharif,Sesamum,24090,5370,0.222914072
Odisha,ANUGUL,1999,Kharif,Small millets,200,100,0.5
Odisha,ANUGUL,1999,Kharif,Sweet potato,760,6180,8.131578947
Odisha,ANUGUL,1999,Kharif,Turmeric,610,920,1.508196721
Odisha,ANUGUL,1999,Kharif,Urad,18770,3570,0.190197123
Odisha,ANUGUL,1999,Rabi,Castor seed,710,420,0.591549296
Odisha,ANUGUL,1999,Rabi,Coriander,2180,1090,0.5
Odisha,ANUGUL,1999,Rabi,Dry chillies,2390,1360,0.569037657
Odisha,ANUGUL,1999,Rabi,Garlic,2330,7220,3.098712446
Odisha,ANUGUL,1999,Rabi,Gram,2060,840,0.40776699
Odisha,ANUGUL,1999,Rabi,Groundnut,2110,3550,1.682464455
Odisha,ANUGUL,1999,Rabi,Horse-gram,17930,5430,0.302844395
Odisha,ANUGUL,1999,Rabi,Maize,580,560,0.965517241
Odisha,ANUGUL,1999,Rabi,Moong(Green Gram),9680,2110,0.217975207
Odisha,ANUGUL,1999,Rabi,Niger seed,480,210,0.4375
Odisha,ANUGUL,1999,Rabi,Rapeseed &Mustard,6950,830,0.11942446
Odisha,ANUGUL,1999,Rabi,Sesamum,10040,2590,0.257968127
Odisha,ANUGUL,1999,Rabi,Sunflower,670,1120,1.671641791
Odisha,ANUGUL,1999,Rabi,Sweet potato,290,2470,8.517241379
Odisha,ANUGUL,1999,Rabi,Urad,7850,1630,0.207643312
Odisha,ANUGUL,1999,Rabi,Wheat,750,910,1.213333333
Odisha,ANUGUL,1999,Summer,Rice,4650,8350,1.795698925
Odisha,ANUGUL,1999,Whole Year,Onion,5680,71710,12.625
Odisha,ANUGUL,1999,Whole Year,Potato,580,6280,10.82758621
Odisha,ANUGUL,1999,Whole Year,Sannhamp,40,210,5.25
Odisha,ANUGUL,1999,Whole Year,Tobacco,290,190,0.655172414
Odisha,ANUGUL,1999,Winter,Rice,89000,117000,1.314606742
Odisha,ANUGUL,1999,Winter,Sugarcane,1200,73960,61.63333333
Odisha,ANUGUL,2000,Autumn,Rice,22840,7460,0.326619965
Odisha,ANUGUL,2000,Kharif,Arhar/Tur,8930,6430,0.720044793
Odisha,ANUGUL,2000,Kharif,Castor seed,220,100,0.454545455
Odisha,ANUGUL,2000,Kharif,Cotton(lint),130,180,1.384615385
Odisha,ANUGUL,2000,Kharif,Dry ginger,470,980,2.085106383
Odisha,ANUGUL,2000,Kharif,Groundnut,4842,3248.2,0.670838496
Odisha,ANUGUL,2000,Kharif,Horse-gram,3734,660.9,0.176995179
Odisha,ANUGUL,2000,Kharif,Maize,1059,723.6,0.683286119
Odisha,ANUGUL,2000,Kharif,Mesta,1250,7570,6.056
Odisha,ANUGUL,2000,Kharif,Moong(Green Gram),3405,550.1,0.161556535
Odisha,ANUGUL,2000,Kharif,Other Kharif pulses,3220,1610,0.5
Odisha,ANUGUL,2000,Kharif,Ragi,308,111.5,0.362012987
Odisha,ANUGUL,2000,Kharif,Sesamum,5823,895.5,0.153786708
Odisha,ANUGUL,2000,Kharif,Small millets,150,80,0.533333333
Odisha,ANUGUL,2000,Kharif,Urad,3697,634,0.171490398
Odisha,ANUGUL,2000,Rabi,Castor seed,450,150,0.333333333
Odisha,ANUGUL,2000,Rabi,Gram,1600,740,0.4625
Odisha,ANUGUL,2000,Rabi,Niger seed,470,220,0.468085106
Odisha,ANUGUL,2000,Rabi,Other  Rabi pulses,80,43,0.5375
Odisha,ANUGUL,2000,Rabi,Rapeseed &Mustard,761,44.9,0.059001314
Odisha,ANUGUL,2000,Rabi,Safflower,30,20,0.666666667
Odisha,ANUGUL,2000,Rabi,Sunflower,280,300,1.071428571
Odisha,ANUGUL,2000,Rabi,Wheat,102,140.4,1.376470588
Odisha,ANUGUL,2000,Summer,Rice,950,1420,1.494736842
Odisha,ANUGUL,2000,Whole Year,Coriander,1300,640,0.492307692
Odisha,ANUGUL,2000,Whole Year,Dry chillies,3950,3360,0.850632911
Odisha,ANUGUL,2000,Whole Year,Garlic,1180,3740,3.169491525
Odisha,ANUGUL,2000,Whole Year,Onion,2950,31580,10.70508475
Odisha,ANUGUL,2000,Whole Year,Potato,468,4224.6,9.026923077
Odisha,ANUGUL,2000,Whole Year,Sannhamp,20,70,3.5
Odisha,ANUGUL,2000,Whole Year,Sugarcane,180,9383.4,52.13
Odisha,ANUGUL,2000,Whole Year,Sweet potato,1500,12220,8.146666667
Odisha,ANUGUL,2000,Whole Year,Tobacco,70,50,0.714285714
Odisha,ANUGUL,2000,Whole Year,Turmeric,460,1080,2.347826087
Odisha,ANUGUL,2000,Winter,Rice,89060,37420,0.42016618
Odisha,ANUGUL,2001,Kharif,Dry ginger,470,940,2
Odisha,ANUGUL,2001,Kharif,Groundnut,5076,3615,0.712174941
Odisha,ANUGUL,2001,Kharif,Horse-gram,6540,1837.7,0.280993884
Odisha,ANUGUL,2001,Kharif,Maize,983,338.5,0.344354018
Odisha,ANUGUL,2001,Kharif,Moong(Green Gram),3417,478.9,0.14015218
Odisha,ANUGUL,2001,Kharif,Ragi,183,60,0.327868852
Odisha,ANUGUL,2001,Kharif,Rice,113000,187000,1.654867257
Odisha,ANUGUL,2001,Kharif,Sesamum,7023,1319.1,0.187825716
Odisha,ANUGUL,2001,Kharif,Urad,5199,878.6,0.168994037
Odisha,ANUGUL,2001,Rabi,Niger seed,450,160,0.355555556
Odisha,ANUGUL,2001,Rabi,Rapeseed &Mustard,902,94.7,0.104988914
Odisha,ANUGUL,2001,Rabi,Wheat,110,170.3,1.548181818
Odisha,ANUGUL,2001,Whole Year,Coriander,1340,550,0.410447761
Odisha,ANUGUL,2001,Whole Year,Dry chillies,3140,2670,0.850318471
Odisha,ANUGUL,2001,Whole Year,Garlic,1210,3840,3.173553719
Odisha,ANUGUL,2001,Whole Year,Onion,2260,24180,10.69911504
Odisha,ANUGUL,2001,Whole Year,Potato,490,5212.6,10.63795918
Odisha,ANUGUL,2001,Whole Year,Sugarcane,173,9570.9,55.32312139
Odisha,ANUGUL,2001,Whole Year,Sweet potato,1540,12460,8.090909091
Odisha,ANUGUL,2001,Whole Year,Turmeric,290,680,2.344827586
Odisha,ANUGUL,2002,Kharif,Arhar/Tur,8730,6050,0.6930126
Odisha,ANUGUL,2002,Kharif,Castor seed,70,30,0.428571429
Odisha,ANUGUL,2002,Kharif,Dry ginger,470,590,1.255319149
Odisha,ANUGUL,2002,Kharif,Groundnut,3797,2556.3,0.673242033
Odisha,ANUGUL,2002,Kharif,Horse-gram,3905,554.5,0.141997439
Odisha,ANUGUL,2002,Kharif,Maize,942,606.6,0.643949045
Odisha,ANUGUL,2002,Kharif,Moong(Green Gram),3395,367.7,0.108306333
Odisha,ANUGUL,2002,Kharif,Ragi,113,35.8,0.316814159
Odisha,ANUGUL,2002,Kharif,Rice,104000,41000,0.394230769
Odisha,ANUGUL,2002,Kharif,Sesamum,6496,911.9,0.140378695
Odisha,ANUGUL,2002,Kharif,Small millets,60,30,0.5
Odisha,ANUGUL,2002,Kharif,Urad,3837,451.5,0.117670055
Odisha,ANUGUL,2002,Rabi,Castor seed,270,140,0.518518519
Odisha,ANUGUL,2002,Rabi,Gram,920,480,0.52173913
Odisha,ANUGUL,2002,Rabi,Niger seed,350,180,0.514285714
Odisha,ANUGUL,2002,Rabi,Other  Rabi pulses,660,310,0.46969697
Odisha,ANUGUL,2002,Rabi,Rapeseed &Mustard,710,61.1,0.086056338
Odisha,ANUGUL,2002,Rabi,Sunflower,180,110,0.611111111
Odisha,ANUGUL,2002,Rabi,Wheat,112,146.9,1.311607143
Odisha,ANUGUL,2002,Whole Year,Coriander,1500,620,0.413333333
Odisha,ANUGUL,2002,Whole Year,Dry chillies,3500,2970,0.848571429
Odisha,ANUGUL,2002,Whole Year,Garlic,1250,3960,3.168
Odisha,ANUGUL,2002,Whole Year,Onion,2300,24610,10.7
Odisha,ANUGUL,2002,Whole Year,Potato,459,4028.6,8.776906318
Odisha,ANUGUL,2002,Whole Year,Sugarcane,223,10317.1,46.26502242
Odisha,ANUGUL,2002,Whole Year,Sweet potato,1730,14050,8.121387283
Odisha,ANUGUL,2002,Whole Year,Tobacco,200,110,0.55
Odisha,ANUGUL,2002,Whole Year,Turmeric,290,680,2.344827586
Odisha,ANUGUL,2003,Kharif,Arhar/Tur,9500,6500,0.684210526
Odisha,ANUGUL,2003,Kharif,Castor seed,130,60,0.461538462
Odisha,ANUGUL,2003,Kharif,Dry ginger,420,540,1.285714286
Odisha,ANUGUL,2003,Kharif,Groundnut,3235,2858,0.883462133
Odisha,ANUGUL,2003,Kharif,Horse-gram,4991,1312.6,0.262993388
Odisha,ANUGUL,2003,Kharif,Maize,922,568.3,0.61637744
Odisha,ANUGUL,2003,Kharif,Moong(Green Gram),3233,515.9,0.159573152
Odisha,ANUGUL,2003,Kharif,Other Kharif pulses,2730,1690,0.619047619
Odisha,ANUGUL,2003,Kharif,Ragi,72,29.9,0.415277778
Odisha,ANUGUL,2003,Kharif,Rice,109000,165000,1.513761468
Odisha,ANUGUL,2003,Kharif,Sesamum,3123,488.8,0.15651617
Odisha,ANUGUL,2003,Kharif,Small millets,80,40,0.5
Odisha,ANUGUL,2003,Kharif,Sunflower,140,60,0.428571429
Odisha,ANUGUL,2003,Kharif,Urad,4198,722.3,0.172058123
Odisha,ANUGUL,2003,Rabi,Castor seed,510,280,0.549019608
Odisha,ANUGUL,2003,Rabi,Gram,1910,860,0.45026178
Odisha,ANUGUL,2003,Rabi,Niger seed,350,190,0.542857143
Odisha,ANUGUL,2003,Rabi,Other  Rabi pulses,760,340,0.447368421
Odisha,ANUGUL,2003,Rabi,Rapeseed &Mustard,902,120.9,0.134035477
Odisha,ANUGUL,2003,Rabi,Sunflower,260,150,0.576923077
Odisha,ANUGUL,2003,Rabi,Wheat,113,166.1,1.469911504
Odisha,ANUGUL,2003,Whole Year,Coriander,1400,580,0.414285714
Odisha,ANUGUL,2003,Whole Year,Dry chillies,3550,3020,0.850704225
Odisha,ANUGUL,2003,Whole Year,Garlic,1090,3450,3.165137615
Odisha,ANUGUL,2003,Whole Year,Onion,2200,23570,10.71363636
Odisha,ANUGUL,2003,Whole Year,Potato,554,4955,8.944043321
Odisha,ANUGUL,2003,Whole Year,Sugarcane,321,17173.2,53.49906542
Odisha,ANUGUL,2003,Whole Year,Sweet potato,1740,14510,8.33908046
Odisha,ANUGUL,2003,Whole Year,Tobacco,270,160,0.592592593
Odisha,ANUGUL,2003,Whole Year,Turmeric,240,560,2.333333333
Odisha,ANUGUL,2004,Autumn,Groundnut,2933,2431.5,0.829014661
Odisha,ANUGUL,2004,Autumn,Maize,1148,827.8,0.721080139
Odisha,ANUGUL,2004,Autumn,Moong(Green Gram),1574,196.8,0.125031766
Odisha,ANUGUL,2004,Autumn,Ragi,6,2.6,0.433333333
Odisha,ANUGUL,2004,Autumn,Rice,23000,22000,0.956521739
Odisha,ANUGUL,2004,Autumn,Sesamum,1270,207,0.162992126
Odisha,ANUGUL,2004,Autumn,Urad,2233,388.5,0.173981191
Odisha,ANUGUL,2004,Kharif,Castor seed,146,80,0.547945205
Odisha,ANUGUL,2004,Kharif,Dry ginger,450,575,1.277777778
Odisha,ANUGUL,2004,Kharif,Small millets,90,45,0.5
Odisha,ANUGUL,2004,Rabi,Castor seed,449,180,0.400890869
Odisha,ANUGUL,2004,Rabi,Gram,635,746,1.17480315
Odisha,ANUGUL,2004,Rabi,Niger seed,225,25,0.111111111
Odisha,ANUGUL,2004,Rabi,Other  Rabi pulses,763,559,0.732634338
Odisha,ANUGUL,2004,Rabi,Sunflower,259,180,0.694980695
Odisha,ANUGUL,2004,Summer,Groundnut,795,1001.7,1.26
Odisha,ANUGUL,2004,Summer,Maize,15,18.8,1.253333333
Odisha,ANUGUL,2004,Summer,Moong(Green Gram),476,113.3,0.23802521
Odisha,ANUGUL,2004,Summer,Rice,3000,5000,1.666666667
Odisha,ANUGUL,2004,Summer,Sesamum,310,66,0.212903226
Odisha,ANUGUL,2004,Summer,Urad,154,37,0.24025974
Odisha,ANUGUL,2004,Summer,Wheat,35,45.9,1.311428571
Odisha,ANUGUL,2004,Whole Year,Coriander,1563,648,0.414587332
Odisha,ANUGUL,2004,Whole Year,Dry chillies,4541,3860,0.850033032
Odisha,ANUGUL,2004,Whole Year,Garlic,1233,3910,3.171127332
Odisha,ANUGUL,2004,Whole Year,Onion,2245,24017,10.69799555
Odisha,ANUGUL,2004,Whole Year,Sweet potato,1780,14828,8.330337079
Odisha,ANUGUL,2004,Whole Year,Tobacco,194,118,0.608247423
Odisha,ANUGUL,2004,Whole Year,Turmeric,336,791,2.354166667
Odisha,ANUGUL,2004,Winter,Groundnut,392,461.8,1.178061224
Odisha,ANUGUL,2004,Winter,Horse-gram,4677,1183.3,0.253004062
Odisha,ANUGUL,2004,Winter,Maize,19,25.6,1.347368421
Odisha,ANUGUL,2004,Winter,Moong(Green Gram),949,173.7,0.183034773
Odisha,ANUGUL,2004,Winter,Potato,576,5317.1,9.231076389
Odisha,ANUGUL,2004,Winter,Rapeseed &Mustard,733,71.1,0.096998636
Odisha,ANUGUL,2004,Winter,Rice,91000,122000,1.340659341
Odisha,ANUGUL,2004,Winter,Sesamum,3877,670.7,0.172994583
Odisha,ANUGUL,2004,Winter,Sugarcane,148,8046.5,54.36824324
Odisha,ANUGUL,2004,Winter,Urad,1640,314.9,0.192012195
Odisha,ANUGUL,2005,Autumn,Groundnut,3610,3122.7,0.86501385
Odisha,ANUGUL,2005,Autumn,Maize,960,741.4,0.772291667
Odisha,ANUGUL,2005,Autumn,Moong(Green Gram),2150,283.8,0.132
Odisha,ANUGUL,2005,Autumn,Ragi,79,38.2,0.483544304
Odisha,ANUGUL,2005,Autumn,Rice,25000,26000,1.04
Odisha,ANUGUL,2005,Autumn,Sesamum,308,35.1,0.113961039
Odisha,ANUGUL,2005,Autumn,Urad,2764,489.2,0.17698987
Odisha,ANUGUL,2005,Summer,Groundnut,1500,1767,1.178
Odisha,ANUGUL,2005,Summer,Maize,11,13.7,1.245454545
Odisha,ANUGUL,2005,Summer,Moong(Green Gram),472,127.4,0.269915254
Odisha,ANUGUL,2005,Summer,Rice,4000,8000,2
Odisha,ANUGUL,2005,Summer,Sesamum,153,30,0.196078431
Odisha,ANUGUL,2005,Summer,Urad,29,3.9,0.134482759
Odisha,ANUGUL,2005,Summer,Wheat,96,107.4,1.11875
Odisha,ANUGUL,2005,Winter,Groundnut,194,179.3,0.924226804
Odisha,ANUGUL,2005,Winter,Horse-gram,4134,1012.8,0.244992743
Odisha,ANUGUL,2005,Winter,Maize,19,27.6,1.452631579
Odisha,ANUGUL,2005,Winter,Moong(Green Gram),918,201,0.218954248
Odisha,ANUGUL,2005,Winter,Potato,503,4524.5,8.995029821
Odisha,ANUGUL,2005,Winter,Rapeseed &Mustard,788,83.5,0.105964467
Odisha,ANUGUL,2005,Winter,Rice,85000,140000,1.647058824
Odisha,ANUGUL,2005,Winter,Sesamum,4329,822.5,0.18999769
Odisha,ANUGUL,2005,Winter,Sugarcane,180,9646.2,53.59
Odisha,ANUGUL,2005,Winter,Urad,2493,560.9,0.224989972
Odisha,ANUGUL,2006,Autumn,Groundnut,2666,2468.7,0.925993998
Odisha,ANUGUL,2006,Autumn,Maize,965,677.1,0.701658031
Odisha,ANUGUL,2006,Autumn,Moong(Green Gram),2297,351.4,0.152982151
Odisha,ANUGUL,2006,Autumn,Ragi,185,87.3,0.471891892
Odisha,ANUGUL,2006,Autumn,Rice,21000,20000,0.952380952
Odisha,ANUGUL,2006,Autumn,Sesamum,1603,320.6,0.2
Odisha,ANUGUL,2006,Autumn,Urad,2682,477.4,0.178001491
Odisha,ANUGUL,2006,Summer,Groundnut,1531,1956.6,1.277988243
Odisha,ANUGUL,2006,Summer,Maize,15,20.4,1.36
Odisha,ANUGUL,2006,Summer,Moong(Green Gram),507,116.1,0.228994083
Odisha,ANUGUL,2006,Summer,Rice,2000,4000,2
Odisha,ANUGUL,2006,Summer,Sesamum,433,94.8,0.218937644
Odisha,ANUGUL,2006,Summer,Urad,76,21.4,0.281578947
Odisha,ANUGUL,2006,Summer,Wheat,115,177.2,1.540869565
Odisha,ANUGUL,2006,Winter,Groundnut,360,426.2,1.183888889
Odisha,ANUGUL,2006,Winter,Horse-gram,4224,1119.4,0.26500947
Odisha,ANUGUL,2006,Winter,Maize,15,21.2,1.413333333
Odisha,ANUGUL,2006,Winter,Moong(Green Gram),617,120.3,0.194975689
Odisha,ANUGUL,2006,Winter,Potato,470,4398.3,9.358085106
Odisha,ANUGUL,2006,Winter,Rapeseed &Mustard,647,70.5,0.108964451
Odisha,ANUGUL,2006,Winter,Rice,90000,128000,1.422222222
Odisha,ANUGUL,2006,Winter,Sesamum,3735,608.8,0.162998661
Odisha,ANUGUL,2006,Winter,Sugarcane,120,7067.9,58.89916667
Odisha,ANUGUL,2006,Winter,Urad,1713,346,0.201984822
Odisha,ANUGUL,2007,Autumn,Groundnut,2838,2335.7,0.823009161
Odisha,ANUGUL,2007,Autumn,Maize,984,636.2,0.646544715
Odisha,ANUGUL,2007,Autumn,Moong(Green Gram),2355,329.7,0.14
Odisha,ANUGUL,2007,Autumn,Ragi,20,9.8,0.49
Odisha,ANUGUL,2007,Autumn,Rice,19000,10000,0.526315789
Odisha,ANUGUL,2007,Autumn,Sesamum,1714,298.2,0.173978996
Odisha,ANUGUL,2007,Autumn,Urad,3414,580.4,0.170005858
Odisha,ANUGUL,2007,Summer,Groundnut,835,1002.8,1.200958084
Odisha,ANUGUL,2007,Summer,Maize,27,34.2,1.266666667
Odisha,ANUGUL,2007,Summer,Moong(Green Gram),474,124.2,0.262025316
Odisha,ANUGUL,2007,Summer,Rice,3000,4000,1.333333333
Odisha,ANUGUL,2007,Summer,Sesamum,655,161.1,0.245954198
Odisha,ANUGUL,2007,Summer,Urad,107,30.8,0.287850467
Odisha,ANUGUL,2007,Summer,Wheat,102,164.3,1.610784314
Odisha,ANUGUL,2007,Winter,Groundnut,56,59.5,1.0625
Odisha,ANUGUL,2007,Winter,Horse-gram,3146,767.6,0.243992371
Odisha,ANUGUL,2007,Winter,Maize,23,30.1,1.308695652
Odisha,ANUGUL,2007,Winter,Moong(Green Gram),627,111,0.177033493
Odisha,ANUGUL,2007,Winter,Potato,606,5476.4,9.036963696
Odisha,ANUGUL,2007,Winter,Rapeseed &Mustard,469,46,0.098081023
Odisha,ANUGUL,2007,Winter,Rice,83000,74000,0.891566265
Odisha,ANUGUL,2007,Winter,Sesamum,2313,333.1,0.144012105
Odisha,ANUGUL,2007,Winter,Sugarcane,180,10774.4,59.85777778
Odisha,ANUGUL,2007,Winter,Urad,986,199.2,0.202028398
Odisha,ANUGUL,2008,Autumn,Groundnut,2603,2467.6,0.947983096
Odisha,ANUGUL,2008,Autumn,Maize,879,577.5,0.656996587
Odisha,ANUGUL,2008,Autumn,Moong(Green Gram),1800,282.6,0.157
Odisha,ANUGUL,2008,Autumn,Ragi,9,4.6,0.511111111
Odisha,ANUGUL,2008,Autumn,Rice,16000,18000,1.125
Odisha,ANUGUL,2008,Autumn,Sesamum,922,117.1,0.127006508
Odisha,ANUGUL,2008,Autumn,Urad,2724,531.2,0.195007342
Odisha,ANUGUL,2008,Summer,Groundnut,903,1088.1,1.204983389
Odisha,ANUGUL,2008,Summer,Maize,23,31.7,1.37826087
Odisha,ANUGUL,2008,Summer,Moong(Green Gram),405,95.2,0.235061728
Odisha,ANUGUL,2008,Summer,Rice,1000,1000,1
Odisha,ANUGUL,2008,Summer,Sesamum,279,60,0.215053763
Odisha,ANUGUL,2008,Summer,Urad,98,20,0.204081633
Odisha,ANUGUL,2008,Summer,Wheat,68,107.2,1.576470588
Odisha,ANUGUL,2008,Winter,Groundnut,89,124.2,1.395505618
Odisha,ANUGUL,2008,Winter,Horse-gram,3850,931.7,0.242
Odisha,ANUGUL,2008,Winter,Maize,8,12,1.5
Odisha,ANUGUL,2008,Winter,Moong(Green Gram),697,133.1,0.190961263
Odisha,ANUGUL,2008,Winter,Potato,599,6384.1,10.65792988
Odisha,ANUGUL,2008,Winter,Rapeseed &Mustard,545,63.2,0.115963303
Odisha,ANUGUL,2008,Winter,Rice,82000,113000,1.37804878
Odisha,ANUGUL,2008,Winter,Sesamum,1706,257.6,0.150996483
Odisha,ANUGUL,2008,Winter,Sugarcane,112,6465.4,57.72678571
Odisha,ANUGUL,2008,Winter,Urad,1587,357.1,0.225015753
Odisha,ANUGUL,2009,Autumn,Groundnut,3375,2838.4,0.841007407
Odisha,ANUGUL,2009,Autumn,Maize,744,420.3,0.564919355
Odisha,ANUGUL,2009,Autumn,Moong(Green Gram),1901,239.5,0.125986323
Odisha,ANUGUL,2009,Autumn,Ragi,7,3.1,0.442857143
Odisha,ANUGUL,2009,Autumn,Rice,21000,13000,0.619047619
Odisha,ANUGUL,2009,Autumn,Sesamum,794,123.9,0.15604534
Odisha,ANUGUL,2009,Autumn,Urad,2715,445.3,0.164014733
Odisha,ANUGUL,2009,Summer,Groundnut,580,682.1,1.176034483
Odisha,ANUGUL,2009,Summer,Maize,23,25.4,1.104347826
Odisha,ANUGUL,2009,Summer,Moong(Green Gram),635,145.4,0.228976378
Odisha,ANUGUL,2009,Summer,Rice,1000,1000,1
Odisha,ANUGUL,2009,Summer,Sesamum,138,28,0.202898551
Odisha,ANUGUL,2009,Summer,Urad,189,39.9,0.211111111
Odisha,ANUGUL,2009,Summer,Wheat,44,53.6,1.218181818
Odisha,ANUGUL,2009,Winter,Groundnut,245,373.9,1.526122449
Odisha,ANUGUL,2009,Winter,Horse-gram,4443,1404,0.316002701
Odisha,ANUGUL,2009,Winter,Maize,36,50.7,1.408333333
Odisha,ANUGUL,2009,Winter,Moong(Green Gram),1036,231,0.222972973
Odisha,ANUGUL,2009,Winter,Potato,721,7831.5,10.86199723
Odisha,ANUGUL,2009,Winter,Rapeseed &Mustard,428,48.4,0.113084112
Odisha,ANUGUL,2009,Winter,Rice,83000,89000,1.072289157
Odisha,ANUGUL,2009,Winter,Sesamum,2690,497.7,0.185018587
Odisha,ANUGUL,2009,Winter,Sugarcane,57,3008.7,52.78421053
Odisha,ANUGUL,2009,Winter,Urad,1473,372.7,0.253021045
Odisha,ANUGUL,2010,Autumn,Groundnut,2285,2095.3,0.916980306
Odisha,ANUGUL,2010,Autumn,Maize,965,861.5,0.892746114
Odisha,ANUGUL,2010,Autumn,Moong(Green Gram),2008,315.3,0.157021912
Odisha,ANUGUL,2010,Autumn,Ragi,4,2.2,0.55
Odisha,ANUGUL,2010,Autumn,Rice,16000,4000,0.25
Odisha,ANUGUL,2010,Autumn,Sesamum,1048,223.2,0.212977099
Odisha,ANUGUL,2010,Autumn,Urad,2914,510,0.175017159
Odisha,ANUGUL,2010,Summer,Groundnut,489,591.7,1.21002045
Odisha,ANUGUL,2010,Summer,Maize,9,12.3,1.366666667
Odisha,ANUGUL,2010,Summer,Moong(Green Gram),452,112.5,0.248893805
Odisha,ANUGUL,2010,Summer,Sesamum,255,67.1,0.263137255
Odisha,ANUGUL,2010,Summer,Urad,89,24.1,0.270786517
Odisha,ANUGUL,2010,Summer,Wheat,27,52.9,1.959259259
Odisha,ANUGUL,2010,Winter,Groundnut,252,265.4,1.053174603
Odisha,ANUGUL,2010,Winter,Horse-gram,4450,1308.3,0.294
Odisha,ANUGUL,2010,Winter,Maize,8,16.8,2.1
Odisha,ANUGUL,2010,Winter,Moong(Green Gram),1171,242.4,0.207002562
Odisha,ANUGUL,2010,Winter,Potato,423,4637.3,10.96288416
Odisha,ANUGUL,2010,Winter,Rapeseed &Mustard,423,49.9,0.117966903
Odisha,ANUGUL,2010,Winter,Rice,68000,43000,0.632352941
Odisha,ANUGUL,2010,Winter,Sesamum,2102,378.4,0.180019029
Odisha,ANUGUL,2010,Winter,Sugarcane,107,5538.5,51.76168224
Odisha,ANUGUL,2010,Winter,Urad,1412,314.9,0.223016997
Odisha,ANUGUL,2011,Autumn,Groundnut,1923,1861.5,0.968018721
Odisha,ANUGUL,2011,Autumn,Maize,869,758.7,0.873072497
Odisha,ANUGUL,2011,Autumn,Moong(Green Gram),1887,300,0.158982512
Odisha,ANUGUL,2011,Autumn,Ragi,3,1.7,0.566666667
Odisha,ANUGUL,2011,Autumn,Rice,14000,9000,0.642857143
Odisha,ANUGUL,2011,Autumn,Sesamum,955,191,0.2
Odisha,ANUGUL,2011,Autumn,Urad,2458,471.9,0.191985354
Odisha,ANUGUL,2011,Summer,Groundnut,212,222,1.047169811
Odisha,ANUGUL,2011,Summer,Maize,10,13.6,1.36
Odisha,ANUGUL,2011,Summer,Moong(Green Gram),206,56.9,0.276213592
Odisha,ANUGUL,2011,Summer,Rice,1000,2000,2
Odisha,ANUGUL,2011,Summer,Sesamum,342,88.2,0.257894737
Odisha,ANUGUL,2011,Summer,Urad,18,4.9,0.272222222
Odisha,ANUGUL,2011,Summer,Wheat,8,13.3,1.6625
Odisha,ANUGUL,2011,Winter,Groundnut,287,350.7,1.22195122
Odisha,ANUGUL,2011,Winter,Horse-gram,3886,1049.2,0.269994853
Odisha,ANUGUL,2011,Winter,Maize,10,20.4,2.04
Odisha,ANUGUL,2011,Winter,Moong(Green Gram),816,151,0.18504902
Odisha,ANUGUL,2011,Winter,Potato,557,5003,8.982046679
Odisha,ANUGUL,2011,Winter,Rapeseed &Mustard,400,44.4,0.111
Odisha,ANUGUL,2011,Winter,Rice,64000,67000,1.046875
Odisha,ANUGUL,2011,Winter,Sesamum,1008,152.2,0.150992063
Odisha,ANUGUL,2011,Winter,Sugarcane,61,3065.6,50.2557377
Odisha,ANUGUL,2011,Winter,Urad,952,202.8,0.21302521
Odisha,ANUGUL,2012,Autumn,Groundnut,3043,3292.5,1.081991456
Odisha,ANUGUL,2012,Autumn,Maize,1139,1100,0.965759438
Odisha,ANUGUL,2012,Autumn,Moong(Green Gram),1932,311.1,0.161024845
Odisha,ANUGUL,2012,Autumn,Ragi,2,1.3,0.65
Odisha,ANUGUL,2012,Autumn,Rice,14000,21000,1.5
Odisha,ANUGUL,2012,Autumn,Sesamum,768,173.6,0.226041667
Odisha,ANUGUL,2012,Autumn,Urad,1992,384.5,0.193022088
Odisha,ANUGUL,2012,Summer,Groundnut,301,393.1,1.305980066
Odisha,ANUGUL,2012,Summer,Maize,6,10.7,1.783333333
Odisha,ANUGUL,2012,Summer,Moong(Green Gram),349,107.1,0.306876791
Odisha,ANUGUL,2012,Summer,Rice,173000,2000,0.011560694
Odisha,ANUGUL,2012,Summer,Sesamum,175,49.7,0.284
Odisha,ANUGUL,2012,Summer,Urad,11,4.4,0.4
Odisha,ANUGUL,2012,Summer,Wheat,1,1.8,1.8
Odisha,ANUGUL,2012,Winter,Groundnut,154,234.4,1.522077922
Odisha,ANUGUL,2012,Winter,Horse-gram,2927,992.3,0.339016057
Odisha,ANUGUL,2012,Winter,Maize,9,14.7,1.633333333
Odisha,ANUGUL,2012,Winter,Moong(Green Gram),654,168.1,0.257033639
Odisha,ANUGUL,2012,Winter,Potato,446,4530,10.15695067
Odisha,ANUGUL,2012,Winter,Rapeseed &Mustard,548,81.1,0.147992701
Odisha,ANUGUL,2012,Winter,Rice,69000,152000,2.202898551
Odisha,ANUGUL,2012,Winter,Sesamum,1352,266.3,0.196967456
Odisha,ANUGUL,2012,Winter,Sugarcane,75,4166.8,55.55733333
Odisha,ANUGUL,2012,Winter,Urad,1182,318,0.269035533
Odisha,ANUGUL,2013,Autumn,Groundnut,1342,1512.4,1.126974665
Odisha,ANUGUL,2013,Autumn,Maize,482,490.8,1.018257261
Odisha,ANUGUL,2013,Autumn,Moong(Green Gram),957,205.8,0.215047022
Odisha,ANUGUL,2013,Autumn,Rice,13000,16000,1.230769231
Odisha,ANUGUL,2013,Autumn,Sesamum,344,82.9,0.240988372
Odisha,ANUGUL,2013,Autumn,Urad,1315,352.4,0.267984791
Odisha,ANUGUL,2013,Summer,Groundnut,181,242.9,1.34198895
Odisha,ANUGUL,2013,Summer,Maize,26,43.4,1.669230769
Odisha,ANUGUL,2013,Summer,Moong(Green Gram),306,107.7,0.351960784
Odisha,ANUGUL,2013,Summer,Sesamum,104,29.2,0.280769231
Odisha,ANUGUL,2013,Summer,Urad,53,22.3,0.420754717
Odisha,ANUGUL,2013,Winter,Groundnut,371,527.6,1.422102426
Odisha,ANUGUL,2013,Winter,Horse-gram,2157,722.6,0.335002318
Odisha,ANUGUL,2013,Winter,Maize,38,68.6,1.805263158
Odisha,ANUGUL,2013,Winter,Moong(Green Gram),803,210.4,0.262017435
Odisha,ANUGUL,2013,Winter,Potato,443,4708.6,10.62889391
Odisha,ANUGUL,2013,Winter,Rapeseed &Mustard,446,63.3,0.141928251
Odisha,ANUGUL,2013,Winter,Rice,65000,134000,2.061538462
Odisha,ANUGUL,2013,Winter,Sesamum,1213,241.4,0.199010717
Odisha,ANUGUL,2013,Winter,Sugarcane,42,2315.2,55.12380952
Odisha,ANUGUL,2013,Winter,Urad,1154,326.6,0.283015598
Odisha,ANUGUL,2014,Autumn,Groundnut,1829,2366.7,1.293985785
Odisha,ANUGUL,2014,Autumn,Maize,560,555,0.991071429
Odisha,ANUGUL,2014,Autumn,Moong(Green Gram),1276,310.1,0.243025078
Odisha,ANUGUL,2014,Autumn,Ragi,1,0.6,0.6
Odisha,ANUGUL,2014,Autumn,Rice,15000,28000,1.866666667
Odisha,ANUGUL,2014,Autumn,Sesamum,1017,294.9,0.289970501
Odisha,ANUGUL,2014,Autumn,Urad,1509,421,0.27899271
Odisha,ANUGUL,2014,Summer,Groundnut,210,335.2,1.596190476
Odisha,ANUGUL,2014,Summer,Maize,16,27.5,1.71875
Odisha,ANUGUL,2014,Summer,Moong(Green Gram),376,125.2,0.332978723
Odisha,ANUGUL,2014,Summer,Rice,1000,1000,1
Odisha,ANUGUL,2014,Summer,Sesamum,74,26.6,0.359459459
Odisha,ANUGUL,2014,Summer,Urad,25,10.3,0.412
Odisha,ANUGUL,2014,Summer,Wheat,3,4.4,1.466666667
Odisha,ANUGUL,2014,Winter,Groundnut,382,491.6,1.286910995
Odisha,ANUGUL,2014,Winter,Horse-gram,2229,822.5,0.368999551
Odisha,ANUGUL,2014,Winter,Maize,14,29.6,2.114285714
Odisha,ANUGUL,2014,Winter,Moong(Green Gram),862,257.7,0.298955916
Odisha,ANUGUL,2014,Winter,Potato,550,6322.3,11.49509091
Odisha,ANUGUL,2014,Winter,Rapeseed &Mustard,340,59.5,0.175
Odisha,ANUGUL,2014,Winter,Rice,75000,196000,2.613333333
Odisha,ANUGUL,2014,Winter,Sesamum,679,153.5,0.226067747
Odisha,ANUGUL,2014,Winter,Sugarcane,43,2100.1,48.83953488
Odisha,ANUGUL,2014,Winter,Urad,1432,465.4,0.325
Odisha,ANUGUL,2015,Autumn,Groundnut,1259,1440.3,1.144003177
Odisha,ANUGUL,2015,Autumn,Maize,472,548.1,1.161228814
Odisha,ANUGUL,2015,Autumn,Moong(Green Gram),732,189.6,0.259016393
Odisha,ANUGUL,2015,Autumn,Ragi,1,0.7,0.7
Odisha,ANUGUL,2015,Autumn,Rice,12000,12000,1
Odisha,ANUGUL,2015,Autumn,Sesamum,326,100.4,0.30797546
Odisha,ANUGUL,2015,Autumn,Urad,1291,419.6,0.325019365
Odisha,ANUGUL,2015,Summer,Groundnut,339,515.6,1.520943953
Odisha,ANUGUL,2015,Summer,Maize,10,15.4,1.54
Odisha,ANUGUL,2015,Summer,Moong(Green Gram),811,267.6,0.329963009
Odisha,ANUGUL,2015,Summer,Sesamum,93,27.1,0.291397849
Odisha,ANUGUL,2015,Summer,Urad,181,76.4,0.422099448
Odisha,ANUGUL,2015,Winter,Groundnut,4,2.5,0.625
Odisha,ANUGUL,2015,Winter,Horse-gram,1344,458.3,0.340997024
Odisha,ANUGUL,2015,Winter,Moong(Green Gram),376,103,0.27393617
Odisha,ANUGUL,2015,Winter,Potato,430,4421.7,10.28302326
Odisha,ANUGUL,2015,Winter,Rapeseed &Mustard,149,17.6,0.118120805
Odisha,ANUGUL,2015,Winter,Rice,67000,51000,0.76119403
Odisha,ANUGUL,2015,Winter,Sesamum,571,97.1,0.170052539
Odisha,ANUGUL,2015,Winter,Sugarcane,10,570.2,57.02
Odisha,ANUGUL,2015,Winter,Urad,620,193.4,0.311935484
Odisha,BALANGIR,1997,Autumn,Arhar/Tur,4768,1117,0.234270134
Odisha,BALANGIR,1997,Autumn,Groundnut,3187,2766,0.867900847
Odisha,BALANGIR,1997,Autumn,Jute,450,520,1.155555556
Odisha,BALANGIR,1997,Autumn,Maize,852,547,0.642018779
Odisha,BALANGIR,1997,Autumn,Paddy,86169,79093,0.917882301
Odisha,BALANGIR,1997,Autumn,Ragi,2567,1242,0.483833268
Odisha,BALANGIR,1997,Autumn,Sesamum,3872,693,0.178977273
Odisha,BALANGIR,1997,Autumn,Urad,5174,1112,0.214920758
Odisha,BALANGIR,1997,Rabi,Wheat,85,54,0.635294118
Odisha,BALANGIR,1997,Summer,Arhar/Tur,482,111,0.230290456
Odisha,BALANGIR,1997,Summer,Groundnut,329,390,1.185410334
Odisha,BALANGIR,1997,Summer,Horse-gram,3,1,0.333333333
Odisha,BALANGIR,1997,Summer,Maize,1,1,1
Odisha,BALANGIR,1997,Summer,Paddy,2742,3237,1.180525164
Odisha,BALANGIR,1997,Summer,Ragi,5,4,0.8
Odisha,BALANGIR,1997,Summer,Sesamum,110,24,0.218181818
Odisha,BALANGIR,1997,Summer,Urad,5,1,0.2
Odisha,BALANGIR,1997,Whole Year,Potato,66,579,8.772727273
Odisha,BALANGIR,1997,Winter,Arhar/Tur,3801,487,0.128124178
Odisha,BALANGIR,1997,Winter,Groundnut,57,63,1.105263158
Odisha,BALANGIR,1997,Winter,Horse-gram,27485,6706,0.24398763
Odisha,BALANGIR,1997,Winter,Maize,4,2,0.5
Odisha,BALANGIR,1997,Winter,Paddy,131045,189134,1.443275211
Odisha,BALANGIR,1997,Winter,Ragi,4,1,0.25
Odisha,BALANGIR,1997,Winter,Sesamum,2308,219,0.094887348
Odisha,BALANGIR,1997,Winter,Sugarcane,2174,139434,64.13707452
Odisha,BALANGIR,1997,Winter,Urad,4385,601,0.137058153
Odisha,BALANGIR,1998,Autumn,Groundnut,2521,1740,0.690202301
Odisha,BALANGIR,1998,Autumn,Maize,631,300,0.475435816
Odisha,BALANGIR,1998,Autumn,Moong(Green Gram),3583,723,0.201786213
Odisha,BALANGIR,1998,Autumn,Ragi,1672,569,0.340311005
Odisha,BALANGIR,1998,Autumn,Rice,78779,31858,0.404397111
Odisha,BALANGIR,1998,Autumn,Sesamum,3865,660,0.17076326
Odisha,BALANGIR,1998,Autumn,Urad,4265,742,0.173974209
Odisha,BALANGIR,1998,Summer,Groundnut,768,776,1.010416667
Odisha,BALANGIR,1998,Summer,Maize,1,1,1
Odisha,BALANGIR,1998,Summer,Moong(Green Gram),1390,298,0.214388489
Odisha,BALANGIR,1998,Summer,Rice,3484,3212,0.921928817
Odisha,BALANGIR,1998,Summer,Sesamum,99,16,0.161616162
Odisha,BALANGIR,1998,Summer,Wheat,122,144,1.180327869
Odisha,BALANGIR,1998,Winter,Groundnut,104,122,1.173076923
Odisha,BALANGIR,1998,Winter,Horse-gram,23424,5246,0.223958333
Odisha,BALANGIR,1998,Winter,Maize,11,6,0.545454545
Odisha,BALANGIR,1998,Winter,Moong(Green Gram),3843,334,0.086911267
Odisha,BALANGIR,1998,Winter,Potato,24,175,7.291666667
Odisha,BALANGIR,1998,Winter,Ragi,1,1,1
Odisha,BALANGIR,1998,Winter,Rapeseed &Mustard,260,18,0.069230769
Odisha,BALANGIR,1998,Winter,Rice,128555,129319,1.005942982
Odisha,BALANGIR,1998,Winter,Sesamum,1487,109,0.07330195
Odisha,BALANGIR,1998,Winter,Sugarcane,2899,179848,62.03794412
Odisha,BALANGIR,1998,Winter,Urad,2906,276,0.094975912
Odisha,BALANGIR,1999,Autumn,Rice,80000,67000,0.8375
Odisha,BALANGIR,1999,Kharif,Arhar/Tur,12290,5710,0.46460537
Odisha,BALANGIR,1999,Kharif,Castor seed,660,240,0.363636364
Odisha,BALANGIR,1999,Kharif,Cotton(lint),6780,11330,1.671091445
Odisha,BALANGIR,1999,Kharif,Dry chillies,3950,3520,0.891139241
Odisha,BALANGIR,1999,Kharif,Dry ginger,180,490,2.722222222
Odisha,BALANGIR,1999,Kharif,Groundnut,10940,10000,0.914076782
Odisha,BALANGIR,1999,Kharif,Jowar,1040,620,0.596153846
Odisha,BALANGIR,1999,Kharif,Maize,2940,2660,0.904761905
Odisha,BALANGIR,1999,Kharif,Mesta,2200,5160,2.345454545
Odisha,BALANGIR,1999,Kharif,Moong(Green Gram),22320,7720,0.345878136
Odisha,BALANGIR,1999,Kharif,Ragi,4070,2230,0.547911548
Odisha,BALANGIR,1999,Kharif,Sesamum,19820,6340,0.31987891
Odisha,BALANGIR,1999,Kharif,Small millets,2900,1050,0.362068966
Odisha,BALANGIR,1999,Kharif,Sweet potato,3000,28540,9.513333333
Odisha,BALANGIR,1999,Kharif,Urad,15120,5400,0.357142857
Odisha,BALANGIR,1999,Rabi,Castor seed,330,130,0.393939394
Odisha,BALANGIR,1999,Rabi,Coriander,440,140,0.318181818
Odisha,BALANGIR,1999,Rabi,Dry chillies,1990,1740,0.874371859
Odisha,BALANGIR,1999,Rabi,Garlic,460,1400,3.043478261
Odisha,BALANGIR,1999,Rabi,Gram,1460,630,0.431506849
Odisha,BALANGIR,1999,Rabi,Groundnut,1400,1500,1.071428571
Odisha,BALANGIR,1999,Rabi,Horse-gram,25260,7450,0.2949327
Odisha,BALANGIR,1999,Rabi,Linseed,120,40,0.333333333
Odisha,BALANGIR,1999,Rabi,Maize,200,250,1.25
Odisha,BALANGIR,1999,Rabi,Masoor,870,300,0.344827586
Odisha,BALANGIR,1999,Rabi,Moong(Green Gram),10490,3300,0.314585319
Odisha,BALANGIR,1999,Rabi,Rapeseed &Mustard,3730,1160,0.310991957
Odisha,BALANGIR,1999,Rabi,Safflower,40,20,0.5
Odisha,BALANGIR,1999,Rabi,Sesamum,1660,530,0.319277108
Odisha,BALANGIR,1999,Rabi,Sunflower,670,560,0.835820896
Odisha,BALANGIR,1999,Rabi,Sweet potato,500,3770,7.54
Odisha,BALANGIR,1999,Rabi,Urad,1740,490,0.281609195
Odisha,BALANGIR,1999,Rabi,Wheat,1450,1600,1.103448276
Odisha,BALANGIR,1999,Summer,Rice,4220,6380,1.511848341
Odisha,BALANGIR,1999,Whole Year,Onion,2760,22530,8.163043478
Odisha,BALANGIR,1999,Whole Year,Potato,90,750,8.333333333
Odisha,BALANGIR,1999,Whole Year,Sannhamp,2900,7560,2.606896552
Odisha,BALANGIR,1999,Whole Year,Tobacco,360,120,0.333333333
Odisha,BALANGIR,1999,Winter,Rice,135000,198000,1.466666667
Odisha,BALANGIR,1999,Winter,Sugarcane,2900,213650,73.67241379
Odisha,BALANGIR,2000,Autumn,Rice,83120,21670,0.260707411
Odisha,BALANGIR,2000,Kharif,Arhar/Tur,12470,7320,0.587008821
Odisha,BALANGIR,2000,Kharif,Castor seed,450,210,0.466666667
Odisha,BALANGIR,2000,Kharif,Cotton(lint),8750,13430,1.534857143
Odisha,BALANGIR,2000,Kharif,Dry ginger,190,230,1.210526316
Odisha,BALANGIR,2000,Kharif,Groundnut,3346,1518.2,0.453735804
Odisha,BALANGIR,2000,Kharif,Horse-gram,15588,2307,0.14799846
Odisha,BALANGIR,2000,Kharif,Jowar,1000,510,0.51
Odisha,BALANGIR,2000,Kharif,Maize,661,288.1,0.435854766
Odisha,BALANGIR,2000,Kharif,Mesta,1760,5570,3.164772727
Odisha,BALANGIR,2000,Kharif,Moong(Green Gram),7273,926.3,0.127361474
Odisha,BALANGIR,2000,Kharif,Other Kharif pulses,4520,2540,0.561946903
Odisha,BALANGIR,2000,Kharif,Ragi,1539,472.7,0.307147498
Odisha,BALANGIR,2000,Kharif,Sesamum,7183,675.4,0.094027565
Odisha,BALANGIR,2000,Kharif,Small millets,2830,1030,0.363957597
Odisha,BALANGIR,2000,Kharif,Urad,6658,778.1,0.116866927
Odisha,BALANGIR,2000,Rabi,Castor seed,130,40,0.307692308
Odisha,BALANGIR,2000,Rabi,Gram,510,190,0.37254902
Odisha,BALANGIR,2000,Rabi,Other  Rabi pulses,131,55,0.419847328
Odisha,BALANGIR,2000,Rabi,Rapeseed &Mustard,240,20.6,0.085833333
Odisha,BALANGIR,2000,Rabi,Sunflower,420,330,0.785714286
Odisha,BALANGIR,2000,Rabi,Wheat,209,266,1.272727273
Odisha,BALANGIR,2000,Summer,Rice,1130,1930,1.707964602
Odisha,BALANGIR,2000,Whole Year,Coriander,230,110,0.47826087
Odisha,BALANGIR,2000,Whole Year,Dry chillies,3920,3040,0.775510204
Odisha,BALANGIR,2000,Whole Year,Garlic,250,790,3.16
Odisha,BALANGIR,2000,Whole Year,Onion,1010,11120,11.00990099
Odisha,BALANGIR,2000,Whole Year,Potato,43,307.8,7.158139535
Odisha,BALANGIR,2000,Whole Year,Sannhamp,2940,10620,3.612244898
Odisha,BALANGIR,2000,Whole Year,Sugarcane,1306,77451.8,59.30459418
Odisha,BALANGIR,2000,Whole Year,Sweet potato,3400,23090,6.791176471
Odisha,BALANGIR,2000,Whole Year,Tobacco,140,40,0.285714286
Odisha,BALANGIR,2000,Winter,Rice,130520,53380,0.408979467
Odisha,BALANGIR,2001,Kharif,Arhar/Tur,10010,4750,0.474525475
Odisha,BALANGIR,2001,Kharif,Castor seed,380,130,0.342105263
Odisha,BALANGIR,2001,Kharif,Dry ginger,260,320,1.230769231
Odisha,BALANGIR,2001,Kharif,Groundnut,1419,1139.5,0.803030303
Odisha,BALANGIR,2001,Kharif,Horse-gram,22883,6223,0.271948608
Odisha,BALANGIR,2001,Kharif,Jowar,960,710,0.739583333
Odisha,BALANGIR,2001,Kharif,Maize,524,228,0.435114504
Odisha,BALANGIR,2001,Kharif,Moong(Green Gram),7220,1173.3,0.162506925
Odisha,BALANGIR,2001,Kharif,Other Kharif pulses,4160,2130,0.512019231
Odisha,BALANGIR,2001,Kharif,Ragi,1209,470.3,0.388999173
Odisha,BALANGIR,2001,Kharif,Rice,208000,321000,1.543269231
Odisha,BALANGIR,2001,Kharif,Sesamum,4776,855,0.179020101
Odisha,BALANGIR,2001,Kharif,Small millets,2230,840,0.376681614
Odisha,BALANGIR,2001,Kharif,Urad,7795,1391.5,0.178511867
Odisha,BALANGIR,2001,Rabi,Castor seed,200,80,0.4
Odisha,BALANGIR,2001,Rabi,Gram,1210,570,0.47107438
Odisha,BALANGIR,2001,Rabi,Linseed,70,10,0.142857143
Odisha,BALANGIR,2001,Rabi,Masoor,730,250,0.342465753
Odisha,BALANGIR,2001,Rabi,Other  Rabi pulses,2420,1260,0.520661157
Odisha,BALANGIR,2001,Rabi,Rapeseed &Mustard,376,36.8,0.09787234
Odisha,BALANGIR,2001,Rabi,Safflower,170,60,0.352941176
Odisha,BALANGIR,2001,Rabi,Sunflower,730,710,0.97260274
Odisha,BALANGIR,2001,Rabi,Wheat,257,355.2,1.382101167
Odisha,BALANGIR,2001,Whole Year,Coriander,210,10,0.047619048
Odisha,BALANGIR,2001,Whole Year,Dry chillies,3760,2910,0.77393617
Odisha,BALANGIR,2001,Whole Year,Garlic,240,760,3.166666667
Odisha,BALANGIR,2001,Whole Year,Onion,1090,8280,7.596330275
Odisha,BALANGIR,2001,Whole Year,Potato,52,443,8.519230769
Odisha,BALANGIR,2001,Whole Year,Sugarcane,732,42398.9,57.92199454
Odisha,BALANGIR,2001,Whole Year,Sweet potato,3410,27640,8.105571848
Odisha,BALANGIR,2001,Whole Year,Tobacco,230,70,0.304347826
Odisha,BALANGIR,2001,Whole Year,Turmeric,70,160,2.285714286
Odisha,BALANGIR,2002,Kharif,Arhar/Tur,7680,4850,0.631510417
Odisha,BALANGIR,2002,Kharif,Castor seed,570,160,0.280701754
Odisha,BALANGIR,2002,Kharif,Dry ginger,220,270,1.227272727
Odisha,BALANGIR,2002,Kharif,Groundnut,2636,1541.2,0.584673748
Odisha,BALANGIR,2002,Kharif,Horse-gram,17138,1885.2,0.110001167
Odisha,BALANGIR,2002,Kharif,Jowar,940,440,0.468085106
Odisha,BALANGIR,2002,Kharif,Maize,601,218.4,0.363394343
Odisha,BALANGIR,2002,Kharif,Moong(Green Gram),7565,906.3,0.119801718
Odisha,BALANGIR,2002,Kharif,Other Kharif pulses,4350,2400,0.551724138
Odisha,BALANGIR,2002,Kharif,Ragi,1704,425.4,0.249647887
Odisha,BALANGIR,2002,Kharif,Rice,210000,62000,0.295238095
Odisha,BALANGIR,2002,Kharif,Sesamum,4383,377.6,0.086151038
Odisha,BALANGIR,2002,Kharif,Small millets,3420,1650,0.48245614
Odisha,BALANGIR,2002,Kharif,Urad,6243,674.7,0.108073042
Odisha,BALANGIR,2002,Rabi,Castor seed,120,50,0.416666667
Odisha,BALANGIR,2002,Rabi,Gram,540,220,0.407407407
Odisha,BALANGIR,2002,Rabi,Masoor,590,200,0.338983051
Odisha,BALANGIR,2002,Rabi,Other  Rabi pulses,1220,650,0.532786885
Odisha,BALANGIR,2002,Rabi,Rapeseed &Mustard,430,37.8,0.087906977
Odisha,BALANGIR,2002,Rabi,Safflower,20,10,0.5
Odisha,BALANGIR,2002,Rabi,Sunflower,490,470,0.959183673
Odisha,BALANGIR,2002,Rabi,Wheat,265,344.8,1.301132075
Odisha,BALANGIR,2002,Whole Year,Coriander,250,120,0.48
Odisha,BALANGIR,2002,Whole Year,Dry chillies,2990,2310,0.772575251
Odisha,BALANGIR,2002,Whole Year,Garlic,210,660,3.142857143
Odisha,BALANGIR,2002,Whole Year,Onion,1100,10450,9.5
Odisha,BALANGIR,2002,Whole Year,Potato,63,414.7,6.582539683
Odisha,BALANGIR,2002,Whole Year,Sugarcane,327,18499,56.57186544
Odisha,BALANGIR,2002,Whole Year,Sweet potato,3610,29890,8.279778393
Odisha,BALANGIR,2002,Whole Year,Tobacco,60,20,0.333333333
Odisha,BALANGIR,2002,Whole Year,Turmeric,10,20,2
Odisha,BALANGIR,2003,Kharif,Arhar/Tur,9160,7140,0.779475983
Odisha,BALANGIR,2003,Kharif,Castor seed,670,320,0.47761194
Odisha,BALANGIR,2003,Kharif,Dry ginger,40,50,1.25
Odisha,BALANGIR,2003,Kharif,Groundnut,4180,3372,0.806698565
Odisha,BALANGIR,2003,Kharif,Horse-gram,19545,4475.8,0.228999744
Odisha,BALANGIR,2003,Kharif,Jowar,950,590,0.621052632
Odisha,BALANGIR,2003,Kharif,Maize,592,288.3,0.486993243
Odisha,BALANGIR,2003,Kharif,Moong(Green Gram),10679,1841.3,0.172422511
Odisha,BALANGIR,2003,Kharif,Other Kharif pulses,4480,2360,0.526785714
Odisha,BALANGIR,2003,Kharif,Ragi,984,375.8,0.381910569
Odisha,BALANGIR,2003,Kharif,Rice,224000,324000,1.446428571
Odisha,BALANGIR,2003,Kharif,Sesamum,3150,383,0.121587302
Odisha,BALANGIR,2003,Kharif,Small millets,4050,1670,0.412345679
Odisha,BALANGIR,2003,Kharif,Urad,6760,1066.6,0.157781065
Odisha,BALANGIR,2003,Rabi,Castor seed,320,160,0.5
Odisha,BALANGIR,2003,Rabi,Gram,1360,600,0.441176471
Odisha,BALANGIR,2003,Rabi,Linseed,40,10,0.25
Odisha,BALANGIR,2003,Rabi,Masoor,680,230,0.338235294
Odisha,BALANGIR,2003,Rabi,Other  Rabi pulses,1900,930,0.489473684
Odisha,BALANGIR,2003,Rabi,Rapeseed &Mustard,1182,133.6,0.113028765
Odisha,BALANGIR,2003,Rabi,Safflower,40,10,0.25
Odisha,BALANGIR,2003,Rabi,Sunflower,630,580,0.920634921
Odisha,BALANGIR,2003,Rabi,Wheat,272,351.7,1.293014706
Odisha,BALANGIR,2003,Whole Year,Coriander,250,120,0.48
Odisha,BALANGIR,2003,Whole Year,Dry chillies,2450,1960,0.8
Odisha,BALANGIR,2003,Whole Year,Garlic,230,750,3.260869565
Odisha,BALANGIR,2003,Whole Year,Onion,1100,10470,9.518181818
Odisha,BALANGIR,2003,Whole Year,Potato,6,48.9,8.15
Odisha,BALANGIR,2003,Whole Year,Sugarcane,347,21386,61.63112392
Odisha,BALANGIR,2003,Whole Year,Sweet potato,3640,30590,8.403846154
Odisha,BALANGIR,2003,Whole Year,Tobacco,270,90,0.333333333
Odisha,BALANGIR,2003,Whole Year,Turmeric,20,50,2.5
Odisha,BALANGIR,2004,Autumn,Groundnut,3580,2742.3,0.766005587
Odisha,BALANGIR,2004,Autumn,Maize,727,368.6,0.507015131
Odisha,BALANGIR,2004,Autumn,Moong(Green Gram),3813,690.2,0.181012326
Odisha,BALANGIR,2004,Autumn,Ragi,1010,371.7,0.368019802
Odisha,BALANGIR,2004,Autumn,Rice,93000,72000,0.774193548
Odisha,BALANGIR,2004,Autumn,Sesamum,1192,351.6,0.294966443
Odisha,BALANGIR,2004,Autumn,Urad,4814,919.5,0.191005401
Odisha,BALANGIR,2004,Kharif,Castor seed,638,240,0.376175549
Odisha,BALANGIR,2004,Kharif,Dry ginger,47,58,1.234042553
Odisha,BALANGIR,2004,Kharif,Jowar,955,515,0.539267016
Odisha,BALANGIR,2004,Kharif,Small millets,3295,1634,0.495902883
Odisha,BALANGIR,2004,Rabi,Castor seed,290,120,0.413793103
Odisha,BALANGIR,2004,Rabi,Gram,1423,633,0.444834856
Odisha,BALANGIR,2004,Rabi,Linseed,50,13,0.26
Odisha,BALANGIR,2004,Rabi,Masoor,665,230,0.345864662
Odisha,BALANGIR,2004,Rabi,Other  Rabi pulses,1886,973,0.515906681
Odisha,BALANGIR,2004,Rabi,Safflower,21,11,0.523809524
Odisha,BALANGIR,2004,Rabi,Sunflower,751,593,0.789613848
Odisha,BALANGIR,2004,Summer,Groundnut,1107,1232.1,1.11300813
Odisha,BALANGIR,2004,Summer,Maize,4,3.3,0.825
Odisha,BALANGIR,2004,Summer,Moong(Green Gram),1891,334.7,0.176996298
Odisha,BALANGIR,2004,Summer,Rice,5000,7000,1.4
Odisha,BALANGIR,2004,Summer,Sesamum,80,11.8,0.1475
Odisha,BALANGIR,2004,Summer,Urad,38,4.6,0.121052632
Odisha,BALANGIR,2004,Summer,Wheat,135,169,1.251851852
Odisha,BALANGIR,2004,Whole Year,Coriander,292,142,0.48630137
Odisha,BALANGIR,2004,Whole Year,Dry chillies,3363,2690,0.799881059
Odisha,BALANGIR,2004,Whole Year,Garlic,188,597,3.175531915
Odisha,BALANGIR,2004,Whole Year,Onion,1454,13807,9.495873453
Odisha,BALANGIR,2004,Whole Year,Sweet potato,3622,30434,8.402540033
Odisha,BALANGIR,2004,Whole Year,Tobacco,136,47,0.345588235
Odisha,BALANGIR,2004,Whole Year,Turmeric,19,41,2.157894737
Odisha,BALANGIR,2004,Winter,Groundnut,256,242.7,0.948046875
Odisha,BALANGIR,2004,Winter,Horse-gram,19957,4949.3,0.247998196
Odisha,BALANGIR,2004,Winter,Maize,1,1.1,1.1
Odisha,BALANGIR,2004,Winter,Moong(Green Gram),3890,564.1,0.145012853
Odisha,BALANGIR,2004,Winter,Potato,15,116.6,7.773333333
Odisha,BALANGIR,2004,Winter,Ragi,6,3.4,0.566666667
Odisha,BALANGIR,2004,Winter,Rapeseed &Mustard,637,69.4,0.108948195
Odisha,BALANGIR,2004,Winter,Rice,133000,172000,1.293233083
Odisha,BALANGIR,2004,Winter,Sesamum,2171,228,0.105020728
Odisha,BALANGIR,2004,Winter,Sugarcane,958,67819.7,70.79300626
Odisha,BALANGIR,2004,Winter,Urad,4437,612.3,0.137998648
Odisha,BALANGIR,2005,Autumn,Groundnut,4890,3403.4,0.69599182
Odisha,BALANGIR,2005,Autumn,Maize,800,411.9,0.514875
Odisha,BALANGIR,2005,Autumn,Moong(Green Gram),4115,629.6,0.153001215
Odisha,BALANGIR,2005,Autumn,Ragi,845,333.8,0.395029586
Odisha,BALANGIR,2005,Autumn,Rice,88000,67000,0.761363636
Odisha,BALANGIR,2005,Autumn,Sesamum,1734,248,0.143021915
Odisha,BALANGIR,2005,Autumn,Urad,4241,721,0.170007074
Odisha,BALANGIR,2005,Summer,Groundnut,377,389.1,1.032095491
Odisha,BALANGIR,2005,Summer,Maize,2,2.3,1.15
Odisha,BALANGIR,2005,Summer,Moong(Green Gram),3212,786.9,0.244987547
Odisha,BALANGIR,2005,Summer,Rice,3000,5000,1.666666667
Odisha,BALANGIR,2005,Summer,Sesamum,111,22.5,0.202702703
Odisha,BALANGIR,2005,Summer,Urad,208,73.2,0.351923077
Odisha,BALANGIR,2005,Summer,Wheat,224,263,1.174107143
Odisha,BALANGIR,2005,Winter,Groundnut,11,9.8,0.890909091
Odisha,BALANGIR,2005,Winter,Horse-gram,14144,3776.4,0.266996606
Odisha,BALANGIR,2005,Winter,Maize,10,16.4,1.64
Odisha,BALANGIR,2005,Winter,Moong(Green Gram),3801,676.6,0.178005788
Odisha,BALANGIR,2005,Winter,Potato,18,124.7,6.927777778
Odisha,BALANGIR,2005,Winter,Ragi,4,2.7,0.675
Odisha,BALANGIR,2005,Winter,Rapeseed &Mustard,1751,238.1,0.13597944
Odisha,BALANGIR,2005,Winter,Rice,138000,229000,1.65942029
Odisha,BALANGIR,2005,Winter,Sesamum,1401,156.9,0.111991435
Odisha,BALANGIR,2005,Winter,Sugarcane,938,59412.9,63.33997868
Odisha,BALANGIR,2005,Winter,Urad,3681,515.3,0.139989133
Odisha,BALANGIR,2006,Autumn,Groundnut,5224,4210.5,0.805991577
Odisha,BALANGIR,2006,Autumn,Maize,722,377.8,0.523268698
Odisha,BALANGIR,2006,Autumn,Moong(Green Gram),4675,930.3,0.198994652
Odisha,BALANGIR,2006,Autumn,Ragi,930,412,0.443010753
Odisha,BALANGIR,2006,Autumn,Rice,78000,80000,1.025641026
Odisha,BALANGIR,2006,Autumn,Sesamum,954,187,0.196016771
Odisha,BALANGIR,2006,Autumn,Urad,5003,1025.6,0.204997002
Odisha,BALANGIR,2006,Summer,Groundnut,733,738.1,1.006957708
Odisha,BALANGIR,2006,Summer,Maize,3,2.5,0.833333333
Odisha,BALANGIR,2006,Summer,Moong(Green Gram),2542,569.4,0.223996853
Odisha,BALANGIR,2006,Summer,Rice,3000,6000,2
Odisha,BALANGIR,2006,Summer,Sesamum,83,19.4,0.23373494
Odisha,BALANGIR,2006,Summer,Urad,122,22.4,0.183606557
Odisha,BALANGIR,2006,Summer,Wheat,292,375.6,1.28630137
Odisha,BALANGIR,2006,Winter,Groundnut,118,84.5,0.716101695
Odisha,BALANGIR,2006,Winter,Horse-gram,15203,3481.5,0.229000855
Odisha,BALANGIR,2006,Winter,Maize,3,2.5,0.833333333
Odisha,BALANGIR,2006,Winter,Moong(Green Gram),3023,541.1,0.178994376
Odisha,BALANGIR,2006,Winter,Potato,32,227.2,7.1
Odisha,BALANGIR,2006,Winter,Rapeseed &Mustard,1443,176,0.121968122
Odisha,BALANGIR,2006,Winter,Rice,133000,229000,1.721804511
Odisha,BALANGIR,2006,Winter,Sesamum,1947,266.7,0.136979969
Odisha,BALANGIR,2006,Winter,Sugarcane,934,60045,64.28800857
Odisha,BALANGIR,2006,Winter,Urad,3729,581.7,0.155993564
Odisha,BALANGIR,2007,Autumn,Groundnut,4890,4581.9,0.936993865
Odisha,BALANGIR,2007,Autumn,Maize,759,538.1,0.708959157
Odisha,BALANGIR,2007,Autumn,Moong(Green Gram),4979,911.2,0.183008636
Odisha,BALANGIR,2007,Autumn,Ragi,1028,514,0.5
Odisha,BALANGIR,2007,Autumn,Rice,79000,103000,1.303797468
Odisha,BALANGIR,2007,Autumn,Sesamum,1962,355.1,0.180988787
Odisha,BALANGIR,2007,Autumn,Urad,5877,1163.6,0.197992173
Odisha,BALANGIR,2007,Summer,Groundnut,791,1006.9,1.272945638
Odisha,BALANGIR,2007,Summer,Maize,1,0.8,0.8
Odisha,BALANGIR,2007,Summer,Moong(Green Gram),4594,1176.1,0.256007836
Odisha,BALANGIR,2007,Summer,Rice,3000,7000,2.333333333
Odisha,BALANGIR,2007,Summer,Sesamum,89,19,0.213483146
Odisha,BALANGIR,2007,Summer,Urad,120,26.3,0.219166667
Odisha,BALANGIR,2007,Summer,Wheat,262,376.2,1.435877863
Odisha,BALANGIR,2007,Winter,Groundnut,24,22.1,0.920833333
Odisha,BALANGIR,2007,Winter,Horse-gram,14091,3128.2,0.221999858
Odisha,BALANGIR,2007,Winter,Moong(Green Gram),5122,947.6,0.185005857
Odisha,BALANGIR,2007,Winter,Potato,8,43.7,5.4625
Odisha,BALANGIR,2007,Winter,Ragi,7,4.4,0.628571429
Odisha,BALANGIR,2007,Winter,Rapeseed &Mustard,1886,232,0.123011665
Odisha,BALANGIR,2007,Winter,Rice,134000,280000,2.089552239
Odisha,BALANGIR,2007,Winter,Sesamum,1497,239.5,0.15998664
Odisha,BALANGIR,2007,Winter,Sugarcane,869,58025.7,66.77295742
Odisha,BALANGIR,2007,Winter,Urad,1500,303,0.202
Odisha,BALANGIR,2008,Autumn,Groundnut,4438,3976.4,0.895989184
Odisha,BALANGIR,2008,Autumn,Maize,945,663.1,0.701693122
Odisha,BALANGIR,2008,Autumn,Moong(Green Gram),5089,921.1,0.180998231
Odisha,BALANGIR,2008,Autumn,Ragi,1347,544.2,0.404008909
Odisha,BALANGIR,2008,Autumn,Rice,76000,80000,1.052631579
Odisha,BALANGIR,2008,Autumn,Sesamum,2080,299.5,0.143990385
Odisha,BALANGIR,2008,Autumn,Urad,5603,1075.8,0.192004283
Odisha,BALANGIR,2008,Summer,Groundnut,692,858.8,1.241040462
Odisha,BALANGIR,2008,Summer,Maize,2,1.2,0.6
Odisha,BALANGIR,2008,Summer,Moong(Green Gram),3727,980.2,0.262999732
Odisha,BALANGIR,2008,Summer,Rice,4000,8000,2
Odisha,BALANGIR,2008,Summer,Sesamum,55,14.7,0.267272727
Odisha,BALANGIR,2008,Summer,Urad,257,73.8,0.287159533
Odisha,BALANGIR,2008,Summer,Wheat,230,340.4,1.48
Odisha,BALANGIR,2008,Winter,Groundnut,8,9.6,1.2
Odisha,BALANGIR,2008,Winter,Horse-gram,9960,2390.4,0.24
Odisha,BALANGIR,2008,Winter,Moong(Green Gram),5329,959.2,0.179996247
Odisha,BALANGIR,2008,Winter,Potato,70,526.4,7.52
Odisha,BALANGIR,2008,Winter,Rapeseed &Mustard,1710,263.3,0.153976608
Odisha,BALANGIR,2008,Winter,Rice,135000,219000,1.622222222
Odisha,BALANGIR,2008,Winter,Sesamum,1120,134.4,0.12
Odisha,BALANGIR,2008,Winter,Sugarcane,605,39653.5,65.54297521
Odisha,BALANGIR,2008,Winter,Urad,1185,186,0.156962025
Odisha,BALANGIR,2009,Autumn,Groundnut,5069,4785.1,0.943992898
Odisha,BALANGIR,2009,Autumn,Maize,981,669.5,0.682466871
Odisha,BALANGIR,2009,Autumn,Moong(Green Gram),5634,1166.2,0.206993255
Odisha,BALANGIR,2009,Autumn,Ragi,1100,508.2,0.462
Odisha,BALANGIR,2009,Autumn,Rice,76000,78000,1.026315789
Odisha,BALANGIR,2009,Autumn,Sesamum,2798,534.4,0.190993567
Odisha,BALANGIR,2009,Autumn,Urad,7368,1598.9,0.217005972
Odisha,BALANGIR,2009,Summer,Groundnut,407,502.6,1.234889435
Odisha,BALANGIR,2009,Summer,Maize,4,2.8,0.7
Odisha,BALANGIR,2009,Summer,Moong(Green Gram),4414,1399.2,0.316991391
Odisha,BALANGIR,2009,Summer,Rice,6000,10000,1.666666667
Odisha,BALANGIR,2009,Summer,Sesamum,16,3.8,0.2375
Odisha,BALANGIR,2009,Summer,Urad,380,144.8,0.381052632
Odisha,BALANGIR,2009,Summer,Wheat,200,295.3,1.4765
Odisha,BALANGIR,2009,Winter,Groundnut,621,634,1.020933977
Odisha,BALANGIR,2009,Winter,Horse-gram,11866,3144.5,0.265000843
Odisha,BALANGIR,2009,Winter,Moong(Green Gram),5722,1253.1,0.218996854
Odisha,BALANGIR,2009,Winter,Potato,95,798.1,8.401052632
Odisha,BALANGIR,2009,Winter,Rapeseed &Mustard,1517,248.8,0.16400791
Odisha,BALANGIR,2009,Winter,Rice,139000,251000,1.805755396
Odisha,BALANGIR,2009,Winter,Sesamum,1748,265.7,0.152002288
Odisha,BALANGIR,2009,Winter,Sugarcane,544,39283.3,72.21194853
Odisha,BALANGIR,2009,Winter,Urad,3249,623.8,0.191997538
Odisha,BALANGIR,2010,Autumn,Groundnut,5156,4887.9,0.948002327
Odisha,BALANGIR,2010,Autumn,Maize,1517,1146.8,0.755965722
Odisha,BALANGIR,2010,Autumn,Moong(Green Gram),7027,1531.9,0.218001992
Odisha,BALANGIR,2010,Autumn,Ragi,1243,530.8,0.427031376
Odisha,BALANGIR,2010,Autumn,Rice,73000,75000,1.02739726
Odisha,BALANGIR,2010,Autumn,Sesamum,3279,721.4,0.220006099
Odisha,BALANGIR,2010,Autumn,Urad,7089,1687.2,0.238002539
Odisha,BALANGIR,2010,Summer,Groundnut,462,580.3,1.256060606
Odisha,BALANGIR,2010,Summer,Maize,25,40,1.6
Odisha,BALANGIR,2010,Summer,Moong(Green Gram),3815,1041.5,0.273001311
Odisha,BALANGIR,2010,Summer,Rice,3000,8000,2.666666667
Odisha,BALANGIR,2010,Summer,Sesamum,34,14.5,0.426470588
Odisha,BALANGIR,2010,Summer,Urad,197,84.7,0.429949239
Odisha,BALANGIR,2010,Summer,Wheat,84,109.3,1.301190476
Odisha,BALANGIR,2010,Winter,Groundnut,362,325.1,0.898066298
Odisha,BALANGIR,2010,Winter,Horse-gram,11661,4151.3,0.355998628
Odisha,BALANGIR,2010,Winter,Maize,13,15,1.153846154
Odisha,BALANGIR,2010,Winter,Moong(Green Gram),6864,1558.1,0.226995921
Odisha,BALANGIR,2010,Winter,Potato,25,224.9,8.996
Odisha,BALANGIR,2010,Winter,Ragi,2,1.1,0.55
Odisha,BALANGIR,2010,Winter,Rapeseed &Mustard,1692,248.7,0.146985816
Odisha,BALANGIR,2010,Winter,Rice,136000,315000,2.316176471
Odisha,BALANGIR,2010,Winter,Sesamum,1750,260.8,0.149028571
Odisha,BALANGIR,2010,Winter,Sugarcane,490,34350.5,70.10306122
Odisha,BALANGIR,2010,Winter,Urad,2102,510.8,0.24300666
Odisha,BALANGIR,2011,Autumn,Groundnut,4627,2827.1,0.611000648
Odisha,BALANGIR,2011,Autumn,Maize,1022,648.5,0.634540117
Odisha,BALANGIR,2011,Autumn,Moong(Green Gram),5351,882.9,0.164997197
Odisha,BALANGIR,2011,Autumn,Ragi,509,135.4,0.266011788
Odisha,BALANGIR,2011,Autumn,Rice,53000,14000,0.264150943
Odisha,BALANGIR,2011,Autumn,Sesamum,2138,367.7,0.171983162
Odisha,BALANGIR,2011,Autumn,Urad,5100,872.1,0.171
Odisha,BALANGIR,2011,Summer,Groundnut,251,333.3,1.327888446
Odisha,BALANGIR,2011,Summer,Maize,4,5.8,1.45
Odisha,BALANGIR,2011,Summer,Moong(Green Gram),1384,298.9,0.215968208
Odisha,BALANGIR,2011,Summer,Rice,4000,9000,2.25
Odisha,BALANGIR,2011,Summer,Sesamum,46,10.2,0.22173913
Odisha,BALANGIR,2011,Summer,Urad,294,62.6,0.21292517
Odisha,BALANGIR,2011,Summer,Wheat,77,109.2,1.418181818
Odisha,BALANGIR,2011,Winter,Groundnut,63,74.9,1.188888889
Odisha,BALANGIR,2011,Winter,Horse-gram,6766,1123.2,0.166006503
Odisha,BALANGIR,2011,Winter,Maize,3,2.9,0.966666667
Odisha,BALANGIR,2011,Winter,Moong(Green Gram),3852,496.9,0.128997923
Odisha,BALANGIR,2011,Winter,Potato,11,59.4,5.4
Odisha,BALANGIR,2011,Winter,Rapeseed &Mustard,646,66.5,0.102941176
Odisha,BALANGIR,2011,Winter,Rice,117000,51000,0.435897436
Odisha,BALANGIR,2011,Winter,Sesamum,598,60.4,0.101003344
Odisha,BALANGIR,2011,Winter,Sugarcane,663,47561,71.73604827
Odisha,BALANGIR,2011,Winter,Urad,1117,131.8,0.117994628
Odisha,BALANGIR,2012,Autumn,Groundnut,4309,5175.1,1.200997911
Odisha,BALANGIR,2012,Autumn,Maize,920,1174.8,1.276956522
Odisha,BALANGIR,2012,Autumn,Moong(Green Gram),6170,2147.2,0.348006483
Odisha,BALANGIR,2012,Autumn,Ragi,366,236.4,0.645901639
Odisha,BALANGIR,2012,Autumn,Rice,64000,133000,2.078125
Odisha,BALANGIR,2012,Autumn,Sesamum,1135,253.1,0.222995595
Odisha,BALANGIR,2012,Autumn,Urad,5238,2058.5,0.392993509
Odisha,BALANGIR,2012,Summer,Groundnut,291,404.5,1.390034364
Odisha,BALANGIR,2012,Summer,Maize,9,8.2,0.911111111
Odisha,BALANGIR,2012,Summer,Moong(Green Gram),2570,1323.6,0.515019455
Odisha,BALANGIR,2012,Summer,Rice,623000,10000,0.016051364
Odisha,BALANGIR,2012,Summer,Sesamum,94,23.4,0.24893617
Odisha,BALANGIR,2012,Summer,Urad,416,262.9,0.631971154
Odisha,BALANGIR,2012,Summer,Wheat,50,92.4,1.848
Odisha,BALANGIR,2012,Winter,Groundnut,600,716.4,1.194
Odisha,BALANGIR,2012,Winter,Horse-gram,8778,3669.2,0.417999544
Odisha,BALANGIR,2012,Winter,Maize,3,10.8,3.6
Odisha,BALANGIR,2012,Winter,Moong(Green Gram),7864,3200.6,0.406993896
Odisha,BALANGIR,2012,Winter,Potato,47,429.1,9.129787234
Odisha,BALANGIR,2012,Winter,Rapeseed &Mustard,2466,559.8,0.227007299
Odisha,BALANGIR,2012,Winter,Rice,130000,490000,3.769230769
Odisha,BALANGIR,2012,Winter,Sesamum,1853,618.9,0.333998921
Odisha,BALANGIR,2012,Winter,Sugarcane,648,51880.2,80.06203704
Odisha,BALANGIR,2012,Winter,Urad,1828,773.2,0.42297593
Odisha,BALANGIR,2013,Autumn,Groundnut,4478,5597.5,1.25
Odisha,BALANGIR,2013,Autumn,Maize,1360,2711.4,1.993676471
Odisha,BALANGIR,2013,Autumn,Moong(Green Gram),5993,2115.5,0.352995161
Odisha,BALANGIR,2013,Autumn,Ragi,248,244.5,0.985887097
Odisha,BALANGIR,2013,Autumn,Rice,69000,145000,2.101449275
Odisha,BALANGIR,2013,Autumn,Sesamum,1420,325.2,0.229014085
Odisha,BALANGIR,2013,Autumn,Urad,6759,2426.5,0.359002811
Odisha,BALANGIR,2013,Summer,Groundnut,22,49.1,2.231818182
Odisha,BALANGIR,2013,Summer,Maize,40,117.2,2.93
Odisha,BALANGIR,2013,Summer,Moong(Green Gram),1864,1045.7,0.560997854
Odisha,BALANGIR,2013,Summer,Rice,4000,12000,3
Odisha,BALANGIR,2013,Summer,Sesamum,16,3.3,0.20625
Odisha,BALANGIR,2013,Summer,Urad,479,357.8,0.74697286
Odisha,BALANGIR,2013,Summer,Wheat,6,14.5,2.416666667
Odisha,BALANGIR,2013,Winter,Groundnut,12,12.3,1.025
Odisha,BALANGIR,2013,Winter,Horse-gram,6782,2841.7,0.419006193
Odisha,BALANGIR,2013,Winter,Moong(Green Gram),5845,2302.9,0.393994867
Odisha,BALANGIR,2013,Winter,Potato,2,21.3,10.65
Odisha,BALANGIR,2013,Winter,Rapeseed &Mustard,2076,485.8,0.234007707
Odisha,BALANGIR,2013,Winter,Rice,131000,494000,3.770992366
Odisha,BALANGIR,2013,Winter,Sesamum,1518,283.9,0.187022398
Odisha,BALANGIR,2013,Winter,Sugarcane,465,39468.3,84.87806452
Odisha,BALANGIR,2013,Winter,Urad,678,368.2,0.543067847
Odisha,BALANGIR,2014,Autumn,Groundnut,4266,5558.6,1.303000469
Odisha,BALANGIR,2014,Autumn,Maize,1341,1947.2,1.452050708
Odisha,BALANGIR,2014,Autumn,Moong(Green Gram),5078,1574.2,0.310003939
Odisha,BALANGIR,2014,Autumn,Rice,73000,196000,2.684931507
Odisha,BALANGIR,2014,Autumn,Sesamum,1999,419.8,0.210005003
Odisha,BALANGIR,2014,Autumn,Urad,5441,1779.2,0.326998713
Odisha,BALANGIR,2014,Summer,Groundnut,64,76.9,1.2015625
Odisha,BALANGIR,2014,Summer,Moong(Green Gram),1592,698.9,0.439007538
Odisha,BALANGIR,2014,Summer,Rice,3000,7000,2.333333333
Odisha,BALANGIR,2014,Summer,Sesamum,3,0.4,0.133333333
Odisha,BALANGIR,2014,Summer,Urad,21,10.2,0.485714286
Odisha,BALANGIR,2014,Winter,Horse-gram,6367,2203,0.346002827
Odisha,BALANGIR,2014,Winter,Maize,3,8,2.666666667
Odisha,BALANGIR,2014,Winter,Moong(Green Gram),4699,1546,0.329006172
Odisha,BALANGIR,2014,Winter,Potato,28,192.4,6.871428571
Odisha,BALANGIR,2014,Winter,Rapeseed &Mustard,564,135.9,0.240957447
Odisha,BALANGIR,2014,Winter,Rice,130000,438000,3.369230769
Odisha,BALANGIR,2014,Winter,Sugarcane,291,17531,60.24398625
Odisha,BALANGIR,2014,Winter,Urad,374,148.5,0.397058824
Odisha,BALANGIR,2015,Autumn,Groundnut,4128,3529.4,0.85499031
Odisha,BALANGIR,2015,Autumn,Maize,1468,1376.4,0.93760218
Odisha,BALANGIR,2015,Autumn,Moong(Green Gram),5158,1072.9,0.208006979
Odisha,BALANGIR,2015,Autumn,Rice,74000,49000,0.662162162
Odisha,BALANGIR,2015,Autumn,Sesamum,2109,436.6,0.207017544
Odisha,BALANGIR,2015,Autumn,Urad,6105,1330.9,0.218001638
Odisha,BALANGIR,2015,Summer,Groundnut,350,405,1.157142857
Odisha,BALANGIR,2015,Summer,Maize,1,2.5,2.5
Odisha,BALANGIR,2015,Summer,Moong(Green Gram),1249,403.4,0.322978383
Odisha,BALANGIR,2015,Summer,Rice,1000,3000,3
Odisha,BALANGIR,2015,Summer,Sesamum,2,0.4,0.2
Odisha,BALANGIR,2015,Summer,Urad,1,0.4,0.4
Odisha,BALANGIR,2015,Winter,Groundnut,9,4.3,0.477777778
Odisha,BALANGIR,2015,Winter,Horse-gram,5646,1484.9,0.263000354
Odisha,BALANGIR,2015,Winter,Maize,2,3.3,1.65
Odisha,BALANGIR,2015,Winter,Moong(Green Gram),2475,655.9,0.265010101
Odisha,BALANGIR,2015,Winter,Potato,10,66.1,6.61
Odisha,BALANGIR,2015,Winter,Rapeseed &Mustard,795,145.5,0.183018868
Odisha,BALANGIR,2015,Winter,Rice,117000,129000,1.102564103
Odisha,BALANGIR,2015,Winter,Sugarcane,323,22710.5,70.31114551
Odisha,BALANGIR,2015,Winter,Urad,576,176.8,0.306944444
Odisha,BALESHWAR,1997,Autumn,Groundnut,1,1,1
Odisha,BALESHWAR,1997,Autumn,Jute,3650,3020,0.82739726
Odisha,BALESHWAR,1997,Autumn,Maize,3,2,0.666666667
Odisha,BALESHWAR,1997,Autumn,Paddy,4099,3528,0.860697731
Odisha,BALESHWAR,1997,Autumn,Urad,38,9,0.236842105
Odisha,BALESHWAR,1997,Rabi,Wheat,40,36,0.9
Odisha,BALESHWAR,1997,Summer,Arhar/Tur,3913,646,0.165090723
Odisha,BALESHWAR,1997,Summer,Groundnut,2255,2433,1.078935698
Odisha,BALESHWAR,1997,Summer,Paddy,26489,45585,1.720903016
Odisha,BALESHWAR,1997,Summer,Sesamum,644,126,0.195652174
Odisha,BALESHWAR,1997,Summer,Urad,120,30,0.25
Odisha,BALESHWAR,1997,Whole Year,Potato,204,2462,12.06862745
Odisha,BALESHWAR,1997,Winter,Arhar/Tur,5,1,0.2
Odisha,BALESHWAR,1997,Winter,Horse-gram,6,2,0.333333333
Odisha,BALESHWAR,1997,Winter,Paddy,218263,328320,1.504240297
Odisha,BALESHWAR,1997,Winter,Sugarcane,147,5514,37.51020408
Odisha,BALESHWAR,1997,Winter,Urad,402,183,0.455223881
Odisha,BALESHWAR,1998,Autumn,Jute,278,1389,4.996402878
Odisha,BALESHWAR,1998,Autumn,Maize,1,,
Odisha,BALESHWAR,1998,Autumn,Rice,1569,1509,0.961759082
Odisha,BALESHWAR,1998,Autumn,Sesamum,2,,
Odisha,BALESHWAR,1998,Autumn,Urad,35,5,0.142857143
Odisha,BALESHWAR,1998,Summer,Groundnut,2828,2814,0.995049505
Odisha,BALESHWAR,1998,Summer,Horse-gram,1,,
Odisha,BALESHWAR,1998,Summer,Maize,6,6,1
Odisha,BALESHWAR,1998,Summer,Moong(Green Gram),1785,361,0.202240896
Odisha,BALESHWAR,1998,Summer,Rice,27577,56719,2.05675019
Odisha,BALESHWAR,1998,Summer,Sesamum,435,83,0.190804598
Odisha,BALESHWAR,1998,Summer,Urad,41,13,0.317073171
Odisha,BALESHWAR,1998,Summer,Wheat,83,82,0.987951807
Odisha,BALESHWAR,1998,Winter,Horse-gram,1,,
Odisha,BALESHWAR,1998,Winter,Maize,2,1,0.5
Odisha,BALESHWAR,1998,Winter,Potato,219,2694,12.30136986
Odisha,BALESHWAR,1998,Winter,Ragi,3,2,0.666666667
Odisha,BALESHWAR,1998,Winter,Rapeseed &Mustard,1321,230,0.174110522
Odisha,BALESHWAR,1998,Winter,Rice,209874,131329,0.625751641
Odisha,BALESHWAR,1998,Winter,Sugarcane,187,6508,34.80213904
Odisha,BALESHWAR,1998,Winter,Urad,253,83,0.328063241
Odisha,BALESHWAR,1999,Autumn,Rice,2000,3000,1.5
Odisha,BALESHWAR,1999,Kharif,Arhar/Tur,310,200,0.64516129
Odisha,BALESHWAR,1999,Kharif,Castor seed,110,60,0.545454545
Odisha,BALESHWAR,1999,Kharif,Dry chillies,1020,480,0.470588235
Odisha,BALESHWAR,1999,Kharif,Dry ginger,720,1870,2.597222222
Odisha,BALESHWAR,1999,Kharif,Groundnut,90,80,0.888888889
Odisha,BALESHWAR,1999,Kharif,Jute,1940,10820,5.577319588
Odisha,BALESHWAR,1999,Kharif,Maize,510,410,0.803921569
Odisha,BALESHWAR,1999,Kharif,Mesta,150,470,3.133333333
Odisha,BALESHWAR,1999,Kharif,Moong(Green Gram),110,40,0.363636364
Odisha,BALESHWAR,1999,Kharif,Sesamum,250,80,0.32
Odisha,BALESHWAR,1999,Kharif,Small millets,70,30,0.428571429
Odisha,BALESHWAR,1999,Kharif,Sweet potato,200,1710,8.55
Odisha,BALESHWAR,1999,Kharif,Turmeric,1020,1940,1.901960784
Odisha,BALESHWAR,1999,Kharif,Urad,340,150,0.441176471
Odisha,BALESHWAR,1999,Rabi,Castor seed,90,30,0.333333333
Odisha,BALESHWAR,1999,Rabi,Coriander,1430,580,0.405594406
Odisha,BALESHWAR,1999,Rabi,Dry chillies,2590,1770,0.683397683
Odisha,BALESHWAR,1999,Rabi,Garlic,580,1800,3.103448276
Odisha,BALESHWAR,1999,Rabi,Gram,280,140,0.5
Odisha,BALESHWAR,1999,Rabi,Groundnut,8100,16390,2.02345679
Odisha,BALESHWAR,1999,Rabi,Maize,150,200,1.333333333
Odisha,BALESHWAR,1999,Rabi,Moong(Green Gram),9890,4030,0.407482305
Odisha,BALESHWAR,1999,Rabi,Rapeseed &Mustard,6500,2390,0.367692308
Odisha,BALESHWAR,1999,Rabi,Sesamum,1300,420,0.323076923
Odisha,BALESHWAR,1999,Rabi,Sunflower,170,90,0.529411765
Odisha,BALESHWAR,1999,Rabi,Sweet potato,650,5010,7.707692308
Odisha,BALESHWAR,1999,Rabi,Urad,8900,4270,0.479775281
Odisha,BALESHWAR,1999,Rabi,Wheat,810,950,1.172839506
Odisha,BALESHWAR,1999,Summer,Rice,38360,88760,2.313868613
Odisha,BALESHWAR,1999,Whole Year,Onion,2670,12450,4.662921348
Odisha,BALESHWAR,1999,Whole Year,Potato,350,4310,12.31428571
Odisha,BALESHWAR,1999,Whole Year,Sannhamp,1060,4330,4.08490566
Odisha,BALESHWAR,1999,Winter,Rice,215000,165000,0.76744186
Odisha,BALESHWAR,1999,Winter,Sugarcane,420,20160,48
Odisha,BALESHWAR,2000,Autumn,Rice,4350,6320,1.452873563
Odisha,BALESHWAR,2000,Kharif,Arhar/Tur,290,150,0.517241379
Odisha,BALESHWAR,2000,Kharif,Castor seed,100,50,0.5
Odisha,BALESHWAR,2000,Kharif,Dry ginger,670,1390,2.074626866
Odisha,BALESHWAR,2000,Kharif,Groundnut,2672,2860.6,1.070583832
Odisha,BALESHWAR,2000,Kharif,Jute,2070,13400,6.473429952
Odisha,BALESHWAR,2000,Kharif,Mesta,140,490,3.5
Odisha,BALESHWAR,2000,Kharif,Moong(Green Gram),1595,504,0.315987461
Odisha,BALESHWAR,2000,Kharif,Sesamum,260,73.6,0.283076923
Odisha,BALESHWAR,2000,Kharif,Urad,359,202.8,0.564902507
Odisha,BALESHWAR,2000,Rabi,Castor seed,130,40,0.307692308
Odisha,BALESHWAR,2000,Rabi,Gram,200,100,0.5
Odisha,BALESHWAR,2000,Rabi,Other  Rabi pulses,92,27,0.293478261
Odisha,BALESHWAR,2000,Rabi,Rapeseed &Mustard,887,295.4,0.333032694
Odisha,BALESHWAR,2000,Rabi,Sunflower,60,30,0.5
Odisha,BALESHWAR,2000,Rabi,Wheat,39,50.8,1.302564103
Odisha,BALESHWAR,2000,Summer,Rice,20220,33330,1.648367953
Odisha,BALESHWAR,2000,Whole Year,Coriander,1500,740,0.493333333
Odisha,BALESHWAR,2000,Whole Year,Dry chillies,3700,3180,0.859459459
Odisha,BALESHWAR,2000,Whole Year,Garlic,530,1680,3.169811321
Odisha,BALESHWAR,2000,Whole Year,Onion,2460,23340,9.487804878
Odisha,BALESHWAR,2000,Whole Year,Potato,268,3486.1,13.00783582
Odisha,BALESHWAR,2000,Whole Year,Sannhamp,1320,5720,4.333333333
Odisha,BALESHWAR,2000,Whole Year,Sugarcane,200,9384,46.92
Odisha,BALESHWAR,2000,Whole Year,Sweet potato,930,6610,7.107526882
Odisha,BALESHWAR,2000,Whole Year,Turmeric,790,1880,2.379746835
Odisha,BALESHWAR,2000,Winter,Rice,220650,342800,1.553591661
Odisha,BALESHWAR,2001,Kharif,Arhar/Tur,270,170,0.62962963
Odisha,BALESHWAR,2001,Kharif,Castor seed,120,60,0.5
Odisha,BALESHWAR,2001,Kharif,Dry ginger,590,1220,2.06779661
Odisha,BALESHWAR,2001,Kharif,Groundnut,1170,1166.9,0.997350427
Odisha,BALESHWAR,2001,Kharif,Jute,800,5542,6.9275
Odisha,BALESHWAR,2001,Kharif,Maize,7,5.3,0.757142857
Odisha,BALESHWAR,2001,Kharif,Moong(Green Gram),2452,610.6,0.249021207
Odisha,BALESHWAR,2001,Kharif,Rice,247000,438000,1.773279352
Odisha,BALESHWAR,2001,Kharif,Sesamum,269,76.2,0.283271375
Odisha,BALESHWAR,2001,Kharif,Urad,833,278.6,0.334453782
Odisha,BALESHWAR,2001,Rabi,Castor seed,150,70,0.466666667
Odisha,BALESHWAR,2001,Rabi,Gram,160,100,0.625
Odisha,BALESHWAR,2001,Rabi,Other  Rabi pulses,770,870,1.12987013
Odisha,BALESHWAR,2001,Rabi,Rapeseed &Mustard,709,178.7,0.252045134
Odisha,BALESHWAR,2001,Rabi,Safflower,50,30,0.6
Odisha,BALESHWAR,2001,Rabi,Sunflower,200,100,0.5
Odisha,BALESHWAR,2001,Rabi,Wheat,79,69.9,0.884810127
Odisha,BALESHWAR,2001,Whole Year,Coriander,1480,730,0.493243243
Odisha,BALESHWAR,2001,Whole Year,Dry chillies,3680,3120,0.847826087
Odisha,BALESHWAR,2001,Whole Year,Garlic,360,1140,3.166666667
Odisha,BALESHWAR,2001,Whole Year,Onion,570,5400,9.473684211
Odisha,BALESHWAR,2001,Whole Year,Potato,257,2793.1,10.86809339
Odisha,BALESHWAR,2001,Whole Year,Sugarcane,157,6604.5,42.06687898
Odisha,BALESHWAR,2001,Whole Year,Sweet potato,950,7740,8.147368421
Odisha,BALESHWAR,2001,Whole Year,Turmeric,810,1930,2.382716049
Odisha,BALESHWAR,2002,Kharif,Arhar/Tur,180,120,0.666666667
Odisha,BALESHWAR,2002,Kharif,Castor seed,90,50,0.555555556
Odisha,BALESHWAR,2002,Kharif,Dry ginger,770,1590,2.064935065
Odisha,BALESHWAR,2002,Kharif,Groundnut,1512,1495,0.988756614
Odisha,BALESHWAR,2002,Kharif,Horse-gram,2,1,0.5
Odisha,BALESHWAR,2002,Kharif,Jute,974,7895,8.105749487
Odisha,BALESHWAR,2002,Kharif,Moong(Green Gram),3308,803.8,0.242986699
Odisha,BALESHWAR,2002,Kharif,Rice,224000,214000,0.955357143
Odisha,BALESHWAR,2002,Kharif,Sesamum,525,151.8,0.289142857
Odisha,BALESHWAR,2002,Kharif,Urad,1041,344.4,0.330835735
Odisha,BALESHWAR,2002,Rabi,Castor seed,100,40,0.4
Odisha,BALESHWAR,2002,Rabi,Gram,170,120,0.705882353
Odisha,BALESHWAR,2002,Rabi,Other  Rabi pulses,640,600,0.9375
Odisha,BALESHWAR,2002,Rabi,Rapeseed &Mustard,950,239.4,0.252
Odisha,BALESHWAR,2002,Rabi,Sunflower,50,30,0.6
Odisha,BALESHWAR,2002,Rabi,Wheat,145,121.5,0.837931034
Odisha,BALESHWAR,2002,Whole Year,Coriander,1180,580,0.491525424
Odisha,BALESHWAR,2002,Whole Year,Dry chillies,4120,3540,0.859223301
Odisha,BALESHWAR,2002,Whole Year,Garlic,310,980,3.161290323
Odisha,BALESHWAR,2002,Whole Year,Onion,1470,13930,9.476190476
Odisha,BALESHWAR,2002,Whole Year,Potato,312,3348.7,10.73301282
Odisha,BALESHWAR,2002,Whole Year,Sugarcane,253,8937.2,35.32490119
Odisha,BALESHWAR,2002,Whole Year,Sweet potato,120,1000,8.333333333
Odisha,BALESHWAR,2002,Whole Year,Turmeric,930,2210,2.376344086
Odisha,BALESHWAR,2003,Kharif,Arhar/Tur,150,90,0.6
Odisha,BALESHWAR,2003,Kharif,Castor seed,110,50,0.454545455
Odisha,BALESHWAR,2003,Kharif,Dry ginger,660,1360,2.060606061
Odisha,BALESHWAR,2003,Kharif,Groundnut,2061,2291.8,1.111984474
Odisha,BALESHWAR,2003,Kharif,Jute,379,2371,6.255936675
Odisha,BALESHWAR,2003,Kharif,Maize,1,1.3,1.3
Odisha,BALESHWAR,2003,Kharif,Moong(Green Gram),3438,869.8,0.252995928
Odisha,BALESHWAR,2003,Kharif,Rice,235000,371000,1.578723404
Odisha,BALESHWAR,2003,Kharif,Sesamum,617,205.3,0.33273906
Odisha,BALESHWAR,2003,Kharif,Urad,488,222.6,0.456147541
Odisha,BALESHWAR,2003,Rabi,Castor seed,90,40,0.444444444
Odisha,BALESHWAR,2003,Rabi,Gram,110,80,0.727272727
Odisha,BALESHWAR,2003,Rabi,Other  Rabi pulses,600,560,0.933333333
Odisha,BALESHWAR,2003,Rabi,Rapeseed &Mustard,1058,342.8,0.324007561
Odisha,BALESHWAR,2003,Rabi,Sunflower,60,30,0.5
Odisha,BALESHWAR,2003,Rabi,Wheat,128,143.6,1.121875
Odisha,BALESHWAR,2003,Whole Year,Coriander,1250,610,0.488
Odisha,BALESHWAR,2003,Whole Year,Dry chillies,4440,3820,0.86036036
Odisha,BALESHWAR,2003,Whole Year,Garlic,470,1500,3.191489362
Odisha,BALESHWAR,2003,Whole Year,Onion,1430,13200,9.230769231
Odisha,BALESHWAR,2003,Whole Year,Potato,248,3093.1,12.47217742
Odisha,BALESHWAR,2003,Whole Year,Sugarcane,118,6327.8,53.62542373
Odisha,BALESHWAR,2003,Whole Year,Sweet potato,130,1060,8.153846154
Odisha,BALESHWAR,2003,Whole Year,Turmeric,900,2150,2.388888889
Odisha,BALESHWAR,2004,Autumn,Jute,226,1595,7.057522124
Odisha,BALESHWAR,2004,Autumn,Rice,1000,2000,2
Odisha,BALESHWAR,2004,Autumn,Sesamum,1,0.3,0.3
Odisha,BALESHWAR,2004,Autumn,Urad,9,1.4,0.155555556
Odisha,BALESHWAR,2004,Kharif,Castor seed,74,40,0.540540541
Odisha,BALESHWAR,2004,Kharif,Dry ginger,682,1404,2.058651026
Odisha,BALESHWAR,2004,Rabi,Castor seed,86,40,0.465116279
Odisha,BALESHWAR,2004,Rabi,Gram,98,72,0.734693878
Odisha,BALESHWAR,2004,Rabi,Other  Rabi pulses,606,565,0.932343234
Odisha,BALESHWAR,2004,Rabi,Sunflower,87,54,0.620689655
Odisha,BALESHWAR,2004,Summer,Groundnut,3552,4049.3,1.140005631
Odisha,BALESHWAR,2004,Summer,Moong(Green Gram),2380,740.2,0.311008403
Odisha,BALESHWAR,2004,Summer,Rice,26000,56000,2.153846154
Odisha,BALESHWAR,2004,Summer,Sesamum,1333,478.5,0.358964741
Odisha,BALESHWAR,2004,Summer,Urad,245,75,0.306122449
Odisha,BALESHWAR,2004,Summer,Wheat,103,91.4,0.887378641
Odisha,BALESHWAR,2004,Whole Year,Coriander,1169,572,0.4893071
Odisha,BALESHWAR,2004,Whole Year,Dry chillies,3941,3390,0.86018777
Odisha,BALESHWAR,2004,Whole Year,Garlic,393,1248,3.175572519
Odisha,BALESHWAR,2004,Whole Year,Onion,1248,11556,9.259615385
Odisha,BALESHWAR,2004,Whole Year,Sweet potato,127,1050,8.267716535
Odisha,BALESHWAR,2004,Whole Year,Turmeric,940,2237,2.379787234
Odisha,BALESHWAR,2004,Winter,Horse-gram,2,2,1
Odisha,BALESHWAR,2004,Winter,Maize,1,1.1,1.1
Odisha,BALESHWAR,2004,Winter,Potato,256,2705.4,10.56796875
Odisha,BALESHWAR,2004,Winter,Rapeseed &Mustard,1492,464,0.310991957
Odisha,BALESHWAR,2004,Winter,Rice,213000,366000,1.718309859
Odisha,BALESHWAR,2004,Winter,Sugarcane,102,4973.1,48.75588235
Odisha,BALESHWAR,2004,Winter,Urad,306,115.4,0.377124183
Odisha,BALESHWAR,2005,Autumn,Jute,302,2102,6.960264901
Odisha,BALESHWAR,2005,Autumn,Rice,1000,2000,2
Odisha,BALESHWAR,2005,Autumn,Sesamum,4,0.6,0.15
Odisha,BALESHWAR,2005,Autumn,Urad,13,2.7,0.207692308
Odisha,BALESHWAR,2005,Summer,Groundnut,2520,3389.4,1.345
Odisha,BALESHWAR,2005,Summer,Horse-gram,1,0.2,0.2
Odisha,BALESHWAR,2005,Summer,Maize,1,5.4,5.4
Odisha,BALESHWAR,2005,Summer,Moong(Green Gram),2435,784.1,0.32201232
Odisha,BALESHWAR,2005,Summer,Rice,32000,68000,2.125
Odisha,BALESHWAR,2005,Summer,Sesamum,1625,596.4,0.367015385
Odisha,BALESHWAR,2005,Summer,Urad,361,117.3,0.324930748
Odisha,BALESHWAR,2005,Summer,Wheat,91,94.1,1.034065934
Odisha,BALESHWAR,2005,Winter,Horse-gram,40,16.4,0.41
Odisha,BALESHWAR,2005,Winter,Moong(Green Gram),3,1.5,0.5
Odisha,BALESHWAR,2005,Winter,Potato,301,1878.2,6.23986711
Odisha,BALESHWAR,2005,Winter,Rapeseed &Mustard,1748,538.4,0.308009153
Odisha,BALESHWAR,2005,Winter,Rice,214000,305000,1.425233645
Odisha,BALESHWAR,2005,Winter,Sugarcane,293,14383.1,49.0890785
Odisha,BALESHWAR,2005,Winter,Urad,178,55.2,0.31011236
Odisha,BALESHWAR,2006,Autumn,Groundnut,107,56.2,0.525233645
Odisha,BALESHWAR,2006,Autumn,Jute,578,3471,6.005190311
Odisha,BALESHWAR,2006,Autumn,Rice,2000,2000,1
Odisha,BALESHWAR,2006,Autumn,Sesamum,7,0.7,0.1
Odisha,BALESHWAR,2006,Autumn,Urad,42,10.8,0.257142857
Odisha,BALESHWAR,2006,Summer,Groundnut,3623,4575.8,1.262986475
Odisha,BALESHWAR,2006,Summer,Horse-gram,1,0.2,0.2
Odisha,BALESHWAR,2006,Summer,Maize,1,2.3,2.3
Odisha,BALESHWAR,2006,Summer,Moong(Green Gram),3765,1163.4,0.309003984
Odisha,BALESHWAR,2006,Summer,Rice,28000,66000,2.357142857
Odisha,BALESHWAR,2006,Summer,Sesamum,1575,519.8,0.330031746
Odisha,BALESHWAR,2006,Summer,Urad,278,96.5,0.347122302
Odisha,BALESHWAR,2006,Summer,Wheat,267,298.5,1.117977528
Odisha,BALESHWAR,2006,Winter,Horse-gram,2,0.7,0.35
Odisha,BALESHWAR,2006,Winter,Maize,2,10.9,5.45
Odisha,BALESHWAR,2006,Winter,Moong(Green Gram),15,4.2,0.28
Odisha,BALESHWAR,2006,Winter,Potato,256,2231.8,8.71796875
Odisha,BALESHWAR,2006,Winter,Rapeseed &Mustard,1312,359.5,0.274009146
Odisha,BALESHWAR,2006,Winter,Rice,221000,291000,1.316742081
Odisha,BALESHWAR,2006,Winter,Sugarcane,305,15991.5,52.43114754
Odisha,BALESHWAR,2006,Winter,Urad,253,111.8,0.441897233
Odisha,BALESHWAR,2007,Autumn,Jute,1260,6076,4.822222222
Odisha,BALESHWAR,2007,Autumn,Maize,1,2.4,2.4
Odisha,BALESHWAR,2007,Autumn,Rice,1000,1000,1
Odisha,BALESHWAR,2007,Autumn,Urad,6,1.2,0.2
Odisha,BALESHWAR,2007,Summer,Groundnut,3891,3914.3,1.005988178
Odisha,BALESHWAR,2007,Summer,Horse-gram,1,0.1,0.1
Odisha,BALESHWAR,2007,Summer,Moong(Green Gram),1963,592.8,0.301986755
Odisha,BALESHWAR,2007,Summer,Rice,36000,95000,2.638888889
Odisha,BALESHWAR,2007,Summer,Sesamum,1954,572.5,0.292988741
Odisha,BALESHWAR,2007,Summer,Urad,468,136.7,0.292094017
Odisha,BALESHWAR,2007,Summer,Wheat,280,316.1,1.128928571
Odisha,BALESHWAR,2007,Winter,Horse-gram,12,4.8,0.4
Odisha,BALESHWAR,2007,Winter,Moong(Green Gram),2,0.4,0.2
Odisha,BALESHWAR,2007,Winter,Potato,253,2878.4,11.3770751
Odisha,BALESHWAR,2007,Winter,Rapeseed &Mustard,1492,484.9,0.325
Odisha,BALESHWAR,2007,Winter,Rice,204000,293000,1.43627451
Odisha,BALESHWAR,2007,Winter,Sugarcane,100,3498.5,34.985
Odisha,BALESHWAR,2007,Winter,Urad,264,109,0.412878788
Odisha,BALESHWAR,2008,Autumn,Jute,10,48,4.8
Odisha,BALESHWAR,2008,Autumn,Rice,1000,1000,1
Odisha,BALESHWAR,2008,Autumn,Urad,60,17.8,0.296666667
Odisha,BALESHWAR,2008,Summer,Groundnut,4247,3690.6,0.868989875
Odisha,BALESHWAR,2008,Summer,Moong(Green Gram),969,290.7,0.3
Odisha,BALESHWAR,2008,Summer,Rice,34000,72000,2.117647059
Odisha,BALESHWAR,2008,Summer,Sesamum,1002,311.6,0.310978044
Odisha,BALESHWAR,2008,Summer,Urad,128,49.9,0.38984375
Odisha,BALESHWAR,2008,Summer,Wheat,263,196.9,0.748669202
Odisha,BALESHWAR,2008,Winter,Horse-gram,1,0.5,0.5
Odisha,BALESHWAR,2008,Winter,Maize,1,0.6,0.6
Odisha,BALESHWAR,2008,Winter,Moong(Green Gram),1,0.4,0.4
Odisha,BALESHWAR,2008,Winter,Potato,112,1263.2,11.27857143
Odisha,BALESHWAR,2008,Winter,Rapeseed &Mustard,922,244.3,0.264967462
Odisha,BALESHWAR,2008,Winter,Rice,211000,273000,1.293838863
Odisha,BALESHWAR,2008,Winter,Sugarcane,117,4435.6,37.91111111
Odisha,BALESHWAR,2008,Winter,Urad,208,88.8,0.426923077
Odisha,BALESHWAR,2009,Autumn,Jute,106,647,6.103773585
Odisha,BALESHWAR,2009,Autumn,Sesamum,2,0.4,0.2
Odisha,BALESHWAR,2009,Autumn,Urad,16,2.5,0.15625
Odisha,BALESHWAR,2009,Summer,Groundnut,2257,1936.5,0.857997342
Odisha,BALESHWAR,2009,Summer,Moong(Green Gram),2052,675.1,0.328996101
Odisha,BALESHWAR,2009,Summer,Rice,30000,79000,2.633333333
Odisha,BALESHWAR,2009,Summer,Sesamum,1730,638.4,0.369017341
Odisha,BALESHWAR,2009,Summer,Urad,254,83.6,0.329133858
Odisha,BALESHWAR,2009,Summer,Wheat,94,84.4,0.89787234
Odisha,BALESHWAR,2009,Winter,Horse-gram,7,3.6,0.514285714
Odisha,BALESHWAR,2009,Winter,Moong(Green Gram),3,0.7,0.233333333
Odisha,BALESHWAR,2009,Winter,Potato,103,1462.3,14.19708738
Odisha,BALESHWAR,2009,Winter,Rapeseed &Mustard,788,268.7,0.340989848
Odisha,BALESHWAR,2009,Winter,Rice,211000,302000,1.431279621
Odisha,BALESHWAR,2009,Winter,Sugarcane,52,2681.3,51.56346154
Odisha,BALESHWAR,2009,Winter,Urad,472,220,0.466101695
Odisha,BALESHWAR,2010,Autumn,Jute,227,1464,6.449339207
Odisha,BALESHWAR,2010,Autumn,Rice,1000,1000,1
Odisha,BALESHWAR,2010,Autumn,Sesamum,1,0.1,0.1
Odisha,BALESHWAR,2010,Autumn,Urad,92,23.8,0.258695652
Odisha,BALESHWAR,2010,Summer,Groundnut,1778,1918.5,1.079021372
Odisha,BALESHWAR,2010,Summer,Maize,68,146.1,2.148529412
Odisha,BALESHWAR,2010,Summer,Moong(Green Gram),3229,1091.4,0.337999381
Odisha,BALESHWAR,2010,Summer,Rice,33000,88000,2.666666667
Odisha,BALESHWAR,2010,Summer,Sesamum,1195,417.1,0.349037657
Odisha,BALESHWAR,2010,Summer,Urad,974,392.5,0.402977413
Odisha,BALESHWAR,2010,Summer,Wheat,104,112.8,1.084615385
Odisha,BALESHWAR,2010,Winter,Horse-gram,42,13.9,0.330952381
Odisha,BALESHWAR,2010,Winter,Potato,228,2790.5,12.23903509
Odisha,BALESHWAR,2010,Winter,Rapeseed &Mustard,1553,585.5,0.377012234
Odisha,BALESHWAR,2010,Winter,Rice,205000,348000,1.697560976
Odisha,BALESHWAR,2010,Winter,Sugarcane,94,4471.5,47.56914894
Odisha,BALESHWAR,2010,Winter,Urad,308,166.3,0.539935065
Odisha,BALESHWAR,2011,Autumn,Jute,175,1196,6.834285714
Odisha,BALESHWAR,2011,Autumn,Rice,1000,1000,1
Odisha,BALESHWAR,2011,Autumn,Urad,50,13.3,0.266
Odisha,BALESHWAR,2011,Summer,Groundnut,2896,4529.3,1.563984807
Odisha,BALESHWAR,2011,Summer,Maize,15,33.8,2.253333333
Odisha,BALESHWAR,2011,Summer,Moong(Green Gram),4171,1655.9,0.397003117
Odisha,BALESHWAR,2011,Summer,Rice,24000,72000,3
Odisha,BALESHWAR,2011,Summer,Sesamum,1210,465.9,0.385041322
Odisha,BALESHWAR,2011,Summer,Urad,639,241.5,0.377934272
Odisha,BALESHWAR,2011,Summer,Wheat,51,57.2,1.121568627
Odisha,BALESHWAR,2011,Winter,Potato,102,1272.7,12.47745098
Odisha,BALESHWAR,2011,Winter,Rapeseed &Mustard,1188,388.5,0.327020202
Odisha,BALESHWAR,2011,Winter,Rice,211000,425000,2.014218009
Odisha,BALESHWAR,2011,Winter,Sugarcane,9,484.8,53.86666667
Odisha,BALESHWAR,2011,Winter,Urad,291,139.4,0.479037801
Odisha,BALESHWAR,2012,Autumn,Jute,76,72.3,0.951315789
Odisha,BALESHWAR,2012,Autumn,Urad,4,1.2,0.3
Odisha,BALESHWAR,2012,Summer,Groundnut,2400,3285.6,1.369
Odisha,BALESHWAR,2012,Summer,Moong(Green Gram),1786,762.6,0.426987682
Odisha,BALESHWAR,2012,Summer,Rice,278000,86000,0.309352518
Odisha,BALESHWAR,2012,Summer,Sesamum,800,328,0.41
Odisha,BALESHWAR,2012,Summer,Urad,614,227.2,0.370032573
Odisha,BALESHWAR,2012,Summer,Wheat,57,74.3,1.303508772
Odisha,BALESHWAR,2012,Winter,Horse-gram,2,1.1,0.55
Odisha,BALESHWAR,2012,Winter,Moong(Green Gram),2,0.6,0.3
Odisha,BALESHWAR,2012,Winter,Potato,130,2001.6,15.39692308
Odisha,BALESHWAR,2012,Winter,Rapeseed &Mustard,772,335,0.433937824
Odisha,BALESHWAR,2012,Winter,Rice,180000,278000,1.544444444
Odisha,BALESHWAR,2012,Winter,Sugarcane,63,3580.9,56.83968254
Odisha,BALESHWAR,2012,Winter,Urad,334,176.4,0.528143713
Odisha,BALESHWAR,2013,Autumn,Jute,323,322,0.996904025
Odisha,BALESHWAR,2013,Autumn,Urad,17,2.6,0.152941176
Odisha,BALESHWAR,2013,Summer,Groundnut,1500,2119.5,1.413
Odisha,BALESHWAR,2013,Summer,Moong(Green Gram),1723,771.9,0.447997678
Odisha,BALESHWAR,2013,Summer,Rice,31000,117000,3.774193548
Odisha,BALESHWAR,2013,Summer,Sesamum,359,119.2,0.332033426
Odisha,BALESHWAR,2013,Summer,Urad,174,80.4,0.462068966
Odisha,BALESHWAR,2013,Summer,Wheat,60,78.5,1.308333333
Odisha,BALESHWAR,2013,Winter,Horse-gram,1,0.2,0.2
Odisha,BALESHWAR,2013,Winter,Potato,179,2965.9,16.56927374
Odisha,BALESHWAR,2013,Winter,Rapeseed &Mustard,1797,706.2,0.392988314
Odisha,BALESHWAR,2013,Winter,Rice,195000,165000,0.846153846
Odisha,BALESHWAR,2013,Winter,Sugarcane,71,3368.2,47.43943662
Odisha,BALESHWAR,2013,Winter,Urad,16,7.6,0.475
Odisha,BALESHWAR,2014,Autumn,Jute,193,378.7,1.962176166
Odisha,BALESHWAR,2014,Autumn,Urad,4,1.4,0.35
Odisha,BALESHWAR,2014,Summer,Groundnut,1009,1629.5,1.614965312
Odisha,BALESHWAR,2014,Summer,Maize,46,146.7,3.189130435
Odisha,BALESHWAR,2014,Summer,Moong(Green Gram),2306,924.7,0.400997398
Odisha,BALESHWAR,2014,Summer,Rice,38000,139000,3.657894737
Odisha,BALESHWAR,2014,Summer,Sesamum,623,240.5,0.386035313
Odisha,BALESHWAR,2014,Summer,Urad,192,73.5,0.3828125
Odisha,BALESHWAR,2014,Summer,Wheat,5,6.4,1.28
Odisha,BALESHWAR,2014,Winter,Horse-gram,1,0.2,0.2
Odisha,BALESHWAR,2014,Winter,Potato,307,4403,14.34201954
Odisha,BALESHWAR,2014,Winter,Rapeseed &Mustard,580,250.6,0.432068966
Odisha,BALESHWAR,2014,Winter,Rice,181000,362000,2
Odisha,BALESHWAR,2014,Winter,Sugarcane,187,6432.8,34.4
Odisha,BALESHWAR,2014,Winter,Urad,14,5.9,0.421428571
Odisha,BALESHWAR,2015,Autumn,Jute,186,301.1,1.618817204
Odisha,BALESHWAR,2015,Summer,Groundnut,2079,2490.6,1.197979798
Odisha,BALESHWAR,2015,Summer,Maize,3,0.3,0.1
Odisha,BALESHWAR,2015,Summer,Moong(Green Gram),3403,1691.3,0.497002645
Odisha,BALESHWAR,2015,Summer,Rice,29000,93000,3.206896552
Odisha,BALESHWAR,2015,Summer,Sesamum,844,360.4,0.427014218
Odisha,BALESHWAR,2015,Summer,Urad,1244,639.4,0.513987138
Odisha,BALESHWAR,2015,Summer,Wheat,3,2,0.666666667
Odisha,BALESHWAR,2015,Winter,Horse-gram,1,2,2
Odisha,BALESHWAR,2015,Winter,Potato,224,3044.4,13.59107143
Odisha,BALESHWAR,2015,Winter,Rapeseed &Mustard,755,277.8,0.36794702
Odisha,BALESHWAR,2015,Winter,Rice,192000,283000,1.473958333
Odisha,BALESHWAR,2015,Winter,Sugarcane,508,27161.2,53.46692913
Odisha,BALESHWAR,2015,Winter,Urad,117,45.5,0.388888889
Odisha,BARGARH,1997,Autumn,Arhar/Tur,14149,3933,0.277970175
Odisha,BARGARH,1997,Autumn,Groundnut,19020,19362,1.017981073
Odisha,BARGARH,1997,Autumn,Maize,38,26,0.684210526
Odisha,BARGARH,1997,Autumn,Paddy,56521,71238,1.260381097
Odisha,BARGARH,1997,Autumn,Ragi,4,2,0.5
Odisha,BARGARH,1997,Autumn,Sesamum,788,311,0.394670051
Odisha,BARGARH,1997,Autumn,Urad,6504,2088,0.32103321
Odisha,BARGARH,1997,Rabi,Wheat,3,2,0.666666667
Odisha,BARGARH,1997,Summer,Arhar/Tur,831,288,0.346570397
Odisha,BARGARH,1997,Summer,Groundnut,3476,4988,1.434982739
Odisha,BARGARH,1997,Summer,Maize,2,1,0.5
Odisha,BARGARH,1997,Summer,Paddy,50733,110657,2.181164134
Odisha,BARGARH,1997,Summer,Sesamum,378,112,0.296296296
Odisha,BARGARH,1997,Summer,Urad,14,5,0.357142857
Odisha,BARGARH,1997,Whole Year,Potato,261,2156,8.260536398
Odisha,BARGARH,1997,Winter,Arhar/Tur,50,9,0.18
Odisha,BARGARH,1997,Winter,Horse-gram,1159,345,0.297670406
Odisha,BARGARH,1997,Winter,Paddy,184748,337658,1.827667959
Odisha,BARGARH,1997,Winter,Sesamum,457,58,0.126914661
Odisha,BARGARH,1997,Winter,Sugarcane,1149,75440,65.65709312
Odisha,BARGARH,1997,Winter,Urad,8,2,0.25
Odisha,BARGARH,1998,Autumn,Groundnut,16634,15187,0.913009499
Odisha,BARGARH,1998,Autumn,Maize,27,18,0.666666667
Odisha,BARGARH,1998,Autumn,Moong(Green Gram),12532,3421,0.272981168
Odisha,BARGARH,1998,Autumn,Ragi,16,5,0.3125
Odisha,BARGARH,1998,Autumn,Rice,56661,43562,0.768818058
Odisha,BARGARH,1998,Autumn,Sesamum,825,172,0.208484848
Odisha,BARGARH,1998,Autumn,Urad,6076,1659,0.273041475
Odisha,BARGARH,1998,Summer,Groundnut,4074,5463,1.340942563
Odisha,BARGARH,1998,Summer,Moong(Green Gram),1264,386,0.305379747
Odisha,BARGARH,1998,Summer,Rice,59120,141439,2.392405277
Odisha,BARGARH,1998,Summer,Sesamum,230,62,0.269565217
Odisha,BARGARH,1998,Summer,Urad,6,1,0.166666667
Odisha,BARGARH,1998,Summer,Wheat,78,100,1.282051282
Odisha,BARGARH,1998,Winter,Groundnut,5,3,0.6
Odisha,BARGARH,1998,Winter,Horse-gram,1119,328,0.293118856
Odisha,BARGARH,1998,Winter,Maize,1,1,1
Odisha,BARGARH,1998,Winter,Moong(Green Gram),106,19,0.179245283
Odisha,BARGARH,1998,Winter,Potato,224,2142,9.5625
Odisha,BARGARH,1998,Winter,Ragi,7,4,0.571428571
Odisha,BARGARH,1998,Winter,Rapeseed &Mustard,248,41,0.165322581
Odisha,BARGARH,1998,Winter,Rice,183916,301329,1.638405576
Odisha,BARGARH,1998,Winter,Sesamum,953,118,0.123819517
Odisha,BARGARH,1998,Winter,Sugarcane,1340,90540,67.56716418
Odisha,BARGARH,1998,Winter,Urad,47,15,0.319148936
Odisha,BARGARH,1999,Autumn,Rice,57000,63000,1.105263158
Odisha,BARGARH,1999,Kharif,Arhar/Tur,2090,1410,0.674641148
Odisha,BARGARH,1999,Kharif,Castor seed,400,180,0.45
Odisha,BARGARH,1999,Kharif,Dry chillies,3100,3380,1.090322581
Odisha,BARGARH,1999,Kharif,Dry ginger,540,1060,1.962962963
Odisha,BARGARH,1999,Kharif,Groundnut,24770,29060,1.173193379
Odisha,BARGARH,1999,Kharif,Jowar,150,80,0.533333333
Odisha,BARGARH,1999,Kharif,Maize,800,1330,1.6625
Odisha,BARGARH,1999,Kharif,Mesta,1890,5880,3.111111111
Odisha,BARGARH,1999,Kharif,Moong(Green Gram),23290,13420,0.576212967
Odisha,BARGARH,1999,Kharif,Ragi,160,90,0.5625
Odisha,BARGARH,1999,Kharif,Sesamum,3200,1860,0.58125
Odisha,BARGARH,1999,Kharif,Sunflower,20,10,0.5
Odisha,BARGARH,1999,Kharif,Sweet potato,1790,15860,8.860335196
Odisha,BARGARH,1999,Kharif,Turmeric,350,520,1.485714286
Odisha,BARGARH,1999,Kharif,Urad,12730,6260,0.491751767
Odisha,BARGARH,1999,Rabi,Coriander,860,390,0.453488372
Odisha,BARGARH,1999,Rabi,Dry chillies,2240,2680,1.196428571
Odisha,BARGARH,1999,Rabi,Garlic,560,1780,3.178571429
Odisha,BARGARH,1999,Rabi,Gram,230,120,0.52173913
Odisha,BARGARH,1999,Rabi,Groundnut,4800,6160,1.283333333
Odisha,BARGARH,1999,Rabi,Maize,270,470,1.740740741
Odisha,BARGARH,1999,Rabi,Moong(Green Gram),6230,3910,0.627608347
Odisha,BARGARH,1999,Rabi,Rapeseed &Mustard,3210,1610,0.501557632
Odisha,BARGARH,1999,Rabi,Sesamum,1340,660,0.492537313
Odisha,BARGARH,1999,Rabi,Sunflower,210,110,0.523809524
Odisha,BARGARH,1999,Rabi,Urad,1310,600,0.458015267
Odisha,BARGARH,1999,Rabi,Wheat,630,1220,1.936507937
Odisha,BARGARH,1999,Summer,Rice,63890,205060,3.209578964
Odisha,BARGARH,1999,Whole Year,Onion,1930,8620,4.466321244
Odisha,BARGARH,1999,Whole Year,Potato,300,3100,10.33333333
Odisha,BARGARH,1999,Whole Year,Sannhamp,420,1120,2.666666667
Odisha,BARGARH,1999,Winter,Rice,182000,381000,2.093406593
Odisha,BARGARH,1999,Winter,Sugarcane,860,60800,70.69767442
Odisha,BARGARH,2000,Autumn,Rice,63530,12340,0.194238942
Odisha,BARGARH,2000,Kharif,Arhar/Tur,2310,1670,0.722943723
Odisha,BARGARH,2000,Kharif,Dry ginger,340,700,2.058823529
Odisha,BARGARH,2000,Kharif,Groundnut,17022,12179.7,0.715526965
Odisha,BARGARH,2000,Kharif,Horse-gram,832,111.5,0.134014423
Odisha,BARGARH,2000,Kharif,Jowar,90,70,0.777777778
Odisha,BARGARH,2000,Kharif,Maize,31,40.3,1.3
Odisha,BARGARH,2000,Kharif,Mesta,670,2180,3.253731343
Odisha,BARGARH,2000,Kharif,Moong(Green Gram),14815,3894.4,0.262868714
Odisha,BARGARH,2000,Kharif,Ragi,26,3.2,0.123076923
Odisha,BARGARH,2000,Kharif,Sesamum,2730,408,0.149450549
Odisha,BARGARH,2000,Kharif,Sunflower,50,20,0.4
Odisha,BARGARH,2000,Kharif,Urad,6295,1505.9,0.239221604
Odisha,BARGARH,2000,Rabi,Gram,90,40,0.444444444
Odisha,BARGARH,2000,Rabi,Other  Rabi pulses,105,74,0.704761905
Odisha,BARGARH,2000,Rabi,Rapeseed &Mustard,205,62.7,0.305853659
Odisha,BARGARH,2000,Rabi,Sunflower,70,30,0.428571429
Odisha,BARGARH,2000,Rabi,Wheat,291,408.8,1.404810997
Odisha,BARGARH,2000,Summer,Rice,53570,153550,2.866343102
Odisha,BARGARH,2000,Whole Year,Coriander,300,150,0.5
Odisha,BARGARH,2000,Whole Year,Dry chillies,4880,4160,0.852459016
Odisha,BARGARH,2000,Whole Year,Garlic,110,350,3.181818182
Odisha,BARGARH,2000,Whole Year,Onion,210,850,4.047619048
Odisha,BARGARH,2000,Whole Year,Potato,296,2523.4,8.525
Odisha,BARGARH,2000,Whole Year,Sannhamp,120,420,3.5
Odisha,BARGARH,2000,Whole Year,Sugarcane,1035,68952.7,66.62096618
Odisha,BARGARH,2000,Whole Year,Sweet potato,2020,15950,7.896039604
Odisha,BARGARH,2000,Whole Year,Turmeric,370,850,2.297297297
Odisha,BARGARH,2000,Winter,Rice,176720,190040,1.075373472
Odisha,BARGARH,2001,Kharif,Arhar/Tur,2420,2300,0.950413223
Odisha,BARGARH,2001,Kharif,Dry ginger,410,840,2.048780488
Odisha,BARGARH,2001,Kharif,Groundnut,15865,13216.5,0.833060195
Odisha,BARGARH,2001,Kharif,Horse-gram,1198,370.2,0.309015025
Odisha,BARGARH,2001,Kharif,Jowar,120,70,0.583333333
Odisha,BARGARH,2001,Kharif,Maize,33,29.7,0.9
Odisha,BARGARH,2001,Kharif,Moong(Green Gram),11061,2274.1,0.205596239
Odisha,BARGARH,2001,Kharif,Ragi,4,2,0.5
Odisha,BARGARH,2001,Kharif,Rice,306000,606000,1.980392157
Odisha,BARGARH,2001,Kharif,Sesamum,1240,212.5,0.171370968
Odisha,BARGARH,2001,Kharif,Urad,7021,1502.6,0.214015098
Odisha,BARGARH,2001,Rabi,Castor seed,50,20,0.4
Odisha,BARGARH,2001,Rabi,Gram,360,170,0.472222222
Odisha,BARGARH,2001,Rabi,Niger seed,20,10,0.5
Odisha,BARGARH,2001,Rabi,Other  Rabi pulses,1820,1940,1.065934066
Odisha,BARGARH,2001,Rabi,Rapeseed &Mustard,338,84.8,0.250887574
Odisha,BARGARH,2001,Rabi,Safflower,50,20,0.4
Odisha,BARGARH,2001,Rabi,Sunflower,490,480,0.979591837
Odisha,BARGARH,2001,Rabi,Wheat,291,384.1,1.319931271
Odisha,BARGARH,2001,Whole Year,Coriander,340,170,0.5
Odisha,BARGARH,2001,Whole Year,Dry chillies,5120,4300,0.83984375
Odisha,BARGARH,2001,Whole Year,Garlic,140,440,3.142857143
Odisha,BARGARH,2001,Whole Year,Onion,410,3410,8.317073171
Odisha,BARGARH,2001,Whole Year,Potato,364,3678.2,10.10494505
Odisha,BARGARH,2001,Whole Year,Sugarcane,1169,82841.2,70.86501283
Odisha,BARGARH,2001,Whole Year,Sweet potato,2060,16850,8.17961165
Odisha,BARGARH,2001,Whole Year,Turmeric,450,1020,2.266666667
Odisha,BARGARH,2002,Kharif,Arhar/Tur,2200,1610,0.731818182
Odisha,BARGARH,2002,Kharif,Dry ginger,620,1260,2.032258065
Odisha,BARGARH,2002,Kharif,Groundnut,13900,11206.6,0.806230216
Odisha,BARGARH,2002,Kharif,Horse-gram,1218,227.8,0.187027915
Odisha,BARGARH,2002,Kharif,Jowar,170,90,0.529411765
Odisha,BARGARH,2002,Kharif,Maize,54,68.7,1.272222222
Odisha,BARGARH,2002,Kharif,Moong(Green Gram),12086,3075.7,0.254484528
Odisha,BARGARH,2002,Kharif,Ragi,3,1.4,0.466666667
Odisha,BARGARH,2002,Kharif,Rice,306000,393000,1.284313725
Odisha,BARGARH,2002,Kharif,Sesamum,1749,351,0.200686106
Odisha,BARGARH,2002,Kharif,Urad,5890,1543,0.26196944
Odisha,BARGARH,2002,Rabi,Castor seed,20,10,0.5
Odisha,BARGARH,2002,Rabi,Gram,170,80,0.470588235
Odisha,BARGARH,2002,Rabi,Other  Rabi pulses,1580,1220,0.772151899
Odisha,BARGARH,2002,Rabi,Rapeseed &Mustard,463,107.4,0.231965443
Odisha,BARGARH,2002,Rabi,Sunflower,150,60,0.4
Odisha,BARGARH,2002,Rabi,Wheat,255,324.1,1.270980392
Odisha,BARGARH,2002,Whole Year,Coriander,340,170,0.5
Odisha,BARGARH,2002,Whole Year,Dry chillies,3460,2910,0.841040462
Odisha,BARGARH,2002,Whole Year,Garlic,220,690,3.136363636
Odisha,BARGARH,2002,Whole Year,Onion,520,4330,8.326923077
Odisha,BARGARH,2002,Whole Year,Potato,300,2440.8,8.136
Odisha,BARGARH,2002,Whole Year,Sugarcane,1794,109647.5,61.1190078
Odisha,BARGARH,2002,Whole Year,Sweet potato,1590,13100,8.238993711
Odisha,BARGARH,2002,Whole Year,Turmeric,150,340,2.266666667
Odisha,BARGARH,2003,Kharif,Arhar/Tur,2260,1770,0.783185841
Odisha,BARGARH,2003,Kharif,Castor seed,10,10,1
Odisha,BARGARH,2003,Kharif,Dry ginger,650,1330,2.046153846
Odisha,BARGARH,2003,Kharif,Groundnut,23041,24612.3,1.068195825
Odisha,BARGARH,2003,Kharif,Horse-gram,1349,460,0.340993328
Odisha,BARGARH,2003,Kharif,Jowar,80,50,0.625
Odisha,BARGARH,2003,Kharif,Maize,62,94.7,1.527419355
Odisha,BARGARH,2003,Kharif,Moong(Green Gram),14663,3620.9,0.246941281
Odisha,BARGARH,2003,Kharif,Ragi,2,0.3,0.15
Odisha,BARGARH,2003,Kharif,Rice,313000,646000,2.063897764
Odisha,BARGARH,2003,Kharif,Sesamum,1054,184,0.174573055
Odisha,BARGARH,2003,Kharif,Small millets,60,30,0.5
Odisha,BARGARH,2003,Kharif,Sunflower,90,40,0.444444444
Odisha,BARGARH,2003,Kharif,Urad,7088,1757,0.247883747
Odisha,BARGARH,2003,Rabi,Gram,210,90,0.428571429
Odisha,BARGARH,2003,Rabi,Other  Rabi pulses,2350,1830,0.778723404
Odisha,BARGARH,2003,Rabi,Rapeseed &Mustard,738,193.4,0.262059621
Odisha,BARGARH,2003,Rabi,Sunflower,150,70,0.466666667
Odisha,BARGARH,2003,Rabi,Wheat,492,723.2,1.469918699
Odisha,BARGARH,2003,Whole Year,Coriander,510,250,0.490196078
Odisha,BARGARH,2003,Whole Year,Dry chillies,2560,2200,0.859375
Odisha,BARGARH,2003,Whole Year,Garlic,330,1040,3.151515152
Odisha,BARGARH,2003,Whole Year,Onion,570,4730,8.298245614
Odisha,BARGARH,2003,Whole Year,Potato,469,4342.5,9.259061834
Odisha,BARGARH,2003,Whole Year,Sugarcane,1319,98479.2,74.66201668
Odisha,BARGARH,2003,Whole Year,Sweet potato,1570,13100,8.343949045
Odisha,BARGARH,2003,Whole Year,Turmeric,150,340,2.266666667
Odisha,BARGARH,2004,Autumn,Groundnut,16193,14023.1,0.865997653
Odisha,BARGARH,2004,Autumn,Maize,75,123.9,1.652
Odisha,BARGARH,2004,Autumn,Moong(Green Gram),10677,3000.2,0.280996535
Odisha,BARGARH,2004,Autumn,Ragi,2,1.1,0.55
Odisha,BARGARH,2004,Autumn,Rice,64000,59000,0.921875
Odisha,BARGARH,2004,Autumn,Sesamum,264,148.1,0.560984848
Odisha,BARGARH,2004,Autumn,Urad,6952,2078.6,0.298993096
Odisha,BARGARH,2004,Kharif,Bajra,119,52,0.43697479
Odisha,BARGARH,2004,Kharif,Castor seed,54,20,0.37037037
Odisha,BARGARH,2004,Kharif,Dry ginger,669,1364,2.038863976
Odisha,BARGARH,2004,Kharif,Jowar,129,75,0.581395349
Odisha,BARGARH,2004,Kharif,Small millets,120,56,0.466666667
Odisha,BARGARH,2004,Rabi,Gram,224,97,0.433035714
Odisha,BARGARH,2004,Rabi,Other  Rabi pulses,2484,1943,0.782206119
Odisha,BARGARH,2004,Rabi,Sunflower,383,184,0.480417755
Odisha,BARGARH,2004,Summer,Groundnut,2616,3620.5,1.38398318
Odisha,BARGARH,2004,Summer,Maize,1,1.5,1.5
Odisha,BARGARH,2004,Summer,Moong(Green Gram),694,243.6,0.351008646
Odisha,BARGARH,2004,Summer,Rice,55000,159000,2.890909091
Odisha,BARGARH,2004,Summer,Sesamum,110,39.2,0.356363636
Odisha,BARGARH,2004,Summer,Wheat,198,278.3,1.405555556
Odisha,BARGARH,2004,Whole Year,Coriander,532,264,0.496240602
Odisha,BARGARH,2004,Whole Year,Dry chillies,2397,2060,0.859407593
Odisha,BARGARH,2004,Whole Year,Garlic,328,1029,3.137195122
Odisha,BARGARH,2004,Whole Year,Onion,612,5095,8.325163399
Odisha,BARGARH,2004,Whole Year,Sweet potato,1643,13715,8.347534997
Odisha,BARGARH,2004,Whole Year,Turmeric,155,351,2.264516129
Odisha,BARGARH,2004,Winter,Horse-gram,1303,398.7,0.305986186
Odisha,BARGARH,2004,Winter,Moong(Green Gram),53,11.4,0.21509434
Odisha,BARGARH,2004,Winter,Potato,314,2480.6,7.9
Odisha,BARGARH,2004,Winter,Rapeseed &Mustard,460,121.9,0.265
Odisha,BARGARH,2004,Winter,Rice,178000,309000,1.735955056
Odisha,BARGARH,2004,Winter,Sesamum,1008,158.3,0.157043651
Odisha,BARGARH,2004,Winter,Sugarcane,1318,96074.3,72.89400607
Odisha,BARGARH,2005,Autumn,Groundnut,17956,16070.6,0.894998886
Odisha,BARGARH,2005,Autumn,Maize,74,94.4,1.275675676
Odisha,BARGARH,2005,Autumn,Moong(Green Gram),10761,2948.5,0.273998699
Odisha,BARGARH,2005,Autumn,Rice,62000,61000,0.983870968
Odisha,BARGARH,2005,Autumn,Sesamum,277,46.5,0.167870036
Odisha,BARGARH,2005,Autumn,Urad,6896,1889.5,0.27399942
Odisha,BARGARH,2005,Summer,Groundnut,2813,3884.8,1.381016708
Odisha,BARGARH,2005,Summer,Moong(Green Gram),1581,567.6,0.359013283
Odisha,BARGARH,2005,Summer,Rice,59000,159000,2.694915254
Odisha,BARGARH,2005,Summer,Sesamum,145,45.8,0.315862069
Odisha,BARGARH,2005,Summer,Urad,1,0.4,0.4
Odisha,BARGARH,2005,Summer,Wheat,262,351.1,1.340076336
Odisha,BARGARH,2005,Winter,Horse-gram,1049,375.5,0.357959962
Odisha,BARGARH,2005,Winter,Maize,3,4.1,1.366666667
Odisha,BARGARH,2005,Winter,Moong(Green Gram),73,16.6,0.22739726
Odisha,BARGARH,2005,Winter,Potato,316,2565.3,8.118037975
Odisha,BARGARH,2005,Winter,Ragi,1,0.1,0.1
Odisha,BARGARH,2005,Winter,Rapeseed &Mustard,833,252.4,0.3030012
Odisha,BARGARH,2005,Winter,Rice,169000,330000,1.952662722
Odisha,BARGARH,2005,Winter,Sesamum,712,116.8,0.164044944
Odisha,BARGARH,2005,Winter,Sugarcane,500,33831.5,67.663
Odisha,BARGARH,2005,Winter,Urad,1,0.4,0.4
Odisha,BARGARH,2006,Autumn,Groundnut,17311,15389.5,0.889001213
Odisha,BARGARH,2006,Autumn,Maize,51,57,1.117647059
Odisha,BARGARH,2006,Autumn,Moong(Green Gram),12459,3264.3,0.262003371
Odisha,BARGARH,2006,Autumn,Rice,63000,68000,1.079365079
Odisha,BARGARH,2006,Autumn,Sesamum,2,0.7,0.35
Odisha,BARGARH,2006,Autumn,Urad,6572,1715.3,0.261001217
Odisha,BARGARH,2006,Summer,Groundnut,1582,2080.3,1.314981037
Odisha,BARGARH,2006,Summer,Maize,1,1.8,1.8
Odisha,BARGARH,2006,Summer,Moong(Green Gram),1392,487.2,0.35
Odisha,BARGARH,2006,Summer,Rice,58000,173000,2.982758621
Odisha,BARGARH,2006,Summer,Sesamum,109,34.9,0.320183486
Odisha,BARGARH,2006,Summer,Urad,6,1.5,0.25
Odisha,BARGARH,2006,Summer,Wheat,227,316.2,1.392951542
Odisha,BARGARH,2006,Winter,Horse-gram,1094,333.7,0.305027422
Odisha,BARGARH,2006,Winter,Moong(Green Gram),97,30.6,0.315463918
Odisha,BARGARH,2006,Winter,Potato,434,3400.8,7.8359447
Odisha,BARGARH,2006,Winter,Ragi,1,0.3,0.3
Odisha,BARGARH,2006,Winter,Rapeseed &Mustard,389,105.8,0.271979434
Odisha,BARGARH,2006,Winter,Rice,179000,363000,2.027932961
Odisha,BARGARH,2006,Winter,Sesamum,617,103.7,0.168071313
Odisha,BARGARH,2006,Winter,Sugarcane,934,64195.7,68.73201285
Odisha,BARGARH,2006,Winter,Urad,1,0.4,0.4
Odisha,BARGARH,2007,Autumn,Groundnut,16607,17370.9,1.045998675
Odisha,BARGARH,2007,Autumn,Maize,50,56.4,1.128
Odisha,BARGARH,2007,Autumn,Moong(Green Gram),13333,4146.6,0.311002775
Odisha,BARGARH,2007,Autumn,Ragi,1,0.5,0.5
Odisha,BARGARH,2007,Autumn,Rice,62000,66000,1.064516129
Odisha,BARGARH,2007,Autumn,Sesamum,8,1.7,0.2125
Odisha,BARGARH,2007,Autumn,Urad,8144,2435.1,0.299005403
Odisha,BARGARH,2007,Summer,Groundnut,3064,4255.9,1.389001305
Odisha,BARGARH,2007,Summer,Maize,1,1.2,1.2
Odisha,BARGARH,2007,Summer,Moong(Green Gram),2280,850.4,0.372982456
Odisha,BARGARH,2007,Summer,Rice,64000,214000,3.34375
Odisha,BARGARH,2007,Summer,Sesamum,168,71.2,0.423809524
Odisha,BARGARH,2007,Summer,Urad,9,2.6,0.288888889
Odisha,BARGARH,2007,Summer,Wheat,446,638.8,1.432286996
Odisha,BARGARH,2007,Winter,Horse-gram,1120,312.5,0.279017857
Odisha,BARGARH,2007,Winter,Moong(Green Gram),53,16.8,0.316981132
Odisha,BARGARH,2007,Winter,Potato,318,2486.8,7.820125786
Odisha,BARGARH,2007,Winter,Ragi,1,0.1,0.1
Odisha,BARGARH,2007,Winter,Rapeseed &Mustard,444,127,0.286036036
Odisha,BARGARH,2007,Winter,Rice,175000,354000,2.022857143
Odisha,BARGARH,2007,Winter,Sesamum,799,145.4,0.181977472
Odisha,BARGARH,2007,Winter,Sugarcane,742,47581.5,64.12601078
Odisha,BARGARH,2007,Winter,Urad,9,3.2,0.355555556
Odisha,BARGARH,2008,Autumn,Groundnut,18056,18850.5,1.044001994
Odisha,BARGARH,2008,Autumn,Maize,112,145.6,1.3
Odisha,BARGARH,2008,Autumn,Moong(Green Gram),13062,3605.1,0.275999081
Odisha,BARGARH,2008,Autumn,Ragi,7,2.5,0.357142857
Odisha,BARGARH,2008,Autumn,Rice,58000,51000,0.879310345
Odisha,BARGARH,2008,Autumn,Sesamum,45,10.4,0.231111111
Odisha,BARGARH,2008,Autumn,Urad,7752,2271.3,0.292995356
Odisha,BARGARH,2008,Summer,Groundnut,1634,2236.9,1.368971848
Odisha,BARGARH,2008,Summer,Maize,4,7.7,1.925
Odisha,BARGARH,2008,Summer,Moong(Green Gram),881,326.9,0.371055619
Odisha,BARGARH,2008,Summer,Rice,61000,207000,3.393442623
Odisha,BARGARH,2008,Summer,Sesamum,95,31.7,0.333684211
Odisha,BARGARH,2008,Summer,Urad,10,3.2,0.32
Odisha,BARGARH,2008,Summer,Wheat,258,360.2,1.396124031
Odisha,BARGARH,2008,Winter,Horse-gram,1057,327.7,0.310028382
Odisha,BARGARH,2008,Winter,Moong(Green Gram),46,14.3,0.310869565
Odisha,BARGARH,2008,Winter,Potato,270,2136.8,7.914074074
Odisha,BARGARH,2008,Winter,Ragi,10,2.1,0.21
Odisha,BARGARH,2008,Winter,Rapeseed &Mustard,585,161.5,0.276068376
Odisha,BARGARH,2008,Winter,Rice,186000,366000,1.967741935
Odisha,BARGARH,2008,Winter,Sesamum,1082,186.1,0.171996303
Odisha,BARGARH,2008,Winter,Sugarcane,415,27602.1,66.51108434
Odisha,BARGARH,2008,Winter,Urad,1,0.1,0.1
Odisha,BARGARH,2009,Autumn,Groundnut,15882,15882,1
Odisha,BARGARH,2009,Autumn,Maize,127,145.2,1.143307087
Odisha,BARGARH,2009,Autumn,Moong(Green Gram),11591,3048.4,0.262997153
Odisha,BARGARH,2009,Autumn,Rice,58000,65000,1.120689655
Odisha,BARGARH,2009,Autumn,Sesamum,23,5.1,0.22173913
Odisha,BARGARH,2009,Autumn,Urad,7490,2052.3,0.27400534
Odisha,BARGARH,2009,Summer,Groundnut,1777,2297.7,1.293021947
Odisha,BARGARH,2009,Summer,Maize,4,7.5,1.875
Odisha,BARGARH,2009,Summer,Moong(Green Gram),2624,858,0.326981707
Odisha,BARGARH,2009,Summer,Rice,68000,229000,3.367647059
Odisha,BARGARH,2009,Summer,Sesamum,95,34.6,0.364210526
Odisha,BARGARH,2009,Summer,Urad,15,5,0.333333333
Odisha,BARGARH,2009,Summer,Wheat,214,314.6,1.470093458
Odisha,BARGARH,2009,Winter,Horse-gram,1519,531.7,0.350032916
Odisha,BARGARH,2009,Winter,Maize,1,2,2
Odisha,BARGARH,2009,Winter,Moong(Green Gram),56,14.1,0.251785714
Odisha,BARGARH,2009,Winter,Potato,292,2494.3,8.542123288
Odisha,BARGARH,2009,Winter,Ragi,17,5.5,0.323529412
Odisha,BARGARH,2009,Winter,Rapeseed &Mustard,512,149.5,0.291992188
Odisha,BARGARH,2009,Winter,Rice,186000,387000,2.080645161
Odisha,BARGARH,2009,Winter,Sesamum,1357,255.1,0.187988209
Odisha,BARGARH,2009,Winter,Sugarcane,196,13639.1,69.5872449
Odisha,BARGARH,2009,Winter,Urad,1,0.2,0.2
Odisha,BARGARH,2010,Autumn,Groundnut,15932,15581.5,0.978000251
Odisha,BARGARH,2010,Autumn,Maize,137,176.3,1.286861314
Odisha,BARGARH,2010,Autumn,Moong(Green Gram),13533,4005.8,0.296002365
Odisha,BARGARH,2010,Autumn,Rice,59000,47000,0.796610169
Odisha,BARGARH,2010,Autumn,Sesamum,3,0.7,0.233333333
Odisha,BARGARH,2010,Autumn,Urad,9136,2713.4,0.297000876
Odisha,BARGARH,2010,Summer,Groundnut,1044,1467.9,1.406034483
Odisha,BARGARH,2010,Summer,Maize,15,29.6,1.973333333
Odisha,BARGARH,2010,Summer,Moong(Green Gram),1653,578.6,0.350030248
Odisha,BARGARH,2010,Summer,Rice,67000,278000,4.149253731
Odisha,BARGARH,2010,Summer,Sesamum,94,33,0.35106383
Odisha,BARGARH,2010,Summer,Urad,8,2.1,0.2625
Odisha,BARGARH,2010,Summer,Wheat,114,192.8,1.69122807
Odisha,BARGARH,2010,Winter,Horse-gram,1348,492,0.364985163
Odisha,BARGARH,2010,Winter,Moong(Green Gram),132,39.3,0.297727273
Odisha,BARGARH,2010,Winter,Potato,265,2678.6,10.10792453
Odisha,BARGARH,2010,Winter,Rapeseed &Mustard,795,230.6,0.290062893
Odisha,BARGARH,2010,Winter,Rice,177000,370000,2.09039548
Odisha,BARGARH,2010,Winter,Sesamum,1238,271.1,0.218982229
Odisha,BARGARH,2010,Winter,Sugarcane,494,34389.3,69.61396761
Odisha,BARGARH,2010,Winter,Urad,4,0.9,0.225
Odisha,BARGARH,2011,Autumn,Groundnut,13706,12157.2,0.886998395
Odisha,BARGARH,2011,Autumn,Maize,105,137.1,1.305714286
Odisha,BARGARH,2011,Autumn,Moong(Green Gram),15118,3703.9,0.244999339
Odisha,BARGARH,2011,Autumn,Rice,53000,41000,0.773584906
Odisha,BARGARH,2011,Autumn,Sesamum,4,1.3,0.325
Odisha,BARGARH,2011,Autumn,Urad,7826,2042.6,0.261001789
Odisha,BARGARH,2011,Summer,Groundnut,893,1182.3,1.323964166
Odisha,BARGARH,2011,Summer,Maize,17,21.9,1.288235294
Odisha,BARGARH,2011,Summer,Moong(Green Gram),920,329.4,0.358043478
Odisha,BARGARH,2011,Summer,Rice,71000,266000,3.746478873
Odisha,BARGARH,2011,Summer,Sesamum,93,32.7,0.351612903
Odisha,BARGARH,2011,Summer,Urad,19,6.8,0.357894737
Odisha,BARGARH,2011,Summer,Wheat,76,122.4,1.610526316
Odisha,BARGARH,2011,Winter,Horse-gram,876,266.3,0.303995434
Odisha,BARGARH,2011,Winter,Moong(Green Gram),18,5.6,0.311111111
Odisha,BARGARH,2011,Winter,Potato,313,2682.7,8.570926518
Odisha,BARGARH,2011,Winter,Rapeseed &Mustard,648,192.5,0.297067901
Odisha,BARGARH,2011,Winter,Rice,182000,342000,1.879120879
Odisha,BARGARH,2011,Winter,Sesamum,963,157.9,0.163966771
Odisha,BARGARH,2011,Winter,Sugarcane,854,63879.2,74.8
Odisha,BARGARH,2012,Autumn,Groundnut,11581,12194.8,1.053000604
Odisha,BARGARH,2012,Autumn,Maize,111,155.7,1.402702703
Odisha,BARGARH,2012,Autumn,Moong(Green Gram),11841,3173.4,0.268001013
Odisha,BARGARH,2012,Autumn,Ragi,1,0.6,0.6
Odisha,BARGARH,2012,Autumn,Rice,52000,105000,2.019230769
Odisha,BARGARH,2012,Autumn,Sesamum,8,2,0.25
Odisha,BARGARH,2012,Autumn,Urad,7034,2103.2,0.299004834
Odisha,BARGARH,2012,Summer,Groundnut,2095,3058.7,1.46
Odisha,BARGARH,2012,Summer,Maize,13,24.3,1.869230769
Odisha,BARGARH,2012,Summer,Moong(Green Gram),869,329.4,0.379056387
Odisha,BARGARH,2012,Summer,Rice,687000,265000,0.38573508
Odisha,BARGARH,2012,Summer,Sesamum,64,25.5,0.3984375
Odisha,BARGARH,2012,Summer,Urad,31,11.3,0.364516129
Odisha,BARGARH,2012,Summer,Wheat,15,23.6,1.573333333
Odisha,BARGARH,2012,Winter,Horse-gram,1232,412.7,0.334983766
Odisha,BARGARH,2012,Winter,Maize,2,4.7,2.35
Odisha,BARGARH,2012,Winter,Moong(Green Gram),52,19.7,0.378846154
Odisha,BARGARH,2012,Winter,Potato,291,2888.2,9.925085911
Odisha,BARGARH,2012,Winter,Rapeseed &Mustard,799,275.7,0.34505632
Odisha,BARGARH,2012,Winter,Rice,181000,582000,3.215469613
Odisha,BARGARH,2012,Winter,Sesamum,828,190.4,0.229951691
Odisha,BARGARH,2012,Winter,Sugarcane,763,62448.5,81.84600262
Odisha,BARGARH,2013,Autumn,Groundnut,13134,14605,1.111999391
Odisha,BARGARH,2013,Autumn,Maize,100,171.4,1.714
Odisha,BARGARH,2013,Autumn,Moong(Green Gram),15615,5090.5,0.32600064
Odisha,BARGARH,2013,Autumn,Rice,61000,74000,1.213114754
Odisha,BARGARH,2013,Autumn,Sesamum,10,3.4,0.34
Odisha,BARGARH,2013,Autumn,Urad,9556,3268.2,0.342005023
Odisha,BARGARH,2013,Summer,Groundnut,1512,2218.1,1.466997354
Odisha,BARGARH,2013,Summer,Maize,9,17.6,1.955555556
Odisha,BARGARH,2013,Summer,Moong(Green Gram),824,315.6,0.383009709
Odisha,BARGARH,2013,Summer,Rice,84000,329000,3.916666667
Odisha,BARGARH,2013,Summer,Sesamum,94,36.7,0.390425532
Odisha,BARGARH,2013,Summer,Urad,23,9.2,0.4
Odisha,BARGARH,2013,Summer,Wheat,4,5.2,1.3
Odisha,BARGARH,2013,Winter,Horse-gram,1019,321,0.31501472
Odisha,BARGARH,2013,Winter,Moong(Green Gram),84,23.8,0.283333333
Odisha,BARGARH,2013,Winter,Potato,808,7107.2,8.796039604
Odisha,BARGARH,2013,Winter,Rapeseed &Mustard,524,168.7,0.321946565
Odisha,BARGARH,2013,Winter,Rice,180000,338000,1.877777778
Odisha,BARGARH,2013,Winter,Sesamum,1098,221.8,0.202003643
Odisha,BARGARH,2013,Winter,Sugarcane,708,55667.9,78.6269774
Odisha,BARGARH,2013,Winter,Urad,13,4.7,0.361538462
Odisha,BARGARH,2014,Autumn,Groundnut,9595,8270.9,0.862001042
Odisha,BARGARH,2014,Autumn,Maize,117,134.9,1.152991453
Odisha,BARGARH,2014,Autumn,Moong(Green Gram),14264,2710.2,0.190002804
Odisha,BARGARH,2014,Autumn,Ragi,1,0.8,0.8
Odisha,BARGARH,2014,Autumn,Rice,57000,110000,1.929824561
Odisha,BARGARH,2014,Autumn,Sesamum,1,0.2,0.2
Odisha,BARGARH,2014,Autumn,Urad,8125,1811.9,0.223003077
Odisha,BARGARH,2014,Summer,Groundnut,580,776,1.337931034
Odisha,BARGARH,2014,Summer,Maize,13,30.2,2.323076923
Odisha,BARGARH,2014,Summer,Moong(Green Gram),1432,537,0.375
Odisha,BARGARH,2014,Summer,Rice,76000,303000,3.986842105
Odisha,BARGARH,2014,Summer,Sesamum,43,18.6,0.43255814
Odisha,BARGARH,2014,Summer,Urad,21,9.1,0.433333333
Odisha,BARGARH,2014,Summer,Wheat,4,4.8,1.2
Odisha,BARGARH,2014,Winter,Horse-gram,770,217.9,0.282987013
Odisha,BARGARH,2014,Winter,Maize,1,2.4,2.4
Odisha,BARGARH,2014,Winter,Moong(Green Gram),38,11.1,0.292105263
Odisha,BARGARH,2014,Winter,Potato,398,4023,10.1080402
Odisha,BARGARH,2014,Winter,Rapeseed &Mustard,446,147.2,0.330044843
Odisha,BARGARH,2014,Winter,Rice,174000,485000,2.787356322
Odisha,BARGARH,2014,Winter,Sesamum,523,86.8,0.165965583
Odisha,BARGARH,2014,Winter,Sugarcane,431,36276.4,84.16798144
Odisha,BARGARH,2014,Winter,Urad,18,4.8,0.266666667
Odisha,BARGARH,2015,Autumn,Groundnut,8176,5731.4,0.701002935
Odisha,BARGARH,2015,Autumn,Maize,258,358.2,1.388372093
Odisha,BARGARH,2015,Autumn,Moong(Green Gram),12742,3312.9,0.25999843
Odisha,BARGARH,2015,Autumn,Rice,62000,24000,0.387096774
Odisha,BARGARH,2015,Autumn,Urad,6595,1774.1,0.269006823
Odisha,BARGARH,2015,Summer,Groundnut,1194,1505.6,1.260971524
Odisha,BARGARH,2015,Summer,Maize,12,27,2.25
Odisha,BARGARH,2015,Summer,Moong(Green Gram),2399,722.1,0.301000417
Odisha,BARGARH,2015,Summer,Rice,73000,301000,4.123287671
Odisha,BARGARH,2015,Summer,Sesamum,87,34.1,0.391954023
Odisha,BARGARH,2015,Summer,Urad,39,16.5,0.423076923
Odisha,BARGARH,2015,Summer,Wheat,9,19.1,2.122222222
Odisha,BARGARH,2015,Winter,Horse-gram,547,151,0.276051188
Odisha,BARGARH,2015,Winter,Maize,1,4.4,4.4
Odisha,BARGARH,2015,Winter,Moong(Green Gram),6,1.6,0.266666667
Odisha,BARGARH,2015,Winter,Potato,228,2224.1,9.754824561
Odisha,BARGARH,2015,Winter,Rapeseed &Mustard,374,110.3,0.294919786
Odisha,BARGARH,2015,Winter,Rice,172000,267000,1.552325581
Odisha,BARGARH,2015,Winter,Sesamum,518,69.9,0.134942085
Odisha,BARGARH,2015,Winter,Sugarcane,282,22230.1,78.83014184
Odisha,BARGARH,2015,Winter,Urad,2,0.8,0.4
Odisha,BHADRAK,1997,Autumn,Jute,1250,1410,1.128
Odisha,BHADRAK,1997,Autumn,Paddy,942,1365,1.449044586
Odisha,BHADRAK,1997,Summer,Arhar/Tur,2990,583,0.194983278
Odisha,BHADRAK,1997,Summer,Groundnut,287,338,1.177700348
Odisha,BHADRAK,1997,Summer,Paddy,14941,21553,1.44254066
Odisha,BHADRAK,1997,Summer,Sesamum,13,2,0.153846154
Odisha,BHADRAK,1997,Summer,Urad,27,4,0.148148148
Odisha,BHADRAK,1997,Whole Year,Potato,122,1332,10.91803279
Odisha,BHADRAK,1997,Winter,Paddy,170409,302626,1.775880382
Odisha,BHADRAK,1997,Winter,Sugarcane,246,18042,73.34146341
Odisha,BHADRAK,1997,Winter,Urad,2751,44,0.015994184
Odisha,BHADRAK,1998,Autumn,Jute,98,550,5.612244898
Odisha,BHADRAK,1998,Autumn,Rice,381,360,0.94488189
Odisha,BHADRAK,1998,Autumn,Urad,3,,
Odisha,BHADRAK,1998,Summer,Groundnut,144,127,0.881944444
Odisha,BHADRAK,1998,Summer,Horse-gram,1,,
Odisha,BHADRAK,1998,Summer,Moong(Green Gram),2140,387,0.180841121
Odisha,BHADRAK,1998,Summer,Rice,10949,18709,1.708740524
Odisha,BHADRAK,1998,Summer,Sesamum,29,3,0.103448276
Odisha,BHADRAK,1998,Summer,Urad,105,15,0.142857143
Odisha,BHADRAK,1998,Summer,Wheat,298,308,1.033557047
Odisha,BHADRAK,1998,Winter,Horse-gram,19,4,0.210526316
Odisha,BHADRAK,1998,Winter,Potato,111,1160,10.45045045
Odisha,BHADRAK,1998,Winter,Rapeseed &Mustard,171,24,0.140350877
Odisha,BHADRAK,1998,Winter,Rice,169693,239827,1.413299311
Odisha,BHADRAK,1998,Winter,Sesamum,5,1,0.2
Odisha,BHADRAK,1998,Winter,Sugarcane,244,18750,76.8442623
Odisha,BHADRAK,1998,Winter,Urad,3437,715,0.208030259
Odisha,BHADRAK,1999,Autumn,Rice,1000,1000,1
Odisha,BHADRAK,1999,Kharif,Arhar/Tur,40,30,0.75
Odisha,BHADRAK,1999,Kharif,Castor seed,20,10,0.5
Odisha,BHADRAK,1999,Kharif,Dry chillies,810,480,0.592592593
Odisha,BHADRAK,1999,Kharif,Dry ginger,140,280,2
Odisha,BHADRAK,1999,Kharif,Groundnut,1270,2290,1.803149606
Odisha,BHADRAK,1999,Kharif,Jute,820,3280,4
Odisha,BHADRAK,1999,Kharif,Maize,80,90,1.125
Odisha,BHADRAK,1999,Kharif,Moong(Green Gram),10,10,1
Odisha,BHADRAK,1999,Kharif,Sesamum,10,10,1
Odisha,BHADRAK,1999,Kharif,Sweet potato,30,250,8.333333333
Odisha,BHADRAK,1999,Kharif,Turmeric,230,580,2.52173913
Odisha,BHADRAK,1999,Kharif,Urad,360,160,0.444444444
Odisha,BHADRAK,1999,Rabi,Castor seed,20,10,0.5
Odisha,BHADRAK,1999,Rabi,Coriander,400,170,0.425
Odisha,BHADRAK,1999,Rabi,Dry chillies,1550,950,0.612903226
Odisha,BHADRAK,1999,Rabi,Garlic,350,1090,3.114285714
Odisha,BHADRAK,1999,Rabi,Gram,40,20,0.5
Odisha,BHADRAK,1999,Rabi,Moong(Green Gram),6570,2300,0.350076104
Odisha,BHADRAK,1999,Rabi,Rapeseed &Mustard,1630,330,0.202453988
Odisha,BHADRAK,1999,Rabi,Sesamum,130,60,0.461538462
Odisha,BHADRAK,1999,Rabi,Sunflower,100,50,0.5
Odisha,BHADRAK,1999,Rabi,Sweet potato,30,300,10
Odisha,BHADRAK,1999,Rabi,Urad,12370,3710,0.299919159
Odisha,BHADRAK,1999,Rabi,Wheat,950,980,1.031578947
Odisha,BHADRAK,1999,Summer,Rice,21260,50410,2.371119473
Odisha,BHADRAK,1999,Whole Year,Onion,1530,15000,9.803921569
Odisha,BHADRAK,1999,Whole Year,Potato,70,690,9.857142857
Odisha,BHADRAK,1999,Whole Year,Sannhamp,10,60,6
Odisha,BHADRAK,1999,Winter,Rice,170000,88000,0.517647059
Odisha,BHADRAK,1999,Winter,Sugarcane,500,37500,75
Odisha,BHADRAK,2000,Autumn,Rice,580,670,1.155172414
Odisha,BHADRAK,2000,Kharif,Arhar/Tur,30,20,0.666666667
Odisha,BHADRAK,2000,Kharif,Castor seed,30,20,0.666666667
Odisha,BHADRAK,2000,Kharif,Dry ginger,130,230,1.769230769
Odisha,BHADRAK,2000,Kharif,Groundnut,167,173.4,1.038323353
Odisha,BHADRAK,2000,Kharif,Horse-gram,7,3.6,0.514285714
Odisha,BHADRAK,2000,Kharif,Jute,800,3560,4.45
Odisha,BHADRAK,2000,Kharif,Moong(Green Gram),1535,379,0.246905537
Odisha,BHADRAK,2000,Kharif,Sesamum,11,1.4,0.127272727
Odisha,BHADRAK,2000,Kharif,Urad,1981,445,0.224634023
Odisha,BHADRAK,2000,Rabi,Castor seed,60,30,0.5
Odisha,BHADRAK,2000,Rabi,Gram,30,20,0.666666667
Odisha,BHADRAK,2000,Rabi,Other  Rabi pulses,21,13,0.619047619
Odisha,BHADRAK,2000,Rabi,Rapeseed &Mustard,104,18.7,0.179807692
Odisha,BHADRAK,2000,Rabi,Sunflower,60,30,0.5
Odisha,BHADRAK,2000,Rabi,Wheat,135,138.4,1.025185185
Odisha,BHADRAK,2000,Summer,Rice,4760,8460,1.777310924
Odisha,BHADRAK,2000,Whole Year,Coriander,240,120,0.5
Odisha,BHADRAK,2000,Whole Year,Dry chillies,1860,1490,0.801075269
Odisha,BHADRAK,2000,Whole Year,Garlic,140,430,3.071428571
Odisha,BHADRAK,2000,Whole Year,Onion,320,2240,7
Odisha,BHADRAK,2000,Whole Year,Potato,70,861.7,12.31
Odisha,BHADRAK,2000,Whole Year,Sannhamp,10,80,8
Odisha,BHADRAK,2000,Whole Year,Sugarcane,310,17909,57.77096774
Odisha,BHADRAK,2000,Whole Year,Sweet potato,60,530,8.833333333
Odisha,BHADRAK,2000,Whole Year,Turmeric,160,370,2.3125
Odisha,BHADRAK,2000,Winter,Rice,166990,244090,1.461704294
Odisha,BHADRAK,2001,Kharif,Arhar/Tur,20,20,1
Odisha,BHADRAK,2001,Kharif,Dry ginger,160,290,1.8125
Odisha,BHADRAK,2001,Kharif,Groundnut,128,113.8,0.8890625
Odisha,BHADRAK,2001,Kharif,Horse-gram,14,3.4,0.242857143
Odisha,BHADRAK,2001,Kharif,Jute,79,549,6.949367089
Odisha,BHADRAK,2001,Kharif,Moong(Green Gram),4054,1009.4,0.248988653
Odisha,BHADRAK,2001,Kharif,Rice,156000,303000,1.942307692
Odisha,BHADRAK,2001,Kharif,Sesamum,71,7.2,0.101408451
Odisha,BHADRAK,2001,Kharif,Urad,2850,641.8,0.225192982
Odisha,BHADRAK,2001,Rabi,Castor seed,80,40,0.5
Odisha,BHADRAK,2001,Rabi,Gram,40,20,0.5
Odisha,BHADRAK,2001,Rabi,Other  Rabi pulses,220,120,0.545454545
Odisha,BHADRAK,2001,Rabi,Rapeseed &Mustard,78,10.8,0.138461538
Odisha,BHADRAK,2001,Rabi,Sunflower,170,100,0.588235294
Odisha,BHADRAK,2001,Rabi,Wheat,26,21.3,0.819230769
Odisha,BHADRAK,2001,Whole Year,Coriander,260,130,0.5
Odisha,BHADRAK,2001,Whole Year,Dry chillies,1880,1580,0.840425532
Odisha,BHADRAK,2001,Whole Year,Garlic,170,530,3.117647059
Odisha,BHADRAK,2001,Whole Year,Onion,440,3890,8.840909091
Odisha,BHADRAK,2001,Whole Year,Potato,64,581.6,9.0875
Odisha,BHADRAK,2001,Whole Year,Sugarcane,143,8424.7,58.91398601
Odisha,BHADRAK,2001,Whole Year,Sweet potato,80,690,8.625
Odisha,BHADRAK,2001,Whole Year,Turmeric,230,530,2.304347826
Odisha,BHADRAK,2002,Kharif,Arhar/Tur,30,30,1
Odisha,BHADRAK,2002,Kharif,Dry ginger,90,180,2
Odisha,BHADRAK,2002,Kharif,Groundnut,50,52.2,1.044
Odisha,BHADRAK,2002,Kharif,Horse-gram,33,5.3,0.160606061
Odisha,BHADRAK,2002,Kharif,Jute,43,330,7.674418605
Odisha,BHADRAK,2002,Kharif,Moong(Green Gram),1894,537.9,0.284002112
Odisha,BHADRAK,2002,Kharif,Rice,151000,191000,1.264900662
Odisha,BHADRAK,2002,Kharif,Sesamum,29,9.3,0.320689655
Odisha,BHADRAK,2002,Kharif,Urad,3196,634.1,0.198404255
Odisha,BHADRAK,2002,Rabi,Castor seed,20,10,0.5
Odisha,BHADRAK,2002,Rabi,Gram,20,10,0.5
Odisha,BHADRAK,2002,Rabi,Other  Rabi pulses,70,40,0.571428571
Odisha,BHADRAK,2002,Rabi,Rapeseed &Mustard,307,65.4,0.213029316
Odisha,BHADRAK,2002,Rabi,Sunflower,50,30,0.6
Odisha,BHADRAK,2002,Rabi,Wheat,37,29,0.783783784
Odisha,BHADRAK,2002,Whole Year,Coriander,230,110,0.47826087
Odisha,BHADRAK,2002,Whole Year,Dry chillies,1830,1490,0.81420765
Odisha,BHADRAK,2002,Whole Year,Garlic,150,470,3.133333333
Odisha,BHADRAK,2002,Whole Year,Onion,300,2650,8.833333333
Odisha,BHADRAK,2002,Whole Year,Potato,75,873.2,11.64266667
Odisha,BHADRAK,2002,Whole Year,Sugarcane,252,19785.5,78.51388889
Odisha,BHADRAK,2002,Whole Year,Sweet potato,120,1000,8.333333333
Odisha,BHADRAK,2002,Whole Year,Turmeric,150,330,2.2
Odisha,BHADRAK,2003,Kharif,Arhar/Tur,20,20,1
Odisha,BHADRAK,2003,Kharif,Dry ginger,100,210,2.1
Odisha,BHADRAK,2003,Kharif,Groundnut,67,94.3,1.407462687
Odisha,BHADRAK,2003,Kharif,Horse-gram,3,0.7,0.233333333
Odisha,BHADRAK,2003,Kharif,Jute,25,157,6.28
Odisha,BHADRAK,2003,Kharif,Moong(Green Gram),3196,712.7,0.222997497
Odisha,BHADRAK,2003,Kharif,Rice,171000,311000,1.81871345
Odisha,BHADRAK,2003,Kharif,Sesamum,68,12.8,0.188235294
Odisha,BHADRAK,2003,Kharif,Urad,2589,780.8,0.301583623
Odisha,BHADRAK,2003,Rabi,Castor seed,50,30,0.6
Odisha,BHADRAK,2003,Rabi,Gram,40,20,0.5
Odisha,BHADRAK,2003,Rabi,Other  Rabi pulses,300,150,0.5
Odisha,BHADRAK,2003,Rabi,Rapeseed &Mustard,83,19.8,0.238554217
Odisha,BHADRAK,2003,Rabi,Sunflower,40,30,0.75
Odisha,BHADRAK,2003,Rabi,Wheat,124,131.4,1.059677419
Odisha,BHADRAK,2003,Whole Year,Coriander,480,230,0.479166667
Odisha,BHADRAK,2003,Whole Year,Dry chillies,3570,2900,0.81232493
Odisha,BHADRAK,2003,Whole Year,Garlic,390,1220,3.128205128
Odisha,BHADRAK,2003,Whole Year,Onion,290,2600,8.965517241
Odisha,BHADRAK,2003,Whole Year,Potato,62,731.4,11.79677419
Odisha,BHADRAK,2003,Whole Year,Sugarcane,256,15729.7,61.44414063
Odisha,BHADRAK,2003,Whole Year,Sweet potato,120,1010,8.416666667
Odisha,BHADRAK,2003,Whole Year,Turmeric,110,250,2.272727273
Odisha,BHADRAK,2004,Autumn,Jute,79,632,8
Odisha,BHADRAK,2004,Kharif,Castor seed,10,10,1
Odisha,BHADRAK,2004,Kharif,Dry ginger,103,212,2.058252427
Odisha,BHADRAK,2004,Rabi,Castor seed,55,30,0.545454545
Odisha,BHADRAK,2004,Rabi,Gram,40,18,0.45
Odisha,BHADRAK,2004,Rabi,Other  Rabi pulses,167,78,0.467065868
Odisha,BHADRAK,2004,Rabi,Sunflower,64,37,0.578125
Odisha,BHADRAK,2004,Summer,Groundnut,83,56.7,0.68313253
Odisha,BHADRAK,2004,Summer,Maize,3,2.7,0.9
Odisha,BHADRAK,2004,Summer,Moong(Green Gram),2413,699.8,0.290012433
Odisha,BHADRAK,2004,Summer,Rice,9000,20000,2.222222222
Odisha,BHADRAK,2004,Summer,Sesamum,246,85.4,0.347154472
Odisha,BHADRAK,2004,Summer,Urad,64,26.4,0.4125
Odisha,BHADRAK,2004,Summer,Wheat,96,109.1,1.136458333
Odisha,BHADRAK,2004,Whole Year,Coriander,361,176,0.487534626
Odisha,BHADRAK,2004,Whole Year,Dry chillies,2775,2250,0.810810811
Odisha,BHADRAK,2004,Whole Year,Garlic,317,993,3.132492114
Odisha,BHADRAK,2004,Whole Year,Onion,247,3065,12.40890688
Odisha,BHADRAK,2004,Whole Year,Sweet potato,107,889,8.308411215
Odisha,BHADRAK,2004,Whole Year,Turmeric,98,216,2.204081633
Odisha,BHADRAK,2004,Winter,Horse-gram,1,0.3,0.3
Odisha,BHADRAK,2004,Winter,Potato,30,278.1,9.27
Odisha,BHADRAK,2004,Winter,Rapeseed &Mustard,1047,361.2,0.344985673
Odisha,BHADRAK,2004,Winter,Rice,169000,337000,1.99408284
Odisha,BHADRAK,2004,Winter,Sugarcane,299,17737.6,59.32307692
Odisha,BHADRAK,2004,Winter,Urad,1211,333,0.274979356
Odisha,BHADRAK,2005,Autumn,Jute,82,584,7.12195122
Odisha,BHADRAK,2005,Summer,Groundnut,168,191.4,1.139285714
Odisha,BHADRAK,2005,Summer,Moong(Green Gram),2213,646.2,0.292001808
Odisha,BHADRAK,2005,Summer,Rice,11000,25000,2.272727273
Odisha,BHADRAK,2005,Summer,Sesamum,80,25.3,0.31625
Odisha,BHADRAK,2005,Summer,Urad,154,74.2,0.481818182
Odisha,BHADRAK,2005,Summer,Wheat,40,41.9,1.0475
Odisha,BHADRAK,2005,Winter,Horse-gram,3,0.8,0.266666667
Odisha,BHADRAK,2005,Winter,Potato,23,273.5,11.89130435
Odisha,BHADRAK,2005,Winter,Rapeseed &Mustard,139,67.8,0.487769784
Odisha,BHADRAK,2005,Winter,Rice,167000,312000,1.868263473
Odisha,BHADRAK,2005,Winter,Sugarcane,315,21048,66.81904762
Odisha,BHADRAK,2005,Winter,Urad,1551,318,0.205029014
Odisha,BHADRAK,2006,Autumn,Jute,9,73,8.111111111
Odisha,BHADRAK,2006,Summer,Groundnut,30,17.1,0.57
Odisha,BHADRAK,2006,Summer,Moong(Green Gram),3317,1038.2,0.312993669
Odisha,BHADRAK,2006,Summer,Rice,11000,25000,2.272727273
Odisha,BHADRAK,2006,Summer,Sesamum,127,39.9,0.314173228
Odisha,BHADRAK,2006,Summer,Urad,72,19.5,0.270833333
Odisha,BHADRAK,2006,Summer,Wheat,144,142.8,0.991666667
Odisha,BHADRAK,2006,Winter,Horse-gram,4,0.8,0.2
Odisha,BHADRAK,2006,Winter,Moong(Green Gram),54,11.2,0.207407407
Odisha,BHADRAK,2006,Winter,Potato,43,453,10.53488372
Odisha,BHADRAK,2006,Winter,Rapeseed &Mustard,152,23.9,0.157236842
Odisha,BHADRAK,2006,Winter,Rice,160000,273000,1.70625
Odisha,BHADRAK,2006,Winter,Sugarcane,196,11971.1,61.07704082
Odisha,BHADRAK,2006,Winter,Urad,1646,403.3,0.245018226
Odisha,BHADRAK,2007,Autumn,Jute,60,447,7.45
Odisha,BHADRAK,2007,Summer,Groundnut,183,131.6,0.719125683
Odisha,BHADRAK,2007,Summer,Maize,1,2.7,2.7
Odisha,BHADRAK,2007,Summer,Moong(Green Gram),5077,1543.4,0.303998424
Odisha,BHADRAK,2007,Summer,Rice,11000,27000,2.454545455
Odisha,BHADRAK,2007,Summer,Sesamum,242,58.8,0.242975207
Odisha,BHADRAK,2007,Summer,Urad,202,62.6,0.30990099
Odisha,BHADRAK,2007,Summer,Wheat,144,155.1,1.077083333
Odisha,BHADRAK,2007,Winter,Horse-gram,7,1.6,0.228571429
Odisha,BHADRAK,2007,Winter,Moong(Green Gram),1,0.6,0.6
Odisha,BHADRAK,2007,Winter,Potato,34,409.2,12.03529412
Odisha,BHADRAK,2007,Winter,Rapeseed &Mustard,50,15.6,0.312
Odisha,BHADRAK,2007,Winter,Rice,166000,280000,1.686746988
Odisha,BHADRAK,2007,Winter,Sugarcane,367,21277.9,57.97792916
Odisha,BHADRAK,2007,Winter,Urad,3312,947.2,0.285990338
Odisha,BHADRAK,2008,Autumn,Jute,58,370,6.379310345
Odisha,BHADRAK,2008,Autumn,Urad,2,0.5,0.25
Odisha,BHADRAK,2008,Summer,Groundnut,230,183.3,0.796956522
Odisha,BHADRAK,2008,Summer,Maize,2,5.6,2.8
Odisha,BHADRAK,2008,Summer,Moong(Green Gram),2366,679,0.286982249
Odisha,BHADRAK,2008,Summer,Rice,15000,22000,1.466666667
Odisha,BHADRAK,2008,Summer,Sesamum,130,34.5,0.265384615
Odisha,BHADRAK,2008,Summer,Urad,255,83.1,0.325882353
Odisha,BHADRAK,2008,Summer,Wheat,697,412.7,0.592109039
Odisha,BHADRAK,2008,Winter,Horse-gram,4,2,0.5
Odisha,BHADRAK,2008,Winter,Moong(Green Gram),1,0.7,0.7
Odisha,BHADRAK,2008,Winter,Potato,34,334.6,9.841176471
Odisha,BHADRAK,2008,Winter,Rapeseed &Mustard,133,38.8,0.291729323
Odisha,BHADRAK,2008,Winter,Rice,165000,317000,1.921212121
Odisha,BHADRAK,2008,Winter,Sugarcane,144,8888.1,61.72291667
Odisha,BHADRAK,2008,Winter,Urad,1320,434.3,0.329015152
Odisha,BHADRAK,2009,Autumn,Jute,81,673,8.308641975
Odisha,BHADRAK,2009,Summer,Groundnut,23,32.4,1.408695652
Odisha,BHADRAK,2009,Summer,Maize,1,2.4,2.4
Odisha,BHADRAK,2009,Summer,Moong(Green Gram),4175,1569.8,0.376
Odisha,BHADRAK,2009,Summer,Rice,8000,12000,1.5
Odisha,BHADRAK,2009,Summer,Sesamum,53,12.7,0.239622642
Odisha,BHADRAK,2009,Summer,Urad,117,38.6,0.32991453
Odisha,BHADRAK,2009,Summer,Wheat,495,529.7,1.07010101
Odisha,BHADRAK,2009,Winter,Groundnut,181,99.4,0.549171271
Odisha,BHADRAK,2009,Winter,Horse-gram,16,4,0.25
Odisha,BHADRAK,2009,Winter,Moong(Green Gram),1,0.2,0.2
Odisha,BHADRAK,2009,Winter,Potato,63,975.7,15.48730159
Odisha,BHADRAK,2009,Winter,Rapeseed &Mustard,107,42.3,0.395327103
Odisha,BHADRAK,2009,Winter,Rice,165000,311000,1.884848485
Odisha,BHADRAK,2009,Winter,Sugarcane,147,7689.7,52.31088435
Odisha,BHADRAK,2009,Winter,Urad,420,121.4,0.289047619
Odisha,BHADRAK,2010,Autumn,Jute,89,888,9.97752809
Odisha,BHADRAK,2010,Autumn,Urad,2,0.4,0.2
Odisha,BHADRAK,2010,Summer,Groundnut,60,46.9,0.781666667
Odisha,BHADRAK,2010,Summer,Horse-gram,2,0.7,0.35
Odisha,BHADRAK,2010,Summer,Maize,58,101,1.74137931
Odisha,BHADRAK,2010,Summer,Moong(Green Gram),2949,1241.5,0.420990166
Odisha,BHADRAK,2010,Summer,Rice,2000,4000,2
Odisha,BHADRAK,2010,Summer,Sesamum,237,73.5,0.310126582
Odisha,BHADRAK,2010,Summer,Urad,282,137.1,0.486170213
Odisha,BHADRAK,2010,Summer,Wheat,186,159,0.85483871
Odisha,BHADRAK,2010,Winter,Moong(Green Gram),1,0.1,0.1
Odisha,BHADRAK,2010,Winter,Potato,26,325.9,12.53461538
Odisha,BHADRAK,2010,Winter,Rapeseed &Mustard,976,324,0.331967213
Odisha,BHADRAK,2010,Winter,Rice,156000,285000,1.826923077
Odisha,BHADRAK,2010,Winter,Sugarcane,228,16401.9,71.93815789
Odisha,BHADRAK,2010,Winter,Urad,1137,434.3,0.381970097
Odisha,BHADRAK,2011,Autumn,Jute,45,390,8.666666667
Odisha,BHADRAK,2011,Summer,Groundnut,8,18.2,2.275
Odisha,BHADRAK,2011,Summer,Maize,1,6.7,6.7
Odisha,BHADRAK,2011,Summer,Moong(Green Gram),2408,751.3,0.312001661
Odisha,BHADRAK,2011,Summer,Rice,6000,11000,1.833333333
Odisha,BHADRAK,2011,Summer,Sesamum,92,26.6,0.289130435
Odisha,BHADRAK,2011,Summer,Urad,65,18.2,0.28
Odisha,BHADRAK,2011,Summer,Wheat,57,37.3,0.654385965
Odisha,BHADRAK,2011,Winter,Horse-gram,46,6.5,0.141304348
Odisha,BHADRAK,2011,Winter,Moong(Green Gram),9,5.9,0.655555556
Odisha,BHADRAK,2011,Winter,Potato,6,70.3,11.71666667
Odisha,BHADRAK,2011,Winter,Rapeseed &Mustard,270,65.1,0.241111111
Odisha,BHADRAK,2011,Winter,Rice,168000,275000,1.636904762
Odisha,BHADRAK,2011,Winter,Sugarcane,138,6673.1,48.3557971
Odisha,BHADRAK,2011,Winter,Urad,1085,298.4,0.275023041
Odisha,BHADRAK,2012,Autumn,Jute,47,78.2,1.663829787
Odisha,BHADRAK,2012,Autumn,Urad,2,1.1,0.55
Odisha,BHADRAK,2012,Summer,Groundnut,4,5.9,1.475
Odisha,BHADRAK,2012,Summer,Maize,19,28.7,1.510526316
Odisha,BHADRAK,2012,Summer,Moong(Green Gram),1933,693.9,0.358975685
Odisha,BHADRAK,2012,Summer,Rice,350000,5000,0.014285714
Odisha,BHADRAK,2012,Summer,Sesamum,79,17.1,0.216455696
Odisha,BHADRAK,2012,Summer,Urad,98,40.7,0.415306122
Odisha,BHADRAK,2012,Summer,Wheat,9,10,1.111111111
Odisha,BHADRAK,2012,Winter,Moong(Green Gram),12,3.6,0.3
Odisha,BHADRAK,2012,Winter,Potato,6,92.7,15.45
Odisha,BHADRAK,2012,Winter,Rapeseed &Mustard,795,537.4,0.675974843
Odisha,BHADRAK,2012,Winter,Rice,164000,350000,2.134146341
Odisha,BHADRAK,2012,Winter,Sugarcane,14,823.2,58.8
Odisha,BHADRAK,2012,Winter,Urad,711,267.3,0.375949367
Odisha,BHADRAK,2013,Autumn,Jute,44,77.2,1.754545455
Odisha,BHADRAK,2013,Autumn,Urad,1,0.5,0.5
Odisha,BHADRAK,2013,Summer,Groundnut,10,10.3,1.03
Odisha,BHADRAK,2013,Summer,Horse-gram,1,0.2,0.2
Odisha,BHADRAK,2013,Summer,Maize,3,4.2,1.4
Odisha,BHADRAK,2013,Summer,Moong(Green Gram),3007,1692.9,0.562986365
Odisha,BHADRAK,2013,Summer,Rice,3000,8000,2.666666667
Odisha,BHADRAK,2013,Summer,Sesamum,90,26.2,0.291111111
Odisha,BHADRAK,2013,Summer,Urad,99,47.8,0.482828283
Odisha,BHADRAK,2013,Summer,Wheat,20,19.4,0.97
Odisha,BHADRAK,2013,Winter,Moong(Green Gram),33,22.5,0.681818182
Odisha,BHADRAK,2013,Winter,Potato,20,323.8,16.19
Odisha,BHADRAK,2013,Winter,Rapeseed &Mustard,531,234.2,0.441054614
Odisha,BHADRAK,2013,Winter,Rice,165000,239000,1.448484848
Odisha,BHADRAK,2013,Winter,Sugarcane,116,6576.2,56.69137931
Odisha,BHADRAK,2013,Winter,Urad,1069,568.7,0.531992516
Odisha,BHADRAK,2014,Autumn,Jute,36,53.3,1.480555556
Odisha,BHADRAK,2014,Summer,Groundnut,69,74.9,1.085507246
Odisha,BHADRAK,2014,Summer,Maize,8,37.7,4.7125
Odisha,BHADRAK,2014,Summer,Moong(Green Gram),4045,2071,0.511990111
Odisha,BHADRAK,2014,Summer,Rice,6000,11000,1.833333333
Odisha,BHADRAK,2014,Summer,Sesamum,48,12.8,0.266666667
Odisha,BHADRAK,2014,Summer,Urad,122,65.9,0.540163934
Odisha,BHADRAK,2014,Summer,Wheat,3,3.5,1.166666667
Odisha,BHADRAK,2014,Winter,Potato,26,388.3,14.93461538
Odisha,BHADRAK,2014,Winter,Rapeseed &Mustard,174,79,0.454022989
Odisha,BHADRAK,2014,Winter,Rice,158000,222000,1.405063291
Odisha,BHADRAK,2014,Winter,Sugarcane,117,5616,48
Odisha,BHADRAK,2014,Winter,Urad,2143,1446.5,0.674988334
Odisha,BHADRAK,2015,Autumn,Jute,61,80.8,1.324590164
Odisha,BHADRAK,2015,Summer,Groundnut,28,31.7,1.132142857
Odisha,BHADRAK,2015,Summer,Moong(Green Gram),3056,1543.3,0.505006545
Odisha,BHADRAK,2015,Summer,Rice,2000,5000,2.5
Odisha,BHADRAK,2015,Summer,Sesamum,38,11.2,0.294736842
Odisha,BHADRAK,2015,Summer,Urad,291,158.3,0.543986254
Odisha,BHADRAK,2015,Summer,Wheat,4,4.6,1.15
Odisha,BHADRAK,2015,Winter,Potato,32,324.6,10.14375
Odisha,BHADRAK,2015,Winter,Rapeseed &Mustard,143,53.5,0.374125874
Odisha,BHADRAK,2015,Winter,Rice,160000,402000,2.5125
Odisha,BHADRAK,2015,Winter,Sugarcane,101,6555.8,64.90891089
Odisha,BHADRAK,2015,Winter,Urad,1204,693.5,0.575996678
Odisha,BOUDH,1997,Autumn,Arhar/Tur,289,45,0.155709343
Odisha,BOUDH,1997,Autumn,Maize,372,248,0.666666667
Odisha,BOUDH,1997,Autumn,Paddy,10899,11558,1.060464263
Odisha,BOUDH,1997,Autumn,Ragi,47,19,0.404255319
Odisha,BOUDH,1997,Autumn,Urad,19,4,0.210526316
Odisha,BOUDH,1997,Rabi,Wheat,37,24,0.648648649
Odisha,BOUDH,1997,Summer,Arhar/Tur,360,62,0.172222222
Odisha,BOUDH,1997,Summer,Groundnut,429,378,0.881118881
Odisha,BOUDH,1997,Summer,Maize,2,1,0.5
Odisha,BOUDH,1997,Summer,Paddy,1625,2854,1.756307692
Odisha,BOUDH,1997,Summer,Ragi,9,1,0.111111111
Odisha,BOUDH,1997,Summer,Sesamum,103,13,0.126213592
Odisha,BOUDH,1997,Summer,Urad,14,3,0.214285714
Odisha,BOUDH,1997,Whole Year,Potato,44,340,7.727272727
Odisha,BOUDH,1997,Winter,Arhar/Tur,1232,149,0.120941558
Odisha,BOUDH,1997,Winter,Groundnut,5,2,0.4
Odisha,BOUDH,1997,Winter,Horse-gram,3580,766,0.21396648
Odisha,BOUDH,1997,Winter,Paddy,57683,87912,1.524053881
Odisha,BOUDH,1997,Winter,Sesamum,1512,191,0.126322751
Odisha,BOUDH,1997,Winter,Sugarcane,259,11537,44.54440154
Odisha,BOUDH,1997,Winter,Urad,323,41,0.126934985
Odisha,BOUDH,1998,Autumn,Groundnut,37,13,0.351351351
Odisha,BOUDH,1998,Autumn,Maize,474,360,0.759493671
Odisha,BOUDH,1998,Autumn,Moong(Green Gram),423,45,0.106382979
Odisha,BOUDH,1998,Autumn,Ragi,22,6,0.272727273
Odisha,BOUDH,1998,Autumn,Rice,9591,3588,0.374100719
Odisha,BOUDH,1998,Autumn,Urad,79,9,0.113924051
Odisha,BOUDH,1998,Summer,Groundnut,32,23,0.71875
Odisha,BOUDH,1998,Summer,Moong(Green Gram),425,54,0.127058824
Odisha,BOUDH,1998,Summer,Rice,1274,1409,1.105965463
Odisha,BOUDH,1998,Summer,Sesamum,36,5,0.138888889
Odisha,BOUDH,1998,Summer,Wheat,27,29,1.074074074
Odisha,BOUDH,1998,Winter,Groundnut,37,21,0.567567568
Odisha,BOUDH,1998,Winter,Horse-gram,2889,552,0.191069574
Odisha,BOUDH,1998,Winter,Maize,6,2,0.333333333
Odisha,BOUDH,1998,Winter,Moong(Green Gram),1143,137,0.119860017
Odisha,BOUDH,1998,Winter,Potato,47,323,6.872340426
Odisha,BOUDH,1998,Winter,Ragi,15,7,0.466666667
Odisha,BOUDH,1998,Winter,Rapeseed &Mustard,446,32,0.071748879
Odisha,BOUDH,1998,Winter,Rice,48450,50511,1.0425387
Odisha,BOUDH,1998,Winter,Sesamum,1673,276,0.164973102
Odisha,BOUDH,1998,Winter,Sugarcane,405,19066,47.07654321
Odisha,BOUDH,1998,Winter,Urad,527,70,0.132827324
Odisha,BOUDH,1999,Autumn,Rice,10000,10000,1
Odisha,BOUDH,1999,Kharif,Arhar/Tur,3190,2870,0.89968652
Odisha,BOUDH,1999,Kharif,Castor seed,80,70,0.875
Odisha,BOUDH,1999,Kharif,Cotton(lint),280,160,0.571428571
Odisha,BOUDH,1999,Kharif,Dry chillies,660,300,0.454545455
Odisha,BOUDH,1999,Kharif,Dry ginger,10,20,2
Odisha,BOUDH,1999,Kharif,Groundnut,140,130,0.928571429
Odisha,BOUDH,1999,Kharif,Maize,970,1480,1.525773196
Odisha,BOUDH,1999,Kharif,Mesta,320,740,2.3125
Odisha,BOUDH,1999,Kharif,Moong(Green Gram),2720,470,0.172794118
Odisha,BOUDH,1999,Kharif,Niger seed,150,40,0.266666667
Odisha,BOUDH,1999,Kharif,Ragi,70,30,0.428571429
Odisha,BOUDH,1999,Kharif,Sesamum,2860,850,0.297202797
Odisha,BOUDH,1999,Kharif,Small millets,400,140,0.35
Odisha,BOUDH,1999,Kharif,Sweet potato,240,2230,9.291666667
Odisha,BOUDH,1999,Kharif,Turmeric,30,70,2.333333333
Odisha,BOUDH,1999,Kharif,Urad,1750,320,0.182857143
Odisha,BOUDH,1999,Rabi,Castor seed,50,40,0.8
Odisha,BOUDH,1999,Rabi,Coriander,280,110,0.392857143
Odisha,BOUDH,1999,Rabi,Dry chillies,280,130,0.464285714
Odisha,BOUDH,1999,Rabi,Garlic,140,380,2.714285714
Odisha,BOUDH,1999,Rabi,Gram,250,90,0.36
Odisha,BOUDH,1999,Rabi,Groundnut,90,110,1.222222222
Odisha,BOUDH,1999,Rabi,Horse-gram,11970,2790,0.233082707
Odisha,BOUDH,1999,Rabi,Linseed,20,50,2.5
Odisha,BOUDH,1999,Rabi,Maize,20,30,1.5
Odisha,BOUDH,1999,Rabi,Moong(Green Gram),6740,2200,0.326409496
Odisha,BOUDH,1999,Rabi,Rapeseed &Mustard,1020,330,0.323529412
Odisha,BOUDH,1999,Rabi,Sesamum,960,340,0.354166667
Odisha,BOUDH,1999,Rabi,Sunflower,220,320,1.454545455
Odisha,BOUDH,1999,Rabi,Urad,1550,520,0.335483871
Odisha,BOUDH,1999,Rabi,Wheat,130,200,1.538461538
Odisha,BOUDH,1999,Summer,Rice,860,1370,1.593023256
Odisha,BOUDH,1999,Whole Year,Onion,540,3780,7
Odisha,BOUDH,1999,Whole Year,Potato,60,420,7
Odisha,BOUDH,1999,Winter,Rice,55000,86000,1.563636364
Odisha,BOUDH,1999,Winter,Sugarcane,270,17010,63
Odisha,BOUDH,2000,Autumn,Rice,11620,5940,0.511187608
Odisha,BOUDH,2000,Kharif,Arhar/Tur,2930,2720,0.928327645
Odisha,BOUDH,2000,Kharif,Castor seed,60,50,0.833333333
Odisha,BOUDH,2000,Kharif,Cotton(lint),230,220,0.956521739
Odisha,BOUDH,2000,Kharif,Groundnut,51,23.4,0.458823529
Odisha,BOUDH,2000,Kharif,Horse-gram,3939,689.3,0.174993653
Odisha,BOUDH,2000,Kharif,Maize,541,422,0.780036969
Odisha,BOUDH,2000,Kharif,Mesta,380,880,2.315789474
Odisha,BOUDH,2000,Kharif,Moong(Green Gram),2206,269.4,0.122121487
Odisha,BOUDH,2000,Kharif,Niger seed,190,50,0.263157895
Odisha,BOUDH,2000,Kharif,Other Kharif pulses,980,340,0.346938776
Odisha,BOUDH,2000,Kharif,Ragi,46,8.3,0.180434783
Odisha,BOUDH,2000,Kharif,Sesamum,1965,233.8,0.118982188
Odisha,BOUDH,2000,Kharif,Small millets,240,80,0.333333333
Odisha,BOUDH,2000,Kharif,Urad,841,122.5,0.145659929
Odisha,BOUDH,2000,Rabi,Castor seed,40,30,0.75
Odisha,BOUDH,2000,Rabi,Gram,130,50,0.384615385
Odisha,BOUDH,2000,Rabi,Linseed,60,20,0.333333333
Odisha,BOUDH,2000,Rabi,Other  Rabi pulses,10,5,0.5
Odisha,BOUDH,2000,Rabi,Rapeseed &Mustard,202,14.1,0.06980198
Odisha,BOUDH,2000,Rabi,Sunflower,90,130,1.444444444
Odisha,BOUDH,2000,Rabi,Wheat,40,42.5,1.0625
Odisha,BOUDH,2000,Summer,Rice,610,1060,1.737704918
Odisha,BOUDH,2000,Whole Year,Coriander,180,90,0.5
Odisha,BOUDH,2000,Whole Year,Dry chillies,1090,870,0.798165138
Odisha,BOUDH,2000,Whole Year,Garlic,100,310,3.1
Odisha,BOUDH,2000,Whole Year,Onion,210,2270,10.80952381
Odisha,BOUDH,2000,Whole Year,Potato,64,389.5,6.0859375
Odisha,BOUDH,2000,Whole Year,Sugarcane,63,2847.2,45.19365079
Odisha,BOUDH,2000,Whole Year,Sweet potato,300,2490,8.3
Odisha,BOUDH,2000,Whole Year,Tobacco,20,10,0.5
Odisha,BOUDH,2000,Winter,Rice,54440,28210,0.518185158
Odisha,BOUDH,2001,Kharif,Arhar/Tur,2970,2670,0.898989899
Odisha,BOUDH,2001,Kharif,Castor seed,20,20,1
Odisha,BOUDH,2001,Kharif,Dry ginger,80,10,0.125
Odisha,BOUDH,2001,Kharif,Groundnut,34,27.4,0.805882353
Odisha,BOUDH,2001,Kharif,Horse-gram,3615,907.4,0.251009682
Odisha,BOUDH,2001,Kharif,Maize,322,102.1,0.317080745
Odisha,BOUDH,2001,Kharif,Moong(Green Gram),2736,375.5,0.137244152
Odisha,BOUDH,2001,Kharif,Niger seed,150,40,0.266666667
Odisha,BOUDH,2001,Kharif,Other Kharif pulses,60,20,0.333333333
Odisha,BOUDH,2001,Kharif,Ragi,11,3.6,0.327272727
Odisha,BOUDH,2001,Kharif,Rice,70000,88000,1.257142857
Odisha,BOUDH,2001,Kharif,Sesamum,2055,279.4,0.135961071
Odisha,BOUDH,2001,Kharif,Small millets,120,40,0.333333333
Odisha,BOUDH,2001,Kharif,Urad,612,100.4,0.164052288
Odisha,BOUDH,2001,Rabi,Castor seed,40,30,0.75
Odisha,BOUDH,2001,Rabi,Gram,390,140,0.358974359
Odisha,BOUDH,2001,Rabi,Other  Rabi pulses,2410,1210,0.502074689
Odisha,BOUDH,2001,Rabi,Rapeseed &Mustard,217,13.7,0.063133641
Odisha,BOUDH,2001,Rabi,Sunflower,250,370,1.48
Odisha,BOUDH,2001,Rabi,Wheat,61,66.1,1.083606557
Odisha,BOUDH,2001,Whole Year,Coriander,310,150,0.483870968
Odisha,BOUDH,2001,Whole Year,Dry chillies,880,730,0.829545455
Odisha,BOUDH,2001,Whole Year,Garlic,130,410,3.153846154
Odisha,BOUDH,2001,Whole Year,Onion,540,5780,10.7037037
Odisha,BOUDH,2001,Whole Year,Potato,53,393.2,7.418867925
Odisha,BOUDH,2001,Whole Year,Sugarcane,76,3317.6,43.65263158
Odisha,BOUDH,2001,Whole Year,Sweet potato,340,2720,8
Odisha,BOUDH,2001,Whole Year,Turmeric,70,160,2.285714286
Odisha,BOUDH,2002,Kharif,Arhar/Tur,3020,2110,0.698675497
Odisha,BOUDH,2002,Kharif,Castor seed,40,30,0.75
Odisha,BOUDH,2002,Kharif,Dry ginger,200,410,2.05
Odisha,BOUDH,2002,Kharif,Groundnut,18,12.3,0.683333333
Odisha,BOUDH,2002,Kharif,Horse-gram,3410,600.2,0.17601173
Odisha,BOUDH,2002,Kharif,Maize,434,307.7,0.708986175
Odisha,BOUDH,2002,Kharif,Moong(Green Gram),1850,228.5,0.123513514
Odisha,BOUDH,2002,Kharif,Ragi,2,0.6,0.3
Odisha,BOUDH,2002,Kharif,Rice,66000,31000,0.46969697
Odisha,BOUDH,2002,Kharif,Sesamum,1280,106.8,0.0834375
Odisha,BOUDH,2002,Kharif,Small millets,240,90,0.375
Odisha,BOUDH,2002,Kharif,Urad,354,49.6,0.140112994
Odisha,BOUDH,2002,Rabi,Castor seed,40,30,0.75
Odisha,BOUDH,2002,Rabi,Gram,310,120,0.387096774
Odisha,BOUDH,2002,Rabi,Other  Rabi pulses,210,140,0.666666667
Odisha,BOUDH,2002,Rabi,Rapeseed &Mustard,151,7.1,0.047019868
Odisha,BOUDH,2002,Rabi,Sunflower,50,40,0.8
Odisha,BOUDH,2002,Rabi,Wheat,25,34.6,1.384
Odisha,BOUDH,2002,Whole Year,Coriander,590,290,0.491525424
Odisha,BOUDH,2002,Whole Year,Dry chillies,760,580,0.763157895
Odisha,BOUDH,2002,Whole Year,Garlic,200,640,3.2
Odisha,BOUDH,2002,Whole Year,Onion,520,5560,10.69230769
Odisha,BOUDH,2002,Whole Year,Potato,38,245.8,6.468421053
Odisha,BOUDH,2002,Whole Year,Sugarcane,37,1612,43.56756757
Odisha,BOUDH,2002,Whole Year,Sweet potato,370,3000,8.108108108
Odisha,BOUDH,2002,Whole Year,Turmeric,290,650,2.24137931
Odisha,BOUDH,2003,Kharif,Arhar/Tur,3610,1810,0.501385042
Odisha,BOUDH,2003,Kharif,Castor seed,50,30,0.6
Odisha,BOUDH,2003,Kharif,Dry ginger,120,240,2
Odisha,BOUDH,2003,Kharif,Groundnut,31,26.4,0.851612903
Odisha,BOUDH,2003,Kharif,Horse-gram,4512,1678.5,0.372007979
Odisha,BOUDH,2003,Kharif,Maize,344,262.7,0.763662791
Odisha,BOUDH,2003,Kharif,Moong(Green Gram),3304,648.9,0.196398305
Odisha,BOUDH,2003,Kharif,Other Kharif pulses,440,150,0.340909091
Odisha,BOUDH,2003,Kharif,Ragi,3,1.6,0.533333333
Odisha,BOUDH,2003,Kharif,Rice,73000,132000,1.808219178
Odisha,BOUDH,2003,Kharif,Sesamum,723,121.2,0.167634855
Odisha,BOUDH,2003,Kharif,Small millets,100,40,0.4
Odisha,BOUDH,2003,Kharif,Sunflower,30,20,0.666666667
Odisha,BOUDH,2003,Kharif,Urad,710,210,0.295774648
Odisha,BOUDH,2003,Rabi,Castor seed,40,20,0.5
Odisha,BOUDH,2003,Rabi,Gram,560,280,0.5
Odisha,BOUDH,2003,Rabi,Other  Rabi pulses,390,180,0.461538462
Odisha,BOUDH,2003,Rabi,Rapeseed &Mustard,250,37.5,0.15
Odisha,BOUDH,2003,Rabi,Sunflower,90,70,0.777777778
Odisha,BOUDH,2003,Rabi,Wheat,104,153.5,1.475961538
Odisha,BOUDH,2003,Whole Year,Coriander,770,380,0.493506494
Odisha,BOUDH,2003,Whole Year,Dry chillies,920,710,0.77173913
Odisha,BOUDH,2003,Whole Year,Garlic,240,760,3.166666667
Odisha,BOUDH,2003,Whole Year,Onion,560,6020,10.75
Odisha,BOUDH,2003,Whole Year,Potato,66,489.7,7.41969697
Odisha,BOUDH,2003,Whole Year,Sugarcane,28,1316.2,47.00714286
Odisha,BOUDH,2003,Whole Year,Sweet potato,360,3000,8.333333333
Odisha,BOUDH,2003,Whole Year,Turmeric,170,390,2.294117647
Odisha,BOUDH,2004,Autumn,Groundnut,12,8,0.666666667
Odisha,BOUDH,2004,Autumn,Maize,435,312.9,0.719310345
Odisha,BOUDH,2004,Autumn,Moong(Green Gram),468,60.8,0.12991453
Odisha,BOUDH,2004,Autumn,Ragi,8,5.6,0.7
Odisha,BOUDH,2004,Autumn,Rice,11000,10000,0.909090909
Odisha,BOUDH,2004,Autumn,Sesamum,5,0.7,0.14
Odisha,BOUDH,2004,Autumn,Urad,17,2.4,0.141176471
Odisha,BOUDH,2004,Kharif,Castor seed,48,40,0.833333333
Odisha,BOUDH,2004,Kharif,Dry ginger,135,275,2.037037037
Odisha,BOUDH,2004,Kharif,Small millets,186,90,0.483870968
Odisha,BOUDH,2004,Rabi,Castor seed,53,40,0.754716981
Odisha,BOUDH,2004,Rabi,Gram,565,400,0.707964602
Odisha,BOUDH,2004,Rabi,Linseed,78,40,0.512820513
Odisha,BOUDH,2004,Rabi,Other  Rabi pulses,3032,1654,0.545514512
Odisha,BOUDH,2004,Rabi,Sunflower,155,25,0.161290323
Odisha,BOUDH,2004,Summer,Groundnut,10,8.8,0.88
Odisha,BOUDH,2004,Summer,Moong(Green Gram),654,124.9,0.190978593
Odisha,BOUDH,2004,Summer,Rice,1000,1000,1
Odisha,BOUDH,2004,Summer,Sesamum,6,0.5,0.083333333
Odisha,BOUDH,2004,Summer,Urad,3,0.2,0.066666667
Odisha,BOUDH,2004,Summer,Wheat,46,51.7,1.123913043
Odisha,BOUDH,2004,Whole Year,Coriander,583,287,0.492281304
Odisha,BOUDH,2004,Whole Year,Dry chillies,1040,800,0.769230769
Odisha,BOUDH,2004,Whole Year,Garlic,171,549,3.210526316
Odisha,BOUDH,2004,Whole Year,Onion,414,4428,10.69565217
Odisha,BOUDH,2004,Whole Year,Sweet potato,371,3058,8.242587601
Odisha,BOUDH,2004,Whole Year,Turmeric,130,293,2.253846154
Odisha,BOUDH,2004,Winter,Groundnut,46,38.5,0.836956522
Odisha,BOUDH,2004,Winter,Horse-gram,3701,1025.2,0.277006215
Odisha,BOUDH,2004,Winter,Moong(Green Gram),1781,322.4,0.181021898
Odisha,BOUDH,2004,Winter,Potato,60,447.7,7.461666667
Odisha,BOUDH,2004,Winter,Ragi,5,2,0.4
Odisha,BOUDH,2004,Winter,Rapeseed &Mustard,279,29.6,0.10609319
Odisha,BOUDH,2004,Winter,Rice,57000,86000,1.50877193
Odisha,BOUDH,2004,Winter,Sesamum,1530,195.8,0.127973856
Odisha,BOUDH,2004,Winter,Sugarcane,25,1112.8,44.512
Odisha,BOUDH,2004,Winter,Urad,482,99.8,0.207053942
Odisha,BOUDH,2005,Autumn,Groundnut,41,23.8,0.580487805
Odisha,BOUDH,2005,Autumn,Maize,404,291,0.72029703
Odisha,BOUDH,2005,Autumn,Moong(Green Gram),498,57.8,0.116064257
Odisha,BOUDH,2005,Autumn,Ragi,7,3.6,0.514285714
Odisha,BOUDH,2005,Autumn,Rice,10000,9000,0.9
Odisha,BOUDH,2005,Autumn,Urad,21,2.9,0.138095238
Odisha,BOUDH,2005,Summer,Groundnut,145,166.2,1.146206897
Odisha,BOUDH,2005,Summer,Horse-gram,6,1.3,0.216666667
Odisha,BOUDH,2005,Summer,Moong(Green Gram),1111,214.4,0.192979298
Odisha,BOUDH,2005,Summer,Ragi,3,2.8,0.933333333
Odisha,BOUDH,2005,Summer,Rice,1000,2000,2
Odisha,BOUDH,2005,Summer,Sesamum,90,16.3,0.181111111
Odisha,BOUDH,2005,Summer,Urad,31,5.1,0.164516129
Odisha,BOUDH,2005,Summer,Wheat,79,116.6,1.475949367
Odisha,BOUDH,2005,Winter,Groundnut,38,29.5,0.776315789
Odisha,BOUDH,2005,Winter,Horse-gram,3047,789.2,0.259008861
Odisha,BOUDH,2005,Winter,Moong(Green Gram),1424,219.3,0.154002809
Odisha,BOUDH,2005,Winter,Potato,66,534.4,8.096969697
Odisha,BOUDH,2005,Winter,Rapeseed &Mustard,279,24.3,0.087096774
Odisha,BOUDH,2005,Winter,Rice,57000,93000,1.631578947
Odisha,BOUDH,2005,Winter,Sesamum,976,126.9,0.130020492
Odisha,BOUDH,2005,Winter,Sugarcane,11,560.1,50.91818182
Odisha,BOUDH,2005,Winter,Urad,575,106.4,0.185043478
Odisha,BOUDH,2006,Autumn,Groundnut,38,29.8,0.784210526
Odisha,BOUDH,2006,Autumn,Maize,340,237.2,0.697647059
Odisha,BOUDH,2006,Autumn,Moong(Green Gram),367,53.2,0.144959128
Odisha,BOUDH,2006,Autumn,Ragi,13,4.9,0.376923077
Odisha,BOUDH,2006,Autumn,Rice,10000,12000,1.2
Odisha,BOUDH,2006,Autumn,Sesamum,8,1.7,0.2125
Odisha,BOUDH,2006,Autumn,Urad,38,5.2,0.136842105
Odisha,BOUDH,2006,Summer,Groundnut,12,9.2,0.766666667
Odisha,BOUDH,2006,Summer,Horse-gram,3,1.1,0.366666667
Odisha,BOUDH,2006,Summer,Maize,1,1.3,1.3
Odisha,BOUDH,2006,Summer,Moong(Green Gram),1669,447.3,0.268004793
Odisha,BOUDH,2006,Summer,Ragi,1,0.5,0.5
Odisha,BOUDH,2006,Summer,Rice,1000,2000,2
Odisha,BOUDH,2006,Summer,Sesamum,10,2.4,0.24
Odisha,BOUDH,2006,Summer,Urad,16,6.1,0.38125
Odisha,BOUDH,2006,Summer,Wheat,94,113.2,1.204255319
Odisha,BOUDH,2006,Winter,Groundnut,121,125.5,1.037190083
Odisha,BOUDH,2006,Winter,Horse-gram,3634,963,0.264997248
Odisha,BOUDH,2006,Winter,Maize,1,0.8,0.8
Odisha,BOUDH,2006,Winter,Moong(Green Gram),1736,357.6,0.205990783
Odisha,BOUDH,2006,Winter,Potato,78,643.1,8.244871795
Odisha,BOUDH,2006,Winter,Rapeseed &Mustard,219,23.7,0.108219178
Odisha,BOUDH,2006,Winter,Rice,60000,98000,1.633333333
Odisha,BOUDH,2006,Winter,Sesamum,1648,250.5,0.152002427
Odisha,BOUDH,2006,Winter,Sugarcane,33,1675.9,50.78484848
Odisha,BOUDH,2006,Winter,Urad,972,226.5,0.233024691
Odisha,BOUDH,2007,Autumn,Groundnut,34,21.8,0.641176471
Odisha,BOUDH,2007,Autumn,Maize,449,436.5,0.972160356
Odisha,BOUDH,2007,Autumn,Moong(Green Gram),520,73.3,0.140961538
Odisha,BOUDH,2007,Autumn,Ragi,9,3.5,0.388888889
Odisha,BOUDH,2007,Autumn,Rice,11000,12000,1.090909091
Odisha,BOUDH,2007,Autumn,Sesamum,5,0.4,0.08
Odisha,BOUDH,2007,Autumn,Urad,32,5.3,0.165625
Odisha,BOUDH,2007,Summer,Maize,2,2.5,1.25
Odisha,BOUDH,2007,Summer,Moong(Green Gram),1045,271.7,0.26
Odisha,BOUDH,2007,Summer,Rice,1000,2000,2
Odisha,BOUDH,2007,Summer,Sesamum,7,1.5,0.214285714
Odisha,BOUDH,2007,Summer,Urad,10,2.4,0.24
Odisha,BOUDH,2007,Summer,Wheat,60,110.2,1.836666667
Odisha,BOUDH,2007,Winter,Groundnut,40,38,0.95
Odisha,BOUDH,2007,Winter,Horse-gram,3360,880.3,0.261994048
Odisha,BOUDH,2007,Winter,Moong(Green Gram),1592,308.8,0.193969849
Odisha,BOUDH,2007,Winter,Potato,46,330.6,7.186956522
Odisha,BOUDH,2007,Winter,Rapeseed &Mustard,206,20.4,0.099029126
Odisha,BOUDH,2007,Winter,Rice,53000,93000,1.754716981
Odisha,BOUDH,2007,Winter,Sesamum,1722,248,0.144018583
Odisha,BOUDH,2007,Winter,Sugarcane,23,1234,53.65217391
Odisha,BOUDH,2007,Winter,Urad,635,128.9,0.202992126
Odisha,BOUDH,2008,Autumn,Groundnut,44,37,0.840909091
Odisha,BOUDH,2008,Autumn,Maize,332,307.6,0.926506024
Odisha,BOUDH,2008,Autumn,Moong(Green Gram),516,74.8,0.14496124
Odisha,BOUDH,2008,Autumn,Ragi,1,0.6,0.6
Odisha,BOUDH,2008,Autumn,Rice,11000,11000,1
Odisha,BOUDH,2008,Autumn,Sesamum,14,1.2,0.085714286
Odisha,BOUDH,2008,Autumn,Urad,70,10.4,0.148571429
Odisha,BOUDH,2008,Summer,Groundnut,3,3.9,1.3
Odisha,BOUDH,2008,Summer,Maize,1,1.3,1.3
Odisha,BOUDH,2008,Summer,Moong(Green Gram),1825,522,0.286027397
Odisha,BOUDH,2008,Summer,Ragi,1,0.5,0.5
Odisha,BOUDH,2008,Summer,Rice,2000,3000,1.5
Odisha,BOUDH,2008,Summer,Sesamum,5,1.1,0.22
Odisha,BOUDH,2008,Summer,Urad,88,26.1,0.296590909
Odisha,BOUDH,2008,Summer,Wheat,103,147.6,1.433009709
Odisha,BOUDH,2008,Winter,Groundnut,10,8,0.8
Odisha,BOUDH,2008,Winter,Horse-gram,3021,764.3,0.252995697
Odisha,BOUDH,2008,Winter,Moong(Green Gram),1722,308.2,0.178977933
Odisha,BOUDH,2008,Winter,Potato,95,658,6.926315789
Odisha,BOUDH,2008,Winter,Ragi,1,0.7,0.7
Odisha,BOUDH,2008,Winter,Rapeseed &Mustard,232,24.4,0.105172414
Odisha,BOUDH,2008,Winter,Rice,58000,78000,1.344827586
Odisha,BOUDH,2008,Winter,Sesamum,1451,208.9,0.143969676
Odisha,BOUDH,2008,Winter,Sugarcane,13,696.1,53.54615385
Odisha,BOUDH,2008,Winter,Urad,623,105.9,0.169983949
Odisha,BOUDH,2009,Autumn,Groundnut,17,11.6,0.682352941
Odisha,BOUDH,2009,Autumn,Maize,360,279.7,0.776944444
Odisha,BOUDH,2009,Autumn,Moong(Green Gram),561,102.1,0.181996435
Odisha,BOUDH,2009,Autumn,Ragi,3,1.5,0.5
Odisha,BOUDH,2009,Autumn,Rice,7000,8000,1.142857143
Odisha,BOUDH,2009,Autumn,Sesamum,15,1.8,0.12
Odisha,BOUDH,2009,Autumn,Urad,40,8.1,0.2025
Odisha,BOUDH,2009,Summer,Groundnut,33,23.9,0.724242424
Odisha,BOUDH,2009,Summer,Maize,2,2.4,1.2
Odisha,BOUDH,2009,Summer,Moong(Green Gram),674,141.5,0.209940653
Odisha,BOUDH,2009,Summer,Sesamum,25,5.9,0.236
Odisha,BOUDH,2009,Summer,Urad,11,2.3,0.209090909
Odisha,BOUDH,2009,Summer,Wheat,46,55.3,1.202173913
Odisha,BOUDH,2009,Winter,Groundnut,74,45.1,0.609459459
Odisha,BOUDH,2009,Winter,Horse-gram,2928,819.8,0.279986339
Odisha,BOUDH,2009,Winter,Moong(Green Gram),1901,376.4,0.198001052
Odisha,BOUDH,2009,Winter,Potato,56,443.8,7.925
Odisha,BOUDH,2009,Winter,Rapeseed &Mustard,199,20.5,0.103015075
Odisha,BOUDH,2009,Winter,Rice,57000,109000,1.912280702
Odisha,BOUDH,2009,Winter,Sesamum,948,142.2,0.15
Odisha,BOUDH,2009,Winter,Sugarcane,11,624.8,56.8
Odisha,BOUDH,2009,Winter,Urad,447,85.4,0.191051454
Odisha,BOUDH,2010,Autumn,Groundnut,16,13.6,0.85
Odisha,BOUDH,2010,Autumn,Maize,390,384.4,0.985641026
Odisha,BOUDH,2010,Autumn,Moong(Green Gram),715,123.7,0.173006993
Odisha,BOUDH,2010,Autumn,Ragi,6,2.9,0.483333333
Odisha,BOUDH,2010,Autumn,Rice,7000,5000,0.714285714
Odisha,BOUDH,2010,Autumn,Sesamum,1,0.1,0.1
Odisha,BOUDH,2010,Autumn,Urad,28,5.5,0.196428571
Odisha,BOUDH,2010,Summer,Groundnut,1,0.6,0.6
Odisha,BOUDH,2010,Summer,Maize,1,1.3,1.3
Odisha,BOUDH,2010,Summer,Moong(Green Gram),1351,345.9,0.256032568
Odisha,BOUDH,2010,Summer,Rice,1000,1000,1
Odisha,BOUDH,2010,Summer,Urad,18,4.7,0.261111111
Odisha,BOUDH,2010,Summer,Wheat,33,41.8,1.266666667
Odisha,BOUDH,2010,Winter,Groundnut,19,10.5,0.552631579
Odisha,BOUDH,2010,Winter,Horse-gram,3716,791.5,0.212997847
Odisha,BOUDH,2010,Winter,Moong(Green Gram),2161,339.3,0.157010643
Odisha,BOUDH,2010,Winter,Potato,62,432.3,6.972580645
Odisha,BOUDH,2010,Winter,Rapeseed &Mustard,285,26.5,0.092982456
Odisha,BOUDH,2010,Winter,Rice,57000,72000,1.263157895
Odisha,BOUDH,2010,Winter,Sesamum,962,105.8,0.10997921
Odisha,BOUDH,2010,Winter,Sugarcane,9,736.6,81.84444444
Odisha,BOUDH,2010,Winter,Urad,725,112.4,0.155034483
Odisha,BOUDH,2011,Autumn,Groundnut,27,16.7,0.618518519
Odisha,BOUDH,2011,Autumn,Maize,408,353.6,0.866666667
Odisha,BOUDH,2011,Autumn,Moong(Green Gram),748,108.5,0.145053476
Odisha,BOUDH,2011,Autumn,Ragi,1,0.4,0.4
Odisha,BOUDH,2011,Autumn,Rice,5000,3000,0.6
Odisha,BOUDH,2011,Autumn,Sesamum,13,1.2,0.092307692
Odisha,BOUDH,2011,Autumn,Urad,30,3.6,0.12
Odisha,BOUDH,2011,Summer,Groundnut,11,6.6,0.6
Odisha,BOUDH,2011,Summer,Maize,3,3.6,1.2
Odisha,BOUDH,2011,Summer,Moong(Green Gram),1110,155.4,0.14
Odisha,BOUDH,2011,Summer,Rice,1000,1000,1
Odisha,BOUDH,2011,Summer,Sesamum,16,2.1,0.13125
Odisha,BOUDH,2011,Summer,Urad,5,0.5,0.1
Odisha,BOUDH,2011,Summer,Wheat,41,91.6,2.234146341
Odisha,BOUDH,2011,Winter,Groundnut,59,43.7,0.740677966
Odisha,BOUDH,2011,Winter,Horse-gram,1540,254.1,0.165
Odisha,BOUDH,2011,Winter,Moong(Green Gram),1214,195.5,0.161037891
Odisha,BOUDH,2011,Winter,Potato,52,367.1,7.059615385
Odisha,BOUDH,2011,Winter,Rapeseed &Mustard,162,16.4,0.101234568
Odisha,BOUDH,2011,Winter,Rice,59000,72000,1.220338983
Odisha,BOUDH,2011,Winter,Sesamum,516,89.3,0.173062016
Odisha,BOUDH,2011,Winter,Sugarcane,15,808.3,53.88666667
Odisha,BOUDH,2011,Winter,Urad,863,114.8,0.133024334
Odisha,BOUDH,2012,Autumn,Groundnut,4,2.7,0.675
Odisha,BOUDH,2012,Autumn,Maize,273,217.6,0.797069597
Odisha,BOUDH,2012,Autumn,Moong(Green Gram),399,65.4,0.163909774
Odisha,BOUDH,2012,Autumn,Ragi,1,0.3,0.3
Odisha,BOUDH,2012,Autumn,Rice,6000,8000,1.333333333
Odisha,BOUDH,2012,Summer,Groundnut,61,37.3,0.61147541
Odisha,BOUDH,2012,Summer,Maize,2,1.9,0.95
Odisha,BOUDH,2012,Summer,Moong(Green Gram),1224,235,0.191993464
Odisha,BOUDH,2012,Summer,Rice,173000,3000,0.01734104
Odisha,BOUDH,2012,Summer,Sesamum,17,2.1,0.123529412
Odisha,BOUDH,2012,Summer,Wheat,36,64.4,1.788888889
Odisha,BOUDH,2012,Winter,Groundnut,17,17.5,1.029411765
Odisha,BOUDH,2012,Winter,Horse-gram,2875,882.6,0.306991304
Odisha,BOUDH,2012,Winter,Moong(Green Gram),2111,521.4,0.246991947
Odisha,BOUDH,2012,Winter,Potato,59,648.4,10.98983051
Odisha,BOUDH,2012,Winter,Rapeseed &Mustard,215,33.3,0.154883721
Odisha,BOUDH,2012,Winter,Rice,62000,165000,2.661290323
Odisha,BOUDH,2012,Winter,Sesamum,610,136,0.22295082
Odisha,BOUDH,2012,Winter,Sugarcane,26,1610.1,61.92692308
Odisha,BOUDH,2012,Winter,Urad,871,237.8,0.273019518
Odisha,BOUDH,2013,Autumn,Groundnut,36,22.1,0.613888889
Odisha,BOUDH,2013,Autumn,Maize,184,143.5,0.779891304
Odisha,BOUDH,2013,Autumn,Moong(Green Gram),446,85.2,0.19103139
Odisha,BOUDH,2013,Autumn,Ragi,1,0.2,0.2
Odisha,BOUDH,2013,Autumn,Rice,7000,8000,1.142857143
Odisha,BOUDH,2013,Autumn,Sesamum,1,0.1,0.1
Odisha,BOUDH,2013,Autumn,Urad,4,0.5,0.125
Odisha,BOUDH,2013,Summer,Groundnut,6,3.9,0.65
Odisha,BOUDH,2013,Summer,Maize,1,1.5,1.5
Odisha,BOUDH,2013,Summer,Moong(Green Gram),717,153.4,0.213947001
Odisha,BOUDH,2013,Summer,Rice,2000,4000,2
Odisha,BOUDH,2013,Summer,Sesamum,6,1.6,0.266666667
Odisha,BOUDH,2013,Summer,Wheat,29,55.3,1.906896552
Odisha,BOUDH,2013,Winter,Groundnut,10,7,0.7
Odisha,BOUDH,2013,Winter,Horse-gram,1707,409.7,0.240011716
Odisha,BOUDH,2013,Winter,Moong(Green Gram),1188,264.9,0.222979798
Odisha,BOUDH,2013,Winter,Potato,41,359.8,8.775609756
Odisha,BOUDH,2013,Winter,Rapeseed &Mustard,128,10.5,0.08203125
Odisha,BOUDH,2013,Winter,Rice,59000,110000,1.86440678
Odisha,BOUDH,2013,Winter,Sesamum,344,55.4,0.161046512
Odisha,BOUDH,2013,Winter,Sugarcane,10,578.7,57.87
Odisha,BOUDH,2013,Winter,Urad,334,71.1,0.212874251
Odisha,BOUDH,2014,Autumn,Groundnut,18,12.1,0.672222222
Odisha,BOUDH,2014,Autumn,Maize,211,151.6,0.718483412
Odisha,BOUDH,2014,Autumn,Moong(Green Gram),370,69.2,0.187027027
Odisha,BOUDH,2014,Autumn,Rice,5000,7000,1.4
Odisha,BOUDH,2014,Autumn,Urad,4,0.9,0.225
Odisha,BOUDH,2014,Summer,Groundnut,2,1.9,0.95
Odisha,BOUDH,2014,Summer,Maize,1,2.8,2.8
Odisha,BOUDH,2014,Summer,Moong(Green Gram),438,89.4,0.204109589
Odisha,BOUDH,2014,Summer,Rice,1000,3000,3
Odisha,BOUDH,2014,Summer,Urad,57,9.5,0.166666667
Odisha,BOUDH,2014,Summer,Wheat,5,7.8,1.56
Odisha,BOUDH,2014,Winter,Groundnut,2,1.5,0.75
Odisha,BOUDH,2014,Winter,Horse-gram,2085,479.6,0.230023981
Odisha,BOUDH,2014,Winter,Moong(Green Gram),1113,214.8,0.192991914
Odisha,BOUDH,2014,Winter,Potato,31,265.9,8.577419355
Odisha,BOUDH,2014,Winter,Rapeseed &Mustard,164,17.7,0.107926829
Odisha,BOUDH,2014,Winter,Rice,53000,127000,2.396226415
Odisha,BOUDH,2014,Winter,Sesamum,98,15.1,0.154081633
Odisha,BOUDH,2014,Winter,Sugarcane,3,174.4,58.13333333
Odisha,BOUDH,2014,Winter,Urad,117,23.4,0.2
Odisha,BOUDH,2015,Autumn,Groundnut,14,7.2,0.514285714
Odisha,BOUDH,2015,Autumn,Maize,164,99.5,0.606707317
Odisha,BOUDH,2015,Autumn,Moong(Green Gram),211,38.4,0.181990521
Odisha,BOUDH,2015,Autumn,Rice,5000,3000,0.6
Odisha,BOUDH,2015,Summer,Moong(Green Gram),729,128.3,0.175994513
Odisha,BOUDH,2015,Summer,Rice,1000,2000,2
Odisha,BOUDH,2015,Summer,Wheat,1,1.6,1.6
Odisha,BOUDH,2015,Winter,Groundnut,22,19.1,0.868181818
Odisha,BOUDH,2015,Winter,Horse-gram,940,151.3,0.160957447
Odisha,BOUDH,2015,Winter,Moong(Green Gram),380,70.7,0.186052632
Odisha,BOUDH,2015,Winter,Potato,37,262,7.081081081
Odisha,BOUDH,2015,Winter,Rapeseed &Mustard,77,4.9,0.063636364
Odisha,BOUDH,2015,Winter,Rice,55000,52000,0.945454545
Odisha,BOUDH,2015,Winter,Sesamum,107,14.8,0.138317757
Odisha,BOUDH,2015,Winter,Sugarcane,4,228.8,57.2
Odisha,BOUDH,2015,Winter,Urad,91,16.7,0.183516484
Odisha,CUTTACK,1997,Autumn,Groundnut,446,302,0.677130045
Odisha,CUTTACK,1997,Autumn,Jute,31550,51430,1.630110935
Odisha,CUTTACK,1997,Autumn,Maize,14,4,0.285714286
Odisha,CUTTACK,1997,Autumn,Paddy,17853,22816,1.277992494
Odisha,CUTTACK,1997,Autumn,Ragi,69,49,0.710144928
Odisha,CUTTACK,1997,Summer,Arhar/Tur,23111,4392,0.190039375
Odisha,CUTTACK,1997,Summer,Groundnut,2976,4152,1.39516129
Odisha,CUTTACK,1997,Summer,Horse-gram,222,52,0.234234234
Odisha,CUTTACK,1997,Summer,Maize,7,8,1.142857143
Odisha,CUTTACK,1997,Summer,Paddy,8517,14816,1.739579664
Odisha,CUTTACK,1997,Summer,Ragi,2,2,1
Odisha,CUTTACK,1997,Summer,Sesamum,818,340,0.415647922
Odisha,CUTTACK,1997,Summer,Urad,653,150,0.229709035
Odisha,CUTTACK,1997,Whole Year,Potato,1659,21728,13.09704641
Odisha,CUTTACK,1997,Winter,Arhar/Tur,1797,516,0.287145242
Odisha,CUTTACK,1997,Winter,Groundnut,204,235,1.151960784
Odisha,CUTTACK,1997,Winter,Horse-gram,6605,4352,0.658894777
Odisha,CUTTACK,1997,Winter,Paddy,133613,195620,1.464079094
Odisha,CUTTACK,1997,Winter,Ragi,1,1,1
Odisha,CUTTACK,1997,Winter,Sesamum,150,24,0.16
Odisha,CUTTACK,1997,Winter,Sugarcane,3825,241109,63.03503268
Odisha,CUTTACK,1997,Winter,Urad,19139,9550,0.498981138
Odisha,CUTTACK,1998,Autumn,Groundnut,89,54,0.606741573
Odisha,CUTTACK,1998,Autumn,Jute,1430,14000,9.79020979
Odisha,CUTTACK,1998,Autumn,Maize,13,6,0.461538462
Odisha,CUTTACK,1998,Autumn,Ragi,25,14,0.56
Odisha,CUTTACK,1998,Autumn,Rice,14695,19134,1.302075536
Odisha,CUTTACK,1998,Autumn,Sesamum,1,1,1
Odisha,CUTTACK,1998,Autumn,Urad,15,3,0.2
Odisha,CUTTACK,1998,Summer,Groundnut,3910,2280,0.583120205
Odisha,CUTTACK,1998,Summer,Horse-gram,59,5,0.084745763
Odisha,CUTTACK,1998,Summer,Maize,6,4,0.666666667
Odisha,CUTTACK,1998,Summer,Moong(Green Gram),22894,6159,0.269022451
Odisha,CUTTACK,1998,Summer,Rice,8150,13477,1.653619632
Odisha,CUTTACK,1998,Summer,Sesamum,178,51,0.286516854
Odisha,CUTTACK,1998,Summer,Urad,344,96,0.279069767
Odisha,CUTTACK,1998,Summer,Wheat,59,67,1.13559322
Odisha,CUTTACK,1998,Winter,Groundnut,299,308,1.030100334
Odisha,CUTTACK,1998,Winter,Horse-gram,3900,1470,0.376923077
Odisha,CUTTACK,1998,Winter,Maize,27,14,0.518518519
Odisha,CUTTACK,1998,Winter,Moong(Green Gram),1552,270,0.173969072
Odisha,CUTTACK,1998,Winter,Potato,1563,22429,14.34996801
Odisha,CUTTACK,1998,Winter,Ragi,7,4,0.571428571
Odisha,CUTTACK,1998,Winter,Rapeseed &Mustard,156,17,0.108974359
Odisha,CUTTACK,1998,Winter,Rice,127524,225009,1.76444434
Odisha,CUTTACK,1998,Winter,Sesamum,185,29,0.156756757
Odisha,CUTTACK,1998,Winter,Sugarcane,3864,268648,69.52587992
Odisha,CUTTACK,1998,Winter,Urad,13090,4410,0.336898396
Odisha,CUTTACK,1999,Autumn,Rice,9000,11000,1.222222222
Odisha,CUTTACK,1999,Kharif,Arhar/Tur,1240,1000,0.806451613
Odisha,CUTTACK,1999,Kharif,Castor seed,160,80,0.5
Odisha,CUTTACK,1999,Kharif,Dry chillies,1850,3140,1.697297297
Odisha,CUTTACK,1999,Kharif,Dry ginger,470,70,0.14893617
Odisha,CUTTACK,1999,Kharif,Groundnut,390,420,1.076923077
Odisha,CUTTACK,1999,Kharif,Jowar,90,50,0.555555556
Odisha,CUTTACK,1999,Kharif,Jute,2470,16810,6.805668016
Odisha,CUTTACK,1999,Kharif,Maize,1010,1020,1.00990099
Odisha,CUTTACK,1999,Kharif,Mesta,630,3550,5.634920635
Odisha,CUTTACK,1999,Kharif,Moong(Green Gram),390,160,0.41025641
Odisha,CUTTACK,1999,Kharif,Ragi,540,410,0.759259259
Odisha,CUTTACK,1999,Kharif,Sesamum,1690,710,0.420118343
Odisha,CUTTACK,1999,Kharif,Sweet potato,360,2580,7.166666667
Odisha,CUTTACK,1999,Kharif,Turmeric,410,630,1.536585366
Odisha,CUTTACK,1999,Kharif,Urad,2330,920,0.394849785
Odisha,CUTTACK,1999,Rabi,Castor seed,20,10,0.5
Odisha,CUTTACK,1999,Rabi,Coriander,1490,830,0.55704698
Odisha,CUTTACK,1999,Rabi,Dry chillies,2650,2310,0.871698113
Odisha,CUTTACK,1999,Rabi,Garlic,930,2880,3.096774194
Odisha,CUTTACK,1999,Rabi,Gram,610,370,0.606557377
Odisha,CUTTACK,1999,Rabi,Groundnut,8150,11650,1.429447853
Odisha,CUTTACK,1999,Rabi,Horse-gram,17840,8560,0.479820628
Odisha,CUTTACK,1999,Rabi,Linseed,220,130,0.590909091
Odisha,CUTTACK,1999,Rabi,Maize,320,550,1.71875
Odisha,CUTTACK,1999,Rabi,Moong(Green Gram),28600,14560,0.509090909
Odisha,CUTTACK,1999,Rabi,Ragi,90,70,0.777777778
Odisha,CUTTACK,1999,Rabi,Rapeseed &Mustard,3010,1320,0.438538206
Odisha,CUTTACK,1999,Rabi,Sesamum,2700,1150,0.425925926
Odisha,CUTTACK,1999,Rabi,Sunflower,430,190,0.441860465
Odisha,CUTTACK,1999,Rabi,Sweet potato,650,4240,6.523076923
Odisha,CUTTACK,1999,Rabi,Urad,35300,15530,0.439943343
Odisha,CUTTACK,1999,Rabi,Wheat,730,1220,1.671232877
Odisha,CUTTACK,1999,Summer,Rice,19900,45990,2.311055276
Odisha,CUTTACK,1999,Whole Year,Onion,1810,13960,7.712707182
Odisha,CUTTACK,1999,Whole Year,Potato,1480,16500,11.14864865
Odisha,CUTTACK,1999,Winter,Rice,133000,49000,0.368421053
Odisha,CUTTACK,1999,Winter,Sugarcane,3640,113210,31.10164835
Odisha,CUTTACK,2000,Autumn,Rice,13380,16980,1.269058296
Odisha,CUTTACK,2000,Kharif,Arhar/Tur,1360,1070,0.786764706
Odisha,CUTTACK,2000,Kharif,Dry ginger,750,1390,1.853333333
Odisha,CUTTACK,2000,Kharif,Groundnut,1792,1505.1,0.839899554
Odisha,CUTTACK,2000,Kharif,Horse-gram,3777,1566.6,0.41477363
Odisha,CUTTACK,2000,Kharif,Jute,2160,14960,6.925925926
Odisha,CUTTACK,2000,Kharif,Maize,101,83.7,0.828712871
Odisha,CUTTACK,2000,Kharif,Mesta,630,3780,6
Odisha,CUTTACK,2000,Kharif,Moong(Green Gram),10351,2987.6,0.288629118
Odisha,CUTTACK,2000,Kharif,Other Kharif pulses,790,330,0.417721519
Odisha,CUTTACK,2000,Kharif,Ragi,185,129.1,0.697837838
Odisha,CUTTACK,2000,Kharif,Sesamum,117,40.9,0.34957265
Odisha,CUTTACK,2000,Kharif,Urad,9869,3502.8,0.354929577
Odisha,CUTTACK,2000,Rabi,Arhar/Tur,30,20,0.666666667
Odisha,CUTTACK,2000,Rabi,Castor seed,20,10,0.5
Odisha,CUTTACK,2000,Rabi,Gram,260,150,0.576923077
Odisha,CUTTACK,2000,Rabi,Linseed,80,40,0.5
Odisha,CUTTACK,2000,Rabi,Other  Rabi pulses,61,32,0.524590164
Odisha,CUTTACK,2000,Rabi,Rapeseed &Mustard,53,8.5,0.160377358
Odisha,CUTTACK,2000,Rabi,Sunflower,120,80,0.666666667
Odisha,CUTTACK,2000,Rabi,Wheat,11,15.7,1.427272727
Odisha,CUTTACK,2000,Summer,Rice,3250,6380,1.963076923
Odisha,CUTTACK,2000,Whole Year,Coriander,920,450,0.489130435
Odisha,CUTTACK,2000,Whole Year,Dry chillies,1980,1740,0.878787879
Odisha,CUTTACK,2000,Whole Year,Garlic,650,2060,3.169230769
Odisha,CUTTACK,2000,Whole Year,Onion,1100,8800,8
Odisha,CUTTACK,2000,Whole Year,Potato,1069,14967.1,14.001029
Odisha,CUTTACK,2000,Whole Year,Sugarcane,1580,80272.5,50.80537975
Odisha,CUTTACK,2000,Whole Year,Sweet potato,580,4820,8.310344828
Odisha,CUTTACK,2000,Whole Year,Turmeric,1040,2440,2.346153846
Odisha,CUTTACK,2000,Winter,Rice,139830,166210,1.188657656
Odisha,CUTTACK,2001,Kharif,Arhar/Tur,1160,950,0.818965517
Odisha,CUTTACK,2001,Kharif,Castor seed,40,20,0.5
Odisha,CUTTACK,2001,Kharif,Dry ginger,410,760,1.853658537
Odisha,CUTTACK,2001,Kharif,Groundnut,1564,1425.1,0.911189258
Odisha,CUTTACK,2001,Kharif,Horse-gram,6258,3346.5,0.534755513
Odisha,CUTTACK,2001,Kharif,Jute,1422,16558,11.64416315
Odisha,CUTTACK,2001,Kharif,Maize,23,7.1,0.308695652
Odisha,CUTTACK,2001,Kharif,Moong(Green Gram),22382,8083.8,0.361174158
Odisha,CUTTACK,2001,Kharif,Ragi,47,24.6,0.523404255
Odisha,CUTTACK,2001,Kharif,Rice,142000,239000,1.683098592
Odisha,CUTTACK,2001,Kharif,Sesamum,246,87.8,0.356910569
Odisha,CUTTACK,2001,Kharif,Urad,17784,8396.2,0.472121008
Odisha,CUTTACK,2001,Rabi,Arhar/Tur,40,30,0.75
Odisha,CUTTACK,2001,Rabi,Castor seed,30,30,1
Odisha,CUTTACK,2001,Rabi,Gram,490,220,0.448979592
Odisha,CUTTACK,2001,Rabi,Linseed,110,60,0.545454545
Odisha,CUTTACK,2001,Rabi,Other  Rabi pulses,970,530,0.546391753
Odisha,CUTTACK,2001,Rabi,Rapeseed &Mustard,191,30.2,0.158115183
Odisha,CUTTACK,2001,Rabi,Safflower,10,10,1
Odisha,CUTTACK,2001,Rabi,Sunflower,400,270,0.675
Odisha,CUTTACK,2001,Rabi,Wheat,42,46.6,1.10952381
Odisha,CUTTACK,2001,Whole Year,Coriander,590,290,0.491525424
Odisha,CUTTACK,2001,Whole Year,Dry chillies,1870,1610,0.860962567
Odisha,CUTTACK,2001,Whole Year,Garlic,660,2090,3.166666667
Odisha,CUTTACK,2001,Whole Year,Onion,860,6880,8
Odisha,CUTTACK,2001,Whole Year,Potato,967,11461.9,11.85305067
Odisha,CUTTACK,2001,Whole Year,Sugarcane,1151,59774.9,51.93301477
Odisha,CUTTACK,2001,Whole Year,Sweet potato,610,5000,8.196721311
Odisha,CUTTACK,2001,Whole Year,Turmeric,760,1710,2.25
Odisha,CUTTACK,2002,Kharif,Arhar/Tur,890,720,0.808988764
Odisha,CUTTACK,2002,Kharif,Castor seed,110,50,0.454545455
Odisha,CUTTACK,2002,Kharif,Dry ginger,350,650,1.857142857
Odisha,CUTTACK,2002,Kharif,Groundnut,2458,2085.2,0.848331977
Odisha,CUTTACK,2002,Kharif,Horse-gram,4726,2201.6,0.465848498
Odisha,CUTTACK,2002,Kharif,Jowar,20,10,0.5
Odisha,CUTTACK,2002,Kharif,Jute,1717,19087,11.11648224
Odisha,CUTTACK,2002,Kharif,Maize,5,1.9,0.38
Odisha,CUTTACK,2002,Kharif,Moong(Green Gram),22698,7786.2,0.343034629
Odisha,CUTTACK,2002,Kharif,Ragi,20,9.6,0.48
Odisha,CUTTACK,2002,Kharif,Rice,155000,180000,1.161290323
Odisha,CUTTACK,2002,Kharif,Sesamum,489,208.6,0.426584867
Odisha,CUTTACK,2002,Kharif,Urad,11253,4523.6,0.40199058
Odisha,CUTTACK,2002,Rabi,Gram,180,80,0.444444444
Odisha,CUTTACK,2002,Rabi,Linseed,90,50,0.555555556
Odisha,CUTTACK,2002,Rabi,Other  Rabi pulses,780,400,0.512820513
Odisha,CUTTACK,2002,Rabi,Rapeseed &Mustard,82,13.7,0.167073171
Odisha,CUTTACK,2002,Rabi,Safflower,10,10,1
Odisha,CUTTACK,2002,Rabi,Sunflower,90,60,0.666666667
Odisha,CUTTACK,2002,Rabi,Wheat,56,70.3,1.255357143
Odisha,CUTTACK,2002,Whole Year,Coriander,1110,540,0.486486486
Odisha,CUTTACK,2002,Whole Year,Dry chillies,3120,2650,0.849358974
Odisha,CUTTACK,2002,Whole Year,Garlic,730,2310,3.164383562
Odisha,CUTTACK,2002,Whole Year,Onion,1680,13440,8
Odisha,CUTTACK,2002,Whole Year,Potato,1067,13620.3,12.76504217
Odisha,CUTTACK,2002,Whole Year,Sugarcane,1987,94096.4,47.35601409
Odisha,CUTTACK,2002,Whole Year,Sweet potato,620,4990,8.048387097
Odisha,CUTTACK,2002,Whole Year,Turmeric,670,1510,2.253731343
Odisha,CUTTACK,2003,Kharif,Arhar/Tur,980,860,0.87755102
Odisha,CUTTACK,2003,Kharif,Castor seed,110,50,0.454545455
Odisha,CUTTACK,2003,Kharif,Dry ginger,650,1200,1.846153846
Odisha,CUTTACK,2003,Kharif,Groundnut,3746,4939.3,1.318553123
Odisha,CUTTACK,2003,Kharif,Horse-gram,4174,1812.2,0.434163872
Odisha,CUTTACK,2003,Kharif,Jowar,10,10,1
Odisha,CUTTACK,2003,Kharif,Jute,333,2693,8.087087087
Odisha,CUTTACK,2003,Kharif,Maize,17,11.8,0.694117647
Odisha,CUTTACK,2003,Kharif,Moong(Green Gram),33036,8705.6,0.263518586
Odisha,CUTTACK,2003,Kharif,Ragi,26,9.8,0.376923077
Odisha,CUTTACK,2003,Kharif,Rice,142000,163000,1.147887324
Odisha,CUTTACK,2003,Kharif,Sesamum,433,117.7,0.27182448
Odisha,CUTTACK,2003,Kharif,Urad,20493,7779.7,0.37962719
Odisha,CUTTACK,2003,Rabi,Gram,430,220,0.511627907
Odisha,CUTTACK,2003,Rabi,Linseed,100,40,0.4
Odisha,CUTTACK,2003,Rabi,Other  Rabi pulses,1270,620,0.488188976
Odisha,CUTTACK,2003,Rabi,Rapeseed &Mustard,120,15,0.125
Odisha,CUTTACK,2003,Rabi,Sunflower,50,30,0.6
Odisha,CUTTACK,2003,Rabi,Wheat,71,89.3,1.257746479
Odisha,CUTTACK,2003,Whole Year,Coriander,1310,640,0.488549618
Odisha,CUTTACK,2003,Whole Year,Dry chillies,3530,3000,0.849858357
Odisha,CUTTACK,2003,Whole Year,Garlic,960,3050,3.177083333
Odisha,CUTTACK,2003,Whole Year,Onion,1690,13520,8
Odisha,CUTTACK,2003,Whole Year,Potato,1012,12665.2,12.51501976
Odisha,CUTTACK,2003,Whole Year,Sugarcane,1745,79011.9,45.27902579
Odisha,CUTTACK,2003,Whole Year,Sweet potato,600,4960,8.266666667
Odisha,CUTTACK,2003,Whole Year,Turmeric,540,1220,2.259259259
Odisha,CUTTACK,2004,Autumn,Groundnut,376,211.7,0.563031915
Odisha,CUTTACK,2004,Autumn,Jute,836,9781,11.69976077
Odisha,CUTTACK,2004,Autumn,Maize,3,2.2,0.733333333
Odisha,CUTTACK,2004,Autumn,Ragi,29,16.3,0.562068966
Odisha,CUTTACK,2004,Autumn,Rice,13000,17000,1.307692308
Odisha,CUTTACK,2004,Autumn,Urad,14,1.1,0.078571429
Odisha,CUTTACK,2004,Kharif,Castor seed,111,60,0.540540541
Odisha,CUTTACK,2004,Kharif,Dry ginger,461,852,1.848156182
Odisha,CUTTACK,2004,Kharif,Jowar,12,7,0.583333333
Odisha,CUTTACK,2004,Rabi,Gram,494,252,0.510121457
Odisha,CUTTACK,2004,Rabi,Linseed,80,33,0.4125
Odisha,CUTTACK,2004,Rabi,Other  Rabi pulses,1125,582,0.517333333
Odisha,CUTTACK,2004,Rabi,Sunflower,53,34,0.641509434
Odisha,CUTTACK,2004,Summer,Groundnut,2887,2800.4,0.970003464
Odisha,CUTTACK,2004,Summer,Horse-gram,45,12.5,0.277777778
Odisha,CUTTACK,2004,Summer,Maize,10,16.8,1.68
Odisha,CUTTACK,2004,Summer,Moong(Green Gram),30506,10616.1,0.348000393
Odisha,CUTTACK,2004,Summer,Rice,5000,12000,2.4
Odisha,CUTTACK,2004,Summer,Sesamum,473,179.7,0.379915433
Odisha,CUTTACK,2004,Summer,Urad,1546,861.1,0.55698577
Odisha,CUTTACK,2004,Summer,Wheat,75,81.2,1.082666667
Odisha,CUTTACK,2004,Whole Year,Coriander,1307,639,0.488905891
Odisha,CUTTACK,2004,Whole Year,Dry chillies,3894,3310,0.850025681
Odisha,CUTTACK,2004,Whole Year,Garlic,835,2643,3.165269461
Odisha,CUTTACK,2004,Whole Year,Onion,1639,13112,8
Odisha,CUTTACK,2004,Whole Year,Sweet potato,636,5228,8.220125786
Odisha,CUTTACK,2004,Whole Year,Turmeric,588,1322,2.24829932
Odisha,CUTTACK,2004,Winter,Groundnut,363,577.2,1.590082645
Odisha,CUTTACK,2004,Winter,Horse-gram,3281,1345.2,0.409996952
Odisha,CUTTACK,2004,Winter,Maize,1,1.5,1.5
Odisha,CUTTACK,2004,Winter,Moong(Green Gram),1172,290.7,0.248037543
Odisha,CUTTACK,2004,Winter,Potato,1513,16052.9,10.60998017
Odisha,CUTTACK,2004,Winter,Rapeseed &Mustard,117,19.4,0.165811966
Odisha,CUTTACK,2004,Winter,Rice,129000,250000,1.937984496
Odisha,CUTTACK,2004,Winter,Sesamum,60,5.5,0.091666667
Odisha,CUTTACK,2004,Winter,Sugarcane,1733,95358.3,55.02498557
Odisha,CUTTACK,2004,Winter,Urad,15139,5813.4,0.384001585
Odisha,CUTTACK,2005,Autumn,Groundnut,236,148.7,0.630084746
Odisha,CUTTACK,2005,Autumn,Jute,889,10347,11.63892013
Odisha,CUTTACK,2005,Autumn,Maize,20,14.7,0.735
Odisha,CUTTACK,2005,Autumn,Ragi,38,24,0.631578947
Odisha,CUTTACK,2005,Autumn,Rice,12000,18000,1.5
Odisha,CUTTACK,2005,Autumn,Urad,19,2.1,0.110526316
Odisha,CUTTACK,2005,Summer,Groundnut,3429,3758.2,1.096004666
Odisha,CUTTACK,2005,Summer,Horse-gram,137,34.7,0.253284672
Odisha,CUTTACK,2005,Summer,Maize,6,7.2,1.2
Odisha,CUTTACK,2005,Summer,Moong(Green Gram),29528,10807.2,0.365998374
Odisha,CUTTACK,2005,Summer,Rice,5000,12000,2.4
Odisha,CUTTACK,2005,Summer,Sesamum,403,163.6,0.405955335
Odisha,CUTTACK,2005,Summer,Urad,1981,905.3,0.456991418
Odisha,CUTTACK,2005,Summer,Wheat,55,73.6,1.338181818
Odisha,CUTTACK,2005,Winter,Groundnut,95,101.9,1.072631579
Odisha,CUTTACK,2005,Winter,Horse-gram,3304,1344.7,0.406991525
Odisha,CUTTACK,2005,Winter,Maize,7,10.9,1.557142857
Odisha,CUTTACK,2005,Winter,Moong(Green Gram),1909,494.4,0.258983761
Odisha,CUTTACK,2005,Winter,Potato,1106,13579.5,12.27802893
Odisha,CUTTACK,2005,Winter,Rapeseed &Mustard,254,38.9,0.153149606
Odisha,CUTTACK,2005,Winter,Rice,135000,271000,2.007407407
Odisha,CUTTACK,2005,Winter,Sesamum,96,21.4,0.222916667
Odisha,CUTTACK,2005,Winter,Sugarcane,1308,60188.9,46.01597859
Odisha,CUTTACK,2005,Winter,Urad,17689,5465.9,0.308999943
Odisha,CUTTACK,2006,Autumn,Groundnut,456,365.3,0.801096491
Odisha,CUTTACK,2006,Autumn,Jute,1907,23530,12.33875197
Odisha,CUTTACK,2006,Autumn,Maize,20,24.4,1.22
Odisha,CUTTACK,2006,Autumn,Ragi,53,38.6,0.728301887
Odisha,CUTTACK,2006,Autumn,Rice,12000,14000,1.166666667
Odisha,CUTTACK,2006,Autumn,Urad,19,2.9,0.152631579
Odisha,CUTTACK,2006,Summer,Groundnut,2623,3166,1.207014868
Odisha,CUTTACK,2006,Summer,Horse-gram,62,14.8,0.238709677
Odisha,CUTTACK,2006,Summer,Maize,19,33,1.736842105
Odisha,CUTTACK,2006,Summer,Moong(Green Gram),23130,6314.5,0.273000432
Odisha,CUTTACK,2006,Summer,Rice,5000,9000,1.8
Odisha,CUTTACK,2006,Summer,Sesamum,663,249.3,0.3760181
Odisha,CUTTACK,2006,Summer,Urad,1943,810.2,0.416984045
Odisha,CUTTACK,2006,Summer,Wheat,59,74.6,1.26440678
Odisha,CUTTACK,2006,Winter,Groundnut,75,85.5,1.14
Odisha,CUTTACK,2006,Winter,Horse-gram,3692,1690.9,0.457990249
Odisha,CUTTACK,2006,Winter,Maize,10,16.5,1.65
Odisha,CUTTACK,2006,Winter,Moong(Green Gram),1342,397.2,0.295976155
Odisha,CUTTACK,2006,Winter,Potato,1158,14255,12.31001727
Odisha,CUTTACK,2006,Winter,Rapeseed &Mustard,68,13.3,0.195588235
Odisha,CUTTACK,2006,Winter,Rice,121000,182000,1.504132231
Odisha,CUTTACK,2006,Winter,Sesamum,219,40.7,0.185844749
Odisha,CUTTACK,2006,Winter,Sugarcane,2365,131016.3,55.39801268
Odisha,CUTTACK,2006,Winter,Urad,14882,6711.8,0.45100121
Odisha,CUTTACK,2007,Autumn,Groundnut,249,197,0.791164659
Odisha,CUTTACK,2007,Autumn,Jute,1325,17799,13.43320755
Odisha,CUTTACK,2007,Autumn,Maize,14,15.2,1.085714286
Odisha,CUTTACK,2007,Autumn,Moong(Green Gram),1,0.2,0.2
Odisha,CUTTACK,2007,Autumn,Ragi,40,31.1,0.7775
Odisha,CUTTACK,2007,Autumn,Rice,16000,16000,1
Odisha,CUTTACK,2007,Autumn,Urad,52,10.1,0.194230769
Odisha,CUTTACK,2007,Summer,Groundnut,4112,5152.3,1.252991245
Odisha,CUTTACK,2007,Summer,Horse-gram,56,18.6,0.332142857
Odisha,CUTTACK,2007,Summer,Maize,15,27.1,1.806666667
Odisha,CUTTACK,2007,Summer,Moong(Green Gram),34507,11076.7,0.320998638
Odisha,CUTTACK,2007,Summer,Rice,5000,12000,2.4
Odisha,CUTTACK,2007,Summer,Sesamum,404,151.1,0.374009901
Odisha,CUTTACK,2007,Summer,Urad,3982,1887.5,0.474008036
Odisha,CUTTACK,2007,Summer,Wheat,144,202.3,1.404861111
Odisha,CUTTACK,2007,Winter,Groundnut,165,205.6,1.246060606
Odisha,CUTTACK,2007,Winter,Horse-gram,3966,1864,0.469994957
Odisha,CUTTACK,2007,Winter,Maize,1,1.9,1.9
Odisha,CUTTACK,2007,Winter,Moong(Green Gram),1111,403.3,0.363006301
Odisha,CUTTACK,2007,Winter,Potato,1325,18127.3,13.68098113
Odisha,CUTTACK,2007,Winter,Rapeseed &Mustard,283,73,0.25795053
Odisha,CUTTACK,2007,Winter,Rice,130000,224000,1.723076923
Odisha,CUTTACK,2007,Winter,Sesamum,124,23.2,0.187096774
Odisha,CUTTACK,2007,Winter,Sugarcane,2483,138596.1,55.81800242
Odisha,CUTTACK,2007,Winter,Urad,16369,7284.2,0.444999695
Odisha,CUTTACK,2008,Autumn,Groundnut,285,165,0.578947368
Odisha,CUTTACK,2008,Autumn,Jute,614,5837,9.506514658
Odisha,CUTTACK,2008,Autumn,Maize,5,5.4,1.08
Odisha,CUTTACK,2008,Autumn,Moong(Green Gram),2,0.2,0.1
Odisha,CUTTACK,2008,Autumn,Ragi,42,22.5,0.535714286
Odisha,CUTTACK,2008,Autumn,Rice,8000,5000,0.625
Odisha,CUTTACK,2008,Autumn,Sesamum,1,0.2,0.2
Odisha,CUTTACK,2008,Autumn,Urad,55,12.2,0.221818182
Odisha,CUTTACK,2008,Summer,Groundnut,2757,3313.9,1.201994922
Odisha,CUTTACK,2008,Summer,Horse-gram,59,16.3,0.276271186
Odisha,CUTTACK,2008,Summer,Maize,11,24,2.181818182
Odisha,CUTTACK,2008,Summer,Moong(Green Gram),26809,8793.4,0.32800179
Odisha,CUTTACK,2008,Summer,Rice,5000,10000,2
Odisha,CUTTACK,2008,Summer,Sesamum,224,95,0.424107143
Odisha,CUTTACK,2008,Summer,Urad,3775,1717.6,0.454993377
Odisha,CUTTACK,2008,Summer,Wheat,89,102.4,1.150561798
Odisha,CUTTACK,2008,Winter,Groundnut,70,97.7,1.395714286
Odisha,CUTTACK,2008,Winter,Horse-gram,2542,1136.3,0.447010228
Odisha,CUTTACK,2008,Winter,Maize,9,18.3,2.033333333
Odisha,CUTTACK,2008,Winter,Moong(Green Gram),822,219.5,0.26703163
Odisha,CUTTACK,2008,Winter,Potato,1054,12435.1,11.79800759
Odisha,CUTTACK,2008,Winter,Rapeseed &Mustard,147,28.8,0.195918367
Odisha,CUTTACK,2008,Winter,Rice,120000,172000,1.433333333
Odisha,CUTTACK,2008,Winter,Sesamum,67,6.2,0.092537313
Odisha,CUTTACK,2008,Winter,Sugarcane,1603,77064.2,48.0749844
Odisha,CUTTACK,2008,Winter,Urad,14398,5557.6,0.385998055
Odisha,CUTTACK,2009,Autumn,Groundnut,211,156.1,0.739810427
Odisha,CUTTACK,2009,Autumn,Jute,944,11978,12.68855932
Odisha,CUTTACK,2009,Autumn,Maize,4,4.2,1.05
Odisha,CUTTACK,2009,Autumn,Moong(Green Gram),1,0.1,0.1
Odisha,CUTTACK,2009,Autumn,Ragi,11,7.8,0.709090909
Odisha,CUTTACK,2009,Autumn,Rice,10000,15000,1.5
Odisha,CUTTACK,2009,Autumn,Urad,109,17.5,0.160550459
Odisha,CUTTACK,2009,Summer,Groundnut,2222,2553.1,1.149009901
Odisha,CUTTACK,2009,Summer,Horse-gram,163,57.4,0.352147239
Odisha,CUTTACK,2009,Summer,Maize,12,21.2,1.766666667
Odisha,CUTTACK,2009,Summer,Moong(Green Gram),30588,10308.2,0.337001438
Odisha,CUTTACK,2009,Summer,Rice,3000,7000,2.333333333
Odisha,CUTTACK,2009,Summer,Sesamum,205,91.6,0.446829268
Odisha,CUTTACK,2009,Summer,Urad,2591,1077.9,0.416016982
Odisha,CUTTACK,2009,Summer,Wheat,48,72,1.5
Odisha,CUTTACK,2009,Winter,Groundnut,506,582.4,1.150988142
Odisha,CUTTACK,2009,Winter,Horse-gram,3639,1757.6,0.482989832
Odisha,CUTTACK,2009,Winter,Maize,15,35.4,2.36
Odisha,CUTTACK,2009,Winter,Moong(Green Gram),1566,465.1,0.296998723
Odisha,CUTTACK,2009,Winter,Potato,1514,22893.2,15.12100396
Odisha,CUTTACK,2009,Winter,Rapeseed &Mustard,94,26.4,0.280851064
Odisha,CUTTACK,2009,Winter,Rice,128000,268000,2.09375
Odisha,CUTTACK,2009,Winter,Sesamum,62,13.6,0.219354839
Odisha,CUTTACK,2009,Winter,Sugarcane,1594,81604.8,51.19498118
Odisha,CUTTACK,2009,Winter,Urad,17302,6644,0.384001849
Odisha,CUTTACK,2010,Autumn,Groundnut,349,272.6,0.781088825
Odisha,CUTTACK,2010,Autumn,Jute,823,12011,14.59416768
Odisha,CUTTACK,2010,Autumn,Maize,17,20.5,1.205882353
Odisha,CUTTACK,2010,Autumn,Ragi,36,26.4,0.733333333
Odisha,CUTTACK,2010,Autumn,Rice,7000,7000,1
Odisha,CUTTACK,2010,Autumn,Urad,196,44.5,0.227040816
Odisha,CUTTACK,2010,Summer,Groundnut,1463,1543.5,1.055023923
Odisha,CUTTACK,2010,Summer,Horse-gram,241,93.5,0.387966805
Odisha,CUTTACK,2010,Summer,Maize,16,42.4,2.65
Odisha,CUTTACK,2010,Summer,Moong(Green Gram),35380,13975.1,0.395
Odisha,CUTTACK,2010,Summer,Rice,3000,7000,2.333333333
Odisha,CUTTACK,2010,Summer,Sesamum,180,72.5,0.402777778
Odisha,CUTTACK,2010,Summer,Urad,2454,1047.9,0.427017115
Odisha,CUTTACK,2010,Summer,Wheat,20,21.5,1.075
Odisha,CUTTACK,2010,Winter,Groundnut,342,357,1.043859649
Odisha,CUTTACK,2010,Winter,Horse-gram,3160,1339.8,0.423987342
Odisha,CUTTACK,2010,Winter,Maize,4,10.2,2.55
Odisha,CUTTACK,2010,Winter,Moong(Green Gram),1294,410.2,0.317001546
Odisha,CUTTACK,2010,Winter,Potato,1055,14910.3,14.13298578
Odisha,CUTTACK,2010,Winter,Rapeseed &Mustard,113,27.9,0.246902655
Odisha,CUTTACK,2010,Winter,Rice,126000,232000,1.841269841
Odisha,CUTTACK,2010,Winter,Sesamum,129,24.3,0.188372093
Odisha,CUTTACK,2010,Winter,Sugarcane,1426,82166.1,57.61998597
Odisha,CUTTACK,2010,Winter,Urad,10693,3838.8,0.359001216
Odisha,CUTTACK,2011,Autumn,Groundnut,206,132.9,0.645145631
Odisha,CUTTACK,2011,Autumn,Jute,841,10382,12.34482759
Odisha,CUTTACK,2011,Autumn,Maize,2,2.3,1.15
Odisha,CUTTACK,2011,Autumn,Ragi,43,29.8,0.693023256
Odisha,CUTTACK,2011,Autumn,Rice,6000,4000,0.666666667
Odisha,CUTTACK,2011,Autumn,Urad,18,4.7,0.261111111
Odisha,CUTTACK,2011,Summer,Groundnut,1297,1796.3,1.384965305
Odisha,CUTTACK,2011,Summer,Horse-gram,46,18.3,0.397826087
Odisha,CUTTACK,2011,Summer,Maize,12,30.3,2.525
Odisha,CUTTACK,2011,Summer,Moong(Green Gram),35003,12321.1,0.352001257
Odisha,CUTTACK,2011,Summer,Rice,4000,11000,2.75
Odisha,CUTTACK,2011,Summer,Sesamum,153,62.7,0.409803922
Odisha,CUTTACK,2011,Summer,Urad,1157,476.7,0.412013829
Odisha,CUTTACK,2011,Summer,Wheat,9,13.3,1.477777778
Odisha,CUTTACK,2011,Winter,Groundnut,191,248.7,1.302094241
Odisha,CUTTACK,2011,Winter,Horse-gram,2293,990.6,0.432010467
Odisha,CUTTACK,2011,Winter,Maize,3,8.2,2.733333333
Odisha,CUTTACK,2011,Winter,Moong(Green Gram),1156,323.7,0.280017301
Odisha,CUTTACK,2011,Winter,Potato,775,10384.2,13.39896774
Odisha,CUTTACK,2011,Winter,Rapeseed &Mustard,30,9.4,0.313333333
Odisha,CUTTACK,2011,Winter,Rice,128000,246000,1.921875
Odisha,CUTTACK,2011,Winter,Sesamum,41,11.4,0.27804878
Odisha,CUTTACK,2011,Winter,Sugarcane,1895,116696,61.58100264
Odisha,CUTTACK,2011,Winter,Urad,16222,6115.7,0.37700037
Odisha,CUTTACK,2012,Autumn,Groundnut,61,39.3,0.644262295
Odisha,CUTTACK,2012,Autumn,Jute,312,652.4,2.091025641
Odisha,CUTTACK,2012,Autumn,Maize,7,6.4,0.914285714
Odisha,CUTTACK,2012,Autumn,Ragi,15,13.4,0.893333333
Odisha,CUTTACK,2012,Autumn,Rice,8000,17000,2.125
Odisha,CUTTACK,2012,Autumn,Urad,4,1.5,0.375
Odisha,CUTTACK,2012,Summer,Groundnut,1787,1976.4,1.105987689
Odisha,CUTTACK,2012,Summer,Horse-gram,40,14,0.35
Odisha,CUTTACK,2012,Summer,Maize,4,9.5,2.375
Odisha,CUTTACK,2012,Summer,Moong(Green Gram),33642,11808.3,0.350998752
Odisha,CUTTACK,2012,Summer,Rice,376000,6000,0.015957447
Odisha,CUTTACK,2012,Summer,Sesamum,46,28.7,0.623913043
Odisha,CUTTACK,2012,Summer,Urad,481,207.8,0.432016632
Odisha,CUTTACK,2012,Summer,Wheat,4,9.1,2.275
Odisha,CUTTACK,2012,Winter,Horse-gram,1620,673.9,0.415987654
Odisha,CUTTACK,2012,Winter,Moong(Green Gram),3238,1088,0.336009883
Odisha,CUTTACK,2012,Winter,Potato,631,9651.8,15.29603803
Odisha,CUTTACK,2012,Winter,Rapeseed &Mustard,80,26.5,0.33125
Odisha,CUTTACK,2012,Winter,Rice,120000,359000,2.991666667
Odisha,CUTTACK,2012,Winter,Sesamum,25,8.6,0.344
Odisha,CUTTACK,2012,Winter,Sugarcane,1957,121159.8,61.9109862
Odisha,CUTTACK,2012,Winter,Urad,13769,5562.7,0.404001743
Odisha,CUTTACK,2013,Autumn,Groundnut,20,21.2,1.06
Odisha,CUTTACK,2013,Autumn,Jute,264,594.3,2.251136364
Odisha,CUTTACK,2013,Autumn,Rice,3000,3000,1
Odisha,CUTTACK,2013,Summer,Groundnut,1458,1931.9,1.325034294
Odisha,CUTTACK,2013,Summer,Horse-gram,18,9.2,0.511111111
Odisha,CUTTACK,2013,Summer,Moong(Green Gram),20665,7439.4,0.36
Odisha,CUTTACK,2013,Summer,Rice,3000,6000,2
Odisha,CUTTACK,2013,Summer,Sesamum,5,1.1,0.22
Odisha,CUTTACK,2013,Summer,Urad,300,132,0.44
Odisha,CUTTACK,2013,Winter,Horse-gram,1008,370.9,0.367956349
Odisha,CUTTACK,2013,Winter,Maize,5,8.1,1.62
Odisha,CUTTACK,2013,Winter,Moong(Green Gram),50,17,0.34
Odisha,CUTTACK,2013,Winter,Potato,401,5349.3,13.33990025
Odisha,CUTTACK,2013,Winter,Rapeseed &Mustard,10,2.5,0.25
Odisha,CUTTACK,2013,Winter,Rice,115000,168000,1.460869565
Odisha,CUTTACK,2013,Winter,Sugarcane,2851,175801.2,61.66299544
Odisha,CUTTACK,2013,Winter,Urad,3021,1160.1,0.384011917
Odisha,CUTTACK,2014,Autumn,Jute,133,192.7,1.44887218
Odisha,CUTTACK,2014,Autumn,Rice,1000,2000,2
Odisha,CUTTACK,2014,Summer,Groundnut,1404,2186,1.556980057
Odisha,CUTTACK,2014,Summer,Horse-gram,21,9.7,0.461904762
Odisha,CUTTACK,2014,Summer,Maize,1,1.3,1.3
Odisha,CUTTACK,2014,Summer,Moong(Green Gram),27112,12146.2,0.448000885
Odisha,CUTTACK,2014,Summer,Rice,1000,3000,3
Odisha,CUTTACK,2014,Summer,Sesamum,22,12.4,0.563636364
Odisha,CUTTACK,2014,Summer,Urad,276,138.3,0.501086957
Odisha,CUTTACK,2014,Winter,Horse-gram,808,459.8,0.569059406
Odisha,CUTTACK,2014,Winter,Maize,2,9.2,4.6
Odisha,CUTTACK,2014,Winter,Potato,559,9854.1,17.62808587
Odisha,CUTTACK,2014,Winter,Rapeseed &Mustard,4,1.3,0.325
Odisha,CUTTACK,2014,Winter,Rice,120000,301000,2.508333333
Odisha,CUTTACK,2014,Winter,Sugarcane,956,68709.6,71.87196653
Odisha,CUTTACK,2014,Winter,Urad,3900,1914.9,0.491
Odisha,CUTTACK,2015,Autumn,Jute,248,515.8,2.07983871
Odisha,CUTTACK,2015,Autumn,Rice,2000,3000,1.5
Odisha,CUTTACK,2015,Summer,Groundnut,1288,1088.4,0.845031056
Odisha,CUTTACK,2015,Summer,Moong(Green Gram),30023,9787.5,0.326000067
Odisha,CUTTACK,2015,Summer,Rice,1000,2000,2
Odisha,CUTTACK,2015,Summer,Urad,2021,1040.8,0.514992578
Odisha,CUTTACK,2015,Winter,Horse-gram,986,446.7,0.453042596
Odisha,CUTTACK,2015,Winter,Maize,3,2.1,0.7
Odisha,CUTTACK,2015,Winter,Potato,517,6711.7,12.98201161
Odisha,CUTTACK,2015,Winter,Rapeseed &Mustard,3,1.2,0.4
Odisha,CUTTACK,2015,Winter,Rice,118000,239000,2.025423729
Odisha,CUTTACK,2015,Winter,Sugarcane,861,61182.7,71.06004646
Odisha,CUTTACK,2015,Winter,Urad,1923,719.2,0.37399896
Odisha,DEOGARH,1997,Autumn,Arhar/Tur,1251,405,0.323741007
Odisha,DEOGARH,1997,Autumn,Groundnut,49,53,1.081632653
Odisha,DEOGARH,1997,Autumn,Maize,280,272,0.971428571
Odisha,DEOGARH,1997,Autumn,Paddy,16904,17734,1.049100805
Odisha,DEOGARH,1997,Autumn,Ragi,21,5,0.238095238
Odisha,DEOGARH,1997,Autumn,Sesamum,197,70,0.355329949
Odisha,DEOGARH,1997,Autumn,Urad,919,328,0.356909684
Odisha,DEOGARH,1997,Rabi,Wheat,28,27,0.964285714
Odisha,DEOGARH,1997,Summer,Arhar/Tur,181,58,0.320441989
Odisha,DEOGARH,1997,Summer,Groundnut,88,109,1.238636364
Odisha,DEOGARH,1997,Summer,Horse-gram,10,3,0.3
Odisha,DEOGARH,1997,Summer,Maize,5,5,1
Odisha,DEOGARH,1997,Summer,Paddy,3514,4370,1.24359704
Odisha,DEOGARH,1997,Summer,Sesamum,187,75,0.401069519
Odisha,DEOGARH,1997,Summer,Urad,12,5,0.416666667
Odisha,DEOGARH,1997,Whole Year,Potato,400,2124,5.31
Odisha,DEOGARH,1997,Winter,Arhar/Tur,93,18,0.193548387
Odisha,DEOGARH,1997,Winter,Groundnut,36,21,0.583333333
Odisha,DEOGARH,1997,Winter,Horse-gram,1564,457,0.292199488
Odisha,DEOGARH,1997,Winter,Maize,1,1,1
Odisha,DEOGARH,1997,Winter,Paddy,29312,38405,1.310214247
Odisha,DEOGARH,1997,Winter,Sesamum,2815,708,0.251509769
Odisha,DEOGARH,1997,Winter,Sugarcane,197,10321,52.39086294
Odisha,DEOGARH,1997,Winter,Urad,2,1,0.5
Odisha,DEOGARH,1998,Autumn,Groundnut,265,206,0.777358491
Odisha,DEOGARH,1998,Autumn,Maize,233,181,0.776824034
Odisha,DEOGARH,1998,Autumn,Moong(Green Gram),1153,287,0.248915872
Odisha,DEOGARH,1998,Autumn,Ragi,3,,
Odisha,DEOGARH,1998,Autumn,Rice,15603,8873,0.568672691
Odisha,DEOGARH,1998,Autumn,Sesamum,176,44,0.25
Odisha,DEOGARH,1998,Autumn,Urad,757,231,0.305151915
Odisha,DEOGARH,1998,Summer,Groundnut,253,279,1.102766798
Odisha,DEOGARH,1998,Summer,Maize,13,8,0.615384615
Odisha,DEOGARH,1998,Summer,Moong(Green Gram),255,56,0.219607843
Odisha,DEOGARH,1998,Summer,Rice,5027,5803,1.154366421
Odisha,DEOGARH,1998,Summer,Sesamum,133,33,0.248120301
Odisha,DEOGARH,1998,Summer,Urad,1,,
Odisha,DEOGARH,1998,Summer,Wheat,88,94,1.068181818
Odisha,DEOGARH,1998,Winter,Groundnut,12,6,0.5
Odisha,DEOGARH,1998,Winter,Horse-gram,771,251,0.325551232
Odisha,DEOGARH,1998,Winter,Maize,6,8,1.333333333
Odisha,DEOGARH,1998,Winter,Moong(Green Gram),83,14,0.168674699
Odisha,DEOGARH,1998,Winter,Potato,293,2510,8.566552901
Odisha,DEOGARH,1998,Winter,Rapeseed &Mustard,266,35,0.131578947
Odisha,DEOGARH,1998,Winter,Rice,30586,28745,0.939809063
Odisha,DEOGARH,1998,Winter,Sesamum,2300,568,0.246956522
Odisha,DEOGARH,1998,Winter,Sugarcane,136,7800,57.35294118
Odisha,DEOGARH,1998,Winter,Urad,138,18,0.130434783
Odisha,DEOGARH,1999,Autumn,Rice,20000,18000,0.9
Odisha,DEOGARH,1999,Kharif,Arhar/Tur,550,340,0.618181818
Odisha,DEOGARH,1999,Kharif,Castor seed,40,20,0.5
Odisha,DEOGARH,1999,Kharif,Dry chillies,780,840,1.076923077
Odisha,DEOGARH,1999,Kharif,Dry ginger,240,480,2
Odisha,DEOGARH,1999,Kharif,Groundnut,620,950,1.532258065
Odisha,DEOGARH,1999,Kharif,Jowar,110,60,0.545454545
Odisha,DEOGARH,1999,Kharif,Maize,650,1040,1.6
Odisha,DEOGARH,1999,Kharif,Mesta,590,1770,3
Odisha,DEOGARH,1999,Kharif,Moong(Green Gram),3200,1550,0.484375
Odisha,DEOGARH,1999,Kharif,Niger seed,150,50,0.333333333
Odisha,DEOGARH,1999,Kharif,Ragi,50,30,0.6
Odisha,DEOGARH,1999,Kharif,Sesamum,7190,3770,0.52433936
Odisha,DEOGARH,1999,Kharif,Sweet potato,880,8750,9.943181818
Odisha,DEOGARH,1999,Kharif,Turmeric,380,870,2.289473684
Odisha,DEOGARH,1999,Kharif,Urad,4780,2050,0.428870293
Odisha,DEOGARH,1999,Rabi,Castor seed,260,120,0.461538462
Odisha,DEOGARH,1999,Rabi,Coriander,620,270,0.435483871
Odisha,DEOGARH,1999,Rabi,Dry chillies,1150,1300,1.130434783
Odisha,DEOGARH,1999,Rabi,Garlic,770,2360,3.064935065
Odisha,DEOGARH,1999,Rabi,Gram,430,220,0.511627907
Odisha,DEOGARH,1999,Rabi,Groundnut,220,330,1.5
Odisha,DEOGARH,1999,Rabi,Maize,280,400,1.428571429
Odisha,DEOGARH,1999,Rabi,Moong(Green Gram),3590,1880,0.52367688
Odisha,DEOGARH,1999,Rabi,Niger seed,380,140,0.368421053
Odisha,DEOGARH,1999,Rabi,Rapeseed &Mustard,2120,980,0.462264151
Odisha,DEOGARH,1999,Rabi,Sesamum,3540,1220,0.344632768
Odisha,DEOGARH,1999,Rabi,Sunflower,350,180,0.514285714
Odisha,DEOGARH,1999,Rabi,Urad,790,340,0.430379747
Odisha,DEOGARH,1999,Rabi,Wheat,430,820,1.906976744
Odisha,DEOGARH,1999,Summer,Rice,2250,3170,1.408888889
Odisha,DEOGARH,1999,Whole Year,Onion,810,3710,4.580246914
Odisha,DEOGARH,1999,Whole Year,Potato,290,3000,10.34482759
Odisha,DEOGARH,1999,Whole Year,Sannhamp,140,370,2.642857143
Odisha,DEOGARH,1999,Winter,Rice,26000,34000,1.307692308
Odisha,DEOGARH,1999,Winter,Sugarcane,100,6170,61.7
Odisha,DEOGARH,2000,Autumn,Rice,21120,8570,0.405776515
Odisha,DEOGARH,2000,Kharif,Arhar/Tur,440,220,0.5
Odisha,DEOGARH,2000,Kharif,Castor seed,80,40,0.5
Odisha,DEOGARH,2000,Kharif,Dry ginger,100,190,1.9
Odisha,DEOGARH,2000,Kharif,Groundnut,296,207.3,0.700337838
Odisha,DEOGARH,2000,Kharif,Horse-gram,625,107.5,0.172
Odisha,DEOGARH,2000,Kharif,Jowar,100,50,0.5
Odisha,DEOGARH,2000,Kharif,Maize,303,209.2,0.690429043
Odisha,DEOGARH,2000,Kharif,Mesta,430,1430,3.325581395
Odisha,DEOGARH,2000,Kharif,Moong(Green Gram),1801,382.8,0.212548584
Odisha,DEOGARH,2000,Kharif,Niger seed,100,50,0.5
Odisha,DEOGARH,2000,Kharif,Ragi,7,2.1,0.3
Odisha,DEOGARH,2000,Kharif,Sesamum,2251,401,0.178143048
Odisha,DEOGARH,2000,Kharif,Urad,973,228.8,0.235149024
Odisha,DEOGARH,2000,Rabi,Castor seed,50,20,0.4
Odisha,DEOGARH,2000,Rabi,Gram,180,80,0.444444444
Odisha,DEOGARH,2000,Rabi,Niger seed,70,30,0.428571429
Odisha,DEOGARH,2000,Rabi,Other  Rabi pulses,24,15,0.625
Odisha,DEOGARH,2000,Rabi,Rapeseed &Mustard,116,16,0.137931034
Odisha,DEOGARH,2000,Rabi,Sunflower,50,20,0.4
Odisha,DEOGARH,2000,Rabi,Wheat,98,98.5,1.005102041
Odisha,DEOGARH,2000,Summer,Rice,60,50,0.833333333
Odisha,DEOGARH,2000,Whole Year,Coriander,110,50,0.454545455
Odisha,DEOGARH,2000,Whole Year,Dry chillies,1760,1400,0.795454545
Odisha,DEOGARH,2000,Whole Year,Garlic,140,440,3.142857143
Odisha,DEOGARH,2000,Whole Year,Onion,160,990,6.1875
Odisha,DEOGARH,2000,Whole Year,Potato,309,2739.9,8.866990291
Odisha,DEOGARH,2000,Whole Year,Sannhamp,100,300,3
Odisha,DEOGARH,2000,Whole Year,Sugarcane,67,3582.4,53.46865672
Odisha,DEOGARH,2000,Whole Year,Sweet potato,1030,8380,8.13592233
Odisha,DEOGARH,2000,Whole Year,Turmeric,190,440,2.315789474
Odisha,DEOGARH,2000,Winter,Rice,26730,11770,0.440329218
Odisha,DEOGARH,2001,Kharif,Arhar/Tur,410,240,0.585365854
Odisha,DEOGARH,2001,Kharif,Castor seed,40,20,0.5
Odisha,DEOGARH,2001,Kharif,Dry ginger,370,510,1.378378378
Odisha,DEOGARH,2001,Kharif,Groundnut,319,311.5,0.976489028
Odisha,DEOGARH,2001,Kharif,Horse-gram,943,344.2,0.365005302
Odisha,DEOGARH,2001,Kharif,Jowar,90,50,0.555555556
Odisha,DEOGARH,2001,Kharif,Maize,255,119.7,0.469411765
Odisha,DEOGARH,2001,Kharif,Moong(Green Gram),2027,431.6,0.212925506
Odisha,DEOGARH,2001,Kharif,Niger seed,50,20,0.4
Odisha,DEOGARH,2001,Kharif,Ragi,18,8,0.444444444
Odisha,DEOGARH,2001,Kharif,Rice,52000,68000,1.307692308
Odisha,DEOGARH,2001,Kharif,Sesamum,3298,1000.1,0.303244391
Odisha,DEOGARH,2001,Kharif,Urad,1447,315.1,0.217760885
Odisha,DEOGARH,2001,Rabi,Castor seed,300,160,0.533333333
Odisha,DEOGARH,2001,Rabi,Gram,510,240,0.470588235
Odisha,DEOGARH,2001,Rabi,Niger seed,290,130,0.448275862
Odisha,DEOGARH,2001,Rabi,Other  Rabi pulses,530,580,1.094339623
Odisha,DEOGARH,2001,Rabi,Rapeseed &Mustard,276,52.2,0.189130435
Odisha,DEOGARH,2001,Rabi,Safflower,80,30,0.375
Odisha,DEOGARH,2001,Rabi,Sunflower,360,170,0.472222222
Odisha,DEOGARH,2001,Rabi,Wheat,253,320.3,1.266007905
Odisha,DEOGARH,2001,Whole Year,Coriander,120,60,0.5
Odisha,DEOGARH,2001,Whole Year,Dry chillies,1740,1410,0.810344828
Odisha,DEOGARH,2001,Whole Year,Garlic,170,530,3.117647059
Odisha,DEOGARH,2001,Whole Year,Onion,370,3960,10.7027027
Odisha,DEOGARH,2001,Whole Year,Potato,335,3489.7,10.41701493
Odisha,DEOGARH,2001,Whole Year,Sugarcane,46,2156.3,46.87608696
Odisha,DEOGARH,2001,Whole Year,Sweet potato,1060,8710,8.216981132
Odisha,DEOGARH,2001,Whole Year,Turmeric,360,830,2.305555556
Odisha,DEOGARH,2002,Kharif,Arhar/Tur,530,300,0.566037736
Odisha,DEOGARH,2002,Kharif,Castor seed,60,30,0.5
Odisha,DEOGARH,2002,Kharif,Dry ginger,140,200,1.428571429
Odisha,DEOGARH,2002,Kharif,Groundnut,147,111.7,0.759863946
Odisha,DEOGARH,2002,Kharif,Horse-gram,706,125,0.177053824
Odisha,DEOGARH,2002,Kharif,Jowar,440,240,0.545454545
Odisha,DEOGARH,2002,Kharif,Maize,151,112.5,0.745033113
Odisha,DEOGARH,2002,Kharif,Moong(Green Gram),1875,423.6,0.22592
Odisha,DEOGARH,2002,Kharif,Ragi,1,0.3,0.3
Odisha,DEOGARH,2002,Kharif,Rice,46000,20000,0.434782609
Odisha,DEOGARH,2002,Kharif,Sesamum,1713,271,0.158201985
Odisha,DEOGARH,2002,Kharif,Urad,1207,312.9,0.25923778
Odisha,DEOGARH,2002,Rabi,Gram,500,220,0.44
Odisha,DEOGARH,2002,Rabi,Niger seed,110,50,0.454545455
Odisha,DEOGARH,2002,Rabi,Other  Rabi pulses,520,390,0.75
Odisha,DEOGARH,2002,Rabi,Rapeseed &Mustard,146,20.6,0.14109589
Odisha,DEOGARH,2002,Rabi,Sunflower,100,40,0.4
Odisha,DEOGARH,2002,Rabi,Wheat,86,106,1.23255814
Odisha,DEOGARH,2002,Whole Year,Coriander,300,150,0.5
Odisha,DEOGARH,2002,Whole Year,Dry chillies,1050,880,0.838095238
Odisha,DEOGARH,2002,Whole Year,Garlic,150,470,3.133333333
Odisha,DEOGARH,2002,Whole Year,Onion,240,2570,10.70833333
Odisha,DEOGARH,2002,Whole Year,Potato,237,1827,7.708860759
Odisha,DEOGARH,2002,Whole Year,Sugarcane,60,2791.6,46.52666667
Odisha,DEOGARH,2002,Whole Year,Sweet potato,610,5090,8.344262295
Odisha,DEOGARH,2002,Whole Year,Turmeric,180,410,2.277777778
Odisha,DEOGARH,2003,Kharif,Arhar/Tur,670,400,0.597014925
Odisha,DEOGARH,2003,Kharif,Castor seed,60,30,0.5
Odisha,DEOGARH,2003,Kharif,Dry ginger,150,210,1.4
Odisha,DEOGARH,2003,Kharif,Groundnut,886,1053.7,1.189277652
Odisha,DEOGARH,2003,Kharif,Horse-gram,738,220.7,0.299051491
Odisha,DEOGARH,2003,Kharif,Jowar,110,60,0.545454545
Odisha,DEOGARH,2003,Kharif,Maize,271,220.4,0.813284133
Odisha,DEOGARH,2003,Kharif,Moong(Green Gram),2783,493.7,0.177398491
Odisha,DEOGARH,2003,Kharif,Ragi,1,0.2,0.2
Odisha,DEOGARH,2003,Kharif,Rice,50000,73000,1.46
Odisha,DEOGARH,2003,Kharif,Sesamum,2557,675.8,0.264294095
Odisha,DEOGARH,2003,Kharif,Urad,1740,367.6,0.211264368
Odisha,DEOGARH,2003,Rabi,Castor seed,40,20,0.5
Odisha,DEOGARH,2003,Rabi,Gram,500,220,0.44
Odisha,DEOGARH,2003,Rabi,Niger seed,280,110,0.392857143
Odisha,DEOGARH,2003,Rabi,Other  Rabi pulses,680,520,0.764705882
Odisha,DEOGARH,2003,Rabi,Rapeseed &Mustard,289,60.4,0.20899654
Odisha,DEOGARH,2003,Rabi,Sunflower,360,180,0.5
Odisha,DEOGARH,2003,Rabi,Wheat,136,188.5,1.386029412
Odisha,DEOGARH,2003,Whole Year,Coriander,410,200,0.487804878
Odisha,DEOGARH,2003,Whole Year,Dry chillies,1690,1450,0.857988166
Odisha,DEOGARH,2003,Whole Year,Garlic,170,530,3.117647059
Odisha,DEOGARH,2003,Whole Year,Onion,410,4350,10.6097561
Odisha,DEOGARH,2003,Whole Year,Potato,332,3058.1,9.211144578
Odisha,DEOGARH,2003,Whole Year,Sugarcane,60,2730.7,45.51166667
Odisha,DEOGARH,2003,Whole Year,Sweet potato,620,5250,8.467741935
Odisha,DEOGARH,2003,Whole Year,Turmeric,160,370,2.3125
Odisha,DEOGARH,2004,Autumn,Groundnut,399,314,0.786967419
Odisha,DEOGARH,2004,Autumn,Maize,235,195,0.829787234
Odisha,DEOGARH,2004,Autumn,Moong(Green Gram),1167,232.2,0.198971722
Odisha,DEOGARH,2004,Autumn,Rice,23000,14000,0.608695652
Odisha,DEOGARH,2004,Autumn,Sesamum,549,160.3,0.291985428
Odisha,DEOGARH,2004,Autumn,Urad,1308,344,0.262996942
Odisha,DEOGARH,2004,Kharif,Castor seed,50,20,0.4
Odisha,DEOGARH,2004,Kharif,Dry ginger,164,231,1.408536585
Odisha,DEOGARH,2004,Kharif,Jowar,20,10,0.5
Odisha,DEOGARH,2004,Rabi,Castor seed,50,20,0.4
Odisha,DEOGARH,2004,Rabi,Gram,525,235,0.447619048
Odisha,DEOGARH,2004,Rabi,Niger seed,250,100,0.4
Odisha,DEOGARH,2004,Rabi,Other  Rabi pulses,759,595,0.783926219
Odisha,DEOGARH,2004,Rabi,Sunflower,400,208,0.52
Odisha,DEOGARH,2004,Summer,Groundnut,249,228.1,0.916064257
Odisha,DEOGARH,2004,Summer,Maize,9,8.7,0.966666667
Odisha,DEOGARH,2004,Summer,Moong(Green Gram),246,85.9,0.349186992
Odisha,DEOGARH,2004,Summer,Rice,1000,1000,1
Odisha,DEOGARH,2004,Summer,Sesamum,106,34.5,0.325471698
Odisha,DEOGARH,2004,Summer,Urad,1,0.3,0.3
Odisha,DEOGARH,2004,Summer,Wheat,100,119.3,1.193
Odisha,DEOGARH,2004,Whole Year,Coriander,258,126,0.488372093
Odisha,DEOGARH,2004,Whole Year,Dry chillies,1672,1440,0.861244019
Odisha,DEOGARH,2004,Whole Year,Garlic,182,572,3.142857143
Odisha,DEOGARH,2004,Whole Year,Onion,533,5702,10.69793621
Odisha,DEOGARH,2004,Whole Year,Sweet potato,627,5322,8.488038278
Odisha,DEOGARH,2004,Whole Year,Turmeric,185,424,2.291891892
Odisha,DEOGARH,2004,Winter,Groundnut,2,3.2,1.6
Odisha,DEOGARH,2004,Winter,Horse-gram,639,164.9,0.258059468
Odisha,DEOGARH,2004,Winter,Maize,2,2,1
Odisha,DEOGARH,2004,Winter,Moong(Green Gram),90,19.6,0.217777778
Odisha,DEOGARH,2004,Winter,Potato,324,2580.3,7.963888889
Odisha,DEOGARH,2004,Winter,Ragi,1,,
Odisha,DEOGARH,2004,Winter,Rapeseed &Mustard,332,60.1,0.181024096
Odisha,DEOGARH,2004,Winter,Rice,27000,26000,0.962962963
Odisha,DEOGARH,2004,Winter,Sesamum,1730,346,0.2
Odisha,DEOGARH,2004,Winter,Sugarcane,46,2323,50.5
Odisha,DEOGARH,2004,Winter,Urad,14,2.2,0.157142857
Odisha,DEOGARH,2005,Autumn,Groundnut,337,291.5,0.864985163
Odisha,DEOGARH,2005,Autumn,Maize,149,94.7,0.63557047
Odisha,DEOGARH,2005,Autumn,Moong(Green Gram),1456,286.8,0.196978022
Odisha,DEOGARH,2005,Autumn,Rice,23000,21000,0.913043478
Odisha,DEOGARH,2005,Autumn,Sesamum,27,7.9,0.292592593
Odisha,DEOGARH,2005,Autumn,Urad,1594,384.2,0.241028858
Odisha,DEOGARH,2005,Summer,Groundnut,525,589.1,1.122095238
Odisha,DEOGARH,2005,Summer,Maize,17,15.3,0.9
Odisha,DEOGARH,2005,Summer,Moong(Green Gram),279,91.5,0.327956989
Odisha,DEOGARH,2005,Summer,Rice,3000,4000,1.333333333
Odisha,DEOGARH,2005,Summer,Sesamum,261,88.5,0.33908046
Odisha,DEOGARH,2005,Summer,Urad,31,12.6,0.406451613
Odisha,DEOGARH,2005,Summer,Wheat,248,322.6,1.300806452
Odisha,DEOGARH,2005,Winter,Horse-gram,821,326.8,0.398051157
Odisha,DEOGARH,2005,Winter,Maize,2,2,1
Odisha,DEOGARH,2005,Winter,Moong(Green Gram),223,73.8,0.330941704
Odisha,DEOGARH,2005,Winter,Potato,347,3244.8,9.351008646
Odisha,DEOGARH,2005,Winter,Rapeseed &Mustard,370,81.8,0.221081081
Odisha,DEOGARH,2005,Winter,Rice,28000,43000,1.535714286
Odisha,DEOGARH,2005,Winter,Sesamum,3402,1085.2,0.31898883
Odisha,DEOGARH,2005,Winter,Sugarcane,33,1674,50.72727273
Odisha,DEOGARH,2005,Winter,Urad,59,20.1,0.340677966
Odisha,DEOGARH,2006,Autumn,Groundnut,362,355.1,0.980939227
Odisha,DEOGARH,2006,Autumn,Maize,211,194.6,0.922274882
Odisha,DEOGARH,2006,Autumn,Moong(Green Gram),1946,451.5,0.232014388
Odisha,DEOGARH,2006,Autumn,Rice,20000,18000,0.9
Odisha,DEOGARH,2006,Autumn,Sesamum,54,18.2,0.337037037
Odisha,DEOGARH,2006,Autumn,Urad,2030,586.7,0.289014778
Odisha,DEOGARH,2006,Summer,Groundnut,732,671.2,0.916939891
Odisha,DEOGARH,2006,Summer,Maize,20,21.2,1.06
Odisha,DEOGARH,2006,Summer,Moong(Green Gram),442,145.4,0.328959276
Odisha,DEOGARH,2006,Summer,Rice,3000,5000,1.666666667
Odisha,DEOGARH,2006,Summer,Sesamum,319,111.3,0.348902821
Odisha,DEOGARH,2006,Summer,Urad,3,0.8,0.266666667
Odisha,DEOGARH,2006,Summer,Wheat,145,170.2,1.173793103
Odisha,DEOGARH,2006,Winter,Groundnut,4,3.5,0.875
Odisha,DEOGARH,2006,Winter,Horse-gram,982,316.2,0.321995927
Odisha,DEOGARH,2006,Winter,Maize,9,9,1
Odisha,DEOGARH,2006,Winter,Moong(Green Gram),370,115.8,0.312972973
Odisha,DEOGARH,2006,Winter,Potato,378,2855.4,7.553968254
Odisha,DEOGARH,2006,Winter,Ragi,1,0.5,0.5
Odisha,DEOGARH,2006,Winter,Rapeseed &Mustard,436,92.9,0.213073394
Odisha,DEOGARH,2006,Winter,Rice,30000,44000,1.466666667
Odisha,DEOGARH,2006,Winter,Sesamum,3234,688.8,0.212987013
Odisha,DEOGARH,2006,Winter,Sugarcane,47,2357.6,50.16170213
Odisha,DEOGARH,2006,Winter,Urad,68,28,0.411764706
Odisha,DEOGARH,2007,Autumn,Groundnut,184,159.5,0.866847826
Odisha,DEOGARH,2007,Autumn,Maize,120,82.2,0.685
Odisha,DEOGARH,2007,Autumn,Moong(Green Gram),1201,221,0.184013322
Odisha,DEOGARH,2007,Autumn,Ragi,1,0.2,0.2
Odisha,DEOGARH,2007,Autumn,Rice,16000,16000,1
Odisha,DEOGARH,2007,Autumn,Sesamum,49,9.6,0.195918367
Odisha,DEOGARH,2007,Autumn,Urad,1190,288,0.242016807
Odisha,DEOGARH,2007,Summer,Groundnut,227,249.9,1.100881057
Odisha,DEOGARH,2007,Summer,Maize,15,18.6,1.24
Odisha,DEOGARH,2007,Summer,Moong(Green Gram),533,179.1,0.336022514
Odisha,DEOGARH,2007,Summer,Rice,2000,4000,2
Odisha,DEOGARH,2007,Summer,Sesamum,398,134.5,0.337939698
Odisha,DEOGARH,2007,Summer,Urad,1,0.3,0.3
Odisha,DEOGARH,2007,Summer,Wheat,144,211.7,1.470138889
Odisha,DEOGARH,2007,Winter,Horse-gram,819,236.7,0.289010989
Odisha,DEOGARH,2007,Winter,Maize,1,1.7,1.7
Odisha,DEOGARH,2007,Winter,Moong(Green Gram),228,54.5,0.239035088
Odisha,DEOGARH,2007,Winter,Potato,347,2628.5,7.574927954
Odisha,DEOGARH,2007,Winter,Rapeseed &Mustard,352,79.9,0.226988636
Odisha,DEOGARH,2007,Winter,Rice,26000,39000,1.5
Odisha,DEOGARH,2007,Winter,Sesamum,1593,347.3,0.218016321
Odisha,DEOGARH,2007,Winter,Sugarcane,42,2070.2,49.29047619
Odisha,DEOGARH,2007,Winter,Urad,55,16.1,0.292727273
Odisha,DEOGARH,2008,Autumn,Groundnut,105,98.1,0.934285714
Odisha,DEOGARH,2008,Autumn,Maize,115,93.2,0.810434783
Odisha,DEOGARH,2008,Autumn,Moong(Green Gram),1185,254.8,0.215021097
Odisha,DEOGARH,2008,Autumn,Rice,18000,18000,1
Odisha,DEOGARH,2008,Autumn,Sesamum,58,15.3,0.263793103
Odisha,DEOGARH,2008,Autumn,Urad,1240,336,0.270967742
Odisha,DEOGARH,2008,Summer,Groundnut,215,206.4,0.96
Odisha,DEOGARH,2008,Summer,Maize,5,6.6,1.32
Odisha,DEOGARH,2008,Summer,Moong(Green Gram),559,185.6,0.332021467
Odisha,DEOGARH,2008,Summer,Sesamum,61,19.7,0.32295082
Odisha,DEOGARH,2008,Summer,Urad,2,1,0.5
Odisha,DEOGARH,2008,Summer,Wheat,72,105.1,1.459722222
Odisha,DEOGARH,2008,Winter,Groundnut,1,0.7,0.7
Odisha,DEOGARH,2008,Winter,Horse-gram,815,275.5,0.33803681
Odisha,DEOGARH,2008,Winter,Maize,4,5.9,1.475
Odisha,DEOGARH,2008,Winter,Moong(Green Gram),216,61.3,0.283796296
Odisha,DEOGARH,2008,Winter,Potato,308,2753.5,8.939935065
Odisha,DEOGARH,2008,Winter,Rapeseed &Mustard,354,78.2,0.220903955
Odisha,DEOGARH,2008,Winter,Rice,27000,38000,1.407407407
Odisha,DEOGARH,2008,Winter,Sesamum,1783,427.9,0.239988783
Odisha,DEOGARH,2008,Winter,Sugarcane,43,2084,48.46511628
Odisha,DEOGARH,2008,Winter,Urad,44,16.3,0.370454545
Odisha,DEOGARH,2009,Autumn,Groundnut,28,23.6,0.842857143
Odisha,DEOGARH,2009,Autumn,Maize,67,61.8,0.92238806
Odisha,DEOGARH,2009,Autumn,Moong(Green Gram),712,189.4,0.266011236
Odisha,DEOGARH,2009,Autumn,Rice,16000,13000,0.8125
Odisha,DEOGARH,2009,Autumn,Sesamum,55,15.6,0.283636364
Odisha,DEOGARH,2009,Autumn,Urad,905,241.6,0.266961326
Odisha,DEOGARH,2009,Summer,Groundnut,210,189.2,0.900952381
Odisha,DEOGARH,2009,Summer,Maize,3,3.9,1.3
Odisha,DEOGARH,2009,Summer,Moong(Green Gram),354,115.1,0.325141243
Odisha,DEOGARH,2009,Summer,Sesamum,66,19.7,0.298484848
Odisha,DEOGARH,2009,Summer,Urad,18,7,0.388888889
Odisha,DEOGARH,2009,Summer,Wheat,108,146.3,1.35462963
Odisha,DEOGARH,2009,Winter,Horse-gram,618,214.4,0.346925566
Odisha,DEOGARH,2009,Winter,Maize,1,1.8,1.8
Odisha,DEOGARH,2009,Winter,Moong(Green Gram),206,64.9,0.315048544
Odisha,DEOGARH,2009,Winter,Potato,251,2205,8.784860558
Odisha,DEOGARH,2009,Winter,Rapeseed &Mustard,287,69.7,0.242857143
Odisha,DEOGARH,2009,Winter,Rice,27000,34000,1.259259259
Odisha,DEOGARH,2009,Winter,Sesamum,1209,344.6,0.28502895
Odisha,DEOGARH,2009,Winter,Sugarcane,15,763.7,50.91333333
Odisha,DEOGARH,2009,Winter,Urad,51,17.6,0.345098039
Odisha,DEOGARH,2010,Autumn,Groundnut,193,146.7,0.760103627
Odisha,DEOGARH,2010,Autumn,Maize,211,257.4,1.219905213
Odisha,DEOGARH,2010,Autumn,Moong(Green Gram),916,241.8,0.263973799
Odisha,DEOGARH,2010,Autumn,Ragi,1,0.4,0.4
Odisha,DEOGARH,2010,Autumn,Rice,19000,10000,0.526315789
Odisha,DEOGARH,2010,Autumn,Sesamum,167,71.8,0.42994012
Odisha,DEOGARH,2010,Autumn,Urad,1216,372.1,0.306003289
Odisha,DEOGARH,2010,Summer,Groundnut,93,87.3,0.938709677
Odisha,DEOGARH,2010,Summer,Maize,3,4.2,1.4
Odisha,DEOGARH,2010,Summer,Moong(Green Gram),423,135.8,0.321040189
Odisha,DEOGARH,2010,Summer,Sesamum,22,10.3,0.468181818
Odisha,DEOGARH,2010,Summer,Urad,5,1.9,0.38
Odisha,DEOGARH,2010,Summer,Wheat,28,39.5,1.410714286
Odisha,DEOGARH,2010,Winter,Horse-gram,767,251.6,0.328031291
Odisha,DEOGARH,2010,Winter,Maize,4,5.1,1.275
Odisha,DEOGARH,2010,Winter,Moong(Green Gram),368,101.6,0.276086957
Odisha,DEOGARH,2010,Winter,Potato,221,1858.2,8.408144796
Odisha,DEOGARH,2010,Winter,Rapeseed &Mustard,197,40.4,0.205076142
Odisha,DEOGARH,2010,Winter,Rice,23000,20000,0.869565217
Odisha,DEOGARH,2010,Winter,Sesamum,1697,424.3,0.250029464
Odisha,DEOGARH,2010,Winter,Sugarcane,29,1548.3,53.38965517
Odisha,DEOGARH,2010,Winter,Urad,103,41.2,0.4
Odisha,DEOGARH,2011,Autumn,Groundnut,118,116.7,0.988983051
Odisha,DEOGARH,2011,Autumn,Maize,92,102.5,1.114130435
Odisha,DEOGARH,2011,Autumn,Moong(Green Gram),514,84.3,0.164007782
Odisha,DEOGARH,2011,Autumn,Rice,14000,15000,1.071428571
Odisha,DEOGARH,2011,Autumn,Sesamum,27,6.5,0.240740741
Odisha,DEOGARH,2011,Autumn,Urad,714,162.8,0.228011204
Odisha,DEOGARH,2011,Summer,Groundnut,11,13.7,1.245454545
Odisha,DEOGARH,2011,Summer,Maize,2,2.4,1.2
Odisha,DEOGARH,2011,Summer,Moong(Green Gram),108,27.2,0.251851852
Odisha,DEOGARH,2011,Summer,Sesamum,35,10.2,0.291428571
Odisha,DEOGARH,2011,Summer,Urad,5,1.9,0.38
Odisha,DEOGARH,2011,Summer,Wheat,12,17.3,1.441666667
Odisha,DEOGARH,2011,Winter,Horse-gram,602,157.1,0.260963455
Odisha,DEOGARH,2011,Winter,Maize,10,12.6,1.26
Odisha,DEOGARH,2011,Winter,Moong(Green Gram),340,79.2,0.232941176
Odisha,DEOGARH,2011,Winter,Niger seed,1,0.1,0.1
Odisha,DEOGARH,2011,Winter,Potato,219,1770.6,8.084931507
Odisha,DEOGARH,2011,Winter,Rapeseed &Mustard,236,43,0.18220339
Odisha,DEOGARH,2011,Winter,Rice,24000,46000,1.916666667
Odisha,DEOGARH,2011,Winter,Sesamum,756,161.8,0.214021164
Odisha,DEOGARH,2011,Winter,Sugarcane,21,1098.7,52.31904762
Odisha,DEOGARH,2011,Winter,Urad,40,11.8,0.295
Odisha,DEOGARH,2012,Autumn,Groundnut,98,126.3,1.28877551
Odisha,DEOGARH,2012,Autumn,Maize,95,113.1,1.190526316
Odisha,DEOGARH,2012,Autumn,Moong(Green Gram),450,101.3,0.225111111
Odisha,DEOGARH,2012,Autumn,Rice,17000,35000,2.058823529
Odisha,DEOGARH,2012,Autumn,Sesamum,1,0.2,0.2
Odisha,DEOGARH,2012,Autumn,Urad,698,189.9,0.272063037
Odisha,DEOGARH,2012,Summer,Groundnut,213,315.7,1.482159624
Odisha,DEOGARH,2012,Summer,Maize,5,7.2,1.44
Odisha,DEOGARH,2012,Summer,Moong(Green Gram),91,36.4,0.4
Odisha,DEOGARH,2012,Summer,Rice,111000,7000,0.063063063
Odisha,DEOGARH,2012,Summer,Sesamum,24,6.1,0.254166667
Odisha,DEOGARH,2012,Summer,Urad,11,4.4,0.4
Odisha,DEOGARH,2012,Summer,Wheat,34,64.4,1.894117647
Odisha,DEOGARH,2012,Winter,Horse-gram,632,226.3,0.35806962
Odisha,DEOGARH,2012,Winter,Maize,5,6.4,1.28
Odisha,DEOGARH,2012,Winter,Moong(Green Gram),571,190.7,0.333975482
Odisha,DEOGARH,2012,Winter,Potato,232,2156.2,9.293965517
Odisha,DEOGARH,2012,Winter,Rapeseed &Mustard,338,78.1,0.231065089
Odisha,DEOGARH,2012,Winter,Rice,26000,76000,2.923076923
Odisha,DEOGARH,2012,Winter,Sesamum,706,180.7,0.255949008
Odisha,DEOGARH,2012,Winter,Sugarcane,12,555.8,46.31666667
Odisha,DEOGARH,2012,Winter,Urad,66,30.6,0.463636364
Odisha,DEOGARH,2013,Autumn,Groundnut,22,41.6,1.890909091
Odisha,DEOGARH,2013,Autumn,Maize,37,53.5,1.445945946
Odisha,DEOGARH,2013,Autumn,Moong(Green Gram),43,11.4,0.265116279
Odisha,DEOGARH,2013,Autumn,Rice,16000,28000,1.75
Odisha,DEOGARH,2013,Autumn,Urad,71,22.3,0.314084507
Odisha,DEOGARH,2013,Summer,Groundnut,64,106.9,1.6703125
Odisha,DEOGARH,2013,Summer,Maize,7,10.6,1.514285714
Odisha,DEOGARH,2013,Summer,Moong(Green Gram),110,36.7,0.333636364
Odisha,DEOGARH,2013,Summer,Rice,2000,5000,2.5
Odisha,DEOGARH,2013,Summer,Sesamum,94,25.6,0.272340426
Odisha,DEOGARH,2013,Summer,Wheat,8,15.6,1.95
Odisha,DEOGARH,2013,Winter,Horse-gram,241,82.2,0.341078838
Odisha,DEOGARH,2013,Winter,Moong(Green Gram),45,12.9,0.286666667
Odisha,DEOGARH,2013,Winter,Potato,149,1258.3,8.444966443
Odisha,DEOGARH,2013,Winter,Rapeseed &Mustard,250,59.3,0.2372
Odisha,DEOGARH,2013,Winter,Rice,34000,92000,2.705882353
Odisha,DEOGARH,2013,Winter,Sesamum,380,93.5,0.246052632
Odisha,DEOGARH,2013,Winter,Sugarcane,5,277.7,55.54
Odisha,DEOGARH,2013,Winter,Urad,5,1.5,0.3
Odisha,DEOGARH,2014,Autumn,Groundnut,65,112.5,1.730769231
Odisha,DEOGARH,2014,Autumn,Maize,47,76.4,1.625531915
Odisha,DEOGARH,2014,Autumn,Rice,20000,47000,2.35
Odisha,DEOGARH,2014,Autumn,Urad,139,47,0.338129496
Odisha,DEOGARH,2014,Summer,Groundnut,17,25.3,1.488235294
Odisha,DEOGARH,2014,Summer,Maize,4,8.3,2.075
Odisha,DEOGARH,2014,Summer,Moong(Green Gram),382,151.3,0.396073298
Odisha,DEOGARH,2014,Summer,Sesamum,34,10.5,0.308823529
Odisha,DEOGARH,2014,Summer,Wheat,4,7.1,1.775
Odisha,DEOGARH,2014,Winter,Horse-gram,339,123.1,0.363126844
Odisha,DEOGARH,2014,Winter,Moong(Green Gram),52,13.5,0.259615385
Odisha,DEOGARH,2014,Winter,Potato,318,3017.5,9.488993711
Odisha,DEOGARH,2014,Winter,Rapeseed &Mustard,237,57.4,0.242194093
Odisha,DEOGARH,2014,Winter,Rice,29000,101000,3.482758621
Odisha,DEOGARH,2014,Winter,Sesamum,271,58.8,0.21697417
Odisha,DEOGARH,2014,Winter,Sugarcane,11,542.5,49.31818182
Odisha,DEOGARH,2014,Winter,Urad,3,0.9,0.3
Odisha,DEOGARH,2015,Autumn,Groundnut,19,48.5,2.552631579
Odisha,DEOGARH,2015,Autumn,Maize,50,75.2,1.504
Odisha,DEOGARH,2015,Autumn,Moong(Green Gram),24,8.2,0.341666667
Odisha,DEOGARH,2015,Autumn,Rice,14000,17000,1.214285714
Odisha,DEOGARH,2015,Autumn,Sesamum,5,1.7,0.34
Odisha,DEOGARH,2015,Autumn,Urad,246,81.2,0.330081301
Odisha,DEOGARH,2015,Summer,Groundnut,8,12.5,1.5625
Odisha,DEOGARH,2015,Summer,Maize,4,8.3,2.075
Odisha,DEOGARH,2015,Summer,Moong(Green Gram),103,29.5,0.286407767
Odisha,DEOGARH,2015,Summer,Sesamum,10,2.9,0.29
Odisha,DEOGARH,2015,Summer,Urad,1,0.3,0.3
Odisha,DEOGARH,2015,Summer,Wheat,2,3.9,1.95
Odisha,DEOGARH,2015,Winter,Horse-gram,232,72.6,0.312931034
Odisha,DEOGARH,2015,Winter,Maize,2,2.7,1.35
Odisha,DEOGARH,2015,Winter,Moong(Green Gram),13,3.3,0.253846154
Odisha,DEOGARH,2015,Winter,Potato,126,1166.8,9.26031746
Odisha,DEOGARH,2015,Winter,Rapeseed &Mustard,15,3.7,0.246666667
Odisha,DEOGARH,2015,Winter,Rice,33000,30000,0.909090909
Odisha,DEOGARH,2015,Winter,Sesamum,105,21.9,0.208571429
Odisha,DEOGARH,2015,Winter,Sugarcane,16,769.4,48.0875
Odisha,DHENKANAL,1997,Autumn,Arhar/Tur,322,32,0.099378882
Odisha,DHENKANAL,1997,Autumn,Groundnut,1939,1220,0.629190304
Odisha,DHENKANAL,1997,Autumn,Maize,112,55,0.491071429
Odisha,DHENKANAL,1997,Autumn,Paddy,20607,19162,0.929878197
Odisha,DHENKANAL,1997,Autumn,Ragi,61,27,0.442622951
Odisha,DHENKANAL,1997,Autumn,Sesamum,27,1,0.037037037
Odisha,DHENKANAL,1997,Autumn,Urad,261,40,0.153256705
Odisha,DHENKANAL,1997,Rabi,Wheat,11,5,0.454545455
Odisha,DHENKANAL,1997,Summer,Arhar/Tur,904,203,0.224557522
Odisha,DHENKANAL,1997,Summer,Groundnut,298,308,1.033557047
Odisha,DHENKANAL,1997,Summer,Maize,1,2,2
Odisha,DHENKANAL,1997,Summer,Paddy,3569,7593,2.127486691
Odisha,DHENKANAL,1997,Summer,Sesamum,264,68,0.257575758
Odisha,DHENKANAL,1997,Summer,Urad,34,8,0.235294118
Odisha,DHENKANAL,1997,Whole Year,Potato,389,3890,10
Odisha,DHENKANAL,1997,Winter,Arhar/Tur,609,110,0.180623974
Odisha,DHENKANAL,1997,Winter,Groundnut,4078,4946,1.212849436
Odisha,DHENKANAL,1997,Winter,Horse-gram,2042,560,0.27424094
Odisha,DHENKANAL,1997,Winter,Paddy,102055,149524,1.465131547
Odisha,DHENKANAL,1997,Winter,Sesamum,2413,343,0.142146705
Odisha,DHENKANAL,1997,Winter,Sugarcane,467,23888,51.15203426
Odisha,DHENKANAL,1997,Winter,Urad,5467,1394,0.254984452
Odisha,DHENKANAL,1998,Autumn,Groundnut,1666,1140,0.684273709
Odisha,DHENKANAL,1998,Autumn,Maize,90,54,0.6
Odisha,DHENKANAL,1998,Autumn,Moong(Green Gram),296,38,0.128378378
Odisha,DHENKANAL,1998,Autumn,Ragi,40,16,0.4
Odisha,DHENKANAL,1998,Autumn,Rice,18221,17839,0.979035179
Odisha,DHENKANAL,1998,Autumn,Urad,542,80,0.147601476
Odisha,DHENKANAL,1998,Summer,Groundnut,2879,2830,0.982980201
Odisha,DHENKANAL,1998,Summer,Maize,2,2,1
Odisha,DHENKANAL,1998,Summer,Moong(Green Gram),1090,196,0.179816514
Odisha,DHENKANAL,1998,Summer,Rice,2953,2775,0.939722316
Odisha,DHENKANAL,1998,Summer,Sesamum,155,14,0.090322581
Odisha,DHENKANAL,1998,Summer,Urad,3,1,0.333333333
Odisha,DHENKANAL,1998,Summer,Wheat,40,56,1.4
Odisha,DHENKANAL,1998,Winter,Groundnut,1010,825,0.816831683
Odisha,DHENKANAL,1998,Winter,Horse-gram,1841,495,0.268875611
Odisha,DHENKANAL,1998,Winter,Moong(Green Gram),466,71,0.152360515
Odisha,DHENKANAL,1998,Winter,Potato,347,3992,11.50432277
Odisha,DHENKANAL,1998,Winter,Rapeseed &Mustard,151,16,0.105960265
Odisha,DHENKANAL,1998,Winter,Rice,101428,162852,1.605592144
Odisha,DHENKANAL,1998,Winter,Sesamum,2647,376,0.142047601
Odisha,DHENKANAL,1998,Winter,Sugarcane,721,51554,71.50346741
Odisha,DHENKANAL,1998,Winter,Urad,4979,1245,0.250050211
Odisha,DHENKANAL,1999,Autumn,Rice,18000,15000,0.833333333
Odisha,DHENKANAL,1999,Kharif,Arhar/Tur,6460,4210,0.651702786
Odisha,DHENKANAL,1999,Kharif,Castor seed,340,150,0.441176471
Odisha,DHENKANAL,1999,Kharif,Cotton(lint),100,10,0.1
Odisha,DHENKANAL,1999,Kharif,Dry chillies,2090,1420,0.679425837
Odisha,DHENKANAL,1999,Kharif,Dry ginger,410,1300,3.170731707
Odisha,DHENKANAL,1999,Kharif,Groundnut,10060,8280,0.82306163
Odisha,DHENKANAL,1999,Kharif,Maize,2390,1280,0.535564854
Odisha,DHENKANAL,1999,Kharif,Mesta,1470,8330,5.666666667
Odisha,DHENKANAL,1999,Kharif,Moong(Green Gram),8910,1340,0.150392817
Odisha,DHENKANAL,1999,Kharif,Ragi,180,80,0.444444444
Odisha,DHENKANAL,1999,Kharif,Sesamum,22070,4610,0.208880834
Odisha,DHENKANAL,1999,Kharif,Small millets,320,140,0.4375
Odisha,DHENKANAL,1999,Kharif,Sweet potato,190,1600,8.421052632
Odisha,DHENKANAL,1999,Kharif,Turmeric,790,1190,1.506329114
Odisha,DHENKANAL,1999,Kharif,Urad,11550,2380,0.206060606
Odisha,DHENKANAL,1999,Rabi,Castor seed,800,470,0.5875
Odisha,DHENKANAL,1999,Rabi,Coriander,910,470,0.516483516
Odisha,DHENKANAL,1999,Rabi,Dry chillies,1610,1010,0.627329193
Odisha,DHENKANAL,1999,Rabi,Garlic,1410,4370,3.09929078
Odisha,DHENKANAL,1999,Rabi,Gram,420,170,0.404761905
Odisha,DHENKANAL,1999,Rabi,Groundnut,10380,18670,1.798651252
Odisha,DHENKANAL,1999,Rabi,Horse-gram,6890,1160,0.168359942
Odisha,DHENKANAL,1999,Rabi,Maize,350,370,1.057142857
Odisha,DHENKANAL,1999,Rabi,Moong(Green Gram),23900,5930,0.248117155
Odisha,DHENKANAL,1999,Rabi,Rapeseed &Mustard,4370,550,0.125858124
Odisha,DHENKANAL,1999,Rabi,Sesamum,5080,920,0.181102362
Odisha,DHENKANAL,1999,Rabi,Sunflower,540,860,1.592592593
Odisha,DHENKANAL,1999,Rabi,Sweet potato,840,7900,9.404761905
Odisha,DHENKANAL,1999,Rabi,Urad,20270,5130,0.253083374
Odisha,DHENKANAL,1999,Rabi,Wheat,630,830,1.317460317
Odisha,DHENKANAL,1999,Summer,Rice,2850,5540,1.943859649
Odisha,DHENKANAL,1999,Whole Year,Onion,3110,36980,11.89067524
Odisha,DHENKANAL,1999,Whole Year,Potato,390,4290,11
Odisha,DHENKANAL,1999,Whole Year,Sannhamp,110,610,5.545454545
Odisha,DHENKANAL,1999,Winter,Rice,106000,87000,0.820754717
Odisha,DHENKANAL,1999,Winter,Sugarcane,1500,77160,51.44
Odisha,DHENKANAL,2000,Autumn,Rice,15640,6260,0.400255754
Odisha,DHENKANAL,2000,Kharif,Arhar/Tur,6070,4490,0.73970346
Odisha,DHENKANAL,2000,Kharif,Castor seed,420,210,0.5
Odisha,DHENKANAL,2000,Kharif,Cotton(lint),70,90,1.285714286
Odisha,DHENKANAL,2000,Kharif,Dry ginger,240,420,1.75
Odisha,DHENKANAL,2000,Kharif,Groundnut,5789,4201,0.725686647
Odisha,DHENKANAL,2000,Kharif,Horse-gram,1254,238.3,0.190031898
Odisha,DHENKANAL,2000,Kharif,Maize,159,138.5,0.871069182
Odisha,DHENKANAL,2000,Kharif,Mesta,1320,7850,5.946969697
Odisha,DHENKANAL,2000,Kharif,Moong(Green Gram),1669,214.9,0.128759736
Odisha,DHENKANAL,2000,Kharif,Ragi,67,20.7,0.308955224
Odisha,DHENKANAL,2000,Kharif,Sesamum,1634,143.1,0.087576499
Odisha,DHENKANAL,2000,Kharif,Small millets,270,140,0.518518519
Odisha,DHENKANAL,2000,Kharif,Urad,2776,422.9,0.152341499
Odisha,DHENKANAL,2000,Rabi,Castor seed,450,350,0.777777778
Odisha,DHENKANAL,2000,Rabi,Gram,190,80,0.421052632
Odisha,DHENKANAL,2000,Rabi,Other  Rabi pulses,30,16,0.533333333
Odisha,DHENKANAL,2000,Rabi,Rapeseed &Mustard,52,2.1,0.040384615
Odisha,DHENKANAL,2000,Rabi,Safflower,30,20,0.666666667
Odisha,DHENKANAL,2000,Rabi,Sunflower,190,170,0.894736842
Odisha,DHENKANAL,2000,Rabi,Wheat,24,23.8,0.991666667
Odisha,DHENKANAL,2000,Summer,Rice,1010,1700,1.683168317
Odisha,DHENKANAL,2000,Whole Year,Coriander,500,250,0.5
Odisha,DHENKANAL,2000,Whole Year,Dry chillies,3300,2800,0.848484848
Odisha,DHENKANAL,2000,Whole Year,Garlic,700,2210,3.157142857
Odisha,DHENKANAL,2000,Whole Year,Onion,1580,13430,8.5
Odisha,DHENKANAL,2000,Whole Year,Potato,301,3270.4,10.86511628
Odisha,DHENKANAL,2000,Whole Year,Sannhamp,70,370,5.285714286
Odisha,DHENKANAL,2000,Whole Year,Sugarcane,554,29170.9,52.65505415
Odisha,DHENKANAL,2000,Whole Year,Sweet potato,810,6610,8.160493827
Odisha,DHENKANAL,2000,Whole Year,Turmeric,350,820,2.342857143
Odisha,DHENKANAL,2000,Winter,Rice,108250,65440,0.604526559
Odisha,DHENKANAL,2001,Kharif,Dry ginger,270,490,1.814814815
Odisha,DHENKANAL,2001,Kharif,Groundnut,5125,4988,0.973268293
Odisha,DHENKANAL,2001,Kharif,Horse-gram,1975,630,0.318987342
Odisha,DHENKANAL,2001,Kharif,Maize,76,37.5,0.493421053
Odisha,DHENKANAL,2001,Kharif,Moong(Green Gram),2224,497.7,0.223785971
Odisha,DHENKANAL,2001,Kharif,Ragi,25,11.4,0.456
Odisha,DHENKANAL,2001,Kharif,Rice,125000,234000,1.872
Odisha,DHENKANAL,2001,Kharif,Sesamum,1459,244.8,0.167786155
Odisha,DHENKANAL,2001,Kharif,Urad,6898,2139.3,0.310133372
Odisha,DHENKANAL,2001,Rabi,Rapeseed &Mustard,177,20.2,0.114124294
Odisha,DHENKANAL,2001,Rabi,Wheat,38,50.8,1.336842105
Odisha,DHENKANAL,2001,Whole Year,Coriander,510,240,0.470588235
Odisha,DHENKANAL,2001,Whole Year,Dry chillies,3420,2910,0.850877193
Odisha,DHENKANAL,2001,Whole Year,Garlic,680,2140,3.147058824
Odisha,DHENKANAL,2001,Whole Year,Onion,870,6610,7.597701149
Odisha,DHENKANAL,2001,Whole Year,Potato,360,4160.9,11.55805556
Odisha,DHENKANAL,2001,Whole Year,Sugarcane,402,25323.6,62.99402985
Odisha,DHENKANAL,2001,Whole Year,Sweet potato,850,7070,8.317647059
Odisha,DHENKANAL,2001,Whole Year,Turmeric,420,980,2.333333333
Odisha,DHENKANAL,2002,Kharif,Arhar/Tur,4220,3070,0.727488152
Odisha,DHENKANAL,2002,Kharif,Castor seed,350,160,0.457142857
Odisha,DHENKANAL,2002,Kharif,Dry ginger,270,490,1.814814815
Odisha,DHENKANAL,2002,Kharif,Groundnut,5523,4209.3,0.762140141
Odisha,DHENKANAL,2002,Kharif,Horse-gram,1643,351.6,0.213998783
Odisha,DHENKANAL,2002,Kharif,Maize,60,35.1,0.585
Odisha,DHENKANAL,2002,Kharif,Moong(Green Gram),763,151.9,0.199082569
Odisha,DHENKANAL,2002,Kharif,Ragi,6,2.5,0.416666667
Odisha,DHENKANAL,2002,Kharif,Rice,115000,56000,0.486956522
Odisha,DHENKANAL,2002,Kharif,Sesamum,1430,149.5,0.104545455
Odisha,DHENKANAL,2002,Kharif,Small millets,230,120,0.52173913
Odisha,DHENKANAL,2002,Kharif,Urad,4510,1122.2,0.248824834
Odisha,DHENKANAL,2002,Rabi,Castor seed,590,310,0.525423729
Odisha,DHENKANAL,2002,Rabi,Gram,280,100,0.357142857
Odisha,DHENKANAL,2002,Rabi,Other  Rabi pulses,440,210,0.477272727
Odisha,DHENKANAL,2002,Rabi,Rapeseed &Mustard,44,5.4,0.122727273
Odisha,DHENKANAL,2002,Rabi,Sunflower,100,60,0.6
Odisha,DHENKANAL,2002,Rabi,Wheat,9,10.3,1.144444444
Odisha,DHENKANAL,2002,Whole Year,Coriander,650,310,0.476923077
Odisha,DHENKANAL,2002,Whole Year,Dry chillies,2500,2130,0.852
Odisha,DHENKANAL,2002,Whole Year,Garlic,550,1730,3.145454545
Odisha,DHENKANAL,2002,Whole Year,Onion,770,5840,7.584415584
Odisha,DHENKANAL,2002,Whole Year,Potato,235,2491.5,10.60212766
Odisha,DHENKANAL,2002,Whole Year,Sugarcane,427,25145.2,58.88805621
Odisha,DHENKANAL,2002,Whole Year,Sweet potato,3490,28990,8.306590258
Odisha,DHENKANAL,2002,Whole Year,Turmeric,420,980,2.333333333
Odisha,DHENKANAL,2003,Kharif,Arhar/Tur,4620,3370,0.729437229
Odisha,DHENKANAL,2003,Kharif,Castor seed,380,170,0.447368421
Odisha,DHENKANAL,2003,Kharif,Dry ginger,280,500,1.785714286
Odisha,DHENKANAL,2003,Kharif,Groundnut,5832,6817.9,1.169050069
Odisha,DHENKANAL,2003,Kharif,Horse-gram,1122,410.7,0.366042781
Odisha,DHENKANAL,2003,Kharif,Maize,167,122.4,0.732934132
Odisha,DHENKANAL,2003,Kharif,Moong(Green Gram),2278,620.2,0.272256365
Odisha,DHENKANAL,2003,Kharif,Ragi,26,13.5,0.519230769
Odisha,DHENKANAL,2003,Kharif,Rice,117000,215000,1.837606838
Odisha,DHENKANAL,2003,Kharif,Sesamum,802,160.5,0.200124688
Odisha,DHENKANAL,2003,Kharif,Small millets,230,120,0.52173913
Odisha,DHENKANAL,2003,Kharif,Sunflower,150,70,0.466666667
Odisha,DHENKANAL,2003,Kharif,Urad,6259,2201.3,0.35170155
Odisha,DHENKANAL,2003,Rabi,Castor seed,760,410,0.539473684
Odisha,DHENKANAL,2003,Rabi,Gram,420,160,0.380952381
Odisha,DHENKANAL,2003,Rabi,Other  Rabi pulses,600,280,0.466666667
Odisha,DHENKANAL,2003,Rabi,Rapeseed &Mustard,284,52.3,0.18415493
Odisha,DHENKANAL,2003,Rabi,Sunflower,130,80,0.615384615
Odisha,DHENKANAL,2003,Rabi,Wheat,27,43.4,1.607407407
Odisha,DHENKANAL,2003,Whole Year,Coriander,540,260,0.481481481
Odisha,DHENKANAL,2003,Whole Year,Dry chillies,2550,2170,0.850980392
Odisha,DHENKANAL,2003,Whole Year,Garlic,550,1720,3.127272727
Odisha,DHENKANAL,2003,Whole Year,Onion,740,5620,7.594594595
Odisha,DHENKANAL,2003,Whole Year,Potato,310,3791.3,12.23
Odisha,DHENKANAL,2003,Whole Year,Sugarcane,409,25959.2,63.46992665
Odisha,DHENKANAL,2003,Whole Year,Sweet potato,3250,27450,8.446153846
Odisha,DHENKANAL,2003,Whole Year,Turmeric,380,890,2.342105263
Odisha,DHENKANAL,2004,Autumn,Groundnut,1662,997.2,0.6
Odisha,DHENKANAL,2004,Autumn,Maize,139,105.8,0.761151079
Odisha,DHENKANAL,2004,Autumn,Moong(Green Gram),87,11.4,0.131034483
Odisha,DHENKANAL,2004,Autumn,Ragi,13,5.2,0.4
Odisha,DHENKANAL,2004,Autumn,Rice,16000,10000,0.625
Odisha,DHENKANAL,2004,Autumn,Sesamum,50,5.7,0.114
Odisha,DHENKANAL,2004,Autumn,Urad,55,8.8,0.16
Odisha,DHENKANAL,2004,Kharif,Castor seed,380,190,0.5
Odisha,DHENKANAL,2004,Kharif,Dry ginger,295,531,1.8
Odisha,DHENKANAL,2004,Kharif,Small millets,250,127,0.508
Odisha,DHENKANAL,2004,Rabi,Castor seed,526,250,0.475285171
Odisha,DHENKANAL,2004,Rabi,Gram,338,135,0.399408284
Odisha,DHENKANAL,2004,Rabi,Other  Rabi pulses,540,248,0.459259259
Odisha,DHENKANAL,2004,Rabi,Safflower,2,1,0.5
Odisha,DHENKANAL,2004,Rabi,Sunflower,129,79,0.612403101
Odisha,DHENKANAL,2004,Summer,Groundnut,4776,6323.4,1.323994975
Odisha,DHENKANAL,2004,Summer,Maize,5,9.8,1.96
Odisha,DHENKANAL,2004,Summer,Moong(Green Gram),1186,373.6,0.315008432
Odisha,DHENKANAL,2004,Summer,Rice,2000,3000,1.5
Odisha,DHENKANAL,2004,Summer,Sesamum,57,17.4,0.305263158
Odisha,DHENKANAL,2004,Summer,Wheat,18,28.9,1.605555556
Odisha,DHENKANAL,2004,Whole Year,Coriander,708,340,0.480225989
Odisha,DHENKANAL,2004,Whole Year,Dry chillies,3792,3220,0.849156118
Odisha,DHENKANAL,2004,Whole Year,Garlic,710,2227,3.136619718
Odisha,DHENKANAL,2004,Whole Year,Onion,1063,8069,7.590780809
Odisha,DHENKANAL,2004,Whole Year,Sweet potato,3298,27809,8.432080049
Odisha,DHENKANAL,2004,Whole Year,Turmeric,407,950,2.334152334
Odisha,DHENKANAL,2004,Winter,Groundnut,413,818.2,1.981113801
Odisha,DHENKANAL,2004,Winter,Horse-gram,1200,321.6,0.268
Odisha,DHENKANAL,2004,Winter,Maize,10,19.3,1.93
Odisha,DHENKANAL,2004,Winter,Moong(Green Gram),403,100.3,0.248883375
Odisha,DHENKANAL,2004,Winter,Potato,338,3741.7,11.07011834
Odisha,DHENKANAL,2004,Winter,Rapeseed &Mustard,82,11.4,0.13902439
Odisha,DHENKANAL,2004,Winter,Rice,105000,155000,1.476190476
Odisha,DHENKANAL,2004,Winter,Sesamum,1127,209.6,0.185980479
Odisha,DHENKANAL,2004,Winter,Sugarcane,656,37965.3,57.87393293
Odisha,DHENKANAL,2004,Winter,Urad,6046,1608.2,0.265994046
Odisha,DHENKANAL,2005,Autumn,Groundnut,1507,1045.9,0.69402787
Odisha,DHENKANAL,2005,Autumn,Maize,163,134.4,0.824539877
Odisha,DHENKANAL,2005,Autumn,Moong(Green Gram),277,23,0.083032491
Odisha,DHENKANAL,2005,Autumn,Ragi,5,1.8,0.36
Odisha,DHENKANAL,2005,Autumn,Rice,15000,15000,1
Odisha,DHENKANAL,2005,Autumn,Sesamum,15,3.4,0.226666667
Odisha,DHENKANAL,2005,Autumn,Urad,118,34.5,0.292372881
Odisha,DHENKANAL,2005,Summer,Groundnut,4285,6744.6,1.574002334
Odisha,DHENKANAL,2005,Summer,Maize,15,25.1,1.673333333
Odisha,DHENKANAL,2005,Summer,Moong(Green Gram),1829,656.6,0.358993986
Odisha,DHENKANAL,2005,Summer,Rice,3000,7000,2.333333333
Odisha,DHENKANAL,2005,Summer,Sesamum,50,18.1,0.362
Odisha,DHENKANAL,2005,Summer,Urad,2,0.2,0.1
Odisha,DHENKANAL,2005,Summer,Wheat,20,24.2,1.21
Odisha,DHENKANAL,2005,Winter,Groundnut,126,136.8,1.085714286
Odisha,DHENKANAL,2005,Winter,Horse-gram,1516,482.1,0.318007916
Odisha,DHENKANAL,2005,Winter,Moong(Green Gram),1118,296.3,0.265026834
Odisha,DHENKANAL,2005,Winter,Potato,280,3039.1,10.85392857
Odisha,DHENKANAL,2005,Winter,Rapeseed &Mustard,247,32.9,0.133198381
Odisha,DHENKANAL,2005,Winter,Rice,104000,205000,1.971153846
Odisha,DHENKANAL,2005,Winter,Sesamum,1294,295,0.22797527
Odisha,DHENKANAL,2005,Winter,Sugarcane,787,46039.5,58.5
Odisha,DHENKANAL,2005,Winter,Urad,5948,1629.8,0.27400807
Odisha,DHENKANAL,2006,Autumn,Groundnut,1154,834.3,0.722963605
Odisha,DHENKANAL,2006,Autumn,Maize,115,87.8,0.763478261
Odisha,DHENKANAL,2006,Autumn,Moong(Green Gram),169,23.8,0.140828402
Odisha,DHENKANAL,2006,Autumn,Ragi,6,2.9,0.483333333
Odisha,DHENKANAL,2006,Autumn,Rice,12000,12000,1
Odisha,DHENKANAL,2006,Autumn,Sesamum,17,4.8,0.282352941
Odisha,DHENKANAL,2006,Autumn,Urad,76,15.8,0.207894737
Odisha,DHENKANAL,2006,Summer,Groundnut,1556,2043,1.312982005
Odisha,DHENKANAL,2006,Summer,Maize,4,7.7,1.925
Odisha,DHENKANAL,2006,Summer,Moong(Green Gram),878,236.2,0.269020501
Odisha,DHENKANAL,2006,Summer,Rice,2000,3000,1.5
Odisha,DHENKANAL,2006,Summer,Sesamum,93,23.7,0.25483871
Odisha,DHENKANAL,2006,Summer,Wheat,25,38.2,1.528
Odisha,DHENKANAL,2006,Winter,Groundnut,1192,1860.7,1.560989933
Odisha,DHENKANAL,2006,Winter,Horse-gram,1006,298.8,0.297017893
Odisha,DHENKANAL,2006,Winter,Maize,1,1.9,1.9
Odisha,DHENKANAL,2006,Winter,Moong(Green Gram),457,100.5,0.219912473
Odisha,DHENKANAL,2006,Winter,Potato,307,3202,10.42996743
Odisha,DHENKANAL,2006,Winter,Rapeseed &Mustard,88,11.1,0.126136364
Odisha,DHENKANAL,2006,Winter,Rice,100000,147000,1.47
Odisha,DHENKANAL,2006,Winter,Sesamum,911,164,0.180021954
Odisha,DHENKANAL,2006,Winter,Sugarcane,1220,75231.3,61.665
Odisha,DHENKANAL,2006,Winter,Urad,3726,1080.5,0.289989265
Odisha,DHENKANAL,2007,Autumn,Groundnut,1197,808,0.675020886
Odisha,DHENKANAL,2007,Autumn,Maize,99,86.8,0.876767677
Odisha,DHENKANAL,2007,Autumn,Moong(Green Gram),141,13.3,0.094326241
Odisha,DHENKANAL,2007,Autumn,Ragi,13,8.5,0.653846154
Odisha,DHENKANAL,2007,Autumn,Rice,14000,14000,1
Odisha,DHENKANAL,2007,Autumn,Sesamum,2,0.4,0.2
Odisha,DHENKANAL,2007,Autumn,Urad,66,14.8,0.224242424
Odisha,DHENKANAL,2007,Summer,Groundnut,4409,6441.5,1.460988886
Odisha,DHENKANAL,2007,Summer,Maize,6,9.4,1.566666667
Odisha,DHENKANAL,2007,Summer,Moong(Green Gram),2138,801.8,0.375023386
Odisha,DHENKANAL,2007,Summer,Rice,2000,5000,2.5
Odisha,DHENKANAL,2007,Summer,Sesamum,166,43,0.259036145
Odisha,DHENKANAL,2007,Summer,Urad,22,6.8,0.309090909
Odisha,DHENKANAL,2007,Summer,Wheat,6,7.9,1.316666667
Odisha,DHENKANAL,2007,Winter,Groundnut,19,26.2,1.378947368
Odisha,DHENKANAL,2007,Winter,Horse-gram,2067,661.4,0.319980648
Odisha,DHENKANAL,2007,Winter,Maize,1,1.2,1.2
Odisha,DHENKANAL,2007,Winter,Moong(Green Gram),728,194.4,0.267032967
Odisha,DHENKANAL,2007,Winter,Potato,421,5326.9,12.65296912
Odisha,DHENKANAL,2007,Winter,Rapeseed &Mustard,119,14.9,0.125210084
Odisha,DHENKANAL,2007,Winter,Rice,101000,202000,2
Odisha,DHENKANAL,2007,Winter,Sesamum,941,146.8,0.156004251
Odisha,DHENKANAL,2007,Winter,Sugarcane,779,50809.5,65.22400513
Odisha,DHENKANAL,2007,Winter,Urad,7272,2428.8,0.333993399
Odisha,DHENKANAL,2008,Autumn,Groundnut,1250,943.8,0.75504
Odisha,DHENKANAL,2008,Autumn,Maize,56,56.4,1.007142857
Odisha,DHENKANAL,2008,Autumn,Moong(Green Gram),144,20,0.138888889
Odisha,DHENKANAL,2008,Autumn,Ragi,21,10.6,0.504761905
Odisha,DHENKANAL,2008,Autumn,Rice,9000,10000,1.111111111
Odisha,DHENKANAL,2008,Autumn,Sesamum,3,0.7,0.233333333
Odisha,DHENKANAL,2008,Autumn,Urad,50,15.8,0.316
Odisha,DHENKANAL,2008,Summer,Groundnut,3191,4317.4,1.352992792
Odisha,DHENKANAL,2008,Summer,Horse-gram,1,0.2,0.2
Odisha,DHENKANAL,2008,Summer,Maize,7,9.1,1.3
Odisha,DHENKANAL,2008,Summer,Moong(Green Gram),1001,367.4,0.367032967
Odisha,DHENKANAL,2008,Summer,Rice,2000,4000,2
Odisha,DHENKANAL,2008,Summer,Sesamum,17,5.5,0.323529412
Odisha,DHENKANAL,2008,Summer,Urad,4,1.4,0.35
Odisha,DHENKANAL,2008,Summer,Wheat,28,37.3,1.332142857
Odisha,DHENKANAL,2008,Winter,Groundnut,1,1.1,1.1
Odisha,DHENKANAL,2008,Winter,Horse-gram,1049,375.5,0.357959962
Odisha,DHENKANAL,2008,Winter,Maize,9,12.6,1.4
Odisha,DHENKANAL,2008,Winter,Moong(Green Gram),490,149.5,0.305102041
Odisha,DHENKANAL,2008,Winter,Potato,245,2953.5,12.05510204
Odisha,DHENKANAL,2008,Winter,Rapeseed &Mustard,112,15.8,0.141071429
Odisha,DHENKANAL,2008,Winter,Rice,101000,169000,1.673267327
Odisha,DHENKANAL,2008,Winter,Sesamum,537,90.8,0.169087523
Odisha,DHENKANAL,2008,Winter,Sugarcane,305,19382.1,63.54786885
Odisha,DHENKANAL,2008,Winter,Urad,3909,1352.5,0.345996419
Odisha,DHENKANAL,2009,Autumn,Groundnut,814,566.5,0.695945946
Odisha,DHENKANAL,2009,Autumn,Maize,46,39.2,0.852173913
Odisha,DHENKANAL,2009,Autumn,Moong(Green Gram),93,5.2,0.055913978
Odisha,DHENKANAL,2009,Autumn,Ragi,6,2.6,0.433333333
Odisha,DHENKANAL,2009,Autumn,Rice,10000,10000,1
Odisha,DHENKANAL,2009,Autumn,Sesamum,13,4,0.307692308
Odisha,DHENKANAL,2009,Autumn,Urad,75,22.4,0.298666667
Odisha,DHENKANAL,2009,Summer,Groundnut,3311,4728.1,1.427997584
Odisha,DHENKANAL,2009,Summer,Maize,2,3.2,1.6
Odisha,DHENKANAL,2009,Summer,Moong(Green Gram),1310,479.5,0.366030534
Odisha,DHENKANAL,2009,Summer,Rice,1000,2000,2
Odisha,DHENKANAL,2009,Summer,Sesamum,16,6.2,0.3875
Odisha,DHENKANAL,2009,Summer,Urad,21,2.7,0.128571429
Odisha,DHENKANAL,2009,Summer,Wheat,2,2.5,1.25
Odisha,DHENKANAL,2009,Winter,Groundnut,268,369.6,1.379104478
Odisha,DHENKANAL,2009,Winter,Horse-gram,1153,475,0.411968777
Odisha,DHENKANAL,2009,Winter,Moong(Green Gram),759,264.9,0.349011858
Odisha,DHENKANAL,2009,Winter,Potato,297,4234,14.25589226
Odisha,DHENKANAL,2009,Winter,Rapeseed &Mustard,197,31.3,0.158883249
Odisha,DHENKANAL,2009,Winter,Rice,99000,157000,1.585858586
Odisha,DHENKANAL,2009,Winter,Sesamum,446,83.8,0.187892377
Odisha,DHENKANAL,2009,Winter,Sugarcane,151,11825,78.31125828
Odisha,DHENKANAL,2009,Winter,Urad,4172,1639.6,0.393000959
Odisha,DHENKANAL,2010,Autumn,Groundnut,645,513.4,0.795968992
Odisha,DHENKANAL,2010,Autumn,Maize,234,387.8,1.657264957
Odisha,DHENKANAL,2010,Autumn,Moong(Green Gram),58,9.2,0.15862069
Odisha,DHENKANAL,2010,Autumn,Ragi,1,0.6,0.6
Odisha,DHENKANAL,2010,Autumn,Rice,9000,5000,0.555555556
Odisha,DHENKANAL,2010,Autumn,Sesamum,5,1.9,0.38
Odisha,DHENKANAL,2010,Autumn,Urad,15,3.7,0.246666667
Odisha,DHENKANAL,2010,Summer,Groundnut,3966,6595.5,1.66301059
Odisha,DHENKANAL,2010,Summer,Horse-gram,5,1.9,0.38
Odisha,DHENKANAL,2010,Summer,Moong(Green Gram),1924,558,0.29002079
Odisha,DHENKANAL,2010,Summer,Sesamum,93,24,0.258064516
Odisha,DHENKANAL,2010,Summer,Urad,11,1.9,0.172727273
Odisha,DHENKANAL,2010,Summer,Wheat,5,5.2,1.04
Odisha,DHENKANAL,2010,Winter,Horse-gram,1499,658.1,0.439026017
Odisha,DHENKANAL,2010,Winter,Maize,24,49.5,2.0625
Odisha,DHENKANAL,2010,Winter,Moong(Green Gram),770,244.9,0.318051948
Odisha,DHENKANAL,2010,Winter,Potato,260,3386.2,13.02384615
Odisha,DHENKANAL,2010,Winter,Rapeseed &Mustard,226,35.3,0.15619469
Odisha,DHENKANAL,2010,Winter,Rice,83000,121000,1.457831325
Odisha,DHENKANAL,2010,Winter,Sesamum,414,76.2,0.184057971
Odisha,DHENKANAL,2010,Winter,Sugarcane,405,26060.5,64.34691358
Odisha,DHENKANAL,2010,Winter,Urad,3478,1318.2,0.379010926
Odisha,DHENKANAL,2011,Autumn,Groundnut,725,554.6,0.764965517
Odisha,DHENKANAL,2011,Autumn,Maize,78,82.6,1.058974359
Odisha,DHENKANAL,2011,Autumn,Moong(Green Gram),39,6.6,0.169230769
Odisha,DHENKANAL,2011,Autumn,Ragi,2,0.9,0.45
Odisha,DHENKANAL,2011,Autumn,Rice,4000,5000,1.25
Odisha,DHENKANAL,2011,Autumn,Sesamum,10,2.2,0.22
Odisha,DHENKANAL,2011,Autumn,Urad,34,8.4,0.247058824
Odisha,DHENKANAL,2011,Summer,Groundnut,1778,3106.2,1.747019123
Odisha,DHENKANAL,2011,Summer,Moong(Green Gram),776,260.7,0.335953608
Odisha,DHENKANAL,2011,Summer,Rice,1000,3000,3
Odisha,DHENKANAL,2011,Summer,Sesamum,53,17,0.320754717
Odisha,DHENKANAL,2011,Summer,Urad,4,1.6,0.4
Odisha,DHENKANAL,2011,Summer,Wheat,4,3.9,0.975
Odisha,DHENKANAL,2011,Winter,Groundnut,50,48,0.96
Odisha,DHENKANAL,2011,Winter,Horse-gram,972,313,0.322016461
Odisha,DHENKANAL,2011,Winter,Maize,2,6.8,3.4
Odisha,DHENKANAL,2011,Winter,Moong(Green Gram),351,99.3,0.282905983
Odisha,DHENKANAL,2011,Winter,Potato,216,2583.1,11.9587963
Odisha,DHENKANAL,2011,Winter,Rapeseed &Mustard,105,17.4,0.165714286
Odisha,DHENKANAL,2011,Winter,Rice,88000,185000,2.102272727
Odisha,DHENKANAL,2011,Winter,Sesamum,111,19.1,0.172072072
Odisha,DHENKANAL,2011,Winter,Sugarcane,317,22108.2,69.74195584
Odisha,DHENKANAL,2011,Winter,Urad,3092,958.5,0.309993532
Odisha,DHENKANAL,2012,Autumn,Groundnut,597,591,0.989949749
Odisha,DHENKANAL,2012,Autumn,Maize,113,171.7,1.519469027
Odisha,DHENKANAL,2012,Autumn,Moong(Green Gram),20,2.4,0.12
Odisha,DHENKANAL,2012,Autumn,Ragi,1,0.8,0.8
Odisha,DHENKANAL,2012,Autumn,Rice,4000,6000,1.5
Odisha,DHENKANAL,2012,Autumn,Sesamum,19,5.9,0.310526316
Odisha,DHENKANAL,2012,Autumn,Urad,14,5,0.357142857
Odisha,DHENKANAL,2012,Summer,Groundnut,3983,6022.3,1.512001004
Odisha,DHENKANAL,2012,Summer,Moong(Green Gram),1163,466.4,0.401031814
Odisha,DHENKANAL,2012,Summer,Rice,225000,2000,0.008888889
Odisha,DHENKANAL,2012,Summer,Sesamum,53,17.5,0.330188679
Odisha,DHENKANAL,2012,Winter,Groundnut,48,98.2,2.045833333
Odisha,DHENKANAL,2012,Winter,Horse-gram,647,326.1,0.504018547
Odisha,DHENKANAL,2012,Winter,Maize,51,124.9,2.449019608
Odisha,DHENKANAL,2012,Winter,Moong(Green Gram),601,232.6,0.387021631
Odisha,DHENKANAL,2012,Winter,Potato,218,3081.4,14.13486239
Odisha,DHENKANAL,2012,Winter,Rapeseed &Mustard,126,27.6,0.219047619
Odisha,DHENKANAL,2012,Winter,Rice,79000,219000,2.772151899
Odisha,DHENKANAL,2012,Winter,Sesamum,69,15.2,0.220289855
Odisha,DHENKANAL,2012,Winter,Sugarcane,176,13215.7,75.08920455
Odisha,DHENKANAL,2012,Winter,Urad,3224,1466.9,0.454993797
Odisha,DHENKANAL,2013,Autumn,Groundnut,276,356.3,1.290942029
Odisha,DHENKANAL,2013,Autumn,Maize,35,43.8,1.251428571
Odisha,DHENKANAL,2013,Autumn,Moong(Green Gram),15,2.2,0.146666667
Odisha,DHENKANAL,2013,Autumn,Ragi,1,0.4,0.4
Odisha,DHENKANAL,2013,Autumn,Rice,4000,6000,1.5
Odisha,DHENKANAL,2013,Autumn,Sesamum,5,2.2,0.44
Odisha,DHENKANAL,2013,Autumn,Urad,10,2.8,0.28
Odisha,DHENKANAL,2013,Summer,Groundnut,1470,3494.2,2.377006803
Odisha,DHENKANAL,2013,Summer,Maize,1,1.2,1.2
Odisha,DHENKANAL,2013,Summer,Moong(Green Gram),1218,562.7,0.461986864
Odisha,DHENKANAL,2013,Summer,Rice,1000,4000,4
Odisha,DHENKANAL,2013,Summer,Sesamum,13,5.3,0.407692308
Odisha,DHENKANAL,2013,Summer,Urad,12,3.1,0.258333333
Odisha,DHENKANAL,2013,Summer,Wheat,3,7.4,2.466666667
Odisha,DHENKANAL,2013,Winter,Groundnut,52,98.5,1.894230769
Odisha,DHENKANAL,2013,Winter,Horse-gram,522,216.6,0.414942529
Odisha,DHENKANAL,2013,Winter,Moong(Green Gram),513,190.8,0.371929825
Odisha,DHENKANAL,2013,Winter,Potato,329,4648.8,14.13009119
Odisha,DHENKANAL,2013,Winter,Rapeseed &Mustard,95,19.2,0.202105263
Odisha,DHENKANAL,2013,Winter,Rice,88000,238000,2.704545455
Odisha,DHENKANAL,2013,Winter,Sesamum,90,19,0.211111111
Odisha,DHENKANAL,2013,Winter,Sugarcane,222,17152.6,77.26396396
Odisha,DHENKANAL,2013,Winter,Urad,2931,1254.5,0.428010918
Odisha,DHENKANAL,2014,Autumn,Groundnut,121,139.9,1.156198347
Odisha,DHENKANAL,2014,Autumn,Maize,107,135.6,1.26728972
Odisha,DHENKANAL,2014,Autumn,Moong(Green Gram),28,8.3,0.296428571
Odisha,DHENKANAL,2014,Autumn,Rice,6000,12000,2
Odisha,DHENKANAL,2014,Autumn,Sesamum,3,0.7,0.233333333
Odisha,DHENKANAL,2014,Autumn,Urad,4,1.2,0.3
Odisha,DHENKANAL,2014,Summer,Groundnut,1644,3312.7,2.015024331
Odisha,DHENKANAL,2014,Summer,Horse-gram,16,6.5,0.40625
Odisha,DHENKANAL,2014,Summer,Maize,3,5.8,1.933333333
Odisha,DHENKANAL,2014,Summer,Moong(Green Gram),2252,1056.2,0.469005329
Odisha,DHENKANAL,2014,Summer,Sesamum,43,13.6,0.31627907
Odisha,DHENKANAL,2014,Winter,Groundnut,9,17.3,1.922222222
Odisha,DHENKANAL,2014,Winter,Horse-gram,608,277.2,0.455921053
Odisha,DHENKANAL,2014,Winter,Maize,19,24.8,1.305263158
Odisha,DHENKANAL,2014,Winter,Moong(Green Gram),592,213.1,0.359966216
Odisha,DHENKANAL,2014,Winter,Potato,505,7950.7,15.7439604
Odisha,DHENKANAL,2014,Winter,Rapeseed &Mustard,262,66.8,0.254961832
Odisha,DHENKANAL,2014,Winter,Rice,92000,312000,3.391304348
Odisha,DHENKANAL,2014,Winter,Sesamum,258,68.9,0.267054264
Odisha,DHENKANAL,2014,Winter,Sugarcane,241,16773.6,69.6
Odisha,DHENKANAL,2014,Winter,Urad,2639,1243,0.471011747
Odisha,DHENKANAL,2015,Autumn,Groundnut,323,273.9,0.847987616
Odisha,DHENKANAL,2015,Autumn,Maize,35,41.1,1.174285714
Odisha,DHENKANAL,2015,Autumn,Ragi,2,1.1,0.55
Odisha,DHENKANAL,2015,Autumn,Rice,5000,6000,1.2
Odisha,DHENKANAL,2015,Autumn,Sesamum,9,2.3,0.255555556
Odisha,DHENKANAL,2015,Autumn,Urad,9,3.1,0.344444444
Odisha,DHENKANAL,2015,Summer,Groundnut,2597,3428,1.319984598
Odisha,DHENKANAL,2015,Summer,Maize,4,5.7,1.425
Odisha,DHENKANAL,2015,Summer,Moong(Green Gram),1419,676.9,0.477026075
Odisha,DHENKANAL,2015,Summer,Sesamum,14,4.7,0.335714286
Odisha,DHENKANAL,2015,Summer,Wheat,8,9.1,1.1375
Odisha,DHENKANAL,2015,Winter,Groundnut,16,30.3,1.89375
Odisha,DHENKANAL,2015,Winter,Horse-gram,479,190.2,0.397077244
Odisha,DHENKANAL,2015,Winter,Maize,2,1.9,0.95
Odisha,DHENKANAL,2015,Winter,Moong(Green Gram),235,83.9,0.357021277
Odisha,DHENKANAL,2015,Winter,Potato,170,2371.2,13.94823529
Odisha,DHENKANAL,2015,Winter,Rapeseed &Mustard,1,0.2,0.2
Odisha,DHENKANAL,2015,Winter,Rice,81000,131000,1.617283951
Odisha,DHENKANAL,2015,Winter,Sesamum,187,31,0.165775401
Odisha,DHENKANAL,2015,Winter,Sugarcane,518,32845.9,63.40907336
Odisha,DHENKANAL,2015,Winter,Urad,2410,1048.4,0.435020747
Odisha,GAJAPATI,1997,Autumn,Groundnut,21,20,0.952380952
Odisha,GAJAPATI,1997,Autumn,Maize,5211,5635,1.08136634
Odisha,GAJAPATI,1997,Autumn,Paddy,1270,1239,0.975590551
Odisha,GAJAPATI,1997,Autumn,Ragi,3740,2828,0.756149733
Odisha,GAJAPATI,1997,Rabi,Wheat,521,563,1.080614203
Odisha,GAJAPATI,1997,Summer,Groundnut,104,108,1.038461538
Odisha,GAJAPATI,1997,Summer,Maize,1,2,2
Odisha,GAJAPATI,1997,Summer,Paddy,447,524,1.172259508
Odisha,GAJAPATI,1997,Summer,Ragi,47,38,0.808510638
Odisha,GAJAPATI,1997,Summer,Sesamum,1882,636,0.337938363
Odisha,GAJAPATI,1997,Whole Year,Potato,9,68,7.555555556
Odisha,GAJAPATI,1997,Winter,Arhar/Tur,1106,352,0.318264014
Odisha,GAJAPATI,1997,Winter,Groundnut,19,14,0.736842105
Odisha,GAJAPATI,1997,Winter,Horse-gram,987,305,0.309017224
Odisha,GAJAPATI,1997,Winter,Paddy,38280,52235,1.364550679
Odisha,GAJAPATI,1997,Winter,Ragi,23,12,0.52173913
Odisha,GAJAPATI,1997,Winter,Sesamum,17,1,0.058823529
Odisha,GAJAPATI,1997,Winter,Sugarcane,66,4002,60.63636364
Odisha,GAJAPATI,1997,Winter,Urad,1832,346,0.188864629
Odisha,GAJAPATI,1998,Autumn,Groundnut,105,103,0.980952381
Odisha,GAJAPATI,1998,Autumn,Maize,5992,7800,1.301735648
Odisha,GAJAPATI,1998,Autumn,Moong(Green Gram),8,1,0.125
Odisha,GAJAPATI,1998,Autumn,Ragi,4187,3740,0.893240984
Odisha,GAJAPATI,1998,Autumn,Rice,1685,1865,1.106824926
Odisha,GAJAPATI,1998,Autumn,Sesamum,15,3,0.2
Odisha,GAJAPATI,1998,Autumn,Urad,2,,
Odisha,GAJAPATI,1998,Summer,Groundnut,323,339,1.049535604
Odisha,GAJAPATI,1998,Summer,Ragi,82,56,0.682926829
Odisha,GAJAPATI,1998,Summer,Rice,536,595,1.110074627
Odisha,GAJAPATI,1998,Summer,Sesamum,1712,393,0.229556075
Odisha,GAJAPATI,1998,Summer,Wheat,3,4,1.333333333
Odisha,GAJAPATI,1998,Winter,Groundnut,359,460,1.281337047
Odisha,GAJAPATI,1998,Winter,Horse-gram,1177,286,0.242990654
Odisha,GAJAPATI,1998,Winter,Maize,1,1,1
Odisha,GAJAPATI,1998,Winter,Moong(Green Gram),2463,616,0.250101502
Odisha,GAJAPATI,1998,Winter,Potato,8,72,9
Odisha,GAJAPATI,1998,Winter,Ragi,104,29,0.278846154
Odisha,GAJAPATI,1998,Winter,Rapeseed &Mustard,602,40,0.066445183
Odisha,GAJAPATI,1998,Winter,Rice,39638,72180,1.820979868
Odisha,GAJAPATI,1998,Winter,Sesamum,5,2,0.4
Odisha,GAJAPATI,1998,Winter,Sugarcane,345,24034,69.66376812
Odisha,GAJAPATI,1998,Winter,Urad,3667,667,0.181892555
Odisha,GAJAPATI,1999,Autumn,Rice,2000,1000,0.5
Odisha,GAJAPATI,1999,Kharif,Arhar/Tur,3840,2730,0.7109375
Odisha,GAJAPATI,1999,Kharif,Bajra,1160,560,0.482758621
Odisha,GAJAPATI,1999,Kharif,Castor seed,960,560,0.583333333
Odisha,GAJAPATI,1999,Kharif,Cotton(lint),220,430,1.954545455
Odisha,GAJAPATI,1999,Kharif,Dry chillies,380,380,1
Odisha,GAJAPATI,1999,Kharif,Dry ginger,450,1130,2.511111111
Odisha,GAJAPATI,1999,Kharif,Groundnut,1150,1130,0.982608696
Odisha,GAJAPATI,1999,Kharif,Jowar,2080,940,0.451923077
Odisha,GAJAPATI,1999,Kharif,Maize,4580,4950,1.080786026
Odisha,GAJAPATI,1999,Kharif,Mesta,640,2670,4.171875
Odisha,GAJAPATI,1999,Kharif,Moong(Green Gram),500,290,0.58
Odisha,GAJAPATI,1999,Kharif,Niger seed,3150,1480,0.46984127
Odisha,GAJAPATI,1999,Kharif,Ragi,9940,8900,0.895372233
Odisha,GAJAPATI,1999,Kharif,Sesamum,1100,530,0.481818182
Odisha,GAJAPATI,1999,Kharif,Small millets,1530,700,0.45751634
Odisha,GAJAPATI,1999,Kharif,Sweet potato,810,6890,8.50617284
Odisha,GAJAPATI,1999,Kharif,Turmeric,570,830,1.456140351
Odisha,GAJAPATI,1999,Kharif,Urad,2840,1930,0.679577465
Odisha,GAJAPATI,1999,Rabi,Castor seed,30,20,0.666666667
Odisha,GAJAPATI,1999,Rabi,Coriander,30,10,0.333333333
Odisha,GAJAPATI,1999,Rabi,Dry chillies,640,700,1.09375
Odisha,GAJAPATI,1999,Rabi,Garlic,20,50,2.5
Odisha,GAJAPATI,1999,Rabi,Gram,100,60,0.6
Odisha,GAJAPATI,1999,Rabi,Groundnut,1140,1430,1.254385965
Odisha,GAJAPATI,1999,Rabi,Horse-gram,7600,3120,0.410526316
Odisha,GAJAPATI,1999,Rabi,Linseed,90,70,0.777777778
Odisha,GAJAPATI,1999,Rabi,Maize,120,180,1.5
Odisha,GAJAPATI,1999,Rabi,Moong(Green Gram),3440,2030,0.590116279
Odisha,GAJAPATI,1999,Rabi,Niger seed,3350,1640,0.489552239
Odisha,GAJAPATI,1999,Rabi,Ragi,1070,1260,1.177570093
Odisha,GAJAPATI,1999,Rabi,Rapeseed &Mustard,2840,1900,0.669014085
Odisha,GAJAPATI,1999,Rabi,Sesamum,6540,3340,0.510703364
Odisha,GAJAPATI,1999,Rabi,Sunflower,810,390,0.481481481
Odisha,GAJAPATI,1999,Rabi,Urad,5870,3990,0.679727428
Odisha,GAJAPATI,1999,Rabi,Wheat,10,20,2
Odisha,GAJAPATI,1999,Summer,Rice,590,680,1.152542373
Odisha,GAJAPATI,1999,Whole Year,Onion,200,1840,9.2
Odisha,GAJAPATI,1999,Whole Year,Sannhamp,70,200,2.857142857
Odisha,GAJAPATI,1999,Whole Year,Tobacco,150,110,0.733333333
Odisha,GAJAPATI,1999,Winter,Rice,33000,56000,1.696969697
Odisha,GAJAPATI,1999,Winter,Sugarcane,240,19440,81
Odisha,GAJAPATI,2000,Autumn,Rice,1750,1700,0.971428571
Odisha,GAJAPATI,2000,Kharif,Arhar/Tur,3970,4020,1.012594458
Odisha,GAJAPATI,2000,Kharif,Bajra,1140,630,0.552631579
Odisha,GAJAPATI,2000,Kharif,Castor seed,910,630,0.692307692
Odisha,GAJAPATI,2000,Kharif,Cotton(lint),420,520,1.238095238
Odisha,GAJAPATI,2000,Kharif,Dry ginger,610,1250,2.049180328
Odisha,GAJAPATI,2000,Kharif,Groundnut,251,306.4,1.220717131
Odisha,GAJAPATI,2000,Kharif,Horse-gram,673,164.9,0.245022288
Odisha,GAJAPATI,2000,Kharif,Jowar,2060,930,0.451456311
Odisha,GAJAPATI,2000,Kharif,Maize,5176,6502.4,1.25625966
Odisha,GAJAPATI,2000,Kharif,Mesta,570,2530,4.438596491
Odisha,GAJAPATI,2000,Kharif,Moong(Green Gram),1455,395.8,0.272027491
Odisha,GAJAPATI,2000,Kharif,Niger seed,3420,1540,0.450292398
Odisha,GAJAPATI,2000,Kharif,Ragi,3888,3343.1,0.859850823
Odisha,GAJAPATI,2000,Kharif,Sesamum,797,180.3,0.226223338
Odisha,GAJAPATI,2000,Kharif,Small millets,1530,770,0.503267974
Odisha,GAJAPATI,2000,Kharif,Sunflower,100,40,0.4
Odisha,GAJAPATI,2000,Kharif,Urad,2285,413.6,0.181006565
Odisha,GAJAPATI,2000,Rabi,Castor seed,30,20,0.666666667
Odisha,GAJAPATI,2000,Rabi,Gram,80,50,0.625
Odisha,GAJAPATI,2000,Rabi,Niger seed,3330,1810,0.543543544
Odisha,GAJAPATI,2000,Rabi,Other  Rabi pulses,28,19,0.678571429
Odisha,GAJAPATI,2000,Rabi,Rapeseed &Mustard,290,20.3,0.07
Odisha,GAJAPATI,2000,Rabi,Sunflower,390,220,0.564102564
Odisha,GAJAPATI,2000,Rabi,Wheat,1,0.1,0.1
Odisha,GAJAPATI,2000,Summer,Rice,460,440,0.956521739
Odisha,GAJAPATI,2000,Whole Year,Coriander,30,10,0.333333333
Odisha,GAJAPATI,2000,Whole Year,Dry chillies,660,510,0.772727273
Odisha,GAJAPATI,2000,Whole Year,Garlic,20,60,3
Odisha,GAJAPATI,2000,Whole Year,Onion,260,1680,6.461538462
Odisha,GAJAPATI,2000,Whole Year,Sannhamp,60,190,3.166666667
Odisha,GAJAPATI,2000,Whole Year,Sugarcane,108,6492.3,60.11388889
Odisha,GAJAPATI,2000,Whole Year,Sweet potato,730,6090,8.342465753
Odisha,GAJAPATI,2000,Whole Year,Tobacco,100,80,0.8
Odisha,GAJAPATI,2000,Whole Year,Turmeric,1820,4380,2.406593407
Odisha,GAJAPATI,2000,Winter,Rice,34030,62400,1.833676168
Odisha,GAJAPATI,2001,Kharif,Arhar/Tur,4370,3100,0.709382151
Odisha,GAJAPATI,2001,Kharif,Bajra,1170,560,0.478632479
Odisha,GAJAPATI,2001,Kharif,Castor seed,890,520,0.584269663
Odisha,GAJAPATI,2001,Kharif,Dry ginger,640,1310,2.046875
Odisha,GAJAPATI,2001,Kharif,Groundnut,491,582.2,1.185743381
Odisha,GAJAPATI,2001,Kharif,Horse-gram,1189,334.1,0.280992431
Odisha,GAJAPATI,2001,Kharif,Jowar,2070,930,0.449275362
Odisha,GAJAPATI,2001,Kharif,Maize,4771,6685.9,1.401362398
Odisha,GAJAPATI,2001,Kharif,Moong(Green Gram),2408,705.5,0.292981728
Odisha,GAJAPATI,2001,Kharif,Other Kharif pulses,1680,840,0.5
Odisha,GAJAPATI,2001,Kharif,Ragi,3879,3291.7,0.848594999
Odisha,GAJAPATI,2001,Kharif,Rice,41000,81000,1.975609756
Odisha,GAJAPATI,2001,Kharif,Sesamum,1984,634.3,0.319707661
Odisha,GAJAPATI,2001,Kharif,Small millets,1120,510,0.455357143
Odisha,GAJAPATI,2001,Kharif,Urad,2695,536.3,0.198998145
Odisha,GAJAPATI,2001,Rabi,Castor seed,50,30,0.6
Odisha,GAJAPATI,2001,Rabi,Gram,90,60,0.666666667
Odisha,GAJAPATI,2001,Rabi,Niger seed,3550,1740,0.490140845
Odisha,GAJAPATI,2001,Rabi,Other  Rabi pulses,300,190,0.633333333
Odisha,GAJAPATI,2001,Rabi,Rapeseed &Mustard,575,46,0.08
Odisha,GAJAPATI,2001,Rabi,Sunflower,370,180,0.486486486
Odisha,GAJAPATI,2001,Whole Year,Coriander,60,30,0.5
Odisha,GAJAPATI,2001,Whole Year,Dry chillies,1860,1470,0.790322581
Odisha,GAJAPATI,2001,Whole Year,Garlic,70,220,3.142857143
Odisha,GAJAPATI,2001,Whole Year,Onion,280,2880,10.28571429
Odisha,GAJAPATI,2001,Whole Year,Potato,11,109,9.909090909
Odisha,GAJAPATI,2001,Whole Year,Sugarcane,247,16257,65.81781377
Odisha,GAJAPATI,2001,Whole Year,Sweet potato,760,6260,8.236842105
Odisha,GAJAPATI,2001,Whole Year,Tobacco,110,80,0.727272727
Odisha,GAJAPATI,2001,Whole Year,Turmeric,2190,5260,2.401826484
Odisha,GAJAPATI,2002,Kharif,Arhar/Tur,4360,4230,0.970183486
Odisha,GAJAPATI,2002,Kharif,Bajra,1170,540,0.461538462
Odisha,GAJAPATI,2002,Kharif,Castor seed,850,600,0.705882353
Odisha,GAJAPATI,2002,Kharif,Dry ginger,430,870,2.023255814
Odisha,GAJAPATI,2002,Kharif,Groundnut,116,102.6,0.884482759
Odisha,GAJAPATI,2002,Kharif,Horse-gram,477,88.7,0.185953878
Odisha,GAJAPATI,2002,Kharif,Jowar,2100,950,0.452380952
Odisha,GAJAPATI,2002,Kharif,Maize,8575,10802.2,1.259731778
Odisha,GAJAPATI,2002,Kharif,Moong(Green Gram),817,217.7,0.266462668
Odisha,GAJAPATI,2002,Kharif,Niger seed,1930,970,0.502590674
Odisha,GAJAPATI,2002,Kharif,Ragi,3280,2495.8,0.760914634
Odisha,GAJAPATI,2002,Kharif,Rice,33000,34000,1.03030303
Odisha,GAJAPATI,2002,Kharif,Sesamum,694,157.4,0.226801153
Odisha,GAJAPATI,2002,Kharif,Small millets,1680,790,0.470238095
Odisha,GAJAPATI,2002,Kharif,Urad,1720,292.4,0.17
Odisha,GAJAPATI,2002,Rabi,Castor seed,30,20,0.666666667
Odisha,GAJAPATI,2002,Rabi,Gram,70,50,0.714285714
Odisha,GAJAPATI,2002,Rabi,Niger seed,3140,1570,0.5
Odisha,GAJAPATI,2002,Rabi,Other  Rabi pulses,390,270,0.692307692
Odisha,GAJAPATI,2002,Rabi,Rapeseed &Mustard,219,12.9,0.05890411
Odisha,GAJAPATI,2002,Rabi,Sunflower,330,190,0.575757576
Odisha,GAJAPATI,2002,Whole Year,Coriander,30,10,0.333333333
Odisha,GAJAPATI,2002,Whole Year,Dry chillies,1920,1630,0.848958333
Odisha,GAJAPATI,2002,Whole Year,Garlic,50,160,3.2
Odisha,GAJAPATI,2002,Whole Year,Onion,250,2580,10.32
Odisha,GAJAPATI,2002,Whole Year,Potato,1,3.8,3.8
Odisha,GAJAPATI,2002,Whole Year,Sugarcane,297,16750.8,56.4
Odisha,GAJAPATI,2002,Whole Year,Sweet potato,2350,19000,8.085106383
Odisha,GAJAPATI,2002,Whole Year,Tobacco,100,80,0.8
Odisha,GAJAPATI,2002,Whole Year,Turmeric,580,1370,2.362068966
Odisha,GAJAPATI,2003,Kharif,Arhar/Tur,4370,5030,1.151029748
Odisha,GAJAPATI,2003,Kharif,Bajra,1050,480,0.457142857
Odisha,GAJAPATI,2003,Kharif,Castor seed,900,540,0.6
Odisha,GAJAPATI,2003,Kharif,Dry ginger,450,910,2.022222222
Odisha,GAJAPATI,2003,Kharif,Groundnut,481,560.2,1.164656965
Odisha,GAJAPATI,2003,Kharif,Horse-gram,756,139.1,0.183994709
Odisha,GAJAPATI,2003,Kharif,Jowar,2100,950,0.452380952
Odisha,GAJAPATI,2003,Kharif,Maize,10558,17505.6,1.658041296
Odisha,GAJAPATI,2003,Kharif,Moong(Green Gram),2325,406.9,0.175010753
Odisha,GAJAPATI,2003,Kharif,Niger seed,1760,880,0.5
Odisha,GAJAPATI,2003,Kharif,Other Kharif pulses,2060,1480,0.718446602
Odisha,GAJAPATI,2003,Kharif,Ragi,2418,1719.7,0.71120761
Odisha,GAJAPATI,2003,Kharif,Rice,41000,66000,1.609756098
Odisha,GAJAPATI,2003,Kharif,Sesamum,1154,250,0.216637782
Odisha,GAJAPATI,2003,Kharif,Small millets,1170,530,0.452991453
Odisha,GAJAPATI,2003,Kharif,Sunflower,10,10,1
Odisha,GAJAPATI,2003,Kharif,Urad,3170,557.9,0.175993691
Odisha,GAJAPATI,2003,Rabi,Castor seed,20,10,0.5
Odisha,GAJAPATI,2003,Rabi,Gram,70,50,0.714285714
Odisha,GAJAPATI,2003,Rabi,Niger seed,3360,1640,0.488095238
Odisha,GAJAPATI,2003,Rabi,Other  Rabi pulses,450,320,0.711111111
Odisha,GAJAPATI,2003,Rabi,Rapeseed &Mustard,159,8.4,0.052830189
Odisha,GAJAPATI,2003,Rabi,Sunflower,500,400,0.8
Odisha,GAJAPATI,2003,Whole Year,Coriander,40,20,0.5
Odisha,GAJAPATI,2003,Whole Year,Dry chillies,1950,1660,0.851282051
Odisha,GAJAPATI,2003,Whole Year,Garlic,80,240,3
Odisha,GAJAPATI,2003,Whole Year,Onion,340,3520,10.35294118
Odisha,GAJAPATI,2003,Whole Year,Potato,4,42.1,10.525
Odisha,GAJAPATI,2003,Whole Year,Sugarcane,296,16242.4,54.87297297
Odisha,GAJAPATI,2003,Whole Year,Sweet potato,2460,20460,8.317073171
Odisha,GAJAPATI,2003,Whole Year,Tobacco,100,90,0.9
Odisha,GAJAPATI,2003,Whole Year,Turmeric,570,1330,2.333333333
Odisha,GAJAPATI,2004,Autumn,Groundnut,201,157.8,0.785074627
Odisha,GAJAPATI,2004,Autumn,Maize,11233,17347.4,1.544324757
Odisha,GAJAPATI,2004,Autumn,Ragi,2912,2425.7,0.833001374
Odisha,GAJAPATI,2004,Autumn,Rice,1000,1000,1
Odisha,GAJAPATI,2004,Autumn,Sesamum,1,0.1,0.1
Odisha,GAJAPATI,2004,Kharif,Bajra,981,451,0.459734964
Odisha,GAJAPATI,2004,Kharif,Castor seed,877,500,0.570125428
Odisha,GAJAPATI,2004,Kharif,Dry ginger,443,891,2.011286682
Odisha,GAJAPATI,2004,Kharif,Jowar,2085,970,0.465227818
Odisha,GAJAPATI,2004,Kharif,Small millets,1153,542,0.470078057
Odisha,GAJAPATI,2004,Rabi,Gram,71,48,0.676056338
Odisha,GAJAPATI,2004,Rabi,Niger seed,4534,2176,0.479929422
Odisha,GAJAPATI,2004,Rabi,Other  Rabi pulses,2464,1765,0.716314935
Odisha,GAJAPATI,2004,Rabi,Sunflower,568,373,0.656690141
Odisha,GAJAPATI,2004,Summer,Groundnut,489,534,1.09202454
Odisha,GAJAPATI,2004,Summer,Maize,2,2.4,1.2
Odisha,GAJAPATI,2004,Summer,Moong(Green Gram),14,2.3,0.164285714
Odisha,GAJAPATI,2004,Summer,Ragi,13,6.4,0.492307692
Odisha,GAJAPATI,2004,Summer,Sesamum,720,144.7,0.200972222
Odisha,GAJAPATI,2004,Summer,Urad,1,,
Odisha,GAJAPATI,2004,Summer,Wheat,3,0.5,0.166666667
Odisha,GAJAPATI,2004,Whole Year,Coriander,92,46,0.5
Odisha,GAJAPATI,2004,Whole Year,Dry chillies,1812,1540,0.849889625
Odisha,GAJAPATI,2004,Whole Year,Garlic,69,215,3.115942029
Odisha,GAJAPATI,2004,Whole Year,Onion,307,3161,10.29641694
Odisha,GAJAPATI,2004,Whole Year,Sweet potato,2415,20117,8.330020704
Odisha,GAJAPATI,2004,Whole Year,Tobacco,106,91,0.858490566
Odisha,GAJAPATI,2004,Whole Year,Turmeric,597,1405,2.353433836
Odisha,GAJAPATI,2004,Winter,Groundnut,5,7.2,1.44
Odisha,GAJAPATI,2004,Winter,Horse-gram,764,171.9,0.225
Odisha,GAJAPATI,2004,Winter,Moong(Green Gram),1040,216.3,0.207980769
Odisha,GAJAPATI,2004,Winter,Potato,1,5.3,5.3
Odisha,GAJAPATI,2004,Winter,Ragi,4,2.6,0.65
Odisha,GAJAPATI,2004,Winter,Rapeseed &Mustard,75,5,0.066666667
Odisha,GAJAPATI,2004,Winter,Rice,35000,61000,1.742857143
Odisha,GAJAPATI,2004,Winter,Sesamum,35,7.2,0.205714286
Odisha,GAJAPATI,2004,Winter,Sugarcane,268,12569.2,46.9
Odisha,GAJAPATI,2004,Winter,Urad,2559,504.1,0.196991012
Odisha,GAJAPATI,2005,Autumn,Groundnut,43,30.3,0.704651163
Odisha,GAJAPATI,2005,Autumn,Maize,8198,12964.2,1.581385704
Odisha,GAJAPATI,2005,Autumn,Ragi,2535,1898.7,0.748994083
Odisha,GAJAPATI,2005,Autumn,Rice,1000,1000,1
Odisha,GAJAPATI,2005,Autumn,Sesamum,4,0.3,0.075
Odisha,GAJAPATI,2005,Summer,Groundnut,35,29.3,0.837142857
Odisha,GAJAPATI,2005,Summer,Ragi,14,8,0.571428571
Odisha,GAJAPATI,2005,Summer,Sesamum,791,139.2,0.175979772
Odisha,GAJAPATI,2005,Winter,Groundnut,2,1.3,0.65
Odisha,GAJAPATI,2005,Winter,Horse-gram,688,129.3,0.187936047
Odisha,GAJAPATI,2005,Winter,Moong(Green Gram),1524,189,0.124015748
Odisha,GAJAPATI,2005,Winter,Ragi,54,26.5,0.490740741
Odisha,GAJAPATI,2005,Winter,Rapeseed &Mustard,95,5.2,0.054736842
Odisha,GAJAPATI,2005,Winter,Rice,32000,46000,1.4375
Odisha,GAJAPATI,2005,Winter,Sesamum,15,2.9,0.193333333
Odisha,GAJAPATI,2005,Winter,Sugarcane,204,12421.4,60.88921569
Odisha,GAJAPATI,2005,Winter,Urad,2425,400.1,0.164989691
Odisha,GAJAPATI,2006,Autumn,Groundnut,66,53.3,0.807575758
Odisha,GAJAPATI,2006,Autumn,Maize,9286,14254.4,1.535041999
Odisha,GAJAPATI,2006,Autumn,Moong(Green Gram),4,0.6,0.15
Odisha,GAJAPATI,2006,Autumn,Ragi,2343,1661.2,0.709005548
Odisha,GAJAPATI,2006,Autumn,Rice,1000,1000,1
Odisha,GAJAPATI,2006,Summer,Groundnut,42,51.8,1.233333333
Odisha,GAJAPATI,2006,Summer,Ragi,10,5.7,0.57
Odisha,GAJAPATI,2006,Summer,Rice,1000,1000,1
Odisha,GAJAPATI,2006,Summer,Sesamum,617,108.6,0.176012966
Odisha,GAJAPATI,2006,Winter,Groundnut,22,16.7,0.759090909
Odisha,GAJAPATI,2006,Winter,Horse-gram,326,71.4,0.219018405
Odisha,GAJAPATI,2006,Winter,Maize,2,1.7,0.85
Odisha,GAJAPATI,2006,Winter,Moong(Green Gram),1669,290.4,0.173996405
Odisha,GAJAPATI,2006,Winter,Potato,1,3.4,3.4
Odisha,GAJAPATI,2006,Winter,Ragi,59,31.2,0.528813559
Odisha,GAJAPATI,2006,Winter,Rapeseed &Mustard,52,5.2,0.1
Odisha,GAJAPATI,2006,Winter,Rice,37000,66000,1.783783784
Odisha,GAJAPATI,2006,Winter,Sesamum,13,4.2,0.323076923
Odisha,GAJAPATI,2006,Winter,Sugarcane,219,12518.9,57.16392694
Odisha,GAJAPATI,2006,Winter,Urad,2474,519.5,0.209983832
Odisha,GAJAPATI,2007,Autumn,Groundnut,61,44.7,0.732786885
Odisha,GAJAPATI,2007,Autumn,Maize,7942,13866.4,1.745958197
Odisha,GAJAPATI,2007,Autumn,Ragi,2133,1608.3,0.754008439
Odisha,GAJAPATI,2007,Autumn,Rice,1000,1000,1
Odisha,GAJAPATI,2007,Autumn,Sesamum,9,1.1,0.122222222
Odisha,GAJAPATI,2007,Autumn,Urad,3,0.2,0.066666667
Odisha,GAJAPATI,2007,Summer,Groundnut,157,142.2,0.905732484
Odisha,GAJAPATI,2007,Summer,Moong(Green Gram),1,0.2,0.2
Odisha,GAJAPATI,2007,Summer,Ragi,43,26.9,0.625581395
Odisha,GAJAPATI,2007,Summer,Rice,1000,1000,1
Odisha,GAJAPATI,2007,Summer,Sesamum,2101,376.1,0.179009995
Odisha,GAJAPATI,2007,Winter,Groundnut,1,1,1
Odisha,GAJAPATI,2007,Winter,Horse-gram,613,126.3,0.206035889
Odisha,GAJAPATI,2007,Winter,Maize,3,3.5,1.166666667
Odisha,GAJAPATI,2007,Winter,Moong(Green Gram),2238,364.8,0.163002681
Odisha,GAJAPATI,2007,Winter,Potato,8,84.2,10.525
Odisha,GAJAPATI,2007,Winter,Ragi,75,37.7,0.502666667
Odisha,GAJAPATI,2007,Winter,Rapeseed &Mustard,56,5.3,0.094642857
Odisha,GAJAPATI,2007,Winter,Rice,38000,72000,1.894736842
Odisha,GAJAPATI,2007,Winter,Sesamum,28,3.5,0.125
Odisha,GAJAPATI,2007,Winter,Sugarcane,197,11084.6,56.26700508
Odisha,GAJAPATI,2007,Winter,Urad,2979,601.8,0.202014099
Odisha,GAJAPATI,2008,Autumn,Groundnut,15,11.2,0.746666667
Odisha,GAJAPATI,2008,Autumn,Maize,6704,10329.7,1.540826372
Odisha,GAJAPATI,2008,Autumn,Ragi,1524,1106.4,0.725984252
Odisha,GAJAPATI,2008,Autumn,Rice,1000,1000,1
Odisha,GAJAPATI,2008,Autumn,Urad,5,1.6,0.32
Odisha,GAJAPATI,2008,Summer,Groundnut,244,240.6,0.986065574
Odisha,GAJAPATI,2008,Summer,Moong(Green Gram),4,0.5,0.125
Odisha,GAJAPATI,2008,Summer,Ragi,18,10.8,0.6
Odisha,GAJAPATI,2008,Summer,Sesamum,468,82.4,0.176068376
Odisha,GAJAPATI,2008,Winter,Groundnut,5,4.6,0.92
Odisha,GAJAPATI,2008,Winter,Horse-gram,466,86.2,0.184978541
Odisha,GAJAPATI,2008,Winter,Moong(Green Gram),943,150.9,0.160021209
Odisha,GAJAPATI,2008,Winter,Potato,2,18,9
Odisha,GAJAPATI,2008,Winter,Ragi,81,43.3,0.534567901
Odisha,GAJAPATI,2008,Winter,Rapeseed &Mustard,51,3.1,0.060784314
Odisha,GAJAPATI,2008,Winter,Rice,35000,42000,1.2
Odisha,GAJAPATI,2008,Winter,Sesamum,23,4.1,0.17826087
Odisha,GAJAPATI,2008,Winter,Sugarcane,141,7501.2,53.2
Odisha,GAJAPATI,2008,Winter,Urad,2558,381.1,0.148983581
Odisha,GAJAPATI,2009,Autumn,Groundnut,42,31,0.738095238
Odisha,GAJAPATI,2009,Autumn,Maize,9062,11521.7,1.271430148
Odisha,GAJAPATI,2009,Autumn,Moong(Green Gram),3,4.5,1.5
Odisha,GAJAPATI,2009,Autumn,Ragi,1756,1317,0.75
Odisha,GAJAPATI,2009,Autumn,Rice,1000,,
Odisha,GAJAPATI,2009,Autumn,Sesamum,21,2,0.095238095
Odisha,GAJAPATI,2009,Summer,Groundnut,292,337.3,1.155136986
Odisha,GAJAPATI,2009,Summer,Horse-gram,1,0.2,0.2
Odisha,GAJAPATI,2009,Summer,Maize,1,1.1,1.1
Odisha,GAJAPATI,2009,Summer,Moong(Green Gram),1,0.2,0.2
Odisha,GAJAPATI,2009,Summer,Ragi,9,4.6,0.511111111
Odisha,GAJAPATI,2009,Summer,Sesamum,1390,297.5,0.214028777
Odisha,GAJAPATI,2009,Winter,Groundnut,6,5.8,0.966666667
Odisha,GAJAPATI,2009,Winter,Horse-gram,595,121.4,0.204033613
Odisha,GAJAPATI,2009,Winter,Moong(Green Gram),1295,246.1,0.19003861
Odisha,GAJAPATI,2009,Winter,Potato,11,35,3.181818182
Odisha,GAJAPATI,2009,Winter,Ragi,48,27.6,0.575
Odisha,GAJAPATI,2009,Winter,Rapeseed &Mustard,81,6.2,0.07654321
Odisha,GAJAPATI,2009,Winter,Rice,32000,48000,1.5
Odisha,GAJAPATI,2009,Winter,Sesamum,2,0.3,0.15
Odisha,GAJAPATI,2009,Winter,Sugarcane,72,3945.6,54.8
Odisha,GAJAPATI,2009,Winter,Urad,2471,434.9,0.176001619
Odisha,GAJAPATI,2010,Autumn,Groundnut,22,21.6,0.981818182
Odisha,GAJAPATI,2010,Autumn,Maize,9357,14375.2,1.536304371
Odisha,GAJAPATI,2010,Autumn,Moong(Green Gram),2,0.4,0.2
Odisha,GAJAPATI,2010,Autumn,Ragi,1626,1308.9,0.80498155
Odisha,GAJAPATI,2010,Autumn,Rice,1000,1000,1
Odisha,GAJAPATI,2010,Autumn,Sesamum,3,0.5,0.166666667
Odisha,GAJAPATI,2010,Autumn,Urad,2,0.3,0.15
Odisha,GAJAPATI,2010,Summer,Groundnut,247,309.7,1.253846154
Odisha,GAJAPATI,2010,Summer,Maize,1,1.4,1.4
Odisha,GAJAPATI,2010,Summer,Moong(Green Gram),50,7.8,0.156
Odisha,GAJAPATI,2010,Summer,Ragi,39,27.6,0.707692308
Odisha,GAJAPATI,2010,Summer,Sesamum,982,174.8,0.178004073
Odisha,GAJAPATI,2010,Summer,Urad,38,5.3,0.139473684
Odisha,GAJAPATI,2010,Winter,Groundnut,2,1.9,0.95
Odisha,GAJAPATI,2010,Winter,Horse-gram,556,112.3,0.201978417
Odisha,GAJAPATI,2010,Winter,Moong(Green Gram),911,144.8,0.158946213
Odisha,GAJAPATI,2010,Winter,Ragi,13,9.3,0.715384615
Odisha,GAJAPATI,2010,Winter,Rapeseed &Mustard,51,3.8,0.074509804
Odisha,GAJAPATI,2010,Winter,Rice,37000,73000,1.972972973
Odisha,GAJAPATI,2010,Winter,Sesamum,36,8.9,0.247222222
Odisha,GAJAPATI,2010,Winter,Sugarcane,152,9705.2,63.85
Odisha,GAJAPATI,2010,Winter,Urad,1984,341.2,0.171975806
Odisha,GAJAPATI,2011,Autumn,Groundnut,43,41.6,0.96744186
Odisha,GAJAPATI,2011,Autumn,Maize,10309,19913.8,1.931690756
Odisha,GAJAPATI,2011,Autumn,Ragi,1320,1145.8,0.868030303
Odisha,GAJAPATI,2011,Summer,Groundnut,242,290.4,1.2
Odisha,GAJAPATI,2011,Summer,Maize,2,2.6,1.3
Odisha,GAJAPATI,2011,Summer,Ragi,26,18.3,0.703846154
Odisha,GAJAPATI,2011,Summer,Sesamum,601,161.1,0.268053245
Odisha,GAJAPATI,2011,Summer,Urad,5,0.9,0.18
Odisha,GAJAPATI,2011,Winter,Groundnut,2,2.4,1.2
Odisha,GAJAPATI,2011,Winter,Horse-gram,334,43.1,0.129041916
Odisha,GAJAPATI,2011,Winter,Moong(Green Gram),591,147.8,0.250084602
Odisha,GAJAPATI,2011,Winter,Niger seed,241,16.1,0.066804979
Odisha,GAJAPATI,2011,Winter,Ragi,31,10.6,0.341935484
Odisha,GAJAPATI,2011,Winter,Rapeseed &Mustard,48,1.9,0.039583333
Odisha,GAJAPATI,2011,Winter,Rice,36000,37000,1.027777778
Odisha,GAJAPATI,2011,Winter,Sesamum,5,0.2,0.04
Odisha,GAJAPATI,2011,Winter,Sugarcane,82,6142.9,74.91341463
Odisha,GAJAPATI,2011,Winter,Urad,1454,165.8,0.114030261
Odisha,GAJAPATI,2012,Autumn,Groundnut,88,86.6,0.984090909
Odisha,GAJAPATI,2012,Autumn,Maize,11103,21253.5,1.914212375
Odisha,GAJAPATI,2012,Autumn,Ragi,1018,798.1,0.783988212
Odisha,GAJAPATI,2012,Summer,Groundnut,172,216.7,1.259883721
Odisha,GAJAPATI,2012,Summer,Maize,1,1.8,1.8
Odisha,GAJAPATI,2012,Summer,Moong(Green Gram),34,8.5,0.25
Odisha,GAJAPATI,2012,Summer,Ragi,26,17.8,0.684615385
Odisha,GAJAPATI,2012,Summer,Rice,67000,1000,0.014925373
Odisha,GAJAPATI,2012,Summer,Sesamum,730,189.1,0.259041096
Odisha,GAJAPATI,2012,Summer,Urad,7,1.6,0.228571429
Odisha,GAJAPATI,2012,Winter,Groundnut,5,5.6,1.12
Odisha,GAJAPATI,2012,Winter,Horse-gram,367,74.1,0.201907357
Odisha,GAJAPATI,2012,Winter,Maize,1,1.3,1.3
Odisha,GAJAPATI,2012,Winter,Moong(Green Gram),1269,346.4,0.272970843
Odisha,GAJAPATI,2012,Winter,Ragi,2,1.7,0.85
Odisha,GAJAPATI,2012,Winter,Rapeseed &Mustard,52,3.6,0.069230769
Odisha,GAJAPATI,2012,Winter,Rice,32000,67000,2.09375
Odisha,GAJAPATI,2012,Winter,Sugarcane,55,3132.8,56.96
Odisha,GAJAPATI,2012,Winter,Urad,3225,638.6,0.198015504
Odisha,GAJAPATI,2013,Autumn,Groundnut,199,198.4,0.996984925
Odisha,GAJAPATI,2013,Autumn,Maize,11836,13520.5,1.142320041
Odisha,GAJAPATI,2013,Autumn,Ragi,1060,813,0.766981132
Odisha,GAJAPATI,2013,Summer,Groundnut,313,333.7,1.066134185
Odisha,GAJAPATI,2013,Summer,Moong(Green Gram),1,0.1,0.1
Odisha,GAJAPATI,2013,Summer,Ragi,7,5.2,0.742857143
Odisha,GAJAPATI,2013,Summer,Rice,1000,1000,1
Odisha,GAJAPATI,2013,Summer,Sesamum,1013,207.7,0.205034551
Odisha,GAJAPATI,2013,Winter,Horse-gram,537,107.4,0.2
Odisha,GAJAPATI,2013,Winter,Moong(Green Gram),2370,540.4,0.228016878
Odisha,GAJAPATI,2013,Winter,Ragi,1,0.8,0.8
Odisha,GAJAPATI,2013,Winter,Rapeseed &Mustard,45,3.4,0.075555556
Odisha,GAJAPATI,2013,Winter,Rice,37000,33000,0.891891892
Odisha,GAJAPATI,2013,Winter,Sesamum,12,1.4,0.116666667
Odisha,GAJAPATI,2013,Winter,Sugarcane,65,4342,66.8
Odisha,GAJAPATI,2013,Winter,Urad,2842,525.8,0.185010556
Odisha,GAJAPATI,2014,Autumn,Groundnut,37,40.4,1.091891892
Odisha,GAJAPATI,2014,Autumn,Maize,14921,16025.6,1.074029891
Odisha,GAJAPATI,2014,Autumn,Ragi,864,620.4,0.718055556
Odisha,GAJAPATI,2014,Summer,Groundnut,43,37.2,0.865116279
Odisha,GAJAPATI,2014,Summer,Maize,3,3.4,1.133333333
Odisha,GAJAPATI,2014,Summer,Ragi,11,6.9,0.627272727
Odisha,GAJAPATI,2014,Summer,Sesamum,1148,250.3,0.218031359
Odisha,GAJAPATI,2014,Winter,Horse-gram,301,61.1,0.202990033
Odisha,GAJAPATI,2014,Winter,Moong(Green Gram),2477,557.3,0.224989907
Odisha,GAJAPATI,2014,Winter,Potato,20,239.4,11.97
Odisha,GAJAPATI,2014,Winter,Ragi,11,8.1,0.736363636
Odisha,GAJAPATI,2014,Winter,Rapeseed &Mustard,40,3.8,0.095
Odisha,GAJAPATI,2014,Winter,Rice,37000,55000,1.486486486
Odisha,GAJAPATI,2014,Winter,Sugarcane,47,2494.1,53.06595745
Odisha,GAJAPATI,2014,Winter,Urad,2680,514.6,0.192014925
Odisha,GAJAPATI,2015,Autumn,Groundnut,25,22.7,0.908
Odisha,GAJAPATI,2015,Autumn,Maize,14990,31690.4,2.114102735
Odisha,GAJAPATI,2015,Autumn,Ragi,727,592.5,0.814993122
Odisha,GAJAPATI,2015,Summer,Groundnut,94,120.6,1.282978723
Odisha,GAJAPATI,2015,Summer,Ragi,15,10.5,0.7
Odisha,GAJAPATI,2015,Summer,Rice,1000,1000,1
Odisha,GAJAPATI,2015,Summer,Sesamum,857,186.8,0.217969662
Odisha,GAJAPATI,2015,Winter,Horse-gram,388,73.7,0.189948454
Odisha,GAJAPATI,2015,Winter,Maize,21,57.4,2.733333333
Odisha,GAJAPATI,2015,Winter,Moong(Green Gram),1493,304.6,0.204018754
Odisha,GAJAPATI,2015,Winter,Potato,10,77.5,7.75
Odisha,GAJAPATI,2015,Winter,Ragi,64,36.9,0.5765625
Odisha,GAJAPATI,2015,Winter,Rapeseed &Mustard,103,9.4,0.091262136
Odisha,GAJAPATI,2015,Winter,Rice,36000,35000,0.972222222
Odisha,GAJAPATI,2015,Winter,Sesamum,4,0.7,0.175
Odisha,GAJAPATI,2015,Winter,Sugarcane,122,6856.4,56.2
Odisha,GAJAPATI,2015,Winter,Urad,2273,347.8,0.153013638
Odisha,GANJAM,1997,Autumn,Arhar/Tur,63,7,0.111111111
Odisha,GANJAM,1997,Autumn,Groundnut,3292,3098,0.941069259
Odisha,GANJAM,1997,Autumn,Jute,10,10,1
Odisha,GANJAM,1997,Autumn,Maize,537,586,1.091247672
Odisha,GANJAM,1997,Autumn,Paddy,2670,3869,1.44906367
Odisha,GANJAM,1997,Autumn,Ragi,7393,5531,0.748140133
Odisha,GANJAM,1997,Autumn,Sesamum,225,27,0.12
Odisha,GANJAM,1997,Autumn,Urad,546,91,0.166666667
Odisha,GANJAM,1997,Rabi,Wheat,53,58,1.094339623
Odisha,GANJAM,1997,Summer,Arhar/Tur,143,41,0.286713287
Odisha,GANJAM,1997,Summer,Groundnut,1942,2388,1.229660144
Odisha,GANJAM,1997,Summer,Horse-gram,8,2,0.25
Odisha,GANJAM,1997,Summer,Maize,16,14,0.875
Odisha,GANJAM,1997,Summer,Paddy,245,406,1.657142857
Odisha,GANJAM,1997,Summer,Ragi,335,281,0.83880597
Odisha,GANJAM,1997,Summer,Sesamum,6026,1162,0.192831065
Odisha,GANJAM,1997,Summer,Urad,86,21,0.244186047
Odisha,GANJAM,1997,Whole Year,Potato,292,2402,8.226027397
Odisha,GANJAM,1997,Winter,Arhar/Tur,57061,11355,0.198997564
Odisha,GANJAM,1997,Winter,Groundnut,409,473,1.156479218
Odisha,GANJAM,1997,Winter,Horse-gram,3715,862,0.232032301
Odisha,GANJAM,1997,Winter,Maize,21,2,0.095238095
Odisha,GANJAM,1997,Winter,Paddy,266285,398674,1.497170325
Odisha,GANJAM,1997,Winter,Ragi,176,118,0.670454545
Odisha,GANJAM,1997,Winter,Sesamum,465,62,0.133333333
Odisha,GANJAM,1997,Winter,Sugarcane,1384,133036,96.12427746
Odisha,GANJAM,1997,Winter,Urad,6334,1254,0.19797916
Odisha,GANJAM,1998,Autumn,Groundnut,2761,2927,1.060123144
Odisha,GANJAM,1998,Autumn,Maize,658,770,1.170212766
Odisha,GANJAM,1998,Autumn,Moong(Green Gram),2,,
Odisha,GANJAM,1998,Autumn,Ragi,7297,6371,0.873098534
Odisha,GANJAM,1998,Autumn,Rice,2725,4615,1.693577982
Odisha,GANJAM,1998,Autumn,Urad,306,40,0.130718954
Odisha,GANJAM,1998,Summer,Groundnut,2888,3394,1.175207756
Odisha,GANJAM,1998,Summer,Maize,2,3,1.5
Odisha,GANJAM,1998,Summer,Moong(Green Gram),2567,295,0.11492014
Odisha,GANJAM,1998,Summer,Ragi,534,415,0.777153558
Odisha,GANJAM,1998,Summer,Rice,1495,2543,1.701003344
Odisha,GANJAM,1998,Summer,Sesamum,1265,200,0.158102767
Odisha,GANJAM,1998,Summer,Urad,450,52,0.115555556
Odisha,GANJAM,1998,Summer,Wheat,1,2,2
Odisha,GANJAM,1998,Winter,Groundnut,152,253,1.664473684
Odisha,GANJAM,1998,Winter,Horse-gram,3485,634,0.181922525
Odisha,GANJAM,1998,Winter,Moong(Green Gram),51071,8580,0.16800141
Odisha,GANJAM,1998,Winter,Potato,163,1516,9.300613497
Odisha,GANJAM,1998,Winter,Ragi,50,37,0.74
Odisha,GANJAM,1998,Winter,Rapeseed &Mustard,76,6,0.078947368
Odisha,GANJAM,1998,Winter,Rice,265872,464180,1.745877716
Odisha,GANJAM,1998,Winter,Sesamum,276,35,0.126811594
Odisha,GANJAM,1998,Winter,Sugarcane,2465,231745,94.01419878
Odisha,GANJAM,1998,Winter,Urad,11394,1903,0.167017729
Odisha,GANJAM,1999,Autumn,Rice,2000,3000,1.5
Odisha,GANJAM,1999,Kharif,Arhar/Tur,7950,2460,0.309433962
Odisha,GANJAM,1999,Kharif,Bajra,410,260,0.634146341
Odisha,GANJAM,1999,Kharif,Castor seed,1690,690,0.408284024
Odisha,GANJAM,1999,Kharif,Cotton(lint),2440,1690,0.692622951
Odisha,GANJAM,1999,Kharif,Dry chillies,1590,1050,0.660377358
Odisha,GANJAM,1999,Kharif,Dry ginger,170,230,1.352941176
Odisha,GANJAM,1999,Kharif,Groundnut,7270,3170,0.436038514
Odisha,GANJAM,1999,Kharif,Jowar,590,380,0.644067797
Odisha,GANJAM,1999,Kharif,Maize,8240,9270,1.125
Odisha,GANJAM,1999,Kharif,Mesta,1580,3370,2.132911392
Odisha,GANJAM,1999,Kharif,Moong(Green Gram),2660,750,0.281954887
Odisha,GANJAM,1999,Kharif,Niger seed,100,30,0.3
Odisha,GANJAM,1999,Kharif,Ragi,43150,35430,0.821089224
Odisha,GANJAM,1999,Kharif,Sesamum,14340,4420,0.308228731
Odisha,GANJAM,1999,Kharif,Small millets,1850,1100,0.594594595
Odisha,GANJAM,1999,Kharif,Sunflower,30,10,0.333333333
Odisha,GANJAM,1999,Kharif,Sweet potato,1770,13270,7.497175141
Odisha,GANJAM,1999,Kharif,Turmeric,90,170,1.888888889
Odisha,GANJAM,1999,Kharif,Urad,15120,4280,0.283068783
Odisha,GANJAM,1999,Rabi,Castor seed,470,260,0.553191489
Odisha,GANJAM,1999,Rabi,Coriander,530,230,0.433962264
Odisha,GANJAM,1999,Rabi,Dry chillies,3310,3330,1.006042296
Odisha,GANJAM,1999,Rabi,Garlic,280,810,2.892857143
Odisha,GANJAM,1999,Rabi,Gram,210,120,0.571428571
Odisha,GANJAM,1999,Rabi,Groundnut,9160,16290,1.778384279
Odisha,GANJAM,1999,Rabi,Horse-gram,23350,9180,0.393147752
Odisha,GANJAM,1999,Rabi,Linseed,220,90,0.409090909
Odisha,GANJAM,1999,Rabi,Maize,510,700,1.37254902
Odisha,GANJAM,1999,Rabi,Moong(Green Gram),122710,50190,0.40901312
Odisha,GANJAM,1999,Rabi,Niger seed,600,240,0.4
Odisha,GANJAM,1999,Rabi,Ragi,4420,4800,1.085972851
Odisha,GANJAM,1999,Rabi,Rapeseed &Mustard,1560,730,0.467948718
Odisha,GANJAM,1999,Rabi,Sesamum,15840,6800,0.429292929
Odisha,GANJAM,1999,Rabi,Sunflower,1030,530,0.514563107
Odisha,GANJAM,1999,Rabi,Sweet potato,690,3660,5.304347826
Odisha,GANJAM,1999,Rabi,Urad,34170,15550,0.455077553
Odisha,GANJAM,1999,Rabi,Wheat,180,350,1.944444444
Odisha,GANJAM,1999,Summer,Rice,1780,3010,1.691011236
Odisha,GANJAM,1999,Whole Year,Onion,1900,14440,7.6
Odisha,GANJAM,1999,Whole Year,Potato,230,1730,7.52173913
Odisha,GANJAM,1999,Whole Year,Sannhamp,2520,4910,1.948412698
Odisha,GANJAM,1999,Winter,Rice,267000,199000,0.745318352
Odisha,GANJAM,1999,Winter,Sugarcane,3510,190140,54.17094017
Odisha,GANJAM,2000,Autumn,Rice,2800,3430,1.225
Odisha,GANJAM,2000,Kharif,Arhar/Tur,9690,8140,0.84004128
Odisha,GANJAM,2000,Kharif,Bajra,560,350,0.625
Odisha,GANJAM,2000,Kharif,Castor seed,1390,820,0.589928058
Odisha,GANJAM,2000,Kharif,Cotton(lint),2440,3590,1.471311475
Odisha,GANJAM,2000,Kharif,Dry ginger,620,1270,2.048387097
Odisha,GANJAM,2000,Kharif,Groundnut,6083,6126.5,1.007151077
Odisha,GANJAM,2000,Kharif,Horse-gram,2010,373.9,0.1860199
Odisha,GANJAM,2000,Kharif,Jowar,560,340,0.607142857
Odisha,GANJAM,2000,Kharif,Maize,642,719.3,1.120404984
Odisha,GANJAM,2000,Kharif,Mesta,1530,4920,3.215686275
Odisha,GANJAM,2000,Kharif,Moong(Green Gram),36166,5512.1,0.152411104
Odisha,GANJAM,2000,Kharif,Niger seed,170,80,0.470588235
Odisha,GANJAM,2000,Kharif,Ragi,7409,6433.9,0.868389796
Odisha,GANJAM,2000,Kharif,Sesamum,811,111.3,0.137237978
Odisha,GANJAM,2000,Kharif,Small millets,1720,950,0.552325581
Odisha,GANJAM,2000,Kharif,Sunflower,20,10,0.5
Odisha,GANJAM,2000,Kharif,Urad,5613,989.5,0.17628719
Odisha,GANJAM,2000,Rabi,Castor seed,250,150,0.6
Odisha,GANJAM,2000,Rabi,Gram,110,70,0.636363636
Odisha,GANJAM,2000,Rabi,Linseed,110,50,0.454545455
Odisha,GANJAM,2000,Rabi,Niger seed,380,190,0.5
Odisha,GANJAM,2000,Rabi,Other  Rabi pulses,145,82,0.565517241
Odisha,GANJAM,2000,Rabi,Rapeseed &Mustard,40,3.9,0.0975
Odisha,GANJAM,2000,Rabi,Sunflower,290,180,0.620689655
Odisha,GANJAM,2000,Summer,Rice,1380,1790,1.297101449
Odisha,GANJAM,2000,Whole Year,Coriander,270,130,0.481481481
Odisha,GANJAM,2000,Whole Year,Dry chillies,4350,3790,0.871264368
Odisha,GANJAM,2000,Whole Year,Garlic,150,460,3.066666667
Odisha,GANJAM,2000,Whole Year,Onion,810,5270,6.50617284
Odisha,GANJAM,2000,Whole Year,Potato,194,1637,8.43814433
Odisha,GANJAM,2000,Whole Year,Sannhamp,2670,9350,3.501872659
Odisha,GANJAM,2000,Whole Year,Sugarcane,2464,165964.3,67.35564123
Odisha,GANJAM,2000,Whole Year,Sweet potato,2820,20860,7.397163121
Odisha,GANJAM,2000,Whole Year,Turmeric,1800,4320,2.4
Odisha,GANJAM,2000,Winter,Rice,273140,330390,1.209599473
Odisha,GANJAM,2001,Kharif,Arhar/Tur,11620,8600,0.74010327
Odisha,GANJAM,2001,Kharif,Bajra,430,300,0.697674419
Odisha,GANJAM,2001,Kharif,Castor seed,1410,780,0.553191489
Odisha,GANJAM,2001,Kharif,Dry ginger,780,1600,2.051282051
Odisha,GANJAM,2001,Kharif,Groundnut,3736,4041.9,1.081879015
Odisha,GANJAM,2001,Kharif,Horse-gram,2746,609.7,0.222032047
Odisha,GANJAM,2001,Kharif,Jowar,560,340,0.607142857
Odisha,GANJAM,2001,Kharif,Maize,761,906.7,1.191458607
Odisha,GANJAM,2001,Kharif,Moong(Green Gram),57675,13634.4,0.23640052
Odisha,GANJAM,2001,Kharif,Niger seed,60,30,0.5
Odisha,GANJAM,2001,Kharif,Ragi,4501,3945.8,0.876649633
Odisha,GANJAM,2001,Kharif,Rice,290000,632000,2.179310345
Odisha,GANJAM,2001,Kharif,Sesamum,2330,510.7,0.219184549
Odisha,GANJAM,2001,Kharif,Small millets,1790,980,0.547486034
Odisha,GANJAM,2001,Kharif,Sunflower,20,10,0.5
Odisha,GANJAM,2001,Kharif,Urad,9511,2250.4,0.236610241
Odisha,GANJAM,2001,Rabi,Castor seed,330,200,0.606060606
Odisha,GANJAM,2001,Rabi,Gram,120,80,0.666666667
Odisha,GANJAM,2001,Rabi,Linseed,160,70,0.4375
Odisha,GANJAM,2001,Rabi,Niger seed,660,330,0.5
Odisha,GANJAM,2001,Rabi,Other  Rabi pulses,2230,1350,0.605381166
Odisha,GANJAM,2001,Rabi,Rapeseed &Mustard,45,3,0.066666667
Odisha,GANJAM,2001,Rabi,Safflower,20,10,0.5
Odisha,GANJAM,2001,Rabi,Sunflower,720,510,0.708333333
Odisha,GANJAM,2001,Rabi,Wheat,1,0.3,0.3
Odisha,GANJAM,2001,Whole Year,Coriander,280,140,0.5
Odisha,GANJAM,2001,Whole Year,Dry chillies,4650,4040,0.868817204
Odisha,GANJAM,2001,Whole Year,Garlic,190,610,3.210526316
Odisha,GANJAM,2001,Whole Year,Onion,820,6220,7.585365854
Odisha,GANJAM,2001,Whole Year,Potato,138,1340.4,9.713043478
Odisha,GANJAM,2001,Whole Year,Sugarcane,1506,116490.6,77.35099602
Odisha,GANJAM,2001,Whole Year,Sweet potato,2850,23690,8.312280702
Odisha,GANJAM,2001,Whole Year,Turmeric,1940,4660,2.402061856
Odisha,GANJAM,2002,Kharif,Arhar/Tur,9150,5780,0.631693989
Odisha,GANJAM,2002,Kharif,Bajra,370,180,0.486486486
Odisha,GANJAM,2002,Kharif,Castor seed,1160,440,0.379310345
Odisha,GANJAM,2002,Kharif,Dry ginger,90,190,2.111111111
Odisha,GANJAM,2002,Kharif,Groundnut,3803,4202.1,1.104943466
Odisha,GANJAM,2002,Kharif,Horse-gram,1753,257.7,0.147005134
Odisha,GANJAM,2002,Kharif,Jowar,630,320,0.507936508
Odisha,GANJAM,2002,Kharif,Maize,572,607.7,1.062412587
Odisha,GANJAM,2002,Kharif,Moong(Green Gram),35020,5525.8,0.157789834
Odisha,GANJAM,2002,Kharif,Niger seed,120,40,0.333333333
Odisha,GANJAM,2002,Kharif,Ragi,4625,3670.9,0.793708108
Odisha,GANJAM,2002,Kharif,Rice,254000,222000,0.874015748
Odisha,GANJAM,2002,Kharif,Sesamum,3923,576.1,0.146851899
Odisha,GANJAM,2002,Kharif,Small millets,1410,640,0.453900709
Odisha,GANJAM,2002,Kharif,Urad,6789,1207.3,0.177831787
Odisha,GANJAM,2002,Rabi,Castor seed,70,40,0.571428571
Odisha,GANJAM,2002,Rabi,Gram,70,40,0.571428571
Odisha,GANJAM,2002,Rabi,Linseed,110,60,0.545454545
Odisha,GANJAM,2002,Rabi,Niger seed,340,150,0.441176471
Odisha,GANJAM,2002,Rabi,Other  Rabi pulses,1430,800,0.559440559
Odisha,GANJAM,2002,Rabi,Rapeseed &Mustard,31,0.9,0.029032258
Odisha,GANJAM,2002,Rabi,Sunflower,160,110,0.6875
Odisha,GANJAM,2002,Whole Year,Coriander,300,150,0.5
Odisha,GANJAM,2002,Whole Year,Dry chillies,5000,4400,0.88
Odisha,GANJAM,2002,Whole Year,Garlic,200,640,3.2
Odisha,GANJAM,2002,Whole Year,Onion,900,6830,7.588888889
Odisha,GANJAM,2002,Whole Year,Potato,196,1296.9,6.616836735
Odisha,GANJAM,2002,Whole Year,Sugarcane,1339,85007.8,63.48603435
Odisha,GANJAM,2002,Whole Year,Sweet potato,8670,71980,8.302191465
Odisha,GANJAM,2002,Whole Year,Turmeric,130,310,2.384615385
Odisha,GANJAM,2003,Kharif,Arhar/Tur,11260,6820,0.605683837
Odisha,GANJAM,2003,Kharif,Bajra,330,200,0.606060606
Odisha,GANJAM,2003,Kharif,Castor seed,1320,670,0.507575758
Odisha,GANJAM,2003,Kharif,Dry ginger,120,250,2.083333333
Odisha,GANJAM,2003,Kharif,Groundnut,4121,5607.6,1.360737685
Odisha,GANJAM,2003,Kharif,Horse-gram,2493,510.6,0.204813478
Odisha,GANJAM,2003,Kharif,Jowar,360,220,0.611111111
Odisha,GANJAM,2003,Kharif,Maize,673,774.1,1.150222883
Odisha,GANJAM,2003,Kharif,Moong(Green Gram),56336,12731.9,0.225999361
Odisha,GANJAM,2003,Kharif,Other Kharif pulses,1050,530,0.504761905
Odisha,GANJAM,2003,Kharif,Ragi,4882,4166.5,0.853441213
Odisha,GANJAM,2003,Kharif,Rice,289000,447000,1.546712803
Odisha,GANJAM,2003,Kharif,Sesamum,3013,484.4,0.160769997
Odisha,GANJAM,2003,Kharif,Small millets,1480,810,0.547297297
Odisha,GANJAM,2003,Kharif,Urad,8991,1890.3,0.210243577
Odisha,GANJAM,2003,Rabi,Castor seed,200,100,0.5
Odisha,GANJAM,2003,Rabi,Gram,200,130,0.65
Odisha,GANJAM,2003,Rabi,Linseed,110,40,0.363636364
Odisha,GANJAM,2003,Rabi,Niger seed,460,230,0.5
Odisha,GANJAM,2003,Rabi,Other  Rabi pulses,2310,1420,0.614718615
Odisha,GANJAM,2003,Rabi,Rapeseed &Mustard,39,4.4,0.112820513
Odisha,GANJAM,2003,Rabi,Sunflower,160,100,0.625
Odisha,GANJAM,2003,Whole Year,Coriander,310,150,0.483870968
Odisha,GANJAM,2003,Whole Year,Dry chillies,4550,4000,0.879120879
Odisha,GANJAM,2003,Whole Year,Garlic,210,670,3.19047619
Odisha,GANJAM,2003,Whole Year,Onion,930,7010,7.537634409
Odisha,GANJAM,2003,Whole Year,Potato,192,1619.5,8.434895833
Odisha,GANJAM,2003,Whole Year,Sugarcane,1858,136288,73.35199139
Odisha,GANJAM,2003,Whole Year,Sweet potato,8740,73740,8.437070938
Odisha,GANJAM,2003,Whole Year,Turmeric,130,310,2.384615385
Odisha,GANJAM,2004,Autumn,Groundnut,1856,1779.9,0.958997845
Odisha,GANJAM,2004,Autumn,Maize,1350,1529.1,1.132666667
Odisha,GANJAM,2004,Autumn,Moong(Green Gram),8,0.7,0.0875
Odisha,GANJAM,2004,Autumn,Ragi,4281,3651.7,0.853001635
Odisha,GANJAM,2004,Autumn,Rice,1000,2000,2
Odisha,GANJAM,2004,Autumn,Sesamum,1,,
Odisha,GANJAM,2004,Autumn,Urad,292,39.4,0.134931507
Odisha,GANJAM,2004,Kharif,Bajra,271,167,0.616236162
Odisha,GANJAM,2004,Kharif,Castor seed,1267,790,0.623520126
Odisha,GANJAM,2004,Kharif,Dry ginger,113,233,2.061946903
Odisha,GANJAM,2004,Kharif,Jowar,321,198,0.61682243
Odisha,GANJAM,2004,Kharif,Small millets,1331,699,0.525169046
Odisha,GANJAM,2004,Rabi,Castor seed,197,120,0.609137056
Odisha,GANJAM,2004,Rabi,Gram,292,184,0.630136986
Odisha,GANJAM,2004,Rabi,Linseed,160,80,0.5
Odisha,GANJAM,2004,Rabi,Niger seed,286,115,0.402097902
Odisha,GANJAM,2004,Rabi,Other  Rabi pulses,2182,1504,0.689275894
Odisha,GANJAM,2004,Rabi,Safflower,5,3,0.6
Odisha,GANJAM,2004,Rabi,Sunflower,274,206,0.751824818
Odisha,GANJAM,2004,Summer,Groundnut,3475,4840.7,1.393007194
Odisha,GANJAM,2004,Summer,Horse-gram,17,4.3,0.252941176
Odisha,GANJAM,2004,Summer,Maize,5,5,1
Odisha,GANJAM,2004,Summer,Moong(Green Gram),81,13.1,0.161728395
Odisha,GANJAM,2004,Summer,Ragi,123,108.4,0.881300813
Odisha,GANJAM,2004,Summer,Rice,1000,2000,2
Odisha,GANJAM,2004,Summer,Sesamum,3032,600.3,0.197988127
Odisha,GANJAM,2004,Summer,Urad,17,3.7,0.217647059
Odisha,GANJAM,2004,Whole Year,Coriander,410,202,0.492682927
Odisha,GANJAM,2004,Whole Year,Dry chillies,4267,3750,0.878837591
Odisha,GANJAM,2004,Whole Year,Garlic,198,634,3.202020202
Odisha,GANJAM,2004,Whole Year,Onion,928,7020,7.564655172
Odisha,GANJAM,2004,Whole Year,Sweet potato,8534,71963,8.432505273
Odisha,GANJAM,2004,Whole Year,Turmeric,134,322,2.402985075
Odisha,GANJAM,2004,Winter,Groundnut,51,59.9,1.174509804
Odisha,GANJAM,2004,Winter,Horse-gram,1884,354.2,0.188004246
Odisha,GANJAM,2004,Winter,Moong(Green Gram),43030,9122.4,0.21200093
Odisha,GANJAM,2004,Winter,Potato,173,1179.2,6.816184971
Odisha,GANJAM,2004,Winter,Ragi,42,32.9,0.783333333
Odisha,GANJAM,2004,Winter,Rapeseed &Mustard,29,2.7,0.093103448
Odisha,GANJAM,2004,Winter,Rice,257000,380000,1.478599222
Odisha,GANJAM,2004,Winter,Sesamum,328,39.7,0.121036585
Odisha,GANJAM,2004,Winter,Sugarcane,2580,199434,77.3
Odisha,GANJAM,2004,Winter,Urad,6851,1411.3,0.205999124
Odisha,GANJAM,2005,Autumn,Groundnut,2484,2471.6,0.995008052
Odisha,GANJAM,2005,Autumn,Maize,638,812,1.272727273
Odisha,GANJAM,2005,Autumn,Moong(Green Gram),12,3.2,0.266666667
Odisha,GANJAM,2005,Autumn,Ragi,5043,4215.9,0.835990482
Odisha,GANJAM,2005,Autumn,Rice,1000,1000,1
Odisha,GANJAM,2005,Autumn,Sesamum,4,0.7,0.175
Odisha,GANJAM,2005,Autumn,Urad,413,70.2,0.169975787
Odisha,GANJAM,2005,Summer,Groundnut,4965,7447.5,1.5
Odisha,GANJAM,2005,Summer,Horse-gram,4,1.4,0.35
Odisha,GANJAM,2005,Summer,Maize,4,4.5,1.125
Odisha,GANJAM,2005,Summer,Moong(Green Gram),423,143.8,0.339952719
Odisha,GANJAM,2005,Summer,Ragi,131,116.5,0.889312977
Odisha,GANJAM,2005,Summer,Rice,1000,1000,1
Odisha,GANJAM,2005,Summer,Sesamum,4400,1038.4,0.236
Odisha,GANJAM,2005,Summer,Urad,187,59.5,0.318181818
Odisha,GANJAM,2005,Winter,Groundnut,22,26.6,1.209090909
Odisha,GANJAM,2005,Winter,Horse-gram,2933,566.1,0.193010569
Odisha,GANJAM,2005,Winter,Moong(Green Gram),52618,9576.5,0.182000456
Odisha,GANJAM,2005,Winter,Potato,131,1105.1,8.435877863
Odisha,GANJAM,2005,Winter,Ragi,139,132.2,0.951079137
Odisha,GANJAM,2005,Winter,Rapeseed &Mustard,161,15,0.093167702
Odisha,GANJAM,2005,Winter,Rice,246000,337000,1.369918699
Odisha,GANJAM,2005,Winter,Sesamum,423,69.4,0.164066194
Odisha,GANJAM,2005,Winter,Sugarcane,1924,151095.6,78.53201663
Odisha,GANJAM,2005,Winter,Urad,7084,1225.5,0.172995483
Odisha,GANJAM,2006,Autumn,Groundnut,2034,2345.2,1.152999017
Odisha,GANJAM,2006,Autumn,Maize,1006,1355.4,1.347316103
Odisha,GANJAM,2006,Autumn,Moong(Green Gram),84,8.5,0.101190476
Odisha,GANJAM,2006,Autumn,Ragi,3939,3513.6,0.892003046
Odisha,GANJAM,2006,Autumn,Rice,1000,2000,2
Odisha,GANJAM,2006,Autumn,Sesamum,6,0.6,0.1
Odisha,GANJAM,2006,Autumn,Urad,179,28.3,0.158100559
Odisha,GANJAM,2006,Summer,Groundnut,3537,4849.2,1.370992366
Odisha,GANJAM,2006,Summer,Maize,7,21.3,3.042857143
Odisha,GANJAM,2006,Summer,Moong(Green Gram),54,16.3,0.301851852
Odisha,GANJAM,2006,Summer,Ragi,107,96.5,0.901869159
Odisha,GANJAM,2006,Summer,Sesamum,3262,596.9,0.182985898
Odisha,GANJAM,2006,Summer,Urad,16,5.5,0.34375
Odisha,GANJAM,2006,Winter,Groundnut,155,179.6,1.158709677
Odisha,GANJAM,2006,Winter,Horse-gram,1999,391.8,0.195997999
Odisha,GANJAM,2006,Winter,Moong(Green Gram),45308,9061.6,0.2
Odisha,GANJAM,2006,Winter,Potato,96,808.3,8.419791667
Odisha,GANJAM,2006,Winter,Ragi,62,59.9,0.966129032
Odisha,GANJAM,2006,Winter,Rapeseed &Mustard,192,17.9,0.093229167
Odisha,GANJAM,2006,Winter,Rice,273000,569000,2.084249084
Odisha,GANJAM,2006,Winter,Sesamum,394,47.7,0.12106599
Odisha,GANJAM,2006,Winter,Sugarcane,1618,132742.3,82.04097651
Odisha,GANJAM,2006,Winter,Urad,5552,1082.6,0.194992795
Odisha,GANJAM,2007,Autumn,Groundnut,1368,1430.9,1.045979532
Odisha,GANJAM,2007,Autumn,Maize,853,1190.4,1.395545135
Odisha,GANJAM,2007,Autumn,Moong(Green Gram),154,22.2,0.144155844
Odisha,GANJAM,2007,Autumn,Ragi,3750,3510,0.936
Odisha,GANJAM,2007,Autumn,Rice,1000,2000,2
Odisha,GANJAM,2007,Autumn,Sesamum,13,5,0.384615385
Odisha,GANJAM,2007,Autumn,Urad,490,78.9,0.161020408
Odisha,GANJAM,2007,Summer,Groundnut,3694,5493,1.487005956
Odisha,GANJAM,2007,Summer,Horse-gram,20,3,0.15
Odisha,GANJAM,2007,Summer,Maize,8,13.7,1.7125
Odisha,GANJAM,2007,Summer,Moong(Green Gram),43,20.9,0.486046512
Odisha,GANJAM,2007,Summer,Ragi,178,184.2,1.034831461
Odisha,GANJAM,2007,Summer,Rice,1000,1000,1
Odisha,GANJAM,2007,Summer,Sesamum,4158,731.8,0.175998076
Odisha,GANJAM,2007,Summer,Urad,6,2.1,0.35
Odisha,GANJAM,2007,Summer,Wheat,4,8.4,2.1
Odisha,GANJAM,2007,Winter,Groundnut,253,359.3,1.420158103
Odisha,GANJAM,2007,Winter,Horse-gram,2390,492.3,0.205983264
Odisha,GANJAM,2007,Winter,Maize,1,0.7,0.7
Odisha,GANJAM,2007,Winter,Moong(Green Gram),44542,9264.7,0.207999192
Odisha,GANJAM,2007,Winter,Potato,168,1389.5,8.270833333
Odisha,GANJAM,2007,Winter,Ragi,49,45.7,0.932653061
Odisha,GANJAM,2007,Winter,Rapeseed &Mustard,15,1.6,0.106666667
Odisha,GANJAM,2007,Winter,Rice,271000,609000,2.247232472
Odisha,GANJAM,2007,Winter,Sesamum,147,17.5,0.119047619
Odisha,GANJAM,2007,Winter,Sugarcane,1967,155373.3,78.98998475
Odisha,GANJAM,2007,Winter,Urad,7898,1603.3,0.20300076
Odisha,GANJAM,2008,Autumn,Groundnut,1327,1486.2,1.119969857
Odisha,GANJAM,2008,Autumn,Maize,453,605.1,1.335761589
Odisha,GANJAM,2008,Autumn,Moong(Green Gram),8,0.7,0.0875
Odisha,GANJAM,2008,Autumn,Ragi,3815,3685.3,0.966002621
Odisha,GANJAM,2008,Autumn,Rice,3000,4000,1.333333333
Odisha,GANJAM,2008,Autumn,Sesamum,5,0.6,0.12
Odisha,GANJAM,2008,Autumn,Urad,425,80.3,0.188941176
Odisha,GANJAM,2008,Summer,Groundnut,2800,3936.8,1.406
Odisha,GANJAM,2008,Summer,Horse-gram,2,0.6,0.3
Odisha,GANJAM,2008,Summer,Maize,5,6.8,1.36
Odisha,GANJAM,2008,Summer,Moong(Green Gram),38,7.8,0.205263158
Odisha,GANJAM,2008,Summer,Ragi,130,115.8,0.890769231
Odisha,GANJAM,2008,Summer,Sesamum,1643,305.6,0.186001217
Odisha,GANJAM,2008,Summer,Urad,4,1,0.25
Odisha,GANJAM,2008,Winter,Groundnut,99,131.2,1.325252525
Odisha,GANJAM,2008,Winter,Horse-gram,2534,577.8,0.228018942
Odisha,GANJAM,2008,Winter,Maize,1,0.7,0.7
Odisha,GANJAM,2008,Winter,Moong(Green Gram),47539,10553.7,0.222000883
Odisha,GANJAM,2008,Winter,Potato,150,1323.6,8.824
Odisha,GANJAM,2008,Winter,Ragi,19,23.5,1.236842105
Odisha,GANJAM,2008,Winter,Rapeseed &Mustard,73,7,0.095890411
Odisha,GANJAM,2008,Winter,Rice,273000,463000,1.695970696
Odisha,GANJAM,2008,Winter,Sesamum,103,11.8,0.114563107
Odisha,GANJAM,2008,Winter,Sugarcane,1738,125674.8,72.31001151
Odisha,GANJAM,2008,Winter,Urad,9240,2134.4,0.230995671
Odisha,GANJAM,2009,Autumn,Groundnut,1010,1219.1,1.207029703
Odisha,GANJAM,2009,Autumn,Maize,1063,1597.5,1.502822201
Odisha,GANJAM,2009,Autumn,Moong(Green Gram),158,22,0.139240506
Odisha,GANJAM,2009,Autumn,Ragi,3528,3503.3,0.992998866
Odisha,GANJAM,2009,Autumn,Rice,1000,2000,2
Odisha,GANJAM,2009,Autumn,Sesamum,16,2,0.125
Odisha,GANJAM,2009,Autumn,Urad,309,70.1,0.226860841
Odisha,GANJAM,2009,Summer,Groundnut,2061,3099.7,1.503978651
Odisha,GANJAM,2009,Summer,Maize,9,12.2,1.355555556
Odisha,GANJAM,2009,Summer,Moong(Green Gram),11,3.7,0.336363636
Odisha,GANJAM,2009,Summer,Ragi,71,73.1,1.029577465
Odisha,GANJAM,2009,Summer,Rice,1000,3000,3
Odisha,GANJAM,2009,Summer,Sesamum,3248,620.4,0.191009852
Odisha,GANJAM,2009,Summer,Urad,8,2,0.25
Odisha,GANJAM,2009,Winter,Groundnut,102,170.9,1.675490196
Odisha,GANJAM,2009,Winter,Horse-gram,3311,781.4,0.236001208
Odisha,GANJAM,2009,Winter,Moong(Green Gram),65836,14418.1,0.219000243
Odisha,GANJAM,2009,Winter,Potato,116,1171.8,10.10172414
Odisha,GANJAM,2009,Winter,Ragi,10,12.8,1.28
Odisha,GANJAM,2009,Winter,Rapeseed &Mustard,10,1.1,0.11
Odisha,GANJAM,2009,Winter,Rice,276000,558000,2.02173913
Odisha,GANJAM,2009,Winter,Sesamum,128,23.7,0.18515625
Odisha,GANJAM,2009,Winter,Sugarcane,513,35778.2,69.74307992
Odisha,GANJAM,2009,Winter,Urad,6808,1463.7,0.214997062
Odisha,GANJAM,2010,Autumn,Groundnut,2048,2271.2,1.108984375
Odisha,GANJAM,2010,Autumn,Maize,917,1450.5,1.581788441
Odisha,GANJAM,2010,Autumn,Moong(Green Gram),6,0.9,0.15
Odisha,GANJAM,2010,Autumn,Ragi,4258,4219.7,0.991005167
Odisha,GANJAM,2010,Autumn,Rice,1000,2000,2
Odisha,GANJAM,2010,Autumn,Sesamum,29,7.7,0.265517241
Odisha,GANJAM,2010,Autumn,Urad,185,43.1,0.232972973
Odisha,GANJAM,2010,Summer,Groundnut,1692,2517.7,1.488002364
Odisha,GANJAM,2010,Summer,Horse-gram,12,0.9,0.075
Odisha,GANJAM,2010,Summer,Maize,7,14.6,2.085714286
Odisha,GANJAM,2010,Summer,Moong(Green Gram),185,50,0.27027027
Odisha,GANJAM,2010,Summer,Ragi,68,68.1,1.001470588
Odisha,GANJAM,2010,Summer,Rice,2000,2000,1
Odisha,GANJAM,2010,Summer,Sesamum,2448,472.5,0.193014706
Odisha,GANJAM,2010,Summer,Urad,16,5.4,0.3375
Odisha,GANJAM,2010,Winter,Groundnut,20,29.1,1.455
Odisha,GANJAM,2010,Winter,Horse-gram,2884,663.3,0.229993065
Odisha,GANJAM,2010,Winter,Maize,4,1.6,0.4
Odisha,GANJAM,2010,Winter,Moong(Green Gram),45127,9566.9,0.211999468
Odisha,GANJAM,2010,Winter,Potato,63,485.7,7.70952381
Odisha,GANJAM,2010,Winter,Ragi,14,18.6,1.328571429
Odisha,GANJAM,2010,Winter,Rapeseed &Mustard,23,2.4,0.104347826
Odisha,GANJAM,2010,Winter,Rice,271000,428000,1.579335793
Odisha,GANJAM,2010,Winter,Sesamum,205,18.5,0.090243902
Odisha,GANJAM,2010,Winter,Sugarcane,1696,115921.6,68.35
Odisha,GANJAM,2010,Winter,Urad,5329,980.5,0.183993245
Odisha,GANJAM,2011,Autumn,Groundnut,928,1029.2,1.109051724
Odisha,GANJAM,2011,Autumn,Maize,1278,2342.6,1.833020344
Odisha,GANJAM,2011,Autumn,Ragi,2816,2466.8,0.875994318
Odisha,GANJAM,2011,Autumn,Rice,1000,1000,1
Odisha,GANJAM,2011,Autumn,Sesamum,69,12,0.173913043
Odisha,GANJAM,2011,Autumn,Urad,62,11,0.177419355
Odisha,GANJAM,2011,Summer,Groundnut,952,1337.6,1.405042017
Odisha,GANJAM,2011,Summer,Maize,7,29.7,4.242857143
Odisha,GANJAM,2011,Summer,Moong(Green Gram),40,11.4,0.285
Odisha,GANJAM,2011,Summer,Ragi,6,4.7,0.783333333
Odisha,GANJAM,2011,Summer,Sesamum,1039,186,0.179018287
Odisha,GANJAM,2011,Winter,Groundnut,100,161.4,1.614
Odisha,GANJAM,2011,Winter,Horse-gram,886,176.3,0.198984199
Odisha,GANJAM,2011,Winter,Maize,7,11.4,1.628571429
Odisha,GANJAM,2011,Winter,Moong(Green Gram),22349,4693.3,0.210000447
Odisha,GANJAM,2011,Winter,Potato,44,352.1,8.002272727
Odisha,GANJAM,2011,Winter,Rapeseed &Mustard,8,1.3,0.1625
Odisha,GANJAM,2011,Winter,Rice,261000,152000,0.582375479
Odisha,GANJAM,2011,Winter,Sesamum,33,3.5,0.106060606
Odisha,GANJAM,2011,Winter,Sugarcane,1733,129839.8,74.921985
Odisha,GANJAM,2011,Winter,Urad,2932,689,0.234993179
Odisha,GANJAM,2012,Autumn,Groundnut,1173,1310.2,1.116965047
Odisha,GANJAM,2012,Autumn,Maize,1009,1725.5,1.710109019
Odisha,GANJAM,2012,Autumn,Moong(Green Gram),1,0.2,0.2
Odisha,GANJAM,2012,Autumn,Ragi,1927,1817.2,0.943020239
Odisha,GANJAM,2012,Autumn,Rice,1000,1000,1
Odisha,GANJAM,2012,Autumn,Sesamum,6,1,0.166666667
Odisha,GANJAM,2012,Autumn,Urad,133,24.2,0.181954887
Odisha,GANJAM,2012,Summer,Groundnut,783,1172.9,1.497956577
Odisha,GANJAM,2012,Summer,Moong(Green Gram),2,0.5,0.25
Odisha,GANJAM,2012,Summer,Ragi,13,15.5,1.192307692
Odisha,GANJAM,2012,Summer,Rice,458000,,
Odisha,GANJAM,2012,Summer,Sesamum,384,72.6,0.1890625
Odisha,GANJAM,2012,Winter,Groundnut,309,481.7,1.558899676
Odisha,GANJAM,2012,Winter,Horse-gram,1015,229.4,0.226009852
Odisha,GANJAM,2012,Winter,Maize,1,1.6,1.6
Odisha,GANJAM,2012,Winter,Moong(Green Gram),44027,9774,0.222000136
Odisha,GANJAM,2012,Winter,Potato,17,167.7,9.864705882
Odisha,GANJAM,2012,Winter,Ragi,10,12.2,1.22
Odisha,GANJAM,2012,Winter,Rapeseed &Mustard,26,4.1,0.157692308
Odisha,GANJAM,2012,Winter,Rice,255000,457000,1.792156863
Odisha,GANJAM,2012,Winter,Sesamum,65,7.9,0.121538462
Odisha,GANJAM,2012,Winter,Sugarcane,1441,102256.2,70.96197085
Odisha,GANJAM,2012,Winter,Urad,6832,1414.2,0.206996487
Odisha,GANJAM,2013,Autumn,Groundnut,960,673.9,0.701979167
Odisha,GANJAM,2013,Autumn,Maize,717,1284.3,1.791213389
Odisha,GANJAM,2013,Autumn,Moong(Green Gram),3,0.1,0.033333333
Odisha,GANJAM,2013,Autumn,Ragi,1761,1354.2,0.768994889
Odisha,GANJAM,2013,Autumn,Rice,1000,1000,1
Odisha,GANJAM,2013,Autumn,Urad,45,5.1,0.113333333
Odisha,GANJAM,2013,Summer,Groundnut,1790,2665.3,1.488994413
Odisha,GANJAM,2013,Summer,Maize,34,67.3,1.979411765
Odisha,GANJAM,2013,Summer,Moong(Green Gram),6,2.6,0.433333333
Odisha,GANJAM,2013,Summer,Ragi,36,38.5,1.069444444
Odisha,GANJAM,2013,Summer,Rice,1000,1000,1
Odisha,GANJAM,2013,Summer,Sesamum,1806,310.6,0.171982281
Odisha,GANJAM,2013,Winter,Groundnut,37,66.2,1.789189189
Odisha,GANJAM,2013,Winter,Horse-gram,943,253.7,0.269034995
Odisha,GANJAM,2013,Winter,Maize,9,13.9,1.544444444
Odisha,GANJAM,2013,Winter,Moong(Green Gram),39868,8970.3,0.225
Odisha,GANJAM,2013,Winter,Potato,30,313.8,10.46
Odisha,GANJAM,2013,Winter,Ragi,6,9,1.5
Odisha,GANJAM,2013,Winter,Rapeseed &Mustard,10,1,0.1
Odisha,GANJAM,2013,Winter,Rice,250000,90000,0.36
Odisha,GANJAM,2013,Winter,Sesamum,32,3.6,0.1125
Odisha,GANJAM,2013,Winter,Sugarcane,1704,48862.2,28.675
Odisha,GANJAM,2013,Winter,Urad,4833,1087.4,0.224994827
Odisha,GANJAM,2014,Autumn,Groundnut,1136,1305.3,1.14903169
Odisha,GANJAM,2014,Autumn,Maize,587,962.8,1.640204429
Odisha,GANJAM,2014,Autumn,Ragi,2041,1894,0.927976482
Odisha,GANJAM,2014,Autumn,Urad,80,15,0.1875
Odisha,GANJAM,2014,Summer,Groundnut,1080,1637.3,1.516018519
Odisha,GANJAM,2014,Summer,Maize,33,83.4,2.527272727
Odisha,GANJAM,2014,Summer,Moong(Green Gram),5,1.4,0.28
Odisha,GANJAM,2014,Summer,Ragi,109,102.2,0.937614679
Odisha,GANJAM,2014,Summer,Rice,1000,2000,2
Odisha,GANJAM,2014,Summer,Sesamum,906,145.9,0.161037528
Odisha,GANJAM,2014,Summer,Wheat,1,0.5,0.5
Odisha,GANJAM,2014,Winter,Groundnut,29,67.6,2.331034483
Odisha,GANJAM,2014,Winter,Horse-gram,993,282,0.283987915
Odisha,GANJAM,2014,Winter,Maize,1,4.6,4.6
Odisha,GANJAM,2014,Winter,Moong(Green Gram),45049,10766.7,0.238999756
Odisha,GANJAM,2014,Winter,Potato,270,3078,11.4
Odisha,GANJAM,2014,Winter,Rapeseed &Mustard,17,4.3,0.252941176
Odisha,GANJAM,2014,Winter,Rice,264000,715000,2.708333333
Odisha,GANJAM,2014,Winter,Sesamum,28,5.1,0.182142857
Odisha,GANJAM,2014,Winter,Sugarcane,773,59009.3,76.33803364
Odisha,GANJAM,2014,Winter,Urad,4973,1094.1,0.220008043
Odisha,GANJAM,2015,Autumn,Groundnut,594,776.4,1.307070707
Odisha,GANJAM,2015,Autumn,Maize,901,1784,1.980022198
Odisha,GANJAM,2015,Autumn,Ragi,1203,1140.4,0.947963425
Odisha,GANJAM,2015,Autumn,Sesamum,18,3.1,0.172222222
Odisha,GANJAM,2015,Autumn,Urad,61,14.3,0.23442623
Odisha,GANJAM,2015,Summer,Groundnut,1996,2882.2,1.443987976
Odisha,GANJAM,2015,Summer,Maize,29,75.9,2.617241379
Odisha,GANJAM,2015,Summer,Moong(Green Gram),7602,1421.6,0.18700342
Odisha,GANJAM,2015,Summer,Ragi,136,150.7,1.108088235
Odisha,GANJAM,2015,Summer,Sesamum,1850,294.2,0.159027027
Odisha,GANJAM,2015,Winter,Groundnut,114,203,1.780701754
Odisha,GANJAM,2015,Winter,Horse-gram,811,197.9,0.244019729
Odisha,GANJAM,2015,Winter,Maize,8,17.1,2.1375
Odisha,GANJAM,2015,Winter,Moong(Green Gram),41646,8953.9,0.21500024
Odisha,GANJAM,2015,Winter,Potato,64,791.2,12.3625
Odisha,GANJAM,2015,Winter,Ragi,29,42.1,1.451724138
Odisha,GANJAM,2015,Winter,Rapeseed &Mustard,124,23.1,0.186290323
Odisha,GANJAM,2015,Winter,Rice,242000,465000,1.921487603
Odisha,GANJAM,2015,Winter,Sesamum,34,4,0.117647059
Odisha,GANJAM,2015,Winter,Sugarcane,1073,81130.6,75.6109972
Odisha,GANJAM,2015,Winter,Urad,3682,795.3,0.215996741
Odisha,JAGATSINGHAPUR,1997,Autumn,Jute,110,120,1.090909091
Odisha,JAGATSINGHAPUR,1997,Autumn,Paddy,6304,7711,1.223191624
Odisha,JAGATSINGHAPUR,1997,Autumn,Ragi,4,1,0.25
Odisha,JAGATSINGHAPUR,1997,Summer,Arhar/Tur,16178,2718,0.168005934
Odisha,JAGATSINGHAPUR,1997,Summer,Groundnut,2524,3317,1.314183835
Odisha,JAGATSINGHAPUR,1997,Summer,Horse-gram,208,67,0.322115385
Odisha,JAGATSINGHAPUR,1997,Summer,Paddy,7099,14210,2.001690379
Odisha,JAGATSINGHAPUR,1997,Summer,Ragi,6,2,0.333333333
Odisha,JAGATSINGHAPUR,1997,Summer,Sesamum,96,34,0.354166667
Odisha,JAGATSINGHAPUR,1997,Summer,Urad,254,50,0.196850394
Odisha,JAGATSINGHAPUR,1997,Whole Year,Potato,393,4859,12.36386768
Odisha,JAGATSINGHAPUR,1997,Winter,Arhar/Tur,190,55,0.289473684
Odisha,JAGATSINGHAPUR,1997,Winter,Groundnut,41,7,0.170731707
Odisha,JAGATSINGHAPUR,1997,Winter,Horse-gram,2110,1002,0.474881517
Odisha,JAGATSINGHAPUR,1997,Winter,Paddy,94579,110378,1.167045539
Odisha,JAGATSINGHAPUR,1997,Winter,Sugarcane,380,18128,47.70526316
Odisha,JAGATSINGHAPUR,1997,Winter,Urad,4394,1687,0.383932635
Odisha,JAGATSINGHAPUR,1998,Autumn,Jute,16,111,6.9375
Odisha,JAGATSINGHAPUR,1998,Autumn,Ragi,1,,
Odisha,JAGATSINGHAPUR,1998,Autumn,Rice,5352,6637,1.24009716
Odisha,JAGATSINGHAPUR,1998,Summer,Groundnut,1144,963,0.841783217
Odisha,JAGATSINGHAPUR,1998,Summer,Horse-gram,46,8,0.173913043
Odisha,JAGATSINGHAPUR,1998,Summer,Moong(Green Gram),13442,4140,0.307989882
Odisha,JAGATSINGHAPUR,1998,Summer,Rice,6601,13578,2.056961067
Odisha,JAGATSINGHAPUR,1998,Summer,Sesamum,32,15,0.46875
Odisha,JAGATSINGHAPUR,1998,Summer,Urad,286,83,0.29020979
Odisha,JAGATSINGHAPUR,1998,Summer,Wheat,1,1,1
Odisha,JAGATSINGHAPUR,1998,Winter,Groundnut,12,12,1
Odisha,JAGATSINGHAPUR,1998,Winter,Horse-gram,1197,467,0.390142022
Odisha,JAGATSINGHAPUR,1998,Winter,Potato,506,7212,14.25296443
Odisha,JAGATSINGHAPUR,1998,Winter,Rapeseed &Mustard,80,9,0.1125
Odisha,JAGATSINGHAPUR,1998,Winter,Rice,96502,143888,1.491036455
Odisha,JAGATSINGHAPUR,1998,Winter,Sugarcane,402,21854,54.36318408
Odisha,JAGATSINGHAPUR,1998,Winter,Urad,2771,917,0.330927463
Odisha,JAGATSINGHAPUR,1999,Autumn,Rice,3000,3000,1
Odisha,JAGATSINGHAPUR,1999,Kharif,Arhar/Tur,230,190,0.826086957
Odisha,JAGATSINGHAPUR,1999,Kharif,Dry chillies,670,540,0.805970149
Odisha,JAGATSINGHAPUR,1999,Kharif,Dry ginger,220,390,1.772727273
Odisha,JAGATSINGHAPUR,1999,Kharif,Jute,90,500,5.555555556
Odisha,JAGATSINGHAPUR,1999,Kharif,Maize,420,610,1.452380952
Odisha,JAGATSINGHAPUR,1999,Kharif,Ragi,350,180,0.514285714
Odisha,JAGATSINGHAPUR,1999,Kharif,Sweet potato,410,3330,8.12195122
Odisha,JAGATSINGHAPUR,1999,Kharif,Turmeric,270,320,1.185185185
Odisha,JAGATSINGHAPUR,1999,Kharif,Urad,130,70,0.538461538
Odisha,JAGATSINGHAPUR,1999,Rabi,Castor seed,150,150,1
Odisha,JAGATSINGHAPUR,1999,Rabi,Coriander,210,110,0.523809524
Odisha,JAGATSINGHAPUR,1999,Rabi,Dry chillies,3790,3300,0.870712401
Odisha,JAGATSINGHAPUR,1999,Rabi,Garlic,380,1310,3.447368421
Odisha,JAGATSINGHAPUR,1999,Rabi,Groundnut,5760,10680,1.854166667
Odisha,JAGATSINGHAPUR,1999,Rabi,Horse-gram,4090,2030,0.496332518
Odisha,JAGATSINGHAPUR,1999,Rabi,Moong(Green Gram),17840,10440,0.585201794
Odisha,JAGATSINGHAPUR,1999,Rabi,Rapeseed &Mustard,3450,2070,0.6
Odisha,JAGATSINGHAPUR,1999,Rabi,Sesamum,90,70,0.777777778
Odisha,JAGATSINGHAPUR,1999,Rabi,Sunflower,130,130,1
Odisha,JAGATSINGHAPUR,1999,Rabi,Urad,13120,8340,0.635670732
Odisha,JAGATSINGHAPUR,1999,Rabi,Wheat,180,180,1
Odisha,JAGATSINGHAPUR,1999,Summer,Rice,9220,25250,2.738611714
Odisha,JAGATSINGHAPUR,1999,Whole Year,Onion,1000,9620,9.62
Odisha,JAGATSINGHAPUR,1999,Whole Year,Potato,330,4300,13.03030303
Odisha,JAGATSINGHAPUR,1999,Winter,Rice,90000,9000,0.1
Odisha,JAGATSINGHAPUR,1999,Winter,Sugarcane,230,4640,20.17391304
Odisha,JAGATSINGHAPUR,2000,Autumn,Rice,3810,4880,1.280839895
Odisha,JAGATSINGHAPUR,2000,Kharif,Arhar/Tur,130,70,0.538461538
Odisha,JAGATSINGHAPUR,2000,Kharif,Castor seed,110,50,0.454545455
Odisha,JAGATSINGHAPUR,2000,Kharif,Dry ginger,250,440,1.76
Odisha,JAGATSINGHAPUR,2000,Kharif,Groundnut,1177,1226.4,1.041971113
Odisha,JAGATSINGHAPUR,2000,Kharif,Horse-gram,1148,457.7,0.39869338
Odisha,JAGATSINGHAPUR,2000,Kharif,Jute,80,470,5.875
Odisha,JAGATSINGHAPUR,2000,Kharif,Moong(Green Gram),11669,3407.3,0.291995887
Odisha,JAGATSINGHAPUR,2000,Kharif,Other Kharif pulses,100,40,0.4
Odisha,JAGATSINGHAPUR,2000,Kharif,Sesamum,15,8,0.533333333
Odisha,JAGATSINGHAPUR,2000,Kharif,Urad,2364,900.4,0.380879865
Odisha,JAGATSINGHAPUR,2000,Rabi,Castor seed,20,10,0.5
Odisha,JAGATSINGHAPUR,2000,Rabi,Gram,30,20,0.666666667
Odisha,JAGATSINGHAPUR,2000,Rabi,Linseed,50,20,0.4
Odisha,JAGATSINGHAPUR,2000,Rabi,Other  Rabi pulses,18,10,0.555555556
Odisha,JAGATSINGHAPUR,2000,Rabi,Rapeseed &Mustard,34,3.9,0.114705882
Odisha,JAGATSINGHAPUR,2000,Rabi,Sunflower,30,10,0.333333333
Odisha,JAGATSINGHAPUR,2000,Rabi,Wheat,8,13.2,1.65
Odisha,JAGATSINGHAPUR,2000,Summer,Rice,2560,4090,1.59765625
Odisha,JAGATSINGHAPUR,2000,Whole Year,Coriander,170,80,0.470588235
Odisha,JAGATSINGHAPUR,2000,Whole Year,Dry chillies,550,480,0.872727273
Odisha,JAGATSINGHAPUR,2000,Whole Year,Garlic,70,220,3.142857143
Odisha,JAGATSINGHAPUR,2000,Whole Year,Onion,700,4340,6.2
Odisha,JAGATSINGHAPUR,2000,Whole Year,Potato,339,4401.2,12.98289086
Odisha,JAGATSINGHAPUR,2000,Whole Year,Sugarcane,219,11432.6,52.20365297
Odisha,JAGATSINGHAPUR,2000,Whole Year,Sweet potato,190,1550,8.157894737
Odisha,JAGATSINGHAPUR,2000,Whole Year,Turmeric,270,610,2.259259259
Odisha,JAGATSINGHAPUR,2000,Winter,Rice,87970,117240,1.332727066
Odisha,JAGATSINGHAPUR,2001,Kharif,Arhar/Tur,140,140,1
Odisha,JAGATSINGHAPUR,2001,Kharif,Dry ginger,140,250,1.785714286
Odisha,JAGATSINGHAPUR,2001,Kharif,Groundnut,652,745.2,1.142944785
Odisha,JAGATSINGHAPUR,2001,Kharif,Horse-gram,1487,677.8,0.455817081
Odisha,JAGATSINGHAPUR,2001,Kharif,Jute,1,11,11
Odisha,JAGATSINGHAPUR,2001,Kharif,Moong(Green Gram),13712,4428.6,0.322972579
Odisha,JAGATSINGHAPUR,2001,Kharif,Rice,93000,161000,1.731182796
Odisha,JAGATSINGHAPUR,2001,Kharif,Sesamum,22,5.3,0.240909091
Odisha,JAGATSINGHAPUR,2001,Kharif,Urad,4614,1867.2,0.404681404
Odisha,JAGATSINGHAPUR,2001,Rabi,Castor seed,60,30,0.5
Odisha,JAGATSINGHAPUR,2001,Rabi,Gram,50,40,0.8
Odisha,JAGATSINGHAPUR,2001,Rabi,Other  Rabi pulses,390,230,0.58974359
Odisha,JAGATSINGHAPUR,2001,Rabi,Rapeseed &Mustard,27,3,0.111111111
Odisha,JAGATSINGHAPUR,2001,Rabi,Safflower,50,10,0.2
Odisha,JAGATSINGHAPUR,2001,Rabi,Sunflower,400,240,0.6
Odisha,JAGATSINGHAPUR,2001,Whole Year,Coriander,180,90,0.5
Odisha,JAGATSINGHAPUR,2001,Whole Year,Dry chillies,560,500,0.892857143
Odisha,JAGATSINGHAPUR,2001,Whole Year,Garlic,80,250,3.125
Odisha,JAGATSINGHAPUR,2001,Whole Year,Onion,90,960,10.66666667
Odisha,JAGATSINGHAPUR,2001,Whole Year,Potato,274,3717.4,13.56715328
Odisha,JAGATSINGHAPUR,2001,Whole Year,Sugarcane,55,3003,54.6
Odisha,JAGATSINGHAPUR,2001,Whole Year,Sweet potato,200,1680,8.4
Odisha,JAGATSINGHAPUR,2001,Whole Year,Turmeric,340,770,2.264705882
Odisha,JAGATSINGHAPUR,2002,Kharif,Arhar/Tur,50,40,0.8
Odisha,JAGATSINGHAPUR,2002,Kharif,Dry ginger,270,500,1.851851852
Odisha,JAGATSINGHAPUR,2002,Kharif,Groundnut,936,1298.2,1.386965812
Odisha,JAGATSINGHAPUR,2002,Kharif,Horse-gram,1217,474.3,0.389728841
Odisha,JAGATSINGHAPUR,2002,Kharif,Jute,8,67,8.375
Odisha,JAGATSINGHAPUR,2002,Kharif,Moong(Green Gram),18038,5844.3,0.323999335
Odisha,JAGATSINGHAPUR,2002,Kharif,Rice,88000,105000,1.193181818
Odisha,JAGATSINGHAPUR,2002,Kharif,Sesamum,49,10.1,0.206122449
Odisha,JAGATSINGHAPUR,2002,Kharif,Urad,2853,905.7,0.31745531
Odisha,JAGATSINGHAPUR,2002,Rabi,Arhar/Tur,50,40,0.8
Odisha,JAGATSINGHAPUR,2002,Rabi,Castor seed,50,30,0.6
Odisha,JAGATSINGHAPUR,2002,Rabi,Gram,50,40,0.8
Odisha,JAGATSINGHAPUR,2002,Rabi,Other  Rabi pulses,420,260,0.619047619
Odisha,JAGATSINGHAPUR,2002,Rabi,Rapeseed &Mustard,69,6.1,0.088405797
Odisha,JAGATSINGHAPUR,2002,Rabi,Sunflower,100,60,0.6
Odisha,JAGATSINGHAPUR,2002,Whole Year,Coriander,1640,810,0.493902439
Odisha,JAGATSINGHAPUR,2002,Whole Year,Dry chillies,5330,4530,0.849906191
Odisha,JAGATSINGHAPUR,2002,Whole Year,Garlic,940,3010,3.20212766
Odisha,JAGATSINGHAPUR,2002,Whole Year,Onion,1690,16060,9.50295858
Odisha,JAGATSINGHAPUR,2002,Whole Year,Potato,376,4890.3,13.00611702
Odisha,JAGATSINGHAPUR,2002,Whole Year,Sugarcane,289,20199.7,69.89515571
Odisha,JAGATSINGHAPUR,2002,Whole Year,Sweet potato,190,1500,7.894736842
Odisha,JAGATSINGHAPUR,2002,Whole Year,Turmeric,210,470,2.238095238
Odisha,JAGATSINGHAPUR,2003,Kharif,Arhar/Tur,130,100,0.769230769
Odisha,JAGATSINGHAPUR,2003,Kharif,Castor seed,30,10,0.333333333
Odisha,JAGATSINGHAPUR,2003,Kharif,Dry ginger,230,430,1.869565217
Odisha,JAGATSINGHAPUR,2003,Kharif,Groundnut,1361,1511.2,1.110360029
Odisha,JAGATSINGHAPUR,2003,Kharif,Horse-gram,1347,501.2,0.372086117
Odisha,JAGATSINGHAPUR,2003,Kharif,Jute,2,19,9.5
Odisha,JAGATSINGHAPUR,2003,Kharif,Moong(Green Gram),26909,7426.9,0.276000595
Odisha,JAGATSINGHAPUR,2003,Kharif,Ragi,1,0.5,0.5
Odisha,JAGATSINGHAPUR,2003,Kharif,Rice,93000,127000,1.365591398
Odisha,JAGATSINGHAPUR,2003,Kharif,Sesamum,53,10.2,0.19245283
Odisha,JAGATSINGHAPUR,2003,Kharif,Urad,4363,1240.4,0.284299794
Odisha,JAGATSINGHAPUR,2003,Rabi,Castor seed,30,20,0.666666667
Odisha,JAGATSINGHAPUR,2003,Rabi,Gram,30,20,0.666666667
Odisha,JAGATSINGHAPUR,2003,Rabi,Rapeseed &Mustard,46,7.2,0.156521739
Odisha,JAGATSINGHAPUR,2003,Rabi,Sunflower,60,30,0.5
Odisha,JAGATSINGHAPUR,2003,Rabi,Wheat,7,10.8,1.542857143
Odisha,JAGATSINGHAPUR,2003,Whole Year,Coriander,580,290,0.5
Odisha,JAGATSINGHAPUR,2003,Whole Year,Dry chillies,3720,3160,0.849462366
Odisha,JAGATSINGHAPUR,2003,Whole Year,Garlic,520,1670,3.211538462
Odisha,JAGATSINGHAPUR,2003,Whole Year,Onion,1640,15560,9.487804878
Odisha,JAGATSINGHAPUR,2003,Whole Year,Potato,246,3227.5,13.1199187
Odisha,JAGATSINGHAPUR,2003,Whole Year,Sugarcane,712,51738.9,72.66699438
Odisha,JAGATSINGHAPUR,2003,Whole Year,Sweet potato,190,2450,12.89473684
Odisha,JAGATSINGHAPUR,2003,Whole Year,Turmeric,190,430,2.263157895
Odisha,JAGATSINGHAPUR,2004,Autumn,Jute,4,32,8
Odisha,JAGATSINGHAPUR,2004,Autumn,Rice,4000,6000,1.5
Odisha,JAGATSINGHAPUR,2004,Kharif,Dry ginger,310,578,1.864516129
Odisha,JAGATSINGHAPUR,2004,Rabi,Castor seed,43,20,0.465116279
Odisha,JAGATSINGHAPUR,2004,Rabi,Gram,44,37,0.840909091
Odisha,JAGATSINGHAPUR,2004,Rabi,Other  Rabi pulses,500,231,0.462
Odisha,JAGATSINGHAPUR,2004,Rabi,Sunflower,117,55,0.47008547
Odisha,JAGATSINGHAPUR,2004,Summer,Groundnut,1128,1503.6,1.332978723
Odisha,JAGATSINGHAPUR,2004,Summer,Horse-gram,55,17.4,0.316363636
Odisha,JAGATSINGHAPUR,2004,Summer,Moong(Green Gram),24951,8957.4,0.358999639
Odisha,JAGATSINGHAPUR,2004,Summer,Ragi,1,0.6,0.6
Odisha,JAGATSINGHAPUR,2004,Summer,Rice,1000,3000,3
Odisha,JAGATSINGHAPUR,2004,Summer,Sesamum,83,30.8,0.371084337
Odisha,JAGATSINGHAPUR,2004,Summer,Urad,228,71.8,0.314912281
Odisha,JAGATSINGHAPUR,2004,Summer,Wheat,3,4.4,1.466666667
Odisha,JAGATSINGHAPUR,2004,Whole Year,Coriander,571,282,0.493870403
Odisha,JAGATSINGHAPUR,2004,Whole Year,Dry chillies,3935,3350,0.85133418
Odisha,JAGATSINGHAPUR,2004,Whole Year,Garlic,526,1684,3.201520913
Odisha,JAGATSINGHAPUR,2004,Whole Year,Onion,793,7534,9.500630517
Odisha,JAGATSINGHAPUR,2004,Whole Year,Sweet potato,191,2480,12.98429319
Odisha,JAGATSINGHAPUR,2004,Whole Year,Turmeric,202,453,2.242574257
Odisha,JAGATSINGHAPUR,2004,Winter,Horse-gram,774,288.7,0.372997416
Odisha,JAGATSINGHAPUR,2004,Winter,Potato,414,4547,10.98309179
Odisha,JAGATSINGHAPUR,2004,Winter,Rapeseed &Mustard,198,24.6,0.124242424
Odisha,JAGATSINGHAPUR,2004,Winter,Rice,92000,168000,1.826086957
Odisha,JAGATSINGHAPUR,2004,Winter,Sugarcane,489,33769.9,69.0591002
Odisha,JAGATSINGHAPUR,2004,Winter,Urad,3090,1063,0.344012945
Odisha,JAGATSINGHAPUR,2005,Autumn,Jute,1,9,9
Odisha,JAGATSINGHAPUR,2005,Autumn,Rice,3000,5000,1.666666667
Odisha,JAGATSINGHAPUR,2005,Autumn,Sesamum,1,0.5,0.5
Odisha,JAGATSINGHAPUR,2005,Summer,Groundnut,1371,1922.1,1.401969365
Odisha,JAGATSINGHAPUR,2005,Summer,Horse-gram,50,16,0.32
Odisha,JAGATSINGHAPUR,2005,Summer,Moong(Green Gram),31074,11528.5,0.37100148
Odisha,JAGATSINGHAPUR,2005,Summer,Rice,1000,2000,2
Odisha,JAGATSINGHAPUR,2005,Summer,Sesamum,70,23.3,0.332857143
Odisha,JAGATSINGHAPUR,2005,Summer,Urad,562,205.7,0.366014235
Odisha,JAGATSINGHAPUR,2005,Winter,Horse-gram,849,280.2,0.330035336
Odisha,JAGATSINGHAPUR,2005,Winter,Moong(Green Gram),67,13.7,0.204477612
Odisha,JAGATSINGHAPUR,2005,Winter,Potato,360,3898.4,10.82888889
Odisha,JAGATSINGHAPUR,2005,Winter,Rapeseed &Mustard,43,7,0.162790698
Odisha,JAGATSINGHAPUR,2005,Winter,Rice,87000,162000,1.862068966
Odisha,JAGATSINGHAPUR,2005,Winter,Sugarcane,433,32870.3,75.91293303
Odisha,JAGATSINGHAPUR,2005,Winter,Urad,1754,421,0.240022805
Odisha,JAGATSINGHAPUR,2006,Autumn,Jute,6,42,7
Odisha,JAGATSINGHAPUR,2006,Autumn,Rice,4000,5000,1.25
Odisha,JAGATSINGHAPUR,2006,Summer,Groundnut,1648,1984.2,1.204004854
Odisha,JAGATSINGHAPUR,2006,Summer,Horse-gram,9,2.2,0.244444444
Odisha,JAGATSINGHAPUR,2006,Summer,Moong(Green Gram),32253,10482.2,0.324999225
Odisha,JAGATSINGHAPUR,2006,Summer,Rice,2000,4000,2
Odisha,JAGATSINGHAPUR,2006,Summer,Sesamum,86,35.7,0.415116279
Odisha,JAGATSINGHAPUR,2006,Summer,Urad,863,320.2,0.371031286
Odisha,JAGATSINGHAPUR,2006,Winter,Horse-gram,1043,534,0.51198466
Odisha,JAGATSINGHAPUR,2006,Winter,Moong(Green Gram),3,0.2,0.066666667
Odisha,JAGATSINGHAPUR,2006,Winter,Potato,450,5482.8,12.184
Odisha,JAGATSINGHAPUR,2006,Winter,Rapeseed &Mustard,33,4.2,0.127272727
Odisha,JAGATSINGHAPUR,2006,Winter,Rice,87000,128000,1.471264368
Odisha,JAGATSINGHAPUR,2006,Winter,Sugarcane,363,26353.8,72.6
Odisha,JAGATSINGHAPUR,2006,Winter,Urad,2753,1159,0.420995278
Odisha,JAGATSINGHAPUR,2007,Autumn,Jute,2,26,13
Odisha,JAGATSINGHAPUR,2007,Autumn,Rice,3000,4000,1.333333333
Odisha,JAGATSINGHAPUR,2007,Autumn,Sesamum,3,0.5,0.166666667
Odisha,JAGATSINGHAPUR,2007,Summer,Groundnut,874,1072.4,1.227002288
Odisha,JAGATSINGHAPUR,2007,Summer,Horse-gram,56,15.3,0.273214286
Odisha,JAGATSINGHAPUR,2007,Summer,Moong(Green Gram),33199,8366.1,0.251998554
Odisha,JAGATSINGHAPUR,2007,Summer,Ragi,1,1.1,1.1
Odisha,JAGATSINGHAPUR,2007,Summer,Rice,2000,3000,1.5
Odisha,JAGATSINGHAPUR,2007,Summer,Sesamum,73,29.3,0.401369863
Odisha,JAGATSINGHAPUR,2007,Summer,Urad,1130,315.3,0.279026549
Odisha,JAGATSINGHAPUR,2007,Winter,Horse-gram,886,435,0.490970655
Odisha,JAGATSINGHAPUR,2007,Winter,Potato,337,4901.3,14.54391691
Odisha,JAGATSINGHAPUR,2007,Winter,Rapeseed &Mustard,20,4.9,0.245
Odisha,JAGATSINGHAPUR,2007,Winter,Rice,84000,147000,1.75
Odisha,JAGATSINGHAPUR,2007,Winter,Sugarcane,403,35858.1,88.97791563
Odisha,JAGATSINGHAPUR,2007,Winter,Urad,2316,926.4,0.4
Odisha,JAGATSINGHAPUR,2008,Autumn,Jute,5,41,8.2
Odisha,JAGATSINGHAPUR,2008,Autumn,Rice,2000,2000,1
Odisha,JAGATSINGHAPUR,2008,Autumn,Sesamum,2,0.3,0.15
Odisha,JAGATSINGHAPUR,2008,Summer,Groundnut,1877,2689.7,1.432978157
Odisha,JAGATSINGHAPUR,2008,Summer,Horse-gram,29,6.8,0.234482759
Odisha,JAGATSINGHAPUR,2008,Summer,Moong(Green Gram),33770,11346.7,0.335999408
Odisha,JAGATSINGHAPUR,2008,Summer,Ragi,1,1.1,1.1
Odisha,JAGATSINGHAPUR,2008,Summer,Rice,3000,6000,2
Odisha,JAGATSINGHAPUR,2008,Summer,Sesamum,29,9.5,0.327586207
Odisha,JAGATSINGHAPUR,2008,Summer,Urad,840,289,0.344047619
Odisha,JAGATSINGHAPUR,2008,Winter,Horse-gram,806,378.8,0.469975186
Odisha,JAGATSINGHAPUR,2008,Winter,Potato,303,3291.8,10.8640264
Odisha,JAGATSINGHAPUR,2008,Winter,Rapeseed &Mustard,54,7.9,0.146296296
Odisha,JAGATSINGHAPUR,2008,Winter,Rice,86000,169000,1.965116279
Odisha,JAGATSINGHAPUR,2008,Winter,Sugarcane,543,28638.4,52.74106814
Odisha,JAGATSINGHAPUR,2008,Winter,Urad,1768,818.6,0.46300905
Odisha,JAGATSINGHAPUR,2009,Autumn,Jute,7,53,7.571428571
Odisha,JAGATSINGHAPUR,2009,Autumn,Rice,2000,4000,2
Odisha,JAGATSINGHAPUR,2009,Autumn,Sesamum,1,0.3,0.3
Odisha,JAGATSINGHAPUR,2009,Summer,Groundnut,962,1260.2,1.30997921
Odisha,JAGATSINGHAPUR,2009,Summer,Horse-gram,22,3.8,0.172727273
Odisha,JAGATSINGHAPUR,2009,Summer,Moong(Green Gram),36336,13117.3,0.36100011
Odisha,JAGATSINGHAPUR,2009,Summer,Rice,1000,2000,2
Odisha,JAGATSINGHAPUR,2009,Summer,Sesamum,16,6.3,0.39375
Odisha,JAGATSINGHAPUR,2009,Summer,Urad,764,221.6,0.290052356
Odisha,JAGATSINGHAPUR,2009,Winter,Horse-gram,952,469.3,0.492962185
Odisha,JAGATSINGHAPUR,2009,Winter,Potato,446,6184.7,13.86704036
Odisha,JAGATSINGHAPUR,2009,Winter,Rapeseed &Mustard,70,9.2,0.131428571
Odisha,JAGATSINGHAPUR,2009,Winter,Rice,80000,159000,1.9875
Odisha,JAGATSINGHAPUR,2009,Winter,Sugarcane,120,6459.5,53.82916667
Odisha,JAGATSINGHAPUR,2009,Winter,Urad,2082,845.3,0.406003842
Odisha,JAGATSINGHAPUR,2010,Autumn,Jute,3,34,11.33333333
Odisha,JAGATSINGHAPUR,2010,Autumn,Rice,2000,3000,1.5
Odisha,JAGATSINGHAPUR,2010,Summer,Groundnut,1252,1407.2,1.123961661
Odisha,JAGATSINGHAPUR,2010,Summer,Horse-gram,23,6.9,0.3
Odisha,JAGATSINGHAPUR,2010,Summer,Moong(Green Gram),39925,15970,0.4
Odisha,JAGATSINGHAPUR,2010,Summer,Rice,1000,2000,2
Odisha,JAGATSINGHAPUR,2010,Summer,Sesamum,9,3.2,0.355555556
Odisha,JAGATSINGHAPUR,2010,Summer,Urad,793,260.1,0.327994956
Odisha,JAGATSINGHAPUR,2010,Winter,Horse-gram,663,314.9,0.474962293
Odisha,JAGATSINGHAPUR,2010,Winter,Potato,276,3855.2,13.96811594
Odisha,JAGATSINGHAPUR,2010,Winter,Rapeseed &Mustard,163,17.9,0.109815951
Odisha,JAGATSINGHAPUR,2010,Winter,Rice,85000,132000,1.552941176
Odisha,JAGATSINGHAPUR,2010,Winter,Sugarcane,210,11225.1,53.45285714
Odisha,JAGATSINGHAPUR,2010,Winter,Urad,2770,883.6,0.31898917
Odisha,JAGATSINGHAPUR,2011,Autumn,Jute,1,15,15
Odisha,JAGATSINGHAPUR,2011,Autumn,Rice,2000,2000,1
Odisha,JAGATSINGHAPUR,2011,Summer,Groundnut,760,1032.1,1.358026316
Odisha,JAGATSINGHAPUR,2011,Summer,Horse-gram,15,5.9,0.393333333
Odisha,JAGATSINGHAPUR,2011,Summer,Maize,9,23,2.555555556
Odisha,JAGATSINGHAPUR,2011,Summer,Moong(Green Gram),33814,13390.3,0.395998699
Odisha,JAGATSINGHAPUR,2011,Summer,Sesamum,6,3.2,0.533333333
Odisha,JAGATSINGHAPUR,2011,Summer,Urad,495,188.6,0.381010101
Odisha,JAGATSINGHAPUR,2011,Summer,Wheat,1,1.2,1.2
Odisha,JAGATSINGHAPUR,2011,Winter,Horse-gram,853,406,0.475967175
Odisha,JAGATSINGHAPUR,2011,Winter,Moong(Green Gram),6,4.6,0.766666667
Odisha,JAGATSINGHAPUR,2011,Winter,Potato,208,2946.5,14.16586538
Odisha,JAGATSINGHAPUR,2011,Winter,Rapeseed &Mustard,14,2.5,0.178571429
Odisha,JAGATSINGHAPUR,2011,Winter,Rice,79000,193000,2.443037975
Odisha,JAGATSINGHAPUR,2011,Winter,Sugarcane,598,35760.4,59.8
Odisha,JAGATSINGHAPUR,2011,Winter,Urad,2895,1256.4,0.433989637
Odisha,JAGATSINGHAPUR,2012,Autumn,Jute,2,4.5,2.25
Odisha,JAGATSINGHAPUR,2012,Autumn,Rice,1000,2000,2
Odisha,JAGATSINGHAPUR,2012,Summer,Groundnut,924,1396.2,1.511038961
Odisha,JAGATSINGHAPUR,2012,Summer,Horse-gram,11,3.4,0.309090909
Odisha,JAGATSINGHAPUR,2012,Summer,Moong(Green Gram),34652,13445,0.388000693
Odisha,JAGATSINGHAPUR,2012,Summer,Rice,210000,2000,0.00952381
Odisha,JAGATSINGHAPUR,2012,Summer,Sesamum,3,2.2,0.733333333
Odisha,JAGATSINGHAPUR,2012,Summer,Urad,502,161.1,0.320916335
Odisha,JAGATSINGHAPUR,2012,Winter,Horse-gram,580,272,0.468965517
Odisha,JAGATSINGHAPUR,2012,Winter,Potato,213,3688.5,17.31690141
Odisha,JAGATSINGHAPUR,2012,Winter,Rapeseed &Mustard,30,6.2,0.206666667
Odisha,JAGATSINGHAPUR,2012,Winter,Rice,71000,208000,2.929577465
Odisha,JAGATSINGHAPUR,2012,Winter,Sugarcane,322,24729.6,76.8
Odisha,JAGATSINGHAPUR,2012,Winter,Urad,2463,1064,0.431993504
Odisha,JAGATSINGHAPUR,2013,Autumn,Jute,1,1.9,1.9
Odisha,JAGATSINGHAPUR,2013,Autumn,Rice,1000,1000,1
Odisha,JAGATSINGHAPUR,2013,Summer,Groundnut,954,1755.4,1.840041929
Odisha,JAGATSINGHAPUR,2013,Summer,Horse-gram,3,1.7,0.566666667
Odisha,JAGATSINGHAPUR,2013,Summer,Maize,4,7.5,1.875
Odisha,JAGATSINGHAPUR,2013,Summer,Moong(Green Gram),33155,17804.2,0.536998944
Odisha,JAGATSINGHAPUR,2013,Summer,Rice,1000,2000,2
Odisha,JAGATSINGHAPUR,2013,Summer,Sesamum,4,2,0.5
Odisha,JAGATSINGHAPUR,2013,Summer,Urad,311,121.6,0.390996785
Odisha,JAGATSINGHAPUR,2013,Winter,Horse-gram,810,342.6,0.422962963
Odisha,JAGATSINGHAPUR,2013,Winter,Maize,7,11.2,1.6
Odisha,JAGATSINGHAPUR,2013,Winter,Potato,313,5442.4,17.38785942
Odisha,JAGATSINGHAPUR,2013,Winter,Rapeseed &Mustard,33,11.2,0.339393939
Odisha,JAGATSINGHAPUR,2013,Winter,Rice,79000,159000,2.012658228
Odisha,JAGATSINGHAPUR,2013,Winter,Sugarcane,266,18430.9,69.28909774
Odisha,JAGATSINGHAPUR,2013,Winter,Urad,1767,503.6,0.28500283
Odisha,JAGATSINGHAPUR,2014,Autumn,Jute,1,2,2
Odisha,JAGATSINGHAPUR,2014,Autumn,Rice,2000,3000,1.5
Odisha,JAGATSINGHAPUR,2014,Summer,Groundnut,1621,2720,1.677976558
Odisha,JAGATSINGHAPUR,2014,Summer,Horse-gram,13,6.3,0.484615385
Odisha,JAGATSINGHAPUR,2014,Summer,Moong(Green Gram),38304,17313.4,0.451999791
Odisha,JAGATSINGHAPUR,2014,Summer,Rice,1000,4000,4
Odisha,JAGATSINGHAPUR,2014,Summer,Sesamum,3,1,0.333333333
Odisha,JAGATSINGHAPUR,2014,Summer,Urad,522,225,0.431034483
Odisha,JAGATSINGHAPUR,2014,Winter,Horse-gram,418,208.6,0.499043062
Odisha,JAGATSINGHAPUR,2014,Winter,Potato,291,4760.8,16.36013746
Odisha,JAGATSINGHAPUR,2014,Winter,Ragi,1,0.6,0.6
Odisha,JAGATSINGHAPUR,2014,Winter,Rapeseed &Mustard,23,9.7,0.42173913
Odisha,JAGATSINGHAPUR,2014,Winter,Rice,82000,178000,2.170731707
Odisha,JAGATSINGHAPUR,2014,Winter,Sugarcane,375,21981.8,58.61813333
Odisha,JAGATSINGHAPUR,2014,Winter,Urad,1002,439.9,0.439021956
Odisha,JAGATSINGHAPUR,2015,Autumn,Rice,1000,2000,2
Odisha,JAGATSINGHAPUR,2015,Summer,Groundnut,720,928.8,1.29
Odisha,JAGATSINGHAPUR,2015,Summer,Horse-gram,13,3.6,0.276923077
Odisha,JAGATSINGHAPUR,2015,Summer,Moong(Green Gram),45996,16650.6,0.362001044
Odisha,JAGATSINGHAPUR,2015,Summer,Sesamum,7,1.9,0.271428571
Odisha,JAGATSINGHAPUR,2015,Summer,Urad,714,310.6,0.435014006
Odisha,JAGATSINGHAPUR,2015,Winter,Horse-gram,420,195.3,0.465
Odisha,JAGATSINGHAPUR,2015,Winter,Potato,201,3029.7,15.07313433
Odisha,JAGATSINGHAPUR,2015,Winter,Rapeseed &Mustard,1,0.3,0.3
Odisha,JAGATSINGHAPUR,2015,Winter,Rice,79000,202000,2.556962025
Odisha,JAGATSINGHAPUR,2015,Winter,Sugarcane,196,12204.3,62.26683673
Odisha,JAGATSINGHAPUR,2015,Winter,Urad,1172,507.5,0.433020478
Odisha,JAJAPUR,1997,Autumn,Groundnut,561,383,0.682709447
Odisha,JAJAPUR,1997,Autumn,Jute,23190,25040,1.079775765
Odisha,JAJAPUR,1997,Autumn,Maize,18,7,0.388888889
Odisha,JAJAPUR,1997,Autumn,Paddy,20964,21410,1.021274566
Odisha,JAJAPUR,1997,Autumn,Sesamum,32,11,0.34375
Odisha,JAJAPUR,1997,Autumn,Urad,54,15,0.277777778
Odisha,JAJAPUR,1997,Summer,Arhar/Tur,12688,3045,0.239990542
Odisha,JAJAPUR,1997,Summer,Groundnut,11092,13366,1.205012622
Odisha,JAJAPUR,1997,Summer,Horse-gram,13,1,0.076923077
Odisha,JAJAPUR,1997,Summer,Maize,17,9,0.529411765
Odisha,JAJAPUR,1997,Summer,Paddy,8176,15427,1.886863992
Odisha,JAJAPUR,1997,Summer,Urad,43,10,0.23255814
Odisha,JAJAPUR,1997,Whole Year,Potato,472,6052,12.8220339
Odisha,JAJAPUR,1997,Winter,Arhar/Tur,67,9,0.134328358
Odisha,JAJAPUR,1997,Winter,Groundnut,385,349,0.906493506
Odisha,JAJAPUR,1997,Winter,Horse-gram,2610,1115,0.427203065
Odisha,JAJAPUR,1997,Winter,Paddy,127567,141472,1.109001544
Odisha,JAJAPUR,1997,Winter,Sesamum,39,7,0.179487179
Odisha,JAJAPUR,1997,Winter,Sugarcane,508,23249,45.76574803
Odisha,JAJAPUR,1997,Winter,Urad,15990,7068,0.442026266
Odisha,JAJAPUR,1998,Autumn,Groundnut,100,46,0.46
Odisha,JAJAPUR,1998,Autumn,Jute,1283,8844,6.893219018
Odisha,JAJAPUR,1998,Autumn,Maize,16,18,1.125
Odisha,JAJAPUR,1998,Autumn,Ragi,1,,
Odisha,JAJAPUR,1998,Autumn,Rice,21821,21388,0.98015673
Odisha,JAJAPUR,1998,Autumn,Sesamum,47,4,0.085106383
Odisha,JAJAPUR,1998,Autumn,Urad,58,9,0.155172414
Odisha,JAJAPUR,1998,Summer,Groundnut,12842,9105,0.709001713
Odisha,JAJAPUR,1998,Summer,Maize,11,8,0.727272727
Odisha,JAJAPUR,1998,Summer,Moong(Green Gram),7962,1934,0.242903793
Odisha,JAJAPUR,1998,Summer,Rice,9028,18084,2.003101462
Odisha,JAJAPUR,1998,Summer,Sesamum,2,,
Odisha,JAJAPUR,1998,Summer,Urad,7,3,0.428571429
Odisha,JAJAPUR,1998,Summer,Wheat,66,77,1.166666667
Odisha,JAJAPUR,1998,Winter,Groundnut,415,404,0.973493976
Odisha,JAJAPUR,1998,Winter,Horse-gram,2586,1190,0.460170147
Odisha,JAJAPUR,1998,Winter,Moong(Green Gram),6,1,0.166666667
Odisha,JAJAPUR,1998,Winter,Potato,500,7076,14.152
Odisha,JAJAPUR,1998,Winter,Rapeseed &Mustard,355,27,0.076056338
Odisha,JAJAPUR,1998,Winter,Rice,126708,166975,1.317793667
Odisha,JAJAPUR,1998,Winter,Sugarcane,462,25931,56.12770563
Odisha,JAJAPUR,1998,Winter,Urad,11347,5038,0.443994007
Odisha,JAJAPUR,1999,Autumn,Rice,17000,15000,0.882352941
Odisha,JAJAPUR,1999,Kharif,Arhar/Tur,2250,780,0.346666667
Odisha,JAJAPUR,1999,Kharif,Castor seed,60,10,0.166666667
Odisha,JAJAPUR,1999,Kharif,Dry chillies,910,250,0.274725275
Odisha,JAJAPUR,1999,Kharif,Dry ginger,210,740,3.523809524
Odisha,JAJAPUR,1999,Kharif,Groundnut,1690,1930,1.142011834
Odisha,JAJAPUR,1999,Kharif,Jowar,220,100,0.454545455
Odisha,JAJAPUR,1999,Kharif,Jute,3330,22960,6.894894895
Odisha,JAJAPUR,1999,Kharif,Maize,1620,980,0.604938272
Odisha,JAJAPUR,1999,Kharif,Mesta,530,1650,3.113207547
Odisha,JAJAPUR,1999,Kharif,Ragi,40,20,0.5
Odisha,JAJAPUR,1999,Kharif,Sesamum,1850,280,0.151351351
Odisha,JAJAPUR,1999,Kharif,Sweet potato,260,2010,7.730769231
Odisha,JAJAPUR,1999,Kharif,Turmeric,260,390,1.5
Odisha,JAJAPUR,1999,Kharif,Urad,2670,830,0.310861423
Odisha,JAJAPUR,1999,Rabi,Castor seed,280,140,0.5
Odisha,JAJAPUR,1999,Rabi,Coriander,1230,550,0.447154472
Odisha,JAJAPUR,1999,Rabi,Dry chillies,2090,1880,0.899521531
Odisha,JAJAPUR,1999,Rabi,Garlic,700,1450,2.071428571
Odisha,JAJAPUR,1999,Rabi,Gram,180,80,0.444444444
Odisha,JAJAPUR,1999,Rabi,Groundnut,30900,61210,1.980906149
Odisha,JAJAPUR,1999,Rabi,Horse-gram,5910,1260,0.21319797
Odisha,JAJAPUR,1999,Rabi,Linseed,100,40,0.4
Odisha,JAJAPUR,1999,Rabi,Maize,70,140,2
Odisha,JAJAPUR,1999,Rabi,Moong(Green Gram),16040,5050,0.314837905
Odisha,JAJAPUR,1999,Rabi,Rapeseed &Mustard,3550,460,0.129577465
Odisha,JAJAPUR,1999,Rabi,Sesamum,220,50,0.227272727
Odisha,JAJAPUR,1999,Rabi,Sunflower,30,10,0.333333333
Odisha,JAJAPUR,1999,Rabi,Sweet potato,450,2250,5
Odisha,JAJAPUR,1999,Rabi,Urad,21720,4560,0.209944751
Odisha,JAJAPUR,1999,Rabi,Wheat,720,860,1.194444444
Odisha,JAJAPUR,1999,Summer,Rice,10460,26020,2.487571702
Odisha,JAJAPUR,1999,Whole Year,Onion,950,6190,6.515789474
Odisha,JAJAPUR,1999,Whole Year,Potato,270,3410,12.62962963
Odisha,JAJAPUR,1999,Winter,Rice,128000,63000,0.4921875
Odisha,JAJAPUR,1999,Winter,Sugarcane,760,28880,38
Odisha,JAJAPUR,2000,Autumn,Rice,20370,12700,0.623465881
Odisha,JAJAPUR,2000,Kharif,Arhar/Tur,2890,1030,0.356401384
Odisha,JAJAPUR,2000,Kharif,Castor seed,30,10,0.333333333
Odisha,JAJAPUR,2000,Kharif,Dry ginger,190,340,1.789473684
Odisha,JAJAPUR,2000,Kharif,Groundnut,12028,8535.4,0.709627536
Odisha,JAJAPUR,2000,Kharif,Horse-gram,1597,383.3,0.240012523
Odisha,JAJAPUR,2000,Kharif,Jowar,160,60,0.375
Odisha,JAJAPUR,2000,Kharif,Jute,3960,30070,7.593434343
Odisha,JAJAPUR,2000,Kharif,Maize,135,74.6,0.552592593
Odisha,JAJAPUR,2000,Kharif,Mesta,400,1110,2.775
Odisha,JAJAPUR,2000,Kharif,Moong(Green Gram),2527,410.8,0.162564306
Odisha,JAJAPUR,2000,Kharif,Sesamum,2,0.2,0.1
Odisha,JAJAPUR,2000,Kharif,Urad,8740,2368.6,0.271006865
Odisha,JAJAPUR,2000,Rabi,Castor seed,220,110,0.5
Odisha,JAJAPUR,2000,Rabi,Gram,130,40,0.307692308
Odisha,JAJAPUR,2000,Rabi,Linseed,360,120,0.333333333
Odisha,JAJAPUR,2000,Rabi,Other  Rabi pulses,8,4,0.5
Odisha,JAJAPUR,2000,Rabi,Rapeseed &Mustard,132,7.5,0.056818182
Odisha,JAJAPUR,2000,Rabi,Sunflower,50,30,0.6
Odisha,JAJAPUR,2000,Rabi,Wheat,35,31.3,0.894285714
Odisha,JAJAPUR,2000,Summer,Rice,4790,9140,1.908141962
Odisha,JAJAPUR,2000,Whole Year,Coriander,1330,650,0.488721805
Odisha,JAJAPUR,2000,Whole Year,Dry chillies,820,690,0.841463415
Odisha,JAJAPUR,2000,Whole Year,Garlic,720,2250,3.125
Odisha,JAJAPUR,2000,Whole Year,Onion,960,5080,5.291666667
Odisha,JAJAPUR,2000,Whole Year,Potato,270,3581.8,13.26592593
Odisha,JAJAPUR,2000,Whole Year,Sugarcane,328,11152,34
Odisha,JAJAPUR,2000,Whole Year,Sweet potato,380,3130,8.236842105
Odisha,JAJAPUR,2000,Whole Year,Turmeric,230,530,2.304347826
Odisha,JAJAPUR,2000,Winter,Rice,119450,93350,0.781498535
Odisha,JAJAPUR,2001,Kharif,Arhar/Tur,2860,950,0.332167832
Odisha,JAJAPUR,2001,Kharif,Castor seed,40,20,0.5
Odisha,JAJAPUR,2001,Kharif,Dry ginger,190,340,1.789473684
Odisha,JAJAPUR,2001,Kharif,Groundnut,10292,13125,1.27526234
Odisha,JAJAPUR,2001,Kharif,Horse-gram,1471,650.2,0.442012237
Odisha,JAJAPUR,2001,Kharif,Jute,397,1749,4.405541562
Odisha,JAJAPUR,2001,Kharif,Maize,10,7.9,0.79
Odisha,JAJAPUR,2001,Kharif,Moong(Green Gram),4739,1230.5,0.259653935
Odisha,JAJAPUR,2001,Kharif,Rice,119000,192000,1.613445378
Odisha,JAJAPUR,2001,Kharif,Sesamum,8,0.5,0.0625
Odisha,JAJAPUR,2001,Kharif,Urad,13367,6143,0.459564599
Odisha,JAJAPUR,2001,Rabi,Arhar/Tur,170,80,0.470588235
Odisha,JAJAPUR,2001,Rabi,Castor seed,240,120,0.5
Odisha,JAJAPUR,2001,Rabi,Gram,120,50,0.416666667
Odisha,JAJAPUR,2001,Rabi,Linseed,230,70,0.304347826
Odisha,JAJAPUR,2001,Rabi,Other  Rabi pulses,110,60,0.545454545
Odisha,JAJAPUR,2001,Rabi,Rapeseed &Mustard,197,18.1,0.091878173
Odisha,JAJAPUR,2001,Rabi,Safflower,30,10,0.333333333
Odisha,JAJAPUR,2001,Rabi,Sunflower,140,70,0.5
Odisha,JAJAPUR,2001,Rabi,Wheat,42,46,1.095238095
Odisha,JAJAPUR,2001,Whole Year,Coriander,910,450,0.494505495
Odisha,JAJAPUR,2001,Whole Year,Dry chillies,830,710,0.855421687
Odisha,JAJAPUR,2001,Whole Year,Garlic,480,1530,3.1875
Odisha,JAJAPUR,2001,Whole Year,Onion,560,3640,6.5
Odisha,JAJAPUR,2001,Whole Year,Potato,314,4026.1,12.82197452
Odisha,JAJAPUR,2001,Whole Year,Sugarcane,240,9007,37.52916667
Odisha,JAJAPUR,2001,Whole Year,Sweet potato,390,3270,8.384615385
Odisha,JAJAPUR,2001,Whole Year,Turmeric,280,640,2.285714286
Odisha,JAJAPUR,2002,Kharif,Arhar/Tur,1500,520,0.346666667
Odisha,JAJAPUR,2002,Kharif,Dry ginger,250,470,1.88
Odisha,JAJAPUR,2002,Kharif,Groundnut,9865,10110.4,1.024875824
Odisha,JAJAPUR,2002,Kharif,Horse-gram,1522,576.6,0.378843627
Odisha,JAJAPUR,2002,Kharif,Jowar,180,70,0.388888889
Odisha,JAJAPUR,2002,Kharif,Jute,1413,10911,7.721868365
Odisha,JAJAPUR,2002,Kharif,Maize,165,117.4,0.711515152
Odisha,JAJAPUR,2002,Kharif,Moong(Green Gram),4997,1349.2,0.270002001
Odisha,JAJAPUR,2002,Kharif,Rice,126000,94000,0.746031746
Odisha,JAJAPUR,2002,Kharif,Sesamum,20,9.1,0.455
Odisha,JAJAPUR,2002,Kharif,Urad,11179,3538.9,0.316566777
Odisha,JAJAPUR,2002,Rabi,Castor seed,120,50,0.416666667
Odisha,JAJAPUR,2002,Rabi,Gram,70,30,0.428571429
Odisha,JAJAPUR,2002,Rabi,Linseed,190,60,0.315789474
Odisha,JAJAPUR,2002,Rabi,Other  Rabi pulses,100,40,0.4
Odisha,JAJAPUR,2002,Rabi,Rapeseed &Mustard,94,5.5,0.058510638
Odisha,JAJAPUR,2002,Rabi,Sunflower,60,40,0.666666667
Odisha,JAJAPUR,2002,Rabi,Wheat,3,1.9,0.633333333
Odisha,JAJAPUR,2002,Whole Year,Coriander,1100,540,0.490909091
Odisha,JAJAPUR,2002,Whole Year,Dry chillies,2370,1990,0.839662447
Odisha,JAJAPUR,2002,Whole Year,Garlic,570,1820,3.192982456
Odisha,JAJAPUR,2002,Whole Year,Onion,900,5850,6.5
Odisha,JAJAPUR,2002,Whole Year,Potato,240,2862,11.925
Odisha,JAJAPUR,2002,Whole Year,Sugarcane,421,17827.2,42.34489311
Odisha,JAJAPUR,2002,Whole Year,Sweet potato,130,1000,7.692307692
Odisha,JAJAPUR,2002,Whole Year,Turmeric,250,560,2.24
Odisha,JAJAPUR,2003,Kharif,Arhar/Tur,2630,980,0.372623574
Odisha,JAJAPUR,2003,Kharif,Castor seed,50,20,0.4
Odisha,JAJAPUR,2003,Kharif,Dry ginger,250,470,1.88
Odisha,JAJAPUR,2003,Kharif,Groundnut,11539,19073.1,1.652924864
Odisha,JAJAPUR,2003,Kharif,Horse-gram,963,218.4,0.226791277
Odisha,JAJAPUR,2003,Kharif,Jowar,150,50,0.333333333
Odisha,JAJAPUR,2003,Kharif,Jute,382,2078,5.439790576
Odisha,JAJAPUR,2003,Kharif,Maize,47,22,0.468085106
Odisha,JAJAPUR,2003,Kharif,Moong(Green Gram),10385,2575.5,0.248001926
Odisha,JAJAPUR,2003,Kharif,Rice,131000,167000,1.27480916
Odisha,JAJAPUR,2003,Kharif,Sesamum,9,0.6,0.066666667
Odisha,JAJAPUR,2003,Kharif,Urad,7221,1759,0.24359507
Odisha,JAJAPUR,2003,Rabi,Castor seed,180,80,0.444444444
Odisha,JAJAPUR,2003,Rabi,Gram,130,50,0.384615385
Odisha,JAJAPUR,2003,Rabi,Linseed,140,40,0.285714286
Odisha,JAJAPUR,2003,Rabi,Other  Rabi pulses,120,50,0.416666667
Odisha,JAJAPUR,2003,Rabi,Rapeseed &Mustard,85,7.1,0.083529412
Odisha,JAJAPUR,2003,Rabi,Sunflower,20,10,0.5
Odisha,JAJAPUR,2003,Rabi,Wheat,54,86.6,1.603703704
Odisha,JAJAPUR,2003,Whole Year,Coriander,1120,550,0.491071429
Odisha,JAJAPUR,2003,Whole Year,Dry chillies,2530,2120,0.837944664
Odisha,JAJAPUR,2003,Whole Year,Garlic,620,1990,3.209677419
Odisha,JAJAPUR,2003,Whole Year,Onion,870,5650,6.494252874
Odisha,JAJAPUR,2003,Whole Year,Potato,263,3733.5,14.19581749
Odisha,JAJAPUR,2003,Whole Year,Sugarcane,170,5756.2,33.86
Odisha,JAJAPUR,2003,Whole Year,Sweet potato,130,1020,7.846153846
Odisha,JAJAPUR,2003,Whole Year,Turmeric,240,550,2.291666667
Odisha,JAJAPUR,2004,Autumn,Groundnut,209,100.1,0.478947368
Odisha,JAJAPUR,2004,Autumn,Jute,394,3572,9.065989848
Odisha,JAJAPUR,2004,Autumn,Maize,154,84.4,0.548051948
Odisha,JAJAPUR,2004,Autumn,Rice,20000,15000,0.75
Odisha,JAJAPUR,2004,Autumn,Sesamum,21,0.9,0.042857143
Odisha,JAJAPUR,2004,Autumn,Urad,3,0.5,0.166666667
Odisha,JAJAPUR,2004,Kharif,Castor seed,45,20,0.444444444
Odisha,JAJAPUR,2004,Kharif,Dry ginger,246,461,1.87398374
Odisha,JAJAPUR,2004,Kharif,Jowar,180,67,0.372222222
Odisha,JAJAPUR,2004,Rabi,Castor seed,202,130,0.643564356
Odisha,JAJAPUR,2004,Rabi,Gram,149,60,0.402684564
Odisha,JAJAPUR,2004,Rabi,Linseed,123,59,0.479674797
Odisha,JAJAPUR,2004,Rabi,Other  Rabi pulses,131,59,0.450381679
Odisha,JAJAPUR,2004,Rabi,Sunflower,33,30,0.909090909
Odisha,JAJAPUR,2004,Summer,Groundnut,13587,22812.6,1.679001987
Odisha,JAJAPUR,2004,Summer,Maize,28,26,0.928571429
Odisha,JAJAPUR,2004,Summer,Moong(Green Gram),11286,2844.1,0.252002481
Odisha,JAJAPUR,2004,Summer,Rice,2000,5000,2.5
Odisha,JAJAPUR,2004,Summer,Sesamum,6,1.5,0.25
Odisha,JAJAPUR,2004,Summer,Urad,8,2.4,0.3
Odisha,JAJAPUR,2004,Summer,Wheat,34,34.2,1.005882353
Odisha,JAJAPUR,2004,Whole Year,Coriander,1188,582,0.48989899
Odisha,JAJAPUR,2004,Whole Year,Dry chillies,2568,2150,0.837227414
Odisha,JAJAPUR,2004,Whole Year,Garlic,666,2130,3.198198198
Odisha,JAJAPUR,2004,Whole Year,Onion,911,5919,6.497255763
Odisha,JAJAPUR,2004,Whole Year,Sweet potato,129,1051,8.147286822
Odisha,JAJAPUR,2004,Whole Year,Turmeric,281,630,2.241992883
Odisha,JAJAPUR,2004,Winter,Horse-gram,829,219.7,0.265018094
Odisha,JAJAPUR,2004,Winter,Moong(Green Gram),43,1.7,0.039534884
Odisha,JAJAPUR,2004,Winter,Potato,324,3680.3,11.35895062
Odisha,JAJAPUR,2004,Winter,Rapeseed &Mustard,188,12.2,0.064893617
Odisha,JAJAPUR,2004,Winter,Rice,117000,160000,1.367521368
Odisha,JAJAPUR,2004,Winter,Sugarcane,239,11316.7,47.35020921
Odisha,JAJAPUR,2004,Winter,Urad,8008,2170.2,0.271003996
Odisha,JAJAPUR,2005,Autumn,Groundnut,7,2.5,0.357142857
Odisha,JAJAPUR,2005,Autumn,Jute,267,1651,6.183520599
Odisha,JAJAPUR,2005,Autumn,Maize,87,63.5,0.729885057
Odisha,JAJAPUR,2005,Autumn,Rice,19000,23000,1.210526316
Odisha,JAJAPUR,2005,Autumn,Urad,13,3.4,0.261538462
Odisha,JAJAPUR,2005,Summer,Groundnut,14481,23459.2,1.619998619
Odisha,JAJAPUR,2005,Summer,Maize,1,0.6,0.6
Odisha,JAJAPUR,2005,Summer,Moong(Green Gram),13556,4121,0.30399823
Odisha,JAJAPUR,2005,Summer,Rice,1000,3000,3
Odisha,JAJAPUR,2005,Summer,Sesamum,10,1.6,0.16
Odisha,JAJAPUR,2005,Summer,Urad,22,4.4,0.2
Odisha,JAJAPUR,2005,Summer,Wheat,18,18,1
Odisha,JAJAPUR,2005,Winter,Horse-gram,1642,451.6,0.275030451
Odisha,JAJAPUR,2005,Winter,Maize,35,52.4,1.497142857
Odisha,JAJAPUR,2005,Winter,Moong(Green Gram),4,1.7,0.425
Odisha,JAJAPUR,2005,Winter,Potato,399,3642.5,9.129072682
Odisha,JAJAPUR,2005,Winter,Rapeseed &Mustard,366,40.3,0.11010929
Odisha,JAJAPUR,2005,Winter,Rice,118000,213000,1.805084746
Odisha,JAJAPUR,2005,Winter,Sugarcane,234,12974.8,55.44786325
Odisha,JAJAPUR,2005,Winter,Urad,6186,1868.2,0.302004526
Odisha,JAJAPUR,2006,Autumn,Groundnut,27,21.1,0.781481481
Odisha,JAJAPUR,2006,Autumn,Jute,648,4673,7.211419753
Odisha,JAJAPUR,2006,Autumn,Maize,45,24.4,0.542222222
Odisha,JAJAPUR,2006,Autumn,Rice,18000,17000,0.944444444
Odisha,JAJAPUR,2006,Autumn,Sesamum,2,0.3,0.15
Odisha,JAJAPUR,2006,Autumn,Urad,15,1.7,0.113333333
Odisha,JAJAPUR,2006,Summer,Groundnut,13354,18281.6,1.368998053
Odisha,JAJAPUR,2006,Summer,Horse-gram,1,0.4,0.4
Odisha,JAJAPUR,2006,Summer,Moong(Green Gram),12646,3224.7,0.254997628
Odisha,JAJAPUR,2006,Summer,Rice,2000,3000,1.5
Odisha,JAJAPUR,2006,Summer,Sesamum,4,0.6,0.15
Odisha,JAJAPUR,2006,Summer,Urad,18,5.6,0.311111111
Odisha,JAJAPUR,2006,Summer,Wheat,24,25.3,1.054166667
Odisha,JAJAPUR,2006,Winter,Horse-gram,1191,382.3,0.320990764
Odisha,JAJAPUR,2006,Winter,Moong(Green Gram),18,5.6,0.311111111
Odisha,JAJAPUR,2006,Winter,Potato,446,5256.1,11.78497758
Odisha,JAJAPUR,2006,Winter,Rapeseed &Mustard,285,27.4,0.096140351
Odisha,JAJAPUR,2006,Winter,Rice,113000,158000,1.398230088
Odisha,JAJAPUR,2006,Winter,Sugarcane,411,23285.2,56.65498783
Odisha,JAJAPUR,2006,Winter,Urad,9674,3347.2,0.345999587
Odisha,JAJAPUR,2007,Autumn,Groundnut,1,0.6,0.6
Odisha,JAJAPUR,2007,Autumn,Jute,1270,7923,6.238582677
Odisha,JAJAPUR,2007,Autumn,Maize,26,18.6,0.715384615
Odisha,JAJAPUR,2007,Autumn,Rice,16000,12000,0.75
Odisha,JAJAPUR,2007,Autumn,Urad,16,2.1,0.13125
Odisha,JAJAPUR,2007,Summer,Groundnut,12387,19410.4,1.566997659
Odisha,JAJAPUR,2007,Summer,Maize,2,1.1,0.55
Odisha,JAJAPUR,2007,Summer,Moong(Green Gram),13543,2722.1,0.200996825
Odisha,JAJAPUR,2007,Summer,Rice,4000,10000,2.5
Odisha,JAJAPUR,2007,Summer,Sesamum,1,0.1,0.1
Odisha,JAJAPUR,2007,Summer,Urad,173,54,0.312138728
Odisha,JAJAPUR,2007,Summer,Wheat,96,124,1.291666667
Odisha,JAJAPUR,2007,Winter,Horse-gram,1238,501.4,0.405008078
Odisha,JAJAPUR,2007,Winter,Moong(Green Gram),36,19.2,0.533333333
Odisha,JAJAPUR,2007,Winter,Potato,386,5705.9,14.78212435
Odisha,JAJAPUR,2007,Winter,Rapeseed &Mustard,362,43.4,0.119889503
Odisha,JAJAPUR,2007,Winter,Rice,114000,182000,1.596491228
Odisha,JAJAPUR,2007,Winter,Sugarcane,434,20131.1,46.38502304
Odisha,JAJAPUR,2007,Winter,Urad,12458,5269.7,0.422997271
Odisha,JAJAPUR,2008,Autumn,Groundnut,9,4.4,0.488888889
Odisha,JAJAPUR,2008,Autumn,Jute,358,1977,5.522346369
Odisha,JAJAPUR,2008,Autumn,Maize,24,34,1.416666667
Odisha,JAJAPUR,2008,Autumn,Rice,14000,10000,0.714285714
Odisha,JAJAPUR,2008,Autumn,Sesamum,6,0.4,0.066666667
Odisha,JAJAPUR,2008,Autumn,Urad,11,1.4,0.127272727
Odisha,JAJAPUR,2008,Summer,Groundnut,11777,16087.4,1.366001528
Odisha,JAJAPUR,2008,Summer,Moong(Green Gram),7665,1877.9,0.244996738
Odisha,JAJAPUR,2008,Summer,Rice,3000,7000,2.333333333
Odisha,JAJAPUR,2008,Summer,Urad,20,7.6,0.38
Odisha,JAJAPUR,2008,Summer,Wheat,76,81.5,1.072368421
Odisha,JAJAPUR,2008,Winter,Horse-gram,1394,503.2,0.36097561
Odisha,JAJAPUR,2008,Winter,Moong(Green Gram),21,1.8,0.085714286
Odisha,JAJAPUR,2008,Winter,Potato,197,2237.1,11.35583756
Odisha,JAJAPUR,2008,Winter,Rapeseed &Mustard,311,22.7,0.072990354
Odisha,JAJAPUR,2008,Winter,Rice,122000,192000,1.573770492
Odisha,JAJAPUR,2008,Winter,Sesamum,12,6.5,0.541666667
Odisha,JAJAPUR,2008,Winter,Sugarcane,117,5101.2,43.6
Odisha,JAJAPUR,2008,Winter,Urad,9485,3253.4,0.343004744
Odisha,JAJAPUR,2009,Autumn,Groundnut,3,2.3,0.766666667
Odisha,JAJAPUR,2009,Autumn,Jute,530,4152,7.833962264
Odisha,JAJAPUR,2009,Autumn,Maize,44,54.6,1.240909091
Odisha,JAJAPUR,2009,Autumn,Rice,20000,26000,1.3
Odisha,JAJAPUR,2009,Autumn,Sesamum,2,0.3,0.15
Odisha,JAJAPUR,2009,Autumn,Urad,6,2.1,0.35
Odisha,JAJAPUR,2009,Summer,Groundnut,13515,21502.4,1.59100259
Odisha,JAJAPUR,2009,Summer,Maize,3,4.2,1.4
Odisha,JAJAPUR,2009,Summer,Moong(Green Gram),8501,2567.3,0.301999765
Odisha,JAJAPUR,2009,Summer,Rice,1000,3000,3
Odisha,JAJAPUR,2009,Summer,Urad,21,6.6,0.314285714
Odisha,JAJAPUR,2009,Summer,Wheat,11,16.2,1.472727273
Odisha,JAJAPUR,2009,Winter,Horse-gram,1226,469.6,0.383034258
Odisha,JAJAPUR,2009,Winter,Moong(Green Gram),3,0.7,0.233333333
Odisha,JAJAPUR,2009,Winter,Potato,328,4920.7,15.00213415
Odisha,JAJAPUR,2009,Winter,Rapeseed &Mustard,239,19.6,0.082008368
Odisha,JAJAPUR,2009,Winter,Rice,122000,228000,1.868852459
Odisha,JAJAPUR,2009,Winter,Sugarcane,666,34765.2,52.2
Odisha,JAJAPUR,2009,Winter,Urad,8958,3162.2,0.353002902
Odisha,JAJAPUR,2010,Autumn,Groundnut,40,39.7,0.9925
Odisha,JAJAPUR,2010,Autumn,Jute,730,7555,10.34931507
Odisha,JAJAPUR,2010,Autumn,Maize,44,49.9,1.134090909
Odisha,JAJAPUR,2010,Autumn,Rice,14000,10000,0.714285714
Odisha,JAJAPUR,2010,Autumn,Sesamum,4,0.6,0.15
Odisha,JAJAPUR,2010,Summer,Groundnut,10719,15210.3,1.419003638
Odisha,JAJAPUR,2010,Summer,Moong(Green Gram),10723,2830.9,0.264002611
Odisha,JAJAPUR,2010,Summer,Rice,2000,3000,1.5
Odisha,JAJAPUR,2010,Summer,Sesamum,1,0.4,0.4
Odisha,JAJAPUR,2010,Summer,Urad,106,19.4,0.183018868
Odisha,JAJAPUR,2010,Summer,Wheat,8,12.3,1.5375
Odisha,JAJAPUR,2010,Winter,Horse-gram,1482,469.8,0.317004049
Odisha,JAJAPUR,2010,Winter,Moong(Green Gram),19,2.6,0.136842105
Odisha,JAJAPUR,2010,Winter,Potato,230,3306.3,14.37521739
Odisha,JAJAPUR,2010,Winter,Rapeseed &Mustard,205,18.5,0.090243902
Odisha,JAJAPUR,2010,Winter,Rice,110000,160000,1.454545455
Odisha,JAJAPUR,2010,Winter,Sugarcane,111,5969.6,53.78018018
Odisha,JAJAPUR,2010,Winter,Urad,8614,2601.4,0.301996749
Odisha,JAJAPUR,2011,Autumn,Jute,1275,6276,4.922352941
Odisha,JAJAPUR,2011,Autumn,Maize,31,27.1,0.874193548
Odisha,JAJAPUR,2011,Autumn,Rice,12000,4000,0.333333333
Odisha,JAJAPUR,2011,Autumn,Sesamum,2,0.1,0.05
Odisha,JAJAPUR,2011,Autumn,Urad,5,0.5,0.1
Odisha,JAJAPUR,2011,Summer,Groundnut,13016,21411.3,1.644998463
Odisha,JAJAPUR,2011,Summer,Moong(Green Gram),10297,2430.1,0.236000777
Odisha,JAJAPUR,2011,Summer,Rice,1000,3000,3
Odisha,JAJAPUR,2011,Summer,Sesamum,2,0.2,0.1
Odisha,JAJAPUR,2011,Summer,Urad,23,6.8,0.295652174
Odisha,JAJAPUR,2011,Summer,Wheat,10,10.5,1.05
Odisha,JAJAPUR,2011,Winter,Groundnut,7,0.3,0.042857143
Odisha,JAJAPUR,2011,Winter,Horse-gram,1298,311.5,0.239984592
Odisha,JAJAPUR,2011,Winter,Moong(Green Gram),6,1,0.166666667
Odisha,JAJAPUR,2011,Winter,Potato,204,2671.4,13.09509804
Odisha,JAJAPUR,2011,Winter,Rapeseed &Mustard,243,22.6,0.093004115
Odisha,JAJAPUR,2011,Winter,Rice,108000,126000,1.166666667
Odisha,JAJAPUR,2011,Winter,Sugarcane,574,24505.8,42.69303136
Odisha,JAJAPUR,2011,Winter,Urad,13740,3435,0.25
Odisha,JAJAPUR,2012,Autumn,Groundnut,8,5.8,0.725
Odisha,JAJAPUR,2012,Autumn,Jute,394,470.8,1.194923858
Odisha,JAJAPUR,2012,Autumn,Maize,317,223.4,0.704731861
Odisha,JAJAPUR,2012,Autumn,Rice,16000,14000,0.875
Odisha,JAJAPUR,2012,Autumn,Sesamum,10,2.2,0.22
Odisha,JAJAPUR,2012,Autumn,Urad,6,0.5,0.083333333
Odisha,JAJAPUR,2012,Summer,Groundnut,11386,11181.1,0.982004216
Odisha,JAJAPUR,2012,Summer,Moong(Green Gram),10251,2511.5,0.245000488
Odisha,JAJAPUR,2012,Summer,Rice,213000,4000,0.018779343
Odisha,JAJAPUR,2012,Summer,Urad,192,88.3,0.459895833
Odisha,JAJAPUR,2012,Summer,Wheat,1,1.6,1.6
Odisha,JAJAPUR,2012,Winter,Horse-gram,1439,506.5,0.351980542
Odisha,JAJAPUR,2012,Winter,Moong(Green Gram),8,3.5,0.4375
Odisha,JAJAPUR,2012,Winter,Potato,223,2834.8,12.71210762
Odisha,JAJAPUR,2012,Winter,Rapeseed &Mustard,241,42.4,0.17593361
Odisha,JAJAPUR,2012,Winter,Rice,106000,199000,1.877358491
Odisha,JAJAPUR,2012,Winter,Sugarcane,805,35822.5,44.5
Odisha,JAJAPUR,2012,Winter,Urad,6655,2302.6,0.345995492
Odisha,JAJAPUR,2013,Autumn,Groundnut,89,115.7,1.3
Odisha,JAJAPUR,2013,Autumn,Jute,196,337.5,1.721938776
Odisha,JAJAPUR,2013,Autumn,Maize,35,28.1,0.802857143
Odisha,JAJAPUR,2013,Autumn,Rice,15000,18000,1.2
Odisha,JAJAPUR,2013,Summer,Groundnut,10503,19147,1.823002952
Odisha,JAJAPUR,2013,Summer,Moong(Green Gram),9431,2744.4,0.290997773
Odisha,JAJAPUR,2013,Summer,Rice,2000,6000,3
Odisha,JAJAPUR,2013,Summer,Urad,38,13.7,0.360526316
Odisha,JAJAPUR,2013,Summer,Wheat,13,17.1,1.315384615
Odisha,JAJAPUR,2013,Winter,Horse-gram,427,102.1,0.23911007
Odisha,JAJAPUR,2013,Winter,Moong(Green Gram),30,3.3,0.11
Odisha,JAJAPUR,2013,Winter,Potato,139,2118.9,15.24388489
Odisha,JAJAPUR,2013,Winter,Rapeseed &Mustard,187,13.8,0.073796791
Odisha,JAJAPUR,2013,Winter,Rice,109000,110000,1.009174312
Odisha,JAJAPUR,2013,Winter,Sugarcane,1052,46103.9,43.825
Odisha,JAJAPUR,2013,Winter,Urad,3612,552.6,0.152990033
Odisha,JAJAPUR,2014,Autumn,Jute,131,35.9,0.274045802
Odisha,JAJAPUR,2014,Autumn,Maize,45,31.7,0.704444444
Odisha,JAJAPUR,2014,Autumn,Rice,13000,13000,1
Odisha,JAJAPUR,2014,Summer,Groundnut,9900,11899.8,1.202
Odisha,JAJAPUR,2014,Summer,Moong(Green Gram),12248,3258,0.266002613
Odisha,JAJAPUR,2014,Summer,Rice,2000,5000,2.5
Odisha,JAJAPUR,2014,Summer,Urad,24,7.1,0.295833333
Odisha,JAJAPUR,2014,Summer,Wheat,17,33.9,1.994117647
Odisha,JAJAPUR,2014,Winter,Horse-gram,542,177.8,0.32804428
Odisha,JAJAPUR,2014,Winter,Potato,236,3755.5,15.91313559
Odisha,JAJAPUR,2014,Winter,Rapeseed &Mustard,107,14,0.130841121
Odisha,JAJAPUR,2014,Winter,Rice,114000,221000,1.938596491
Odisha,JAJAPUR,2014,Winter,Sugarcane,409,18121.2,44.30611247
Odisha,JAJAPUR,2014,Winter,Urad,7294,2392.4,0.327995613
Odisha,JAJAPUR,2015,Autumn,Jute,156,253,1.621794872
Odisha,JAJAPUR,2015,Autumn,Maize,22,20.7,0.940909091
Odisha,JAJAPUR,2015,Autumn,Rice,16000,18000,1.125
Odisha,JAJAPUR,2015,Summer,Groundnut,12481,12867.9,1.030999119
Odisha,JAJAPUR,2015,Summer,Moong(Green Gram),10466,2407.2,0.230001911
Odisha,JAJAPUR,2015,Summer,Rice,1000,2000,2
Odisha,JAJAPUR,2015,Summer,Urad,8,1.3,0.1625
Odisha,JAJAPUR,2015,Winter,Horse-gram,572,191,0.333916084
Odisha,JAJAPUR,2015,Winter,Potato,194,1870,9.639175258
Odisha,JAJAPUR,2015,Winter,Rapeseed &Mustard,96,9.1,0.094791667
Odisha,JAJAPUR,2015,Winter,Rice,93000,116000,1.247311828
Odisha,JAJAPUR,2015,Winter,Sugarcane,831,32748,39.40794224
Odisha,JAJAPUR,2015,Winter,Urad,3826,1228.1,0.320987977
Odisha,JHARSUGUDA,1997,Autumn,Arhar/Tur,24,6,0.25
Odisha,JHARSUGUDA,1997,Autumn,Groundnut,46,37,0.804347826
Odisha,JHARSUGUDA,1997,Autumn,Maize,1,1,1
Odisha,JHARSUGUDA,1997,Autumn,Paddy,25020,30960,1.237410072
Odisha,JHARSUGUDA,1997,Autumn,Ragi,3,1,0.333333333
Odisha,JHARSUGUDA,1997,Autumn,Sesamum,3,1,0.333333333
Odisha,JHARSUGUDA,1997,Autumn,Urad,13,3,0.230769231
Odisha,JHARSUGUDA,1997,Summer,Arhar/Tur,55,21,0.381818182
Odisha,JHARSUGUDA,1997,Summer,Groundnut,52,57,1.096153846
Odisha,JHARSUGUDA,1997,Summer,Paddy,487,964,1.979466119
Odisha,JHARSUGUDA,1997,Summer,Sesamum,4,1,0.25
Odisha,JHARSUGUDA,1997,Whole Year,Potato,178,1626,9.134831461
Odisha,JHARSUGUDA,1997,Winter,Horse-gram,479,113,0.235908142
Odisha,JHARSUGUDA,1997,Winter,Paddy,28705,46068,1.604877199
Odisha,JHARSUGUDA,1997,Winter,Sesamum,1189,205,0.172413793
Odisha,JHARSUGUDA,1997,Winter,Sugarcane,46,3029,65.84782609
Odisha,JHARSUGUDA,1997,Winter,Urad,140,37,0.264285714
Odisha,JHARSUGUDA,1998,Autumn,Groundnut,2,1,0.5
Odisha,JHARSUGUDA,1998,Autumn,Maize,9,7,0.777777778
Odisha,JHARSUGUDA,1998,Autumn,Moong(Green Gram),1,,
Odisha,JHARSUGUDA,1998,Autumn,Ragi,1,,
Odisha,JHARSUGUDA,1998,Autumn,Rice,27024,15652,0.579188869
Odisha,JHARSUGUDA,1998,Autumn,Sesamum,17,2,0.117647059
Odisha,JHARSUGUDA,1998,Autumn,Urad,56,11,0.196428571
Odisha,JHARSUGUDA,1998,Summer,Groundnut,381,467,1.225721785
Odisha,JHARSUGUDA,1998,Summer,Moong(Green Gram),193,66,0.341968912
Odisha,JHARSUGUDA,1998,Summer,Rice,856,1341,1.566588785
Odisha,JHARSUGUDA,1998,Summer,Sesamum,27,5,0.185185185
Odisha,JHARSUGUDA,1998,Summer,Wheat,147,230,1.56462585
Odisha,JHARSUGUDA,1998,Winter,Groundnut,5,5,1
Odisha,JHARSUGUDA,1998,Winter,Horse-gram,161,36,0.223602484
Odisha,JHARSUGUDA,1998,Winter,Maize,1,1,1
Odisha,JHARSUGUDA,1998,Winter,Moong(Green Gram),1,,
Odisha,JHARSUGUDA,1998,Winter,Potato,92,1088,11.82608696
Odisha,JHARSUGUDA,1998,Winter,Rapeseed &Mustard,306,58,0.189542484
Odisha,JHARSUGUDA,1998,Winter,Rice,28454,41204,1.448091657
Odisha,JHARSUGUDA,1998,Winter,Sesamum,429,103,0.24009324
Odisha,JHARSUGUDA,1998,Winter,Sugarcane,102,10224,100.2352941
Odisha,JHARSUGUDA,1998,Winter,Urad,34,5,0.147058824
Odisha,JHARSUGUDA,1999,Autumn,Rice,25000,34000,1.36
Odisha,JHARSUGUDA,1999,Kharif,Arhar/Tur,230,140,0.608695652
Odisha,JHARSUGUDA,1999,Kharif,Dry chillies,1020,1040,1.019607843
Odisha,JHARSUGUDA,1999,Kharif,Dry ginger,560,1100,1.964285714
Odisha,JHARSUGUDA,1999,Kharif,Groundnut,830,1000,1.204819277
Odisha,JHARSUGUDA,1999,Kharif,Maize,470,750,1.595744681
Odisha,JHARSUGUDA,1999,Kharif,Mesta,600,1770,2.95
Odisha,JHARSUGUDA,1999,Kharif,Moong(Green Gram),2000,880,0.44
Odisha,JHARSUGUDA,1999,Kharif,Ragi,10,10,1
Odisha,JHARSUGUDA,1999,Kharif,Sesamum,2500,1280,0.512
Odisha,JHARSUGUDA,1999,Kharif,Sweet potato,940,9180,9.765957447
Odisha,JHARSUGUDA,1999,Kharif,Turmeric,180,420,2.333333333
Odisha,JHARSUGUDA,1999,Kharif,Urad,3100,1320,0.425806452
Odisha,JHARSUGUDA,1999,Rabi,Castor seed,50,20,0.4
Odisha,JHARSUGUDA,1999,Rabi,Coriander,880,360,0.409090909
Odisha,JHARSUGUDA,1999,Rabi,Dry chillies,1480,1670,1.128378378
Odisha,JHARSUGUDA,1999,Rabi,Garlic,430,1290,3
Odisha,JHARSUGUDA,1999,Rabi,Gram,330,170,0.515151515
Odisha,JHARSUGUDA,1999,Rabi,Groundnut,430,590,1.372093023
Odisha,JHARSUGUDA,1999,Rabi,Maize,80,130,1.625
Odisha,JHARSUGUDA,1999,Rabi,Moong(Green Gram),1070,550,0.514018692
Odisha,JHARSUGUDA,1999,Rabi,Rapeseed &Mustard,3250,1460,0.449230769
Odisha,JHARSUGUDA,1999,Rabi,Sesamum,1230,570,0.463414634
Odisha,JHARSUGUDA,1999,Rabi,Sunflower,80,40,0.5
Odisha,JHARSUGUDA,1999,Rabi,Urad,470,210,0.446808511
Odisha,JHARSUGUDA,1999,Rabi,Wheat,890,1590,1.786516854
Odisha,JHARSUGUDA,1999,Summer,Rice,1610,3790,2.354037267
Odisha,JHARSUGUDA,1999,Whole Year,Onion,920,4180,4.543478261
Odisha,JHARSUGUDA,1999,Whole Year,Potato,120,1250,10.41666667
Odisha,JHARSUGUDA,1999,Winter,Rice,32000,59000,1.84375
Odisha,JHARSUGUDA,1999,Winter,Sugarcane,60,3900,65
Odisha,JHARSUGUDA,2000,Autumn,Rice,31000,6480,0.209032258
Odisha,JHARSUGUDA,2000,Kharif,Arhar/Tur,280,160,0.571428571
Odisha,JHARSUGUDA,2000,Kharif,Dry ginger,400,740,1.85
Odisha,JHARSUGUDA,2000,Kharif,Groundnut,86,99,1.151162791
Odisha,JHARSUGUDA,2000,Kharif,Horse-gram,84,6,0.071428571
Odisha,JHARSUGUDA,2000,Kharif,Maize,4,3.3,0.825
Odisha,JHARSUGUDA,2000,Kharif,Mesta,480,1530,3.1875
Odisha,JHARSUGUDA,2000,Kharif,Moong(Green Gram),97,48,0.494845361
Odisha,JHARSUGUDA,2000,Kharif,Ragi,4,1,0.25
Odisha,JHARSUGUDA,2000,Kharif,Sesamum,733,50.4,0.068758527
Odisha,JHARSUGUDA,2000,Kharif,Urad,23,1.3,0.056521739
Odisha,JHARSUGUDA,2000,Rabi,Castor seed,20,10,0.5
Odisha,JHARSUGUDA,2000,Rabi,Gram,50,20,0.4
Odisha,JHARSUGUDA,2000,Rabi,Niger seed,20,10,0.5
Odisha,JHARSUGUDA,2000,Rabi,Other  Rabi pulses,8,5,0.625
Odisha,JHARSUGUDA,2000,Rabi,Rapeseed &Mustard,136,31.1,0.228676471
Odisha,JHARSUGUDA,2000,Rabi,Sunflower,40,20,0.5
Odisha,JHARSUGUDA,2000,Rabi,Wheat,520,817.8,1.572692308
Odisha,JHARSUGUDA,2000,Summer,Rice,500,830,1.66
Odisha,JHARSUGUDA,2000,Whole Year,Coriander,80,40,0.5
Odisha,JHARSUGUDA,2000,Whole Year,Dry chillies,2350,1950,0.829787234
Odisha,JHARSUGUDA,2000,Whole Year,Garlic,120,370,3.083333333
Odisha,JHARSUGUDA,2000,Whole Year,Onion,130,690,5.307692308
Odisha,JHARSUGUDA,2000,Whole Year,Potato,116,884.4,7.624137931
Odisha,JHARSUGUDA,2000,Whole Year,Sugarcane,69,4242.3,61.4826087
Odisha,JHARSUGUDA,2000,Whole Year,Sweet potato,1150,9080,7.895652174
Odisha,JHARSUGUDA,2000,Whole Year,Turmeric,90,200,2.222222222
Odisha,JHARSUGUDA,2000,Winter,Rice,29240,16830,0.575581395
Odisha,JHARSUGUDA,2001,Kharif,Arhar/Tur,560,350,0.625
Odisha,JHARSUGUDA,2001,Kharif,Dry ginger,580,1070,1.844827586
Odisha,JHARSUGUDA,2001,Kharif,Groundnut,93,80.6,0.866666667
Odisha,JHARSUGUDA,2001,Kharif,Horse-gram,244,72.7,0.29795082
Odisha,JHARSUGUDA,2001,Kharif,Maize,3,3.6,1.2
Odisha,JHARSUGUDA,2001,Kharif,Moong(Green Gram),233,87.5,0.375536481
Odisha,JHARSUGUDA,2001,Kharif,Ragi,2,0.5,0.25
Odisha,JHARSUGUDA,2001,Kharif,Rice,65000,98000,1.507692308
Odisha,JHARSUGUDA,2001,Kharif,Sesamum,693,215.5,0.310966811
Odisha,JHARSUGUDA,2001,Kharif,Urad,89,35.4,0.397752809
Odisha,JHARSUGUDA,2001,Rabi,Castor seed,40,20,0.5
Odisha,JHARSUGUDA,2001,Rabi,Gram,450,210,0.466666667
Odisha,JHARSUGUDA,2001,Rabi,Other  Rabi pulses,750,690,0.92
Odisha,JHARSUGUDA,2001,Rabi,Rapeseed &Mustard,282,94.2,0.334042553
Odisha,JHARSUGUDA,2001,Rabi,Safflower,50,20,0.4
Odisha,JHARSUGUDA,2001,Rabi,Sunflower,120,60,0.5
Odisha,JHARSUGUDA,2001,Rabi,Wheat,416,581.6,1.398076923
Odisha,JHARSUGUDA,2001,Whole Year,Coriander,70,30,0.428571429
Odisha,JHARSUGUDA,2001,Whole Year,Dry chillies,1890,1470,0.777777778
Odisha,JHARSUGUDA,2001,Whole Year,Garlic,130,420,3.230769231
Odisha,JHARSUGUDA,2001,Whole Year,Onion,310,2350,7.580645161
Odisha,JHARSUGUDA,2001,Whole Year,Potato,225,2101.1,9.338222222
Odisha,JHARSUGUDA,2001,Whole Year,Sugarcane,51,4098.4,80.36078431
Odisha,JHARSUGUDA,2001,Whole Year,Sweet potato,1190,9370,7.87394958
Odisha,JHARSUGUDA,2001,Whole Year,Turmeric,360,810,2.25
Odisha,JHARSUGUDA,2002,Kharif,Arhar/Tur,650,400,0.615384615
Odisha,JHARSUGUDA,2002,Kharif,Dry ginger,520,960,1.846153846
Odisha,JHARSUGUDA,2002,Kharif,Groundnut,10,6.7,0.67
Odisha,JHARSUGUDA,2002,Kharif,Horse-gram,218,44.5,0.20412844
Odisha,JHARSUGUDA,2002,Kharif,Maize,4,19,4.75
Odisha,JHARSUGUDA,2002,Kharif,Moong(Green Gram),410,165.7,0.404146341
Odisha,JHARSUGUDA,2002,Kharif,Ragi,1,,
Odisha,JHARSUGUDA,2002,Kharif,Rice,61000,43000,0.704918033
Odisha,JHARSUGUDA,2002,Kharif,Sesamum,699,91.6,0.131044349
Odisha,JHARSUGUDA,2002,Kharif,Urad,78,9.1,0.116666667
Odisha,JHARSUGUDA,2002,Rabi,Castor seed,120,40,0.333333333
Odisha,JHARSUGUDA,2002,Rabi,Gram,410,180,0.43902439
Odisha,JHARSUGUDA,2002,Rabi,Other  Rabi pulses,570,410,0.719298246
Odisha,JHARSUGUDA,2002,Rabi,Rapeseed &Mustard,188,41.5,0.220744681
Odisha,JHARSUGUDA,2002,Rabi,Safflower,30,10,0.333333333
Odisha,JHARSUGUDA,2002,Rabi,Sunflower,70,30,0.428571429
Odisha,JHARSUGUDA,2002,Rabi,Wheat,154,216.2,1.403896104
Odisha,JHARSUGUDA,2002,Whole Year,Coriander,50,20,0.4
Odisha,JHARSUGUDA,2002,Whole Year,Dry chillies,1090,910,0.834862385
Odisha,JHARSUGUDA,2002,Whole Year,Garlic,110,350,3.181818182
Odisha,JHARSUGUDA,2002,Whole Year,Onion,650,4930,7.584615385
Odisha,JHARSUGUDA,2002,Whole Year,Potato,128,1099.8,8.5921875
Odisha,JHARSUGUDA,2002,Whole Year,Sugarcane,53,3733.3,70.43962264
Odisha,JHARSUGUDA,2002,Whole Year,Sweet potato,20,200,10
Odisha,JHARSUGUDA,2002,Whole Year,Turmeric,110,260,2.363636364
Odisha,JHARSUGUDA,2003,Kharif,Arhar/Tur,580,370,0.637931034
Odisha,JHARSUGUDA,2003,Kharif,Dry ginger,620,1150,1.85483871
Odisha,JHARSUGUDA,2003,Kharif,Groundnut,237,150.6,0.635443038
Odisha,JHARSUGUDA,2003,Kharif,Horse-gram,316,141.6,0.448101266
Odisha,JHARSUGUDA,2003,Kharif,Maize,2,1.6,0.8
Odisha,JHARSUGUDA,2003,Kharif,Moong(Green Gram),227,98.2,0.432599119
Odisha,JHARSUGUDA,2003,Kharif,Ragi,1,0.2,0.2
Odisha,JHARSUGUDA,2003,Kharif,Rice,57000,103000,1.807017544
Odisha,JHARSUGUDA,2003,Kharif,Sesamum,963,352.2,0.365732087
Odisha,JHARSUGUDA,2003,Kharif,Sunflower,40,20,0.5
Odisha,JHARSUGUDA,2003,Kharif,Urad,59,22.7,0.384745763
Odisha,JHARSUGUDA,2003,Rabi,Castor seed,30,10,0.333333333
Odisha,JHARSUGUDA,2003,Rabi,Gram,370,150,0.405405405
Odisha,JHARSUGUDA,2003,Rabi,Other  Rabi pulses,560,410,0.732142857
Odisha,JHARSUGUDA,2003,Rabi,Rapeseed &Mustard,312,98.3,0.315064103
Odisha,JHARSUGUDA,2003,Rabi,Sunflower,100,50,0.5
Odisha,JHARSUGUDA,2003,Rabi,Wheat,112,167.6,1.496428571
Odisha,JHARSUGUDA,2003,Whole Year,Coriander,220,110,0.5
Odisha,JHARSUGUDA,2003,Whole Year,Dry chillies,1190,1020,0.857142857
Odisha,JHARSUGUDA,2003,Whole Year,Garlic,190,600,3.157894737
Odisha,JHARSUGUDA,2003,Whole Year,Onion,400,3080,7.7
Odisha,JHARSUGUDA,2003,Whole Year,Potato,114,1125.5,9.872807018
Odisha,JHARSUGUDA,2003,Whole Year,Sugarcane,119,6989.8,58.73781513
Odisha,JHARSUGUDA,2003,Whole Year,Sweet potato,30,230,7.666666667
Odisha,JHARSUGUDA,2003,Whole Year,Turmeric,110,260,2.363636364
Odisha,JHARSUGUDA,2004,Autumn,Groundnut,160,103,0.64375
Odisha,JHARSUGUDA,2004,Autumn,Maize,3,9.4,3.133333333
Odisha,JHARSUGUDA,2004,Autumn,Ragi,2,0.9,0.45
Odisha,JHARSUGUDA,2004,Autumn,Rice,26000,20000,0.769230769
Odisha,JHARSUGUDA,2004,Autumn,Urad,30,5.6,0.186666667
Odisha,JHARSUGUDA,2004,Kharif,Castor seed,59,20,0.338983051
Odisha,JHARSUGUDA,2004,Kharif,Dry ginger,636,1177,1.850628931
Odisha,JHARSUGUDA,2004,Rabi,Castor seed,52,20,0.384615385
Odisha,JHARSUGUDA,2004,Rabi,Gram,316,136,0.430379747
Odisha,JHARSUGUDA,2004,Rabi,Other  Rabi pulses,536,386,0.720149254
Odisha,JHARSUGUDA,2004,Rabi,Sunflower,113,54,0.477876106
Odisha,JHARSUGUDA,2004,Summer,Groundnut,125,117.6,0.9408
Odisha,JHARSUGUDA,2004,Summer,Moong(Green Gram),43,11.7,0.272093023
Odisha,JHARSUGUDA,2004,Summer,Rice,1000,1000,1
Odisha,JHARSUGUDA,2004,Summer,Sesamum,1,0.5,0.5
Odisha,JHARSUGUDA,2004,Summer,Urad,4,1.8,0.45
Odisha,JHARSUGUDA,2004,Summer,Wheat,84,79.3,0.944047619
Odisha,JHARSUGUDA,2004,Whole Year,Coriander,160,77,0.48125
Odisha,JHARSUGUDA,2004,Whole Year,Dry chillies,1056,910,0.861742424
Odisha,JHARSUGUDA,2004,Whole Year,Garlic,180,576,3.2
Odisha,JHARSUGUDA,2004,Whole Year,Onion,452,3429,7.586283186
Odisha,JHARSUGUDA,2004,Whole Year,Sweet potato,26,218,8.384615385
Odisha,JHARSUGUDA,2004,Whole Year,Turmeric,113,266,2.353982301
Odisha,JHARSUGUDA,2004,Winter,Horse-gram,473,173.1,0.365961945
Odisha,JHARSUGUDA,2004,Winter,Potato,151,1558.5,10.32119205
Odisha,JHARSUGUDA,2004,Winter,Rapeseed &Mustard,565,187,0.330973451
Odisha,JHARSUGUDA,2004,Winter,Rice,32000,46000,1.4375
Odisha,JHARSUGUDA,2004,Winter,Sesamum,2018,559,0.277006938
Odisha,JHARSUGUDA,2004,Winter,Sugarcane,79,5606.4,70.96708861
Odisha,JHARSUGUDA,2004,Winter,Urad,51,15,0.294117647
Odisha,JHARSUGUDA,2005,Autumn,Groundnut,119,80.6,0.677310924
Odisha,JHARSUGUDA,2005,Autumn,Maize,5,4.4,0.88
Odisha,JHARSUGUDA,2005,Autumn,Rice,27000,27000,1
Odisha,JHARSUGUDA,2005,Summer,Groundnut,48,48.5,1.010416667
Odisha,JHARSUGUDA,2005,Summer,Maize,2,3.2,1.6
Odisha,JHARSUGUDA,2005,Summer,Moong(Green Gram),192,77.8,0.405208333
Odisha,JHARSUGUDA,2005,Summer,Rice,1000,2000,2
Odisha,JHARSUGUDA,2005,Summer,Sesamum,16,9.2,0.575
Odisha,JHARSUGUDA,2005,Summer,Wheat,88,112.5,1.278409091
Odisha,JHARSUGUDA,2005,Winter,Groundnut,28,27.8,0.992857143
Odisha,JHARSUGUDA,2005,Winter,Horse-gram,425,150.9,0.355058824
Odisha,JHARSUGUDA,2005,Winter,Potato,110,968.6,8.805454545
Odisha,JHARSUGUDA,2005,Winter,Rapeseed &Mustard,329,112.2,0.341033435
Odisha,JHARSUGUDA,2005,Winter,Rice,33000,73000,2.212121212
Odisha,JHARSUGUDA,2005,Winter,Sesamum,3184,971.1,0.304993719
Odisha,JHARSUGUDA,2005,Winter,Sugarcane,40,2517.7,62.9425
Odisha,JHARSUGUDA,2005,Winter,Urad,32,11.9,0.371875
Odisha,JHARSUGUDA,2006,Autumn,Groundnut,34,27.7,0.814705882
Odisha,JHARSUGUDA,2006,Autumn,Moong(Green Gram),1,0.5,0.5
Odisha,JHARSUGUDA,2006,Autumn,Ragi,1,0.8,0.8
Odisha,JHARSUGUDA,2006,Autumn,Rice,29000,41000,1.413793103
Odisha,JHARSUGUDA,2006,Autumn,Urad,51,18.8,0.368627451
Odisha,JHARSUGUDA,2006,Summer,Groundnut,63,63.1,1.001587302
Odisha,JHARSUGUDA,2006,Summer,Moong(Green Gram),139,59.9,0.430935252
Odisha,JHARSUGUDA,2006,Summer,Wheat,106,160.8,1.516981132
Odisha,JHARSUGUDA,2006,Winter,Groundnut,1,1.2,1.2
Odisha,JHARSUGUDA,2006,Winter,Horse-gram,361,123.8,0.342936288
Odisha,JHARSUGUDA,2006,Winter,Moong(Green Gram),2,0.7,0.35
Odisha,JHARSUGUDA,2006,Winter,Potato,140,1677.3,11.98071429
Odisha,JHARSUGUDA,2006,Winter,Rapeseed &Mustard,436,140.8,0.32293578
Odisha,JHARSUGUDA,2006,Winter,Rice,32000,71000,2.21875
Odisha,JHARSUGUDA,2006,Winter,Sesamum,1846,564.9,0.306013001
Odisha,JHARSUGUDA,2006,Winter,Sugarcane,47,3628.4,77.2
Odisha,JHARSUGUDA,2006,Winter,Urad,17,6.5,0.382352941
Odisha,JHARSUGUDA,2007,Autumn,Groundnut,29,25,0.862068966
Odisha,JHARSUGUDA,2007,Autumn,Maize,2,2.8,1.4
Odisha,JHARSUGUDA,2007,Autumn,Moong(Green Gram),1,0.4,0.4
Odisha,JHARSUGUDA,2007,Autumn,Ragi,2,0.8,0.4
Odisha,JHARSUGUDA,2007,Autumn,Rice,26000,35000,1.346153846
Odisha,JHARSUGUDA,2007,Autumn,Urad,11,4.4,0.4
Odisha,JHARSUGUDA,2007,Summer,Groundnut,32,33.5,1.046875
Odisha,JHARSUGUDA,2007,Summer,Maize,1,1.6,1.6
Odisha,JHARSUGUDA,2007,Summer,Moong(Green Gram),286,107.3,0.375174825
Odisha,JHARSUGUDA,2007,Summer,Rice,1000,2000,2
Odisha,JHARSUGUDA,2007,Summer,Sesamum,2,0.3,0.15
Odisha,JHARSUGUDA,2007,Summer,Wheat,260,359.6,1.383076923
Odisha,JHARSUGUDA,2007,Winter,Groundnut,10,9.1,0.91
Odisha,JHARSUGUDA,2007,Winter,Horse-gram,283,87.7,0.309893993
Odisha,JHARSUGUDA,2007,Winter,Potato,112,1171.7,10.46160714
Odisha,JHARSUGUDA,2007,Winter,Rapeseed &Mustard,426,127.4,0.299061033
Odisha,JHARSUGUDA,2007,Winter,Rice,31000,65000,2.096774194
Odisha,JHARSUGUDA,2007,Winter,Sesamum,1192,342.1,0.286996644
Odisha,JHARSUGUDA,2007,Winter,Sugarcane,53,3352.3,63.2509434
Odisha,JHARSUGUDA,2007,Winter,Urad,10,2.6,0.26
Odisha,JHARSUGUDA,2008,Autumn,Groundnut,52,56.6,1.088461538
Odisha,JHARSUGUDA,2008,Autumn,Maize,2,1.7,0.85
Odisha,JHARSUGUDA,2008,Autumn,Ragi,3,1.9,0.633333333
Odisha,JHARSUGUDA,2008,Autumn,Rice,24000,30000,1.25
Odisha,JHARSUGUDA,2008,Autumn,Urad,1,0.3,0.3
Odisha,JHARSUGUDA,2008,Summer,Groundnut,188,212.1,1.128191489
Odisha,JHARSUGUDA,2008,Summer,Moong(Green Gram),156,70.7,0.453205128
Odisha,JHARSUGUDA,2008,Summer,Rice,2000,4000,2
Odisha,JHARSUGUDA,2008,Summer,Wheat,286,502.5,1.756993007
Odisha,JHARSUGUDA,2008,Winter,Horse-gram,188,59.2,0.314893617
Odisha,JHARSUGUDA,2008,Winter,Moong(Green Gram),2,0.2,0.1
Odisha,JHARSUGUDA,2008,Winter,Potato,114,1252.1,10.98333333
Odisha,JHARSUGUDA,2008,Winter,Rapeseed &Mustard,285,84.9,0.297894737
Odisha,JHARSUGUDA,2008,Winter,Rice,28000,67000,2.392857143
Odisha,JHARSUGUDA,2008,Winter,Sesamum,663,190.3,0.287028658
Odisha,JHARSUGUDA,2008,Winter,Sugarcane,97,7973.4,82.2
Odisha,JHARSUGUDA,2008,Winter,Urad,10,3.2,0.32
Odisha,JHARSUGUDA,2009,Autumn,Groundnut,132,62.3,0.471969697
Odisha,JHARSUGUDA,2009,Autumn,Maize,10,8.4,0.84
Odisha,JHARSUGUDA,2009,Autumn,Ragi,1,0.5,0.5
Odisha,JHARSUGUDA,2009,Autumn,Rice,19000,3000,0.157894737
Odisha,JHARSUGUDA,2009,Autumn,Sesamum,1,0.2,0.2
Odisha,JHARSUGUDA,2009,Autumn,Urad,15,2.7,0.18
Odisha,JHARSUGUDA,2009,Summer,Groundnut,46,41.5,0.902173913
Odisha,JHARSUGUDA,2009,Summer,Maize,1,1.1,1.1
Odisha,JHARSUGUDA,2009,Summer,Moong(Green Gram),211,70.7,0.33507109
Odisha,JHARSUGUDA,2009,Summer,Sesamum,3,0.4,0.133333333
Odisha,JHARSUGUDA,2009,Summer,Wheat,100,135.1,1.351
Odisha,JHARSUGUDA,2009,Winter,Horse-gram,153,65.6,0.42875817
Odisha,JHARSUGUDA,2009,Winter,Maize,1,1.5,1.5
Odisha,JHARSUGUDA,2009,Winter,Moong(Green Gram),24,6.6,0.275
Odisha,JHARSUGUDA,2009,Winter,Potato,109,1207.5,11.07798165
Odisha,JHARSUGUDA,2009,Winter,Ragi,1,0.5,0.5
Odisha,JHARSUGUDA,2009,Winter,Rapeseed &Mustard,391,168.9,0.431969309
Odisha,JHARSUGUDA,2009,Winter,Rice,29000,17000,0.586206897
Odisha,JHARSUGUDA,2009,Winter,Sesamum,2755,1206.7,0.43800363
Odisha,JHARSUGUDA,2009,Winter,Sugarcane,34,2682.1,78.88529412
Odisha,JHARSUGUDA,2009,Winter,Urad,31,13.2,0.425806452
Odisha,JHARSUGUDA,2010,Autumn,Groundnut,420,315,0.75
Odisha,JHARSUGUDA,2010,Autumn,Maize,75,143.5,1.913333333
Odisha,JHARSUGUDA,2010,Autumn,Ragi,2,0.8,0.4
Odisha,JHARSUGUDA,2010,Autumn,Rice,22000,6000,0.272727273
Odisha,JHARSUGUDA,2010,Autumn,Sesamum,4,0.7,0.175
Odisha,JHARSUGUDA,2010,Autumn,Urad,19,4.6,0.242105263
Odisha,JHARSUGUDA,2010,Summer,Groundnut,54,69.7,1.290740741
Odisha,JHARSUGUDA,2010,Summer,Maize,3,4.5,1.5
Odisha,JHARSUGUDA,2010,Summer,Moong(Green Gram),499,119.8,0.24008016
Odisha,JHARSUGUDA,2010,Summer,Rice,1000,1000,1
Odisha,JHARSUGUDA,2010,Summer,Sesamum,6,2.1,0.35
Odisha,JHARSUGUDA,2010,Summer,Wheat,84,107.6,1.280952381
Odisha,JHARSUGUDA,2010,Winter,Horse-gram,330,97,0.293939394
Odisha,JHARSUGUDA,2010,Winter,Moong(Green Gram),27,3.7,0.137037037
Odisha,JHARSUGUDA,2010,Winter,Potato,159,1519.9,9.559119497
Odisha,JHARSUGUDA,2010,Winter,Rapeseed &Mustard,497,144.6,0.290945674
Odisha,JHARSUGUDA,2010,Winter,Rice,30000,25000,0.833333333
Odisha,JHARSUGUDA,2010,Winter,Sesamum,2603,502.4,0.193008068
Odisha,JHARSUGUDA,2010,Winter,Sugarcane,34,2920.4,85.89411765
Odisha,JHARSUGUDA,2010,Winter,Urad,66,16.2,0.245454545
Odisha,JHARSUGUDA,2011,Autumn,Groundnut,457,338.2,0.740043764
Odisha,JHARSUGUDA,2011,Autumn,Maize,19,47.5,2.5
Odisha,JHARSUGUDA,2011,Autumn,Rice,12000,6000,0.5
Odisha,JHARSUGUDA,2011,Autumn,Sesamum,1,0.2,0.2
Odisha,JHARSUGUDA,2011,Autumn,Urad,13,1.3,0.1
Odisha,JHARSUGUDA,2011,Summer,Groundnut,68,88.9,1.307352941
Odisha,JHARSUGUDA,2011,Summer,Moong(Green Gram),83,24.5,0.295180723
Odisha,JHARSUGUDA,2011,Summer,Rice,1000,1000,1
Odisha,JHARSUGUDA,2011,Summer,Sesamum,1,0.1,0.1
Odisha,JHARSUGUDA,2011,Summer,Wheat,14,17.9,1.278571429
Odisha,JHARSUGUDA,2011,Winter,Groundnut,8,9.2,1.15
Odisha,JHARSUGUDA,2011,Winter,Horse-gram,141,22.8,0.161702128
Odisha,JHARSUGUDA,2011,Winter,Potato,97,818.9,8.442268041
Odisha,JHARSUGUDA,2011,Winter,Rapeseed &Mustard,155,57.7,0.372258065
Odisha,JHARSUGUDA,2011,Winter,Rice,26000,39000,1.5
Odisha,JHARSUGUDA,2011,Winter,Sesamum,399,51.1,0.128070175
Odisha,JHARSUGUDA,2011,Winter,Sugarcane,36,3297.6,91.6
Odisha,JHARSUGUDA,2011,Winter,Urad,11,3.8,0.345454545
Odisha,JHARSUGUDA,2012,Autumn,Groundnut,226,189.6,0.838938053
Odisha,JHARSUGUDA,2012,Autumn,Maize,61,131.9,2.162295082
Odisha,JHARSUGUDA,2012,Autumn,Moong(Green Gram),17,1.8,0.105882353
Odisha,JHARSUGUDA,2012,Autumn,Ragi,2,0.9,0.45
Odisha,JHARSUGUDA,2012,Autumn,Rice,13000,25000,1.923076923
Odisha,JHARSUGUDA,2012,Autumn,Urad,32,3.1,0.096875
Odisha,JHARSUGUDA,2012,Summer,Groundnut,84,138.5,1.648809524
Odisha,JHARSUGUDA,2012,Summer,Maize,3,5.6,1.866666667
Odisha,JHARSUGUDA,2012,Summer,Moong(Green Gram),374,148.1,0.395989305
Odisha,JHARSUGUDA,2012,Summer,Rice,99000,1000,0.01010101
Odisha,JHARSUGUDA,2012,Summer,Wheat,5,7,1.4
Odisha,JHARSUGUDA,2012,Winter,Horse-gram,75,31.8,0.424
Odisha,JHARSUGUDA,2012,Winter,Potato,102,1112,10.90196078
Odisha,JHARSUGUDA,2012,Winter,Rapeseed &Mustard,267,80.4,0.301123596
Odisha,JHARSUGUDA,2012,Winter,Rice,24000,74000,3.083333333
Odisha,JHARSUGUDA,2012,Winter,Sesamum,304,97.6,0.321052632
Odisha,JHARSUGUDA,2012,Winter,Sugarcane,26,2368.1,91.08076923
Odisha,JHARSUGUDA,2013,Autumn,Groundnut,90,127.7,1.418888889
Odisha,JHARSUGUDA,2013,Autumn,Maize,49,104.7,2.136734694
Odisha,JHARSUGUDA,2013,Autumn,Rice,17000,14000,0.823529412
Odisha,JHARSUGUDA,2013,Autumn,Urad,3,0.4,0.133333333
Odisha,JHARSUGUDA,2013,Summer,Groundnut,43,84.3,1.960465116
Odisha,JHARSUGUDA,2013,Summer,Maize,2,6,3
Odisha,JHARSUGUDA,2013,Summer,Moong(Green Gram),261,97.4,0.373180077
Odisha,JHARSUGUDA,2013,Summer,Sesamum,6,1.5,0.25
Odisha,JHARSUGUDA,2013,Summer,Wheat,17,25.6,1.505882353
Odisha,JHARSUGUDA,2013,Winter,Horse-gram,116,39.6,0.34137931
Odisha,JHARSUGUDA,2013,Winter,Potato,86,969,11.26744186
Odisha,JHARSUGUDA,2013,Winter,Rapeseed &Mustard,235,110.7,0.47106383
Odisha,JHARSUGUDA,2013,Winter,Rice,23000,37000,1.608695652
Odisha,JHARSUGUDA,2013,Winter,Sesamum,347,117.6,0.338904899
Odisha,JHARSUGUDA,2013,Winter,Sugarcane,21,1405.8,66.94285714
Odisha,JHARSUGUDA,2014,Autumn,Groundnut,171,408.7,2.39005848
Odisha,JHARSUGUDA,2014,Autumn,Maize,28,87.4,3.121428571
Odisha,JHARSUGUDA,2014,Autumn,Rice,23000,22000,0.956521739
Odisha,JHARSUGUDA,2014,Autumn,Urad,50,9.7,0.194
Odisha,JHARSUGUDA,2014,Summer,Groundnut,58,94,1.620689655
Odisha,JHARSUGUDA,2014,Summer,Moong(Green Gram),109,37.5,0.344036697
Odisha,JHARSUGUDA,2014,Summer,Sesamum,3,1.1,0.366666667
Odisha,JHARSUGUDA,2014,Winter,Horse-gram,30,10.6,0.353333333
Odisha,JHARSUGUDA,2014,Winter,Maize,7,31.5,4.5
Odisha,JHARSUGUDA,2014,Winter,Potato,113,1081.3,9.569026549
Odisha,JHARSUGUDA,2014,Winter,Rapeseed &Mustard,90,39.7,0.441111111
Odisha,JHARSUGUDA,2014,Winter,Rice,46000,76000,1.652173913
Odisha,JHARSUGUDA,2014,Winter,Sesamum,87,29.5,0.33908046
Odisha,JHARSUGUDA,2014,Winter,Sugarcane,45,2585.5,57.45555556
Odisha,JHARSUGUDA,2015,Autumn,Groundnut,15,33.5,2.233333333
Odisha,JHARSUGUDA,2015,Autumn,Maize,14,50.5,3.607142857
Odisha,JHARSUGUDA,2015,Autumn,Rice,18000,11000,0.611111111
Odisha,JHARSUGUDA,2015,Autumn,Urad,5,0.9,0.18
Odisha,JHARSUGUDA,2015,Summer,Groundnut,1,1,1
Odisha,JHARSUGUDA,2015,Summer,Maize,1,3,3
Odisha,JHARSUGUDA,2015,Summer,Moong(Green Gram),107,37.8,0.353271028
Odisha,JHARSUGUDA,2015,Winter,Horse-gram,92,29.4,0.319565217
Odisha,JHARSUGUDA,2015,Winter,Moong(Green Gram),5,1.8,0.36
Odisha,JHARSUGUDA,2015,Winter,Potato,53,450.7,8.503773585
Odisha,JHARSUGUDA,2015,Winter,Rapeseed &Mustard,122,37.7,0.309016393
Odisha,JHARSUGUDA,2015,Winter,Rice,28000,32000,1.142857143
Odisha,JHARSUGUDA,2015,Winter,Sesamum,278,52.8,0.189928058
Odisha,JHARSUGUDA,2015,Winter,Sugarcane,8,448.5,56.0625
Odisha,KALAHANDI,1997,Autumn,Arhar/Tur,37,3,0.081081081
Odisha,KALAHANDI,1997,Autumn,Groundnut,806,490,0.607940447
Odisha,KALAHANDI,1997,Autumn,Jute,40,80,2
Odisha,KALAHANDI,1997,Autumn,Maize,1946,1494,0.767728674
Odisha,KALAHANDI,1997,Autumn,Paddy,79457,70773,0.890708182
Odisha,KALAHANDI,1997,Autumn,Ragi,1482,603,0.406882591
Odisha,KALAHANDI,1997,Autumn,Sesamum,22,5,0.227272727
Odisha,KALAHANDI,1997,Autumn,Urad,103,14,0.13592233
Odisha,KALAHANDI,1997,Rabi,Wheat,194,149,0.768041237
Odisha,KALAHANDI,1997,Summer,Arhar/Tur,2376,444,0.186868687
Odisha,KALAHANDI,1997,Summer,Groundnut,305,286,0.937704918
Odisha,KALAHANDI,1997,Summer,Paddy,3162,3488,1.103099304
Odisha,KALAHANDI,1997,Summer,Sesamum,54,15,0.277777778
Odisha,KALAHANDI,1997,Whole Year,Potato,46,342,7.434782609
Odisha,KALAHANDI,1997,Winter,Arhar/Tur,4796,566,0.118015013
Odisha,KALAHANDI,1997,Winter,Groundnut,1378,1257,0.912191582
Odisha,KALAHANDI,1997,Winter,Horse-gram,9423,1988,0.210973151
Odisha,KALAHANDI,1997,Winter,Paddy,148041,242741,1.639687654
Odisha,KALAHANDI,1997,Winter,Ragi,1238,511,0.41276252
Odisha,KALAHANDI,1997,Winter,Sesamum,2436,268,0.11001642
Odisha,KALAHANDI,1997,Winter,Sugarcane,632,32863,51.99841772
Odisha,KALAHANDI,1997,Winter,Urad,5449,975,0.178931914
Odisha,KALAHANDI,1998,Autumn,Groundnut,837,426,0.508960573
Odisha,KALAHANDI,1998,Autumn,Maize,1914,1441,0.752873563
Odisha,KALAHANDI,1998,Autumn,Moong(Green Gram),114,26,0.228070175
Odisha,KALAHANDI,1998,Autumn,Ragi,1777,597,0.335959482
Odisha,KALAHANDI,1998,Autumn,Rice,83508,33747,0.404116971
Odisha,KALAHANDI,1998,Autumn,Urad,456,36,0.078947368
Odisha,KALAHANDI,1998,Summer,Groundnut,466,408,0.875536481
Odisha,KALAHANDI,1998,Summer,Moong(Green Gram),7957,1186,0.14905115
Odisha,KALAHANDI,1998,Summer,Rice,3396,3050,0.89811543
Odisha,KALAHANDI,1998,Summer,Sesamum,272,45,0.165441176
Odisha,KALAHANDI,1998,Summer,Urad,22,3,0.136363636
Odisha,KALAHANDI,1998,Summer,Wheat,86,80,0.930232558
Odisha,KALAHANDI,1998,Winter,Groundnut,2313,1248,0.539559014
Odisha,KALAHANDI,1998,Winter,Horse-gram,8412,1624,0.193057537
Odisha,KALAHANDI,1998,Winter,Moong(Green Gram),5490,555,0.101092896
Odisha,KALAHANDI,1998,Winter,Potato,19,96,5.052631579
Odisha,KALAHANDI,1998,Winter,Ragi,1061,410,0.386427898
Odisha,KALAHANDI,1998,Winter,Rapeseed &Mustard,1595,144,0.090282132
Odisha,KALAHANDI,1998,Winter,Rice,139724,124634,0.892001374
Odisha,KALAHANDI,1998,Winter,Sesamum,2554,255,0.099843383
Odisha,KALAHANDI,1998,Winter,Sugarcane,764,38314,50.14921466
Odisha,KALAHANDI,1998,Winter,Urad,4695,747,0.159105431
Odisha,KALAHANDI,1999,Autumn,Rice,77000,62000,0.805194805
Odisha,KALAHANDI,1999,Kharif,Arhar/Tur,19580,12820,0.654749745
Odisha,KALAHANDI,1999,Kharif,Bajra,100,60,0.6
Odisha,KALAHANDI,1999,Kharif,Castor seed,2870,2360,0.822299652
Odisha,KALAHANDI,1999,Kharif,Cotton(lint),8980,16430,1.829621381
Odisha,KALAHANDI,1999,Kharif,Dry chillies,1190,580,0.487394958
Odisha,KALAHANDI,1999,Kharif,Dry ginger,90,150,1.666666667
Odisha,KALAHANDI,1999,Kharif,Groundnut,5010,5370,1.071856287
Odisha,KALAHANDI,1999,Kharif,Jowar,1190,770,0.647058824
Odisha,KALAHANDI,1999,Kharif,Maize,6140,6750,1.099348534
Odisha,KALAHANDI,1999,Kharif,Mesta,570,2480,4.350877193
Odisha,KALAHANDI,1999,Kharif,Moong(Green Gram),16460,7590,0.461117861
Odisha,KALAHANDI,1999,Kharif,Niger seed,6240,2960,0.474358974
Odisha,KALAHANDI,1999,Kharif,Ragi,9870,6290,0.637284701
Odisha,KALAHANDI,1999,Kharif,Sesamum,13490,5260,0.389918458
Odisha,KALAHANDI,1999,Kharif,Small millets,2430,1120,0.46090535
Odisha,KALAHANDI,1999,Kharif,Sweet potato,3020,15700,5.198675497
Odisha,KALAHANDI,1999,Kharif,Turmeric,100,190,1.9
Odisha,KALAHANDI,1999,Kharif,Urad,19190,9670,0.503908286
Odisha,KALAHANDI,1999,Rabi,Castor seed,520,390,0.75
Odisha,KALAHANDI,1999,Rabi,Coriander,2040,570,0.279411765
Odisha,KALAHANDI,1999,Rabi,Dry chillies,3560,1790,0.502808989
Odisha,KALAHANDI,1999,Rabi,Garlic,1080,2830,2.62037037
Odisha,KALAHANDI,1999,Rabi,Gram,10490,8320,0.79313632
Odisha,KALAHANDI,1999,Rabi,Groundnut,8140,9970,1.224815725
Odisha,KALAHANDI,1999,Rabi,Horse-gram,18900,11510,0.608994709
Odisha,KALAHANDI,1999,Rabi,Linseed,6230,3250,0.521669342
Odisha,KALAHANDI,1999,Rabi,Maize,630,1010,1.603174603
Odisha,KALAHANDI,1999,Rabi,Masoor,5910,3500,0.592216582
Odisha,KALAHANDI,1999,Rabi,Moong(Green Gram),44020,23330,0.52998637
Odisha,KALAHANDI,1999,Rabi,Rapeseed &Mustard,11170,6370,0.570277529
Odisha,KALAHANDI,1999,Rabi,Safflower,1420,850,0.598591549
Odisha,KALAHANDI,1999,Rabi,Sesamum,2690,1150,0.427509294
Odisha,KALAHANDI,1999,Rabi,Sunflower,980,960,0.979591837
Odisha,KALAHANDI,1999,Rabi,Urad,24880,12090,0.485932476
Odisha,KALAHANDI,1999,Rabi,Wheat,970,860,0.886597938
Odisha,KALAHANDI,1999,Summer,Rice,12020,23820,1.981697171
Odisha,KALAHANDI,1999,Whole Year,Onion,5030,46120,9.168986083
Odisha,KALAHANDI,1999,Whole Year,Sannhamp,620,2770,4.467741935
Odisha,KALAHANDI,1999,Whole Year,Tobacco,810,240,0.296296296
Odisha,KALAHANDI,1999,Winter,Rice,137000,190000,1.386861314
Odisha,KALAHANDI,1999,Winter,Sugarcane,2670,216850,81.21722846
Odisha,KALAHANDI,2000,Autumn,Rice,97470,90240,0.92582333
Odisha,KALAHANDI,2000,Kharif,Arhar/Tur,20740,13650,0.658148505
Odisha,KALAHANDI,2000,Kharif,Bajra,40,20,0.5
Odisha,KALAHANDI,2000,Kharif,Castor seed,920,710,0.77173913
Odisha,KALAHANDI,2000,Kharif,Cotton(lint),15510,23360,1.506125081
Odisha,KALAHANDI,2000,Kharif,Dry ginger,90,160,1.777777778
Odisha,KALAHANDI,2000,Kharif,Groundnut,1829,1538.8,0.841334062
Odisha,KALAHANDI,2000,Kharif,Horse-gram,5976,1004,0.168005355
Odisha,KALAHANDI,2000,Kharif,Jowar,1170,550,0.47008547
Odisha,KALAHANDI,2000,Kharif,Maize,1514,1115.8,0.736988111
Odisha,KALAHANDI,2000,Kharif,Mesta,490,2120,4.326530612
Odisha,KALAHANDI,2000,Kharif,Moong(Green Gram),5854,978.4,0.167133584
Odisha,KALAHANDI,2000,Kharif,Niger seed,6850,2140,0.312408759
Odisha,KALAHANDI,2000,Kharif,Other Kharif pulses,2560,1920,0.75
Odisha,KALAHANDI,2000,Kharif,Ragi,3105,1322.8,0.426022544
Odisha,KALAHANDI,2000,Kharif,Sesamum,2598,270.2,0.104003079
Odisha,KALAHANDI,2000,Kharif,Small millets,450,170,0.377777778
Odisha,KALAHANDI,2000,Kharif,Urad,5062,679.3,0.13419597
Odisha,KALAHANDI,2000,Rabi,Castor seed,1520,1000,0.657894737
Odisha,KALAHANDI,2000,Rabi,Gram,5990,5240,0.874791319
Odisha,KALAHANDI,2000,Rabi,Linseed,3100,1380,0.44516129
Odisha,KALAHANDI,2000,Rabi,Rapeseed &Mustard,549,56,0.102003643
Odisha,KALAHANDI,2000,Rabi,Safflower,1200,690,0.575
Odisha,KALAHANDI,2000,Rabi,Sunflower,490,530,1.081632653
Odisha,KALAHANDI,2000,Rabi,Wheat,67,93.7,1.398507463
Odisha,KALAHANDI,2000,Summer,Rice,28850,58480,2.027036395
Odisha,KALAHANDI,2000,Whole Year,Coriander,1040,510,0.490384615
Odisha,KALAHANDI,2000,Whole Year,Dry chillies,1700,1490,0.876470588
Odisha,KALAHANDI,2000,Whole Year,Garlic,370,1170,3.162162162
Odisha,KALAHANDI,2000,Whole Year,Onion,1210,11370,9.396694215
Odisha,KALAHANDI,2000,Whole Year,Potato,1,4.1,4.1
Odisha,KALAHANDI,2000,Whole Year,Sannhamp,490,2230,4.551020408
Odisha,KALAHANDI,2000,Whole Year,Sugarcane,1141,50345.5,44.12401402
Odisha,KALAHANDI,2000,Whole Year,Sweet potato,1010,8520,8.435643564
Odisha,KALAHANDI,2000,Whole Year,Tobacco,430,110,0.255813953
Odisha,KALAHANDI,2000,Whole Year,Turmeric,110,250,2.272727273
Odisha,KALAHANDI,2000,Winter,Rice,139320,193270,1.387238013
Odisha,KALAHANDI,2001,Kharif,Arhar/Tur,19700,11960,0.607106599
Odisha,KALAHANDI,2001,Kharif,Bajra,130,80,0.615384615
Odisha,KALAHANDI,2001,Kharif,Castor seed,1220,1060,0.868852459
Odisha,KALAHANDI,2001,Kharif,Dry ginger,220,380,1.727272727
Odisha,KALAHANDI,2001,Kharif,Groundnut,917,755,0.823336968
Odisha,KALAHANDI,2001,Kharif,Horse-gram,7316,2172.9,0.297006561
Odisha,KALAHANDI,2001,Kharif,Jowar,680,620,0.911764706
Odisha,KALAHANDI,2001,Kharif,Maize,1679,967.6,0.576295414
Odisha,KALAHANDI,2001,Kharif,Moong(Green Gram),4011,868.8,0.216604338
Odisha,KALAHANDI,2001,Kharif,Niger seed,6680,2520,0.377245509
Odisha,KALAHANDI,2001,Kharif,Ragi,2519,1027.1,0.407741167
Odisha,KALAHANDI,2001,Kharif,Rice,262000,363000,1.385496183
Odisha,KALAHANDI,2001,Kharif,Sesamum,2421,343.3,0.141800909
Odisha,KALAHANDI,2001,Kharif,Small millets,620,280,0.451612903
Odisha,KALAHANDI,2001,Kharif,Urad,4654,1028.4,0.220971208
Odisha,KALAHANDI,2001,Rabi,Castor seed,1950,1850,0.948717949
Odisha,KALAHANDI,2001,Rabi,Gram,9870,8690,0.880445795
Odisha,KALAHANDI,2001,Rabi,Linseed,3700,1710,0.462162162
Odisha,KALAHANDI,2001,Rabi,Rapeseed &Mustard,1090,151.5,0.138990826
Odisha,KALAHANDI,2001,Rabi,Safflower,1500,860,0.573333333
Odisha,KALAHANDI,2001,Rabi,Sunflower,1050,1350,1.285714286
Odisha,KALAHANDI,2001,Rabi,Wheat,43,29.9,0.695348837
Odisha,KALAHANDI,2001,Whole Year,Coriander,980,480,0.489795918
Odisha,KALAHANDI,2001,Whole Year,Dry chillies,1670,1300,0.778443114
Odisha,KALAHANDI,2001,Whole Year,Garlic,490,1550,3.163265306
Odisha,KALAHANDI,2001,Whole Year,Onion,1430,15300,10.6993007
Odisha,KALAHANDI,2001,Whole Year,Sugarcane,163,7781.3,47.73803681
Odisha,KALAHANDI,2001,Whole Year,Sweet potato,1040,8800,8.461538462
Odisha,KALAHANDI,2001,Whole Year,Tobacco,410,100,0.243902439
Odisha,KALAHANDI,2001,Whole Year,Turmeric,280,650,2.321428571
Odisha,KALAHANDI,2002,Kharif,Arhar/Tur,11640,6820,0.585910653
Odisha,KALAHANDI,2002,Kharif,Bajra,60,40,0.666666667
Odisha,KALAHANDI,2002,Kharif,Castor seed,1270,810,0.637795276
Odisha,KALAHANDI,2002,Kharif,Dry ginger,50,90,1.8
Odisha,KALAHANDI,2002,Kharif,Groundnut,1341,811.4,0.605070843
Odisha,KALAHANDI,2002,Kharif,Horse-gram,6558,1062.4,0.16200061
Odisha,KALAHANDI,2002,Kharif,Jowar,290,300,1.034482759
Odisha,KALAHANDI,2002,Kharif,Maize,1463,970.1,0.663089542
Odisha,KALAHANDI,2002,Kharif,Moong(Green Gram),3283,464.4,0.141455985
Odisha,KALAHANDI,2002,Kharif,Niger seed,6370,2180,0.342229199
Odisha,KALAHANDI,2002,Kharif,Ragi,1987,577.3,0.2905385
Odisha,KALAHANDI,2002,Kharif,Rice,247000,109000,0.441295547
Odisha,KALAHANDI,2002,Kharif,Sesamum,2071,226.9,0.109560599
Odisha,KALAHANDI,2002,Kharif,Small millets,2150,950,0.441860465
Odisha,KALAHANDI,2002,Kharif,Urad,4174,414.7,0.099353138
Odisha,KALAHANDI,2002,Rabi,Castor seed,920,660,0.717391304
Odisha,KALAHANDI,2002,Rabi,Gram,5520,5240,0.949275362
Odisha,KALAHANDI,2002,Rabi,Linseed,1390,660,0.474820144
Odisha,KALAHANDI,2002,Rabi,Rapeseed &Mustard,788,85.9,0.109010152
Odisha,KALAHANDI,2002,Rabi,Safflower,550,330,0.6
Odisha,KALAHANDI,2002,Rabi,Sunflower,350,460,1.314285714
Odisha,KALAHANDI,2002,Rabi,Wheat,72,65.2,0.905555556
Odisha,KALAHANDI,2002,Whole Year,Coriander,1040,500,0.480769231
Odisha,KALAHANDI,2002,Whole Year,Dry chillies,1690,1320,0.781065089
Odisha,KALAHANDI,2002,Whole Year,Garlic,490,1550,3.163265306
Odisha,KALAHANDI,2002,Whole Year,Onion,2490,26640,10.69879518
Odisha,KALAHANDI,2002,Whole Year,Sugarcane,274,14154.8,51.65985401
Odisha,KALAHANDI,2002,Whole Year,Sweet potato,250,2060,8.24
Odisha,KALAHANDI,2002,Whole Year,Tobacco,150,50,0.333333333
Odisha,KALAHANDI,2002,Whole Year,Turmeric,1580,3610,2.284810127
Odisha,KALAHANDI,2003,Kharif,Arhar/Tur,18560,14400,0.775862069
Odisha,KALAHANDI,2003,Kharif,Bajra,70,50,0.714285714
Odisha,KALAHANDI,2003,Kharif,Castor seed,2470,2060,0.834008097
Odisha,KALAHANDI,2003,Kharif,Dry ginger,80,150,1.875
Odisha,KALAHANDI,2003,Kharif,Groundnut,2171,2177.6,1.003040074
Odisha,KALAHANDI,2003,Kharif,Horse-gram,7601,1923.1,0.253006183
Odisha,KALAHANDI,2003,Kharif,Jowar,250,260,1.04
Odisha,KALAHANDI,2003,Kharif,Maize,1799,1209.7,0.672429127
Odisha,KALAHANDI,2003,Kharif,Moong(Green Gram),7530,1455.4,0.193280212
Odisha,KALAHANDI,2003,Kharif,Niger seed,7750,3130,0.403870968
Odisha,KALAHANDI,2003,Kharif,Ragi,2749,1113.4,0.405020007
Odisha,KALAHANDI,2003,Kharif,Rice,273000,357000,1.307692308
Odisha,KALAHANDI,2003,Kharif,Sesamum,1493,188.2,0.126054923
Odisha,KALAHANDI,2003,Kharif,Small millets,520,250,0.480769231
Odisha,KALAHANDI,2003,Kharif,Sunflower,40,20,0.5
Odisha,KALAHANDI,2003,Kharif,Urad,4244,992.7,0.233906692
Odisha,KALAHANDI,2003,Rabi,Castor seed,790,380,0.481012658
Odisha,KALAHANDI,2003,Rabi,Gram,5870,5580,0.950596252
Odisha,KALAHANDI,2003,Rabi,Linseed,1870,1210,0.647058824
Odisha,KALAHANDI,2003,Rabi,Other  Rabi pulses,950,480,0.505263158
Odisha,KALAHANDI,2003,Rabi,Rapeseed &Mustard,1094,184.9,0.169012797
Odisha,KALAHANDI,2003,Rabi,Safflower,760,490,0.644736842
Odisha,KALAHANDI,2003,Rabi,Sunflower,660,860,1.303030303
Odisha,KALAHANDI,2003,Rabi,Wheat,93,124.1,1.334408602
Odisha,KALAHANDI,2003,Whole Year,Coriander,830,400,0.481927711
Odisha,KALAHANDI,2003,Whole Year,Dry chillies,1860,1450,0.779569892
Odisha,KALAHANDI,2003,Whole Year,Garlic,430,1350,3.139534884
Odisha,KALAHANDI,2003,Whole Year,Onion,2370,25360,10.70042194
Odisha,KALAHANDI,2003,Whole Year,Potato,6,51.3,8.55
Odisha,KALAHANDI,2003,Whole Year,Sugarcane,399,19860.6,49.77593985
Odisha,KALAHANDI,2003,Whole Year,Sweet potato,250,2070,8.28
Odisha,KALAHANDI,2003,Whole Year,Tobacco,500,150,0.3
Odisha,KALAHANDI,2003,Whole Year,Turmeric,870,1990,2.287356322
Odisha,KALAHANDI,2004,Autumn,Groundnut,386,247,0.639896373
Odisha,KALAHANDI,2004,Autumn,Maize,1417,1099.5,0.775935074
Odisha,KALAHANDI,2004,Autumn,Moong(Green Gram),99,17.6,0.177777778
Odisha,KALAHANDI,2004,Autumn,Ragi,605,295.8,0.48892562
Odisha,KALAHANDI,2004,Autumn,Rice,87000,62000,0.712643678
Odisha,KALAHANDI,2004,Autumn,Urad,24,4.7,0.195833333
Odisha,KALAHANDI,2004,Kharif,Bajra,58,34,0.586206897
Odisha,KALAHANDI,2004,Kharif,Castor seed,2386,1900,0.796311819
Odisha,KALAHANDI,2004,Kharif,Dry ginger,72,132,1.833333333
Odisha,KALAHANDI,2004,Kharif,Jowar,230,159,0.691304348
Odisha,KALAHANDI,2004,Kharif,Small millets,464,270,0.581896552
Odisha,KALAHANDI,2004,Rabi,Castor seed,1488,1200,0.806451613
Odisha,KALAHANDI,2004,Rabi,Gram,8009,5582,0.696965913
Odisha,KALAHANDI,2004,Rabi,Linseed,1843,879,0.476939772
Odisha,KALAHANDI,2004,Rabi,Masoor,2650,1150,0.433962264
Odisha,KALAHANDI,2004,Rabi,Niger seed,7794,3772,0.483962022
Odisha,KALAHANDI,2004,Rabi,Other  Rabi pulses,1780,1124,0.631460674
Odisha,KALAHANDI,2004,Rabi,Safflower,1072,714,0.666044776
Odisha,KALAHANDI,2004,Rabi,Sunflower,1323,1765,1.334089191
Odisha,KALAHANDI,2004,Summer,Groundnut,393,297.9,0.758015267
Odisha,KALAHANDI,2004,Summer,Maize,5,2.8,0.56
Odisha,KALAHANDI,2004,Summer,Moong(Green Gram),1779,464.3,0.26098932
Odisha,KALAHANDI,2004,Summer,Ragi,14,0.6,0.042857143
Odisha,KALAHANDI,2004,Summer,Rice,42000,68000,1.619047619
Odisha,KALAHANDI,2004,Summer,Sesamum,1,0.1,0.1
Odisha,KALAHANDI,2004,Summer,Wheat,160,155.2,0.97
Odisha,KALAHANDI,2004,Whole Year,Coriander,771,375,0.486381323
Odisha,KALAHANDI,2004,Whole Year,Dry chillies,1980,1540,0.777777778
Odisha,KALAHANDI,2004,Whole Year,Garlic,470,1488,3.165957447
Odisha,KALAHANDI,2004,Whole Year,Onion,2166,23173,10.69852262
Odisha,KALAHANDI,2004,Whole Year,Sweet potato,258,2157,8.360465116
Odisha,KALAHANDI,2004,Whole Year,Tobacco,247,78,0.315789474
Odisha,KALAHANDI,2004,Whole Year,Turmeric,827,1887,2.281741233
Odisha,KALAHANDI,2004,Winter,Groundnut,665,407,0.612030075
Odisha,KALAHANDI,2004,Winter,Horse-gram,6716,1457.4,0.217004169
Odisha,KALAHANDI,2004,Winter,Moong(Green Gram),4830,671.4,0.139006211
Odisha,KALAHANDI,2004,Winter,Ragi,1138,454.1,0.399033392
Odisha,KALAHANDI,2004,Winter,Rapeseed &Mustard,899,125,0.139043382
Odisha,KALAHANDI,2004,Winter,Rice,138000,158000,1.144927536
Odisha,KALAHANDI,2004,Winter,Sesamum,860,86,0.1
Odisha,KALAHANDI,2004,Winter,Sugarcane,290,12972,44.73103448
Odisha,KALAHANDI,2004,Winter,Urad,4789,814.1,0.169993736
Odisha,KALAHANDI,2005,Autumn,Groundnut,851,360,0.423031727
Odisha,KALAHANDI,2005,Autumn,Maize,1415,926.5,0.654770318
Odisha,KALAHANDI,2005,Autumn,Moong(Green Gram),55,4.4,0.08
Odisha,KALAHANDI,2005,Autumn,Ragi,731,276.3,0.377975376
Odisha,KALAHANDI,2005,Autumn,Rice,87000,59000,0.67816092
Odisha,KALAHANDI,2005,Autumn,Urad,17,1.5,0.088235294
Odisha,KALAHANDI,2005,Summer,Groundnut,371,364.3,0.981940701
Odisha,KALAHANDI,2005,Summer,Maize,5,4.5,0.9
Odisha,KALAHANDI,2005,Summer,Moong(Green Gram),2361,391.9,0.165988988
Odisha,KALAHANDI,2005,Summer,Rice,51000,71000,1.392156863
Odisha,KALAHANDI,2005,Summer,Sesamum,32,2.6,0.08125
Odisha,KALAHANDI,2005,Summer,Wheat,84,64.6,0.769047619
Odisha,KALAHANDI,2005,Winter,Groundnut,1024,590.8,0.576953125
Odisha,KALAHANDI,2005,Winter,Horse-gram,7010,1619.3,0.230998573
Odisha,KALAHANDI,2005,Winter,Moong(Green Gram),3815,595.1,0.155989515
Odisha,KALAHANDI,2005,Winter,Potato,187,1204.7,6.442245989
Odisha,KALAHANDI,2005,Winter,Ragi,1577,651.3,0.412999366
Odisha,KALAHANDI,2005,Winter,Rapeseed &Mustard,831,108,0.129963899
Odisha,KALAHANDI,2005,Winter,Rice,150000,177000,1.18
Odisha,KALAHANDI,2005,Winter,Sesamum,820,92.7,0.11304878
Odisha,KALAHANDI,2005,Winter,Sugarcane,577,33175.2,57.49601386
Odisha,KALAHANDI,2005,Winter,Urad,6329,1044.3,0.16500237
Odisha,KALAHANDI,2006,Autumn,Groundnut,877,574.4,0.654960091
Odisha,KALAHANDI,2006,Autumn,Maize,1410,904.4,0.64141844
Odisha,KALAHANDI,2006,Autumn,Moong(Green Gram),36,2.7,0.075
Odisha,KALAHANDI,2006,Autumn,Ragi,751,316.2,0.421038615
Odisha,KALAHANDI,2006,Autumn,Rice,84000,72000,0.857142857
Odisha,KALAHANDI,2006,Autumn,Urad,14,1.4,0.1
Odisha,KALAHANDI,2006,Summer,Groundnut,219,154.6,0.705936073
Odisha,KALAHANDI,2006,Summer,Maize,1,1.1,1.1
Odisha,KALAHANDI,2006,Summer,Moong(Green Gram),3219,695.3,0.215998757
Odisha,KALAHANDI,2006,Summer,Rice,41000,62000,1.512195122
Odisha,KALAHANDI,2006,Summer,Sesamum,30,2.4,0.08
Odisha,KALAHANDI,2006,Summer,Wheat,33,35.2,1.066666667
Odisha,KALAHANDI,2006,Winter,Groundnut,747,531.1,0.710977242
Odisha,KALAHANDI,2006,Winter,Horse-gram,5461,1305.2,0.239003845
Odisha,KALAHANDI,2006,Winter,Moong(Green Gram),2887,528.3,0.182992726
Odisha,KALAHANDI,2006,Winter,Potato,4,12.4,3.1
Odisha,KALAHANDI,2006,Winter,Ragi,831,338.2,0.406979543
Odisha,KALAHANDI,2006,Winter,Rapeseed &Mustard,989,119.7,0.121031345
Odisha,KALAHANDI,2006,Winter,Rice,137000,155000,1.131386861
Odisha,KALAHANDI,2006,Winter,Sesamum,588,70,0.119047619
Odisha,KALAHANDI,2006,Winter,Sugarcane,374,18520.5,49.52005348
Odisha,KALAHANDI,2006,Winter,Urad,4240,691.1,0.162995283
Odisha,KALAHANDI,2007,Autumn,Groundnut,615,451.4,0.73398374
Odisha,KALAHANDI,2007,Autumn,Maize,1429,1078.3,0.754583625
Odisha,KALAHANDI,2007,Autumn,Moong(Green Gram),9,1.1,0.122222222
Odisha,KALAHANDI,2007,Autumn,Ragi,930,401.8,0.432043011
Odisha,KALAHANDI,2007,Autumn,Rice,71000,66000,0.929577465
Odisha,KALAHANDI,2007,Autumn,Sesamum,18,3.1,0.172222222
Odisha,KALAHANDI,2007,Autumn,Urad,4,0.4,0.1
Odisha,KALAHANDI,2007,Summer,Groundnut,508,497.8,0.97992126
Odisha,KALAHANDI,2007,Summer,Moong(Green Gram),5899,1309.6,0.222003729
Odisha,KALAHANDI,2007,Summer,Rice,52000,86000,1.653846154
Odisha,KALAHANDI,2007,Summer,Sesamum,6,0.7,0.116666667
Odisha,KALAHANDI,2007,Summer,Urad,12,1.2,0.1
Odisha,KALAHANDI,2007,Summer,Wheat,17,15.7,0.923529412
Odisha,KALAHANDI,2007,Winter,Groundnut,310,301.9,0.973870968
Odisha,KALAHANDI,2007,Winter,Horse-gram,5794,1309.4,0.225992406
Odisha,KALAHANDI,2007,Winter,Maize,1,1.8,1.8
Odisha,KALAHANDI,2007,Winter,Moong(Green Gram),2729,496.7,0.182008062
Odisha,KALAHANDI,2007,Winter,Potato,5,28.2,5.64
Odisha,KALAHANDI,2007,Winter,Ragi,830,342.8,0.413012048
Odisha,KALAHANDI,2007,Winter,Rapeseed &Mustard,1024,144.4,0.141015625
Odisha,KALAHANDI,2007,Winter,Rice,150000,204000,1.36
Odisha,KALAHANDI,2007,Winter,Sesamum,718,88.3,0.122980501
Odisha,KALAHANDI,2007,Winter,Sugarcane,367,16199,44.13896458
Odisha,KALAHANDI,2007,Winter,Urad,5286,972.6,0.18399546
Odisha,KALAHANDI,2008,Autumn,Groundnut,1072,790.1,0.737033582
Odisha,KALAHANDI,2008,Autumn,Maize,1213,1020.6,0.841384996
Odisha,KALAHANDI,2008,Autumn,Ragi,712,329.7,0.463061798
Odisha,KALAHANDI,2008,Autumn,Rice,73000,68000,0.931506849
Odisha,KALAHANDI,2008,Autumn,Urad,40,4.7,0.1175
Odisha,KALAHANDI,2008,Summer,Groundnut,601,676.1,1.124958403
Odisha,KALAHANDI,2008,Summer,Maize,83,89.1,1.073493976
Odisha,KALAHANDI,2008,Summer,Moong(Green Gram),5133,1062.5,0.206993961
Odisha,KALAHANDI,2008,Summer,Rice,50000,107000,2.14
Odisha,KALAHANDI,2008,Summer,Sesamum,15,1.2,0.08
Odisha,KALAHANDI,2008,Summer,Urad,21,3.1,0.147619048
Odisha,KALAHANDI,2008,Summer,Wheat,76,88.1,1.159210526
Odisha,KALAHANDI,2008,Winter,Groundnut,889,872.1,0.980989876
Odisha,KALAHANDI,2008,Winter,Horse-gram,5088,1073.6,0.211006289
Odisha,KALAHANDI,2008,Winter,Moong(Green Gram),4548,946,0.208003518
Odisha,KALAHANDI,2008,Winter,Potato,7,50.7,7.242857143
Odisha,KALAHANDI,2008,Winter,Ragi,538,249.1,0.463011152
Odisha,KALAHANDI,2008,Winter,Rapeseed &Mustard,577,75,0.129982669
Odisha,KALAHANDI,2008,Winter,Rice,145000,170000,1.172413793
Odisha,KALAHANDI,2008,Winter,Sesamum,361,39.7,0.109972299
Odisha,KALAHANDI,2008,Winter,Sugarcane,163,7580,46.50306748
Odisha,KALAHANDI,2008,Winter,Urad,4894,763.5,0.156007356
Odisha,KALAHANDI,2009,Autumn,Groundnut,971,832.1,0.856951596
Odisha,KALAHANDI,2009,Autumn,Maize,1705,1510.4,0.885865103
Odisha,KALAHANDI,2009,Autumn,Moong(Green Gram),17,3.1,0.182352941
Odisha,KALAHANDI,2009,Autumn,Ragi,622,293.6,0.472025723
Odisha,KALAHANDI,2009,Autumn,Rice,72000,88000,1.222222222
Odisha,KALAHANDI,2009,Autumn,Sesamum,1,0.1,0.1
Odisha,KALAHANDI,2009,Autumn,Urad,31,6.9,0.222580645
Odisha,KALAHANDI,2009,Summer,Groundnut,640,528,0.825
Odisha,KALAHANDI,2009,Summer,Maize,14,16.8,1.2
Odisha,KALAHANDI,2009,Summer,Moong(Green Gram),8081,2286.9,0.282997154
Odisha,KALAHANDI,2009,Summer,Rice,43000,109000,2.534883721
Odisha,KALAHANDI,2009,Summer,Urad,8,1.2,0.15
Odisha,KALAHANDI,2009,Summer,Wheat,40,41.7,1.0425
Odisha,KALAHANDI,2009,Winter,Groundnut,618,819.5,1.32605178
Odisha,KALAHANDI,2009,Winter,Horse-gram,5317,1414.3,0.265995862
Odisha,KALAHANDI,2009,Winter,Moong(Green Gram),4808,1206.8,0.250998336
Odisha,KALAHANDI,2009,Winter,Potato,1,14.9,14.9
Odisha,KALAHANDI,2009,Winter,Ragi,807,429.3,0.53197026
Odisha,KALAHANDI,2009,Winter,Rapeseed &Mustard,844,147.7,0.175
Odisha,KALAHANDI,2009,Winter,Rice,165000,228000,1.381818182
Odisha,KALAHANDI,2009,Winter,Sesamum,483,66.7,0.138095238
Odisha,KALAHANDI,2009,Winter,Sugarcane,192,9872.8,51.42083333
Odisha,KALAHANDI,2009,Winter,Urad,4736,1169.8,0.247001689
Odisha,KALAHANDI,2010,Autumn,Groundnut,941,921.2,0.978958555
Odisha,KALAHANDI,2010,Autumn,Maize,2569,3183.6,1.239237057
Odisha,KALAHANDI,2010,Autumn,Moong(Green Gram),13,2.2,0.169230769
Odisha,KALAHANDI,2010,Autumn,Ragi,732,420.2,0.574043716
Odisha,KALAHANDI,2010,Autumn,Rice,73000,112000,1.534246575
Odisha,KALAHANDI,2010,Autumn,Urad,126,27.8,0.220634921
Odisha,KALAHANDI,2010,Summer,Groundnut,1261,1612.8,1.278984933
Odisha,KALAHANDI,2010,Summer,Maize,105,221.7,2.111428571
Odisha,KALAHANDI,2010,Summer,Moong(Green Gram),7718,1914.1,0.248004664
Odisha,KALAHANDI,2010,Summer,Rice,50000,129000,2.58
Odisha,KALAHANDI,2010,Summer,Sesamum,1,0.1,0.1
Odisha,KALAHANDI,2010,Summer,Urad,33,7.8,0.236363636
Odisha,KALAHANDI,2010,Summer,Wheat,10,16.4,1.64
Odisha,KALAHANDI,2010,Winter,Groundnut,1241,1707.6,1.375987107
Odisha,KALAHANDI,2010,Winter,Horse-gram,7147,2179.8,0.304995103
Odisha,KALAHANDI,2010,Winter,Maize,2,8.8,4.4
Odisha,KALAHANDI,2010,Winter,Moong(Green Gram),4334,1105.2,0.255006922
Odisha,KALAHANDI,2010,Winter,Ragi,823,363.8,0.442041312
Odisha,KALAHANDI,2010,Winter,Rapeseed &Mustard,747,142.7,0.19103079
Odisha,KALAHANDI,2010,Winter,Rice,153000,394000,2.575163399
Odisha,KALAHANDI,2010,Winter,Sesamum,757,126.4,0.166974901
Odisha,KALAHANDI,2010,Winter,Sugarcane,212,10772.6,50.81415094
Odisha,KALAHANDI,2010,Winter,Urad,6021,1577.5,0.261999668
Odisha,KALAHANDI,2011,Autumn,Groundnut,1007,654.6,0.650049652
Odisha,KALAHANDI,2011,Autumn,Maize,2624,2881.8,1.098246951
Odisha,KALAHANDI,2011,Autumn,Moong(Green Gram),8,1.5,0.1875
Odisha,KALAHANDI,2011,Autumn,Ragi,391,176,0.450127877
Odisha,KALAHANDI,2011,Autumn,Rice,56000,38000,0.678571429
Odisha,KALAHANDI,2011,Autumn,Urad,108,13.1,0.121296296
Odisha,KALAHANDI,2011,Summer,Groundnut,1100,1140.7,1.037
Odisha,KALAHANDI,2011,Summer,Maize,131,196.8,1.502290076
Odisha,KALAHANDI,2011,Summer,Moong(Green Gram),3177,787.9,0.248001259
Odisha,KALAHANDI,2011,Summer,Rice,12000,28000,2.333333333
Odisha,KALAHANDI,2011,Summer,Urad,2,0.2,0.1
Odisha,KALAHANDI,2011,Summer,Wheat,24,31.7,1.320833333
Odisha,KALAHANDI,2011,Winter,Groundnut,477,578.6,1.212997904
Odisha,KALAHANDI,2011,Winter,Horse-gram,4443,786.4,0.176997524
Odisha,KALAHANDI,2011,Winter,Moong(Green Gram),3231,633.3,0.196007428
Odisha,KALAHANDI,2011,Winter,Niger seed,2846,387.1,0.13601546
Odisha,KALAHANDI,2011,Winter,Ragi,816,283.2,0.347058824
Odisha,KALAHANDI,2011,Winter,Rapeseed &Mustard,594,83.2,0.14006734
Odisha,KALAHANDI,2011,Winter,Rice,146000,139000,0.952054795
Odisha,KALAHANDI,2011,Winter,Sesamum,338,32.8,0.09704142
Odisha,KALAHANDI,2011,Winter,Sugarcane,481,21669.5,45.05093555
Odisha,KALAHANDI,2011,Winter,Urad,4611,728.5,0.157991759
Odisha,KALAHANDI,2012,Autumn,Groundnut,772,676.3,0.876036269
Odisha,KALAHANDI,2012,Autumn,Maize,2679,3462.5,1.292459873
Odisha,KALAHANDI,2012,Autumn,Ragi,417,219.8,0.527098321
Odisha,KALAHANDI,2012,Autumn,Rice,65000,117000,1.8
Odisha,KALAHANDI,2012,Summer,Groundnut,1644,1796.9,1.093004866
Odisha,KALAHANDI,2012,Summer,Maize,22,41.8,1.9
Odisha,KALAHANDI,2012,Summer,Moong(Green Gram),6078,2413,0.397005594
Odisha,KALAHANDI,2012,Summer,Rice,542000,113000,0.208487085
Odisha,KALAHANDI,2012,Summer,Sesamum,1,0.3,0.3
Odisha,KALAHANDI,2012,Summer,Wheat,7,13,1.857142857
Odisha,KALAHANDI,2012,Winter,Groundnut,643,647.5,1.006998445
Odisha,KALAHANDI,2012,Winter,Horse-gram,5276,1714.7,0.325
Odisha,KALAHANDI,2012,Winter,Moong(Green Gram),9182,2598.5,0.282999347
Odisha,KALAHANDI,2012,Winter,Potato,2,21.7,10.85
Odisha,KALAHANDI,2012,Winter,Ragi,825,386.9,0.468969697
Odisha,KALAHANDI,2012,Winter,Rapeseed &Mustard,761,152.2,0.2
Odisha,KALAHANDI,2012,Winter,Rice,145000,425000,2.931034483
Odisha,KALAHANDI,2012,Winter,Sesamum,363,53,0.14600551
Odisha,KALAHANDI,2012,Winter,Sugarcane,372,20620,55.43010753
Odisha,KALAHANDI,2012,Winter,Urad,5208,1369.7,0.262999232
Odisha,KALAHANDI,2013,Autumn,Groundnut,656,560.9,0.855030488
Odisha,KALAHANDI,2013,Autumn,Maize,3818,5836.1,1.52857517
Odisha,KALAHANDI,2013,Autumn,Moong(Green Gram),1,0.3,0.3
Odisha,KALAHANDI,2013,Autumn,Ragi,383,183.8,0.479895561
Odisha,KALAHANDI,2013,Autumn,Rice,63000,112000,1.777777778
Odisha,KALAHANDI,2013,Autumn,Urad,2,0.7,0.35
Odisha,KALAHANDI,2013,Summer,Groundnut,1245,1479.1,1.188032129
Odisha,KALAHANDI,2013,Summer,Maize,9,13.1,1.455555556
Odisha,KALAHANDI,2013,Summer,Moong(Green Gram),7221,2736.8,0.379005678
Odisha,KALAHANDI,2013,Summer,Rice,40000,103000,2.575
Odisha,KALAHANDI,2013,Summer,Sesamum,1,0.1,0.1
Odisha,KALAHANDI,2013,Summer,Urad,19,3.3,0.173684211
Odisha,KALAHANDI,2013,Winter,Groundnut,309,314.3,1.017152104
Odisha,KALAHANDI,2013,Winter,Horse-gram,4862,1609.3,0.330995475
Odisha,KALAHANDI,2013,Winter,Moong(Green Gram),4898,1714.3,0.35
Odisha,KALAHANDI,2013,Winter,Ragi,766,402.9,0.525979112
Odisha,KALAHANDI,2013,Winter,Rapeseed &Mustard,925,171.1,0.184972973
Odisha,KALAHANDI,2013,Winter,Rice,146000,405000,2.773972603
Odisha,KALAHANDI,2013,Winter,Sesamum,194,25.2,0.129896907
Odisha,KALAHANDI,2013,Winter,Sugarcane,72,3744,52
Odisha,KALAHANDI,2013,Winter,Urad,4267,1531.9,0.359011015
Odisha,KALAHANDI,2014,Autumn,Groundnut,374,272.6,0.728877005
Odisha,KALAHANDI,2014,Autumn,Maize,3902,4731.3,1.212532035
Odisha,KALAHANDI,2014,Autumn,Ragi,412,208.9,0.507038835
Odisha,KALAHANDI,2014,Autumn,Rice,54000,90000,1.666666667
Odisha,KALAHANDI,2014,Summer,Groundnut,758,973.3,1.284036939
Odisha,KALAHANDI,2014,Summer,Maize,77,86.2,1.119480519
Odisha,KALAHANDI,2014,Summer,Moong(Green Gram),6456,2343.5,0.362995663
Odisha,KALAHANDI,2014,Summer,Rice,44000,123000,2.795454545
Odisha,KALAHANDI,2014,Summer,Sesamum,6,0.9,0.15
Odisha,KALAHANDI,2014,Summer,Urad,22,7.2,0.327272727
Odisha,KALAHANDI,2014,Summer,Wheat,1,1.5,1.5
Odisha,KALAHANDI,2014,Winter,Groundnut,1056,967.3,0.916003788
Odisha,KALAHANDI,2014,Winter,Horse-gram,2605,870.1,0.334011516
Odisha,KALAHANDI,2014,Winter,Moong(Green Gram),6839,2660.4,0.38900424
Odisha,KALAHANDI,2014,Winter,Ragi,564,277.5,0.492021277
Odisha,KALAHANDI,2014,Winter,Rapeseed &Mustard,690,103.5,0.15
Odisha,KALAHANDI,2014,Winter,Rice,139000,338000,2.431654676
Odisha,KALAHANDI,2014,Winter,Sesamum,77,6.3,0.081818182
Odisha,KALAHANDI,2014,Winter,Sugarcane,53,2599.7,49.0509434
Odisha,KALAHANDI,2014,Winter,Urad,2942,979.7,0.333004759
Odisha,KALAHANDI,2015,Autumn,Groundnut,477,205.6,0.431027254
Odisha,KALAHANDI,2015,Autumn,Maize,1224,1208.5,0.987336601
Odisha,KALAHANDI,2015,Autumn,Ragi,318,98.3,0.309119497
Odisha,KALAHANDI,2015,Autumn,Rice,41000,29000,0.707317073
Odisha,KALAHANDI,2015,Summer,Groundnut,282,231.5,0.820921986
Odisha,KALAHANDI,2015,Summer,Maize,26,34.3,1.319230769
Odisha,KALAHANDI,2015,Summer,Moong(Green Gram),10044,2711.9,0.270001991
Odisha,KALAHANDI,2015,Summer,Rice,16000,41000,2.5625
Odisha,KALAHANDI,2015,Summer,Urad,65,36.5,0.561538462
Odisha,KALAHANDI,2015,Summer,Wheat,1,0.1,0.1
Odisha,KALAHANDI,2015,Winter,Groundnut,443,383.2,0.865011287
Odisha,KALAHANDI,2015,Winter,Horse-gram,3347,569,0.170002988
Odisha,KALAHANDI,2015,Winter,Maize,4,5.7,1.425
Odisha,KALAHANDI,2015,Winter,Moong(Green Gram),2734,765.5,0.279992685
Odisha,KALAHANDI,2015,Winter,Ragi,696,254.7,0.365948276
Odisha,KALAHANDI,2015,Winter,Rapeseed &Mustard,612,72.8,0.118954248
Odisha,KALAHANDI,2015,Winter,Rice,142000,152000,1.070422535
Odisha,KALAHANDI,2015,Winter,Sesamum,100,9.9,0.099
Odisha,KALAHANDI,2015,Winter,Sugarcane,112,6256,55.85714286
Odisha,KALAHANDI,2015,Winter,Urad,2120,364.6,0.171981132
Odisha,KANDHAMAL,1997,Autumn,Groundnut,527,380,0.721062619
Odisha,KANDHAMAL,1997,Autumn,Maize,4518,4570,1.011509517
Odisha,KANDHAMAL,1997,Autumn,Paddy,16863,17627,1.045306292
Odisha,KANDHAMAL,1997,Autumn,Ragi,66,27,0.409090909
Odisha,KANDHAMAL,1997,Autumn,Urad,48,6,0.125
Odisha,KANDHAMAL,1997,Rabi,Wheat,451,457,1.013303769
Odisha,KANDHAMAL,1997,Summer,Maize,28,26,0.928571429
Odisha,KANDHAMAL,1997,Summer,Paddy,483,821,1.699792961
Odisha,KANDHAMAL,1997,Whole Year,Potato,636,3827,6.017295597
Odisha,KANDHAMAL,1997,Winter,Arhar/Tur,73,10,0.136986301
Odisha,KANDHAMAL,1997,Winter,Groundnut,97,76,0.783505155
Odisha,KANDHAMAL,1997,Winter,Horse-gram,2045,495,0.24205379
Odisha,KANDHAMAL,1997,Winter,Maize,2,2,1
Odisha,KANDHAMAL,1997,Winter,Paddy,42610,64374,1.510772119
Odisha,KANDHAMAL,1997,Winter,Ragi,74,36,0.486486486
Odisha,KANDHAMAL,1997,Winter,Sesamum,236,28,0.118644068
Odisha,KANDHAMAL,1997,Winter,Sugarcane,4,172,43
Odisha,KANDHAMAL,1997,Winter,Urad,59,11,0.186440678
Odisha,KANDHAMAL,1998,Autumn,Groundnut,420,315,0.75
Odisha,KANDHAMAL,1998,Autumn,Maize,4157,5199,1.250661535
Odisha,KANDHAMAL,1998,Autumn,Moong(Green Gram),4,1,0.25
Odisha,KANDHAMAL,1998,Autumn,Ragi,169,83,0.49112426
Odisha,KANDHAMAL,1998,Autumn,Rice,11822,10459,0.884706479
Odisha,KANDHAMAL,1998,Autumn,Urad,31,3,0.096774194
Odisha,KANDHAMAL,1998,Summer,Groundnut,10,12,1.2
Odisha,KANDHAMAL,1998,Summer,Maize,5,8,1.6
Odisha,KANDHAMAL,1998,Summer,Moong(Green Gram),5,5,1
Odisha,KANDHAMAL,1998,Summer,Ragi,5,2,0.4
Odisha,KANDHAMAL,1998,Summer,Rice,773,1169,1.51228978
Odisha,KANDHAMAL,1998,Summer,Wheat,6,5,0.833333333
Odisha,KANDHAMAL,1998,Winter,Groundnut,10,8,0.8
Odisha,KANDHAMAL,1998,Winter,Horse-gram,1852,378,0.204103672
Odisha,KANDHAMAL,1998,Winter,Maize,5,5,1
Odisha,KANDHAMAL,1998,Winter,Moong(Green Gram),151,14,0.092715232
Odisha,KANDHAMAL,1998,Winter,Potato,435,2403,5.524137931
Odisha,KANDHAMAL,1998,Winter,Ragi,29,12,0.413793103
Odisha,KANDHAMAL,1998,Winter,Rapeseed &Mustard,4285,583,0.136056009
Odisha,KANDHAMAL,1998,Winter,Rice,35064,49275,1.405287474
Odisha,KANDHAMAL,1998,Winter,Sesamum,355,70,0.197183099
Odisha,KANDHAMAL,1998,Winter,Sugarcane,25,580,23.2
Odisha,KANDHAMAL,1998,Winter,Urad,102,25,0.245098039
Odisha,KANDHAMAL,1999,Autumn,Rice,15000,15000,1
Odisha,KANDHAMAL,1999,Kharif,Arhar/Tur,5200,4050,0.778846154
Odisha,KANDHAMAL,1999,Kharif,Castor seed,360,280,0.777777778
Odisha,KANDHAMAL,1999,Kharif,Dry chillies,870,440,0.505747126
Odisha,KANDHAMAL,1999,Kharif,Dry ginger,2990,6190,2.070234114
Odisha,KANDHAMAL,1999,Kharif,Groundnut,1650,1460,0.884848485
Odisha,KANDHAMAL,1999,Kharif,Jowar,670,290,0.432835821
Odisha,KANDHAMAL,1999,Kharif,Maize,15460,21850,1.413324709
Odisha,KANDHAMAL,1999,Kharif,Mesta,150,310,2.066666667
Odisha,KANDHAMAL,1999,Kharif,Moong(Green Gram),1220,200,0.163934426
Odisha,KANDHAMAL,1999,Kharif,Niger seed,12470,3380,0.271050521
Odisha,KANDHAMAL,1999,Kharif,Ragi,2860,1530,0.534965035
Odisha,KANDHAMAL,1999,Kharif,Sesamum,630,120,0.19047619
Odisha,KANDHAMAL,1999,Kharif,Small millets,1590,500,0.314465409
Odisha,KANDHAMAL,1999,Kharif,Sweet potato,1010,7570,7.495049505
Odisha,KANDHAMAL,1999,Kharif,Turmeric,16110,38660,2.399751707
Odisha,KANDHAMAL,1999,Kharif,Urad,4250,710,0.167058824
Odisha,KANDHAMAL,1999,Rabi,Coriander,50,20,0.4
Odisha,KANDHAMAL,1999,Rabi,Dry chillies,140,50,0.357142857
Odisha,KANDHAMAL,1999,Rabi,Garlic,90,210,2.333333333
Odisha,KANDHAMAL,1999,Rabi,Gram,30,10,0.333333333
Odisha,KANDHAMAL,1999,Rabi,Horse-gram,9000,1940,0.215555556
Odisha,KANDHAMAL,1999,Rabi,Maize,50,70,1.4
Odisha,KANDHAMAL,1999,Rabi,Moong(Green Gram),70,10,0.142857143
Odisha,KANDHAMAL,1999,Rabi,Ragi,20,10,0.5
Odisha,KANDHAMAL,1999,Rabi,Rapeseed &Mustard,13160,2250,0.170972644
Odisha,KANDHAMAL,1999,Rabi,Urad,20,10,0.5
Odisha,KANDHAMAL,1999,Rabi,Wheat,50,50,1
Odisha,KANDHAMAL,1999,Summer,Rice,650,1100,1.692307692
Odisha,KANDHAMAL,1999,Whole Year,Onion,130,630,4.846153846
Odisha,KANDHAMAL,1999,Whole Year,Potato,580,3380,5.827586207
Odisha,KANDHAMAL,1999,Whole Year,Sannhamp,150,310,2.066666667
Odisha,KANDHAMAL,1999,Whole Year,Tobacco,60,20,0.333333333
Odisha,KANDHAMAL,1999,Winter,Rice,39000,58000,1.487179487
Odisha,KANDHAMAL,1999,Winter,Sugarcane,10,630,63
Odisha,KANDHAMAL,2000,Autumn,Rice,14380,10260,0.71349096
Odisha,KANDHAMAL,2000,Kharif,Arhar/Tur,5350,4320,0.807476636
Odisha,KANDHAMAL,2000,Kharif,Castor seed,320,250,0.78125
Odisha,KANDHAMAL,2000,Kharif,Cotton(lint),30,100,3.333333333
Odisha,KANDHAMAL,2000,Kharif,Dry ginger,1970,4070,2.065989848
Odisha,KANDHAMAL,2000,Kharif,Groundnut,459,306.5,0.667755991
Odisha,KANDHAMAL,2000,Kharif,Horse-gram,1342,209.4,0.156035768
Odisha,KANDHAMAL,2000,Kharif,Jowar,620,260,0.419354839
Odisha,KANDHAMAL,2000,Kharif,Maize,4738,6052.7,1.277479949
Odisha,KANDHAMAL,2000,Kharif,Mesta,180,370,2.055555556
Odisha,KANDHAMAL,2000,Kharif,Moong(Green Gram),197,11.9,0.060406091
Odisha,KANDHAMAL,2000,Kharif,Niger seed,15440,3710,0.240284974
Odisha,KANDHAMAL,2000,Kharif,Other Kharif pulses,4080,1820,0.446078431
Odisha,KANDHAMAL,2000,Kharif,Ragi,275,120.8,0.439272727
Odisha,KANDHAMAL,2000,Kharif,Sesamum,396,48.7,0.122979798
Odisha,KANDHAMAL,2000,Kharif,Small millets,1660,530,0.319277108
Odisha,KANDHAMAL,2000,Kharif,Urad,256,44.6,0.17421875
Odisha,KANDHAMAL,2000,Rabi,Gram,20,10,0.5
Odisha,KANDHAMAL,2000,Rabi,Other  Rabi pulses,24,9,0.375
Odisha,KANDHAMAL,2000,Rabi,Rapeseed &Mustard,2886,274.2,0.095010395
Odisha,KANDHAMAL,2000,Rabi,Sunflower,50,20,0.4
Odisha,KANDHAMAL,2000,Rabi,Wheat,4,3.1,0.775
Odisha,KANDHAMAL,2000,Summer,Rice,460,630,1.369565217
Odisha,KANDHAMAL,2000,Whole Year,Coriander,40,20,0.5
Odisha,KANDHAMAL,2000,Whole Year,Dry chillies,1040,850,0.817307692
Odisha,KANDHAMAL,2000,Whole Year,Garlic,50,150,3
Odisha,KANDHAMAL,2000,Whole Year,Onion,90,340,3.777777778
Odisha,KANDHAMAL,2000,Whole Year,Potato,512,2526.7,4.934960938
Odisha,KANDHAMAL,2000,Whole Year,Sannhamp,150,310,2.066666667
Odisha,KANDHAMAL,2000,Whole Year,Sweet potato,1280,7080,5.53125
Odisha,KANDHAMAL,2000,Whole Year,Tobacco,60,20,0.333333333
Odisha,KANDHAMAL,2000,Whole Year,Turmeric,11550,27800,2.406926407
Odisha,KANDHAMAL,2000,Winter,Rice,37780,30070,0.795923769
Odisha,KANDHAMAL,2001,Kharif,Arhar/Tur,5250,4350,0.828571429
Odisha,KANDHAMAL,2001,Kharif,Bajra,180,60,0.333333333
Odisha,KANDHAMAL,2001,Kharif,Castor seed,410,310,0.756097561
Odisha,KANDHAMAL,2001,Kharif,Dry ginger,2010,4130,2.054726368
Odisha,KANDHAMAL,2001,Kharif,Groundnut,235,148.5,0.631914894
Odisha,KANDHAMAL,2001,Kharif,Horse-gram,1486,430.9,0.289973082
Odisha,KANDHAMAL,2001,Kharif,Jowar,530,220,0.41509434
Odisha,KANDHAMAL,2001,Kharif,Maize,2832,1218.2,0.430155367
Odisha,KANDHAMAL,2001,Kharif,Moong(Green Gram),165,27.8,0.168484848
Odisha,KANDHAMAL,2001,Kharif,Niger seed,11550,2250,0.194805195
Odisha,KANDHAMAL,2001,Kharif,Ragi,181,70.2,0.387845304
Odisha,KANDHAMAL,2001,Kharif,Rice,58000,89000,1.534482759
Odisha,KANDHAMAL,2001,Kharif,Sesamum,373,86.2,0.231099196
Odisha,KANDHAMAL,2001,Kharif,Small millets,1610,350,0.217391304
Odisha,KANDHAMAL,2001,Kharif,Sunflower,30,20,0.666666667
Odisha,KANDHAMAL,2001,Kharif,Urad,164,39.2,0.23902439
Odisha,KANDHAMAL,2001,Rabi,Gram,30,10,0.333333333
Odisha,KANDHAMAL,2001,Rabi,Other  Rabi pulses,250,90,0.36
Odisha,KANDHAMAL,2001,Rabi,Rapeseed &Mustard,3042,480.6,0.157988166
Odisha,KANDHAMAL,2001,Rabi,Sunflower,60,30,0.5
Odisha,KANDHAMAL,2001,Rabi,Wheat,5,5,1
Odisha,KANDHAMAL,2001,Whole Year,Coriander,60,30,0.5
Odisha,KANDHAMAL,2001,Whole Year,Dry chillies,2060,1650,0.800970874
Odisha,KANDHAMAL,2001,Whole Year,Garlic,80,260,3.25
Odisha,KANDHAMAL,2001,Whole Year,Onion,140,910,6.5
Odisha,KANDHAMAL,2001,Whole Year,Potato,450,2610.9,5.802
Odisha,KANDHAMAL,2001,Whole Year,Sugarcane,22,1056,48
Odisha,KANDHAMAL,2001,Whole Year,Sweet potato,1340,10440,7.791044776
Odisha,KANDHAMAL,2001,Whole Year,Tobacco,70,20,0.285714286
Odisha,KANDHAMAL,2001,Whole Year,Turmeric,11650,29130,2.500429185
Odisha,KANDHAMAL,2002,Kharif,Arhar/Tur,5140,4360,0.848249027
Odisha,KANDHAMAL,2002,Kharif,Bajra,210,70,0.333333333
Odisha,KANDHAMAL,2002,Kharif,Castor seed,380,310,0.815789474
Odisha,KANDHAMAL,2002,Kharif,Dry ginger,3610,7430,2.058171745
Odisha,KANDHAMAL,2002,Kharif,Groundnut,429,328.6,0.765967366
Odisha,KANDHAMAL,2002,Kharif,Horse-gram,1455,224.1,0.154020619
Odisha,KANDHAMAL,2002,Kharif,Jowar,550,220,0.4
Odisha,KANDHAMAL,2002,Kharif,Maize,3960,4644.3,1.17280303
Odisha,KANDHAMAL,2002,Kharif,Moong(Green Gram),104,8.7,0.083653846
Odisha,KANDHAMAL,2002,Kharif,Niger seed,7760,1280,0.164948454
Odisha,KANDHAMAL,2002,Kharif,Other Kharif pulses,1490,550,0.369127517
Odisha,KANDHAMAL,2002,Kharif,Ragi,133,46.1,0.346616541
Odisha,KANDHAMAL,2002,Kharif,Rice,53000,42000,0.79245283
Odisha,KANDHAMAL,2002,Kharif,Sesamum,180,19.1,0.106111111
Odisha,KANDHAMAL,2002,Kharif,Small millets,1100,250,0.227272727
Odisha,KANDHAMAL,2002,Kharif,Sunflower,10,10,1
Odisha,KANDHAMAL,2002,Kharif,Urad,107,11.2,0.104672897
Odisha,KANDHAMAL,2002,Rabi,Gram,60,20,0.333333333
Odisha,KANDHAMAL,2002,Rabi,Other  Rabi pulses,330,130,0.393939394
Odisha,KANDHAMAL,2002,Rabi,Rapeseed &Mustard,2823,256.9,0.09100248
Odisha,KANDHAMAL,2002,Rabi,Sunflower,30,10,0.333333333
Odisha,KANDHAMAL,2002,Rabi,Wheat,19,23.4,1.231578947
Odisha,KANDHAMAL,2002,Whole Year,Coriander,280,130,0.464285714
Odisha,KANDHAMAL,2002,Whole Year,Dry chillies,1110,790,0.711711712
Odisha,KANDHAMAL,2002,Whole Year,Garlic,80,260,3.25
Odisha,KANDHAMAL,2002,Whole Year,Onion,360,2340,6.5
Odisha,KANDHAMAL,2002,Whole Year,Potato,471,2672.9,5.674946921
Odisha,KANDHAMAL,2002,Whole Year,Sweet potato,1810,14880,8.220994475
Odisha,KANDHAMAL,2002,Whole Year,Tobacco,90,30,0.333333333
Odisha,KANDHAMAL,2002,Whole Year,Turmeric,9900,2470,0.249494949
Odisha,KANDHAMAL,2003,Kharif,Arhar/Tur,4910,4350,0.885947047
Odisha,KANDHAMAL,2003,Kharif,Bajra,180,60,0.333333333
Odisha,KANDHAMAL,2003,Kharif,Castor seed,350,270,0.771428571
Odisha,KANDHAMAL,2003,Kharif,Dry ginger,3840,7910,2.059895833
Odisha,KANDHAMAL,2003,Kharif,Groundnut,480,369,0.76875
Odisha,KANDHAMAL,2003,Kharif,Horse-gram,1488,318.4,0.213978495
Odisha,KANDHAMAL,2003,Kharif,Jowar,460,180,0.391304348
Odisha,KANDHAMAL,2003,Kharif,Maize,4074,4098.9,1.006111929
Odisha,KANDHAMAL,2003,Kharif,Moong(Green Gram),102,13.1,0.128431373
Odisha,KANDHAMAL,2003,Kharif,Niger seed,10620,2280,0.214689266
Odisha,KANDHAMAL,2003,Kharif,Other Kharif pulses,1040,390,0.375
Odisha,KANDHAMAL,2003,Kharif,Ragi,79,24.2,0.306329114
Odisha,KANDHAMAL,2003,Kharif,Rice,57000,84000,1.473684211
Odisha,KANDHAMAL,2003,Kharif,Sesamum,269,47.6,0.176951673
Odisha,KANDHAMAL,2003,Kharif,Small millets,540,120,0.222222222
Odisha,KANDHAMAL,2003,Kharif,Sunflower,70,40,0.571428571
Odisha,KANDHAMAL,2003,Kharif,Urad,138,25.5,0.184782609
Odisha,KANDHAMAL,2003,Rabi,Gram,40,10,0.25
Odisha,KANDHAMAL,2003,Rabi,Maize,13760,18180,1.32122093
Odisha,KANDHAMAL,2003,Rabi,Other  Rabi pulses,390,160,0.41025641
Odisha,KANDHAMAL,2003,Rabi,Rapeseed &Mustard,3419,567.6,0.166013454
Odisha,KANDHAMAL,2003,Rabi,Sunflower,20,10,0.5
Odisha,KANDHAMAL,2003,Rabi,Wheat,32,30.8,0.9625
Odisha,KANDHAMAL,2003,Whole Year,Coriander,310,150,0.483870968
Odisha,KANDHAMAL,2003,Whole Year,Dry chillies,1830,1370,0.74863388
Odisha,KANDHAMAL,2003,Whole Year,Garlic,110,360,3.272727273
Odisha,KANDHAMAL,2003,Whole Year,Onion,380,2500,6.578947368
Odisha,KANDHAMAL,2003,Whole Year,Potato,460,2780.2,6.043913043
Odisha,KANDHAMAL,2003,Whole Year,Sugarcane,2,76.8,38.4
Odisha,KANDHAMAL,2003,Whole Year,Sweet potato,1910,15980,8.366492147
Odisha,KANDHAMAL,2003,Whole Year,Tobacco,80,30,0.375
Odisha,KANDHAMAL,2003,Whole Year,Turmeric,9850,24620,2.499492386
Odisha,KANDHAMAL,2004,Autumn,Groundnut,417,294.8,0.706954436
Odisha,KANDHAMAL,2004,Autumn,Maize,3889,3528.7,0.907354076
Odisha,KANDHAMAL,2004,Autumn,Moong(Green Gram),16,1.9,0.11875
Odisha,KANDHAMAL,2004,Autumn,Ragi,77,40.7,0.528571429
Odisha,KANDHAMAL,2004,Autumn,Rice,15000,15000,1
Odisha,KANDHAMAL,2004,Autumn,Urad,42,7.3,0.173809524
Odisha,KANDHAMAL,2004,Kharif,Bajra,198,67,0.338383838
Odisha,KANDHAMAL,2004,Kharif,Castor seed,409,320,0.782396088
Odisha,KANDHAMAL,2004,Kharif,Dry ginger,3724,7670,2.059613319
Odisha,KANDHAMAL,2004,Kharif,Jowar,481,192,0.399168399
Odisha,KANDHAMAL,2004,Kharif,Small millets,565,124,0.219469027
Odisha,KANDHAMAL,2004,Rabi,Gram,58,19,0.327586207
Odisha,KANDHAMAL,2004,Rabi,Niger seed,10968,2413,0.220003647
Odisha,KANDHAMAL,2004,Rabi,Other  Rabi pulses,423,181,0.427895981
Odisha,KANDHAMAL,2004,Rabi,Sunflower,122,70,0.573770492
Odisha,KANDHAMAL,2004,Summer,Maize,23,27.5,1.195652174
Odisha,KANDHAMAL,2004,Summer,Ragi,1,2.9,2.9
Odisha,KANDHAMAL,2004,Summer,Rice,1000,1000,1
Odisha,KANDHAMAL,2004,Summer,Wheat,4,4.8,1.2
Odisha,KANDHAMAL,2004,Whole Year,Coriander,284,136,0.478873239
Odisha,KANDHAMAL,2004,Whole Year,Dry chillies,1722,1290,0.74912892
Odisha,KANDHAMAL,2004,Whole Year,Garlic,95,307,3.231578947
Odisha,KANDHAMAL,2004,Whole Year,Onion,641,4165,6.497659906
Odisha,KANDHAMAL,2004,Whole Year,Sweet potato,1961,16415,8.37072922
Odisha,KANDHAMAL,2004,Whole Year,Tobacco,80,27,0.3375
Odisha,KANDHAMAL,2004,Whole Year,Turmeric,10070,25168,2.499304866
Odisha,KANDHAMAL,2004,Winter,Groundnut,74,66.6,0.9
Odisha,KANDHAMAL,2004,Winter,Horse-gram,1405,286.6,0.203985765
Odisha,KANDHAMAL,2004,Winter,Maize,26,26.4,1.015384615
Odisha,KANDHAMAL,2004,Winter,Moong(Green Gram),98,8.6,0.087755102
Odisha,KANDHAMAL,2004,Winter,Potato,603,3427.5,5.684079602
Odisha,KANDHAMAL,2004,Winter,Ragi,41,13.3,0.324390244
Odisha,KANDHAMAL,2004,Winter,Rapeseed &Mustard,2875,304.8,0.106017391
Odisha,KANDHAMAL,2004,Winter,Rice,42000,60000,1.428571429
Odisha,KANDHAMAL,2004,Winter,Sesamum,186,36.8,0.197849462
Odisha,KANDHAMAL,2004,Winter,Urad,94,17.9,0.190425532
Odisha,KANDHAMAL,2005,Autumn,Groundnut,389,280.1,0.720051414
Odisha,KANDHAMAL,2005,Autumn,Maize,4144,3728.9,0.899831081
Odisha,KANDHAMAL,2005,Autumn,Moong(Green Gram),23,4,0.173913043
Odisha,KANDHAMAL,2005,Autumn,Ragi,63,27.5,0.436507937
Odisha,KANDHAMAL,2005,Autumn,Rice,13000,12000,0.923076923
Odisha,KANDHAMAL,2005,Autumn,Urad,99,11.1,0.112121212
Odisha,KANDHAMAL,2005,Summer,Maize,4,4.5,1.125
Odisha,KANDHAMAL,2005,Summer,Moong(Green Gram),8,0.1,0.0125
Odisha,KANDHAMAL,2005,Summer,Ragi,2,0.7,0.35
Odisha,KANDHAMAL,2005,Summer,Rice,1000,1000,1
Odisha,KANDHAMAL,2005,Summer,Wheat,1,1,1
Odisha,KANDHAMAL,2005,Winter,Groundnut,24,14.5,0.604166667
Odisha,KANDHAMAL,2005,Winter,Horse-gram,1358,271.6,0.2
Odisha,KANDHAMAL,2005,Winter,Maize,1,0.8,0.8
Odisha,KANDHAMAL,2005,Winter,Moong(Green Gram),118,20.5,0.173728814
Odisha,KANDHAMAL,2005,Winter,Potato,718,4001.4,5.572980501
Odisha,KANDHAMAL,2005,Winter,Ragi,32,10.2,0.31875
Odisha,KANDHAMAL,2005,Winter,Rapeseed &Mustard,3232,378.1,0.116986386
Odisha,KANDHAMAL,2005,Winter,Rice,42000,59000,1.404761905
Odisha,KANDHAMAL,2005,Winter,Sesamum,483,119.3,0.24699793
Odisha,KANDHAMAL,2005,Winter,Sugarcane,7,334.6,47.8
Odisha,KANDHAMAL,2005,Winter,Urad,138,20.4,0.147826087
Odisha,KANDHAMAL,2006,Autumn,Groundnut,236,153.2,0.649152542
Odisha,KANDHAMAL,2006,Autumn,Maize,3451,2713.4,0.786264851
Odisha,KANDHAMAL,2006,Autumn,Moong(Green Gram),7,1.1,0.157142857
Odisha,KANDHAMAL,2006,Autumn,Ragi,72,31.5,0.4375
Odisha,KANDHAMAL,2006,Autumn,Rice,13000,13000,1
Odisha,KANDHAMAL,2006,Autumn,Urad,40,6.2,0.155
Odisha,KANDHAMAL,2006,Summer,Maize,11,12.5,1.136363636
Odisha,KANDHAMAL,2006,Summer,Moong(Green Gram),2,0.6,0.3
Odisha,KANDHAMAL,2006,Summer,Wheat,3,3,1
Odisha,KANDHAMAL,2006,Winter,Groundnut,33,22.5,0.681818182
Odisha,KANDHAMAL,2006,Winter,Horse-gram,1742,381.5,0.219001148
Odisha,KANDHAMAL,2006,Winter,Maize,2,2,1
Odisha,KANDHAMAL,2006,Winter,Moong(Green Gram),171,29.6,0.173099415
Odisha,KANDHAMAL,2006,Winter,Potato,583,3453.1,5.922984563
Odisha,KANDHAMAL,2006,Winter,Ragi,61,19.9,0.326229508
Odisha,KANDHAMAL,2006,Winter,Rapeseed &Mustard,3010,379.3,0.126013289
Odisha,KANDHAMAL,2006,Winter,Rice,42000,62000,1.476190476
Odisha,KANDHAMAL,2006,Winter,Sesamum,386,77.2,0.2
Odisha,KANDHAMAL,2006,Winter,Sugarcane,6,273.6,45.6
Odisha,KANDHAMAL,2006,Winter,Urad,207,40.8,0.197101449
Odisha,KANDHAMAL,2007,Autumn,Groundnut,323,280.4,0.868111455
Odisha,KANDHAMAL,2007,Autumn,Maize,3745,3680.8,0.982857143
Odisha,KANDHAMAL,2007,Autumn,Moong(Green Gram),17,1.7,0.1
Odisha,KANDHAMAL,2007,Autumn,Ragi,54,17.6,0.325925926
Odisha,KANDHAMAL,2007,Autumn,Rice,14000,14000,1
Odisha,KANDHAMAL,2007,Autumn,Urad,30,6.7,0.223333333
Odisha,KANDHAMAL,2007,Summer,Maize,4,3.3,0.825
Odisha,KANDHAMAL,2007,Summer,Rice,1000,1000,1
Odisha,KANDHAMAL,2007,Winter,Groundnut,29,21.3,0.734482759
Odisha,KANDHAMAL,2007,Winter,Horse-gram,2060,494.4,0.24
Odisha,KANDHAMAL,2007,Winter,Maize,2,3.2,1.6
Odisha,KANDHAMAL,2007,Winter,Moong(Green Gram),81,12.9,0.159259259
Odisha,KANDHAMAL,2007,Winter,Potato,594,3871.1,6.517003367
Odisha,KANDHAMAL,2007,Winter,Ragi,30,11.9,0.396666667
Odisha,KANDHAMAL,2007,Winter,Rapeseed &Mustard,2731,357.8,0.13101428
Odisha,KANDHAMAL,2007,Winter,Rice,40000,58000,1.45
Odisha,KANDHAMAL,2007,Winter,Sesamum,284,69.9,0.246126761
Odisha,KANDHAMAL,2007,Winter,Sugarcane,1,25.7,25.7
Odisha,KANDHAMAL,2007,Winter,Urad,232,54.1,0.233189655
Odisha,KANDHAMAL,2008,Autumn,Groundnut,376,253.4,0.67393617
Odisha,KANDHAMAL,2008,Autumn,Maize,3583,3819.5,1.06600614
Odisha,KANDHAMAL,2008,Autumn,Moong(Green Gram),23,4.8,0.208695652
Odisha,KANDHAMAL,2008,Autumn,Ragi,74,22.9,0.309459459
Odisha,KANDHAMAL,2008,Autumn,Rice,14000,15000,1.071428571
Odisha,KANDHAMAL,2008,Autumn,Urad,167,28.9,0.173053892
Odisha,KANDHAMAL,2008,Summer,Maize,4,5.2,1.3
Odisha,KANDHAMAL,2008,Summer,Moong(Green Gram),2,0.2,0.1
Odisha,KANDHAMAL,2008,Summer,Rice,1000,1000,1
Odisha,KANDHAMAL,2008,Summer,Wheat,1,1.9,1.9
Odisha,KANDHAMAL,2008,Winter,Groundnut,19,19,1
Odisha,KANDHAMAL,2008,Winter,Horse-gram,1259,254.3,0.201985703
Odisha,KANDHAMAL,2008,Winter,Moong(Green Gram),81,12.2,0.150617284
Odisha,KANDHAMAL,2008,Winter,Potato,560,3753.7,6.703035714
Odisha,KANDHAMAL,2008,Winter,Ragi,15,4.5,0.3
Odisha,KANDHAMAL,2008,Winter,Rapeseed &Mustard,2788,368,0.131994261
Odisha,KANDHAMAL,2008,Winter,Rice,39000,57000,1.461538462
Odisha,KANDHAMAL,2008,Winter,Sesamum,119,39.5,0.331932773
Odisha,KANDHAMAL,2008,Winter,Sugarcane,5,286,57.2
Odisha,KANDHAMAL,2008,Winter,Urad,226,49,0.216814159
Odisha,KANDHAMAL,2009,Autumn,Groundnut,246,163.6,0.66504065
Odisha,KANDHAMAL,2009,Autumn,Maize,2855,2374.6,0.8317338
Odisha,KANDHAMAL,2009,Autumn,Moong(Green Gram),36,4.9,0.136111111
Odisha,KANDHAMAL,2009,Autumn,Ragi,61,21.7,0.355737705
Odisha,KANDHAMAL,2009,Autumn,Rice,11000,11000,1
Odisha,KANDHAMAL,2009,Autumn,Urad,25,4.1,0.164
Odisha,KANDHAMAL,2009,Summer,Maize,28,42.1,1.503571429
Odisha,KANDHAMAL,2009,Summer,Moong(Green Gram),1,,
Odisha,KANDHAMAL,2009,Summer,Ragi,1,0.6,0.6
Odisha,KANDHAMAL,2009,Summer,Wheat,4,6.4,1.6
Odisha,KANDHAMAL,2009,Winter,Groundnut,62,42.7,0.688709677
Odisha,KANDHAMAL,2009,Winter,Horse-gram,1654,454.9,0.27503023
Odisha,KANDHAMAL,2009,Winter,Maize,18,27.9,1.55
Odisha,KANDHAMAL,2009,Winter,Moong(Green Gram),89,20.3,0.228089888
Odisha,KANDHAMAL,2009,Winter,Potato,528,4140.6,7.842045455
Odisha,KANDHAMAL,2009,Winter,Ragi,2,0.8,0.4
Odisha,KANDHAMAL,2009,Winter,Rapeseed &Mustard,2023,281.2,0.139001483
Odisha,KANDHAMAL,2009,Winter,Rice,37000,53000,1.432432432
Odisha,KANDHAMAL,2009,Winter,Sesamum,55,11.3,0.205454545
Odisha,KANDHAMAL,2009,Winter,Sugarcane,2,118.4,59.2
Odisha,KANDHAMAL,2009,Winter,Urad,206,47.8,0.232038835
Odisha,KANDHAMAL,2010,Autumn,Groundnut,269,201.5,0.749070632
Odisha,KANDHAMAL,2010,Autumn,Maize,3416,4128.6,1.208606557
Odisha,KANDHAMAL,2010,Autumn,Moong(Green Gram),26,4.2,0.161538462
Odisha,KANDHAMAL,2010,Autumn,Ragi,17,7.7,0.452941176
Odisha,KANDHAMAL,2010,Autumn,Rice,12000,12000,1
Odisha,KANDHAMAL,2010,Autumn,Urad,117,28.1,0.24017094
Odisha,KANDHAMAL,2010,Summer,Maize,3,4.8,1.6
Odisha,KANDHAMAL,2010,Summer,Rice,1000,1000,1
Odisha,KANDHAMAL,2010,Summer,Wheat,1,0.8,0.8
Odisha,KANDHAMAL,2010,Winter,Groundnut,44,32.6,0.740909091
Odisha,KANDHAMAL,2010,Winter,Horse-gram,1734,327.7,0.188985006
Odisha,KANDHAMAL,2010,Winter,Maize,6,7.9,1.316666667
Odisha,KANDHAMAL,2010,Winter,Moong(Green Gram),66,8.4,0.127272727
Odisha,KANDHAMAL,2010,Winter,Potato,544,4098.5,7.534007353
Odisha,KANDHAMAL,2010,Winter,Ragi,27,7.9,0.292592593
Odisha,KANDHAMAL,2010,Winter,Rapeseed &Mustard,2341,252.8,0.107988039
Odisha,KANDHAMAL,2010,Winter,Rice,41000,57000,1.390243902
Odisha,KANDHAMAL,2010,Winter,Sesamum,77,7.8,0.101298701
Odisha,KANDHAMAL,2010,Winter,Urad,305,50,0.163934426
Odisha,KANDHAMAL,2011,Autumn,Groundnut,298,240.8,0.808053691
Odisha,KANDHAMAL,2011,Autumn,Maize,3187,4047.9,1.270128648
Odisha,KANDHAMAL,2011,Autumn,Moong(Green Gram),5,0.9,0.18
Odisha,KANDHAMAL,2011,Autumn,Ragi,19,7.5,0.394736842
Odisha,KANDHAMAL,2011,Autumn,Rice,5000,5000,1
Odisha,KANDHAMAL,2011,Autumn,Urad,59,8.1,0.137288136
Odisha,KANDHAMAL,2011,Summer,Maize,1,1,1
Odisha,KANDHAMAL,2011,Summer,Rice,1000,1000,1
Odisha,KANDHAMAL,2011,Winter,Groundnut,77,71.1,0.923376623
Odisha,KANDHAMAL,2011,Winter,Horse-gram,1187,229.1,0.193007582
Odisha,KANDHAMAL,2011,Winter,Moong(Green Gram),15,3,0.2
Odisha,KANDHAMAL,2011,Winter,Niger seed,1500,271.5,0.181
Odisha,KANDHAMAL,2011,Winter,Potato,623,4230.8,6.791011236
Odisha,KANDHAMAL,2011,Winter,Ragi,10,4.7,0.47
Odisha,KANDHAMAL,2011,Winter,Rapeseed &Mustard,2198,305.5,0.138989991
Odisha,KANDHAMAL,2011,Winter,Rice,32000,36000,1.125
Odisha,KANDHAMAL,2011,Winter,Sesamum,67,5.3,0.079104478
Odisha,KANDHAMAL,2011,Winter,Urad,160,23.2,0.145
Odisha,KANDHAMAL,2012,Autumn,Groundnut,301,228.2,0.758139535
Odisha,KANDHAMAL,2012,Autumn,Maize,2370,2180.1,0.919873418
Odisha,KANDHAMAL,2012,Autumn,Moong(Green Gram),1,0.3,0.3
Odisha,KANDHAMAL,2012,Autumn,Ragi,18,11,0.611111111
Odisha,KANDHAMAL,2012,Autumn,Rice,8000,9000,1.125
Odisha,KANDHAMAL,2012,Autumn,Urad,25,3.9,0.156
Odisha,KANDHAMAL,2012,Summer,Maize,7,11.7,1.671428571
Odisha,KANDHAMAL,2012,Summer,Rice,71000,1000,0.014084507
Odisha,KANDHAMAL,2012,Summer,Wheat,5,1.9,0.38
Odisha,KANDHAMAL,2012,Winter,Groundnut,17,17.8,1.047058824
Odisha,KANDHAMAL,2012,Winter,Horse-gram,1436,377.7,0.263022284
Odisha,KANDHAMAL,2012,Winter,Moong(Green Gram),69,13,0.188405797
Odisha,KANDHAMAL,2012,Winter,Potato,434,3188.6,7.347004608
Odisha,KANDHAMAL,2012,Winter,Ragi,8,2.8,0.35
Odisha,KANDHAMAL,2012,Winter,Rapeseed &Mustard,1721,261.6,0.152004648
Odisha,KANDHAMAL,2012,Winter,Rice,35000,62000,1.771428571
Odisha,KANDHAMAL,2012,Winter,Sesamum,18,4.3,0.238888889
Odisha,KANDHAMAL,2012,Winter,Sugarcane,2,69.6,34.8
Odisha,KANDHAMAL,2012,Winter,Urad,109,22.8,0.209174312
Odisha,KANDHAMAL,2013,Autumn,Groundnut,372,266.7,0.716935484
Odisha,KANDHAMAL,2013,Autumn,Maize,2040,1969.1,0.965245098
Odisha,KANDHAMAL,2013,Autumn,Ragi,18,11.8,0.655555556
Odisha,KANDHAMAL,2013,Autumn,Rice,9000,11000,1.222222222
Odisha,KANDHAMAL,2013,Autumn,Urad,39,3.3,0.084615385
Odisha,KANDHAMAL,2013,Summer,Maize,1,1.8,1.8
Odisha,KANDHAMAL,2013,Winter,Groundnut,8,12.2,1.525
Odisha,KANDHAMAL,2013,Winter,Horse-gram,1658,419.5,0.253015682
Odisha,KANDHAMAL,2013,Winter,Maize,1,1.4,1.4
Odisha,KANDHAMAL,2013,Winter,Moong(Green Gram),152,28.1,0.184868421
Odisha,KANDHAMAL,2013,Winter,Potato,349,2608.1,7.473065903
Odisha,KANDHAMAL,2013,Winter,Rapeseed &Mustard,1264,164.3,0.129984177
Odisha,KANDHAMAL,2013,Winter,Rice,37000,60000,1.621621622
Odisha,KANDHAMAL,2013,Winter,Sesamum,29,5.7,0.196551724
Odisha,KANDHAMAL,2013,Winter,Urad,290,59.7,0.205862069
Odisha,KANDHAMAL,2014,Autumn,Groundnut,159,165.4,1.040251572
Odisha,KANDHAMAL,2014,Autumn,Maize,1777,1803.8,1.015081598
Odisha,KANDHAMAL,2014,Autumn,Ragi,13,7.7,0.592307692
Odisha,KANDHAMAL,2014,Autumn,Rice,9000,11000,1.222222222
Odisha,KANDHAMAL,2014,Autumn,Urad,10,2.1,0.21
Odisha,KANDHAMAL,2014,Summer,Maize,3,4,1.333333333
Odisha,KANDHAMAL,2014,Summer,Rice,1000,1000,1
Odisha,KANDHAMAL,2014,Winter,Groundnut,38,42,1.105263158
Odisha,KANDHAMAL,2014,Winter,Horse-gram,1530,384,0.250980392
Odisha,KANDHAMAL,2014,Winter,Moong(Green Gram),92,16.3,0.177173913
Odisha,KANDHAMAL,2014,Winter,Potato,349,2485.2,7.120916905
Odisha,KANDHAMAL,2014,Winter,Rapeseed &Mustard,1366,189.9,0.139019034
Odisha,KANDHAMAL,2014,Winter,Rice,36000,73000,2.027777778
Odisha,KANDHAMAL,2014,Winter,Sesamum,17,3.9,0.229411765
Odisha,KANDHAMAL,2014,Winter,Urad,274,50.4,0.183941606
Odisha,KANDHAMAL,2015,Autumn,Groundnut,125,113.5,0.908
Odisha,KANDHAMAL,2015,Autumn,Maize,1273,1364,1.071484682
Odisha,KANDHAMAL,2015,Autumn,Ragi,26,9.7,0.373076923
Odisha,KANDHAMAL,2015,Autumn,Rice,4000,2000,0.5
Odisha,KANDHAMAL,2015,Autumn,Urad,32,4,0.125
Odisha,KANDHAMAL,2015,Summer,Groundnut,1,0.5,0.5
Odisha,KANDHAMAL,2015,Summer,Maize,1,2.1,2.1
Odisha,KANDHAMAL,2015,Summer,Moong(Green Gram),2,0.4,0.2
Odisha,KANDHAMAL,2015,Winter,Groundnut,4,5.3,1.325
Odisha,KANDHAMAL,2015,Winter,Horse-gram,721,106,0.147018031
Odisha,KANDHAMAL,2015,Winter,Moong(Green Gram),61,6.3,0.103278689
Odisha,KANDHAMAL,2015,Winter,Potato,233,1439.5,6.178111588
Odisha,KANDHAMAL,2015,Winter,Ragi,2,0.2,0.1
Odisha,KANDHAMAL,2015,Winter,Rapeseed &Mustard,806,63.7,0.079032258
Odisha,KANDHAMAL,2015,Winter,Rice,26000,24000,0.923076923
Odisha,KANDHAMAL,2015,Winter,Sesamum,12,2.3,0.191666667
Odisha,KANDHAMAL,2015,Winter,Urad,48,4.6,0.095833333
Odisha,KENDRAPARA,1997,Autumn,Arhar/Tur,5,1,0.2
Odisha,KENDRAPARA,1997,Autumn,Jute,18090,25200,1.393034826
Odisha,KENDRAPARA,1997,Autumn,Paddy,7204,10365,1.438784009
Odisha,KENDRAPARA,1997,Autumn,Ragi,2,1,0.5
Odisha,KENDRAPARA,1997,Summer,Arhar/Tur,7993,2030,0.253972226
Odisha,KENDRAPARA,1997,Summer,Groundnut,3396,4553,1.340694935
Odisha,KENDRAPARA,1997,Summer,Paddy,10925,19894,1.820961098
Odisha,KENDRAPARA,1997,Summer,Ragi,2,1,0.5
Odisha,KENDRAPARA,1997,Summer,Sesamum,48,16,0.333333333
Odisha,KENDRAPARA,1997,Summer,Urad,434,134,0.30875576
Odisha,KENDRAPARA,1997,Whole Year,Potato,572,7970,13.93356643
Odisha,KENDRAPARA,1997,Winter,Arhar/Tur,30,11,0.366666667
Odisha,KENDRAPARA,1997,Winter,Horse-gram,462,257,0.556277056
Odisha,KENDRAPARA,1997,Winter,Paddy,135812,151539,1.115799782
Odisha,KENDRAPARA,1997,Winter,Sugarcane,127,9059,71.33070866
Odisha,KENDRAPARA,1997,Winter,Urad,9650,4372,0.453056995
Odisha,KENDRAPARA,1998,Autumn,Jute,1410,11983,8.49858156
Odisha,KENDRAPARA,1998,Autumn,Rice,5672,6647,1.171897038
Odisha,KENDRAPARA,1998,Summer,Groundnut,2798,1757,0.627948535
Odisha,KENDRAPARA,1998,Summer,Moong(Green Gram),11155,3614,0.323980278
Odisha,KENDRAPARA,1998,Summer,Ragi,1,1,1
Odisha,KENDRAPARA,1998,Summer,Rice,12979,26374,2.032051776
Odisha,KENDRAPARA,1998,Summer,Sesamum,126,48,0.380952381
Odisha,KENDRAPARA,1998,Summer,Urad,629,179,0.284578696
Odisha,KENDRAPARA,1998,Summer,Wheat,15,22,1.466666667
Odisha,KENDRAPARA,1998,Winter,Groundnut,48,34,0.708333333
Odisha,KENDRAPARA,1998,Winter,Horse-gram,534,238,0.445692884
Odisha,KENDRAPARA,1998,Winter,Maize,10,4,0.4
Odisha,KENDRAPARA,1998,Winter,Moong(Green Gram),2,,
Odisha,KENDRAPARA,1998,Winter,Potato,748,10201,13.63770053
Odisha,KENDRAPARA,1998,Winter,Rapeseed &Mustard,198,19,0.095959596
Odisha,KENDRAPARA,1998,Winter,Rice,133344,158270,1.186930046
Odisha,KENDRAPARA,1998,Winter,Sugarcane,161,12403,77.03726708
Odisha,KENDRAPARA,1998,Winter,Urad,6565,2541,0.387052551
Odisha,KENDRAPARA,1999,Autumn,Rice,5000,8000,1.6
Odisha,KENDRAPARA,1999,Kharif,Arhar/Tur,160,150,0.9375
Odisha,KENDRAPARA,1999,Kharif,Dry chillies,640,790,1.234375
Odisha,KENDRAPARA,1999,Kharif,Dry ginger,300,540,1.8
Odisha,KENDRAPARA,1999,Kharif,Jute,2740,23290,8.5
Odisha,KENDRAPARA,1999,Kharif,Maize,80,110,1.375
Odisha,KENDRAPARA,1999,Kharif,Ragi,10,10,1
Odisha,KENDRAPARA,1999,Kharif,Urad,20,20,1
Odisha,KENDRAPARA,1999,Rabi,Castor seed,20,10,0.5
Odisha,KENDRAPARA,1999,Rabi,Coriander,3760,820,0.218085106
Odisha,KENDRAPARA,1999,Rabi,Dry chillies,6590,6040,0.916540212
Odisha,KENDRAPARA,1999,Rabi,Garlic,1100,2580,2.345454545
Odisha,KENDRAPARA,1999,Rabi,Gram,110,90,0.818181818
Odisha,KENDRAPARA,1999,Rabi,Groundnut,12750,26340,2.065882353
Odisha,KENDRAPARA,1999,Rabi,Horse-gram,1830,710,0.387978142
Odisha,KENDRAPARA,1999,Rabi,Linseed,70,30,0.428571429
Odisha,KENDRAPARA,1999,Rabi,Maize,90,110,1.222222222
Odisha,KENDRAPARA,1999,Rabi,Moong(Green Gram),17140,4300,0.250875146
Odisha,KENDRAPARA,1999,Rabi,Ragi,120,90,0.75
Odisha,KENDRAPARA,1999,Rabi,Rapeseed &Mustard,3050,1080,0.354098361
Odisha,KENDRAPARA,1999,Rabi,Sesamum,680,310,0.455882353
Odisha,KENDRAPARA,1999,Rabi,Sunflower,80,60,0.75
Odisha,KENDRAPARA,1999,Rabi,Sweet potato,420,4090,9.738095238
Odisha,KENDRAPARA,1999,Rabi,Urad,17400,4720,0.271264368
Odisha,KENDRAPARA,1999,Rabi,Wheat,1320,1700,1.287878788
Odisha,KENDRAPARA,1999,Summer,Rice,24830,59190,2.383809907
Odisha,KENDRAPARA,1999,Whole Year,Onion,1250,10000,8
Odisha,KENDRAPARA,1999,Whole Year,Potato,580,7950,13.70689655
Odisha,KENDRAPARA,1999,Winter,Rice,137000,21000,0.153284672
Odisha,KENDRAPARA,1999,Winter,Sugarcane,440,37340,84.86363636
Odisha,KENDRAPARA,2000,Autumn,Rice,7710,9830,1.274967575
Odisha,KENDRAPARA,2000,Kharif,Arhar/Tur,100,90,0.9
Odisha,KENDRAPARA,2000,Kharif,Dry ginger,420,750,1.785714286
Odisha,KENDRAPARA,2000,Kharif,Groundnut,3706,4102.5,1.106988667
Odisha,KENDRAPARA,2000,Kharif,Horse-gram,862,485.3,0.562993039
Odisha,KENDRAPARA,2000,Kharif,Jute,2200,18590,8.45
Odisha,KENDRAPARA,2000,Kharif,Moong(Green Gram),7009,2151.9,0.307019546
Odisha,KENDRAPARA,2000,Kharif,Ragi,2,0.8,0.4
Odisha,KENDRAPARA,2000,Kharif,Sesamum,23,10.3,0.447826087
Odisha,KENDRAPARA,2000,Kharif,Urad,8262,4020.1,0.4865771
Odisha,KENDRAPARA,2000,Rabi,Castor seed,10,10,1
Odisha,KENDRAPARA,2000,Rabi,Gram,70,60,0.857142857
Odisha,KENDRAPARA,2000,Rabi,Linseed,80,40,0.5
Odisha,KENDRAPARA,2000,Rabi,Rapeseed &Mustard,199,32.6,0.163819095
Odisha,KENDRAPARA,2000,Rabi,Sunflower,80,60,0.75
Odisha,KENDRAPARA,2000,Rabi,Wheat,23,27.1,1.17826087
Odisha,KENDRAPARA,2000,Summer,Rice,9320,19570,2.099785408
Odisha,KENDRAPARA,2000,Whole Year,Coriander,1680,820,0.488095238
Odisha,KENDRAPARA,2000,Whole Year,Dry chillies,870,740,0.850574713
Odisha,KENDRAPARA,2000,Whole Year,Garlic,750,2400,3.2
Odisha,KENDRAPARA,2000,Whole Year,Onion,1360,11970,8.801470588
Odisha,KENDRAPARA,2000,Whole Year,Potato,779,10463.5,13.43196406
Odisha,KENDRAPARA,2000,Whole Year,Sugarcane,165,7144.5,43.3
Odisha,KENDRAPARA,2000,Whole Year,Sweet potato,90,740,8.222222222
Odisha,KENDRAPARA,2000,Winter,Rice,115940,103870,0.895894428
Odisha,KENDRAPARA,2001,Kharif,Arhar/Tur,20,10,0.5
Odisha,KENDRAPARA,2001,Kharif,Dry ginger,240,420,1.75
Odisha,KENDRAPARA,2001,Kharif,Groundnut,2624,2440.3,0.929992378
Odisha,KENDRAPARA,2001,Kharif,Horse-gram,374,192.2,0.513903743
Odisha,KENDRAPARA,2001,Kharif,Jute,980,8134,8.3
Odisha,KENDRAPARA,2001,Kharif,Moong(Green Gram),13559,4449.1,0.328128918
Odisha,KENDRAPARA,2001,Kharif,Rice,124000,180000,1.451612903
Odisha,KENDRAPARA,2001,Kharif,Sesamum,28,16.8,0.6
Odisha,KENDRAPARA,2001,Kharif,Urad,10048,3687.1,0.366948646
Odisha,KENDRAPARA,2001,Rabi,Arhar/Tur,80,50,0.625
Odisha,KENDRAPARA,2001,Rabi,Castor seed,40,20,0.5
Odisha,KENDRAPARA,2001,Rabi,Gram,90,50,0.555555556
Odisha,KENDRAPARA,2001,Rabi,Linseed,90,30,0.333333333
Odisha,KENDRAPARA,2001,Rabi,Other  Rabi pulses,1270,730,0.57480315
Odisha,KENDRAPARA,2001,Rabi,Rapeseed &Mustard,133,18.5,0.139097744
Odisha,KENDRAPARA,2001,Rabi,Sunflower,200,80,0.4
Odisha,KENDRAPARA,2001,Whole Year,Coriander,970,460,0.474226804
Odisha,KENDRAPARA,2001,Whole Year,Dry chillies,860,730,0.848837209
Odisha,KENDRAPARA,2001,Whole Year,Garlic,360,1150,3.194444444
Odisha,KENDRAPARA,2001,Whole Year,Onion,690,6070,8.797101449
Odisha,KENDRAPARA,2001,Whole Year,Potato,582,7798.8,13.4
Odisha,KENDRAPARA,2001,Whole Year,Sugarcane,85,3479.3,40.93294118
Odisha,KENDRAPARA,2001,Whole Year,Sweet potato,100,790,7.9
Odisha,KENDRAPARA,2001,Whole Year,Turmeric,70,150,2.142857143
Odisha,KENDRAPARA,2002,Kharif,Arhar/Tur,40,40,1
Odisha,KENDRAPARA,2002,Kharif,Dry ginger,380,710,1.868421053
Odisha,KENDRAPARA,2002,Kharif,Groundnut,2477,2617.3,1.056641098
Odisha,KENDRAPARA,2002,Kharif,Horse-gram,517,229,0.442940039
Odisha,KENDRAPARA,2002,Kharif,Jute,992,10019,10.09979839
Odisha,KENDRAPARA,2002,Kharif,Moong(Green Gram),13456,4569.8,0.339610583
Odisha,KENDRAPARA,2002,Kharif,Ragi,2,0.8,0.4
Odisha,KENDRAPARA,2002,Kharif,Rice,129000,120000,0.930232558
Odisha,KENDRAPARA,2002,Kharif,Sesamum,45,21.5,0.477777778
Odisha,KENDRAPARA,2002,Kharif,Urad,9942,3181.3,0.319985918
Odisha,KENDRAPARA,2002,Rabi,Castor seed,30,20,0.666666667
Odisha,KENDRAPARA,2002,Rabi,Gram,80,70,0.875
Odisha,KENDRAPARA,2002,Rabi,Linseed,90,40,0.444444444
Odisha,KENDRAPARA,2002,Rabi,Other  Rabi pulses,1130,1410,1.247787611
Odisha,KENDRAPARA,2002,Rabi,Rapeseed &Mustard,127,18.4,0.14488189
Odisha,KENDRAPARA,2002,Rabi,Sunflower,90,70,0.777777778
Odisha,KENDRAPARA,2002,Whole Year,Coriander,2180,1070,0.490825688
Odisha,KENDRAPARA,2002,Whole Year,Dry chillies,4240,3600,0.849056604
Odisha,KENDRAPARA,2002,Whole Year,Garlic,600,1920,3.2
Odisha,KENDRAPARA,2002,Whole Year,Onion,1300,11440,8.8
Odisha,KENDRAPARA,2002,Whole Year,Potato,618,8379.5,13.55906149
Odisha,KENDRAPARA,2002,Whole Year,Sugarcane,91,4394.7,48.29340659
Odisha,KENDRAPARA,2002,Whole Year,Sweet potato,190,1500,7.894736842
Odisha,KENDRAPARA,2002,Whole Year,Turmeric,150,340,2.266666667
Odisha,KENDRAPARA,2003,Kharif,Arhar/Tur,20,20,1
Odisha,KENDRAPARA,2003,Kharif,Dry ginger,390,720,1.846153846
Odisha,KENDRAPARA,2003,Kharif,Groundnut,1647,2067,1.255009107
Odisha,KENDRAPARA,2003,Kharif,Horse-gram,419,145.4,0.347016706
Odisha,KENDRAPARA,2003,Kharif,Jute,805,5670,7.043478261
Odisha,KENDRAPARA,2003,Kharif,Moong(Green Gram),16196,4210.9,0.259996295
Odisha,KENDRAPARA,2003,Kharif,Rice,140000,177000,1.264285714
Odisha,KENDRAPARA,2003,Kharif,Sesamum,72,33.6,0.466666667
Odisha,KENDRAPARA,2003,Kharif,Urad,5789,1636.7,0.282725859
Odisha,KENDRAPARA,2003,Rabi,Castor seed,30,10,0.333333333
Odisha,KENDRAPARA,2003,Rabi,Gram,60,50,0.833333333
Odisha,KENDRAPARA,2003,Rabi,Linseed,30,10,0.333333333
Odisha,KENDRAPARA,2003,Rabi,Other  Rabi pulses,1040,1120,1.076923077
Odisha,KENDRAPARA,2003,Rabi,Rapeseed &Mustard,207,31.7,0.153140097
Odisha,KENDRAPARA,2003,Rabi,Sunflower,40,30,0.75
Odisha,KENDRAPARA,2003,Rabi,Wheat,8,9.7,1.2125
Odisha,KENDRAPARA,2003,Whole Year,Coriander,2010,980,0.487562189
Odisha,KENDRAPARA,2003,Whole Year,Dry chillies,4290,3640,0.848484848
Odisha,KENDRAPARA,2003,Whole Year,Garlic,690,2190,3.173913043
Odisha,KENDRAPARA,2003,Whole Year,Onion,1240,10920,8.806451613
Odisha,KENDRAPARA,2003,Whole Year,Potato,673,9136,13.57503715
Odisha,KENDRAPARA,2003,Whole Year,Sugarcane,56,2680.6,47.86785714
Odisha,KENDRAPARA,2003,Whole Year,Sweet potato,250,2030,8.12
Odisha,KENDRAPARA,2003,Whole Year,Turmeric,240,540,2.25
Odisha,KENDRAPARA,2004,Autumn,Jute,547,5187,9.482632541
Odisha,KENDRAPARA,2004,Autumn,Rice,3000,4000,1.333333333
Odisha,KENDRAPARA,2004,Kharif,Dry ginger,318,590,1.855345912
Odisha,KENDRAPARA,2004,Rabi,Castor seed,25,10,0.4
Odisha,KENDRAPARA,2004,Rabi,Gram,85,71,0.835294118
Odisha,KENDRAPARA,2004,Rabi,Linseed,33,14,0.424242424
Odisha,KENDRAPARA,2004,Rabi,Other  Rabi pulses,1143,1269,1.11023622
Odisha,KENDRAPARA,2004,Rabi,Sunflower,81,61,0.75308642
Odisha,KENDRAPARA,2004,Summer,Groundnut,3209,4572.8,1.424992209
Odisha,KENDRAPARA,2004,Summer,Moong(Green Gram),17043,6067.3,0.355999531
Odisha,KENDRAPARA,2004,Summer,Rice,3000,7000,2.333333333
Odisha,KENDRAPARA,2004,Summer,Sesamum,150,60.9,0.406
Odisha,KENDRAPARA,2004,Summer,Urad,1721,648.8,0.376990122
Odisha,KENDRAPARA,2004,Summer,Wheat,7,7.8,1.114285714
Odisha,KENDRAPARA,2004,Whole Year,Coriander,1832,987,0.538755459
Odisha,KENDRAPARA,2004,Whole Year,Dry chillies,3659,3110,0.849959005
Odisha,KENDRAPARA,2004,Whole Year,Garlic,632,2019,3.194620253
Odisha,KENDRAPARA,2004,Whole Year,Onion,947,8335,8.801478353
Odisha,KENDRAPARA,2004,Whole Year,Sweet potato,233,1895,8.13304721
Odisha,KENDRAPARA,2004,Whole Year,Turmeric,263,591,2.247148289
Odisha,KENDRAPARA,2004,Winter,Horse-gram,264,95,0.359848485
Odisha,KENDRAPARA,2004,Winter,Potato,660,8420.3,12.7580303
Odisha,KENDRAPARA,2004,Winter,Rapeseed &Mustard,61,10.1,0.16557377
Odisha,KENDRAPARA,2004,Winter,Rice,131000,195000,1.488549618
Odisha,KENDRAPARA,2004,Winter,Sugarcane,94,5116.1,54.42659574
Odisha,KENDRAPARA,2004,Winter,Urad,7095,2078.8,0.292995067
Odisha,KENDRAPARA,2005,Autumn,Jute,915,7549,8.250273224
Odisha,KENDRAPARA,2005,Autumn,Rice,8000,10000,1.25
Odisha,KENDRAPARA,2005,Summer,Groundnut,5320,7155.4,1.345
Odisha,KENDRAPARA,2005,Summer,Moong(Green Gram),20167,7240,0.359002331
Odisha,KENDRAPARA,2005,Summer,Rice,3000,8000,2.666666667
Odisha,KENDRAPARA,2005,Summer,Sesamum,84,36.3,0.432142857
Odisha,KENDRAPARA,2005,Summer,Urad,2411,947.5,0.39299046
Odisha,KENDRAPARA,2005,Summer,Wheat,23,33.9,1.473913043
Odisha,KENDRAPARA,2005,Winter,Horse-gram,419,119.8,0.285918854
Odisha,KENDRAPARA,2005,Winter,Moong(Green Gram),7,1.6,0.228571429
Odisha,KENDRAPARA,2005,Winter,Potato,776,8647,11.14304124
Odisha,KENDRAPARA,2005,Winter,Rapeseed &Mustard,155,25.9,0.167096774
Odisha,KENDRAPARA,2005,Winter,Rice,129000,216000,1.674418605
Odisha,KENDRAPARA,2005,Winter,Sugarcane,84,5040,60
Odisha,KENDRAPARA,2005,Winter,Urad,6383,1780.9,0.279006737
Odisha,KENDRAPARA,2006,Autumn,Jute,1223,10151,8.300081766
Odisha,KENDRAPARA,2006,Autumn,Rice,5000,3000,0.6
Odisha,KENDRAPARA,2006,Summer,Groundnut,3084,3617.5,1.172989624
Odisha,KENDRAPARA,2006,Summer,Moong(Green Gram),16475,4860.1,0.294998483
Odisha,KENDRAPARA,2006,Summer,Rice,3000,6000,2
Odisha,KENDRAPARA,2006,Summer,Sesamum,106,39.2,0.369811321
Odisha,KENDRAPARA,2006,Summer,Urad,2194,737.2,0.336007293
Odisha,KENDRAPARA,2006,Summer,Wheat,18,22.4,1.244444444
Odisha,KENDRAPARA,2006,Winter,Horse-gram,492,190.4,0.38699187
Odisha,KENDRAPARA,2006,Winter,Moong(Green Gram),5,2.1,0.42
Odisha,KENDRAPARA,2006,Winter,Potato,816,10058.8,12.32696078
Odisha,KENDRAPARA,2006,Winter,Rapeseed &Mustard,68,10,0.147058824
Odisha,KENDRAPARA,2006,Winter,Rice,128000,141000,1.1015625
Odisha,KENDRAPARA,2006,Winter,Sugarcane,86,4237.3,49.27093023
Odisha,KENDRAPARA,2006,Winter,Urad,6735,2370.7,0.35199703
Odisha,KENDRAPARA,2007,Autumn,Jute,1244,11645,9.360932476
Odisha,KENDRAPARA,2007,Autumn,Rice,5000,5000,1
Odisha,KENDRAPARA,2007,Summer,Groundnut,4043,5061.8,1.251991096
Odisha,KENDRAPARA,2007,Summer,Moong(Green Gram),18939,4867.3,0.256998786
Odisha,KENDRAPARA,2007,Summer,Rice,2000,6000,3
Odisha,KENDRAPARA,2007,Summer,Sesamum,138,48,0.347826087
Odisha,KENDRAPARA,2007,Summer,Urad,2421,869.1,0.358983891
Odisha,KENDRAPARA,2007,Summer,Wheat,5,7.3,1.46
Odisha,KENDRAPARA,2007,Winter,Horse-gram,613,261.1,0.42593801
Odisha,KENDRAPARA,2007,Winter,Potato,804,13528.9,16.82699005
Odisha,KENDRAPARA,2007,Winter,Rapeseed &Mustard,143,29.6,0.206993007
Odisha,KENDRAPARA,2007,Winter,Rice,134000,185000,1.380597015
Odisha,KENDRAPARA,2007,Winter,Sugarcane,80,4137.8,51.7225
Odisha,KENDRAPARA,2007,Winter,Urad,8341,3044.5,0.365004196
Odisha,KENDRAPARA,2008,Autumn,Jute,852,5945,6.977699531
Odisha,KENDRAPARA,2008,Autumn,Rice,3000,1000,0.333333333
Odisha,KENDRAPARA,2008,Summer,Groundnut,2399,2255.1,0.940016674
Odisha,KENDRAPARA,2008,Summer,Moong(Green Gram),17659,5209.4,0.294999717
Odisha,KENDRAPARA,2008,Summer,Rice,5000,10000,2
Odisha,KENDRAPARA,2008,Summer,Sesamum,107,38.7,0.361682243
Odisha,KENDRAPARA,2008,Summer,Urad,3488,1322,0.379013761
Odisha,KENDRAPARA,2008,Summer,Wheat,94,87.1,0.926595745
Odisha,KENDRAPARA,2008,Winter,Horse-gram,325,120.6,0.371076923
Odisha,KENDRAPARA,2008,Winter,Potato,612,9208.2,15.04607843
Odisha,KENDRAPARA,2008,Winter,Rapeseed &Mustard,177,36.8,0.207909605
Odisha,KENDRAPARA,2008,Winter,Rice,135000,187000,1.385185185
Odisha,KENDRAPARA,2008,Winter,Sugarcane,40,1593.2,39.83
Odisha,KENDRAPARA,2008,Winter,Urad,6006,2246.2,0.373992674
Odisha,KENDRAPARA,2009,Autumn,Jute,417,3931,9.426858513
Odisha,KENDRAPARA,2009,Autumn,Rice,3000,5000,1.666666667
Odisha,KENDRAPARA,2009,Summer,Groundnut,1941,2238,1.15301391
Odisha,KENDRAPARA,2009,Summer,Moong(Green Gram),19346,6190.7,0.319998966
Odisha,KENDRAPARA,2009,Summer,Rice,2000,4000,2
Odisha,KENDRAPARA,2009,Summer,Sesamum,117,46.8,0.4
Odisha,KENDRAPARA,2009,Summer,Urad,2454,746,0.30399348
Odisha,KENDRAPARA,2009,Summer,Wheat,2,2.4,1.2
Odisha,KENDRAPARA,2009,Winter,Horse-gram,256,104.4,0.4078125
Odisha,KENDRAPARA,2009,Winter,Potato,650,10870.6,16.724
Odisha,KENDRAPARA,2009,Winter,Rapeseed &Mustard,125,27.9,0.2232
Odisha,KENDRAPARA,2009,Winter,Rice,138000,230000,1.666666667
Odisha,KENDRAPARA,2009,Winter,Sugarcane,71,2930,41.26760563
Odisha,KENDRAPARA,2009,Winter,Urad,8841,3580.6,0.404999434
Odisha,KENDRAPARA,2010,Autumn,Jute,1099,12376,11.2611465
Odisha,KENDRAPARA,2010,Autumn,Rice,3000,4000,1.333333333
Odisha,KENDRAPARA,2010,Summer,Groundnut,3149,3101.8,0.985011115
Odisha,KENDRAPARA,2010,Summer,Moong(Green Gram),22895,7005.9,0.30600131
Odisha,KENDRAPARA,2010,Summer,Rice,3000,6000,2
Odisha,KENDRAPARA,2010,Summer,Sesamum,53,19.5,0.367924528
Odisha,KENDRAPARA,2010,Summer,Urad,2049,758.1,0.369985359
Odisha,KENDRAPARA,2010,Summer,Wheat,2,2.6,1.3
Odisha,KENDRAPARA,2010,Winter,Horse-gram,308,119.5,0.387987013
Odisha,KENDRAPARA,2010,Winter,Potato,634,10038.1,15.8329653
Odisha,KENDRAPARA,2010,Winter,Rapeseed &Mustard,232,38.5,0.165948276
Odisha,KENDRAPARA,2010,Winter,Rice,129000,157000,1.217054264
Odisha,KENDRAPARA,2010,Winter,Sugarcane,183,8848.6,48.35300546
Odisha,KENDRAPARA,2010,Winter,Urad,9785,3737.9,0.382003066
Odisha,KENDRAPARA,2011,Autumn,Jute,1133,10537,9.300088261
Odisha,KENDRAPARA,2011,Autumn,Rice,2000,2000,1
Odisha,KENDRAPARA,2011,Summer,Groundnut,2333,2491.6,1.06798114
Odisha,KENDRAPARA,2011,Summer,Moong(Green Gram),23429,7333.3,0.313000982
Odisha,KENDRAPARA,2011,Summer,Rice,3000,7000,2.333333333
Odisha,KENDRAPARA,2011,Summer,Sesamum,38,20.1,0.528947368
Odisha,KENDRAPARA,2011,Summer,Urad,2475,866.3,0.350020202
Odisha,KENDRAPARA,2011,Summer,Wheat,3,2.3,0.766666667
Odisha,KENDRAPARA,2011,Winter,Horse-gram,254,107.7,0.424015748
Odisha,KENDRAPARA,2011,Winter,Moong(Green Gram),1,0.6,0.6
Odisha,KENDRAPARA,2011,Winter,Potato,621,9448.5,15.21497585
Odisha,KENDRAPARA,2011,Winter,Rapeseed &Mustard,100,20.6,0.206
Odisha,KENDRAPARA,2011,Winter,Rice,130000,195000,1.5
Odisha,KENDRAPARA,2011,Winter,Sugarcane,251,12509.8,49.83984064
Odisha,KENDRAPARA,2011,Winter,Urad,8914,3761.7,0.421999103
Odisha,KENDRAPARA,2012,Autumn,Jute,613,1302,2.123980424
Odisha,KENDRAPARA,2012,Autumn,Rice,2000,3000,1.5
Odisha,KENDRAPARA,2012,Summer,Groundnut,1691,1636.9,0.968007096
Odisha,KENDRAPARA,2012,Summer,Moong(Green Gram),23214,7753.5,0.334001034
Odisha,KENDRAPARA,2012,Summer,Rice,259000,7000,0.027027027
Odisha,KENDRAPARA,2012,Summer,Sesamum,46,24.2,0.526086957
Odisha,KENDRAPARA,2012,Summer,Urad,1932,676.2,0.35
Odisha,KENDRAPARA,2012,Summer,Wheat,7,3.9,0.557142857
Odisha,KENDRAPARA,2012,Winter,Horse-gram,194,80.5,0.414948454
Odisha,KENDRAPARA,2012,Winter,Potato,440,6827,15.51590909
Odisha,KENDRAPARA,2012,Winter,Rapeseed &Mustard,166,38.2,0.230120482
Odisha,KENDRAPARA,2012,Winter,Rice,138000,256000,1.855072464
Odisha,KENDRAPARA,2012,Winter,Sugarcane,103,5347.1,51.91359223
Odisha,KENDRAPARA,2012,Winter,Urad,8920,3835.6,0.43
Odisha,KENDRAPARA,2013,Autumn,Jute,329,755.4,2.296048632
Odisha,KENDRAPARA,2013,Autumn,Rice,3000,4000,1.333333333
Odisha,KENDRAPARA,2013,Summer,Groundnut,1985,3297.1,1.661007557
Odisha,KENDRAPARA,2013,Summer,Moong(Green Gram),20701,8073.4,0.390000483
Odisha,KENDRAPARA,2013,Summer,Rice,2000,4000,2
Odisha,KENDRAPARA,2013,Summer,Sesamum,16,7.5,0.46875
Odisha,KENDRAPARA,2013,Summer,Urad,965,398.5,0.412953368
Odisha,KENDRAPARA,2013,Summer,Wheat,3,6.3,2.1
Odisha,KENDRAPARA,2013,Winter,Horse-gram,263,83.4,0.317110266
Odisha,KENDRAPARA,2013,Winter,Potato,612,9335.4,15.25392157
Odisha,KENDRAPARA,2013,Winter,Rapeseed &Mustard,107,17.3,0.161682243
Odisha,KENDRAPARA,2013,Winter,Rice,130000,149000,1.146153846
Odisha,KENDRAPARA,2013,Winter,Sugarcane,170,9443.5,55.55
Odisha,KENDRAPARA,2013,Winter,Urad,5796,1512.8,0.261007591
Odisha,KENDRAPARA,2014,Autumn,Jute,332,665.3,2.003915663
Odisha,KENDRAPARA,2014,Autumn,Rice,2000,3000,1.5
Odisha,KENDRAPARA,2014,Summer,Groundnut,800,1269.6,1.587
Odisha,KENDRAPARA,2014,Summer,Moong(Green Gram),22711,9902,0.436000176
Odisha,KENDRAPARA,2014,Summer,Rice,1000,2000,2
Odisha,KENDRAPARA,2014,Summer,Sesamum,19,10.1,0.531578947
Odisha,KENDRAPARA,2014,Summer,Urad,870,368.9,0.424022989
Odisha,KENDRAPARA,2014,Winter,Horse-gram,288,124.4,0.431944444
Odisha,KENDRAPARA,2014,Winter,Potato,742,12982,17.49595687
Odisha,KENDRAPARA,2014,Winter,Rapeseed &Mustard,67,19.8,0.295522388
Odisha,KENDRAPARA,2014,Winter,Rice,123000,175000,1.422764228
Odisha,KENDRAPARA,2014,Winter,Sugarcane,53,2321.4,43.8
Odisha,KENDRAPARA,2014,Winter,Urad,5567,2521.9,0.453008802
Odisha,KENDRAPARA,2015,Autumn,Jute,77,155.8,2.023376623
Odisha,KENDRAPARA,2015,Autumn,Rice,2000,4000,2
Odisha,KENDRAPARA,2015,Summer,Groundnut,992,1226.1,1.235987903
Odisha,KENDRAPARA,2015,Summer,Moong(Green Gram),21538,8055.2,0.373999443
Odisha,KENDRAPARA,2015,Summer,Rice,2000,4000,2
Odisha,KENDRAPARA,2015,Summer,Sesamum,11,4.6,0.418181818
Odisha,KENDRAPARA,2015,Summer,Urad,896,258,0.287946429
Odisha,KENDRAPARA,2015,Winter,Horse-gram,197,82.3,0.417766497
Odisha,KENDRAPARA,2015,Winter,Potato,461,5333.3,11.56898048
Odisha,KENDRAPARA,2015,Winter,Rapeseed &Mustard,84,17.2,0.204761905
Odisha,KENDRAPARA,2015,Winter,Rice,116000,213000,1.836206897
Odisha,KENDRAPARA,2015,Winter,Sugarcane,66,3073.7,46.57121212
Odisha,KENDRAPARA,2015,Winter,Urad,6364,3328.4,0.5230044
Odisha,KENDUJHAR,1997,Autumn,Groundnut,219,149,0.680365297
Odisha,KENDUJHAR,1997,Autumn,Jute,13210,15830,1.198334595
Odisha,KENDUJHAR,1997,Autumn,Maize,4500,2901,0.644666667
Odisha,KENDUJHAR,1997,Autumn,Paddy,59966,57805,0.963962912
Odisha,KENDUJHAR,1997,Autumn,Ragi,21,9,0.428571429
Odisha,KENDUJHAR,1997,Autumn,Sesamum,102,25,0.245098039
Odisha,KENDUJHAR,1997,Autumn,Urad,1444,423,0.292936288
Odisha,KENDUJHAR,1997,Rabi,Wheat,450,290,0.644444444
Odisha,KENDUJHAR,1997,Summer,Arhar/Tur,125,27,0.216
Odisha,KENDUJHAR,1997,Summer,Groundnut,55,47,0.854545455
Odisha,KENDUJHAR,1997,Summer,Maize,6,8,1.333333333
Odisha,KENDUJHAR,1997,Summer,Paddy,2585,5723,2.213926499
Odisha,KENDUJHAR,1997,Summer,Urad,6,3,0.5
Odisha,KENDUJHAR,1997,Whole Year,Potato,222,2087,9.400900901
Odisha,KENDUJHAR,1997,Winter,Arhar/Tur,428,102,0.238317757
Odisha,KENDUJHAR,1997,Winter,Groundnut,220,125,0.568181818
Odisha,KENDUJHAR,1997,Winter,Horse-gram,3225,890,0.275968992
Odisha,KENDUJHAR,1997,Winter,Maize,4,6,1.5
Odisha,KENDUJHAR,1997,Winter,Paddy,154981,219776,1.418083507
Odisha,KENDUJHAR,1997,Winter,Sesamum,178,36,0.202247191
Odisha,KENDUJHAR,1997,Winter,Sugarcane,199,6950,34.92462312
Odisha,KENDUJHAR,1997,Winter,Urad,463,145,0.313174946
Odisha,KENDUJHAR,1998,Autumn,Groundnut,108,75,0.694444444
Odisha,KENDUJHAR,1998,Autumn,Jute,766,4544,5.932114883
Odisha,KENDUJHAR,1998,Autumn,Maize,4187,2610,0.623358013
Odisha,KENDUJHAR,1998,Autumn,Moong(Green Gram),3,1,0.333333333
Odisha,KENDUJHAR,1998,Autumn,Ragi,23,11,0.47826087
Odisha,KENDUJHAR,1998,Autumn,Rice,57870,22228,0.384102298
Odisha,KENDUJHAR,1998,Autumn,Sesamum,63,11,0.174603175
Odisha,KENDUJHAR,1998,Autumn,Urad,1767,309,0.174872666
Odisha,KENDUJHAR,1998,Summer,Groundnut,22,4,0.181818182
Odisha,KENDUJHAR,1998,Summer,Maize,18,11,0.611111111
Odisha,KENDUJHAR,1998,Summer,Moong(Green Gram),98,15,0.153061224
Odisha,KENDUJHAR,1998,Summer,Rice,2799,3867,1.381564845
Odisha,KENDUJHAR,1998,Summer,Sesamum,1,,
Odisha,KENDUJHAR,1998,Summer,Wheat,540,508,0.940740741
Odisha,KENDUJHAR,1998,Winter,Groundnut,292,266,0.910958904
Odisha,KENDUJHAR,1998,Winter,Horse-gram,2747,445,0.161994904
Odisha,KENDUJHAR,1998,Winter,Maize,27,15,0.555555556
Odisha,KENDUJHAR,1998,Winter,Moong(Green Gram),295,47,0.159322034
Odisha,KENDUJHAR,1998,Winter,Potato,174,1629,9.362068966
Odisha,KENDUJHAR,1998,Winter,Ragi,9,2,0.222222222
Odisha,KENDUJHAR,1998,Winter,Rapeseed &Mustard,1100,114,0.103636364
Odisha,KENDUJHAR,1998,Winter,Rice,156337,132536,0.847758368
Odisha,KENDUJHAR,1998,Winter,Sesamum,129,12,0.093023256
Odisha,KENDUJHAR,1998,Winter,Sugarcane,122,4935,40.45081967
Odisha,KENDUJHAR,1998,Winter,Urad,476,66,0.138655462
Odisha,KENDUJHAR,1999,Autumn,Rice,53000,39000,0.735849057
Odisha,KENDUJHAR,1999,Kharif,Arhar/Tur,9250,11010,1.19027027
Odisha,KENDUJHAR,1999,Kharif,Bajra,290,190,0.655172414
Odisha,KENDUJHAR,1999,Kharif,Castor seed,260,160,0.615384615
Odisha,KENDUJHAR,1999,Kharif,Cotton(lint),80,50,0.625
Odisha,KENDUJHAR,1999,Kharif,Dry chillies,1230,880,0.715447154
Odisha,KENDUJHAR,1999,Kharif,Dry ginger,220,330,1.5
Odisha,KENDUJHAR,1999,Kharif,Groundnut,2590,3230,1.247104247
Odisha,KENDUJHAR,1999,Kharif,Jowar,450,250,0.555555556
Odisha,KENDUJHAR,1999,Kharif,Jute,2050,12160,5.931707317
Odisha,KENDUJHAR,1999,Kharif,Maize,24090,41730,1.732254047
Odisha,KENDUJHAR,1999,Kharif,Mesta,3940,24760,6.284263959
Odisha,KENDUJHAR,1999,Kharif,Moong(Green Gram),2670,890,0.333333333
Odisha,KENDUJHAR,1999,Kharif,Niger seed,20700,7930,0.383091787
Odisha,KENDUJHAR,1999,Kharif,Ragi,480,330,0.6875
Odisha,KENDUJHAR,1999,Kharif,Sesamum,4050,1050,0.259259259
Odisha,KENDUJHAR,1999,Kharif,Small millets,180,50,0.277777778
Odisha,KENDUJHAR,1999,Kharif,Turmeric,1150,1910,1.660869565
Odisha,KENDUJHAR,1999,Kharif,Urad,7520,1500,0.199468085
Odisha,KENDUJHAR,1999,Rabi,Castor seed,90,80,0.888888889
Odisha,KENDUJHAR,1999,Rabi,Coriander,1230,680,0.552845528
Odisha,KENDUJHAR,1999,Rabi,Dry chillies,2090,2270,1.086124402
Odisha,KENDUJHAR,1999,Rabi,Garlic,870,3760,4.32183908
Odisha,KENDUJHAR,1999,Rabi,Gram,3200,3010,0.940625
Odisha,KENDUJHAR,1999,Rabi,Groundnut,1630,2080,1.27607362
Odisha,KENDUJHAR,1999,Rabi,Horse-gram,20570,5570,0.270782693
Odisha,KENDUJHAR,1999,Rabi,Linseed,3080,1240,0.402597403
Odisha,KENDUJHAR,1999,Rabi,Maize,180,290,1.611111111
Odisha,KENDUJHAR,1999,Rabi,Masoor,1540,620,0.402597403
Odisha,KENDUJHAR,1999,Rabi,Moong(Green Gram),6680,1660,0.248502994
Odisha,KENDUJHAR,1999,Rabi,Rapeseed &Mustard,10940,3570,0.326325411
Odisha,KENDUJHAR,1999,Rabi,Sesamum,1100,210,0.190909091
Odisha,KENDUJHAR,1999,Rabi,Sunflower,280,290,1.035714286
Odisha,KENDUJHAR,1999,Rabi,Sweet potato,4450,27770,6.240449438
Odisha,KENDUJHAR,1999,Rabi,Urad,9020,2260,0.250554324
Odisha,KENDUJHAR,1999,Rabi,Wheat,1610,1920,1.192546584
Odisha,KENDUJHAR,1999,Summer,Rice,4440,8430,1.898648649
Odisha,KENDUJHAR,1999,Whole Year,Onion,1170,9560,8.170940171
Odisha,KENDUJHAR,1999,Whole Year,Potato,210,2340,11.14285714
Odisha,KENDUJHAR,1999,Whole Year,Tobacco,40,30,0.75
Odisha,KENDUJHAR,1999,Winter,Rice,151000,121000,0.801324503
Odisha,KENDUJHAR,1999,Winter,Sugarcane,260,7940,30.53846154
Odisha,KENDUJHAR,2000,Autumn,Rice,53520,34260,0.640134529
Odisha,KENDUJHAR,2000,Kharif,Arhar/Tur,8450,4990,0.590532544
Odisha,KENDUJHAR,2000,Kharif,Bajra,260,130,0.5
Odisha,KENDUJHAR,2000,Kharif,Castor seed,360,230,0.638888889
Odisha,KENDUJHAR,2000,Kharif,Cotton(lint),10,10,1
Odisha,KENDUJHAR,2000,Kharif,Dry ginger,710,1450,2.042253521
Odisha,KENDUJHAR,2000,Kharif,Groundnut,1034,646.5,0.625241779
Odisha,KENDUJHAR,2000,Kharif,Horse-gram,4617,766.4,0.165995235
Odisha,KENDUJHAR,2000,Kharif,Jowar,430,240,0.558139535
Odisha,KENDUJHAR,2000,Kharif,Jute,2150,23850,11.09302326
Odisha,KENDUJHAR,2000,Kharif,Maize,7256,5644.3,0.777880375
Odisha,KENDUJHAR,2000,Kharif,Mesta,3040,16600,5.460526316
Odisha,KENDUJHAR,2000,Kharif,Moong(Green Gram),338,51.7,0.15295858
Odisha,KENDUJHAR,2000,Kharif,Niger seed,23810,3570,0.149937001
Odisha,KENDUJHAR,2000,Kharif,Other Kharif pulses,3130,1860,0.594249201
Odisha,KENDUJHAR,2000,Kharif,Ragi,5,1.4,0.28
Odisha,KENDUJHAR,2000,Kharif,Sesamum,426,46.4,0.108920188
Odisha,KENDUJHAR,2000,Kharif,Small millets,360,100,0.277777778
Odisha,KENDUJHAR,2000,Kharif,Urad,3209,574.9,0.179152384
Odisha,KENDUJHAR,2000,Rabi,Castor seed,60,40,0.666666667
Odisha,KENDUJHAR,2000,Rabi,Gram,1840,1670,0.907608696
Odisha,KENDUJHAR,2000,Rabi,Linseed,2780,1110,0.399280576
Odisha,KENDUJHAR,2000,Rabi,Other  Rabi pulses,238,189,0.794117647
Odisha,KENDUJHAR,2000,Rabi,Rapeseed &Mustard,1380,158.7,0.115
Odisha,KENDUJHAR,2000,Rabi,Safflower,60,40,0.666666667
Odisha,KENDUJHAR,2000,Rabi,Sunflower,180,220,1.222222222
Odisha,KENDUJHAR,2000,Rabi,Wheat,1155,1491.9,1.291688312
Odisha,KENDUJHAR,2000,Summer,Rice,1910,4010,2.09947644
Odisha,KENDUJHAR,2000,Whole Year,Dry chillies,2700,2320,0.859259259
Odisha,KENDUJHAR,2000,Whole Year,Garlic,470,1480,3.14893617
Odisha,KENDUJHAR,2000,Whole Year,Onion,1000,9710,9.71
Odisha,KENDUJHAR,2000,Whole Year,Potato,252,2281.1,9.051984127
Odisha,KENDUJHAR,2000,Whole Year,Sugarcane,221,10094,45.67420814
Odisha,KENDUJHAR,2000,Whole Year,Sweet potato,3470,10770,3.103746398
Odisha,KENDUJHAR,2000,Whole Year,Tobacco,30,20,0.666666667
Odisha,KENDUJHAR,2000,Whole Year,Turmeric,720,1750,2.430555556
Odisha,KENDUJHAR,2000,Winter,Rice,146070,172100,1.178202232
Odisha,KENDUJHAR,2001,Kharif,Arhar/Tur,6250,4340,0.6944
Odisha,KENDUJHAR,2001,Kharif,Bajra,210,110,0.523809524
Odisha,KENDUJHAR,2001,Kharif,Castor seed,210,140,0.666666667
Odisha,KENDUJHAR,2001,Kharif,Dry ginger,730,1490,2.04109589
Odisha,KENDUJHAR,2001,Kharif,Groundnut,384,290.3,0.755989583
Odisha,KENDUJHAR,2001,Kharif,Horse-gram,2129,483.3,0.227007985
Odisha,KENDUJHAR,2001,Kharif,Jowar,390,220,0.564102564
Odisha,KENDUJHAR,2001,Kharif,Jute,930,5208,5.6
Odisha,KENDUJHAR,2001,Kharif,Maize,3974,2342,0.589330649
Odisha,KENDUJHAR,2001,Kharif,Moong(Green Gram),401,98,0.244389027
Odisha,KENDUJHAR,2001,Kharif,Niger seed,23880,4470,0.18718593
Odisha,KENDUJHAR,2001,Kharif,Other Kharif pulses,3640,2180,0.598901099
Odisha,KENDUJHAR,2001,Kharif,Ragi,16,15.2,0.95
Odisha,KENDUJHAR,2001,Kharif,Rice,212000,285000,1.344339623
Odisha,KENDUJHAR,2001,Kharif,Sesamum,710,70.9,0.099859155
Odisha,KENDUJHAR,2001,Kharif,Small millets,410,120,0.292682927
Odisha,KENDUJHAR,2001,Kharif,Urad,2026,400.1,0.197482725
Odisha,KENDUJHAR,2001,Rabi,Castor seed,90,70,0.777777778
Odisha,KENDUJHAR,2001,Rabi,Gram,3390,3010,0.887905605
Odisha,KENDUJHAR,2001,Rabi,Linseed,3940,1580,0.401015228
Odisha,KENDUJHAR,2001,Rabi,Masoor,1970,770,0.390862944
Odisha,KENDUJHAR,2001,Rabi,Niger seed,1510,190,0.125827815
Odisha,KENDUJHAR,2001,Rabi,Other  Rabi pulses,3610,2890,0.800554017
Odisha,KENDUJHAR,2001,Rabi,Rapeseed &Mustard,913,110.5,0.121029573
Odisha,KENDUJHAR,2001,Rabi,Safflower,70,50,0.714285714
Odisha,KENDUJHAR,2001,Rabi,Sunflower,360,450,1.25
Odisha,KENDUJHAR,2001,Rabi,Wheat,521,597.6,1.147024952
Odisha,KENDUJHAR,2001,Whole Year,Coriander,260,80,0.307692308
Odisha,KENDUJHAR,2001,Whole Year,Dry chillies,2820,2470,0.875886525
Odisha,KENDUJHAR,2001,Whole Year,Garlic,590,1870,3.169491525
Odisha,KENDUJHAR,2001,Whole Year,Onion,580,6530,11.25862069
Odisha,KENDUJHAR,2001,Whole Year,Potato,171,1438.3,8.411111111
Odisha,KENDUJHAR,2001,Whole Year,Sugarcane,79,3865.2,48.92658228
Odisha,KENDUJHAR,2001,Whole Year,Sweet potato,3500,28680,8.194285714
Odisha,KENDUJHAR,2001,Whole Year,Tobacco,10,10,1
Odisha,KENDUJHAR,2001,Whole Year,Turmeric,80,190,2.375
Odisha,KENDUJHAR,2002,Kharif,Arhar/Tur,5110,3080,0.602739726
Odisha,KENDUJHAR,2002,Kharif,Bajra,100,50,0.5
Odisha,KENDUJHAR,2002,Kharif,Castor seed,140,100,0.714285714
Odisha,KENDUJHAR,2002,Kharif,Dry ginger,1060,2160,2.037735849
Odisha,KENDUJHAR,2002,Kharif,Groundnut,397,258.7,0.65163728
Odisha,KENDUJHAR,2002,Kharif,Horse-gram,2483,325.3,0.131010874
Odisha,KENDUJHAR,2002,Kharif,Jowar,260,140,0.538461538
Odisha,KENDUJHAR,2002,Kharif,Jute,462,2888,6.251082251
Odisha,KENDUJHAR,2002,Kharif,Maize,3564,2283.7,0.640768799
Odisha,KENDUJHAR,2002,Kharif,Moong(Green Gram),353,55.4,0.15694051
Odisha,KENDUJHAR,2002,Kharif,Niger seed,21510,1740,0.080892608
Odisha,KENDUJHAR,2002,Kharif,Other Kharif pulses,3580,2210,0.617318436
Odisha,KENDUJHAR,2002,Kharif,Ragi,31,24.6,0.793548387
Odisha,KENDUJHAR,2002,Kharif,Rice,213000,110000,0.516431925
Odisha,KENDUJHAR,2002,Kharif,Sesamum,193,13.6,0.070466321
Odisha,KENDUJHAR,2002,Kharif,Small millets,250,80,0.32
Odisha,KENDUJHAR,2002,Kharif,Urad,1766,232.1,0.131426954
Odisha,KENDUJHAR,2002,Rabi,Castor seed,50,40,0.8
Odisha,KENDUJHAR,2002,Rabi,Gram,2800,2620,0.935714286
Odisha,KENDUJHAR,2002,Rabi,Linseed,2780,1060,0.381294964
Odisha,KENDUJHAR,2002,Rabi,Masoor,1480,540,0.364864865
Odisha,KENDUJHAR,2002,Rabi,Niger seed,1200,100,0.083333333
Odisha,KENDUJHAR,2002,Rabi,Other  Rabi pulses,2480,2100,0.846774194
Odisha,KENDUJHAR,2002,Rabi,Rapeseed &Mustard,901,86.5,0.09600444
Odisha,KENDUJHAR,2002,Rabi,Safflower,40,30,0.75
Odisha,KENDUJHAR,2002,Rabi,Sunflower,150,190,1.266666667
Odisha,KENDUJHAR,2002,Rabi,Wheat,312,317.1,1.016346154
Odisha,KENDUJHAR,2002,Whole Year,Coriander,1530,600,0.392156863
Odisha,KENDUJHAR,2002,Whole Year,Dry chillies,3130,2740,0.875399361
Odisha,KENDUJHAR,2002,Whole Year,Garlic,690,2190,3.173913043
Odisha,KENDUJHAR,2002,Whole Year,Onion,860,8340,9.697674419
Odisha,KENDUJHAR,2002,Whole Year,Potato,160,1190.7,7.441875
Odisha,KENDUJHAR,2002,Whole Year,Sugarcane,308,10281.7,33.38214286
Odisha,KENDUJHAR,2002,Whole Year,Sweet potato,2620,21080,8.045801527
Odisha,KENDUJHAR,2002,Whole Year,Turmeric,1320,3180,2.409090909
Odisha,KENDUJHAR,2003,Kharif,Arhar/Tur,7230,5540,0.766251729
Odisha,KENDUJHAR,2003,Kharif,Bajra,70,40,0.571428571
Odisha,KENDUJHAR,2003,Kharif,Castor seed,150,110,0.733333333
Odisha,KENDUJHAR,2003,Kharif,Dry ginger,1120,2280,2.035714286
Odisha,KENDUJHAR,2003,Kharif,Groundnut,729,670.4,0.919615912
Odisha,KENDUJHAR,2003,Kharif,Horse-gram,3087,787.2,0.255004859
Odisha,KENDUJHAR,2003,Kharif,Jowar,290,160,0.551724138
Odisha,KENDUJHAR,2003,Kharif,Jute,646,5017,7.76625387
Odisha,KENDUJHAR,2003,Kharif,Maize,4418,3636.9,0.823200543
Odisha,KENDUJHAR,2003,Kharif,Moong(Green Gram),1098,353.3,0.321766849
Odisha,KENDUJHAR,2003,Kharif,Niger seed,20760,5170,0.249036609
Odisha,KENDUJHAR,2003,Kharif,Other Kharif pulses,4310,2740,0.635730858
Odisha,KENDUJHAR,2003,Kharif,Ragi,5,4,0.8
Odisha,KENDUJHAR,2003,Kharif,Rice,222000,345000,1.554054054
Odisha,KENDUJHAR,2003,Kharif,Sesamum,368,64.6,0.175543478
Odisha,KENDUJHAR,2003,Kharif,Small millets,320,110,0.34375
Odisha,KENDUJHAR,2003,Kharif,Urad,2532,582,0.22985782
Odisha,KENDUJHAR,2003,Rabi,Castor seed,60,50,0.833333333
Odisha,KENDUJHAR,2003,Rabi,Gram,3580,3370,0.941340782
Odisha,KENDUJHAR,2003,Rabi,Linseed,3200,1410,0.440625
Odisha,KENDUJHAR,2003,Rabi,Masoor,1810,700,0.386740331
Odisha,KENDUJHAR,2003,Rabi,Other  Rabi pulses,3190,2780,0.871473354
Odisha,KENDUJHAR,2003,Rabi,Rapeseed &Mustard,1042,240.7,0.230998081
Odisha,KENDUJHAR,2003,Rabi,Safflower,90,60,0.666666667
Odisha,KENDUJHAR,2003,Rabi,Sunflower,230,290,1.260869565
Odisha,KENDUJHAR,2003,Rabi,Wheat,266,393.1,1.477819549
Odisha,KENDUJHAR,2003,Whole Year,Coriander,1810,710,0.392265193
Odisha,KENDUJHAR,2003,Whole Year,Dry chillies,4380,3830,0.874429224
Odisha,KENDUJHAR,2003,Whole Year,Garlic,960,3060,3.1875
Odisha,KENDUJHAR,2003,Whole Year,Onion,1190,11540,9.697478992
Odisha,KENDUJHAR,2003,Whole Year,Potato,170,1639.3,9.642941176
Odisha,KENDUJHAR,2003,Whole Year,Sugarcane,139,7239.1,52.07985612
Odisha,KENDUJHAR,2003,Whole Year,Sweet potato,2650,22190,8.373584906
Odisha,KENDUJHAR,2003,Whole Year,Turmeric,1220,2930,2.401639344
Odisha,KENDUJHAR,2004,Autumn,Groundnut,261,178.5,0.683908046
Odisha,KENDUJHAR,2004,Autumn,Jute,433,3926,9.066974596
Odisha,KENDUJHAR,2004,Autumn,Maize,3581,3422.2,0.955654845
Odisha,KENDUJHAR,2004,Autumn,Moong(Green Gram),20,1.5,0.075
Odisha,KENDUJHAR,2004,Autumn,Rice,55000,48000,0.872727273
Odisha,KENDUJHAR,2004,Autumn,Sesamum,289,43.4,0.15017301
Odisha,KENDUJHAR,2004,Autumn,Urad,1253,223,0.177972865
Odisha,KENDUJHAR,2004,Kharif,Bajra,100,54,0.54
Odisha,KENDUJHAR,2004,Kharif,Castor seed,265,200,0.754716981
Odisha,KENDUJHAR,2004,Kharif,Dry ginger,1092,2226,2.038461538
Odisha,KENDUJHAR,2004,Kharif,Jowar,317,172,0.542586751
Odisha,KENDUJHAR,2004,Kharif,Small millets,321,123,0.38317757
Odisha,KENDUJHAR,2004,Rabi,Gram,3624,3450,0.951986755
Odisha,KENDUJHAR,2004,Rabi,Linseed,3690,1753,0.475067751
Odisha,KENDUJHAR,2004,Rabi,Masoor,1900,770,0.405263158
Odisha,KENDUJHAR,2004,Rabi,Niger seed,21789,4194,0.192482445
Odisha,KENDUJHAR,2004,Rabi,Other  Rabi pulses,3467,3112,0.897605999
Odisha,KENDUJHAR,2004,Rabi,Safflower,62,43,0.693548387
Odisha,KENDUJHAR,2004,Rabi,Sunflower,480,599,1.247916667
Odisha,KENDUJHAR,2004,Summer,Groundnut,102,132.4,1.298039216
Odisha,KENDUJHAR,2004,Summer,Maize,3,3.6,1.2
Odisha,KENDUJHAR,2004,Summer,Moong(Green Gram),316,103,0.325949367
Odisha,KENDUJHAR,2004,Summer,Rice,2000,5000,2.5
Odisha,KENDUJHAR,2004,Summer,Sesamum,5,2.3,0.46
Odisha,KENDUJHAR,2004,Summer,Urad,10,3.1,0.31
Odisha,KENDUJHAR,2004,Summer,Wheat,375,459.9,1.2264
Odisha,KENDUJHAR,2004,Whole Year,Coriander,1676,655,0.390811456
Odisha,KENDUJHAR,2004,Whole Year,Dry chillies,4670,4090,0.875802998
Odisha,KENDUJHAR,2004,Whole Year,Garlic,851,2704,3.177438308
Odisha,KENDUJHAR,2004,Whole Year,Onion,1223,11859,9.696647588
Odisha,KENDUJHAR,2004,Whole Year,Sweet potato,2698,22613,8.381393625
Odisha,KENDUJHAR,2004,Whole Year,Turmeric,1244,2998,2.409967846
Odisha,KENDUJHAR,2004,Winter,Groundnut,108,93.7,0.867592593
Odisha,KENDUJHAR,2004,Winter,Horse-gram,3066,527.4,0.172015656
Odisha,KENDUJHAR,2004,Winter,Moong(Green Gram),275,60.8,0.221090909
Odisha,KENDUJHAR,2004,Winter,Potato,189,1478.5,7.822751323
Odisha,KENDUJHAR,2004,Winter,Rapeseed &Mustard,845,129.3,0.153017751
Odisha,KENDUJHAR,2004,Winter,Rice,148000,224000,1.513513514
Odisha,KENDUJHAR,2004,Winter,Sesamum,59,7.4,0.125423729
Odisha,KENDUJHAR,2004,Winter,Sugarcane,72,3726.4,51.75555556
Odisha,KENDUJHAR,2004,Winter,Urad,606,128.5,0.212046205
Odisha,KENDUJHAR,2005,Autumn,Groundnut,212,152,0.716981132
Odisha,KENDUJHAR,2005,Autumn,Jute,268,2402,8.962686567
Odisha,KENDUJHAR,2005,Autumn,Maize,3124,2090.9,0.669302177
Odisha,KENDUJHAR,2005,Autumn,Ragi,6,2,0.333333333
Odisha,KENDUJHAR,2005,Autumn,Rice,52000,43000,0.826923077
Odisha,KENDUJHAR,2005,Autumn,Sesamum,135,11.1,0.082222222
Odisha,KENDUJHAR,2005,Autumn,Urad,1389,220.9,0.159035277
Odisha,KENDUJHAR,2005,Summer,Groundnut,9,4.1,0.455555556
Odisha,KENDUJHAR,2005,Summer,Maize,3,4.8,1.6
Odisha,KENDUJHAR,2005,Summer,Moong(Green Gram),172,67.6,0.393023256
Odisha,KENDUJHAR,2005,Summer,Rice,3000,6000,2
Odisha,KENDUJHAR,2005,Summer,Sesamum,5,1.7,0.34
Odisha,KENDUJHAR,2005,Summer,Urad,10,7.1,0.71
Odisha,KENDUJHAR,2005,Summer,Wheat,205,266.1,1.29804878
Odisha,KENDUJHAR,2005,Winter,Groundnut,287,184.5,0.642857143
Odisha,KENDUJHAR,2005,Winter,Horse-gram,2518,518.7,0.205996823
Odisha,KENDUJHAR,2005,Winter,Moong(Green Gram),222,55.1,0.248198198
Odisha,KENDUJHAR,2005,Winter,Potato,138,1093.5,7.923913043
Odisha,KENDUJHAR,2005,Winter,Rapeseed &Mustard,871,165.5,0.190011481
Odisha,KENDUJHAR,2005,Winter,Rice,146000,233000,1.595890411
Odisha,KENDUJHAR,2005,Winter,Sesamum,37,8,0.216216216
Odisha,KENDUJHAR,2005,Winter,Sugarcane,89,5404.5,60.7247191
Odisha,KENDUJHAR,2005,Winter,Urad,896,169.3,0.188950893
Odisha,KENDUJHAR,2006,Autumn,Groundnut,192,141.3,0.7359375
Odisha,KENDUJHAR,2006,Autumn,Jute,487,5895,12.10472279
Odisha,KENDUJHAR,2006,Autumn,Maize,3052,2498.1,0.818512451
Odisha,KENDUJHAR,2006,Autumn,Moong(Green Gram),1,0.2,0.2
Odisha,KENDUJHAR,2006,Autumn,Ragi,3,3.1,1.033333333
Odisha,KENDUJHAR,2006,Autumn,Rice,46000,41000,0.891304348
Odisha,KENDUJHAR,2006,Autumn,Sesamum,197,24.8,0.125888325
Odisha,KENDUJHAR,2006,Autumn,Urad,1536,284.2,0.185026042
Odisha,KENDUJHAR,2006,Summer,Groundnut,75,62.5,0.833333333
Odisha,KENDUJHAR,2006,Summer,Maize,17,18.6,1.094117647
Odisha,KENDUJHAR,2006,Summer,Moong(Green Gram),131,72.4,0.552671756
Odisha,KENDUJHAR,2006,Summer,Rice,2000,4000,2
Odisha,KENDUJHAR,2006,Summer,Sesamum,1,0.2,0.2
Odisha,KENDUJHAR,2006,Summer,Urad,19,7.5,0.394736842
Odisha,KENDUJHAR,2006,Summer,Wheat,292,479.2,1.64109589
Odisha,KENDUJHAR,2006,Winter,Groundnut,95,63.4,0.667368421
Odisha,KENDUJHAR,2006,Winter,Horse-gram,1907,429.1,0.22501311
Odisha,KENDUJHAR,2006,Winter,Moong(Green Gram),216,72.1,0.333796296
Odisha,KENDUJHAR,2006,Winter,Potato,99,1062.3,10.73030303
Odisha,KENDUJHAR,2006,Winter,Rapeseed &Mustard,1046,145.4,0.139005736
Odisha,KENDUJHAR,2006,Winter,Rice,144000,216000,1.5
Odisha,KENDUJHAR,2006,Winter,Sesamum,60,11.8,0.196666667
Odisha,KENDUJHAR,2006,Winter,Sugarcane,121,6223.6,51.43471074
Odisha,KENDUJHAR,2006,Winter,Urad,337,94.4,0.280118694
Odisha,KENDUJHAR,2007,Autumn,Groundnut,81,45.8,0.565432099
Odisha,KENDUJHAR,2007,Autumn,Jute,654,5904,9.027522936
Odisha,KENDUJHAR,2007,Autumn,Maize,3041,2574.8,0.846695166
Odisha,KENDUJHAR,2007,Autumn,Rice,50000,56000,1.12
Odisha,KENDUJHAR,2007,Autumn,Sesamum,180,21.6,0.12
Odisha,KENDUJHAR,2007,Autumn,Urad,1260,260.8,0.206984127
Odisha,KENDUJHAR,2007,Summer,Groundnut,15,13.3,0.886666667
Odisha,KENDUJHAR,2007,Summer,Maize,19,25,1.315789474
Odisha,KENDUJHAR,2007,Summer,Moong(Green Gram),195,76.2,0.390769231
Odisha,KENDUJHAR,2007,Summer,Rice,5000,9000,1.8
Odisha,KENDUJHAR,2007,Summer,Sesamum,33,15.2,0.460606061
Odisha,KENDUJHAR,2007,Summer,Urad,2,1.3,0.65
Odisha,KENDUJHAR,2007,Summer,Wheat,359,506.4,1.410584958
Odisha,KENDUJHAR,2007,Winter,Groundnut,105,85.5,0.814285714
Odisha,KENDUJHAR,2007,Winter,Horse-gram,1909,410.4,0.214981666
Odisha,KENDUJHAR,2007,Winter,Moong(Green Gram),125,28.1,0.2248
Odisha,KENDUJHAR,2007,Winter,Potato,134,1363.3,10.1738806
Odisha,KENDUJHAR,2007,Winter,Rapeseed &Mustard,1090,221.3,0.203027523
Odisha,KENDUJHAR,2007,Winter,Rice,152000,271000,1.782894737
Odisha,KENDUJHAR,2007,Winter,Sesamum,15,1.4,0.093333333
Odisha,KENDUJHAR,2007,Winter,Sugarcane,48,1877.3,39.11041667
Odisha,KENDUJHAR,2007,Winter,Urad,609,121.2,0.199014778
Odisha,KENDUJHAR,2008,Autumn,Groundnut,81,48.4,0.597530864
Odisha,KENDUJHAR,2008,Autumn,Jute,532,5674,10.66541353
Odisha,KENDUJHAR,2008,Autumn,Maize,2050,1440.2,0.702536585
Odisha,KENDUJHAR,2008,Autumn,Rice,44000,43000,0.977272727
Odisha,KENDUJHAR,2008,Autumn,Sesamum,92,9.3,0.101086957
Odisha,KENDUJHAR,2008,Autumn,Urad,1356,294.3,0.217035398
Odisha,KENDUJHAR,2008,Summer,Groundnut,21,16.9,0.804761905
Odisha,KENDUJHAR,2008,Summer,Moong(Green Gram),80,23.4,0.2925
Odisha,KENDUJHAR,2008,Summer,Rice,2000,3000,1.5
Odisha,KENDUJHAR,2008,Summer,Sesamum,3,0.9,0.3
Odisha,KENDUJHAR,2008,Summer,Urad,10,3,0.3
Odisha,KENDUJHAR,2008,Summer,Wheat,215,353.7,1.645116279
Odisha,KENDUJHAR,2008,Winter,Groundnut,54,40.4,0.748148148
Odisha,KENDUJHAR,2008,Winter,Horse-gram,1498,269.6,0.179973298
Odisha,KENDUJHAR,2008,Winter,Maize,1,1.3,1.3
Odisha,KENDUJHAR,2008,Winter,Moong(Green Gram),155,34.4,0.221935484
Odisha,KENDUJHAR,2008,Winter,Potato,135,1225.9,9.080740741
Odisha,KENDUJHAR,2008,Winter,Rapeseed &Mustard,610,98.2,0.160983607
Odisha,KENDUJHAR,2008,Winter,Rice,161000,228000,1.416149068
Odisha,KENDUJHAR,2008,Winter,Sugarcane,12,703.5,58.625
Odisha,KENDUJHAR,2008,Winter,Urad,210,39.7,0.189047619
Odisha,KENDUJHAR,2009,Autumn,Groundnut,108,78,0.722222222
Odisha,KENDUJHAR,2009,Autumn,Jute,850,8934,10.51058824
Odisha,KENDUJHAR,2009,Autumn,Maize,2384,2330.1,0.97739094
Odisha,KENDUJHAR,2009,Autumn,Rice,46000,46000,1
Odisha,KENDUJHAR,2009,Autumn,Sesamum,97,17.9,0.184536082
Odisha,KENDUJHAR,2009,Autumn,Urad,1256,221.1,0.176035032
Odisha,KENDUJHAR,2009,Summer,Groundnut,33,34.1,1.033333333
Odisha,KENDUJHAR,2009,Summer,Maize,23,31.1,1.352173913
Odisha,KENDUJHAR,2009,Summer,Moong(Green Gram),349,118.7,0.340114613
Odisha,KENDUJHAR,2009,Summer,Rice,2000,4000,2
Odisha,KENDUJHAR,2009,Summer,Sesamum,15,3.7,0.246666667
Odisha,KENDUJHAR,2009,Summer,Urad,11,1.2,0.109090909
Odisha,KENDUJHAR,2009,Summer,Wheat,341,486.2,1.425806452
Odisha,KENDUJHAR,2009,Winter,Groundnut,210,199.5,0.95
Odisha,KENDUJHAR,2009,Winter,Horse-gram,1678,352.4,0.210011919
Odisha,KENDUJHAR,2009,Winter,Maize,6,10.2,1.7
Odisha,KENDUJHAR,2009,Winter,Moong(Green Gram),320,85.8,0.268125
Odisha,KENDUJHAR,2009,Winter,Potato,153,1705,11.14379085
Odisha,KENDUJHAR,2009,Winter,Rapeseed &Mustard,1109,256.2,0.231018936
Odisha,KENDUJHAR,2009,Winter,Rice,147000,228000,1.551020408
Odisha,KENDUJHAR,2009,Winter,Sesamum,6,2,0.333333333
Odisha,KENDUJHAR,2009,Winter,Sugarcane,13,374.4,28.8
Odisha,KENDUJHAR,2009,Winter,Urad,365,82.5,0.226027397
Odisha,KENDUJHAR,2010,Autumn,Groundnut,149,139.5,0.936241611
Odisha,KENDUJHAR,2010,Autumn,Jute,210,2009,9.566666667
Odisha,KENDUJHAR,2010,Autumn,Maize,3670,5721.3,1.55893733
Odisha,KENDUJHAR,2010,Autumn,Rice,38000,23000,0.605263158
Odisha,KENDUJHAR,2010,Autumn,Sesamum,187,45.4,0.242780749
Odisha,KENDUJHAR,2010,Autumn,Urad,1112,273.6,0.246043165
Odisha,KENDUJHAR,2010,Summer,Groundnut,39,43.2,1.107692308
Odisha,KENDUJHAR,2010,Summer,Maize,47,111,2.361702128
Odisha,KENDUJHAR,2010,Summer,Moong(Green Gram),276,71.2,0.257971014
Odisha,KENDUJHAR,2010,Summer,Rice,3000,7000,2.333333333
Odisha,KENDUJHAR,2010,Summer,Sesamum,10,4.2,0.42
Odisha,KENDUJHAR,2010,Summer,Urad,9,4.4,0.488888889
Odisha,KENDUJHAR,2010,Summer,Wheat,433,669.8,1.546882217
Odisha,KENDUJHAR,2010,Winter,Groundnut,93,98.6,1.060215054
Odisha,KENDUJHAR,2010,Winter,Horse-gram,1991,527.6,0.264992466
Odisha,KENDUJHAR,2010,Winter,Maize,11,45.3,4.118181818
Odisha,KENDUJHAR,2010,Winter,Moong(Green Gram),520,129.5,0.249038462
Odisha,KENDUJHAR,2010,Winter,Potato,159,1780.6,11.19874214
Odisha,KENDUJHAR,2010,Winter,Rapeseed &Mustard,866,174.1,0.201039261
Odisha,KENDUJHAR,2010,Winter,Rice,140000,162000,1.157142857
Odisha,KENDUJHAR,2010,Winter,Sesamum,50,13,0.26
Odisha,KENDUJHAR,2010,Winter,Sugarcane,32,2380.8,74.4
Odisha,KENDUJHAR,2010,Winter,Urad,701,155.6,0.221968616
Odisha,KENDUJHAR,2011,Autumn,Groundnut,143,111.1,0.776923077
Odisha,KENDUJHAR,2011,Autumn,Jute,440,3288,7.472727273
Odisha,KENDUJHAR,2011,Autumn,Maize,2016,2568.2,1.27390873
Odisha,KENDUJHAR,2011,Autumn,Rice,32000,37000,1.15625
Odisha,KENDUJHAR,2011,Autumn,Sesamum,170,30.8,0.181176471
Odisha,KENDUJHAR,2011,Autumn,Urad,1057,248.4,0.23500473
Odisha,KENDUJHAR,2011,Summer,Groundnut,2,3.1,1.55
Odisha,KENDUJHAR,2011,Summer,Maize,22,57.6,2.618181818
Odisha,KENDUJHAR,2011,Summer,Moong(Green Gram),129,37.9,0.29379845
Odisha,KENDUJHAR,2011,Summer,Rice,2000,5000,2.5
Odisha,KENDUJHAR,2011,Summer,Urad,7,1.7,0.242857143
Odisha,KENDUJHAR,2011,Summer,Wheat,141,238.2,1.689361702
Odisha,KENDUJHAR,2011,Winter,Groundnut,101,102.7,1.016831683
Odisha,KENDUJHAR,2011,Winter,Horse-gram,1912,401.5,0.20998954
Odisha,KENDUJHAR,2011,Winter,Maize,6,17.6,2.933333333
Odisha,KENDUJHAR,2011,Winter,Moong(Green Gram),80,20,0.25
Odisha,KENDUJHAR,2011,Winter,Niger seed,1420,340.8,0.24
Odisha,KENDUJHAR,2011,Winter,Potato,136,2825.7,20.77720588
Odisha,KENDUJHAR,2011,Winter,Rapeseed &Mustard,766,192.3,0.251044386
Odisha,KENDUJHAR,2011,Winter,Rice,138000,247000,1.789855072
Odisha,KENDUJHAR,2011,Winter,Sesamum,12,2.8,0.233333333
Odisha,KENDUJHAR,2011,Winter,Sugarcane,73,4251.5,58.23972603
Odisha,KENDUJHAR,2011,Winter,Urad,289,63.9,0.221107266
Odisha,KENDUJHAR,2012,Autumn,Groundnut,59,52,0.881355932
Odisha,KENDUJHAR,2012,Autumn,Jute,332,531.9,1.602108434
Odisha,KENDUJHAR,2012,Autumn,Maize,2402,3579,1.490008326
Odisha,KENDUJHAR,2012,Autumn,Rice,24000,31000,1.291666667
Odisha,KENDUJHAR,2012,Autumn,Sesamum,128,22.8,0.178125
Odisha,KENDUJHAR,2012,Autumn,Urad,596,128.7,0.215939597
Odisha,KENDUJHAR,2012,Summer,Groundnut,48,26.2,0.545833333
Odisha,KENDUJHAR,2012,Summer,Maize,23,41.3,1.795652174
Odisha,KENDUJHAR,2012,Summer,Moong(Green Gram),462,134,0.29004329
Odisha,KENDUJHAR,2012,Summer,Rice,277000,8000,0.028880866
Odisha,KENDUJHAR,2012,Summer,Sesamum,22,8.3,0.377272727
Odisha,KENDUJHAR,2012,Summer,Urad,23,7.3,0.317391304
Odisha,KENDUJHAR,2012,Summer,Wheat,84,105.2,1.252380952
Odisha,KENDUJHAR,2012,Winter,Groundnut,135,114.2,0.845925926
Odisha,KENDUJHAR,2012,Winter,Horse-gram,1115,314.4,0.281973094
Odisha,KENDUJHAR,2012,Winter,Maize,2,6.2,3.1
Odisha,KENDUJHAR,2012,Winter,Moong(Green Gram),208,62.2,0.299038462
Odisha,KENDUJHAR,2012,Winter,Potato,189,4661.5,24.66402116
Odisha,KENDUJHAR,2012,Winter,Rapeseed &Mustard,1158,355.5,0.306994819
Odisha,KENDUJHAR,2012,Winter,Rice,144000,246000,1.708333333
Odisha,KENDUJHAR,2012,Winter,Sesamum,37,12.4,0.335135135
Odisha,KENDUJHAR,2012,Winter,Sugarcane,9,646.5,71.83333333
Odisha,KENDUJHAR,2012,Winter,Urad,390,97.5,0.25
Odisha,KENDUJHAR,2013,Autumn,Groundnut,34,31.3,0.920588235
Odisha,KENDUJHAR,2013,Autumn,Jute,814,1478.2,1.815970516
Odisha,KENDUJHAR,2013,Autumn,Maize,1425,2550.1,1.78954386
Odisha,KENDUJHAR,2013,Autumn,Rice,30000,40000,1.333333333
Odisha,KENDUJHAR,2013,Autumn,Sesamum,56,13.2,0.235714286
Odisha,KENDUJHAR,2013,Autumn,Urad,597,174.3,0.291959799
Odisha,KENDUJHAR,2013,Summer,Groundnut,78,76.8,0.984615385
Odisha,KENDUJHAR,2013,Summer,Maize,4,8.6,2.15
Odisha,KENDUJHAR,2013,Summer,Moong(Green Gram),297,68.6,0.230976431
Odisha,KENDUJHAR,2013,Summer,Rice,2000,6000,3
Odisha,KENDUJHAR,2013,Summer,Sesamum,22,9.8,0.445454545
Odisha,KENDUJHAR,2013,Summer,Wheat,58,92.7,1.598275862
Odisha,KENDUJHAR,2013,Winter,Groundnut,63,74.2,1.177777778
Odisha,KENDUJHAR,2013,Winter,Horse-gram,1226,353.1,0.288009788
Odisha,KENDUJHAR,2013,Winter,Moong(Green Gram),132,31.5,0.238636364
Odisha,KENDUJHAR,2013,Winter,Potato,90,1014.1,11.26777778
Odisha,KENDUJHAR,2013,Winter,Rapeseed &Mustard,572,157.3,0.275
Odisha,KENDUJHAR,2013,Winter,Rice,144000,227000,1.576388889
Odisha,KENDUJHAR,2013,Winter,Sesamum,10,3.1,0.31
Odisha,KENDUJHAR,2013,Winter,Sugarcane,17,1327.1,78.06470588
Odisha,KENDUJHAR,2013,Winter,Urad,232,56.8,0.244827586
Odisha,KENDUJHAR,2014,Autumn,Groundnut,76,99.1,1.303947368
Odisha,KENDUJHAR,2014,Autumn,Jute,231,389.5,1.686147186
Odisha,KENDUJHAR,2014,Autumn,Maize,1972,3458.2,1.753651116
Odisha,KENDUJHAR,2014,Autumn,Rice,34000,54000,1.588235294
Odisha,KENDUJHAR,2014,Autumn,Sesamum,130,30.9,0.237692308
Odisha,KENDUJHAR,2014,Autumn,Urad,708,230.1,0.325
Odisha,KENDUJHAR,2014,Summer,Groundnut,27,32.8,1.214814815
Odisha,KENDUJHAR,2014,Summer,Maize,4,7.8,1.95
Odisha,KENDUJHAR,2014,Summer,Moong(Green Gram),194,62.3,0.321134021
Odisha,KENDUJHAR,2014,Summer,Rice,2000,5000,2.5
Odisha,KENDUJHAR,2014,Summer,Sesamum,6,1.5,0.25
Odisha,KENDUJHAR,2014,Summer,Wheat,28,58.9,2.103571429
Odisha,KENDUJHAR,2014,Winter,Horse-gram,1368,413.1,0.301973684
Odisha,KENDUJHAR,2014,Winter,Maize,1,2.2,2.2
Odisha,KENDUJHAR,2014,Winter,Moong(Green Gram),106,33.1,0.312264151
Odisha,KENDUJHAR,2014,Winter,Potato,181,1960,10.82872928
Odisha,KENDUJHAR,2014,Winter,Rapeseed &Mustard,893,275.9,0.308958567
Odisha,KENDUJHAR,2014,Winter,Rice,140000,354000,2.528571429
Odisha,KENDUJHAR,2014,Winter,Sesamum,2,0.5,0.25
Odisha,KENDUJHAR,2014,Winter,Sugarcane,58,4570.4,78.8
Odisha,KENDUJHAR,2014,Winter,Urad,69,20.4,0.295652174
Odisha,KENDUJHAR,2015,Autumn,Groundnut,82,63.5,0.774390244
Odisha,KENDUJHAR,2015,Autumn,Jute,476,1310.4,2.752941176
Odisha,KENDUJHAR,2015,Autumn,Maize,1238,2053.1,1.658400646
Odisha,KENDUJHAR,2015,Autumn,Rice,25000,18000,0.72
Odisha,KENDUJHAR,2015,Autumn,Sesamum,86,19.8,0.230232558
Odisha,KENDUJHAR,2015,Autumn,Urad,397,100,0.251889169
Odisha,KENDUJHAR,2015,Summer,Groundnut,62,88.2,1.422580645
Odisha,KENDUJHAR,2015,Summer,Moong(Green Gram),857,289.7,0.338039673
Odisha,KENDUJHAR,2015,Summer,Rice,1000,4000,4
Odisha,KENDUJHAR,2015,Summer,Sesamum,18,6.6,0.366666667
Odisha,KENDUJHAR,2015,Summer,Urad,21,8.1,0.385714286
Odisha,KENDUJHAR,2015,Summer,Wheat,73,116.3,1.593150685
Odisha,KENDUJHAR,2015,Winter,Groundnut,185,404.6,2.187027027
Odisha,KENDUJHAR,2015,Winter,Horse-gram,770,183.3,0.238051948
Odisha,KENDUJHAR,2015,Winter,Moong(Green Gram),104,33.8,0.325
Odisha,KENDUJHAR,2015,Winter,Potato,95,968.4,10.19368421
Odisha,KENDUJHAR,2015,Winter,Rapeseed &Mustard,605,150,0.247933884
Odisha,KENDUJHAR,2015,Winter,Rice,157000,185000,1.178343949
Odisha,KENDUJHAR,2015,Winter,Sesamum,14,4.2,0.3
Odisha,KENDUJHAR,2015,Winter,Sugarcane,34,2298.4,67.6
Odisha,KENDUJHAR,2015,Winter,Urad,149,40.5,0.271812081
Odisha,KHORDHA,1997,Autumn,Jute,10,10,1
Odisha,KHORDHA,1997,Autumn,Maize,10,8,0.8
Odisha,KHORDHA,1997,Autumn,Paddy,1357,1469,1.082535004
Odisha,KHORDHA,1997,Autumn,Ragi,315,140,0.444444444
Odisha,KHORDHA,1997,Summer,Arhar/Tur,8174,629,0.076951309
Odisha,KHORDHA,1997,Summer,Groundnut,689,803,1.165457184
Odisha,KHORDHA,1997,Summer,Horse-gram,275,29,0.105454545
Odisha,KHORDHA,1997,Summer,Maize,101,39,0.386138614
Odisha,KHORDHA,1997,Summer,Paddy,5709,9143,1.601506393
Odisha,KHORDHA,1997,Summer,Ragi,27,17,0.62962963
Odisha,KHORDHA,1997,Summer,Sesamum,877,270,0.307867731
Odisha,KHORDHA,1997,Summer,Urad,234,12,0.051282051
Odisha,KHORDHA,1997,Whole Year,Potato,214,2556,11.94392523
Odisha,KHORDHA,1997,Winter,Arhar/Tur,12792,1151,0.089978111
Odisha,KHORDHA,1997,Winter,Groundnut,145,209,1.44137931
Odisha,KHORDHA,1997,Winter,Horse-gram,1333,463,0.347336834
Odisha,KHORDHA,1997,Winter,Paddy,107538,151844,1.412003199
Odisha,KHORDHA,1997,Winter,Ragi,30,29,0.966666667
Odisha,KHORDHA,1997,Winter,Sesamum,214,19,0.088785047
Odisha,KHORDHA,1997,Winter,Sugarcane,346,19705,56.95086705
Odisha,KHORDHA,1997,Winter,Urad,4097,934,0.227971687
Odisha,KHORDHA,1998,Autumn,Maize,4,4,1
Odisha,KHORDHA,1998,Autumn,Ragi,80,35,0.4375
Odisha,KHORDHA,1998,Autumn,Rice,2315,2884,1.245788337
Odisha,KHORDHA,1998,Autumn,Sesamum,18,3,0.166666667
Odisha,KHORDHA,1998,Autumn,Urad,2,1,0.5
Odisha,KHORDHA,1998,Summer,Groundnut,690,544,0.788405797
Odisha,KHORDHA,1998,Summer,Horse-gram,313,52,0.166134185
Odisha,KHORDHA,1998,Summer,Moong(Green Gram),12513,1614,0.128985855
Odisha,KHORDHA,1998,Summer,Ragi,9,3,0.333333333
Odisha,KHORDHA,1998,Summer,Rice,9904,21138,2.134289176
Odisha,KHORDHA,1998,Summer,Sesamum,167,45,0.269461078
Odisha,KHORDHA,1998,Summer,Urad,339,30,0.088495575
Odisha,KHORDHA,1998,Summer,Wheat,5,1,0.2
Odisha,KHORDHA,1998,Winter,Horse-gram,890,180,0.202247191
Odisha,KHORDHA,1998,Winter,Maize,1,,
Odisha,KHORDHA,1998,Winter,Moong(Green Gram),1431,173,0.120894479
Odisha,KHORDHA,1998,Winter,Potato,196,2670,13.62244898
Odisha,KHORDHA,1998,Winter,Ragi,6,2,0.333333333
Odisha,KHORDHA,1998,Winter,Rapeseed &Mustard,39,4,0.102564103
Odisha,KHORDHA,1998,Winter,Rice,114290,188203,1.646714498
Odisha,KHORDHA,1998,Winter,Sesamum,18,2,0.111111111
Odisha,KHORDHA,1998,Winter,Sugarcane,280,13781,49.21785714
Odisha,KHORDHA,1998,Winter,Urad,2908,523,0.179848693
Odisha,KHORDHA,1999,Autumn,Rice,1000,1000,1
Odisha,KHORDHA,1999,Kharif,Arhar/Tur,880,430,0.488636364
Odisha,KHORDHA,1999,Kharif,Castor seed,70,40,0.571428571
Odisha,KHORDHA,1999,Kharif,Dry chillies,1060,850,0.801886792
Odisha,KHORDHA,1999,Kharif,Dry ginger,150,280,1.866666667
Odisha,KHORDHA,1999,Kharif,Groundnut,70,60,0.857142857
Odisha,KHORDHA,1999,Kharif,Jowar,80,50,0.625
Odisha,KHORDHA,1999,Kharif,Jute,50,270,5.4
Odisha,KHORDHA,1999,Kharif,Maize,1410,1030,0.730496454
Odisha,KHORDHA,1999,Kharif,Mesta,570,1580,2.771929825
Odisha,KHORDHA,1999,Kharif,Moong(Green Gram),240,80,0.333333333
Odisha,KHORDHA,1999,Kharif,Ragi,690,460,0.666666667
Odisha,KHORDHA,1999,Kharif,Sesamum,680,190,0.279411765
Odisha,KHORDHA,1999,Kharif,Sweet potato,220,1970,8.954545455
Odisha,KHORDHA,1999,Kharif,Urad,1660,510,0.307228916
Odisha,KHORDHA,1999,Rabi,Coriander,380,180,0.473684211
Odisha,KHORDHA,1999,Rabi,Dry chillies,840,690,0.821428571
Odisha,KHORDHA,1999,Rabi,Garlic,330,1020,3.090909091
Odisha,KHORDHA,1999,Rabi,Gram,80,50,0.625
Odisha,KHORDHA,1999,Rabi,Groundnut,2420,3280,1.355371901
Odisha,KHORDHA,1999,Rabi,Horse-gram,9710,3900,0.401647786
Odisha,KHORDHA,1999,Rabi,Linseed,50,20,0.4
Odisha,KHORDHA,1999,Rabi,Maize,150,170,1.133333333
Odisha,KHORDHA,1999,Rabi,Moong(Green Gram),26230,9860,0.375905452
Odisha,KHORDHA,1999,Rabi,Ragi,110,80,0.727272727
Odisha,KHORDHA,1999,Rabi,Rapeseed &Mustard,920,290,0.315217391
Odisha,KHORDHA,1999,Rabi,Sesamum,950,320,0.336842105
Odisha,KHORDHA,1999,Rabi,Sunflower,30,10,0.333333333
Odisha,KHORDHA,1999,Rabi,Urad,7980,3040,0.380952381
Odisha,KHORDHA,1999,Rabi,Wheat,110,170,1.545454545
Odisha,KHORDHA,1999,Summer,Rice,14860,35240,2.371467026
Odisha,KHORDHA,1999,Whole Year,Onion,740,3190,4.310810811
Odisha,KHORDHA,1999,Whole Year,Potato,340,3410,10.02941176
Odisha,KHORDHA,1999,Winter,Rice,121000,72000,0.595041322
Odisha,KHORDHA,1999,Winter,Sugarcane,830,60060,72.36144578
Odisha,KHORDHA,2000,Autumn,Rice,1920,1890,0.984375
Odisha,KHORDHA,2000,Kharif,Arhar/Tur,850,390,0.458823529
Odisha,KHORDHA,2000,Kharif,Castor seed,30,20,0.666666667
Odisha,KHORDHA,2000,Kharif,Dry ginger,10,20,2
Odisha,KHORDHA,2000,Kharif,Groundnut,516,443.2,0.858914729
Odisha,KHORDHA,2000,Kharif,Horse-gram,732,188.8,0.257923497
Odisha,KHORDHA,2000,Kharif,Jowar,80,50,0.625
Odisha,KHORDHA,2000,Kharif,Jute,50,200,4
Odisha,KHORDHA,2000,Kharif,Maize,9,4.7,0.522222222
Odisha,KHORDHA,2000,Kharif,Mesta,560,1720,3.071428571
Odisha,KHORDHA,2000,Kharif,Moong(Green Gram),10975,1744,0.158906606
Odisha,KHORDHA,2000,Kharif,Other Kharif pulses,240,130,0.541666667
Odisha,KHORDHA,2000,Kharif,Ragi,497,284.4,0.5722334
Odisha,KHORDHA,2000,Kharif,Sesamum,264,104.1,0.394318182
Odisha,KHORDHA,2000,Kharif,Urad,2629,473.1,0.179954355
Odisha,KHORDHA,2000,Rabi,Arhar/Tur,20,10,0.5
Odisha,KHORDHA,2000,Rabi,Gram,80,50,0.625
Odisha,KHORDHA,2000,Rabi,Linseed,40,10,0.25
Odisha,KHORDHA,2000,Rabi,Other  Rabi pulses,11,6,0.545454545
Odisha,KHORDHA,2000,Rabi,Rapeseed &Mustard,81,9.4,0.116049383
Odisha,KHORDHA,2000,Summer,Rice,2220,4520,2.036036036
Odisha,KHORDHA,2000,Whole Year,Coriander,320,160,0.5
Odisha,KHORDHA,2000,Whole Year,Dry chillies,400,320,0.8
Odisha,KHORDHA,2000,Whole Year,Garlic,40,120,3
Odisha,KHORDHA,2000,Whole Year,Onion,280,1290,4.607142857
Odisha,KHORDHA,2000,Whole Year,Potato,222,2812.3,12.66801802
Odisha,KHORDHA,2000,Whole Year,Sugarcane,181,7196,39.75690608
Odisha,KHORDHA,2000,Whole Year,Sweet potato,50,410,8.2
Odisha,KHORDHA,2000,Whole Year,Turmeric,50,120,2.4
Odisha,KHORDHA,2000,Winter,Rice,113960,174970,1.535363285
Odisha,KHORDHA,2001,Kharif,Arhar/Tur,660,360,0.545454545
Odisha,KHORDHA,2001,Kharif,Castor seed,20,10,0.5
Odisha,KHORDHA,2001,Kharif,Dry ginger,20,40,2
Odisha,KHORDHA,2001,Kharif,Groundnut,724,935.5,1.292127072
Odisha,KHORDHA,2001,Kharif,Horse-gram,1467,538.5,0.367075665
Odisha,KHORDHA,2001,Kharif,Jowar,180,60,0.333333333
Odisha,KHORDHA,2001,Kharif,Jute,1,11,11
Odisha,KHORDHA,2001,Kharif,Maize,2,1.9,0.95
Odisha,KHORDHA,2001,Kharif,Moong(Green Gram),21377,2639.4,0.123469149
Odisha,KHORDHA,2001,Kharif,Ragi,148,47.5,0.320945946
Odisha,KHORDHA,2001,Kharif,Rice,131000,197000,1.503816794
Odisha,KHORDHA,2001,Kharif,Sesamum,224,70.1,0.312946429
Odisha,KHORDHA,2001,Kharif,Urad,3114,512,0.164418754
Odisha,KHORDHA,2001,Rabi,Gram,100,40,0.4
Odisha,KHORDHA,2001,Rabi,Linseed,20,10,0.5
Odisha,KHORDHA,2001,Rabi,Other  Rabi pulses,320,110,0.34375
Odisha,KHORDHA,2001,Rabi,Rapeseed &Mustard,53,8.4,0.158490566
Odisha,KHORDHA,2001,Rabi,Safflower,60,30,0.5
Odisha,KHORDHA,2001,Rabi,Sunflower,140,40,0.285714286
Odisha,KHORDHA,2001,Whole Year,Coriander,290,140,0.482758621
Odisha,KHORDHA,2001,Whole Year,Dry chillies,410,350,0.853658537
Odisha,KHORDHA,2001,Whole Year,Garlic,70,220,3.142857143
Odisha,KHORDHA,2001,Whole Year,Onion,320,2080,6.5
Odisha,KHORDHA,2001,Whole Year,Potato,172,1488.5,8.654069767
Odisha,KHORDHA,2001,Whole Year,Sugarcane,162,8317.9,51.34506173
Odisha,KHORDHA,2001,Whole Year,Sweet potato,80,680,8.5
Odisha,KHORDHA,2001,Whole Year,Turmeric,70,150,2.142857143
Odisha,KHORDHA,2002,Kharif,Arhar/Tur,710,260,0.366197183
Odisha,KHORDHA,2002,Kharif,Castor seed,20,10,0.5
Odisha,KHORDHA,2002,Kharif,Dry ginger,550,1000,1.818181818
Odisha,KHORDHA,2002,Kharif,Groundnut,293,250.5,0.854948805
Odisha,KHORDHA,2002,Kharif,Horse-gram,571,149.1,0.261120841
Odisha,KHORDHA,2002,Kharif,Jute,1,12,12
Odisha,KHORDHA,2002,Kharif,Maize,15,9.9,0.66
Odisha,KHORDHA,2002,Kharif,Moong(Green Gram),13069,1772.6,0.135633943
Odisha,KHORDHA,2002,Kharif,Other Kharif pulses,260,140,0.538461538
Odisha,KHORDHA,2002,Kharif,Ragi,186,89.8,0.482795699
Odisha,KHORDHA,2002,Kharif,Rice,113000,53000,0.469026549
Odisha,KHORDHA,2002,Kharif,Sesamum,1095,341.8,0.312146119
Odisha,KHORDHA,2002,Kharif,Urad,1358,252.8,0.186156112
Odisha,KHORDHA,2002,Rabi,Arhar/Tur,20,10,0.5
Odisha,KHORDHA,2002,Rabi,Gram,220,110,0.5
Odisha,KHORDHA,2002,Rabi,Linseed,40,10,0.25
Odisha,KHORDHA,2002,Rabi,Other  Rabi pulses,280,120,0.428571429
Odisha,KHORDHA,2002,Rabi,Rapeseed &Mustard,13,1.8,0.138461538
Odisha,KHORDHA,2002,Rabi,Safflower,20,10,0.5
Odisha,KHORDHA,2002,Rabi,Sunflower,50,20,0.4
Odisha,KHORDHA,2002,Whole Year,Coriander,400,200,0.5
Odisha,KHORDHA,2002,Whole Year,Dry chillies,750,640,0.853333333
Odisha,KHORDHA,2002,Whole Year,Garlic,290,900,3.103448276
Odisha,KHORDHA,2002,Whole Year,Onion,410,2680,6.536585366
Odisha,KHORDHA,2002,Whole Year,Potato,176,2030.5,11.53693182
Odisha,KHORDHA,2002,Whole Year,Sugarcane,150,6233.4,41.556
Odisha,KHORDHA,2002,Whole Year,Sweet potato,70,600,8.571428571
Odisha,KHORDHA,2002,Whole Year,Turmeric,140,280,2
Odisha,KHORDHA,2003,Kharif,Arhar/Tur,770,380,0.493506494
Odisha,KHORDHA,2003,Kharif,Castor seed,20,10,0.5
Odisha,KHORDHA,2003,Kharif,Dry ginger,350,640,1.828571429
Odisha,KHORDHA,2003,Kharif,Groundnut,287,353.9,1.233101045
Odisha,KHORDHA,2003,Kharif,Horse-gram,1441,430.9,0.299028452
Odisha,KHORDHA,2003,Kharif,Maize,2,1,0.5
Odisha,KHORDHA,2003,Kharif,Moong(Green Gram),17857,3233.8,0.181094249
Odisha,KHORDHA,2003,Kharif,Other Kharif pulses,100,40,0.4
Odisha,KHORDHA,2003,Kharif,Ragi,91,45.3,0.497802198
Odisha,KHORDHA,2003,Kharif,Rice,113000,157000,1.389380531
Odisha,KHORDHA,2003,Kharif,Sesamum,399,107.2,0.268671679
Odisha,KHORDHA,2003,Kharif,Urad,4564,1101,0.241235758
Odisha,KHORDHA,2003,Rabi,Castor seed,20,10,0.5
Odisha,KHORDHA,2003,Rabi,Gram,250,100,0.4
Odisha,KHORDHA,2003,Rabi,Linseed,40,10,0.25
Odisha,KHORDHA,2003,Rabi,Other  Rabi pulses,330,100,0.303030303
Odisha,KHORDHA,2003,Rabi,Rapeseed &Mustard,26,2.9,0.111538462
Odisha,KHORDHA,2003,Rabi,Sunflower,60,30,0.5
Odisha,KHORDHA,2003,Rabi,Wheat,38,53.7,1.413157895
Odisha,KHORDHA,2003,Whole Year,Coriander,340,170,0.5
Odisha,KHORDHA,2003,Whole Year,Dry chillies,550,470,0.854545455
Odisha,KHORDHA,2003,Whole Year,Garlic,160,500,3.125
Odisha,KHORDHA,2003,Whole Year,Onion,420,2750,6.547619048
Odisha,KHORDHA,2003,Whole Year,Potato,142,1610.6,11.34225352
Odisha,KHORDHA,2003,Whole Year,Sugarcane,460,22575.9,49.07804348
Odisha,KHORDHA,2003,Whole Year,Sweet potato,70,610,8.714285714
Odisha,KHORDHA,2003,Whole Year,Turmeric,100,200,2
Odisha,KHORDHA,2004,Autumn,Groundnut,1,0.2,0.2
Odisha,KHORDHA,2004,Autumn,Maize,10,13.6,1.36
Odisha,KHORDHA,2004,Autumn,Ragi,23,14,0.608695652
Odisha,KHORDHA,2004,Autumn,Rice,1000,1000,1
Odisha,KHORDHA,2004,Autumn,Sesamum,1,0.1,0.1
Odisha,KHORDHA,2004,Kharif,Castor seed,15,,
Odisha,KHORDHA,2004,Kharif,Dry ginger,367,668,1.820163488
Odisha,KHORDHA,2004,Rabi,Castor seed,20,10,0.5
Odisha,KHORDHA,2004,Rabi,Gram,224,75,0.334821429
Odisha,KHORDHA,2004,Rabi,Linseed,54,8,0.148148148
Odisha,KHORDHA,2004,Rabi,Other  Rabi pulses,414,136,0.328502415
Odisha,KHORDHA,2004,Rabi,Sunflower,30,14,0.466666667
Odisha,KHORDHA,2004,Summer,Groundnut,624,741.3,1.187980769
Odisha,KHORDHA,2004,Summer,Horse-gram,34,5.7,0.167647059
Odisha,KHORDHA,2004,Summer,Maize,3,3.1,1.033333333
Odisha,KHORDHA,2004,Summer,Moong(Green Gram),7716,1635.8,0.212001037
Odisha,KHORDHA,2004,Summer,Ragi,6,3.2,0.533333333
Odisha,KHORDHA,2004,Summer,Rice,6000,14000,2.333333333
Odisha,KHORDHA,2004,Summer,Sesamum,223,90.3,0.404932735
Odisha,KHORDHA,2004,Summer,Urad,93,32.6,0.350537634
Odisha,KHORDHA,2004,Summer,Wheat,2,3.9,1.95
Odisha,KHORDHA,2004,Whole Year,Coriander,410,200,0.487804878
Odisha,KHORDHA,2004,Whole Year,Dry chillies,538,460,0.855018587
Odisha,KHORDHA,2004,Whole Year,Garlic,195,602,3.087179487
Odisha,KHORDHA,2004,Whole Year,Onion,417,2720,6.522781775
Odisha,KHORDHA,2004,Whole Year,Sweet potato,77,636,8.25974026
Odisha,KHORDHA,2004,Whole Year,Turmeric,104,207,1.990384615
Odisha,KHORDHA,2004,Winter,Horse-gram,770,277.2,0.36
Odisha,KHORDHA,2004,Winter,Moong(Green Gram),3684,574.7,0.155998914
Odisha,KHORDHA,2004,Winter,Potato,183,1899.7,10.38087432
Odisha,KHORDHA,2004,Winter,Ragi,4,1.5,0.375
Odisha,KHORDHA,2004,Winter,Rapeseed &Mustard,26,5,0.192307692
Odisha,KHORDHA,2004,Winter,Rice,104000,166000,1.596153846
Odisha,KHORDHA,2004,Winter,Sesamum,40,4.1,0.1025
Odisha,KHORDHA,2004,Winter,Sugarcane,183,8930.4,48.8
Odisha,KHORDHA,2004,Winter,Urad,2975,800.3,0.269008403
Odisha,KHORDHA,2005,Autumn,Groundnut,1,0.2,0.2
Odisha,KHORDHA,2005,Autumn,Maize,7,7.5,1.071428571
Odisha,KHORDHA,2005,Autumn,Ragi,86,46,0.534883721
Odisha,KHORDHA,2005,Summer,Groundnut,613,853.3,1.392006525
Odisha,KHORDHA,2005,Summer,Horse-gram,218,26.4,0.121100917
Odisha,KHORDHA,2005,Summer,Moong(Green Gram),11405,1802,0.158000877
Odisha,KHORDHA,2005,Summer,Ragi,2,1.2,0.6
Odisha,KHORDHA,2005,Summer,Rice,8000,20000,2.5
Odisha,KHORDHA,2005,Summer,Sesamum,168,62.3,0.370833333
Odisha,KHORDHA,2005,Summer,Urad,52,8.7,0.167307692
Odisha,KHORDHA,2005,Summer,Wheat,12,3.7,0.308333333
Odisha,KHORDHA,2005,Winter,Horse-gram,625,145.6,0.23296
Odisha,KHORDHA,2005,Winter,Moong(Green Gram),3870,522.5,0.13501292
Odisha,KHORDHA,2005,Winter,Potato,166,1708.3,10.29096386
Odisha,KHORDHA,2005,Winter,Ragi,38,13.4,0.352631579
Odisha,KHORDHA,2005,Winter,Rapeseed &Mustard,37,4.6,0.124324324
Odisha,KHORDHA,2005,Winter,Rice,113000,186000,1.646017699
Odisha,KHORDHA,2005,Winter,Sesamum,5,1.8,0.36
Odisha,KHORDHA,2005,Winter,Sugarcane,482,28920,60
Odisha,KHORDHA,2005,Winter,Urad,4513,970.3,0.215001108
Odisha,KHORDHA,2006,Autumn,Maize,9,13,1.444444444
Odisha,KHORDHA,2006,Autumn,Ragi,11,5.5,0.5
Odisha,KHORDHA,2006,Autumn,Sesamum,1,0.1,0.1
Odisha,KHORDHA,2006,Summer,Groundnut,454,506.2,1.114977974
Odisha,KHORDHA,2006,Summer,Horse-gram,120,6.5,0.054166667
Odisha,KHORDHA,2006,Summer,Maize,2,4.1,2.05
Odisha,KHORDHA,2006,Summer,Moong(Green Gram),14731,2180.2,0.148000815
Odisha,KHORDHA,2006,Summer,Rice,10000,27000,2.7
Odisha,KHORDHA,2006,Summer,Sesamum,182,68.4,0.375824176
Odisha,KHORDHA,2006,Summer,Urad,293,51.3,0.175085324
Odisha,KHORDHA,2006,Summer,Wheat,4,3.7,0.925
Odisha,KHORDHA,2006,Winter,Horse-gram,573,188.5,0.328970332
Odisha,KHORDHA,2006,Winter,Moong(Green Gram),1658,270.3,0.163027744
Odisha,KHORDHA,2006,Winter,Potato,145,1286.7,8.873793103
Odisha,KHORDHA,2006,Winter,Ragi,6,3.1,0.516666667
Odisha,KHORDHA,2006,Winter,Rapeseed &Mustard,62,5.1,0.082258065
Odisha,KHORDHA,2006,Winter,Rice,112000,169000,1.508928571
Odisha,KHORDHA,2006,Winter,Sesamum,2,0.2,0.1
Odisha,KHORDHA,2006,Winter,Sugarcane,715,34987.1,48.93300699
Odisha,KHORDHA,2006,Winter,Urad,2466,609.1,0.246999189
Odisha,KHORDHA,2007,Autumn,Groundnut,1,0.9,0.9
Odisha,KHORDHA,2007,Autumn,Maize,5,4.5,0.9
Odisha,KHORDHA,2007,Autumn,Urad,1,,
Odisha,KHORDHA,2007,Summer,Groundnut,788,1090.6,1.384010152
Odisha,KHORDHA,2007,Summer,Horse-gram,13,3.4,0.261538462
Odisha,KHORDHA,2007,Summer,Maize,2,2.2,1.1
Odisha,KHORDHA,2007,Summer,Moong(Green Gram),11300,1819.3,0.161
Odisha,KHORDHA,2007,Summer,Rice,7000,20000,2.857142857
Odisha,KHORDHA,2007,Summer,Sesamum,285,84.9,0.297894737
Odisha,KHORDHA,2007,Summer,Urad,72,15.8,0.219444444
Odisha,KHORDHA,2007,Winter,Horse-gram,718,193.9,0.27005571
Odisha,KHORDHA,2007,Winter,Moong(Green Gram),1536,233.5,0.152018229
Odisha,KHORDHA,2007,Winter,Potato,104,1335.7,12.84326923
Odisha,KHORDHA,2007,Winter,Ragi,39,18.9,0.484615385
Odisha,KHORDHA,2007,Winter,Rapeseed &Mustard,31,2.1,0.067741935
Odisha,KHORDHA,2007,Winter,Rice,103000,157000,1.524271845
Odisha,KHORDHA,2007,Winter,Sesamum,20,1.6,0.08
Odisha,KHORDHA,2007,Winter,Sugarcane,175,7075.8,40.43314286
Odisha,KHORDHA,2007,Winter,Urad,3157,609.3,0.192999683
Odisha,KHORDHA,2008,Autumn,Maize,10,19.7,1.97
Odisha,KHORDHA,2008,Autumn,Ragi,9,6.1,0.677777778
Odisha,KHORDHA,2008,Summer,Groundnut,1096,1446.7,1.319981752
Odisha,KHORDHA,2008,Summer,Horse-gram,3,0.6,0.2
Odisha,KHORDHA,2008,Summer,Maize,2,1.6,0.8
Odisha,KHORDHA,2008,Summer,Moong(Green Gram),11067,1748.6,0.158001265
Odisha,KHORDHA,2008,Summer,Ragi,1,0.6,0.6
Odisha,KHORDHA,2008,Summer,Rice,8000,16000,2
Odisha,KHORDHA,2008,Summer,Sesamum,99,39,0.393939394
Odisha,KHORDHA,2008,Summer,Urad,518,105.2,0.203088803
Odisha,KHORDHA,2008,Winter,Groundnut,32,67.6,2.1125
Odisha,KHORDHA,2008,Winter,Horse-gram,966,297.5,0.307971014
Odisha,KHORDHA,2008,Winter,Moong(Green Gram),2077,288.7,0.138998556
Odisha,KHORDHA,2008,Winter,Potato,144,1795.2,12.46666667
Odisha,KHORDHA,2008,Winter,Ragi,6,3.3,0.55
Odisha,KHORDHA,2008,Winter,Rapeseed &Mustard,64,6.5,0.1015625
Odisha,KHORDHA,2008,Winter,Rice,115000,145000,1.260869565
Odisha,KHORDHA,2008,Winter,Sesamum,33,4.2,0.127272727
Odisha,KHORDHA,2008,Winter,Sugarcane,165,6993.2,42.3830303
Odisha,KHORDHA,2008,Winter,Urad,3275,628.8,0.192
Odisha,KHORDHA,2009,Autumn,Maize,2,1.5,0.75
Odisha,KHORDHA,2009,Autumn,Ragi,8,4.8,0.6
Odisha,KHORDHA,2009,Summer,Groundnut,445,656.8,1.475955056
Odisha,KHORDHA,2009,Summer,Horse-gram,90,13.1,0.145555556
Odisha,KHORDHA,2009,Summer,Moong(Green Gram),15008,2686.4,0.178997868
Odisha,KHORDHA,2009,Summer,Ragi,1,0.7,0.7
Odisha,KHORDHA,2009,Summer,Rice,2000,4000,2
Odisha,KHORDHA,2009,Summer,Sesamum,302,88.2,0.29205298
Odisha,KHORDHA,2009,Summer,Urad,149,26.5,0.177852349
Odisha,KHORDHA,2009,Summer,Wheat,7,5.8,0.828571429
Odisha,KHORDHA,2009,Winter,Groundnut,21,45.4,2.161904762
Odisha,KHORDHA,2009,Winter,Horse-gram,1031,283.5,0.274975752
Odisha,KHORDHA,2009,Winter,Moong(Green Gram),2618,442.4,0.168983957
Odisha,KHORDHA,2009,Winter,Potato,136,2279.6,16.76176471
Odisha,KHORDHA,2009,Winter,Ragi,3,2.3,0.766666667
Odisha,KHORDHA,2009,Winter,Rapeseed &Mustard,107,11.6,0.108411215
Odisha,KHORDHA,2009,Winter,Rice,112000,205000,1.830357143
Odisha,KHORDHA,2009,Winter,Sesamum,6,0.8,0.133333333
Odisha,KHORDHA,2009,Winter,Sugarcane,177,10048.1,56.76892655
Odisha,KHORDHA,2009,Winter,Urad,2513,525.2,0.208993235
Odisha,KHORDHA,2010,Autumn,Maize,59,129.4,2.193220339
Odisha,KHORDHA,2010,Autumn,Ragi,30,20,0.666666667
Odisha,KHORDHA,2010,Autumn,Sesamum,1,0.1,0.1
Odisha,KHORDHA,2010,Summer,Groundnut,634,902.8,1.423974763
Odisha,KHORDHA,2010,Summer,Horse-gram,113,12.4,0.109734513
Odisha,KHORDHA,2010,Summer,Maize,1,1.4,1.4
Odisha,KHORDHA,2010,Summer,Moong(Green Gram),12631,2816.7,0.222998971
Odisha,KHORDHA,2010,Summer,Rice,1000,3000,3
Odisha,KHORDHA,2010,Summer,Sesamum,407,131.9,0.324078624
Odisha,KHORDHA,2010,Summer,Urad,351,56.9,0.162108262
Odisha,KHORDHA,2010,Summer,Wheat,2,2.3,1.15
Odisha,KHORDHA,2010,Winter,Horse-gram,1100,270.6,0.246
Odisha,KHORDHA,2010,Winter,Moong(Green Gram),654,140,0.214067278
Odisha,KHORDHA,2010,Winter,Potato,179,2520.3,14.07988827
Odisha,KHORDHA,2010,Winter,Rapeseed &Mustard,60,6.2,0.103333333
Odisha,KHORDHA,2010,Winter,Rice,100000,166000,1.66
Odisha,KHORDHA,2010,Winter,Sesamum,35,5.4,0.154285714
Odisha,KHORDHA,2010,Winter,Sugarcane,675,37075.7,54.92696296
Odisha,KHORDHA,2010,Winter,Urad,2480,515.8,0.207983871
Odisha,KHORDHA,2011,Autumn,Maize,42,80,1.904761905
Odisha,KHORDHA,2011,Autumn,Ragi,19,13.9,0.731578947
Odisha,KHORDHA,2011,Summer,Groundnut,197,276,1.401015228
Odisha,KHORDHA,2011,Summer,Horse-gram,28,3.1,0.110714286
Odisha,KHORDHA,2011,Summer,Maize,5,7.3,1.46
Odisha,KHORDHA,2011,Summer,Moong(Green Gram),9031,2041,0.225999336
Odisha,KHORDHA,2011,Summer,Rice,1000,2000,2
Odisha,KHORDHA,2011,Summer,Sesamum,157,53.5,0.340764331
Odisha,KHORDHA,2011,Summer,Urad,70,14.4,0.205714286
Odisha,KHORDHA,2011,Summer,Wheat,1,1,1
Odisha,KHORDHA,2011,Winter,Groundnut,3,7.2,2.4
Odisha,KHORDHA,2011,Winter,Horse-gram,326,118,0.36196319
Odisha,KHORDHA,2011,Winter,Moong(Green Gram),135,29.6,0.219259259
Odisha,KHORDHA,2011,Winter,Potato,88,1148.6,13.05227273
Odisha,KHORDHA,2011,Winter,Ragi,1,0.5,0.5
Odisha,KHORDHA,2011,Winter,Rapeseed &Mustard,15,2.5,0.166666667
Odisha,KHORDHA,2011,Winter,Rice,96000,147000,1.53125
Odisha,KHORDHA,2011,Winter,Sesamum,23,8.3,0.360869565
Odisha,KHORDHA,2011,Winter,Sugarcane,90,5899.8,65.55333333
Odisha,KHORDHA,2011,Winter,Urad,696,152.4,0.218965517
Odisha,KHORDHA,2012,Autumn,Maize,23,61.9,2.691304348
Odisha,KHORDHA,2012,Autumn,Ragi,5,3.1,0.62
Odisha,KHORDHA,2012,Summer,Groundnut,302,355.2,1.17615894
Odisha,KHORDHA,2012,Summer,Horse-gram,10,1.8,0.18
Odisha,KHORDHA,2012,Summer,Maize,4,12.3,3.075
Odisha,KHORDHA,2012,Summer,Moong(Green Gram),14008,3109.8,0.222001713
Odisha,KHORDHA,2012,Summer,Rice,202000,3000,0.014851485
Odisha,KHORDHA,2012,Summer,Sesamum,67,33.8,0.504477612
Odisha,KHORDHA,2012,Summer,Urad,169,47.3,0.279881657
Odisha,KHORDHA,2012,Winter,Horse-gram,454,149.8,0.329955947
Odisha,KHORDHA,2012,Winter,Moong(Green Gram),18,5.2,0.288888889
Odisha,KHORDHA,2012,Winter,Potato,73,1309.7,17.94109589
Odisha,KHORDHA,2012,Winter,Ragi,1,1.3,1.3
Odisha,KHORDHA,2012,Winter,Rapeseed &Mustard,48,10.8,0.225
Odisha,KHORDHA,2012,Winter,Rice,89000,202000,2.269662921
Odisha,KHORDHA,2012,Winter,Sesamum,1,0.3,0.3
Odisha,KHORDHA,2012,Winter,Sugarcane,546,33188.1,60.78406593
Odisha,KHORDHA,2012,Winter,Urad,796,243.6,0.306030151
Odisha,KHORDHA,2013,Autumn,Maize,23,62.7,2.726086957
Odisha,KHORDHA,2013,Summer,Groundnut,414,556.4,1.343961353
Odisha,KHORDHA,2013,Summer,Horse-gram,40,9.7,0.2425
Odisha,KHORDHA,2013,Summer,Maize,2,4.4,2.2
Odisha,KHORDHA,2013,Summer,Moong(Green Gram),12047,3614.1,0.3
Odisha,KHORDHA,2013,Summer,Ragi,5,3.6,0.72
Odisha,KHORDHA,2013,Summer,Rice,1000,6000,6
Odisha,KHORDHA,2013,Summer,Sesamum,175,82.6,0.472
Odisha,KHORDHA,2013,Summer,Urad,154,47.7,0.30974026
Odisha,KHORDHA,2013,Winter,Horse-gram,453,131.8,0.290949227
Odisha,KHORDHA,2013,Winter,Moong(Green Gram),678,164.1,0.242035398
Odisha,KHORDHA,2013,Winter,Potato,114,2101.9,18.4377193
Odisha,KHORDHA,2013,Winter,Rapeseed &Mustard,138,19.7,0.142753623
Odisha,KHORDHA,2013,Winter,Rice,97000,74000,0.762886598
Odisha,KHORDHA,2013,Winter,Sesamum,10,1.5,0.15
Odisha,KHORDHA,2013,Winter,Sugarcane,58,3485.8,60.1
Odisha,KHORDHA,2013,Winter,Urad,1346,280,0.208023774
Odisha,KHORDHA,2014,Autumn,Maize,4,8.3,2.075
Odisha,KHORDHA,2014,Summer,Groundnut,75,93.2,1.242666667
Odisha,KHORDHA,2014,Summer,Horse-gram,66,15.8,0.239393939
Odisha,KHORDHA,2014,Summer,Maize,2,2,1
Odisha,KHORDHA,2014,Summer,Moong(Green Gram),17889,4078.7,0.228000447
Odisha,KHORDHA,2014,Summer,Ragi,3,2.4,0.8
Odisha,KHORDHA,2014,Summer,Rice,1000,4000,4
Odisha,KHORDHA,2014,Summer,Sesamum,99,25.5,0.257575758
Odisha,KHORDHA,2014,Summer,Urad,88,18.7,0.2125
Odisha,KHORDHA,2014,Summer,Wheat,1,0.9,0.9
Odisha,KHORDHA,2014,Winter,Horse-gram,508,148.8,0.292913386
Odisha,KHORDHA,2014,Winter,Moong(Green Gram),50,19.2,0.384
Odisha,KHORDHA,2014,Winter,Potato,260,4427,17.02692308
Odisha,KHORDHA,2014,Winter,Ragi,22,17.2,0.781818182
Odisha,KHORDHA,2014,Winter,Rapeseed &Mustard,123,16.9,0.137398374
Odisha,KHORDHA,2014,Winter,Rice,101000,219000,2.168316832
Odisha,KHORDHA,2014,Winter,Sesamum,5,2,0.4
Odisha,KHORDHA,2014,Winter,Sugarcane,92,5927.7,64.43152174
Odisha,KHORDHA,2014,Winter,Urad,1935,530.2,0.274005168
Odisha,KHORDHA,2015,Autumn,Maize,11,35.9,3.263636364
Odisha,KHORDHA,2015,Autumn,Ragi,1,0.7,0.7
Odisha,KHORDHA,2015,Summer,Groundnut,641,804.5,1.255070203
Odisha,KHORDHA,2015,Summer,Horse-gram,121,20.9,0.172727273
Odisha,KHORDHA,2015,Summer,Maize,6,11.8,1.966666667
Odisha,KHORDHA,2015,Summer,Moong(Green Gram),15579,3333.9,0.213999615
Odisha,KHORDHA,2015,Summer,Ragi,1,0.9,0.9
Odisha,KHORDHA,2015,Summer,Rice,1000,4000,4
Odisha,KHORDHA,2015,Summer,Sesamum,105,23.8,0.226666667
Odisha,KHORDHA,2015,Summer,Urad,243,57.8,0.237860082
Odisha,KHORDHA,2015,Winter,Horse-gram,350,141.1,0.403142857
Odisha,KHORDHA,2015,Winter,Moong(Green Gram),1144,298.6,0.261013986
Odisha,KHORDHA,2015,Winter,Potato,108,1393.7,12.90462963
Odisha,KHORDHA,2015,Winter,Ragi,5,3.1,0.62
Odisha,KHORDHA,2015,Winter,Rapeseed &Mustard,32,7.7,0.240625
Odisha,KHORDHA,2015,Winter,Rice,98000,138000,1.408163265
Odisha,KHORDHA,2015,Winter,Sesamum,5,1.1,0.22
Odisha,KHORDHA,2015,Winter,Sugarcane,354,23965.8,67.7
Odisha,KHORDHA,2015,Winter,Urad,1065,316.3,0.296995305
Odisha,KORAPUT,1997,Autumn,Arhar/Tur,2,1,0.5
Odisha,KORAPUT,1997,Autumn,Groundnut,17,30,1.764705882
Odisha,KORAPUT,1997,Autumn,Jute,120,140,1.166666667
Odisha,KORAPUT,1997,Autumn,Maize,3525,3980,1.129078014
Odisha,KORAPUT,1997,Autumn,Paddy,31072,28394,0.913813079
Odisha,KORAPUT,1997,Autumn,Ragi,12176,8317,0.683065046
Odisha,KORAPUT,1997,Autumn,Sesamum,6,1,0.166666667
Odisha,KORAPUT,1997,Autumn,Urad,15,4,0.266666667
Odisha,KORAPUT,1997,Rabi,Wheat,352,398,1.130681818
Odisha,KORAPUT,1997,Summer,Arhar/Tur,24,7,0.291666667
Odisha,KORAPUT,1997,Summer,Maize,384,334,0.869791667
Odisha,KORAPUT,1997,Summer,Paddy,3510,4425,1.260683761
Odisha,KORAPUT,1997,Summer,Ragi,29,19,0.655172414
Odisha,KORAPUT,1997,Whole Year,Potato,302,2718,9
Odisha,KORAPUT,1997,Winter,Arhar/Tur,21,3,0.142857143
Odisha,KORAPUT,1997,Winter,Horse-gram,3991,1217,0.304936106
Odisha,KORAPUT,1997,Winter,Paddy,75606,98803,1.306814274
Odisha,KORAPUT,1997,Winter,Ragi,21779,12675,0.581982644
Odisha,KORAPUT,1997,Winter,Sesamum,108,53,0.490740741
Odisha,KORAPUT,1997,Winter,Sugarcane,369,23007,62.3495935
Odisha,KORAPUT,1997,Winter,Urad,1624,359,0.221059113
Odisha,KORAPUT,1998,Autumn,Groundnut,11,9,0.818181818
Odisha,KORAPUT,1998,Autumn,Jute,1,6,6
Odisha,KORAPUT,1998,Autumn,Maize,3410,3860,1.131964809
Odisha,KORAPUT,1998,Autumn,Moong(Green Gram),4,1,0.25
Odisha,KORAPUT,1998,Autumn,Ragi,11374,7450,0.655002638
Odisha,KORAPUT,1998,Autumn,Rice,33224,26758,0.805381652
Odisha,KORAPUT,1998,Summer,Groundnut,54,71,1.314814815
Odisha,KORAPUT,1998,Summer,Maize,91,76,0.835164835
Odisha,KORAPUT,1998,Summer,Moong(Green Gram),94,14,0.14893617
Odisha,KORAPUT,1998,Summer,Ragi,75,46,0.613333333
Odisha,KORAPUT,1998,Summer,Rice,13055,20598,1.577786289
Odisha,KORAPUT,1998,Summer,Sesamum,3,1,0.333333333
Odisha,KORAPUT,1998,Summer,Urad,11,7,0.636363636
Odisha,KORAPUT,1998,Summer,Wheat,21,21,1
Odisha,KORAPUT,1998,Winter,Groundnut,60,62,1.033333333
Odisha,KORAPUT,1998,Winter,Horse-gram,3254,901,0.276889982
Odisha,KORAPUT,1998,Winter,Maize,162,70,0.432098765
Odisha,KORAPUT,1998,Winter,Moong(Green Gram),8,,
Odisha,KORAPUT,1998,Winter,Potato,105,944,8.99047619
Odisha,KORAPUT,1998,Winter,Ragi,23816,15503,0.650948942
Odisha,KORAPUT,1998,Winter,Rapeseed &Mustard,354,38,0.107344633
Odisha,KORAPUT,1998,Winter,Rice,82464,150054,1.819630384
Odisha,KORAPUT,1998,Winter,Sesamum,54,11,0.203703704
Odisha,KORAPUT,1998,Winter,Sugarcane,1481,98216,66.31735314
Odisha,KORAPUT,1998,Winter,Urad,1244,306,0.245980707
Odisha,KORAPUT,1999,Autumn,Rice,32000,25000,0.78125
Odisha,KORAPUT,1999,Kharif,Arhar/Tur,6830,2050,0.300146413
Odisha,KORAPUT,1999,Kharif,Bajra,620,370,0.596774194
Odisha,KORAPUT,1999,Kharif,Castor seed,1050,230,0.219047619
Odisha,KORAPUT,1999,Kharif,Cotton(lint),700,1110,1.585714286
Odisha,KORAPUT,1999,Kharif,Dry chillies,3500,2910,0.831428571
Odisha,KORAPUT,1999,Kharif,Dry ginger,1150,2390,2.07826087
Odisha,KORAPUT,1999,Kharif,Groundnut,160,120,0.75
Odisha,KORAPUT,1999,Kharif,Jowar,2000,1450,0.725
Odisha,KORAPUT,1999,Kharif,Maize,16550,14520,0.87734139
Odisha,KORAPUT,1999,Kharif,Mesta,1060,3590,3.386792453
Odisha,KORAPUT,1999,Kharif,Moong(Green Gram),360,90,0.25
Odisha,KORAPUT,1999,Kharif,Niger seed,46430,12540,0.270083997
Odisha,KORAPUT,1999,Kharif,Ragi,71750,48930,0.68195122
Odisha,KORAPUT,1999,Kharif,Sesamum,330,70,0.212121212
Odisha,KORAPUT,1999,Kharif,Small millets,17870,8850,0.495243425
Odisha,KORAPUT,1999,Kharif,Sweet potato,5040,48240,9.571428571
Odisha,KORAPUT,1999,Kharif,Turmeric,1220,3200,2.62295082
Odisha,KORAPUT,1999,Kharif,Urad,2930,570,0.194539249
Odisha,KORAPUT,1999,Rabi,Castor seed,1250,540,0.432
Odisha,KORAPUT,1999,Rabi,Coriander,500,270,0.54
Odisha,KORAPUT,1999,Rabi,Dry chillies,1150,950,0.826086957
Odisha,KORAPUT,1999,Rabi,Garlic,670,2200,3.28358209
Odisha,KORAPUT,1999,Rabi,Gram,980,340,0.346938776
Odisha,KORAPUT,1999,Rabi,Groundnut,260,250,0.961538462
Odisha,KORAPUT,1999,Rabi,Horse-gram,2450,580,0.236734694
Odisha,KORAPUT,1999,Rabi,Linseed,360,80,0.222222222
Odisha,KORAPUT,1999,Rabi,Maize,2270,2100,0.925110132
Odisha,KORAPUT,1999,Rabi,Moong(Green Gram),650,210,0.323076923
Odisha,KORAPUT,1999,Rabi,Ragi,480,200,0.416666667
Odisha,KORAPUT,1999,Rabi,Rapeseed &Mustard,2900,960,0.331034483
Odisha,KORAPUT,1999,Rabi,Safflower,320,70,0.21875
Odisha,KORAPUT,1999,Rabi,Sesamum,320,110,0.34375
Odisha,KORAPUT,1999,Rabi,Sunflower,90,20,0.222222222
Odisha,KORAPUT,1999,Rabi,Urad,850,290,0.341176471
Odisha,KORAPUT,1999,Rabi,Wheat,100,100,1
Odisha,KORAPUT,1999,Summer,Rice,17310,34330,1.983246678
Odisha,KORAPUT,1999,Whole Year,Onion,1430,7110,4.972027972
Odisha,KORAPUT,1999,Whole Year,Potato,220,2090,9.5
Odisha,KORAPUT,1999,Whole Year,Sannhamp,290,2530,8.724137931
Odisha,KORAPUT,1999,Whole Year,Tobacco,1580,970,0.613924051
Odisha,KORAPUT,1999,Winter,Rice,83000,126000,1.518072289
Odisha,KORAPUT,1999,Winter,Sugarcane,1840,153470,83.4076087
Odisha,KORAPUT,2000,Autumn,Rice,37730,31310,0.829843626
Odisha,KORAPUT,2000,Kharif,Arhar/Tur,5740,2040,0.355400697
Odisha,KORAPUT,2000,Kharif,Bajra,620,390,0.629032258
Odisha,KORAPUT,2000,Kharif,Castor seed,1010,240,0.237623762
Odisha,KORAPUT,2000,Kharif,Cotton(lint),520,1760,3.384615385
Odisha,KORAPUT,2000,Kharif,Dry ginger,1040,2150,2.067307692
Odisha,KORAPUT,2000,Kharif,Groundnut,68,121,1.779411765
Odisha,KORAPUT,2000,Kharif,Horse-gram,2829,596.9,0.210993284
Odisha,KORAPUT,2000,Kharif,Jowar,1860,1480,0.795698925
Odisha,KORAPUT,2000,Kharif,Maize,4456,4981.7,1.117975763
Odisha,KORAPUT,2000,Kharif,Mesta,820,2910,3.548780488
Odisha,KORAPUT,2000,Kharif,Moong(Green Gram),197,42.1,0.213705584
Odisha,KORAPUT,2000,Kharif,Niger seed,44770,10830,0.24190306
Odisha,KORAPUT,2000,Kharif,Ragi,37598,20551.5,0.546611522
Odisha,KORAPUT,2000,Kharif,Sesamum,113,27.7,0.245132743
Odisha,KORAPUT,2000,Kharif,Small millets,17810,6770,0.380123526
Odisha,KORAPUT,2000,Kharif,Urad,1060,208.5,0.196698113
Odisha,KORAPUT,2000,Rabi,Castor seed,1750,530,0.302857143
Odisha,KORAPUT,2000,Rabi,Gram,810,260,0.320987654
Odisha,KORAPUT,2000,Rabi,Linseed,160,40,0.25
Odisha,KORAPUT,2000,Rabi,Niger seed,7510,1890,0.251664447
Odisha,KORAPUT,2000,Rabi,Other  Rabi pulses,391,144,0.368286445
Odisha,KORAPUT,2000,Rabi,Rapeseed &Mustard,614,58.9,0.095928339
Odisha,KORAPUT,2000,Rabi,Sunflower,50,10,0.2
Odisha,KORAPUT,2000,Rabi,Wheat,25,44.5,1.78
Odisha,KORAPUT,2000,Summer,Rice,16020,27110,1.692259675
Odisha,KORAPUT,2000,Whole Year,Coriander,280,140,0.5
Odisha,KORAPUT,2000,Whole Year,Dry chillies,4870,4280,0.878850103
Odisha,KORAPUT,2000,Whole Year,Garlic,150,480,3.2
Odisha,KORAPUT,2000,Whole Year,Onion,690,6540,9.47826087
Odisha,KORAPUT,2000,Whole Year,Potato,242,2187.7,9.040082645
Odisha,KORAPUT,2000,Whole Year,Sannhamp,190,1610,8.473684211
Odisha,KORAPUT,2000,Whole Year,Sugarcane,2939,182658.9,62.15001701
Odisha,KORAPUT,2000,Whole Year,Sweet potato,5120,38920,7.6015625
Odisha,KORAPUT,2000,Whole Year,Tobacco,1560,950,0.608974359
Odisha,KORAPUT,2000,Whole Year,Turmeric,1100,2680,2.436363636
Odisha,KORAPUT,2000,Winter,Rice,98690,169300,1.715472692
Odisha,KORAPUT,2001,Kharif,Arhar/Tur,5460,1930,0.353479853
Odisha,KORAPUT,2001,Kharif,Bajra,590,340,0.576271186
Odisha,KORAPUT,2001,Kharif,Castor seed,950,210,0.221052632
Odisha,KORAPUT,2001,Kharif,Dry ginger,1260,2590,2.055555556
Odisha,KORAPUT,2001,Kharif,Groundnut,123,178,1.447154472
Odisha,KORAPUT,2001,Kharif,Horse-gram,4020,1250.2,0.310995025
Odisha,KORAPUT,2001,Kharif,Jowar,1790,950,0.530726257
Odisha,KORAPUT,2001,Kharif,Maize,3244,2879.8,0.887731196
Odisha,KORAPUT,2001,Kharif,Moong(Green Gram),147,52.3,0.355782313
Odisha,KORAPUT,2001,Kharif,Niger seed,39630,8160,0.205904618
Odisha,KORAPUT,2001,Kharif,Other Kharif pulses,1280,360,0.28125
Odisha,KORAPUT,2001,Kharif,Ragi,37928,22526.8,0.593935879
Odisha,KORAPUT,2001,Kharif,Rice,141000,213000,1.510638298
Odisha,KORAPUT,2001,Kharif,Sesamum,253,89.3,0.352964427
Odisha,KORAPUT,2001,Kharif,Small millets,17150,8730,0.509037901
Odisha,KORAPUT,2001,Kharif,Sunflower,20,10,0.5
Odisha,KORAPUT,2001,Kharif,Urad,2345,640.1,0.272963753
Odisha,KORAPUT,2001,Rabi,Castor seed,1320,460,0.348484848
Odisha,KORAPUT,2001,Rabi,Gram,1180,370,0.313559322
Odisha,KORAPUT,2001,Rabi,Linseed,230,50,0.217391304
Odisha,KORAPUT,2001,Rabi,Niger seed,3910,1110,0.283887468
Odisha,KORAPUT,2001,Rabi,Other  Rabi pulses,4030,1480,0.367245658
Odisha,KORAPUT,2001,Rabi,Rapeseed &Mustard,110,19.6,0.178181818
Odisha,KORAPUT,2001,Rabi,Safflower,360,90,0.25
Odisha,KORAPUT,2001,Rabi,Sunflower,300,70,0.233333333
Odisha,KORAPUT,2001,Rabi,Wheat,12,20.3,1.691666667
Odisha,KORAPUT,2001,Whole Year,Coriander,570,280,0.49122807
Odisha,KORAPUT,2001,Whole Year,Dry chillies,4970,4370,0.879275654
Odisha,KORAPUT,2001,Whole Year,Garlic,160,510,3.1875
Odisha,KORAPUT,2001,Whole Year,Onion,810,7860,9.703703704
Odisha,KORAPUT,2001,Whole Year,Potato,179,1404.4,7.845810056
Odisha,KORAPUT,2001,Whole Year,Sugarcane,1201,78415.7,65.29200666
Odisha,KORAPUT,2001,Whole Year,Sweet potato,5240,41890,7.994274809
Odisha,KORAPUT,2001,Whole Year,Tobacco,1510,1350,0.894039735
Odisha,KORAPUT,2001,Whole Year,Turmeric,1170,280,0.239316239
Odisha,KORAPUT,2002,Kharif,Arhar/Tur,5410,1830,0.338262477
Odisha,KORAPUT,2002,Kharif,Bajra,490,270,0.551020408
Odisha,KORAPUT,2002,Kharif,Castor seed,1000,240,0.24
Odisha,KORAPUT,2002,Kharif,Dry ginger,1250,2520,2.016
Odisha,KORAPUT,2002,Kharif,Groundnut,24,33.1,1.379166667
Odisha,KORAPUT,2002,Kharif,Horse-gram,3104,537,0.173002577
Odisha,KORAPUT,2002,Kharif,Jowar,1750,1160,0.662857143
Odisha,KORAPUT,2002,Kharif,Maize,4115,4073.4,0.989890644
Odisha,KORAPUT,2002,Kharif,Moong(Green Gram),51,14.4,0.282352941
Odisha,KORAPUT,2002,Kharif,Niger seed,37250,5810,0.155973154
Odisha,KORAPUT,2002,Kharif,Other Kharif pulses,1440,410,0.284722222
Odisha,KORAPUT,2002,Kharif,Ragi,37255,17696.8,0.475018118
Odisha,KORAPUT,2002,Kharif,Rice,127000,134000,1.05511811
Odisha,KORAPUT,2002,Kharif,Sesamum,180,55.4,0.307777778
Odisha,KORAPUT,2002,Kharif,Small millets,8380,2220,0.264916468
Odisha,KORAPUT,2002,Kharif,Sunflower,20,10,0.5
Odisha,KORAPUT,2002,Kharif,Urad,1687,229.9,0.136277416
Odisha,KORAPUT,2002,Rabi,Castor seed,1090,320,0.293577982
Odisha,KORAPUT,2002,Rabi,Gram,900,250,0.277777778
Odisha,KORAPUT,2002,Rabi,Linseed,200,40,0.2
Odisha,KORAPUT,2002,Rabi,Niger seed,2220,340,0.153153153
Odisha,KORAPUT,2002,Rabi,Other  Rabi pulses,4580,1870,0.408296943
Odisha,KORAPUT,2002,Rabi,Rapeseed &Mustard,223,23.4,0.104932735
Odisha,KORAPUT,2002,Rabi,Safflower,210,40,0.19047619
Odisha,KORAPUT,2002,Rabi,Sunflower,200,50,0.25
Odisha,KORAPUT,2002,Whole Year,Coriander,480,230,0.479166667
Odisha,KORAPUT,2002,Whole Year,Dry chillies,4900,3870,0.789795918
Odisha,KORAPUT,2002,Whole Year,Garlic,150,470,3.133333333
Odisha,KORAPUT,2002,Whole Year,Onion,850,8250,9.705882353
Odisha,KORAPUT,2002,Whole Year,Potato,161,1302.3,8.088819876
Odisha,KORAPUT,2002,Whole Year,Sugarcane,400,25856,64.64
Odisha,KORAPUT,2002,Whole Year,Sweet potato,5490,44990,8.194899818
Odisha,KORAPUT,2002,Whole Year,Tobacco,1520,840,0.552631579
Odisha,KORAPUT,2002,Whole Year,Turmeric,1170,2810,2.401709402
Odisha,KORAPUT,2003,Kharif,Arhar/Tur,5360,2130,0.39738806
Odisha,KORAPUT,2003,Kharif,Bajra,430,240,0.558139535
Odisha,KORAPUT,2003,Kharif,Castor seed,1000,240,0.24
Odisha,KORAPUT,2003,Kharif,Dry ginger,2040,4100,2.009803922
Odisha,KORAPUT,2003,Kharif,Groundnut,95,70.6,0.743157895
Odisha,KORAPUT,2003,Kharif,Horse-gram,3502,1106.6,0.315990862
Odisha,KORAPUT,2003,Kharif,Jowar,1690,1160,0.686390533
Odisha,KORAPUT,2003,Kharif,Maize,3741,3535.6,0.945094894
Odisha,KORAPUT,2003,Kharif,Moong(Green Gram),193,37.5,0.194300518
Odisha,KORAPUT,2003,Kharif,Niger seed,41720,8550,0.20493768
Odisha,KORAPUT,2003,Kharif,Other Kharif pulses,1460,440,0.301369863
Odisha,KORAPUT,2003,Kharif,Ragi,31078,21394.8,0.688422678
Odisha,KORAPUT,2003,Kharif,Rice,125000,199000,1.592
Odisha,KORAPUT,2003,Kharif,Sesamum,133,55.5,0.417293233
Odisha,KORAPUT,2003,Kharif,Small millets,5970,2080,0.34840871
Odisha,KORAPUT,2003,Kharif,Sunflower,60,40,0.666666667
Odisha,KORAPUT,2003,Kharif,Urad,935,232.8,0.248983957
Odisha,KORAPUT,2003,Rabi,Castor seed,1000,290,0.29
Odisha,KORAPUT,2003,Rabi,Gram,1240,310,0.25
Odisha,KORAPUT,2003,Rabi,Linseed,220,50,0.227272727
Odisha,KORAPUT,2003,Rabi,Niger seed,4320,830,0.19212963
Odisha,KORAPUT,2003,Rabi,Other  Rabi pulses,6130,2370,0.386623165
Odisha,KORAPUT,2003,Rabi,Rapeseed &Mustard,18,4,0.222222222
Odisha,KORAPUT,2003,Rabi,Safflower,300,60,0.2
Odisha,KORAPUT,2003,Rabi,Sunflower,280,190,0.678571429
Odisha,KORAPUT,2003,Rabi,Wheat,6,5.8,0.966666667
Odisha,KORAPUT,2003,Whole Year,Coriander,500,240,0.48
Odisha,KORAPUT,2003,Whole Year,Dry chillies,4060,3210,0.790640394
Odisha,KORAPUT,2003,Whole Year,Garlic,170,540,3.176470588
Odisha,KORAPUT,2003,Whole Year,Onion,930,8980,9.655913978
Odisha,KORAPUT,2003,Whole Year,Potato,281,2749.3,9.783985765
Odisha,KORAPUT,2003,Whole Year,Sugarcane,1626,88148.7,54.21199262
Odisha,KORAPUT,2003,Whole Year,Sweet potato,5400,44920,8.318518519
Odisha,KORAPUT,2003,Whole Year,Tobacco,1890,1240,0.656084656
Odisha,KORAPUT,2003,Whole Year,Turmeric,3080,7380,2.396103896
Odisha,KORAPUT,2004,Autumn,Groundnut,96,85.2,0.8875
Odisha,KORAPUT,2004,Autumn,Maize,2696,2967.6,1.10074184
Odisha,KORAPUT,2004,Autumn,Moong(Green Gram),139,24.9,0.179136691
Odisha,KORAPUT,2004,Autumn,Ragi,6042,4138.8,0.685004965
Odisha,KORAPUT,2004,Autumn,Rice,26000,24000,0.923076923
Odisha,KORAPUT,2004,Autumn,Urad,20,8.2,0.41
Odisha,KORAPUT,2004,Kharif,Bajra,420,242,0.576190476
Odisha,KORAPUT,2004,Kharif,Castor seed,1002,240,0.239520958
Odisha,KORAPUT,2004,Kharif,Dry ginger,2180,4386,2.011926606
Odisha,KORAPUT,2004,Kharif,Jowar,1790,1108,0.618994413
Odisha,KORAPUT,2004,Kharif,Small millets,5723,2089,0.365018347
Odisha,KORAPUT,2004,Rabi,Castor seed,600,170,0.283333333
Odisha,KORAPUT,2004,Rabi,Gram,1363,368,0.269992663
Odisha,KORAPUT,2004,Rabi,Linseed,230,50,0.217391304
Odisha,KORAPUT,2004,Rabi,Niger seed,43399,11147,0.256849236
Odisha,KORAPUT,2004,Rabi,Other  Rabi pulses,5758,2234,0.387981938
Odisha,KORAPUT,2004,Rabi,Safflower,350,233,0.665714286
Odisha,KORAPUT,2004,Rabi,Sunflower,282,184,0.65248227
Odisha,KORAPUT,2004,Summer,Groundnut,2,1.9,0.95
Odisha,KORAPUT,2004,Summer,Maize,156,188.7,1.209615385
Odisha,KORAPUT,2004,Summer,Moong(Green Gram),6,4,0.666666667
Odisha,KORAPUT,2004,Summer,Ragi,19,10.8,0.568421053
Odisha,KORAPUT,2004,Summer,Rice,18000,35000,1.944444444
Odisha,KORAPUT,2004,Summer,Urad,4,0.3,0.075
Odisha,KORAPUT,2004,Summer,Wheat,50,121.3,2.426
Odisha,KORAPUT,2004,Whole Year,Coriander,493,238,0.482758621
Odisha,KORAPUT,2004,Whole Year,Dry chillies,3547,2800,0.789399493
Odisha,KORAPUT,2004,Whole Year,Garlic,270,854,3.162962963
Odisha,KORAPUT,2004,Whole Year,Onion,1148,11138,9.702090592
Odisha,KORAPUT,2004,Whole Year,Sweet potato,5459,45421,8.32038835
Odisha,KORAPUT,2004,Whole Year,Tobacco,1846,1218,0.659804984
Odisha,KORAPUT,2004,Whole Year,Turmeric,2907,6976,2.399724802
Odisha,KORAPUT,2004,Winter,Groundnut,7,6.3,0.9
Odisha,KORAPUT,2004,Winter,Horse-gram,3558,1046.1,0.294013491
Odisha,KORAPUT,2004,Winter,Maize,1,3.3,3.3
Odisha,KORAPUT,2004,Winter,Moong(Green Gram),3,1.5,0.5
Odisha,KORAPUT,2004,Winter,Potato,183,1719.1,9.393989071
Odisha,KORAPUT,2004,Winter,Ragi,24128,16117.5,0.667999834
Odisha,KORAPUT,2004,Winter,Rapeseed &Mustard,122,18.3,0.15
Odisha,KORAPUT,2004,Winter,Rice,88000,150000,1.704545455
Odisha,KORAPUT,2004,Winter,Sesamum,218,63.9,0.293119266
Odisha,KORAPUT,2004,Winter,Sugarcane,1205,113979.7,94.58896266
Odisha,KORAPUT,2004,Winter,Urad,1069,240.5,0.224976614
Odisha,KORAPUT,2005,Autumn,Groundnut,99,70.9,0.716161616
Odisha,KORAPUT,2005,Autumn,Maize,2837,3066,1.080719069
Odisha,KORAPUT,2005,Autumn,Ragi,7627,4888.9,0.640999082
Odisha,KORAPUT,2005,Autumn,Rice,27000,23000,0.851851852
Odisha,KORAPUT,2005,Autumn,Urad,75,16.1,0.214666667
Odisha,KORAPUT,2005,Summer,Groundnut,182,131.2,0.720879121
Odisha,KORAPUT,2005,Summer,Maize,122,161.6,1.324590164
Odisha,KORAPUT,2005,Summer,Moong(Green Gram),241,74.5,0.309128631
Odisha,KORAPUT,2005,Summer,Ragi,13,11,0.846153846
Odisha,KORAPUT,2005,Summer,Rice,17000,40000,2.352941176
Odisha,KORAPUT,2005,Summer,Wheat,31,50.9,1.641935484
Odisha,KORAPUT,2005,Winter,Groundnut,54,43.8,0.811111111
Odisha,KORAPUT,2005,Winter,Horse-gram,3020,957.3,0.316986755
Odisha,KORAPUT,2005,Winter,Maize,4,4.5,1.125
Odisha,KORAPUT,2005,Winter,Moong(Green Gram),64,16.3,0.2546875
Odisha,KORAPUT,2005,Winter,Potato,233,2053.2,8.812017167
Odisha,KORAPUT,2005,Winter,Ragi,24589,15589.4,0.633998943
Odisha,KORAPUT,2005,Winter,Rapeseed &Mustard,122,23.1,0.189344262
Odisha,KORAPUT,2005,Winter,Rice,94000,160000,1.70212766
Odisha,KORAPUT,2005,Winter,Sesamum,317,80.5,0.253943218
Odisha,KORAPUT,2005,Winter,Sugarcane,3615,306960.5,84.91300138
Odisha,KORAPUT,2005,Winter,Urad,1765,423.6,0.24
Odisha,KORAPUT,2006,Autumn,Groundnut,29,19.5,0.672413793
Odisha,KORAPUT,2006,Autumn,Maize,2760,3109.2,1.126521739
Odisha,KORAPUT,2006,Autumn,Ragi,6853,4475,0.652998687
Odisha,KORAPUT,2006,Autumn,Rice,24000,27000,1.125
Odisha,KORAPUT,2006,Autumn,Urad,186,110.1,0.591935484
Odisha,KORAPUT,2006,Summer,Groundnut,154,134.1,0.870779221
Odisha,KORAPUT,2006,Summer,Maize,96,140.8,1.466666667
Odisha,KORAPUT,2006,Summer,Moong(Green Gram),164,14.6,0.08902439
Odisha,KORAPUT,2006,Summer,Ragi,11,4.9,0.445454545
Odisha,KORAPUT,2006,Summer,Rice,18000,33000,1.833333333
Odisha,KORAPUT,2006,Summer,Wheat,1,2,2
Odisha,KORAPUT,2006,Winter,Groundnut,6,5.6,0.933333333
Odisha,KORAPUT,2006,Winter,Horse-gram,2957,928.5,0.314000676
Odisha,KORAPUT,2006,Winter,Moong(Green Gram),68,11.4,0.167647059
Odisha,KORAPUT,2006,Winter,Potato,304,3019.6,9.932894737
Odisha,KORAPUT,2006,Winter,Ragi,24003,17834.2,0.742998792
Odisha,KORAPUT,2006,Winter,Rapeseed &Mustard,139,27,0.194244604
Odisha,KORAPUT,2006,Winter,Rice,90000,161000,1.788888889
Odisha,KORAPUT,2006,Winter,Sesamum,312,96.4,0.308974359
Odisha,KORAPUT,2006,Winter,Sugarcane,3656,274006.2,74.94699125
Odisha,KORAPUT,2006,Winter,Urad,1638,407.9,0.249023199
Odisha,KORAPUT,2007,Autumn,Groundnut,34,17.6,0.517647059
Odisha,KORAPUT,2007,Autumn,Maize,3336,4488.4,1.345443645
Odisha,KORAPUT,2007,Autumn,Ragi,7620,5448.3,0.715
Odisha,KORAPUT,2007,Autumn,Rice,25000,30000,1.2
Odisha,KORAPUT,2007,Autumn,Urad,111,24.1,0.217117117
Odisha,KORAPUT,2007,Summer,Groundnut,87,150.6,1.731034483
Odisha,KORAPUT,2007,Summer,Maize,226,324.6,1.436283186
Odisha,KORAPUT,2007,Summer,Moong(Green Gram),50,11.9,0.238
Odisha,KORAPUT,2007,Summer,Ragi,6,4.3,0.716666667
Odisha,KORAPUT,2007,Summer,Rice,19000,37000,1.947368421
Odisha,KORAPUT,2007,Summer,Wheat,67,85.2,1.271641791
Odisha,KORAPUT,2007,Winter,Groundnut,92,99.9,1.085869565
Odisha,KORAPUT,2007,Winter,Horse-gram,3527,1104,0.313013893
Odisha,KORAPUT,2007,Winter,Moong(Green Gram),17,3.7,0.217647059
Odisha,KORAPUT,2007,Winter,Potato,541,4566.6,8.44103512
Odisha,KORAPUT,2007,Winter,Ragi,24560,19181.4,0.781001629
Odisha,KORAPUT,2007,Winter,Rapeseed &Mustard,48,12.6,0.2625
Odisha,KORAPUT,2007,Winter,Rice,86000,178000,2.069767442
Odisha,KORAPUT,2007,Winter,Sesamum,317,102.1,0.322082019
Odisha,KORAPUT,2007,Winter,Sugarcane,2450,158199,64.57102041
Odisha,KORAPUT,2007,Winter,Urad,2241,591.6,0.26398929
Odisha,KORAPUT,2008,Autumn,Groundnut,232,195.6,0.843103448
Odisha,KORAPUT,2008,Autumn,Maize,2535,3114.7,1.228678501
Odisha,KORAPUT,2008,Autumn,Ragi,8128,5681.5,0.699003445
Odisha,KORAPUT,2008,Autumn,Rice,24000,23000,0.958333333
Odisha,KORAPUT,2008,Autumn,Urad,200,83.6,0.418
Odisha,KORAPUT,2008,Summer,Groundnut,206,155.9,0.756796117
Odisha,KORAPUT,2008,Summer,Maize,186,287.5,1.545698925
Odisha,KORAPUT,2008,Summer,Ragi,2,1.6,0.8
Odisha,KORAPUT,2008,Summer,Rice,16000,36000,2.25
Odisha,KORAPUT,2008,Summer,Wheat,76,123.2,1.621052632
Odisha,KORAPUT,2008,Winter,Groundnut,35,30.5,0.871428571
Odisha,KORAPUT,2008,Winter,Horse-gram,2542,808.4,0.318017309
Odisha,KORAPUT,2008,Winter,Maize,2,3.6,1.8
Odisha,KORAPUT,2008,Winter,Moong(Green Gram),2,0.8,0.4
Odisha,KORAPUT,2008,Winter,Potato,644,5664.6,8.795962733
Odisha,KORAPUT,2008,Winter,Ragi,22948,14572,0.635000872
Odisha,KORAPUT,2008,Winter,Rapeseed &Mustard,71,9.7,0.136619718
Odisha,KORAPUT,2008,Winter,Rice,91000,150000,1.648351648
Odisha,KORAPUT,2008,Winter,Sesamum,334,87.5,0.261976048
Odisha,KORAPUT,2008,Winter,Sugarcane,1788,118528.3,66.29099553
Odisha,KORAPUT,2008,Winter,Urad,1951,476,0.243977447
Odisha,KORAPUT,2009,Autumn,Groundnut,250,189.8,0.7592
Odisha,KORAPUT,2009,Autumn,Maize,2965,3826.3,1.290489039
Odisha,KORAPUT,2009,Autumn,Moong(Green Gram),4,5.4,1.35
Odisha,KORAPUT,2009,Autumn,Ragi,6858,4066.8,0.593000875
Odisha,KORAPUT,2009,Autumn,Rice,23000,18000,0.782608696
Odisha,KORAPUT,2009,Autumn,Urad,1,0.2,0.2
Odisha,KORAPUT,2009,Summer,Groundnut,75,53.8,0.717333333
Odisha,KORAPUT,2009,Summer,Maize,297,468.4,1.577104377
Odisha,KORAPUT,2009,Summer,Moong(Green Gram),77,15.2,0.197402597
Odisha,KORAPUT,2009,Summer,Ragi,9,6.6,0.733333333
Odisha,KORAPUT,2009,Summer,Rice,9000,17000,1.888888889
Odisha,KORAPUT,2009,Summer,Urad,24,5,0.208333333
Odisha,KORAPUT,2009,Summer,Wheat,26,38.3,1.473076923
Odisha,KORAPUT,2009,Winter,Groundnut,35,26.1,0.745714286
Odisha,KORAPUT,2009,Winter,Horse-gram,2778,819.5,0.2949964
Odisha,KORAPUT,2009,Winter,Maize,16,18.2,1.1375
Odisha,KORAPUT,2009,Winter,Moong(Green Gram),12,4.5,0.375
Odisha,KORAPUT,2009,Winter,Potato,487,4207.2,8.639014374
Odisha,KORAPUT,2009,Winter,Ragi,22146,15015,0.678000542
Odisha,KORAPUT,2009,Winter,Rapeseed &Mustard,80,10.6,0.1325
Odisha,KORAPUT,2009,Winter,Rice,85000,121000,1.423529412
Odisha,KORAPUT,2009,Winter,Sesamum,493,158.3,0.321095335
Odisha,KORAPUT,2009,Winter,Sugarcane,1071,90103.2,84.12997199
Odisha,KORAPUT,2009,Winter,Urad,2034,437.3,0.214995084
Odisha,KORAPUT,2010,Autumn,Groundnut,114,91.2,0.8
Odisha,KORAPUT,2010,Autumn,Maize,4596,7669.9,1.668820714
Odisha,KORAPUT,2010,Autumn,Ragi,10006,7394.4,0.738996602
Odisha,KORAPUT,2010,Autumn,Rice,29000,35000,1.206896552
Odisha,KORAPUT,2010,Summer,Groundnut,273,220.9,0.809157509
Odisha,KORAPUT,2010,Summer,Maize,385,747.7,1.942077922
Odisha,KORAPUT,2010,Summer,Moong(Green Gram),71,22.6,0.318309859
Odisha,KORAPUT,2010,Summer,Ragi,59,40.1,0.679661017
Odisha,KORAPUT,2010,Summer,Rice,20000,41000,2.05
Odisha,KORAPUT,2010,Summer,Urad,3,1,0.333333333
Odisha,KORAPUT,2010,Summer,Wheat,16,21.5,1.34375
Odisha,KORAPUT,2010,Winter,Groundnut,132,145.3,1.100757576
Odisha,KORAPUT,2010,Winter,Horse-gram,3042,1238.1,0.407001972
Odisha,KORAPUT,2010,Winter,Maize,19,33.7,1.773684211
Odisha,KORAPUT,2010,Winter,Moong(Green Gram),46,21.5,0.467391304
Odisha,KORAPUT,2010,Winter,Potato,384,3790.5,9.87109375
Odisha,KORAPUT,2010,Winter,Ragi,24866,18550,0.745998552
Odisha,KORAPUT,2010,Winter,Rapeseed &Mustard,81,19,0.234567901
Odisha,KORAPUT,2010,Winter,Rice,85000,174000,2.047058824
Odisha,KORAPUT,2010,Winter,Sesamum,504,168.3,0.333928571
Odisha,KORAPUT,2010,Winter,Sugarcane,3245,285381.5,87.9449923
Odisha,KORAPUT,2010,Winter,Urad,2336,637.7,0.272988014
Odisha,KORAPUT,2011,Autumn,Groundnut,139,139.4,1.002877698
Odisha,KORAPUT,2011,Autumn,Maize,5529,9789.4,1.770555254
Odisha,KORAPUT,2011,Autumn,Ragi,7457,4996.2,0.670001341
Odisha,KORAPUT,2011,Autumn,Rice,24000,22000,0.916666667
Odisha,KORAPUT,2011,Autumn,Urad,3,0.3,0.1
Odisha,KORAPUT,2011,Summer,Groundnut,155,245.8,1.585806452
Odisha,KORAPUT,2011,Summer,Maize,361,695.4,1.926315789
Odisha,KORAPUT,2011,Summer,Moong(Green Gram),96,46.2,0.48125
Odisha,KORAPUT,2011,Summer,Ragi,20,12.8,0.64
Odisha,KORAPUT,2011,Summer,Rice,13000,31000,2.384615385
Odisha,KORAPUT,2011,Summer,Urad,4,0.5,0.125
Odisha,KORAPUT,2011,Summer,Wheat,6,9.7,1.616666667
Odisha,KORAPUT,2011,Winter,Groundnut,65,64.2,0.987692308
Odisha,KORAPUT,2011,Winter,Horse-gram,2104,549.1,0.260979087
Odisha,KORAPUT,2011,Winter,Maize,13,29.2,2.246153846
Odisha,KORAPUT,2011,Winter,Moong(Green Gram),28,9.4,0.335714286
Odisha,KORAPUT,2011,Winter,Niger seed,17824,2727.1,0.153001571
Odisha,KORAPUT,2011,Winter,Potato,381,3395.9,8.91312336
Odisha,KORAPUT,2011,Winter,Ragi,22293,12751.6,0.572000179
Odisha,KORAPUT,2011,Winter,Rapeseed &Mustard,51,7.2,0.141176471
Odisha,KORAPUT,2011,Winter,Rice,81000,119000,1.469135802
Odisha,KORAPUT,2011,Winter,Sesamum,242,70.7,0.29214876
Odisha,KORAPUT,2011,Winter,Sugarcane,1620,123162.1,76.02598765
Odisha,KORAPUT,2011,Winter,Urad,1667,316.7,0.189982004
Odisha,KORAPUT,2012,Autumn,Groundnut,115,115.8,1.006956522
Odisha,KORAPUT,2012,Autumn,Maize,6286,10829.7,1.722828508
Odisha,KORAPUT,2012,Autumn,Ragi,7343,5617.4,0.765000681
Odisha,KORAPUT,2012,Autumn,Rice,23000,28000,1.217391304
Odisha,KORAPUT,2012,Autumn,Urad,8,1,0.125
Odisha,KORAPUT,2012,Summer,Groundnut,329,273.4,0.83100304
Odisha,KORAPUT,2012,Summer,Maize,282,613.4,2.175177305
Odisha,KORAPUT,2012,Summer,Moong(Green Gram),466,322.5,0.692060086
Odisha,KORAPUT,2012,Summer,Ragi,5,4.3,0.86
Odisha,KORAPUT,2012,Summer,Rice,208000,34000,0.163461538
Odisha,KORAPUT,2012,Summer,Urad,30,10,0.333333333
Odisha,KORAPUT,2012,Summer,Wheat,4,7.1,1.775
Odisha,KORAPUT,2012,Winter,Groundnut,144,157.7,1.095138889
Odisha,KORAPUT,2012,Winter,Horse-gram,2400,1015.2,0.423
Odisha,KORAPUT,2012,Winter,Maize,53,62.1,1.171698113
Odisha,KORAPUT,2012,Winter,Moong(Green Gram),40,18.6,0.465
Odisha,KORAPUT,2012,Winter,Potato,402,3417,8.5
Odisha,KORAPUT,2012,Winter,Ragi,26599,22795.3,0.856998383
Odisha,KORAPUT,2012,Winter,Rapeseed &Mustard,41,7,0.170731707
Odisha,KORAPUT,2012,Winter,Rice,80000,180000,2.25
Odisha,KORAPUT,2012,Winter,Sesamum,260,100.6,0.386923077
Odisha,KORAPUT,2012,Winter,Sugarcane,2218,184455.5,83.16298467
Odisha,KORAPUT,2012,Winter,Urad,1887,635.9,0.336989931
Odisha,KORAPUT,2013,Autumn,Groundnut,33,36.9,1.118181818
Odisha,KORAPUT,2013,Autumn,Maize,4912,9699.4,1.97463355
Odisha,KORAPUT,2013,Autumn,Ragi,5963,4979.1,0.834999161
Odisha,KORAPUT,2013,Autumn,Rice,23000,32000,1.391304348
Odisha,KORAPUT,2013,Autumn,Urad,1,0.2,0.2
Odisha,KORAPUT,2013,Summer,Groundnut,193,250.3,1.296891192
Odisha,KORAPUT,2013,Summer,Maize,456,1038.3,2.276973684
Odisha,KORAPUT,2013,Summer,Moong(Green Gram),582,590.1,1.013917526
Odisha,KORAPUT,2013,Summer,Ragi,68,51.2,0.752941176
Odisha,KORAPUT,2013,Summer,Rice,21000,56000,2.666666667
Odisha,KORAPUT,2013,Summer,Wheat,1,3.5,3.5
Odisha,KORAPUT,2013,Winter,Groundnut,197,275.2,1.396954315
Odisha,KORAPUT,2013,Winter,Horse-gram,2829,1284.4,0.454012018
Odisha,KORAPUT,2013,Winter,Maize,11,38.6,3.509090909
Odisha,KORAPUT,2013,Winter,Moong(Green Gram),45,20.9,0.464444444
Odisha,KORAPUT,2013,Winter,Potato,880,8297.5,9.428977273
Odisha,KORAPUT,2013,Winter,Ragi,27955,25131.5,0.89899839
Odisha,KORAPUT,2013,Winter,Rapeseed &Mustard,63,16.2,0.257142857
Odisha,KORAPUT,2013,Winter,Rice,89000,267000,3
Odisha,KORAPUT,2013,Winter,Sesamum,235,99.4,0.422978723
Odisha,KORAPUT,2013,Winter,Sugarcane,3537,354750.5,100.2970031
Odisha,KORAPUT,2013,Winter,Urad,2110,732.2,0.347014218
Odisha,KORAPUT,2014,Autumn,Groundnut,186,142.5,0.766129032
Odisha,KORAPUT,2014,Autumn,Maize,4967,9892.3,1.99160459
Odisha,KORAPUT,2014,Autumn,Ragi,6811,4910.7,0.720995449
Odisha,KORAPUT,2014,Autumn,Rice,20000,23000,1.15
Odisha,KORAPUT,2014,Summer,Maize,501,1145.8,2.287025948
Odisha,KORAPUT,2014,Summer,Moong(Green Gram),87,50.3,0.57816092
Odisha,KORAPUT,2014,Summer,Ragi,13,9.9,0.761538462
Odisha,KORAPUT,2014,Summer,Rice,25000,61000,2.44
Odisha,KORAPUT,2014,Summer,Urad,4,2.5,0.625
Odisha,KORAPUT,2014,Winter,Groundnut,7,8.1,1.157142857
Odisha,KORAPUT,2014,Winter,Horse-gram,2160,704.2,0.326018519
Odisha,KORAPUT,2014,Winter,Moong(Green Gram),1,0.4,0.4
Odisha,KORAPUT,2014,Winter,Potato,1307,12317.2,9.424024484
Odisha,KORAPUT,2014,Winter,Ragi,24999,19274.2,0.77099884
Odisha,KORAPUT,2014,Winter,Rapeseed &Mustard,128,26.4,0.20625
Odisha,KORAPUT,2014,Winter,Rice,90000,191000,2.122222222
Odisha,KORAPUT,2014,Winter,Sesamum,403,152.3,0.377915633
Odisha,KORAPUT,2014,Winter,Sugarcane,3362,300606.5,89.41299822
Odisha,KORAPUT,2014,Winter,Urad,1932,531.3,0.275
Odisha,KORAPUT,2015,Autumn,Groundnut,519,527.3,1.015992293
Odisha,KORAPUT,2015,Autumn,Maize,2882,6097.6,2.115752949
Odisha,KORAPUT,2015,Autumn,Ragi,5927,3722.2,0.628007424
Odisha,KORAPUT,2015,Autumn,Rice,13000,13000,1
Odisha,KORAPUT,2015,Summer,Groundnut,90,130.4,1.448888889
Odisha,KORAPUT,2015,Summer,Maize,429,928.8,2.165034965
Odisha,KORAPUT,2015,Summer,Moong(Green Gram),145,69.7,0.480689655
Odisha,KORAPUT,2015,Summer,Ragi,23,16.7,0.726086957
Odisha,KORAPUT,2015,Summer,Rice,25000,64000,2.56
Odisha,KORAPUT,2015,Winter,Groundnut,439,592.7,1.350113895
Odisha,KORAPUT,2015,Winter,Horse-gram,1683,499.9,0.297029115
Odisha,KORAPUT,2015,Winter,Potato,1345,12013.5,8.93197026
Odisha,KORAPUT,2015,Winter,Ragi,20834,14542.1,0.697998464
Odisha,KORAPUT,2015,Winter,Rapeseed &Mustard,55,7.1,0.129090909
Odisha,KORAPUT,2015,Winter,Rice,84000,163000,1.94047619
Odisha,KORAPUT,2015,Winter,Sesamum,115,34.4,0.299130435
Odisha,KORAPUT,2015,Winter,Sugarcane,2261,159642.4,70.60698806
Odisha,KORAPUT,2015,Winter,Urad,1310,349.8,0.267022901
Odisha,MALKANGIRI,1997,Autumn,Maize,1052,1082,1.02851711
Odisha,MALKANGIRI,1997,Autumn,Paddy,10870,7015,0.645354186
Odisha,MALKANGIRI,1997,Autumn,Ragi,511,245,0.479452055
Odisha,MALKANGIRI,1997,Rabi,Wheat,105,108,1.028571429
Odisha,MALKANGIRI,1997,Summer,Arhar/Tur,11,1,0.090909091
Odisha,MALKANGIRI,1997,Summer,Groundnut,303,516,1.702970297
Odisha,MALKANGIRI,1997,Summer,Paddy,32,20,0.625
Odisha,MALKANGIRI,1997,Summer,Urad,3,1,0.333333333
Odisha,MALKANGIRI,1997,Whole Year,Potato,1,3,3
Odisha,MALKANGIRI,1997,Winter,Arhar/Tur,52,9,0.173076923
Odisha,MALKANGIRI,1997,Winter,Groundnut,93,59,0.634408602
Odisha,MALKANGIRI,1997,Winter,Horse-gram,1686,395,0.234282325
Odisha,MALKANGIRI,1997,Winter,Maize,59,76,1.288135593
Odisha,MALKANGIRI,1997,Winter,Paddy,74197,54703,0.737267005
Odisha,MALKANGIRI,1997,Winter,Ragi,3406,1134,0.332941867
Odisha,MALKANGIRI,1997,Winter,Sesamum,15303,2371,0.15493694
Odisha,MALKANGIRI,1997,Winter,Urad,566,118,0.208480565
Odisha,MALKANGIRI,1998,Autumn,Jute,8,50,6.25
Odisha,MALKANGIRI,1998,Autumn,Maize,1027,1052,1.024342746
Odisha,MALKANGIRI,1998,Autumn,Ragi,1409,699,0.496096522
Odisha,MALKANGIRI,1998,Autumn,Rice,9413,8237,0.875066398
Odisha,MALKANGIRI,1998,Summer,Groundnut,662,1379,2.083081571
Odisha,MALKANGIRI,1998,Summer,Moong(Green Gram),14,4,0.285714286
Odisha,MALKANGIRI,1998,Summer,Rice,154,257,1.668831169
Odisha,MALKANGIRI,1998,Summer,Urad,3,,
Odisha,MALKANGIRI,1998,Summer,Wheat,9,4,0.444444444
Odisha,MALKANGIRI,1998,Winter,Groundnut,20,25,1.25
Odisha,MALKANGIRI,1998,Winter,Horse-gram,1342,294,0.219076006
Odisha,MALKANGIRI,1998,Winter,Maize,10,10,1
Odisha,MALKANGIRI,1998,Winter,Moong(Green Gram),131,25,0.190839695
Odisha,MALKANGIRI,1998,Winter,Potato,1,11,11
Odisha,MALKANGIRI,1998,Winter,Ragi,3840,2215,0.576822917
Odisha,MALKANGIRI,1998,Winter,Rapeseed &Mustard,129,15,0.11627907
Odisha,MALKANGIRI,1998,Winter,Rice,71874,108328,1.507193144
Odisha,MALKANGIRI,1998,Winter,Sesamum,11248,2171,0.193012091
Odisha,MALKANGIRI,1998,Winter,Sugarcane,1,44,44
Odisha,MALKANGIRI,1998,Winter,Urad,620,167,0.269354839
Odisha,MALKANGIRI,1999,Autumn,Rice,14000,11000,0.785714286
Odisha,MALKANGIRI,1999,Kharif,Arhar/Tur,4130,3140,0.760290557
Odisha,MALKANGIRI,1999,Kharif,Bajra,690,450,0.652173913
Odisha,MALKANGIRI,1999,Kharif,Dry chillies,1910,1990,1.041884817
Odisha,MALKANGIRI,1999,Kharif,Dry ginger,120,300,2.5
Odisha,MALKANGIRI,1999,Kharif,Groundnut,1380,1240,0.898550725
Odisha,MALKANGIRI,1999,Kharif,Jowar,950,690,0.726315789
Odisha,MALKANGIRI,1999,Kharif,Maize,16060,14660,0.912826899
Odisha,MALKANGIRI,1999,Kharif,Mesta,2460,13670,5.556910569
Odisha,MALKANGIRI,1999,Kharif,Moong(Green Gram),1130,260,0.230088496
Odisha,MALKANGIRI,1999,Kharif,Niger seed,1410,1060,0.75177305
Odisha,MALKANGIRI,1999,Kharif,Ragi,7930,2810,0.354350567
Odisha,MALKANGIRI,1999,Kharif,Sesamum,20050,3770,0.188029925
Odisha,MALKANGIRI,1999,Kharif,Small millets,1220,490,0.401639344
Odisha,MALKANGIRI,1999,Kharif,Sweet potato,600,4150,6.916666667
Odisha,MALKANGIRI,1999,Kharif,Turmeric,230,280,1.217391304
Odisha,MALKANGIRI,1999,Kharif,Urad,1890,550,0.291005291
Odisha,MALKANGIRI,1999,Rabi,Castor seed,360,160,0.444444444
Odisha,MALKANGIRI,1999,Rabi,Dry chillies,2030,1490,0.733990148
Odisha,MALKANGIRI,1999,Rabi,Garlic,740,2350,3.175675676
Odisha,MALKANGIRI,1999,Rabi,Groundnut,21860,35520,1.624885636
Odisha,MALKANGIRI,1999,Rabi,Maize,170,170,1
Odisha,MALKANGIRI,1999,Rabi,Moong(Green Gram),3910,600,0.153452685
Odisha,MALKANGIRI,1999,Rabi,Rapeseed &Mustard,470,80,0.170212766
Odisha,MALKANGIRI,1999,Rabi,Urad,3710,530,0.142857143
Odisha,MALKANGIRI,1999,Rabi,Wheat,20,20,1
Odisha,MALKANGIRI,1999,Summer,Rice,310,630,2.032258065
Odisha,MALKANGIRI,1999,Whole Year,Onion,110,550,5
Odisha,MALKANGIRI,1999,Whole Year,Tobacco,1540,830,0.538961039
Odisha,MALKANGIRI,1999,Winter,Rice,81000,106000,1.308641975
Odisha,MALKANGIRI,1999,Winter,Sugarcane,160,10280,64.25
Odisha,MALKANGIRI,2000,Autumn,Rice,13030,8830,0.677666922
Odisha,MALKANGIRI,2000,Kharif,Arhar/Tur,3440,2150,0.625
Odisha,MALKANGIRI,2000,Kharif,Bajra,550,280,0.509090909
Odisha,MALKANGIRI,2000,Kharif,Castor seed,170,50,0.294117647
Odisha,MALKANGIRI,2000,Kharif,Dry ginger,130,230,1.769230769
Odisha,MALKANGIRI,2000,Kharif,Groundnut,1434,2159.3,1.505788006
Odisha,MALKANGIRI,2000,Kharif,Horse-gram,847,95.7,0.112987013
Odisha,MALKANGIRI,2000,Kharif,Jowar,870,560,0.643678161
Odisha,MALKANGIRI,2000,Kharif,Maize,1089,1066,0.978879706
Odisha,MALKANGIRI,2000,Kharif,Moong(Green Gram),84,12.3,0.146428571
Odisha,MALKANGIRI,2000,Kharif,Niger seed,580,350,0.603448276
Odisha,MALKANGIRI,2000,Kharif,Ragi,5389,2066.6,0.383484877
Odisha,MALKANGIRI,2000,Kharif,Sesamum,8222,797.5,0.096995865
Odisha,MALKANGIRI,2000,Kharif,Small millets,1010,370,0.366336634
Odisha,MALKANGIRI,2000,Kharif,Urad,504,71.1,0.141071429
Odisha,MALKANGIRI,2000,Rabi,Castor seed,260,110,0.423076923
Odisha,MALKANGIRI,2000,Rabi,Gram,50,20,0.4
Odisha,MALKANGIRI,2000,Rabi,Other  Rabi pulses,169,62,0.366863905
Odisha,MALKANGIRI,2000,Rabi,Sunflower,20,10,0.5
Odisha,MALKANGIRI,2000,Summer,Rice,80,70,0.875
Odisha,MALKANGIRI,2000,Whole Year,Dry chillies,2600,2210,0.85
Odisha,MALKANGIRI,2000,Whole Year,Garlic,50,170,3.4
Odisha,MALKANGIRI,2000,Whole Year,Onion,150,1420,9.466666667
Odisha,MALKANGIRI,2000,Whole Year,Sugarcane,23,828,36
Odisha,MALKANGIRI,2000,Whole Year,Sweet potato,1330,10500,7.894736842
Odisha,MALKANGIRI,2000,Whole Year,Tobacco,230,110,0.47826087
Odisha,MALKANGIRI,2000,Whole Year,Turmeric,170,390,2.294117647
Odisha,MALKANGIRI,2000,Winter,Rice,78760,54060,0.68638903
Odisha,MALKANGIRI,2001,Kharif,Arhar/Tur,2980,2260,0.758389262
Odisha,MALKANGIRI,2001,Kharif,Bajra,470,300,0.638297872
Odisha,MALKANGIRI,2001,Kharif,Castor seed,280,60,0.214285714
Odisha,MALKANGIRI,2001,Kharif,Dry ginger,250,450,1.8
Odisha,MALKANGIRI,2001,Kharif,Groundnut,3182,4101.9,1.289094909
Odisha,MALKANGIRI,2001,Kharif,Horse-gram,1280,295.7,0.231015625
Odisha,MALKANGIRI,2001,Kharif,Jowar,1140,830,0.728070175
Odisha,MALKANGIRI,2001,Kharif,Maize,1138,986.8,0.867135325
Odisha,MALKANGIRI,2001,Kharif,Moong(Green Gram),20,4.8,0.24
Odisha,MALKANGIRI,2001,Kharif,Niger seed,1610,200,0.124223602
Odisha,MALKANGIRI,2001,Kharif,Ragi,5081,2530,0.497933478
Odisha,MALKANGIRI,2001,Kharif,Rice,98000,107000,1.091836735
Odisha,MALKANGIRI,2001,Kharif,Sesamum,8843,2272.7,0.257005541
Odisha,MALKANGIRI,2001,Kharif,Small millets,1340,540,0.402985075
Odisha,MALKANGIRI,2001,Kharif,Urad,471,134.2,0.28492569
Odisha,MALKANGIRI,2001,Rabi,Castor seed,280,120,0.428571429
Odisha,MALKANGIRI,2001,Rabi,Gram,80,20,0.25
Odisha,MALKANGIRI,2001,Rabi,Other  Rabi pulses,3730,1250,0.335120643
Odisha,MALKANGIRI,2001,Whole Year,Coriander,90,40,0.444444444
Odisha,MALKANGIRI,2001,Whole Year,Dry chillies,2610,2220,0.850574713
Odisha,MALKANGIRI,2001,Whole Year,Garlic,60,190,3.166666667
Odisha,MALKANGIRI,2001,Whole Year,Onion,160,1440,9
Odisha,MALKANGIRI,2001,Whole Year,Sweet potato,1370,10940,7.98540146
Odisha,MALKANGIRI,2001,Whole Year,Tobacco,1270,690,0.543307087
Odisha,MALKANGIRI,2001,Whole Year,Turmeric,240,560,2.333333333
Odisha,MALKANGIRI,2002,Kharif,Arhar/Tur,1430,460,0.321678322
Odisha,MALKANGIRI,2002,Kharif,Bajra,320,180,0.5625
Odisha,MALKANGIRI,2002,Kharif,Castor seed,130,40,0.307692308
Odisha,MALKANGIRI,2002,Kharif,Dry ginger,250,470,1.88
Odisha,MALKANGIRI,2002,Kharif,Groundnut,609,573.3,0.94137931
Odisha,MALKANGIRI,2002,Kharif,Horse-gram,1386,205.1,0.147979798
Odisha,MALKANGIRI,2002,Kharif,Jowar,560,300,0.535714286
Odisha,MALKANGIRI,2002,Kharif,Maize,1007,652.5,0.64796425
Odisha,MALKANGIRI,2002,Kharif,Moong(Green Gram),19,3.1,0.163157895
Odisha,MALKANGIRI,2002,Kharif,Niger seed,1590,400,0.251572327
Odisha,MALKANGIRI,2002,Kharif,Ragi,5308,1521.9,0.286718161
Odisha,MALKANGIRI,2002,Kharif,Rice,88000,53000,0.602272727
Odisha,MALKANGIRI,2002,Kharif,Sesamum,6285,722.8,0.115003978
Odisha,MALKANGIRI,2002,Kharif,Small millets,640,260,0.40625
Odisha,MALKANGIRI,2002,Kharif,Urad,560,73.8,0.131785714
Odisha,MALKANGIRI,2002,Rabi,Castor seed,120,60,0.5
Odisha,MALKANGIRI,2002,Rabi,Gram,80,20,0.25
Odisha,MALKANGIRI,2002,Rabi,Other  Rabi pulses,670,230,0.343283582
Odisha,MALKANGIRI,2002,Rabi,Rapeseed &Mustard,1,,
Odisha,MALKANGIRI,2002,Whole Year,Coriander,60,30,0.5
Odisha,MALKANGIRI,2002,Whole Year,Dry chillies,2500,2150,0.86
Odisha,MALKANGIRI,2002,Whole Year,Garlic,50,160,3.2
Odisha,MALKANGIRI,2002,Whole Year,Onion,80,720,9
Odisha,MALKANGIRI,2002,Whole Year,Sweet potato,1360,11620,8.544117647
Odisha,MALKANGIRI,2002,Whole Year,Tobacco,500,250,0.5
Odisha,MALKANGIRI,2002,Whole Year,Turmeric,240,510,2.125
Odisha,MALKANGIRI,2003,Kharif,Arhar/Tur,2340,800,0.341880342
Odisha,MALKANGIRI,2003,Kharif,Bajra,330,180,0.545454545
Odisha,MALKANGIRI,2003,Kharif,Castor seed,130,40,0.307692308
Odisha,MALKANGIRI,2003,Kharif,Dry ginger,180,340,1.888888889
Odisha,MALKANGIRI,2003,Kharif,Groundnut,2280,4948.2,2.170263158
Odisha,MALKANGIRI,2003,Kharif,Horse-gram,1449,447.7,0.308971705
Odisha,MALKANGIRI,2003,Kharif,Jowar,510,290,0.568627451
Odisha,MALKANGIRI,2003,Kharif,Maize,785,716.1,0.912229299
Odisha,MALKANGIRI,2003,Kharif,Moong(Green Gram),54,8.3,0.153703704
Odisha,MALKANGIRI,2003,Kharif,Niger seed,1180,230,0.194915254
Odisha,MALKANGIRI,2003,Kharif,Other Kharif pulses,650,190,0.292307692
Odisha,MALKANGIRI,2003,Kharif,Ragi,4266,2408.3,0.564533521
Odisha,MALKANGIRI,2003,Kharif,Rice,86000,114000,1.325581395
Odisha,MALKANGIRI,2003,Kharif,Sesamum,7320,1507.9,0.205997268
Odisha,MALKANGIRI,2003,Kharif,Small millets,970,400,0.412371134
Odisha,MALKANGIRI,2003,Kharif,Urad,787,217.2,0.275984752
Odisha,MALKANGIRI,2003,Rabi,Castor seed,100,50,0.5
Odisha,MALKANGIRI,2003,Rabi,Gram,40,10,0.25
Odisha,MALKANGIRI,2003,Rabi,Other  Rabi pulses,3720,1350,0.362903226
Odisha,MALKANGIRI,2003,Whole Year,Coriander,60,30,0.5
Odisha,MALKANGIRI,2003,Whole Year,Dry chillies,1800,1550,0.861111111
Odisha,MALKANGIRI,2003,Whole Year,Garlic,60,180,3
Odisha,MALKANGIRI,2003,Whole Year,Onion,100,880,8.8
Odisha,MALKANGIRI,2003,Whole Year,Sweet potato,1330,11370,8.54887218
Odisha,MALKANGIRI,2003,Whole Year,Tobacco,730,380,0.520547945
Odisha,MALKANGIRI,2003,Whole Year,Turmeric,240,510,2.125
Odisha,MALKANGIRI,2004,Autumn,Groundnut,1,0.9,0.9
Odisha,MALKANGIRI,2004,Autumn,Maize,707,632.6,0.89476662
Odisha,MALKANGIRI,2004,Autumn,Ragi,573,306.6,0.535078534
Odisha,MALKANGIRI,2004,Autumn,Rice,12000,10000,0.833333333
Odisha,MALKANGIRI,2004,Kharif,Bajra,200,82,0.41
Odisha,MALKANGIRI,2004,Kharif,Castor seed,125,30,0.24
Odisha,MALKANGIRI,2004,Kharif,Dry ginger,244,461,1.889344262
Odisha,MALKANGIRI,2004,Kharif,Jowar,360,184,0.511111111
Odisha,MALKANGIRI,2004,Kharif,Small millets,850,333,0.391764706
Odisha,MALKANGIRI,2004,Rabi,Castor seed,145,50,0.344827586
Odisha,MALKANGIRI,2004,Rabi,Gram,93,25,0.268817204
Odisha,MALKANGIRI,2004,Rabi,Niger seed,1360,394,0.289705882
Odisha,MALKANGIRI,2004,Rabi,Other  Rabi pulses,3165,1270,0.401263823
Odisha,MALKANGIRI,2004,Summer,Groundnut,5662,9144.1,1.614994702
Odisha,MALKANGIRI,2004,Summer,Maize,22,35.4,1.609090909
Odisha,MALKANGIRI,2004,Summer,Moong(Green Gram),4,0.3,0.075
Odisha,MALKANGIRI,2004,Whole Year,Coriander,79,38,0.481012658
Odisha,MALKANGIRI,2004,Whole Year,Dry chillies,1625,1400,0.861538462
Odisha,MALKANGIRI,2004,Whole Year,Garlic,107,330,3.08411215
Odisha,MALKANGIRI,2004,Whole Year,Onion,144,1296,9
Odisha,MALKANGIRI,2004,Whole Year,Sweet potato,1399,11942,8.536097212
Odisha,MALKANGIRI,2004,Whole Year,Tobacco,807,420,0.520446097
Odisha,MALKANGIRI,2004,Whole Year,Turmeric,240,504,2.1
Odisha,MALKANGIRI,2004,Winter,Groundnut,113,178.5,1.579646018
Odisha,MALKANGIRI,2004,Winter,Horse-gram,1164,336.4,0.289003436
Odisha,MALKANGIRI,2004,Winter,Maize,12,10.5,0.875
Odisha,MALKANGIRI,2004,Winter,Moong(Green Gram),12,1.7,0.141666667
Odisha,MALKANGIRI,2004,Winter,Ragi,3738,2377.4,0.636008561
Odisha,MALKANGIRI,2004,Winter,Rapeseed &Mustard,13,1,0.076923077
Odisha,MALKANGIRI,2004,Winter,Rice,73000,109000,1.493150685
Odisha,MALKANGIRI,2004,Winter,Sesamum,10168,2186.1,0.214998033
Odisha,MALKANGIRI,2004,Winter,Urad,819,138.4,0.168986569
Odisha,MALKANGIRI,2005,Autumn,Groundnut,1,1.5,1.5
Odisha,MALKANGIRI,2005,Autumn,Maize,865,828.2,0.957456647
Odisha,MALKANGIRI,2005,Autumn,Ragi,1141,683.5,0.599035933
Odisha,MALKANGIRI,2005,Autumn,Rice,12000,13000,1.083333333
Odisha,MALKANGIRI,2005,Summer,Groundnut,834,1665.5,1.997002398
Odisha,MALKANGIRI,2005,Summer,Maize,9,15.5,1.722222222
Odisha,MALKANGIRI,2005,Summer,Moong(Green Gram),130,25.9,0.199230769
Odisha,MALKANGIRI,2005,Winter,Groundnut,669,1044.3,1.560986547
Odisha,MALKANGIRI,2005,Winter,Horse-gram,1577,503.1,0.319023462
Odisha,MALKANGIRI,2005,Winter,Maize,15,8.3,0.553333333
Odisha,MALKANGIRI,2005,Winter,Moong(Green Gram),82,15.8,0.192682927
Odisha,MALKANGIRI,2005,Winter,Potato,2,10.3,5.15
Odisha,MALKANGIRI,2005,Winter,Ragi,3946,2399.2,0.608008109
Odisha,MALKANGIRI,2005,Winter,Rapeseed &Mustard,13,0.9,0.069230769
Odisha,MALKANGIRI,2005,Winter,Rice,83000,116000,1.397590361
Odisha,MALKANGIRI,2005,Winter,Sesamum,11831,2709.3,0.229000085
Odisha,MALKANGIRI,2005,Winter,Urad,1065,303.5,0.284976526
Odisha,MALKANGIRI,2006,Autumn,Maize,850,828.8,0.975058824
Odisha,MALKANGIRI,2006,Autumn,Ragi,922,419.5,0.454989154
Odisha,MALKANGIRI,2006,Autumn,Rice,13000,12000,0.923076923
Odisha,MALKANGIRI,2006,Summer,Groundnut,1568,3030.9,1.932971939
Odisha,MALKANGIRI,2006,Summer,Moong(Green Gram),3,0.5,0.166666667
Odisha,MALKANGIRI,2006,Winter,Groundnut,195,330.1,1.692820513
Odisha,MALKANGIRI,2006,Winter,Horse-gram,1823,461.2,0.252989578
Odisha,MALKANGIRI,2006,Winter,Maize,58,45.9,0.79137931
Odisha,MALKANGIRI,2006,Winter,Moong(Green Gram),250,50.5,0.202
Odisha,MALKANGIRI,2006,Winter,Ragi,4597,2730.6,0.593996084
Odisha,MALKANGIRI,2006,Winter,Rapeseed &Mustard,9,0.9,0.1
Odisha,MALKANGIRI,2006,Winter,Rice,76000,110000,1.447368421
Odisha,MALKANGIRI,2006,Winter,Sesamum,10135,1854.7,0.182999507
Odisha,MALKANGIRI,2006,Winter,Urad,1278,272.2,0.212989045
Odisha,MALKANGIRI,2007,Autumn,Maize,894,1039.3,1.162527964
Odisha,MALKANGIRI,2007,Autumn,Ragi,891,498.1,0.559034792
Odisha,MALKANGIRI,2007,Autumn,Rice,15000,14000,0.933333333
Odisha,MALKANGIRI,2007,Autumn,Sesamum,6,1,0.166666667
Odisha,MALKANGIRI,2007,Summer,Groundnut,1639,3535.3,2.156985967
Odisha,MALKANGIRI,2007,Summer,Maize,7,7.9,1.128571429
Odisha,MALKANGIRI,2007,Summer,Moong(Green Gram),54,7.4,0.137037037
Odisha,MALKANGIRI,2007,Summer,Urad,6,0.7,0.116666667
Odisha,MALKANGIRI,2007,Winter,Groundnut,236,449.3,1.903813559
Odisha,MALKANGIRI,2007,Winter,Horse-gram,1161,320.4,0.275968992
Odisha,MALKANGIRI,2007,Winter,Maize,4,2.2,0.55
Odisha,MALKANGIRI,2007,Winter,Moong(Green Gram),178,29.7,0.166853933
Odisha,MALKANGIRI,2007,Winter,Potato,4,26.5,6.625
Odisha,MALKANGIRI,2007,Winter,Ragi,3770,2529.7,0.671007958
Odisha,MALKANGIRI,2007,Winter,Rice,77000,126000,1.636363636
Odisha,MALKANGIRI,2007,Winter,Sesamum,9400,1757.8,0.187
Odisha,MALKANGIRI,2007,Winter,Sugarcane,1,37.2,37.2
Odisha,MALKANGIRI,2007,Winter,Urad,1346,328.4,0.243982169
Odisha,MALKANGIRI,2008,Autumn,Maize,745,845.5,1.134899329
Odisha,MALKANGIRI,2008,Autumn,Ragi,931,550.2,0.590977444
Odisha,MALKANGIRI,2008,Autumn,Rice,10000,8000,0.8
Odisha,MALKANGIRI,2008,Summer,Groundnut,3856,7368.8,1.910995851
Odisha,MALKANGIRI,2008,Summer,Maize,9,14.2,1.577777778
Odisha,MALKANGIRI,2008,Summer,Moong(Green Gram),178,23.1,0.129775281
Odisha,MALKANGIRI,2008,Summer,Rice,1000,2000,2
Odisha,MALKANGIRI,2008,Winter,Groundnut,152,264.8,1.742105263
Odisha,MALKANGIRI,2008,Winter,Horse-gram,1451,336.6,0.231977946
Odisha,MALKANGIRI,2008,Winter,Maize,2,1.9,0.95
Odisha,MALKANGIRI,2008,Winter,Moong(Green Gram),225,31.7,0.140888889
Odisha,MALKANGIRI,2008,Winter,Ragi,4284,2626.1,0.613001867
Odisha,MALKANGIRI,2008,Winter,Rapeseed &Mustard,1,0.1,0.1
Odisha,MALKANGIRI,2008,Winter,Rice,83000,101000,1.21686747
Odisha,MALKANGIRI,2008,Winter,Sesamum,10993,1780.9,0.162003093
Odisha,MALKANGIRI,2008,Winter,Urad,1358,301.5,0.222017673
Odisha,MALKANGIRI,2009,Autumn,Groundnut,11,15.5,1.409090909
Odisha,MALKANGIRI,2009,Autumn,Maize,777,803.4,1.033976834
Odisha,MALKANGIRI,2009,Autumn,Moong(Green Gram),1,0.2,0.2
Odisha,MALKANGIRI,2009,Autumn,Ragi,812,430.4,0.530049261
Odisha,MALKANGIRI,2009,Autumn,Rice,13000,10000,0.769230769
Odisha,MALKANGIRI,2009,Summer,Groundnut,1316,2693.9,2.047036474
Odisha,MALKANGIRI,2009,Summer,Maize,2,2.1,1.05
Odisha,MALKANGIRI,2009,Summer,Moong(Green Gram),1,0.2,0.2
Odisha,MALKANGIRI,2009,Winter,Groundnut,387,704,1.819121447
Odisha,MALKANGIRI,2009,Winter,Horse-gram,1655,425.3,0.256978852
Odisha,MALKANGIRI,2009,Winter,Maize,5,2.8,0.56
Odisha,MALKANGIRI,2009,Winter,Moong(Green Gram),88,19.8,0.225
Odisha,MALKANGIRI,2009,Winter,Ragi,4275,2842.9,0.665005848
Odisha,MALKANGIRI,2009,Winter,Rice,81000,100000,1.234567901
Odisha,MALKANGIRI,2009,Winter,Sesamum,10378,1670.9,0.161004047
Odisha,MALKANGIRI,2009,Winter,Urad,1689,398.6,0.235997632
Odisha,MALKANGIRI,2010,Autumn,Maize,1134,1317.6,1.161904762
Odisha,MALKANGIRI,2010,Autumn,Ragi,1035,612.7,0.591980676
Odisha,MALKANGIRI,2010,Autumn,Rice,13000,15000,1.153846154
Odisha,MALKANGIRI,2010,Summer,Groundnut,2106,4530,2.150997151
Odisha,MALKANGIRI,2010,Summer,Maize,134,198.2,1.479104478
Odisha,MALKANGIRI,2010,Summer,Moong(Green Gram),192,26.9,0.140104167
Odisha,MALKANGIRI,2010,Summer,Rice,2000,4000,2
Odisha,MALKANGIRI,2010,Summer,Urad,6,7,1.166666667
Odisha,MALKANGIRI,2010,Winter,Groundnut,66,136.1,2.062121212
Odisha,MALKANGIRI,2010,Winter,Horse-gram,1348,469.1,0.347997033
Odisha,MALKANGIRI,2010,Winter,Maize,18,27.1,1.505555556
Odisha,MALKANGIRI,2010,Winter,Moong(Green Gram),158,35.7,0.225949367
Odisha,MALKANGIRI,2010,Winter,Ragi,3821,2724.4,0.713007066
Odisha,MALKANGIRI,2010,Winter,Rice,83000,183000,2.204819277
Odisha,MALKANGIRI,2010,Winter,Sesamum,15203,3299.1,0.217003223
Odisha,MALKANGIRI,2010,Winter,Urad,1570,467.9,0.298025478
Odisha,MALKANGIRI,2011,Autumn,Maize,989,1163.4,1.176339737
Odisha,MALKANGIRI,2011,Autumn,Ragi,1110,414,0.372972973
Odisha,MALKANGIRI,2011,Autumn,Rice,12000,4000,0.333333333
Odisha,MALKANGIRI,2011,Summer,Groundnut,1838,3255.1,1.771001088
Odisha,MALKANGIRI,2011,Summer,Maize,13,14.6,1.123076923
Odisha,MALKANGIRI,2011,Summer,Moong(Green Gram),252,75.3,0.298809524
Odisha,MALKANGIRI,2011,Winter,Groundnut,78,94,1.205128205
Odisha,MALKANGIRI,2011,Winter,Horse-gram,1268,186.4,0.147003155
Odisha,MALKANGIRI,2011,Winter,Maize,7,7,1
Odisha,MALKANGIRI,2011,Winter,Moong(Green Gram),113,13.6,0.120353982
Odisha,MALKANGIRI,2011,Winter,Niger seed,2488,156.7,0.062982315
Odisha,MALKANGIRI,2011,Winter,Ragi,2882,994.3,0.34500347
Odisha,MALKANGIRI,2011,Winter,Rice,82000,48000,0.585365854
Odisha,MALKANGIRI,2011,Winter,Sesamum,6818,552.3,0.08100616
Odisha,MALKANGIRI,2011,Winter,Urad,993,124.1,0.124974824
Odisha,MALKANGIRI,2012,Autumn,Maize,892,920.9,1.032399103
Odisha,MALKANGIRI,2012,Autumn,Ragi,971,479.7,0.494026777
Odisha,MALKANGIRI,2012,Autumn,Rice,10000,9000,0.9
Odisha,MALKANGIRI,2012,Summer,Groundnut,3716,9226.8,2.482992465
Odisha,MALKANGIRI,2012,Summer,Maize,11,14.1,1.281818182
Odisha,MALKANGIRI,2012,Summer,Moong(Green Gram),6,1.2,0.2
Odisha,MALKANGIRI,2012,Summer,Rice,178000,4000,0.02247191
Odisha,MALKANGIRI,2012,Winter,Groundnut,186,376.1,2.022043011
Odisha,MALKANGIRI,2012,Winter,Horse-gram,1191,289.4,0.242989085
Odisha,MALKANGIRI,2012,Winter,Maize,98,110.1,1.123469388
Odisha,MALKANGIRI,2012,Winter,Moong(Green Gram),100,21.8,0.218
Odisha,MALKANGIRI,2012,Winter,Ragi,3393,2171.5,0.639994106
Odisha,MALKANGIRI,2012,Winter,Rapeseed &Mustard,34,2.8,0.082352941
Odisha,MALKANGIRI,2012,Winter,Rice,85000,169000,1.988235294
Odisha,MALKANGIRI,2012,Winter,Sesamum,4697,831.4,0.1770066
Odisha,MALKANGIRI,2012,Winter,Urad,1141,216.8,0.190008764
Odisha,MALKANGIRI,2013,Autumn,Maize,876,983.1,1.122260274
Odisha,MALKANGIRI,2013,Autumn,Ragi,775,393.7,0.508
Odisha,MALKANGIRI,2013,Autumn,Rice,9000,9000,1
Odisha,MALKANGIRI,2013,Summer,Groundnut,3360,7983.4,2.376011905
Odisha,MALKANGIRI,2013,Summer,Maize,113,231.3,2.046902655
Odisha,MALKANGIRI,2013,Summer,Moong(Green Gram),15,3.7,0.246666667
Odisha,MALKANGIRI,2013,Summer,Rice,1000,3000,3
Odisha,MALKANGIRI,2013,Winter,Groundnut,315,679.8,2.158095238
Odisha,MALKANGIRI,2013,Winter,Horse-gram,1594,388.9,0.243977415
Odisha,MALKANGIRI,2013,Winter,Maize,42,64.5,1.535714286
Odisha,MALKANGIRI,2013,Winter,Moong(Green Gram),97,24.9,0.256701031
Odisha,MALKANGIRI,2013,Winter,Ragi,4072,2781.2,0.683005894
Odisha,MALKANGIRI,2013,Winter,Rice,89000,162000,1.820224719
Odisha,MALKANGIRI,2013,Winter,Sesamum,6738,1428.5,0.21200653
Odisha,MALKANGIRI,2013,Winter,Urad,1371,324.9,0.236980306
Odisha,MALKANGIRI,2014,Autumn,Maize,580,673.9,1.161896552
Odisha,MALKANGIRI,2014,Autumn,Ragi,507,248.4,0.489940828
Odisha,MALKANGIRI,2014,Autumn,Rice,9000,11000,1.222222222
Odisha,MALKANGIRI,2014,Summer,Groundnut,2045,4764.9,2.33002445
Odisha,MALKANGIRI,2014,Summer,Maize,25,48.5,1.94
Odisha,MALKANGIRI,2014,Summer,Moong(Green Gram),12,1.8,0.15
Odisha,MALKANGIRI,2014,Summer,Rice,1000,2000,2
Odisha,MALKANGIRI,2014,Winter,Groundnut,57,104.7,1.836842105
Odisha,MALKANGIRI,2014,Winter,Horse-gram,1226,323.7,0.264029364
Odisha,MALKANGIRI,2014,Winter,Maize,6,7.7,1.283333333
Odisha,MALKANGIRI,2014,Winter,Moong(Green Gram),104,25.2,0.242307692
Odisha,MALKANGIRI,2014,Winter,Ragi,3298,2183.3,0.662007277
Odisha,MALKANGIRI,2014,Winter,Rapeseed &Mustard,3,0.4,0.133333333
Odisha,MALKANGIRI,2014,Winter,Rice,93000,165000,1.774193548
Odisha,MALKANGIRI,2014,Winter,Sesamum,11145,2474.2,0.222000897
Odisha,MALKANGIRI,2014,Winter,Urad,1485,365.3,0.245993266
Odisha,MALKANGIRI,2015,Autumn,Maize,593,709.3,1.196121417
Odisha,MALKANGIRI,2015,Autumn,Ragi,442,222.3,0.502941176
Odisha,MALKANGIRI,2015,Autumn,Rice,10000,9000,0.9
Odisha,MALKANGIRI,2015,Summer,Groundnut,2090,5141.4,2.46
Odisha,MALKANGIRI,2015,Summer,Maize,15,18.3,1.22
Odisha,MALKANGIRI,2015,Summer,Moong(Green Gram),35,8.3,0.237142857
Odisha,MALKANGIRI,2015,Summer,Rice,3000,7000,2.333333333
Odisha,MALKANGIRI,2015,Summer,Urad,1,0.4,0.4
Odisha,MALKANGIRI,2015,Winter,Groundnut,65,123.5,1.9
Odisha,MALKANGIRI,2015,Winter,Horse-gram,932,163.1,0.175
Odisha,MALKANGIRI,2015,Winter,Maize,8,8.3,1.0375
Odisha,MALKANGIRI,2015,Winter,Moong(Green Gram),52,12.2,0.234615385
Odisha,MALKANGIRI,2015,Winter,Ragi,3256,1807.1,0.555006143
Odisha,MALKANGIRI,2015,Winter,Rice,86000,120000,1.395348837
Odisha,MALKANGIRI,2015,Winter,Sesamum,6555,1173.3,0.178993135
Odisha,MALKANGIRI,2015,Winter,Urad,1072,209,0.194962687
Odisha,MAYURBHANJ,1997,Autumn,Arhar/Tur,16,1,0.0625
Odisha,MAYURBHANJ,1997,Autumn,Groundnut,57,31,0.543859649
Odisha,MAYURBHANJ,1997,Autumn,Jute,80,110,1.375
Odisha,MAYURBHANJ,1997,Autumn,Maize,1655,1113,0.672507553
Odisha,MAYURBHANJ,1997,Autumn,Paddy,64710,62400,0.964302272
Odisha,MAYURBHANJ,1997,Autumn,Sesamum,54,7,0.12962963
Odisha,MAYURBHANJ,1997,Autumn,Urad,2221,597,0.268797839
Odisha,MAYURBHANJ,1997,Rabi,Wheat,165,111,0.672727273
Odisha,MAYURBHANJ,1997,Summer,Arhar/Tur,550,145,0.263636364
Odisha,MAYURBHANJ,1997,Summer,Groundnut,1969,2574,1.30726257
Odisha,MAYURBHANJ,1997,Summer,Maize,27,24,0.888888889
Odisha,MAYURBHANJ,1997,Summer,Paddy,6091,10055,1.650796257
Odisha,MAYURBHANJ,1997,Summer,Sesamum,148,30,0.202702703
Odisha,MAYURBHANJ,1997,Summer,Urad,31,7,0.225806452
Odisha,MAYURBHANJ,1997,Whole Year,Potato,97,897,9.24742268
Odisha,MAYURBHANJ,1997,Winter,Arhar/Tur,250,64,0.256
Odisha,MAYURBHANJ,1997,Winter,Groundnut,152,87,0.572368421
Odisha,MAYURBHANJ,1997,Winter,Horse-gram,2037,540,0.265095729
Odisha,MAYURBHANJ,1997,Winter,Maize,4,7,1.75
Odisha,MAYURBHANJ,1997,Winter,Paddy,270601,396907,1.466761025
Odisha,MAYURBHANJ,1997,Winter,Ragi,16,3,0.1875
Odisha,MAYURBHANJ,1997,Winter,Sesamum,17,5,0.294117647
Odisha,MAYURBHANJ,1997,Winter,Sugarcane,9,415,46.11111111
Odisha,MAYURBHANJ,1997,Winter,Urad,641,227,0.354134165
Odisha,MAYURBHANJ,1998,Autumn,Groundnut,368,168,0.456521739
Odisha,MAYURBHANJ,1998,Autumn,Jute,14,72,5.142857143
Odisha,MAYURBHANJ,1998,Autumn,Maize,1657,942,0.568497284
Odisha,MAYURBHANJ,1998,Autumn,Moong(Green Gram),8,1,0.125
Odisha,MAYURBHANJ,1998,Autumn,Ragi,3,1,0.333333333
Odisha,MAYURBHANJ,1998,Autumn,Rice,65764,27676,0.420838149
Odisha,MAYURBHANJ,1998,Autumn,Sesamum,90,9,0.1
Odisha,MAYURBHANJ,1998,Autumn,Urad,2431,388,0.159605101
Odisha,MAYURBHANJ,1998,Summer,Groundnut,3087,2457,0.795918367
Odisha,MAYURBHANJ,1998,Summer,Maize,18,19,1.055555556
Odisha,MAYURBHANJ,1998,Summer,Moong(Green Gram),185,29,0.156756757
Odisha,MAYURBHANJ,1998,Summer,Rice,9207,10771,1.169870751
Odisha,MAYURBHANJ,1998,Summer,Sesamum,194,29,0.149484536
Odisha,MAYURBHANJ,1998,Summer,Urad,7,1,0.142857143
Odisha,MAYURBHANJ,1998,Summer,Wheat,654,618,0.944954128
Odisha,MAYURBHANJ,1998,Winter,Groundnut,66,43,0.651515152
Odisha,MAYURBHANJ,1998,Winter,Horse-gram,1874,373,0.199039488
Odisha,MAYURBHANJ,1998,Winter,Maize,12,8,0.666666667
Odisha,MAYURBHANJ,1998,Winter,Moong(Green Gram),495,74,0.149494949
Odisha,MAYURBHANJ,1998,Winter,Potato,64,500,7.8125
Odisha,MAYURBHANJ,1998,Winter,Rapeseed &Mustard,340,38,0.111764706
Odisha,MAYURBHANJ,1998,Winter,Rice,264102,252831,0.957323307
Odisha,MAYURBHANJ,1998,Winter,Sesamum,38,5,0.131578947
Odisha,MAYURBHANJ,1998,Winter,Sugarcane,17,634,37.29411765
Odisha,MAYURBHANJ,1998,Winter,Urad,953,191,0.200419727
Odisha,MAYURBHANJ,1999,Autumn,Rice,62000,55000,0.887096774
Odisha,MAYURBHANJ,1999,Kharif,Arhar/Tur,7360,5150,0.699728261
Odisha,MAYURBHANJ,1999,Kharif,Bajra,80,40,0.5
Odisha,MAYURBHANJ,1999,Kharif,Castor seed,360,140,0.388888889
Odisha,MAYURBHANJ,1999,Kharif,Dry chillies,2590,2330,0.8996139
Odisha,MAYURBHANJ,1999,Kharif,Dry ginger,1250,1470,1.176
Odisha,MAYURBHANJ,1999,Kharif,Groundnut,1730,1920,1.10982659
Odisha,MAYURBHANJ,1999,Kharif,Jowar,490,270,0.551020408
Odisha,MAYURBHANJ,1999,Kharif,Jute,250,1040,4.16
Odisha,MAYURBHANJ,1999,Kharif,Maize,10290,11220,1.090379009
Odisha,MAYURBHANJ,1999,Kharif,Mesta,4890,19830,4.055214724
Odisha,MAYURBHANJ,1999,Kharif,Moong(Green Gram),4620,1390,0.300865801
Odisha,MAYURBHANJ,1999,Kharif,Niger seed,3820,1260,0.329842932
Odisha,MAYURBHANJ,1999,Kharif,Ragi,70,30,0.428571429
Odisha,MAYURBHANJ,1999,Kharif,Sesamum,3300,1160,0.351515152
Odisha,MAYURBHANJ,1999,Kharif,Small millets,4060,1620,0.399014778
Odisha,MAYURBHANJ,1999,Kharif,Sweet potato,2030,19760,9.733990148
Odisha,MAYURBHANJ,1999,Kharif,Turmeric,1590,1990,1.251572327
Odisha,MAYURBHANJ,1999,Kharif,Urad,8540,2900,0.339578454
Odisha,MAYURBHANJ,1999,Rabi,Castor seed,40,160,4
Odisha,MAYURBHANJ,1999,Rabi,Coriander,1180,590,0.5
Odisha,MAYURBHANJ,1999,Rabi,Dry chillies,2800,2460,0.878571429
Odisha,MAYURBHANJ,1999,Rabi,Garlic,800,2130,2.6625
Odisha,MAYURBHANJ,1999,Rabi,Gram,1870,1110,0.593582888
Odisha,MAYURBHANJ,1999,Rabi,Groundnut,2650,3100,1.169811321
Odisha,MAYURBHANJ,1999,Rabi,Horse-gram,10960,3040,0.277372263
Odisha,MAYURBHANJ,1999,Rabi,Linseed,7170,3010,0.419804742
Odisha,MAYURBHANJ,1999,Rabi,Maize,230,240,1.043478261
Odisha,MAYURBHANJ,1999,Rabi,Masoor,2630,1180,0.448669202
Odisha,MAYURBHANJ,1999,Rabi,Moong(Green Gram),2860,980,0.342657343
Odisha,MAYURBHANJ,1999,Rabi,Niger seed,7160,2510,0.350558659
Odisha,MAYURBHANJ,1999,Rabi,Rapeseed &Mustard,3900,1050,0.269230769
Odisha,MAYURBHANJ,1999,Rabi,Sesamum,460,180,0.391304348
Odisha,MAYURBHANJ,1999,Rabi,Sunflower,250,160,0.64
Odisha,MAYURBHANJ,1999,Rabi,Sweet potato,80,560,7
Odisha,MAYURBHANJ,1999,Rabi,Urad,2330,830,0.356223176
Odisha,MAYURBHANJ,1999,Rabi,Wheat,1330,1500,1.127819549
Odisha,MAYURBHANJ,1999,Summer,Rice,10610,19790,1.865221489
Odisha,MAYURBHANJ,1999,Whole Year,Onion,1880,15250,8.111702128
Odisha,MAYURBHANJ,1999,Whole Year,Potato,110,920,8.363636364
Odisha,MAYURBHANJ,1999,Whole Year,Sannhamp,950,3170,3.336842105
Odisha,MAYURBHANJ,1999,Winter,Rice,261000,311000,1.191570881
Odisha,MAYURBHANJ,1999,Winter,Sugarcane,30,1520,50.66666667
Odisha,MAYURBHANJ,2000,Autumn,Rice,59320,39660,0.668577208
Odisha,MAYURBHANJ,2000,Kharif,Arhar/Tur,7830,5860,0.748403576
Odisha,MAYURBHANJ,2000,Kharif,Bajra,60,30,0.5
Odisha,MAYURBHANJ,2000,Kharif,Castor seed,410,190,0.463414634
Odisha,MAYURBHANJ,2000,Kharif,Dry ginger,1180,2430,2.059322034
Odisha,MAYURBHANJ,2000,Kharif,Groundnut,1694,1781.5,1.051652893
Odisha,MAYURBHANJ,2000,Kharif,Horse-gram,1193,227.9,0.191031014
Odisha,MAYURBHANJ,2000,Kharif,Jowar,440,240,0.545454545
Odisha,MAYURBHANJ,2000,Kharif,Jute,270,1220,4.518518519
Odisha,MAYURBHANJ,2000,Kharif,Maize,2352,1837.2,0.781122449
Odisha,MAYURBHANJ,2000,Kharif,Mesta,4530,18650,4.116997792
Odisha,MAYURBHANJ,2000,Kharif,Moong(Green Gram),1165,283.7,0.243519313
Odisha,MAYURBHANJ,2000,Kharif,Niger seed,5850,1400,0.239316239
Odisha,MAYURBHANJ,2000,Kharif,Other Kharif pulses,2870,2020,0.703832753
Odisha,MAYURBHANJ,2000,Kharif,Ragi,9,4.2,0.466666667
Odisha,MAYURBHANJ,2000,Kharif,Sesamum,153,28.7,0.187581699
Odisha,MAYURBHANJ,2000,Kharif,Small millets,4010,1720,0.428927681
Odisha,MAYURBHANJ,2000,Kharif,Sunflower,30,30,1
Odisha,MAYURBHANJ,2000,Kharif,Urad,2193,466.9,0.212904697
Odisha,MAYURBHANJ,2000,Rabi,Castor seed,20,10,0.5
Odisha,MAYURBHANJ,2000,Rabi,Gram,1900,1190,0.626315789
Odisha,MAYURBHANJ,2000,Rabi,Linseed,6940,3000,0.432276657
Odisha,MAYURBHANJ,2000,Rabi,Niger seed,6020,1350,0.224252492
Odisha,MAYURBHANJ,2000,Rabi,Other  Rabi pulses,122,75,0.614754098
Odisha,MAYURBHANJ,2000,Rabi,Rapeseed &Mustard,333,59.3,0.178078078
Odisha,MAYURBHANJ,2000,Rabi,Sunflower,130,100,0.769230769
Odisha,MAYURBHANJ,2000,Rabi,Wheat,1332,1723.5,1.293918919
Odisha,MAYURBHANJ,2000,Summer,Rice,5260,8570,1.629277567
Odisha,MAYURBHANJ,2000,Whole Year,Coriander,1040,510,0.490384615
Odisha,MAYURBHANJ,2000,Whole Year,Dry chillies,5120,4500,0.87890625
Odisha,MAYURBHANJ,2000,Whole Year,Garlic,700,2170,3.1
Odisha,MAYURBHANJ,2000,Whole Year,Onion,4440,34630,7.79954955
Odisha,MAYURBHANJ,2000,Whole Year,Potato,117,1092.4,9.336752137
Odisha,MAYURBHANJ,2000,Whole Year,Sannhamp,1050,3750,3.571428571
Odisha,MAYURBHANJ,2000,Whole Year,Sugarcane,1,29.6,29.6
Odisha,MAYURBHANJ,2000,Whole Year,Sweet potato,1220,9930,8.139344262
Odisha,MAYURBHANJ,2000,Whole Year,Turmeric,1400,3450,2.464285714
Odisha,MAYURBHANJ,2000,Winter,Rice,271940,341520,1.255865264
Odisha,MAYURBHANJ,2001,Kharif,Arhar/Tur,6270,5270,0.840510367
Odisha,MAYURBHANJ,2001,Kharif,Bajra,30,10,0.333333333
Odisha,MAYURBHANJ,2001,Kharif,Castor seed,280,130,0.464285714
Odisha,MAYURBHANJ,2001,Kharif,Dry ginger,890,1840,2.06741573
Odisha,MAYURBHANJ,2001,Kharif,Groundnut,524,541.3,1.033015267
Odisha,MAYURBHANJ,2001,Kharif,Horse-gram,1938,548.5,0.283023736
Odisha,MAYURBHANJ,2001,Kharif,Jowar,320,170,0.53125
Odisha,MAYURBHANJ,2001,Kharif,Jute,2,14,7
Odisha,MAYURBHANJ,2001,Kharif,Maize,1886,1101,0.583775186
Odisha,MAYURBHANJ,2001,Kharif,Moong(Green Gram),1174,335.3,0.28560477
Odisha,MAYURBHANJ,2001,Kharif,Niger seed,6230,1570,0.252006421
Odisha,MAYURBHANJ,2001,Kharif,Other Kharif pulses,3230,2160,0.66873065
Odisha,MAYURBHANJ,2001,Kharif,Rice,351000,543000,1.547008547
Odisha,MAYURBHANJ,2001,Kharif,Sesamum,220,43.5,0.197727273
Odisha,MAYURBHANJ,2001,Kharif,Small millets,3210,1280,0.398753894
Odisha,MAYURBHANJ,2001,Kharif,Sunflower,80,70,0.875
Odisha,MAYURBHANJ,2001,Kharif,Urad,2519,559.6,0.222151647
Odisha,MAYURBHANJ,2001,Rabi,Castor seed,50,20,0.4
Odisha,MAYURBHANJ,2001,Rabi,Gram,1810,1120,0.61878453
Odisha,MAYURBHANJ,2001,Rabi,Linseed,6520,2870,0.440184049
Odisha,MAYURBHANJ,2001,Rabi,Masoor,2380,1070,0.449579832
Odisha,MAYURBHANJ,2001,Rabi,Niger seed,7580,2200,0.290237467
Odisha,MAYURBHANJ,2001,Rabi,Other  Rabi pulses,1510,970,0.642384106
Odisha,MAYURBHANJ,2001,Rabi,Rapeseed &Mustard,268,44.5,0.166044776
Odisha,MAYURBHANJ,2001,Rabi,Safflower,20,10,0.5
Odisha,MAYURBHANJ,2001,Rabi,Sunflower,70,60,0.857142857
Odisha,MAYURBHANJ,2001,Rabi,Wheat,494,545.4,1.104048583
Odisha,MAYURBHANJ,2001,Whole Year,Coriander,1060,510,0.481132075
Odisha,MAYURBHANJ,2001,Whole Year,Dry chillies,4220,3720,0.881516588
Odisha,MAYURBHANJ,2001,Whole Year,Garlic,680,2140,3.147058824
Odisha,MAYURBHANJ,2001,Whole Year,Onion,980,7640,7.795918367
Odisha,MAYURBHANJ,2001,Whole Year,Potato,46,425.7,9.254347826
Odisha,MAYURBHANJ,2001,Whole Year,Sugarcane,7,240.8,34.4
Odisha,MAYURBHANJ,2001,Whole Year,Sweet potato,1250,10020,8.016
Odisha,MAYURBHANJ,2001,Whole Year,Turmeric,1460,3580,2.452054795
Odisha,MAYURBHANJ,2002,Kharif,Arhar/Tur,5740,4220,0.735191638
Odisha,MAYURBHANJ,2002,Kharif,Bajra,50,20,0.4
Odisha,MAYURBHANJ,2002,Kharif,Castor seed,290,140,0.482758621
Odisha,MAYURBHANJ,2002,Kharif,Dry ginger,600,1070,1.783333333
Odisha,MAYURBHANJ,2002,Kharif,Groundnut,826,825.6,0.999515738
Odisha,MAYURBHANJ,2002,Kharif,Horse-gram,1925,381.2,0.198025974
Odisha,MAYURBHANJ,2002,Kharif,Jowar,310,150,0.483870968
Odisha,MAYURBHANJ,2002,Kharif,Maize,1752,1073.1,0.6125
Odisha,MAYURBHANJ,2002,Kharif,Moong(Green Gram),753,182.4,0.242231076
Odisha,MAYURBHANJ,2002,Kharif,Niger seed,3240,810,0.25
Odisha,MAYURBHANJ,2002,Kharif,Other Kharif pulses,1970,1250,0.634517766
Odisha,MAYURBHANJ,2002,Kharif,Ragi,2,0.1,0.05
Odisha,MAYURBHANJ,2002,Kharif,Rice,314000,258000,0.821656051
Odisha,MAYURBHANJ,2002,Kharif,Sesamum,140,25.6,0.182857143
Odisha,MAYURBHANJ,2002,Kharif,Small millets,2210,770,0.34841629
Odisha,MAYURBHANJ,2002,Kharif,Urad,1980,347.2,0.175353535
Odisha,MAYURBHANJ,2002,Rabi,Castor seed,30,10,0.333333333
Odisha,MAYURBHANJ,2002,Rabi,Gram,1620,1050,0.648148148
Odisha,MAYURBHANJ,2002,Rabi,Linseed,5810,2350,0.404475043
Odisha,MAYURBHANJ,2002,Rabi,Masoor,1740,660,0.379310345
Odisha,MAYURBHANJ,2002,Rabi,Niger seed,4420,990,0.2239819
Odisha,MAYURBHANJ,2002,Rabi,Other  Rabi pulses,1240,780,0.629032258
Odisha,MAYURBHANJ,2002,Rabi,Rapeseed &Mustard,284,43.7,0.153873239
Odisha,MAYURBHANJ,2002,Rabi,Safflower,10,10,1
Odisha,MAYURBHANJ,2002,Rabi,Sunflower,80,70,0.875
Odisha,MAYURBHANJ,2002,Rabi,Wheat,626,619.4,0.989456869
Odisha,MAYURBHANJ,2002,Whole Year,Coriander,970,480,0.494845361
Odisha,MAYURBHANJ,2002,Whole Year,Dry chillies,800,700,0.875
Odisha,MAYURBHANJ,2002,Whole Year,Garlic,670,2110,3.149253731
Odisha,MAYURBHANJ,2002,Whole Year,Onion,900,7020,7.8
Odisha,MAYURBHANJ,2002,Whole Year,Potato,38,300.3,7.902631579
Odisha,MAYURBHANJ,2002,Whole Year,Sugarcane,1,48.6,48.6
Odisha,MAYURBHANJ,2002,Whole Year,Sweet potato,3190,25790,8.084639498
Odisha,MAYURBHANJ,2002,Whole Year,Turmeric,600,1320,2.2
Odisha,MAYURBHANJ,2003,Kharif,Arhar/Tur,7100,5330,0.750704225
Odisha,MAYURBHANJ,2003,Kharif,Bajra,60,30,0.5
Odisha,MAYURBHANJ,2003,Kharif,Castor seed,380,180,0.473684211
Odisha,MAYURBHANJ,2003,Kharif,Dry ginger,550,980,1.781818182
Odisha,MAYURBHANJ,2003,Kharif,Groundnut,2693,3038,1.128109915
Odisha,MAYURBHANJ,2003,Kharif,Horse-gram,1804,456.4,0.252993348
Odisha,MAYURBHANJ,2003,Kharif,Jowar,340,160,0.470588235
Odisha,MAYURBHANJ,2003,Kharif,Jute,16,133,8.3125
Odisha,MAYURBHANJ,2003,Kharif,Maize,2271,1907.4,0.83989432
Odisha,MAYURBHANJ,2003,Kharif,Moong(Green Gram),905,258.7,0.285856354
Odisha,MAYURBHANJ,2003,Kharif,Niger seed,6430,1570,0.244167963
Odisha,MAYURBHANJ,2003,Kharif,Other Kharif pulses,2060,1340,0.650485437
Odisha,MAYURBHANJ,2003,Kharif,Ragi,4,0.8,0.2
Odisha,MAYURBHANJ,2003,Kharif,Rice,341000,502000,1.472140762
Odisha,MAYURBHANJ,2003,Kharif,Sesamum,315,62.2,0.197460317
Odisha,MAYURBHANJ,2003,Kharif,Small millets,1980,790,0.398989899
Odisha,MAYURBHANJ,2003,Kharif,Sunflower,60,50,0.833333333
Odisha,MAYURBHANJ,2003,Kharif,Urad,2686,648.7,0.241511541
Odisha,MAYURBHANJ,2003,Rabi,Castor seed,40,20,0.5
Odisha,MAYURBHANJ,2003,Rabi,Gram,2310,1680,0.727272727
Odisha,MAYURBHANJ,2003,Rabi,Linseed,7570,3150,0.416116248
Odisha,MAYURBHANJ,2003,Rabi,Masoor,2840,1270,0.447183099
Odisha,MAYURBHANJ,2003,Rabi,Niger seed,3500,1020,0.291428571
Odisha,MAYURBHANJ,2003,Rabi,Other  Rabi pulses,1580,1060,0.670886076
Odisha,MAYURBHANJ,2003,Rabi,Rapeseed &Mustard,495,85.6,0.172929293
Odisha,MAYURBHANJ,2003,Rabi,Sunflower,90,80,0.888888889
Odisha,MAYURBHANJ,2003,Rabi,Wheat,469,577.8,1.231982942
Odisha,MAYURBHANJ,2003,Whole Year,Coriander,990,490,0.494949495
Odisha,MAYURBHANJ,2003,Whole Year,Dry chillies,1080,950,0.87962963
Odisha,MAYURBHANJ,2003,Whole Year,Garlic,520,1630,3.134615385
Odisha,MAYURBHANJ,2003,Whole Year,Onion,930,7230,7.774193548
Odisha,MAYURBHANJ,2003,Whole Year,Potato,72,707.4,9.825
Odisha,MAYURBHANJ,2003,Whole Year,Sugarcane,4,180.8,45.2
Odisha,MAYURBHANJ,2003,Whole Year,Sweet potato,3120,25340,8.121794872
Odisha,MAYURBHANJ,2003,Whole Year,Turmeric,520,1150,2.211538462
Odisha,MAYURBHANJ,2004,Autumn,Groundnut,99,68.2,0.688888889
Odisha,MAYURBHANJ,2004,Autumn,Maize,2069,1697.8,0.820589657
Odisha,MAYURBHANJ,2004,Autumn,Moong(Green Gram),8,2.8,0.35
Odisha,MAYURBHANJ,2004,Autumn,Ragi,2,0.2,0.1
Odisha,MAYURBHANJ,2004,Autumn,Rice,58000,56000,0.965517241
Odisha,MAYURBHANJ,2004,Autumn,Sesamum,186,32.7,0.175806452
Odisha,MAYURBHANJ,2004,Autumn,Urad,2133,550.3,0.257993436
Odisha,MAYURBHANJ,2004,Kharif,Bajra,58,26,0.448275862
Odisha,MAYURBHANJ,2004,Kharif,Castor seed,522,240,0.459770115
Odisha,MAYURBHANJ,2004,Kharif,Dry ginger,585,1041,1.779487179
Odisha,MAYURBHANJ,2004,Kharif,Jowar,237,125,0.52742616
Odisha,MAYURBHANJ,2004,Kharif,Small millets,1303,521,0.399846508
Odisha,MAYURBHANJ,2004,Rabi,Castor seed,40,20,0.5
Odisha,MAYURBHANJ,2004,Rabi,Gram,3656,2742,0.75
Odisha,MAYURBHANJ,2004,Rabi,Linseed,9092,3819,0.420039595
Odisha,MAYURBHANJ,2004,Rabi,Masoor,2730,1090,0.399267399
Odisha,MAYURBHANJ,2004,Rabi,Niger seed,8991,2427,0.269936603
Odisha,MAYURBHANJ,2004,Rabi,Other  Rabi pulses,1514,1078,0.712021136
Odisha,MAYURBHANJ,2004,Rabi,Sunflower,132,121,0.916666667
Odisha,MAYURBHANJ,2004,Summer,Groundnut,3608,4004.9,1.110005543
Odisha,MAYURBHANJ,2004,Summer,Maize,29,36.4,1.255172414
Odisha,MAYURBHANJ,2004,Summer,Moong(Green Gram),1190,367.7,0.308991597
Odisha,MAYURBHANJ,2004,Summer,Rice,6000,11000,1.833333333
Odisha,MAYURBHANJ,2004,Summer,Sesamum,191,50.6,0.264921466
Odisha,MAYURBHANJ,2004,Summer,Wheat,549,663.9,1.209289617
Odisha,MAYURBHANJ,2004,Whole Year,Coriander,1087,532,0.489420423
Odisha,MAYURBHANJ,2004,Whole Year,Dry chillies,1073,940,0.876048462
Odisha,MAYURBHANJ,2004,Whole Year,Garlic,560,1760,3.142857143
Odisha,MAYURBHANJ,2004,Whole Year,Onion,946,7380,7.801268499
Odisha,MAYURBHANJ,2004,Whole Year,Sweet potato,3082,25050,8.127839066
Odisha,MAYURBHANJ,2004,Whole Year,Turmeric,462,1083,2.344155844
Odisha,MAYURBHANJ,2004,Winter,Groundnut,262,172.1,0.656870229
Odisha,MAYURBHANJ,2004,Winter,Horse-gram,1623,373.3,0.230006161
Odisha,MAYURBHANJ,2004,Winter,Maize,12,19.6,1.633333333
Odisha,MAYURBHANJ,2004,Winter,Moong(Green Gram),151,36.5,0.241721854
Odisha,MAYURBHANJ,2004,Winter,Potato,53,473.7,8.937735849
Odisha,MAYURBHANJ,2004,Winter,Rapeseed &Mustard,563,120.5,0.214031972
Odisha,MAYURBHANJ,2004,Winter,Rice,262000,423000,1.614503817
Odisha,MAYURBHANJ,2004,Winter,Sesamum,27,2.5,0.092592593
Odisha,MAYURBHANJ,2004,Winter,Sugarcane,1,38.8,38.8
Odisha,MAYURBHANJ,2004,Winter,Urad,479,112.6,0.235073069
Odisha,MAYURBHANJ,2005,Autumn,Groundnut,106,70.1,0.661320755
Odisha,MAYURBHANJ,2005,Autumn,Maize,1681,1293.6,0.769541939
Odisha,MAYURBHANJ,2005,Autumn,Moong(Green Gram),4,1.3,0.325
Odisha,MAYURBHANJ,2005,Autumn,Ragi,1,0.5,0.5
Odisha,MAYURBHANJ,2005,Autumn,Rice,53000,49000,0.924528302
Odisha,MAYURBHANJ,2005,Autumn,Sesamum,78,13.3,0.170512821
Odisha,MAYURBHANJ,2005,Autumn,Urad,1885,427.9,0.227002653
Odisha,MAYURBHANJ,2005,Summer,Groundnut,3866,4565.7,1.180988101
Odisha,MAYURBHANJ,2005,Summer,Maize,20,32.8,1.64
Odisha,MAYURBHANJ,2005,Summer,Moong(Green Gram),1883,384.1,0.203983006
Odisha,MAYURBHANJ,2005,Summer,Rice,7000,13000,1.857142857
Odisha,MAYURBHANJ,2005,Summer,Sesamum,498,129,0.259036145
Odisha,MAYURBHANJ,2005,Summer,Urad,3,0.5,0.166666667
Odisha,MAYURBHANJ,2005,Summer,Wheat,394,517.9,1.314467005
Odisha,MAYURBHANJ,2005,Winter,Groundnut,277,194.5,0.702166065
Odisha,MAYURBHANJ,2005,Winter,Horse-gram,1398,349.5,0.25
Odisha,MAYURBHANJ,2005,Winter,Maize,4,3.8,0.95
Odisha,MAYURBHANJ,2005,Winter,Moong(Green Gram),357,89.6,0.250980392
Odisha,MAYURBHANJ,2005,Winter,Potato,61,548.2,8.986885246
Odisha,MAYURBHANJ,2005,Winter,Ragi,1,0.6,0.6
Odisha,MAYURBHANJ,2005,Winter,Rapeseed &Mustard,503,104.1,0.20695825
Odisha,MAYURBHANJ,2005,Winter,Rice,256000,403000,1.57421875
Odisha,MAYURBHANJ,2005,Winter,Sesamum,57,7.6,0.133333333
Odisha,MAYURBHANJ,2005,Winter,Sugarcane,34,1540.7,45.31470588
Odisha,MAYURBHANJ,2005,Winter,Urad,507,130.8,0.257988166
Odisha,MAYURBHANJ,2006,Autumn,Groundnut,114,56.5,0.495614035
Odisha,MAYURBHANJ,2006,Autumn,Maize,1212,878.7,0.725
Odisha,MAYURBHANJ,2006,Autumn,Rice,47000,53000,1.127659574
Odisha,MAYURBHANJ,2006,Autumn,Sesamum,81,12.4,0.15308642
Odisha,MAYURBHANJ,2006,Autumn,Urad,1218,263.1,0.216009852
Odisha,MAYURBHANJ,2006,Summer,Groundnut,2065,2601.9,1.26
Odisha,MAYURBHANJ,2006,Summer,Horse-gram,1,0.2,0.2
Odisha,MAYURBHANJ,2006,Summer,Maize,39,65.9,1.68974359
Odisha,MAYURBHANJ,2006,Summer,Moong(Green Gram),810,291.6,0.36
Odisha,MAYURBHANJ,2006,Summer,Rice,7000,14000,2
Odisha,MAYURBHANJ,2006,Summer,Sesamum,445,136.6,0.306966292
Odisha,MAYURBHANJ,2006,Summer,Urad,28,10.8,0.385714286
Odisha,MAYURBHANJ,2006,Summer,Wheat,479,660.5,1.378914405
Odisha,MAYURBHANJ,2006,Winter,Groundnut,207,131.4,0.634782609
Odisha,MAYURBHANJ,2006,Winter,Horse-gram,819,255.5,0.311965812
Odisha,MAYURBHANJ,2006,Winter,Maize,6,9.9,1.65
Odisha,MAYURBHANJ,2006,Winter,Moong(Green Gram),103,31.6,0.306796117
Odisha,MAYURBHANJ,2006,Winter,Potato,76,700.3,9.214473684
Odisha,MAYURBHANJ,2006,Winter,Ragi,11,7.4,0.672727273
Odisha,MAYURBHANJ,2006,Winter,Rapeseed &Mustard,545,131.9,0.242018349
Odisha,MAYURBHANJ,2006,Winter,Rice,263000,427000,1.623574144
Odisha,MAYURBHANJ,2006,Winter,Sesamum,6,0.5,0.083333333
Odisha,MAYURBHANJ,2006,Winter,Sugarcane,40,2420,60.5
Odisha,MAYURBHANJ,2006,Winter,Urad,332,104.9,0.315963855
Odisha,MAYURBHANJ,2007,Autumn,Groundnut,124,71.2,0.574193548
Odisha,MAYURBHANJ,2007,Autumn,Jute,1,4,4
Odisha,MAYURBHANJ,2007,Autumn,Maize,1208,876.5,0.72557947
Odisha,MAYURBHANJ,2007,Autumn,Rice,57000,67000,1.175438596
Odisha,MAYURBHANJ,2007,Autumn,Sesamum,80,12,0.15
Odisha,MAYURBHANJ,2007,Autumn,Urad,1202,293.3,0.244009983
Odisha,MAYURBHANJ,2007,Summer,Groundnut,3852,4664.8,1.211007269
Odisha,MAYURBHANJ,2007,Summer,Maize,102,166.6,1.633333333
Odisha,MAYURBHANJ,2007,Summer,Moong(Green Gram),2134,667.9,0.312980319
Odisha,MAYURBHANJ,2007,Summer,Rice,9000,16000,1.777777778
Odisha,MAYURBHANJ,2007,Summer,Sesamum,1012,209.5,0.20701581
Odisha,MAYURBHANJ,2007,Summer,Urad,86,26,0.302325581
Odisha,MAYURBHANJ,2007,Summer,Wheat,668,1000.4,1.49760479
Odisha,MAYURBHANJ,2007,Winter,Groundnut,311,232.3,0.746945338
Odisha,MAYURBHANJ,2007,Winter,Horse-gram,1497,607.8,0.406012024
Odisha,MAYURBHANJ,2007,Winter,Maize,26,54.7,2.103846154
Odisha,MAYURBHANJ,2007,Winter,Moong(Green Gram),185,57.5,0.310810811
Odisha,MAYURBHANJ,2007,Winter,Potato,114,1180.4,10.35438596
Odisha,MAYURBHANJ,2007,Winter,Rapeseed &Mustard,430,113.1,0.263023256
Odisha,MAYURBHANJ,2007,Winter,Rice,279000,483000,1.731182796
Odisha,MAYURBHANJ,2007,Winter,Sesamum,12,2.1,0.175
Odisha,MAYURBHANJ,2007,Winter,Sugarcane,63,2386.1,37.87460317
Odisha,MAYURBHANJ,2007,Winter,Urad,667,245.5,0.368065967
Odisha,MAYURBHANJ,2008,Autumn,Groundnut,11,3.7,0.336363636
Odisha,MAYURBHANJ,2008,Autumn,Maize,771,717.4,0.930479896
Odisha,MAYURBHANJ,2008,Autumn,Rice,55000,64000,1.163636364
Odisha,MAYURBHANJ,2008,Autumn,Sesamum,56,8.3,0.148214286
Odisha,MAYURBHANJ,2008,Autumn,Urad,1281,385.6,0.301014832
Odisha,MAYURBHANJ,2008,Summer,Groundnut,2676,2911.5,1.088004484
Odisha,MAYURBHANJ,2008,Summer,Maize,15,21,1.4
Odisha,MAYURBHANJ,2008,Summer,Moong(Green Gram),725,201.6,0.278068966
Odisha,MAYURBHANJ,2008,Summer,Rice,6000,10000,1.666666667
Odisha,MAYURBHANJ,2008,Summer,Sesamum,699,181.7,0.259942775
Odisha,MAYURBHANJ,2008,Summer,Urad,23,9.9,0.430434783
Odisha,MAYURBHANJ,2008,Summer,Wheat,656,741.5,1.130335366
Odisha,MAYURBHANJ,2008,Winter,Groundnut,180,106.6,0.592222222
Odisha,MAYURBHANJ,2008,Winter,Horse-gram,1161,325.1,0.280017227
Odisha,MAYURBHANJ,2008,Winter,Maize,9,25.3,2.811111111
Odisha,MAYURBHANJ,2008,Winter,Moong(Green Gram),213,57.5,0.269953052
Odisha,MAYURBHANJ,2008,Winter,Potato,48,439.9,9.164583333
Odisha,MAYURBHANJ,2008,Winter,Rapeseed &Mustard,344,79.1,0.22994186
Odisha,MAYURBHANJ,2008,Winter,Rice,284000,460000,1.61971831
Odisha,MAYURBHANJ,2008,Winter,Sesamum,27,4.9,0.181481481
Odisha,MAYURBHANJ,2008,Winter,Sugarcane,13,124.8,9.6
Odisha,MAYURBHANJ,2008,Winter,Urad,615,179.6,0.29203252
Odisha,MAYURBHANJ,2009,Autumn,Groundnut,74,43.4,0.586486486
Odisha,MAYURBHANJ,2009,Autumn,Maize,772,669.3,0.866968912
Odisha,MAYURBHANJ,2009,Autumn,Moong(Green Gram),7,1.2,0.171428571
Odisha,MAYURBHANJ,2009,Autumn,Rice,46000,43000,0.934782609
Odisha,MAYURBHANJ,2009,Autumn,Sesamum,56,10.8,0.192857143
Odisha,MAYURBHANJ,2009,Autumn,Urad,1375,365.8,0.266036364
Odisha,MAYURBHANJ,2009,Summer,Groundnut,2481,2486,1.002015316
Odisha,MAYURBHANJ,2009,Summer,Maize,72,102.4,1.422222222
Odisha,MAYURBHANJ,2009,Summer,Moong(Green Gram),1294,509.8,0.393972179
Odisha,MAYURBHANJ,2009,Summer,Rice,4000,6000,1.5
Odisha,MAYURBHANJ,2009,Summer,Sesamum,483,218.3,0.451966874
Odisha,MAYURBHANJ,2009,Summer,Urad,39,13.1,0.335897436
Odisha,MAYURBHANJ,2009,Summer,Wheat,699,1064,1.522174535
Odisha,MAYURBHANJ,2009,Winter,Groundnut,113,94.6,0.837168142
Odisha,MAYURBHANJ,2009,Winter,Horse-gram,1304,442.1,0.339033742
Odisha,MAYURBHANJ,2009,Winter,Maize,26,72,2.769230769
Odisha,MAYURBHANJ,2009,Winter,Moong(Green Gram),116,43.2,0.372413793
Odisha,MAYURBHANJ,2009,Winter,Potato,56,557.4,9.953571429
Odisha,MAYURBHANJ,2009,Winter,Rapeseed &Mustard,462,123.8,0.267965368
Odisha,MAYURBHANJ,2009,Winter,Rice,279000,403000,1.444444444
Odisha,MAYURBHANJ,2009,Winter,Sesamum,33,5.6,0.16969697
Odisha,MAYURBHANJ,2009,Winter,Sugarcane,1,16.9,16.9
Odisha,MAYURBHANJ,2009,Winter,Urad,398,147.7,0.371105528
Odisha,MAYURBHANJ,2010,Autumn,Groundnut,6,1.8,0.3
Odisha,MAYURBHANJ,2010,Autumn,Maize,2045,2963.1,1.448948655
Odisha,MAYURBHANJ,2010,Autumn,Moong(Green Gram),3,0.3,0.1
Odisha,MAYURBHANJ,2010,Autumn,Rice,44000,14000,0.318181818
Odisha,MAYURBHANJ,2010,Autumn,Sesamum,81,14.3,0.17654321
Odisha,MAYURBHANJ,2010,Autumn,Urad,1381,295.5,0.21397538
Odisha,MAYURBHANJ,2010,Summer,Groundnut,1433,1994.7,1.391974878
Odisha,MAYURBHANJ,2010,Summer,Maize,49,112.1,2.287755102
Odisha,MAYURBHANJ,2010,Summer,Moong(Green Gram),1742,653.3,0.375028703
Odisha,MAYURBHANJ,2010,Summer,Rice,3000,7000,2.333333333
Odisha,MAYURBHANJ,2010,Summer,Sesamum,338,120.3,0.35591716
Odisha,MAYURBHANJ,2010,Summer,Urad,17,7,0.411764706
Odisha,MAYURBHANJ,2010,Summer,Wheat,644,826.3,1.283074534
Odisha,MAYURBHANJ,2010,Winter,Groundnut,199,171.3,0.86080402
Odisha,MAYURBHANJ,2010,Winter,Horse-gram,1505,413.9,0.275016611
Odisha,MAYURBHANJ,2010,Winter,Maize,23,43.9,1.908695652
Odisha,MAYURBHANJ,2010,Winter,Moong(Green Gram),251,66.8,0.266135458
Odisha,MAYURBHANJ,2010,Winter,Potato,44,516.6,11.74090909
Odisha,MAYURBHANJ,2010,Winter,Rapeseed &Mustard,475,107.4,0.226105263
Odisha,MAYURBHANJ,2010,Winter,Rice,237000,240000,1.012658228
Odisha,MAYURBHANJ,2010,Winter,Sesamum,30,5.5,0.183333333
Odisha,MAYURBHANJ,2010,Winter,Sugarcane,5,258,51.6
Odisha,MAYURBHANJ,2010,Winter,Urad,377,114.6,0.30397878
Odisha,MAYURBHANJ,2011,Autumn,Groundnut,8,5.8,0.725
Odisha,MAYURBHANJ,2011,Autumn,Maize,890,970.7,1.090674157
Odisha,MAYURBHANJ,2011,Autumn,Moong(Green Gram),8,2,0.25
Odisha,MAYURBHANJ,2011,Autumn,Rice,29000,39000,1.344827586
Odisha,MAYURBHANJ,2011,Autumn,Sesamum,30,5,0.166666667
Odisha,MAYURBHANJ,2011,Autumn,Urad,1093,221.9,0.203019213
Odisha,MAYURBHANJ,2011,Summer,Groundnut,2877,4683.8,1.628015294
Odisha,MAYURBHANJ,2011,Summer,Maize,148,300.1,2.027702703
Odisha,MAYURBHANJ,2011,Summer,Moong(Green Gram),1521,724,0.47600263
Odisha,MAYURBHANJ,2011,Summer,Rice,4000,9000,2.25
Odisha,MAYURBHANJ,2011,Summer,Sesamum,312,141.3,0.452884615
Odisha,MAYURBHANJ,2011,Summer,Urad,15,5.7,0.38
Odisha,MAYURBHANJ,2011,Summer,Wheat,311,448.9,1.44340836
Odisha,MAYURBHANJ,2011,Winter,Groundnut,166,78.5,0.472891566
Odisha,MAYURBHANJ,2011,Winter,Horse-gram,986,271.2,0.27505071
Odisha,MAYURBHANJ,2011,Winter,Maize,9,20.5,2.277777778
Odisha,MAYURBHANJ,2011,Winter,Moong(Green Gram),110,43.8,0.398181818
Odisha,MAYURBHANJ,2011,Winter,Niger seed,21,0.8,0.038095238
Odisha,MAYURBHANJ,2011,Winter,Potato,56,656.5,11.72321429
Odisha,MAYURBHANJ,2011,Winter,Rapeseed &Mustard,314,90.1,0.286942675
Odisha,MAYURBHANJ,2011,Winter,Rice,266000,508000,1.909774436
Odisha,MAYURBHANJ,2011,Winter,Sesamum,10,2.9,0.29
Odisha,MAYURBHANJ,2011,Winter,Sugarcane,4,236,59
Odisha,MAYURBHANJ,2011,Winter,Urad,224,93.6,0.417857143
Odisha,MAYURBHANJ,2012,Autumn,Groundnut,41,38.9,0.948780488
Odisha,MAYURBHANJ,2012,Autumn,Maize,1171,2079.1,1.775491033
Odisha,MAYURBHANJ,2012,Autumn,Moong(Green Gram),8,2,0.25
Odisha,MAYURBHANJ,2012,Autumn,Rice,25000,30000,1.2
Odisha,MAYURBHANJ,2012,Autumn,Sesamum,45,11.3,0.251111111
Odisha,MAYURBHANJ,2012,Autumn,Urad,832,247.9,0.297956731
Odisha,MAYURBHANJ,2012,Summer,Groundnut,2626,4170.1,1.58800457
Odisha,MAYURBHANJ,2012,Summer,Maize,74,184.6,2.494594595
Odisha,MAYURBHANJ,2012,Summer,Moong(Green Gram),877,394.7,0.450057013
Odisha,MAYURBHANJ,2012,Summer,Rice,490000,6000,0.012244898
Odisha,MAYURBHANJ,2012,Summer,Sesamum,81,41.9,0.517283951
Odisha,MAYURBHANJ,2012,Summer,Urad,12,4,0.333333333
Odisha,MAYURBHANJ,2012,Summer,Wheat,121,180.4,1.490909091
Odisha,MAYURBHANJ,2012,Winter,Groundnut,33,27.6,0.836363636
Odisha,MAYURBHANJ,2012,Winter,Horse-gram,643,257.8,0.400933126
Odisha,MAYURBHANJ,2012,Winter,Maize,12,32.2,2.683333333
Odisha,MAYURBHANJ,2012,Winter,Moong(Green Gram),74,36.2,0.489189189
Odisha,MAYURBHANJ,2012,Winter,Potato,35,415,11.85714286
Odisha,MAYURBHANJ,2012,Winter,Rapeseed &Mustard,340,107.1,0.315
Odisha,MAYURBHANJ,2012,Winter,Rice,260000,460000,1.769230769
Odisha,MAYURBHANJ,2012,Winter,Sesamum,11,4.3,0.390909091
Odisha,MAYURBHANJ,2012,Winter,Sugarcane,28,1780.8,63.6
Odisha,MAYURBHANJ,2012,Winter,Urad,155,90.1,0.581290323
Odisha,MAYURBHANJ,2013,Autumn,Groundnut,23,13.7,0.595652174
Odisha,MAYURBHANJ,2013,Autumn,Maize,1548,2649.4,1.711498708
Odisha,MAYURBHANJ,2013,Autumn,Rice,28000,29000,1.035714286
Odisha,MAYURBHANJ,2013,Autumn,Sesamum,117,34.7,0.296581197
Odisha,MAYURBHANJ,2013,Autumn,Urad,697,174.3,0.250071736
Odisha,MAYURBHANJ,2013,Summer,Groundnut,2208,3062.5,1.387001812
Odisha,MAYURBHANJ,2013,Summer,Maize,80,161.9,2.02375
Odisha,MAYURBHANJ,2013,Summer,Moong(Green Gram),863,446.2,0.517033604
Odisha,MAYURBHANJ,2013,Summer,Rice,4000,8000,2
Odisha,MAYURBHANJ,2013,Summer,Sesamum,175,100.8,0.576
Odisha,MAYURBHANJ,2013,Summer,Urad,54,23.6,0.437037037
Odisha,MAYURBHANJ,2013,Summer,Wheat,129,181.5,1.406976744
Odisha,MAYURBHANJ,2013,Winter,Groundnut,33,22.7,0.687878788
Odisha,MAYURBHANJ,2013,Winter,Horse-gram,505,134.8,0.266930693
Odisha,MAYURBHANJ,2013,Winter,Maize,22,44.4,2.018181818
Odisha,MAYURBHANJ,2013,Winter,Moong(Green Gram),28,6.6,0.235714286
Odisha,MAYURBHANJ,2013,Winter,Potato,61,626.3,10.26721311
Odisha,MAYURBHANJ,2013,Winter,Rapeseed &Mustard,514,155.2,0.301945525
Odisha,MAYURBHANJ,2013,Winter,Rice,273000,387000,1.417582418
Odisha,MAYURBHANJ,2013,Winter,Sesamum,33,10.9,0.33030303
Odisha,MAYURBHANJ,2013,Winter,Sugarcane,6,350.4,58.4
Odisha,MAYURBHANJ,2013,Winter,Urad,19,4.8,0.252631579
Odisha,MAYURBHANJ,2014,Autumn,Groundnut,9,8.3,0.922222222
Odisha,MAYURBHANJ,2014,Autumn,Maize,916,1396.3,1.524344978
Odisha,MAYURBHANJ,2014,Autumn,Rice,36000,56000,1.555555556
Odisha,MAYURBHANJ,2014,Autumn,Sesamum,118,43.1,0.365254237
Odisha,MAYURBHANJ,2014,Autumn,Urad,640,178.6,0.2790625
Odisha,MAYURBHANJ,2014,Summer,Groundnut,995,1354.2,1.361005025
Odisha,MAYURBHANJ,2014,Summer,Maize,51,105.1,2.060784314
Odisha,MAYURBHANJ,2014,Summer,Moong(Green Gram),718,349.7,0.487047354
Odisha,MAYURBHANJ,2014,Summer,Rice,4000,8000,2
Odisha,MAYURBHANJ,2014,Summer,Sesamum,178,81,0.45505618
Odisha,MAYURBHANJ,2014,Summer,Urad,16,7.4,0.4625
Odisha,MAYURBHANJ,2014,Summer,Wheat,91,137.5,1.510989011
Odisha,MAYURBHANJ,2014,Winter,Groundnut,84,78.8,0.938095238
Odisha,MAYURBHANJ,2014,Winter,Horse-gram,383,136,0.355091384
Odisha,MAYURBHANJ,2014,Winter,Maize,9,19.5,2.166666667
Odisha,MAYURBHANJ,2014,Winter,Moong(Green Gram),98,53,0.540816327
Odisha,MAYURBHANJ,2014,Winter,Potato,73,876.2,12.00273973
Odisha,MAYURBHANJ,2014,Winter,Rapeseed &Mustard,301,80.7,0.268106312
Odisha,MAYURBHANJ,2014,Winter,Rice,276000,623000,2.257246377
Odisha,MAYURBHANJ,2014,Winter,Sesamum,5,3.1,0.62
Odisha,MAYURBHANJ,2014,Winter,Sugarcane,10,644,64.4
Odisha,MAYURBHANJ,2014,Winter,Urad,36,22.3,0.619444444
Odisha,MAYURBHANJ,2015,Autumn,Maize,694,1127.6,1.624783862
Odisha,MAYURBHANJ,2015,Autumn,Rice,37000,33000,0.891891892
Odisha,MAYURBHANJ,2015,Autumn,Sesamum,77,27.9,0.362337662
Odisha,MAYURBHANJ,2015,Autumn,Urad,552,152.9,0.276992754
Odisha,MAYURBHANJ,2015,Summer,Groundnut,1191,1425.6,1.19697733
Odisha,MAYURBHANJ,2015,Summer,Maize,11,26.7,2.427272727
Odisha,MAYURBHANJ,2015,Summer,Moong(Green Gram),758,382,0.503957784
Odisha,MAYURBHANJ,2015,Summer,Rice,3000,6000,2
Odisha,MAYURBHANJ,2015,Summer,Sesamum,278,146,0.525179856
Odisha,MAYURBHANJ,2015,Summer,Urad,123,61.4,0.499186992
Odisha,MAYURBHANJ,2015,Summer,Wheat,58,83.4,1.437931034
Odisha,MAYURBHANJ,2015,Winter,Groundnut,64,32.8,0.5125
Odisha,MAYURBHANJ,2015,Winter,Horse-gram,487,145.1,0.297946612
Odisha,MAYURBHANJ,2015,Winter,Maize,40,96.1,2.4025
Odisha,MAYURBHANJ,2015,Winter,Moong(Green Gram),55,17.3,0.314545455
Odisha,MAYURBHANJ,2015,Winter,Potato,48,400.1,8.335416667
Odisha,MAYURBHANJ,2015,Winter,Rapeseed &Mustard,230,65.8,0.286086957
Odisha,MAYURBHANJ,2015,Winter,Rice,278000,274000,0.985611511
Odisha,MAYURBHANJ,2015,Winter,Sugarcane,13,967.2,74.4
Odisha,MAYURBHANJ,2015,Winter,Urad,54,20.8,0.385185185
Odisha,NABARANGPUR,1997,Autumn,Arhar/Tur,47,7,0.14893617
Odisha,NABARANGPUR,1997,Autumn,Groundnut,176,192,1.090909091
Odisha,NABARANGPUR,1997,Autumn,Maize,20154,34871,1.73022725
Odisha,NABARANGPUR,1997,Autumn,Paddy,42277,34046,0.805307851
Odisha,NABARANGPUR,1997,Autumn,Ragi,5976,3209,0.536981258
Odisha,NABARANGPUR,1997,Autumn,Urad,4686,1832,0.390951771
Odisha,NABARANGPUR,1997,Rabi,Wheat,2015,3487,1.730521092
Odisha,NABARANGPUR,1997,Summer,Arhar/Tur,52,9,0.173076923
Odisha,NABARANGPUR,1997,Summer,Groundnut,15,33,2.2
Odisha,NABARANGPUR,1997,Summer,Maize,363,337,0.928374656
Odisha,NABARANGPUR,1997,Summer,Paddy,541,644,1.19038817
Odisha,NABARANGPUR,1997,Summer,Ragi,20,9,0.45
Odisha,NABARANGPUR,1997,Summer,Urad,10,2,0.2
Odisha,NABARANGPUR,1997,Whole Year,Potato,173,1490,8.612716763
Odisha,NABARANGPUR,1997,Winter,Arhar/Tur,153,39,0.254901961
Odisha,NABARANGPUR,1997,Winter,Horse-gram,6287,1949,0.310004772
Odisha,NABARANGPUR,1997,Winter,Paddy,106876,133844,1.252329803
Odisha,NABARANGPUR,1997,Winter,Ragi,3825,1492,0.390065359
Odisha,NABARANGPUR,1997,Winter,Sesamum,119,20,0.168067227
Odisha,NABARANGPUR,1997,Winter,Sugarcane,2833,156931,55.3939287
Odisha,NABARANGPUR,1997,Winter,Urad,7186,2106,0.293069858
Odisha,NABARANGPUR,1998,Autumn,Groundnut,59,53,0.898305085
Odisha,NABARANGPUR,1998,Autumn,Maize,19901,36194,1.818702578
Odisha,NABARANGPUR,1998,Autumn,Ragi,6292,3303,0.52495232
Odisha,NABARANGPUR,1998,Autumn,Rice,49365,38950,0.789020561
Odisha,NABARANGPUR,1998,Autumn,Urad,5811,3301,0.568060575
Odisha,NABARANGPUR,1998,Summer,Groundnut,3,6,2
Odisha,NABARANGPUR,1998,Summer,Horse-gram,102,15,0.147058824
Odisha,NABARANGPUR,1998,Summer,Maize,28,32,1.142857143
Odisha,NABARANGPUR,1998,Summer,Moong(Green Gram),14,6,0.428571429
Odisha,NABARANGPUR,1998,Summer,Ragi,8,4,0.5
Odisha,NABARANGPUR,1998,Summer,Rice,1218,2704,2.220032841
Odisha,NABARANGPUR,1998,Summer,Wheat,18,16,0.888888889
Odisha,NABARANGPUR,1998,Winter,Horse-gram,6909,2819,0.408018527
Odisha,NABARANGPUR,1998,Winter,Moong(Green Gram),1190,300,0.25210084
Odisha,NABARANGPUR,1998,Winter,Potato,79,781,9.886075949
Odisha,NABARANGPUR,1998,Winter,Ragi,2315,738,0.318790497
Odisha,NABARANGPUR,1998,Winter,Rapeseed &Mustard,1098,188,0.171220401
Odisha,NABARANGPUR,1998,Winter,Rice,102706,165625,1.6126127
Odisha,NABARANGPUR,1998,Winter,Sesamum,79,14,0.17721519
Odisha,NABARANGPUR,1998,Winter,Sugarcane,1925,99820,51.85454545
Odisha,NABARANGPUR,1998,Winter,Urad,10061,5090,0.505913925
Odisha,NABARANGPUR,1999,Autumn,Rice,47000,49000,1.042553191
Odisha,NABARANGPUR,1999,Kharif,Arhar/Tur,4650,3770,0.810752688
Odisha,NABARANGPUR,1999,Kharif,Bajra,160,150,0.9375
Odisha,NABARANGPUR,1999,Kharif,Castor seed,180,140,0.777777778
Odisha,NABARANGPUR,1999,Kharif,Cotton(lint),7280,12160,1.67032967
Odisha,NABARANGPUR,1999,Kharif,Dry chillies,960,1340,1.395833333
Odisha,NABARANGPUR,1999,Kharif,Dry ginger,90,140,1.555555556
Odisha,NABARANGPUR,1999,Kharif,Groundnut,1430,2850,1.993006993
Odisha,NABARANGPUR,1999,Kharif,Jowar,770,680,0.883116883
Odisha,NABARANGPUR,1999,Kharif,Jute,30,130,4.333333333
Odisha,NABARANGPUR,1999,Kharif,Maize,22290,35050,1.572454015
Odisha,NABARANGPUR,1999,Kharif,Mesta,560,3470,6.196428571
Odisha,NABARANGPUR,1999,Kharif,Moong(Green Gram),120,50,0.416666667
Odisha,NABARANGPUR,1999,Kharif,Niger seed,8290,3590,0.43305187
Odisha,NABARANGPUR,1999,Kharif,Ragi,11700,8750,0.747863248
Odisha,NABARANGPUR,1999,Kharif,Sesamum,650,290,0.446153846
Odisha,NABARANGPUR,1999,Kharif,Small millets,2180,930,0.426605505
Odisha,NABARANGPUR,1999,Kharif,Sweet potato,1410,13090,9.283687943
Odisha,NABARANGPUR,1999,Kharif,Turmeric,90,260,2.888888889
Odisha,NABARANGPUR,1999,Kharif,Urad,5190,2530,0.487475915
Odisha,NABARANGPUR,1999,Rabi,Castor seed,2250,960,0.426666667
Odisha,NABARANGPUR,1999,Rabi,Coriander,280,110,0.392857143
Odisha,NABARANGPUR,1999,Rabi,Dry chillies,1400,550,0.392857143
Odisha,NABARANGPUR,1999,Rabi,Garlic,100,370,3.7
Odisha,NABARANGPUR,1999,Rabi,Gram,3600,1560,0.433333333
Odisha,NABARANGPUR,1999,Rabi,Groundnut,130,170,1.307692308
Odisha,NABARANGPUR,1999,Rabi,Horse-gram,11090,3480,0.313796213
Odisha,NABARANGPUR,1999,Rabi,Linseed,2600,490,0.188461538
Odisha,NABARANGPUR,1999,Rabi,Maize,320,520,1.625
Odisha,NABARANGPUR,1999,Rabi,Moong(Green Gram),400,120,0.3
Odisha,NABARANGPUR,1999,Rabi,Ragi,20,20,1
Odisha,NABARANGPUR,1999,Rabi,Rapeseed &Mustard,640,290,0.453125
Odisha,NABARANGPUR,1999,Rabi,Safflower,50,10,0.2
Odisha,NABARANGPUR,1999,Rabi,Sesamum,130,50,0.384615385
Odisha,NABARANGPUR,1999,Rabi,Sunflower,190,100,0.526315789
Odisha,NABARANGPUR,1999,Rabi,Urad,150,50,0.333333333
Odisha,NABARANGPUR,1999,Rabi,Wheat,60,80,1.333333333
Odisha,NABARANGPUR,1999,Summer,Rice,1450,4450,3.068965517
Odisha,NABARANGPUR,1999,Whole Year,Onion,1460,7170,4.910958904
Odisha,NABARANGPUR,1999,Whole Year,Potato,60,430,7.166666667
Odisha,NABARANGPUR,1999,Whole Year,Sannhamp,230,1130,4.913043478
Odisha,NABARANGPUR,1999,Whole Year,Tobacco,400,260,0.65
Odisha,NABARANGPUR,1999,Winter,Rice,108000,188000,1.740740741
Odisha,NABARANGPUR,1999,Winter,Sugarcane,3910,136260,34.84910486
Odisha,NABARANGPUR,2000,Autumn,Rice,46750,30700,0.656684492
Odisha,NABARANGPUR,2000,Kharif,Arhar/Tur,5570,4570,0.820466786
Odisha,NABARANGPUR,2000,Kharif,Bajra,190,170,0.894736842
Odisha,NABARANGPUR,2000,Kharif,Castor seed,220,160,0.727272727
Odisha,NABARANGPUR,2000,Kharif,Cotton(lint),2610,4300,1.647509579
Odisha,NABARANGPUR,2000,Kharif,Dry ginger,100,190,1.9
Odisha,NABARANGPUR,2000,Kharif,Groundnut,119,89.7,0.753781513
Odisha,NABARANGPUR,2000,Kharif,Horse-gram,5548,1442.5,0.260003605
Odisha,NABARANGPUR,2000,Kharif,Jowar,290,260,0.896551724
Odisha,NABARANGPUR,2000,Kharif,Jute,20,90,4.5
Odisha,NABARANGPUR,2000,Kharif,Maize,18391,33232.2,1.806981676
Odisha,NABARANGPUR,2000,Kharif,Mesta,640,3030,4.734375
Odisha,NABARANGPUR,2000,Kharif,Moong(Green Gram),174,39.7,0.22816092
Odisha,NABARANGPUR,2000,Kharif,Niger seed,9400,2170,0.230851064
Odisha,NABARANGPUR,2000,Kharif,Ragi,8673,3776.6,0.43544333
Odisha,NABARANGPUR,2000,Kharif,Sesamum,283,30.8,0.108833922
Odisha,NABARANGPUR,2000,Kharif,Small millets,690,300,0.434782609
Odisha,NABARANGPUR,2000,Kharif,Urad,11017,4108.3,0.37290551
Odisha,NABARANGPUR,2000,Rabi,Castor seed,2020,860,0.425742574
Odisha,NABARANGPUR,2000,Rabi,Gram,3310,1450,0.438066465
Odisha,NABARANGPUR,2000,Rabi,Linseed,2640,480,0.181818182
Odisha,NABARANGPUR,2000,Rabi,Niger seed,1690,540,0.319526627
Odisha,NABARANGPUR,2000,Rabi,Other  Rabi pulses,72,31,0.430555556
Odisha,NABARANGPUR,2000,Rabi,Rapeseed &Mustard,307,51.9,0.169055375
Odisha,NABARANGPUR,2000,Rabi,Safflower,70,10,0.142857143
Odisha,NABARANGPUR,2000,Rabi,Sunflower,170,80,0.470588235
Odisha,NABARANGPUR,2000,Rabi,Wheat,39,41.4,1.061538462
Odisha,NABARANGPUR,2000,Summer,Rice,930,1610,1.731182796
Odisha,NABARANGPUR,2000,Whole Year,Coriander,240,120,0.5
Odisha,NABARANGPUR,2000,Whole Year,Dry chillies,1930,1580,0.81865285
Odisha,NABARANGPUR,2000,Whole Year,Garlic,70,220,3.142857143
Odisha,NABARANGPUR,2000,Whole Year,Onion,1360,11640,8.558823529
Odisha,NABARANGPUR,2000,Whole Year,Potato,129,1064,8.248062016
Odisha,NABARANGPUR,2000,Whole Year,Sannhamp,300,1410,4.7
Odisha,NABARANGPUR,2000,Whole Year,Sugarcane,754,32724.1,43.40066313
Odisha,NABARANGPUR,2000,Whole Year,Sweet potato,1300,10310,7.930769231
Odisha,NABARANGPUR,2000,Whole Year,Tobacco,90,40,0.444444444
Odisha,NABARANGPUR,2000,Whole Year,Turmeric,110,250,2.272727273
Odisha,NABARANGPUR,2000,Winter,Rice,105890,141360,1.334970252
Odisha,NABARANGPUR,2001,Kharif,Arhar/Tur,4890,3900,0.797546012
Odisha,NABARANGPUR,2001,Kharif,Bajra,200,150,0.75
Odisha,NABARANGPUR,2001,Kharif,Castor seed,250,230,0.92
Odisha,NABARANGPUR,2001,Kharif,Dry ginger,220,410,1.863636364
Odisha,NABARANGPUR,2001,Kharif,Groundnut,186,157.6,0.847311828
Odisha,NABARANGPUR,2001,Kharif,Horse-gram,4168,1450.3,0.347960653
Odisha,NABARANGPUR,2001,Kharif,Jowar,210,180,0.857142857
Odisha,NABARANGPUR,2001,Kharif,Maize,23348,24570.7,1.052368511
Odisha,NABARANGPUR,2001,Kharif,Moong(Green Gram),249,59.9,0.240562249
Odisha,NABARANGPUR,2001,Kharif,Niger seed,7880,2870,0.364213198
Odisha,NABARANGPUR,2001,Kharif,Ragi,7838,3203.1,0.408662924
Odisha,NABARANGPUR,2001,Kharif,Rice,166000,213000,1.28313253
Odisha,NABARANGPUR,2001,Kharif,Sesamum,11,2,0.181818182
Odisha,NABARANGPUR,2001,Kharif,Small millets,1520,610,0.401315789
Odisha,NABARANGPUR,2001,Kharif,Urad,16646,4994.3,0.300030037
Odisha,NABARANGPUR,2001,Rabi,Castor seed,2150,940,0.437209302
Odisha,NABARANGPUR,2001,Rabi,Gram,3380,1560,0.461538462
Odisha,NABARANGPUR,2001,Rabi,Linseed,2850,560,0.196491228
Odisha,NABARANGPUR,2001,Rabi,Niger seed,830,270,0.325301205
Odisha,NABARANGPUR,2001,Rabi,Other  Rabi pulses,1060,460,0.433962264
Odisha,NABARANGPUR,2001,Rabi,Rapeseed &Mustard,2,,
Odisha,NABARANGPUR,2001,Rabi,Safflower,180,40,0.222222222
Odisha,NABARANGPUR,2001,Rabi,Sunflower,210,100,0.476190476
Odisha,NABARANGPUR,2001,Rabi,Wheat,16,21.2,1.325
Odisha,NABARANGPUR,2001,Whole Year,Coriander,230,110,0.47826087
Odisha,NABARANGPUR,2001,Whole Year,Dry chillies,1910,1680,0.879581152
Odisha,NABARANGPUR,2001,Whole Year,Garlic,80,260,3.25
Odisha,NABARANGPUR,2001,Whole Year,Onion,680,6440,9.470588235
Odisha,NABARANGPUR,2001,Whole Year,Potato,79,633.1,8.013924051
Odisha,NABARANGPUR,2001,Whole Year,Sugarcane,1403,56470.8,40.25003564
Odisha,NABARANGPUR,2001,Whole Year,Sweet potato,1340,10680,7.970149254
Odisha,NABARANGPUR,2001,Whole Year,Tobacco,220,90,0.409090909
Odisha,NABARANGPUR,2001,Whole Year,Turmeric,140,340,2.428571429
Odisha,NABARANGPUR,2002,Kharif,Arhar/Tur,3380,2350,0.695266272
Odisha,NABARANGPUR,2002,Kharif,Bajra,140,80,0.571428571
Odisha,NABARANGPUR,2002,Kharif,Castor seed,210,120,0.571428571
Odisha,NABARANGPUR,2002,Kharif,Dry ginger,140,260,1.857142857
Odisha,NABARANGPUR,2002,Kharif,Groundnut,90,25.9,0.287777778
Odisha,NABARANGPUR,2002,Kharif,Horse-gram,4989,948.5,0.19011826
Odisha,NABARANGPUR,2002,Kharif,Jowar,150,110,0.733333333
Odisha,NABARANGPUR,2002,Kharif,Maize,10071,10741.4,1.066567372
Odisha,NABARANGPUR,2002,Kharif,Moong(Green Gram),119,11.2,0.094117647
Odisha,NABARANGPUR,2002,Kharif,Niger seed,4810,640,0.133056133
Odisha,NABARANGPUR,2002,Kharif,Ragi,8843,2416.9,0.273312224
Odisha,NABARANGPUR,2002,Kharif,Rice,158000,87000,0.550632911
Odisha,NABARANGPUR,2002,Kharif,Small millets,990,170,0.171717172
Odisha,NABARANGPUR,2002,Kharif,Urad,10773,1803.2,0.167381417
Odisha,NABARANGPUR,2002,Rabi,Castor seed,1550,550,0.35483871
Odisha,NABARANGPUR,2002,Rabi,Gram,2320,330,0.142241379
Odisha,NABARANGPUR,2002,Rabi,Linseed,1850,310,0.167567568
Odisha,NABARANGPUR,2002,Rabi,Niger seed,320,60,0.1875
Odisha,NABARANGPUR,2002,Rabi,Other  Rabi pulses,590,200,0.338983051
Odisha,NABARANGPUR,2002,Rabi,Rapeseed &Mustard,1,,
Odisha,NABARANGPUR,2002,Rabi,Safflower,150,30,0.2
Odisha,NABARANGPUR,2002,Rabi,Sunflower,90,30,0.333333333
Odisha,NABARANGPUR,2002,Rabi,Wheat,149,280.6,1.883221477
Odisha,NABARANGPUR,2002,Whole Year,Coriander,250,120,0.48
Odisha,NABARANGPUR,2002,Whole Year,Dry chillies,1260,1070,0.849206349
Odisha,NABARANGPUR,2002,Whole Year,Garlic,70,220,3.142857143
Odisha,NABARANGPUR,2002,Whole Year,Onion,520,9420,18.11538462
Odisha,NABARANGPUR,2002,Whole Year,Potato,158,1422.5,9.003164557
Odisha,NABARANGPUR,2002,Whole Year,Sugarcane,2528,107692.8,42.6
Odisha,NABARANGPUR,2002,Whole Year,Sweet potato,120,1000,8.333333333
Odisha,NABARANGPUR,2002,Whole Year,Tobacco,220,90,0.409090909
Odisha,NABARANGPUR,2002,Whole Year,Turmeric,120,250,2.083333333
Odisha,NABARANGPUR,2003,Kharif,Arhar/Tur,3910,1880,0.480818414
Odisha,NABARANGPUR,2003,Kharif,Bajra,70,40,0.571428571
Odisha,NABARANGPUR,2003,Kharif,Castor seed,200,60,0.3
Odisha,NABARANGPUR,2003,Kharif,Dry ginger,140,260,1.857142857
Odisha,NABARANGPUR,2003,Kharif,Groundnut,679,540,0.795287187
Odisha,NABARANGPUR,2003,Kharif,Horse-gram,5734,2322.3,0.405005232
Odisha,NABARANGPUR,2003,Kharif,Jowar,150,90,0.6
Odisha,NABARANGPUR,2003,Kharif,Maize,19807,39638.8,2.001252083
Odisha,NABARANGPUR,2003,Kharif,Moong(Green Gram),513,144.1,0.280896686
Odisha,NABARANGPUR,2003,Kharif,Niger seed,6540,1270,0.194189602
Odisha,NABARANGPUR,2003,Kharif,Ragi,10589,5414.2,0.511304184
Odisha,NABARANGPUR,2003,Kharif,Rice,162000,271000,1.672839506
Odisha,NABARANGPUR,2003,Kharif,Sesamum,5,1,0.2
Odisha,NABARANGPUR,2003,Kharif,Small millets,1580,640,0.405063291
Odisha,NABARANGPUR,2003,Kharif,Urad,8669,4065.8,0.469004499
Odisha,NABARANGPUR,2003,Rabi,Castor seed,1590,670,0.421383648
Odisha,NABARANGPUR,2003,Rabi,Gram,4130,1350,0.326876513
Odisha,NABARANGPUR,2003,Rabi,Linseed,1150,230,0.2
Odisha,NABARANGPUR,2003,Rabi,Niger seed,520,170,0.326923077
Odisha,NABARANGPUR,2003,Rabi,Other  Rabi pulses,940,390,0.414893617
Odisha,NABARANGPUR,2003,Rabi,Rapeseed &Mustard,5,0.4,0.08
Odisha,NABARANGPUR,2003,Rabi,Safflower,150,30,0.2
Odisha,NABARANGPUR,2003,Rabi,Sunflower,60,30,0.5
Odisha,NABARANGPUR,2003,Rabi,Wheat,75,129.9,1.732
Odisha,NABARANGPUR,2003,Whole Year,Coriander,210,100,0.476190476
Odisha,NABARANGPUR,2003,Whole Year,Dry chillies,1970,1670,0.847715736
Odisha,NABARANGPUR,2003,Whole Year,Garlic,70,210,3
Odisha,NABARANGPUR,2003,Whole Year,Onion,530,9620,18.1509434
Odisha,NABARANGPUR,2003,Whole Year,Potato,118,1127.5,9.555084746
Odisha,NABARANGPUR,2003,Whole Year,Sugarcane,859,42198.4,49.1250291
Odisha,NABARANGPUR,2003,Whole Year,Sweet potato,130,1040,8
Odisha,NABARANGPUR,2003,Whole Year,Tobacco,160,70,0.4375
Odisha,NABARANGPUR,2003,Whole Year,Turmeric,110,240,2.181818182
Odisha,NABARANGPUR,2004,Autumn,Groundnut,311,320,1.028938907
Odisha,NABARANGPUR,2004,Autumn,Maize,23495,55635.6,2.367976165
Odisha,NABARANGPUR,2004,Autumn,Ragi,4504,2031.3,0.450999112
Odisha,NABARANGPUR,2004,Autumn,Rice,52000,39000,0.75
Odisha,NABARANGPUR,2004,Kharif,Bajra,42,23,0.547619048
Odisha,NABARANGPUR,2004,Kharif,Castor seed,169,100,0.591715976
Odisha,NABARANGPUR,2004,Kharif,Dry ginger,129,239,1.852713178
Odisha,NABARANGPUR,2004,Kharif,Jowar,190,132,0.694736842
Odisha,NABARANGPUR,2004,Kharif,Small millets,1187,487,0.410278012
Odisha,NABARANGPUR,2004,Rabi,Castor seed,1601,700,0.437226733
Odisha,NABARANGPUR,2004,Rabi,Gram,4262,1854,0.435007039
Odisha,NABARANGPUR,2004,Rabi,Linseed,2970,594,0.2
Odisha,NABARANGPUR,2004,Rabi,Niger seed,5296,1149,0.216956193
Odisha,NABARANGPUR,2004,Rabi,Other  Rabi pulses,578,357,0.617647059
Odisha,NABARANGPUR,2004,Rabi,Safflower,138,36,0.260869565
Odisha,NABARANGPUR,2004,Rabi,Sunflower,52,34,0.653846154
Odisha,NABARANGPUR,2004,Summer,Groundnut,375,98.6,0.262933333
Odisha,NABARANGPUR,2004,Summer,Horse-gram,88,21.5,0.244318182
Odisha,NABARANGPUR,2004,Summer,Maize,1691,3759.1,2.22300414
Odisha,NABARANGPUR,2004,Summer,Moong(Green Gram),645,238.7,0.370077519
Odisha,NABARANGPUR,2004,Summer,Ragi,2,0.9,0.45
Odisha,NABARANGPUR,2004,Summer,Rice,2000,5000,2.5
Odisha,NABARANGPUR,2004,Summer,Wheat,42,57.1,1.35952381
Odisha,NABARANGPUR,2004,Whole Year,Coriander,276,134,0.485507246
Odisha,NABARANGPUR,2004,Whole Year,Dry chillies,1843,1560,0.846446012
Odisha,NABARANGPUR,2004,Whole Year,Garlic,82,263,3.207317073
Odisha,NABARANGPUR,2004,Whole Year,Onion,748,13550,18.11497326
Odisha,NABARANGPUR,2004,Whole Year,Sweet potato,129,1065,8.255813953
Odisha,NABARANGPUR,2004,Whole Year,Tobacco,139,63,0.45323741
Odisha,NABARANGPUR,2004,Whole Year,Turmeric,94,199,2.117021277
Odisha,NABARANGPUR,2004,Winter,Horse-gram,4847,1706.1,0.351990922
Odisha,NABARANGPUR,2004,Winter,Maize,1471,2975.8,2.022977566
Odisha,NABARANGPUR,2004,Winter,Potato,288,3068.9,10.65590278
Odisha,NABARANGPUR,2004,Winter,Ragi,1948,689.6,0.354004107
Odisha,NABARANGPUR,2004,Winter,Rapeseed &Mustard,1,0.1,0.1
Odisha,NABARANGPUR,2004,Winter,Rice,122000,189000,1.549180328
Odisha,NABARANGPUR,2004,Winter,Sesamum,1,,
Odisha,NABARANGPUR,2004,Winter,Sugarcane,1883,78771.5,41.83297929
Odisha,NABARANGPUR,2004,Winter,Urad,7958,2737.6,0.344006032
Odisha,NABARANGPUR,2005,Autumn,Groundnut,546,281.2,0.515018315
Odisha,NABARANGPUR,2005,Autumn,Maize,26157,53846.5,2.058588523
Odisha,NABARANGPUR,2005,Autumn,Ragi,4767,2021.2,0.423998322
Odisha,NABARANGPUR,2005,Autumn,Rice,45000,27000,0.6
Odisha,NABARANGPUR,2005,Summer,Groundnut,48,65.9,1.372916667
Odisha,NABARANGPUR,2005,Summer,Maize,1247,3024,2.425020048
Odisha,NABARANGPUR,2005,Summer,Moong(Green Gram),608,194.6,0.320065789
Odisha,NABARANGPUR,2005,Summer,Ragi,4,3.2,0.8
Odisha,NABARANGPUR,2005,Summer,Rice,1000,2000,2
Odisha,NABARANGPUR,2005,Summer,Wheat,72,116.9,1.623611111
Odisha,NABARANGPUR,2005,Winter,Horse-gram,5626,2064.7,0.366992535
Odisha,NABARANGPUR,2005,Winter,Maize,5616,12652.8,2.252991453
Odisha,NABARANGPUR,2005,Winter,Potato,130,762.2,5.863076923
Odisha,NABARANGPUR,2005,Winter,Ragi,1912,661.6,0.346025105
Odisha,NABARANGPUR,2005,Winter,Rapeseed &Mustard,27,4.3,0.159259259
Odisha,NABARANGPUR,2005,Winter,Rice,123000,175000,1.422764228
Odisha,NABARANGPUR,2005,Winter,Sesamum,140,29.5,0.210714286
Odisha,NABARANGPUR,2005,Winter,Sugarcane,1156,50302.2,43.51401384
Odisha,NABARANGPUR,2005,Winter,Urad,8999,3446.6,0.382998111
Odisha,NABARANGPUR,2006,Autumn,Groundnut,226,163.9,0.725221239
Odisha,NABARANGPUR,2006,Autumn,Maize,23181,50274.6,2.168784781
Odisha,NABARANGPUR,2006,Autumn,Ragi,4914,2147.4,0.436996337
Odisha,NABARANGPUR,2006,Autumn,Rice,42000,39000,0.928571429
Odisha,NABARANGPUR,2006,Summer,Maize,1553,3980,2.562781713
Odisha,NABARANGPUR,2006,Summer,Moong(Green Gram),154,47.6,0.309090909
Odisha,NABARANGPUR,2006,Summer,Ragi,1,0.5,0.5
Odisha,NABARANGPUR,2006,Summer,Rice,1000,2000,2
Odisha,NABARANGPUR,2006,Summer,Wheat,47,68.3,1.453191489
Odisha,NABARANGPUR,2006,Winter,Horse-gram,5022,1898.3,0.377996814
Odisha,NABARANGPUR,2006,Winter,Maize,5739,15305.9,2.666997735
Odisha,NABARANGPUR,2006,Winter,Potato,235,2032.8,8.650212766
Odisha,NABARANGPUR,2006,Winter,Ragi,2169,839.4,0.386998617
Odisha,NABARANGPUR,2006,Winter,Rapeseed &Mustard,14,1.2,0.085714286
Odisha,NABARANGPUR,2006,Winter,Rice,122000,175000,1.43442623
Odisha,NABARANGPUR,2006,Winter,Sesamum,55,8.9,0.161818182
Odisha,NABARANGPUR,2006,Winter,Sugarcane,2458,102333.9,41.6329943
Odisha,NABARANGPUR,2006,Winter,Urad,7469,3226.6,0.431998929
Odisha,NABARANGPUR,2007,Autumn,Groundnut,535,607.2,1.134953271
Odisha,NABARANGPUR,2007,Autumn,Maize,34559,86777.6,2.510998582
Odisha,NABARANGPUR,2007,Autumn,Ragi,4892,2353.1,0.481009812
Odisha,NABARANGPUR,2007,Autumn,Rice,39000,36000,0.923076923
Odisha,NABARANGPUR,2007,Summer,Groundnut,56,38.9,0.694642857
Odisha,NABARANGPUR,2007,Summer,Maize,2289,5681.3,2.482000874
Odisha,NABARANGPUR,2007,Summer,Moong(Green Gram),223,71.4,0.320179372
Odisha,NABARANGPUR,2007,Summer,Ragi,4,2.2,0.55
Odisha,NABARANGPUR,2007,Summer,Rice,2000,3000,1.5
Odisha,NABARANGPUR,2007,Summer,Wheat,221,348.5,1.576923077
Odisha,NABARANGPUR,2007,Winter,Horse-gram,4931,2228.8,0.451997566
Odisha,NABARANGPUR,2007,Winter,Maize,6341,17590,2.774010408
Odisha,NABARANGPUR,2007,Winter,Moong(Green Gram),140,50.1,0.357857143
Odisha,NABARANGPUR,2007,Winter,Potato,173,1492.1,8.624855491
Odisha,NABARANGPUR,2007,Winter,Ragi,1344,596.7,0.443973214
Odisha,NABARANGPUR,2007,Winter,Rapeseed &Mustard,34,4.4,0.129411765
Odisha,NABARANGPUR,2007,Winter,Rice,110000,188000,1.709090909
Odisha,NABARANGPUR,2007,Winter,Sesamum,26,3.7,0.142307692
Odisha,NABARANGPUR,2007,Winter,Sugarcane,4371,102521.8,23.45499886
Odisha,NABARANGPUR,2007,Winter,Urad,7984,3976,0.497995992
Odisha,NABARANGPUR,2008,Autumn,Groundnut,240,154.3,0.642916667
Odisha,NABARANGPUR,2008,Autumn,Maize,38851,98487.3,2.535000386
Odisha,NABARANGPUR,2008,Autumn,Ragi,3477,1477.7,0.42499281
Odisha,NABARANGPUR,2008,Autumn,Rice,35000,34000,0.971428571
Odisha,NABARANGPUR,2008,Summer,Groundnut,124,84.6,0.682258065
Odisha,NABARANGPUR,2008,Summer,Maize,1785,5328,2.98487395
Odisha,NABARANGPUR,2008,Summer,Moong(Green Gram),1065,449.4,0.421971831
Odisha,NABARANGPUR,2008,Summer,Ragi,4,1.5,0.375
Odisha,NABARANGPUR,2008,Summer,Rice,2000,3000,1.5
Odisha,NABARANGPUR,2008,Summer,Wheat,42,92.1,2.192857143
Odisha,NABARANGPUR,2008,Winter,Groundnut,2,1.6,0.8
Odisha,NABARANGPUR,2008,Winter,Horse-gram,3162,929.6,0.293991145
Odisha,NABARANGPUR,2008,Winter,Maize,187,496.1,2.652941176
Odisha,NABARANGPUR,2008,Winter,Moong(Green Gram),4,2.1,0.525
Odisha,NABARANGPUR,2008,Winter,Potato,157,1559.2,9.931210191
Odisha,NABARANGPUR,2008,Winter,Ragi,925,397.8,0.430054054
Odisha,NABARANGPUR,2008,Winter,Rice,122000,156000,1.278688525
Odisha,NABARANGPUR,2008,Winter,Sesamum,18,4.7,0.261111111
Odisha,NABARANGPUR,2008,Winter,Sugarcane,515,18255.2,35.44699029
Odisha,NABARANGPUR,2008,Winter,Urad,6712,2201.5,0.327994636
Odisha,NABARANGPUR,2009,Autumn,Groundnut,350,240.5,0.687142857
Odisha,NABARANGPUR,2009,Autumn,Maize,50484,139225.6,2.757816338
Odisha,NABARANGPUR,2009,Autumn,Ragi,3348,1406.2,0.420011947
Odisha,NABARANGPUR,2009,Autumn,Rice,42000,27000,0.642857143
Odisha,NABARANGPUR,2009,Summer,Groundnut,8,3.7,0.4625
Odisha,NABARANGPUR,2009,Summer,Maize,1658,4161.6,2.510012063
Odisha,NABARANGPUR,2009,Summer,Moong(Green Gram),490,223,0.455102041
Odisha,NABARANGPUR,2009,Summer,Ragi,5,1.4,0.28
Odisha,NABARANGPUR,2009,Summer,Rice,1000,1000,1
Odisha,NABARANGPUR,2009,Summer,Wheat,100,158,1.58
Odisha,NABARANGPUR,2009,Winter,Horse-gram,3487,1290.2,0.370002868
Odisha,NABARANGPUR,2009,Winter,Potato,85,849.1,9.989411765
Odisha,NABARANGPUR,2009,Winter,Ragi,1187,432.1,0.364026959
Odisha,NABARANGPUR,2009,Winter,Rapeseed &Mustard,1,0.1,0.1
Odisha,NABARANGPUR,2009,Winter,Rice,118000,187000,1.584745763
Odisha,NABARANGPUR,2009,Winter,Sugarcane,883,40658.6,46.04597961
Odisha,NABARANGPUR,2009,Winter,Urad,7753,3558.6,0.458996517
Odisha,NABARANGPUR,2010,Autumn,Groundnut,274,167.7,0.612043796
Odisha,NABARANGPUR,2010,Autumn,Maize,73950,232203,3.14
Odisha,NABARANGPUR,2010,Autumn,Ragi,3514,1623.5,0.462009106
Odisha,NABARANGPUR,2010,Autumn,Rice,35000,44000,1.257142857
Odisha,NABARANGPUR,2010,Summer,Groundnut,10,4.3,0.43
Odisha,NABARANGPUR,2010,Summer,Maize,3364,10529.3,3.129994055
Odisha,NABARANGPUR,2010,Summer,Moong(Green Gram),420,73.1,0.174047619
Odisha,NABARANGPUR,2010,Summer,Ragi,21,14.6,0.695238095
Odisha,NABARANGPUR,2010,Summer,Rice,3000,5000,1.666666667
Odisha,NABARANGPUR,2010,Summer,Wheat,38,67.1,1.765789474
Odisha,NABARANGPUR,2010,Winter,Horse-gram,3143,1122.1,0.35701559
Odisha,NABARANGPUR,2010,Winter,Maize,514,1155,2.247081712
Odisha,NABARANGPUR,2010,Winter,Potato,104,1414.7,13.60288462
Odisha,NABARANGPUR,2010,Winter,Ragi,572,195.1,0.341083916
Odisha,NABARANGPUR,2010,Winter,Rapeseed &Mustard,17,1.8,0.105882353
Odisha,NABARANGPUR,2010,Winter,Rice,109000,235000,2.155963303
Odisha,NABARANGPUR,2010,Winter,Sugarcane,582,29496.9,50.68195876
Odisha,NABARANGPUR,2010,Winter,Urad,8164,3967.7,0.48599951
Odisha,NABARANGPUR,2011,Autumn,Groundnut,390,108.4,0.277948718
Odisha,NABARANGPUR,2011,Autumn,Maize,63634,149158.1,2.344000063
Odisha,NABARANGPUR,2011,Autumn,Ragi,1889,621.5,0.329010058
Odisha,NABARANGPUR,2011,Autumn,Rice,26000,13000,0.5
Odisha,NABARANGPUR,2011,Summer,Groundnut,8,9.9,1.2375
Odisha,NABARANGPUR,2011,Summer,Maize,3125,8353.1,2.672992
Odisha,NABARANGPUR,2011,Summer,Moong(Green Gram),169,30.9,0.182840237
Odisha,NABARANGPUR,2011,Summer,Ragi,7,3,0.428571429
Odisha,NABARANGPUR,2011,Winter,Horse-gram,1379,251,0.182015954
Odisha,NABARANGPUR,2011,Winter,Niger seed,129,9,0.069767442
Odisha,NABARANGPUR,2011,Winter,Potato,12,164.5,13.70833333
Odisha,NABARANGPUR,2011,Winter,Ragi,494,121.5,0.245951417
Odisha,NABARANGPUR,2011,Winter,Rice,114000,84000,0.736842105
Odisha,NABARANGPUR,2011,Winter,Sugarcane,2436,99876,41
Odisha,NABARANGPUR,2011,Winter,Urad,3329,705.7,0.211985581
Odisha,NABARANGPUR,2012,Autumn,Groundnut,409,224.5,0.548899756
Odisha,NABARANGPUR,2012,Autumn,Maize,53923,160690.6,2.980001113
Odisha,NABARANGPUR,2012,Autumn,Ragi,1431,678.3,0.474004193
Odisha,NABARANGPUR,2012,Autumn,Rice,29000,44000,1.517241379
Odisha,NABARANGPUR,2012,Summer,Groundnut,1,0.5,0.5
Odisha,NABARANGPUR,2012,Summer,Maize,3042,8882.6,2.919986851
Odisha,NABARANGPUR,2012,Summer,Moong(Green Gram),128,46.5,0.36328125
Odisha,NABARANGPUR,2012,Summer,Ragi,33,21.9,0.663636364
Odisha,NABARANGPUR,2012,Summer,Rice,327000,2000,0.006116208
Odisha,NABARANGPUR,2012,Summer,Wheat,3,3.6,1.2
Odisha,NABARANGPUR,2012,Winter,Horse-gram,1686,740.2,0.439027284
Odisha,NABARANGPUR,2012,Winter,Potato,46,356.5,7.75
Odisha,NABARANGPUR,2012,Winter,Ragi,237,68,0.286919831
Odisha,NABARANGPUR,2012,Winter,Rice,114000,283000,2.48245614
Odisha,NABARANGPUR,2012,Winter,Sugarcane,3361,171891.6,51.14299316
Odisha,NABARANGPUR,2012,Winter,Urad,3402,1602.3,0.470987654
Odisha,NABARANGPUR,2013,Autumn,Groundnut,181,115.5,0.638121547
Odisha,NABARANGPUR,2013,Autumn,Maize,56139,202549.5,3.607999786
Odisha,NABARANGPUR,2013,Autumn,Ragi,1095,557.4,0.509041096
Odisha,NABARANGPUR,2013,Autumn,Rice,20000,34000,1.7
Odisha,NABARANGPUR,2013,Summer,Groundnut,32,18.6,0.58125
Odisha,NABARANGPUR,2013,Summer,Maize,2614,8438,3.22800306
Odisha,NABARANGPUR,2013,Summer,Moong(Green Gram),730,264.3,0.362054795
Odisha,NABARANGPUR,2013,Summer,Ragi,16,7.3,0.45625
Odisha,NABARANGPUR,2013,Summer,Rice,1000,3000,3
Odisha,NABARANGPUR,2013,Summer,Wheat,9,5.9,0.655555556
Odisha,NABARANGPUR,2013,Winter,Horse-gram,1644,905.8,0.550973236
Odisha,NABARANGPUR,2013,Winter,Potato,44,593.7,13.49318182
Odisha,NABARANGPUR,2013,Winter,Rice,126000,384000,3.047619048
Odisha,NABARANGPUR,2013,Winter,Sugarcane,1061,49923.2,47.0529689
Odisha,NABARANGPUR,2013,Winter,Urad,2610,1216.3,0.466015326
Odisha,NABARANGPUR,2014,Autumn,Groundnut,684,548.6,0.802046784
Odisha,NABARANGPUR,2014,Autumn,Maize,51473,131770.9,2.560000389
Odisha,NABARANGPUR,2014,Autumn,Ragi,1065,419.6,0.39399061
Odisha,NABARANGPUR,2014,Autumn,Rice,25000,39000,1.56
Odisha,NABARANGPUR,2014,Summer,Groundnut,19,18.8,0.989473684
Odisha,NABARANGPUR,2014,Summer,Maize,1374,4002.5,2.913027656
Odisha,NABARANGPUR,2014,Summer,Moong(Green Gram),335,143.7,0.428955224
Odisha,NABARANGPUR,2014,Summer,Ragi,7,2.9,0.414285714
Odisha,NABARANGPUR,2014,Summer,Urad,22,8.4,0.381818182
Odisha,NABARANGPUR,2014,Winter,Groundnut,11,12.4,1.127272727
Odisha,NABARANGPUR,2014,Winter,Horse-gram,1734,728.3,0.420011534
Odisha,NABARANGPUR,2014,Winter,Potato,182,2665.8,14.64725275
Odisha,NABARANGPUR,2014,Winter,Rice,122000,303000,2.483606557
Odisha,NABARANGPUR,2014,Winter,Sugarcane,1304,66895.2,51.3
Odisha,NABARANGPUR,2014,Winter,Urad,3043,1442.4,0.474005915
Odisha,NABARANGPUR,2015,Autumn,Groundnut,290,127.9,0.441034483
Odisha,NABARANGPUR,2015,Autumn,Maize,21666,47058.6,2.172002215
Odisha,NABARANGPUR,2015,Autumn,Ragi,1570,522.8,0.332993631
Odisha,NABARANGPUR,2015,Autumn,Rice,21000,17000,0.80952381
Odisha,NABARANGPUR,2015,Autumn,Urad,1,0.7,0.7
Odisha,NABARANGPUR,2015,Summer,Groundnut,35,21.5,0.614285714
Odisha,NABARANGPUR,2015,Summer,Maize,1842,5198.1,2.821986971
Odisha,NABARANGPUR,2015,Summer,Moong(Green Gram),210,104.2,0.496190476
Odisha,NABARANGPUR,2015,Summer,Ragi,36,17.4,0.483333333
Odisha,NABARANGPUR,2015,Summer,Rice,1000,2000,2
Odisha,NABARANGPUR,2015,Summer,Urad,48,34.1,0.710416667
Odisha,NABARANGPUR,2015,Summer,Wheat,20,26.1,1.305
Odisha,NABARANGPUR,2015,Winter,Horse-gram,3789,1443.6,0.380997625
Odisha,NABARANGPUR,2015,Winter,Maize,1,4.2,4.2
Odisha,NABARANGPUR,2015,Winter,Potato,59,650.7,11.02881356
Odisha,NABARANGPUR,2015,Winter,Ragi,1014,325.5,0.321005917
Odisha,NABARANGPUR,2015,Winter,Rice,116000,154000,1.327586207
Odisha,NABARANGPUR,2015,Winter,Sugarcane,614,40578.6,66.08892508
Odisha,NABARANGPUR,2015,Winter,Urad,7037,2751.5,0.391004689
Odisha,NAYAGARH,1997,Autumn,Groundnut,169,146,0.863905325
Odisha,NAYAGARH,1997,Autumn,Maize,587,473,0.805792164
Odisha,NAYAGARH,1997,Autumn,Paddy,3412,4595,1.346717468
Odisha,NAYAGARH,1997,Autumn,Ragi,318,183,0.575471698
Odisha,NAYAGARH,1997,Autumn,Sesamum,5,1,0.2
Odisha,NAYAGARH,1997,Autumn,Urad,34,11,0.323529412
Odisha,NAYAGARH,1997,Rabi,Wheat,58,47,0.810344828
Odisha,NAYAGARH,1997,Summer,Arhar/Tur,754,85,0.112732095
Odisha,NAYAGARH,1997,Summer,Groundnut,20,14,0.7
Odisha,NAYAGARH,1997,Summer,Horse-gram,16,6,0.375
Odisha,NAYAGARH,1997,Summer,Maize,3,2,0.666666667
Odisha,NAYAGARH,1997,Summer,Paddy,289,433,1.498269896
Odisha,NAYAGARH,1997,Summer,Sesamum,764,214,0.280104712
Odisha,NAYAGARH,1997,Summer,Urad,41,16,0.390243902
Odisha,NAYAGARH,1997,Whole Year,Potato,22,147,6.681818182
Odisha,NAYAGARH,1997,Winter,Arhar/Tur,26689,7313,0.274008018
Odisha,NAYAGARH,1997,Winter,Groundnut,15,15,1
Odisha,NAYAGARH,1997,Winter,Horse-gram,2473,739,0.298827335
Odisha,NAYAGARH,1997,Winter,Maize,7,7,1
Odisha,NAYAGARH,1997,Winter,Paddy,102402,180684,1.764457725
Odisha,NAYAGARH,1997,Winter,Ragi,10,1,0.1
Odisha,NAYAGARH,1997,Winter,Sesamum,953,192,0.201469045
Odisha,NAYAGARH,1997,Winter,Sugarcane,2046,123191,60.21065494
Odisha,NAYAGARH,1997,Winter,Urad,6441,1823,0.283030585
Odisha,NAYAGARH,1998,Autumn,Groundnut,131,145,1.106870229
Odisha,NAYAGARH,1998,Autumn,Maize,345,263,0.762318841
Odisha,NAYAGARH,1998,Autumn,Ragi,291,185,0.635738832
Odisha,NAYAGARH,1998,Autumn,Rice,3187,4073,1.278004393
Odisha,NAYAGARH,1998,Autumn,Urad,162,32,0.197530864
Odisha,NAYAGARH,1998,Summer,Groundnut,14,18,1.285714286
Odisha,NAYAGARH,1998,Summer,Maize,6,6,1
Odisha,NAYAGARH,1998,Summer,Moong(Green Gram),1006,454,0.451292247
Odisha,NAYAGARH,1998,Summer,Ragi,1,,
Odisha,NAYAGARH,1998,Summer,Rice,501,799,1.594810379
Odisha,NAYAGARH,1998,Summer,Sesamum,239,84,0.351464435
Odisha,NAYAGARH,1998,Summer,Urad,202,29,0.143564356
Odisha,NAYAGARH,1998,Summer,Wheat,6,3,0.5
Odisha,NAYAGARH,1998,Winter,Groundnut,145,179,1.234482759
Odisha,NAYAGARH,1998,Winter,Horse-gram,2662,868,0.326070624
Odisha,NAYAGARH,1998,Winter,Maize,3,2,0.666666667
Odisha,NAYAGARH,1998,Winter,Moong(Green Gram),31599,5561,0.175986582
Odisha,NAYAGARH,1998,Winter,Potato,42,390,9.285714286
Odisha,NAYAGARH,1998,Winter,Ragi,77,47,0.61038961
Odisha,NAYAGARH,1998,Winter,Rapeseed &Mustard,452,51,0.112831858
Odisha,NAYAGARH,1998,Winter,Rice,98826,170669,1.726964564
Odisha,NAYAGARH,1998,Winter,Sesamum,1021,162,0.158667973
Odisha,NAYAGARH,1998,Winter,Sugarcane,2608,168026,64.42714724
Odisha,NAYAGARH,1998,Winter,Urad,5279,1045,0.197954158
Odisha,NAYAGARH,1999,Autumn,Rice,3000,1000,0.333333333
Odisha,NAYAGARH,1999,Kharif,Arhar/Tur,1120,670,0.598214286
Odisha,NAYAGARH,1999,Kharif,Castor seed,50,30,0.6
Odisha,NAYAGARH,1999,Kharif,Cotton(lint),70,40,0.571428571
Odisha,NAYAGARH,1999,Kharif,Dry chillies,510,400,0.784313725
Odisha,NAYAGARH,1999,Kharif,Dry ginger,140,260,1.857142857
Odisha,NAYAGARH,1999,Kharif,Groundnut,500,510,1.02
Odisha,NAYAGARH,1999,Kharif,Jowar,80,50,0.625
Odisha,NAYAGARH,1999,Kharif,Jute,50,210,4.2
Odisha,NAYAGARH,1999,Kharif,Maize,3280,3040,0.926829268
Odisha,NAYAGARH,1999,Kharif,Mesta,60,190,3.166666667
Odisha,NAYAGARH,1999,Kharif,Moong(Green Gram),490,190,0.387755102
Odisha,NAYAGARH,1999,Kharif,Ragi,940,650,0.691489362
Odisha,NAYAGARH,1999,Kharif,Sesamum,3570,1530,0.428571429
Odisha,NAYAGARH,1999,Kharif,Small millets,100,60,0.6
Odisha,NAYAGARH,1999,Kharif,Sweet potato,320,2830,8.84375
Odisha,NAYAGARH,1999,Kharif,Turmeric,300,700,2.333333333
Odisha,NAYAGARH,1999,Kharif,Urad,4800,2140,0.445833333
Odisha,NAYAGARH,1999,Rabi,Castor seed,60,30,0.5
Odisha,NAYAGARH,1999,Rabi,Coriander,280,130,0.464285714
Odisha,NAYAGARH,1999,Rabi,Dry chillies,470,380,0.808510638
Odisha,NAYAGARH,1999,Rabi,Garlic,410,1270,3.097560976
Odisha,NAYAGARH,1999,Rabi,Gram,80,40,0.5
Odisha,NAYAGARH,1999,Rabi,Groundnut,600,860,1.433333333
Odisha,NAYAGARH,1999,Rabi,Horse-gram,17340,7490,0.43194925
Odisha,NAYAGARH,1999,Rabi,Linseed,910,350,0.384615385
Odisha,NAYAGARH,1999,Rabi,Maize,40,50,1.25
Odisha,NAYAGARH,1999,Rabi,Moong(Green Gram),38160,15950,0.417976939
Odisha,NAYAGARH,1999,Rabi,Ragi,30,20,0.666666667
Odisha,NAYAGARH,1999,Rabi,Rapeseed &Mustard,3170,1340,0.422712934
Odisha,NAYAGARH,1999,Rabi,Sesamum,1350,590,0.437037037
Odisha,NAYAGARH,1999,Rabi,Sunflower,480,230,0.479166667
Odisha,NAYAGARH,1999,Rabi,Urad,8280,3530,0.426328502
Odisha,NAYAGARH,1999,Rabi,Wheat,170,270,1.588235294
Odisha,NAYAGARH,1999,Summer,Rice,1030,2120,2.058252427
Odisha,NAYAGARH,1999,Whole Year,Onion,740,3250,4.391891892
Odisha,NAYAGARH,1999,Whole Year,Potato,20,130,6.5
Odisha,NAYAGARH,1999,Whole Year,Sannhamp,130,360,2.769230769
Odisha,NAYAGARH,1999,Winter,Rice,94000,66000,0.70212766
Odisha,NAYAGARH,1999,Winter,Sugarcane,3000,227190,75.73
Odisha,NAYAGARH,2000,Autumn,Rice,2790,2830,1.014336918
Odisha,NAYAGARH,2000,Kharif,Arhar/Tur,1350,860,0.637037037
Odisha,NAYAGARH,2000,Kharif,Castor seed,80,50,0.625
Odisha,NAYAGARH,2000,Kharif,Cotton(lint),40,60,1.5
Odisha,NAYAGARH,2000,Kharif,Dry ginger,130,230,1.769230769
Odisha,NAYAGARH,2000,Kharif,Groundnut,353,266.3,0.754390935
Odisha,NAYAGARH,2000,Kharif,Horse-gram,1529,316.5,0.206998038
Odisha,NAYAGARH,2000,Kharif,Jowar,90,70,0.777777778
Odisha,NAYAGARH,2000,Kharif,Jute,20,80,4
Odisha,NAYAGARH,2000,Kharif,Maize,606,556.7,0.918646865
Odisha,NAYAGARH,2000,Kharif,Mesta,460,1890,4.108695652
Odisha,NAYAGARH,2000,Kharif,Moong(Green Gram),17449,2722.3,0.156014671
Odisha,NAYAGARH,2000,Kharif,Other Kharif pulses,230,130,0.565217391
Odisha,NAYAGARH,2000,Kharif,Ragi,411,241.6,0.58783455
Odisha,NAYAGARH,2000,Kharif,Sesamum,1122,195.1,0.173885918
Odisha,NAYAGARH,2000,Kharif,Small millets,130,80,0.615384615
Odisha,NAYAGARH,2000,Kharif,Urad,3863,641.1,0.165959099
Odisha,NAYAGARH,2000,Rabi,Castor seed,70,40,0.571428571
Odisha,NAYAGARH,2000,Rabi,Gram,50,40,0.8
Odisha,NAYAGARH,2000,Rabi,Linseed,230,100,0.434782609
Odisha,NAYAGARH,2000,Rabi,Other  Rabi pulses,55,20,0.363636364
Odisha,NAYAGARH,2000,Rabi,Rapeseed &Mustard,378,45,0.119047619
Odisha,NAYAGARH,2000,Rabi,Sunflower,210,130,0.619047619
Odisha,NAYAGARH,2000,Rabi,Wheat,22,31.1,1.413636364
Odisha,NAYAGARH,2000,Summer,Rice,260,370,1.423076923
Odisha,NAYAGARH,2000,Whole Year,Coriander,130,60,0.461538462
Odisha,NAYAGARH,2000,Whole Year,Dry chillies,240,190,0.791666667
Odisha,NAYAGARH,2000,Whole Year,Garlic,220,670,3.045454545
Odisha,NAYAGARH,2000,Whole Year,Onion,350,1750,5
Odisha,NAYAGARH,2000,Whole Year,Potato,33,303.8,9.206060606
Odisha,NAYAGARH,2000,Whole Year,Sannhamp,80,370,4.625
Odisha,NAYAGARH,2000,Whole Year,Sugarcane,2356,145393,61.71179966
Odisha,NAYAGARH,2000,Whole Year,Sweet potato,120,1040,8.666666667
Odisha,NAYAGARH,2000,Whole Year,Turmeric,230,570,2.47826087
Odisha,NAYAGARH,2000,Winter,Rice,95570,110450,1.155697395
Odisha,NAYAGARH,2001,Kharif,Arhar/Tur,1390,1780,1.28057554
Odisha,NAYAGARH,2001,Kharif,Castor seed,80,50,0.625
Odisha,NAYAGARH,2001,Kharif,Dry ginger,150,270,1.8
Odisha,NAYAGARH,2001,Kharif,Groundnut,408,259.4,0.635784314
Odisha,NAYAGARH,2001,Kharif,Horse-gram,2535,811.2,0.32
Odisha,NAYAGARH,2001,Kharif,Jowar,80,70,0.875
Odisha,NAYAGARH,2001,Kharif,Maize,612,290.6,0.474836601
Odisha,NAYAGARH,2001,Kharif,Moong(Green Gram),27281,6192.8,0.227000477
Odisha,NAYAGARH,2001,Kharif,Ragi,314,180.9,0.57611465
Odisha,NAYAGARH,2001,Kharif,Rice,106000,174000,1.641509434
Odisha,NAYAGARH,2001,Kharif,Sesamum,953,208.3,0.218572928
Odisha,NAYAGARH,2001,Kharif,Small millets,160,100,0.625
Odisha,NAYAGARH,2001,Kharif,Urad,5265,1200.6,0.228034188
Odisha,NAYAGARH,2001,Rabi,Castor seed,80,50,0.625
Odisha,NAYAGARH,2001,Rabi,Gram,90,50,0.555555556
Odisha,NAYAGARH,2001,Rabi,Linseed,450,200,0.444444444
Odisha,NAYAGARH,2001,Rabi,Other  Rabi pulses,180,80,0.444444444
Odisha,NAYAGARH,2001,Rabi,Rapeseed &Mustard,501,60.6,0.120958084
Odisha,NAYAGARH,2001,Rabi,Safflower,50,20,0.4
Odisha,NAYAGARH,2001,Rabi,Sunflower,390,250,0.641025641
Odisha,NAYAGARH,2001,Rabi,Wheat,1,0.1,0.1
Odisha,NAYAGARH,2001,Whole Year,Coriander,140,70,0.5
Odisha,NAYAGARH,2001,Whole Year,Dry chillies,280,240,0.857142857
Odisha,NAYAGARH,2001,Whole Year,Garlic,260,820,3.153846154
Odisha,NAYAGARH,2001,Whole Year,Onion,460,2990,6.5
Odisha,NAYAGARH,2001,Whole Year,Potato,12,119.9,9.991666667
Odisha,NAYAGARH,2001,Whole Year,Sugarcane,1443,80737.3,55.95100485
Odisha,NAYAGARH,2001,Whole Year,Sweet potato,140,1140,8.142857143
Odisha,NAYAGARH,2001,Whole Year,Turmeric,250,620,2.48
Odisha,NAYAGARH,2002,Kharif,Arhar/Tur,1280,1550,1.2109375
Odisha,NAYAGARH,2002,Kharif,Bajra,150,100,0.666666667
Odisha,NAYAGARH,2002,Kharif,Castor seed,60,30,0.5
Odisha,NAYAGARH,2002,Kharif,Dry ginger,860,1570,1.825581395
Odisha,NAYAGARH,2002,Kharif,Groundnut,351,309.8,0.882621083
Odisha,NAYAGARH,2002,Kharif,Horse-gram,1608,352.2,0.219029851
Odisha,NAYAGARH,2002,Kharif,Jowar,80,60,0.75
Odisha,NAYAGARH,2002,Kharif,Maize,417,325.3,0.780095923
Odisha,NAYAGARH,2002,Kharif,Moong(Green Gram),14667,2390.8,0.163005386
Odisha,NAYAGARH,2002,Kharif,Other Kharif pulses,480,270,0.5625
Odisha,NAYAGARH,2002,Kharif,Ragi,135,61.6,0.456296296
Odisha,NAYAGARH,2002,Kharif,Rice,100000,62000,0.62
Odisha,NAYAGARH,2002,Kharif,Sesamum,828,112.4,0.135748792
Odisha,NAYAGARH,2002,Kharif,Urad,3494,577.8,0.165369204
Odisha,NAYAGARH,2002,Rabi,Castor seed,30,20,0.666666667
Odisha,NAYAGARH,2002,Rabi,Gram,100,30,0.3
Odisha,NAYAGARH,2002,Rabi,Linseed,710,120,0.169014085
Odisha,NAYAGARH,2002,Rabi,Other  Rabi pulses,2220,610,0.274774775
Odisha,NAYAGARH,2002,Rabi,Rapeseed &Mustard,314,36.4,0.115923567
Odisha,NAYAGARH,2002,Rabi,Safflower,10,10,1
Odisha,NAYAGARH,2002,Rabi,Sunflower,100,60,0.6
Odisha,NAYAGARH,2002,Rabi,Wheat,3,2,0.666666667
Odisha,NAYAGARH,2002,Whole Year,Coriander,220,100,0.454545455
Odisha,NAYAGARH,2002,Whole Year,Dry chillies,810,690,0.851851852
Odisha,NAYAGARH,2002,Whole Year,Garlic,240,760,3.166666667
Odisha,NAYAGARH,2002,Whole Year,Onion,470,3070,6.531914894
Odisha,NAYAGARH,2002,Whole Year,Potato,20,139.6,6.98
Odisha,NAYAGARH,2002,Whole Year,Sugarcane,1861,106385.9,57.16598603
Odisha,NAYAGARH,2002,Whole Year,Sweet potato,250,2000,8
Odisha,NAYAGARH,2002,Whole Year,Turmeric,2800,5940,2.121428571
Odisha,NAYAGARH,2003,Kharif,Arhar/Tur,1340,820,0.611940299
Odisha,NAYAGARH,2003,Kharif,Castor seed,50,20,0.4
Odisha,NAYAGARH,2003,Kharif,Dry ginger,460,840,1.826086957
Odisha,NAYAGARH,2003,Kharif,Groundnut,270,281.3,1.041851852
Odisha,NAYAGARH,2003,Kharif,Horse-gram,2248,698,0.310498221
Odisha,NAYAGARH,2003,Kharif,Jowar,130,50,0.384615385
Odisha,NAYAGARH,2003,Kharif,Maize,501,420.4,0.839121756
Odisha,NAYAGARH,2003,Kharif,Moong(Green Gram),28806,6711.8,0.233000069
Odisha,NAYAGARH,2003,Kharif,Other Kharif pulses,540,310,0.574074074
Odisha,NAYAGARH,2003,Kharif,Ragi,97,54.6,0.562886598
Odisha,NAYAGARH,2003,Kharif,Rice,97000,154000,1.587628866
Odisha,NAYAGARH,2003,Kharif,Sesamum,891,156.3,0.175420875
Odisha,NAYAGARH,2003,Kharif,Small millets,220,130,0.590909091
Odisha,NAYAGARH,2003,Kharif,Urad,7238,1638.2,0.226333241
Odisha,NAYAGARH,2003,Rabi,Castor seed,30,20,0.666666667
Odisha,NAYAGARH,2003,Rabi,Gram,80,30,0.375
Odisha,NAYAGARH,2003,Rabi,Linseed,820,190,0.231707317
Odisha,NAYAGARH,2003,Rabi,Other  Rabi pulses,310,150,0.483870968
Odisha,NAYAGARH,2003,Rabi,Rapeseed &Mustard,494,82.5,0.167004049
Odisha,NAYAGARH,2003,Rabi,Safflower,10,10,1
Odisha,NAYAGARH,2003,Rabi,Sunflower,130,80,0.615384615
Odisha,NAYAGARH,2003,Rabi,Wheat,40,74.3,1.8575
Odisha,NAYAGARH,2003,Whole Year,Coriander,220,100,0.454545455
Odisha,NAYAGARH,2003,Whole Year,Dry chillies,510,430,0.843137255
Odisha,NAYAGARH,2003,Whole Year,Garlic,240,750,3.125
Odisha,NAYAGARH,2003,Whole Year,Onion,450,2930,6.511111111
Odisha,NAYAGARH,2003,Whole Year,Potato,28,160.9,5.746428571
Odisha,NAYAGARH,2003,Whole Year,Sugarcane,2810,161892.5,57.61298932
Odisha,NAYAGARH,2003,Whole Year,Sweet potato,250,2050,8.2
Odisha,NAYAGARH,2003,Whole Year,Turmeric,2740,5800,2.116788321
Odisha,NAYAGARH,2004,Autumn,Groundnut,180,94.9,0.527222222
Odisha,NAYAGARH,2004,Autumn,Maize,439,407.3,0.927790433
Odisha,NAYAGARH,2004,Autumn,Ragi,67,35.2,0.525373134
Odisha,NAYAGARH,2004,Autumn,Rice,2000,2000,1
Odisha,NAYAGARH,2004,Autumn,Urad,9,2.1,0.233333333
Odisha,NAYAGARH,2004,Kharif,Bajra,48,18,0.375
Odisha,NAYAGARH,2004,Kharif,Castor seed,55,20,0.363636364
Odisha,NAYAGARH,2004,Kharif,Dry ginger,486,889,1.829218107
Odisha,NAYAGARH,2004,Kharif,Jowar,48,18,0.375
Odisha,NAYAGARH,2004,Kharif,Small millets,138,84,0.608695652
Odisha,NAYAGARH,2004,Rabi,Castor seed,21,10,0.476190476
Odisha,NAYAGARH,2004,Rabi,Gram,102,35,0.343137255
Odisha,NAYAGARH,2004,Rabi,Linseed,590,146,0.247457627
Odisha,NAYAGARH,2004,Rabi,Other  Rabi pulses,297,146,0.491582492
Odisha,NAYAGARH,2004,Rabi,Safflower,12,5,0.416666667
Odisha,NAYAGARH,2004,Rabi,Sunflower,220,134,0.609090909
Odisha,NAYAGARH,2004,Summer,Groundnut,68,86.8,1.276470588
Odisha,NAYAGARH,2004,Summer,Horse-gram,1,,
Odisha,NAYAGARH,2004,Summer,Maize,10,17.3,1.73
Odisha,NAYAGARH,2004,Summer,Sesamum,64,10.2,0.159375
Odisha,NAYAGARH,2004,Summer,Wheat,5,12.2,2.44
Odisha,NAYAGARH,2004,Whole Year,Coriander,261,118,0.45210728
Odisha,NAYAGARH,2004,Whole Year,Dry chillies,535,450,0.841121495
Odisha,NAYAGARH,2004,Whole Year,Garlic,243,771,3.172839506
Odisha,NAYAGARH,2004,Whole Year,Onion,530,3459,6.526415094
Odisha,NAYAGARH,2004,Whole Year,Sweet potato,258,2121,8.220930233
Odisha,NAYAGARH,2004,Whole Year,Turmeric,2584,5479,2.120356037
Odisha,NAYAGARH,2004,Winter,Groundnut,109,96.2,0.882568807
Odisha,NAYAGARH,2004,Winter,Horse-gram,1548,376.2,0.243023256
Odisha,NAYAGARH,2004,Winter,Moong(Green Gram),19254,3966.3,0.205998754
Odisha,NAYAGARH,2004,Winter,Potato,16,96.4,6.025
Odisha,NAYAGARH,2004,Winter,Rapeseed &Mustard,275,33,0.12
Odisha,NAYAGARH,2004,Winter,Rice,93000,118000,1.268817204
Odisha,NAYAGARH,2004,Winter,Sesamum,593,106.1,0.178920742
Odisha,NAYAGARH,2004,Winter,Sugarcane,1462,89233.2,61.03502052
Odisha,NAYAGARH,2004,Winter,Urad,5588,1072.9,0.192000716
Odisha,NAYAGARH,2005,Autumn,Groundnut,343,231.9,0.676093294
Odisha,NAYAGARH,2005,Autumn,Maize,574,627.1,1.092508711
Odisha,NAYAGARH,2005,Autumn,Ragi,62,39.4,0.635483871
Odisha,NAYAGARH,2005,Autumn,Rice,2000,2000,1
Odisha,NAYAGARH,2005,Autumn,Sesamum,1,0.2,0.2
Odisha,NAYAGARH,2005,Autumn,Urad,51,16.5,0.323529412
Odisha,NAYAGARH,2005,Summer,Groundnut,65,129.7,1.995384615
Odisha,NAYAGARH,2005,Summer,Horse-gram,1,0.1,0.1
Odisha,NAYAGARH,2005,Summer,Maize,3,4.4,1.466666667
Odisha,NAYAGARH,2005,Summer,Sesamum,191,39.7,0.207853403
Odisha,NAYAGARH,2005,Summer,Wheat,4,3.1,0.775
Odisha,NAYAGARH,2005,Winter,Groundnut,118,90.2,0.76440678
Odisha,NAYAGARH,2005,Winter,Horse-gram,2326,662.9,0.284995701
Odisha,NAYAGARH,2005,Winter,Moong(Green Gram),30460,5665.6,0.186001313
Odisha,NAYAGARH,2005,Winter,Potato,17,143.3,8.429411765
Odisha,NAYAGARH,2005,Winter,Ragi,1,0.3,0.3
Odisha,NAYAGARH,2005,Winter,Rapeseed &Mustard,492,57.6,0.117073171
Odisha,NAYAGARH,2005,Winter,Rice,98000,156000,1.591836735
Odisha,NAYAGARH,2005,Winter,Sesamum,648,97.2,0.15
Odisha,NAYAGARH,2005,Winter,Sugarcane,2522,150429.7,59.64698652
Odisha,NAYAGARH,2005,Winter,Urad,7280,1536.1,0.211002747
Odisha,NAYAGARH,2006,Autumn,Groundnut,251,162.9,0.649003984
Odisha,NAYAGARH,2006,Autumn,Maize,521,455.3,0.873896353
Odisha,NAYAGARH,2006,Autumn,Ragi,117,64.2,0.548717949
Odisha,NAYAGARH,2006,Autumn,Rice,2000,2000,1
Odisha,NAYAGARH,2006,Autumn,Sesamum,4,0.5,0.125
Odisha,NAYAGARH,2006,Autumn,Urad,27,6.6,0.244444444
Odisha,NAYAGARH,2006,Summer,Groundnut,59,60.9,1.03220339
Odisha,NAYAGARH,2006,Summer,Maize,47,74.4,1.582978723
Odisha,NAYAGARH,2006,Summer,Moong(Green Gram),1,,
Odisha,NAYAGARH,2006,Summer,Sesamum,526,84.2,0.160076046
Odisha,NAYAGARH,2006,Summer,Wheat,3,2.6,0.866666667
Odisha,NAYAGARH,2006,Winter,Groundnut,109,113.6,1.042201835
Odisha,NAYAGARH,2006,Winter,Horse-gram,2205,632.8,0.286984127
Odisha,NAYAGARH,2006,Winter,Moong(Green Gram),23585,5117.9,0.216998092
Odisha,NAYAGARH,2006,Winter,Potato,15,130.9,8.726666667
Odisha,NAYAGARH,2006,Winter,Rapeseed &Mustard,569,64.3,0.113005272
Odisha,NAYAGARH,2006,Winter,Rice,100000,149000,1.49
Odisha,NAYAGARH,2006,Winter,Sesamum,888,148.3,0.167004505
Odisha,NAYAGARH,2006,Winter,Sugarcane,3336,235064.6,70.46300959
Odisha,NAYAGARH,2006,Winter,Urad,6357,1621,0.254994494
Odisha,NAYAGARH,2007,Autumn,Groundnut,219,177.6,0.810958904
Odisha,NAYAGARH,2007,Autumn,Maize,536,598.3,1.116231343
Odisha,NAYAGARH,2007,Autumn,Ragi,179,114,0.636871508
Odisha,NAYAGARH,2007,Autumn,Rice,2000,2000,1
Odisha,NAYAGARH,2007,Autumn,Sesamum,1,0.3,0.3
Odisha,NAYAGARH,2007,Autumn,Urad,36,16.8,0.466666667
Odisha,NAYAGARH,2007,Summer,Groundnut,48,52.1,1.085416667
Odisha,NAYAGARH,2007,Summer,Horse-gram,6,1.5,0.25
Odisha,NAYAGARH,2007,Summer,Maize,11,17.2,1.563636364
Odisha,NAYAGARH,2007,Summer,Sesamum,433,78.8,0.181986143
Odisha,NAYAGARH,2007,Summer,Wheat,8,12.2,1.525
Odisha,NAYAGARH,2007,Winter,Groundnut,252,331.1,1.313888889
Odisha,NAYAGARH,2007,Winter,Horse-gram,1763,481.3,0.273000567
Odisha,NAYAGARH,2007,Winter,Moong(Green Gram),22342,4915.2,0.21999821
Odisha,NAYAGARH,2007,Winter,Potato,26,185.8,7.146153846
Odisha,NAYAGARH,2007,Winter,Rapeseed &Mustard,411,46.4,0.112895377
Odisha,NAYAGARH,2007,Winter,Rice,94000,172000,1.829787234
Odisha,NAYAGARH,2007,Winter,Sesamum,601,94.4,0.157071547
Odisha,NAYAGARH,2007,Winter,Sugarcane,2840,177948.7,62.65799296
Odisha,NAYAGARH,2007,Winter,Urad,5832,1265.5,0.216992455
Odisha,NAYAGARH,2008,Autumn,Groundnut,226,185.5,0.82079646
Odisha,NAYAGARH,2008,Autumn,Maize,496,551.8,1.1125
Odisha,NAYAGARH,2008,Autumn,Ragi,208,132.1,0.635096154
Odisha,NAYAGARH,2008,Autumn,Rice,1000,2000,2
Odisha,NAYAGARH,2008,Autumn,Urad,28,8.3,0.296428571
Odisha,NAYAGARH,2008,Summer,Groundnut,42,47.7,1.135714286
Odisha,NAYAGARH,2008,Summer,Maize,17,28,1.647058824
Odisha,NAYAGARH,2008,Summer,Sesamum,198,52.3,0.264141414
Odisha,NAYAGARH,2008,Summer,Wheat,8,6.6,0.825
Odisha,NAYAGARH,2008,Winter,Groundnut,325,444.3,1.367076923
Odisha,NAYAGARH,2008,Winter,Horse-gram,1584,462.5,0.291982323
Odisha,NAYAGARH,2008,Winter,Maize,5,6.2,1.24
Odisha,NAYAGARH,2008,Winter,Moong(Green Gram),18564,4362.5,0.234997845
Odisha,NAYAGARH,2008,Winter,Potato,10,56.1,5.61
Odisha,NAYAGARH,2008,Winter,Ragi,33,6.7,0.203030303
Odisha,NAYAGARH,2008,Winter,Rapeseed &Mustard,457,50.7,0.110940919
Odisha,NAYAGARH,2008,Winter,Rice,93000,129000,1.387096774
Odisha,NAYAGARH,2008,Winter,Sesamum,693,110.9,0.16002886
Odisha,NAYAGARH,2008,Winter,Sugarcane,1910,122278.2,64.02
Odisha,NAYAGARH,2008,Winter,Urad,5050,1282.7,0.254
Odisha,NAYAGARH,2009,Autumn,Groundnut,86,87.5,1.01744186
Odisha,NAYAGARH,2009,Autumn,Maize,446,447.2,1.002690583
Odisha,NAYAGARH,2009,Autumn,Moong(Green Gram),1,0.3,0.3
Odisha,NAYAGARH,2009,Autumn,Ragi,194,112.7,0.580927835
Odisha,NAYAGARH,2009,Autumn,Rice,1000,2000,2
Odisha,NAYAGARH,2009,Autumn,Urad,66,23.3,0.353030303
Odisha,NAYAGARH,2009,Summer,Groundnut,71,101.4,1.428169014
Odisha,NAYAGARH,2009,Summer,Maize,5,17.6,3.52
Odisha,NAYAGARH,2009,Summer,Sesamum,110,21.6,0.196363636
Odisha,NAYAGARH,2009,Summer,Wheat,2,4,2
Odisha,NAYAGARH,2009,Winter,Groundnut,51,64.1,1.256862745
Odisha,NAYAGARH,2009,Winter,Horse-gram,1935,611.5,0.316020672
Odisha,NAYAGARH,2009,Winter,Moong(Green Gram),32102,7511.9,0.234000997
Odisha,NAYAGARH,2009,Winter,Potato,8,86.7,10.8375
Odisha,NAYAGARH,2009,Winter,Ragi,8,5.9,0.7375
Odisha,NAYAGARH,2009,Winter,Rapeseed &Mustard,388,61.3,0.157989691
Odisha,NAYAGARH,2009,Winter,Rice,101000,153000,1.514851485
Odisha,NAYAGARH,2009,Winter,Sesamum,771,151.9,0.197016861
Odisha,NAYAGARH,2009,Winter,Sugarcane,1311,87395.2,66.66300534
Odisha,NAYAGARH,2009,Winter,Urad,6379,1428.9,0.224000627
Odisha,NAYAGARH,2010,Autumn,Groundnut,77,78.6,1.020779221
Odisha,NAYAGARH,2010,Autumn,Maize,629,983.9,1.564228935
Odisha,NAYAGARH,2010,Autumn,Ragi,148,107.7,0.727702703
Odisha,NAYAGARH,2010,Autumn,Rice,2000,3000,1.5
Odisha,NAYAGARH,2010,Autumn,Sesamum,5,1.7,0.34
Odisha,NAYAGARH,2010,Autumn,Urad,50,10.3,0.206
Odisha,NAYAGARH,2010,Summer,Groundnut,5,6,1.2
Odisha,NAYAGARH,2010,Summer,Horse-gram,8,2.8,0.35
Odisha,NAYAGARH,2010,Summer,Maize,22,36.7,1.668181818
Odisha,NAYAGARH,2010,Summer,Moong(Green Gram),13915,2629.9,0.188997485
Odisha,NAYAGARH,2010,Summer,Ragi,1,1.2,1.2
Odisha,NAYAGARH,2010,Summer,Sesamum,159,35.1,0.220754717
Odisha,NAYAGARH,2010,Summer,Urad,333,79.9,0.23993994
Odisha,NAYAGARH,2010,Summer,Wheat,3,1.9,0.633333333
Odisha,NAYAGARH,2010,Winter,Groundnut,174,215.9,1.240804598
Odisha,NAYAGARH,2010,Winter,Horse-gram,2275,718.9,0.316
Odisha,NAYAGARH,2010,Winter,Moong(Green Gram),11320,2603.6,0.23
Odisha,NAYAGARH,2010,Winter,Potato,2,18.2,9.1
Odisha,NAYAGARH,2010,Winter,Ragi,5,4.1,0.82
Odisha,NAYAGARH,2010,Winter,Rapeseed &Mustard,410,46.3,0.112926829
Odisha,NAYAGARH,2010,Winter,Rice,92000,153000,1.663043478
Odisha,NAYAGARH,2010,Winter,Sesamum,499,116.8,0.234068136
Odisha,NAYAGARH,2010,Winter,Sugarcane,2533,164979.4,65.13201737
Odisha,NAYAGARH,2010,Winter,Urad,5344,1111.6,0.208008982
Odisha,NAYAGARH,2011,Autumn,Groundnut,96,104.9,1.092708333
Odisha,NAYAGARH,2011,Autumn,Maize,600,982.1,1.636833333
Odisha,NAYAGARH,2011,Autumn,Ragi,124,82.2,0.662903226
Odisha,NAYAGARH,2011,Autumn,Rice,1000,1000,1
Odisha,NAYAGARH,2011,Summer,Groundnut,7,10.7,1.528571429
Odisha,NAYAGARH,2011,Summer,Horse-gram,1,0.1,0.1
Odisha,NAYAGARH,2011,Summer,Maize,1,1.5,1.5
Odisha,NAYAGARH,2011,Summer,Moong(Green Gram),2650,230.6,0.087018868
Odisha,NAYAGARH,2011,Summer,Sesamum,362,54.7,0.151104972
Odisha,NAYAGARH,2011,Summer,Urad,2,0.3,0.15
Odisha,NAYAGARH,2011,Summer,Wheat,1,1,1
Odisha,NAYAGARH,2011,Winter,Groundnut,149,185.8,1.246979866
Odisha,NAYAGARH,2011,Winter,Horse-gram,844,195,0.231042654
Odisha,NAYAGARH,2011,Winter,Maize,1,1.1,1.1
Odisha,NAYAGARH,2011,Winter,Moong(Green Gram),5295,963.7,0.182001889
Odisha,NAYAGARH,2011,Winter,Potato,5,41.3,8.26
Odisha,NAYAGARH,2011,Winter,Rapeseed &Mustard,161,17.4,0.108074534
Odisha,NAYAGARH,2011,Winter,Rice,85000,54000,0.635294118
Odisha,NAYAGARH,2011,Winter,Sesamum,189,33.8,0.178835979
Odisha,NAYAGARH,2011,Winter,Sugarcane,2375,144799,60.968
Odisha,NAYAGARH,2011,Winter,Urad,3039,477.1,0.156992432
Odisha,NAYAGARH,2012,Autumn,Groundnut,71,99.3,1.398591549
Odisha,NAYAGARH,2012,Autumn,Maize,374,490.4,1.311229947
Odisha,NAYAGARH,2012,Autumn,Ragi,93,55.3,0.594623656
Odisha,NAYAGARH,2012,Autumn,Rice,1000,1000,1
Odisha,NAYAGARH,2012,Summer,Groundnut,2,2.7,1.35
Odisha,NAYAGARH,2012,Summer,Maize,3,2,0.666666667
Odisha,NAYAGARH,2012,Summer,Moong(Green Gram),8,2.5,0.3125
Odisha,NAYAGARH,2012,Summer,Rice,209000,,
Odisha,NAYAGARH,2012,Summer,Sesamum,19,3,0.157894737
Odisha,NAYAGARH,2012,Winter,Groundnut,106,161.9,1.527358491
Odisha,NAYAGARH,2012,Winter,Horse-gram,1559,522.3,0.33502245
Odisha,NAYAGARH,2012,Winter,Moong(Green Gram),26575,8291.4,0.312
Odisha,NAYAGARH,2012,Winter,Potato,3,22.1,7.366666667
Odisha,NAYAGARH,2012,Winter,Rapeseed &Mustard,293,46.6,0.159044369
Odisha,NAYAGARH,2012,Winter,Rice,95000,208000,2.189473684
Odisha,NAYAGARH,2012,Winter,Sesamum,219,46.9,0.214155251
Odisha,NAYAGARH,2012,Winter,Sugarcane,1241,84836,68.36099919
Odisha,NAYAGARH,2012,Winter,Urad,5182,1601.2,0.308992667
Odisha,NAYAGARH,2013,Autumn,Groundnut,1,0.6,0.6
Odisha,NAYAGARH,2013,Autumn,Maize,299,468.1,1.565551839
Odisha,NAYAGARH,2013,Autumn,Ragi,27,13.3,0.492592593
Odisha,NAYAGARH,2013,Autumn,Rice,1000,1000,1
Odisha,NAYAGARH,2013,Summer,Groundnut,1,0.5,0.5
Odisha,NAYAGARH,2013,Summer,Maize,3,3.2,1.066666667
Odisha,NAYAGARH,2013,Summer,Sesamum,19,4.3,0.226315789
Odisha,NAYAGARH,2013,Summer,Urad,51,15.5,0.303921569
Odisha,NAYAGARH,2013,Winter,Groundnut,41,44.6,1.087804878
Odisha,NAYAGARH,2013,Winter,Horse-gram,1377,399.3,0.289978214
Odisha,NAYAGARH,2013,Winter,Moong(Green Gram),31814,9162.4,0.287998994
Odisha,NAYAGARH,2013,Winter,Potato,1,9.8,9.8
Odisha,NAYAGARH,2013,Winter,Rapeseed &Mustard,224,29.3,0.130803571
Odisha,NAYAGARH,2013,Winter,Rice,101000,85000,0.841584158
Odisha,NAYAGARH,2013,Winter,Sesamum,79,12.8,0.162025316
Odisha,NAYAGARH,2013,Winter,Sugarcane,1354,66684.5,49.25
Odisha,NAYAGARH,2013,Winter,Urad,5312,1529.9,0.288008283
Odisha,NAYAGARH,2014,Autumn,Groundnut,21,14.3,0.680952381
Odisha,NAYAGARH,2014,Autumn,Maize,298,524.8,1.761073826
Odisha,NAYAGARH,2014,Autumn,Ragi,31,19.1,0.616129032
Odisha,NAYAGARH,2014,Autumn,Rice,1000,1000,1
Odisha,NAYAGARH,2014,Summer,Groundnut,1,1.7,1.7
Odisha,NAYAGARH,2014,Summer,Horse-gram,2,0.5,0.25
Odisha,NAYAGARH,2014,Summer,Maize,1,0.9,0.9
Odisha,NAYAGARH,2014,Summer,Rice,1000,1000,1
Odisha,NAYAGARH,2014,Summer,Sesamum,10,4.5,0.45
Odisha,NAYAGARH,2014,Winter,Horse-gram,992,319.4,0.321975806
Odisha,NAYAGARH,2014,Winter,Moong(Green Gram),33033,12552.5,0.379998789
Odisha,NAYAGARH,2014,Winter,Potato,1,15,15
Odisha,NAYAGARH,2014,Winter,Rapeseed &Mustard,262,43.8,0.167175573
Odisha,NAYAGARH,2014,Winter,Rice,90000,190000,2.111111111
Odisha,NAYAGARH,2014,Winter,Sesamum,186,35.9,0.193010753
Odisha,NAYAGARH,2014,Winter,Sugarcane,1040,71794.3,69.03298077
Odisha,NAYAGARH,2014,Winter,Urad,4664,1655.7,0.354995712
Odisha,NAYAGARH,2015,Autumn,Maize,317,568.5,1.793375394
Odisha,NAYAGARH,2015,Autumn,Ragi,37,34,0.918918919
Odisha,NAYAGARH,2015,Autumn,Rice,1000,,
Odisha,NAYAGARH,2015,Summer,Groundnut,2,2.5,1.25
Odisha,NAYAGARH,2015,Summer,Horse-gram,22,2,0.090909091
Odisha,NAYAGARH,2015,Summer,Maize,1,1.3,1.3
Odisha,NAYAGARH,2015,Summer,Moong(Green Gram),2397,273.3,0.114017522
Odisha,NAYAGARH,2015,Summer,Sesamum,15,1.8,0.12
Odisha,NAYAGARH,2015,Summer,Urad,44,5.7,0.129545455
Odisha,NAYAGARH,2015,Winter,Horse-gram,730,181.8,0.249041096
Odisha,NAYAGARH,2015,Winter,Maize,3,2.9,0.966666667
Odisha,NAYAGARH,2015,Winter,Moong(Green Gram),17485,3584.4,0.20499857
Odisha,NAYAGARH,2015,Winter,Rapeseed &Mustard,202,21.8,0.107920792
Odisha,NAYAGARH,2015,Winter,Rice,90000,77000,0.855555556
Odisha,NAYAGARH,2015,Winter,Sesamum,127,17.9,0.140944882
Odisha,NAYAGARH,2015,Winter,Sugarcane,537,26467.7,49.28808194
Odisha,NAYAGARH,2015,Winter,Urad,1773,404.2,0.227975183
Odisha,NUAPADA,1997,Autumn,Arhar/Tur,12,1,0.083333333
Odisha,NUAPADA,1997,Autumn,Groundnut,1893,1036,0.547279451
Odisha,NUAPADA,1997,Autumn,Jute,50,60,1.2
Odisha,NUAPADA,1997,Autumn,Maize,564,307,0.544326241
Odisha,NUAPADA,1997,Autumn,Paddy,40130,27994,0.697582856
Odisha,NUAPADA,1997,Autumn,Ragi,1093,462,0.422689844
Odisha,NUAPADA,1997,Autumn,Sesamum,216,10,0.046296296
Odisha,NUAPADA,1997,Autumn,Urad,2039,251,0.123099559
Odisha,NUAPADA,1997,Rabi,Wheat,56,30,0.535714286
Odisha,NUAPADA,1997,Summer,Arhar/Tur,1326,229,0.172699849
Odisha,NUAPADA,1997,Summer,Groundnut,1201,1338,1.114071607
Odisha,NUAPADA,1997,Summer,Paddy,2640,3909,1.480681818
Odisha,NUAPADA,1997,Summer,Sesamum,47,5,0.106382979
Odisha,NUAPADA,1997,Whole Year,Potato,13,123,9.461538462
Odisha,NUAPADA,1997,Winter,Arhar/Tur,821,109,0.132764921
Odisha,NUAPADA,1997,Winter,Groundnut,237,267,1.126582278
Odisha,NUAPADA,1997,Winter,Horse-gram,6928,1434,0.206986143
Odisha,NUAPADA,1997,Winter,Paddy,64504,71235,1.104350118
Odisha,NUAPADA,1997,Winter,Sesamum,1248,85,0.068108974
Odisha,NUAPADA,1997,Winter,Sugarcane,67,2944,43.94029851
Odisha,NUAPADA,1997,Winter,Urad,218,30,0.137614679
Odisha,NUAPADA,1998,Autumn,Groundnut,1153,839,0.727666956
Odisha,NUAPADA,1998,Autumn,Maize,484,260,0.537190083
Odisha,NUAPADA,1998,Autumn,Moong(Green Gram),159,29,0.182389937
Odisha,NUAPADA,1998,Autumn,Ragi,836,318,0.380382775
Odisha,NUAPADA,1998,Autumn,Rice,40580,22238,0.548003943
Odisha,NUAPADA,1998,Autumn,Sesamum,189,15,0.079365079
Odisha,NUAPADA,1998,Autumn,Urad,3078,409,0.132878493
Odisha,NUAPADA,1998,Summer,Groundnut,589,631,1.071307301
Odisha,NUAPADA,1998,Summer,Moong(Green Gram),1961,339,0.172870984
Odisha,NUAPADA,1998,Summer,Rice,2176,2709,1.244944853
Odisha,NUAPADA,1998,Summer,Sesamum,1,,
Odisha,NUAPADA,1998,Summer,Urad,20,1,0.05
Odisha,NUAPADA,1998,Summer,Wheat,34,42,1.235294118
Odisha,NUAPADA,1998,Winter,Groundnut,39,9,0.230769231
Odisha,NUAPADA,1998,Winter,Horse-gram,5688,852,0.14978903
Odisha,NUAPADA,1998,Winter,Maize,7,3,0.428571429
Odisha,NUAPADA,1998,Winter,Moong(Green Gram),565,50,0.088495575
Odisha,NUAPADA,1998,Winter,Potato,31,200,6.451612903
Odisha,NUAPADA,1998,Winter,Ragi,46,31,0.673913043
Odisha,NUAPADA,1998,Winter,Rapeseed &Mustard,64,3,0.046875
Odisha,NUAPADA,1998,Winter,Rice,62144,64685,1.040888903
Odisha,NUAPADA,1998,Winter,Sesamum,548,42,0.076642336
Odisha,NUAPADA,1998,Winter,Sugarcane,38,1920,50.52631579
Odisha,NUAPADA,1998,Winter,Urad,283,24,0.084805654
Odisha,NUAPADA,1999,Autumn,Rice,36000,28000,0.777777778
Odisha,NUAPADA,1999,Kharif,Arhar/Tur,8040,4420,0.549751244
Odisha,NUAPADA,1999,Kharif,Bajra,20,10,0.5
Odisha,NUAPADA,1999,Kharif,Castor seed,1030,260,0.252427184
Odisha,NUAPADA,1999,Kharif,Cotton(lint),1380,1990,1.442028986
Odisha,NUAPADA,1999,Kharif,Dry chillies,780,200,0.256410256
Odisha,NUAPADA,1999,Kharif,Dry ginger,50,40,0.8
Odisha,NUAPADA,1999,Kharif,Groundnut,11150,8360,0.749775785
Odisha,NUAPADA,1999,Kharif,Jowar,410,110,0.268292683
Odisha,NUAPADA,1999,Kharif,Maize,2080,3420,1.644230769
Odisha,NUAPADA,1999,Kharif,Mesta,810,2250,2.777777778
Odisha,NUAPADA,1999,Kharif,Moong(Green Gram),15420,1850,0.11997406
Odisha,NUAPADA,1999,Kharif,Niger seed,30,10,0.333333333
Odisha,NUAPADA,1999,Kharif,Ragi,5830,2620,0.449399657
Odisha,NUAPADA,1999,Kharif,Sesamum,11310,1240,0.109637489
Odisha,NUAPADA,1999,Kharif,Small millets,1610,610,0.378881988
Odisha,NUAPADA,1999,Kharif,Soyabean,60,10,0.166666667
Odisha,NUAPADA,1999,Kharif,Sunflower,520,310,0.596153846
Odisha,NUAPADA,1999,Kharif,Sweet potato,620,3740,6.032258065
Odisha,NUAPADA,1999,Kharif,Turmeric,120,310,2.583333333
Odisha,NUAPADA,1999,Kharif,Urad,12950,6480,0.5003861
Odisha,NUAPADA,1999,Rabi,Castor seed,600,180,0.3
Odisha,NUAPADA,1999,Rabi,Coriander,830,210,0.253012048
Odisha,NUAPADA,1999,Rabi,Dry chillies,930,510,0.548387097
Odisha,NUAPADA,1999,Rabi,Garlic,240,670,2.791666667
Odisha,NUAPADA,1999,Rabi,Gram,2290,1030,0.449781659
Odisha,NUAPADA,1999,Rabi,Groundnut,2510,5120,2.039840637
Odisha,NUAPADA,1999,Rabi,Horse-gram,19750,2570,0.130126582
Odisha,NUAPADA,1999,Rabi,Linseed,3150,880,0.279365079
Odisha,NUAPADA,1999,Rabi,Maize,160,290,1.8125
Odisha,NUAPADA,1999,Rabi,Masoor,4280,1670,0.390186916
Odisha,NUAPADA,1999,Rabi,Moong(Green Gram),5430,980,0.180478821
Odisha,NUAPADA,1999,Rabi,Rapeseed &Mustard,2450,440,0.179591837
Odisha,NUAPADA,1999,Rabi,Safflower,570,200,0.350877193
Odisha,NUAPADA,1999,Rabi,Sesamum,410,140,0.341463415
Odisha,NUAPADA,1999,Rabi,Sunflower,350,300,0.857142857
Odisha,NUAPADA,1999,Rabi,Sweet potato,480,4700,9.791666667
Odisha,NUAPADA,1999,Rabi,Urad,2620,660,0.251908397
Odisha,NUAPADA,1999,Rabi,Wheat,620,510,0.822580645
Odisha,NUAPADA,1999,Summer,Rice,3830,6280,1.639686684
Odisha,NUAPADA,1999,Whole Year,Onion,1750,10300,5.885714286
Odisha,NUAPADA,1999,Whole Year,Potato,10,100,10
Odisha,NUAPADA,1999,Whole Year,Sannhamp,500,1190,2.38
Odisha,NUAPADA,1999,Whole Year,Tobacco,220,80,0.363636364
Odisha,NUAPADA,1999,Winter,Rice,60000,70000,1.166666667
Odisha,NUAPADA,1999,Winter,Sugarcane,230,10510,45.69565217
Odisha,NUAPADA,2000,Autumn,Rice,46440,12380,0.266580534
Odisha,NUAPADA,2000,Kharif,Arhar/Tur,9700,1940,0.2
Odisha,NUAPADA,2000,Kharif,Castor seed,1350,600,0.444444444
Odisha,NUAPADA,2000,Kharif,Cotton(lint),1470,1950,1.326530612
Odisha,NUAPADA,2000,Kharif,Dry ginger,40,70,1.75
Odisha,NUAPADA,2000,Kharif,Groundnut,1885,784.3,0.416074271
Odisha,NUAPADA,2000,Kharif,Horse-gram,4639,334,0.071998275
Odisha,NUAPADA,2000,Kharif,Jowar,490,100,0.204081633
Odisha,NUAPADA,2000,Kharif,Maize,440,205.7,0.4675
Odisha,NUAPADA,2000,Kharif,Mesta,810,1800,2.222222222
Odisha,NUAPADA,2000,Kharif,Moong(Green Gram),1558,150.7,0.096726573
Odisha,NUAPADA,2000,Kharif,Ragi,827,282,0.340991536
Odisha,NUAPADA,2000,Kharif,Sesamum,1346,67.6,0.050222883
Odisha,NUAPADA,2000,Kharif,Small millets,3640,800,0.21978022
Odisha,NUAPADA,2000,Kharif,Sunflower,630,380,0.603174603
Odisha,NUAPADA,2000,Kharif,Urad,3319,394.6,0.118891232
Odisha,NUAPADA,2000,Rabi,Castor seed,280,90,0.321428571
Odisha,NUAPADA,2000,Rabi,Gram,1360,460,0.338235294
Odisha,NUAPADA,2000,Rabi,Linseed,1930,410,0.212435233
Odisha,NUAPADA,2000,Rabi,Rapeseed &Mustard,8,0.4,0.05
Odisha,NUAPADA,2000,Rabi,Sunflower,160,40,0.25
Odisha,NUAPADA,2000,Rabi,Wheat,78,75.8,0.971794872
Odisha,NUAPADA,2000,Summer,Rice,320,380,1.1875
Odisha,NUAPADA,2000,Whole Year,Coriander,190,90,0.473684211
Odisha,NUAPADA,2000,Whole Year,Dry chillies,990,840,0.848484848
Odisha,NUAPADA,2000,Whole Year,Garlic,90,280,3.111111111
Odisha,NUAPADA,2000,Whole Year,Onion,680,5680,8.352941176
Odisha,NUAPADA,2000,Whole Year,Potato,22,106.5,4.840909091
Odisha,NUAPADA,2000,Whole Year,Sannhamp,510,990,1.941176471
Odisha,NUAPADA,2000,Whole Year,Sugarcane,18,732.9,40.71666667
Odisha,NUAPADA,2000,Whole Year,Sweet potato,540,4900,9.074074074
Odisha,NUAPADA,2000,Whole Year,Tobacco,130,20,0.153846154
Odisha,NUAPADA,2000,Whole Year,Turmeric,140,310,2.214285714
Odisha,NUAPADA,2000,Winter,Rice,58990,19080,0.323444652
Odisha,NUAPADA,2001,Kharif,Arhar/Tur,8000,3840,0.48
Odisha,NUAPADA,2001,Kharif,Castor seed,1090,190,0.174311927
Odisha,NUAPADA,2001,Kharif,Dry ginger,80,130,1.625
Odisha,NUAPADA,2001,Kharif,Groundnut,1463,845.7,0.578058783
Odisha,NUAPADA,2001,Kharif,Horse-gram,3280,554.3,0.168993902
Odisha,NUAPADA,2001,Kharif,Jowar,400,100,0.25
Odisha,NUAPADA,2001,Kharif,Maize,425,196.6,0.462588235
Odisha,NUAPADA,2001,Kharif,Moong(Green Gram),1068,127.8,0.119662921
Odisha,NUAPADA,2001,Kharif,Niger seed,50,10,0.2
Odisha,NUAPADA,2001,Kharif,Ragi,781,319.6,0.40921895
Odisha,NUAPADA,2001,Kharif,Rice,111000,141000,1.27027027
Odisha,NUAPADA,2001,Kharif,Sesamum,1327,125.9,0.094875659
Odisha,NUAPADA,2001,Kharif,Small millets,1920,480,0.25
Odisha,NUAPADA,2001,Kharif,Sunflower,310,90,0.290322581
Odisha,NUAPADA,2001,Kharif,Urad,4132,579.7,0.140295257
Odisha,NUAPADA,2001,Rabi,Castor seed,780,270,0.346153846
Odisha,NUAPADA,2001,Rabi,Gram,1980,750,0.378787879
Odisha,NUAPADA,2001,Rabi,Linseed,3120,800,0.256410256
Odisha,NUAPADA,2001,Rabi,Masoor,3350,1040,0.310447761
Odisha,NUAPADA,2001,Rabi,Rapeseed &Mustard,28,1.5,0.053571429
Odisha,NUAPADA,2001,Rabi,Safflower,810,680,0.839506173
Odisha,NUAPADA,2001,Rabi,Sunflower,580,190,0.327586207
Odisha,NUAPADA,2001,Rabi,Wheat,26,14.6,0.561538462
Odisha,NUAPADA,2001,Whole Year,Coriander,160,80,0.5
Odisha,NUAPADA,2001,Whole Year,Dry chillies,1010,890,0.881188119
Odisha,NUAPADA,2001,Whole Year,Garlic,180,560,3.111111111
Odisha,NUAPADA,2001,Whole Year,Onion,1390,11610,8.352517986
Odisha,NUAPADA,2001,Whole Year,Potato,4,23.4,5.85
Odisha,NUAPADA,2001,Whole Year,Sugarcane,11,509.8,46.34545455
Odisha,NUAPADA,2001,Whole Year,Sweet potato,550,4640,8.436363636
Odisha,NUAPADA,2001,Whole Year,Tobacco,220,30,0.136363636
Odisha,NUAPADA,2001,Whole Year,Turmeric,160,360,2.25
Odisha,NUAPADA,2002,Kharif,Arhar/Tur,5370,2040,0.379888268
Odisha,NUAPADA,2002,Kharif,Castor seed,180,20,0.111111111
Odisha,NUAPADA,2002,Kharif,Dry ginger,80,140,1.75
Odisha,NUAPADA,2002,Kharif,Groundnut,668,239.9,0.359131737
Odisha,NUAPADA,2002,Kharif,Horse-gram,3150,230,0.073015873
Odisha,NUAPADA,2002,Kharif,Jowar,60,20,0.333333333
Odisha,NUAPADA,2002,Kharif,Maize,531,157.2,0.296045198
Odisha,NUAPADA,2002,Kharif,Moong(Green Gram),843,55.7,0.066073547
Odisha,NUAPADA,2002,Kharif,Ragi,802,182.7,0.227805486
Odisha,NUAPADA,2002,Kharif,Rice,103000,27000,0.262135922
Odisha,NUAPADA,2002,Kharif,Sesamum,300,10.4,0.034666667
Odisha,NUAPADA,2002,Kharif,Small millets,3260,1060,0.325153374
Odisha,NUAPADA,2002,Kharif,Sunflower,20,10,0.5
Odisha,NUAPADA,2002,Kharif,Urad,4030,258.1,0.064044665
Odisha,NUAPADA,2002,Rabi,Castor seed,260,30,0.115384615
Odisha,NUAPADA,2002,Rabi,Gram,650,100,0.153846154
Odisha,NUAPADA,2002,Rabi,Linseed,1360,120,0.088235294
Odisha,NUAPADA,2002,Rabi,Rapeseed &Mustard,7,0.4,0.057142857
Odisha,NUAPADA,2002,Rabi,Safflower,190,10,0.052631579
Odisha,NUAPADA,2002,Rabi,Sunflower,130,10,0.076923077
Odisha,NUAPADA,2002,Rabi,Wheat,81,85.1,1.050617284
Odisha,NUAPADA,2002,Whole Year,Coriander,650,320,0.492307692
Odisha,NUAPADA,2002,Whole Year,Dry chillies,2820,2230,0.790780142
Odisha,NUAPADA,2002,Whole Year,Garlic,500,1550,3.1
Odisha,NUAPADA,2002,Whole Year,Onion,980,8180,8.346938776
Odisha,NUAPADA,2002,Whole Year,Potato,3,32.6,10.86666667
Odisha,NUAPADA,2002,Whole Year,Sugarcane,10,350.3,35.03
Odisha,NUAPADA,2002,Whole Year,Sweet potato,1100,9010,8.190909091
Odisha,NUAPADA,2002,Whole Year,Turmeric,10,20,2
Odisha,NUAPADA,2003,Kharif,Arhar/Tur,8740,3020,0.345537757
Odisha,NUAPADA,2003,Kharif,Bajra,20,10,0.5
Odisha,NUAPADA,2003,Kharif,Castor seed,1220,220,0.180327869
Odisha,NUAPADA,2003,Kharif,Dry ginger,160,290,1.8125
Odisha,NUAPADA,2003,Kharif,Groundnut,504,419.4,0.832142857
Odisha,NUAPADA,2003,Kharif,Horse-gram,5214,792.5,0.15199463
Odisha,NUAPADA,2003,Kharif,Jowar,200,100,0.5
Odisha,NUAPADA,2003,Kharif,Maize,548,324.4,0.591970803
Odisha,NUAPADA,2003,Kharif,Moong(Green Gram),1622,413.5,0.254932182
Odisha,NUAPADA,2003,Kharif,Ragi,482,224.1,0.464937759
Odisha,NUAPADA,2003,Kharif,Rice,108000,140000,1.296296296
Odisha,NUAPADA,2003,Kharif,Sesamum,340,25.1,0.073823529
Odisha,NUAPADA,2003,Kharif,Small millets,1810,650,0.359116022
Odisha,NUAPADA,2003,Kharif,Sunflower,30,10,0.333333333
Odisha,NUAPADA,2003,Kharif,Urad,6333,715.6,0.112995421
Odisha,NUAPADA,2003,Rabi,Castor seed,280,120,0.428571429
Odisha,NUAPADA,2003,Rabi,Gram,1520,490,0.322368421
Odisha,NUAPADA,2003,Rabi,Linseed,2400,620,0.258333333
Odisha,NUAPADA,2003,Rabi,Rapeseed &Mustard,37,2.1,0.056756757
Odisha,NUAPADA,2003,Rabi,Safflower,210,30,0.142857143
Odisha,NUAPADA,2003,Rabi,Sunflower,270,90,0.333333333
Odisha,NUAPADA,2003,Rabi,Wheat,52,65.1,1.251923077
Odisha,NUAPADA,2003,Whole Year,Coriander,550,270,0.490909091
Odisha,NUAPADA,2003,Whole Year,Dry chillies,2860,2260,0.79020979
Odisha,NUAPADA,2003,Whole Year,Garlic,230,730,3.173913043
Odisha,NUAPADA,2003,Whole Year,Onion,960,8040,8.375
Odisha,NUAPADA,2003,Whole Year,Potato,11,76.5,6.954545455
Odisha,NUAPADA,2003,Whole Year,Sugarcane,1,42.4,42.4
Odisha,NUAPADA,2003,Whole Year,Sweet potato,1090,9070,8.321100917
Odisha,NUAPADA,2003,Whole Year,Tobacco,40,10,0.25
Odisha,NUAPADA,2003,Whole Year,Turmeric,260,510,1.961538462
Odisha,NUAPADA,2004,Autumn,Groundnut,407,295.5,0.726044226
Odisha,NUAPADA,2004,Autumn,Maize,452,211,0.466814159
Odisha,NUAPADA,2004,Autumn,Moong(Green Gram),156,16.4,0.105128205
Odisha,NUAPADA,2004,Autumn,Ragi,285,101.7,0.356842105
Odisha,NUAPADA,2004,Autumn,Rice,45000,28000,0.622222222
Odisha,NUAPADA,2004,Autumn,Sesamum,98,10.1,0.103061224
Odisha,NUAPADA,2004,Autumn,Urad,4966,581,0.11699557
Odisha,NUAPADA,2004,Kharif,Castor seed,1309,230,0.175706646
Odisha,NUAPADA,2004,Kharif,Dry ginger,125,225,1.8
Odisha,NUAPADA,2004,Kharif,Jowar,98,38,0.387755102
Odisha,NUAPADA,2004,Kharif,Small millets,2985,1090,0.365159129
Odisha,NUAPADA,2004,Rabi,Castor seed,266,110,0.413533835
Odisha,NUAPADA,2004,Rabi,Gram,1790,737,0.411731844
Odisha,NUAPADA,2004,Rabi,Linseed,1820,601,0.33021978
Odisha,NUAPADA,2004,Rabi,Masoor,1780,600,0.337078652
Odisha,NUAPADA,2004,Rabi,Other  Rabi pulses,540,189,0.35
Odisha,NUAPADA,2004,Rabi,Safflower,127,41,0.322834646
Odisha,NUAPADA,2004,Rabi,Sunflower,257,126,0.490272374
Odisha,NUAPADA,2004,Summer,Groundnut,328,330.3,1.007012195
Odisha,NUAPADA,2004,Summer,Moong(Green Gram),605,95,0.157024793
Odisha,NUAPADA,2004,Summer,Rice,4000,5000,1.25
Odisha,NUAPADA,2004,Summer,Sesamum,8,0.8,0.1
Odisha,NUAPADA,2004,Summer,Wheat,20,16.6,0.83
Odisha,NUAPADA,2004,Whole Year,Coriander,489,240,0.490797546
Odisha,NUAPADA,2004,Whole Year,Dry chillies,3093,1650,0.533462658
Odisha,NUAPADA,2004,Whole Year,Garlic,280,870,3.107142857
Odisha,NUAPADA,2004,Whole Year,Onion,561,4684,8.349376114
Odisha,NUAPADA,2004,Whole Year,Sweet potato,1030,8595,8.344660194
Odisha,NUAPADA,2004,Whole Year,Tobacco,40,20,0.5
Odisha,NUAPADA,2004,Whole Year,Turmeric,190,381,2.005263158
Odisha,NUAPADA,2004,Winter,Groundnut,249,250.5,1.006024096
Odisha,NUAPADA,2004,Winter,Horse-gram,2526,351.1,0.138994458
Odisha,NUAPADA,2004,Winter,Moong(Green Gram),68,5.6,0.082352941
Odisha,NUAPADA,2004,Winter,Potato,20,91.3,4.565
Odisha,NUAPADA,2004,Winter,Rapeseed &Mustard,17,1,0.058823529
Odisha,NUAPADA,2004,Winter,Rice,57000,60000,1.052631579
Odisha,NUAPADA,2004,Winter,Sesamum,60,7.4,0.123333333
Odisha,NUAPADA,2004,Winter,Sugarcane,7,385,55
Odisha,NUAPADA,2004,Winter,Urad,37,3.1,0.083783784
Odisha,NUAPADA,2005,Autumn,Groundnut,487,323.9,0.665092402
Odisha,NUAPADA,2005,Autumn,Maize,352,196,0.556818182
Odisha,NUAPADA,2005,Autumn,Moong(Green Gram),366,30.4,0.083060109
Odisha,NUAPADA,2005,Autumn,Ragi,330,128.4,0.389090909
Odisha,NUAPADA,2005,Autumn,Rice,42000,25000,0.595238095
Odisha,NUAPADA,2005,Autumn,Sesamum,333,29,0.087087087
Odisha,NUAPADA,2005,Autumn,Urad,5029,553.2,0.110001988
Odisha,NUAPADA,2005,Summer,Groundnut,358,391.7,1.094134078
Odisha,NUAPADA,2005,Summer,Horse-gram,3,0.7,0.233333333
Odisha,NUAPADA,2005,Summer,Maize,1,0.9,0.9
Odisha,NUAPADA,2005,Summer,Moong(Green Gram),1457,154.4,0.105971174
Odisha,NUAPADA,2005,Summer,Rice,4000,7000,1.75
Odisha,NUAPADA,2005,Summer,Sesamum,3,0.9,0.3
Odisha,NUAPADA,2005,Summer,Wheat,92,97.7,1.061956522
Odisha,NUAPADA,2005,Winter,Horse-gram,2592,277.3,0.106983025
Odisha,NUAPADA,2005,Winter,Moong(Green Gram),12,1.9,0.158333333
Odisha,NUAPADA,2005,Winter,Potato,11,122,11.09090909
Odisha,NUAPADA,2005,Winter,Ragi,1,0.6,0.6
Odisha,NUAPADA,2005,Winter,Rapeseed &Mustard,56,2.4,0.042857143
Odisha,NUAPADA,2005,Winter,Rice,61000,71000,1.163934426
Odisha,NUAPADA,2005,Winter,Sesamum,137,6.2,0.045255474
Odisha,NUAPADA,2005,Winter,Sugarcane,19,779,41
Odisha,NUAPADA,2005,Winter,Urad,70,6.4,0.091428571
Odisha,NUAPADA,2006,Autumn,Groundnut,570,446.9,0.784035088
Odisha,NUAPADA,2006,Autumn,Maize,279,145.3,0.52078853
Odisha,NUAPADA,2006,Autumn,Moong(Green Gram),356,29.2,0.082022472
Odisha,NUAPADA,2006,Autumn,Ragi,292,123.8,0.423972603
Odisha,NUAPADA,2006,Autumn,Rice,40000,32000,0.8
Odisha,NUAPADA,2006,Autumn,Sesamum,322,19.6,0.060869565
Odisha,NUAPADA,2006,Autumn,Urad,4744,474.4,0.1
Odisha,NUAPADA,2006,Summer,Groundnut,149,134.5,0.902684564
Odisha,NUAPADA,2006,Summer,Moong(Green Gram),939,99.5,0.105963791
Odisha,NUAPADA,2006,Summer,Rice,3000,6000,2
Odisha,NUAPADA,2006,Summer,Wheat,4,3.1,0.775
Odisha,NUAPADA,2006,Winter,Horse-gram,2751,332.9,0.121010542
Odisha,NUAPADA,2006,Winter,Moong(Green Gram),160,16,0.1
Odisha,NUAPADA,2006,Winter,Potato,16,97.4,6.0875
Odisha,NUAPADA,2006,Winter,Rapeseed &Mustard,87,3.5,0.040229885
Odisha,NUAPADA,2006,Winter,Rice,66000,81000,1.227272727
Odisha,NUAPADA,2006,Winter,Sesamum,137,6.6,0.048175182
Odisha,NUAPADA,2006,Winter,Sugarcane,8,486.4,60.8
Odisha,NUAPADA,2006,Winter,Urad,432,46.7,0.108101852
Odisha,NUAPADA,2007,Autumn,Groundnut,794,720.2,0.907052897
Odisha,NUAPADA,2007,Autumn,Maize,279,154.5,0.553763441
Odisha,NUAPADA,2007,Autumn,Moong(Green Gram),335,36.5,0.108955224
Odisha,NUAPADA,2007,Autumn,Ragi,350,191.8,0.548
Odisha,NUAPADA,2007,Autumn,Rice,40000,42000,1.05
Odisha,NUAPADA,2007,Autumn,Sesamum,406,29.2,0.071921182
Odisha,NUAPADA,2007,Autumn,Urad,6823,1009.8,0.147999414
Odisha,NUAPADA,2007,Summer,Groundnut,356,488.1,1.371067416
Odisha,NUAPADA,2007,Summer,Maize,5,6.4,1.28
Odisha,NUAPADA,2007,Summer,Moong(Green Gram),2761,648.8,0.234987323
Odisha,NUAPADA,2007,Summer,Rice,3000,8000,2.666666667
Odisha,NUAPADA,2007,Summer,Wheat,61,100.6,1.649180328
Odisha,NUAPADA,2007,Winter,Groundnut,21,23.2,1.104761905
Odisha,NUAPADA,2007,Winter,Horse-gram,2685,649.8,0.242011173
Odisha,NUAPADA,2007,Winter,Maize,1,2.7,2.7
Odisha,NUAPADA,2007,Winter,Moong(Green Gram),336,90,0.267857143
Odisha,NUAPADA,2007,Winter,Potato,17,149.3,8.782352941
Odisha,NUAPADA,2007,Winter,Rapeseed &Mustard,52,3.8,0.073076923
Odisha,NUAPADA,2007,Winter,Rice,66000,149000,2.257575758
Odisha,NUAPADA,2007,Winter,Sesamum,254,34,0.133858268
Odisha,NUAPADA,2007,Winter,Sugarcane,11,534.2,48.56363636
Odisha,NUAPADA,2007,Winter,Urad,92,50.5,0.548913043
Odisha,NUAPADA,2008,Autumn,Groundnut,614,482,0.785016287
Odisha,NUAPADA,2008,Autumn,Maize,235,152.3,0.648085106
Odisha,NUAPADA,2008,Autumn,Moong(Green Gram),466,49.9,0.107081545
Odisha,NUAPADA,2008,Autumn,Ragi,284,127.8,0.45
Odisha,NUAPADA,2008,Autumn,Rice,40000,39000,0.975
Odisha,NUAPADA,2008,Autumn,Sesamum,246,17.5,0.071138211
Odisha,NUAPADA,2008,Autumn,Urad,4652,702.5,0.151010318
Odisha,NUAPADA,2008,Summer,Groundnut,143,182.2,1.274125874
Odisha,NUAPADA,2008,Summer,Moong(Green Gram),1948,469.5,0.241016427
Odisha,NUAPADA,2008,Summer,Rice,4000,9000,2.25
Odisha,NUAPADA,2008,Summer,Wheat,33,49.2,1.490909091
Odisha,NUAPADA,2008,Winter,Horse-gram,2278,378.1,0.165978929
Odisha,NUAPADA,2008,Winter,Moong(Green Gram),633,195.6,0.309004739
Odisha,NUAPADA,2008,Winter,Potato,26,237.6,9.138461538
Odisha,NUAPADA,2008,Winter,Rapeseed &Mustard,68,3.5,0.051470588
Odisha,NUAPADA,2008,Winter,Rice,62000,101000,1.629032258
Odisha,NUAPADA,2008,Winter,Sesamum,117,7.5,0.064102564
Odisha,NUAPADA,2008,Winter,Sugarcane,8,390,48.75
Odisha,NUAPADA,2009,Autumn,Groundnut,825,549.5,0.666060606
Odisha,NUAPADA,2009,Autumn,Maize,263,138.4,0.526235741
Odisha,NUAPADA,2009,Autumn,Moong(Green Gram),763,87,0.114023591
Odisha,NUAPADA,2009,Autumn,Ragi,284,105.6,0.371830986
Odisha,NUAPADA,2009,Autumn,Rice,37000,28000,0.756756757
Odisha,NUAPADA,2009,Autumn,Sesamum,606,47.3,0.078052805
Odisha,NUAPADA,2009,Autumn,Urad,4644,631.6,0.136003445
Odisha,NUAPADA,2009,Summer,Groundnut,114,121.3,1.064035088
Odisha,NUAPADA,2009,Summer,Maize,6,7.5,1.25
Odisha,NUAPADA,2009,Summer,Moong(Green Gram),3253,640.8,0.196987396
Odisha,NUAPADA,2009,Summer,Rice,1000,2000,2
Odisha,NUAPADA,2009,Summer,Wheat,34,30.2,0.888235294
Odisha,NUAPADA,2009,Winter,Groundnut,45,60.2,1.337777778
Odisha,NUAPADA,2009,Winter,Horse-gram,1348,226.5,0.168026706
Odisha,NUAPADA,2009,Winter,Moong(Green Gram),619,107.7,0.173990307
Odisha,NUAPADA,2009,Winter,Potato,4,37.6,9.4
Odisha,NUAPADA,2009,Winter,Rapeseed &Mustard,37,2.1,0.056756757
Odisha,NUAPADA,2009,Winter,Rice,62000,89000,1.435483871
Odisha,NUAPADA,2009,Winter,Sesamum,106,7.1,0.066981132
Odisha,NUAPADA,2009,Winter,Sugarcane,1,40.8,40.8
Odisha,NUAPADA,2010,Autumn,Groundnut,1660,1791.1,1.078975904
Odisha,NUAPADA,2010,Autumn,Maize,594,671.1,1.12979798
Odisha,NUAPADA,2010,Autumn,Moong(Green Gram),746,133.5,0.178954424
Odisha,NUAPADA,2010,Autumn,Ragi,396,246.3,0.621969697
Odisha,NUAPADA,2010,Autumn,Rice,39000,57000,1.461538462
Odisha,NUAPADA,2010,Autumn,Sesamum,1490,181.8,0.122013423
Odisha,NUAPADA,2010,Autumn,Urad,7390,1455.8,0.19699594
Odisha,NUAPADA,2010,Summer,Groundnut,290,372.1,1.283103448
Odisha,NUAPADA,2010,Summer,Maize,4,5.7,1.425
Odisha,NUAPADA,2010,Summer,Moong(Green Gram),2566,613.3,0.239010133
Odisha,NUAPADA,2010,Summer,Rice,5000,10000,2
Odisha,NUAPADA,2010,Summer,Wheat,51,60.7,1.190196078
Odisha,NUAPADA,2010,Winter,Horse-gram,2592,565.1,0.218016975
Odisha,NUAPADA,2010,Winter,Moong(Green Gram),443,123.2,0.278103837
Odisha,NUAPADA,2010,Winter,Potato,8,55.6,6.95
Odisha,NUAPADA,2010,Winter,Rapeseed &Mustard,96,8.3,0.086458333
Odisha,NUAPADA,2010,Winter,Rice,61000,124000,2.032786885
Odisha,NUAPADA,2010,Winter,Sesamum,230,26.9,0.116956522
Odisha,NUAPADA,2010,Winter,Sugarcane,5,168,33.6
Odisha,NUAPADA,2010,Winter,Urad,781,186.7,0.239052497
Odisha,NUAPADA,2011,Autumn,Groundnut,1729,1066.8,0.617004049
Odisha,NUAPADA,2011,Autumn,Maize,418,327.4,0.783253589
Odisha,NUAPADA,2011,Autumn,Moong(Green Gram),788,82.7,0.104949239
Odisha,NUAPADA,2011,Autumn,Ragi,385,134,0.348051948
Odisha,NUAPADA,2011,Autumn,Rice,36000,17000,0.472222222
Odisha,NUAPADA,2011,Autumn,Sesamum,956,86,0.089958159
Odisha,NUAPADA,2011,Autumn,Urad,7983,1189.5,0.149004134
Odisha,NUAPADA,2011,Summer,Groundnut,63,90,1.428571429
Odisha,NUAPADA,2011,Summer,Maize,10,10.2,1.02
Odisha,NUAPADA,2011,Summer,Moong(Green Gram),2500,502.5,0.201
Odisha,NUAPADA,2011,Summer,Rice,4000,7000,1.75
Odisha,NUAPADA,2011,Summer,Wheat,7,9.3,1.328571429
Odisha,NUAPADA,2011,Winter,Groundnut,214,122.2,0.571028037
Odisha,NUAPADA,2011,Winter,Horse-gram,1644,286.1,0.174026764
Odisha,NUAPADA,2011,Winter,Moong(Green Gram),649,147.3,0.226964561
Odisha,NUAPADA,2011,Winter,Potato,20,143.5,7.175
Odisha,NUAPADA,2011,Winter,Rapeseed &Mustard,39,2.5,0.064102564
Odisha,NUAPADA,2011,Winter,Rice,59000,52000,0.881355932
Odisha,NUAPADA,2011,Winter,Sesamum,171,14.7,0.085964912
Odisha,NUAPADA,2011,Winter,Sugarcane,10,508.6,50.86
Odisha,NUAPADA,2011,Winter,Urad,114,16.3,0.142982456
Odisha,NUAPADA,2012,Autumn,Groundnut,1426,1303.4,0.914025245
Odisha,NUAPADA,2012,Autumn,Maize,831,886.5,1.066787004
Odisha,NUAPADA,2012,Autumn,Moong(Green Gram),868,122.4,0.141013825
Odisha,NUAPADA,2012,Autumn,Ragi,435,230.1,0.528965517
Odisha,NUAPADA,2012,Autumn,Rice,34000,53000,1.558823529
Odisha,NUAPADA,2012,Autumn,Sesamum,1132,104.1,0.091961131
Odisha,NUAPADA,2012,Autumn,Urad,7640,2017,0.264005236
Odisha,NUAPADA,2012,Summer,Groundnut,162,285.4,1.761728395
Odisha,NUAPADA,2012,Summer,Moong(Green Gram),2642,702.8,0.266010598
Odisha,NUAPADA,2012,Summer,Rice,198000,8000,0.04040404
Odisha,NUAPADA,2012,Summer,Wheat,1,1.7,1.7
Odisha,NUAPADA,2012,Winter,Groundnut,5,2.9,0.58
Odisha,NUAPADA,2012,Winter,Horse-gram,1525,327.9,0.215016393
Odisha,NUAPADA,2012,Winter,Moong(Green Gram),415,113.3,0.273012048
Odisha,NUAPADA,2012,Winter,Potato,19,144.9,7.626315789
Odisha,NUAPADA,2012,Winter,Rapeseed &Mustard,43,2.6,0.060465116
Odisha,NUAPADA,2012,Winter,Rice,61000,145000,2.37704918
Odisha,NUAPADA,2012,Winter,Sesamum,125,11.3,0.0904
Odisha,NUAPADA,2012,Winter,Urad,182,39.1,0.214835165
Odisha,NUAPADA,2013,Autumn,Groundnut,1205,1073.7,0.891037344
Odisha,NUAPADA,2013,Autumn,Maize,564,686.6,1.217375887
Odisha,NUAPADA,2013,Autumn,Moong(Green Gram),792,113.3,0.143055556
Odisha,NUAPADA,2013,Autumn,Ragi,332,171.3,0.515963855
Odisha,NUAPADA,2013,Autumn,Rice,37000,53000,1.432432432
Odisha,NUAPADA,2013,Autumn,Sesamum,712,85.4,0.11994382
Odisha,NUAPADA,2013,Autumn,Urad,6880,1417.3,0.206002907
Odisha,NUAPADA,2013,Summer,Groundnut,211,397.1,1.881990521
Odisha,NUAPADA,2013,Summer,Maize,1,1.2,1.2
Odisha,NUAPADA,2013,Summer,Moong(Green Gram),1759,541.8,0.308015918
Odisha,NUAPADA,2013,Summer,Rice,5000,14000,2.8
Odisha,NUAPADA,2013,Summer,Wheat,2,1.6,0.8
Odisha,NUAPADA,2013,Winter,Groundnut,185,146.3,0.790810811
Odisha,NUAPADA,2013,Winter,Horse-gram,1401,381.1,0.272019986
Odisha,NUAPADA,2013,Winter,Moong(Green Gram),348,153.1,0.439942529
Odisha,NUAPADA,2013,Winter,Potato,16,116.6,7.2875
Odisha,NUAPADA,2013,Winter,Rapeseed &Mustard,65,4.4,0.067692308
Odisha,NUAPADA,2013,Winter,Rice,63000,143000,2.26984127
Odisha,NUAPADA,2013,Winter,Sesamum,179,19.3,0.107821229
Odisha,NUAPADA,2013,Winter,Sugarcane,8,233,29.125
Odisha,NUAPADA,2013,Winter,Urad,165,45.9,0.278181818
Odisha,NUAPADA,2014,Autumn,Groundnut,1118,1010.7,0.904025045
Odisha,NUAPADA,2014,Autumn,Maize,390,438,1.123076923
Odisha,NUAPADA,2014,Autumn,Moong(Green Gram),681,91.9,0.134948605
Odisha,NUAPADA,2014,Autumn,Ragi,325,159.9,0.492
Odisha,NUAPADA,2014,Autumn,Rice,31000,48000,1.548387097
Odisha,NUAPADA,2014,Autumn,Sesamum,378,30.2,0.07989418
Odisha,NUAPADA,2014,Autumn,Urad,5023,1125.2,0.224009556
Odisha,NUAPADA,2014,Summer,Groundnut,239,427.6,1.789121339
Odisha,NUAPADA,2014,Summer,Maize,1,2.2,2.2
Odisha,NUAPADA,2014,Summer,Moong(Green Gram),2120,648.7,0.305990566
Odisha,NUAPADA,2014,Summer,Rice,3000,8000,2.666666667
Odisha,NUAPADA,2014,Summer,Wheat,2,3.4,1.7
Odisha,NUAPADA,2014,Winter,Groundnut,127,58.3,0.459055118
Odisha,NUAPADA,2014,Winter,Horse-gram,1560,391.6,0.251025641
Odisha,NUAPADA,2014,Winter,Moong(Green Gram),772,262.5,0.340025907
Odisha,NUAPADA,2014,Winter,Potato,4,32.3,8.075
Odisha,NUAPADA,2014,Winter,Rapeseed &Mustard,157,12.7,0.08089172
Odisha,NUAPADA,2014,Winter,Rice,58000,139000,2.396551724
Odisha,NUAPADA,2014,Winter,Sesamum,137,12.7,0.09270073
Odisha,NUAPADA,2014,Winter,Urad,246,56.6,0.230081301
Odisha,NUAPADA,2015,Autumn,Groundnut,534,331.6,0.620973783
Odisha,NUAPADA,2015,Autumn,Maize,291,373.7,1.28419244
Odisha,NUAPADA,2015,Autumn,Moong(Green Gram),446,71.8,0.160986547
Odisha,NUAPADA,2015,Autumn,Ragi,154,49.9,0.324025974
Odisha,NUAPADA,2015,Autumn,Rice,27000,9000,0.333333333
Odisha,NUAPADA,2015,Autumn,Sesamum,327,31.1,0.095107034
Odisha,NUAPADA,2015,Autumn,Urad,4026,897.8,0.223000497
Odisha,NUAPADA,2015,Summer,Groundnut,152,287.1,1.888815789
Odisha,NUAPADA,2015,Summer,Moong(Green Gram),1228,367.2,0.299022801
Odisha,NUAPADA,2015,Summer,Rice,6000,18000,3
Odisha,NUAPADA,2015,Summer,Sesamum,3,0.5,0.166666667
Odisha,NUAPADA,2015,Winter,Horse-gram,962,231.8,0.240956341
Odisha,NUAPADA,2015,Winter,Moong(Green Gram),443,114.3,0.258013544
Odisha,NUAPADA,2015,Winter,Potato,4,34.8,8.7
Odisha,NUAPADA,2015,Winter,Rapeseed &Mustard,66,4.3,0.065151515
Odisha,NUAPADA,2015,Winter,Rice,60000,52000,0.866666667
Odisha,NUAPADA,2015,Winter,Sesamum,134,16.5,0.123134328
Odisha,NUAPADA,2015,Winter,Sugarcane,2,60,30
Odisha,PURI,1997,Autumn,Jute,30,30,1
Odisha,PURI,1997,Autumn,Paddy,1912,2507,1.311192469
Odisha,PURI,1997,Autumn,Ragi,7,1,0.142857143
Odisha,PURI,1997,Summer,Arhar/Tur,1689,201,0.119005329
Odisha,PURI,1997,Summer,Groundnut,4075,4070,0.998773006
Odisha,PURI,1997,Summer,Horse-gram,197,92,0.467005076
Odisha,PURI,1997,Summer,Maize,3,1,0.333333333
Odisha,PURI,1997,Summer,Paddy,22211,38925,1.752510018
Odisha,PURI,1997,Summer,Ragi,39,14,0.358974359
Odisha,PURI,1997,Summer,Sesamum,2145,553,0.257808858
Odisha,PURI,1997,Summer,Urad,13,5,0.384615385
Odisha,PURI,1997,Whole Year,Potato,638,6466,10.13479624
Odisha,PURI,1997,Winter,Arhar/Tur,823,262,0.318347509
Odisha,PURI,1997,Winter,Groundnut,337,457,1.356083086
Odisha,PURI,1997,Winter,Horse-gram,3321,1109,0.333935562
Odisha,PURI,1997,Winter,Paddy,139036,142956,1.028194137
Odisha,PURI,1997,Winter,Ragi,18,12,0.666666667
Odisha,PURI,1997,Winter,Sugarcane,296,10934,36.93918919
Odisha,PURI,1997,Winter,Urad,13720,3759,0.273979592
Odisha,PURI,1998,Autumn,Jute,9,44,4.888888889
Odisha,PURI,1998,Autumn,Rice,1149,1610,1.401218451
Odisha,PURI,1998,Autumn,Sesamum,1,,
Odisha,PURI,1998,Summer,Groundnut,3062,2085,0.680927498
Odisha,PURI,1998,Summer,Moong(Green Gram),1316,212,0.161094225
Odisha,PURI,1998,Summer,Ragi,69,27,0.391304348
Odisha,PURI,1998,Summer,Rice,38406,62967,1.639509452
Odisha,PURI,1998,Summer,Sesamum,1190,282,0.23697479
Odisha,PURI,1998,Summer,Urad,33,10,0.303030303
Odisha,PURI,1998,Summer,Wheat,23,21,0.913043478
Odisha,PURI,1998,Winter,Groundnut,321,617,1.92211838
Odisha,PURI,1998,Winter,Horse-gram,1303,291,0.223330775
Odisha,PURI,1998,Winter,Moong(Green Gram),184,40,0.217391304
Odisha,PURI,1998,Winter,Potato,763,9764,12.79685452
Odisha,PURI,1998,Winter,Rapeseed &Mustard,37,4,0.108108108
Odisha,PURI,1998,Winter,Rice,136647,148092,1.083755955
Odisha,PURI,1998,Winter,Sugarcane,132,7169,54.31060606
Odisha,PURI,1998,Winter,Urad,7355,1477,0.200815772
Odisha,PURI,1999,Autumn,Rice,2000,1000,0.5
Odisha,PURI,1999,Kharif,Arhar/Tur,50,20,0.4
Odisha,PURI,1999,Kharif,Dry chillies,680,540,0.794117647
Odisha,PURI,1999,Kharif,Jute,70,270,3.857142857
Odisha,PURI,1999,Kharif,Maize,230,200,0.869565217
Odisha,PURI,1999,Kharif,Mesta,10,40,4
Odisha,PURI,1999,Kharif,Ragi,530,220,0.41509434
Odisha,PURI,1999,Kharif,Sesamum,60,30,0.5
Odisha,PURI,1999,Kharif,Sweet potato,340,3000,8.823529412
Odisha,PURI,1999,Kharif,Urad,40,10,0.25
Odisha,PURI,1999,Rabi,Coriander,350,240,0.685714286
Odisha,PURI,1999,Rabi,Dry chillies,390,260,0.666666667
Odisha,PURI,1999,Rabi,Garlic,170,370,2.176470588
Odisha,PURI,1999,Rabi,Groundnut,11890,17160,1.443229605
Odisha,PURI,1999,Rabi,Horse-gram,8130,3850,0.473554736
Odisha,PURI,1999,Rabi,Linseed,1530,430,0.281045752
Odisha,PURI,1999,Rabi,Maize,70,60,0.857142857
Odisha,PURI,1999,Rabi,Moong(Green Gram),12420,2530,0.203703704
Odisha,PURI,1999,Rabi,Ragi,260,160,0.615384615
Odisha,PURI,1999,Rabi,Rapeseed &Mustard,1640,390,0.237804878
Odisha,PURI,1999,Rabi,Sesamum,2450,810,0.330612245
Odisha,PURI,1999,Rabi,Urad,31530,9140,0.289882651
Odisha,PURI,1999,Rabi,Wheat,130,160,1.230769231
Odisha,PURI,1999,Summer,Rice,65330,139080,2.128884127
Odisha,PURI,1999,Whole Year,Onion,430,3860,8.976744186
Odisha,PURI,1999,Whole Year,Potato,810,9250,11.41975309
Odisha,PURI,1999,Winter,Rice,142000,40000,0.281690141
Odisha,PURI,1999,Winter,Sugarcane,290,25610,88.31034483
Odisha,PURI,2000,Autumn,Rice,1980,1970,0.994949495
Odisha,PURI,2000,Kharif,Arhar/Tur,20,10,0.5
Odisha,PURI,2000,Kharif,Dry ginger,20,80,4
Odisha,PURI,2000,Kharif,Groundnut,2242,1903.3,0.848929527
Odisha,PURI,2000,Kharif,Horse-gram,2117,512.9,0.242276807
Odisha,PURI,2000,Kharif,Jute,70,190,2.714285714
Odisha,PURI,2000,Kharif,Moong(Green Gram),2721,525.8,0.19323778
Odisha,PURI,2000,Kharif,Other Kharif pulses,230,130,0.565217391
Odisha,PURI,2000,Kharif,Ragi,8,5,0.625
Odisha,PURI,2000,Kharif,Sesamum,821,232.2,0.282825822
Odisha,PURI,2000,Kharif,Urad,6677,1770.4,0.265149019
Odisha,PURI,2000,Rabi,Gram,40,20,0.5
Odisha,PURI,2000,Rabi,Linseed,1650,470,0.284848485
Odisha,PURI,2000,Rabi,Other  Rabi pulses,15,6,0.4
Odisha,PURI,2000,Rabi,Rapeseed &Mustard,71,12.8,0.18028169
Odisha,PURI,2000,Rabi,Wheat,3,1.6,0.533333333
Odisha,PURI,2000,Summer,Rice,15050,26980,1.79269103
Odisha,PURI,2000,Whole Year,Coriander,190,90,0.473684211
Odisha,PURI,2000,Whole Year,Dry chillies,240,200,0.833333333
Odisha,PURI,2000,Whole Year,Garlic,80,250,3.125
Odisha,PURI,2000,Whole Year,Onion,170,640,3.764705882
Odisha,PURI,2000,Whole Year,Potato,751,10116.7,13.47097204
Odisha,PURI,2000,Whole Year,Sugarcane,64,2315.6,36.18125
Odisha,PURI,2000,Whole Year,Sweet potato,40,320,8
Odisha,PURI,2000,Whole Year,Turmeric,50,110,2.2
Odisha,PURI,2000,Winter,Rice,126560,150410,1.188448167
Odisha,PURI,2001,Kharif,Dry ginger,20,40,2
Odisha,PURI,2001,Kharif,Groundnut,2687,3131.9,1.165574991
Odisha,PURI,2001,Kharif,Horse-gram,2092,598.1,0.285898662
Odisha,PURI,2001,Kharif,Moong(Green Gram),3747,551.1,0.147077662
Odisha,PURI,2001,Kharif,Ragi,13,5.1,0.392307692
Odisha,PURI,2001,Kharif,Rice,138000,233000,1.688405797
Odisha,PURI,2001,Kharif,Sesamum,744,152.5,0.204973118
Odisha,PURI,2001,Kharif,Urad,6636,1766.5,0.266199518
Odisha,PURI,2001,Rabi,Gram,30,20,0.666666667
Odisha,PURI,2001,Rabi,Linseed,1290,410,0.317829457
Odisha,PURI,2001,Rabi,Other  Rabi pulses,270,110,0.407407407
Odisha,PURI,2001,Rabi,Rapeseed &Mustard,65,4,0.061538462
Odisha,PURI,2001,Rabi,Sunflower,50,20,0.4
Odisha,PURI,2001,Rabi,Wheat,242,455.2,1.880991736
Odisha,PURI,2001,Whole Year,Coriander,210,10,0.047619048
Odisha,PURI,2001,Whole Year,Dry chillies,240,210,0.875
Odisha,PURI,2001,Whole Year,Garlic,80,260,3.25
Odisha,PURI,2001,Whole Year,Onion,210,2250,10.71428571
Odisha,PURI,2001,Whole Year,Potato,783,9205.7,11.75696041
Odisha,PURI,2001,Whole Year,Sugarcane,19,684.8,36.04210526
Odisha,PURI,2001,Whole Year,Sweet potato,50,430,8.6
Odisha,PURI,2001,Whole Year,Turmeric,60,130,2.166666667
Odisha,PURI,2002,Kharif,Dry ginger,20,40,2
Odisha,PURI,2002,Kharif,Groundnut,2031,2244.3,1.105022157
Odisha,PURI,2002,Kharif,Horse-gram,2023,586.7,0.290014829
Odisha,PURI,2002,Kharif,Moong(Green Gram),3713,778.7,0.209722596
Odisha,PURI,2002,Kharif,Ragi,21,12.7,0.604761905
Odisha,PURI,2002,Kharif,Rice,146000,129000,0.883561644
Odisha,PURI,2002,Kharif,Sesamum,804,189.6,0.235820896
Odisha,PURI,2002,Kharif,Urad,8895,2403.2,0.270174255
Odisha,PURI,2002,Rabi,Linseed,1480,380,0.256756757
Odisha,PURI,2002,Rabi,Rapeseed &Mustard,60,5.3,0.088333333
Odisha,PURI,2002,Rabi,Sunflower,100,30,0.3
Odisha,PURI,2002,Whole Year,Coriander,300,140,0.466666667
Odisha,PURI,2002,Whole Year,Dry chillies,230,200,0.869565217
Odisha,PURI,2002,Whole Year,Garlic,200,640,3.2
Odisha,PURI,2002,Whole Year,Onion,200,1300,6.5
Odisha,PURI,2002,Whole Year,Potato,401,4834.1,12.05511222
Odisha,PURI,2002,Whole Year,Sugarcane,43,2209.3,51.37906977
Odisha,PURI,2002,Whole Year,Sweet potato,50,410,8.2
Odisha,PURI,2002,Whole Year,Turmeric,60,110,1.833333333
Odisha,PURI,2003,Kharif,Dry ginger,30,40,1.333333333
Odisha,PURI,2003,Kharif,Groundnut,3095,3840.9,1.241001616
Odisha,PURI,2003,Kharif,Horse-gram,1843,473.4,0.256863809
Odisha,PURI,2003,Kharif,Jute,2,10,5
Odisha,PURI,2003,Kharif,Moong(Green Gram),5885,1247.6,0.211996602
Odisha,PURI,2003,Kharif,Ragi,19,10.2,0.536842105
Odisha,PURI,2003,Kharif,Rice,166000,202000,1.21686747
Odisha,PURI,2003,Kharif,Sesamum,449,100.1,0.222939866
Odisha,PURI,2003,Kharif,Urad,9969,2589.9,0.259795366
Odisha,PURI,2003,Rabi,Rapeseed &Mustard,49,4.2,0.085714286
Odisha,PURI,2003,Rabi,Sunflower,190,90,0.473684211
Odisha,PURI,2003,Rabi,Wheat,15,19,1.266666667
Odisha,PURI,2003,Whole Year,Coriander,270,130,0.481481481
Odisha,PURI,2003,Whole Year,Dry chillies,250,210,0.84
Odisha,PURI,2003,Whole Year,Garlic,140,450,3.214285714
Odisha,PURI,2003,Whole Year,Onion,290,1870,6.448275862
Odisha,PURI,2003,Whole Year,Potato,373,4288.4,11.49705094
Odisha,PURI,2003,Whole Year,Sugarcane,168,11206.6,66.70595238
Odisha,PURI,2003,Whole Year,Sweet potato,50,430,8.6
Odisha,PURI,2003,Whole Year,Turmeric,60,110,1.833333333
Odisha,PURI,2004,Autumn,Groundnut,1,0.6,0.6
Odisha,PURI,2004,Autumn,Jute,1,3,3
Odisha,PURI,2004,Autumn,Rice,1000,1000,1
Odisha,PURI,2004,Kharif,Castor seed,7,,
Odisha,PURI,2004,Kharif,Dry ginger,33,57,1.727272727
Odisha,PURI,2004,Rabi,Gram,42,16,0.380952381
Odisha,PURI,2004,Rabi,Linseed,923,227,0.245937161
Odisha,PURI,2004,Rabi,Other  Rabi pulses,266,82,0.308270677
Odisha,PURI,2004,Rabi,Sunflower,330,127,0.384848485
Odisha,PURI,2004,Summer,Groundnut,3289,3782.4,1.150015202
Odisha,PURI,2004,Summer,Moong(Green Gram),3691,723.4,0.195990247
Odisha,PURI,2004,Summer,Ragi,7,3.9,0.557142857
Odisha,PURI,2004,Summer,Rice,45000,84000,1.866666667
Odisha,PURI,2004,Summer,Sesamum,640,176,0.275
Odisha,PURI,2004,Summer,Urad,63,24.6,0.39047619
Odisha,PURI,2004,Summer,Wheat,4,3.7,0.925
Odisha,PURI,2004,Whole Year,Coriander,409,195,0.476772616
Odisha,PURI,2004,Whole Year,Dry chillies,331,280,0.84592145
Odisha,PURI,2004,Whole Year,Garlic,163,521,3.196319018
Odisha,PURI,2004,Whole Year,Onion,298,1944,6.523489933
Odisha,PURI,2004,Whole Year,Sweet potato,50,406,8.12
Odisha,PURI,2004,Whole Year,Turmeric,58,116,2
Odisha,PURI,2004,Winter,Horse-gram,1871,551.9,0.294975949
Odisha,PURI,2004,Winter,Moong(Green Gram),6,1.1,0.183333333
Odisha,PURI,2004,Winter,Potato,615,6995,11.37398374
Odisha,PURI,2004,Winter,Rapeseed &Mustard,89,10.9,0.12247191
Odisha,PURI,2004,Winter,Rice,126000,184000,1.46031746
Odisha,PURI,2004,Winter,Sugarcane,188,9945.2,52.9
Odisha,PURI,2004,Winter,Urad,6784,1723.1,0.253994693
Odisha,PURI,2005,Autumn,Rice,1000,1000,1
Odisha,PURI,2005,Autumn,Sesamum,1,,
Odisha,PURI,2005,Summer,Groundnut,3490,4181,1.197994269
Odisha,PURI,2005,Summer,Horse-gram,19,3.3,0.173684211
Odisha,PURI,2005,Summer,Moong(Green Gram),4612,1185.3,0.257003469
Odisha,PURI,2005,Summer,Ragi,35,20.8,0.594285714
Odisha,PURI,2005,Summer,Rice,60000,125000,2.083333333
Odisha,PURI,2005,Summer,Sesamum,738,183.8,0.249051491
Odisha,PURI,2005,Summer,Urad,54,28,0.518518519
Odisha,PURI,2005,Winter,Horse-gram,2412,615.1,0.255016584
Odisha,PURI,2005,Winter,Moong(Green Gram),109,35.1,0.322018349
Odisha,PURI,2005,Winter,Potato,798,7894.6,9.892982456
Odisha,PURI,2005,Winter,Rapeseed &Mustard,107,7.8,0.072897196
Odisha,PURI,2005,Winter,Rice,128000,158000,1.234375
Odisha,PURI,2005,Winter,Sugarcane,257,16028.8,62.3688716
Odisha,PURI,2005,Winter,Urad,8747,2300.5,0.263004459
Odisha,PURI,2006,Autumn,Rice,1000,1000,1
Odisha,PURI,2006,Summer,Groundnut,3224,3452.9,1.070998759
Odisha,PURI,2006,Summer,Moong(Green Gram),6371,1229.6,0.192999529
Odisha,PURI,2006,Summer,Ragi,30,16.5,0.55
Odisha,PURI,2006,Summer,Rice,63000,141000,2.238095238
Odisha,PURI,2006,Summer,Sesamum,729,185.2,0.254046639
Odisha,PURI,2006,Summer,Urad,165,44.9,0.272121212
Odisha,PURI,2006,Summer,Wheat,73,75,1.02739726
Odisha,PURI,2006,Winter,Horse-gram,1877,581.9,0.310015983
Odisha,PURI,2006,Winter,Moong(Green Gram),74,20.1,0.271621622
Odisha,PURI,2006,Winter,Potato,621,5262.4,8.474074074
Odisha,PURI,2006,Winter,Rapeseed &Mustard,41,3,0.073170732
Odisha,PURI,2006,Winter,Rice,116000,101000,0.870689655
Odisha,PURI,2006,Winter,Sugarcane,232,13347.7,57.53318966
Odisha,PURI,2006,Winter,Urad,10342,2719.9,0.262995552
Odisha,PURI,2007,Autumn,Jute,2,12,6
Odisha,PURI,2007,Autumn,Rice,1000,1000,1
Odisha,PURI,2007,Summer,Groundnut,3845,4714,1.226007802
Odisha,PURI,2007,Summer,Moong(Green Gram),5469,1088.3,0.198994332
Odisha,PURI,2007,Summer,Ragi,14,8.1,0.578571429
Odisha,PURI,2007,Summer,Rice,48000,103000,2.145833333
Odisha,PURI,2007,Summer,Sesamum,923,203.1,0.220043337
Odisha,PURI,2007,Summer,Urad,466,101.6,0.218025751
Odisha,PURI,2007,Summer,Wheat,8,6.9,0.8625
Odisha,PURI,2007,Winter,Horse-gram,2067,525,0.253991292
Odisha,PURI,2007,Winter,Moong(Green Gram),100,17.7,0.177
Odisha,PURI,2007,Winter,Potato,435,6228.3,14.31793103
Odisha,PURI,2007,Winter,Rapeseed &Mustard,18,2,0.111111111
Odisha,PURI,2007,Winter,Rice,123000,155000,1.260162602
Odisha,PURI,2007,Winter,Sugarcane,370,14356,38.8
Odisha,PURI,2007,Winter,Urad,11106,3165.2,0.2849991
Odisha,PURI,2008,Autumn,Rice,1000,2000,2
Odisha,PURI,2008,Summer,Groundnut,6308,6976.6,1.105992391
Odisha,PURI,2008,Summer,Moong(Green Gram),5396,1046.8,0.193995552
Odisha,PURI,2008,Summer,Ragi,21,14.6,0.695238095
Odisha,PURI,2008,Summer,Rice,52000,101000,1.942307692
Odisha,PURI,2008,Summer,Sesamum,318,76,0.238993711
Odisha,PURI,2008,Summer,Urad,51,12.8,0.250980392
Odisha,PURI,2008,Summer,Wheat,5,5.7,1.14
Odisha,PURI,2008,Winter,Groundnut,4,3.5,0.875
Odisha,PURI,2008,Winter,Horse-gram,1865,561.4,0.301018767
Odisha,PURI,2008,Winter,Moong(Green Gram),97,32.1,0.330927835
Odisha,PURI,2008,Winter,Potato,423,5225.3,12.35295508
Odisha,PURI,2008,Winter,Ragi,1,1,1
Odisha,PURI,2008,Winter,Rapeseed &Mustard,37,3,0.081081081
Odisha,PURI,2008,Winter,Rice,118000,100000,0.847457627
Odisha,PURI,2008,Winter,Sugarcane,71,3952.4,55.66760563
Odisha,PURI,2008,Winter,Urad,10543,3089.1,0.293000095
Odisha,PURI,2009,Autumn,Ragi,1,1.4,1.4
Odisha,PURI,2009,Autumn,Rice,1000,1000,1
Odisha,PURI,2009,Summer,Groundnut,6612,6863.3,1.038006655
Odisha,PURI,2009,Summer,Maize,2,2.3,1.15
Odisha,PURI,2009,Summer,Moong(Green Gram),6961,2032.6,0.291998276
Odisha,PURI,2009,Summer,Ragi,24,18.1,0.754166667
Odisha,PURI,2009,Summer,Rice,31000,70000,2.258064516
Odisha,PURI,2009,Summer,Sesamum,442,153.8,0.347963801
Odisha,PURI,2009,Summer,Urad,229,43.7,0.190829694
Odisha,PURI,2009,Winter,Horse-gram,1999,683.7,0.342021011
Odisha,PURI,2009,Winter,Moong(Green Gram),11,3.4,0.309090909
Odisha,PURI,2009,Winter,Potato,601,9351,15.55906822
Odisha,PURI,2009,Winter,Ragi,1,0.6,0.6
Odisha,PURI,2009,Winter,Rapeseed &Mustard,42,4.7,0.111904762
Odisha,PURI,2009,Winter,Rice,110000,170000,1.545454545
Odisha,PURI,2009,Winter,Sugarcane,4,236.8,59.2
Odisha,PURI,2009,Winter,Urad,7180,2390.9,0.332994429
Odisha,PURI,2010,Autumn,Rice,1000,1000,1
Odisha,PURI,2010,Summer,Groundnut,4790,5417.5,1.131002088
Odisha,PURI,2010,Summer,Moong(Green Gram),17811,6857.2,0.384998035
Odisha,PURI,2010,Summer,Ragi,41,30.7,0.748780488
Odisha,PURI,2010,Summer,Rice,33000,76000,2.303030303
Odisha,PURI,2010,Summer,Sesamum,1054,331,0.314041746
Odisha,PURI,2010,Summer,Urad,201,63.1,0.313930348
Odisha,PURI,2010,Summer,Wheat,3,4.6,1.533333333
Odisha,PURI,2010,Winter,Horse-gram,1889,636.6,0.337003706
Odisha,PURI,2010,Winter,Moong(Green Gram),1,0.6,0.6
Odisha,PURI,2010,Winter,Potato,373,4788.2,12.83699732
Odisha,PURI,2010,Winter,Rapeseed &Mustard,99,18.1,0.182828283
Odisha,PURI,2010,Winter,Rice,120000,182000,1.516666667
Odisha,PURI,2010,Winter,Sugarcane,47,2910,61.91489362
Odisha,PURI,2010,Winter,Urad,8879,2876.8,0.324000451
Odisha,PURI,2011,Summer,Groundnut,4408,4751.8,1.077994555
Odisha,PURI,2011,Summer,Moong(Green Gram),13195,3839.7,0.29099659
Odisha,PURI,2011,Summer,Ragi,17,11.4,0.670588235
Odisha,PURI,2011,Summer,Rice,30000,78000,2.6
Odisha,PURI,2011,Summer,Sesamum,435,139.6,0.32091954
Odisha,PURI,2011,Summer,Urad,660,165,0.25
Odisha,PURI,2011,Summer,Wheat,11,15.9,1.445454545
Odisha,PURI,2011,Winter,Horse-gram,1016,309.9,0.305019685
Odisha,PURI,2011,Winter,Moong(Green Gram),16,8.7,0.54375
Odisha,PURI,2011,Winter,Potato,228,3315.1,14.53991228
Odisha,PURI,2011,Winter,Rapeseed &Mustard,13,1.7,0.130769231
Odisha,PURI,2011,Winter,Rice,120000,146000,1.216666667
Odisha,PURI,2011,Winter,Sugarcane,60,3661.7,61.02833333
Odisha,PURI,2011,Winter,Urad,4803,1301.6,0.270997293
Odisha,PURI,2012,Summer,Groundnut,3439,4326.3,1.25801105
Odisha,PURI,2012,Summer,Maize,1,3.1,3.1
Odisha,PURI,2012,Summer,Moong(Green Gram),21490,7134.7,0.332000931
Odisha,PURI,2012,Summer,Ragi,12,9.7,0.808333333
Odisha,PURI,2012,Summer,Rice,245000,99000,0.404081633
Odisha,PURI,2012,Summer,Sesamum,232,68.9,0.296982759
Odisha,PURI,2012,Summer,Urad,476,134.7,0.282983193
Odisha,PURI,2012,Winter,Horse-gram,1495,487.4,0.326020067
Odisha,PURI,2012,Winter,Potato,294,4611.4,15.68503401
Odisha,PURI,2012,Winter,Rapeseed &Mustard,34,5.6,0.164705882
Odisha,PURI,2012,Winter,Rice,107000,244000,2.280373832
Odisha,PURI,2012,Winter,Sugarcane,164,13101.3,79.88597561
Odisha,PURI,2012,Winter,Urad,7396,2411.1,0.326000541
Odisha,PURI,2013,Summer,Groundnut,3581,5436,1.518011729
Odisha,PURI,2013,Summer,Moong(Green Gram),18498,6881.3,0.372002379
Odisha,PURI,2013,Summer,Ragi,20,12,0.6
Odisha,PURI,2013,Summer,Rice,32000,108000,3.375
Odisha,PURI,2013,Summer,Sesamum,315,100.5,0.319047619
Odisha,PURI,2013,Summer,Urad,273,64.7,0.236996337
Odisha,PURI,2013,Winter,Horse-gram,1283,423.4,0.330007794
Odisha,PURI,2013,Winter,Moong(Green Gram),22,8.3,0.377272727
Odisha,PURI,2013,Winter,Potato,259,4259.8,16.44710425
Odisha,PURI,2013,Winter,Rapeseed &Mustard,54,8.4,0.155555556
Odisha,PURI,2013,Winter,Rice,103000,91000,0.883495146
Odisha,PURI,2013,Winter,Sugarcane,159,12533.5,78.82704403
Odisha,PURI,2013,Winter,Urad,4714,1744.2,0.370004243
Odisha,PURI,2014,Summer,Groundnut,3250,4270.5,1.314
Odisha,PURI,2014,Summer,Moong(Green Gram),33971,14064,0.414000177
Odisha,PURI,2014,Summer,Ragi,13,7.4,0.569230769
Odisha,PURI,2014,Summer,Rice,31000,95000,3.064516129
Odisha,PURI,2014,Summer,Sesamum,284,92.6,0.326056338
Odisha,PURI,2014,Summer,Urad,508,154.4,0.303937008
Odisha,PURI,2014,Winter,Horse-gram,1620,580,0.358024691
Odisha,PURI,2014,Winter,Potato,494,6871.5,13.90991903
Odisha,PURI,2014,Winter,Rapeseed &Mustard,36,4.4,0.122222222
Odisha,PURI,2014,Winter,Rice,100000,182000,1.82
Odisha,PURI,2014,Winter,Sugarcane,64,3425.3,53.5203125
Odisha,PURI,2014,Winter,Urad,4390,1567.2,0.356993166
Odisha,PURI,2015,Summer,Groundnut,3409,4237.4,1.243003813
Odisha,PURI,2015,Summer,Moong(Green Gram),38371,13084.5,0.340999713
Odisha,PURI,2015,Summer,Ragi,15,11.3,0.753333333
Odisha,PURI,2015,Summer,Rice,27000,76000,2.814814815
Odisha,PURI,2015,Summer,Sesamum,187,50.7,0.271122995
Odisha,PURI,2015,Summer,Urad,1599,458.9,0.28699187
Odisha,PURI,2015,Winter,Horse-gram,1448,618.3,0.427002762
Odisha,PURI,2015,Winter,Moong(Green Gram),11,1.6,0.145454545
Odisha,PURI,2015,Winter,Potato,274,3064.7,11.1850365
Odisha,PURI,2015,Winter,Rapeseed &Mustard,37,5.3,0.143243243
Odisha,PURI,2015,Winter,Rice,105000,199000,1.895238095
Odisha,PURI,2015,Winter,Sugarcane,10,521,52.1
Odisha,PURI,2015,Winter,Urad,5113,2183.3,0.427009583
Odisha,RAYAGADA,1997,Autumn,Arhar/Tur,21,8,0.380952381
Odisha,RAYAGADA,1997,Autumn,Groundnut,424,379,0.893867925
Odisha,RAYAGADA,1997,Autumn,Maize,3516,3703,1.053185438
Odisha,RAYAGADA,1997,Autumn,Paddy,8212,7292,0.887968826
Odisha,RAYAGADA,1997,Autumn,Ragi,5632,3758,0.667258523
Odisha,RAYAGADA,1997,Autumn,Urad,86,18,0.209302326
Odisha,RAYAGADA,1997,Rabi,Wheat,351,370,1.054131054
Odisha,RAYAGADA,1997,Summer,Arhar/Tur,24,3,0.125
Odisha,RAYAGADA,1997,Summer,Groundnut,119,81,0.680672269
Odisha,RAYAGADA,1997,Summer,Maize,176,145,0.823863636
Odisha,RAYAGADA,1997,Summer,Paddy,1371,1718,1.253099927
Odisha,RAYAGADA,1997,Summer,Ragi,80,40,0.5
Odisha,RAYAGADA,1997,Summer,Sesamum,346,86,0.248554913
Odisha,RAYAGADA,1997,Summer,Urad,7,1,0.142857143
Odisha,RAYAGADA,1997,Whole Year,Potato,68,374,5.5
Odisha,RAYAGADA,1997,Winter,Arhar/Tur,616,103,0.167207792
Odisha,RAYAGADA,1997,Winter,Groundnut,59,31,0.525423729
Odisha,RAYAGADA,1997,Winter,Horse-gram,3114,897,0.28805395
Odisha,RAYAGADA,1997,Winter,Maize,29,19,0.655172414
Odisha,RAYAGADA,1997,Winter,Paddy,51006,66758,1.308826413
Odisha,RAYAGADA,1997,Winter,Ragi,6449,3618,0.561017212
Odisha,RAYAGADA,1997,Winter,Sesamum,4153,1025,0.246809535
Odisha,RAYAGADA,1997,Winter,Sugarcane,178,7026,39.47191011
Odisha,RAYAGADA,1997,Winter,Urad,3622,750,0.207067918
Odisha,RAYAGADA,1998,Autumn,Groundnut,271,223,0.822878229
Odisha,RAYAGADA,1998,Autumn,Maize,3279,3307,1.008539189
Odisha,RAYAGADA,1998,Autumn,Moong(Green Gram),22,3,0.136363636
Odisha,RAYAGADA,1998,Autumn,Ragi,4935,3385,0.68591692
Odisha,RAYAGADA,1998,Autumn,Rice,8844,8758,0.990275893
Odisha,RAYAGADA,1998,Autumn,Urad,110,29,0.263636364
Odisha,RAYAGADA,1998,Summer,Groundnut,133,124,0.932330827
Odisha,RAYAGADA,1998,Summer,Maize,55,46,0.836363636
Odisha,RAYAGADA,1998,Summer,Moong(Green Gram),45,6,0.133333333
Odisha,RAYAGADA,1998,Summer,Ragi,76,42,0.552631579
Odisha,RAYAGADA,1998,Summer,Rice,2636,3537,1.341805766
Odisha,RAYAGADA,1998,Summer,Sesamum,518,100,0.193050193
Odisha,RAYAGADA,1998,Summer,Urad,1,,
Odisha,RAYAGADA,1998,Summer,Wheat,12,17,1.416666667
Odisha,RAYAGADA,1998,Winter,Groundnut,139,138,0.992805755
Odisha,RAYAGADA,1998,Winter,Horse-gram,2564,621,0.242199688
Odisha,RAYAGADA,1998,Winter,Maize,89,64,0.719101124
Odisha,RAYAGADA,1998,Winter,Moong(Green Gram),348,34,0.097701149
Odisha,RAYAGADA,1998,Winter,Potato,30,178,5.933333333
Odisha,RAYAGADA,1998,Winter,Ragi,7591,5176,0.681860097
Odisha,RAYAGADA,1998,Winter,Rapeseed &Mustard,1969,248,0.12595226
Odisha,RAYAGADA,1998,Winter,Rice,53941,98841,1.832390946
Odisha,RAYAGADA,1998,Winter,Sesamum,3352,959,0.286097852
Odisha,RAYAGADA,1998,Winter,Sugarcane,144,6804,47.25
Odisha,RAYAGADA,1998,Winter,Urad,3324,652,0.196149218
Odisha,RAYAGADA,1999,Autumn,Rice,10000,8000,0.8
Odisha,RAYAGADA,1999,Kharif,Arhar/Tur,9420,5470,0.580679406
Odisha,RAYAGADA,1999,Kharif,Bajra,450,250,0.555555556
Odisha,RAYAGADA,1999,Kharif,Castor seed,700,220,0.314285714
Odisha,RAYAGADA,1999,Kharif,Cotton(lint),9420,15350,1.629511677
Odisha,RAYAGADA,1999,Kharif,Dry chillies,1180,1420,1.203389831
Odisha,RAYAGADA,1999,Kharif,Dry ginger,570,1030,1.807017544
Odisha,RAYAGADA,1999,Kharif,Groundnut,790,1090,1.379746835
Odisha,RAYAGADA,1999,Kharif,Jowar,1440,780,0.541666667
Odisha,RAYAGADA,1999,Kharif,Maize,10020,10140,1.011976048
Odisha,RAYAGADA,1999,Kharif,Mesta,60,240,4
Odisha,RAYAGADA,1999,Kharif,Moong(Green Gram),2100,260,0.123809524
Odisha,RAYAGADA,1999,Kharif,Niger seed,15010,4310,0.287141905
Odisha,RAYAGADA,1999,Kharif,Ragi,29440,25730,0.873980978
Odisha,RAYAGADA,1999,Kharif,Sesamum,6260,1660,0.265175719
Odisha,RAYAGADA,1999,Kharif,Small millets,1260,680,0.53968254
Odisha,RAYAGADA,1999,Kharif,Sweet potato,1450,12410,8.55862069
Odisha,RAYAGADA,1999,Kharif,Turmeric,660,2100,3.181818182
Odisha,RAYAGADA,1999,Kharif,Urad,6770,2440,0.360413589
Odisha,RAYAGADA,1999,Rabi,Castor seed,670,270,0.402985075
Odisha,RAYAGADA,1999,Rabi,Coriander,110,60,0.545454545
Odisha,RAYAGADA,1999,Rabi,Dry chillies,1060,1240,1.169811321
Odisha,RAYAGADA,1999,Rabi,Garlic,200,740,3.7
Odisha,RAYAGADA,1999,Rabi,Gram,240,90,0.375
Odisha,RAYAGADA,1999,Rabi,Groundnut,200,200,1
Odisha,RAYAGADA,1999,Rabi,Horse-gram,16650,5290,0.317717718
Odisha,RAYAGADA,1999,Rabi,Maize,560,560,1
Odisha,RAYAGADA,1999,Rabi,Moong(Green Gram),2180,1280,0.587155963
Odisha,RAYAGADA,1999,Rabi,Ragi,170,150,0.882352941
Odisha,RAYAGADA,1999,Rabi,Rapeseed &Mustard,9700,1810,0.186597938
Odisha,RAYAGADA,1999,Rabi,Sesamum,5870,1410,0.240204429
Odisha,RAYAGADA,1999,Rabi,Sunflower,240,150,0.625
Odisha,RAYAGADA,1999,Rabi,Urad,7260,1910,0.263085399
Odisha,RAYAGADA,1999,Rabi,Wheat,60,70,1.166666667
Odisha,RAYAGADA,1999,Summer,Rice,2430,4080,1.679012346
Odisha,RAYAGADA,1999,Whole Year,Onion,510,3110,6.098039216
Odisha,RAYAGADA,1999,Whole Year,Potato,40,320,8
Odisha,RAYAGADA,1999,Whole Year,Sannhamp,80,340,4.25
Odisha,RAYAGADA,1999,Whole Year,Tobacco,1980,1740,0.878787879
Odisha,RAYAGADA,1999,Winter,Rice,54000,89000,1.648148148
Odisha,RAYAGADA,1999,Winter,Sugarcane,190,10990,57.84210526
Odisha,RAYAGADA,2000,Autumn,Rice,11970,9740,0.813700919
Odisha,RAYAGADA,2000,Kharif,Arhar/Tur,17510,13870,0.792118789
Odisha,RAYAGADA,2000,Kharif,Bajra,550,290,0.527272727
Odisha,RAYAGADA,2000,Kharif,Castor seed,590,180,0.305084746
Odisha,RAYAGADA,2000,Kharif,Cotton(lint),6920,15510,2.24132948
Odisha,RAYAGADA,2000,Kharif,Dry ginger,260,470,1.807692308
Odisha,RAYAGADA,2000,Kharif,Groundnut,329,203.6,0.618844985
Odisha,RAYAGADA,2000,Kharif,Horse-gram,1610,322,0.2
Odisha,RAYAGADA,2000,Kharif,Jowar,1500,940,0.626666667
Odisha,RAYAGADA,2000,Kharif,Maize,3861,4206.1,1.089380989
Odisha,RAYAGADA,2000,Kharif,Mesta,90,360,4
Odisha,RAYAGADA,2000,Kharif,Moong(Green Gram),506,132.9,0.262648221
Odisha,RAYAGADA,2000,Kharif,Niger seed,15910,4070,0.255813953
Odisha,RAYAGADA,2000,Kharif,Ragi,13080,7181.8,0.549067278
Odisha,RAYAGADA,2000,Kharif,Sesamum,3925,757.9,0.193095541
Odisha,RAYAGADA,2000,Kharif,Small millets,2090,1120,0.535885167
Odisha,RAYAGADA,2000,Kharif,Urad,2112,361.6,0.171212121
Odisha,RAYAGADA,2000,Rabi,Castor seed,480,190,0.395833333
Odisha,RAYAGADA,2000,Rabi,Gram,90,40,0.444444444
Odisha,RAYAGADA,2000,Rabi,Niger seed,8090,2000,0.247218789
Odisha,RAYAGADA,2000,Rabi,Other  Rabi pulses,90,33,0.366666667
Odisha,RAYAGADA,2000,Rabi,Rapeseed &Mustard,935,106.6,0.114010695
Odisha,RAYAGADA,2000,Rabi,Sunflower,200,60,0.3
Odisha,RAYAGADA,2000,Summer,Rice,1910,2850,1.492146597
Odisha,RAYAGADA,2000,Whole Year,Dry chillies,2590,2150,0.83011583
Odisha,RAYAGADA,2000,Whole Year,Garlic,20,60,3
Odisha,RAYAGADA,2000,Whole Year,Onion,180,670,3.722222222
Odisha,RAYAGADA,2000,Whole Year,Potato,53,402.3,7.590566038
Odisha,RAYAGADA,2000,Whole Year,Sannhamp,330,980,2.96969697
Odisha,RAYAGADA,2000,Whole Year,Sugarcane,127,6324.6,49.8
Odisha,RAYAGADA,2000,Whole Year,Sweet potato,1590,11920,7.496855346
Odisha,RAYAGADA,2000,Whole Year,Tobacco,520,110,0.211538462
Odisha,RAYAGADA,2000,Whole Year,Turmeric,190,440,2.315789474
Odisha,RAYAGADA,2000,Winter,Rice,55560,60470,1.08837293
Odisha,RAYAGADA,2001,Kharif,Arhar/Tur,19000,12330,0.648947368
Odisha,RAYAGADA,2001,Kharif,Bajra,600,360,0.6
Odisha,RAYAGADA,2001,Kharif,Castor seed,540,190,0.351851852
Odisha,RAYAGADA,2001,Kharif,Dry ginger,480,860,1.791666667
Odisha,RAYAGADA,2001,Kharif,Groundnut,440,326.7,0.7425
Odisha,RAYAGADA,2001,Kharif,Horse-gram,1617,504.5,0.311997526
Odisha,RAYAGADA,2001,Kharif,Jowar,1510,930,0.61589404
Odisha,RAYAGADA,2001,Kharif,Maize,3746,3070.4,0.819647624
Odisha,RAYAGADA,2001,Kharif,Moong(Green Gram),631,137.1,0.217274168
Odisha,RAYAGADA,2001,Kharif,Niger seed,17370,4810,0.27691422
Odisha,RAYAGADA,2001,Kharif,Ragi,10801,6983.2,0.646532728
Odisha,RAYAGADA,2001,Kharif,Rice,66000,101000,1.53030303
Odisha,RAYAGADA,2001,Kharif,Sesamum,2905,820.1,0.282306368
Odisha,RAYAGADA,2001,Kharif,Small millets,2900,1740,0.6
Odisha,RAYAGADA,2001,Kharif,Urad,2490,551.9,0.221646586
Odisha,RAYAGADA,2001,Rabi,Castor seed,360,170,0.472222222
Odisha,RAYAGADA,2001,Rabi,Gram,90,40,0.444444444
Odisha,RAYAGADA,2001,Rabi,Niger seed,3830,1000,0.261096606
Odisha,RAYAGADA,2001,Rabi,Other  Rabi pulses,1040,670,0.644230769
Odisha,RAYAGADA,2001,Rabi,Rapeseed &Mustard,1479,233.7,0.15801217
Odisha,RAYAGADA,2001,Rabi,Sunflower,250,80,0.32
Odisha,RAYAGADA,2001,Rabi,Wheat,14,15.4,1.1
Odisha,RAYAGADA,2001,Whole Year,Coriander,120,60,0.5
Odisha,RAYAGADA,2001,Whole Year,Dry chillies,3630,2870,0.790633609
Odisha,RAYAGADA,2001,Whole Year,Garlic,60,190,3.166666667
Odisha,RAYAGADA,2001,Whole Year,Onion,380,2130,5.605263158
Odisha,RAYAGADA,2001,Whole Year,Potato,77,547.7,7.112987013
Odisha,RAYAGADA,2001,Whole Year,Sugarcane,66,2768.2,41.94242424
Odisha,RAYAGADA,2001,Whole Year,Sweet potato,1610,12560,7.801242236
Odisha,RAYAGADA,2001,Whole Year,Tobacco,1630,1140,0.699386503
Odisha,RAYAGADA,2001,Whole Year,Turmeric,210,50,0.238095238
Odisha,RAYAGADA,2002,Kharif,Arhar/Tur,18540,12890,0.695253506
Odisha,RAYAGADA,2002,Kharif,Bajra,660,260,0.393939394
Odisha,RAYAGADA,2002,Kharif,Castor seed,490,120,0.244897959
Odisha,RAYAGADA,2002,Kharif,Dry ginger,480,910,1.895833333
Odisha,RAYAGADA,2002,Kharif,Groundnut,827,554.6,0.670616687
Odisha,RAYAGADA,2002,Kharif,Horse-gram,1613,327.4,0.202975821
Odisha,RAYAGADA,2002,Kharif,Jowar,1430,720,0.503496503
Odisha,RAYAGADA,2002,Kharif,Maize,3895,4004.7,1.028164313
Odisha,RAYAGADA,2002,Kharif,Moong(Green Gram),418,56.5,0.135167464
Odisha,RAYAGADA,2002,Kharif,Niger seed,13430,1670,0.124348474
Odisha,RAYAGADA,2002,Kharif,Ragi,12046,6050.9,0.502316122
Odisha,RAYAGADA,2002,Kharif,Rice,56000,48000,0.857142857
Odisha,RAYAGADA,2002,Kharif,Sesamum,2383,472.2,0.198153588
Odisha,RAYAGADA,2002,Kharif,Small millets,3120,1870,0.599358974
Odisha,RAYAGADA,2002,Kharif,Urad,3066,471.3,0.1537182
Odisha,RAYAGADA,2002,Rabi,Castor seed,220,80,0.363636364
Odisha,RAYAGADA,2002,Rabi,Gram,110,40,0.363636364
Odisha,RAYAGADA,2002,Rabi,Niger seed,2940,710,0.241496599
Odisha,RAYAGADA,2002,Rabi,Other  Rabi pulses,940,610,0.64893617
Odisha,RAYAGADA,2002,Rabi,Rapeseed &Mustard,1398,131.4,0.093991416
Odisha,RAYAGADA,2002,Rabi,Sunflower,130,40,0.307692308
Odisha,RAYAGADA,2002,Rabi,Wheat,8,3.8,0.475
Odisha,RAYAGADA,2002,Whole Year,Coriander,100,50,0.5
Odisha,RAYAGADA,2002,Whole Year,Dry chillies,3750,3300,0.88
Odisha,RAYAGADA,2002,Whole Year,Garlic,70,220,3.142857143
Odisha,RAYAGADA,2002,Whole Year,Onion,450,2720,6.044444444
Odisha,RAYAGADA,2002,Whole Year,Potato,38,230.4,6.063157895
Odisha,RAYAGADA,2002,Whole Year,Sugarcane,271,10779.8,39.77785978
Odisha,RAYAGADA,2002,Whole Year,Sweet potato,1690,13880,8.213017751
Odisha,RAYAGADA,2002,Whole Year,Tobacco,1250,1130,0.904
Odisha,RAYAGADA,2002,Whole Year,Turmeric,210,450,2.142857143
Odisha,RAYAGADA,2003,Kharif,Arhar/Tur,18900,17140,0.906878307
Odisha,RAYAGADA,2003,Kharif,Bajra,620,370,0.596774194
Odisha,RAYAGADA,2003,Kharif,Castor seed,580,180,0.310344828
Odisha,RAYAGADA,2003,Kharif,Dry ginger,250,470,1.88
Odisha,RAYAGADA,2003,Kharif,Groundnut,398,278.5,0.699748744
Odisha,RAYAGADA,2003,Kharif,Horse-gram,1933,636,0.329022245
Odisha,RAYAGADA,2003,Kharif,Jowar,2260,1380,0.610619469
Odisha,RAYAGADA,2003,Kharif,Maize,2992,2569.2,0.85868984
Odisha,RAYAGADA,2003,Kharif,Moong(Green Gram),466,123.9,0.265879828
Odisha,RAYAGADA,2003,Kharif,Niger seed,13830,2560,0.185104845
Odisha,RAYAGADA,2003,Kharif,Ragi,12029,7318.9,0.608437942
Odisha,RAYAGADA,2003,Kharif,Rice,62000,110000,1.774193548
Odisha,RAYAGADA,2003,Kharif,Sesamum,3771,1059.2,0.280880403
Odisha,RAYAGADA,2003,Kharif,Small millets,4130,2480,0.600484262
Odisha,RAYAGADA,2003,Kharif,Urad,2842,691,0.243138635
Odisha,RAYAGADA,2003,Rabi,Castor seed,240,100,0.416666667
Odisha,RAYAGADA,2003,Rabi,Gram,190,80,0.421052632
Odisha,RAYAGADA,2003,Rabi,Niger seed,3200,910,0.284375
Odisha,RAYAGADA,2003,Rabi,Other  Rabi pulses,1200,830,0.691666667
Odisha,RAYAGADA,2003,Rabi,Rapeseed &Mustard,1194,174.3,0.145979899
Odisha,RAYAGADA,2003,Rabi,Sunflower,180,90,0.5
Odisha,RAYAGADA,2003,Rabi,Wheat,14,18.4,1.314285714
Odisha,RAYAGADA,2003,Whole Year,Coriander,100,50,0.5
Odisha,RAYAGADA,2003,Whole Year,Dry chillies,2120,1870,0.882075472
Odisha,RAYAGADA,2003,Whole Year,Garlic,80,240,3
Odisha,RAYAGADA,2003,Whole Year,Onion,460,2810,6.108695652
Odisha,RAYAGADA,2003,Whole Year,Potato,38,248.2,6.531578947
Odisha,RAYAGADA,2003,Whole Year,Sugarcane,35,1431.5,40.9
Odisha,RAYAGADA,2003,Whole Year,Sweet potato,1690,14160,8.378698225
Odisha,RAYAGADA,2003,Whole Year,Tobacco,1270,1270,1
Odisha,RAYAGADA,2003,Whole Year,Turmeric,100,210,2.1
Odisha,RAYAGADA,2004,Autumn,Groundnut,331,289,0.873111782
Odisha,RAYAGADA,2004,Autumn,Maize,3569,3652.1,1.023283833
Odisha,RAYAGADA,2004,Autumn,Moong(Green Gram),13,1.8,0.138461538
Odisha,RAYAGADA,2004,Autumn,Ragi,3491,2251.7,0.645001432
Odisha,RAYAGADA,2004,Autumn,Rice,10000,8000,0.8
Odisha,RAYAGADA,2004,Autumn,Urad,69,13.1,0.189855072
Odisha,RAYAGADA,2004,Kharif,Bajra,617,370,0.599675851
Odisha,RAYAGADA,2004,Kharif,Castor seed,622,190,0.305466238
Odisha,RAYAGADA,2004,Kharif,Dry ginger,294,555,1.887755102
Odisha,RAYAGADA,2004,Kharif,Jowar,1576,946,0.600253807
Odisha,RAYAGADA,2004,Kharif,Small millets,3534,2156,0.610073571
Odisha,RAYAGADA,2004,Rabi,Castor seed,287,90,0.31358885
Odisha,RAYAGADA,2004,Rabi,Gram,124,50,0.403225806
Odisha,RAYAGADA,2004,Rabi,Niger seed,17239,5700,0.330645629
Odisha,RAYAGADA,2004,Rabi,Other  Rabi pulses,1088,795,0.730698529
Odisha,RAYAGADA,2004,Rabi,Sunflower,221,111,0.502262443
Odisha,RAYAGADA,2004,Summer,Groundnut,81,100.4,1.239506173
Odisha,RAYAGADA,2004,Summer,Maize,40,48.2,1.205
Odisha,RAYAGADA,2004,Summer,Moong(Green Gram),26,4,0.153846154
Odisha,RAYAGADA,2004,Summer,Ragi,75,75.3,1.004
Odisha,RAYAGADA,2004,Summer,Rice,3000,3000,1
Odisha,RAYAGADA,2004,Summer,Sesamum,301,60.2,0.2
Odisha,RAYAGADA,2004,Summer,Urad,391,85.6,0.218925831
Odisha,RAYAGADA,2004,Summer,Wheat,28,29,1.035714286
Odisha,RAYAGADA,2004,Whole Year,Coriander,122,57,0.467213115
Odisha,RAYAGADA,2004,Whole Year,Dry chillies,2006,1770,0.882352941
Odisha,RAYAGADA,2004,Whole Year,Garlic,88,273,3.102272727
Odisha,RAYAGADA,2004,Whole Year,Onion,653,3950,6.049004594
Odisha,RAYAGADA,2004,Whole Year,Sweet potato,1737,14525,8.362118595
Odisha,RAYAGADA,2004,Whole Year,Tobacco,1165,1165,1
Odisha,RAYAGADA,2004,Whole Year,Turmeric,117,247,2.111111111
Odisha,RAYAGADA,2004,Winter,Groundnut,61,37.3,0.61147541
Odisha,RAYAGADA,2004,Winter,Horse-gram,2026,628.1,0.310019743
Odisha,RAYAGADA,2004,Winter,Maize,16,16,1
Odisha,RAYAGADA,2004,Winter,Moong(Green Gram),109,17.2,0.157798165
Odisha,RAYAGADA,2004,Winter,Potato,80,572.4,7.155
Odisha,RAYAGADA,2004,Winter,Ragi,8298,5111.6,0.616003856
Odisha,RAYAGADA,2004,Winter,Rapeseed &Mustard,1049,169.9,0.161963775
Odisha,RAYAGADA,2004,Winter,Rice,54000,96000,1.777777778
Odisha,RAYAGADA,2004,Winter,Sesamum,4729,1376.1,0.290991753
Odisha,RAYAGADA,2004,Winter,Sugarcane,40,1170.7,29.2675
Odisha,RAYAGADA,2004,Winter,Urad,3462,875.9,0.253004044
Odisha,RAYAGADA,2005,Autumn,Groundnut,186,127,0.682795699
Odisha,RAYAGADA,2005,Autumn,Maize,2931,2731.5,0.931934493
Odisha,RAYAGADA,2005,Autumn,Moong(Green Gram),6,0.6,0.1
Odisha,RAYAGADA,2005,Autumn,Ragi,2798,1673.2,0.59799857
Odisha,RAYAGADA,2005,Autumn,Rice,7000,4000,0.571428571
Odisha,RAYAGADA,2005,Autumn,Urad,5,0.7,0.14
Odisha,RAYAGADA,2005,Summer,Groundnut,15,21.2,1.413333333
Odisha,RAYAGADA,2005,Summer,Maize,108,118.3,1.09537037
Odisha,RAYAGADA,2005,Summer,Moong(Green Gram),12,4.4,0.366666667
Odisha,RAYAGADA,2005,Summer,Ragi,22,14.5,0.659090909
Odisha,RAYAGADA,2005,Summer,Rice,5000,7000,1.4
Odisha,RAYAGADA,2005,Summer,Sesamum,155,38.6,0.249032258
Odisha,RAYAGADA,2005,Summer,Urad,11,1.5,0.136363636
Odisha,RAYAGADA,2005,Summer,Wheat,26,25.8,0.992307692
Odisha,RAYAGADA,2005,Winter,Groundnut,155,93.2,0.601290323
Odisha,RAYAGADA,2005,Winter,Horse-gram,2104,576.5,0.274001901
Odisha,RAYAGADA,2005,Winter,Maize,68,53.3,0.783823529
Odisha,RAYAGADA,2005,Winter,Moong(Green Gram),163,32.9,0.201840491
Odisha,RAYAGADA,2005,Winter,Potato,66,419.8,6.360606061
Odisha,RAYAGADA,2005,Winter,Ragi,6647,4214.2,0.634000301
Odisha,RAYAGADA,2005,Winter,Rapeseed &Mustard,1063,164.8,0.155032926
Odisha,RAYAGADA,2005,Winter,Rice,39000,60000,1.538461538
Odisha,RAYAGADA,2005,Winter,Sesamum,5151,1277.4,0.247990681
Odisha,RAYAGADA,2005,Winter,Sugarcane,137,6668.7,48.67664234
Odisha,RAYAGADA,2005,Winter,Urad,2902,771.9,0.265988973
Odisha,RAYAGADA,2006,Autumn,Groundnut,232,180.5,0.778017241
Odisha,RAYAGADA,2006,Autumn,Maize,3236,2984,0.922126082
Odisha,RAYAGADA,2006,Autumn,Ragi,3030,1875.6,0.619009901
Odisha,RAYAGADA,2006,Autumn,Rice,9000,8000,0.888888889
Odisha,RAYAGADA,2006,Autumn,Sesamum,2,0.2,0.1
Odisha,RAYAGADA,2006,Autumn,Urad,1,0.2,0.2
Odisha,RAYAGADA,2006,Summer,Groundnut,43,65.6,1.525581395
Odisha,RAYAGADA,2006,Summer,Maize,69,69.9,1.013043478
Odisha,RAYAGADA,2006,Summer,Moong(Green Gram),13,4.6,0.353846154
Odisha,RAYAGADA,2006,Summer,Ragi,114,75.1,0.65877193
Odisha,RAYAGADA,2006,Summer,Rice,3000,4000,1.333333333
Odisha,RAYAGADA,2006,Summer,Sesamum,88,28,0.318181818
Odisha,RAYAGADA,2006,Summer,Urad,6,0.7,0.116666667
Odisha,RAYAGADA,2006,Summer,Wheat,29,30.9,1.065517241
Odisha,RAYAGADA,2006,Winter,Groundnut,60,42.1,0.701666667
Odisha,RAYAGADA,2006,Winter,Horse-gram,2089,664.3,0.317999043
Odisha,RAYAGADA,2006,Winter,Maize,44,36.3,0.825
Odisha,RAYAGADA,2006,Winter,Moong(Green Gram),80,16.2,0.2025
Odisha,RAYAGADA,2006,Winter,Potato,53,454.1,8.567924528
Odisha,RAYAGADA,2006,Winter,Ragi,8091,5590.9,0.691002348
Odisha,RAYAGADA,2006,Winter,Rapeseed &Mustard,943,140.5,0.148992577
Odisha,RAYAGADA,2006,Winter,Rice,52000,97000,1.865384615
Odisha,RAYAGADA,2006,Winter,Sesamum,3511,898.8,0.255995443
Odisha,RAYAGADA,2006,Winter,Sugarcane,58,2631.9,45.37758621
Odisha,RAYAGADA,2006,Winter,Urad,2351,585.4,0.249000425
Odisha,RAYAGADA,2007,Autumn,Groundnut,248,201.6,0.812903226
Odisha,RAYAGADA,2007,Autumn,Maize,3561,3697.6,1.038360011
Odisha,RAYAGADA,2007,Autumn,Moong(Green Gram),82,26.1,0.318292683
Odisha,RAYAGADA,2007,Autumn,Ragi,3964,2461.6,0.6209889
Odisha,RAYAGADA,2007,Autumn,Rice,8000,8000,1
Odisha,RAYAGADA,2007,Autumn,Urad,19,4.8,0.252631579
Odisha,RAYAGADA,2007,Summer,Groundnut,107,110.5,1.03271028
Odisha,RAYAGADA,2007,Summer,Maize,113,127.7,1.130088496
Odisha,RAYAGADA,2007,Summer,Moong(Green Gram),11,2,0.181818182
Odisha,RAYAGADA,2007,Summer,Ragi,238,202.3,0.85
Odisha,RAYAGADA,2007,Summer,Rice,4000,7000,1.75
Odisha,RAYAGADA,2007,Summer,Sesamum,263,72.3,0.274904943
Odisha,RAYAGADA,2007,Summer,Urad,95,21.6,0.227368421
Odisha,RAYAGADA,2007,Summer,Wheat,17,5.8,0.341176471
Odisha,RAYAGADA,2007,Winter,Groundnut,137,112.2,0.818978102
Odisha,RAYAGADA,2007,Winter,Horse-gram,2495,815.9,0.327014028
Odisha,RAYAGADA,2007,Winter,Maize,95,93.6,0.985263158
Odisha,RAYAGADA,2007,Winter,Moong(Green Gram),260,47.6,0.183076923
Odisha,RAYAGADA,2007,Winter,Potato,76,579.2,7.621052632
Odisha,RAYAGADA,2007,Winter,Ragi,10100,6211.5,0.615
Odisha,RAYAGADA,2007,Winter,Rapeseed &Mustard,1183,217.7,0.184023669
Odisha,RAYAGADA,2007,Winter,Rice,59000,116000,1.966101695
Odisha,RAYAGADA,2007,Winter,Sesamum,3896,1075.3,0.276001027
Odisha,RAYAGADA,2007,Winter,Sugarcane,82,2978.2,36.3195122
Odisha,RAYAGADA,2007,Winter,Urad,3537,916.1,0.259004806
Odisha,RAYAGADA,2008,Autumn,Groundnut,231,176,0.761904762
Odisha,RAYAGADA,2008,Autumn,Maize,3793,4473.8,1.179488532
Odisha,RAYAGADA,2008,Autumn,Moong(Green Gram),3,0.9,0.3
Odisha,RAYAGADA,2008,Autumn,Ragi,5136,3410.3,0.663999221
Odisha,RAYAGADA,2008,Autumn,Rice,9000,8000,0.888888889
Odisha,RAYAGADA,2008,Autumn,Urad,5,0.6,0.12
Odisha,RAYAGADA,2008,Summer,Groundnut,22,26,1.181818182
Odisha,RAYAGADA,2008,Summer,Maize,88,89.6,1.018181818
Odisha,RAYAGADA,2008,Summer,Moong(Green Gram),37,7.3,0.197297297
Odisha,RAYAGADA,2008,Summer,Ragi,111,80.7,0.727027027
Odisha,RAYAGADA,2008,Summer,Rice,2000,3000,1.5
Odisha,RAYAGADA,2008,Summer,Sesamum,123,34.9,0.283739837
Odisha,RAYAGADA,2008,Summer,Urad,76,14.6,0.192105263
Odisha,RAYAGADA,2008,Summer,Wheat,9,9.9,1.1
Odisha,RAYAGADA,2008,Winter,Groundnut,82,47.5,0.579268293
Odisha,RAYAGADA,2008,Winter,Horse-gram,2318,623.5,0.268981881
Odisha,RAYAGADA,2008,Winter,Maize,44,32.6,0.740909091
Odisha,RAYAGADA,2008,Winter,Moong(Green Gram),135,19.6,0.145185185
Odisha,RAYAGADA,2008,Winter,Potato,93,1030.7,11.0827957
Odisha,RAYAGADA,2008,Winter,Ragi,10469,5506.7,0.526000573
Odisha,RAYAGADA,2008,Winter,Rapeseed &Mustard,837,113.8,0.135961768
Odisha,RAYAGADA,2008,Winter,Rice,52000,86000,1.653846154
Odisha,RAYAGADA,2008,Winter,Sesamum,3465,658.4,0.19001443
Odisha,RAYAGADA,2008,Winter,Sugarcane,16,544,34
Odisha,RAYAGADA,2008,Winter,Urad,3179,632.6,0.198993394
Odisha,RAYAGADA,2009,Autumn,Groundnut,275,208.2,0.757090909
Odisha,RAYAGADA,2009,Autumn,Maize,3043,2984,0.980611239
Odisha,RAYAGADA,2009,Autumn,Moong(Green Gram),2,1.2,0.6
Odisha,RAYAGADA,2009,Autumn,Ragi,3031,1803.4,0.594985153
Odisha,RAYAGADA,2009,Autumn,Rice,7000,6000,0.857142857
Odisha,RAYAGADA,2009,Autumn,Urad,4,3.6,0.9
Odisha,RAYAGADA,2009,Summer,Groundnut,49,54.9,1.120408163
Odisha,RAYAGADA,2009,Summer,Maize,93,109.7,1.179569892
Odisha,RAYAGADA,2009,Summer,Moong(Green Gram),22,7.5,0.340909091
Odisha,RAYAGADA,2009,Summer,Ragi,105,98.8,0.940952381
Odisha,RAYAGADA,2009,Summer,Rice,4000,7000,1.75
Odisha,RAYAGADA,2009,Summer,Sesamum,541,132.5,0.244916821
Odisha,RAYAGADA,2009,Summer,Urad,30,6,0.2
Odisha,RAYAGADA,2009,Summer,Wheat,1,0.7,0.7
Odisha,RAYAGADA,2009,Winter,Groundnut,67,44.5,0.664179104
Odisha,RAYAGADA,2009,Winter,Horse-gram,2217,742.7,0.335002255
Odisha,RAYAGADA,2009,Winter,Maize,85,78.1,0.918823529
Odisha,RAYAGADA,2009,Winter,Moong(Green Gram),203,51.8,0.255172414
Odisha,RAYAGADA,2009,Winter,Potato,45,272.7,6.06
Odisha,RAYAGADA,2009,Winter,Ragi,8431,4949,0.587000356
Odisha,RAYAGADA,2009,Winter,Rapeseed &Mustard,745,119.9,0.160939597
Odisha,RAYAGADA,2009,Winter,Rice,60000,114000,1.9
Odisha,RAYAGADA,2009,Winter,Sesamum,3923,1102.4,0.281009432
Odisha,RAYAGADA,2009,Winter,Sugarcane,18,539,29.94444444
Odisha,RAYAGADA,2009,Winter,Urad,2907,758.7,0.260990712
Odisha,RAYAGADA,2010,Autumn,Groundnut,190,140.6,0.74
Odisha,RAYAGADA,2010,Autumn,Maize,4219,4678.4,1.108888362
Odisha,RAYAGADA,2010,Autumn,Moong(Green Gram),1,0.2,0.2
Odisha,RAYAGADA,2010,Autumn,Ragi,4300,2790.7,0.649
Odisha,RAYAGADA,2010,Autumn,Rice,8000,8000,1
Odisha,RAYAGADA,2010,Autumn,Urad,5,0.2,0.04
Odisha,RAYAGADA,2010,Summer,Groundnut,23,23.9,1.039130435
Odisha,RAYAGADA,2010,Summer,Maize,116,136.2,1.174137931
Odisha,RAYAGADA,2010,Summer,Moong(Green Gram),90,26.6,0.295555556
Odisha,RAYAGADA,2010,Summer,Ragi,99,92.6,0.935353535
Odisha,RAYAGADA,2010,Summer,Rice,3000,6000,2
Odisha,RAYAGADA,2010,Summer,Sesamum,171,55.4,0.323976608
Odisha,RAYAGADA,2010,Summer,Urad,16,5,0.3125
Odisha,RAYAGADA,2010,Winter,Groundnut,51,43.3,0.849019608
Odisha,RAYAGADA,2010,Winter,Horse-gram,3060,1162.8,0.38
Odisha,RAYAGADA,2010,Winter,Maize,86,101.4,1.179069767
Odisha,RAYAGADA,2010,Winter,Moong(Green Gram),269,61.1,0.227137546
Odisha,RAYAGADA,2010,Winter,Potato,96,1075.1,11.19895833
Odisha,RAYAGADA,2010,Winter,Ragi,8121,5327.4,0.656002955
Odisha,RAYAGADA,2010,Winter,Rapeseed &Mustard,1370,232.9,0.17
Odisha,RAYAGADA,2010,Winter,Rice,49000,112000,2.285714286
Odisha,RAYAGADA,2010,Winter,Sesamum,4172,1310,0.313998082
Odisha,RAYAGADA,2010,Winter,Sugarcane,72,4320,60
Odisha,RAYAGADA,2010,Winter,Urad,4069,1123,0.275989187
Odisha,RAYAGADA,2011,Autumn,Groundnut,252,177.4,0.703968254
Odisha,RAYAGADA,2011,Autumn,Maize,3877,4720.3,1.217513541
Odisha,RAYAGADA,2011,Autumn,Ragi,3979,2546.6,0.640010053
Odisha,RAYAGADA,2011,Autumn,Rice,6000,5000,0.833333333
Odisha,RAYAGADA,2011,Autumn,Urad,11,4.4,0.4
Odisha,RAYAGADA,2011,Summer,Groundnut,17,26.7,1.570588235
Odisha,RAYAGADA,2011,Summer,Maize,70,95.6,1.365714286
Odisha,RAYAGADA,2011,Summer,Moong(Green Gram),14,2.1,0.15
Odisha,RAYAGADA,2011,Summer,Ragi,38,31.2,0.821052632
Odisha,RAYAGADA,2011,Summer,Rice,1000,2000,2
Odisha,RAYAGADA,2011,Summer,Sesamum,134,35,0.26119403
Odisha,RAYAGADA,2011,Summer,Urad,12,2.8,0.233333333
Odisha,RAYAGADA,2011,Winter,Groundnut,39,27.6,0.707692308
Odisha,RAYAGADA,2011,Winter,Horse-gram,1707,498.4,0.291974224
Odisha,RAYAGADA,2011,Winter,Maize,104,88.4,0.85
Odisha,RAYAGADA,2011,Winter,Moong(Green Gram),31,6.6,0.212903226
Odisha,RAYAGADA,2011,Winter,Niger seed,5242,838.7,0.159996185
Odisha,RAYAGADA,2011,Winter,Potato,76,576.5,7.585526316
Odisha,RAYAGADA,2011,Winter,Ragi,8131,3789,0.465994343
Odisha,RAYAGADA,2011,Winter,Rapeseed &Mustard,639,118.2,0.184976526
Odisha,RAYAGADA,2011,Winter,Rice,52000,67000,1.288461538
Odisha,RAYAGADA,2011,Winter,Sesamum,2198,507.7,0.230982712
Odisha,RAYAGADA,2011,Winter,Sugarcane,15,792,52.8
Odisha,RAYAGADA,2011,Winter,Urad,2511,587.6,0.234010354
Odisha,RAYAGADA,2012,Autumn,Groundnut,170,117.6,0.691764706
Odisha,RAYAGADA,2012,Autumn,Maize,3678,4309.2,1.171615008
Odisha,RAYAGADA,2012,Autumn,Ragi,3419,2413.8,0.705995905
Odisha,RAYAGADA,2012,Autumn,Rice,7000,7000,1
Odisha,RAYAGADA,2012,Autumn,Urad,8,0.6,0.075
Odisha,RAYAGADA,2012,Summer,Groundnut,82,103.6,1.263414634
Odisha,RAYAGADA,2012,Summer,Maize,8,10.5,1.3125
Odisha,RAYAGADA,2012,Summer,Ragi,30,23.9,0.796666667
Odisha,RAYAGADA,2012,Summer,Rice,115000,3000,0.026086957
Odisha,RAYAGADA,2012,Summer,Sesamum,39,13.1,0.335897436
Odisha,RAYAGADA,2012,Summer,Urad,5,1.2,0.24
Odisha,RAYAGADA,2012,Winter,Groundnut,54,33.9,0.627777778
Odisha,RAYAGADA,2012,Winter,Horse-gram,2931,1090.3,0.371989082
Odisha,RAYAGADA,2012,Winter,Maize,93,105.1,1.130107527
Odisha,RAYAGADA,2012,Winter,Moong(Green Gram),73,19.4,0.265753425
Odisha,RAYAGADA,2012,Winter,Potato,34,311.4,9.158823529
Odisha,RAYAGADA,2012,Winter,Ragi,8467,5893,0.695996221
Odisha,RAYAGADA,2012,Winter,Rapeseed &Mustard,1257,214.9,0.170962609
Odisha,RAYAGADA,2012,Winter,Rice,48000,108000,2.25
Odisha,RAYAGADA,2012,Winter,Sesamum,2263,647.2,0.285992046
Odisha,RAYAGADA,2012,Winter,Sugarcane,19,1299.6,68.4
Odisha,RAYAGADA,2012,Winter,Urad,3626,1033.4,0.284997242
Odisha,RAYAGADA,2013,Autumn,Groundnut,245,196.7,0.802857143
Odisha,RAYAGADA,2013,Autumn,Maize,3912,5353.2,1.368404908
Odisha,RAYAGADA,2013,Autumn,Ragi,3995,2764.5,0.691989987
Odisha,RAYAGADA,2013,Autumn,Rice,7000,7000,1
Odisha,RAYAGADA,2013,Summer,Groundnut,93,131.5,1.413978495
Odisha,RAYAGADA,2013,Summer,Maize,179,247.9,1.384916201
Odisha,RAYAGADA,2013,Summer,Ragi,77,73.3,0.951948052
Odisha,RAYAGADA,2013,Summer,Rice,4000,9000,2.25
Odisha,RAYAGADA,2013,Summer,Sesamum,243,109.1,0.448971193
Odisha,RAYAGADA,2013,Winter,Groundnut,36,30,0.833333333
Odisha,RAYAGADA,2013,Winter,Horse-gram,3056,1133.8,0.371007853
Odisha,RAYAGADA,2013,Winter,Maize,143,169.1,1.182517483
Odisha,RAYAGADA,2013,Winter,Moong(Green Gram),70,19.6,0.28
Odisha,RAYAGADA,2013,Winter,Potato,51,631.4,12.38039216
Odisha,RAYAGADA,2013,Winter,Ragi,7837,5775.9,0.737003956
Odisha,RAYAGADA,2013,Winter,Rapeseed &Mustard,1314,293,0.222983257
Odisha,RAYAGADA,2013,Winter,Rice,57000,153000,2.684210526
Odisha,RAYAGADA,2013,Winter,Sesamum,2040,630.4,0.309019608
Odisha,RAYAGADA,2013,Winter,Sugarcane,21,1732.5,82.5
Odisha,RAYAGADA,2013,Winter,Urad,3355,1070.2,0.318986587
Odisha,RAYAGADA,2014,Autumn,Groundnut,211,165.2,0.782938389
Odisha,RAYAGADA,2014,Autumn,Maize,4454,6182.7,1.388123035
Odisha,RAYAGADA,2014,Autumn,Ragi,3125,2278.1,0.728992
Odisha,RAYAGADA,2014,Autumn,Rice,6000,7000,1.166666667
Odisha,RAYAGADA,2014,Summer,Groundnut,79,122.5,1.550632911
Odisha,RAYAGADA,2014,Summer,Maize,98,162.4,1.657142857
Odisha,RAYAGADA,2014,Summer,Moong(Green Gram),19,11.6,0.610526316
Odisha,RAYAGADA,2014,Summer,Ragi,130,128.6,0.989230769
Odisha,RAYAGADA,2014,Summer,Rice,5000,15000,3
Odisha,RAYAGADA,2014,Summer,Sesamum,594,288.1,0.485016835
Odisha,RAYAGADA,2014,Summer,Urad,9,4.2,0.466666667
Odisha,RAYAGADA,2014,Winter,Groundnut,24,17.1,0.7125
Odisha,RAYAGADA,2014,Winter,Horse-gram,2785,1094.5,0.392998205
Odisha,RAYAGADA,2014,Winter,Maize,117,161.1,1.376923077
Odisha,RAYAGADA,2014,Winter,Moong(Green Gram),109,38.6,0.35412844
Odisha,RAYAGADA,2014,Winter,Potato,36,337.8,9.383333333
Odisha,RAYAGADA,2014,Winter,Ragi,7050,5188.8,0.736
Odisha,RAYAGADA,2014,Winter,Rapeseed &Mustard,1790,384.9,0.215027933
Odisha,RAYAGADA,2014,Winter,Rice,54000,161000,2.981481481
Odisha,RAYAGADA,2014,Winter,Sesamum,1945,639.9,0.328997429
Odisha,RAYAGADA,2014,Winter,Sugarcane,10,468,46.8
Odisha,RAYAGADA,2014,Winter,Urad,2425,812.4,0.335010309
Odisha,RAYAGADA,2015,Autumn,Groundnut,201,167.6,0.833830846
Odisha,RAYAGADA,2015,Autumn,Maize,3707,6107.7,1.647612625
Odisha,RAYAGADA,2015,Autumn,Ragi,3811,2378.1,0.624009446
Odisha,RAYAGADA,2015,Autumn,Rice,5000,3000,0.6
Odisha,RAYAGADA,2015,Summer,Groundnut,83,104.6,1.260240964
Odisha,RAYAGADA,2015,Summer,Maize,91,154.5,1.697802198
Odisha,RAYAGADA,2015,Summer,Moong(Green Gram),53,12,0.226415094
Odisha,RAYAGADA,2015,Summer,Ragi,71,57.4,0.808450704
Odisha,RAYAGADA,2015,Summer,Rice,2000,4000,2
Odisha,RAYAGADA,2015,Summer,Sesamum,138,35.9,0.260144928
Odisha,RAYAGADA,2015,Summer,Urad,16,4.3,0.26875
Odisha,RAYAGADA,2015,Winter,Groundnut,39,9.7,0.248717949
Odisha,RAYAGADA,2015,Winter,Horse-gram,1689,381.7,0.225991711
Odisha,RAYAGADA,2015,Winter,Maize,147,154.3,1.049659864
Odisha,RAYAGADA,2015,Winter,Moong(Green Gram),137,23,0.167883212
Odisha,RAYAGADA,2015,Winter,Potato,28,227.3,8.117857143
Odisha,RAYAGADA,2015,Winter,Ragi,5265,2269.2,0.430997151
Odisha,RAYAGADA,2015,Winter,Rapeseed &Mustard,952,119,0.125
Odisha,RAYAGADA,2015,Winter,Rice,45000,54000,1.2
Odisha,RAYAGADA,2015,Winter,Sesamum,1661,300.6,0.180975316
Odisha,RAYAGADA,2015,Winter,Sugarcane,81,4168.8,51.46666667
Odisha,RAYAGADA,2015,Winter,Urad,2291,403.2,0.175993016
Odisha,SAMBALPUR,1997,Autumn,Arhar/Tur,304,68,0.223684211
Odisha,SAMBALPUR,1997,Autumn,Groundnut,21,14,0.666666667
Odisha,SAMBALPUR,1997,Autumn,Maize,104,61,0.586538462
Odisha,SAMBALPUR,1997,Autumn,Paddy,43928,59025,1.343676015
Odisha,SAMBALPUR,1997,Autumn,Ragi,22,10,0.454545455
Odisha,SAMBALPUR,1997,Autumn,Sesamum,49,13,0.265306122
Odisha,SAMBALPUR,1997,Autumn,Urad,234,73,0.311965812
Odisha,SAMBALPUR,1997,Rabi,Wheat,10,6,0.6
Odisha,SAMBALPUR,1997,Summer,Arhar/Tur,143,48,0.335664336
Odisha,SAMBALPUR,1997,Summer,Groundnut,102,170,1.666666667
Odisha,SAMBALPUR,1997,Summer,Maize,1,1,1
Odisha,SAMBALPUR,1997,Summer,Paddy,19119,53803,2.814111617
Odisha,SAMBALPUR,1997,Summer,Sesamum,135,38,0.281481481
Odisha,SAMBALPUR,1997,Summer,Urad,7,4,0.571428571
Odisha,SAMBALPUR,1997,Whole Year,Potato,353,2225,6.303116147
Odisha,SAMBALPUR,1997,Winter,Arhar/Tur,54,12,0.222222222
Odisha,SAMBALPUR,1997,Winter,Groundnut,39,45,1.153846154
Odisha,SAMBALPUR,1997,Winter,Horse-gram,2640,792,0.3
Odisha,SAMBALPUR,1997,Winter,Maize,2,1,0.5
Odisha,SAMBALPUR,1997,Winter,Paddy,87633,164362,1.875571988
Odisha,SAMBALPUR,1997,Winter,Ragi,15,5,0.333333333
Odisha,SAMBALPUR,1997,Winter,Sesamum,4157,973,0.234063026
Odisha,SAMBALPUR,1997,Winter,Sugarcane,41,2440,59.51219512
Odisha,SAMBALPUR,1997,Winter,Urad,1093,286,0.261665142
Odisha,SAMBALPUR,1998,Autumn,Groundnut,15,10,0.666666667
Odisha,SAMBALPUR,1998,Autumn,Maize,125,83,0.664
Odisha,SAMBALPUR,1998,Autumn,Moong(Green Gram),539,143,0.265306122
Odisha,SAMBALPUR,1998,Autumn,Ragi,20,6,0.3
Odisha,SAMBALPUR,1998,Autumn,Rice,52393,38860,0.741702136
Odisha,SAMBALPUR,1998,Autumn,Sesamum,22,5,0.227272727
Odisha,SAMBALPUR,1998,Autumn,Urad,959,246,0.256517205
Odisha,SAMBALPUR,1998,Summer,Groundnut,156,191,1.224358974
Odisha,SAMBALPUR,1998,Summer,Moong(Green Gram),396,145,0.366161616
Odisha,SAMBALPUR,1998,Summer,Rice,8788,22388,2.547564861
Odisha,SAMBALPUR,1998,Summer,Sesamum,76,28,0.368421053
Odisha,SAMBALPUR,1998,Summer,Urad,1,1,1
Odisha,SAMBALPUR,1998,Summer,Wheat,185,274,1.481081081
Odisha,SAMBALPUR,1998,Winter,Groundnut,11,6,0.545454545
Odisha,SAMBALPUR,1998,Winter,Horse-gram,2280,650,0.285087719
Odisha,SAMBALPUR,1998,Winter,Maize,6,7,1.166666667
Odisha,SAMBALPUR,1998,Winter,Moong(Green Gram),51,10,0.196078431
Odisha,SAMBALPUR,1998,Winter,Potato,263,2404,9.140684411
Odisha,SAMBALPUR,1998,Winter,Ragi,4,1,0.25
Odisha,SAMBALPUR,1998,Winter,Rapeseed &Mustard,1099,213,0.193812557
Odisha,SAMBALPUR,1998,Winter,Rice,83207,133942,1.609744372
Odisha,SAMBALPUR,1998,Winter,Sesamum,2581,510,0.19759783
Odisha,SAMBALPUR,1998,Winter,Sugarcane,182,10335,56.78571429
Odisha,SAMBALPUR,1998,Winter,Urad,482,119,0.246887967
Odisha,SAMBALPUR,1999,Autumn,Rice,52000,66000,1.269230769
Odisha,SAMBALPUR,1999,Kharif,Arhar/Tur,660,400,0.606060606
Odisha,SAMBALPUR,1999,Kharif,Castor seed,170,80,0.470588235
Odisha,SAMBALPUR,1999,Kharif,Dry chillies,1890,2040,1.079365079
Odisha,SAMBALPUR,1999,Kharif,Dry ginger,580,1150,1.982758621
Odisha,SAMBALPUR,1999,Kharif,Groundnut,410,420,1.024390244
Odisha,SAMBALPUR,1999,Kharif,Jowar,130,70,0.538461538
Odisha,SAMBALPUR,1999,Kharif,Maize,1040,1560,1.5
Odisha,SAMBALPUR,1999,Kharif,Mesta,1780,5340,3
Odisha,SAMBALPUR,1999,Kharif,Moong(Green Gram),7140,3010,0.421568627
Odisha,SAMBALPUR,1999,Kharif,Niger seed,80,30,0.375
Odisha,SAMBALPUR,1999,Kharif,Ragi,90,50,0.555555556
Odisha,SAMBALPUR,1999,Kharif,Sesamum,22960,13320,0.580139373
Odisha,SAMBALPUR,1999,Kharif,Sweet potato,1680,15620,9.297619048
Odisha,SAMBALPUR,1999,Kharif,Turmeric,590,1380,2.338983051
Odisha,SAMBALPUR,1999,Kharif,Urad,11020,3610,0.327586207
Odisha,SAMBALPUR,1999,Rabi,Castor seed,240,110,0.458333333
Odisha,SAMBALPUR,1999,Rabi,Coriander,980,460,0.469387755
Odisha,SAMBALPUR,1999,Rabi,Dry chillies,4450,5160,1.159550562
Odisha,SAMBALPUR,1999,Rabi,Garlic,590,1830,3.101694915
Odisha,SAMBALPUR,1999,Rabi,Gram,330,170,0.515151515
Odisha,SAMBALPUR,1999,Rabi,Groundnut,420,530,1.261904762
Odisha,SAMBALPUR,1999,Rabi,Maize,160,250,1.5625
Odisha,SAMBALPUR,1999,Rabi,Moong(Green Gram),5930,3130,0.527824621
Odisha,SAMBALPUR,1999,Rabi,Niger seed,270,110,0.407407407
Odisha,SAMBALPUR,1999,Rabi,Rapeseed &Mustard,6600,3170,0.48030303
Odisha,SAMBALPUR,1999,Rabi,Sesamum,3870,1920,0.496124031
Odisha,SAMBALPUR,1999,Rabi,Sunflower,110,60,0.545454545
Odisha,SAMBALPUR,1999,Rabi,Urad,2290,870,0.379912664
Odisha,SAMBALPUR,1999,Rabi,Wheat,500,840,1.68
Odisha,SAMBALPUR,1999,Summer,Rice,18330,52750,2.877795963
Odisha,SAMBALPUR,1999,Whole Year,Onion,1890,8620,4.560846561
Odisha,SAMBALPUR,1999,Whole Year,Potato,340,3350,9.852941176
Odisha,SAMBALPUR,1999,Whole Year,Sannhamp,50,140,2.8
Odisha,SAMBALPUR,1999,Winter,Rice,87000,172000,1.977011494
Odisha,SAMBALPUR,1999,Winter,Sugarcane,130,8490,65.30769231
Odisha,SAMBALPUR,2000,Autumn,Rice,45440,13670,0.300836268
Odisha,SAMBALPUR,2000,Kharif,Arhar/Tur,800,500,0.625
Odisha,SAMBALPUR,2000,Kharif,Castor seed,110,30,0.272727273
Odisha,SAMBALPUR,2000,Kharif,Dry ginger,410,790,1.926829268
Odisha,SAMBALPUR,2000,Kharif,Groundnut,105,105.1,1.000952381
Odisha,SAMBALPUR,2000,Kharif,Horse-gram,2184,321,0.146978022
Odisha,SAMBALPUR,2000,Kharif,Jowar,190,90,0.473684211
Odisha,SAMBALPUR,2000,Kharif,Maize,132,94.5,0.715909091
Odisha,SAMBALPUR,2000,Kharif,Mesta,1060,3740,3.528301887
Odisha,SAMBALPUR,2000,Kharif,Moong(Green Gram),861,276,0.320557491
Odisha,SAMBALPUR,2000,Kharif,Niger seed,40,20,0.5
Odisha,SAMBALPUR,2000,Kharif,Ragi,42,11.3,0.269047619
Odisha,SAMBALPUR,2000,Kharif,Sesamum,3639,512.7,0.140890354
Odisha,SAMBALPUR,2000,Kharif,Urad,1621,287.3,0.177236274
Odisha,SAMBALPUR,2000,Rabi,Castor seed,20,10,0.5
Odisha,SAMBALPUR,2000,Rabi,Gram,160,80,0.5
Odisha,SAMBALPUR,2000,Rabi,Niger seed,60,30,0.5
Odisha,SAMBALPUR,2000,Rabi,Other  Rabi pulses,53,35,0.660377358
Odisha,SAMBALPUR,2000,Rabi,Rapeseed &Mustard,659,109.4,0.166009105
Odisha,SAMBALPUR,2000,Rabi,Sunflower,70,40,0.571428571
Odisha,SAMBALPUR,2000,Rabi,Wheat,450,692.1,1.538
Odisha,SAMBALPUR,2000,Summer,Rice,9810,22750,2.319062181
Odisha,SAMBALPUR,2000,Whole Year,Coriander,450,220,0.488888889
Odisha,SAMBALPUR,2000,Whole Year,Dry chillies,5820,4910,0.843642612
Odisha,SAMBALPUR,2000,Whole Year,Garlic,350,1090,3.114285714
Odisha,SAMBALPUR,2000,Whole Year,Onion,750,5690,7.586666667
Odisha,SAMBALPUR,2000,Whole Year,Potato,372,3466.3,9.318010753
Odisha,SAMBALPUR,2000,Whole Year,Sannhamp,10,30,3
Odisha,SAMBALPUR,2000,Whole Year,Sugarcane,54,3084.2,57.11481481
Odisha,SAMBALPUR,2000,Whole Year,Sweet potato,1730,13710,7.924855491
Odisha,SAMBALPUR,2000,Whole Year,Turmeric,1060,2590,2.443396226
Odisha,SAMBALPUR,2000,Winter,Rice,81790,62090,0.759139259
Odisha,SAMBALPUR,2001,Kharif,Arhar/Tur,850,610,0.717647059
Odisha,SAMBALPUR,2001,Kharif,Castor seed,60,20,0.333333333
Odisha,SAMBALPUR,2001,Kharif,Dry ginger,430,830,1.930232558
Odisha,SAMBALPUR,2001,Kharif,Groundnut,77,87.4,1.135064935
Odisha,SAMBALPUR,2001,Kharif,Horse-gram,2866,948.6,0.33098395
Odisha,SAMBALPUR,2001,Kharif,Jowar,190,90,0.473684211
Odisha,SAMBALPUR,2001,Kharif,Maize,65,42,0.646153846
Odisha,SAMBALPUR,2001,Kharif,Moong(Green Gram),719,210.9,0.293324061
Odisha,SAMBALPUR,2001,Kharif,Niger seed,30,10,0.333333333
Odisha,SAMBALPUR,2001,Kharif,Ragi,43,23.1,0.537209302
Odisha,SAMBALPUR,2001,Kharif,Rice,145000,269000,1.855172414
Odisha,SAMBALPUR,2001,Kharif,Sesamum,3832,996.7,0.260099165
Odisha,SAMBALPUR,2001,Kharif,Urad,1046,269.4,0.257552581
Odisha,SAMBALPUR,2001,Rabi,Castor seed,340,150,0.441176471
Odisha,SAMBALPUR,2001,Rabi,Gram,360,160,0.444444444
Odisha,SAMBALPUR,2001,Rabi,Niger seed,140,70,0.5
Odisha,SAMBALPUR,2001,Rabi,Other  Rabi pulses,1450,1690,1.165517241
Odisha,SAMBALPUR,2001,Rabi,Rapeseed &Mustard,941,234.3,0.248990436
Odisha,SAMBALPUR,2001,Rabi,Safflower,200,80,0.4
Odisha,SAMBALPUR,2001,Rabi,Sunflower,180,90,0.5
Odisha,SAMBALPUR,2001,Rabi,Wheat,544,860.1,1.581066176
Odisha,SAMBALPUR,2001,Whole Year,Coriander,360,180,0.5
Odisha,SAMBALPUR,2001,Whole Year,Dry chillies,4630,4080,0.881209503
Odisha,SAMBALPUR,2001,Whole Year,Garlic,340,1070,3.147058824
Odisha,SAMBALPUR,2001,Whole Year,Onion,480,3640,7.583333333
Odisha,SAMBALPUR,2001,Whole Year,Potato,333,3063.6,9.2
Odisha,SAMBALPUR,2001,Whole Year,Sugarcane,32,1611.1,50.346875
Odisha,SAMBALPUR,2001,Whole Year,Sweet potato,1760,14060,7.988636364
Odisha,SAMBALPUR,2001,Whole Year,Turmeric,1050,2550,2.428571429
Odisha,SAMBALPUR,2002,Kharif,Arhar/Tur,1040,670,0.644230769
Odisha,SAMBALPUR,2002,Kharif,Castor seed,80,30,0.375
Odisha,SAMBALPUR,2002,Kharif,Dry ginger,580,1100,1.896551724
Odisha,SAMBALPUR,2002,Kharif,Groundnut,81,99,1.222222222
Odisha,SAMBALPUR,2002,Kharif,Horse-gram,2019,529,0.262010896
Odisha,SAMBALPUR,2002,Kharif,Jowar,220,110,0.5
Odisha,SAMBALPUR,2002,Kharif,Maize,110,100.5,0.913636364
Odisha,SAMBALPUR,2002,Kharif,Moong(Green Gram),929,303.1,0.326264801
Odisha,SAMBALPUR,2002,Kharif,Niger seed,50,20,0.4
Odisha,SAMBALPUR,2002,Kharif,Ragi,25,10,0.4
Odisha,SAMBALPUR,2002,Kharif,Rice,139000,157000,1.129496403
Odisha,SAMBALPUR,2002,Kharif,Sesamum,3295,1117.1,0.339028832
Odisha,SAMBALPUR,2002,Kharif,Urad,794,447.2,0.563224181
Odisha,SAMBALPUR,2002,Rabi,Castor seed,240,110,0.458333333
Odisha,SAMBALPUR,2002,Rabi,Gram,270,110,0.407407407
Odisha,SAMBALPUR,2002,Rabi,Niger seed,190,100,0.526315789
Odisha,SAMBALPUR,2002,Rabi,Other  Rabi pulses,730,510,0.698630137
Odisha,SAMBALPUR,2002,Rabi,Rapeseed &Mustard,663,167.1,0.252036199
Odisha,SAMBALPUR,2002,Rabi,Sunflower,130,60,0.461538462
Odisha,SAMBALPUR,2002,Rabi,Wheat,253,363.3,1.435968379
Odisha,SAMBALPUR,2002,Whole Year,Coriander,450,220,0.488888889
Odisha,SAMBALPUR,2002,Whole Year,Dry chillies,4450,3740,0.840449438
Odisha,SAMBALPUR,2002,Whole Year,Garlic,280,880,3.142857143
Odisha,SAMBALPUR,2002,Whole Year,Onion,1090,8270,7.587155963
Odisha,SAMBALPUR,2002,Whole Year,Potato,386,3918.3,10.15103627
Odisha,SAMBALPUR,2002,Whole Year,Sugarcane,55,2669,48.52727273
Odisha,SAMBALPUR,2002,Whole Year,Sweet potato,1710,13960,8.16374269
Odisha,SAMBALPUR,2002,Whole Year,Turmeric,250,610,2.44
Odisha,SAMBALPUR,2003,Kharif,Arhar/Tur,1070,780,0.728971963
Odisha,SAMBALPUR,2003,Kharif,Castor seed,90,40,0.444444444
Odisha,SAMBALPUR,2003,Kharif,Dry ginger,600,1130,1.883333333
Odisha,SAMBALPUR,2003,Kharif,Groundnut,106,76.7,0.723584906
Odisha,SAMBALPUR,2003,Kharif,Horse-gram,2046,660.9,0.323020528
Odisha,SAMBALPUR,2003,Kharif,Jowar,210,100,0.476190476
Odisha,SAMBALPUR,2003,Kharif,Maize,114,82.1,0.720175439
Odisha,SAMBALPUR,2003,Kharif,Moong(Green Gram),745,200.2,0.268724832
Odisha,SAMBALPUR,2003,Kharif,Niger seed,50,20,0.4
Odisha,SAMBALPUR,2003,Kharif,Ragi,6,3.1,0.516666667
Odisha,SAMBALPUR,2003,Kharif,Rice,145000,257000,1.772413793
Odisha,SAMBALPUR,2003,Kharif,Sesamum,1725,382.9,0.221971014
Odisha,SAMBALPUR,2003,Kharif,Sunflower,20,10,0.5
Odisha,SAMBALPUR,2003,Kharif,Urad,495,108.9,0.22
Odisha,SAMBALPUR,2003,Rabi,Castor seed,270,120,0.444444444
Odisha,SAMBALPUR,2003,Rabi,Gram,340,160,0.470588235
Odisha,SAMBALPUR,2003,Rabi,Niger seed,60,30,0.5
Odisha,SAMBALPUR,2003,Rabi,Other  Rabi pulses,900,630,0.7
Odisha,SAMBALPUR,2003,Rabi,Rapeseed &Mustard,1091,320.8,0.294042163
Odisha,SAMBALPUR,2003,Rabi,Sunflower,130,60,0.461538462
Odisha,SAMBALPUR,2003,Rabi,Wheat,268,402.1,1.500373134
Odisha,SAMBALPUR,2003,Whole Year,Coriander,930,460,0.494623656
Odisha,SAMBALPUR,2003,Whole Year,Dry chillies,4670,4020,0.860813704
Odisha,SAMBALPUR,2003,Whole Year,Garlic,310,980,3.161290323
Odisha,SAMBALPUR,2003,Whole Year,Onion,1040,7890,7.586538462
Odisha,SAMBALPUR,2003,Whole Year,Potato,322,2598.9,8.071118012
Odisha,SAMBALPUR,2003,Whole Year,Sugarcane,48,2942.1,61.29375
Odisha,SAMBALPUR,2003,Whole Year,Sweet potato,1750,14560,8.32
Odisha,SAMBALPUR,2003,Whole Year,Turmeric,230,560,2.434782609
Odisha,SAMBALPUR,2004,Autumn,Groundnut,3,1.5,0.5
Odisha,SAMBALPUR,2004,Autumn,Maize,86,69,0.802325581
Odisha,SAMBALPUR,2004,Autumn,Moong(Green Gram),239,56.2,0.235146444
Odisha,SAMBALPUR,2004,Autumn,Ragi,4,3.7,0.925
Odisha,SAMBALPUR,2004,Autumn,Rice,44000,38000,0.863636364
Odisha,SAMBALPUR,2004,Autumn,Urad,197,46.5,0.236040609
Odisha,SAMBALPUR,2004,Kharif,Castor seed,96,40,0.416666667
Odisha,SAMBALPUR,2004,Kharif,Dry ginger,697,1317,1.889526542
Odisha,SAMBALPUR,2004,Kharif,Jowar,240,138,0.575
Odisha,SAMBALPUR,2004,Rabi,Castor seed,288,130,0.451388889
Odisha,SAMBALPUR,2004,Rabi,Gram,388,184,0.474226804
Odisha,SAMBALPUR,2004,Rabi,Niger seed,144,67,0.465277778
Odisha,SAMBALPUR,2004,Rabi,Other  Rabi pulses,1554,1153,0.741956242
Odisha,SAMBALPUR,2004,Rabi,Sunflower,207,97,0.468599034
Odisha,SAMBALPUR,2004,Summer,Groundnut,68,85.8,1.261764706
Odisha,SAMBALPUR,2004,Summer,Maize,2,2.8,1.4
Odisha,SAMBALPUR,2004,Summer,Moong(Green Gram),389,133.4,0.342930591
Odisha,SAMBALPUR,2004,Summer,Rice,22000,77000,3.5
Odisha,SAMBALPUR,2004,Summer,Sesamum,31,10.8,0.348387097
Odisha,SAMBALPUR,2004,Summer,Urad,3,0.8,0.266666667
Odisha,SAMBALPUR,2004,Summer,Wheat,230,286.6,1.246086957
Odisha,SAMBALPUR,2004,Whole Year,Coriander,985,481,0.488324873
Odisha,SAMBALPUR,2004,Whole Year,Dry chillies,4188,3600,0.859598854
Odisha,SAMBALPUR,2004,Whole Year,Garlic,346,1088,3.144508671
Odisha,SAMBALPUR,2004,Whole Year,Onion,1279,9714,7.594996091
Odisha,SAMBALPUR,2004,Whole Year,Sweet potato,1758,14610,8.310580205
Odisha,SAMBALPUR,2004,Whole Year,Turmeric,258,630,2.441860465
Odisha,SAMBALPUR,2004,Winter,Groundnut,2,1.3,0.65
Odisha,SAMBALPUR,2004,Winter,Horse-gram,1375,346.5,0.252
Odisha,SAMBALPUR,2004,Winter,Maize,3,3.5,1.166666667
Odisha,SAMBALPUR,2004,Winter,Moong(Green Gram),93,21.3,0.229032258
Odisha,SAMBALPUR,2004,Winter,Potato,368,2859.4,7.770108696
Odisha,SAMBALPUR,2004,Winter,Ragi,11,4.9,0.445454545
Odisha,SAMBALPUR,2004,Winter,Rapeseed &Mustard,1329,354.8,0.266967645
Odisha,SAMBALPUR,2004,Winter,Rice,94000,140000,1.489361702
Odisha,SAMBALPUR,2004,Winter,Sesamum,2268,489.9,0.216005291
Odisha,SAMBALPUR,2004,Winter,Sugarcane,19,1051.3,55.33157895
Odisha,SAMBALPUR,2004,Winter,Urad,293,51,0.174061433
Odisha,SAMBALPUR,2005,Autumn,Groundnut,51,38,0.745098039
Odisha,SAMBALPUR,2005,Autumn,Maize,58,44.9,0.774137931
Odisha,SAMBALPUR,2005,Autumn,Moong(Green Gram),95,20.3,0.213684211
Odisha,SAMBALPUR,2005,Autumn,Rice,44000,52000,1.181818182
Odisha,SAMBALPUR,2005,Autumn,Sesamum,1,0.1,0.1
Odisha,SAMBALPUR,2005,Autumn,Urad,161,45.6,0.283229814
Odisha,SAMBALPUR,2005,Summer,Groundnut,98,118.6,1.210204082
Odisha,SAMBALPUR,2005,Summer,Maize,1,1,1
Odisha,SAMBALPUR,2005,Summer,Moong(Green Gram),360,166.7,0.463055556
Odisha,SAMBALPUR,2005,Summer,Rice,18000,51000,2.833333333
Odisha,SAMBALPUR,2005,Summer,Sesamum,143,49.6,0.346853147
Odisha,SAMBALPUR,2005,Summer,Urad,3,1.3,0.433333333
Odisha,SAMBALPUR,2005,Summer,Wheat,294,432.4,1.470748299
Odisha,SAMBALPUR,2005,Winter,Groundnut,3,2.5,0.833333333
Odisha,SAMBALPUR,2005,Winter,Horse-gram,1848,680.1,0.368019481
Odisha,SAMBALPUR,2005,Winter,Moong(Green Gram),152,49.1,0.323026316
Odisha,SAMBALPUR,2005,Winter,Potato,369,3002.2,8.13604336
Odisha,SAMBALPUR,2005,Winter,Ragi,16,6.3,0.39375
Odisha,SAMBALPUR,2005,Winter,Rapeseed &Mustard,1674,564.1,0.3369773
Odisha,SAMBALPUR,2005,Winter,Rice,89000,191000,2.146067416
Odisha,SAMBALPUR,2005,Winter,Sesamum,3566,1119.7,0.31399327
Odisha,SAMBALPUR,2005,Winter,Sugarcane,55,3036,55.2
Odisha,SAMBALPUR,2005,Winter,Urad,556,173.5,0.31205036
Odisha,SAMBALPUR,2006,Autumn,Groundnut,48,31.4,0.654166667
Odisha,SAMBALPUR,2006,Autumn,Maize,62,59.9,0.966129032
Odisha,SAMBALPUR,2006,Autumn,Moong(Green Gram),127,32.3,0.254330709
Odisha,SAMBALPUR,2006,Autumn,Ragi,1,0.3,0.3
Odisha,SAMBALPUR,2006,Autumn,Rice,43000,58000,1.348837209
Odisha,SAMBALPUR,2006,Autumn,Urad,368,86.1,0.233967391
Odisha,SAMBALPUR,2006,Summer,Groundnut,59,73.9,1.252542373
Odisha,SAMBALPUR,2006,Summer,Maize,6,10.8,1.8
Odisha,SAMBALPUR,2006,Summer,Moong(Green Gram),236,116.1,0.491949153
Odisha,SAMBALPUR,2006,Summer,Rice,16000,55000,3.4375
Odisha,SAMBALPUR,2006,Summer,Sesamum,29,9,0.310344828
Odisha,SAMBALPUR,2006,Summer,Wheat,380,622.4,1.637894737
Odisha,SAMBALPUR,2006,Winter,Groundnut,11,8.4,0.763636364
Odisha,SAMBALPUR,2006,Winter,Horse-gram,1685,534.1,0.316973294
Odisha,SAMBALPUR,2006,Winter,Maize,2,4.9,2.45
Odisha,SAMBALPUR,2006,Winter,Moong(Green Gram),83,22.4,0.269879518
Odisha,SAMBALPUR,2006,Winter,Potato,320,2560.3,8.0009375
Odisha,SAMBALPUR,2006,Winter,Ragi,1,0.2,0.2
Odisha,SAMBALPUR,2006,Winter,Rapeseed &Mustard,1165,312.2,0.267982833
Odisha,SAMBALPUR,2006,Winter,Rice,85000,175000,2.058823529
Odisha,SAMBALPUR,2006,Winter,Sesamum,2881,628.1,0.218014578
Odisha,SAMBALPUR,2006,Winter,Sugarcane,52,2606.9,50.13269231
Odisha,SAMBALPUR,2006,Winter,Urad,313,88.3,0.282108626
Odisha,SAMBALPUR,2007,Autumn,Groundnut,9,5.5,0.611111111
Odisha,SAMBALPUR,2007,Autumn,Maize,67,58.8,0.87761194
Odisha,SAMBALPUR,2007,Autumn,Moong(Green Gram),195,44.5,0.228205128
Odisha,SAMBALPUR,2007,Autumn,Ragi,4,1.4,0.35
Odisha,SAMBALPUR,2007,Autumn,Rice,40000,57000,1.425
Odisha,SAMBALPUR,2007,Autumn,Urad,405,94.4,0.23308642
Odisha,SAMBALPUR,2007,Summer,Groundnut,83,97.9,1.179518072
Odisha,SAMBALPUR,2007,Summer,Maize,3,3.5,1.166666667
Odisha,SAMBALPUR,2007,Summer,Moong(Green Gram),383,144.4,0.377023499
Odisha,SAMBALPUR,2007,Summer,Rice,18000,58000,3.222222222
Odisha,SAMBALPUR,2007,Summer,Sesamum,58,21.5,0.370689655
Odisha,SAMBALPUR,2007,Summer,Urad,4,1.6,0.4
Odisha,SAMBALPUR,2007,Summer,Wheat,306,480.3,1.569607843
Odisha,SAMBALPUR,2007,Winter,Groundnut,16,11.8,0.7375
Odisha,SAMBALPUR,2007,Winter,Horse-gram,1220,357.5,0.293032787
Odisha,SAMBALPUR,2007,Winter,Maize,2,2.6,1.3
Odisha,SAMBALPUR,2007,Winter,Moong(Green Gram),123,30.8,0.250406504
Odisha,SAMBALPUR,2007,Winter,Potato,381,3401.9,8.928871391
Odisha,SAMBALPUR,2007,Winter,Ragi,3,1,0.333333333
Odisha,SAMBALPUR,2007,Winter,Rapeseed &Mustard,1367,493.5,0.36100951
Odisha,SAMBALPUR,2007,Winter,Rice,90000,201000,2.233333333
Odisha,SAMBALPUR,2007,Winter,Sesamum,1764,395.1,0.223979592
Odisha,SAMBALPUR,2007,Winter,Sugarcane,49,2897.2,59.12653061
Odisha,SAMBALPUR,2007,Winter,Urad,320,88.6,0.276875
Odisha,SAMBALPUR,2008,Autumn,Maize,58,53.6,0.924137931
Odisha,SAMBALPUR,2008,Autumn,Moong(Green Gram),137,37.3,0.272262774
Odisha,SAMBALPUR,2008,Autumn,Ragi,6,3.7,0.616666667
Odisha,SAMBALPUR,2008,Autumn,Rice,46000,65000,1.413043478
Odisha,SAMBALPUR,2008,Autumn,Sesamum,1,0.1,0.1
Odisha,SAMBALPUR,2008,Autumn,Urad,216,60.3,0.279166667
Odisha,SAMBALPUR,2008,Summer,Groundnut,37,56.8,1.535135135
Odisha,SAMBALPUR,2008,Summer,Moong(Green Gram),292,140.7,0.481849315
Odisha,SAMBALPUR,2008,Summer,Rice,20000,75000,3.75
Odisha,SAMBALPUR,2008,Summer,Sesamum,42,11.5,0.273809524
Odisha,SAMBALPUR,2008,Summer,Urad,1,0.2,0.2
Odisha,SAMBALPUR,2008,Summer,Wheat,356,679.2,1.907865169
Odisha,SAMBALPUR,2008,Winter,Groundnut,1,1.9,1.9
Odisha,SAMBALPUR,2008,Winter,Horse-gram,904,287.5,0.318030973
Odisha,SAMBALPUR,2008,Winter,Maize,16,26.4,1.65
Odisha,SAMBALPUR,2008,Winter,Moong(Green Gram),87,30.7,0.352873563
Odisha,SAMBALPUR,2008,Winter,Potato,312,2890.4,9.264102564
Odisha,SAMBALPUR,2008,Winter,Ragi,1,0.6,0.6
Odisha,SAMBALPUR,2008,Winter,Rapeseed &Mustard,1123,341.4,0.304007124
Odisha,SAMBALPUR,2008,Winter,Rice,85000,192000,2.258823529
Odisha,SAMBALPUR,2008,Winter,Sesamum,1371,341.4,0.249015317
Odisha,SAMBALPUR,2008,Winter,Sugarcane,30,1836.6,61.22
Odisha,SAMBALPUR,2008,Winter,Urad,189,52.9,0.27989418
Odisha,SAMBALPUR,2009,Autumn,Maize,35,33.6,0.96
Odisha,SAMBALPUR,2009,Autumn,Moong(Green Gram),82,23.9,0.291463415
Odisha,SAMBALPUR,2009,Autumn,Ragi,3,1.6,0.533333333
Odisha,SAMBALPUR,2009,Autumn,Rice,40000,28000,0.7
Odisha,SAMBALPUR,2009,Autumn,Urad,136,37.5,0.275735294
Odisha,SAMBALPUR,2009,Summer,Groundnut,20,24.7,1.235
Odisha,SAMBALPUR,2009,Summer,Moong(Green Gram),257,93.5,0.36381323
Odisha,SAMBALPUR,2009,Summer,Rice,18000,55000,3.055555556
Odisha,SAMBALPUR,2009,Summer,Sesamum,35,12.1,0.345714286
Odisha,SAMBALPUR,2009,Summer,Wheat,302,451.5,1.495033113
Odisha,SAMBALPUR,2009,Winter,Groundnut,1,1.5,1.5
Odisha,SAMBALPUR,2009,Winter,Horse-gram,1055,417.8,0.396018957
Odisha,SAMBALPUR,2009,Winter,Moong(Green Gram),63,24.3,0.385714286
Odisha,SAMBALPUR,2009,Winter,Potato,261,2267.3,8.68697318
Odisha,SAMBALPUR,2009,Winter,Ragi,3,1.2,0.4
Odisha,SAMBALPUR,2009,Winter,Rapeseed &Mustard,918,331.4,0.361002179
Odisha,SAMBALPUR,2009,Winter,Rice,82000,97000,1.182926829
Odisha,SAMBALPUR,2009,Winter,Sesamum,2121,714.8,0.337010844
Odisha,SAMBALPUR,2009,Winter,Sugarcane,30,1548,51.6
Odisha,SAMBALPUR,2009,Winter,Urad,193,71.2,0.368911917
Odisha,SAMBALPUR,2010,Autumn,Groundnut,2,1.1,0.55
Odisha,SAMBALPUR,2010,Autumn,Maize,97,112.5,1.159793814
Odisha,SAMBALPUR,2010,Autumn,Moong(Green Gram),106,29.8,0.281132075
Odisha,SAMBALPUR,2010,Autumn,Ragi,1,0.9,0.9
Odisha,SAMBALPUR,2010,Autumn,Rice,43000,17000,0.395348837
Odisha,SAMBALPUR,2010,Autumn,Urad,310,76.9,0.248064516
Odisha,SAMBALPUR,2010,Summer,Groundnut,9,13,1.444444444
Odisha,SAMBALPUR,2010,Summer,Maize,5,11.6,2.32
Odisha,SAMBALPUR,2010,Summer,Moong(Green Gram),135,53.7,0.397777778
Odisha,SAMBALPUR,2010,Summer,Rice,23000,83000,3.608695652
Odisha,SAMBALPUR,2010,Summer,Sesamum,29,14.4,0.496551724
Odisha,SAMBALPUR,2010,Summer,Urad,5,2.7,0.54
Odisha,SAMBALPUR,2010,Summer,Wheat,113,165.3,1.462831858
Odisha,SAMBALPUR,2010,Winter,Groundnut,77,63.8,0.828571429
Odisha,SAMBALPUR,2010,Winter,Horse-gram,922,263.7,0.286008677
Odisha,SAMBALPUR,2010,Winter,Maize,4,6.7,1.675
Odisha,SAMBALPUR,2010,Winter,Moong(Green Gram),171,37.6,0.219883041
Odisha,SAMBALPUR,2010,Winter,Potato,196,1622.7,8.279081633
Odisha,SAMBALPUR,2010,Winter,Ragi,5,2,0.4
Odisha,SAMBALPUR,2010,Winter,Rapeseed &Mustard,1034,338.1,0.326982592
Odisha,SAMBALPUR,2010,Winter,Rice,87000,122000,1.402298851
Odisha,SAMBALPUR,2010,Winter,Sesamum,1497,344.3,0.22999332
Odisha,SAMBALPUR,2010,Winter,Sugarcane,12,527,43.91666667
Odisha,SAMBALPUR,2010,Winter,Urad,147,28.1,0.191156463
Odisha,SAMBALPUR,2011,Autumn,Groundnut,3,1.1,0.366666667
Odisha,SAMBALPUR,2011,Autumn,Maize,105,119,1.133333333
Odisha,SAMBALPUR,2011,Autumn,Moong(Green Gram),109,30.6,0.280733945
Odisha,SAMBALPUR,2011,Autumn,Rice,36000,31000,0.861111111
Odisha,SAMBALPUR,2011,Autumn,Sesamum,1,0.1,0.1
Odisha,SAMBALPUR,2011,Autumn,Urad,138,43.1,0.312318841
Odisha,SAMBALPUR,2011,Summer,Groundnut,6,6.7,1.116666667
Odisha,SAMBALPUR,2011,Summer,Moong(Green Gram),160,61.4,0.38375
Odisha,SAMBALPUR,2011,Summer,Rice,18000,69000,3.833333333
Odisha,SAMBALPUR,2011,Summer,Sesamum,5,2.6,0.52
Odisha,SAMBALPUR,2011,Summer,Urad,3,1.6,0.533333333
Odisha,SAMBALPUR,2011,Summer,Wheat,29,56.6,1.951724138
Odisha,SAMBALPUR,2011,Winter,Horse-gram,809,254.8,0.314956737
Odisha,SAMBALPUR,2011,Winter,Moong(Green Gram),65,21.2,0.326153846
Odisha,SAMBALPUR,2011,Winter,Potato,219,1870.5,8.54109589
Odisha,SAMBALPUR,2011,Winter,Ragi,2,0.7,0.35
Odisha,SAMBALPUR,2011,Winter,Rapeseed &Mustard,516,211,0.408914729
Odisha,SAMBALPUR,2011,Winter,Rice,83000,144000,1.734939759
Odisha,SAMBALPUR,2011,Winter,Sesamum,474,112.8,0.237974684
Odisha,SAMBALPUR,2011,Winter,Sugarcane,16,706.7,44.16875
Odisha,SAMBALPUR,2011,Winter,Urad,152,42.7,0.280921053
Odisha,SAMBALPUR,2012,Autumn,Groundnut,24,36,1.5
Odisha,SAMBALPUR,2012,Autumn,Maize,63,72.5,1.150793651
Odisha,SAMBALPUR,2012,Autumn,Moong(Green Gram),31,11.5,0.370967742
Odisha,SAMBALPUR,2012,Autumn,Ragi,4,2.6,0.65
Odisha,SAMBALPUR,2012,Autumn,Rice,39000,79000,2.025641026
Odisha,SAMBALPUR,2012,Autumn,Urad,36,11.4,0.316666667
Odisha,SAMBALPUR,2012,Summer,Groundnut,5,6.1,1.22
Odisha,SAMBALPUR,2012,Summer,Moong(Green Gram),257,155.5,0.605058366
Odisha,SAMBALPUR,2012,Summer,Rice,345000,71000,0.205797101
Odisha,SAMBALPUR,2012,Summer,Sesamum,15,5.9,0.393333333
Odisha,SAMBALPUR,2012,Summer,Urad,11,11.7,1.063636364
Odisha,SAMBALPUR,2012,Summer,Wheat,39,108.7,2.787179487
Odisha,SAMBALPUR,2012,Winter,Groundnut,1,0.2,0.2
Odisha,SAMBALPUR,2012,Winter,Horse-gram,554,251,0.453068592
Odisha,SAMBALPUR,2012,Winter,Maize,1,2.7,2.7
Odisha,SAMBALPUR,2012,Winter,Moong(Green Gram),56,22.2,0.396428571
Odisha,SAMBALPUR,2012,Winter,Potato,177,1496.2,8.453107345
Odisha,SAMBALPUR,2012,Winter,Ragi,7,0.9,0.128571429
Odisha,SAMBALPUR,2012,Winter,Rapeseed &Mustard,475,205.2,0.432
Odisha,SAMBALPUR,2012,Winter,Rice,81000,266000,3.283950617
Odisha,SAMBALPUR,2012,Winter,Sesamum,511,220.8,0.432093933
Odisha,SAMBALPUR,2012,Winter,Sugarcane,11,1223.2,111.2
Odisha,SAMBALPUR,2012,Winter,Urad,56,18.3,0.326785714
Odisha,SAMBALPUR,2013,Autumn,Groundnut,110,91.4,0.830909091
Odisha,SAMBALPUR,2013,Autumn,Maize,241,264.1,1.095850622
Odisha,SAMBALPUR,2013,Autumn,Moong(Green Gram),52,23.5,0.451923077
Odisha,SAMBALPUR,2013,Autumn,Ragi,42,27.8,0.661904762
Odisha,SAMBALPUR,2013,Autumn,Rice,44000,50000,1.136363636
Odisha,SAMBALPUR,2013,Autumn,Urad,59,19.5,0.330508475
Odisha,SAMBALPUR,2013,Summer,Groundnut,33,36,1.090909091
Odisha,SAMBALPUR,2013,Summer,Moong(Green Gram),203,98,0.482758621
Odisha,SAMBALPUR,2013,Summer,Rice,22000,95000,4.318181818
Odisha,SAMBALPUR,2013,Summer,Sesamum,32,16.5,0.515625
Odisha,SAMBALPUR,2013,Summer,Urad,3,0.9,0.3
Odisha,SAMBALPUR,2013,Summer,Wheat,31,26,0.838709677
Odisha,SAMBALPUR,2013,Winter,Horse-gram,395,178.1,0.450886076
Odisha,SAMBALPUR,2013,Winter,Moong(Green Gram),49,19.8,0.404081633
Odisha,SAMBALPUR,2013,Winter,Potato,187,1558.6,8.334759358
Odisha,SAMBALPUR,2013,Winter,Rapeseed &Mustard,562,298.4,0.530960854
Odisha,SAMBALPUR,2013,Winter,Rice,96000,178000,1.854166667
Odisha,SAMBALPUR,2013,Winter,Sesamum,480,200.6,0.417916667
Odisha,SAMBALPUR,2013,Winter,Sugarcane,8,305.2,38.15
Odisha,SAMBALPUR,2013,Winter,Urad,92,44.7,0.485869565
Odisha,SAMBALPUR,2014,Autumn,Groundnut,39,27.9,0.715384615
Odisha,SAMBALPUR,2014,Autumn,Maize,43,50.4,1.172093023
Odisha,SAMBALPUR,2014,Autumn,Moong(Green Gram),71,26.7,0.376056338
Odisha,SAMBALPUR,2014,Autumn,Ragi,10,5.9,0.59
Odisha,SAMBALPUR,2014,Autumn,Rice,47000,67000,1.425531915
Odisha,SAMBALPUR,2014,Autumn,Urad,18,5.7,0.316666667
Odisha,SAMBALPUR,2014,Summer,Groundnut,63,124.4,1.974603175
Odisha,SAMBALPUR,2014,Summer,Moong(Green Gram),45,18.5,0.411111111
Odisha,SAMBALPUR,2014,Summer,Rice,24000,91000,3.791666667
Odisha,SAMBALPUR,2014,Summer,Sesamum,2,1.1,0.55
Odisha,SAMBALPUR,2014,Summer,Urad,1,0.4,0.4
Odisha,SAMBALPUR,2014,Summer,Wheat,12,10,0.833333333
Odisha,SAMBALPUR,2014,Winter,Horse-gram,293,119.5,0.407849829
Odisha,SAMBALPUR,2014,Winter,Moong(Green Gram),12,4.5,0.375
Odisha,SAMBALPUR,2014,Winter,Potato,149,1302.7,8.74295302
Odisha,SAMBALPUR,2014,Winter,Rapeseed &Mustard,284,112.5,0.396126761
Odisha,SAMBALPUR,2014,Winter,Rice,103000,265000,2.572815534
Odisha,SAMBALPUR,2014,Winter,Sesamum,341,126.2,0.370087977
Odisha,SAMBALPUR,2014,Winter,Sugarcane,6,216.6,36.1
Odisha,SAMBALPUR,2014,Winter,Urad,27,12.9,0.477777778
Odisha,SAMBALPUR,2015,Autumn,Groundnut,2,1.4,0.7
Odisha,SAMBALPUR,2015,Autumn,Maize,34,33.9,0.997058824
Odisha,SAMBALPUR,2015,Autumn,Moong(Green Gram),60,16.3,0.271666667
Odisha,SAMBALPUR,2015,Autumn,Rice,49000,28000,0.571428571
Odisha,SAMBALPUR,2015,Autumn,Sesamum,1,0.4,0.4
Odisha,SAMBALPUR,2015,Autumn,Urad,25,5.9,0.236
Odisha,SAMBALPUR,2015,Summer,Groundnut,34,24.3,0.714705882
Odisha,SAMBALPUR,2015,Summer,Moong(Green Gram),234,105.8,0.452136752
Odisha,SAMBALPUR,2015,Summer,Rice,8000,29000,3.625
Odisha,SAMBALPUR,2015,Summer,Sesamum,7,4.4,0.628571429
Odisha,SAMBALPUR,2015,Summer,Urad,8,2.2,0.275
Odisha,SAMBALPUR,2015,Summer,Wheat,48,37,0.770833333
Odisha,SAMBALPUR,2015,Winter,Horse-gram,304,93.9,0.308881579
Odisha,SAMBALPUR,2015,Winter,Moong(Green Gram),16,3.4,0.2125
Odisha,SAMBALPUR,2015,Winter,Potato,193,1475.9,7.647150259
Odisha,SAMBALPUR,2015,Winter,Rapeseed &Mustard,373,142.9,0.38310992
Odisha,SAMBALPUR,2015,Winter,Rice,91000,98000,1.076923077
Odisha,SAMBALPUR,2015,Winter,Sesamum,687,169.7,0.247016012
Odisha,SAMBALPUR,2015,Winter,Sugarcane,7,289.3,41.32857143
Odisha,SAMBALPUR,2015,Winter,Urad,3,0.9,0.3
Odisha,SONEPUR,1997,Autumn,Arhar/Tur,467,56,0.119914347
Odisha,SONEPUR,1997,Autumn,Groundnut,52,38,0.730769231
Odisha,SONEPUR,1997,Autumn,Paddy,19271,23301,1.209122516
Odisha,SONEPUR,1997,Autumn,Ragi,20,1,0.05
Odisha,SONEPUR,1997,Autumn,Sesamum,26,2,0.076923077
Odisha,SONEPUR,1997,Autumn,Urad,30,3,0.1
Odisha,SONEPUR,1997,Summer,Arhar/Tur,917,254,0.276990185
Odisha,SONEPUR,1997,Summer,Groundnut,445,535,1.202247191
Odisha,SONEPUR,1997,Summer,Paddy,21619,47259,2.185993802
Odisha,SONEPUR,1997,Summer,Sesamum,200,52,0.26
Odisha,SONEPUR,1997,Whole Year,Potato,15,117,7.8
Odisha,SONEPUR,1997,Winter,Arhar/Tur,2178,364,0.167125803
Odisha,SONEPUR,1997,Winter,Groundnut,15,14,0.933333333
Odisha,SONEPUR,1997,Winter,Horse-gram,1275,216,0.169411765
Odisha,SONEPUR,1997,Winter,Paddy,76000,141540,1.862368421
Odisha,SONEPUR,1997,Winter,Sesamum,92,6,0.065217391
Odisha,SONEPUR,1997,Winter,Sugarcane,295,18533,62.82372881
Odisha,SONEPUR,1997,Winter,Urad,58,8,0.137931034
Odisha,SONEPUR,1998,Autumn,Groundnut,25,28,1.12
Odisha,SONEPUR,1998,Autumn,Maize,3,3,1
Odisha,SONEPUR,1998,Autumn,Moong(Green Gram),298,41,0.137583893
Odisha,SONEPUR,1998,Autumn,Rice,15569,5262,0.337979318
Odisha,SONEPUR,1998,Autumn,Sesamum,2,,
Odisha,SONEPUR,1998,Autumn,Urad,28,3,0.107142857
Odisha,SONEPUR,1998,Summer,Groundnut,386,539,1.396373057
Odisha,SONEPUR,1998,Summer,Moong(Green Gram),119,25,0.210084034
Odisha,SONEPUR,1998,Summer,Rice,19922,38693,1.942224676
Odisha,SONEPUR,1998,Summer,Sesamum,174,21,0.120689655
Odisha,SONEPUR,1998,Summer,Wheat,38,38,1
Odisha,SONEPUR,1998,Winter,Horse-gram,1486,306,0.205921938
Odisha,SONEPUR,1998,Winter,Moong(Green Gram),3362,485,0.144259369
Odisha,SONEPUR,1998,Winter,Potato,22,214,9.727272727
Odisha,SONEPUR,1998,Winter,Ragi,24,14,0.583333333
Odisha,SONEPUR,1998,Winter,Rapeseed &Mustard,91,6,0.065934066
Odisha,SONEPUR,1998,Winter,Rice,74383,110247,1.48215318
Odisha,SONEPUR,1998,Winter,Sesamum,92,7,0.076086957
Odisha,SONEPUR,1998,Winter,Sugarcane,487,28140,57.78234086
Odisha,SONEPUR,1998,Winter,Urad,36,3,0.083333333
Odisha,SONEPUR,1999,Autumn,Rice,16000,19000,1.1875
Odisha,SONEPUR,1999,Kharif,Arhar/Tur,2180,1000,0.458715596
Odisha,SONEPUR,1999,Kharif,Castor seed,20,10,0.5
Odisha,SONEPUR,1999,Kharif,Cotton(lint),10,20,2
Odisha,SONEPUR,1999,Kharif,Dry chillies,680,500,0.735294118
Odisha,SONEPUR,1999,Kharif,Groundnut,890,1310,1.471910112
Odisha,SONEPUR,1999,Kharif,Maize,280,200,0.714285714
Odisha,SONEPUR,1999,Kharif,Mesta,340,800,2.352941176
Odisha,SONEPUR,1999,Kharif,Moong(Green Gram),4580,1420,0.310043668
Odisha,SONEPUR,1999,Kharif,Ragi,30,10,0.333333333
Odisha,SONEPUR,1999,Kharif,Sesamum,1200,380,0.316666667
Odisha,SONEPUR,1999,Kharif,Small millets,50,10,0.2
Odisha,SONEPUR,1999,Kharif,Sweet potato,270,2320,8.592592593
Odisha,SONEPUR,1999,Kharif,Urad,2230,900,0.403587444
Odisha,SONEPUR,1999,Rabi,Castor seed,40,10,0.25
Odisha,SONEPUR,1999,Rabi,Coriander,280,120,0.428571429
Odisha,SONEPUR,1999,Rabi,Dry chillies,750,830,1.106666667
Odisha,SONEPUR,1999,Rabi,Garlic,260,710,2.730769231
Odisha,SONEPUR,1999,Rabi,Gram,210,80,0.380952381
Odisha,SONEPUR,1999,Rabi,Groundnut,1350,2220,1.644444444
Odisha,SONEPUR,1999,Rabi,Horse-gram,3810,1170,0.307086614
Odisha,SONEPUR,1999,Rabi,Maize,130,140,1.076923077
Odisha,SONEPUR,1999,Rabi,Moong(Green Gram),6780,1830,0.269911504
Odisha,SONEPUR,1999,Rabi,Rapeseed &Mustard,2010,550,0.273631841
Odisha,SONEPUR,1999,Rabi,Sesamum,2000,520,0.26
Odisha,SONEPUR,1999,Rabi,Sunflower,110,90,0.818181818
Odisha,SONEPUR,1999,Rabi,Sweet potato,250,2050,8.2
Odisha,SONEPUR,1999,Rabi,Urad,1220,430,0.352459016
Odisha,SONEPUR,1999,Rabi,Wheat,540,610,1.12962963
Odisha,SONEPUR,1999,Summer,Rice,17270,39860,2.308048639
Odisha,SONEPUR,1999,Whole Year,Onion,720,7200,10
Odisha,SONEPUR,1999,Whole Year,Potato,30,280,9.333333333
Odisha,SONEPUR,1999,Whole Year,Sannhamp,90,240,2.666666667
Odisha,SONEPUR,1999,Winter,Rice,79000,162000,2.050632911
Odisha,SONEPUR,1999,Winter,Sugarcane,580,41170,70.98275862
Odisha,SONEPUR,2000,Autumn,Rice,14450,7940,0.549480969
Odisha,SONEPUR,2000,Kharif,Arhar/Tur,2680,1460,0.544776119
Odisha,SONEPUR,2000,Kharif,Castor seed,30,10,0.333333333
Odisha,SONEPUR,2000,Kharif,Cotton(lint),10,10,1
Odisha,SONEPUR,2000,Kharif,Groundnut,153,175.7,1.148366013
Odisha,SONEPUR,2000,Kharif,Horse-gram,1349,214.5,0.159006672
Odisha,SONEPUR,2000,Kharif,Jowar,10,10,1
Odisha,SONEPUR,2000,Kharif,Maize,14,7.4,0.528571429
Odisha,SONEPUR,2000,Kharif,Mesta,380,920,2.421052632
Odisha,SONEPUR,2000,Kharif,Moong(Green Gram),1463,215.1,0.147026658
Odisha,SONEPUR,2000,Kharif,Other Kharif pulses,790,350,0.443037975
Odisha,SONEPUR,2000,Kharif,Ragi,4,0.5,0.125
Odisha,SONEPUR,2000,Kharif,Sesamum,240,15.4,0.064166667
Odisha,SONEPUR,2000,Kharif,Small millets,60,20,0.333333333
Odisha,SONEPUR,2000,Kharif,Urad,49,4.6,0.093877551
Odisha,SONEPUR,2000,Rabi,Castor seed,20,10,0.5
Odisha,SONEPUR,2000,Rabi,Gram,150,60,0.4
Odisha,SONEPUR,2000,Rabi,Other  Rabi pulses,83,44,0.530120482
Odisha,SONEPUR,2000,Rabi,Rapeseed &Mustard,6,0.3,0.05
Odisha,SONEPUR,2000,Rabi,Sunflower,90,80,0.888888889
Odisha,SONEPUR,2000,Rabi,Wheat,105,137.4,1.308571429
Odisha,SONEPUR,2000,Summer,Rice,16860,36140,2.143534994
Odisha,SONEPUR,2000,Whole Year,Coriander,240,120,0.5
Odisha,SONEPUR,2000,Whole Year,Dry chillies,800,660,0.825
Odisha,SONEPUR,2000,Whole Year,Garlic,210,650,3.095238095
Odisha,SONEPUR,2000,Whole Year,Onion,670,5700,8.507462687
Odisha,SONEPUR,2000,Whole Year,Potato,17,128.8,7.576470588
Odisha,SONEPUR,2000,Whole Year,Sannhamp,120,300,2.5
Odisha,SONEPUR,2000,Whole Year,Sugarcane,76,4591.5,60.41447368
Odisha,SONEPUR,2000,Whole Year,Sweet potato,400,3480,8.7
Odisha,SONEPUR,2000,Winter,Rice,72100,90440,1.254368932
Odisha,SONEPUR,2001,Kharif,Arhar/Tur,2340,1170,0.5
Odisha,SONEPUR,2001,Kharif,Castor seed,40,20,0.5
Odisha,SONEPUR,2001,Kharif,Dry ginger,80,150,1.875
Odisha,SONEPUR,2001,Kharif,Groundnut,152,190.9,1.255921053
Odisha,SONEPUR,2001,Kharif,Horse-gram,1198,300.7,0.251001669
Odisha,SONEPUR,2001,Kharif,Jowar,10,10,1
Odisha,SONEPUR,2001,Kharif,Maize,1,0.9,0.9
Odisha,SONEPUR,2001,Kharif,Moong(Green Gram),1296,240.5,0.185570988
Odisha,SONEPUR,2001,Kharif,Other Kharif pulses,820,400,0.487804878
Odisha,SONEPUR,2001,Kharif,Ragi,28,5.3,0.189285714
Odisha,SONEPUR,2001,Kharif,Rice,117000,221000,1.888888889
Odisha,SONEPUR,2001,Kharif,Sesamum,243,23.7,0.097530864
Odisha,SONEPUR,2001,Kharif,Small millets,50,20,0.4
Odisha,SONEPUR,2001,Kharif,Urad,32,1.3,0.040625
Odisha,SONEPUR,2001,Rabi,Castor seed,20,10,0.5
Odisha,SONEPUR,2001,Rabi,Gram,160,60,0.375
Odisha,SONEPUR,2001,Rabi,Other  Rabi pulses,680,370,0.544117647
Odisha,SONEPUR,2001,Rabi,Rapeseed &Mustard,106,14.4,0.135849057
Odisha,SONEPUR,2001,Rabi,Safflower,70,30,0.428571429
Odisha,SONEPUR,2001,Rabi,Sunflower,210,190,0.904761905
Odisha,SONEPUR,2001,Rabi,Wheat,7,5.4,0.771428571
Odisha,SONEPUR,2001,Whole Year,Coriander,360,180,0.5
Odisha,SONEPUR,2001,Whole Year,Dry chillies,830,690,0.831325301
Odisha,SONEPUR,2001,Whole Year,Garlic,220,680,3.090909091
Odisha,SONEPUR,2001,Whole Year,Onion,860,9290,10.80232558
Odisha,SONEPUR,2001,Whole Year,Potato,14,132.2,9.442857143
Odisha,SONEPUR,2001,Whole Year,Sugarcane,70,3628.8,51.84
Odisha,SONEPUR,2001,Whole Year,Sweet potato,450,3790,8.422222222
Odisha,SONEPUR,2001,Whole Year,Turmeric,70,150,2.142857143
Odisha,SONEPUR,2002,Kharif,Arhar/Tur,2010,950,0.472636816
Odisha,SONEPUR,2002,Kharif,Castor seed,30,10,0.333333333
Odisha,SONEPUR,2002,Kharif,Dry ginger,10,10,1
Odisha,SONEPUR,2002,Kharif,Groundnut,50,60,1.2
Odisha,SONEPUR,2002,Kharif,Horse-gram,968,149.1,0.154028926
Odisha,SONEPUR,2002,Kharif,Jowar,10,10,1
Odisha,SONEPUR,2002,Kharif,Maize,11,4.7,0.427272727
Odisha,SONEPUR,2002,Kharif,Moong(Green Gram),1328,215.6,0.162349398
Odisha,SONEPUR,2002,Kharif,Other Kharif pulses,860,41,0.047674419
Odisha,SONEPUR,2002,Kharif,Ragi,2,0.2,0.1
Odisha,SONEPUR,2002,Kharif,Rice,122000,129000,1.057377049
Odisha,SONEPUR,2002,Kharif,Sesamum,76,9.5,0.125
Odisha,SONEPUR,2002,Kharif,Small millets,70,30,0.428571429
Odisha,SONEPUR,2002,Kharif,Urad,6,0.3,0.05
Odisha,SONEPUR,2002,Rabi,Gram,140,50,0.357142857
Odisha,SONEPUR,2002,Rabi,Other  Rabi pulses,670,360,0.537313433
Odisha,SONEPUR,2002,Rabi,Rapeseed &Mustard,35,4.1,0.117142857
Odisha,SONEPUR,2002,Rabi,Sunflower,110,100,0.909090909
Odisha,SONEPUR,2002,Rabi,Wheat,3,4.2,1.4
Odisha,SONEPUR,2002,Whole Year,Coriander,320,160,0.5
Odisha,SONEPUR,2002,Whole Year,Dry chillies,490,400,0.816326531
Odisha,SONEPUR,2002,Whole Year,Garlic,200,620,3.1
Odisha,SONEPUR,2002,Whole Year,Onion,740,7990,10.7972973
Odisha,SONEPUR,2002,Whole Year,Potato,12,79.2,6.6
Odisha,SONEPUR,2002,Whole Year,Sugarcane,69,3504.2,50.78550725
Odisha,SONEPUR,2002,Whole Year,Sweet potato,250,2000,8
Odisha,SONEPUR,2003,Kharif,Arhar/Tur,2080,1260,0.605769231
Odisha,SONEPUR,2003,Kharif,Castor seed,30,10,0.333333333
Odisha,SONEPUR,2003,Kharif,Dry ginger,20,20,1
Odisha,SONEPUR,2003,Kharif,Groundnut,378,430.4,1.138624339
Odisha,SONEPUR,2003,Kharif,Horse-gram,1362,261.5,0.191997063
Odisha,SONEPUR,2003,Kharif,Jowar,10,10,1
Odisha,SONEPUR,2003,Kharif,Maize,5,2.4,0.48
Odisha,SONEPUR,2003,Kharif,Moong(Green Gram),1858,288.9,0.155489774
Odisha,SONEPUR,2003,Kharif,Other Kharif pulses,850,540,0.635294118
Odisha,SONEPUR,2003,Kharif,Rice,117000,173000,1.478632479
Odisha,SONEPUR,2003,Kharif,Sesamum,126,30.9,0.245238095
Odisha,SONEPUR,2003,Kharif,Small millets,90,30,0.333333333
Odisha,SONEPUR,2003,Kharif,Urad,17,2.6,0.152941176
Odisha,SONEPUR,2003,Rabi,Gram,220,70,0.318181818
Odisha,SONEPUR,2003,Rabi,Other  Rabi pulses,730,420,0.575342466
Odisha,SONEPUR,2003,Rabi,Rapeseed &Mustard,67,12.1,0.180597015
Odisha,SONEPUR,2003,Rabi,Sunflower,110,100,0.909090909
Odisha,SONEPUR,2003,Rabi,Wheat,27,35.2,1.303703704
Odisha,SONEPUR,2003,Whole Year,Coriander,330,160,0.484848485
Odisha,SONEPUR,2003,Whole Year,Dry chillies,410,340,0.829268293
Odisha,SONEPUR,2003,Whole Year,Garlic,210,640,3.047619048
Odisha,SONEPUR,2003,Whole Year,Onion,710,7650,10.77464789
Odisha,SONEPUR,2003,Whole Year,Potato,15,118.2,7.88
Odisha,SONEPUR,2003,Whole Year,Sugarcane,54,3601.3,66.69074074
Odisha,SONEPUR,2003,Whole Year,Sweet potato,270,2270,8.407407407
Odisha,SONEPUR,2003,Whole Year,Turmeric,20,30,1.5
Odisha,SONEPUR,2004,Autumn,Groundnut,5,4,0.8
Odisha,SONEPUR,2004,Autumn,Maize,7,5.9,0.842857143
Odisha,SONEPUR,2004,Autumn,Moong(Green Gram),201,47.8,0.237810945
Odisha,SONEPUR,2004,Autumn,Rice,14000,12000,0.857142857
Odisha,SONEPUR,2004,Autumn,Sesamum,18,9.9,0.55
Odisha,SONEPUR,2004,Kharif,Castor seed,28,10,0.357142857
Odisha,SONEPUR,2004,Kharif,Dry ginger,22,26,1.181818182
Odisha,SONEPUR,2004,Kharif,Jowar,10,4,0.4
Odisha,SONEPUR,2004,Kharif,Small millets,70,25,0.357142857
Odisha,SONEPUR,2004,Rabi,Castor seed,7,,
Odisha,SONEPUR,2004,Rabi,Gram,116,36,0.310344828
Odisha,SONEPUR,2004,Rabi,Other  Rabi pulses,609,332,0.545155993
Odisha,SONEPUR,2004,Rabi,Sunflower,119,115,0.966386555
Odisha,SONEPUR,2004,Summer,Groundnut,664,825.4,1.243072289
Odisha,SONEPUR,2004,Summer,Moong(Green Gram),1002,218.4,0.217964072
Odisha,SONEPUR,2004,Summer,Rice,23000,56000,2.434782609
Odisha,SONEPUR,2004,Summer,Sesamum,61,18.8,0.308196721
Odisha,SONEPUR,2004,Summer,Wheat,23,33.6,1.460869565
Odisha,SONEPUR,2004,Whole Year,Coriander,303,150,0.495049505
Odisha,SONEPUR,2004,Whole Year,Dry chillies,930,760,0.817204301
Odisha,SONEPUR,2004,Whole Year,Garlic,232,719,3.099137931
Odisha,SONEPUR,2004,Whole Year,Onion,732,7906,10.80054645
Odisha,SONEPUR,2004,Whole Year,Sweet potato,258,2179,8.445736434
Odisha,SONEPUR,2004,Whole Year,Turmeric,15,30,2
Odisha,SONEPUR,2004,Winter,Groundnut,9,2.5,0.277777778
Odisha,SONEPUR,2004,Winter,Horse-gram,1356,358,0.264011799
Odisha,SONEPUR,2004,Winter,Moong(Green Gram),1377,307.1,0.22302106
Odisha,SONEPUR,2004,Winter,Potato,17,112.8,6.635294118
Odisha,SONEPUR,2004,Winter,Rapeseed &Mustard,140,17.2,0.122857143
Odisha,SONEPUR,2004,Winter,Rice,82000,137000,1.670731707
Odisha,SONEPUR,2004,Winter,Sesamum,24,1.8,0.075
Odisha,SONEPUR,2004,Winter,Sugarcane,72,4456.8,61.9
Odisha,SONEPUR,2004,Winter,Urad,65,9.6,0.147692308
Odisha,SONEPUR,2005,Autumn,Groundnut,5,2.9,0.58
Odisha,SONEPUR,2005,Autumn,Maize,11,10.9,0.990909091
Odisha,SONEPUR,2005,Autumn,Moong(Green Gram),76,20.7,0.272368421
Odisha,SONEPUR,2005,Autumn,Rice,13000,16000,1.230769231
Odisha,SONEPUR,2005,Autumn,Sesamum,47,12.6,0.268085106
Odisha,SONEPUR,2005,Autumn,Urad,34,11.5,0.338235294
Odisha,SONEPUR,2005,Summer,Groundnut,728,1018.5,1.399038462
Odisha,SONEPUR,2005,Summer,Moong(Green Gram),913,252.9,0.276998905
Odisha,SONEPUR,2005,Summer,Rice,21000,51000,2.428571429
Odisha,SONEPUR,2005,Summer,Sesamum,107,23.6,0.220560748
Odisha,SONEPUR,2005,Summer,Urad,3,1.1,0.366666667
Odisha,SONEPUR,2005,Summer,Wheat,62,100.3,1.617741935
Odisha,SONEPUR,2005,Winter,Groundnut,15,21.7,1.446666667
Odisha,SONEPUR,2005,Winter,Horse-gram,1484,415.5,0.279986523
Odisha,SONEPUR,2005,Winter,Maize,1,2,2
Odisha,SONEPUR,2005,Winter,Moong(Green Gram),1734,435.2,0.250980392
Odisha,SONEPUR,2005,Winter,Potato,30,169.1,5.636666667
Odisha,SONEPUR,2005,Winter,Ragi,1,0.1,0.1
Odisha,SONEPUR,2005,Winter,Rapeseed &Mustard,95,15.1,0.158947368
Odisha,SONEPUR,2005,Winter,Rice,86000,185000,2.151162791
Odisha,SONEPUR,2005,Winter,Sesamum,90,24.2,0.268888889
Odisha,SONEPUR,2005,Winter,Sugarcane,78,4752,60.92307692
Odisha,SONEPUR,2005,Winter,Urad,81,20.4,0.251851852
Odisha,SONEPUR,2006,Autumn,Groundnut,9,8.3,0.922222222
Odisha,SONEPUR,2006,Autumn,Maize,11,8.1,0.736363636
Odisha,SONEPUR,2006,Autumn,Moong(Green Gram),77,30.5,0.396103896
Odisha,SONEPUR,2006,Autumn,Rice,16000,20000,1.25
Odisha,SONEPUR,2006,Autumn,Sesamum,40,14,0.35
Odisha,SONEPUR,2006,Autumn,Urad,35,17.6,0.502857143
Odisha,SONEPUR,2006,Summer,Groundnut,147,336.3,2.287755102
Odisha,SONEPUR,2006,Summer,Moong(Green Gram),1057,375.2,0.354966887
Odisha,SONEPUR,2006,Summer,Rice,29000,63000,2.172413793
Odisha,SONEPUR,2006,Summer,Sesamum,84,24.6,0.292857143
Odisha,SONEPUR,2006,Summer,Wheat,61,116.4,1.908196721
Odisha,SONEPUR,2006,Winter,Horse-gram,2443,725.6,0.297011871
Odisha,SONEPUR,2006,Winter,Moong(Green Gram),1284,434,0.338006231
Odisha,SONEPUR,2006,Winter,Potato,21,136.6,6.504761905
Odisha,SONEPUR,2006,Winter,Ragi,1,0.4,0.4
Odisha,SONEPUR,2006,Winter,Rapeseed &Mustard,31,6.1,0.196774194
Odisha,SONEPUR,2006,Winter,Rice,88000,193000,2.193181818
Odisha,SONEPUR,2006,Winter,Sesamum,226,30.5,0.134955752
Odisha,SONEPUR,2006,Winter,Sugarcane,72,4309.2,59.85
Odisha,SONEPUR,2006,Winter,Urad,35,11.4,0.325714286
Odisha,SONEPUR,2007,Autumn,Groundnut,39,38.7,0.992307692
Odisha,SONEPUR,2007,Autumn,Maize,23,14.8,0.643478261
Odisha,SONEPUR,2007,Autumn,Moong(Green Gram),218,71.9,0.329816514
Odisha,SONEPUR,2007,Autumn,Rice,14000,14000,1
Odisha,SONEPUR,2007,Autumn,Sesamum,55,23,0.418181818
Odisha,SONEPUR,2007,Autumn,Urad,67,32.3,0.482089552
Odisha,SONEPUR,2007,Summer,Groundnut,142,227.3,1.600704225
Odisha,SONEPUR,2007,Summer,Moong(Green Gram),778,364.1,0.467994859
Odisha,SONEPUR,2007,Summer,Rice,26000,71000,2.730769231
Odisha,SONEPUR,2007,Summer,Sesamum,216,81.9,0.379166667
Odisha,SONEPUR,2007,Summer,Urad,1,0.1,0.1
Odisha,SONEPUR,2007,Summer,Wheat,126,185.2,1.46984127
Odisha,SONEPUR,2007,Winter,Groundnut,7,6.9,0.985714286
Odisha,SONEPUR,2007,Winter,Horse-gram,1494,481.1,0.322021419
Odisha,SONEPUR,2007,Winter,Maize,3,4.9,1.633333333
Odisha,SONEPUR,2007,Winter,Moong(Green Gram),1599,473.3,0.295997498
Odisha,SONEPUR,2007,Winter,Potato,51,417.6,8.188235294
Odisha,SONEPUR,2007,Winter,Rapeseed &Mustard,57,16.7,0.292982456
Odisha,SONEPUR,2007,Winter,Rice,85000,166000,1.952941176
Odisha,SONEPUR,2007,Winter,Sesamum,47,8.9,0.189361702
Odisha,SONEPUR,2007,Winter,Sugarcane,105,7618,72.55238095
Odisha,SONEPUR,2007,Winter,Urad,38,10.5,0.276315789
Odisha,SONEPUR,2008,Autumn,Groundnut,44,30.4,0.690909091
Odisha,SONEPUR,2008,Autumn,Maize,21,11.6,0.552380952
Odisha,SONEPUR,2008,Autumn,Moong(Green Gram),152,32.1,0.211184211
Odisha,SONEPUR,2008,Autumn,Rice,15000,16000,1.066666667
Odisha,SONEPUR,2008,Autumn,Sesamum,15,3.6,0.24
Odisha,SONEPUR,2008,Autumn,Urad,47,12.8,0.272340426
Odisha,SONEPUR,2008,Summer,Groundnut,668,1312.6,1.96497006
Odisha,SONEPUR,2008,Summer,Moong(Green Gram),1440,560.2,0.389027778
Odisha,SONEPUR,2008,Summer,Rice,29000,88000,3.034482759
Odisha,SONEPUR,2008,Summer,Sesamum,135,42.4,0.314074074
Odisha,SONEPUR,2008,Summer,Wheat,78,135,1.730769231
Odisha,SONEPUR,2008,Winter,Groundnut,3,2.8,0.933333333
Odisha,SONEPUR,2008,Winter,Horse-gram,841,267.4,0.317954816
Odisha,SONEPUR,2008,Winter,Moong(Green Gram),883,278.1,0.314949037
Odisha,SONEPUR,2008,Winter,Potato,12,113.4,9.45
Odisha,SONEPUR,2008,Winter,Rapeseed &Mustard,62,12.8,0.206451613
Odisha,SONEPUR,2008,Winter,Rice,82000,139000,1.695121951
Odisha,SONEPUR,2008,Winter,Sesamum,80,8.2,0.1025
Odisha,SONEPUR,2008,Winter,Sugarcane,21,1284.5,61.16666667
Odisha,SONEPUR,2008,Winter,Urad,40,7.7,0.1925
Odisha,SONEPUR,2009,Autumn,Groundnut,9,6.4,0.711111111
Odisha,SONEPUR,2009,Autumn,Maize,4,2.4,0.6
Odisha,SONEPUR,2009,Autumn,Moong(Green Gram),73,24.3,0.332876712
Odisha,SONEPUR,2009,Autumn,Rice,16000,17000,1.0625
Odisha,SONEPUR,2009,Autumn,Sesamum,8,2.6,0.325
Odisha,SONEPUR,2009,Summer,Groundnut,317,769,2.425867508
Odisha,SONEPUR,2009,Summer,Moong(Green Gram),490,189.6,0.386938776
Odisha,SONEPUR,2009,Summer,Rice,28000,87000,3.107142857
Odisha,SONEPUR,2009,Summer,Sesamum,137,47.1,0.34379562
Odisha,SONEPUR,2009,Summer,Wheat,28,55,1.964285714
Odisha,SONEPUR,2009,Winter,Groundnut,45,39.1,0.868888889
Odisha,SONEPUR,2009,Winter,Horse-gram,843,318.7,0.378054567
Odisha,SONEPUR,2009,Winter,Moong(Green Gram),1205,379.6,0.315020747
Odisha,SONEPUR,2009,Winter,Potato,17,149.5,8.794117647
Odisha,SONEPUR,2009,Winter,Ragi,2,0.6,0.3
Odisha,SONEPUR,2009,Winter,Rapeseed &Mustard,93,32.3,0.347311828
Odisha,SONEPUR,2009,Winter,Rice,84000,191000,2.273809524
Odisha,SONEPUR,2009,Winter,Sesamum,180,29.3,0.162777778
Odisha,SONEPUR,2009,Winter,Sugarcane,19,1137.1,59.84736842
Odisha,SONEPUR,2009,Winter,Urad,36,12.9,0.358333333
Odisha,SONEPUR,2010,Autumn,Groundnut,41,43.6,1.063414634
Odisha,SONEPUR,2010,Autumn,Maize,7,4.2,0.6
Odisha,SONEPUR,2010,Autumn,Moong(Green Gram),120,58.6,0.488333333
Odisha,SONEPUR,2010,Autumn,Rice,14000,12000,0.857142857
Odisha,SONEPUR,2010,Autumn,Sesamum,8,0.9,0.1125
Odisha,SONEPUR,2010,Autumn,Urad,51,24.1,0.47254902
Odisha,SONEPUR,2010,Summer,Groundnut,253,569.3,2.250197628
Odisha,SONEPUR,2010,Summer,Maize,12,23.6,1.966666667
Odisha,SONEPUR,2010,Summer,Moong(Green Gram),1195,419.4,0.350962343
Odisha,SONEPUR,2010,Summer,Rice,27000,91000,3.37037037
Odisha,SONEPUR,2010,Summer,Sesamum,30,9.3,0.31
Odisha,SONEPUR,2010,Summer,Wheat,42,67.3,1.602380952
Odisha,SONEPUR,2010,Winter,Horse-gram,1167,412,0.353041988
Odisha,SONEPUR,2010,Winter,Moong(Green Gram),1345,373.9,0.277992565
Odisha,SONEPUR,2010,Winter,Potato,14,79.7,5.692857143
Odisha,SONEPUR,2010,Winter,Rapeseed &Mustard,133,22.9,0.172180451
Odisha,SONEPUR,2010,Winter,Rice,87000,205000,2.356321839
Odisha,SONEPUR,2010,Winter,Sesamum,194,22.9,0.118041237
Odisha,SONEPUR,2010,Winter,Sugarcane,43,3150.3,73.2627907
Odisha,SONEPUR,2010,Winter,Urad,41,9.1,0.22195122
Odisha,SONEPUR,2011,Autumn,Groundnut,22,12.9,0.586363636
Odisha,SONEPUR,2011,Autumn,Maize,6,2.7,0.45
Odisha,SONEPUR,2011,Autumn,Moong(Green Gram),123,36.3,0.295121951
Odisha,SONEPUR,2011,Autumn,Rice,16000,7000,0.4375
Odisha,SONEPUR,2011,Autumn,Sesamum,132,39.1,0.296212121
Odisha,SONEPUR,2011,Autumn,Urad,16,5.9,0.36875
Odisha,SONEPUR,2011,Summer,Groundnut,435,688.2,1.582068966
Odisha,SONEPUR,2011,Summer,Maize,2,5.2,2.6
Odisha,SONEPUR,2011,Summer,Moong(Green Gram),406,124.6,0.306896552
Odisha,SONEPUR,2011,Summer,Rice,31000,134000,4.322580645
Odisha,SONEPUR,2011,Summer,Sesamum,41,10.6,0.258536585
Odisha,SONEPUR,2011,Summer,Urad,1,,
Odisha,SONEPUR,2011,Summer,Wheat,50,86.8,1.736
Odisha,SONEPUR,2011,Winter,Horse-gram,985,253.1,0.256954315
Odisha,SONEPUR,2011,Winter,Moong(Green Gram),1367,386.9,0.28302853
Odisha,SONEPUR,2011,Winter,Potato,17,128.6,7.564705882
Odisha,SONEPUR,2011,Winter,Rapeseed &Mustard,90,15.3,0.17
Odisha,SONEPUR,2011,Winter,Rice,85000,145000,1.705882353
Odisha,SONEPUR,2011,Winter,Sesamum,69,6.6,0.095652174
Odisha,SONEPUR,2011,Winter,Sugarcane,52,3634.4,69.89230769
Odisha,SONEPUR,2011,Winter,Urad,80,22.9,0.28625
Odisha,SONEPUR,2012,Autumn,Groundnut,10,22.8,2.28
Odisha,SONEPUR,2012,Autumn,Maize,56,90.9,1.623214286
Odisha,SONEPUR,2012,Autumn,Moong(Green Gram),106,51.7,0.487735849
Odisha,SONEPUR,2012,Autumn,Rice,14000,36000,2.571428571
Odisha,SONEPUR,2012,Autumn,Sesamum,6,2.2,0.366666667
Odisha,SONEPUR,2012,Autumn,Urad,13,9.2,0.707692308
Odisha,SONEPUR,2012,Summer,Groundnut,124,164.9,1.32983871
Odisha,SONEPUR,2012,Summer,Maize,30,66.9,2.23
Odisha,SONEPUR,2012,Summer,Moong(Green Gram),700,289.1,0.413
Odisha,SONEPUR,2012,Summer,Rice,448000,113000,0.252232143
Odisha,SONEPUR,2012,Summer,Sesamum,16,3.4,0.2125
Odisha,SONEPUR,2012,Summer,Wheat,41,96,2.341463415
Odisha,SONEPUR,2012,Winter,Groundnut,30,40.9,1.363333333
Odisha,SONEPUR,2012,Winter,Horse-gram,1125,390.4,0.347022222
Odisha,SONEPUR,2012,Winter,Moong(Green Gram),2171,677.4,0.31202211
Odisha,SONEPUR,2012,Winter,Potato,7,32,4.571428571
Odisha,SONEPUR,2012,Winter,Rapeseed &Mustard,61,11.4,0.186885246
Odisha,SONEPUR,2012,Winter,Rice,88000,412000,4.681818182
Odisha,SONEPUR,2012,Winter,Sesamum,122,32.7,0.268032787
Odisha,SONEPUR,2012,Winter,Sugarcane,52,4052.1,77.925
Odisha,SONEPUR,2012,Winter,Urad,153,28.8,0.188235294
Odisha,SONEPUR,2013,Autumn,Groundnut,3,0.9,0.3
Odisha,SONEPUR,2013,Autumn,Maize,17,16.7,0.982352941
Odisha,SONEPUR,2013,Autumn,Moong(Green Gram),168,68.4,0.407142857
Odisha,SONEPUR,2013,Autumn,Rice,15000,24000,1.6
Odisha,SONEPUR,2013,Summer,Groundnut,590,837.8,1.42
Odisha,SONEPUR,2013,Summer,Moong(Green Gram),907,409.1,0.451047409
Odisha,SONEPUR,2013,Summer,Rice,28000,110000,3.928571429
Odisha,SONEPUR,2013,Summer,Sesamum,23,6.4,0.27826087
Odisha,SONEPUR,2013,Summer,Wheat,34,73.3,2.155882353
Odisha,SONEPUR,2013,Winter,Horse-gram,789,265.9,0.337008872
Odisha,SONEPUR,2013,Winter,Moong(Green Gram),1419,492.4,0.347004933
Odisha,SONEPUR,2013,Winter,Potato,6,57.6,9.6
Odisha,SONEPUR,2013,Winter,Rapeseed &Mustard,183,43.4,0.23715847
Odisha,SONEPUR,2013,Winter,Rice,94000,286000,3.042553191
Odisha,SONEPUR,2013,Winter,Sesamum,5,1.2,0.24
Odisha,SONEPUR,2013,Winter,Sugarcane,58,4596.2,79.24482759
Odisha,SONEPUR,2013,Winter,Urad,37,7.4,0.2
Odisha,SONEPUR,2014,Autumn,Groundnut,48,63.7,1.327083333
Odisha,SONEPUR,2014,Autumn,Maize,22,16.5,0.75
Odisha,SONEPUR,2014,Autumn,Moong(Green Gram),217,108.1,0.498156682
Odisha,SONEPUR,2014,Autumn,Rice,17000,36000,2.117647059
Odisha,SONEPUR,2014,Autumn,Sesamum,33,13,0.393939394
Odisha,SONEPUR,2014,Autumn,Urad,82,38,0.463414634
Odisha,SONEPUR,2014,Summer,Groundnut,147,192.6,1.310204082
Odisha,SONEPUR,2014,Summer,Moong(Green Gram),400,168.8,0.422
Odisha,SONEPUR,2014,Summer,Rice,27000,106000,3.925925926
Odisha,SONEPUR,2014,Summer,Sesamum,17,7,0.411764706
Odisha,SONEPUR,2014,Summer,Wheat,18,34.6,1.922222222
Odisha,SONEPUR,2014,Winter,Horse-gram,948,312.8,0.329957806
Odisha,SONEPUR,2014,Winter,Moong(Green Gram),1687,595.5,0.35299348
Odisha,SONEPUR,2014,Winter,Potato,4,46.5,11.625
Odisha,SONEPUR,2014,Winter,Rapeseed &Mustard,106,20.9,0.197169811
Odisha,SONEPUR,2014,Winter,Rice,84000,290000,3.452380952
Odisha,SONEPUR,2014,Winter,Sesamum,30,8.5,0.283333333
Odisha,SONEPUR,2014,Winter,Sugarcane,55,4043.6,73.52
Odisha,SONEPUR,2014,Winter,Urad,19,2.9,0.152631579
Odisha,SONEPUR,2015,Autumn,Moong(Green Gram),1,0.1,0.1
Odisha,SONEPUR,2015,Autumn,Rice,17000,9000,0.529411765
Odisha,SONEPUR,2015,Summer,Groundnut,503,644.8,1.281908549
Odisha,SONEPUR,2015,Summer,Moong(Green Gram),976,358.2,0.367008197
Odisha,SONEPUR,2015,Summer,Rice,29000,113000,3.896551724
Odisha,SONEPUR,2015,Summer,Sesamum,49,13,0.265306122
Odisha,SONEPUR,2015,Winter,Horse-gram,789,250.1,0.316983523
Odisha,SONEPUR,2015,Winter,Maize,10,86.1,8.61
Odisha,SONEPUR,2015,Winter,Moong(Green Gram),1478,452.3,0.306021651
Odisha,SONEPUR,2015,Winter,Potato,71,595.6,8.388732394
Odisha,SONEPUR,2015,Winter,Rapeseed &Mustard,91,13.3,0.146153846
Odisha,SONEPUR,2015,Winter,Rice,86000,209000,2.430232558
Odisha,SONEPUR,2015,Winter,Sesamum,6,0.7,0.116666667
Odisha,SONEPUR,2015,Winter,Sugarcane,1,52,52
Odisha,SONEPUR,2015,Winter,Urad,13,3.2,0.246153846
Odisha,SUNDARGARH,1997,Autumn,Arhar/Tur,289,57,0.197231834
Odisha,SUNDARGARH,1997,Autumn,Groundnut,453,269,0.593818985
Odisha,SUNDARGARH,1997,Autumn,Jute,170,200,1.176470588
Odisha,SUNDARGARH,1997,Autumn,Maize,832,710,0.853365385
Odisha,SUNDARGARH,1997,Autumn,Paddy,104520,82983,0.793943743
Odisha,SUNDARGARH,1997,Autumn,Ragi,391,189,0.483375959
Odisha,SUNDARGARH,1997,Autumn,Sesamum,355,63,0.177464789
Odisha,SUNDARGARH,1997,Autumn,Urad,4765,1067,0.223924449
Odisha,SUNDARGARH,1997,Rabi,Wheat,83,71,0.855421687
Odisha,SUNDARGARH,1997,Summer,Arhar/Tur,96,19,0.197916667
Odisha,SUNDARGARH,1997,Summer,Groundnut,161,247,1.534161491
Odisha,SUNDARGARH,1997,Summer,Maize,3,4,1.333333333
Odisha,SUNDARGARH,1997,Summer,Paddy,2881,3943,1.368622006
Odisha,SUNDARGARH,1997,Summer,Ragi,2,1,0.5
Odisha,SUNDARGARH,1997,Summer,Sesamum,27,6,0.222222222
Odisha,SUNDARGARH,1997,Summer,Urad,14,4,0.285714286
Odisha,SUNDARGARH,1997,Whole Year,Potato,502,2331,4.643426295
Odisha,SUNDARGARH,1997,Winter,Arhar/Tur,106,12,0.113207547
Odisha,SUNDARGARH,1997,Winter,Groundnut,28,19,0.678571429
Odisha,SUNDARGARH,1997,Winter,Horse-gram,6242,1367,0.21900032
Odisha,SUNDARGARH,1997,Winter,Maize,2,3,1.5
Odisha,SUNDARGARH,1997,Winter,Paddy,128385,153858,1.198411029
Odisha,SUNDARGARH,1997,Winter,Ragi,127,45,0.354330709
Odisha,SUNDARGARH,1997,Winter,Sesamum,2436,498,0.204433498
Odisha,SUNDARGARH,1997,Winter,Sugarcane,89,5612,63.05617978
Odisha,SUNDARGARH,1997,Winter,Urad,1042,202,0.193857965
Odisha,SUNDARGARH,1998,Autumn,Groundnut,253,182,0.719367589
Odisha,SUNDARGARH,1998,Autumn,Maize,531,511,0.962335217
Odisha,SUNDARGARH,1998,Autumn,Moong(Green Gram),186,31,0.166666667
Odisha,SUNDARGARH,1998,Autumn,Ragi,427,164,0.384074941
Odisha,SUNDARGARH,1998,Autumn,Rice,102517,57056,0.556551596
Odisha,SUNDARGARH,1998,Autumn,Sesamum,80,14,0.175
Odisha,SUNDARGARH,1998,Autumn,Urad,6170,1142,0.185089141
Odisha,SUNDARGARH,1998,Summer,Groundnut,357,442,1.238095238
Odisha,SUNDARGARH,1998,Summer,Horse-gram,6,1,0.166666667
Odisha,SUNDARGARH,1998,Summer,Maize,4,3,0.75
Odisha,SUNDARGARH,1998,Summer,Moong(Green Gram),97,22,0.226804124
Odisha,SUNDARGARH,1998,Summer,Rice,3200,3722,1.163125
Odisha,SUNDARGARH,1998,Summer,Sesamum,104,18,0.173076923
Odisha,SUNDARGARH,1998,Summer,Urad,3,1,0.333333333
Odisha,SUNDARGARH,1998,Summer,Wheat,1103,1423,1.29011786
Odisha,SUNDARGARH,1998,Winter,Horse-gram,3409,580,0.17013787
Odisha,SUNDARGARH,1998,Winter,Maize,7,7,1
Odisha,SUNDARGARH,1998,Winter,Moong(Green Gram),67,5,0.074626866
Odisha,SUNDARGARH,1998,Winter,Potato,363,2696,7.426997245
Odisha,SUNDARGARH,1998,Winter,Ragi,106,35,0.330188679
Odisha,SUNDARGARH,1998,Winter,Rapeseed &Mustard,498,57,0.114457831
Odisha,SUNDARGARH,1998,Winter,Rice,115039,106112,0.922400229
Odisha,SUNDARGARH,1998,Winter,Sesamum,1599,238,0.148843027
Odisha,SUNDARGARH,1998,Winter,Sugarcane,60,4293,71.55
Odisha,SUNDARGARH,1998,Winter,Urad,198,18,0.090909091
Odisha,SUNDARGARH,1999,Autumn,Rice,106000,88000,0.830188679
Odisha,SUNDARGARH,1999,Kharif,Arhar/Tur,7940,3870,0.487405542
Odisha,SUNDARGARH,1999,Kharif,Bajra,30,10,0.333333333
Odisha,SUNDARGARH,1999,Kharif,Castor seed,300,130,0.433333333
Odisha,SUNDARGARH,1999,Kharif,Dry chillies,3730,3020,0.809651475
Odisha,SUNDARGARH,1999,Kharif,Dry ginger,590,1040,1.762711864
Odisha,SUNDARGARH,1999,Kharif,Groundnut,4890,5830,1.192229039
Odisha,SUNDARGARH,1999,Kharif,Jowar,820,590,0.719512195
Odisha,SUNDARGARH,1999,Kharif,Maize,7200,12740,1.769444444
Odisha,SUNDARGARH,1999,Kharif,Mesta,1230,8550,6.951219512
Odisha,SUNDARGARH,1999,Kharif,Moong(Green Gram),11400,4800,0.421052632
Odisha,SUNDARGARH,1999,Kharif,Ragi,1340,940,0.701492537
Odisha,SUNDARGARH,1999,Kharif,Sesamum,13490,3870,0.28687917
Odisha,SUNDARGARH,1999,Kharif,Small millets,2140,670,0.313084112
Odisha,SUNDARGARH,1999,Kharif,Sweet potato,4450,39670,8.914606742
Odisha,SUNDARGARH,1999,Kharif,Turmeric,770,1350,1.753246753
Odisha,SUNDARGARH,1999,Kharif,Urad,17410,7760,0.44572085
Odisha,SUNDARGARH,1999,Rabi,Castor seed,320,80,0.25
Odisha,SUNDARGARH,1999,Rabi,Coriander,1430,560,0.391608392
Odisha,SUNDARGARH,1999,Rabi,Dry chillies,1010,820,0.811881188
Odisha,SUNDARGARH,1999,Rabi,Garlic,620,1050,1.693548387
Odisha,SUNDARGARH,1999,Rabi,Gram,3500,1380,0.394285714
Odisha,SUNDARGARH,1999,Rabi,Groundnut,570,1410,2.473684211
Odisha,SUNDARGARH,1999,Rabi,Horse-gram,19300,4830,0.250259067
Odisha,SUNDARGARH,1999,Rabi,Linseed,1530,390,0.254901961
Odisha,SUNDARGARH,1999,Rabi,Maize,110,270,2.454545455
Odisha,SUNDARGARH,1999,Rabi,Masoor,380,90,0.236842105
Odisha,SUNDARGARH,1999,Rabi,Moong(Green Gram),1350,470,0.348148148
Odisha,SUNDARGARH,1999,Rabi,Niger seed,6770,2170,0.320531758
Odisha,SUNDARGARH,1999,Rabi,Rapeseed &Mustard,5290,1280,0.241965974
Odisha,SUNDARGARH,1999,Rabi,Sesamum,1030,250,0.242718447
Odisha,SUNDARGARH,1999,Rabi,Sunflower,150,110,0.733333333
Odisha,SUNDARGARH,1999,Rabi,Urad,1000,340,0.34
Odisha,SUNDARGARH,1999,Rabi,Wheat,2460,4260,1.731707317
Odisha,SUNDARGARH,1999,Summer,Rice,5210,7110,1.364683301
Odisha,SUNDARGARH,1999,Whole Year,Onion,1350,7420,5.496296296
Odisha,SUNDARGARH,1999,Whole Year,Potato,830,7070,8.518072289
Odisha,SUNDARGARH,1999,Whole Year,Sannhamp,1090,5500,5.04587156
Odisha,SUNDARGARH,1999,Winter,Rice,128000,149000,1.1640625
Odisha,SUNDARGARH,1999,Winter,Sugarcane,210,12000,57.14285714
Odisha,SUNDARGARH,2000,Autumn,Rice,103760,43340,0.41769468
Odisha,SUNDARGARH,2000,Kharif,Arhar/Tur,7220,2960,0.409972299
Odisha,SUNDARGARH,2000,Kharif,Bajra,150,60,0.4
Odisha,SUNDARGARH,2000,Kharif,Castor seed,310,140,0.451612903
Odisha,SUNDARGARH,2000,Kharif,Dry ginger,590,1180,2
Odisha,SUNDARGARH,2000,Kharif,Groundnut,829,636.6,0.767913148
Odisha,SUNDARGARH,2000,Kharif,Horse-gram,3354,483,0.144007156
Odisha,SUNDARGARH,2000,Kharif,Jowar,990,670,0.676767677
Odisha,SUNDARGARH,2000,Kharif,Maize,701,655.2,0.934664765
Odisha,SUNDARGARH,2000,Kharif,Mesta,1260,8670,6.880952381
Odisha,SUNDARGARH,2000,Kharif,Moong(Green Gram),325,68.9,0.212
Odisha,SUNDARGARH,2000,Kharif,Other Kharif pulses,2870,1290,0.449477352
Odisha,SUNDARGARH,2000,Kharif,Ragi,577,174.6,0.302599653
Odisha,SUNDARGARH,2000,Kharif,Sesamum,2599,369.1,0.14201616
Odisha,SUNDARGARH,2000,Kharif,Small millets,1870,600,0.320855615
Odisha,SUNDARGARH,2000,Kharif,Urad,4794,633,0.13204005
Odisha,SUNDARGARH,2000,Rabi,Castor seed,270,70,0.259259259
Odisha,SUNDARGARH,2000,Rabi,Gram,1120,460,0.410714286
Odisha,SUNDARGARH,2000,Rabi,Linseed,420,170,0.404761905
Odisha,SUNDARGARH,2000,Rabi,Niger seed,3860,960,0.248704663
Odisha,SUNDARGARH,2000,Rabi,Other  Rabi pulses,96,36,0.375
Odisha,SUNDARGARH,2000,Rabi,Rapeseed &Mustard,737,123.1,0.167028494
Odisha,SUNDARGARH,2000,Rabi,Sunflower,210,150,0.714285714
Odisha,SUNDARGARH,2000,Rabi,Wheat,4003,6492.4,1.621883587
Odisha,SUNDARGARH,2000,Summer,Rice,2220,3330,1.5
Odisha,SUNDARGARH,2000,Whole Year,Coriander,370,180,0.486486486
Odisha,SUNDARGARH,2000,Whole Year,Dry chillies,2570,2250,0.875486381
Odisha,SUNDARGARH,2000,Whole Year,Garlic,500,1550,3.1
Odisha,SUNDARGARH,2000,Whole Year,Onion,1160,8700,7.5
Odisha,SUNDARGARH,2000,Whole Year,Potato,942,5639.8,5.987048832
Odisha,SUNDARGARH,2000,Whole Year,Sannhamp,620,3190,5.14516129
Odisha,SUNDARGARH,2000,Whole Year,Sugarcane,172,12215.4,71.01976744
Odisha,SUNDARGARH,2000,Whole Year,Sweet potato,2480,18090,7.294354839
Odisha,SUNDARGARH,2000,Whole Year,Turmeric,860,2000,2.325581395
Odisha,SUNDARGARH,2000,Winter,Rice,116280,74560,0.64121087
Odisha,SUNDARGARH,2001,Kharif,Arhar/Tur,6210,2990,0.481481481
Odisha,SUNDARGARH,2001,Kharif,Castor seed,300,120,0.4
Odisha,SUNDARGARH,2001,Kharif,Dry ginger,610,1230,2.016393443
Odisha,SUNDARGARH,2001,Kharif,Groundnut,977,933.4,0.955373593
Odisha,SUNDARGARH,2001,Kharif,Horse-gram,2842,929.3,0.326988037
Odisha,SUNDARGARH,2001,Kharif,Jowar,1030,540,0.524271845
Odisha,SUNDARGARH,2001,Kharif,Maize,708,514,0.725988701
Odisha,SUNDARGARH,2001,Kharif,Moong(Green Gram),326,76.5,0.234662577
Odisha,SUNDARGARH,2001,Kharif,Other Kharif pulses,6570,2540,0.386605784
Odisha,SUNDARGARH,2001,Kharif,Ragi,692,320.8,0.463583815
Odisha,SUNDARGARH,2001,Kharif,Rice,247000,243000,0.983805668
Odisha,SUNDARGARH,2001,Kharif,Sesamum,3012,568.9,0.188877822
Odisha,SUNDARGARH,2001,Kharif,Small millets,6210,3500,0.563607085
Odisha,SUNDARGARH,2001,Kharif,Urad,6631,1711.9,0.258166189
Odisha,SUNDARGARH,2001,Rabi,Castor seed,190,60,0.315789474
Odisha,SUNDARGARH,2001,Rabi,Gram,2890,1330,0.460207612
Odisha,SUNDARGARH,2001,Rabi,Linseed,300,100,0.333333333
Odisha,SUNDARGARH,2001,Rabi,Masoor,360,120,0.333333333
Odisha,SUNDARGARH,2001,Rabi,Niger seed,5520,1650,0.298913043
Odisha,SUNDARGARH,2001,Rabi,Other  Rabi pulses,3300,1190,0.360606061
Odisha,SUNDARGARH,2001,Rabi,Rapeseed &Mustard,1038,151.5,0.145953757
Odisha,SUNDARGARH,2001,Rabi,Safflower,120,100,0.833333333
Odisha,SUNDARGARH,2001,Rabi,Sunflower,540,590,1.092592593
Odisha,SUNDARGARH,2001,Rabi,Wheat,3435,5884.2,1.7130131
Odisha,SUNDARGARH,2001,Whole Year,Coriander,390,190,0.487179487
Odisha,SUNDARGARH,2001,Whole Year,Dry chillies,2600,2280,0.876923077
Odisha,SUNDARGARH,2001,Whole Year,Garlic,530,1640,3.094339623
Odisha,SUNDARGARH,2001,Whole Year,Onion,370,2810,7.594594595
Odisha,SUNDARGARH,2001,Whole Year,Potato,774,5647.9,7.297028424
Odisha,SUNDARGARH,2001,Whole Year,Sugarcane,77,5169.5,67.13636364
Odisha,SUNDARGARH,2001,Whole Year,Sweet potato,2370,20160,8.506329114
Odisha,SUNDARGARH,2001,Whole Year,Turmeric,890,210,0.235955056
Odisha,SUNDARGARH,2002,Kharif,Arhar/Tur,4160,2100,0.504807692
Odisha,SUNDARGARH,2002,Kharif,Bajra,40,30,0.75
Odisha,SUNDARGARH,2002,Kharif,Castor seed,250,80,0.32
Odisha,SUNDARGARH,2002,Kharif,Dry ginger,730,1380,1.890410959
Odisha,SUNDARGARH,2002,Kharif,Groundnut,872,612.9,0.702866972
Odisha,SUNDARGARH,2002,Kharif,Horse-gram,3615,690.5,0.191009682
Odisha,SUNDARGARH,2002,Kharif,Jowar,850,300,0.352941176
Odisha,SUNDARGARH,2002,Kharif,Maize,626,461.4,0.737060703
Odisha,SUNDARGARH,2002,Kharif,Moong(Green Gram),484,79,0.16322314
Odisha,SUNDARGARH,2002,Kharif,Other Kharif pulses,6360,3190,0.501572327
Odisha,SUNDARGARH,2002,Kharif,Ragi,562,166.9,0.296975089
Odisha,SUNDARGARH,2002,Kharif,Rice,226000,74000,0.327433628
Odisha,SUNDARGARH,2002,Kharif,Sesamum,2117,300.2,0.14180444
Odisha,SUNDARGARH,2002,Kharif,Small millets,1230,460,0.37398374
Odisha,SUNDARGARH,2002,Kharif,Urad,4511,754.3,0.167213478
Odisha,SUNDARGARH,2002,Rabi,Castor seed,310,80,0.258064516
Odisha,SUNDARGARH,2002,Rabi,Gram,2410,1210,0.502074689
Odisha,SUNDARGARH,2002,Rabi,Linseed,430,150,0.348837209
Odisha,SUNDARGARH,2002,Rabi,Niger seed,4700,1560,0.331914894
Odisha,SUNDARGARH,2002,Rabi,Other  Rabi pulses,2010,1060,0.527363184
Odisha,SUNDARGARH,2002,Rabi,Rapeseed &Mustard,671,118.8,0.17704918
Odisha,SUNDARGARH,2002,Rabi,Safflower,10,,
Odisha,SUNDARGARH,2002,Rabi,Sunflower,140,80,0.571428571
Odisha,SUNDARGARH,2002,Rabi,Wheat,1954,2598.4,1.329785056
Odisha,SUNDARGARH,2002,Whole Year,Coriander,380,180,0.473684211
Odisha,SUNDARGARH,2002,Whole Year,Dry chillies,3000,2550,0.85
Odisha,SUNDARGARH,2002,Whole Year,Garlic,480,1490,3.104166667
Odisha,SUNDARGARH,2002,Whole Year,Onion,1420,10780,7.591549296
Odisha,SUNDARGARH,2002,Whole Year,Potato,707,4341,6.140028289
Odisha,SUNDARGARH,2002,Whole Year,Sugarcane,357,24282.4,68.01792717
Odisha,SUNDARGARH,2002,Whole Year,Sweet potato,3120,24690,7.913461538
Odisha,SUNDARGARH,2002,Whole Year,Turmeric,720,1700,2.361111111
Odisha,SUNDARGARH,2003,Kharif,Arhar/Tur,4270,2480,0.580796253
Odisha,SUNDARGARH,2003,Kharif,Bajra,40,20,0.5
Odisha,SUNDARGARH,2003,Kharif,Castor seed,410,190,0.463414634
Odisha,SUNDARGARH,2003,Kharif,Dry ginger,530,1000,1.886792453
Odisha,SUNDARGARH,2003,Kharif,Groundnut,546,603.1,1.104578755
Odisha,SUNDARGARH,2003,Kharif,Horse-gram,4346,1408.1,0.32399908
Odisha,SUNDARGARH,2003,Kharif,Jowar,830,510,0.614457831
Odisha,SUNDARGARH,2003,Kharif,Maize,836,728.6,0.8715311
Odisha,SUNDARGARH,2003,Kharif,Moong(Green Gram),639,109.4,0.171205008
Odisha,SUNDARGARH,2003,Kharif,Other Kharif pulses,5510,2820,0.511796733
Odisha,SUNDARGARH,2003,Kharif,Ragi,580,240.2,0.414137931
Odisha,SUNDARGARH,2003,Kharif,Rice,242000,249000,1.02892562
Odisha,SUNDARGARH,2003,Kharif,Sesamum,2321,506.3,0.218138733
Odisha,SUNDARGARH,2003,Kharif,Small millets,1270,590,0.464566929
Odisha,SUNDARGARH,2003,Kharif,Sunflower,80,80,1
Odisha,SUNDARGARH,2003,Kharif,Urad,4627,964.1,0.208363951
Odisha,SUNDARGARH,2003,Rabi,Castor seed,110,30,0.272727273
Odisha,SUNDARGARH,2003,Rabi,Gram,2360,1450,0.61440678
Odisha,SUNDARGARH,2003,Rabi,Linseed,550,170,0.309090909
Odisha,SUNDARGARH,2003,Rabi,Masoor,530,230,0.433962264
Odisha,SUNDARGARH,2003,Rabi,Niger seed,3560,1040,0.292134831
Odisha,SUNDARGARH,2003,Rabi,Other  Rabi pulses,1550,740,0.477419355
Odisha,SUNDARGARH,2003,Rabi,Rapeseed &Mustard,1122,250.2,0.222994652
Odisha,SUNDARGARH,2003,Rabi,Safflower,60,20,0.333333333
Odisha,SUNDARGARH,2003,Rabi,Sunflower,170,80,0.470588235
Odisha,SUNDARGARH,2003,Rabi,Wheat,2086,3320.9,1.591994247
Odisha,SUNDARGARH,2003,Whole Year,Coriander,360,170,0.472222222
Odisha,SUNDARGARH,2003,Whole Year,Dry chillies,3200,2720,0.85
Odisha,SUNDARGARH,2003,Whole Year,Garlic,420,1320,3.142857143
Odisha,SUNDARGARH,2003,Whole Year,Onion,1380,10470,7.586956522
Odisha,SUNDARGARH,2003,Whole Year,Potato,716,5606.3,7.830027933
Odisha,SUNDARGARH,2003,Whole Year,Sugarcane,146,8887.9,60.8760274
Odisha,SUNDARGARH,2003,Whole Year,Sweet potato,3240,26640,8.222222222
Odisha,SUNDARGARH,2003,Whole Year,Turmeric,230,540,2.347826087
Odisha,SUNDARGARH,2004,Autumn,Groundnut,414,365.6,0.883091787
Odisha,SUNDARGARH,2004,Autumn,Maize,773,702.7,0.909055627
Odisha,SUNDARGARH,2004,Autumn,Moong(Green Gram),65,8.6,0.132307692
Odisha,SUNDARGARH,2004,Autumn,Ragi,225,111.4,0.495111111
Odisha,SUNDARGARH,2004,Autumn,Rice,103000,79000,0.766990291
Odisha,SUNDARGARH,2004,Autumn,Sesamum,55,6.5,0.118181818
Odisha,SUNDARGARH,2004,Autumn,Urad,2782,639.9,0.230014378
Odisha,SUNDARGARH,2004,Kharif,Bajra,43,23,0.534883721
Odisha,SUNDARGARH,2004,Kharif,Castor seed,348,120,0.344827586
Odisha,SUNDARGARH,2004,Kharif,Dry ginger,552,1044,1.891304348
Odisha,SUNDARGARH,2004,Kharif,Jowar,792,393,0.496212121
Odisha,SUNDARGARH,2004,Kharif,Small millets,1310,603,0.460305344
Odisha,SUNDARGARH,2004,Rabi,Castor seed,165,40,0.242424242
Odisha,SUNDARGARH,2004,Rabi,Gram,2661,1644,0.617812852
Odisha,SUNDARGARH,2004,Rabi,Linseed,640,213,0.3328125
Odisha,SUNDARGARH,2004,Rabi,Masoor,675,290,0.42962963
Odisha,SUNDARGARH,2004,Rabi,Niger seed,1342,290,0.21609538
Odisha,SUNDARGARH,2004,Rabi,Other  Rabi pulses,2019,999,0.494799406
Odisha,SUNDARGARH,2004,Rabi,Safflower,15,5,0.333333333
Odisha,SUNDARGARH,2004,Rabi,Sunflower,336,175,0.520833333
Odisha,SUNDARGARH,2004,Summer,Groundnut,677,739.3,1.092023634
Odisha,SUNDARGARH,2004,Summer,Maize,5,5.2,1.04
Odisha,SUNDARGARH,2004,Summer,Moong(Green Gram),162,42.3,0.261111111
Odisha,SUNDARGARH,2004,Summer,Rice,4000,6000,1.5
Odisha,SUNDARGARH,2004,Summer,Sesamum,46,12.8,0.27826087
Odisha,SUNDARGARH,2004,Summer,Urad,11,5.4,0.490909091
Odisha,SUNDARGARH,2004,Summer,Wheat,1625,2363.7,1.454584615
Odisha,SUNDARGARH,2004,Whole Year,Coriander,389,188,0.483290488
Odisha,SUNDARGARH,2004,Whole Year,Dry chillies,3320,2820,0.84939759
Odisha,SUNDARGARH,2004,Whole Year,Garlic,434,1342,3.092165899
Odisha,SUNDARGARH,2004,Whole Year,Onion,1405,10665,7.590747331
Odisha,SUNDARGARH,2004,Whole Year,Sweet potato,3219,26495,8.230817024
Odisha,SUNDARGARH,2004,Whole Year,Turmeric,242,571,2.359504132
Odisha,SUNDARGARH,2004,Winter,Horse-gram,4505,1477.6,0.327991121
Odisha,SUNDARGARH,2004,Winter,Moong(Green Gram),75,17.7,0.236
Odisha,SUNDARGARH,2004,Winter,Potato,742,4863.8,6.554986523
Odisha,SUNDARGARH,2004,Winter,Ragi,21,8,0.380952381
Odisha,SUNDARGARH,2004,Winter,Rapeseed &Mustard,1325,288.9,0.218037736
Odisha,SUNDARGARH,2004,Winter,Rice,126000,160000,1.26984127
Odisha,SUNDARGARH,2004,Winter,Sesamum,3311,930.4,0.281002718
Odisha,SUNDARGARH,2004,Winter,Sugarcane,30,2201.4,73.38
Odisha,SUNDARGARH,2004,Winter,Urad,269,47.6,0.176951673
Odisha,SUNDARGARH,2005,Autumn,Groundnut,402,348.5,0.866915423
Odisha,SUNDARGARH,2005,Autumn,Maize,562,580.6,1.033096085
Odisha,SUNDARGARH,2005,Autumn,Moong(Green Gram),169,29.1,0.172189349
Odisha,SUNDARGARH,2005,Autumn,Ragi,202,114.7,0.567821782
Odisha,SUNDARGARH,2005,Autumn,Rice,88000,69000,0.784090909
Odisha,SUNDARGARH,2005,Autumn,Sesamum,44,6.8,0.154545455
Odisha,SUNDARGARH,2005,Autumn,Urad,2310,503.6,0.218008658
Odisha,SUNDARGARH,2005,Summer,Groundnut,61,71.8,1.17704918
Odisha,SUNDARGARH,2005,Summer,Maize,3,4,1.333333333
Odisha,SUNDARGARH,2005,Summer,Moong(Green Gram),32,9.6,0.3
Odisha,SUNDARGARH,2005,Summer,Rice,1000,2000,2
Odisha,SUNDARGARH,2005,Summer,Sesamum,2,0.3,0.15
Odisha,SUNDARGARH,2005,Summer,Wheat,755,1245,1.649006623
Odisha,SUNDARGARH,2005,Winter,Groundnut,29,35.3,1.217241379
Odisha,SUNDARGARH,2005,Winter,Horse-gram,4088,1422.6,0.347994129
Odisha,SUNDARGARH,2005,Winter,Maize,1,1.5,1.5
Odisha,SUNDARGARH,2005,Winter,Moong(Green Gram),62,19.1,0.308064516
Odisha,SUNDARGARH,2005,Winter,Potato,643,3919.1,6.095023328
Odisha,SUNDARGARH,2005,Winter,Ragi,16,9.4,0.5875
Odisha,SUNDARGARH,2005,Winter,Rapeseed &Mustard,720,166.3,0.230972222
Odisha,SUNDARGARH,2005,Winter,Rice,123000,170000,1.382113821
Odisha,SUNDARGARH,2005,Winter,Sesamum,2227,594.6,0.266995959
Odisha,SUNDARGARH,2005,Winter,Sugarcane,20,972.4,48.62
Odisha,SUNDARGARH,2005,Winter,Urad,190,73.5,0.386842105
Odisha,SUNDARGARH,2006,Autumn,Groundnut,665,700.2,1.052932331
Odisha,SUNDARGARH,2006,Autumn,Maize,665,706.9,1.063007519
Odisha,SUNDARGARH,2006,Autumn,Moong(Green Gram),109,20.1,0.18440367
Odisha,SUNDARGARH,2006,Autumn,Ragi,386,234.3,0.606994819
Odisha,SUNDARGARH,2006,Autumn,Rice,101000,92000,0.910891089
Odisha,SUNDARGARH,2006,Autumn,Sesamum,20,3.8,0.19
Odisha,SUNDARGARH,2006,Autumn,Urad,2752,853.1,0.309992733
Odisha,SUNDARGARH,2006,Summer,Groundnut,63,79.3,1.258730159
Odisha,SUNDARGARH,2006,Summer,Maize,4,6.7,1.675
Odisha,SUNDARGARH,2006,Summer,Moong(Green Gram),85,23.5,0.276470588
Odisha,SUNDARGARH,2006,Summer,Rice,1000,2000,2
Odisha,SUNDARGARH,2006,Summer,Sesamum,6,1.9,0.316666667
Odisha,SUNDARGARH,2006,Summer,Wheat,988,1785,1.806680162
Odisha,SUNDARGARH,2006,Winter,Groundnut,24,21.6,0.9
Odisha,SUNDARGARH,2006,Winter,Horse-gram,4698,1921.5,0.409003831
Odisha,SUNDARGARH,2006,Winter,Moong(Green Gram),50,13,0.26
Odisha,SUNDARGARH,2006,Winter,Potato,579,4155.5,7.177029361
Odisha,SUNDARGARH,2006,Winter,Ragi,11,6.6,0.6
Odisha,SUNDARGARH,2006,Winter,Rapeseed &Mustard,691,154.8,0.224023155
Odisha,SUNDARGARH,2006,Winter,Rice,122000,179000,1.467213115
Odisha,SUNDARGARH,2006,Winter,Sesamum,3665,1062.9,0.290013643
Odisha,SUNDARGARH,2006,Winter,Sugarcane,69,4840.8,70.15652174
Odisha,SUNDARGARH,2006,Winter,Urad,134,34.4,0.256716418
Odisha,SUNDARGARH,2007,Autumn,Groundnut,994,1037.7,1.043963783
Odisha,SUNDARGARH,2007,Autumn,Maize,708,902.4,1.274576271
Odisha,SUNDARGARH,2007,Autumn,Moong(Green Gram),146,29.5,0.202054795
Odisha,SUNDARGARH,2007,Autumn,Ragi,336,180.8,0.538095238
Odisha,SUNDARGARH,2007,Autumn,Rice,96000,110000,1.145833333
Odisha,SUNDARGARH,2007,Autumn,Sesamum,17,4,0.235294118
Odisha,SUNDARGARH,2007,Autumn,Urad,3369,1128.6,0.334995548
Odisha,SUNDARGARH,2007,Summer,Groundnut,305,492.6,1.615081967
Odisha,SUNDARGARH,2007,Summer,Maize,14,14.6,1.042857143
Odisha,SUNDARGARH,2007,Summer,Moong(Green Gram),259,72,0.277992278
Odisha,SUNDARGARH,2007,Summer,Rice,2000,4000,2
Odisha,SUNDARGARH,2007,Summer,Sesamum,34,12.9,0.379411765
Odisha,SUNDARGARH,2007,Summer,Urad,2,,
Odisha,SUNDARGARH,2007,Summer,Wheat,1737,3293.4,1.896027634
Odisha,SUNDARGARH,2007,Winter,Groundnut,10,9.8,0.98
Odisha,SUNDARGARH,2007,Winter,Horse-gram,4024,1344,0.333996024
Odisha,SUNDARGARH,2007,Winter,Moong(Green Gram),48,11.6,0.241666667
Odisha,SUNDARGARH,2007,Winter,Potato,686,4938.5,7.198979592
Odisha,SUNDARGARH,2007,Winter,Ragi,18,9,0.5
Odisha,SUNDARGARH,2007,Winter,Rapeseed &Mustard,1085,289.7,0.267004608
Odisha,SUNDARGARH,2007,Winter,Rice,118000,187000,1.584745763
Odisha,SUNDARGARH,2007,Winter,Sesamum,2422,738.7,0.304995871
Odisha,SUNDARGARH,2007,Winter,Sugarcane,167,10768.2,64.48023952
Odisha,SUNDARGARH,2007,Winter,Urad,111,34.4,0.30990991
Odisha,SUNDARGARH,2008,Autumn,Groundnut,954,990.3,1.038050314
Odisha,SUNDARGARH,2008,Autumn,Maize,473,526,1.11205074
Odisha,SUNDARGARH,2008,Autumn,Moong(Green Gram),89,15,0.168539326
Odisha,SUNDARGARH,2008,Autumn,Ragi,357,248.1,0.694957983
Odisha,SUNDARGARH,2008,Autumn,Rice,96000,106000,1.104166667
Odisha,SUNDARGARH,2008,Autumn,Sesamum,4,0.9,0.225
Odisha,SUNDARGARH,2008,Autumn,Urad,2840,886.1,0.312007042
Odisha,SUNDARGARH,2008,Summer,Groundnut,159,205,1.289308176
Odisha,SUNDARGARH,2008,Summer,Moong(Green Gram),63,24.1,0.382539683
Odisha,SUNDARGARH,2008,Summer,Rice,1000,3000,3
Odisha,SUNDARGARH,2008,Summer,Sesamum,8,2.2,0.275
Odisha,SUNDARGARH,2008,Summer,Wheat,1448,2618,1.80801105
Odisha,SUNDARGARH,2008,Winter,Groundnut,4,6,1.5
Odisha,SUNDARGARH,2008,Winter,Horse-gram,3767,1284.5,0.340987523
Odisha,SUNDARGARH,2008,Winter,Maize,9,31.8,3.533333333
Odisha,SUNDARGARH,2008,Winter,Moong(Green Gram),24,7.2,0.3
Odisha,SUNDARGARH,2008,Winter,Potato,579,4757.1,8.216062176
Odisha,SUNDARGARH,2008,Winter,Ragi,2,0.9,0.45
Odisha,SUNDARGARH,2008,Winter,Rapeseed &Mustard,1006,282.7,0.281013917
Odisha,SUNDARGARH,2008,Winter,Rice,121000,187000,1.545454545
Odisha,SUNDARGARH,2008,Winter,Sesamum,2161,695.8,0.321980565
Odisha,SUNDARGARH,2008,Winter,Sugarcane,13,733.7,56.43846154
Odisha,SUNDARGARH,2008,Winter,Urad,103,28.9,0.280582524
Odisha,SUNDARGARH,2009,Autumn,Groundnut,943,881.7,0.934994698
Odisha,SUNDARGARH,2009,Autumn,Maize,439,510.4,1.162642369
Odisha,SUNDARGARH,2009,Autumn,Moong(Green Gram),91,22.2,0.243956044
Odisha,SUNDARGARH,2009,Autumn,Ragi,222,126.8,0.571171171
Odisha,SUNDARGARH,2009,Autumn,Rice,88000,51000,0.579545455
Odisha,SUNDARGARH,2009,Autumn,Sesamum,51,16.5,0.323529412
Odisha,SUNDARGARH,2009,Autumn,Urad,2937,754.8,0.256996936
Odisha,SUNDARGARH,2009,Summer,Groundnut,57,73.8,1.294736842
Odisha,SUNDARGARH,2009,Summer,Moong(Green Gram),172,44.2,0.256976744
Odisha,SUNDARGARH,2009,Summer,Sesamum,15,2.9,0.193333333
Odisha,SUNDARGARH,2009,Summer,Wheat,1046,1733.2,1.656978967
Odisha,SUNDARGARH,2009,Winter,Groundnut,27,16.2,0.6
Odisha,SUNDARGARH,2009,Winter,Horse-gram,3334,1003.5,0.300989802
Odisha,SUNDARGARH,2009,Winter,Maize,1,1.1,1.1
Odisha,SUNDARGARH,2009,Winter,Moong(Green Gram),28,9.2,0.328571429
Odisha,SUNDARGARH,2009,Winter,Potato,443,3350,7.562076749
Odisha,SUNDARGARH,2009,Winter,Ragi,8,2.9,0.3625
Odisha,SUNDARGARH,2009,Winter,Rapeseed &Mustard,947,214,0.225976769
Odisha,SUNDARGARH,2009,Winter,Rice,118000,94000,0.796610169
Odisha,SUNDARGARH,2009,Winter,Sesamum,1883,459.5,0.244025491
Odisha,SUNDARGARH,2009,Winter,Sugarcane,3,169.8,56.6
Odisha,SUNDARGARH,2009,Winter,Urad,55,14.1,0.256363636
Odisha,SUNDARGARH,2010,Autumn,Groundnut,1175,991.7,0.844
Odisha,SUNDARGARH,2010,Autumn,Maize,1133,1723.1,1.520829656
Odisha,SUNDARGARH,2010,Autumn,Moong(Green Gram),98,21.4,0.218367347
Odisha,SUNDARGARH,2010,Autumn,Ragi,214,105.5,0.492990654
Odisha,SUNDARGARH,2010,Autumn,Rice,93000,30000,0.322580645
Odisha,SUNDARGARH,2010,Autumn,Sesamum,38,6.4,0.168421053
Odisha,SUNDARGARH,2010,Autumn,Urad,4476,913.1,0.203999106
Odisha,SUNDARGARH,2010,Summer,Groundnut,103,173.8,1.687378641
Odisha,SUNDARGARH,2010,Summer,Maize,1,1.7,1.7
Odisha,SUNDARGARH,2010,Summer,Moong(Green Gram),19,5.7,0.3
Odisha,SUNDARGARH,2010,Summer,Rice,1000,,
Odisha,SUNDARGARH,2010,Summer,Sesamum,25,6.2,0.248
Odisha,SUNDARGARH,2010,Summer,Wheat,806,1412.7,1.752729529
Odisha,SUNDARGARH,2010,Winter,Horse-gram,3224,999.4,0.309987593
Odisha,SUNDARGARH,2010,Winter,Moong(Green Gram),79,17.6,0.22278481
Odisha,SUNDARGARH,2010,Winter,Potato,498,3995.5,8.023092369
Odisha,SUNDARGARH,2010,Winter,Ragi,7,2.9,0.414285714
Odisha,SUNDARGARH,2010,Winter,Rapeseed &Mustard,765,178.2,0.232941176
Odisha,SUNDARGARH,2010,Winter,Rice,118000,108000,0.915254237
Odisha,SUNDARGARH,2010,Winter,Sesamum,3179,702.6,0.221012897
Odisha,SUNDARGARH,2010,Winter,Sugarcane,11,1023.4,93.03636364
Odisha,SUNDARGARH,2010,Winter,Urad,48,11.1,0.23125
Odisha,SUNDARGARH,2011,Autumn,Groundnut,944,856.2,0.906991525
Odisha,SUNDARGARH,2011,Autumn,Maize,584,820.9,1.405650685
Odisha,SUNDARGARH,2011,Autumn,Moong(Green Gram),88,12.1,0.1375
Odisha,SUNDARGARH,2011,Autumn,Ragi,161,96.6,0.6
Odisha,SUNDARGARH,2011,Autumn,Rice,78000,92000,1.179487179
Odisha,SUNDARGARH,2011,Autumn,Sesamum,9,2,0.222222222
Odisha,SUNDARGARH,2011,Autumn,Urad,2936,704.6,0.239986376
Odisha,SUNDARGARH,2011,Summer,Groundnut,510,959.3,1.880980392
Odisha,SUNDARGARH,2011,Summer,Moong(Green Gram),92,34.3,0.372826087
Odisha,SUNDARGARH,2011,Summer,Rice,2000,3000,1.5
Odisha,SUNDARGARH,2011,Summer,Sesamum,74,24.4,0.32972973
Odisha,SUNDARGARH,2011,Summer,Wheat,517,1000.2,1.934622824
Odisha,SUNDARGARH,2011,Winter,Groundnut,4,2.4,0.6
Odisha,SUNDARGARH,2011,Winter,Horse-gram,2807,850.5,0.302992519
Odisha,SUNDARGARH,2011,Winter,Maize,2,1.3,0.65
Odisha,SUNDARGARH,2011,Winter,Moong(Green Gram),17,3.8,0.223529412
Odisha,SUNDARGARH,2011,Winter,Niger seed,132,21,0.159090909
Odisha,SUNDARGARH,2011,Winter,Potato,493,4078.1,8.272008114
Odisha,SUNDARGARH,2011,Winter,Ragi,6,3.3,0.55
Odisha,SUNDARGARH,2011,Winter,Rapeseed &Mustard,686,195.5,0.284985423
Odisha,SUNDARGARH,2011,Winter,Rice,113000,246000,2.17699115
Odisha,SUNDARGARH,2011,Winter,Sesamum,1708,449.2,0.262997658
Odisha,SUNDARGARH,2011,Winter,Sugarcane,20,1084.6,54.23
Odisha,SUNDARGARH,2011,Winter,Urad,110,31.2,0.283636364
Odisha,SUNDARGARH,2012,Autumn,Groundnut,593,562.2,0.948060708
Odisha,SUNDARGARH,2012,Autumn,Maize,676,1060.4,1.568639053
Odisha,SUNDARGARH,2012,Autumn,Moong(Green Gram),38,9.5,0.25
Odisha,SUNDARGARH,2012,Autumn,Ragi,33,20.2,0.612121212
Odisha,SUNDARGARH,2012,Autumn,Rice,84000,156000,1.857142857
Odisha,SUNDARGARH,2012,Autumn,Sesamum,12,2.7,0.225
Odisha,SUNDARGARH,2012,Autumn,Urad,2776,746.7,0.26898415
Odisha,SUNDARGARH,2012,Summer,Groundnut,28,48.1,1.717857143
Odisha,SUNDARGARH,2012,Summer,Maize,9,16.2,1.8
Odisha,SUNDARGARH,2012,Summer,Moong(Green Gram),9,3.1,0.344444444
Odisha,SUNDARGARH,2012,Summer,Rice,472000,2000,0.004237288
Odisha,SUNDARGARH,2012,Summer,Sesamum,1,0.1,0.1
Odisha,SUNDARGARH,2012,Summer,Wheat,515,1104.3,2.144271845
Odisha,SUNDARGARH,2012,Winter,Horse-gram,2476,1158.8,0.468012924
Odisha,SUNDARGARH,2012,Winter,Moong(Green Gram),36,12.9,0.358333333
Odisha,SUNDARGARH,2012,Winter,Potato,554,4917.9,8.877075812
Odisha,SUNDARGARH,2012,Winter,Ragi,2,1.4,0.7
Odisha,SUNDARGARH,2012,Winter,Rapeseed &Mustard,1444,517,0.358033241
Odisha,SUNDARGARH,2012,Winter,Rice,119000,316000,2.655462185
Odisha,SUNDARGARH,2012,Winter,Sesamum,1006,286.7,0.28499006
Odisha,SUNDARGARH,2012,Winter,Sugarcane,21,2105.3,100.252381
Odisha,SUNDARGARH,2012,Winter,Urad,118,43.9,0.372033898
Odisha,SUNDARGARH,2013,Autumn,Groundnut,652,749.8,1.15
Odisha,SUNDARGARH,2013,Autumn,Maize,612,1136.8,1.85751634
Odisha,SUNDARGARH,2013,Autumn,Moong(Green Gram),50,12.3,0.246
Odisha,SUNDARGARH,2013,Autumn,Ragi,67,32.7,0.488059701
Odisha,SUNDARGARH,2013,Autumn,Rice,86000,131000,1.523255814
Odisha,SUNDARGARH,2013,Autumn,Sesamum,72,17.5,0.243055556
Odisha,SUNDARGARH,2013,Autumn,Urad,1531,427.1,0.278967995
Odisha,SUNDARGARH,2013,Summer,Groundnut,213,320.4,1.504225352
Odisha,SUNDARGARH,2013,Summer,Maize,2,4.1,2.05
Odisha,SUNDARGARH,2013,Summer,Moong(Green Gram),126,41.6,0.33015873
Odisha,SUNDARGARH,2013,Summer,Rice,2000,5000,2.5
Odisha,SUNDARGARH,2013,Summer,Wheat,251,438.2,1.745816733
Odisha,SUNDARGARH,2013,Winter,Horse-gram,2433,1126.5,0.463008631
Odisha,SUNDARGARH,2013,Winter,Moong(Green Gram),37,15.8,0.427027027
Odisha,SUNDARGARH,2013,Winter,Potato,541,4542.8,8.397042514
Odisha,SUNDARGARH,2013,Winter,Rapeseed &Mustard,1090,352.1,0.323027523
Odisha,SUNDARGARH,2013,Winter,Rice,123000,276000,2.243902439
Odisha,SUNDARGARH,2013,Winter,Sesamum,1105,361.3,0.326968326
Odisha,SUNDARGARH,2013,Winter,Sugarcane,86,7052,82
Odisha,SUNDARGARH,2013,Winter,Urad,219,99.9,0.456164384
Odisha,SUNDARGARH,2014,Autumn,Groundnut,356,444.3,1.248033708
Odisha,SUNDARGARH,2014,Autumn,Maize,456,925.6,2.029824561
Odisha,SUNDARGARH,2014,Autumn,Moong(Green Gram),24,6.4,0.266666667
Odisha,SUNDARGARH,2014,Autumn,Ragi,41,31.3,0.763414634
Odisha,SUNDARGARH,2014,Autumn,Rice,77000,150000,1.948051948
Odisha,SUNDARGARH,2014,Autumn,Urad,1006,310.9,0.309045726
Odisha,SUNDARGARH,2014,Summer,Groundnut,208,387.1,1.861057692
Odisha,SUNDARGARH,2014,Summer,Maize,1,2.8,2.8
Odisha,SUNDARGARH,2014,Summer,Moong(Green Gram),34,16.5,0.485294118
Odisha,SUNDARGARH,2014,Summer,Rice,1000,2000,2
Odisha,SUNDARGARH,2014,Summer,Sesamum,90,29.3,0.325555556
Odisha,SUNDARGARH,2014,Summer,Wheat,208,340.9,1.638942308
Odisha,SUNDARGARH,2014,Winter,Groundnut,90,69,0.766666667
Odisha,SUNDARGARH,2014,Winter,Horse-gram,2754,1200.7,0.435984023
Odisha,SUNDARGARH,2014,Winter,Moong(Green Gram),13,4.5,0.346153846
Odisha,SUNDARGARH,2014,Winter,Potato,1011,8428.7,8.336993076
Odisha,SUNDARGARH,2014,Winter,Rapeseed &Mustard,865,290.6,0.335953757
Odisha,SUNDARGARH,2014,Winter,Rice,118000,345000,2.923728814
Odisha,SUNDARGARH,2014,Winter,Sesamum,1682,661,0.392984542
Odisha,SUNDARGARH,2014,Winter,Sugarcane,11,1029.6,93.6
Odisha,SUNDARGARH,2014,Winter,Urad,478,186.9,0.391004184
Odisha,SUNDARGARH,2015,Autumn,Groundnut,200,191.8,0.959
Odisha,SUNDARGARH,2015,Autumn,Maize,539,1214.1,2.252504638
Odisha,SUNDARGARH,2015,Autumn,Moong(Green Gram),17,5.1,0.3
Odisha,SUNDARGARH,2015,Autumn,Ragi,11,7.3,0.663636364
Odisha,SUNDARGARH,2015,Autumn,Rice,80000,71000,0.8875
Odisha,SUNDARGARH,2015,Autumn,Sesamum,1,0.2,0.2
Odisha,SUNDARGARH,2015,Autumn,Urad,936,219,0.233974359
Odisha,SUNDARGARH,2015,Summer,Groundnut,77,108.4,1.407792208
Odisha,SUNDARGARH,2015,Summer,Maize,3,6.9,2.3
Odisha,SUNDARGARH,2015,Summer,Moong(Green Gram),249,90.4,0.363052209
Odisha,SUNDARGARH,2015,Summer,Rice,1000,1000,1
Odisha,SUNDARGARH,2015,Summer,Sesamum,20,6.7,0.335
Odisha,SUNDARGARH,2015,Summer,Wheat,140,191.2,1.365714286
Odisha,SUNDARGARH,2015,Winter,Horse-gram,2550,680.9,0.267019608
Odisha,SUNDARGARH,2015,Winter,Maize,3,12.9,4.3
Odisha,SUNDARGARH,2015,Winter,Moong(Green Gram),7,2,0.285714286
Odisha,SUNDARGARH,2015,Winter,Potato,411,2824.4,6.872019465
Odisha,SUNDARGARH,2015,Winter,Ragi,1,0.2,0.2
Odisha,SUNDARGARH,2015,Winter,Rapeseed &Mustard,405,111.4,0.275061728
Odisha,SUNDARGARH,2015,Winter,Rice,114000,156000,1.368421053
Odisha,SUNDARGARH,2015,Winter,Sesamum,1214,275.6,0.227018122
Odisha,SUNDARGARH,2015,Winter,Sugarcane,17,1173.9,69.05294118
Odisha,SUNDARGARH,2015,Winter,Urad,165,52,0.315151515
Puducherry,KARAIKAL,1998,Kharif,Dry chillies,2,5,2.5
Puducherry,KARAIKAL,1998,Kharif,Rice,909,2215,2.436743674
Puducherry,KARAIKAL,1998,Kharif,Sesamum,44,20,0.454545455
Puducherry,KARAIKAL,1998,Kharif,Sugarcane,84,6656,79.23809524
Puducherry,KARAIKAL,1998,Rabi,Groundnut,52,55,1.057692308
Puducherry,KARAIKAL,1998,Rabi,Rice,7550,14556,1.92794702
Puducherry,KARAIKAL,1998,Summer,Cotton(lint),288,220,0.763888889
Puducherry,KARAIKAL,1998,Summer,Rice,153,383,2.503267974
Puducherry,KARAIKAL,1999,Kharif,Bajra,170,470,2.764705882
Puducherry,KARAIKAL,1999,Kharif,Cotton(lint),168,876,5.214285714
Puducherry,KARAIKAL,1999,Kharif,Dry ginger,34,21,0.617647059
Puducherry,KARAIKAL,1999,Kharif,Groundnut,38,53,1.394736842
Puducherry,KARAIKAL,1999,Kharif,Jowar,3,3,1
Puducherry,KARAIKAL,1999,Kharif,Rice,8533,16642,1.950310559
Puducherry,KARAIKAL,1999,Rabi,Moong(Green Gram),71,44,0.61971831
Puducherry,KARAIKAL,1999,Rabi,Other  Rabi pulses,1,1,1
Puducherry,KARAIKAL,1999,Rabi,Rapeseed &Mustard,15,68,4.533333333
Puducherry,KARAIKAL,1999,Rabi,Urad,3021,2341,0.774908971
Puducherry,KARAIKAL,1999,Whole Year,Banana,12,300,25
Puducherry,KARAIKAL,1999,Whole Year,Cashewnut,7,4,0.571428571
Puducherry,KARAIKAL,1999,Whole Year,Coconut,222,3663000,16500
Puducherry,KARAIKAL,1999,Whole Year,Dry chillies,2,7,3.5
Puducherry,KARAIKAL,1999,Whole Year,Sugarcane,55,4455,81
Puducherry,KARAIKAL,1999,Whole Year,Tapioca,1,15,15
Puducherry,KARAIKAL,2000,Kharif,Cotton(lint),183,953,5.207650273
Puducherry,KARAIKAL,2000,Kharif,Dry ginger,103,52,0.504854369
Puducherry,KARAIKAL,2000,Kharif,Groundnut,1142,2112,1.84938704
Puducherry,KARAIKAL,2000,Kharif,Jowar,6,6,1
Puducherry,KARAIKAL,2000,Kharif,Moong(Green Gram),85,49,0.576470588
Puducherry,KARAIKAL,2000,Kharif,Ragi,125,276,2.208
Puducherry,KARAIKAL,2000,Kharif,Rice,16647,40159,2.412386616
Puducherry,KARAIKAL,2000,Kharif,Urad,224,224,1
Puducherry,KARAIKAL,2000,Rabi,Moong(Green Gram),2246,1258,0.560106857
Puducherry,KARAIKAL,2000,Rabi,Rapeseed &Mustard,15,68,4.533333333
Puducherry,KARAIKAL,2000,Rabi,Urad,3147,1888,0.599936447
Puducherry,KARAIKAL,2000,Whole Year,Banana,11,308,28
Puducherry,KARAIKAL,2000,Whole Year,Cashewnut,7,4,0.571428571
Puducherry,KARAIKAL,2000,Whole Year,Coconut,223,4014000,18000
Puducherry,KARAIKAL,2000,Whole Year,Dry chillies,1,2,2
Puducherry,KARAIKAL,2000,Whole Year,Sugarcane,27,2187,81
Puducherry,KARAIKAL,2001,Kharif,Cotton(lint),380,1900,5
Puducherry,KARAIKAL,2001,Kharif,Dry ginger,38,4,0.105263158
Puducherry,KARAIKAL,2001,Kharif,Groundnut,50,40,0.8
Puducherry,KARAIKAL,2001,Kharif,Rice,8593,17646,2.053531945
Puducherry,KARAIKAL,2001,Rabi,Moong(Green Gram),205,0,0
Puducherry,KARAIKAL,2001,Rabi,Rapeseed &Mustard,14,63,4.5
Puducherry,KARAIKAL,2001,Rabi,Urad,451,0,0
Puducherry,KARAIKAL,2001,Whole Year,Banana,10,300,30
Puducherry,KARAIKAL,2001,Whole Year,Cashewnut,7,4,0.571428571
Puducherry,KARAIKAL,2001,Whole Year,Coconut,213,2130000,10000
Puducherry,KARAIKAL,2001,Whole Year,Sugarcane,22,1980,90
Puducherry,KARAIKAL,2002,Kharif,Cotton(lint),193,994,5.150259067
Puducherry,KARAIKAL,2002,Kharif,Rice,6619,7315,1.105151836
Puducherry,KARAIKAL,2002,Rabi,Moong(Green Gram),717,37,0.051603905
Puducherry,KARAIKAL,2002,Rabi,Urad,461,27,0.05856833
Puducherry,KARAIKAL,2002,Whole Year,Banana,14,350,25
Puducherry,KARAIKAL,2002,Whole Year,Brinjal,4,52,13
Puducherry,KARAIKAL,2002,Whole Year,Cashewnut,6,4,0.666666667
Puducherry,KARAIKAL,2002,Whole Year,Coconut,214,2675000,12500
Puducherry,KARAIKAL,2002,Whole Year,Mango,38,456,12
Puducherry,KARAIKAL,2002,Whole Year,Sugarcane,24,1956,81.5
Puducherry,KARAIKAL,2003,Kharif,Cotton(lint),287,918,3.198606272
Puducherry,KARAIKAL,2003,Kharif,Dry ginger,38,4,0.105263158
Puducherry,KARAIKAL,2003,Kharif,Rice,5937,12725,2.143338386
Puducherry,KARAIKAL,2003,Rabi,Moong(Green Gram),894,143,0.159955257
Puducherry,KARAIKAL,2003,Rabi,Urad,885,164,0.185310734
Puducherry,KARAIKAL,2003,Whole Year,Banana,13,332,25.53846154
Puducherry,KARAIKAL,2003,Whole Year,Brinjal,1,10,10
Puducherry,KARAIKAL,2003,Whole Year,Cashewnut,7,5,0.714285714
Puducherry,KARAIKAL,2003,Whole Year,Coconut,208,2434000,11701.92308
Puducherry,KARAIKAL,2003,Whole Year,Dry chillies,2,4,2
Puducherry,KARAIKAL,2003,Whole Year,Mango,35,455,13
Puducherry,KARAIKAL,2003,Whole Year,Sugarcane,23,564,24.52173913
Puducherry,KARAIKAL,2004,Autumn,Rice,772,1423,1.843264249
Puducherry,KARAIKAL,2004,Kharif,Cotton(lint),408,277,0.678921569
Puducherry,KARAIKAL,2004,Kharif,Groundnut,33,10,0.303030303
Puducherry,KARAIKAL,2004,Kharif,Ragi,1,1,1
Puducherry,KARAIKAL,2004,Kharif,Sesamum,17,1,0.058823529
Puducherry,KARAIKAL,2004,Rabi,Moong(Green Gram),1474,354,0.240162822
Puducherry,KARAIKAL,2004,Rabi,Urad,1444,289,0.200138504
Puducherry,KARAIKAL,2004,Whole Year,Banana,13,520,40
Puducherry,KARAIKAL,2004,Whole Year,Cashewnut,7,4,0.571428571
Puducherry,KARAIKAL,2004,Whole Year,Coconut,209,2090000,10000
Puducherry,KARAIKAL,2004,Whole Year,Dry chillies,1,2,2
Puducherry,KARAIKAL,2004,Whole Year,Sugarcane,22,1115,50.68181818
Puducherry,KARAIKAL,2004,Winter,Rice,6127,8382,1.368043088
Puducherry,KARAIKAL,2005,Autumn,Rice,565,1189,2.104424779
Puducherry,KARAIKAL,2005,Kharif,Cotton(lint),117,77,0.658119658
Puducherry,KARAIKAL,2005,Kharif,Groundnut,28,48,1.714285714
Puducherry,KARAIKAL,2005,Kharif,Sesamum,37,10,0.27027027
Puducherry,KARAIKAL,2005,Rabi,Moong(Green Gram),1599,429,0.268292683
Puducherry,KARAIKAL,2005,Rabi,Urad,1431,411,0.28721174
Puducherry,KARAIKAL,2005,Summer,Rice,6,7,1.166666667
Puducherry,KARAIKAL,2005,Whole Year,Banana,13,260,20
Puducherry,KARAIKAL,2005,Whole Year,Coconut,212,1272000,6000
Puducherry,KARAIKAL,2005,Whole Year,Dry chillies,1,2,2
Puducherry,KARAIKAL,2005,Whole Year,Sugarcane,25,1875,75
Puducherry,KARAIKAL,2005,Winter,Rice,5988,9707,1.621075484
Puducherry,KARAIKAL,2006,Kharif,Banana,15,296,19.73333333
Puducherry,KARAIKAL,2006,Kharif,Rice,653,1644,2.517611026
Puducherry,KARAIKAL,2006,Kharif,Sugarcane,20,1409,70.45
Puducherry,KARAIKAL,2006,Rabi,Groundnut,25,28,1.12
Puducherry,KARAIKAL,2006,Rabi,Rice,6135,14969,2.4399348
Puducherry,KARAIKAL,2006,Rabi,Sesamum,22,6,0.272727273
Puducherry,KARAIKAL,2006,Summer,Cotton(lint),45,30,0.666666667
Puducherry,KARAIKAL,2006,Summer,Dry chillies,1,2,2
Puducherry,KARAIKAL,2007,Kharif,Banana,15,300,20
Puducherry,KARAIKAL,2007,Kharif,Ragi,1,1,1
Puducherry,KARAIKAL,2007,Kharif,Rice,556,1417,2.548561151
Puducherry,KARAIKAL,2007,Kharif,Sugarcane,17,1275,75
Puducherry,KARAIKAL,2007,Kharif,Sunflower,1,1,1
Puducherry,KARAIKAL,2007,Rabi,Groundnut,1,1,1
Puducherry,KARAIKAL,2007,Rabi,Rice,5892,12900,2.189409369
Puducherry,KARAIKAL,2007,Summer,Cotton(lint),38,14,0.368421053
Puducherry,KARAIKAL,2007,Summer,Dry chillies,1,1,1
Puducherry,KARAIKAL,2007,Summer,Groundnut,20,20,1
Puducherry,KARAIKAL,2007,Summer,Moong(Green Gram),1784,34,0.019058296
Puducherry,KARAIKAL,2007,Summer,Rice,8,14,1.75
Puducherry,KARAIKAL,2007,Summer,Sesamum,2,1,0.5
Puducherry,KARAIKAL,2007,Summer,Urad,1840,37,0.020108696
Puducherry,KARAIKAL,2007,Whole Year,Coconut,207,1532000,7400.966184
Puducherry,KARAIKAL,2008,Kharif,Banana,15,398,26.53333333
Puducherry,KARAIKAL,2008,Kharif,Cashewnut,6,5,0.833333333
Puducherry,KARAIKAL,2008,Kharif,Ragi,1,1,1
Puducherry,KARAIKAL,2008,Kharif,Rice,585,1632,2.78974359
Puducherry,KARAIKAL,2008,Kharif,Sugarcane,9,675,75
Puducherry,KARAIKAL,2008,Rabi,Groundnut,10,11,1.1
Puducherry,KARAIKAL,2008,Rabi,Rice,5804,9565,1.648001378
Puducherry,KARAIKAL,2008,Summer,Cotton(lint),25,21,0.84
Puducherry,KARAIKAL,2008,Summer,Groundnut,1,1,1
Puducherry,KARAIKAL,2008,Summer,Moong(Green Gram),1077,152,0.141132776
Puducherry,KARAIKAL,2008,Summer,Rice,96,131,1.364583333
Puducherry,KARAIKAL,2008,Summer,Sesamum,6,1,0.166666667
Puducherry,KARAIKAL,2008,Summer,Urad,1163,221,0.190025795
Puducherry,KARAIKAL,2008,Whole Year,Coconut,207,1553000,7502.415459
Puducherry,KARAIKAL,2009,Kharif,Banana,16,418,26.125
Puducherry,KARAIKAL,2009,Kharif,Cashewnut,7,6,0.857142857
Puducherry,KARAIKAL,2009,Kharif,Ragi,1,1,1
Puducherry,KARAIKAL,2009,Kharif,Rice,646,1388,2.148606811
Puducherry,KARAIKAL,2009,Kharif,Sugarcane,1,56,56
Puducherry,KARAIKAL,2009,Rabi,Groundnut,7,7,1
Puducherry,KARAIKAL,2009,Rabi,Rice,5607,11109,1.981273408
Puducherry,KARAIKAL,2009,Summer,Cotton(lint),9,7,0.777777778
Puducherry,KARAIKAL,2009,Summer,Groundnut,2,2,1
Puducherry,KARAIKAL,2009,Summer,Moong(Green Gram),1018,70,0.068762279
Puducherry,KARAIKAL,2009,Summer,Rice,17,22,1.294117647
Puducherry,KARAIKAL,2009,Summer,Sesamum,17,4,0.235294118
Puducherry,KARAIKAL,2009,Summer,Urad,827,63,0.07617896
Puducherry,KARAIKAL,2009,Whole Year,Coconut,207,1532000,7400.966184
Puducherry,KARAIKAL,2010,Kharif,Banana,14,225,16.07142857
Puducherry,KARAIKAL,2010,Kharif,Cashewnut,7,5,0.714285714
Puducherry,KARAIKAL,2010,Kharif,Mango,32,384,12
Puducherry,KARAIKAL,2010,Kharif,Ragi,1,1,1
Puducherry,KARAIKAL,2010,Kharif,Rice,573,1529,2.668411867
Puducherry,KARAIKAL,2010,Kharif,Sugarcane,1,73,73
Puducherry,KARAIKAL,2010,Rabi,Rice,5515,13087,2.372982774
Puducherry,KARAIKAL,2010,Summer,Cotton(lint),5,5,1
Puducherry,KARAIKAL,2010,Summer,Groundnut,5,6,1.2
Puducherry,KARAIKAL,2010,Summer,Moong(Green Gram),1368,620,0.453216374
Puducherry,KARAIKAL,2010,Summer,Rice,35,94,2.685714286
Puducherry,KARAIKAL,2010,Summer,Sesamum,2,1,0.5
Puducherry,KARAIKAL,2010,Summer,Urad,848,322,0.379716981
Puducherry,KARAIKAL,2010,Whole Year,Coconut,205,2476000,12078.04878
Puducherry,KARAIKAL,2011,Kharif,Banana,15,112,7.466666667
Puducherry,KARAIKAL,2011,Kharif,Cashewnut,7,3,0.428571429
Puducherry,KARAIKAL,2011,Kharif,Mango,31,65,2.096774194
Puducherry,KARAIKAL,2011,Kharif,Rice,644,1847,2.868012422
Puducherry,KARAIKAL,2011,Rabi,Groundnut,10,10,1
Puducherry,KARAIKAL,2011,Rabi,Rice,5432,13258,2.440721649
Puducherry,KARAIKAL,2011,Summer,Brinjal,1,9,9
Puducherry,KARAIKAL,2011,Summer,Cotton(lint),7,7,1
Puducherry,KARAIKAL,2011,Summer,Groundnut,3,3,1
Puducherry,KARAIKAL,2011,Summer,Moong(Green Gram),1258,448,0.356120827
Puducherry,KARAIKAL,2011,Summer,Rice,13,27,2.076923077
Puducherry,KARAIKAL,2011,Summer,Sesamum,3,1,0.333333333
Puducherry,KARAIKAL,2011,Summer,Urad,819,307,0.374847375
Puducherry,KARAIKAL,2011,Whole Year,Coconut,204,1823000,8936.27451
Puducherry,KARAIKAL,2012,Kharif,Banana,16,284,17.75
Puducherry,KARAIKAL,2012,Kharif,Cashewnut,7,3,0.428571429
Puducherry,KARAIKAL,2012,Kharif,Mango,32,635,19.84375
Puducherry,KARAIKAL,2012,Kharif,Paddy,434,1824,4.202764977
Puducherry,KARAIKAL,2012,Kharif,Rice,434,1216,2.801843318
Puducherry,KARAIKAL,2012,Rabi,Rice,4491,8466,1.88510354
Puducherry,KARAIKAL,2012,Summer,Cotton(lint),6,5,0.833333333
Puducherry,KARAIKAL,2012,Summer,Groundnut,2,1,0.5
Puducherry,KARAIKAL,2012,Summer,Moong(Green Gram),835,227,0.271856287
Puducherry,KARAIKAL,2012,Summer,Rice,1,2,2
Puducherry,KARAIKAL,2012,Summer,Sesamum,3,1,0.333333333
Puducherry,KARAIKAL,2012,Summer,Urad,384,122,0.317708333
Puducherry,KARAIKAL,2012,Whole Year,Coconut,205,2481000,12102.43902
Puducherry,KARAIKAL,2013,Kharif,Banana,15,113,7.533333333
Puducherry,KARAIKAL,2013,Kharif,Cashewnut,6,3,0.5
Puducherry,KARAIKAL,2013,Kharif,Mango,32,256,8
Puducherry,KARAIKAL,2013,Kharif,Paddy,378,1089,2.880952381
Puducherry,KARAIKAL,2013,Kharif,Rice,378,726,1.920634921
Puducherry,KARAIKAL,2013,Rabi,Rice,3975,10176,2.56
Puducherry,KARAIKAL,2013,Summer,Cotton(lint),66,49,0.742424242
Puducherry,KARAIKAL,2013,Summer,Groundnut,3,3,1
Puducherry,KARAIKAL,2013,Summer,Moong(Green Gram),504,171,0.339285714
Puducherry,KARAIKAL,2013,Summer,Paddy,8,27,3.375
Puducherry,KARAIKAL,2013,Summer,Rice,8,27,3.375
Puducherry,KARAIKAL,2013,Summer,Urad,452,104,0.230088496
Puducherry,KARAIKAL,2013,Whole Year,Coconut,205,615000,3000
Puducherry,KARAIKAL,2014,Kharif,Banana,13,242,18.61538462
Puducherry,KARAIKAL,2014,Kharif,Cashewnut,6,3,0.5
Puducherry,KARAIKAL,2014,Kharif,Mango,32,374,11.6875
Puducherry,KARAIKAL,2014,Kharif,Ragi,1,2,2
Puducherry,KARAIKAL,2014,Kharif,Rice,460,1006,2.186956522
Puducherry,KARAIKAL,2014,Rabi,Rice,4305,9820,2.281068525
Puducherry,KARAIKAL,2014,Summer,Cotton(lint),64,144,2.25
Puducherry,KARAIKAL,2014,Summer,Groundnut,2,3,1.5
Puducherry,KARAIKAL,2014,Summer,Moong(Green Gram),860,287,0.33372093
Puducherry,KARAIKAL,2014,Summer,Urad,561,180,0.320855615
Puducherry,KARAIKAL,2014,Whole Year,Coconut,192,1843000,9598.958333
Puducherry,MAHE,1998,Kharif,Arecanut,66,23,0.348484848
Puducherry,MAHE,1998,Kharif,Black pepper,12,7,0.583333333
Puducherry,MAHE,1998,Kharif,Tapioca,18,180,10
Puducherry,MAHE,1998,Rabi,Rice,1,2,2
Puducherry,MAHE,1999,Kharif,Rice,2,4,2
Puducherry,MAHE,1999,Rabi,Moong(Green Gram),2148,1160,0.540037244
Puducherry,MAHE,1999,Rabi,Rapeseed &Mustard,1,5,5
Puducherry,MAHE,1999,Whole Year,Arecanut,65,130,2
Puducherry,MAHE,1999,Whole Year,Banana,20,600,30
Puducherry,MAHE,1999,Whole Year,Black pepper,12,7,0.583333333
Puducherry,MAHE,1999,Whole Year,Cashewnut,11,77,7
Puducherry,MAHE,1999,Whole Year,Coconut,490,5880000,12000
Puducherry,MAHE,1999,Whole Year,Tapioca,16,160,10
Puducherry,MAHE,2000,Kharif,Dry ginger,21,13,0.619047619
Puducherry,MAHE,2000,Kharif,Groundnut,33,46,1.393939394
Puducherry,MAHE,2000,Kharif,Moong(Green Gram),2246,1258,0.560106857
Puducherry,MAHE,2000,Kharif,Rice,8795,21081,2.396930074
Puducherry,MAHE,2000,Kharif,Urad,3147,1888,0.599936447
Puducherry,MAHE,2000,Whole Year,Arecanut,65,130,2
Puducherry,MAHE,2000,Whole Year,Banana,21,420,20
Puducherry,MAHE,2000,Whole Year,Black pepper,12,7,0.583333333
Puducherry,MAHE,2000,Whole Year,Cashewnut,11,7,0.636363636
Puducherry,MAHE,2000,Whole Year,Coconut,489,4890000,10000
Puducherry,MAHE,2000,Whole Year,Dry chillies,1,2,2
Puducherry,MAHE,2000,Whole Year,Tapioca,17,136,8
Puducherry,MAHE,2001,Kharif,Rice,5,10,2
Puducherry,MAHE,2001,Whole Year,Arecanut,65,137,2.107692308
Puducherry,MAHE,2001,Whole Year,Banana,19,418,22
Puducherry,MAHE,2001,Whole Year,Black pepper,12,11,0.916666667
Puducherry,MAHE,2001,Whole Year,Cashewnut,11,22,2
Puducherry,MAHE,2001,Whole Year,Coconut,490,4410000,9000
Puducherry,MAHE,2001,Whole Year,Tapioca,18,153,8.5
Puducherry,MAHE,2002,Whole Year,Banana,19,342,18
Puducherry,MAHE,2002,Whole Year,Black pepper,12,8,0.666666667
Puducherry,MAHE,2002,Whole Year,Cashewnut,10,18,1.8
Puducherry,MAHE,2002,Whole Year,Coconut,490,4900000,10000
Puducherry,MAHE,2002,Whole Year,Mango,7,35,5
Puducherry,MAHE,2002,Whole Year,Tapioca,16,130,8.125
Puducherry,MAHE,2003,Whole Year,Arecanut,64,77,1.203125
Puducherry,MAHE,2003,Whole Year,Banana,19,304,16
Puducherry,MAHE,2003,Whole Year,Black pepper,12,8,0.666666667
Puducherry,MAHE,2003,Whole Year,Cashewnut,9,16,1.777777778
Puducherry,MAHE,2003,Whole Year,Coconut,489,4646000,9501.022495
Puducherry,MAHE,2003,Whole Year,Mango,7,42,6
Puducherry,MAHE,2003,Whole Year,Tapioca,15,150,10
Puducherry,MAHE,2004,Whole Year,Banana,19,238,12.52631579
Puducherry,MAHE,2004,Whole Year,Black pepper,12,7,0.583333333
Puducherry,MAHE,2004,Whole Year,Cashewnut,9,6,0.666666667
Puducherry,MAHE,2004,Whole Year,Coconut,488,4392000,9000
Puducherry,MAHE,2005,Whole Year,Banana,21,252,12
Puducherry,MAHE,2005,Whole Year,Black pepper,12,7,0.583333333
Puducherry,MAHE,2005,Whole Year,Coconut,487,4383000,9000
Puducherry,MAHE,2006,Kharif,Arecanut,63,82,1.301587302
Puducherry,MAHE,2006,Kharif,Banana,22,268,12.18181818
Puducherry,MAHE,2006,Kharif,Black pepper,12,7,0.583333333
Puducherry,MAHE,2006,Kharif,Tapioca,16,208,13
Puducherry,MAHE,2006,Whole Year,Arecanut,63,82,1.301587302
Puducherry,MAHE,2007,Kharif,Arecanut,61,78,1.278688525
Puducherry,MAHE,2007,Kharif,Banana,18,225,12.5
Puducherry,MAHE,2007,Kharif,Black pepper,12,7,0.583333333
Puducherry,MAHE,2007,Kharif,Tapioca,10,128,12.8
Puducherry,MAHE,2007,Whole Year,Coconut,481,4040000,8399.168399
Puducherry,MAHE,2008,Kharif,Arecanut,61,79,1.295081967
Puducherry,MAHE,2008,Kharif,Banana,23,308,13.39130435
Puducherry,MAHE,2008,Kharif,Black pepper,12,8,0.666666667
Puducherry,MAHE,2008,Kharif,Cashewnut,4,4,1
Puducherry,MAHE,2008,Kharif,Tapioca,6,60,10
Puducherry,MAHE,2008,Whole Year,Coconut,472,4012000,8500
Puducherry,MAHE,2009,Kharif,Arecanut,61,77,1.262295082
Puducherry,MAHE,2009,Kharif,Banana,23,297,12.91304348
Puducherry,MAHE,2009,Kharif,Black pepper,12,8,0.666666667
Puducherry,MAHE,2009,Kharif,Cashewnut,3,3,1
Puducherry,MAHE,2009,Kharif,Tapioca,6,57,9.5
Puducherry,MAHE,2009,Rabi,Tapioca,2,18,9
Puducherry,MAHE,2009,Whole Year,Coconut,472,3870000,8199.152542
Puducherry,MAHE,2010,Kharif,Arecanut,60,78,1.3
Puducherry,MAHE,2010,Kharif,Banana,24,300,12.5
Puducherry,MAHE,2010,Kharif,Black pepper,11,6,0.545454545
Puducherry,MAHE,2010,Kharif,Cashewnut,3,2,0.666666667
Puducherry,MAHE,2010,Kharif,Mango,7,71,10.14285714
Puducherry,MAHE,2010,Kharif,Tapioca,5,64,12.8
Puducherry,MAHE,2010,Whole Year,Coconut,471,4409000,9360.934183
Puducherry,MAHE,2011,Kharif,Arecanut,60,77,1.283333333
Puducherry,MAHE,2011,Kharif,Banana,23,292,12.69565217
Puducherry,MAHE,2011,Kharif,Black pepper,11,5,0.454545455
Puducherry,MAHE,2011,Kharif,Cashewnut,3,2,0.666666667
Puducherry,MAHE,2011,Kharif,Mango,7,71,10.14285714
Puducherry,MAHE,2011,Kharif,Tapioca,4,50,12.5
Puducherry,MAHE,2011,Whole Year,Coconut,470,4442000,9451.06383
Puducherry,PONDICHERRY,1998,Kharif,Bajra,149,324,2.174496644
Puducherry,PONDICHERRY,1998,Kharif,Dry chillies,6,18,3
Puducherry,PONDICHERRY,1998,Kharif,Onion,26,429,16.5
Puducherry,PONDICHERRY,1998,Kharif,Ragi,112,366,3.267857143
Puducherry,PONDICHERRY,1998,Kharif,Rice,3699,8404,2.271965396
Puducherry,PONDICHERRY,1998,Kharif,Sesamum,102,99,0.970588235
Puducherry,PONDICHERRY,1998,Kharif,Small millets,4,3,0.75
Puducherry,PONDICHERRY,1998,Kharif,Sugarcane,2626,225713,85.9531607
Puducherry,PONDICHERRY,1998,Kharif,Tapioca,631,18930,30
Puducherry,PONDICHERRY,1998,Rabi,Groundnut,994,2007,2.019114688
Puducherry,PONDICHERRY,1998,Rabi,Rice,6082,14372,2.363038474
Puducherry,PONDICHERRY,1998,Summer,Cotton(lint),165,152,0.921212121
Puducherry,PONDICHERRY,1998,Summer,Rice,5563,14480,2.602912098
Puducherry,PONDICHERRY,1999,Kharif,Cotton(lint),189,959,5.074074074
Puducherry,PONDICHERRY,1999,Kharif,Dry ginger,96,71,0.739583333
Puducherry,PONDICHERRY,1999,Kharif,Groundnut,860,2458,2.858139535
Puducherry,PONDICHERRY,1999,Kharif,Ragi,123,449,3.650406504
Puducherry,PONDICHERRY,1999,Kharif,Rice,16214,39996,2.466757123
Puducherry,PONDICHERRY,1999,Rabi,Other  Rabi pulses,60,120,2
Puducherry,PONDICHERRY,1999,Rabi,Rapeseed &Mustard,48,410,8.541666667
Puducherry,PONDICHERRY,1999,Rabi,Urad,118,115,0.974576271
Puducherry,PONDICHERRY,1999,Whole Year,Banana,245,7840,32
Puducherry,PONDICHERRY,1999,Whole Year,Cashewnut,192,96,0.5
Puducherry,PONDICHERRY,1999,Whole Year,Coconut,1183,15083000,12749.78867
Puducherry,PONDICHERRY,1999,Whole Year,Dry chillies,9,28,3.111111111
Puducherry,PONDICHERRY,1999,Whole Year,Onion,14,183,13.07142857
Puducherry,PONDICHERRY,1999,Whole Year,Sugarcane,2743,233155,85
Puducherry,PONDICHERRY,1999,Whole Year,Tapioca,348,10396,29.87356322
Puducherry,PONDICHERRY,2000,Kharif,Bajra,186,513,2.758064516
Puducherry,PONDICHERRY,2000,Kharif,Cotton(lint),269,1347,5.007434944
Puducherry,PONDICHERRY,2000,Kharif,Dry ginger,103,52,0.504854369
Puducherry,PONDICHERRY,2000,Kharif,Rice,16647,40159,2.412386616
Puducherry,PONDICHERRY,2000,Rabi,Moong(Green Gram),85,49,0.576470588
Puducherry,PONDICHERRY,2000,Rabi,Other  Rabi pulses,61,124,2.032786885
Puducherry,PONDICHERRY,2000,Rabi,Rapeseed &Mustard,48,384,8
Puducherry,PONDICHERRY,2000,Rabi,Urad,224,224,1
Puducherry,PONDICHERRY,2000,Whole Year,Banana,204,6732,33
Puducherry,PONDICHERRY,2000,Whole Year,Cashewnut,184,110,0.597826087
Puducherry,PONDICHERRY,2000,Whole Year,Coconut,1203,12932000,10749.79219
Puducherry,PONDICHERRY,2000,Whole Year,Dry chillies,7,26,3.714285714
Puducherry,PONDICHERRY,2000,Whole Year,Onion,13,202,15.53846154
Puducherry,PONDICHERRY,2000,Whole Year,Sugarcane,2437,198226,81.34017234
Puducherry,PONDICHERRY,2000,Whole Year,Tapioca,325,9549,29.38153846
Puducherry,PONDICHERRY,2001,Kharif,Bajra,162,345,2.12962963
Puducherry,PONDICHERRY,2001,Kharif,Cotton(lint),195,1065,5.461538462
Puducherry,PONDICHERRY,2001,Kharif,Dry ginger,133,85,0.639097744
Puducherry,PONDICHERRY,2001,Kharif,Groundnut,1179,1875,1.590330789
Puducherry,PONDICHERRY,2001,Kharif,Ragi,138,325,2.355072464
Puducherry,PONDICHERRY,2001,Kharif,Rice,16945,47172,2.783830038
Puducherry,PONDICHERRY,2001,Rabi,Moong(Green Gram),117,59,0.504273504
Puducherry,PONDICHERRY,2001,Rabi,Other  Rabi pulses,107,86,0.803738318
Puducherry,PONDICHERRY,2001,Rabi,Rapeseed &Mustard,57,467,8.192982456
Puducherry,PONDICHERRY,2001,Rabi,Urad,328,251,0.765243902
Puducherry,PONDICHERRY,2001,Whole Year,Banana,195,6728,34.5025641
Puducherry,PONDICHERRY,2001,Whole Year,Cashewnut,173,108,0.624277457
Puducherry,PONDICHERRY,2001,Whole Year,Coconut,1264,12514000,9900.316456
Puducherry,PONDICHERRY,2001,Whole Year,Onion,16,251,15.6875
Puducherry,PONDICHERRY,2001,Whole Year,Sugarcane,2095,195432,93.2849642
Puducherry,PONDICHERRY,2001,Whole Year,Tapioca,446,15387,34.5
Puducherry,PONDICHERRY,2002,Kharif,Bajra,207,397,1.917874396
Puducherry,PONDICHERRY,2002,Kharif,Cotton(lint),121,641,5.297520661
Puducherry,PONDICHERRY,2002,Kharif,Ragi,112,249,2.223214286
Puducherry,PONDICHERRY,2002,Kharif,Rice,16931,47982,2.833973185
Puducherry,PONDICHERRY,2002,Rabi,Moong(Green Gram),128,104,0.8125
Puducherry,PONDICHERRY,2002,Rabi,Urad,327,294,0.899082569
Puducherry,PONDICHERRY,2002,Whole Year,Banana,240,7260,30.25
Puducherry,PONDICHERRY,2002,Whole Year,Brinjal,98,1910,19.48979592
Puducherry,PONDICHERRY,2002,Whole Year,Cashewnut,168,118,0.702380952
Puducherry,PONDICHERRY,2002,Whole Year,Coconut,1262,13251000,10500
Puducherry,PONDICHERRY,2002,Whole Year,Dry chillies,14,36,2.571428571
Puducherry,PONDICHERRY,2002,Whole Year,Mango,160,2560,16
Puducherry,PONDICHERRY,2002,Whole Year,Onion,3,45,15
Puducherry,PONDICHERRY,2002,Whole Year,Sugarcane,2306,207540,90
Puducherry,PONDICHERRY,2002,Whole Year,Tapioca,421,13367,31.75059382
Puducherry,PONDICHERRY,2003,Kharif,Bajra,197,383,1.944162437
Puducherry,PONDICHERRY,2003,Kharif,Cotton(lint),166,829,4.993975904
Puducherry,PONDICHERRY,2003,Kharif,Dry ginger,149,152,1.020134228
Puducherry,PONDICHERRY,2003,Kharif,Ragi,120,265,2.208333333
Puducherry,PONDICHERRY,2003,Kharif,Rice,18534,51876,2.798964066
Puducherry,PONDICHERRY,2003,Rabi,Moong(Green Gram),164,137,0.835365854
Puducherry,PONDICHERRY,2003,Rabi,Other  Rabi pulses,140,137,0.978571429
Puducherry,PONDICHERRY,2003,Rabi,Urad,281,265,0.943060498
Puducherry,PONDICHERRY,2003,Whole Year,Banana,248,9459,38.14112903
Puducherry,PONDICHERRY,2003,Whole Year,Brinjal,77,1623,21.07792208
Puducherry,PONDICHERRY,2003,Whole Year,Cashewnut,201,151,0.751243781
Puducherry,PONDICHERRY,2003,Whole Year,Coconut,1248,19968000,16000
Puducherry,PONDICHERRY,2003,Whole Year,Dry chillies,8,24,3
Puducherry,PONDICHERRY,2003,Whole Year,Mango,174,2523,14.5
Puducherry,PONDICHERRY,2003,Whole Year,Onion,6,99,16.5
Puducherry,PONDICHERRY,2003,Whole Year,Sugarcane,1710,146111,85.44502924
Puducherry,PONDICHERRY,2003,Whole Year,Tapioca,552,16566,30.01086957
Puducherry,PONDICHERRY,2004,Autumn,Rice,5135,14650,2.852969815
Puducherry,PONDICHERRY,2004,Kharif,Cotton(lint),323,249,0.770897833
Puducherry,PONDICHERRY,2004,Kharif,Groundnut,1599,3147,1.968105066
Puducherry,PONDICHERRY,2004,Kharif,Other Cereals & Millets,219,563,2.570776256
Puducherry,PONDICHERRY,2004,Kharif,Other Kharif pulses,55,51,0.927272727
Puducherry,PONDICHERRY,2004,Kharif,Ragi,103,165,1.601941748
Puducherry,PONDICHERRY,2004,Kharif,Sesamum,125,104,0.832
Puducherry,PONDICHERRY,2004,Kharif,Small millets,6,7,1.166666667
Puducherry,PONDICHERRY,2004,Rabi,Moong(Green Gram),209,107,0.511961722
Puducherry,PONDICHERRY,2004,Rabi,Urad,249,220,0.883534137
Puducherry,PONDICHERRY,2004,Summer,Rice,5689,15537,2.73105994
Puducherry,PONDICHERRY,2004,Whole Year,Banana,270,9450,35
Puducherry,PONDICHERRY,2004,Whole Year,Cashewnut,202,131,0.648514851
Puducherry,PONDICHERRY,2004,Whole Year,Coconut,1131,17813000,15749.77896
Puducherry,PONDICHERRY,2004,Whole Year,Dry chillies,11,30,2.727272727
Puducherry,PONDICHERRY,2004,Whole Year,Onion,6,20,3.333333333
Puducherry,PONDICHERRY,2004,Whole Year,Sugarcane,1495,114575,76.63879599
Puducherry,PONDICHERRY,2004,Winter,Rice,6499,18737,2.883058932
Puducherry,PONDICHERRY,2005,Autumn,Rice,4462,13243,2.967951591
Puducherry,PONDICHERRY,2005,Kharif,Cotton(lint),66,56,0.848484848
Puducherry,PONDICHERRY,2005,Kharif,Groundnut,1147,2254,1.965126417
Puducherry,PONDICHERRY,2005,Kharif,Other Cereals & Millets,86,166,1.930232558
Puducherry,PONDICHERRY,2005,Kharif,Other Kharif pulses,20,18,0.9
Puducherry,PONDICHERRY,2005,Kharif,Ragi,56,101,1.803571429
Puducherry,PONDICHERRY,2005,Kharif,Sesamum,94,75,0.79787234
Puducherry,PONDICHERRY,2005,Kharif,Small millets,1,1,1
Puducherry,PONDICHERRY,2005,Rabi,Moong(Green Gram),157,80,0.50955414
Puducherry,PONDICHERRY,2005,Rabi,Urad,194,208,1.072164948
Puducherry,PONDICHERRY,2005,Summer,Rice,5161,13006,2.520054253
Puducherry,PONDICHERRY,2005,Whole Year,Banana,282,9870,35
Puducherry,PONDICHERRY,2005,Whole Year,Coconut,1192,19668000,16500
Puducherry,PONDICHERRY,2005,Whole Year,Dry chillies,7,15,2.142857143
Puducherry,PONDICHERRY,2005,Whole Year,Onion,9,29,3.222222222
Puducherry,PONDICHERRY,2005,Whole Year,Sugarcane,2074,297125,143.2618129
Puducherry,PONDICHERRY,2005,Winter,Rice,6136,14266,2.324967405
Puducherry,PONDICHERRY,2006,Kharif,Banana,268,9326,34.79850746
Puducherry,PONDICHERRY,2006,Kharif,Dry chillies,1,2,2
Puducherry,PONDICHERRY,2006,Kharif,Rice,4044,10785,2.666913947
Puducherry,PONDICHERRY,2006,Kharif,Sugarcane,2480,382297,154.1520161
Puducherry,PONDICHERRY,2006,Kharif,Tapioca,341,13933,40.85923754
Puducherry,PONDICHERRY,2006,Rabi,Dry chillies,4,8,2
Puducherry,PONDICHERRY,2006,Rabi,Groundnut,672,1399,2.081845238
Puducherry,PONDICHERRY,2006,Rabi,Onion,1,4,4
Puducherry,PONDICHERRY,2006,Rabi,Rice,5643,16703,2.959950381
Puducherry,PONDICHERRY,2006,Rabi,Sesamum,112,82,0.732142857
Puducherry,PONDICHERRY,2006,Summer,Cotton(lint),12,10,0.833333333
Puducherry,PONDICHERRY,2006,Summer,Dry chillies,3,8,2.666666667
Puducherry,PONDICHERRY,2006,Summer,Jowar,4,7,1.75
Puducherry,PONDICHERRY,2006,Summer,Onion,2,10,5
Puducherry,PONDICHERRY,2006,Summer,Rice,4574,13942,3.048097945
Puducherry,PONDICHERRY,2007,Kharif,Bajra,64,133,2.078125
Puducherry,PONDICHERRY,2007,Kharif,Banana,285,9932,34.84912281
Puducherry,PONDICHERRY,2007,Kharif,Dry chillies,1,1,1
Puducherry,PONDICHERRY,2007,Kharif,Groundnut,29,53,1.827586207
Puducherry,PONDICHERRY,2007,Kharif,Jowar,3,5,1.666666667
Puducherry,PONDICHERRY,2007,Kharif,Ragi,22,47,2.136363636
Puducherry,PONDICHERRY,2007,Kharif,Rice,3549,10516,2.963088194
Puducherry,PONDICHERRY,2007,Kharif,Sesamum,14,11,0.785714286
Puducherry,PONDICHERRY,2007,Kharif,Small millets,2,1,0.5
Puducherry,PONDICHERRY,2007,Kharif,Sugarcane,2306,227141,98.5
Puducherry,PONDICHERRY,2007,Kharif,Sunflower,4,2,0.5
Puducherry,PONDICHERRY,2007,Kharif,Tapioca,323,13243,41
Puducherry,PONDICHERRY,2007,Kharif,Urad,57,39,0.684210526
Puducherry,PONDICHERRY,2007,Rabi,Dry chillies,1,1,1
Puducherry,PONDICHERRY,2007,Rabi,Groundnut,621,1254,2.019323671
Puducherry,PONDICHERRY,2007,Rabi,Onion,3,25,8.333333333
Puducherry,PONDICHERRY,2007,Rabi,Ragi,3,6,2
Puducherry,PONDICHERRY,2007,Rabi,Rice,5264,14081,2.674962006
Puducherry,PONDICHERRY,2007,Rabi,Sesamum,21,17,0.80952381
Puducherry,PONDICHERRY,2007,Rabi,Sweet potato,1,1,1
Puducherry,PONDICHERRY,2007,Rabi,Tapioca,6,245,40.83333333
Puducherry,PONDICHERRY,2007,Rabi,Turmeric,4,6,1.5
Puducherry,PONDICHERRY,2007,Rabi,Urad,189,123,0.650793651
Puducherry,PONDICHERRY,2007,Summer,Cotton(lint),28,24,0.857142857
Puducherry,PONDICHERRY,2007,Summer,Dry chillies,2,2,1
Puducherry,PONDICHERRY,2007,Summer,Groundnut,93,177,1.903225806
Puducherry,PONDICHERRY,2007,Summer,Moong(Green Gram),231,138,0.597402597
Puducherry,PONDICHERRY,2007,Summer,Other  Rabi pulses,36,33,0.916666667
Puducherry,PONDICHERRY,2007,Summer,Ragi,45,113,2.511111111
Puducherry,PONDICHERRY,2007,Summer,Rice,4639,12381,2.668894158
Puducherry,PONDICHERRY,2007,Summer,Sesamum,95,109,1.147368421
Puducherry,PONDICHERRY,2007,Summer,Urad,159,94,0.591194969
Puducherry,PONDICHERRY,2007,Whole Year,Coconut,1179,17033000,14446.98897
Puducherry,PONDICHERRY,2008,Kharif,Bajra,34,58,1.705882353
Puducherry,PONDICHERRY,2008,Kharif,Banana,247,9818,39.74898785
Puducherry,PONDICHERRY,2008,Kharif,Cashewnut,164,164,1
Puducherry,PONDICHERRY,2008,Kharif,Dry chillies,1,1,1
Puducherry,PONDICHERRY,2008,Kharif,Groundnut,87,170,1.954022989
Puducherry,PONDICHERRY,2008,Kharif,Jowar,2,3,1.5
Puducherry,PONDICHERRY,2008,Kharif,Other Kharif pulses,1,1,1
Puducherry,PONDICHERRY,2008,Kharif,Ragi,20,51,2.55
Puducherry,PONDICHERRY,2008,Kharif,Rice,3637,9700,2.667033269
Puducherry,PONDICHERRY,2008,Kharif,Sesamum,11,7,0.636363636
Puducherry,PONDICHERRY,2008,Kharif,Small millets,1,1,1
Puducherry,PONDICHERRY,2008,Kharif,Sugarcane,1936,161648,83.49586777
Puducherry,PONDICHERRY,2008,Kharif,Sunflower,3,2,0.666666667
Puducherry,PONDICHERRY,2008,Kharif,Tapioca,294,8820,30
Puducherry,PONDICHERRY,2008,Kharif,Urad,21,16,0.761904762
Puducherry,PONDICHERRY,2008,Rabi,Dry chillies,1,1,1
Puducherry,PONDICHERRY,2008,Rabi,Groundnut,562,1265,2.25088968
Puducherry,PONDICHERRY,2008,Rabi,Other  Rabi pulses,11,10,0.909090909
Puducherry,PONDICHERRY,2008,Rabi,Ragi,4,9,2.25
Puducherry,PONDICHERRY,2008,Rabi,Rice,5254,13550,2.578987438
Puducherry,PONDICHERRY,2008,Rabi,Sesamum,25,20,0.8
Puducherry,PONDICHERRY,2008,Rabi,Sweet potato,1,1,1
Puducherry,PONDICHERRY,2008,Rabi,Tapioca,1,29,29
Puducherry,PONDICHERRY,2008,Rabi,Turmeric,3,5,1.666666667
Puducherry,PONDICHERRY,2008,Rabi,Urad,119,77,0.647058824
Puducherry,PONDICHERRY,2008,Summer,Bajra,21,42,2
Puducherry,PONDICHERRY,2008,Summer,Cotton(lint),23,18,0.782608696
Puducherry,PONDICHERRY,2008,Summer,Dry chillies,1,1,1
Puducherry,PONDICHERRY,2008,Summer,Groundnut,54,118,2.185185185
Puducherry,PONDICHERRY,2008,Summer,Moong(Green Gram),5,2,0.4
Puducherry,PONDICHERRY,2008,Summer,Other  Rabi pulses,6,6,1
Puducherry,PONDICHERRY,2008,Summer,Ragi,14,42,3
Puducherry,PONDICHERRY,2008,Summer,Rice,4885,14132,2.892937564
Puducherry,PONDICHERRY,2008,Summer,Sesamum,138,152,1.101449275
Puducherry,PONDICHERRY,2008,Summer,Urad,49,44,0.897959184
Puducherry,PONDICHERRY,2008,Whole Year,Coconut,1112,21406000,19250
Puducherry,PONDICHERRY,2009,Kharif,Bajra,29,49,1.689655172
Puducherry,PONDICHERRY,2009,Kharif,Banana,246,9656,39.25203252
Puducherry,PONDICHERRY,2009,Kharif,Cashewnut,161,137,0.850931677
Puducherry,PONDICHERRY,2009,Kharif,Dry chillies,1,1,1
Puducherry,PONDICHERRY,2009,Kharif,Groundnut,25,47,1.88
Puducherry,PONDICHERRY,2009,Kharif,Jowar,6,9,1.5
Puducherry,PONDICHERRY,2009,Kharif,Other Kharif pulses,3,2,0.666666667
Puducherry,PONDICHERRY,2009,Kharif,Ragi,11,28,2.545454545
Puducherry,PONDICHERRY,2009,Kharif,Rice,3693,11009,2.981045221
Puducherry,PONDICHERRY,2009,Kharif,Sesamum,5,3,0.6
Puducherry,PONDICHERRY,2009,Kharif,Small millets,1,1,1
Puducherry,PONDICHERRY,2009,Kharif,Sugarcane,1784,247198,138.5639013
Puducherry,PONDICHERRY,2009,Kharif,Sunflower,1,1,1
Puducherry,PONDICHERRY,2009,Kharif,Sweet potato,1,,
Puducherry,PONDICHERRY,2009,Kharif,Tapioca,236,6712,28.44067797
Puducherry,PONDICHERRY,2009,Kharif,Turmeric,3,,
Puducherry,PONDICHERRY,2009,Kharif,Urad,31,10,0.322580645
Puducherry,PONDICHERRY,2009,Rabi,Dry chillies,1,1,1
Puducherry,PONDICHERRY,2009,Rabi,Groundnut,367,789,2.14986376
Puducherry,PONDICHERRY,2009,Rabi,Moong(Green Gram),2,1,0.5
Puducherry,PONDICHERRY,2009,Rabi,Other  Rabi pulses,2,2,1
Puducherry,PONDICHERRY,2009,Rabi,Ragi,5,11,2.2
Puducherry,PONDICHERRY,2009,Rabi,Rice,5324,13219,2.482907588
Puducherry,PONDICHERRY,2009,Rabi,Sesamum,18,13,0.722222222
Puducherry,PONDICHERRY,2009,Rabi,Tapioca,1,26,26
Puducherry,PONDICHERRY,2009,Rabi,Turmeric,3,5,1.666666667
Puducherry,PONDICHERRY,2009,Rabi,Urad,88,56,0.636363636
Puducherry,PONDICHERRY,2009,Summer,Bajra,31,62,2
Puducherry,PONDICHERRY,2009,Summer,Cotton(lint),1,1,1
Puducherry,PONDICHERRY,2009,Summer,Dry chillies,4,4,1
Puducherry,PONDICHERRY,2009,Summer,Groundnut,37,76,2.054054054
Puducherry,PONDICHERRY,2009,Summer,Moong(Green Gram),7,3,0.428571429
Puducherry,PONDICHERRY,2009,Summer,Other  Rabi pulses,1,1,1
Puducherry,PONDICHERRY,2009,Summer,Ragi,17,51,3
Puducherry,PONDICHERRY,2009,Summer,Rice,5081,13429,2.642983665
Puducherry,PONDICHERRY,2009,Summer,Sesamum,207,207,1
Puducherry,PONDICHERRY,2009,Summer,Urad,46,37,0.804347826
Puducherry,PONDICHERRY,2009,Whole Year,Coconut,1169,22012000,18829.76903
Puducherry,PONDICHERRY,2010,Kharif,Bajra,29,68,2.344827586
Puducherry,PONDICHERRY,2010,Kharif,Banana,228,5843,25.62719298
Puducherry,PONDICHERRY,2010,Kharif,Cashewnut,163,124,0.760736196
Puducherry,PONDICHERRY,2010,Kharif,Dry chillies,1,1,1
Puducherry,PONDICHERRY,2010,Kharif,Groundnut,25,48,1.92
Puducherry,PONDICHERRY,2010,Kharif,Mango,173,2197,12.69942197
Puducherry,PONDICHERRY,2010,Kharif,Moong(Green Gram),1,1,1
Puducherry,PONDICHERRY,2010,Kharif,Other Kharif pulses,1,1,1
Puducherry,PONDICHERRY,2010,Kharif,Ragi,13,28,2.153846154
Puducherry,PONDICHERRY,2010,Kharif,Rice,3488,10297,2.95212156
Puducherry,PONDICHERRY,2010,Kharif,Sesamum,5,4,0.8
Puducherry,PONDICHERRY,2010,Kharif,Sugarcane,1764,277610,157.3752834
Puducherry,PONDICHERRY,2010,Kharif,Sunflower,1,1,1
Puducherry,PONDICHERRY,2010,Kharif,Sweet potato,1,8,8
Puducherry,PONDICHERRY,2010,Kharif,Tapioca,251,4719,18.80079681
Puducherry,PONDICHERRY,2010,Kharif,Turmeric,4,6,1.5
Puducherry,PONDICHERRY,2010,Kharif,Urad,22,17,0.772727273
Puducherry,PONDICHERRY,2010,Rabi,Dry chillies,3,4,1.333333333
Puducherry,PONDICHERRY,2010,Rabi,Groundnut,312,621,1.990384615
Puducherry,PONDICHERRY,2010,Rabi,Moong(Green Gram),2,2,1
Puducherry,PONDICHERRY,2010,Rabi,Onion,1,7,7
Puducherry,PONDICHERRY,2010,Rabi,Other  Rabi pulses,20,18,0.9
Puducherry,PONDICHERRY,2010,Rabi,Ragi,1,2,2
Puducherry,PONDICHERRY,2010,Rabi,Rice,5145,12034,2.338969874
Puducherry,PONDICHERRY,2010,Rabi,Sesamum,15,12,0.8
Puducherry,PONDICHERRY,2010,Rabi,Tapioca,3,57,19
Puducherry,PONDICHERRY,2010,Rabi,Urad,189,206,1.08994709
Puducherry,PONDICHERRY,2010,Summer,Bajra,5,11,2.2
Puducherry,PONDICHERRY,2010,Summer,Dry chillies,2,2,1
Puducherry,PONDICHERRY,2010,Summer,Groundnut,74,141,1.905405405
Puducherry,PONDICHERRY,2010,Summer,Moong(Green Gram),29,23,0.793103448
Puducherry,PONDICHERRY,2010,Summer,Other  Rabi pulses,2,2,1
Puducherry,PONDICHERRY,2010,Summer,Ragi,8,20,2.5
Puducherry,PONDICHERRY,2010,Summer,Rice,4675,12679,2.712085561
Puducherry,PONDICHERRY,2010,Summer,Sesamum,109,88,0.80733945
Puducherry,PONDICHERRY,2010,Summer,Urad,53,41,0.773584906
Puducherry,PONDICHERRY,2010,Whole Year,Coconut,1167,13844000,11862.89632
Puducherry,PONDICHERRY,2011,Kharif,Bajra,11,29,2.636363636
Puducherry,PONDICHERRY,2011,Kharif,Banana,228,2859,12.53947368
Puducherry,PONDICHERRY,2011,Kharif,Brinjal,29,428,14.75862069
Puducherry,PONDICHERRY,2011,Kharif,Cashewnut,149,45,0.302013423
Puducherry,PONDICHERRY,2011,Kharif,Dry chillies,1,2,2
Puducherry,PONDICHERRY,2011,Kharif,Groundnut,16,30,1.875
Puducherry,PONDICHERRY,2011,Kharif,Mango,167,256,1.532934132
Puducherry,PONDICHERRY,2011,Kharif,Moong(Green Gram),1,1,1
Puducherry,PONDICHERRY,2011,Kharif,Other Kharif pulses,1,1,1
Puducherry,PONDICHERRY,2011,Kharif,Ragi,12,33,2.75
Puducherry,PONDICHERRY,2011,Kharif,Rice,3264,9881,3.027267157
Puducherry,PONDICHERRY,2011,Kharif,Sesamum,3,2,0.666666667
Puducherry,PONDICHERRY,2011,Kharif,Sugarcane,1949,287785,147.6577732
Puducherry,PONDICHERRY,2011,Kharif,Tapioca,241,6014,24.95435685
Puducherry,PONDICHERRY,2011,Kharif,Turmeric,2,3,1.5
Puducherry,PONDICHERRY,2011,Kharif,Urad,15,12,0.8
Puducherry,PONDICHERRY,2011,Rabi,Brinjal,9,89,9.888888889
Puducherry,PONDICHERRY,2011,Rabi,Groundnut,272,379,1.393382353
Puducherry,PONDICHERRY,2011,Rabi,Moong(Green Gram),1,,
Puducherry,PONDICHERRY,2011,Rabi,Onion,1,7,7
Puducherry,PONDICHERRY,2011,Rabi,Other  Rabi pulses,20,20,1
Puducherry,PONDICHERRY,2011,Rabi,Other Kharif pulses,20,20,1
Puducherry,PONDICHERRY,2011,Rabi,Rice,4722,9532,2.018636171
Puducherry,PONDICHERRY,2011,Rabi,Sesamum,6,4,0.666666667
Puducherry,PONDICHERRY,2011,Rabi,Tapioca,1,24,24
Puducherry,PONDICHERRY,2011,Rabi,Turmeric,4,6,1.5
Puducherry,PONDICHERRY,2011,Rabi,Urad,205,232,1.131707317
Puducherry,PONDICHERRY,2011,Summer,Bajra,20,51,2.55
Puducherry,PONDICHERRY,2011,Summer,Brinjal,13,168,12.92307692
Puducherry,PONDICHERRY,2011,Summer,Cotton(lint),1,1,1
Puducherry,PONDICHERRY,2011,Summer,Dry chillies,1,2,2
Puducherry,PONDICHERRY,2011,Summer,Groundnut,18,35,1.944444444
Puducherry,PONDICHERRY,2011,Summer,Jowar,1,2,2
Puducherry,PONDICHERRY,2011,Summer,Ragi,10,25,2.5
Puducherry,PONDICHERRY,2011,Summer,Rice,2002,5804,2.899100899
Puducherry,PONDICHERRY,2011,Summer,Sesamum,110,91,0.827272727
Puducherry,PONDICHERRY,2011,Summer,Urad,11,9,0.818181818
Puducherry,PONDICHERRY,2011,Whole Year,Coconut,1135,6753000,5949.779736
Puducherry,PONDICHERRY,2012,Kharif,Bajra,9,27,3
Puducherry,PONDICHERRY,2012,Kharif,Banana,249,10617,42.63855422
Puducherry,PONDICHERRY,2012,Kharif,Brinjal,22,484,22
Puducherry,PONDICHERRY,2012,Kharif,Cashewnut,137,49,0.357664234
Puducherry,PONDICHERRY,2012,Kharif,Dry chillies,1,2,2
Puducherry,PONDICHERRY,2012,Kharif,Groundnut,6,17,2.833333333
Puducherry,PONDICHERRY,2012,Kharif,Jowar,2,4,2
Puducherry,PONDICHERRY,2012,Kharif,Mango,157,3283,20.91082803
Puducherry,PONDICHERRY,2012,Kharif,Paddy,2818,14214,5.044002839
Puducherry,PONDICHERRY,2012,Kharif,Ragi,16,37,2.3125
Puducherry,PONDICHERRY,2012,Kharif,Rice,2818,9477,3.363023421
Puducherry,PONDICHERRY,2012,Kharif,Sesamum,4,3,0.75
Puducherry,PONDICHERRY,2012,Kharif,Sugarcane,2027,304516,150.2298964
Puducherry,PONDICHERRY,2012,Kharif,Sweet potato,2,24,12
Puducherry,PONDICHERRY,2012,Kharif,Tapioca,181,4319,23.86187845
Puducherry,PONDICHERRY,2012,Kharif,Urad,4,4,1
Puducherry,PONDICHERRY,2012,Rabi,Brinjal,13,141,10.84615385
Puducherry,PONDICHERRY,2012,Rabi,Dry chillies,2,4,2
Puducherry,PONDICHERRY,2012,Rabi,Groundnut,323,678,2.099071207
Puducherry,PONDICHERRY,2012,Rabi,Moong(Green Gram),1,1,1
Puducherry,PONDICHERRY,2012,Rabi,Onion,1,18,18
Puducherry,PONDICHERRY,2012,Rabi,Other  Rabi pulses,28,29,1.035714286
Puducherry,PONDICHERRY,2012,Rabi,Other Kharif pulses,13,16,1.230769231
Puducherry,PONDICHERRY,2012,Rabi,Rice,4322,14155,3.275104118
Puducherry,PONDICHERRY,2012,Rabi,Sesamum,7,5,0.714285714
Puducherry,PONDICHERRY,2012,Rabi,Sweet potato,2,18,9
Puducherry,PONDICHERRY,2012,Rabi,Tapioca,7,120,17.14285714
Puducherry,PONDICHERRY,2012,Rabi,Turmeric,5,9,1.8
Puducherry,PONDICHERRY,2012,Rabi,Urad,213,302,1.417840376
Puducherry,PONDICHERRY,2012,Summer,Bajra,12,36,3
Puducherry,PONDICHERRY,2012,Summer,Brinjal,21,297,14.14285714
Puducherry,PONDICHERRY,2012,Summer,Cotton(lint),6,4,0.666666667
Puducherry,PONDICHERRY,2012,Summer,Dry chillies,1,2,2
Puducherry,PONDICHERRY,2012,Summer,Groundnut,35,91,2.6
Puducherry,PONDICHERRY,2012,Summer,Jowar,1,2,2
Puducherry,PONDICHERRY,2012,Summer,Moong(Green Gram),1,1,1
Puducherry,PONDICHERRY,2012,Summer,Onion,1,18,18
Puducherry,PONDICHERRY,2012,Summer,Ragi,17,31,1.823529412
Puducherry,PONDICHERRY,2012,Summer,Rice,3742,11507,3.075093533
Puducherry,PONDICHERRY,2012,Summer,Sesamum,100,111,1.11
Puducherry,PONDICHERRY,2012,Summer,Urad,26,29,1.115384615
Puducherry,PONDICHERRY,2012,Whole Year,Coconut,1074,12175000,11336.12663
Puducherry,PONDICHERRY,2013,Kharif,Bajra,12,31,2.583333333
Puducherry,PONDICHERRY,2013,Kharif,Banana,209,7059,33.77511962
Puducherry,PONDICHERRY,2013,Kharif,Brinjal,31,496,16
Puducherry,PONDICHERRY,2013,Kharif,Cashewnut,141,50,0.354609929
Puducherry,PONDICHERRY,2013,Kharif,Dry chillies,1,4,4
Puducherry,PONDICHERRY,2013,Kharif,Groundnut,5,15,3
Puducherry,PONDICHERRY,2013,Kharif,Jowar,1,2,2
Puducherry,PONDICHERRY,2013,Kharif,Mango,151,3506,23.21854305
Puducherry,PONDICHERRY,2013,Kharif,Onion,1,18,18
Puducherry,PONDICHERRY,2013,Kharif,Paddy,2954,15715,5.319905213
Puducherry,PONDICHERRY,2013,Kharif,Ragi,19,36,1.894736842
Puducherry,PONDICHERRY,2013,Kharif,Rice,2954,10478,3.547054841
Puducherry,PONDICHERRY,2013,Kharif,Sesamum,11,8,0.727272727
Puducherry,PONDICHERRY,2013,Kharif,Small millets,3,3,1
Puducherry,PONDICHERRY,2013,Kharif,Sugarcane,2024,304066,150.2302372
Puducherry,PONDICHERRY,2013,Kharif,Sweet potato,1,9,9
Puducherry,PONDICHERRY,2013,Kharif,Tapioca,166,4980,30
Puducherry,PONDICHERRY,2013,Kharif,Urad,3,2,0.666666667
Puducherry,PONDICHERRY,2013,Rabi,Brinjal,16,192,12
Puducherry,PONDICHERRY,2013,Rabi,Dry chillies,2,12,6
Puducherry,PONDICHERRY,2013,Rabi,Groundnut,320,800,2.5
Puducherry,PONDICHERRY,2013,Rabi,Other  Rabi pulses,50,46,0.92
Puducherry,PONDICHERRY,2013,Rabi,Other Kharif pulses,3,3,1
Puducherry,PONDICHERRY,2013,Rabi,Ragi,1,2,2
Puducherry,PONDICHERRY,2013,Rabi,Rice,4223,13535,3.205067488
Puducherry,PONDICHERRY,2013,Rabi,Sesamum,4,3,0.75
Puducherry,PONDICHERRY,2013,Rabi,Sweet potato,1,10,10
Puducherry,PONDICHERRY,2013,Rabi,Tapioca,17,424,24.94117647
Puducherry,PONDICHERRY,2013,Rabi,Turmeric,2,5,2.5
Puducherry,PONDICHERRY,2013,Rabi,Urad,123,133,1.081300813
Puducherry,PONDICHERRY,2013,Summer,Brinjal,26,552,21.23076923
Puducherry,PONDICHERRY,2013,Summer,Cotton(lint),1,1,1
Puducherry,PONDICHERRY,2013,Summer,Dry chillies,2,23,11.5
Puducherry,PONDICHERRY,2013,Summer,Groundnut,26,51,1.961538462
Puducherry,PONDICHERRY,2013,Summer,Jowar,1,2,2
Puducherry,PONDICHERRY,2013,Summer,Moong(Green Gram),86,65,0.755813953
Puducherry,PONDICHERRY,2013,Summer,Onion,3,54,18
Puducherry,PONDICHERRY,2013,Summer,Other  Rabi pulses,1,1,1
Puducherry,PONDICHERRY,2013,Summer,Paddy,3761,19406,5.159797926
Puducherry,PONDICHERRY,2013,Summer,Ragi,21,39,1.857142857
Puducherry,PONDICHERRY,2013,Summer,Rice,3761,12938,3.440042542
Puducherry,PONDICHERRY,2013,Summer,Sesamum,177,146,0.824858757
Puducherry,PONDICHERRY,2013,Summer,Urad,24,24,1
Puducherry,PONDICHERRY,2013,Whole Year,Coconut,1047,11869000,11336.19866
Puducherry,PONDICHERRY,2014,Kharif,Bajra,6,11,1.833333333
Puducherry,PONDICHERRY,2014,Kharif,Banana,237,7079,29.86919831
Puducherry,PONDICHERRY,2014,Kharif,Brinjal,28,535,19.10714286
Puducherry,PONDICHERRY,2014,Kharif,Cashewnut,138,41,0.297101449
Puducherry,PONDICHERRY,2014,Kharif,Dry chillies,20,18,0.9
Puducherry,PONDICHERRY,2014,Kharif,Groundnut,8,24,3
Puducherry,PONDICHERRY,2014,Kharif,Jowar,2,3,1.5
Puducherry,PONDICHERRY,2014,Kharif,Mango,146,2947,20.18493151
Puducherry,PONDICHERRY,2014,Kharif,Onion,1,9,9
Puducherry,PONDICHERRY,2014,Kharif,Ragi,11,26,2.363636364
Puducherry,PONDICHERRY,2014,Kharif,Rice,2942,10041,3.412984364
Puducherry,PONDICHERRY,2014,Kharif,Sesamum,3,2,0.666666667
Puducherry,PONDICHERRY,2014,Kharif,Sugarcane,1921,316965,165
Puducherry,PONDICHERRY,2014,Kharif,Sweet potato,4,60,15
Puducherry,PONDICHERRY,2014,Kharif,Tapioca,188,4782,25.43617021
Puducherry,PONDICHERRY,2014,Kharif,Urad,9,7,0.777777778
Puducherry,PONDICHERRY,2014,Rabi,Brinjal,14,209,14.92857143
Puducherry,PONDICHERRY,2014,Rabi,Dry chillies,2,26,13
Puducherry,PONDICHERRY,2014,Rabi,Groundnut,335,1005,3
Puducherry,PONDICHERRY,2014,Rabi,Other  Rabi pulses,64,52,0.8125
Puducherry,PONDICHERRY,2014,Rabi,Other Kharif pulses,2,3,1.5
Puducherry,PONDICHERRY,2014,Rabi,Rice,4483,15516,3.461075173
Puducherry,PONDICHERRY,2014,Rabi,Sesamum,12,9,0.75
Puducherry,PONDICHERRY,2014,Rabi,Sweet potato,2,23,11.5
Puducherry,PONDICHERRY,2014,Rabi,Tapioca,17,432,25.41176471
Puducherry,PONDICHERRY,2014,Rabi,Turmeric,1,2,2
Puducherry,PONDICHERRY,2014,Rabi,Urad,144,147,1.020833333
Puducherry,PONDICHERRY,2014,Summer,Brinjal,23,489,21.26086957
Puducherry,PONDICHERRY,2014,Summer,Cotton(lint),30,36,1.2
Puducherry,PONDICHERRY,2014,Summer,Dry chillies,2,22,11
Puducherry,PONDICHERRY,2014,Summer,Groundnut,14,27,1.928571429
Puducherry,PONDICHERRY,2014,Summer,Moong(Green Gram),107,66,0.61682243
Puducherry,PONDICHERRY,2014,Summer,Onion,3,29,9.666666667
Puducherry,PONDICHERRY,2014,Summer,Ragi,32,58,1.8125
Puducherry,PONDICHERRY,2014,Summer,Rice,4005,14518,3.624968789
Puducherry,PONDICHERRY,2014,Summer,Sesamum,125,103,0.824
Puducherry,PONDICHERRY,2014,Summer,Urad,31,31,1
Puducherry,PONDICHERRY,2014,Whole Year,Coconut,1050,19950000,19000
Puducherry,YANAM,1998,Kharif,Coriander,2,1,0.5
Puducherry,YANAM,1998,Kharif,Rice,337,899,2.667655786
Puducherry,YANAM,1998,Kharif,Sesamum,1,1,1
Puducherry,YANAM,1998,Rabi,Rice,328,1290,3.932926829
Puducherry,YANAM,1999,Kharif,Dry ginger,3,2,0.666666667
Puducherry,YANAM,1999,Kharif,Ragi,1,3,3
Puducherry,YANAM,1999,Kharif,Rice,695,2791,4.015827338
Puducherry,YANAM,1999,Rabi,Moong(Green Gram),234,117,0.5
Puducherry,YANAM,1999,Rabi,Other  Rabi pulses,2,2,1
Puducherry,YANAM,1999,Rabi,Urad,20,11,0.55
Puducherry,YANAM,1999,Whole Year,Banana,5,150,30
Puducherry,YANAM,1999,Whole Year,Coconut,319,3190000,10000
Puducherry,YANAM,1999,Whole Year,Coriander,3,2,0.666666667
Puducherry,YANAM,2000,Kharif,Moong(Green Gram),149,93,0.624161074
Puducherry,YANAM,2000,Kharif,Rice,690,2207,3.198550725
Puducherry,YANAM,2000,Kharif,Urad,21,11,0.523809524
Puducherry,YANAM,2000,Rabi,Moong(Green Gram),149,93,0.624161074
Puducherry,YANAM,2000,Rabi,Other  Rabi pulses,3,1,0.333333333
Puducherry,YANAM,2000,Rabi,Urad,21,11,0.523809524
Puducherry,YANAM,2000,Whole Year,Banana,3,72,24
Puducherry,YANAM,2000,Whole Year,Coconut,318,2862000,9000
Puducherry,YANAM,2000,Whole Year,Coriander,1,1,1
Puducherry,YANAM,2000,Whole Year,Dry chillies,1,3,3
Puducherry,YANAM,2001,Kharif,Rice,720,2040,2.833333333
Puducherry,YANAM,2001,Rabi,Moong(Green Gram),222,46,0.207207207
Puducherry,YANAM,2001,Rabi,Other  Rabi pulses,9,5,0.555555556
Puducherry,YANAM,2001,Rabi,Urad,32,16,0.5
Puducherry,YANAM,2001,Whole Year,Banana,1,15,15
Puducherry,YANAM,2001,Whole Year,Coconut,315,3150000,10000
Puducherry,YANAM,2001,Whole Year,Coriander,2,1,0.5
Puducherry,YANAM,2002,Kharif,Ragi,2,2,1
Puducherry,YANAM,2002,Kharif,Rice,592,2217,3.744932432
Puducherry,YANAM,2002,Rabi,Moong(Green Gram),172,60,0.348837209
Puducherry,YANAM,2002,Rabi,Urad,24,9,0.375
Puducherry,YANAM,2002,Whole Year,Banana,1,13,13
Puducherry,YANAM,2002,Whole Year,Coconut,313,3130000,10000
Puducherry,YANAM,2002,Whole Year,Coriander,5,4,0.8
Puducherry,YANAM,2002,Whole Year,Mango,1,8,8
Puducherry,YANAM,2003,Kharif,Ragi,1,1,1
Puducherry,YANAM,2003,Kharif,Rice,594,2402,4.043771044
Puducherry,YANAM,2003,Rabi,Moong(Green Gram),241,108,0.44813278
Puducherry,YANAM,2003,Rabi,Other  Rabi pulses,1,1,1
Puducherry,YANAM,2003,Rabi,Urad,8,8,1
Puducherry,YANAM,2003,Whole Year,Coconut,307,3684000,12000
Puducherry,YANAM,2003,Whole Year,Coriander,2,1,0.5
Puducherry,YANAM,2003,Whole Year,Dry chillies,1,2,2
Puducherry,YANAM,2003,Whole Year,Mango,1,7,7
Puducherry,YANAM,2003,Whole Year,Onion,1,1,1
Puducherry,YANAM,2004,Autumn,Rice,330,1184,3.587878788
Puducherry,YANAM,2004,Rabi,Moong(Green Gram),179,107,0.597765363
Puducherry,YANAM,2004,Rabi,Urad,11,6,0.545454545
Puducherry,YANAM,2004,Whole Year,Coconut,309,3708000,12000
Puducherry,YANAM,2004,Whole Year,Dry chillies,2,3,1.5
Puducherry,YANAM,2004,Whole Year,Onion,1,1,1
Puducherry,YANAM,2004,Winter,Rice,270,1123,4.159259259
Puducherry,YANAM,2005,Autumn,Rice,321,846,2.635514019
Puducherry,YANAM,2005,Kharif,Other Kharif pulses,2,1,0.5
Puducherry,YANAM,2005,Kharif,Sesamum,1,,
Puducherry,YANAM,2005,Rabi,Moong(Green Gram),215,108,0.502325581
Puducherry,YANAM,2005,Rabi,Urad,13,7,0.538461538
Puducherry,YANAM,2005,Whole Year,Coconut,303,4091000,13501.65017
Puducherry,YANAM,2005,Winter,Rice,286,1353,4.730769231
Puducherry,YANAM,2006,Kharif,Rice,313,856,2.734824281
Puducherry,YANAM,2006,Rabi,Rice,283,1909,6.745583039
Puducherry,YANAM,2007,Kharif,Rice,274,945,3.448905109
Puducherry,YANAM,2007,Rabi,Coriander,4,2,0.5
Puducherry,YANAM,2007,Rabi,Rice,255,1070,4.196078431
Puducherry,YANAM,2007,Rabi,Urad,7,4,0.571428571
Puducherry,YANAM,2007,Summer,Moong(Green Gram),168,100,0.595238095
Puducherry,YANAM,2007,Summer,Urad,7,4,0.571428571
Puducherry,YANAM,2007,Whole Year,Coconut,297,4010000,13501.6835
Puducherry,YANAM,2008,Kharif,Rice,271,958,3.535055351
Puducherry,YANAM,2008,Rabi,Coriander,2,1,0.5
Puducherry,YANAM,2008,Rabi,Moong(Green Gram),5,3,0.6
Puducherry,YANAM,2008,Rabi,Rice,248,1048,4.225806452
Puducherry,YANAM,2008,Rabi,Urad,5,2,0.4
Puducherry,YANAM,2008,Summer,Moong(Green Gram),138,79,0.572463768
Puducherry,YANAM,2008,Summer,Urad,2,1,0.5
Puducherry,YANAM,2008,Whole Year,Coconut,293,3750000,12798.63481
Puducherry,YANAM,2009,Kharif,Rice,311,1104,3.549839228
Puducherry,YANAM,2009,Rabi,Coriander,6,3,0.5
Puducherry,YANAM,2009,Rabi,Moong(Green Gram),2,1,0.5
Puducherry,YANAM,2009,Rabi,Rice,247,1050,4.251012146
Puducherry,YANAM,2009,Rabi,Urad,5,2,0.4
Puducherry,YANAM,2009,Summer,Moong(Green Gram),35,19,0.542857143
Puducherry,YANAM,2009,Summer,Urad,1,1,1
Puducherry,YANAM,2009,Whole Year,Coconut,290,3683000,12700
Puducherry,YANAM,2010,Kharif,Mango,1,8,8
Puducherry,YANAM,2010,Kharif,Rice,323,776,2.40247678
Puducherry,YANAM,2010,Rabi,Moong(Green Gram),13,7,0.538461538
Puducherry,YANAM,2010,Rabi,Other  Rabi pulses,3,1,0.333333333
Puducherry,YANAM,2010,Rabi,Rice,260,1464,5.630769231
Puducherry,YANAM,2010,Summer,Moong(Green Gram),80,48,0.6
Puducherry,YANAM,2010,Summer,Urad,15,11,0.733333333
Puducherry,YANAM,2010,Whole Year,Coconut,288,3735000,12968.75
Puducherry,YANAM,2011,Kharif,Mango,1,9,9
Puducherry,YANAM,2011,Kharif,Rice,329,1066,3.240121581
Puducherry,YANAM,2011,Rabi,Moong(Green Gram),2,1,0.5
Puducherry,YANAM,2011,Rabi,Rice,170,699,4.111764706
Puducherry,YANAM,2011,Rabi,Urad,19,10,0.526315789
Puducherry,YANAM,2011,Summer,Moong(Green Gram),52,33,0.634615385
Puducherry,YANAM,2011,Summer,Urad,2,1,0.5
Puducherry,YANAM,2011,Whole Year,Coconut,286,4295000,15017.48252
Puducherry,YANAM,2012,Kharif,Mango,1,10,10
Puducherry,YANAM,2012,Kharif,Paddy,307,1416,4.61237785
Puducherry,YANAM,2012,Kharif,Rice,307,944,3.074918567
Puducherry,YANAM,2012,Rabi,Coriander,1,1,1
Puducherry,YANAM,2012,Rabi,Moong(Green Gram),36,21,0.583333333
Puducherry,YANAM,2012,Rabi,Rice,166,752,4.530120482
Puducherry,YANAM,2012,Rabi,Urad,14,8,0.571428571
Puducherry,YANAM,2012,Summer,Moong(Green Gram),29,19,0.655172414
Puducherry,YANAM,2012,Whole Year,Coconut,285,5641000,19792.98246
Puducherry,YANAM,2013,Kharif,Mango,1,9,9
Puducherry,YANAM,2013,Kharif,Paddy,339,1330,3.923303835
Puducherry,YANAM,2013,Kharif,Rice,339,887,2.616519174
Puducherry,YANAM,2013,Rabi,Moong(Green Gram),37,19,0.513513514
Puducherry,YANAM,2013,Rabi,Rice,184,1025,5.570652174
Puducherry,YANAM,2013,Rabi,Urad,9,5,0.555555556
Puducherry,YANAM,2013,Whole Year,Coconut,284,4124000,14521.12676
Puducherry,YANAM,2014,Kharif,Rice,241,774,3.211618257
Puducherry,YANAM,2014,Rabi,Coriander,1,1,1
Puducherry,YANAM,2014,Rabi,Moong(Green Gram),56,42,0.75
Puducherry,YANAM,2014,Rabi,Rice,218,1042,4.779816514
Puducherry,YANAM,2014,Rabi,Urad,27,27,1
Puducherry,YANAM,2014,Summer,Moong(Green Gram),56,42,0.75
Puducherry,YANAM,2014,Whole Year,Coconut,284,3408000,12000
Punjab,AMRITSAR,1997,Kharif,Arhar/Tur,1800,1400,0.777777778
Punjab,AMRITSAR,1997,Kharif,Bajra,1000,1000,1
Punjab,AMRITSAR,1997,Kharif,Maize,7000,14000,2
Punjab,AMRITSAR,1997,Kharif,Rice,292000,879000,3.010273973
Punjab,AMRITSAR,1997,Kharif,Sesamum,6000,1700,0.283333333
Punjab,AMRITSAR,1997,Kharif,Urad,600,200,0.333333333
Punjab,AMRITSAR,1997,Rabi,Gram,400,300,0.75
Punjab,AMRITSAR,1997,Rabi,Masoor,700,400,0.571428571
Punjab,AMRITSAR,1997,Rabi,Rapeseed &Mustard,8000,6000,0.75
Punjab,AMRITSAR,1997,Rabi,Wheat,349000,1318000,3.776504298
Punjab,AMRITSAR,1997,Whole Year,Cotton(lint),5000,2000,0.4
Punjab,AMRITSAR,1997,Whole Year,Moong(Green Gram),8400,5300,0.630952381
Punjab,AMRITSAR,1997,Whole Year,Sugarcane,11000,600000,54.54545455
Punjab,AMRITSAR,1998,Kharif,Arhar/Tur,1100,700,0.636363636
Punjab,AMRITSAR,1998,Kharif,Cotton(lint),4000,3000,0.75
Punjab,AMRITSAR,1998,Kharif,Maize,6000,14000,2.333333333
Punjab,AMRITSAR,1998,Kharif,Moong(Green Gram),8300,5100,0.614457831
Punjab,AMRITSAR,1998,Kharif,Rice,305000,878000,2.878688525
Punjab,AMRITSAR,1998,Kharif,Sesamum,4700,1500,0.319148936
Punjab,AMRITSAR,1998,Kharif,Urad,400,200,0.5
Punjab,AMRITSAR,1998,Rabi,Gram,2200,200,0.090909091
Punjab,AMRITSAR,1998,Rabi,Masoor,700,600,0.857142857
Punjab,AMRITSAR,1998,Rabi,Peas & beans (Pulses),400,300,0.75
Punjab,AMRITSAR,1998,Rabi,Rapeseed &Mustard,4000,4000,1
Punjab,AMRITSAR,1998,Rabi,Wheat,214000,862000,4.028037383
Punjab,AMRITSAR,1998,Whole Year,Sugarcane,9000,540000,60
Punjab,AMRITSAR,1999,Kharif,Arhar/Tur,1200,1300,1.083333333
Punjab,AMRITSAR,1999,Kharif,Cotton(lint),2000,3000,1.5
Punjab,AMRITSAR,1999,Kharif,Maize,5000,12000,2.4
Punjab,AMRITSAR,1999,Kharif,Moong(Green Gram),6300,4700,0.746031746
Punjab,AMRITSAR,1999,Kharif,Rice,319000,991000,3.106583072
Punjab,AMRITSAR,1999,Kharif,Sesamum,6400,1800,0.28125
Punjab,AMRITSAR,1999,Kharif,Urad,400,200,0.5
Punjab,AMRITSAR,1999,Rabi,Gram,400,400,1
Punjab,AMRITSAR,1999,Rabi,Masoor,500,500,1
Punjab,AMRITSAR,1999,Rabi,Peas & beans (Pulses),600,600,1
Punjab,AMRITSAR,1999,Rabi,Rapeseed &Mustard,5000,6000,1.2
Punjab,AMRITSAR,1999,Rabi,Wheat,358000,1738000,4.854748603
Punjab,AMRITSAR,1999,Whole Year,Sugarcane,8000,530000,66.25
Punjab,AMRITSAR,2000,Kharif,Arhar/Tur,1200,1400,1.166666667
Punjab,AMRITSAR,2000,Kharif,Cotton(lint),2000,2000,1
Punjab,AMRITSAR,2000,Kharif,Maize,5000,11000,2.2
Punjab,AMRITSAR,2000,Kharif,Moong(Green Gram),3500,1900,0.542857143
Punjab,AMRITSAR,2000,Kharif,Rice,319000,972000,3.047021944
Punjab,AMRITSAR,2000,Kharif,Sesamum,8700,3400,0.390804598
Punjab,AMRITSAR,2000,Rabi,Gram,500,500,1
Punjab,AMRITSAR,2000,Rabi,Masoor,500,400,0.8
Punjab,AMRITSAR,2000,Rabi,Other  Rabi pulses,300,300,1
Punjab,AMRITSAR,2000,Rabi,Wheat,361000,1690000,4.681440443
Punjab,AMRITSAR,2000,Whole Year,Sugarcane,11000,700000,63.63636364
Punjab,AMRITSAR,2001,Kharif,Arhar/Tur,1400,1100,0.785714286
Punjab,AMRITSAR,2001,Kharif,Cotton(lint),2000,3000,1.5
Punjab,AMRITSAR,2001,Kharif,Maize,5000,12000,2.4
Punjab,AMRITSAR,2001,Kharif,Moong(Green Gram),2700,1600,0.592592593
Punjab,AMRITSAR,2001,Kharif,Rice,319000,958000,3.003134796
Punjab,AMRITSAR,2001,Kharif,Sesamum,9000,3500,0.388888889
Punjab,AMRITSAR,2001,Rabi,Gram,500,400,0.8
Punjab,AMRITSAR,2001,Rabi,Masoor,600,500,0.833333333
Punjab,AMRITSAR,2001,Rabi,Rapeseed &Mustard,300,300,1
Punjab,AMRITSAR,2001,Rabi,Wheat,363000,1700000,4.683195592
Punjab,AMRITSAR,2001,Whole Year,Sugarcane,11000,750000,68.18181818
Punjab,AMRITSAR,2002,Kharif,Arhar/Tur,1200,1000,0.833333333
Punjab,AMRITSAR,2002,Kharif,Cotton(lint),1000,1000,1
Punjab,AMRITSAR,2002,Kharif,Maize,4000,7000,1.75
Punjab,AMRITSAR,2002,Kharif,Moong(Green Gram),1800,1300,0.722222222
Punjab,AMRITSAR,2002,Kharif,Rice,311000,879000,2.826366559
Punjab,AMRITSAR,2002,Kharif,Sesamum,5200,1500,0.288461538
Punjab,AMRITSAR,2002,Kharif,Urad,700,300,0.428571429
Punjab,AMRITSAR,2002,Rabi,Gram,300,300,1
Punjab,AMRITSAR,2002,Rabi,Masoor,500,300,0.6
Punjab,AMRITSAR,2002,Rabi,Rapeseed &Mustard,2000,2000,1
Punjab,AMRITSAR,2002,Rabi,Wheat,356000,1513000,4.25
Punjab,AMRITSAR,2002,Whole Year,Sugarcane,11000,720000,65.45454545
Punjab,AMRITSAR,2003,Kharif,Arhar/Tur,1500,1400,0.933333333
Punjab,AMRITSAR,2003,Kharif,Cotton(lint),1000,2000,2
Punjab,AMRITSAR,2003,Kharif,Maize,4000,13000,3.25
Punjab,AMRITSAR,2003,Kharif,Moong(Green Gram),2800,1900,0.678571429
Punjab,AMRITSAR,2003,Kharif,Rice,326000,872000,2.674846626
Punjab,AMRITSAR,2003,Kharif,Sesamum,3800,1300,0.342105263
Punjab,AMRITSAR,2003,Kharif,Urad,800,300,0.375
Punjab,AMRITSAR,2003,Rabi,Gram,300,300,1
Punjab,AMRITSAR,2003,Rabi,Masoor,400,300,0.75
Punjab,AMRITSAR,2003,Rabi,Rapeseed &Mustard,2000,2000,1
Punjab,AMRITSAR,2003,Rabi,Sunflower,1000,2000,2
Punjab,AMRITSAR,2003,Rabi,Wheat,358000,1538000,4.296089385
Punjab,AMRITSAR,2003,Whole Year,Sugarcane,10000,570000,57
Punjab,AMRITSAR,2004,Kharif,Arhar/Tur,1400,1100,0.785714286
Punjab,AMRITSAR,2004,Kharif,Cotton(lint),1000,3000,3
Punjab,AMRITSAR,2004,Kharif,Maize,4000,13000,3.25
Punjab,AMRITSAR,2004,Kharif,Moong(Green Gram),2200,1600,0.727272727
Punjab,AMRITSAR,2004,Kharif,Rice,334000,1034000,3.095808383
Punjab,AMRITSAR,2004,Kharif,Sesamum,3400,1600,0.470588235
Punjab,AMRITSAR,2004,Kharif,Urad,300,100,0.333333333
Punjab,AMRITSAR,2004,Rabi,Gram,200,200,1
Punjab,AMRITSAR,2004,Rabi,Masoor,300,0,0
Punjab,AMRITSAR,2004,Rabi,Rapeseed &Mustard,2000,2000,1
Punjab,AMRITSAR,2004,Rabi,Wheat,372000,1591000,4.27688172
Punjab,AMRITSAR,2004,Whole Year,Sugarcane,7000,440000,62.85714286
Punjab,AMRITSAR,2005,Kharif,Arhar/Tur,1100,900,0.818181818
Punjab,AMRITSAR,2005,Kharif,Cotton(lint),1000,3000,3
Punjab,AMRITSAR,2005,Kharif,Maize,3000,11000,3.666666667
Punjab,AMRITSAR,2005,Kharif,Moong(Green Gram),1500,1100,0.733333333
Punjab,AMRITSAR,2005,Kharif,Rice,345000,1003000,2.907246377
Punjab,AMRITSAR,2005,Kharif,Sesamum,4600,1600,0.347826087
Punjab,AMRITSAR,2005,Kharif,Urad,200,100,0.5
Punjab,AMRITSAR,2005,Rabi,Masoor,100,100,1
Punjab,AMRITSAR,2005,Rabi,Peas & beans (Pulses),300,400,1.333333333
Punjab,AMRITSAR,2005,Rabi,Rapeseed &Mustard,2000,2000,1
Punjab,AMRITSAR,2005,Rabi,Wheat,371000,1643000,4.428571429
Punjab,AMRITSAR,2005,Whole Year,Sugarcane,6000,367000,61.16666667
Punjab,AMRITSAR,2006,Kharif,Arhar/Tur,200,200,1
Punjab,AMRITSAR,2006,Kharif,Maize,2000,9000,4.5
Punjab,AMRITSAR,2006,Kharif,Rice,178000,538000,3.02247191
Punjab,AMRITSAR,2006,Kharif,Sesamum,2100,800,0.380952381
Punjab,AMRITSAR,2006,Kharif,Urad,300,100,0.333333333
Punjab,AMRITSAR,2006,Rabi,Masoor,100,100,1
Punjab,AMRITSAR,2006,Rabi,Peas & beans (Pulses),100,100,1
Punjab,AMRITSAR,2006,Rabi,Rapeseed &Mustard,1000,1000,1
Punjab,AMRITSAR,2006,Rabi,Wheat,185000,767000,4.145945946
Punjab,AMRITSAR,2007,Kharif,Arhar/Tur,200,200,1
Punjab,AMRITSAR,2007,Kharif,Maize,2000,10000,5
Punjab,AMRITSAR,2007,Kharif,Rice,178000,546000,3.06741573
Punjab,AMRITSAR,2007,Kharif,Sesamum,1900,600,0.315789474
Punjab,AMRITSAR,2007,Kharif,Urad,500,200,0.4
Punjab,AMRITSAR,2007,Rabi,Masoor,1000,1000,1
Punjab,AMRITSAR,2007,Rabi,Rapeseed &Mustard,2000,2000,1
Punjab,AMRITSAR,2007,Rabi,Wheat,184000,810000,4.402173913
Punjab,AMRITSAR,2008,Kharif,Arhar/Tur,200,200,1
Punjab,AMRITSAR,2008,Kharif,Bajra,1000,1000,1
Punjab,AMRITSAR,2008,Kharif,Maize,1000,4000,4
Punjab,AMRITSAR,2008,Kharif,Moong(Green Gram),100,100,1
Punjab,AMRITSAR,2008,Kharif,Rice,183000,532000,2.907103825
Punjab,AMRITSAR,2008,Kharif,Sesamum,2000,700,0.35
Punjab,AMRITSAR,2008,Kharif,Urad,200,100,0.5
Punjab,AMRITSAR,2008,Rabi,Masoor,1000,1000,1
Punjab,AMRITSAR,2008,Rabi,Rapeseed &Mustard,1000,1000,1
Punjab,AMRITSAR,2008,Rabi,Wheat,187000,757000,4.048128342
Punjab,AMRITSAR,2009,Kharif,Arhar/Tur,100,100,1
Punjab,AMRITSAR,2009,Kharif,Maize,1000,4000,4
Punjab,AMRITSAR,2009,Kharif,Rice,185000,501000,2.708108108
Punjab,AMRITSAR,2009,Kharif,Sesamum,1600,600,0.375
Punjab,AMRITSAR,2009,Kharif,Urad,200,200,1
Punjab,AMRITSAR,2009,Rabi,Rapeseed &Mustard,1000,2000,2
Punjab,AMRITSAR,2009,Rabi,Wheat,185000,753000,4.07027027
Punjab,AMRITSAR,2009,Whole Year,Sugarcane,300,18000,60
Punjab,AMRITSAR,2010,Kharif,Arhar/Tur,100,100,1
Punjab,AMRITSAR,2010,Kharif,Maize,1000,3000,3
Punjab,AMRITSAR,2010,Kharif,Moong(Green Gram),100,100,1
Punjab,AMRITSAR,2010,Kharif,Rice,186000,503000,2.704301075
Punjab,AMRITSAR,2010,Kharif,Sesamum,1500,500,0.333333333
Punjab,AMRITSAR,2010,Kharif,Urad,300,200,0.666666667
Punjab,AMRITSAR,2010,Rabi,Peas & beans (Pulses),400,500,1.25
Punjab,AMRITSAR,2010,Rabi,Rapeseed &Mustard,1000,1000,1
Punjab,AMRITSAR,2010,Rabi,Wheat,189000,810000,4.285714286
Punjab,AMRITSAR,2011,Kharif,Arhar/Tur,1000,1000,1
Punjab,AMRITSAR,2011,Kharif,Bajra,1000,1000,1
Punjab,AMRITSAR,2011,Kharif,Maize,1000,6000,6
Punjab,AMRITSAR,2011,Kharif,Rice,184000,482000,2.619565217
Punjab,AMRITSAR,2011,Kharif,Sesamum,13000,3000,0.230769231
Punjab,AMRITSAR,2011,Kharif,Urad,2000,1000,0.5
Punjab,AMRITSAR,2011,Rabi,Peas & beans (Pulses),1000,1000,1
Punjab,AMRITSAR,2011,Rabi,Rapeseed &Mustard,1000,2000,2
Punjab,AMRITSAR,2011,Rabi,Wheat,190000,945000,4.973684211
Punjab,AMRITSAR,2011,Whole Year,Sugarcane,3,203000,67666.66667
Punjab,AMRITSAR,2012,Kharif,Arhar/Tur,100,100,1
Punjab,AMRITSAR,2012,Kharif,Rice,185000,544000,2.940540541
Punjab,AMRITSAR,2012,Kharif,Sesamum,1200,400,0.333333333
Punjab,AMRITSAR,2012,Kharif,Urad,400,200,0.5
Punjab,AMRITSAR,2012,Rabi,Gram,100,100,1
Punjab,AMRITSAR,2012,Rabi,Masoor,100,100,1
Punjab,AMRITSAR,2012,Rabi,Rapeseed &Mustard,1000,1400,1.4
Punjab,AMRITSAR,2012,Rabi,Wheat,190000,884000,4.652631579
Punjab,AMRITSAR,2012,Whole Year,Guar seed,300,300,1
Punjab,AMRITSAR,2012,Whole Year,Sugarcane,2000,141000,70.5
Punjab,AMRITSAR,2013,Kharif,Arhar/Tur,2000,2000,1
Punjab,AMRITSAR,2013,Kharif,Maize,1000,4000,4
Punjab,AMRITSAR,2013,Kharif,Moong(Green Gram),1000,1000,1
Punjab,AMRITSAR,2013,Kharif,Rice,182000,518000,2.846153846
Punjab,AMRITSAR,2013,Kharif,Sesamum,13000,3000,0.230769231
Punjab,AMRITSAR,2013,Kharif,Urad,3000,1400,0.466666667
Punjab,AMRITSAR,2013,Rabi,Gram,1000,1200,1.2
Punjab,AMRITSAR,2013,Rabi,Rapeseed &Mustard,1000,1400,1.4
Punjab,AMRITSAR,2013,Rabi,Wheat,188000,934000,4.968085106
Punjab,AMRITSAR,2013,Whole Year,Sugarcane,5000,401000,80.2
Punjab,AMRITSAR,2014,Kharif,Arhar/Tur,2000,1800,0.9
Punjab,AMRITSAR,2014,Kharif,Maize,1000,4000,4
Punjab,AMRITSAR,2014,Kharif,Moong(Green Gram),3000,3000,1
Punjab,AMRITSAR,2014,Kharif,Rice,182000,505000,2.774725275
Punjab,AMRITSAR,2014,Kharif,Sesamum,17000,3000,0.176470588
Punjab,AMRITSAR,2014,Kharif,Urad,2000,1100,0.55
Punjab,AMRITSAR,2014,Rabi,Peas & beans (Pulses),4000,4300,1.075
Punjab,AMRITSAR,2014,Rabi,Rapeseed &Mustard,1000,1000,1
Punjab,AMRITSAR,2014,Rabi,Wheat,188000,736000,3.914893617
Punjab,AMRITSAR,2014,Whole Year,Sugarcane,4000,301000,75.25
Punjab,BARNALA,2007,Kharif,Arhar/Tur,100,100,1
Punjab,BARNALA,2007,Kharif,Cotton(lint),14000,81000,5.785714286
Punjab,BARNALA,2007,Kharif,Moong(Green Gram),800,900,1.125
Punjab,BARNALA,2007,Kharif,Rice,99000,466000,4.707070707
Punjab,BARNALA,2007,Rabi,Barley,1000,3000,3
Punjab,BARNALA,2007,Rabi,Gram,1000,1000,1
Punjab,BARNALA,2007,Rabi,Rapeseed &Mustard,1000,1000,1
Punjab,BARNALA,2007,Rabi,Wheat,112000,535000,4.776785714
Punjab,BARNALA,2008,Kharif,Arhar/Tur,100,100,1
Punjab,BARNALA,2008,Kharif,Cotton(lint),12000,57000,4.75
Punjab,BARNALA,2008,Kharif,Guar seed,1,1,1
Punjab,BARNALA,2008,Kharif,Moong(Green Gram),500,500,1
Punjab,BARNALA,2008,Kharif,Rice,102000,485000,4.754901961
Punjab,BARNALA,2008,Rabi,Barley,1000,3000,3
Punjab,BARNALA,2008,Rabi,Gram,1000,1000,1
Punjab,BARNALA,2008,Rabi,Rapeseed &Mustard,1000,2000,2
Punjab,BARNALA,2008,Rabi,Wheat,114000,554000,4.859649123
Punjab,BARNALA,2009,Kharif,Arhar/Tur,100,100,1
Punjab,BARNALA,2009,Kharif,Cotton(lint),11000,50000,4.545454545
Punjab,BARNALA,2009,Kharif,Moong(Green Gram),500,500,1
Punjab,BARNALA,2009,Kharif,Rice,104000,496000,4.769230769
Punjab,BARNALA,2009,Rabi,Barley,1000,3000,3
Punjab,BARNALA,2009,Rabi,Gram,3000,3000,1
Punjab,BARNALA,2009,Rabi,Rapeseed &Mustard,1000,1000,1
Punjab,BARNALA,2009,Rabi,Wheat,114000,520000,4.561403509
Punjab,BARNALA,2010,Kharif,Arhar/Tur,100,100,1
Punjab,BARNALA,2010,Kharif,Cotton(lint),10000,40000,4
Punjab,BARNALA,2010,Kharif,Moong(Green Gram),500,600,1.2
Punjab,BARNALA,2010,Kharif,Rice,105000,465000,4.428571429
Punjab,BARNALA,2010,Rabi,Barley,1000,3000,3
Punjab,BARNALA,2010,Rabi,Gram,100,100,1
Punjab,BARNALA,2010,Rabi,Rapeseed &Mustard,1000,1000,1
Punjab,BARNALA,2010,Rabi,Wheat,115000,572000,4.973913043
Punjab,BARNALA,2011,Kharif,Arhar/Tur,1000,1000,1
Punjab,BARNALA,2011,Kharif,Cotton(lint),11000,44000,4
Punjab,BARNALA,2011,Kharif,Moong(Green Gram),4000,5000,1.25
Punjab,BARNALA,2011,Kharif,Rice,105000,459000,4.371428571
Punjab,BARNALA,2011,Rabi,Barley,1000,4000,4
Punjab,BARNALA,2011,Rabi,Gram,1000,1000,1
Punjab,BARNALA,2011,Rabi,Rapeseed &Mustard,1000,1000,1
Punjab,BARNALA,2011,Rabi,Wheat,115000,615000,5.347826087
Punjab,BARNALA,2012,Kharif,Arhar/Tur,100,100,1
Punjab,BARNALA,2012,Kharif,Cotton(lint),9000,32000,3.555555556
Punjab,BARNALA,2012,Kharif,Moong(Green Gram),300,300,1
Punjab,BARNALA,2012,Kharif,Rice,106000,490000,4.622641509
Punjab,BARNALA,2012,Rabi,Barley,1000,3000,3
Punjab,BARNALA,2012,Rabi,Wheat,114000,567000,4.973684211
Punjab,BARNALA,2012,Whole Year,Guar seed,4300,3800,0.88372093
Punjab,BARNALA,2013,Kharif,Arhar/Tur,1000,1000,1
Punjab,BARNALA,2013,Kharif,Cotton(lint),9000,37000,4.111111111
Punjab,BARNALA,2013,Kharif,Guar seed,400,500,1.25
Punjab,BARNALA,2013,Kharif,Moong(Green Gram),3000,3000,1
Punjab,BARNALA,2013,Kharif,Rice,107000,500000,4.672897196
Punjab,BARNALA,2013,Rabi,Barley,1000,4000,4
Punjab,BARNALA,2013,Rabi,Gram,1000,1200,1.2
Punjab,BARNALA,2013,Rabi,Wheat,114000,596000,5.228070175
Punjab,BARNALA,2013,Whole Year,Sugarcane,1000,90000,90
Punjab,BARNALA,2014,Kharif,Arhar/Tur,1000,900,0.9
Punjab,BARNALA,2014,Kharif,Cotton(lint),8000,31000,3.875
Punjab,BARNALA,2014,Kharif,Guar seed,100,100,1
Punjab,BARNALA,2014,Kharif,Moong(Green Gram),3000,3000,1
Punjab,BARNALA,2014,Kharif,Rice,108000,507000,4.694444444
Punjab,BARNALA,2014,Rabi,Barley,1000,3600,3.6
Punjab,BARNALA,2014,Rabi,Gram,1000,1000,1
Punjab,BARNALA,2014,Rabi,Rapeseed &Mustard,1000,1300,1.3
Punjab,BARNALA,2014,Rabi,Wheat,114000,527000,4.622807018
Punjab,BARNALA,2014,Whole Year,Sugarcane,1000,87000,87
Punjab,BATHINDA,1997,Kharif,Bajra,1000,1000,1
Punjab,BATHINDA,1997,Kharif,Groundnut,1000,1000,1
Punjab,BATHINDA,1997,Kharif,Rice,53000,212000,4
Punjab,BATHINDA,1997,Rabi,Barley,5000,12000,2.4
Punjab,BATHINDA,1997,Rabi,Gram,4200,3400,0.80952381
Punjab,BATHINDA,1997,Rabi,Rapeseed &Mustard,10000,7000,0.7
Punjab,BATHINDA,1997,Rabi,Wheat,236000,819000,3.470338983
Punjab,BATHINDA,1997,Whole Year,Cotton(lint),199000,286000,1.43718593
Punjab,BATHINDA,1997,Whole Year,Moong(Green Gram),2400,1500,0.625
Punjab,BATHINDA,1998,Kharif,Bajra,1000,1000,1
Punjab,BATHINDA,1998,Kharif,Cotton(lint),170000,173000,1.017647059
Punjab,BATHINDA,1998,Kharif,Groundnut,1000,1000,1
Punjab,BATHINDA,1998,Kharif,Moong(Green Gram),2500,1300,0.52
Punjab,BATHINDA,1998,Kharif,Rice,84000,287000,3.416666667
Punjab,BATHINDA,1998,Rabi,Barley,1000,3000,3
Punjab,BATHINDA,1998,Rabi,Gram,3800,2800,0.736842105
Punjab,BATHINDA,1998,Rabi,Rapeseed &Mustard,2000,2000,1
Punjab,BATHINDA,1998,Rabi,Wheat,258000,1144000,4.434108527
Punjab,BATHINDA,1999,Kharif,Arhar/Tur,100,100,1
Punjab,BATHINDA,1999,Kharif,Bajra,1000,1000,1
Punjab,BATHINDA,1999,Kharif,Cotton(lint),151000,279000,1.847682119
Punjab,BATHINDA,1999,Kharif,Groundnut,1000,1000,1
Punjab,BATHINDA,1999,Kharif,Moong(Green Gram),2200,1000,0.454545455
Punjab,BATHINDA,1999,Kharif,Rice,99000,392000,3.95959596
Punjab,BATHINDA,1999,Rabi,Barley,4000,13000,3.25
Punjab,BATHINDA,1999,Rabi,Gram,1100,1000,0.909090909
Punjab,BATHINDA,1999,Rabi,Rapeseed &Mustard,7000,8000,1.142857143
Punjab,BATHINDA,1999,Rabi,Wheat,242000,1117000,4.615702479
Punjab,BATHINDA,2000,Kharif,Bajra,1000,1000,1
Punjab,BATHINDA,2000,Kharif,Cotton(lint),147000,331000,2.25170068
Punjab,BATHINDA,2000,Kharif,Maize,1000,3000,3
Punjab,BATHINDA,2000,Kharif,Moong(Green Gram),1700,400,0.235294118
Punjab,BATHINDA,2000,Kharif,Moth,100,100,1
Punjab,BATHINDA,2000,Kharif,Rice,99000,350000,3.535353535
Punjab,BATHINDA,2000,Kharif,Sesamum,100,10,0.1
Punjab,BATHINDA,2000,Rabi,Barley,5000,14000,2.8
Punjab,BATHINDA,2000,Rabi,Gram,1100,600,0.545454545
Punjab,BATHINDA,2000,Rabi,Wheat,243000,1014000,4.172839506
Punjab,BATHINDA,2001,Kharif,Cotton(lint),162000,375000,2.314814815
Punjab,BATHINDA,2001,Kharif,Groundnut,100,100,1
Punjab,BATHINDA,2001,Kharif,Moong(Green Gram),1600,600,0.375
Punjab,BATHINDA,2001,Kharif,Moth,100,100,1
Punjab,BATHINDA,2001,Kharif,Rice,82000,307000,3.743902439
Punjab,BATHINDA,2001,Kharif,Sesamum,400,200,0.5
Punjab,BATHINDA,2001,Rabi,Barley,3000,8000,2.666666667
Punjab,BATHINDA,2001,Rabi,Gram,700,400,0.571428571
Punjab,BATHINDA,2001,Rabi,Rapeseed &Mustard,700,900,1.285714286
Punjab,BATHINDA,2001,Rabi,Wheat,243000,949000,3.905349794
Punjab,BATHINDA,2001,Whole Year,Sugarcane,1000,70000,70
Punjab,BATHINDA,2002,Kharif,Bajra,1000,1000,1
Punjab,BATHINDA,2002,Kharif,Cotton(lint),125000,347000,2.776
Punjab,BATHINDA,2002,Kharif,Groundnut,700,600,0.857142857
Punjab,BATHINDA,2002,Kharif,Maize,1000,2000,2
Punjab,BATHINDA,2002,Kharif,Moong(Green Gram),1200,600,0.5
Punjab,BATHINDA,2002,Kharif,Rice,107000,367000,3.429906542
Punjab,BATHINDA,2002,Kharif,Sesamum,1600,400,0.25
Punjab,BATHINDA,2002,Rabi,Barley,3000,10000,3.333333333
Punjab,BATHINDA,2002,Rabi,Gram,700,800,1.142857143
Punjab,BATHINDA,2002,Rabi,Rapeseed &Mustard,13000,12000,0.923076923
Punjab,BATHINDA,2002,Rabi,Wheat,239000,999000,4.179916318
Punjab,BATHINDA,2002,Whole Year,Guar seed,11100,9400,0.846846847
Punjab,BATHINDA,2002,Whole Year,Sugarcane,1000,60000,60
Punjab,BATHINDA,2003,Kharif,Arhar/Tur,100,100,1
Punjab,BATHINDA,2003,Kharif,Bajra,1000,1000,1
Punjab,BATHINDA,2003,Kharif,Cotton(lint),128000,411000,3.2109375
Punjab,BATHINDA,2003,Kharif,Groundnut,300,200,0.666666667
Punjab,BATHINDA,2003,Kharif,Maize,1000,3000,3
Punjab,BATHINDA,2003,Kharif,Moong(Green Gram),1800,1100,0.611111111
Punjab,BATHINDA,2003,Kharif,Moth,100,100,1
Punjab,BATHINDA,2003,Kharif,Rice,105000,419000,3.99047619
Punjab,BATHINDA,2003,Kharif,Sesamum,200,100,0.5
Punjab,BATHINDA,2003,Rabi,Barley,3000,10000,3.333333333
Punjab,BATHINDA,2003,Rabi,Gram,900,800,0.888888889
Punjab,BATHINDA,2003,Rabi,Rapeseed &Mustard,9000,11000,1.222222222
Punjab,BATHINDA,2003,Rabi,Wheat,242000,942000,3.892561983
Punjab,BATHINDA,2003,Whole Year,Guar seed,14700,11900,0.80952381
Punjab,BATHINDA,2003,Whole Year,Sugarcane,1000,50000,50
Punjab,BATHINDA,2004,Kharif,Bajra,1000,1000,1
Punjab,BATHINDA,2004,Kharif,Cotton(lint),141000,593000,4.205673759
Punjab,BATHINDA,2004,Kharif,Groundnut,200,100,0.5
Punjab,BATHINDA,2004,Kharif,Moong(Green Gram),1200,800,0.666666667
Punjab,BATHINDA,2004,Kharif,Moth,100,100,1
Punjab,BATHINDA,2004,Kharif,Rice,102000,415000,4.068627451
Punjab,BATHINDA,2004,Kharif,Sesamum,200,100,0.5
Punjab,BATHINDA,2004,Rabi,Barley,3000,9000,3
Punjab,BATHINDA,2004,Rabi,Gram,600,500,0.833333333
Punjab,BATHINDA,2004,Rabi,Rapeseed &Mustard,9000,8000,0.888888889
Punjab,BATHINDA,2004,Rabi,Wheat,241000,993000,4.12033195
Punjab,BATHINDA,2004,Whole Year,Guar seed,9600,7200,0.75
Punjab,BATHINDA,2005,Kharif,Bajra,1000,1000,1
Punjab,BATHINDA,2005,Kharif,Cotton(lint),151000,659000,4.364238411
Punjab,BATHINDA,2005,Kharif,Groundnut,200,200,1
Punjab,BATHINDA,2005,Kharif,Moong(Green Gram),1200,900,0.75
Punjab,BATHINDA,2005,Kharif,Moth,100,100,1
Punjab,BATHINDA,2005,Kharif,Rice,95000,385000,4.052631579
Punjab,BATHINDA,2005,Kharif,Sesamum,200,100,0.5
Punjab,BATHINDA,2005,Rabi,Barley,2000,5000,2.5
Punjab,BATHINDA,2005,Rabi,Gram,500,500,1
Punjab,BATHINDA,2005,Rabi,Rapeseed &Mustard,7000,8000,1.142857143
Punjab,BATHINDA,2005,Rabi,Wheat,243000,954000,3.925925926
Punjab,BATHINDA,2005,Whole Year,Guar seed,8100,6200,0.765432099
Punjab,BATHINDA,2006,Kharif,Bajra,1000,1000,1
Punjab,BATHINDA,2006,Kharif,Cotton(lint),161000,739000,4.590062112
Punjab,BATHINDA,2006,Kharif,Groundnut,200,200,1
Punjab,BATHINDA,2006,Kharif,Moong(Green Gram),1000,800,0.8
Punjab,BATHINDA,2006,Kharif,Moth,100,100,1
Punjab,BATHINDA,2006,Kharif,Rice,87000,358000,4.114942529
Punjab,BATHINDA,2006,Rabi,Barley,2000,7000,3.5
Punjab,BATHINDA,2006,Rabi,Gram,300,400,1.333333333
Punjab,BATHINDA,2006,Rabi,Rapeseed &Mustard,6000,8000,1.333333333
Punjab,BATHINDA,2006,Rabi,Wheat,245000,1044000,4.26122449
Punjab,BATHINDA,2006,Whole Year,Guar seed,7200,5500,0.763888889
Punjab,BATHINDA,2007,Kharif,Bajra,1000,1000,1
Punjab,BATHINDA,2007,Kharif,Cotton(lint),165000,660000,4
Punjab,BATHINDA,2007,Kharif,Groundnut,200,200,1
Punjab,BATHINDA,2007,Kharif,Guar seed,47,36,0.765957447
Punjab,BATHINDA,2007,Kharif,Moong(Green Gram),800,600,0.75
Punjab,BATHINDA,2007,Kharif,Rice,86000,368000,4.279069767
Punjab,BATHINDA,2007,Rabi,Barley,2000,6000,3
Punjab,BATHINDA,2007,Rabi,Gram,2000,2000,1
Punjab,BATHINDA,2007,Rabi,Rapeseed &Mustard,2000,3000,1.5
Punjab,BATHINDA,2007,Rabi,Wheat,247000,1077000,4.360323887
Punjab,BATHINDA,2008,Kharif,Cotton(lint),153000,714000,4.666666667
Punjab,BATHINDA,2008,Kharif,Groundnut,300,200,0.666666667
Punjab,BATHINDA,2008,Kharif,Guar seed,75,57,0.76
Punjab,BATHINDA,2008,Kharif,Moong(Green Gram),600,500,0.833333333
Punjab,BATHINDA,2008,Kharif,Rice,97000,427000,4.402061856
Punjab,BATHINDA,2008,Rabi,Barley,2000,7000,3.5
Punjab,BATHINDA,2008,Rabi,Gram,2000,2000,1
Punjab,BATHINDA,2008,Rabi,Rapeseed &Mustard,3000,4000,1.333333333
Punjab,BATHINDA,2008,Rabi,Wheat,249000,1152000,4.626506024
Punjab,BATHINDA,2009,Kharif,Cotton(lint),150000,659000,4.393333333
Punjab,BATHINDA,2009,Kharif,Groundnut,100,100,1
Punjab,BATHINDA,2009,Kharif,Guar seed,47,37,0.787234043
Punjab,BATHINDA,2009,Kharif,Moong(Green Gram),500,400,0.8
Punjab,BATHINDA,2009,Kharif,Rice,104000,476000,4.576923077
Punjab,BATHINDA,2009,Rabi,Barley,2000,6000,3
Punjab,BATHINDA,2009,Rabi,Gram,3000,3000,1
Punjab,BATHINDA,2009,Rabi,Rapeseed &Mustard,2000,3000,1.5
Punjab,BATHINDA,2009,Rabi,Wheat,251000,1013000,4.035856574
Punjab,BATHINDA,2010,Kharif,Cotton(lint),147000,607000,4.129251701
Punjab,BATHINDA,2010,Kharif,Groundnut,100,100,1
Punjab,BATHINDA,2010,Kharif,Moong(Green Gram),600,400,0.666666667
Punjab,BATHINDA,2010,Kharif,Rice,107000,437000,4.08411215
Punjab,BATHINDA,2010,Rabi,Barley,2000,7000,3.5
Punjab,BATHINDA,2010,Rabi,Gram,300,400,1.333333333
Punjab,BATHINDA,2010,Rabi,Rapeseed &Mustard,2000,3000,1.5
Punjab,BATHINDA,2010,Rabi,Wheat,253000,1166000,4.608695652
Punjab,BATHINDA,2010,Whole Year,Guar seed,4100,3300,0.804878049
Punjab,BATHINDA,2011,Kharif,Cotton(lint),155000,573000,3.696774194
Punjab,BATHINDA,2011,Kharif,Guar seed,30000,25000,0.833333333
Punjab,BATHINDA,2011,Kharif,Moong(Green Gram),5000,3000,0.6
Punjab,BATHINDA,2011,Kharif,Rice,101000,409000,4.04950495
Punjab,BATHINDA,2011,Rabi,Barley,2000,7000,3.5
Punjab,BATHINDA,2011,Rabi,Gram,2000,2000,1
Punjab,BATHINDA,2011,Rabi,Rapeseed &Mustard,2000,3000,1.5
Punjab,BATHINDA,2011,Rabi,Wheat,252000,1260000,5
Punjab,BATHINDA,2012,Kharif,Cotton(lint),151000,581000,3.847682119
Punjab,BATHINDA,2012,Kharif,Guar seed,4300,3800,0.88372093
Punjab,BATHINDA,2012,Kharif,Moong(Green Gram),300,200,0.666666667
Punjab,BATHINDA,2012,Kharif,Rice,107000,458000,4.280373832
Punjab,BATHINDA,2012,Rabi,Barley,2000,7000,3.5
Punjab,BATHINDA,2012,Rabi,Gram,200,200,1
Punjab,BATHINDA,2012,Rabi,Rapeseed &Mustard,2000,2400,1.2
Punjab,BATHINDA,2012,Rabi,Wheat,254000,1216000,4.787401575
Punjab,BATHINDA,2012,Whole Year,Guar seed,200,200,1
Punjab,BATHINDA,2013,Kharif,Bajra,100,100,1
Punjab,BATHINDA,2013,Kharif,Cotton(lint),142000,505000,3.556338028
Punjab,BATHINDA,2013,Kharif,Guar seed,8400,6000,0.714285714
Punjab,BATHINDA,2013,Kharif,Moong(Green Gram),4000,3000,0.75
Punjab,BATHINDA,2013,Kharif,Rice,111000,501000,4.513513514
Punjab,BATHINDA,2013,Rabi,Barley,2000,7000,3.5
Punjab,BATHINDA,2013,Rabi,Gram,2000,2300,1.15
Punjab,BATHINDA,2013,Rabi,Rapeseed &Mustard,2000,2700,1.35
Punjab,BATHINDA,2013,Rabi,Wheat,254000,1259000,4.956692913
Punjab,BATHINDA,2014,Kharif,Cotton(lint),139000,498000,3.582733813
Punjab,BATHINDA,2014,Kharif,Guar seed,7000,4600,0.657142857
Punjab,BATHINDA,2014,Kharif,Maize,1000,4000,4
Punjab,BATHINDA,2014,Kharif,Moong(Green Gram),3000,3000,1
Punjab,BATHINDA,2014,Kharif,Rice,119000,529000,4.445378151
Punjab,BATHINDA,2014,Rabi,Barley,1000,3400,3.4
Punjab,BATHINDA,2014,Rabi,Gram,2000,2100,1.05
Punjab,BATHINDA,2014,Rabi,Rapeseed &Mustard,2000,2700,1.35
Punjab,BATHINDA,2014,Rabi,Wheat,254000,1218000,4.795275591
Punjab,FARIDKOT,1997,Kharif,Groundnut,1000,1000,1
Punjab,FARIDKOT,1997,Kharif,Rice,56000,214000,3.821428571
Punjab,FARIDKOT,1997,Rabi,Barley,1000,3000,3
Punjab,FARIDKOT,1997,Rabi,Gram,200,100,0.5
Punjab,FARIDKOT,1997,Rabi,Rapeseed &Mustard,1000,1000,1
Punjab,FARIDKOT,1997,Rabi,Wheat,109000,451000,4.137614679
Punjab,FARIDKOT,1997,Whole Year,Cotton(lint),48000,35000,0.729166667
Punjab,FARIDKOT,1997,Whole Year,Moong(Green Gram),4300,2000,0.465116279
Punjab,FARIDKOT,1997,Whole Year,Sugarcane,2000,130000,65
Punjab,FARIDKOT,1998,Kharif,Cotton(lint),22000,19000,0.863636364
Punjab,FARIDKOT,1998,Kharif,Groundnut,1000,1000,1
Punjab,FARIDKOT,1998,Kharif,Moong(Green Gram),3900,2000,0.512820513
Punjab,FARIDKOT,1998,Kharif,Rice,82000,246000,3
Punjab,FARIDKOT,1998,Rabi,Gram,200,100,0.5
Punjab,FARIDKOT,1998,Rabi,Rapeseed &Mustard,2000,3000,1.5
Punjab,FARIDKOT,1998,Rabi,Wheat,62000,265000,4.274193548
Punjab,FARIDKOT,1998,Whole Year,Sugarcane,2000,120000,60
Punjab,FARIDKOT,1999,Kharif,Arhar/Tur,100,100,1
Punjab,FARIDKOT,1999,Kharif,Cotton(lint),15000,29000,1.933333333
Punjab,FARIDKOT,1999,Kharif,Moong(Green Gram),3700,1400,0.378378378
Punjab,FARIDKOT,1999,Kharif,Rice,90000,305000,3.388888889
Punjab,FARIDKOT,1999,Rabi,Barley,1000,3000,3
Punjab,FARIDKOT,1999,Rabi,Gram,200,200,1
Punjab,FARIDKOT,1999,Rabi,Rapeseed &Mustard,1000,1000,1
Punjab,FARIDKOT,1999,Rabi,Wheat,112000,522000,4.660714286
Punjab,FARIDKOT,1999,Whole Year,Sugarcane,2000,120000,60
Punjab,FARIDKOT,2000,Kharif,Arhar/Tur,100,100,1
Punjab,FARIDKOT,2000,Kharif,Cotton(lint),14000,35000,2.5
Punjab,FARIDKOT,2000,Kharif,Moong(Green Gram),3200,1600,0.5
Punjab,FARIDKOT,2000,Kharif,Rice,90000,310000,3.444444444
Punjab,FARIDKOT,2000,Kharif,Sesamum,100,10,0.1
Punjab,FARIDKOT,2000,Rabi,Barley,1000,3000,3
Punjab,FARIDKOT,2000,Rabi,Gram,300,200,0.666666667
Punjab,FARIDKOT,2000,Rabi,Wheat,111000,524000,4.720720721
Punjab,FARIDKOT,2000,Whole Year,Sugarcane,2000,130000,65
Punjab,FARIDKOT,2001,Kharif,Arhar/Tur,100,100,1
Punjab,FARIDKOT,2001,Kharif,Cotton(lint),36000,72000,2
Punjab,FARIDKOT,2001,Kharif,Moong(Green Gram),1200,500,0.416666667
Punjab,FARIDKOT,2001,Kharif,Rice,70000,267000,3.814285714
Punjab,FARIDKOT,2001,Kharif,Sesamum,300,100,0.333333333
Punjab,FARIDKOT,2001,Rabi,Gram,200,200,1
Punjab,FARIDKOT,2001,Rabi,Rapeseed &Mustard,100,200,2
Punjab,FARIDKOT,2001,Rabi,Wheat,111000,496000,4.468468468
Punjab,FARIDKOT,2001,Whole Year,Sugarcane,4000,350000,87.5
Punjab,FARIDKOT,2002,Kharif,Cotton(lint),16000,25000,1.5625
Punjab,FARIDKOT,2002,Kharif,Groundnut,200,100,0.5
Punjab,FARIDKOT,2002,Kharif,Moong(Green Gram),800,500,0.625
Punjab,FARIDKOT,2002,Kharif,Rice,86000,280000,3.255813953
Punjab,FARIDKOT,2002,Kharif,Sesamum,100,0,0
Punjab,FARIDKOT,2002,Rabi,Barley,1000,4000,4
Punjab,FARIDKOT,2002,Rabi,Gram,200,200,1
Punjab,FARIDKOT,2002,Rabi,Rapeseed &Mustard,1000,1000,1
Punjab,FARIDKOT,2002,Rabi,Wheat,112000,474000,4.232142857
Punjab,FARIDKOT,2002,Whole Year,Guar seed,700,500,0.714285714
Punjab,FARIDKOT,2002,Whole Year,Sugarcane,5000,260000,52
Punjab,FARIDKOT,2003,Kharif,Arhar/Tur,300,300,1
Punjab,FARIDKOT,2003,Kharif,Cotton(lint),20000,58000,2.9
Punjab,FARIDKOT,2003,Kharif,Groundnut,200,100,0.5
Punjab,FARIDKOT,2003,Kharif,Moong(Green Gram),1000,700,0.7
Punjab,FARIDKOT,2003,Kharif,Rice,84000,308000,3.666666667
Punjab,FARIDKOT,2003,Kharif,Sesamum,100,0,0
Punjab,FARIDKOT,2003,Rabi,Barley,1000,3000,3
Punjab,FARIDKOT,2003,Rabi,Gram,200,300,1.5
Punjab,FARIDKOT,2003,Rabi,Rapeseed &Mustard,1000,2000,2
Punjab,FARIDKOT,2003,Rabi,Wheat,114000,461000,4.043859649
Punjab,FARIDKOT,2003,Whole Year,Guar seed,1100,800,0.727272727
Punjab,FARIDKOT,2003,Whole Year,Sugarcane,3000,170000,56.66666667
Punjab,FARIDKOT,2004,Kharif,Arhar/Tur,200,200,1
Punjab,FARIDKOT,2004,Kharif,Cotton(lint),21000,68000,3.238095238
Punjab,FARIDKOT,2004,Kharif,Groundnut,100,100,1
Punjab,FARIDKOT,2004,Kharif,Moong(Green Gram),900,700,0.777777778
Punjab,FARIDKOT,2004,Kharif,Rice,88000,337000,3.829545455
Punjab,FARIDKOT,2004,Kharif,Sesamum,100,0,0
Punjab,FARIDKOT,2004,Rabi,Gram,100,100,1
Punjab,FARIDKOT,2004,Rabi,Rapeseed &Mustard,1000,1000,1
Punjab,FARIDKOT,2004,Rabi,Wheat,114000,487000,4.271929825
Punjab,FARIDKOT,2004,Whole Year,Guar seed,600,400,0.666666667
Punjab,FARIDKOT,2004,Whole Year,Sugarcane,1000,70000,70
Punjab,FARIDKOT,2005,Kharif,Arhar/Tur,100,100,1
Punjab,FARIDKOT,2005,Kharif,Cotton(lint),25000,108000,4.32
Punjab,FARIDKOT,2005,Kharif,Groundnut,100,100,1
Punjab,FARIDKOT,2005,Kharif,Moong(Green Gram),700,400,0.571428571
Punjab,FARIDKOT,2005,Kharif,Rice,86000,339000,3.941860465
Punjab,FARIDKOT,2005,Kharif,Sesamum,100,100,1
Punjab,FARIDKOT,2005,Rabi,Gram,100,100,1
Punjab,FARIDKOT,2005,Rabi,Rapeseed &Mustard,1000,1000,1
Punjab,FARIDKOT,2005,Rabi,Wheat,116000,483000,4.163793103
Punjab,FARIDKOT,2005,Whole Year,Guar seed,400,300,0.75
Punjab,FARIDKOT,2005,Whole Year,Sugarcane,1000,68000,68
Punjab,FARIDKOT,2006,Kharif,Arhar/Tur,100,100,1
Punjab,FARIDKOT,2006,Kharif,Cotton(lint),29000,137000,4.724137931
Punjab,FARIDKOT,2006,Kharif,Groundnut,100,,
Punjab,FARIDKOT,2006,Kharif,Moong(Green Gram),800,700,0.875
Punjab,FARIDKOT,2006,Kharif,Rice,85000,338000,3.976470588
Punjab,FARIDKOT,2006,Rabi,Gram,100,100,1
Punjab,FARIDKOT,2006,Rabi,Rapeseed &Mustard,1000,1000,1
Punjab,FARIDKOT,2006,Rabi,Wheat,117000,484000,4.136752137
Punjab,FARIDKOT,2006,Whole Year,Guar seed,100,100,1
Punjab,FARIDKOT,2007,Kharif,Cotton(lint),28000,105000,3.75
Punjab,FARIDKOT,2007,Kharif,Guar seed,2,1,0.5
Punjab,FARIDKOT,2007,Kharif,Moong(Green Gram),800,600,0.75
Punjab,FARIDKOT,2007,Kharif,Rice,87000,351000,4.034482759
Punjab,FARIDKOT,2007,Rabi,Gram,1000,1000,1
Punjab,FARIDKOT,2007,Rabi,Wheat,117000,509000,4.35042735
Punjab,FARIDKOT,2008,Kharif,Bajra,1000,1000,1
Punjab,FARIDKOT,2008,Kharif,Cotton(lint),21000,85000,4.047619048
Punjab,FARIDKOT,2008,Kharif,Guar seed,3,5,1.666666667
Punjab,FARIDKOT,2008,Kharif,Moong(Green Gram),700,700,1
Punjab,FARIDKOT,2008,Kharif,Rice,95000,414000,4.357894737
Punjab,FARIDKOT,2008,Rabi,Gram,1000,1000,1
Punjab,FARIDKOT,2008,Rabi,Wheat,118000,550000,4.661016949
Punjab,FARIDKOT,2009,Kharif,Cotton(lint),18000,71000,3.944444444
Punjab,FARIDKOT,2009,Kharif,Guar seed,2,2,1
Punjab,FARIDKOT,2009,Kharif,Moong(Green Gram),500,500,1
Punjab,FARIDKOT,2009,Kharif,Rice,98000,414000,4.224489796
Punjab,FARIDKOT,2009,Rabi,Wheat,117000,481000,4.111111111
Punjab,FARIDKOT,2010,Kharif,Arhar/Tur,100,100,1
Punjab,FARIDKOT,2010,Kharif,Cotton(lint),15000,56000,3.733333333
Punjab,FARIDKOT,2010,Kharif,Groundnut,100,100,1
Punjab,FARIDKOT,2010,Kharif,Moong(Green Gram),600,500,0.833333333
Punjab,FARIDKOT,2010,Kharif,Rice,101000,409000,4.04950495
Punjab,FARIDKOT,2010,Rabi,Wheat,117000,563000,4.811965812
Punjab,FARIDKOT,2010,Whole Year,Guar seed,400,300,0.75
Punjab,FARIDKOT,2011,Kharif,Cotton(lint),17000,52000,3.058823529
Punjab,FARIDKOT,2011,Kharif,Guar seed,1000,1000,1
Punjab,FARIDKOT,2011,Kharif,Moong(Green Gram),5000,5000,1
Punjab,FARIDKOT,2011,Kharif,Rice,101000,405000,4.00990099
Punjab,FARIDKOT,2011,Rabi,Wheat,117000,616000,5.264957265
Punjab,FARIDKOT,2012,Kharif,Cotton(lint),15000,46000,3.066666667
Punjab,FARIDKOT,2012,Kharif,Guar seed,300,200,0.666666667
Punjab,FARIDKOT,2012,Kharif,Moong(Green Gram),400,300,0.75
Punjab,FARIDKOT,2012,Kharif,Rice,102000,444000,4.352941176
Punjab,FARIDKOT,2012,Rabi,Wheat,117000,553000,4.726495726
Punjab,FARIDKOT,2013,Kharif,Cotton(lint),12000,37000,3.083333333
Punjab,FARIDKOT,2013,Kharif,Guar seed,1500,1200,0.8
Punjab,FARIDKOT,2013,Kharif,Moong(Green Gram),2000,2000,1
Punjab,FARIDKOT,2013,Kharif,Rice,104000,443000,4.259615385
Punjab,FARIDKOT,2013,Rabi,Wheat,116000,601000,5.181034483
Punjab,FARIDKOT,2014,Kharif,Cotton(lint),10000,37000,3.7
Punjab,FARIDKOT,2014,Kharif,Guar seed,700,1200,1.714285714
Punjab,FARIDKOT,2014,Kharif,Moong(Green Gram),1000,1000,1
Punjab,FARIDKOT,2014,Kharif,Rice,106000,421000,3.971698113
Punjab,FARIDKOT,2014,Rabi,Wheat,116000,558000,4.810344828
Punjab,FATEHGARH SAHIB,1997,Kharif,Arhar/Tur,600,600,1
Punjab,FATEHGARH SAHIB,1997,Kharif,Maize,1000,2000,2
Punjab,FATEHGARH SAHIB,1997,Kharif,Rice,82000,302000,3.682926829
Punjab,FATEHGARH SAHIB,1997,Rabi,Barley,1000,3000,3
Punjab,FATEHGARH SAHIB,1997,Rabi,Masoor,100,100,1
Punjab,FATEHGARH SAHIB,1997,Rabi,Rapeseed &Mustard,1000,1000,1
Punjab,FATEHGARH SAHIB,1997,Rabi,Wheat,88000,361000,4.102272727
Punjab,FATEHGARH SAHIB,1997,Whole Year,Sugarcane,6000,380000,63.33333333
Punjab,FATEHGARH SAHIB,1998,Kharif,Arhar/Tur,400,300,0.75
Punjab,FATEHGARH SAHIB,1998,Kharif,Maize,1000,2000,2
Punjab,FATEHGARH SAHIB,1998,Kharif,Rice,83000,271000,3.265060241
Punjab,FATEHGARH SAHIB,1998,Rabi,Barley,1000,3000,3
Punjab,FATEHGARH SAHIB,1998,Rabi,Masoor,100,100,1
Punjab,FATEHGARH SAHIB,1998,Rabi,Rapeseed &Mustard,1000,1000,1
Punjab,FATEHGARH SAHIB,1998,Rabi,Wheat,85000,401000,4.717647059
Punjab,FATEHGARH SAHIB,1998,Whole Year,Sugarcane,4000,260000,65
Punjab,FATEHGARH SAHIB,1999,Kharif,Arhar/Tur,400,400,1
Punjab,FATEHGARH SAHIB,1999,Kharif,Maize,1000,3000,3
Punjab,FATEHGARH SAHIB,1999,Kharif,Rice,82000,302000,3.682926829
Punjab,FATEHGARH SAHIB,1999,Rabi,Barley,1000,4000,4
Punjab,FATEHGARH SAHIB,1999,Rabi,Rapeseed &Mustard,1000,1000,1
Punjab,FATEHGARH SAHIB,1999,Rabi,Wheat,86000,443000,5.151162791
Punjab,FATEHGARH SAHIB,1999,Whole Year,Sugarcane,4000,250000,62.5
Punjab,FATEHGARH SAHIB,2000,Kharif,Arhar/Tur,300,300,1
Punjab,FATEHGARH SAHIB,2000,Kharif,Maize,1000,3000,3
Punjab,FATEHGARH SAHIB,2000,Kharif,Rice,84000,350000,4.166666667
Punjab,FATEHGARH SAHIB,2000,Rabi,Barley,1000,3000,3
Punjab,FATEHGARH SAHIB,2000,Rabi,Gram,100,100,1
Punjab,FATEHGARH SAHIB,2000,Rabi,Other  Rabi pulses,100,100,1
Punjab,FATEHGARH SAHIB,2000,Rabi,Wheat,86000,434000,5.046511628
Punjab,FATEHGARH SAHIB,2000,Whole Year,Sugarcane,4000,290000,72.5
Punjab,FATEHGARH SAHIB,2001,Kharif,Arhar/Tur,300,400,1.333333333
Punjab,FATEHGARH SAHIB,2001,Kharif,Maize,1000,3000,3
Punjab,FATEHGARH SAHIB,2001,Kharif,Rice,81000,324000,4
Punjab,FATEHGARH SAHIB,2001,Rabi,Barley,1000,3000,3
Punjab,FATEHGARH SAHIB,2001,Rabi,Gram,100,100,1
Punjab,FATEHGARH SAHIB,2001,Rabi,Masoor,100,100,1
Punjab,FATEHGARH SAHIB,2001,Rabi,Rapeseed &Mustard,100,100,1
Punjab,FATEHGARH SAHIB,2001,Rabi,Wheat,85000,418000,4.917647059
Punjab,FATEHGARH SAHIB,2001,Whole Year,Sugarcane,5000,370000,74
Punjab,FATEHGARH SAHIB,2002,Kharif,Arhar/Tur,200,200,1
Punjab,FATEHGARH SAHIB,2002,Kharif,Maize,1000,3000,3
Punjab,FATEHGARH SAHIB,2002,Kharif,Rice,80000,312000,3.9
Punjab,FATEHGARH SAHIB,2002,Rabi,Barley,1000,3000,3
Punjab,FATEHGARH SAHIB,2002,Rabi,Gram,100,100,1
Punjab,FATEHGARH SAHIB,2002,Rabi,Masoor,100,100,1
Punjab,FATEHGARH SAHIB,2002,Rabi,Rapeseed &Mustard,1000,1000,1
Punjab,FATEHGARH SAHIB,2002,Rabi,Wheat,85000,379000,4.458823529
Punjab,FATEHGARH SAHIB,2002,Whole Year,Sugarcane,5000,310000,62
Punjab,FATEHGARH SAHIB,2003,Kharif,Arhar/Tur,200,200,1
Punjab,FATEHGARH SAHIB,2003,Kharif,Maize,1000,3000,3
Punjab,FATEHGARH SAHIB,2003,Kharif,Rice,83000,364000,4.385542169
Punjab,FATEHGARH SAHIB,2003,Rabi,Masoor,100,100,1
Punjab,FATEHGARH SAHIB,2003,Rabi,Rapeseed &Mustard,1000,1000,1
Punjab,FATEHGARH SAHIB,2003,Rabi,Wheat,85000,367000,4.317647059
Punjab,FATEHGARH SAHIB,2003,Whole Year,Sugarcane,4000,250000,62.5
Punjab,FATEHGARH SAHIB,2004,Kharif,Arhar/Tur,200,200,1
Punjab,FATEHGARH SAHIB,2004,Kharif,Maize,1000,4000,4
Punjab,FATEHGARH SAHIB,2004,Kharif,Rice,85000,371000,4.364705882
Punjab,FATEHGARH SAHIB,2004,Rabi,Barley,1000,3000,3
Punjab,FATEHGARH SAHIB,2004,Rabi,Masoor,100,100,1
Punjab,FATEHGARH SAHIB,2004,Rabi,Rapeseed &Mustard,1000,2000,2
Punjab,FATEHGARH SAHIB,2004,Rabi,Wheat,85000,417000,4.905882353
Punjab,FATEHGARH SAHIB,2004,Whole Year,Sugarcane,2000,140000,70
Punjab,FATEHGARH SAHIB,2005,Kharif,Arhar/Tur,200,200,1
Punjab,FATEHGARH SAHIB,2005,Kharif,Rice,85000,361000,4.247058824
Punjab,FATEHGARH SAHIB,2005,Rabi,Rapeseed &Mustard,1000,1000,1
Punjab,FATEHGARH SAHIB,2005,Rabi,Wheat,84000,369000,4.392857143
Punjab,FATEHGARH SAHIB,2005,Whole Year,Sugarcane,2000,151000,75.5
Punjab,FATEHGARH SAHIB,2006,Kharif,Arhar/Tur,100,100,1
Punjab,FATEHGARH SAHIB,2006,Kharif,Maize,1000,4000,4
Punjab,FATEHGARH SAHIB,2006,Kharif,Rice,84000,340000,4.047619048
Punjab,FATEHGARH SAHIB,2006,Rabi,Rapeseed &Mustard,1000,1000,1
Punjab,FATEHGARH SAHIB,2006,Rabi,Wheat,85000,348000,4.094117647
Punjab,FATEHGARH SAHIB,2007,Kharif,Maize,1000,3000,3
Punjab,FATEHGARH SAHIB,2007,Kharif,Rice,84000,383000,4.55952381
Punjab,FATEHGARH SAHIB,2007,Rabi,Rapeseed &Mustard,1000,1000,1
Punjab,FATEHGARH SAHIB,2007,Rabi,Wheat,85000,429000,5.047058824
Punjab,FATEHGARH SAHIB,2008,Kharif,Arhar/Tur,200,200,1
Punjab,FATEHGARH SAHIB,2008,Kharif,Bajra,2000,2000,1
Punjab,FATEHGARH SAHIB,2008,Kharif,Maize,1000,4000,4
Punjab,FATEHGARH SAHIB,2008,Kharif,Rice,85000,363000,4.270588235
Punjab,FATEHGARH SAHIB,2008,Rabi,Wheat,85000,376000,4.423529412
Punjab,FATEHGARH SAHIB,2009,Kharif,Arhar/Tur,100,100,1
Punjab,FATEHGARH SAHIB,2009,Kharif,Bajra,1000,1000,1
Punjab,FATEHGARH SAHIB,2009,Kharif,Maize,1000,3000,3
Punjab,FATEHGARH SAHIB,2009,Kharif,Rice,86000,391000,4.546511628
Punjab,FATEHGARH SAHIB,2009,Rabi,Wheat,85000,419000,4.929411765
Punjab,FATEHGARH SAHIB,2009,Whole Year,Sugarcane,200,15000,75
Punjab,FATEHGARH SAHIB,2010,Kharif,Rice,87000,366000,4.206896552
Punjab,FATEHGARH SAHIB,2010,Rabi,Wheat,85000,417000,4.905882353
Punjab,FATEHGARH SAHIB,2011,Kharif,Rice,86000,364000,4.23255814
Punjab,FATEHGARH SAHIB,2011,Rabi,Wheat,85000,449000,5.282352941
Punjab,FATEHGARH SAHIB,2011,Whole Year,Sugarcane,2,151000,75500
Punjab,FATEHGARH SAHIB,2012,Kharif,Maize,1000,4000,4
Punjab,FATEHGARH SAHIB,2012,Kharif,Rice,86000,384000,4.465116279
Punjab,FATEHGARH SAHIB,2012,Rabi,Rapeseed &Mustard,1000,1600,1.6
Punjab,FATEHGARH SAHIB,2012,Rabi,Sunflower,1000,2200,2.2
Punjab,FATEHGARH SAHIB,2012,Rabi,Wheat,85000,440000,5.176470588
Punjab,FATEHGARH SAHIB,2012,Whole Year,Guar seed,11700,10000,0.854700855
Punjab,FATEHGARH SAHIB,2012,Whole Year,Sugarcane,3000,258000,86
Punjab,FATEHGARH SAHIB,2013,Kharif,Maize,1000,4000,4
Punjab,FATEHGARH SAHIB,2013,Kharif,Rice,86000,351000,4.081395349
Punjab,FATEHGARH SAHIB,2013,Rabi,Rapeseed &Mustard,1000,1200,1.2
Punjab,FATEHGARH SAHIB,2013,Rabi,Wheat,84000,427000,5.083333333
Punjab,FATEHGARH SAHIB,2013,Whole Year,Sugarcane,3000,243000,81
Punjab,FATEHGARH SAHIB,2014,Kharif,Maize,1000,4000,4
Punjab,FATEHGARH SAHIB,2014,Kharif,Rice,86000,374000,4.348837209
Punjab,FATEHGARH SAHIB,2014,Rabi,Barley,1000,3200,3.2
Punjab,FATEHGARH SAHIB,2014,Rabi,Rapeseed &Mustard,1000,1600,1.6
Punjab,FATEHGARH SAHIB,2014,Rabi,Wheat,84000,340000,4.047619048
Punjab,FATEHGARH SAHIB,2014,Whole Year,Sugarcane,3000,264000,88
Punjab,FAZILKA,2011,Whole Year,Sugarcane,1,73000,73000
Punjab,FAZILKA,2012,Kharif,Bajra,1000,1000,1
Punjab,FAZILKA,2012,Kharif,Cotton(lint),112000,292000,2.607142857
Punjab,FAZILKA,2012,Kharif,Guar seed,11700,11400,0.974358974
Punjab,FAZILKA,2012,Kharif,Rice,85000,291000,3.423529412
Punjab,FAZILKA,2012,Rabi,Barley,3000,12000,4
Punjab,FAZILKA,2012,Rabi,Gram,1300,1900,1.461538462
Punjab,FAZILKA,2012,Rabi,Rapeseed &Mustard,6000,8200,1.366666667
Punjab,FAZILKA,2012,Rabi,Wheat,208000,972000,4.673076923
Punjab,FAZILKA,2012,Whole Year,Sugarcane,1000,82000,82
Punjab,FAZILKA,2013,Kharif,Cotton(lint),98000,310000,3.163265306
Punjab,FAZILKA,2013,Kharif,Guar seed,17000,14600,0.858823529
Punjab,FAZILKA,2013,Kharif,Moong(Green Gram),4000,3000,0.75
Punjab,FAZILKA,2013,Kharif,Rice,92000,293000,3.184782609
Punjab,FAZILKA,2013,Rabi,Barley,3000,12000,4
Punjab,FAZILKA,2013,Rabi,Gram,11000,14000,1.272727273
Punjab,FAZILKA,2013,Rabi,Rapeseed &Mustard,6000,8800,1.466666667
Punjab,FAZILKA,2013,Rabi,Wheat,211000,1039000,4.924170616
Punjab,FAZILKA,2014,Kharif,Cotton(lint),98000,251000,2.56122449
Punjab,FAZILKA,2014,Kharif,Moong(Green Gram),1000,1000,1
Punjab,FAZILKA,2014,Kharif,Rice,97000,297000,3.06185567
Punjab,FAZILKA,2014,Rabi,Barley,2000,7400,3.7
Punjab,FAZILKA,2014,Rabi,Gram,9000,9600,1.066666667
Punjab,FAZILKA,2014,Rabi,Rapeseed &Mustard,5000,6900,1.38
Punjab,FAZILKA,2014,Rabi,Wheat,206000,913000,4.432038835
Punjab,FIROZEPUR,1997,Kharif,Arhar/Tur,200,100,0.5
Punjab,FIROZEPUR,1997,Kharif,Rice,252000,910000,3.611111111
Punjab,FIROZEPUR,1997,Kharif,Sesamum,1800,700,0.388888889
Punjab,FIROZEPUR,1997,Rabi,Barley,4000,14000,3.5
Punjab,FIROZEPUR,1997,Rabi,Gram,2100,2300,1.095238095
Punjab,FIROZEPUR,1997,Rabi,Rapeseed &Mustard,20000,19000,0.95
Punjab,FIROZEPUR,1997,Rabi,Wheat,422000,1677000,3.973933649
Punjab,FIROZEPUR,1997,Whole Year,Cotton(lint),153000,209000,1.366013072
Punjab,FIROZEPUR,1997,Whole Year,Moong(Green Gram),12500,8700,0.696
Punjab,FIROZEPUR,1997,Whole Year,Sugarcane,8000,530000,66.25
Punjab,FIROZEPUR,1998,Kharif,Arhar/Tur,200,100,0.5
Punjab,FIROZEPUR,1998,Kharif,Cotton(lint),138000,189000,1.369565217
Punjab,FIROZEPUR,1998,Kharif,Moong(Green Gram),10600,6500,0.613207547
Punjab,FIROZEPUR,1998,Kharif,Rice,275000,922000,3.352727273
Punjab,FIROZEPUR,1998,Kharif,Sesamum,1800,800,0.444444444
Punjab,FIROZEPUR,1998,Rabi,Gram,2800,2200,0.785714286
Punjab,FIROZEPUR,1998,Rabi,Rapeseed &Mustard,7000,7000,1
Punjab,FIROZEPUR,1998,Rabi,Wheat,354000,1567000,4.426553672
Punjab,FIROZEPUR,1998,Whole Year,Sugarcane,7000,460000,65.71428571
Punjab,FIROZEPUR,1999,Kharif,Arhar/Tur,200,200,1
Punjab,FIROZEPUR,1999,Kharif,Cotton(lint),119000,257000,2.159663866
Punjab,FIROZEPUR,1999,Kharif,Groundnut,1000,1000,1
Punjab,FIROZEPUR,1999,Kharif,Moong(Green Gram),9900,5800,0.585858586
Punjab,FIROZEPUR,1999,Kharif,Rice,280000,982000,3.507142857
Punjab,FIROZEPUR,1999,Kharif,Sesamum,2400,1200,0.5
Punjab,FIROZEPUR,1999,Rabi,Barley,4000,14000,3.5
Punjab,FIROZEPUR,1999,Rabi,Gram,1000,1000,1
Punjab,FIROZEPUR,1999,Rabi,Rapeseed &Mustard,12000,15000,1.25
Punjab,FIROZEPUR,1999,Rabi,Wheat,374000,1738000,4.647058824
Punjab,FIROZEPUR,1999,Whole Year,Sugarcane,8000,570000,71.25
Punjab,FIROZEPUR,2000,Kharif,Arhar/Tur,100,100,1
Punjab,FIROZEPUR,2000,Kharif,Cotton(lint),114000,341000,2.99122807
Punjab,FIROZEPUR,2000,Kharif,Moong(Green Gram),5600,4400,0.785714286
Punjab,FIROZEPUR,2000,Kharif,Rice,248000,898000,3.620967742
Punjab,FIROZEPUR,2000,Kharif,Sesamum,2700,1700,0.62962963
Punjab,FIROZEPUR,2000,Rabi,Barley,5000,17000,3.4
Punjab,FIROZEPUR,2000,Rabi,Gram,1900,2200,1.157894737
Punjab,FIROZEPUR,2000,Rabi,Other  Rabi pulses,100,100,1
Punjab,FIROZEPUR,2000,Rabi,Wheat,378000,1705000,4.510582011
Punjab,FIROZEPUR,2000,Whole Year,Sugarcane,8000,530000,66.25
Punjab,FIROZEPUR,2001,Kharif,Arhar/Tur,200,200,1
Punjab,FIROZEPUR,2001,Kharif,Cotton(lint),143000,325000,2.272727273
Punjab,FIROZEPUR,2001,Kharif,Moong(Green Gram),4400,2300,0.522727273
Punjab,FIROZEPUR,2001,Kharif,Rice,230000,864000,3.756521739
Punjab,FIROZEPUR,2001,Kharif,Sesamum,2900,1200,0.413793103
Punjab,FIROZEPUR,2001,Rabi,Barley,3000,9000,3
Punjab,FIROZEPUR,2001,Rabi,Gram,2000,1500,0.75
Punjab,FIROZEPUR,2001,Rabi,Rapeseed &Mustard,1100,1400,1.272727273
Punjab,FIROZEPUR,2001,Rabi,Wheat,383000,1661000,4.336814621
Punjab,FIROZEPUR,2001,Whole Year,Sugarcane,9000,520000,57.77777778
Punjab,FIROZEPUR,2002,Kharif,Arhar/Tur,200,200,1
Punjab,FIROZEPUR,2002,Kharif,Cotton(lint),121000,293000,2.421487603
Punjab,FIROZEPUR,2002,Kharif,Groundnut,100,100,1
Punjab,FIROZEPUR,2002,Kharif,Moong(Green Gram),2600,1800,0.692307692
Punjab,FIROZEPUR,2002,Kharif,Moth,200,100,0.5
Punjab,FIROZEPUR,2002,Kharif,Rice,234000,824000,3.521367521
Punjab,FIROZEPUR,2002,Kharif,Sesamum,2600,700,0.269230769
Punjab,FIROZEPUR,2002,Rabi,Barley,4000,12000,3
Punjab,FIROZEPUR,2002,Rabi,Gram,1700,1700,1
Punjab,FIROZEPUR,2002,Rabi,Rapeseed &Mustard,16000,14000,0.875
Punjab,FIROZEPUR,2002,Rabi,Wheat,369000,1470000,3.983739837
Punjab,FIROZEPUR,2002,Whole Year,Guar seed,8100,6000,0.740740741
Punjab,FIROZEPUR,2002,Whole Year,Sugarcane,9000,460000,51.11111111
Punjab,FIROZEPUR,2003,Kharif,Arhar/Tur,300,300,1
Punjab,FIROZEPUR,2003,Kharif,Cotton(lint),117000,440000,3.760683761
Punjab,FIROZEPUR,2003,Kharif,Groundnut,100,100,1
Punjab,FIROZEPUR,2003,Kharif,Moong(Green Gram),2700,2700,1
Punjab,FIROZEPUR,2003,Kharif,Moth,400,200,0.5
Punjab,FIROZEPUR,2003,Kharif,Rice,244000,903000,3.700819672
Punjab,FIROZEPUR,2003,Kharif,Sesamum,1800,800,0.444444444
Punjab,FIROZEPUR,2003,Rabi,Barley,4000,13000,3.25
Punjab,FIROZEPUR,2003,Rabi,Gram,1600,1600,1
Punjab,FIROZEPUR,2003,Rabi,Rapeseed &Mustard,12000,17000,1.416666667
Punjab,FIROZEPUR,2003,Rabi,Wheat,383000,1586000,4.140992167
Punjab,FIROZEPUR,2003,Whole Year,Guar seed,7400,5600,0.756756757
Punjab,FIROZEPUR,2003,Whole Year,Sugarcane,6000,280000,46.66666667
Punjab,FIROZEPUR,2004,Kharif,Arhar/Tur,200,200,1
Punjab,FIROZEPUR,2004,Kharif,Cotton(lint),133000,548000,4.120300752
Punjab,FIROZEPUR,2004,Kharif,Groundnut,100,100,1
Punjab,FIROZEPUR,2004,Kharif,Moong(Green Gram),2600,2000,0.769230769
Punjab,FIROZEPUR,2004,Kharif,Moth,100,100,1
Punjab,FIROZEPUR,2004,Kharif,Rice,238000,941000,3.953781513
Punjab,FIROZEPUR,2004,Kharif,Sesamum,1700,700,0.411764706
Punjab,FIROZEPUR,2004,Rabi,Barley,4000,13000,3.25
Punjab,FIROZEPUR,2004,Rabi,Gram,1300,1200,0.923076923
Punjab,FIROZEPUR,2004,Rabi,Rapeseed &Mustard,15000,16000,1.066666667
Punjab,FIROZEPUR,2004,Rabi,Wheat,386000,1599000,4.142487047
Punjab,FIROZEPUR,2004,Whole Year,Guar seed,8500,6700,0.788235294
Punjab,FIROZEPUR,2004,Whole Year,Sugarcane,2000,140000,70
Punjab,FIROZEPUR,2005,Kharif,Arhar/Tur,200,200,1
Punjab,FIROZEPUR,2005,Kharif,Cotton(lint),140000,614000,4.385714286
Punjab,FIROZEPUR,2005,Kharif,Groundnut,100,100,1
Punjab,FIROZEPUR,2005,Kharif,Moong(Green Gram),1900,1400,0.736842105
Punjab,FIROZEPUR,2005,Kharif,Moth,100,100,1
Punjab,FIROZEPUR,2005,Kharif,Rice,236000,956000,4.050847458
Punjab,FIROZEPUR,2005,Kharif,Sesamum,1700,700,0.411764706
Punjab,FIROZEPUR,2005,Rabi,Barley,4000,15000,3.75
Punjab,FIROZEPUR,2005,Rabi,Gram,1300,1400,1.076923077
Punjab,FIROZEPUR,2005,Rabi,Peas & beans (Pulses),100,100,1
Punjab,FIROZEPUR,2005,Rabi,Rapeseed &Mustard,13000,13000,1
Punjab,FIROZEPUR,2005,Rabi,Wheat,386000,1569000,4.064766839
Punjab,FIROZEPUR,2005,Whole Year,Guar seed,7900,5700,0.721518987
Punjab,FIROZEPUR,2005,Whole Year,Sugarcane,1000,76000,76
Punjab,FIROZEPUR,2006,Kharif,Arhar/Tur,200,200,1
Punjab,FIROZEPUR,2006,Kharif,Cotton(lint),151000,648000,4.291390728
Punjab,FIROZEPUR,2006,Kharif,Jowar,100,100,1
Punjab,FIROZEPUR,2006,Kharif,Moong(Green Gram),2000,1600,0.8
Punjab,FIROZEPUR,2006,Kharif,Rice,235000,948000,4.034042553
Punjab,FIROZEPUR,2006,Kharif,Sesamum,1500,600,0.4
Punjab,FIROZEPUR,2006,Rabi,Barley,5000,17000,3.4
Punjab,FIROZEPUR,2006,Rabi,Gram,1300,1300,1
Punjab,FIROZEPUR,2006,Rabi,Peas & beans (Pulses),100,100,1
Punjab,FIROZEPUR,2006,Rabi,Rapeseed &Mustard,8000,9000,1.125
Punjab,FIROZEPUR,2006,Rabi,Wheat,389000,1587000,4.079691517
Punjab,FIROZEPUR,2006,Whole Year,Guar seed,6000,4400,0.733333333
Punjab,FIROZEPUR,2007,Kharif,Arhar/Tur,200,200,1
Punjab,FIROZEPUR,2007,Kharif,Cotton(lint),139000,472000,3.395683453
Punjab,FIROZEPUR,2007,Kharif,Guar seed,95,80,0.842105263
Punjab,FIROZEPUR,2007,Kharif,Jowar,100,100,1
Punjab,FIROZEPUR,2007,Kharif,Moong(Green Gram),2300,1600,0.695652174
Punjab,FIROZEPUR,2007,Kharif,Rice,243000,1010000,4.156378601
Punjab,FIROZEPUR,2007,Kharif,Sesamum,1500,500,0.333333333
Punjab,FIROZEPUR,2007,Rabi,Barley,4000,14000,3.5
Punjab,FIROZEPUR,2007,Rabi,Gram,12000,13000,1.083333333
Punjab,FIROZEPUR,2007,Rabi,Rapeseed &Mustard,4000,5000,1.25
Punjab,FIROZEPUR,2007,Rabi,Wheat,395000,1785000,4.518987342
Punjab,FIROZEPUR,2008,Kharif,Arhar/Tur,100,100,1
Punjab,FIROZEPUR,2008,Kharif,Cotton(lint),120000,484000,4.033333333
Punjab,FIROZEPUR,2008,Kharif,Guar seed,125,95,0.76
Punjab,FIROZEPUR,2008,Kharif,Jowar,100,100,1
Punjab,FIROZEPUR,2008,Kharif,Moong(Green Gram),1800,1600,0.888888889
Punjab,FIROZEPUR,2008,Kharif,Rice,260000,1051000,4.042307692
Punjab,FIROZEPUR,2008,Kharif,Sesamum,1700,500,0.294117647
Punjab,FIROZEPUR,2008,Rabi,Barley,5000,18000,3.6
Punjab,FIROZEPUR,2008,Rabi,Gram,13000,15000,1.153846154
Punjab,FIROZEPUR,2008,Rabi,Peas & beans (Pulses),1000,1000,1
Punjab,FIROZEPUR,2008,Rabi,Rapeseed &Mustard,4000,7000,1.75
Punjab,FIROZEPUR,2008,Rabi,Wheat,395000,1849000,4.681012658
Punjab,FIROZEPUR,2009,Kharif,Arhar/Tur,200,200,1
Punjab,FIROZEPUR,2009,Kharif,Cotton(lint),126000,417000,3.30952381
Punjab,FIROZEPUR,2009,Kharif,Guar seed,125,88,0.704
Punjab,FIROZEPUR,2009,Kharif,Jowar,100,100,1
Punjab,FIROZEPUR,2009,Kharif,Moong(Green Gram),1600,1400,0.875
Punjab,FIROZEPUR,2009,Kharif,Rice,262000,964000,3.679389313
Punjab,FIROZEPUR,2009,Kharif,Sesamum,1200,500,0.416666667
Punjab,FIROZEPUR,2009,Rabi,Barley,4000,13000,3.25
Punjab,FIROZEPUR,2009,Rabi,Gram,13000,15000,1.153846154
Punjab,FIROZEPUR,2009,Rabi,Rapeseed &Mustard,5000,9000,1.8
Punjab,FIROZEPUR,2009,Rabi,Wheat,395000,1636000,4.141772152
Punjab,FIROZEPUR,2009,Whole Year,Sugarcane,100,6000,60
Punjab,FIROZEPUR,2010,Kharif,Bajra,1000,1000,1
Punjab,FIROZEPUR,2010,Kharif,Cotton(lint),116000,382000,3.293103448
Punjab,FIROZEPUR,2010,Kharif,Moong(Green Gram),1400,1000,0.714285714
Punjab,FIROZEPUR,2010,Kharif,Rice,258000,954000,3.697674419
Punjab,FIROZEPUR,2010,Kharif,Sesamum,800,500,0.625
Punjab,FIROZEPUR,2010,Rabi,Barley,3000,11000,3.666666667
Punjab,FIROZEPUR,2010,Rabi,Gram,1100,1500,1.363636364
Punjab,FIROZEPUR,2010,Rabi,Rapeseed &Mustard,5000,9000,1.8
Punjab,FIROZEPUR,2010,Rabi,Wheat,397000,1850000,4.659949622
Punjab,FIROZEPUR,2010,Whole Year,Guar seed,8700,8000,0.91954023
Punjab,FIROZEPUR,2011,Kharif,Cotton(lint),124000,339000,2.733870968
Punjab,FIROZEPUR,2011,Kharif,Moong(Green Gram),15000,13000,0.866666667
Punjab,FIROZEPUR,2011,Kharif,Rice,257000,889000,3.459143969
Punjab,FIROZEPUR,2011,Kharif,Sesamum,13000,6000,0.461538462
Punjab,FIROZEPUR,2011,Rabi,Barley,3000,12000,4
Punjab,FIROZEPUR,2011,Rabi,Gram,10000,13000,1.3
Punjab,FIROZEPUR,2011,Rabi,Masoor,1000,700,0.7
Punjab,FIROZEPUR,2011,Rabi,Rapeseed &Mustard,5000,8000,1.6
Punjab,FIROZEPUR,2011,Rabi,Wheat,394000,1969000,4.997461929
Punjab,FIROZEPUR,2012,Kharif,Arhar/Tur,100,100,1
Punjab,FIROZEPUR,2012,Kharif,Cotton(lint),1000,3000,3
Punjab,FIROZEPUR,2012,Kharif,Moong(Green Gram),900,900,1
Punjab,FIROZEPUR,2012,Kharif,Rice,182000,766000,4.208791209
Punjab,FIROZEPUR,2012,Kharif,Sesamum,700,300,0.428571429
Punjab,FIROZEPUR,2012,Rabi,Rapeseed &Mustard,1000,900,0.9
Punjab,FIROZEPUR,2012,Rabi,Wheat,185000,911000,4.924324324
Punjab,FIROZEPUR,2012,Whole Year,Sugarcane,1000,67000,67
Punjab,FIROZEPUR,2013,Kharif,Cotton(lint),1000,3000,3
Punjab,FIROZEPUR,2013,Kharif,Guar seed,400,400,1
Punjab,FIROZEPUR,2013,Kharif,Moong(Green Gram),4000,3000,0.75
Punjab,FIROZEPUR,2013,Kharif,Rice,183000,766000,4.18579235
Punjab,FIROZEPUR,2013,Kharif,Sesamum,5000,3000,0.6
Punjab,FIROZEPUR,2013,Rabi,Wheat,189000,1001000,5.296296296
Punjab,FIROZEPUR,2013,Whole Year,Sugarcane,2000,170000,85
Punjab,FIROZEPUR,2014,Kharif,Cotton(lint),1000,3000,3
Punjab,FIROZEPUR,2014,Kharif,Guar seed,13700,10600,0.773722628
Punjab,FIROZEPUR,2014,Kharif,Moong(Green Gram),3000,2000,0.666666667
Punjab,FIROZEPUR,2014,Kharif,Rice,189000,733000,3.878306878
Punjab,FIROZEPUR,2014,Kharif,Sesamum,4000,1000,0.25
Punjab,FIROZEPUR,2014,Rabi,Peas & beans (Pulses),1000,900,0.9
Punjab,FIROZEPUR,2014,Rabi,Wheat,188000,877000,4.664893617
Punjab,FIROZEPUR,2014,Whole Year,Sugarcane,2000,150000,75
Punjab,GURDASPUR,1997,Kharif,Arhar/Tur,100,100,1
Punjab,GURDASPUR,1997,Kharif,Maize,14000,23000,1.642857143
Punjab,GURDASPUR,1997,Kharif,Rice,181000,509000,2.812154696
Punjab,GURDASPUR,1997,Kharif,Sesamum,2300,600,0.260869565
Punjab,GURDASPUR,1997,Kharif,Urad,2300,800,0.347826087
Punjab,GURDASPUR,1997,Rabi,Gram,200,200,1
Punjab,GURDASPUR,1997,Rabi,Masoor,700,500,0.714285714
Punjab,GURDASPUR,1997,Rabi,Rapeseed &Mustard,3000,3000,1
Punjab,GURDASPUR,1997,Rabi,Wheat,194000,729000,3.757731959
Punjab,GURDASPUR,1997,Whole Year,Sugarcane,19000,980000,51.57894737
Punjab,GURDASPUR,1998,Kharif,Maize,14000,31000,2.214285714
Punjab,GURDASPUR,1998,Kharif,Rice,187000,465000,2.486631016
Punjab,GURDASPUR,1998,Kharif,Sesamum,2500,900,0.36
Punjab,GURDASPUR,1998,Kharif,Urad,2700,1300,0.481481481
Punjab,GURDASPUR,1998,Rabi,Gram,100,100,1
Punjab,GURDASPUR,1998,Rabi,Linseed,100,100,1
Punjab,GURDASPUR,1998,Rabi,Masoor,500,300,0.6
Punjab,GURDASPUR,1998,Rabi,Peas & beans (Pulses),400,300,0.75
Punjab,GURDASPUR,1998,Rabi,Rapeseed &Mustard,1000,2000,2
Punjab,GURDASPUR,1998,Rabi,Wheat,108000,465000,4.305555556
Punjab,GURDASPUR,1998,Whole Year,Sugarcane,15000,840000,56
Punjab,GURDASPUR,1999,Kharif,Maize,13000,27000,2.076923077
Punjab,GURDASPUR,1999,Kharif,Rice,198000,561000,2.833333333
Punjab,GURDASPUR,1999,Kharif,Sesamum,2400,800,0.333333333
Punjab,GURDASPUR,1999,Kharif,Urad,1900,1000,0.526315789
Punjab,GURDASPUR,1999,Rabi,Gram,100,100,1
Punjab,GURDASPUR,1999,Rabi,Linseed,100,100,1
Punjab,GURDASPUR,1999,Rabi,Masoor,500,400,0.8
Punjab,GURDASPUR,1999,Rabi,Peas & beans (Pulses),500,300,0.6
Punjab,GURDASPUR,1999,Rabi,Rapeseed &Mustard,4000,4000,1
Punjab,GURDASPUR,1999,Rabi,Wheat,213000,929000,4.361502347
Punjab,GURDASPUR,1999,Whole Year,Sugarcane,16000,1100000,68.75
Punjab,GURDASPUR,2000,Kharif,Maize,13000,28000,2.153846154
Punjab,GURDASPUR,2000,Kharif,Rice,191000,569000,2.979057592
Punjab,GURDASPUR,2000,Kharif,Sesamum,2900,700,0.24137931
Punjab,GURDASPUR,2000,Rabi,Gram,300,300,1
Punjab,GURDASPUR,2000,Rabi,Linseed,100,100,1
Punjab,GURDASPUR,2000,Rabi,Masoor,1000,800,0.8
Punjab,GURDASPUR,2000,Rabi,Other  Rabi pulses,500,400,0.8
Punjab,GURDASPUR,2000,Rabi,Wheat,217000,924000,4.258064516
Punjab,GURDASPUR,2000,Whole Year,Sugarcane,18000,1220000,67.77777778
Punjab,GURDASPUR,2001,Kharif,Maize,14000,29000,2.071428571
Punjab,GURDASPUR,2001,Kharif,Rice,194000,571000,2.943298969
Punjab,GURDASPUR,2001,Kharif,Sesamum,2600,800,0.307692308
Punjab,GURDASPUR,2001,Rabi,Gram,400,300,0.75
Punjab,GURDASPUR,2001,Rabi,Linseed,100,100,1
Punjab,GURDASPUR,2001,Rabi,Masoor,900,700,0.777777778
Punjab,GURDASPUR,2001,Rabi,Rapeseed &Mustard,300,300,1
Punjab,GURDASPUR,2001,Rabi,Wheat,217000,1011000,4.658986175
Punjab,GURDASPUR,2001,Whole Year,Sugarcane,23000,1570000,68.26086957
Punjab,GURDASPUR,2002,Kharif,Maize,12000,18000,1.5
Punjab,GURDASPUR,2002,Kharif,Rice,189000,547000,2.894179894
Punjab,GURDASPUR,2002,Kharif,Sesamum,1800,600,0.333333333
Punjab,GURDASPUR,2002,Kharif,Urad,2000,1100,0.55
Punjab,GURDASPUR,2002,Rabi,Gram,400,500,1.25
Punjab,GURDASPUR,2002,Rabi,Masoor,800,700,0.875
Punjab,GURDASPUR,2002,Rabi,Rapeseed &Mustard,3000,3000,1
Punjab,GURDASPUR,2002,Rabi,Wheat,206000,784000,3.805825243
Punjab,GURDASPUR,2002,Whole Year,Sugarcane,25000,1700000,68
Punjab,GURDASPUR,2003,Kharif,Maize,13000,31000,2.384615385
Punjab,GURDASPUR,2003,Kharif,Rice,193000,587000,3.041450777
Punjab,GURDASPUR,2003,Kharif,Sesamum,1800,500,0.277777778
Punjab,GURDASPUR,2003,Kharif,Urad,2400,1000,0.416666667
Punjab,GURDASPUR,2003,Rabi,Gram,400,300,0.75
Punjab,GURDASPUR,2003,Rabi,Masoor,600,500,0.833333333
Punjab,GURDASPUR,2003,Rabi,Rapeseed &Mustard,3000,3000,1
Punjab,GURDASPUR,2003,Rabi,Wheat,219000,952000,4.347031963
Punjab,GURDASPUR,2003,Whole Year,Sugarcane,22000,1320000,60
Punjab,GURDASPUR,2004,Kharif,Arhar/Tur,100,100,1
Punjab,GURDASPUR,2004,Kharif,Maize,15000,35000,2.333333333
Punjab,GURDASPUR,2004,Kharif,Moth,100,0,0
Punjab,GURDASPUR,2004,Kharif,Rice,202000,641000,3.173267327
Punjab,GURDASPUR,2004,Kharif,Sesamum,1600,400,0.25
Punjab,GURDASPUR,2004,Kharif,Urad,2200,1200,0.545454545
Punjab,GURDASPUR,2004,Rabi,Gram,400,100,0.25
Punjab,GURDASPUR,2004,Rabi,Masoor,600,200,0.333333333
Punjab,GURDASPUR,2004,Rabi,Rapeseed &Mustard,4000,5000,1.25
Punjab,GURDASPUR,2004,Rabi,Wheat,227000,810000,3.568281938
Punjab,GURDASPUR,2004,Whole Year,Sugarcane,20000,1310000,65.5
Punjab,GURDASPUR,2005,Kharif,Arhar/Tur,100,100,1
Punjab,GURDASPUR,2005,Kharif,Bajra,1000,1000,1
Punjab,GURDASPUR,2005,Kharif,Maize,13000,30000,2.307692308
Punjab,GURDASPUR,2005,Kharif,Rice,190000,590000,3.105263158
Punjab,GURDASPUR,2005,Kharif,Sesamum,1400,300,0.214285714
Punjab,GURDASPUR,2005,Kharif,Urad,1800,900,0.5
Punjab,GURDASPUR,2005,Rabi,Gram,200,100,0.5
Punjab,GURDASPUR,2005,Rabi,Masoor,400,200,0.5
Punjab,GURDASPUR,2005,Rabi,Peas & beans (Pulses),100,,
Punjab,GURDASPUR,2005,Rabi,Rapeseed &Mustard,3000,3000,1
Punjab,GURDASPUR,2005,Rabi,Wheat,227000,904000,3.982378855
Punjab,GURDASPUR,2005,Whole Year,Sugarcane,21000,1412000,67.23809524
Punjab,GURDASPUR,2006,Kharif,Maize,13000,29000,2.230769231
Punjab,GURDASPUR,2006,Kharif,Rice,201000,636000,3.164179104
Punjab,GURDASPUR,2006,Kharif,Sesamum,1100,300,0.272727273
Punjab,GURDASPUR,2006,Kharif,Urad,2200,1000,0.454545455
Punjab,GURDASPUR,2006,Rabi,Gram,200,200,1
Punjab,GURDASPUR,2006,Rabi,Masoor,300,100,0.333333333
Punjab,GURDASPUR,2006,Rabi,Peas & beans (Pulses),100,100,1
Punjab,GURDASPUR,2006,Rabi,Rapeseed &Mustard,4000,4000,1
Punjab,GURDASPUR,2006,Rabi,Wheat,229000,910000,3.973799127
Punjab,GURDASPUR,2007,Kharif,Maize,13000,28000,2.153846154
Punjab,GURDASPUR,2007,Kharif,Rice,191000,617000,3.230366492
Punjab,GURDASPUR,2007,Kharif,Sesamum,900,200,0.222222222
Punjab,GURDASPUR,2007,Kharif,Urad,2000,900,0.45
Punjab,GURDASPUR,2007,Rabi,Gram,1000,1000,1
Punjab,GURDASPUR,2007,Rabi,Masoor,2000,1000,0.5
Punjab,GURDASPUR,2007,Rabi,Rapeseed &Mustard,3000,4000,1.333333333
Punjab,GURDASPUR,2007,Rabi,Wheat,231000,976000,4.225108225
Punjab,GURDASPUR,2008,Kharif,Maize,13000,30000,2.307692308
Punjab,GURDASPUR,2008,Kharif,Rice,201000,663000,3.298507463
Punjab,GURDASPUR,2008,Kharif,Sesamum,800,200,0.25
Punjab,GURDASPUR,2008,Kharif,Urad,1800,800,0.444444444
Punjab,GURDASPUR,2008,Rabi,Gram,1000,1000,1
Punjab,GURDASPUR,2008,Rabi,Masoor,2000,1000,0.5
Punjab,GURDASPUR,2008,Rabi,Rapeseed &Mustard,3000,3000,1
Punjab,GURDASPUR,2008,Rabi,Wheat,231000,927000,4.012987013
Punjab,GURDASPUR,2009,Kharif,Maize,11000,25000,2.272727273
Punjab,GURDASPUR,2009,Kharif,Rice,204000,640000,3.137254902
Punjab,GURDASPUR,2009,Kharif,Sesamum,900,300,0.333333333
Punjab,GURDASPUR,2009,Kharif,Urad,1800,800,0.444444444
Punjab,GURDASPUR,2009,Rabi,Gram,1000,1000,1
Punjab,GURDASPUR,2009,Rabi,Masoor,300,200,0.666666667
Punjab,GURDASPUR,2009,Rabi,Peas & beans (Pulses),100,100,1
Punjab,GURDASPUR,2009,Rabi,Rapeseed &Mustard,3000,3000,1
Punjab,GURDASPUR,2009,Rabi,Wheat,230000,940000,4.086956522
Punjab,GURDASPUR,2009,Whole Year,Sugarcane,1900,124000,65.26315789
Punjab,GURDASPUR,2010,Kharif,Maize,11000,30000,2.727272727
Punjab,GURDASPUR,2010,Kharif,Rice,204000,705000,3.455882353
Punjab,GURDASPUR,2010,Kharif,Sesamum,800,300,0.375
Punjab,GURDASPUR,2010,Kharif,Urad,1800,900,0.5
Punjab,GURDASPUR,2010,Rabi,Gram,100,100,1
Punjab,GURDASPUR,2010,Rabi,Masoor,200,93,0.465
Punjab,GURDASPUR,2010,Rabi,Peas & beans (Pulses),200,200,1
Punjab,GURDASPUR,2010,Rabi,Rapeseed &Mustard,3000,3000,1
Punjab,GURDASPUR,2010,Rabi,Wheat,226000,919000,4.066371681
Punjab,GURDASPUR,2011,Kharif,Maize,10000,25000,2.5
Punjab,GURDASPUR,2011,Kharif,Moong(Green Gram),2000,2000,1
Punjab,GURDASPUR,2011,Kharif,Rice,201000,649000,3.228855721
Punjab,GURDASPUR,2011,Kharif,Sesamum,8000,1000,0.125
Punjab,GURDASPUR,2011,Kharif,Urad,18000,5000,0.277777778
Punjab,GURDASPUR,2011,Rabi,Masoor,3000,2200,0.733333333
Punjab,GURDASPUR,2011,Rabi,Peas & beans (Pulses),2000,2000,1
Punjab,GURDASPUR,2011,Rabi,Rapeseed &Mustard,3000,4000,1.333333333
Punjab,GURDASPUR,2011,Rabi,Wheat,231000,1098000,4.753246753
Punjab,GURDASPUR,2011,Whole Year,Sugarcane,20,1491000,74550
Punjab,GURDASPUR,2012,Kharif,Maize,2000,5000,2.5
Punjab,GURDASPUR,2012,Kharif,Rice,174000,542000,3.114942529
Punjab,GURDASPUR,2012,Kharif,Sesamum,400,100,0.25
Punjab,GURDASPUR,2012,Kharif,Urad,300,100,0.333333333
Punjab,GURDASPUR,2012,Rabi,Masoor,100,100,1
Punjab,GURDASPUR,2012,Rabi,Rapeseed &Mustard,2000,2500,1.25
Punjab,GURDASPUR,2012,Rabi,Wheat,184000,825000,4.483695652
Punjab,GURDASPUR,2012,Whole Year,Sugarcane,22000,1594000,72.45454545
Punjab,GURDASPUR,2013,Kharif,Maize,1000,2000,2
Punjab,GURDASPUR,2013,Kharif,Rice,173000,507000,2.930635838
Punjab,GURDASPUR,2013,Kharif,Sesamum,1000,,
Punjab,GURDASPUR,2013,Kharif,Urad,3000,1600,0.533333333
Punjab,GURDASPUR,2013,Rabi,Masoor,2000,1400,0.7
Punjab,GURDASPUR,2013,Rabi,Rapeseed &Mustard,2000,2500,1.25
Punjab,GURDASPUR,2013,Rabi,Wheat,184000,822000,4.467391304
Punjab,GURDASPUR,2013,Whole Year,Sugarcane,21000,1560000,74.28571429
Punjab,GURDASPUR,2014,Kharif,Maize,1000,3000,3
Punjab,GURDASPUR,2014,Kharif,Rice,173000,452000,2.612716763
Punjab,GURDASPUR,2014,Kharif,Urad,3000,1600,0.533333333
Punjab,GURDASPUR,2014,Rabi,Masoor,2000,1200,0.6
Punjab,GURDASPUR,2014,Rabi,Peas & beans (Pulses),1000,900,0.9
Punjab,GURDASPUR,2014,Rabi,Rapeseed &Mustard,2000,2100,1.05
Punjab,GURDASPUR,2014,Rabi,Wheat,187000,627000,3.352941176
Punjab,GURDASPUR,2014,Whole Year,Sugarcane,24000,1840000,76.66666667
Punjab,HOSHIARPUR,1997,Kharif,Arhar/Tur,200,100,0.5
Punjab,HOSHIARPUR,1997,Kharif,Bajra,3000,3000,1
Punjab,HOSHIARPUR,1997,Kharif,Groundnut,3000,3000,1
Punjab,HOSHIARPUR,1997,Kharif,Maize,65000,144000,2.215384615
Punjab,HOSHIARPUR,1997,Kharif,Rice,56000,169000,3.017857143
Punjab,HOSHIARPUR,1997,Kharif,Sesamum,700,200,0.285714286
Punjab,HOSHIARPUR,1997,Kharif,Urad,300,200,0.666666667
Punjab,HOSHIARPUR,1997,Rabi,Gram,500,300,0.6
Punjab,HOSHIARPUR,1997,Rabi,Masoor,1100,500,0.454545455
Punjab,HOSHIARPUR,1997,Rabi,Rapeseed &Mustard,3000,2000,0.666666667
Punjab,HOSHIARPUR,1997,Rabi,Wheat,135000,413000,3.059259259
Punjab,HOSHIARPUR,1997,Whole Year,Sugarcane,13000,770000,59.23076923
Punjab,HOSHIARPUR,1998,Kharif,Arhar/Tur,100,100,1
Punjab,HOSHIARPUR,1998,Kharif,Groundnut,3000,2000,0.666666667
Punjab,HOSHIARPUR,1998,Kharif,Maize,63000,141000,2.238095238
Punjab,HOSHIARPUR,1998,Kharif,Rice,59000,171000,2.898305085
Punjab,HOSHIARPUR,1998,Kharif,Sesamum,500,200,0.4
Punjab,HOSHIARPUR,1998,Kharif,Urad,400,200,0.5
Punjab,HOSHIARPUR,1998,Rabi,Gram,500,200,0.4
Punjab,HOSHIARPUR,1998,Rabi,Masoor,1200,600,0.5
Punjab,HOSHIARPUR,1998,Rabi,Peas & beans (Pulses),500,500,1
Punjab,HOSHIARPUR,1998,Rabi,Rapeseed &Mustard,3000,2000,0.666666667
Punjab,HOSHIARPUR,1998,Rabi,Wheat,140000,488000,3.485714286
Punjab,HOSHIARPUR,1998,Whole Year,Sugarcane,13000,780000,60
Punjab,HOSHIARPUR,1999,Kharif,Arhar/Tur,200,100,0.5
Punjab,HOSHIARPUR,1999,Kharif,Groundnut,3000,3000,1
Punjab,HOSHIARPUR,1999,Kharif,Maize,66000,177000,2.681818182
Punjab,HOSHIARPUR,1999,Kharif,Rice,61000,178000,2.918032787
Punjab,HOSHIARPUR,1999,Kharif,Sesamum,800,200,0.25
Punjab,HOSHIARPUR,1999,Kharif,Urad,400,200,0.5
Punjab,HOSHIARPUR,1999,Rabi,Gram,500,300,0.6
Punjab,HOSHIARPUR,1999,Rabi,Masoor,1000,600,0.6
Punjab,HOSHIARPUR,1999,Rabi,Peas & beans (Pulses),1100,500,0.454545455
Punjab,HOSHIARPUR,1999,Rabi,Rapeseed &Mustard,3000,3000,1
Punjab,HOSHIARPUR,1999,Rabi,Wheat,144000,517000,3.590277778
Punjab,HOSHIARPUR,1999,Whole Year,Sugarcane,15000,900000,60
Punjab,HOSHIARPUR,2000,Kharif,Arhar/Tur,100,100,1
Punjab,HOSHIARPUR,2000,Kharif,Groundnut,3000,3000,1
Punjab,HOSHIARPUR,2000,Kharif,Maize,66000,184000,2.787878788
Punjab,HOSHIARPUR,2000,Kharif,Rice,63000,192000,3.047619048
Punjab,HOSHIARPUR,2000,Kharif,Sesamum,800,300,0.375
Punjab,HOSHIARPUR,2000,Rabi,Gram,400,200,0.5
Punjab,HOSHIARPUR,2000,Rabi,Linseed,100,100,1
Punjab,HOSHIARPUR,2000,Rabi,Masoor,900,400,0.444444444
Punjab,HOSHIARPUR,2000,Rabi,Other  Rabi pulses,1800,1700,0.944444444
Punjab,HOSHIARPUR,2000,Rabi,Wheat,142000,489000,3.443661972
Punjab,HOSHIARPUR,2000,Whole Year,Sugarcane,17000,1020000,60
Punjab,HOSHIARPUR,2001,Kharif,Arhar/Tur,100,100,1
Punjab,HOSHIARPUR,2001,Kharif,Groundnut,300,300,1
Punjab,HOSHIARPUR,2001,Kharif,Maize,65000,189000,2.907692308
Punjab,HOSHIARPUR,2001,Kharif,Moong(Green Gram),100,100,1
Punjab,HOSHIARPUR,2001,Kharif,Rice,60000,171000,2.85
Punjab,HOSHIARPUR,2001,Kharif,Sesamum,700,200,0.285714286
Punjab,HOSHIARPUR,2001,Rabi,Gram,300,200,0.666666667
Punjab,HOSHIARPUR,2001,Rabi,Masoor,700,300,0.428571429
Punjab,HOSHIARPUR,2001,Rabi,Rapeseed &Mustard,300,300,1
Punjab,HOSHIARPUR,2001,Rabi,Wheat,139000,502000,3.611510791
Punjab,HOSHIARPUR,2001,Whole Year,Sugarcane,21000,1290000,61.42857143
Punjab,HOSHIARPUR,2002,Kharif,Arhar/Tur,100,100,1
Punjab,HOSHIARPUR,2002,Kharif,Groundnut,3200,2200,0.6875
Punjab,HOSHIARPUR,2002,Kharif,Maize,62000,128000,2.064516129
Punjab,HOSHIARPUR,2002,Kharif,Moong(Green Gram),100,100,1
Punjab,HOSHIARPUR,2002,Kharif,Rice,56000,159000,2.839285714
Punjab,HOSHIARPUR,2002,Kharif,Sesamum,800,200,0.25
Punjab,HOSHIARPUR,2002,Kharif,Urad,600,200,0.333333333
Punjab,HOSHIARPUR,2002,Rabi,Gram,500,400,0.8
Punjab,HOSHIARPUR,2002,Rabi,Masoor,600,200,0.333333333
Punjab,HOSHIARPUR,2002,Rabi,Rapeseed &Mustard,3000,3000,1
Punjab,HOSHIARPUR,2002,Rabi,Wheat,137000,471000,3.437956204
Punjab,HOSHIARPUR,2002,Whole Year,Sugarcane,25000,1310000,52.4
Punjab,HOSHIARPUR,2003,Kharif,Arhar/Tur,100,100,1
Punjab,HOSHIARPUR,2003,Kharif,Groundnut,3000,2800,0.933333333
Punjab,HOSHIARPUR,2003,Kharif,Maize,66000,187000,2.833333333
Punjab,HOSHIARPUR,2003,Kharif,Moong(Green Gram),200,200,1
Punjab,HOSHIARPUR,2003,Kharif,Rice,58000,179000,3.086206897
Punjab,HOSHIARPUR,2003,Kharif,Sesamum,700,200,0.285714286
Punjab,HOSHIARPUR,2003,Kharif,Urad,1000,400,0.4
Punjab,HOSHIARPUR,2003,Rabi,Gram,400,200,0.5
Punjab,HOSHIARPUR,2003,Rabi,Masoor,700,300,0.428571429
Punjab,HOSHIARPUR,2003,Rabi,Rapeseed &Mustard,3000,2000,0.666666667
Punjab,HOSHIARPUR,2003,Rabi,Sunflower,7000,12000,1.714285714
Punjab,HOSHIARPUR,2003,Rabi,Wheat,146000,499000,3.417808219
Punjab,HOSHIARPUR,2003,Whole Year,Sugarcane,22000,1170000,53.18181818
Punjab,HOSHIARPUR,2004,Kharif,Arhar/Tur,100,100,1
Punjab,HOSHIARPUR,2004,Kharif,Groundnut,3200,2800,0.875
Punjab,HOSHIARPUR,2004,Kharif,Maize,67000,194000,2.895522388
Punjab,HOSHIARPUR,2004,Kharif,Rice,58000,171000,2.948275862
Punjab,HOSHIARPUR,2004,Kharif,Sesamum,700,300,0.428571429
Punjab,HOSHIARPUR,2004,Kharif,Urad,400,100,0.25
Punjab,HOSHIARPUR,2004,Rabi,Gram,400,300,0.75
Punjab,HOSHIARPUR,2004,Rabi,Masoor,700,300,0.428571429
Punjab,HOSHIARPUR,2004,Rabi,Rapeseed &Mustard,4000,4000,1
Punjab,HOSHIARPUR,2004,Rabi,Wheat,145000,493000,3.4
Punjab,HOSHIARPUR,2004,Whole Year,Sugarcane,18000,1030000,57.22222222
Punjab,HOSHIARPUR,2005,Kharif,Groundnut,2700,2300,0.851851852
Punjab,HOSHIARPUR,2005,Kharif,Maize,66000,172000,2.606060606
Punjab,HOSHIARPUR,2005,Kharif,Rice,61000,182000,2.983606557
Punjab,HOSHIARPUR,2005,Kharif,Sesamum,700,200,0.285714286
Punjab,HOSHIARPUR,2005,Kharif,Urad,300,100,0.333333333
Punjab,HOSHIARPUR,2005,Rabi,Gram,300,200,0.666666667
Punjab,HOSHIARPUR,2005,Rabi,Masoor,400,200,0.5
Punjab,HOSHIARPUR,2005,Rabi,Peas & beans (Pulses),400,400,1
Punjab,HOSHIARPUR,2005,Rabi,Rapeseed &Mustard,3000,3000,1
Punjab,HOSHIARPUR,2005,Rabi,Wheat,145000,514000,3.544827586
Punjab,HOSHIARPUR,2005,Whole Year,Sugarcane,21000,1168000,55.61904762
Punjab,HOSHIARPUR,2006,Kharif,Arhar/Tur,100,100,1
Punjab,HOSHIARPUR,2006,Kharif,Groundnut,3500,3000,0.857142857
Punjab,HOSHIARPUR,2006,Kharif,Maize,68000,225000,3.308823529
Punjab,HOSHIARPUR,2006,Kharif,Rice,56000,157000,2.803571429
Punjab,HOSHIARPUR,2006,Kharif,Sesamum,800,100,0.125
Punjab,HOSHIARPUR,2006,Kharif,Urad,300,100,0.333333333
Punjab,HOSHIARPUR,2006,Rabi,Gram,300,200,0.666666667
Punjab,HOSHIARPUR,2006,Rabi,Masoor,400,100,0.25
Punjab,HOSHIARPUR,2006,Rabi,Peas & beans (Pulses),300,300,1
Punjab,HOSHIARPUR,2006,Rabi,Rapeseed &Mustard,4000,5000,1.25
Punjab,HOSHIARPUR,2006,Rabi,Wheat,142000,517000,3.64084507
Punjab,HOSHIARPUR,2007,Kharif,Arhar/Tur,100,100,1
Punjab,HOSHIARPUR,2007,Kharif,Groundnut,2700,2300,0.851851852
Punjab,HOSHIARPUR,2007,Kharif,Maize,70000,230000,3.285714286
Punjab,HOSHIARPUR,2007,Kharif,Rice,56000,185000,3.303571429
Punjab,HOSHIARPUR,2007,Kharif,Sesamum,700,100,0.142857143
Punjab,HOSHIARPUR,2007,Kharif,Urad,500,200,0.4
Punjab,HOSHIARPUR,2007,Rabi,Gram,1000,1000,1
Punjab,HOSHIARPUR,2007,Rabi,Masoor,3000,1000,0.333333333
Punjab,HOSHIARPUR,2007,Rabi,Rapeseed &Mustard,3000,3000,1
Punjab,HOSHIARPUR,2007,Rabi,Wheat,145000,552000,3.806896552
Punjab,HOSHIARPUR,2008,Kharif,Arhar/Tur,100,100,1
Punjab,HOSHIARPUR,2008,Kharif,Groundnut,2300,2200,0.956521739
Punjab,HOSHIARPUR,2008,Kharif,Maize,70000,242000,3.457142857
Punjab,HOSHIARPUR,2008,Kharif,Rice,60000,209000,3.483333333
Punjab,HOSHIARPUR,2008,Kharif,Sesamum,500,100,0.2
Punjab,HOSHIARPUR,2008,Kharif,Urad,400,200,0.5
Punjab,HOSHIARPUR,2008,Rabi,Gram,2000,2000,1
Punjab,HOSHIARPUR,2008,Rabi,Masoor,3000,1000,0.333333333
Punjab,HOSHIARPUR,2008,Rabi,Peas & beans (Pulses),2000,2000,1
Punjab,HOSHIARPUR,2008,Rabi,Rapeseed &Mustard,3000,3000,1
Punjab,HOSHIARPUR,2008,Rabi,Wheat,154000,545000,3.538961039
Punjab,HOSHIARPUR,2009,Kharif,Arhar/Tur,100,100,1
Punjab,HOSHIARPUR,2009,Kharif,Groundnut,2200,2700,1.227272727
Punjab,HOSHIARPUR,2009,Kharif,Maize,67000,240000,3.582089552
Punjab,HOSHIARPUR,2009,Kharif,Rice,70000,248000,3.542857143
Punjab,HOSHIARPUR,2009,Kharif,Sesamum,500,100,0.2
Punjab,HOSHIARPUR,2009,Kharif,Urad,400,200,0.5
Punjab,HOSHIARPUR,2009,Rabi,Gram,4000,3000,0.75
Punjab,HOSHIARPUR,2009,Rabi,Masoor,300,100,0.333333333
Punjab,HOSHIARPUR,2009,Rabi,Peas & beans (Pulses),300,300,1
Punjab,HOSHIARPUR,2009,Rabi,Rapeseed &Mustard,5000,6000,1.2
Punjab,HOSHIARPUR,2009,Rabi,Wheat,153000,589000,3.849673203
Punjab,HOSHIARPUR,2009,Whole Year,Sugarcane,1400,76000,54.28571429
Punjab,HOSHIARPUR,2010,Kharif,Groundnut,2000,3700,1.85
Punjab,HOSHIARPUR,2010,Kharif,Maize,63000,241000,3.825396825
Punjab,HOSHIARPUR,2010,Kharif,Rice,73000,261000,3.575342466
Punjab,HOSHIARPUR,2010,Kharif,Sesamum,600,100,0.166666667
Punjab,HOSHIARPUR,2010,Kharif,Urad,400,200,0.5
Punjab,HOSHIARPUR,2010,Rabi,Gram,100,100,1
Punjab,HOSHIARPUR,2010,Rabi,Masoor,300,185,0.616666667
Punjab,HOSHIARPUR,2010,Rabi,Peas & beans (Pulses),200,200,1
Punjab,HOSHIARPUR,2010,Rabi,Rapeseed &Mustard,6000,8000,1.333333333
Punjab,HOSHIARPUR,2010,Rabi,Wheat,154000,661000,4.292207792
Punjab,HOSHIARPUR,2011,Kharif,Arhar/Tur,1000,1000,1
Punjab,HOSHIARPUR,2011,Kharif,Groundnut,16000,28000,1.75
Punjab,HOSHIARPUR,2011,Kharif,Maize,59000,241000,4.084745763
Punjab,HOSHIARPUR,2011,Kharif,Rice,74000,269000,3.635135135
Punjab,HOSHIARPUR,2011,Kharif,Sesamum,5000,2000,0.4
Punjab,HOSHIARPUR,2011,Kharif,Urad,6000,4000,0.666666667
Punjab,HOSHIARPUR,2011,Rabi,Gram,1000,1000,1
Punjab,HOSHIARPUR,2011,Rabi,Masoor,3000,1800,0.6
Punjab,HOSHIARPUR,2011,Rabi,Peas & beans (Pulses),3000,4000,1.333333333
Punjab,HOSHIARPUR,2011,Rabi,Rapeseed &Mustard,6000,6000,1
Punjab,HOSHIARPUR,2011,Rabi,Wheat,154000,694000,4.506493506
Punjab,HOSHIARPUR,2011,Whole Year,Sugarcane,20,1293000,64650
Punjab,HOSHIARPUR,2012,Kharif,Arhar/Tur,100,100,1
Punjab,HOSHIARPUR,2012,Kharif,Groundnut,1600,2900,1.8125
Punjab,HOSHIARPUR,2012,Kharif,Maize,61000,248000,4.06557377
Punjab,HOSHIARPUR,2012,Kharif,Peas & beans (Pulses),20,20,1
Punjab,HOSHIARPUR,2012,Kharif,Rice,70000,252000,3.6
Punjab,HOSHIARPUR,2012,Kharif,Sesamum,600,200,0.333333333
Punjab,HOSHIARPUR,2012,Kharif,Urad,300,200,0.666666667
Punjab,HOSHIARPUR,2012,Rabi,Gram,100,100,1
Punjab,HOSHIARPUR,2012,Rabi,Masoor,200,100,0.5
Punjab,HOSHIARPUR,2012,Rabi,Peas & beans (Pulses),200,200,1
Punjab,HOSHIARPUR,2012,Rabi,Rapeseed &Mustard,4000,4800,1.2
Punjab,HOSHIARPUR,2012,Rabi,Sunflower,1500,3300,2.2
Punjab,HOSHIARPUR,2012,Rabi,Wheat,149000,629000,4.22147651
Punjab,HOSHIARPUR,2012,Whole Year,Sugarcane,19000,1321000,69.52631579
Punjab,HOSHIARPUR,2013,Kharif,Groundnut,13000,24000,1.846153846
Punjab,HOSHIARPUR,2013,Kharif,Maize,58000,228000,3.931034483
Punjab,HOSHIARPUR,2013,Kharif,Rice,70000,252000,3.6
Punjab,HOSHIARPUR,2013,Kharif,Sesamum,6000,2000,0.333333333
Punjab,HOSHIARPUR,2013,Kharif,Urad,1000,300,0.3
Punjab,HOSHIARPUR,2013,Rabi,Masoor,2000,1500,0.75
Punjab,HOSHIARPUR,2013,Rabi,Peas & beans (Pulses),2000,2600,1.3
Punjab,HOSHIARPUR,2013,Rabi,Rapeseed &Mustard,4000,5200,1.3
Punjab,HOSHIARPUR,2013,Rabi,Wheat,148000,671000,4.533783784
Punjab,HOSHIARPUR,2013,Whole Year,Sugarcane,21000,1481000,70.52380952
Punjab,HOSHIARPUR,2014,Kharif,Groundnut,14000,26000,1.857142857
Punjab,HOSHIARPUR,2014,Kharif,Maize,59000,222000,3.762711864
Punjab,HOSHIARPUR,2014,Kharif,Rice,71000,244000,3.436619718
Punjab,HOSHIARPUR,2014,Kharif,Sesamum,3000,1000,0.333333333
Punjab,HOSHIARPUR,2014,Kharif,Urad,1000,300,0.3
Punjab,HOSHIARPUR,2014,Rabi,Masoor,1000,500,0.5
Punjab,HOSHIARPUR,2014,Rabi,Peas & beans (Pulses),2000,2600,1.3
Punjab,HOSHIARPUR,2014,Rabi,Rapeseed &Mustard,4000,4300,1.075
Punjab,HOSHIARPUR,2014,Rabi,Wheat,150000,540000,3.6
Punjab,HOSHIARPUR,2014,Whole Year,Sugarcane,22000,1515000,68.86363636
Punjab,JALANDHAR,1997,Kharif,Arhar/Tur,600,300,0.5
Punjab,JALANDHAR,1997,Kharif,Maize,15000,37000,2.466666667
Punjab,JALANDHAR,1997,Kharif,Rice,126000,422000,3.349206349
Punjab,JALANDHAR,1997,Kharif,Sesamum,1600,600,0.375
Punjab,JALANDHAR,1997,Kharif,Urad,300,100,0.333333333
Punjab,JALANDHAR,1997,Rabi,Masoor,100,100,1
Punjab,JALANDHAR,1997,Rabi,Rapeseed &Mustard,2000,2000,1
Punjab,JALANDHAR,1997,Rabi,Wheat,157000,563000,3.585987261
Punjab,JALANDHAR,1997,Whole Year,Moong(Green Gram),500,300,0.6
Punjab,JALANDHAR,1997,Whole Year,Sugarcane,14000,780000,55.71428571
Punjab,JALANDHAR,1998,Kharif,Arhar/Tur,400,300,0.75
Punjab,JALANDHAR,1998,Kharif,Cotton(lint),2000,2000,1
Punjab,JALANDHAR,1998,Kharif,Maize,13000,34000,2.615384615
Punjab,JALANDHAR,1998,Kharif,Moong(Green Gram),300,200,0.666666667
Punjab,JALANDHAR,1998,Kharif,Rice,134000,436000,3.253731343
Punjab,JALANDHAR,1998,Kharif,Sesamum,1300,400,0.307692308
Punjab,JALANDHAR,1998,Rabi,Linseed,100,100,1
Punjab,JALANDHAR,1998,Rabi,Masoor,100,100,1
Punjab,JALANDHAR,1998,Rabi,Peas & beans (Pulses),200,200,1
Punjab,JALANDHAR,1998,Rabi,Rapeseed &Mustard,2000,3000,1.5
Punjab,JALANDHAR,1998,Rabi,Wheat,162000,748000,4.617283951
Punjab,JALANDHAR,1998,Whole Year,Sugarcane,13000,730000,56.15384615
Punjab,JALANDHAR,1999,Kharif,Arhar/Tur,600,400,0.666666667
Punjab,JALANDHAR,1999,Kharif,Maize,15000,44000,2.933333333
Punjab,JALANDHAR,1999,Kharif,Moong(Green Gram),100,100,1
Punjab,JALANDHAR,1999,Kharif,Rice,133000,464000,3.488721805
Punjab,JALANDHAR,1999,Kharif,Sesamum,1300,700,0.538461538
Punjab,JALANDHAR,1999,Rabi,Linseed,100,100,1
Punjab,JALANDHAR,1999,Rabi,Rapeseed &Mustard,2000,3000,1.5
Punjab,JALANDHAR,1999,Rabi,Wheat,163000,803000,4.926380368
Punjab,JALANDHAR,1999,Whole Year,Sugarcane,14000,820000,58.57142857
Punjab,JALANDHAR,2000,Kharif,Arhar/Tur,700,500,0.714285714
Punjab,JALANDHAR,2000,Kharif,Maize,16000,52000,3.25
Punjab,JALANDHAR,2000,Kharif,Moong(Green Gram),100,100,1
Punjab,JALANDHAR,2000,Kharif,Rice,136000,488000,3.588235294
Punjab,JALANDHAR,2000,Kharif,Sesamum,1400,600,0.428571429
Punjab,JALANDHAR,2000,Rabi,Gram,100,100,1
Punjab,JALANDHAR,2000,Rabi,Linseed,200,200,1
Punjab,JALANDHAR,2000,Rabi,Masoor,100,100,1
Punjab,JALANDHAR,2000,Rabi,Other  Rabi pulses,100,100,1
Punjab,JALANDHAR,2000,Rabi,Wheat,167000,773000,4.628742515
Punjab,JALANDHAR,2000,Whole Year,Sugarcane,15000,920000,61.33333333
Punjab,JALANDHAR,2001,Kharif,Arhar/Tur,1000,1100,1.1
Punjab,JALANDHAR,2001,Kharif,Cotton(lint),1000,2000,2
Punjab,JALANDHAR,2001,Kharif,Maize,16000,49000,3.0625
Punjab,JALANDHAR,2001,Kharif,Moong(Green Gram),200,100,0.5
Punjab,JALANDHAR,2001,Kharif,Rice,132000,445000,3.371212121
Punjab,JALANDHAR,2001,Kharif,Sesamum,1700,600,0.352941176
Punjab,JALANDHAR,2001,Rabi,Gram,100,100,1
Punjab,JALANDHAR,2001,Rabi,Linseed,100,100,1
Punjab,JALANDHAR,2001,Rabi,Rapeseed &Mustard,200,300,1.5
Punjab,JALANDHAR,2001,Rabi,Wheat,167000,785000,4.700598802
Punjab,JALANDHAR,2001,Whole Year,Sugarcane,16000,1000000,62.5
Punjab,JALANDHAR,2002,Kharif,Arhar/Tur,800,900,1.125
Punjab,JALANDHAR,2002,Kharif,Maize,13000,36000,2.769230769
Punjab,JALANDHAR,2002,Kharif,Moong(Green Gram),100,100,1
Punjab,JALANDHAR,2002,Kharif,Rice,133000,495000,3.721804511
Punjab,JALANDHAR,2002,Kharif,Sesamum,600,200,0.333333333
Punjab,JALANDHAR,2002,Kharif,Urad,100,100,1
Punjab,JALANDHAR,2002,Rabi,Gram,100,100,1
Punjab,JALANDHAR,2002,Rabi,Masoor,100,100,1
Punjab,JALANDHAR,2002,Rabi,Rapeseed &Mustard,2000,2000,1
Punjab,JALANDHAR,2002,Rabi,Wheat,167000,715000,4.281437126
Punjab,JALANDHAR,2002,Whole Year,Sugarcane,17000,1040000,61.17647059
Punjab,JALANDHAR,2003,Kharif,Arhar/Tur,1100,1200,1.090909091
Punjab,JALANDHAR,2003,Kharif,Maize,14000,48000,3.428571429
Punjab,JALANDHAR,2003,Kharif,Moong(Green Gram),300,200,0.666666667
Punjab,JALANDHAR,2003,Kharif,Rice,138000,465000,3.369565217
Punjab,JALANDHAR,2003,Kharif,Sesamum,700,300,0.428571429
Punjab,JALANDHAR,2003,Kharif,Urad,100,100,1
Punjab,JALANDHAR,2003,Rabi,Masoor,100,100,1
Punjab,JALANDHAR,2003,Rabi,Rapeseed &Mustard,1000,1000,1
Punjab,JALANDHAR,2003,Rabi,Sunflower,5000,8000,1.6
Punjab,JALANDHAR,2003,Rabi,Wheat,169000,747000,4.420118343
Punjab,JALANDHAR,2003,Whole Year,Sugarcane,15000,690000,46
Punjab,JALANDHAR,2004,Kharif,Arhar/Tur,1200,1400,1.166666667
Punjab,JALANDHAR,2004,Kharif,Maize,13000,38000,2.923076923
Punjab,JALANDHAR,2004,Kharif,Moong(Green Gram),200,200,1
Punjab,JALANDHAR,2004,Kharif,Rice,145000,538000,3.710344828
Punjab,JALANDHAR,2004,Kharif,Sesamum,700,300,0.428571429
Punjab,JALANDHAR,2004,Kharif,Urad,100,100,1
Punjab,JALANDHAR,2004,Rabi,Rapeseed &Mustard,2000,2000,1
Punjab,JALANDHAR,2004,Rabi,Wheat,171000,734000,4.292397661
Punjab,JALANDHAR,2004,Whole Year,Sugarcane,11000,610000,55.45454545
Punjab,JALANDHAR,2005,Kharif,Arhar/Tur,1200,1200,1
Punjab,JALANDHAR,2005,Kharif,Maize,12000,40000,3.333333333
Punjab,JALANDHAR,2005,Kharif,Moong(Green Gram),100,100,1
Punjab,JALANDHAR,2005,Kharif,Rice,151000,526000,3.483443709
Punjab,JALANDHAR,2005,Kharif,Sesamum,800,300,0.375
Punjab,JALANDHAR,2005,Kharif,Urad,100,100,1
Punjab,JALANDHAR,2005,Rabi,Peas & beans (Pulses),200,200,1
Punjab,JALANDHAR,2005,Rabi,Rapeseed &Mustard,1000,2000,2
Punjab,JALANDHAR,2005,Rabi,Wheat,170000,764000,4.494117647
Punjab,JALANDHAR,2005,Whole Year,Sugarcane,11000,676000,61.45454545
Punjab,JALANDHAR,2006,Kharif,Arhar/Tur,1000,1100,1.1
Punjab,JALANDHAR,2006,Kharif,Groundnut,100,100,1
Punjab,JALANDHAR,2006,Kharif,Maize,12000,38000,3.166666667
Punjab,JALANDHAR,2006,Kharif,Moong(Green Gram),100,100,1
Punjab,JALANDHAR,2006,Kharif,Rice,147000,514000,3.496598639
Punjab,JALANDHAR,2006,Kharif,Sesamum,600,300,0.5
Punjab,JALANDHAR,2006,Rabi,Linseed,100,100,1
Punjab,JALANDHAR,2006,Rabi,Peas & beans (Pulses),100,100,1
Punjab,JALANDHAR,2006,Rabi,Rapeseed &Mustard,1000,1000,1
Punjab,JALANDHAR,2006,Rabi,Wheat,165000,692000,4.193939394
Punjab,JALANDHAR,2007,Kharif,Arhar/Tur,900,900,1
Punjab,JALANDHAR,2007,Kharif,Maize,13000,49000,3.769230769
Punjab,JALANDHAR,2007,Kharif,Moong(Green Gram),100,100,1
Punjab,JALANDHAR,2007,Kharif,Rice,149000,554000,3.718120805
Punjab,JALANDHAR,2007,Kharif,Sesamum,600,300,0.5
Punjab,JALANDHAR,2007,Rabi,Rapeseed &Mustard,1000,1000,1
Punjab,JALANDHAR,2007,Rabi,Wheat,167000,741000,4.437125749
Punjab,JALANDHAR,2008,Kharif,Arhar/Tur,1000,1000,1
Punjab,JALANDHAR,2008,Kharif,Maize,12000,41000,3.416666667
Punjab,JALANDHAR,2008,Kharif,Moong(Green Gram),100,100,1
Punjab,JALANDHAR,2008,Kharif,Rice,155000,588000,3.793548387
Punjab,JALANDHAR,2008,Kharif,Sesamum,600,300,0.5
Punjab,JALANDHAR,2008,Rabi,Linseed,1000,1000,1
Punjab,JALANDHAR,2008,Rabi,Peas & beans (Pulses),1000,1000,1
Punjab,JALANDHAR,2008,Rabi,Rapeseed &Mustard,1000,1000,1
Punjab,JALANDHAR,2008,Rabi,Wheat,171000,708000,4.140350877
Punjab,JALANDHAR,2009,Kharif,Arhar/Tur,700,700,1
Punjab,JALANDHAR,2009,Kharif,Maize,10000,35000,3.5
Punjab,JALANDHAR,2009,Kharif,Moong(Green Gram),100,100,1
Punjab,JALANDHAR,2009,Kharif,Rice,161000,636000,3.950310559
Punjab,JALANDHAR,2009,Kharif,Sesamum,500,200,0.4
Punjab,JALANDHAR,2009,Rabi,Peas & beans (Pulses),100,100,1
Punjab,JALANDHAR,2009,Rabi,Rapeseed &Mustard,1000,1000,1
Punjab,JALANDHAR,2009,Rabi,Wheat,170000,735000,4.323529412
Punjab,JALANDHAR,2009,Whole Year,Sugarcane,700,42000,60
Punjab,JALANDHAR,2010,Kharif,Arhar/Tur,600,600,1
Punjab,JALANDHAR,2010,Kharif,Maize,9000,35000,3.888888889
Punjab,JALANDHAR,2010,Kharif,Moong(Green Gram),100,100,1
Punjab,JALANDHAR,2010,Kharif,Rice,163000,588000,3.607361963
Punjab,JALANDHAR,2010,Kharif,Sesamum,400,200,0.5
Punjab,JALANDHAR,2010,Rabi,Peas & beans (Pulses),100,100,1
Punjab,JALANDHAR,2010,Rabi,Rapeseed &Mustard,1000,1000,1
Punjab,JALANDHAR,2010,Rabi,Wheat,169000,793000,4.692307692
Punjab,JALANDHAR,2011,Kharif,Arhar/Tur,6000,6000,1
Punjab,JALANDHAR,2011,Kharif,Maize,8000,37000,4.625
Punjab,JALANDHAR,2011,Kharif,Rice,165000,583000,3.533333333
Punjab,JALANDHAR,2011,Kharif,Sesamum,2000,1000,0.5
Punjab,JALANDHAR,2011,Rabi,Rapeseed &Mustard,1000,1000,1
Punjab,JALANDHAR,2011,Rabi,Wheat,171000,866000,5.064327485
Punjab,JALANDHAR,2011,Whole Year,Sugarcane,9,599000,66555.55556
Punjab,JALANDHAR,2012,Kharif,Arhar/Tur,600,600,1
Punjab,JALANDHAR,2012,Kharif,Maize,8000,27000,3.375
Punjab,JALANDHAR,2012,Kharif,Moong(Green Gram),100,100,1
Punjab,JALANDHAR,2012,Kharif,Rice,165000,625000,3.787878788
Punjab,JALANDHAR,2012,Kharif,Sesamum,300,100,0.333333333
Punjab,JALANDHAR,2012,Rabi,Peas & beans (Pulses),100,100,1
Punjab,JALANDHAR,2012,Rabi,Rapeseed &Mustard,1000,1500,1.5
Punjab,JALANDHAR,2012,Rabi,Sunflower,3500,5700,1.628571429
Punjab,JALANDHAR,2012,Rabi,Wheat,169000,773000,4.573964497
Punjab,JALANDHAR,2012,Whole Year,Sugarcane,10000,651000,65.1
Punjab,JALANDHAR,2013,Kharif,Arhar/Tur,4000,4000,1
Punjab,JALANDHAR,2013,Kharif,Maize,8000,26000,3.25
Punjab,JALANDHAR,2013,Kharif,Rice,167000,596000,3.568862275
Punjab,JALANDHAR,2013,Kharif,Sesamum,3000,1000,0.333333333
Punjab,JALANDHAR,2013,Rabi,Peas & beans (Pulses),2000,2100,1.05
Punjab,JALANDHAR,2013,Rabi,Rapeseed &Mustard,1000,1500,1.5
Punjab,JALANDHAR,2013,Rabi,Wheat,169000,837000,4.952662722
Punjab,JALANDHAR,2013,Whole Year,Sugarcane,10000,764000,76.4
Punjab,JALANDHAR,2014,Kharif,Arhar/Tur,4000,3500,0.875
Punjab,JALANDHAR,2014,Kharif,Maize,8000,29000,3.625
Punjab,JALANDHAR,2014,Kharif,Rice,167000,616000,3.688622754
Punjab,JALANDHAR,2014,Kharif,Sesamum,2000,1000,0.5
Punjab,JALANDHAR,2014,Kharif,Urad,2000,1100,0.55
Punjab,JALANDHAR,2014,Rabi,Peas & beans (Pulses),1000,1100,1.1
Punjab,JALANDHAR,2014,Rabi,Rapeseed &Mustard,1000,1300,1.3
Punjab,JALANDHAR,2014,Rabi,Wheat,167000,685000,4.101796407
Punjab,JALANDHAR,2014,Whole Year,Sugarcane,11000,825000,75
Punjab,KAPURTHALA,1997,Kharif,Arhar/Tur,100,100,1
Punjab,KAPURTHALA,1997,Kharif,Maize,4000,10000,2.5
Punjab,KAPURTHALA,1997,Kharif,Rice,97000,290000,2.989690722
Punjab,KAPURTHALA,1997,Kharif,Sesamum,700,200,0.285714286
Punjab,KAPURTHALA,1997,Rabi,Rapeseed &Mustard,1000,1000,1
Punjab,KAPURTHALA,1997,Rabi,Wheat,102000,348000,3.411764706
Punjab,KAPURTHALA,1997,Whole Year,Moong(Green Gram),200,100,0.5
Punjab,KAPURTHALA,1997,Whole Year,Sugarcane,5000,270000,54
Punjab,KAPURTHALA,1998,Kharif,Maize,4000,11000,2.75
Punjab,KAPURTHALA,1998,Kharif,Moong(Green Gram),200,100,0.5
Punjab,KAPURTHALA,1998,Kharif,Rice,99000,314000,3.171717172
Punjab,KAPURTHALA,1998,Kharif,Sesamum,600,200,0.333333333
Punjab,KAPURTHALA,1998,Rabi,Barley,5000,17000,3.4
Punjab,KAPURTHALA,1998,Rabi,Peas & beans (Pulses),200,200,1
Punjab,KAPURTHALA,1998,Rabi,Rapeseed &Mustard,12000,9000,0.75
Punjab,KAPURTHALA,1998,Rabi,Wheat,238000,990000,4.159663866
Punjab,KAPURTHALA,1998,Whole Year,Sugarcane,4000,240000,60
Punjab,KAPURTHALA,1999,Kharif,Maize,4000,13000,3.25
Punjab,KAPURTHALA,1999,Kharif,Moong(Green Gram),100,100,1
Punjab,KAPURTHALA,1999,Kharif,Rice,100000,319000,3.19
Punjab,KAPURTHALA,1999,Kharif,Sesamum,200,0,0
Punjab,KAPURTHALA,1999,Rabi,Rapeseed &Mustard,1000,1000,1
Punjab,KAPURTHALA,1999,Rabi,Wheat,111000,523000,4.711711712
Punjab,KAPURTHALA,1999,Whole Year,Sugarcane,4000,220000,55
Punjab,KAPURTHALA,2000,Kharif,Maize,4000,12000,3
Punjab,KAPURTHALA,2000,Kharif,Moong(Green Gram),100,100,1
Punjab,KAPURTHALA,2000,Kharif,Rice,103000,358000,3.475728155
Punjab,KAPURTHALA,2000,Kharif,Sesamum,400,200,0.5
Punjab,KAPURTHALA,2000,Rabi,Gram,100,100,1
Punjab,KAPURTHALA,2000,Rabi,Masoor,100,100,1
Punjab,KAPURTHALA,2000,Rabi,Other  Rabi pulses,200,200,1
Punjab,KAPURTHALA,2000,Rabi,Wheat,111000,493000,4.441441441
Punjab,KAPURTHALA,2000,Whole Year,Sugarcane,5000,330000,66
Punjab,KAPURTHALA,2001,Kharif,Maize,4000,14000,3.5
Punjab,KAPURTHALA,2001,Kharif,Moong(Green Gram),100,100,1
Punjab,KAPURTHALA,2001,Kharif,Rice,103000,357000,3.466019417
Punjab,KAPURTHALA,2001,Kharif,Sesamum,400,200,0.5
Punjab,KAPURTHALA,2001,Rabi,Gram,100,100,1
Punjab,KAPURTHALA,2001,Rabi,Masoor,100,100,1
Punjab,KAPURTHALA,2001,Rabi,Rapeseed &Mustard,100,100,1
Punjab,KAPURTHALA,2001,Rabi,Wheat,114000,538000,4.719298246
Punjab,KAPURTHALA,2001,Whole Year,Sugarcane,6000,370000,61.66666667
Punjab,KAPURTHALA,2002,Kharif,Maize,3000,8000,2.666666667
Punjab,KAPURTHALA,2002,Kharif,Moong(Green Gram),100,100,1
Punjab,KAPURTHALA,2002,Kharif,Rice,102000,362000,3.549019608
Punjab,KAPURTHALA,2002,Kharif,Sesamum,200,100,0.5
Punjab,KAPURTHALA,2002,Rabi,Gram,100,100,1
Punjab,KAPURTHALA,2002,Rabi,Masoor,100,100,1
Punjab,KAPURTHALA,2002,Rabi,Rapeseed &Mustard,1000,1000,1
Punjab,KAPURTHALA,2002,Rabi,Wheat,112000,445000,3.973214286
Punjab,KAPURTHALA,2002,Whole Year,Sugarcane,6000,350000,58.33333333
Punjab,KAPURTHALA,2003,Kharif,Arhar/Tur,100,100,1
Punjab,KAPURTHALA,2003,Kharif,Maize,3000,11000,3.666666667
Punjab,KAPURTHALA,2003,Kharif,Moong(Green Gram),100,100,1
Punjab,KAPURTHALA,2003,Kharif,Rice,104000,361000,3.471153846
Punjab,KAPURTHALA,2003,Kharif,Sesamum,100,0,0
Punjab,KAPURTHALA,2003,Rabi,Rapeseed &Mustard,1000,1000,1
Punjab,KAPURTHALA,2003,Rabi,Sunflower,2000,3000,1.5
Punjab,KAPURTHALA,2003,Rabi,Wheat,112000,496000,4.428571429
Punjab,KAPURTHALA,2003,Whole Year,Sugarcane,6000,320000,53.33333333
Punjab,KAPURTHALA,2004,Kharif,Arhar/Tur,100,100,1
Punjab,KAPURTHALA,2004,Kharif,Maize,4000,12000,3
Punjab,KAPURTHALA,2004,Kharif,Rice,105000,423000,4.028571429
Punjab,KAPURTHALA,2004,Kharif,Sesamum,200,100,0.5
Punjab,KAPURTHALA,2004,Rabi,Rapeseed &Mustard,1000,1000,1
Punjab,KAPURTHALA,2004,Rabi,Wheat,115000,460000,4
Punjab,KAPURTHALA,2004,Whole Year,Sugarcane,5000,300000,60
Punjab,KAPURTHALA,2005,Kharif,Arhar/Tur,100,100,1
Punjab,KAPURTHALA,2005,Kharif,Maize,3000,9000,3
Punjab,KAPURTHALA,2005,Kharif,Rice,108000,422000,3.907407407
Punjab,KAPURTHALA,2005,Kharif,Sesamum,200,100,0.5
Punjab,KAPURTHALA,2005,Rabi,Peas & beans (Pulses),100,100,1
Punjab,KAPURTHALA,2005,Rabi,Rapeseed &Mustard,1000,2000,2
Punjab,KAPURTHALA,2005,Rabi,Wheat,111000,483000,4.351351351
Punjab,KAPURTHALA,2005,Whole Year,Sugarcane,4000,231000,57.75
Punjab,KAPURTHALA,2006,Kharif,Maize,3000,11000,3.666666667
Punjab,KAPURTHALA,2006,Kharif,Rice,110000,414000,3.763636364
Punjab,KAPURTHALA,2006,Kharif,Sesamum,100,,
Punjab,KAPURTHALA,2006,Rabi,Peas & beans (Pulses),100,100,1
Punjab,KAPURTHALA,2006,Rabi,Rapeseed &Mustard,1000,1000,1
Punjab,KAPURTHALA,2006,Rabi,Wheat,109000,444000,4.073394495
Punjab,KAPURTHALA,2007,Kharif,Maize,3000,13000,4.333333333
Punjab,KAPURTHALA,2007,Kharif,Rice,110000,428000,3.890909091
Punjab,KAPURTHALA,2007,Kharif,Sesamum,100,,
Punjab,KAPURTHALA,2007,Rabi,Rapeseed &Mustard,1000,1000,1
Punjab,KAPURTHALA,2007,Rabi,Wheat,111000,506000,4.558558559
Punjab,KAPURTHALA,2008,Kharif,Maize,3000,11000,3.666666667
Punjab,KAPURTHALA,2008,Kharif,Rice,114000,428000,3.754385965
Punjab,KAPURTHALA,2008,Kharif,Sesamum,100,,
Punjab,KAPURTHALA,2008,Rabi,Rapeseed &Mustard,1000,1000,1
Punjab,KAPURTHALA,2008,Rabi,Wheat,111000,472000,4.252252252
Punjab,KAPURTHALA,2009,Kharif,Maize,3000,14000,4.666666667
Punjab,KAPURTHALA,2009,Kharif,Rice,115000,452000,3.930434783
Punjab,KAPURTHALA,2009,Rabi,Rapeseed &Mustard,1000,1000,1
Punjab,KAPURTHALA,2009,Rabi,Wheat,111000,457000,4.117117117
Punjab,KAPURTHALA,2009,Whole Year,Sugarcane,300,18000,60
Punjab,KAPURTHALA,2010,Kharif,Maize,2000,11000,5.5
Punjab,KAPURTHALA,2010,Kharif,Rice,118000,460000,3.898305085
Punjab,KAPURTHALA,2010,Rabi,Peas & beans (Pulses),100,100,1
Punjab,KAPURTHALA,2010,Rabi,Rapeseed &Mustard,1000,1000,1
Punjab,KAPURTHALA,2010,Rabi,Wheat,108000,480000,4.444444444
Punjab,KAPURTHALA,2011,Kharif,Bajra,1000,1000,1
Punjab,KAPURTHALA,2011,Kharif,Maize,3000,18000,6
Punjab,KAPURTHALA,2011,Kharif,Rice,118000,433000,3.669491525
Punjab,KAPURTHALA,2011,Rabi,Rapeseed &Mustard,1000,1000,1
Punjab,KAPURTHALA,2011,Rabi,Wheat,110000,542000,4.927272727
Punjab,KAPURTHALA,2011,Whole Year,Sugarcane,3,221000,73666.66667
Punjab,KAPURTHALA,2012,Kharif,Maize,2000,9000,4.5
Punjab,KAPURTHALA,2012,Kharif,Rice,117000,445000,3.803418803
Punjab,KAPURTHALA,2012,Rabi,Sunflower,1300,2200,1.692307692
Punjab,KAPURTHALA,2012,Rabi,Wheat,110000,510000,4.636363636
Punjab,KAPURTHALA,2012,Whole Year,Sugarcane,4000,258000,64.5
Punjab,KAPURTHALA,2013,Kharif,Maize,3000,20000,6.666666667
Punjab,KAPURTHALA,2013,Kharif,Rice,117000,451000,3.854700855
Punjab,KAPURTHALA,2013,Rabi,Rapeseed &Mustard,1000,1300,1.3
Punjab,KAPURTHALA,2013,Rabi,Wheat,111000,548000,4.936936937
Punjab,KAPURTHALA,2013,Whole Year,Sugarcane,4000,328000,82
Punjab,KAPURTHALA,2014,Kharif,Maize,3000,11000,3.666666667
Punjab,KAPURTHALA,2014,Kharif,Rice,117000,439000,3.752136752
Punjab,KAPURTHALA,2014,Rabi,Peas & beans (Pulses),1000,1400,1.4
Punjab,KAPURTHALA,2014,Rabi,Rapeseed &Mustard,1000,1500,1.5
Punjab,KAPURTHALA,2014,Rabi,Wheat,110000,429000,3.9
Punjab,KAPURTHALA,2014,Whole Year,Sugarcane,4000,312000,78
Punjab,LUDHIANA,1997,Kharif,Arhar/Tur,3000,2200,0.733333333
Punjab,LUDHIANA,1997,Kharif,Groundnut,1000,1000,1
Punjab,LUDHIANA,1997,Kharif,Maize,4000,10000,2.5
Punjab,LUDHIANA,1997,Kharif,Rice,234000,899000,3.841880342
Punjab,LUDHIANA,1997,Kharif,Sesamum,100,100,1
Punjab,LUDHIANA,1997,Rabi,Barley,3000,8000,2.666666667
Punjab,LUDHIANA,1997,Rabi,Gram,100,100,1
Punjab,LUDHIANA,1997,Rabi,Rapeseed &Mustard,2000,2000,1
Punjab,LUDHIANA,1997,Rabi,Wheat,257000,1082000,4.210116732
Punjab,LUDHIANA,1997,Whole Year,Cotton(lint),3000,5000,1.666666667
Punjab,LUDHIANA,1997,Whole Year,Moong(Green Gram),6500,4600,0.707692308
Punjab,LUDHIANA,1997,Whole Year,Sugarcane,8000,470000,58.75
Punjab,LUDHIANA,1998,Kharif,Arhar/Tur,2600,1400,0.538461538
Punjab,LUDHIANA,1998,Kharif,Maize,3000,10000,3.333333333
Punjab,LUDHIANA,1998,Kharif,Moong(Green Gram),4800,2800,0.583333333
Punjab,LUDHIANA,1998,Kharif,Rice,241000,789000,3.273858921
Punjab,LUDHIANA,1998,Rabi,Barley,4000,13000,3.25
Punjab,LUDHIANA,1998,Rabi,Peas & beans (Pulses),600,600,1
Punjab,LUDHIANA,1998,Rabi,Rapeseed &Mustard,18000,16000,0.888888889
Punjab,LUDHIANA,1998,Rabi,Wheat,413000,1823000,4.414043584
Punjab,LUDHIANA,1998,Whole Year,Sugarcane,5000,330000,66
Punjab,LUDHIANA,1999,Kharif,Arhar/Tur,2300,1700,0.739130435
Punjab,LUDHIANA,1999,Kharif,Cotton(lint),1000,2000,2
Punjab,LUDHIANA,1999,Kharif,Maize,4000,12000,3
Punjab,LUDHIANA,1999,Kharif,Moong(Green Gram),4300,3100,0.720930233
Punjab,LUDHIANA,1999,Kharif,Rice,237000,856000,3.611814346
Punjab,LUDHIANA,1999,Rabi,Barley,3000,12000,4
Punjab,LUDHIANA,1999,Rabi,Rapeseed &Mustard,3000,4000,1.333333333
Punjab,LUDHIANA,1999,Rabi,Wheat,259000,1312000,5.065637066
Punjab,LUDHIANA,1999,Whole Year,Sugarcane,6000,420000,70
Punjab,LUDHIANA,2000,Kharif,Arhar/Tur,2200,1800,0.818181818
Punjab,LUDHIANA,2000,Kharif,Cotton(lint),1000,1000,1
Punjab,LUDHIANA,2000,Kharif,Maize,4000,17000,4.25
Punjab,LUDHIANA,2000,Kharif,Moong(Green Gram),3600,2300,0.638888889
Punjab,LUDHIANA,2000,Kharif,Rice,238000,939000,3.945378151
Punjab,LUDHIANA,2000,Kharif,Sesamum,100,10,0.1
Punjab,LUDHIANA,2000,Rabi,Barley,3000,12000,4
Punjab,LUDHIANA,2000,Rabi,Gram,100,100,1
Punjab,LUDHIANA,2000,Rabi,Other  Rabi pulses,100,100,1
Punjab,LUDHIANA,2000,Rabi,Wheat,258000,1334000,5.170542636
Punjab,LUDHIANA,2000,Whole Year,Sugarcane,7000,470000,67.14285714
Punjab,LUDHIANA,2001,Kharif,Arhar/Tur,2300,1600,0.695652174
Punjab,LUDHIANA,2001,Kharif,Cotton(lint),2000,3000,1.5
Punjab,LUDHIANA,2001,Kharif,Maize,5000,17000,3.4
Punjab,LUDHIANA,2001,Kharif,Moong(Green Gram),4000,1600,0.4
Punjab,LUDHIANA,2001,Kharif,Rice,235000,916000,3.89787234
Punjab,LUDHIANA,2001,Kharif,Sesamum,100,100,1
Punjab,LUDHIANA,2001,Rabi,Barley,2000,7000,3.5
Punjab,LUDHIANA,2001,Rabi,Gram,200,200,1
Punjab,LUDHIANA,2001,Rabi,Rapeseed &Mustard,200,300,1.5
Punjab,LUDHIANA,2001,Rabi,Wheat,257000,1304000,5.073929961
Punjab,LUDHIANA,2001,Whole Year,Sugarcane,8000,540000,67.5
Punjab,LUDHIANA,2002,Kharif,Arhar/Tur,2000,1600,0.8
Punjab,LUDHIANA,2002,Kharif,Cotton(lint),1000,1000,1
Punjab,LUDHIANA,2002,Kharif,Groundnut,100,100,1
Punjab,LUDHIANA,2002,Kharif,Maize,4000,13000,3.25
Punjab,LUDHIANA,2002,Kharif,Moong(Green Gram),2200,1800,0.818181818
Punjab,LUDHIANA,2002,Kharif,Rice,236000,1020000,4.322033898
Punjab,LUDHIANA,2002,Rabi,Barley,3000,10000,3.333333333
Punjab,LUDHIANA,2002,Rabi,Gram,200,200,1
Punjab,LUDHIANA,2002,Rabi,Rapeseed &Mustard,2000,2000,1
Punjab,LUDHIANA,2002,Rabi,Wheat,254000,1142000,4.496062992
Punjab,LUDHIANA,2002,Whole Year,Sugarcane,8000,510000,63.75
Punjab,LUDHIANA,2003,Kharif,Arhar/Tur,2200,1800,0.818181818
Punjab,LUDHIANA,2003,Kharif,Cotton(lint),1000,1000,1
Punjab,LUDHIANA,2003,Kharif,Maize,3000,10000,3.333333333
Punjab,LUDHIANA,2003,Kharif,Moong(Green Gram),2600,2300,0.884615385
Punjab,LUDHIANA,2003,Kharif,Rice,241000,1047000,4.34439834
Punjab,LUDHIANA,2003,Rabi,Barley,2000,6000,3
Punjab,LUDHIANA,2003,Rabi,Gram,100,100,1
Punjab,LUDHIANA,2003,Rabi,Rapeseed &Mustard,2000,3000,1.5
Punjab,LUDHIANA,2003,Rabi,Sunflower,1000,2000,2
Punjab,LUDHIANA,2003,Rabi,Wheat,257000,1220000,4.747081712
Punjab,LUDHIANA,2003,Whole Year,Sugarcane,5000,270000,54
Punjab,LUDHIANA,2004,Kharif,Arhar/Tur,2000,1600,0.8
Punjab,LUDHIANA,2004,Kharif,Groundnut,100,100,1
Punjab,LUDHIANA,2004,Kharif,Maize,2000,6000,3
Punjab,LUDHIANA,2004,Kharif,Moong(Green Gram),2100,1600,0.761904762
Punjab,LUDHIANA,2004,Kharif,Rice,400000,1144000,2.86
Punjab,LUDHIANA,2004,Rabi,Barley,2000,7000,3.5
Punjab,LUDHIANA,2004,Rabi,Gram,100,100,1
Punjab,LUDHIANA,2004,Rabi,Rapeseed &Mustard,2000,3000,1.5
Punjab,LUDHIANA,2004,Rabi,Wheat,258000,1246000,4.829457364
Punjab,LUDHIANA,2004,Whole Year,Sugarcane,3000,140000,46.66666667
Punjab,LUDHIANA,2005,Kharif,Arhar/Tur,1900,1500,0.789473684
Punjab,LUDHIANA,2005,Kharif,Cotton(lint),1000,5000,5
Punjab,LUDHIANA,2005,Kharif,Groundnut,100,100,1
Punjab,LUDHIANA,2005,Kharif,Maize,2000,7000,3.5
Punjab,LUDHIANA,2005,Kharif,Moong(Green Gram),2000,1600,0.8
Punjab,LUDHIANA,2005,Kharif,Moth,100,100,1
Punjab,LUDHIANA,2005,Kharif,Rice,250000,1130000,4.52
Punjab,LUDHIANA,2005,Rabi,Barley,2000,7000,3.5
Punjab,LUDHIANA,2005,Rabi,Peas & beans (Pulses),400,500,1.25
Punjab,LUDHIANA,2005,Rabi,Rapeseed &Mustard,2000,3000,1.5
Punjab,LUDHIANA,2005,Rabi,Wheat,257000,1228000,4.778210117
Punjab,LUDHIANA,2005,Whole Year,Sugarcane,2000,133000,66.5
Punjab,LUDHIANA,2006,Kharif,Arhar/Tur,1800,1600,0.888888889
Punjab,LUDHIANA,2006,Kharif,Cotton(lint),2000,9000,4.5
Punjab,LUDHIANA,2006,Kharif,Groundnut,200,200,1
Punjab,LUDHIANA,2006,Kharif,Maize,2000,9000,4.5
Punjab,LUDHIANA,2006,Kharif,Moong(Green Gram),2300,1900,0.826086957
Punjab,LUDHIANA,2006,Kharif,Rice,248000,1084000,4.370967742
Punjab,LUDHIANA,2006,Rabi,Barley,2000,6000,3
Punjab,LUDHIANA,2006,Rabi,Peas & beans (Pulses),500,700,1.4
Punjab,LUDHIANA,2006,Rabi,Rapeseed &Mustard,1000,1000,1
Punjab,LUDHIANA,2006,Rabi,Wheat,257000,1158000,4.505836576
Punjab,LUDHIANA,2007,Kharif,Arhar/Tur,1500,1300,0.866666667
Punjab,LUDHIANA,2007,Kharif,Cotton(lint),3000,12000,4
Punjab,LUDHIANA,2007,Kharif,Maize,2000,7000,3.5
Punjab,LUDHIANA,2007,Kharif,Moong(Green Gram),2000,1300,0.65
Punjab,LUDHIANA,2007,Kharif,Rice,250000,1133000,4.532
Punjab,LUDHIANA,2007,Rabi,Barley,2000,7000,3.5
Punjab,LUDHIANA,2007,Rabi,Rapeseed &Mustard,1000,1000,1
Punjab,LUDHIANA,2007,Rabi,Wheat,258000,1238000,4.798449612
Punjab,LUDHIANA,2008,Kharif,Arhar/Tur,1400,1100,0.785714286
Punjab,LUDHIANA,2008,Kharif,Cotton(lint),2000,9000,4.5
Punjab,LUDHIANA,2008,Kharif,Maize,2000,7000,3.5
Punjab,LUDHIANA,2008,Kharif,Moong(Green Gram),1200,900,0.75
Punjab,LUDHIANA,2008,Kharif,Rice,254000,1135000,4.468503937
Punjab,LUDHIANA,2008,Rabi,Barley,2000,5000,2.5
Punjab,LUDHIANA,2008,Rabi,Peas & beans (Pulses),2000,3000,1.5
Punjab,LUDHIANA,2008,Rabi,Rapeseed &Mustard,1000,1000,1
Punjab,LUDHIANA,2008,Rabi,Wheat,259000,1137000,4.38996139
Punjab,LUDHIANA,2009,Kharif,Arhar/Tur,1200,1300,1.083333333
Punjab,LUDHIANA,2009,Kharif,Cotton(lint),2000,8000,4
Punjab,LUDHIANA,2009,Kharif,Maize,2000,9000,4.5
Punjab,LUDHIANA,2009,Kharif,Moong(Green Gram),1100,1000,0.909090909
Punjab,LUDHIANA,2009,Kharif,Rice,257000,1206000,4.692607004
Punjab,LUDHIANA,2009,Rabi,Barley,2000,7000,3.5
Punjab,LUDHIANA,2009,Rabi,Peas & beans (Pulses),300,400,1.333333333
Punjab,LUDHIANA,2009,Rabi,Rapeseed &Mustard,2000,2000,1
Punjab,LUDHIANA,2009,Rabi,Wheat,259000,1200000,4.633204633
Punjab,LUDHIANA,2009,Whole Year,Sugarcane,100,6000,60
Punjab,LUDHIANA,2010,Kharif,Arhar/Tur,1100,1000,0.909090909
Punjab,LUDHIANA,2010,Kharif,Cotton(lint),1000,4000,4
Punjab,LUDHIANA,2010,Kharif,Maize,2000,7000,3.5
Punjab,LUDHIANA,2010,Kharif,Moong(Green Gram),1300,1000,0.769230769
Punjab,LUDHIANA,2010,Kharif,Rice,257000,1133000,4.408560311
Punjab,LUDHIANA,2010,Rabi,Barley,1000,4000,4
Punjab,LUDHIANA,2010,Rabi,Peas & beans (Pulses),300,400,1.333333333
Punjab,LUDHIANA,2010,Rabi,Rapeseed &Mustard,1000,2000,2
Punjab,LUDHIANA,2010,Rabi,Wheat,257000,1276000,4.964980545
Punjab,LUDHIANA,2011,Kharif,Arhar/Tur,8000,7000,0.875
Punjab,LUDHIANA,2011,Kharif,Cotton(lint),1000,3000,3
Punjab,LUDHIANA,2011,Kharif,Maize,2000,6000,3
Punjab,LUDHIANA,2011,Kharif,Moong(Green Gram),7000,5000,0.714285714
Punjab,LUDHIANA,2011,Kharif,Rice,257000,1094000,4.256809339
Punjab,LUDHIANA,2011,Rabi,Barley,1000,4000,4
Punjab,LUDHIANA,2011,Rabi,Peas & beans (Pulses),3000,4000,1.333333333
Punjab,LUDHIANA,2011,Rabi,Rapeseed &Mustard,1000,2000,2
Punjab,LUDHIANA,2011,Rabi,Wheat,257000,1381000,5.373540856
Punjab,LUDHIANA,2011,Whole Year,Sugarcane,2,161000,80500
Punjab,LUDHIANA,2012,Kharif,Arhar/Tur,100,800,8
Punjab,LUDHIANA,2012,Kharif,Cotton(lint),1000,2000,2
Punjab,LUDHIANA,2012,Kharif,Maize,3000,8000,2.666666667
Punjab,LUDHIANA,2012,Kharif,Moong(Green Gram),600,300,0.5
Punjab,LUDHIANA,2012,Kharif,Peas & beans (Pulses),30,50,1.666666667
Punjab,LUDHIANA,2012,Kharif,Rice,257000,1169000,4.548638132
Punjab,LUDHIANA,2012,Rabi,Barley,2000,7000,3.5
Punjab,LUDHIANA,2012,Rabi,Peas & beans (Pulses),300,400,1.333333333
Punjab,LUDHIANA,2012,Rabi,Rapeseed &Mustard,1000,1200,1.2
Punjab,LUDHIANA,2012,Rabi,Sunflower,1200,2100,1.75
Punjab,LUDHIANA,2012,Rabi,Wheat,256000,1242000,4.8515625
Punjab,LUDHIANA,2012,Whole Year,Guar seed,100,100,1
Punjab,LUDHIANA,2012,Whole Year,Sugarcane,2000,136000,68
Punjab,LUDHIANA,2013,Kharif,Arhar/Tur,9000,8000,0.888888889
Punjab,LUDHIANA,2013,Kharif,Bajra,300,300,1
Punjab,LUDHIANA,2013,Kharif,Cotton(lint),1000,3000,3
Punjab,LUDHIANA,2013,Kharif,Maize,2000,14000,7
Punjab,LUDHIANA,2013,Kharif,Moong(Green Gram),4000,3000,0.75
Punjab,LUDHIANA,2013,Kharif,Rice,257000,1137000,4.424124514
Punjab,LUDHIANA,2013,Rabi,Barley,1000,4000,4
Punjab,LUDHIANA,2013,Rabi,Peas & beans (Pulses),3000,4500,1.5
Punjab,LUDHIANA,2013,Rabi,Rapeseed &Mustard,1000,1300,1.3
Punjab,LUDHIANA,2013,Rabi,Wheat,254000,1327000,5.224409449
Punjab,LUDHIANA,2013,Whole Year,Sugarcane,2000,170000,85
Punjab,LUDHIANA,2014,Kharif,Arhar/Tur,7000,7600,1.085714286
Punjab,LUDHIANA,2014,Kharif,Maize,3000,21000,7
Punjab,LUDHIANA,2014,Kharif,Moong(Green Gram),5000,4000,0.8
Punjab,LUDHIANA,2014,Kharif,Rice,257000,1119000,4.354085603
Punjab,LUDHIANA,2014,Rabi,Barley,1000,3500,3.5
Punjab,LUDHIANA,2014,Rabi,Peas & beans (Pulses),3000,4500,1.5
Punjab,LUDHIANA,2014,Rabi,Rapeseed &Mustard,1000,1500,1.5
Punjab,LUDHIANA,2014,Rabi,Wheat,253000,1129000,4.462450593
Punjab,LUDHIANA,2014,Whole Year,Sugarcane,3000,258000,86
Punjab,MANSA,1997,Kharif,Bajra,1000,1000,1
Punjab,MANSA,1997,Kharif,Groundnut,1000,1000,1
Punjab,MANSA,1997,Kharif,Rice,58000,220000,3.793103448
Punjab,MANSA,1997,Rabi,Barley,4000,10000,2.5
Punjab,MANSA,1997,Rabi,Gram,2300,1600,0.695652174
Punjab,MANSA,1997,Rabi,Rapeseed &Mustard,6000,4000,0.666666667
Punjab,MANSA,1997,Rabi,Wheat,157000,558000,3.554140127
Punjab,MANSA,1997,Whole Year,Cotton(lint),103000,165000,1.601941748
Punjab,MANSA,1997,Whole Year,Moong(Green Gram),800,500,0.625
Punjab,MANSA,1997,Whole Year,Sugarcane,1000,60000,60
Punjab,MANSA,1998,Kharif,Bajra,1000,1000,1
Punjab,MANSA,1998,Kharif,Cotton(lint),83000,70000,0.843373494
Punjab,MANSA,1998,Kharif,Moong(Green Gram),700,400,0.571428571
Punjab,MANSA,1998,Kharif,Rice,84000,215000,2.55952381
Punjab,MANSA,1998,Rabi,Barley,3000,8000,2.666666667
Punjab,MANSA,1998,Rabi,Gram,2300,1600,0.695652174
Punjab,MANSA,1998,Rabi,Rapeseed &Mustard,6000,6000,1
Punjab,MANSA,1998,Rabi,Wheat,159000,687000,4.320754717
Punjab,MANSA,1998,Whole Year,Sugarcane,1000,60000,60
Punjab,MANSA,1999,Kharif,Bajra,2000,1000,0.5
Punjab,MANSA,1999,Kharif,Cotton(lint),72000,159000,2.208333333
Punjab,MANSA,1999,Kharif,Moong(Green Gram),700,400,0.571428571
Punjab,MANSA,1999,Kharif,Rice,91000,291000,3.197802198
Punjab,MANSA,1999,Kharif,Sesamum,100,0,0
Punjab,MANSA,1999,Rabi,Barley,3000,10000,3.333333333
Punjab,MANSA,1999,Rabi,Gram,1000,900,0.9
Punjab,MANSA,1999,Rabi,Rapeseed &Mustard,4000,4000,1
Punjab,MANSA,1999,Rabi,Wheat,157000,719000,4.579617834
Punjab,MANSA,1999,Whole Year,Sugarcane,1000,60000,60
Punjab,MANSA,2000,Kharif,Bajra,1000,1000,1
Punjab,MANSA,2000,Kharif,Cotton(lint),79000,193000,2.443037975
Punjab,MANSA,2000,Kharif,Moong(Green Gram),700,400,0.571428571
Punjab,MANSA,2000,Kharif,Rice,84000,306000,3.642857143
Punjab,MANSA,2000,Kharif,Sesamum,100,10,0.1
Punjab,MANSA,2000,Rabi,Barley,3000,10000,3.333333333
Punjab,MANSA,2000,Rabi,Gram,700,600,0.857142857
Punjab,MANSA,2000,Rabi,Wheat,163000,748000,4.588957055
Punjab,MANSA,2000,Whole Year,Sugarcane,1000,60000,60
Punjab,MANSA,2001,Kharif,Cotton(lint),92000,182000,1.97826087
Punjab,MANSA,2001,Kharif,Moong(Green Gram),500,200,0.4
Punjab,MANSA,2001,Kharif,Rice,68000,242000,3.558823529
Punjab,MANSA,2001,Kharif,Sesamum,300,100,0.333333333
Punjab,MANSA,2001,Rabi,Barley,2000,5000,2.5
Punjab,MANSA,2001,Rabi,Gram,500,300,0.6
Punjab,MANSA,2001,Rabi,Rapeseed &Mustard,400,900,2.25
Punjab,MANSA,2001,Rabi,Wheat,165000,667000,4.042424242
Punjab,MANSA,2001,Whole Year,Sugarcane,1000,70000,70
Punjab,MANSA,2002,Kharif,Bajra,2000,2000,1
Punjab,MANSA,2002,Kharif,Cotton(lint),70000,168000,2.4
Punjab,MANSA,2002,Kharif,Groundnut,300,200,0.666666667
Punjab,MANSA,2002,Kharif,Maize,1000,2000,2
Punjab,MANSA,2002,Kharif,Moong(Green Gram),400,200,0.5
Punjab,MANSA,2002,Kharif,Rice,88000,267000,3.034090909
Punjab,MANSA,2002,Kharif,Sesamum,1200,300,0.25
Punjab,MANSA,2002,Rabi,Barley,2000,6000,3
Punjab,MANSA,2002,Rabi,Gram,400,400,1
Punjab,MANSA,2002,Rabi,Rapeseed &Mustard,7000,5000,0.714285714
Punjab,MANSA,2002,Rabi,Wheat,163000,691000,4.239263804
Punjab,MANSA,2002,Whole Year,Guar seed,5500,3600,0.654545455
Punjab,MANSA,2002,Whole Year,Sugarcane,1000,50000,50
Punjab,MANSA,2003,Kharif,Bajra,3000,3000,1
Punjab,MANSA,2003,Kharif,Cotton(lint),73000,246000,3.369863014
Punjab,MANSA,2003,Kharif,Groundnut,200,200,1
Punjab,MANSA,2003,Kharif,Moong(Green Gram),700,500,0.714285714
Punjab,MANSA,2003,Kharif,Rice,78000,299000,3.833333333
Punjab,MANSA,2003,Kharif,Sesamum,300,100,0.333333333
Punjab,MANSA,2003,Rabi,Barley,2000,7000,3.5
Punjab,MANSA,2003,Rabi,Gram,700,400,0.571428571
Punjab,MANSA,2003,Rabi,Rapeseed &Mustard,5000,6000,1.2
Punjab,MANSA,2003,Rabi,Wheat,166000,691000,4.162650602
Punjab,MANSA,2003,Whole Year,Guar seed,6300,3100,0.492063492
Punjab,MANSA,2004,Kharif,Bajra,2000,2000,1
Punjab,MANSA,2004,Kharif,Cotton(lint),82000,350000,4.268292683
Punjab,MANSA,2004,Kharif,Groundnut,100,100,1
Punjab,MANSA,2004,Kharif,Moong(Green Gram),500,400,0.8
Punjab,MANSA,2004,Kharif,Rice,75000,307000,4.093333333
Punjab,MANSA,2004,Kharif,Sesamum,400,200,0.5
Punjab,MANSA,2004,Rabi,Barley,2000,6000,3
Punjab,MANSA,2004,Rabi,Gram,400,300,0.75
Punjab,MANSA,2004,Rabi,Rapeseed &Mustard,5000,5000,1
Punjab,MANSA,2004,Rabi,Wheat,167000,707000,4.233532934
Punjab,MANSA,2004,Whole Year,Guar seed,4200,2300,0.547619048
Punjab,MANSA,2005,Kharif,Bajra,1000,1000,1
Punjab,MANSA,2005,Kharif,Cotton(lint),91000,365000,4.010989011
Punjab,MANSA,2005,Kharif,Groundnut,100,100,1
Punjab,MANSA,2005,Kharif,Moong(Green Gram),500,400,0.8
Punjab,MANSA,2005,Kharif,Rice,70000,291000,4.157142857
Punjab,MANSA,2005,Kharif,Sesamum,500,200,0.4
Punjab,MANSA,2005,Rabi,Barley,2000,5000,2.5
Punjab,MANSA,2005,Rabi,Gram,300,200,0.666666667
Punjab,MANSA,2005,Rabi,Rapeseed &Mustard,4000,4000,1
Punjab,MANSA,2005,Rabi,Wheat,163000,612000,3.754601227
Punjab,MANSA,2005,Whole Year,Guar seed,4300,3200,0.744186047
Punjab,MANSA,2006,Kharif,Bajra,1000,1000,1
Punjab,MANSA,2006,Kharif,Cotton(lint),93000,405000,4.35483871
Punjab,MANSA,2006,Kharif,Groundnut,100,100,1
Punjab,MANSA,2006,Kharif,Moong(Green Gram),600,400,0.666666667
Punjab,MANSA,2006,Kharif,Rice,62000,259000,4.177419355
Punjab,MANSA,2006,Kharif,Sesamum,400,100,0.25
Punjab,MANSA,2006,Rabi,Barley,2000,6000,3
Punjab,MANSA,2006,Rabi,Gram,400,500,1.25
Punjab,MANSA,2006,Rabi,Rapeseed &Mustard,3000,3000,1
Punjab,MANSA,2006,Rabi,Wheat,165000,718000,4.351515152
Punjab,MANSA,2006,Whole Year,Guar seed,4500,3800,0.844444444
Punjab,MANSA,2007,Kharif,Bajra,1000,1000,1
Punjab,MANSA,2007,Kharif,Cotton(lint),100000,438000,4.38
Punjab,MANSA,2007,Kharif,Groundnut,100,100,1
Punjab,MANSA,2007,Kharif,Guar seed,54,46,0.851851852
Punjab,MANSA,2007,Kharif,Moong(Green Gram),500,200,0.4
Punjab,MANSA,2007,Kharif,Rice,61000,252000,4.131147541
Punjab,MANSA,2007,Kharif,Sesamum,200,100,0.5
Punjab,MANSA,2007,Rabi,Barley,1000,3000,3
Punjab,MANSA,2007,Rabi,Gram,2000,2000,1
Punjab,MANSA,2007,Rabi,Rapeseed &Mustard,2000,2000,1
Punjab,MANSA,2007,Rabi,Wheat,169000,727000,4.301775148
Punjab,MANSA,2008,Kharif,Cotton(lint),90000,366000,4.066666667
Punjab,MANSA,2008,Kharif,Groundnut,100,100,1
Punjab,MANSA,2008,Kharif,Guar seed,52,44,0.846153846
Punjab,MANSA,2008,Kharif,Moong(Green Gram),300,200,0.666666667
Punjab,MANSA,2008,Kharif,Rice,71000,296000,4.169014085
Punjab,MANSA,2008,Kharif,Sesamum,200,100,0.5
Punjab,MANSA,2008,Rabi,Barley,1000,3000,3
Punjab,MANSA,2008,Rabi,Gram,1000,1000,1
Punjab,MANSA,2008,Rabi,Rapeseed &Mustard,2000,3000,1.5
Punjab,MANSA,2008,Rabi,Wheat,171000,791000,4.625730994
Punjab,MANSA,2009,Kharif,Bajra,1000,1000,1
Punjab,MANSA,2009,Kharif,Cotton(lint),89000,328000,3.685393258
Punjab,MANSA,2009,Kharif,Groundnut,100,100,1
Punjab,MANSA,2009,Kharif,Guar seed,30,25,0.833333333
Punjab,MANSA,2009,Kharif,Moong(Green Gram),300,200,0.666666667
Punjab,MANSA,2009,Kharif,Rice,77000,324000,4.207792208
Punjab,MANSA,2009,Kharif,Sesamum,100,,
Punjab,MANSA,2009,Rabi,Barley,1000,3000,3
Punjab,MANSA,2009,Rabi,Gram,2000,3000,1.5
Punjab,MANSA,2009,Rabi,Rapeseed &Mustard,2000,3000,1.5
Punjab,MANSA,2009,Rabi,Wheat,170000,730000,4.294117647
Punjab,MANSA,2010,Kharif,Bajra,1000,1000,1
Punjab,MANSA,2010,Kharif,Cotton(lint),88000,351000,3.988636364
Punjab,MANSA,2010,Kharif,Moong(Green Gram),400,300,0.75
Punjab,MANSA,2010,Kharif,Rice,78000,316000,4.051282051
Punjab,MANSA,2010,Rabi,Barley,1000,3000,3
Punjab,MANSA,2010,Rabi,Gram,100,100,1
Punjab,MANSA,2010,Rabi,Rapeseed &Mustard,2000,3000,1.5
Punjab,MANSA,2010,Rabi,Wheat,170000,830000,4.882352941
Punjab,MANSA,2010,Whole Year,Guar seed,3100,2900,0.935483871
Punjab,MANSA,2011,Kharif,Bajra,1000,1000,1
Punjab,MANSA,2011,Kharif,Cotton(lint),93000,338000,3.634408602
Punjab,MANSA,2011,Kharif,Groundnut,1000,1000,1
Punjab,MANSA,2011,Kharif,Guar seed,19000,16000,0.842105263
Punjab,MANSA,2011,Kharif,Moong(Green Gram),3000,2000,0.666666667
Punjab,MANSA,2011,Kharif,Rice,74000,292000,3.945945946
Punjab,MANSA,2011,Rabi,Barley,1000,3000,3
Punjab,MANSA,2011,Rabi,Gram,1000,2000,2
Punjab,MANSA,2011,Rabi,Rapeseed &Mustard,2000,3000,1.5
Punjab,MANSA,2011,Rabi,Wheat,170000,841000,4.947058824
Punjab,MANSA,2012,Kharif,Bajra,1000,1000,1
Punjab,MANSA,2012,Kharif,Cotton(lint),90000,317000,3.522222222
Punjab,MANSA,2012,Kharif,Guar seed,2900,2900,1
Punjab,MANSA,2012,Kharif,Moong(Green Gram),100,100,1
Punjab,MANSA,2012,Kharif,Rice,78000,321000,4.115384615
Punjab,MANSA,2012,Rabi,Barley,1000,3000,3
Punjab,MANSA,2012,Rabi,Gram,100,100,1
Punjab,MANSA,2012,Rabi,Masoor,100,100,1
Punjab,MANSA,2012,Rabi,Rapeseed &Mustard,2000,3100,1.55
Punjab,MANSA,2012,Rabi,Wheat,171000,759000,4.438596491
Punjab,MANSA,2012,Whole Year,Guar seed,2800,2800,1
Punjab,MANSA,2013,Kharif,Bajra,200,200,1
Punjab,MANSA,2013,Kharif,Cotton(lint),86000,275000,3.197674419
Punjab,MANSA,2013,Kharif,Guar seed,4800,4500,0.9375
Punjab,MANSA,2013,Kharif,Moong(Green Gram),4000,2000,0.5
Punjab,MANSA,2013,Kharif,Rice,81000,334000,4.12345679
Punjab,MANSA,2013,Rabi,Barley,1000,3000,3
Punjab,MANSA,2013,Rabi,Rapeseed &Mustard,2000,2700,1.35
Punjab,MANSA,2013,Rabi,Wheat,170000,854000,5.023529412
Punjab,MANSA,2014,Kharif,Cotton(lint),84000,251000,2.988095238
Punjab,MANSA,2014,Kharif,Guar seed,3800,2800,0.736842105
Punjab,MANSA,2014,Kharif,Rice,82000,296000,3.609756098
Punjab,MANSA,2014,Rabi,Barley,1000,3100,3.1
Punjab,MANSA,2014,Rabi,Gram,1000,1300,1.3
Punjab,MANSA,2014,Rabi,Rapeseed &Mustard,2000,2100,1.05
Punjab,MANSA,2014,Rabi,Wheat,166000,742000,4.469879518
Punjab,MOGA,1997,Kharif,Arhar/Tur,300,200,0.666666667
Punjab,MOGA,1997,Kharif,Rice,107000,429000,4.009345794
Punjab,MOGA,1997,Rabi,Barley,1000,3000,3
Punjab,MOGA,1997,Rabi,Gram,200,200,1
Punjab,MOGA,1997,Rabi,Rapeseed &Mustard,1000,1000,1
Punjab,MOGA,1997,Rabi,Wheat,124000,530000,4.274193548
Punjab,MOGA,1997,Whole Year,Cotton(lint),16000,24000,1.5
Punjab,MOGA,1997,Whole Year,Moong(Green Gram),3200,2000,0.625
Punjab,MOGA,1997,Whole Year,Sugarcane,1000,60000,60
Punjab,MOGA,1998,Kharif,Arhar/Tur,600,400,0.666666667
Punjab,MOGA,1998,Kharif,Cotton(lint),9000,10000,1.111111111
Punjab,MOGA,1998,Kharif,Moong(Green Gram),2800,1500,0.535714286
Punjab,MOGA,1998,Kharif,Rice,118000,413000,3.5
Punjab,MOGA,1998,Rabi,Barley,1000,3000,3
Punjab,MOGA,1998,Rabi,Gram,200,200,1
Punjab,MOGA,1998,Rabi,Rapeseed &Mustard,1000,1000,1
Punjab,MOGA,1998,Rabi,Wheat,124000,562000,4.532258065
Punjab,MOGA,1999,Kharif,Arhar/Tur,600,400,0.666666667
Punjab,MOGA,1999,Kharif,Cotton(lint),9000,13000,1.444444444
Punjab,MOGA,1999,Kharif,Moong(Green Gram),2100,1200,0.571428571
Punjab,MOGA,1999,Kharif,Rice,117000,393000,3.358974359
Punjab,MOGA,1999,Rabi,Barley,1000,4000,4
Punjab,MOGA,1999,Rabi,Gram,200,300,1.5
Punjab,MOGA,1999,Rabi,Rapeseed &Mustard,1000,1000,1
Punjab,MOGA,1999,Rabi,Wheat,170000,838000,4.929411765
Punjab,MOGA,2000,Kharif,Arhar/Tur,800,700,0.875
Punjab,MOGA,2000,Kharif,Bajra,2000,1000,0.5
Punjab,MOGA,2000,Kharif,Cotton(lint),8000,20000,2.5
Punjab,MOGA,2000,Kharif,Moong(Green Gram),4000,2900,0.725
Punjab,MOGA,2000,Kharif,Rice,159000,596000,3.748427673
Punjab,MOGA,2000,Kharif,Sesamum,100,10,0.1
Punjab,MOGA,2000,Rabi,Barley,1000,3000,3
Punjab,MOGA,2000,Rabi,Gram,400,500,1.25
Punjab,MOGA,2000,Rabi,Wheat,172000,818000,4.755813953
Punjab,MOGA,2000,Whole Year,Sugarcane,1000,60000,60
Punjab,MOGA,2001,Kharif,Arhar/Tur,300,200,0.666666667
Punjab,MOGA,2001,Kharif,Cotton(lint),14000,20000,1.428571429
Punjab,MOGA,2001,Kharif,Maize,1000,3000,3
Punjab,MOGA,2001,Kharif,Moong(Green Gram),2800,200,0.071428571
Punjab,MOGA,2001,Kharif,Rice,151000,579000,3.834437086
Punjab,MOGA,2001,Kharif,Sesamum,100,100,1
Punjab,MOGA,2001,Rabi,Barley,1000,3000,3
Punjab,MOGA,2001,Rabi,Gram,500,600,1.2
Punjab,MOGA,2001,Rabi,Rapeseed &Mustard,100,100,1
Punjab,MOGA,2001,Rabi,Wheat,167000,779000,4.664670659
Punjab,MOGA,2001,Whole Year,Sugarcane,2000,150000,75
Punjab,MOGA,2002,Kharif,Arhar/Tur,900,600,0.666666667
Punjab,MOGA,2002,Kharif,Cotton(lint),5000,6000,1.2
Punjab,MOGA,2002,Kharif,Maize,1000,2000,2
Punjab,MOGA,2002,Kharif,Moong(Green Gram),1600,900,0.5625
Punjab,MOGA,2002,Kharif,Rice,149000,568000,3.812080537
Punjab,MOGA,2002,Kharif,Sesamum,100,0,0
Punjab,MOGA,2002,Rabi,Barley,1000,2000,2
Punjab,MOGA,2002,Rabi,Gram,500,400,0.8
Punjab,MOGA,2002,Rabi,Rapeseed &Mustard,1000,1000,1
Punjab,MOGA,2002,Rabi,Wheat,170000,735000,4.323529412
Punjab,MOGA,2002,Whole Year,Sugarcane,2000,100000,50
Punjab,MOGA,2003,Kharif,Arhar/Tur,1000,600,0.6
Punjab,MOGA,2003,Kharif,Cotton(lint),4000,11000,2.75
Punjab,MOGA,2003,Kharif,Maize,1000,3000,3
Punjab,MOGA,2003,Kharif,Moong(Green Gram),1400,1100,0.785714286
Punjab,MOGA,2003,Kharif,Rice,163000,667000,4.09202454
Punjab,MOGA,2003,Rabi,Barley,1000,3000,3
Punjab,MOGA,2003,Rabi,Gram,200,300,1.5
Punjab,MOGA,2003,Rabi,Rapeseed &Mustard,1000,1000,1
Punjab,MOGA,2003,Rabi,Wheat,171000,743000,4.34502924
Punjab,MOGA,2003,Whole Year,Guar seed,200,100,0.5
Punjab,MOGA,2003,Whole Year,Sugarcane,1000,60000,60
Punjab,MOGA,2004,Kharif,Arhar/Tur,900,600,0.666666667
Punjab,MOGA,2004,Kharif,Cotton(lint),6000,20000,3.333333333
Punjab,MOGA,2004,Kharif,Moong(Green Gram),1100,1100,1
Punjab,MOGA,2004,Kharif,Rice,164000,731000,4.457317073
Punjab,MOGA,2004,Rabi,Barley,1000,3000,3
Punjab,MOGA,2004,Rabi,Gram,200,100,0.5
Punjab,MOGA,2004,Rabi,Rapeseed &Mustard,1000,1000,1
Punjab,MOGA,2004,Rabi,Wheat,173000,759000,4.387283237
Punjab,MOGA,2004,Whole Year,Guar seed,100,100,1
Punjab,MOGA,2004,Whole Year,Sugarcane,1000,60000,60
Punjab,MOGA,2005,Kharif,Arhar/Tur,800,600,0.75
Punjab,MOGA,2005,Kharif,Cotton(lint),7000,28000,4
Punjab,MOGA,2005,Kharif,Moong(Green Gram),1000,1000,1
Punjab,MOGA,2005,Kharif,Rice,167000,735000,4.401197605
Punjab,MOGA,2005,Rabi,Barley,1000,3000,3
Punjab,MOGA,2005,Rabi,Gram,200,100,0.5
Punjab,MOGA,2005,Rabi,Rapeseed &Mustard,1000,1000,1
Punjab,MOGA,2005,Rabi,Wheat,174000,767000,4.408045977
Punjab,MOGA,2006,Kharif,Arhar/Tur,800,700,0.875
Punjab,MOGA,2006,Kharif,Cotton(lint),7000,29000,4.142857143
Punjab,MOGA,2006,Kharif,Moong(Green Gram),1000,1300,1.3
Punjab,MOGA,2006,Kharif,Rice,168000,711000,4.232142857
Punjab,MOGA,2006,Rabi,Barley,1000,3000,3
Punjab,MOGA,2006,Rabi,Gram,200,100,0.5
Punjab,MOGA,2006,Rabi,Rapeseed &Mustard,1000,1000,1
Punjab,MOGA,2006,Rabi,Wheat,175000,725000,4.142857143
Punjab,MOGA,2007,Kharif,Arhar/Tur,600,500,0.833333333
Punjab,MOGA,2007,Kharif,Cotton(lint),8000,32000,4
Punjab,MOGA,2007,Kharif,Moong(Green Gram),800,500,0.625
Punjab,MOGA,2007,Kharif,Rice,169000,749000,4.431952663
Punjab,MOGA,2007,Rabi,Gram,1000,1000,1
Punjab,MOGA,2007,Rabi,Rapeseed &Mustard,1000,1000,1
Punjab,MOGA,2007,Rabi,Wheat,175000,818000,4.674285714
Punjab,MOGA,2008,Kharif,Arhar/Tur,400,400,1
Punjab,MOGA,2008,Kharif,Cotton(lint),6000,36000,6
Punjab,MOGA,2008,Kharif,Moong(Green Gram),700,600,0.857142857
Punjab,MOGA,2008,Kharif,Rice,174000,800000,4.597701149
Punjab,MOGA,2008,Kharif,Sesamum,100,,
Punjab,MOGA,2008,Rabi,Barley,1000,3000,3
Punjab,MOGA,2008,Rabi,Gram,1000,1000,1
Punjab,MOGA,2008,Rabi,Rapeseed &Mustard,1000,1000,1
Punjab,MOGA,2008,Rabi,Wheat,117000,873000,7.461538462
Punjab,MOGA,2009,Kharif,Arhar/Tur,400,300,0.75
Punjab,MOGA,2009,Kharif,Cotton(lint),4000,17000,4.25
Punjab,MOGA,2009,Kharif,Guar seed,1,1,1
Punjab,MOGA,2009,Kharif,Moong(Green Gram),500,400,0.8
Punjab,MOGA,2009,Kharif,Rice,172000,812000,4.720930233
Punjab,MOGA,2009,Rabi,Rapeseed &Mustard,1000,1000,1
Punjab,MOGA,2009,Rabi,Wheat,177000,779000,4.401129944
Punjab,MOGA,2010,Kharif,Arhar/Tur,500,600,1.2
Punjab,MOGA,2010,Kharif,Cotton(lint),3000,9000,3
Punjab,MOGA,2010,Kharif,Moong(Green Gram),700,600,0.857142857
Punjab,MOGA,2010,Kharif,Rice,172000,745000,4.331395349
Punjab,MOGA,2010,Rabi,Rapeseed &Mustard,1000,1000,1
Punjab,MOGA,2010,Rabi,Wheat,177000,887000,5.011299435
Punjab,MOGA,2011,Kharif,Arhar/Tur,2000,2000,1
Punjab,MOGA,2011,Kharif,Cotton(lint),3000,5000,1.666666667
Punjab,MOGA,2011,Kharif,Moong(Green Gram),5000,4000,0.8
Punjab,MOGA,2011,Kharif,Rice,174000,759000,4.362068966
Punjab,MOGA,2011,Rabi,Wheat,176000,961000,5.460227273
Punjab,MOGA,2012,Kharif,Arhar/Tur,300,200,0.666666667
Punjab,MOGA,2012,Kharif,Cotton(lint),2000,9000,4.5
Punjab,MOGA,2012,Kharif,Moong(Green Gram),300,300,1
Punjab,MOGA,2012,Kharif,Rice,176000,794000,4.511363636
Punjab,MOGA,2012,Rabi,Gram,100,100,1
Punjab,MOGA,2012,Rabi,Rapeseed &Mustard,1000,1400,1.4
Punjab,MOGA,2012,Rabi,Wheat,176000,871000,4.948863636
Punjab,MOGA,2013,Kharif,Arhar/Tur,2000,2000,1
Punjab,MOGA,2013,Kharif,Cotton(lint),2000,8000,4
Punjab,MOGA,2013,Kharif,Moong(Green Gram),2000,2000,1
Punjab,MOGA,2013,Kharif,Rice,176000,815000,4.630681818
Punjab,MOGA,2013,Rabi,Gram,1000,1200,1.2
Punjab,MOGA,2013,Rabi,Rapeseed &Mustard,1000,1200,1.2
Punjab,MOGA,2013,Rabi,Wheat,176000,922000,5.238636364
Punjab,MOGA,2014,Kharif,Arhar/Tur,2000,1000,0.5
Punjab,MOGA,2014,Kharif,Cotton(lint),1000,3000,3
Punjab,MOGA,2014,Kharif,Moong(Green Gram),2000,2000,1
Punjab,MOGA,2014,Kharif,Rice,177000,815000,4.604519774
Punjab,MOGA,2014,Rabi,Gram,1000,1100,1.1
Punjab,MOGA,2014,Rabi,Rapeseed &Mustard,1000,1100,1.1
Punjab,MOGA,2014,Rabi,Wheat,175000,794000,4.537142857
Punjab,MUKTSAR,1997,Kharif,Rice,28000,97000,3.464285714
Punjab,MUKTSAR,1997,Kharif,Sesamum,400,100,0.25
Punjab,MUKTSAR,1997,Rabi,Barley,7000,21000,3
Punjab,MUKTSAR,1997,Rabi,Gram,1800,1300,0.722222222
Punjab,MUKTSAR,1997,Rabi,Rapeseed &Mustard,6000,6000,1
Punjab,MUKTSAR,1997,Rabi,Wheat,176000,609000,3.460227273
Punjab,MUKTSAR,1997,Whole Year,Cotton(lint),161000,154000,0.956521739
Punjab,MUKTSAR,1997,Whole Year,Moong(Green Gram),3600,1800,0.5
Punjab,MUKTSAR,1997,Whole Year,Sugarcane,2000,110000,55
Punjab,MUKTSAR,1998,Kharif,Cotton(lint),109000,100000,0.917431193
Punjab,MUKTSAR,1998,Kharif,Moong(Green Gram),1900,1300,0.684210526
Punjab,MUKTSAR,1998,Kharif,Rice,77000,221000,2.87012987
Punjab,MUKTSAR,1998,Kharif,Sesamum,300,100,0.333333333
Punjab,MUKTSAR,1998,Rabi,Barley,5000,16000,3.2
Punjab,MUKTSAR,1998,Rabi,Gram,1600,1500,0.9375
Punjab,MUKTSAR,1998,Rabi,Peas & beans (Pulses),200,200,1
Punjab,MUKTSAR,1998,Rabi,Rapeseed &Mustard,6000,5000,0.833333333
Punjab,MUKTSAR,1998,Rabi,Wheat,175000,741000,4.234285714
Punjab,MUKTSAR,1998,Whole Year,Sugarcane,2000,130000,65
Punjab,MUKTSAR,1999,Kharif,Cotton(lint),85000,170000,2
Punjab,MUKTSAR,1999,Kharif,Maize,2000,5000,2.5
Punjab,MUKTSAR,1999,Kharif,Moong(Green Gram),3000,1600,0.533333333
Punjab,MUKTSAR,1999,Kharif,Rice,91000,272000,2.989010989
Punjab,MUKTSAR,1999,Kharif,Sesamum,1000,400,0.4
Punjab,MUKTSAR,1999,Rabi,Barley,4000,13000,3.25
Punjab,MUKTSAR,1999,Rabi,Gram,600,700,1.166666667
Punjab,MUKTSAR,1999,Rabi,Rapeseed &Mustard,3000,3000,1
Punjab,MUKTSAR,1999,Rabi,Wheat,187000,884000,4.727272727
Punjab,MUKTSAR,1999,Whole Year,Sugarcane,2000,130000,65
Punjab,MUKTSAR,2000,Kharif,Arhar/Tur,100,100,1
Punjab,MUKTSAR,2000,Kharif,Cotton(lint),87000,233000,2.67816092
Punjab,MUKTSAR,2000,Kharif,Maize,3000,8000,2.666666667
Punjab,MUKTSAR,2000,Kharif,Moong(Green Gram),2200,1700,0.772727273
Punjab,MUKTSAR,2000,Kharif,Rice,89000,309000,3.471910112
Punjab,MUKTSAR,2000,Kharif,Sesamum,1100,500,0.454545455
Punjab,MUKTSAR,2000,Rabi,Barley,4000,13000,3.25
Punjab,MUKTSAR,2000,Rabi,Gram,500,500,1
Punjab,MUKTSAR,2000,Rabi,Other  Rabi pulses,300,300,1
Punjab,MUKTSAR,2000,Rabi,Wheat,189000,869000,4.597883598
Punjab,MUKTSAR,2000,Whole Year,Sugarcane,4000,290000,72.5
Punjab,MUKTSAR,2001,Kharif,Arhar/Tur,700,400,0.571428571
Punjab,MUKTSAR,2001,Kharif,Cotton(lint),126000,276000,2.19047619
Punjab,MUKTSAR,2001,Kharif,Moong(Green Gram),1500,1800,1.2
Punjab,MUKTSAR,2001,Kharif,Rice,65000,239000,3.676923077
Punjab,MUKTSAR,2001,Kharif,Sesamum,1500,700,0.466666667
Punjab,MUKTSAR,2001,Rabi,Barley,3000,9000,3
Punjab,MUKTSAR,2001,Rabi,Gram,300,300,1
Punjab,MUKTSAR,2001,Rabi,Rapeseed &Mustard,300,400,1.333333333
Punjab,MUKTSAR,2001,Rabi,Wheat,193000,818000,4.238341969
Punjab,MUKTSAR,2001,Whole Year,Sugarcane,5000,380000,76
Punjab,MUKTSAR,2002,Kharif,Bajra,1000,1000,1
Punjab,MUKTSAR,2002,Kharif,Cotton(lint),86000,202000,2.348837209
Punjab,MUKTSAR,2002,Kharif,Groundnut,300,200,0.666666667
Punjab,MUKTSAR,2002,Kharif,Maize,1000,1000,1
Punjab,MUKTSAR,2002,Kharif,Moong(Green Gram),1700,800,0.470588235
Punjab,MUKTSAR,2002,Kharif,Moth,100,100,1
Punjab,MUKTSAR,2002,Kharif,Rice,83000,261000,3.144578313
Punjab,MUKTSAR,2002,Kharif,Sesamum,2400,700,0.291666667
Punjab,MUKTSAR,2002,Rabi,Barley,3000,10000,3.333333333
Punjab,MUKTSAR,2002,Rabi,Gram,500,300,0.6
Punjab,MUKTSAR,2002,Rabi,Rapeseed &Mustard,5000,5000,1
Punjab,MUKTSAR,2002,Rabi,Wheat,192000,809000,4.213541667
Punjab,MUKTSAR,2002,Whole Year,Guar seed,5400,3200,0.592592593
Punjab,MUKTSAR,2002,Whole Year,Sugarcane,8000,500000,62.5
Punjab,MUKTSAR,2003,Kharif,Arhar/Tur,100,100,1
Punjab,MUKTSAR,2003,Kharif,Cotton(lint),91000,267000,2.934065934
Punjab,MUKTSAR,2003,Kharif,Groundnut,400,400,1
Punjab,MUKTSAR,2003,Kharif,Moong(Green Gram),1900,1700,0.894736842
Punjab,MUKTSAR,2003,Kharif,Rice,87000,328000,3.770114943
Punjab,MUKTSAR,2003,Kharif,Sesamum,700,200,0.285714286
Punjab,MUKTSAR,2003,Rabi,Barley,3000,10000,3.333333333
Punjab,MUKTSAR,2003,Rabi,Gram,300,200,0.666666667
Punjab,MUKTSAR,2003,Rabi,Rapeseed &Mustard,3000,4000,1.333333333
Punjab,MUKTSAR,2003,Rabi,Wheat,197000,814000,4.131979695
Punjab,MUKTSAR,2003,Whole Year,Guar seed,8300,5200,0.626506024
Punjab,MUKTSAR,2003,Whole Year,Sugarcane,4000,210000,52.5
Punjab,MUKTSAR,2004,Kharif,Arhar/Tur,100,100,1
Punjab,MUKTSAR,2004,Kharif,Bajra,1000,1000,1
Punjab,MUKTSAR,2004,Kharif,Cotton(lint),105000,437000,4.161904762
Punjab,MUKTSAR,2004,Kharif,Groundnut,200,100,0.5
Punjab,MUKTSAR,2004,Kharif,Moong(Green Gram),1300,1100,0.846153846
Punjab,MUKTSAR,2004,Kharif,Rice,86000,334000,3.88372093
Punjab,MUKTSAR,2004,Kharif,Sesamum,700,300,0.428571429
Punjab,MUKTSAR,2004,Rabi,Barley,3000,10000,3.333333333
Punjab,MUKTSAR,2004,Rabi,Gram,300,300,1
Punjab,MUKTSAR,2004,Rabi,Rapeseed &Mustard,3000,2000,0.666666667
Punjab,MUKTSAR,2004,Rabi,Wheat,200000,799000,3.995
Punjab,MUKTSAR,2004,Whole Year,Guar seed,3900,2500,0.641025641
Punjab,MUKTSAR,2004,Whole Year,Sugarcane,1000,50000,50
Punjab,MUKTSAR,2005,Kharif,Cotton(lint),117000,542000,4.632478632
Punjab,MUKTSAR,2005,Kharif,Moong(Green Gram),900,700,0.777777778
Punjab,MUKTSAR,2005,Kharif,Rice,77000,298000,3.87012987
Punjab,MUKTSAR,2005,Kharif,Sesamum,600,200,0.333333333
Punjab,MUKTSAR,2005,Rabi,Barley,2000,6000,3
Punjab,MUKTSAR,2005,Rabi,Gram,300,300,1
Punjab,MUKTSAR,2005,Rabi,Peas & beans (Pulses),100,100,1
Punjab,MUKTSAR,2005,Rabi,Rapeseed &Mustard,2000,3000,1.5
Punjab,MUKTSAR,2005,Rabi,Wheat,200000,787000,3.935
Punjab,MUKTSAR,2005,Whole Year,Guar seed,3100,2300,0.741935484
Punjab,MUKTSAR,2005,Whole Year,Sugarcane,1000,51000,51
Punjab,MUKTSAR,2006,Kharif,Cotton(lint),131000,599000,4.572519084
Punjab,MUKTSAR,2006,Kharif,Moong(Green Gram),700,800,1.142857143
Punjab,MUKTSAR,2006,Kharif,Rice,68000,272000,4
Punjab,MUKTSAR,2006,Kharif,Sesamum,400,100,0.25
Punjab,MUKTSAR,2006,Rabi,Barley,2000,8000,4
Punjab,MUKTSAR,2006,Rabi,Gram,200,200,1
Punjab,MUKTSAR,2006,Rabi,Peas & beans (Pulses),100,100,1
Punjab,MUKTSAR,2006,Rabi,Rapeseed &Mustard,1000,1000,1
Punjab,MUKTSAR,2006,Rabi,Wheat,202000,854000,4.227722772
Punjab,MUKTSAR,2006,Whole Year,Guar seed,2600,2000,0.769230769
Punjab,MUKTSAR,2007,Kharif,Cotton(lint),128000,481000,3.7578125
Punjab,MUKTSAR,2007,Kharif,Guar seed,21,19,0.904761905
Punjab,MUKTSAR,2007,Kharif,Moong(Green Gram),800,800,1
Punjab,MUKTSAR,2007,Kharif,Rice,68000,283000,4.161764706
Punjab,MUKTSAR,2007,Kharif,Sesamum,300,200,0.666666667
Punjab,MUKTSAR,2007,Rabi,Barley,2000,8000,4
Punjab,MUKTSAR,2007,Rabi,Gram,2000,2000,1
Punjab,MUKTSAR,2007,Rabi,Rapeseed &Mustard,1000,2000,2
Punjab,MUKTSAR,2007,Rabi,Wheat,202000,963000,4.767326733
Punjab,MUKTSAR,2008,Kharif,Cotton(lint),107000,476000,4.448598131
Punjab,MUKTSAR,2008,Kharif,Guar seed,23,20,0.869565217
Punjab,MUKTSAR,2008,Kharif,Moong(Green Gram),600,500,0.833333333
Punjab,MUKTSAR,2008,Kharif,Rice,95000,402000,4.231578947
Punjab,MUKTSAR,2008,Kharif,Sesamum,300,100,0.333333333
Punjab,MUKTSAR,2008,Rabi,Barley,1000,4000,4
Punjab,MUKTSAR,2008,Rabi,Gram,2000,4000,2
Punjab,MUKTSAR,2008,Rabi,Rapeseed &Mustard,1000,1000,1
Punjab,MUKTSAR,2008,Rabi,Wheat,202000,977000,4.836633663
Punjab,MUKTSAR,2009,Kharif,Cotton(lint),96000,391000,4.072916667
Punjab,MUKTSAR,2009,Kharif,Guar seed,13,15,1.153846154
Punjab,MUKTSAR,2009,Kharif,Moong(Green Gram),300,400,1.333333333
Punjab,MUKTSAR,2009,Kharif,Rice,100000,387000,3.87
Punjab,MUKTSAR,2009,Kharif,Sesamum,200,100,0.5
Punjab,MUKTSAR,2009,Rabi,Barley,1000,4000,4
Punjab,MUKTSAR,2009,Rabi,Gram,2000,4000,2
Punjab,MUKTSAR,2009,Rabi,Rapeseed &Mustard,1000,2000,2
Punjab,MUKTSAR,2009,Rabi,Wheat,205000,950000,4.634146341
Punjab,MUKTSAR,2010,Kharif,Cotton(lint),90000,330000,3.666666667
Punjab,MUKTSAR,2010,Kharif,Moong(Green Gram),400,400,1
Punjab,MUKTSAR,2010,Kharif,Rice,111000,432000,3.891891892
Punjab,MUKTSAR,2010,Kharif,Sesamum,200,100,0.5
Punjab,MUKTSAR,2010,Rabi,Barley,1000,4000,4
Punjab,MUKTSAR,2010,Rabi,Gram,100,200,2
Punjab,MUKTSAR,2010,Rabi,Rapeseed &Mustard,1000,2000,2
Punjab,MUKTSAR,2010,Rabi,Wheat,192000,957000,4.984375
Punjab,MUKTSAR,2010,Whole Year,Guar seed,1900,2300,1.210526316
Punjab,MUKTSAR,2011,Kharif,Cotton(lint),98000,228000,2.326530612
Punjab,MUKTSAR,2011,Kharif,Guar seed,1000,1000,1
Punjab,MUKTSAR,2011,Kharif,Moong(Green Gram),4000,6000,1.5
Punjab,MUKTSAR,2011,Kharif,Rice,113000,402000,3.557522124
Punjab,MUKTSAR,2011,Kharif,Sesamum,1000,1000,1
Punjab,MUKTSAR,2011,Rabi,Barley,1000,3000,3
Punjab,MUKTSAR,2011,Rabi,Gram,1000,1000,1
Punjab,MUKTSAR,2011,Rabi,Rapeseed &Mustard,1000,1000,1
Punjab,MUKTSAR,2011,Rabi,Wheat,206000,1036000,5.029126214
Punjab,MUKTSAR,2012,Kharif,Cotton(lint),88000,298000,3.386363636
Punjab,MUKTSAR,2012,Kharif,Guar seed,1900,2200,1.157894737
Punjab,MUKTSAR,2012,Kharif,Moong(Green Gram),300,300,1
Punjab,MUKTSAR,2012,Kharif,Rice,118000,471000,3.991525424
Punjab,MUKTSAR,2012,Kharif,Sesamum,100,,
Punjab,MUKTSAR,2012,Rabi,Barley,1000,4000,4
Punjab,MUKTSAR,2012,Rabi,Gram,100,100,1
Punjab,MUKTSAR,2012,Rabi,Rapeseed &Mustard,1000,1300,1.3
Punjab,MUKTSAR,2012,Rabi,Wheat,209000,996000,4.765550239
Punjab,MUKTSAR,2012,Whole Year,Guar seed,1800,2100,1.166666667
Punjab,MUKTSAR,2013,Kharif,Bajra,100,100,1
Punjab,MUKTSAR,2013,Kharif,Cotton(lint),82000,264000,3.219512195
Punjab,MUKTSAR,2013,Kharif,Guar seed,4200,2800,0.666666667
Punjab,MUKTSAR,2013,Kharif,Moong(Green Gram),3000,3000,1
Punjab,MUKTSAR,2013,Kharif,Rice,115000,457000,3.973913043
Punjab,MUKTSAR,2013,Kharif,Sesamum,1000,,
Punjab,MUKTSAR,2013,Rabi,Barley,1000,4000,4
Punjab,MUKTSAR,2013,Rabi,Gram,1000,1300,1.3
Punjab,MUKTSAR,2013,Rabi,Rapeseed &Mustard,1000,1300,1.3
Punjab,MUKTSAR,2013,Rabi,Wheat,209000,1058000,5.062200957
Punjab,MUKTSAR,2014,Kharif,Cotton(lint),66000,217000,3.287878788
Punjab,MUKTSAR,2014,Kharif,Guar seed,2700,1700,0.62962963
Punjab,MUKTSAR,2014,Kharif,Moong(Green Gram),1000,1000,1
Punjab,MUKTSAR,2014,Kharif,Rice,135000,514000,3.807407407
Punjab,MUKTSAR,2014,Kharif,Sesamum,1000,,
Punjab,MUKTSAR,2014,Rabi,Barley,1000,3400,3.4
Punjab,MUKTSAR,2014,Rabi,Gram,1000,1100,1.1
Punjab,MUKTSAR,2014,Rabi,Rapeseed &Mustard,1000,1200,1.2
Punjab,MUKTSAR,2014,Rabi,Wheat,208000,907000,4.360576923
Punjab,NAWANSHAHR,1997,Kharif,Arhar/Tur,100,100,1
Punjab,NAWANSHAHR,1997,Kharif,Maize,18000,39000,2.166666667
Punjab,NAWANSHAHR,1997,Kharif,Rice,43000,145000,3.372093023
Punjab,NAWANSHAHR,1997,Kharif,Sesamum,100,100,1
Punjab,NAWANSHAHR,1997,Rabi,Masoor,300,200,0.666666667
Punjab,NAWANSHAHR,1997,Rabi,Rapeseed &Mustard,1000,1000,1
Punjab,NAWANSHAHR,1997,Rabi,Wheat,57000,203000,3.561403509
Punjab,NAWANSHAHR,1997,Whole Year,Sugarcane,13000,730000,56.15384615
Punjab,NAWANSHAHR,1998,Kharif,Maize,18000,43000,2.388888889
Punjab,NAWANSHAHR,1998,Kharif,Rice,46000,150000,3.260869565
Punjab,NAWANSHAHR,1998,Rabi,Barley,3000,10000,3.333333333
Punjab,NAWANSHAHR,1998,Rabi,Linseed,100,100,1
Punjab,NAWANSHAHR,1998,Rabi,Masoor,400,200,0.5
Punjab,NAWANSHAHR,1998,Rabi,Rapeseed &Mustard,2000,2000,1
Punjab,NAWANSHAHR,1998,Rabi,Wheat,257000,1161000,4.517509728
Punjab,NAWANSHAHR,1998,Whole Year,Sugarcane,11000,630000,57.27272727
Punjab,NAWANSHAHR,1999,Kharif,Maize,18000,46000,2.555555556
Punjab,NAWANSHAHR,1999,Kharif,Rice,46000,160000,3.47826087
Punjab,NAWANSHAHR,1999,Kharif,Sesamum,100,0,0
Punjab,NAWANSHAHR,1999,Rabi,Linseed,100,100,1
Punjab,NAWANSHAHR,1999,Rabi,Masoor,300,200,0.666666667
Punjab,NAWANSHAHR,1999,Rabi,Peas & beans (Pulses),300,100,0.333333333
Punjab,NAWANSHAHR,1999,Rabi,Rapeseed &Mustard,2000,2000,1
Punjab,NAWANSHAHR,1999,Rabi,Wheat,67000,308000,4.597014925
Punjab,NAWANSHAHR,1999,Whole Year,Sugarcane,12000,700000,58.33333333
Punjab,NAWANSHAHR,2000,Kharif,Arhar/Tur,100,100,1
Punjab,NAWANSHAHR,2000,Kharif,Maize,17000,53000,3.117647059
Punjab,NAWANSHAHR,2000,Kharif,Rice,47000,158000,3.361702128
Punjab,NAWANSHAHR,2000,Kharif,Sesamum,100,10,0.1
Punjab,NAWANSHAHR,2000,Rabi,Linseed,100,100,1
Punjab,NAWANSHAHR,2000,Rabi,Masoor,200,200,1
Punjab,NAWANSHAHR,2000,Rabi,Wheat,70000,312000,4.457142857
Punjab,NAWANSHAHR,2000,Whole Year,Sugarcane,12000,760000,63.33333333
Punjab,NAWANSHAHR,2001,Kharif,Maize,18000,51000,2.833333333
Punjab,NAWANSHAHR,2001,Kharif,Rice,45000,143000,3.177777778
Punjab,NAWANSHAHR,2001,Kharif,Sesamum,100,100,1
Punjab,NAWANSHAHR,2001,Rabi,Linseed,100,100,1
Punjab,NAWANSHAHR,2001,Rabi,Masoor,300,200,0.666666667
Punjab,NAWANSHAHR,2001,Rabi,Rapeseed &Mustard,200,200,1
Punjab,NAWANSHAHR,2001,Rabi,Wheat,71000,324000,4.563380282
Punjab,NAWANSHAHR,2001,Whole Year,Sugarcane,12000,720000,60
Punjab,NAWANSHAHR,2002,Kharif,Maize,19000,38000,2
Punjab,NAWANSHAHR,2002,Kharif,Rice,43000,151000,3.511627907
Punjab,NAWANSHAHR,2002,Kharif,Sesamum,200,100,0.5
Punjab,NAWANSHAHR,2002,Rabi,Masoor,300,200,0.666666667
Punjab,NAWANSHAHR,2002,Rabi,Rapeseed &Mustard,2000,2000,1
Punjab,NAWANSHAHR,2002,Rabi,Wheat,68000,254000,3.735294118
Punjab,NAWANSHAHR,2002,Whole Year,Sugarcane,12000,640000,53.33333333
Punjab,NAWANSHAHR,2003,Kharif,Arhar/Tur,100,100,1
Punjab,NAWANSHAHR,2003,Kharif,Maize,18000,65000,3.611111111
Punjab,NAWANSHAHR,2003,Kharif,Rice,47000,171000,3.638297872
Punjab,NAWANSHAHR,2003,Kharif,Sesamum,100,0,0
Punjab,NAWANSHAHR,2003,Kharif,Urad,100,100,1
Punjab,NAWANSHAHR,2003,Rabi,Masoor,200,100,0.5
Punjab,NAWANSHAHR,2003,Rabi,Rapeseed &Mustard,2000,2000,1
Punjab,NAWANSHAHR,2003,Rabi,Sunflower,1000,2000,2
Punjab,NAWANSHAHR,2003,Rabi,Wheat,75000,311000,4.146666667
Punjab,NAWANSHAHR,2003,Whole Year,Sugarcane,10000,470000,47
Punjab,NAWANSHAHR,2004,Kharif,Arhar/Tur,100,100,1
Punjab,NAWANSHAHR,2004,Kharif,Maize,18000,48000,2.666666667
Punjab,NAWANSHAHR,2004,Kharif,Moong(Green Gram),100,100,1
Punjab,NAWANSHAHR,2004,Kharif,Rice,50000,199000,3.98
Punjab,NAWANSHAHR,2004,Rabi,Gram,100,100,1
Punjab,NAWANSHAHR,2004,Rabi,Masoor,200,100,0.5
Punjab,NAWANSHAHR,2004,Rabi,Rapeseed &Mustard,2000,2000,1
Punjab,NAWANSHAHR,2004,Rabi,Wheat,76000,312000,4.105263158
Punjab,NAWANSHAHR,2004,Whole Year,Sugarcane,7000,380000,54.28571429
Punjab,NAWANSHAHR,2005,Kharif,Arhar/Tur,100,100,1
Punjab,NAWANSHAHR,2005,Kharif,Maize,17000,48000,2.823529412
Punjab,NAWANSHAHR,2005,Kharif,Rice,49000,171000,3.489795918
Punjab,NAWANSHAHR,2005,Kharif,Sesamum,100,100,1
Punjab,NAWANSHAHR,2005,Rabi,Rapeseed &Mustard,1000,1000,1
Punjab,NAWANSHAHR,2005,Rabi,Wheat,72000,303000,4.208333333
Punjab,NAWANSHAHR,2005,Whole Year,Sugarcane,7000,380000,54.28571429
Punjab,NAWANSHAHR,2006,Kharif,Arhar/Tur,100,100,1
Punjab,NAWANSHAHR,2006,Kharif,Maize,18000,68000,3.777777778
Punjab,NAWANSHAHR,2006,Kharif,Rice,53000,209000,3.943396226
Punjab,NAWANSHAHR,2006,Rabi,Linseed,100,,
Punjab,NAWANSHAHR,2006,Rabi,Masoor,100,,
Punjab,NAWANSHAHR,2006,Rabi,Rapeseed &Mustard,2000,2000,1
Punjab,NAWANSHAHR,2006,Rabi,Wheat,72000,300000,4.166666667
Punjab,NAWANSHAHR,2007,Kharif,Maize,17000,74000,4.352941176
Punjab,NAWANSHAHR,2007,Kharif,Rice,50000,194000,3.88
Punjab,NAWANSHAHR,2007,Rabi,Masoor,1000,1000,1
Punjab,NAWANSHAHR,2007,Rabi,Rapeseed &Mustard,1000,2000,2
Punjab,NAWANSHAHR,2007,Rabi,Wheat,72000,328000,4.555555556
Punjab,NAWANSHAHR,2008,Kharif,Arhar/Tur,100,100,1
Punjab,NAWANSHAHR,2008,Kharif,Maize,17000,67000,3.941176471
Punjab,NAWANSHAHR,2008,Kharif,Rice,52000,213000,4.096153846
Punjab,NAWANSHAHR,2008,Rabi,Rapeseed &Mustard,1000,1000,1
Punjab,NAWANSHAHR,2008,Rabi,Wheat,76000,297000,3.907894737
Punjab,NAWANSHAHR,2009,Kharif,Arhar/Tur,100,100,1
Punjab,NAWANSHAHR,2009,Kharif,Maize,16000,56000,3.5
Punjab,NAWANSHAHR,2009,Kharif,Rice,56000,232000,4.142857143
Punjab,NAWANSHAHR,2009,Rabi,Rapeseed &Mustard,2000,2000,1
Punjab,NAWANSHAHR,2009,Rabi,Wheat,74000,316000,4.27027027
Punjab,NAWANSHAHR,2009,Whole Year,Sugarcane,500,31000,62
Punjab,NAWANSHAHR,2010,Kharif,Maize,14000,57000,4.071428571
Punjab,NAWANSHAHR,2010,Kharif,Rice,58000,231000,3.982758621
Punjab,NAWANSHAHR,2010,Rabi,Rapeseed &Mustard,1000,1000,1
Punjab,NAWANSHAHR,2010,Rabi,Wheat,74000,348000,4.702702703
Punjab,NAWANSHAHR,2011,Kharif,Maize,14000,55000,3.928571429
Punjab,NAWANSHAHR,2011,Kharif,Rice,57000,226000,3.964912281
Punjab,NAWANSHAHR,2011,Rabi,Peas & beans (Pulses),1000,1000,1
Punjab,NAWANSHAHR,2011,Rabi,Rapeseed &Mustard,2000,2000,1
Punjab,NAWANSHAHR,2011,Rabi,Wheat,75000,387000,5.16
Punjab,NAWANSHAHR,2011,Whole Year,Sugarcane,6,407000,67833.33333
Punjab,NAWANSHAHR,2012,Kharif,Maize,14000,58000,4.142857143
Punjab,NAWANSHAHR,2012,Kharif,Rice,57000,236000,4.140350877
Punjab,NAWANSHAHR,2012,Rabi,Rapeseed &Mustard,2000,2800,1.4
Punjab,NAWANSHAHR,2012,Rabi,Sunflower,1000,2000,2
Punjab,NAWANSHAHR,2012,Rabi,Wheat,80000,382000,4.775
Punjab,NAWANSHAHR,2012,Whole Year,Sugarcane,5000,327000,65.4
Punjab,NAWANSHAHR,2013,Kharif,Guar seed,100,100,1
Punjab,NAWANSHAHR,2013,Kharif,Maize,12000,50000,4.166666667
Punjab,NAWANSHAHR,2013,Kharif,Rice,56000,202000,3.607142857
Punjab,NAWANSHAHR,2013,Rabi,Peas & beans (Pulses),1000,1700,1.7
Punjab,NAWANSHAHR,2013,Rabi,Rapeseed &Mustard,3000,3800,1.266666667
Punjab,NAWANSHAHR,2013,Rabi,Wheat,75000,371000,4.946666667
Punjab,NAWANSHAHR,2013,Whole Year,Sugarcane,6000,401000,66.83333333
Punjab,NAWANSHAHR,2014,Kharif,Guar seed,100,100,1
Punjab,NAWANSHAHR,2014,Kharif,Maize,10000,44000,4.4
Punjab,NAWANSHAHR,2014,Kharif,Rice,57000,226000,3.964912281
Punjab,NAWANSHAHR,2014,Rabi,Peas & beans (Pulses),1000,1200,1.2
Punjab,NAWANSHAHR,2014,Rabi,Rapeseed &Mustard,1000,1200,1.2
Punjab,NAWANSHAHR,2014,Rabi,Wheat,76000,282000,3.710526316
Punjab,NAWANSHAHR,2014,Whole Year,Sugarcane,6000,395000,65.83333333
Punjab,PATHANKOT,2011,Whole Year,Sugarcane,4,298000,74500
Punjab,PATHANKOT,2012,Kharif,Maize,9000,24000,2.666666667
Punjab,PATHANKOT,2012,Kharif,Rice,27000,76000,2.814814815
Punjab,PATHANKOT,2012,Kharif,Sesamum,500,200,0.4
Punjab,PATHANKOT,2012,Kharif,Urad,1200,500,0.416666667
Punjab,PATHANKOT,2012,Rabi,Barley,1000,3000,3
Punjab,PATHANKOT,2012,Rabi,Gram,100,100,1
Punjab,PATHANKOT,2012,Rabi,Masoor,100,100,1
Punjab,PATHANKOT,2012,Rabi,Rapeseed &Mustard,1000,1000,1
Punjab,PATHANKOT,2012,Rabi,Wheat,42000,173000,4.119047619
Punjab,PATHANKOT,2012,Whole Year,Sugarcane,4000,297000,74.25
Punjab,PATHANKOT,2013,Kharif,Maize,9000,28000,3.111111111
Punjab,PATHANKOT,2013,Kharif,Rice,29000,78000,2.689655172
Punjab,PATHANKOT,2013,Kharif,Sesamum,6000,3000,0.5
Punjab,PATHANKOT,2013,Kharif,Urad,13000,6100,0.469230769
Punjab,PATHANKOT,2013,Rabi,Masoor,1000,700,0.7
Punjab,PATHANKOT,2013,Rabi,Rapeseed &Mustard,1000,1300,1.3
Punjab,PATHANKOT,2013,Rabi,Wheat,42000,167000,3.976190476
Punjab,PATHANKOT,2013,Whole Year,Sugarcane,4000,234000,58.5
Punjab,PATHANKOT,2014,Kharif,Maize,8000,18000,2.25
Punjab,PATHANKOT,2014,Kharif,Rice,29000,72000,2.482758621
Punjab,PATHANKOT,2014,Kharif,Sesamum,4000,2000,0.5
Punjab,PATHANKOT,2014,Kharif,Urad,12000,6700,0.558333333
Punjab,PATHANKOT,2014,Rabi,Rapeseed &Mustard,1000,1100,1.1
Punjab,PATHANKOT,2014,Rabi,Wheat,42000,115000,2.738095238
Punjab,PATHANKOT,2014,Whole Year,Sugarcane,4000,253000,63.25
Punjab,PATIALA,1997,Kharif,Arhar/Tur,1000,800,0.8
Punjab,PATIALA,1997,Kharif,Maize,8000,15000,1.875
Punjab,PATIALA,1997,Kharif,Rice,240000,792000,3.3
Punjab,PATIALA,1997,Kharif,Urad,200,100,0.5
Punjab,PATIALA,1997,Rabi,Barley,2000,7000,3.5
Punjab,PATIALA,1997,Rabi,Gram,200,200,1
Punjab,PATIALA,1997,Rabi,Masoor,1300,1100,0.846153846
Punjab,PATIALA,1997,Rabi,Rapeseed &Mustard,4000,4000,1
Punjab,PATIALA,1997,Rabi,Wheat,253000,1026000,4.055335968
Punjab,PATIALA,1997,Whole Year,Cotton(lint),1000,2000,2
Punjab,PATIALA,1997,Whole Year,Moong(Green Gram),400,200,0.5
Punjab,PATIALA,1997,Whole Year,Sugarcane,5000,270000,54
Punjab,PATIALA,1998,Kharif,Arhar/Tur,600,400,0.666666667
Punjab,PATIALA,1998,Kharif,Cotton(lint),1000,1000,1
Punjab,PATIALA,1998,Kharif,Maize,6000,14000,2.333333333
Punjab,PATIALA,1998,Kharif,Moong(Green Gram),300,200,0.666666667
Punjab,PATIALA,1998,Kharif,Rice,246000,772000,3.138211382
Punjab,PATIALA,1998,Kharif,Urad,200,100,0.5
Punjab,PATIALA,1998,Rabi,Barley,6000,21000,3.5
Punjab,PATIALA,1998,Rabi,Gram,200,200,1
Punjab,PATIALA,1998,Rabi,Masoor,1100,900,0.818181818
Punjab,PATIALA,1998,Rabi,Peas & beans (Pulses),1500,1500,1
Punjab,PATIALA,1998,Rabi,Rapeseed &Mustard,3000,3000,1
Punjab,PATIALA,1998,Rabi,Wheat,393000,1749000,4.450381679
Punjab,PATIALA,1998,Whole Year,Sugarcane,3000,170000,56.66666667
Punjab,PATIALA,1999,Kharif,Arhar/Tur,400,300,0.75
Punjab,PATIALA,1999,Kharif,Cotton(lint),1000,1000,1
Punjab,PATIALA,1999,Kharif,Maize,5000,15000,3
Punjab,PATIALA,1999,Kharif,Moong(Green Gram),200,100,0.5
Punjab,PATIALA,1999,Kharif,Rice,250000,812000,3.248
Punjab,PATIALA,1999,Kharif,Urad,100,10,0.1
Punjab,PATIALA,1999,Rabi,Barley,2000,5000,2.5
Punjab,PATIALA,1999,Rabi,Gram,100,100,1
Punjab,PATIALA,1999,Rabi,Masoor,900,600,0.666666667
Punjab,PATIALA,1999,Rabi,Peas & beans (Pulses),1100,900,0.818181818
Punjab,PATIALA,1999,Rabi,Rapeseed &Mustard,2000,2000,1
Punjab,PATIALA,1999,Rabi,Wheat,264000,1267000,4.799242424
Punjab,PATIALA,1999,Whole Year,Sugarcane,3000,180000,60
Punjab,PATIALA,2000,Kharif,Arhar/Tur,400,300,0.75
Punjab,PATIALA,2000,Kharif,Cotton(lint),1000,2000,2
Punjab,PATIALA,2000,Kharif,Maize,6000,17000,2.833333333
Punjab,PATIALA,2000,Kharif,Moong(Green Gram),300,200,0.666666667
Punjab,PATIALA,2000,Kharif,Rice,255000,854000,3.349019608
Punjab,PATIALA,2000,Rabi,Barley,2000,7000,3.5
Punjab,PATIALA,2000,Rabi,Gram,200,200,1
Punjab,PATIALA,2000,Rabi,Masoor,1200,700,0.583333333
Punjab,PATIALA,2000,Rabi,Other  Rabi pulses,1800,2400,1.333333333
Punjab,PATIALA,2000,Rabi,Wheat,261000,1191000,4.563218391
Punjab,PATIALA,2000,Whole Year,Sugarcane,3000,220000,73.33333333
Punjab,PATIALA,2001,Kharif,Arhar/Tur,300,300,1
Punjab,PATIALA,2001,Kharif,Cotton(lint),1000,2000,2
Punjab,PATIALA,2001,Kharif,Maize,5000,11000,2.2
Punjab,PATIALA,2001,Kharif,Moong(Green Gram),300,100,0.333333333
Punjab,PATIALA,2001,Kharif,Rice,252000,908000,3.603174603
Punjab,PATIALA,2001,Rabi,Barley,2000,9000,4.5
Punjab,PATIALA,2001,Rabi,Gram,200,200,1
Punjab,PATIALA,2001,Rabi,Masoor,1000,600,0.6
Punjab,PATIALA,2001,Rabi,Rapeseed &Mustard,200,200,1
Punjab,PATIALA,2001,Rabi,Wheat,265000,1310000,4.943396226
Punjab,PATIALA,2001,Whole Year,Sugarcane,4000,280000,70
Punjab,PATIALA,2002,Kharif,Arhar/Tur,200,200,1
Punjab,PATIALA,2002,Kharif,Cotton(lint),1000,2000,2
Punjab,PATIALA,2002,Kharif,Maize,4000,6000,1.5
Punjab,PATIALA,2002,Kharif,Moong(Green Gram),200,100,0.5
Punjab,PATIALA,2002,Kharif,Rice,237000,818000,3.451476793
Punjab,PATIALA,2002,Kharif,Urad,100,100,1
Punjab,PATIALA,2002,Rabi,Barley,2000,7000,3.5
Punjab,PATIALA,2002,Rabi,Gram,200,200,1
Punjab,PATIALA,2002,Rabi,Masoor,900,700,0.777777778
Punjab,PATIALA,2002,Rabi,Rapeseed &Mustard,2000,2000,1
Punjab,PATIALA,2002,Rabi,Wheat,265000,1184000,4.467924528
Punjab,PATIALA,2002,Whole Year,Sugarcane,5000,330000,66
Punjab,PATIALA,2003,Kharif,Arhar/Tur,300,300,1
Punjab,PATIALA,2003,Kharif,Cotton(lint),1000,3000,3
Punjab,PATIALA,2003,Kharif,Maize,5000,14000,2.8
Punjab,PATIALA,2003,Kharif,Moong(Green Gram),300,200,0.666666667
Punjab,PATIALA,2003,Kharif,Rice,246000,950000,3.861788618
Punjab,PATIALA,2003,Kharif,Urad,100,100,1
Punjab,PATIALA,2003,Rabi,Barley,2000,6000,3
Punjab,PATIALA,2003,Rabi,Gram,100,100,1
Punjab,PATIALA,2003,Rabi,Masoor,900,600,0.666666667
Punjab,PATIALA,2003,Rabi,Rapeseed &Mustard,2000,2000,1
Punjab,PATIALA,2003,Rabi,Sunflower,2000,3000,1.5
Punjab,PATIALA,2003,Rabi,Wheat,266000,1095000,4.116541353
Punjab,PATIALA,2003,Whole Year,Sugarcane,4000,240000,60
Punjab,PATIALA,2004,Kharif,Arhar/Tur,200,200,1
Punjab,PATIALA,2004,Kharif,Cotton(lint),1000,3000,3
Punjab,PATIALA,2004,Kharif,Maize,4000,9000,2.25
Punjab,PATIALA,2004,Kharif,Moong(Green Gram),200,100,0.5
Punjab,PATIALA,2004,Kharif,Rice,250000,965000,3.86
Punjab,PATIALA,2004,Kharif,Urad,100,100,1
Punjab,PATIALA,2004,Rabi,Barley,1000,4000,4
Punjab,PATIALA,2004,Rabi,Gram,100,100,1
Punjab,PATIALA,2004,Rabi,Masoor,900,600,0.666666667
Punjab,PATIALA,2004,Rabi,Rapeseed &Mustard,2000,2000,1
Punjab,PATIALA,2004,Rabi,Wheat,266000,1197000,4.5
Punjab,PATIALA,2004,Whole Year,Guar seed,100,100,1
Punjab,PATIALA,2004,Whole Year,Sugarcane,2000,120000,60
Punjab,PATIALA,2005,Kharif,Arhar/Tur,200,200,1
Punjab,PATIALA,2005,Kharif,Cotton(lint),1000,3000,3
Punjab,PATIALA,2005,Kharif,Maize,4000,9000,2.25
Punjab,PATIALA,2005,Kharif,Moong(Green Gram),200,200,1
Punjab,PATIALA,2005,Kharif,Rice,252000,996000,3.952380952
Punjab,PATIALA,2005,Kharif,Urad,100,100,1
Punjab,PATIALA,2005,Rabi,Barley,1000,4000,4
Punjab,PATIALA,2005,Rabi,Gram,100,100,1
Punjab,PATIALA,2005,Rabi,Masoor,600,300,0.5
Punjab,PATIALA,2005,Rabi,Peas & beans (Pulses),1400,1800,1.285714286
Punjab,PATIALA,2005,Rabi,Rapeseed &Mustard,2000,2000,1
Punjab,PATIALA,2005,Rabi,Wheat,262000,1109000,4.232824427
Punjab,PATIALA,2005,Whole Year,Sugarcane,1000,70000,70
Punjab,PATIALA,2006,Kharif,Arhar/Tur,100,100,1
Punjab,PATIALA,2006,Kharif,Cotton(lint),1000,3000,3
Punjab,PATIALA,2006,Kharif,Maize,2000,5000,2.5
Punjab,PATIALA,2006,Kharif,Moong(Green Gram),200,200,1
Punjab,PATIALA,2006,Kharif,Rice,237000,989000,4.172995781
Punjab,PATIALA,2006,Rabi,Barley,1000,3000,3
Punjab,PATIALA,2006,Rabi,Gram,100,100,1
Punjab,PATIALA,2006,Rabi,Masoor,100,100,1
Punjab,PATIALA,2006,Rabi,Peas & beans (Pulses),1200,1500,1.25
Punjab,PATIALA,2006,Rabi,Rapeseed &Mustard,1000,1000,1
Punjab,PATIALA,2006,Rabi,Wheat,244000,1126000,4.614754098
Punjab,PATIALA,2007,Kharif,Arhar/Tur,100,100,1
Punjab,PATIALA,2007,Kharif,Cotton(lint),1000,4000,4
Punjab,PATIALA,2007,Kharif,Maize,2000,7000,3.5
Punjab,PATIALA,2007,Kharif,Moong(Green Gram),100,100,1
Punjab,PATIALA,2007,Kharif,Rice,234000,999000,4.269230769
Punjab,PATIALA,2007,Rabi,Barley,1000,4000,4
Punjab,PATIALA,2007,Rabi,Rapeseed &Mustard,1000,1000,1
Punjab,PATIALA,2007,Rabi,Wheat,240000,1133000,4.720833333
Punjab,PATIALA,2008,Kharif,Arhar/Tur,100,100,1
Punjab,PATIALA,2008,Kharif,Cotton(lint),1000,4000,4
Punjab,PATIALA,2008,Kharif,Maize,2000,6000,3
Punjab,PATIALA,2008,Kharif,Moong(Green Gram),100,100,1
Punjab,PATIALA,2008,Kharif,Rice,238000,1009000,4.239495798
Punjab,PATIALA,2008,Kharif,Urad,100,,
Punjab,PATIALA,2008,Rabi,Barley,1000,4000,4
Punjab,PATIALA,2008,Rabi,Peas & beans (Pulses),12000,15000,1.25
Punjab,PATIALA,2008,Rabi,Rapeseed &Mustard,1000,1000,1
Punjab,PATIALA,2008,Rabi,Wheat,242000,1137000,4.698347107
Punjab,PATIALA,2009,Kharif,Arhar/Tur,100,100,1
Punjab,PATIALA,2009,Kharif,Cotton(lint),1000,4000,4
Punjab,PATIALA,2009,Kharif,Maize,1000,3000,3
Punjab,PATIALA,2009,Kharif,Rice,240000,1021000,4.254166667
Punjab,PATIALA,2009,Rabi,Barley,1000,4000,4
Punjab,PATIALA,2009,Rabi,Peas & beans (Pulses),600,700,1.166666667
Punjab,PATIALA,2009,Rabi,Wheat,235000,1063000,4.523404255
Punjab,PATIALA,2009,Whole Year,Sugarcane,100,8000,80
Punjab,PATIALA,2010,Kharif,Cotton(lint),1000,3000,3
Punjab,PATIALA,2010,Kharif,Maize,1000,3000,3
Punjab,PATIALA,2010,Kharif,Rice,234000,873000,3.730769231
Punjab,PATIALA,2010,Rabi,Barley,1000,4000,4
Punjab,PATIALA,2010,Rabi,Masoor,100,67,0.67
Punjab,PATIALA,2010,Rabi,Peas & beans (Pulses),1400,1800,1.285714286
Punjab,PATIALA,2010,Rabi,Rapeseed &Mustard,1000,1000,1
Punjab,PATIALA,2010,Rabi,Wheat,236000,1141000,4.834745763
Punjab,PATIALA,2011,Kharif,Cotton(lint),1000,3000,3
Punjab,PATIALA,2011,Kharif,Maize,1000,6000,6
Punjab,PATIALA,2011,Kharif,Rice,234000,903000,3.858974359
Punjab,PATIALA,2011,Rabi,Barley,1000,5000,5
Punjab,PATIALA,2011,Rabi,Peas & beans (Pulses),14000,18000,1.285714286
Punjab,PATIALA,2011,Rabi,Wheat,237000,1297000,5.47257384
Punjab,PATIALA,2011,Whole Year,Sugarcane,3,264000,88000
Punjab,PATIALA,2012,Kharif,Arhar/Tur,100,100,1
Punjab,PATIALA,2012,Kharif,Cotton(lint),1000,3000,3
Punjab,PATIALA,2012,Kharif,Maize,1000,4000,4
Punjab,PATIALA,2012,Kharif,Rice,233000,922000,3.957081545
Punjab,PATIALA,2012,Rabi,Peas & beans (Pulses),600,800,1.333333333
Punjab,PATIALA,2012,Rabi,Rapeseed &Mustard,1000,1400,1.4
Punjab,PATIALA,2012,Rabi,Sunflower,1000,1600,1.6
Punjab,PATIALA,2012,Rabi,Wheat,234000,1123000,4.799145299
Punjab,PATIALA,2012,Whole Year,Sugarcane,2000,184000,92
Punjab,PATIALA,2013,Kharif,Maize,1000,5000,5
Punjab,PATIALA,2013,Kharif,Rice,231000,959000,4.151515152
Punjab,PATIALA,2013,Rabi,Barley,1000,4000,4
Punjab,PATIALA,2013,Rabi,Rapeseed &Mustard,1000,1400,1.4
Punjab,PATIALA,2013,Rabi,Wheat,232000,1153000,4.969827586
Punjab,PATIALA,2013,Whole Year,Sugarcane,3000,281000,93.66666667
Punjab,PATIALA,2014,Kharif,Maize,1000,5000,5
Punjab,PATIALA,2014,Kharif,Rice,230000,904000,3.930434783
Punjab,PATIALA,2014,Rabi,Barley,1000,4100,4.1
Punjab,PATIALA,2014,Rabi,Gram,1000,1100,1.1
Punjab,PATIALA,2014,Rabi,Peas & beans (Pulses),4000,4600,1.15
Punjab,PATIALA,2014,Rabi,Rapeseed &Mustard,1000,1700,1.7
Punjab,PATIALA,2014,Rabi,Wheat,233000,1024000,4.394849785
Punjab,PATIALA,2014,Whole Year,Sugarcane,3000,272000,90.66666667
Punjab,RUPNAGAR,1997,Kharif,Arhar/Tur,1300,1000,0.769230769
Punjab,RUPNAGAR,1997,Kharif,Maize,28000,49000,1.75
Punjab,RUPNAGAR,1997,Kharif,Rice,43000,138000,3.209302326
Punjab,RUPNAGAR,1997,Kharif,Sesamum,600,200,0.333333333
Punjab,RUPNAGAR,1997,Kharif,Urad,1000,500,0.5
Punjab,RUPNAGAR,1997,Rabi,Barley,1000,3000,3
Punjab,RUPNAGAR,1997,Rabi,Gram,500,400,0.8
Punjab,RUPNAGAR,1997,Rabi,Masoor,900,500,0.555555556
Punjab,RUPNAGAR,1997,Rabi,Rapeseed &Mustard,1000,1000,1
Punjab,RUPNAGAR,1997,Rabi,Wheat,83000,296000,3.56626506
Punjab,RUPNAGAR,1997,Whole Year,Sugarcane,11000,560000,50.90909091
Punjab,RUPNAGAR,1998,Kharif,Arhar/Tur,1000,800,0.8
Punjab,RUPNAGAR,1998,Kharif,Maize,26000,52000,2
Punjab,RUPNAGAR,1998,Kharif,Rice,46000,128000,2.782608696
Punjab,RUPNAGAR,1998,Kharif,Sesamum,400,100,0.25
Punjab,RUPNAGAR,1998,Kharif,Urad,400,200,0.5
Punjab,RUPNAGAR,1998,Rabi,Barley,1000,3000,3
Punjab,RUPNAGAR,1998,Rabi,Gram,700,600,0.857142857
Punjab,RUPNAGAR,1998,Rabi,Masoor,700,400,0.571428571
Punjab,RUPNAGAR,1998,Rabi,Rapeseed &Mustard,1000,1000,1
Punjab,RUPNAGAR,1998,Rabi,Wheat,110000,482000,4.381818182
Punjab,RUPNAGAR,1998,Whole Year,Sugarcane,9000,510000,56.66666667
Punjab,RUPNAGAR,1999,Kharif,Arhar/Tur,600,600,1
Punjab,RUPNAGAR,1999,Kharif,Maize,28000,60000,2.142857143
Punjab,RUPNAGAR,1999,Kharif,Rice,50000,156000,3.12
Punjab,RUPNAGAR,1999,Kharif,Sesamum,400,100,0.25
Punjab,RUPNAGAR,1999,Kharif,Urad,800,300,0.375
Punjab,RUPNAGAR,1999,Rabi,Gram,500,300,0.6
Punjab,RUPNAGAR,1999,Rabi,Masoor,700,300,0.428571429
Punjab,RUPNAGAR,1999,Rabi,Peas & beans (Pulses),700,400,0.571428571
Punjab,RUPNAGAR,1999,Rabi,Rapeseed &Mustard,2000,2000,1
Punjab,RUPNAGAR,1999,Rabi,Wheat,87000,350000,4.022988506
Punjab,RUPNAGAR,1999,Whole Year,Sugarcane,9000,490000,54.44444444
Punjab,RUPNAGAR,2000,Kharif,Arhar/Tur,700,500,0.714285714
Punjab,RUPNAGAR,2000,Kharif,Maize,28000,70000,2.5
Punjab,RUPNAGAR,2000,Kharif,Rice,49000,163000,3.326530612
Punjab,RUPNAGAR,2000,Kharif,Sesamum,600,200,0.333333333
Punjab,RUPNAGAR,2000,Rabi,Gram,200,100,0.5
Punjab,RUPNAGAR,2000,Rabi,Linseed,100,100,1
Punjab,RUPNAGAR,2000,Rabi,Masoor,700,400,0.571428571
Punjab,RUPNAGAR,2000,Rabi,Wheat,86000,312000,3.627906977
Punjab,RUPNAGAR,2000,Whole Year,Sugarcane,10000,550000,55
Punjab,RUPNAGAR,2001,Kharif,Arhar/Tur,500,400,0.8
Punjab,RUPNAGAR,2001,Kharif,Maize,29000,66000,2.275862069
Punjab,RUPNAGAR,2001,Kharif,Rice,51000,163000,3.196078431
Punjab,RUPNAGAR,2001,Kharif,Sesamum,400,100,0.25
Punjab,RUPNAGAR,2001,Rabi,Gram,200,200,1
Punjab,RUPNAGAR,2001,Rabi,Masoor,600,500,0.833333333
Punjab,RUPNAGAR,2001,Rabi,Rapeseed &Mustard,100,100,1
Punjab,RUPNAGAR,2001,Rabi,Wheat,88000,347000,3.943181818
Punjab,RUPNAGAR,2001,Whole Year,Sugarcane,10000,540000,54
Punjab,RUPNAGAR,2002,Kharif,Arhar/Tur,300,300,1
Punjab,RUPNAGAR,2002,Kharif,Bajra,1000,1000,1
Punjab,RUPNAGAR,2002,Kharif,Groundnut,100,100,1
Punjab,RUPNAGAR,2002,Kharif,Maize,24000,42000,1.75
Punjab,RUPNAGAR,2002,Kharif,Rice,44000,141000,3.204545455
Punjab,RUPNAGAR,2002,Kharif,Sesamum,400,100,0.25
Punjab,RUPNAGAR,2002,Kharif,Urad,400,100,0.25
Punjab,RUPNAGAR,2002,Rabi,Gram,300,300,1
Punjab,RUPNAGAR,2002,Rabi,Masoor,600,300,0.5
Punjab,RUPNAGAR,2002,Rabi,Rapeseed &Mustard,2000,1000,0.5
Punjab,RUPNAGAR,2002,Rabi,Wheat,86000,305000,3.546511628
Punjab,RUPNAGAR,2002,Whole Year,Sugarcane,9000,490000,54.44444444
Punjab,RUPNAGAR,2003,Kharif,Arhar/Tur,300,200,0.666666667
Punjab,RUPNAGAR,2003,Kharif,Bajra,1000,1000,1
Punjab,RUPNAGAR,2003,Kharif,Maize,23000,65000,2.826086957
Punjab,RUPNAGAR,2003,Kharif,Rice,51000,170000,3.333333333
Punjab,RUPNAGAR,2003,Kharif,Sesamum,300,100,0.333333333
Punjab,RUPNAGAR,2003,Kharif,Urad,700,200,0.285714286
Punjab,RUPNAGAR,2003,Rabi,Gram,200,100,0.5
Punjab,RUPNAGAR,2003,Rabi,Masoor,600,300,0.5
Punjab,RUPNAGAR,2003,Rabi,Rapeseed &Mustard,2000,2000,1
Punjab,RUPNAGAR,2003,Rabi,Sunflower,1000,2000,2
Punjab,RUPNAGAR,2003,Rabi,Wheat,87000,307000,3.528735632
Punjab,RUPNAGAR,2003,Whole Year,Sugarcane,7000,350000,50
Punjab,RUPNAGAR,2004,Kharif,Arhar/Tur,300,200,0.666666667
Punjab,RUPNAGAR,2004,Kharif,Bajra,1000,1000,1
Punjab,RUPNAGAR,2004,Kharif,Groundnut,100,100,1
Punjab,RUPNAGAR,2004,Kharif,Maize,25000,60000,2.4
Punjab,RUPNAGAR,2004,Kharif,Rice,51000,176000,3.450980392
Punjab,RUPNAGAR,2004,Kharif,Sesamum,400,100,0.25
Punjab,RUPNAGAR,2004,Kharif,Urad,300,200,0.666666667
Punjab,RUPNAGAR,2004,Rabi,Gram,300,100,0.333333333
Punjab,RUPNAGAR,2004,Rabi,Masoor,500,300,0.6
Punjab,RUPNAGAR,2004,Rabi,Rapeseed &Mustard,3000,2000,0.666666667
Punjab,RUPNAGAR,2004,Rabi,Wheat,89000,312000,3.505617978
Punjab,RUPNAGAR,2004,Whole Year,Sugarcane,4000,230000,57.5
Punjab,RUPNAGAR,2005,Kharif,Arhar/Tur,200,200,1
Punjab,RUPNAGAR,2005,Kharif,Maize,27000,75000,2.777777778
Punjab,RUPNAGAR,2005,Kharif,Moong(Green Gram),200,200,1
Punjab,RUPNAGAR,2005,Kharif,Rice,53000,183000,3.452830189
Punjab,RUPNAGAR,2005,Kharif,Sesamum,400,100,0.25
Punjab,RUPNAGAR,2005,Kharif,Urad,300,200,0.666666667
Punjab,RUPNAGAR,2005,Rabi,Gram,200,100,0.5
Punjab,RUPNAGAR,2005,Rabi,Masoor,400,100,0.25
Punjab,RUPNAGAR,2005,Rabi,Rapeseed &Mustard,2000,2000,1
Punjab,RUPNAGAR,2005,Rabi,Wheat,91000,327000,3.593406593
Punjab,RUPNAGAR,2005,Whole Year,Sugarcane,6000,383000,63.83333333
Punjab,RUPNAGAR,2006,Kharif,Arhar/Tur,100,100,1
Punjab,RUPNAGAR,2006,Kharif,Maize,24000,61000,2.541666667
Punjab,RUPNAGAR,2006,Kharif,Rice,38000,138000,3.631578947
Punjab,RUPNAGAR,2006,Kharif,Sesamum,300,100,0.333333333
Punjab,RUPNAGAR,2006,Kharif,Urad,200,100,0.5
Punjab,RUPNAGAR,2006,Rabi,Gram,100,100,1
Punjab,RUPNAGAR,2006,Rabi,Masoor,100,100,1
Punjab,RUPNAGAR,2006,Rabi,Rapeseed &Mustard,1000,1000,1
Punjab,RUPNAGAR,2006,Rabi,Wheat,57000,216000,3.789473684
Punjab,RUPNAGAR,2007,Kharif,Arhar/Tur,200,200,1
Punjab,RUPNAGAR,2007,Kharif,Maize,22000,72000,3.272727273
Punjab,RUPNAGAR,2007,Kharif,Rice,33000,122000,3.696969697
Punjab,RUPNAGAR,2007,Kharif,Sesamum,300,100,0.333333333
Punjab,RUPNAGAR,2007,Kharif,Urad,100,100,1
Punjab,RUPNAGAR,2007,Rabi,Gram,1000,1000,1
Punjab,RUPNAGAR,2007,Rabi,Masoor,1000,,
Punjab,RUPNAGAR,2007,Rabi,Rapeseed &Mustard,2000,2000,1
Punjab,RUPNAGAR,2007,Rabi,Wheat,62000,256000,4.129032258
Punjab,RUPNAGAR,2008,Kharif,Arhar/Tur,200,100,0.5
Punjab,RUPNAGAR,2008,Kharif,Maize,23000,77000,3.347826087
Punjab,RUPNAGAR,2008,Kharif,Rice,36000,139000,3.861111111
Punjab,RUPNAGAR,2008,Kharif,Sesamum,200,100,0.5
Punjab,RUPNAGAR,2008,Kharif,Urad,100,100,1
Punjab,RUPNAGAR,2008,Rabi,Gram,2000,2000,1
Punjab,RUPNAGAR,2008,Rabi,Masoor,1000,1000,1
Punjab,RUPNAGAR,2008,Rabi,Rapeseed &Mustard,2000,2000,1
Punjab,RUPNAGAR,2008,Rabi,Wheat,64000,212000,3.3125
Punjab,RUPNAGAR,2009,Kharif,Arhar/Tur,100,100,1
Punjab,RUPNAGAR,2009,Kharif,Maize,21000,64000,3.047619048
Punjab,RUPNAGAR,2009,Kharif,Rice,38000,135000,3.552631579
Punjab,RUPNAGAR,2009,Kharif,Sesamum,200,,
Punjab,RUPNAGAR,2009,Kharif,Urad,100,,
Punjab,RUPNAGAR,2009,Rabi,Gram,1000,1000,1
Punjab,RUPNAGAR,2009,Rabi,Rapeseed &Mustard,1000,1000,1
Punjab,RUPNAGAR,2009,Rabi,Wheat,65000,277000,4.261538462
Punjab,RUPNAGAR,2009,Whole Year,Sugarcane,200,13000,65
Punjab,RUPNAGAR,2010,Kharif,Arhar/Tur,600,500,0.833333333
Punjab,RUPNAGAR,2010,Kharif,Maize,23000,76000,3.304347826
Punjab,RUPNAGAR,2010,Kharif,Rice,38000,147000,3.868421053
Punjab,RUPNAGAR,2010,Kharif,Urad,100,100,1
Punjab,RUPNAGAR,2010,Rabi,Gram,200,200,1
Punjab,RUPNAGAR,2010,Rabi,Masoor,100,90,0.9
Punjab,RUPNAGAR,2010,Rabi,Rapeseed &Mustard,2000,2000,1
Punjab,RUPNAGAR,2010,Rabi,Wheat,65000,253000,3.892307692
Punjab,RUPNAGAR,2011,Kharif,Arhar/Tur,1000,1000,1
Punjab,RUPNAGAR,2011,Kharif,Maize,21000,80000,3.80952381
Punjab,RUPNAGAR,2011,Kharif,Rice,38000,127000,3.342105263
Punjab,RUPNAGAR,2011,Kharif,Sesamum,1000,,
Punjab,RUPNAGAR,2011,Rabi,Rapeseed &Mustard,2000,2000,1
Punjab,RUPNAGAR,2011,Rabi,Wheat,64000,297000,4.640625
Punjab,RUPNAGAR,2011,Whole Year,Sugarcane,3,224000,74666.66667
Punjab,RUPNAGAR,2012,Kharif,Maize,23000,74000,3.217391304
Punjab,RUPNAGAR,2012,Kharif,Rice,38000,145000,3.815789474
Punjab,RUPNAGAR,2012,Kharif,Sesamum,200,100,0.5
Punjab,RUPNAGAR,2012,Kharif,Urad,100,,
Punjab,RUPNAGAR,2012,Rabi,Gram,100,200,2
Punjab,RUPNAGAR,2012,Rabi,Rapeseed &Mustard,2000,2000,1
Punjab,RUPNAGAR,2012,Rabi,Wheat,63000,284000,4.507936508
Punjab,RUPNAGAR,2012,Whole Year,Guar seed,100,100,1
Punjab,RUPNAGAR,2012,Whole Year,Sugarcane,3000,227000,75.66666667
Punjab,RUPNAGAR,2013,Kharif,Maize,23000,74000,3.217391304
Punjab,RUPNAGAR,2013,Kharif,Rice,37000,128000,3.459459459
Punjab,RUPNAGAR,2013,Kharif,Sesamum,1000,,
Punjab,RUPNAGAR,2013,Rabi,Rapeseed &Mustard,2000,2000,1
Punjab,RUPNAGAR,2013,Rabi,Wheat,67000,307000,4.582089552
Punjab,RUPNAGAR,2013,Whole Year,Sugarcane,2000,152000,76
Punjab,RUPNAGAR,2014,Kharif,Arhar/Tur,1000,900,0.9
Punjab,RUPNAGAR,2014,Kharif,Maize,20000,58000,2.9
Punjab,RUPNAGAR,2014,Kharif,Rice,36000,129000,3.583333333
Punjab,RUPNAGAR,2014,Kharif,Sesamum,1000,,
Punjab,RUPNAGAR,2014,Rabi,Gram,1000,1400,1.4
Punjab,RUPNAGAR,2014,Rabi,Masoor,1000,600,0.6
Punjab,RUPNAGAR,2014,Rabi,Rapeseed &Mustard,2000,2300,1.15
Punjab,RUPNAGAR,2014,Rabi,Wheat,66000,266000,4.03030303
Punjab,RUPNAGAR,2014,Whole Year,Sugarcane,3000,238000,79.33333333
Punjab,S.A.S NAGAR,2006,Kharif,Arhar/Tur,200,200,1
Punjab,S.A.S NAGAR,2006,Kharif,Bajra,1000,1000,1
Punjab,S.A.S NAGAR,2006,Kharif,Maize,7000,17000,2.428571429
Punjab,S.A.S NAGAR,2006,Kharif,Rice,29000,82000,2.827586207
Punjab,S.A.S NAGAR,2006,Kharif,Sesamum,100,,
Punjab,S.A.S NAGAR,2006,Kharif,Urad,200,100,0.5
Punjab,S.A.S NAGAR,2006,Rabi,Gram,100,100,1
Punjab,S.A.S NAGAR,2006,Rabi,Masoor,800,300,0.375
Punjab,S.A.S NAGAR,2006,Rabi,Wheat,50000,193000,3.86
Punjab,S.A.S NAGAR,2007,Kharif,Arhar/Tur,300,300,1
Punjab,S.A.S NAGAR,2007,Kharif,Bajra,1000,1000,1
Punjab,S.A.S NAGAR,2007,Kharif,Maize,7000,25000,3.571428571
Punjab,S.A.S NAGAR,2007,Kharif,Rice,29000,103000,3.551724138
Punjab,S.A.S NAGAR,2007,Kharif,Sesamum,100,100,1
Punjab,S.A.S NAGAR,2007,Kharif,Urad,300,200,0.666666667
Punjab,S.A.S NAGAR,2007,Rabi,Gram,1000,1000,1
Punjab,S.A.S NAGAR,2007,Rabi,Masoor,3000,1000,0.333333333
Punjab,S.A.S NAGAR,2007,Rabi,Wheat,48000,191000,3.979166667
Punjab,S.A.S NAGAR,2008,Kharif,Arhar/Tur,300,300,1
Punjab,S.A.S NAGAR,2008,Kharif,Maize,5000,19000,3.8
Punjab,S.A.S NAGAR,2008,Kharif,Rice,27000,88000,3.259259259
Punjab,S.A.S NAGAR,2008,Kharif,Sesamum,100,,
Punjab,S.A.S NAGAR,2008,Kharif,Urad,200,200,1
Punjab,S.A.S NAGAR,2008,Rabi,Gram,1000,1000,1
Punjab,S.A.S NAGAR,2008,Rabi,Masoor,3000,1000,0.333333333
Punjab,S.A.S NAGAR,2008,Rabi,Wheat,49000,208000,4.244897959
Punjab,S.A.S NAGAR,2009,Kharif,Arhar/Tur,200,300,1.5
Punjab,S.A.S NAGAR,2009,Kharif,Maize,5000,19000,3.8
Punjab,S.A.S NAGAR,2009,Kharif,Rice,30000,98000,3.266666667
Punjab,S.A.S NAGAR,2009,Kharif,Sesamum,100,,
Punjab,S.A.S NAGAR,2009,Kharif,Urad,200,200,1
Punjab,S.A.S NAGAR,2009,Rabi,Gram,1000,1000,1
Punjab,S.A.S NAGAR,2009,Rabi,Masoor,300,200,0.666666667
Punjab,S.A.S NAGAR,2009,Rabi,Wheat,53000,238000,4.490566038
Punjab,S.A.S NAGAR,2009,Whole Year,Sugarcane,100,5000,50
Punjab,S.A.S NAGAR,2010,Kharif,Arhar/Tur,200,200,1
Punjab,S.A.S NAGAR,2010,Kharif,Maize,6000,24000,4
Punjab,S.A.S NAGAR,2010,Kharif,Rice,37000,127000,3.432432432
Punjab,S.A.S NAGAR,2010,Kharif,Urad,200,200,1
Punjab,S.A.S NAGAR,2010,Rabi,Masoor,300,237,0.79
Punjab,S.A.S NAGAR,2010,Rabi,Rapeseed &Mustard,1000,1000,1
Punjab,S.A.S NAGAR,2010,Rabi,Wheat,53000,227000,4.283018868
Punjab,S.A.S NAGAR,2011,Kharif,Arhar/Tur,2000,2000,1
Punjab,S.A.S NAGAR,2011,Kharif,Maize,6000,24000,4
Punjab,S.A.S NAGAR,2011,Kharif,Rice,32000,119000,3.71875
Punjab,S.A.S NAGAR,2011,Kharif,Urad,2000,1000,0.5
Punjab,S.A.S NAGAR,2011,Rabi,Gram,1000,1000,1
Punjab,S.A.S NAGAR,2011,Rabi,Masoor,3000,2500,0.833333333
Punjab,S.A.S NAGAR,2011,Rabi,Rapeseed &Mustard,1000,1000,1
Punjab,S.A.S NAGAR,2011,Rabi,Wheat,52000,249000,4.788461538
Punjab,S.A.S NAGAR,2011,Whole Year,Sugarcane,1,65000,65000
Punjab,S.A.S NAGAR,2012,Kharif,Arhar/Tur,200,200,1
Punjab,S.A.S NAGAR,2012,Kharif,Bajra,1000,1000,1
Punjab,S.A.S NAGAR,2012,Kharif,Maize,6000,18000,3
Punjab,S.A.S NAGAR,2012,Kharif,Rice,31000,117000,3.774193548
Punjab,S.A.S NAGAR,2012,Kharif,Urad,200,200,1
Punjab,S.A.S NAGAR,2012,Rabi,Masoor,200,100,0.5
Punjab,S.A.S NAGAR,2012,Rabi,Sunflower,1800,4000,2.222222222
Punjab,S.A.S NAGAR,2012,Rabi,Wheat,54000,233000,4.314814815
Punjab,S.A.S NAGAR,2012,Whole Year,Sugarcane,1000,57000,57
Punjab,S.A.S NAGAR,2013,Kharif,Arhar/Tur,3000,3000,1
Punjab,S.A.S NAGAR,2013,Kharif,Maize,9000,44000,4.888888889
Punjab,S.A.S NAGAR,2013,Kharif,Rice,27000,95000,3.518518519
Punjab,S.A.S NAGAR,2013,Kharif,Urad,2000,1100,0.55
Punjab,S.A.S NAGAR,2013,Rabi,Masoor,3000,2300,0.766666667
Punjab,S.A.S NAGAR,2013,Rabi,Wheat,51000,228000,4.470588235
Punjab,S.A.S NAGAR,2013,Whole Year,Sugarcane,1000,61000,61
Punjab,S.A.S NAGAR,2014,Kharif,Arhar/Tur,3000,2800,0.933333333
Punjab,S.A.S NAGAR,2014,Kharif,Maize,8000,30000,3.75
Punjab,S.A.S NAGAR,2014,Kharif,Rice,29000,94000,3.24137931
Punjab,S.A.S NAGAR,2014,Kharif,Urad,2000,1300,0.65
Punjab,S.A.S NAGAR,2014,Rabi,Gram,1000,1100,1.1
Punjab,S.A.S NAGAR,2014,Rabi,Masoor,4000,2400,0.6
Punjab,S.A.S NAGAR,2014,Rabi,Rapeseed &Mustard,1000,1000,1
Punjab,S.A.S NAGAR,2014,Rabi,Wheat,50000,198000,3.96
Punjab,S.A.S NAGAR,2014,Whole Year,Sugarcane,1000,64000,64
Punjab,SANGRUR,1997,Kharif,Arhar/Tur,1700,1200,0.705882353
Punjab,SANGRUR,1997,Kharif,Bajra,2000,2000,1
Punjab,SANGRUR,1997,Kharif,Groundnut,1000,1000,1
Punjab,SANGRUR,1997,Kharif,Maize,1000,2000,2
Punjab,SANGRUR,1997,Kharif,Rice,333000,1277000,3.834834835
Punjab,SANGRUR,1997,Rabi,Barley,8000,27000,3.375
Punjab,SANGRUR,1997,Rabi,Gram,600,600,1
Punjab,SANGRUR,1997,Rabi,Rapeseed &Mustard,2000,2000,1
Punjab,SANGRUR,1997,Rabi,Wheat,401000,1732000,4.319201995
Punjab,SANGRUR,1997,Whole Year,Cotton(lint),35000,55000,1.571428571
Punjab,SANGRUR,1997,Whole Year,Moong(Green Gram),6500,4700,0.723076923
Punjab,SANGRUR,1997,Whole Year,Sugarcane,7000,450000,64.28571429
Punjab,SANGRUR,1998,Kharif,Arhar/Tur,1700,900,0.529411765
Punjab,SANGRUR,1998,Kharif,Bajra,2000,2000,1
Punjab,SANGRUR,1998,Kharif,Cotton(lint),24000,28000,1.166666667
Punjab,SANGRUR,1998,Kharif,Groundnut,1000,1000,1
Punjab,SANGRUR,1998,Kharif,Moong(Green Gram),6000,4200,0.7
Punjab,SANGRUR,1998,Kharif,Rice,353000,1262000,3.575070822
Punjab,SANGRUR,1998,Rabi,Barley,1000,3000,3
Punjab,SANGRUR,1998,Rabi,Gram,600,700,1.166666667
Punjab,SANGRUR,1998,Rabi,Peas & beans (Pulses),300,300,1
Punjab,SANGRUR,1998,Rabi,Rapeseed &Mustard,2000,2000,1
Punjab,SANGRUR,1998,Rabi,Wheat,86000,325000,3.779069767
Punjab,SANGRUR,1998,Whole Year,Sugarcane,5000,330000,66
Punjab,SANGRUR,1999,Kharif,Arhar/Tur,1900,1600,0.842105263
Punjab,SANGRUR,1999,Kharif,Bajra,2000,2000,1
Punjab,SANGRUR,1999,Kharif,Cotton(lint),20000,37000,1.85
Punjab,SANGRUR,1999,Kharif,Groundnut,1000,1000,1
Punjab,SANGRUR,1999,Kharif,Maize,1000,3000,3
Punjab,SANGRUR,1999,Kharif,Moong(Green Gram),5700,3300,0.578947368
Punjab,SANGRUR,1999,Kharif,Rice,360000,1282000,3.561111111
Punjab,SANGRUR,1999,Rabi,Barley,7000,28000,4
Punjab,SANGRUR,1999,Rabi,Gram,600,800,1.333333333
Punjab,SANGRUR,1999,Rabi,Rapeseed &Mustard,3000,3000,1
Punjab,SANGRUR,1999,Rabi,Wheat,394000,1902000,4.827411168
Punjab,SANGRUR,1999,Whole Year,Sugarcane,4000,280000,70
Punjab,SANGRUR,2000,Kharif,Arhar/Tur,1900,1600,0.842105263
Punjab,SANGRUR,2000,Kharif,Bajra,2000,2000,1
Punjab,SANGRUR,2000,Kharif,Cotton(lint),21000,41000,1.952380952
Punjab,SANGRUR,2000,Kharif,Groundnut,1000,1000,1
Punjab,SANGRUR,2000,Kharif,Maize,1000,3000,3
Punjab,SANGRUR,2000,Kharif,Moong(Green Gram),4500,2400,0.533333333
Punjab,SANGRUR,2000,Kharif,Moth,200,200,1
Punjab,SANGRUR,2000,Kharif,Rice,357000,1342000,3.759103641
Punjab,SANGRUR,2000,Rabi,Barley,7000,27000,3.857142857
Punjab,SANGRUR,2000,Rabi,Gram,800,1000,1.25
Punjab,SANGRUR,2000,Rabi,Other  Rabi pulses,600,600,1
Punjab,SANGRUR,2000,Rabi,Wheat,393000,1921000,4.888040712
Punjab,SANGRUR,2000,Whole Year,Sugarcane,3000,220000,73.33333333
Punjab,SANGRUR,2001,Kharif,Arhar/Tur,2000,2000,1
Punjab,SANGRUR,2001,Kharif,Cotton(lint),28000,47000,1.678571429
Punjab,SANGRUR,2001,Kharif,Maize,2000,5000,2.5
Punjab,SANGRUR,2001,Kharif,Moong(Green Gram),3600,1800,0.5
Punjab,SANGRUR,2001,Kharif,Moth,200,200,1
Punjab,SANGRUR,2001,Kharif,Rice,349000,1362000,3.902578797
Punjab,SANGRUR,2001,Rabi,Barley,6000,25000,4.166666667
Punjab,SANGRUR,2001,Rabi,Gram,800,1100,1.375
Punjab,SANGRUR,2001,Rabi,Rapeseed &Mustard,300,400,1.333333333
Punjab,SANGRUR,2001,Rabi,Wheat,392000,1890000,4.821428571
Punjab,SANGRUR,2001,Whole Year,Sugarcane,4000,280000,70
Punjab,SANGRUR,2002,Kharif,Arhar/Tur,1900,1600,0.842105263
Punjab,SANGRUR,2002,Kharif,Bajra,2000,1000,0.5
Punjab,SANGRUR,2002,Kharif,Cotton(lint),23000,38000,1.652173913
Punjab,SANGRUR,2002,Kharif,Groundnut,300,200,0.666666667
Punjab,SANGRUR,2002,Kharif,Maize,2000,4000,2
Punjab,SANGRUR,2002,Kharif,Moong(Green Gram),2900,2200,0.75862069
Punjab,SANGRUR,2002,Kharif,Rice,352000,1429000,4.059659091
Punjab,SANGRUR,2002,Kharif,Sesamum,100,0,0
Punjab,SANGRUR,2002,Rabi,Barley,6000,21000,3.5
Punjab,SANGRUR,2002,Rabi,Gram,800,700,0.875
Punjab,SANGRUR,2002,Rabi,Rapeseed &Mustard,3000,3000,1
Punjab,SANGRUR,2002,Rabi,Wheat,394000,1805000,4.581218274
Punjab,SANGRUR,2002,Whole Year,Sugarcane,4000,280000,70
Punjab,SANGRUR,2003,Kharif,Arhar/Tur,2000,2200,1.1
Punjab,SANGRUR,2003,Kharif,Bajra,3000,3000,1
Punjab,SANGRUR,2003,Kharif,Cotton(lint),16000,39000,2.4375
Punjab,SANGRUR,2003,Kharif,Groundnut,200,200,1
Punjab,SANGRUR,2003,Kharif,Maize,2000,6000,3
Punjab,SANGRUR,2003,Kharif,Moong(Green Gram),3100,3100,1
Punjab,SANGRUR,2003,Kharif,Moth,100,100,1
Punjab,SANGRUR,2003,Kharif,Rice,366000,1566000,4.278688525
Punjab,SANGRUR,2003,Rabi,Barley,5000,19000,3.8
Punjab,SANGRUR,2003,Rabi,Gram,600,700,1.166666667
Punjab,SANGRUR,2003,Rabi,Rapeseed &Mustard,2000,2000,1
Punjab,SANGRUR,2003,Rabi,Wheat,397000,1720000,4.332493703
Punjab,SANGRUR,2003,Whole Year,Guar seed,500,400,0.8
Punjab,SANGRUR,2003,Whole Year,Sugarcane,3000,200000,66.66666667
Punjab,SANGRUR,2004,Kharif,Arhar/Tur,1800,1500,0.833333333
Punjab,SANGRUR,2004,Kharif,Bajra,2000,2000,1
Punjab,SANGRUR,2004,Kharif,Cotton(lint),19000,65000,3.421052632
Punjab,SANGRUR,2004,Kharif,Groundnut,200,100,0.5
Punjab,SANGRUR,2004,Kharif,Maize,1000,3000,3
Punjab,SANGRUR,2004,Kharif,Moong(Green Gram),2600,2300,0.884615385
Punjab,SANGRUR,2004,Kharif,Rice,367000,1710000,4.659400545
Punjab,SANGRUR,2004,Rabi,Barley,5000,19000,3.8
Punjab,SANGRUR,2004,Rabi,Gram,600,900,1.5
Punjab,SANGRUR,2004,Rabi,Rapeseed &Mustard,3000,4000,1.333333333
Punjab,SANGRUR,2004,Rabi,Wheat,397000,1782000,4.488664987
Punjab,SANGRUR,2004,Whole Year,Guar seed,100,100,1
Punjab,SANGRUR,2004,Whole Year,Sugarcane,2000,150000,75
Punjab,SANGRUR,2005,Kharif,Arhar/Tur,1600,1500,0.9375
Punjab,SANGRUR,2005,Kharif,Bajra,2000,2000,1
Punjab,SANGRUR,2005,Kharif,Cotton(lint),23000,68000,2.956521739
Punjab,SANGRUR,2005,Kharif,Groundnut,100,100,1
Punjab,SANGRUR,2005,Kharif,Maize,1000,2000,2
Punjab,SANGRUR,2005,Kharif,Moong(Green Gram),2100,1900,0.904761905
Punjab,SANGRUR,2005,Kharif,Rice,367000,1625000,4.427792916
Punjab,SANGRUR,2005,Rabi,Barley,5000,18000,3.6
Punjab,SANGRUR,2005,Rabi,Gram,400,300,0.75
Punjab,SANGRUR,2005,Rabi,Peas & beans (Pulses),400,400,1
Punjab,SANGRUR,2005,Rabi,Rapeseed &Mustard,3000,3000,1
Punjab,SANGRUR,2005,Rabi,Wheat,396000,1677000,4.234848485
Punjab,SANGRUR,2005,Whole Year,Guar seed,100,100,1
Punjab,SANGRUR,2005,Whole Year,Sugarcane,1000,75000,75
Punjab,SANGRUR,2006,Kharif,Arhar/Tur,1500,1300,0.866666667
Punjab,SANGRUR,2006,Kharif,Bajra,2000,2000,1
Punjab,SANGRUR,2006,Kharif,Cotton(lint),27000,100000,3.703703704
Punjab,SANGRUR,2006,Kharif,Groundnut,200,200,1
Punjab,SANGRUR,2006,Kharif,Maize,1000,3000,3
Punjab,SANGRUR,2006,Kharif,Moong(Green Gram),2300,2100,0.913043478
Punjab,SANGRUR,2006,Kharif,Rice,362000,1637000,4.522099448
Punjab,SANGRUR,2006,Rabi,Barley,4000,14000,3.5
Punjab,SANGRUR,2006,Rabi,Gram,500,500,1
Punjab,SANGRUR,2006,Rabi,Peas & beans (Pulses),400,400,1
Punjab,SANGRUR,2006,Rabi,Rapeseed &Mustard,2000,3000,1.5
Punjab,SANGRUR,2006,Rabi,Wheat,396000,1755000,4.431818182
Punjab,SANGRUR,2007,Kharif,Arhar/Tur,1000,800,0.8
Punjab,SANGRUR,2007,Kharif,Bajra,1000,1000,1
Punjab,SANGRUR,2007,Kharif,Cotton(lint),15000,60000,4
Punjab,SANGRUR,2007,Kharif,Groundnut,100,100,1
Punjab,SANGRUR,2007,Kharif,Moong(Green Gram),900,700,0.777777778
Punjab,SANGRUR,2007,Kharif,Rice,262000,1207000,4.606870229
Punjab,SANGRUR,2007,Rabi,Barley,3000,12000,4
Punjab,SANGRUR,2007,Rabi,Gram,2000,2000,1
Punjab,SANGRUR,2007,Rabi,Rapeseed &Mustard,1000,1000,1
Punjab,SANGRUR,2007,Rabi,Wheat,283000,1327000,4.689045936
Punjab,SANGRUR,2008,Kharif,Arhar/Tur,800,800,1
Punjab,SANGRUR,2008,Kharif,Bajra,1000,1000,1
Punjab,SANGRUR,2008,Kharif,Cotton(lint),14000,50000,3.571428571
Punjab,SANGRUR,2008,Kharif,Maize,1000,3000,3
Punjab,SANGRUR,2008,Kharif,Moong(Green Gram),800,700,0.875
Punjab,SANGRUR,2008,Kharif,Rice,267000,1233000,4.617977528
Punjab,SANGRUR,2008,Rabi,Barley,2000,8000,4
Punjab,SANGRUR,2008,Rabi,Gram,2000,3000,1.5
Punjab,SANGRUR,2008,Rabi,Peas & beans (Pulses),1000,1000,1
Punjab,SANGRUR,2008,Rabi,Rapeseed &Mustard,1000,1000,1
Punjab,SANGRUR,2008,Rabi,Wheat,285000,1355000,4.754385965
Punjab,SANGRUR,2009,Kharif,Arhar/Tur,500,400,0.8
Punjab,SANGRUR,2009,Kharif,Bajra,1000,2000,2
Punjab,SANGRUR,2009,Kharif,Cotton(lint),13000,57000,4.384615385
Punjab,SANGRUR,2009,Kharif,Groundnut,100,200,2
Punjab,SANGRUR,2009,Kharif,Moong(Green Gram),600,700,1.166666667
Punjab,SANGRUR,2009,Kharif,Rice,271000,1273000,4.697416974
Punjab,SANGRUR,2009,Rabi,Barley,2000,7000,3.5
Punjab,SANGRUR,2009,Rabi,Masoor,100,100,1
Punjab,SANGRUR,2009,Rabi,Peas & beans (Pulses),100,100,1
Punjab,SANGRUR,2009,Rabi,Rapeseed &Mustard,2000,2000,1
Punjab,SANGRUR,2009,Rabi,Wheat,287000,1302000,4.536585366
Punjab,SANGRUR,2009,Whole Year,Sugarcane,100,8000,80
Punjab,SANGRUR,2010,Kharif,Arhar/Tur,400,300,0.75
Punjab,SANGRUR,2010,Kharif,Bajra,1000,1000,1
Punjab,SANGRUR,2010,Kharif,Cotton(lint),11000,36000,3.272727273
Punjab,SANGRUR,2010,Kharif,Moong(Green Gram),800,700,0.875
Punjab,SANGRUR,2010,Kharif,Rice,272000,1185000,4.356617647
Punjab,SANGRUR,2010,Rabi,Barley,2000,8000,4
Punjab,SANGRUR,2010,Rabi,Peas & beans (Pulses),300,500,1.666666667
Punjab,SANGRUR,2010,Rabi,Rapeseed &Mustard,1000,1000,1
Punjab,SANGRUR,2010,Rabi,Wheat,287000,1472000,5.128919861
Punjab,SANGRUR,2011,Kharif,Arhar/Tur,4000,3000,0.75
Punjab,SANGRUR,2011,Kharif,Cotton(lint),11000,33000,3
Punjab,SANGRUR,2011,Kharif,Moong(Green Gram),5000,4000,0.8
Punjab,SANGRUR,2011,Kharif,Rice,274000,1188000,4.335766423
Punjab,SANGRUR,2011,Rabi,Barley,2000,9000,4.5
Punjab,SANGRUR,2011,Rabi,Gram,1000,1000,1
Punjab,SANGRUR,2011,Rabi,Peas & beans (Pulses),3000,4000,1.333333333
Punjab,SANGRUR,2011,Rabi,Rapeseed &Mustard,1000,1000,1
Punjab,SANGRUR,2011,Rabi,Wheat,287000,1577000,5.494773519
Punjab,SANGRUR,2011,Whole Year,Sugarcane,2,163000,81500
Punjab,SANGRUR,2012,Kharif,Arhar/Tur,400,300,0.75
Punjab,SANGRUR,2012,Kharif,Cotton(lint),11000,44000,4
Punjab,SANGRUR,2012,Kharif,Moong(Green Gram),300,300,1
Punjab,SANGRUR,2012,Kharif,Peas & beans (Pulses),30,40,1.333333333
Punjab,SANGRUR,2012,Kharif,Rice,276000,1299000,4.706521739
Punjab,SANGRUR,2012,Rabi,Barley,2000,8000,4
Punjab,SANGRUR,2012,Rabi,Gram,100,100,1
Punjab,SANGRUR,2012,Rabi,Peas & beans (Pulses),300,400,1.333333333
Punjab,SANGRUR,2012,Rabi,Rapeseed &Mustard,2000,2900,1.45
Punjab,SANGRUR,2012,Rabi,Sunflower,100,200,2
Punjab,SANGRUR,2012,Rabi,Wheat,285000,1473000,5.168421053
Punjab,SANGRUR,2012,Whole Year,Guar seed,100,100,1
Punjab,SANGRUR,2012,Whole Year,Sugarcane,2000,161000,80.5
Punjab,SANGRUR,2013,Kharif,Arhar/Tur,4000,3000,0.75
Punjab,SANGRUR,2013,Kharif,Bajra,100,100,1
Punjab,SANGRUR,2013,Kharif,Cotton(lint),12000,50000,4.166666667
Punjab,SANGRUR,2013,Kharif,Guar seed,300,300,1
Punjab,SANGRUR,2013,Kharif,Maize,1000,4000,4
Punjab,SANGRUR,2013,Kharif,Moong(Green Gram),3000,3000,1
Punjab,SANGRUR,2013,Kharif,Rice,273000,1290000,4.725274725
Punjab,SANGRUR,2013,Rabi,Barley,2000,8000,4
Punjab,SANGRUR,2013,Rabi,Gram,2000,2500,1.25
Punjab,SANGRUR,2013,Rabi,Rapeseed &Mustard,2000,2200,1.1
Punjab,SANGRUR,2013,Rabi,Wheat,285000,1567000,5.498245614
Punjab,SANGRUR,2013,Whole Year,Sugarcane,3000,264000,88
Punjab,SANGRUR,2014,Kharif,Arhar/Tur,3000,3700,1.233333333
Punjab,SANGRUR,2014,Kharif,Cotton(lint),13000,51000,3.923076923
Punjab,SANGRUR,2014,Kharif,Guar seed,100,100,1
Punjab,SANGRUR,2014,Kharif,Maize,2000,7000,3.5
Punjab,SANGRUR,2014,Kharif,Moong(Green Gram),3000,3000,1
Punjab,SANGRUR,2014,Kharif,Rice,271000,1281000,4.726937269
Punjab,SANGRUR,2014,Rabi,Barley,2000,7700,3.85
Punjab,SANGRUR,2014,Rabi,Peas & beans (Pulses),4000,4100,1.025
Punjab,SANGRUR,2014,Rabi,Rapeseed &Mustard,2000,2800,1.4
Punjab,SANGRUR,2014,Rabi,Wheat,284000,1366000,4.809859155
Punjab,SANGRUR,2014,Whole Year,Sugarcane,3000,265000,88.33333333
Punjab,TARN TARAN,2006,Kharif,Arhar/Tur,900,800,0.888888889
Punjab,TARN TARAN,2006,Kharif,Bajra,1000,1000,1
Punjab,TARN TARAN,2006,Kharif,Cotton(lint),2000,9000,4.5
Punjab,TARN TARAN,2006,Kharif,Maize,1000,2000,2
Punjab,TARN TARAN,2006,Kharif,Moong(Green Gram),1300,800,0.615384615
Punjab,TARN TARAN,2006,Kharif,Rice,173000,514000,2.971098266
Punjab,TARN TARAN,2006,Kharif,Sesamum,2100,800,0.380952381
Punjab,TARN TARAN,2006,Kharif,Urad,100,,
Punjab,TARN TARAN,2006,Rabi,Masoor,200,,
Punjab,TARN TARAN,2006,Rabi,Peas & beans (Pulses),100,100,1
Punjab,TARN TARAN,2006,Rabi,Rapeseed &Mustard,2000,2000,1
Punjab,TARN TARAN,2006,Rabi,Wheat,183000,758000,4.142076503
Punjab,TARN TARAN,2007,Kharif,Arhar/Tur,800,700,0.875
Punjab,TARN TARAN,2007,Kharif,Cotton(lint),3000,10000,3.333333333
Punjab,TARN TARAN,2007,Kharif,Maize,1000,3000,3
Punjab,TARN TARAN,2007,Kharif,Moong(Green Gram),1800,1000,0.555555556
Punjab,TARN TARAN,2007,Kharif,Rice,171000,539000,3.152046784
Punjab,TARN TARAN,2007,Kharif,Sesamum,1600,500,0.3125
Punjab,TARN TARAN,2007,Kharif,Urad,100,,
Punjab,TARN TARAN,2007,Rabi,Masoor,1000,1000,1
Punjab,TARN TARAN,2007,Rabi,Wheat,185000,819000,4.427027027
Punjab,TARN TARAN,2008,Kharif,Arhar/Tur,900,1100,1.222222222
Punjab,TARN TARAN,2008,Kharif,Cotton(lint),1000,4000,4
Punjab,TARN TARAN,2008,Kharif,Maize,1000,3000,3
Punjab,TARN TARAN,2008,Kharif,Moong(Green Gram),1400,1400,1
Punjab,TARN TARAN,2008,Kharif,Rice,169000,525000,3.106508876
Punjab,TARN TARAN,2008,Kharif,Sesamum,1700,700,0.411764706
Punjab,TARN TARAN,2008,Kharif,Urad,100,,
Punjab,TARN TARAN,2008,Rabi,Masoor,1000,1000,1
Punjab,TARN TARAN,2008,Rabi,Peas & beans (Pulses),1000,,
Punjab,TARN TARAN,2008,Rabi,Wheat,186000,856000,4.602150538
Punjab,TARN TARAN,2009,Kharif,Arhar/Tur,700,500,0.714285714
Punjab,TARN TARAN,2009,Kharif,Cotton(lint),1000,4000,4
Punjab,TARN TARAN,2009,Kharif,Maize,1000,3000,3
Punjab,TARN TARAN,2009,Kharif,Moong(Green Gram),1000,800,0.8
Punjab,TARN TARAN,2009,Kharif,Rice,172000,530000,3.081395349
Punjab,TARN TARAN,2009,Kharif,Sesamum,1700,800,0.470588235
Punjab,TARN TARAN,2009,Kharif,Urad,100,,
Punjab,TARN TARAN,2009,Rabi,Masoor,100,100,1
Punjab,TARN TARAN,2009,Rabi,Peas & beans (Pulses),100,100,1
Punjab,TARN TARAN,2009,Rabi,Wheat,186000,771000,4.14516129
Punjab,TARN TARAN,2010,Kharif,Arhar/Tur,500,400,0.8
Punjab,TARN TARAN,2010,Kharif,Cotton(lint),1000,4000,4
Punjab,TARN TARAN,2010,Kharif,Maize,1000,4000,4
Punjab,TARN TARAN,2010,Kharif,Moong(Green Gram),900,600,0.666666667
Punjab,TARN TARAN,2010,Kharif,Rice,172000,500000,2.906976744
Punjab,TARN TARAN,2010,Kharif,Sesamum,1400,600,0.428571429
Punjab,TARN TARAN,2010,Rabi,Masoor,100,67,0.67
Punjab,TARN TARAN,2010,Rabi,Peas & beans (Pulses),200,300,1.5
Punjab,TARN TARAN,2010,Rabi,Wheat,186000,850000,4.569892473
Punjab,TARN TARAN,2011,Kharif,Arhar/Tur,5000,3000,0.6
Punjab,TARN TARAN,2011,Kharif,Cotton(lint),1000,3000,3
Punjab,TARN TARAN,2011,Kharif,Maize,1000,4000,4
Punjab,TARN TARAN,2011,Kharif,Moong(Green Gram),11000,7000,0.636363636
Punjab,TARN TARAN,2011,Kharif,Rice,173000,490000,2.832369942
Punjab,TARN TARAN,2011,Kharif,Sesamum,5000,2000,0.4
Punjab,TARN TARAN,2011,Rabi,Peas & beans (Pulses),1000,1000,1
Punjab,TARN TARAN,2011,Rabi,Wheat,185000,902000,4.875675676
Punjab,TARN TARAN,2011,Whole Year,Sugarcane,1,40000,40000
Punjab,TARN TARAN,2012,Kharif,Arhar/Tur,300,300,1
Punjab,TARN TARAN,2012,Kharif,Maize,1000,4000,4
Punjab,TARN TARAN,2012,Kharif,Moong(Green Gram),1200,1100,0.916666667
Punjab,TARN TARAN,2012,Kharif,Peas & beans (Pulses),10,10,1
Punjab,TARN TARAN,2012,Kharif,Rice,179000,599000,3.346368715
Punjab,TARN TARAN,2012,Kharif,Sesamum,1400,500,0.357142857
Punjab,TARN TARAN,2012,Rabi,Gram,100,100,1
Punjab,TARN TARAN,2012,Rabi,Masoor,100,100,1
Punjab,TARN TARAN,2012,Rabi,Peas & beans (Pulses),200,300,1.5
Punjab,TARN TARAN,2012,Rabi,Rapeseed &Mustard,1000,1300,1.3
Punjab,TARN TARAN,2012,Rabi,Sunflower,200,400,2
Punjab,TARN TARAN,2012,Rabi,Wheat,182000,798000,4.384615385
Punjab,TARN TARAN,2012,Whole Year,Sugarcane,1000,71000,71
Punjab,TARN TARAN,2013,Kharif,Arhar/Tur,4000,3000,0.75
Punjab,TARN TARAN,2013,Kharif,Cotton(lint),1000,3000,3
Punjab,TARN TARAN,2013,Kharif,Maize,1000,4000,4
Punjab,TARN TARAN,2013,Kharif,Moong(Green Gram),12000,10000,0.833333333
Punjab,TARN TARAN,2013,Kharif,Rice,177000,594000,3.355932203
Punjab,TARN TARAN,2013,Kharif,Sesamum,5000,2000,0.4
Punjab,TARN TARAN,2013,Rabi,Masoor,1000,400,0.4
Punjab,TARN TARAN,2013,Rabi,Peas & beans (Pulses),1000,1700,1.7
Punjab,TARN TARAN,2013,Rabi,Wheat,183000,931000,5.087431694
Punjab,TARN TARAN,2013,Whole Year,Sugarcane,1000,75000,75
Punjab,TARN TARAN,2014,Kharif,Arhar/Tur,3000,1700,0.566666667
Punjab,TARN TARAN,2014,Kharif,Moong(Green Gram),12000,8000,0.666666667
Punjab,TARN TARAN,2014,Kharif,Rice,176000,540000,3.068181818
Punjab,TARN TARAN,2014,Kharif,Sesamum,15000,6000,0.4
Punjab,TARN TARAN,2014,Rabi,Wheat,188000,777000,4.132978723
Rajasthan,AJMER,1997,Kharif,Bajra,56600,30400,0.537102473
Rajasthan,AJMER,1997,Kharif,Cotton(lint),16000,31176,1.9485
Rajasthan,AJMER,1997,Kharif,Groundnut,7800,5100,0.653846154
Rajasthan,AJMER,1997,Kharif,Jowar,105900,34600,0.326723324
Rajasthan,AJMER,1997,Kharif,Maize,43600,33100,0.759174312
Rajasthan,AJMER,1997,Kharif,Onion,2800,4500,1.607142857
Rajasthan,AJMER,1997,Kharif,Rice,100,100,1
Rajasthan,AJMER,1997,Kharif,Sesamum,8000,2000,0.25
Rajasthan,AJMER,1997,Kharif,Sugarcane,100,6700,67
Rajasthan,AJMER,1997,Rabi,Barley,24700,28900,1.170040486
Rajasthan,AJMER,1997,Rabi,Gram,98800,94300,0.954453441
Rajasthan,AJMER,1997,Rabi,Linseed,500,300,0.6
Rajasthan,AJMER,1997,Rabi,Rapeseed &Mustard,36700,25400,0.692098093
Rajasthan,AJMER,1997,Rabi,Wheat,79300,144500,1.822194199
Rajasthan,AJMER,1998,Kharif,Arhar/Tur,3,4,1.333333333
Rajasthan,AJMER,1998,Kharif,Bajra,55089,6045,0.109731525
Rajasthan,AJMER,1998,Kharif,Castor seed,41,57,1.390243902
Rajasthan,AJMER,1998,Kharif,Cotton(lint),15031,2145,0.142705076
Rajasthan,AJMER,1998,Kharif,Groundnut,6377,1628,0.255292457
Rajasthan,AJMER,1998,Kharif,Jowar,105177,6080,0.057807315
Rajasthan,AJMER,1998,Kharif,Maize,42823,6998,0.163416855
Rajasthan,AJMER,1998,Kharif,Moong(Green Gram),40640,1525,0.037524606
Rajasthan,AJMER,1998,Kharif,Moth,2294,,
Rajasthan,AJMER,1998,Kharif,Other Kharif pulses,3003,14,0.004662005
Rajasthan,AJMER,1998,Kharif,Rice,28,34,1.214285714
Rajasthan,AJMER,1998,Kharif,Sannhamp,4,,
Rajasthan,AJMER,1998,Kharif,Sesamum,7722,994,0.128723129
Rajasthan,AJMER,1998,Kharif,Soyabean,123,162,1.317073171
Rajasthan,AJMER,1998,Kharif,Urad,5451,378,0.069345074
Rajasthan,AJMER,1998,Rabi,Barley,21534,40167,1.865282809
Rajasthan,AJMER,1998,Rabi,Gram,123824,67301,0.54352145
Rajasthan,AJMER,1998,Rabi,Linseed,939,117,0.124600639
Rajasthan,AJMER,1998,Rabi,Masoor,6,6,1
Rajasthan,AJMER,1998,Rabi,Other  Rabi pulses,16,10,0.625
Rajasthan,AJMER,1998,Rabi,Peas & beans (Pulses),146,410,2.808219178
Rajasthan,AJMER,1998,Rabi,Rapeseed &Mustard,27203,13797,0.507186707
Rajasthan,AJMER,1998,Rabi,Wheat,74805,134057,1.792086091
Rajasthan,AJMER,1998,Whole Year,Coriander,260,235,0.903846154
Rajasthan,AJMER,1998,Whole Year,Dry chillies,3504,843,0.240582192
Rajasthan,AJMER,1998,Whole Year,Garlic,6,4,0.666666667
Rajasthan,AJMER,1998,Whole Year,Onion,2809,9137,3.252758989
Rajasthan,AJMER,1998,Whole Year,Potato,24,84,3.5
Rajasthan,AJMER,1998,Whole Year,Sugarcane,55,2627,47.76363636
Rajasthan,AJMER,1998,Whole Year,Sweet potato,10,12,1.2
Rajasthan,AJMER,1999,Kharif,Arhar/Tur,3,1,0.333333333
Rajasthan,AJMER,1999,Kharif,Bajra,57959,5922,0.102175676
Rajasthan,AJMER,1999,Kharif,Castor seed,143,33,0.230769231
Rajasthan,AJMER,1999,Kharif,Cotton(lint),14384,1932,0.134315907
Rajasthan,AJMER,1999,Kharif,Groundnut,4753,1782,0.374921102
Rajasthan,AJMER,1999,Kharif,Jowar,112136,21196,0.189020475
Rajasthan,AJMER,1999,Kharif,Maize,38823,27474,0.707673286
Rajasthan,AJMER,1999,Kharif,Moong(Green Gram),26587,6125,0.230375748
Rajasthan,AJMER,1999,Kharif,Moth,1819,,
Rajasthan,AJMER,1999,Kharif,Other Kharif pulses,1680,55,0.032738095
Rajasthan,AJMER,1999,Kharif,Rice,69,87,1.260869565
Rajasthan,AJMER,1999,Kharif,Sesamum,5501,417,0.075804399
Rajasthan,AJMER,1999,Kharif,Soyabean,42,51,1.214285714
Rajasthan,AJMER,1999,Kharif,Urad,2656,942,0.354668675
Rajasthan,AJMER,1999,Rabi,Barley,12259,17582,1.4342116
Rajasthan,AJMER,1999,Rabi,Gram,30961,12014,0.388036562
Rajasthan,AJMER,1999,Rabi,Linseed,107,24,0.224299065
Rajasthan,AJMER,1999,Rabi,Masoor,2,1,0.5
Rajasthan,AJMER,1999,Rabi,Other  Rabi pulses,6,6,1
Rajasthan,AJMER,1999,Rabi,Peas & beans (Pulses),86,146,1.697674419
Rajasthan,AJMER,1999,Rabi,Rapeseed &Mustard,41337,20544,0.49698817
Rajasthan,AJMER,1999,Rabi,Wheat,40412,41161,1.018534099
Rajasthan,AJMER,1999,Whole Year,Coriander,137,155,1.131386861
Rajasthan,AJMER,1999,Whole Year,Dry chillies,3621,1243,0.343275338
Rajasthan,AJMER,1999,Whole Year,Garlic,9,3,0.333333333
Rajasthan,AJMER,1999,Whole Year,Guar seed,11231,442,0.039355356
Rajasthan,AJMER,1999,Whole Year,Onion,2057,3505,1.703937773
Rajasthan,AJMER,1999,Whole Year,Potato,2,2,1
Rajasthan,AJMER,1999,Whole Year,Sannhamp,6,3,0.5
Rajasthan,AJMER,1999,Whole Year,Sugarcane,45,1837,40.82222222
Rajasthan,AJMER,1999,Whole Year,Sweet potato,15,8,0.533333333
Rajasthan,AJMER,1999,Whole Year,Tapioca,3,4,1.333333333
Rajasthan,AJMER,2000,Kharif,Arhar/Tur,43,,
Rajasthan,AJMER,2000,Kharif,Bajra,64826,9494,0.146453583
Rajasthan,AJMER,2000,Kharif,Castor seed,596,98,0.16442953
Rajasthan,AJMER,2000,Kharif,Cotton(lint),8155,12341,1.513304721
Rajasthan,AJMER,2000,Kharif,Groundnut,2661,748,0.281097332
Rajasthan,AJMER,2000,Kharif,Jowar,123767,12309,0.099453004
Rajasthan,AJMER,2000,Kharif,Maize,41324,26805,0.648654535
Rajasthan,AJMER,2000,Kharif,Moong(Green Gram),41920,7758,0.185066794
Rajasthan,AJMER,2000,Kharif,Moth,2304,91,0.039496528
Rajasthan,AJMER,2000,Kharif,Other Kharif pulses,1270,75,0.059055118
Rajasthan,AJMER,2000,Kharif,Rice,31,29,0.935483871
Rajasthan,AJMER,2000,Kharif,Sesamum,5114,845,0.165232695
Rajasthan,AJMER,2000,Kharif,Small millets,16,22,1.375
Rajasthan,AJMER,2000,Kharif,Soyabean,15,10,0.666666667
Rajasthan,AJMER,2000,Kharif,Urad,4274,1111,0.259943847
Rajasthan,AJMER,2000,Rabi,Barley,10190,14804,1.45279686
Rajasthan,AJMER,2000,Rabi,Gram,9597,2782,0.289882255
Rajasthan,AJMER,2000,Rabi,Linseed,107,34,0.317757009
Rajasthan,AJMER,2000,Rabi,Masoor,1,,
Rajasthan,AJMER,2000,Rabi,Peas & beans (Pulses),56,93,1.660714286
Rajasthan,AJMER,2000,Rabi,Rapeseed &Mustard,9759,4091,0.419202787
Rajasthan,AJMER,2000,Rabi,Wheat,34280,41829,1.220215869
Rajasthan,AJMER,2000,Whole Year,Coriander,198,189,0.954545455
Rajasthan,AJMER,2000,Whole Year,Dry chillies,2109,573,0.271692745
Rajasthan,AJMER,2000,Whole Year,Garlic,2,1,0.5
Rajasthan,AJMER,2000,Whole Year,Guar seed,14313,687,0.047998323
Rajasthan,AJMER,2000,Whole Year,Onion,1363,2277,1.670579604
Rajasthan,AJMER,2000,Whole Year,Sugarcane,31,1291,41.64516129
Rajasthan,AJMER,2000,Whole Year,Sweet potato,25,20,0.8
Rajasthan,AJMER,2001,Kharif,Arhar/Tur,4,2,0.5
Rajasthan,AJMER,2001,Kharif,Bajra,69903,74461,1.065204641
Rajasthan,AJMER,2001,Kharif,Castor seed,35,22,0.628571429
Rajasthan,AJMER,2001,Kharif,Cotton(lint),11586,21106,1.82168134
Rajasthan,AJMER,2001,Kharif,Groundnut,2804,1833,0.653708987
Rajasthan,AJMER,2001,Kharif,Jowar,129137,59749,0.46267917
Rajasthan,AJMER,2001,Kharif,Maize,39730,40651,1.023181475
Rajasthan,AJMER,2001,Kharif,Moong(Green Gram),61145,17827,0.291552866
Rajasthan,AJMER,2001,Kharif,Moth,1781,225,0.12633352
Rajasthan,AJMER,2001,Kharif,Other Kharif pulses,2229,758,0.340062808
Rajasthan,AJMER,2001,Kharif,Rice,51,64,1.254901961
Rajasthan,AJMER,2001,Kharif,Sesamum,7047,1732,0.245778345
Rajasthan,AJMER,2001,Kharif,Small millets,2,,
Rajasthan,AJMER,2001,Kharif,Soyabean,1,1,1
Rajasthan,AJMER,2001,Kharif,Sunflower,13,7,0.538461538
Rajasthan,AJMER,2001,Kharif,Urad,8740,3585,0.410183066
Rajasthan,AJMER,2001,Rabi,Barley,11416,28683,2.512526279
Rajasthan,AJMER,2001,Rabi,Gram,21484,13156,0.612362689
Rajasthan,AJMER,2001,Rabi,Linseed,14,11,0.785714286
Rajasthan,AJMER,2001,Rabi,Masoor,10,10,1
Rajasthan,AJMER,2001,Rabi,Other  Rabi pulses,26,31,1.192307692
Rajasthan,AJMER,2001,Rabi,Peas & beans (Pulses),147,208,1.414965986
Rajasthan,AJMER,2001,Rabi,Rapeseed &Mustard,20746,10588,0.510363444
Rajasthan,AJMER,2001,Rabi,Wheat,41551,75770,1.823542153
Rajasthan,AJMER,2001,Whole Year,Coriander,201,126,0.626865672
Rajasthan,AJMER,2001,Whole Year,Dry chillies,2608,2141,0.820935583
Rajasthan,AJMER,2001,Whole Year,Garlic,9,4,0.444444444
Rajasthan,AJMER,2001,Whole Year,Guar seed,6156,4578,0.743664717
Rajasthan,AJMER,2001,Whole Year,Onion,2107,3964,1.881347888
Rajasthan,AJMER,2001,Whole Year,Potato,4,4,1
Rajasthan,AJMER,2001,Whole Year,Sugarcane,30,1431,47.7
Rajasthan,AJMER,2001,Whole Year,Sweet potato,30,24,0.8
Rajasthan,AJMER,2002,Kharif,Arhar/Tur,36,,
Rajasthan,AJMER,2002,Kharif,Bajra,59416,532,0.008953817
Rajasthan,AJMER,2002,Kharif,Castor seed,14,,
Rajasthan,AJMER,2002,Kharif,Cotton(lint),9175,4482,0.488501362
Rajasthan,AJMER,2002,Kharif,Groundnut,1300,185,0.142307692
Rajasthan,AJMER,2002,Kharif,Jowar,108116,4110,0.038014725
Rajasthan,AJMER,2002,Kharif,Maize,27520,1759,0.063917151
Rajasthan,AJMER,2002,Kharif,Moong(Green Gram),68183,5351,0.078479973
Rajasthan,AJMER,2002,Kharif,Moth,1073,9,0.008387698
Rajasthan,AJMER,2002,Kharif,Other Kharif pulses,1524,49,0.032152231
Rajasthan,AJMER,2002,Kharif,Rice,2,2,1
Rajasthan,AJMER,2002,Kharif,Sesamum,3834,187,0.048774126
Rajasthan,AJMER,2002,Kharif,Soyabean,54,27,0.5
Rajasthan,AJMER,2002,Kharif,Urad,12909,2628,0.203578898
Rajasthan,AJMER,2002,Rabi,Barley,4212,6825,1.62037037
Rajasthan,AJMER,2002,Rabi,Gram,169,75,0.443786982
Rajasthan,AJMER,2002,Rabi,Linseed,1,1,1
Rajasthan,AJMER,2002,Rabi,Peas & beans (Pulses),22,24,1.090909091
Rajasthan,AJMER,2002,Rabi,Rapeseed &Mustard,1013,276,0.272458045
Rajasthan,AJMER,2002,Rabi,Wheat,11244,23077,2.052383493
Rajasthan,AJMER,2002,Whole Year,Citrus Fruit,273,0,0
Rajasthan,AJMER,2002,Whole Year,Coriander,31,25,0.806451613
Rajasthan,AJMER,2002,Whole Year,Dry chillies,940,85,0.090425532
Rajasthan,AJMER,2002,Whole Year,Garlic,10,5,0.5
Rajasthan,AJMER,2002,Whole Year,Guar seed,7030,28,0.00398293
Rajasthan,AJMER,2002,Whole Year,Mango,90,0,0
Rajasthan,AJMER,2002,Whole Year,Onion,449,604,1.345211581
Rajasthan,AJMER,2002,Whole Year,Other Fresh Fruits,162,0,0
Rajasthan,AJMER,2002,Whole Year,Other Vegetables,2290,0,0
Rajasthan,AJMER,2002,Whole Year,Pome Fruit,83,0,0
Rajasthan,AJMER,2002,Whole Year,Potato,3,2,0.666666667
Rajasthan,AJMER,2002,Whole Year,Sannhamp,3,,
Rajasthan,AJMER,2002,Whole Year,Sugarcane,35,1478,42.22857143
Rajasthan,AJMER,2002,Whole Year,Sweet potato,27,11,0.407407407
Rajasthan,AJMER,2003,Kharif,Arhar/Tur,15,15,1
Rajasthan,AJMER,2003,Kharif,Bajra,98497,137310,1.394052611
Rajasthan,AJMER,2003,Kharif,Castor seed,17,13,0.764705882
Rajasthan,AJMER,2003,Kharif,Cotton(lint),6139,8970,1.461150024
Rajasthan,AJMER,2003,Kharif,Groundnut,1427,1810,1.268395235
Rajasthan,AJMER,2003,Kharif,Jowar,137488,80161,0.583039974
Rajasthan,AJMER,2003,Kharif,Maize,38700,63604,1.643514212
Rajasthan,AJMER,2003,Kharif,Moong(Green Gram),78430,46325,0.590654086
Rajasthan,AJMER,2003,Kharif,Moth,2173,956,0.439944777
Rajasthan,AJMER,2003,Kharif,Other Kharif pulses,1596,774,0.484962406
Rajasthan,AJMER,2003,Kharif,Rice,26,43,1.653846154
Rajasthan,AJMER,2003,Kharif,Sesamum,7492,2913,0.388814736
Rajasthan,AJMER,2003,Kharif,Soyabean,2,3,1.5
Rajasthan,AJMER,2003,Kharif,Sunflower,13,5,0.384615385
Rajasthan,AJMER,2003,Kharif,Urad,11624,7012,0.603234687
Rajasthan,AJMER,2003,Rabi,Barley,7332,17822,2.430714675
Rajasthan,AJMER,2003,Rabi,Gram,13841,6479,0.468102016
Rajasthan,AJMER,2003,Rabi,Linseed,62,50,0.806451613
Rajasthan,AJMER,2003,Rabi,Masoor,2,2,1
Rajasthan,AJMER,2003,Rabi,Other  Rabi pulses,3,2,0.666666667
Rajasthan,AJMER,2003,Rabi,Peas & beans (Pulses),127,223,1.755905512
Rajasthan,AJMER,2003,Rabi,Rapeseed &Mustard,8696,4992,0.574057038
Rajasthan,AJMER,2003,Rabi,Wheat,21595,42225,1.95531373
Rajasthan,AJMER,2003,Whole Year,Citrus Fruit,270,0,0
Rajasthan,AJMER,2003,Whole Year,Coriander,99,123,1.242424242
Rajasthan,AJMER,2003,Whole Year,Dry chillies,1050,1100,1.047619048
Rajasthan,AJMER,2003,Whole Year,Garlic,21,24,1.142857143
Rajasthan,AJMER,2003,Whole Year,Guar seed,2294,,
Rajasthan,AJMER,2003,Whole Year,Mango,77,0,0
Rajasthan,AJMER,2003,Whole Year,Onion,908,2613,2.877753304
Rajasthan,AJMER,2003,Whole Year,Other Fresh Fruits,300,0,0
Rajasthan,AJMER,2003,Whole Year,other oilseeds,6229,4642,0.745223952
Rajasthan,AJMER,2003,Whole Year,Other Vegetables,2994,0,0
Rajasthan,AJMER,2003,Whole Year,Pome Fruit,96,0,0
Rajasthan,AJMER,2003,Whole Year,Sannhamp,1,0,0
Rajasthan,AJMER,2003,Whole Year,Sugarcane,34,1816,53.41176471
Rajasthan,AJMER,2003,Whole Year,Sweet potato,44,107,2.431818182
Rajasthan,AJMER,2004,Kharif,Arhar/Tur,3,,
Rajasthan,AJMER,2004,Kharif,Bajra,82174,41736,0.507897875
Rajasthan,AJMER,2004,Kharif,Castor seed,18,7,0.388888889
Rajasthan,AJMER,2004,Kharif,Cotton(lint),12327,24170,1.960736594
Rajasthan,AJMER,2004,Kharif,Groundnut,2378,584,0.245584525
Rajasthan,AJMER,2004,Kharif,Jowar,119921,30195,0.251790762
Rajasthan,AJMER,2004,Kharif,Maize,37783,27330,0.723341185
Rajasthan,AJMER,2004,Kharif,Moong(Green Gram),79619,32496,0.408143785
Rajasthan,AJMER,2004,Kharif,Moth,1868,173,0.09261242
Rajasthan,AJMER,2004,Kharif,Other Kharif pulses,2259,308,0.136343515
Rajasthan,AJMER,2004,Kharif,Rice,18,27,1.5
Rajasthan,AJMER,2004,Kharif,Sesamum,17884,4699,0.262748826
Rajasthan,AJMER,2004,Kharif,Sunflower,9,7,0.777777778
Rajasthan,AJMER,2004,Kharif,Urad,9115,3862,0.423697202
Rajasthan,AJMER,2004,Rabi,Barley,7539,17792,2.359994694
Rajasthan,AJMER,2004,Rabi,Gram,20969,15860,0.756354619
Rajasthan,AJMER,2004,Rabi,Linseed,36,27,0.75
Rajasthan,AJMER,2004,Rabi,Masoor,7,7,1
Rajasthan,AJMER,2004,Rabi,Other  Rabi pulses,142,340,2.394366197
Rajasthan,AJMER,2004,Rabi,Rapeseed &Mustard,41190,43307,1.05139597
Rajasthan,AJMER,2004,Rabi,Wheat,25457,52533,2.063597439
Rajasthan,AJMER,2004,Whole Year,Coriander,89,102,1.146067416
Rajasthan,AJMER,2004,Whole Year,Dry chillies,1628,1639,1.006756757
Rajasthan,AJMER,2004,Whole Year,Garlic,13,23,1.769230769
Rajasthan,AJMER,2004,Whole Year,Guar seed,5320,358,0.067293233
Rajasthan,AJMER,2004,Whole Year,Onion,1274,3250,2.551020408
Rajasthan,AJMER,2004,Whole Year,Potato,1,2,2
Rajasthan,AJMER,2004,Whole Year,Sugarcane,62,2996,48.32258065
Rajasthan,AJMER,2004,Whole Year,Sweet potato,56,40,0.714285714
Rajasthan,AJMER,2005,Kharif,Bajra,84447,5792,0.068587398
Rajasthan,AJMER,2005,Kharif,Castor seed,164,,
Rajasthan,AJMER,2005,Kharif,Cotton(lint),10406,10488,1.007880069
Rajasthan,AJMER,2005,Kharif,Groundnut,2197,882,0.401456532
Rajasthan,AJMER,2005,Kharif,Jowar,133856,3602,0.026909515
Rajasthan,AJMER,2005,Kharif,Maize,36338,5342,0.147008641
Rajasthan,AJMER,2005,Kharif,Moong(Green Gram),86721,9066,0.104542152
Rajasthan,AJMER,2005,Kharif,Moth,2499,357,0.142857143
Rajasthan,AJMER,2005,Kharif,Other Kharif pulses,1858,178,0.095801938
Rajasthan,AJMER,2005,Kharif,Rice,13,19,1.461538462
Rajasthan,AJMER,2005,Kharif,Sesamum,12138,691,0.056928654
Rajasthan,AJMER,2005,Kharif,Soyabean,22,25,1.136363636
Rajasthan,AJMER,2005,Kharif,Sunflower,2,1,0.5
Rajasthan,AJMER,2005,Kharif,Urad,6975,861,0.12344086
Rajasthan,AJMER,2005,Rabi,Barley,9904,17315,1.748283522
Rajasthan,AJMER,2005,Rabi,Gram,25153,5826,0.23162247
Rajasthan,AJMER,2005,Rabi,Linseed,22,18,0.818181818
Rajasthan,AJMER,2005,Rabi,Masoor,1,1,1
Rajasthan,AJMER,2005,Rabi,Peas & beans (Pulses),217,527,2.428571429
Rajasthan,AJMER,2005,Rabi,Rapeseed &Mustard,56481,24337,0.430888263
Rajasthan,AJMER,2005,Rabi,Wheat,23544,31307,1.329723072
Rajasthan,AJMER,2005,Whole Year,Coriander,65,68,1.046153846
Rajasthan,AJMER,2005,Whole Year,Dry chillies,906,503,0.555187638
Rajasthan,AJMER,2005,Whole Year,Garlic,11,4,0.363636364
Rajasthan,AJMER,2005,Whole Year,Guar seed,2099,241,0.114816579
Rajasthan,AJMER,2005,Whole Year,Onion,773,2440,3.156532988
Rajasthan,AJMER,2005,Whole Year,Potato,2,2,1
Rajasthan,AJMER,2005,Whole Year,Sugarcane,30,1828,60.93333333
Rajasthan,AJMER,2005,Whole Year,Sweet potato,109,109,1
Rajasthan,AJMER,2006,Kharif,Bajra,86479,70023,0.809711028
Rajasthan,AJMER,2006,Kharif,Castor seed,15,15,1
Rajasthan,AJMER,2006,Kharif,Cotton(lint),5612,2028,0.361368496
Rajasthan,AJMER,2006,Kharif,Groundnut,3301,1217,0.368676159
Rajasthan,AJMER,2006,Kharif,Jowar,149417,87848,0.587938454
Rajasthan,AJMER,2006,Kharif,Maize,36017,36979,1.026709609
Rajasthan,AJMER,2006,Kharif,Moong(Green Gram),71117,38287,0.538366354
Rajasthan,AJMER,2006,Kharif,Moth,2846,316,0.111033029
Rajasthan,AJMER,2006,Kharif,Other Kharif pulses,1634,436,0.266829865
Rajasthan,AJMER,2006,Kharif,Rice,15,24,1.6
Rajasthan,AJMER,2006,Kharif,Sesamum,9830,2555,0.259918616
Rajasthan,AJMER,2006,Kharif,Urad,3557,1031,0.289850998
Rajasthan,AJMER,2006,Rabi,Barley,8809,18989,2.155636281
Rajasthan,AJMER,2006,Rabi,Gram,7966,4858,0.609841828
Rajasthan,AJMER,2006,Rabi,Linseed,21,17,0.80952381
Rajasthan,AJMER,2006,Rabi,Masoor,7,6,0.857142857
Rajasthan,AJMER,2006,Rabi,Peas & beans (Pulses),249,426,1.710843373
Rajasthan,AJMER,2006,Rabi,Rapeseed &Mustard,22007,16472,0.748489117
Rajasthan,AJMER,2006,Rabi,Wheat,30011,84048,2.800573123
Rajasthan,AJMER,2006,Whole Year,Coriander,46,54,1.173913043
Rajasthan,AJMER,2006,Whole Year,Dry chillies,745,492,0.660402685
Rajasthan,AJMER,2006,Whole Year,Garlic,8,10,1.25
Rajasthan,AJMER,2006,Whole Year,Guar seed,6285,4119,0.655369928
Rajasthan,AJMER,2006,Whole Year,Onion,547,1040,1.901279707
Rajasthan,AJMER,2006,Whole Year,Potato,2,5,2.5
Rajasthan,AJMER,2006,Whole Year,Sugarcane,49,2828,57.71428571
Rajasthan,AJMER,2006,Whole Year,Sweet potato,82,155,1.890243902
Rajasthan,AJMER,2007,Kharif,Arhar/Tur,57,12,0.210526316
Rajasthan,AJMER,2007,Kharif,Bajra,83559,82062,0.982084515
Rajasthan,AJMER,2007,Kharif,Castor seed,19,16,0.842105263
Rajasthan,AJMER,2007,Kharif,Cotton(lint),5133,2163,0.421390999
Rajasthan,AJMER,2007,Kharif,Groundnut,2327,2536,1.089815213
Rajasthan,AJMER,2007,Kharif,Jowar,136794,63174,0.461818501
Rajasthan,AJMER,2007,Kharif,Maize,35762,38153,1.066858677
Rajasthan,AJMER,2007,Kharif,Moong(Green Gram),94831,30141,0.317839103
Rajasthan,AJMER,2007,Kharif,Moth,2401,495,0.206164098
Rajasthan,AJMER,2007,Kharif,Other Kharif pulses,2165,465,0.2147806
Rajasthan,AJMER,2007,Kharif,Rice,6,12,2
Rajasthan,AJMER,2007,Kharif,Sesamum,11269,3658,0.32460733
Rajasthan,AJMER,2007,Kharif,Soyabean,22,30,1.363636364
Rajasthan,AJMER,2007,Kharif,Urad,7443,2989,0.401585382
Rajasthan,AJMER,2007,Rabi,Barley,7225,14843,2.054394464
Rajasthan,AJMER,2007,Rabi,Gram,3689,2339,0.634047167
Rajasthan,AJMER,2007,Rabi,Linseed,19,15,0.789473684
Rajasthan,AJMER,2007,Rabi,Masoor,6,4,0.666666667
Rajasthan,AJMER,2007,Rabi,other oilseeds,1458,549,0.37654321
Rajasthan,AJMER,2007,Rabi,Rapeseed &Mustard,13048,12022,0.921367259
Rajasthan,AJMER,2007,Rabi,Wheat,21909,52373,2.390478799
Rajasthan,AJMER,2007,Whole Year,Coriander,81,63,0.777777778
Rajasthan,AJMER,2007,Whole Year,Dry chillies,1172,671,0.572525597
Rajasthan,AJMER,2007,Whole Year,Garlic,24,37,1.541666667
Rajasthan,AJMER,2007,Whole Year,Guar seed,13812,7400,0.535766001
Rajasthan,AJMER,2007,Whole Year,Onion,772,3359,4.351036269
Rajasthan,AJMER,2007,Whole Year,Sugarcane,42,2399,57.11904762
Rajasthan,AJMER,2007,Whole Year,Sweet potato,110,161,1.463636364
Rajasthan,AJMER,2008,Kharif,Bajra,83304,81596,0.979496783
Rajasthan,AJMER,2008,Kharif,Castor seed,36,26,0.722222222
Rajasthan,AJMER,2008,Kharif,Cotton(lint),6328,1861,0.29408976
Rajasthan,AJMER,2008,Kharif,Groundnut,2629,1755,0.667554203
Rajasthan,AJMER,2008,Kharif,Jowar,143298,76740,0.535527363
Rajasthan,AJMER,2008,Kharif,Maize,35740,25704,0.71919418
Rajasthan,AJMER,2008,Kharif,Moong(Green Gram),73996,20891,0.282326072
Rajasthan,AJMER,2008,Kharif,Moth,1457,570,0.391214825
Rajasthan,AJMER,2008,Kharif,Other Kharif pulses,1654,762,0.46070133
Rajasthan,AJMER,2008,Kharif,Rice,4,7,1.75
Rajasthan,AJMER,2008,Kharif,Sesamum,25703,6173,0.240166518
Rajasthan,AJMER,2008,Kharif,Small millets,308,5,0.016233766
Rajasthan,AJMER,2008,Kharif,Soyabean,29,28,0.965517241
Rajasthan,AJMER,2008,Kharif,Urad,9220,2094,0.227114967
Rajasthan,AJMER,2008,Rabi,Barley,7878,18410,2.336887535
Rajasthan,AJMER,2008,Rabi,Gram,20783,9456,0.454987249
Rajasthan,AJMER,2008,Rabi,Linseed,114,116,1.01754386
Rajasthan,AJMER,2008,Rabi,Masoor,7,6,0.857142857
Rajasthan,AJMER,2008,Rabi,Other  Rabi pulses,18,13,0.722222222
Rajasthan,AJMER,2008,Rabi,other oilseeds,14115,3676,0.260432164
Rajasthan,AJMER,2008,Rabi,Rapeseed &Mustard,21662,13895,0.64144585
Rajasthan,AJMER,2008,Rabi,Wheat,16605,37499,2.258295694
Rajasthan,AJMER,2008,Whole Year,Coriander,115,128,1.113043478
Rajasthan,AJMER,2008,Whole Year,Dry chillies,844,630,0.746445498
Rajasthan,AJMER,2008,Whole Year,Garlic,9,18,2
Rajasthan,AJMER,2008,Whole Year,Guar seed,10038,4536,0.451882845
Rajasthan,AJMER,2008,Whole Year,Onion,750,1886,2.514666667
Rajasthan,AJMER,2008,Whole Year,Sugarcane,15,891,59.4
Rajasthan,AJMER,2008,Whole Year,Sweet potato,131,,
Rajasthan,AJMER,2009,Kharif,Arhar/Tur,6,,
Rajasthan,AJMER,2009,Kharif,Bajra,85338,6464,0.075745858
Rajasthan,AJMER,2009,Kharif,Castor seed,93,13,0.139784946
Rajasthan,AJMER,2009,Kharif,Cotton(lint),6450,764,0.118449612
Rajasthan,AJMER,2009,Kharif,Groundnut,2390,278,0.116317992
Rajasthan,AJMER,2009,Kharif,Jowar,147086,2375,0.016147016
Rajasthan,AJMER,2009,Kharif,Maize,35274,2131,0.060412769
Rajasthan,AJMER,2009,Kharif,Moong(Green Gram),78976,1554,0.019676864
Rajasthan,AJMER,2009,Kharif,Moth,2022,,
Rajasthan,AJMER,2009,Kharif,Other Kharif pulses,1276,,
Rajasthan,AJMER,2009,Kharif,Rice,7,11,1.571428571
Rajasthan,AJMER,2009,Kharif,Sesamum,25449,535,0.021022437
Rajasthan,AJMER,2009,Kharif,Small millets,281,4,0.014234875
Rajasthan,AJMER,2009,Kharif,Soyabean,21,25,1.19047619
Rajasthan,AJMER,2009,Kharif,Urad,9188,217,0.023617762
Rajasthan,AJMER,2009,Rabi,Barley,3933,8653,2.200101704
Rajasthan,AJMER,2009,Rabi,Gram,158,65,0.411392405
Rajasthan,AJMER,2009,Rabi,Linseed,1,1,1
Rajasthan,AJMER,2009,Rabi,Masoor,2,2,1
Rajasthan,AJMER,2009,Rabi,other oilseeds,2324,405,0.174268503
Rajasthan,AJMER,2009,Rabi,Rapeseed &Mustard,2857,1599,0.559677984
Rajasthan,AJMER,2009,Rabi,Wheat,8761,21653,2.471521516
Rajasthan,AJMER,2009,Whole Year,Coriander,98,37,0.37755102
Rajasthan,AJMER,2009,Whole Year,Dry chillies,808,222,0.274752475
Rajasthan,AJMER,2009,Whole Year,Guar seed,8634,42,0.004864489
Rajasthan,AJMER,2009,Whole Year,Onion,538,813,1.511152416
Rajasthan,AJMER,2009,Whole Year,Potato,1,,
Rajasthan,AJMER,2009,Whole Year,Sugarcane,14,806,57.57142857
Rajasthan,AJMER,2009,Whole Year,Sweet potato,123,,
Rajasthan,AJMER,2010,Kharif,Arhar/Tur,7,7,1
Rajasthan,AJMER,2010,Kharif,Bajra,94322,128399,1.361283688
Rajasthan,AJMER,2010,Kharif,Castor seed,119,38,0.319327731
Rajasthan,AJMER,2010,Kharif,Cotton(lint),3281,967,0.294727217
Rajasthan,AJMER,2010,Kharif,Groundnut,2030,2865,1.411330049
Rajasthan,AJMER,2010,Kharif,Jowar,160379,121578,0.758066829
Rajasthan,AJMER,2010,Kharif,Maize,35419,53352,1.506310173
Rajasthan,AJMER,2010,Kharif,Moong(Green Gram),83408,62759,0.752433819
Rajasthan,AJMER,2010,Kharif,Moth,1476,816,0.552845528
Rajasthan,AJMER,2010,Kharif,Other Kharif pulses,1599,906,0.566604128
Rajasthan,AJMER,2010,Kharif,Rice,9,18,2
Rajasthan,AJMER,2010,Kharif,Sesamum,21321,8130,0.381314197
Rajasthan,AJMER,2010,Kharif,Small millets,190,109,0.573684211
Rajasthan,AJMER,2010,Kharif,Soyabean,10,14,1.4
Rajasthan,AJMER,2010,Kharif,Urad,8860,6401,0.722460497
Rajasthan,AJMER,2010,Rabi,Barley,42326,95624,2.259226008
Rajasthan,AJMER,2010,Rabi,Gram,111133,92407,0.831499195
Rajasthan,AJMER,2010,Rabi,Linseed,84,51,0.607142857
Rajasthan,AJMER,2010,Rabi,Masoor,25,22,0.88
Rajasthan,AJMER,2010,Rabi,other oilseeds,91268,54655,0.598840777
Rajasthan,AJMER,2010,Rabi,Rapeseed &Mustard,24761,38618,1.559630063
Rajasthan,AJMER,2010,Rabi,Wheat,64322,207905,3.23225335
Rajasthan,AJMER,2010,Whole Year,Coriander,153,169,1.104575163
Rajasthan,AJMER,2010,Whole Year,Dry chillies,670,530,0.791044776
Rajasthan,AJMER,2010,Whole Year,Garlic,8,13,1.625
Rajasthan,AJMER,2010,Whole Year,Guar seed,6375,5471,0.858196078
Rajasthan,AJMER,2010,Whole Year,Onion,250,1172,4.688
Rajasthan,AJMER,2010,Whole Year,Potato,1,10,10
Rajasthan,AJMER,2010,Whole Year,Sugarcane,18,1206,67
Rajasthan,AJMER,2010,Whole Year,Sweet potato,102,134,1.31372549
Rajasthan,ALWAR,1997,Kharif,Arhar/Tur,20300,14600,0.719211823
Rajasthan,ALWAR,1997,Kharif,Bajra,166800,169300,1.01498801
Rajasthan,ALWAR,1997,Kharif,Cotton(lint),10400,11764,1.131153846
Rajasthan,ALWAR,1997,Kharif,Groundnut,1500,1700,1.133333333
Rajasthan,ALWAR,1997,Kharif,Jowar,20100,12600,0.626865672
Rajasthan,ALWAR,1997,Kharif,Maize,11800,14800,1.254237288
Rajasthan,ALWAR,1997,Kharif,Onion,4300,17200,4
Rajasthan,ALWAR,1997,Kharif,Rice,300,300,1
Rajasthan,ALWAR,1997,Kharif,Sesamum,3400,1000,0.294117647
Rajasthan,ALWAR,1997,Kharif,Sugarcane,300,13900,46.33333333
Rajasthan,ALWAR,1997,Rabi,Barley,11600,24900,2.146551724
Rajasthan,ALWAR,1997,Rabi,Gram,99100,96000,0.968718466
Rajasthan,ALWAR,1997,Rabi,Rapeseed &Mustard,206700,141500,0.684567005
Rajasthan,ALWAR,1997,Rabi,Wheat,163400,588300,3.600367197
Rajasthan,ALWAR,1997,Whole Year,Potato,100,700,7
Rajasthan,ALWAR,1998,Kharif,Arhar/Tur,4475,5929,1.324916201
Rajasthan,ALWAR,1998,Kharif,Bajra,183981,225714,1.226833206
Rajasthan,ALWAR,1998,Kharif,Cotton(lint),15128,3419,0.226004759
Rajasthan,ALWAR,1998,Kharif,Groundnut,814,888,1.090909091
Rajasthan,ALWAR,1998,Kharif,Jowar,24284,16457,0.677689013
Rajasthan,ALWAR,1998,Kharif,Maize,12395,19403,1.56538927
Rajasthan,ALWAR,1998,Kharif,Moong(Green Gram),48,5,0.104166667
Rajasthan,ALWAR,1998,Kharif,Moth,6,1,0.166666667
Rajasthan,ALWAR,1998,Kharif,Other Kharif pulses,73,16,0.219178082
Rajasthan,ALWAR,1998,Kharif,Rice,381,466,1.223097113
Rajasthan,ALWAR,1998,Kharif,Sannhamp,163,81,0.496932515
Rajasthan,ALWAR,1998,Kharif,Sesamum,7099,2561,0.360755036
Rajasthan,ALWAR,1998,Kharif,Soyabean,33,43,1.303030303
Rajasthan,ALWAR,1998,Kharif,Urad,15,5,0.333333333
Rajasthan,ALWAR,1998,Rabi,Barley,11447,29037,2.536647156
Rajasthan,ALWAR,1998,Rabi,Gram,111027,126664,1.140839616
Rajasthan,ALWAR,1998,Rabi,Linseed,23,13,0.565217391
Rajasthan,ALWAR,1998,Rabi,Masoor,808,857,1.060643564
Rajasthan,ALWAR,1998,Rabi,Other  Rabi pulses,26,11,0.423076923
Rajasthan,ALWAR,1998,Rabi,Peas & beans (Pulses),438,616,1.406392694
Rajasthan,ALWAR,1998,Rabi,Rapeseed &Mustard,177837,178014,1.000995293
Rajasthan,ALWAR,1998,Rabi,Tobacco,169,174,1.029585799
Rajasthan,ALWAR,1998,Rabi,Wheat,177538,632106,3.560398337
Rajasthan,ALWAR,1998,Whole Year,Coriander,116,105,0.905172414
Rajasthan,ALWAR,1998,Whole Year,Dry chillies,692,554,0.800578035
Rajasthan,ALWAR,1998,Whole Year,Garlic,7,5,0.714285714
Rajasthan,ALWAR,1998,Whole Year,Onion,2992,14853,4.964237968
Rajasthan,ALWAR,1998,Whole Year,Potato,434,3004,6.921658986
Rajasthan,ALWAR,1998,Whole Year,Sugarcane,276,13184,47.76811594
Rajasthan,ALWAR,1998,Whole Year,Sweet potato,10,50,5
Rajasthan,ALWAR,1999,Kharif,Arhar/Tur,4395,4347,0.989078498
Rajasthan,ALWAR,1999,Kharif,Bajra,182632,204537,1.119940646
Rajasthan,ALWAR,1999,Kharif,Cotton(lint),14519,3373,0.232316275
Rajasthan,ALWAR,1999,Kharif,Groundnut,419,405,0.966587112
Rajasthan,ALWAR,1999,Kharif,Jowar,24108,19659,0.81545545
Rajasthan,ALWAR,1999,Kharif,Maize,11863,17824,1.502486723
Rajasthan,ALWAR,1999,Kharif,Moong(Green Gram),45,5,0.111111111
Rajasthan,ALWAR,1999,Kharif,Moth,4,,
Rajasthan,ALWAR,1999,Kharif,Other Kharif pulses,52,6,0.115384615
Rajasthan,ALWAR,1999,Kharif,Rice,605,763,1.261157025
Rajasthan,ALWAR,1999,Kharif,Sesamum,8693,2881,0.331416082
Rajasthan,ALWAR,1999,Kharif,Small millets,3,1,0.333333333
Rajasthan,ALWAR,1999,Kharif,Soyabean,1,1,1
Rajasthan,ALWAR,1999,Kharif,Sunflower,3,2,0.666666667
Rajasthan,ALWAR,1999,Kharif,Urad,17,5,0.294117647
Rajasthan,ALWAR,1999,Rabi,Barley,12435,36145,2.906714918
Rajasthan,ALWAR,1999,Rabi,Gram,57420,55086,0.959352142
Rajasthan,ALWAR,1999,Rabi,Masoor,371,568,1.530997305
Rajasthan,ALWAR,1999,Rabi,Other  Rabi pulses,1,1,1
Rajasthan,ALWAR,1999,Rabi,Peas & beans (Pulses),484,737,1.522727273
Rajasthan,ALWAR,1999,Rabi,Rapeseed &Mustard,210478,259526,1.233031481
Rajasthan,ALWAR,1999,Rabi,Wheat,193916,645632,3.329441614
Rajasthan,ALWAR,1999,Whole Year,Banana,2,,
Rajasthan,ALWAR,1999,Whole Year,Coriander,63,44,0.698412698
Rajasthan,ALWAR,1999,Whole Year,Dry chillies,986,789,0.80020284
Rajasthan,ALWAR,1999,Whole Year,Garlic,9,9,1
Rajasthan,ALWAR,1999,Whole Year,Guar seed,30990,27379,0.883478541
Rajasthan,ALWAR,1999,Whole Year,Onion,5183,32247,6.221686282
Rajasthan,ALWAR,1999,Whole Year,Potato,212,1695,7.995283019
Rajasthan,ALWAR,1999,Whole Year,Sannhamp,76,37,0.486842105
Rajasthan,ALWAR,1999,Whole Year,Sugarcane,237,9677,40.83122363
Rajasthan,ALWAR,1999,Whole Year,Sweet potato,13,60,4.615384615
Rajasthan,ALWAR,1999,Whole Year,Tapioca,14,56,4
Rajasthan,ALWAR,1999,Whole Year,Tobacco,144,152,1.055555556
Rajasthan,ALWAR,2000,Kharif,Arhar/Tur,2939,2815,0.957808778
Rajasthan,ALWAR,2000,Kharif,Bajra,199617,257768,1.291312864
Rajasthan,ALWAR,2000,Kharif,Castor seed,1,,
Rajasthan,ALWAR,2000,Kharif,Cotton(lint),9840,17247,1.752743902
Rajasthan,ALWAR,2000,Kharif,Groundnut,229,212,0.925764192
Rajasthan,ALWAR,2000,Kharif,Jowar,26095,16426,0.629469247
Rajasthan,ALWAR,2000,Kharif,Maize,12076,23860,1.975819808
Rajasthan,ALWAR,2000,Kharif,Moong(Green Gram),30,5,0.166666667
Rajasthan,ALWAR,2000,Kharif,Moth,3,,
Rajasthan,ALWAR,2000,Kharif,Other Kharif pulses,35,7,0.2
Rajasthan,ALWAR,2000,Kharif,Rice,396,371,0.936868687
Rajasthan,ALWAR,2000,Kharif,Sesamum,5763,2600,0.451153913
Rajasthan,ALWAR,2000,Kharif,Small millets,2,0.1,0.05
Rajasthan,ALWAR,2000,Kharif,Soyabean,1,1,1
Rajasthan,ALWAR,2000,Kharif,Urad,54,15,0.277777778
Rajasthan,ALWAR,2000,Rabi,Barley,20863,51656,2.47596223
Rajasthan,ALWAR,2000,Rabi,Gram,41780,34906,0.835471517
Rajasthan,ALWAR,2000,Rabi,Masoor,105,94,0.895238095
Rajasthan,ALWAR,2000,Rabi,Peas & beans (Pulses),512,590,1.15234375
Rajasthan,ALWAR,2000,Rabi,Rapeseed &Mustard,184547,216932,1.175483752
Rajasthan,ALWAR,2000,Rabi,Wheat,202992,724108,3.567175061
Rajasthan,ALWAR,2000,Whole Year,Banana,1,,
Rajasthan,ALWAR,2000,Whole Year,Coriander,86,68,0.790697674
Rajasthan,ALWAR,2000,Whole Year,Dry chillies,820,679,0.82804878
Rajasthan,ALWAR,2000,Whole Year,Garlic,4,3,0.75
Rajasthan,ALWAR,2000,Whole Year,Guar seed,45672,40832,0.894026975
Rajasthan,ALWAR,2000,Whole Year,Onion,5299,32381,6.110775618
Rajasthan,ALWAR,2000,Whole Year,Potato,85,385,4.529411765
Rajasthan,ALWAR,2000,Whole Year,Sannhamp,63,27,0.428571429
Rajasthan,ALWAR,2000,Whole Year,Sugarcane,175,7289,41.65142857
Rajasthan,ALWAR,2000,Whole Year,Tobacco,131,409,3.122137405
Rajasthan,ALWAR,2001,Kharif,Arhar/Tur,2980,2401,0.805704698
Rajasthan,ALWAR,2001,Kharif,Bajra,188597,349521,1.85326914
Rajasthan,ALWAR,2001,Kharif,Castor seed,3,1,0.333333333
Rajasthan,ALWAR,2001,Kharif,Cotton(lint),15696,15482,0.986365953
Rajasthan,ALWAR,2001,Kharif,Groundnut,371,455,1.226415094
Rajasthan,ALWAR,2001,Kharif,Jowar,24008,13276,0.552982339
Rajasthan,ALWAR,2001,Kharif,Maize,11750,17965,1.52893617
Rajasthan,ALWAR,2001,Kharif,Moong(Green Gram),135,40,0.296296296
Rajasthan,ALWAR,2001,Kharif,Moth,4,1,0.25
Rajasthan,ALWAR,2001,Kharif,Other Kharif pulses,44,15,0.340909091
Rajasthan,ALWAR,2001,Kharif,Rice,274,342,1.248175182
Rajasthan,ALWAR,2001,Kharif,Sesamum,6060,1787,0.294884488
Rajasthan,ALWAR,2001,Kharif,Small millets,2,,
Rajasthan,ALWAR,2001,Kharif,Soyabean,2,2,1
Rajasthan,ALWAR,2001,Kharif,Urad,22,8,0.363636364
Rajasthan,ALWAR,2001,Rabi,Barley,11307,30729,2.717697002
Rajasthan,ALWAR,2001,Rabi,Gram,50173,45830,0.913439499
Rajasthan,ALWAR,2001,Rabi,Masoor,74,40,0.540540541
Rajasthan,ALWAR,2001,Rabi,Peas & beans (Pulses),515,570,1.106796117
Rajasthan,ALWAR,2001,Rabi,Rapeseed &Mustard,217687,276642,1.270824624
Rajasthan,ALWAR,2001,Rabi,Wheat,174090,529816,3.043345396
Rajasthan,ALWAR,2001,Whole Year,Banana,1,,
Rajasthan,ALWAR,2001,Whole Year,Coriander,114,31,0.271929825
Rajasthan,ALWAR,2001,Whole Year,Dry chillies,583,294,0.504288165
Rajasthan,ALWAR,2001,Whole Year,Garlic,5,6,1.2
Rajasthan,ALWAR,2001,Whole Year,Guar seed,45161,21240,0.470317309
Rajasthan,ALWAR,2001,Whole Year,Onion,6044,55921,9.252316347
Rajasthan,ALWAR,2001,Whole Year,Potato,99,2060,20.80808081
Rajasthan,ALWAR,2001,Whole Year,Sannhamp,51,17,0.333333333
Rajasthan,ALWAR,2001,Whole Year,Sugarcane,99,4722,47.6969697
Rajasthan,ALWAR,2001,Whole Year,Sweet potato,4,6,1.5
Rajasthan,ALWAR,2001,Whole Year,Tobacco,149,409,2.744966443
Rajasthan,ALWAR,2002,Kharif,Arhar/Tur,954,142,0.14884696
Rajasthan,ALWAR,2002,Kharif,Bajra,149753,110440,0.737481052
Rajasthan,ALWAR,2002,Kharif,Cotton(lint),13865,23382,1.686404616
Rajasthan,ALWAR,2002,Kharif,Groundnut,326,224,0.687116564
Rajasthan,ALWAR,2002,Kharif,Jowar,33954,5137,0.151292926
Rajasthan,ALWAR,2002,Kharif,Maize,8572,1654,0.192953803
Rajasthan,ALWAR,2002,Kharif,Moong(Green Gram),28,2,0.071428571
Rajasthan,ALWAR,2002,Kharif,Moth,1,,
Rajasthan,ALWAR,2002,Kharif,Other Kharif pulses,5,0,0
Rajasthan,ALWAR,2002,Kharif,Rice,104,84,0.807692308
Rajasthan,ALWAR,2002,Kharif,Sesamum,3102,241,0.077691812
Rajasthan,ALWAR,2002,Kharif,Small millets,1,0.1,0.1
Rajasthan,ALWAR,2002,Kharif,Soyabean,1,,
Rajasthan,ALWAR,2002,Kharif,Urad,3,1,0.333333333
Rajasthan,ALWAR,2002,Rabi,Barley,17855,56537,3.166451974
Rajasthan,ALWAR,2002,Rabi,Gram,18719,9154,0.489021849
Rajasthan,ALWAR,2002,Rabi,Masoor,9,9,1
Rajasthan,ALWAR,2002,Rabi,Other  Rabi pulses,2,0,0
Rajasthan,ALWAR,2002,Rabi,Peas & beans (Pulses),380,460,1.210526316
Rajasthan,ALWAR,2002,Rabi,Rapeseed &Mustard,192422,145791,0.757662845
Rajasthan,ALWAR,2002,Rabi,Wheat,181459,571450,3.149196237
Rajasthan,ALWAR,2002,Whole Year,Banana,1,0,0
Rajasthan,ALWAR,2002,Whole Year,Citrus Fruit,225,0,0
Rajasthan,ALWAR,2002,Whole Year,Coriander,59,41,0.694915254
Rajasthan,ALWAR,2002,Whole Year,Dry chillies,409,43,0.105134474
Rajasthan,ALWAR,2002,Whole Year,Garlic,7,18,2.571428571
Rajasthan,ALWAR,2002,Whole Year,Guar seed,15628,452,0.028922447
Rajasthan,ALWAR,2002,Whole Year,Mango,133,0,0
Rajasthan,ALWAR,2002,Whole Year,Onion,5735,14121,2.462249346
Rajasthan,ALWAR,2002,Whole Year,Other Fresh Fruits,400,0,0
Rajasthan,ALWAR,2002,Whole Year,Other Vegetables,4510,0,0
Rajasthan,ALWAR,2002,Whole Year,Papaya,34,0,0
Rajasthan,ALWAR,2002,Whole Year,Pome Fruit,20,0,0
Rajasthan,ALWAR,2002,Whole Year,Potato,119,2562,21.52941176
Rajasthan,ALWAR,2002,Whole Year,Sannhamp,30,,
Rajasthan,ALWAR,2002,Whole Year,Sugarcane,123,4685,38.08943089
Rajasthan,ALWAR,2002,Whole Year,Sweet potato,15,11,0.733333333
Rajasthan,ALWAR,2002,Whole Year,Tobacco,154,427,2.772727273
Rajasthan,ALWAR,2002,Whole Year,Water Melon,72,0,0
Rajasthan,ALWAR,2003,Kharif,Arhar/Tur,1041,1057,1.015369837
Rajasthan,ALWAR,2003,Kharif,Bajra,232924,402602,1.728469372
Rajasthan,ALWAR,2003,Kharif,Cotton(lint),19364,40135,2.072660607
Rajasthan,ALWAR,2003,Kharif,Dry ginger,1,1,1
Rajasthan,ALWAR,2003,Kharif,Groundnut,435,681,1.565517241
Rajasthan,ALWAR,2003,Kharif,Jowar,31738,16503,0.519976054
Rajasthan,ALWAR,2003,Kharif,Maize,9754,13491,1.383124872
Rajasthan,ALWAR,2003,Kharif,Moong(Green Gram),41,25,0.609756098
Rajasthan,ALWAR,2003,Kharif,Moth,7,4,0.571428571
Rajasthan,ALWAR,2003,Kharif,Other Kharif pulses,31,17,0.548387097
Rajasthan,ALWAR,2003,Kharif,Rice,160,265,1.65625
Rajasthan,ALWAR,2003,Kharif,Sesamum,1869,582,0.311396469
Rajasthan,ALWAR,2003,Kharif,Small millets,1,1,1
Rajasthan,ALWAR,2003,Kharif,Urad,6,3,0.5
Rajasthan,ALWAR,2003,Rabi,Barley,15587,32297,2.072047219
Rajasthan,ALWAR,2003,Rabi,Gram,41651,35999,0.864300977
Rajasthan,ALWAR,2003,Rabi,Masoor,90,111,1.233333333
Rajasthan,ALWAR,2003,Rabi,Peas & beans (Pulses),579,1121,1.936096718
Rajasthan,ALWAR,2003,Rabi,Rapeseed &Mustard,220253,336910,1.529649993
Rajasthan,ALWAR,2003,Rabi,Wheat,188108,648794,3.449050545
Rajasthan,ALWAR,2003,Whole Year,Banana,2,0,0
Rajasthan,ALWAR,2003,Whole Year,Citrus Fruit,254,0,0
Rajasthan,ALWAR,2003,Whole Year,Coriander,261,324,1.24137931
Rajasthan,ALWAR,2003,Whole Year,Dry chillies,620,1039,1.675806452
Rajasthan,ALWAR,2003,Whole Year,Garlic,3,5,1.666666667
Rajasthan,ALWAR,2003,Whole Year,Guar seed,23463,,
Rajasthan,ALWAR,2003,Whole Year,Mango,146,0,0
Rajasthan,ALWAR,2003,Whole Year,Oilseeds total,2,0,0
Rajasthan,ALWAR,2003,Whole Year,Onion,7814,60478,7.739697978
Rajasthan,ALWAR,2003,Whole Year,other fibres,1192,0,0
Rajasthan,ALWAR,2003,Whole Year,Other Fresh Fruits,408,0,0
Rajasthan,ALWAR,2003,Whole Year,other oilseeds,959,803,0.837330553
Rajasthan,ALWAR,2003,Whole Year,Other Vegetables,4975,0,0
Rajasthan,ALWAR,2003,Whole Year,Papaya,16,0,0
Rajasthan,ALWAR,2003,Whole Year,Pome Fruit,23,0,0
Rajasthan,ALWAR,2003,Whole Year,Potato,105,353,3.361904762
Rajasthan,ALWAR,2003,Whole Year,Sannhamp,65,86,1.323076923
Rajasthan,ALWAR,2003,Whole Year,Sugarcane,103,6991,67.87378641
Rajasthan,ALWAR,2003,Whole Year,Sweet potato,33,234,7.090909091
Rajasthan,ALWAR,2003,Whole Year,Tobacco,129,,
Rajasthan,ALWAR,2003,Whole Year,Water Melon,44,0,0
Rajasthan,ALWAR,2004,Kharif,Arhar/Tur,1252,4322,3.452076677
Rajasthan,ALWAR,2004,Kharif,Bajra,191980,302168,1.57395562
Rajasthan,ALWAR,2004,Kharif,Cotton(lint),29522,54700,1.852855498
Rajasthan,ALWAR,2004,Kharif,Groundnut,984,1525,1.549796748
Rajasthan,ALWAR,2004,Kharif,Jowar,29386,14906,0.50724835
Rajasthan,ALWAR,2004,Kharif,Maize,9605,11347,1.181363873
Rajasthan,ALWAR,2004,Kharif,Moong(Green Gram),34,9,0.264705882
Rajasthan,ALWAR,2004,Kharif,Moth,17,2,0.117647059
Rajasthan,ALWAR,2004,Kharif,Other Kharif pulses,11,4,0.363636364
Rajasthan,ALWAR,2004,Kharif,Rice,139,206,1.482014388
Rajasthan,ALWAR,2004,Kharif,Sesamum,2122,675,0.318096136
Rajasthan,ALWAR,2004,Kharif,Urad,2,1,0.5
Rajasthan,ALWAR,2004,Rabi,Barley,10935,35022,3.202743484
Rajasthan,ALWAR,2004,Rabi,Gram,19511,20358,1.043411409
Rajasthan,ALWAR,2004,Rabi,Linseed,2,2,1
Rajasthan,ALWAR,2004,Rabi,Masoor,161,160,0.99378882
Rajasthan,ALWAR,2004,Rabi,Other  Rabi pulses,242,323,1.334710744
Rajasthan,ALWAR,2004,Rabi,Rapeseed &Mustard,293746,365872,1.245538663
Rajasthan,ALWAR,2004,Rabi,Wheat,157411,511753,3.251062505
Rajasthan,ALWAR,2004,Whole Year,Banana,1,,
Rajasthan,ALWAR,2004,Whole Year,Coriander,48,55,1.145833333
Rajasthan,ALWAR,2004,Whole Year,Dry chillies,679,901,1.326951399
Rajasthan,ALWAR,2004,Whole Year,Garlic,1,4,4
Rajasthan,ALWAR,2004,Whole Year,Guar seed,15028,51334,3.415890338
Rajasthan,ALWAR,2004,Whole Year,Onion,9500,70860,7.458947368
Rajasthan,ALWAR,2004,Whole Year,Potato,52,215,4.134615385
Rajasthan,ALWAR,2004,Whole Year,Sannhamp,47,24,0.510638298
Rajasthan,ALWAR,2004,Whole Year,Sugarcane,104,4244,40.80769231
Rajasthan,ALWAR,2004,Whole Year,Sweet potato,45,159,3.533333333
Rajasthan,ALWAR,2004,Whole Year,Tobacco,156,242,1.551282051
Rajasthan,ALWAR,2005,Kharif,Arhar/Tur,1649,1553,0.941782899
Rajasthan,ALWAR,2005,Kharif,Bajra,219533,273938,1.247821512
Rajasthan,ALWAR,2005,Kharif,Castor seed,3,3,1
Rajasthan,ALWAR,2005,Kharif,Cotton(lint),19243,30111,1.564776802
Rajasthan,ALWAR,2005,Kharif,Groundnut,2696,4169,1.546364985
Rajasthan,ALWAR,2005,Kharif,Jowar,27769,15984,0.575605891
Rajasthan,ALWAR,2005,Kharif,Maize,8782,10385,1.182532453
Rajasthan,ALWAR,2005,Kharif,Moong(Green Gram),45,7,0.155555556
Rajasthan,ALWAR,2005,Kharif,Moth,20,3,0.15
Rajasthan,ALWAR,2005,Kharif,Other Kharif pulses,14,3,0.214285714
Rajasthan,ALWAR,2005,Kharif,Rice,132,193,1.462121212
Rajasthan,ALWAR,2005,Kharif,Sesamum,2103,490,0.233000476
Rajasthan,ALWAR,2005,Kharif,Soyabean,3,3,1
Rajasthan,ALWAR,2005,Kharif,Urad,9,2,0.222222222
Rajasthan,ALWAR,2005,Rabi,Barley,13127,38002,2.894949341
Rajasthan,ALWAR,2005,Rabi,Gram,15487,13753,0.888035126
Rajasthan,ALWAR,2005,Rabi,Masoor,210,191,0.90952381
Rajasthan,ALWAR,2005,Rabi,Peas & beans (Pulses),2,4,2
Rajasthan,ALWAR,2005,Rabi,Rapeseed &Mustard,290252,305392,1.05216157
Rajasthan,ALWAR,2005,Rabi,Wheat,159468,492657,3.089378433
Rajasthan,ALWAR,2005,Whole Year,Banana,2,,
Rajasthan,ALWAR,2005,Whole Year,Coriander,29,30,1.034482759
Rajasthan,ALWAR,2005,Whole Year,Dry chillies,543,750,1.38121547
Rajasthan,ALWAR,2005,Whole Year,Garlic,3,3,1
Rajasthan,ALWAR,2005,Whole Year,Guar seed,21018,12925,0.614949091
Rajasthan,ALWAR,2005,Whole Year,Onion,6489,55030,8.480505471
Rajasthan,ALWAR,2005,Whole Year,Potato,77,128,1.662337662
Rajasthan,ALWAR,2005,Whole Year,Sannhamp,32,14,0.4375
Rajasthan,ALWAR,2005,Whole Year,Sugarcane,122,4005,32.82786885
Rajasthan,ALWAR,2005,Whole Year,Sweet potato,6,6,1
Rajasthan,ALWAR,2005,Whole Year,Tobacco,140,242,1.728571429
Rajasthan,ALWAR,2006,Kharif,Arhar/Tur,1497,1303,0.870407482
Rajasthan,ALWAR,2006,Kharif,Bajra,232214,417342,1.797230141
Rajasthan,ALWAR,2006,Kharif,Cotton(lint),7230,3034,0.419640387
Rajasthan,ALWAR,2006,Kharif,Groundnut,1645,2147,1.305167173
Rajasthan,ALWAR,2006,Kharif,Jowar,28505,20138,0.706472549
Rajasthan,ALWAR,2006,Kharif,Maize,7527,12388,1.645808423
Rajasthan,ALWAR,2006,Kharif,Moong(Green Gram),36,13,0.361111111
Rajasthan,ALWAR,2006,Kharif,Moth,13,2,0.153846154
Rajasthan,ALWAR,2006,Kharif,Other Kharif pulses,7,3,0.428571429
Rajasthan,ALWAR,2006,Kharif,Rice,127,200,1.57480315
Rajasthan,ALWAR,2006,Kharif,Sesamum,2608,976,0.374233129
Rajasthan,ALWAR,2006,Kharif,Soyabean,1,1,1
Rajasthan,ALWAR,2006,Kharif,Urad,4,1,0.25
Rajasthan,ALWAR,2006,Rabi,Barley,14233,46311,3.253776435
Rajasthan,ALWAR,2006,Rabi,Gram,11358,13297,1.170716675
Rajasthan,ALWAR,2006,Rabi,Masoor,19,18,0.947368421
Rajasthan,ALWAR,2006,Rabi,Peas & beans (Pulses),47,46,0.978723404
Rajasthan,ALWAR,2006,Rabi,Rapeseed &Mustard,257183,356719,1.387024026
Rajasthan,ALWAR,2006,Rabi,Wheat,180515,641964,3.556291721
Rajasthan,ALWAR,2006,Whole Year,Banana,2,,
Rajasthan,ALWAR,2006,Whole Year,Coriander,37,44,1.189189189
Rajasthan,ALWAR,2006,Whole Year,Dry chillies,403,1168,2.898263027
Rajasthan,ALWAR,2006,Whole Year,Guar seed,24900,28842,1.158313253
Rajasthan,ALWAR,2006,Whole Year,Onion,8800,51669,5.871477273
Rajasthan,ALWAR,2006,Whole Year,Potato,112,352,3.142857143
Rajasthan,ALWAR,2006,Whole Year,Sannhamp,18,6,0.333333333
Rajasthan,ALWAR,2006,Whole Year,Sugarcane,127,7527,59.26771654
Rajasthan,ALWAR,2006,Whole Year,Sweet potato,7,12,1.714285714
Rajasthan,ALWAR,2006,Whole Year,Tobacco,108,118,1.092592593
Rajasthan,ALWAR,2007,Kharif,Arhar/Tur,1172,1208,1.030716724
Rajasthan,ALWAR,2007,Kharif,Bajra,246411,429718,1.743907537
Rajasthan,ALWAR,2007,Kharif,Cotton(lint),2973,1073,0.360914901
Rajasthan,ALWAR,2007,Kharif,Groundnut,1010,1710,1.693069307
Rajasthan,ALWAR,2007,Kharif,Jowar,31535,21874,0.693641985
Rajasthan,ALWAR,2007,Kharif,Maize,7840,13269,1.69247449
Rajasthan,ALWAR,2007,Kharif,Moong(Green Gram),35,14,0.4
Rajasthan,ALWAR,2007,Kharif,Moth,18,6,0.333333333
Rajasthan,ALWAR,2007,Kharif,Other Kharif pulses,15,5,0.333333333
Rajasthan,ALWAR,2007,Kharif,Rice,155,315,2.032258065
Rajasthan,ALWAR,2007,Kharif,Sesamum,2782,1481,0.532350827
Rajasthan,ALWAR,2007,Kharif,Soyabean,1,1,1
Rajasthan,ALWAR,2007,Kharif,Urad,5,3,0.6
Rajasthan,ALWAR,2007,Rabi,Barley,14246,41485,2.912045486
Rajasthan,ALWAR,2007,Rabi,Gram,12723,13814,1.085750216
Rajasthan,ALWAR,2007,Rabi,Masoor,21,15,0.714285714
Rajasthan,ALWAR,2007,Rabi,other oilseeds,373,100,0.268096515
Rajasthan,ALWAR,2007,Rabi,Peas & beans (Pulses),102,168,1.647058824
Rajasthan,ALWAR,2007,Rabi,Rapeseed &Mustard,234517,285842,1.21885407
Rajasthan,ALWAR,2007,Rabi,Wheat,191440,669054,3.494849561
Rajasthan,ALWAR,2007,Whole Year,Banana,4,,
Rajasthan,ALWAR,2007,Whole Year,Coriander,61,47,0.770491803
Rajasthan,ALWAR,2007,Whole Year,Dry chillies,424,749,1.766509434
Rajasthan,ALWAR,2007,Whole Year,Garlic,2,2,1
Rajasthan,ALWAR,2007,Whole Year,Guar seed,34662,39916,1.151578097
Rajasthan,ALWAR,2007,Whole Year,Onion,8656,34466,3.981746765
Rajasthan,ALWAR,2007,Whole Year,Potato,129,551,4.271317829
Rajasthan,ALWAR,2007,Whole Year,Sannhamp,21,29,1.380952381
Rajasthan,ALWAR,2007,Whole Year,Sugarcane,98,3844,39.2244898
Rajasthan,ALWAR,2007,Whole Year,Sweet potato,30,101,3.366666667
Rajasthan,ALWAR,2007,Whole Year,Tobacco,186,105,0.564516129
Rajasthan,ALWAR,2008,Kharif,Arhar/Tur,2207,1844,0.835523335
Rajasthan,ALWAR,2008,Kharif,Bajra,226349,380460,1.68085567
Rajasthan,ALWAR,2008,Kharif,Cotton(lint),2372,949,0.400084317
Rajasthan,ALWAR,2008,Kharif,Groundnut,1663,2262,1.360192423
Rajasthan,ALWAR,2008,Kharif,Jowar,24459,15315,0.626149883
Rajasthan,ALWAR,2008,Kharif,Maize,8351,14901,1.784337205
Rajasthan,ALWAR,2008,Kharif,Moong(Green Gram),32,13,0.40625
Rajasthan,ALWAR,2008,Kharif,Moth,26,7,0.269230769
Rajasthan,ALWAR,2008,Kharif,Other Kharif pulses,4,2,0.5
Rajasthan,ALWAR,2008,Kharif,Rice,265,479,1.80754717
Rajasthan,ALWAR,2008,Kharif,Sesamum,3453,1000,0.289603244
Rajasthan,ALWAR,2008,Kharif,Urad,9,3,0.333333333
Rajasthan,ALWAR,2008,Rabi,Barley,15725,58074,3.693100159
Rajasthan,ALWAR,2008,Rabi,Gram,14301,18391,1.285993986
Rajasthan,ALWAR,2008,Rabi,Masoor,61,53,0.868852459
Rajasthan,ALWAR,2008,Rabi,Other  Rabi pulses,2650,1867,0.704528302
Rajasthan,ALWAR,2008,Rabi,other oilseeds,553,188,0.339963834
Rajasthan,ALWAR,2008,Rabi,Peas & beans (Pulses),139,77,0.553956835
Rajasthan,ALWAR,2008,Rabi,Rapeseed &Mustard,269865,448122,1.660541382
Rajasthan,ALWAR,2008,Rabi,Wheat,170172,688076,4.043414898
Rajasthan,ALWAR,2008,Whole Year,Banana,2,,
Rajasthan,ALWAR,2008,Whole Year,Coriander,27,30,1.111111111
Rajasthan,ALWAR,2008,Whole Year,Dry chillies,273,460,1.684981685
Rajasthan,ALWAR,2008,Whole Year,Garlic,3,2,0.666666667
Rajasthan,ALWAR,2008,Whole Year,Guar seed,37818,43515,1.150642551
Rajasthan,ALWAR,2008,Whole Year,Onion,8481,68733,8.104350902
Rajasthan,ALWAR,2008,Whole Year,Potato,91,800,8.791208791
Rajasthan,ALWAR,2008,Whole Year,Sannhamp,59,61,1.033898305
Rajasthan,ALWAR,2008,Whole Year,Sugarcane,75,3801,50.68
Rajasthan,ALWAR,2008,Whole Year,Sweet potato,28,,
Rajasthan,ALWAR,2008,Whole Year,Tobacco,164,196,1.195121951
Rajasthan,ALWAR,2009,Kharif,Arhar/Tur,2608,792,0.303680982
Rajasthan,ALWAR,2009,Kharif,Bajra,276962,312113,1.126916328
Rajasthan,ALWAR,2009,Kharif,Cotton(lint),4326,1686,0.389736477
Rajasthan,ALWAR,2009,Kharif,Groundnut,1051,2210,2.102759277
Rajasthan,ALWAR,2009,Kharif,Jowar,43288,14734,0.340371466
Rajasthan,ALWAR,2009,Kharif,Maize,7868,6920,0.879511947
Rajasthan,ALWAR,2009,Kharif,Moong(Green Gram),27,1,0.037037037
Rajasthan,ALWAR,2009,Kharif,Moth,13,,
Rajasthan,ALWAR,2009,Kharif,Other Kharif pulses,8,1,0.125
Rajasthan,ALWAR,2009,Kharif,Rice,346,524,1.514450867
Rajasthan,ALWAR,2009,Kharif,Sesamum,4744,1658,0.349494098
Rajasthan,ALWAR,2009,Kharif,Soyabean,1,1,1
Rajasthan,ALWAR,2009,Kharif,Urad,5,1,0.2
Rajasthan,ALWAR,2009,Rabi,Barley,14533,53906,3.709213514
Rajasthan,ALWAR,2009,Rabi,Gram,9941,10828,1.089226436
Rajasthan,ALWAR,2009,Rabi,Masoor,60,54,0.9
Rajasthan,ALWAR,2009,Rabi,Other  Rabi pulses,109,67,0.614678899
Rajasthan,ALWAR,2009,Rabi,other oilseeds,1146,422,0.368237347
Rajasthan,ALWAR,2009,Rabi,Rapeseed &Mustard,251375,392953,1.563214321
Rajasthan,ALWAR,2009,Rabi,Wheat,192800,722874,3.749346473
Rajasthan,ALWAR,2009,Whole Year,Banana,4,,
Rajasthan,ALWAR,2009,Whole Year,Coriander,27,33,1.222222222
Rajasthan,ALWAR,2009,Whole Year,Dry chillies,325,389,1.196923077
Rajasthan,ALWAR,2009,Whole Year,Garlic,5,5,1
Rajasthan,ALWAR,2009,Whole Year,Guar seed,28868,3466,0.120063738
Rajasthan,ALWAR,2009,Whole Year,Onion,7692,71582,9.306032241
Rajasthan,ALWAR,2009,Whole Year,Potato,67,243,3.626865672
Rajasthan,ALWAR,2009,Whole Year,Sannhamp,36,8,0.222222222
Rajasthan,ALWAR,2009,Whole Year,Sugarcane,101,5861,58.02970297
Rajasthan,ALWAR,2009,Whole Year,Sweet potato,20,,
Rajasthan,ALWAR,2009,Whole Year,Tobacco,111,141,1.27027027
Rajasthan,ALWAR,2010,Kharif,Arhar/Tur,5064,4796,0.947077409
Rajasthan,ALWAR,2010,Kharif,Bajra,273147,508361,1.86112606
Rajasthan,ALWAR,2010,Kharif,Cotton(lint),3677,1540,0.41881969
Rajasthan,ALWAR,2010,Kharif,Groundnut,1485,2920,1.966329966
Rajasthan,ALWAR,2010,Kharif,Jowar,31990,20975,0.655673648
Rajasthan,ALWAR,2010,Kharif,Maize,6773,12200,1.801269748
Rajasthan,ALWAR,2010,Kharif,Moong(Green Gram),47,29,0.617021277
Rajasthan,ALWAR,2010,Kharif,Moth,23,11,0.47826087
Rajasthan,ALWAR,2010,Kharif,Other Kharif pulses,9,5,0.555555556
Rajasthan,ALWAR,2010,Kharif,Rice,378,766,2.026455026
Rajasthan,ALWAR,2010,Kharif,Sesamum,3390,1266,0.373451327
Rajasthan,ALWAR,2010,Kharif,Urad,4,3,0.75
Rajasthan,ALWAR,2010,Rabi,Barley,13011,47301,3.635462301
Rajasthan,ALWAR,2010,Rabi,Gram,13667,20643,1.510426575
Rajasthan,ALWAR,2010,Rabi,Linseed,12,13,1.083333333
Rajasthan,ALWAR,2010,Rabi,Masoor,100,87,0.87
Rajasthan,ALWAR,2010,Rabi,Other  Rabi pulses,166,289,1.740963855
Rajasthan,ALWAR,2010,Rabi,other oilseeds,2378,972,0.408746846
Rajasthan,ALWAR,2010,Rabi,Rapeseed &Mustard,252730,426074,1.685886124
Rajasthan,ALWAR,2010,Rabi,Wheat,193992,816059,4.206663161
Rajasthan,ALWAR,2010,Whole Year,Banana,2,,
Rajasthan,ALWAR,2010,Whole Year,Coriander,74,82,1.108108108
Rajasthan,ALWAR,2010,Whole Year,Dry chillies,338,456,1.349112426
Rajasthan,ALWAR,2010,Whole Year,Garlic,3,2,0.666666667
Rajasthan,ALWAR,2010,Whole Year,Guar seed,23399,23806,1.017393906
Rajasthan,ALWAR,2010,Whole Year,Onion,8903,51482,5.782545209
Rajasthan,ALWAR,2010,Whole Year,Potato,133,764,5.744360902
Rajasthan,ALWAR,2010,Whole Year,Sannhamp,15,2,0.133333333
Rajasthan,ALWAR,2010,Whole Year,Sugarcane,36,1410,39.16666667
Rajasthan,ALWAR,2010,Whole Year,Sweet potato,17,65,3.823529412
Rajasthan,ALWAR,2010,Whole Year,Tobacco,145,202,1.393103448
Rajasthan,BANSWARA,1997,Kharif,Arhar/Tur,6100,4300,0.704918033
Rajasthan,BANSWARA,1997,Kharif,Cotton(lint),8300,15882,1.913493976
Rajasthan,BANSWARA,1997,Kharif,Groundnut,100,100,1
Rajasthan,BANSWARA,1997,Kharif,Jowar,1700,800,0.470588235
Rajasthan,BANSWARA,1997,Kharif,Maize,113900,109500,0.961369622
Rajasthan,BANSWARA,1997,Kharif,Onion,100,100,1
Rajasthan,BANSWARA,1997,Kharif,Rice,48100,45400,0.943866944
Rajasthan,BANSWARA,1997,Kharif,Soyabean,7600,9700,1.276315789
Rajasthan,BANSWARA,1997,Kharif,Sugarcane,900,64300,71.44444444
Rajasthan,BANSWARA,1997,Rabi,Barley,2200,4200,1.909090909
Rajasthan,BANSWARA,1997,Rabi,Gram,33100,30400,0.918429003
Rajasthan,BANSWARA,1997,Rabi,Rapeseed &Mustard,100,100,1
Rajasthan,BANSWARA,1997,Rabi,Wheat,74000,125500,1.695945946
Rajasthan,BANSWARA,1998,Kharif,Arhar/Tur,5939,7774,1.308974575
Rajasthan,BANSWARA,1998,Kharif,Bajra,17,7,0.411764706
Rajasthan,BANSWARA,1998,Kharif,Castor seed,32,44,1.375
Rajasthan,BANSWARA,1998,Kharif,Cotton(lint),7992,1425,0.178303303
Rajasthan,BANSWARA,1998,Kharif,Groundnut,86,94,1.093023256
Rajasthan,BANSWARA,1998,Kharif,Jowar,1748,502,0.287185355
Rajasthan,BANSWARA,1998,Kharif,Maize,113035,181226,1.603273322
Rajasthan,BANSWARA,1998,Kharif,Moong(Green Gram),135,14,0.103703704
Rajasthan,BANSWARA,1998,Kharif,Moth,68,8,0.117647059
Rajasthan,BANSWARA,1998,Kharif,Other Kharif pulses,159,35,0.220125786
Rajasthan,BANSWARA,1998,Kharif,Rice,45830,48058,1.048614445
Rajasthan,BANSWARA,1998,Kharif,Sannhamp,637,120,0.188383046
Rajasthan,BANSWARA,1998,Kharif,Sesamum,187,14,0.07486631
Rajasthan,BANSWARA,1998,Kharif,Soyabean,8964,13033,1.453926818
Rajasthan,BANSWARA,1998,Kharif,Urad,36929,10429,0.282406781
Rajasthan,BANSWARA,1998,Rabi,Barley,1996,3944,1.975951904
Rajasthan,BANSWARA,1998,Rabi,Gram,34823,45388,1.303391437
Rajasthan,BANSWARA,1998,Rabi,Linseed,23,13,0.565217391
Rajasthan,BANSWARA,1998,Rabi,Masoor,30,32,1.066666667
Rajasthan,BANSWARA,1998,Rabi,Other  Rabi pulses,7307,5144,0.703982483
Rajasthan,BANSWARA,1998,Rabi,Peas & beans (Pulses),32,23,0.71875
Rajasthan,BANSWARA,1998,Rabi,Rapeseed &Mustard,95,91,0.957894737
Rajasthan,BANSWARA,1998,Rabi,Sunflower,3,1,0.333333333
Rajasthan,BANSWARA,1998,Rabi,Wheat,75995,158511,2.085808277
Rajasthan,BANSWARA,1998,Whole Year,Dry chillies,488,73,0.149590164
Rajasthan,BANSWARA,1998,Whole Year,Garlic,25,12,0.48
Rajasthan,BANSWARA,1998,Whole Year,Onion,134,126,0.940298507
Rajasthan,BANSWARA,1998,Whole Year,Sugarcane,972,48359,49.75205761
Rajasthan,BANSWARA,1998,Whole Year,Sweet potato,5,3,0.6
Rajasthan,BANSWARA,1999,Kharif,Arhar/Tur,5828,1923,0.329958819
Rajasthan,BANSWARA,1999,Kharif,Bajra,41,14,0.341463415
Rajasthan,BANSWARA,1999,Kharif,Castor seed,28,5,0.178571429
Rajasthan,BANSWARA,1999,Kharif,Cotton(lint),8821,2179,0.247024147
Rajasthan,BANSWARA,1999,Kharif,Groundnut,67,65,0.970149254
Rajasthan,BANSWARA,1999,Kharif,Jowar,1009,314,0.311199207
Rajasthan,BANSWARA,1999,Kharif,Maize,116578,129977,1.114935923
Rajasthan,BANSWARA,1999,Kharif,Moong(Green Gram),111,11,0.099099099
Rajasthan,BANSWARA,1999,Kharif,Moth,41,2,0.048780488
Rajasthan,BANSWARA,1999,Kharif,Other Kharif pulses,90,11,0.122222222
Rajasthan,BANSWARA,1999,Kharif,Rice,45290,29946,0.661205564
Rajasthan,BANSWARA,1999,Kharif,Sesamum,308,23,0.074675325
Rajasthan,BANSWARA,1999,Kharif,Small millets,5427,75,0.01381979
Rajasthan,BANSWARA,1999,Kharif,Soyabean,10350,14390,1.390338164
Rajasthan,BANSWARA,1999,Kharif,Sunflower,5,2,0.4
Rajasthan,BANSWARA,1999,Kharif,Urad,33341,10531,0.315857353
Rajasthan,BANSWARA,1999,Rabi,Barley,1400,2827,2.019285714
Rajasthan,BANSWARA,1999,Rabi,Gram,30512,38164,1.250786576
Rajasthan,BANSWARA,1999,Rabi,Linseed,27,18,0.666666667
Rajasthan,BANSWARA,1999,Rabi,Masoor,27,25,0.925925926
Rajasthan,BANSWARA,1999,Rabi,Other  Rabi pulses,4580,3224,0.703930131
Rajasthan,BANSWARA,1999,Rabi,Peas & beans (Pulses),26,18,0.692307692
Rajasthan,BANSWARA,1999,Rabi,Rapeseed &Mustard,117,62,0.52991453
Rajasthan,BANSWARA,1999,Rabi,Wheat,60696,111822,1.842328984
Rajasthan,BANSWARA,1999,Whole Year,Banana,2,,
Rajasthan,BANSWARA,1999,Whole Year,Coriander,1,,
Rajasthan,BANSWARA,1999,Whole Year,Dry chillies,523,78,0.149139579
Rajasthan,BANSWARA,1999,Whole Year,Garlic,12,6,0.5
Rajasthan,BANSWARA,1999,Whole Year,Guar seed,552,189,0.342391304
Rajasthan,BANSWARA,1999,Whole Year,Onion,83,78,0.939759036
Rajasthan,BANSWARA,1999,Whole Year,Potato,2,3,1.5
Rajasthan,BANSWARA,1999,Whole Year,Sannhamp,577,48,0.083188908
Rajasthan,BANSWARA,1999,Whole Year,Sugarcane,1136,47425,41.74735915
Rajasthan,BANSWARA,2000,Kharif,Arhar/Tur,7544,1711,0.226802757
Rajasthan,BANSWARA,2000,Kharif,Bajra,83,37,0.445783133
Rajasthan,BANSWARA,2000,Kharif,Castor seed,60,17,0.283333333
Rajasthan,BANSWARA,2000,Kharif,Cotton(lint),10868,8864,0.815605447
Rajasthan,BANSWARA,2000,Kharif,Groundnut,64,59,0.921875
Rajasthan,BANSWARA,2000,Kharif,Jowar,838,167,0.19928401
Rajasthan,BANSWARA,2000,Kharif,Maize,114863,104805,0.912434814
Rajasthan,BANSWARA,2000,Kharif,Moong(Green Gram),75,13,0.173333333
Rajasthan,BANSWARA,2000,Kharif,Moth,20,3,0.15
Rajasthan,BANSWARA,2000,Kharif,Other Kharif pulses,204,30,0.147058824
Rajasthan,BANSWARA,2000,Kharif,Rice,40589,2386,0.0587844
Rajasthan,BANSWARA,2000,Kharif,Sesamum,533,73,0.1369606
Rajasthan,BANSWARA,2000,Kharif,Small millets,4919,0.1,2.03293E-05
Rajasthan,BANSWARA,2000,Kharif,Soyabean,10853,6673,0.614853036
Rajasthan,BANSWARA,2000,Kharif,Urad,29835,10153,0.340305011
Rajasthan,BANSWARA,2000,Rabi,Barley,1085,1070,0.986175115
Rajasthan,BANSWARA,2000,Rabi,Gram,10633,6428,0.604533057
Rajasthan,BANSWARA,2000,Rabi,Linseed,11,7,0.636363636
Rajasthan,BANSWARA,2000,Rabi,Masoor,5,5,1
Rajasthan,BANSWARA,2000,Rabi,Other  Rabi pulses,512,360,0.703125
Rajasthan,BANSWARA,2000,Rabi,Peas & beans (Pulses),5,4,0.8
Rajasthan,BANSWARA,2000,Rabi,Rapeseed &Mustard,54,50,0.925925926
Rajasthan,BANSWARA,2000,Rabi,Wheat,35623,49590,1.392078152
Rajasthan,BANSWARA,2000,Whole Year,Dry chillies,466,42,0.090128755
Rajasthan,BANSWARA,2000,Whole Year,Garlic,9,4,0.444444444
Rajasthan,BANSWARA,2000,Whole Year,Guar seed,2036,350,0.171905697
Rajasthan,BANSWARA,2000,Whole Year,Onion,41,38,0.926829268
Rajasthan,BANSWARA,2000,Whole Year,Sannhamp,509,23,0.04518664
Rajasthan,BANSWARA,2000,Whole Year,Sugarcane,1014,29115,28.71301775
Rajasthan,BANSWARA,2001,Kharif,Arhar/Tur,6974,2786,0.399483797
Rajasthan,BANSWARA,2001,Kharif,Bajra,107,80,0.747663551
Rajasthan,BANSWARA,2001,Kharif,Castor seed,47,18,0.382978723
Rajasthan,BANSWARA,2001,Kharif,Cotton(lint),11969,10488,0.876263681
Rajasthan,BANSWARA,2001,Kharif,Dry ginger,2,1,0.5
Rajasthan,BANSWARA,2001,Kharif,Groundnut,88,108,1.227272727
Rajasthan,BANSWARA,2001,Kharif,Jowar,996,412,0.413654618
Rajasthan,BANSWARA,2001,Kharif,Maize,123667,165672,1.339662157
Rajasthan,BANSWARA,2001,Kharif,Moong(Green Gram),44,13,0.295454545
Rajasthan,BANSWARA,2001,Kharif,Moth,21,5,0.238095238
Rajasthan,BANSWARA,2001,Kharif,Other Kharif pulses,74,27,0.364864865
Rajasthan,BANSWARA,2001,Kharif,Rice,37606,12917,0.343482423
Rajasthan,BANSWARA,2001,Kharif,Sesamum,577,188,0.325823224
Rajasthan,BANSWARA,2001,Kharif,Small millets,5674,1148,0.202326401
Rajasthan,BANSWARA,2001,Kharif,Soyabean,9435,12418,1.316163222
Rajasthan,BANSWARA,2001,Kharif,Urad,27198,6325,0.232553864
Rajasthan,BANSWARA,2001,Rabi,Barley,1080,2892,2.677777778
Rajasthan,BANSWARA,2001,Rabi,Gram,9983,11117,1.113593108
Rajasthan,BANSWARA,2001,Rabi,Linseed,10,8,0.8
Rajasthan,BANSWARA,2001,Rabi,Masoor,17,16,0.941176471
Rajasthan,BANSWARA,2001,Rabi,Other  Rabi pulses,2159,1520,0.704029643
Rajasthan,BANSWARA,2001,Rabi,Peas & beans (Pulses),4,3,0.75
Rajasthan,BANSWARA,2001,Rabi,Rapeseed &Mustard,115,88,0.765217391
Rajasthan,BANSWARA,2001,Rabi,Wheat,55509,111895,2.01579924
Rajasthan,BANSWARA,2001,Whole Year,Dry chillies,469,174,0.371002132
Rajasthan,BANSWARA,2001,Whole Year,Garlic,7,3,0.428571429
Rajasthan,BANSWARA,2001,Whole Year,Guar seed,1888,1015,0.537605932
Rajasthan,BANSWARA,2001,Whole Year,Onion,56,53,0.946428571
Rajasthan,BANSWARA,2001,Whole Year,Potato,5,10,2
Rajasthan,BANSWARA,2001,Whole Year,Sannhamp,455,85,0.186813187
Rajasthan,BANSWARA,2001,Whole Year,Sugarcane,538,28795,53.52230483
Rajasthan,BANSWARA,2002,Kharif,Arhar/Tur,6082,2158,0.354817494
Rajasthan,BANSWARA,2002,Kharif,Bajra,51,11,0.215686275
Rajasthan,BANSWARA,2002,Kharif,Castor seed,11,,
Rajasthan,BANSWARA,2002,Kharif,Cotton(lint),11968,4576,0.382352941
Rajasthan,BANSWARA,2002,Kharif,Groundnut,58,40,0.689655172
Rajasthan,BANSWARA,2002,Kharif,Jowar,1123,144,0.128227961
Rajasthan,BANSWARA,2002,Kharif,Maize,134222,182899,1.362660369
Rajasthan,BANSWARA,2002,Kharif,Moong(Green Gram),73,5,0.068493151
Rajasthan,BANSWARA,2002,Kharif,Moth,3,,
Rajasthan,BANSWARA,2002,Kharif,Other Kharif pulses,131,18,0.13740458
Rajasthan,BANSWARA,2002,Kharif,Rice,27082,8081,0.298390075
Rajasthan,BANSWARA,2002,Kharif,Sesamum,729,44,0.060356653
Rajasthan,BANSWARA,2002,Kharif,Small millets,6261,565,0.090241176
Rajasthan,BANSWARA,2002,Kharif,Soyabean,8354,14746,1.765142447
Rajasthan,BANSWARA,2002,Kharif,Urad,24086,4395,0.182471145
Rajasthan,BANSWARA,2002,Rabi,Barley,1380,2374,1.720289855
Rajasthan,BANSWARA,2002,Rabi,Gram,8725,5444,0.623954155
Rajasthan,BANSWARA,2002,Rabi,Linseed,24,17,0.708333333
Rajasthan,BANSWARA,2002,Rabi,Masoor,4,4,1
Rajasthan,BANSWARA,2002,Rabi,Other  Rabi pulses,808,14,0.017326733
Rajasthan,BANSWARA,2002,Rabi,Peas & beans (Pulses),4,1,0.25
Rajasthan,BANSWARA,2002,Rabi,Rapeseed &Mustard,110,69,0.627272727
Rajasthan,BANSWARA,2002,Rabi,Wheat,49390,73141,1.480886819
Rajasthan,BANSWARA,2002,Whole Year,Dry chillies,518,130,0.250965251
Rajasthan,BANSWARA,2002,Whole Year,Garlic,157,74,0.47133758
Rajasthan,BANSWARA,2002,Whole Year,Grapes,6,0,0
Rajasthan,BANSWARA,2002,Whole Year,Guar seed,1718,473,0.27532014
Rajasthan,BANSWARA,2002,Whole Year,Onion,79,74,0.936708861
Rajasthan,BANSWARA,2002,Whole Year,Other Fresh Fruits,22,0,0
Rajasthan,BANSWARA,2002,Whole Year,Other Vegetables,306,0,0
Rajasthan,BANSWARA,2002,Whole Year,Papaya,5,25,5
Rajasthan,BANSWARA,2002,Whole Year,Potato,5,7,1.4
Rajasthan,BANSWARA,2002,Whole Year,Sannhamp,388,50,0.128865979
Rajasthan,BANSWARA,2002,Whole Year,Sugarcane,453,22899,50.54966887
Rajasthan,BANSWARA,2003,Kharif,Arhar/Tur,6254,4373,0.699232491
Rajasthan,BANSWARA,2003,Kharif,Bajra,58,66,1.137931034
Rajasthan,BANSWARA,2003,Kharif,Castor seed,14,5,0.357142857
Rajasthan,BANSWARA,2003,Kharif,Cotton(lint),12391,36929,2.980308288
Rajasthan,BANSWARA,2003,Kharif,Groundnut,139,218,1.568345324
Rajasthan,BANSWARA,2003,Kharif,Jowar,1130,804,0.711504425
Rajasthan,BANSWARA,2003,Kharif,Maize,140568,283645,2.017849013
Rajasthan,BANSWARA,2003,Kharif,Moong(Green Gram),114,71,0.622807018
Rajasthan,BANSWARA,2003,Kharif,Other Kharif pulses,112,49,0.4375
Rajasthan,BANSWARA,2003,Kharif,Rice,28631,23750,0.82952045
Rajasthan,BANSWARA,2003,Kharif,Sesamum,939,425,0.452609159
Rajasthan,BANSWARA,2003,Kharif,Small millets,6141,1387,0.225858981
Rajasthan,BANSWARA,2003,Kharif,Soyabean,8126,13099,1.611986217
Rajasthan,BANSWARA,2003,Kharif,Urad,23332,12186,0.522286988
Rajasthan,BANSWARA,2003,Rabi,Barley,1316,2172,1.650455927
Rajasthan,BANSWARA,2003,Rabi,Gram,14611,16455,1.126206283
Rajasthan,BANSWARA,2003,Rabi,Linseed,24,19,0.791666667
Rajasthan,BANSWARA,2003,Rabi,Masoor,19,24,1.263157895
Rajasthan,BANSWARA,2003,Rabi,Other  Rabi pulses,4388,3089,0.70396536
Rajasthan,BANSWARA,2003,Rabi,Peas & beans (Pulses),8,6,0.75
Rajasthan,BANSWARA,2003,Rabi,Rapeseed &Mustard,66,86,1.303030303
Rajasthan,BANSWARA,2003,Rabi,Wheat,69513,140615,2.022859034
Rajasthan,BANSWARA,2003,Whole Year,Banana,2,0,0
Rajasthan,BANSWARA,2003,Whole Year,Coriander,3,4,1.333333333
Rajasthan,BANSWARA,2003,Whole Year,Dry chillies,511,288,0.563600783
Rajasthan,BANSWARA,2003,Whole Year,Garlic,35,16,0.457142857
Rajasthan,BANSWARA,2003,Whole Year,Grapes,4,0,0
Rajasthan,BANSWARA,2003,Whole Year,Guar seed,2000,,
Rajasthan,BANSWARA,2003,Whole Year,Onion,100,94,0.94
Rajasthan,BANSWARA,2003,Whole Year,other fibres,5,0,0
Rajasthan,BANSWARA,2003,Whole Year,Other Fresh Fruits,22,0,0
Rajasthan,BANSWARA,2003,Whole Year,other oilseeds,66,47,0.712121212
Rajasthan,BANSWARA,2003,Whole Year,Other Vegetables,354,0,0
Rajasthan,BANSWARA,2003,Whole Year,Papaya,4,20,5
Rajasthan,BANSWARA,2003,Whole Year,Potato,14,34,2.428571429
Rajasthan,BANSWARA,2003,Whole Year,Sannhamp,487,136,0.27926078
Rajasthan,BANSWARA,2003,Whole Year,Sugarcane,346,21112,61.01734104
Rajasthan,BANSWARA,2004,Kharif,Arhar/Tur,7000,3362,0.480285714
Rajasthan,BANSWARA,2004,Kharif,Bajra,50,32,0.64
Rajasthan,BANSWARA,2004,Kharif,Castor seed,21,8,0.380952381
Rajasthan,BANSWARA,2004,Kharif,Cotton(lint),15656,25141,1.605838017
Rajasthan,BANSWARA,2004,Kharif,Groundnut,181,281,1.552486188
Rajasthan,BANSWARA,2004,Kharif,Jowar,698,324,0.464183381
Rajasthan,BANSWARA,2004,Kharif,Maize,134222,111131,0.827964119
Rajasthan,BANSWARA,2004,Kharif,Moong(Green Gram),118,32,0.271186441
Rajasthan,BANSWARA,2004,Kharif,Moth,5,1,0.2
Rajasthan,BANSWARA,2004,Kharif,Other Kharif pulses,119,31,0.260504202
Rajasthan,BANSWARA,2004,Kharif,Rice,31966,21080,0.659450666
Rajasthan,BANSWARA,2004,Kharif,Sesamum,909,303,0.333333333
Rajasthan,BANSWARA,2004,Kharif,Small millets,5526,1387,0.250995295
Rajasthan,BANSWARA,2004,Kharif,Soyabean,13449,15323,1.139341215
Rajasthan,BANSWARA,2004,Kharif,Urad,19998,4432,0.221622162
Rajasthan,BANSWARA,2004,Rabi,Barley,1748,2740,1.567505721
Rajasthan,BANSWARA,2004,Rabi,Gram,15070,15216,1.009688122
Rajasthan,BANSWARA,2004,Rabi,Linseed,21,16,0.761904762
Rajasthan,BANSWARA,2004,Rabi,Masoor,17,17,1
Rajasthan,BANSWARA,2004,Rabi,Other  Rabi pulses,4103,2889,0.704118937
Rajasthan,BANSWARA,2004,Rabi,Peas & beans (Pulses),5095,3587,0.704023553
Rajasthan,BANSWARA,2004,Rabi,Rapeseed &Mustard,127,104,0.818897638
Rajasthan,BANSWARA,2004,Rabi,Wheat,77545,160663,2.071867948
Rajasthan,BANSWARA,2004,Whole Year,Coriander,1,1,1
Rajasthan,BANSWARA,2004,Whole Year,Dry chillies,370,97,0.262162162
Rajasthan,BANSWARA,2004,Whole Year,Garlic,21,10,0.476190476
Rajasthan,BANSWARA,2004,Whole Year,Guar seed,455,84,0.184615385
Rajasthan,BANSWARA,2004,Whole Year,Onion,70,66,0.942857143
Rajasthan,BANSWARA,2004,Whole Year,Potato,9,13,1.444444444
Rajasthan,BANSWARA,2004,Whole Year,Sannhamp,468,75,0.16025641
Rajasthan,BANSWARA,2004,Whole Year,Sugarcane,231,10358,44.83982684
Rajasthan,BANSWARA,2005,Kharif,Arhar/Tur,7812,4232,0.541730671
Rajasthan,BANSWARA,2005,Kharif,Bajra,101,44,0.435643564
Rajasthan,BANSWARA,2005,Kharif,Castor seed,31,7,0.225806452
Rajasthan,BANSWARA,2005,Kharif,Cotton(lint),14147,31705,2.24111119
Rajasthan,BANSWARA,2005,Kharif,Groundnut,234,362,1.547008547
Rajasthan,BANSWARA,2005,Kharif,Jowar,688,197,0.286337209
Rajasthan,BANSWARA,2005,Kharif,Maize,135439,183591,1.355525366
Rajasthan,BANSWARA,2005,Kharif,Moong(Green Gram),53,8,0.150943396
Rajasthan,BANSWARA,2005,Kharif,Moth,8,1,0.125
Rajasthan,BANSWARA,2005,Kharif,Other Kharif pulses,96,25,0.260416667
Rajasthan,BANSWARA,2005,Kharif,Rice,33179,21774,0.656258477
Rajasthan,BANSWARA,2005,Kharif,Sesamum,763,113,0.148099607
Rajasthan,BANSWARA,2005,Kharif,Small millets,5203,519,0.099750144
Rajasthan,BANSWARA,2005,Kharif,Soyabean,15879,15149,0.954027332
Rajasthan,BANSWARA,2005,Kharif,Urad,18154,9135,0.503194888
Rajasthan,BANSWARA,2005,Rabi,Barley,1221,1822,1.492219492
Rajasthan,BANSWARA,2005,Rabi,Gram,14021,11164,0.79623422
Rajasthan,BANSWARA,2005,Rabi,Linseed,25,21,0.84
Rajasthan,BANSWARA,2005,Rabi,Masoor,29,26,0.896551724
Rajasthan,BANSWARA,2005,Rabi,Other  Rabi pulses,5095,3587,0.704023553
Rajasthan,BANSWARA,2005,Rabi,Peas & beans (Pulses),28,20,0.714285714
Rajasthan,BANSWARA,2005,Rabi,Rapeseed &Mustard,132,112,0.848484848
Rajasthan,BANSWARA,2005,Rabi,Wheat,82190,162053,1.971687553
Rajasthan,BANSWARA,2005,Whole Year,Coriander,6,6,1
Rajasthan,BANSWARA,2005,Whole Year,Dry chillies,394,125,0.317258883
Rajasthan,BANSWARA,2005,Whole Year,Garlic,10,5,0.5
Rajasthan,BANSWARA,2005,Whole Year,Guar seed,1164,444,0.381443299
Rajasthan,BANSWARA,2005,Whole Year,Onion,95,89,0.936842105
Rajasthan,BANSWARA,2005,Whole Year,Potato,2,2,1
Rajasthan,BANSWARA,2005,Whole Year,Sannhamp,410,87,0.212195122
Rajasthan,BANSWARA,2005,Whole Year,Sugarcane,252,13327,52.88492063
Rajasthan,BANSWARA,2006,Kharif,Arhar/Tur,7079,1714,0.242124594
Rajasthan,BANSWARA,2006,Kharif,Bajra,91,64,0.703296703
Rajasthan,BANSWARA,2006,Kharif,Castor seed,2,,
Rajasthan,BANSWARA,2006,Kharif,Cotton(lint),13193,2458,0.186310922
Rajasthan,BANSWARA,2006,Kharif,Groundnut,224,292,1.303571429
Rajasthan,BANSWARA,2006,Kharif,Jowar,566,355,0.627208481
Rajasthan,BANSWARA,2006,Kharif,Maize,144544,53215,0.368157793
Rajasthan,BANSWARA,2006,Kharif,Moong(Green Gram),56,20,0.357142857
Rajasthan,BANSWARA,2006,Kharif,Moth,4,1,0.25
Rajasthan,BANSWARA,2006,Kharif,Other Kharif pulses,76,22,0.289473684
Rajasthan,BANSWARA,2006,Kharif,Rice,33252,18756,0.564056297
Rajasthan,BANSWARA,2006,Kharif,Sesamum,569,185,0.32513181
Rajasthan,BANSWARA,2006,Kharif,Small millets,4959,217,0.043758822
Rajasthan,BANSWARA,2006,Kharif,Soyabean,17704,14654,0.827722549
Rajasthan,BANSWARA,2006,Kharif,Urad,15412,3086,0.200233584
Rajasthan,BANSWARA,2006,Rabi,Barley,1298,2383,1.835901387
Rajasthan,BANSWARA,2006,Rabi,Gram,15118,14957,0.989350443
Rajasthan,BANSWARA,2006,Rabi,Linseed,21,17,0.80952381
Rajasthan,BANSWARA,2006,Rabi,Masoor,39,36,0.923076923
Rajasthan,BANSWARA,2006,Rabi,Other  Rabi pulses,9094,5342,0.587420277
Rajasthan,BANSWARA,2006,Rabi,Peas & beans (Pulses),4,6,1.5
Rajasthan,BANSWARA,2006,Rabi,Rapeseed &Mustard,134,119,0.888059701
Rajasthan,BANSWARA,2006,Rabi,Wheat,85835,160011,1.864169628
Rajasthan,BANSWARA,2006,Whole Year,Coriander,3,4,1.333333333
Rajasthan,BANSWARA,2006,Whole Year,Dry chillies,333,18,0.054054054
Rajasthan,BANSWARA,2006,Whole Year,Garlic,2,1,0.5
Rajasthan,BANSWARA,2006,Whole Year,Guar seed,1268,98,0.077287066
Rajasthan,BANSWARA,2006,Whole Year,Onion,48,45,0.9375
Rajasthan,BANSWARA,2006,Whole Year,Potato,1,1,1
Rajasthan,BANSWARA,2006,Whole Year,Sannhamp,424,26,0.061320755
Rajasthan,BANSWARA,2006,Whole Year,Sugarcane,287,16334,56.91289199
Rajasthan,BANSWARA,2006,Whole Year,Tobacco,1,,
Rajasthan,BANSWARA,2007,Kharif,Arhar/Tur,6571,4623,0.703545883
Rajasthan,BANSWARA,2007,Kharif,Bajra,124,103,0.830645161
Rajasthan,BANSWARA,2007,Kharif,Castor seed,1,,
Rajasthan,BANSWARA,2007,Kharif,Cotton(lint),11365,3219,0.283238011
Rajasthan,BANSWARA,2007,Kharif,Dry ginger,1,,
Rajasthan,BANSWARA,2007,Kharif,Groundnut,219,377,1.721461187
Rajasthan,BANSWARA,2007,Kharif,Jowar,360,207,0.575
Rajasthan,BANSWARA,2007,Kharif,Maize,143437,209054,1.457462161
Rajasthan,BANSWARA,2007,Kharif,Moong(Green Gram),17,7,0.411764706
Rajasthan,BANSWARA,2007,Kharif,Other Kharif pulses,74,35,0.472972973
Rajasthan,BANSWARA,2007,Kharif,Rice,35853,46686,1.302150448
Rajasthan,BANSWARA,2007,Kharif,Sesamum,486,196,0.403292181
Rajasthan,BANSWARA,2007,Kharif,Small millets,4677,1319,0.282018388
Rajasthan,BANSWARA,2007,Kharif,Soyabean,22411,25011,1.116014457
Rajasthan,BANSWARA,2007,Kharif,Urad,15098,7516,0.49781428
Rajasthan,BANSWARA,2007,Rabi,Barley,1257,2067,1.644391408
Rajasthan,BANSWARA,2007,Rabi,Gram,16205,18068,1.114964517
Rajasthan,BANSWARA,2007,Rabi,Linseed,16,12,0.75
Rajasthan,BANSWARA,2007,Rabi,Masoor,47,33,0.70212766
Rajasthan,BANSWARA,2007,Rabi,Other  Rabi pulses,8758,4738,0.540991094
Rajasthan,BANSWARA,2007,Rabi,other oilseeds,45,12,0.266666667
Rajasthan,BANSWARA,2007,Rabi,Peas & beans (Pulses),8,6,0.75
Rajasthan,BANSWARA,2007,Rabi,Rapeseed &Mustard,86,82,0.953488372
Rajasthan,BANSWARA,2007,Rabi,Wheat,90801,183398,2.019779518
Rajasthan,BANSWARA,2007,Whole Year,Dry chillies,358,201,0.561452514
Rajasthan,BANSWARA,2007,Whole Year,Garlic,1,,
Rajasthan,BANSWARA,2007,Whole Year,Guar seed,779,548,0.703465982
Rajasthan,BANSWARA,2007,Whole Year,Onion,114,107,0.938596491
Rajasthan,BANSWARA,2007,Whole Year,Potato,3,4,1.333333333
Rajasthan,BANSWARA,2007,Whole Year,Sannhamp,434,122,0.281105991
Rajasthan,BANSWARA,2007,Whole Year,Sugarcane,352,19524,55.46590909
Rajasthan,BANSWARA,2008,Kharif,Arhar/Tur,6199,3768,0.607839974
Rajasthan,BANSWARA,2008,Kharif,Bajra,94,78,0.829787234
Rajasthan,BANSWARA,2008,Kharif,Castor seed,5,1,0.2
Rajasthan,BANSWARA,2008,Kharif,Cotton(lint),10390,2476,0.238306064
Rajasthan,BANSWARA,2008,Kharif,Dry ginger,13,4,0.307692308
Rajasthan,BANSWARA,2008,Kharif,Groundnut,239,398,1.665271967
Rajasthan,BANSWARA,2008,Kharif,Jowar,454,307,0.676211454
Rajasthan,BANSWARA,2008,Kharif,Maize,131187,279075,2.127306822
Rajasthan,BANSWARA,2008,Kharif,Moong(Green Gram),18,8,0.444444444
Rajasthan,BANSWARA,2008,Kharif,Other Kharif pulses,91,48,0.527472527
Rajasthan,BANSWARA,2008,Kharif,Rice,31530,12376,0.392515065
Rajasthan,BANSWARA,2008,Kharif,Sesamum,455,133,0.292307692
Rajasthan,BANSWARA,2008,Kharif,Small millets,4282,60,0.014012144
Rajasthan,BANSWARA,2008,Kharif,Soyabean,23953,16776,0.700371561
Rajasthan,BANSWARA,2008,Kharif,Urad,12244,3459,0.282505717
Rajasthan,BANSWARA,2008,Rabi,Barley,1026,951,0.926900585
Rajasthan,BANSWARA,2008,Rabi,Gram,12386,9264,0.747941224
Rajasthan,BANSWARA,2008,Rabi,Linseed,35,13,0.371428571
Rajasthan,BANSWARA,2008,Rabi,Masoor,5,4,0.8
Rajasthan,BANSWARA,2008,Rabi,Other  Rabi pulses,59,79,1.338983051
Rajasthan,BANSWARA,2008,Rabi,other oilseeds,33,12,0.363636364
Rajasthan,BANSWARA,2008,Rabi,Rapeseed &Mustard,70,89,1.271428571
Rajasthan,BANSWARA,2008,Rabi,Wheat,76116,118511,1.556978822
Rajasthan,BANSWARA,2008,Whole Year,Dry chillies,370,112,0.302702703
Rajasthan,BANSWARA,2008,Whole Year,Garlic,1,,
Rajasthan,BANSWARA,2008,Whole Year,Onion,52,49,0.942307692
Rajasthan,BANSWARA,2008,Whole Year,Sannhamp,342,80,0.233918129
Rajasthan,BANSWARA,2008,Whole Year,Sugarcane,228,8493,37.25
Rajasthan,BANSWARA,2009,Kharif,Arhar/Tur,5843,1425,0.243881568
Rajasthan,BANSWARA,2009,Kharif,Bajra,169,67,0.396449704
Rajasthan,BANSWARA,2009,Kharif,Castor seed,5,2,0.4
Rajasthan,BANSWARA,2009,Kharif,Cotton(lint),11021,3304,0.299791308
Rajasthan,BANSWARA,2009,Kharif,Groundnut,233,253,1.08583691
Rajasthan,BANSWARA,2009,Kharif,Jowar,447,350,0.782997763
Rajasthan,BANSWARA,2009,Kharif,Maize,142326,134358,0.944015851
Rajasthan,BANSWARA,2009,Kharif,Moong(Green Gram),13,1,0.076923077
Rajasthan,BANSWARA,2009,Kharif,Other Kharif pulses,43,4,0.093023256
Rajasthan,BANSWARA,2009,Kharif,Rice,28142,11416,0.405657025
Rajasthan,BANSWARA,2009,Kharif,Sesamum,503,82,0.163021869
Rajasthan,BANSWARA,2009,Kharif,Small millets,4688,215,0.045861775
Rajasthan,BANSWARA,2009,Kharif,Soyabean,18958,15404,0.812532968
Rajasthan,BANSWARA,2009,Kharif,Urad,11709,3395,0.289947903
Rajasthan,BANSWARA,2009,Rabi,Barley,934,1332,1.426124197
Rajasthan,BANSWARA,2009,Rabi,Gram,12904,15575,1.206990081
Rajasthan,BANSWARA,2009,Rabi,Masoor,11,10,0.909090909
Rajasthan,BANSWARA,2009,Rabi,Other  Rabi pulses,2793,1968,0.70461869
Rajasthan,BANSWARA,2009,Rabi,other oilseeds,41,15,0.365853659
Rajasthan,BANSWARA,2009,Rabi,Rapeseed &Mustard,89,117,1.314606742
Rajasthan,BANSWARA,2009,Rabi,Wheat,80466,161762,2.010314916
Rajasthan,BANSWARA,2009,Whole Year,Banana,5,,
Rajasthan,BANSWARA,2009,Whole Year,Dry chillies,372,35,0.094086022
Rajasthan,BANSWARA,2009,Whole Year,Garlic,3,2,0.666666667
Rajasthan,BANSWARA,2009,Whole Year,Guar seed,757,131,0.173051519
Rajasthan,BANSWARA,2009,Whole Year,Onion,66,62,0.939393939
Rajasthan,BANSWARA,2009,Whole Year,Potato,1,1,1
Rajasthan,BANSWARA,2009,Whole Year,Sannhamp,374,31,0.082887701
Rajasthan,BANSWARA,2009,Whole Year,Sugarcane,140,6362,45.44285714
Rajasthan,BANSWARA,2010,Kharif,Arhar/Tur,6025,2954,0.490290456
Rajasthan,BANSWARA,2010,Kharif,Bajra,171,190,1.111111111
Rajasthan,BANSWARA,2010,Kharif,Castor seed,31,6,0.193548387
Rajasthan,BANSWARA,2010,Kharif,Cotton(lint),11308,4318,0.381853555
Rajasthan,BANSWARA,2010,Kharif,Groundnut,189,372,1.968253968
Rajasthan,BANSWARA,2010,Kharif,Jowar,526,368,0.699619772
Rajasthan,BANSWARA,2010,Kharif,Maize,144715,298984,2.066019417
Rajasthan,BANSWARA,2010,Kharif,Moong(Green Gram),4,2,0.5
Rajasthan,BANSWARA,2010,Kharif,Other Kharif pulses,33,17,0.515151515
Rajasthan,BANSWARA,2010,Kharif,Rice,27027,17610,0.651570652
Rajasthan,BANSWARA,2010,Kharif,Sesamum,657,268,0.407914764
Rajasthan,BANSWARA,2010,Kharif,Small millets,4504,588,0.130550622
Rajasthan,BANSWARA,2010,Kharif,Soyabean,19030,18316,0.962480294
Rajasthan,BANSWARA,2010,Kharif,Urad,11104,4693,0.42264049
Rajasthan,BANSWARA,2010,Rabi,Barley,859,2448,2.849825378
Rajasthan,BANSWARA,2010,Rabi,Gram,13828,10763,0.778348279
Rajasthan,BANSWARA,2010,Rabi,Linseed,31,11,0.35483871
Rajasthan,BANSWARA,2010,Rabi,Masoor,1,1,1
Rajasthan,BANSWARA,2010,Rabi,Other  Rabi pulses,2612,1839,0.704058193
Rajasthan,BANSWARA,2010,Rabi,other oilseeds,29,12,0.413793103
Rajasthan,BANSWARA,2010,Rabi,Rapeseed &Mustard,111,173,1.558558559
Rajasthan,BANSWARA,2010,Rabi,Wheat,86052,176322,2.049016874
Rajasthan,BANSWARA,2010,Whole Year,Dry chillies,393,142,0.361323155
Rajasthan,BANSWARA,2010,Whole Year,Garlic,6,3,0.5
Rajasthan,BANSWARA,2010,Whole Year,Guar seed,770,398,0.516883117
Rajasthan,BANSWARA,2010,Whole Year,Onion,50,47,0.94
Rajasthan,BANSWARA,2010,Whole Year,Sannhamp,320,40,0.125
Rajasthan,BANSWARA,2010,Whole Year,Sugarcane,132,7040,53.33333333
Rajasthan,BARAN,1997,Kharif,Arhar/Tur,100,100,1
Rajasthan,BARAN,1997,Kharif,Bajra,2100,1100,0.523809524
Rajasthan,BARAN,1997,Kharif,Groundnut,2500,2500,1
Rajasthan,BARAN,1997,Kharif,Jowar,12100,13300,1.099173554
Rajasthan,BARAN,1997,Kharif,Maize,18600,20400,1.096774194
Rajasthan,BARAN,1997,Kharif,Rice,1200,1300,1.083333333
Rajasthan,BARAN,1997,Kharif,Sesamum,500,100,0.2
Rajasthan,BARAN,1997,Kharif,Soyabean,108100,140300,1.29787234
Rajasthan,BARAN,1997,Kharif,Sugarcane,200,14900,74.5
Rajasthan,BARAN,1997,Rabi,Barley,800,1600,2
Rajasthan,BARAN,1997,Rabi,Gram,16700,14100,0.844311377
Rajasthan,BARAN,1997,Rabi,Linseed,1700,1000,0.588235294
Rajasthan,BARAN,1997,Rabi,Rapeseed &Mustard,112000,69500,0.620535714
Rajasthan,BARAN,1997,Rabi,Wheat,77200,127900,1.656735751
Rajasthan,BARAN,1997,Whole Year,Potato,100,600,6
Rajasthan,BARAN,1998,Kharif,Arhar/Tur,136,180,1.323529412
Rajasthan,BARAN,1998,Kharif,Bajra,2226,958,0.430368374
Rajasthan,BARAN,1998,Kharif,Castor seed,5,7,1.4
Rajasthan,BARAN,1998,Kharif,Groundnut,2689,2532,0.941613983
Rajasthan,BARAN,1998,Kharif,Jowar,6650,6724,1.01112782
Rajasthan,BARAN,1998,Kharif,Maize,19000,27529,1.448894737
Rajasthan,BARAN,1998,Kharif,Moong(Green Gram),970,101,0.104123711
Rajasthan,BARAN,1998,Kharif,Other Kharif pulses,13,3,0.230769231
Rajasthan,BARAN,1998,Kharif,Rice,1438,1386,0.963838665
Rajasthan,BARAN,1998,Kharif,Sannhamp,63,108,1.714285714
Rajasthan,BARAN,1998,Kharif,Sesamum,612,45,0.073529412
Rajasthan,BARAN,1998,Kharif,Soyabean,156870,201313,1.283311022
Rajasthan,BARAN,1998,Kharif,Urad,2002,637,0.318181818
Rajasthan,BARAN,1998,Rabi,Barley,658,1300,1.975683891
Rajasthan,BARAN,1998,Rabi,Gram,24177,17238,0.712991686
Rajasthan,BARAN,1998,Rabi,Linseed,2102,1178,0.560418649
Rajasthan,BARAN,1998,Rabi,Masoor,546,426,0.78021978
Rajasthan,BARAN,1998,Rabi,Other  Rabi pulses,34,23,0.676470588
Rajasthan,BARAN,1998,Rabi,Peas & beans (Pulses),612,1090,1.781045752
Rajasthan,BARAN,1998,Rabi,Rapeseed &Mustard,89743,83356,0.928830104
Rajasthan,BARAN,1998,Rabi,Sunflower,25,12,0.48
Rajasthan,BARAN,1998,Rabi,Tobacco,1,,
Rajasthan,BARAN,1998,Rabi,Wheat,93629,159790,1.706629356
Rajasthan,BARAN,1998,Whole Year,Coriander,72967,75594,1.036002577
Rajasthan,BARAN,1998,Whole Year,Dry chillies,269,447,1.661710037
Rajasthan,BARAN,1998,Whole Year,Garlic,1493,3744,2.507702612
Rajasthan,BARAN,1998,Whole Year,Onion,57,425,7.456140351
Rajasthan,BARAN,1998,Whole Year,Potato,83,473,5.698795181
Rajasthan,BARAN,1998,Whole Year,Sugarcane,202,10907,53.9950495
Rajasthan,BARAN,1998,Whole Year,Sweet potato,31,48,1.548387097
Rajasthan,BARAN,1999,Kharif,Arhar/Tur,94,56,0.595744681
Rajasthan,BARAN,1999,Kharif,Bajra,1702,580,0.340775558
Rajasthan,BARAN,1999,Kharif,Groundnut,1795,1210,0.674094708
Rajasthan,BARAN,1999,Kharif,Jowar,4273,3374,0.789609174
Rajasthan,BARAN,1999,Kharif,Maize,19408,26631,1.372166117
Rajasthan,BARAN,1999,Kharif,Moong(Green Gram),187,19,0.101604278
Rajasthan,BARAN,1999,Kharif,Other Kharif pulses,6,1,0.166666667
Rajasthan,BARAN,1999,Kharif,Rice,2922,1730,0.592060233
Rajasthan,BARAN,1999,Kharif,Sesamum,691,51,0.073806078
Rajasthan,BARAN,1999,Kharif,Small millets,2,1,0.5
Rajasthan,BARAN,1999,Kharif,Soyabean,77684,77708,1.000308944
Rajasthan,BARAN,1999,Kharif,Urad,831,235,0.282791817
Rajasthan,BARAN,1999,Rabi,Barley,564,1139,2.019503546
Rajasthan,BARAN,1999,Rabi,Gram,15456,10742,0.695005176
Rajasthan,BARAN,1999,Rabi,Linseed,1337,1003,0.750186986
Rajasthan,BARAN,1999,Rabi,Masoor,361,452,1.252077562
Rajasthan,BARAN,1999,Rabi,Other  Rabi pulses,104,70,0.673076923
Rajasthan,BARAN,1999,Rabi,Peas & beans (Pulses),259,452,1.745173745
Rajasthan,BARAN,1999,Rabi,Rapeseed &Mustard,136953,153129,1.118113513
Rajasthan,BARAN,1999,Rabi,Wheat,88542,240958,2.721397755
Rajasthan,BARAN,1999,Whole Year,Coriander,44889,60521,1.348236762
Rajasthan,BARAN,1999,Whole Year,Dry chillies,300,605,2.016666667
Rajasthan,BARAN,1999,Whole Year,Garlic,2436,8985,3.688423645
Rajasthan,BARAN,1999,Whole Year,Onion,58,487,8.396551724
Rajasthan,BARAN,1999,Whole Year,Potato,101,1346,13.32673267
Rajasthan,BARAN,1999,Whole Year,Sannhamp,22,38,1.727272727
Rajasthan,BARAN,1999,Whole Year,Sugarcane,116,7032,60.62068966
Rajasthan,BARAN,1999,Whole Year,Sweet potato,27,58,2.148148148
Rajasthan,BARAN,1999,Whole Year,Tapioca,4,3,0.75
Rajasthan,BARAN,2000,Kharif,Arhar/Tur,214,76,0.355140187
Rajasthan,BARAN,2000,Kharif,Bajra,1848,816,0.441558442
Rajasthan,BARAN,2000,Kharif,Castor seed,4,1,0.25
Rajasthan,BARAN,2000,Kharif,Dry ginger,1,1,1
Rajasthan,BARAN,2000,Kharif,Groundnut,971,961,0.989701339
Rajasthan,BARAN,2000,Kharif,Jowar,7764,5848,0.75321999
Rajasthan,BARAN,2000,Kharif,Maize,19892,45105,2.26749447
Rajasthan,BARAN,2000,Kharif,Moong(Green Gram),291,50,0.171821306
Rajasthan,BARAN,2000,Kharif,Other Kharif pulses,12,2,0.166666667
Rajasthan,BARAN,2000,Kharif,Rice,3215,2618,0.814307932
Rajasthan,BARAN,2000,Kharif,Sesamum,1012,139,0.137351779
Rajasthan,BARAN,2000,Kharif,Small millets,13,0.1,0.007692308
Rajasthan,BARAN,2000,Kharif,Soyabean,149286,120467,0.806954436
Rajasthan,BARAN,2000,Kharif,Sunflower,1,1,1
Rajasthan,BARAN,2000,Kharif,Urad,683,196,0.286969253
Rajasthan,BARAN,2000,Rabi,Barley,706,1282,1.815864023
Rajasthan,BARAN,2000,Rabi,Gram,15501,14363,0.926585382
Rajasthan,BARAN,2000,Rabi,Linseed,2262,1801,0.796198055
Rajasthan,BARAN,2000,Rabi,Masoor,407,402,0.987714988
Rajasthan,BARAN,2000,Rabi,Other  Rabi pulses,37,28,0.756756757
Rajasthan,BARAN,2000,Rabi,Peas & beans (Pulses),432,558,1.291666667
Rajasthan,BARAN,2000,Rabi,Rapeseed &Mustard,83625,113173,1.353339312
Rajasthan,BARAN,2000,Rabi,Wheat,89194,186595,2.092012916
Rajasthan,BARAN,2000,Whole Year,Banana,1,,
Rajasthan,BARAN,2000,Whole Year,Coriander,61900,87937,1.420630048
Rajasthan,BARAN,2000,Whole Year,Dry chillies,292,248,0.849315068
Rajasthan,BARAN,2000,Whole Year,Garlic,2320,9883,4.259913793
Rajasthan,BARAN,2000,Whole Year,Onion,52,267,5.134615385
Rajasthan,BARAN,2000,Whole Year,Potato,70,522,7.457142857
Rajasthan,BARAN,2000,Whole Year,Sannhamp,71,40,0.563380282
Rajasthan,BARAN,2000,Whole Year,Sugarcane,129,5898,45.72093023
Rajasthan,BARAN,2000,Whole Year,Sweet potato,13,14,1.076923077
Rajasthan,BARAN,2001,Kharif,Arhar/Tur,176,46,0.261363636
Rajasthan,BARAN,2001,Kharif,Bajra,2110,1571,0.744549763
Rajasthan,BARAN,2001,Kharif,Castor seed,2,0,0
Rajasthan,BARAN,2001,Kharif,Dry ginger,5,5,1
Rajasthan,BARAN,2001,Kharif,Groundnut,1484,1474,0.993261456
Rajasthan,BARAN,2001,Kharif,Jowar,8692,10188,1.172112287
Rajasthan,BARAN,2001,Kharif,Maize,23906,35666,1.491926713
Rajasthan,BARAN,2001,Kharif,Moong(Green Gram),200,59,0.295
Rajasthan,BARAN,2001,Kharif,Other Kharif pulses,4,1,0.25
Rajasthan,BARAN,2001,Kharif,Rice,4792,7422,1.548831386
Rajasthan,BARAN,2001,Kharif,Sesamum,1498,489,0.326435247
Rajasthan,BARAN,2001,Kharif,Soyabean,138359,155254,1.122109874
Rajasthan,BARAN,2001,Kharif,Urad,2767,1002,0.362125045
Rajasthan,BARAN,2001,Rabi,Barley,439,1129,2.571753986
Rajasthan,BARAN,2001,Rabi,Gram,17406,20762,1.192807078
Rajasthan,BARAN,2001,Rabi,Linseed,720,672,0.933333333
Rajasthan,BARAN,2001,Rabi,Masoor,226,279,1.234513274
Rajasthan,BARAN,2001,Rabi,Other  Rabi pulses,62,46,0.741935484
Rajasthan,BARAN,2001,Rabi,Peas & beans (Pulses),304,482,1.585526316
Rajasthan,BARAN,2001,Rabi,Rapeseed &Mustard,89475,121883,1.362201732
Rajasthan,BARAN,2001,Rabi,Wheat,67650,211353,3.12421286
Rajasthan,BARAN,2001,Whole Year,Coriander,80943,121869,1.505615062
Rajasthan,BARAN,2001,Whole Year,Dry chillies,298,212,0.711409396
Rajasthan,BARAN,2001,Whole Year,Garlic,2702,13851,5.126202813
Rajasthan,BARAN,2001,Whole Year,Onion,28,116,4.142857143
Rajasthan,BARAN,2001,Whole Year,Potato,41,276,6.731707317
Rajasthan,BARAN,2001,Whole Year,Sannhamp,40,23,0.575
Rajasthan,BARAN,2001,Whole Year,Sugarcane,97,3882,40.02061856
Rajasthan,BARAN,2001,Whole Year,Sweet potato,12,7,0.583333333
Rajasthan,BARAN,2002,Kharif,Arhar/Tur,52,9,0.173076923
Rajasthan,BARAN,2002,Kharif,Bajra,3349,748,0.223350254
Rajasthan,BARAN,2002,Kharif,Dry ginger,4,2,0.5
Rajasthan,BARAN,2002,Kharif,Groundnut,1486,35,0.023553163
Rajasthan,BARAN,2002,Kharif,Jowar,6399,1311,0.204875762
Rajasthan,BARAN,2002,Kharif,Maize,27884,34719,1.245122651
Rajasthan,BARAN,2002,Kharif,Moong(Green Gram),179,11,0.061452514
Rajasthan,BARAN,2002,Kharif,Other Kharif pulses,10,1,0.1
Rajasthan,BARAN,2002,Kharif,Rice,1611,1758,1.091247672
Rajasthan,BARAN,2002,Kharif,Sesamum,1212,72,0.059405941
Rajasthan,BARAN,2002,Kharif,Soyabean,66317,17766,0.26789511
Rajasthan,BARAN,2002,Kharif,Urad,5632,,
Rajasthan,BARAN,2002,Rabi,Barley,362,843,2.328729282
Rajasthan,BARAN,2002,Rabi,Gram,7309,17169,2.349021754
Rajasthan,BARAN,2002,Rabi,Linseed,149,154,1.033557047
Rajasthan,BARAN,2002,Rabi,Masoor,53,71,1.339622642
Rajasthan,BARAN,2002,Rabi,Other  Rabi pulses,21,0,0
Rajasthan,BARAN,2002,Rabi,Peas & beans (Pulses),138,256,1.855072464
Rajasthan,BARAN,2002,Rabi,Rapeseed &Mustard,20088,25457,1.267273994
Rajasthan,BARAN,2002,Rabi,Wheat,39064,121097,3.099964161
Rajasthan,BARAN,2002,Whole Year,Citrus Fruit,129,0,0
Rajasthan,BARAN,2002,Whole Year,Coriander,45544,51684,1.134814685
Rajasthan,BARAN,2002,Whole Year,Dry chillies,237,130,0.548523207
Rajasthan,BARAN,2002,Whole Year,Garlic,3727,19903,5.340220016
Rajasthan,BARAN,2002,Whole Year,Mango,236,0,0
Rajasthan,BARAN,2002,Whole Year,Onion,21,114,5.428571429
Rajasthan,BARAN,2002,Whole Year,Other Fresh Fruits,26,0,0
Rajasthan,BARAN,2002,Whole Year,Other Vegetables,1036,0,0
Rajasthan,BARAN,2002,Whole Year,Papaya,22,0,0
Rajasthan,BARAN,2002,Whole Year,Pome Fruit,116,0,0
Rajasthan,BARAN,2002,Whole Year,Potato,27,154,5.703703704
Rajasthan,BARAN,2002,Whole Year,Sannhamp,58,5,0.086206897
Rajasthan,BARAN,2002,Whole Year,Sugarcane,59,2868,48.61016949
Rajasthan,BARAN,2002,Whole Year,Sweet potato,9,1,0.111111111
Rajasthan,BARAN,2003,Kharif,Arhar/Tur,33,15,0.454545455
Rajasthan,BARAN,2003,Kharif,Bajra,5008,5692,1.13658147
Rajasthan,BARAN,2003,Kharif,Castor seed,13,17,1.307692308
Rajasthan,BARAN,2003,Kharif,Dry ginger,2,4,2
Rajasthan,BARAN,2003,Kharif,Groundnut,797,977,1.225846926
Rajasthan,BARAN,2003,Kharif,Jowar,16036,17886,1.115365428
Rajasthan,BARAN,2003,Kharif,Maize,41481,51976,1.253007401
Rajasthan,BARAN,2003,Kharif,Moong(Green Gram),140,87,0.621428571
Rajasthan,BARAN,2003,Kharif,Other Kharif pulses,6,3,0.5
Rajasthan,BARAN,2003,Kharif,Rice,1813,3616,1.99448428
Rajasthan,BARAN,2003,Kharif,Sesamum,2471,1119,0.452853096
Rajasthan,BARAN,2003,Kharif,Soyabean,91351,124456,1.362393406
Rajasthan,BARAN,2003,Kharif,Urad,2701,1929,0.714179933
Rajasthan,BARAN,2003,Rabi,Barley,319,717,2.247648903
Rajasthan,BARAN,2003,Rabi,Gram,6666,8313,1.247074707
Rajasthan,BARAN,2003,Rabi,Linseed,275,311,1.130909091
Rajasthan,BARAN,2003,Rabi,Masoor,170,210,1.235294118
Rajasthan,BARAN,2003,Rabi,Other  Rabi pulses,18,0,0
Rajasthan,BARAN,2003,Rabi,Peas & beans (Pulses),191,270,1.413612565
Rajasthan,BARAN,2003,Rabi,Rapeseed &Mustard,125986,181241,1.438580477
Rajasthan,BARAN,2003,Rabi,Wheat,55314,132471,2.394890986
Rajasthan,BARAN,2003,Whole Year,Citrus Fruit,147,0,0
Rajasthan,BARAN,2003,Whole Year,Coriander,84147,131438,1.562004587
Rajasthan,BARAN,2003,Whole Year,Dry chillies,245,311,1.269387755
Rajasthan,BARAN,2003,Whole Year,Garlic,3108,52604,16.92535393
Rajasthan,BARAN,2003,Whole Year,Guar seed,63,,
Rajasthan,BARAN,2003,Whole Year,Mango,210,0,0
Rajasthan,BARAN,2003,Whole Year,Onion,32,128,4
Rajasthan,BARAN,2003,Whole Year,Other Fresh Fruits,26,0,0
Rajasthan,BARAN,2003,Whole Year,other oilseeds,2497,4661,1.866639968
Rajasthan,BARAN,2003,Whole Year,Other Vegetables,1114,0,0
Rajasthan,BARAN,2003,Whole Year,Papaya,20,0,0
Rajasthan,BARAN,2003,Whole Year,Pome Fruit,114,0,0
Rajasthan,BARAN,2003,Whole Year,Potato,36,142,3.944444444
Rajasthan,BARAN,2003,Whole Year,Sannhamp,11,5,0.454545455
Rajasthan,BARAN,2003,Whole Year,Sugarcane,16,906,56.625
Rajasthan,BARAN,2003,Whole Year,Sweet potato,4,5,1.25
Rajasthan,BARAN,2003,Whole Year,Water Melon,44,0,0
Rajasthan,BARAN,2004,Kharif,Arhar/Tur,23,13,0.565217391
Rajasthan,BARAN,2004,Kharif,Bajra,2428,1593,0.656095552
Rajasthan,BARAN,2004,Kharif,Castor seed,1,1,1
Rajasthan,BARAN,2004,Kharif,Dry ginger,4,16,4
Rajasthan,BARAN,2004,Kharif,Groundnut,642,722,1.124610592
Rajasthan,BARAN,2004,Kharif,Jowar,2454,3974,1.619396903
Rajasthan,BARAN,2004,Kharif,Maize,30039,42458,1.413429209
Rajasthan,BARAN,2004,Kharif,Moong(Green Gram),71,19,0.267605634
Rajasthan,BARAN,2004,Kharif,Other Kharif pulses,2,1,0.5
Rajasthan,BARAN,2004,Kharif,Rice,1860,4552,2.447311828
Rajasthan,BARAN,2004,Kharif,Sesamum,2837,944,0.332745858
Rajasthan,BARAN,2004,Kharif,Soyabean,120487,229364,1.903641057
Rajasthan,BARAN,2004,Kharif,Urad,844,320,0.379146919
Rajasthan,BARAN,2004,Rabi,Barley,192,457,2.380208333
Rajasthan,BARAN,2004,Rabi,Gram,3164,3358,1.061314791
Rajasthan,BARAN,2004,Rabi,Linseed,158,155,0.981012658
Rajasthan,BARAN,2004,Rabi,Masoor,106,106,1
Rajasthan,BARAN,2004,Rabi,Other  Rabi pulses,100,176,1.76
Rajasthan,BARAN,2004,Rabi,Peas & beans (Pulses),96,,
Rajasthan,BARAN,2004,Rabi,Rapeseed &Mustard,199276,253185,1.270524298
Rajasthan,BARAN,2004,Rabi,Wheat,55154,156111,2.83045654
Rajasthan,BARAN,2004,Whole Year,Coriander,45449,57766,1.271007063
Rajasthan,BARAN,2004,Whole Year,Dry chillies,172,358,2.081395349
Rajasthan,BARAN,2004,Whole Year,Garlic,2064,8879,4.301841085
Rajasthan,BARAN,2004,Whole Year,Guar seed,24,37,1.541666667
Rajasthan,BARAN,2004,Whole Year,Onion,23,81,3.52173913
Rajasthan,BARAN,2004,Whole Year,Potato,35,59,1.685714286
Rajasthan,BARAN,2004,Whole Year,Sannhamp,16,9,0.5625
Rajasthan,BARAN,2004,Whole Year,Sugarcane,16,771,48.1875
Rajasthan,BARAN,2004,Whole Year,Sweet potato,12,16,1.333333333
Rajasthan,BARAN,2005,Kharif,Arhar/Tur,108,21,0.194444444
Rajasthan,BARAN,2005,Kharif,Bajra,2423,1052,0.434172513
Rajasthan,BARAN,2005,Kharif,Dry ginger,10,33,3.3
Rajasthan,BARAN,2005,Kharif,Groundnut,453,558,1.231788079
Rajasthan,BARAN,2005,Kharif,Jowar,2195,2680,1.22095672
Rajasthan,BARAN,2005,Kharif,Maize,23504,34986,1.488512594
Rajasthan,BARAN,2005,Kharif,Moong(Green Gram),85,14,0.164705882
Rajasthan,BARAN,2005,Kharif,Moth,3,,
Rajasthan,BARAN,2005,Kharif,Other Kharif pulses,2,,
Rajasthan,BARAN,2005,Kharif,Rice,2722,6800,2.498163115
Rajasthan,BARAN,2005,Kharif,Sesamum,5326,793,0.148892227
Rajasthan,BARAN,2005,Kharif,Soyabean,147486,197760,1.340873032
Rajasthan,BARAN,2005,Kharif,Sunflower,6,7,1.166666667
Rajasthan,BARAN,2005,Kharif,Urad,907,272,0.299889746
Rajasthan,BARAN,2005,Rabi,Barley,256,582,2.2734375
Rajasthan,BARAN,2005,Rabi,Gram,1922,1759,0.915192508
Rajasthan,BARAN,2005,Rabi,Linseed,183,157,0.857923497
Rajasthan,BARAN,2005,Rabi,Masoor,83,75,0.903614458
Rajasthan,BARAN,2005,Rabi,Other  Rabi pulses,96,,
Rajasthan,BARAN,2005,Rabi,Peas & beans (Pulses),127,358,2.818897638
Rajasthan,BARAN,2005,Rabi,Rapeseed &Mustard,190736,284587,1.492046598
Rajasthan,BARAN,2005,Rabi,Wheat,65062,199521,3.066628754
Rajasthan,BARAN,2005,Whole Year,Coriander,49831,57804,1.160000803
Rajasthan,BARAN,2005,Whole Year,Dry chillies,113,100,0.884955752
Rajasthan,BARAN,2005,Whole Year,Garlic,1327,8531,6.428786737
Rajasthan,BARAN,2005,Whole Year,Guar seed,13,9,0.692307692
Rajasthan,BARAN,2005,Whole Year,Onion,68,165,2.426470588
Rajasthan,BARAN,2005,Whole Year,Potato,24,94,3.916666667
Rajasthan,BARAN,2005,Whole Year,Sannhamp,9,5,0.555555556
Rajasthan,BARAN,2005,Whole Year,Sugarcane,25,1523,60.92
Rajasthan,BARAN,2005,Whole Year,Sweet potato,14,34,2.428571429
Rajasthan,BARAN,2005,Whole Year,Turmeric,1,4,4
Rajasthan,BARAN,2006,Kharif,Arhar/Tur,57,41,0.719298246
Rajasthan,BARAN,2006,Kharif,Bajra,2821,2268,0.803970223
Rajasthan,BARAN,2006,Kharif,Dry ginger,24,63,2.625
Rajasthan,BARAN,2006,Kharif,Groundnut,612,799,1.305555556
Rajasthan,BARAN,2006,Kharif,Jowar,2075,3310,1.595180723
Rajasthan,BARAN,2006,Kharif,Maize,19627,25371,1.292658073
Rajasthan,BARAN,2006,Kharif,Moong(Green Gram),456,163,0.35745614
Rajasthan,BARAN,2006,Kharif,Moth,2,,
Rajasthan,BARAN,2006,Kharif,Other Kharif pulses,1,1,1
Rajasthan,BARAN,2006,Kharif,Rice,1838,3571,1.942872688
Rajasthan,BARAN,2006,Kharif,Sesamum,7153,2633,0.368097302
Rajasthan,BARAN,2006,Kharif,Soyabean,121157,174412,1.439553637
Rajasthan,BARAN,2006,Kharif,Urad,530,294,0.554716981
Rajasthan,BARAN,2006,Rabi,Barley,376,958,2.54787234
Rajasthan,BARAN,2006,Rabi,Gram,3570,4660,1.305322129
Rajasthan,BARAN,2006,Rabi,Linseed,102,95,0.931372549
Rajasthan,BARAN,2006,Rabi,Masoor,85,79,0.929411765
Rajasthan,BARAN,2006,Rabi,Peas & beans (Pulses),61,115,1.885245902
Rajasthan,BARAN,2006,Rabi,Rapeseed &Mustard,168989,221124,1.308511205
Rajasthan,BARAN,2006,Rabi,Wheat,85963,311235,3.620569315
Rajasthan,BARAN,2006,Whole Year,Coriander,42961,54045,1.258001443
Rajasthan,BARAN,2006,Whole Year,Dry chillies,144,126,0.875
Rajasthan,BARAN,2006,Whole Year,Garlic,1978,11175,5.649646107
Rajasthan,BARAN,2006,Whole Year,Onion,39,147,3.769230769
Rajasthan,BARAN,2006,Whole Year,Potato,32,185,5.78125
Rajasthan,BARAN,2006,Whole Year,Sannhamp,9,8,0.888888889
Rajasthan,BARAN,2006,Whole Year,Sugarcane,62,3579,57.72580645
Rajasthan,BARAN,2006,Whole Year,Sweet potato,16,62,3.875
Rajasthan,BARAN,2006,Whole Year,Turmeric,1,1,1
Rajasthan,BARAN,2007,Kharif,Arhar/Tur,77,66,0.857142857
Rajasthan,BARAN,2007,Kharif,Bajra,3148,4185,1.329415502
Rajasthan,BARAN,2007,Kharif,Dry ginger,17,37,2.176470588
Rajasthan,BARAN,2007,Kharif,Groundnut,447,771,1.724832215
Rajasthan,BARAN,2007,Kharif,Jowar,2704,5299,1.959689349
Rajasthan,BARAN,2007,Kharif,Maize,16791,22310,1.328687988
Rajasthan,BARAN,2007,Kharif,Moong(Green Gram),225,88,0.391111111
Rajasthan,BARAN,2007,Kharif,Other Kharif pulses,3,1,0.333333333
Rajasthan,BARAN,2007,Kharif,Rice,3408,10595,3.108861502
Rajasthan,BARAN,2007,Kharif,Sesamum,6125,3566,0.582204082
Rajasthan,BARAN,2007,Kharif,Soyabean,200166,270066,1.349210156
Rajasthan,BARAN,2007,Kharif,Urad,2159,944,0.437239463
Rajasthan,BARAN,2007,Rabi,Barley,396,857,2.164141414
Rajasthan,BARAN,2007,Rabi,Gram,6627,7360,1.110608118
Rajasthan,BARAN,2007,Rabi,Linseed,70,40,0.571428571
Rajasthan,BARAN,2007,Rabi,Masoor,60,42,0.7
Rajasthan,BARAN,2007,Rabi,Other  Rabi pulses,139,167,1.201438849
Rajasthan,BARAN,2007,Rabi,other oilseeds,397,108,0.272040302
Rajasthan,BARAN,2007,Rabi,Peas & beans (Pulses),56,113,2.017857143
Rajasthan,BARAN,2007,Rabi,Rapeseed &Mustard,83203,150627,1.810355396
Rajasthan,BARAN,2007,Rabi,Wheat,106699,350036,3.28059307
Rajasthan,BARAN,2007,Whole Year,Banana,1,,
Rajasthan,BARAN,2007,Whole Year,Coriander,82808,81152,0.980001932
Rajasthan,BARAN,2007,Whole Year,Dry chillies,201,132,0.656716418
Rajasthan,BARAN,2007,Whole Year,Garlic,5308,35406,6.670308968
Rajasthan,BARAN,2007,Whole Year,Onion,30,61,2.033333333
Rajasthan,BARAN,2007,Whole Year,Potato,80,389,4.8625
Rajasthan,BARAN,2007,Whole Year,Sannhamp,3,2,0.666666667
Rajasthan,BARAN,2007,Whole Year,Sugarcane,55,3141,57.10909091
Rajasthan,BARAN,2007,Whole Year,Sweet potato,3,12,4
Rajasthan,BARAN,2008,Kharif,Arhar/Tur,87,32,0.367816092
Rajasthan,BARAN,2008,Kharif,Bajra,3206,3933,1.226762321
Rajasthan,BARAN,2008,Kharif,Cotton(lint),1,,
Rajasthan,BARAN,2008,Kharif,Dry ginger,9,25,2.777777778
Rajasthan,BARAN,2008,Kharif,Groundnut,571,952,1.667250438
Rajasthan,BARAN,2008,Kharif,Jowar,944,1283,1.359110169
Rajasthan,BARAN,2008,Kharif,Maize,12233,18012,1.472410692
Rajasthan,BARAN,2008,Kharif,Moong(Green Gram),121,51,0.421487603
Rajasthan,BARAN,2008,Kharif,Moth,2,1,0.5
Rajasthan,BARAN,2008,Kharif,Other Kharif pulses,1,,
Rajasthan,BARAN,2008,Kharif,Rice,6401,20058,3.133572879
Rajasthan,BARAN,2008,Kharif,Sesamum,6776,2763,0.407762692
Rajasthan,BARAN,2008,Kharif,Soyabean,208708,191400,0.91707074
Rajasthan,BARAN,2008,Kharif,Urad,1311,684,0.52173913
Rajasthan,BARAN,2008,Rabi,Barley,298,912,3.060402685
Rajasthan,BARAN,2008,Rabi,Gram,3582,3946,1.101619207
Rajasthan,BARAN,2008,Rabi,Linseed,58,125,2.155172414
Rajasthan,BARAN,2008,Rabi,Masoor,48,42,0.875
Rajasthan,BARAN,2008,Rabi,other oilseeds,439,160,0.364464692
Rajasthan,BARAN,2008,Rabi,Peas & beans (Pulses),43,94,2.186046512
Rajasthan,BARAN,2008,Rabi,Rapeseed &Mustard,108438,152097,1.402617164
Rajasthan,BARAN,2008,Rabi,Wheat,95802,346163,3.61331705
Rajasthan,BARAN,2008,Whole Year,Banana,1,,
Rajasthan,BARAN,2008,Whole Year,Coriander,90683,110647,1.220151517
Rajasthan,BARAN,2008,Whole Year,Dry chillies,105,114,1.085714286
Rajasthan,BARAN,2008,Whole Year,Garlic,3796,23229,6.119336143
Rajasthan,BARAN,2008,Whole Year,Onion,16,55,3.4375
Rajasthan,BARAN,2008,Whole Year,Potato,50,592,11.84
Rajasthan,BARAN,2008,Whole Year,Sannhamp,2,2,1
Rajasthan,BARAN,2008,Whole Year,Sugarcane,32,1902,59.4375
Rajasthan,BARAN,2008,Whole Year,Sweet potato,3,,
Rajasthan,BARAN,2009,Kharif,Arhar/Tur,42,47,1.119047619
Rajasthan,BARAN,2009,Kharif,Bajra,3593,2943,0.81909268
Rajasthan,BARAN,2009,Kharif,Castor seed,2,8,4
Rajasthan,BARAN,2009,Kharif,Cotton(lint),38,13,0.342105263
Rajasthan,BARAN,2009,Kharif,Dry ginger,9,30,3.333333333
Rajasthan,BARAN,2009,Kharif,Groundnut,609,662,1.087027915
Rajasthan,BARAN,2009,Kharif,Jowar,945,1552,1.642328042
Rajasthan,BARAN,2009,Kharif,Maize,13470,22435,1.665553081
Rajasthan,BARAN,2009,Kharif,Moong(Green Gram),262,6,0.022900763
Rajasthan,BARAN,2009,Kharif,Other Kharif pulses,3,,
Rajasthan,BARAN,2009,Kharif,Rice,8298,18491,2.228368282
Rajasthan,BARAN,2009,Kharif,Sesamum,10114,5873,0.580680245
Rajasthan,BARAN,2009,Kharif,Soyabean,194417,224344,1.153932012
Rajasthan,BARAN,2009,Kharif,Urad,1049,971,0.92564347
Rajasthan,BARAN,2009,Rabi,Barley,356,988,2.775280899
Rajasthan,BARAN,2009,Rabi,Gram,4234,4359,1.02952291
Rajasthan,BARAN,2009,Rabi,Linseed,61,111,1.819672131
Rajasthan,BARAN,2009,Rabi,Masoor,31,28,0.903225806
Rajasthan,BARAN,2009,Rabi,Other  Rabi pulses,28,297,10.60714286
Rajasthan,BARAN,2009,Rabi,other oilseeds,824,303,0.367718447
Rajasthan,BARAN,2009,Rabi,Rapeseed &Mustard,114176,164496,1.440723094
Rajasthan,BARAN,2009,Rabi,Wheat,105609,397171,3.760768495
Rajasthan,BARAN,2009,Whole Year,Coriander,77423,100236,1.294654043
Rajasthan,BARAN,2009,Whole Year,Dry chillies,133,157,1.180451128
Rajasthan,BARAN,2009,Whole Year,Garlic,5159,30152,5.844543516
Rajasthan,BARAN,2009,Whole Year,Onion,51,276,5.411764706
Rajasthan,BARAN,2009,Whole Year,Potato,54,222,4.111111111
Rajasthan,BARAN,2009,Whole Year,Sannhamp,9,6,0.666666667
Rajasthan,BARAN,2009,Whole Year,Sugarcane,10,576,57.6
Rajasthan,BARAN,2010,Kharif,Arhar/Tur,94,82,0.872340426
Rajasthan,BARAN,2010,Kharif,Bajra,3472,3848,1.108294931
Rajasthan,BARAN,2010,Kharif,Cotton(lint),2,1,0.5
Rajasthan,BARAN,2010,Kharif,Dry ginger,27,33,1.222222222
Rajasthan,BARAN,2010,Kharif,Groundnut,597,1174,1.966499162
Rajasthan,BARAN,2010,Kharif,Jowar,2006,1404,0.699900299
Rajasthan,BARAN,2010,Kharif,Maize,16913,44591,2.636492639
Rajasthan,BARAN,2010,Kharif,Moong(Green Gram),490,305,0.62244898
Rajasthan,BARAN,2010,Kharif,Other Kharif pulses,2,1,0.5
Rajasthan,BARAN,2010,Kharif,Rice,8231,23800,2.891507715
Rajasthan,BARAN,2010,Kharif,Sesamum,36444,17934,0.492097465
Rajasthan,BARAN,2010,Kharif,Soyabean,195086,357107,1.830510647
Rajasthan,BARAN,2010,Kharif,Urad,2554,1608,0.629600626
Rajasthan,BARAN,2010,Rabi,Barley,559,1593,2.849731664
Rajasthan,BARAN,2010,Rabi,Gram,7628,12059,1.580886209
Rajasthan,BARAN,2010,Rabi,Linseed,203,379,1.866995074
Rajasthan,BARAN,2010,Rabi,Masoor,72,63,0.875
Rajasthan,BARAN,2010,Rabi,Other  Rabi pulses,32,57,1.78125
Rajasthan,BARAN,2010,Rabi,other oilseeds,1508,617,0.409151194
Rajasthan,BARAN,2010,Rabi,Rapeseed &Mustard,77635,122116,1.572950345
Rajasthan,BARAN,2010,Rabi,Wheat,147930,514045,3.474920571
Rajasthan,BARAN,2010,Whole Year,Coriander,59979,86179,1.436819554
Rajasthan,BARAN,2010,Whole Year,Dry chillies,128,122,0.953125
Rajasthan,BARAN,2010,Whole Year,Garlic,7446,42310,5.682245501
Rajasthan,BARAN,2010,Whole Year,Onion,68,407,5.985294118
Rajasthan,BARAN,2010,Whole Year,Potato,34,225,6.617647059
Rajasthan,BARAN,2010,Whole Year,Sannhamp,1,,
Rajasthan,BARAN,2010,Whole Year,Sugarcane,36,2412,67
Rajasthan,BARAN,2010,Whole Year,Turmeric,2,2,1
Rajasthan,BARMER,1997,Kharif,Bajra,882900,250600,0.283837354
Rajasthan,BARMER,1997,Kharif,Castor seed,1800,900,0.5
Rajasthan,BARMER,1997,Kharif,Jowar,1400,700,0.5
Rajasthan,BARMER,1997,Kharif,Onion,100,300,3
Rajasthan,BARMER,1997,Kharif,Sesamum,13400,2200,0.164179104
Rajasthan,BARMER,1997,Rabi,Gram,500,400,0.8
Rajasthan,BARMER,1997,Rabi,Rapeseed &Mustard,15400,11200,0.727272727
Rajasthan,BARMER,1997,Rabi,Wheat,12500,31200,2.496
Rajasthan,BARMER,1998,Kharif,Bajra,763922,15931,0.020854223
Rajasthan,BARMER,1998,Kharif,Castor seed,4722,7130,1.50995341
Rajasthan,BARMER,1998,Kharif,Cotton(lint),166,38,0.228915663
Rajasthan,BARMER,1998,Kharif,Jowar,616,178,0.288961039
Rajasthan,BARMER,1998,Kharif,Maize,4,4,1
Rajasthan,BARMER,1998,Kharif,Moong(Green Gram),40827,1492,0.036544444
Rajasthan,BARMER,1998,Kharif,Moth,167918,,
Rajasthan,BARMER,1998,Kharif,Other Kharif pulses,7,2,0.285714286
Rajasthan,BARMER,1998,Kharif,Sesamum,5513,92,0.016687829
Rajasthan,BARMER,1998,Rabi,Barley,38,75,1.973684211
Rajasthan,BARMER,1998,Rabi,Gram,2280,1679,0.736403509
Rajasthan,BARMER,1998,Rabi,Linseed,1,,
Rajasthan,BARMER,1998,Rabi,Rapeseed &Mustard,36060,34707,0.962479201
Rajasthan,BARMER,1998,Rabi,Wheat,16601,41287,2.487018854
Rajasthan,BARMER,1998,Whole Year,Coriander,214,194,0.906542056
Rajasthan,BARMER,1998,Whole Year,Dry chillies,39,35,0.897435897
Rajasthan,BARMER,1998,Whole Year,Onion,138,362,2.623188406
Rajasthan,BARMER,1998,Whole Year,Sweet potato,19,,
Rajasthan,BARMER,1999,Kharif,Bajra,699894,21033,0.030051694
Rajasthan,BARMER,1999,Kharif,Castor seed,9036,11543,1.277445772
Rajasthan,BARMER,1999,Kharif,Cotton(lint),90,26,0.288888889
Rajasthan,BARMER,1999,Kharif,Jowar,2593,811,0.312765137
Rajasthan,BARMER,1999,Kharif,Maize,25,26,1.04
Rajasthan,BARMER,1999,Kharif,Moong(Green Gram),38321,583,0.01521359
Rajasthan,BARMER,1999,Kharif,Moth,152621,3448,0.022591911
Rajasthan,BARMER,1999,Kharif,Other Kharif pulses,3,0,0
Rajasthan,BARMER,1999,Kharif,Sesamum,4855,184,0.037899073
Rajasthan,BARMER,1999,Rabi,Barley,60,121,2.016666667
Rajasthan,BARMER,1999,Rabi,Gram,147,102,0.693877551
Rajasthan,BARMER,1999,Rabi,Linseed,37,24,0.648648649
Rajasthan,BARMER,1999,Rabi,Peas & beans (Pulses),1,2,2
Rajasthan,BARMER,1999,Rabi,Rapeseed &Mustard,20048,19457,0.97052075
Rajasthan,BARMER,1999,Rabi,Wheat,19334,49112,2.540188269
Rajasthan,BARMER,1999,Whole Year,Dry chillies,75,68,0.906666667
Rajasthan,BARMER,1999,Whole Year,Guar seed,347457,2428,0.006987915
Rajasthan,BARMER,1999,Whole Year,Onion,138,330,2.391304348
Rajasthan,BARMER,1999,Whole Year,Sweet potato,16,17,1.0625
Rajasthan,BARMER,2000,Kharif,Arhar/Tur,3,,
Rajasthan,BARMER,2000,Kharif,Bajra,911351,179484,0.196942781
Rajasthan,BARMER,2000,Kharif,Castor seed,12276,7940,0.646790486
Rajasthan,BARMER,2000,Kharif,Cotton(lint),16,24,1.5
Rajasthan,BARMER,2000,Kharif,Jowar,1389,279,0.200863931
Rajasthan,BARMER,2000,Kharif,Maize,28,29,1.035714286
Rajasthan,BARMER,2000,Kharif,Moong(Green Gram),45074,9482,0.210365177
Rajasthan,BARMER,2000,Kharif,Moth,177417,70173,0.395525795
Rajasthan,BARMER,2000,Kharif,Other Kharif pulses,2,1,0.5
Rajasthan,BARMER,2000,Kharif,Sesamum,3914,342,0.087378641
Rajasthan,BARMER,2000,Kharif,Small millets,1,1,1
Rajasthan,BARMER,2000,Kharif,Urad,1,,
Rajasthan,BARMER,2000,Rabi,Barley,57,103,1.807017544
Rajasthan,BARMER,2000,Rabi,Gram,23,14,0.608695652
Rajasthan,BARMER,2000,Rabi,Rapeseed &Mustard,2391,2220,0.928481807
Rajasthan,BARMER,2000,Rabi,Wheat,15363,36898,2.401744451
Rajasthan,BARMER,2000,Whole Year,Coriander,4,3,0.75
Rajasthan,BARMER,2000,Whole Year,Dry chillies,67,10,0.149253731
Rajasthan,BARMER,2000,Whole Year,Guar seed,375328,47638,0.126923651
Rajasthan,BARMER,2000,Whole Year,Onion,123,198,1.609756098
Rajasthan,BARMER,2000,Whole Year,Sweet potato,21,5,0.238095238
Rajasthan,BARMER,2001,Kharif,Bajra,957673,249075,0.260083557
Rajasthan,BARMER,2001,Kharif,Castor seed,4196,3771,0.89871306
Rajasthan,BARMER,2001,Kharif,Cotton(lint),25,12,0.48
Rajasthan,BARMER,2001,Kharif,Groundnut,10,12,1.2
Rajasthan,BARMER,2001,Kharif,Jowar,1325,548,0.413584906
Rajasthan,BARMER,2001,Kharif,Maize,111,161,1.45045045
Rajasthan,BARMER,2001,Kharif,Moong(Green Gram),56377,7566,0.134203665
Rajasthan,BARMER,2001,Kharif,Moth,262866,81484,0.309983033
Rajasthan,BARMER,2001,Kharif,Sesamum,4117,1531,0.371872723
Rajasthan,BARMER,2001,Kharif,Small millets,1,,
Rajasthan,BARMER,2001,Kharif,Urad,11,4,0.363636364
Rajasthan,BARMER,2001,Rabi,Barley,15,39,2.6
Rajasthan,BARMER,2001,Rabi,Gram,421,319,0.757719715
Rajasthan,BARMER,2001,Rabi,Linseed,4,3,0.75
Rajasthan,BARMER,2001,Rabi,Rapeseed &Mustard,6191,4727,0.763527702
Rajasthan,BARMER,2001,Rabi,Wheat,12344,34477,2.79301685
Rajasthan,BARMER,2001,Whole Year,Coriander,1,1,1
Rajasthan,BARMER,2001,Whole Year,Dry chillies,70,65,0.928571429
Rajasthan,BARMER,2001,Whole Year,Guar seed,316994,22461,0.070856231
Rajasthan,BARMER,2001,Whole Year,Onion,100,91,0.91
Rajasthan,BARMER,2001,Whole Year,Potato,5,5,1
Rajasthan,BARMER,2001,Whole Year,Sweet potato,18,9,0.5
Rajasthan,BARMER,2002,Kharif,Bajra,777384,5805,0.007467352
Rajasthan,BARMER,2002,Kharif,Castor seed,4797,4784,0.997289973
Rajasthan,BARMER,2002,Kharif,Groundnut,18,12,0.666666667
Rajasthan,BARMER,2002,Kharif,Jowar,360,46,0.127777778
Rajasthan,BARMER,2002,Kharif,Maize,9,8,0.888888889
Rajasthan,BARMER,2002,Kharif,Moong(Green Gram),33217,2096,0.06310022
Rajasthan,BARMER,2002,Kharif,Moth,150335,,
Rajasthan,BARMER,2002,Kharif,Sesamum,1778,,
Rajasthan,BARMER,2002,Rabi,Barley,147,342,2.326530612
Rajasthan,BARMER,2002,Rabi,Gram,2,2,1
Rajasthan,BARMER,2002,Rabi,Linseed,3,2,0.666666667
Rajasthan,BARMER,2002,Rabi,Rapeseed &Mustard,2773,2708,0.976559683
Rajasthan,BARMER,2002,Rabi,Wheat,15840,42911,2.709027778
Rajasthan,BARMER,2002,Whole Year,Coriander,2,2,1
Rajasthan,BARMER,2002,Whole Year,Dry chillies,21,20,0.952380952
Rajasthan,BARMER,2002,Whole Year,Garlic,2,1,0.5
Rajasthan,BARMER,2002,Whole Year,Guar seed,17398,131,0.007529601
Rajasthan,BARMER,2002,Whole Year,Onion,89,83,0.93258427
Rajasthan,BARMER,2002,Whole Year,Other Fresh Fruits,36,0,0
Rajasthan,BARMER,2002,Whole Year,Other Vegetables,181,0,0
Rajasthan,BARMER,2002,Whole Year,Sweet potato,27,27,1
Rajasthan,BARMER,2003,Kharif,Bajra,1020181,563591,0.552442165
Rajasthan,BARMER,2003,Kharif,Castor seed,9691,11973,1.235476215
Rajasthan,BARMER,2003,Kharif,Cotton(lint),1,,
Rajasthan,BARMER,2003,Kharif,Groundnut,7,11,1.571428571
Rajasthan,BARMER,2003,Kharif,Jowar,1765,1260,0.71388102
Rajasthan,BARMER,2003,Kharif,Maize,30,55,1.833333333
Rajasthan,BARMER,2003,Kharif,Moong(Green Gram),54703,34584,0.632213955
Rajasthan,BARMER,2003,Kharif,Moth,246825,217192,0.87994328
Rajasthan,BARMER,2003,Kharif,Other Kharif pulses,1,1,1
Rajasthan,BARMER,2003,Kharif,Sesamum,4120,2359,0.572572816
Rajasthan,BARMER,2003,Kharif,Small millets,1,1,1
Rajasthan,BARMER,2003,Kharif,Sunflower,1,1,1
Rajasthan,BARMER,2003,Rabi,Barley,26,58,2.230769231
Rajasthan,BARMER,2003,Rabi,Gram,951,602,0.633017876
Rajasthan,BARMER,2003,Rabi,Rapeseed &Mustard,10378,13555,1.306128348
Rajasthan,BARMER,2003,Rabi,Wheat,13124,20140,1.534593112
Rajasthan,BARMER,2003,Whole Year,Citrus Fruit,5,0,0
Rajasthan,BARMER,2003,Whole Year,Coriander,1,1,1
Rajasthan,BARMER,2003,Whole Year,Dry chillies,53,26,0.490566038
Rajasthan,BARMER,2003,Whole Year,Guar seed,312217,,
Rajasthan,BARMER,2003,Whole Year,Onion,152,231,1.519736842
Rajasthan,BARMER,2003,Whole Year,Other Fresh Fruits,9,0,0
Rajasthan,BARMER,2003,Whole Year,other oilseeds,81286,94565,1.163361464
Rajasthan,BARMER,2003,Whole Year,Other Vegetables,310,0,0
Rajasthan,BARMER,2003,Whole Year,Sweet potato,38,39,1.026315789
Rajasthan,BARMER,2004,Kharif,Bajra,811997,182935,0.225290241
Rajasthan,BARMER,2004,Kharif,Castor seed,17072,14960,0.87628866
Rajasthan,BARMER,2004,Kharif,Cotton(lint),3,5,1.666666667
Rajasthan,BARMER,2004,Kharif,Groundnut,96,149,1.552083333
Rajasthan,BARMER,2004,Kharif,Jowar,2244,1041,0.463903743
Rajasthan,BARMER,2004,Kharif,Maize,30,36,1.2
Rajasthan,BARMER,2004,Kharif,Moong(Green Gram),49401,1830,0.037043785
Rajasthan,BARMER,2004,Kharif,Moth,231998,24305,0.104763834
Rajasthan,BARMER,2004,Kharif,Other Kharif pulses,3,1,0.333333333
Rajasthan,BARMER,2004,Kharif,Sesamum,6851,403,0.058823529
Rajasthan,BARMER,2004,Kharif,Sunflower,1,1,1
Rajasthan,BARMER,2004,Rabi,Barley,62,148,2.387096774
Rajasthan,BARMER,2004,Rabi,Gram,16,12,0.75
Rajasthan,BARMER,2004,Rabi,Rapeseed &Mustard,18041,20326,1.12665595
Rajasthan,BARMER,2004,Rabi,Small millets,1,1,1
Rajasthan,BARMER,2004,Rabi,Wheat,12389,23465,1.894018888
Rajasthan,BARMER,2004,Whole Year,Dry chillies,53,44,0.830188679
Rajasthan,BARMER,2004,Whole Year,Guar seed,295916,16018,0.054130226
Rajasthan,BARMER,2004,Whole Year,Onion,85,139,1.635294118
Rajasthan,BARMER,2004,Whole Year,Sweet potato,29,21,0.724137931
Rajasthan,BARMER,2005,Kharif,Bajra,921718,68955,0.074811385
Rajasthan,BARMER,2005,Kharif,Castor seed,17046,8242,0.483515194
Rajasthan,BARMER,2005,Kharif,Cotton(lint),3,5,1.666666667
Rajasthan,BARMER,2005,Kharif,Groundnut,207,320,1.54589372
Rajasthan,BARMER,2005,Kharif,Jowar,1439,414,0.287699792
Rajasthan,BARMER,2005,Kharif,Maize,12,13,1.083333333
Rajasthan,BARMER,2005,Kharif,Moong(Green Gram),50575,1127,0.022283737
Rajasthan,BARMER,2005,Kharif,Moth,225246,12228,0.054287313
Rajasthan,BARMER,2005,Kharif,Other Kharif pulses,1,,
Rajasthan,BARMER,2005,Kharif,Sesamum,4562,246,0.053923718
Rajasthan,BARMER,2005,Rabi,Barley,84,191,2.273809524
Rajasthan,BARMER,2005,Rabi,Gram,17,8,0.470588235
Rajasthan,BARMER,2005,Rabi,Rapeseed &Mustard,22065,27099,1.22814412
Rajasthan,BARMER,2005,Rabi,Small millets,3,2,0.666666667
Rajasthan,BARMER,2005,Rabi,Wheat,12158,10900,0.896529034
Rajasthan,BARMER,2005,Whole Year,Guar seed,352687,24678,0.069971391
Rajasthan,BARMER,2005,Whole Year,Onion,103,189,1.834951456
Rajasthan,BARMER,2005,Whole Year,Sweet potato,33,34,1.03030303
Rajasthan,BARMER,2006,Kharif,Bajra,933271,140926,0.151002228
Rajasthan,BARMER,2006,Kharif,Castor seed,18494,14818,0.801232832
Rajasthan,BARMER,2006,Kharif,Cotton(lint),14,5,0.357142857
Rajasthan,BARMER,2006,Kharif,Groundnut,235,307,1.306382979
Rajasthan,BARMER,2006,Kharif,Jowar,3788,1744,0.460401267
Rajasthan,BARMER,2006,Kharif,Maize,17,18,1.058823529
Rajasthan,BARMER,2006,Kharif,Moong(Green Gram),44609,3575,0.080140779
Rajasthan,BARMER,2006,Kharif,Moth,207420,33345,0.160760775
Rajasthan,BARMER,2006,Kharif,Sesamum,1634,100,0.06119951
Rajasthan,BARMER,2006,Kharif,Small millets,6,,
Rajasthan,BARMER,2006,Rabi,Barley,53,135,2.547169811
Rajasthan,BARMER,2006,Rabi,Gram,3152,2721,0.863261421
Rajasthan,BARMER,2006,Rabi,Linseed,22,17,0.772727273
Rajasthan,BARMER,2006,Rabi,Peas & beans (Pulses),4,5,1.25
Rajasthan,BARMER,2006,Rabi,Rapeseed &Mustard,40176,37920,0.943847073
Rajasthan,BARMER,2006,Rabi,Wheat,18400,29406,1.598152174
Rajasthan,BARMER,2006,Whole Year,Dry chillies,25,13,0.52
Rajasthan,BARMER,2006,Whole Year,Guar seed,421817,56342,0.133569771
Rajasthan,BARMER,2006,Whole Year,Onion,1,2,2
Rajasthan,BARMER,2006,Whole Year,Sweet potato,21,21,1
Rajasthan,BARMER,2007,Kharif,Bajra,960403,166442,0.173304332
Rajasthan,BARMER,2007,Kharif,Castor seed,21303,17313,0.812702436
Rajasthan,BARMER,2007,Kharif,Cotton(lint),5,2,0.4
Rajasthan,BARMER,2007,Kharif,Groundnut,305,526,1.724590164
Rajasthan,BARMER,2007,Kharif,Jowar,1221,117,0.095823096
Rajasthan,BARMER,2007,Kharif,Maize,15,28,1.866666667
Rajasthan,BARMER,2007,Kharif,Moong(Green Gram),57944,6211,0.1071897
Rajasthan,BARMER,2007,Kharif,Moth,208803,40608,0.194479964
Rajasthan,BARMER,2007,Kharif,Sesamum,2139,214,0.100046751
Rajasthan,BARMER,2007,Rabi,Barley,72,156,2.166666667
Rajasthan,BARMER,2007,Rabi,Gram,113,53,0.469026549
Rajasthan,BARMER,2007,Rabi,Linseed,4,3,0.75
Rajasthan,BARMER,2007,Rabi,other oilseeds,141,26,0.184397163
Rajasthan,BARMER,2007,Rabi,Rapeseed &Mustard,20454,15842,0.774518432
Rajasthan,BARMER,2007,Rabi,Wheat,13813,22050,1.596322305
Rajasthan,BARMER,2007,Whole Year,Coriander,1,1,1
Rajasthan,BARMER,2007,Whole Year,Dry chillies,32,14,0.4375
Rajasthan,BARMER,2007,Whole Year,Garlic,1,,
Rajasthan,BARMER,2007,Whole Year,Guar seed,354664,73403,0.206964902
Rajasthan,BARMER,2007,Whole Year,Onion,16,16,1
Rajasthan,BARMER,2008,Kharif,Bajra,1011401,131202,0.129723028
Rajasthan,BARMER,2008,Kharif,Castor seed,23725,18880,0.795785037
Rajasthan,BARMER,2008,Kharif,Cotton(lint),14,6,0.428571429
Rajasthan,BARMER,2008,Kharif,Groundnut,688,1147,1.667151163
Rajasthan,BARMER,2008,Kharif,Jowar,1926,321,0.166666667
Rajasthan,BARMER,2008,Kharif,Maize,12,21,1.75
Rajasthan,BARMER,2008,Kharif,Moong(Green Gram),45965,3704,0.080583052
Rajasthan,BARMER,2008,Kharif,Moth,184567,23771,0.128793338
Rajasthan,BARMER,2008,Kharif,Other Kharif pulses,1,1,1
Rajasthan,BARMER,2008,Kharif,Sesamum,4095,103,0.025152625
Rajasthan,BARMER,2008,Rabi,Barley,56,171,3.053571429
Rajasthan,BARMER,2008,Rabi,Gram,35,18,0.514285714
Rajasthan,BARMER,2008,Rabi,Linseed,13,12,0.923076923
Rajasthan,BARMER,2008,Rabi,other oilseeds,188,69,0.367021277
Rajasthan,BARMER,2008,Rabi,Rapeseed &Mustard,24715,10668,0.431640704
Rajasthan,BARMER,2008,Rabi,Wheat,11467,9986,0.870846778
Rajasthan,BARMER,2008,Whole Year,Coriander,1,1,1
Rajasthan,BARMER,2008,Whole Year,Dry chillies,28,15,0.535714286
Rajasthan,BARMER,2008,Whole Year,Guar seed,358092,24481,0.068365113
Rajasthan,BARMER,2008,Whole Year,Onion,73,80,1.095890411
Rajasthan,BARMER,2008,Whole Year,Sweet potato,18,,
Rajasthan,BARMER,2009,Kharif,Bajra,967622,18402,0.019017757
Rajasthan,BARMER,2009,Kharif,Castor seed,22185,11386,0.51322966
Rajasthan,BARMER,2009,Kharif,Cotton(lint),10,3,0.3
Rajasthan,BARMER,2009,Kharif,Groundnut,684,744,1.087719298
Rajasthan,BARMER,2009,Kharif,Jowar,2074,,
Rajasthan,BARMER,2009,Kharif,Maize,1,1,1
Rajasthan,BARMER,2009,Kharif,Moong(Green Gram),47715,364,0.007628628
Rajasthan,BARMER,2009,Kharif,Moth,231623,3649,0.015754049
Rajasthan,BARMER,2009,Kharif,Sesamum,4315,38,0.008806489
Rajasthan,BARMER,2009,Rabi,Barley,67,186,2.776119403
Rajasthan,BARMER,2009,Rabi,other oilseeds,537,161,0.29981378
Rajasthan,BARMER,2009,Rabi,Rapeseed &Mustard,16854,14909,0.884597128
Rajasthan,BARMER,2009,Rabi,Wheat,15200,23127,1.521513158
Rajasthan,BARMER,2009,Whole Year,Coriander,1,1,1
Rajasthan,BARMER,2009,Whole Year,Dry chillies,31,21,0.677419355
Rajasthan,BARMER,2009,Whole Year,Guar seed,367347,125,0.000340278
Rajasthan,BARMER,2009,Whole Year,Onion,101,3,0.02970297
Rajasthan,BARMER,2009,Whole Year,Potato,1,,
Rajasthan,BARMER,2010,Kharif,Bajra,955029,534595,0.559768342
Rajasthan,BARMER,2010,Kharif,Castor seed,29510,23758,0.805083023
Rajasthan,BARMER,2010,Kharif,Cotton(lint),9,4,0.444444444
Rajasthan,BARMER,2010,Kharif,Groundnut,578,1136,1.965397924
Rajasthan,BARMER,2010,Kharif,Jowar,2752,1927,0.700218023
Rajasthan,BARMER,2010,Kharif,Maize,1,2,2
Rajasthan,BARMER,2010,Kharif,Moong(Green Gram),53447,26979,0.504780437
Rajasthan,BARMER,2010,Kharif,Moth,272869,144886,0.530972738
Rajasthan,BARMER,2010,Kharif,Other Kharif pulses,1,1,1
Rajasthan,BARMER,2010,Kharif,Sesamum,3937,1033,0.262382525
Rajasthan,BARMER,2010,Rabi,Barley,43,123,2.860465116
Rajasthan,BARMER,2010,Rabi,Gram,1072,962,0.89738806
Rajasthan,BARMER,2010,Rabi,Linseed,11,5,0.454545455
Rajasthan,BARMER,2010,Rabi,other oilseeds,39443,16132,0.408995259
Rajasthan,BARMER,2010,Rabi,Rapeseed &Mustard,25982,40522,1.559618197
Rajasthan,BARMER,2010,Rabi,Wheat,16732,24526,1.465814009
Rajasthan,BARMER,2010,Whole Year,Dry chillies,115,47,0.408695652
Rajasthan,BARMER,2010,Whole Year,Guar seed,409097,142931,0.349381687
Rajasthan,BARMER,2010,Whole Year,Onion,62,63,1.016129032
Rajasthan,BARMER,2010,Whole Year,Potato,1,1,1
Rajasthan,BHARATPUR,1997,Kharif,Arhar/Tur,2700,3000,1.111111111
Rajasthan,BHARATPUR,1997,Kharif,Bajra,86500,103300,1.194219653
Rajasthan,BHARATPUR,1997,Kharif,Cotton(lint),900,1176,1.306666667
Rajasthan,BHARATPUR,1997,Kharif,Groundnut,700,800,1.142857143
Rajasthan,BHARATPUR,1997,Kharif,Jowar,33900,24300,0.716814159
Rajasthan,BHARATPUR,1997,Kharif,Maize,100,100,1
Rajasthan,BHARATPUR,1997,Kharif,Onion,100,300,3
Rajasthan,BHARATPUR,1997,Kharif,Rice,3200,3300,1.03125
Rajasthan,BHARATPUR,1997,Kharif,Sesamum,2300,400,0.173913043
Rajasthan,BHARATPUR,1997,Kharif,Sugarcane,500,25600,51.2
Rajasthan,BHARATPUR,1997,Rabi,Barley,5800,12900,2.224137931
Rajasthan,BHARATPUR,1997,Rabi,Gram,55200,66500,1.204710145
Rajasthan,BHARATPUR,1997,Rabi,Rapeseed &Mustard,176800,100600,0.569004525
Rajasthan,BHARATPUR,1997,Rabi,Wheat,115500,419400,3.631168831
Rajasthan,BHARATPUR,1997,Whole Year,Potato,500,3800,7.6
Rajasthan,BHARATPUR,1998,Kharif,Arhar/Tur,853,866,1.015240328
Rajasthan,BHARATPUR,1998,Kharif,Bajra,95549,135465,1.417754241
Rajasthan,BHARATPUR,1998,Kharif,Castor seed,2,3,1.5
Rajasthan,BHARATPUR,1998,Kharif,Cotton(lint),1084,249,0.229704797
Rajasthan,BHARATPUR,1998,Kharif,Groundnut,164,179,1.091463415
Rajasthan,BHARATPUR,1998,Kharif,Jowar,36716,24284,0.661401024
Rajasthan,BHARATPUR,1998,Kharif,Maize,88,95,1.079545455
Rajasthan,BHARATPUR,1998,Kharif,Moong(Green Gram),57,6,0.105263158
Rajasthan,BHARATPUR,1998,Kharif,Moth,196,23,0.117346939
Rajasthan,BHARATPUR,1998,Kharif,Other Kharif pulses,35,8,0.228571429
Rajasthan,BHARATPUR,1998,Kharif,Rice,5844,6881,1.177446954
Rajasthan,BHARATPUR,1998,Kharif,Sannhamp,29,15,0.517241379
Rajasthan,BHARATPUR,1998,Kharif,Sesamum,4283,314,0.073313098
Rajasthan,BHARATPUR,1998,Kharif,Soyabean,14,18,1.285714286
Rajasthan,BHARATPUR,1998,Kharif,Urad,115,37,0.32173913
Rajasthan,BHARATPUR,1998,Rabi,Barley,5025,11075,2.2039801
Rajasthan,BHARATPUR,1998,Rabi,Gram,56178,80140,1.426537079
Rajasthan,BHARATPUR,1998,Rabi,Linseed,4,2,0.5
Rajasthan,BHARATPUR,1998,Rabi,Masoor,30031,40812,1.358995704
Rajasthan,BHARATPUR,1998,Rabi,Other  Rabi pulses,206,240,1.165048544
Rajasthan,BHARATPUR,1998,Rabi,Peas & beans (Pulses),1233,4539,3.681265207
Rajasthan,BHARATPUR,1998,Rabi,Rapeseed &Mustard,137790,168628,1.22380434
Rajasthan,BHARATPUR,1998,Rabi,Sunflower,24,24,1
Rajasthan,BHARATPUR,1998,Rabi,Tobacco,7,10,1.428571429
Rajasthan,BHARATPUR,1998,Rabi,Wheat,138276,469773,3.397357459
Rajasthan,BHARATPUR,1998,Whole Year,Coriander,5,5,1
Rajasthan,BHARATPUR,1998,Whole Year,Dry chillies,1481,5919,3.996623903
Rajasthan,BHARATPUR,1998,Whole Year,Garlic,2,5,2.5
Rajasthan,BHARATPUR,1998,Whole Year,Onion,168,1231,7.327380952
Rajasthan,BHARATPUR,1998,Whole Year,Potato,1006,17945,17.83797217
Rajasthan,BHARATPUR,1998,Whole Year,Sugarcane,445,18450,41.46067416
Rajasthan,BHARATPUR,1998,Whole Year,Sweet potato,539,2125,3.942486085
Rajasthan,BHARATPUR,1999,Kharif,Arhar/Tur,876,671,0.765981735
Rajasthan,BHARATPUR,1999,Kharif,Bajra,97223,143124,1.472120794
Rajasthan,BHARATPUR,1999,Kharif,Castor seed,4,9,2.25
Rajasthan,BHARATPUR,1999,Kharif,Cotton(lint),1015,291,0.286699507
Rajasthan,BHARATPUR,1999,Kharif,Groundnut,86,83,0.965116279
Rajasthan,BHARATPUR,1999,Kharif,Jowar,38772,31004,0.799649231
Rajasthan,BHARATPUR,1999,Kharif,Maize,106,110,1.037735849
Rajasthan,BHARATPUR,1999,Kharif,Moong(Green Gram),85,9,0.105882353
Rajasthan,BHARATPUR,1999,Kharif,Moth,145,6,0.04137931
Rajasthan,BHARATPUR,1999,Kharif,Other Kharif pulses,30,4,0.133333333
Rajasthan,BHARATPUR,1999,Kharif,Rice,5659,9119,1.611415444
Rajasthan,BHARATPUR,1999,Kharif,Sesamum,5601,1716,0.306373862
Rajasthan,BHARATPUR,1999,Kharif,Small millets,2,1,0.5
Rajasthan,BHARATPUR,1999,Kharif,Soyabean,3,4,1.333333333
Rajasthan,BHARATPUR,1999,Kharif,Urad,141,40,0.283687943
Rajasthan,BHARATPUR,1999,Rabi,Barley,3549,10216,2.87855734
Rajasthan,BHARATPUR,1999,Rabi,Gram,33819,45502,1.345456696
Rajasthan,BHARATPUR,1999,Rabi,Linseed,18,12,0.666666667
Rajasthan,BHARATPUR,1999,Rabi,Masoor,22606,33080,1.46332832
Rajasthan,BHARATPUR,1999,Rabi,Other  Rabi pulses,48,45,0.9375
Rajasthan,BHARATPUR,1999,Rabi,Peas & beans (Pulses),358,570,1.592178771
Rajasthan,BHARATPUR,1999,Rabi,Rapeseed &Mustard,168795,203678,1.206658965
Rajasthan,BHARATPUR,1999,Rabi,Wheat,141989,541411,3.813048898
Rajasthan,BHARATPUR,1999,Whole Year,Coriander,2,2,1
Rajasthan,BHARATPUR,1999,Whole Year,Dry chillies,1697,4516,2.661166765
Rajasthan,BHARATPUR,1999,Whole Year,Garlic,15,11,0.733333333
Rajasthan,BHARATPUR,1999,Whole Year,Guar seed,6326,5505,0.870218147
Rajasthan,BHARATPUR,1999,Whole Year,Onion,168,648,3.857142857
Rajasthan,BHARATPUR,1999,Whole Year,Potato,1466,16046,10.94542974
Rajasthan,BHARATPUR,1999,Whole Year,Sannhamp,74,31,0.418918919
Rajasthan,BHARATPUR,1999,Whole Year,Sugarcane,399,12662,31.73433584
Rajasthan,BHARATPUR,1999,Whole Year,Sweet potato,504,1572,3.119047619
Rajasthan,BHARATPUR,1999,Whole Year,Tapioca,27,78,2.888888889
Rajasthan,BHARATPUR,1999,Whole Year,Tobacco,12,5,0.416666667
Rajasthan,BHARATPUR,2000,Kharif,Arhar/Tur,651,617,0.947772657
Rajasthan,BHARATPUR,2000,Kharif,Bajra,124550,166932,1.340281012
Rajasthan,BHARATPUR,2000,Kharif,Castor seed,22,16,0.727272727
Rajasthan,BHARATPUR,2000,Kharif,Cotton(lint),607,959,1.579901153
Rajasthan,BHARATPUR,2000,Kharif,Groundnut,62,57,0.919354839
Rajasthan,BHARATPUR,2000,Kharif,Jowar,47094,45611,0.968509789
Rajasthan,BHARATPUR,2000,Kharif,Maize,99,104,1.050505051
Rajasthan,BHARATPUR,2000,Kharif,Moong(Green Gram),100,17,0.17
Rajasthan,BHARATPUR,2000,Kharif,Moth,89,13,0.146067416
Rajasthan,BHARATPUR,2000,Kharif,Other Kharif pulses,20,4,0.2
Rajasthan,BHARATPUR,2000,Kharif,Rice,2617,3279,1.252961406
Rajasthan,BHARATPUR,2000,Kharif,Sesamum,5526,2022,0.365906623
Rajasthan,BHARATPUR,2000,Kharif,Small millets,4,0.1,0.025
Rajasthan,BHARATPUR,2000,Kharif,Soyabean,4,3,0.75
Rajasthan,BHARATPUR,2000,Kharif,Urad,143,41,0.286713287
Rajasthan,BHARATPUR,2000,Rabi,Barley,5400,11423,2.11537037
Rajasthan,BHARATPUR,2000,Rabi,Gram,19055,16927,0.888323275
Rajasthan,BHARATPUR,2000,Rabi,Masoor,8580,9438,1.1
Rajasthan,BHARATPUR,2000,Rabi,Other  Rabi pulses,1,1,1
Rajasthan,BHARATPUR,2000,Rabi,Peas & beans (Pulses),196,332,1.693877551
Rajasthan,BHARATPUR,2000,Rabi,Rapeseed &Mustard,124648,145965,1.171017586
Rajasthan,BHARATPUR,2000,Rabi,Wheat,171639,605340,3.526820827
Rajasthan,BHARATPUR,2000,Whole Year,Coriander,5,7,1.4
Rajasthan,BHARATPUR,2000,Whole Year,Dry chillies,1285,2325,1.809338521
Rajasthan,BHARATPUR,2000,Whole Year,Garlic,3,6,2
Rajasthan,BHARATPUR,2000,Whole Year,Guar seed,10739,9747,0.907626408
Rajasthan,BHARATPUR,2000,Whole Year,Onion,127,436,3.433070866
Rajasthan,BHARATPUR,2000,Whole Year,Potato,949,8451,8.90516333
Rajasthan,BHARATPUR,2000,Whole Year,Sannhamp,40,21,0.525
Rajasthan,BHARATPUR,2000,Whole Year,Sugarcane,223,11126,49.89237668
Rajasthan,BHARATPUR,2000,Whole Year,Sweet potato,122,367,3.008196721
Rajasthan,BHARATPUR,2000,Whole Year,Tobacco,1,2,2
Rajasthan,BHARATPUR,2001,Kharif,Arhar/Tur,718,600,0.835654596
Rajasthan,BHARATPUR,2001,Kharif,Bajra,99195,135787,1.368889561
Rajasthan,BHARATPUR,2001,Kharif,Castor seed,3,2,0.666666667
Rajasthan,BHARATPUR,2001,Kharif,Cotton(lint),1110,612,0.551351351
Rajasthan,BHARATPUR,2001,Kharif,Groundnut,52,64,1.230769231
Rajasthan,BHARATPUR,2001,Kharif,Jowar,39998,22006,0.550177509
Rajasthan,BHARATPUR,2001,Kharif,Maize,69,100,1.449275362
Rajasthan,BHARATPUR,2001,Kharif,Moong(Green Gram),88,26,0.295454545
Rajasthan,BHARATPUR,2001,Kharif,Moth,60,14,0.233333333
Rajasthan,BHARATPUR,2001,Kharif,Other Kharif pulses,610,7,0.01147541
Rajasthan,BHARATPUR,2001,Kharif,Rice,1880,2505,1.332446809
Rajasthan,BHARATPUR,2001,Kharif,Sesamum,4134,2152,0.5205612
Rajasthan,BHARATPUR,2001,Kharif,Soyabean,2,2,1
Rajasthan,BHARATPUR,2001,Kharif,Urad,166,60,0.361445783
Rajasthan,BHARATPUR,2001,Rabi,Barley,4749,14146,2.978732365
Rajasthan,BHARATPUR,2001,Rabi,Gram,19811,23045,1.163242643
Rajasthan,BHARATPUR,2001,Rabi,Masoor,3631,5187,1.428532085
Rajasthan,BHARATPUR,2001,Rabi,Peas & beans (Pulses),194,359,1.850515464
Rajasthan,BHARATPUR,2001,Rabi,Rapeseed &Mustard,189985,199629,1.050761902
Rajasthan,BHARATPUR,2001,Rabi,Wheat,139114,473505,3.403719252
Rajasthan,BHARATPUR,2001,Whole Year,Coriander,1,1,1
Rajasthan,BHARATPUR,2001,Whole Year,Dry chillies,776,2580,3.324742268
Rajasthan,BHARATPUR,2001,Whole Year,Garlic,1,1,1
Rajasthan,BHARATPUR,2001,Whole Year,Guar seed,12766,11830,0.926680244
Rajasthan,BHARATPUR,2001,Whole Year,Onion,193,636,3.295336788
Rajasthan,BHARATPUR,2001,Whole Year,Potato,714,9142,12.80392157
Rajasthan,BHARATPUR,2001,Whole Year,Sannhamp,15,7,0.466666667
Rajasthan,BHARATPUR,2001,Whole Year,Sugarcane,136,6174,45.39705882
Rajasthan,BHARATPUR,2001,Whole Year,Sweet potato,144,306,2.125
Rajasthan,BHARATPUR,2001,Whole Year,Tobacco,2,2,1
Rajasthan,BHARATPUR,2002,Kharif,Arhar/Tur,204,5,0.024509804
Rajasthan,BHARATPUR,2002,Kharif,Bajra,93424,33825,0.362059
Rajasthan,BHARATPUR,2002,Kharif,Castor seed,9,3,0.333333333
Rajasthan,BHARATPUR,2002,Kharif,Cotton(lint),799,524,0.655819775
Rajasthan,BHARATPUR,2002,Kharif,Groundnut,20,14,0.7
Rajasthan,BHARATPUR,2002,Kharif,Jowar,47074,15411,0.327378171
Rajasthan,BHARATPUR,2002,Kharif,Maize,72,64,0.888888889
Rajasthan,BHARATPUR,2002,Kharif,Moong(Green Gram),18,1,0.055555556
Rajasthan,BHARATPUR,2002,Kharif,Moth,15,,
Rajasthan,BHARATPUR,2002,Kharif,Other Kharif pulses,10,1,0.1
Rajasthan,BHARATPUR,2002,Kharif,Rice,484,306,0.632231405
Rajasthan,BHARATPUR,2002,Kharif,Sesamum,1888,354,0.1875
Rajasthan,BHARATPUR,2002,Kharif,Soyabean,2,1,0.5
Rajasthan,BHARATPUR,2002,Kharif,Urad,63,12,0.19047619
Rajasthan,BHARATPUR,2002,Rabi,Barley,5170,13754,2.660348162
Rajasthan,BHARATPUR,2002,Rabi,Gram,9654,5390,0.558317796
Rajasthan,BHARATPUR,2002,Rabi,Linseed,2,1,0.5
Rajasthan,BHARATPUR,2002,Rabi,Masoor,1468,1612,1.098092643
Rajasthan,BHARATPUR,2002,Rabi,Other  Rabi pulses,4,0,0
Rajasthan,BHARATPUR,2002,Rabi,Peas & beans (Pulses),121,148,1.223140496
Rajasthan,BHARATPUR,2002,Rabi,Rapeseed &Mustard,193748,201492,1.039969445
Rajasthan,BHARATPUR,2002,Rabi,Wheat,143611,472145,3.287665987
Rajasthan,BHARATPUR,2002,Whole Year,Citrus Fruit,513,0,0
Rajasthan,BHARATPUR,2002,Whole Year,Coriander,1,1,1
Rajasthan,BHARATPUR,2002,Whole Year,Dry chillies,484,518,1.070247934
Rajasthan,BHARATPUR,2002,Whole Year,Garlic,1,5,5
Rajasthan,BHARATPUR,2002,Whole Year,Guar seed,5400,424,0.078518519
Rajasthan,BHARATPUR,2002,Whole Year,Mango,56,0,0
Rajasthan,BHARATPUR,2002,Whole Year,Onion,234,358,1.52991453
Rajasthan,BHARATPUR,2002,Whole Year,Other Fresh Fruits,261,0,0
Rajasthan,BHARATPUR,2002,Whole Year,Other Vegetables,1807,0,0
Rajasthan,BHARATPUR,2002,Whole Year,Papaya,30,24,0.8
Rajasthan,BHARATPUR,2002,Whole Year,Pome Fruit,55,0,0
Rajasthan,BHARATPUR,2002,Whole Year,Potato,1020,9274,9.092156863
Rajasthan,BHARATPUR,2002,Whole Year,Sannhamp,7,1,0.142857143
Rajasthan,BHARATPUR,2002,Whole Year,Sugarcane,79,2247,28.44303797
Rajasthan,BHARATPUR,2002,Whole Year,Sweet potato,184,144,0.782608696
Rajasthan,BHARATPUR,2002,Whole Year,Tobacco,1,,
Rajasthan,BHARATPUR,2002,Whole Year,Water Melon,4,0,0
Rajasthan,BHARATPUR,2003,Kharif,Arhar/Tur,136,124,0.911764706
Rajasthan,BHARATPUR,2003,Kharif,Bajra,109183,182630,1.672696299
Rajasthan,BHARATPUR,2003,Kharif,Castor seed,25,23,0.92
Rajasthan,BHARATPUR,2003,Kharif,Cotton(lint),860,1776,2.065116279
Rajasthan,BHARATPUR,2003,Kharif,Groundnut,11,17,1.545454545
Rajasthan,BHARATPUR,2003,Kharif,Jowar,48898,34389,0.703280298
Rajasthan,BHARATPUR,2003,Kharif,Maize,34,63,1.852941176
Rajasthan,BHARATPUR,2003,Kharif,Moong(Green Gram),43,27,0.627906977
Rajasthan,BHARATPUR,2003,Kharif,Moth,74,39,0.527027027
Rajasthan,BHARATPUR,2003,Kharif,Other Kharif pulses,15,8,0.533333333
Rajasthan,BHARATPUR,2003,Kharif,Rice,2044,2428,1.187866928
Rajasthan,BHARATPUR,2003,Kharif,Sesamum,932,524,0.56223176
Rajasthan,BHARATPUR,2003,Kharif,Small millets,8,4,0.5
Rajasthan,BHARATPUR,2003,Kharif,Sunflower,29,29,1
Rajasthan,BHARATPUR,2003,Kharif,Urad,86,45,0.523255814
Rajasthan,BHARATPUR,2003,Rabi,Barley,3892,12623,3.24331963
Rajasthan,BHARATPUR,2003,Rabi,Gram,16608,18597,1.119761561
Rajasthan,BHARATPUR,2003,Rabi,Masoor,15089,21306,1.412022003
Rajasthan,BHARATPUR,2003,Rabi,Other  Rabi pulses,13,13,1
Rajasthan,BHARATPUR,2003,Rabi,Peas & beans (Pulses),152,264,1.736842105
Rajasthan,BHARATPUR,2003,Rabi,Rapeseed &Mustard,193092,281972,1.460298718
Rajasthan,BHARATPUR,2003,Rabi,Wheat,142184,535114,3.763531762
Rajasthan,BHARATPUR,2003,Whole Year,Citrus Fruit,505,0,0
Rajasthan,BHARATPUR,2003,Whole Year,Dry chillies,670,1667,2.488059701
Rajasthan,BHARATPUR,2003,Whole Year,Garlic,3,12,4
Rajasthan,BHARATPUR,2003,Whole Year,Guar seed,5438,,
Rajasthan,BHARATPUR,2003,Whole Year,Mango,73,0,0
Rajasthan,BHARATPUR,2003,Whole Year,Onion,46,250,5.434782609
Rajasthan,BHARATPUR,2003,Whole Year,other fibres,4091,0,0
Rajasthan,BHARATPUR,2003,Whole Year,Other Fresh Fruits,296,0,0
Rajasthan,BHARATPUR,2003,Whole Year,other oilseeds,18,15,0.833333333
Rajasthan,BHARATPUR,2003,Whole Year,Other Vegetables,1584,0,0
Rajasthan,BHARATPUR,2003,Whole Year,Papaya,21,21,1
Rajasthan,BHARATPUR,2003,Whole Year,Pome Fruit,54,0,0
Rajasthan,BHARATPUR,2003,Whole Year,Potato,1141,13904,12.18580193
Rajasthan,BHARATPUR,2003,Whole Year,Sannhamp,109,22,0.201834862
Rajasthan,BHARATPUR,2003,Whole Year,Sugarcane,49,2265,46.2244898
Rajasthan,BHARATPUR,2003,Whole Year,Sweet potato,293,1643,5.607508532
Rajasthan,BHARATPUR,2003,Whole Year,Tobacco,1,,
Rajasthan,BHARATPUR,2004,Kharif,Arhar/Tur,140,120,0.857142857
Rajasthan,BHARATPUR,2004,Kharif,Bajra,92231,118264,1.282258677
Rajasthan,BHARATPUR,2004,Kharif,Castor seed,4,4,1
Rajasthan,BHARATPUR,2004,Kharif,Cotton(lint),1595,2788,1.747962382
Rajasthan,BHARATPUR,2004,Kharif,Groundnut,29,45,1.551724138
Rajasthan,BHARATPUR,2004,Kharif,Jowar,45208,22024,0.487170412
Rajasthan,BHARATPUR,2004,Kharif,Maize,25,30,1.2
Rajasthan,BHARATPUR,2004,Kharif,Moong(Green Gram),56,15,0.267857143
Rajasthan,BHARATPUR,2004,Kharif,Moth,65,9,0.138461538
Rajasthan,BHARATPUR,2004,Kharif,Other Kharif pulses,36,11,0.305555556
Rajasthan,BHARATPUR,2004,Kharif,Rice,1354,1206,0.890694239
Rajasthan,BHARATPUR,2004,Kharif,Sesamum,1534,681,0.443937419
Rajasthan,BHARATPUR,2004,Kharif,Small millets,13,4,0.307692308
Rajasthan,BHARATPUR,2004,Kharif,Soyabean,10,14,1.4
Rajasthan,BHARATPUR,2004,Kharif,Urad,52,19,0.365384615
Rajasthan,BHARATPUR,2004,Rabi,Barley,2494,6318,2.533279872
Rajasthan,BHARATPUR,2004,Rabi,Gram,7515,8762,1.165934797
Rajasthan,BHARATPUR,2004,Rabi,Masoor,15803,16404,1.038030754
Rajasthan,BHARATPUR,2004,Rabi,Other  Rabi pulses,94,264,2.808510638
Rajasthan,BHARATPUR,2004,Rabi,Rapeseed &Mustard,236816,297498,1.256241132
Rajasthan,BHARATPUR,2004,Rabi,Wheat,111319,324549,2.915486125
Rajasthan,BHARATPUR,2004,Whole Year,Coriander,1,1,1
Rajasthan,BHARATPUR,2004,Whole Year,Dry chillies,923,4388,4.754062839
Rajasthan,BHARATPUR,2004,Whole Year,Garlic,2,5,2.5
Rajasthan,BHARATPUR,2004,Whole Year,Guar seed,4129,3585,0.868248971
Rajasthan,BHARATPUR,2004,Whole Year,Onion,88,401,4.556818182
Rajasthan,BHARATPUR,2004,Whole Year,Potato,851,10482,12.3172738
Rajasthan,BHARATPUR,2004,Whole Year,Sannhamp,33,29,0.878787879
Rajasthan,BHARATPUR,2004,Whole Year,Sugarcane,35,2104,60.11428571
Rajasthan,BHARATPUR,2004,Whole Year,Sweet potato,299,1195,3.996655518
Rajasthan,BHARATPUR,2004,Whole Year,Tobacco,1,1,1
Rajasthan,BHARATPUR,2005,Kharif,Arhar/Tur,133,87,0.654135338
Rajasthan,BHARATPUR,2005,Kharif,Bajra,103465,125452,1.212506645
Rajasthan,BHARATPUR,2005,Kharif,Castor seed,3,3,1
Rajasthan,BHARATPUR,2005,Kharif,Cotton(lint),1433,2676,1.867411026
Rajasthan,BHARATPUR,2005,Kharif,Groundnut,44,68,1.545454545
Rajasthan,BHARATPUR,2005,Kharif,Jowar,50263,28448,0.56598293
Rajasthan,BHARATPUR,2005,Kharif,Maize,20,22,1.1
Rajasthan,BHARATPUR,2005,Kharif,Moong(Green Gram),46,7,0.152173913
Rajasthan,BHARATPUR,2005,Kharif,Moth,60,7,0.116666667
Rajasthan,BHARATPUR,2005,Kharif,Other Kharif pulses,13,3,0.230769231
Rajasthan,BHARATPUR,2005,Kharif,Rice,3368,7351,2.18260095
Rajasthan,BHARATPUR,2005,Kharif,Sesamum,1591,745,0.468258957
Rajasthan,BHARATPUR,2005,Kharif,Small millets,12,14,1.166666667
Rajasthan,BHARATPUR,2005,Kharif,Soyabean,4,5,1.25
Rajasthan,BHARATPUR,2005,Kharif,Urad,90,22,0.244444444
Rajasthan,BHARATPUR,2005,Rabi,Barley,2906,7846,2.699931177
Rajasthan,BHARATPUR,2005,Rabi,Gram,4963,4906,0.988515011
Rajasthan,BHARATPUR,2005,Rabi,Masoor,6008,6873,1.1439747
Rajasthan,BHARATPUR,2005,Rabi,Peas & beans (Pulses),83,137,1.65060241
Rajasthan,BHARATPUR,2005,Rabi,Rapeseed &Mustard,241978,310435,1.282905884
Rajasthan,BHARATPUR,2005,Rabi,Wheat,119191,446796,3.74857162
Rajasthan,BHARATPUR,2005,Whole Year,Dry chillies,379,1780,4.696569921
Rajasthan,BHARATPUR,2005,Whole Year,Guar seed,3141,2864,0.911811525
Rajasthan,BHARATPUR,2005,Whole Year,Onion,35,303,8.657142857
Rajasthan,BHARATPUR,2005,Whole Year,Potato,1221,14881,12.18755119
Rajasthan,BHARATPUR,2005,Whole Year,Sannhamp,30,14,0.466666667
Rajasthan,BHARATPUR,2005,Whole Year,Sugarcane,43,2685,62.44186047
Rajasthan,BHARATPUR,2005,Whole Year,Sweet potato,116,396,3.413793103
Rajasthan,BHARATPUR,2005,Whole Year,Tobacco,1,1,1
Rajasthan,BHARATPUR,2006,Kharif,Arhar/Tur,84,79,0.94047619
Rajasthan,BHARATPUR,2006,Kharif,Bajra,103728,160499,1.547306417
Rajasthan,BHARATPUR,2006,Kharif,Castor seed,12,9,0.75
Rajasthan,BHARATPUR,2006,Kharif,Cotton(lint),492,179,0.363821138
Rajasthan,BHARATPUR,2006,Kharif,Groundnut,27,35,1.296296296
Rajasthan,BHARATPUR,2006,Kharif,Jowar,52943,32932,0.622027463
Rajasthan,BHARATPUR,2006,Kharif,Maize,16,17,1.0625
Rajasthan,BHARATPUR,2006,Kharif,Moong(Green Gram),39,14,0.358974359
Rajasthan,BHARATPUR,2006,Kharif,Moth,209,35,0.167464115
Rajasthan,BHARATPUR,2006,Kharif,Other Kharif pulses,22,9,0.409090909
Rajasthan,BHARATPUR,2006,Kharif,Rice,878,638,0.726651481
Rajasthan,BHARATPUR,2006,Kharif,Sesamum,2112,791,0.374526515
Rajasthan,BHARATPUR,2006,Kharif,Small millets,63,21,0.333333333
Rajasthan,BHARATPUR,2006,Kharif,Soyabean,1,1,1
Rajasthan,BHARATPUR,2006,Kharif,Urad,47,14,0.29787234
Rajasthan,BHARATPUR,2006,Rabi,Barley,4002,11913,2.976761619
Rajasthan,BHARATPUR,2006,Rabi,Gram,4038,4226,1.046557702
Rajasthan,BHARATPUR,2006,Rabi,Masoor,944,1027,1.087923729
Rajasthan,BHARATPUR,2006,Rabi,Peas & beans (Pulses),35,64,1.828571429
Rajasthan,BHARATPUR,2006,Rabi,Rapeseed &Mustard,210319,281294,1.337463567
Rajasthan,BHARATPUR,2006,Rabi,Wheat,147831,491178,3.322564279
Rajasthan,BHARATPUR,2006,Whole Year,Dry chillies,393,1377,3.503816794
Rajasthan,BHARATPUR,2006,Whole Year,Garlic,1,1,1
Rajasthan,BHARATPUR,2006,Whole Year,Guar seed,3591,3528,0.98245614
Rajasthan,BHARATPUR,2006,Whole Year,Onion,142,744,5.23943662
Rajasthan,BHARATPUR,2006,Whole Year,Potato,1895,26663,14.0701847
Rajasthan,BHARATPUR,2006,Whole Year,Sannhamp,16,15,0.9375
Rajasthan,BHARATPUR,2006,Whole Year,Sugarcane,121,9891,81.74380165
Rajasthan,BHARATPUR,2006,Whole Year,Sweet potato,100,439,4.39
Rajasthan,BHARATPUR,2007,Kharif,Arhar/Tur,166,115,0.692771084
Rajasthan,BHARATPUR,2007,Kharif,Bajra,111933,173324,1.548462026
Rajasthan,BHARATPUR,2007,Kharif,Castor seed,23,3,0.130434783
Rajasthan,BHARATPUR,2007,Kharif,Cotton(lint),306,122,0.39869281
Rajasthan,BHARATPUR,2007,Kharif,Groundnut,7,12,1.714285714
Rajasthan,BHARATPUR,2007,Kharif,Jowar,52097,40932,0.785688235
Rajasthan,BHARATPUR,2007,Kharif,Maize,12,22,1.833333333
Rajasthan,BHARATPUR,2007,Kharif,Moong(Green Gram),105,41,0.39047619
Rajasthan,BHARATPUR,2007,Kharif,Moth,147,46,0.31292517
Rajasthan,BHARATPUR,2007,Kharif,Other Kharif pulses,11,4,0.363636364
Rajasthan,BHARATPUR,2007,Kharif,Rice,684,1114,1.628654971
Rajasthan,BHARATPUR,2007,Kharif,Sesamum,2067,833,0.402999516
Rajasthan,BHARATPUR,2007,Kharif,Small millets,3,3,1
Rajasthan,BHARATPUR,2007,Kharif,Soyabean,1,1,1
Rajasthan,BHARATPUR,2007,Kharif,Urad,98,52,0.530612245
Rajasthan,BHARATPUR,2007,Rabi,Barley,4581,12034,2.62693735
Rajasthan,BHARATPUR,2007,Rabi,Gram,3636,2873,0.790154015
Rajasthan,BHARATPUR,2007,Rabi,Masoor,511,363,0.71037182
Rajasthan,BHARATPUR,2007,Rabi,other oilseeds,384,104,0.270833333
Rajasthan,BHARATPUR,2007,Rabi,Peas & beans (Pulses),138,176,1.275362319
Rajasthan,BHARATPUR,2007,Rabi,Rapeseed &Mustard,192125,242464,1.262011711
Rajasthan,BHARATPUR,2007,Rabi,Wheat,157414,522525,3.319431563
Rajasthan,BHARATPUR,2007,Whole Year,Coriander,13,10,0.769230769
Rajasthan,BHARATPUR,2007,Whole Year,Dry chillies,602,1843,3.061461794
Rajasthan,BHARATPUR,2007,Whole Year,Garlic,10,25,2.5
Rajasthan,BHARATPUR,2007,Whole Year,Guar seed,6816,5994,0.879401408
Rajasthan,BHARATPUR,2007,Whole Year,Onion,250,1082,4.328
Rajasthan,BHARATPUR,2007,Whole Year,Potato,3916,45199,11.54213483
Rajasthan,BHARATPUR,2007,Whole Year,Sannhamp,15,6,0.4
Rajasthan,BHARATPUR,2007,Whole Year,Sugarcane,99,5428,54.82828283
Rajasthan,BHARATPUR,2007,Whole Year,Sweet potato,201,920,4.577114428
Rajasthan,BHARATPUR,2008,Kharif,Arhar/Tur,257,225,0.875486381
Rajasthan,BHARATPUR,2008,Kharif,Bajra,100146,157434,1.572044815
Rajasthan,BHARATPUR,2008,Kharif,Castor seed,14,9,0.642857143
Rajasthan,BHARATPUR,2008,Kharif,Cotton(lint),125,51,0.408
Rajasthan,BHARATPUR,2008,Kharif,Groundnut,16,27,1.6875
Rajasthan,BHARATPUR,2008,Kharif,Jowar,42653,28748,0.67399714
Rajasthan,BHARATPUR,2008,Kharif,Maize,6,10,1.666666667
Rajasthan,BHARATPUR,2008,Kharif,Moong(Green Gram),253,107,0.422924901
Rajasthan,BHARATPUR,2008,Kharif,Moth,90,24,0.266666667
Rajasthan,BHARATPUR,2008,Kharif,Other Kharif pulses,5,3,0.6
Rajasthan,BHARATPUR,2008,Kharif,Rice,2281,2766,1.212626041
Rajasthan,BHARATPUR,2008,Kharif,Sesamum,2035,595,0.292383292
Rajasthan,BHARATPUR,2008,Kharif,Urad,106,31,0.29245283
Rajasthan,BHARATPUR,2008,Rabi,Barley,3592,12612,3.511135857
Rajasthan,BHARATPUR,2008,Rabi,Gram,6176,8190,1.326101036
Rajasthan,BHARATPUR,2008,Rabi,Linseed,2,1,0.5
Rajasthan,BHARATPUR,2008,Rabi,Masoor,2726,3429,1.257887014
Rajasthan,BHARATPUR,2008,Rabi,other oilseeds,197,72,0.365482234
Rajasthan,BHARATPUR,2008,Rabi,Peas & beans (Pulses),89,175,1.966292135
Rajasthan,BHARATPUR,2008,Rabi,Rapeseed &Mustard,223223,366371,1.641278005
Rajasthan,BHARATPUR,2008,Rabi,Wheat,133758,551718,4.124747679
Rajasthan,BHARATPUR,2008,Whole Year,Coriander,12,14,1.166666667
Rajasthan,BHARATPUR,2008,Whole Year,Dry chillies,352,1931,5.485795455
Rajasthan,BHARATPUR,2008,Whole Year,Garlic,1,1,1
Rajasthan,BHARATPUR,2008,Whole Year,Guar seed,6332,6169,0.974257738
Rajasthan,BHARATPUR,2008,Whole Year,Onion,23,143,6.217391304
Rajasthan,BHARATPUR,2008,Whole Year,Potato,3250,35147,10.81446154
Rajasthan,BHARATPUR,2008,Whole Year,Sannhamp,19,190,10
Rajasthan,BHARATPUR,2008,Whole Year,Sugarcane,58,3088,53.24137931
Rajasthan,BHARATPUR,2008,Whole Year,Sweet potato,139,,
Rajasthan,BHARATPUR,2008,Whole Year,Tobacco,1,,
Rajasthan,BHARATPUR,2009,Kharif,Arhar/Tur,206,203,0.985436893
Rajasthan,BHARATPUR,2009,Kharif,Bajra,121235,193505,1.596114983
Rajasthan,BHARATPUR,2009,Kharif,Castor seed,6,5,0.833333333
Rajasthan,BHARATPUR,2009,Kharif,Cotton(lint),149,52,0.348993289
Rajasthan,BHARATPUR,2009,Kharif,Groundnut,18,20,1.111111111
Rajasthan,BHARATPUR,2009,Kharif,Jowar,60691,33549,0.552783774
Rajasthan,BHARATPUR,2009,Kharif,Maize,6,6,1
Rajasthan,BHARATPUR,2009,Kharif,Moong(Green Gram),50,2,0.04
Rajasthan,BHARATPUR,2009,Kharif,Moth,73,2,0.02739726
Rajasthan,BHARATPUR,2009,Kharif,Other Kharif pulses,5,1,0.2
Rajasthan,BHARATPUR,2009,Kharif,Rice,1865,3303,1.771045576
Rajasthan,BHARATPUR,2009,Kharif,Sesamum,2131,346,0.162365087
Rajasthan,BHARATPUR,2009,Kharif,Urad,89,23,0.258426966
Rajasthan,BHARATPUR,2009,Rabi,Barley,3593,11419,3.17812413
Rajasthan,BHARATPUR,2009,Rabi,Gram,6600,7900,1.196969697
Rajasthan,BHARATPUR,2009,Rabi,Masoor,2036,1755,0.861984283
Rajasthan,BHARATPUR,2009,Rabi,Other  Rabi pulses,149,392,2.630872483
Rajasthan,BHARATPUR,2009,Rabi,other oilseeds,1037,382,0.368370299
Rajasthan,BHARATPUR,2009,Rabi,Rapeseed &Mustard,200126,346158,1.729700289
Rajasthan,BHARATPUR,2009,Rabi,Wheat,160732,630274,3.921272678
Rajasthan,BHARATPUR,2009,Whole Year,Coriander,21,25,1.19047619
Rajasthan,BHARATPUR,2009,Whole Year,Dry chillies,319,1420,4.451410658
Rajasthan,BHARATPUR,2009,Whole Year,Guar seed,4461,4253,0.953373683
Rajasthan,BHARATPUR,2009,Whole Year,Onion,6,24,4
Rajasthan,BHARATPUR,2009,Whole Year,Potato,3088,37103,12.01522021
Rajasthan,BHARATPUR,2009,Whole Year,Sannhamp,11,110,10
Rajasthan,BHARATPUR,2009,Whole Year,Sugarcane,16,846,52.875
Rajasthan,BHARATPUR,2009,Whole Year,Sweet potato,96,,
Rajasthan,BHARATPUR,2010,Kharif,Arhar/Tur,301,301,1
Rajasthan,BHARATPUR,2010,Kharif,Bajra,122028,235022,1.925967811
Rajasthan,BHARATPUR,2010,Kharif,Castor seed,14,14,1
Rajasthan,BHARATPUR,2010,Kharif,Cotton(lint),97,42,0.432989691
Rajasthan,BHARATPUR,2010,Kharif,Groundnut,63,124,1.968253968
Rajasthan,BHARATPUR,2010,Kharif,Jowar,54932,34170,0.622041797
Rajasthan,BHARATPUR,2010,Kharif,Maize,5,9,1.8
Rajasthan,BHARATPUR,2010,Kharif,Moong(Green Gram),125,78,0.624
Rajasthan,BHARATPUR,2010,Kharif,Moth,53,26,0.490566038
Rajasthan,BHARATPUR,2010,Kharif,Other Kharif pulses,11,6,0.545454545
Rajasthan,BHARATPUR,2010,Kharif,Rice,1536,3095,2.014973958
Rajasthan,BHARATPUR,2010,Kharif,Sesamum,2748,1120,0.407569141
Rajasthan,BHARATPUR,2010,Kharif,Urad,100,74,0.74
Rajasthan,BHARATPUR,2010,Rabi,Barley,2708,8157,3.012186115
Rajasthan,BHARATPUR,2010,Rabi,Gram,4885,8572,1.754759468
Rajasthan,BHARATPUR,2010,Rabi,Linseed,28,28,1
Rajasthan,BHARATPUR,2010,Rabi,Masoor,2981,3879,1.301241194
Rajasthan,BHARATPUR,2010,Rabi,Other  Rabi pulses,108,178,1.648148148
Rajasthan,BHARATPUR,2010,Rabi,other oilseeds,632,258,0.408227848
Rajasthan,BHARATPUR,2010,Rabi,Rapeseed &Mustard,202688,374189,1.846132973
Rajasthan,BHARATPUR,2010,Rabi,Wheat,157196,704731,4.483135703
Rajasthan,BHARATPUR,2010,Whole Year,Coriander,13,14,1.076923077
Rajasthan,BHARATPUR,2010,Whole Year,Dry chillies,310,706,2.277419355
Rajasthan,BHARATPUR,2010,Whole Year,Guar seed,2967,4338,1.462082912
Rajasthan,BHARATPUR,2010,Whole Year,Onion,26,92,3.538461538
Rajasthan,BHARATPUR,2010,Whole Year,Potato,3819,44284,11.59570568
Rajasthan,BHARATPUR,2010,Whole Year,Sannhamp,2,60,30
Rajasthan,BHARATPUR,2010,Whole Year,Sugarcane,49,3284,67.02040816
Rajasthan,BHARATPUR,2010,Whole Year,Sweet potato,112,461,4.116071429
Rajasthan,BHILWARA,1997,Kharif,Bajra,900,500,0.555555556
Rajasthan,BHILWARA,1997,Kharif,Cotton(lint),23100,41764,1.807965368
Rajasthan,BHILWARA,1997,Kharif,Groundnut,25900,27900,1.077220077
Rajasthan,BHILWARA,1997,Kharif,Jowar,27100,13600,0.501845018
Rajasthan,BHILWARA,1997,Kharif,Maize,158000,205000,1.297468354
Rajasthan,BHILWARA,1997,Kharif,Onion,200,600,3
Rajasthan,BHILWARA,1997,Kharif,Rice,200,200,1
Rajasthan,BHILWARA,1997,Kharif,Sesamum,10800,2500,0.231481481
Rajasthan,BHILWARA,1997,Kharif,Soyabean,1200,1500,1.25
Rajasthan,BHILWARA,1997,Kharif,Sugarcane,600,19500,32.5
Rajasthan,BHILWARA,1997,Rabi,Barley,20700,42900,2.072463768
Rajasthan,BHILWARA,1997,Rabi,Gram,62400,74500,1.193910256
Rajasthan,BHILWARA,1997,Rabi,Linseed,100,100,1
Rajasthan,BHILWARA,1997,Rabi,Rapeseed &Mustard,31000,22500,0.725806452
Rajasthan,BHILWARA,1997,Rabi,Wheat,116100,314200,2.706287683
Rajasthan,BHILWARA,1998,Kharif,Arhar/Tur,22,29,1.318181818
Rajasthan,BHILWARA,1998,Kharif,Bajra,876,377,0.430365297
Rajasthan,BHILWARA,1998,Kharif,Castor seed,7,10,1.428571429
Rajasthan,BHILWARA,1998,Kharif,Cotton(lint),18330,5242,0.285979269
Rajasthan,BHILWARA,1998,Kharif,Groundnut,20249,10194,0.503432268
Rajasthan,BHILWARA,1998,Kharif,Jowar,28602,1939,0.067792462
Rajasthan,BHILWARA,1998,Kharif,Maize,151179,79597,0.526508311
Rajasthan,BHILWARA,1998,Kharif,Moong(Green Gram),6908,47,0.006803706
Rajasthan,BHILWARA,1998,Kharif,Moth,14,2,0.142857143
Rajasthan,BHILWARA,1998,Kharif,Other Kharif pulses,1988,,
Rajasthan,BHILWARA,1998,Kharif,Rice,335,410,1.223880597
Rajasthan,BHILWARA,1998,Kharif,Sannhamp,480,9,0.01875
Rajasthan,BHILWARA,1998,Kharif,Sesamum,9828,1017,0.103479853
Rajasthan,BHILWARA,1998,Kharif,Soyabean,2468,3247,1.315640194
Rajasthan,BHILWARA,1998,Kharif,Urad,14103,1194,0.084662838
Rajasthan,BHILWARA,1998,Rabi,Barley,17682,30593,1.730177582
Rajasthan,BHILWARA,1998,Rabi,Gram,78235,35745,0.456892695
Rajasthan,BHILWARA,1998,Rabi,Linseed,119,15,0.12605042
Rajasthan,BHILWARA,1998,Rabi,Masoor,4520,2129,0.471017699
Rajasthan,BHILWARA,1998,Rabi,Other  Rabi pulses,26,29,1.115384615
Rajasthan,BHILWARA,1998,Rabi,Peas & beans (Pulses),193,239,1.238341969
Rajasthan,BHILWARA,1998,Rabi,Rapeseed &Mustard,19325,18600,0.962483829
Rajasthan,BHILWARA,1998,Rabi,Tobacco,26,21,0.807692308
Rajasthan,BHILWARA,1998,Rabi,Wheat,88280,196421,2.224977345
Rajasthan,BHILWARA,1998,Whole Year,Coriander,13,12,0.923076923
Rajasthan,BHILWARA,1998,Whole Year,Dry chillies,2108,1664,0.789373814
Rajasthan,BHILWARA,1998,Whole Year,Garlic,436,1965,4.506880734
Rajasthan,BHILWARA,1998,Whole Year,Onion,208,646,3.105769231
Rajasthan,BHILWARA,1998,Whole Year,Potato,19,21,1.105263158
Rajasthan,BHILWARA,1998,Whole Year,Sugarcane,552,20726,37.54710145
Rajasthan,BHILWARA,1998,Whole Year,Sweet potato,16,40,2.5
Rajasthan,BHILWARA,1998,Whole Year,Turmeric,20,22,1.1
Rajasthan,BHILWARA,1999,Kharif,Arhar/Tur,6,2,0.333333333
Rajasthan,BHILWARA,1999,Kharif,Bajra,894,305,0.341163311
Rajasthan,BHILWARA,1999,Kharif,Castor seed,3,1,0.333333333
Rajasthan,BHILWARA,1999,Kharif,Cotton(lint),11821,1935,0.163691735
Rajasthan,BHILWARA,1999,Kharif,Groundnut,16236,14461,0.890675043
Rajasthan,BHILWARA,1999,Kharif,Jowar,29612,12115,0.409124679
Rajasthan,BHILWARA,1999,Kharif,Maize,152736,128791,0.84322622
Rajasthan,BHILWARA,1999,Kharif,Moong(Green Gram),6367,668,0.104915973
Rajasthan,BHILWARA,1999,Kharif,Moth,7,,
Rajasthan,BHILWARA,1999,Kharif,Other Kharif pulses,1406,33,0.023470839
Rajasthan,BHILWARA,1999,Kharif,Rice,819,1033,1.261294261
Rajasthan,BHILWARA,1999,Kharif,Sesamum,10760,1719,0.159758364
Rajasthan,BHILWARA,1999,Kharif,Soyabean,1506,1838,1.220451527
Rajasthan,BHILWARA,1999,Kharif,Urad,8359,2011,0.240579017
Rajasthan,BHILWARA,1999,Rabi,Barley,8517,12252,1.438534695
Rajasthan,BHILWARA,1999,Rabi,Gram,21328,10900,0.511065266
Rajasthan,BHILWARA,1999,Rabi,Linseed,17,4,0.235294118
Rajasthan,BHILWARA,1999,Rabi,Masoor,3804,4209,1.106466877
Rajasthan,BHILWARA,1999,Rabi,Other  Rabi pulses,29,29,1
Rajasthan,BHILWARA,1999,Rabi,Peas & beans (Pulses),124,189,1.524193548
Rajasthan,BHILWARA,1999,Rabi,Rapeseed &Mustard,24904,22858,0.917844523
Rajasthan,BHILWARA,1999,Rabi,Wheat,63638,148710,2.336811339
Rajasthan,BHILWARA,1999,Whole Year,Coriander,5,2,0.4
Rajasthan,BHILWARA,1999,Whole Year,Dry chillies,2669,2107,0.789434245
Rajasthan,BHILWARA,1999,Whole Year,Garlic,773,2961,3.830530401
Rajasthan,BHILWARA,1999,Whole Year,Guar seed,51616,11338,0.21966057
Rajasthan,BHILWARA,1999,Whole Year,Onion,254,984,3.874015748
Rajasthan,BHILWARA,1999,Whole Year,Potato,9,29,3.222222222
Rajasthan,BHILWARA,1999,Whole Year,Sannhamp,229,66,0.288209607
Rajasthan,BHILWARA,1999,Whole Year,Sugarcane,272,7313,26.88602941
Rajasthan,BHILWARA,1999,Whole Year,Sweet potato,16,26,1.625
Rajasthan,BHILWARA,1999,Whole Year,Tapioca,9,24,2.666666667
Rajasthan,BHILWARA,1999,Whole Year,Tobacco,44,17,0.386363636
Rajasthan,BHILWARA,1999,Whole Year,Turmeric,44,88,2
Rajasthan,BHILWARA,2000,Kharif,Arhar/Tur,2,,
Rajasthan,BHILWARA,2000,Kharif,Bajra,860,379,0.440697674
Rajasthan,BHILWARA,2000,Kharif,Castor seed,32,15,0.46875
Rajasthan,BHILWARA,2000,Kharif,Cotton(lint),7427,9059,1.219738791
Rajasthan,BHILWARA,2000,Kharif,Groundnut,10096,10566,1.04655309
Rajasthan,BHILWARA,2000,Kharif,Jowar,36069,5060,0.140286673
Rajasthan,BHILWARA,2000,Kharif,Maize,159361,170259,1.068385615
Rajasthan,BHILWARA,2000,Kharif,Moong(Green Gram),8955,1321,0.147515355
Rajasthan,BHILWARA,2000,Kharif,Other Kharif pulses,1071,10,0.009337068
Rajasthan,BHILWARA,2000,Kharif,Rice,314,294,0.936305732
Rajasthan,BHILWARA,2000,Kharif,Sesamum,13052,1832,0.14036163
Rajasthan,BHILWARA,2000,Kharif,Soyabean,1011,699,0.691394659
Rajasthan,BHILWARA,2000,Kharif,Urad,13052,4220,0.323322096
Rajasthan,BHILWARA,2000,Rabi,Barley,7806,15189,1.945810915
Rajasthan,BHILWARA,2000,Rabi,Gram,7152,5628,0.786912752
Rajasthan,BHILWARA,2000,Rabi,Linseed,110,66,0.6
Rajasthan,BHILWARA,2000,Rabi,Masoor,3986,4470,1.121424987
Rajasthan,BHILWARA,2000,Rabi,Other  Rabi pulses,70,64,0.914285714
Rajasthan,BHILWARA,2000,Rabi,Peas & beans (Pulses),95,104,1.094736842
Rajasthan,BHILWARA,2000,Rabi,Rapeseed &Mustard,6160,5720,0.928571429
Rajasthan,BHILWARA,2000,Rabi,Wheat,50381,95371,1.892995375
Rajasthan,BHILWARA,2000,Whole Year,Coriander,20,9,0.45
Rajasthan,BHILWARA,2000,Whole Year,Dry chillies,1297,660,0.508866615
Rajasthan,BHILWARA,2000,Whole Year,Garlic,412,1584,3.844660194
Rajasthan,BHILWARA,2000,Whole Year,Guar seed,47300,493,0.010422833
Rajasthan,BHILWARA,2000,Whole Year,Onion,151,417,2.761589404
Rajasthan,BHILWARA,2000,Whole Year,Potato,4,15,3.75
Rajasthan,BHILWARA,2000,Whole Year,Sannhamp,232,8,0.034482759
Rajasthan,BHILWARA,2000,Whole Year,Sugarcane,128,3128,24.4375
Rajasthan,BHILWARA,2000,Whole Year,Sweet potato,2,3,1.5
Rajasthan,BHILWARA,2000,Whole Year,Tobacco,12,3,0.25
Rajasthan,BHILWARA,2000,Whole Year,Turmeric,19,73,3.842105263
Rajasthan,BHILWARA,2001,Kharif,Arhar/Tur,3,2,0.666666667
Rajasthan,BHILWARA,2001,Kharif,Bajra,1292,962,0.744582043
Rajasthan,BHILWARA,2001,Kharif,Castor seed,4,1,0.25
Rajasthan,BHILWARA,2001,Kharif,Cotton(lint),6731,6547,0.972663794
Rajasthan,BHILWARA,2001,Kharif,Groundnut,13259,14258,1.075345049
Rajasthan,BHILWARA,2001,Kharif,Jowar,39185,16960,0.432818681
Rajasthan,BHILWARA,2001,Kharif,Maize,173359,270772,1.56191487
Rajasthan,BHILWARA,2001,Kharif,Moong(Green Gram),11180,4986,0.445974955
Rajasthan,BHILWARA,2001,Kharif,Moth,3,1,0.333333333
Rajasthan,BHILWARA,2001,Kharif,Other Kharif pulses,895,877,0.979888268
Rajasthan,BHILWARA,2001,Kharif,Rice,256,319,1.24609375
Rajasthan,BHILWARA,2001,Kharif,Sesamum,19167,6329,0.330202953
Rajasthan,BHILWARA,2001,Kharif,Soyabean,538,587,1.091078067
Rajasthan,BHILWARA,2001,Kharif,Urad,30561,14430,0.472170413
Rajasthan,BHILWARA,2001,Rabi,Barley,12605,31203,2.475446251
Rajasthan,BHILWARA,2001,Rabi,Gram,23060,24046,1.042758023
Rajasthan,BHILWARA,2001,Rabi,Linseed,107,84,0.785046729
Rajasthan,BHILWARA,2001,Rabi,Masoor,3115,3618,1.161476726
Rajasthan,BHILWARA,2001,Rabi,Other  Rabi pulses,235,234,0.995744681
Rajasthan,BHILWARA,2001,Rabi,Peas & beans (Pulses),114,102,0.894736842
Rajasthan,BHILWARA,2001,Rabi,Rapeseed &Mustard,21107,20624,0.977116596
Rajasthan,BHILWARA,2001,Rabi,Wheat,87685,193310,2.204595997
Rajasthan,BHILWARA,2001,Whole Year,Coriander,25,9,0.36
Rajasthan,BHILWARA,2001,Whole Year,Dry chillies,1934,1880,0.972078594
Rajasthan,BHILWARA,2001,Whole Year,Garlic,530,1970,3.716981132
Rajasthan,BHILWARA,2001,Whole Year,Guar seed,11674,1168,0.100051396
Rajasthan,BHILWARA,2001,Whole Year,Onion,150,586,3.906666667
Rajasthan,BHILWARA,2001,Whole Year,Potato,10,35,3.5
Rajasthan,BHILWARA,2001,Whole Year,Sannhamp,210,81,0.385714286
Rajasthan,BHILWARA,2001,Whole Year,Sugarcane,83,2945,35.48192771
Rajasthan,BHILWARA,2001,Whole Year,Sweet potato,21,52,2.476190476
Rajasthan,BHILWARA,2001,Whole Year,Tobacco,31,13,0.419354839
Rajasthan,BHILWARA,2001,Whole Year,Turmeric,18,54,3
Rajasthan,BHILWARA,2002,Kharif,Arhar/Tur,5,,
Rajasthan,BHILWARA,2002,Kharif,Bajra,2326,519,0.223129837
Rajasthan,BHILWARA,2002,Kharif,Castor seed,12,1,0.083333333
Rajasthan,BHILWARA,2002,Kharif,Cotton(lint),10641,2965,0.278639226
Rajasthan,BHILWARA,2002,Kharif,Groundnut,12779,6033,0.472102668
Rajasthan,BHILWARA,2002,Kharif,Jowar,38232,471,0.012319523
Rajasthan,BHILWARA,2002,Kharif,Maize,153637,40935,0.266439725
Rajasthan,BHILWARA,2002,Kharif,Moong(Green Gram),9524,104,0.010919782
Rajasthan,BHILWARA,2002,Kharif,Other Kharif pulses,1247,0,0
Rajasthan,BHILWARA,2002,Kharif,Rice,242,197,0.814049587
Rajasthan,BHILWARA,2002,Kharif,Sesamum,18828,971,0.051572127
Rajasthan,BHILWARA,2002,Kharif,Soyabean,572,287,0.501748252
Rajasthan,BHILWARA,2002,Kharif,Urad,45845,2514,0.054836951
Rajasthan,BHILWARA,2002,Rabi,Barley,3339,4984,1.492662474
Rajasthan,BHILWARA,2002,Rabi,Gram,1683,1065,0.632798574
Rajasthan,BHILWARA,2002,Rabi,Linseed,14,10,0.714285714
Rajasthan,BHILWARA,2002,Rabi,Masoor,1755,1897,1.080911681
Rajasthan,BHILWARA,2002,Rabi,Other  Rabi pulses,5,0,0
Rajasthan,BHILWARA,2002,Rabi,Peas & beans (Pulses),72,90,1.25
Rajasthan,BHILWARA,2002,Rabi,Rapeseed &Mustard,2671,2422,0.906776488
Rajasthan,BHILWARA,2002,Rabi,Wheat,24416,50783,2.079906619
Rajasthan,BHILWARA,2002,Whole Year,Citrus Fruit,44,0,0
Rajasthan,BHILWARA,2002,Whole Year,Coriander,7,4,0.571428571
Rajasthan,BHILWARA,2002,Whole Year,Dry chillies,1140,249,0.218421053
Rajasthan,BHILWARA,2002,Whole Year,Garlic,641,2476,3.862714509
Rajasthan,BHILWARA,2002,Whole Year,Guar seed,5644,44,0.007795889
Rajasthan,BHILWARA,2002,Whole Year,Mango,9,0,0
Rajasthan,BHILWARA,2002,Whole Year,Onion,60,264,4.4
Rajasthan,BHILWARA,2002,Whole Year,Other Fresh Fruits,66,0,0
Rajasthan,BHILWARA,2002,Whole Year,Other Vegetables,1002,0,0
Rajasthan,BHILWARA,2002,Whole Year,Papaya,6,1,0.166666667
Rajasthan,BHILWARA,2002,Whole Year,Pome Fruit,63,0,0
Rajasthan,BHILWARA,2002,Whole Year,Potato,25,34,1.36
Rajasthan,BHILWARA,2002,Whole Year,Sannhamp,322,9,0.027950311
Rajasthan,BHILWARA,2002,Whole Year,Sugarcane,71,2857,40.23943662
Rajasthan,BHILWARA,2002,Whole Year,Sweet potato,11,26,2.363636364
Rajasthan,BHILWARA,2002,Whole Year,Tobacco,6,,
Rajasthan,BHILWARA,2002,Whole Year,Turmeric,19,14,0.736842105
Rajasthan,BHILWARA,2002,Whole Year,Water Melon,88,0,0
Rajasthan,BHILWARA,2003,Kharif,Arhar/Tur,1012,289,0.285573123
Rajasthan,BHILWARA,2003,Kharif,Bajra,3578,4067,1.13666853
Rajasthan,BHILWARA,2003,Kharif,Castor seed,77,65,0.844155844
Rajasthan,BHILWARA,2003,Kharif,Cotton(lint),6599,8152,1.235338688
Rajasthan,BHILWARA,2003,Kharif,Groundnut,9137,11706,1.281164496
Rajasthan,BHILWARA,2003,Kharif,Jowar,44780,28596,0.638588656
Rajasthan,BHILWARA,2003,Kharif,Maize,181310,300900,1.65958855
Rajasthan,BHILWARA,2003,Kharif,Moong(Green Gram),14523,8881,0.611512773
Rajasthan,BHILWARA,2003,Kharif,Moth,9,5,0.555555556
Rajasthan,BHILWARA,2003,Kharif,Other Kharif pulses,1341,442,0.329604773
Rajasthan,BHILWARA,2003,Kharif,Rice,190,314,1.652631579
Rajasthan,BHILWARA,2003,Kharif,Sesamum,25969,11581,0.445954792
Rajasthan,BHILWARA,2003,Kharif,Soyabean,385,539,1.4
Rajasthan,BHILWARA,2003,Kharif,Urad,37947,24366,0.642106095
Rajasthan,BHILWARA,2003,Rabi,Barley,4958,8852,1.785397338
Rajasthan,BHILWARA,2003,Rabi,Gram,11786,8058,0.683692517
Rajasthan,BHILWARA,2003,Rabi,Linseed,259,209,0.806949807
Rajasthan,BHILWARA,2003,Rabi,Masoor,3838,3754,0.978113601
Rajasthan,BHILWARA,2003,Rabi,Other  Rabi pulses,87,4,0.045977011
Rajasthan,BHILWARA,2003,Rabi,Peas & beans (Pulses),83,98,1.180722892
Rajasthan,BHILWARA,2003,Rabi,Rapeseed &Mustard,10956,14310,1.306133625
Rajasthan,BHILWARA,2003,Rabi,Wheat,46401,76846,1.656128101
Rajasthan,BHILWARA,2003,Whole Year,Citrus Fruit,38,0,0
Rajasthan,BHILWARA,2003,Whole Year,Coriander,43,53,1.23255814
Rajasthan,BHILWARA,2003,Whole Year,Dry chillies,1014,692,0.682445759
Rajasthan,BHILWARA,2003,Whole Year,Garlic,936,3075,3.28525641
Rajasthan,BHILWARA,2003,Whole Year,Guar seed,10985,,
Rajasthan,BHILWARA,2003,Whole Year,Mango,9,0,0
Rajasthan,BHILWARA,2003,Whole Year,Oilseeds total,4,0,0
Rajasthan,BHILWARA,2003,Whole Year,Onion,82,266,3.243902439
Rajasthan,BHILWARA,2003,Whole Year,Other Fresh Fruits,264,0,0
Rajasthan,BHILWARA,2003,Whole Year,other oilseeds,5704,3712,0.650771388
Rajasthan,BHILWARA,2003,Whole Year,Other Vegetables,1253,0,0
Rajasthan,BHILWARA,2003,Whole Year,Pome Fruit,71,0,0
Rajasthan,BHILWARA,2003,Whole Year,Potato,4,16,4
Rajasthan,BHILWARA,2003,Whole Year,Sannhamp,142,97,0.683098592
Rajasthan,BHILWARA,2003,Whole Year,Sugarcane,36,1341,37.25
Rajasthan,BHILWARA,2003,Whole Year,Sweet potato,9,36,4
Rajasthan,BHILWARA,2003,Whole Year,Tobacco,10,,
Rajasthan,BHILWARA,2003,Whole Year,Turmeric,18,29,1.611111111
Rajasthan,BHILWARA,2003,Whole Year,Water Melon,64,0,0
Rajasthan,BHILWARA,2004,Kharif,Bajra,2265,1486,0.65607064
Rajasthan,BHILWARA,2004,Kharif,Castor seed,34,32,0.941176471
Rajasthan,BHILWARA,2004,Kharif,Cotton(lint),9811,10947,1.115788401
Rajasthan,BHILWARA,2004,Kharif,Groundnut,15340,18574,1.210821382
Rajasthan,BHILWARA,2004,Kharif,Jowar,38671,17181,0.444286416
Rajasthan,BHILWARA,2004,Kharif,Maize,180927,297276,1.643071515
Rajasthan,BHILWARA,2004,Kharif,Moong(Green Gram),16642,6647,0.399411128
Rajasthan,BHILWARA,2004,Kharif,Moth,3,,
Rajasthan,BHILWARA,2004,Kharif,Other Kharif pulses,1760,564,0.320454545
Rajasthan,BHILWARA,2004,Kharif,Rice,241,358,1.485477178
Rajasthan,BHILWARA,2004,Kharif,Sesamum,37181,19111,0.513999086
Rajasthan,BHILWARA,2004,Kharif,Soyabean,1437,2048,1.425191371
Rajasthan,BHILWARA,2004,Kharif,Sunflower,2,,
Rajasthan,BHILWARA,2004,Kharif,Urad,36812,14235,0.386694556
Rajasthan,BHILWARA,2004,Rabi,Barley,10666,24933,2.337614851
Rajasthan,BHILWARA,2004,Rabi,Gram,38960,42672,1.095277207
Rajasthan,BHILWARA,2004,Rabi,Linseed,10,6,0.6
Rajasthan,BHILWARA,2004,Rabi,Masoor,3931,3447,0.876876113
Rajasthan,BHILWARA,2004,Rabi,Other  Rabi pulses,134,246,1.835820896
Rajasthan,BHILWARA,2004,Rabi,Rapeseed &Mustard,68746,72895,1.060352602
Rajasthan,BHILWARA,2004,Rabi,Wheat,83389,215568,2.58508916
Rajasthan,BHILWARA,2004,Whole Year,Coriander,228,261,1.144736842
Rajasthan,BHILWARA,2004,Whole Year,Dry chillies,1680,1020,0.607142857
Rajasthan,BHILWARA,2004,Whole Year,Garlic,808,2652,3.282178218
Rajasthan,BHILWARA,2004,Whole Year,Guar seed,6956,3225,0.463628522
Rajasthan,BHILWARA,2004,Whole Year,Onion,156,366,2.346153846
Rajasthan,BHILWARA,2004,Whole Year,Potato,51,176,3.450980392
Rajasthan,BHILWARA,2004,Whole Year,Sannhamp,163,70,0.429447853
Rajasthan,BHILWARA,2004,Whole Year,Sugarcane,26,928,35.69230769
Rajasthan,BHILWARA,2004,Whole Year,Sweet potato,17,38,2.235294118
Rajasthan,BHILWARA,2004,Whole Year,Tobacco,30,2,0.066666667
Rajasthan,BHILWARA,2004,Whole Year,Turmeric,14,27,1.928571429
Rajasthan,BHILWARA,2005,Kharif,Arhar/Tur,4,,
Rajasthan,BHILWARA,2005,Kharif,Bajra,2249,976,0.433970654
Rajasthan,BHILWARA,2005,Kharif,Castor seed,21,36,1.714285714
Rajasthan,BHILWARA,2005,Kharif,Cotton(lint),12843,20447,1.592073503
Rajasthan,BHILWARA,2005,Kharif,Groundnut,13017,14360,1.103172774
Rajasthan,BHILWARA,2005,Kharif,Jowar,38176,5071,0.132832146
Rajasthan,BHILWARA,2005,Kharif,Maize,174062,114629,0.6585527
Rajasthan,BHILWARA,2005,Kharif,Moong(Green Gram),21493,595,0.027683432
Rajasthan,BHILWARA,2005,Kharif,Moth,32,4,0.125
Rajasthan,BHILWARA,2005,Kharif,Other Kharif pulses,1824,66,0.036184211
Rajasthan,BHILWARA,2005,Kharif,Rice,288,423,1.46875
Rajasthan,BHILWARA,2005,Kharif,Sesamum,39288,3809,0.096950723
Rajasthan,BHILWARA,2005,Kharif,Soyabean,5839,6718,1.150539476
Rajasthan,BHILWARA,2005,Kharif,Urad,36626,1477,0.040326544
Rajasthan,BHILWARA,2005,Rabi,Barley,11662,27809,2.384582404
Rajasthan,BHILWARA,2005,Rabi,Gram,28589,23059,0.80656896
Rajasthan,BHILWARA,2005,Rabi,Linseed,104,69,0.663461538
Rajasthan,BHILWARA,2005,Rabi,Masoor,3444,2139,0.621080139
Rajasthan,BHILWARA,2005,Rabi,Peas & beans (Pulses),45,43,0.955555556
Rajasthan,BHILWARA,2005,Rabi,Rapeseed &Mustard,86511,81644,0.943741258
Rajasthan,BHILWARA,2005,Rabi,Wheat,55997,118408,2.11454185
Rajasthan,BHILWARA,2005,Whole Year,Coriander,4,4,1
Rajasthan,BHILWARA,2005,Whole Year,Dry chillies,1131,318,0.281167109
Rajasthan,BHILWARA,2005,Whole Year,Garlic,344,1199,3.485465116
Rajasthan,BHILWARA,2005,Whole Year,Guar seed,16312,2030,0.124448259
Rajasthan,BHILWARA,2005,Whole Year,Potato,11,34,3.090909091
Rajasthan,BHILWARA,2005,Whole Year,Sannhamp,251,38,0.151394422
Rajasthan,BHILWARA,2005,Whole Year,Sugarcane,139,10504,75.56834532
Rajasthan,BHILWARA,2005,Whole Year,Sweet potato,27,39,1.444444444
Rajasthan,BHILWARA,2005,Whole Year,Tobacco,10,2,0.2
Rajasthan,BHILWARA,2006,Kharif,Arhar/Tur,5,1,0.2
Rajasthan,BHILWARA,2006,Kharif,Bajra,2628,4527,1.72260274
Rajasthan,BHILWARA,2006,Kharif,Castor seed,13,3,0.230769231
Rajasthan,BHILWARA,2006,Kharif,Cotton(lint),6454,1573,0.243724822
Rajasthan,BHILWARA,2006,Kharif,Groundnut,13892,10175,0.732435934
Rajasthan,BHILWARA,2006,Kharif,Jowar,37990,33451,0.88052119
Rajasthan,BHILWARA,2006,Kharif,Maize,181445,299942,1.653073934
Rajasthan,BHILWARA,2006,Kharif,Moong(Green Gram),21372,8824,0.412876661
Rajasthan,BHILWARA,2006,Kharif,Moth,27,5,0.185185185
Rajasthan,BHILWARA,2006,Kharif,Other Kharif pulses,1775,663,0.373521127
Rajasthan,BHILWARA,2006,Kharif,Rice,207,326,1.574879227
Rajasthan,BHILWARA,2006,Kharif,Sesamum,26942,6398,0.23747309
Rajasthan,BHILWARA,2006,Kharif,Soyabean,3973,4780,1.203121067
Rajasthan,BHILWARA,2006,Kharif,Sunflower,2,1,0.5
Rajasthan,BHILWARA,2006,Kharif,Urad,30391,11840,0.389589023
Rajasthan,BHILWARA,2006,Rabi,Barley,19985,50013,2.502526895
Rajasthan,BHILWARA,2006,Rabi,Gram,24532,22860,0.931844122
Rajasthan,BHILWARA,2006,Rabi,Linseed,8,6,0.75
Rajasthan,BHILWARA,2006,Rabi,Masoor,3121,2472,0.792053829
Rajasthan,BHILWARA,2006,Rabi,Peas & beans (Pulses),44,44,1
Rajasthan,BHILWARA,2006,Rabi,Rapeseed &Mustard,53976,50800,0.941159034
Rajasthan,BHILWARA,2006,Rabi,Sunflower,2,2,1
Rajasthan,BHILWARA,2006,Rabi,Wheat,123813,389584,3.146551655
Rajasthan,BHILWARA,2006,Whole Year,Coriander,3,4,1.333333333
Rajasthan,BHILWARA,2006,Whole Year,Dry chillies,1053,682,0.647673314
Rajasthan,BHILWARA,2006,Whole Year,Garlic,394,1367,3.469543147
Rajasthan,BHILWARA,2006,Whole Year,Guar seed,21379,12801,0.598765143
Rajasthan,BHILWARA,2006,Whole Year,Onion,5,12,2.4
Rajasthan,BHILWARA,2006,Whole Year,Potato,4,14,3.5
Rajasthan,BHILWARA,2006,Whole Year,Sannhamp,121,121,1
Rajasthan,BHILWARA,2006,Whole Year,Sugarcane,200,13799,68.995
Rajasthan,BHILWARA,2006,Whole Year,Sweet potato,26,34,1.307692308
Rajasthan,BHILWARA,2006,Whole Year,Tobacco,6,6,1
Rajasthan,BHILWARA,2006,Whole Year,Turmeric,20,37,1.85
Rajasthan,BHILWARA,2007,Kharif,Arhar/Tur,1,1,1
Rajasthan,BHILWARA,2007,Kharif,Bajra,2914,2862,0.982155113
Rajasthan,BHILWARA,2007,Kharif,Castor seed,14,2,0.142857143
Rajasthan,BHILWARA,2007,Kharif,Cotton(lint),8311,3721,0.447719889
Rajasthan,BHILWARA,2007,Kharif,Groundnut,9712,11972,1.232701812
Rajasthan,BHILWARA,2007,Kharif,Jowar,30933,19121,0.618142437
Rajasthan,BHILWARA,2007,Kharif,Maize,182170,337330,1.851731899
Rajasthan,BHILWARA,2007,Kharif,Moong(Green Gram),21629,10105,0.467196819
Rajasthan,BHILWARA,2007,Kharif,Other Kharif pulses,1460,1322,0.905479452
Rajasthan,BHILWARA,2007,Kharif,Rice,247,502,2.032388664
Rajasthan,BHILWARA,2007,Kharif,Sesamum,26195,7958,0.303798435
Rajasthan,BHILWARA,2007,Kharif,Soyabean,3149,3392,1.077167355
Rajasthan,BHILWARA,2007,Kharif,Urad,39237,17046,0.434436884
Rajasthan,BHILWARA,2007,Rabi,Barley,13989,28625,2.046250625
Rajasthan,BHILWARA,2007,Rabi,Gram,12095,8467,0.700041339
Rajasthan,BHILWARA,2007,Rabi,Linseed,1,1,1
Rajasthan,BHILWARA,2007,Rabi,Masoor,4099,2914,0.710905099
Rajasthan,BHILWARA,2007,Rabi,other oilseeds,1717,483,0.281304601
Rajasthan,BHILWARA,2007,Rabi,Peas & beans (Pulses),63,110,1.746031746
Rajasthan,BHILWARA,2007,Rabi,Rapeseed &Mustard,35976,31209,0.867494997
Rajasthan,BHILWARA,2007,Rabi,Wheat,81579,193729,2.374741049
Rajasthan,BHILWARA,2007,Whole Year,Coriander,16,12,0.75
Rajasthan,BHILWARA,2007,Whole Year,Dry chillies,1384,1799,1.299855491
Rajasthan,BHILWARA,2007,Whole Year,Garlic,682,2076,3.04398827
Rajasthan,BHILWARA,2007,Whole Year,Guar seed,36921,18820,0.509737006
Rajasthan,BHILWARA,2007,Whole Year,Onion,73,307,4.205479452
Rajasthan,BHILWARA,2007,Whole Year,Potato,7,9,1.285714286
Rajasthan,BHILWARA,2007,Whole Year,Sannhamp,75,65,0.866666667
Rajasthan,BHILWARA,2007,Whole Year,Sugarcane,329,17806,54.12158055
Rajasthan,BHILWARA,2007,Whole Year,Sweet potato,53,65,1.226415094
Rajasthan,BHILWARA,2007,Whole Year,Tobacco,4,1,0.25
Rajasthan,BHILWARA,2007,Whole Year,Turmeric,1,10,10
Rajasthan,BHILWARA,2008,Kharif,Arhar/Tur,6,6,1
Rajasthan,BHILWARA,2008,Kharif,Bajra,2720,2944,1.082352941
Rajasthan,BHILWARA,2008,Kharif,Castor seed,16,11,0.6875
Rajasthan,BHILWARA,2008,Kharif,Cotton(lint),15949,3485,0.218508997
Rajasthan,BHILWARA,2008,Kharif,Groundnut,10249,11526,1.124597522
Rajasthan,BHILWARA,2008,Kharif,Jowar,28223,11891,0.421323034
Rajasthan,BHILWARA,2008,Kharif,Maize,179714,280903,1.563055744
Rajasthan,BHILWARA,2008,Kharif,Moong(Green Gram),15673,2125,0.135583488
Rajasthan,BHILWARA,2008,Kharif,Other Kharif pulses,1165,169,0.145064378
Rajasthan,BHILWARA,2008,Kharif,Rice,278,502,1.805755396
Rajasthan,BHILWARA,2008,Kharif,Sesamum,34619,7724,0.223114475
Rajasthan,BHILWARA,2008,Kharif,Soyabean,3646,4130,1.132748217
Rajasthan,BHILWARA,2008,Kharif,Urad,41584,9962,0.239563294
Rajasthan,BHILWARA,2008,Rabi,Barley,9432,20174,2.138888889
Rajasthan,BHILWARA,2008,Rabi,Gram,18944,12784,0.674831081
Rajasthan,BHILWARA,2008,Rabi,Linseed,4,4,1
Rajasthan,BHILWARA,2008,Rabi,Masoor,4317,3441,0.797081306
Rajasthan,BHILWARA,2008,Rabi,other oilseeds,2793,940,0.336555675
Rajasthan,BHILWARA,2008,Rabi,Peas & beans (Pulses),87,87,1
Rajasthan,BHILWARA,2008,Rabi,Rapeseed &Mustard,44019,39779,0.903677957
Rajasthan,BHILWARA,2008,Rabi,Wheat,54375,143160,2.632827586
Rajasthan,BHILWARA,2008,Whole Year,Coriander,18,20,1.111111111
Rajasthan,BHILWARA,2008,Whole Year,Dry chillies,1179,793,0.672603902
Rajasthan,BHILWARA,2008,Whole Year,Garlic,517,1380,2.669245648
Rajasthan,BHILWARA,2008,Whole Year,Guar seed,24443,5909,0.241746103
Rajasthan,BHILWARA,2008,Whole Year,Onion,2,3,1.5
Rajasthan,BHILWARA,2008,Whole Year,Potato,3,12,4
Rajasthan,BHILWARA,2008,Whole Year,Sannhamp,58,95,1.637931034
Rajasthan,BHILWARA,2008,Whole Year,Sugarcane,165,9631,58.36969697
Rajasthan,BHILWARA,2008,Whole Year,Sweet potato,8,,
Rajasthan,BHILWARA,2008,Whole Year,Tobacco,7,2,0.285714286
Rajasthan,BHILWARA,2009,Kharif,Arhar/Tur,357,70,0.196078431
Rajasthan,BHILWARA,2009,Kharif,Bajra,3167,599,0.189137985
Rajasthan,BHILWARA,2009,Kharif,Castor seed,29,,
Rajasthan,BHILWARA,2009,Kharif,Cotton(lint),23339,2666,0.114229401
Rajasthan,BHILWARA,2009,Kharif,Groundnut,8566,3170,0.37006771
Rajasthan,BHILWARA,2009,Kharif,Jowar,40080,4870,0.121506986
Rajasthan,BHILWARA,2009,Kharif,Maize,187259,129248,0.690209816
Rajasthan,BHILWARA,2009,Kharif,Moong(Green Gram),15958,1408,0.088231608
Rajasthan,BHILWARA,2009,Kharif,Other Kharif pulses,1005,11,0.010945274
Rajasthan,BHILWARA,2009,Kharif,Rice,430,651,1.513953488
Rajasthan,BHILWARA,2009,Kharif,Sesamum,28957,2964,0.10235867
Rajasthan,BHILWARA,2009,Kharif,Soyabean,3480,2379,0.68362069
Rajasthan,BHILWARA,2009,Kharif,Urad,40912,4757,0.116273954
Rajasthan,BHILWARA,2009,Rabi,Barley,6666,14611,2.191869187
Rajasthan,BHILWARA,2009,Rabi,Gram,2577,1295,0.502522313
Rajasthan,BHILWARA,2009,Rabi,Linseed,2,1,0.5
Rajasthan,BHILWARA,2009,Rabi,Masoor,4298,2626,0.610981852
Rajasthan,BHILWARA,2009,Rabi,Other  Rabi pulses,32,34,1.0625
Rajasthan,BHILWARA,2009,Rabi,other oilseeds,1280,326,0.2546875
Rajasthan,BHILWARA,2009,Rabi,Rapeseed &Mustard,9614,7512,0.781360516
Rajasthan,BHILWARA,2009,Rabi,Wheat,38384,103366,2.692944977
Rajasthan,BHILWARA,2009,Whole Year,Coriander,4,5,1.25
Rajasthan,BHILWARA,2009,Whole Year,Dry chillies,615,370,0.601626016
Rajasthan,BHILWARA,2009,Whole Year,Garlic,308,680,2.207792208
Rajasthan,BHILWARA,2009,Whole Year,Guar seed,13331,181,0.013577376
Rajasthan,BHILWARA,2009,Whole Year,Onion,23,50,2.173913043
Rajasthan,BHILWARA,2009,Whole Year,Potato,3,4,1.333333333
Rajasthan,BHILWARA,2009,Whole Year,Sannhamp,200,62,0.31
Rajasthan,BHILWARA,2009,Whole Year,Sugarcane,75,7052,94.02666667
Rajasthan,BHILWARA,2009,Whole Year,Sweet potato,6,,
Rajasthan,BHILWARA,2009,Whole Year,Tobacco,1,,
Rajasthan,BHILWARA,2010,Kharif,Arhar/Tur,2,2,1
Rajasthan,BHILWARA,2010,Kharif,Bajra,5105,5658,1.108325171
Rajasthan,BHILWARA,2010,Kharif,Castor seed,15,6,0.4
Rajasthan,BHILWARA,2010,Kharif,Cotton(lint),12909,5422,0.420017042
Rajasthan,BHILWARA,2010,Kharif,Groundnut,6918,9858,1.424978317
Rajasthan,BHILWARA,2010,Kharif,Jowar,54236,34793,0.641511173
Rajasthan,BHILWARA,2010,Kharif,Maize,202328,371547,1.836359772
Rajasthan,BHILWARA,2010,Kharif,Moong(Green Gram),20662,13311,0.644226116
Rajasthan,BHILWARA,2010,Kharif,Other Kharif pulses,867,577,0.665513264
Rajasthan,BHILWARA,2010,Kharif,Rice,392,794,2.025510204
Rajasthan,BHILWARA,2010,Kharif,Sesamum,27652,12913,0.466982497
Rajasthan,BHILWARA,2010,Kharif,Soyabean,2619,3825,1.4604811
Rajasthan,BHILWARA,2010,Kharif,Urad,36702,31119,0.847882949
Rajasthan,BHILWARA,2010,Rabi,Barley,29884,73327,2.453721055
Rajasthan,BHILWARA,2010,Rabi,Gram,50088,43496,0.868391631
Rajasthan,BHILWARA,2010,Rabi,Linseed,54,34,0.62962963
Rajasthan,BHILWARA,2010,Rabi,Masoor,6194,5731,0.925250242
Rajasthan,BHILWARA,2010,Rabi,Other  Rabi pulses,52,52,1
Rajasthan,BHILWARA,2010,Rabi,other oilseeds,83798,27437,0.327418315
Rajasthan,BHILWARA,2010,Rabi,Rapeseed &Mustard,32230,41228,1.279180887
Rajasthan,BHILWARA,2010,Rabi,Wheat,118780,307983,2.592886008
Rajasthan,BHILWARA,2010,Whole Year,Coriander,8,9,1.125
Rajasthan,BHILWARA,2010,Whole Year,Dry chillies,771,1044,1.354085603
Rajasthan,BHILWARA,2010,Whole Year,Garlic,401,1164,2.902743142
Rajasthan,BHILWARA,2010,Whole Year,Guar seed,7574,4898,0.646686031
Rajasthan,BHILWARA,2010,Whole Year,Onion,13,38,2.923076923
Rajasthan,BHILWARA,2010,Whole Year,Potato,12,20,1.666666667
Rajasthan,BHILWARA,2010,Whole Year,Sannhamp,47,40,0.85106383
Rajasthan,BHILWARA,2010,Whole Year,Sugarcane,33,1350,40.90909091
Rajasthan,BHILWARA,2010,Whole Year,Tobacco,13,11,0.846153846
Rajasthan,BIKANER,1997,Kharif,Bajra,239800,135100,0.563386155
Rajasthan,BIKANER,1997,Kharif,Cotton(lint),32000,37058,1.1580625
Rajasthan,BIKANER,1997,Kharif,Groundnut,32400,40300,1.24382716
Rajasthan,BIKANER,1997,Kharif,Jowar,1400,700,0.5
Rajasthan,BIKANER,1997,Kharif,Sesamum,24400,6800,0.278688525
Rajasthan,BIKANER,1997,Kharif,Sugarcane,100,2700,27
Rajasthan,BIKANER,1997,Rabi,Barley,500,1000,2
Rajasthan,BIKANER,1997,Rabi,Gram,81100,57000,0.702836005
Rajasthan,BIKANER,1997,Rabi,Rapeseed &Mustard,34300,34700,1.011661808
Rajasthan,BIKANER,1997,Rabi,Wheat,51600,74900,1.451550388
Rajasthan,BIKANER,1998,Kharif,Bajra,193817,72587,0.374513072
Rajasthan,BIKANER,1998,Kharif,Castor seed,10,14,1.4
Rajasthan,BIKANER,1998,Kharif,Cotton(lint),35756,12372,0.346011858
Rajasthan,BIKANER,1998,Kharif,Groundnut,28289,31598,1.116971261
Rajasthan,BIKANER,1998,Kharif,Jowar,1019,293,0.287536801
Rajasthan,BIKANER,1998,Kharif,Moong(Green Gram),1229,127,0.103336046
Rajasthan,BIKANER,1998,Kharif,Moth,199199,23565,0.118298787
Rajasthan,BIKANER,1998,Kharif,Rice,2,2,1
Rajasthan,BIKANER,1998,Kharif,Sesamum,16640,2603,0.156430288
Rajasthan,BIKANER,1998,Kharif,Urad,1,,
Rajasthan,BIKANER,1998,Rabi,Barley,414,818,1.975845411
Rajasthan,BIKANER,1998,Rabi,Gram,115334,96411,0.835928694
Rajasthan,BIKANER,1998,Rabi,Linseed,15,9,0.6
Rajasthan,BIKANER,1998,Rabi,Masoor,5,5,1
Rajasthan,BIKANER,1998,Rabi,Rapeseed &Mustard,34206,22600,0.660702801
Rajasthan,BIKANER,1998,Rabi,Sunflower,12,3,0.25
Rajasthan,BIKANER,1998,Rabi,Wheat,56232,115557,2.055004268
Rajasthan,BIKANER,1998,Whole Year,Coriander,11,10,0.909090909
Rajasthan,BIKANER,1998,Whole Year,Garlic,11,6,0.545454545
Rajasthan,BIKANER,1998,Whole Year,Onion,4,2,0.5
Rajasthan,BIKANER,1998,Whole Year,Potato,3,1,0.333333333
Rajasthan,BIKANER,1998,Whole Year,Sugarcane,41,1959,47.7804878
Rajasthan,BIKANER,1999,Kharif,Bajra,131853,0,0
Rajasthan,BIKANER,1999,Kharif,Castor seed,18,6,0.333333333
Rajasthan,BIKANER,1999,Kharif,Cotton(lint),35878,7774,0.216678745
Rajasthan,BIKANER,1999,Kharif,Groundnut,18083,30179,1.668915556
Rajasthan,BIKANER,1999,Kharif,Jowar,513,160,0.311890838
Rajasthan,BIKANER,1999,Kharif,Maize,3,3,1
Rajasthan,BIKANER,1999,Kharif,Moong(Green Gram),458,45,0.098253275
Rajasthan,BIKANER,1999,Kharif,Moth,162445,6283,0.038677706
Rajasthan,BIKANER,1999,Kharif,Rice,32,40,1.25
Rajasthan,BIKANER,1999,Kharif,Sesamum,11132,,
Rajasthan,BIKANER,1999,Rabi,Barley,360,727,2.019444444
Rajasthan,BIKANER,1999,Rabi,Gram,78371,48738,0.621888198
Rajasthan,BIKANER,1999,Rabi,Linseed,5,3,0.6
Rajasthan,BIKANER,1999,Rabi,Peas & beans (Pulses),5,2,0.4
Rajasthan,BIKANER,1999,Rabi,Rapeseed &Mustard,35503,33025,0.930203081
Rajasthan,BIKANER,1999,Rabi,Wheat,70628,99701,1.411635612
Rajasthan,BIKANER,1999,Whole Year,Guar seed,150418,10080,0.067013256
Rajasthan,BIKANER,1999,Whole Year,Onion,9,5,0.555555556
Rajasthan,BIKANER,1999,Whole Year,Potato,3,2,0.666666667
Rajasthan,BIKANER,1999,Whole Year,Sugarcane,42,1715,40.83333333
Rajasthan,BIKANER,1999,Whole Year,Sweet potato,60,108,1.8
Rajasthan,BIKANER,2000,Kharif,Arhar/Tur,1,,
Rajasthan,BIKANER,2000,Kharif,Bajra,199277,38143,0.191406936
Rajasthan,BIKANER,2000,Kharif,Castor seed,38,17,0.447368421
Rajasthan,BIKANER,2000,Kharif,Cotton(lint),30688,31470,1.025482273
Rajasthan,BIKANER,2000,Kharif,Groundnut,21871,28164,1.287732614
Rajasthan,BIKANER,2000,Kharif,Jowar,1210,242,0.2
Rajasthan,BIKANER,2000,Kharif,Moong(Green Gram),456,79,0.173245614
Rajasthan,BIKANER,2000,Kharif,Moth,232909,21961,0.094290045
Rajasthan,BIKANER,2000,Kharif,Other Kharif pulses,23,5,0.217391304
Rajasthan,BIKANER,2000,Kharif,Rice,33,31,0.939393939
Rajasthan,BIKANER,2000,Kharif,Sesamum,15726,4192,0.266564924
Rajasthan,BIKANER,2000,Kharif,Urad,2,1,0.5
Rajasthan,BIKANER,2000,Rabi,Barley,1294,2349,1.815301391
Rajasthan,BIKANER,2000,Rabi,Gram,65335,24953,0.381923931
Rajasthan,BIKANER,2000,Rabi,Peas & beans (Pulses),23,30,1.304347826
Rajasthan,BIKANER,2000,Rabi,Rapeseed &Mustard,14715,7301,0.496160381
Rajasthan,BIKANER,2000,Rabi,Wheat,44656,49099,1.099493909
Rajasthan,BIKANER,2000,Whole Year,Coriander,6,12,2
Rajasthan,BIKANER,2000,Whole Year,Dry chillies,11,5,0.454545455
Rajasthan,BIKANER,2000,Whole Year,Garlic,7,5,0.714285714
Rajasthan,BIKANER,2000,Whole Year,Guar seed,300157,18633,0.062077513
Rajasthan,BIKANER,2000,Whole Year,Onion,56,13,0.232142857
Rajasthan,BIKANER,2000,Whole Year,Potato,3,1,0.333333333
Rajasthan,BIKANER,2000,Whole Year,Sugarcane,35,1458,41.65714286
Rajasthan,BIKANER,2001,Kharif,Arhar/Tur,3,1,0.333333333
Rajasthan,BIKANER,2001,Kharif,Bajra,274451,107237,0.390732772
Rajasthan,BIKANER,2001,Kharif,Castor seed,60,30,0.5
Rajasthan,BIKANER,2001,Kharif,Cotton(lint),17339,11765,0.678528173
Rajasthan,BIKANER,2001,Kharif,Groundnut,23866,31309,1.311866253
Rajasthan,BIKANER,2001,Kharif,Jowar,959,397,0.413972888
Rajasthan,BIKANER,2001,Kharif,Maize,1,1,1
Rajasthan,BIKANER,2001,Kharif,Moong(Green Gram),2757,814,0.295248458
Rajasthan,BIKANER,2001,Kharif,Moth,331151,57308,0.173057004
Rajasthan,BIKANER,2001,Kharif,Other Kharif pulses,6,2,0.333333333
Rajasthan,BIKANER,2001,Kharif,Sesamum,15109,5734,0.379508902
Rajasthan,BIKANER,2001,Kharif,Small millets,1,,
Rajasthan,BIKANER,2001,Rabi,Barley,751,1931,2.571238349
Rajasthan,BIKANER,2001,Rabi,Gram,77831,47041,0.604399275
Rajasthan,BIKANER,2001,Rabi,Linseed,4,3,0.75
Rajasthan,BIKANER,2001,Rabi,Masoor,1,,
Rajasthan,BIKANER,2001,Rabi,Peas & beans (Pulses),30,16,0.533333333
Rajasthan,BIKANER,2001,Rabi,Rapeseed &Mustard,27883,19624,0.703798013
Rajasthan,BIKANER,2001,Rabi,Wheat,44077,77209,1.751684552
Rajasthan,BIKANER,2001,Whole Year,Coriander,18,9,0.5
Rajasthan,BIKANER,2001,Whole Year,Dry chillies,7,4,0.571428571
Rajasthan,BIKANER,2001,Whole Year,Garlic,1,,
Rajasthan,BIKANER,2001,Whole Year,Guar seed,188284,81105,0.430758854
Rajasthan,BIKANER,2001,Whole Year,Onion,57,29,0.50877193
Rajasthan,BIKANER,2001,Whole Year,Potato,28,14,0.5
Rajasthan,BIKANER,2001,Whole Year,Sugarcane,8,381,47.625
Rajasthan,BIKANER,2002,Kharif,Arhar/Tur,1,,
Rajasthan,BIKANER,2002,Kharif,Bajra,14645,2221,0.151655855
Rajasthan,BIKANER,2002,Kharif,Castor seed,32,14,0.4375
Rajasthan,BIKANER,2002,Kharif,Cotton(lint),12749,1124,0.088163778
Rajasthan,BIKANER,2002,Kharif,Groundnut,30861,19626,0.635948284
Rajasthan,BIKANER,2002,Kharif,Jowar,88,11,0.125
Rajasthan,BIKANER,2002,Kharif,Moong(Green Gram),1175,74,0.062978723
Rajasthan,BIKANER,2002,Kharif,Moth,32658,1147,0.035121563
Rajasthan,BIKANER,2002,Kharif,Other Kharif pulses,4,0,0
Rajasthan,BIKANER,2002,Kharif,Rice,5,4,0.8
Rajasthan,BIKANER,2002,Kharif,Sesamum,292,,
Rajasthan,BIKANER,2002,Kharif,Urad,1,,
Rajasthan,BIKANER,2002,Rabi,Barley,1639,3818,2.329469189
Rajasthan,BIKANER,2002,Rabi,Gram,71641,53753,0.750310576
Rajasthan,BIKANER,2002,Rabi,Linseed,17,12,0.705882353
Rajasthan,BIKANER,2002,Rabi,Peas & beans (Pulses),14,7,0.5
Rajasthan,BIKANER,2002,Rabi,Rapeseed &Mustard,64042,34845,0.544096062
Rajasthan,BIKANER,2002,Rabi,Wheat,30794,50307,1.633662402
Rajasthan,BIKANER,2002,Whole Year,Citrus Fruit,50,0,0
Rajasthan,BIKANER,2002,Whole Year,Coriander,6,3,0.5
Rajasthan,BIKANER,2002,Whole Year,Dry chillies,1,,
Rajasthan,BIKANER,2002,Whole Year,Garlic,28,14,0.5
Rajasthan,BIKANER,2002,Whole Year,Guar seed,7273,316,0.043448371
Rajasthan,BIKANER,2002,Whole Year,Onion,79,43,0.544303797
Rajasthan,BIKANER,2002,Whole Year,Other Fresh Fruits,74,0,0
Rajasthan,BIKANER,2002,Whole Year,Other Vegetables,1641,0,0
Rajasthan,BIKANER,2002,Whole Year,Potato,3,1,0.333333333
Rajasthan,BIKANER,2002,Whole Year,Sugarcane,11,464,42.18181818
Rajasthan,BIKANER,2002,Whole Year,Sweet potato,1,0,0
Rajasthan,BIKANER,2003,Kharif,Arhar/Tur,2,1,0.5
Rajasthan,BIKANER,2003,Kharif,Bajra,302073,297970,0.986417191
Rajasthan,BIKANER,2003,Kharif,Castor seed,334,153,0.458083832
Rajasthan,BIKANER,2003,Kharif,Cotton(lint),9986,11476,1.149208892
Rajasthan,BIKANER,2003,Kharif,Groundnut,35095,66039,1.881721043
Rajasthan,BIKANER,2003,Kharif,Jowar,1998,1426,0.713713714
Rajasthan,BIKANER,2003,Kharif,Moong(Green Gram),3330,2064,0.61981982
Rajasthan,BIKANER,2003,Kharif,Moth,392651,205831,0.524208521
Rajasthan,BIKANER,2003,Kharif,Other Kharif pulses,4,2,0.5
Rajasthan,BIKANER,2003,Kharif,Rice,13,21,1.615384615
Rajasthan,BIKANER,2003,Kharif,Sesamum,13268,2309,0.174027736
Rajasthan,BIKANER,2003,Kharif,Soyabean,6,9,1.5
Rajasthan,BIKANER,2003,Kharif,Urad,11,6,0.545454545
Rajasthan,BIKANER,2003,Rabi,Barley,1450,3260,2.248275862
Rajasthan,BIKANER,2003,Rabi,Gram,94860,72260,0.761754164
Rajasthan,BIKANER,2003,Rabi,Linseed,7,6,0.857142857
Rajasthan,BIKANER,2003,Rabi,Masoor,1,1,1
Rajasthan,BIKANER,2003,Rabi,Peas & beans (Pulses),71,35,0.492957746
Rajasthan,BIKANER,2003,Rabi,Rapeseed &Mustard,26141,29447,1.126468
Rajasthan,BIKANER,2003,Rabi,Wheat,35986,83088,2.308897905
Rajasthan,BIKANER,2003,Whole Year,Citrus Fruit,60,0,0
Rajasthan,BIKANER,2003,Whole Year,Coriander,33,41,1.242424242
Rajasthan,BIKANER,2003,Whole Year,Dry chillies,12,6,0.5
Rajasthan,BIKANER,2003,Whole Year,Garlic,2,14,7
Rajasthan,BIKANER,2003,Whole Year,Guar seed,194277,,
Rajasthan,BIKANER,2003,Whole Year,Oilseeds total,2,0,0
Rajasthan,BIKANER,2003,Whole Year,Onion,48,25,0.520833333
Rajasthan,BIKANER,2003,Whole Year,Other Fresh Fruits,67,0,0
Rajasthan,BIKANER,2003,Whole Year,other oilseeds,9567,10282,1.074736072
Rajasthan,BIKANER,2003,Whole Year,Other Vegetables,2139,0,0
Rajasthan,BIKANER,2003,Whole Year,Pome Fruit,1,0,0
Rajasthan,BIKANER,2003,Whole Year,Potato,2,1,0.5
Rajasthan,BIKANER,2003,Whole Year,Sugarcane,2,107,53.5
Rajasthan,BIKANER,2003,Whole Year,Sweet potato,4,2,0.5
Rajasthan,BIKANER,2004,Kharif,Bajra,146219,35188,0.24065272
Rajasthan,BIKANER,2004,Kharif,Castor seed,192,48,0.25
Rajasthan,BIKANER,2004,Kharif,Cotton(lint),5906,6405,1.084490349
Rajasthan,BIKANER,2004,Kharif,Groundnut,42229,77203,1.828198631
Rajasthan,BIKANER,2004,Kharif,Jowar,488,227,0.465163934
Rajasthan,BIKANER,2004,Kharif,Maize,2,2,1
Rajasthan,BIKANER,2004,Kharif,Moong(Green Gram),895,244,0.272625698
Rajasthan,BIKANER,2004,Kharif,Moth,409663,37264,0.090962572
Rajasthan,BIKANER,2004,Kharif,Other Kharif pulses,2,1,0.5
Rajasthan,BIKANER,2004,Kharif,Rice,17,25,1.470588235
Rajasthan,BIKANER,2004,Kharif,Sesamum,3145,87,0.027662957
Rajasthan,BIKANER,2004,Rabi,Barley,1435,3416,2.380487805
Rajasthan,BIKANER,2004,Rabi,Gram,99707,91045,0.913125458
Rajasthan,BIKANER,2004,Rabi,Other  Rabi pulses,22,11,0.5
Rajasthan,BIKANER,2004,Rabi,Rapeseed &Mustard,43850,44145,1.00672748
Rajasthan,BIKANER,2004,Rabi,Wheat,34880,73466,2.10625
Rajasthan,BIKANER,2004,Whole Year,Coriander,39,45,1.153846154
Rajasthan,BIKANER,2004,Whole Year,Dry chillies,13,7,0.538461538
Rajasthan,BIKANER,2004,Whole Year,Garlic,8,4,0.5
Rajasthan,BIKANER,2004,Whole Year,Guar seed,139876,9961,0.071213074
Rajasthan,BIKANER,2004,Whole Year,Onion,108,96,0.888888889
Rajasthan,BIKANER,2004,Whole Year,Potato,4,2,0.5
Rajasthan,BIKANER,2004,Whole Year,Sugarcane,1,48,48
Rajasthan,BIKANER,2004,Whole Year,Sweet potato,1,,
Rajasthan,BIKANER,2005,Kharif,Bajra,217361,38421,0.176761241
Rajasthan,BIKANER,2005,Kharif,Castor seed,361,304,0.842105263
Rajasthan,BIKANER,2005,Kharif,Cotton(lint),14701,27382,1.862594381
Rajasthan,BIKANER,2005,Kharif,Groundnut,51987,74685,1.436609152
Rajasthan,BIKANER,2005,Kharif,Jowar,991,286,0.288597376
Rajasthan,BIKANER,2005,Kharif,Maize,1,1,1
Rajasthan,BIKANER,2005,Kharif,Moong(Green Gram),790,126,0.159493671
Rajasthan,BIKANER,2005,Kharif,Moth,300950,27542,0.091516863
Rajasthan,BIKANER,2005,Kharif,Other Kharif pulses,14,3,0.214285714
Rajasthan,BIKANER,2005,Kharif,Rice,17,25,1.470588235
Rajasthan,BIKANER,2005,Kharif,Sesamum,4555,246,0.054006586
Rajasthan,BIKANER,2005,Kharif,Urad,1,,
Rajasthan,BIKANER,2005,Rabi,Barley,2145,4872,2.271328671
Rajasthan,BIKANER,2005,Rabi,Gram,137573,70996,0.516060564
Rajasthan,BIKANER,2005,Rabi,Linseed,2,2,1
Rajasthan,BIKANER,2005,Rabi,Masoor,2,2,1
Rajasthan,BIKANER,2005,Rabi,Peas & beans (Pulses),11,11,1
Rajasthan,BIKANER,2005,Rabi,Rapeseed &Mustard,57617,68223,1.184077616
Rajasthan,BIKANER,2005,Rabi,Wheat,50162,93503,1.864020573
Rajasthan,BIKANER,2005,Whole Year,Coriander,31,32,1.032258065
Rajasthan,BIKANER,2005,Whole Year,Dry chillies,4,4,1
Rajasthan,BIKANER,2005,Whole Year,Garlic,1,1,1
Rajasthan,BIKANER,2005,Whole Year,Guar seed,478384,77074,0.161113248
Rajasthan,BIKANER,2005,Whole Year,Onion,60,60,1
Rajasthan,BIKANER,2005,Whole Year,Sugarcane,4,244,61
Rajasthan,BIKANER,2005,Whole Year,Sweet potato,1,1,1
Rajasthan,BIKANER,2006,Kharif,Arhar/Tur,2,2,1
Rajasthan,BIKANER,2006,Kharif,Bajra,171921,26093,0.151773198
Rajasthan,BIKANER,2006,Kharif,Castor seed,104,88,0.846153846
Rajasthan,BIKANER,2006,Kharif,Cotton(lint),4259,1421,0.333646396
Rajasthan,BIKANER,2006,Kharif,Groundnut,46251,74423,1.609111154
Rajasthan,BIKANER,2006,Kharif,Jowar,529,294,0.555765595
Rajasthan,BIKANER,2006,Kharif,Maize,3,3,1
Rajasthan,BIKANER,2006,Kharif,Moong(Green Gram),1275,455,0.356862745
Rajasthan,BIKANER,2006,Kharif,Moth,274661,42684,0.155406119
Rajasthan,BIKANER,2006,Kharif,Other Kharif pulses,5,2,0.4
Rajasthan,BIKANER,2006,Kharif,Rice,7,11,1.571428571
Rajasthan,BIKANER,2006,Kharif,Sesamum,2567,144,0.056096611
Rajasthan,BIKANER,2006,Kharif,Sunflower,24,7,0.291666667
Rajasthan,BIKANER,2006,Rabi,Barley,2086,3460,1.658676894
Rajasthan,BIKANER,2006,Rabi,Gram,125791,133339,1.060004293
Rajasthan,BIKANER,2006,Rabi,Masoor,2,2,1
Rajasthan,BIKANER,2006,Rabi,Peas & beans (Pulses),24,24,1
Rajasthan,BIKANER,2006,Rabi,Rapeseed &Mustard,90186,82195,0.91139423
Rajasthan,BIKANER,2006,Rabi,Sunflower,24,7,0.291666667
Rajasthan,BIKANER,2006,Rabi,Wheat,52898,138027,2.6093047
Rajasthan,BIKANER,2006,Whole Year,Coriander,36,43,1.194444444
Rajasthan,BIKANER,2006,Whole Year,Garlic,2,2,1
Rajasthan,BIKANER,2006,Whole Year,Guar seed,511789,107661,0.210362083
Rajasthan,BIKANER,2006,Whole Year,Onion,45,45,1
Rajasthan,BIKANER,2006,Whole Year,Sugarcane,1,58,58
Rajasthan,BIKANER,2006,Whole Year,Sweet potato,2,2,1
Rajasthan,BIKANER,2007,Kharif,Arhar/Tur,1,1,1
Rajasthan,BIKANER,2007,Kharif,Bajra,202291,96368,0.476383032
Rajasthan,BIKANER,2007,Kharif,Castor seed,145,145,1
Rajasthan,BIKANER,2007,Kharif,Cotton(lint),4346,1384,0.318453751
Rajasthan,BIKANER,2007,Kharif,Groundnut,51292,109424,2.133354129
Rajasthan,BIKANER,2007,Kharif,Jowar,782,494,0.631713555
Rajasthan,BIKANER,2007,Kharif,Moong(Green Gram),2535,997,0.393293886
Rajasthan,BIKANER,2007,Kharif,Moth,283239,68764,0.242777301
Rajasthan,BIKANER,2007,Kharif,Rice,1,2,2
Rajasthan,BIKANER,2007,Kharif,Sesamum,3260,429,0.131595092
Rajasthan,BIKANER,2007,Kharif,Urad,1,1,1
Rajasthan,BIKANER,2007,Rabi,Barley,2295,2251,0.980827887
Rajasthan,BIKANER,2007,Rabi,Gram,169692,59251,0.349167904
Rajasthan,BIKANER,2007,Rabi,Linseed,13,10,0.769230769
Rajasthan,BIKANER,2007,Rabi,Masoor,1,1,1
Rajasthan,BIKANER,2007,Rabi,other oilseeds,463,15,0.032397408
Rajasthan,BIKANER,2007,Rabi,Rapeseed &Mustard,42129,24047,0.570794465
Rajasthan,BIKANER,2007,Rabi,Wheat,51684,72545,1.40362588
Rajasthan,BIKANER,2007,Whole Year,Banana,4,,
Rajasthan,BIKANER,2007,Whole Year,Coriander,11,8,0.727272727
Rajasthan,BIKANER,2007,Whole Year,Dry chillies,2,2,1
Rajasthan,BIKANER,2007,Whole Year,Guar seed,605869,251457,0.415035263
Rajasthan,BIKANER,2007,Whole Year,Onion,4,4,1
Rajasthan,BIKANER,2007,Whole Year,Potato,2,2,1
Rajasthan,BIKANER,2007,Whole Year,Sugarcane,7,400,57.14285714
Rajasthan,BIKANER,2008,Kharif,Bajra,256896,155778,0.606385463
Rajasthan,BIKANER,2008,Kharif,Castor seed,81,81,1
Rajasthan,BIKANER,2008,Kharif,Cotton(lint),794,272,0.34256927
Rajasthan,BIKANER,2008,Kharif,Groundnut,63143,110337,1.747414599
Rajasthan,BIKANER,2008,Kharif,Jowar,1640,947,0.577439024
Rajasthan,BIKANER,2008,Kharif,Maize,7,12,1.714285714
Rajasthan,BIKANER,2008,Kharif,Moong(Green Gram),2368,1668,0.704391892
Rajasthan,BIKANER,2008,Kharif,Moth,275041,52535,0.191007886
Rajasthan,BIKANER,2008,Kharif,Other Kharif pulses,2,1,0.5
Rajasthan,BIKANER,2008,Kharif,Rice,179,323,1.804469274
Rajasthan,BIKANER,2008,Kharif,Sesamum,4095,82,0.02002442
Rajasthan,BIKANER,2008,Rabi,Barley,3143,5991,1.90614063
Rajasthan,BIKANER,2008,Rabi,Gram,171781,149390,0.869653803
Rajasthan,BIKANER,2008,Rabi,Linseed,26,26,1
Rajasthan,BIKANER,2008,Rabi,Masoor,2,2,1
Rajasthan,BIKANER,2008,Rabi,other oilseeds,2057,514,0.249878464
Rajasthan,BIKANER,2008,Rabi,Peas & beans (Pulses),12,12,1
Rajasthan,BIKANER,2008,Rabi,Rapeseed &Mustard,42257,35144,0.831672859
Rajasthan,BIKANER,2008,Rabi,Wheat,58932,141123,2.394675219
Rajasthan,BIKANER,2008,Whole Year,Banana,4,,
Rajasthan,BIKANER,2008,Whole Year,Coriander,23,26,1.130434783
Rajasthan,BIKANER,2008,Whole Year,Dry chillies,2,2,1
Rajasthan,BIKANER,2008,Whole Year,Guar seed,884618,340294,0.384679037
Rajasthan,BIKANER,2008,Whole Year,Potato,12,12,1
Rajasthan,BIKANER,2008,Whole Year,Sugarcane,3,178,59.33333333
Rajasthan,BIKANER,2009,Kharif,Arhar/Tur,2,,
Rajasthan,BIKANER,2009,Kharif,Bajra,247147,18875,0.076371552
Rajasthan,BIKANER,2009,Kharif,Castor seed,93,41,0.440860215
Rajasthan,BIKANER,2009,Kharif,Cotton(lint),5132,315,0.061379579
Rajasthan,BIKANER,2009,Kharif,Groundnut,78547,65760,0.837205749
Rajasthan,BIKANER,2009,Kharif,Jowar,611,89,0.145662848
Rajasthan,BIKANER,2009,Kharif,Maize,7,7,1
Rajasthan,BIKANER,2009,Kharif,Moong(Green Gram),1641,30,0.018281536
Rajasthan,BIKANER,2009,Kharif,Moth,285325,12090,0.042372733
Rajasthan,BIKANER,2009,Kharif,Rice,63,95,1.507936508
Rajasthan,BIKANER,2009,Kharif,Sesamum,3953,36,0.009107007
Rajasthan,BIKANER,2009,Rabi,Barley,4071,4148,1.018914272
Rajasthan,BIKANER,2009,Rabi,Gram,118711,58561,0.493307276
Rajasthan,BIKANER,2009,Rabi,Linseed,2,2,1
Rajasthan,BIKANER,2009,Rabi,Masoor,1,1,1
Rajasthan,BIKANER,2009,Rabi,other oilseeds,1452,485,0.334022039
Rajasthan,BIKANER,2009,Rabi,Rapeseed &Mustard,30279,19693,0.650384755
Rajasthan,BIKANER,2009,Rabi,Wheat,55947,98721,1.764545016
Rajasthan,BIKANER,2009,Whole Year,Coriander,19,23,1.210526316
Rajasthan,BIKANER,2009,Whole Year,Dry chillies,1,1,1
Rajasthan,BIKANER,2009,Whole Year,Guar seed,646533,47432,0.073363618
Rajasthan,BIKANER,2009,Whole Year,Potato,1,1,1
Rajasthan,BIKANER,2010,Kharif,Bajra,252548,137653,0.545056781
Rajasthan,BIKANER,2010,Kharif,Castor seed,145,144,0.993103448
Rajasthan,BIKANER,2010,Kharif,Cotton(lint),514,149,0.289883268
Rajasthan,BIKANER,2010,Kharif,Groundnut,85189,229912,2.698846095
Rajasthan,BIKANER,2010,Kharif,Jowar,574,402,0.700348432
Rajasthan,BIKANER,2010,Kharif,Maize,7,13,1.857142857
Rajasthan,BIKANER,2010,Kharif,Moong(Green Gram),5792,3600,0.621546961
Rajasthan,BIKANER,2010,Kharif,Moth,324991,214496,0.660005969
Rajasthan,BIKANER,2010,Kharif,Other Kharif pulses,2,1,0.5
Rajasthan,BIKANER,2010,Kharif,Rice,37,75,2.027027027
Rajasthan,BIKANER,2010,Kharif,Sesamum,8277,1307,0.157907454
Rajasthan,BIKANER,2010,Rabi,Barley,3353,6490,1.935580078
Rajasthan,BIKANER,2010,Rabi,Gram,163767,145450,0.88815207
Rajasthan,BIKANER,2010,Rabi,Linseed,4,4,1
Rajasthan,BIKANER,2010,Rabi,Other  Rabi pulses,1,1,1
Rajasthan,BIKANER,2010,Rabi,other oilseeds,9884,1043,0.105524079
Rajasthan,BIKANER,2010,Rabi,Rapeseed &Mustard,42172,55065,1.305724177
Rajasthan,BIKANER,2010,Rabi,Wheat,79123,233437,2.950305221
Rajasthan,BIKANER,2010,Whole Year,Coriander,21,23,1.095238095
Rajasthan,BIKANER,2010,Whole Year,Dry chillies,2,2,1
Rajasthan,BIKANER,2010,Whole Year,Guar seed,876113,403368,0.460406363
Rajasthan,BIKANER,2010,Whole Year,Potato,22,22,1
Rajasthan,BIKANER,2010,Whole Year,Sugarcane,2,134,67
Rajasthan,BUNDI,1997,Kharif,Arhar/Tur,200,100,0.5
Rajasthan,BUNDI,1997,Kharif,Bajra,700,400,0.571428571
Rajasthan,BUNDI,1997,Kharif,Groundnut,1700,1900,1.117647059
Rajasthan,BUNDI,1997,Kharif,Jowar,8500,6100,0.717647059
Rajasthan,BUNDI,1997,Kharif,Maize,32200,40000,1.242236025
Rajasthan,BUNDI,1997,Kharif,Onion,100,200,2
Rajasthan,BUNDI,1997,Kharif,Rice,33100,45300,1.36858006
Rajasthan,BUNDI,1997,Kharif,Sesamum,1400,400,0.285714286
Rajasthan,BUNDI,1997,Kharif,Soyabean,42800,36700,0.857476636
Rajasthan,BUNDI,1997,Kharif,Sugarcane,8900,388200,43.61797753
Rajasthan,BUNDI,1997,Rabi,Barley,1500,3700,2.466666667
Rajasthan,BUNDI,1997,Rabi,Gram,13100,13000,0.992366412
Rajasthan,BUNDI,1997,Rabi,Linseed,500,400,0.8
Rajasthan,BUNDI,1997,Rabi,Rapeseed &Mustard,82300,47100,0.572296476
Rajasthan,BUNDI,1997,Rabi,Wheat,118400,396300,3.347128378
Rajasthan,BUNDI,1997,Whole Year,Potato,100,400,4
Rajasthan,BUNDI,1998,Kharif,Arhar/Tur,953,1262,1.324239244
Rajasthan,BUNDI,1998,Kharif,Bajra,684,294,0.429824561
Rajasthan,BUNDI,1998,Kharif,Cotton(lint),11,3,0.272727273
Rajasthan,BUNDI,1998,Kharif,Groundnut,1483,1618,1.091031693
Rajasthan,BUNDI,1998,Kharif,Jowar,6864,5032,0.733100233
Rajasthan,BUNDI,1998,Kharif,Maize,31497,25054,0.795440836
Rajasthan,BUNDI,1998,Kharif,Moong(Green Gram),487,51,0.104722793
Rajasthan,BUNDI,1998,Kharif,Other Kharif pulses,8,2,0.25
Rajasthan,BUNDI,1998,Kharif,Rice,41051,54335,1.323597476
Rajasthan,BUNDI,1998,Kharif,Sannhamp,14,1,0.071428571
Rajasthan,BUNDI,1998,Kharif,Sesamum,1759,853,0.484934622
Rajasthan,BUNDI,1998,Kharif,Soyabean,51508,49932,0.969402811
Rajasthan,BUNDI,1998,Kharif,Urad,2264,720,0.318021201
Rajasthan,BUNDI,1998,Rabi,Barley,1484,3333,2.245956873
Rajasthan,BUNDI,1998,Rabi,Gram,21117,17813,0.843538381
Rajasthan,BUNDI,1998,Rabi,Linseed,796,516,0.648241206
Rajasthan,BUNDI,1998,Rabi,Masoor,3119,1644,0.527092017
Rajasthan,BUNDI,1998,Rabi,Other  Rabi pulses,184,191,1.038043478
Rajasthan,BUNDI,1998,Rabi,Peas & beans (Pulses),896,895,0.998883929
Rajasthan,BUNDI,1998,Rabi,Rapeseed &Mustard,60037,59922,0.998084515
Rajasthan,BUNDI,1998,Rabi,Tobacco,2,2,1
Rajasthan,BUNDI,1998,Rabi,Wheat,128949,384010,2.977999054
Rajasthan,BUNDI,1998,Whole Year,Coriander,1722,1004,0.583042973
Rajasthan,BUNDI,1998,Whole Year,Dry chillies,183,150,0.819672131
Rajasthan,BUNDI,1998,Whole Year,Garlic,63,114,1.80952381
Rajasthan,BUNDI,1998,Whole Year,Onion,46,80,1.739130435
Rajasthan,BUNDI,1998,Whole Year,Potato,131,235,1.79389313
Rajasthan,BUNDI,1998,Whole Year,Sugarcane,8451,328478,38.86853627
Rajasthan,BUNDI,1998,Whole Year,Sweet potato,158,576,3.64556962
Rajasthan,BUNDI,1998,Whole Year,Turmeric,36,12,0.333333333
Rajasthan,BUNDI,1999,Kharif,Arhar/Tur,961,1824,1.898022893
Rajasthan,BUNDI,1999,Kharif,Bajra,470,160,0.340425532
Rajasthan,BUNDI,1999,Kharif,Cotton(lint),33,9,0.272727273
Rajasthan,BUNDI,1999,Kharif,Groundnut,1073,1036,0.965517241
Rajasthan,BUNDI,1999,Kharif,Jowar,4829,5394,1.11700145
Rajasthan,BUNDI,1999,Kharif,Maize,29371,28828,0.981512376
Rajasthan,BUNDI,1999,Kharif,Moong(Green Gram),584,58,0.099315068
Rajasthan,BUNDI,1999,Kharif,Other Kharif pulses,43,5,0.11627907
Rajasthan,BUNDI,1999,Kharif,Rice,57860,76293,1.318579329
Rajasthan,BUNDI,1999,Kharif,Sesamum,1532,315,0.205613577
Rajasthan,BUNDI,1999,Kharif,Soyabean,18474,20814,1.126664501
Rajasthan,BUNDI,1999,Kharif,Urad,1168,330,0.282534247
Rajasthan,BUNDI,1999,Rabi,Barley,1127,1889,1.676131322
Rajasthan,BUNDI,1999,Rabi,Gram,9047,7626,0.842931358
Rajasthan,BUNDI,1999,Rabi,Linseed,475,302,0.635789474
Rajasthan,BUNDI,1999,Rabi,Masoor,2150,2419,1.125116279
Rajasthan,BUNDI,1999,Rabi,Other  Rabi pulses,71,70,0.985915493
Rajasthan,BUNDI,1999,Rabi,Peas & beans (Pulses),854,870,1.018735363
Rajasthan,BUNDI,1999,Rabi,Rapeseed &Mustard,88153,111865,1.268986875
Rajasthan,BUNDI,1999,Rabi,Wheat,121878,269295,2.209545611
Rajasthan,BUNDI,1999,Whole Year,Coriander,681,655,0.961820852
Rajasthan,BUNDI,1999,Whole Year,Dry chillies,226,201,0.889380531
Rajasthan,BUNDI,1999,Whole Year,Garlic,147,273,1.857142857
Rajasthan,BUNDI,1999,Whole Year,Guar seed,87,2924,33.6091954
Rajasthan,BUNDI,1999,Whole Year,Onion,72,105,1.458333333
Rajasthan,BUNDI,1999,Whole Year,Potato,128,274,2.140625
Rajasthan,BUNDI,1999,Whole Year,Sannhamp,11,6,0.545454545
Rajasthan,BUNDI,1999,Whole Year,Sugarcane,6496,239301,36.83820813
Rajasthan,BUNDI,1999,Whole Year,Tapioca,5,9,1.8
Rajasthan,BUNDI,1999,Whole Year,Tobacco,2,,
Rajasthan,BUNDI,1999,Whole Year,Turmeric,35,48,1.371428571
Rajasthan,BUNDI,2000,Kharif,Arhar/Tur,515,116,0.225242718
Rajasthan,BUNDI,2000,Kharif,Bajra,1003,443,0.441674975
Rajasthan,BUNDI,2000,Kharif,Castor seed,5,1,0.2
Rajasthan,BUNDI,2000,Kharif,Cotton(lint),23,35,1.52173913
Rajasthan,BUNDI,2000,Kharif,Groundnut,811,749,0.923551171
Rajasthan,BUNDI,2000,Kharif,Jowar,6444,3187,0.494568591
Rajasthan,BUNDI,2000,Kharif,Maize,34580,44004,1.272527473
Rajasthan,BUNDI,2000,Kharif,Moong(Green Gram),149,26,0.174496644
Rajasthan,BUNDI,2000,Kharif,Moth,416,61,0.146634615
Rajasthan,BUNDI,2000,Kharif,Other Kharif pulses,10,2,0.2
Rajasthan,BUNDI,2000,Kharif,Rice,47883,37633,0.785936554
Rajasthan,BUNDI,2000,Kharif,Sesamum,2772,652,0.235209235
Rajasthan,BUNDI,2000,Kharif,Soyabean,28894,24612,0.851803143
Rajasthan,BUNDI,2000,Kharif,Sunflower,1,2,2
Rajasthan,BUNDI,2000,Kharif,Urad,2475,712,0.287676768
Rajasthan,BUNDI,2000,Rabi,Barley,1799,2847,1.582545859
Rajasthan,BUNDI,2000,Rabi,Gram,19778,17827,0.901355041
Rajasthan,BUNDI,2000,Rabi,Linseed,1227,551,0.449062755
Rajasthan,BUNDI,2000,Rabi,Masoor,4060,4069,1.002216749
Rajasthan,BUNDI,2000,Rabi,Other  Rabi pulses,6,6,1
Rajasthan,BUNDI,2000,Rabi,Peas & beans (Pulses),1949,1781,0.91380195
Rajasthan,BUNDI,2000,Rabi,Rapeseed &Mustard,43881,30136,0.686766482
Rajasthan,BUNDI,2000,Rabi,Wheat,103745,259176,2.498202323
Rajasthan,BUNDI,2000,Whole Year,Coriander,2925,2322,0.793846154
Rajasthan,BUNDI,2000,Whole Year,Dry chillies,227,341,1.502202643
Rajasthan,BUNDI,2000,Whole Year,Garlic,187,351,1.877005348
Rajasthan,BUNDI,2000,Whole Year,Guar seed,10741,1027,0.095614933
Rajasthan,BUNDI,2000,Whole Year,Onion,81,137,1.691358025
Rajasthan,BUNDI,2000,Whole Year,Potato,82,226,2.756097561
Rajasthan,BUNDI,2000,Whole Year,Sannhamp,17,8,0.470588235
Rajasthan,BUNDI,2000,Whole Year,Sugarcane,5251,223797,42.61988193
Rajasthan,BUNDI,2000,Whole Year,Sweet potato,62,52,0.838709677
Rajasthan,BUNDI,2000,Whole Year,Tobacco,2,2,1
Rajasthan,BUNDI,2000,Whole Year,Turmeric,23,25,1.086956522
Rajasthan,BUNDI,2001,Kharif,Arhar/Tur,150,56,0.373333333
Rajasthan,BUNDI,2001,Kharif,Bajra,1763,1313,0.744753261
Rajasthan,BUNDI,2001,Kharif,Cotton(lint),110,59,0.536363636
Rajasthan,BUNDI,2001,Kharif,Groundnut,953,1169,1.226652676
Rajasthan,BUNDI,2001,Kharif,Jowar,6023,3978,0.660468205
Rajasthan,BUNDI,2001,Kharif,Maize,37301,55817,1.496394199
Rajasthan,BUNDI,2001,Kharif,Moong(Green Gram),414,122,0.29468599
Rajasthan,BUNDI,2001,Kharif,Other Kharif pulses,11,4,0.363636364
Rajasthan,BUNDI,2001,Kharif,Rice,29295,31079,1.060897764
Rajasthan,BUNDI,2001,Kharif,Sesamum,6848,1945,0.284024533
Rajasthan,BUNDI,2001,Kharif,Soyabean,45451,55163,1.213680667
Rajasthan,BUNDI,2001,Kharif,Sunflower,2,4,2
Rajasthan,BUNDI,2001,Kharif,Urad,13578,4917,0.362129916
Rajasthan,BUNDI,2001,Rabi,Barley,1412,2630,1.862606232
Rajasthan,BUNDI,2001,Rabi,Gram,25967,20413,0.786113144
Rajasthan,BUNDI,2001,Rabi,Linseed,446,293,0.656950673
Rajasthan,BUNDI,2001,Rabi,Masoor,2598,2598,1
Rajasthan,BUNDI,2001,Rabi,Other  Rabi pulses,18,17,0.944444444
Rajasthan,BUNDI,2001,Rabi,Peas & beans (Pulses),1460,1482,1.015068493
Rajasthan,BUNDI,2001,Rabi,Rapeseed &Mustard,46554,53183,1.142393779
Rajasthan,BUNDI,2001,Rabi,Wheat,105005,307114,2.924755964
Rajasthan,BUNDI,2001,Whole Year,Coriander,5751,5641,0.980872892
Rajasthan,BUNDI,2001,Whole Year,Dry chillies,226,182,0.805309735
Rajasthan,BUNDI,2001,Whole Year,Garlic,330,645,1.954545455
Rajasthan,BUNDI,2001,Whole Year,Guar seed,2085,1397,0.670023981
Rajasthan,BUNDI,2001,Whole Year,Onion,98,196,2
Rajasthan,BUNDI,2001,Whole Year,Potato,73,170,2.328767123
Rajasthan,BUNDI,2001,Whole Year,Sannhamp,9,1,0.111111111
Rajasthan,BUNDI,2001,Whole Year,Sugarcane,4060,177250,43.65763547
Rajasthan,BUNDI,2001,Whole Year,Sweet potato,101,98,0.97029703
Rajasthan,BUNDI,2001,Whole Year,Tobacco,2,2,1
Rajasthan,BUNDI,2001,Whole Year,Turmeric,26,70,2.692307692
Rajasthan,BUNDI,2002,Kharif,Arhar/Tur,329,11,0.03343465
Rajasthan,BUNDI,2002,Kharif,Bajra,2521,562,0.22292741
Rajasthan,BUNDI,2002,Kharif,Castor seed,19,5,0.263157895
Rajasthan,BUNDI,2002,Kharif,Cotton(lint),39,24,0.615384615
Rajasthan,BUNDI,2002,Kharif,Groundnut,927,637,0.687162891
Rajasthan,BUNDI,2002,Kharif,Jowar,3901,276,0.070751089
Rajasthan,BUNDI,2002,Kharif,Maize,32775,14207,0.433470633
Rajasthan,BUNDI,2002,Kharif,Moong(Green Gram),134,8,0.059701493
Rajasthan,BUNDI,2002,Kharif,Other Kharif pulses,15,1,0.066666667
Rajasthan,BUNDI,2002,Kharif,Rice,9255,3965,0.428417072
Rajasthan,BUNDI,2002,Kharif,Sesamum,7573,373,0.049253928
Rajasthan,BUNDI,2002,Kharif,Soyabean,47987,16417,0.342113489
Rajasthan,BUNDI,2002,Kharif,Urad,32926,595,0.018070825
Rajasthan,BUNDI,2002,Rabi,Barley,1055,1756,1.664454976
Rajasthan,BUNDI,2002,Rabi,Gram,7565,5025,0.664243225
Rajasthan,BUNDI,2002,Rabi,Linseed,176,100,0.568181818
Rajasthan,BUNDI,2002,Rabi,Masoor,1213,904,0.745259687
Rajasthan,BUNDI,2002,Rabi,Other  Rabi pulses,2,0,0
Rajasthan,BUNDI,2002,Rabi,Peas & beans (Pulses),772,770,0.997409326
Rajasthan,BUNDI,2002,Rabi,Rapeseed &Mustard,13099,8900,0.679441179
Rajasthan,BUNDI,2002,Rabi,Wheat,65862,161579,2.453296286
Rajasthan,BUNDI,2002,Whole Year,Citrus Fruit,21,0,0
Rajasthan,BUNDI,2002,Whole Year,Coriander,5182,4630,0.893477422
Rajasthan,BUNDI,2002,Whole Year,Dry chillies,141,122,0.865248227
Rajasthan,BUNDI,2002,Whole Year,Garlic,1051,990,0.941960038
Rajasthan,BUNDI,2002,Whole Year,Guar seed,630,122,0.193650794
Rajasthan,BUNDI,2002,Whole Year,Onion,52,92,1.769230769
Rajasthan,BUNDI,2002,Whole Year,Other Fresh Fruits,149,0,0
Rajasthan,BUNDI,2002,Whole Year,Other Vegetables,2126,0,0
Rajasthan,BUNDI,2002,Whole Year,Papaya,10,12,1.2
Rajasthan,BUNDI,2002,Whole Year,Pome Fruit,204,0,0
Rajasthan,BUNDI,2002,Whole Year,Potato,154,279,1.811688312
Rajasthan,BUNDI,2002,Whole Year,Sannhamp,20,43,2.15
Rajasthan,BUNDI,2002,Whole Year,Sugarcane,4447,213673,48.04879694
Rajasthan,BUNDI,2002,Whole Year,Sweet potato,156,58,0.371794872
Rajasthan,BUNDI,2002,Whole Year,Turmeric,42,9,0.214285714
Rajasthan,BUNDI,2003,Kharif,Arhar/Tur,564,602,1.067375887
Rajasthan,BUNDI,2003,Kharif,Bajra,9100,10342,1.136483516
Rajasthan,BUNDI,2003,Kharif,Castor seed,48,48,1
Rajasthan,BUNDI,2003,Kharif,Cotton(lint),24,47,1.958333333
Rajasthan,BUNDI,2003,Kharif,Groundnut,481,753,1.565488565
Rajasthan,BUNDI,2003,Kharif,Jowar,7572,11137,1.470813524
Rajasthan,BUNDI,2003,Kharif,Maize,44477,80721,1.814893091
Rajasthan,BUNDI,2003,Kharif,Moong(Green Gram),242,150,0.619834711
Rajasthan,BUNDI,2003,Kharif,Other Kharif pulses,37,20,0.540540541
Rajasthan,BUNDI,2003,Kharif,Rice,7442,14763,1.98374093
Rajasthan,BUNDI,2003,Kharif,Sesamum,11560,4969,0.429844291
Rajasthan,BUNDI,2003,Kharif,Soyabean,46453,64667,1.392095236
Rajasthan,BUNDI,2003,Kharif,Urad,27543,17881,0.649203064
Rajasthan,BUNDI,2003,Rabi,Barley,1075,2647,2.462325581
Rajasthan,BUNDI,2003,Rabi,Gram,9458,6748,0.713470078
Rajasthan,BUNDI,2003,Rabi,Linseed,228,214,0.938596491
Rajasthan,BUNDI,2003,Rabi,Masoor,3048,3411,1.119094488
Rajasthan,BUNDI,2003,Rabi,Other  Rabi pulses,12,11,0.916666667
Rajasthan,BUNDI,2003,Rabi,Peas & beans (Pulses),1190,1758,1.477310924
Rajasthan,BUNDI,2003,Rabi,Rapeseed &Mustard,55037,66451,1.207387757
Rajasthan,BUNDI,2003,Rabi,Wheat,102994,264088,2.564110531
Rajasthan,BUNDI,2003,Whole Year,Citrus Fruit,15,0,0
Rajasthan,BUNDI,2003,Whole Year,Coriander,9154,10335,1.129014638
Rajasthan,BUNDI,2003,Whole Year,Dry chillies,175,173,0.988571429
Rajasthan,BUNDI,2003,Whole Year,Garlic,858,0,0
Rajasthan,BUNDI,2003,Whole Year,Guar seed,1352,,
Rajasthan,BUNDI,2003,Whole Year,Onion,81,95,1.172839506
Rajasthan,BUNDI,2003,Whole Year,Other Fresh Fruits,199,0,0
Rajasthan,BUNDI,2003,Whole Year,other oilseeds,526,562,1.068441065
Rajasthan,BUNDI,2003,Whole Year,Other Vegetables,1802,0,0
Rajasthan,BUNDI,2003,Whole Year,Papaya,37,0,0
Rajasthan,BUNDI,2003,Whole Year,Pome Fruit,174,0,0
Rajasthan,BUNDI,2003,Whole Year,Potato,138,293,2.123188406
Rajasthan,BUNDI,2003,Whole Year,Sannhamp,13,0,0
Rajasthan,BUNDI,2003,Whole Year,Sugarcane,1469,48631,33.10483322
Rajasthan,BUNDI,2003,Whole Year,Sweet potato,276,103,0.373188406
Rajasthan,BUNDI,2003,Whole Year,Tobacco,4,,
Rajasthan,BUNDI,2003,Whole Year,Turmeric,10,29,2.9
Rajasthan,BUNDI,2003,Whole Year,Water Melon,4,0,0
Rajasthan,BUNDI,2004,Kharif,Arhar/Tur,81,97,1.197530864
Rajasthan,BUNDI,2004,Kharif,Bajra,2081,1365,0.655934647
Rajasthan,BUNDI,2004,Kharif,Castor seed,1,1,1
Rajasthan,BUNDI,2004,Kharif,Cotton(lint),54,94,1.740740741
Rajasthan,BUNDI,2004,Kharif,Groundnut,328,509,1.551829268
Rajasthan,BUNDI,2004,Kharif,Jowar,1113,749,0.672955975
Rajasthan,BUNDI,2004,Kharif,Maize,33625,36756,1.093115242
Rajasthan,BUNDI,2004,Kharif,Moong(Green Gram),82,22,0.268292683
Rajasthan,BUNDI,2004,Kharif,Other Kharif pulses,42,13,0.30952381
Rajasthan,BUNDI,2004,Kharif,Rice,6053,11200,1.850322154
Rajasthan,BUNDI,2004,Kharif,Sesamum,11402,4626,0.405718295
Rajasthan,BUNDI,2004,Kharif,Soyabean,40428,47908,1.185020283
Rajasthan,BUNDI,2004,Kharif,Urad,3898,1692,0.434068753
Rajasthan,BUNDI,2004,Rabi,Barley,584,1400,2.397260274
Rajasthan,BUNDI,2004,Rabi,Gram,2681,2911,1.085788885
Rajasthan,BUNDI,2004,Rabi,Linseed,126,86,0.682539683
Rajasthan,BUNDI,2004,Rabi,Masoor,1657,1481,0.893783947
Rajasthan,BUNDI,2004,Rabi,Other  Rabi pulses,1038,6575,6.334296724
Rajasthan,BUNDI,2004,Rabi,Rapeseed &Mustard,150249,204527,1.361253652
Rajasthan,BUNDI,2004,Rabi,Wheat,81202,266007,3.275867589
Rajasthan,BUNDI,2004,Whole Year,Coriander,1165,1408,1.208583691
Rajasthan,BUNDI,2004,Whole Year,Dry chillies,158,172,1.088607595
Rajasthan,BUNDI,2004,Whole Year,Garlic,641,411,0.641185647
Rajasthan,BUNDI,2004,Whole Year,Guar seed,110,110,1
Rajasthan,BUNDI,2004,Whole Year,Onion,104,134,1.288461538
Rajasthan,BUNDI,2004,Whole Year,Potato,107,296,2.76635514
Rajasthan,BUNDI,2004,Whole Year,Sannhamp,13,,
Rajasthan,BUNDI,2004,Whole Year,Sugarcane,1631,85242,52.26364194
Rajasthan,BUNDI,2004,Whole Year,Sweet potato,341,1364,4
Rajasthan,BUNDI,2004,Whole Year,Turmeric,17,64,3.764705882
Rajasthan,BUNDI,2005,Kharif,Arhar/Tur,237,118,0.497890295
Rajasthan,BUNDI,2005,Kharif,Bajra,2376,1032,0.434343434
Rajasthan,BUNDI,2005,Kharif,Castor seed,7,7,1
Rajasthan,BUNDI,2005,Kharif,Cotton(lint),12,23,1.916666667
Rajasthan,BUNDI,2005,Kharif,Groundnut,330,510,1.545454545
Rajasthan,BUNDI,2005,Kharif,Jowar,4065,4610,1.134071341
Rajasthan,BUNDI,2005,Kharif,Maize,31385,40897,1.303074717
Rajasthan,BUNDI,2005,Kharif,Moong(Green Gram),97,15,0.154639175
Rajasthan,BUNDI,2005,Kharif,Moth,14,2,0.142857143
Rajasthan,BUNDI,2005,Kharif,Rice,8788,12485,1.420687301
Rajasthan,BUNDI,2005,Kharif,Sesamum,9963,3174,0.318578741
Rajasthan,BUNDI,2005,Kharif,Soyabean,72280,99231,1.372869397
Rajasthan,BUNDI,2005,Kharif,Urad,4562,2231,0.489039895
Rajasthan,BUNDI,2005,Rabi,Barley,700,1590,2.271428571
Rajasthan,BUNDI,2005,Rabi,Gram,2592,3021,1.165509259
Rajasthan,BUNDI,2005,Rabi,Linseed,103,78,0.757281553
Rajasthan,BUNDI,2005,Rabi,Masoor,2938,2406,0.818924438
Rajasthan,BUNDI,2005,Rabi,Peas & beans (Pulses),1013,6417,6.334649556
Rajasthan,BUNDI,2005,Rabi,Rapeseed &Mustard,127364,191831,1.506163437
Rajasthan,BUNDI,2005,Rabi,Wheat,94861,287769,3.033585984
Rajasthan,BUNDI,2005,Whole Year,Coriander,4962,6242,1.2579605
Rajasthan,BUNDI,2005,Whole Year,Dry chillies,147,177,1.204081633
Rajasthan,BUNDI,2005,Whole Year,Garlic,370,732,1.978378378
Rajasthan,BUNDI,2005,Whole Year,Guar seed,180,265,1.472222222
Rajasthan,BUNDI,2005,Whole Year,Onion,41,266,6.487804878
Rajasthan,BUNDI,2005,Whole Year,Potato,156,774,4.961538462
Rajasthan,BUNDI,2005,Whole Year,Sannhamp,8,16,2
Rajasthan,BUNDI,2005,Whole Year,Sugarcane,3251,178372,54.86681021
Rajasthan,BUNDI,2005,Whole Year,Sweet potato,172,600,3.488372093
Rajasthan,BUNDI,2005,Whole Year,Turmeric,28,115,4.107142857
Rajasthan,BUNDI,2006,Kharif,Arhar/Tur,7,6,0.857142857
Rajasthan,BUNDI,2006,Kharif,Bajra,2198,2045,0.930391265
Rajasthan,BUNDI,2006,Kharif,Cotton(lint),7,3,0.428571429
Rajasthan,BUNDI,2006,Kharif,Groundnut,465,607,1.305376344
Rajasthan,BUNDI,2006,Kharif,Jowar,1309,871,0.66539343
Rajasthan,BUNDI,2006,Kharif,Maize,30722,56363,1.834613632
Rajasthan,BUNDI,2006,Kharif,Moong(Green Gram),153,55,0.359477124
Rajasthan,BUNDI,2006,Kharif,Moth,6,1,0.166666667
Rajasthan,BUNDI,2006,Kharif,Other Kharif pulses,1,1,1
Rajasthan,BUNDI,2006,Kharif,Rice,9421,16208,1.720411846
Rajasthan,BUNDI,2006,Kharif,Sesamum,6302,2880,0.456997778
Rajasthan,BUNDI,2006,Kharif,Soyabean,61339,92055,1.500758082
Rajasthan,BUNDI,2006,Kharif,Urad,3786,2674,0.706286318
Rajasthan,BUNDI,2006,Rabi,Barley,825,2101,2.546666667
Rajasthan,BUNDI,2006,Rabi,Gram,8967,9754,1.087766254
Rajasthan,BUNDI,2006,Rabi,Linseed,59,32,0.542372881
Rajasthan,BUNDI,2006,Rabi,Masoor,2323,1886,0.811881188
Rajasthan,BUNDI,2006,Rabi,Peas & beans (Pulses),852,1321,1.550469484
Rajasthan,BUNDI,2006,Rabi,Rapeseed &Mustard,104734,129495,1.236417973
Rajasthan,BUNDI,2006,Rabi,Wheat,111575,405515,3.634461125
Rajasthan,BUNDI,2006,Whole Year,Coriander,1390,1549,1.114388489
Rajasthan,BUNDI,2006,Whole Year,Dry chillies,144,145,1.006944444
Rajasthan,BUNDI,2006,Whole Year,Garlic,583,1117,1.915951973
Rajasthan,BUNDI,2006,Whole Year,Guar seed,178,153,0.859550562
Rajasthan,BUNDI,2006,Whole Year,Potato,192,920,4.791666667
Rajasthan,BUNDI,2006,Whole Year,Sannhamp,8,8,1
Rajasthan,BUNDI,2006,Whole Year,Sugarcane,4398,221042,50.25966348
Rajasthan,BUNDI,2006,Whole Year,Sweet potato,208,1567,7.533653846
Rajasthan,BUNDI,2006,Whole Year,Turmeric,44,391,8.886363636
Rajasthan,BUNDI,2007,Kharif,Arhar/Tur,18,14,0.777777778
Rajasthan,BUNDI,2007,Kharif,Bajra,4096,5446,1.329589844
Rajasthan,BUNDI,2007,Kharif,Groundnut,399,688,1.724310777
Rajasthan,BUNDI,2007,Kharif,Jowar,2789,2867,1.027967013
Rajasthan,BUNDI,2007,Kharif,Maize,33235,76591,2.304528359
Rajasthan,BUNDI,2007,Kharif,Moong(Green Gram),143,56,0.391608392
Rajasthan,BUNDI,2007,Kharif,Other Kharif pulses,5,2,0.4
Rajasthan,BUNDI,2007,Kharif,Rice,16967,39552,2.331113338
Rajasthan,BUNDI,2007,Kharif,Sesamum,10047,4104,0.408480143
Rajasthan,BUNDI,2007,Kharif,Soyabean,76046,102919,1.353378218
Rajasthan,BUNDI,2007,Kharif,Urad,15246,9644,0.63255936
Rajasthan,BUNDI,2007,Rabi,Barley,807,1746,2.163568773
Rajasthan,BUNDI,2007,Rabi,Gram,16018,18330,1.14433762
Rajasthan,BUNDI,2007,Rabi,Linseed,45,26,0.577777778
Rajasthan,BUNDI,2007,Rabi,Masoor,4697,3011,0.641047477
Rajasthan,BUNDI,2007,Rabi,Other  Rabi pulses,3,3,1
Rajasthan,BUNDI,2007,Rabi,other oilseeds,864,233,0.269675926
Rajasthan,BUNDI,2007,Rabi,Peas & beans (Pulses),791,796,1.006321113
Rajasthan,BUNDI,2007,Rabi,Rapeseed &Mustard,62697,64189,1.023796992
Rajasthan,BUNDI,2007,Rabi,Wheat,129893,458279,3.528126997
Rajasthan,BUNDI,2007,Whole Year,Coriander,1407,1147,0.815209666
Rajasthan,BUNDI,2007,Whole Year,Dry chillies,163,191,1.171779141
Rajasthan,BUNDI,2007,Whole Year,Garlic,1608,2968,1.845771144
Rajasthan,BUNDI,2007,Whole Year,Guar seed,932,1192,1.278969957
Rajasthan,BUNDI,2007,Whole Year,Onion,41,114,2.780487805
Rajasthan,BUNDI,2007,Whole Year,Potato,194,859,4.427835052
Rajasthan,BUNDI,2007,Whole Year,Sannhamp,6,6,1
Rajasthan,BUNDI,2007,Whole Year,Sugarcane,3667,200224,54.60158167
Rajasthan,BUNDI,2007,Whole Year,Sweet potato,256,1995,7.79296875
Rajasthan,BUNDI,2007,Whole Year,Turmeric,57,386,6.771929825
Rajasthan,BUNDI,2008,Kharif,Arhar/Tur,37,37,1
Rajasthan,BUNDI,2008,Kharif,Bajra,2558,3138,1.22673964
Rajasthan,BUNDI,2008,Kharif,Cotton(lint),10,4,0.4
Rajasthan,BUNDI,2008,Kharif,Groundnut,505,842,1.667326733
Rajasthan,BUNDI,2008,Kharif,Jowar,1156,972,0.84083045
Rajasthan,BUNDI,2008,Kharif,Maize,32697,73577,2.250267609
Rajasthan,BUNDI,2008,Kharif,Moong(Green Gram),74,31,0.418918919
Rajasthan,BUNDI,2008,Kharif,Rice,24506,45335,1.849955113
Rajasthan,BUNDI,2008,Kharif,Sesamum,18575,6225,0.33512786
Rajasthan,BUNDI,2008,Kharif,Soyabean,76488,74531,0.974414287
Rajasthan,BUNDI,2008,Kharif,Urad,11378,7369,0.647653366
Rajasthan,BUNDI,2008,Rabi,Barley,756,2314,3.060846561
Rajasthan,BUNDI,2008,Rabi,Gram,5022,5749,1.144763043
Rajasthan,BUNDI,2008,Rabi,Linseed,113,170,1.504424779
Rajasthan,BUNDI,2008,Rabi,Masoor,5993,4599,0.767395295
Rajasthan,BUNDI,2008,Rabi,other oilseeds,668,244,0.365269461
Rajasthan,BUNDI,2008,Rabi,Peas & beans (Pulses),761,1135,1.491458607
Rajasthan,BUNDI,2008,Rabi,Rapeseed &Mustard,84285,85378,1.012967907
Rajasthan,BUNDI,2008,Rabi,Wheat,117809,429814,3.648396982
Rajasthan,BUNDI,2008,Whole Year,Coriander,4267,3536,0.828685259
Rajasthan,BUNDI,2008,Whole Year,Dry chillies,133,229,1.721804511
Rajasthan,BUNDI,2008,Whole Year,Garlic,653,1238,1.895865237
Rajasthan,BUNDI,2008,Whole Year,Guar seed,548,549,1.001824818
Rajasthan,BUNDI,2008,Whole Year,Potato,145,629,4.337931034
Rajasthan,BUNDI,2008,Whole Year,Sannhamp,4,4,1
Rajasthan,BUNDI,2008,Whole Year,Sugarcane,1775,81122,45.70253521
Rajasthan,BUNDI,2008,Whole Year,Sweet potato,161,,
Rajasthan,BUNDI,2008,Whole Year,Turmeric,31,117,3.774193548
Rajasthan,BUNDI,2009,Kharif,Arhar/Tur,21,1,0.047619048
Rajasthan,BUNDI,2009,Kharif,Bajra,3182,2607,0.81929604
Rajasthan,BUNDI,2009,Kharif,Cotton(lint),6,2,0.333333333
Rajasthan,BUNDI,2009,Kharif,Groundnut,432,470,1.087962963
Rajasthan,BUNDI,2009,Kharif,Jowar,1567,190,0.121250798
Rajasthan,BUNDI,2009,Kharif,Maize,37989,49571,1.304877728
Rajasthan,BUNDI,2009,Kharif,Moong(Green Gram),69,3,0.043478261
Rajasthan,BUNDI,2009,Kharif,Other Kharif pulses,2,,
Rajasthan,BUNDI,2009,Kharif,Rice,36145,31357,0.867533545
Rajasthan,BUNDI,2009,Kharif,Sesamum,15967,3712,0.232479489
Rajasthan,BUNDI,2009,Kharif,Soyabean,55461,37813,0.681794414
Rajasthan,BUNDI,2009,Kharif,Urad,8648,2779,0.321345976
Rajasthan,BUNDI,2009,Rabi,Barley,664,1842,2.774096386
Rajasthan,BUNDI,2009,Rabi,Gram,6911,5108,0.739111561
Rajasthan,BUNDI,2009,Rabi,Linseed,157,303,1.929936306
Rajasthan,BUNDI,2009,Rabi,Masoor,12496,12103,0.968549936
Rajasthan,BUNDI,2009,Rabi,Other  Rabi pulses,368,725,1.970108696
Rajasthan,BUNDI,2009,Rabi,other oilseeds,6011,2213,0.368158376
Rajasthan,BUNDI,2009,Rabi,Rapeseed &Mustard,63718,70656,1.108886029
Rajasthan,BUNDI,2009,Rabi,Wheat,107862,366088,3.394040533
Rajasthan,BUNDI,2009,Whole Year,Coriander,3271,3641,1.113115255
Rajasthan,BUNDI,2009,Whole Year,Dry chillies,109,75,0.688073394
Rajasthan,BUNDI,2009,Whole Year,Garlic,819,1520,1.855921856
Rajasthan,BUNDI,2009,Whole Year,Guar seed,102,,
Rajasthan,BUNDI,2009,Whole Year,Potato,99,489,4.939393939
Rajasthan,BUNDI,2009,Whole Year,Sannhamp,13,14,1.076923077
Rajasthan,BUNDI,2009,Whole Year,Sugarcane,1360,54787,40.28455882
Rajasthan,BUNDI,2009,Whole Year,Sweet potato,109,,
Rajasthan,BUNDI,2009,Whole Year,Turmeric,17,38,2.235294118
Rajasthan,BUNDI,2010,Kharif,Arhar/Tur,17,16,0.941176471
Rajasthan,BUNDI,2010,Kharif,Bajra,4881,5410,1.10837943
Rajasthan,BUNDI,2010,Kharif,Cotton(lint),3,1,0.333333333
Rajasthan,BUNDI,2010,Kharif,Groundnut,394,775,1.967005076
Rajasthan,BUNDI,2010,Kharif,Jowar,669,468,0.69955157
Rajasthan,BUNDI,2010,Kharif,Maize,48612,122387,2.517629392
Rajasthan,BUNDI,2010,Kharif,Moong(Green Gram),236,147,0.622881356
Rajasthan,BUNDI,2010,Kharif,Other Kharif pulses,4,2,0.5
Rajasthan,BUNDI,2010,Kharif,Rice,22898,42971,1.87662678
Rajasthan,BUNDI,2010,Kharif,Sesamum,36413,15408,0.42314558
Rajasthan,BUNDI,2010,Kharif,Soyabean,55169,79778,1.446065725
Rajasthan,BUNDI,2010,Kharif,Urad,13605,13790,1.013597942
Rajasthan,BUNDI,2010,Rabi,Barley,1073,3058,2.849953402
Rajasthan,BUNDI,2010,Rabi,Gram,9065,10680,1.17815775
Rajasthan,BUNDI,2010,Rabi,Linseed,123,227,1.845528455
Rajasthan,BUNDI,2010,Rabi,Masoor,19485,17045,0.874775468
Rajasthan,BUNDI,2010,Rabi,Other  Rabi pulses,751,426,0.567243675
Rajasthan,BUNDI,2010,Rabi,other oilseeds,10234,4182,0.408637874
Rajasthan,BUNDI,2010,Rabi,Rapeseed &Mustard,41689,48675,1.16757418
Rajasthan,BUNDI,2010,Rabi,Wheat,150244,570970,3.80028487
Rajasthan,BUNDI,2010,Whole Year,Coriander,2223,2253,1.013495277
Rajasthan,BUNDI,2010,Whole Year,Dry chillies,88,112,1.272727273
Rajasthan,BUNDI,2010,Whole Year,Garlic,1262,2449,1.940570523
Rajasthan,BUNDI,2010,Whole Year,Guar seed,869,449,0.516685846
Rajasthan,BUNDI,2010,Whole Year,Potato,101,692,6.851485149
Rajasthan,BUNDI,2010,Whole Year,Sugarcane,786,40372,51.36386768
Rajasthan,BUNDI,2010,Whole Year,Sweet potato,58,281,4.844827586
Rajasthan,BUNDI,2010,Whole Year,Turmeric,30,113,3.766666667
Rajasthan,CHITTORGARH,1997,Kharif,Arhar/Tur,500,300,0.6
Rajasthan,CHITTORGARH,1997,Kharif,Cotton(lint),900,1176,1.306666667
Rajasthan,CHITTORGARH,1997,Kharif,Groundnut,45300,54100,1.194260486
Rajasthan,CHITTORGARH,1997,Kharif,Jowar,16400,14400,0.87804878
Rajasthan,CHITTORGARH,1997,Kharif,Maize,146600,232700,1.587312415
Rajasthan,CHITTORGARH,1997,Kharif,Onion,300,1600,5.333333333
Rajasthan,CHITTORGARH,1997,Kharif,Rice,1000,1200,1.2
Rajasthan,CHITTORGARH,1997,Kharif,Sesamum,3600,1100,0.305555556
Rajasthan,CHITTORGARH,1997,Kharif,Soyabean,92200,112200,1.21691974
Rajasthan,CHITTORGARH,1997,Kharif,Sugarcane,2600,145500,55.96153846
Rajasthan,CHITTORGARH,1997,Rabi,Barley,4600,9200,2
Rajasthan,CHITTORGARH,1997,Rabi,Gram,47000,45000,0.957446809
Rajasthan,CHITTORGARH,1997,Rabi,Linseed,1500,700,0.466666667
Rajasthan,CHITTORGARH,1997,Rabi,Rapeseed &Mustard,65400,35500,0.542813456
Rajasthan,CHITTORGARH,1997,Rabi,Wheat,110100,321100,2.9164396
Rajasthan,CHITTORGARH,1998,Kharif,Arhar/Tur,459,608,1.324618736
Rajasthan,CHITTORGARH,1998,Kharif,Bajra,44,19,0.431818182
Rajasthan,CHITTORGARH,1998,Kharif,Castor seed,9,13,1.444444444
Rajasthan,CHITTORGARH,1998,Kharif,Cotton(lint),858,197,0.22960373
Rajasthan,CHITTORGARH,1998,Kharif,Groundnut,39501,48243,1.221310853
Rajasthan,CHITTORGARH,1998,Kharif,Jowar,14400,9562,0.664027778
Rajasthan,CHITTORGARH,1998,Kharif,Maize,142288,196542,1.381297088
Rajasthan,CHITTORGARH,1998,Kharif,Moong(Green Gram),586,61,0.104095563
Rajasthan,CHITTORGARH,1998,Kharif,Moth,1,,
Rajasthan,CHITTORGARH,1998,Kharif,Other Kharif pulses,216,48,0.222222222
Rajasthan,CHITTORGARH,1998,Kharif,Rice,1245,1522,1.22248996
Rajasthan,CHITTORGARH,1998,Kharif,Sannhamp,378,66,0.174603175
Rajasthan,CHITTORGARH,1998,Kharif,Sesamum,3698,876,0.236884803
Rajasthan,CHITTORGARH,1998,Kharif,Soyabean,111380,163630,1.469114742
Rajasthan,CHITTORGARH,1998,Kharif,Urad,26335,9273,0.352116955
Rajasthan,CHITTORGARH,1998,Rabi,Barley,3340,6420,1.922155689
Rajasthan,CHITTORGARH,1998,Rabi,Gram,86243,78563,0.910949294
Rajasthan,CHITTORGARH,1998,Rabi,Linseed,1589,740,0.465701699
Rajasthan,CHITTORGARH,1998,Rabi,Masoor,3091,1502,0.485926885
Rajasthan,CHITTORGARH,1998,Rabi,Other  Rabi pulses,219,111,0.506849315
Rajasthan,CHITTORGARH,1998,Rabi,Peas & beans (Pulses),168,300,1.785714286
Rajasthan,CHITTORGARH,1998,Rabi,Rapeseed &Mustard,33927,32135,0.947180712
Rajasthan,CHITTORGARH,1998,Rabi,Sunflower,1,1,1
Rajasthan,CHITTORGARH,1998,Rabi,Tobacco,18,14,0.777777778
Rajasthan,CHITTORGARH,1998,Rabi,Wheat,83394,201084,2.411252608
Rajasthan,CHITTORGARH,1998,Whole Year,Coriander,3375,1968,0.583111111
Rajasthan,CHITTORGARH,1998,Whole Year,Dry chillies,676,775,1.146449704
Rajasthan,CHITTORGARH,1998,Whole Year,Garlic,5836,23334,3.998286498
Rajasthan,CHITTORGARH,1998,Whole Year,Onion,385,2456,6.379220779
Rajasthan,CHITTORGARH,1998,Whole Year,Potato,27,98,3.62962963
Rajasthan,CHITTORGARH,1998,Whole Year,Sugarcane,2267,131848,58.1596824
Rajasthan,CHITTORGARH,1998,Whole Year,Sweet potato,20,40,2
Rajasthan,CHITTORGARH,1998,Whole Year,Turmeric,3,3,1
Rajasthan,CHITTORGARH,1999,Kharif,Arhar/Tur,431,368,0.853828306
Rajasthan,CHITTORGARH,1999,Kharif,Bajra,13,4,0.307692308
Rajasthan,CHITTORGARH,1999,Kharif,Castor seed,11,11,1
Rajasthan,CHITTORGARH,1999,Kharif,Cotton(lint),650,186,0.286153846
Rajasthan,CHITTORGARH,1999,Kharif,Groundnut,39550,47211,1.193704172
Rajasthan,CHITTORGARH,1999,Kharif,Jowar,13384,9518,0.711147639
Rajasthan,CHITTORGARH,1999,Kharif,Maize,142896,198299,1.387715541
Rajasthan,CHITTORGARH,1999,Kharif,Moong(Green Gram),506,50,0.098814229
Rajasthan,CHITTORGARH,1999,Kharif,Other Kharif pulses,144,17,0.118055556
Rajasthan,CHITTORGARH,1999,Kharif,Rice,1069,1349,1.261927035
Rajasthan,CHITTORGARH,1999,Kharif,Sesamum,3894,989,0.253980483
Rajasthan,CHITTORGARH,1999,Kharif,Small millets,4,2,0.5
Rajasthan,CHITTORGARH,1999,Kharif,Soyabean,116208,171478,1.475612694
Rajasthan,CHITTORGARH,1999,Kharif,Urad,17017,5874,0.345184228
Rajasthan,CHITTORGARH,1999,Rabi,Barley,3067,5523,1.800782524
Rajasthan,CHITTORGARH,1999,Rabi,Gram,49875,42610,0.85433584
Rajasthan,CHITTORGARH,1999,Rabi,Linseed,994,623,0.626760563
Rajasthan,CHITTORGARH,1999,Rabi,Masoor,3441,4281,1.244115083
Rajasthan,CHITTORGARH,1999,Rabi,Other  Rabi pulses,405,203,0.501234568
Rajasthan,CHITTORGARH,1999,Rabi,Peas & beans (Pulses),181,340,1.878453039
Rajasthan,CHITTORGARH,1999,Rabi,Rapeseed &Mustard,41880,30045,0.717406877
Rajasthan,CHITTORGARH,1999,Rabi,Wheat,89577,244684,2.731549393
Rajasthan,CHITTORGARH,1999,Whole Year,Coriander,1598,1817,1.137046308
Rajasthan,CHITTORGARH,1999,Whole Year,Dry chillies,849,1456,1.714958775
Rajasthan,CHITTORGARH,1999,Whole Year,Garlic,8742,34968,4
Rajasthan,CHITTORGARH,1999,Whole Year,Guar seed,17027,6353,0.373113291
Rajasthan,CHITTORGARH,1999,Whole Year,Onion,609,3762,6.177339901
Rajasthan,CHITTORGARH,1999,Whole Year,Potato,31,115,3.709677419
Rajasthan,CHITTORGARH,1999,Whole Year,Sannhamp,266,62,0.233082707
Rajasthan,CHITTORGARH,1999,Whole Year,Sugarcane,1605,83940,52.29906542
Rajasthan,CHITTORGARH,1999,Whole Year,Sweet potato,16,23,1.4375
Rajasthan,CHITTORGARH,1999,Whole Year,Tapioca,6,12,2
Rajasthan,CHITTORGARH,1999,Whole Year,Tobacco,15,14,0.933333333
Rajasthan,CHITTORGARH,1999,Whole Year,Turmeric,11,11,1
Rajasthan,CHITTORGARH,2000,Kharif,Arhar/Tur,481,158,0.328482328
Rajasthan,CHITTORGARH,2000,Kharif,Bajra,34,15,0.441176471
Rajasthan,CHITTORGARH,2000,Kharif,Castor seed,43,11,0.255813953
Rajasthan,CHITTORGARH,2000,Kharif,Cotton(lint),952,1506,1.581932773
Rajasthan,CHITTORGARH,2000,Kharif,Groundnut,26223,23436,0.893719254
Rajasthan,CHITTORGARH,2000,Kharif,Jowar,13690,6668,0.487070855
Rajasthan,CHITTORGARH,2000,Kharif,Maize,156122,194845,1.248030386
Rajasthan,CHITTORGARH,2000,Kharif,Moong(Green Gram),599,104,0.173622705
Rajasthan,CHITTORGARH,2000,Kharif,Moth,2,,
Rajasthan,CHITTORGARH,2000,Kharif,Other Kharif pulses,268,54,0.201492537
Rajasthan,CHITTORGARH,2000,Kharif,Rice,857,803,0.936989498
Rajasthan,CHITTORGARH,2000,Kharif,Sesamum,4500,1036,0.230222222
Rajasthan,CHITTORGARH,2000,Kharif,Small millets,7,0.1,0.014285714
Rajasthan,CHITTORGARH,2000,Kharif,Soyabean,116607,58671,0.503151612
Rajasthan,CHITTORGARH,2000,Kharif,Sunflower,1,,
Rajasthan,CHITTORGARH,2000,Kharif,Urad,14538,3977,0.273558949
Rajasthan,CHITTORGARH,2000,Rabi,Barley,3050,5944,1.948852459
Rajasthan,CHITTORGARH,2000,Rabi,Gram,7610,3091,0.406176084
Rajasthan,CHITTORGARH,2000,Rabi,Linseed,286,136,0.475524476
Rajasthan,CHITTORGARH,2000,Rabi,Masoor,1138,1092,0.959578207
Rajasthan,CHITTORGARH,2000,Rabi,Other  Rabi pulses,208,105,0.504807692
Rajasthan,CHITTORGARH,2000,Rabi,Peas & beans (Pulses),155,340,2.193548387
Rajasthan,CHITTORGARH,2000,Rabi,Rapeseed &Mustard,8117,7446,0.91733399
Rajasthan,CHITTORGARH,2000,Rabi,Wheat,51503,129286,2.510261538
Rajasthan,CHITTORGARH,2000,Whole Year,Banana,6,,
Rajasthan,CHITTORGARH,2000,Whole Year,Coriander,699,759,1.08583691
Rajasthan,CHITTORGARH,2000,Whole Year,Dry chillies,671,837,1.247391952
Rajasthan,CHITTORGARH,2000,Whole Year,Garlic,3612,9030,2.5
Rajasthan,CHITTORGARH,2000,Whole Year,Guar seed,18734,4550,0.242873919
Rajasthan,CHITTORGARH,2000,Whole Year,Onion,448,3974,8.870535714
Rajasthan,CHITTORGARH,2000,Whole Year,Potato,16,34,2.125
Rajasthan,CHITTORGARH,2000,Whole Year,Sannhamp,179,21,0.117318436
Rajasthan,CHITTORGARH,2000,Whole Year,Sugarcane,1025,57304,55.90634146
Rajasthan,CHITTORGARH,2000,Whole Year,Sweet potato,4,6,1.5
Rajasthan,CHITTORGARH,2000,Whole Year,Tobacco,13,4,0.307692308
Rajasthan,CHITTORGARH,2000,Whole Year,Turmeric,12,10,0.833333333
Rajasthan,CHITTORGARH,2001,Kharif,Arhar/Tur,416,291,0.699519231
Rajasthan,CHITTORGARH,2001,Kharif,Bajra,53,40,0.754716981
Rajasthan,CHITTORGARH,2001,Kharif,Castor seed,9,5,0.555555556
Rajasthan,CHITTORGARH,2001,Kharif,Cotton(lint),1090,600,0.550458716
Rajasthan,CHITTORGARH,2001,Kharif,Groundnut,32325,45550,1.409126063
Rajasthan,CHITTORGARH,2001,Kharif,Jowar,17452,11411,0.653850562
Rajasthan,CHITTORGARH,2001,Kharif,Maize,162354,293150,1.805622282
Rajasthan,CHITTORGARH,2001,Kharif,Mesta,17,17,1
Rajasthan,CHITTORGARH,2001,Kharif,Moong(Green Gram),676,199,0.294378698
Rajasthan,CHITTORGARH,2001,Kharif,Moth,7,2,0.285714286
Rajasthan,CHITTORGARH,2001,Kharif,Other Kharif pulses,202,70,0.346534653
Rajasthan,CHITTORGARH,2001,Kharif,Rice,732,913,1.24726776
Rajasthan,CHITTORGARH,2001,Kharif,Sesamum,6675,2117,0.317153558
Rajasthan,CHITTORGARH,2001,Kharif,Small millets,3,9,3
Rajasthan,CHITTORGARH,2001,Kharif,Soyabean,112641,107533,0.954652391
Rajasthan,CHITTORGARH,2001,Kharif,Sunflower,25,13,0.52
Rajasthan,CHITTORGARH,2001,Kharif,Urad,19836,9575,0.482708207
Rajasthan,CHITTORGARH,2001,Rabi,Barley,3258,8598,2.639042357
Rajasthan,CHITTORGARH,2001,Rabi,Gram,21678,15384,0.709659563
Rajasthan,CHITTORGARH,2001,Rabi,Linseed,807,632,0.78314746
Rajasthan,CHITTORGARH,2001,Rabi,Masoor,1848,1336,0.722943723
Rajasthan,CHITTORGARH,2001,Rabi,Other  Rabi pulses,413,331,0.801452785
Rajasthan,CHITTORGARH,2001,Rabi,Peas & beans (Pulses),307,276,0.899022801
Rajasthan,CHITTORGARH,2001,Rabi,Rapeseed &Mustard,29199,23034,0.788862632
Rajasthan,CHITTORGARH,2001,Rabi,Wheat,79380,225705,2.84334845
Rajasthan,CHITTORGARH,2001,Whole Year,Coriander,2128,2109,0.991071429
Rajasthan,CHITTORGARH,2001,Whole Year,Dry chillies,733,1010,1.377899045
Rajasthan,CHITTORGARH,2001,Whole Year,Garlic,4718,17584,3.727002967
Rajasthan,CHITTORGARH,2001,Whole Year,Guar seed,7833,39213,5.00612792
Rajasthan,CHITTORGARH,2001,Whole Year,Onion,697,2613,3.74892396
Rajasthan,CHITTORGARH,2001,Whole Year,Potato,42,229,5.452380952
Rajasthan,CHITTORGARH,2001,Whole Year,Sannhamp,133,133,1
Rajasthan,CHITTORGARH,2001,Whole Year,Sugarcane,659,30954,46.97116844
Rajasthan,CHITTORGARH,2001,Whole Year,Sweet potato,7,6,0.857142857
Rajasthan,CHITTORGARH,2001,Whole Year,Tobacco,13,3,0.230769231
Rajasthan,CHITTORGARH,2001,Whole Year,Turmeric,11,11,1
Rajasthan,CHITTORGARH,2002,Kharif,Arhar/Tur,240,46,0.191666667
Rajasthan,CHITTORGARH,2002,Kharif,Bajra,40,9,0.225
Rajasthan,CHITTORGARH,2002,Kharif,Castor seed,8,1,0.125
Rajasthan,CHITTORGARH,2002,Kharif,Cotton(lint),1523,994,0.652659225
Rajasthan,CHITTORGARH,2002,Kharif,Groundnut,38814,36389,0.937522543
Rajasthan,CHITTORGARH,2002,Kharif,Jowar,15896,7154,0.450050327
Rajasthan,CHITTORGARH,2002,Kharif,Maize,156526,186039,1.188550145
Rajasthan,CHITTORGARH,2002,Kharif,Moong(Green Gram),665,42,0.063157895
Rajasthan,CHITTORGARH,2002,Kharif,Other Kharif pulses,203,19,0.093596059
Rajasthan,CHITTORGARH,2002,Kharif,Rice,725,589,0.812413793
Rajasthan,CHITTORGARH,2002,Kharif,Sesamum,9126,1827,0.200197239
Rajasthan,CHITTORGARH,2002,Kharif,Soyabean,108518,81823,0.754003944
Rajasthan,CHITTORGARH,2002,Kharif,Urad,28185,9698,0.344083732
Rajasthan,CHITTORGARH,2002,Rabi,Barley,1655,3729,2.253172205
Rajasthan,CHITTORGARH,2002,Rabi,Gram,6490,5659,0.871956857
Rajasthan,CHITTORGARH,2002,Rabi,Linseed,102,43,0.421568627
Rajasthan,CHITTORGARH,2002,Rabi,Masoor,338,227,0.671597633
Rajasthan,CHITTORGARH,2002,Rabi,Other  Rabi pulses,35,0,0
Rajasthan,CHITTORGARH,2002,Rabi,Peas & beans (Pulses),188,112,0.595744681
Rajasthan,CHITTORGARH,2002,Rabi,Rapeseed &Mustard,6710,6484,0.966318927
Rajasthan,CHITTORGARH,2002,Rabi,Wheat,36458,83117,2.279801415
Rajasthan,CHITTORGARH,2002,Whole Year,Citrus Fruit,66,0,0
Rajasthan,CHITTORGARH,2002,Whole Year,Coriander,919,1020,1.109902067
Rajasthan,CHITTORGARH,2002,Whole Year,Dry chillies,572,251,0.438811189
Rajasthan,CHITTORGARH,2002,Whole Year,Garlic,4791,22039,4.60008349
Rajasthan,CHITTORGARH,2002,Whole Year,Guar seed,4902,696,0.141982864
Rajasthan,CHITTORGARH,2002,Whole Year,Onion,815,2070,2.539877301
Rajasthan,CHITTORGARH,2002,Whole Year,Other Fresh Fruits,247,0,0
Rajasthan,CHITTORGARH,2002,Whole Year,Other Vegetables,874,0,0
Rajasthan,CHITTORGARH,2002,Whole Year,Papaya,6,20,3.333333333
Rajasthan,CHITTORGARH,2002,Whole Year,Pome Fruit,18,0,0
Rajasthan,CHITTORGARH,2002,Whole Year,Potato,5,6,1.2
Rajasthan,CHITTORGARH,2002,Whole Year,Sannhamp,195,,
Rajasthan,CHITTORGARH,2002,Whole Year,Sugarcane,862,43675,50.66705336
Rajasthan,CHITTORGARH,2002,Whole Year,Sweet potato,16,50,3.125
Rajasthan,CHITTORGARH,2002,Whole Year,Tobacco,6,1,0.166666667
Rajasthan,CHITTORGARH,2002,Whole Year,Turmeric,10,3,0.3
Rajasthan,CHITTORGARH,2002,Whole Year,Water Melon,3,0,0
Rajasthan,CHITTORGARH,2003,Kharif,Arhar/Tur,312,187,0.599358974
Rajasthan,CHITTORGARH,2003,Kharif,Bajra,41,47,1.146341463
Rajasthan,CHITTORGARH,2003,Kharif,Castor seed,13,8,0.615384615
Rajasthan,CHITTORGARH,2003,Kharif,Cotton(lint),1519,3135,2.063857801
Rajasthan,CHITTORGARH,2003,Kharif,Groundnut,36667,51247,1.397632749
Rajasthan,CHITTORGARH,2003,Kharif,Jowar,21742,8946,0.411461687
Rajasthan,CHITTORGARH,2003,Kharif,Maize,174714,374056,2.1409618
Rajasthan,CHITTORGARH,2003,Kharif,Moong(Green Gram),821,509,0.619975639
Rajasthan,CHITTORGARH,2003,Kharif,Other Kharif pulses,184,103,0.559782609
Rajasthan,CHITTORGARH,2003,Kharif,Rice,776,1283,1.653350515
Rajasthan,CHITTORGARH,2003,Kharif,Sesamum,10610,3454,0.325541942
Rajasthan,CHITTORGARH,2003,Kharif,Small millets,2,2,1
Rajasthan,CHITTORGARH,2003,Kharif,Soyabean,101837,151292,1.485628995
Rajasthan,CHITTORGARH,2003,Kharif,Urad,23518,9061,0.38527936
Rajasthan,CHITTORGARH,2003,Rabi,Barley,2599,5625,2.164293959
Rajasthan,CHITTORGARH,2003,Rabi,Gram,41042,33300,0.811363969
Rajasthan,CHITTORGARH,2003,Rabi,Linseed,230,128,0.556521739
Rajasthan,CHITTORGARH,2003,Rabi,Masoor,1518,1096,0.722002635
Rajasthan,CHITTORGARH,2003,Rabi,Other  Rabi pulses,114,91,0.798245614
Rajasthan,CHITTORGARH,2003,Rabi,Peas & beans (Pulses),214,129,0.602803738
Rajasthan,CHITTORGARH,2003,Rabi,Rapeseed &Mustard,17870,26870,1.503637381
Rajasthan,CHITTORGARH,2003,Rabi,Wheat,65010,196663,3.025119212
Rajasthan,CHITTORGARH,2003,Whole Year,Citrus Fruit,76,0,0
Rajasthan,CHITTORGARH,2003,Whole Year,Coriander,2223,987,0.443994602
Rajasthan,CHITTORGARH,2003,Whole Year,Dry chillies,627,460,0.733652313
Rajasthan,CHITTORGARH,2003,Whole Year,Garlic,6085,27991,4.6
Rajasthan,CHITTORGARH,2003,Whole Year,Guar seed,5858,,
Rajasthan,CHITTORGARH,2003,Whole Year,Onion,490,1749,3.569387755
Rajasthan,CHITTORGARH,2003,Whole Year,Other Fresh Fruits,255,0,0
Rajasthan,CHITTORGARH,2003,Whole Year,other oilseeds,18252,6710,0.367630945
Rajasthan,CHITTORGARH,2003,Whole Year,Other Vegetables,1008,0,0
Rajasthan,CHITTORGARH,2003,Whole Year,Papaya,2,0,0
Rajasthan,CHITTORGARH,2003,Whole Year,Pome Fruit,17,0,0
Rajasthan,CHITTORGARH,2003,Whole Year,Potato,26,66,2.538461538
Rajasthan,CHITTORGARH,2003,Whole Year,Sannhamp,98,39,0.397959184
Rajasthan,CHITTORGARH,2003,Whole Year,Sugarcane,786,44811,57.01145038
Rajasthan,CHITTORGARH,2003,Whole Year,Sweet potato,8,30,3.75
Rajasthan,CHITTORGARH,2003,Whole Year,Tobacco,9,,
Rajasthan,CHITTORGARH,2003,Whole Year,Turmeric,5,4,0.8
Rajasthan,CHITTORGARH,2003,Whole Year,Water Melon,6,0,0
Rajasthan,CHITTORGARH,2004,Kharif,Arhar/Tur,343,182,0.530612245
Rajasthan,CHITTORGARH,2004,Kharif,Bajra,26,17,0.653846154
Rajasthan,CHITTORGARH,2004,Kharif,Castor seed,10,10,1
Rajasthan,CHITTORGARH,2004,Kharif,Cotton(lint),3480,6076,1.745977011
Rajasthan,CHITTORGARH,2004,Kharif,Groundnut,44846,56349,1.256500022
Rajasthan,CHITTORGARH,2004,Kharif,Jowar,12902,8304,0.643621144
Rajasthan,CHITTORGARH,2004,Kharif,Maize,156886,276249,1.760826332
Rajasthan,CHITTORGARH,2004,Kharif,Moong(Green Gram),852,232,0.272300469
Rajasthan,CHITTORGARH,2004,Kharif,Other Kharif pulses,191,60,0.314136126
Rajasthan,CHITTORGARH,2004,Kharif,Rice,706,1048,1.484419263
Rajasthan,CHITTORGARH,2004,Kharif,Sesamum,11027,5319,0.482361476
Rajasthan,CHITTORGARH,2004,Kharif,Soyabean,135087,135094,1.000051818
Rajasthan,CHITTORGARH,2004,Kharif,Urad,15722,5094,0.32400458
Rajasthan,CHITTORGARH,2004,Rabi,Barley,3273,7625,2.329666972
Rajasthan,CHITTORGARH,2004,Rabi,Gram,32205,34401,1.06818817
Rajasthan,CHITTORGARH,2004,Rabi,Linseed,298,179,0.600671141
Rajasthan,CHITTORGARH,2004,Rabi,Masoor,2179,1486,0.681964204
Rajasthan,CHITTORGARH,2004,Rabi,Other  Rabi pulses,714,692,0.969187675
Rajasthan,CHITTORGARH,2004,Rabi,Rapeseed &Mustard,93485,142896,1.528544686
Rajasthan,CHITTORGARH,2004,Rabi,Wheat,96294,266320,2.76569672
Rajasthan,CHITTORGARH,2004,Whole Year,Coriander,1551,1199,0.773049645
Rajasthan,CHITTORGARH,2004,Whole Year,Dry chillies,575,340,0.591304348
Rajasthan,CHITTORGARH,2004,Whole Year,Garlic,6869,38649,5.6265832
Rajasthan,CHITTORGARH,2004,Whole Year,Guar seed,3306,2158,0.652752571
Rajasthan,CHITTORGARH,2004,Whole Year,Onion,709,3654,5.153737659
Rajasthan,CHITTORGARH,2004,Whole Year,Potato,36,133,3.694444444
Rajasthan,CHITTORGARH,2004,Whole Year,Sannhamp,95,16,0.168421053
Rajasthan,CHITTORGARH,2004,Whole Year,Sugarcane,759,45636,60.12648221
Rajasthan,CHITTORGARH,2004,Whole Year,Sweet potato,13,41,3.153846154
Rajasthan,CHITTORGARH,2004,Whole Year,Tobacco,11,6,0.545454545
Rajasthan,CHITTORGARH,2004,Whole Year,Turmeric,11,11,1
Rajasthan,CHITTORGARH,2005,Kharif,Arhar/Tur,291,137,0.470790378
Rajasthan,CHITTORGARH,2005,Kharif,Bajra,29,13,0.448275862
Rajasthan,CHITTORGARH,2005,Kharif,Castor seed,7,6,0.857142857
Rajasthan,CHITTORGARH,2005,Kharif,Cotton(lint),3091,5770,1.866709803
Rajasthan,CHITTORGARH,2005,Kharif,Groundnut,32304,45590,1.411280337
Rajasthan,CHITTORGARH,2005,Kharif,Jowar,12032,8168,0.678856383
Rajasthan,CHITTORGARH,2005,Kharif,Maize,150253,261242,1.738680758
Rajasthan,CHITTORGARH,2005,Kharif,Moong(Green Gram),1504,239,0.158909574
Rajasthan,CHITTORGARH,2005,Kharif,Moth,1,,
Rajasthan,CHITTORGARH,2005,Kharif,Other Kharif pulses,189,40,0.211640212
Rajasthan,CHITTORGARH,2005,Kharif,Rice,664,974,1.46686747
Rajasthan,CHITTORGARH,2005,Kharif,Sesamum,9741,3141,0.322451494
Rajasthan,CHITTORGARH,2005,Kharif,Soyabean,163364,150559,0.921616758
Rajasthan,CHITTORGARH,2005,Kharif,Urad,13359,2210,0.165431544
Rajasthan,CHITTORGARH,2005,Rabi,Barley,4690,8435,1.798507463
Rajasthan,CHITTORGARH,2005,Rabi,Gram,23340,15574,0.667266495
Rajasthan,CHITTORGARH,2005,Rabi,Linseed,270,180,0.666666667
Rajasthan,CHITTORGARH,2005,Rabi,Masoor,1956,1676,0.856850716
Rajasthan,CHITTORGARH,2005,Rabi,Peas & beans (Pulses),298,238,0.798657718
Rajasthan,CHITTORGARH,2005,Rabi,Rapeseed &Mustard,116050,221246,1.906471349
Rajasthan,CHITTORGARH,2005,Rabi,Wheat,92702,279338,3.013289897
Rajasthan,CHITTORGARH,2005,Whole Year,Coriander,1173,1051,0.89599318
Rajasthan,CHITTORGARH,2005,Whole Year,Dry chillies,413,229,0.554479419
Rajasthan,CHITTORGARH,2005,Whole Year,Garlic,4782,23910,5
Rajasthan,CHITTORGARH,2005,Whole Year,Guar seed,4315,3601,0.834530707
Rajasthan,CHITTORGARH,2005,Whole Year,Onion,762,3872,5.081364829
Rajasthan,CHITTORGARH,2005,Whole Year,Potato,33,165,5
Rajasthan,CHITTORGARH,2005,Whole Year,Sannhamp,83,24,0.289156627
Rajasthan,CHITTORGARH,2005,Whole Year,Sugarcane,1180,92404,78.30847458
Rajasthan,CHITTORGARH,2005,Whole Year,Sweet potato,24,136,5.666666667
Rajasthan,CHITTORGARH,2005,Whole Year,Tobacco,7,6,0.857142857
Rajasthan,CHITTORGARH,2005,Whole Year,Turmeric,12,12,1
Rajasthan,CHITTORGARH,2006,Kharif,Arhar/Tur,445,452,1.015730337
Rajasthan,CHITTORGARH,2006,Kharif,Bajra,15,11,0.733333333
Rajasthan,CHITTORGARH,2006,Kharif,Castor seed,5,4,0.8
Rajasthan,CHITTORGARH,2006,Kharif,Cotton(lint),2744,555,0.202259475
Rajasthan,CHITTORGARH,2006,Kharif,Dry ginger,1,,
Rajasthan,CHITTORGARH,2006,Kharif,Groundnut,33359,28670,0.859438233
Rajasthan,CHITTORGARH,2006,Kharif,Jowar,10294,7939,0.771225957
Rajasthan,CHITTORGARH,2006,Kharif,Maize,161243,270936,1.680296199
Rajasthan,CHITTORGARH,2006,Kharif,Moong(Green Gram),2343,836,0.356807512
Rajasthan,CHITTORGARH,2006,Kharif,Other Kharif pulses,118,48,0.406779661
Rajasthan,CHITTORGARH,2006,Kharif,Rice,608,958,1.575657895
Rajasthan,CHITTORGARH,2006,Kharif,Sesamum,8266,1565,0.189329785
Rajasthan,CHITTORGARH,2006,Kharif,Small millets,7,5,0.714285714
Rajasthan,CHITTORGARH,2006,Kharif,Soyabean,152465,136564,0.895707211
Rajasthan,CHITTORGARH,2006,Kharif,Urad,9747,1225,0.125679696
Rajasthan,CHITTORGARH,2006,Rabi,Barley,5905,15538,2.631329382
Rajasthan,CHITTORGARH,2006,Rabi,Gram,27302,25910,0.949014724
Rajasthan,CHITTORGARH,2006,Rabi,Linseed,293,185,0.631399317
Rajasthan,CHITTORGARH,2006,Rabi,Masoor,2798,2524,0.902072909
Rajasthan,CHITTORGARH,2006,Rabi,Peas & beans (Pulses),301,602,2
Rajasthan,CHITTORGARH,2006,Rabi,Rapeseed &Mustard,94339,144592,1.532685316
Rajasthan,CHITTORGARH,2006,Rabi,Wheat,146886,561855,3.825109268
Rajasthan,CHITTORGARH,2006,Whole Year,Coriander,1959,2606,1.330270546
Rajasthan,CHITTORGARH,2006,Whole Year,Dry chillies,386,158,0.409326425
Rajasthan,CHITTORGARH,2006,Whole Year,Garlic,6613,43646,6.600030243
Rajasthan,CHITTORGARH,2006,Whole Year,Guar seed,4227,4195,0.992429619
Rajasthan,CHITTORGARH,2006,Whole Year,Onion,745,5891,7.90738255
Rajasthan,CHITTORGARH,2006,Whole Year,Potato,35,327,9.342857143
Rajasthan,CHITTORGARH,2006,Whole Year,Sannhamp,42,21,0.5
Rajasthan,CHITTORGARH,2006,Whole Year,Sugarcane,1375,78526,57.10981818
Rajasthan,CHITTORGARH,2006,Whole Year,Sweet potato,18,77,4.277777778
Rajasthan,CHITTORGARH,2006,Whole Year,Tobacco,3,1,0.333333333
Rajasthan,CHITTORGARH,2006,Whole Year,Turmeric,18,70,3.888888889
Rajasthan,CHITTORGARH,2007,Kharif,Arhar/Tur,572,572,1
Rajasthan,CHITTORGARH,2007,Kharif,Bajra,28,23,0.821428571
Rajasthan,CHITTORGARH,2007,Kharif,Castor seed,5,,
Rajasthan,CHITTORGARH,2007,Kharif,Cotton(lint),2533,538,0.212396368
Rajasthan,CHITTORGARH,2007,Kharif,Groundnut,24836,32708,1.316959253
Rajasthan,CHITTORGARH,2007,Kharif,Jowar,9429,8750,0.927988122
Rajasthan,CHITTORGARH,2007,Kharif,Maize,187640,459143,2.446935621
Rajasthan,CHITTORGARH,2007,Kharif,Moong(Green Gram),867,341,0.393310265
Rajasthan,CHITTORGARH,2007,Kharif,Moth,33,10,0.303030303
Rajasthan,CHITTORGARH,2007,Kharif,Other Kharif pulses,118,43,0.36440678
Rajasthan,CHITTORGARH,2007,Kharif,Rice,860,1747,2.031395349
Rajasthan,CHITTORGARH,2007,Kharif,Sesamum,6056,2060,0.34015852
Rajasthan,CHITTORGARH,2007,Kharif,Small millets,3,2,0.666666667
Rajasthan,CHITTORGARH,2007,Kharif,Soyabean,140057,157016,1.121086415
Rajasthan,CHITTORGARH,2007,Kharif,Urad,8361,4115,0.492166009
Rajasthan,CHITTORGARH,2007,Rabi,Barley,5960,10343,1.735402685
Rajasthan,CHITTORGARH,2007,Rabi,Gram,26637,19695,0.739385066
Rajasthan,CHITTORGARH,2007,Rabi,Linseed,125,105,0.84
Rajasthan,CHITTORGARH,2007,Rabi,Masoor,2757,2173,0.788175553
Rajasthan,CHITTORGARH,2007,Rabi,other oilseeds,1008,444,0.44047619
Rajasthan,CHITTORGARH,2007,Rabi,Peas & beans (Pulses),217,453,2.087557604
Rajasthan,CHITTORGARH,2007,Rabi,Rapeseed &Mustard,81927,101604,1.240177231
Rajasthan,CHITTORGARH,2007,Rabi,Wheat,122359,330866,2.704059366
Rajasthan,CHITTORGARH,2007,Whole Year,Coriander,2451,2238,0.913096695
Rajasthan,CHITTORGARH,2007,Whole Year,Dry chillies,401,181,0.451371571
Rajasthan,CHITTORGARH,2007,Whole Year,Garlic,11200,72800,6.5
Rajasthan,CHITTORGARH,2007,Whole Year,Guar seed,5009,5009,1
Rajasthan,CHITTORGARH,2007,Whole Year,Onion,1006,9047,8.99304175
Rajasthan,CHITTORGARH,2007,Whole Year,Potato,32,160,5
Rajasthan,CHITTORGARH,2007,Whole Year,Sannhamp,55,55,1
Rajasthan,CHITTORGARH,2007,Whole Year,Sugarcane,1195,43057,36.03096234
Rajasthan,CHITTORGARH,2007,Whole Year,Sweet potato,13,103,7.923076923
Rajasthan,CHITTORGARH,2007,Whole Year,Tobacco,2,1,0.5
Rajasthan,CHITTORGARH,2007,Whole Year,Turmeric,5,13,2.6
Rajasthan,CHITTORGARH,2008,Kharif,Arhar/Tur,20,10,0.5
Rajasthan,CHITTORGARH,2008,Kharif,Bajra,33,27,0.818181818
Rajasthan,CHITTORGARH,2008,Kharif,Cotton(lint),2766,1128,0.407809111
Rajasthan,CHITTORGARH,2008,Kharif,Groundnut,25013,27842,1.113101187
Rajasthan,CHITTORGARH,2008,Kharif,Jowar,7484,6012,0.803313736
Rajasthan,CHITTORGARH,2008,Kharif,Maize,166361,466162,2.802111072
Rajasthan,CHITTORGARH,2008,Kharif,Moong(Green Gram),555,234,0.421621622
Rajasthan,CHITTORGARH,2008,Kharif,Other Kharif pulses,48,23,0.479166667
Rajasthan,CHITTORGARH,2008,Kharif,Rice,369,667,1.807588076
Rajasthan,CHITTORGARH,2008,Kharif,Sesamum,6715,1399,0.208339538
Rajasthan,CHITTORGARH,2008,Kharif,Soyabean,45702,56526,1.23683865
Rajasthan,CHITTORGARH,2008,Kharif,Urad,4342,435,0.100184247
Rajasthan,CHITTORGARH,2008,Rabi,Barley,5519,16508,2.99112158
Rajasthan,CHITTORGARH,2008,Rabi,Gram,7773,6855,0.881898881
Rajasthan,CHITTORGARH,2008,Rabi,Linseed,67,42,0.626865672
Rajasthan,CHITTORGARH,2008,Rabi,Masoor,649,713,1.098613251
Rajasthan,CHITTORGARH,2008,Rabi,other oilseeds,1104,427,0.386775362
Rajasthan,CHITTORGARH,2008,Rabi,Peas & beans (Pulses),203,244,1.201970443
Rajasthan,CHITTORGARH,2008,Rabi,Rapeseed &Mustard,81026,92548,1.142201269
Rajasthan,CHITTORGARH,2008,Rabi,Wheat,84045,303325,3.60907847
Rajasthan,CHITTORGARH,2008,Whole Year,Coriander,3203,3184,0.994068061
Rajasthan,CHITTORGARH,2008,Whole Year,Dry chillies,172,129,0.75
Rajasthan,CHITTORGARH,2008,Whole Year,Garlic,5445,35393,6.500091827
Rajasthan,CHITTORGARH,2008,Whole Year,Guar seed,5202,5203,1.000192234
Rajasthan,CHITTORGARH,2008,Whole Year,Onion,193,1693,8.772020725
Rajasthan,CHITTORGARH,2008,Whole Year,Potato,10,63,6.3
Rajasthan,CHITTORGARH,2008,Whole Year,Sannhamp,100,100,1
Rajasthan,CHITTORGARH,2008,Whole Year,Sugarcane,881,43715,49.61975028
Rajasthan,CHITTORGARH,2008,Whole Year,Sweet potato,2,,
Rajasthan,CHITTORGARH,2008,Whole Year,Tobacco,2,1,0.5
Rajasthan,CHITTORGARH,2008,Whole Year,Turmeric,8,24,3
Rajasthan,CHITTORGARH,2009,Kharif,Arhar/Tur,11,5,0.454545455
Rajasthan,CHITTORGARH,2009,Kharif,Bajra,12,5,0.416666667
Rajasthan,CHITTORGARH,2009,Kharif,Castor seed,27,13,0.481481481
Rajasthan,CHITTORGARH,2009,Kharif,Cotton(lint),8590,2967,0.34540163
Rajasthan,CHITTORGARH,2009,Kharif,Groundnut,18847,20661,1.09624874
Rajasthan,CHITTORGARH,2009,Kharif,Jowar,7646,4774,0.62437876
Rajasthan,CHITTORGARH,2009,Kharif,Maize,175429,306411,1.746638241
Rajasthan,CHITTORGARH,2009,Kharif,Moong(Green Gram),482,16,0.033195021
Rajasthan,CHITTORGARH,2009,Kharif,Other Kharif pulses,39,4,0.102564103
Rajasthan,CHITTORGARH,2009,Kharif,Rice,748,1133,1.514705882
Rajasthan,CHITTORGARH,2009,Kharif,Sesamum,6204,1689,0.272243714
Rajasthan,CHITTORGARH,2009,Kharif,Soyabean,37171,36688,0.987005999
Rajasthan,CHITTORGARH,2009,Kharif,Urad,3473,1579,0.454650158
Rajasthan,CHITTORGARH,2009,Rabi,Barley,4427,12775,2.885701378
Rajasthan,CHITTORGARH,2009,Rabi,Gram,4519,4276,0.946227041
Rajasthan,CHITTORGARH,2009,Rabi,Linseed,93,48,0.516129032
Rajasthan,CHITTORGARH,2009,Rabi,Masoor,426,294,0.690140845
Rajasthan,CHITTORGARH,2009,Rabi,Other  Rabi pulses,105,209,1.99047619
Rajasthan,CHITTORGARH,2009,Rabi,other oilseeds,691,419,0.606367583
Rajasthan,CHITTORGARH,2009,Rabi,Rapeseed &Mustard,39415,48215,1.223265254
Rajasthan,CHITTORGARH,2009,Rabi,Wheat,65075,214409,3.29479831
Rajasthan,CHITTORGARH,2009,Whole Year,Coriander,2172,1262,0.581031308
Rajasthan,CHITTORGARH,2009,Whole Year,Dry chillies,212,136,0.641509434
Rajasthan,CHITTORGARH,2009,Whole Year,Garlic,3424,22256,6.5
Rajasthan,CHITTORGARH,2009,Whole Year,Guar seed,3728,1186,0.318133047
Rajasthan,CHITTORGARH,2009,Whole Year,Onion,209,1045,5
Rajasthan,CHITTORGARH,2009,Whole Year,Potato,5,20,4
Rajasthan,CHITTORGARH,2009,Whole Year,Sannhamp,179,87,0.48603352
Rajasthan,CHITTORGARH,2009,Whole Year,Sugarcane,989,54064,54.6653185
Rajasthan,CHITTORGARH,2009,Whole Year,Tobacco,22,7,0.318181818
Rajasthan,CHITTORGARH,2010,Kharif,Arhar/Tur,24,15,0.625
Rajasthan,CHITTORGARH,2010,Kharif,Bajra,15,17,1.133333333
Rajasthan,CHITTORGARH,2010,Kharif,Castor seed,6,5,0.833333333
Rajasthan,CHITTORGARH,2010,Kharif,Cotton(lint),5948,3742,0.629119032
Rajasthan,CHITTORGARH,2010,Kharif,Groundnut,19393,31012,1.599133708
Rajasthan,CHITTORGARH,2010,Kharif,Jowar,9045,5869,0.648866777
Rajasthan,CHITTORGARH,2010,Kharif,Maize,180256,398124,2.208658796
Rajasthan,CHITTORGARH,2010,Kharif,Moong(Green Gram),762,474,0.622047244
Rajasthan,CHITTORGARH,2010,Kharif,Other Kharif pulses,75,40,0.533333333
Rajasthan,CHITTORGARH,2010,Kharif,Rice,836,1693,2.025119617
Rajasthan,CHITTORGARH,2010,Kharif,Sesamum,6576,2667,0.405565693
Rajasthan,CHITTORGARH,2010,Kharif,Soyabean,36315,46432,1.278590114
Rajasthan,CHITTORGARH,2010,Kharif,Urad,4121,2054,0.498422713
Rajasthan,CHITTORGARH,2010,Rabi,Barley,6939,17611,2.537973771
Rajasthan,CHITTORGARH,2010,Rabi,Gram,8817,8731,0.990246115
Rajasthan,CHITTORGARH,2010,Rabi,Linseed,121,75,0.619834711
Rajasthan,CHITTORGARH,2010,Rabi,Masoor,604,513,0.849337748
Rajasthan,CHITTORGARH,2010,Rabi,Other  Rabi pulses,44,48,1.090909091
Rajasthan,CHITTORGARH,2010,Rabi,other oilseeds,25703,10516,0.40913512
Rajasthan,CHITTORGARH,2010,Rabi,Rapeseed &Mustard,53119,71543,1.346843879
Rajasthan,CHITTORGARH,2010,Rabi,Wheat,104177,420936,4.040584774
Rajasthan,CHITTORGARH,2010,Whole Year,Coriander,3156,2054,0.650823828
Rajasthan,CHITTORGARH,2010,Whole Year,Dry chillies,205,155,0.756097561
Rajasthan,CHITTORGARH,2010,Whole Year,Garlic,4568,26038,5.700087566
Rajasthan,CHITTORGARH,2010,Whole Year,Guar seed,3756,1646,0.438232162
Rajasthan,CHITTORGARH,2010,Whole Year,Onion,471,4177,8.86836518
Rajasthan,CHITTORGARH,2010,Whole Year,Potato,22,162,7.363636364
Rajasthan,CHITTORGARH,2010,Whole Year,Sannhamp,87,26,0.298850575
Rajasthan,CHITTORGARH,2010,Whole Year,Sugarcane,1089,79726,73.21028466
Rajasthan,CHITTORGARH,2010,Whole Year,Sweet potato,2,2,1
Rajasthan,CHITTORGARH,2010,Whole Year,Tobacco,18,18,1
Rajasthan,CHITTORGARH,2010,Whole Year,Turmeric,7,24,3.428571429
Rajasthan,CHURU,1997,Kharif,Bajra,480200,296900,0.618284048
Rajasthan,CHURU,1997,Kharif,Cotton(lint),300,588,1.96
Rajasthan,CHURU,1997,Kharif,Groundnut,13400,15000,1.119402985
Rajasthan,CHURU,1997,Kharif,Onion,100,300,3
Rajasthan,CHURU,1997,Kharif,Sesamum,600,100,0.166666667
Rajasthan,CHURU,1997,Rabi,Barley,10300,19600,1.902912621
Rajasthan,CHURU,1997,Rabi,Gram,384000,309000,0.8046875
Rajasthan,CHURU,1997,Rabi,Rapeseed &Mustard,57000,41400,0.726315789
Rajasthan,CHURU,1997,Rabi,Wheat,24700,61900,2.506072874
Rajasthan,CHURU,1998,Kharif,Bajra,440672,76503,0.173605312
Rajasthan,CHURU,1998,Kharif,Castor seed,2,3,1.5
Rajasthan,CHURU,1998,Kharif,Cotton(lint),217,50,0.230414747
Rajasthan,CHURU,1998,Kharif,Groundnut,13320,19938,1.496846847
Rajasthan,CHURU,1998,Kharif,Jowar,5,2,0.4
Rajasthan,CHURU,1998,Kharif,Maize,1,1,1
Rajasthan,CHURU,1998,Kharif,Moong(Green Gram),30575,5191,0.169779231
Rajasthan,CHURU,1998,Kharif,Moth,192687,32840,0.17043184
Rajasthan,CHURU,1998,Kharif,Other Kharif pulses,1436,321,0.223537604
Rajasthan,CHURU,1998,Kharif,Sannhamp,2,,
Rajasthan,CHURU,1998,Kharif,Sesamum,1776,130,0.073198198
Rajasthan,CHURU,1998,Kharif,Urad,1,,
Rajasthan,CHURU,1998,Rabi,Barley,730,928,1.271232877
Rajasthan,CHURU,1998,Rabi,Gram,545286,183069,0.335730241
Rajasthan,CHURU,1998,Rabi,Linseed,10,6,0.6
Rajasthan,CHURU,1998,Rabi,Peas & beans (Pulses),5,6,1.2
Rajasthan,CHURU,1998,Rabi,Rapeseed &Mustard,31948,30749,0.962470264
Rajasthan,CHURU,1998,Rabi,Sunflower,1,,
Rajasthan,CHURU,1998,Rabi,Tobacco,25,100,4
Rajasthan,CHURU,1998,Rabi,Wheat,19364,48159,2.487037802
Rajasthan,CHURU,1998,Whole Year,Coriander,3,3,1
Rajasthan,CHURU,1998,Whole Year,Dry chillies,13,7,0.538461538
Rajasthan,CHURU,1998,Whole Year,Garlic,1,2,2
Rajasthan,CHURU,1998,Whole Year,Onion,93,272,2.924731183
Rajasthan,CHURU,1998,Whole Year,Sweet potato,8,7,0.875
Rajasthan,CHURU,1999,Kharif,Bajra,402537,27680,0.068763865
Rajasthan,CHURU,1999,Kharif,Castor seed,13,18,1.384615385
Rajasthan,CHURU,1999,Kharif,Cotton(lint),347,100,0.288184438
Rajasthan,CHURU,1999,Kharif,Groundnut,13470,26986,2.003414996
Rajasthan,CHURU,1999,Kharif,Jowar,1,,
Rajasthan,CHURU,1999,Kharif,Maize,1,1,1
Rajasthan,CHURU,1999,Kharif,Moong(Green Gram),22385,2649,0.118338173
Rajasthan,CHURU,1999,Kharif,Moth,153802,6481,0.042138594
Rajasthan,CHURU,1999,Kharif,Other Kharif pulses,1192,143,0.119966443
Rajasthan,CHURU,1999,Kharif,Sesamum,1121,83,0.074041035
Rajasthan,CHURU,1999,Rabi,Barley,823,1662,2.019441069
Rajasthan,CHURU,1999,Rabi,Gram,19300,316,0.016373057
Rajasthan,CHURU,1999,Rabi,Linseed,75,48,0.64
Rajasthan,CHURU,1999,Rabi,Peas & beans (Pulses),3,2,0.666666667
Rajasthan,CHURU,1999,Rabi,Rapeseed &Mustard,25092,24713,0.984895584
Rajasthan,CHURU,1999,Rabi,Wheat,23878,60654,2.540162493
Rajasthan,CHURU,1999,Whole Year,Coriander,8,6,0.75
Rajasthan,CHURU,1999,Whole Year,Dry chillies,13,7,0.538461538
Rajasthan,CHURU,1999,Whole Year,Garlic,3,5,1.666666667
Rajasthan,CHURU,1999,Whole Year,Guar seed,593674,21658,0.036481301
Rajasthan,CHURU,1999,Whole Year,Onion,123,286,2.325203252
Rajasthan,CHURU,1999,Whole Year,Tobacco,12,48,4
Rajasthan,CHURU,2000,Kharif,Bajra,422521,52277,0.123726395
Rajasthan,CHURU,2000,Kharif,Castor seed,2,,
Rajasthan,CHURU,2000,Kharif,Cotton(lint),144,229,1.590277778
Rajasthan,CHURU,2000,Kharif,Groundnut,5485,7074,1.28969918
Rajasthan,CHURU,2000,Kharif,Jowar,148,30,0.202702703
Rajasthan,CHURU,2000,Kharif,Moong(Green Gram),17545,856,0.048788829
Rajasthan,CHURU,2000,Kharif,Moth,154204,6923,0.044895074
Rajasthan,CHURU,2000,Kharif,Other Kharif pulses,602,122,0.202657807
Rajasthan,CHURU,2000,Kharif,Sesamum,1052,145,0.1378327
Rajasthan,CHURU,2000,Rabi,Barley,3256,3745,1.150184275
Rajasthan,CHURU,2000,Rabi,Gram,41323,1239,0.029983302
Rajasthan,CHURU,2000,Rabi,Linseed,2,1,0.5
Rajasthan,CHURU,2000,Rabi,Rapeseed &Mustard,17526,16274,0.928563277
Rajasthan,CHURU,2000,Rabi,Wheat,17615,42306,2.401703094
Rajasthan,CHURU,2000,Whole Year,Coriander,4,14,3.5
Rajasthan,CHURU,2000,Whole Year,Dry chillies,6,2,0.333333333
Rajasthan,CHURU,2000,Whole Year,Guar seed,455916,33342,0.073131893
Rajasthan,CHURU,2000,Whole Year,Onion,62,143,2.306451613
Rajasthan,CHURU,2000,Whole Year,Potato,2,2,1
Rajasthan,CHURU,2000,Whole Year,Sannhamp,1,,
Rajasthan,CHURU,2000,Whole Year,Tobacco,10,40,4
Rajasthan,CHURU,2001,Kharif,Bajra,483246,351589,0.727556979
Rajasthan,CHURU,2001,Kharif,Cotton(lint),340,188,0.552941176
Rajasthan,CHURU,2001,Kharif,Groundnut,6178,9951,1.610715442
Rajasthan,CHURU,2001,Kharif,Jowar,10,4,0.4
Rajasthan,CHURU,2001,Kharif,Maize,1,1,1
Rajasthan,CHURU,2001,Kharif,Moong(Green Gram),39751,36603,0.920807024
Rajasthan,CHURU,2001,Kharif,Moth,207503,55904,0.269412972
Rajasthan,CHURU,2001,Kharif,Other Kharif pulses,1515,385,0.254125413
Rajasthan,CHURU,2001,Kharif,Sesamum,1754,573,0.32668187
Rajasthan,CHURU,2001,Kharif,Urad,2,1,0.5
Rajasthan,CHURU,2001,Rabi,Barley,1125,729,0.648
Rajasthan,CHURU,2001,Rabi,Gram,42045,8385,0.199429183
Rajasthan,CHURU,2001,Rabi,Masoor,3,8,2.666666667
Rajasthan,CHURU,2001,Rabi,Rapeseed &Mustard,20196,21364,1.057833234
Rajasthan,CHURU,2001,Rabi,Wheat,11001,30726,2.793018816
Rajasthan,CHURU,2001,Whole Year,Coriander,11,17,1.545454545
Rajasthan,CHURU,2001,Whole Year,Dry chillies,6,1,0.166666667
Rajasthan,CHURU,2001,Whole Year,Guar seed,384057,64902,0.16899054
Rajasthan,CHURU,2001,Whole Year,Onion,68,123,1.808823529
Rajasthan,CHURU,2001,Whole Year,Sweet potato,4,2,0.5
Rajasthan,CHURU,2001,Whole Year,Tobacco,18,72,4
Rajasthan,CHURU,2002,Kharif,Bajra,294215,5229,0.017772717
Rajasthan,CHURU,2002,Kharif,Cotton(lint),469,306,0.652452026
Rajasthan,CHURU,2002,Kharif,Groundnut,6866,6173,0.899067871
Rajasthan,CHURU,2002,Kharif,Jowar,5,1,0.2
Rajasthan,CHURU,2002,Kharif,Moong(Green Gram),28352,,
Rajasthan,CHURU,2002,Kharif,Moth,101190,,
Rajasthan,CHURU,2002,Kharif,Other Kharif pulses,506,28,0.055335968
Rajasthan,CHURU,2002,Kharif,Sesamum,225,13,0.057777778
Rajasthan,CHURU,2002,Rabi,Barley,4873,4934,1.012517956
Rajasthan,CHURU,2002,Rabi,Gram,16281,1757,0.107917204
Rajasthan,CHURU,2002,Rabi,Rapeseed &Mustard,22682,8349,0.368089234
Rajasthan,CHURU,2002,Rabi,Wheat,12191,33026,2.709047658
Rajasthan,CHURU,2002,Whole Year,Coriander,3,2,0.666666667
Rajasthan,CHURU,2002,Whole Year,Dry chillies,1,1,1
Rajasthan,CHURU,2002,Whole Year,Guar seed,81731,198,0.002422581
Rajasthan,CHURU,2002,Whole Year,Onion,57,74,1.298245614
Rajasthan,CHURU,2002,Whole Year,Other Fresh Fruits,118,0,0
Rajasthan,CHURU,2002,Whole Year,Other Vegetables,143,0,0
Rajasthan,CHURU,2002,Whole Year,Sweet potato,12,18,1.5
Rajasthan,CHURU,2002,Whole Year,Tobacco,8,32,4
Rajasthan,CHURU,2003,Kharif,Bajra,455570,394429,0.865792304
Rajasthan,CHURU,2003,Kharif,Castor seed,10,5,0.5
Rajasthan,CHURU,2003,Kharif,Cotton(lint),421,870,2.066508314
Rajasthan,CHURU,2003,Kharif,Groundnut,7730,18655,2.413324709
Rajasthan,CHURU,2003,Kharif,Jowar,3,2,0.666666667
Rajasthan,CHURU,2003,Kharif,Maize,1,2,2
Rajasthan,CHURU,2003,Kharif,Moong(Green Gram),53004,44563,0.840747868
Rajasthan,CHURU,2003,Kharif,Moth,289402,130801,0.451969924
Rajasthan,CHURU,2003,Kharif,Other Kharif pulses,969,415,0.428276574
Rajasthan,CHURU,2003,Kharif,Sesamum,1393,631,0.452979182
Rajasthan,CHURU,2003,Rabi,Barley,3563,3526,0.989615493
Rajasthan,CHURU,2003,Rabi,Gram,110756,34218,0.308949402
Rajasthan,CHURU,2003,Rabi,Linseed,17,14,0.823529412
Rajasthan,CHURU,2003,Rabi,Rapeseed &Mustard,20174,23007,1.140428274
Rajasthan,CHURU,2003,Rabi,Wheat,11469,32044,2.793966344
Rajasthan,CHURU,2003,Whole Year,Coriander,6,7,1.166666667
Rajasthan,CHURU,2003,Whole Year,Dry chillies,1,0,0
Rajasthan,CHURU,2003,Whole Year,Guar seed,327274,,
Rajasthan,CHURU,2003,Whole Year,Oilseeds total,15,0,0
Rajasthan,CHURU,2003,Whole Year,Onion,36,36,1
Rajasthan,CHURU,2003,Whole Year,Other Fresh Fruits,11,0,0
Rajasthan,CHURU,2003,Whole Year,other oilseeds,4471,3595,0.804070678
Rajasthan,CHURU,2003,Whole Year,Other Vegetables,101,0,0
Rajasthan,CHURU,2003,Whole Year,Tobacco,6,,
Rajasthan,CHURU,2003,Whole Year,Water Melon,11,0,0
Rajasthan,CHURU,2004,Kharif,Bajra,404434,78282,0.193559394
Rajasthan,CHURU,2004,Kharif,Castor seed,308,19,0.061688312
Rajasthan,CHURU,2004,Kharif,Cotton(lint),612,1070,1.748366013
Rajasthan,CHURU,2004,Kharif,Groundnut,9501,16870,1.775602568
Rajasthan,CHURU,2004,Kharif,Jowar,3,1,0.333333333
Rajasthan,CHURU,2004,Kharif,Moong(Green Gram),34107,11056,0.324156332
Rajasthan,CHURU,2004,Kharif,Moth,272646,25892,0.094965633
Rajasthan,CHURU,2004,Kharif,Other Kharif pulses,537,272,0.506517691
Rajasthan,CHURU,2004,Kharif,Sesamum,860,286,0.33255814
Rajasthan,CHURU,2004,Rabi,Barley,2912,3622,1.243818681
Rajasthan,CHURU,2004,Rabi,Gram,281882,107658,0.38192577
Rajasthan,CHURU,2004,Rabi,Linseed,60,45,0.75
Rajasthan,CHURU,2004,Rabi,Masoor,1,1,1
Rajasthan,CHURU,2004,Rabi,Rapeseed &Mustard,40377,39779,0.985189588
Rajasthan,CHURU,2004,Rabi,Wheat,13071,37107,2.838879963
Rajasthan,CHURU,2004,Whole Year,Coriander,3,3,1
Rajasthan,CHURU,2004,Whole Year,Dry chillies,1,1,1
Rajasthan,CHURU,2004,Whole Year,Guar seed,364155,18923,0.051964136
Rajasthan,CHURU,2004,Whole Year,Onion,40,148,3.7
Rajasthan,CHURU,2004,Whole Year,Sweet potato,18,4,0.222222222
Rajasthan,CHURU,2004,Whole Year,Tobacco,10,12,1.2
Rajasthan,CHURU,2005,Kharif,Bajra,427926,54952,0.128414726
Rajasthan,CHURU,2005,Kharif,Castor seed,197,76,0.385786802
Rajasthan,CHURU,2005,Kharif,Cotton(lint),360,670,1.861111111
Rajasthan,CHURU,2005,Kharif,Groundnut,16431,30860,1.878157142
Rajasthan,CHURU,2005,Kharif,Jowar,3,1,0.333333333
Rajasthan,CHURU,2005,Kharif,Moong(Green Gram),37556,3040,0.080945788
Rajasthan,CHURU,2005,Kharif,Moth,244556,13949,0.057038061
Rajasthan,CHURU,2005,Kharif,Other Kharif pulses,1118,73,0.06529517
Rajasthan,CHURU,2005,Kharif,Sesamum,655,97,0.148091603
Rajasthan,CHURU,2005,Rabi,Barley,3581,3587,1.00167551
Rajasthan,CHURU,2005,Rabi,Gram,274882,12266,0.044622784
Rajasthan,CHURU,2005,Rabi,Rapeseed &Mustard,22656,7899,0.348649364
Rajasthan,CHURU,2005,Rabi,Wheat,16077,44397,2.761522672
Rajasthan,CHURU,2005,Whole Year,Coriander,8,8,1
Rajasthan,CHURU,2005,Whole Year,Guar seed,373731,34284,0.091734429
Rajasthan,CHURU,2005,Whole Year,Onion,35,40,1.142857143
Rajasthan,CHURU,2005,Whole Year,Tobacco,3,12,4
Rajasthan,CHURU,2006,Kharif,Bajra,430403,154859,0.359800001
Rajasthan,CHURU,2006,Kharif,Castor seed,19,4,0.210526316
Rajasthan,CHURU,2006,Kharif,Cotton(lint),55,20,0.363636364
Rajasthan,CHURU,2006,Kharif,Groundnut,15199,30894,2.032633726
Rajasthan,CHURU,2006,Kharif,Jowar,2,1,0.5
Rajasthan,CHURU,2006,Kharif,Moong(Green Gram),29431,3144,0.106826136
Rajasthan,CHURU,2006,Kharif,Moth,237689,25974,0.109277249
Rajasthan,CHURU,2006,Kharif,Other Kharif pulses,141,3,0.021276596
Rajasthan,CHURU,2006,Kharif,Sesamum,838,272,0.324582339
Rajasthan,CHURU,2006,Kharif,Urad,1,,
Rajasthan,CHURU,2006,Rabi,Barley,4298,7130,1.658911121
Rajasthan,CHURU,2006,Rabi,Gram,264720,156190,0.590019643
Rajasthan,CHURU,2006,Rabi,Masoor,1,1,1
Rajasthan,CHURU,2006,Rabi,Rapeseed &Mustard,32425,22972,0.70846569
Rajasthan,CHURU,2006,Rabi,Wheat,15743,26817,1.703423744
Rajasthan,CHURU,2006,Whole Year,Coriander,2,2,1
Rajasthan,CHURU,2006,Whole Year,Garlic,1,,
Rajasthan,CHURU,2006,Whole Year,Guar seed,387280,20514,0.052969428
Rajasthan,CHURU,2006,Whole Year,Onion,42,30,0.714285714
Rajasthan,CHURU,2007,Kharif,Bajra,418315,252836,0.604415333
Rajasthan,CHURU,2007,Kharif,Castor seed,1,,
Rajasthan,CHURU,2007,Kharif,Cotton(lint),9,4,0.444444444
Rajasthan,CHURU,2007,Kharif,Groundnut,15839,32474,2.050255698
Rajasthan,CHURU,2007,Kharif,Moong(Green Gram),34525,14214,0.411701665
Rajasthan,CHURU,2007,Kharif,Moth,293070,137815,0.470246016
Rajasthan,CHURU,2007,Kharif,Other Kharif pulses,504,165,0.327380952
Rajasthan,CHURU,2007,Kharif,Sesamum,1487,599,0.402824479
Rajasthan,CHURU,2007,Rabi,Barley,4006,3930,0.981028457
Rajasthan,CHURU,2007,Rabi,Gram,292026,26232,0.089827618
Rajasthan,CHURU,2007,Rabi,other oilseeds,42,11,0.261904762
Rajasthan,CHURU,2007,Rabi,Rapeseed &Mustard,19613,7356,0.37505736
Rajasthan,CHURU,2007,Rabi,Wheat,17651,22633,1.282250297
Rajasthan,CHURU,2007,Whole Year,Coriander,5,4,0.8
Rajasthan,CHURU,2007,Whole Year,Garlic,1,,
Rajasthan,CHURU,2007,Whole Year,Guar seed,347229,66980,0.192898635
Rajasthan,CHURU,2007,Whole Year,Onion,99,99,1
Rajasthan,CHURU,2007,Whole Year,Potato,2,1,0.5
Rajasthan,CHURU,2008,Kharif,Bajra,427985,335074,0.782910616
Rajasthan,CHURU,2008,Kharif,Cotton(lint),3,1,0.333333333
Rajasthan,CHURU,2008,Kharif,Groundnut,19214,52329,2.723482877
Rajasthan,CHURU,2008,Kharif,Jowar,5,3,0.6
Rajasthan,CHURU,2008,Kharif,Moong(Green Gram),31189,32316,1.036134535
Rajasthan,CHURU,2008,Kharif,Moth,294989,92875,0.314842248
Rajasthan,CHURU,2008,Kharif,Other Kharif pulses,917,1168,1.273718648
Rajasthan,CHURU,2008,Kharif,Sesamum,1823,353,0.193636862
Rajasthan,CHURU,2008,Rabi,Barley,4847,9820,2.025995461
Rajasthan,CHURU,2008,Rabi,Gram,287902,144495,0.501889532
Rajasthan,CHURU,2008,Rabi,other oilseeds,35,11,0.314285714
Rajasthan,CHURU,2008,Rabi,Rapeseed &Mustard,17310,14691,0.848700173
Rajasthan,CHURU,2008,Rabi,Wheat,17325,27853,1.607676768
Rajasthan,CHURU,2008,Whole Year,Coriander,5,6,1.2
Rajasthan,CHURU,2008,Whole Year,Garlic,1,,
Rajasthan,CHURU,2008,Whole Year,Guar seed,349810,69432,0.198484892
Rajasthan,CHURU,2008,Whole Year,Onion,52,86,1.653846154
Rajasthan,CHURU,2008,Whole Year,Sweet potato,3,,
Rajasthan,CHURU,2009,Kharif,Bajra,407615,8580,0.021049274
Rajasthan,CHURU,2009,Kharif,Cotton(lint),6,2,0.333333333
Rajasthan,CHURU,2009,Kharif,Groundnut,22664,29213,1.288960466
Rajasthan,CHURU,2009,Kharif,Jowar,7,1,0.142857143
Rajasthan,CHURU,2009,Kharif,Moong(Green Gram),31604,704,0.022275661
Rajasthan,CHURU,2009,Kharif,Moth,310912,4025,0.012945785
Rajasthan,CHURU,2009,Kharif,Other Kharif pulses,513,24,0.046783626
Rajasthan,CHURU,2009,Kharif,Sesamum,1225,37,0.030204082
Rajasthan,CHURU,2009,Rabi,Barley,4922,13080,2.657456319
Rajasthan,CHURU,2009,Rabi,Gram,162383,31623,0.194743292
Rajasthan,CHURU,2009,Rabi,Linseed,3,,
Rajasthan,CHURU,2009,Rabi,other oilseeds,75,28,0.373333333
Rajasthan,CHURU,2009,Rabi,Rapeseed &Mustard,14546,19520,1.341949677
Rajasthan,CHURU,2009,Rabi,Wheat,22674,42534,1.875893093
Rajasthan,CHURU,2009,Whole Year,Coriander,22,27,1.227272727
Rajasthan,CHURU,2009,Whole Year,Guar seed,294579,526,0.001785599
Rajasthan,CHURU,2009,Whole Year,Onion,176,8,0.045454545
Rajasthan,CHURU,2009,Whole Year,Potato,4,4,1
Rajasthan,CHURU,2010,Kharif,Bajra,402905,249732,0.619828496
Rajasthan,CHURU,2010,Kharif,Cotton(lint),4,2,0.5
Rajasthan,CHURU,2010,Kharif,Groundnut,25245,44632,1.76795405
Rajasthan,CHURU,2010,Kharif,Jowar,3,2,0.666666667
Rajasthan,CHURU,2010,Kharif,Moong(Green Gram),34398,7680,0.223268795
Rajasthan,CHURU,2010,Kharif,Moth,422419,142649,0.337695511
Rajasthan,CHURU,2010,Kharif,Other Kharif pulses,1022,303,0.296477495
Rajasthan,CHURU,2010,Kharif,Sesamum,4737,1931,0.407641967
Rajasthan,CHURU,2010,Rabi,Barley,7170,11298,1.575732218
Rajasthan,CHURU,2010,Rabi,Gram,358725,222812,0.621122029
Rajasthan,CHURU,2010,Rabi,other oilseeds,6767,2769,0.409191665
Rajasthan,CHURU,2010,Rabi,Rapeseed &Mustard,20679,32251,1.559601528
Rajasthan,CHURU,2010,Rabi,Wheat,27504,64769,2.354893834
Rajasthan,CHURU,2010,Whole Year,Coriander,17,19,1.117647059
Rajasthan,CHURU,2010,Whole Year,Garlic,1,,
Rajasthan,CHURU,2010,Whole Year,Guar seed,247427,94720,0.382819983
Rajasthan,CHURU,2010,Whole Year,Onion,155,233,1.503225806
Rajasthan,CHURU,2010,Whole Year,Potato,1,,
Rajasthan,DAUSA,1997,Kharif,Arhar/Tur,1200,800,0.666666667
Rajasthan,DAUSA,1997,Kharif,Bajra,82800,58100,0.701690821
Rajasthan,DAUSA,1997,Kharif,Groundnut,20000,18800,0.94
Rajasthan,DAUSA,1997,Kharif,Jowar,4700,2300,0.489361702
Rajasthan,DAUSA,1997,Kharif,Maize,4800,6000,1.25
Rajasthan,DAUSA,1997,Kharif,Sesamum,2500,500,0.2
Rajasthan,DAUSA,1997,Rabi,Barley,5500,12900,2.345454545
Rajasthan,DAUSA,1997,Rabi,Gram,28300,27600,0.975265018
Rajasthan,DAUSA,1997,Rabi,Rapeseed &Mustard,75900,56600,0.74571805
Rajasthan,DAUSA,1997,Rabi,Wheat,85500,232900,2.723976608
Rajasthan,DAUSA,1998,Kharif,Arhar/Tur,456,604,1.324561404
Rajasthan,DAUSA,1998,Kharif,Bajra,83845,102572,1.223352615
Rajasthan,DAUSA,1998,Kharif,Cotton(lint),22,5,0.227272727
Rajasthan,DAUSA,1998,Kharif,Groundnut,21687,26679,1.230183981
Rajasthan,DAUSA,1998,Kharif,Jowar,5708,1640,0.287316048
Rajasthan,DAUSA,1998,Kharif,Maize,4639,5012,1.08040526
Rajasthan,DAUSA,1998,Kharif,Moong(Green Gram),263,27,0.102661597
Rajasthan,DAUSA,1998,Kharif,Moth,455,245,0.538461538
Rajasthan,DAUSA,1998,Kharif,Other Kharif pulses,698,136,0.194842407
Rajasthan,DAUSA,1998,Kharif,Rice,14,17,1.214285714
Rajasthan,DAUSA,1998,Kharif,Sannhamp,75,25,0.333333333
Rajasthan,DAUSA,1998,Kharif,Sesamum,4220,310,0.073459716
Rajasthan,DAUSA,1998,Kharif,Urad,218,69,0.316513761
Rajasthan,DAUSA,1998,Rabi,Barley,5046,12599,2.496829172
Rajasthan,DAUSA,1998,Rabi,Gram,37980,53656,1.412743549
Rajasthan,DAUSA,1998,Rabi,Linseed,1,1,1
Rajasthan,DAUSA,1998,Rabi,Masoor,8,9,1.125
Rajasthan,DAUSA,1998,Rabi,Other  Rabi pulses,19,27,1.421052632
Rajasthan,DAUSA,1998,Rabi,Peas & beans (Pulses),111,133,1.198198198
Rajasthan,DAUSA,1998,Rabi,Rapeseed &Mustard,54215,61937,1.142432906
Rajasthan,DAUSA,1998,Rabi,Tobacco,227,246,1.083700441
Rajasthan,DAUSA,1998,Rabi,Wheat,100100,319855,3.195354645
Rajasthan,DAUSA,1998,Whole Year,Coriander,30,27,0.9
Rajasthan,DAUSA,1998,Whole Year,Dry chillies,80,171,2.1375
Rajasthan,DAUSA,1998,Whole Year,Garlic,6,6,1
Rajasthan,DAUSA,1998,Whole Year,Onion,37,107,2.891891892
Rajasthan,DAUSA,1998,Whole Year,Potato,12,34,2.833333333
Rajasthan,DAUSA,1998,Whole Year,Sugarcane,25,1194,47.76
Rajasthan,DAUSA,1998,Whole Year,Sweet potato,2,2,1
Rajasthan,DAUSA,1999,Kharif,Arhar/Tur,267,82,0.307116105
Rajasthan,DAUSA,1999,Kharif,Bajra,79242,82977,1.047134096
Rajasthan,DAUSA,1999,Kharif,Cotton(lint),45,13,0.288888889
Rajasthan,DAUSA,1999,Kharif,Groundnut,18632,21930,1.177007299
Rajasthan,DAUSA,1999,Kharif,Jowar,4961,1546,0.31163072
Rajasthan,DAUSA,1999,Kharif,Maize,3560,3694,1.037640449
Rajasthan,DAUSA,1999,Kharif,Moong(Green Gram),202,20,0.099009901
Rajasthan,DAUSA,1999,Kharif,Moth,121,5,0.041322314
Rajasthan,DAUSA,1999,Kharif,Other Kharif pulses,539,38,0.070500928
Rajasthan,DAUSA,1999,Kharif,Rice,74,93,1.256756757
Rajasthan,DAUSA,1999,Kharif,Sesamum,4109,1093,0.26600146
Rajasthan,DAUSA,1999,Kharif,Urad,18,5,0.277777778
Rajasthan,DAUSA,1999,Rabi,Barley,5202,9603,1.846020761
Rajasthan,DAUSA,1999,Rabi,Gram,24450,20050,0.8200409
Rajasthan,DAUSA,1999,Rabi,Linseed,4,3,0.75
Rajasthan,DAUSA,1999,Rabi,Other  Rabi pulses,49,82,1.673469388
Rajasthan,DAUSA,1999,Rabi,Peas & beans (Pulses),32,59,1.84375
Rajasthan,DAUSA,1999,Rabi,Rapeseed &Mustard,66112,42102,0.636828412
Rajasthan,DAUSA,1999,Rabi,Wheat,97812,309496,3.164192533
Rajasthan,DAUSA,1999,Whole Year,Coriander,7,13,1.857142857
Rajasthan,DAUSA,1999,Whole Year,Dry chillies,37,79,2.135135135
Rajasthan,DAUSA,1999,Whole Year,Garlic,4,4,1
Rajasthan,DAUSA,1999,Whole Year,Guar seed,14785,10217,0.691038214
Rajasthan,DAUSA,1999,Whole Year,Onion,19,47,2.473684211
Rajasthan,DAUSA,1999,Whole Year,Potato,7,11,1.571428571
Rajasthan,DAUSA,1999,Whole Year,Sannhamp,58,28,0.482758621
Rajasthan,DAUSA,1999,Whole Year,Sugarcane,15,612,40.8
Rajasthan,DAUSA,1999,Whole Year,Sweet potato,9,7,0.777777778
Rajasthan,DAUSA,1999,Whole Year,Tapioca,5,5,1
Rajasthan,DAUSA,1999,Whole Year,Tobacco,235,137,0.582978723
Rajasthan,DAUSA,2000,Kharif,Arhar/Tur,232,95,0.409482759
Rajasthan,DAUSA,2000,Kharif,Bajra,87425,100466,1.149167858
Rajasthan,DAUSA,2000,Kharif,Cotton(lint),28,41,1.464285714
Rajasthan,DAUSA,2000,Kharif,Groundnut,13493,16756,1.241829097
Rajasthan,DAUSA,2000,Kharif,Jowar,6395,1276,0.199530884
Rajasthan,DAUSA,2000,Kharif,Maize,3128,3274,1.046675192
Rajasthan,DAUSA,2000,Kharif,Moong(Green Gram),118,20,0.169491525
Rajasthan,DAUSA,2000,Kharif,Moth,145,10,0.068965517
Rajasthan,DAUSA,2000,Kharif,Other Kharif pulses,454,80,0.176211454
Rajasthan,DAUSA,2000,Kharif,Rice,3,3,1
Rajasthan,DAUSA,2000,Kharif,Sesamum,4361,652,0.149506994
Rajasthan,DAUSA,2000,Kharif,Small millets,2,0.1,0.05
Rajasthan,DAUSA,2000,Kharif,Urad,31,9,0.290322581
Rajasthan,DAUSA,2000,Rabi,Barley,7527,16311,2.166998804
Rajasthan,DAUSA,2000,Rabi,Gram,16196,15780,0.974314646
Rajasthan,DAUSA,2000,Rabi,Linseed,1,1,1
Rajasthan,DAUSA,2000,Rabi,Other  Rabi pulses,5,10,2
Rajasthan,DAUSA,2000,Rabi,Peas & beans (Pulses),36,52,1.444444444
Rajasthan,DAUSA,2000,Rabi,Rapeseed &Mustard,45135,32736,0.725290794
Rajasthan,DAUSA,2000,Rabi,Wheat,95200,270712,2.843613445
Rajasthan,DAUSA,2000,Whole Year,Coriander,7,7,1
Rajasthan,DAUSA,2000,Whole Year,Dry chillies,26,67,2.576923077
Rajasthan,DAUSA,2000,Whole Year,Garlic,2,2,1
Rajasthan,DAUSA,2000,Whole Year,Guar seed,21994,4712,0.214240247
Rajasthan,DAUSA,2000,Whole Year,Onion,39,137,3.512820513
Rajasthan,DAUSA,2000,Whole Year,Potato,1,,
Rajasthan,DAUSA,2000,Whole Year,Sannhamp,48,29,0.604166667
Rajasthan,DAUSA,2000,Whole Year,Sugarcane,6,250,41.66666667
Rajasthan,DAUSA,2000,Whole Year,Sweet potato,1,1,1
Rajasthan,DAUSA,2000,Whole Year,Tobacco,96,37,0.385416667
Rajasthan,DAUSA,2001,Kharif,Arhar/Tur,192,152,0.791666667
Rajasthan,DAUSA,2001,Kharif,Bajra,91192,142561,1.563305992
Rajasthan,DAUSA,2001,Kharif,Cotton(lint),4,0,0
Rajasthan,DAUSA,2001,Kharif,Groundnut,17900,27292,1.524692737
Rajasthan,DAUSA,2001,Kharif,Jowar,7642,3163,0.413896886
Rajasthan,DAUSA,2001,Kharif,Maize,2967,4313,1.453656892
Rajasthan,DAUSA,2001,Kharif,Moong(Green Gram),159,47,0.295597484
Rajasthan,DAUSA,2001,Kharif,Moth,109,26,0.23853211
Rajasthan,DAUSA,2001,Kharif,Other Kharif pulses,123,62,0.504065041
Rajasthan,DAUSA,2001,Kharif,Rice,1,1,1
Rajasthan,DAUSA,2001,Kharif,Sesamum,4910,1609,0.327698574
Rajasthan,DAUSA,2001,Kharif,Small millets,1,1,1
Rajasthan,DAUSA,2001,Kharif,Urad,23,8,0.347826087
Rajasthan,DAUSA,2001,Rabi,Barley,6495,18428,2.83725943
Rajasthan,DAUSA,2001,Rabi,Gram,15788,12442,0.788066886
Rajasthan,DAUSA,2001,Rabi,Linseed,1,1,1
Rajasthan,DAUSA,2001,Rabi,Masoor,1,1,1
Rajasthan,DAUSA,2001,Rabi,Peas & beans (Pulses),46,73,1.586956522
Rajasthan,DAUSA,2001,Rabi,Rapeseed &Mustard,54881,40501,0.737978535
Rajasthan,DAUSA,2001,Rabi,Wheat,87432,291645,3.335678013
Rajasthan,DAUSA,2001,Whole Year,Coriander,14,15,1.071428571
Rajasthan,DAUSA,2001,Whole Year,Dry chillies,25,18,0.72
Rajasthan,DAUSA,2001,Whole Year,Guar seed,10008,7851,0.784472422
Rajasthan,DAUSA,2001,Whole Year,Onion,21,26,1.238095238
Rajasthan,DAUSA,2001,Whole Year,Potato,3,5,1.666666667
Rajasthan,DAUSA,2001,Whole Year,Sannhamp,31,21,0.677419355
Rajasthan,DAUSA,2001,Whole Year,Sugarcane,2,95,47.5
Rajasthan,DAUSA,2001,Whole Year,Sweet potato,3,6,2
Rajasthan,DAUSA,2001,Whole Year,Tobacco,133,75,0.563909774
Rajasthan,DAUSA,2002,Kharif,Arhar/Tur,68,2,0.029411765
Rajasthan,DAUSA,2002,Kharif,Bajra,95843,47166,0.492117317
Rajasthan,DAUSA,2002,Kharif,Cotton(lint),32,24,0.75
Rajasthan,DAUSA,2002,Kharif,Groundnut,14970,6567,0.438677355
Rajasthan,DAUSA,2002,Kharif,Jowar,7157,499,0.069721951
Rajasthan,DAUSA,2002,Kharif,Maize,1759,1556,0.884593519
Rajasthan,DAUSA,2002,Kharif,Moong(Green Gram),96,6,0.0625
Rajasthan,DAUSA,2002,Kharif,Moth,77,3,0.038961039
Rajasthan,DAUSA,2002,Kharif,Other Kharif pulses,76,0,0
Rajasthan,DAUSA,2002,Kharif,Sesamum,3092,420,0.135834411
Rajasthan,DAUSA,2002,Kharif,Small millets,4,1,0.25
Rajasthan,DAUSA,2002,Kharif,Urad,29,5,0.172413793
Rajasthan,DAUSA,2002,Rabi,Barley,8391,19318,2.302228578
Rajasthan,DAUSA,2002,Rabi,Gram,7123,6087,0.854555665
Rajasthan,DAUSA,2002,Rabi,Linseed,16,11,0.6875
Rajasthan,DAUSA,2002,Rabi,Other  Rabi pulses,2,0,0
Rajasthan,DAUSA,2002,Rabi,Peas & beans (Pulses),23,31,1.347826087
Rajasthan,DAUSA,2002,Rabi,Rapeseed &Mustard,36958,40309,1.090670491
Rajasthan,DAUSA,2002,Rabi,Wheat,82714,264936,3.203036971
Rajasthan,DAUSA,2002,Whole Year,Coriander,6,6,1
Rajasthan,DAUSA,2002,Whole Year,Dry chillies,22,19,0.863636364
Rajasthan,DAUSA,2002,Whole Year,Garlic,3,3,1
Rajasthan,DAUSA,2002,Whole Year,Guar seed,2989,307,0.102709936
Rajasthan,DAUSA,2002,Whole Year,Onion,18,36,2
Rajasthan,DAUSA,2002,Whole Year,Other Fresh Fruits,142,0,0
Rajasthan,DAUSA,2002,Whole Year,Other Vegetables,1009,0,0
Rajasthan,DAUSA,2002,Whole Year,Potato,5,8,1.6
Rajasthan,DAUSA,2002,Whole Year,Sannhamp,6,,
Rajasthan,DAUSA,2002,Whole Year,Sugarcane,2,84,42
Rajasthan,DAUSA,2002,Whole Year,Sweet potato,2,7,3.5
Rajasthan,DAUSA,2002,Whole Year,Tobacco,193,74,0.383419689
Rajasthan,DAUSA,2002,Whole Year,Water Melon,39,0,0
Rajasthan,DAUSA,2003,Kharif,Arhar/Tur,93,63,0.677419355
Rajasthan,DAUSA,2003,Kharif,Bajra,120009,222794,1.856477431
Rajasthan,DAUSA,2003,Kharif,Cotton(lint),45,94,2.088888889
Rajasthan,DAUSA,2003,Kharif,Groundnut,10788,15642,1.449944383
Rajasthan,DAUSA,2003,Kharif,Jowar,7857,6868,0.874124984
Rajasthan,DAUSA,2003,Kharif,Maize,2092,3898,1.863288719
Rajasthan,DAUSA,2003,Kharif,Moong(Green Gram),98,61,0.62244898
Rajasthan,DAUSA,2003,Kharif,Moth,91,48,0.527472527
Rajasthan,DAUSA,2003,Kharif,Other Kharif pulses,82,45,0.548780488
Rajasthan,DAUSA,2003,Kharif,Sesamum,2574,1077,0.418414918
Rajasthan,DAUSA,2003,Kharif,Urad,14,7,0.5
Rajasthan,DAUSA,2003,Rabi,Barley,7573,20840,2.751881685
Rajasthan,DAUSA,2003,Rabi,Gram,17673,18421,1.04232445
Rajasthan,DAUSA,2003,Rabi,Linseed,4,3,0.75
Rajasthan,DAUSA,2003,Rabi,Masoor,1,1,1
Rajasthan,DAUSA,2003,Rabi,Other  Rabi pulses,1,1,1
Rajasthan,DAUSA,2003,Rabi,Peas & beans (Pulses),83,162,1.951807229
Rajasthan,DAUSA,2003,Rabi,Rapeseed &Mustard,56245,71647,1.273837674
Rajasthan,DAUSA,2003,Rabi,Wheat,89144,281950,3.162860092
Rajasthan,DAUSA,2003,Whole Year,Coriander,17,21,1.235294118
Rajasthan,DAUSA,2003,Whole Year,Dry chillies,51,48,0.941176471
Rajasthan,DAUSA,2003,Whole Year,Garlic,5,9,1.8
Rajasthan,DAUSA,2003,Whole Year,Guar seed,15990,,
Rajasthan,DAUSA,2003,Whole Year,Oilseeds total,42,0,0
Rajasthan,DAUSA,2003,Whole Year,Onion,17,18,1.058823529
Rajasthan,DAUSA,2003,Whole Year,other fibres,177,0,0
Rajasthan,DAUSA,2003,Whole Year,Other Fresh Fruits,399,0,0
Rajasthan,DAUSA,2003,Whole Year,other oilseeds,47,48,1.021276596
Rajasthan,DAUSA,2003,Whole Year,Other Vegetables,1295,0,0
Rajasthan,DAUSA,2003,Whole Year,Potato,6,10,1.666666667
Rajasthan,DAUSA,2003,Whole Year,Sannhamp,42,19,0.452380952
Rajasthan,DAUSA,2003,Whole Year,Sugarcane,3,160,53.33333333
Rajasthan,DAUSA,2003,Whole Year,Sweet potato,4,17,4.25
Rajasthan,DAUSA,2003,Whole Year,Tobacco,87,,
Rajasthan,DAUSA,2003,Whole Year,Water Melon,150,0,0
Rajasthan,DAUSA,2004,Kharif,Arhar/Tur,56,38,0.678571429
Rajasthan,DAUSA,2004,Kharif,Bajra,103657,117821,1.136642967
Rajasthan,DAUSA,2004,Kharif,Cotton(lint),66,111,1.681818182
Rajasthan,DAUSA,2004,Kharif,Groundnut,15108,18390,1.217235902
Rajasthan,DAUSA,2004,Kharif,Jowar,6589,5998,0.910305054
Rajasthan,DAUSA,2004,Kharif,Maize,1866,2259,1.210610932
Rajasthan,DAUSA,2004,Kharif,Moong(Green Gram),80,22,0.275
Rajasthan,DAUSA,2004,Kharif,Moth,73,10,0.136986301
Rajasthan,DAUSA,2004,Kharif,Other Kharif pulses,107,33,0.308411215
Rajasthan,DAUSA,2004,Kharif,Rice,3,4,1.333333333
Rajasthan,DAUSA,2004,Kharif,Sesamum,3444,1446,0.419860627
Rajasthan,DAUSA,2004,Kharif,Small millets,2,1,0.5
Rajasthan,DAUSA,2004,Kharif,Urad,13,5,0.384615385
Rajasthan,DAUSA,2004,Rabi,Barley,6046,11586,1.916308303
Rajasthan,DAUSA,2004,Rabi,Gram,8880,9525,1.072635135
Rajasthan,DAUSA,2004,Rabi,Other  Rabi pulses,84,79,0.94047619
Rajasthan,DAUSA,2004,Rabi,Rapeseed &Mustard,96487,103991,1.077772135
Rajasthan,DAUSA,2004,Rabi,Wheat,78802,196430,2.492703231
Rajasthan,DAUSA,2004,Whole Year,Coriander,2,2,1
Rajasthan,DAUSA,2004,Whole Year,Dry chillies,25,15,0.6
Rajasthan,DAUSA,2004,Whole Year,Garlic,2,6,3
Rajasthan,DAUSA,2004,Whole Year,Guar seed,11144,7893,0.70827351
Rajasthan,DAUSA,2004,Whole Year,Onion,10,13,1.3
Rajasthan,DAUSA,2004,Whole Year,Potato,24,27,1.125
Rajasthan,DAUSA,2004,Whole Year,Sannhamp,37,2,0.054054054
Rajasthan,DAUSA,2004,Whole Year,Sugarcane,1,48,48
Rajasthan,DAUSA,2004,Whole Year,Sweet potato,4,6,1.5
Rajasthan,DAUSA,2004,Whole Year,Tobacco,104,104,1
Rajasthan,DAUSA,2005,Kharif,Arhar/Tur,73,41,0.561643836
Rajasthan,DAUSA,2005,Kharif,Bajra,107951,89922,0.832989041
Rajasthan,DAUSA,2005,Kharif,Castor seed,3,3,1
Rajasthan,DAUSA,2005,Kharif,Cotton(lint),36,64,1.777777778
Rajasthan,DAUSA,2005,Kharif,Groundnut,15330,13404,0.874363992
Rajasthan,DAUSA,2005,Kharif,Jowar,6169,3644,0.590695413
Rajasthan,DAUSA,2005,Kharif,Maize,1530,1681,1.09869281
Rajasthan,DAUSA,2005,Kharif,Moong(Green Gram),53,8,0.150943396
Rajasthan,DAUSA,2005,Kharif,Moth,228,28,0.122807018
Rajasthan,DAUSA,2005,Kharif,Other Kharif pulses,139,29,0.208633094
Rajasthan,DAUSA,2005,Kharif,Sesamum,3434,826,0.240535818
Rajasthan,DAUSA,2005,Kharif,Urad,8,2,0.25
Rajasthan,DAUSA,2005,Rabi,Barley,6026,13625,2.261035513
Rajasthan,DAUSA,2005,Rabi,Gram,5303,3974,0.749387139
Rajasthan,DAUSA,2005,Rabi,Peas & beans (Pulses),19,26,1.368421053
Rajasthan,DAUSA,2005,Rabi,Rapeseed &Mustard,109812,123631,1.125842349
Rajasthan,DAUSA,2005,Rabi,Wheat,73006,249518,3.417773882
Rajasthan,DAUSA,2005,Whole Year,Coriander,1,1,1
Rajasthan,DAUSA,2005,Whole Year,Dry chillies,16,12,0.75
Rajasthan,DAUSA,2005,Whole Year,Garlic,2,6,3
Rajasthan,DAUSA,2005,Whole Year,Guar seed,10664,8003,0.750468867
Rajasthan,DAUSA,2005,Whole Year,Onion,11,17,1.545454545
Rajasthan,DAUSA,2005,Whole Year,Potato,3,3,1
Rajasthan,DAUSA,2005,Whole Year,Sannhamp,19,28,1.473684211
Rajasthan,DAUSA,2005,Whole Year,Sugarcane,4,244,61
Rajasthan,DAUSA,2005,Whole Year,Sweet potato,2,2,1
Rajasthan,DAUSA,2005,Whole Year,Tobacco,101,104,1.02970297
Rajasthan,DAUSA,2006,Kharif,Arhar/Tur,36,26,0.722222222
Rajasthan,DAUSA,2006,Kharif,Bajra,111351,205268,1.84343203
Rajasthan,DAUSA,2006,Kharif,Castor seed,2,1,0.5
Rajasthan,DAUSA,2006,Kharif,Cotton(lint),8,3,0.375
Rajasthan,DAUSA,2006,Kharif,Groundnut,14486,13390,0.924340743
Rajasthan,DAUSA,2006,Kharif,Jowar,6787,7770,1.144835715
Rajasthan,DAUSA,2006,Kharif,Maize,1196,1836,1.535117057
Rajasthan,DAUSA,2006,Kharif,Moong(Green Gram),48,17,0.354166667
Rajasthan,DAUSA,2006,Kharif,Moth,120,20,0.166666667
Rajasthan,DAUSA,2006,Kharif,Other Kharif pulses,125,51,0.408
Rajasthan,DAUSA,2006,Kharif,Sesamum,4315,1495,0.346465817
Rajasthan,DAUSA,2006,Kharif,Urad,6,2,0.333333333
Rajasthan,DAUSA,2006,Rabi,Barley,6589,12277,1.863256943
Rajasthan,DAUSA,2006,Rabi,Gram,2434,2133,0.876335251
Rajasthan,DAUSA,2006,Rabi,Linseed,1,1,1
Rajasthan,DAUSA,2006,Rabi,Peas & beans (Pulses),10,7,0.7
Rajasthan,DAUSA,2006,Rabi,Rapeseed &Mustard,85171,102907,1.208239894
Rajasthan,DAUSA,2006,Rabi,Wheat,75948,196390,2.585848212
Rajasthan,DAUSA,2006,Whole Year,Coriander,2,2,1
Rajasthan,DAUSA,2006,Whole Year,Dry chillies,15,15,1
Rajasthan,DAUSA,2006,Whole Year,Garlic,2,2,1
Rajasthan,DAUSA,2006,Whole Year,Guar seed,9985,8050,0.806209314
Rajasthan,DAUSA,2006,Whole Year,Onion,13,19,1.461538462
Rajasthan,DAUSA,2006,Whole Year,Potato,10,17,1.7
Rajasthan,DAUSA,2006,Whole Year,Sannhamp,18,29,1.611111111
Rajasthan,DAUSA,2006,Whole Year,Sugarcane,3,173,57.66666667
Rajasthan,DAUSA,2006,Whole Year,Sweet potato,2,2,1
Rajasthan,DAUSA,2006,Whole Year,Tobacco,87,92,1.057471264
Rajasthan,DAUSA,2007,Kharif,Arhar/Tur,44,27,0.613636364
Rajasthan,DAUSA,2007,Kharif,Bajra,124261,218092,1.755112223
Rajasthan,DAUSA,2007,Kharif,Cotton(lint),95,38,0.4
Rajasthan,DAUSA,2007,Kharif,Groundnut,13787,23342,1.693044172
Rajasthan,DAUSA,2007,Kharif,Jowar,7729,9597,1.241687152
Rajasthan,DAUSA,2007,Kharif,Maize,1285,2031,1.580544747
Rajasthan,DAUSA,2007,Kharif,Moong(Green Gram),87,34,0.390804598
Rajasthan,DAUSA,2007,Kharif,Moth,106,33,0.311320755
Rajasthan,DAUSA,2007,Kharif,Other Kharif pulses,92,33,0.358695652
Rajasthan,DAUSA,2007,Kharif,Sesamum,6223,3599,0.578338422
Rajasthan,DAUSA,2007,Kharif,Urad,18,10,0.555555556
Rajasthan,DAUSA,2007,Rabi,Barley,6943,16167,2.328532335
Rajasthan,DAUSA,2007,Rabi,Gram,1587,1565,0.986137366
Rajasthan,DAUSA,2007,Rabi,Linseed,1,1,1
Rajasthan,DAUSA,2007,Rabi,other oilseeds,812,215,0.264778325
Rajasthan,DAUSA,2007,Rabi,Peas & beans (Pulses),39,61,1.564102564
Rajasthan,DAUSA,2007,Rabi,Rapeseed &Mustard,76150,82548,1.084018385
Rajasthan,DAUSA,2007,Rabi,Wheat,77470,223996,2.891390216
Rajasthan,DAUSA,2007,Whole Year,Coriander,5,4,0.8
Rajasthan,DAUSA,2007,Whole Year,Dry chillies,24,24,1
Rajasthan,DAUSA,2007,Whole Year,Garlic,6,5,0.833333333
Rajasthan,DAUSA,2007,Whole Year,Guar seed,11215,10356,0.923406152
Rajasthan,DAUSA,2007,Whole Year,Onion,71,71,1
Rajasthan,DAUSA,2007,Whole Year,Potato,12,49,4.083333333
Rajasthan,DAUSA,2007,Whole Year,Sannhamp,13,13,1
Rajasthan,DAUSA,2007,Whole Year,Sugarcane,2,114,57
Rajasthan,DAUSA,2007,Whole Year,Sweet potato,4,5,1.25
Rajasthan,DAUSA,2007,Whole Year,Tobacco,79,78,0.987341772
Rajasthan,DAUSA,2008,Kharif,Arhar/Tur,33,18,0.545454545
Rajasthan,DAUSA,2008,Kharif,Bajra,119575,211087,1.765310475
Rajasthan,DAUSA,2008,Kharif,Cotton(lint),26,10,0.384615385
Rajasthan,DAUSA,2008,Kharif,Groundnut,14681,23926,1.629725496
Rajasthan,DAUSA,2008,Kharif,Jowar,6089,5478,0.899655116
Rajasthan,DAUSA,2008,Kharif,Maize,1379,1722,1.248730964
Rajasthan,DAUSA,2008,Kharif,Moong(Green Gram),221,93,0.42081448
Rajasthan,DAUSA,2008,Kharif,Moth,117,31,0.264957265
Rajasthan,DAUSA,2008,Kharif,Other Kharif pulses,82,43,0.524390244
Rajasthan,DAUSA,2008,Kharif,Sesamum,8664,4408,0.50877193
Rajasthan,DAUSA,2008,Kharif,Urad,6,2,0.333333333
Rajasthan,DAUSA,2008,Rabi,Barley,8467,23870,2.819180347
Rajasthan,DAUSA,2008,Rabi,Gram,6765,7736,1.14353289
Rajasthan,DAUSA,2008,Rabi,other oilseeds,1112,401,0.360611511
Rajasthan,DAUSA,2008,Rabi,Peas & beans (Pulses),4,8,2
Rajasthan,DAUSA,2008,Rabi,Rapeseed &Mustard,85941,118240,1.375827603
Rajasthan,DAUSA,2008,Rabi,Wheat,77365,245789,3.177005106
Rajasthan,DAUSA,2008,Whole Year,Coriander,2,2,1
Rajasthan,DAUSA,2008,Whole Year,Dry chillies,26,29,1.115384615
Rajasthan,DAUSA,2008,Whole Year,Garlic,2,3,1.5
Rajasthan,DAUSA,2008,Whole Year,Guar seed,11142,6858,0.615508885
Rajasthan,DAUSA,2008,Whole Year,Onion,34,65,1.911764706
Rajasthan,DAUSA,2008,Whole Year,Potato,27,117,4.333333333
Rajasthan,DAUSA,2008,Whole Year,Sannhamp,22,19,0.863636364
Rajasthan,DAUSA,2008,Whole Year,Sugarcane,3,178,59.33333333
Rajasthan,DAUSA,2008,Whole Year,Tobacco,112,119,1.0625
Rajasthan,DAUSA,2009,Kharif,Arhar/Tur,22,5,0.227272727
Rajasthan,DAUSA,2009,Kharif,Bajra,138516,184637,1.332965145
Rajasthan,DAUSA,2009,Kharif,Castor seed,1,1,1
Rajasthan,DAUSA,2009,Kharif,Cotton(lint),101,35,0.346534653
Rajasthan,DAUSA,2009,Kharif,Groundnut,15349,20041,1.305687667
Rajasthan,DAUSA,2009,Kharif,Jowar,9407,5074,0.539385564
Rajasthan,DAUSA,2009,Kharif,Maize,960,1067,1.111458333
Rajasthan,DAUSA,2009,Kharif,Moong(Green Gram),71,3,0.042253521
Rajasthan,DAUSA,2009,Kharif,Moth,94,3,0.031914894
Rajasthan,DAUSA,2009,Kharif,Other Kharif pulses,73,7,0.095890411
Rajasthan,DAUSA,2009,Kharif,Sesamum,15787,5560,0.35218851
Rajasthan,DAUSA,2009,Kharif,Urad,6,2,0.333333333
Rajasthan,DAUSA,2009,Rabi,Barley,7639,19250,2.519963346
Rajasthan,DAUSA,2009,Rabi,Gram,6091,4870,0.799540305
Rajasthan,DAUSA,2009,Rabi,Other  Rabi pulses,12,38,3.166666667
Rajasthan,DAUSA,2009,Rabi,other oilseeds,7155,2629,0.36743536
Rajasthan,DAUSA,2009,Rabi,Rapeseed &Mustard,78748,103626,1.315919134
Rajasthan,DAUSA,2009,Rabi,Wheat,83956,291788,3.47548716
Rajasthan,DAUSA,2009,Whole Year,Coriander,1,1,1
Rajasthan,DAUSA,2009,Whole Year,Dry chillies,45,,
Rajasthan,DAUSA,2009,Whole Year,Guar seed,8280,3510,0.423913043
Rajasthan,DAUSA,2009,Whole Year,Onion,25,2,0.08
Rajasthan,DAUSA,2009,Whole Year,Potato,6,30,5
Rajasthan,DAUSA,2009,Whole Year,Sannhamp,23,12,0.52173913
Rajasthan,DAUSA,2009,Whole Year,Sugarcane,2,115,57.5
Rajasthan,DAUSA,2009,Whole Year,Tobacco,56,30,0.535714286
Rajasthan,DAUSA,2010,Kharif,Arhar/Tur,10,5,0.5
Rajasthan,DAUSA,2010,Kharif,Bajra,140584,200853,1.428704547
Rajasthan,DAUSA,2010,Kharif,Cotton(lint),18,8,0.444444444
Rajasthan,DAUSA,2010,Kharif,Groundnut,16422,23837,1.451528437
Rajasthan,DAUSA,2010,Kharif,Jowar,7479,3147,0.420778179
Rajasthan,DAUSA,2010,Kharif,Maize,685,1231,1.797080292
Rajasthan,DAUSA,2010,Kharif,Moong(Green Gram),88,55,0.625
Rajasthan,DAUSA,2010,Kharif,Moth,141,69,0.489361702
Rajasthan,DAUSA,2010,Kharif,Other Kharif pulses,60,32,0.533333333
Rajasthan,DAUSA,2010,Kharif,Sesamum,12346,3585,0.29037745
Rajasthan,DAUSA,2010,Kharif,Urad,5,4,0.8
Rajasthan,DAUSA,2010,Rabi,Barley,7722,21731,2.814167314
Rajasthan,DAUSA,2010,Rabi,Gram,10265,12086,1.177398928
Rajasthan,DAUSA,2010,Rabi,Other  Rabi pulses,5,8,1.6
Rajasthan,DAUSA,2010,Rabi,other oilseeds,10939,4468,0.408446842
Rajasthan,DAUSA,2010,Rabi,Rapeseed &Mustard,71186,117594,1.65192594
Rajasthan,DAUSA,2010,Rabi,Wheat,94455,335173,3.548493992
Rajasthan,DAUSA,2010,Whole Year,Coriander,3,3,1
Rajasthan,DAUSA,2010,Whole Year,Dry chillies,39,78,2
Rajasthan,DAUSA,2010,Whole Year,Guar seed,7016,6246,0.890250855
Rajasthan,DAUSA,2010,Whole Year,Onion,43,54,1.255813953
Rajasthan,DAUSA,2010,Whole Year,Potato,10,40,4
Rajasthan,DAUSA,2010,Whole Year,Sannhamp,22,32,1.454545455
Rajasthan,DAUSA,2010,Whole Year,Sugarcane,1,67,67
Rajasthan,DAUSA,2010,Whole Year,Sweet potato,2,4,2
Rajasthan,DAUSA,2010,Whole Year,Tobacco,70,70,1
Rajasthan,DHOLPUR,1997,Kharif,Arhar/Tur,2000,2900,1.45
Rajasthan,DHOLPUR,1997,Kharif,Bajra,55300,56000,1.012658228
Rajasthan,DHOLPUR,1997,Kharif,Groundnut,800,900,1.125
Rajasthan,DHOLPUR,1997,Kharif,Jowar,300,200,0.666666667
Rajasthan,DHOLPUR,1997,Kharif,Rice,1300,1500,1.153846154
Rajasthan,DHOLPUR,1997,Kharif,Sesamum,1400,300,0.214285714
Rajasthan,DHOLPUR,1997,Kharif,Sugarcane,300,26300,87.66666667
Rajasthan,DHOLPUR,1997,Rabi,Barley,800,1500,1.875
Rajasthan,DHOLPUR,1997,Rabi,Gram,7500,6500,0.866666667
Rajasthan,DHOLPUR,1997,Rabi,Rapeseed &Mustard,67500,47800,0.708148148
Rajasthan,DHOLPUR,1997,Rabi,Wheat,45500,156800,3.446153846
Rajasthan,DHOLPUR,1997,Whole Year,Potato,500,4100,8.2
Rajasthan,DHOLPUR,1998,Kharif,Arhar/Tur,2075,3088,1.488192771
Rajasthan,DHOLPUR,1998,Kharif,Bajra,55276,65744,1.189376945
Rajasthan,DHOLPUR,1998,Kharif,Castor seed,8,11,1.375
Rajasthan,DHOLPUR,1998,Kharif,Groundnut,531,579,1.09039548
Rajasthan,DHOLPUR,1998,Kharif,Jowar,186,54,0.290322581
Rajasthan,DHOLPUR,1998,Kharif,Maize,19,21,1.105263158
Rajasthan,DHOLPUR,1998,Kharif,Moong(Green Gram),115,12,0.104347826
Rajasthan,DHOLPUR,1998,Kharif,Moth,31,4,0.129032258
Rajasthan,DHOLPUR,1998,Kharif,Other Kharif pulses,37,8,0.216216216
Rajasthan,DHOLPUR,1998,Kharif,Rice,1201,1468,1.222314738
Rajasthan,DHOLPUR,1998,Kharif,Sannhamp,27,9,0.333333333
Rajasthan,DHOLPUR,1998,Kharif,Sesamum,1984,146,0.07358871
Rajasthan,DHOLPUR,1998,Kharif,Soyabean,19,25,1.315789474
Rajasthan,DHOLPUR,1998,Kharif,Urad,399,127,0.318295739
Rajasthan,DHOLPUR,1998,Rabi,Barley,873,1725,1.975945017
Rajasthan,DHOLPUR,1998,Rabi,Gram,9864,7265,0.736516626
Rajasthan,DHOLPUR,1998,Rabi,Linseed,1,,
Rajasthan,DHOLPUR,1998,Rabi,Masoor,106,113,1.066037736
Rajasthan,DHOLPUR,1998,Rabi,Other  Rabi pulses,2,2,1
Rajasthan,DHOLPUR,1998,Rabi,Peas & beans (Pulses),1674,3472,2.074074074
Rajasthan,DHOLPUR,1998,Rabi,Rapeseed &Mustard,60559,48852,0.80668439
Rajasthan,DHOLPUR,1998,Rabi,Tobacco,5,5,1
Rajasthan,DHOLPUR,1998,Rabi,Wheat,48730,176455,3.621075313
Rajasthan,DHOLPUR,1998,Whole Year,Coriander,5,5,1
Rajasthan,DHOLPUR,1998,Whole Year,Dry chillies,1339,8033,5.999253174
Rajasthan,DHOLPUR,1998,Whole Year,Garlic,1,1,1
Rajasthan,DHOLPUR,1998,Whole Year,Onion,46,258,5.608695652
Rajasthan,DHOLPUR,1998,Whole Year,Potato,685,5477,7.995620438
Rajasthan,DHOLPUR,1998,Whole Year,Sugarcane,276,12258,44.41304348
Rajasthan,DHOLPUR,1998,Whole Year,Sweet potato,81,653,8.061728395
Rajasthan,DHOLPUR,1999,Kharif,Arhar/Tur,1671,1844,1.10353082
Rajasthan,DHOLPUR,1999,Kharif,Bajra,53818,68089,1.265171504
Rajasthan,DHOLPUR,1999,Kharif,Castor seed,4,7,1.75
Rajasthan,DHOLPUR,1999,Kharif,Cotton(lint),4,1,0.25
Rajasthan,DHOLPUR,1999,Kharif,Groundnut,354,342,0.966101695
Rajasthan,DHOLPUR,1999,Kharif,Jowar,329,103,0.313069909
Rajasthan,DHOLPUR,1999,Kharif,Maize,17,18,1.058823529
Rajasthan,DHOLPUR,1999,Kharif,Moong(Green Gram),185,18,0.097297297
Rajasthan,DHOLPUR,1999,Kharif,Moth,38,2,0.052631579
Rajasthan,DHOLPUR,1999,Kharif,Other Kharif pulses,36,4,0.111111111
Rajasthan,DHOLPUR,1999,Kharif,Rice,1220,1539,1.26147541
Rajasthan,DHOLPUR,1999,Kharif,Sesamum,1373,101,0.073561544
Rajasthan,DHOLPUR,1999,Kharif,Soyabean,9,11,1.222222222
Rajasthan,DHOLPUR,1999,Kharif,Urad,406,115,0.283251232
Rajasthan,DHOLPUR,1999,Rabi,Barley,831,1678,2.019253911
Rajasthan,DHOLPUR,1999,Rabi,Gram,5646,3924,0.695005313
Rajasthan,DHOLPUR,1999,Rabi,Linseed,9,6,0.666666667
Rajasthan,DHOLPUR,1999,Rabi,Masoor,81,140,1.728395062
Rajasthan,DHOLPUR,1999,Rabi,Other  Rabi pulses,3,3,1
Rajasthan,DHOLPUR,1999,Rabi,Peas & beans (Pulses),229,424,1.851528384
Rajasthan,DHOLPUR,1999,Rabi,Rapeseed &Mustard,67938,100068,1.472931202
Rajasthan,DHOLPUR,1999,Rabi,Wheat,52097,139835,2.684127685
Rajasthan,DHOLPUR,1999,Whole Year,Coriander,2,5,2.5
Rajasthan,DHOLPUR,1999,Whole Year,Dry chillies,1494,8963,5.999330656
Rajasthan,DHOLPUR,1999,Whole Year,Garlic,3,3,1
Rajasthan,DHOLPUR,1999,Whole Year,Guar seed,2267,1825,0.805028672
Rajasthan,DHOLPUR,1999,Whole Year,Onion,32,123,3.84375
Rajasthan,DHOLPUR,1999,Whole Year,Potato,1011,9103,9.003956479
Rajasthan,DHOLPUR,1999,Whole Year,Sannhamp,6,3,0.5
Rajasthan,DHOLPUR,1999,Whole Year,Sugarcane,296,19857,67.08445946
Rajasthan,DHOLPUR,1999,Whole Year,Sweet potato,183,307,1.677595628
Rajasthan,DHOLPUR,1999,Whole Year,Tobacco,4,8,2
Rajasthan,DHOLPUR,2000,Kharif,Arhar/Tur,1689,855,0.506216696
Rajasthan,DHOLPUR,2000,Kharif,Bajra,68221,97510,1.429325281
Rajasthan,DHOLPUR,2000,Kharif,Castor seed,39,85,2.179487179
Rajasthan,DHOLPUR,2000,Kharif,Cotton(lint),4,6,1.5
Rajasthan,DHOLPUR,2000,Kharif,Groundnut,418,386,0.923444976
Rajasthan,DHOLPUR,2000,Kharif,Jowar,598,119,0.198996656
Rajasthan,DHOLPUR,2000,Kharif,Maize,11,12,1.090909091
Rajasthan,DHOLPUR,2000,Kharif,Moong(Green Gram),139,24,0.172661871
Rajasthan,DHOLPUR,2000,Kharif,Moth,15,2,0.133333333
Rajasthan,DHOLPUR,2000,Kharif,Other Kharif pulses,26,5,0.192307692
Rajasthan,DHOLPUR,2000,Kharif,Rice,1138,1066,0.936731107
Rajasthan,DHOLPUR,2000,Kharif,Sesamum,1804,248,0.137472284
Rajasthan,DHOLPUR,2000,Kharif,Soyabean,2,1,0.5
Rajasthan,DHOLPUR,2000,Kharif,Urad,321,92,0.286604361
Rajasthan,DHOLPUR,2000,Rabi,Barley,568,1031,1.815140845
Rajasthan,DHOLPUR,2000,Rabi,Gram,4077,2404,0.589649252
Rajasthan,DHOLPUR,2000,Rabi,Masoor,26,14,0.538461538
Rajasthan,DHOLPUR,2000,Rabi,Peas & beans (Pulses),90,69,0.766666667
Rajasthan,DHOLPUR,2000,Rabi,Rapeseed &Mustard,35745,34066,0.953028396
Rajasthan,DHOLPUR,2000,Rabi,Wheat,31501,115721,3.673565919
Rajasthan,DHOLPUR,2000,Whole Year,Dry chillies,959,4974,5.186652763
Rajasthan,DHOLPUR,2000,Whole Year,Garlic,1,2,2
Rajasthan,DHOLPUR,2000,Whole Year,Guar seed,4507,3670,0.814288884
Rajasthan,DHOLPUR,2000,Whole Year,Onion,10,33,3.3
Rajasthan,DHOLPUR,2000,Whole Year,Potato,622,2799,4.5
Rajasthan,DHOLPUR,2000,Whole Year,Sannhamp,3,2,0.666666667
Rajasthan,DHOLPUR,2000,Whole Year,Sugarcane,245,22123,90.29795918
Rajasthan,DHOLPUR,2000,Whole Year,Sweet potato,14,19,1.357142857
Rajasthan,DHOLPUR,2001,Kharif,Arhar/Tur,1276,646,0.506269592
Rajasthan,DHOLPUR,2001,Kharif,Bajra,58451,87975,1.505106842
Rajasthan,DHOLPUR,2001,Kharif,Castor seed,2,3,1.5
Rajasthan,DHOLPUR,2001,Kharif,Cotton(lint),2,0,0
Rajasthan,DHOLPUR,2001,Kharif,Groundnut,683,838,1.226939971
Rajasthan,DHOLPUR,2001,Kharif,Jowar,495,205,0.414141414
Rajasthan,DHOLPUR,2001,Kharif,Maize,25,36,1.44
Rajasthan,DHOLPUR,2001,Kharif,Moong(Green Gram),176,52,0.295454545
Rajasthan,DHOLPUR,2001,Kharif,Moth,12,3,0.25
Rajasthan,DHOLPUR,2001,Kharif,Other Kharif pulses,20,7,0.35
Rajasthan,DHOLPUR,2001,Kharif,Rice,1178,1469,1.247028862
Rajasthan,DHOLPUR,2001,Kharif,Sesamum,2379,777,0.326607818
Rajasthan,DHOLPUR,2001,Kharif,Soyabean,1,1,1
Rajasthan,DHOLPUR,2001,Kharif,Urad,369,134,0.363143631
Rajasthan,DHOLPUR,2001,Rabi,Barley,835,2148,2.57245509
Rajasthan,DHOLPUR,2001,Rabi,Gram,6964,5283,0.758615738
Rajasthan,DHOLPUR,2001,Rabi,Linseed,3,3,1
Rajasthan,DHOLPUR,2001,Rabi,Masoor,18,12,0.666666667
Rajasthan,DHOLPUR,2001,Rabi,Peas & beans (Pulses),173,146,0.843930636
Rajasthan,DHOLPUR,2001,Rabi,Rapeseed &Mustard,67618,92647,1.370152918
Rajasthan,DHOLPUR,2001,Rabi,Wheat,44550,176784,3.968215488
Rajasthan,DHOLPUR,2001,Whole Year,Coriander,2,,
Rajasthan,DHOLPUR,2001,Whole Year,Dry chillies,789,3891,4.931558935
Rajasthan,DHOLPUR,2001,Whole Year,Garlic,5,7,1.4
Rajasthan,DHOLPUR,2001,Whole Year,Guar seed,3690,3004,0.814092141
Rajasthan,DHOLPUR,2001,Whole Year,Onion,9,24,2.666666667
Rajasthan,DHOLPUR,2001,Whole Year,Potato,611,2753,4.505728314
Rajasthan,DHOLPUR,2001,Whole Year,Sannhamp,3,,
Rajasthan,DHOLPUR,2001,Whole Year,Sugarcane,132,4423,33.50757576
Rajasthan,DHOLPUR,2001,Whole Year,Sweet potato,24,135,5.625
Rajasthan,DHOLPUR,2001,Whole Year,Tobacco,1,,
Rajasthan,DHOLPUR,2002,Kharif,Arhar/Tur,909,89,0.097909791
Rajasthan,DHOLPUR,2002,Kharif,Bajra,61763,101922,1.650211292
Rajasthan,DHOLPUR,2002,Kharif,Castor seed,3,2,0.666666667
Rajasthan,DHOLPUR,2002,Kharif,Cotton(lint),52,35,0.673076923
Rajasthan,DHOLPUR,2002,Kharif,Groundnut,137,94,0.686131387
Rajasthan,DHOLPUR,2002,Kharif,Jowar,206,27,0.131067961
Rajasthan,DHOLPUR,2002,Kharif,Maize,14,12,0.857142857
Rajasthan,DHOLPUR,2002,Kharif,Moong(Green Gram),74,5,0.067567568
Rajasthan,DHOLPUR,2002,Kharif,Moth,11,1,0.090909091
Rajasthan,DHOLPUR,2002,Kharif,Other Kharif pulses,24,2,0.083333333
Rajasthan,DHOLPUR,2002,Kharif,Rice,628,510,0.812101911
Rajasthan,DHOLPUR,2002,Kharif,Sesamum,1388,83,0.059798271
Rajasthan,DHOLPUR,2002,Kharif,Urad,303,55,0.181518152
Rajasthan,DHOLPUR,2002,Rabi,Barley,1207,2811,2.328914664
Rajasthan,DHOLPUR,2002,Rabi,Gram,4090,3098,0.757457213
Rajasthan,DHOLPUR,2002,Rabi,Linseed,1,1,1
Rajasthan,DHOLPUR,2002,Rabi,Masoor,17,15,0.882352941
Rajasthan,DHOLPUR,2002,Rabi,Peas & beans (Pulses),139,117,0.841726619
Rajasthan,DHOLPUR,2002,Rabi,Rapeseed &Mustard,62379,72041,1.154891871
Rajasthan,DHOLPUR,2002,Rabi,Wheat,44399,145417,3.275231424
Rajasthan,DHOLPUR,2002,Whole Year,Coriander,5,5,1
Rajasthan,DHOLPUR,2002,Whole Year,Dry chillies,507,827,1.631163708
Rajasthan,DHOLPUR,2002,Whole Year,Garlic,16,16,1
Rajasthan,DHOLPUR,2002,Whole Year,Guar seed,1141,201,0.176161262
Rajasthan,DHOLPUR,2002,Whole Year,Onion,16,80,5
Rajasthan,DHOLPUR,2002,Whole Year,Other Fresh Fruits,100,0,0
Rajasthan,DHOLPUR,2002,Whole Year,Other Vegetables,1094,0,0
Rajasthan,DHOLPUR,2002,Whole Year,Potato,1390,2504,1.801438849
Rajasthan,DHOLPUR,2002,Whole Year,Sugarcane,115,4288,37.28695652
Rajasthan,DHOLPUR,2002,Whole Year,Sweet potato,27,47,1.740740741
Rajasthan,DHOLPUR,2003,Kharif,Arhar/Tur,890,440,0.494382022
Rajasthan,DHOLPUR,2003,Kharif,Bajra,67457,119951,1.778184621
Rajasthan,DHOLPUR,2003,Kharif,Cotton(lint),14,29,2.071428571
Rajasthan,DHOLPUR,2003,Kharif,Groundnut,147,230,1.56462585
Rajasthan,DHOLPUR,2003,Kharif,Jowar,244,174,0.713114754
Rajasthan,DHOLPUR,2003,Kharif,Maize,10,19,1.9
Rajasthan,DHOLPUR,2003,Kharif,Moong(Green Gram),106,66,0.622641509
Rajasthan,DHOLPUR,2003,Kharif,Moth,9,5,0.555555556
Rajasthan,DHOLPUR,2003,Kharif,Other Kharif pulses,35,25,0.714285714
Rajasthan,DHOLPUR,2003,Kharif,Rice,779,1287,1.6521181
Rajasthan,DHOLPUR,2003,Kharif,Sesamum,1630,738,0.452760736
Rajasthan,DHOLPUR,2003,Kharif,Soyabean,7,10,1.428571429
Rajasthan,DHOLPUR,2003,Kharif,Urad,321,168,0.523364486
Rajasthan,DHOLPUR,2003,Rabi,Barley,945,2125,2.248677249
Rajasthan,DHOLPUR,2003,Rabi,Gram,4869,3081,0.632778805
Rajasthan,DHOLPUR,2003,Rabi,Linseed,1,1,1
Rajasthan,DHOLPUR,2003,Rabi,Masoor,38,47,1.236842105
Rajasthan,DHOLPUR,2003,Rabi,Peas & beans (Pulses),159,286,1.798742138
Rajasthan,DHOLPUR,2003,Rabi,Rapeseed &Mustard,73167,85729,1.171689423
Rajasthan,DHOLPUR,2003,Rabi,Wheat,44603,155008,3.475281932
Rajasthan,DHOLPUR,2003,Whole Year,Coriander,6,7,1.166666667
Rajasthan,DHOLPUR,2003,Whole Year,Dry chillies,715,518,0.724475524
Rajasthan,DHOLPUR,2003,Whole Year,Garlic,1,2,2
Rajasthan,DHOLPUR,2003,Whole Year,Guar seed,1597,,
Rajasthan,DHOLPUR,2003,Whole Year,Onion,18,14,0.777777778
Rajasthan,DHOLPUR,2003,Whole Year,other fibres,716,0,0
Rajasthan,DHOLPUR,2003,Whole Year,Other Fresh Fruits,66,0,0
Rajasthan,DHOLPUR,2003,Whole Year,other oilseeds,8,9,1.125
Rajasthan,DHOLPUR,2003,Whole Year,Other Vegetables,994,0,0
Rajasthan,DHOLPUR,2003,Whole Year,Potato,1517,2270,1.496374423
Rajasthan,DHOLPUR,2003,Whole Year,Sannhamp,9,2,0.222222222
Rajasthan,DHOLPUR,2003,Whole Year,Sugarcane,74,3892,52.59459459
Rajasthan,DHOLPUR,2003,Whole Year,Sweet potato,39,39,1
Rajasthan,DHOLPUR,2003,Whole Year,Tobacco,6,,
Rajasthan,DHOLPUR,2003,Whole Year,Water Melon,1,0,0
Rajasthan,DHOLPUR,2004,Kharif,Arhar/Tur,699,978,1.399141631
Rajasthan,DHOLPUR,2004,Kharif,Bajra,61324,150203,2.449334681
Rajasthan,DHOLPUR,2004,Kharif,Cotton(lint),12,23,1.916666667
Rajasthan,DHOLPUR,2004,Kharif,Groundnut,208,322,1.548076923
Rajasthan,DHOLPUR,2004,Kharif,Jowar,162,75,0.462962963
Rajasthan,DHOLPUR,2004,Kharif,Maize,27,33,1.222222222
Rajasthan,DHOLPUR,2004,Kharif,Moong(Green Gram),131,36,0.27480916
Rajasthan,DHOLPUR,2004,Kharif,Moth,2,,
Rajasthan,DHOLPUR,2004,Kharif,Other Kharif pulses,35,11,0.314285714
Rajasthan,DHOLPUR,2004,Kharif,Rice,647,960,1.483771252
Rajasthan,DHOLPUR,2004,Kharif,Sesamum,2426,808,0.333058533
Rajasthan,DHOLPUR,2004,Kharif,Urad,198,71,0.358585859
Rajasthan,DHOLPUR,2004,Rabi,Barley,621,1478,2.380032206
Rajasthan,DHOLPUR,2004,Rabi,Gram,3101,3419,1.102547565
Rajasthan,DHOLPUR,2004,Rabi,Linseed,4,3,0.75
Rajasthan,DHOLPUR,2004,Rabi,Masoor,73,72,0.98630137
Rajasthan,DHOLPUR,2004,Rabi,Other  Rabi pulses,76,228,3
Rajasthan,DHOLPUR,2004,Rabi,Rapeseed &Mustard,86259,108628,1.259323665
Rajasthan,DHOLPUR,2004,Rabi,Wheat,42002,142512,3.392981287
Rajasthan,DHOLPUR,2004,Whole Year,Coriander,3,3,1
Rajasthan,DHOLPUR,2004,Whole Year,Dry chillies,993,1394,1.403826788
Rajasthan,DHOLPUR,2004,Whole Year,Garlic,6,5,0.833333333
Rajasthan,DHOLPUR,2004,Whole Year,Guar seed,889,1244,1.399325084
Rajasthan,DHOLPUR,2004,Whole Year,Onion,15,18,1.2
Rajasthan,DHOLPUR,2004,Whole Year,Potato,1255,30070,23.96015936
Rajasthan,DHOLPUR,2004,Whole Year,Sannhamp,4,,
Rajasthan,DHOLPUR,2004,Whole Year,Sugarcane,67,4120,61.49253731
Rajasthan,DHOLPUR,2004,Whole Year,Sweet potato,30,31,1.033333333
Rajasthan,DHOLPUR,2005,Kharif,Arhar/Tur,850,680,0.8
Rajasthan,DHOLPUR,2005,Kharif,Bajra,68526,113096,1.650410063
Rajasthan,DHOLPUR,2005,Kharif,Castor seed,2,2,1
Rajasthan,DHOLPUR,2005,Kharif,Cotton(lint),1,,
Rajasthan,DHOLPUR,2005,Kharif,Groundnut,270,418,1.548148148
Rajasthan,DHOLPUR,2005,Kharif,Jowar,336,96,0.285714286
Rajasthan,DHOLPUR,2005,Kharif,Maize,10,11,1.1
Rajasthan,DHOLPUR,2005,Kharif,Moong(Green Gram),109,17,0.155963303
Rajasthan,DHOLPUR,2005,Kharif,Moth,10,1,0.1
Rajasthan,DHOLPUR,2005,Kharif,Other Kharif pulses,48,10,0.208333333
Rajasthan,DHOLPUR,2005,Kharif,Rice,837,1228,1.467144564
Rajasthan,DHOLPUR,2005,Kharif,Sesamum,3370,501,0.148664688
Rajasthan,DHOLPUR,2005,Kharif,Soyabean,11,13,1.181818182
Rajasthan,DHOLPUR,2005,Kharif,Urad,225,55,0.244444444
Rajasthan,DHOLPUR,2005,Rabi,Barley,927,2106,2.27184466
Rajasthan,DHOLPUR,2005,Rabi,Gram,1969,2049,1.040629761
Rajasthan,DHOLPUR,2005,Rabi,Masoor,18,16,0.888888889
Rajasthan,DHOLPUR,2005,Rabi,Peas & beans (Pulses),72,72,1
Rajasthan,DHOLPUR,2005,Rabi,Rapeseed &Mustard,77576,106203,1.369018769
Rajasthan,DHOLPUR,2005,Rabi,Wheat,46616,148361,3.182619701
Rajasthan,DHOLPUR,2005,Whole Year,Coriander,3,3,1
Rajasthan,DHOLPUR,2005,Whole Year,Dry chillies,454,728,1.603524229
Rajasthan,DHOLPUR,2005,Whole Year,Guar seed,727,945,1.299862448
Rajasthan,DHOLPUR,2005,Whole Year,Onion,1,3,3
Rajasthan,DHOLPUR,2005,Whole Year,Potato,1730,34584,19.99075145
Rajasthan,DHOLPUR,2005,Whole Year,Sannhamp,5,3,0.6
Rajasthan,DHOLPUR,2005,Whole Year,Sugarcane,105,9506,90.53333333
Rajasthan,DHOLPUR,2005,Whole Year,Sweet potato,21,,
Rajasthan,DHOLPUR,2006,Kharif,Arhar/Tur,646,516,0.79876161
Rajasthan,DHOLPUR,2006,Kharif,Bajra,67478,114031,1.68989893
Rajasthan,DHOLPUR,2006,Kharif,Castor seed,2,2,1
Rajasthan,DHOLPUR,2006,Kharif,Groundnut,180,235,1.305555556
Rajasthan,DHOLPUR,2006,Kharif,Jowar,78,43,0.551282051
Rajasthan,DHOLPUR,2006,Kharif,Maize,9,10,1.111111111
Rajasthan,DHOLPUR,2006,Kharif,Moong(Green Gram),163,58,0.355828221
Rajasthan,DHOLPUR,2006,Kharif,Moth,10,2,0.2
Rajasthan,DHOLPUR,2006,Kharif,Other Kharif pulses,40,16,0.4
Rajasthan,DHOLPUR,2006,Kharif,Rice,536,845,1.576492537
Rajasthan,DHOLPUR,2006,Kharif,Sesamum,3829,2959,0.772786628
Rajasthan,DHOLPUR,2006,Kharif,Soyabean,3,4,1.333333333
Rajasthan,DHOLPUR,2006,Kharif,Urad,164,48,0.292682927
Rajasthan,DHOLPUR,2006,Rabi,Barley,986,2491,2.526369168
Rajasthan,DHOLPUR,2006,Rabi,Gram,1885,2637,1.398938992
Rajasthan,DHOLPUR,2006,Rabi,Masoor,12,11,0.916666667
Rajasthan,DHOLPUR,2006,Rabi,Peas & beans (Pulses),51,80,1.568627451
Rajasthan,DHOLPUR,2006,Rabi,Rapeseed &Mustard,66976,103446,1.544523411
Rajasthan,DHOLPUR,2006,Rabi,Wheat,47649,159087,3.338726941
Rajasthan,DHOLPUR,2006,Whole Year,Coriander,5,6,1.2
Rajasthan,DHOLPUR,2006,Whole Year,Dry chillies,482,794,1.647302905
Rajasthan,DHOLPUR,2006,Whole Year,Guar seed,608,790,1.299342105
Rajasthan,DHOLPUR,2006,Whole Year,Onion,1,2,2
Rajasthan,DHOLPUR,2006,Whole Year,Potato,2697,34016,12.61253244
Rajasthan,DHOLPUR,2006,Whole Year,Sannhamp,10,16,1.6
Rajasthan,DHOLPUR,2006,Whole Year,Sugarcane,172,5359,31.15697674
Rajasthan,DHOLPUR,2006,Whole Year,Sweet potato,34,34,1
Rajasthan,DHOLPUR,2007,Kharif,Arhar/Tur,639,639,1
Rajasthan,DHOLPUR,2007,Kharif,Bajra,76435,142456,1.863753516
Rajasthan,DHOLPUR,2007,Kharif,Cotton(lint),1,,
Rajasthan,DHOLPUR,2007,Kharif,Groundnut,128,221,1.7265625
Rajasthan,DHOLPUR,2007,Kharif,Jowar,85,54,0.635294118
Rajasthan,DHOLPUR,2007,Kharif,Maize,6,11,1.833333333
Rajasthan,DHOLPUR,2007,Kharif,Moong(Green Gram),114,45,0.394736842
Rajasthan,DHOLPUR,2007,Kharif,Moth,16,5,0.3125
Rajasthan,DHOLPUR,2007,Kharif,Other Kharif pulses,16,6,0.375
Rajasthan,DHOLPUR,2007,Kharif,Rice,484,983,2.030991736
Rajasthan,DHOLPUR,2007,Kharif,Sesamum,3788,1884,0.497360084
Rajasthan,DHOLPUR,2007,Kharif,Urad,162,86,0.530864198
Rajasthan,DHOLPUR,2007,Rabi,Barley,1209,2888,2.388751034
Rajasthan,DHOLPUR,2007,Rabi,Gram,827,813,0.983071342
Rajasthan,DHOLPUR,2007,Rabi,other oilseeds,271,73,0.269372694
Rajasthan,DHOLPUR,2007,Rabi,Peas & beans (Pulses),69,104,1.507246377
Rajasthan,DHOLPUR,2007,Rabi,Rapeseed &Mustard,50852,61977,1.218772123
Rajasthan,DHOLPUR,2007,Rabi,Wheat,51180,150681,2.944138335
Rajasthan,DHOLPUR,2007,Whole Year,Coriander,4,3,0.75
Rajasthan,DHOLPUR,2007,Whole Year,Dry chillies,610,1223,2.004918033
Rajasthan,DHOLPUR,2007,Whole Year,Garlic,29,45,1.551724138
Rajasthan,DHOLPUR,2007,Whole Year,Guar seed,937,937,1
Rajasthan,DHOLPUR,2007,Whole Year,Onion,7,30,4.285714286
Rajasthan,DHOLPUR,2007,Whole Year,Potato,5377,53770,10
Rajasthan,DHOLPUR,2007,Whole Year,Sannhamp,15,15,1
Rajasthan,DHOLPUR,2007,Whole Year,Sugarcane,119,4394,36.92436975
Rajasthan,DHOLPUR,2007,Whole Year,Sweet potato,75,103,1.373333333
Rajasthan,DHOLPUR,2008,Kharif,Arhar/Tur,675,675,1
Rajasthan,DHOLPUR,2008,Kharif,Bajra,69923,121083,1.731661971
Rajasthan,DHOLPUR,2008,Kharif,Groundnut,75,125,1.666666667
Rajasthan,DHOLPUR,2008,Kharif,Jowar,89,51,0.573033708
Rajasthan,DHOLPUR,2008,Kharif,Maize,21,37,1.761904762
Rajasthan,DHOLPUR,2008,Kharif,Moong(Green Gram),188,79,0.420212766
Rajasthan,DHOLPUR,2008,Kharif,Moth,12,3,0.25
Rajasthan,DHOLPUR,2008,Kharif,Other Kharif pulses,19,10,0.526315789
Rajasthan,DHOLPUR,2008,Kharif,Rice,574,1037,1.806620209
Rajasthan,DHOLPUR,2008,Kharif,Sesamum,2701,1431,0.529803776
Rajasthan,DHOLPUR,2008,Kharif,Urad,111,33,0.297297297
Rajasthan,DHOLPUR,2008,Rabi,Barley,865,2879,3.328323699
Rajasthan,DHOLPUR,2008,Rabi,Gram,2748,3240,1.179039301
Rajasthan,DHOLPUR,2008,Rabi,Masoor,9,8,0.888888889
Rajasthan,DHOLPUR,2008,Rabi,other oilseeds,281,103,0.366548043
Rajasthan,DHOLPUR,2008,Rabi,Peas & beans (Pulses),65,98,1.507692308
Rajasthan,DHOLPUR,2008,Rabi,Rapeseed &Mustard,69802,104311,1.494384115
Rajasthan,DHOLPUR,2008,Rabi,Wheat,50807,185291,3.646958096
Rajasthan,DHOLPUR,2008,Whole Year,Coriander,4,5,1.25
Rajasthan,DHOLPUR,2008,Whole Year,Dry chillies,294,588,2
Rajasthan,DHOLPUR,2008,Whole Year,Garlic,6,4,0.666666667
Rajasthan,DHOLPUR,2008,Whole Year,Guar seed,659,659,1
Rajasthan,DHOLPUR,2008,Whole Year,Potato,4183,41830,10
Rajasthan,DHOLPUR,2008,Whole Year,Sannhamp,9,9,1
Rajasthan,DHOLPUR,2008,Whole Year,Sugarcane,20,1016,50.8
Rajasthan,DHOLPUR,2008,Whole Year,Sweet potato,48,,
Rajasthan,DHOLPUR,2009,Kharif,Arhar/Tur,783,783,1
Rajasthan,DHOLPUR,2009,Kharif,Bajra,86376,167775,1.942379828
Rajasthan,DHOLPUR,2009,Kharif,Castor seed,4,,
Rajasthan,DHOLPUR,2009,Kharif,Cotton(lint),6,2,0.333333333
Rajasthan,DHOLPUR,2009,Kharif,Groundnut,85,97,1.141176471
Rajasthan,DHOLPUR,2009,Kharif,Jowar,119,17,0.142857143
Rajasthan,DHOLPUR,2009,Kharif,Maize,5,10,2
Rajasthan,DHOLPUR,2009,Kharif,Moong(Green Gram),92,4,0.043478261
Rajasthan,DHOLPUR,2009,Kharif,Moth,3,,
Rajasthan,DHOLPUR,2009,Kharif,Other Kharif pulses,14,1,0.071428571
Rajasthan,DHOLPUR,2009,Kharif,Rice,569,862,1.514938489
Rajasthan,DHOLPUR,2009,Kharif,Sesamum,3030,1976,0.652145215
Rajasthan,DHOLPUR,2009,Kharif,Urad,132,35,0.265151515
Rajasthan,DHOLPUR,2009,Rabi,Barley,978,2713,2.77402863
Rajasthan,DHOLPUR,2009,Rabi,Gram,3778,5486,1.452091053
Rajasthan,DHOLPUR,2009,Rabi,Masoor,69,62,0.898550725
Rajasthan,DHOLPUR,2009,Rabi,Other  Rabi pulses,87,131,1.505747126
Rajasthan,DHOLPUR,2009,Rabi,other oilseeds,700,258,0.368571429
Rajasthan,DHOLPUR,2009,Rabi,Rapeseed &Mustard,65931,95340,1.446057242
Rajasthan,DHOLPUR,2009,Rabi,Wheat,56832,222278,3.91114161
Rajasthan,DHOLPUR,2009,Whole Year,Coriander,1,1,1
Rajasthan,DHOLPUR,2009,Whole Year,Dry chillies,316,454,1.436708861
Rajasthan,DHOLPUR,2009,Whole Year,Garlic,1,1,1
Rajasthan,DHOLPUR,2009,Whole Year,Guar seed,645,645,1
Rajasthan,DHOLPUR,2009,Whole Year,Potato,4360,43580,9.995412844
Rajasthan,DHOLPUR,2009,Whole Year,Sannhamp,791,8,0.01011378
Rajasthan,DHOLPUR,2009,Whole Year,Sugarcane,13,893,68.69230769
Rajasthan,DHOLPUR,2009,Whole Year,Sweet potato,32,,
Rajasthan,DHOLPUR,2010,Kharif,Arhar/Tur,1008,1008,1
Rajasthan,DHOLPUR,2010,Kharif,Bajra,86253,155134,1.798592513
Rajasthan,DHOLPUR,2010,Kharif,Castor seed,1,1,1
Rajasthan,DHOLPUR,2010,Kharif,Cotton(lint),7,3,0.428571429
Rajasthan,DHOLPUR,2010,Kharif,Groundnut,91,179,1.967032967
Rajasthan,DHOLPUR,2010,Kharif,Jowar,42,29,0.69047619
Rajasthan,DHOLPUR,2010,Kharif,Maize,5,9,1.8
Rajasthan,DHOLPUR,2010,Kharif,Moong(Green Gram),177,110,0.621468927
Rajasthan,DHOLPUR,2010,Kharif,Moth,8,4,0.5
Rajasthan,DHOLPUR,2010,Kharif,Other Kharif pulses,24,13,0.541666667
Rajasthan,DHOLPUR,2010,Kharif,Rice,679,1375,2.025036819
Rajasthan,DHOLPUR,2010,Kharif,Sesamum,3576,4757,1.330257271
Rajasthan,DHOLPUR,2010,Kharif,Urad,161,119,0.739130435
Rajasthan,DHOLPUR,2010,Rabi,Barley,957,2727,2.849529781
Rajasthan,DHOLPUR,2010,Rabi,Gram,2266,2034,0.897616946
Rajasthan,DHOLPUR,2010,Rabi,Linseed,104,104,1
Rajasthan,DHOLPUR,2010,Rabi,Masoor,178,155,0.870786517
Rajasthan,DHOLPUR,2010,Rabi,Other  Rabi pulses,53,80,1.509433962
Rajasthan,DHOLPUR,2010,Rabi,other oilseeds,275,112,0.407272727
Rajasthan,DHOLPUR,2010,Rabi,Rapeseed &Mustard,60772,108787,1.790084249
Rajasthan,DHOLPUR,2010,Rabi,Wheat,59191,206385,3.48676319
Rajasthan,DHOLPUR,2010,Whole Year,Dry chillies,304,316,1.039473684
Rajasthan,DHOLPUR,2010,Whole Year,Garlic,3,3,1
Rajasthan,DHOLPUR,2010,Whole Year,Guar seed,587,303,0.516183986
Rajasthan,DHOLPUR,2010,Whole Year,Onion,7,7,1
Rajasthan,DHOLPUR,2010,Whole Year,Potato,5219,10510,2.013795746
Rajasthan,DHOLPUR,2010,Whole Year,Sannhamp,3,3,1
Rajasthan,DHOLPUR,2010,Whole Year,Sugarcane,65,5564,85.6
Rajasthan,DHOLPUR,2010,Whole Year,Sweet potato,27,40,1.481481481
Rajasthan,DUNGARPUR,1997,Kharif,Arhar/Tur,1900,1600,0.842105263
Rajasthan,DUNGARPUR,1997,Kharif,Groundnut,100,100,1
Rajasthan,DUNGARPUR,1997,Kharif,Jowar,1500,700,0.466666667
Rajasthan,DUNGARPUR,1997,Kharif,Maize,55200,53700,0.972826087
Rajasthan,DUNGARPUR,1997,Kharif,Rice,31900,34900,1.094043887
Rajasthan,DUNGARPUR,1997,Kharif,Sesamum,300,100,0.333333333
Rajasthan,DUNGARPUR,1997,Kharif,Sugarcane,500,22500,45
Rajasthan,DUNGARPUR,1997,Rabi,Barley,1900,3600,1.894736842
Rajasthan,DUNGARPUR,1997,Rabi,Gram,18900,14100,0.746031746
Rajasthan,DUNGARPUR,1997,Rabi,Rapeseed &Mustard,300,200,0.666666667
Rajasthan,DUNGARPUR,1997,Rabi,Wheat,37900,82400,2.17414248
Rajasthan,DUNGARPUR,1998,Kharif,Arhar/Tur,1458,1965,1.347736626
Rajasthan,DUNGARPUR,1998,Kharif,Bajra,36,16,0.444444444
Rajasthan,DUNGARPUR,1998,Kharif,Castor seed,107,148,1.38317757
Rajasthan,DUNGARPUR,1998,Kharif,Cotton(lint),138,32,0.231884058
Rajasthan,DUNGARPUR,1998,Kharif,Groundnut,186,203,1.091397849
Rajasthan,DUNGARPUR,1998,Kharif,Jowar,1257,361,0.287191726
Rajasthan,DUNGARPUR,1998,Kharif,Maize,62226,80467,1.293141131
Rajasthan,DUNGARPUR,1998,Kharif,Mesta,14,7,0.5
Rajasthan,DUNGARPUR,1998,Kharif,Moong(Green Gram),106,11,0.103773585
Rajasthan,DUNGARPUR,1998,Kharif,Moth,9,1,0.111111111
Rajasthan,DUNGARPUR,1998,Kharif,Other Kharif pulses,355,96,0.270422535
Rajasthan,DUNGARPUR,1998,Kharif,Rice,17197,7860,0.457056463
Rajasthan,DUNGARPUR,1998,Kharif,Sannhamp,210,73,0.347619048
Rajasthan,DUNGARPUR,1998,Kharif,Sesamum,464,34,0.073275862
Rajasthan,DUNGARPUR,1998,Kharif,Soyabean,51,67,1.31372549
Rajasthan,DUNGARPUR,1998,Kharif,Urad,22882,11265,0.492308365
Rajasthan,DUNGARPUR,1998,Rabi,Barley,1732,3422,1.975750577
Rajasthan,DUNGARPUR,1998,Rabi,Gram,21874,18742,0.856816312
Rajasthan,DUNGARPUR,1998,Rabi,Other  Rabi pulses,2815,2815,1
Rajasthan,DUNGARPUR,1998,Rabi,Rapeseed &Mustard,352,339,0.963068182
Rajasthan,DUNGARPUR,1998,Rabi,Tobacco,1,,
Rajasthan,DUNGARPUR,1998,Rabi,Wheat,38185,78219,2.048422155
Rajasthan,DUNGARPUR,1998,Whole Year,Dry chillies,233,26,0.111587983
Rajasthan,DUNGARPUR,1998,Whole Year,Garlic,26,130,5
Rajasthan,DUNGARPUR,1998,Whole Year,Onion,33,165,5
Rajasthan,DUNGARPUR,1998,Whole Year,Sugarcane,583,21454,36.79931389
Rajasthan,DUNGARPUR,1999,Kharif,Arhar/Tur,1717,407,0.237041351
Rajasthan,DUNGARPUR,1999,Kharif,Bajra,109,37,0.339449541
Rajasthan,DUNGARPUR,1999,Kharif,Castor seed,119,70,0.588235294
Rajasthan,DUNGARPUR,1999,Kharif,Cotton(lint),119,34,0.285714286
Rajasthan,DUNGARPUR,1999,Kharif,Dry ginger,2,12,6
Rajasthan,DUNGARPUR,1999,Kharif,Groundnut,8,8,1
Rajasthan,DUNGARPUR,1999,Kharif,Jowar,1065,332,0.311737089
Rajasthan,DUNGARPUR,1999,Kharif,Maize,63377,73837,1.165044101
Rajasthan,DUNGARPUR,1999,Kharif,Mesta,8,4,0.5
Rajasthan,DUNGARPUR,1999,Kharif,Moong(Green Gram),87,9,0.103448276
Rajasthan,DUNGARPUR,1999,Kharif,Moth,242,9,0.037190083
Rajasthan,DUNGARPUR,1999,Kharif,Other Kharif pulses,231,52,0.225108225
Rajasthan,DUNGARPUR,1999,Kharif,Rice,21366,5818,0.272301788
Rajasthan,DUNGARPUR,1999,Kharif,Sesamum,656,48,0.073170732
Rajasthan,DUNGARPUR,1999,Kharif,Small millets,4439,486,0.109484118
Rajasthan,DUNGARPUR,1999,Kharif,Soyabean,57,70,1.228070175
Rajasthan,DUNGARPUR,1999,Kharif,Urad,19990,3315,0.165832916
Rajasthan,DUNGARPUR,1999,Rabi,Barley,974,1967,2.019507187
Rajasthan,DUNGARPUR,1999,Rabi,Gram,12532,10946,0.873443983
Rajasthan,DUNGARPUR,1999,Rabi,Other  Rabi pulses,722,722,1
Rajasthan,DUNGARPUR,1999,Rabi,Rapeseed &Mustard,252,194,0.76984127
Rajasthan,DUNGARPUR,1999,Rabi,Wheat,21620,32114,1.485383904
Rajasthan,DUNGARPUR,1999,Whole Year,Dry chillies,212,24,0.113207547
Rajasthan,DUNGARPUR,1999,Whole Year,Garlic,16,80,5
Rajasthan,DUNGARPUR,1999,Whole Year,Guar seed,1373,547,0.398397669
Rajasthan,DUNGARPUR,1999,Whole Year,Onion,44,220,5
Rajasthan,DUNGARPUR,1999,Whole Year,Potato,4,14,3.5
Rajasthan,DUNGARPUR,1999,Whole Year,Sannhamp,184,67,0.364130435
Rajasthan,DUNGARPUR,1999,Whole Year,Sugarcane,549,20101,36.61384335
Rajasthan,DUNGARPUR,1999,Whole Year,Tobacco,1,,
Rajasthan,DUNGARPUR,2000,Kharif,Arhar/Tur,1891,1512,0.799576943
Rajasthan,DUNGARPUR,2000,Kharif,Bajra,95,42,0.442105263
Rajasthan,DUNGARPUR,2000,Kharif,Castor seed,112,18,0.160714286
Rajasthan,DUNGARPUR,2000,Kharif,Cotton(lint),100,159,1.59
Rajasthan,DUNGARPUR,2000,Kharif,Dry ginger,14,9,0.642857143
Rajasthan,DUNGARPUR,2000,Kharif,Jowar,874,174,0.199084668
Rajasthan,DUNGARPUR,2000,Kharif,Maize,69928,39186,0.560376387
Rajasthan,DUNGARPUR,2000,Kharif,Mesta,14,2,0.142857143
Rajasthan,DUNGARPUR,2000,Kharif,Moong(Green Gram),60,10,0.166666667
Rajasthan,DUNGARPUR,2000,Kharif,Other Kharif pulses,404,20,0.04950495
Rajasthan,DUNGARPUR,2000,Kharif,Rice,15144,1495,0.098718965
Rajasthan,DUNGARPUR,2000,Kharif,Sesamum,934,129,0.138115632
Rajasthan,DUNGARPUR,2000,Kharif,Small millets,4359,2,0.000458821
Rajasthan,DUNGARPUR,2000,Kharif,Soyabean,30,21,0.7
Rajasthan,DUNGARPUR,2000,Kharif,Urad,16184,1998,0.123455264
Rajasthan,DUNGARPUR,2000,Rabi,Barley,373,677,1.815013405
Rajasthan,DUNGARPUR,2000,Rabi,Gram,2071,1670,0.806373732
Rajasthan,DUNGARPUR,2000,Rabi,Linseed,4,2,0.5
Rajasthan,DUNGARPUR,2000,Rabi,Other  Rabi pulses,197,196,0.994923858
Rajasthan,DUNGARPUR,2000,Rabi,Rapeseed &Mustard,36,33,0.916666667
Rajasthan,DUNGARPUR,2000,Rabi,Wheat,10107,26750,2.646680518
Rajasthan,DUNGARPUR,2000,Whole Year,Coriander,3,,
Rajasthan,DUNGARPUR,2000,Whole Year,Dry chillies,193,17,0.088082902
Rajasthan,DUNGARPUR,2000,Whole Year,Garlic,13,25,1.923076923
Rajasthan,DUNGARPUR,2000,Whole Year,Guar seed,2582,251,0.097211464
Rajasthan,DUNGARPUR,2000,Whole Year,Onion,47,175,3.723404255
Rajasthan,DUNGARPUR,2000,Whole Year,Potato,6,22,3.666666667
Rajasthan,DUNGARPUR,2000,Whole Year,Sannhamp,172,21,0.122093023
Rajasthan,DUNGARPUR,2000,Whole Year,Sugarcane,309,6597,21.34951456
Rajasthan,DUNGARPUR,2001,Kharif,Arhar/Tur,2163,348,0.160887656
Rajasthan,DUNGARPUR,2001,Kharif,Bajra,120,90,0.75
Rajasthan,DUNGARPUR,2001,Kharif,Castor seed,40,6,0.15
Rajasthan,DUNGARPUR,2001,Kharif,Cotton(lint),118,65,0.550847458
Rajasthan,DUNGARPUR,2001,Kharif,Dry ginger,2,12,6
Rajasthan,DUNGARPUR,2001,Kharif,Groundnut,5,6,1.2
Rajasthan,DUNGARPUR,2001,Kharif,Jowar,984,407,0.413617886
Rajasthan,DUNGARPUR,2001,Kharif,Maize,68679,56223,0.818634517
Rajasthan,DUNGARPUR,2001,Kharif,Mesta,11,1,0.090909091
Rajasthan,DUNGARPUR,2001,Kharif,Moong(Green Gram),94,28,0.29787234
Rajasthan,DUNGARPUR,2001,Kharif,Other Kharif pulses,386,68,0.176165803
Rajasthan,DUNGARPUR,2001,Kharif,Rice,20576,8516,0.413880249
Rajasthan,DUNGARPUR,2001,Kharif,Sesamum,1067,348,0.326148079
Rajasthan,DUNGARPUR,2001,Kharif,Small millets,5005,493,0.098501499
Rajasthan,DUNGARPUR,2001,Kharif,Soyabean,19,20,1.052631579
Rajasthan,DUNGARPUR,2001,Kharif,Sunflower,1,,
Rajasthan,DUNGARPUR,2001,Kharif,Urad,16295,3445,0.211414544
Rajasthan,DUNGARPUR,2001,Rabi,Barley,632,1625,2.571202532
Rajasthan,DUNGARPUR,2001,Rabi,Gram,4770,5513,1.155765199
Rajasthan,DUNGARPUR,2001,Rabi,Linseed,4,3,0.75
Rajasthan,DUNGARPUR,2001,Rabi,Other  Rabi pulses,980,980,1
Rajasthan,DUNGARPUR,2001,Rabi,Rapeseed &Mustard,79,79,1
Rajasthan,DUNGARPUR,2001,Rabi,Wheat,23541,71315,3.029395523
Rajasthan,DUNGARPUR,2001,Whole Year,Coriander,1,4,4
Rajasthan,DUNGARPUR,2001,Whole Year,Dry chillies,222,20,0.09009009
Rajasthan,DUNGARPUR,2001,Whole Year,Garlic,19,95,5
Rajasthan,DUNGARPUR,2001,Whole Year,Onion,53,265,5
Rajasthan,DUNGARPUR,2001,Whole Year,Sannhamp,210,58,0.276190476
Rajasthan,DUNGARPUR,2001,Whole Year,Sugarcane,180,10823,60.12777778
Rajasthan,DUNGARPUR,2002,Kharif,Arhar/Tur,1294,57,0.044049459
Rajasthan,DUNGARPUR,2002,Kharif,Bajra,213,48,0.225352113
Rajasthan,DUNGARPUR,2002,Kharif,Castor seed,4,,
Rajasthan,DUNGARPUR,2002,Kharif,Cotton(lint),113,76,0.672566372
Rajasthan,DUNGARPUR,2002,Kharif,Dry ginger,4,24,6
Rajasthan,DUNGARPUR,2002,Kharif,Groundnut,4,3,0.75
Rajasthan,DUNGARPUR,2002,Kharif,Jowar,1058,136,0.128544423
Rajasthan,DUNGARPUR,2002,Kharif,Maize,75292,64043,0.850595017
Rajasthan,DUNGARPUR,2002,Kharif,Mesta,2,,
Rajasthan,DUNGARPUR,2002,Kharif,Moong(Green Gram),33,2,0.060606061
Rajasthan,DUNGARPUR,2002,Kharif,Other Kharif pulses,266,40,0.15037594
Rajasthan,DUNGARPUR,2002,Kharif,Rice,8439,1400,0.165896433
Rajasthan,DUNGARPUR,2002,Kharif,Sesamum,1302,78,0.059907834
Rajasthan,DUNGARPUR,2002,Kharif,Small millets,4591,0.1,2.17817E-05
Rajasthan,DUNGARPUR,2002,Kharif,Soyabean,27,14,0.518518519
Rajasthan,DUNGARPUR,2002,Kharif,Urad,10868,2430,0.223592197
Rajasthan,DUNGARPUR,2002,Rabi,Barley,409,953,2.33007335
Rajasthan,DUNGARPUR,2002,Rabi,Gram,2437,2029,0.832581042
Rajasthan,DUNGARPUR,2002,Rabi,Other  Rabi pulses,244,39,0.159836066
Rajasthan,DUNGARPUR,2002,Rabi,Rapeseed &Mustard,84,60,0.714285714
Rajasthan,DUNGARPUR,2002,Rabi,Wheat,9536,17633,1.849098154
Rajasthan,DUNGARPUR,2002,Whole Year,Dry chillies,122,17,0.139344262
Rajasthan,DUNGARPUR,2002,Whole Year,Garlic,5,25,5
Rajasthan,DUNGARPUR,2002,Whole Year,Guar seed,2392,505,0.211120401
Rajasthan,DUNGARPUR,2002,Whole Year,Onion,12,60,5
Rajasthan,DUNGARPUR,2002,Whole Year,Other Fresh Fruits,6,0,0
Rajasthan,DUNGARPUR,2002,Whole Year,Other Vegetables,106,0,0
Rajasthan,DUNGARPUR,2002,Whole Year,Potato,2,10,5
Rajasthan,DUNGARPUR,2002,Whole Year,Sannhamp,110,13,0.118181818
Rajasthan,DUNGARPUR,2002,Whole Year,Sugarcane,151,5809,38.47019868
Rajasthan,DUNGARPUR,2003,Kharif,Arhar/Tur,1505,1204,0.8
Rajasthan,DUNGARPUR,2003,Kharif,Bajra,240,273,1.1375
Rajasthan,DUNGARPUR,2003,Kharif,Castor seed,75,75,1
Rajasthan,DUNGARPUR,2003,Kharif,Cotton(lint),128,264,2.0625
Rajasthan,DUNGARPUR,2003,Kharif,Dry ginger,2,12,6
Rajasthan,DUNGARPUR,2003,Kharif,Groundnut,120,188,1.566666667
Rajasthan,DUNGARPUR,2003,Kharif,Jowar,782,558,0.713554987
Rajasthan,DUNGARPUR,2003,Kharif,Maize,75310,88762,1.178621697
Rajasthan,DUNGARPUR,2003,Kharif,Moong(Green Gram),34,21,0.617647059
Rajasthan,DUNGARPUR,2003,Kharif,Moth,18,10,0.555555556
Rajasthan,DUNGARPUR,2003,Kharif,Other Kharif pulses,232,182,0.784482759
Rajasthan,DUNGARPUR,2003,Kharif,Rice,19193,20126,1.048611473
Rajasthan,DUNGARPUR,2003,Kharif,Sesamum,1311,593,0.452326468
Rajasthan,DUNGARPUR,2003,Kharif,Small millets,5755,4634,0.805212858
Rajasthan,DUNGARPUR,2003,Kharif,Soyabean,9,13,1.444444444
Rajasthan,DUNGARPUR,2003,Kharif,Sunflower,3,4,1.333333333
Rajasthan,DUNGARPUR,2003,Kharif,Urad,12764,7190,0.56330304
Rajasthan,DUNGARPUR,2003,Rabi,Barley,946,2127,2.248414376
Rajasthan,DUNGARPUR,2003,Rabi,Gram,12455,12755,1.024086712
Rajasthan,DUNGARPUR,2003,Rabi,Other  Rabi pulses,1617,1617,1
Rajasthan,DUNGARPUR,2003,Rabi,Rapeseed &Mustard,292,381,1.304794521
Rajasthan,DUNGARPUR,2003,Rabi,Wheat,33573,72447,2.157894737
Rajasthan,DUNGARPUR,2003,Whole Year,Coriander,3,4,1.333333333
Rajasthan,DUNGARPUR,2003,Whole Year,Dry chillies,201,161,0.800995025
Rajasthan,DUNGARPUR,2003,Whole Year,Garlic,20,100,5
Rajasthan,DUNGARPUR,2003,Whole Year,Guar seed,2212,,
Rajasthan,DUNGARPUR,2003,Whole Year,Onion,53,265,5
Rajasthan,DUNGARPUR,2003,Whole Year,other fibres,10,0,0
Rajasthan,DUNGARPUR,2003,Whole Year,Other Fresh Fruits,19,0,0
Rajasthan,DUNGARPUR,2003,Whole Year,other oilseeds,55,56,1.018181818
Rajasthan,DUNGARPUR,2003,Whole Year,Other Vegetables,188,0,0
Rajasthan,DUNGARPUR,2003,Whole Year,Sannhamp,119,143,1.201680672
Rajasthan,DUNGARPUR,2003,Whole Year,Sugarcane,113,4421,39.12389381
Rajasthan,DUNGARPUR,2004,Kharif,Arhar/Tur,1961,414,0.211116777
Rajasthan,DUNGARPUR,2004,Kharif,Bajra,145,95,0.655172414
Rajasthan,DUNGARPUR,2004,Kharif,Castor seed,337,159,0.471810089
Rajasthan,DUNGARPUR,2004,Kharif,Cotton(lint),547,952,1.740402194
Rajasthan,DUNGARPUR,2004,Kharif,Dry ginger,3,18,6
Rajasthan,DUNGARPUR,2004,Kharif,Groundnut,101,157,1.554455446
Rajasthan,DUNGARPUR,2004,Kharif,Jowar,797,370,0.464240903
Rajasthan,DUNGARPUR,2004,Kharif,Maize,70883,52349,0.738526868
Rajasthan,DUNGARPUR,2004,Kharif,Moong(Green Gram),9,2,0.222222222
Rajasthan,DUNGARPUR,2004,Kharif,Other Kharif pulses,379,89,0.234828496
Rajasthan,DUNGARPUR,2004,Kharif,Rice,25153,20267,0.805748817
Rajasthan,DUNGARPUR,2004,Kharif,Sesamum,1222,407,0.333060556
Rajasthan,DUNGARPUR,2004,Kharif,Small millets,5479,4643,0.847417412
Rajasthan,DUNGARPUR,2004,Kharif,Soyabean,154,220,1.428571429
Rajasthan,DUNGARPUR,2004,Kharif,Urad,10974,4471,0.407417532
Rajasthan,DUNGARPUR,2004,Rabi,Barley,1173,2793,2.381074169
Rajasthan,DUNGARPUR,2004,Rabi,Gram,14495,12330,0.850638151
Rajasthan,DUNGARPUR,2004,Rabi,Other  Rabi pulses,1874,1874,1
Rajasthan,DUNGARPUR,2004,Rabi,Peas & beans (Pulses),1192,1192,1
Rajasthan,DUNGARPUR,2004,Rabi,Rapeseed &Mustard,549,614,1.118397086
Rajasthan,DUNGARPUR,2004,Rabi,Wheat,37821,80873,2.138309405
Rajasthan,DUNGARPUR,2004,Whole Year,Coriander,2,2,1
Rajasthan,DUNGARPUR,2004,Whole Year,Dry chillies,177,26,0.146892655
Rajasthan,DUNGARPUR,2004,Whole Year,Garlic,23,115,5
Rajasthan,DUNGARPUR,2004,Whole Year,Guar seed,3432,1220,0.355477855
Rajasthan,DUNGARPUR,2004,Whole Year,Onion,35,175,5
Rajasthan,DUNGARPUR,2004,Whole Year,Potato,17,83,4.882352941
Rajasthan,DUNGARPUR,2004,Whole Year,Sannhamp,97,26,0.268041237
Rajasthan,DUNGARPUR,2004,Whole Year,Sugarcane,108,7250,67.12962963
Rajasthan,DUNGARPUR,2005,Kharif,Arhar/Tur,2349,536,0.228182205
Rajasthan,DUNGARPUR,2005,Kharif,Bajra,178,77,0.43258427
Rajasthan,DUNGARPUR,2005,Kharif,Castor seed,294,51,0.173469388
Rajasthan,DUNGARPUR,2005,Kharif,Cotton(lint),391,729,1.864450128
Rajasthan,DUNGARPUR,2005,Kharif,Groundnut,109,169,1.550458716
Rajasthan,DUNGARPUR,2005,Kharif,Jowar,804,230,0.286069652
Rajasthan,DUNGARPUR,2005,Kharif,Maize,73285,27659,0.377416934
Rajasthan,DUNGARPUR,2005,Kharif,Moong(Green Gram),29,5,0.172413793
Rajasthan,DUNGARPUR,2005,Kharif,Other Kharif pulses,381,74,0.194225722
Rajasthan,DUNGARPUR,2005,Kharif,Rice,21879,7234,0.330636684
Rajasthan,DUNGARPUR,2005,Kharif,Sesamum,1279,190,0.148553557
Rajasthan,DUNGARPUR,2005,Kharif,Small millets,5252,748,0.142421935
Rajasthan,DUNGARPUR,2005,Kharif,Soyabean,282,324,1.14893617
Rajasthan,DUNGARPUR,2005,Kharif,Urad,10793,1776,0.164551098
Rajasthan,DUNGARPUR,2005,Rabi,Barley,1003,2278,2.271186441
Rajasthan,DUNGARPUR,2005,Rabi,Gram,13442,8797,0.654441303
Rajasthan,DUNGARPUR,2005,Rabi,Other  Rabi pulses,1192,1192,1
Rajasthan,DUNGARPUR,2005,Rabi,Rapeseed &Mustard,510,598,1.17254902
Rajasthan,DUNGARPUR,2005,Rabi,Wheat,35622,57414,1.61175678
Rajasthan,DUNGARPUR,2005,Whole Year,Coriander,2,2,1
Rajasthan,DUNGARPUR,2005,Whole Year,Dry chillies,149,17,0.11409396
Rajasthan,DUNGARPUR,2005,Whole Year,Garlic,19,95,5
Rajasthan,DUNGARPUR,2005,Whole Year,Guar seed,2981,845,0.283461926
Rajasthan,DUNGARPUR,2005,Whole Year,Onion,22,110,5
Rajasthan,DUNGARPUR,2005,Whole Year,Potato,3,15,5
Rajasthan,DUNGARPUR,2005,Whole Year,Sannhamp,103,31,0.300970874
Rajasthan,DUNGARPUR,2005,Whole Year,Sugarcane,177,15209,85.92655367
Rajasthan,DUNGARPUR,2006,Kharif,Arhar/Tur,2352,296,0.12585034
Rajasthan,DUNGARPUR,2006,Kharif,Bajra,125,88,0.704
Rajasthan,DUNGARPUR,2006,Kharif,Castor seed,226,45,0.199115044
Rajasthan,DUNGARPUR,2006,Kharif,Cotton(lint),332,121,0.364457831
Rajasthan,DUNGARPUR,2006,Kharif,Dry ginger,1,6,6
Rajasthan,DUNGARPUR,2006,Kharif,Groundnut,123,161,1.308943089
Rajasthan,DUNGARPUR,2006,Kharif,Jowar,795,442,0.555974843
Rajasthan,DUNGARPUR,2006,Kharif,Maize,74916,11078,0.147872284
Rajasthan,DUNGARPUR,2006,Kharif,Moong(Green Gram),41,15,0.365853659
Rajasthan,DUNGARPUR,2006,Kharif,Other Kharif pulses,330,57,0.172727273
Rajasthan,DUNGARPUR,2006,Kharif,Rice,27161,18171,0.669010714
Rajasthan,DUNGARPUR,2006,Kharif,Sesamum,1093,355,0.324794145
Rajasthan,DUNGARPUR,2006,Kharif,Small millets,5273,427,0.08097857
Rajasthan,DUNGARPUR,2006,Kharif,Soyabean,274,330,1.204379562
Rajasthan,DUNGARPUR,2006,Kharif,Urad,11086,981,0.088489987
Rajasthan,DUNGARPUR,2006,Rabi,Barley,1350,3438,2.546666667
Rajasthan,DUNGARPUR,2006,Rabi,Gram,17943,16394,0.913671069
Rajasthan,DUNGARPUR,2006,Rabi,Other  Rabi pulses,2469,2771,1.122316727
Rajasthan,DUNGARPUR,2006,Rabi,Rapeseed &Mustard,805,911,1.131677019
Rajasthan,DUNGARPUR,2006,Rabi,Wheat,40855,71327,1.7458573
Rajasthan,DUNGARPUR,2006,Whole Year,Coriander,1,1,1
Rajasthan,DUNGARPUR,2006,Whole Year,Dry chillies,161,7,0.043478261
Rajasthan,DUNGARPUR,2006,Whole Year,Garlic,16,80,5
Rajasthan,DUNGARPUR,2006,Whole Year,Guar seed,1799,45,0.025013897
Rajasthan,DUNGARPUR,2006,Whole Year,Onion,29,145,5
Rajasthan,DUNGARPUR,2006,Whole Year,Potato,7,39,5.571428571
Rajasthan,DUNGARPUR,2006,Whole Year,Sannhamp,62,7,0.112903226
Rajasthan,DUNGARPUR,2006,Whole Year,Sugarcane,188,10107,53.7606383
Rajasthan,DUNGARPUR,2006,Whole Year,Sweet potato,39,,
Rajasthan,DUNGARPUR,2007,Kharif,Arhar/Tur,2227,1776,0.797485406
Rajasthan,DUNGARPUR,2007,Kharif,Bajra,126,104,0.825396825
Rajasthan,DUNGARPUR,2007,Kharif,Castor seed,199,199,1
Rajasthan,DUNGARPUR,2007,Kharif,Cotton(lint),371,147,0.396226415
Rajasthan,DUNGARPUR,2007,Kharif,Groundnut,76,131,1.723684211
Rajasthan,DUNGARPUR,2007,Kharif,Jowar,801,508,0.634207241
Rajasthan,DUNGARPUR,2007,Kharif,Maize,73073,122910,1.682016614
Rajasthan,DUNGARPUR,2007,Kharif,Moong(Green Gram),9,3,0.333333333
Rajasthan,DUNGARPUR,2007,Kharif,Other Kharif pulses,119,83,0.697478992
Rajasthan,DUNGARPUR,2007,Kharif,Rice,29975,39241,1.30912427
Rajasthan,DUNGARPUR,2007,Kharif,Sesamum,985,397,0.403045685
Rajasthan,DUNGARPUR,2007,Kharif,Small millets,5664,4502,0.794844633
Rajasthan,DUNGARPUR,2007,Kharif,Soyabean,298,400,1.342281879
Rajasthan,DUNGARPUR,2007,Kharif,Urad,11815,8985,0.760473974
Rajasthan,DUNGARPUR,2007,Rabi,Barley,1125,2433,2.162666667
Rajasthan,DUNGARPUR,2007,Rabi,Gram,17046,19911,1.168074622
Rajasthan,DUNGARPUR,2007,Rabi,Other  Rabi pulses,1889,1889,1
Rajasthan,DUNGARPUR,2007,Rabi,other oilseeds,72,13,0.180555556
Rajasthan,DUNGARPUR,2007,Rabi,Rapeseed &Mustard,623,596,0.956661316
Rajasthan,DUNGARPUR,2007,Rabi,Wheat,41492,76137,1.834980237
Rajasthan,DUNGARPUR,2007,Whole Year,Coriander,1,1,1
Rajasthan,DUNGARPUR,2007,Whole Year,Dry chillies,120,96,0.8
Rajasthan,DUNGARPUR,2007,Whole Year,Garlic,14,70,5
Rajasthan,DUNGARPUR,2007,Whole Year,Guar seed,1875,3000,1.6
Rajasthan,DUNGARPUR,2007,Whole Year,Onion,39,195,5
Rajasthan,DUNGARPUR,2007,Whole Year,Potato,2,10,5
Rajasthan,DUNGARPUR,2007,Whole Year,Sannhamp,69,83,1.202898551
Rajasthan,DUNGARPUR,2007,Whole Year,Sugarcane,185,16414,88.72432432
Rajasthan,DUNGARPUR,2008,Kharif,Arhar/Tur,2130,320,0.150234742
Rajasthan,DUNGARPUR,2008,Kharif,Bajra,102,84,0.823529412
Rajasthan,DUNGARPUR,2008,Kharif,Castor seed,94,16,0.170212766
Rajasthan,DUNGARPUR,2008,Kharif,Cotton(lint),393,160,0.407124682
Rajasthan,DUNGARPUR,2008,Kharif,Dry ginger,25,126,5.04
Rajasthan,DUNGARPUR,2008,Kharif,Groundnut,32,53,1.65625
Rajasthan,DUNGARPUR,2008,Kharif,Jowar,776,450,0.579896907
Rajasthan,DUNGARPUR,2008,Kharif,Maize,88368,77617,0.878338313
Rajasthan,DUNGARPUR,2008,Kharif,Moong(Green Gram),9,4,0.444444444
Rajasthan,DUNGARPUR,2008,Kharif,Other Kharif pulses,70,21,0.3
Rajasthan,DUNGARPUR,2008,Kharif,Rice,14842,3288,0.221533486
Rajasthan,DUNGARPUR,2008,Kharif,Sesamum,1206,205,0.169983416
Rajasthan,DUNGARPUR,2008,Kharif,Small millets,6289,293,0.046589283
Rajasthan,DUNGARPUR,2008,Kharif,Soyabean,666,648,0.972972973
Rajasthan,DUNGARPUR,2008,Kharif,Urad,11789,3254,0.276020019
Rajasthan,DUNGARPUR,2008,Rabi,Barley,442,1353,3.061085973
Rajasthan,DUNGARPUR,2008,Rabi,Gram,7704,4461,0.579049844
Rajasthan,DUNGARPUR,2008,Rabi,Masoor,3,2,0.666666667
Rajasthan,DUNGARPUR,2008,Rabi,Other  Rabi pulses,128,127,0.9921875
Rajasthan,DUNGARPUR,2008,Rabi,other oilseeds,87,26,0.298850575
Rajasthan,DUNGARPUR,2008,Rabi,Rapeseed &Mustard,170,105,0.617647059
Rajasthan,DUNGARPUR,2008,Rabi,Wheat,18296,24530,1.340730214
Rajasthan,DUNGARPUR,2008,Whole Year,Dry chillies,157,4,0.025477707
Rajasthan,DUNGARPUR,2008,Whole Year,Garlic,5,15,3
Rajasthan,DUNGARPUR,2008,Whole Year,Guar seed,2074,448,0.216007715
Rajasthan,DUNGARPUR,2008,Whole Year,Onion,7,35,5
Rajasthan,DUNGARPUR,2008,Whole Year,Sannhamp,74,5,0.067567568
Rajasthan,DUNGARPUR,2008,Whole Year,Sugarcane,116,4972,42.86206897
Rajasthan,DUNGARPUR,2009,Kharif,Arhar/Tur,1933,85,0.043973099
Rajasthan,DUNGARPUR,2009,Kharif,Bajra,206,81,0.393203883
Rajasthan,DUNGARPUR,2009,Kharif,Castor seed,110,2,0.018181818
Rajasthan,DUNGARPUR,2009,Kharif,Cotton(lint),423,146,0.345153664
Rajasthan,DUNGARPUR,2009,Kharif,Dry ginger,25,126,5.04
Rajasthan,DUNGARPUR,2009,Kharif,Groundnut,12,13,1.083333333
Rajasthan,DUNGARPUR,2009,Kharif,Jowar,556,81,0.145683453
Rajasthan,DUNGARPUR,2009,Kharif,Maize,90004,56934,0.632571886
Rajasthan,DUNGARPUR,2009,Kharif,Mesta,4,,
Rajasthan,DUNGARPUR,2009,Kharif,Moong(Green Gram),27,1,0.037037037
Rajasthan,DUNGARPUR,2009,Kharif,Other Kharif pulses,94,4,0.042553191
Rajasthan,DUNGARPUR,2009,Kharif,Rice,13961,5060,0.362438221
Rajasthan,DUNGARPUR,2009,Kharif,Sesamum,1396,295,0.211318052
Rajasthan,DUNGARPUR,2009,Kharif,Small millets,7563,500,0.066111331
Rajasthan,DUNGARPUR,2009,Kharif,Soyabean,836,982,1.174641148
Rajasthan,DUNGARPUR,2009,Kharif,Urad,11686,6584,0.563409208
Rajasthan,DUNGARPUR,2009,Rabi,Barley,990,2663,2.68989899
Rajasthan,DUNGARPUR,2009,Rabi,Gram,13409,13932,1.039003654
Rajasthan,DUNGARPUR,2009,Rabi,Other  Rabi pulses,1279,1275,0.996872557
Rajasthan,DUNGARPUR,2009,Rabi,other oilseeds,70,26,0.371428571
Rajasthan,DUNGARPUR,2009,Rabi,Rapeseed &Mustard,533,702,1.317073171
Rajasthan,DUNGARPUR,2009,Rabi,Wheat,36010,64072,1.779283532
Rajasthan,DUNGARPUR,2009,Whole Year,Coriander,2,2,1
Rajasthan,DUNGARPUR,2009,Whole Year,Dry chillies,203,6,0.02955665
Rajasthan,DUNGARPUR,2009,Whole Year,Garlic,3,15,5
Rajasthan,DUNGARPUR,2009,Whole Year,Guar seed,2485,333,0.134004024
Rajasthan,DUNGARPUR,2009,Whole Year,Onion,20,100,5
Rajasthan,DUNGARPUR,2009,Whole Year,Sannhamp,48,6,0.125
Rajasthan,DUNGARPUR,2009,Whole Year,Sugarcane,68,2523,37.10294118
Rajasthan,DUNGARPUR,2010,Kharif,Arhar/Tur,2070,1122,0.542028986
Rajasthan,DUNGARPUR,2010,Kharif,Bajra,151,167,1.105960265
Rajasthan,DUNGARPUR,2010,Kharif,Castor seed,32,24,0.75
Rajasthan,DUNGARPUR,2010,Kharif,Cotton(lint),463,201,0.43412527
Rajasthan,DUNGARPUR,2010,Kharif,Dry ginger,24,144,6
Rajasthan,DUNGARPUR,2010,Kharif,Groundnut,31,61,1.967741935
Rajasthan,DUNGARPUR,2010,Kharif,Jowar,643,450,0.699844479
Rajasthan,DUNGARPUR,2010,Kharif,Maize,89065,130458,1.464750463
Rajasthan,DUNGARPUR,2010,Kharif,Moong(Green Gram),16,10,0.625
Rajasthan,DUNGARPUR,2010,Kharif,Other Kharif pulses,75,42,0.56
Rajasthan,DUNGARPUR,2010,Kharif,Rice,13727,9058,0.659867415
Rajasthan,DUNGARPUR,2010,Kharif,Sesamum,1623,662,0.40788663
Rajasthan,DUNGARPUR,2010,Kharif,Small millets,6778,3554,0.524343464
Rajasthan,DUNGARPUR,2010,Kharif,Soyabean,1207,1763,1.46064623
Rajasthan,DUNGARPUR,2010,Kharif,Urad,11518,6686,0.580482723
Rajasthan,DUNGARPUR,2010,Rabi,Barley,981,2795,2.849133537
Rajasthan,DUNGARPUR,2010,Rabi,Gram,13566,12587,0.927834292
Rajasthan,DUNGARPUR,2010,Rabi,Other  Rabi pulses,955,955,1
Rajasthan,DUNGARPUR,2010,Rabi,other oilseeds,85,35,0.411764706
Rajasthan,DUNGARPUR,2010,Rabi,Rapeseed &Mustard,926,1444,1.559395248
Rajasthan,DUNGARPUR,2010,Rabi,Wheat,37334,58101,1.556248996
Rajasthan,DUNGARPUR,2010,Whole Year,Coriander,2,2,1
Rajasthan,DUNGARPUR,2010,Whole Year,Dry chillies,170,80,0.470588235
Rajasthan,DUNGARPUR,2010,Whole Year,Garlic,6,30,5
Rajasthan,DUNGARPUR,2010,Whole Year,Guar seed,2643,1366,0.516836928
Rajasthan,DUNGARPUR,2010,Whole Year,Onion,21,105,5
Rajasthan,DUNGARPUR,2010,Whole Year,Sannhamp,67,26,0.388059701
Rajasthan,DUNGARPUR,2010,Whole Year,Sugarcane,76,9571,125.9342105
Rajasthan,GANGANAGAR,1997,Kharif,Bajra,2900,1600,0.551724138
Rajasthan,GANGANAGAR,1997,Kharif,Cotton(lint),286900,365294,1.273245033
Rajasthan,GANGANAGAR,1997,Kharif,Groundnut,2600,3000,1.153846154
Rajasthan,GANGANAGAR,1997,Kharif,Jowar,400,200,0.5
Rajasthan,GANGANAGAR,1997,Kharif,Maize,100,100,1
Rajasthan,GANGANAGAR,1997,Kharif,Rice,3900,5600,1.435897436
Rajasthan,GANGANAGAR,1997,Kharif,Sesamum,500,100,0.2
Rajasthan,GANGANAGAR,1997,Kharif,Sugarcane,2400,137100,57.125
Rajasthan,GANGANAGAR,1997,Rabi,Barley,8400,9100,1.083333333
Rajasthan,GANGANAGAR,1997,Rabi,Gram,128900,109400,0.848719938
Rajasthan,GANGANAGAR,1997,Rabi,Rapeseed &Mustard,269600,275700,1.022626113
Rajasthan,GANGANAGAR,1997,Rabi,Wheat,254000,660700,2.601181102
Rajasthan,GANGANAGAR,1997,Whole Year,Potato,200,4300,21.5
Rajasthan,GANGANAGAR,1998,Kharif,Arhar/Tur,28,37,1.321428571
Rajasthan,GANGANAGAR,1998,Kharif,Bajra,1678,722,0.430274136
Rajasthan,GANGANAGAR,1998,Kharif,Castor seed,3,4,1.333333333
Rajasthan,GANGANAGAR,1998,Kharif,Cotton(lint),291897,65093,0.222999894
Rajasthan,GANGANAGAR,1998,Kharif,Groundnut,2403,1837,0.76446109
Rajasthan,GANGANAGAR,1998,Kharif,Jowar,15,4,0.266666667
Rajasthan,GANGANAGAR,1998,Kharif,Maize,62,67,1.080645161
Rajasthan,GANGANAGAR,1998,Kharif,Moong(Green Gram),3596,1311,0.364571746
Rajasthan,GANGANAGAR,1998,Kharif,Moth,640,76,0.11875
Rajasthan,GANGANAGAR,1998,Kharif,Other Kharif pulses,6,1,0.166666667
Rajasthan,GANGANAGAR,1998,Kharif,Rice,4961,7094,1.429953638
Rajasthan,GANGANAGAR,1998,Kharif,Sannhamp,3,2,0.666666667
Rajasthan,GANGANAGAR,1998,Kharif,Sesamum,437,32,0.073226545
Rajasthan,GANGANAGAR,1998,Kharif,Soyabean,19,25,1.315789474
Rajasthan,GANGANAGAR,1998,Kharif,Urad,178,57,0.320224719
Rajasthan,GANGANAGAR,1998,Rabi,Barley,7279,13140,1.805193021
Rajasthan,GANGANAGAR,1998,Rabi,Gram,165418,97657,0.590365015
Rajasthan,GANGANAGAR,1998,Rabi,Linseed,1,1,1
Rajasthan,GANGANAGAR,1998,Rabi,Masoor,55,58,1.054545455
Rajasthan,GANGANAGAR,1998,Rabi,Peas & beans (Pulses),132,132,1
Rajasthan,GANGANAGAR,1998,Rabi,Rapeseed &Mustard,225705,187591,0.831133559
Rajasthan,GANGANAGAR,1998,Rabi,Sunflower,1,1,1
Rajasthan,GANGANAGAR,1998,Rabi,Wheat,265752,756655,2.847222222
Rajasthan,GANGANAGAR,1998,Whole Year,Coriander,2,2,1
Rajasthan,GANGANAGAR,1998,Whole Year,Dry chillies,128,384,3
Rajasthan,GANGANAGAR,1998,Whole Year,Garlic,31,620,20
Rajasthan,GANGANAGAR,1998,Whole Year,Onion,84,1670,19.88095238
Rajasthan,GANGANAGAR,1998,Whole Year,Potato,354,7080,20
Rajasthan,GANGANAGAR,1998,Whole Year,Sugarcane,3625,231985,63.99586207
Rajasthan,GANGANAGAR,1998,Whole Year,Sweet potato,3,60,20
Rajasthan,GANGANAGAR,1999,Kharif,Arhar/Tur,18,18,1
Rajasthan,GANGANAGAR,1999,Kharif,Bajra,1940,662,0.341237113
Rajasthan,GANGANAGAR,1999,Kharif,Castor seed,22,10,0.454545455
Rajasthan,GANGANAGAR,1999,Kharif,Cotton(lint),272002,79696,0.292997846
Rajasthan,GANGANAGAR,1999,Kharif,Groundnut,1777,1966,1.106359032
Rajasthan,GANGANAGAR,1999,Kharif,Jowar,37,12,0.324324324
Rajasthan,GANGANAGAR,1999,Kharif,Maize,127,132,1.039370079
Rajasthan,GANGANAGAR,1999,Kharif,Moong(Green Gram),4426,524,0.118391324
Rajasthan,GANGANAGAR,1999,Kharif,Moth,139,5,0.035971223
Rajasthan,GANGANAGAR,1999,Kharif,Other Kharif pulses,17,2,0.117647059
Rajasthan,GANGANAGAR,1999,Kharif,Rice,6583,11887,1.805711682
Rajasthan,GANGANAGAR,1999,Kharif,Sesamum,1967,145,0.073716319
Rajasthan,GANGANAGAR,1999,Kharif,Soyabean,98,120,1.224489796
Rajasthan,GANGANAGAR,1999,Kharif,Urad,167,47,0.281437126
Rajasthan,GANGANAGAR,1999,Rabi,Barley,8815,16694,1.893817357
Rajasthan,GANGANAGAR,1999,Rabi,Gram,80401,44297,0.550950859
Rajasthan,GANGANAGAR,1999,Rabi,Masoor,35,35,1
Rajasthan,GANGANAGAR,1999,Rabi,Other  Rabi pulses,1,1,1
Rajasthan,GANGANAGAR,1999,Rabi,Peas & beans (Pulses),98,196,2
Rajasthan,GANGANAGAR,1999,Rabi,Rapeseed &Mustard,191610,251212,1.311058922
Rajasthan,GANGANAGAR,1999,Rabi,Wheat,267339,813056,3.041292142
Rajasthan,GANGANAGAR,1999,Whole Year,Coriander,6,3,0.5
Rajasthan,GANGANAGAR,1999,Whole Year,Dry chillies,239,717,3
Rajasthan,GANGANAGAR,1999,Whole Year,Garlic,64,1280,20
Rajasthan,GANGANAGAR,1999,Whole Year,Guar seed,64140,22810,0.355628313
Rajasthan,GANGANAGAR,1999,Whole Year,Onion,135,2700,20
Rajasthan,GANGANAGAR,1999,Whole Year,Potato,312,6240,20
Rajasthan,GANGANAGAR,1999,Whole Year,Sannhamp,4,2,0.5
Rajasthan,GANGANAGAR,1999,Whole Year,Sugarcane,4419,200311,45.32948631
Rajasthan,GANGANAGAR,1999,Whole Year,Turmeric,3,3,1
Rajasthan,GANGANAGAR,2000,Kharif,Arhar/Tur,7,7,1
Rajasthan,GANGANAGAR,2000,Kharif,Bajra,2965,1309,0.44148398
Rajasthan,GANGANAGAR,2000,Kharif,Castor seed,2,,
Rajasthan,GANGANAGAR,2000,Kharif,Cotton(lint),247275,382547,1.547050854
Rajasthan,GANGANAGAR,2000,Kharif,Groundnut,527,591,1.121442125
Rajasthan,GANGANAGAR,2000,Kharif,Jowar,196,39,0.198979592
Rajasthan,GANGANAGAR,2000,Kharif,Maize,71,74,1.042253521
Rajasthan,GANGANAGAR,2000,Kharif,Moong(Green Gram),3765,1500,0.398406375
Rajasthan,GANGANAGAR,2000,Kharif,Moth,279,41,0.146953405
Rajasthan,GANGANAGAR,2000,Kharif,Other Kharif pulses,4,1,0.25
Rajasthan,GANGANAGAR,2000,Kharif,Rice,4588,8829,1.924367916
Rajasthan,GANGANAGAR,2000,Kharif,Sesamum,728,100,0.137362637
Rajasthan,GANGANAGAR,2000,Kharif,Urad,346,99,0.286127168
Rajasthan,GANGANAGAR,2000,Rabi,Barley,21765,38432,1.765770733
Rajasthan,GANGANAGAR,2000,Rabi,Gram,65766,12897,0.19610437
Rajasthan,GANGANAGAR,2000,Rabi,Linseed,3,2,0.666666667
Rajasthan,GANGANAGAR,2000,Rabi,Masoor,35,32,0.914285714
Rajasthan,GANGANAGAR,2000,Rabi,Peas & beans (Pulses),180,360,2
Rajasthan,GANGANAGAR,2000,Rabi,Rapeseed &Mustard,145463,141994,0.976152011
Rajasthan,GANGANAGAR,2000,Rabi,Wheat,218401,537028,2.458908155
Rajasthan,GANGANAGAR,2000,Whole Year,Coriander,4,2,0.5
Rajasthan,GANGANAGAR,2000,Whole Year,Dry chillies,106,318,3
Rajasthan,GANGANAGAR,2000,Whole Year,Garlic,21,420,20
Rajasthan,GANGANAGAR,2000,Whole Year,Guar seed,147181,52421,0.356166897
Rajasthan,GANGANAGAR,2000,Whole Year,Onion,44,880,20
Rajasthan,GANGANAGAR,2000,Whole Year,Potato,272,5440,20
Rajasthan,GANGANAGAR,2000,Whole Year,Sannhamp,7,4,0.571428571
Rajasthan,GANGANAGAR,2000,Whole Year,Sugarcane,2843,114068,40.12240591
Rajasthan,GANGANAGAR,2001,Kharif,Arhar/Tur,62,60,0.967741935
Rajasthan,GANGANAGAR,2001,Kharif,Bajra,8566,6378,0.744571562
Rajasthan,GANGANAGAR,2001,Kharif,Castor seed,37,18,0.486486486
Rajasthan,GANGANAGAR,2001,Kharif,Cotton(lint),228737,81176,0.354887928
Rajasthan,GANGANAGAR,2001,Kharif,Groundnut,736,597,0.811141304
Rajasthan,GANGANAGAR,2001,Kharif,Jowar,78,32,0.41025641
Rajasthan,GANGANAGAR,2001,Kharif,Maize,72,105,1.458333333
Rajasthan,GANGANAGAR,2001,Kharif,Moong(Green Gram),10979,1988,0.181072957
Rajasthan,GANGANAGAR,2001,Kharif,Moth,5550,1315,0.236936937
Rajasthan,GANGANAGAR,2001,Kharif,Other Kharif pulses,49,17,0.346938776
Rajasthan,GANGANAGAR,2001,Kharif,Rice,3512,7888,2.246013667
Rajasthan,GANGANAGAR,2001,Kharif,Sesamum,4654,1520,0.326600774
Rajasthan,GANGANAGAR,2001,Kharif,Urad,378,137,0.362433862
Rajasthan,GANGANAGAR,2001,Rabi,Barley,7028,11467,1.631616392
Rajasthan,GANGANAGAR,2001,Rabi,Gram,93292,55076,0.590361446
Rajasthan,GANGANAGAR,2001,Rabi,Masoor,30,28,0.933333333
Rajasthan,GANGANAGAR,2001,Rabi,Peas & beans (Pulses),111,222,2
Rajasthan,GANGANAGAR,2001,Rabi,Rapeseed &Mustard,230184,295139,1.282187294
Rajasthan,GANGANAGAR,2001,Rabi,Wheat,213808,614195,2.872647422
Rajasthan,GANGANAGAR,2001,Whole Year,Coriander,14,7,0.5
Rajasthan,GANGANAGAR,2001,Whole Year,Dry chillies,58,174,3
Rajasthan,GANGANAGAR,2001,Whole Year,Garlic,21,10,0.476190476
Rajasthan,GANGANAGAR,2001,Whole Year,Guar seed,145694,49998,0.343171304
Rajasthan,GANGANAGAR,2001,Whole Year,Onion,117,234,2
Rajasthan,GANGANAGAR,2001,Whole Year,Potato,302,6040,20
Rajasthan,GANGANAGAR,2001,Whole Year,Sannhamp,4,1,0.25
Rajasthan,GANGANAGAR,2001,Whole Year,Sugarcane,1863,101904,54.69887279
Rajasthan,GANGANAGAR,2002,Kharif,Arhar/Tur,60,55,0.916666667
Rajasthan,GANGANAGAR,2002,Kharif,Bajra,1535,343,0.223452769
Rajasthan,GANGANAGAR,2002,Kharif,Castor seed,56,48,0.857142857
Rajasthan,GANGANAGAR,2002,Kharif,Cotton(lint),177285,116800,0.658826184
Rajasthan,GANGANAGAR,2002,Kharif,Groundnut,2008,1996,0.994023904
Rajasthan,GANGANAGAR,2002,Kharif,Jowar,7,1,0.142857143
Rajasthan,GANGANAGAR,2002,Kharif,Maize,5,5,1
Rajasthan,GANGANAGAR,2002,Kharif,Moong(Green Gram),4551,1373,0.301691936
Rajasthan,GANGANAGAR,2002,Kharif,Moth,5858,257,0.043871629
Rajasthan,GANGANAGAR,2002,Kharif,Other Kharif pulses,10,1,0.1
Rajasthan,GANGANAGAR,2002,Kharif,Rice,2490,5222,2.097188755
Rajasthan,GANGANAGAR,2002,Kharif,Sesamum,789,47,0.059569075
Rajasthan,GANGANAGAR,2002,Kharif,Small millets,3,0.1,0.033333333
Rajasthan,GANGANAGAR,2002,Kharif,Soyabean,1,,
Rajasthan,GANGANAGAR,2002,Kharif,Urad,435,79,0.181609195
Rajasthan,GANGANAGAR,2002,Rabi,Barley,11615,18535,1.595781317
Rajasthan,GANGANAGAR,2002,Rabi,Gram,45908,23841,0.519321251
Rajasthan,GANGANAGAR,2002,Rabi,Linseed,5,4,0.8
Rajasthan,GANGANAGAR,2002,Rabi,Masoor,22,22,1
Rajasthan,GANGANAGAR,2002,Rabi,Peas & beans (Pulses),83,166,2
Rajasthan,GANGANAGAR,2002,Rabi,Rapeseed &Mustard,235133,256154,1.089400467
Rajasthan,GANGANAGAR,2002,Rabi,Wheat,154930,414538,2.675647066
Rajasthan,GANGANAGAR,2002,Whole Year,Citrus Fruit,2588,0,0
Rajasthan,GANGANAGAR,2002,Whole Year,Coriander,7,4,0.571428571
Rajasthan,GANGANAGAR,2002,Whole Year,Dry chillies,89,89,1
Rajasthan,GANGANAGAR,2002,Whole Year,Garlic,30,120,4
Rajasthan,GANGANAGAR,2002,Whole Year,Grapes,3,0,0
Rajasthan,GANGANAGAR,2002,Whole Year,Guar seed,37984,11328,0.298230834
Rajasthan,GANGANAGAR,2002,Whole Year,Mango,72,0,0
Rajasthan,GANGANAGAR,2002,Whole Year,Onion,180,3600,20
Rajasthan,GANGANAGAR,2002,Whole Year,Other Fresh Fruits,407,0,0
Rajasthan,GANGANAGAR,2002,Whole Year,Other Vegetables,2203,0,0
Rajasthan,GANGANAGAR,2002,Whole Year,Pome Fruit,42,0,0
Rajasthan,GANGANAGAR,2002,Whole Year,Potato,269,5380,20
Rajasthan,GANGANAGAR,2002,Whole Year,Sannhamp,1,,
Rajasthan,GANGANAGAR,2002,Whole Year,Sugarcane,2614,81923,31.34009181
Rajasthan,GANGANAGAR,2002,Whole Year,Turmeric,1,1,1
Rajasthan,GANGANAGAR,2003,Kharif,Arhar/Tur,66,66,1
Rajasthan,GANGANAGAR,2003,Kharif,Bajra,16165,18374,1.136653263
Rajasthan,GANGANAGAR,2003,Kharif,Castor seed,1952,1354,0.693647541
Rajasthan,GANGANAGAR,2003,Kharif,Cotton(lint),142029,262611,1.848995628
Rajasthan,GANGANAGAR,2003,Kharif,Groundnut,2250,2170,0.964444444
Rajasthan,GANGANAGAR,2003,Kharif,Jowar,113,81,0.716814159
Rajasthan,GANGANAGAR,2003,Kharif,Maize,54,101,1.87037037
Rajasthan,GANGANAGAR,2003,Kharif,Moong(Green Gram),10022,7316,0.729994013
Rajasthan,GANGANAGAR,2003,Kharif,Moth,15987,7316,0.457621818
Rajasthan,GANGANAGAR,2003,Kharif,Other Kharif pulses,3,1,0.333333333
Rajasthan,GANGANAGAR,2003,Kharif,Rice,3971,10259,2.583480232
Rajasthan,GANGANAGAR,2003,Kharif,Sesamum,1531,693,0.45264533
Rajasthan,GANGANAGAR,2003,Kharif,Small millets,4,0,0
Rajasthan,GANGANAGAR,2003,Kharif,Soyabean,3,4,1.333333333
Rajasthan,GANGANAGAR,2003,Kharif,Sunflower,2,,
Rajasthan,GANGANAGAR,2003,Kharif,Urad,609,318,0.522167488
Rajasthan,GANGANAGAR,2003,Rabi,Barley,9958,17636,1.771038361
Rajasthan,GANGANAGAR,2003,Rabi,Gram,96478,53973,0.559433239
Rajasthan,GANGANAGAR,2003,Rabi,Masoor,17,21,1.235294118
Rajasthan,GANGANAGAR,2003,Rabi,Other  Rabi pulses,3,3,1
Rajasthan,GANGANAGAR,2003,Rabi,Peas & beans (Pulses),133,931,7
Rajasthan,GANGANAGAR,2003,Rabi,Rapeseed &Mustard,259695,404003,1.555682628
Rajasthan,GANGANAGAR,2003,Rabi,Wheat,173534,481910,2.777035048
Rajasthan,GANGANAGAR,2003,Whole Year,Citrus Fruit,2527,0,0
Rajasthan,GANGANAGAR,2003,Whole Year,Coriander,11,14,1.272727273
Rajasthan,GANGANAGAR,2003,Whole Year,Dry chillies,78,78,1
Rajasthan,GANGANAGAR,2003,Whole Year,Garlic,29,3,0.103448276
Rajasthan,GANGANAGAR,2003,Whole Year,Grapes,2,0,0
Rajasthan,GANGANAGAR,2003,Whole Year,Guar seed,159514,,
Rajasthan,GANGANAGAR,2003,Whole Year,Mango,58,0,0
Rajasthan,GANGANAGAR,2003,Whole Year,Oilseeds total,25,0,0
Rajasthan,GANGANAGAR,2003,Whole Year,Onion,56,525,9.375
Rajasthan,GANGANAGAR,2003,Whole Year,Other Fresh Fruits,259,0,0
Rajasthan,GANGANAGAR,2003,Whole Year,other oilseeds,39,41,1.051282051
Rajasthan,GANGANAGAR,2003,Whole Year,Other Vegetables,2495,0,0
Rajasthan,GANGANAGAR,2003,Whole Year,Pome Fruit,72,0,0
Rajasthan,GANGANAGAR,2003,Whole Year,Potato,140,944,6.742857143
Rajasthan,GANGANAGAR,2003,Whole Year,Sannhamp,2,1,0.5
Rajasthan,GANGANAGAR,2003,Whole Year,Sugarcane,2125,143424,67.49364706
Rajasthan,GANGANAGAR,2003,Whole Year,Sweet potato,1,4,4
Rajasthan,GANGANAGAR,2004,Kharif,Arhar/Tur,7,2,0.285714286
Rajasthan,GANGANAGAR,2004,Kharif,Bajra,4472,2935,0.656305903
Rajasthan,GANGANAGAR,2004,Kharif,Castor seed,862,1590,1.844547564
Rajasthan,GANGANAGAR,2004,Kharif,Cotton(lint),153670,202782,1.319593935
Rajasthan,GANGANAGAR,2004,Kharif,Groundnut,2215,4049,1.827990971
Rajasthan,GANGANAGAR,2004,Kharif,Jowar,25,12,0.48
Rajasthan,GANGANAGAR,2004,Kharif,Maize,26,31,1.192307692
Rajasthan,GANGANAGAR,2004,Kharif,Moong(Green Gram),1623,659,0.406038201
Rajasthan,GANGANAGAR,2004,Kharif,Moth,1528,373,0.244109948
Rajasthan,GANGANAGAR,2004,Kharif,Rice,2383,5741,2.409148133
Rajasthan,GANGANAGAR,2004,Kharif,Sesamum,1234,411,0.333063209
Rajasthan,GANGANAGAR,2004,Kharif,Sunflower,5,2,0.4
Rajasthan,GANGANAGAR,2004,Kharif,Urad,332,120,0.361445783
Rajasthan,GANGANAGAR,2004,Rabi,Barley,11473,24371,2.124204654
Rajasthan,GANGANAGAR,2004,Rabi,Gram,60433,37298,0.617179356
Rajasthan,GANGANAGAR,2004,Rabi,Linseed,470,349,0.742553191
Rajasthan,GANGANAGAR,2004,Rabi,Masoor,8,8,1
Rajasthan,GANGANAGAR,2004,Rabi,Other  Rabi pulses,41,931,22.70731707
Rajasthan,GANGANAGAR,2004,Rabi,Rapeseed &Mustard,390577,382987,0.980567212
Rajasthan,GANGANAGAR,2004,Rabi,Wheat,149237,474366,3.178608522
Rajasthan,GANGANAGAR,2004,Whole Year,Coriander,6,7,1.166666667
Rajasthan,GANGANAGAR,2004,Whole Year,Dry chillies,60,1,0.016666667
Rajasthan,GANGANAGAR,2004,Whole Year,Garlic,6,4,0.666666667
Rajasthan,GANGANAGAR,2004,Whole Year,Guar seed,65234,21414,0.328264402
Rajasthan,GANGANAGAR,2004,Whole Year,Onion,72,675,9.375
Rajasthan,GANGANAGAR,2004,Whole Year,Potato,156,27,0.173076923
Rajasthan,GANGANAGAR,2004,Whole Year,Sannhamp,2,1,0.5
Rajasthan,GANGANAGAR,2004,Whole Year,Sugarcane,2112,79184,37.49242424
Rajasthan,GANGANAGAR,2004,Whole Year,Sweet potato,1,,
Rajasthan,GANGANAGAR,2005,Kharif,Arhar/Tur,14,35,2.5
Rajasthan,GANGANAGAR,2005,Kharif,Bajra,3802,1651,0.434245134
Rajasthan,GANGANAGAR,2005,Kharif,Castor seed,2481,468,0.188633615
Rajasthan,GANGANAGAR,2005,Kharif,Cotton(lint),196235,312435,1.59214717
Rajasthan,GANGANAGAR,2005,Kharif,Groundnut,3050,3826,1.25442623
Rajasthan,GANGANAGAR,2005,Kharif,Jowar,108,31,0.287037037
Rajasthan,GANGANAGAR,2005,Kharif,Maize,20,22,1.1
Rajasthan,GANGANAGAR,2005,Kharif,Moong(Green Gram),1874,836,0.446104589
Rajasthan,GANGANAGAR,2005,Kharif,Moth,1161,209,0.180017227
Rajasthan,GANGANAGAR,2005,Kharif,Other Kharif pulses,1,,
Rajasthan,GANGANAGAR,2005,Kharif,Rice,2897,4681,1.615809458
Rajasthan,GANGANAGAR,2005,Kharif,Sesamum,705,105,0.14893617
Rajasthan,GANGANAGAR,2005,Kharif,Urad,585,144,0.246153846
Rajasthan,GANGANAGAR,2005,Rabi,Barley,14349,35377,2.465467977
Rajasthan,GANGANAGAR,2005,Rabi,Gram,67326,33373,0.4956926
Rajasthan,GANGANAGAR,2005,Rabi,Masoor,11,10,0.909090909
Rajasthan,GANGANAGAR,2005,Rabi,Peas & beans (Pulses),88,880,10
Rajasthan,GANGANAGAR,2005,Rabi,Rapeseed &Mustard,297139,427207,1.437734528
Rajasthan,GANGANAGAR,2005,Rabi,Wheat,191727,601031,3.134827124
Rajasthan,GANGANAGAR,2005,Whole Year,Coriander,24,25,1.041666667
Rajasthan,GANGANAGAR,2005,Whole Year,Dry chillies,35,35,1
Rajasthan,GANGANAGAR,2005,Whole Year,Garlic,6,12,2
Rajasthan,GANGANAGAR,2005,Whole Year,Guar seed,59294,40605,0.684807906
Rajasthan,GANGANAGAR,2005,Whole Year,Onion,94,224,2.382978723
Rajasthan,GANGANAGAR,2005,Whole Year,Potato,307,812,2.64495114
Rajasthan,GANGANAGAR,2005,Whole Year,Sannhamp,2,,
Rajasthan,GANGANAGAR,2005,Whole Year,Sugarcane,1858,108881,58.60118407
Rajasthan,GANGANAGAR,2006,Kharif,Arhar/Tur,17,42,2.470588235
Rajasthan,GANGANAGAR,2006,Kharif,Bajra,13485,20075,1.488691138
Rajasthan,GANGANAGAR,2006,Kharif,Castor seed,1436,1922,1.338440111
Rajasthan,GANGANAGAR,2006,Kharif,Cotton(lint),140088,47909,0.341992176
Rajasthan,GANGANAGAR,2006,Kharif,Groundnut,1947,2625,1.348228043
Rajasthan,GANGANAGAR,2006,Kharif,Jowar,29,16,0.551724138
Rajasthan,GANGANAGAR,2006,Kharif,Maize,19,21,1.105263158
Rajasthan,GANGANAGAR,2006,Kharif,Moong(Green Gram),9358,6299,0.673113913
Rajasthan,GANGANAGAR,2006,Kharif,Moth,1577,616,0.390615092
Rajasthan,GANGANAGAR,2006,Kharif,Other Kharif pulses,4,2,0.5
Rajasthan,GANGANAGAR,2006,Kharif,Rice,2779,8825,3.175602735
Rajasthan,GANGANAGAR,2006,Kharif,Sesamum,1184,384,0.324324324
Rajasthan,GANGANAGAR,2006,Kharif,Urad,706,206,0.291784703
Rajasthan,GANGANAGAR,2006,Rabi,Barley,23435,69236,2.954384468
Rajasthan,GANGANAGAR,2006,Rabi,Gram,75982,64989,0.855320997
Rajasthan,GANGANAGAR,2006,Rabi,Linseed,22,17,0.772727273
Rajasthan,GANGANAGAR,2006,Rabi,Masoor,14,13,0.928571429
Rajasthan,GANGANAGAR,2006,Rabi,Peas & beans (Pulses),85,680,8
Rajasthan,GANGANAGAR,2006,Rabi,Rapeseed &Mustard,298668,407458,1.364250606
Rajasthan,GANGANAGAR,2006,Rabi,Wheat,192667,686227,3.561725672
Rajasthan,GANGANAGAR,2006,Whole Year,Coriander,4,5,1.25
Rajasthan,GANGANAGAR,2006,Whole Year,Dry chillies,35,35,1
Rajasthan,GANGANAGAR,2006,Whole Year,Garlic,17,218,12.82352941
Rajasthan,GANGANAGAR,2006,Whole Year,Guar seed,120301,96959,0.805970025
Rajasthan,GANGANAGAR,2006,Whole Year,Onion,28,336,12
Rajasthan,GANGANAGAR,2006,Whole Year,Potato,275,8182,29.75272727
Rajasthan,GANGANAGAR,2006,Whole Year,Sannhamp,6,,
Rajasthan,GANGANAGAR,2006,Whole Year,Sugarcane,2651,166962,62.98076198
Rajasthan,GANGANAGAR,2007,Kharif,Arhar/Tur,42,99,2.357142857
Rajasthan,GANGANAGAR,2007,Kharif,Bajra,10149,18739,1.846388807
Rajasthan,GANGANAGAR,2007,Kharif,Castor seed,346,434,1.25433526
Rajasthan,GANGANAGAR,2007,Kharif,Cotton(lint),150590,54067,0.359034464
Rajasthan,GANGANAGAR,2007,Kharif,Groundnut,2539,4630,1.82355258
Rajasthan,GANGANAGAR,2007,Kharif,Jowar,2,1,0.5
Rajasthan,GANGANAGAR,2007,Kharif,Maize,12,22,1.833333333
Rajasthan,GANGANAGAR,2007,Kharif,Moong(Green Gram),27077,19832,0.732429737
Rajasthan,GANGANAGAR,2007,Kharif,Moth,2300,1025,0.445652174
Rajasthan,GANGANAGAR,2007,Kharif,Rice,3581,13166,3.676626641
Rajasthan,GANGANAGAR,2007,Kharif,Sesamum,965,389,0.403108808
Rajasthan,GANGANAGAR,2007,Kharif,Urad,629,333,0.529411765
Rajasthan,GANGANAGAR,2007,Rabi,Barley,31401,91241,2.905671794
Rajasthan,GANGANAGAR,2007,Rabi,Gram,123016,94443,0.767729401
Rajasthan,GANGANAGAR,2007,Rabi,Masoor,4,3,0.75
Rajasthan,GANGANAGAR,2007,Rabi,other oilseeds,11683,2258,0.193272276
Rajasthan,GANGANAGAR,2007,Rabi,Peas & beans (Pulses),91,728,8
Rajasthan,GANGANAGAR,2007,Rabi,Rapeseed &Mustard,263838,150220,0.569364534
Rajasthan,GANGANAGAR,2007,Rabi,Sunflower,1,,
Rajasthan,GANGANAGAR,2007,Rabi,Wheat,202387,645520,3.189532925
Rajasthan,GANGANAGAR,2007,Whole Year,Coriander,7,5,0.714285714
Rajasthan,GANGANAGAR,2007,Whole Year,Dry chillies,58,58,1
Rajasthan,GANGANAGAR,2007,Whole Year,Garlic,48,501,10.4375
Rajasthan,GANGANAGAR,2007,Whole Year,Guar seed,180141,145425,0.807284294
Rajasthan,GANGANAGAR,2007,Whole Year,Onion,25,300,12
Rajasthan,GANGANAGAR,2007,Whole Year,Potato,500,6670,13.34
Rajasthan,GANGANAGAR,2007,Whole Year,Sugarcane,2675,159225,59.52336449
Rajasthan,GANGANAGAR,2008,Kharif,Arhar/Tur,232,497,2.142241379
Rajasthan,GANGANAGAR,2008,Kharif,Bajra,17998,30942,1.719191021
Rajasthan,GANGANAGAR,2008,Kharif,Castor seed,841,1163,1.382877527
Rajasthan,GANGANAGAR,2008,Kharif,Cotton(lint),94702,37928,0.400498406
Rajasthan,GANGANAGAR,2008,Kharif,Groundnut,3073,6801,2.213146762
Rajasthan,GANGANAGAR,2008,Kharif,Jowar,34,20,0.588235294
Rajasthan,GANGANAGAR,2008,Kharif,Maize,63,110,1.746031746
Rajasthan,GANGANAGAR,2008,Kharif,Moong(Green Gram),25591,17845,0.697315462
Rajasthan,GANGANAGAR,2008,Kharif,Moth,1759,853,0.484934622
Rajasthan,GANGANAGAR,2008,Kharif,Other Kharif pulses,17,9,0.529411765
Rajasthan,GANGANAGAR,2008,Kharif,Rice,6422,16143,2.513702896
Rajasthan,GANGANAGAR,2008,Kharif,Sesamum,6327,1851,0.292555714
Rajasthan,GANGANAGAR,2008,Kharif,Urad,508,150,0.295275591
Rajasthan,GANGANAGAR,2008,Rabi,Barley,58315,209838,3.598353768
Rajasthan,GANGANAGAR,2008,Rabi,Gram,121652,110500,0.908328675
Rajasthan,GANGANAGAR,2008,Rabi,Linseed,7,,
Rajasthan,GANGANAGAR,2008,Rabi,Masoor,7,6,0.857142857
Rajasthan,GANGANAGAR,2008,Rabi,other oilseeds,17449,7799,0.446959711
Rajasthan,GANGANAGAR,2008,Rabi,Peas & beans (Pulses),78,624,8
Rajasthan,GANGANAGAR,2008,Rabi,Rapeseed &Mustard,231071,368312,1.593934332
Rajasthan,GANGANAGAR,2008,Rabi,Wheat,213503,809140,3.789829651
Rajasthan,GANGANAGAR,2008,Whole Year,Coriander,12,13,1.083333333
Rajasthan,GANGANAGAR,2008,Whole Year,Dry chillies,49,48,0.979591837
Rajasthan,GANGANAGAR,2008,Whole Year,Garlic,28,29,1.035714286
Rajasthan,GANGANAGAR,2008,Whole Year,Guar seed,247294,196463,0.794451139
Rajasthan,GANGANAGAR,2008,Whole Year,Onion,29,580,20
Rajasthan,GANGANAGAR,2008,Whole Year,Potato,395,4565,11.55696203
Rajasthan,GANGANAGAR,2008,Whole Year,Sannhamp,2,,
Rajasthan,GANGANAGAR,2008,Whole Year,Sugarcane,1837,145878,79.41099619
Rajasthan,GANGANAGAR,2009,Kharif,Arhar/Tur,103,6,0.058252427
Rajasthan,GANGANAGAR,2009,Kharif,Bajra,4356,4497,1.032369146
Rajasthan,GANGANAGAR,2009,Kharif,Castor seed,965,674,0.698445596
Rajasthan,GANGANAGAR,2009,Kharif,Cotton(lint),163732,52042,0.31784868
Rajasthan,GANGANAGAR,2009,Kharif,Groundnut,5007,4192,0.837227881
Rajasthan,GANGANAGAR,2009,Kharif,Jowar,69,10,0.144927536
Rajasthan,GANGANAGAR,2009,Kharif,Maize,3,3,1
Rajasthan,GANGANAGAR,2009,Kharif,Moong(Green Gram),22503,7819,0.347464782
Rajasthan,GANGANAGAR,2009,Kharif,Moth,1812,560,0.309050773
Rajasthan,GANGANAGAR,2009,Kharif,Other Kharif pulses,7,1,0.142857143
Rajasthan,GANGANAGAR,2009,Kharif,Rice,8740,23388,2.67597254
Rajasthan,GANGANAGAR,2009,Kharif,Sesamum,3216,523,0.162624378
Rajasthan,GANGANAGAR,2009,Kharif,Urad,565,149,0.263716814
Rajasthan,GANGANAGAR,2009,Rabi,Barley,28078,71549,2.548222808
Rajasthan,GANGANAGAR,2009,Rabi,Gram,81279,55641,0.68456797
Rajasthan,GANGANAGAR,2009,Rabi,Linseed,90,135,1.5
Rajasthan,GANGANAGAR,2009,Rabi,Masoor,11,10,0.909090909
Rajasthan,GANGANAGAR,2009,Rabi,Other  Rabi pulses,77,154,2
Rajasthan,GANGANAGAR,2009,Rabi,other oilseeds,11616,3113,0.267992424
Rajasthan,GANGANAGAR,2009,Rabi,Rapeseed &Mustard,212656,313417,1.473821571
Rajasthan,GANGANAGAR,2009,Rabi,Small millets,13,,
Rajasthan,GANGANAGAR,2009,Rabi,Wheat,202210,575623,2.846659413
Rajasthan,GANGANAGAR,2009,Whole Year,Coriander,6,4,0.666666667
Rajasthan,GANGANAGAR,2009,Whole Year,Dry chillies,85,70,0.823529412
Rajasthan,GANGANAGAR,2009,Whole Year,Garlic,70,730,10.42857143
Rajasthan,GANGANAGAR,2009,Whole Year,Guar seed,152243,11163,0.073323568
Rajasthan,GANGANAGAR,2009,Whole Year,Onion,75,3800,50.66666667
Rajasthan,GANGANAGAR,2009,Whole Year,Potato,252,9505,37.71825397
Rajasthan,GANGANAGAR,2009,Whole Year,Sannhamp,6,,
Rajasthan,GANGANAGAR,2009,Whole Year,Sugarcane,2338,160645,68.71043627
Rajasthan,GANGANAGAR,2010,Kharif,Arhar/Tur,409,25,0.061124694
Rajasthan,GANGANAGAR,2010,Kharif,Bajra,18038,19993,1.108382304
Rajasthan,GANGANAGAR,2010,Kharif,Castor seed,1694,1172,0.691853601
Rajasthan,GANGANAGAR,2010,Kharif,Cotton(lint),97362,39232,0.402949816
Rajasthan,GANGANAGAR,2010,Kharif,Groundnut,3743,6347,1.695698637
Rajasthan,GANGANAGAR,2010,Kharif,Maize,32,58,1.8125
Rajasthan,GANGANAGAR,2010,Kharif,Moong(Green Gram),52070,35065,0.673420396
Rajasthan,GANGANAGAR,2010,Kharif,Moth,4662,2267,0.486271986
Rajasthan,GANGANAGAR,2010,Kharif,Other Kharif pulses,3,2,0.666666667
Rajasthan,GANGANAGAR,2010,Kharif,Rice,8026,20046,2.497632694
Rajasthan,GANGANAGAR,2010,Kharif,Sesamum,2039,831,0.407552722
Rajasthan,GANGANAGAR,2010,Kharif,Urad,438,323,0.737442922
Rajasthan,GANGANAGAR,2010,Rabi,Barley,19316,79427,4.111979706
Rajasthan,GANGANAGAR,2010,Rabi,Gram,103991,98854,0.950601494
Rajasthan,GANGANAGAR,2010,Rabi,Masoor,6,5,0.833333333
Rajasthan,GANGANAGAR,2010,Rabi,Other  Rabi pulses,77,154,2
Rajasthan,GANGANAGAR,2010,Rabi,other oilseeds,12916,5736,0.444100341
Rajasthan,GANGANAGAR,2010,Rabi,Rapeseed &Mustard,281408,565310,2.008862577
Rajasthan,GANGANAGAR,2010,Rabi,Wheat,236076,1049386,4.445119368
Rajasthan,GANGANAGAR,2010,Whole Year,Coriander,6,7,1.166666667
Rajasthan,GANGANAGAR,2010,Whole Year,Dry chillies,57,50,0.877192982
Rajasthan,GANGANAGAR,2010,Whole Year,Garlic,110,1148,10.43636364
Rajasthan,GANGANAGAR,2010,Whole Year,Guar seed,182192,163816,0.899139369
Rajasthan,GANGANAGAR,2010,Whole Year,Onion,55,1152,20.94545455
Rajasthan,GANGANAGAR,2010,Whole Year,Potato,331,6516,19.6858006
Rajasthan,GANGANAGAR,2010,Whole Year,Sannhamp,1,1,1
Rajasthan,GANGANAGAR,2010,Whole Year,Sugarcane,2500,172481,68.9924
Rajasthan,HANUMANGARH,1997,Kharif,Bajra,68300,44600,0.653001464
Rajasthan,HANUMANGARH,1997,Kharif,Castor seed,200,100,0.5
Rajasthan,HANUMANGARH,1997,Kharif,Cotton(lint),215000,268235,1.247604651
Rajasthan,HANUMANGARH,1997,Kharif,Groundnut,500,600,1.2
Rajasthan,HANUMANGARH,1997,Kharif,Jowar,500,300,0.6
Rajasthan,HANUMANGARH,1997,Kharif,Onion,100,200,2
Rajasthan,HANUMANGARH,1997,Kharif,Rice,22600,34700,1.53539823
Rajasthan,HANUMANGARH,1997,Kharif,Sesamum,1300,300,0.230769231
Rajasthan,HANUMANGARH,1997,Kharif,Sugarcane,200,11000,55
Rajasthan,HANUMANGARH,1997,Rabi,Barley,14800,26400,1.783783784
Rajasthan,HANUMANGARH,1997,Rabi,Gram,367100,263300,0.717243258
Rajasthan,HANUMANGARH,1997,Rabi,Rapeseed &Mustard,89500,82000,0.916201117
Rajasthan,HANUMANGARH,1997,Rabi,Wheat,204000,581500,2.850490196
Rajasthan,HANUMANGARH,1997,Whole Year,Potato,100,400,4
Rajasthan,HANUMANGARH,1998,Kharif,Arhar/Tur,15,20,1.333333333
Rajasthan,HANUMANGARH,1998,Kharif,Bajra,54432,35797,0.657646238
Rajasthan,HANUMANGARH,1998,Kharif,Castor seed,11,14,1.272727273
Rajasthan,HANUMANGARH,1998,Kharif,Cotton(lint),201201,42386,0.210664957
Rajasthan,HANUMANGARH,1998,Kharif,Groundnut,325,355,1.092307692
Rajasthan,HANUMANGARH,1998,Kharif,Jowar,14,4,0.285714286
Rajasthan,HANUMANGARH,1998,Kharif,Maize,6,7,1.166666667
Rajasthan,HANUMANGARH,1998,Kharif,Moong(Green Gram),6270,650,0.103668262
Rajasthan,HANUMANGARH,1998,Kharif,Moth,17641,5974,0.338642934
Rajasthan,HANUMANGARH,1998,Kharif,Other Kharif pulses,13,3,0.230769231
Rajasthan,HANUMANGARH,1998,Kharif,Rice,31214,59881,1.918401999
Rajasthan,HANUMANGARH,1998,Kharif,Sannhamp,11,6,0.545454545
Rajasthan,HANUMANGARH,1998,Kharif,Sesamum,1221,90,0.073710074
Rajasthan,HANUMANGARH,1998,Kharif,Soyabean,4,5,1.25
Rajasthan,HANUMANGARH,1998,Kharif,Urad,15,5,0.333333333
Rajasthan,HANUMANGARH,1998,Rabi,Barley,10066,16173,1.606695808
Rajasthan,HANUMANGARH,1998,Rabi,Gram,419425,306345,0.7303928
Rajasthan,HANUMANGARH,1998,Rabi,Masoor,1,1,1
Rajasthan,HANUMANGARH,1998,Rabi,Peas & beans (Pulses),104,104,1
Rajasthan,HANUMANGARH,1998,Rabi,Rapeseed &Mustard,78573,67899,0.864151808
Rajasthan,HANUMANGARH,1998,Rabi,Sunflower,23,6,0.260869565
Rajasthan,HANUMANGARH,1998,Rabi,Wheat,211421,567162,2.68261904
Rajasthan,HANUMANGARH,1998,Whole Year,Coriander,1,1,1
Rajasthan,HANUMANGARH,1998,Whole Year,Dry chillies,18,18,1
Rajasthan,HANUMANGARH,1998,Whole Year,Garlic,4,1,0.25
Rajasthan,HANUMANGARH,1998,Whole Year,Onion,30,60,2
Rajasthan,HANUMANGARH,1998,Whole Year,Potato,74,316,4.27027027
Rajasthan,HANUMANGARH,1998,Whole Year,Sugarcane,161,7691,47.77018634
Rajasthan,HANUMANGARH,1999,Kharif,Arhar/Tur,11,6,0.545454545
Rajasthan,HANUMANGARH,1999,Kharif,Bajra,53879,16150,0.299745727
Rajasthan,HANUMANGARH,1999,Kharif,Castor seed,28,17,0.607142857
Rajasthan,HANUMANGARH,1999,Kharif,Cotton(lint),173551,54958,0.316667723
Rajasthan,HANUMANGARH,1999,Kharif,Groundnut,440,425,0.965909091
Rajasthan,HANUMANGARH,1999,Kharif,Jowar,19,6,0.315789474
Rajasthan,HANUMANGARH,1999,Kharif,Maize,4,4,1
Rajasthan,HANUMANGARH,1999,Kharif,Moong(Green Gram),3335,331,0.099250375
Rajasthan,HANUMANGARH,1999,Kharif,Moth,15309,645,0.042132079
Rajasthan,HANUMANGARH,1999,Kharif,Other Kharif pulses,6,1,0.166666667
Rajasthan,HANUMANGARH,1999,Kharif,Rice,37006,91185,2.464059882
Rajasthan,HANUMANGARH,1999,Kharif,Sesamum,5214,384,0.073647871
Rajasthan,HANUMANGARH,1999,Kharif,Soyabean,16,20,1.25
Rajasthan,HANUMANGARH,1999,Kharif,Urad,48,14,0.291666667
Rajasthan,HANUMANGARH,1999,Rabi,Barley,9549,21916,2.295109436
Rajasthan,HANUMANGARH,1999,Rabi,Gram,114049,16582,0.145393647
Rajasthan,HANUMANGARH,1999,Rabi,Masoor,2,1,0.5
Rajasthan,HANUMANGARH,1999,Rabi,Peas & beans (Pulses),60,120,2
Rajasthan,HANUMANGARH,1999,Rabi,Rapeseed &Mustard,61861,44569,0.720470086
Rajasthan,HANUMANGARH,1999,Rabi,Wheat,218458,764163,3.497985883
Rajasthan,HANUMANGARH,1999,Whole Year,Dry chillies,19,19,1
Rajasthan,HANUMANGARH,1999,Whole Year,Garlic,8,7,0.875
Rajasthan,HANUMANGARH,1999,Whole Year,Guar seed,159060,23275,0.14632843
Rajasthan,HANUMANGARH,1999,Whole Year,Onion,54,216,4
Rajasthan,HANUMANGARH,1999,Whole Year,Potato,77,742,9.636363636
Rajasthan,HANUMANGARH,1999,Whole Year,Sannhamp,11,5,0.454545455
Rajasthan,HANUMANGARH,1999,Whole Year,Sugarcane,139,5675,40.82733813
Rajasthan,HANUMANGARH,1999,Whole Year,Sweet potato,1,,
Rajasthan,HANUMANGARH,1999,Whole Year,Tapioca,2,2,1
Rajasthan,HANUMANGARH,2000,Kharif,Arhar/Tur,6,3,0.5
Rajasthan,HANUMANGARH,2000,Kharif,Bajra,51854,8453,0.163015389
Rajasthan,HANUMANGARH,2000,Kharif,Castor seed,29,15,0.517241379
Rajasthan,HANUMANGARH,2000,Kharif,Cotton(lint),165145,294347,1.7823549
Rajasthan,HANUMANGARH,2000,Kharif,Groundnut,79,73,0.924050633
Rajasthan,HANUMANGARH,2000,Kharif,Jowar,9,2,0.222222222
Rajasthan,HANUMANGARH,2000,Kharif,Maize,2,2,1
Rajasthan,HANUMANGARH,2000,Kharif,Moong(Green Gram),1529,265,0.173315893
Rajasthan,HANUMANGARH,2000,Kharif,Moth,17576,2053,0.11680701
Rajasthan,HANUMANGARH,2000,Kharif,Other Kharif pulses,2,1,0.5
Rajasthan,HANUMANGARH,2000,Kharif,Rice,33537,86021,2.564958106
Rajasthan,HANUMANGARH,2000,Kharif,Sesamum,2668,2097,0.785982009
Rajasthan,HANUMANGARH,2000,Kharif,Urad,155,46,0.296774194
Rajasthan,HANUMANGARH,2000,Rabi,Barley,15801,24024,1.520410101
Rajasthan,HANUMANGARH,2000,Rabi,Gram,77358,12206,0.157785879
Rajasthan,HANUMANGARH,2000,Rabi,Masoor,2,,
Rajasthan,HANUMANGARH,2000,Rabi,Peas & beans (Pulses),93,186,2
Rajasthan,HANUMANGARH,2000,Rabi,Rapeseed &Mustard,45286,49492,1.092876386
Rajasthan,HANUMANGARH,2000,Rabi,Wheat,202958,519657,2.560416441
Rajasthan,HANUMANGARH,2000,Whole Year,Dry chillies,12,12,1
Rajasthan,HANUMANGARH,2000,Whole Year,Garlic,16,8,0.5
Rajasthan,HANUMANGARH,2000,Whole Year,Guar seed,247525,88106,0.355947884
Rajasthan,HANUMANGARH,2000,Whole Year,Onion,19,76,4
Rajasthan,HANUMANGARH,2000,Whole Year,Potato,29,110,3.793103448
Rajasthan,HANUMANGARH,2000,Whole Year,Sannhamp,45,22,0.488888889
Rajasthan,HANUMANGARH,2000,Whole Year,Sugarcane,64,2665,41.640625
Rajasthan,HANUMANGARH,2000,Whole Year,Sweet potato,1,1,1
Rajasthan,HANUMANGARH,2001,Kharif,Arhar/Tur,38,35,0.921052632
Rajasthan,HANUMANGARH,2001,Kharif,Bajra,96464,74769,0.775097446
Rajasthan,HANUMANGARH,2001,Kharif,Castor seed,53,39,0.735849057
Rajasthan,HANUMANGARH,2001,Kharif,Cotton(lint),179476,62288,0.347054759
Rajasthan,HANUMANGARH,2001,Kharif,Groundnut,146,179,1.226027397
Rajasthan,HANUMANGARH,2001,Kharif,Jowar,148,61,0.412162162
Rajasthan,HANUMANGARH,2001,Kharif,Maize,1,1,1
Rajasthan,HANUMANGARH,2001,Kharif,Moong(Green Gram),6877,2029,0.295041442
Rajasthan,HANUMANGARH,2001,Kharif,Moth,47599,19540,0.410512826
Rajasthan,HANUMANGARH,2001,Kharif,Other Kharif pulses,6,2,0.333333333
Rajasthan,HANUMANGARH,2001,Kharif,Rice,28345,86387,3.047698007
Rajasthan,HANUMANGARH,2001,Kharif,Sesamum,7248,4315,0.595336645
Rajasthan,HANUMANGARH,2001,Kharif,Urad,125,45,0.36
Rajasthan,HANUMANGARH,2001,Rabi,Barley,6974,16529,2.370088902
Rajasthan,HANUMANGARH,2001,Rabi,Gram,175618,67043,0.381754718
Rajasthan,HANUMANGARH,2001,Rabi,Masoor,3,1,0.333333333
Rajasthan,HANUMANGARH,2001,Rabi,Peas & beans (Pulses),44,88,2
Rajasthan,HANUMANGARH,2001,Rabi,Rapeseed &Mustard,72393,87852,1.213542746
Rajasthan,HANUMANGARH,2001,Rabi,Wheat,203752,639796,3.140072245
Rajasthan,HANUMANGARH,2001,Whole Year,Dry chillies,5,5,1
Rajasthan,HANUMANGARH,2001,Whole Year,Garlic,7,3,0.428571429
Rajasthan,HANUMANGARH,2001,Whole Year,Guar seed,233810,82495,0.35282922
Rajasthan,HANUMANGARH,2001,Whole Year,Onion,59,236,4
Rajasthan,HANUMANGARH,2001,Whole Year,Potato,85,322,3.788235294
Rajasthan,HANUMANGARH,2001,Whole Year,Sannhamp,4,2,0.5
Rajasthan,HANUMANGARH,2001,Whole Year,Sugarcane,36,1717,47.69444444
Rajasthan,HANUMANGARH,2001,Whole Year,Sweet potato,1,1,1
Rajasthan,HANUMANGARH,2002,Kharif,Arhar/Tur,22,3,0.136363636
Rajasthan,HANUMANGARH,2002,Kharif,Bajra,59705,4516,0.075638556
Rajasthan,HANUMANGARH,2002,Kharif,Castor seed,320,121,0.378125
Rajasthan,HANUMANGARH,2002,Kharif,Cotton(lint),118202,46353,0.392150725
Rajasthan,HANUMANGARH,2002,Kharif,Groundnut,2580,1772,0.686821705
Rajasthan,HANUMANGARH,2002,Kharif,Jowar,21,3,0.142857143
Rajasthan,HANUMANGARH,2002,Kharif,Maize,8,7,0.875
Rajasthan,HANUMANGARH,2002,Kharif,Moong(Green Gram),6337,1757,0.277260533
Rajasthan,HANUMANGARH,2002,Kharif,Moth,23273,3739,0.160658274
Rajasthan,HANUMANGARH,2002,Kharif,Rice,22232,38653,1.738620007
Rajasthan,HANUMANGARH,2002,Kharif,Sesamum,7870,776,0.098602287
Rajasthan,HANUMANGARH,2002,Kharif,Sunflower,5,2,0.4
Rajasthan,HANUMANGARH,2002,Kharif,Urad,82,15,0.182926829
Rajasthan,HANUMANGARH,2002,Rabi,Barley,15713,36191,2.303252084
Rajasthan,HANUMANGARH,2002,Rabi,Gram,52119,11488,0.220418657
Rajasthan,HANUMANGARH,2002,Rabi,Masoor,1,1,1
Rajasthan,HANUMANGARH,2002,Rabi,Peas & beans (Pulses),62,62,1
Rajasthan,HANUMANGARH,2002,Rabi,Rapeseed &Mustard,323388,199485,0.616859624
Rajasthan,HANUMANGARH,2002,Rabi,Wheat,167298,523366,3.128345826
Rajasthan,HANUMANGARH,2002,Whole Year,Citrus Fruit,275,0,0
Rajasthan,HANUMANGARH,2002,Whole Year,Dry chillies,6,2,0.333333333
Rajasthan,HANUMANGARH,2002,Whole Year,Garlic,25,18,0.72
Rajasthan,HANUMANGARH,2002,Whole Year,Grapes,6,0,0
Rajasthan,HANUMANGARH,2002,Whole Year,Guar seed,78845,3717,0.047143129
Rajasthan,HANUMANGARH,2002,Whole Year,Onion,64,10,0.15625
Rajasthan,HANUMANGARH,2002,Whole Year,Other Fresh Fruits,161,0,0
Rajasthan,HANUMANGARH,2002,Whole Year,Other Vegetables,922,0,0
Rajasthan,HANUMANGARH,2002,Whole Year,Pome Fruit,8,0,0
Rajasthan,HANUMANGARH,2002,Whole Year,Potato,66,654,9.909090909
Rajasthan,HANUMANGARH,2002,Whole Year,Sannhamp,3,,
Rajasthan,HANUMANGARH,2002,Whole Year,Sugarcane,139,5870,42.23021583
Rajasthan,HANUMANGARH,2003,Kharif,Arhar/Tur,28,24,0.857142857
Rajasthan,HANUMANGARH,2003,Kharif,Bajra,116152,109912,0.946277292
Rajasthan,HANUMANGARH,2003,Kharif,Castor seed,5529,7011,1.268041237
Rajasthan,HANUMANGARH,2003,Kharif,Cotton(lint),117060,265564,2.268614386
Rajasthan,HANUMANGARH,2003,Kharif,Groundnut,1274,1994,1.565149137
Rajasthan,HANUMANGARH,2003,Kharif,Jowar,51,36,0.705882353
Rajasthan,HANUMANGARH,2003,Kharif,Maize,14,26,1.857142857
Rajasthan,HANUMANGARH,2003,Kharif,Moong(Green Gram),12668,8186,0.646195137
Rajasthan,HANUMANGARH,2003,Kharif,Moth,74418,40254,0.54091752
Rajasthan,HANUMANGARH,2003,Kharif,Other Kharif pulses,2,1,0.5
Rajasthan,HANUMANGARH,2003,Kharif,Rice,20869,67043,3.21256409
Rajasthan,HANUMANGARH,2003,Kharif,Sesamum,2892,1581,0.546680498
Rajasthan,HANUMANGARH,2003,Kharif,Urad,40,21,0.525
Rajasthan,HANUMANGARH,2003,Rabi,Barley,9457,19151,2.025060802
Rajasthan,HANUMANGARH,2003,Rabi,Gram,232135,59228,0.255144636
Rajasthan,HANUMANGARH,2003,Rabi,Peas & beans (Pulses),10,20,2
Rajasthan,HANUMANGARH,2003,Rabi,Rapeseed &Mustard,108955,104539,0.959469506
Rajasthan,HANUMANGARH,2003,Rabi,Wheat,178519,453304,2.539247923
Rajasthan,HANUMANGARH,2003,Whole Year,Citrus Fruit,334,0,0
Rajasthan,HANUMANGARH,2003,Whole Year,Dry chillies,11,5,0.454545455
Rajasthan,HANUMANGARH,2003,Whole Year,Garlic,16,0,0
Rajasthan,HANUMANGARH,2003,Whole Year,Grapes,4,0,0
Rajasthan,HANUMANGARH,2003,Whole Year,Guar seed,244003,,
Rajasthan,HANUMANGARH,2003,Whole Year,Oilseeds total,436,0,0
Rajasthan,HANUMANGARH,2003,Whole Year,Onion,81,35,0.432098765
Rajasthan,HANUMANGARH,2003,Whole Year,Other Fresh Fruits,27,0,0
Rajasthan,HANUMANGARH,2003,Whole Year,other oilseeds,92,102,1.108695652
Rajasthan,HANUMANGARH,2003,Whole Year,Other Vegetables,604,0,0
Rajasthan,HANUMANGARH,2003,Whole Year,Pome Fruit,9,0,0
Rajasthan,HANUMANGARH,2003,Whole Year,Potato,94,940,10
Rajasthan,HANUMANGARH,2003,Whole Year,Sannhamp,4,6,1.5
Rajasthan,HANUMANGARH,2003,Whole Year,Sugarcane,40,2136,53.4
Rajasthan,HANUMANGARH,2004,Kharif,Arhar/Tur,24,6,0.25
Rajasthan,HANUMANGARH,2004,Kharif,Bajra,69221,33473,0.483567126
Rajasthan,HANUMANGARH,2004,Kharif,Castor seed,10354,8160,0.788101217
Rajasthan,HANUMANGARH,2004,Kharif,Cotton(lint),158081,341270,2.158829967
Rajasthan,HANUMANGARH,2004,Kharif,Groundnut,449,696,1.550111359
Rajasthan,HANUMANGARH,2004,Kharif,Jowar,57,26,0.456140351
Rajasthan,HANUMANGARH,2004,Kharif,Moong(Green Gram),6497,1538,0.236724642
Rajasthan,HANUMANGARH,2004,Kharif,Moth,40680,5784,0.142182891
Rajasthan,HANUMANGARH,2004,Kharif,Other Kharif pulses,21,,
Rajasthan,HANUMANGARH,2004,Kharif,Rice,17590,64671,3.676577601
Rajasthan,HANUMANGARH,2004,Kharif,Sesamum,6201,2811,0.453313982
Rajasthan,HANUMANGARH,2004,Kharif,Urad,57,21,0.368421053
Rajasthan,HANUMANGARH,2004,Rabi,Barley,8906,20705,2.324837188
Rajasthan,HANUMANGARH,2004,Rabi,Gram,76635,43767,0.571109806
Rajasthan,HANUMANGARH,2004,Rabi,Masoor,1,1,1
Rajasthan,HANUMANGARH,2004,Rabi,Other  Rabi pulses,20,20,1
Rajasthan,HANUMANGARH,2004,Rabi,Rapeseed &Mustard,333394,199241,0.597614234
Rajasthan,HANUMANGARH,2004,Rabi,Wheat,157654,526746,3.341152143
Rajasthan,HANUMANGARH,2004,Whole Year,Coriander,1,1,1
Rajasthan,HANUMANGARH,2004,Whole Year,Dry chillies,15,10,0.666666667
Rajasthan,HANUMANGARH,2004,Whole Year,Garlic,1,1,1
Rajasthan,HANUMANGARH,2004,Whole Year,Guar seed,166037,24302,0.146364967
Rajasthan,HANUMANGARH,2004,Whole Year,Onion,70,3,0.042857143
Rajasthan,HANUMANGARH,2004,Whole Year,Potato,61,1182,19.37704918
Rajasthan,HANUMANGARH,2004,Whole Year,Sannhamp,2,,
Rajasthan,HANUMANGARH,2004,Whole Year,Sugarcane,10,484,48.4
Rajasthan,HANUMANGARH,2005,Kharif,Arhar/Tur,3,2,0.666666667
Rajasthan,HANUMANGARH,2005,Kharif,Bajra,78773,74225,0.942264481
Rajasthan,HANUMANGARH,2005,Kharif,Castor seed,20029,35736,1.784212891
Rajasthan,HANUMANGARH,2005,Kharif,Cotton(lint),159425,367617,2.305893053
Rajasthan,HANUMANGARH,2005,Kharif,Groundnut,509,787,1.546168959
Rajasthan,HANUMANGARH,2005,Kharif,Jowar,1,,
Rajasthan,HANUMANGARH,2005,Kharif,Maize,6,7,1.166666667
Rajasthan,HANUMANGARH,2005,Kharif,Moong(Green Gram),7724,3904,0.505437597
Rajasthan,HANUMANGARH,2005,Kharif,Moth,30907,4981,0.161160902
Rajasthan,HANUMANGARH,2005,Kharif,Rice,16969,65501,3.860038894
Rajasthan,HANUMANGARH,2005,Kharif,Sesamum,6984,5231,0.748997709
Rajasthan,HANUMANGARH,2005,Kharif,Urad,112,28,0.25
Rajasthan,HANUMANGARH,2005,Rabi,Barley,12600,29294,2.324920635
Rajasthan,HANUMANGARH,2005,Rabi,Gram,188284,47881,0.254302012
Rajasthan,HANUMANGARH,2005,Rabi,Masoor,1,1,1
Rajasthan,HANUMANGARH,2005,Rabi,Peas & beans (Pulses),17,17,1
Rajasthan,HANUMANGARH,2005,Rabi,Rapeseed &Mustard,141967,154031,1.084977495
Rajasthan,HANUMANGARH,2005,Rabi,Wheat,175779,513169,2.919398791
Rajasthan,HANUMANGARH,2005,Whole Year,Coriander,3,3,1
Rajasthan,HANUMANGARH,2005,Whole Year,Dry chillies,75,36,0.48
Rajasthan,HANUMANGARH,2005,Whole Year,Garlic,1,2,2
Rajasthan,HANUMANGARH,2005,Whole Year,Guar seed,203742,147927,0.726050593
Rajasthan,HANUMANGARH,2005,Whole Year,Onion,27,,
Rajasthan,HANUMANGARH,2005,Whole Year,Potato,107,267,2.495327103
Rajasthan,HANUMANGARH,2005,Whole Year,Sannhamp,7,,
Rajasthan,HANUMANGARH,2005,Whole Year,Sugarcane,5,305,61
Rajasthan,HANUMANGARH,2006,Kharif,Arhar/Tur,60,24,0.4
Rajasthan,HANUMANGARH,2006,Kharif,Bajra,97266,88146,0.906236506
Rajasthan,HANUMANGARH,2006,Kharif,Castor seed,10974,15260,1.390559504
Rajasthan,HANUMANGARH,2006,Kharif,Cotton(lint),144445,56911,0.393997715
Rajasthan,HANUMANGARH,2006,Kharif,Groundnut,314,410,1.305732484
Rajasthan,HANUMANGARH,2006,Kharif,Jowar,6,3,0.5
Rajasthan,HANUMANGARH,2006,Kharif,Maize,10,11,1.1
Rajasthan,HANUMANGARH,2006,Kharif,Moong(Green Gram),10538,3814,0.36192826
Rajasthan,HANUMANGARH,2006,Kharif,Moth,30441,8291,0.272362932
Rajasthan,HANUMANGARH,2006,Kharif,Rice,15550,72134,4.638842444
Rajasthan,HANUMANGARH,2006,Kharif,Sesamum,9276,7492,0.807675722
Rajasthan,HANUMANGARH,2006,Kharif,Urad,105,31,0.295238095
Rajasthan,HANUMANGARH,2006,Rabi,Barley,19035,48322,2.538586814
Rajasthan,HANUMANGARH,2006,Rabi,Gram,149507,110681,0.740306474
Rajasthan,HANUMANGARH,2006,Rabi,Linseed,114,90,0.789473684
Rajasthan,HANUMANGARH,2006,Rabi,Masoor,1,1,1
Rajasthan,HANUMANGARH,2006,Rabi,Peas & beans (Pulses),46,43,0.934782609
Rajasthan,HANUMANGARH,2006,Rabi,Rapeseed &Mustard,139818,169122,1.209586748
Rajasthan,HANUMANGARH,2006,Rabi,Wheat,186411,633208,3.396838169
Rajasthan,HANUMANGARH,2006,Whole Year,Dry chillies,10,10,1
Rajasthan,HANUMANGARH,2006,Whole Year,Garlic,5,50,10
Rajasthan,HANUMANGARH,2006,Whole Year,Guar seed,287382,76256,0.265347169
Rajasthan,HANUMANGARH,2006,Whole Year,Onion,38,20,0.526315789
Rajasthan,HANUMANGARH,2006,Whole Year,Potato,130,1523,11.71538462
Rajasthan,HANUMANGARH,2006,Whole Year,Sannhamp,2,,
Rajasthan,HANUMANGARH,2006,Whole Year,Sugarcane,7,404,57.71428571
Rajasthan,HANUMANGARH,2007,Kharif,Arhar/Tur,4,4,1
Rajasthan,HANUMANGARH,2007,Kharif,Bajra,86567,136158,1.572862638
Rajasthan,HANUMANGARH,2007,Kharif,Castor seed,6225,12496,2.007389558
Rajasthan,HANUMANGARH,2007,Kharif,Cotton(lint),156714,67810,0.432699057
Rajasthan,HANUMANGARH,2007,Kharif,Groundnut,729,1257,1.724279835
Rajasthan,HANUMANGARH,2007,Kharif,Jowar,3,2,0.666666667
Rajasthan,HANUMANGARH,2007,Kharif,Maize,1,2,2
Rajasthan,HANUMANGARH,2007,Kharif,Moong(Green Gram),16236,6387,0.39338507
Rajasthan,HANUMANGARH,2007,Kharif,Moth,39051,16268,0.416583442
Rajasthan,HANUMANGARH,2007,Kharif,Other Kharif pulses,4,1,0.25
Rajasthan,HANUMANGARH,2007,Kharif,Rice,18169,76206,4.194286972
Rajasthan,HANUMANGARH,2007,Kharif,Sesamum,3261,1864,0.571603803
Rajasthan,HANUMANGARH,2007,Kharif,Soyabean,5,7,1.4
Rajasthan,HANUMANGARH,2007,Kharif,Urad,89,47,0.528089888
Rajasthan,HANUMANGARH,2007,Rabi,Barley,26655,74916,2.810579629
Rajasthan,HANUMANGARH,2007,Rabi,Gram,230192,81965,0.356072322
Rajasthan,HANUMANGARH,2007,Rabi,Masoor,1,1,1
Rajasthan,HANUMANGARH,2007,Rabi,other oilseeds,854,159,0.18618267
Rajasthan,HANUMANGARH,2007,Rabi,Rapeseed &Mustard,93845,64197,0.684074804
Rajasthan,HANUMANGARH,2007,Rabi,Wheat,216076,604842,2.799209537
Rajasthan,HANUMANGARH,2007,Whole Year,Dry chillies,51,60,1.176470588
Rajasthan,HANUMANGARH,2007,Whole Year,Garlic,22,12,0.545454545
Rajasthan,HANUMANGARH,2007,Whole Year,Guar seed,319617,277972,0.869703426
Rajasthan,HANUMANGARH,2007,Whole Year,Onion,28,15,0.535714286
Rajasthan,HANUMANGARH,2007,Whole Year,Potato,271,2047,7.553505535
Rajasthan,HANUMANGARH,2007,Whole Year,Sugarcane,21,1199,57.0952381
Rajasthan,HANUMANGARH,2008,Kharif,Arhar/Tur,16,15,0.9375
Rajasthan,HANUMANGARH,2008,Kharif,Bajra,80113,129123,1.611760888
Rajasthan,HANUMANGARH,2008,Kharif,Castor seed,3110,5824,1.87266881
Rajasthan,HANUMANGARH,2008,Kharif,Cotton(lint),128173,54681,0.426618711
Rajasthan,HANUMANGARH,2008,Kharif,Groundnut,3189,5315,1.666666667
Rajasthan,HANUMANGARH,2008,Kharif,Maize,9,16,1.777777778
Rajasthan,HANUMANGARH,2008,Kharif,Moong(Green Gram),11327,8985,0.793237397
Rajasthan,HANUMANGARH,2008,Kharif,Moth,47705,21537,0.451462111
Rajasthan,HANUMANGARH,2008,Kharif,Other Kharif pulses,1,1,1
Rajasthan,HANUMANGARH,2008,Kharif,Rice,24241,88500,3.650839487
Rajasthan,HANUMANGARH,2008,Kharif,Sesamum,8774,5207,0.593457944
Rajasthan,HANUMANGARH,2008,Kharif,Soyabean,6,6,1
Rajasthan,HANUMANGARH,2008,Kharif,Urad,102,30,0.294117647
Rajasthan,HANUMANGARH,2008,Rabi,Barley,39152,151752,3.875970576
Rajasthan,HANUMANGARH,2008,Rabi,Gram,200540,119335,0.595068316
Rajasthan,HANUMANGARH,2008,Rabi,Linseed,9,5,0.555555556
Rajasthan,HANUMANGARH,2008,Rabi,other oilseeds,734,131,0.178474114
Rajasthan,HANUMANGARH,2008,Rabi,Rapeseed &Mustard,90324,141921,1.571243523
Rajasthan,HANUMANGARH,2008,Rabi,Wheat,207479,680021,3.277541342
Rajasthan,HANUMANGARH,2008,Whole Year,Coriander,2,2,1
Rajasthan,HANUMANGARH,2008,Whole Year,Dry chillies,35,30,0.857142857
Rajasthan,HANUMANGARH,2008,Whole Year,Garlic,3,5,1.666666667
Rajasthan,HANUMANGARH,2008,Whole Year,Guar seed,371373,316439,0.852078638
Rajasthan,HANUMANGARH,2008,Whole Year,Onion,3,48,16
Rajasthan,HANUMANGARH,2008,Whole Year,Potato,176,3690,20.96590909
Rajasthan,HANUMANGARH,2008,Whole Year,Sannhamp,3,,
Rajasthan,HANUMANGARH,2008,Whole Year,Sugarcane,10,594,59.4
Rajasthan,HANUMANGARH,2009,Kharif,Arhar/Tur,3,3,1
Rajasthan,HANUMANGARH,2009,Kharif,Bajra,53642,24007,0.447541106
Rajasthan,HANUMANGARH,2009,Kharif,Castor seed,1355,1842,1.359409594
Rajasthan,HANUMANGARH,2009,Kharif,Cotton(lint),174821,71028,0.406289862
Rajasthan,HANUMANGARH,2009,Kharif,Groundnut,4468,4858,1.087287377
Rajasthan,HANUMANGARH,2009,Kharif,Jowar,459,67,0.145969499
Rajasthan,HANUMANGARH,2009,Kharif,Moong(Green Gram),10482,3265,0.311486358
Rajasthan,HANUMANGARH,2009,Kharif,Moth,40598,5825,0.143479974
Rajasthan,HANUMANGARH,2009,Kharif,Other Kharif pulses,2,,
Rajasthan,HANUMANGARH,2009,Kharif,Rice,24635,84380,3.425208037
Rajasthan,HANUMANGARH,2009,Kharif,Sesamum,6514,3985,0.611759288
Rajasthan,HANUMANGARH,2009,Kharif,Urad,42,11,0.261904762
Rajasthan,HANUMANGARH,2009,Rabi,Barley,20409,60742,2.976235974
Rajasthan,HANUMANGARH,2009,Rabi,Gram,149032,58564,0.392962585
Rajasthan,HANUMANGARH,2009,Rabi,Linseed,45,42,0.933333333
Rajasthan,HANUMANGARH,2009,Rabi,Masoor,1,1,1
Rajasthan,HANUMANGARH,2009,Rabi,Other  Rabi pulses,1,,
Rajasthan,HANUMANGARH,2009,Rabi,other oilseeds,1533,143,0.093281148
Rajasthan,HANUMANGARH,2009,Rabi,Rapeseed &Mustard,89868,153655,1.709785463
Rajasthan,HANUMANGARH,2009,Rabi,Wheat,217397,657210,3.023086795
Rajasthan,HANUMANGARH,2009,Whole Year,Dry chillies,50,31,0.62
Rajasthan,HANUMANGARH,2009,Whole Year,Garlic,12,48,4
Rajasthan,HANUMANGARH,2009,Whole Year,Guar seed,195932,72455,0.369796664
Rajasthan,HANUMANGARH,2009,Whole Year,Potato,93,1293,13.90322581
Rajasthan,HANUMANGARH,2009,Whole Year,Sannhamp,1,,
Rajasthan,HANUMANGARH,2009,Whole Year,Sugarcane,2,115,57.5
Rajasthan,HANUMANGARH,2010,Kharif,Arhar/Tur,115,96,0.834782609
Rajasthan,HANUMANGARH,2010,Kharif,Bajra,91087,79360,0.871254954
Rajasthan,HANUMANGARH,2010,Kharif,Castor seed,4179,7290,1.744436468
Rajasthan,HANUMANGARH,2010,Kharif,Cotton(lint),157244,66888,0.425377121
Rajasthan,HANUMANGARH,2010,Kharif,Groundnut,4793,9423,1.965992072
Rajasthan,HANUMANGARH,2010,Kharif,Maize,3,5,1.666666667
Rajasthan,HANUMANGARH,2010,Kharif,Moong(Green Gram),30350,8808,0.290214168
Rajasthan,HANUMANGARH,2010,Kharif,Moth,100194,43294,0.432101723
Rajasthan,HANUMANGARH,2010,Kharif,Rice,22311,88450,3.964412173
Rajasthan,HANUMANGARH,2010,Kharif,Sesamum,5122,2726,0.532213979
Rajasthan,HANUMANGARH,2010,Kharif,Urad,135,99,0.733333333
Rajasthan,HANUMANGARH,2010,Rabi,Barley,14714,45951,3.122944135
Rajasthan,HANUMANGARH,2010,Rabi,Gram,193983,126850,0.653923282
Rajasthan,HANUMANGARH,2010,Rabi,Other  Rabi pulses,4,2,0.5
Rajasthan,HANUMANGARH,2010,Rabi,other oilseeds,5649,2309,0.408744911
Rajasthan,HANUMANGARH,2010,Rabi,Rapeseed &Mustard,108061,222070,2.055042985
Rajasthan,HANUMANGARH,2010,Rabi,Wheat,227096,867972,3.822048825
Rajasthan,HANUMANGARH,2010,Whole Year,Dry chillies,123,104,0.845528455
Rajasthan,HANUMANGARH,2010,Whole Year,Garlic,22,20,0.909090909
Rajasthan,HANUMANGARH,2010,Whole Year,Guar seed,291344,216723,0.743873222
Rajasthan,HANUMANGARH,2010,Whole Year,Onion,54,48,0.888888889
Rajasthan,HANUMANGARH,2010,Whole Year,Potato,252,4239,16.82142857
Rajasthan,HANUMANGARH,2010,Whole Year,Sugarcane,18,1206,67
Rajasthan,JAIPUR,1997,Kharif,Arhar/Tur,2200,1600,0.727272727
Rajasthan,JAIPUR,1997,Kharif,Bajra,219100,186000,0.84892743
Rajasthan,JAIPUR,1997,Kharif,Groundnut,57300,72000,1.256544503
Rajasthan,JAIPUR,1997,Kharif,Jowar,16600,6200,0.373493976
Rajasthan,JAIPUR,1997,Kharif,Maize,11100,14800,1.333333333
Rajasthan,JAIPUR,1997,Kharif,Onion,2100,15000,7.142857143
Rajasthan,JAIPUR,1997,Kharif,Sesamum,2100,300,0.142857143
Rajasthan,JAIPUR,1997,Kharif,Sugarcane,300,16200,54
Rajasthan,JAIPUR,1997,Rabi,Barley,56500,121600,2.152212389
Rajasthan,JAIPUR,1997,Rabi,Gram,142900,126600,0.88593422
Rajasthan,JAIPUR,1997,Rabi,Rapeseed &Mustard,128700,70000,0.543900544
Rajasthan,JAIPUR,1997,Rabi,Wheat,192500,437900,2.274805195
Rajasthan,JAIPUR,1998,Kharif,Arhar/Tur,665,756,1.136842105
Rajasthan,JAIPUR,1998,Kharif,Bajra,204151,226633,1.110124369
Rajasthan,JAIPUR,1998,Kharif,Castor seed,20,28,1.4
Rajasthan,JAIPUR,1998,Kharif,Cotton(lint),232,53,0.228448276
Rajasthan,JAIPUR,1998,Kharif,Groundnut,62760,97461,1.55291587
Rajasthan,JAIPUR,1998,Kharif,Jowar,17173,3077,0.179176614
Rajasthan,JAIPUR,1998,Kharif,Maize,10293,6897,0.670067036
Rajasthan,JAIPUR,1998,Kharif,Moong(Green Gram),30174,10625,0.352124345
Rajasthan,JAIPUR,1998,Kharif,Moth,4316,2319,0.537303058
Rajasthan,JAIPUR,1998,Kharif,Other Kharif pulses,11138,2254,0.202370264
Rajasthan,JAIPUR,1998,Kharif,Sannhamp,16,4,0.25
Rajasthan,JAIPUR,1998,Kharif,Sesamum,3329,760,0.228296786
Rajasthan,JAIPUR,1998,Kharif,Soyabean,3,4,1.333333333
Rajasthan,JAIPUR,1998,Kharif,Urad,4183,1330,0.317953622
Rajasthan,JAIPUR,1998,Rabi,Barley,52665,107885,2.048514193
Rajasthan,JAIPUR,1998,Rabi,Gram,155694,109010,0.700155433
Rajasthan,JAIPUR,1998,Rabi,Linseed,43,24,0.558139535
Rajasthan,JAIPUR,1998,Rabi,Masoor,3,3,1
Rajasthan,JAIPUR,1998,Rabi,Other  Rabi pulses,3,2,0.666666667
Rajasthan,JAIPUR,1998,Rabi,Peas & beans (Pulses),7581,17926,2.3645957
Rajasthan,JAIPUR,1998,Rabi,Rapeseed &Mustard,113189,119251,1.053556441
Rajasthan,JAIPUR,1998,Rabi,Sunflower,2,1,0.5
Rajasthan,JAIPUR,1998,Rabi,Tobacco,77,128,1.662337662
Rajasthan,JAIPUR,1998,Rabi,Wheat,195548,391147,2.000260806
Rajasthan,JAIPUR,1998,Whole Year,Coriander,77,70,0.909090909
Rajasthan,JAIPUR,1998,Whole Year,Dry chillies,687,458,0.666666667
Rajasthan,JAIPUR,1998,Whole Year,Garlic,57,93,1.631578947
Rajasthan,JAIPUR,1998,Whole Year,Onion,2326,13836,5.948409286
Rajasthan,JAIPUR,1998,Whole Year,Potato,31,61,1.967741935
Rajasthan,JAIPUR,1998,Whole Year,Sugarcane,310,14808,47.76774194
Rajasthan,JAIPUR,1998,Whole Year,Sweet potato,76,185,2.434210526
Rajasthan,JAIPUR,1999,Kharif,Arhar/Tur,614,162,0.263843648
Rajasthan,JAIPUR,1999,Kharif,Bajra,205164,134909,0.65756663
Rajasthan,JAIPUR,1999,Kharif,Castor seed,18,,
Rajasthan,JAIPUR,1999,Kharif,Cotton(lint),200,57,0.285
Rajasthan,JAIPUR,1999,Kharif,Groundnut,52359,36006,0.687675471
Rajasthan,JAIPUR,1999,Kharif,Jowar,16611,584,0.035157426
Rajasthan,JAIPUR,1999,Kharif,Maize,7906,4716,0.596508981
Rajasthan,JAIPUR,1999,Kharif,Moong(Green Gram),17918,974,0.054358745
Rajasthan,JAIPUR,1999,Kharif,Moth,2374,92,0.038753159
Rajasthan,JAIPUR,1999,Kharif,Other Kharif pulses,8262,1095,0.132534495
Rajasthan,JAIPUR,1999,Kharif,Rice,2,3,1.5
Rajasthan,JAIPUR,1999,Kharif,Sesamum,2876,36,0.012517385
Rajasthan,JAIPUR,1999,Kharif,Small millets,17,1,0.058823529
Rajasthan,JAIPUR,1999,Kharif,Urad,1056,299,0.283143939
Rajasthan,JAIPUR,1999,Rabi,Barley,52212,113009,2.164425802
Rajasthan,JAIPUR,1999,Rabi,Gram,77327,58085,0.751160655
Rajasthan,JAIPUR,1999,Rabi,Linseed,19,12,0.631578947
Rajasthan,JAIPUR,1999,Rabi,Masoor,3,3,1
Rajasthan,JAIPUR,1999,Rabi,Peas & beans (Pulses),7241,18824,2.599640934
Rajasthan,JAIPUR,1999,Rabi,Rapeseed &Mustard,160061,103400,0.646003711
Rajasthan,JAIPUR,1999,Rabi,Wheat,189090,400214,2.116526522
Rajasthan,JAIPUR,1999,Whole Year,Coriander,52,33,0.634615385
Rajasthan,JAIPUR,1999,Whole Year,Dry chillies,698,299,0.428366762
Rajasthan,JAIPUR,1999,Whole Year,Garlic,95,187,1.968421053
Rajasthan,JAIPUR,1999,Whole Year,Guar seed,89680,6933,0.077308207
Rajasthan,JAIPUR,1999,Whole Year,Onion,2779,19320,6.952141058
Rajasthan,JAIPUR,1999,Whole Year,Potato,7,5,0.714285714
Rajasthan,JAIPUR,1999,Whole Year,Sannhamp,5,,
Rajasthan,JAIPUR,1999,Whole Year,Sugarcane,197,8044,40.83248731
Rajasthan,JAIPUR,1999,Whole Year,Sweet potato,29,46,1.586206897
Rajasthan,JAIPUR,1999,Whole Year,Tapioca,1,4,4
Rajasthan,JAIPUR,1999,Whole Year,Tobacco,67,127,1.895522388
Rajasthan,JAIPUR,2000,Kharif,Arhar/Tur,386,61,0.158031088
Rajasthan,JAIPUR,2000,Kharif,Bajra,229018,138591,0.605153307
Rajasthan,JAIPUR,2000,Kharif,Castor seed,44,22,0.5
Rajasthan,JAIPUR,2000,Kharif,Cotton(lint),111,176,1.585585586
Rajasthan,JAIPUR,2000,Kharif,Groundnut,42187,45326,1.074406808
Rajasthan,JAIPUR,2000,Kharif,Jowar,24305,965,0.039703765
Rajasthan,JAIPUR,2000,Kharif,Maize,7560,7363,0.973941799
Rajasthan,JAIPUR,2000,Kharif,Moong(Green Gram),17138,468,0.027307737
Rajasthan,JAIPUR,2000,Kharif,Moth,1537,133,0.086532206
Rajasthan,JAIPUR,2000,Kharif,Other Kharif pulses,7545,1420,0.188204109
Rajasthan,JAIPUR,2000,Kharif,Rice,12,11,0.916666667
Rajasthan,JAIPUR,2000,Kharif,Sesamum,3676,854,0.232317737
Rajasthan,JAIPUR,2000,Kharif,Small millets,5,0.1,0.02
Rajasthan,JAIPUR,2000,Kharif,Soyabean,1,1,1
Rajasthan,JAIPUR,2000,Kharif,Urad,925,266,0.287567568
Rajasthan,JAIPUR,2000,Rabi,Barley,58447,106103,1.815371191
Rajasthan,JAIPUR,2000,Rabi,Gram,39123,15233,0.389361757
Rajasthan,JAIPUR,2000,Rabi,Linseed,4,2,0.5
Rajasthan,JAIPUR,2000,Rabi,Masoor,1,2,2
Rajasthan,JAIPUR,2000,Rabi,Other  Rabi pulses,1,1,1
Rajasthan,JAIPUR,2000,Rabi,Peas & beans (Pulses),6892,16778,2.434416715
Rajasthan,JAIPUR,2000,Rabi,Rapeseed &Mustard,61746,26957,0.436578888
Rajasthan,JAIPUR,2000,Rabi,Wheat,170245,354096,2.079920115
Rajasthan,JAIPUR,2000,Whole Year,Coriander,110,33,0.3
Rajasthan,JAIPUR,2000,Whole Year,Dry chillies,608,327,0.537828947
Rajasthan,JAIPUR,2000,Whole Year,Garlic,52,80,1.538461538
Rajasthan,JAIPUR,2000,Whole Year,Guar seed,103941,8314,0.079987685
Rajasthan,JAIPUR,2000,Whole Year,Onion,2848,21455,7.533356742
Rajasthan,JAIPUR,2000,Whole Year,Potato,67,24,0.358208955
Rajasthan,JAIPUR,2000,Whole Year,Sannhamp,8,,
Rajasthan,JAIPUR,2000,Whole Year,Sugarcane,137,5706,41.64963504
Rajasthan,JAIPUR,2000,Whole Year,Sweet potato,22,42,1.909090909
Rajasthan,JAIPUR,2000,Whole Year,Tobacco,63,106,1.682539683
Rajasthan,JAIPUR,2001,Kharif,Arhar/Tur,389,470,1.208226221
Rajasthan,JAIPUR,2001,Kharif,Bajra,269972,306312,1.134606552
Rajasthan,JAIPUR,2001,Kharif,Castor seed,14,13,0.928571429
Rajasthan,JAIPUR,2001,Kharif,Cotton(lint),196,106,0.540816327
Rajasthan,JAIPUR,2001,Kharif,Groundnut,52191,67277,1.289053668
Rajasthan,JAIPUR,2001,Kharif,Jowar,30288,8057,0.266012942
Rajasthan,JAIPUR,2001,Kharif,Maize,8722,9994,1.145838111
Rajasthan,JAIPUR,2001,Kharif,Moong(Green Gram),34285,21846,0.637188275
Rajasthan,JAIPUR,2001,Kharif,Moth,1836,435,0.236928105
Rajasthan,JAIPUR,2001,Kharif,Other Kharif pulses,8946,4519,0.505141963
Rajasthan,JAIPUR,2001,Kharif,Rice,9,11,1.222222222
Rajasthan,JAIPUR,2001,Kharif,Sesamum,6782,1935,0.285314067
Rajasthan,JAIPUR,2001,Kharif,Small millets,3,3,1
Rajasthan,JAIPUR,2001,Kharif,Soyabean,5,6,1.2
Rajasthan,JAIPUR,2001,Kharif,Urad,3445,1248,0.362264151
Rajasthan,JAIPUR,2001,Rabi,Barley,48821,149049,3.052969009
Rajasthan,JAIPUR,2001,Rabi,Gram,46003,26980,0.58648349
Rajasthan,JAIPUR,2001,Rabi,Linseed,1,1,1
Rajasthan,JAIPUR,2001,Rabi,Masoor,3,3,1
Rajasthan,JAIPUR,2001,Rabi,Other  Rabi pulses,19,25,1.315789474
Rajasthan,JAIPUR,2001,Rabi,Peas & beans (Pulses),7593,17846,2.350322666
Rajasthan,JAIPUR,2001,Rabi,Rapeseed &Mustard,70222,41297,0.588092051
Rajasthan,JAIPUR,2001,Rabi,Wheat,161348,496017,3.074206064
Rajasthan,JAIPUR,2001,Whole Year,Coriander,99,73,0.737373737
Rajasthan,JAIPUR,2001,Whole Year,Dry chillies,647,464,0.717156105
Rajasthan,JAIPUR,2001,Whole Year,Garlic,82,101,1.231707317
Rajasthan,JAIPUR,2001,Whole Year,Guar seed,85005,71998,0.846985471
Rajasthan,JAIPUR,2001,Whole Year,Onion,2803,21523,7.678558687
Rajasthan,JAIPUR,2001,Whole Year,Potato,5,5,1
Rajasthan,JAIPUR,2001,Whole Year,Sannhamp,6,2,0.333333333
Rajasthan,JAIPUR,2001,Whole Year,Sugarcane,108,5151,47.69444444
Rajasthan,JAIPUR,2001,Whole Year,Sweet potato,13,34,2.615384615
Rajasthan,JAIPUR,2001,Whole Year,Tobacco,48,100,2.083333333
Rajasthan,JAIPUR,2002,Kharif,Arhar/Tur,259,25,0.096525097
Rajasthan,JAIPUR,2002,Kharif,Bajra,237581,93939,0.39539778
Rajasthan,JAIPUR,2002,Kharif,Castor seed,18,1,0.055555556
Rajasthan,JAIPUR,2002,Kharif,Cotton(lint),289,188,0.650519031
Rajasthan,JAIPUR,2002,Kharif,Groundnut,46839,42889,0.915668567
Rajasthan,JAIPUR,2002,Kharif,Jowar,26788,1435,0.053568762
Rajasthan,JAIPUR,2002,Kharif,Maize,6150,3186,0.51804878
Rajasthan,JAIPUR,2002,Kharif,Moong(Green Gram),63008,764,0.012125444
Rajasthan,JAIPUR,2002,Kharif,Moth,1314,,
Rajasthan,JAIPUR,2002,Kharif,Other Kharif pulses,10587,342,0.032303769
Rajasthan,JAIPUR,2002,Kharif,Sesamum,5945,412,0.069301934
Rajasthan,JAIPUR,2002,Kharif,Small millets,5,9,1.8
Rajasthan,JAIPUR,2002,Kharif,Urad,2309,422,0.182763101
Rajasthan,JAIPUR,2002,Rabi,Barley,53506,144902,2.708144881
Rajasthan,JAIPUR,2002,Rabi,Gram,24851,26972,1.085348678
Rajasthan,JAIPUR,2002,Rabi,Linseed,3,2,0.666666667
Rajasthan,JAIPUR,2002,Rabi,Masoor,1,2,2
Rajasthan,JAIPUR,2002,Rabi,Other  Rabi pulses,1,0,0
Rajasthan,JAIPUR,2002,Rabi,Peas & beans (Pulses),7367,18242,2.476177549
Rajasthan,JAIPUR,2002,Rabi,Rapeseed &Mustard,37805,20615,0.545298241
Rajasthan,JAIPUR,2002,Rabi,Wheat,145798,425900,2.921164899
Rajasthan,JAIPUR,2002,Whole Year,Coriander,55,34,0.618181818
Rajasthan,JAIPUR,2002,Whole Year,Dry chillies,673,276,0.410104012
Rajasthan,JAIPUR,2002,Whole Year,Garlic,85,133,1.564705882
Rajasthan,JAIPUR,2002,Whole Year,Guar seed,60617,1306,0.021545111
Rajasthan,JAIPUR,2002,Whole Year,Onion,3137,16050,5.116353204
Rajasthan,JAIPUR,2002,Whole Year,Other Fresh Fruits,553,0,0
Rajasthan,JAIPUR,2002,Whole Year,Other Vegetables,9853,0,0
Rajasthan,JAIPUR,2002,Whole Year,Potato,19,75,3.947368421
Rajasthan,JAIPUR,2002,Whole Year,Sannhamp,25,,
Rajasthan,JAIPUR,2002,Whole Year,Sugarcane,50,2430,48.6
Rajasthan,JAIPUR,2002,Whole Year,Sweet potato,18,12,0.666666667
Rajasthan,JAIPUR,2002,Whole Year,Tobacco,32,56,1.75
Rajasthan,JAIPUR,2002,Whole Year,Water Melon,2186,0,0
Rajasthan,JAIPUR,2003,Kharif,Arhar/Tur,140,199,1.421428571
Rajasthan,JAIPUR,2003,Kharif,Bajra,330319,552514,1.672667936
Rajasthan,JAIPUR,2003,Kharif,Castor seed,12,9,0.75
Rajasthan,JAIPUR,2003,Kharif,Cotton(lint),299,617,2.063545151
Rajasthan,JAIPUR,2003,Kharif,Groundnut,44740,76673,1.713746089
Rajasthan,JAIPUR,2003,Kharif,Jowar,34331,32498,0.946608022
Rajasthan,JAIPUR,2003,Kharif,Maize,7003,11404,1.628444952
Rajasthan,JAIPUR,2003,Kharif,Moong(Green Gram),60872,51609,0.84782823
Rajasthan,JAIPUR,2003,Kharif,Moth,967,425,0.439503619
Rajasthan,JAIPUR,2003,Kharif,Other Kharif pulses,7953,4779,0.600905319
Rajasthan,JAIPUR,2003,Kharif,Sesamum,4497,2050,0.455859462
Rajasthan,JAIPUR,2003,Kharif,Small millets,11,6,0.545454545
Rajasthan,JAIPUR,2003,Kharif,Urad,2421,1772,0.731928955
Rajasthan,JAIPUR,2003,Rabi,Barley,51310,115602,2.253011109
Rajasthan,JAIPUR,2003,Rabi,Gram,56386,35477,0.629181002
Rajasthan,JAIPUR,2003,Rabi,Linseed,8,6,0.75
Rajasthan,JAIPUR,2003,Rabi,Masoor,1,1,1
Rajasthan,JAIPUR,2003,Rabi,Other  Rabi pulses,14,14,1
Rajasthan,JAIPUR,2003,Rabi,Peas & beans (Pulses),7801,16683,2.138571978
Rajasthan,JAIPUR,2003,Rabi,Rapeseed &Mustard,69679,61532,0.883078115
Rajasthan,JAIPUR,2003,Rabi,Wheat,157519,469499,2.980586469
Rajasthan,JAIPUR,2003,Whole Year,Coriander,102,127,1.245098039
Rajasthan,JAIPUR,2003,Whole Year,Dry chillies,1836,1343,0.731481481
Rajasthan,JAIPUR,2003,Whole Year,Garlic,81,118,1.456790123
Rajasthan,JAIPUR,2003,Whole Year,Guar seed,66966,,
Rajasthan,JAIPUR,2003,Whole Year,Oilseeds total,7,0,0
Rajasthan,JAIPUR,2003,Whole Year,Onion,3724,17016,4.569280344
Rajasthan,JAIPUR,2003,Whole Year,Other Fresh Fruits,955,0,0
Rajasthan,JAIPUR,2003,Whole Year,other oilseeds,6462,5849,0.905137728
Rajasthan,JAIPUR,2003,Whole Year,Other Vegetables,10815,0,0
Rajasthan,JAIPUR,2003,Whole Year,Potato,23,78,3.391304348
Rajasthan,JAIPUR,2003,Whole Year,Sannhamp,6,1,0.166666667
Rajasthan,JAIPUR,2003,Whole Year,Sugarcane,45,3136,69.68888889
Rajasthan,JAIPUR,2003,Whole Year,Tobacco,17,,
Rajasthan,JAIPUR,2003,Whole Year,Water Melon,3097,0,0
Rajasthan,JAIPUR,2004,Kharif,Arhar/Tur,219,255,1.164383562
Rajasthan,JAIPUR,2004,Kharif,Bajra,268113,376778,1.405295528
Rajasthan,JAIPUR,2004,Kharif,Castor seed,14,14,1
Rajasthan,JAIPUR,2004,Kharif,Cotton(lint),789,1376,1.743979721
Rajasthan,JAIPUR,2004,Kharif,Groundnut,54951,105773,1.92486033
Rajasthan,JAIPUR,2004,Kharif,Jowar,25141,9153,0.364066664
Rajasthan,JAIPUR,2004,Kharif,Maize,5823,3835,0.658595226
Rajasthan,JAIPUR,2004,Kharif,Moong(Green Gram),68797,22295,0.324069363
Rajasthan,JAIPUR,2004,Kharif,Moth,675,88,0.13037037
Rajasthan,JAIPUR,2004,Kharif,Other Kharif pulses,10253,5336,0.520433044
Rajasthan,JAIPUR,2004,Kharif,Sesamum,6215,1758,0.282864039
Rajasthan,JAIPUR,2004,Kharif,Soyabean,23,32,1.391304348
Rajasthan,JAIPUR,2004,Kharif,Urad,796,123,0.154522613
Rajasthan,JAIPUR,2004,Rabi,Barley,48655,129723,2.666180249
Rajasthan,JAIPUR,2004,Rabi,Gram,60526,56925,0.940504907
Rajasthan,JAIPUR,2004,Rabi,Linseed,2,1,0.5
Rajasthan,JAIPUR,2004,Rabi,Masoor,4,4,1
Rajasthan,JAIPUR,2004,Rabi,Other  Rabi pulses,8879,18950,2.134249352
Rajasthan,JAIPUR,2004,Rabi,Rapeseed &Mustard,195694,174324,0.8907989
Rajasthan,JAIPUR,2004,Rabi,Wheat,155445,464550,2.988516839
Rajasthan,JAIPUR,2004,Whole Year,Coriander,94,108,1.14893617
Rajasthan,JAIPUR,2004,Whole Year,Dry chillies,1519,1100,0.724160632
Rajasthan,JAIPUR,2004,Whole Year,Garlic,65,98,1.507692308
Rajasthan,JAIPUR,2004,Whole Year,Guar seed,55006,40762,0.741046431
Rajasthan,JAIPUR,2004,Whole Year,Onion,3327,18561,5.57889991
Rajasthan,JAIPUR,2004,Whole Year,Potato,6,13,2.166666667
Rajasthan,JAIPUR,2004,Whole Year,Sannhamp,7,5,0.714285714
Rajasthan,JAIPUR,2004,Whole Year,Sugarcane,27,1783,66.03703704
Rajasthan,JAIPUR,2004,Whole Year,Sweet potato,16,32,2
Rajasthan,JAIPUR,2004,Whole Year,Tobacco,18,6,0.333333333
Rajasthan,JAIPUR,2005,Kharif,Arhar/Tur,214,157,0.73364486
Rajasthan,JAIPUR,2005,Kharif,Bajra,278884,218446,0.783286241
Rajasthan,JAIPUR,2005,Kharif,Castor seed,10,6,0.6
Rajasthan,JAIPUR,2005,Kharif,Cotton(lint),522,976,1.869731801
Rajasthan,JAIPUR,2005,Kharif,Groundnut,52842,97336,1.842019606
Rajasthan,JAIPUR,2005,Kharif,Jowar,32790,5125,0.156297652
Rajasthan,JAIPUR,2005,Kharif,Maize,5325,3156,0.592676056
Rajasthan,JAIPUR,2005,Kharif,Moong(Green Gram),67611,14846,0.219579654
Rajasthan,JAIPUR,2005,Kharif,Moth,668,81,0.121257485
Rajasthan,JAIPUR,2005,Kharif,Other Kharif pulses,10454,1853,0.177252726
Rajasthan,JAIPUR,2005,Kharif,Sesamum,4901,671,0.136910835
Rajasthan,JAIPUR,2005,Kharif,Urad,758,28,0.036939314
Rajasthan,JAIPUR,2005,Rabi,Barley,47201,123746,2.621681744
Rajasthan,JAIPUR,2005,Rabi,Gram,22705,23818,1.04902004
Rajasthan,JAIPUR,2005,Rabi,Masoor,1,1,1
Rajasthan,JAIPUR,2005,Rabi,Peas & beans (Pulses),9062,18912,2.086956522
Rajasthan,JAIPUR,2005,Rabi,Rapeseed &Mustard,221303,213128,0.963059696
Rajasthan,JAIPUR,2005,Rabi,Wheat,139818,387943,2.774628446
Rajasthan,JAIPUR,2005,Whole Year,Coriander,64,67,1.046875
Rajasthan,JAIPUR,2005,Whole Year,Dry chillies,1458,3376,2.315500686
Rajasthan,JAIPUR,2005,Whole Year,Garlic,36,57,1.583333333
Rajasthan,JAIPUR,2005,Whole Year,Guar seed,55421,27414,0.494650042
Rajasthan,JAIPUR,2005,Whole Year,Onion,2178,11453,5.258494031
Rajasthan,JAIPUR,2005,Whole Year,Potato,2,6,3
Rajasthan,JAIPUR,2005,Whole Year,Sannhamp,2,2,1
Rajasthan,JAIPUR,2005,Whole Year,Sugarcane,10,761,76.1
Rajasthan,JAIPUR,2005,Whole Year,Sweet potato,25,69,2.76
Rajasthan,JAIPUR,2005,Whole Year,Tobacco,5,6,1.2
Rajasthan,JAIPUR,2006,Kharif,Arhar/Tur,224,276,1.232142857
Rajasthan,JAIPUR,2006,Kharif,Bajra,282245,329567,1.167662846
Rajasthan,JAIPUR,2006,Kharif,Castor seed,416,415,0.997596154
Rajasthan,JAIPUR,2006,Kharif,Cotton(lint),218,79,0.362385321
Rajasthan,JAIPUR,2006,Kharif,Groundnut,48843,78438,1.605921012
Rajasthan,JAIPUR,2006,Kharif,Jowar,40889,8956,0.219032013
Rajasthan,JAIPUR,2006,Kharif,Maize,4246,5407,1.27343382
Rajasthan,JAIPUR,2006,Kharif,Moong(Green Gram),64011,29213,0.456374686
Rajasthan,JAIPUR,2006,Kharif,Moth,1103,183,0.165911151
Rajasthan,JAIPUR,2006,Kharif,Other Kharif pulses,9863,4245,0.430396431
Rajasthan,JAIPUR,2006,Kharif,Sesamum,3336,744,0.223021583
Rajasthan,JAIPUR,2006,Kharif,Urad,420,159,0.378571429
Rajasthan,JAIPUR,2006,Rabi,Barley,45317,118597,2.617053203
Rajasthan,JAIPUR,2006,Rabi,Gram,9799,9905,1.01081743
Rajasthan,JAIPUR,2006,Rabi,Linseed,23,18,0.782608696
Rajasthan,JAIPUR,2006,Rabi,Masoor,2,2,1
Rajasthan,JAIPUR,2006,Rabi,Peas & beans (Pulses),7055,15696,2.224805103
Rajasthan,JAIPUR,2006,Rabi,Rapeseed &Mustard,118547,116937,0.986418889
Rajasthan,JAIPUR,2006,Rabi,Wheat,136066,352372,2.589713815
Rajasthan,JAIPUR,2006,Whole Year,Coriander,54,64,1.185185185
Rajasthan,JAIPUR,2006,Whole Year,Dry chillies,1495,1214,0.812040134
Rajasthan,JAIPUR,2006,Whole Year,Garlic,23,34,1.47826087
Rajasthan,JAIPUR,2006,Whole Year,Guar seed,51389,41104,0.799859892
Rajasthan,JAIPUR,2006,Whole Year,Onion,1747,9501,5.438465942
Rajasthan,JAIPUR,2006,Whole Year,Potato,7,52,7.428571429
Rajasthan,JAIPUR,2006,Whole Year,Sugarcane,18,1039,57.72222222
Rajasthan,JAIPUR,2006,Whole Year,Sweet potato,8,34,4.25
Rajasthan,JAIPUR,2006,Whole Year,Tobacco,2,2,1
Rajasthan,JAIPUR,2007,Kharif,Arhar/Tur,217,349,1.608294931
Rajasthan,JAIPUR,2007,Kharif,Bajra,298431,450427,1.509317062
Rajasthan,JAIPUR,2007,Kharif,Castor seed,20,19,0.95
Rajasthan,JAIPUR,2007,Kharif,Cotton(lint),125,50,0.4
Rajasthan,JAIPUR,2007,Kharif,Groundnut,42069,83658,1.988590173
Rajasthan,JAIPUR,2007,Kharif,Jowar,40633,22206,0.546501612
Rajasthan,JAIPUR,2007,Kharif,Maize,4160,3598,0.864903846
Rajasthan,JAIPUR,2007,Kharif,Moong(Green Gram),77862,23128,0.29703835
Rajasthan,JAIPUR,2007,Kharif,Moth,457,143,0.312910284
Rajasthan,JAIPUR,2007,Kharif,Other Kharif pulses,12399,6841,0.551738043
Rajasthan,JAIPUR,2007,Kharif,Sesamum,4218,1783,0.422712186
Rajasthan,JAIPUR,2007,Kharif,Urad,758,376,0.496042216
Rajasthan,JAIPUR,2007,Rabi,Barley,44347,77983,1.758472952
Rajasthan,JAIPUR,2007,Rabi,Gram,10123,5274,0.520991801
Rajasthan,JAIPUR,2007,Rabi,Linseed,6,5,0.833333333
Rajasthan,JAIPUR,2007,Rabi,Masoor,2,1,0.5
Rajasthan,JAIPUR,2007,Rabi,other oilseeds,4563,933,0.204470743
Rajasthan,JAIPUR,2007,Rabi,Rapeseed &Mustard,117335,61631,0.525256744
Rajasthan,JAIPUR,2007,Rabi,Wheat,132008,288950,2.188882492
Rajasthan,JAIPUR,2007,Whole Year,Coriander,51,40,0.784313725
Rajasthan,JAIPUR,2007,Whole Year,Dry chillies,1516,2839,1.872691293
Rajasthan,JAIPUR,2007,Whole Year,Garlic,39,44,1.128205128
Rajasthan,JAIPUR,2007,Whole Year,Guar seed,55143,43060,0.780878806
Rajasthan,JAIPUR,2007,Whole Year,Onion,1889,9668,5.118051879
Rajasthan,JAIPUR,2007,Whole Year,Potato,39,518,13.28205128
Rajasthan,JAIPUR,2007,Whole Year,Sannhamp,3,3,1
Rajasthan,JAIPUR,2007,Whole Year,Sugarcane,22,1256,57.09090909
Rajasthan,JAIPUR,2007,Whole Year,Sweet potato,11,31,2.818181818
Rajasthan,JAIPUR,2007,Whole Year,Tobacco,6,13,2.166666667
Rajasthan,JAIPUR,2008,Kharif,Arhar/Tur,339,470,1.386430678
Rajasthan,JAIPUR,2008,Kharif,Bajra,295678,455910,1.541913839
Rajasthan,JAIPUR,2008,Kharif,Castor seed,40,23,0.575
Rajasthan,JAIPUR,2008,Kharif,Cotton(lint),63,26,0.412698413
Rajasthan,JAIPUR,2008,Kharif,Groundnut,46231,87189,1.885942333
Rajasthan,JAIPUR,2008,Kharif,Jowar,40601,36892,0.90864757
Rajasthan,JAIPUR,2008,Kharif,Maize,4211,5109,1.213251009
Rajasthan,JAIPUR,2008,Kharif,Moong(Green Gram),70686,44550,0.630252101
Rajasthan,JAIPUR,2008,Kharif,Moth,405,108,0.266666667
Rajasthan,JAIPUR,2008,Kharif,Other Kharif pulses,12796,8641,0.675289153
Rajasthan,JAIPUR,2008,Kharif,Sesamum,11649,5634,0.483646665
Rajasthan,JAIPUR,2008,Kharif,Urad,598,282,0.471571906
Rajasthan,JAIPUR,2008,Rabi,Barley,51563,152963,2.966526385
Rajasthan,JAIPUR,2008,Rabi,Gram,28912,28812,0.996541229
Rajasthan,JAIPUR,2008,Rabi,Linseed,1,1,1
Rajasthan,JAIPUR,2008,Rabi,other oilseeds,17980,9143,0.508509455
Rajasthan,JAIPUR,2008,Rabi,Rapeseed &Mustard,137879,167028,1.211410004
Rajasthan,JAIPUR,2008,Rabi,Wheat,136789,425084,3.107589061
Rajasthan,JAIPUR,2008,Whole Year,Coriander,48,54,1.125
Rajasthan,JAIPUR,2008,Whole Year,Dry chillies,1874,2897,1.545891142
Rajasthan,JAIPUR,2008,Whole Year,Garlic,44,86,1.954545455
Rajasthan,JAIPUR,2008,Whole Year,Guar seed,58945,46657,0.791534481
Rajasthan,JAIPUR,2008,Whole Year,Onion,2454,12238,4.986960065
Rajasthan,JAIPUR,2008,Whole Year,Potato,60,531,8.85
Rajasthan,JAIPUR,2008,Whole Year,Sannhamp,4,3,0.75
Rajasthan,JAIPUR,2008,Whole Year,Sugarcane,18,1070,59.44444444
Rajasthan,JAIPUR,2008,Whole Year,Sweet potato,7,,
Rajasthan,JAIPUR,2008,Whole Year,Tobacco,8,14,1.75
Rajasthan,JAIPUR,2009,Kharif,Arhar/Tur,291,48,0.164948454
Rajasthan,JAIPUR,2009,Kharif,Bajra,318687,240129,0.753494808
Rajasthan,JAIPUR,2009,Kharif,Castor seed,81,1,0.012345679
Rajasthan,JAIPUR,2009,Kharif,Cotton(lint),106,,
Rajasthan,JAIPUR,2009,Kharif,Groundnut,47016,58603,1.246448018
Rajasthan,JAIPUR,2009,Kharif,Jowar,37535,1637,0.043612628
Rajasthan,JAIPUR,2009,Kharif,Maize,3842,1734,0.451327434
Rajasthan,JAIPUR,2009,Kharif,Moong(Green Gram),73031,3899,0.053388287
Rajasthan,JAIPUR,2009,Kharif,Moth,731,22,0.030095759
Rajasthan,JAIPUR,2009,Kharif,Other Kharif pulses,11820,2168,0.183417936
Rajasthan,JAIPUR,2009,Kharif,Sesamum,27527,5029,0.182693356
Rajasthan,JAIPUR,2009,Kharif,Small millets,1,,
Rajasthan,JAIPUR,2009,Kharif,Urad,419,20,0.047732697
Rajasthan,JAIPUR,2009,Rabi,Barley,49582,150768,3.040780929
Rajasthan,JAIPUR,2009,Rabi,Gram,6126,5302,0.865491348
Rajasthan,JAIPUR,2009,Rabi,other oilseeds,13607,6948,0.510619534
Rajasthan,JAIPUR,2009,Rabi,Rapeseed &Mustard,99209,101942,1.027547904
Rajasthan,JAIPUR,2009,Rabi,Wheat,139226,447502,3.214212863
Rajasthan,JAIPUR,2009,Whole Year,Coriander,65,104,1.6
Rajasthan,JAIPUR,2009,Whole Year,Dry chillies,854,336,0.393442623
Rajasthan,JAIPUR,2009,Whole Year,Garlic,37,15,0.405405405
Rajasthan,JAIPUR,2009,Whole Year,Guar seed,55180,14326,0.259623052
Rajasthan,JAIPUR,2009,Whole Year,Onion,1192,4768,4
Rajasthan,JAIPUR,2009,Whole Year,Potato,22,220,10
Rajasthan,JAIPUR,2009,Whole Year,Sannhamp,2,,
Rajasthan,JAIPUR,2009,Whole Year,Sugarcane,31,1784,57.5483871
Rajasthan,JAIPUR,2009,Whole Year,Sweet potato,5,,
Rajasthan,JAIPUR,2009,Whole Year,Tobacco,7,10,1.428571429
Rajasthan,JAIPUR,2010,Kharif,Arhar/Tur,270,139,0.514814815
Rajasthan,JAIPUR,2010,Kharif,Bajra,330657,445790,1.348194655
Rajasthan,JAIPUR,2010,Kharif,Castor seed,21,21,1
Rajasthan,JAIPUR,2010,Kharif,Cotton(lint),80,35,0.4375
Rajasthan,JAIPUR,2010,Kharif,Groundnut,44801,91168,2.034954577
Rajasthan,JAIPUR,2010,Kharif,Jowar,39817,26210,0.658261547
Rajasthan,JAIPUR,2010,Kharif,Maize,3515,6316,1.796870555
Rajasthan,JAIPUR,2010,Kharif,Moong(Green Gram),80696,56429,0.699278775
Rajasthan,JAIPUR,2010,Kharif,Moth,580,282,0.486206897
Rajasthan,JAIPUR,2010,Kharif,Other Kharif pulses,13764,8493,0.617044464
Rajasthan,JAIPUR,2010,Kharif,Sesamum,16511,5860,0.354914905
Rajasthan,JAIPUR,2010,Kharif,Urad,296,218,0.736486486
Rajasthan,JAIPUR,2010,Rabi,Barley,65146,241202,3.702483652
Rajasthan,JAIPUR,2010,Rabi,Gram,104503,189422,1.812598681
Rajasthan,JAIPUR,2010,Rabi,Linseed,15,13,0.866666667
Rajasthan,JAIPUR,2010,Rabi,Masoor,7,6,0.857142857
Rajasthan,JAIPUR,2010,Rabi,other oilseeds,84172,36511,0.433766573
Rajasthan,JAIPUR,2010,Rabi,Rapeseed &Mustard,130121,169984,1.306353317
Rajasthan,JAIPUR,2010,Rabi,Wheat,158861,590946,3.719893492
Rajasthan,JAIPUR,2010,Whole Year,Coriander,49,54,1.102040816
Rajasthan,JAIPUR,2010,Whole Year,Dry chillies,787,552,0.701397713
Rajasthan,JAIPUR,2010,Whole Year,Garlic,41,54,1.317073171
Rajasthan,JAIPUR,2010,Whole Year,Guar seed,44280,40809,0.921612466
Rajasthan,JAIPUR,2010,Whole Year,Onion,2589,9358,3.614522982
Rajasthan,JAIPUR,2010,Whole Year,Potato,30,266,8.866666667
Rajasthan,JAIPUR,2010,Whole Year,Sannhamp,2,1,0.5
Rajasthan,JAIPUR,2010,Whole Year,Sugarcane,37,2480,67.02702703
Rajasthan,JAIPUR,2010,Whole Year,Tobacco,8,12,1.5
Rajasthan,JAISALMER,1997,Kharif,Bajra,149800,3200,0.021361816
Rajasthan,JAISALMER,1997,Kharif,Cotton(lint),500,588,1.176
Rajasthan,JAISALMER,1997,Kharif,Groundnut,4200,4700,1.119047619
Rajasthan,JAISALMER,1997,Kharif,Jowar,3200,1500,0.46875
Rajasthan,JAISALMER,1997,Kharif,Sesamum,1000,200,0.2
Rajasthan,JAISALMER,1997,Rabi,Barley,100,100,1
Rajasthan,JAISALMER,1997,Rabi,Gram,1900,1700,0.894736842
Rajasthan,JAISALMER,1997,Rabi,Rapeseed &Mustard,25700,18600,0.723735409
Rajasthan,JAISALMER,1997,Rabi,Wheat,8200,20600,2.512195122
Rajasthan,JAISALMER,1998,Kharif,Bajra,94699,778,0.008215504
Rajasthan,JAISALMER,1998,Kharif,Cotton(lint),501,115,0.229540918
Rajasthan,JAISALMER,1998,Kharif,Groundnut,2514,2742,1.090692124
Rajasthan,JAISALMER,1998,Kharif,Jowar,686,197,0.287172012
Rajasthan,JAISALMER,1998,Kharif,Moong(Green Gram),360,37,0.102777778
Rajasthan,JAISALMER,1998,Kharif,Moth,277,33,0.119133574
Rajasthan,JAISALMER,1998,Kharif,Other Kharif pulses,1,,
Rajasthan,JAISALMER,1998,Kharif,Sesamum,437,32,0.073226545
Rajasthan,JAISALMER,1998,Rabi,Barley,43,85,1.976744186
Rajasthan,JAISALMER,1998,Rabi,Gram,3683,2713,0.736627749
Rajasthan,JAISALMER,1998,Rabi,Linseed,279,159,0.569892473
Rajasthan,JAISALMER,1998,Rabi,Rapeseed &Mustard,47587,45801,0.962468741
Rajasthan,JAISALMER,1998,Rabi,Wheat,12235,30429,2.487045362
Rajasthan,JAISALMER,1998,Whole Year,Coriander,2,2,1
Rajasthan,JAISALMER,1998,Whole Year,Dry chillies,108,54,0.5
Rajasthan,JAISALMER,1998,Whole Year,Onion,15,15,1
Rajasthan,JAISALMER,1998,Whole Year,Sugarcane,1,48,48
Rajasthan,JAISALMER,1999,Kharif,Bajra,66708,886,0.013281765
Rajasthan,JAISALMER,1999,Kharif,Castor seed,5,,
Rajasthan,JAISALMER,1999,Kharif,Cotton(lint),215,62,0.288372093
Rajasthan,JAISALMER,1999,Kharif,Groundnut,396,382,0.964646465
Rajasthan,JAISALMER,1999,Kharif,Jowar,1637,510,0.31154551
Rajasthan,JAISALMER,1999,Kharif,Moong(Green Gram),181,18,0.099447514
Rajasthan,JAISALMER,1999,Kharif,Moth,67,3,0.044776119
Rajasthan,JAISALMER,1999,Kharif,Sesamum,134,10,0.074626866
Rajasthan,JAISALMER,1999,Rabi,Barley,63,127,2.015873016
Rajasthan,JAISALMER,1999,Rabi,Gram,4680,3253,0.69508547
Rajasthan,JAISALMER,1999,Rabi,Rapeseed &Mustard,60640,58609,0.966507256
Rajasthan,JAISALMER,1999,Rabi,Wheat,16836,42766,2.540152055
Rajasthan,JAISALMER,1999,Whole Year,Dry chillies,189,94,0.497354497
Rajasthan,JAISALMER,1999,Whole Year,Garlic,1,,
Rajasthan,JAISALMER,1999,Whole Year,Guar seed,247109,10816,0.043770158
Rajasthan,JAISALMER,1999,Whole Year,Onion,27,40,1.481481481
Rajasthan,JAISALMER,1999,Whole Year,Sugarcane,5,204,40.8
Rajasthan,JAISALMER,2000,Kharif,Bajra,90118,5432,0.060276526
Rajasthan,JAISALMER,2000,Kharif,Castor seed,113,33,0.292035398
Rajasthan,JAISALMER,2000,Kharif,Cotton(lint),68,106,1.558823529
Rajasthan,JAISALMER,2000,Kharif,Groundnut,309,285,0.922330097
Rajasthan,JAISALMER,2000,Kharif,Jowar,2962,591,0.199527346
Rajasthan,JAISALMER,2000,Kharif,Maize,36,38,1.055555556
Rajasthan,JAISALMER,2000,Kharif,Moong(Green Gram),358,62,0.173184358
Rajasthan,JAISALMER,2000,Kharif,Moth,142,21,0.147887324
Rajasthan,JAISALMER,2000,Kharif,Sesamum,96,13,0.135416667
Rajasthan,JAISALMER,2000,Rabi,Barley,111,201,1.810810811
Rajasthan,JAISALMER,2000,Rabi,Gram,4779,2818,0.589663109
Rajasthan,JAISALMER,2000,Rabi,Linseed,34,20,0.588235294
Rajasthan,JAISALMER,2000,Rabi,Rapeseed &Mustard,28952,26883,0.928536889
Rajasthan,JAISALMER,2000,Rabi,Wheat,11003,26426,2.401708625
Rajasthan,JAISALMER,2000,Whole Year,Coriander,1,,
Rajasthan,JAISALMER,2000,Whole Year,Dry chillies,223,89,0.399103139
Rajasthan,JAISALMER,2000,Whole Year,Guar seed,317591,75097,0.236458212
Rajasthan,JAISALMER,2000,Whole Year,Onion,10,8,0.8
Rajasthan,JAISALMER,2001,Kharif,Arhar/Tur,10,,
Rajasthan,JAISALMER,2001,Kharif,Bajra,138691,25550,0.18422248
Rajasthan,JAISALMER,2001,Kharif,Castor seed,90,19,0.211111111
Rajasthan,JAISALMER,2001,Kharif,Cotton(lint),144,76,0.527777778
Rajasthan,JAISALMER,2001,Kharif,Groundnut,1546,1897,1.227037516
Rajasthan,JAISALMER,2001,Kharif,Jowar,1988,823,0.413983903
Rajasthan,JAISALMER,2001,Kharif,Maize,9,13,1.444444444
Rajasthan,JAISALMER,2001,Kharif,Moong(Green Gram),1708,504,0.295081967
Rajasthan,JAISALMER,2001,Kharif,Moth,2283,541,0.236968901
Rajasthan,JAISALMER,2001,Kharif,Other Kharif pulses,1,0,0
Rajasthan,JAISALMER,2001,Kharif,Sesamum,452,148,0.327433628
Rajasthan,JAISALMER,2001,Kharif,Urad,1,0,0
Rajasthan,JAISALMER,2001,Rabi,Barley,74,190,2.567567568
Rajasthan,JAISALMER,2001,Rabi,Gram,6998,5308,0.758502429
Rajasthan,JAISALMER,2001,Rabi,Other  Rabi pulses,1,0,0
Rajasthan,JAISALMER,2001,Rabi,Rapeseed &Mustard,27671,22117,0.799284449
Rajasthan,JAISALMER,2001,Rabi,Wheat,11448,31975,2.793064291
Rajasthan,JAISALMER,2001,Whole Year,Coriander,4,,
Rajasthan,JAISALMER,2001,Whole Year,Dry chillies,162,157,0.969135802
Rajasthan,JAISALMER,2001,Whole Year,Guar seed,313560,32316,0.103061615
Rajasthan,JAISALMER,2001,Whole Year,Onion,12,6,0.5
Rajasthan,JAISALMER,2001,Whole Year,Potato,3,1,0.333333333
Rajasthan,JAISALMER,2002,Kharif,Bajra,11773,1489,0.126475835
Rajasthan,JAISALMER,2002,Kharif,Castor seed,85,5,0.058823529
Rajasthan,JAISALMER,2002,Kharif,Cotton(lint),834,547,0.6558753
Rajasthan,JAISALMER,2002,Kharif,Groundnut,2057,1412,0.686436558
Rajasthan,JAISALMER,2002,Kharif,Jowar,10,1,0.1
Rajasthan,JAISALMER,2002,Kharif,Moong(Green Gram),2162,136,0.062904718
Rajasthan,JAISALMER,2002,Kharif,Moth,1512,66,0.043650794
Rajasthan,JAISALMER,2002,Kharif,Other Kharif pulses,41,0,0
Rajasthan,JAISALMER,2002,Kharif,Sesamum,25,1,0.04
Rajasthan,JAISALMER,2002,Kharif,Urad,4,1,0.25
Rajasthan,JAISALMER,2002,Rabi,Barley,71,165,2.323943662
Rajasthan,JAISALMER,2002,Rabi,Gram,6536,4951,0.75749694
Rajasthan,JAISALMER,2002,Rabi,Masoor,3,,
Rajasthan,JAISALMER,2002,Rabi,Rapeseed &Mustard,12978,9650,0.743566035
Rajasthan,JAISALMER,2002,Rabi,Wheat,7486,20280,2.709056906
Rajasthan,JAISALMER,2002,Whole Year,Coriander,8,1,0.125
Rajasthan,JAISALMER,2002,Whole Year,Dry chillies,163,,
Rajasthan,JAISALMER,2002,Whole Year,Guar seed,5047,,
Rajasthan,JAISALMER,2002,Whole Year,Onion,2,0,0
Rajasthan,JAISALMER,2002,Whole Year,Other Fresh Fruits,1,0,0
Rajasthan,JAISALMER,2002,Whole Year,Other Vegetables,39,0,0
Rajasthan,JAISALMER,2003,Kharif,Arhar/Tur,20,4,0.2
Rajasthan,JAISALMER,2003,Kharif,Bajra,189146,110360,0.583464625
Rajasthan,JAISALMER,2003,Kharif,Castor seed,195,54,0.276923077
Rajasthan,JAISALMER,2003,Kharif,Cotton(lint),450,929,2.064444444
Rajasthan,JAISALMER,2003,Kharif,Groundnut,3311,5182,1.565086077
Rajasthan,JAISALMER,2003,Kharif,Jowar,2880,2055,0.713541667
Rajasthan,JAISALMER,2003,Kharif,Moong(Green Gram),4612,2859,0.619904597
Rajasthan,JAISALMER,2003,Kharif,Moth,2835,1503,0.53015873
Rajasthan,JAISALMER,2003,Kharif,Other Kharif pulses,1,1,1
Rajasthan,JAISALMER,2003,Kharif,Sesamum,726,329,0.453168044
Rajasthan,JAISALMER,2003,Kharif,Urad,3,1,0.333333333
Rajasthan,JAISALMER,2003,Rabi,Barley,16,36,2.25
Rajasthan,JAISALMER,2003,Rabi,Gram,9431,5968,0.632806701
Rajasthan,JAISALMER,2003,Rabi,Linseed,3,2,0.666666667
Rajasthan,JAISALMER,2003,Rabi,Rapeseed &Mustard,30090,27565,0.916085078
Rajasthan,JAISALMER,2003,Rabi,Wheat,5377,15023,2.79393714
Rajasthan,JAISALMER,2003,Whole Year,Coriander,9,11,1.222222222
Rajasthan,JAISALMER,2003,Whole Year,Dry chillies,206,155,0.752427184
Rajasthan,JAISALMER,2003,Whole Year,Garlic,9,4,0.444444444
Rajasthan,JAISALMER,2003,Whole Year,Guar seed,356411,,
Rajasthan,JAISALMER,2003,Whole Year,Onion,40,400,10
Rajasthan,JAISALMER,2003,Whole Year,Other Fresh Fruits,2,0,0
Rajasthan,JAISALMER,2003,Whole Year,other oilseeds,12816,13611,1.062031835
Rajasthan,JAISALMER,2003,Whole Year,Other Vegetables,35,0,0
Rajasthan,JAISALMER,2003,Whole Year,Potato,1,1,1
Rajasthan,JAISALMER,2004,Kharif,Arhar/Tur,1,,
Rajasthan,JAISALMER,2004,Kharif,Bajra,101346,,
Rajasthan,JAISALMER,2004,Kharif,Castor seed,487,139,0.285420945
Rajasthan,JAISALMER,2004,Kharif,Cotton(lint),401,700,1.74563591
Rajasthan,JAISALMER,2004,Kharif,Groundnut,4728,7328,1.549915398
Rajasthan,JAISALMER,2004,Kharif,Jowar,4077,1892,0.464066716
Rajasthan,JAISALMER,2004,Kharif,Moong(Green Gram),1716,467,0.272144522
Rajasthan,JAISALMER,2004,Kharif,Moth,1242,163,0.131239936
Rajasthan,JAISALMER,2004,Kharif,Sesamum,416,138,0.331730769
Rajasthan,JAISALMER,2004,Kharif,Sunflower,1,,
Rajasthan,JAISALMER,2004,Rabi,Barley,47,112,2.382978723
Rajasthan,JAISALMER,2004,Rabi,Gram,11027,7009,0.635621656
Rajasthan,JAISALMER,2004,Rabi,Linseed,4,3,0.75
Rajasthan,JAISALMER,2004,Rabi,Rapeseed &Mustard,46565,41988,0.901707291
Rajasthan,JAISALMER,2004,Rabi,Wheat,4821,13686,2.838830118
Rajasthan,JAISALMER,2004,Whole Year,Coriander,783,897,1.14559387
Rajasthan,JAISALMER,2004,Whole Year,Dry chillies,130,13,0.1
Rajasthan,JAISALMER,2004,Whole Year,Garlic,2,1,0.5
Rajasthan,JAISALMER,2004,Whole Year,Guar seed,205838,2511,0.012198914
Rajasthan,JAISALMER,2004,Whole Year,Onion,41,338,8.243902439
Rajasthan,JAISALMER,2004,Whole Year,Potato,7,20,2.857142857
Rajasthan,JAISALMER,2004,Whole Year,Sugarcane,1,48,48
Rajasthan,JAISALMER,2005,Kharif,Bajra,140997,26623,0.18881962
Rajasthan,JAISALMER,2005,Kharif,Castor seed,1164,742,0.637457045
Rajasthan,JAISALMER,2005,Kharif,Cotton(lint),276,517,1.873188406
Rajasthan,JAISALMER,2005,Kharif,Groundnut,5767,8919,1.546558002
Rajasthan,JAISALMER,2005,Kharif,Jowar,3920,1124,0.286734694
Rajasthan,JAISALMER,2005,Kharif,Moong(Green Gram),1243,198,0.159292035
Rajasthan,JAISALMER,2005,Kharif,Moth,636,77,0.121069182
Rajasthan,JAISALMER,2005,Kharif,Sesamum,357,53,0.148459384
Rajasthan,JAISALMER,2005,Rabi,Barley,52,118,2.269230769
Rajasthan,JAISALMER,2005,Rabi,Gram,47996,27885,0.580985915
Rajasthan,JAISALMER,2005,Rabi,Linseed,2,2,1
Rajasthan,JAISALMER,2005,Rabi,Masoor,1,1,1
Rajasthan,JAISALMER,2005,Rabi,Rapeseed &Mustard,96253,101148,1.050855558
Rajasthan,JAISALMER,2005,Rabi,Wheat,13015,35942,2.761582789
Rajasthan,JAISALMER,2005,Whole Year,Coriander,3,3,1
Rajasthan,JAISALMER,2005,Whole Year,Dry chillies,43,34,0.790697674
Rajasthan,JAISALMER,2005,Whole Year,Garlic,2,6,3
Rajasthan,JAISALMER,2005,Whole Year,Guar seed,247735,23452,0.094665671
Rajasthan,JAISALMER,2005,Whole Year,Onion,50,47,0.94
Rajasthan,JAISALMER,2006,Kharif,Bajra,101758,1856,0.018239352
Rajasthan,JAISALMER,2006,Kharif,Castor seed,683,270,0.395314788
Rajasthan,JAISALMER,2006,Kharif,Cotton(lint),45,16,0.355555556
Rajasthan,JAISALMER,2006,Kharif,Groundnut,6085,7689,1.263599014
Rajasthan,JAISALMER,2006,Kharif,Jowar,6091,2649,0.434903957
Rajasthan,JAISALMER,2006,Kharif,Moong(Green Gram),1931,392,0.203003625
Rajasthan,JAISALMER,2006,Kharif,Moth,577,96,0.166377816
Rajasthan,JAISALMER,2006,Kharif,Sesamum,86,28,0.325581395
Rajasthan,JAISALMER,2006,Rabi,Barley,98,250,2.551020408
Rajasthan,JAISALMER,2006,Rabi,Gram,27854,26418,0.948445466
Rajasthan,JAISALMER,2006,Rabi,Linseed,4,3,0.75
Rajasthan,JAISALMER,2006,Rabi,Masoor,2,2,1
Rajasthan,JAISALMER,2006,Rabi,Rapeseed &Mustard,105113,58552,0.557038616
Rajasthan,JAISALMER,2006,Rabi,Wheat,13030,19197,1.473292402
Rajasthan,JAISALMER,2006,Whole Year,Coriander,2,2,1
Rajasthan,JAISALMER,2006,Whole Year,Dry chillies,22,22,1
Rajasthan,JAISALMER,2006,Whole Year,Guar seed,340474,14532,0.042681673
Rajasthan,JAISALMER,2006,Whole Year,Onion,33,15,0.454545455
Rajasthan,JAISALMER,2006,Whole Year,Sugarcane,1,58,58
Rajasthan,JAISALMER,2007,Kharif,Bajra,128864,27413,0.212728148
Rajasthan,JAISALMER,2007,Kharif,Castor seed,844,251,0.297393365
Rajasthan,JAISALMER,2007,Kharif,Cotton(lint),9,3,0.333333333
Rajasthan,JAISALMER,2007,Kharif,Groundnut,7298,12215,1.673746232
Rajasthan,JAISALMER,2007,Kharif,Jowar,5048,2666,0.528129952
Rajasthan,JAISALMER,2007,Kharif,Moong(Green Gram),3247,305,0.093932861
Rajasthan,JAISALMER,2007,Kharif,Moth,360,113,0.313888889
Rajasthan,JAISALMER,2007,Kharif,Sesamum,320,129,0.403125
Rajasthan,JAISALMER,2007,Rabi,Barley,91,197,2.164835165
Rajasthan,JAISALMER,2007,Rabi,Gram,70928,31753,0.447679337
Rajasthan,JAISALMER,2007,Rabi,other oilseeds,351,65,0.185185185
Rajasthan,JAISALMER,2007,Rabi,Peas & beans (Pulses),3,1,0.333333333
Rajasthan,JAISALMER,2007,Rabi,Rapeseed &Mustard,64021,19581,0.305852767
Rajasthan,JAISALMER,2007,Rabi,Wheat,9696,8987,0.926877063
Rajasthan,JAISALMER,2007,Whole Year,Coriander,25,20,0.8
Rajasthan,JAISALMER,2007,Whole Year,Dry chillies,31,25,0.806451613
Rajasthan,JAISALMER,2007,Whole Year,Guar seed,329752,19686,0.05969941
Rajasthan,JAISALMER,2007,Whole Year,Onion,18,8,0.444444444
Rajasthan,JAISALMER,2007,Whole Year,Potato,38,19,0.5
Rajasthan,JAISALMER,2008,Kharif,Bajra,150591,3732,0.024782358
Rajasthan,JAISALMER,2008,Kharif,Castor seed,1239,369,0.297820823
Rajasthan,JAISALMER,2008,Kharif,Cotton(lint),39,16,0.41025641
Rajasthan,JAISALMER,2008,Kharif,Groundnut,9215,10379,1.126315789
Rajasthan,JAISALMER,2008,Kharif,Jowar,3046,112,0.036769534
Rajasthan,JAISALMER,2008,Kharif,Moong(Green Gram),3081,316,0.102564103
Rajasthan,JAISALMER,2008,Kharif,Moth,273,73,0.267399267
Rajasthan,JAISALMER,2008,Kharif,Sesamum,609,178,0.29228243
Rajasthan,JAISALMER,2008,Rabi,Barley,142,435,3.063380282
Rajasthan,JAISALMER,2008,Rabi,Gram,66962,35367,0.528165228
Rajasthan,JAISALMER,2008,Rabi,other oilseeds,12400,1403,0.113145161
Rajasthan,JAISALMER,2008,Rabi,Rapeseed &Mustard,76764,47574,0.61974363
Rajasthan,JAISALMER,2008,Rabi,Wheat,9521,7878,0.827434093
Rajasthan,JAISALMER,2008,Whole Year,Coriander,1,1,1
Rajasthan,JAISALMER,2008,Whole Year,Dry chillies,21,11,0.523809524
Rajasthan,JAISALMER,2008,Whole Year,Guar seed,374202,13208,0.035296444
Rajasthan,JAISALMER,2008,Whole Year,Onion,21,127,6.047619048
Rajasthan,JAISALMER,2008,Whole Year,Tobacco,8,2,0.25
Rajasthan,JAISALMER,2009,Kharif,Arhar/Tur,13,4,0.307692308
Rajasthan,JAISALMER,2009,Kharif,Bajra,161684,1115,0.006896168
Rajasthan,JAISALMER,2009,Kharif,Castor seed,1201,233,0.194004996
Rajasthan,JAISALMER,2009,Kharif,Cotton(lint),105,36,0.342857143
Rajasthan,JAISALMER,2009,Kharif,Groundnut,9241,8563,0.926631317
Rajasthan,JAISALMER,2009,Kharif,Jowar,495,,
Rajasthan,JAISALMER,2009,Kharif,Moong(Green Gram),2467,98,0.039724362
Rajasthan,JAISALMER,2009,Kharif,Moth,469,15,0.031982942
Rajasthan,JAISALMER,2009,Kharif,Other Kharif pulses,16,2,0.125
Rajasthan,JAISALMER,2009,Kharif,Sesamum,1026,167,0.162768031
Rajasthan,JAISALMER,2009,Rabi,Barley,120,333,2.775
Rajasthan,JAISALMER,2009,Rabi,Gram,52675,19044,0.361537731
Rajasthan,JAISALMER,2009,Rabi,Other  Rabi pulses,25,14,0.56
Rajasthan,JAISALMER,2009,Rabi,other oilseeds,1148,344,0.299651568
Rajasthan,JAISALMER,2009,Rabi,Rapeseed &Mustard,34680,22078,0.636620531
Rajasthan,JAISALMER,2009,Rabi,Wheat,10768,12725,1.181742199
Rajasthan,JAISALMER,2009,Whole Year,Coriander,1,2,2
Rajasthan,JAISALMER,2009,Whole Year,Dry chillies,15,8,0.533333333
Rajasthan,JAISALMER,2009,Whole Year,Guar seed,317496,2576,0.008113488
Rajasthan,JAISALMER,2009,Whole Year,Potato,7,,
Rajasthan,JAISALMER,2009,Whole Year,Sugarcane,1,58,58
Rajasthan,JAISALMER,2010,Kharif,Bajra,191205,90732,0.47452734
Rajasthan,JAISALMER,2010,Kharif,Castor seed,2103,607,0.288635283
Rajasthan,JAISALMER,2010,Kharif,Cotton(lint),39,17,0.435897436
Rajasthan,JAISALMER,2010,Kharif,Groundnut,11221,16291,1.451831388
Rajasthan,JAISALMER,2010,Kharif,Jowar,2552,1787,0.70023511
Rajasthan,JAISALMER,2010,Kharif,Moong(Green Gram),9981,6203,0.621480814
Rajasthan,JAISALMER,2010,Kharif,Moth,3157,1535,0.486221096
Rajasthan,JAISALMER,2010,Kharif,Other Kharif pulses,2,1,0.5
Rajasthan,JAISALMER,2010,Kharif,Sesamum,813,332,0.408364084
Rajasthan,JAISALMER,2010,Rabi,Barley,200,570,2.85
Rajasthan,JAISALMER,2010,Rabi,Gram,79529,52035,0.65428963
Rajasthan,JAISALMER,2010,Rabi,other oilseeds,23352,9927,0.425102775
Rajasthan,JAISALMER,2010,Rabi,Rapeseed &Mustard,69288,54207,0.782343263
Rajasthan,JAISALMER,2010,Rabi,Wheat,15127,51937,3.433397237
Rajasthan,JAISALMER,2010,Whole Year,Coriander,9,10,1.111111111
Rajasthan,JAISALMER,2010,Whole Year,Dry chillies,18,9,0.5
Rajasthan,JAISALMER,2010,Whole Year,Guar seed,424326,127179,0.299720027
Rajasthan,JAISALMER,2010,Whole Year,Onion,22,10,0.454545455
Rajasthan,JAISALMER,2010,Whole Year,Sugarcane,1,67,67
Rajasthan,JALORE,1997,Kharif,Bajra,328400,161400,0.491473812
Rajasthan,JALORE,1997,Kharif,Castor seed,14600,10200,0.698630137
Rajasthan,JALORE,1997,Kharif,Cotton(lint),2200,1764,0.801818182
Rajasthan,JALORE,1997,Kharif,Groundnut,200,200,1
Rajasthan,JALORE,1997,Kharif,Jowar,5700,2700,0.473684211
Rajasthan,JALORE,1997,Kharif,Maize,300,400,1.333333333
Rajasthan,JALORE,1997,Kharif,Onion,200,900,4.5
Rajasthan,JALORE,1997,Kharif,Sesamum,31500,5700,0.180952381
Rajasthan,JALORE,1997,Rabi,Barley,700,1300,1.857142857
Rajasthan,JALORE,1997,Rabi,Gram,9300,8000,0.860215054
Rajasthan,JALORE,1997,Rabi,Rapeseed &Mustard,139600,105100,0.75286533
Rajasthan,JALORE,1997,Rabi,Wheat,45900,65500,1.427015251
Rajasthan,JALORE,1998,Kharif,Arhar/Tur,1,1,1
Rajasthan,JALORE,1998,Kharif,Bajra,207033,22989,0.111040269
Rajasthan,JALORE,1998,Kharif,Castor seed,12762,14102,1.104999216
Rajasthan,JALORE,1998,Kharif,Cotton(lint),2110,675,0.319905213
Rajasthan,JALORE,1998,Kharif,Groundnut,154,168,1.090909091
Rajasthan,JALORE,1998,Kharif,Jowar,1522,452,0.296977661
Rajasthan,JALORE,1998,Kharif,Maize,193,209,1.082901554
Rajasthan,JALORE,1998,Kharif,Moong(Green Gram),28472,,
Rajasthan,JALORE,1998,Kharif,Moth,7725,623,0.080647249
Rajasthan,JALORE,1998,Kharif,Other Kharif pulses,406,7,0.017241379
Rajasthan,JALORE,1998,Kharif,Sannhamp,28,,
Rajasthan,JALORE,1998,Kharif,Sesamum,17152,252,0.014692164
Rajasthan,JALORE,1998,Rabi,Barley,792,1565,1.976010101
Rajasthan,JALORE,1998,Rabi,Gram,12173,8966,0.736548098
Rajasthan,JALORE,1998,Rabi,Other  Rabi pulses,11,13,1.181818182
Rajasthan,JALORE,1998,Rabi,Peas & beans (Pulses),1,2,2
Rajasthan,JALORE,1998,Rabi,Rapeseed &Mustard,170597,160561,0.941171298
Rajasthan,JALORE,1998,Rabi,Tobacco,9,4,0.444444444
Rajasthan,JALORE,1998,Rabi,Wheat,46124,77345,1.676892724
Rajasthan,JALORE,1998,Whole Year,Coriander,1,1,1
Rajasthan,JALORE,1998,Whole Year,Dry chillies,395,463,1.172151899
Rajasthan,JALORE,1998,Whole Year,Garlic,8,3,0.375
Rajasthan,JALORE,1998,Whole Year,Onion,303,847,2.795379538
Rajasthan,JALORE,1998,Whole Year,Potato,34,105,3.088235294
Rajasthan,JALORE,1998,Whole Year,Sweet potato,60,242,4.033333333
Rajasthan,JALORE,1999,Kharif,Bajra,253824,6125,0.024130894
Rajasthan,JALORE,1999,Kharif,Castor seed,25757,15673,0.608494778
Rajasthan,JALORE,1999,Kharif,Cotton(lint),1435,247,0.172125436
Rajasthan,JALORE,1999,Kharif,Groundnut,16,16,1
Rajasthan,JALORE,1999,Kharif,Jowar,1820,567,0.311538462
Rajasthan,JALORE,1999,Kharif,Maize,110,114,1.036363636
Rajasthan,JALORE,1999,Kharif,Moong(Green Gram),38179,,
Rajasthan,JALORE,1999,Kharif,Moth,7679,297,0.038676911
Rajasthan,JALORE,1999,Kharif,Other Kharif pulses,626,1,0.001597444
Rajasthan,JALORE,1999,Kharif,Sesamum,25398,125,0.004921647
Rajasthan,JALORE,1999,Kharif,Small millets,617,29,0.047001621
Rajasthan,JALORE,1999,Kharif,Sunflower,1,,
Rajasthan,JALORE,1999,Rabi,Barley,573,1157,2.019197208
Rajasthan,JALORE,1999,Rabi,Gram,1214,844,0.695222405
Rajasthan,JALORE,1999,Rabi,Linseed,1,1,1
Rajasthan,JALORE,1999,Rabi,Other  Rabi pulses,15,18,1.2
Rajasthan,JALORE,1999,Rabi,Rapeseed &Mustard,118686,87009,0.733102472
Rajasthan,JALORE,1999,Rabi,Wheat,41077,61666,1.501229398
Rajasthan,JALORE,1999,Whole Year,Coriander,1,,
Rajasthan,JALORE,1999,Whole Year,Dry chillies,631,694,1.099841521
Rajasthan,JALORE,1999,Whole Year,Garlic,3,2,0.666666667
Rajasthan,JALORE,1999,Whole Year,Guar seed,56660,366,0.006459583
Rajasthan,JALORE,1999,Whole Year,Onion,211,525,2.488151659
Rajasthan,JALORE,1999,Whole Year,Sannhamp,11,,
Rajasthan,JALORE,1999,Whole Year,Sweet potato,35,43,1.228571429
Rajasthan,JALORE,1999,Whole Year,Tobacco,53,16,0.301886792
Rajasthan,JALORE,2000,Kharif,Bajra,342774,107127,0.312529538
Rajasthan,JALORE,2000,Kharif,Castor seed,46915,16455,0.350740701
Rajasthan,JALORE,2000,Kharif,Cotton(lint),481,600,1.247401247
Rajasthan,JALORE,2000,Kharif,Groundnut,33,31,0.939393939
Rajasthan,JALORE,2000,Kharif,Jowar,3098,622,0.200774693
Rajasthan,JALORE,2000,Kharif,Maize,142,149,1.049295775
Rajasthan,JALORE,2000,Kharif,Moong(Green Gram),59082,7172,0.12139061
Rajasthan,JALORE,2000,Kharif,Moth,21034,1183,0.056242274
Rajasthan,JALORE,2000,Kharif,Other Kharif pulses,481,6,0.012474012
Rajasthan,JALORE,2000,Kharif,Sesamum,21467,286,0.013322774
Rajasthan,JALORE,2000,Kharif,Small millets,1022,4,0.003913894
Rajasthan,JALORE,2000,Rabi,Barley,530,962,1.81509434
Rajasthan,JALORE,2000,Rabi,Gram,480,283,0.589583333
Rajasthan,JALORE,2000,Rabi,Other  Rabi pulses,11,12,1.090909091
Rajasthan,JALORE,2000,Rabi,Rapeseed &Mustard,16767,14627,0.872368343
Rajasthan,JALORE,2000,Rabi,Wheat,34339,43263,1.259879437
Rajasthan,JALORE,2000,Whole Year,Coriander,1,1,1
Rajasthan,JALORE,2000,Whole Year,Dry chillies,641,641,1
Rajasthan,JALORE,2000,Whole Year,Garlic,14,15,1.071428571
Rajasthan,JALORE,2000,Whole Year,Guar seed,84102,700,0.008323227
Rajasthan,JALORE,2000,Whole Year,Onion,214,468,2.186915888
Rajasthan,JALORE,2000,Whole Year,Potato,17,32,1.882352941
Rajasthan,JALORE,2000,Whole Year,Sannhamp,3,,
Rajasthan,JALORE,2000,Whole Year,Sweet potato,29,38,1.310344828
Rajasthan,JALORE,2000,Whole Year,Tobacco,29,17,0.586206897
Rajasthan,JALORE,2001,Kharif,Arhar/Tur,1,,
Rajasthan,JALORE,2001,Kharif,Bajra,366428,205234,0.560093661
Rajasthan,JALORE,2001,Kharif,Castor seed,19039,24080,1.264772309
Rajasthan,JALORE,2001,Kharif,Cotton(lint),489,1753,3.584867076
Rajasthan,JALORE,2001,Kharif,Groundnut,39,48,1.230769231
Rajasthan,JALORE,2001,Kharif,Jowar,4751,1966,0.413807619
Rajasthan,JALORE,2001,Kharif,Maize,112,163,1.455357143
Rajasthan,JALORE,2001,Kharif,Moong(Green Gram),67790,17800,0.262575601
Rajasthan,JALORE,2001,Kharif,Moth,16048,1698,0.105807577
Rajasthan,JALORE,2001,Kharif,Other Kharif pulses,322,166,0.51552795
Rajasthan,JALORE,2001,Kharif,Sesamum,20709,5320,0.256893138
Rajasthan,JALORE,2001,Kharif,Small millets,1003,368,0.366899302
Rajasthan,JALORE,2001,Rabi,Barley,239,615,2.573221757
Rajasthan,JALORE,2001,Rabi,Gram,3610,2738,0.758448753
Rajasthan,JALORE,2001,Rabi,Linseed,8,6,0.75
Rajasthan,JALORE,2001,Rabi,Other  Rabi pulses,48,49,1.020833333
Rajasthan,JALORE,2001,Rabi,Rapeseed &Mustard,31994,27344,0.854660249
Rajasthan,JALORE,2001,Rabi,Wheat,28665,37235,1.29897087
Rajasthan,JALORE,2001,Whole Year,Coriander,13,8,0.615384615
Rajasthan,JALORE,2001,Whole Year,Dry chillies,827,1819,2.199516324
Rajasthan,JALORE,2001,Whole Year,Garlic,7,7,1
Rajasthan,JALORE,2001,Whole Year,Guar seed,87793,41289,0.470299454
Rajasthan,JALORE,2001,Whole Year,Onion,197,518,2.629441624
Rajasthan,JALORE,2001,Whole Year,Potato,18,36,2
Rajasthan,JALORE,2001,Whole Year,Sannhamp,4,2,0.5
Rajasthan,JALORE,2001,Whole Year,Sweet potato,55,151,2.745454545
Rajasthan,JALORE,2001,Whole Year,Tobacco,5,2,0.4
Rajasthan,JALORE,2002,Kharif,Bajra,361934,57274,0.158244321
Rajasthan,JALORE,2002,Kharif,Castor seed,7943,14084,1.773133577
Rajasthan,JALORE,2002,Kharif,Cotton(lint),381,782,2.052493438
Rajasthan,JALORE,2002,Kharif,Groundnut,75,51,0.68
Rajasthan,JALORE,2002,Kharif,Jowar,1331,171,0.128474831
Rajasthan,JALORE,2002,Kharif,Maize,63,56,0.888888889
Rajasthan,JALORE,2002,Kharif,Moong(Green Gram),49422,410,0.008295901
Rajasthan,JALORE,2002,Kharif,Moth,7184,,
Rajasthan,JALORE,2002,Kharif,Other Kharif pulses,290,13,0.044827586
Rajasthan,JALORE,2002,Kharif,Sesamum,11083,,
Rajasthan,JALORE,2002,Kharif,Small millets,587,0.1,0.000170358
Rajasthan,JALORE,2002,Kharif,Sunflower,17,1,0.058823529
Rajasthan,JALORE,2002,Kharif,Urad,9,2,0.222222222
Rajasthan,JALORE,2002,Rabi,Barley,432,1006,2.328703704
Rajasthan,JALORE,2002,Rabi,Gram,17,13,0.764705882
Rajasthan,JALORE,2002,Rabi,Linseed,1,1,1
Rajasthan,JALORE,2002,Rabi,Rapeseed &Mustard,23684,23139,0.976988684
Rajasthan,JALORE,2002,Rabi,Wheat,29446,44959,1.526828771
Rajasthan,JALORE,2002,Whole Year,Citrus Fruit,72,0,0
Rajasthan,JALORE,2002,Whole Year,Dry chillies,393,3346,8.513994911
Rajasthan,JALORE,2002,Whole Year,Garlic,7,11,1.571428571
Rajasthan,JALORE,2002,Whole Year,Guar seed,14344,79,0.005507529
Rajasthan,JALORE,2002,Whole Year,Mango,40,0,0
Rajasthan,JALORE,2002,Whole Year,Onion,156,624,4
Rajasthan,JALORE,2002,Whole Year,Orange,1,0,0
Rajasthan,JALORE,2002,Whole Year,Other Fresh Fruits,134,0,0
Rajasthan,JALORE,2002,Whole Year,Other Vegetables,1287,0,0
Rajasthan,JALORE,2002,Whole Year,Papaya,9,72,8
Rajasthan,JALORE,2002,Whole Year,Pome Fruit,1,0,0
Rajasthan,JALORE,2002,Whole Year,Potato,45,86,1.911111111
Rajasthan,JALORE,2002,Whole Year,Sannhamp,3,,
Rajasthan,JALORE,2002,Whole Year,Sweet potato,39,80,2.051282051
Rajasthan,JALORE,2002,Whole Year,Tobacco,10,7,0.7
Rajasthan,JALORE,2002,Whole Year,Water Melon,1,0,0
Rajasthan,JALORE,2003,Kharif,Bajra,401931,505895,1.258661313
Rajasthan,JALORE,2003,Kharif,Castor seed,24877,40174,1.614905334
Rajasthan,JALORE,2003,Kharif,Cotton(lint),231,476,2.060606061
Rajasthan,JALORE,2003,Kharif,Groundnut,107,168,1.570093458
Rajasthan,JALORE,2003,Kharif,Jowar,4339,3113,0.717446416
Rajasthan,JALORE,2003,Kharif,Maize,56,104,1.857142857
Rajasthan,JALORE,2003,Kharif,Moong(Green Gram),76523,58299,0.761849379
Rajasthan,JALORE,2003,Kharif,Moth,21498,11887,0.552935157
Rajasthan,JALORE,2003,Kharif,Other Kharif pulses,301,191,0.634551495
Rajasthan,JALORE,2003,Kharif,Sesamum,16809,9036,0.537569159
Rajasthan,JALORE,2003,Kharif,Small millets,57,40,0.701754386
Rajasthan,JALORE,2003,Kharif,Urad,2,1,0.5
Rajasthan,JALORE,2003,Rabi,Barley,264,594,2.25
Rajasthan,JALORE,2003,Rabi,Gram,7288,4612,0.632821076
Rajasthan,JALORE,2003,Rabi,Other  Rabi pulses,54,54,1
Rajasthan,JALORE,2003,Rabi,Rapeseed &Mustard,70043,79075,1.12894936
Rajasthan,JALORE,2003,Rabi,Wheat,29457,53836,1.827613131
Rajasthan,JALORE,2003,Whole Year,Citrus Fruit,65,0,0
Rajasthan,JALORE,2003,Whole Year,Coriander,11,14,1.272727273
Rajasthan,JALORE,2003,Whole Year,Dry chillies,561,1290,2.299465241
Rajasthan,JALORE,2003,Whole Year,Guar seed,61073,,
Rajasthan,JALORE,2003,Whole Year,Mango,41,0,0
Rajasthan,JALORE,2003,Whole Year,Onion,249,748,3.004016064
Rajasthan,JALORE,2003,Whole Year,Orange,1,0,0
Rajasthan,JALORE,2003,Whole Year,Other Fresh Fruits,310,0,0
Rajasthan,JALORE,2003,Whole Year,other oilseeds,42351,49970,1.179901301
Rajasthan,JALORE,2003,Whole Year,Other Vegetables,1431,0,0
Rajasthan,JALORE,2003,Whole Year,Papaya,7,53,7.571428571
Rajasthan,JALORE,2003,Whole Year,Pome Fruit,1,0,0
Rajasthan,JALORE,2003,Whole Year,Potato,47,85,1.808510638
Rajasthan,JALORE,2003,Whole Year,Sweet potato,47,207,4.404255319
Rajasthan,JALORE,2003,Whole Year,Tobacco,4,,
Rajasthan,JALORE,2003,Whole Year,Water Melon,1,0,0
Rajasthan,JALORE,2004,Kharif,Bajra,365804,149171,0.407789417
Rajasthan,JALORE,2004,Kharif,Castor seed,41744,46215,1.107105213
Rajasthan,JALORE,2004,Kharif,Cotton(lint),684,1194,1.745614035
Rajasthan,JALORE,2004,Kharif,Groundnut,915,1418,1.549726776
Rajasthan,JALORE,2004,Kharif,Jowar,5339,2478,0.46413186
Rajasthan,JALORE,2004,Kharif,Maize,197,238,1.208121827
Rajasthan,JALORE,2004,Kharif,Moong(Green Gram),79299,13593,0.17141452
Rajasthan,JALORE,2004,Kharif,Moth,16838,297,0.017638674
Rajasthan,JALORE,2004,Kharif,Other Kharif pulses,301,33,0.109634551
Rajasthan,JALORE,2004,Kharif,Sesamum,27429,5388,0.196434431
Rajasthan,JALORE,2004,Kharif,Small millets,491,15,0.030549898
Rajasthan,JALORE,2004,Kharif,Soyabean,2,3,1.5
Rajasthan,JALORE,2004,Kharif,Urad,4,1,0.25
Rajasthan,JALORE,2004,Rabi,Barley,243,579,2.382716049
Rajasthan,JALORE,2004,Rabi,Gram,1,1,1
Rajasthan,JALORE,2004,Rabi,Other  Rabi pulses,1,3,3
Rajasthan,JALORE,2004,Rabi,Rapeseed &Mustard,79251,92741,1.170218672
Rajasthan,JALORE,2004,Rabi,Small millets,26,4,0.153846154
Rajasthan,JALORE,2004,Rabi,Wheat,22327,37852,1.695346442
Rajasthan,JALORE,2004,Whole Year,Coriander,1,1,1
Rajasthan,JALORE,2004,Whole Year,Dry chillies,740,1184,1.6
Rajasthan,JALORE,2004,Whole Year,Garlic,1,,
Rajasthan,JALORE,2004,Whole Year,Guar seed,72741,3662,0.050342998
Rajasthan,JALORE,2004,Whole Year,Onion,189,604,3.195767196
Rajasthan,JALORE,2004,Whole Year,Potato,34,19,0.558823529
Rajasthan,JALORE,2004,Whole Year,Sannhamp,7,2,0.285714286
Rajasthan,JALORE,2004,Whole Year,Sweet potato,58,229,3.948275862
Rajasthan,JALORE,2004,Whole Year,Tobacco,50,34,0.68
Rajasthan,JALORE,2005,Kharif,Bajra,352473,152781,0.433454477
Rajasthan,JALORE,2005,Kharif,Castor seed,43164,6550,0.151746826
Rajasthan,JALORE,2005,Kharif,Cotton(lint),291,541,1.859106529
Rajasthan,JALORE,2005,Kharif,Groundnut,2660,4114,1.546616541
Rajasthan,JALORE,2005,Kharif,Jowar,4452,1277,0.286837376
Rajasthan,JALORE,2005,Kharif,Maize,169,186,1.100591716
Rajasthan,JALORE,2005,Kharif,Moong(Green Gram),81595,14943,0.183136222
Rajasthan,JALORE,2005,Kharif,Moth,32071,23408,0.729880577
Rajasthan,JALORE,2005,Kharif,Other Kharif pulses,325,228,0.701538462
Rajasthan,JALORE,2005,Kharif,Sesamum,29360,1275,0.043426431
Rajasthan,JALORE,2005,Kharif,Small millets,1081,848,0.784458834
Rajasthan,JALORE,2005,Kharif,Soyabean,2,2,1
Rajasthan,JALORE,2005,Rabi,Barley,408,927,2.272058824
Rajasthan,JALORE,2005,Rabi,Gram,623,276,0.443017657
Rajasthan,JALORE,2005,Rabi,Peas & beans (Pulses),1,2,2
Rajasthan,JALORE,2005,Rabi,Rapeseed &Mustard,93939,114158,1.215235419
Rajasthan,JALORE,2005,Rabi,Small millets,178,267,1.5
Rajasthan,JALORE,2005,Rabi,Wheat,22327,32653,1.462489363
Rajasthan,JALORE,2005,Whole Year,Coriander,1,1,1
Rajasthan,JALORE,2005,Whole Year,Dry chillies,486,1361,2.800411523
Rajasthan,JALORE,2005,Whole Year,Garlic,5,8,1.6
Rajasthan,JALORE,2005,Whole Year,Guar seed,64147,23044,0.359237377
Rajasthan,JALORE,2005,Whole Year,Onion,290,839,2.893103448
Rajasthan,JALORE,2005,Whole Year,Potato,25,47,1.88
Rajasthan,JALORE,2005,Whole Year,Sannhamp,8,2,0.25
Rajasthan,JALORE,2005,Whole Year,Sweet potato,49,144,2.93877551
Rajasthan,JALORE,2005,Whole Year,Tobacco,43,34,0.790697674
Rajasthan,JALORE,2006,Kharif,Bajra,358458,297803,0.830789102
Rajasthan,JALORE,2006,Kharif,Castor seed,30788,33513,1.08850851
Rajasthan,JALORE,2006,Kharif,Cotton(lint),126,46,0.365079365
Rajasthan,JALORE,2006,Kharif,Groundnut,1978,2582,1.305358948
Rajasthan,JALORE,2006,Kharif,Jowar,3097,1426,0.460445593
Rajasthan,JALORE,2006,Kharif,Maize,36,39,1.083333333
Rajasthan,JALORE,2006,Kharif,Moong(Green Gram),61535,26637,0.432875599
Rajasthan,JALORE,2006,Kharif,Moth,34534,25920,0.750564661
Rajasthan,JALORE,2006,Kharif,Other Kharif pulses,397,195,0.491183879
Rajasthan,JALORE,2006,Kharif,Sesamum,7486,1570,0.20972482
Rajasthan,JALORE,2006,Kharif,Small millets,1201,629,0.523730225
Rajasthan,JALORE,2006,Kharif,Urad,2,1,0.5
Rajasthan,JALORE,2006,Rabi,Barley,421,1072,2.54631829
Rajasthan,JALORE,2006,Rabi,Gram,22120,18376,0.83074141
Rajasthan,JALORE,2006,Rabi,Linseed,27,21,0.777777778
Rajasthan,JALORE,2006,Rabi,Peas & beans (Pulses),3,6,2
Rajasthan,JALORE,2006,Rabi,Rapeseed &Mustard,126815,160183,1.263123448
Rajasthan,JALORE,2006,Rabi,Wheat,43350,77784,1.79432526
Rajasthan,JALORE,2006,Whole Year,Coriander,7,8,1.142857143
Rajasthan,JALORE,2006,Whole Year,Dry chillies,452,1853,4.099557522
Rajasthan,JALORE,2006,Whole Year,Garlic,4,5,1.25
Rajasthan,JALORE,2006,Whole Year,Guar seed,50163,33837,0.674540996
Rajasthan,JALORE,2006,Whole Year,Onion,204,563,2.759803922
Rajasthan,JALORE,2006,Whole Year,Potato,32,96,3
Rajasthan,JALORE,2006,Whole Year,Sannhamp,4,,
Rajasthan,JALORE,2006,Whole Year,Sweet potato,48,236,4.916666667
Rajasthan,JALORE,2006,Whole Year,Tobacco,41,33,0.804878049
Rajasthan,JALORE,2007,Kharif,Arhar/Tur,2,1,0.5
Rajasthan,JALORE,2007,Kharif,Bajra,328330,238888,0.727585052
Rajasthan,JALORE,2007,Kharif,Castor seed,48426,88274,1.822863751
Rajasthan,JALORE,2007,Kharif,Cotton(lint),523,208,0.397705545
Rajasthan,JALORE,2007,Kharif,Groundnut,2375,3349,1.410105263
Rajasthan,JALORE,2007,Kharif,Jowar,4285,2415,0.563593932
Rajasthan,JALORE,2007,Kharif,Maize,113,210,1.85840708
Rajasthan,JALORE,2007,Kharif,Mesta,1,,
Rajasthan,JALORE,2007,Kharif,Moong(Green Gram),124441,38828,0.312019351
Rajasthan,JALORE,2007,Kharif,Moth,32315,15338,0.47464026
Rajasthan,JALORE,2007,Kharif,Other Kharif pulses,296,121,0.408783784
Rajasthan,JALORE,2007,Kharif,Sesamum,12053,3062,0.254044636
Rajasthan,JALORE,2007,Kharif,Small millets,696,318,0.456896552
Rajasthan,JALORE,2007,Rabi,Barley,351,759,2.162393162
Rajasthan,JALORE,2007,Rabi,Gram,2563,1805,0.704252829
Rajasthan,JALORE,2007,Rabi,Linseed,28,22,0.785714286
Rajasthan,JALORE,2007,Rabi,other oilseeds,830,288,0.346987952
Rajasthan,JALORE,2007,Rabi,Rapeseed &Mustard,87578,89627,1.023396287
Rajasthan,JALORE,2007,Rabi,Small millets,167,167,1
Rajasthan,JALORE,2007,Rabi,Wheat,31525,54016,1.713433783
Rajasthan,JALORE,2007,Whole Year,Coriander,7,5,0.714285714
Rajasthan,JALORE,2007,Whole Year,Dry chillies,743,2155,2.900403769
Rajasthan,JALORE,2007,Whole Year,Garlic,11,17,1.545454545
Rajasthan,JALORE,2007,Whole Year,Guar seed,69506,38186,0.549391419
Rajasthan,JALORE,2007,Whole Year,Onion,253,698,2.758893281
Rajasthan,JALORE,2007,Whole Year,Potato,77,146,1.896103896
Rajasthan,JALORE,2007,Whole Year,Sannhamp,6,3,0.5
Rajasthan,JALORE,2007,Whole Year,Sweet potato,121,482,3.983471074
Rajasthan,JALORE,2007,Whole Year,Tobacco,86,68,0.790697674
Rajasthan,JALORE,2008,Kharif,Arhar/Tur,4,1,0.25
Rajasthan,JALORE,2008,Kharif,Bajra,332531,138981,0.417949003
Rajasthan,JALORE,2008,Kharif,Castor seed,59409,100447,1.690770759
Rajasthan,JALORE,2008,Kharif,Cotton(lint),721,294,0.40776699
Rajasthan,JALORE,2008,Kharif,Groundnut,4025,4501,1.11826087
Rajasthan,JALORE,2008,Kharif,Jowar,5951,2699,0.453537221
Rajasthan,JALORE,2008,Kharif,Maize,52,90,1.730769231
Rajasthan,JALORE,2008,Kharif,Moong(Green Gram),86344,22183,0.256914204
Rajasthan,JALORE,2008,Kharif,Moth,36619,14069,0.384199459
Rajasthan,JALORE,2008,Kharif,Other Kharif pulses,211,70,0.331753555
Rajasthan,JALORE,2008,Kharif,Sesamum,24634,3855,0.156491029
Rajasthan,JALORE,2008,Kharif,Small millets,710,291,0.409859155
Rajasthan,JALORE,2008,Kharif,Soyabean,1,1,1
Rajasthan,JALORE,2008,Kharif,Urad,1,,
Rajasthan,JALORE,2008,Rabi,Barley,197,603,3.060913706
Rajasthan,JALORE,2008,Rabi,Gram,963,509,0.528556594
Rajasthan,JALORE,2008,Rabi,Linseed,1,1,1
Rajasthan,JALORE,2008,Rabi,other oilseeds,4480,682,0.152232143
Rajasthan,JALORE,2008,Rabi,Rapeseed &Mustard,85607,72083,0.842022265
Rajasthan,JALORE,2008,Rabi,Small millets,66,73,1.106060606
Rajasthan,JALORE,2008,Rabi,Wheat,23600,37105,1.572245763
Rajasthan,JALORE,2008,Whole Year,Dry chillies,541,1623,3
Rajasthan,JALORE,2008,Whole Year,Garlic,11,17,1.545454545
Rajasthan,JALORE,2008,Whole Year,Guar seed,59264,17660,0.297988661
Rajasthan,JALORE,2008,Whole Year,Onion,176,510,2.897727273
Rajasthan,JALORE,2008,Whole Year,Potato,32,64,2
Rajasthan,JALORE,2008,Whole Year,Sannhamp,8,2,0.25
Rajasthan,JALORE,2008,Whole Year,Sweet potato,69,,
Rajasthan,JALORE,2008,Whole Year,Tobacco,250,225,0.9
Rajasthan,JALORE,2009,Kharif,Bajra,347240,16313,0.046979035
Rajasthan,JALORE,2009,Kharif,Castor seed,52220,60734,1.16304098
Rajasthan,JALORE,2009,Kharif,Cotton(lint),692,238,0.343930636
Rajasthan,JALORE,2009,Kharif,Groundnut,3029,3323,1.097061737
Rajasthan,JALORE,2009,Kharif,Jowar,6819,8,0.001173193
Rajasthan,JALORE,2009,Kharif,Maize,28,25,0.892857143
Rajasthan,JALORE,2009,Kharif,Moong(Green Gram),92328,404,0.004375704
Rajasthan,JALORE,2009,Kharif,Moth,32479,1109,0.03414514
Rajasthan,JALORE,2009,Kharif,Other Kharif pulses,54,5,0.092592593
Rajasthan,JALORE,2009,Kharif,Sesamum,25281,,
Rajasthan,JALORE,2009,Kharif,Small millets,860,34,0.039534884
Rajasthan,JALORE,2009,Kharif,Urad,160,42,0.2625
Rajasthan,JALORE,2009,Rabi,Barley,404,1121,2.774752475
Rajasthan,JALORE,2009,Rabi,Gram,15,9,0.6
Rajasthan,JALORE,2009,Rabi,Linseed,1,1,1
Rajasthan,JALORE,2009,Rabi,Masoor,2,2,1
Rajasthan,JALORE,2009,Rabi,other oilseeds,1048,996,0.950381679
Rajasthan,JALORE,2009,Rabi,Rapeseed &Mustard,62612,80878,1.291733214
Rajasthan,JALORE,2009,Rabi,Small millets,608,669,1.100328947
Rajasthan,JALORE,2009,Rabi,Wheat,30967,61604,1.989343495
Rajasthan,JALORE,2009,Whole Year,Coriander,2,2,1
Rajasthan,JALORE,2009,Whole Year,Dry chillies,319,957,3
Rajasthan,JALORE,2009,Whole Year,Garlic,4,7,1.75
Rajasthan,JALORE,2009,Whole Year,Guar seed,54891,62,0.001129511
Rajasthan,JALORE,2009,Whole Year,Onion,264,317,1.200757576
Rajasthan,JALORE,2009,Whole Year,Potato,21,53,2.523809524
Rajasthan,JALORE,2009,Whole Year,Sannhamp,7,2,0.285714286
Rajasthan,JALORE,2009,Whole Year,Sweet potato,52,,
Rajasthan,JALORE,2009,Whole Year,Tobacco,868,781,0.899769585
Rajasthan,JALORE,2010,Kharif,Bajra,366636,364089,0.993053055
Rajasthan,JALORE,2010,Kharif,Castor seed,67253,133819,1.989784842
Rajasthan,JALORE,2010,Kharif,Cotton(lint),340,147,0.432352941
Rajasthan,JALORE,2010,Kharif,Groundnut,3986,7837,1.96613146
Rajasthan,JALORE,2010,Kharif,Jowar,5956,4048,0.679650772
Rajasthan,JALORE,2010,Kharif,Maize,41,74,1.804878049
Rajasthan,JALORE,2010,Kharif,Moong(Green Gram),90384,55768,0.617011861
Rajasthan,JALORE,2010,Kharif,Moth,32897,23372,0.71045992
Rajasthan,JALORE,2010,Kharif,Other Kharif pulses,109,62,0.568807339
Rajasthan,JALORE,2010,Kharif,Sesamum,17368,5622,0.323698756
Rajasthan,JALORE,2010,Kharif,Small millets,739,601,0.813261164
Rajasthan,JALORE,2010,Rabi,Barley,520,1482,2.85
Rajasthan,JALORE,2010,Rabi,Gram,7910,3290,0.415929204
Rajasthan,JALORE,2010,Rabi,Linseed,9,2,0.222222222
Rajasthan,JALORE,2010,Rabi,Masoor,4,4,1
Rajasthan,JALORE,2010,Rabi,other oilseeds,189684,77600,0.409101453
Rajasthan,JALORE,2010,Rabi,Rapeseed &Mustard,105461,145588,1.380491366
Rajasthan,JALORE,2010,Rabi,Small millets,759,683,0.899868248
Rajasthan,JALORE,2010,Rabi,Wheat,44957,80464,1.789799141
Rajasthan,JALORE,2010,Whole Year,Coriander,7,8,1.142857143
Rajasthan,JALORE,2010,Whole Year,Dry chillies,372,893,2.400537634
Rajasthan,JALORE,2010,Whole Year,Garlic,3,5,1.666666667
Rajasthan,JALORE,2010,Whole Year,Guar seed,53778,33375,0.62060694
Rajasthan,JALORE,2010,Whole Year,Onion,183,501,2.737704918
Rajasthan,JALORE,2010,Whole Year,Potato,75,165,2.2
Rajasthan,JALORE,2010,Whole Year,Sannhamp,2,1,0.5
Rajasthan,JALORE,2010,Whole Year,Sweet potato,25,105,4.2
Rajasthan,JALORE,2010,Whole Year,Tobacco,105,105,1
Rajasthan,JHALAWAR,1997,Kharif,Arhar/Tur,1300,500,0.384615385
Rajasthan,JHALAWAR,1997,Kharif,Bajra,100,100,1
Rajasthan,JHALAWAR,1997,Kharif,Groundnut,4900,4900,1
Rajasthan,JHALAWAR,1997,Kharif,Jowar,24200,17800,0.73553719
Rajasthan,JHALAWAR,1997,Kharif,Maize,52000,55600,1.069230769
Rajasthan,JHALAWAR,1997,Kharif,Onion,100,300,3
Rajasthan,JHALAWAR,1997,Kharif,Rice,300,400,1.333333333
Rajasthan,JHALAWAR,1997,Kharif,Sesamum,400,100,0.25
Rajasthan,JHALAWAR,1997,Kharif,Soyabean,139600,171700,1.229942693
Rajasthan,JHALAWAR,1997,Kharif,Sugarcane,100,8900,89
Rajasthan,JHALAWAR,1997,Rabi,Barley,400,800,2
Rajasthan,JHALAWAR,1997,Rabi,Gram,44600,41700,0.934977578
Rajasthan,JHALAWAR,1997,Rabi,Linseed,1700,1000,0.588235294
Rajasthan,JHALAWAR,1997,Rabi,Rapeseed &Mustard,33100,24000,0.725075529
Rajasthan,JHALAWAR,1997,Rabi,Wheat,54500,120100,2.203669725
Rajasthan,JHALAWAR,1997,Whole Year,Potato,100,800,8
Rajasthan,JHALAWAR,1998,Kharif,Arhar/Tur,1167,1319,1.1302485
Rajasthan,JHALAWAR,1998,Kharif,Bajra,88,38,0.431818182
Rajasthan,JHALAWAR,1998,Kharif,Castor seed,9,12,1.333333333
Rajasthan,JHALAWAR,1998,Kharif,Cotton(lint),102,24,0.235294118
Rajasthan,JHALAWAR,1998,Kharif,Groundnut,4274,5964,1.395414132
Rajasthan,JHALAWAR,1998,Kharif,Jowar,13036,11279,0.865219392
Rajasthan,JHALAWAR,1998,Kharif,Maize,43520,45457,1.044508272
Rajasthan,JHALAWAR,1998,Kharif,Moong(Green Gram),354,37,0.104519774
Rajasthan,JHALAWAR,1998,Kharif,Other Kharif pulses,110,25,0.227272727
Rajasthan,JHALAWAR,1998,Kharif,Rice,278,340,1.223021583
Rajasthan,JHALAWAR,1998,Kharif,Sannhamp,120,49,0.408333333
Rajasthan,JHALAWAR,1998,Kharif,Sesamum,467,34,0.072805139
Rajasthan,JHALAWAR,1998,Kharif,Soyabean,188269,235398,1.250327988
Rajasthan,JHALAWAR,1998,Kharif,Urad,16692,7723,0.462676731
Rajasthan,JHALAWAR,1998,Rabi,Barley,303,599,1.97689769
Rajasthan,JHALAWAR,1998,Rabi,Gram,60580,46353,0.765153516
Rajasthan,JHALAWAR,1998,Rabi,Linseed,1386,795,0.573593074
Rajasthan,JHALAWAR,1998,Rabi,Masoor,6948,4725,0.680051813
Rajasthan,JHALAWAR,1998,Rabi,Other  Rabi pulses,197,197,1
Rajasthan,JHALAWAR,1998,Rabi,Peas & beans (Pulses),77,138,1.792207792
Rajasthan,JHALAWAR,1998,Rabi,Rapeseed &Mustard,19467,18736,0.962449273
Rajasthan,JHALAWAR,1998,Rabi,Sunflower,594,159,0.267676768
Rajasthan,JHALAWAR,1998,Rabi,Tobacco,2,1,0.5
Rajasthan,JHALAWAR,1998,Rabi,Wheat,55650,106599,1.915525606
Rajasthan,JHALAWAR,1998,Whole Year,Coriander,75778,56909,0.750996331
Rajasthan,JHALAWAR,1998,Whole Year,Dry chillies,488,168,0.344262295
Rajasthan,JHALAWAR,1998,Whole Year,Garlic,756,519,0.686507937
Rajasthan,JHALAWAR,1998,Whole Year,Onion,125,372,2.976
Rajasthan,JHALAWAR,1998,Whole Year,Potato,113,412,3.646017699
Rajasthan,JHALAWAR,1998,Whole Year,Sugarcane,131,6258,47.77099237
Rajasthan,JHALAWAR,1998,Whole Year,Sweet potato,211,652,3.090047393
Rajasthan,JHALAWAR,1999,Kharif,Arhar/Tur,952,569,0.597689076
Rajasthan,JHALAWAR,1999,Kharif,Bajra,39,13,0.333333333
Rajasthan,JHALAWAR,1999,Kharif,Castor seed,11,11,1
Rajasthan,JHALAWAR,1999,Kharif,Cotton(lint),64,18,0.28125
Rajasthan,JHALAWAR,1999,Kharif,Groundnut,3358,3598,1.071471114
Rajasthan,JHALAWAR,1999,Kharif,Jowar,10584,7827,0.739512472
Rajasthan,JHALAWAR,1999,Kharif,Maize,42271,67095,1.587258404
Rajasthan,JHALAWAR,1999,Kharif,Moong(Green Gram),362,36,0.099447514
Rajasthan,JHALAWAR,1999,Kharif,Other Kharif pulses,76,9,0.118421053
Rajasthan,JHALAWAR,1999,Kharif,Rice,241,304,1.261410788
Rajasthan,JHALAWAR,1999,Kharif,Sesamum,471,35,0.074309979
Rajasthan,JHALAWAR,1999,Kharif,Soyabean,190881,225366,1.180662297
Rajasthan,JHALAWAR,1999,Kharif,Sunflower,283,149,0.526501767
Rajasthan,JHALAWAR,1999,Kharif,Urad,10148,4079,0.401951123
Rajasthan,JHALAWAR,1999,Rabi,Barley,310,626,2.019354839
Rajasthan,JHALAWAR,1999,Rabi,Gram,48567,50297,1.035620895
Rajasthan,JHALAWAR,1999,Rabi,Linseed,889,619,0.696287964
Rajasthan,JHALAWAR,1999,Rabi,Masoor,8039,5128,0.637890285
Rajasthan,JHALAWAR,1999,Rabi,Other  Rabi pulses,153,167,1.091503268
Rajasthan,JHALAWAR,1999,Rabi,Peas & beans (Pulses),120,296,2.466666667
Rajasthan,JHALAWAR,1999,Rabi,Rapeseed &Mustard,34565,34071,0.985708086
Rajasthan,JHALAWAR,1999,Rabi,Wheat,74907,221779,2.960724632
Rajasthan,JHALAWAR,1999,Whole Year,Coriander,59161,46360,0.783624347
Rajasthan,JHALAWAR,1999,Whole Year,Dry chillies,664,295,0.444277108
Rajasthan,JHALAWAR,1999,Whole Year,Garlic,2215,3286,1.483521445
Rajasthan,JHALAWAR,1999,Whole Year,Onion,270,1086,4.022222222
Rajasthan,JHALAWAR,1999,Whole Year,Potato,80,267,3.3375
Rajasthan,JHALAWAR,1999,Whole Year,Sannhamp,97,36,0.371134021
Rajasthan,JHALAWAR,1999,Whole Year,Sugarcane,90,3675,40.83333333
Rajasthan,JHALAWAR,1999,Whole Year,Sweet potato,269,680,2.527881041
Rajasthan,JHALAWAR,1999,Whole Year,Tapioca,1,3,3
Rajasthan,JHALAWAR,2000,Kharif,Arhar/Tur,854,160,0.18735363
Rajasthan,JHALAWAR,2000,Kharif,Bajra,11,5,0.454545455
Rajasthan,JHALAWAR,2000,Kharif,Cotton(lint),54,88,1.62962963
Rajasthan,JHALAWAR,2000,Kharif,Dry ginger,1,1,1
Rajasthan,JHALAWAR,2000,Kharif,Groundnut,2138,1416,0.662301216
Rajasthan,JHALAWAR,2000,Kharif,Jowar,9528,3989,0.418660789
Rajasthan,JHALAWAR,2000,Kharif,Maize,41247,49914,1.210124373
Rajasthan,JHALAWAR,2000,Kharif,Moong(Green Gram),319,55,0.172413793
Rajasthan,JHALAWAR,2000,Kharif,Other Kharif pulses,65,13,0.2
Rajasthan,JHALAWAR,2000,Kharif,Rice,230,215,0.934782609
Rajasthan,JHALAWAR,2000,Kharif,Sesamum,432,59,0.136574074
Rajasthan,JHALAWAR,2000,Kharif,Soyabean,213375,113288,0.530933802
Rajasthan,JHALAWAR,2000,Kharif,Sunflower,48,3,0.0625
Rajasthan,JHALAWAR,2000,Kharif,Urad,7644,4112,0.537938252
Rajasthan,JHALAWAR,2000,Rabi,Barley,307,557,1.814332248
Rajasthan,JHALAWAR,2000,Rabi,Gram,11671,6589,0.564561734
Rajasthan,JHALAWAR,2000,Rabi,Linseed,283,167,0.590106007
Rajasthan,JHALAWAR,2000,Rabi,Masoor,2922,5624,1.924709103
Rajasthan,JHALAWAR,2000,Rabi,Other  Rabi pulses,219,108,0.493150685
Rajasthan,JHALAWAR,2000,Rabi,Peas & beans (Pulses),78,136,1.743589744
Rajasthan,JHALAWAR,2000,Rabi,Rapeseed &Mustard,18196,16896,0.928555727
Rajasthan,JHALAWAR,2000,Rabi,Wheat,45144,86361,1.913011696
Rajasthan,JHALAWAR,2000,Whole Year,Coriander,46980,39308,0.836696467
Rajasthan,JHALAWAR,2000,Whole Year,Dry chillies,647,721,1.114374034
Rajasthan,JHALAWAR,2000,Whole Year,Garlic,1066,2006,1.881801126
Rajasthan,JHALAWAR,2000,Whole Year,Onion,200,1956,9.78
Rajasthan,JHALAWAR,2000,Whole Year,Potato,66,484,7.333333333
Rajasthan,JHALAWAR,2000,Whole Year,Sannhamp,72,26,0.361111111
Rajasthan,JHALAWAR,2000,Whole Year,Sugarcane,61,2541,41.6557377
Rajasthan,JHALAWAR,2000,Whole Year,Sweet potato,173,1156,6.682080925
Rajasthan,JHALAWAR,2001,Kharif,Arhar/Tur,764,1053,1.378272251
Rajasthan,JHALAWAR,2001,Kharif,Bajra,42,31,0.738095238
Rajasthan,JHALAWAR,2001,Kharif,Castor seed,1,1,1
Rajasthan,JHALAWAR,2001,Kharif,Cotton(lint),38,24,0.631578947
Rajasthan,JHALAWAR,2001,Kharif,Dry ginger,1,1,1
Rajasthan,JHALAWAR,2001,Kharif,Groundnut,2680,2863,1.068283582
Rajasthan,JHALAWAR,2001,Kharif,Jowar,10022,7022,0.700658551
Rajasthan,JHALAWAR,2001,Kharif,Maize,44339,55629,1.254629108
Rajasthan,JHALAWAR,2001,Kharif,Moong(Green Gram),287,85,0.296167247
Rajasthan,JHALAWAR,2001,Kharif,Other Kharif pulses,98,34,0.346938776
Rajasthan,JHALAWAR,2001,Kharif,Rice,223,278,1.246636771
Rajasthan,JHALAWAR,2001,Kharif,Sesamum,444,145,0.326576577
Rajasthan,JHALAWAR,2001,Kharif,Soyabean,201963,220363,1.091105797
Rajasthan,JHALAWAR,2001,Kharif,Sunflower,16,1,0.0625
Rajasthan,JHALAWAR,2001,Kharif,Urad,14382,6363,0.442428035
Rajasthan,JHALAWAR,2001,Rabi,Barley,262,674,2.572519084
Rajasthan,JHALAWAR,2001,Rabi,Gram,18122,16200,0.893941066
Rajasthan,JHALAWAR,2001,Rabi,Linseed,82,65,0.792682927
Rajasthan,JHALAWAR,2001,Rabi,Masoor,5161,1949,0.377639992
Rajasthan,JHALAWAR,2001,Rabi,Other  Rabi pulses,148,45,0.304054054
Rajasthan,JHALAWAR,2001,Rabi,Peas & beans (Pulses),88,199,2.261363636
Rajasthan,JHALAWAR,2001,Rabi,Rapeseed &Mustard,20143,15114,0.750335104
Rajasthan,JHALAWAR,2001,Rabi,Wheat,48161,121599,2.524843753
Rajasthan,JHALAWAR,2001,Whole Year,Coriander,69383,51550,0.742977386
Rajasthan,JHALAWAR,2001,Whole Year,Dry chillies,782,1062,1.358056266
Rajasthan,JHALAWAR,2001,Whole Year,Garlic,1615,3185,1.972136223
Rajasthan,JHALAWAR,2001,Whole Year,Onion,248,821,3.310483871
Rajasthan,JHALAWAR,2001,Whole Year,Potato,45,472,10.48888889
Rajasthan,JHALAWAR,2001,Whole Year,Sannhamp,64,322,5.03125
Rajasthan,JHALAWAR,2001,Whole Year,Sugarcane,47,2242,47.70212766
Rajasthan,JHALAWAR,2001,Whole Year,Sweet potato,146,366,2.506849315
Rajasthan,JHALAWAR,2001,Whole Year,Tobacco,1,1,1
Rajasthan,JHALAWAR,2002,Kharif,Arhar/Tur,655,225,0.34351145
Rajasthan,JHALAWAR,2002,Kharif,Bajra,76,17,0.223684211
Rajasthan,JHALAWAR,2002,Kharif,Cotton(lint),37,24,0.648648649
Rajasthan,JHALAWAR,2002,Kharif,Groundnut,3288,1856,0.564476886
Rajasthan,JHALAWAR,2002,Kharif,Jowar,11586,5909,0.510012084
Rajasthan,JHALAWAR,2002,Kharif,Maize,52415,65493,1.249508728
Rajasthan,JHALAWAR,2002,Kharif,Moong(Green Gram),340,21,0.061764706
Rajasthan,JHALAWAR,2002,Kharif,Other Kharif pulses,114,11,0.096491228
Rajasthan,JHALAWAR,2002,Kharif,Rice,357,290,0.81232493
Rajasthan,JHALAWAR,2002,Kharif,Sesamum,1106,66,0.059674503
Rajasthan,JHALAWAR,2002,Kharif,Soyabean,152994,76203,0.498078356
Rajasthan,JHALAWAR,2002,Kharif,Sunflower,3,,
Rajasthan,JHALAWAR,2002,Kharif,Urad,33682,18919,0.561694674
Rajasthan,JHALAWAR,2002,Rabi,Barley,114,266,2.333333333
Rajasthan,JHALAWAR,2002,Rabi,Gram,5376,3159,0.587611607
Rajasthan,JHALAWAR,2002,Rabi,Linseed,27,20,0.740740741
Rajasthan,JHALAWAR,2002,Rabi,Masoor,849,842,0.991755006
Rajasthan,JHALAWAR,2002,Rabi,Other  Rabi pulses,72,0,0
Rajasthan,JHALAWAR,2002,Rabi,Peas & beans (Pulses),30,44,1.466666667
Rajasthan,JHALAWAR,2002,Rabi,Rapeseed &Mustard,3794,3393,0.8943068
Rajasthan,JHALAWAR,2002,Rabi,Wheat,21558,48080,2.230262548
Rajasthan,JHALAWAR,2002,Whole Year,Citrus Fruit,5223,0,0
Rajasthan,JHALAWAR,2002,Whole Year,Coriander,28477,28231,0.99136145
Rajasthan,JHALAWAR,2002,Whole Year,Dry chillies,674,165,0.244807122
Rajasthan,JHALAWAR,2002,Whole Year,Garlic,2677,3003,1.12177811
Rajasthan,JHALAWAR,2002,Whole Year,Mango,38,0,0
Rajasthan,JHALAWAR,2002,Whole Year,Onion,243,490,2.016460905
Rajasthan,JHALAWAR,2002,Whole Year,Orange,6,0,0
Rajasthan,JHALAWAR,2002,Whole Year,Other Fresh Fruits,50,0,0
Rajasthan,JHALAWAR,2002,Whole Year,Other Vegetables,646,0,0
Rajasthan,JHALAWAR,2002,Whole Year,Papaya,4,6,1.5
Rajasthan,JHALAWAR,2002,Whole Year,Pome Fruit,114,0,0
Rajasthan,JHALAWAR,2002,Whole Year,Potato,53,161,3.037735849
Rajasthan,JHALAWAR,2002,Whole Year,Sannhamp,63,26,0.412698413
Rajasthan,JHALAWAR,2002,Whole Year,Sugarcane,38,1605,42.23684211
Rajasthan,JHALAWAR,2002,Whole Year,Sweet potato,295,272,0.922033898
Rajasthan,JHALAWAR,2002,Whole Year,Tobacco,2,,
Rajasthan,JHALAWAR,2003,Kharif,Arhar/Tur,635,277,0.436220472
Rajasthan,JHALAWAR,2003,Kharif,Bajra,61,69,1.131147541
Rajasthan,JHALAWAR,2003,Kharif,Cotton(lint),10,17,1.7
Rajasthan,JHALAWAR,2003,Kharif,Groundnut,2229,2231,1.000897263
Rajasthan,JHALAWAR,2003,Kharif,Jowar,36543,72554,1.985441808
Rajasthan,JHALAWAR,2003,Kharif,Maize,64815,148082,2.284687187
Rajasthan,JHALAWAR,2003,Kharif,Moong(Green Gram),351,218,0.621082621
Rajasthan,JHALAWAR,2003,Kharif,Moth,15,8,0.533333333
Rajasthan,JHALAWAR,2003,Kharif,Other Kharif pulses,81,45,0.555555556
Rajasthan,JHALAWAR,2003,Kharif,Rice,457,755,1.652078775
Rajasthan,JHALAWAR,2003,Kharif,Sesamum,1914,866,0.45245559
Rajasthan,JHALAWAR,2003,Kharif,Soyabean,138602,165239,1.192183374
Rajasthan,JHALAWAR,2003,Kharif,Sunflower,1,1,1
Rajasthan,JHALAWAR,2003,Kharif,Urad,27990,13630,0.486959628
Rajasthan,JHALAWAR,2003,Rabi,Barley,156,351,2.25
Rajasthan,JHALAWAR,2003,Rabi,Gram,21875,17590,0.804114286
Rajasthan,JHALAWAR,2003,Rabi,Linseed,240,188,0.783333333
Rajasthan,JHALAWAR,2003,Rabi,Masoor,2130,2117,0.993896714
Rajasthan,JHALAWAR,2003,Rabi,Other  Rabi pulses,57,64,1.122807018
Rajasthan,JHALAWAR,2003,Rabi,Peas & beans (Pulses),53,130,2.452830189
Rajasthan,JHALAWAR,2003,Rabi,Rapeseed &Mustard,22484,33925,1.508850738
Rajasthan,JHALAWAR,2003,Rabi,Wheat,34651,96196,2.776139217
Rajasthan,JHALAWAR,2003,Whole Year,Citrus Fruit,5501,0,0
Rajasthan,JHALAWAR,2003,Whole Year,Coriander,88563,95648,1.079999548
Rajasthan,JHALAWAR,2003,Whole Year,Dry chillies,648,271,0.418209877
Rajasthan,JHALAWAR,2003,Whole Year,Garlic,2866,6595,2.301116539
Rajasthan,JHALAWAR,2003,Whole Year,Mango,49,0,0
Rajasthan,JHALAWAR,2003,Whole Year,Onion,165,766,4.642424242
Rajasthan,JHALAWAR,2003,Whole Year,Orange,19,0,0
Rajasthan,JHALAWAR,2003,Whole Year,other fibres,2,0,0
Rajasthan,JHALAWAR,2003,Whole Year,Other Fresh Fruits,69,0,0
Rajasthan,JHALAWAR,2003,Whole Year,other oilseeds,3272,3289,1.005195599
Rajasthan,JHALAWAR,2003,Whole Year,Other Vegetables,620,0,0
Rajasthan,JHALAWAR,2003,Whole Year,Papaya,5,35,7
Rajasthan,JHALAWAR,2003,Whole Year,Pome Fruit,123,0,0
Rajasthan,JHALAWAR,2003,Whole Year,Potato,71,962,13.54929577
Rajasthan,JHALAWAR,2003,Whole Year,Sannhamp,29,13,0.448275862
Rajasthan,JHALAWAR,2003,Whole Year,Sugarcane,14,748,53.42857143
Rajasthan,JHALAWAR,2003,Whole Year,Sweet potato,187,679,3.631016043
Rajasthan,JHALAWAR,2003,Whole Year,Tobacco,5,,
Rajasthan,JHALAWAR,2004,Kharif,Arhar/Tur,863,672,0.778679027
Rajasthan,JHALAWAR,2004,Kharif,Bajra,139,91,0.654676259
Rajasthan,JHALAWAR,2004,Kharif,Cotton(lint),24,41,1.708333333
Rajasthan,JHALAWAR,2004,Kharif,Groundnut,2191,2517,1.148790507
Rajasthan,JHALAWAR,2004,Kharif,Jowar,10963,15014,1.369515644
Rajasthan,JHALAWAR,2004,Kharif,Maize,55121,67288,1.22073257
Rajasthan,JHALAWAR,2004,Kharif,Moong(Green Gram),283,77,0.272084806
Rajasthan,JHALAWAR,2004,Kharif,Other Kharif pulses,80,25,0.3125
Rajasthan,JHALAWAR,2004,Kharif,Rice,446,662,1.484304933
Rajasthan,JHALAWAR,2004,Kharif,Sesamum,3009,1002,0.333000997
Rajasthan,JHALAWAR,2004,Kharif,Soyabean,189406,262696,1.386946559
Rajasthan,JHALAWAR,2004,Kharif,Sunflower,1,1,1
Rajasthan,JHALAWAR,2004,Kharif,Urad,13616,6675,0.49023208
Rajasthan,JHALAWAR,2004,Rabi,Barley,208,495,2.379807692
Rajasthan,JHALAWAR,2004,Rabi,Gram,19547,15007,0.767739295
Rajasthan,JHALAWAR,2004,Rabi,Linseed,1301,926,0.711760184
Rajasthan,JHALAWAR,2004,Rabi,Masoor,4725,5368,1.136084656
Rajasthan,JHALAWAR,2004,Rabi,Other  Rabi pulses,117,161,1.376068376
Rajasthan,JHALAWAR,2004,Rabi,Peas & beans (Pulses),105,104,0.99047619
Rajasthan,JHALAWAR,2004,Rabi,Rapeseed &Mustard,67688,87149,1.287510342
Rajasthan,JHALAWAR,2004,Rabi,Wheat,49431,161194,3.260990067
Rajasthan,JHALAWAR,2004,Whole Year,Coriander,66149,65157,0.985003553
Rajasthan,JHALAWAR,2004,Whole Year,Dry chillies,594,243,0.409090909
Rajasthan,JHALAWAR,2004,Whole Year,Garlic,3439,6391,1.858389067
Rajasthan,JHALAWAR,2004,Whole Year,Onion,167,762,4.562874251
Rajasthan,JHALAWAR,2004,Whole Year,Potato,101,1266,12.53465347
Rajasthan,JHALAWAR,2004,Whole Year,Sannhamp,36,31,0.861111111
Rajasthan,JHALAWAR,2004,Whole Year,Sugarcane,12,580,48.33333333
Rajasthan,JHALAWAR,2004,Whole Year,Sweet potato,201,781,3.885572139
Rajasthan,JHALAWAR,2004,Whole Year,Tobacco,3,,
Rajasthan,JHALAWAR,2005,Kharif,Arhar/Tur,635,567,0.892913386
Rajasthan,JHALAWAR,2005,Kharif,Bajra,41,18,0.43902439
Rajasthan,JHALAWAR,2005,Kharif,Cotton(lint),31,58,1.870967742
Rajasthan,JHALAWAR,2005,Kharif,Dry ginger,1,1,1
Rajasthan,JHALAWAR,2005,Kharif,Groundnut,1412,2129,1.507790368
Rajasthan,JHALAWAR,2005,Kharif,Jowar,7961,7766,0.97550559
Rajasthan,JHALAWAR,2005,Kharif,Maize,47109,85662,1.818378654
Rajasthan,JHALAWAR,2005,Kharif,Moong(Green Gram),245,39,0.159183673
Rajasthan,JHALAWAR,2005,Kharif,Other Kharif pulses,74,15,0.202702703
Rajasthan,JHALAWAR,2005,Kharif,Rice,719,1055,1.467315716
Rajasthan,JHALAWAR,2005,Kharif,Sesamum,4139,616,0.148828219
Rajasthan,JHALAWAR,2005,Kharif,Soyabean,205629,211684,1.029446236
Rajasthan,JHALAWAR,2005,Kharif,Sunflower,1,,
Rajasthan,JHALAWAR,2005,Kharif,Urad,10406,4234,0.406880646
Rajasthan,JHALAWAR,2005,Rabi,Barley,168,382,2.273809524
Rajasthan,JHALAWAR,2005,Rabi,Gram,8762,7074,0.80734992
Rajasthan,JHALAWAR,2005,Rabi,Linseed,47,50,1.063829787
Rajasthan,JHALAWAR,2005,Rabi,Masoor,3679,3263,0.886925795
Rajasthan,JHALAWAR,2005,Rabi,Other  Rabi pulses,105,104,0.99047619
Rajasthan,JHALAWAR,2005,Rabi,Peas & beans (Pulses),19,29,1.526315789
Rajasthan,JHALAWAR,2005,Rabi,Rapeseed &Mustard,76225,132187,1.73416858
Rajasthan,JHALAWAR,2005,Rabi,Wheat,37166,102947,2.769924124
Rajasthan,JHALAWAR,2005,Whole Year,Coriander,44390,37377,0.842013967
Rajasthan,JHALAWAR,2005,Whole Year,Dry chillies,409,157,0.383863081
Rajasthan,JHALAWAR,2005,Whole Year,Garlic,1685,4428,2.627893175
Rajasthan,JHALAWAR,2005,Whole Year,Onion,159,763,4.798742138
Rajasthan,JHALAWAR,2005,Whole Year,Potato,45,46,1.022222222
Rajasthan,JHALAWAR,2005,Whole Year,Sannhamp,43,44,1.023255814
Rajasthan,JHALAWAR,2005,Whole Year,Sugarcane,23,1401,60.91304348
Rajasthan,JHALAWAR,2005,Whole Year,Sweet potato,255,1040,4.078431373
Rajasthan,JHALAWAR,2006,Kharif,Arhar/Tur,623,553,0.887640449
Rajasthan,JHALAWAR,2006,Kharif,Bajra,21,15,0.714285714
Rajasthan,JHALAWAR,2006,Kharif,Cotton(lint),72,26,0.361111111
Rajasthan,JHALAWAR,2006,Kharif,Dry ginger,1,1,1
Rajasthan,JHALAWAR,2006,Kharif,Groundnut,1675,1889,1.127761194
Rajasthan,JHALAWAR,2006,Kharif,Jowar,7974,9354,1.173062453
Rajasthan,JHALAWAR,2006,Kharif,Maize,44595,64323,1.442381433
Rajasthan,JHALAWAR,2006,Kharif,Moong(Green Gram),310,111,0.358064516
Rajasthan,JHALAWAR,2006,Kharif,Other Kharif pulses,95,39,0.410526316
Rajasthan,JHALAWAR,2006,Kharif,Rice,720,1135,1.576388889
Rajasthan,JHALAWAR,2006,Kharif,Sesamum,3348,1086,0.32437276
Rajasthan,JHALAWAR,2006,Kharif,Soyabean,203288,243222,1.196440518
Rajasthan,JHALAWAR,2006,Kharif,Urad,9579,3697,0.385948429
Rajasthan,JHALAWAR,2006,Rabi,Barley,374,953,2.548128342
Rajasthan,JHALAWAR,2006,Rabi,Gram,14082,16096,1.143019457
Rajasthan,JHALAWAR,2006,Rabi,Linseed,47,37,0.787234043
Rajasthan,JHALAWAR,2006,Rabi,Masoor,4587,4825,1.051885764
Rajasthan,JHALAWAR,2006,Rabi,Other  Rabi pulses,415,217,0.522891566
Rajasthan,JHALAWAR,2006,Rabi,Peas & beans (Pulses),36,176,4.888888889
Rajasthan,JHALAWAR,2006,Rabi,Rapeseed &Mustard,72367,84315,1.165102878
Rajasthan,JHALAWAR,2006,Rabi,Wheat,72456,235175,3.245762946
Rajasthan,JHALAWAR,2006,Whole Year,Coriander,61963,68159,1.099995158
Rajasthan,JHALAWAR,2006,Whole Year,Dry chillies,448,159,0.354910714
Rajasthan,JHALAWAR,2006,Whole Year,Garlic,2402,6425,2.674854288
Rajasthan,JHALAWAR,2006,Whole Year,Onion,170,1187,6.982352941
Rajasthan,JHALAWAR,2006,Whole Year,Potato,77,963,12.50649351
Rajasthan,JHALAWAR,2006,Whole Year,Sannhamp,16,13,0.8125
Rajasthan,JHALAWAR,2006,Whole Year,Sugarcane,31,1789,57.70967742
Rajasthan,JHALAWAR,2006,Whole Year,Sweet potato,201,802,3.990049751
Rajasthan,JHALAWAR,2007,Kharif,Arhar/Tur,539,633,1.174397032
Rajasthan,JHALAWAR,2007,Kharif,Bajra,4,3,0.75
Rajasthan,JHALAWAR,2007,Kharif,Cotton(lint),24,10,0.416666667
Rajasthan,JHALAWAR,2007,Kharif,Groundnut,1374,1670,1.215429403
Rajasthan,JHALAWAR,2007,Kharif,Jowar,6226,9141,1.46819788
Rajasthan,JHALAWAR,2007,Kharif,Maize,40773,103979,2.550192529
Rajasthan,JHALAWAR,2007,Kharif,Moong(Green Gram),285,112,0.392982456
Rajasthan,JHALAWAR,2007,Kharif,Other Kharif pulses,86,31,0.360465116
Rajasthan,JHALAWAR,2007,Kharif,Rice,1176,2389,2.031462585
Rajasthan,JHALAWAR,2007,Kharif,Sesamum,2269,914,0.402820626
Rajasthan,JHALAWAR,2007,Kharif,Soyabean,224695,310310,1.381027615
Rajasthan,JHALAWAR,2007,Kharif,Urad,11462,8462,0.738265573
Rajasthan,JHALAWAR,2007,Rabi,Barley,324,701,2.163580247
Rajasthan,JHALAWAR,2007,Rabi,Gram,22233,14788,0.665137408
Rajasthan,JHALAWAR,2007,Rabi,Linseed,53,41,0.773584906
Rajasthan,JHALAWAR,2007,Rabi,Masoor,2527,1837,0.726948951
Rajasthan,JHALAWAR,2007,Rabi,Other  Rabi pulses,207,131,0.632850242
Rajasthan,JHALAWAR,2007,Rabi,other oilseeds,81,22,0.271604938
Rajasthan,JHALAWAR,2007,Rabi,Peas & beans (Pulses),378,111,0.293650794
Rajasthan,JHALAWAR,2007,Rabi,Rapeseed &Mustard,27747,35610,1.283381987
Rajasthan,JHALAWAR,2007,Rabi,Wheat,57376,164458,2.866320413
Rajasthan,JHALAWAR,2007,Whole Year,Coriander,85762,38593,0.450001166
Rajasthan,JHALAWAR,2007,Whole Year,Dry chillies,491,399,0.812627291
Rajasthan,JHALAWAR,2007,Whole Year,Garlic,5603,17710,3.160806711
Rajasthan,JHALAWAR,2007,Whole Year,Onion,258,1563,6.058139535
Rajasthan,JHALAWAR,2007,Whole Year,Potato,110,795,7.227272727
Rajasthan,JHALAWAR,2007,Whole Year,Sugarcane,25,1428,57.12
Rajasthan,JHALAWAR,2007,Whole Year,Sweet potato,186,366,1.967741935
Rajasthan,JHALAWAR,2008,Kharif,Arhar/Tur,544,550,1.011029412
Rajasthan,JHALAWAR,2008,Kharif,Bajra,6,5,0.833333333
Rajasthan,JHALAWAR,2008,Kharif,Cotton(lint),13,5,0.384615385
Rajasthan,JHALAWAR,2008,Kharif,Groundnut,1483,1573,1.060687795
Rajasthan,JHALAWAR,2008,Kharif,Jowar,4790,5914,1.234655532
Rajasthan,JHALAWAR,2008,Kharif,Maize,37581,80376,2.138740321
Rajasthan,JHALAWAR,2008,Kharif,Moong(Green Gram),226,95,0.420353982
Rajasthan,JHALAWAR,2008,Kharif,Other Kharif pulses,82,43,0.524390244
Rajasthan,JHALAWAR,2008,Kharif,Rice,1679,3034,1.807027993
Rajasthan,JHALAWAR,2008,Kharif,Sesamum,2262,1238,0.547303271
Rajasthan,JHALAWAR,2008,Kharif,Soyabean,236786,229662,0.969913762
Rajasthan,JHALAWAR,2008,Kharif,Urad,11257,3581,0.318113174
Rajasthan,JHALAWAR,2008,Rabi,Barley,339,1038,3.061946903
Rajasthan,JHALAWAR,2008,Rabi,Gram,30036,30570,1.017778666
Rajasthan,JHALAWAR,2008,Rabi,Linseed,196,114,0.581632653
Rajasthan,JHALAWAR,2008,Rabi,Masoor,3509,2811,0.80108293
Rajasthan,JHALAWAR,2008,Rabi,Other  Rabi pulses,85,53,0.623529412
Rajasthan,JHALAWAR,2008,Rabi,other oilseeds,325,112,0.344615385
Rajasthan,JHALAWAR,2008,Rabi,Peas & beans (Pulses),249,104,0.417670683
Rajasthan,JHALAWAR,2008,Rabi,Rapeseed &Mustard,38038,52384,1.377149167
Rajasthan,JHALAWAR,2008,Rabi,Wheat,58810,163674,2.783098113
Rajasthan,JHALAWAR,2008,Whole Year,Coriander,96940,92187,0.950969672
Rajasthan,JHALAWAR,2008,Whole Year,Dry chillies,356,143,0.401685393
Rajasthan,JHALAWAR,2008,Whole Year,Garlic,3545,11564,3.262059238
Rajasthan,JHALAWAR,2008,Whole Year,Guar seed,12,4,0.333333333
Rajasthan,JHALAWAR,2008,Whole Year,Onion,116,467,4.025862069
Rajasthan,JHALAWAR,2008,Whole Year,Potato,137,547,3.99270073
Rajasthan,JHALAWAR,2008,Whole Year,Sugarcane,30,1783,59.43333333
Rajasthan,JHALAWAR,2008,Whole Year,Sweet potato,85,,
Rajasthan,JHALAWAR,2009,Kharif,Arhar/Tur,398,398,1
Rajasthan,JHALAWAR,2009,Kharif,Bajra,6,3,0.5
Rajasthan,JHALAWAR,2009,Kharif,Cotton(lint),12,4,0.333333333
Rajasthan,JHALAWAR,2009,Kharif,Groundnut,1321,1262,0.955336866
Rajasthan,JHALAWAR,2009,Kharif,Jowar,4629,6592,1.424065673
Rajasthan,JHALAWAR,2009,Kharif,Maize,35711,71116,1.991431212
Rajasthan,JHALAWAR,2009,Kharif,Moong(Green Gram),151,7,0.046357616
Rajasthan,JHALAWAR,2009,Kharif,Other Kharif pulses,55,5,0.090909091
Rajasthan,JHALAWAR,2009,Kharif,Rice,2397,3631,1.514810179
Rajasthan,JHALAWAR,2009,Kharif,Sesamum,2707,1352,0.499445881
Rajasthan,JHALAWAR,2009,Kharif,Soyabean,243664,293778,1.205668461
Rajasthan,JHALAWAR,2009,Kharif,Urad,6666,3504,0.525652565
Rajasthan,JHALAWAR,2009,Rabi,Barley,302,838,2.774834437
Rajasthan,JHALAWAR,2009,Rabi,Gram,46093,41785,0.906536784
Rajasthan,JHALAWAR,2009,Rabi,Linseed,149,82,0.55033557
Rajasthan,JHALAWAR,2009,Rabi,Masoor,3652,3852,1.054764513
Rajasthan,JHALAWAR,2009,Rabi,Other  Rabi pulses,194,209,1.077319588
Rajasthan,JHALAWAR,2009,Rabi,other oilseeds,1405,496,0.353024911
Rajasthan,JHALAWAR,2009,Rabi,Rapeseed &Mustard,39401,54250,1.376868607
Rajasthan,JHALAWAR,2009,Rabi,Wheat,67915,226609,3.336656114
Rajasthan,JHALAWAR,2009,Whole Year,Coriander,97940,107542,1.098039616
Rajasthan,JHALAWAR,2009,Whole Year,Dry chillies,437,422,0.965675057
Rajasthan,JHALAWAR,2009,Whole Year,Garlic,3958,11874,3
Rajasthan,JHALAWAR,2009,Whole Year,Onion,401,1830,4.563591022
Rajasthan,JHALAWAR,2009,Whole Year,Potato,47,189,4.021276596
Rajasthan,JHALAWAR,2009,Whole Year,Sannhamp,6,,
Rajasthan,JHALAWAR,2009,Whole Year,Sugarcane,16,863,53.9375
Rajasthan,JHALAWAR,2009,Whole Year,Sweet potato,121,,
Rajasthan,JHALAWAR,2010,Kharif,Arhar/Tur,459,459,1
Rajasthan,JHALAWAR,2010,Kharif,Bajra,10,11,1.1
Rajasthan,JHALAWAR,2010,Kharif,Cotton(lint),6,3,0.5
Rajasthan,JHALAWAR,2010,Kharif,Groundnut,1357,2668,1.966101695
Rajasthan,JHALAWAR,2010,Kharif,Jowar,3617,4559,1.260436826
Rajasthan,JHALAWAR,2010,Kharif,Maize,40584,84800,2.089493396
Rajasthan,JHALAWAR,2010,Kharif,Moong(Green Gram),255,158,0.619607843
Rajasthan,JHALAWAR,2010,Kharif,Other Kharif pulses,73,39,0.534246575
Rajasthan,JHALAWAR,2010,Kharif,Rice,2294,5858,2.553618134
Rajasthan,JHALAWAR,2010,Kharif,Sesamum,7316,3032,0.414434117
Rajasthan,JHALAWAR,2010,Kharif,Soyabean,240086,316766,1.319385554
Rajasthan,JHALAWAR,2010,Kharif,Urad,10694,9401,0.879091079
Rajasthan,JHALAWAR,2010,Rabi,Barley,461,1314,2.85032538
Rajasthan,JHALAWAR,2010,Rabi,Gram,36467,28323,0.776674802
Rajasthan,JHALAWAR,2010,Rabi,Linseed,123,98,0.796747967
Rajasthan,JHALAWAR,2010,Rabi,Masoor,4697,3070,0.653608686
Rajasthan,JHALAWAR,2010,Rabi,Other  Rabi pulses,407,402,0.987714988
Rajasthan,JHALAWAR,2010,Rabi,other oilseeds,7869,3202,0.406913204
Rajasthan,JHALAWAR,2010,Rabi,Rapeseed &Mustard,32622,38485,1.179725339
Rajasthan,JHALAWAR,2010,Rabi,Wheat,70511,222286,3.152501028
Rajasthan,JHALAWAR,2010,Whole Year,Coriander,85795,69683,0.812203508
Rajasthan,JHALAWAR,2010,Whole Year,Dry chillies,455,455,1
Rajasthan,JHALAWAR,2010,Whole Year,Garlic,4567,20552,4.500109481
Rajasthan,JHALAWAR,2010,Whole Year,Onion,806,6643,8.241935484
Rajasthan,JHALAWAR,2010,Whole Year,Potato,118,2252,19.08474576
Rajasthan,JHALAWAR,2010,Whole Year,Sannhamp,6,,
Rajasthan,JHALAWAR,2010,Whole Year,Sugarcane,19,1273,67
Rajasthan,JHALAWAR,2010,Whole Year,Sweet potato,171,235,1.374269006
Rajasthan,JHUNJHUNU,1997,Kharif,Arhar/Tur,100,100,1
Rajasthan,JHUNJHUNU,1997,Kharif,Bajra,243700,116500,0.478046779
Rajasthan,JHUNJHUNU,1997,Kharif,Cotton(lint),800,1176,1.47
Rajasthan,JHUNJHUNU,1997,Kharif,Groundnut,2400,2700,1.125
Rajasthan,JHUNJHUNU,1997,Kharif,Onion,1500,29000,19.33333333
Rajasthan,JHUNJHUNU,1997,Rabi,Barley,14500,26700,1.84137931
Rajasthan,JHUNJHUNU,1997,Rabi,Gram,120300,118100,0.981712386
Rajasthan,JHUNJHUNU,1997,Rabi,Rapeseed &Mustard,132800,78600,0.59186747
Rajasthan,JHUNJHUNU,1997,Rabi,Wheat,53400,157900,2.956928839
Rajasthan,JHUNJHUNU,1998,Kharif,Arhar/Tur,15,20,1.333333333
Rajasthan,JHUNJHUNU,1998,Kharif,Bajra,247217,225383,0.911680831
Rajasthan,JHUNJHUNU,1998,Kharif,Cotton(lint),632,145,0.22943038
Rajasthan,JHUNJHUNU,1998,Kharif,Groundnut,1325,1445,1.090566038
Rajasthan,JHUNJHUNU,1998,Kharif,Jowar,1,,
Rajasthan,JHUNJHUNU,1998,Kharif,Maize,3,3,1
Rajasthan,JHUNJHUNU,1998,Kharif,Moong(Green Gram),41591,8472,0.203697915
Rajasthan,JHUNJHUNU,1998,Kharif,Moth,4476,719,0.160634495
Rajasthan,JHUNJHUNU,1998,Kharif,Other Kharif pulses,21427,4510,0.210482102
Rajasthan,JHUNJHUNU,1998,Kharif,Sannhamp,12,7,0.583333333
Rajasthan,JHUNJHUNU,1998,Kharif,Sesamum,91,7,0.076923077
Rajasthan,JHUNJHUNU,1998,Rabi,Barley,8337,15326,1.838311143
Rajasthan,JHUNJHUNU,1998,Rabi,Gram,172853,149686,0.865972821
Rajasthan,JHUNJHUNU,1998,Rabi,Linseed,11,6,0.545454545
Rajasthan,JHUNJHUNU,1998,Rabi,Peas & beans (Pulses),26,26,1
Rajasthan,JHUNJHUNU,1998,Rabi,Rapeseed &Mustard,101596,123516,1.215756526
Rajasthan,JHUNJHUNU,1998,Rabi,Tobacco,135,675,5
Rajasthan,JHUNJHUNU,1998,Rabi,Wheat,60302,179320,2.973699048
Rajasthan,JHUNJHUNU,1998,Whole Year,Coriander,46,42,0.913043478
Rajasthan,JHUNJHUNU,1998,Whole Year,Dry chillies,581,581,1
Rajasthan,JHUNJHUNU,1998,Whole Year,Garlic,459,918,2
Rajasthan,JHUNJHUNU,1998,Whole Year,Onion,1424,28426,19.96207865
Rajasthan,JHUNJHUNU,1998,Whole Year,Potato,1,1,1
Rajasthan,JHUNJHUNU,1998,Whole Year,Sugarcane,4,191,47.75
Rajasthan,JHUNJHUNU,1998,Whole Year,Sweet potato,8,16,2
Rajasthan,JHUNJHUNU,1999,Kharif,Arhar/Tur,4,4,1
Rajasthan,JHUNJHUNU,1999,Kharif,Bajra,250712,57908,0.230974186
Rajasthan,JHUNJHUNU,1999,Kharif,Castor seed,3,,
Rajasthan,JHUNJHUNU,1999,Kharif,Cotton(lint),428,123,0.287383178
Rajasthan,JHUNJHUNU,1999,Kharif,Groundnut,1006,971,0.965208748
Rajasthan,JHUNJHUNU,1999,Kharif,Jowar,8,2,0.25
Rajasthan,JHUNJHUNU,1999,Kharif,Maize,3,3,1
Rajasthan,JHUNJHUNU,1999,Kharif,Moong(Green Gram),27394,2357,0.086040739
Rajasthan,JHUNJHUNU,1999,Kharif,Moth,1638,125,0.076312576
Rajasthan,JHUNJHUNU,1999,Kharif,Other Kharif pulses,30119,4168,0.138384409
Rajasthan,JHUNJHUNU,1999,Kharif,Sesamum,132,10,0.075757576
Rajasthan,JHUNJHUNU,1999,Kharif,Urad,1,,
Rajasthan,JHUNJHUNU,1999,Rabi,Barley,5238,8815,1.682894234
Rajasthan,JHUNJHUNU,1999,Rabi,Gram,31759,16522,0.520230486
Rajasthan,JHUNJHUNU,1999,Rabi,Peas & beans (Pulses),10,10,1
Rajasthan,JHUNJHUNU,1999,Rabi,Rapeseed &Mustard,108766,112810,1.037180737
Rajasthan,JHUNJHUNU,1999,Rabi,Wheat,65946,141818,2.15051709
Rajasthan,JHUNJHUNU,1999,Whole Year,Coriander,57,29,0.50877193
Rajasthan,JHUNJHUNU,1999,Whole Year,Dry chillies,671,651,0.970193741
Rajasthan,JHUNJHUNU,1999,Whole Year,Garlic,486,972,2
Rajasthan,JHUNJHUNU,1999,Whole Year,Guar seed,79235,5268,0.06648577
Rajasthan,JHUNJHUNU,1999,Whole Year,Onion,1593,31860,20
Rajasthan,JHUNJHUNU,1999,Whole Year,Sannhamp,5,,
Rajasthan,JHUNJHUNU,1999,Whole Year,Sugarcane,4,163,40.75
Rajasthan,JHUNJHUNU,1999,Whole Year,Sweet potato,10,20,2
Rajasthan,JHUNJHUNU,1999,Whole Year,Tobacco,76,380,5
Rajasthan,JHUNJHUNU,2000,Kharif,Arhar/Tur,1,1,1
Rajasthan,JHUNJHUNU,2000,Kharif,Bajra,276954,147531,0.532691349
Rajasthan,JHUNJHUNU,2000,Kharif,Castor seed,2,2,1
Rajasthan,JHUNJHUNU,2000,Kharif,Cotton(lint),36,59,1.638888889
Rajasthan,JHUNJHUNU,2000,Kharif,Groundnut,526,486,0.923954373
Rajasthan,JHUNJHUNU,2000,Kharif,Jowar,14,3,0.214285714
Rajasthan,JHUNJHUNU,2000,Kharif,Moong(Green Gram),22787,4467,0.196032826
Rajasthan,JHUNJHUNU,2000,Kharif,Moth,1034,69,0.066731141
Rajasthan,JHUNJHUNU,2000,Kharif,Other Kharif pulses,24902,5002,0.2008674
Rajasthan,JHUNJHUNU,2000,Kharif,Sesamum,17,2,0.117647059
Rajasthan,JHUNJHUNU,2000,Rabi,Barley,7495,13710,1.82921948
Rajasthan,JHUNJHUNU,2000,Rabi,Gram,44189,68079,1.540632284
Rajasthan,JHUNJHUNU,2000,Rabi,Peas & beans (Pulses),8,8,1
Rajasthan,JHUNJHUNU,2000,Rabi,Rapeseed &Mustard,80945,59561,0.735820619
Rajasthan,JHUNJHUNU,2000,Rabi,Wheat,65926,165008,2.502927525
Rajasthan,JHUNJHUNU,2000,Whole Year,Coriander,6,3,0.5
Rajasthan,JHUNJHUNU,2000,Whole Year,Dry chillies,595,548,0.921008403
Rajasthan,JHUNJHUNU,2000,Whole Year,Garlic,368,736,2
Rajasthan,JHUNJHUNU,2000,Whole Year,Guar seed,74344,6364,0.085602066
Rajasthan,JHUNJHUNU,2000,Whole Year,Onion,1396,27362,19.60028653
Rajasthan,JHUNJHUNU,2000,Whole Year,Sannhamp,5,1,0.2
Rajasthan,JHUNJHUNU,2000,Whole Year,Sweet potato,4,4,1
Rajasthan,JHUNJHUNU,2000,Whole Year,Tobacco,72,380,5.277777778
Rajasthan,JHUNJHUNU,2001,Kharif,Bajra,279789,290003,1.036506081
Rajasthan,JHUNJHUNU,2001,Kharif,Cotton(lint),151,82,0.543046358
Rajasthan,JHUNJHUNU,2001,Kharif,Groundnut,724,888,1.226519337
Rajasthan,JHUNJHUNU,2001,Kharif,Jowar,2,1,0.5
Rajasthan,JHUNJHUNU,2001,Kharif,Moong(Green Gram),33036,8360,0.253057271
Rajasthan,JHUNJHUNU,2001,Kharif,Moth,426,58,0.136150235
Rajasthan,JHUNJHUNU,2001,Kharif,Other Kharif pulses,30926,10562,0.34152493
Rajasthan,JHUNJHUNU,2001,Kharif,Sesamum,70,23,0.328571429
Rajasthan,JHUNJHUNU,2001,Rabi,Barley,4186,9293,2.220019111
Rajasthan,JHUNJHUNU,2001,Rabi,Gram,77288,88308,1.142583583
Rajasthan,JHUNJHUNU,2001,Rabi,Peas & beans (Pulses),20,40,2
Rajasthan,JHUNJHUNU,2001,Rabi,Rapeseed &Mustard,78324,87112,1.112200603
Rajasthan,JHUNJHUNU,2001,Rabi,Wheat,55425,138029,2.49037438
Rajasthan,JHUNJHUNU,2001,Whole Year,Coriander,2,1,0.5
Rajasthan,JHUNJHUNU,2001,Whole Year,Dry chillies,548,548,1
Rajasthan,JHUNJHUNU,2001,Whole Year,Garlic,381,762,2
Rajasthan,JHUNJHUNU,2001,Whole Year,Guar seed,64597,64922,1.005031193
Rajasthan,JHUNJHUNU,2001,Whole Year,Onion,1389,27294,19.65010799
Rajasthan,JHUNJHUNU,2001,Whole Year,Potato,2,4,2
Rajasthan,JHUNJHUNU,2001,Whole Year,Sannhamp,61,61,1
Rajasthan,JHUNJHUNU,2001,Whole Year,Sweet potato,5,20,4
Rajasthan,JHUNJHUNU,2001,Whole Year,Tobacco,83,415,5
Rajasthan,JHUNJHUNU,2002,Kharif,Bajra,174736,20632,0.118075268
Rajasthan,JHUNJHUNU,2002,Kharif,Cotton(lint),155,100,0.64516129
Rajasthan,JHUNJHUNU,2002,Kharif,Groundnut,1041,714,0.685878963
Rajasthan,JHUNJHUNU,2002,Kharif,Jowar,19,2,0.105263158
Rajasthan,JHUNJHUNU,2002,Kharif,Maize,3,3,1
Rajasthan,JHUNJHUNU,2002,Kharif,Moong(Green Gram),10229,1219,0.119170984
Rajasthan,JHUNJHUNU,2002,Kharif,Moth,250,,
Rajasthan,JHUNJHUNU,2002,Kharif,Other Kharif pulses,20963,5058,0.241282259
Rajasthan,JHUNJHUNU,2002,Kharif,Sesamum,28,2,0.071428571
Rajasthan,JHUNJHUNU,2002,Rabi,Barley,7463,17807,2.386037786
Rajasthan,JHUNJHUNU,2002,Rabi,Gram,55638,50975,0.916190373
Rajasthan,JHUNJHUNU,2002,Rabi,Peas & beans (Pulses),11,22,2
Rajasthan,JHUNJHUNU,2002,Rabi,Rapeseed &Mustard,63746,72279,1.133859379
Rajasthan,JHUNJHUNU,2002,Rabi,Wheat,61244,209336,3.418065443
Rajasthan,JHUNJHUNU,2002,Whole Year,Citrus Fruit,8,0,0
Rajasthan,JHUNJHUNU,2002,Whole Year,Coriander,2,1,0.5
Rajasthan,JHUNJHUNU,2002,Whole Year,Dry chillies,439,207,0.471526196
Rajasthan,JHUNJHUNU,2002,Whole Year,Garlic,321,642,2
Rajasthan,JHUNJHUNU,2002,Whole Year,Guar seed,23974,416,0.017352131
Rajasthan,JHUNJHUNU,2002,Whole Year,Mango,2,0,0
Rajasthan,JHUNJHUNU,2002,Whole Year,Onion,1158,22944,19.8134715
Rajasthan,JHUNJHUNU,2002,Whole Year,Other Fresh Fruits,145,0,0
Rajasthan,JHUNJHUNU,2002,Whole Year,Other Vegetables,338,0,0
Rajasthan,JHUNJHUNU,2002,Whole Year,Papaya,1,0,0
Rajasthan,JHUNJHUNU,2002,Whole Year,Pome Fruit,1,0,0
Rajasthan,JHUNJHUNU,2002,Whole Year,Potato,6,30,5
Rajasthan,JHUNJHUNU,2002,Whole Year,Sannhamp,1,,
Rajasthan,JHUNJHUNU,2002,Whole Year,Sweet potato,1,2,2
Rajasthan,JHUNJHUNU,2002,Whole Year,Tobacco,103,515,5
Rajasthan,JHUNJHUNU,2002,Whole Year,Water Melon,2,0,0
Rajasthan,JHUNJHUNU,2003,Kharif,Bajra,291974,409949,1.404059951
Rajasthan,JHUNJHUNU,2003,Kharif,Castor seed,1,1,1
Rajasthan,JHUNJHUNU,2003,Kharif,Cotton(lint),364,752,2.065934066
Rajasthan,JHUNJHUNU,2003,Kharif,Groundnut,859,1344,1.564610012
Rajasthan,JHUNJHUNU,2003,Kharif,Jowar,6,4,0.666666667
Rajasthan,JHUNJHUNU,2003,Kharif,Moong(Green Gram),34309,14539,0.423766359
Rajasthan,JHUNJHUNU,2003,Kharif,Moth,1463,775,0.529733424
Rajasthan,JHUNJHUNU,2003,Kharif,Other Kharif pulses,27313,13970,0.511478051
Rajasthan,JHUNJHUNU,2003,Kharif,Sesamum,44,20,0.454545455
Rajasthan,JHUNJHUNU,2003,Rabi,Barley,6206,15763,2.539961328
Rajasthan,JHUNJHUNU,2003,Rabi,Gram,61021,43468,0.71234493
Rajasthan,JHUNJHUNU,2003,Rabi,Peas & beans (Pulses),32,64,2
Rajasthan,JHUNJHUNU,2003,Rabi,Rapeseed &Mustard,94003,123285,1.311500697
Rajasthan,JHUNJHUNU,2003,Rabi,Wheat,63456,175314,2.76276475
Rajasthan,JHUNJHUNU,2003,Whole Year,Citrus Fruit,7,0,0
Rajasthan,JHUNJHUNU,2003,Whole Year,Dry chillies,354,352,0.994350282
Rajasthan,JHUNJHUNU,2003,Whole Year,Garlic,386,772,2
Rajasthan,JHUNJHUNU,2003,Whole Year,Guar seed,53019,,
Rajasthan,JHUNJHUNU,2003,Whole Year,Mango,2,0,0
Rajasthan,JHUNJHUNU,2003,Whole Year,Oilseeds total,1,0,0
Rajasthan,JHUNJHUNU,2003,Whole Year,Onion,1440,26838,18.6375
Rajasthan,JHUNJHUNU,2003,Whole Year,Other Fresh Fruits,164,0,0
Rajasthan,JHUNJHUNU,2003,Whole Year,other oilseeds,3405,3193,0.93773862
Rajasthan,JHUNJHUNU,2003,Whole Year,Other Vegetables,395,0,0
Rajasthan,JHUNJHUNU,2003,Whole Year,Papaya,1,1,1
Rajasthan,JHUNJHUNU,2003,Whole Year,Pome Fruit,1,0,0
Rajasthan,JHUNJHUNU,2003,Whole Year,Potato,1,4,4
Rajasthan,JHUNJHUNU,2003,Whole Year,Sannhamp,14,14,1
Rajasthan,JHUNJHUNU,2003,Whole Year,Tobacco,69,,
Rajasthan,JHUNJHUNU,2003,Whole Year,Water Melon,3,0,0
Rajasthan,JHUNJHUNU,2004,Kharif,Arhar/Tur,1,,
Rajasthan,JHUNJHUNU,2004,Kharif,Bajra,266325,206615,0.775800244
Rajasthan,JHUNJHUNU,2004,Kharif,Castor seed,56,37,0.660714286
Rajasthan,JHUNJHUNU,2004,Kharif,Cotton(lint),1370,2394,1.747445255
Rajasthan,JHUNJHUNU,2004,Kharif,Groundnut,1658,2570,1.550060314
Rajasthan,JHUNJHUNU,2004,Kharif,Jowar,28,13,0.464285714
Rajasthan,JHUNJHUNU,2004,Kharif,Moong(Green Gram),23691,9268,0.391203411
Rajasthan,JHUNJHUNU,2004,Kharif,Moth,1131,148,0.130857648
Rajasthan,JHUNJHUNU,2004,Kharif,Other Kharif pulses,27059,9232,0.341180384
Rajasthan,JHUNJHUNU,2004,Kharif,Sesamum,10,3,0.3
Rajasthan,JHUNJHUNU,2004,Rabi,Barley,5498,9702,1.764641688
Rajasthan,JHUNJHUNU,2004,Rabi,Gram,102226,97683,0.955559251
Rajasthan,JHUNJHUNU,2004,Rabi,Other  Rabi pulses,21,,
Rajasthan,JHUNJHUNU,2004,Rabi,Peas & beans (Pulses),98,,
Rajasthan,JHUNJHUNU,2004,Rabi,Rapeseed &Mustard,113844,104130,0.91467271
Rajasthan,JHUNJHUNU,2004,Rabi,Wheat,59680,158612,2.657707775
Rajasthan,JHUNJHUNU,2004,Whole Year,Coriander,2,2,1
Rajasthan,JHUNJHUNU,2004,Whole Year,Dry chillies,345,345,1
Rajasthan,JHUNJHUNU,2004,Whole Year,Garlic,399,780,1.954887218
Rajasthan,JHUNJHUNU,2004,Whole Year,Guar seed,54237,35616,0.656673489
Rajasthan,JHUNJHUNU,2004,Whole Year,Onion,1692,2900,1.713947991
Rajasthan,JHUNJHUNU,2004,Whole Year,Potato,2,1,0.5
Rajasthan,JHUNJHUNU,2004,Whole Year,Sannhamp,2,,
Rajasthan,JHUNJHUNU,2004,Whole Year,Sweet potato,33,99,3
Rajasthan,JHUNJHUNU,2004,Whole Year,Tobacco,47,180,3.829787234
Rajasthan,JHUNJHUNU,2005,Kharif,Bajra,274019,133040,0.485513778
Rajasthan,JHUNJHUNU,2005,Kharif,Castor seed,485,231,0.47628866
Rajasthan,JHUNJHUNU,2005,Kharif,Cotton(lint),976,1823,1.867827869
Rajasthan,JHUNJHUNU,2005,Kharif,Groundnut,3530,5459,1.546458924
Rajasthan,JHUNJHUNU,2005,Kharif,Jowar,7,2,0.285714286
Rajasthan,JHUNJHUNU,2005,Kharif,Maize,1,1,1
Rajasthan,JHUNJHUNU,2005,Kharif,Moong(Green Gram),27498,9796,0.35624409
Rajasthan,JHUNJHUNU,2005,Kharif,Moth,961,117,0.121748179
Rajasthan,JHUNJHUNU,2005,Kharif,Other Kharif pulses,29493,6970,0.236327264
Rajasthan,JHUNJHUNU,2005,Kharif,Sesamum,67,10,0.149253731
Rajasthan,JHUNJHUNU,2005,Kharif,Sunflower,2,20,10
Rajasthan,JHUNJHUNU,2005,Rabi,Barley,8565,15174,1.771628722
Rajasthan,JHUNJHUNU,2005,Rabi,Gram,80546,62090,0.770863854
Rajasthan,JHUNJHUNU,2005,Rabi,Linseed,1,1,1
Rajasthan,JHUNJHUNU,2005,Rabi,Rapeseed &Mustard,113116,118582,1.048322076
Rajasthan,JHUNJHUNU,2005,Rabi,Wheat,69708,211993,3.041157399
Rajasthan,JHUNJHUNU,2005,Whole Year,Coriander,6,6,1
Rajasthan,JHUNJHUNU,2005,Whole Year,Dry chillies,346,1384,4
Rajasthan,JHUNJHUNU,2005,Whole Year,Garlic,291,582,2
Rajasthan,JHUNJHUNU,2005,Whole Year,Guar seed,65427,18235,0.278707567
Rajasthan,JHUNJHUNU,2005,Whole Year,Onion,1968,31170,15.83841463
Rajasthan,JHUNJHUNU,2005,Whole Year,Potato,3,3,1
Rajasthan,JHUNJHUNU,2005,Whole Year,Sannhamp,22,,
Rajasthan,JHUNJHUNU,2005,Whole Year,Sweet potato,3,6,2
Rajasthan,JHUNJHUNU,2005,Whole Year,Tobacco,36,180,5
Rajasthan,JHUNJHUNU,2006,Kharif,Bajra,283726,231097,0.814507659
Rajasthan,JHUNJHUNU,2006,Kharif,Castor seed,144,70,0.486111111
Rajasthan,JHUNJHUNU,2006,Kharif,Cotton(lint),381,138,0.362204724
Rajasthan,JHUNJHUNU,2006,Kharif,Groundnut,3546,4629,1.305414552
Rajasthan,JHUNJHUNU,2006,Kharif,Jowar,10,5,0.5
Rajasthan,JHUNJHUNU,2006,Kharif,Maize,2,2,1
Rajasthan,JHUNJHUNU,2006,Kharif,Moong(Green Gram),23540,5041,0.214146134
Rajasthan,JHUNJHUNU,2006,Kharif,Moth,960,84,0.0875
Rajasthan,JHUNJHUNU,2006,Kharif,Other Kharif pulses,25504,8600,0.337202008
Rajasthan,JHUNJHUNU,2006,Kharif,Sesamum,118,38,0.322033898
Rajasthan,JHUNJHUNU,2006,Kharif,Sunflower,1,1,1
Rajasthan,JHUNJHUNU,2006,Rabi,Barley,8038,21777,2.709256034
Rajasthan,JHUNJHUNU,2006,Rabi,Gram,64851,74254,1.144993909
Rajasthan,JHUNJHUNU,2006,Rabi,Rapeseed &Mustard,112169,149159,1.329770257
Rajasthan,JHUNJHUNU,2006,Rabi,Sunflower,1,1,1
Rajasthan,JHUNJHUNU,2006,Rabi,Wheat,68350,241932,3.539604974
Rajasthan,JHUNJHUNU,2006,Whole Year,Coriander,7,8,1.142857143
Rajasthan,JHUNJHUNU,2006,Whole Year,Dry chillies,333,68,0.204204204
Rajasthan,JHUNJHUNU,2006,Whole Year,Garlic,333,666,2
Rajasthan,JHUNJHUNU,2006,Whole Year,Guar seed,61228,11525,0.188230875
Rajasthan,JHUNJHUNU,2006,Whole Year,Onion,1653,27876,16.86388385
Rajasthan,JHUNJHUNU,2006,Whole Year,Potato,5,10,2
Rajasthan,JHUNJHUNU,2006,Whole Year,Sannhamp,1,1,1
Rajasthan,JHUNJHUNU,2006,Whole Year,Sweet potato,5,10,2
Rajasthan,JHUNJHUNU,2006,Whole Year,Tobacco,27,135,5
Rajasthan,JHUNJHUNU,2007,Kharif,Bajra,285735,243817,0.853297636
Rajasthan,JHUNJHUNU,2007,Kharif,Castor seed,28,14,0.5
Rajasthan,JHUNJHUNU,2007,Kharif,Cotton(lint),34,13,0.382352941
Rajasthan,JHUNJHUNU,2007,Kharif,Groundnut,2456,3553,1.446661238
Rajasthan,JHUNJHUNU,2007,Kharif,Jowar,11,7,0.636363636
Rajasthan,JHUNJHUNU,2007,Kharif,Maize,1,2,2
Rajasthan,JHUNJHUNU,2007,Kharif,Moong(Green Gram),17511,3346,0.191079893
Rajasthan,JHUNJHUNU,2007,Kharif,Moth,1921,348,0.181155648
Rajasthan,JHUNJHUNU,2007,Kharif,Other Kharif pulses,24778,7359,0.296997336
Rajasthan,JHUNJHUNU,2007,Kharif,Sesamum,95,38,0.4
Rajasthan,JHUNJHUNU,2007,Rabi,Barley,11340,26419,2.329717813
Rajasthan,JHUNJHUNU,2007,Rabi,Gram,68767,50264,0.730931988
Rajasthan,JHUNJHUNU,2007,Rabi,other oilseeds,77,19,0.246753247
Rajasthan,JHUNJHUNU,2007,Rabi,Peas & beans (Pulses),127,166,1.307086614
Rajasthan,JHUNJHUNU,2007,Rabi,Rapeseed &Mustard,75302,54078,0.718148256
Rajasthan,JHUNJHUNU,2007,Rabi,Wheat,75906,211838,2.790793877
Rajasthan,JHUNJHUNU,2007,Whole Year,Coriander,6,5,0.833333333
Rajasthan,JHUNJHUNU,2007,Whole Year,Dry chillies,372,372,1
Rajasthan,JHUNJHUNU,2007,Whole Year,Garlic,472,544,1.152542373
Rajasthan,JHUNJHUNU,2007,Whole Year,Guar seed,68196,15327,0.224749252
Rajasthan,JHUNJHUNU,2007,Whole Year,Onion,1955,39100,20
Rajasthan,JHUNJHUNU,2007,Whole Year,Potato,10,20,2
Rajasthan,JHUNJHUNU,2007,Whole Year,Sannhamp,3,3,1
Rajasthan,JHUNJHUNU,2007,Whole Year,Sweet potato,9,18,2
Rajasthan,JHUNJHUNU,2007,Whole Year,Tobacco,38,190,5
Rajasthan,JHUNJHUNU,2008,Kharif,Bajra,279816,329619,1.177984819
Rajasthan,JHUNJHUNU,2008,Kharif,Castor seed,48,22,0.458333333
Rajasthan,JHUNJHUNU,2008,Kharif,Cotton(lint),17,7,0.411764706
Rajasthan,JHUNJHUNU,2008,Kharif,Groundnut,1724,2884,1.672853828
Rajasthan,JHUNJHUNU,2008,Kharif,Jowar,23,13,0.565217391
Rajasthan,JHUNJHUNU,2008,Kharif,Maize,1,2,2
Rajasthan,JHUNJHUNU,2008,Kharif,Moong(Green Gram),17336,9176,0.529303184
Rajasthan,JHUNJHUNU,2008,Kharif,Moth,2003,557,0.278082876
Rajasthan,JHUNJHUNU,2008,Kharif,Other Kharif pulses,23655,13869,0.586303107
Rajasthan,JHUNJHUNU,2008,Kharif,Sesamum,190,56,0.294736842
Rajasthan,JHUNJHUNU,2008,Rabi,Barley,10913,34498,3.161183909
Rajasthan,JHUNJHUNU,2008,Rabi,Gram,76098,85409,1.122355384
Rajasthan,JHUNJHUNU,2008,Rabi,other oilseeds,116,40,0.344827586
Rajasthan,JHUNJHUNU,2008,Rabi,Peas & beans (Pulses),61,122,2
Rajasthan,JHUNJHUNU,2008,Rabi,Rapeseed &Mustard,83496,118970,1.424858676
Rajasthan,JHUNJHUNU,2008,Rabi,Wheat,71814,253157,3.525176149
Rajasthan,JHUNJHUNU,2008,Whole Year,Coriander,9,10,1.111111111
Rajasthan,JHUNJHUNU,2008,Whole Year,Dry chillies,599,599,1
Rajasthan,JHUNJHUNU,2008,Whole Year,Garlic,426,852,2
Rajasthan,JHUNJHUNU,2008,Whole Year,Guar seed,72680,15032,0.206824436
Rajasthan,JHUNJHUNU,2008,Whole Year,Onion,1710,28312,16.55672515
Rajasthan,JHUNJHUNU,2008,Whole Year,Potato,2,4,2
Rajasthan,JHUNJHUNU,2008,Whole Year,Sannhamp,3,1,0.333333333
Rajasthan,JHUNJHUNU,2008,Whole Year,Sweet potato,10,,
Rajasthan,JHUNJHUNU,2008,Whole Year,Tobacco,21,105,5
Rajasthan,JHUNJHUNU,2009,Kharif,Arhar/Tur,1,,
Rajasthan,JHUNJHUNU,2009,Kharif,Bajra,263704,108403,0.41107833
Rajasthan,JHUNJHUNU,2009,Kharif,Castor seed,61,8,0.131147541
Rajasthan,JHUNJHUNU,2009,Kharif,Cotton(lint),31,11,0.35483871
Rajasthan,JHUNJHUNU,2009,Kharif,Groundnut,1555,2281,1.466881029
Rajasthan,JHUNJHUNU,2009,Kharif,Jowar,4,1,0.25
Rajasthan,JHUNJHUNU,2009,Kharif,Maize,2,2,1
Rajasthan,JHUNJHUNU,2009,Kharif,Moong(Green Gram),15116,1770,0.117094469
Rajasthan,JHUNJHUNU,2009,Kharif,Moth,2129,30,0.014091123
Rajasthan,JHUNJHUNU,2009,Kharif,Other Kharif pulses,29347,4711,0.160527482
Rajasthan,JHUNJHUNU,2009,Kharif,Sesamum,118,19,0.161016949
Rajasthan,JHUNJHUNU,2009,Rabi,Barley,11578,35300,3.048885818
Rajasthan,JHUNJHUNU,2009,Rabi,Gram,55499,49103,0.88475468
Rajasthan,JHUNJHUNU,2009,Rabi,other oilseeds,82,34,0.414634146
Rajasthan,JHUNJHUNU,2009,Rabi,Rapeseed &Mustard,78412,101985,1.300630006
Rajasthan,JHUNJHUNU,2009,Rabi,Wheat,79516,257934,3.24379999
Rajasthan,JHUNJHUNU,2009,Whole Year,Coriander,4,5,1.25
Rajasthan,JHUNJHUNU,2009,Whole Year,Dry chillies,419,46,0.109785203
Rajasthan,JHUNJHUNU,2009,Whole Year,Garlic,475,950,2
Rajasthan,JHUNJHUNU,2009,Whole Year,Guar seed,60244,1489,0.024716154
Rajasthan,JHUNJHUNU,2009,Whole Year,Onion,2636,29840,11.32018209
Rajasthan,JHUNJHUNU,2009,Whole Year,Potato,3,6,2
Rajasthan,JHUNJHUNU,2009,Whole Year,Sannhamp,2,,
Rajasthan,JHUNJHUNU,2009,Whole Year,Sweet potato,5,,
Rajasthan,JHUNJHUNU,2009,Whole Year,Tobacco,26,130,5
Rajasthan,JHUNJHUNU,2010,Kharif,Arhar/Tur,2,,
Rajasthan,JHUNJHUNU,2010,Kharif,Bajra,286095,498468,1.742316363
Rajasthan,JHUNJHUNU,2010,Kharif,Castor seed,66,28,0.424242424
Rajasthan,JHUNJHUNU,2010,Kharif,Cotton(lint),15,6,0.4
Rajasthan,JHUNJHUNU,2010,Kharif,Groundnut,2041,3601,1.76433121
Rajasthan,JHUNJHUNU,2010,Kharif,Jowar,9,6,0.666666667
Rajasthan,JHUNJHUNU,2010,Kharif,Maize,1,2,2
Rajasthan,JHUNJHUNU,2010,Kharif,Moong(Green Gram),21659,7684,0.354771688
Rajasthan,JHUNJHUNU,2010,Kharif,Moth,2521,1226,0.486314954
Rajasthan,JHUNJHUNU,2010,Kharif,Other Kharif pulses,31374,11293,0.359947727
Rajasthan,JHUNJHUNU,2010,Kharif,Sesamum,176,72,0.409090909
Rajasthan,JHUNJHUNU,2010,Rabi,Barley,12103,29100,2.404362555
Rajasthan,JHUNJHUNU,2010,Rabi,Gram,129439,141812,1.095589428
Rajasthan,JHUNJHUNU,2010,Rabi,Masoor,1,1,1
Rajasthan,JHUNJHUNU,2010,Rabi,other oilseeds,1891,658,0.34796404
Rajasthan,JHUNJHUNU,2010,Rabi,Rapeseed &Mustard,93383,126198,1.351402289
Rajasthan,JHUNJHUNU,2010,Rabi,Wheat,79590,259955,3.266176655
Rajasthan,JHUNJHUNU,2010,Whole Year,Coriander,4,4,1
Rajasthan,JHUNJHUNU,2010,Whole Year,Dry chillies,363,228,0.628099174
Rajasthan,JHUNJHUNU,2010,Whole Year,Garlic,465,930,2
Rajasthan,JHUNJHUNU,2010,Whole Year,Guar seed,54795,40543,0.739903276
Rajasthan,JHUNJHUNU,2010,Whole Year,Onion,3433,68660,20
Rajasthan,JHUNJHUNU,2010,Whole Year,Potato,11,22,2
Rajasthan,JHUNJHUNU,2010,Whole Year,Sweet potato,6,12,2
Rajasthan,JHUNJHUNU,2010,Whole Year,Tobacco,51,252,4.941176471
Rajasthan,JODHPUR,1997,Kharif,Bajra,616200,239400,0.388510224
Rajasthan,JODHPUR,1997,Kharif,Castor seed,200,200,1
Rajasthan,JODHPUR,1997,Kharif,Cotton(lint),7600,15882,2.089736842
Rajasthan,JODHPUR,1997,Kharif,Groundnut,2000,2300,1.15
Rajasthan,JODHPUR,1997,Kharif,Jowar,19900,9000,0.452261307
Rajasthan,JODHPUR,1997,Kharif,Onion,2800,14000,5
Rajasthan,JODHPUR,1997,Kharif,Sesamum,42000,11600,0.276190476
Rajasthan,JODHPUR,1997,Rabi,Barley,200,400,2
Rajasthan,JODHPUR,1997,Rabi,Gram,14900,13000,0.872483221
Rajasthan,JODHPUR,1997,Rabi,Rapeseed &Mustard,83500,72500,0.868263473
Rajasthan,JODHPUR,1997,Rabi,Wheat,34900,59000,1.690544413
Rajasthan,JODHPUR,1998,Kharif,Bajra,511288,13294,0.026001001
Rajasthan,JODHPUR,1998,Kharif,Castor seed,548,760,1.386861314
Rajasthan,JODHPUR,1998,Kharif,Cotton(lint),10673,3330,0.312002249
Rajasthan,JODHPUR,1998,Kharif,Groundnut,1927,2102,1.090814738
Rajasthan,JODHPUR,1998,Kharif,Jowar,23371,890,0.038081383
Rajasthan,JODHPUR,1998,Kharif,Maize,9,10,1.111111111
Rajasthan,JODHPUR,1998,Kharif,Moong(Green Gram),70092,57,0.000813217
Rajasthan,JODHPUR,1998,Kharif,Moth,133335,,
Rajasthan,JODHPUR,1998,Kharif,Other Kharif pulses,5,1,0.2
Rajasthan,JODHPUR,1998,Kharif,Sesamum,40769,130,0.003188697
Rajasthan,JODHPUR,1998,Rabi,Barley,320,632,1.975
Rajasthan,JODHPUR,1998,Rabi,Gram,4840,3565,0.736570248
Rajasthan,JODHPUR,1998,Rabi,Linseed,17,10,0.588235294
Rajasthan,JODHPUR,1998,Rabi,Other  Rabi pulses,1,1,1
Rajasthan,JODHPUR,1998,Rabi,Peas & beans (Pulses),264,192,0.727272727
Rajasthan,JODHPUR,1998,Rabi,Rapeseed &Mustard,80028,99969,1.249175289
Rajasthan,JODHPUR,1998,Rabi,Sunflower,57,6,0.105263158
Rajasthan,JODHPUR,1998,Rabi,Tobacco,4,4,1
Rajasthan,JODHPUR,1998,Rabi,Wheat,36017,77690,2.157036955
Rajasthan,JODHPUR,1998,Whole Year,Coriander,72,44,0.611111111
Rajasthan,JODHPUR,1998,Whole Year,Dry chillies,10516,19454,1.849942944
Rajasthan,JODHPUR,1998,Whole Year,Garlic,1469,742,0.505105514
Rajasthan,JODHPUR,1998,Whole Year,Onion,3383,16017,4.734555129
Rajasthan,JODHPUR,1998,Whole Year,Potato,1,1,1
Rajasthan,JODHPUR,1998,Whole Year,Sugarcane,1,48,48
Rajasthan,JODHPUR,1998,Whole Year,Sweet potato,10,8,0.8
Rajasthan,JODHPUR,1999,Kharif,Bajra,480492,36538,0.076042889
Rajasthan,JODHPUR,1999,Kharif,Castor seed,1873,1190,0.635344367
Rajasthan,JODHPUR,1999,Kharif,Cotton(lint),12422,4079,0.328369023
Rajasthan,JODHPUR,1999,Kharif,Groundnut,2832,2735,0.965748588
Rajasthan,JODHPUR,1999,Kharif,Jowar,37948,1178,0.031042479
Rajasthan,JODHPUR,1999,Kharif,Maize,6,6,1
Rajasthan,JODHPUR,1999,Kharif,Moong(Green Gram),54122,3817,0.070525849
Rajasthan,JODHPUR,1999,Kharif,Moth,134484,3455,0.025690788
Rajasthan,JODHPUR,1999,Kharif,Other Kharif pulses,13,2,0.153846154
Rajasthan,JODHPUR,1999,Kharif,Rice,5,6,1.2
Rajasthan,JODHPUR,1999,Kharif,Sesamum,19226,343,0.017840424
Rajasthan,JODHPUR,1999,Kharif,Small millets,30,0,0
Rajasthan,JODHPUR,1999,Kharif,Sunflower,27,10,0.37037037
Rajasthan,JODHPUR,1999,Rabi,Barley,299,604,2.02006689
Rajasthan,JODHPUR,1999,Rabi,Gram,703,489,0.695590327
Rajasthan,JODHPUR,1999,Rabi,Peas & beans (Pulses),173,138,0.797687861
Rajasthan,JODHPUR,1999,Rabi,Rapeseed &Mustard,68153,68038,0.99831262
Rajasthan,JODHPUR,1999,Rabi,Wheat,44500,55060,1.237303371
Rajasthan,JODHPUR,1999,Whole Year,Banana,1,,
Rajasthan,JODHPUR,1999,Whole Year,Coriander,48,29,0.604166667
Rajasthan,JODHPUR,1999,Whole Year,Dry chillies,10666,9105,0.853647103
Rajasthan,JODHPUR,1999,Whole Year,Garlic,2195,1205,0.548974943
Rajasthan,JODHPUR,1999,Whole Year,Guar seed,196826,6137,0.031179824
Rajasthan,JODHPUR,1999,Whole Year,Onion,4779,35936,7.519564763
Rajasthan,JODHPUR,1999,Whole Year,Sweet potato,2,10,5
Rajasthan,JODHPUR,1999,Whole Year,Tobacco,14,14,1
Rajasthan,JODHPUR,2000,Kharif,Bajra,536590,65967,0.122937438
Rajasthan,JODHPUR,2000,Kharif,Castor seed,7341,4966,0.676474595
Rajasthan,JODHPUR,2000,Kharif,Cotton(lint),8057,12323,1.529477473
Rajasthan,JODHPUR,2000,Kharif,Groundnut,2854,2636,0.923615978
Rajasthan,JODHPUR,2000,Kharif,Jowar,43045,55,0.001277733
Rajasthan,JODHPUR,2000,Kharif,Maize,7,7,1
Rajasthan,JODHPUR,2000,Kharif,Moong(Green Gram),58195,7262,0.124787353
Rajasthan,JODHPUR,2000,Kharif,Moth,157055,9490,0.060424692
Rajasthan,JODHPUR,2000,Kharif,Other Kharif pulses,230,47,0.204347826
Rajasthan,JODHPUR,2000,Kharif,Sesamum,25752,719,0.027920162
Rajasthan,JODHPUR,2000,Rabi,Barley,488,886,1.81557377
Rajasthan,JODHPUR,2000,Rabi,Gram,381,225,0.590551181
Rajasthan,JODHPUR,2000,Rabi,Peas & beans (Pulses),147,118,0.802721088
Rajasthan,JODHPUR,2000,Rabi,Rapeseed &Mustard,36730,34100,0.928396406
Rajasthan,JODHPUR,2000,Rabi,Wheat,46851,101724,2.171223667
Rajasthan,JODHPUR,2000,Whole Year,Coriander,49,29,0.591836735
Rajasthan,JODHPUR,2000,Whole Year,Dry chillies,9705,8735,0.90005152
Rajasthan,JODHPUR,2000,Whole Year,Garlic,2611,1306,0.500191498
Rajasthan,JODHPUR,2000,Whole Year,Guar seed,236773,14847,0.062705629
Rajasthan,JODHPUR,2000,Whole Year,Onion,5134,38611,7.520646669
Rajasthan,JODHPUR,2000,Whole Year,Sweet potato,5,3,0.6
Rajasthan,JODHPUR,2001,Kharif,Bajra,652067,444578,0.681798036
Rajasthan,JODHPUR,2001,Kharif,Castor seed,2569,2028,0.789412223
Rajasthan,JODHPUR,2001,Kharif,Cotton(lint),10652,20782,1.950995118
Rajasthan,JODHPUR,2001,Kharif,Groundnut,3741,4589,1.226677359
Rajasthan,JODHPUR,2001,Kharif,Jowar,30624,7986,0.260775862
Rajasthan,JODHPUR,2001,Kharif,Maize,9,13,1.444444444
Rajasthan,JODHPUR,2001,Kharif,Moong(Green Gram),84031,23262,0.276826409
Rajasthan,JODHPUR,2001,Kharif,Moth,170238,37864,0.222418027
Rajasthan,JODHPUR,2001,Kharif,Other Kharif pulses,59,20,0.338983051
Rajasthan,JODHPUR,2001,Kharif,Sesamum,39319,15275,0.388489026
Rajasthan,JODHPUR,2001,Rabi,Barley,380,977,2.571052632
Rajasthan,JODHPUR,2001,Rabi,Gram,2071,1571,0.758570739
Rajasthan,JODHPUR,2001,Rabi,Peas & beans (Pulses),235,440,1.872340426
Rajasthan,JODHPUR,2001,Rabi,Rapeseed &Mustard,41948,43698,1.041718318
Rajasthan,JODHPUR,2001,Rabi,Wheat,38463,104487,2.716558771
Rajasthan,JODHPUR,2001,Whole Year,Coriander,117,70,0.598290598
Rajasthan,JODHPUR,2001,Whole Year,Dry chillies,10166,10166,1
Rajasthan,JODHPUR,2001,Whole Year,Garlic,3214,1607,0.5
Rajasthan,JODHPUR,2001,Whole Year,Guar seed,166454,70189,0.421672054
Rajasthan,JODHPUR,2001,Whole Year,Onion,5417,51189,9.449695403
Rajasthan,JODHPUR,2001,Whole Year,Sweet potato,25,30,1.2
Rajasthan,JODHPUR,2002,Kharif,Bajra,45060,31626,0.701864181
Rajasthan,JODHPUR,2002,Kharif,Castor seed,1792,1018,0.568080357
Rajasthan,JODHPUR,2002,Kharif,Cotton(lint),8313,11641,1.400336822
Rajasthan,JODHPUR,2002,Kharif,Groundnut,4843,6359,1.313029114
Rajasthan,JODHPUR,2002,Kharif,Jowar,4263,1159,0.271874267
Rajasthan,JODHPUR,2002,Kharif,Maize,9,8,0.888888889
Rajasthan,JODHPUR,2002,Kharif,Moong(Green Gram),3650,349,0.095616438
Rajasthan,JODHPUR,2002,Kharif,Moth,9682,237,0.024478414
Rajasthan,JODHPUR,2002,Kharif,Other Kharif pulses,83,8,0.096385542
Rajasthan,JODHPUR,2002,Kharif,Sesamum,2266,153,0.067519859
Rajasthan,JODHPUR,2002,Rabi,Barley,718,1672,2.328690808
Rajasthan,JODHPUR,2002,Rabi,Gram,174,132,0.75862069
Rajasthan,JODHPUR,2002,Rabi,Peas & beans (Pulses),195,340,1.743589744
Rajasthan,JODHPUR,2002,Rabi,Rapeseed &Mustard,30723,34005,1.106825505
Rajasthan,JODHPUR,2002,Rabi,Wheat,40643,80102,1.970868292
Rajasthan,JODHPUR,2002,Whole Year,Citrus Fruit,113,0,0
Rajasthan,JODHPUR,2002,Whole Year,Coriander,920,552,0.6
Rajasthan,JODHPUR,2002,Whole Year,Dry chillies,7316,5329,0.728403499
Rajasthan,JODHPUR,2002,Whole Year,Garlic,4131,2120,0.513192931
Rajasthan,JODHPUR,2002,Whole Year,Guar seed,2415,1187,0.491511387
Rajasthan,JODHPUR,2002,Whole Year,Mango,3,0,0
Rajasthan,JODHPUR,2002,Whole Year,Onion,6239,58370,9.355665972
Rajasthan,JODHPUR,2002,Whole Year,Other Fresh Fruits,456,0,0
Rajasthan,JODHPUR,2002,Whole Year,Other Vegetables,2168,0,0
Rajasthan,JODHPUR,2002,Whole Year,Papaya,9,3,0.333333333
Rajasthan,JODHPUR,2002,Whole Year,Pome Fruit,3,0,0
Rajasthan,JODHPUR,2002,Whole Year,Sugarcane,1,42,42
Rajasthan,JODHPUR,2002,Whole Year,Sweet potato,1,1,1
Rajasthan,JODHPUR,2002,Whole Year,Tobacco,1,1,1
Rajasthan,JODHPUR,2003,Kharif,Bajra,709268,826816,1.16573143
Rajasthan,JODHPUR,2003,Kharif,Castor seed,4835,3799,0.785729059
Rajasthan,JODHPUR,2003,Kharif,Cotton(lint),9440,21117,2.236970339
Rajasthan,JODHPUR,2003,Kharif,Groundnut,6147,10088,1.641125752
Rajasthan,JODHPUR,2003,Kharif,Jowar,33017,25035,0.758245752
Rajasthan,JODHPUR,2003,Kharif,Maize,6,11,1.833333333
Rajasthan,JODHPUR,2003,Kharif,Moong(Green Gram),91132,37581,0.412379845
Rajasthan,JODHPUR,2003,Kharif,Moth,211053,58279,0.276134431
Rajasthan,JODHPUR,2003,Kharif,Other Kharif pulses,66,36,0.545454545
Rajasthan,JODHPUR,2003,Kharif,Sesamum,34708,14981,0.431629595
Rajasthan,JODHPUR,2003,Rabi,Barley,218,490,2.247706422
Rajasthan,JODHPUR,2003,Rabi,Gram,973,616,0.633093525
Rajasthan,JODHPUR,2003,Rabi,Peas & beans (Pulses),102,82,0.803921569
Rajasthan,JODHPUR,2003,Rabi,Rapeseed &Mustard,48964,58513,1.195020832
Rajasthan,JODHPUR,2003,Rabi,Wheat,36836,93104,2.527527419
Rajasthan,JODHPUR,2003,Whole Year,Citrus Fruit,130,0,0
Rajasthan,JODHPUR,2003,Whole Year,Coriander,263,327,1.243346008
Rajasthan,JODHPUR,2003,Whole Year,Dry chillies,9639,7711,0.799979251
Rajasthan,JODHPUR,2003,Whole Year,Garlic,4862,2968,0.610448375
Rajasthan,JODHPUR,2003,Whole Year,Guar seed,153429,,
Rajasthan,JODHPUR,2003,Whole Year,Mango,3,0,0
Rajasthan,JODHPUR,2003,Whole Year,Oilseeds total,2088,0,0
Rajasthan,JODHPUR,2003,Whole Year,Onion,7403,85603,11.56328515
Rajasthan,JODHPUR,2003,Whole Year,Other Fresh Fruits,358,0,0
Rajasthan,JODHPUR,2003,Whole Year,other oilseeds,27585,23952,0.868297988
Rajasthan,JODHPUR,2003,Whole Year,Other Vegetables,2680,0,0
Rajasthan,JODHPUR,2003,Whole Year,Pome Fruit,12,0,0
Rajasthan,JODHPUR,2003,Whole Year,Sweet potato,5,5,1
Rajasthan,JODHPUR,2004,Kharif,Bajra,564280,166322,0.294750833
Rajasthan,JODHPUR,2004,Kharif,Castor seed,9079,7234,0.796783787
Rajasthan,JODHPUR,2004,Kharif,Cotton(lint),13148,34852,2.650745361
Rajasthan,JODHPUR,2004,Kharif,Groundnut,12318,23241,1.886751096
Rajasthan,JODHPUR,2004,Kharif,Jowar,37606,20136,0.535446471
Rajasthan,JODHPUR,2004,Kharif,Maize,4,5,1.25
Rajasthan,JODHPUR,2004,Kharif,Moong(Green Gram),85335,21790,0.255346575
Rajasthan,JODHPUR,2004,Kharif,Moth,212637,58668,0.275906827
Rajasthan,JODHPUR,2004,Kharif,Other Kharif pulses,68,21,0.308823529
Rajasthan,JODHPUR,2004,Kharif,Sesamum,38145,12291,0.322217853
Rajasthan,JODHPUR,2004,Kharif,Soyabean,3,4,1.333333333
Rajasthan,JODHPUR,2004,Kharif,Sunflower,4,10,2.5
Rajasthan,JODHPUR,2004,Rabi,Barley,205,488,2.380487805
Rajasthan,JODHPUR,2004,Rabi,Gram,309,231,0.747572816
Rajasthan,JODHPUR,2004,Rabi,Other  Rabi pulses,83,66,0.795180723
Rajasthan,JODHPUR,2004,Rabi,Rapeseed &Mustard,66415,95357,1.435775051
Rajasthan,JODHPUR,2004,Rabi,Wheat,34403,76125,2.212743075
Rajasthan,JODHPUR,2004,Whole Year,Coriander,143,164,1.146853147
Rajasthan,JODHPUR,2004,Whole Year,Dry chillies,8393,6712,0.799714047
Rajasthan,JODHPUR,2004,Whole Year,Garlic,3950,2394,0.606075949
Rajasthan,JODHPUR,2004,Whole Year,Guar seed,153698,10579,0.068829783
Rajasthan,JODHPUR,2004,Whole Year,Onion,9812,112664,11.48226661
Rajasthan,JODHPUR,2004,Whole Year,Sweet potato,14,7,0.5
Rajasthan,JODHPUR,2005,Kharif,Bajra,603523,95373,0.158027117
Rajasthan,JODHPUR,2005,Kharif,Castor seed,16187,9045,0.558781738
Rajasthan,JODHPUR,2005,Kharif,Cotton(lint),11423,25558,2.23741574
Rajasthan,JODHPUR,2005,Kharif,Groundnut,19971,36893,1.847328627
Rajasthan,JODHPUR,2005,Kharif,Jowar,33963,5499,0.161911492
Rajasthan,JODHPUR,2005,Kharif,Maize,6,6,1
Rajasthan,JODHPUR,2005,Kharif,Moong(Green Gram),91663,8917,0.097280255
Rajasthan,JODHPUR,2005,Kharif,Moth,181920,13105,0.072037159
Rajasthan,JODHPUR,2005,Kharif,Other Kharif pulses,26,5,0.192307692
Rajasthan,JODHPUR,2005,Kharif,Sesamum,44174,2118,0.047946756
Rajasthan,JODHPUR,2005,Kharif,Sunflower,39,98,2.512820513
Rajasthan,JODHPUR,2005,Rabi,Barley,322,731,2.270186335
Rajasthan,JODHPUR,2005,Rabi,Gram,203,90,0.443349754
Rajasthan,JODHPUR,2005,Rabi,Other  Rabi pulses,98,,
Rajasthan,JODHPUR,2005,Rabi,Rapeseed &Mustard,91212,111607,1.223599965
Rajasthan,JODHPUR,2005,Rabi,Wheat,35843,75319,2.101358703
Rajasthan,JODHPUR,2005,Whole Year,Coriander,145,152,1.048275862
Rajasthan,JODHPUR,2005,Whole Year,Dry chillies,5902,3451,0.584717045
Rajasthan,JODHPUR,2005,Whole Year,Garlic,2980,1788,0.6
Rajasthan,JODHPUR,2005,Whole Year,Guar seed,160539,10387,0.064700789
Rajasthan,JODHPUR,2005,Whole Year,Onion,14188,167027,11.77241331
Rajasthan,JODHPUR,2005,Whole Year,Sweet potato,48,48,1
Rajasthan,JODHPUR,2006,Kharif,Bajra,509544,118625,0.232806195
Rajasthan,JODHPUR,2006,Kharif,Castor seed,11915,6825,0.572807386
Rajasthan,JODHPUR,2006,Kharif,Cotton(lint),8131,4334,0.533021769
Rajasthan,JODHPUR,2006,Kharif,Groundnut,22966,39191,1.706479143
Rajasthan,JODHPUR,2006,Kharif,Jowar,45062,19597,0.434889708
Rajasthan,JODHPUR,2006,Kharif,Maize,5,5,1
Rajasthan,JODHPUR,2006,Kharif,Moong(Green Gram),81861,16624,0.203075946
Rajasthan,JODHPUR,2006,Kharif,Moth,151255,9097,0.060143466
Rajasthan,JODHPUR,2006,Kharif,Other Kharif pulses,50,20,0.4
Rajasthan,JODHPUR,2006,Kharif,Sesamum,24028,4443,0.184909273
Rajasthan,JODHPUR,2006,Kharif,Sunflower,46,115,2.5
Rajasthan,JODHPUR,2006,Rabi,Barley,277,706,2.548736462
Rajasthan,JODHPUR,2006,Rabi,Gram,60,52,0.866666667
Rajasthan,JODHPUR,2006,Rabi,Peas & beans (Pulses),1,12,12
Rajasthan,JODHPUR,2006,Rabi,Rapeseed &Mustard,86295,98633,1.14297468
Rajasthan,JODHPUR,2006,Rabi,Sunflower,46,115,2.5
Rajasthan,JODHPUR,2006,Rabi,Wheat,37751,76355,2.022595428
Rajasthan,JODHPUR,2006,Whole Year,Coriander,182,216,1.186813187
Rajasthan,JODHPUR,2006,Whole Year,Dry chillies,5429,323,0.059495303
Rajasthan,JODHPUR,2006,Whole Year,Garlic,3222,9527,2.956859094
Rajasthan,JODHPUR,2006,Whole Year,Guar seed,183810,6230,0.033893695
Rajasthan,JODHPUR,2006,Whole Year,Onion,12864,163336,12.6971393
Rajasthan,JODHPUR,2007,Kharif,Bajra,590862,376384,0.637008303
Rajasthan,JODHPUR,2007,Kharif,Castor seed,14827,8889,0.599514399
Rajasthan,JODHPUR,2007,Kharif,Cotton(lint),7237,3822,0.528119386
Rajasthan,JODHPUR,2007,Kharif,Groundnut,28869,47365,1.640687242
Rajasthan,JODHPUR,2007,Kharif,Jowar,42925,22667,0.528060571
Rajasthan,JODHPUR,2007,Kharif,Maize,8,15,1.875
Rajasthan,JODHPUR,2007,Kharif,Moong(Green Gram),117239,50606,0.431648172
Rajasthan,JODHPUR,2007,Kharif,Moth,159411,39964,0.250697882
Rajasthan,JODHPUR,2007,Kharif,Other Kharif pulses,64,23,0.359375
Rajasthan,JODHPUR,2007,Kharif,Sesamum,30486,13389,0.4391852
Rajasthan,JODHPUR,2007,Rabi,Barley,434,939,2.16359447
Rajasthan,JODHPUR,2007,Rabi,Gram,724,338,0.466850829
Rajasthan,JODHPUR,2007,Rabi,other oilseeds,2160,318,0.147222222
Rajasthan,JODHPUR,2007,Rabi,Rapeseed &Mustard,85165,79203,0.929994716
Rajasthan,JODHPUR,2007,Rabi,Small millets,3,1,0.333333333
Rajasthan,JODHPUR,2007,Rabi,Sunflower,38,95,2.5
Rajasthan,JODHPUR,2007,Rabi,Wheat,41824,86363,2.064914881
Rajasthan,JODHPUR,2007,Whole Year,Coriander,274,214,0.781021898
Rajasthan,JODHPUR,2007,Whole Year,Dry chillies,5917,3550,0.599966199
Rajasthan,JODHPUR,2007,Whole Year,Garlic,4519,11298,2.500110644
Rajasthan,JODHPUR,2007,Whole Year,Guar seed,149975,21590,0.143957326
Rajasthan,JODHPUR,2007,Whole Year,Onion,12331,147972,12
Rajasthan,JODHPUR,2007,Whole Year,Sweet potato,66,33,0.5
Rajasthan,JODHPUR,2008,Kharif,Arhar/Tur,2,1,0.5
Rajasthan,JODHPUR,2008,Kharif,Bajra,608851,247504,0.406509967
Rajasthan,JODHPUR,2008,Kharif,Castor seed,18810,11239,0.597501329
Rajasthan,JODHPUR,2008,Kharif,Cotton(lint),9167,4812,0.524926366
Rajasthan,JODHPUR,2008,Kharif,Groundnut,37639,66352,1.762852361
Rajasthan,JODHPUR,2008,Kharif,Jowar,36742,16151,0.439578684
Rajasthan,JODHPUR,2008,Kharif,Maize,38,66,1.736842105
Rajasthan,JODHPUR,2008,Kharif,Moong(Green Gram),103888,33991,0.327188896
Rajasthan,JODHPUR,2008,Kharif,Moth,163295,40948,0.250760893
Rajasthan,JODHPUR,2008,Kharif,Other Kharif pulses,51,27,0.529411765
Rajasthan,JODHPUR,2008,Kharif,Sesamum,43562,10482,0.240622561
Rajasthan,JODHPUR,2008,Rabi,Barley,372,1139,3.061827957
Rajasthan,JODHPUR,2008,Rabi,Gram,617,481,0.779578606
Rajasthan,JODHPUR,2008,Rabi,other oilseeds,1239,676,0.545601291
Rajasthan,JODHPUR,2008,Rabi,Rapeseed &Mustard,91805,99212,1.08068188
Rajasthan,JODHPUR,2008,Rabi,Small millets,2,1,0.5
Rajasthan,JODHPUR,2008,Rabi,Wheat,41501,81665,1.967783909
Rajasthan,JODHPUR,2008,Whole Year,Coriander,260,290,1.115384615
Rajasthan,JODHPUR,2008,Whole Year,Dry chillies,3900,2340,0.6
Rajasthan,JODHPUR,2008,Whole Year,Garlic,3604,9011,2.500277469
Rajasthan,JODHPUR,2008,Whole Year,Guar seed,146844,13983,0.095223502
Rajasthan,JODHPUR,2008,Whole Year,Onion,12474,105352,8.445727112
Rajasthan,JODHPUR,2008,Whole Year,Sweet potato,39,,
Rajasthan,JODHPUR,2008,Whole Year,Tobacco,6,15,2.5
Rajasthan,JODHPUR,2009,Kharif,Bajra,574821,20234,0.035200523
Rajasthan,JODHPUR,2009,Kharif,Castor seed,20101,3590,0.17859808
Rajasthan,JODHPUR,2009,Kharif,Cotton(lint),11022,4578,0.415351116
Rajasthan,JODHPUR,2009,Kharif,Groundnut,43892,53606,1.221315957
Rajasthan,JODHPUR,2009,Kharif,Jowar,61463,380,0.006182581
Rajasthan,JODHPUR,2009,Kharif,Maize,17,18,1.058823529
Rajasthan,JODHPUR,2009,Kharif,Moong(Green Gram),98521,1309,0.013286507
Rajasthan,JODHPUR,2009,Kharif,Moth,170904,1587,0.009285915
Rajasthan,JODHPUR,2009,Kharif,Other Kharif pulses,27,3,0.111111111
Rajasthan,JODHPUR,2009,Kharif,Sesamum,36066,360,0.0099817
Rajasthan,JODHPUR,2009,Rabi,Barley,443,1229,2.774266366
Rajasthan,JODHPUR,2009,Rabi,Gram,163,99,0.607361963
Rajasthan,JODHPUR,2009,Rabi,other oilseeds,549,111,0.202185792
Rajasthan,JODHPUR,2009,Rabi,Rapeseed &Mustard,74197,94360,1.271749532
Rajasthan,JODHPUR,2009,Rabi,Small millets,1,1,1
Rajasthan,JODHPUR,2009,Rabi,Wheat,53143,132805,2.499012099
Rajasthan,JODHPUR,2009,Whole Year,Coriander,343,331,0.965014577
Rajasthan,JODHPUR,2009,Whole Year,Dry chillies,2245,727,0.323830735
Rajasthan,JODHPUR,2009,Whole Year,Garlic,3573,5360,1.500139938
Rajasthan,JODHPUR,2009,Whole Year,Guar seed,132801,607,0.004570749
Rajasthan,JODHPUR,2009,Whole Year,Onion,15698,133234,8.487323226
Rajasthan,JODHPUR,2009,Whole Year,Sweet potato,14,,
Rajasthan,JODHPUR,2009,Whole Year,Tobacco,4,7,1.75
Rajasthan,JODHPUR,2010,Kharif,Arhar/Tur,56,22,0.392857143
Rajasthan,JODHPUR,2010,Kharif,Bajra,635173,621315,0.978182322
Rajasthan,JODHPUR,2010,Kharif,Castor seed,25682,12726,0.495522156
Rajasthan,JODHPUR,2010,Kharif,Cotton(lint),11611,6697,0.576780639
Rajasthan,JODHPUR,2010,Kharif,Groundnut,49084,75328,1.534675251
Rajasthan,JODHPUR,2010,Kharif,Jowar,57240,40639,0.709975542
Rajasthan,JODHPUR,2010,Kharif,Maize,4,7,1.75
Rajasthan,JODHPUR,2010,Kharif,Moong(Green Gram),101279,71378,0.704766042
Rajasthan,JODHPUR,2010,Kharif,Moth,189164,100869,0.533235711
Rajasthan,JODHPUR,2010,Kharif,Other Kharif pulses,51,27,0.529411765
Rajasthan,JODHPUR,2010,Kharif,Sesamum,29577,12666,0.428238158
Rajasthan,JODHPUR,2010,Rabi,Barley,436,1242,2.848623853
Rajasthan,JODHPUR,2010,Rabi,Gram,5802,5208,0.89762151
Rajasthan,JODHPUR,2010,Rabi,Linseed,5,2,0.4
Rajasthan,JODHPUR,2010,Rabi,other oilseeds,41240,16873,0.40914161
Rajasthan,JODHPUR,2010,Rabi,Rapeseed &Mustard,78487,85521,1.089619937
Rajasthan,JODHPUR,2010,Rabi,Wheat,59285,149046,2.514059206
Rajasthan,JODHPUR,2010,Whole Year,Coriander,214,237,1.107476636
Rajasthan,JODHPUR,2010,Whole Year,Dry chillies,2191,876,0.399817435
Rajasthan,JODHPUR,2010,Whole Year,Garlic,3537,4952,1.400056545
Rajasthan,JODHPUR,2010,Whole Year,Guar seed,134019,84512,0.630597154
Rajasthan,JODHPUR,2010,Whole Year,Onion,17236,163143,9.465247157
Rajasthan,JODHPUR,2010,Whole Year,Sweet potato,19,6,0.315789474
Rajasthan,JODHPUR,2010,Whole Year,Tobacco,3,6,2
Rajasthan,KARAULI,1997,Kharif,Arhar/Tur,500,200,0.4
Rajasthan,KARAULI,1997,Rabi,Barley,1500,2500,1.666666667
Rajasthan,KARAULI,1997,Rabi,Gram,36200,33700,0.930939227
Rajasthan,KARAULI,1997,Rabi,Rapeseed &Mustard,77200,40600,0.525906736
Rajasthan,KARAULI,1997,Rabi,Wheat,52500,143300,2.72952381
Rajasthan,KARAULI,1998,Kharif,Arhar/Tur,310,411,1.325806452
Rajasthan,KARAULI,1998,Kharif,Bajra,103130,137145,1.329826433
Rajasthan,KARAULI,1998,Kharif,Cotton(lint),1,,
Rajasthan,KARAULI,1998,Kharif,Groundnut,7141,9164,1.283293656
Rajasthan,KARAULI,1998,Kharif,Jowar,1178,338,0.286926995
Rajasthan,KARAULI,1998,Kharif,Maize,803,868,1.080946451
Rajasthan,KARAULI,1998,Kharif,Moong(Green Gram),26,3,0.115384615
Rajasthan,KARAULI,1998,Kharif,Moth,98,12,0.12244898
Rajasthan,KARAULI,1998,Kharif,Other Kharif pulses,21,5,0.238095238
Rajasthan,KARAULI,1998,Kharif,Rice,2718,2241,0.824503311
Rajasthan,KARAULI,1998,Kharif,Sannhamp,37,6,0.162162162
Rajasthan,KARAULI,1998,Kharif,Sesamum,3169,1437,0.453455349
Rajasthan,KARAULI,1998,Kharif,Soyabean,55,72,1.309090909
Rajasthan,KARAULI,1998,Kharif,Urad,369,117,0.317073171
Rajasthan,KARAULI,1998,Rabi,Barley,1362,2691,1.975770925
Rajasthan,KARAULI,1998,Rabi,Gram,51232,91384,1.783728919
Rajasthan,KARAULI,1998,Rabi,Linseed,98,56,0.571428571
Rajasthan,KARAULI,1998,Rabi,Masoor,1,1,1
Rajasthan,KARAULI,1998,Rabi,Other  Rabi pulses,2,1,0.5
Rajasthan,KARAULI,1998,Rabi,Peas & beans (Pulses),17,19,1.117647059
Rajasthan,KARAULI,1998,Rabi,Rapeseed &Mustard,48579,41575,0.855822475
Rajasthan,KARAULI,1998,Rabi,Tobacco,117,117,1
Rajasthan,KARAULI,1998,Rabi,Wheat,68424,204035,2.981921548
Rajasthan,KARAULI,1998,Whole Year,Coriander,119,108,0.907563025
Rajasthan,KARAULI,1998,Whole Year,Dry chillies,1195,1300,1.087866109
Rajasthan,KARAULI,1998,Whole Year,Garlic,5,5,1
Rajasthan,KARAULI,1998,Whole Year,Onion,36,130,3.611111111
Rajasthan,KARAULI,1998,Whole Year,Potato,21,94,4.476190476
Rajasthan,KARAULI,1998,Whole Year,Sugarcane,306,18392,60.10457516
Rajasthan,KARAULI,1998,Whole Year,Sweet potato,117,234,2
Rajasthan,KARAULI,1998,Whole Year,Turmeric,1,1,1
Rajasthan,KARAULI,1999,Kharif,Arhar/Tur,309,183,0.59223301
Rajasthan,KARAULI,1999,Kharif,Bajra,100039,142873,1.428173013
Rajasthan,KARAULI,1999,Kharif,Castor seed,2,1,0.5
Rajasthan,KARAULI,1999,Kharif,Cotton(lint),2,1,0.5
Rajasthan,KARAULI,1999,Kharif,Groundnut,5362,7435,1.386609474
Rajasthan,KARAULI,1999,Kharif,Jowar,719,224,0.311543811
Rajasthan,KARAULI,1999,Kharif,Maize,493,512,1.038539554
Rajasthan,KARAULI,1999,Kharif,Moong(Green Gram),33,3,0.090909091
Rajasthan,KARAULI,1999,Kharif,Moth,58,2,0.034482759
Rajasthan,KARAULI,1999,Kharif,Other Kharif pulses,24,3,0.125
Rajasthan,KARAULI,1999,Kharif,Rice,2598,2949,1.135103926
Rajasthan,KARAULI,1999,Kharif,Sesamum,4880,2039,0.417827869
Rajasthan,KARAULI,1999,Kharif,Soyabean,17,21,1.235294118
Rajasthan,KARAULI,1999,Kharif,Urad,147,42,0.285714286
Rajasthan,KARAULI,1999,Rabi,Barley,1139,2300,2.019315189
Rajasthan,KARAULI,1999,Rabi,Gram,34649,33478,0.966203931
Rajasthan,KARAULI,1999,Rabi,Linseed,16,10,0.625
Rajasthan,KARAULI,1999,Rabi,Other  Rabi pulses,2,2,1
Rajasthan,KARAULI,1999,Rabi,Peas & beans (Pulses),13,21,1.615384615
Rajasthan,KARAULI,1999,Rabi,Rapeseed &Mustard,64991,61580,0.94751581
Rajasthan,KARAULI,1999,Rabi,Wheat,64145,216835,3.380388183
Rajasthan,KARAULI,1999,Whole Year,Coriander,12,4,0.333333333
Rajasthan,KARAULI,1999,Whole Year,Dry chillies,1530,1664,1.087581699
Rajasthan,KARAULI,1999,Whole Year,Garlic,7,14,2
Rajasthan,KARAULI,1999,Whole Year,Guar seed,3299,2855,0.865413762
Rajasthan,KARAULI,1999,Whole Year,Onion,34,101,2.970588235
Rajasthan,KARAULI,1999,Whole Year,Potato,11,27,2.454545455
Rajasthan,KARAULI,1999,Whole Year,Sannhamp,34,20,0.588235294
Rajasthan,KARAULI,1999,Whole Year,Sugarcane,240,12144,50.6
Rajasthan,KARAULI,1999,Whole Year,Sweet potato,116,233,2.00862069
Rajasthan,KARAULI,1999,Whole Year,Tapioca,11,22,2
Rajasthan,KARAULI,1999,Whole Year,Tobacco,93,48,0.516129032
Rajasthan,KARAULI,1999,Whole Year,Turmeric,1,1,1
Rajasthan,KARAULI,2000,Kharif,Arhar/Tur,457,109,0.238512035
Rajasthan,KARAULI,2000,Kharif,Bajra,110809,132456,1.195354168
Rajasthan,KARAULI,2000,Kharif,Castor seed,3,2,0.666666667
Rajasthan,KARAULI,2000,Kharif,Groundnut,2647,2434,0.919531545
Rajasthan,KARAULI,2000,Kharif,Jowar,2231,445,0.199462125
Rajasthan,KARAULI,2000,Kharif,Maize,463,485,1.047516199
Rajasthan,KARAULI,2000,Kharif,Moong(Green Gram),20,4,0.2
Rajasthan,KARAULI,2000,Kharif,Moth,52,8,0.153846154
Rajasthan,KARAULI,2000,Kharif,Other Kharif pulses,19,4,0.210526316
Rajasthan,KARAULI,2000,Kharif,Rice,1844,194,0.105206074
Rajasthan,KARAULI,2000,Kharif,Sesamum,4678,1611,0.344377939
Rajasthan,KARAULI,2000,Kharif,Soyabean,12,8,0.666666667
Rajasthan,KARAULI,2000,Kharif,Urad,109,31,0.28440367
Rajasthan,KARAULI,2000,Rabi,Barley,1245,2260,1.815261044
Rajasthan,KARAULI,2000,Rabi,Gram,26772,28841,1.077282235
Rajasthan,KARAULI,2000,Rabi,Linseed,15,9,0.6
Rajasthan,KARAULI,2000,Rabi,Other  Rabi pulses,2,2,1
Rajasthan,KARAULI,2000,Rabi,Peas & beans (Pulses),5,6,1.2
Rajasthan,KARAULI,2000,Rabi,Rapeseed &Mustard,42747,36626,0.856808665
Rajasthan,KARAULI,2000,Rabi,Wheat,61886,118884,1.921016062
Rajasthan,KARAULI,2000,Whole Year,Coriander,35,8,0.228571429
Rajasthan,KARAULI,2000,Whole Year,Dry chillies,1457,1225,0.840768703
Rajasthan,KARAULI,2000,Whole Year,Garlic,6,12,2
Rajasthan,KARAULI,2000,Whole Year,Guar seed,6499,2460,0.378519772
Rajasthan,KARAULI,2000,Whole Year,Onion,39,108,2.769230769
Rajasthan,KARAULI,2000,Whole Year,Potato,2,3,1.5
Rajasthan,KARAULI,2000,Whole Year,Sannhamp,26,5,0.192307692
Rajasthan,KARAULI,2000,Whole Year,Sugarcane,157,7206,45.89808917
Rajasthan,KARAULI,2000,Whole Year,Sweet potato,45,128,2.844444444
Rajasthan,KARAULI,2000,Whole Year,Tobacco,84,46,0.547619048
Rajasthan,KARAULI,2001,Kharif,Arhar/Tur,352,220,0.625
Rajasthan,KARAULI,2001,Kharif,Bajra,111142,114615,1.031248313
Rajasthan,KARAULI,2001,Kharif,Castor seed,1,0,0
Rajasthan,KARAULI,2001,Kharif,Cotton(lint),2,0,0
Rajasthan,KARAULI,2001,Kharif,Groundnut,4336,3296,0.760147601
Rajasthan,KARAULI,2001,Kharif,Jowar,1935,801,0.413953488
Rajasthan,KARAULI,2001,Kharif,Maize,546,794,1.454212454
Rajasthan,KARAULI,2001,Kharif,Moong(Green Gram),19,6,0.315789474
Rajasthan,KARAULI,2001,Kharif,Moth,42,10,0.238095238
Rajasthan,KARAULI,2001,Kharif,Other Kharif pulses,7,2,0.285714286
Rajasthan,KARAULI,2001,Kharif,Rice,2436,566,0.232348112
Rajasthan,KARAULI,2001,Kharif,Sesamum,6066,774,0.127596439
Rajasthan,KARAULI,2001,Kharif,Small millets,5,2,0.4
Rajasthan,KARAULI,2001,Kharif,Soyabean,2,3,1.5
Rajasthan,KARAULI,2001,Kharif,Urad,159,57,0.358490566
Rajasthan,KARAULI,2001,Rabi,Barley,925,2379,2.571891892
Rajasthan,KARAULI,2001,Rabi,Gram,18411,31008,1.684210526
Rajasthan,KARAULI,2001,Rabi,Linseed,4,3,0.75
Rajasthan,KARAULI,2001,Rabi,Peas & beans (Pulses),13,17,1.307692308
Rajasthan,KARAULI,2001,Rabi,Rapeseed &Mustard,52526,64357,1.225240833
Rajasthan,KARAULI,2001,Rabi,Wheat,55324,174640,3.15667703
Rajasthan,KARAULI,2001,Whole Year,Coriander,45,1,0.022222222
Rajasthan,KARAULI,2001,Whole Year,Dry chillies,1208,613,0.507450331
Rajasthan,KARAULI,2001,Whole Year,Garlic,8,15,1.875
Rajasthan,KARAULI,2001,Whole Year,Guar seed,4696,3710,0.790034072
Rajasthan,KARAULI,2001,Whole Year,Onion,34,142,4.176470588
Rajasthan,KARAULI,2001,Whole Year,Potato,5,5,1
Rajasthan,KARAULI,2001,Whole Year,Sannhamp,23,3,0.130434783
Rajasthan,KARAULI,2001,Whole Year,Sugarcane,88,3615,41.07954545
Rajasthan,KARAULI,2001,Whole Year,Sweet potato,47,107,2.276595745
Rajasthan,KARAULI,2001,Whole Year,Tobacco,115,90,0.782608696
Rajasthan,KARAULI,2001,Whole Year,Turmeric,1,1,1
Rajasthan,KARAULI,2002,Kharif,Arhar/Tur,231,25,0.108225108
Rajasthan,KARAULI,2002,Kharif,Bajra,111290,42542,0.382262557
Rajasthan,KARAULI,2002,Kharif,Cotton(lint),9,6,0.666666667
Rajasthan,KARAULI,2002,Kharif,Groundnut,2921,1811,0.619993153
Rajasthan,KARAULI,2002,Kharif,Jowar,1998,257,0.128628629
Rajasthan,KARAULI,2002,Kharif,Maize,225,199,0.884444444
Rajasthan,KARAULI,2002,Kharif,Moong(Green Gram),12,1,0.083333333
Rajasthan,KARAULI,2002,Kharif,Moth,16,1,0.0625
Rajasthan,KARAULI,2002,Kharif,Other Kharif pulses,5,0,0
Rajasthan,KARAULI,2002,Kharif,Rice,861,150,0.174216028
Rajasthan,KARAULI,2002,Kharif,Sesamum,4337,962,0.221812313
Rajasthan,KARAULI,2002,Kharif,Soyabean,1,1,1
Rajasthan,KARAULI,2002,Kharif,Urad,84,15,0.178571429
Rajasthan,KARAULI,2002,Rabi,Barley,818,1905,2.328850856
Rajasthan,KARAULI,2002,Rabi,Gram,2250,3037,1.349777778
Rajasthan,KARAULI,2002,Rabi,Linseed,4,3,0.75
Rajasthan,KARAULI,2002,Rabi,Peas & beans (Pulses),3,5,1.666666667
Rajasthan,KARAULI,2002,Rabi,Rapeseed &Mustard,28105,24972,0.888525173
Rajasthan,KARAULI,2002,Rabi,Wheat,52941,131287,2.479873822
Rajasthan,KARAULI,2002,Whole Year,Coriander,19,10,0.526315789
Rajasthan,KARAULI,2002,Whole Year,Dry chillies,594,12,0.02020202
Rajasthan,KARAULI,2002,Whole Year,Garlic,4,7,1.75
Rajasthan,KARAULI,2002,Whole Year,Guar seed,2903,371,0.127798829
Rajasthan,KARAULI,2002,Whole Year,Onion,29,188,6.482758621
Rajasthan,KARAULI,2002,Whole Year,Other Fresh Fruits,38,0,0
Rajasthan,KARAULI,2002,Whole Year,Other Vegetables,1568,0,0
Rajasthan,KARAULI,2002,Whole Year,Potato,7,35,5
Rajasthan,KARAULI,2002,Whole Year,Sannhamp,5,,
Rajasthan,KARAULI,2002,Whole Year,Sugarcane,65,2476,38.09230769
Rajasthan,KARAULI,2002,Whole Year,Sweet potato,60,6,0.1
Rajasthan,KARAULI,2002,Whole Year,Tobacco,141,26,0.184397163
Rajasthan,KARAULI,2003,Kharif,Arhar/Tur,260,136,0.523076923
Rajasthan,KARAULI,2003,Kharif,Bajra,134212,303802,2.26359789
Rajasthan,KARAULI,2003,Kharif,Cotton(lint),80,164,2.05
Rajasthan,KARAULI,2003,Kharif,Groundnut,1652,1472,0.891041162
Rajasthan,KARAULI,2003,Kharif,Jowar,1903,1358,0.713610089
Rajasthan,KARAULI,2003,Kharif,Maize,220,410,1.863636364
Rajasthan,KARAULI,2003,Kharif,Moong(Green Gram),9,6,0.666666667
Rajasthan,KARAULI,2003,Kharif,Moth,23,12,0.52173913
Rajasthan,KARAULI,2003,Kharif,Other Kharif pulses,7,4,0.571428571
Rajasthan,KARAULI,2003,Kharif,Rice,2058,2405,1.168610301
Rajasthan,KARAULI,2003,Kharif,Sesamum,3930,1849,0.470483461
Rajasthan,KARAULI,2003,Kharif,Urad,109,57,0.52293578
Rajasthan,KARAULI,2003,Rabi,Barley,1396,3139,2.248567335
Rajasthan,KARAULI,2003,Rabi,Gram,43585,46656,1.070460021
Rajasthan,KARAULI,2003,Rabi,Linseed,3,2,0.666666667
Rajasthan,KARAULI,2003,Rabi,Masoor,2,2,1
Rajasthan,KARAULI,2003,Rabi,Other  Rabi pulses,1,1,1
Rajasthan,KARAULI,2003,Rabi,Peas & beans (Pulses),12,13,1.083333333
Rajasthan,KARAULI,2003,Rabi,Rapeseed &Mustard,49587,80897,1.631415492
Rajasthan,KARAULI,2003,Rabi,Wheat,63492,231030,3.638726139
Rajasthan,KARAULI,2003,Whole Year,Coriander,61,76,1.245901639
Rajasthan,KARAULI,2003,Whole Year,Dry chillies,664,2148,3.234939759
Rajasthan,KARAULI,2003,Whole Year,Garlic,4,8,2
Rajasthan,KARAULI,2003,Whole Year,Guar seed,3286,,
Rajasthan,KARAULI,2003,Whole Year,Onion,43,262,6.093023256
Rajasthan,KARAULI,2003,Whole Year,Other Fresh Fruits,17,0,0
Rajasthan,KARAULI,2003,Whole Year,other oilseeds,17,15,0.882352941
Rajasthan,KARAULI,2003,Whole Year,Other Vegetables,1309,0,0
Rajasthan,KARAULI,2003,Whole Year,Potato,8,30,3.75
Rajasthan,KARAULI,2003,Whole Year,Sannhamp,56,26,0.464285714
Rajasthan,KARAULI,2003,Whole Year,Sugarcane,37,2095,56.62162162
Rajasthan,KARAULI,2003,Whole Year,Sweet potato,51,255,5
Rajasthan,KARAULI,2003,Whole Year,Tobacco,56,,
Rajasthan,KARAULI,2003,Whole Year,Turmeric,1,2,2
Rajasthan,KARAULI,2003,Whole Year,Water Melon,6,0,0
Rajasthan,KARAULI,2004,Kharif,Arhar/Tur,252,264,1.047619048
Rajasthan,KARAULI,2004,Kharif,Bajra,111471,183586,1.646939563
Rajasthan,KARAULI,2004,Kharif,Cotton(lint),114,200,1.754385965
Rajasthan,KARAULI,2004,Kharif,Groundnut,1958,2275,1.161899898
Rajasthan,KARAULI,2004,Kharif,Jowar,1064,494,0.464285714
Rajasthan,KARAULI,2004,Kharif,Maize,287,347,1.209059233
Rajasthan,KARAULI,2004,Kharif,Moong(Green Gram),29,8,0.275862069
Rajasthan,KARAULI,2004,Kharif,Moth,52,7,0.134615385
Rajasthan,KARAULI,2004,Kharif,Other Kharif pulses,14,4,0.285714286
Rajasthan,KARAULI,2004,Kharif,Rice,1987,3139,1.579768495
Rajasthan,KARAULI,2004,Kharif,Sesamum,9393,6023,0.641222187
Rajasthan,KARAULI,2004,Kharif,Soyabean,1,1,1
Rajasthan,KARAULI,2004,Kharif,Urad,124,45,0.362903226
Rajasthan,KARAULI,2004,Rabi,Barley,651,1550,2.380952381
Rajasthan,KARAULI,2004,Rabi,Gram,11867,10788,0.909075588
Rajasthan,KARAULI,2004,Rabi,Linseed,2,1,0.5
Rajasthan,KARAULI,2004,Rabi,Masoor,3,3,1
Rajasthan,KARAULI,2004,Rabi,Other  Rabi pulses,7,14,2
Rajasthan,KARAULI,2004,Rabi,Rapeseed &Mustard,99600,142308,1.428795181
Rajasthan,KARAULI,2004,Rabi,Wheat,50984,167098,3.277459595
Rajasthan,KARAULI,2004,Whole Year,Banana,2,,
Rajasthan,KARAULI,2004,Whole Year,Coriander,6,7,1.166666667
Rajasthan,KARAULI,2004,Whole Year,Dry chillies,920,318,0.345652174
Rajasthan,KARAULI,2004,Whole Year,Garlic,2,4,2
Rajasthan,KARAULI,2004,Whole Year,Guar seed,2739,2322,0.847754655
Rajasthan,KARAULI,2004,Whole Year,Onion,17,47,2.764705882
Rajasthan,KARAULI,2004,Whole Year,Potato,9,27,3
Rajasthan,KARAULI,2004,Whole Year,Sannhamp,7,,
Rajasthan,KARAULI,2004,Whole Year,Sugarcane,46,3224,70.08695652
Rajasthan,KARAULI,2004,Whole Year,Sweet potato,67,322,4.805970149
Rajasthan,KARAULI,2004,Whole Year,Tobacco,68,16,0.235294118
Rajasthan,KARAULI,2004,Whole Year,Turmeric,1,1,1
Rajasthan,KARAULI,2005,Kharif,Arhar/Tur,258,247,0.957364341
Rajasthan,KARAULI,2005,Kharif,Bajra,117834,149630,1.269837229
Rajasthan,KARAULI,2005,Kharif,Cotton(lint),98,182,1.857142857
Rajasthan,KARAULI,2005,Kharif,Groundnut,1652,2135,1.292372881
Rajasthan,KARAULI,2005,Kharif,Jowar,645,185,0.286821705
Rajasthan,KARAULI,2005,Kharif,Maize,184,202,1.097826087
Rajasthan,KARAULI,2005,Kharif,Moong(Green Gram),12,2,0.166666667
Rajasthan,KARAULI,2005,Kharif,Moth,97,12,0.12371134
Rajasthan,KARAULI,2005,Kharif,Other Kharif pulses,3,1,0.333333333
Rajasthan,KARAULI,2005,Kharif,Rice,2295,2810,1.224400871
Rajasthan,KARAULI,2005,Kharif,Sesamum,6540,4013,0.613608563
Rajasthan,KARAULI,2005,Kharif,Soyabean,2,2,1
Rajasthan,KARAULI,2005,Kharif,Urad,65,16,0.246153846
Rajasthan,KARAULI,2005,Rabi,Barley,479,1088,2.271398747
Rajasthan,KARAULI,2005,Rabi,Gram,4884,4870,0.997133497
Rajasthan,KARAULI,2005,Rabi,Peas & beans (Pulses),5,6,1.2
Rajasthan,KARAULI,2005,Rabi,Rapeseed &Mustard,105611,129467,1.225885561
Rajasthan,KARAULI,2005,Rabi,Wheat,51891,170279,3.28147463
Rajasthan,KARAULI,2005,Whole Year,Banana,1,,
Rajasthan,KARAULI,2005,Whole Year,Coriander,2,2,1
Rajasthan,KARAULI,2005,Whole Year,Dry chillies,364,139,0.381868132
Rajasthan,KARAULI,2005,Whole Year,Guar seed,1766,1855,1.050396376
Rajasthan,KARAULI,2005,Whole Year,Onion,23,63,2.739130435
Rajasthan,KARAULI,2005,Whole Year,Potato,8,24,3
Rajasthan,KARAULI,2005,Whole Year,Sugarcane,93,4649,49.98924731
Rajasthan,KARAULI,2005,Whole Year,Sweet potato,39,112,2.871794872
Rajasthan,KARAULI,2005,Whole Year,Tobacco,62,16,0.258064516
Rajasthan,KARAULI,2006,Kharif,Arhar/Tur,383,567,1.480417755
Rajasthan,KARAULI,2006,Kharif,Bajra,119452,189303,1.58476208
Rajasthan,KARAULI,2006,Kharif,Castor seed,1,1,1
Rajasthan,KARAULI,2006,Kharif,Cotton(lint),37,13,0.351351351
Rajasthan,KARAULI,2006,Kharif,Groundnut,1507,1121,0.743861977
Rajasthan,KARAULI,2006,Kharif,Jowar,768,662,0.861979167
Rajasthan,KARAULI,2006,Kharif,Maize,239,259,1.083682008
Rajasthan,KARAULI,2006,Kharif,Moong(Green Gram),11,4,0.363636364
Rajasthan,KARAULI,2006,Kharif,Moth,94,16,0.170212766
Rajasthan,KARAULI,2006,Kharif,Other Kharif pulses,1,1,1
Rajasthan,KARAULI,2006,Kharif,Rice,1840,4327,2.351630435
Rajasthan,KARAULI,2006,Kharif,Sesamum,8616,5849,0.678853296
Rajasthan,KARAULI,2006,Kharif,Soyabean,6,7,1.166666667
Rajasthan,KARAULI,2006,Kharif,Urad,15,4,0.266666667
Rajasthan,KARAULI,2006,Rabi,Barley,463,1179,2.546436285
Rajasthan,KARAULI,2006,Rabi,Gram,5137,5695,1.10862371
Rajasthan,KARAULI,2006,Rabi,Rapeseed &Mustard,90012,112940,1.254721593
Rajasthan,KARAULI,2006,Rabi,Wheat,53423,163549,3.061396777
Rajasthan,KARAULI,2006,Whole Year,Banana,1,,
Rajasthan,KARAULI,2006,Whole Year,Coriander,5,6,1.2
Rajasthan,KARAULI,2006,Whole Year,Dry chillies,314,138,0.439490446
Rajasthan,KARAULI,2006,Whole Year,Guar seed,1946,2169,1.114594039
Rajasthan,KARAULI,2006,Whole Year,Onion,48,86,1.791666667
Rajasthan,KARAULI,2006,Whole Year,Potato,18,52,2.888888889
Rajasthan,KARAULI,2006,Whole Year,Sannhamp,7,7,1
Rajasthan,KARAULI,2006,Whole Year,Sugarcane,128,14531,113.5234375
Rajasthan,KARAULI,2006,Whole Year,Sweet potato,19,67,3.526315789
Rajasthan,KARAULI,2006,Whole Year,Tobacco,47,22,0.468085106
Rajasthan,KARAULI,2007,Kharif,Arhar/Tur,481,638,1.326403326
Rajasthan,KARAULI,2007,Kharif,Bajra,126168,221985,1.759439795
Rajasthan,KARAULI,2007,Kharif,Cotton(lint),24,10,0.416666667
Rajasthan,KARAULI,2007,Kharif,Groundnut,887,923,1.040586246
Rajasthan,KARAULI,2007,Kharif,Jowar,1117,1473,1.318710833
Rajasthan,KARAULI,2007,Kharif,Maize,230,427,1.856521739
Rajasthan,KARAULI,2007,Kharif,Moong(Green Gram),17,7,0.411764706
Rajasthan,KARAULI,2007,Kharif,Moth,64,20,0.3125
Rajasthan,KARAULI,2007,Kharif,Other Kharif pulses,2,1,0.5
Rajasthan,KARAULI,2007,Kharif,Rice,1892,1816,0.959830867
Rajasthan,KARAULI,2007,Kharif,Sesamum,14250,10120,0.710175439
Rajasthan,KARAULI,2007,Kharif,Soyabean,19,26,1.368421053
Rajasthan,KARAULI,2007,Kharif,Urad,26,14,0.538461538
Rajasthan,KARAULI,2007,Rabi,Barley,451,975,2.161862528
Rajasthan,KARAULI,2007,Rabi,Gram,4108,4092,0.996105161
Rajasthan,KARAULI,2007,Rabi,Masoor,1,1,1
Rajasthan,KARAULI,2007,Rabi,other oilseeds,926,248,0.267818575
Rajasthan,KARAULI,2007,Rabi,Peas & beans (Pulses),6,12,2
Rajasthan,KARAULI,2007,Rabi,Rapeseed &Mustard,81195,102062,1.256998584
Rajasthan,KARAULI,2007,Rabi,Sunflower,1,2,2
Rajasthan,KARAULI,2007,Rabi,Wheat,56952,192121,3.373384605
Rajasthan,KARAULI,2007,Whole Year,Banana,2,,
Rajasthan,KARAULI,2007,Whole Year,Coriander,1,1,1
Rajasthan,KARAULI,2007,Whole Year,Dry chillies,341,106,0.31085044
Rajasthan,KARAULI,2007,Whole Year,Garlic,10,10,1
Rajasthan,KARAULI,2007,Whole Year,Guar seed,2591,3135,1.209957545
Rajasthan,KARAULI,2007,Whole Year,Onion,2,8,4
Rajasthan,KARAULI,2007,Whole Year,Potato,55,220,4
Rajasthan,KARAULI,2007,Whole Year,Sannhamp,4,4,1
Rajasthan,KARAULI,2007,Whole Year,Sugarcane,114,11448,100.4210526
Rajasthan,KARAULI,2007,Whole Year,Sweet potato,13,49,3.769230769
Rajasthan,KARAULI,2007,Whole Year,Tobacco,52,31,0.596153846
Rajasthan,KARAULI,2008,Kharif,Arhar/Tur,506,712,1.407114625
Rajasthan,KARAULI,2008,Kharif,Bajra,117307,204258,1.741226014
Rajasthan,KARAULI,2008,Kharif,Cotton(lint),54,22,0.407407407
Rajasthan,KARAULI,2008,Kharif,Groundnut,1552,1985,1.278994845
Rajasthan,KARAULI,2008,Kharif,Jowar,519,844,1.626204239
Rajasthan,KARAULI,2008,Kharif,Maize,273,474,1.736263736
Rajasthan,KARAULI,2008,Kharif,Moong(Green Gram),15,6,0.4
Rajasthan,KARAULI,2008,Kharif,Moth,63,17,0.26984127
Rajasthan,KARAULI,2008,Kharif,Rice,2445,4692,1.919018405
Rajasthan,KARAULI,2008,Kharif,Sesamum,11093,7749,0.698548634
Rajasthan,KARAULI,2008,Kharif,Urad,33,10,0.303030303
Rajasthan,KARAULI,2008,Rabi,Barley,551,1687,3.061705989
Rajasthan,KARAULI,2008,Rabi,Gram,12686,14831,1.16908403
Rajasthan,KARAULI,2008,Rabi,Masoor,1,1,1
Rajasthan,KARAULI,2008,Rabi,other oilseeds,1191,404,0.339210747
Rajasthan,KARAULI,2008,Rabi,Peas & beans (Pulses),7,14,2
Rajasthan,KARAULI,2008,Rabi,Rapeseed &Mustard,88410,123322,1.394887456
Rajasthan,KARAULI,2008,Rabi,Wheat,62737,228085,3.635573904
Rajasthan,KARAULI,2008,Whole Year,Banana,2,,
Rajasthan,KARAULI,2008,Whole Year,Coriander,30,34,1.133333333
Rajasthan,KARAULI,2008,Whole Year,Dry chillies,206,619,3.004854369
Rajasthan,KARAULI,2008,Whole Year,Guar seed,2747,3299,1.200946487
Rajasthan,KARAULI,2008,Whole Year,Potato,31,126,4.064516129
Rajasthan,KARAULI,2008,Whole Year,Sannhamp,25,15,0.6
Rajasthan,KARAULI,2008,Whole Year,Sugarcane,45,2919,64.86666667
Rajasthan,KARAULI,2008,Whole Year,Sweet potato,7,,
Rajasthan,KARAULI,2008,Whole Year,Tobacco,97,58,0.597938144
Rajasthan,KARAULI,2009,Kharif,Arhar/Tur,332,332,1
Rajasthan,KARAULI,2009,Kharif,Bajra,133662,247772,1.853720579
Rajasthan,KARAULI,2009,Kharif,Cotton(lint),148,51,0.344594595
Rajasthan,KARAULI,2009,Kharif,Groundnut,1309,1512,1.155080214
Rajasthan,KARAULI,2009,Kharif,Jowar,56,30,0.535714286
Rajasthan,KARAULI,2009,Kharif,Maize,172,180,1.046511628
Rajasthan,KARAULI,2009,Kharif,Moong(Green Gram),55,1,0.018181818
Rajasthan,KARAULI,2009,Kharif,Moth,56,2,0.035714286
Rajasthan,KARAULI,2009,Kharif,Other Kharif pulses,2,,
Rajasthan,KARAULI,2009,Kharif,Rice,1046,1078,1.030592734
Rajasthan,KARAULI,2009,Kharif,Sesamum,28756,17145,0.596223397
Rajasthan,KARAULI,2009,Kharif,Urad,53,14,0.264150943
Rajasthan,KARAULI,2009,Rabi,Barley,598,1659,2.774247492
Rajasthan,KARAULI,2009,Rabi,Gram,21115,20067,0.950367038
Rajasthan,KARAULI,2009,Rabi,Linseed,2,2,1
Rajasthan,KARAULI,2009,Rabi,Masoor,4,3,0.75
Rajasthan,KARAULI,2009,Rabi,Other  Rabi pulses,3,54,18
Rajasthan,KARAULI,2009,Rabi,other oilseeds,5665,2086,0.368225949
Rajasthan,KARAULI,2009,Rabi,Rapeseed &Mustard,75293,104629,1.389624533
Rajasthan,KARAULI,2009,Rabi,Wheat,73134,285650,3.905844067
Rajasthan,KARAULI,2009,Whole Year,Coriander,16,19,1.1875
Rajasthan,KARAULI,2009,Whole Year,Dry chillies,176,176,1
Rajasthan,KARAULI,2009,Whole Year,Guar seed,2326,4650,1.999140155
Rajasthan,KARAULI,2009,Whole Year,Potato,38,140,3.684210526
Rajasthan,KARAULI,2009,Whole Year,Sannhamp,47,,
Rajasthan,KARAULI,2009,Whole Year,Sugarcane,28,3051,108.9642857
Rajasthan,KARAULI,2009,Whole Year,Sweet potato,9,,
Rajasthan,KARAULI,2009,Whole Year,Tobacco,32,3,0.09375
Rajasthan,KARAULI,2010,Kharif,Arhar/Tur,501,578,1.153692615
Rajasthan,KARAULI,2010,Kharif,Bajra,133500,253925,1.902059925
Rajasthan,KARAULI,2010,Kharif,Cotton(lint),70,30,0.428571429
Rajasthan,KARAULI,2010,Kharif,Groundnut,1128,2218,1.966312057
Rajasthan,KARAULI,2010,Kharif,Jowar,347,243,0.700288184
Rajasthan,KARAULI,2010,Kharif,Maize,77,138,1.792207792
Rajasthan,KARAULI,2010,Kharif,Moong(Green Gram),30,19,0.633333333
Rajasthan,KARAULI,2010,Kharif,Moth,85,41,0.482352941
Rajasthan,KARAULI,2010,Kharif,Rice,1832,2241,1.223253275
Rajasthan,KARAULI,2010,Kharif,Sesamum,17723,8332,0.470123568
Rajasthan,KARAULI,2010,Kharif,Urad,51,38,0.745098039
Rajasthan,KARAULI,2010,Rabi,Barley,499,1422,2.849699399
Rajasthan,KARAULI,2010,Rabi,Gram,16625,22226,1.336902256
Rajasthan,KARAULI,2010,Rabi,Masoor,13,12,0.923076923
Rajasthan,KARAULI,2010,Rabi,Other  Rabi pulses,4,6,1.5
Rajasthan,KARAULI,2010,Rabi,other oilseeds,5359,2193,0.409218138
Rajasthan,KARAULI,2010,Rabi,Rapeseed &Mustard,74140,124837,1.683800917
Rajasthan,KARAULI,2010,Rabi,Wheat,86163,365854,4.246068498
Rajasthan,KARAULI,2010,Whole Year,Banana,1,,
Rajasthan,KARAULI,2010,Whole Year,Coriander,50,55,1.1
Rajasthan,KARAULI,2010,Whole Year,Dry chillies,134,300,2.23880597
Rajasthan,KARAULI,2010,Whole Year,Guar seed,1435,742,0.517073171
Rajasthan,KARAULI,2010,Whole Year,Onion,5,13,2.6
Rajasthan,KARAULI,2010,Whole Year,Potato,15,69,4.6
Rajasthan,KARAULI,2010,Whole Year,Sannhamp,7,3,0.428571429
Rajasthan,KARAULI,2010,Whole Year,Sugarcane,45,3747,83.26666667
Rajasthan,KARAULI,2010,Whole Year,Sweet potato,12,44,3.666666667
Rajasthan,KARAULI,2010,Whole Year,Tobacco,91,56,0.615384615
Rajasthan,KOTA,1997,Kharif,Arhar/Tur,100,100,1
Rajasthan,KOTA,1997,Kharif,Groundnut,900,1000,1.111111111
Rajasthan,KOTA,1997,Kharif,Jowar,16100,18000,1.118012422
Rajasthan,KOTA,1997,Kharif,Maize,9200,9500,1.032608696
Rajasthan,KOTA,1997,Kharif,Rice,3100,4700,1.516129032
Rajasthan,KOTA,1997,Kharif,Sesamum,300,100,0.333333333
Rajasthan,KOTA,1997,Kharif,Soyabean,105900,157000,1.482530689
Rajasthan,KOTA,1997,Kharif,Sugarcane,200,11200,56
Rajasthan,KOTA,1997,Rabi,Barley,1000,2000,2
Rajasthan,KOTA,1997,Rabi,Gram,7500,6200,0.826666667
Rajasthan,KOTA,1997,Rabi,Linseed,1900,1400,0.736842105
Rajasthan,KOTA,1997,Rabi,Rapeseed &Mustard,88900,71200,0.800899888
Rajasthan,KOTA,1997,Rabi,Wheat,94500,257800,2.728042328
Rajasthan,KOTA,1997,Whole Year,Potato,400,10500,26.25
Rajasthan,KOTA,1998,Kharif,Arhar/Tur,246,326,1.325203252
Rajasthan,KOTA,1998,Kharif,Bajra,1,,
Rajasthan,KOTA,1998,Kharif,Cotton(lint),5,1,0.2
Rajasthan,KOTA,1998,Kharif,Groundnut,1180,1287,1.090677966
Rajasthan,KOTA,1998,Kharif,Jowar,12098,14517,1.199950405
Rajasthan,KOTA,1998,Kharif,Maize,8546,11322,1.32483033
Rajasthan,KOTA,1998,Kharif,Moong(Green Gram),821,85,0.103532278
Rajasthan,KOTA,1998,Kharif,Other Kharif pulses,14,3,0.214285714
Rajasthan,KOTA,1998,Kharif,Rice,4033,5957,1.47706422
Rajasthan,KOTA,1998,Kharif,Sannhamp,31,31,1
Rajasthan,KOTA,1998,Kharif,Sesamum,357,26,0.072829132
Rajasthan,KOTA,1998,Kharif,Soyabean,153585,218802,1.424631312
Rajasthan,KOTA,1998,Kharif,Urad,4335,2006,0.462745098
Rajasthan,KOTA,1998,Rabi,Barley,951,1879,1.975814932
Rajasthan,KOTA,1998,Rabi,Gram,12963,10928,0.843014734
Rajasthan,KOTA,1998,Rabi,Linseed,4858,3476,0.71552079
Rajasthan,KOTA,1998,Rabi,Masoor,180,140,0.777777778
Rajasthan,KOTA,1998,Rabi,Other  Rabi pulses,220,331,1.504545455
Rajasthan,KOTA,1998,Rabi,Peas & beans (Pulses),537,1178,2.193668529
Rajasthan,KOTA,1998,Rabi,Rapeseed &Mustard,60486,80991,1.339004067
Rajasthan,KOTA,1998,Rabi,Sunflower,4,12,3
Rajasthan,KOTA,1998,Rabi,Wheat,123034,312529,2.540184014
Rajasthan,KOTA,1998,Whole Year,Coriander,42603,42603,1
Rajasthan,KOTA,1998,Whole Year,Dry chillies,172,415,2.412790698
Rajasthan,KOTA,1998,Whole Year,Garlic,154,431,2.798701299
Rajasthan,KOTA,1998,Whole Year,Onion,49,358,7.306122449
Rajasthan,KOTA,1998,Whole Year,Potato,307,9070,29.54397394
Rajasthan,KOTA,1998,Whole Year,Sugarcane,39,1863,47.76923077
Rajasthan,KOTA,1998,Whole Year,Sweet potato,13,13,1
Rajasthan,KOTA,1999,Kharif,Arhar/Tur,431,229,0.531322506
Rajasthan,KOTA,1999,Kharif,Bajra,166,57,0.343373494
Rajasthan,KOTA,1999,Kharif,Groundnut,863,833,0.965237543
Rajasthan,KOTA,1999,Kharif,Jowar,12241,15619,1.275957847
Rajasthan,KOTA,1999,Kharif,Maize,8080,17560,2.173267327
Rajasthan,KOTA,1999,Kharif,Moong(Green Gram),783,78,0.099616858
Rajasthan,KOTA,1999,Kharif,Other Kharif pulses,6,1,0.166666667
Rajasthan,KOTA,1999,Kharif,Rice,8799,13634,1.549494261
Rajasthan,KOTA,1999,Kharif,Sesamum,319,24,0.07523511
Rajasthan,KOTA,1999,Kharif,Soyabean,72979,84175,1.153413996
Rajasthan,KOTA,1999,Kharif,Urad,2639,948,0.35922698
Rajasthan,KOTA,1999,Rabi,Barley,695,1404,2.020143885
Rajasthan,KOTA,1999,Rabi,Gram,6991,7354,1.051923902
Rajasthan,KOTA,1999,Rabi,Linseed,2819,2092,0.74210713
Rajasthan,KOTA,1999,Rabi,Masoor,97,156,1.608247423
Rajasthan,KOTA,1999,Rabi,Other  Rabi pulses,162,243,1.5
Rajasthan,KOTA,1999,Rabi,Peas & beans (Pulses),412,882,2.140776699
Rajasthan,KOTA,1999,Rabi,Rapeseed &Mustard,112597,143615,1.275478032
Rajasthan,KOTA,1999,Rabi,Wheat,103111,318989,3.093646653
Rajasthan,KOTA,1999,Whole Year,Coriander,17153,17971,1.047688451
Rajasthan,KOTA,1999,Whole Year,Dry chillies,242,584,2.41322314
Rajasthan,KOTA,1999,Whole Year,Garlic,399,1117,2.799498747
Rajasthan,KOTA,1999,Whole Year,Guar seed,1871,1901,1.016034206
Rajasthan,KOTA,1999,Whole Year,Onion,91,363,3.989010989
Rajasthan,KOTA,1999,Whole Year,Potato,352,10560,30
Rajasthan,KOTA,1999,Whole Year,Sannhamp,119,119,1
Rajasthan,KOTA,1999,Whole Year,Sugarcane,30,1225,40.83333333
Rajasthan,KOTA,1999,Whole Year,Sweet potato,8,8,1
Rajasthan,KOTA,1999,Whole Year,Tapioca,3,2,0.666666667
Rajasthan,KOTA,2000,Kharif,Arhar/Tur,256,54,0.2109375
Rajasthan,KOTA,2000,Kharif,Bajra,34,15,0.441176471
Rajasthan,KOTA,2000,Kharif,Castor seed,24,40,1.666666667
Rajasthan,KOTA,2000,Kharif,Cotton(lint),1,1,1
Rajasthan,KOTA,2000,Kharif,Groundnut,615,568,0.923577236
Rajasthan,KOTA,2000,Kharif,Jowar,13603,6068,0.446078071
Rajasthan,KOTA,2000,Kharif,Maize,8524,17873,2.096785547
Rajasthan,KOTA,2000,Kharif,Moong(Green Gram),760,132,0.173684211
Rajasthan,KOTA,2000,Kharif,Moth,7,1,0.142857143
Rajasthan,KOTA,2000,Kharif,Other Kharif pulses,5,1,0.2
Rajasthan,KOTA,2000,Kharif,Rice,7508,8347,1.111747469
Rajasthan,KOTA,2000,Kharif,Sesamum,452,62,0.137168142
Rajasthan,KOTA,2000,Kharif,Soyabean,136279,129419,0.94966209
Rajasthan,KOTA,2000,Kharif,Sunflower,1,2,2
Rajasthan,KOTA,2000,Kharif,Urad,2385,686,0.287631027
Rajasthan,KOTA,2000,Rabi,Barley,1113,2020,1.814914645
Rajasthan,KOTA,2000,Rabi,Gram,10831,7469,0.689594682
Rajasthan,KOTA,2000,Rabi,Linseed,3120,1944,0.623076923
Rajasthan,KOTA,2000,Rabi,Masoor,330,501,1.518181818
Rajasthan,KOTA,2000,Rabi,Other  Rabi pulses,86,132,1.534883721
Rajasthan,KOTA,2000,Rabi,Peas & beans (Pulses),1106,2119,1.915913201
Rajasthan,KOTA,2000,Rabi,Rapeseed &Mustard,51710,50151,0.969851093
Rajasthan,KOTA,2000,Rabi,Wheat,96156,241324,2.509713382
Rajasthan,KOTA,2000,Whole Year,Coriander,31091,35490,1.14148789
Rajasthan,KOTA,2000,Whole Year,Dry chillies,201,473,2.353233831
Rajasthan,KOTA,2000,Whole Year,Garlic,525,1569,2.988571429
Rajasthan,KOTA,2000,Whole Year,Guar seed,2623,1517,0.578345406
Rajasthan,KOTA,2000,Whole Year,Onion,37,219,5.918918919
Rajasthan,KOTA,2000,Whole Year,Potato,303,9090,30
Rajasthan,KOTA,2000,Whole Year,Sannhamp,49,49,1
Rajasthan,KOTA,2000,Whole Year,Sugarcane,21,875,41.66666667
Rajasthan,KOTA,2000,Whole Year,Sweet potato,8,8,1
Rajasthan,KOTA,2000,Whole Year,Turmeric,1,1,1
Rajasthan,KOTA,2001,Kharif,Arhar/Tur,185,93,0.502702703
Rajasthan,KOTA,2001,Kharif,Bajra,77,58,0.753246753
Rajasthan,KOTA,2001,Kharif,Castor seed,19,36,1.894736842
Rajasthan,KOTA,2001,Kharif,Groundnut,773,948,1.226390686
Rajasthan,KOTA,2001,Kharif,Jowar,15285,14284,0.934510958
Rajasthan,KOTA,2001,Kharif,Maize,7962,12183,1.53014318
Rajasthan,KOTA,2001,Kharif,Moong(Green Gram),712,210,0.29494382
Rajasthan,KOTA,2001,Kharif,Other Kharif pulses,5,2,0.4
Rajasthan,KOTA,2001,Kharif,Rice,6318,11557,1.829218107
Rajasthan,KOTA,2001,Kharif,Sesamum,856,280,0.327102804
Rajasthan,KOTA,2001,Kharif,Soyabean,145228,162046,1.115804115
Rajasthan,KOTA,2001,Kharif,Urad,5784,1949,0.336964039
Rajasthan,KOTA,2001,Rabi,Barley,798,2052,2.571428571
Rajasthan,KOTA,2001,Rabi,Gram,17195,16807,0.977435301
Rajasthan,KOTA,2001,Rabi,Linseed,741,538,0.726045884
Rajasthan,KOTA,2001,Rabi,Masoor,133,245,1.842105263
Rajasthan,KOTA,2001,Rabi,Other  Rabi pulses,63,97,1.53968254
Rajasthan,KOTA,2001,Rabi,Peas & beans (Pulses),310,786,2.535483871
Rajasthan,KOTA,2001,Rabi,Rapeseed &Mustard,50368,61701,1.225003971
Rajasthan,KOTA,2001,Rabi,Wheat,79144,227185,2.87052714
Rajasthan,KOTA,2001,Whole Year,Coriander,45012,52141,1.158379988
Rajasthan,KOTA,2001,Whole Year,Dry chillies,173,422,2.439306358
Rajasthan,KOTA,2001,Whole Year,Garlic,1065,3216,3.01971831
Rajasthan,KOTA,2001,Whole Year,Guar seed,528,529,1.001893939
Rajasthan,KOTA,2001,Whole Year,Onion,65,510,7.846153846
Rajasthan,KOTA,2001,Whole Year,Potato,196,5880,30
Rajasthan,KOTA,2001,Whole Year,Sannhamp,50,50,1
Rajasthan,KOTA,2001,Whole Year,Sugarcane,24,1145,47.70833333
Rajasthan,KOTA,2001,Whole Year,Sweet potato,12,12,1
Rajasthan,KOTA,2001,Whole Year,Turmeric,5,4,0.8
Rajasthan,KOTA,2002,Kharif,Arhar/Tur,67,5,0.074626866
Rajasthan,KOTA,2002,Kharif,Bajra,9,2,0.222222222
Rajasthan,KOTA,2002,Kharif,Castor seed,4,,
Rajasthan,KOTA,2002,Kharif,Groundnut,750,515,0.686666667
Rajasthan,KOTA,2002,Kharif,Jowar,9737,7011,0.720036972
Rajasthan,KOTA,2002,Kharif,Maize,8374,8469,1.011344638
Rajasthan,KOTA,2002,Kharif,Moong(Green Gram),443,28,0.063205418
Rajasthan,KOTA,2002,Kharif,Other Kharif pulses,30,3,0.1
Rajasthan,KOTA,2002,Kharif,Rice,5261,5741,1.091237407
Rajasthan,KOTA,2002,Kharif,Sesamum,2114,126,0.059602649
Rajasthan,KOTA,2002,Kharif,Soyabean,85161,28325,0.332605301
Rajasthan,KOTA,2002,Kharif,Urad,10229,849,0.082999316
Rajasthan,KOTA,2002,Rabi,Barley,507,1181,2.32938856
Rajasthan,KOTA,2002,Rabi,Gram,7875,6912,0.877714286
Rajasthan,KOTA,2002,Rabi,Linseed,214,156,0.728971963
Rajasthan,KOTA,2002,Rabi,Masoor,109,119,1.091743119
Rajasthan,KOTA,2002,Rabi,Other  Rabi pulses,13,0,0
Rajasthan,KOTA,2002,Rabi,Peas & beans (Pulses),127,266,2.094488189
Rajasthan,KOTA,2002,Rabi,Rapeseed &Mustard,25855,30554,1.181744343
Rajasthan,KOTA,2002,Rabi,Wheat,50311,141770,2.817872831
Rajasthan,KOTA,2002,Whole Year,Coriander,30819,36340,1.179142737
Rajasthan,KOTA,2002,Whole Year,Dry chillies,122,171,1.401639344
Rajasthan,KOTA,2002,Whole Year,Garlic,2821,22568,8
Rajasthan,KOTA,2002,Whole Year,Onion,39,749,19.20512821
Rajasthan,KOTA,2002,Whole Year,Other Fresh Fruits,100,0,0
Rajasthan,KOTA,2002,Whole Year,Other Vegetables,1691,0,0
Rajasthan,KOTA,2002,Whole Year,Potato,189,5670,30
Rajasthan,KOTA,2002,Whole Year,Sannhamp,19,5,0.263157895
Rajasthan,KOTA,2002,Whole Year,Sugarcane,9,380,42.22222222
Rajasthan,KOTA,2002,Whole Year,Turmeric,8,3,0.375
Rajasthan,KOTA,2003,Kharif,Arhar/Tur,110,55,0.5
Rajasthan,KOTA,2003,Kharif,Bajra,231,263,1.138528139
Rajasthan,KOTA,2003,Kharif,Castor seed,3,6,2
Rajasthan,KOTA,2003,Kharif,Dry ginger,3,5,1.666666667
Rajasthan,KOTA,2003,Kharif,Groundnut,548,858,1.565693431
Rajasthan,KOTA,2003,Kharif,Jowar,21921,20172,0.920213494
Rajasthan,KOTA,2003,Kharif,Maize,12552,20492,1.632568515
Rajasthan,KOTA,2003,Kharif,Moong(Green Gram),542,336,0.619926199
Rajasthan,KOTA,2003,Kharif,Moth,4,2,0.5
Rajasthan,KOTA,2003,Kharif,Other Kharif pulses,7,4,0.571428571
Rajasthan,KOTA,2003,Kharif,Rice,5931,9997,1.685550497
Rajasthan,KOTA,2003,Kharif,Sesamum,3399,1539,0.452780229
Rajasthan,KOTA,2003,Kharif,Soyabean,105505,169816,1.60955405
Rajasthan,KOTA,2003,Kharif,Sunflower,2,2,1
Rajasthan,KOTA,2003,Kharif,Urad,13297,3972,0.298713996
Rajasthan,KOTA,2003,Rabi,Barley,471,1059,2.248407643
Rajasthan,KOTA,2003,Rabi,Gram,5406,6638,1.227894932
Rajasthan,KOTA,2003,Rabi,Linseed,414,307,0.741545894
Rajasthan,KOTA,2003,Rabi,Masoor,77,95,1.233766234
Rajasthan,KOTA,2003,Rabi,Peas & beans (Pulses),190,441,2.321052632
Rajasthan,KOTA,2003,Rabi,Rapeseed &Mustard,82726,146440,1.77018108
Rajasthan,KOTA,2003,Rabi,Wheat,66760,191358,2.8663571
Rajasthan,KOTA,2003,Whole Year,Coriander,55193,59056,1.06999076
Rajasthan,KOTA,2003,Whole Year,Dry chillies,140,369,2.635714286
Rajasthan,KOTA,2003,Whole Year,Garlic,2783,27830,10
Rajasthan,KOTA,2003,Whole Year,Guar seed,191,,
Rajasthan,KOTA,2003,Whole Year,Onion,46,550,11.95652174
Rajasthan,KOTA,2003,Whole Year,Other Fresh Fruits,12,0,0
Rajasthan,KOTA,2003,Whole Year,other oilseeds,7236,12453,1.720978441
Rajasthan,KOTA,2003,Whole Year,Other Vegetables,1946,0,0
Rajasthan,KOTA,2003,Whole Year,Potato,241,6257,25.9626556
Rajasthan,KOTA,2003,Whole Year,Sannhamp,2,0,0
Rajasthan,KOTA,2003,Whole Year,Sugarcane,4,214,53.5
Rajasthan,KOTA,2003,Whole Year,Turmeric,1,20,20
Rajasthan,KOTA,2004,Kharif,Arhar/Tur,49,25,0.510204082
Rajasthan,KOTA,2004,Kharif,Bajra,30,19,0.633333333
Rajasthan,KOTA,2004,Kharif,Castor seed,2,4,2
Rajasthan,KOTA,2004,Kharif,Groundnut,325,504,1.550769231
Rajasthan,KOTA,2004,Kharif,Jowar,6607,11438,1.731194188
Rajasthan,KOTA,2004,Kharif,Maize,9789,10542,1.076923077
Rajasthan,KOTA,2004,Kharif,Moong(Green Gram),164,45,0.274390244
Rajasthan,KOTA,2004,Kharif,Rice,5018,10791,2.15045835
Rajasthan,KOTA,2004,Kharif,Sesamum,2973,990,0.332996973
Rajasthan,KOTA,2004,Kharif,Soyabean,118412,189518,1.600496571
Rajasthan,KOTA,2004,Kharif,Urad,8725,3230,0.370200573
Rajasthan,KOTA,2004,Rabi,Barley,315,750,2.380952381
Rajasthan,KOTA,2004,Rabi,Gram,2166,2306,1.064635272
Rajasthan,KOTA,2004,Rabi,Linseed,223,270,1.210762332
Rajasthan,KOTA,2004,Rabi,Masoor,33,33,1
Rajasthan,KOTA,2004,Rabi,Other  Rabi pulses,101,101,1
Rajasthan,KOTA,2004,Rabi,Rapeseed &Mustard,137849,194255,1.409186864
Rajasthan,KOTA,2004,Rabi,Wheat,64902,220058,3.390619704
Rajasthan,KOTA,2004,Whole Year,Coriander,32218,42173,1.308988764
Rajasthan,KOTA,2004,Whole Year,Dry chillies,110,253,2.3
Rajasthan,KOTA,2004,Whole Year,Garlic,1933,28755,14.87584066
Rajasthan,KOTA,2004,Whole Year,Onion,36,472,13.11111111
Rajasthan,KOTA,2004,Whole Year,Potato,186,3720,20
Rajasthan,KOTA,2004,Whole Year,Sannhamp,6,,
Rajasthan,KOTA,2004,Whole Year,Sugarcane,5,241,48.2
Rajasthan,KOTA,2005,Kharif,Arhar/Tur,63,32,0.507936508
Rajasthan,KOTA,2005,Kharif,Bajra,45,19,0.422222222
Rajasthan,KOTA,2005,Kharif,Groundnut,320,495,1.546875
Rajasthan,KOTA,2005,Kharif,Jowar,8168,9010,1.103085211
Rajasthan,KOTA,2005,Kharif,Maize,7115,7905,1.111033029
Rajasthan,KOTA,2005,Kharif,Moong(Green Gram),266,42,0.157894737
Rajasthan,KOTA,2005,Kharif,Other Kharif pulses,2,,
Rajasthan,KOTA,2005,Kharif,Rice,6642,15606,2.349593496
Rajasthan,KOTA,2005,Kharif,Sesamum,3758,559,0.148749335
Rajasthan,KOTA,2005,Kharif,Soyabean,127319,167733,1.317423165
Rajasthan,KOTA,2005,Kharif,Urad,7521,2644,0.351548996
Rajasthan,KOTA,2005,Rabi,Barley,312,709,2.272435897
Rajasthan,KOTA,2005,Rabi,Gram,3249,2724,0.838411819
Rajasthan,KOTA,2005,Rabi,Linseed,485,512,1.055670103
Rajasthan,KOTA,2005,Rabi,Masoor,55,50,0.909090909
Rajasthan,KOTA,2005,Rabi,Peas & beans (Pulses),90,135,1.5
Rajasthan,KOTA,2005,Rabi,Rapeseed &Mustard,136407,201858,1.479821417
Rajasthan,KOTA,2005,Rabi,Wheat,64753,209469,3.234892592
Rajasthan,KOTA,2005,Whole Year,Coriander,35787,39258,1.096990527
Rajasthan,KOTA,2005,Whole Year,Dry chillies,71,604,8.507042254
Rajasthan,KOTA,2005,Whole Year,Garlic,1347,6465,4.799554566
Rajasthan,KOTA,2005,Whole Year,Onion,20,176,8.8
Rajasthan,KOTA,2005,Whole Year,Potato,244,2450,10.04098361
Rajasthan,KOTA,2005,Whole Year,Sannhamp,15,,
Rajasthan,KOTA,2005,Whole Year,Sugarcane,16,975,60.9375
Rajasthan,KOTA,2006,Kharif,Arhar/Tur,37,19,0.513513514
Rajasthan,KOTA,2006,Kharif,Bajra,19,13,0.684210526
Rajasthan,KOTA,2006,Kharif,Castor seed,11,66,6
Rajasthan,KOTA,2006,Kharif,Groundnut,325,424,1.304615385
Rajasthan,KOTA,2006,Kharif,Jowar,9488,9060,0.954890388
Rajasthan,KOTA,2006,Kharif,Maize,9277,9143,0.985555675
Rajasthan,KOTA,2006,Kharif,Moong(Green Gram),415,148,0.356626506
Rajasthan,KOTA,2006,Kharif,Other Kharif pulses,1,1,1
Rajasthan,KOTA,2006,Kharif,Rice,6505,17751,2.728823982
Rajasthan,KOTA,2006,Kharif,Sesamum,6913,2544,0.368002314
Rajasthan,KOTA,2006,Kharif,Soyabean,75361,98649,1.309019254
Rajasthan,KOTA,2006,Kharif,Urad,4831,2269,0.469675016
Rajasthan,KOTA,2006,Rabi,Barley,449,1144,2.547884187
Rajasthan,KOTA,2006,Rabi,Gram,3057,4241,1.387307818
Rajasthan,KOTA,2006,Rabi,Linseed,344,325,0.944767442
Rajasthan,KOTA,2006,Rabi,Masoor,5,5,1
Rajasthan,KOTA,2006,Rabi,Peas & beans (Pulses),82,122,1.487804878
Rajasthan,KOTA,2006,Rabi,Rapeseed &Mustard,135292,199567,1.475083523
Rajasthan,KOTA,2006,Rabi,Wheat,81551,296388,3.634388297
Rajasthan,KOTA,2006,Whole Year,Coriander,22314,28093,1.25898539
Rajasthan,KOTA,2006,Whole Year,Dry chillies,107,88,0.822429907
Rajasthan,KOTA,2006,Whole Year,Garlic,2235,22031,9.857270694
Rajasthan,KOTA,2006,Whole Year,Guar seed,1,,
Rajasthan,KOTA,2006,Whole Year,Onion,54,700,12.96296296
Rajasthan,KOTA,2006,Whole Year,Potato,257,4865,18.92996109
Rajasthan,KOTA,2006,Whole Year,Sannhamp,4,,
Rajasthan,KOTA,2006,Whole Year,Sugarcane,28,1616,57.71428571
Rajasthan,KOTA,2006,Whole Year,Turmeric,1,25,25
Rajasthan,KOTA,2007,Kharif,Arhar/Tur,18,12,0.666666667
Rajasthan,KOTA,2007,Kharif,Bajra,76,63,0.828947368
Rajasthan,KOTA,2007,Kharif,Castor seed,1,1,1
Rajasthan,KOTA,2007,Kharif,Groundnut,257,443,1.723735409
Rajasthan,KOTA,2007,Kharif,Jowar,7997,9769,1.221583094
Rajasthan,KOTA,2007,Kharif,Maize,10024,14208,1.417398244
Rajasthan,KOTA,2007,Kharif,Moong(Green Gram),241,95,0.394190871
Rajasthan,KOTA,2007,Kharif,Other Kharif pulses,2,1,0.5
Rajasthan,KOTA,2007,Kharif,Rice,8402,20645,2.457153059
Rajasthan,KOTA,2007,Kharif,Sesamum,11471,7615,0.663847964
Rajasthan,KOTA,2007,Kharif,Soyabean,124405,196773,1.581712954
Rajasthan,KOTA,2007,Kharif,Urad,7829,5380,0.687188658
Rajasthan,KOTA,2007,Rabi,Barley,502,1086,2.163346614
Rajasthan,KOTA,2007,Rabi,Gram,5282,6898,1.305944718
Rajasthan,KOTA,2007,Rabi,Linseed,127,113,0.88976378
Rajasthan,KOTA,2007,Rabi,Masoor,18,13,0.722222222
Rajasthan,KOTA,2007,Rabi,other oilseeds,218,57,0.26146789
Rajasthan,KOTA,2007,Rabi,Peas & beans (Pulses),71,107,1.507042254
Rajasthan,KOTA,2007,Rabi,Rapeseed &Mustard,73343,133943,1.826254721
Rajasthan,KOTA,2007,Rabi,Wheat,110050,398747,3.623325761
Rajasthan,KOTA,2007,Whole Year,Coriander,39657,42314,1.066999521
Rajasthan,KOTA,2007,Whole Year,Dry chillies,124,123,0.991935484
Rajasthan,KOTA,2007,Whole Year,Garlic,5211,52110,10
Rajasthan,KOTA,2007,Whole Year,Guar seed,74,,
Rajasthan,KOTA,2007,Whole Year,Onion,64,496,7.75
Rajasthan,KOTA,2007,Whole Year,Potato,102,2040,20
Rajasthan,KOTA,2007,Whole Year,Sannhamp,3,3,1
Rajasthan,KOTA,2007,Whole Year,Sugarcane,23,1314,57.13043478
Rajasthan,KOTA,2007,Whole Year,Turmeric,1,3,3
Rajasthan,KOTA,2008,Kharif,Arhar/Tur,42,25,0.595238095
Rajasthan,KOTA,2008,Kharif,Bajra,47,39,0.829787234
Rajasthan,KOTA,2008,Kharif,Castor seed,5,3,0.6
Rajasthan,KOTA,2008,Kharif,Cotton(lint),1,,
Rajasthan,KOTA,2008,Kharif,Groundnut,281,468,1.665480427
Rajasthan,KOTA,2008,Kharif,Jowar,4151,4863,1.171524934
Rajasthan,KOTA,2008,Kharif,Maize,7296,10546,1.445449561
Rajasthan,KOTA,2008,Kharif,Moong(Green Gram),129,54,0.418604651
Rajasthan,KOTA,2008,Kharif,Other Kharif pulses,1,1,1
Rajasthan,KOTA,2008,Kharif,Rice,12011,36786,3.062692532
Rajasthan,KOTA,2008,Kharif,Sesamum,16297,6242,0.383015279
Rajasthan,KOTA,2008,Kharif,Soyabean,132164,111617,0.844534064
Rajasthan,KOTA,2008,Kharif,Urad,6860,1112,0.162099125
Rajasthan,KOTA,2008,Rabi,Barley,472,1445,3.061440678
Rajasthan,KOTA,2008,Rabi,Gram,5130,5795,1.12962963
Rajasthan,KOTA,2008,Rabi,Linseed,276,162,0.586956522
Rajasthan,KOTA,2008,Rabi,Masoor,15,13,0.866666667
Rajasthan,KOTA,2008,Rabi,other oilseeds,164,60,0.365853659
Rajasthan,KOTA,2008,Rabi,Peas & beans (Pulses),61,98,1.606557377
Rajasthan,KOTA,2008,Rabi,Rapeseed &Mustard,90776,142971,1.574986781
Rajasthan,KOTA,2008,Rabi,Wheat,86611,320290,3.698029119
Rajasthan,KOTA,2008,Whole Year,Coriander,49135,63055,1.283301109
Rajasthan,KOTA,2008,Whole Year,Dry chillies,52,51,0.980769231
Rajasthan,KOTA,2008,Whole Year,Garlic,3079,24632,8
Rajasthan,KOTA,2008,Whole Year,Onion,24,380,15.83333333
Rajasthan,KOTA,2008,Whole Year,Potato,279,3324,11.91397849
Rajasthan,KOTA,2008,Whole Year,Sugarcane,14,832,59.42857143
Rajasthan,KOTA,2009,Kharif,Arhar/Tur,20,20,1
Rajasthan,KOTA,2009,Kharif,Bajra,83,33,0.397590361
Rajasthan,KOTA,2009,Kharif,Castor seed,2,1,0.5
Rajasthan,KOTA,2009,Kharif,Cotton(lint),7,2,0.285714286
Rajasthan,KOTA,2009,Kharif,Groundnut,304,330,1.085526316
Rajasthan,KOTA,2009,Kharif,Jowar,5957,7135,1.197750546
Rajasthan,KOTA,2009,Kharif,Maize,11699,15560,1.330028208
Rajasthan,KOTA,2009,Kharif,Moong(Green Gram),157,8,0.050955414
Rajasthan,KOTA,2009,Kharif,Other Kharif pulses,10,,
Rajasthan,KOTA,2009,Kharif,Rice,17348,37733,2.175063408
Rajasthan,KOTA,2009,Kharif,Sesamum,21591,12299,0.569635496
Rajasthan,KOTA,2009,Kharif,Soyabean,122293,145587,1.190476969
Rajasthan,KOTA,2009,Kharif,Urad,2520,1214,0.481746032
Rajasthan,KOTA,2009,Rabi,Barley,385,1068,2.774025974
Rajasthan,KOTA,2009,Rabi,Gram,6742,7215,1.070157223
Rajasthan,KOTA,2009,Rabi,Linseed,639,2020,3.161189358
Rajasthan,KOTA,2009,Rabi,Masoor,18,16,0.888888889
Rajasthan,KOTA,2009,Rabi,Other  Rabi pulses,46,105,2.282608696
Rajasthan,KOTA,2009,Rabi,other oilseeds,692,235,0.339595376
Rajasthan,KOTA,2009,Rabi,Rapeseed &Mustard,86065,126606,1.47105095
Rajasthan,KOTA,2009,Rabi,Wheat,91999,325222,3.535060164
Rajasthan,KOTA,2009,Whole Year,Coriander,50589,67495,1.33418332
Rajasthan,KOTA,2009,Whole Year,Dry chillies,86,74,0.860465116
Rajasthan,KOTA,2009,Whole Year,Garlic,3823,22938,6
Rajasthan,KOTA,2009,Whole Year,Onion,64,700,10.9375
Rajasthan,KOTA,2009,Whole Year,Potato,181,2715,15
Rajasthan,KOTA,2009,Whole Year,Sannhamp,5,,
Rajasthan,KOTA,2009,Whole Year,Sugarcane,9,518,57.55555556
Rajasthan,KOTA,2010,Kharif,Arhar/Tur,48,57,1.1875
Rajasthan,KOTA,2010,Kharif,Bajra,74,82,1.108108108
Rajasthan,KOTA,2010,Kharif,Cotton(lint),2,1,0.5
Rajasthan,KOTA,2010,Kharif,Groundnut,326,641,1.966257669
Rajasthan,KOTA,2010,Kharif,Jowar,6721,6824,1.0153251
Rajasthan,KOTA,2010,Kharif,Maize,14095,28524,2.023696346
Rajasthan,KOTA,2010,Kharif,Moong(Green Gram),217,135,0.622119816
Rajasthan,KOTA,2010,Kharif,Other Kharif pulses,5,3,0.6
Rajasthan,KOTA,2010,Kharif,Rice,13974,38259,2.737870331
Rajasthan,KOTA,2010,Kharif,Sesamum,53693,17447,0.324939936
Rajasthan,KOTA,2010,Kharif,Soyabean,112195,153568,1.368759749
Rajasthan,KOTA,2010,Kharif,Urad,6680,5317,0.795958084
Rajasthan,KOTA,2010,Rabi,Barley,686,1955,2.849854227
Rajasthan,KOTA,2010,Rabi,Gram,7942,7387,0.930118358
Rajasthan,KOTA,2010,Rabi,Linseed,243,199,0.818930041
Rajasthan,KOTA,2010,Rabi,Masoor,40,35,0.875
Rajasthan,KOTA,2010,Rabi,Other  Rabi pulses,106,122,1.150943396
Rajasthan,KOTA,2010,Rabi,other oilseeds,2203,889,0.403540626
Rajasthan,KOTA,2010,Rabi,Rapeseed &Mustard,55614,92662,1.666163196
Rajasthan,KOTA,2010,Rabi,Wheat,115280,411409,3.568780361
Rajasthan,KOTA,2010,Whole Year,Coriander,45452,57307,1.260824606
Rajasthan,KOTA,2010,Whole Year,Dry chillies,67,67,1
Rajasthan,KOTA,2010,Whole Year,Garlic,5712,68544,12
Rajasthan,KOTA,2010,Whole Year,Onion,38,348,9.157894737
Rajasthan,KOTA,2010,Whole Year,Potato,195,2925,15
Rajasthan,KOTA,2010,Whole Year,Sannhamp,2,,
Rajasthan,KOTA,2010,Whole Year,Sugarcane,5,335,67
Rajasthan,NAGAUR,1997,Kharif,Bajra,459100,273800,0.59638423
Rajasthan,NAGAUR,1997,Kharif,Castor seed,100,100,1
Rajasthan,NAGAUR,1997,Kharif,Cotton(lint),10500,22352,2.128761905
Rajasthan,NAGAUR,1997,Kharif,Groundnut,13700,13900,1.01459854
Rajasthan,NAGAUR,1997,Kharif,Jowar,28400,12900,0.454225352
Rajasthan,NAGAUR,1997,Kharif,Maize,600,800,1.333333333
Rajasthan,NAGAUR,1997,Kharif,Onion,1800,7300,4.055555556
Rajasthan,NAGAUR,1997,Kharif,Sesamum,32500,2700,0.083076923
Rajasthan,NAGAUR,1997,Rabi,Barley,11500,22300,1.939130435
Rajasthan,NAGAUR,1997,Rabi,Gram,75700,75600,0.998678996
Rajasthan,NAGAUR,1997,Rabi,Rapeseed &Mustard,166400,140800,0.846153846
Rajasthan,NAGAUR,1997,Rabi,Wheat,82400,100500,1.219660194
Rajasthan,NAGAUR,1998,Kharif,Bajra,450810,191605,0.425023846
Rajasthan,NAGAUR,1998,Kharif,Castor seed,106,147,1.386792453
Rajasthan,NAGAUR,1998,Kharif,Cotton(lint),11081,2323,0.209638119
Rajasthan,NAGAUR,1998,Kharif,Groundnut,17635,15762,0.893790757
Rajasthan,NAGAUR,1998,Kharif,Jowar,39263,6011,0.15309579
Rajasthan,NAGAUR,1998,Kharif,Maize,538,581,1.079925651
Rajasthan,NAGAUR,1998,Kharif,Moong(Green Gram),175017,21165,0.12093111
Rajasthan,NAGAUR,1998,Kharif,Moth,136011,36362,0.267346023
Rajasthan,NAGAUR,1998,Kharif,Other Kharif pulses,18292,2509,0.137163787
Rajasthan,NAGAUR,1998,Kharif,Sannhamp,3,4,1.333333333
Rajasthan,NAGAUR,1998,Kharif,Sesamum,25358,2089,0.082380314
Rajasthan,NAGAUR,1998,Kharif,Soyabean,2,3,1.5
Rajasthan,NAGAUR,1998,Kharif,Urad,3,1,0.333333333
Rajasthan,NAGAUR,1998,Rabi,Barley,9341,16929,1.812332727
Rajasthan,NAGAUR,1998,Rabi,Gram,77531,41082,0.529878371
Rajasthan,NAGAUR,1998,Rabi,Linseed,54,31,0.574074074
Rajasthan,NAGAUR,1998,Rabi,Peas & beans (Pulses),185,226,1.221621622
Rajasthan,NAGAUR,1998,Rabi,Rapeseed &Mustard,144588,139554,0.965183833
Rajasthan,NAGAUR,1998,Rabi,Tobacco,26,52,2
Rajasthan,NAGAUR,1998,Rabi,Wheat,74731,88584,1.185371533
Rajasthan,NAGAUR,1998,Whole Year,Coriander,14,12,0.857142857
Rajasthan,NAGAUR,1998,Whole Year,Dry chillies,1239,561,0.452784504
Rajasthan,NAGAUR,1998,Whole Year,Garlic,90,107,1.188888889
Rajasthan,NAGAUR,1998,Whole Year,Onion,2209,7979,3.612041648
Rajasthan,NAGAUR,1998,Whole Year,Potato,10,10,1
Rajasthan,NAGAUR,1998,Whole Year,Sweet potato,86,105,1.220930233
Rajasthan,NAGAUR,1999,Kharif,Bajra,392062,133808,0.341292959
Rajasthan,NAGAUR,1999,Kharif,Castor seed,164,125,0.762195122
Rajasthan,NAGAUR,1999,Kharif,Cotton(lint),12816,3725,0.29065231
Rajasthan,NAGAUR,1999,Kharif,Groundnut,11530,9232,0.800693842
Rajasthan,NAGAUR,1999,Kharif,Jowar,52238,13993,0.267870133
Rajasthan,NAGAUR,1999,Kharif,Maize,488,506,1.036885246
Rajasthan,NAGAUR,1999,Kharif,Moong(Green Gram),106656,12365,0.115933468
Rajasthan,NAGAUR,1999,Kharif,Moth,133259,8321,0.062442312
Rajasthan,NAGAUR,1999,Kharif,Other Kharif pulses,16975,1475,0.086892489
Rajasthan,NAGAUR,1999,Kharif,Sesamum,16261,706,0.043416764
Rajasthan,NAGAUR,1999,Rabi,Barley,10044,15428,1.536041418
Rajasthan,NAGAUR,1999,Rabi,Gram,24748,13085,0.528729594
Rajasthan,NAGAUR,1999,Rabi,Linseed,112,73,0.651785714
Rajasthan,NAGAUR,1999,Rabi,Peas & beans (Pulses),250,226,0.904
Rajasthan,NAGAUR,1999,Rabi,Rapeseed &Mustard,129123,116168,0.899669308
Rajasthan,NAGAUR,1999,Rabi,Wheat,88991,55037,0.618455799
Rajasthan,NAGAUR,1999,Whole Year,Banana,1,,
Rajasthan,NAGAUR,1999,Whole Year,Coriander,9,1,0.111111111
Rajasthan,NAGAUR,1999,Whole Year,Dry chillies,1403,639,0.455452602
Rajasthan,NAGAUR,1999,Whole Year,Garlic,86,59,0.686046512
Rajasthan,NAGAUR,1999,Whole Year,Guar seed,326407,24412,0.074790063
Rajasthan,NAGAUR,1999,Whole Year,Onion,2894,9255,3.197995853
Rajasthan,NAGAUR,1999,Whole Year,Sweet potato,84,72,0.857142857
Rajasthan,NAGAUR,1999,Whole Year,Tobacco,20,40,2
Rajasthan,NAGAUR,2000,Kharif,Bajra,430206,241392,0.561107934
Rajasthan,NAGAUR,2000,Kharif,Castor seed,1441,1247,0.86537127
Rajasthan,NAGAUR,2000,Kharif,Cotton(lint),7679,13388,1.743456179
Rajasthan,NAGAUR,2000,Kharif,Groundnut,6937,3359,0.484215079
Rajasthan,NAGAUR,2000,Kharif,Jowar,70915,11624,0.163914546
Rajasthan,NAGAUR,2000,Kharif,Maize,514,538,1.046692607
Rajasthan,NAGAUR,2000,Kharif,Moong(Green Gram),98750,19585,0.198329114
Rajasthan,NAGAUR,2000,Kharif,Moth,186032,27594,0.14832932
Rajasthan,NAGAUR,2000,Kharif,Other Kharif pulses,19075,3527,0.184901704
Rajasthan,NAGAUR,2000,Kharif,Sesamum,19991,3822,0.191186034
Rajasthan,NAGAUR,2000,Kharif,Sunflower,5,2,0.4
Rajasthan,NAGAUR,2000,Kharif,Urad,6,2,0.333333333
Rajasthan,NAGAUR,2000,Rabi,Barley,11991,15483,1.291218414
Rajasthan,NAGAUR,2000,Rabi,Gram,20398,10454,0.512501226
Rajasthan,NAGAUR,2000,Rabi,Linseed,374,225,0.601604278
Rajasthan,NAGAUR,2000,Rabi,Masoor,1,1,1
Rajasthan,NAGAUR,2000,Rabi,Peas & beans (Pulses),342,384,1.122807018
Rajasthan,NAGAUR,2000,Rabi,Rapeseed &Mustard,59322,62398,1.051852601
Rajasthan,NAGAUR,2000,Rabi,Wheat,91912,184326,2.005461746
Rajasthan,NAGAUR,2000,Whole Year,Coriander,718,73,0.101671309
Rajasthan,NAGAUR,2000,Whole Year,Dry chillies,1275,635,0.498039216
Rajasthan,NAGAUR,2000,Whole Year,Garlic,62,91,1.467741935
Rajasthan,NAGAUR,2000,Whole Year,Guar seed,277121,45558,0.164397501
Rajasthan,NAGAUR,2000,Whole Year,Onion,3284,8239,2.508830694
Rajasthan,NAGAUR,2000,Whole Year,Potato,8,16,2
Rajasthan,NAGAUR,2000,Whole Year,Sweet potato,87,397,4.563218391
Rajasthan,NAGAUR,2000,Whole Year,Tobacco,9,18,2
Rajasthan,NAGAUR,2001,Kharif,Arhar/Tur,12,1,0.083333333
Rajasthan,NAGAUR,2001,Kharif,Bajra,472041,391600,0.829588955
Rajasthan,NAGAUR,2001,Kharif,Castor seed,214,129,0.602803738
Rajasthan,NAGAUR,2001,Kharif,Cotton(lint),11566,23247,2.009942936
Rajasthan,NAGAUR,2001,Kharif,Groundnut,7068,6482,0.917091115
Rajasthan,NAGAUR,2001,Kharif,Jowar,39243,10193,0.259740591
Rajasthan,NAGAUR,2001,Kharif,Maize,385,560,1.454545455
Rajasthan,NAGAUR,2001,Kharif,Moong(Green Gram),171510,38146,0.222412687
Rajasthan,NAGAUR,2001,Kharif,Moth,247052,50723,0.205313052
Rajasthan,NAGAUR,2001,Kharif,Other Kharif pulses,25814,7703,0.298403967
Rajasthan,NAGAUR,2001,Kharif,Sesamum,21617,5305,0.245408706
Rajasthan,NAGAUR,2001,Kharif,Soyabean,1,1,1
Rajasthan,NAGAUR,2001,Kharif,Urad,8,3,0.375
Rajasthan,NAGAUR,2001,Rabi,Barley,9032,22442,2.484720992
Rajasthan,NAGAUR,2001,Rabi,Gram,26341,20797,0.789529631
Rajasthan,NAGAUR,2001,Rabi,Linseed,650,510,0.784615385
Rajasthan,NAGAUR,2001,Rabi,Peas & beans (Pulses),646,665,1.029411765
Rajasthan,NAGAUR,2001,Rabi,Rapeseed &Mustard,53860,52163,0.968492388
Rajasthan,NAGAUR,2001,Rabi,Wheat,69514,179307,2.579437236
Rajasthan,NAGAUR,2001,Whole Year,Coriander,26,8,0.307692308
Rajasthan,NAGAUR,2001,Whole Year,Dry chillies,1508,836,0.554376658
Rajasthan,NAGAUR,2001,Whole Year,Garlic,96,133,1.385416667
Rajasthan,NAGAUR,2001,Whole Year,Guar seed,143387,38066,0.265477345
Rajasthan,NAGAUR,2001,Whole Year,Onion,4175,11631,2.785868263
Rajasthan,NAGAUR,2001,Whole Year,Potato,29,42,1.448275862
Rajasthan,NAGAUR,2001,Whole Year,Sugarcane,1,48,48
Rajasthan,NAGAUR,2001,Whole Year,Sweet potato,278,1157,4.161870504
Rajasthan,NAGAUR,2001,Whole Year,Tobacco,9,18,2
Rajasthan,NAGAUR,2002,Kharif,Bajra,240899,47435,0.196908248
Rajasthan,NAGAUR,2002,Kharif,Castor seed,28,34,1.214285714
Rajasthan,NAGAUR,2002,Kharif,Cotton(lint),7749,19918,2.57039618
Rajasthan,NAGAUR,2002,Kharif,Groundnut,6626,2577,0.388922427
Rajasthan,NAGAUR,2002,Kharif,Jowar,38762,5195,0.134023012
Rajasthan,NAGAUR,2002,Kharif,Maize,189,167,0.883597884
Rajasthan,NAGAUR,2002,Kharif,Moong(Green Gram),105915,12394,0.117018364
Rajasthan,NAGAUR,2002,Kharif,Moth,88250,13381,0.151626062
Rajasthan,NAGAUR,2002,Kharif,Other Kharif pulses,19248,637,0.033094347
Rajasthan,NAGAUR,2002,Kharif,Sesamum,4887,6,0.001227747
Rajasthan,NAGAUR,2002,Kharif,Soyabean,1,1,1
Rajasthan,NAGAUR,2002,Rabi,Barley,11651,19544,1.677452579
Rajasthan,NAGAUR,2002,Rabi,Gram,24790,20671,0.833844292
Rajasthan,NAGAUR,2002,Rabi,Linseed,92,65,0.706521739
Rajasthan,NAGAUR,2002,Rabi,Peas & beans (Pulses),590,626,1.061016949
Rajasthan,NAGAUR,2002,Rabi,Rapeseed &Mustard,43461,45807,1.05397943
Rajasthan,NAGAUR,2002,Rabi,Wheat,85412,189465,2.218248021
Rajasthan,NAGAUR,2002,Whole Year,Citrus Fruit,110,0,0
Rajasthan,NAGAUR,2002,Whole Year,Coriander,12,11,0.916666667
Rajasthan,NAGAUR,2002,Whole Year,Dry chillies,813,608,0.747847478
Rajasthan,NAGAUR,2002,Whole Year,Garlic,96,131,1.364583333
Rajasthan,NAGAUR,2002,Whole Year,Guar seed,82694,1450,0.017534525
Rajasthan,NAGAUR,2002,Whole Year,Mango,3,0,0
Rajasthan,NAGAUR,2002,Whole Year,Onion,4074,12706,3.11880216
Rajasthan,NAGAUR,2002,Whole Year,Other Fresh Fruits,313,0,0
Rajasthan,NAGAUR,2002,Whole Year,Other Vegetables,931,0,0
Rajasthan,NAGAUR,2002,Whole Year,Papaya,2,2,1
Rajasthan,NAGAUR,2002,Whole Year,Pome Fruit,8,0,0
Rajasthan,NAGAUR,2002,Whole Year,Potato,10,28,2.8
Rajasthan,NAGAUR,2002,Whole Year,Sugarcane,2,84,42
Rajasthan,NAGAUR,2002,Whole Year,Sweet potato,321,710,2.211838006
Rajasthan,NAGAUR,2002,Whole Year,Water Melon,22,0,0
Rajasthan,NAGAUR,2003,Kharif,Arhar/Tur,22,11,0.5
Rajasthan,NAGAUR,2003,Kharif,Bajra,561044,683082,1.217519482
Rajasthan,NAGAUR,2003,Kharif,Castor seed,73,67,0.917808219
Rajasthan,NAGAUR,2003,Kharif,Cotton(lint),9222,28570,3.098026458
Rajasthan,NAGAUR,2003,Kharif,Groundnut,6664,10112,1.517406963
Rajasthan,NAGAUR,2003,Kharif,Jowar,39131,17577,0.449183512
Rajasthan,NAGAUR,2003,Kharif,Maize,170,317,1.864705882
Rajasthan,NAGAUR,2003,Kharif,Moong(Green Gram),177627,103477,0.582552202
Rajasthan,NAGAUR,2003,Kharif,Moth,221200,111613,0.504579566
Rajasthan,NAGAUR,2003,Kharif,Other Kharif pulses,18936,10259,0.541772286
Rajasthan,NAGAUR,2003,Kharif,Sesamum,16132,6196,0.384081329
Rajasthan,NAGAUR,2003,Kharif,Urad,99,52,0.525252525
Rajasthan,NAGAUR,2003,Rabi,Barley,10759,24594,2.285900177
Rajasthan,NAGAUR,2003,Rabi,Gram,34913,35707,1.022742245
Rajasthan,NAGAUR,2003,Rabi,Linseed,284,229,0.806338028
Rajasthan,NAGAUR,2003,Rabi,Peas & beans (Pulses),1301,2251,1.730207533
Rajasthan,NAGAUR,2003,Rabi,Rapeseed &Mustard,96941,110561,1.140497829
Rajasthan,NAGAUR,2003,Rabi,Wheat,74768,201871,2.699965226
Rajasthan,NAGAUR,2003,Whole Year,Citrus Fruit,85,0,0
Rajasthan,NAGAUR,2003,Whole Year,Coriander,395,491,1.243037975
Rajasthan,NAGAUR,2003,Whole Year,Dry chillies,1183,999,0.844463229
Rajasthan,NAGAUR,2003,Whole Year,Garlic,107,131,1.224299065
Rajasthan,NAGAUR,2003,Whole Year,Guar seed,141538,,
Rajasthan,NAGAUR,2003,Whole Year,Mango,2,0,0
Rajasthan,NAGAUR,2003,Whole Year,Oilseeds total,72,0,0
Rajasthan,NAGAUR,2003,Whole Year,Onion,5831,19127,3.280226376
Rajasthan,NAGAUR,2003,Whole Year,Other Fresh Fruits,346,0,0
Rajasthan,NAGAUR,2003,Whole Year,other oilseeds,36341,35487,0.976500371
Rajasthan,NAGAUR,2003,Whole Year,Other Vegetables,1184,0,0
Rajasthan,NAGAUR,2003,Whole Year,Papaya,2,0,0
Rajasthan,NAGAUR,2003,Whole Year,Pome Fruit,6,0,0
Rajasthan,NAGAUR,2003,Whole Year,Potato,61,75,1.229508197
Rajasthan,NAGAUR,2003,Whole Year,Sweet potato,513,433,0.844054581
Rajasthan,NAGAUR,2003,Whole Year,Water Melon,42,0,0
Rajasthan,NAGAUR,2004,Kharif,Arhar/Tur,20,1,0.05
Rajasthan,NAGAUR,2004,Kharif,Bajra,436484,379927,0.870425949
Rajasthan,NAGAUR,2004,Kharif,Castor seed,164,115,0.701219512
Rajasthan,NAGAUR,2004,Kharif,Cotton(lint),17794,27564,1.549061481
Rajasthan,NAGAUR,2004,Kharif,Groundnut,14416,34484,2.392064373
Rajasthan,NAGAUR,2004,Kharif,Jowar,46356,19860,0.428423505
Rajasthan,NAGAUR,2004,Kharif,Maize,223,270,1.210762332
Rajasthan,NAGAUR,2004,Kharif,Moong(Green Gram),172800,47138,0.272789352
Rajasthan,NAGAUR,2004,Kharif,Moth,231190,32550,0.140793287
Rajasthan,NAGAUR,2004,Kharif,Other Kharif pulses,22524,4157,0.184558693
Rajasthan,NAGAUR,2004,Kharif,Sesamum,40147,7107,0.177024435
Rajasthan,NAGAUR,2004,Kharif,Urad,103,37,0.359223301
Rajasthan,NAGAUR,2004,Rabi,Barley,11168,24607,2.203348854
Rajasthan,NAGAUR,2004,Rabi,Gram,24412,25564,1.047189907
Rajasthan,NAGAUR,2004,Rabi,Other  Rabi pulses,1790,3438,1.920670391
Rajasthan,NAGAUR,2004,Rabi,Rapeseed &Mustard,155961,142957,0.916620181
Rajasthan,NAGAUR,2004,Rabi,Wheat,69640,141396,2.030384836
Rajasthan,NAGAUR,2004,Whole Year,Coriander,10,11,1.1
Rajasthan,NAGAUR,2004,Whole Year,Dry chillies,1251,1468,1.173461231
Rajasthan,NAGAUR,2004,Whole Year,Garlic,107,107,1
Rajasthan,NAGAUR,2004,Whole Year,Guar seed,170656,31571,0.18499789
Rajasthan,NAGAUR,2004,Whole Year,Onion,8714,56008,6.427358274
Rajasthan,NAGAUR,2004,Whole Year,Potato,3,5,1.666666667
Rajasthan,NAGAUR,2004,Whole Year,Sugarcane,1,48,48
Rajasthan,NAGAUR,2004,Whole Year,Sweet potato,551,1164,2.112522686
Rajasthan,NAGAUR,2005,Kharif,Bajra,464880,235472,0.506522113
Rajasthan,NAGAUR,2005,Kharif,Castor seed,349,203,0.581661891
Rajasthan,NAGAUR,2005,Kharif,Cotton(lint),17661,26835,1.519449635
Rajasthan,NAGAUR,2005,Kharif,Groundnut,18741,33987,1.813510485
Rajasthan,NAGAUR,2005,Kharif,Jowar,34323,11677,0.340209189
Rajasthan,NAGAUR,2005,Kharif,Maize,159,175,1.100628931
Rajasthan,NAGAUR,2005,Kharif,Moong(Green Gram),233661,46758,0.200110416
Rajasthan,NAGAUR,2005,Kharif,Moth,192428,52055,0.270516765
Rajasthan,NAGAUR,2005,Kharif,Other Kharif pulses,20715,3353,0.161863384
Rajasthan,NAGAUR,2005,Kharif,Sesamum,18582,3205,0.172478743
Rajasthan,NAGAUR,2005,Kharif,Sunflower,15,8,0.533333333
Rajasthan,NAGAUR,2005,Rabi,Barley,11837,24258,2.049336825
Rajasthan,NAGAUR,2005,Rabi,Gram,22381,20265,0.90545552
Rajasthan,NAGAUR,2005,Rabi,Linseed,13,11,0.846153846
Rajasthan,NAGAUR,2005,Rabi,Peas & beans (Pulses),1916,3222,1.681628392
Rajasthan,NAGAUR,2005,Rabi,Rapeseed &Mustard,172506,206407,1.196520701
Rajasthan,NAGAUR,2005,Rabi,Wheat,71316,163469,2.292178473
Rajasthan,NAGAUR,2005,Whole Year,Coriander,1,1,1
Rajasthan,NAGAUR,2005,Whole Year,Dry chillies,892,474,0.531390135
Rajasthan,NAGAUR,2005,Whole Year,Garlic,71,85,1.197183099
Rajasthan,NAGAUR,2005,Whole Year,Guar seed,151655,63747,0.420342224
Rajasthan,NAGAUR,2005,Whole Year,Onion,8627,92106,10.67648082
Rajasthan,NAGAUR,2005,Whole Year,Potato,11,8,0.727272727
Rajasthan,NAGAUR,2005,Whole Year,Sweet potato,454,486,1.070484581
Rajasthan,NAGAUR,2006,Kharif,Bajra,461777,344146,0.745264489
Rajasthan,NAGAUR,2006,Kharif,Castor seed,152,317,2.085526316
Rajasthan,NAGAUR,2006,Kharif,Cotton(lint),9223,3877,0.420362138
Rajasthan,NAGAUR,2006,Kharif,Groundnut,18269,20019,1.095790684
Rajasthan,NAGAUR,2006,Kharif,Jowar,53787,22209,0.412906464
Rajasthan,NAGAUR,2006,Kharif,Maize,129,140,1.085271318
Rajasthan,NAGAUR,2006,Kharif,Moong(Green Gram),211791,83921,0.396244411
Rajasthan,NAGAUR,2006,Kharif,Moth,196481,41501,0.211221441
Rajasthan,NAGAUR,2006,Kharif,Other Kharif pulses,17735,6058,0.341584438
Rajasthan,NAGAUR,2006,Kharif,Sesamum,10837,1808,0.16683584
Rajasthan,NAGAUR,2006,Kharif,Sunflower,64,,
Rajasthan,NAGAUR,2006,Kharif,Urad,1,,
Rajasthan,NAGAUR,2006,Rabi,Barley,11918,29937,2.511914751
Rajasthan,NAGAUR,2006,Rabi,Gram,17454,22170,1.270195944
Rajasthan,NAGAUR,2006,Rabi,Linseed,55,43,0.781818182
Rajasthan,NAGAUR,2006,Rabi,Peas & beans (Pulses),2232,4107,1.840053763
Rajasthan,NAGAUR,2006,Rabi,Rapeseed &Mustard,104246,119347,1.144859275
Rajasthan,NAGAUR,2006,Rabi,Sunflower,64,,
Rajasthan,NAGAUR,2006,Rabi,Wheat,76384,165160,2.162232928
Rajasthan,NAGAUR,2006,Whole Year,Coriander,7,8,1.142857143
Rajasthan,NAGAUR,2006,Whole Year,Dry chillies,731,433,0.592339261
Rajasthan,NAGAUR,2006,Whole Year,Garlic,58,114,1.965517241
Rajasthan,NAGAUR,2006,Whole Year,Guar seed,155820,42026,0.269708638
Rajasthan,NAGAUR,2006,Whole Year,Onion,8151,78327,9.609495767
Rajasthan,NAGAUR,2006,Whole Year,Potato,10,20,2
Rajasthan,NAGAUR,2006,Whole Year,Sweet potato,680,607,0.892647059
Rajasthan,NAGAUR,2007,Kharif,Bajra,477644,421348,0.882138161
Rajasthan,NAGAUR,2007,Kharif,Castor seed,140,143,1.021428571
Rajasthan,NAGAUR,2007,Kharif,Cotton(lint),7944,4247,0.534617321
Rajasthan,NAGAUR,2007,Kharif,Groundnut,15737,34055,2.164008388
Rajasthan,NAGAUR,2007,Kharif,Jowar,38815,32399,0.834703079
Rajasthan,NAGAUR,2007,Kharif,Maize,111,206,1.855855856
Rajasthan,NAGAUR,2007,Kharif,Moong(Green Gram),272548,140788,0.51656222
Rajasthan,NAGAUR,2007,Kharif,Moth,215208,68423,0.317938924
Rajasthan,NAGAUR,2007,Kharif,Other Kharif pulses,22947,8947,0.389898462
Rajasthan,NAGAUR,2007,Kharif,Sesamum,10522,3771,0.358391941
Rajasthan,NAGAUR,2007,Rabi,Barley,14106,19055,1.350843613
Rajasthan,NAGAUR,2007,Rabi,Gram,21491,14280,0.664464194
Rajasthan,NAGAUR,2007,Rabi,Linseed,26,20,0.769230769
Rajasthan,NAGAUR,2007,Rabi,other oilseeds,853,566,0.663540445
Rajasthan,NAGAUR,2007,Rabi,Peas & beans (Pulses),2433,3066,1.260172626
Rajasthan,NAGAUR,2007,Rabi,Rapeseed &Mustard,88879,68788,0.773951102
Rajasthan,NAGAUR,2007,Rabi,Wheat,79567,161304,2.027272613
Rajasthan,NAGAUR,2007,Whole Year,Coriander,24,19,0.791666667
Rajasthan,NAGAUR,2007,Whole Year,Dry chillies,773,1929,2.495472186
Rajasthan,NAGAUR,2007,Whole Year,Garlic,68,196,2.882352941
Rajasthan,NAGAUR,2007,Whole Year,Guar seed,129094,69892,0.541403938
Rajasthan,NAGAUR,2007,Whole Year,Onion,8074,79751,9.877508051
Rajasthan,NAGAUR,2007,Whole Year,Sweet potato,775,846,1.091612903
Rajasthan,NAGAUR,2008,Kharif,Bajra,492278,488584,0.99249611
Rajasthan,NAGAUR,2008,Kharif,Castor seed,141,96,0.680851064
Rajasthan,NAGAUR,2008,Kharif,Cotton(lint),11759,8029,0.682796156
Rajasthan,NAGAUR,2008,Kharif,Groundnut,17748,37671,2.12254902
Rajasthan,NAGAUR,2008,Kharif,Jowar,41250,34202,0.829139394
Rajasthan,NAGAUR,2008,Kharif,Maize,67,116,1.731343284
Rajasthan,NAGAUR,2008,Kharif,Moong(Green Gram),246687,130487,0.528957748
Rajasthan,NAGAUR,2008,Kharif,Moth,199620,74481,0.373113916
Rajasthan,NAGAUR,2008,Kharif,Other Kharif pulses,21638,10269,0.474581754
Rajasthan,NAGAUR,2008,Kharif,Sesamum,28072,8579,0.305607011
Rajasthan,NAGAUR,2008,Kharif,Soyabean,1,1,1
Rajasthan,NAGAUR,2008,Rabi,Barley,13134,32164,2.448911223
Rajasthan,NAGAUR,2008,Rabi,Gram,24359,41437,1.701096104
Rajasthan,NAGAUR,2008,Rabi,Linseed,1342,2637,1.964977645
Rajasthan,NAGAUR,2008,Rabi,other oilseeds,9128,4781,0.523773006
Rajasthan,NAGAUR,2008,Rabi,Peas & beans (Pulses),1826,3414,1.86966046
Rajasthan,NAGAUR,2008,Rabi,Rapeseed &Mustard,81540,94544,1.15948001
Rajasthan,NAGAUR,2008,Rabi,Wheat,67100,173274,2.582324888
Rajasthan,NAGAUR,2008,Whole Year,Coriander,20,22,1.1
Rajasthan,NAGAUR,2008,Whole Year,Dry chillies,349,1001,2.868194842
Rajasthan,NAGAUR,2008,Whole Year,Garlic,35,19,0.542857143
Rajasthan,NAGAUR,2008,Whole Year,Guar seed,127809,63059,0.49338466
Rajasthan,NAGAUR,2008,Whole Year,Onion,7509,54395,7.243973898
Rajasthan,NAGAUR,2008,Whole Year,Potato,39,75,1.923076923
Rajasthan,NAGAUR,2008,Whole Year,Sweet potato,503,,
Rajasthan,NAGAUR,2009,Kharif,Bajra,469992,164891,0.350837887
Rajasthan,NAGAUR,2009,Kharif,Castor seed,46,45,0.97826087
Rajasthan,NAGAUR,2009,Kharif,Cotton(lint),18093,8658,0.478527607
Rajasthan,NAGAUR,2009,Kharif,Groundnut,14251,18641,1.308048558
Rajasthan,NAGAUR,2009,Kharif,Jowar,53770,3939,0.073256463
Rajasthan,NAGAUR,2009,Kharif,Maize,51,30,0.588235294
Rajasthan,NAGAUR,2009,Kharif,Moong(Green Gram),272043,16650,0.06120356
Rajasthan,NAGAUR,2009,Kharif,Moth,207394,10759,0.051877103
Rajasthan,NAGAUR,2009,Kharif,Other Kharif pulses,21792,1900,0.087187959
Rajasthan,NAGAUR,2009,Kharif,Sesamum,18811,321,0.017064484
Rajasthan,NAGAUR,2009,Kharif,Soyabean,1,1,1
Rajasthan,NAGAUR,2009,Rabi,Barley,11726,30962,2.640457104
Rajasthan,NAGAUR,2009,Rabi,Gram,15129,19490,1.288254346
Rajasthan,NAGAUR,2009,Rabi,Linseed,1936,3747,1.935433884
Rajasthan,NAGAUR,2009,Rabi,Other  Rabi pulses,1518,2827,1.862318841
Rajasthan,NAGAUR,2009,Rabi,other oilseeds,619,480,0.775444265
Rajasthan,NAGAUR,2009,Rabi,Rapeseed &Mustard,46544,57654,1.238698866
Rajasthan,NAGAUR,2009,Rabi,Wheat,77165,194171,2.516309208
Rajasthan,NAGAUR,2009,Whole Year,Coriander,13,16,1.230769231
Rajasthan,NAGAUR,2009,Whole Year,Dry chillies,197,403,2.045685279
Rajasthan,NAGAUR,2009,Whole Year,Garlic,58,44,0.75862069
Rajasthan,NAGAUR,2009,Whole Year,Guar seed,85348,14003,0.164069457
Rajasthan,NAGAUR,2009,Whole Year,Onion,7421,54157,7.297803531
Rajasthan,NAGAUR,2009,Whole Year,Sugarcane,2,115,57.5
Rajasthan,NAGAUR,2009,Whole Year,Sweet potato,383,,
Rajasthan,NAGAUR,2010,Kharif,Bajra,517838,744634,1.437967086
Rajasthan,NAGAUR,2010,Kharif,Castor seed,107,153,1.429906542
Rajasthan,NAGAUR,2010,Kharif,Cotton(lint),20479,11294,0.551491772
Rajasthan,NAGAUR,2010,Kharif,Groundnut,13290,26262,1.976072235
Rajasthan,NAGAUR,2010,Kharif,Jowar,44560,46493,1.043379713
Rajasthan,NAGAUR,2010,Kharif,Maize,49,88,1.795918367
Rajasthan,NAGAUR,2010,Kharif,Moong(Green Gram),286299,192276,0.671591588
Rajasthan,NAGAUR,2010,Kharif,Moth,223804,94796,0.42356705
Rajasthan,NAGAUR,2010,Kharif,Other Kharif pulses,18597,10875,0.584771737
Rajasthan,NAGAUR,2010,Kharif,Sesamum,23223,9001,0.387589889
Rajasthan,NAGAUR,2010,Kharif,Sunflower,3,1,0.333333333
Rajasthan,NAGAUR,2010,Rabi,Barley,16898,44349,2.624511777
Rajasthan,NAGAUR,2010,Rabi,Gram,56970,68076,1.194944708
Rajasthan,NAGAUR,2010,Rabi,Linseed,212,685,3.231132075
Rajasthan,NAGAUR,2010,Rabi,Other  Rabi pulses,1992,2492,1.251004016
Rajasthan,NAGAUR,2010,Rabi,other oilseeds,309906,131769,0.425190219
Rajasthan,NAGAUR,2010,Rabi,Rapeseed &Mustard,52924,71626,1.35337465
Rajasthan,NAGAUR,2010,Rabi,Wheat,77362,194987,2.520449316
Rajasthan,NAGAUR,2010,Whole Year,Coriander,6,7,1.166666667
Rajasthan,NAGAUR,2010,Whole Year,Dry chillies,195,346,1.774358974
Rajasthan,NAGAUR,2010,Whole Year,Garlic,56,222,3.964285714
Rajasthan,NAGAUR,2010,Whole Year,Guar seed,73708,35535,0.482105063
Rajasthan,NAGAUR,2010,Whole Year,Onion,7937,60916,7.674940154
Rajasthan,NAGAUR,2010,Whole Year,Sugarcane,1,67,67
Rajasthan,NAGAUR,2010,Whole Year,Sweet potato,229,458,2
Rajasthan,PALI,1997,Kharif,Arhar/Tur,200,100,0.5
Rajasthan,PALI,1997,Kharif,Bajra,100300,54300,0.541375872
Rajasthan,PALI,1997,Kharif,Castor seed,1400,1200,0.857142857
Rajasthan,PALI,1997,Kharif,Cotton(lint),22100,35294,1.597013575
Rajasthan,PALI,1997,Kharif,Groundnut,4200,4800,1.142857143
Rajasthan,PALI,1997,Kharif,Jowar,92200,19000,0.206073753
Rajasthan,PALI,1997,Kharif,Maize,28500,23900,0.838596491
Rajasthan,PALI,1997,Kharif,Onion,100,200,2
Rajasthan,PALI,1997,Kharif,Sesamum,57700,5100,0.088388215
Rajasthan,PALI,1997,Rabi,Barley,5300,7700,1.452830189
Rajasthan,PALI,1997,Rabi,Gram,65000,56600,0.870769231
Rajasthan,PALI,1997,Rabi,Rapeseed &Mustard,171100,145800,0.852133255
Rajasthan,PALI,1997,Rabi,Wheat,109600,185500,1.692518248
Rajasthan,PALI,1998,Kharif,Arhar/Tur,152,201,1.322368421
Rajasthan,PALI,1998,Kharif,Bajra,92105,2377,0.025807502
Rajasthan,PALI,1998,Kharif,Castor seed,2128,3264,1.533834586
Rajasthan,PALI,1998,Kharif,Cotton(lint),24337,6685,0.274684637
Rajasthan,PALI,1998,Kharif,Groundnut,6152,585,0.095091027
Rajasthan,PALI,1998,Kharif,Jowar,89734,583,0.00649698
Rajasthan,PALI,1998,Kharif,Maize,24781,8101,0.326903676
Rajasthan,PALI,1998,Kharif,Moong(Green Gram),25012,929,0.037142172
Rajasthan,PALI,1998,Kharif,Moth,1206,97,0.080431177
Rajasthan,PALI,1998,Kharif,Other Kharif pulses,2270,288,0.126872247
Rajasthan,PALI,1998,Kharif,Rice,7,9,1.285714286
Rajasthan,PALI,1998,Kharif,Sannhamp,186,,
Rajasthan,PALI,1998,Kharif,Sesamum,63374,429,0.006769338
Rajasthan,PALI,1998,Kharif,Soyabean,1,1,1
Rajasthan,PALI,1998,Kharif,Urad,35,11,0.314285714
Rajasthan,PALI,1998,Rabi,Barley,4715,7626,1.617391304
Rajasthan,PALI,1998,Rabi,Gram,83947,24496,0.291803162
Rajasthan,PALI,1998,Rabi,Linseed,2,1,0.5
Rajasthan,PALI,1998,Rabi,Other  Rabi pulses,3,3,1
Rajasthan,PALI,1998,Rabi,Peas & beans (Pulses),77,155,2.012987013
Rajasthan,PALI,1998,Rabi,Rapeseed &Mustard,105418,66594,0.631713749
Rajasthan,PALI,1998,Rabi,Sunflower,1,,
Rajasthan,PALI,1998,Rabi,Wheat,85111,125221,1.471266934
Rajasthan,PALI,1998,Whole Year,Coriander,22,19,0.863636364
Rajasthan,PALI,1998,Whole Year,Dry chillies,1680,624,0.371428571
Rajasthan,PALI,1998,Whole Year,Garlic,46,63,1.369565217
Rajasthan,PALI,1998,Whole Year,Onion,254,732,2.881889764
Rajasthan,PALI,1998,Whole Year,Potato,1,1,1
Rajasthan,PALI,1998,Whole Year,Sugarcane,1,48,48
Rajasthan,PALI,1998,Whole Year,Sweet potato,114,98,0.859649123
Rajasthan,PALI,1999,Kharif,Arhar/Tur,181,,
Rajasthan,PALI,1999,Kharif,Bajra,98253,6638,0.067560278
Rajasthan,PALI,1999,Kharif,Castor seed,9669,1174,0.121418968
Rajasthan,PALI,1999,Kharif,Cotton(lint),15837,4476,0.282629286
Rajasthan,PALI,1999,Kharif,Groundnut,6145,1326,0.215785191
Rajasthan,PALI,1999,Kharif,Jowar,97660,2098,0.021482695
Rajasthan,PALI,1999,Kharif,Maize,22429,6950,0.30986669
Rajasthan,PALI,1999,Kharif,Moong(Green Gram),25938,787,0.030341584
Rajasthan,PALI,1999,Kharif,Moth,974,340,0.349075975
Rajasthan,PALI,1999,Kharif,Other Kharif pulses,1412,7,0.004957507
Rajasthan,PALI,1999,Kharif,Rice,17,22,1.294117647
Rajasthan,PALI,1999,Kharif,Sesamum,54072,300,0.005548158
Rajasthan,PALI,1999,Kharif,Small millets,22,2,0.090909091
Rajasthan,PALI,1999,Kharif,Soyabean,4,5,1.25
Rajasthan,PALI,1999,Kharif,Sunflower,1,1,1
Rajasthan,PALI,1999,Kharif,Urad,54,15,0.277777778
Rajasthan,PALI,1999,Rabi,Barley,3509,5622,1.602165859
Rajasthan,PALI,1999,Rabi,Gram,15798,9957,0.630269654
Rajasthan,PALI,1999,Rabi,Linseed,6,4,0.666666667
Rajasthan,PALI,1999,Rabi,Other  Rabi pulses,14,7,0.5
Rajasthan,PALI,1999,Rabi,Peas & beans (Pulses),19,38,2
Rajasthan,PALI,1999,Rabi,Rapeseed &Mustard,91176,39792,0.43643064
Rajasthan,PALI,1999,Rabi,Wheat,72496,98455,1.358074928
Rajasthan,PALI,1999,Whole Year,Banana,6,,
Rajasthan,PALI,1999,Whole Year,Coriander,5,2,0.4
Rajasthan,PALI,1999,Whole Year,Dry chillies,1762,814,0.461975028
Rajasthan,PALI,1999,Whole Year,Garlic,43,56,1.302325581
Rajasthan,PALI,1999,Whole Year,Guar seed,18583,424,0.022816553
Rajasthan,PALI,1999,Whole Year,Onion,269,724,2.691449814
Rajasthan,PALI,1999,Whole Year,Potato,21,21,1
Rajasthan,PALI,1999,Whole Year,Sannhamp,45,1,0.022222222
Rajasthan,PALI,1999,Whole Year,Sugarcane,3,123,41
Rajasthan,PALI,1999,Whole Year,Sweet potato,53,36,0.679245283
Rajasthan,PALI,2000,Kharif,Arhar/Tur,153,,
Rajasthan,PALI,2000,Kharif,Bajra,98146,20196,0.20577507
Rajasthan,PALI,2000,Kharif,Castor seed,16078,1606,0.099888046
Rajasthan,PALI,2000,Kharif,Cotton(lint),9180,16435,1.790305011
Rajasthan,PALI,2000,Kharif,Groundnut,4832,1670,0.345612583
Rajasthan,PALI,2000,Kharif,Jowar,119005,1083,0.009100458
Rajasthan,PALI,2000,Kharif,Maize,22629,11097,0.49038844
Rajasthan,PALI,2000,Kharif,Moong(Green Gram),30621,5897,0.192580255
Rajasthan,PALI,2000,Kharif,Moth,3258,259,0.079496624
Rajasthan,PALI,2000,Kharif,Other Kharif pulses,1121,5,0.004460303
Rajasthan,PALI,2000,Kharif,Sesamum,59806,4307,0.072016186
Rajasthan,PALI,2000,Kharif,Small millets,53,0.1,0.001886792
Rajasthan,PALI,2000,Kharif,Urad,19,5,0.263157895
Rajasthan,PALI,2000,Rabi,Barley,3857,5309,1.376458387
Rajasthan,PALI,2000,Rabi,Gram,2447,1302,0.532080098
Rajasthan,PALI,2000,Rabi,Linseed,57,34,0.596491228
Rajasthan,PALI,2000,Rabi,Other  Rabi pulses,2,1,0.5
Rajasthan,PALI,2000,Rabi,Peas & beans (Pulses),31,39,1.258064516
Rajasthan,PALI,2000,Rabi,Rapeseed &Mustard,9789,7594,0.77576872
Rajasthan,PALI,2000,Rabi,Wheat,51527,74074,1.437576416
Rajasthan,PALI,2000,Whole Year,Banana,1,,
Rajasthan,PALI,2000,Whole Year,Coriander,24,12,0.5
Rajasthan,PALI,2000,Whole Year,Dry chillies,1471,736,0.500339905
Rajasthan,PALI,2000,Whole Year,Garlic,10,9,0.9
Rajasthan,PALI,2000,Whole Year,Guar seed,52884,119,0.002250208
Rajasthan,PALI,2000,Whole Year,Onion,181,465,2.569060773
Rajasthan,PALI,2000,Whole Year,Potato,1,1,1
Rajasthan,PALI,2000,Whole Year,Sannhamp,28,,
Rajasthan,PALI,2000,Whole Year,Sugarcane,2,83,41.5
Rajasthan,PALI,2000,Whole Year,Sweet potato,43,18,0.418604651
Rajasthan,PALI,2001,Kharif,Arhar/Tur,157,47,0.299363057
Rajasthan,PALI,2001,Kharif,Bajra,104918,57809,0.550992203
Rajasthan,PALI,2001,Kharif,Castor seed,1673,4346,2.597728631
Rajasthan,PALI,2001,Kharif,Cotton(lint),8889,17588,1.978625267
Rajasthan,PALI,2001,Kharif,Groundnut,3914,6610,1.688809402
Rajasthan,PALI,2001,Kharif,Jowar,102675,32054,0.312188946
Rajasthan,PALI,2001,Kharif,Maize,24719,27613,1.117075933
Rajasthan,PALI,2001,Kharif,Moong(Green Gram),39927,8846,0.221554337
Rajasthan,PALI,2001,Kharif,Moth,3554,634,0.178390546
Rajasthan,PALI,2001,Kharif,Other Kharif pulses,1530,471,0.307843137
Rajasthan,PALI,2001,Kharif,Sesamum,83676,26540,0.317175773
Rajasthan,PALI,2001,Kharif,Small millets,46,22,0.47826087
Rajasthan,PALI,2001,Kharif,Soyabean,2,2,1
Rajasthan,PALI,2001,Kharif,Urad,74,27,0.364864865
Rajasthan,PALI,2001,Rabi,Barley,3192,4706,1.474310777
Rajasthan,PALI,2001,Rabi,Gram,14204,12010,0.845536469
Rajasthan,PALI,2001,Rabi,Linseed,64,50,0.78125
Rajasthan,PALI,2001,Rabi,Masoor,1,1,1
Rajasthan,PALI,2001,Rabi,Other  Rabi pulses,49,70,1.428571429
Rajasthan,PALI,2001,Rabi,Peas & beans (Pulses),56,62,1.107142857
Rajasthan,PALI,2001,Rabi,Rapeseed &Mustard,42408,35964,0.848047538
Rajasthan,PALI,2001,Rabi,Wheat,68178,113534,1.665258588
Rajasthan,PALI,2001,Whole Year,Banana,1,,
Rajasthan,PALI,2001,Whole Year,Coriander,21,19,0.904761905
Rajasthan,PALI,2001,Whole Year,Dry chillies,1664,1721,1.034254808
Rajasthan,PALI,2001,Whole Year,Garlic,19,26,1.368421053
Rajasthan,PALI,2001,Whole Year,Guar seed,25251,19530,0.773434715
Rajasthan,PALI,2001,Whole Year,Onion,363,726,2
Rajasthan,PALI,2001,Whole Year,Potato,11,17,1.545454545
Rajasthan,PALI,2001,Whole Year,Sannhamp,51,29,0.568627451
Rajasthan,PALI,2001,Whole Year,Sweet potato,73,75,1.02739726
Rajasthan,PALI,2002,Kharif,Arhar/Tur,91,,
Rajasthan,PALI,2002,Kharif,Bajra,63433,,
Rajasthan,PALI,2002,Kharif,Castor seed,1095,56,0.051141553
Rajasthan,PALI,2002,Kharif,Cotton(lint),7114,14647,2.058897948
Rajasthan,PALI,2002,Kharif,Groundnut,2798,107,0.038241601
Rajasthan,PALI,2002,Kharif,Jowar,67170,2716,0.040434718
Rajasthan,PALI,2002,Kharif,Maize,21635,2757,0.127432401
Rajasthan,PALI,2002,Kharif,Moong(Green Gram),45640,,
Rajasthan,PALI,2002,Kharif,Moth,760,,
Rajasthan,PALI,2002,Kharif,Other Kharif pulses,2087,18,0.00862482
Rajasthan,PALI,2002,Kharif,Sesamum,50043,1224,0.024458965
Rajasthan,PALI,2002,Kharif,Small millets,30,6,0.2
Rajasthan,PALI,2002,Kharif,Soyabean,6,3,0.5
Rajasthan,PALI,2002,Kharif,Urad,177,32,0.18079096
Rajasthan,PALI,2002,Rabi,Barley,2582,3306,1.280402789
Rajasthan,PALI,2002,Rabi,Gram,237,324,1.367088608
Rajasthan,PALI,2002,Rabi,Other  Rabi pulses,1,0,0
Rajasthan,PALI,2002,Rabi,Peas & beans (Pulses),26,25,0.961538462
Rajasthan,PALI,2002,Rabi,Rapeseed &Mustard,4388,2822,0.643117593
Rajasthan,PALI,2002,Rabi,Wheat,29431,61032,2.073731779
Rajasthan,PALI,2002,Whole Year,Banana,2,0,0
Rajasthan,PALI,2002,Whole Year,Citrus Fruit,209,0,0
Rajasthan,PALI,2002,Whole Year,Coriander,1,1,1
Rajasthan,PALI,2002,Whole Year,Dry chillies,893,299,0.334826428
Rajasthan,PALI,2002,Whole Year,Garlic,13,16,1.230769231
Rajasthan,PALI,2002,Whole Year,Guar seed,14838,20,0.001347891
Rajasthan,PALI,2002,Whole Year,Mango,5,0,0
Rajasthan,PALI,2002,Whole Year,Onion,69,70,1.014492754
Rajasthan,PALI,2002,Whole Year,Other Fresh Fruits,325,0,0
Rajasthan,PALI,2002,Whole Year,Other Vegetables,946,0,0
Rajasthan,PALI,2002,Whole Year,Papaya,7,3,0.428571429
Rajasthan,PALI,2002,Whole Year,Pome Fruit,2,0,0
Rajasthan,PALI,2002,Whole Year,Potato,3,3,1
Rajasthan,PALI,2002,Whole Year,Sannhamp,58,,
Rajasthan,PALI,2002,Whole Year,Sweet potato,78,43,0.551282051
Rajasthan,PALI,2003,Kharif,Arhar/Tur,41,20,0.487804878
Rajasthan,PALI,2003,Kharif,Bajra,129438,97519,0.753403174
Rajasthan,PALI,2003,Kharif,Castor seed,2004,1472,0.734530938
Rajasthan,PALI,2003,Kharif,Cotton(lint),4350,10023,2.304137931
Rajasthan,PALI,2003,Kharif,Groundnut,1565,1615,1.031948882
Rajasthan,PALI,2003,Kharif,Jowar,110695,57981,0.523790596
Rajasthan,PALI,2003,Kharif,Maize,25273,45674,1.807225102
Rajasthan,PALI,2003,Kharif,Moong(Green Gram),59104,39297,0.664878858
Rajasthan,PALI,2003,Kharif,Moth,3615,921,0.254771784
Rajasthan,PALI,2003,Kharif,Other Kharif pulses,2153,867,0.402693915
Rajasthan,PALI,2003,Kharif,Sesamum,92028,43819,0.476148563
Rajasthan,PALI,2003,Kharif,Small millets,57,32,0.561403509
Rajasthan,PALI,2003,Kharif,Soyabean,2,3,1.5
Rajasthan,PALI,2003,Kharif,Urad,262,137,0.522900763
Rajasthan,PALI,2003,Rabi,Barley,2625,3388,1.290666667
Rajasthan,PALI,2003,Rabi,Gram,14233,10316,0.724794492
Rajasthan,PALI,2003,Rabi,Linseed,19,15,0.789473684
Rajasthan,PALI,2003,Rabi,Masoor,15,19,1.266666667
Rajasthan,PALI,2003,Rabi,Other  Rabi pulses,67,51,0.76119403
Rajasthan,PALI,2003,Rabi,Peas & beans (Pulses),34,34,1
Rajasthan,PALI,2003,Rabi,Rapeseed &Mustard,30718,28565,0.929910801
Rajasthan,PALI,2003,Rabi,Wheat,38801,79685,2.053684183
Rajasthan,PALI,2003,Whole Year,Banana,1,0,0
Rajasthan,PALI,2003,Whole Year,Citrus Fruit,266,0,0
Rajasthan,PALI,2003,Whole Year,Coriander,16,20,1.25
Rajasthan,PALI,2003,Whole Year,Dry chillies,738,1066,1.444444444
Rajasthan,PALI,2003,Whole Year,Garlic,26,28,1.076923077
Rajasthan,PALI,2003,Whole Year,Guar seed,25746,,
Rajasthan,PALI,2003,Whole Year,Mango,5,0,0
Rajasthan,PALI,2003,Whole Year,Oilseeds total,2,0,0
Rajasthan,PALI,2003,Whole Year,Onion,177,226,1.276836158
Rajasthan,PALI,2003,Whole Year,Other Fresh Fruits,619,0,0
Rajasthan,PALI,2003,Whole Year,other oilseeds,9377,9066,0.966833742
Rajasthan,PALI,2003,Whole Year,Other Vegetables,1012,0,0
Rajasthan,PALI,2003,Whole Year,Papaya,5,8,1.6
Rajasthan,PALI,2003,Whole Year,Pome Fruit,2,0,0
Rajasthan,PALI,2003,Whole Year,Sannhamp,55,28,0.509090909
Rajasthan,PALI,2003,Whole Year,Sugarcane,1,53,53
Rajasthan,PALI,2003,Whole Year,Sweet potato,27,35,1.296296296
Rajasthan,PALI,2004,Kharif,Arhar/Tur,37,5,0.135135135
Rajasthan,PALI,2004,Kharif,Bajra,97932,65489,0.668719111
Rajasthan,PALI,2004,Kharif,Castor seed,4126,1643,0.398206495
Rajasthan,PALI,2004,Kharif,Cotton(lint),7327,11623,1.586324553
Rajasthan,PALI,2004,Kharif,Groundnut,3028,1155,0.381439894
Rajasthan,PALI,2004,Kharif,Jowar,95348,39901,0.418477577
Rajasthan,PALI,2004,Kharif,Maize,25500,22353,0.876588235
Rajasthan,PALI,2004,Kharif,Moong(Green Gram),60754,14050,0.231260493
Rajasthan,PALI,2004,Kharif,Moth,2574,439,0.170551671
Rajasthan,PALI,2004,Kharif,Other Kharif pulses,1931,626,0.32418436
Rajasthan,PALI,2004,Kharif,Sesamum,148944,49832,0.334568697
Rajasthan,PALI,2004,Kharif,Small millets,50,25,0.5
Rajasthan,PALI,2004,Kharif,Soyabean,20,29,1.45
Rajasthan,PALI,2004,Kharif,Urad,48,17,0.354166667
Rajasthan,PALI,2004,Rabi,Barley,1631,2800,1.716738197
Rajasthan,PALI,2004,Rabi,Gram,5103,1391,0.272584754
Rajasthan,PALI,2004,Rabi,Linseed,1,1,1
Rajasthan,PALI,2004,Rabi,Other  Rabi pulses,25,34,1.36
Rajasthan,PALI,2004,Rabi,Rapeseed &Mustard,40666,30557,0.751413958
Rajasthan,PALI,2004,Rabi,Wheat,25553,43649,1.708175165
Rajasthan,PALI,2004,Whole Year,Coriander,3,3,1
Rajasthan,PALI,2004,Whole Year,Dry chillies,834,945,1.133093525
Rajasthan,PALI,2004,Whole Year,Garlic,16,14,0.875
Rajasthan,PALI,2004,Whole Year,Guar seed,29212,9012,0.308503355
Rajasthan,PALI,2004,Whole Year,Onion,120,90,0.75
Rajasthan,PALI,2004,Whole Year,Potato,2,2,1
Rajasthan,PALI,2004,Whole Year,Sannhamp,101,50,0.495049505
Rajasthan,PALI,2004,Whole Year,Sweet potato,22,19,0.863636364
Rajasthan,PALI,2005,Kharif,Arhar/Tur,100,10,0.1
Rajasthan,PALI,2005,Kharif,Bajra,97750,34961,0.357657289
Rajasthan,PALI,2005,Kharif,Castor seed,3439,1445,0.420180285
Rajasthan,PALI,2005,Kharif,Cotton(lint),4796,8058,1.680150125
Rajasthan,PALI,2005,Kharif,Groundnut,2452,1846,0.752854812
Rajasthan,PALI,2005,Kharif,Jowar,102269,12411,0.121356423
Rajasthan,PALI,2005,Kharif,Maize,22891,8315,0.363243196
Rajasthan,PALI,2005,Kharif,Moong(Green Gram),60054,4601,0.07661438
Rajasthan,PALI,2005,Kharif,Moth,3103,308,0.099258782
Rajasthan,PALI,2005,Kharif,Other Kharif pulses,1736,154,0.088709677
Rajasthan,PALI,2005,Kharif,Sesamum,154219,14487,0.093937842
Rajasthan,PALI,2005,Kharif,Small millets,43,13,0.302325581
Rajasthan,PALI,2005,Kharif,Soyabean,5,6,1.2
Rajasthan,PALI,2005,Kharif,Urad,53,13,0.245283019
Rajasthan,PALI,2005,Rabi,Barley,2219,3697,1.666065795
Rajasthan,PALI,2005,Rabi,Gram,7404,3656,0.493787142
Rajasthan,PALI,2005,Rabi,Peas & beans (Pulses),21,18,0.857142857
Rajasthan,PALI,2005,Rabi,Rapeseed &Mustard,50035,30314,0.605855901
Rajasthan,PALI,2005,Rabi,Wheat,28652,37038,1.292684629
Rajasthan,PALI,2005,Whole Year,Coriander,4,4,1
Rajasthan,PALI,2005,Whole Year,Dry chillies,455,373,0.81978022
Rajasthan,PALI,2005,Whole Year,Garlic,7,4,0.571428571
Rajasthan,PALI,2005,Whole Year,Guar seed,49129,16356,0.332919457
Rajasthan,PALI,2005,Whole Year,Onion,184,165,0.89673913
Rajasthan,PALI,2005,Whole Year,Potato,1,,
Rajasthan,PALI,2005,Whole Year,Sannhamp,38,8,0.210526316
Rajasthan,PALI,2005,Whole Year,Sugarcane,1,61,61
Rajasthan,PALI,2005,Whole Year,Sweet potato,9,6,0.666666667
Rajasthan,PALI,2006,Kharif,Arhar/Tur,134,109,0.813432836
Rajasthan,PALI,2006,Kharif,Bajra,96222,66067,0.686610131
Rajasthan,PALI,2006,Kharif,Castor seed,1504,1324,0.880319149
Rajasthan,PALI,2006,Kharif,Cotton(lint),3268,1086,0.332313341
Rajasthan,PALI,2006,Kharif,Groundnut,2631,2487,0.945267959
Rajasthan,PALI,2006,Kharif,Jowar,107779,55518,0.515109622
Rajasthan,PALI,2006,Kharif,Maize,22589,10671,0.47239807
Rajasthan,PALI,2006,Kharif,Moong(Green Gram),59477,24059,0.404509306
Rajasthan,PALI,2006,Kharif,Moth,2920,761,0.260616438
Rajasthan,PALI,2006,Kharif,Other Kharif pulses,1659,627,0.377938517
Rajasthan,PALI,2006,Kharif,Sesamum,84716,31635,0.373424147
Rajasthan,PALI,2006,Kharif,Small millets,39,23,0.58974359
Rajasthan,PALI,2006,Kharif,Soyabean,5,6,1.2
Rajasthan,PALI,2006,Kharif,Urad,74,22,0.297297297
Rajasthan,PALI,2006,Rabi,Barley,4102,9143,2.228912725
Rajasthan,PALI,2006,Rabi,Gram,34290,28487,0.830766987
Rajasthan,PALI,2006,Rabi,Masoor,2,2,1
Rajasthan,PALI,2006,Rabi,Peas & beans (Pulses),14,17,1.214285714
Rajasthan,PALI,2006,Rabi,Rapeseed &Mustard,71347,71485,1.001934209
Rajasthan,PALI,2006,Rabi,Wheat,77550,149111,1.922772405
Rajasthan,PALI,2006,Whole Year,Coriander,1,1,1
Rajasthan,PALI,2006,Whole Year,Dry chillies,446,304,0.68161435
Rajasthan,PALI,2006,Whole Year,Garlic,19,21,1.105263158
Rajasthan,PALI,2006,Whole Year,Guar seed,50699,35894,0.707982406
Rajasthan,PALI,2006,Whole Year,Onion,142,254,1.788732394
Rajasthan,PALI,2006,Whole Year,Potato,24,14,0.583333333
Rajasthan,PALI,2006,Whole Year,Sannhamp,55,24,0.436363636
Rajasthan,PALI,2006,Whole Year,Sweet potato,11,10,0.909090909
Rajasthan,PALI,2007,Kharif,Arhar/Tur,119,57,0.478991597
Rajasthan,PALI,2007,Kharif,Bajra,85791,66286,0.772645149
Rajasthan,PALI,2007,Kharif,Castor seed,3317,1235,0.37232439
Rajasthan,PALI,2007,Kharif,Cotton(lint),3449,1179,0.341838214
Rajasthan,PALI,2007,Kharif,Groundnut,1271,1792,1.409913454
Rajasthan,PALI,2007,Kharif,Jowar,100655,46832,0.465272465
Rajasthan,PALI,2007,Kharif,Maize,22830,22651,0.992159439
Rajasthan,PALI,2007,Kharif,Moong(Green Gram),103109,39258,0.380742709
Rajasthan,PALI,2007,Kharif,Moth,3274,782,0.238851558
Rajasthan,PALI,2007,Kharif,Other Kharif pulses,1319,395,0.299469295
Rajasthan,PALI,2007,Kharif,Sesamum,79385,24429,0.30772816
Rajasthan,PALI,2007,Kharif,Small millets,562,274,0.487544484
Rajasthan,PALI,2007,Kharif,Soyabean,2,3,1.5
Rajasthan,PALI,2007,Kharif,Urad,120,64,0.533333333
Rajasthan,PALI,2007,Rabi,Barley,3967,10043,2.531635997
Rajasthan,PALI,2007,Rabi,Gram,16406,11555,0.704315494
Rajasthan,PALI,2007,Rabi,Linseed,15,11,0.733333333
Rajasthan,PALI,2007,Rabi,other oilseeds,1311,839,0.639969489
Rajasthan,PALI,2007,Rabi,Rapeseed &Mustard,64512,65594,1.016772073
Rajasthan,PALI,2007,Rabi,Wheat,69452,131968,1.900132466
Rajasthan,PALI,2007,Whole Year,Coriander,6,5,0.833333333
Rajasthan,PALI,2007,Whole Year,Dry chillies,630,394,0.625396825
Rajasthan,PALI,2007,Whole Year,Garlic,51,51,1
Rajasthan,PALI,2007,Whole Year,Guar seed,67450,45761,0.678443291
Rajasthan,PALI,2007,Whole Year,Onion,160,286,1.7875
Rajasthan,PALI,2007,Whole Year,Potato,2,3,1.5
Rajasthan,PALI,2007,Whole Year,Sannhamp,54,32,0.592592593
Rajasthan,PALI,2007,Whole Year,Sweet potato,15,15,1
Rajasthan,PALI,2008,Kharif,Arhar/Tur,134,37,0.276119403
Rajasthan,PALI,2008,Kharif,Bajra,85901,50305,0.585616
Rajasthan,PALI,2008,Kharif,Castor seed,3675,2375,0.646258503
Rajasthan,PALI,2008,Kharif,Cotton(lint),4862,2117,0.435417524
Rajasthan,PALI,2008,Kharif,Groundnut,1548,994,0.642118863
Rajasthan,PALI,2008,Kharif,Jowar,99208,34714,0.349911297
Rajasthan,PALI,2008,Kharif,Maize,20124,11074,0.550288213
Rajasthan,PALI,2008,Kharif,Moong(Green Gram),85870,23186,0.27001281
Rajasthan,PALI,2008,Kharif,Moth,2913,294,0.10092688
Rajasthan,PALI,2008,Kharif,Other Kharif pulses,1276,149,0.11677116
Rajasthan,PALI,2008,Kharif,Sesamum,141969,31594,0.222541541
Rajasthan,PALI,2008,Kharif,Small millets,4,3,0.75
Rajasthan,PALI,2008,Kharif,Soyabean,1,1,1
Rajasthan,PALI,2008,Kharif,Urad,113,33,0.292035398
Rajasthan,PALI,2008,Rabi,Barley,2206,4586,2.078875793
Rajasthan,PALI,2008,Rabi,Gram,6595,6758,1.024715694
Rajasthan,PALI,2008,Rabi,Linseed,27,13,0.481481481
Rajasthan,PALI,2008,Rabi,other oilseeds,2633,580,0.220281048
Rajasthan,PALI,2008,Rabi,Rapeseed &Mustard,39303,25580,0.650840903
Rajasthan,PALI,2008,Rabi,Wheat,30185,51077,1.692131854
Rajasthan,PALI,2008,Whole Year,Coriander,23,26,1.130434783
Rajasthan,PALI,2008,Whole Year,Dry chillies,509,421,0.827111984
Rajasthan,PALI,2008,Whole Year,Garlic,11,12,1.090909091
Rajasthan,PALI,2008,Whole Year,Guar seed,52902,11042,0.208725568
Rajasthan,PALI,2008,Whole Year,Onion,126,151,1.198412698
Rajasthan,PALI,2008,Whole Year,Potato,5,7,1.4
Rajasthan,PALI,2008,Whole Year,Sannhamp,28,5,0.178571429
Rajasthan,PALI,2008,Whole Year,Sweet potato,15,,
Rajasthan,PALI,2009,Kharif,Arhar/Tur,93,,
Rajasthan,PALI,2009,Kharif,Bajra,79409,595,0.007492853
Rajasthan,PALI,2009,Kharif,Castor seed,3098,105,0.033892834
Rajasthan,PALI,2009,Kharif,Cotton(lint),4239,1185,0.279547063
Rajasthan,PALI,2009,Kharif,Groundnut,1587,,
Rajasthan,PALI,2009,Kharif,Jowar,128958,959,0.00743653
Rajasthan,PALI,2009,Kharif,Maize,20393,7525,0.368999166
Rajasthan,PALI,2009,Kharif,Moong(Green Gram),104124,1561,0.014991741
Rajasthan,PALI,2009,Kharif,Moth,2568,50,0.019470405
Rajasthan,PALI,2009,Kharif,Other Kharif pulses,1502,35,0.023302264
Rajasthan,PALI,2009,Kharif,Sesamum,146665,2021,0.013779702
Rajasthan,PALI,2009,Kharif,Urad,123,32,0.260162602
Rajasthan,PALI,2009,Rabi,Barley,1775,3899,2.196619718
Rajasthan,PALI,2009,Rabi,Gram,107,116,1.08411215
Rajasthan,PALI,2009,Rabi,other oilseeds,176,66,0.375
Rajasthan,PALI,2009,Rabi,Rapeseed &Mustard,10528,9817,0.932465805
Rajasthan,PALI,2009,Rabi,Wheat,24350,48213,1.98
Rajasthan,PALI,2009,Whole Year,Coriander,10,12,1.2
Rajasthan,PALI,2009,Whole Year,Dry chillies,338,206,0.609467456
Rajasthan,PALI,2009,Whole Year,Garlic,4,4,1
Rajasthan,PALI,2009,Whole Year,Guar seed,47572,4349,0.091419322
Rajasthan,PALI,2009,Whole Year,Onion,75,259,3.453333333
Rajasthan,PALI,2009,Whole Year,Sannhamp,10,,
Rajasthan,PALI,2009,Whole Year,Sweet potato,1,,
Rajasthan,PALI,2010,Kharif,Arhar/Tur,108,24,0.222222222
Rajasthan,PALI,2010,Kharif,Bajra,94599,99248,1.049144283
Rajasthan,PALI,2010,Kharif,Castor seed,2792,1840,0.659025788
Rajasthan,PALI,2010,Kharif,Cotton(lint),3304,1772,0.536319613
Rajasthan,PALI,2010,Kharif,Groundnut,1018,2001,1.965618861
Rajasthan,PALI,2010,Kharif,Jowar,135797,84137,0.619579225
Rajasthan,PALI,2010,Kharif,Maize,21307,35235,1.653681889
Rajasthan,PALI,2010,Kharif,Moong(Green Gram),107535,60432,0.561975171
Rajasthan,PALI,2010,Kharif,Moth,3569,938,0.262818717
Rajasthan,PALI,2010,Kharif,Other Kharif pulses,1395,581,0.416487455
Rajasthan,PALI,2010,Kharif,Sesamum,107074,47049,0.439406392
Rajasthan,PALI,2010,Kharif,Small millets,12,2,0.166666667
Rajasthan,PALI,2010,Kharif,Urad,151,111,0.735099338
Rajasthan,PALI,2010,Rabi,Barley,5626,11634,2.06789904
Rajasthan,PALI,2010,Rabi,Gram,54513,40092,0.735457597
Rajasthan,PALI,2010,Rabi,Linseed,8,8,1
Rajasthan,PALI,2010,Rabi,Masoor,6,5,0.833333333
Rajasthan,PALI,2010,Rabi,other oilseeds,123035,31460,0.255699598
Rajasthan,PALI,2010,Rabi,Rapeseed &Mustard,44012,34654,0.78737617
Rajasthan,PALI,2010,Rabi,Wheat,80115,145154,1.811820508
Rajasthan,PALI,2010,Whole Year,Coriander,54,60,1.111111111
Rajasthan,PALI,2010,Whole Year,Dry chillies,342,261,0.763157895
Rajasthan,PALI,2010,Whole Year,Garlic,33,15,0.454545455
Rajasthan,PALI,2010,Whole Year,Guar seed,39848,33441,0.839214013
Rajasthan,PALI,2010,Whole Year,Onion,175,412,2.354285714
Rajasthan,PALI,2010,Whole Year,Sannhamp,31,12,0.387096774
Rajasthan,PALI,2010,Whole Year,Sweet potato,5,8,1.6
Rajasthan,PRATAPGARH,1999,Whole Year,Banana,1,,
Rajasthan,PRATAPGARH,2001,Whole Year,Banana,2,,
Rajasthan,PRATAPGARH,2008,Kharif,Arhar/Tur,1539,1693,1.100064977
Rajasthan,PRATAPGARH,2008,Kharif,Bajra,30,25,0.833333333
Rajasthan,PRATAPGARH,2008,Kharif,Cotton(lint),2510,441,0.175697211
Rajasthan,PRATAPGARH,2008,Kharif,Dry ginger,2,,
Rajasthan,PRATAPGARH,2008,Kharif,Groundnut,926,946,1.021598272
Rajasthan,PRATAPGARH,2008,Kharif,Jowar,426,450,1.056338028
Rajasthan,PRATAPGARH,2008,Kharif,Maize,55575,123844,2.228412056
Rajasthan,PRATAPGARH,2008,Kharif,Moong(Green Gram),57,24,0.421052632
Rajasthan,PRATAPGARH,2008,Kharif,Other Kharif pulses,35,19,0.542857143
Rajasthan,PRATAPGARH,2008,Kharif,Rice,1530,2765,1.807189542
Rajasthan,PRATAPGARH,2008,Kharif,Sesamum,807,236,0.29244114
Rajasthan,PRATAPGARH,2008,Kharif,Small millets,14,6,0.428571429
Rajasthan,PRATAPGARH,2008,Kharif,Soyabean,98225,118954,1.211035887
Rajasthan,PRATAPGARH,2008,Kharif,Urad,4775,512,0.107225131
Rajasthan,PRATAPGARH,2008,Rabi,Barley,2244,3947,1.758912656
Rajasthan,PRATAPGARH,2008,Rabi,Gram,30137,25738,0.854033248
Rajasthan,PRATAPGARH,2008,Rabi,Linseed,103,76,0.737864078
Rajasthan,PRATAPGARH,2008,Rabi,Masoor,3187,2666,0.836523376
Rajasthan,PRATAPGARH,2008,Rabi,Other  Rabi pulses,507,576,1.136094675
Rajasthan,PRATAPGARH,2008,Rabi,other oilseeds,958,91,0.094989562
Rajasthan,PRATAPGARH,2008,Rabi,Rapeseed &Mustard,8176,10374,1.268835616
Rajasthan,PRATAPGARH,2008,Rabi,Wheat,44610,116629,2.614413809
Rajasthan,PRATAPGARH,2008,Whole Year,Coriander,80,89,1.1125
Rajasthan,PRATAPGARH,2008,Whole Year,Dry chillies,193,91,0.471502591
Rajasthan,PRATAPGARH,2008,Whole Year,Garlic,2552,14036,5.5
Rajasthan,PRATAPGARH,2008,Whole Year,Guar seed,87,96,1.103448276
Rajasthan,PRATAPGARH,2008,Whole Year,Onion,139,2976,21.41007194
Rajasthan,PRATAPGARH,2008,Whole Year,Potato,25,121,4.84
Rajasthan,PRATAPGARH,2008,Whole Year,Sannhamp,48,43,0.895833333
Rajasthan,PRATAPGARH,2008,Whole Year,Sugarcane,9,535,59.44444444
Rajasthan,PRATAPGARH,2009,Kharif,Arhar/Tur,1331,1464,1.099924869
Rajasthan,PRATAPGARH,2009,Kharif,Bajra,10,4,0.4
Rajasthan,PRATAPGARH,2009,Kharif,Cotton(lint),2260,589,0.260619469
Rajasthan,PRATAPGARH,2009,Kharif,Groundnut,717,1041,1.451882845
Rajasthan,PRATAPGARH,2009,Kharif,Jowar,327,263,0.804281346
Rajasthan,PRATAPGARH,2009,Kharif,Maize,56135,97143,1.730524628
Rajasthan,PRATAPGARH,2009,Kharif,Moong(Green Gram),95,5,0.052631579
Rajasthan,PRATAPGARH,2009,Kharif,Other Kharif pulses,46,4,0.086956522
Rajasthan,PRATAPGARH,2009,Kharif,Rice,1530,2318,1.51503268
Rajasthan,PRATAPGARH,2009,Kharif,Sesamum,859,230,0.267753201
Rajasthan,PRATAPGARH,2009,Kharif,Small millets,66,33,0.5
Rajasthan,PRATAPGARH,2009,Kharif,Soyabean,99490,155618,1.564157202
Rajasthan,PRATAPGARH,2009,Kharif,Urad,3584,2831,0.789899554
Rajasthan,PRATAPGARH,2009,Rabi,Barley,2264,4633,2.046378092
Rajasthan,PRATAPGARH,2009,Rabi,Gram,24260,25494,1.050865622
Rajasthan,PRATAPGARH,2009,Rabi,Linseed,77,39,0.506493506
Rajasthan,PRATAPGARH,2009,Rabi,Masoor,3183,2712,0.85202639
Rajasthan,PRATAPGARH,2009,Rabi,Other  Rabi pulses,579,593,1.02417962
Rajasthan,PRATAPGARH,2009,Rabi,other oilseeds,259,95,0.366795367
Rajasthan,PRATAPGARH,2009,Rabi,Rapeseed &Mustard,5562,6801,1.222761597
Rajasthan,PRATAPGARH,2009,Rabi,Wheat,47698,158095,3.31449956
Rajasthan,PRATAPGARH,2009,Whole Year,Coriander,43,52,1.209302326
Rajasthan,PRATAPGARH,2009,Whole Year,Dry chillies,220,122,0.554545455
Rajasthan,PRATAPGARH,2009,Whole Year,Garlic,2789,1534,0.550017928
Rajasthan,PRATAPGARH,2009,Whole Year,Guar seed,72,86,1.194444444
Rajasthan,PRATAPGARH,2009,Whole Year,Onion,226,3321,14.69469027
Rajasthan,PRATAPGARH,2009,Whole Year,Potato,30,165,5.5
Rajasthan,PRATAPGARH,2009,Whole Year,Sannhamp,39,19,0.487179487
Rajasthan,PRATAPGARH,2009,Whole Year,Sugarcane,8,461,57.625
Rajasthan,PRATAPGARH,2010,Kharif,Arhar/Tur,1007,976,0.969215492
Rajasthan,PRATAPGARH,2010,Kharif,Bajra,4,4,1
Rajasthan,PRATAPGARH,2010,Kharif,Castor seed,35,11,0.314285714
Rajasthan,PRATAPGARH,2010,Kharif,Cotton(lint),2163,446,0.206195099
Rajasthan,PRATAPGARH,2010,Kharif,Groundnut,801,1575,1.966292135
Rajasthan,PRATAPGARH,2010,Kharif,Jowar,252,176,0.698412698
Rajasthan,PRATAPGARH,2010,Kharif,Maize,57155,80815,1.413962033
Rajasthan,PRATAPGARH,2010,Kharif,Moong(Green Gram),801,498,0.621722846
Rajasthan,PRATAPGARH,2010,Kharif,Other Kharif pulses,39,21,0.538461538
Rajasthan,PRATAPGARH,2010,Kharif,Rice,1324,2681,2.024924471
Rajasthan,PRATAPGARH,2010,Kharif,Sesamum,1050,428,0.407619048
Rajasthan,PRATAPGARH,2010,Kharif,Small millets,37,103,2.783783784
Rajasthan,PRATAPGARH,2010,Kharif,Soyabean,101124,136652,1.351331039
Rajasthan,PRATAPGARH,2010,Kharif,Urad,3411,1548,0.453825858
Rajasthan,PRATAPGARH,2010,Rabi,Barley,2114,4124,1.950804163
Rajasthan,PRATAPGARH,2010,Rabi,Gram,22421,21600,0.963382543
Rajasthan,PRATAPGARH,2010,Rabi,Linseed,80,73,0.9125
Rajasthan,PRATAPGARH,2010,Rabi,Masoor,4711,3501,0.74315432
Rajasthan,PRATAPGARH,2010,Rabi,Other  Rabi pulses,8,41,5.125
Rajasthan,PRATAPGARH,2010,Rabi,other oilseeds,1943,795,0.409161091
Rajasthan,PRATAPGARH,2010,Rabi,Rapeseed &Mustard,5585,8710,1.559534467
Rajasthan,PRATAPGARH,2010,Rabi,Wheat,49319,123163,2.497272856
Rajasthan,PRATAPGARH,2010,Whole Year,Coriander,59,65,1.101694915
Rajasthan,PRATAPGARH,2010,Whole Year,Dry chillies,214,116,0.542056075
Rajasthan,PRATAPGARH,2010,Whole Year,Garlic,2896,17376,6
Rajasthan,PRATAPGARH,2010,Whole Year,Guar seed,57,29,0.50877193
Rajasthan,PRATAPGARH,2010,Whole Year,Onion,371,5110,13.77358491
Rajasthan,PRATAPGARH,2010,Whole Year,Sannhamp,23,12,0.52173913
Rajasthan,PRATAPGARH,2010,Whole Year,Sugarcane,4,268,67
Rajasthan,RAJSAMAND,1997,Kharif,Bajra,200,100,0.5
Rajasthan,RAJSAMAND,1997,Kharif,Cotton(lint),1600,2941,1.838125
Rajasthan,RAJSAMAND,1997,Kharif,Groundnut,4100,2800,0.682926829
Rajasthan,RAJSAMAND,1997,Kharif,Jowar,5400,4300,0.796296296
Rajasthan,RAJSAMAND,1997,Kharif,Maize,63500,87300,1.37480315
Rajasthan,RAJSAMAND,1997,Kharif,Rice,400,500,1.25
Rajasthan,RAJSAMAND,1997,Kharif,Sesamum,1700,300,0.176470588
Rajasthan,RAJSAMAND,1997,Kharif,Sugarcane,1900,89400,47.05263158
Rajasthan,RAJSAMAND,1997,Rabi,Barley,7400,15900,2.148648649
Rajasthan,RAJSAMAND,1997,Rabi,Gram,2600,2300,0.884615385
Rajasthan,RAJSAMAND,1997,Rabi,Rapeseed &Mustard,2500,1800,0.72
Rajasthan,RAJSAMAND,1997,Rabi,Wheat,32600,75000,2.300613497
Rajasthan,RAJSAMAND,1998,Kharif,Arhar/Tur,3,4,1.333333333
Rajasthan,RAJSAMAND,1998,Kharif,Bajra,147,63,0.428571429
Rajasthan,RAJSAMAND,1998,Kharif,Castor seed,1,1,1
Rajasthan,RAJSAMAND,1998,Kharif,Cotton(lint),1363,325,0.238444607
Rajasthan,RAJSAMAND,1998,Kharif,Groundnut,3215,855,0.265940902
Rajasthan,RAJSAMAND,1998,Kharif,Jowar,6040,1438,0.23807947
Rajasthan,RAJSAMAND,1998,Kharif,Maize,61645,46127,0.74826831
Rajasthan,RAJSAMAND,1998,Kharif,Moong(Green Gram),734,76,0.103542234
Rajasthan,RAJSAMAND,1998,Kharif,Moth,14,2,0.142857143
Rajasthan,RAJSAMAND,1998,Kharif,Other Kharif pulses,1024,65,0.063476563
Rajasthan,RAJSAMAND,1998,Kharif,Rice,234,286,1.222222222
Rajasthan,RAJSAMAND,1998,Kharif,Sannhamp,185,6,0.032432432
Rajasthan,RAJSAMAND,1998,Kharif,Sesamum,1684,124,0.073634204
Rajasthan,RAJSAMAND,1998,Kharif,Soyabean,16,21,1.3125
Rajasthan,RAJSAMAND,1998,Kharif,Urad,2429,628,0.25854261
Rajasthan,RAJSAMAND,1998,Rabi,Barley,6131,11891,1.939487849
Rajasthan,RAJSAMAND,1998,Rabi,Gram,4999,3682,0.736547309
Rajasthan,RAJSAMAND,1998,Rabi,Linseed,203,116,0.571428571
Rajasthan,RAJSAMAND,1998,Rabi,Other  Rabi pulses,8,5,0.625
Rajasthan,RAJSAMAND,1998,Rabi,Peas & beans (Pulses),9,7,0.777777778
Rajasthan,RAJSAMAND,1998,Rabi,Rapeseed &Mustard,5609,5399,0.962560171
Rajasthan,RAJSAMAND,1998,Rabi,Tobacco,31,6,0.193548387
Rajasthan,RAJSAMAND,1998,Rabi,Wheat,22599,46352,2.051064206
Rajasthan,RAJSAMAND,1998,Whole Year,Coriander,29,26,0.896551724
Rajasthan,RAJSAMAND,1998,Whole Year,Dry chillies,602,90,0.149501661
Rajasthan,RAJSAMAND,1998,Whole Year,Garlic,120,139,1.158333333
Rajasthan,RAJSAMAND,1998,Whole Year,Onion,78,155,1.987179487
Rajasthan,RAJSAMAND,1998,Whole Year,Potato,10,22,2.2
Rajasthan,RAJSAMAND,1998,Whole Year,Sugarcane,1650,66166,40.10060606
Rajasthan,RAJSAMAND,1998,Whole Year,Sweet potato,3,2,0.666666667
Rajasthan,RAJSAMAND,1998,Whole Year,Turmeric,1,1,1
Rajasthan,RAJSAMAND,1999,Kharif,Arhar/Tur,8,1,0.125
Rajasthan,RAJSAMAND,1999,Kharif,Bajra,190,65,0.342105263
Rajasthan,RAJSAMAND,1999,Kharif,Castor seed,1,,
Rajasthan,RAJSAMAND,1999,Kharif,Cotton(lint),622,65,0.104501608
Rajasthan,RAJSAMAND,1999,Kharif,Groundnut,3189,1894,0.593916588
Rajasthan,RAJSAMAND,1999,Kharif,Jowar,5476,1611,0.294192841
Rajasthan,RAJSAMAND,1999,Kharif,Maize,61210,44216,0.722365627
Rajasthan,RAJSAMAND,1999,Kharif,Moong(Green Gram),719,71,0.098748261
Rajasthan,RAJSAMAND,1999,Kharif,Moth,24,1,0.041666667
Rajasthan,RAJSAMAND,1999,Kharif,Other Kharif pulses,869,38,0.043728423
Rajasthan,RAJSAMAND,1999,Kharif,Rice,217,274,1.262672811
Rajasthan,RAJSAMAND,1999,Kharif,Sesamum,1834,135,0.073609597
Rajasthan,RAJSAMAND,1999,Kharif,Small millets,2,0,0
Rajasthan,RAJSAMAND,1999,Kharif,Soyabean,18,22,1.222222222
Rajasthan,RAJSAMAND,1999,Kharif,Urad,1617,238,0.147186147
Rajasthan,RAJSAMAND,1999,Rabi,Barley,3150,5116,1.624126984
Rajasthan,RAJSAMAND,1999,Rabi,Gram,1456,1012,0.695054945
Rajasthan,RAJSAMAND,1999,Rabi,Linseed,1,1,1
Rajasthan,RAJSAMAND,1999,Rabi,Other  Rabi pulses,16,13,0.8125
Rajasthan,RAJSAMAND,1999,Rabi,Peas & beans (Pulses),4,4,1
Rajasthan,RAJSAMAND,1999,Rabi,Rapeseed &Mustard,3092,2722,0.880336352
Rajasthan,RAJSAMAND,1999,Rabi,Wheat,12003,17313,1.442389403
Rajasthan,RAJSAMAND,1999,Whole Year,Coriander,28,3,0.107142857
Rajasthan,RAJSAMAND,1999,Whole Year,Dry chillies,578,132,0.228373702
Rajasthan,RAJSAMAND,1999,Whole Year,Garlic,173,211,1.219653179
Rajasthan,RAJSAMAND,1999,Whole Year,Guar seed,7739,550,0.071068614
Rajasthan,RAJSAMAND,1999,Whole Year,Onion,43,51,1.186046512
Rajasthan,RAJSAMAND,1999,Whole Year,Potato,4,8,2
Rajasthan,RAJSAMAND,1999,Whole Year,Sannhamp,119,19,0.159663866
Rajasthan,RAJSAMAND,1999,Whole Year,Sugarcane,1209,39065,32.31182796
Rajasthan,RAJSAMAND,1999,Whole Year,Tapioca,1,1,1
Rajasthan,RAJSAMAND,1999,Whole Year,Tobacco,110,17,0.154545455
Rajasthan,RAJSAMAND,1999,Whole Year,Turmeric,1,,
Rajasthan,RAJSAMAND,2000,Kharif,Bajra,240,106,0.441666667
Rajasthan,RAJSAMAND,2000,Kharif,Castor seed,1,,
Rajasthan,RAJSAMAND,2000,Kharif,Cotton(lint),348,347,0.997126437
Rajasthan,RAJSAMAND,2000,Kharif,Groundnut,2434,309,0.12695152
Rajasthan,RAJSAMAND,2000,Kharif,Jowar,6039,505,0.083623116
Rajasthan,RAJSAMAND,2000,Kharif,Maize,60702,29604,0.48769398
Rajasthan,RAJSAMAND,2000,Kharif,Moong(Green Gram),615,107,0.17398374
Rajasthan,RAJSAMAND,2000,Kharif,Moth,17,2,0.117647059
Rajasthan,RAJSAMAND,2000,Kharif,Other Kharif pulses,715,36,0.05034965
Rajasthan,RAJSAMAND,2000,Kharif,Rice,164,154,0.93902439
Rajasthan,RAJSAMAND,2000,Kharif,Sesamum,1827,251,0.137383689
Rajasthan,RAJSAMAND,2000,Kharif,Small millets,15,0.1,0.006666667
Rajasthan,RAJSAMAND,2000,Kharif,Soyabean,3,2,0.666666667
Rajasthan,RAJSAMAND,2000,Kharif,Urad,1317,100,0.075930144
Rajasthan,RAJSAMAND,2000,Rabi,Barley,1230,2153,1.750406504
Rajasthan,RAJSAMAND,2000,Rabi,Gram,128,76,0.59375
Rajasthan,RAJSAMAND,2000,Rabi,Peas & beans (Pulses),3,3,1
Rajasthan,RAJSAMAND,2000,Rabi,Rapeseed &Mustard,162,150,0.925925926
Rajasthan,RAJSAMAND,2000,Rabi,Wheat,3342,7208,2.15679234
Rajasthan,RAJSAMAND,2000,Whole Year,Banana,1,,
Rajasthan,RAJSAMAND,2000,Whole Year,Coriander,31,7,0.225806452
Rajasthan,RAJSAMAND,2000,Whole Year,Dry chillies,445,93,0.208988764
Rajasthan,RAJSAMAND,2000,Whole Year,Garlic,40,56,1.4
Rajasthan,RAJSAMAND,2000,Whole Year,Guar seed,8068,236,0.029251363
Rajasthan,RAJSAMAND,2000,Whole Year,Onion,20,22,1.1
Rajasthan,RAJSAMAND,2000,Whole Year,Sannhamp,88,1,0.011363636
Rajasthan,RAJSAMAND,2000,Whole Year,Sugarcane,600,12949,21.58166667
Rajasthan,RAJSAMAND,2000,Whole Year,Tobacco,39,2,0.051282051
Rajasthan,RAJSAMAND,2000,Whole Year,Turmeric,1,,
Rajasthan,RAJSAMAND,2001,Kharif,Arhar/Tur,3,3,1
Rajasthan,RAJSAMAND,2001,Kharif,Bajra,375,279,0.744
Rajasthan,RAJSAMAND,2001,Kharif,Castor seed,53,53,1
Rajasthan,RAJSAMAND,2001,Kharif,Cotton(lint),333,1224,3.675675676
Rajasthan,RAJSAMAND,2001,Kharif,Groundnut,2683,4251,1.584420425
Rajasthan,RAJSAMAND,2001,Kharif,Jowar,7195,5599,0.778179291
Rajasthan,RAJSAMAND,2001,Kharif,Maize,64082,99863,1.558362723
Rajasthan,RAJSAMAND,2001,Kharif,Moong(Green Gram),811,239,0.294697904
Rajasthan,RAJSAMAND,2001,Kharif,Moth,22,5,0.227272727
Rajasthan,RAJSAMAND,2001,Kharif,Other Kharif pulses,875,690,0.788571429
Rajasthan,RAJSAMAND,2001,Kharif,Rice,248,309,1.245967742
Rajasthan,RAJSAMAND,2001,Kharif,Sesamum,2371,1883,0.794179671
Rajasthan,RAJSAMAND,2001,Kharif,Small millets,21,13,0.619047619
Rajasthan,RAJSAMAND,2001,Kharif,Soyabean,4,4,1
Rajasthan,RAJSAMAND,2001,Kharif,Urad,1560,235,0.150641026
Rajasthan,RAJSAMAND,2001,Rabi,Barley,3842,8426,2.193128579
Rajasthan,RAJSAMAND,2001,Rabi,Gram,1203,913,0.758935993
Rajasthan,RAJSAMAND,2001,Rabi,Linseed,1,1,1
Rajasthan,RAJSAMAND,2001,Rabi,Other  Rabi pulses,3,3,1
Rajasthan,RAJSAMAND,2001,Rabi,Peas & beans (Pulses),10,13,1.3
Rajasthan,RAJSAMAND,2001,Rabi,Rapeseed &Mustard,2508,2594,1.034290271
Rajasthan,RAJSAMAND,2001,Rabi,Wheat,15369,42099,2.739215304
Rajasthan,RAJSAMAND,2001,Whole Year,Coriander,46,16,0.347826087
Rajasthan,RAJSAMAND,2001,Whole Year,Dry chillies,478,256,0.535564854
Rajasthan,RAJSAMAND,2001,Whole Year,Garlic,40,55,1.375
Rajasthan,RAJSAMAND,2001,Whole Year,Guar seed,2207,3972,1.799728138
Rajasthan,RAJSAMAND,2001,Whole Year,Onion,55,220,4
Rajasthan,RAJSAMAND,2001,Whole Year,Potato,14,25,1.785714286
Rajasthan,RAJSAMAND,2001,Whole Year,Sannhamp,67,28,0.417910448
Rajasthan,RAJSAMAND,2001,Whole Year,Sugarcane,270,12919,47.84814815
Rajasthan,RAJSAMAND,2001,Whole Year,Tobacco,93,38,0.408602151
Rajasthan,RAJSAMAND,2002,Kharif,Arhar/Tur,1,,
Rajasthan,RAJSAMAND,2002,Kharif,Bajra,672,150,0.223214286
Rajasthan,RAJSAMAND,2002,Kharif,Castor seed,4,,
Rajasthan,RAJSAMAND,2002,Kharif,Cotton(lint),479,312,0.651356994
Rajasthan,RAJSAMAND,2002,Kharif,Groundnut,2606,216,0.082885649
Rajasthan,RAJSAMAND,2002,Kharif,Jowar,9277,,
Rajasthan,RAJSAMAND,2002,Kharif,Maize,60776,21981,0.361672371
Rajasthan,RAJSAMAND,2002,Kharif,Moong(Green Gram),679,43,0.063328424
Rajasthan,RAJSAMAND,2002,Kharif,Moth,9,,
Rajasthan,RAJSAMAND,2002,Kharif,Other Kharif pulses,745,39,0.052348993
Rajasthan,RAJSAMAND,2002,Kharif,Rice,93,76,0.817204301
Rajasthan,RAJSAMAND,2002,Kharif,Sesamum,2742,164,0.059810357
Rajasthan,RAJSAMAND,2002,Kharif,Small millets,15,0.1,0.006666667
Rajasthan,RAJSAMAND,2002,Kharif,Urad,1789,130,0.072666294
Rajasthan,RAJSAMAND,2002,Rabi,Barley,631,1177,1.865293185
Rajasthan,RAJSAMAND,2002,Rabi,Gram,77,58,0.753246753
Rajasthan,RAJSAMAND,2002,Rabi,Peas & beans (Pulses),2,4,2
Rajasthan,RAJSAMAND,2002,Rabi,Rapeseed &Mustard,128,126,0.984375
Rajasthan,RAJSAMAND,2002,Rabi,Wheat,1482,3158,2.130904184
Rajasthan,RAJSAMAND,2002,Whole Year,Banana,1,0,0
Rajasthan,RAJSAMAND,2002,Whole Year,Citrus Fruit,5,0,0
Rajasthan,RAJSAMAND,2002,Whole Year,Coriander,43,1,0.023255814
Rajasthan,RAJSAMAND,2002,Whole Year,Dry chillies,382,27,0.070680628
Rajasthan,RAJSAMAND,2002,Whole Year,Garlic,91,92,1.010989011
Rajasthan,RAJSAMAND,2002,Whole Year,Guar seed,2723,283,0.10392949
Rajasthan,RAJSAMAND,2002,Whole Year,Mango,2,0,0
Rajasthan,RAJSAMAND,2002,Whole Year,Onion,16,38,2.375
Rajasthan,RAJSAMAND,2002,Whole Year,Other Fresh Fruits,15,0,0
Rajasthan,RAJSAMAND,2002,Whole Year,Other Vegetables,284,0,0
Rajasthan,RAJSAMAND,2002,Whole Year,Pome Fruit,12,0,0
Rajasthan,RAJSAMAND,2002,Whole Year,Potato,3,4,1.333333333
Rajasthan,RAJSAMAND,2002,Whole Year,Sannhamp,214,,
Rajasthan,RAJSAMAND,2002,Whole Year,Sugarcane,214,5499,25.69626168
Rajasthan,RAJSAMAND,2002,Whole Year,Tobacco,67,14,0.208955224
Rajasthan,RAJSAMAND,2003,Kharif,Bajra,979,1113,1.136874362
Rajasthan,RAJSAMAND,2003,Kharif,Cotton(lint),245,505,2.06122449
Rajasthan,RAJSAMAND,2003,Kharif,Groundnut,2008,2951,1.469621514
Rajasthan,RAJSAMAND,2003,Kharif,Jowar,10603,15404,1.452796378
Rajasthan,RAJSAMAND,2003,Kharif,Maize,63802,141289,2.214491709
Rajasthan,RAJSAMAND,2003,Kharif,Moong(Green Gram),855,530,0.619883041
Rajasthan,RAJSAMAND,2003,Kharif,Moth,17,9,0.529411765
Rajasthan,RAJSAMAND,2003,Kharif,Other Kharif pulses,847,580,0.684769776
Rajasthan,RAJSAMAND,2003,Kharif,Rice,93,154,1.655913978
Rajasthan,RAJSAMAND,2003,Kharif,Sesamum,3125,1415,0.4528
Rajasthan,RAJSAMAND,2003,Kharif,Small millets,10,6,0.6
Rajasthan,RAJSAMAND,2003,Kharif,Soyabean,14,20,1.428571429
Rajasthan,RAJSAMAND,2003,Kharif,Sunflower,3,0,0
Rajasthan,RAJSAMAND,2003,Kharif,Urad,1805,588,0.325761773
Rajasthan,RAJSAMAND,2003,Rabi,Barley,1625,3932,2.419692308
Rajasthan,RAJSAMAND,2003,Rabi,Gram,493,312,0.632860041
Rajasthan,RAJSAMAND,2003,Rabi,Peas & beans (Pulses),2,0,0
Rajasthan,RAJSAMAND,2003,Rabi,Rapeseed &Mustard,832,1087,1.306490385
Rajasthan,RAJSAMAND,2003,Rabi,Wheat,5376,15020,2.79389881
Rajasthan,RAJSAMAND,2003,Whole Year,Banana,3,0,0
Rajasthan,RAJSAMAND,2003,Whole Year,Citrus Fruit,4,0,0
Rajasthan,RAJSAMAND,2003,Whole Year,Coriander,11,14,1.272727273
Rajasthan,RAJSAMAND,2003,Whole Year,Dry chillies,408,242,0.593137255
Rajasthan,RAJSAMAND,2003,Whole Year,Garlic,126,113,0.896825397
Rajasthan,RAJSAMAND,2003,Whole Year,Guar seed,3364,,
Rajasthan,RAJSAMAND,2003,Whole Year,Mango,9,0,0
Rajasthan,RAJSAMAND,2003,Whole Year,Onion,13,12,0.923076923
Rajasthan,RAJSAMAND,2003,Whole Year,Other Fresh Fruits,46,0,0
Rajasthan,RAJSAMAND,2003,Whole Year,other oilseeds,147,113,0.768707483
Rajasthan,RAJSAMAND,2003,Whole Year,Other Vegetables,294,0,0
Rajasthan,RAJSAMAND,2003,Whole Year,Pome Fruit,9,0,0
Rajasthan,RAJSAMAND,2003,Whole Year,Potato,5,7,1.4
Rajasthan,RAJSAMAND,2003,Whole Year,Sannhamp,64,25,0.390625
Rajasthan,RAJSAMAND,2003,Whole Year,Sugarcane,180,5745,31.91666667
Rajasthan,RAJSAMAND,2003,Whole Year,Tobacco,33,,
Rajasthan,RAJSAMAND,2004,Kharif,Arhar/Tur,1,1,1
Rajasthan,RAJSAMAND,2004,Kharif,Bajra,651,427,0.655913978
Rajasthan,RAJSAMAND,2004,Kharif,Cotton(lint),705,1229,1.743262411
Rajasthan,RAJSAMAND,2004,Kharif,Groundnut,2790,1477,0.529390681
Rajasthan,RAJSAMAND,2004,Kharif,Jowar,11271,9031,0.80125987
Rajasthan,RAJSAMAND,2004,Kharif,Maize,65814,56899,0.864542499
Rajasthan,RAJSAMAND,2004,Kharif,Moong(Green Gram),770,209,0.271428571
Rajasthan,RAJSAMAND,2004,Kharif,Moth,2,,
Rajasthan,RAJSAMAND,2004,Kharif,Other Kharif pulses,201,51,0.253731343
Rajasthan,RAJSAMAND,2004,Kharif,Rice,67,99,1.47761194
Rajasthan,RAJSAMAND,2004,Kharif,Sesamum,3130,1042,0.332907348
Rajasthan,RAJSAMAND,2004,Kharif,Small millets,619,110,0.177705977
Rajasthan,RAJSAMAND,2004,Kharif,Soyabean,99,141,1.424242424
Rajasthan,RAJSAMAND,2004,Kharif,Urad,1735,274,0.157925072
Rajasthan,RAJSAMAND,2004,Rabi,Barley,995,873,0.877386935
Rajasthan,RAJSAMAND,2004,Rabi,Gram,566,423,0.747349823
Rajasthan,RAJSAMAND,2004,Rabi,Other  Rabi pulses,64,60,0.9375
Rajasthan,RAJSAMAND,2004,Rabi,Rapeseed &Mustard,2890,2494,0.862975779
Rajasthan,RAJSAMAND,2004,Rabi,Wheat,3293,9348,2.838748861
Rajasthan,RAJSAMAND,2004,Whole Year,Banana,2,,
Rajasthan,RAJSAMAND,2004,Whole Year,Coriander,34,39,1.147058824
Rajasthan,RAJSAMAND,2004,Whole Year,Dry chillies,462,79,0.170995671
Rajasthan,RAJSAMAND,2004,Whole Year,Garlic,36,67,1.861111111
Rajasthan,RAJSAMAND,2004,Whole Year,Guar seed,2288,936,0.409090909
Rajasthan,RAJSAMAND,2004,Whole Year,Onion,9,23,2.555555556
Rajasthan,RAJSAMAND,2004,Whole Year,Potato,5,9,1.8
Rajasthan,RAJSAMAND,2004,Whole Year,Sannhamp,52,12,0.230769231
Rajasthan,RAJSAMAND,2004,Whole Year,Sugarcane,142,7961,56.06338028
Rajasthan,RAJSAMAND,2004,Whole Year,Tobacco,85,43,0.505882353
Rajasthan,RAJSAMAND,2005,Kharif,Arhar/Tur,4,2,0.5
Rajasthan,RAJSAMAND,2005,Kharif,Bajra,574,249,0.433797909
Rajasthan,RAJSAMAND,2005,Kharif,Cotton(lint),620,1158,1.867741935
Rajasthan,RAJSAMAND,2005,Kharif,Groundnut,3080,3337,1.083441558
Rajasthan,RAJSAMAND,2005,Kharif,Jowar,9584,11851,1.236540067
Rajasthan,RAJSAMAND,2005,Kharif,Maize,64997,70002,1.077003554
Rajasthan,RAJSAMAND,2005,Kharif,Moong(Green Gram),836,133,0.159090909
Rajasthan,RAJSAMAND,2005,Kharif,Moth,20,2,0.1
Rajasthan,RAJSAMAND,2005,Kharif,Other Kharif pulses,913,238,0.26067908
Rajasthan,RAJSAMAND,2005,Kharif,Rice,83,122,1.469879518
Rajasthan,RAJSAMAND,2005,Kharif,Sesamum,3512,523,0.148917995
Rajasthan,RAJSAMAND,2005,Kharif,Small millets,27,16,0.592592593
Rajasthan,RAJSAMAND,2005,Kharif,Soyabean,30,35,1.166666667
Rajasthan,RAJSAMAND,2005,Kharif,Urad,1648,925,0.561286408
Rajasthan,RAJSAMAND,2005,Rabi,Barley,4589,11947,2.603399433
Rajasthan,RAJSAMAND,2005,Rabi,Gram,1199,531,0.442869058
Rajasthan,RAJSAMAND,2005,Rabi,Linseed,15,12,0.8
Rajasthan,RAJSAMAND,2005,Rabi,Peas & beans (Pulses),2,4,2
Rajasthan,RAJSAMAND,2005,Rabi,Rapeseed &Mustard,6720,7178,1.068154762
Rajasthan,RAJSAMAND,2005,Rabi,Wheat,16323,45077,2.761563438
Rajasthan,RAJSAMAND,2005,Whole Year,Coriander,46,48,1.043478261
Rajasthan,RAJSAMAND,2005,Whole Year,Dry chillies,429,149,0.347319347
Rajasthan,RAJSAMAND,2005,Whole Year,Garlic,44,62,1.409090909
Rajasthan,RAJSAMAND,2005,Whole Year,Guar seed,5833,3407,0.584090519
Rajasthan,RAJSAMAND,2005,Whole Year,Onion,57,144,2.526315789
Rajasthan,RAJSAMAND,2005,Whole Year,Potato,6,18,3
Rajasthan,RAJSAMAND,2005,Whole Year,Sannhamp,31,15,0.483870968
Rajasthan,RAJSAMAND,2005,Whole Year,Sugarcane,146,7356,50.38356164
Rajasthan,RAJSAMAND,2005,Whole Year,Tobacco,70,43,0.614285714
Rajasthan,RAJSAMAND,2006,Kharif,Arhar/Tur,19,14,0.736842105
Rajasthan,RAJSAMAND,2006,Kharif,Bajra,523,366,0.699808795
Rajasthan,RAJSAMAND,2006,Kharif,Castor seed,1,,
Rajasthan,RAJSAMAND,2006,Kharif,Cotton(lint),1530,556,0.363398693
Rajasthan,RAJSAMAND,2006,Kharif,Groundnut,3281,3839,1.170070101
Rajasthan,RAJSAMAND,2006,Kharif,Jowar,7639,11614,1.520356068
Rajasthan,RAJSAMAND,2006,Kharif,Maize,62656,81596,1.302285495
Rajasthan,RAJSAMAND,2006,Kharif,Moong(Green Gram),898,320,0.356347439
Rajasthan,RAJSAMAND,2006,Kharif,Moth,7,1,0.142857143
Rajasthan,RAJSAMAND,2006,Kharif,Other Kharif pulses,799,506,0.633291615
Rajasthan,RAJSAMAND,2006,Kharif,Rice,105,165,1.571428571
Rajasthan,RAJSAMAND,2006,Kharif,Sesamum,2913,538,0.184689324
Rajasthan,RAJSAMAND,2006,Kharif,Small millets,23,23,1
Rajasthan,RAJSAMAND,2006,Kharif,Soyabean,12,15,1.25
Rajasthan,RAJSAMAND,2006,Kharif,Urad,1401,229,0.163454675
Rajasthan,RAJSAMAND,2006,Rabi,Barley,7452,16487,2.212426194
Rajasthan,RAJSAMAND,2006,Rabi,Gram,1655,1429,0.863444109
Rajasthan,RAJSAMAND,2006,Rabi,Linseed,2,2,1
Rajasthan,RAJSAMAND,2006,Rabi,Masoor,1,1,1
Rajasthan,RAJSAMAND,2006,Rabi,Peas & beans (Pulses),16,8,0.5
Rajasthan,RAJSAMAND,2006,Rabi,Rapeseed &Mustard,4889,4371,0.894047863
Rajasthan,RAJSAMAND,2006,Rabi,Wheat,36704,116996,3.18755449
Rajasthan,RAJSAMAND,2006,Whole Year,Coriander,59,70,1.186440678
Rajasthan,RAJSAMAND,2006,Whole Year,Dry chillies,439,62,0.141230068
Rajasthan,RAJSAMAND,2006,Whole Year,Garlic,110,220,2
Rajasthan,RAJSAMAND,2006,Whole Year,Guar seed,5482,7171,1.308099234
Rajasthan,RAJSAMAND,2006,Whole Year,Onion,25,84,3.36
Rajasthan,RAJSAMAND,2006,Whole Year,Potato,16,170,10.625
Rajasthan,RAJSAMAND,2006,Whole Year,Sannhamp,24,9,0.375
Rajasthan,RAJSAMAND,2006,Whole Year,Sugarcane,373,26914,72.15549598
Rajasthan,RAJSAMAND,2006,Whole Year,Sweet potato,2,6,3
Rajasthan,RAJSAMAND,2006,Whole Year,Tobacco,49,14,0.285714286
Rajasthan,RAJSAMAND,2007,Kharif,Arhar/Tur,11,3,0.272727273
Rajasthan,RAJSAMAND,2007,Kharif,Bajra,410,340,0.829268293
Rajasthan,RAJSAMAND,2007,Kharif,Castor seed,1,,
Rajasthan,RAJSAMAND,2007,Kharif,Cotton(lint),4473,1776,0.39704896
Rajasthan,RAJSAMAND,2007,Kharif,Groundnut,2574,4234,1.644910645
Rajasthan,RAJSAMAND,2007,Kharif,Jowar,5636,11482,2.037260468
Rajasthan,RAJSAMAND,2007,Kharif,Maize,59537,112558,1.890555453
Rajasthan,RAJSAMAND,2007,Kharif,Moong(Green Gram),719,283,0.393602225
Rajasthan,RAJSAMAND,2007,Kharif,Moth,34,11,0.323529412
Rajasthan,RAJSAMAND,2007,Kharif,Other Kharif pulses,147,53,0.360544218
Rajasthan,RAJSAMAND,2007,Kharif,Rice,160,325,2.03125
Rajasthan,RAJSAMAND,2007,Kharif,Sesamum,2280,600,0.263157895
Rajasthan,RAJSAMAND,2007,Kharif,Small millets,557,557,1
Rajasthan,RAJSAMAND,2007,Kharif,Soyabean,29,39,1.344827586
Rajasthan,RAJSAMAND,2007,Kharif,Urad,1332,256,0.192192192
Rajasthan,RAJSAMAND,2007,Rabi,Barley,7168,14316,1.997209821
Rajasthan,RAJSAMAND,2007,Rabi,Gram,1434,669,0.466527197
Rajasthan,RAJSAMAND,2007,Rabi,Linseed,12,9,0.75
Rajasthan,RAJSAMAND,2007,Rabi,other oilseeds,207,56,0.270531401
Rajasthan,RAJSAMAND,2007,Rabi,Rapeseed &Mustard,3681,4018,1.091551209
Rajasthan,RAJSAMAND,2007,Rabi,Wheat,34420,107093,3.111359675
Rajasthan,RAJSAMAND,2007,Whole Year,Banana,1,,
Rajasthan,RAJSAMAND,2007,Whole Year,Coriander,24,19,0.791666667
Rajasthan,RAJSAMAND,2007,Whole Year,Dry chillies,395,252,0.637974684
Rajasthan,RAJSAMAND,2007,Whole Year,Garlic,244,331,1.356557377
Rajasthan,RAJSAMAND,2007,Whole Year,Guar seed,8498,7309,0.860084726
Rajasthan,RAJSAMAND,2007,Whole Year,Onion,29,90,3.103448276
Rajasthan,RAJSAMAND,2007,Whole Year,Potato,15,45,3
Rajasthan,RAJSAMAND,2007,Whole Year,Sannhamp,25,10,0.4
Rajasthan,RAJSAMAND,2007,Whole Year,Sugarcane,565,40684,72.00707965
Rajasthan,RAJSAMAND,2007,Whole Year,Sweet potato,7,14,2
Rajasthan,RAJSAMAND,2007,Whole Year,Tobacco,7,17,2.428571429
Rajasthan,RAJSAMAND,2007,Whole Year,Turmeric,2,5,2.5
Rajasthan,RAJSAMAND,2008,Kharif,Arhar/Tur,6,,
Rajasthan,RAJSAMAND,2008,Kharif,Bajra,497,410,0.824949698
Rajasthan,RAJSAMAND,2008,Kharif,Cotton(lint),8192,3340,0.407714844
Rajasthan,RAJSAMAND,2008,Kharif,Groundnut,2054,1841,0.896299903
Rajasthan,RAJSAMAND,2008,Kharif,Jowar,5349,8607,1.60908581
Rajasthan,RAJSAMAND,2008,Kharif,Maize,56464,70778,1.253506659
Rajasthan,RAJSAMAND,2008,Kharif,Moong(Green Gram),618,260,0.420711974
Rajasthan,RAJSAMAND,2008,Kharif,Moth,6,2,0.333333333
Rajasthan,RAJSAMAND,2008,Kharif,Other Kharif pulses,70,37,0.528571429
Rajasthan,RAJSAMAND,2008,Kharif,Rice,105,190,1.80952381
Rajasthan,RAJSAMAND,2008,Kharif,Sesamum,2439,470,0.192701927
Rajasthan,RAJSAMAND,2008,Kharif,Small millets,484,43,0.088842975
Rajasthan,RAJSAMAND,2008,Kharif,Soyabean,1,1,1
Rajasthan,RAJSAMAND,2008,Kharif,Urad,1166,255,0.218696398
Rajasthan,RAJSAMAND,2008,Rabi,Barley,2931,5427,1.851586489
Rajasthan,RAJSAMAND,2008,Rabi,Gram,400,312,0.78
Rajasthan,RAJSAMAND,2008,Rabi,other oilseeds,62,23,0.370967742
Rajasthan,RAJSAMAND,2008,Rabi,Rapeseed &Mustard,2374,1444,0.608256108
Rajasthan,RAJSAMAND,2008,Rabi,Wheat,12069,26966,2.234319331
Rajasthan,RAJSAMAND,2008,Whole Year,Banana,1,,
Rajasthan,RAJSAMAND,2008,Whole Year,Coriander,25,28,1.12
Rajasthan,RAJSAMAND,2008,Whole Year,Dry chillies,360,188,0.522222222
Rajasthan,RAJSAMAND,2008,Whole Year,Garlic,152,184,1.210526316
Rajasthan,RAJSAMAND,2008,Whole Year,Guar seed,6874,5229,0.760692464
Rajasthan,RAJSAMAND,2008,Whole Year,Onion,5,13,2.6
Rajasthan,RAJSAMAND,2008,Whole Year,Potato,2,6,3
Rajasthan,RAJSAMAND,2008,Whole Year,Sannhamp,31,14,0.451612903
Rajasthan,RAJSAMAND,2008,Whole Year,Sugarcane,523,30026,57.41108987
Rajasthan,RAJSAMAND,2008,Whole Year,Sweet potato,1,,
Rajasthan,RAJSAMAND,2008,Whole Year,Tobacco,38,11,0.289473684
Rajasthan,RAJSAMAND,2009,Kharif,Bajra,458,180,0.3930131
Rajasthan,RAJSAMAND,2009,Kharif,Castor seed,2,1,0.5
Rajasthan,RAJSAMAND,2009,Kharif,Cotton(lint),6525,2255,0.34559387
Rajasthan,RAJSAMAND,2009,Kharif,Groundnut,1803,1475,0.818080976
Rajasthan,RAJSAMAND,2009,Kharif,Jowar,6575,4582,0.696882129
Rajasthan,RAJSAMAND,2009,Kharif,Maize,59590,59198,0.993421715
Rajasthan,RAJSAMAND,2009,Kharif,Moong(Green Gram),663,35,0.052790347
Rajasthan,RAJSAMAND,2009,Kharif,Moth,12,,
Rajasthan,RAJSAMAND,2009,Kharif,Other Kharif pulses,77,7,0.090909091
Rajasthan,RAJSAMAND,2009,Kharif,Rice,61,92,1.508196721
Rajasthan,RAJSAMAND,2009,Kharif,Sesamum,2053,317,0.154408183
Rajasthan,RAJSAMAND,2009,Kharif,Small millets,421,75,0.178147268
Rajasthan,RAJSAMAND,2009,Kharif,Soyabean,1,,
Rajasthan,RAJSAMAND,2009,Kharif,Urad,1148,55,0.047909408
Rajasthan,RAJSAMAND,2009,Rabi,Barley,1428,2834,1.984593838
Rajasthan,RAJSAMAND,2009,Rabi,Gram,173,105,0.606936416
Rajasthan,RAJSAMAND,2009,Rabi,other oilseeds,46,17,0.369565217
Rajasthan,RAJSAMAND,2009,Rabi,Rapeseed &Mustard,970,697,0.718556701
Rajasthan,RAJSAMAND,2009,Rabi,Wheat,6461,16811,2.601919208
Rajasthan,RAJSAMAND,2009,Whole Year,Banana,1,,
Rajasthan,RAJSAMAND,2009,Whole Year,Coriander,19,10,0.526315789
Rajasthan,RAJSAMAND,2009,Whole Year,Dry chillies,330,10,0.03030303
Rajasthan,RAJSAMAND,2009,Whole Year,Garlic,30,90,3
Rajasthan,RAJSAMAND,2009,Whole Year,Guar seed,4557,1449,0.31797235
Rajasthan,RAJSAMAND,2009,Whole Year,Onion,21,60,2.857142857
Rajasthan,RAJSAMAND,2009,Whole Year,Potato,5,15,3
Rajasthan,RAJSAMAND,2009,Whole Year,Sannhamp,14,3,0.214285714
Rajasthan,RAJSAMAND,2009,Whole Year,Sugarcane,301,13613,45.22591362
Rajasthan,RAJSAMAND,2009,Whole Year,Tobacco,53,11,0.20754717
Rajasthan,RAJSAMAND,2009,Whole Year,Turmeric,1,,
Rajasthan,RAJSAMAND,2010,Kharif,Bajra,453,502,1.10816777
Rajasthan,RAJSAMAND,2010,Kharif,Cotton(lint),2871,1835,0.639150122
Rajasthan,RAJSAMAND,2010,Kharif,Groundnut,1895,1884,0.994195251
Rajasthan,RAJSAMAND,2010,Kharif,Jowar,8310,11919,1.434296029
Rajasthan,RAJSAMAND,2010,Kharif,Maize,63620,78298,1.230713612
Rajasthan,RAJSAMAND,2010,Kharif,Moong(Green Gram),771,479,0.621271077
Rajasthan,RAJSAMAND,2010,Kharif,Moth,26,13,0.5
Rajasthan,RAJSAMAND,2010,Kharif,Other Kharif pulses,105,55,0.523809524
Rajasthan,RAJSAMAND,2010,Kharif,Rice,86,174,2.023255814
Rajasthan,RAJSAMAND,2010,Kharif,Sesamum,2263,901,0.398144057
Rajasthan,RAJSAMAND,2010,Kharif,Small millets,377,188,0.49867374
Rajasthan,RAJSAMAND,2010,Kharif,Urad,1268,970,0.764984227
Rajasthan,RAJSAMAND,2010,Rabi,Barley,8472,15174,1.791076487
Rajasthan,RAJSAMAND,2010,Rabi,Gram,1338,1201,0.897608371
Rajasthan,RAJSAMAND,2010,Rabi,Linseed,22,112,5.090909091
Rajasthan,RAJSAMAND,2010,Rabi,other oilseeds,5633,2305,0.40919581
Rajasthan,RAJSAMAND,2010,Rabi,Rapeseed &Mustard,3974,6198,1.559637645
Rajasthan,RAJSAMAND,2010,Rabi,Wheat,31898,104462,3.274876168
Rajasthan,RAJSAMAND,2010,Whole Year,Coriander,31,34,1.096774194
Rajasthan,RAJSAMAND,2010,Whole Year,Dry chillies,400,269,0.6725
Rajasthan,RAJSAMAND,2010,Whole Year,Garlic,112,336,3
Rajasthan,RAJSAMAND,2010,Whole Year,Guar seed,3889,2010,0.516842376
Rajasthan,RAJSAMAND,2010,Whole Year,Onion,21,63,3
Rajasthan,RAJSAMAND,2010,Whole Year,Potato,11,33,3
Rajasthan,RAJSAMAND,2010,Whole Year,Sannhamp,17,8,0.470588235
Rajasthan,RAJSAMAND,2010,Whole Year,Sugarcane,183,12479,68.19125683
Rajasthan,RAJSAMAND,2010,Whole Year,Tobacco,56,59,1.053571429
Rajasthan,SAWAI MADHOPUR,1997,Kharif,Arhar/Tur,600,200,0.333333333
Rajasthan,SAWAI MADHOPUR,1997,Kharif,Bajra,46500,149000,3.204301075
Rajasthan,SAWAI MADHOPUR,1997,Kharif,Groundnut,24400,33700,1.381147541
Rajasthan,SAWAI MADHOPUR,1997,Kharif,Jowar,11800,11600,0.983050847
Rajasthan,SAWAI MADHOPUR,1997,Kharif,Maize,1200,2300,1.916666667
Rajasthan,SAWAI MADHOPUR,1997,Kharif,Onion,100,300,3
Rajasthan,SAWAI MADHOPUR,1997,Kharif,Rice,200,2100,10.5
Rajasthan,SAWAI MADHOPUR,1997,Kharif,Sesamum,1000,1800,1.8
Rajasthan,SAWAI MADHOPUR,1997,Kharif,Soyabean,700,900,1.285714286
Rajasthan,SAWAI MADHOPUR,1997,Kharif,Sugarcane,300,35600,118.6666667
Rajasthan,SAWAI MADHOPUR,1997,Rabi,Barley,2200,3700,1.681818182
Rajasthan,SAWAI MADHOPUR,1997,Rabi,Gram,22300,20800,0.932735426
Rajasthan,SAWAI MADHOPUR,1997,Rabi,Linseed,300,100,0.333333333
Rajasthan,SAWAI MADHOPUR,1997,Rabi,Rapeseed &Mustard,164400,86500,0.526155718
Rajasthan,SAWAI MADHOPUR,1997,Rabi,Wheat,62400,170400,2.730769231
Rajasthan,SAWAI MADHOPUR,1998,Kharif,Arhar/Tur,1394,1847,1.324964132
Rajasthan,SAWAI MADHOPUR,1998,Kharif,Bajra,43460,51160,1.177174413
Rajasthan,SAWAI MADHOPUR,1998,Kharif,Cotton(lint),1,,
Rajasthan,SAWAI MADHOPUR,1998,Kharif,Groundnut,28462,31481,1.106071253
Rajasthan,SAWAI MADHOPUR,1998,Kharif,Jowar,8067,7474,0.926490641
Rajasthan,SAWAI MADHOPUR,1998,Kharif,Maize,1210,1307,1.080165289
Rajasthan,SAWAI MADHOPUR,1998,Kharif,Moong(Green Gram),723,75,0.10373444
Rajasthan,SAWAI MADHOPUR,1998,Kharif,Moth,254,30,0.118110236
Rajasthan,SAWAI MADHOPUR,1998,Kharif,Other Kharif pulses,20,4,0.2
Rajasthan,SAWAI MADHOPUR,1998,Kharif,Rice,1579,1930,1.22229259
Rajasthan,SAWAI MADHOPUR,1998,Kharif,Sannhamp,31,15,0.483870968
Rajasthan,SAWAI MADHOPUR,1998,Kharif,Sesamum,2293,168,0.073266463
Rajasthan,SAWAI MADHOPUR,1998,Kharif,Soyabean,4981,6552,1.315398514
Rajasthan,SAWAI MADHOPUR,1998,Kharif,Urad,4859,2816,0.579543116
Rajasthan,SAWAI MADHOPUR,1998,Rabi,Barley,2571,4736,1.842084792
Rajasthan,SAWAI MADHOPUR,1998,Rabi,Gram,43308,55736,1.286967766
Rajasthan,SAWAI MADHOPUR,1998,Rabi,Linseed,385,312,0.81038961
Rajasthan,SAWAI MADHOPUR,1998,Rabi,Masoor,90,96,1.066666667
Rajasthan,SAWAI MADHOPUR,1998,Rabi,Other  Rabi pulses,115,57,0.495652174
Rajasthan,SAWAI MADHOPUR,1998,Rabi,Peas & beans (Pulses),42,40,0.952380952
Rajasthan,SAWAI MADHOPUR,1998,Rabi,Rapeseed &Mustard,120592,105464,0.874552209
Rajasthan,SAWAI MADHOPUR,1998,Rabi,Tobacco,12,12,1
Rajasthan,SAWAI MADHOPUR,1998,Rabi,Wheat,87805,197926,2.254154091
Rajasthan,SAWAI MADHOPUR,1998,Whole Year,Coriander,194,176,0.907216495
Rajasthan,SAWAI MADHOPUR,1998,Whole Year,Dry chillies,1361,4175,3.067597355
Rajasthan,SAWAI MADHOPUR,1998,Whole Year,Garlic,26,51,1.961538462
Rajasthan,SAWAI MADHOPUR,1998,Whole Year,Onion,75,221,2.946666667
Rajasthan,SAWAI MADHOPUR,1998,Whole Year,Potato,19,25,1.315789474
Rajasthan,SAWAI MADHOPUR,1998,Whole Year,Sugarcane,278,14525,52.24820144
Rajasthan,SAWAI MADHOPUR,1998,Whole Year,Sweet potato,44,87,1.977272727
Rajasthan,SAWAI MADHOPUR,1998,Whole Year,Turmeric,3,3,1
Rajasthan,SAWAI MADHOPUR,1999,Kharif,Arhar/Tur,2884,1441,0.499653259
Rajasthan,SAWAI MADHOPUR,1999,Kharif,Bajra,39442,43525,1.103519091
Rajasthan,SAWAI MADHOPUR,1999,Kharif,Groundnut,24276,23822,0.981298402
Rajasthan,SAWAI MADHOPUR,1999,Kharif,Jowar,4481,4706,1.050212006
Rajasthan,SAWAI MADHOPUR,1999,Kharif,Maize,1091,1132,1.037580202
Rajasthan,SAWAI MADHOPUR,1999,Kharif,Moong(Green Gram),471,47,0.099787686
Rajasthan,SAWAI MADHOPUR,1999,Kharif,Moth,119,5,0.042016807
Rajasthan,SAWAI MADHOPUR,1999,Kharif,Other Kharif pulses,19,2,0.105263158
Rajasthan,SAWAI MADHOPUR,1999,Kharif,Rice,1142,1441,1.261821366
Rajasthan,SAWAI MADHOPUR,1999,Kharif,Sesamum,5368,396,0.073770492
Rajasthan,SAWAI MADHOPUR,1999,Kharif,Soyabean,2547,3109,1.220651747
Rajasthan,SAWAI MADHOPUR,1999,Kharif,Urad,2122,909,0.428369463
Rajasthan,SAWAI MADHOPUR,1999,Rabi,Barley,1655,2021,1.221148036
Rajasthan,SAWAI MADHOPUR,1999,Rabi,Gram,20316,20105,0.989614097
Rajasthan,SAWAI MADHOPUR,1999,Rabi,Linseed,113,70,0.619469027
Rajasthan,SAWAI MADHOPUR,1999,Rabi,Masoor,68,38,0.558823529
Rajasthan,SAWAI MADHOPUR,1999,Rabi,Other  Rabi pulses,15,8,0.533333333
Rajasthan,SAWAI MADHOPUR,1999,Rabi,Peas & beans (Pulses),48,46,0.958333333
Rajasthan,SAWAI MADHOPUR,1999,Rabi,Rapeseed &Mustard,160272,110547,0.689746181
Rajasthan,SAWAI MADHOPUR,1999,Rabi,Wheat,75275,185096,2.458930588
Rajasthan,SAWAI MADHOPUR,1999,Whole Year,Coriander,30,14,0.466666667
Rajasthan,SAWAI MADHOPUR,1999,Whole Year,Dry chillies,1997,5825,2.916875313
Rajasthan,SAWAI MADHOPUR,1999,Whole Year,Garlic,87,174,2
Rajasthan,SAWAI MADHOPUR,1999,Whole Year,Guar seed,12310,6109,0.496263201
Rajasthan,SAWAI MADHOPUR,1999,Whole Year,Onion,60,177,2.95
Rajasthan,SAWAI MADHOPUR,1999,Whole Year,Potato,10,30,3
Rajasthan,SAWAI MADHOPUR,1999,Whole Year,Sannhamp,18,8,0.444444444
Rajasthan,SAWAI MADHOPUR,1999,Whole Year,Sugarcane,226,13699,60.61504425
Rajasthan,SAWAI MADHOPUR,1999,Whole Year,Sweet potato,30,58,1.933333333
Rajasthan,SAWAI MADHOPUR,1999,Whole Year,Tapioca,11,22,2
Rajasthan,SAWAI MADHOPUR,1999,Whole Year,Tobacco,19,19,1
Rajasthan,SAWAI MADHOPUR,1999,Whole Year,Turmeric,1,1,1
Rajasthan,SAWAI MADHOPUR,2000,Kharif,Arhar/Tur,3328,518,0.155649038
Rajasthan,SAWAI MADHOPUR,2000,Kharif,Bajra,61111,52116,0.852808823
Rajasthan,SAWAI MADHOPUR,2000,Kharif,Cotton(lint),3,6,2
Rajasthan,SAWAI MADHOPUR,2000,Kharif,Groundnut,13701,9848,0.718779651
Rajasthan,SAWAI MADHOPUR,2000,Kharif,Jowar,8170,4326,0.529498164
Rajasthan,SAWAI MADHOPUR,2000,Kharif,Maize,1107,1159,1.046973803
Rajasthan,SAWAI MADHOPUR,2000,Kharif,Moong(Green Gram),353,61,0.172804533
Rajasthan,SAWAI MADHOPUR,2000,Kharif,Moth,136,20,0.147058824
Rajasthan,SAWAI MADHOPUR,2000,Kharif,Other Kharif pulses,13,3,0.230769231
Rajasthan,SAWAI MADHOPUR,2000,Kharif,Rice,216,202,0.935185185
Rajasthan,SAWAI MADHOPUR,2000,Kharif,Sesamum,8262,1137,0.13761801
Rajasthan,SAWAI MADHOPUR,2000,Kharif,Soyabean,1762,1219,0.691827469
Rajasthan,SAWAI MADHOPUR,2000,Kharif,Urad,1935,809,0.418087855
Rajasthan,SAWAI MADHOPUR,2000,Rabi,Barley,1958,2131,1.088355465
Rajasthan,SAWAI MADHOPUR,2000,Rabi,Gram,22828,15118,0.662256878
Rajasthan,SAWAI MADHOPUR,2000,Rabi,Linseed,50,16,0.32
Rajasthan,SAWAI MADHOPUR,2000,Rabi,Masoor,55,28,0.509090909
Rajasthan,SAWAI MADHOPUR,2000,Rabi,Other  Rabi pulses,6,6,1
Rajasthan,SAWAI MADHOPUR,2000,Rabi,Peas & beans (Pulses),35,32,0.914285714
Rajasthan,SAWAI MADHOPUR,2000,Rabi,Rapeseed &Mustard,94531,55298,0.584972126
Rajasthan,SAWAI MADHOPUR,2000,Rabi,Wheat,66197,111612,1.686058281
Rajasthan,SAWAI MADHOPUR,2000,Whole Year,Coriander,44,14,0.318181818
Rajasthan,SAWAI MADHOPUR,2000,Whole Year,Dry chillies,2069,6126,2.960850652
Rajasthan,SAWAI MADHOPUR,2000,Whole Year,Garlic,21,39,1.857142857
Rajasthan,SAWAI MADHOPUR,2000,Whole Year,Guar seed,15861,3016,0.190151945
Rajasthan,SAWAI MADHOPUR,2000,Whole Year,Onion,74,195,2.635135135
Rajasthan,SAWAI MADHOPUR,2000,Whole Year,Potato,17,36,2.117647059
Rajasthan,SAWAI MADHOPUR,2000,Whole Year,Sannhamp,27,8,0.296296296
Rajasthan,SAWAI MADHOPUR,2000,Whole Year,Sugarcane,109,9388,86.12844037
Rajasthan,SAWAI MADHOPUR,2000,Whole Year,Sweet potato,10,19,1.9
Rajasthan,SAWAI MADHOPUR,2000,Whole Year,Tobacco,16,16,1
Rajasthan,SAWAI MADHOPUR,2001,Kharif,Arhar/Tur,2719,630,0.231702832
Rajasthan,SAWAI MADHOPUR,2001,Kharif,Bajra,53003,49561,0.93506028
Rajasthan,SAWAI MADHOPUR,2001,Kharif,Castor seed,1,1,1
Rajasthan,SAWAI MADHOPUR,2001,Kharif,Groundnut,22351,23917,1.070063979
Rajasthan,SAWAI MADHOPUR,2001,Kharif,Jowar,6278,4253,0.677445046
Rajasthan,SAWAI MADHOPUR,2001,Kharif,Maize,917,1333,1.453653217
Rajasthan,SAWAI MADHOPUR,2001,Kharif,Moong(Green Gram),398,117,0.293969849
Rajasthan,SAWAI MADHOPUR,2001,Kharif,Moth,174,41,0.235632184
Rajasthan,SAWAI MADHOPUR,2001,Kharif,Other Kharif pulses,15,5,0.333333333
Rajasthan,SAWAI MADHOPUR,2001,Kharif,Rice,355,443,1.247887324
Rajasthan,SAWAI MADHOPUR,2001,Kharif,Sesamum,15543,5331,0.34298398
Rajasthan,SAWAI MADHOPUR,2001,Kharif,Soyabean,1436,1567,1.091225627
Rajasthan,SAWAI MADHOPUR,2001,Kharif,Urad,6490,2089,0.321879815
Rajasthan,SAWAI MADHOPUR,2001,Rabi,Barley,1367,2950,2.158010241
Rajasthan,SAWAI MADHOPUR,2001,Rabi,Gram,26172,34818,1.330353049
Rajasthan,SAWAI MADHOPUR,2001,Rabi,Linseed,35,26,0.742857143
Rajasthan,SAWAI MADHOPUR,2001,Rabi,Masoor,48,43,0.895833333
Rajasthan,SAWAI MADHOPUR,2001,Rabi,Other  Rabi pulses,11,11,1
Rajasthan,SAWAI MADHOPUR,2001,Rabi,Peas & beans (Pulses),62,63,1.016129032
Rajasthan,SAWAI MADHOPUR,2001,Rabi,Rapeseed &Mustard,120515,104260,0.865120524
Rajasthan,SAWAI MADHOPUR,2001,Rabi,Wheat,62102,116887,1.882177708
Rajasthan,SAWAI MADHOPUR,2001,Whole Year,Coriander,203,82,0.403940887
Rajasthan,SAWAI MADHOPUR,2001,Whole Year,Dry chillies,2048,6138,2.997070313
Rajasthan,SAWAI MADHOPUR,2001,Whole Year,Garlic,42,42,1
Rajasthan,SAWAI MADHOPUR,2001,Whole Year,Guar seed,8353,3427,0.410271759
Rajasthan,SAWAI MADHOPUR,2001,Whole Year,Onion,103,280,2.718446602
Rajasthan,SAWAI MADHOPUR,2001,Whole Year,Potato,13,39,3
Rajasthan,SAWAI MADHOPUR,2001,Whole Year,Sannhamp,31,14,0.451612903
Rajasthan,SAWAI MADHOPUR,2001,Whole Year,Sugarcane,45,3409,75.75555556
Rajasthan,SAWAI MADHOPUR,2001,Whole Year,Sweet potato,15,30,2
Rajasthan,SAWAI MADHOPUR,2001,Whole Year,Tobacco,25,25,1
Rajasthan,SAWAI MADHOPUR,2002,Kharif,Arhar/Tur,1576,85,0.05393401
Rajasthan,SAWAI MADHOPUR,2002,Kharif,Bajra,58966,21186,0.359291795
Rajasthan,SAWAI MADHOPUR,2002,Kharif,Cotton(lint),3,,
Rajasthan,SAWAI MADHOPUR,2002,Kharif,Groundnut,13211,3014,0.228143214
Rajasthan,SAWAI MADHOPUR,2002,Kharif,Jowar,5955,910,0.152812762
Rajasthan,SAWAI MADHOPUR,2002,Kharif,Maize,788,697,0.884517766
Rajasthan,SAWAI MADHOPUR,2002,Kharif,Moong(Green Gram),222,14,0.063063063
Rajasthan,SAWAI MADHOPUR,2002,Kharif,Moth,74,3,0.040540541
Rajasthan,SAWAI MADHOPUR,2002,Kharif,Other Kharif pulses,7,1,0.142857143
Rajasthan,SAWAI MADHOPUR,2002,Kharif,Rice,17,14,0.823529412
Rajasthan,SAWAI MADHOPUR,2002,Kharif,Sesamum,9780,97,0.0099182
Rajasthan,SAWAI MADHOPUR,2002,Kharif,Soyabean,602,302,0.50166113
Rajasthan,SAWAI MADHOPUR,2002,Kharif,Urad,6185,72,0.011641067
Rajasthan,SAWAI MADHOPUR,2002,Rabi,Barley,1813,3107,1.713734142
Rajasthan,SAWAI MADHOPUR,2002,Rabi,Gram,8087,9106,1.126004699
Rajasthan,SAWAI MADHOPUR,2002,Rabi,Linseed,15,11,0.733333333
Rajasthan,SAWAI MADHOPUR,2002,Rabi,Masoor,5,5,1
Rajasthan,SAWAI MADHOPUR,2002,Rabi,Other  Rabi pulses,4,0,0
Rajasthan,SAWAI MADHOPUR,2002,Rabi,Peas & beans (Pulses),28,31,1.107142857
Rajasthan,SAWAI MADHOPUR,2002,Rabi,Rapeseed &Mustard,24981,14439,0.577999279
Rajasthan,SAWAI MADHOPUR,2002,Rabi,Wheat,54227,82843,1.5277076
Rajasthan,SAWAI MADHOPUR,2002,Whole Year,Coriander,32,16,0.5
Rajasthan,SAWAI MADHOPUR,2002,Whole Year,Dry chillies,570,1076,1.887719298
Rajasthan,SAWAI MADHOPUR,2002,Whole Year,Garlic,29,49,1.689655172
Rajasthan,SAWAI MADHOPUR,2002,Whole Year,Guar seed,719,1,0.001390821
Rajasthan,SAWAI MADHOPUR,2002,Whole Year,Onion,79,343,4.341772152
Rajasthan,SAWAI MADHOPUR,2002,Whole Year,Other Fresh Fruits,218,0,0
Rajasthan,SAWAI MADHOPUR,2002,Whole Year,Other Vegetables,851,0,0
Rajasthan,SAWAI MADHOPUR,2002,Whole Year,Potato,10,30,3
Rajasthan,SAWAI MADHOPUR,2002,Whole Year,Sannhamp,14,2,0.142857143
Rajasthan,SAWAI MADHOPUR,2002,Whole Year,Sugarcane,21,614,29.23809524
Rajasthan,SAWAI MADHOPUR,2002,Whole Year,Sweet potato,7,14,2
Rajasthan,SAWAI MADHOPUR,2002,Whole Year,Tobacco,40,40,1
Rajasthan,SAWAI MADHOPUR,2002,Whole Year,Water Melon,27,0,0
Rajasthan,SAWAI MADHOPUR,2003,Kharif,Arhar/Tur,1979,990,0.500252653
Rajasthan,SAWAI MADHOPUR,2003,Kharif,Bajra,105275,187354,1.779662788
Rajasthan,SAWAI MADHOPUR,2003,Kharif,Castor seed,1,1,1
Rajasthan,SAWAI MADHOPUR,2003,Kharif,Cotton(lint),1,,
Rajasthan,SAWAI MADHOPUR,2003,Kharif,Groundnut,4496,2605,0.579403915
Rajasthan,SAWAI MADHOPUR,2003,Kharif,Jowar,7515,9714,1.29261477
Rajasthan,SAWAI MADHOPUR,2003,Kharif,Maize,934,1740,1.862955032
Rajasthan,SAWAI MADHOPUR,2003,Kharif,Moong(Green Gram),475,294,0.618947368
Rajasthan,SAWAI MADHOPUR,2003,Kharif,Moth,30,16,0.533333333
Rajasthan,SAWAI MADHOPUR,2003,Kharif,Other Kharif pulses,7,4,0.571428571
Rajasthan,SAWAI MADHOPUR,2003,Kharif,Rice,158,261,1.651898734
Rajasthan,SAWAI MADHOPUR,2003,Kharif,Sesamum,14633,8751,0.598031846
Rajasthan,SAWAI MADHOPUR,2003,Kharif,Soyabean,649,908,1.399075501
Rajasthan,SAWAI MADHOPUR,2003,Kharif,Urad,6627,3287,0.496001207
Rajasthan,SAWAI MADHOPUR,2003,Rabi,Barley,1748,3571,2.042906178
Rajasthan,SAWAI MADHOPUR,2003,Rabi,Gram,28622,28703,1.002829991
Rajasthan,SAWAI MADHOPUR,2003,Rabi,Linseed,26,17,0.653846154
Rajasthan,SAWAI MADHOPUR,2003,Rabi,Masoor,28,35,1.25
Rajasthan,SAWAI MADHOPUR,2003,Rabi,Peas & beans (Pulses),61,87,1.426229508
Rajasthan,SAWAI MADHOPUR,2003,Rabi,Rapeseed &Mustard,123410,137956,1.117867272
Rajasthan,SAWAI MADHOPUR,2003,Rabi,Wheat,60948,130252,2.137100479
Rajasthan,SAWAI MADHOPUR,2003,Whole Year,Coriander,281,349,1.241992883
Rajasthan,SAWAI MADHOPUR,2003,Whole Year,Dry chillies,2121,6363,3
Rajasthan,SAWAI MADHOPUR,2003,Whole Year,Garlic,7,14,2
Rajasthan,SAWAI MADHOPUR,2003,Whole Year,Guar seed,5395,,
Rajasthan,SAWAI MADHOPUR,2003,Whole Year,Onion,81,384,4.740740741
Rajasthan,SAWAI MADHOPUR,2003,Whole Year,Other Fresh Fruits,204,0,0
Rajasthan,SAWAI MADHOPUR,2003,Whole Year,other oilseeds,1429,840,0.587823653
Rajasthan,SAWAI MADHOPUR,2003,Whole Year,Other Vegetables,982,0,0
Rajasthan,SAWAI MADHOPUR,2003,Whole Year,Potato,4,12,3
Rajasthan,SAWAI MADHOPUR,2003,Whole Year,Sannhamp,7,4,0.571428571
Rajasthan,SAWAI MADHOPUR,2003,Whole Year,Sugarcane,19,1324,69.68421053
Rajasthan,SAWAI MADHOPUR,2003,Whole Year,Sweet potato,14,28,2
Rajasthan,SAWAI MADHOPUR,2003,Whole Year,Tobacco,25,,
Rajasthan,SAWAI MADHOPUR,2003,Whole Year,Water Melon,22,0,0
Rajasthan,SAWAI MADHOPUR,2004,Kharif,Arhar/Tur,407,204,0.501228501
Rajasthan,SAWAI MADHOPUR,2004,Kharif,Bajra,48386,91530,1.891662878
Rajasthan,SAWAI MADHOPUR,2004,Kharif,Groundnut,5448,6867,1.260462555
Rajasthan,SAWAI MADHOPUR,2004,Kharif,Jowar,1770,2685,1.516949153
Rajasthan,SAWAI MADHOPUR,2004,Kharif,Maize,815,986,1.209815951
Rajasthan,SAWAI MADHOPUR,2004,Kharif,Moong(Green Gram),116,32,0.275862069
Rajasthan,SAWAI MADHOPUR,2004,Kharif,Moth,39,5,0.128205128
Rajasthan,SAWAI MADHOPUR,2004,Kharif,Other Kharif pulses,7,2,0.285714286
Rajasthan,SAWAI MADHOPUR,2004,Kharif,Rice,143,212,1.482517483
Rajasthan,SAWAI MADHOPUR,2004,Kharif,Sesamum,12457,4924,0.395279762
Rajasthan,SAWAI MADHOPUR,2004,Kharif,Soyabean,772,1100,1.424870466
Rajasthan,SAWAI MADHOPUR,2004,Kharif,Urad,2094,1421,0.67860554
Rajasthan,SAWAI MADHOPUR,2004,Rabi,Barley,742,873,1.176549865
Rajasthan,SAWAI MADHOPUR,2004,Rabi,Gram,6202,4057,0.654143825
Rajasthan,SAWAI MADHOPUR,2004,Rabi,Linseed,6,4,0.666666667
Rajasthan,SAWAI MADHOPUR,2004,Rabi,Masoor,18,18,1
Rajasthan,SAWAI MADHOPUR,2004,Rabi,Other  Rabi pulses,26,39,1.5
Rajasthan,SAWAI MADHOPUR,2004,Rabi,Rapeseed &Mustard,208962,212538,1.017113159
Rajasthan,SAWAI MADHOPUR,2004,Rabi,Wheat,44021,78218,1.776833784
Rajasthan,SAWAI MADHOPUR,2004,Whole Year,Coriander,58,67,1.155172414
Rajasthan,SAWAI MADHOPUR,2004,Whole Year,Dry chillies,2239,6716,2.999553372
Rajasthan,SAWAI MADHOPUR,2004,Whole Year,Garlic,16,26,1.625
Rajasthan,SAWAI MADHOPUR,2004,Whole Year,Guar seed,2313,1165,0.503674881
Rajasthan,SAWAI MADHOPUR,2004,Whole Year,Onion,56,205,3.660714286
Rajasthan,SAWAI MADHOPUR,2004,Whole Year,Potato,6,6,1
Rajasthan,SAWAI MADHOPUR,2004,Whole Year,Sannhamp,27,14,0.518518519
Rajasthan,SAWAI MADHOPUR,2004,Whole Year,Sugarcane,28,1849,66.03571429
Rajasthan,SAWAI MADHOPUR,2004,Whole Year,Sweet potato,70,210,3
Rajasthan,SAWAI MADHOPUR,2004,Whole Year,Tobacco,29,4,0.137931034
Rajasthan,SAWAI MADHOPUR,2005,Kharif,Arhar/Tur,634,317,0.5
Rajasthan,SAWAI MADHOPUR,2005,Kharif,Bajra,58058,85148,1.466602363
Rajasthan,SAWAI MADHOPUR,2005,Kharif,Castor seed,6,6,1
Rajasthan,SAWAI MADHOPUR,2005,Kharif,Cotton(lint),4,5,1.25
Rajasthan,SAWAI MADHOPUR,2005,Kharif,Groundnut,6953,6991,1.005465267
Rajasthan,SAWAI MADHOPUR,2005,Kharif,Jowar,2702,3233,1.196521095
Rajasthan,SAWAI MADHOPUR,2005,Kharif,Maize,626,687,1.097444089
Rajasthan,SAWAI MADHOPUR,2005,Kharif,Moong(Green Gram),132,21,0.159090909
Rajasthan,SAWAI MADHOPUR,2005,Kharif,Moth,72,9,0.125
Rajasthan,SAWAI MADHOPUR,2005,Kharif,Other Kharif pulses,8,2,0.25
Rajasthan,SAWAI MADHOPUR,2005,Kharif,Rice,210,308,1.466666667
Rajasthan,SAWAI MADHOPUR,2005,Kharif,Sesamum,9044,3838,0.424369748
Rajasthan,SAWAI MADHOPUR,2005,Kharif,Soyabean,2090,2405,1.150717703
Rajasthan,SAWAI MADHOPUR,2005,Kharif,Urad,1781,1514,0.850084222
Rajasthan,SAWAI MADHOPUR,2005,Rabi,Barley,878,1439,1.638952164
Rajasthan,SAWAI MADHOPUR,2005,Rabi,Gram,3149,2957,0.939028263
Rajasthan,SAWAI MADHOPUR,2005,Rabi,Linseed,1,1,1
Rajasthan,SAWAI MADHOPUR,2005,Rabi,Masoor,4,4,1
Rajasthan,SAWAI MADHOPUR,2005,Rabi,Peas & beans (Pulses),40,40,1
Rajasthan,SAWAI MADHOPUR,2005,Rabi,Rapeseed &Mustard,217067,272729,1.256427739
Rajasthan,SAWAI MADHOPUR,2005,Rabi,Wheat,44491,90111,2.025375919
Rajasthan,SAWAI MADHOPUR,2005,Whole Year,Coriander,65,68,1.046153846
Rajasthan,SAWAI MADHOPUR,2005,Whole Year,Dry chillies,1483,4358,2.938637896
Rajasthan,SAWAI MADHOPUR,2005,Whole Year,Garlic,5,10,2
Rajasthan,SAWAI MADHOPUR,2005,Whole Year,Guar seed,2235,1125,0.503355705
Rajasthan,SAWAI MADHOPUR,2005,Whole Year,Onion,41,122,2.975609756
Rajasthan,SAWAI MADHOPUR,2005,Whole Year,Potato,5,10,2
Rajasthan,SAWAI MADHOPUR,2005,Whole Year,Sannhamp,42,11,0.261904762
Rajasthan,SAWAI MADHOPUR,2005,Whole Year,Sugarcane,57,3472,60.9122807
Rajasthan,SAWAI MADHOPUR,2005,Whole Year,Sweet potato,30,90,3
Rajasthan,SAWAI MADHOPUR,2005,Whole Year,Tobacco,8,4,0.5
Rajasthan,SAWAI MADHOPUR,2006,Kharif,Arhar/Tur,627,627,1
Rajasthan,SAWAI MADHOPUR,2006,Kharif,Bajra,62617,104543,1.669562579
Rajasthan,SAWAI MADHOPUR,2006,Kharif,Groundnut,6220,4235,0.680868167
Rajasthan,SAWAI MADHOPUR,2006,Kharif,Jowar,2874,3601,1.25295755
Rajasthan,SAWAI MADHOPUR,2006,Kharif,Maize,588,637,1.083333333
Rajasthan,SAWAI MADHOPUR,2006,Kharif,Moong(Green Gram),118,42,0.355932203
Rajasthan,SAWAI MADHOPUR,2006,Kharif,Moth,59,10,0.169491525
Rajasthan,SAWAI MADHOPUR,2006,Kharif,Other Kharif pulses,4,2,0.5
Rajasthan,SAWAI MADHOPUR,2006,Kharif,Rice,27,42,1.555555556
Rajasthan,SAWAI MADHOPUR,2006,Kharif,Sesamum,9228,3581,0.388058084
Rajasthan,SAWAI MADHOPUR,2006,Kharif,Soyabean,876,1054,1.203196347
Rajasthan,SAWAI MADHOPUR,2006,Kharif,Urad,1584,1027,0.648358586
Rajasthan,SAWAI MADHOPUR,2006,Rabi,Barley,752,1032,1.372340426
Rajasthan,SAWAI MADHOPUR,2006,Rabi,Gram,4905,4558,0.929255861
Rajasthan,SAWAI MADHOPUR,2006,Rabi,Linseed,6,5,0.833333333
Rajasthan,SAWAI MADHOPUR,2006,Rabi,Peas & beans (Pulses),32,56,1.75
Rajasthan,SAWAI MADHOPUR,2006,Rabi,Rapeseed &Mustard,181228,187901,1.036821021
Rajasthan,SAWAI MADHOPUR,2006,Rabi,Wheat,42351,118521,2.798540766
Rajasthan,SAWAI MADHOPUR,2006,Whole Year,Coriander,24,28,1.166666667
Rajasthan,SAWAI MADHOPUR,2006,Whole Year,Dry chillies,1716,4905,2.858391608
Rajasthan,SAWAI MADHOPUR,2006,Whole Year,Garlic,5,10,2
Rajasthan,SAWAI MADHOPUR,2006,Whole Year,Guar seed,2058,946,0.459669582
Rajasthan,SAWAI MADHOPUR,2006,Whole Year,Onion,42,168,4
Rajasthan,SAWAI MADHOPUR,2006,Whole Year,Potato,11,33,3
Rajasthan,SAWAI MADHOPUR,2006,Whole Year,Sannhamp,43,11,0.255813953
Rajasthan,SAWAI MADHOPUR,2006,Whole Year,Sugarcane,75,4329,57.72
Rajasthan,SAWAI MADHOPUR,2006,Whole Year,Sweet potato,31,93,3
Rajasthan,SAWAI MADHOPUR,2006,Whole Year,Tobacco,5,3,0.6
Rajasthan,SAWAI MADHOPUR,2007,Kharif,Arhar/Tur,623,624,1.001605136
Rajasthan,SAWAI MADHOPUR,2007,Kharif,Bajra,79130,116004,1.46599267
Rajasthan,SAWAI MADHOPUR,2007,Kharif,Castor seed,8,7,0.875
Rajasthan,SAWAI MADHOPUR,2007,Kharif,Dry ginger,1,,
Rajasthan,SAWAI MADHOPUR,2007,Kharif,Groundnut,3374,2848,0.844101956
Rajasthan,SAWAI MADHOPUR,2007,Kharif,Jowar,4179,7990,1.911940656
Rajasthan,SAWAI MADHOPUR,2007,Kharif,Maize,600,1115,1.858333333
Rajasthan,SAWAI MADHOPUR,2007,Kharif,Moong(Green Gram),179,70,0.391061453
Rajasthan,SAWAI MADHOPUR,2007,Kharif,Moth,83,26,0.313253012
Rajasthan,SAWAI MADHOPUR,2007,Kharif,Other Kharif pulses,5,2,0.4
Rajasthan,SAWAI MADHOPUR,2007,Kharif,Rice,49,99,2.020408163
Rajasthan,SAWAI MADHOPUR,2007,Kharif,Sesamum,29110,16581,0.569598076
Rajasthan,SAWAI MADHOPUR,2007,Kharif,Soyabean,1472,1782,1.210597826
Rajasthan,SAWAI MADHOPUR,2007,Kharif,Urad,3848,2210,0.574324324
Rajasthan,SAWAI MADHOPUR,2007,Rabi,Barley,951,1361,1.431125131
Rajasthan,SAWAI MADHOPUR,2007,Rabi,Gram,7325,5954,0.812832765
Rajasthan,SAWAI MADHOPUR,2007,Rabi,Linseed,94,73,0.776595745
Rajasthan,SAWAI MADHOPUR,2007,Rabi,Masoor,4,2,0.5
Rajasthan,SAWAI MADHOPUR,2007,Rabi,other oilseeds,1573,426,0.270820089
Rajasthan,SAWAI MADHOPUR,2007,Rabi,Peas & beans (Pulses),49,25,0.510204082
Rajasthan,SAWAI MADHOPUR,2007,Rabi,Rapeseed &Mustard,138916,124814,0.898485416
Rajasthan,SAWAI MADHOPUR,2007,Rabi,Wheat,45688,118179,2.58665295
Rajasthan,SAWAI MADHOPUR,2007,Whole Year,Coriander,121,94,0.776859504
Rajasthan,SAWAI MADHOPUR,2007,Whole Year,Dry chillies,2846,8538,3
Rajasthan,SAWAI MADHOPUR,2007,Whole Year,Garlic,59,118,2
Rajasthan,SAWAI MADHOPUR,2007,Whole Year,Guar seed,3399,1606,0.472491909
Rajasthan,SAWAI MADHOPUR,2007,Whole Year,Onion,113,452,4
Rajasthan,SAWAI MADHOPUR,2007,Whole Year,Potato,36,108,3
Rajasthan,SAWAI MADHOPUR,2007,Whole Year,Sannhamp,24,6,0.25
Rajasthan,SAWAI MADHOPUR,2007,Whole Year,Sugarcane,57,3256,57.12280702
Rajasthan,SAWAI MADHOPUR,2007,Whole Year,Sweet potato,20,60,3
Rajasthan,SAWAI MADHOPUR,2007,Whole Year,Tobacco,5,3,0.6
Rajasthan,SAWAI MADHOPUR,2007,Whole Year,Turmeric,1,2,2
Rajasthan,SAWAI MADHOPUR,2008,Kharif,Arhar/Tur,329,329,1
Rajasthan,SAWAI MADHOPUR,2008,Kharif,Bajra,65778,103503,1.573520022
Rajasthan,SAWAI MADHOPUR,2008,Kharif,Castor seed,2,1,0.5
Rajasthan,SAWAI MADHOPUR,2008,Kharif,Groundnut,6697,7328,1.094221293
Rajasthan,SAWAI MADHOPUR,2008,Kharif,Jowar,2595,4218,1.625433526
Rajasthan,SAWAI MADHOPUR,2008,Kharif,Maize,792,1376,1.737373737
Rajasthan,SAWAI MADHOPUR,2008,Kharif,Moong(Green Gram),242,102,0.421487603
Rajasthan,SAWAI MADHOPUR,2008,Kharif,Moth,175,47,0.268571429
Rajasthan,SAWAI MADHOPUR,2008,Kharif,Other Kharif pulses,8,4,0.5
Rajasthan,SAWAI MADHOPUR,2008,Kharif,Rice,64,116,1.8125
Rajasthan,SAWAI MADHOPUR,2008,Kharif,Sesamum,39125,15777,0.403246006
Rajasthan,SAWAI MADHOPUR,2008,Kharif,Soyabean,1374,1843,1.341339156
Rajasthan,SAWAI MADHOPUR,2008,Kharif,Urad,2854,1229,0.430623686
Rajasthan,SAWAI MADHOPUR,2008,Rabi,Barley,1235,2430,1.967611336
Rajasthan,SAWAI MADHOPUR,2008,Rabi,Gram,10644,13242,1.244081172
Rajasthan,SAWAI MADHOPUR,2008,Rabi,Masoor,17,15,0.882352941
Rajasthan,SAWAI MADHOPUR,2008,Rabi,other oilseeds,1332,487,0.365615616
Rajasthan,SAWAI MADHOPUR,2008,Rabi,Peas & beans (Pulses),68,68,1
Rajasthan,SAWAI MADHOPUR,2008,Rabi,Rapeseed &Mustard,173914,181030,1.040916775
Rajasthan,SAWAI MADHOPUR,2008,Rabi,Wheat,53450,164400,3.075771749
Rajasthan,SAWAI MADHOPUR,2008,Whole Year,Coriander,115,128,1.113043478
Rajasthan,SAWAI MADHOPUR,2008,Whole Year,Dry chillies,1834,5502,3
Rajasthan,SAWAI MADHOPUR,2008,Whole Year,Garlic,33,66,2
Rajasthan,SAWAI MADHOPUR,2008,Whole Year,Guar seed,3214,1611,0.501244555
Rajasthan,SAWAI MADHOPUR,2008,Whole Year,Onion,86,338,3.930232558
Rajasthan,SAWAI MADHOPUR,2008,Whole Year,Potato,42,137,3.261904762
Rajasthan,SAWAI MADHOPUR,2008,Whole Year,Sannhamp,153,39,0.254901961
Rajasthan,SAWAI MADHOPUR,2008,Whole Year,Sugarcane,39,2318,59.43589744
Rajasthan,SAWAI MADHOPUR,2008,Whole Year,Sweet potato,7,,
Rajasthan,SAWAI MADHOPUR,2008,Whole Year,Tobacco,1,1,1
Rajasthan,SAWAI MADHOPUR,2009,Kharif,Arhar/Tur,185,129,0.697297297
Rajasthan,SAWAI MADHOPUR,2009,Kharif,Bajra,84792,106249,1.253054533
Rajasthan,SAWAI MADHOPUR,2009,Kharif,Cotton(lint),2,1,0.5
Rajasthan,SAWAI MADHOPUR,2009,Kharif,Groundnut,6256,5459,0.872602302
Rajasthan,SAWAI MADHOPUR,2009,Kharif,Jowar,3128,4806,1.536445013
Rajasthan,SAWAI MADHOPUR,2009,Kharif,Maize,735,768,1.044897959
Rajasthan,SAWAI MADHOPUR,2009,Kharif,Moong(Green Gram),102,6,0.058823529
Rajasthan,SAWAI MADHOPUR,2009,Kharif,Moth,94,3,0.031914894
Rajasthan,SAWAI MADHOPUR,2009,Kharif,Other Kharif pulses,2,,
Rajasthan,SAWAI MADHOPUR,2009,Kharif,Rice,103,156,1.514563107
Rajasthan,SAWAI MADHOPUR,2009,Kharif,Sesamum,61356,20629,0.336218137
Rajasthan,SAWAI MADHOPUR,2009,Kharif,Soyabean,741,813,1.097165992
Rajasthan,SAWAI MADHOPUR,2009,Kharif,Urad,1925,538,0.279480519
Rajasthan,SAWAI MADHOPUR,2009,Rabi,Barley,1464,2891,1.974726776
Rajasthan,SAWAI MADHOPUR,2009,Rabi,Gram,26832,28017,1.044163685
Rajasthan,SAWAI MADHOPUR,2009,Rabi,Masoor,39,35,0.897435897
Rajasthan,SAWAI MADHOPUR,2009,Rabi,Other  Rabi pulses,53,38,0.716981132
Rajasthan,SAWAI MADHOPUR,2009,Rabi,other oilseeds,6902,2541,0.368154158
Rajasthan,SAWAI MADHOPUR,2009,Rabi,Rapeseed &Mustard,158433,175731,1.109181799
Rajasthan,SAWAI MADHOPUR,2009,Rabi,Wheat,61185,213165,3.483942143
Rajasthan,SAWAI MADHOPUR,2009,Whole Year,Coriander,109,130,1.19266055
Rajasthan,SAWAI MADHOPUR,2009,Whole Year,Dry chillies,2978,5194,1.744123573
Rajasthan,SAWAI MADHOPUR,2009,Whole Year,Garlic,8,16,2
Rajasthan,SAWAI MADHOPUR,2009,Whole Year,Guar seed,1175,415,0.353191489
Rajasthan,SAWAI MADHOPUR,2009,Whole Year,Onion,103,338,3.281553398
Rajasthan,SAWAI MADHOPUR,2009,Whole Year,Potato,3,9,3
Rajasthan,SAWAI MADHOPUR,2009,Whole Year,Sannhamp,29,7,0.24137931
Rajasthan,SAWAI MADHOPUR,2009,Whole Year,Sugarcane,27,1554,57.55555556
Rajasthan,SAWAI MADHOPUR,2009,Whole Year,Sweet potato,15,,
Rajasthan,SAWAI MADHOPUR,2009,Whole Year,Turmeric,1,,
Rajasthan,SAWAI MADHOPUR,2010,Kharif,Arhar/Tur,214,161,0.752336449
Rajasthan,SAWAI MADHOPUR,2010,Kharif,Bajra,89235,166633,1.867350255
Rajasthan,SAWAI MADHOPUR,2010,Kharif,Groundnut,5493,8428,1.534316403
Rajasthan,SAWAI MADHOPUR,2010,Kharif,Jowar,1942,1359,0.699794027
Rajasthan,SAWAI MADHOPUR,2010,Kharif,Maize,536,963,1.796641791
Rajasthan,SAWAI MADHOPUR,2010,Kharif,Moong(Green Gram),202,125,0.618811881
Rajasthan,SAWAI MADHOPUR,2010,Kharif,Moth,176,86,0.488636364
Rajasthan,SAWAI MADHOPUR,2010,Kharif,Other Kharif pulses,8,4,0.5
Rajasthan,SAWAI MADHOPUR,2010,Kharif,Rice,646,1308,2.024767802
Rajasthan,SAWAI MADHOPUR,2010,Kharif,Sesamum,32523,11119,0.34188113
Rajasthan,SAWAI MADHOPUR,2010,Kharif,Soyabean,786,1148,1.460559796
Rajasthan,SAWAI MADHOPUR,2010,Kharif,Urad,1803,780,0.432612313
Rajasthan,SAWAI MADHOPUR,2010,Rabi,Barley,1795,5115,2.849582173
Rajasthan,SAWAI MADHOPUR,2010,Rabi,Gram,19231,27978,1.454838542
Rajasthan,SAWAI MADHOPUR,2010,Rabi,Linseed,6,6,1
Rajasthan,SAWAI MADHOPUR,2010,Rabi,Masoor,784,684,0.87244898
Rajasthan,SAWAI MADHOPUR,2010,Rabi,Other  Rabi pulses,56,54,0.964285714
Rajasthan,SAWAI MADHOPUR,2010,Rabi,other oilseeds,7856,3213,0.408986762
Rajasthan,SAWAI MADHOPUR,2010,Rabi,Rapeseed &Mustard,151680,221217,1.458445411
Rajasthan,SAWAI MADHOPUR,2010,Rabi,Wheat,84191,291368,3.460797472
Rajasthan,SAWAI MADHOPUR,2010,Whole Year,Coriander,268,297,1.108208955
Rajasthan,SAWAI MADHOPUR,2010,Whole Year,Dry chillies,2647,4759,1.797884397
Rajasthan,SAWAI MADHOPUR,2010,Whole Year,Garlic,19,38,2
Rajasthan,SAWAI MADHOPUR,2010,Whole Year,Guar seed,1423,735,0.516514406
Rajasthan,SAWAI MADHOPUR,2010,Whole Year,Onion,105,406,3.866666667
Rajasthan,SAWAI MADHOPUR,2010,Whole Year,Potato,2,7,3.5
Rajasthan,SAWAI MADHOPUR,2010,Whole Year,Sannhamp,80,20,0.25
Rajasthan,SAWAI MADHOPUR,2010,Whole Year,Sugarcane,36,2412,67
Rajasthan,SAWAI MADHOPUR,2010,Whole Year,Sweet potato,4,12,3
Rajasthan,SIKAR,1997,Kharif,Arhar/Tur,300,200,0.666666667
Rajasthan,SIKAR,1997,Kharif,Bajra,260300,145800,0.560122935
Rajasthan,SIKAR,1997,Kharif,Cotton(lint),300,588,1.96
Rajasthan,SIKAR,1997,Kharif,Groundnut,13600,17800,1.308823529
Rajasthan,SIKAR,1997,Kharif,Maize,100,200,2
Rajasthan,SIKAR,1997,Kharif,Onion,2300,18400,8
Rajasthan,SIKAR,1997,Kharif,Sesamum,700,100,0.142857143
Rajasthan,SIKAR,1997,Rabi,Barley,22000,47600,2.163636364
Rajasthan,SIKAR,1997,Rabi,Gram,101500,98800,0.973399015
Rajasthan,SIKAR,1997,Rabi,Rapeseed &Mustard,64500,29400,0.455813953
Rajasthan,SIKAR,1997,Rabi,Wheat,82200,187000,2.274939173
Rajasthan,SIKAR,1998,Kharif,Arhar/Tur,82,109,1.329268293
Rajasthan,SIKAR,1998,Kharif,Bajra,251802,168472,0.669065377
Rajasthan,SIKAR,1998,Kharif,Castor seed,3,4,1.333333333
Rajasthan,SIKAR,1998,Kharif,Cotton(lint),498,115,0.230923695
Rajasthan,SIKAR,1998,Kharif,Groundnut,15825,17492,1.105339652
Rajasthan,SIKAR,1998,Kharif,Jowar,28,8,0.285714286
Rajasthan,SIKAR,1998,Kharif,Maize,106,115,1.08490566
Rajasthan,SIKAR,1998,Kharif,Moong(Green Gram),20089,2634,0.131116531
Rajasthan,SIKAR,1998,Kharif,Moth,7399,727,0.098256521
Rajasthan,SIKAR,1998,Kharif,Other Kharif pulses,45427,12856,0.2830035
Rajasthan,SIKAR,1998,Kharif,Sannhamp,14,1,0.071428571
Rajasthan,SIKAR,1998,Kharif,Sesamum,1028,75,0.072957198
Rajasthan,SIKAR,1998,Kharif,Soyabean,2,3,1.5
Rajasthan,SIKAR,1998,Rabi,Barley,19257,43086,2.237420159
Rajasthan,SIKAR,1998,Rabi,Gram,119987,171043,1.425512764
Rajasthan,SIKAR,1998,Rabi,Peas & beans (Pulses),56,56,1
Rajasthan,SIKAR,1998,Rabi,Rapeseed &Mustard,40980,45612,1.113030747
Rajasthan,SIKAR,1998,Rabi,Tobacco,36,36,1
Rajasthan,SIKAR,1998,Rabi,Wheat,86568,219710,2.538004805
Rajasthan,SIKAR,1998,Whole Year,Coriander,86,78,0.906976744
Rajasthan,SIKAR,1998,Whole Year,Dry chillies,586,122,0.208191126
Rajasthan,SIKAR,1998,Whole Year,Garlic,61,122,2
Rajasthan,SIKAR,1998,Whole Year,Onion,2330,18427,7.908583691
Rajasthan,SIKAR,1998,Whole Year,Potato,12,71,5.916666667
Rajasthan,SIKAR,1998,Whole Year,Sugarcane,27,1290,47.77777778
Rajasthan,SIKAR,1998,Whole Year,Sweet potato,211,1055,5
Rajasthan,SIKAR,1999,Kharif,Arhar/Tur,18,8,0.444444444
Rajasthan,SIKAR,1999,Kharif,Bajra,255495,149419,0.584821621
Rajasthan,SIKAR,1999,Kharif,Castor seed,2,1,0.5
Rajasthan,SIKAR,1999,Kharif,Cotton(lint),1190,341,0.286554622
Rajasthan,SIKAR,1999,Kharif,Groundnut,13268,12592,0.949050347
Rajasthan,SIKAR,1999,Kharif,Jowar,25,8,0.32
Rajasthan,SIKAR,1999,Kharif,Maize,75,78,1.04
Rajasthan,SIKAR,1999,Kharif,Moong(Green Gram),14543,1637,0.112562745
Rajasthan,SIKAR,1999,Kharif,Moth,4107,314,0.076454833
Rajasthan,SIKAR,1999,Kharif,Other Kharif pulses,44082,5505,0.124880904
Rajasthan,SIKAR,1999,Kharif,Sesamum,921,68,0.07383279
Rajasthan,SIKAR,1999,Kharif,Sunflower,2,1,0.5
Rajasthan,SIKAR,1999,Rabi,Barley,20102,47533,2.364590588
Rajasthan,SIKAR,1999,Rabi,Gram,54273,51919,0.956626684
Rajasthan,SIKAR,1999,Rabi,Linseed,10,6,0.6
Rajasthan,SIKAR,1999,Rabi,Other  Rabi pulses,1,1,1
Rajasthan,SIKAR,1999,Rabi,Peas & beans (Pulses),53,53,1
Rajasthan,SIKAR,1999,Rabi,Rapeseed &Mustard,38046,36686,0.964253798
Rajasthan,SIKAR,1999,Rabi,Wheat,89379,189197,2.116794773
Rajasthan,SIKAR,1999,Whole Year,Coriander,25,13,0.52
Rajasthan,SIKAR,1999,Whole Year,Dry chillies,673,140,0.208023774
Rajasthan,SIKAR,1999,Whole Year,Garlic,114,570,5
Rajasthan,SIKAR,1999,Whole Year,Guar seed,124401,12630,0.101526515
Rajasthan,SIKAR,1999,Whole Year,Onion,3111,24301,7.81131469
Rajasthan,SIKAR,1999,Whole Year,Potato,19,80,4.210526316
Rajasthan,SIKAR,1999,Whole Year,Sannhamp,13,1,0.076923077
Rajasthan,SIKAR,1999,Whole Year,Sugarcane,29,1184,40.82758621
Rajasthan,SIKAR,1999,Whole Year,Sweet potato,192,610,3.177083333
Rajasthan,SIKAR,1999,Whole Year,Tobacco,25,25,1
Rajasthan,SIKAR,2000,Kharif,Arhar/Tur,11,4,0.363636364
Rajasthan,SIKAR,2000,Kharif,Bajra,272687,194421,0.712982284
Rajasthan,SIKAR,2000,Kharif,Cotton(lint),377,594,1.575596817
Rajasthan,SIKAR,2000,Kharif,Groundnut,9598,10887,1.134298812
Rajasthan,SIKAR,2000,Kharif,Jowar,19,4,0.210526316
Rajasthan,SIKAR,2000,Kharif,Maize,68,71,1.044117647
Rajasthan,SIKAR,2000,Kharif,Moong(Green Gram),13198,2069,0.156766177
Rajasthan,SIKAR,2000,Kharif,Moth,5710,494,0.086514886
Rajasthan,SIKAR,2000,Kharif,Other Kharif pulses,46834,10500,0.224196097
Rajasthan,SIKAR,2000,Kharif,Sesamum,764,105,0.137434555
Rajasthan,SIKAR,2000,Rabi,Barley,22855,46225,2.022533363
Rajasthan,SIKAR,2000,Rabi,Gram,50167,51005,1.016704208
Rajasthan,SIKAR,2000,Rabi,Peas & beans (Pulses),21,21,1
Rajasthan,SIKAR,2000,Rabi,Rapeseed &Mustard,27835,23675,0.850547871
Rajasthan,SIKAR,2000,Rabi,Wheat,86767,171194,1.973031222
Rajasthan,SIKAR,2000,Whole Year,Coriander,40,20,0.5
Rajasthan,SIKAR,2000,Whole Year,Dry chillies,564,146,0.258865248
Rajasthan,SIKAR,2000,Whole Year,Garlic,70,630,9
Rajasthan,SIKAR,2000,Whole Year,Guar seed,113530,12988,0.11440148
Rajasthan,SIKAR,2000,Whole Year,Onion,3010,23480,7.800664452
Rajasthan,SIKAR,2000,Whole Year,Sannhamp,8,1,0.125
Rajasthan,SIKAR,2000,Whole Year,Sugarcane,33,1374,41.63636364
Rajasthan,SIKAR,2000,Whole Year,Sweet potato,92,280,3.043478261
Rajasthan,SIKAR,2000,Whole Year,Tobacco,23,23,1
Rajasthan,SIKAR,2001,Kharif,Arhar/Tur,2,2,1
Rajasthan,SIKAR,2001,Kharif,Bajra,285738,306473,1.072566477
Rajasthan,SIKAR,2001,Kharif,Cotton(lint),362,200,0.552486188
Rajasthan,SIKAR,2001,Kharif,Groundnut,12474,22070,1.769280103
Rajasthan,SIKAR,2001,Kharif,Jowar,12,5,0.416666667
Rajasthan,SIKAR,2001,Kharif,Maize,92,134,1.456521739
Rajasthan,SIKAR,2001,Kharif,Moong(Green Gram),15797,2993,0.189466354
Rajasthan,SIKAR,2001,Kharif,Moth,5562,1017,0.182847896
Rajasthan,SIKAR,2001,Kharif,Other Kharif pulses,63172,22234,0.351959729
Rajasthan,SIKAR,2001,Kharif,Sesamum,930,304,0.32688172
Rajasthan,SIKAR,2001,Rabi,Barley,18400,45388,2.46673913
Rajasthan,SIKAR,2001,Rabi,Gram,69428,79630,1.146943596
Rajasthan,SIKAR,2001,Rabi,Peas & beans (Pulses),9,9,1
Rajasthan,SIKAR,2001,Rabi,Rapeseed &Mustard,32901,37336,1.134798334
Rajasthan,SIKAR,2001,Rabi,Wheat,82086,269379,3.281668007
Rajasthan,SIKAR,2001,Whole Year,Coriander,100,50,0.5
Rajasthan,SIKAR,2001,Whole Year,Dry chillies,588,196,0.333333333
Rajasthan,SIKAR,2001,Whole Year,Garlic,64,576,9
Rajasthan,SIKAR,2001,Whole Year,Guar seed,92352,46619,0.504796864
Rajasthan,SIKAR,2001,Whole Year,Onion,3480,25589,7.35316092
Rajasthan,SIKAR,2001,Whole Year,Sannhamp,4,,
Rajasthan,SIKAR,2001,Whole Year,Sugarcane,35,1669,47.68571429
Rajasthan,SIKAR,2001,Whole Year,Sweet potato,153,77,0.503267974
Rajasthan,SIKAR,2001,Whole Year,Tobacco,30,49,1.633333333
Rajasthan,SIKAR,2002,Kharif,Arhar/Tur,5,1,0.2
Rajasthan,SIKAR,2002,Kharif,Bajra,214229,61305,0.286165739
Rajasthan,SIKAR,2002,Kharif,Cotton(lint),567,371,0.654320988
Rajasthan,SIKAR,2002,Kharif,Groundnut,16047,18888,1.177042438
Rajasthan,SIKAR,2002,Kharif,Jowar,32,4,0.125
Rajasthan,SIKAR,2002,Kharif,Maize,26,23,0.884615385
Rajasthan,SIKAR,2002,Kharif,Moong(Green Gram),7153,646,0.090311757
Rajasthan,SIKAR,2002,Kharif,Moth,7116,25,0.00351321
Rajasthan,SIKAR,2002,Kharif,Other Kharif pulses,53069,4136,0.077936272
Rajasthan,SIKAR,2002,Kharif,Sesamum,343,21,0.06122449
Rajasthan,SIKAR,2002,Kharif,Urad,2,,
Rajasthan,SIKAR,2002,Rabi,Barley,23079,58289,2.52562936
Rajasthan,SIKAR,2002,Rabi,Gram,49889,60555,1.213794624
Rajasthan,SIKAR,2002,Rabi,Peas & beans (Pulses),20,20,1
Rajasthan,SIKAR,2002,Rabi,Rapeseed &Mustard,23598,15934,0.675226714
Rajasthan,SIKAR,2002,Rabi,Wheat,84627,247138,2.920320938
Rajasthan,SIKAR,2002,Whole Year,Citrus Fruit,51,0,0
Rajasthan,SIKAR,2002,Whole Year,Coriander,111,55,0.495495495
Rajasthan,SIKAR,2002,Whole Year,Dry chillies,404,40,0.099009901
Rajasthan,SIKAR,2002,Whole Year,Garlic,43,645,15
Rajasthan,SIKAR,2002,Whole Year,Guar seed,56277,882,0.015672477
Rajasthan,SIKAR,2002,Whole Year,Mango,21,0,0
Rajasthan,SIKAR,2002,Whole Year,Onion,3217,21120,6.565122785
Rajasthan,SIKAR,2002,Whole Year,Orange,14,0,0
Rajasthan,SIKAR,2002,Whole Year,Other Fresh Fruits,188,0,0
Rajasthan,SIKAR,2002,Whole Year,Other Vegetables,840,0,0
Rajasthan,SIKAR,2002,Whole Year,Papaya,4,0,0
Rajasthan,SIKAR,2002,Whole Year,Pome Fruit,9,0,0
Rajasthan,SIKAR,2002,Whole Year,Potato,2,2,1
Rajasthan,SIKAR,2002,Whole Year,Sannhamp,1,,
Rajasthan,SIKAR,2002,Whole Year,Sugarcane,26,1098,42.23076923
Rajasthan,SIKAR,2002,Whole Year,Sweet potato,126,8,0.063492063
Rajasthan,SIKAR,2002,Whole Year,Tobacco,20,20,1
Rajasthan,SIKAR,2002,Whole Year,Water Melon,99,0,0
Rajasthan,SIKAR,2003,Kharif,Arhar/Tur,2,2,1
Rajasthan,SIKAR,2003,Kharif,Bajra,334757,351947,1.051350681
Rajasthan,SIKAR,2003,Kharif,Castor seed,1,,
Rajasthan,SIKAR,2003,Kharif,Cotton(lint),761,1570,2.063074901
Rajasthan,SIKAR,2003,Kharif,Groundnut,15572,29080,1.867454405
Rajasthan,SIKAR,2003,Kharif,Jowar,7,5,0.714285714
Rajasthan,SIKAR,2003,Kharif,Maize,17,32,1.882352941
Rajasthan,SIKAR,2003,Kharif,Moong(Green Gram),15590,7964,0.510840282
Rajasthan,SIKAR,2003,Kharif,Moth,7435,2711,0.364626765
Rajasthan,SIKAR,2003,Kharif,Other Kharif pulses,51529,29336,0.569310485
Rajasthan,SIKAR,2003,Kharif,Sesamum,521,236,0.452975048
Rajasthan,SIKAR,2003,Kharif,Urad,1,1,1
Rajasthan,SIKAR,2003,Rabi,Barley,22137,56418,2.548583819
Rajasthan,SIKAR,2003,Rabi,Gram,61522,49703,0.807889861
Rajasthan,SIKAR,2003,Rabi,Peas & beans (Pulses),22,33,1.5
Rajasthan,SIKAR,2003,Rabi,Rapeseed &Mustard,37703,41974,1.11328011
Rajasthan,SIKAR,2003,Rabi,Wheat,86844,229255,2.639848464
Rajasthan,SIKAR,2003,Whole Year,Citrus Fruit,33,0,0
Rajasthan,SIKAR,2003,Whole Year,Coriander,174,216,1.24137931
Rajasthan,SIKAR,2003,Whole Year,Dry chillies,481,151,0.313929314
Rajasthan,SIKAR,2003,Whole Year,Garlic,67,325,4.850746269
Rajasthan,SIKAR,2003,Whole Year,Guar seed,71924,,
Rajasthan,SIKAR,2003,Whole Year,Mango,33,0,0
Rajasthan,SIKAR,2003,Whole Year,Onion,4254,29824,7.010813352
Rajasthan,SIKAR,2003,Whole Year,Orange,7,0,0
Rajasthan,SIKAR,2003,Whole Year,Other Fresh Fruits,210,0,0
Rajasthan,SIKAR,2003,Whole Year,other oilseeds,13340,13863,1.039205397
Rajasthan,SIKAR,2003,Whole Year,Other Vegetables,1037,0,0
Rajasthan,SIKAR,2003,Whole Year,Papaya,1,16,16
Rajasthan,SIKAR,2003,Whole Year,Pome Fruit,7,0,0
Rajasthan,SIKAR,2003,Whole Year,Potato,12,15,1.25
Rajasthan,SIKAR,2003,Whole Year,Sannhamp,6,6,1
Rajasthan,SIKAR,2003,Whole Year,Sugarcane,32,1709,53.40625
Rajasthan,SIKAR,2003,Whole Year,Sweet potato,187,187,1
Rajasthan,SIKAR,2003,Whole Year,Tobacco,19,,
Rajasthan,SIKAR,2003,Whole Year,Water Melon,53,0,0
Rajasthan,SIKAR,2004,Kharif,Bajra,284088,254852,0.897088226
Rajasthan,SIKAR,2004,Kharif,Castor seed,3,3,1
Rajasthan,SIKAR,2004,Kharif,Cotton(lint),1104,1929,1.747282609
Rajasthan,SIKAR,2004,Kharif,Groundnut,28557,49129,1.720383794
Rajasthan,SIKAR,2004,Kharif,Jowar,32,15,0.46875
Rajasthan,SIKAR,2004,Kharif,Maize,14,17,1.214285714
Rajasthan,SIKAR,2004,Kharif,Moong(Green Gram),14362,5224,0.363737641
Rajasthan,SIKAR,2004,Kharif,Moth,11264,2117,0.187943892
Rajasthan,SIKAR,2004,Kharif,Other Kharif pulses,60704,19404,0.319649446
Rajasthan,SIKAR,2004,Kharif,Sesamum,504,168,0.333333333
Rajasthan,SIKAR,2004,Kharif,Soyabean,1,1,1
Rajasthan,SIKAR,2004,Kharif,Urad,2,1,0.5
Rajasthan,SIKAR,2004,Rabi,Barley,21281,51933,2.440345848
Rajasthan,SIKAR,2004,Rabi,Gram,66959,71468,1.067339715
Rajasthan,SIKAR,2004,Rabi,Other  Rabi pulses,67,39,0.582089552
Rajasthan,SIKAR,2004,Rabi,Rapeseed &Mustard,62868,74460,1.184386333
Rajasthan,SIKAR,2004,Rabi,Wheat,86650,266724,3.078176572
Rajasthan,SIKAR,2004,Whole Year,Coriander,82,94,1.146341463
Rajasthan,SIKAR,2004,Whole Year,Dry chillies,402,80,0.199004975
Rajasthan,SIKAR,2004,Whole Year,Garlic,45,180,4
Rajasthan,SIKAR,2004,Whole Year,Guar seed,85533,26935,0.314907696
Rajasthan,SIKAR,2004,Whole Year,Onion,6194,47232,7.625443978
Rajasthan,SIKAR,2004,Whole Year,Sannhamp,5,1,0.2
Rajasthan,SIKAR,2004,Whole Year,Sugarcane,23,1112,48.34782609
Rajasthan,SIKAR,2004,Whole Year,Sweet potato,178,356,2
Rajasthan,SIKAR,2004,Whole Year,Tobacco,15,13,0.866666667
Rajasthan,SIKAR,2005,Kharif,Arhar/Tur,6,6,1
Rajasthan,SIKAR,2005,Kharif,Bajra,284978,144623,0.507488297
Rajasthan,SIKAR,2005,Kharif,Castor seed,10,14,1.4
Rajasthan,SIKAR,2005,Kharif,Cotton(lint),850,1588,1.868235294
Rajasthan,SIKAR,2005,Kharif,Groundnut,37665,74802,1.985981681
Rajasthan,SIKAR,2005,Kharif,Jowar,3,1,0.333333333
Rajasthan,SIKAR,2005,Kharif,Maize,22,24,1.090909091
Rajasthan,SIKAR,2005,Kharif,Moong(Green Gram),17862,3442,0.192699586
Rajasthan,SIKAR,2005,Kharif,Moth,10009,947,0.094614847
Rajasthan,SIKAR,2005,Kharif,Other Kharif pulses,58689,13207,0.225033652
Rajasthan,SIKAR,2005,Kharif,Sesamum,599,89,0.148580968
Rajasthan,SIKAR,2005,Rabi,Barley,23488,44013,1.873850477
Rajasthan,SIKAR,2005,Rabi,Gram,43102,39810,0.923623034
Rajasthan,SIKAR,2005,Rabi,Rapeseed &Mustard,97822,87896,0.898529983
Rajasthan,SIKAR,2005,Rabi,Wheat,84607,215361,2.545427683
Rajasthan,SIKAR,2005,Whole Year,Coriander,25,26,1.04
Rajasthan,SIKAR,2005,Whole Year,Dry chillies,230,46,0.2
Rajasthan,SIKAR,2005,Whole Year,Garlic,24,96,4
Rajasthan,SIKAR,2005,Whole Year,Guar seed,79999,24895,0.31119139
Rajasthan,SIKAR,2005,Whole Year,Onion,6038,46408,7.685988738
Rajasthan,SIKAR,2005,Whole Year,Potato,11,77,7
Rajasthan,SIKAR,2005,Whole Year,Sannhamp,13,3,0.230769231
Rajasthan,SIKAR,2005,Whole Year,Sugarcane,23,1401,60.91304348
Rajasthan,SIKAR,2005,Whole Year,Sweet potato,83,114,1.373493976
Rajasthan,SIKAR,2005,Whole Year,Tobacco,13,13,1
Rajasthan,SIKAR,2006,Kharif,Bajra,301349,292815,0.971680676
Rajasthan,SIKAR,2006,Kharif,Castor seed,1,,
Rajasthan,SIKAR,2006,Kharif,Cotton(lint),307,112,0.364820847
Rajasthan,SIKAR,2006,Kharif,Groundnut,30998,53260,1.718175366
Rajasthan,SIKAR,2006,Kharif,Jowar,3,2,0.666666667
Rajasthan,SIKAR,2006,Kharif,Maize,12,13,1.083333333
Rajasthan,SIKAR,2006,Kharif,Moong(Green Gram),14678,4648,0.316664396
Rajasthan,SIKAR,2006,Kharif,Moth,8064,1591,0.197296627
Rajasthan,SIKAR,2006,Kharif,Other Kharif pulses,51357,24452,0.476118153
Rajasthan,SIKAR,2006,Kharif,Sesamum,653,212,0.324655436
Rajasthan,SIKAR,2006,Rabi,Barley,21847,60075,2.749805465
Rajasthan,SIKAR,2006,Rabi,Gram,32706,43298,1.32385495
Rajasthan,SIKAR,2006,Rabi,Rapeseed &Mustard,97405,108939,1.118412812
Rajasthan,SIKAR,2006,Rabi,Wheat,84349,267674,3.173410473
Rajasthan,SIKAR,2006,Whole Year,Coriander,13,15,1.153846154
Rajasthan,SIKAR,2006,Whole Year,Dry chillies,262,52,0.198473282
Rajasthan,SIKAR,2006,Whole Year,Garlic,39,39,1
Rajasthan,SIKAR,2006,Whole Year,Guar seed,78448,32842,0.418646747
Rajasthan,SIKAR,2006,Whole Year,Onion,5488,54842,9.993075802
Rajasthan,SIKAR,2006,Whole Year,Potato,1,5,5
Rajasthan,SIKAR,2006,Whole Year,Sannhamp,14,5,0.357142857
Rajasthan,SIKAR,2006,Whole Year,Sugarcane,15,866,57.73333333
Rajasthan,SIKAR,2006,Whole Year,Sweet potato,72,864,12
Rajasthan,SIKAR,2006,Whole Year,Tobacco,7,14,2
Rajasthan,SIKAR,2007,Kharif,Bajra,294533,260713,0.885174157
Rajasthan,SIKAR,2007,Kharif,Castor seed,2,1,0.5
Rajasthan,SIKAR,2007,Kharif,Cotton(lint),161,64,0.397515528
Rajasthan,SIKAR,2007,Kharif,Groundnut,26912,44968,1.670927467
Rajasthan,SIKAR,2007,Kharif,Jowar,10,6,0.6
Rajasthan,SIKAR,2007,Kharif,Maize,7,13,1.857142857
Rajasthan,SIKAR,2007,Kharif,Moong(Green Gram),14836,3051,0.205648423
Rajasthan,SIKAR,2007,Kharif,Moth,9298,2685,0.288771779
Rajasthan,SIKAR,2007,Kharif,Other Kharif pulses,60418,20344,0.336720845
Rajasthan,SIKAR,2007,Kharif,Sesamum,617,249,0.40356564
Rajasthan,SIKAR,2007,Kharif,Soyabean,1,1,1
Rajasthan,SIKAR,2007,Rabi,Barley,26504,47547,1.793955629
Rajasthan,SIKAR,2007,Rabi,Gram,39828,27853,0.699332128
Rajasthan,SIKAR,2007,Rabi,Linseed,28,22,0.785714286
Rajasthan,SIKAR,2007,Rabi,other oilseeds,428,83,0.193925234
Rajasthan,SIKAR,2007,Rabi,Rapeseed &Mustard,74311,38556,0.51884647
Rajasthan,SIKAR,2007,Rabi,Wheat,85200,170924,2.006150235
Rajasthan,SIKAR,2007,Whole Year,Coriander,24,19,0.791666667
Rajasthan,SIKAR,2007,Whole Year,Dry chillies,215,54,0.251162791
Rajasthan,SIKAR,2007,Whole Year,Garlic,117,155,1.324786325
Rajasthan,SIKAR,2007,Whole Year,Guar seed,79603,41583,0.52237981
Rajasthan,SIKAR,2007,Whole Year,Onion,6195,61778,9.972235674
Rajasthan,SIKAR,2007,Whole Year,Potato,10,13,1.3
Rajasthan,SIKAR,2007,Whole Year,Sannhamp,9,5,0.555555556
Rajasthan,SIKAR,2007,Whole Year,Sugarcane,20,1142,57.1
Rajasthan,SIKAR,2007,Whole Year,Sweet potato,91,910,10
Rajasthan,SIKAR,2007,Whole Year,Tobacco,4,2,0.5
Rajasthan,SIKAR,2008,Kharif,Arhar/Tur,28,14,0.5
Rajasthan,SIKAR,2008,Kharif,Bajra,306517,444771,1.451048392
Rajasthan,SIKAR,2008,Kharif,Castor seed,17,12,0.705882353
Rajasthan,SIKAR,2008,Kharif,Cotton(lint),123,50,0.406504065
Rajasthan,SIKAR,2008,Kharif,Groundnut,23266,40503,1.7408665
Rajasthan,SIKAR,2008,Kharif,Jowar,6,3,0.5
Rajasthan,SIKAR,2008,Kharif,Maize,25,43,1.72
Rajasthan,SIKAR,2008,Kharif,Moong(Green Gram),14469,6787,0.469071809
Rajasthan,SIKAR,2008,Kharif,Moth,9502,2294,0.241422858
Rajasthan,SIKAR,2008,Kharif,Other Kharif pulses,54161,26688,0.492753088
Rajasthan,SIKAR,2008,Kharif,Sesamum,903,264,0.292358804
Rajasthan,SIKAR,2008,Rabi,Barley,29624,76671,2.588137996
Rajasthan,SIKAR,2008,Rabi,Gram,43455,50786,1.168703256
Rajasthan,SIKAR,2008,Rabi,other oilseeds,563,200,0.355239787
Rajasthan,SIKAR,2008,Rabi,Rapeseed &Mustard,70069,87893,1.254377828
Rajasthan,SIKAR,2008,Rabi,Wheat,85657,250455,2.923929159
Rajasthan,SIKAR,2008,Whole Year,Coriander,37,41,1.108108108
Rajasthan,SIKAR,2008,Whole Year,Dry chillies,215,54,0.251162791
Rajasthan,SIKAR,2008,Whole Year,Garlic,82,82,1
Rajasthan,SIKAR,2008,Whole Year,Guar seed,79016,32407,0.410132125
Rajasthan,SIKAR,2008,Whole Year,Onion,5464,86890,15.9022694
Rajasthan,SIKAR,2008,Whole Year,Potato,16,32,2
Rajasthan,SIKAR,2008,Whole Year,Sannhamp,5,3,0.6
Rajasthan,SIKAR,2008,Whole Year,Sugarcane,15,891,59.4
Rajasthan,SIKAR,2008,Whole Year,Sweet potato,62,,
Rajasthan,SIKAR,2008,Whole Year,Tobacco,2,2,1
Rajasthan,SIKAR,2009,Kharif,Arhar/Tur,208,13,0.0625
Rajasthan,SIKAR,2009,Kharif,Bajra,303948,144741,0.476203166
Rajasthan,SIKAR,2009,Kharif,Castor seed,76,24,0.315789474
Rajasthan,SIKAR,2009,Kharif,Cotton(lint),161,56,0.347826087
Rajasthan,SIKAR,2009,Kharif,Groundnut,22064,29988,1.359137056
Rajasthan,SIKAR,2009,Kharif,Jowar,39,6,0.153846154
Rajasthan,SIKAR,2009,Kharif,Maize,23,24,1.043478261
Rajasthan,SIKAR,2009,Kharif,Moong(Green Gram),13852,1040,0.075079411
Rajasthan,SIKAR,2009,Kharif,Moth,10108,53,0.005243372
Rajasthan,SIKAR,2009,Kharif,Other Kharif pulses,56722,2685,0.047336131
Rajasthan,SIKAR,2009,Kharif,Sesamum,541,88,0.162661738
Rajasthan,SIKAR,2009,Rabi,Barley,29372,83345,2.83756639
Rajasthan,SIKAR,2009,Rabi,Gram,31369,30117,0.960087985
Rajasthan,SIKAR,2009,Rabi,other oilseeds,385,188,0.488311688
Rajasthan,SIKAR,2009,Rabi,Rapeseed &Mustard,59702,74181,1.242521189
Rajasthan,SIKAR,2009,Rabi,Wheat,90628,301181,3.32326654
Rajasthan,SIKAR,2009,Whole Year,Coriander,31,37,1.193548387
Rajasthan,SIKAR,2009,Whole Year,Dry chillies,193,35,0.18134715
Rajasthan,SIKAR,2009,Whole Year,Garlic,87,87,1
Rajasthan,SIKAR,2009,Whole Year,Guar seed,67199,5368,0.079882141
Rajasthan,SIKAR,2009,Whole Year,Onion,7330,22150,3.021828104
Rajasthan,SIKAR,2009,Whole Year,Potato,1,2,2
Rajasthan,SIKAR,2009,Whole Year,Sannhamp,5,1,0.2
Rajasthan,SIKAR,2009,Whole Year,Sugarcane,12,691,57.58333333
Rajasthan,SIKAR,2009,Whole Year,Sweet potato,50,,
Rajasthan,SIKAR,2010,Kharif,Arhar/Tur,1,1,1
Rajasthan,SIKAR,2010,Kharif,Bajra,328946,431344,1.311291215
Rajasthan,SIKAR,2010,Kharif,Castor seed,2,1,0.5
Rajasthan,SIKAR,2010,Kharif,Cotton(lint),97,42,0.432989691
Rajasthan,SIKAR,2010,Kharif,Groundnut,23763,50344,2.11858772
Rajasthan,SIKAR,2010,Kharif,Jowar,20,14,0.7
Rajasthan,SIKAR,2010,Kharif,Maize,14,25,1.785714286
Rajasthan,SIKAR,2010,Kharif,Moong(Green Gram),17277,8194,0.474272154
Rajasthan,SIKAR,2010,Kharif,Moth,10310,2893,0.280601358
Rajasthan,SIKAR,2010,Kharif,Other Kharif pulses,51911,30962,0.596443914
Rajasthan,SIKAR,2010,Kharif,Sesamum,1232,502,0.407467532
Rajasthan,SIKAR,2010,Rabi,Barley,35743,94401,2.641104552
Rajasthan,SIKAR,2010,Rabi,Gram,84841,94121,1.109381078
Rajasthan,SIKAR,2010,Rabi,Masoor,6,5,0.833333333
Rajasthan,SIKAR,2010,Rabi,other oilseeds,18719,7653,0.408835942
Rajasthan,SIKAR,2010,Rabi,Rapeseed &Mustard,74672,96870,1.297273409
Rajasthan,SIKAR,2010,Rabi,Wheat,100483,343783,3.421305096
Rajasthan,SIKAR,2010,Whole Year,Coriander,18,20,1.111111111
Rajasthan,SIKAR,2010,Whole Year,Dry chillies,147,35,0.238095238
Rajasthan,SIKAR,2010,Whole Year,Garlic,91,91,1
Rajasthan,SIKAR,2010,Whole Year,Guar seed,63743,50001,0.784415544
Rajasthan,SIKAR,2010,Whole Year,Onion,9373,165507,17.65784701
Rajasthan,SIKAR,2010,Whole Year,Potato,4,13,3.25
Rajasthan,SIKAR,2010,Whole Year,Sannhamp,2,,
Rajasthan,SIKAR,2010,Whole Year,Sugarcane,15,1005,67
Rajasthan,SIKAR,2010,Whole Year,Sweet potato,98,490,5
Rajasthan,SIROHI,1997,Kharif,Arhar/Tur,800,800,1
Rajasthan,SIROHI,1997,Kharif,Bajra,19400,10300,0.530927835
Rajasthan,SIROHI,1997,Kharif,Castor seed,18300,34500,1.885245902
Rajasthan,SIROHI,1997,Kharif,Cotton(lint),4600,12352,2.685217391
Rajasthan,SIROHI,1997,Kharif,Groundnut,2300,2500,1.086956522
Rajasthan,SIROHI,1997,Kharif,Jowar,6300,3000,0.476190476
Rajasthan,SIROHI,1997,Kharif,Maize,27700,27900,1.007220217
Rajasthan,SIROHI,1997,Kharif,Onion,100,100,1
Rajasthan,SIROHI,1997,Kharif,Sesamum,15700,6300,0.401273885
Rajasthan,SIROHI,1997,Rabi,Barley,1600,3400,2.125
Rajasthan,SIROHI,1997,Rabi,Gram,6400,5600,0.875
Rajasthan,SIROHI,1997,Rabi,Rapeseed &Mustard,41500,48500,1.168674699
Rajasthan,SIROHI,1997,Rabi,Wheat,35800,68300,1.907821229
Rajasthan,SIROHI,1997,Whole Year,Potato,100,400,4
Rajasthan,SIROHI,1998,Kharif,Arhar/Tur,520,689,1.325
Rajasthan,SIROHI,1998,Kharif,Bajra,15330,6597,0.430332681
Rajasthan,SIROHI,1998,Kharif,Castor seed,19179,29286,1.526982637
Rajasthan,SIROHI,1998,Kharif,Cotton(lint),5006,1727,0.344986017
Rajasthan,SIROHI,1998,Kharif,Groundnut,3338,3641,1.090772918
Rajasthan,SIROHI,1998,Kharif,Jowar,5656,1625,0.287305516
Rajasthan,SIROHI,1998,Kharif,Maize,26551,20997,0.790817672
Rajasthan,SIROHI,1998,Kharif,Mesta,1,,
Rajasthan,SIROHI,1998,Kharif,Moong(Green Gram),5356,277,0.0517177
Rajasthan,SIROHI,1998,Kharif,Moth,61,7,0.114754098
Rajasthan,SIROHI,1998,Kharif,Other Kharif pulses,3401,202,0.059394296
Rajasthan,SIROHI,1998,Kharif,Rice,11,14,1.272727273
Rajasthan,SIROHI,1998,Kharif,Sannhamp,11,,
Rajasthan,SIROHI,1998,Kharif,Sesamum,9903,512,0.051701505
Rajasthan,SIROHI,1998,Kharif,Soyabean,8,11,1.375
Rajasthan,SIROHI,1998,Kharif,Urad,1762,560,0.317820658
Rajasthan,SIROHI,1998,Rabi,Barley,1535,3033,1.975895765
Rajasthan,SIROHI,1998,Rabi,Gram,10337,7613,0.736480604
Rajasthan,SIROHI,1998,Rabi,Linseed,8,5,0.625
Rajasthan,SIROHI,1998,Rabi,Other  Rabi pulses,142,70,0.492957746
Rajasthan,SIROHI,1998,Rabi,Peas & beans (Pulses),10,10,1
Rajasthan,SIROHI,1998,Rabi,Rapeseed &Mustard,32888,34795,1.057984675
Rajasthan,SIROHI,1998,Rabi,Tobacco,36,100,2.777777778
Rajasthan,SIROHI,1998,Rabi,Wheat,30078,58798,1.954850721
Rajasthan,SIROHI,1998,Whole Year,Coriander,9,8,0.888888889
Rajasthan,SIROHI,1998,Whole Year,Dry chillies,217,46,0.211981567
Rajasthan,SIROHI,1998,Whole Year,Garlic,27,27,1
Rajasthan,SIROHI,1998,Whole Year,Onion,100,150,1.5
Rajasthan,SIROHI,1998,Whole Year,Potato,179,531,2.966480447
Rajasthan,SIROHI,1998,Whole Year,Sugarcane,2,95,47.5
Rajasthan,SIROHI,1998,Whole Year,Sweet potato,13,13,1
Rajasthan,SIROHI,1999,Kharif,Arhar/Tur,611,8,0.01309329
Rajasthan,SIROHI,1999,Kharif,Bajra,13793,4705,0.341115058
Rajasthan,SIROHI,1999,Kharif,Castor seed,31928,9858,0.308757204
Rajasthan,SIROHI,1999,Kharif,Cotton(lint),4350,1527,0.351034483
Rajasthan,SIROHI,1999,Kharif,Groundnut,1916,1850,0.965553236
Rajasthan,SIROHI,1999,Kharif,Jowar,5081,1583,0.311552844
Rajasthan,SIROHI,1999,Kharif,Maize,23920,5564,0.232608696
Rajasthan,SIROHI,1999,Kharif,Mesta,2,,
Rajasthan,SIROHI,1999,Kharif,Moong(Green Gram),4197,30,0.007147963
Rajasthan,SIROHI,1999,Kharif,Moth,6,,
Rajasthan,SIROHI,1999,Kharif,Other Kharif pulses,2927,8,0.002733174
Rajasthan,SIROHI,1999,Kharif,Rice,8,10,1.25
Rajasthan,SIROHI,1999,Kharif,Sesamum,7667,391,0.050997783
Rajasthan,SIROHI,1999,Kharif,Small millets,2707,76,0.02807536
Rajasthan,SIROHI,1999,Kharif,Urad,1150,325,0.282608696
Rajasthan,SIROHI,1999,Rabi,Barley,1180,2383,2.019491525
Rajasthan,SIROHI,1999,Rabi,Gram,1935,1345,0.695090439
Rajasthan,SIROHI,1999,Rabi,Other  Rabi pulses,11,6,0.545454545
Rajasthan,SIROHI,1999,Rabi,Peas & beans (Pulses),4,8,2
Rajasthan,SIROHI,1999,Rabi,Rapeseed &Mustard,12580,9369,0.744753577
Rajasthan,SIROHI,1999,Rabi,Wheat,18603,28780,1.547062302
Rajasthan,SIROHI,1999,Whole Year,Coriander,4,2,0.5
Rajasthan,SIROHI,1999,Whole Year,Dry chillies,298,63,0.211409396
Rajasthan,SIROHI,1999,Whole Year,Garlic,27,27,1
Rajasthan,SIROHI,1999,Whole Year,Guar seed,10459,199,0.019026676
Rajasthan,SIROHI,1999,Whole Year,Onion,65,95,1.461538462
Rajasthan,SIROHI,1999,Whole Year,Potato,160,480,3
Rajasthan,SIROHI,1999,Whole Year,Sannhamp,10,,
Rajasthan,SIROHI,1999,Whole Year,Sweet potato,6,5,0.833333333
Rajasthan,SIROHI,1999,Whole Year,Tobacco,177,531,3
Rajasthan,SIROHI,2000,Kharif,Arhar/Tur,440,,
Rajasthan,SIROHI,2000,Kharif,Bajra,17175,7581,0.44139738
Rajasthan,SIROHI,2000,Kharif,Castor seed,35880,13359,0.372324415
Rajasthan,SIROHI,2000,Kharif,Cotton(lint),2123,1982,0.93358455
Rajasthan,SIROHI,2000,Kharif,Groundnut,1109,1024,0.923354373
Rajasthan,SIROHI,2000,Kharif,Jowar,5767,1151,0.199583839
Rajasthan,SIROHI,2000,Kharif,Maize,25229,33054,1.310158944
Rajasthan,SIROHI,2000,Kharif,Mesta,5,4,0.8
Rajasthan,SIROHI,2000,Kharif,Moong(Green Gram),4614,750,0.162548765
Rajasthan,SIROHI,2000,Kharif,Moth,13,2,0.153846154
Rajasthan,SIROHI,2000,Kharif,Other Kharif pulses,2339,132,0.056434374
Rajasthan,SIROHI,2000,Kharif,Rice,7,6,0.857142857
Rajasthan,SIROHI,2000,Kharif,Sesamum,7894,654,0.082847732
Rajasthan,SIROHI,2000,Kharif,Small millets,4281,26,0.006073347
Rajasthan,SIROHI,2000,Kharif,Urad,805,232,0.288198758
Rajasthan,SIROHI,2000,Rabi,Barley,1360,2469,1.815441176
Rajasthan,SIROHI,2000,Rabi,Gram,986,581,0.589249493
Rajasthan,SIROHI,2000,Rabi,Linseed,2,1,0.5
Rajasthan,SIROHI,2000,Rabi,Other  Rabi pulses,39,18,0.461538462
Rajasthan,SIROHI,2000,Rabi,Peas & beans (Pulses),4,4,1
Rajasthan,SIROHI,2000,Rabi,Rapeseed &Mustard,3134,3107,0.991384812
Rajasthan,SIROHI,2000,Rabi,Wheat,15218,25630,1.684189775
Rajasthan,SIROHI,2000,Whole Year,Coriander,2,1,0.5
Rajasthan,SIROHI,2000,Whole Year,Dry chillies,261,62,0.237547893
Rajasthan,SIROHI,2000,Whole Year,Garlic,12,12,1
Rajasthan,SIROHI,2000,Whole Year,Guar seed,18643,876,0.046988146
Rajasthan,SIROHI,2000,Whole Year,Onion,58,87,1.5
Rajasthan,SIROHI,2000,Whole Year,Potato,85,254,2.988235294
Rajasthan,SIROHI,2000,Whole Year,Sannhamp,7,8,1.142857143
Rajasthan,SIROHI,2000,Whole Year,Sweet potato,1,1,1
Rajasthan,SIROHI,2000,Whole Year,Tobacco,15,45,3
Rajasthan,SIROHI,2001,Kharif,Arhar/Tur,524,525,1.001908397
Rajasthan,SIROHI,2001,Kharif,Bajra,22625,16847,0.744618785
Rajasthan,SIROHI,2001,Kharif,Castor seed,17777,31424,1.767677336
Rajasthan,SIROHI,2001,Kharif,Cotton(lint),2231,4918,2.204392649
Rajasthan,SIROHI,2001,Kharif,Groundnut,1197,1468,1.226399332
Rajasthan,SIROHI,2001,Kharif,Jowar,6894,2853,0.41383812
Rajasthan,SIROHI,2001,Kharif,Maize,27498,50357,1.831296822
Rajasthan,SIROHI,2001,Kharif,Moong(Green Gram),6344,1488,0.234552333
Rajasthan,SIROHI,2001,Kharif,Moth,59,14,0.237288136
Rajasthan,SIROHI,2001,Kharif,Other Kharif pulses,2679,1777,0.663307204
Rajasthan,SIROHI,2001,Kharif,Rice,7,9,1.285714286
Rajasthan,SIROHI,2001,Kharif,Sesamum,11511,3241,0.281556772
Rajasthan,SIROHI,2001,Kharif,Small millets,5539,4421,0.798158512
Rajasthan,SIROHI,2001,Kharif,Urad,971,352,0.362512873
Rajasthan,SIROHI,2001,Rabi,Barley,1308,3364,2.571865443
Rajasthan,SIROHI,2001,Rabi,Gram,3705,2811,0.758704453
Rajasthan,SIROHI,2001,Rabi,Linseed,55,43,0.781818182
Rajasthan,SIROHI,2001,Rabi,Other  Rabi pulses,62,31,0.5
Rajasthan,SIROHI,2001,Rabi,Peas & beans (Pulses),6,6,1
Rajasthan,SIROHI,2001,Rabi,Rapeseed &Mustard,13820,11460,0.829232996
Rajasthan,SIROHI,2001,Rabi,Wheat,22526,51029,2.265337832
Rajasthan,SIROHI,2001,Whole Year,Coriander,9,4,0.444444444
Rajasthan,SIROHI,2001,Whole Year,Dry chillies,304,152,0.5
Rajasthan,SIROHI,2001,Whole Year,Garlic,17,17,1
Rajasthan,SIROHI,2001,Whole Year,Guar seed,23508,23508,1
Rajasthan,SIROHI,2001,Whole Year,Onion,90,135,1.5
Rajasthan,SIROHI,2001,Whole Year,Potato,66,197,2.984848485
Rajasthan,SIROHI,2001,Whole Year,Sannhamp,15,11,0.733333333
Rajasthan,SIROHI,2001,Whole Year,Sweet potato,10,10,1
Rajasthan,SIROHI,2001,Whole Year,Tobacco,28,84,3
Rajasthan,SIROHI,2002,Kharif,Arhar/Tur,362,3,0.008287293
Rajasthan,SIROHI,2002,Kharif,Bajra,21769,4861,0.223299187
Rajasthan,SIROHI,2002,Kharif,Castor seed,9816,1717,0.1749185
Rajasthan,SIROHI,2002,Kharif,Cotton(lint),2189,1729,0.789858383
Rajasthan,SIROHI,2002,Kharif,Groundnut,1746,896,0.513172967
Rajasthan,SIROHI,2002,Kharif,Jowar,3091,716,0.231640246
Rajasthan,SIROHI,2002,Kharif,Maize,27803,8219,0.295615581
Rajasthan,SIROHI,2002,Kharif,Mesta,2,,
Rajasthan,SIROHI,2002,Kharif,Moong(Green Gram),7705,1087,0.141077223
Rajasthan,SIROHI,2002,Kharif,Moth,7,,
Rajasthan,SIROHI,2002,Kharif,Other Kharif pulses,2919,238,0.081534772
Rajasthan,SIROHI,2002,Kharif,Rice,3,2,0.666666667
Rajasthan,SIROHI,2002,Kharif,Sesamum,10627,1219,0.11470782
Rajasthan,SIROHI,2002,Kharif,Small millets,5405,41,0.007585569
Rajasthan,SIROHI,2002,Kharif,Urad,872,159,0.18233945
Rajasthan,SIROHI,2002,Rabi,Barley,896,2087,2.329241071
Rajasthan,SIROHI,2002,Rabi,Gram,155,117,0.75483871
Rajasthan,SIROHI,2002,Rabi,Other  Rabi pulses,48,0,0
Rajasthan,SIROHI,2002,Rabi,Peas & beans (Pulses),1,1,1
Rajasthan,SIROHI,2002,Rabi,Rapeseed &Mustard,3154,2700,0.856055802
Rajasthan,SIROHI,2002,Rabi,Wheat,10087,24429,2.421830078
Rajasthan,SIROHI,2002,Whole Year,Citrus Fruit,43,0,0
Rajasthan,SIROHI,2002,Whole Year,Coriander,3,2,0.666666667
Rajasthan,SIROHI,2002,Whole Year,Dry chillies,204,46,0.225490196
Rajasthan,SIROHI,2002,Whole Year,Garlic,5,4,0.8
Rajasthan,SIROHI,2002,Whole Year,Guar seed,4824,23,0.004767828
Rajasthan,SIROHI,2002,Whole Year,Onion,46,69,1.5
Rajasthan,SIROHI,2002,Whole Year,Other Fresh Fruits,46,0,0
Rajasthan,SIROHI,2002,Whole Year,Other Vegetables,1707,0,0
Rajasthan,SIROHI,2002,Whole Year,Papaya,2,1,0.5
Rajasthan,SIROHI,2002,Whole Year,Potato,91,273,3
Rajasthan,SIROHI,2002,Whole Year,Sannhamp,6,,
Rajasthan,SIROHI,2002,Whole Year,Sweet potato,11,9,0.818181818
Rajasthan,SIROHI,2002,Whole Year,Tobacco,14,42,3
Rajasthan,SIROHI,2002,Whole Year,Water Melon,2,0,0
Rajasthan,SIROHI,2003,Kharif,Arhar/Tur,366,366,1
Rajasthan,SIROHI,2003,Kharif,Bajra,29450,33474,1.13663837
Rajasthan,SIROHI,2003,Kharif,Castor seed,13803,23486,1.701514164
Rajasthan,SIROHI,2003,Kharif,Cotton(lint),1147,3505,3.055797733
Rajasthan,SIROHI,2003,Kharif,Groundnut,1409,2184,1.550035486
Rajasthan,SIROHI,2003,Kharif,Jowar,3695,4014,1.086332882
Rajasthan,SIROHI,2003,Kharif,Maize,30647,55814,1.821189676
Rajasthan,SIROHI,2003,Kharif,Moong(Green Gram),9585,7041,0.73458529
Rajasthan,SIROHI,2003,Kharif,Moth,15,8,0.533333333
Rajasthan,SIROHI,2003,Kharif,Other Kharif pulses,3546,3429,0.967005076
Rajasthan,SIROHI,2003,Kharif,Rice,6,10,1.666666667
Rajasthan,SIROHI,2003,Kharif,Sesamum,12378,5316,0.429471643
Rajasthan,SIROHI,2003,Kharif,Small millets,5571,4436,0.796266379
Rajasthan,SIROHI,2003,Kharif,Urad,958,500,0.521920668
Rajasthan,SIROHI,2003,Rabi,Barley,1171,2633,2.248505551
Rajasthan,SIROHI,2003,Rabi,Gram,4638,2935,0.632815869
Rajasthan,SIROHI,2003,Rabi,Linseed,5,4,0.8
Rajasthan,SIROHI,2003,Rabi,Other  Rabi pulses,91,46,0.505494505
Rajasthan,SIROHI,2003,Rabi,Peas & beans (Pulses),1,1,1
Rajasthan,SIROHI,2003,Rabi,Rapeseed &Mustard,21217,22044,1.038978178
Rajasthan,SIROHI,2003,Rabi,Wheat,26658,70468,2.643409108
Rajasthan,SIROHI,2003,Whole Year,Citrus Fruit,21,0,0
Rajasthan,SIROHI,2003,Whole Year,Coriander,12,15,1.25
Rajasthan,SIROHI,2003,Whole Year,Dry chillies,211,105,0.497630332
Rajasthan,SIROHI,2003,Whole Year,Garlic,23,23,1
Rajasthan,SIROHI,2003,Whole Year,Guar seed,5723,,
Rajasthan,SIROHI,2003,Whole Year,Onion,62,101,1.629032258
Rajasthan,SIROHI,2003,Whole Year,Other Fresh Fruits,148,0,0
Rajasthan,SIROHI,2003,Whole Year,other oilseeds,4539,4641,1.02247191
Rajasthan,SIROHI,2003,Whole Year,Other Vegetables,1912,0,0
Rajasthan,SIROHI,2003,Whole Year,Papaya,3,3,1
Rajasthan,SIROHI,2003,Whole Year,Potato,136,408,3
Rajasthan,SIROHI,2003,Whole Year,Sannhamp,5,20,4
Rajasthan,SIROHI,2003,Whole Year,Sweet potato,12,12,1
Rajasthan,SIROHI,2003,Whole Year,Tobacco,17,,
Rajasthan,SIROHI,2004,Kharif,Arhar/Tur,405,171,0.422222222
Rajasthan,SIROHI,2004,Kharif,Bajra,22714,14907,0.656291274
Rajasthan,SIROHI,2004,Kharif,Castor seed,24755,23336,0.942678247
Rajasthan,SIROHI,2004,Kharif,Cotton(lint),2303,3817,1.657403387
Rajasthan,SIROHI,2004,Kharif,Groundnut,4120,4511,1.094902913
Rajasthan,SIROHI,2004,Kharif,Jowar,2866,1415,0.49371947
Rajasthan,SIROHI,2004,Kharif,Maize,28205,12942,0.458854813
Rajasthan,SIROHI,2004,Kharif,Moong(Green Gram),6876,598,0.086969168
Rajasthan,SIROHI,2004,Kharif,Moth,3,,
Rajasthan,SIROHI,2004,Kharif,Other Kharif pulses,2648,564,0.212990937
Rajasthan,SIROHI,2004,Kharif,Rice,1,2,2
Rajasthan,SIROHI,2004,Kharif,Sesamum,14736,2250,0.152687296
Rajasthan,SIROHI,2004,Kharif,Small millets,3781,1129,0.298598254
Rajasthan,SIROHI,2004,Kharif,Urad,932,336,0.360515021
Rajasthan,SIROHI,2004,Rabi,Barley,674,1605,2.381305638
Rajasthan,SIROHI,2004,Rabi,Gram,2180,1627,0.746330275
Rajasthan,SIROHI,2004,Rabi,Other  Rabi pulses,465,796,1.711827957
Rajasthan,SIROHI,2004,Rabi,Peas & beans (Pulses),116,59,0.50862069
Rajasthan,SIROHI,2004,Rabi,Rapeseed &Mustard,16172,9877,0.61074697
Rajasthan,SIROHI,2004,Rabi,Small millets,190,190,1
Rajasthan,SIROHI,2004,Rabi,Wheat,16300,30254,1.85607362
Rajasthan,SIROHI,2004,Whole Year,Coriander,2,2,1
Rajasthan,SIROHI,2004,Whole Year,Dry chillies,223,90,0.403587444
Rajasthan,SIROHI,2004,Whole Year,Garlic,16,16,1
Rajasthan,SIROHI,2004,Whole Year,Guar seed,12841,643,0.050073982
Rajasthan,SIROHI,2004,Whole Year,Onion,57,83,1.456140351
Rajasthan,SIROHI,2004,Whole Year,Potato,141,423,3
Rajasthan,SIROHI,2004,Whole Year,Sannhamp,19,68,3.578947368
Rajasthan,SIROHI,2004,Whole Year,Sweet potato,15,10,0.666666667
Rajasthan,SIROHI,2004,Whole Year,Tobacco,72,42,0.583333333
Rajasthan,SIROHI,2005,Kharif,Arhar/Tur,1283,1165,0.908028059
Rajasthan,SIROHI,2005,Kharif,Bajra,26028,11302,0.434224681
Rajasthan,SIROHI,2005,Kharif,Castor seed,22431,38198,1.70291115
Rajasthan,SIROHI,2005,Kharif,Cotton(lint),1156,2058,1.780276817
Rajasthan,SIROHI,2005,Kharif,Groundnut,6611,8668,1.311148087
Rajasthan,SIROHI,2005,Kharif,Jowar,2911,1783,0.612504294
Rajasthan,SIROHI,2005,Kharif,Maize,26927,32977,1.224681546
Rajasthan,SIROHI,2005,Kharif,Moong(Green Gram),6864,2366,0.34469697
Rajasthan,SIROHI,2005,Kharif,Moth,9,1,0.111111111
Rajasthan,SIROHI,2005,Kharif,Other Kharif pulses,2547,1720,0.67530428
Rajasthan,SIROHI,2005,Kharif,Rice,1,2,2
Rajasthan,SIROHI,2005,Kharif,Sesamum,16508,6846,0.41470802
Rajasthan,SIROHI,2005,Kharif,Small millets,3900,2921,0.748974359
Rajasthan,SIROHI,2005,Kharif,Urad,738,182,0.246612466
Rajasthan,SIROHI,2005,Rabi,Barley,1048,2381,2.271946565
Rajasthan,SIROHI,2005,Rabi,Gram,3724,1648,0.442534909
Rajasthan,SIROHI,2005,Rabi,Other  Rabi pulses,116,59,0.50862069
Rajasthan,SIROHI,2005,Rabi,Rapeseed &Mustard,29016,30356,1.046181417
Rajasthan,SIROHI,2005,Rabi,Small millets,524,516,0.984732824
Rajasthan,SIROHI,2005,Rabi,Wheat,27201,64336,2.365207162
Rajasthan,SIROHI,2005,Whole Year,Coriander,4,4,1
Rajasthan,SIROHI,2005,Whole Year,Dry chillies,206,103,0.5
Rajasthan,SIROHI,2005,Whole Year,Garlic,13,13,1
Rajasthan,SIROHI,2005,Whole Year,Guar seed,11927,9708,0.813951539
Rajasthan,SIROHI,2005,Whole Year,Onion,37,56,1.513513514
Rajasthan,SIROHI,2005,Whole Year,Potato,107,330,3.08411215
Rajasthan,SIROHI,2005,Whole Year,Sannhamp,7,28,4
Rajasthan,SIROHI,2005,Whole Year,Sugarcane,31,1888,60.90322581
Rajasthan,SIROHI,2005,Whole Year,Sweet potato,8,8,1
Rajasthan,SIROHI,2005,Whole Year,Tobacco,14,42,3
Rajasthan,SIROHI,2006,Kharif,Arhar/Tur,844,652,0.772511848
Rajasthan,SIROHI,2006,Kharif,Bajra,24227,12282,0.50695505
Rajasthan,SIROHI,2006,Kharif,Castor seed,14883,25664,1.724383525
Rajasthan,SIROHI,2006,Kharif,Cotton(lint),976,323,0.330942623
Rajasthan,SIROHI,2006,Kharif,Groundnut,5757,7040,1.222859128
Rajasthan,SIROHI,2006,Kharif,Jowar,3447,1430,0.414853496
Rajasthan,SIROHI,2006,Kharif,Maize,28270,16337,0.577891758
Rajasthan,SIROHI,2006,Kharif,Moong(Green Gram),7816,2545,0.325614125
Rajasthan,SIROHI,2006,Kharif,Moth,14,2,0.142857143
Rajasthan,SIROHI,2006,Kharif,Other Kharif pulses,2257,1753,0.776694728
Rajasthan,SIROHI,2006,Kharif,Rice,7,11,1.571428571
Rajasthan,SIROHI,2006,Kharif,Sesamum,9150,1381,0.150928962
Rajasthan,SIROHI,2006,Kharif,Small millets,4181,2822,0.674958144
Rajasthan,SIROHI,2006,Kharif,Urad,814,236,0.28992629
Rajasthan,SIROHI,2006,Rabi,Barley,1326,3377,2.546757164
Rajasthan,SIROHI,2006,Rabi,Gram,5933,5877,0.990561267
Rajasthan,SIROHI,2006,Rabi,Masoor,6,6,1
Rajasthan,SIROHI,2006,Rabi,Other  Rabi pulses,295,800,2.711864407
Rajasthan,SIROHI,2006,Rabi,Peas & beans (Pulses),18,18,1
Rajasthan,SIROHI,2006,Rabi,Rapeseed &Mustard,38467,40105,1.042581953
Rajasthan,SIROHI,2006,Rabi,Wheat,46191,109237,2.364897924
Rajasthan,SIROHI,2006,Whole Year,Coriander,7,8,1.142857143
Rajasthan,SIROHI,2006,Whole Year,Dry chillies,224,110,0.491071429
Rajasthan,SIROHI,2006,Whole Year,Garlic,13,13,1
Rajasthan,SIROHI,2006,Whole Year,Guar seed,1630,879,0.539263804
Rajasthan,SIROHI,2006,Whole Year,Onion,58,88,1.517241379
Rajasthan,SIROHI,2006,Whole Year,Potato,132,395,2.992424242
Rajasthan,SIROHI,2006,Whole Year,Sannhamp,8,28,3.5
Rajasthan,SIROHI,2006,Whole Year,Sweet potato,44,27,0.613636364
Rajasthan,SIROHI,2006,Whole Year,Tobacco,61,183,3
Rajasthan,SIROHI,2007,Kharif,Arhar/Tur,653,653,1
Rajasthan,SIROHI,2007,Kharif,Bajra,18578,10218,0.550005383
Rajasthan,SIROHI,2007,Kharif,Castor seed,30412,57106,1.877745627
Rajasthan,SIROHI,2007,Kharif,Cotton(lint),1999,738,0.369184592
Rajasthan,SIROHI,2007,Kharif,Groundnut,5221,7669,1.468875694
Rajasthan,SIROHI,2007,Kharif,Maize,28689,53061,1.849524208
Rajasthan,SIROHI,2007,Kharif,Moong(Green Gram),9764,3857,0.395022532
Rajasthan,SIROHI,2007,Kharif,Moth,125,39,0.312
Rajasthan,SIROHI,2007,Kharif,Other Kharif pulses,1866,1424,0.763129689
Rajasthan,SIROHI,2007,Kharif,Rice,3,6,2
Rajasthan,SIROHI,2007,Kharif,Sesamum,9283,2822,0.303996553
Rajasthan,SIROHI,2007,Kharif,Small millets,2387,1902,0.796816087
Rajasthan,SIROHI,2007,Kharif,Urad,1018,460,0.451866405
Rajasthan,SIROHI,2007,Rabi,Barley,1167,2524,2.162810626
Rajasthan,SIROHI,2007,Rabi,Gram,4118,3285,0.797717339
Rajasthan,SIROHI,2007,Rabi,Other  Rabi pulses,77,39,0.506493506
Rajasthan,SIROHI,2007,Rabi,other oilseeds,62,17,0.274193548
Rajasthan,SIROHI,2007,Rabi,Rapeseed &Mustard,23524,27929,1.187255569
Rajasthan,SIROHI,2007,Rabi,Small millets,462,231,0.5
Rajasthan,SIROHI,2007,Rabi,Wheat,39349,92695,2.355714249
Rajasthan,SIROHI,2007,Whole Year,Banana,5,,
Rajasthan,SIROHI,2007,Whole Year,Coriander,1,1,1
Rajasthan,SIROHI,2007,Whole Year,Dry chillies,256,127,0.49609375
Rajasthan,SIROHI,2007,Whole Year,Garlic,16,15,0.9375
Rajasthan,SIROHI,2007,Whole Year,Guar seed,5713,5713,1
Rajasthan,SIROHI,2007,Whole Year,Onion,50,76,1.52
Rajasthan,SIROHI,2007,Whole Year,Potato,218,651,2.986238532
Rajasthan,SIROHI,2007,Whole Year,Sannhamp,6,2,0.333333333
Rajasthan,SIROHI,2007,Whole Year,Sweet potato,18,18,1
Rajasthan,SIROHI,2007,Whole Year,Tobacco,24,72,3
Rajasthan,SIROHI,2008,Kharif,Arhar/Tur,594,424,0.713804714
Rajasthan,SIROHI,2008,Kharif,Bajra,14438,7789,0.539479152
Rajasthan,SIROHI,2008,Kharif,Castor seed,35988,53264,1.480048905
Rajasthan,SIROHI,2008,Kharif,Cotton(lint),2454,981,0.399755501
Rajasthan,SIROHI,2008,Kharif,Groundnut,5049,9187,1.819568231
Rajasthan,SIROHI,2008,Kharif,Jowar,3261,1675,0.513646121
Rajasthan,SIROHI,2008,Kharif,Maize,28261,36233,1.282084852
Rajasthan,SIROHI,2008,Kharif,Moong(Green Gram),5955,1127,0.189252729
Rajasthan,SIROHI,2008,Kharif,Moth,1,,
Rajasthan,SIROHI,2008,Kharif,Other Kharif pulses,1520,925,0.608552632
Rajasthan,SIROHI,2008,Kharif,Rice,3,5,1.666666667
Rajasthan,SIROHI,2008,Kharif,Sesamum,11289,1603,0.141996634
Rajasthan,SIROHI,2008,Kharif,Small millets,2330,1179,0.506008584
Rajasthan,SIROHI,2008,Kharif,Urad,1017,434,0.426745329
Rajasthan,SIROHI,2008,Rabi,Barley,717,2195,3.061366806
Rajasthan,SIROHI,2008,Rabi,Gram,1670,824,0.493413174
Rajasthan,SIROHI,2008,Rabi,other oilseeds,57,21,0.368421053
Rajasthan,SIROHI,2008,Rabi,Rapeseed &Mustard,19708,15802,0.801806373
Rajasthan,SIROHI,2008,Rabi,Small millets,343,309,0.900874636
Rajasthan,SIROHI,2008,Rabi,Wheat,24790,52778,2.12900363
Rajasthan,SIROHI,2008,Whole Year,Coriander,4,5,1.25
Rajasthan,SIROHI,2008,Whole Year,Dry chillies,201,93,0.462686567
Rajasthan,SIROHI,2008,Whole Year,Garlic,10,8,0.8
Rajasthan,SIROHI,2008,Whole Year,Guar seed,5315,2007,0.377610536
Rajasthan,SIROHI,2008,Whole Year,Onion,51,77,1.509803922
Rajasthan,SIROHI,2008,Whole Year,Potato,116,348,3
Rajasthan,SIROHI,2008,Whole Year,Sannhamp,6,15,2.5
Rajasthan,SIROHI,2008,Whole Year,Sugarcane,1,59,59
Rajasthan,SIROHI,2008,Whole Year,Sweet potato,8,,
Rajasthan,SIROHI,2008,Whole Year,Tobacco,29,73,2.517241379
Rajasthan,SIROHI,2009,Kharif,Arhar/Tur,311,,
Rajasthan,SIROHI,2009,Kharif,Bajra,18087,3211,0.177530823
Rajasthan,SIROHI,2009,Kharif,Castor seed,29127,7433,0.255192776
Rajasthan,SIROHI,2009,Kharif,Cotton(lint),1790,420,0.234636872
Rajasthan,SIROHI,2009,Kharif,Groundnut,4607,5201,1.128934231
Rajasthan,SIROHI,2009,Kharif,Jowar,5709,1170,0.204939569
Rajasthan,SIROHI,2009,Kharif,Maize,28004,10327,0.368768747
Rajasthan,SIROHI,2009,Kharif,Moong(Green Gram),6149,381,0.061961295
Rajasthan,SIROHI,2009,Kharif,Moth,14,,
Rajasthan,SIROHI,2009,Kharif,Other Kharif pulses,1598,82,0.051314143
Rajasthan,SIROHI,2009,Kharif,Sesamum,16004,790,0.049362659
Rajasthan,SIROHI,2009,Kharif,Small millets,2202,170,0.077202543
Rajasthan,SIROHI,2009,Kharif,Urad,871,38,0.043628014
Rajasthan,SIROHI,2009,Rabi,Barley,638,1770,2.774294671
Rajasthan,SIROHI,2009,Rabi,Gram,209,139,0.66507177
Rajasthan,SIROHI,2009,Rabi,other oilseeds,11,4,0.363636364
Rajasthan,SIROHI,2009,Rabi,Rapeseed &Mustard,7654,6891,0.900313562
Rajasthan,SIROHI,2009,Rabi,Small millets,442,398,0.900452489
Rajasthan,SIROHI,2009,Rabi,Wheat,18016,44115,2.44865675
Rajasthan,SIROHI,2009,Whole Year,Coriander,1,1,1
Rajasthan,SIROHI,2009,Whole Year,Dry chillies,241,62,0.257261411
Rajasthan,SIROHI,2009,Whole Year,Garlic,2,2,1
Rajasthan,SIROHI,2009,Whole Year,Guar seed,13280,270,0.020331325
Rajasthan,SIROHI,2009,Whole Year,Onion,55,83,1.509090909
Rajasthan,SIROHI,2009,Whole Year,Potato,123,369,3
Rajasthan,SIROHI,2009,Whole Year,Sannhamp,30,65,2.166666667
Rajasthan,SIROHI,2009,Whole Year,Tobacco,26,65,2.5
Rajasthan,SIROHI,2010,Kharif,Arhar/Tur,239,234,0.979079498
Rajasthan,SIROHI,2010,Kharif,Bajra,24198,26821,1.108397388
Rajasthan,SIROHI,2010,Kharif,Castor seed,32879,59546,1.811064813
Rajasthan,SIROHI,2010,Kharif,Cotton(lint),836,363,0.434210526
Rajasthan,SIROHI,2010,Kharif,Groundnut,5536,10243,1.85025289
Rajasthan,SIROHI,2010,Kharif,Jowar,5622,3936,0.700106724
Rajasthan,SIROHI,2010,Kharif,Maize,28948,51700,1.785961034
Rajasthan,SIROHI,2010,Kharif,Moong(Green Gram),7167,4176,0.582670573
Rajasthan,SIROHI,2010,Kharif,Moth,87,42,0.482758621
Rajasthan,SIROHI,2010,Kharif,Other Kharif pulses,1778,1304,0.733408324
Rajasthan,SIROHI,2010,Kharif,Sesamum,16144,7918,0.490460852
Rajasthan,SIROHI,2010,Kharif,Small millets,2709,2160,0.797342193
Rajasthan,SIROHI,2010,Kharif,Soyabean,3,4,1.333333333
Rajasthan,SIROHI,2010,Kharif,Urad,904,666,0.736725664
Rajasthan,SIROHI,2010,Rabi,Barley,1203,3428,2.84954281
Rajasthan,SIROHI,2010,Rabi,Gram,7515,6746,0.897671324
Rajasthan,SIROHI,2010,Rabi,Linseed,10,10,1
Rajasthan,SIROHI,2010,Rabi,other oilseeds,10353,4236,0.409156766
Rajasthan,SIROHI,2010,Rabi,Rapeseed &Mustard,22935,35770,1.559625027
Rajasthan,SIROHI,2010,Rabi,Small millets,569,512,0.899824253
Rajasthan,SIROHI,2010,Rabi,Wheat,39045,114373,2.929261109
Rajasthan,SIROHI,2010,Whole Year,Coriander,3,3,1
Rajasthan,SIROHI,2010,Whole Year,Dry chillies,170,82,0.482352941
Rajasthan,SIROHI,2010,Whole Year,Garlic,16,13,0.8125
Rajasthan,SIROHI,2010,Whole Year,Guar seed,8864,7608,0.858303249
Rajasthan,SIROHI,2010,Whole Year,Onion,33,495,15
Rajasthan,SIROHI,2010,Whole Year,Potato,92,2733,29.70652174
Rajasthan,SIROHI,2010,Whole Year,Sannhamp,17,54,3.176470588
Rajasthan,TONK,1997,Kharif,Arhar/Tur,100,100,1
Rajasthan,TONK,1997,Kharif,Bajra,31100,22000,0.707395498
Rajasthan,TONK,1997,Kharif,Groundnut,26900,27100,1.007434944
Rajasthan,TONK,1997,Kharif,Jowar,84000,31200,0.371428571
Rajasthan,TONK,1997,Kharif,Maize,18900,16500,0.873015873
Rajasthan,TONK,1997,Kharif,Onion,100,500,5
Rajasthan,TONK,1997,Kharif,Sesamum,1100,200,0.181818182
Rajasthan,TONK,1997,Kharif,Sugarcane,400,18500,46.25
Rajasthan,TONK,1997,Rabi,Barley,13000,21800,1.676923077
Rajasthan,TONK,1997,Rabi,Gram,92600,68400,0.738660907
Rajasthan,TONK,1997,Rabi,Linseed,2900,1100,0.379310345
Rajasthan,TONK,1997,Rabi,Rapeseed &Mustard,157500,105000,0.666666667
Rajasthan,TONK,1997,Rabi,Wheat,105500,177700,1.68436019
Rajasthan,TONK,1998,Kharif,Arhar/Tur,35,46,1.314285714
Rajasthan,TONK,1998,Kharif,Bajra,30082,15024,0.499434878
Rajasthan,TONK,1998,Kharif,Castor seed,1,1,1
Rajasthan,TONK,1998,Kharif,Cotton(lint),242,56,0.231404959
Rajasthan,TONK,1998,Kharif,Groundnut,32810,21077,0.642395611
Rajasthan,TONK,1998,Kharif,Jowar,74911,27360,0.36523341
Rajasthan,TONK,1998,Kharif,Maize,19163,17945,0.936440015
Rajasthan,TONK,1998,Kharif,Moong(Green Gram),31872,3340,0.104794177
Rajasthan,TONK,1998,Kharif,Moth,147,17,0.115646259
Rajasthan,TONK,1998,Kharif,Other Kharif pulses,42,9,0.214285714
Rajasthan,TONK,1998,Kharif,Rice,33,40,1.212121212
Rajasthan,TONK,1998,Kharif,Sannhamp,19,1,0.052631579
Rajasthan,TONK,1998,Kharif,Sesamum,2479,789,0.318273497
Rajasthan,TONK,1998,Kharif,Soyabean,535,704,1.31588785
Rajasthan,TONK,1998,Kharif,Urad,9508,1524,0.160286075
Rajasthan,TONK,1998,Rabi,Barley,8875,15252,1.718535211
Rajasthan,TONK,1998,Rabi,Gram,111701,88623,0.793394867
Rajasthan,TONK,1998,Rabi,Linseed,2016,933,0.462797619
Rajasthan,TONK,1998,Rabi,Masoor,70,74,1.057142857
Rajasthan,TONK,1998,Rabi,Other  Rabi pulses,595,391,0.657142857
Rajasthan,TONK,1998,Rabi,Peas & beans (Pulses),104,334,3.211538462
Rajasthan,TONK,1998,Rabi,Rapeseed &Mustard,142187,117975,0.829717203
Rajasthan,TONK,1998,Rabi,Wheat,111265,201716,1.812933088
Rajasthan,TONK,1998,Whole Year,Coriander,338,306,0.905325444
Rajasthan,TONK,1998,Whole Year,Dry chillies,1928,2117,1.098029046
Rajasthan,TONK,1998,Whole Year,Garlic,7,,
Rajasthan,TONK,1998,Whole Year,Onion,169,1038,6.142011834
Rajasthan,TONK,1998,Whole Year,Potato,14,98,7
Rajasthan,TONK,1998,Whole Year,Sugarcane,381,27338,71.75328084
Rajasthan,TONK,1998,Whole Year,Sweet potato,6,29,4.833333333
Rajasthan,TONK,1999,Kharif,Arhar/Tur,55,26,0.472727273
Rajasthan,TONK,1999,Kharif,Bajra,24605,12012,0.488193457
Rajasthan,TONK,1999,Kharif,Castor seed,1,,
Rajasthan,TONK,1999,Kharif,Cotton(lint),293,84,0.28668942
Rajasthan,TONK,1999,Kharif,Groundnut,26795,9537,0.355924613
Rajasthan,TONK,1999,Kharif,Jowar,61826,14395,0.232830848
Rajasthan,TONK,1999,Kharif,Maize,16597,10259,0.618123757
Rajasthan,TONK,1999,Kharif,Moong(Green Gram),19380,7826,0.403818369
Rajasthan,TONK,1999,Kharif,Moth,66,3,0.045454545
Rajasthan,TONK,1999,Kharif,Other Kharif pulses,42,5,0.119047619
Rajasthan,TONK,1999,Kharif,Rice,155,196,1.264516129
Rajasthan,TONK,1999,Kharif,Sesamum,2495,237,0.09498998
Rajasthan,TONK,1999,Kharif,Soyabean,118,144,1.220338983
Rajasthan,TONK,1999,Kharif,Urad,3064,945,0.308420366
Rajasthan,TONK,1999,Rabi,Barley,6628,9801,1.478726614
Rajasthan,TONK,1999,Rabi,Gram,46598,28740,0.616764668
Rajasthan,TONK,1999,Rabi,Linseed,939,251,0.267305644
Rajasthan,TONK,1999,Rabi,Masoor,57,22,0.385964912
Rajasthan,TONK,1999,Rabi,Other  Rabi pulses,501,376,0.750499002
Rajasthan,TONK,1999,Rabi,Peas & beans (Pulses),97,259,2.670103093
Rajasthan,TONK,1999,Rabi,Rapeseed &Mustard,217207,169955,0.782456367
Rajasthan,TONK,1999,Rabi,Wheat,89880,114307,1.271773476
Rajasthan,TONK,1999,Whole Year,Coriander,101,30,0.297029703
Rajasthan,TONK,1999,Whole Year,Dry chillies,2157,2578,1.195178489
Rajasthan,TONK,1999,Whole Year,Garlic,14,3,0.214285714
Rajasthan,TONK,1999,Whole Year,Guar seed,16608,4409,0.26547447
Rajasthan,TONK,1999,Whole Year,Onion,96,643,6.697916667
Rajasthan,TONK,1999,Whole Year,Potato,17,90,5.294117647
Rajasthan,TONK,1999,Whole Year,Sannhamp,12,3,0.25
Rajasthan,TONK,1999,Whole Year,Sugarcane,320,14691,45.909375
Rajasthan,TONK,1999,Whole Year,Sweet potato,1,5,5
Rajasthan,TONK,1999,Whole Year,Tapioca,5,17,3.4
Rajasthan,TONK,1999,Whole Year,Tobacco,19,,
Rajasthan,TONK,2000,Kharif,Arhar/Tur,48,,
Rajasthan,TONK,2000,Kharif,Bajra,34477,20137,0.58407054
Rajasthan,TONK,2000,Kharif,Castor seed,19,21,1.105263158
Rajasthan,TONK,2000,Kharif,Cotton(lint),244,388,1.590163934
Rajasthan,TONK,2000,Kharif,Groundnut,18809,9606,0.510712957
Rajasthan,TONK,2000,Kharif,Jowar,80482,3579,0.044469571
Rajasthan,TONK,2000,Kharif,Maize,17946,18020,1.004123482
Rajasthan,TONK,2000,Kharif,Moong(Green Gram),30163,9670,0.320591453
Rajasthan,TONK,2000,Kharif,Moth,82,12,0.146341463
Rajasthan,TONK,2000,Kharif,Other Kharif pulses,26,5,0.192307692
Rajasthan,TONK,2000,Kharif,Rice,70,66,0.942857143
Rajasthan,TONK,2000,Kharif,Sesamum,4450,522,0.117303371
Rajasthan,TONK,2000,Kharif,Soyabean,111,77,0.693693694
Rajasthan,TONK,2000,Kharif,Urad,4161,1791,0.430425379
Rajasthan,TONK,2000,Rabi,Barley,8368,13364,1.597036329
Rajasthan,TONK,2000,Rabi,Gram,32066,14584,0.45481195
Rajasthan,TONK,2000,Rabi,Linseed,705,186,0.263829787
Rajasthan,TONK,2000,Rabi,Masoor,45,17,0.377777778
Rajasthan,TONK,2000,Rabi,Other  Rabi pulses,137,80,0.583941606
Rajasthan,TONK,2000,Rabi,Peas & beans (Pulses),55,213,3.872727273
Rajasthan,TONK,2000,Rabi,Rapeseed &Mustard,102307,76134,0.744171953
Rajasthan,TONK,2000,Rabi,Wheat,70478,108495,1.539416556
Rajasthan,TONK,2000,Whole Year,Coriander,183,60,0.327868852
Rajasthan,TONK,2000,Whole Year,Dry chillies,1812,1850,1.020971302
Rajasthan,TONK,2000,Whole Year,Garlic,3,1,0.333333333
Rajasthan,TONK,2000,Whole Year,Guar seed,31202,1055,0.033811935
Rajasthan,TONK,2000,Whole Year,Onion,114,846,7.421052632
Rajasthan,TONK,2000,Whole Year,Potato,18,83,4.611111111
Rajasthan,TONK,2000,Whole Year,Sannhamp,8,1,0.125
Rajasthan,TONK,2000,Whole Year,Sugarcane,201,13628,67.80099502
Rajasthan,TONK,2001,Kharif,Arhar/Tur,38,,
Rajasthan,TONK,2001,Kharif,Bajra,39817,27393,0.687972474
Rajasthan,TONK,2001,Kharif,Castor seed,3,7,2.333333333
Rajasthan,TONK,2001,Kharif,Cotton(lint),719,394,0.54798331
Rajasthan,TONK,2001,Kharif,Groundnut,22347,12240,0.547724527
Rajasthan,TONK,2001,Kharif,Jowar,69879,9331,0.133530818
Rajasthan,TONK,2001,Kharif,Maize,17297,18410,1.064346418
Rajasthan,TONK,2001,Kharif,Moong(Green Gram),54257,10836,0.199716166
Rajasthan,TONK,2001,Kharif,Moth,88,21,0.238636364
Rajasthan,TONK,2001,Kharif,Other Kharif pulses,40,14,0.35
Rajasthan,TONK,2001,Kharif,Rice,12,15,1.25
Rajasthan,TONK,2001,Kharif,Sesamum,9611,3011,0.313286859
Rajasthan,TONK,2001,Kharif,Soyabean,54,59,1.092592593
Rajasthan,TONK,2001,Kharif,Urad,16814,6265,0.372606162
Rajasthan,TONK,2001,Rabi,Barley,5752,12636,2.196801113
Rajasthan,TONK,2001,Rabi,Gram,25184,17247,0.684839581
Rajasthan,TONK,2001,Rabi,Linseed,108,81,0.75
Rajasthan,TONK,2001,Rabi,Masoor,50,22,0.44
Rajasthan,TONK,2001,Rabi,Other  Rabi pulses,100,92,0.92
Rajasthan,TONK,2001,Rabi,Peas & beans (Pulses),52,170,3.269230769
Rajasthan,TONK,2001,Rabi,Rapeseed &Mustard,101544,62855,0.618992752
Rajasthan,TONK,2001,Rabi,Wheat,60297,123635,2.050433687
Rajasthan,TONK,2001,Whole Year,Coriander,314,115,0.366242038
Rajasthan,TONK,2001,Whole Year,Dry chillies,1878,2361,1.257188498
Rajasthan,TONK,2001,Whole Year,Garlic,6,48,8
Rajasthan,TONK,2001,Whole Year,Guar seed,15053,6338,0.421045639
Rajasthan,TONK,2001,Whole Year,Onion,71,502,7.070422535
Rajasthan,TONK,2001,Whole Year,Potato,11,68,6.181818182
Rajasthan,TONK,2001,Whole Year,Sannhamp,7,2,0.285714286
Rajasthan,TONK,2001,Whole Year,Sugarcane,153,8691,56.80392157
Rajasthan,TONK,2001,Whole Year,Turmeric,1,2,2
Rajasthan,TONK,2002,Kharif,Arhar/Tur,7,,
Rajasthan,TONK,2002,Kharif,Bajra,56725,21579,0.380414279
Rajasthan,TONK,2002,Kharif,Castor seed,4,2,0.5
Rajasthan,TONK,2002,Kharif,Cotton(lint),593,388,0.654300169
Rajasthan,TONK,2002,Kharif,Groundnut,19076,541,0.028360243
Rajasthan,TONK,2002,Kharif,Jowar,79045,3123,0.03950914
Rajasthan,TONK,2002,Kharif,Maize,14746,1030,0.069849451
Rajasthan,TONK,2002,Kharif,Moong(Green Gram),65202,4506,0.06910831
Rajasthan,TONK,2002,Kharif,Moth,27,1,0.037037037
Rajasthan,TONK,2002,Kharif,Other Kharif pulses,57,5,0.087719298
Rajasthan,TONK,2002,Kharif,Rice,10,8,0.8
Rajasthan,TONK,2002,Kharif,Sesamum,19051,404,0.021206236
Rajasthan,TONK,2002,Kharif,Soyabean,20,10,0.5
Rajasthan,TONK,2002,Kharif,Urad,30427,1279,0.042035035
Rajasthan,TONK,2002,Rabi,Barley,6201,9041,1.457990647
Rajasthan,TONK,2002,Rabi,Gram,2625,1601,0.609904762
Rajasthan,TONK,2002,Rabi,Linseed,10,6,0.6
Rajasthan,TONK,2002,Rabi,Masoor,17,8,0.470588235
Rajasthan,TONK,2002,Rabi,Other  Rabi pulses,35,0,0
Rajasthan,TONK,2002,Rabi,Peas & beans (Pulses),82,289,3.524390244
Rajasthan,TONK,2002,Rabi,Rapeseed &Mustard,12598,11409,0.90561994
Rajasthan,TONK,2002,Rabi,Wheat,39825,80975,2.033270559
Rajasthan,TONK,2002,Whole Year,Citrus Fruit,66,0,0
Rajasthan,TONK,2002,Whole Year,Coriander,41,16,0.390243902
Rajasthan,TONK,2002,Whole Year,Dry chillies,806,771,0.956575682
Rajasthan,TONK,2002,Whole Year,Garlic,8,16,2
Rajasthan,TONK,2002,Whole Year,Guar seed,6533,307,0.046992193
Rajasthan,TONK,2002,Whole Year,Mango,71,0,0
Rajasthan,TONK,2002,Whole Year,Onion,24,186,7.75
Rajasthan,TONK,2002,Whole Year,Orange,2,0,0
Rajasthan,TONK,2002,Whole Year,Other Fresh Fruits,413,0,0
Rajasthan,TONK,2002,Whole Year,Other Vegetables,2961,0,0
Rajasthan,TONK,2002,Whole Year,Papaya,10,11,1.1
Rajasthan,TONK,2002,Whole Year,Pome Fruit,31,0,0
Rajasthan,TONK,2002,Whole Year,Potato,4,24,6
Rajasthan,TONK,2002,Whole Year,Sannhamp,14,,
Rajasthan,TONK,2002,Whole Year,Sugarcane,113,3097,27.40707965
Rajasthan,TONK,2002,Whole Year,Sweet potato,1,4,4
Rajasthan,TONK,2002,Whole Year,Turmeric,1,2,2
Rajasthan,TONK,2002,Whole Year,Water Melon,18,0,0
Rajasthan,TONK,2003,Kharif,Arhar/Tur,24,12,0.5
Rajasthan,TONK,2003,Kharif,Bajra,93578,135494,1.447925795
Rajasthan,TONK,2003,Kharif,Castor seed,3,2,0.666666667
Rajasthan,TONK,2003,Kharif,Cotton(lint),255,523,2.050980392
Rajasthan,TONK,2003,Kharif,Groundnut,9406,7134,0.758452052
Rajasthan,TONK,2003,Kharif,Jowar,99432,53534,0.538398101
Rajasthan,TONK,2003,Kharif,Maize,16362,22596,1.381004767
Rajasthan,TONK,2003,Kharif,Moong(Green Gram),68449,36498,0.53321451
Rajasthan,TONK,2003,Kharif,Moth,33,17,0.515151515
Rajasthan,TONK,2003,Kharif,Other Kharif pulses,85,47,0.552941176
Rajasthan,TONK,2003,Kharif,Rice,5,8,1.6
Rajasthan,TONK,2003,Kharif,Sesamum,12544,7662,0.610809949
Rajasthan,TONK,2003,Kharif,Soyabean,20,28,1.4
Rajasthan,TONK,2003,Kharif,Urad,33817,16476,0.487210575
Rajasthan,TONK,2003,Rabi,Barley,6182,13722,2.21967001
Rajasthan,TONK,2003,Rabi,Gram,31738,17392,0.547986641
Rajasthan,TONK,2003,Rabi,Linseed,156,99,0.634615385
Rajasthan,TONK,2003,Rabi,Masoor,70,87,1.242857143
Rajasthan,TONK,2003,Rabi,Other  Rabi pulses,7,5,0.714285714
Rajasthan,TONK,2003,Rabi,Peas & beans (Pulses),66,246,3.727272727
Rajasthan,TONK,2003,Rabi,Rapeseed &Mustard,91331,87847,0.96185304
Rajasthan,TONK,2003,Rabi,Wheat,47241,124621,2.637983955
Rajasthan,TONK,2003,Whole Year,Citrus Fruit,66,0,0
Rajasthan,TONK,2003,Whole Year,Coriander,248,308,1.241935484
Rajasthan,TONK,2003,Whole Year,Dry chillies,1202,1803,1.5
Rajasthan,TONK,2003,Whole Year,Garlic,21,10,0.476190476
Rajasthan,TONK,2003,Whole Year,Grapes,1,0,0
Rajasthan,TONK,2003,Whole Year,Guar seed,12127,,
Rajasthan,TONK,2003,Whole Year,Mango,67,0,0
Rajasthan,TONK,2003,Whole Year,Onion,49,390,7.959183673
Rajasthan,TONK,2003,Whole Year,Orange,3,0,0
Rajasthan,TONK,2003,Whole Year,Other Fresh Fruits,599,0,0
Rajasthan,TONK,2003,Whole Year,other oilseeds,4392,3531,0.803961749
Rajasthan,TONK,2003,Whole Year,Other Vegetables,2929,0,0
Rajasthan,TONK,2003,Whole Year,Papaya,9,63,7
Rajasthan,TONK,2003,Whole Year,Pome Fruit,29,0,0
Rajasthan,TONK,2003,Whole Year,Potato,11,86,7.818181818
Rajasthan,TONK,2003,Whole Year,Sannhamp,18,4,0.222222222
Rajasthan,TONK,2003,Whole Year,Sugarcane,50,2149,42.98
Rajasthan,TONK,2003,Whole Year,Sweet potato,23,92,4
Rajasthan,TONK,2003,Whole Year,Water Melon,42,0,0
Rajasthan,TONK,2004,Kharif,Arhar/Tur,10,,
Rajasthan,TONK,2004,Kharif,Bajra,45191,53712,1.188555243
Rajasthan,TONK,2004,Kharif,Castor seed,22,13,0.590909091
Rajasthan,TONK,2004,Kharif,Cotton(lint),438,764,1.744292237
Rajasthan,TONK,2004,Kharif,Groundnut,11921,5568,0.46707491
Rajasthan,TONK,2004,Kharif,Jowar,48718,17875,0.366907509
Rajasthan,TONK,2004,Kharif,Maize,15494,14662,0.946301794
Rajasthan,TONK,2004,Kharif,Moong(Green Gram),52268,16433,0.314398867
Rajasthan,TONK,2004,Kharif,Moth,52,7,0.134615385
Rajasthan,TONK,2004,Kharif,Other Kharif pulses,61,19,0.31147541
Rajasthan,TONK,2004,Kharif,Rice,5,8,1.6
Rajasthan,TONK,2004,Kharif,Sesamum,25160,11608,0.46136725
Rajasthan,TONK,2004,Kharif,Soyabean,40,57,1.425
Rajasthan,TONK,2004,Kharif,Urad,9449,2914,0.308392422
Rajasthan,TONK,2004,Rabi,Barley,5308,9768,1.840241145
Rajasthan,TONK,2004,Rabi,Gram,25050,17819,0.711337325
Rajasthan,TONK,2004,Rabi,Linseed,138,53,0.384057971
Rajasthan,TONK,2004,Rabi,Masoor,24,24,1
Rajasthan,TONK,2004,Rabi,Other  Rabi pulses,1623,2482,1.52926679
Rajasthan,TONK,2004,Rabi,Peas & beans (Pulses),440,425,0.965909091
Rajasthan,TONK,2004,Rabi,Rapeseed &Mustard,274225,263273,0.960061993
Rajasthan,TONK,2004,Rabi,Wheat,60615,169243,2.792097666
Rajasthan,TONK,2004,Whole Year,Coriander,69,79,1.144927536
Rajasthan,TONK,2004,Whole Year,Dry chillies,1562,2340,1.498079385
Rajasthan,TONK,2004,Whole Year,Garlic,52,26,0.5
Rajasthan,TONK,2004,Whole Year,Guar seed,4255,3324,0.78119859
Rajasthan,TONK,2004,Whole Year,Onion,78,614,7.871794872
Rajasthan,TONK,2004,Whole Year,Potato,6,48,8
Rajasthan,TONK,2004,Whole Year,Sannhamp,7,2,0.285714286
Rajasthan,TONK,2004,Whole Year,Sugarcane,54,3201,59.27777778
Rajasthan,TONK,2004,Whole Year,Sweet potato,23,92,4
Rajasthan,TONK,2004,Whole Year,Turmeric,2,4,2
Rajasthan,TONK,2005,Kharif,Arhar/Tur,31,16,0.516129032
Rajasthan,TONK,2005,Kharif,Bajra,52691,31029,0.588886148
Rajasthan,TONK,2005,Kharif,Cotton(lint),318,594,1.867924528
Rajasthan,TONK,2005,Kharif,Groundnut,12076,13404,1.109970189
Rajasthan,TONK,2005,Kharif,Jowar,61443,23108,0.376088407
Rajasthan,TONK,2005,Kharif,Maize,15190,12060,0.793943384
Rajasthan,TONK,2005,Kharif,Moong(Green Gram),53744,10351,0.192598244
Rajasthan,TONK,2005,Kharif,Moth,76,9,0.118421053
Rajasthan,TONK,2005,Kharif,Other Kharif pulses,46,10,0.217391304
Rajasthan,TONK,2005,Kharif,Rice,4,6,1.5
Rajasthan,TONK,2005,Kharif,Sesamum,16145,3206,0.19857541
Rajasthan,TONK,2005,Kharif,Soyabean,83,95,1.144578313
Rajasthan,TONK,2005,Kharif,Urad,7314,3010,0.411539513
Rajasthan,TONK,2005,Rabi,Barley,4627,10319,2.230170737
Rajasthan,TONK,2005,Rabi,Gram,13804,7677,0.556143147
Rajasthan,TONK,2005,Rabi,Linseed,125,47,0.376
Rajasthan,TONK,2005,Rabi,Masoor,16,15,0.9375
Rajasthan,TONK,2005,Rabi,Other  Rabi pulses,440,425,0.965909091
Rajasthan,TONK,2005,Rabi,Peas & beans (Pulses),53,200,3.773584906
Rajasthan,TONK,2005,Rabi,Rapeseed &Mustard,296889,298267,1.004641465
Rajasthan,TONK,2005,Rabi,Wheat,54647,138646,2.537120061
Rajasthan,TONK,2005,Whole Year,Coriander,28,29,1.035714286
Rajasthan,TONK,2005,Whole Year,Dry chillies,936,1401,1.496794872
Rajasthan,TONK,2005,Whole Year,Garlic,8,4,0.5
Rajasthan,TONK,2005,Whole Year,Guar seed,5298,4625,0.872970932
Rajasthan,TONK,2005,Whole Year,Onion,39,157,4.025641026
Rajasthan,TONK,2005,Whole Year,Potato,4,30,7.5
Rajasthan,TONK,2005,Whole Year,Sannhamp,5,5,1
Rajasthan,TONK,2005,Whole Year,Sugarcane,84,6239,74.27380952
Rajasthan,TONK,2005,Whole Year,Sweet potato,20,80,4
Rajasthan,TONK,2005,Whole Year,Turmeric,1,,
Rajasthan,TONK,2006,Kharif,Arhar/Tur,2,1,0.5
Rajasthan,TONK,2006,Kharif,Bajra,52970,45618,0.861204455
Rajasthan,TONK,2006,Kharif,Castor seed,6,6,1
Rajasthan,TONK,2006,Kharif,Cotton(lint),187,68,0.363636364
Rajasthan,TONK,2006,Kharif,Groundnut,14127,2585,0.18298294
Rajasthan,TONK,2006,Kharif,Jowar,72764,21271,0.292328624
Rajasthan,TONK,2006,Kharif,Maize,13658,11323,0.829037926
Rajasthan,TONK,2006,Kharif,Moong(Green Gram),39597,11665,0.294593025
Rajasthan,TONK,2006,Kharif,Moth,68,11,0.161764706
Rajasthan,TONK,2006,Kharif,Other Kharif pulses,95,39,0.410526316
Rajasthan,TONK,2006,Kharif,Sesamum,9405,1721,0.182987772
Rajasthan,TONK,2006,Kharif,Soyabean,94,113,1.20212766
Rajasthan,TONK,2006,Kharif,Urad,4153,1575,0.37924392
Rajasthan,TONK,2006,Rabi,Barley,4174,8172,1.957834212
Rajasthan,TONK,2006,Rabi,Gram,6664,4959,0.744147659
Rajasthan,TONK,2006,Rabi,Linseed,30,17,0.566666667
Rajasthan,TONK,2006,Rabi,Masoor,29,26,0.896551724
Rajasthan,TONK,2006,Rabi,Other  Rabi pulses,132,132,1
Rajasthan,TONK,2006,Rabi,Peas & beans (Pulses),21,21,1
Rajasthan,TONK,2006,Rabi,Rapeseed &Mustard,180757,146677,0.811459584
Rajasthan,TONK,2006,Rabi,Wheat,63430,163346,2.575216774
Rajasthan,TONK,2006,Whole Year,Coriander,8,9,1.125
Rajasthan,TONK,2006,Whole Year,Dry chillies,852,1245,1.461267606
Rajasthan,TONK,2006,Whole Year,Garlic,4,4,1
Rajasthan,TONK,2006,Whole Year,Guar seed,4025,4037,1.002981366
Rajasthan,TONK,2006,Whole Year,Onion,47,186,3.957446809
Rajasthan,TONK,2006,Whole Year,Potato,47,107,2.276595745
Rajasthan,TONK,2006,Whole Year,Sannhamp,8,,
Rajasthan,TONK,2006,Whole Year,Sugarcane,97,4520,46.59793814
Rajasthan,TONK,2006,Whole Year,Sweet potato,8,29,3.625
Rajasthan,TONK,2007,Kharif,Arhar/Tur,3,,
Rajasthan,TONK,2007,Kharif,Bajra,63215,78004,1.233947639
Rajasthan,TONK,2007,Kharif,Castor seed,4,4,1
Rajasthan,TONK,2007,Kharif,Cotton(lint),165,65,0.393939394
Rajasthan,TONK,2007,Kharif,Groundnut,10571,6465,0.611578848
Rajasthan,TONK,2007,Kharif,Jowar,80978,46388,0.572846946
Rajasthan,TONK,2007,Kharif,Maize,13710,12385,0.903355215
Rajasthan,TONK,2007,Kharif,Moong(Green Gram),61547,24422,0.396802444
Rajasthan,TONK,2007,Kharif,Moth,63,20,0.317460317
Rajasthan,TONK,2007,Kharif,Other Kharif pulses,87,31,0.356321839
Rajasthan,TONK,2007,Kharif,Sesamum,17740,7297,0.411330327
Rajasthan,TONK,2007,Kharif,Soyabean,87,117,1.344827586
Rajasthan,TONK,2007,Kharif,Urad,9376,5811,0.619773891
Rajasthan,TONK,2007,Rabi,Barley,5335,9586,1.796813496
Rajasthan,TONK,2007,Rabi,Gram,10112,6928,0.685126582
Rajasthan,TONK,2007,Rabi,Linseed,1,1,1
Rajasthan,TONK,2007,Rabi,Masoor,66,47,0.712121212
Rajasthan,TONK,2007,Rabi,Other  Rabi pulses,311,311,1
Rajasthan,TONK,2007,Rabi,other oilseeds,5516,1547,0.280456853
Rajasthan,TONK,2007,Rabi,Peas & beans (Pulses),75,59,0.786666667
Rajasthan,TONK,2007,Rabi,Rapeseed &Mustard,162829,132748,0.815260181
Rajasthan,TONK,2007,Rabi,Wheat,69961,175020,2.501679507
Rajasthan,TONK,2007,Whole Year,Coriander,34,26,0.764705882
Rajasthan,TONK,2007,Whole Year,Dry chillies,1109,1663,1.499549143
Rajasthan,TONK,2007,Whole Year,Garlic,53,50,0.943396226
Rajasthan,TONK,2007,Whole Year,Guar seed,6554,6532,0.996643271
Rajasthan,TONK,2007,Whole Year,Onion,96,379,3.947916667
Rajasthan,TONK,2007,Whole Year,Potato,8,27,3.375
Rajasthan,TONK,2007,Whole Year,Sannhamp,4,1,0.25
Rajasthan,TONK,2007,Whole Year,Sugarcane,58,3497,60.29310345
Rajasthan,TONK,2007,Whole Year,Sweet potato,38,130,3.421052632
Rajasthan,TONK,2008,Kharif,Arhar/Tur,8,,
Rajasthan,TONK,2008,Kharif,Bajra,53482,74511,1.393197711
Rajasthan,TONK,2008,Kharif,Castor seed,6,9,1.5
Rajasthan,TONK,2008,Kharif,Cotton(lint),85,35,0.411764706
Rajasthan,TONK,2008,Kharif,Groundnut,15781,17459,1.106330397
Rajasthan,TONK,2008,Kharif,Jowar,62498,28348,0.453582515
Rajasthan,TONK,2008,Kharif,Maize,13356,14293,1.070155735
Rajasthan,TONK,2008,Kharif,Moong(Green Gram),42626,12777,0.299746634
Rajasthan,TONK,2008,Kharif,Moth,66,18,0.272727273
Rajasthan,TONK,2008,Kharif,Other Kharif pulses,150,79,0.526666667
Rajasthan,TONK,2008,Kharif,Sesamum,47502,18142,0.381920761
Rajasthan,TONK,2008,Kharif,Soyabean,153,149,0.973856209
Rajasthan,TONK,2008,Kharif,Urad,8722,4013,0.460100894
Rajasthan,TONK,2008,Rabi,Barley,5394,12221,2.265665554
Rajasthan,TONK,2008,Rabi,Gram,23296,17729,0.761031937
Rajasthan,TONK,2008,Rabi,Linseed,81,21,0.259259259
Rajasthan,TONK,2008,Rabi,Masoor,81,70,0.864197531
Rajasthan,TONK,2008,Rabi,Other  Rabi pulses,128,106,0.828125
Rajasthan,TONK,2008,Rabi,other oilseeds,7052,3097,0.439166194
Rajasthan,TONK,2008,Rabi,Peas & beans (Pulses),62,62,1
Rajasthan,TONK,2008,Rabi,Rapeseed &Mustard,240420,221329,0.920593129
Rajasthan,TONK,2008,Rabi,Wheat,40643,105913,2.605934601
Rajasthan,TONK,2008,Whole Year,Coriander,32,36,1.125
Rajasthan,TONK,2008,Whole Year,Dry chillies,895,1342,1.499441341
Rajasthan,TONK,2008,Whole Year,Garlic,2,1,0.5
Rajasthan,TONK,2008,Whole Year,Guar seed,5317,4259,0.80101561
Rajasthan,TONK,2008,Whole Year,Onion,31,128,4.129032258
Rajasthan,TONK,2008,Whole Year,Potato,2,12,6
Rajasthan,TONK,2008,Whole Year,Sugarcane,35,1325,37.85714286
Rajasthan,TONK,2008,Whole Year,Sweet potato,60,,
Rajasthan,TONK,2009,Kharif,Arhar/Tur,2,,
Rajasthan,TONK,2009,Kharif,Bajra,67765,35814,0.528502914
Rajasthan,TONK,2009,Kharif,Castor seed,32,,
Rajasthan,TONK,2009,Kharif,Cotton(lint),441,152,0.344671202
Rajasthan,TONK,2009,Kharif,Groundnut,14860,8295,0.55820996
Rajasthan,TONK,2009,Kharif,Jowar,80210,2479,0.030906371
Rajasthan,TONK,2009,Kharif,Maize,13951,3596,0.2577593
Rajasthan,TONK,2009,Kharif,Moong(Green Gram),34078,1615,0.047391279
Rajasthan,TONK,2009,Kharif,Moth,53,2,0.037735849
Rajasthan,TONK,2009,Kharif,Other Kharif pulses,112,11,0.098214286
Rajasthan,TONK,2009,Kharif,Rice,7,11,1.571428571
Rajasthan,TONK,2009,Kharif,Sesamum,72821,6736,0.09250079
Rajasthan,TONK,2009,Kharif,Small millets,1,,
Rajasthan,TONK,2009,Kharif,Soyabean,86,101,1.174418605
Rajasthan,TONK,2009,Kharif,Urad,5210,513,0.098464491
Rajasthan,TONK,2009,Rabi,Barley,4732,9362,1.978444632
Rajasthan,TONK,2009,Rabi,Gram,11061,5553,0.502034174
Rajasthan,TONK,2009,Rabi,Linseed,3,1,0.333333333
Rajasthan,TONK,2009,Rabi,Masoor,707,632,0.893917963
Rajasthan,TONK,2009,Rabi,Other  Rabi pulses,199,199,1
Rajasthan,TONK,2009,Rabi,other oilseeds,29524,9920,0.335997832
Rajasthan,TONK,2009,Rabi,Rapeseed &Mustard,173695,133548,0.768864964
Rajasthan,TONK,2009,Rabi,Wheat,39926,106733,2.673270551
Rajasthan,TONK,2009,Whole Year,Coriander,13,16,1.230769231
Rajasthan,TONK,2009,Whole Year,Dry chillies,956,1313,1.373430962
Rajasthan,TONK,2009,Whole Year,Garlic,1,,
Rajasthan,TONK,2009,Whole Year,Guar seed,3880,1262,0.325257732
Rajasthan,TONK,2009,Whole Year,Onion,63,185,2.936507937
Rajasthan,TONK,2009,Whole Year,Potato,13,18,1.384615385
Rajasthan,TONK,2009,Whole Year,Sannhamp,12,,
Rajasthan,TONK,2009,Whole Year,Sugarcane,32,1942,60.6875
Rajasthan,TONK,2009,Whole Year,Sweet potato,61,,
Rajasthan,TONK,2009,Whole Year,Turmeric,1,1,1
Rajasthan,TONK,2010,Kharif,Arhar/Tur,4,4,1
Rajasthan,TONK,2010,Kharif,Bajra,71067,109786,1.544823899
Rajasthan,TONK,2010,Kharif,Castor seed,43,20,0.465116279
Rajasthan,TONK,2010,Kharif,Cotton(lint),139,60,0.431654676
Rajasthan,TONK,2010,Kharif,Groundnut,13245,19688,1.486447716
Rajasthan,TONK,2010,Kharif,Jowar,81399,46447,0.570608976
Rajasthan,TONK,2010,Kharif,Maize,13046,16006,1.226889468
Rajasthan,TONK,2010,Kharif,Moong(Green Gram),42677,28745,0.673547813
Rajasthan,TONK,2010,Kharif,Moth,177,86,0.485875706
Rajasthan,TONK,2010,Kharif,Other Kharif pulses,173,92,0.531791908
Rajasthan,TONK,2010,Kharif,Rice,2,4,2
Rajasthan,TONK,2010,Kharif,Sesamum,41855,16021,0.382773862
Rajasthan,TONK,2010,Kharif,Soyabean,67,98,1.462686567
Rajasthan,TONK,2010,Kharif,Urad,5990,4234,0.706844741
Rajasthan,TONK,2010,Rabi,Barley,16945,45660,2.694600177
Rajasthan,TONK,2010,Rabi,Gram,70332,47211,0.671259171
Rajasthan,TONK,2010,Rabi,Linseed,236,119,0.504237288
Rajasthan,TONK,2010,Rabi,Masoor,4155,3625,0.87244284
Rajasthan,TONK,2010,Rabi,Other  Rabi pulses,840,1416,1.685714286
Rajasthan,TONK,2010,Rabi,other oilseeds,57203,23681,0.413981784
Rajasthan,TONK,2010,Rabi,Rapeseed &Mustard,181304,277740,1.531902219
Rajasthan,TONK,2010,Rabi,Wheat,88632,284497,3.209867768
Rajasthan,TONK,2010,Whole Year,Coriander,335,371,1.107462687
Rajasthan,TONK,2010,Whole Year,Dry chillies,777,1164,1.498069498
Rajasthan,TONK,2010,Whole Year,Garlic,9,2,0.222222222
Rajasthan,TONK,2010,Whole Year,Guar seed,2764,1428,0.516642547
Rajasthan,TONK,2010,Whole Year,Onion,86,409,4.755813953
Rajasthan,TONK,2010,Whole Year,Potato,7,42,6
Rajasthan,TONK,2010,Whole Year,Sannhamp,6,2,0.333333333
Rajasthan,TONK,2010,Whole Year,Sugarcane,32,2539,79.34375
Rajasthan,TONK,2010,Whole Year,Sweet potato,77,308,4
Rajasthan,UDAIPUR,1997,Kharif,Arhar/Tur,4300,4400,1.023255814
Rajasthan,UDAIPUR,1997,Kharif,Groundnut,5100,5400,1.058823529
Rajasthan,UDAIPUR,1997,Kharif,Jowar,9300,5300,0.569892473
Rajasthan,UDAIPUR,1997,Kharif,Maize,170700,267700,1.568248389
Rajasthan,UDAIPUR,1997,Kharif,Rice,10200,8700,0.852941176
Rajasthan,UDAIPUR,1997,Kharif,Sesamum,3200,600,0.1875
Rajasthan,UDAIPUR,1997,Kharif,Soyabean,500,700,1.4
Rajasthan,UDAIPUR,1997,Kharif,Sugarcane,1800,96200,53.44444444
Rajasthan,UDAIPUR,1997,Rabi,Barley,10600,22100,2.08490566
Rajasthan,UDAIPUR,1997,Rabi,Gram,28600,26300,0.91958042
Rajasthan,UDAIPUR,1997,Rabi,Linseed,100,100,1
Rajasthan,UDAIPUR,1997,Rabi,Rapeseed &Mustard,14400,10500,0.729166667
Rajasthan,UDAIPUR,1997,Rabi,Wheat,63200,155000,2.452531646
Rajasthan,UDAIPUR,1998,Kharif,Arhar/Tur,3742,5168,1.381079637
Rajasthan,UDAIPUR,1998,Kharif,Bajra,45,19,0.422222222
Rajasthan,UDAIPUR,1998,Kharif,Castor seed,33,46,1.393939394
Rajasthan,UDAIPUR,1998,Kharif,Cotton(lint),18,4,0.222222222
Rajasthan,UDAIPUR,1998,Kharif,Groundnut,5059,4220,0.834156948
Rajasthan,UDAIPUR,1998,Kharif,Jowar,9202,5395,0.58628559
Rajasthan,UDAIPUR,1998,Kharif,Maize,169727,240496,1.41695782
Rajasthan,UDAIPUR,1998,Kharif,Moong(Green Gram),302,31,0.102649007
Rajasthan,UDAIPUR,1998,Kharif,Moth,4,,
Rajasthan,UDAIPUR,1998,Kharif,Other Kharif pulses,711,156,0.219409283
Rajasthan,UDAIPUR,1998,Kharif,Rice,8444,5257,0.622572241
Rajasthan,UDAIPUR,1998,Kharif,Sannhamp,519,157,0.302504817
Rajasthan,UDAIPUR,1998,Kharif,Sesamum,2939,816,0.277645458
Rajasthan,UDAIPUR,1998,Kharif,Soyabean,1125,1480,1.315555556
Rajasthan,UDAIPUR,1998,Kharif,Urad,16889,3784,0.224051158
Rajasthan,UDAIPUR,1998,Rabi,Barley,9245,18388,1.988967009
Rajasthan,UDAIPUR,1998,Rabi,Gram,36817,25257,0.686014613
Rajasthan,UDAIPUR,1998,Rabi,Linseed,176,100,0.568181818
Rajasthan,UDAIPUR,1998,Rabi,Other  Rabi pulses,1842,1977,1.073289902
Rajasthan,UDAIPUR,1998,Rabi,Peas & beans (Pulses),55,194,3.527272727
Rajasthan,UDAIPUR,1998,Rabi,Rapeseed &Mustard,18747,18043,0.962447325
Rajasthan,UDAIPUR,1998,Rabi,Wheat,53548,123316,2.302905804
Rajasthan,UDAIPUR,1998,Whole Year,Coriander,49,44,0.897959184
Rajasthan,UDAIPUR,1998,Whole Year,Dry chillies,904,134,0.148230088
Rajasthan,UDAIPUR,1998,Whole Year,Dry ginger,299,415,1.387959866
Rajasthan,UDAIPUR,1998,Whole Year,Garlic,169,375,2.218934911
Rajasthan,UDAIPUR,1998,Whole Year,Onion,53,170,3.20754717
Rajasthan,UDAIPUR,1998,Whole Year,Potato,6,29,4.833333333
Rajasthan,UDAIPUR,1998,Whole Year,Sugarcane,1552,76600,49.3556701
Rajasthan,UDAIPUR,1998,Whole Year,Sweet potato,8,4,0.5
Rajasthan,UDAIPUR,1998,Whole Year,Turmeric,134,244,1.820895522
Rajasthan,UDAIPUR,1999,Kharif,Arhar/Tur,3438,1522,0.442699244
Rajasthan,UDAIPUR,1999,Kharif,Bajra,27,9,0.333333333
Rajasthan,UDAIPUR,1999,Kharif,Castor seed,21,13,0.619047619
Rajasthan,UDAIPUR,1999,Kharif,Cotton(lint),23,7,0.304347826
Rajasthan,UDAIPUR,1999,Kharif,Dry ginger,325,1113,3.424615385
Rajasthan,UDAIPUR,1999,Kharif,Groundnut,4637,4919,1.060815182
Rajasthan,UDAIPUR,1999,Kharif,Jowar,9949,2777,0.27912353
Rajasthan,UDAIPUR,1999,Kharif,Maize,170004,174297,1.025252347
Rajasthan,UDAIPUR,1999,Kharif,Moong(Green Gram),205,20,0.097560976
Rajasthan,UDAIPUR,1999,Kharif,Moth,7,,
Rajasthan,UDAIPUR,1999,Kharif,Other Kharif pulses,527,72,0.136622391
Rajasthan,UDAIPUR,1999,Kharif,Rice,6452,2877,0.445908246
Rajasthan,UDAIPUR,1999,Kharif,Sesamum,2895,646,0.223143351
Rajasthan,UDAIPUR,1999,Kharif,Small millets,860,70,0.081395349
Rajasthan,UDAIPUR,1999,Kharif,Soyabean,1394,1702,1.220946915
Rajasthan,UDAIPUR,1999,Kharif,Urad,13601,2612,0.192044703
Rajasthan,UDAIPUR,1999,Rabi,Barley,4532,7362,1.624448367
Rajasthan,UDAIPUR,1999,Rabi,Gram,21019,13792,0.656168229
Rajasthan,UDAIPUR,1999,Rabi,Linseed,27,17,0.62962963
Rajasthan,UDAIPUR,1999,Rabi,Other  Rabi pulses,661,537,0.812405446
Rajasthan,UDAIPUR,1999,Rabi,Peas & beans (Pulses),16,35,2.1875
Rajasthan,UDAIPUR,1999,Rabi,Rapeseed &Mustard,7590,7277,0.958761528
Rajasthan,UDAIPUR,1999,Rabi,Wheat,32134,72816,2.266011079
Rajasthan,UDAIPUR,1999,Whole Year,Coriander,83,41,0.493975904
Rajasthan,UDAIPUR,1999,Whole Year,Dry chillies,884,99,0.11199095
Rajasthan,UDAIPUR,1999,Whole Year,Garlic,167,366,2.191616766
Rajasthan,UDAIPUR,1999,Whole Year,Guar seed,6296,1593,0.253017789
Rajasthan,UDAIPUR,1999,Whole Year,Onion,49,160,3.265306122
Rajasthan,UDAIPUR,1999,Whole Year,Potato,7,15,2.142857143
Rajasthan,UDAIPUR,1999,Whole Year,Sannhamp,414,152,0.367149758
Rajasthan,UDAIPUR,1999,Whole Year,Sugarcane,1151,35158,30.54561251
Rajasthan,UDAIPUR,1999,Whole Year,Sweet potato,2,,
Rajasthan,UDAIPUR,1999,Whole Year,Tobacco,4,1,0.25
Rajasthan,UDAIPUR,1999,Whole Year,Turmeric,128,580,4.53125
Rajasthan,UDAIPUR,2000,Kharif,Arhar/Tur,3253,688,0.21149708
Rajasthan,UDAIPUR,2000,Kharif,Bajra,42,18,0.428571429
Rajasthan,UDAIPUR,2000,Kharif,Castor seed,44,18,0.409090909
Rajasthan,UDAIPUR,2000,Kharif,Cotton(lint),23,35,1.52173913
Rajasthan,UDAIPUR,2000,Kharif,Dry ginger,345,970,2.811594203
Rajasthan,UDAIPUR,2000,Kharif,Groundnut,4020,1045,0.259950249
Rajasthan,UDAIPUR,2000,Kharif,Jowar,12199,2078,0.170341831
Rajasthan,UDAIPUR,2000,Kharif,Maize,172239,193590,1.123961472
Rajasthan,UDAIPUR,2000,Kharif,Moong(Green Gram),162,28,0.172839506
Rajasthan,UDAIPUR,2000,Kharif,Moth,2,,
Rajasthan,UDAIPUR,2000,Kharif,Other Kharif pulses,390,66,0.169230769
Rajasthan,UDAIPUR,2000,Kharif,Rice,5879,1663,0.282871237
Rajasthan,UDAIPUR,2000,Kharif,Sesamum,2582,368,0.142525174
Rajasthan,UDAIPUR,2000,Kharif,Small millets,724,5,0.006906077
Rajasthan,UDAIPUR,2000,Kharif,Soyabean,1004,694,0.69123506
Rajasthan,UDAIPUR,2000,Kharif,Urad,11431,1747,0.152830024
Rajasthan,UDAIPUR,2000,Rabi,Barley,2233,3968,1.776981639
Rajasthan,UDAIPUR,2000,Rabi,Gram,2143,848,0.395706953
Rajasthan,UDAIPUR,2000,Rabi,Masoor,1,,
Rajasthan,UDAIPUR,2000,Rabi,Other  Rabi pulses,382,406,1.062827225
Rajasthan,UDAIPUR,2000,Rabi,Peas & beans (Pulses),4,8,2
Rajasthan,UDAIPUR,2000,Rabi,Rapeseed &Mustard,1102,1023,0.92831216
Rajasthan,UDAIPUR,2000,Rabi,Wheat,17488,38009,2.173433211
Rajasthan,UDAIPUR,2000,Whole Year,Banana,6,,
Rajasthan,UDAIPUR,2000,Whole Year,Coriander,63,22,0.349206349
Rajasthan,UDAIPUR,2000,Whole Year,Dry chillies,819,87,0.106227106
Rajasthan,UDAIPUR,2000,Whole Year,Garlic,30,66,2.2
Rajasthan,UDAIPUR,2000,Whole Year,Guar seed,8365,1613,0.192827256
Rajasthan,UDAIPUR,2000,Whole Year,Onion,21,32,1.523809524
Rajasthan,UDAIPUR,2000,Whole Year,Potato,13,34,2.615384615
Rajasthan,UDAIPUR,2000,Whole Year,Sannhamp,455,156,0.342857143
Rajasthan,UDAIPUR,2000,Whole Year,Sugarcane,680,21479,31.58676471
Rajasthan,UDAIPUR,2000,Whole Year,Sweet potato,3,3,1
Rajasthan,UDAIPUR,2000,Whole Year,Tobacco,6,1,0.166666667
Rajasthan,UDAIPUR,2000,Whole Year,Turmeric,101,427,4.227722772
Rajasthan,UDAIPUR,2001,Kharif,Arhar/Tur,3494,3235,0.925872925
Rajasthan,UDAIPUR,2001,Kharif,Bajra,41,31,0.756097561
Rajasthan,UDAIPUR,2001,Kharif,Castor seed,54,34,0.62962963
Rajasthan,UDAIPUR,2001,Kharif,Cotton(lint),41,29,0.707317073
Rajasthan,UDAIPUR,2001,Kharif,Dry ginger,251,1083,4.314741036
Rajasthan,UDAIPUR,2001,Kharif,Groundnut,3703,3702,0.999729949
Rajasthan,UDAIPUR,2001,Kharif,Jowar,10450,6373,0.609856459
Rajasthan,UDAIPUR,2001,Kharif,Maize,176751,261178,1.477660664
Rajasthan,UDAIPUR,2001,Kharif,Moong(Green Gram),172,51,0.296511628
Rajasthan,UDAIPUR,2001,Kharif,Moth,2,0.1,0.05
Rajasthan,UDAIPUR,2001,Kharif,Other Kharif pulses,383,209,0.545691906
Rajasthan,UDAIPUR,2001,Kharif,Rice,6272,7038,1.122130102
Rajasthan,UDAIPUR,2001,Kharif,Sesamum,3154,635,0.201331642
Rajasthan,UDAIPUR,2001,Kharif,Small millets,771,464,0.601815824
Rajasthan,UDAIPUR,2001,Kharif,Soyabean,772,843,1.091968912
Rajasthan,UDAIPUR,2001,Kharif,Urad,11701,3451,0.294932057
Rajasthan,UDAIPUR,2001,Rabi,Barley,4965,8598,1.731722054
Rajasthan,UDAIPUR,2001,Rabi,Gram,7399,3527,0.476686039
Rajasthan,UDAIPUR,2001,Rabi,Linseed,21,17,0.80952381
Rajasthan,UDAIPUR,2001,Rabi,Masoor,3,2,0.666666667
Rajasthan,UDAIPUR,2001,Rabi,Other  Rabi pulses,1192,1289,1.081375839
Rajasthan,UDAIPUR,2001,Rabi,Peas & beans (Pulses),27,80,2.962962963
Rajasthan,UDAIPUR,2001,Rabi,Rapeseed &Mustard,5729,6051,1.056205271
Rajasthan,UDAIPUR,2001,Rabi,Wheat,38959,97378,2.499499474
Rajasthan,UDAIPUR,2001,Whole Year,Coriander,42,20,0.476190476
Rajasthan,UDAIPUR,2001,Whole Year,Dry chillies,904,434,0.480088496
Rajasthan,UDAIPUR,2001,Whole Year,Garlic,57,116,2.035087719
Rajasthan,UDAIPUR,2001,Whole Year,Guar seed,7104,4696,0.661036036
Rajasthan,UDAIPUR,2001,Whole Year,Onion,40,82,2.05
Rajasthan,UDAIPUR,2001,Whole Year,Potato,8,10,1.25
Rajasthan,UDAIPUR,2001,Whole Year,Sannhamp,520,278,0.534615385
Rajasthan,UDAIPUR,2001,Whole Year,Sugarcane,366,17742,48.47540984
Rajasthan,UDAIPUR,2001,Whole Year,Sweet potato,2,,
Rajasthan,UDAIPUR,2001,Whole Year,Tobacco,8,5,0.625
Rajasthan,UDAIPUR,2001,Whole Year,Turmeric,73,341,4.671232877
Rajasthan,UDAIPUR,2002,Kharif,Arhar/Tur,3021,948,0.313803376
Rajasthan,UDAIPUR,2002,Kharif,Bajra,55,12,0.218181818
Rajasthan,UDAIPUR,2002,Kharif,Castor seed,43,20,0.465116279
Rajasthan,UDAIPUR,2002,Kharif,Cotton(lint),61,41,0.672131148
Rajasthan,UDAIPUR,2002,Kharif,Dry ginger,173,614,3.549132948
Rajasthan,UDAIPUR,2002,Kharif,Groundnut,4754,4404,0.926377787
Rajasthan,UDAIPUR,2002,Kharif,Jowar,9732,5137,0.52784628
Rajasthan,UDAIPUR,2002,Kharif,Maize,172056,230069,1.337175106
Rajasthan,UDAIPUR,2002,Kharif,Moong(Green Gram),181,11,0.060773481
Rajasthan,UDAIPUR,2002,Kharif,Moth,1,,
Rajasthan,UDAIPUR,2002,Kharif,Other Kharif pulses,421,48,0.114014252
Rajasthan,UDAIPUR,2002,Kharif,Rice,3683,880,0.23893565
Rajasthan,UDAIPUR,2002,Kharif,Sesamum,3074,1046,0.34027326
Rajasthan,UDAIPUR,2002,Kharif,Small millets,566,74,0.130742049
Rajasthan,UDAIPUR,2002,Kharif,Soyabean,1032,517,0.500968992
Rajasthan,UDAIPUR,2002,Kharif,Urad,11593,2907,0.250754766
Rajasthan,UDAIPUR,2002,Rabi,Barley,2441,3928,1.609176567
Rajasthan,UDAIPUR,2002,Rabi,Gram,1188,1001,0.842592593
Rajasthan,UDAIPUR,2002,Rabi,Linseed,2,1,0.5
Rajasthan,UDAIPUR,2002,Rabi,Other  Rabi pulses,264,22,0.083333333
Rajasthan,UDAIPUR,2002,Rabi,Peas & beans (Pulses),6,15,2.5
Rajasthan,UDAIPUR,2002,Rabi,Rapeseed &Mustard,1611,1567,0.972687772
Rajasthan,UDAIPUR,2002,Rabi,Wheat,16935,38743,2.287747269
Rajasthan,UDAIPUR,2002,Whole Year,Citrus Fruit,36,0,0
Rajasthan,UDAIPUR,2002,Whole Year,Coriander,18,7,0.388888889
Rajasthan,UDAIPUR,2002,Whole Year,Dry chillies,756,127,0.167989418
Rajasthan,UDAIPUR,2002,Whole Year,Garlic,82,159,1.93902439
Rajasthan,UDAIPUR,2002,Whole Year,Guar seed,7816,2585,0.330731832
Rajasthan,UDAIPUR,2002,Whole Year,Onion,13,50,3.846153846
Rajasthan,UDAIPUR,2002,Whole Year,Other Fresh Fruits,29,0,0
Rajasthan,UDAIPUR,2002,Whole Year,Other Vegetables,742,0,0
Rajasthan,UDAIPUR,2002,Whole Year,Pome Fruit,70,0,0
Rajasthan,UDAIPUR,2002,Whole Year,Potato,2,0,0
Rajasthan,UDAIPUR,2002,Whole Year,Sannhamp,408,77,0.18872549
Rajasthan,UDAIPUR,2002,Whole Year,Sugarcane,287,11571,40.31707317
Rajasthan,UDAIPUR,2002,Whole Year,Tobacco,10,2,0.2
Rajasthan,UDAIPUR,2002,Whole Year,Turmeric,50,182,3.64
Rajasthan,UDAIPUR,2003,Kharif,Arhar/Tur,3967,5336,1.345097051
Rajasthan,UDAIPUR,2003,Kharif,Bajra,109,124,1.137614679
Rajasthan,UDAIPUR,2003,Kharif,Castor seed,26,25,0.961538462
Rajasthan,UDAIPUR,2003,Kharif,Cotton(lint),76,158,2.078947368
Rajasthan,UDAIPUR,2003,Kharif,Dry ginger,127,561,4.417322835
Rajasthan,UDAIPUR,2003,Kharif,Groundnut,4822,5846,1.212360017
Rajasthan,UDAIPUR,2003,Kharif,Jowar,10702,3577,0.334236591
Rajasthan,UDAIPUR,2003,Kharif,Maize,180249,360103,1.997808587
Rajasthan,UDAIPUR,2003,Kharif,Moong(Green Gram),223,138,0.618834081
Rajasthan,UDAIPUR,2003,Kharif,Moth,5,3,0.6
Rajasthan,UDAIPUR,2003,Kharif,Other Kharif pulses,518,316,0.61003861
Rajasthan,UDAIPUR,2003,Kharif,Rice,5141,6070,1.180704143
Rajasthan,UDAIPUR,2003,Kharif,Sesamum,3869,1541,0.398294133
Rajasthan,UDAIPUR,2003,Kharif,Small millets,754,576,0.763925729
Rajasthan,UDAIPUR,2003,Kharif,Soyabean,936,1310,1.39957265
Rajasthan,UDAIPUR,2003,Kharif,Urad,11723,4493,0.38326367
Rajasthan,UDAIPUR,2003,Rabi,Barley,4535,12021,2.650716648
Rajasthan,UDAIPUR,2003,Rabi,Gram,9542,12612,1.321735485
Rajasthan,UDAIPUR,2003,Rabi,Linseed,25,20,0.8
Rajasthan,UDAIPUR,2003,Rabi,Other  Rabi pulses,540,670,1.240740741
Rajasthan,UDAIPUR,2003,Rabi,Peas & beans (Pulses),10,17,1.7
Rajasthan,UDAIPUR,2003,Rabi,Rapeseed &Mustard,5991,7825,1.306125855
Rajasthan,UDAIPUR,2003,Rabi,Wheat,33804,82623,2.444178204
Rajasthan,UDAIPUR,2003,Whole Year,Citrus Fruit,35,0,0
Rajasthan,UDAIPUR,2003,Whole Year,Coriander,47,59,1.255319149
Rajasthan,UDAIPUR,2003,Whole Year,Dry chillies,719,433,0.602225313
Rajasthan,UDAIPUR,2003,Whole Year,Garlic,43,101,2.348837209
Rajasthan,UDAIPUR,2003,Whole Year,Guar seed,9610,,
Rajasthan,UDAIPUR,2003,Whole Year,Oilseeds total,1,0,0
Rajasthan,UDAIPUR,2003,Whole Year,Onion,32,59,1.84375
Rajasthan,UDAIPUR,2003,Whole Year,Other Fresh Fruits,73,0,0
Rajasthan,UDAIPUR,2003,Whole Year,other oilseeds,731,170,0.23255814
Rajasthan,UDAIPUR,2003,Whole Year,Other Vegetables,864,0,0
Rajasthan,UDAIPUR,2003,Whole Year,Pome Fruit,52,0,0
Rajasthan,UDAIPUR,2003,Whole Year,Potato,2,4,2
Rajasthan,UDAIPUR,2003,Whole Year,Sannhamp,281,307,1.09252669
Rajasthan,UDAIPUR,2003,Whole Year,Sugarcane,224,10722,47.86607143
Rajasthan,UDAIPUR,2003,Whole Year,Sweet potato,6,7,1.166666667
Rajasthan,UDAIPUR,2003,Whole Year,Tobacco,8,,
Rajasthan,UDAIPUR,2003,Whole Year,Turmeric,61,282,4.62295082
Rajasthan,UDAIPUR,2004,Kharif,Arhar/Tur,3062,1519,0.496080993
Rajasthan,UDAIPUR,2004,Kharif,Bajra,54,35,0.648148148
Rajasthan,UDAIPUR,2004,Kharif,Castor seed,51,30,0.588235294
Rajasthan,UDAIPUR,2004,Kharif,Cotton(lint),233,405,1.738197425
Rajasthan,UDAIPUR,2004,Kharif,Dry ginger,79,140,1.772151899
Rajasthan,UDAIPUR,2004,Kharif,Groundnut,6073,4298,0.707722707
Rajasthan,UDAIPUR,2004,Kharif,Jowar,10716,7093,0.661907428
Rajasthan,UDAIPUR,2004,Kharif,Maize,179279,217572,1.213594453
Rajasthan,UDAIPUR,2004,Kharif,Moong(Green Gram),222,60,0.27027027
Rajasthan,UDAIPUR,2004,Kharif,Moth,6,1,0.166666667
Rajasthan,UDAIPUR,2004,Kharif,Other Kharif pulses,435,165,0.379310345
Rajasthan,UDAIPUR,2004,Kharif,Rice,5564,4165,0.748562185
Rajasthan,UDAIPUR,2004,Kharif,Sesamum,3748,1151,0.307097118
Rajasthan,UDAIPUR,2004,Kharif,Small millets,766,494,0.644908616
Rajasthan,UDAIPUR,2004,Kharif,Soyabean,2073,2955,1.425470333
Rajasthan,UDAIPUR,2004,Kharif,Urad,10534,3244,0.307955193
Rajasthan,UDAIPUR,2004,Rabi,Barley,7734,16181,2.092190328
Rajasthan,UDAIPUR,2004,Rabi,Gram,13427,13051,0.971996723
Rajasthan,UDAIPUR,2004,Rabi,Linseed,174,129,0.74137931
Rajasthan,UDAIPUR,2004,Rabi,Peas & beans (Pulses),5340,8325,1.558988764
Rajasthan,UDAIPUR,2004,Rabi,Rapeseed &Mustard,19704,22246,1.129009338
Rajasthan,UDAIPUR,2004,Rabi,Small millets,17,17,1
Rajasthan,UDAIPUR,2004,Rabi,Wheat,48549,160395,3.303775567
Rajasthan,UDAIPUR,2004,Whole Year,Coriander,92,105,1.141304348
Rajasthan,UDAIPUR,2004,Whole Year,Dry chillies,770,194,0.251948052
Rajasthan,UDAIPUR,2004,Whole Year,Garlic,61,18,0.295081967
Rajasthan,UDAIPUR,2004,Whole Year,Guar seed,10980,7447,0.678233151
Rajasthan,UDAIPUR,2004,Whole Year,Onion,56,68,1.214285714
Rajasthan,UDAIPUR,2004,Whole Year,Potato,7,11,1.571428571
Rajasthan,UDAIPUR,2004,Whole Year,Sannhamp,299,158,0.528428094
Rajasthan,UDAIPUR,2004,Whole Year,Sugarcane,222,13182,59.37837838
Rajasthan,UDAIPUR,2004,Whole Year,Sweet potato,5,5,1
Rajasthan,UDAIPUR,2004,Whole Year,Tobacco,2,5,2.5
Rajasthan,UDAIPUR,2004,Whole Year,Turmeric,46,89,1.934782609
Rajasthan,UDAIPUR,2005,Kharif,Arhar/Tur,3637,3280,0.901842178
Rajasthan,UDAIPUR,2005,Kharif,Bajra,45,20,0.444444444
Rajasthan,UDAIPUR,2005,Kharif,Castor seed,47,25,0.531914894
Rajasthan,UDAIPUR,2005,Kharif,Cotton(lint),214,400,1.869158879
Rajasthan,UDAIPUR,2005,Kharif,Dry ginger,94,175,1.861702128
Rajasthan,UDAIPUR,2005,Kharif,Groundnut,5865,4592,0.782949702
Rajasthan,UDAIPUR,2005,Kharif,Jowar,8042,2218,0.275802039
Rajasthan,UDAIPUR,2005,Kharif,Maize,179595,201995,1.124725076
Rajasthan,UDAIPUR,2005,Kharif,Moong(Green Gram),257,41,0.159533074
Rajasthan,UDAIPUR,2005,Kharif,Other Kharif pulses,299,108,0.361204013
Rajasthan,UDAIPUR,2005,Kharif,Rice,5785,4477,0.773898012
Rajasthan,UDAIPUR,2005,Kharif,Sesamum,3717,901,0.242399785
Rajasthan,UDAIPUR,2005,Kharif,Small millets,692,336,0.485549133
Rajasthan,UDAIPUR,2005,Kharif,Soyabean,3974,4572,1.150478108
Rajasthan,UDAIPUR,2005,Kharif,Urad,9816,1866,0.1900978
Rajasthan,UDAIPUR,2005,Rabi,Barley,10252,22337,2.178794382
Rajasthan,UDAIPUR,2005,Rabi,Gram,13338,15155,1.13622732
Rajasthan,UDAIPUR,2005,Rabi,Linseed,24,20,0.833333333
Rajasthan,UDAIPUR,2005,Rabi,Other  Rabi pulses,5340,8323,1.558614232
Rajasthan,UDAIPUR,2005,Rabi,Peas & beans (Pulses),13,46,3.538461538
Rajasthan,UDAIPUR,2005,Rabi,Rapeseed &Mustard,22707,27220,1.198749284
Rajasthan,UDAIPUR,2005,Rabi,Small millets,11,13,1.181818182
Rajasthan,UDAIPUR,2005,Rabi,Wheat,67990,148568,2.185144874
Rajasthan,UDAIPUR,2005,Whole Year,Coriander,42,44,1.047619048
Rajasthan,UDAIPUR,2005,Whole Year,Dry chillies,778,448,0.575835476
Rajasthan,UDAIPUR,2005,Whole Year,Garlic,47,95,2.021276596
Rajasthan,UDAIPUR,2005,Whole Year,Guar seed,13085,8233,0.629193733
Rajasthan,UDAIPUR,2005,Whole Year,Onion,47,54,1.14893617
Rajasthan,UDAIPUR,2005,Whole Year,Potato,5,12,2.4
Rajasthan,UDAIPUR,2005,Whole Year,Sannhamp,305,190,0.62295082
Rajasthan,UDAIPUR,2005,Whole Year,Sugarcane,243,15394,63.34979424
Rajasthan,UDAIPUR,2005,Whole Year,Sweet potato,2,2,1
Rajasthan,UDAIPUR,2005,Whole Year,Tobacco,7,5,0.714285714
Rajasthan,UDAIPUR,2005,Whole Year,Turmeric,38,74,1.947368421
Rajasthan,UDAIPUR,2006,Kharif,Arhar/Tur,3375,1967,0.582814815
Rajasthan,UDAIPUR,2006,Kharif,Bajra,27,19,0.703703704
Rajasthan,UDAIPUR,2006,Kharif,Castor seed,12,4,0.333333333
Rajasthan,UDAIPUR,2006,Kharif,Cotton(lint),168,61,0.363095238
Rajasthan,UDAIPUR,2006,Kharif,Dry ginger,122,107,0.87704918
Rajasthan,UDAIPUR,2006,Kharif,Groundnut,5569,3694,0.663314778
Rajasthan,UDAIPUR,2006,Kharif,Jowar,5270,3305,0.627134725
Rajasthan,UDAIPUR,2006,Kharif,Maize,188466,149858,0.795146074
Rajasthan,UDAIPUR,2006,Kharif,Moong(Green Gram),430,153,0.355813953
Rajasthan,UDAIPUR,2006,Kharif,Other Kharif pulses,253,198,0.782608696
Rajasthan,UDAIPUR,2006,Kharif,Rice,6175,5725,0.927125506
Rajasthan,UDAIPUR,2006,Kharif,Sesamum,3994,332,0.083124687
Rajasthan,UDAIPUR,2006,Kharif,Small millets,963,215,0.223260644
Rajasthan,UDAIPUR,2006,Kharif,Soyabean,4555,5480,1.203073546
Rajasthan,UDAIPUR,2006,Kharif,Urad,9530,905,0.094963274
Rajasthan,UDAIPUR,2006,Rabi,Barley,11996,22986,1.916138713
Rajasthan,UDAIPUR,2006,Rabi,Gram,15922,17138,1.076372315
Rajasthan,UDAIPUR,2006,Rabi,Linseed,63,50,0.793650794
Rajasthan,UDAIPUR,2006,Rabi,Masoor,3,2,0.666666667
Rajasthan,UDAIPUR,2006,Rabi,Other  Rabi pulses,7264,11944,1.644273128
Rajasthan,UDAIPUR,2006,Rabi,Rapeseed &Mustard,20832,18957,0.90999424
Rajasthan,UDAIPUR,2006,Rabi,Wheat,88904,217207,2.443163412
Rajasthan,UDAIPUR,2006,Whole Year,Coriander,35,41,1.171428571
Rajasthan,UDAIPUR,2006,Whole Year,Dry chillies,775,160,0.206451613
Rajasthan,UDAIPUR,2006,Whole Year,Garlic,74,97,1.310810811
Rajasthan,UDAIPUR,2006,Whole Year,Guar seed,14951,4881,0.326466457
Rajasthan,UDAIPUR,2006,Whole Year,Onion,8,13,1.625
Rajasthan,UDAIPUR,2006,Whole Year,Potato,14,1016,72.57142857
Rajasthan,UDAIPUR,2006,Whole Year,Sannhamp,182,182,1
Rajasthan,UDAIPUR,2006,Whole Year,Sugarcane,490,36712,74.92244898
Rajasthan,UDAIPUR,2006,Whole Year,Sweet potato,3,2,0.666666667
Rajasthan,UDAIPUR,2006,Whole Year,Tobacco,2,,
Rajasthan,UDAIPUR,2006,Whole Year,Turmeric,52,97,1.865384615
Rajasthan,UDAIPUR,2007,Kharif,Arhar/Tur,3435,3403,0.990684134
Rajasthan,UDAIPUR,2007,Kharif,Bajra,49,41,0.836734694
Rajasthan,UDAIPUR,2007,Kharif,Castor seed,26,26,1
Rajasthan,UDAIPUR,2007,Kharif,Cotton(lint),260,103,0.396153846
Rajasthan,UDAIPUR,2007,Kharif,Dry ginger,112,224,2
Rajasthan,UDAIPUR,2007,Kharif,Groundnut,4526,3659,0.808440124
Rajasthan,UDAIPUR,2007,Kharif,Jowar,7340,4215,0.574250681
Rajasthan,UDAIPUR,2007,Kharif,Maize,193466,356209,1.841196903
Rajasthan,UDAIPUR,2007,Kharif,Moong(Green Gram),258,101,0.391472868
Rajasthan,UDAIPUR,2007,Kharif,Other Kharif pulses,207,154,0.743961353
Rajasthan,UDAIPUR,2007,Kharif,Rice,5759,4256,0.73901719
Rajasthan,UDAIPUR,2007,Kharif,Sesamum,3639,832,0.22863424
Rajasthan,UDAIPUR,2007,Kharif,Small millets,1031,753,0.730358875
Rajasthan,UDAIPUR,2007,Kharif,Soyabean,4791,3410,0.7117512
Rajasthan,UDAIPUR,2007,Kharif,Urad,8670,1867,0.215340254
Rajasthan,UDAIPUR,2007,Rabi,Barley,9960,19509,1.95873494
Rajasthan,UDAIPUR,2007,Rabi,Gram,13711,13251,0.966450295
Rajasthan,UDAIPUR,2007,Rabi,Linseed,43,33,0.76744186
Rajasthan,UDAIPUR,2007,Rabi,Other  Rabi pulses,2917,4485,1.537538567
Rajasthan,UDAIPUR,2007,Rabi,other oilseeds,148,40,0.27027027
Rajasthan,UDAIPUR,2007,Rabi,Peas & beans (Pulses),2,2,1
Rajasthan,UDAIPUR,2007,Rabi,Rapeseed &Mustard,18776,18966,1.010119301
Rajasthan,UDAIPUR,2007,Rabi,Small millets,3,6,2
Rajasthan,UDAIPUR,2007,Rabi,Wheat,79367,184713,2.327327479
Rajasthan,UDAIPUR,2007,Whole Year,Coriander,73,57,0.780821918
Rajasthan,UDAIPUR,2007,Whole Year,Dry chillies,728,382,0.524725275
Rajasthan,UDAIPUR,2007,Whole Year,Garlic,144,265,1.840277778
Rajasthan,UDAIPUR,2007,Whole Year,Guar seed,13768,15943,1.157975015
Rajasthan,UDAIPUR,2007,Whole Year,Onion,29,38,1.310344828
Rajasthan,UDAIPUR,2007,Whole Year,Potato,7,10,1.428571429
Rajasthan,UDAIPUR,2007,Whole Year,Sannhamp,160,143,0.89375
Rajasthan,UDAIPUR,2007,Whole Year,Sugarcane,671,52862,78.78092399
Rajasthan,UDAIPUR,2007,Whole Year,Turmeric,37,71,1.918918919
Rajasthan,UDAIPUR,2008,Kharif,Arhar/Tur,3369,3177,0.943009795
Rajasthan,UDAIPUR,2008,Kharif,Bajra,11,9,0.818181818
Rajasthan,UDAIPUR,2008,Kharif,Castor seed,14,13,0.928571429
Rajasthan,UDAIPUR,2008,Kharif,Cotton(lint),581,237,0.407917384
Rajasthan,UDAIPUR,2008,Kharif,Dry ginger,114,207,1.815789474
Rajasthan,UDAIPUR,2008,Kharif,Groundnut,4010,3403,0.848628429
Rajasthan,UDAIPUR,2008,Kharif,Jowar,7043,4760,0.67584836
Rajasthan,UDAIPUR,2008,Kharif,Maize,173614,238811,1.375528471
Rajasthan,UDAIPUR,2008,Kharif,Moong(Green Gram),210,89,0.423809524
Rajasthan,UDAIPUR,2008,Kharif,Moth,104,28,0.269230769
Rajasthan,UDAIPUR,2008,Kharif,Other Kharif pulses,70,37,0.528571429
Rajasthan,UDAIPUR,2008,Kharif,Rice,3689,2013,0.545676335
Rajasthan,UDAIPUR,2008,Kharif,Sesamum,2792,710,0.254297994
Rajasthan,UDAIPUR,2008,Kharif,Small millets,1010,738,0.730693069
Rajasthan,UDAIPUR,2008,Kharif,Soyabean,1564,1597,1.021099744
Rajasthan,UDAIPUR,2008,Kharif,Urad,7124,1623,0.227821449
Rajasthan,UDAIPUR,2008,Rabi,Barley,5403,9304,1.722006293
Rajasthan,UDAIPUR,2008,Rabi,Gram,9374,8725,0.930765948
Rajasthan,UDAIPUR,2008,Rabi,Linseed,51,43,0.843137255
Rajasthan,UDAIPUR,2008,Rabi,Other  Rabi pulses,589,880,1.494057725
Rajasthan,UDAIPUR,2008,Rabi,other oilseeds,37,13,0.351351351
Rajasthan,UDAIPUR,2008,Rabi,Peas & beans (Pulses),1,4,4
Rajasthan,UDAIPUR,2008,Rabi,Rapeseed &Mustard,15541,12719,0.818415803
Rajasthan,UDAIPUR,2008,Rabi,Small millets,2,4,2
Rajasthan,UDAIPUR,2008,Rabi,Wheat,41115,86645,2.107381734
Rajasthan,UDAIPUR,2008,Whole Year,Coriander,65,73,1.123076923
Rajasthan,UDAIPUR,2008,Whole Year,Dry chillies,742,400,0.539083558
Rajasthan,UDAIPUR,2008,Whole Year,Garlic,78,151,1.935897436
Rajasthan,UDAIPUR,2008,Whole Year,Guar seed,13513,10559,0.781395693
Rajasthan,UDAIPUR,2008,Whole Year,Onion,17,78,4.588235294
Rajasthan,UDAIPUR,2008,Whole Year,Potato,4,9,2.25
Rajasthan,UDAIPUR,2008,Whole Year,Sannhamp,145,118,0.813793103
Rajasthan,UDAIPUR,2008,Whole Year,Sugarcane,579,40597,70.11571675
Rajasthan,UDAIPUR,2008,Whole Year,Sweet potato,2,,
Rajasthan,UDAIPUR,2008,Whole Year,Turmeric,58,107,1.844827586
Rajasthan,UDAIPUR,2009,Kharif,Arhar/Tur,3273,1144,0.349526428
Rajasthan,UDAIPUR,2009,Kharif,Bajra,78,31,0.397435897
Rajasthan,UDAIPUR,2009,Kharif,Castor seed,21,1,0.047619048
Rajasthan,UDAIPUR,2009,Kharif,Cotton(lint),756,261,0.345238095
Rajasthan,UDAIPUR,2009,Kharif,Dry ginger,133,316,2.37593985
Rajasthan,UDAIPUR,2009,Kharif,Groundnut,3403,2236,0.657067294
Rajasthan,UDAIPUR,2009,Kharif,Jowar,7832,2472,0.315628192
Rajasthan,UDAIPUR,2009,Kharif,Maize,179262,168368,0.939228615
Rajasthan,UDAIPUR,2009,Kharif,Moong(Green Gram),230,11,0.047826087
Rajasthan,UDAIPUR,2009,Kharif,Other Kharif pulses,37,3,0.081081081
Rajasthan,UDAIPUR,2009,Kharif,Rice,4253,2594,0.609922408
Rajasthan,UDAIPUR,2009,Kharif,Sesamum,2631,422,0.160395287
Rajasthan,UDAIPUR,2009,Kharif,Small millets,1490,457,0.306711409
Rajasthan,UDAIPUR,2009,Kharif,Soyabean,1751,1054,0.601941748
Rajasthan,UDAIPUR,2009,Kharif,Urad,6198,1268,0.204582123
Rajasthan,UDAIPUR,2009,Rabi,Barley,4369,7897,1.807507439
Rajasthan,UDAIPUR,2009,Rabi,Gram,4585,4891,1.066739368
Rajasthan,UDAIPUR,2009,Rabi,Linseed,2,4,2
Rajasthan,UDAIPUR,2009,Rabi,Other  Rabi pulses,519,750,1.445086705
Rajasthan,UDAIPUR,2009,Rabi,other oilseeds,56,21,0.375
Rajasthan,UDAIPUR,2009,Rabi,Rapeseed &Mustard,8615,7678,0.891236216
Rajasthan,UDAIPUR,2009,Rabi,Small millets,7,,
Rajasthan,UDAIPUR,2009,Rabi,Wheat,32201,75366,2.34048632
Rajasthan,UDAIPUR,2009,Whole Year,Coriander,3,4,1.333333333
Rajasthan,UDAIPUR,2009,Whole Year,Dry chillies,792,171,0.215909091
Rajasthan,UDAIPUR,2009,Whole Year,Garlic,40,81,2.025
Rajasthan,UDAIPUR,2009,Whole Year,Guar seed,12911,4765,0.369065138
Rajasthan,UDAIPUR,2009,Whole Year,Onion,3,43,14.33333333
Rajasthan,UDAIPUR,2009,Whole Year,Potato,4,8,2
Rajasthan,UDAIPUR,2009,Whole Year,Sannhamp,129,73,0.565891473
Rajasthan,UDAIPUR,2009,Whole Year,Sugarcane,391,25207,64.46803069
Rajasthan,UDAIPUR,2009,Whole Year,Turmeric,50,93,1.86
Rajasthan,UDAIPUR,2010,Kharif,Arhar/Tur,3355,3153,0.939791356
Rajasthan,UDAIPUR,2010,Kharif,Bajra,22,24,1.090909091
Rajasthan,UDAIPUR,2010,Kharif,Castor seed,17,14,0.823529412
Rajasthan,UDAIPUR,2010,Kharif,Cotton(lint),973,422,0.433710175
Rajasthan,UDAIPUR,2010,Kharif,Dry ginger,159,282,1.773584906
Rajasthan,UDAIPUR,2010,Kharif,Groundnut,3185,2013,0.632025118
Rajasthan,UDAIPUR,2010,Kharif,Jowar,7477,4498,0.601578173
Rajasthan,UDAIPUR,2010,Kharif,Maize,179380,245463,1.3683967
Rajasthan,UDAIPUR,2010,Kharif,Moong(Green Gram),188,117,0.622340426
Rajasthan,UDAIPUR,2010,Kharif,Moth,3,1,0.333333333
Rajasthan,UDAIPUR,2010,Kharif,Other Kharif pulses,34,18,0.529411765
Rajasthan,UDAIPUR,2010,Kharif,Rice,4881,5269,1.079491907
Rajasthan,UDAIPUR,2010,Kharif,Sesamum,2612,591,0.2262634
Rajasthan,UDAIPUR,2010,Kharif,Small millets,1086,1048,0.965009208
Rajasthan,UDAIPUR,2010,Kharif,Soyabean,1802,2632,1.460599334
Rajasthan,UDAIPUR,2010,Kharif,Urad,7237,3900,0.538897333
Rajasthan,UDAIPUR,2010,Rabi,Barley,7529,12818,1.70248373
Rajasthan,UDAIPUR,2010,Rabi,Gram,11157,15004,1.344805951
Rajasthan,UDAIPUR,2010,Rabi,Other  Rabi pulses,857,1025,1.196032672
Rajasthan,UDAIPUR,2010,Rabi,other oilseeds,5249,2148,0.409220804
Rajasthan,UDAIPUR,2010,Rabi,Rapeseed &Mustard,17541,27357,1.559603215
Rajasthan,UDAIPUR,2010,Rabi,Small millets,6,5,0.833333333
Rajasthan,UDAIPUR,2010,Rabi,Wheat,55118,131966,2.394245074
Rajasthan,UDAIPUR,2010,Whole Year,Coriander,43,48,1.11627907
Rajasthan,UDAIPUR,2010,Whole Year,Dry chillies,847,509,0.60094451
Rajasthan,UDAIPUR,2010,Whole Year,Garlic,67,131,1.955223881
Rajasthan,UDAIPUR,2010,Whole Year,Guar seed,11888,12118,1.019347241
Rajasthan,UDAIPUR,2010,Whole Year,Onion,15,36,2.4
Rajasthan,UDAIPUR,2010,Whole Year,Potato,3,7,2.333333333
Rajasthan,UDAIPUR,2010,Whole Year,Sannhamp,60,56,0.933333333
Rajasthan,UDAIPUR,2010,Whole Year,Sugarcane,293,16859,57.53924915
Rajasthan,UDAIPUR,2010,Whole Year,Turmeric,50,95,1.9
Sikkim,EAST DISTRICT,1998,Kharif,Maize,9690,16450,1.697626419
Sikkim,EAST DISTRICT,1998,Kharif,Oilseeds total,20,10,0.5
Sikkim,EAST DISTRICT,1998,Kharif,Rice,6690,9290,1.388639761
Sikkim,EAST DISTRICT,1998,Kharif,Small millets,1600,1520,0.95
Sikkim,EAST DISTRICT,1998,Kharif,Soyabean,1000,810,0.81
Sikkim,EAST DISTRICT,1998,Kharif,Urad,980,740,0.755102041
Sikkim,EAST DISTRICT,1998,Rabi,Barley,340,270,0.794117647
Sikkim,EAST DISTRICT,1998,Rabi,Other  Rabi pulses,750,840,1.12
Sikkim,EAST DISTRICT,1998,Rabi,Rapeseed &Mustard,2240,910,0.40625
Sikkim,EAST DISTRICT,1998,Rabi,Wheat,2720,2370,0.871323529
Sikkim,EAST DISTRICT,1998,Whole Year,Pulses total,1730,1580,0.913294798
Sikkim,EAST DISTRICT,1998,Whole Year,Total foodgrain,23370,28920,1.237483954
Sikkim,EAST DISTRICT,1999,Kharif,Maize,9700,13473,1.388969072
Sikkim,EAST DISTRICT,1999,Kharif,Rice,6720,9950,1.480654762
Sikkim,EAST DISTRICT,1999,Kharif,Soyabean,1000,830,0.83
Sikkim,EAST DISTRICT,1999,Kharif,Urad,980,740,0.755102041
Sikkim,EAST DISTRICT,1999,Rabi,Barley,340,500,1.470588235
Sikkim,EAST DISTRICT,1999,Rabi,Rapeseed &Mustard,2280,1770,0.776315789
Sikkim,EAST DISTRICT,1999,Rabi,Wheat,2550,4310,1.690196078
Sikkim,EAST DISTRICT,2000,Kharif,Maize,10210,15700,1.537708129
Sikkim,EAST DISTRICT,2000,Kharif,Other Kharif pulses,700,590,0.842857143
Sikkim,EAST DISTRICT,2000,Kharif,other oilseeds,20,10,0.5
Sikkim,EAST DISTRICT,2000,Kharif,Rice,6030,7870,1.305140962
Sikkim,EAST DISTRICT,2000,Kharif,Small millets,1260,1120,0.888888889
Sikkim,EAST DISTRICT,2000,Kharif,Soyabean,1000,830,0.83
Sikkim,EAST DISTRICT,2000,Kharif,Urad,360,180,0.5
Sikkim,EAST DISTRICT,2000,Rabi,Barley,340,390,1.147058824
Sikkim,EAST DISTRICT,2000,Rabi,Other Cereals & Millets,540,400,0.740740741
Sikkim,EAST DISTRICT,2000,Rabi,Rapeseed &Mustard,2280,1770,0.776315789
Sikkim,EAST DISTRICT,2000,Rabi,Wheat,1490,2150,1.44295302
Sikkim,EAST DISTRICT,2001,Kharif,Maize,10210,15700,1.537708129
Sikkim,EAST DISTRICT,2001,Kharif,Other Kharif pulses,1340,1310,0.97761194
Sikkim,EAST DISTRICT,2001,Kharif,Rice,6100,8660,1.419672131
Sikkim,EAST DISTRICT,2001,Kharif,Small millets,1550,1470,0.948387097
Sikkim,EAST DISTRICT,2001,Kharif,Soyabean,1000,790,0.79
Sikkim,EAST DISTRICT,2001,Kharif,Urad,360,180,0.5
Sikkim,EAST DISTRICT,2001,Rabi,Barley,340,440,1.294117647
Sikkim,EAST DISTRICT,2001,Rabi,Rapeseed &Mustard,2300,1600,0.695652174
Sikkim,EAST DISTRICT,2001,Rabi,Wheat,2700,3640,1.348148148
Sikkim,EAST DISTRICT,2001,Whole Year,Oilseeds total,2000,1000,0.5
Sikkim,EAST DISTRICT,2002,Kharif,Maize,8600,12040,1.4
Sikkim,EAST DISTRICT,2002,Kharif,Other Kharif pulses,1240,1300,1.048387097
Sikkim,EAST DISTRICT,2002,Kharif,Rice,6350,8720,1.373228346
Sikkim,EAST DISTRICT,2002,Kharif,Small millets,1300,1150,0.884615385
Sikkim,EAST DISTRICT,2002,Kharif,Soyabean,740,520,0.702702703
Sikkim,EAST DISTRICT,2002,Kharif,Urad,360,200,0.555555556
Sikkim,EAST DISTRICT,2002,Rabi,Barley,440,530,1.204545455
Sikkim,EAST DISTRICT,2002,Rabi,Rapeseed &Mustard,1300,1050,0.807692308
Sikkim,EAST DISTRICT,2002,Rabi,Wheat,2530,3310,1.308300395
Sikkim,EAST DISTRICT,2002,Whole Year,Other Fresh Fruits,2920,1800,0.616438356
Sikkim,EAST DISTRICT,2002,Whole Year,Other Vegetables,4180,19360,4.631578947
Sikkim,EAST DISTRICT,2002,Whole Year,Potato,1680,8980,5.345238095
Sikkim,EAST DISTRICT,2003,Kharif,Maize,8580,12440,1.44988345
Sikkim,EAST DISTRICT,2003,Kharif,Rice,6300,8720,1.384126984
Sikkim,EAST DISTRICT,2003,Kharif,Small millets,1000,810,0.81
Sikkim,EAST DISTRICT,2003,Kharif,Soyabean,740,620,0.837837838
Sikkim,EAST DISTRICT,2003,Kharif,Urad,360,200,0.555555556
Sikkim,EAST DISTRICT,2003,Rabi,Barley,440,500,1.136363636
Sikkim,EAST DISTRICT,2003,Rabi,Rapeseed &Mustard,1900,1030,0.542105263
Sikkim,EAST DISTRICT,2003,Rabi,Wheat,1950,2470,1.266666667
Sikkim,EAST DISTRICT,2003,Whole Year,Other Fresh Fruits,2990,5330,1.782608696
Sikkim,EAST DISTRICT,2003,Whole Year,Other Vegetables,2970,14480,4.875420875
Sikkim,EAST DISTRICT,2003,Whole Year,Potato,2060,9630,4.674757282
Sikkim,EAST DISTRICT,2004,Kharif,Maize,9270,13240,1.428263215
Sikkim,EAST DISTRICT,2004,Kharif,Other Kharif pulses,1400,160,0.114285714
Sikkim,EAST DISTRICT,2004,Kharif,Rice,630,9570,15.19047619
Sikkim,EAST DISTRICT,2004,Kharif,Small millets,1000,860,0.86
Sikkim,EAST DISTRICT,2004,Kharif,Soyabean,750,650,0.866666667
Sikkim,EAST DISTRICT,2004,Kharif,Urad,360,230,0.638888889
Sikkim,EAST DISTRICT,2004,Rabi,Barley,440,500,1.136363636
Sikkim,EAST DISTRICT,2004,Rabi,Other Cereals & Millets,560,470,0.839285714
Sikkim,EAST DISTRICT,2004,Rabi,Rapeseed &Mustard,190,1330,7
Sikkim,EAST DISTRICT,2004,Rabi,Wheat,1430,2280,1.594405594
Sikkim,EAST DISTRICT,2005,Kharif,Maize,9270,14240,1.53613808
Sikkim,EAST DISTRICT,2005,Kharif,Other Kharif pulses,1400,1700,1.214285714
Sikkim,EAST DISTRICT,2005,Kharif,Rice,6300,9750,1.547619048
Sikkim,EAST DISTRICT,2005,Kharif,Small millets,1000,8800,8.8
Sikkim,EAST DISTRICT,2005,Kharif,Soyabean,750,700,0.933333333
Sikkim,EAST DISTRICT,2005,Kharif,Urad,410,300,0.731707317
Sikkim,EAST DISTRICT,2005,Rabi,Barley,440,520,1.181818182
Sikkim,EAST DISTRICT,2005,Rabi,Other Cereals & Millets,560,500,0.892857143
Sikkim,EAST DISTRICT,2005,Rabi,Rapeseed &Mustard,1900,1350,0.710526316
Sikkim,EAST DISTRICT,2005,Rabi,Wheat,1430,2800,1.958041958
Sikkim,EAST DISTRICT,2006,Kharif,Maize,8760,13730,1.567351598
Sikkim,EAST DISTRICT,2006,Kharif,Other Kharif pulses,1450,148,0.102068966
Sikkim,EAST DISTRICT,2006,Kharif,Rice,5500,8500,1.545454545
Sikkim,EAST DISTRICT,2006,Kharif,Small millets,1000,860,0.86
Sikkim,EAST DISTRICT,2006,Kharif,Soyabean,740,740,1
Sikkim,EAST DISTRICT,2006,Kharif,Urad,390,280,0.717948718
Sikkim,EAST DISTRICT,2006,Rabi,Barley,420,450,1.071428571
Sikkim,EAST DISTRICT,2006,Rabi,Other Cereals & Millets,650,580,0.892307692
Sikkim,EAST DISTRICT,2006,Rabi,Rapeseed &Mustard,1920,1390,0.723958333
Sikkim,EAST DISTRICT,2006,Rabi,Wheat,1430,2810,1.965034965
Sikkim,EAST DISTRICT,2007,Kharif,Maize,8650,9240,1.068208092
Sikkim,EAST DISTRICT,2007,Kharif,Other Kharif pulses,1840,1760,0.956521739
Sikkim,EAST DISTRICT,2007,Kharif,Rice,5600,9240,1.65
Sikkim,EAST DISTRICT,2007,Kharif,Small millets,1590,146,0.091823899
Sikkim,EAST DISTRICT,2007,Kharif,Soyabean,600,530,0.883333333
Sikkim,EAST DISTRICT,2007,Kharif,Urad,390,280,0.717948718
Sikkim,EAST DISTRICT,2007,Rabi,Barley,310,330,1.064516129
Sikkim,EAST DISTRICT,2007,Rabi,Other Cereals & Millets,370,260,0.702702703
Sikkim,EAST DISTRICT,2007,Rabi,Rapeseed &Mustard,1270,900,0.708661417
Sikkim,EAST DISTRICT,2007,Rabi,Wheat,1640,1640,1
Sikkim,EAST DISTRICT,2008,Kharif,Maize,8550,25300,2.959064327
Sikkim,EAST DISTRICT,2008,Kharif,Other Kharif pulses,1450,1640,1.131034483
Sikkim,EAST DISTRICT,2008,Kharif,Rice,5350,9360,1.74953271
Sikkim,EAST DISTRICT,2008,Kharif,Small millets,1430,1340,0.937062937
Sikkim,EAST DISTRICT,2008,Kharif,Soyabean,710,630,0.887323944
Sikkim,EAST DISTRICT,2008,Kharif,Urad,500,410,0.82
Sikkim,EAST DISTRICT,2008,Rabi,Barley,210,190,0.904761905
Sikkim,EAST DISTRICT,2008,Rabi,Other Cereals & Millets,1700,1600,0.941176471
Sikkim,EAST DISTRICT,2008,Rabi,Rapeseed &Mustard,1600,1420,0.8875
Sikkim,EAST DISTRICT,2008,Rabi,Wheat,1250,1210,0.968
Sikkim,EAST DISTRICT,2009,Kharif,Maize,8910,14920,1.674523008
Sikkim,EAST DISTRICT,2009,Kharif,Other Kharif pulses,1130,1260,1.115044248
Sikkim,EAST DISTRICT,2009,Kharif,Rice,5000,8550,1.71
Sikkim,EAST DISTRICT,2009,Kharif,Small millets,1170,1110,0.948717949
Sikkim,EAST DISTRICT,2009,Kharif,Soyabean,1040,910,0.875
Sikkim,EAST DISTRICT,2009,Kharif,Urad,830,710,0.855421687
Sikkim,EAST DISTRICT,2009,Rabi,Barley,410,370,0.902439024
Sikkim,EAST DISTRICT,2009,Rabi,Other Cereals & Millets,1720,1610,0.936046512
Sikkim,EAST DISTRICT,2009,Rabi,Rapeseed &Mustard,1770,1550,0.875706215
Sikkim,EAST DISTRICT,2009,Rabi,Wheat,1730,1630,0.942196532
Sikkim,EAST DISTRICT,2010,Kharif,Maize,9070,15664,1.727012128
Sikkim,EAST DISTRICT,2010,Kharif,Other Kharif pulses,740,673,0.909459459
Sikkim,EAST DISTRICT,2010,Kharif,Rice,4950,8672,1.751919192
Sikkim,EAST DISTRICT,2010,Kharif,Small millets,840,832,0.99047619
Sikkim,EAST DISTRICT,2010,Kharif,Soyabean,1000,965,0.965
Sikkim,EAST DISTRICT,2010,Kharif,Urad,900,810,0.9
Sikkim,EAST DISTRICT,2010,Rabi,Barley,320,288,0.9
Sikkim,EAST DISTRICT,2010,Rabi,Other Cereals & Millets,1660,1554,0.936144578
Sikkim,EAST DISTRICT,2010,Rabi,Rapeseed &Mustard,1750,1534,0.876571429
Sikkim,EAST DISTRICT,2010,Rabi,Wheat,1000,1180,1.18
Sikkim,EAST DISTRICT,2011,Kharif,Maize,9040,15710,1.737831858
Sikkim,EAST DISTRICT,2011,Kharif,Other Kharif pulses,750,680,0.906666667
Sikkim,EAST DISTRICT,2011,Kharif,Rice,4940,8670,1.755060729
Sikkim,EAST DISTRICT,2011,Kharif,Small millets,840,830,0.988095238
Sikkim,EAST DISTRICT,2011,Kharif,Soyabean,930,890,0.956989247
Sikkim,EAST DISTRICT,2011,Kharif,Urad,870,780,0.896551724
Sikkim,EAST DISTRICT,2011,Rabi,Barley,300,280,0.933333333
Sikkim,EAST DISTRICT,2011,Rabi,Rapeseed &Mustard,1850,1520,0.821621622
Sikkim,EAST DISTRICT,2011,Rabi,Wheat,900,1060,1.177777778
Sikkim,EAST DISTRICT,2012,Kharif,Maize,9030,15350,1.699889258
Sikkim,EAST DISTRICT,2012,Kharif,Other Kharif pulses,570,530,0.929824561
Sikkim,EAST DISTRICT,2012,Kharif,Rice,4910,8770,1.786150713
Sikkim,EAST DISTRICT,2012,Kharif,Small millets,870,900,1.034482759
Sikkim,EAST DISTRICT,2012,Kharif,Soyabean,920,900,0.97826087
Sikkim,EAST DISTRICT,2012,Kharif,Urad,290,280,0.965517241
Sikkim,EAST DISTRICT,2012,Rabi,Barley,240,250,1.041666667
Sikkim,EAST DISTRICT,2012,Rabi,Rapeseed &Mustard,1640,1290,0.786585366
Sikkim,EAST DISTRICT,2012,Rabi,Wheat,160,180,1.125
Sikkim,EAST DISTRICT,2013,Kharif,Maize,9000,15400,1.711111111
Sikkim,EAST DISTRICT,2013,Kharif,Other Kharif pulses,470,450,0.957446809
Sikkim,EAST DISTRICT,2013,Kharif,Rice,4910,8840,1.800407332
Sikkim,EAST DISTRICT,2013,Kharif,Small millets,840,870,1.035714286
Sikkim,EAST DISTRICT,2013,Kharif,Soyabean,920,906,0.984782609
Sikkim,EAST DISTRICT,2013,Kharif,Urad,290,284,0.979310345
Sikkim,EAST DISTRICT,2013,Rabi,Barley,230,250,1.086956522
Sikkim,EAST DISTRICT,2013,Rabi,Rapeseed &Mustard,1650,1310,0.793939394
Sikkim,EAST DISTRICT,2013,Rabi,Wheat,150,170,1.133333333
Sikkim,EAST DISTRICT,2014,Kharif,Maize,8990,15400,1.713014461
Sikkim,EAST DISTRICT,2014,Kharif,Other Kharif pulses,470,450,0.957446809
Sikkim,EAST DISTRICT,2014,Kharif,Rice,4870,8790,1.804928131
Sikkim,EAST DISTRICT,2014,Kharif,Small millets,840,870,1.035714286
Sikkim,EAST DISTRICT,2014,Kharif,Soyabean,1100,1084,0.985454545
Sikkim,EAST DISTRICT,2014,Kharif,Urad,290,284,0.979310345
Sikkim,EAST DISTRICT,2014,Rabi,Barley,225,241,1.071111111
Sikkim,EAST DISTRICT,2014,Rabi,Rapeseed &Mustard,1450,1151,0.793793103
Sikkim,EAST DISTRICT,2014,Rabi,Wheat,150,170,1.133333333
Sikkim,EAST DISTRICT,2015,Kharif,Maize,8991,15640,1.739517295
Sikkim,EAST DISTRICT,2015,Kharif,Other Kharif pulses,470,454,0.965957447
Sikkim,EAST DISTRICT,2015,Kharif,Rice,4813,8751,1.818200706
Sikkim,EAST DISTRICT,2015,Kharif,Small millets,833,873,1.048019208
Sikkim,EAST DISTRICT,2015,Kharif,Soyabean,1120,1120,1
Sikkim,EAST DISTRICT,2015,Kharif,Urad,290,290,1
Sikkim,EAST DISTRICT,2015,Rabi,Barley,225,243,1.08
Sikkim,EAST DISTRICT,2015,Rabi,Rapeseed &Mustard,1490,1210,0.812080537
Sikkim,EAST DISTRICT,2015,Rabi,Wheat,143,162,1.132867133
Sikkim,NORTH DISTRICT,1998,Kharif,Maize,3093,2230,0.720982865
Sikkim,NORTH DISTRICT,1998,Kharif,Rice,1404,1917,1.365384615
Sikkim,NORTH DISTRICT,1998,Kharif,Small millets,700,643,0.918571429
Sikkim,NORTH DISTRICT,1998,Kharif,Soyabean,400,155,0.3875
Sikkim,NORTH DISTRICT,1998,Kharif,Urad,20,9,0.45
Sikkim,NORTH DISTRICT,1998,Rabi,Barley,150,207,1.38
Sikkim,NORTH DISTRICT,1998,Rabi,Other  Rabi pulses,60,56,0.933333333
Sikkim,NORTH DISTRICT,1998,Rabi,Rapeseed &Mustard,570,232,0.407017544
Sikkim,NORTH DISTRICT,1998,Rabi,Wheat,1041,826,0.793467819
Sikkim,NORTH DISTRICT,1998,Whole Year,Pulses total,80,65,0.8125
Sikkim,NORTH DISTRICT,1998,Whole Year,Total foodgrain,6668,6037,0.905368926
Sikkim,NORTH DISTRICT,1999,Kharif,Maize,3093,4161,1.345295829
Sikkim,NORTH DISTRICT,1999,Kharif,Rice,1408,2059,1.462357955
Sikkim,NORTH DISTRICT,1999,Kharif,Soyabean,400,266,0.665
Sikkim,NORTH DISTRICT,1999,Kharif,Urad,20,9,0.45
Sikkim,NORTH DISTRICT,1999,Rabi,Barley,150,207,1.38
Sikkim,NORTH DISTRICT,1999,Rabi,Rapeseed &Mustard,560,344,0.614285714
Sikkim,NORTH DISTRICT,1999,Rabi,Wheat,1040,1649,1.585576923
Sikkim,NORTH DISTRICT,2000,Kharif,Maize,3093,4561,1.47462011
Sikkim,NORTH DISTRICT,2000,Kharif,Other Kharif pulses,60,56,0.933333333
Sikkim,NORTH DISTRICT,2000,Kharif,Rice,1408,2059,1.462357955
Sikkim,NORTH DISTRICT,2000,Kharif,Small millets,688,633,0.92005814
Sikkim,NORTH DISTRICT,2000,Kharif,Soyabean,400,269,0.6725
Sikkim,NORTH DISTRICT,2000,Kharif,Urad,20,9,0.45
Sikkim,NORTH DISTRICT,2000,Rabi,Barley,150,150,1
Sikkim,NORTH DISTRICT,2000,Rabi,Other Cereals & Millets,190,140,0.736842105
Sikkim,NORTH DISTRICT,2000,Rabi,Rapeseed &Mustard,560,300,0.535714286
Sikkim,NORTH DISTRICT,2000,Rabi,Wheat,1045,1300,1.244019139
Sikkim,NORTH DISTRICT,2001,Kharif,Maize,3030,3924,1.295049505
Sikkim,NORTH DISTRICT,2001,Kharif,Other Kharif pulses,60,55,0.916666667
Sikkim,NORTH DISTRICT,2001,Kharif,Rice,1360,1992,1.464705882
Sikkim,NORTH DISTRICT,2001,Kharif,Small millets,688,450,0.654069767
Sikkim,NORTH DISTRICT,2001,Kharif,Soyabean,400,274,0.685
Sikkim,NORTH DISTRICT,2001,Kharif,Urad,20,9,0.45
Sikkim,NORTH DISTRICT,2001,Rabi,Barley,140,92,0.657142857
Sikkim,NORTH DISTRICT,2001,Rabi,Rapeseed &Mustard,560,221,0.394642857
Sikkim,NORTH DISTRICT,2001,Rabi,Wheat,1050,785,0.747619048
Sikkim,NORTH DISTRICT,2002,Kharif,Maize,2500,3250,1.3
Sikkim,NORTH DISTRICT,2002,Kharif,Other Kharif pulses,80,80,1
Sikkim,NORTH DISTRICT,2002,Kharif,Rice,1000,1350,1.35
Sikkim,NORTH DISTRICT,2002,Kharif,Small millets,580,330,0.568965517
Sikkim,NORTH DISTRICT,2002,Kharif,Soyabean,400,240,0.6
Sikkim,NORTH DISTRICT,2002,Kharif,Urad,20,10,0.5
Sikkim,NORTH DISTRICT,2002,Rabi,Barley,140,100,0.714285714
Sikkim,NORTH DISTRICT,2002,Rabi,Rapeseed &Mustard,560,230,0.410714286
Sikkim,NORTH DISTRICT,2002,Rabi,Wheat,1050,1050,1
Sikkim,NORTH DISTRICT,2002,Whole Year,Other Fresh Fruits,110,40,0.363636364
Sikkim,NORTH DISTRICT,2002,Whole Year,Other Vegetables,1300,6820,5.246153846
Sikkim,NORTH DISTRICT,2002,Whole Year,Potato,330,880,2.666666667
Sikkim,NORTH DISTRICT,2003,Kharif,Maize,2300,3490,1.517391304
Sikkim,NORTH DISTRICT,2003,Kharif,Rice,1000,1320,1.32
Sikkim,NORTH DISTRICT,2003,Kharif,Small millets,690,550,0.797101449
Sikkim,NORTH DISTRICT,2003,Kharif,Soyabean,400,300,0.75
Sikkim,NORTH DISTRICT,2003,Kharif,Urad,20,10,0.5
Sikkim,NORTH DISTRICT,2003,Rabi,Barley,140,110,0.785714286
Sikkim,NORTH DISTRICT,2003,Rabi,Rapeseed &Mustard,860,840,0.976744186
Sikkim,NORTH DISTRICT,2003,Rabi,Wheat,105,106,1.00952381
Sikkim,NORTH DISTRICT,2003,Whole Year,Other Fresh Fruits,140,40,0.285714286
Sikkim,NORTH DISTRICT,2003,Whole Year,Other Vegetables,870,3660,4.206896552
Sikkim,NORTH DISTRICT,2003,Whole Year,Potato,310,1320,4.258064516
Sikkim,NORTH DISTRICT,2004,Kharif,Maize,1610,2990,1.857142857
Sikkim,NORTH DISTRICT,2004,Kharif,Other Kharif pulses,60,40,0.666666667
Sikkim,NORTH DISTRICT,2004,Kharif,Rice,1000,1000,1
Sikkim,NORTH DISTRICT,2004,Kharif,Small millets,690,530,0.768115942
Sikkim,NORTH DISTRICT,2004,Kharif,Soyabean,400,310,0.775
Sikkim,NORTH DISTRICT,2004,Kharif,Urad,20,10,0.5
Sikkim,NORTH DISTRICT,2004,Rabi,Barley,140,120,0.857142857
Sikkim,NORTH DISTRICT,2004,Rabi,Other Cereals & Millets,200,120,0.6
Sikkim,NORTH DISTRICT,2004,Rabi,Rapeseed &Mustard,860,610,0.709302326
Sikkim,NORTH DISTRICT,2004,Rabi,Wheat,850,900,1.058823529
Sikkim,NORTH DISTRICT,2005,Kharif,Maize,1610,3200,1.98757764
Sikkim,NORTH DISTRICT,2005,Kharif,Other Kharif pulses,60,60,1
Sikkim,NORTH DISTRICT,2005,Kharif,Rice,600,1850,3.083333333
Sikkim,NORTH DISTRICT,2005,Kharif,Small millets,690,540,0.782608696
Sikkim,NORTH DISTRICT,2005,Kharif,Soyabean,400,310,0.775
Sikkim,NORTH DISTRICT,2005,Kharif,Urad,20,10,0.5
Sikkim,NORTH DISTRICT,2005,Rabi,Barley,140,140,1
Sikkim,NORTH DISTRICT,2005,Rabi,Other Cereals & Millets,200,140,0.7
Sikkim,NORTH DISTRICT,2005,Rabi,Rapeseed &Mustard,860,600,0.697674419
Sikkim,NORTH DISTRICT,2005,Rabi,Wheat,850,900,1.058823529
Sikkim,NORTH DISTRICT,2006,Kharif,Maize,1810,3000,1.657458564
Sikkim,NORTH DISTRICT,2006,Kharif,Other Kharif pulses,60,100,1.666666667
Sikkim,NORTH DISTRICT,2006,Kharif,Rice,850,850,1
Sikkim,NORTH DISTRICT,2006,Kharif,Small millets,690,640,0.927536232
Sikkim,NORTH DISTRICT,2006,Kharif,Soyabean,310,310,1
Sikkim,NORTH DISTRICT,2006,Kharif,Urad,20,40,2
Sikkim,NORTH DISTRICT,2006,Rabi,Barley,140,120,0.857142857
Sikkim,NORTH DISTRICT,2006,Rabi,Other Cereals & Millets,200,140,0.7
Sikkim,NORTH DISTRICT,2006,Rabi,Rapeseed &Mustard,560,390,0.696428571
Sikkim,NORTH DISTRICT,2006,Rabi,Wheat,850,900,1.058823529
Sikkim,NORTH DISTRICT,2007,Kharif,Maize,2750,3760,1.367272727
Sikkim,NORTH DISTRICT,2007,Kharif,Other Kharif pulses,190,140,0.736842105
Sikkim,NORTH DISTRICT,2007,Kharif,Rice,1000,1030,1.03
Sikkim,NORTH DISTRICT,2007,Kharif,Small millets,520,370,0.711538462
Sikkim,NORTH DISTRICT,2007,Kharif,Soyabean,40,310,7.75
Sikkim,NORTH DISTRICT,2007,Kharif,Urad,20,110,5.5
Sikkim,NORTH DISTRICT,2007,Rabi,Barley,80,80,1
Sikkim,NORTH DISTRICT,2007,Rabi,Other Cereals & Millets,60,50,0.833333333
Sikkim,NORTH DISTRICT,2007,Rabi,Rapeseed &Mustard,220,120,0.545454545
Sikkim,NORTH DISTRICT,2007,Rabi,Wheat,40,40,1
Sikkim,NORTH DISTRICT,2008,Kharif,Maize,2770,4430,1.599277978
Sikkim,NORTH DISTRICT,2008,Kharif,Other Kharif pulses,100,90,0.9
Sikkim,NORTH DISTRICT,2008,Kharif,Rice,1000,1070,1.07
Sikkim,NORTH DISTRICT,2008,Kharif,Small millets,600,570,0.95
Sikkim,NORTH DISTRICT,2008,Kharif,Soyabean,300,250,0.833333333
Sikkim,NORTH DISTRICT,2008,Kharif,Urad,20,16,0.8
Sikkim,NORTH DISTRICT,2008,Rabi,Barley,50,40,0.8
Sikkim,NORTH DISTRICT,2008,Rabi,Other Cereals & Millets,300,280,0.933333333
Sikkim,NORTH DISTRICT,2008,Rabi,Rapeseed &Mustard,440,390,0.886363636
Sikkim,NORTH DISTRICT,2008,Rabi,Wheat,380,320,0.842105263
Sikkim,NORTH DISTRICT,2009,Kharif,Maize,2920,3970,1.359589041
Sikkim,NORTH DISTRICT,2009,Kharif,Other Kharif pulses,330,300,0.909090909
Sikkim,NORTH DISTRICT,2009,Kharif,Rice,1000,1070,1.07
Sikkim,NORTH DISTRICT,2009,Kharif,Small millets,920,1010,1.097826087
Sikkim,NORTH DISTRICT,2009,Kharif,Soyabean,630,520,0.825396825
Sikkim,NORTH DISTRICT,2009,Kharif,Urad,330,270,0.818181818
Sikkim,NORTH DISTRICT,2009,Rabi,Barley,240,242,1.008333333
Sikkim,NORTH DISTRICT,2009,Rabi,Other Cereals & Millets,820,680,0.829268293
Sikkim,NORTH DISTRICT,2009,Rabi,Rapeseed &Mustard,40,250,6.25
Sikkim,NORTH DISTRICT,2009,Rabi,Wheat,810,980,1.209876543
Sikkim,NORTH DISTRICT,2010,Kharif,Maize,2900,4051,1.396896552
Sikkim,NORTH DISTRICT,2010,Kharif,Other Kharif pulses,170,155,0.911764706
Sikkim,NORTH DISTRICT,2010,Kharif,Rice,1000,1140,1.14
Sikkim,NORTH DISTRICT,2010,Kharif,Small millets,600,567,0.945
Sikkim,NORTH DISTRICT,2010,Kharif,Soyabean,500,413,0.826
Sikkim,NORTH DISTRICT,2010,Kharif,Urad,260,212,0.815384615
Sikkim,NORTH DISTRICT,2010,Rabi,Barley,140,165,1.178571429
Sikkim,NORTH DISTRICT,2010,Rabi,Other Cereals & Millets,200,166,0.83
Sikkim,NORTH DISTRICT,2010,Rabi,Rapeseed &Mustard,510,319,0.625490196
Sikkim,NORTH DISTRICT,2010,Rabi,Wheat,470,498,1.059574468
Sikkim,NORTH DISTRICT,2011,Kharif,Maize,2760,3850,1.394927536
Sikkim,NORTH DISTRICT,2011,Kharif,Other Kharif pulses,160,150,0.9375
Sikkim,NORTH DISTRICT,2011,Kharif,Rice,970,1100,1.134020619
Sikkim,NORTH DISTRICT,2011,Kharif,Small millets,610,570,0.93442623
Sikkim,NORTH DISTRICT,2011,Kharif,Soyabean,300,250,0.833333333
Sikkim,NORTH DISTRICT,2011,Kharif,Urad,190,160,0.842105263
Sikkim,NORTH DISTRICT,2011,Rabi,Barley,140,160,1.142857143
Sikkim,NORTH DISTRICT,2011,Rabi,Rapeseed &Mustard,510,350,0.68627451
Sikkim,NORTH DISTRICT,2011,Rabi,Wheat,440,470,1.068181818
Sikkim,NORTH DISTRICT,2012,Kharif,Maize,2750,4120,1.498181818
Sikkim,NORTH DISTRICT,2012,Kharif,Other Kharif pulses,240,220,0.916666667
Sikkim,NORTH DISTRICT,2012,Kharif,Rice,980,1320,1.346938776
Sikkim,NORTH DISTRICT,2012,Kharif,Small millets,600,550,0.916666667
Sikkim,NORTH DISTRICT,2012,Kharif,Soyabean,300,250,0.833333333
Sikkim,NORTH DISTRICT,2012,Rabi,Barley,140,150,1.071428571
Sikkim,NORTH DISTRICT,2012,Rabi,Rapeseed &Mustard,310,210,0.677419355
Sikkim,NORTH DISTRICT,2012,Rabi,Wheat,50,50,1
Sikkim,NORTH DISTRICT,2013,Kharif,Maize,2750,4225,1.536363636
Sikkim,NORTH DISTRICT,2013,Kharif,Other Kharif pulses,250,230,0.92
Sikkim,NORTH DISTRICT,2013,Kharif,Rice,988,1410,1.427125506
Sikkim,NORTH DISTRICT,2013,Kharif,Small millets,610,570,0.93442623
Sikkim,NORTH DISTRICT,2013,Kharif,Soyabean,300,257,0.856666667
Sikkim,NORTH DISTRICT,2013,Rabi,Barley,140,151,1.078571429
Sikkim,NORTH DISTRICT,2013,Rabi,Rapeseed &Mustard,310,214,0.690322581
Sikkim,NORTH DISTRICT,2013,Rabi,Wheat,50,45,0.9
Sikkim,NORTH DISTRICT,2014,Kharif,Maize,2750,4290,1.56
Sikkim,NORTH DISTRICT,2014,Kharif,Other Kharif pulses,270,250,0.925925926
Sikkim,NORTH DISTRICT,2014,Kharif,Rice,990,1420,1.434343434
Sikkim,NORTH DISTRICT,2014,Kharif,Small millets,610,570,0.93442623
Sikkim,NORTH DISTRICT,2014,Kharif,Soyabean,300,257,0.856666667
Sikkim,NORTH DISTRICT,2014,Rabi,Barley,140,150,1.071428571
Sikkim,NORTH DISTRICT,2014,Rabi,Rapeseed &Mustard,310,213,0.687096774
Sikkim,NORTH DISTRICT,2014,Rabi,Wheat,50,50,1
Sikkim,NORTH DISTRICT,2015,Kharif,Maize,2754,4380,1.590413943
Sikkim,NORTH DISTRICT,2015,Kharif,Other Kharif pulses,267,252,0.943820225
Sikkim,NORTH DISTRICT,2015,Kharif,Rice,920,1347,1.464130435
Sikkim,NORTH DISTRICT,2015,Kharif,Small millets,609,584,0.958949097
Sikkim,NORTH DISTRICT,2015,Kharif,Soyabean,302,260,0.860927152
Sikkim,NORTH DISTRICT,2015,Rabi,Barley,140,153,1.092857143
Sikkim,NORTH DISTRICT,2015,Rabi,Rapeseed &Mustard,310,220,0.709677419
Sikkim,NORTH DISTRICT,2015,Rabi,Wheat,50,45,0.9
Sikkim,SOUTH DISTRICT,1998,Kharif,Maize,13300,16620,1.24962406
Sikkim,SOUTH DISTRICT,1998,Kharif,Oilseeds total,40,20,0.5
Sikkim,SOUTH DISTRICT,1998,Kharif,Rice,2400,3270,1.3625
Sikkim,SOUTH DISTRICT,1998,Kharif,Small millets,1000,950,0.95
Sikkim,SOUTH DISTRICT,1998,Kharif,Soyabean,1300,780,0.6
Sikkim,SOUTH DISTRICT,1998,Kharif,Urad,1700,1020,0.6
Sikkim,SOUTH DISTRICT,1998,Rabi,Barley,190,140,0.736842105
Sikkim,SOUTH DISTRICT,1998,Rabi,Other  Rabi pulses,650,650,1
Sikkim,SOUTH DISTRICT,1998,Rabi,Rapeseed &Mustard,1420,600,0.422535211
Sikkim,SOUTH DISTRICT,1998,Rabi,Wheat,1580,1020,0.64556962
Sikkim,SOUTH DISTRICT,1998,Whole Year,Pulses total,2350,1670,0.710638298
Sikkim,SOUTH DISTRICT,1998,Whole Year,Total foodgrain,21400,24150,1.128504673
Sikkim,SOUTH DISTRICT,1999,Kharif,Maize,13300,17000,1.278195489
Sikkim,SOUTH DISTRICT,1999,Kharif,Rice,2400,3430,1.429166667
Sikkim,SOUTH DISTRICT,1999,Kharif,Soyabean,1400,1180,0.842857143
Sikkim,SOUTH DISTRICT,1999,Kharif,Urad,1700,1280,0.752941176
Sikkim,SOUTH DISTRICT,1999,Rabi,Barley,200,300,1.5
Sikkim,SOUTH DISTRICT,1999,Rabi,Rapeseed &Mustard,1470,930,0.632653061
Sikkim,SOUTH DISTRICT,1999,Rabi,Wheat,1960,2590,1.321428571
Sikkim,SOUTH DISTRICT,2000,Kharif,Maize,13300,19600,1.473684211
Sikkim,SOUTH DISTRICT,2000,Kharif,Other Kharif pulses,650,770,1.184615385
Sikkim,SOUTH DISTRICT,2000,Kharif,other oilseeds,40,14,0.35
Sikkim,SOUTH DISTRICT,2000,Kharif,Rice,2400,3430,1.429166667
Sikkim,SOUTH DISTRICT,2000,Kharif,Small millets,1000,950,0.95
Sikkim,SOUTH DISTRICT,2000,Kharif,Soyabean,1400,1180,0.842857143
Sikkim,SOUTH DISTRICT,2000,Kharif,Urad,1700,1280,0.752941176
Sikkim,SOUTH DISTRICT,2000,Rabi,Barley,200,200,1
Sikkim,SOUTH DISTRICT,2000,Rabi,Other Cereals & Millets,580,460,0.793103448
Sikkim,SOUTH DISTRICT,2000,Rabi,Rapeseed &Mustard,1470,860,0.585034014
Sikkim,SOUTH DISTRICT,2000,Rabi,Wheat,1960,2590,1.321428571
Sikkim,SOUTH DISTRICT,2001,Kharif,Maize,13400,18800,1.402985075
Sikkim,SOUTH DISTRICT,2001,Kharif,Other Kharif pulses,640,840,1.3125
Sikkim,SOUTH DISTRICT,2001,Kharif,Rice,2340,3150,1.346153846
Sikkim,SOUTH DISTRICT,2001,Kharif,Small millets,1010,960,0.95049505
Sikkim,SOUTH DISTRICT,2001,Kharif,Soyabean,1400,1150,0.821428571
Sikkim,SOUTH DISTRICT,2001,Kharif,Urad,1700,1280,0.752941176
Sikkim,SOUTH DISTRICT,2001,Rabi,Barley,250,190,0.76
Sikkim,SOUTH DISTRICT,2001,Rabi,Rapeseed &Mustard,1480,970,0.655405405
Sikkim,SOUTH DISTRICT,2001,Rabi,Wheat,2080,2050,0.985576923
Sikkim,SOUTH DISTRICT,2001,Whole Year,Oilseeds total,4000,2000,0.5
Sikkim,SOUTH DISTRICT,2002,Kharif,Maize,12500,18750,1.5
Sikkim,SOUTH DISTRICT,2002,Kharif,Other Kharif pulses,700,920,1.314285714
Sikkim,SOUTH DISTRICT,2002,Kharif,Rice,2340,3550,1.517094017
Sikkim,SOUTH DISTRICT,2002,Kharif,Small millets,1010,960,0.95049505
Sikkim,SOUTH DISTRICT,2002,Kharif,Soyabean,1400,1150,0.821428571
Sikkim,SOUTH DISTRICT,2002,Kharif,Urad,1700,1300,0.764705882
Sikkim,SOUTH DISTRICT,2002,Rabi,Barley,200,200,1
Sikkim,SOUTH DISTRICT,2002,Rabi,Rapeseed &Mustard,1480,1040,0.702702703
Sikkim,SOUTH DISTRICT,2002,Rabi,Wheat,2080,2420,1.163461538
Sikkim,SOUTH DISTRICT,2002,Whole Year,Oilseeds total,4000,2000,0.5
Sikkim,SOUTH DISTRICT,2002,Whole Year,Other Fresh Fruits,1350,1640,1.214814815
Sikkim,SOUTH DISTRICT,2002,Whole Year,other oilseeds,40,20,0.5
Sikkim,SOUTH DISTRICT,2002,Whole Year,Other Vegetables,4750,16760,3.528421053
Sikkim,SOUTH DISTRICT,2002,Whole Year,Potato,780,6980,8.948717949
Sikkim,SOUTH DISTRICT,2003,Kharif,Maize,12500,18750,1.5
Sikkim,SOUTH DISTRICT,2003,Kharif,Rice,2340,3550,1.517094017
Sikkim,SOUTH DISTRICT,2003,Kharif,Small millets,1010,960,0.95049505
Sikkim,SOUTH DISTRICT,2003,Kharif,Soyabean,1400,1190,0.85
Sikkim,SOUTH DISTRICT,2003,Kharif,Urad,1700,1310,0.770588235
Sikkim,SOUTH DISTRICT,2003,Rabi,Barley,200,300,1.5
Sikkim,SOUTH DISTRICT,2003,Rabi,Rapeseed &Mustard,1660,1210,0.728915663
Sikkim,SOUTH DISTRICT,2003,Rabi,Wheat,2080,2490,1.197115385
Sikkim,SOUTH DISTRICT,2003,Whole Year,Other Fresh Fruits,1550,2450,1.580645161
Sikkim,SOUTH DISTRICT,2003,Whole Year,other oilseeds,40,20,0.5
Sikkim,SOUTH DISTRICT,2003,Whole Year,Other Vegetables,3140,14860,4.732484076
Sikkim,SOUTH DISTRICT,2003,Whole Year,Potato,1830,8370,4.573770492
Sikkim,SOUTH DISTRICT,2004,Kharif,Maize,12500,18750,1.5
Sikkim,SOUTH DISTRICT,2004,Kharif,Other Kharif pulses,720,950,1.319444444
Sikkim,SOUTH DISTRICT,2004,Kharif,other oilseeds,40,20,0.5
Sikkim,SOUTH DISTRICT,2004,Kharif,Rice,2340,3410,1.457264957
Sikkim,SOUTH DISTRICT,2004,Kharif,Small millets,1010,960,0.95049505
Sikkim,SOUTH DISTRICT,2004,Kharif,Soyabean,1400,120,0.085714286
Sikkim,SOUTH DISTRICT,2004,Kharif,Urad,1700,1310,0.770588235
Sikkim,SOUTH DISTRICT,2004,Rabi,Barley,200,300,1.5
Sikkim,SOUTH DISTRICT,2004,Rabi,Other Cereals & Millets,580,420,0.724137931
Sikkim,SOUTH DISTRICT,2004,Rabi,Rapeseed &Mustard,1660,1210,0.728915663
Sikkim,SOUTH DISTRICT,2004,Rabi,Wheat,1500,2070,1.38
Sikkim,SOUTH DISTRICT,2005,Kharif,Maize,1250,19360,15.488
Sikkim,SOUTH DISTRICT,2005,Kharif,Other Kharif pulses,720,1000,1.388888889
Sikkim,SOUTH DISTRICT,2005,Kharif,other oilseeds,40,30,0.75
Sikkim,SOUTH DISTRICT,2005,Kharif,Rice,2340,3770,1.611111111
Sikkim,SOUTH DISTRICT,2005,Kharif,Small millets,1010,1010,1
Sikkim,SOUTH DISTRICT,2005,Kharif,Soyabean,140,1240,8.857142857
Sikkim,SOUTH DISTRICT,2005,Kharif,Urad,170,1330,7.823529412
Sikkim,SOUTH DISTRICT,2005,Rabi,Barley,200,320,1.6
Sikkim,SOUTH DISTRICT,2005,Rabi,Other Cereals & Millets,580,440,0.75862069
Sikkim,SOUTH DISTRICT,2005,Rabi,Rapeseed &Mustard,1660,1350,0.813253012
Sikkim,SOUTH DISTRICT,2005,Rabi,Wheat,1500,2300,1.533333333
Sikkim,SOUTH DISTRICT,2006,Kharif,Maize,17280,26860,1.554398148
Sikkim,SOUTH DISTRICT,2006,Kharif,Other Kharif pulses,90,130,1.444444444
Sikkim,SOUTH DISTRICT,2006,Kharif,Rice,2300,3750,1.630434783
Sikkim,SOUTH DISTRICT,2006,Kharif,Small millets,950,950,1
Sikkim,SOUTH DISTRICT,2006,Kharif,Soyabean,1020,1020,1
Sikkim,SOUTH DISTRICT,2006,Kharif,Urad,1340,1050,0.78358209
Sikkim,SOUTH DISTRICT,2006,Rabi,Barley,200,200,1
Sikkim,SOUTH DISTRICT,2006,Rabi,Other Cereals & Millets,420,320,0.761904762
Sikkim,SOUTH DISTRICT,2006,Rabi,Rapeseed &Mustard,1300,1140,0.876923077
Sikkim,SOUTH DISTRICT,2006,Rabi,Wheat,2000,3150,1.575
Sikkim,SOUTH DISTRICT,2007,Kharif,Maize,15370,27930,1.817176318
Sikkim,SOUTH DISTRICT,2007,Kharif,Other Kharif pulses,2300,1890,0.82173913
Sikkim,SOUTH DISTRICT,2007,Kharif,Rice,2800,4650,1.660714286
Sikkim,SOUTH DISTRICT,2007,Kharif,Small millets,850,680,0.8
Sikkim,SOUTH DISTRICT,2007,Kharif,Soyabean,1270,1110,0.874015748
Sikkim,SOUTH DISTRICT,2007,Kharif,Urad,1500,1320,0.88
Sikkim,SOUTH DISTRICT,2007,Rabi,Barley,200,140,0.7
Sikkim,SOUTH DISTRICT,2007,Rabi,Other Cereals & Millets,450,270,0.6
Sikkim,SOUTH DISTRICT,2007,Rabi,Rapeseed &Mustard,1250,960,0.768
Sikkim,SOUTH DISTRICT,2007,Rabi,Wheat,1870,1870,1
Sikkim,SOUTH DISTRICT,2008,Kharif,Maize,15000,14300,0.953333333
Sikkim,SOUTH DISTRICT,2008,Kharif,Other Kharif pulses,820,930,1.134146341
Sikkim,SOUTH DISTRICT,2008,Kharif,Rice,2460,4350,1.768292683
Sikkim,SOUTH DISTRICT,2008,Kharif,Small millets,950,860,0.905263158
Sikkim,SOUTH DISTRICT,2008,Kharif,Soyabean,1300,1140,0.876923077
Sikkim,SOUTH DISTRICT,2008,Kharif,Urad,1300,1100,0.846153846
Sikkim,SOUTH DISTRICT,2008,Rabi,Barley,150,140,0.933333333
Sikkim,SOUTH DISTRICT,2008,Rabi,Other Cereals & Millets,1380,1340,0.971014493
Sikkim,SOUTH DISTRICT,2008,Rabi,Rapeseed &Mustard,1650,1330,0.806060606
Sikkim,SOUTH DISTRICT,2008,Rabi,Wheat,1250,1150,0.92
Sikkim,SOUTH DISTRICT,2009,Kharif,Maize,14650,23810,1.625255973
Sikkim,SOUTH DISTRICT,2009,Kharif,Other Kharif pulses,980,1100,1.12244898
Sikkim,SOUTH DISTRICT,2009,Kharif,Rice,2100,3730,1.776190476
Sikkim,SOUTH DISTRICT,2009,Kharif,Small millets,1160,1080,0.931034483
Sikkim,SOUTH DISTRICT,2009,Kharif,Soyabean,1730,1520,0.878612717
Sikkim,SOUTH DISTRICT,2009,Kharif,Urad,1590,1350,0.849056604
Sikkim,SOUTH DISTRICT,2009,Rabi,Barley,240,200,0.833333333
Sikkim,SOUTH DISTRICT,2009,Rabi,Other Cereals & Millets,1970,1880,0.954314721
Sikkim,SOUTH DISTRICT,2009,Rabi,Rapeseed &Mustard,1830,1480,0.808743169
Sikkim,SOUTH DISTRICT,2009,Rabi,Wheat,1560,1310,0.83974359
Sikkim,SOUTH DISTRICT,2010,Kharif,Maize,14330,233145,16.26971389
Sikkim,SOUTH DISTRICT,2010,Kharif,Other Kharif pulses,1280,1280,1
Sikkim,SOUTH DISTRICT,2010,Kharif,Rice,2220,3948,1.778378378
Sikkim,SOUTH DISTRICT,2010,Kharif,Small millets,750,699,0.932
Sikkim,SOUTH DISTRICT,2010,Kharif,Soyabean,1500,1320,0.88
Sikkim,SOUTH DISTRICT,2010,Kharif,Urad,1600,141,0.088125
Sikkim,SOUTH DISTRICT,2010,Rabi,Barley,140,117,0.835714286
Sikkim,SOUTH DISTRICT,2010,Rabi,Other Cereals & Millets,1380,1332,0.965217391
Sikkim,SOUTH DISTRICT,2010,Rabi,Rapeseed &Mustard,1450,1176,0.811034483
Sikkim,SOUTH DISTRICT,2010,Rabi,Wheat,370,411,1.110810811
Sikkim,SOUTH DISTRICT,2011,Kharif,Maize,14290,23370,1.635409377
Sikkim,SOUTH DISTRICT,2011,Kharif,Other Kharif pulses,1270,1270,1
Sikkim,SOUTH DISTRICT,2011,Kharif,Rice,2210,3930,1.778280543
Sikkim,SOUTH DISTRICT,2011,Kharif,Small millets,720,670,0.930555556
Sikkim,SOUTH DISTRICT,2011,Kharif,Soyabean,1450,1290,0.889655172
Sikkim,SOUTH DISTRICT,2011,Kharif,Urad,1530,1360,0.888888889
Sikkim,SOUTH DISTRICT,2011,Rabi,Barley,100,80,0.8
Sikkim,SOUTH DISTRICT,2011,Rabi,Rapeseed &Mustard,1460,1190,0.815068493
Sikkim,SOUTH DISTRICT,2011,Rabi,Wheat,370,410,1.108108108
Sikkim,SOUTH DISTRICT,2012,Kharif,Maize,14310,24770,1.730957372
Sikkim,SOUTH DISTRICT,2012,Kharif,Other Kharif pulses,1310,1300,0.992366412
Sikkim,SOUTH DISTRICT,2012,Kharif,Rice,2420,4480,1.851239669
Sikkim,SOUTH DISTRICT,2012,Kharif,Small millets,750,730,0.973333333
Sikkim,SOUTH DISTRICT,2012,Kharif,Soyabean,1450,1370,0.944827586
Sikkim,SOUTH DISTRICT,2012,Kharif,Urad,1760,1570,0.892045455
Sikkim,SOUTH DISTRICT,2012,Rabi,Barley,110,100,0.909090909
Sikkim,SOUTH DISTRICT,2012,Rabi,Rapeseed &Mustard,1360,1130,0.830882353
Sikkim,SOUTH DISTRICT,2012,Rabi,Wheat,160,170,1.0625
Sikkim,SOUTH DISTRICT,2013,Kharif,Maize,14310,25200,1.761006289
Sikkim,SOUTH DISTRICT,2013,Kharif,Other Kharif pulses,1310,1320,1.007633588
Sikkim,SOUTH DISTRICT,2013,Kharif,Rice,2100,4010,1.90952381
Sikkim,SOUTH DISTRICT,2013,Kharif,Small millets,750,740,0.986666667
Sikkim,SOUTH DISTRICT,2013,Kharif,Soyabean,1450,1400,0.965517241
Sikkim,SOUTH DISTRICT,2013,Kharif,Urad,1760,1600,0.909090909
Sikkim,SOUTH DISTRICT,2013,Rabi,Barley,110,101,0.918181818
Sikkim,SOUTH DISTRICT,2013,Rabi,Rapeseed &Mustard,1360,1240,0.911764706
Sikkim,SOUTH DISTRICT,2013,Rabi,Wheat,160,170,1.0625
Sikkim,SOUTH DISTRICT,2014,Kharif,Maize,14300,25200,1.762237762
Sikkim,SOUTH DISTRICT,2014,Kharif,Other Kharif pulses,1320,1330,1.007575758
Sikkim,SOUTH DISTRICT,2014,Kharif,Rice,2050,3910,1.907317073
Sikkim,SOUTH DISTRICT,2014,Kharif,Small millets,750,740,0.986666667
Sikkim,SOUTH DISTRICT,2014,Kharif,Soyabean,1460,1410,0.965753425
Sikkim,SOUTH DISTRICT,2014,Kharif,Urad,1730,1577,0.911560694
Sikkim,SOUTH DISTRICT,2014,Rabi,Barley,100,90,0.9
Sikkim,SOUTH DISTRICT,2014,Rabi,Rapeseed &Mustard,1360,1238,0.910294118
Sikkim,SOUTH DISTRICT,2014,Rabi,Wheat,150,160,1.066666667
Sikkim,SOUTH DISTRICT,2015,Kharif,Maize,14000,25180,1.798571429
Sikkim,SOUTH DISTRICT,2015,Kharif,Other Kharif pulses,1310,1342,1.024427481
Sikkim,SOUTH DISTRICT,2015,Kharif,Rice,1920,3738,1.946875
Sikkim,SOUTH DISTRICT,2015,Kharif,Small millets,700,710,1.014285714
Sikkim,SOUTH DISTRICT,2015,Kharif,Soyabean,1310,1290,0.984732824
Sikkim,SOUTH DISTRICT,2015,Kharif,Urad,1700,1581,0.93
Sikkim,SOUTH DISTRICT,2015,Rabi,Barley,70,65,0.928571429
Sikkim,SOUTH DISTRICT,2015,Rabi,Rapeseed &Mustard,1233,1150,0.932684509
Sikkim,SOUTH DISTRICT,2015,Rabi,Wheat,110,118,1.072727273
Sikkim,WEST DISTRICT,1998,Kharif,Maize,13300,18500,1.390977444
Sikkim,WEST DISTRICT,1998,Kharif,Oilseeds total,20,10,0.5
Sikkim,WEST DISTRICT,1998,Kharif,Rice,5380,7480,1.390334572
Sikkim,WEST DISTRICT,1998,Kharif,Small millets,1700,1600,0.941176471
Sikkim,WEST DISTRICT,1998,Kharif,Soyabean,1320,1000,0.757575758
Sikkim,WEST DISTRICT,1998,Kharif,Urad,1700,1280,0.752941176
Sikkim,WEST DISTRICT,1998,Rabi,Barley,450,600,1.333333333
Sikkim,WEST DISTRICT,1998,Rabi,Other  Rabi pulses,840,1000,1.19047619
Sikkim,WEST DISTRICT,1998,Rabi,Rapeseed &Mustard,1450,670,0.462068966
Sikkim,WEST DISTRICT,1998,Rabi,Wheat,2600,2200,0.846153846
Sikkim,WEST DISTRICT,1998,Whole Year,Pulses total,2540,2280,0.897637795
Sikkim,WEST DISTRICT,1998,Whole Year,Total foodgrain,26630,33140,1.244461134
Sikkim,WEST DISTRICT,1999,Kharif,Maize,13000,18200,1.4
Sikkim,WEST DISTRICT,1999,Kharif,Rice,5380,8000,1.486988848
Sikkim,WEST DISTRICT,1999,Kharif,Soyabean,1350,1130,0.837037037
Sikkim,WEST DISTRICT,1999,Kharif,Urad,1700,1280,0.752941176
Sikkim,WEST DISTRICT,1999,Rabi,Barley,450,670,1.488888889
Sikkim,WEST DISTRICT,1999,Rabi,Rapeseed &Mustard,1450,1120,0.772413793
Sikkim,WEST DISTRICT,1999,Rabi,Wheat,2550,4300,1.68627451
Sikkim,WEST DISTRICT,2000,Kharif,Maize,13300,19750,1.484962406
Sikkim,WEST DISTRICT,2000,Kharif,Other Kharif pulses,840,1000,1.19047619
Sikkim,WEST DISTRICT,2000,Kharif,other oilseeds,20,10,0.5
Sikkim,WEST DISTRICT,2000,Kharif,Rice,5380,7999,1.486802974
Sikkim,WEST DISTRICT,2000,Kharif,Small millets,1615,1529,0.946749226
Sikkim,WEST DISTRICT,2000,Kharif,Soyabean,1350,1131,0.837777778
Sikkim,WEST DISTRICT,2000,Kharif,Urad,1700,1279,0.752352941
Sikkim,WEST DISTRICT,2000,Rabi,Barley,450,470,1.044444444
Sikkim,WEST DISTRICT,2000,Rabi,Other Cereals & Millets,680,530,0.779411765
Sikkim,WEST DISTRICT,2000,Rabi,Rapeseed &Mustard,1450,1008,0.695172414
Sikkim,WEST DISTRICT,2000,Rabi,Wheat,2720,4063,1.49375
Sikkim,WEST DISTRICT,2001,Kharif,Maize,13470,18590,1.380103935
Sikkim,WEST DISTRICT,2001,Kharif,Other Kharif pulses,820,1000,1.219512195
Sikkim,WEST DISTRICT,2001,Kharif,Rice,5100,7570,1.484313725
Sikkim,WEST DISTRICT,2001,Kharif,Small millets,1680,1580,0.94047619
Sikkim,WEST DISTRICT,2001,Kharif,Soyabean,1350,1100,0.814814815
Sikkim,WEST DISTRICT,2001,Kharif,Urad,1700,1240,0.729411765
Sikkim,WEST DISTRICT,2001,Rabi,Barley,450,610,1.355555556
Sikkim,WEST DISTRICT,2001,Rabi,Rapeseed &Mustard,1460,1000,0.684931507
Sikkim,WEST DISTRICT,2001,Rabi,Wheat,2880,4010,1.392361111
Sikkim,WEST DISTRICT,2001,Whole Year,Oilseeds total,2000,1000,0.5
Sikkim,WEST DISTRICT,2002,Kharif,Maize,13120,19170,1.461128049
Sikkim,WEST DISTRICT,2002,Kharif,Other Kharif pulses,880,1170,1.329545455
Sikkim,WEST DISTRICT,2002,Kharif,Rice,5100,7600,1.490196078
Sikkim,WEST DISTRICT,2002,Kharif,Small millets,1450,1300,0.896551724
Sikkim,WEST DISTRICT,2002,Kharif,Soyabean,1350,1000,0.740740741
Sikkim,WEST DISTRICT,2002,Kharif,Urad,1700,1280,0.752941176
Sikkim,WEST DISTRICT,2002,Rabi,Barley,450,670,1.488888889
Sikkim,WEST DISTRICT,2002,Rabi,Rapeseed &Mustard,1460,1040,0.712328767
Sikkim,WEST DISTRICT,2002,Rabi,Wheat,2670,3620,1.355805243
Sikkim,WEST DISTRICT,2002,Whole Year,Oilseeds total,2000,1000,0.5
Sikkim,WEST DISTRICT,2002,Whole Year,Other Fresh Fruits,2680,3200,1.194029851
Sikkim,WEST DISTRICT,2002,Whole Year,other oilseeds,20,10,0.5
Sikkim,WEST DISTRICT,2002,Whole Year,Other Vegetables,3710,16740,4.51212938
Sikkim,WEST DISTRICT,2002,Whole Year,Potato,2970,10180,3.427609428
Sikkim,WEST DISTRICT,2003,Kharif,Maize,13320,22370,1.679429429
Sikkim,WEST DISTRICT,2003,Kharif,Rice,5100,7600,1.490196078
Sikkim,WEST DISTRICT,2003,Kharif,Small millets,1450,1250,0.862068966
Sikkim,WEST DISTRICT,2003,Kharif,Soyabean,1350,1100,0.814814815
Sikkim,WEST DISTRICT,2003,Kharif,Urad,1700,1290,0.758823529
Sikkim,WEST DISTRICT,2003,Rabi,Barley,450,600,1.333333333
Sikkim,WEST DISTRICT,2003,Rabi,Rapeseed &Mustard,1580,1120,0.708860759
Sikkim,WEST DISTRICT,2003,Rabi,Wheat,2670,3620,1.355805243
Sikkim,WEST DISTRICT,2003,Whole Year,Other Fresh Fruits,2950,3690,1.250847458
Sikkim,WEST DISTRICT,2003,Whole Year,other oilseeds,20,10,0.5
Sikkim,WEST DISTRICT,2003,Whole Year,Other Vegetables,2670,10940,4.097378277
Sikkim,WEST DISTRICT,2003,Whole Year,Potato,3270,14120,4.318042813
Sikkim,WEST DISTRICT,2004,Kharif,Maize,13320,23300,1.749249249
Sikkim,WEST DISTRICT,2004,Kharif,Other Kharif pulses,750,1010,1.346666667
Sikkim,WEST DISTRICT,2004,Kharif,other oilseeds,20,10,0.5
Sikkim,WEST DISTRICT,2004,Kharif,Rice,5100,7630,1.496078431
Sikkim,WEST DISTRICT,2004,Kharif,Small millets,1450,1250,0.862068966
Sikkim,WEST DISTRICT,2004,Kharif,Soyabean,1340,1090,0.813432836
Sikkim,WEST DISTRICT,2004,Kharif,Urad,1700,1290,0.758823529
Sikkim,WEST DISTRICT,2004,Rabi,Barley,450,600,1.333333333
Sikkim,WEST DISTRICT,2004,Rabi,Other Cereals & Millets,670,550,0.820895522
Sikkim,WEST DISTRICT,2004,Rabi,Rapeseed &Mustard,1580,1130,0.715189873
Sikkim,WEST DISTRICT,2004,Rabi,Wheat,1960,3000,1.530612245
Sikkim,WEST DISTRICT,2005,Kharif,Maize,13320,24300,1.824324324
Sikkim,WEST DISTRICT,2005,Kharif,Other Kharif pulses,750,1020,1.36
Sikkim,WEST DISTRICT,2005,Kharif,other oilseeds,20,20,1
Sikkim,WEST DISTRICT,2005,Kharif,Rice,550,8320,15.12727273
Sikkim,WEST DISTRICT,2005,Kharif,Small millets,1450,1350,0.931034483
Sikkim,WEST DISTRICT,2005,Kharif,Soyabean,1340,1080,0.805970149
Sikkim,WEST DISTRICT,2005,Kharif,Urad,174,1340,7.701149425
Sikkim,WEST DISTRICT,2005,Rabi,Barley,450,610,1.355555556
Sikkim,WEST DISTRICT,2005,Rabi,Other Cereals & Millets,670,560,0.835820896
Sikkim,WEST DISTRICT,2005,Rabi,Rapeseed &Mustard,1580,1200,0.759493671
Sikkim,WEST DISTRICT,2005,Rabi,Wheat,1960,3250,1.658163265
Sikkim,WEST DISTRICT,2006,Kharif,Maize,13000,21300,1.638461538
Sikkim,WEST DISTRICT,2006,Kharif,Other Kharif pulses,810,1000,1.234567901
Sikkim,WEST DISTRICT,2006,Kharif,Rice,550,8350,15.18181818
Sikkim,WEST DISTRICT,2006,Kharif,Small millets,1500,1450,0.966666667
Sikkim,WEST DISTRICT,2006,Kharif,Soyabean,1160,1160,1
Sikkim,WEST DISTRICT,2006,Kharif,Urad,1800,1410,0.783333333
Sikkim,WEST DISTRICT,2006,Rabi,Barley,390,500,1.282051282
Sikkim,WEST DISTRICT,2006,Rabi,Other Cereals & Millets,770,750,0.974025974
Sikkim,WEST DISTRICT,2006,Rabi,Rapeseed &Mustard,1500,1140,0.76
Sikkim,WEST DISTRICT,2006,Rabi,Wheat,2100,3500,1.666666667
Sikkim,WEST DISTRICT,2007,Kharif,Maize,13000,18190,1.399230769
Sikkim,WEST DISTRICT,2007,Kharif,Other Kharif pulses,280,20,0.071428571
Sikkim,WEST DISTRICT,2007,Kharif,Rice,2460,4560,1.853658537
Sikkim,WEST DISTRICT,2007,Kharif,Small millets,770,780,1.012987013
Sikkim,WEST DISTRICT,2007,Kharif,Soyabean,450,400,0.888888889
Sikkim,WEST DISTRICT,2007,Kharif,Urad,190,130,0.684210526
Sikkim,WEST DISTRICT,2007,Rabi,Barley,120,110,0.916666667
Sikkim,WEST DISTRICT,2007,Rabi,Other Cereals & Millets,380,380,1
Sikkim,WEST DISTRICT,2007,Rabi,Rapeseed &Mustard,530,300,0.566037736
Sikkim,WEST DISTRICT,2007,Rabi,Wheat,910,910,1
Sikkim,WEST DISTRICT,2008,Kharif,Maize,12880,21710,1.685559006
Sikkim,WEST DISTRICT,2008,Kharif,Other Kharif pulses,310,310,1
Sikkim,WEST DISTRICT,2008,Kharif,Rice,4190,7450,1.778042959
Sikkim,WEST DISTRICT,2008,Kharif,Small millets,780,760,0.974358974
Sikkim,WEST DISTRICT,2008,Kharif,Soyabean,1290,1140,0.88372093
Sikkim,WEST DISTRICT,2008,Kharif,Urad,1400,1300,0.928571429
Sikkim,WEST DISTRICT,2008,Rabi,Barley,90,100,1.111111111
Sikkim,WEST DISTRICT,2008,Rabi,Other Cereals & Millets,2160,2130,0.986111111
Sikkim,WEST DISTRICT,2008,Rabi,Rapeseed &Mustard,1610,1310,0.813664596
Sikkim,WEST DISTRICT,2008,Rabi,Wheat,1020,820,0.803921569
Sikkim,WEST DISTRICT,2009,Kharif,Maize,13020,21990,1.688940092
Sikkim,WEST DISTRICT,2009,Kharif,Other Kharif pulses,460,370,0.804347826
Sikkim,WEST DISTRICT,2009,Kharif,Rice,4170,7580,1.817745803
Sikkim,WEST DISTRICT,2009,Kharif,Small millets,1000,980,0.98
Sikkim,WEST DISTRICT,2009,Kharif,Soyabean,800,700,0.875
Sikkim,WEST DISTRICT,2009,Kharif,Urad,850,700,0.823529412
Sikkim,WEST DISTRICT,2009,Rabi,Barley,110,108,0.981818182
Sikkim,WEST DISTRICT,2009,Rabi,Other Cereals & Millets,1030,900,0.873786408
Sikkim,WEST DISTRICT,2009,Rabi,Rapeseed &Mustard,1800,1270,0.705555556
Sikkim,WEST DISTRICT,2009,Rabi,Wheat,1100,800,0.727272727
Sikkim,WEST DISTRICT,2010,Kharif,Maize,13870,23163,1.67000721
Sikkim,WEST DISTRICT,2010,Kharif,Other Kharif pulses,810,6510,8.037037037
Sikkim,WEST DISTRICT,2010,Kharif,Rice,3970,7213,1.816876574
Sikkim,WEST DISTRICT,2010,Kharif,Small millets,810,795,0.981481481
Sikkim,WEST DISTRICT,2010,Kharif,Soyabean,1200,1051,0.875833333
Sikkim,WEST DISTRICT,2010,Kharif,Urad,940,780,0.829787234
Sikkim,WEST DISTRICT,2010,Rabi,Barley,40,39,0.975
Sikkim,WEST DISTRICT,2010,Rabi,Other Cereals & Millets,1150,1005,0.873913043
Sikkim,WEST DISTRICT,2010,Rabi,Rapeseed &Mustard,1550,1135,0.732258065
Sikkim,WEST DISTRICT,2010,Rabi,Wheat,810,621,0.766666667
Sikkim,WEST DISTRICT,2011,Kharif,Maize,13860,23280,1.67965368
Sikkim,WEST DISTRICT,2011,Kharif,Other Kharif pulses,900,770,0.855555556
Sikkim,WEST DISTRICT,2011,Kharif,Rice,3950,7180,1.817721519
Sikkim,WEST DISTRICT,2011,Kharif,Small millets,780,770,0.987179487
Sikkim,WEST DISTRICT,2011,Kharif,Soyabean,1190,1040,0.87394958
Sikkim,WEST DISTRICT,2011,Kharif,Urad,830,700,0.843373494
Sikkim,WEST DISTRICT,2011,Rabi,Barley,40,40,1
Sikkim,WEST DISTRICT,2011,Rabi,Rapeseed &Mustard,1600,1280,0.8
Sikkim,WEST DISTRICT,2011,Rabi,Wheat,790,710,0.898734177
Sikkim,WEST DISTRICT,2012,Kharif,Maize,13880,23710,1.708213256
Sikkim,WEST DISTRICT,2012,Kharif,Other Kharif pulses,980,870,0.887755102
Sikkim,WEST DISTRICT,2012,Kharif,Rice,3610,6770,1.87534626
Sikkim,WEST DISTRICT,2012,Kharif,Small millets,760,780,1.026315789
Sikkim,WEST DISTRICT,2012,Kharif,Soyabean,1190,1090,0.915966387
Sikkim,WEST DISTRICT,2012,Kharif,Urad,1220,1060,0.868852459
Sikkim,WEST DISTRICT,2012,Rabi,Barley,100,90,0.9
Sikkim,WEST DISTRICT,2012,Rabi,Rapeseed &Mustard,1070,870,0.813084112
Sikkim,WEST DISTRICT,2012,Rabi,Wheat,150,150,1
Sikkim,WEST DISTRICT,2013,Kharif,Maize,13870,24000,1.73035328
Sikkim,WEST DISTRICT,2013,Kharif,Other Kharif pulses,990,880,0.888888889
Sikkim,WEST DISTRICT,2013,Kharif,Rice,3160,6000,1.898734177
Sikkim,WEST DISTRICT,2013,Kharif,Small millets,760,786,1.034210526
Sikkim,WEST DISTRICT,2013,Kharif,Soyabean,1210,1110,0.917355372
Sikkim,WEST DISTRICT,2013,Kharif,Urad,1230,1070,0.869918699
Sikkim,WEST DISTRICT,2013,Rabi,Barley,100,90,0.9
Sikkim,WEST DISTRICT,2013,Rabi,Rapeseed &Mustard,750,620,0.826666667
Sikkim,WEST DISTRICT,2014,Kharif,Maize,13840,24000,1.734104046
Sikkim,WEST DISTRICT,2014,Kharif,Other Kharif pulses,970,860,0.886597938
Sikkim,WEST DISTRICT,2014,Kharif,Rice,3130,5950,1.900958466
Sikkim,WEST DISTRICT,2014,Kharif,Small millets,760,790,1.039473684
Sikkim,WEST DISTRICT,2014,Kharif,Soyabean,1200,1102,0.918333333
Sikkim,WEST DISTRICT,2014,Kharif,Urad,1210,1053,0.870247934
Sikkim,WEST DISTRICT,2014,Rabi,Barley,20,18,0.9
Sikkim,WEST DISTRICT,2014,Rabi,Rapeseed &Mustard,740,610,0.824324324
Sikkim,WEST DISTRICT,2014,Rabi,Wheat,40,40,1
Sikkim,WEST DISTRICT,2015,Kharif,Maize,13210,23110,1.749432248
Sikkim,WEST DISTRICT,2015,Kharif,Other Kharif pulses,719,650,0.90403338
Sikkim,WEST DISTRICT,2015,Kharif,Rice,3016,5851,1.939986737
Sikkim,WEST DISTRICT,2015,Kharif,Small millets,711,744,1.046413502
Sikkim,WEST DISTRICT,2015,Kharif,Soyabean,546,520,0.952380952
Sikkim,WEST DISTRICT,2015,Kharif,Urad,914,811,0.887308534
Sikkim,WEST DISTRICT,2015,Rabi,Barley,12,11,0.916666667
Sikkim,WEST DISTRICT,2015,Rabi,Rapeseed &Mustard,625,540,0.864
Sikkim,WEST DISTRICT,2015,Rabi,Wheat,20,21,1.05
Tamil Nadu,ARIYALUR,2008,Kharif,Rice,24574,,
Tamil Nadu,ARIYALUR,2008,Whole Year,Arhar/Tur,209,,
Tamil Nadu,ARIYALUR,2008,Whole Year,Bajra,565,,
Tamil Nadu,ARIYALUR,2008,Whole Year,Banana,190,,
Tamil Nadu,ARIYALUR,2008,Whole Year,Cashewnut,31113,,
Tamil Nadu,ARIYALUR,2008,Whole Year,Castor seed,27,,
Tamil Nadu,ARIYALUR,2008,Whole Year,Coconut,335,,
Tamil Nadu,ARIYALUR,2008,Whole Year,Coriander,460,,
Tamil Nadu,ARIYALUR,2008,Whole Year,Cotton(lint),3566,,
Tamil Nadu,ARIYALUR,2008,Whole Year,Dry chillies,1774,,
Tamil Nadu,ARIYALUR,2008,Whole Year,Groundnut,14528,,
Tamil Nadu,ARIYALUR,2008,Whole Year,Jowar,6674,,
Tamil Nadu,ARIYALUR,2008,Whole Year,Maize,9797,,
Tamil Nadu,ARIYALUR,2008,Whole Year,Moong(Green Gram),39,,
Tamil Nadu,ARIYALUR,2008,Whole Year,Onion,21,,
Tamil Nadu,ARIYALUR,2008,Whole Year,Ragi,13,,
Tamil Nadu,ARIYALUR,2008,Whole Year,Sugarcane,8608,,
Tamil Nadu,ARIYALUR,2008,Whole Year,Sunflower,221,,
Tamil Nadu,ARIYALUR,2008,Whole Year,Sweet potato,2,,
Tamil Nadu,ARIYALUR,2008,Whole Year,Tapioca,258,,
Tamil Nadu,ARIYALUR,2008,Whole Year,Turmeric,10,,
Tamil Nadu,ARIYALUR,2008,Whole Year,Urad,1192,,
Tamil Nadu,ARIYALUR,2009,Kharif,Rice,25978,80462,3.097313111
Tamil Nadu,ARIYALUR,2009,Kharif,Small millets,404,649,1.606435644
Tamil Nadu,ARIYALUR,2009,Whole Year,Arhar/Tur,160,122,0.7625
Tamil Nadu,ARIYALUR,2009,Whole Year,Bajra,644,1082,1.680124224
Tamil Nadu,ARIYALUR,2009,Whole Year,Banana,134,5761,42.99253731
Tamil Nadu,ARIYALUR,2009,Whole Year,Cashewnut,31188,9975,0.319834552
Tamil Nadu,ARIYALUR,2009,Whole Year,Castor seed,21,6,0.285714286
Tamil Nadu,ARIYALUR,2009,Whole Year,Coconut,336,5200,15.47619048
Tamil Nadu,ARIYALUR,2009,Whole Year,Coriander,338,134,0.396449704
Tamil Nadu,ARIYALUR,2009,Whole Year,Cotton(lint),4074,11033,2.708149239
Tamil Nadu,ARIYALUR,2009,Whole Year,Dry chillies,1676,608,0.362768496
Tamil Nadu,ARIYALUR,2009,Whole Year,Groundnut,13878,27002,1.945669405
Tamil Nadu,ARIYALUR,2009,Whole Year,Jowar,4959,7043,1.420246017
Tamil Nadu,ARIYALUR,2009,Whole Year,Maize,9979,23891,2.394127668
Tamil Nadu,ARIYALUR,2009,Whole Year,Moong(Green Gram),13,11,0.846153846
Tamil Nadu,ARIYALUR,2009,Whole Year,Onion,47,458,9.744680851
Tamil Nadu,ARIYALUR,2009,Whole Year,Ragi,47,130,2.765957447
Tamil Nadu,ARIYALUR,2009,Whole Year,Sesamum,1652,452,0.273607748
Tamil Nadu,ARIYALUR,2009,Whole Year,Sugarcane,6970,809944,116.2043042
Tamil Nadu,ARIYALUR,2009,Whole Year,Sunflower,111,148,1.333333333
Tamil Nadu,ARIYALUR,2009,Whole Year,Sweet potato,2,29,14.5
Tamil Nadu,ARIYALUR,2009,Whole Year,Tapioca,257,8858,34.46692607
Tamil Nadu,ARIYALUR,2009,Whole Year,Turmeric,21,106,5.047619048
Tamil Nadu,ARIYALUR,2009,Whole Year,Urad,1046,400,0.382409178
Tamil Nadu,ARIYALUR,2010,Kharif,Arhar/Tur,209,138,0.660287081
Tamil Nadu,ARIYALUR,2010,Kharif,Castor seed,27,7,0.259259259
Tamil Nadu,ARIYALUR,2010,Kharif,Cotton(lint),5684,9361,1.646903589
Tamil Nadu,ARIYALUR,2010,Kharif,Groundnut,12058,37266,3.090562282
Tamil Nadu,ARIYALUR,2010,Kharif,Maize,9996,8630,0.863345338
Tamil Nadu,ARIYALUR,2010,Kharif,Moong(Green Gram),4,2,0.5
Tamil Nadu,ARIYALUR,2010,Kharif,Ragi,42,109,2.595238095
Tamil Nadu,ARIYALUR,2010,Kharif,Rice,25211,97869,3.881995954
Tamil Nadu,ARIYALUR,2010,Kharif,Sunflower,202,245,1.212871287
Tamil Nadu,ARIYALUR,2010,Kharif,Urad,1526,741,0.485583224
Tamil Nadu,ARIYALUR,2010,Whole Year,Sugarcane,7500,739006,98.53413333
Tamil Nadu,ARIYALUR,2011,Kharif,Bajra,590,1499,2.540677966
Tamil Nadu,ARIYALUR,2011,Kharif,Cotton(lint),7661,36179,4.722490536
Tamil Nadu,ARIYALUR,2011,Kharif,Groundnut,9999,35766,3.576957696
Tamil Nadu,ARIYALUR,2011,Kharif,Jowar,1659,2114,1.274261603
Tamil Nadu,ARIYALUR,2011,Kharif,Maize,11778,60881,5.16904398
Tamil Nadu,ARIYALUR,2011,Kharif,Ragi,14,37,2.642857143
Tamil Nadu,ARIYALUR,2011,Kharif,Rice,24097,97257,4.03606258
Tamil Nadu,ARIYALUR,2011,Rabi,Bajra,6,18,3
Tamil Nadu,ARIYALUR,2011,Rabi,Cotton(lint),150,413,2.753333333
Tamil Nadu,ARIYALUR,2011,Rabi,Groundnut,3028,18093,5.975231176
Tamil Nadu,ARIYALUR,2011,Rabi,Jowar,15,22,1.466666667
Tamil Nadu,ARIYALUR,2011,Rabi,Maize,357,2374,6.649859944
Tamil Nadu,ARIYALUR,2011,Rabi,Ragi,3,9,3
Tamil Nadu,ARIYALUR,2011,Whole Year,Arhar/Tur,192,167,0.869791667
Tamil Nadu,ARIYALUR,2011,Whole Year,Banana,144,6292,43.69444444
Tamil Nadu,ARIYALUR,2011,Whole Year,Cashewnut,29930,6468,0.216104243
Tamil Nadu,ARIYALUR,2011,Whole Year,Castor seed,38,8,0.210526316
Tamil Nadu,ARIYALUR,2011,Whole Year,Coconut,323,2600000,8049.535604
Tamil Nadu,ARIYALUR,2011,Whole Year,Coriander,75,35,0.466666667
Tamil Nadu,ARIYALUR,2011,Whole Year,Dry chillies,735,509,0.692517007
Tamil Nadu,ARIYALUR,2011,Whole Year,Moong(Green Gram),6,4,0.666666667
Tamil Nadu,ARIYALUR,2011,Whole Year,Onion,26,329,12.65384615
Tamil Nadu,ARIYALUR,2011,Whole Year,Small millets,259,705,2.722007722
Tamil Nadu,ARIYALUR,2011,Whole Year,Sugarcane,7967,880259,110.4881386
Tamil Nadu,ARIYALUR,2011,Whole Year,Sunflower,228,418,1.833333333
Tamil Nadu,ARIYALUR,2011,Whole Year,Tapioca,273,10282,37.66300366
Tamil Nadu,ARIYALUR,2011,Whole Year,Turmeric,100,548,5.48
Tamil Nadu,ARIYALUR,2011,Whole Year,Urad,1496,1163,0.777406417
Tamil Nadu,ARIYALUR,2012,Kharif,Arhar/Tur,99,78,0.787878788
Tamil Nadu,ARIYALUR,2012,Kharif,Castor seed,65,14,0.215384615
Tamil Nadu,ARIYALUR,2012,Kharif,Cotton(lint),8634,15664,1.81422284
Tamil Nadu,ARIYALUR,2012,Kharif,Groundnut,9108,23014,2.526789635
Tamil Nadu,ARIYALUR,2012,Kharif,Horse-gram,1,,
Tamil Nadu,ARIYALUR,2012,Kharif,Maize,14743,35469,2.405819711
Tamil Nadu,ARIYALUR,2012,Kharif,Moong(Green Gram),2,1,0.5
Tamil Nadu,ARIYALUR,2012,Kharif,Ragi,8,15,1.875
Tamil Nadu,ARIYALUR,2012,Kharif,Rice,17523,36392,2.076813331
Tamil Nadu,ARIYALUR,2012,Kharif,Sunflower,754,922,1.222811671
Tamil Nadu,ARIYALUR,2012,Kharif,Urad,1703,924,0.542571932
Tamil Nadu,ARIYALUR,2012,Whole Year,Sugarcane,7804,707584,90.66940031
Tamil Nadu,ARIYALUR,2013,Kharif,Bajra,777,2888,3.716859717
Tamil Nadu,ARIYALUR,2013,Kharif,Castor seed,31,10,0.322580645
Tamil Nadu,ARIYALUR,2013,Kharif,Cotton(lint),8815,29867,3.388201929
Tamil Nadu,ARIYALUR,2013,Kharif,Groundnut,6436,21168,3.288999378
Tamil Nadu,ARIYALUR,2013,Kharif,Horse-gram,1,,
Tamil Nadu,ARIYALUR,2013,Kharif,Jowar,809,1004,1.241038319
Tamil Nadu,ARIYALUR,2013,Kharif,Maize,17153,91257,5.320177228
Tamil Nadu,ARIYALUR,2013,Kharif,Moong(Green Gram),23,13,0.565217391
Tamil Nadu,ARIYALUR,2013,Kharif,Onion,36,419,11.63888889
Tamil Nadu,ARIYALUR,2013,Kharif,Ragi,38,104,2.736842105
Tamil Nadu,ARIYALUR,2013,Kharif,Rice,24437,131658,5.387649875
Tamil Nadu,ARIYALUR,2013,Kharif,Sunflower,76,137,1.802631579
Tamil Nadu,ARIYALUR,2013,Kharif,Urad,1951,1639,0.840082009
Tamil Nadu,ARIYALUR,2013,Rabi,Bajra,95,190,2
Tamil Nadu,ARIYALUR,2013,Rabi,Cotton(lint),303,727,2.399339934
Tamil Nadu,ARIYALUR,2013,Rabi,Groundnut,3571,21760,6.093531224
Tamil Nadu,ARIYALUR,2013,Rabi,Horse-gram,1,1,1
Tamil Nadu,ARIYALUR,2013,Rabi,Jowar,63,136,2.158730159
Tamil Nadu,ARIYALUR,2013,Rabi,Maize,615,3076,5.001626016
Tamil Nadu,ARIYALUR,2013,Rabi,Onion,7,59,8.428571429
Tamil Nadu,ARIYALUR,2013,Rabi,Ragi,11,44,4
Tamil Nadu,ARIYALUR,2013,Rabi,Sunflower,1,1,1
Tamil Nadu,ARIYALUR,2013,Rabi,Urad,1485,1267,0.853198653
Tamil Nadu,ARIYALUR,2013,Whole Year,Arhar/Tur,236,228,0.966101695
Tamil Nadu,ARIYALUR,2013,Whole Year,Banana,131,5441,41.53435115
Tamil Nadu,ARIYALUR,2013,Whole Year,Cashewnut,30152,6600,0.218890953
Tamil Nadu,ARIYALUR,2013,Whole Year,Coconut,331,1700000,5135.951662
Tamil Nadu,ARIYALUR,2013,Whole Year,Coriander,14,5,0.357142857
Tamil Nadu,ARIYALUR,2013,Whole Year,Dry chillies,212,58,0.273584906
Tamil Nadu,ARIYALUR,2013,Whole Year,Small millets,187,491,2.625668449
Tamil Nadu,ARIYALUR,2013,Whole Year,Sugarcane,9875,1112304,112.6383797
Tamil Nadu,ARIYALUR,2013,Whole Year,Tapioca,189,5655,29.92063492
Tamil Nadu,ARIYALUR,2013,Whole Year,Turmeric,61,224,3.672131148
Tamil Nadu,COIMBATORE,1997,Kharif,Banana,5619,183740,32.69976864
Tamil Nadu,COIMBATORE,1997,Kharif,Horse-gram,6849,3040,0.443860418
Tamil Nadu,COIMBATORE,1997,Kharif,Onion,2813,37188,13.22004977
Tamil Nadu,COIMBATORE,1997,Kharif,Sesamum,1598,580,0.362953692
Tamil Nadu,COIMBATORE,1997,Kharif,Small millets,63,50,0.793650794
Tamil Nadu,COIMBATORE,1997,Kharif,Tobacco,936,1620,1.730769231
Tamil Nadu,COIMBATORE,1997,Whole Year,Arhar/Tur,1393,700,0.502512563
Tamil Nadu,COIMBATORE,1997,Whole Year,Bajra,518,910,1.756756757
Tamil Nadu,COIMBATORE,1997,Whole Year,Banana,7269,285930,39.33553446
Tamil Nadu,COIMBATORE,1997,Whole Year,Black pepper,131,30,0.229007634
Tamil Nadu,COIMBATORE,1997,Whole Year,Cardamom,834,70,0.083932854
Tamil Nadu,COIMBATORE,1997,Whole Year,Cashewnut,63,40,0.634920635
Tamil Nadu,COIMBATORE,1997,Whole Year,Castor seed,199,70,0.351758794
Tamil Nadu,COIMBATORE,1997,Whole Year,Coriander,709,130,0.183356841
Tamil Nadu,COIMBATORE,1997,Whole Year,Cotton(lint),16858,30610,1.815755131
Tamil Nadu,COIMBATORE,1997,Whole Year,Dry chillies,2350,1430,0.608510638
Tamil Nadu,COIMBATORE,1997,Whole Year,Gram,4481,3320,0.740906048
Tamil Nadu,COIMBATORE,1997,Whole Year,Groundnut,33861,43150,1.274327397
Tamil Nadu,COIMBATORE,1997,Whole Year,Jowar,89773,65140,0.725607922
Tamil Nadu,COIMBATORE,1997,Whole Year,Maize,15763,17720,1.124151494
Tamil Nadu,COIMBATORE,1997,Whole Year,Moong(Green Gram),4526,1480,0.326999558
Tamil Nadu,COIMBATORE,1997,Whole Year,Onion,1680,20960,12.47619048
Tamil Nadu,COIMBATORE,1997,Whole Year,Pulses total,34941,13110,0.375203915
Tamil Nadu,COIMBATORE,1997,Whole Year,Ragi,401,800,1.995012469
Tamil Nadu,COIMBATORE,1997,Whole Year,Rice,18703,57670,3.083462546
Tamil Nadu,COIMBATORE,1997,Whole Year,Sugarcane,10756,12272000,1140.944589
Tamil Nadu,COIMBATORE,1997,Whole Year,Sunflower,457,460,1.006564551
Tamil Nadu,COIMBATORE,1997,Whole Year,Tapioca,1320,49510,37.50757576
Tamil Nadu,COIMBATORE,1997,Whole Year,Tobacco,844,1250,1.481042654
Tamil Nadu,COIMBATORE,1997,Whole Year,Total foodgrain,160230,155430,0.970043063
Tamil Nadu,COIMBATORE,1997,Whole Year,Turmeric,2024,16960,8.37944664
Tamil Nadu,COIMBATORE,1997,Whole Year,Urad,3085,1440,0.466774716
Tamil Nadu,COIMBATORE,1998,Kharif,Arhar/Tur,2312,1998,0.864186851
Tamil Nadu,COIMBATORE,1998,Kharif,Bajra,244,511,2.094262295
Tamil Nadu,COIMBATORE,1998,Kharif,Cotton(lint),15370,32294,2.101106051
Tamil Nadu,COIMBATORE,1998,Kharif,Groundnut,39937,69248,1.733930941
Tamil Nadu,COIMBATORE,1998,Kharif,Horse-gram,7231,3030,0.41902918
Tamil Nadu,COIMBATORE,1998,Kharif,Jowar,88370,64470,0.729546226
Tamil Nadu,COIMBATORE,1998,Kharif,Maize,18828,21163,1.124017421
Tamil Nadu,COIMBATORE,1998,Kharif,Moong(Green Gram),7116,3899,0.54792018
Tamil Nadu,COIMBATORE,1998,Kharif,Pulses total,43420,20310,0.467756794
Tamil Nadu,COIMBATORE,1998,Kharif,Ragi,510,1271,2.492156863
Tamil Nadu,COIMBATORE,1998,Kharif,Rice,15034,51575,3.430557403
Tamil Nadu,COIMBATORE,1998,Kharif,Sesamum,1106,423,0.382459313
Tamil Nadu,COIMBATORE,1998,Kharif,Small millets,4600,3400,0.739130435
Tamil Nadu,COIMBATORE,1998,Kharif,Sunflower,191,197,1.031413613
Tamil Nadu,COIMBATORE,1998,Kharif,Total foodgrain,167323,15962,0.095396329
Tamil Nadu,COIMBATORE,1998,Kharif,Urad,10191,4983,0.488960848
Tamil Nadu,COIMBATORE,1998,Rabi,Gram,4164,3981,0.956051873
Tamil Nadu,COIMBATORE,1998,Rabi,Wheat,20,1,0.05
Tamil Nadu,COIMBATORE,1998,Whole Year,Banana,6189,243451,39.33608014
Tamil Nadu,COIMBATORE,1998,Whole Year,Black pepper,130,26,0.2
Tamil Nadu,COIMBATORE,1998,Whole Year,Cardamom,833,68,0.081632653
Tamil Nadu,COIMBATORE,1998,Whole Year,Castor seed,174,60,0.344827586
Tamil Nadu,COIMBATORE,1998,Whole Year,Coriander,822,150,0.182481752
Tamil Nadu,COIMBATORE,1998,Whole Year,Dry chillies,1980,1202,0.607070707
Tamil Nadu,COIMBATORE,1998,Whole Year,Onion,3093,38591,12.47688328
Tamil Nadu,COIMBATORE,1998,Whole Year,Sannhamp,1,1,1
Tamil Nadu,COIMBATORE,1998,Whole Year,Sugarcane,13193,1467460,111.2301978
Tamil Nadu,COIMBATORE,1998,Whole Year,Tapioca,1526,56679,37.14220183
Tamil Nadu,COIMBATORE,1998,Whole Year,Tobacco,461,687,1.490238612
Tamil Nadu,COIMBATORE,1998,Whole Year,Turmeric,2652,22221,8.378959276
Tamil Nadu,COIMBATORE,1999,Kharif,Arhar/Tur,961,635,0.660770031
Tamil Nadu,COIMBATORE,1999,Kharif,Bajra,670,1376,2.053731343
Tamil Nadu,COIMBATORE,1999,Kharif,Castor seed,3771,1365,0.361972951
Tamil Nadu,COIMBATORE,1999,Kharif,Cotton(lint),7627,12264,1.60797168
Tamil Nadu,COIMBATORE,1999,Kharif,Groundnut,36123,55110,1.525620796
Tamil Nadu,COIMBATORE,1999,Kharif,Horse-gram,7884,2985,0.378614916
Tamil Nadu,COIMBATORE,1999,Kharif,Jowar,87539,43978,0.502381796
Tamil Nadu,COIMBATORE,1999,Kharif,Korra,2,1,0.5
Tamil Nadu,COIMBATORE,1999,Kharif,Maize,19841,22328,1.125346505
Tamil Nadu,COIMBATORE,1999,Kharif,Moong(Green Gram),6400,3104,0.485
Tamil Nadu,COIMBATORE,1999,Kharif,Ragi,419,449,1.071599045
Tamil Nadu,COIMBATORE,1999,Kharif,Rice,16875,60494,3.58482963
Tamil Nadu,COIMBATORE,1999,Kharif,Sesamum,1100,521,0.473636364
Tamil Nadu,COIMBATORE,1999,Kharif,Sunflower,978,984,1.006134969
Tamil Nadu,COIMBATORE,1999,Kharif,Urad,5178,2682,0.517960603
Tamil Nadu,COIMBATORE,1999,Rabi,Gram,5030,3723,0.740159046
Tamil Nadu,COIMBATORE,1999,Rabi,Samai,134,73,0.544776119
Tamil Nadu,COIMBATORE,1999,Rabi,Wheat,9,4,0.444444444
Tamil Nadu,COIMBATORE,1999,Whole Year,Banana,5619,183740,32.69976864
Tamil Nadu,COIMBATORE,1999,Whole Year,Cashewnut,36,11,0.305555556
Tamil Nadu,COIMBATORE,1999,Whole Year,Coriander,324,59,0.182098765
Tamil Nadu,COIMBATORE,1999,Whole Year,Dry chillies,1418,1235,0.870944993
Tamil Nadu,COIMBATORE,1999,Whole Year,Guar seed,11939,118374,9.914900745
Tamil Nadu,COIMBATORE,1999,Whole Year,Onion,2813,37188,13.22004977
Tamil Nadu,COIMBATORE,1999,Whole Year,Sugarcane,11939,1195037,100.0952341
Tamil Nadu,COIMBATORE,1999,Whole Year,Sweet potato,2,24,12
Tamil Nadu,COIMBATORE,1999,Whole Year,Tapioca,834,29595,35.48561151
Tamil Nadu,COIMBATORE,1999,Whole Year,Tobacco,936,1620,1.730769231
Tamil Nadu,COIMBATORE,1999,Whole Year,Turmeric,3023,19346,6.399603043
Tamil Nadu,COIMBATORE,2000,Kharif,Arhar/Tur,632,418,0.661392405
Tamil Nadu,COIMBATORE,2000,Kharif,Bajra,307,479,1.560260586
Tamil Nadu,COIMBATORE,2000,Kharif,Castor seed,242,88,0.363636364
Tamil Nadu,COIMBATORE,2000,Kharif,Cotton(lint),6674,10987,1.646239137
Tamil Nadu,COIMBATORE,2000,Kharif,Groundnut,20169,27436,1.360305419
Tamil Nadu,COIMBATORE,2000,Kharif,Horse-gram,4859,1809,0.372298827
Tamil Nadu,COIMBATORE,2000,Kharif,Jowar,74450,35650,0.478844862
Tamil Nadu,COIMBATORE,2000,Kharif,Maize,18075,20341,1.125366528
Tamil Nadu,COIMBATORE,2000,Kharif,Moong(Green Gram),5292,2397,0.452947846
Tamil Nadu,COIMBATORE,2000,Kharif,Other Cereals & Millets,10,6,0.6
Tamil Nadu,COIMBATORE,2000,Kharif,Other Kharif pulses,12066,2582,0.213989723
Tamil Nadu,COIMBATORE,2000,Kharif,Ragi,295,305,1.033898305
Tamil Nadu,COIMBATORE,2000,Kharif,Rice,12170,47066,3.8673788
Tamil Nadu,COIMBATORE,2000,Kharif,Sesamum,800,382,0.4775
Tamil Nadu,COIMBATORE,2000,Kharif,Sunflower,145,153,1.055172414
Tamil Nadu,COIMBATORE,2000,Kharif,Urad,3716,1925,0.51803014
Tamil Nadu,COIMBATORE,2000,Rabi,Gram,2297,1700,0.740095777
Tamil Nadu,COIMBATORE,2000,Rabi,Rapeseed &Mustard,6,1,0.166666667
Tamil Nadu,COIMBATORE,2000,Rabi,Wheat,8,4,0.5
Tamil Nadu,COIMBATORE,2000,Whole Year,Banana,7050,230533,32.69971631
Tamil Nadu,COIMBATORE,2000,Whole Year,Cardamom,6,,
Tamil Nadu,COIMBATORE,2000,Whole Year,Cashewnut,43,17,0.395348837
Tamil Nadu,COIMBATORE,2000,Whole Year,Coriander,294,53,0.180272109
Tamil Nadu,COIMBATORE,2000,Whole Year,Dry chillies,1716,1653,0.963286713
Tamil Nadu,COIMBATORE,2000,Whole Year,Onion,4450,58829,13.22
Tamil Nadu,COIMBATORE,2000,Whole Year,Sannhamp,5,4,0.8
Tamil Nadu,COIMBATORE,2000,Whole Year,Sugarcane,11167,1117764,100.0952807
Tamil Nadu,COIMBATORE,2000,Whole Year,Tapioca,1236,43860,35.48543689
Tamil Nadu,COIMBATORE,2000,Whole Year,Tobacco,601,1040,1.730449251
Tamil Nadu,COIMBATORE,2000,Whole Year,Turmeric,4178,26062,6.237912877
Tamil Nadu,COIMBATORE,2001,Kharif,Arhar/Tur,563,370,0.657193606
Tamil Nadu,COIMBATORE,2001,Kharif,Bajra,236,450,1.906779661
Tamil Nadu,COIMBATORE,2001,Kharif,Cotton(lint),10220,14650,1.433463796
Tamil Nadu,COIMBATORE,2001,Kharif,Groundnut,19152,29100,1.519423559
Tamil Nadu,COIMBATORE,2001,Kharif,Jowar,75752,29680,0.391804837
Tamil Nadu,COIMBATORE,2001,Kharif,Moong(Green Gram),4420,1260,0.285067873
Tamil Nadu,COIMBATORE,2001,Kharif,Ragi,233,420,1.802575107
Tamil Nadu,COIMBATORE,2001,Kharif,Rice,10548,37200,3.526734926
Tamil Nadu,COIMBATORE,2001,Kharif,Sesamum,914,460,0.503282276
Tamil Nadu,COIMBATORE,2001,Kharif,Sunflower,45,60,1.333333333
Tamil Nadu,COIMBATORE,2001,Kharif,Urad,1839,720,0.391517129
Tamil Nadu,COIMBATORE,2001,Whole Year,Sugarcane,13438,1496800,111.3856229
Tamil Nadu,COIMBATORE,2002,Kharif,Arhar/Tur,468,255,0.544871795
Tamil Nadu,COIMBATORE,2002,Kharif,Bajra,624,684,1.096153846
Tamil Nadu,COIMBATORE,2002,Kharif,Castor seed,168,62,0.369047619
Tamil Nadu,COIMBATORE,2002,Kharif,Cotton(lint),5103,3024,0.592592593
Tamil Nadu,COIMBATORE,2002,Kharif,Groundnut,13131,12376,0.942502475
Tamil Nadu,COIMBATORE,2002,Kharif,Horse-gram,5794,1171,0.202105627
Tamil Nadu,COIMBATORE,2002,Kharif,Jowar,80595,23240,0.288355357
Tamil Nadu,COIMBATORE,2002,Kharif,Korra,1,1,1
Tamil Nadu,COIMBATORE,2002,Kharif,Maize,18242,20520,1.124876658
Tamil Nadu,COIMBATORE,2002,Kharif,Moong(Green Gram),4238,699,0.164936291
Tamil Nadu,COIMBATORE,2002,Kharif,Other Kharif pulses,12702,2721,0.214218233
Tamil Nadu,COIMBATORE,2002,Kharif,Ragi,198,264,1.333333333
Tamil Nadu,COIMBATORE,2002,Kharif,Rice,6577,22152,3.368100958
Tamil Nadu,COIMBATORE,2002,Kharif,Samai,24,17,0.708333333
Tamil Nadu,COIMBATORE,2002,Kharif,Sesamum,525,177,0.337142857
Tamil Nadu,COIMBATORE,2002,Kharif,Sunflower,10,12,1.2
Tamil Nadu,COIMBATORE,2002,Kharif,Urad,2083,831,0.398943831
Tamil Nadu,COIMBATORE,2002,Kharif,Varagu,1,1,1
Tamil Nadu,COIMBATORE,2002,Rabi,Gram,4113,3046,0.740578653
Tamil Nadu,COIMBATORE,2002,Rabi,Wheat,6,0,0
Tamil Nadu,COIMBATORE,2002,Whole Year,Arecanut,1589,,
Tamil Nadu,COIMBATORE,2002,Whole Year,Ash Gourd,67,0,0
Tamil Nadu,COIMBATORE,2002,Whole Year,Banana,6499,212533,32.70241576
Tamil Nadu,COIMBATORE,2002,Whole Year,Beans & Mutter(Vegetable),2,0,0
Tamil Nadu,COIMBATORE,2002,Whole Year,Beet Root,265,0,0
Tamil Nadu,COIMBATORE,2002,Whole Year,Bhindi,392,5017,12.79846939
Tamil Nadu,COIMBATORE,2002,Whole Year,Bitter Gourd,182,0,0
Tamil Nadu,COIMBATORE,2002,Whole Year,Bottle Gourd,12,0,0
Tamil Nadu,COIMBATORE,2002,Whole Year,Brinjal,621,6413,10.32689211
Tamil Nadu,COIMBATORE,2002,Whole Year,Cashewnut,243,73,0.300411523
Tamil Nadu,COIMBATORE,2002,Whole Year,Cauliflower,59,0,0
Tamil Nadu,COIMBATORE,2002,Whole Year,Citrus Fruit,56,62,1.107142857
Tamil Nadu,COIMBATORE,2002,Whole Year,Coconut,99250,630000,6.347607053
Tamil Nadu,COIMBATORE,2002,Whole Year,Coriander,680,323,0.475
Tamil Nadu,COIMBATORE,2002,Whole Year,Cucumber,33,0,0
Tamil Nadu,COIMBATORE,2002,Whole Year,Drum Stick,45,0,0
Tamil Nadu,COIMBATORE,2002,Whole Year,Dry chillies,1265,654,0.516996047
Tamil Nadu,COIMBATORE,2002,Whole Year,Garlic,2,11,5.5
Tamil Nadu,COIMBATORE,2002,Whole Year,Grapes,368,6782,18.42934783
Tamil Nadu,COIMBATORE,2002,Whole Year,Jack Fruit,13,147,11.30769231
Tamil Nadu,COIMBATORE,2002,Whole Year,Lab-Lab,119,0,0
Tamil Nadu,COIMBATORE,2002,Whole Year,Mango,3848,28864,7.501039501
Tamil Nadu,COIMBATORE,2002,Whole Year,Onion,1970,26248,13.32385787
Tamil Nadu,COIMBATORE,2002,Whole Year,Orange,18,28,1.555555556
Tamil Nadu,COIMBATORE,2002,Whole Year,Other Citrus Fruit,162,0,0
Tamil Nadu,COIMBATORE,2002,Whole Year,Other Fresh Fruits,325,0,0
Tamil Nadu,COIMBATORE,2002,Whole Year,Other Vegetables,626,0,0
Tamil Nadu,COIMBATORE,2002,Whole Year,Papaya,149,0,0
Tamil Nadu,COIMBATORE,2002,Whole Year,Pome Fruit,172,900,5.23255814
Tamil Nadu,COIMBATORE,2002,Whole Year,Pome Granet,51,0,0
Tamil Nadu,COIMBATORE,2002,Whole Year,Redish,9,0,0
Tamil Nadu,COIMBATORE,2002,Whole Year,Ribed Guard,78,0,0
Tamil Nadu,COIMBATORE,2002,Whole Year,Snak Guard,85,0,0
Tamil Nadu,COIMBATORE,2002,Whole Year,Sugarcane,9623,830060,86.25792372
Tamil Nadu,COIMBATORE,2002,Whole Year,Tapioca,518,15576,30.06949807
Tamil Nadu,COIMBATORE,2002,Whole Year,Tomato,4409,56986,12.92492629
Tamil Nadu,COIMBATORE,2002,Whole Year,Turmeric,1453,7620,5.244322092
Tamil Nadu,COIMBATORE,2002,Whole Year,Water Melon,32,0,0
Tamil Nadu,COIMBATORE,2002,Whole Year,Yam,5,0,0
Tamil Nadu,COIMBATORE,2003,Kharif,Arhar/Tur,342,209,0.611111111
Tamil Nadu,COIMBATORE,2003,Kharif,Bajra,500,575,1.15
Tamil Nadu,COIMBATORE,2003,Kharif,Castor seed,205,76,0.370731707
Tamil Nadu,COIMBATORE,2003,Kharif,Cotton(lint),6881,8600,1.24981834
Tamil Nadu,COIMBATORE,2003,Kharif,Groundnut,16629,14937,0.898250045
Tamil Nadu,COIMBATORE,2003,Kharif,Horse-gram,5967,1710,0.286576169
Tamil Nadu,COIMBATORE,2003,Kharif,Jowar,94373,28512,0.30212031
Tamil Nadu,COIMBATORE,2003,Kharif,Korra,1,1,1
Tamil Nadu,COIMBATORE,2003,Kharif,Maize,21839,24570,1.125051513
Tamil Nadu,COIMBATORE,2003,Kharif,Moong(Green Gram),5730,1737,0.303141361
Tamil Nadu,COIMBATORE,2003,Kharif,Other Kharif pulses,15696,3363,0.21425841
Tamil Nadu,COIMBATORE,2003,Kharif,Ragi,174,240,1.379310345
Tamil Nadu,COIMBATORE,2003,Kharif,Rice,3654,10643,2.912698413
Tamil Nadu,COIMBATORE,2003,Kharif,Sesamum,874,279,0.319221968
Tamil Nadu,COIMBATORE,2003,Kharif,Small millets,19,12,0.631578947
Tamil Nadu,COIMBATORE,2003,Kharif,Sunflower,13,17,1.307692308
Tamil Nadu,COIMBATORE,2003,Kharif,Urad,1715,701,0.408746356
Tamil Nadu,COIMBATORE,2003,Rabi,Gram,4627,3427,0.740652691
Tamil Nadu,COIMBATORE,2003,Whole Year,Arecanut,1577,,
Tamil Nadu,COIMBATORE,2003,Whole Year,Ash Gourd,167,0,0
Tamil Nadu,COIMBATORE,2003,Whole Year,Banana,4983,145880,29.27553683
Tamil Nadu,COIMBATORE,2003,Whole Year,Beans & Mutter(Vegetable),2,0,0
Tamil Nadu,COIMBATORE,2003,Whole Year,Beet Root,290,0,0
Tamil Nadu,COIMBATORE,2003,Whole Year,Bhindi,337,2885,8.560830861
Tamil Nadu,COIMBATORE,2003,Whole Year,Bitter Gourd,233,0,0
Tamil Nadu,COIMBATORE,2003,Whole Year,Black pepper,127,25,0.196850394
Tamil Nadu,COIMBATORE,2003,Whole Year,Bottle Gourd,6,0,0
Tamil Nadu,COIMBATORE,2003,Whole Year,Brinjal,553,6182,11.17902351
Tamil Nadu,COIMBATORE,2003,Whole Year,Cabbage,5,318,63.6
Tamil Nadu,COIMBATORE,2003,Whole Year,Cardamom,813,63,0.077490775
Tamil Nadu,COIMBATORE,2003,Whole Year,Cashewnut,249,86,0.345381526
Tamil Nadu,COIMBATORE,2003,Whole Year,Cauliflower,55,0,0
Tamil Nadu,COIMBATORE,2003,Whole Year,Citrus Fruit,59,62,1.050847458
Tamil Nadu,COIMBATORE,2003,Whole Year,Coconut,99381,690200,6.944989485
Tamil Nadu,COIMBATORE,2003,Whole Year,Coriander,1747,911,0.521465369
Tamil Nadu,COIMBATORE,2003,Whole Year,Cucumber,47,0,0
Tamil Nadu,COIMBATORE,2003,Whole Year,Drum Stick,60,0,0
Tamil Nadu,COIMBATORE,2003,Whole Year,Dry chillies,1410,724,0.513475177
Tamil Nadu,COIMBATORE,2003,Whole Year,Grapes,365,1638,4.487671233
Tamil Nadu,COIMBATORE,2003,Whole Year,Jack Fruit,14,135,9.642857143
Tamil Nadu,COIMBATORE,2003,Whole Year,Lab-Lab,244,0,0
Tamil Nadu,COIMBATORE,2003,Whole Year,Mango,3793,10951,2.887160559
Tamil Nadu,COIMBATORE,2003,Whole Year,Onion,1330,18824,14.15338346
Tamil Nadu,COIMBATORE,2003,Whole Year,Orange,12,24,2
Tamil Nadu,COIMBATORE,2003,Whole Year,Other Citrus Fruit,213,0,0
Tamil Nadu,COIMBATORE,2003,Whole Year,Other Fresh Fruits,382,0,0
Tamil Nadu,COIMBATORE,2003,Whole Year,Other Vegetables,322,0,0
Tamil Nadu,COIMBATORE,2003,Whole Year,Papaya,218,0,0
Tamil Nadu,COIMBATORE,2003,Whole Year,Pome Fruit,156,1096,7.025641026
Tamil Nadu,COIMBATORE,2003,Whole Year,Pome Granet,38,0,0
Tamil Nadu,COIMBATORE,2003,Whole Year,Pump Kin,387,0,0
Tamil Nadu,COIMBATORE,2003,Whole Year,Redish,18,0,0
Tamil Nadu,COIMBATORE,2003,Whole Year,Ribed Guard,80,0,0
Tamil Nadu,COIMBATORE,2003,Whole Year,Snak Guard,108,0,0
Tamil Nadu,COIMBATORE,2003,Whole Year,Sugarcane,6299,548422,87.06493094
Tamil Nadu,COIMBATORE,2003,Whole Year,Sweet potato,1,14,14
Tamil Nadu,COIMBATORE,2003,Whole Year,Tapioca,459,14224,30.98910675
Tamil Nadu,COIMBATORE,2003,Whole Year,Tomato,4386,52229,11.90811674
Tamil Nadu,COIMBATORE,2003,Whole Year,Turmeric,1786,7945,4.448488242
Tamil Nadu,COIMBATORE,2003,Whole Year,Water Melon,21,0,0
Tamil Nadu,COIMBATORE,2003,Whole Year,Yam,5,0,0
Tamil Nadu,COIMBATORE,2004,Kharif,Arhar/Tur,296,198,0.668918919
Tamil Nadu,COIMBATORE,2004,Kharif,Bajra,460,865,1.880434783
Tamil Nadu,COIMBATORE,2004,Kharif,Castor seed,236,87,0.368644068
Tamil Nadu,COIMBATORE,2004,Kharif,Cotton(lint),11547,14808,1.282411016
Tamil Nadu,COIMBATORE,2004,Kharif,Dry ginger,1,19,19
Tamil Nadu,COIMBATORE,2004,Kharif,Groundnut,19147,24227,1.265315715
Tamil Nadu,COIMBATORE,2004,Kharif,Horse-gram,5056,2466,0.487737342
Tamil Nadu,COIMBATORE,2004,Kharif,Jowar,94888,32292,0.340317005
Tamil Nadu,COIMBATORE,2004,Kharif,Maize,24692,27779,1.125020249
Tamil Nadu,COIMBATORE,2004,Kharif,Moong(Green Gram),5435,2074,0.381600736
Tamil Nadu,COIMBATORE,2004,Kharif,Other Kharif pulses,17642,3779,0.214204739
Tamil Nadu,COIMBATORE,2004,Kharif,Ragi,167,261,1.562874251
Tamil Nadu,COIMBATORE,2004,Kharif,Rice,7239,24454,3.378090897
Tamil Nadu,COIMBATORE,2004,Kharif,Sesamum,1125,392,0.348444444
Tamil Nadu,COIMBATORE,2004,Kharif,Small millets,13,18,1.384615385
Tamil Nadu,COIMBATORE,2004,Kharif,Sunflower,453,482,1.06401766
Tamil Nadu,COIMBATORE,2004,Kharif,Urad,2186,802,0.366880146
Tamil Nadu,COIMBATORE,2004,Rabi,Gram,4146,3071,0.740713941
Tamil Nadu,COIMBATORE,2004,Rabi,Wheat,15,,
Tamil Nadu,COIMBATORE,2004,Whole Year,Arecanut,1574,1844,1.171537484
Tamil Nadu,COIMBATORE,2004,Whole Year,Banana,6102,285671,46.81596198
Tamil Nadu,COIMBATORE,2004,Whole Year,Cardamom,813,63,0.077490775
Tamil Nadu,COIMBATORE,2004,Whole Year,Cashewnut,292,106,0.363013699
Tamil Nadu,COIMBATORE,2004,Whole Year,Coconut,100160,924200,9.227236422
Tamil Nadu,COIMBATORE,2004,Whole Year,Coriander,1827,1329,0.727422003
Tamil Nadu,COIMBATORE,2004,Whole Year,Dry chillies,1058,469,0.443289225
Tamil Nadu,COIMBATORE,2004,Whole Year,Onion,1878,21165,11.26996805
Tamil Nadu,COIMBATORE,2004,Whole Year,Sugarcane,5883,679798,115.5529492
Tamil Nadu,COIMBATORE,2004,Whole Year,Sweet potato,2,30,15
Tamil Nadu,COIMBATORE,2004,Whole Year,Tapioca,579,23894,41.26770294
Tamil Nadu,COIMBATORE,2004,Whole Year,Turmeric,1822,9686,5.316136114
Tamil Nadu,COIMBATORE,2005,Kharif,Arhar/Tur,365,197,0.539726027
Tamil Nadu,COIMBATORE,2005,Kharif,Bajra,412,745,1.808252427
Tamil Nadu,COIMBATORE,2005,Kharif,Castor seed,486,178,0.366255144
Tamil Nadu,COIMBATORE,2005,Kharif,Cotton(lint),6436,5710,0.887197017
Tamil Nadu,COIMBATORE,2005,Kharif,Groundnut,22515,30471,1.353364424
Tamil Nadu,COIMBATORE,2005,Kharif,Horse-gram,4261,1837,0.431119456
Tamil Nadu,COIMBATORE,2005,Kharif,Jowar,77490,28383,0.36627952
Tamil Nadu,COIMBATORE,2005,Kharif,Maize,21662,,
Tamil Nadu,COIMBATORE,2005,Kharif,Moong(Green Gram),4456,1579,0.35435368
Tamil Nadu,COIMBATORE,2005,Kharif,Other Kharif pulses,12666,3077,0.242933839
Tamil Nadu,COIMBATORE,2005,Kharif,Ragi,69,116,1.68115942
Tamil Nadu,COIMBATORE,2005,Kharif,Rice,7406,20665,2.790305158
Tamil Nadu,COIMBATORE,2005,Kharif,Sesamum,1478,715,0.48376184
Tamil Nadu,COIMBATORE,2005,Kharif,Small millets,41,28,0.682926829
Tamil Nadu,COIMBATORE,2005,Kharif,Soyabean,19,,
Tamil Nadu,COIMBATORE,2005,Kharif,Sunflower,282,350,1.241134752
Tamil Nadu,COIMBATORE,2005,Kharif,Urad,1863,1302,0.698872786
Tamil Nadu,COIMBATORE,2005,Rabi,Gram,4500,3335,0.741111111
Tamil Nadu,COIMBATORE,2005,Whole Year,Arecanut,1556,4469,2.872107969
Tamil Nadu,COIMBATORE,2005,Whole Year,Banana,8056,395585,49.10439424
Tamil Nadu,COIMBATORE,2005,Whole Year,Black pepper,128,25,0.1953125
Tamil Nadu,COIMBATORE,2005,Whole Year,Cardamom,869,68,0.078250863
Tamil Nadu,COIMBATORE,2005,Whole Year,Cashewnut,303,115,0.379537954
Tamil Nadu,COIMBATORE,2005,Whole Year,Coconut,101541,10709,0.105464788
Tamil Nadu,COIMBATORE,2005,Whole Year,Coriander,2086,649,0.311121764
Tamil Nadu,COIMBATORE,2005,Whole Year,Dry chillies,1331,756,0.567993989
Tamil Nadu,COIMBATORE,2005,Whole Year,Onion,2366,27499,11.62256974
Tamil Nadu,COIMBATORE,2005,Whole Year,Sugarcane,8894,1237716,139.1630313
Tamil Nadu,COIMBATORE,2005,Whole Year,Tapioca,848,32403,38.21108491
Tamil Nadu,COIMBATORE,2005,Whole Year,Tobacco,327,489,1.495412844
Tamil Nadu,COIMBATORE,2005,Whole Year,Turmeric,2339,17867,7.638734502
Tamil Nadu,COIMBATORE,2006,Kharif,Rice,6221,24009,3.859347372
Tamil Nadu,COIMBATORE,2006,Kharif,Small millets,6,6,1
Tamil Nadu,COIMBATORE,2006,Rabi,Wheat,79,,
Tamil Nadu,COIMBATORE,2006,Whole Year,Arecanut,1602,3828,2.389513109
Tamil Nadu,COIMBATORE,2006,Whole Year,Arhar/Tur,544,398,0.731617647
Tamil Nadu,COIMBATORE,2006,Whole Year,Bajra,458,856,1.868995633
Tamil Nadu,COIMBATORE,2006,Whole Year,Banana,9948,396393,39.84650181
Tamil Nadu,COIMBATORE,2006,Whole Year,Black pepper,129,25,0.19379845
Tamil Nadu,COIMBATORE,2006,Whole Year,Cardamom,869,68,0.078250863
Tamil Nadu,COIMBATORE,2006,Whole Year,Cashewnut,294,134,0.455782313
Tamil Nadu,COIMBATORE,2006,Whole Year,Castor seed,280,103,0.367857143
Tamil Nadu,COIMBATORE,2006,Whole Year,Coconut,104197,14829,0.142316957
Tamil Nadu,COIMBATORE,2006,Whole Year,Coriander,1006,453,0.450298211
Tamil Nadu,COIMBATORE,2006,Whole Year,Cotton(lint),3698,6518,1.762574365
Tamil Nadu,COIMBATORE,2006,Whole Year,Dry chillies,1651,3304,2.001211387
Tamil Nadu,COIMBATORE,2006,Whole Year,Garlic,1,4,4
Tamil Nadu,COIMBATORE,2006,Whole Year,Gram,4191,3106,0.741111906
Tamil Nadu,COIMBATORE,2006,Whole Year,Groundnut,15645,26424,1.688974113
Tamil Nadu,COIMBATORE,2006,Whole Year,Horse-gram,4688,1587,0.338523891
Tamil Nadu,COIMBATORE,2006,Whole Year,Jowar,79210,61651,0.778323444
Tamil Nadu,COIMBATORE,2006,Whole Year,Maize,21528,115949,5.385962467
Tamil Nadu,COIMBATORE,2006,Whole Year,Moong(Green Gram),4395,1760,0.400455063
Tamil Nadu,COIMBATORE,2006,Whole Year,Onion,3223,37638,11.67793981
Tamil Nadu,COIMBATORE,2006,Whole Year,Ragi,115,311,2.704347826
Tamil Nadu,COIMBATORE,2006,Whole Year,Rapeseed &Mustard,1,,
Tamil Nadu,COIMBATORE,2006,Whole Year,Sesamum,1183,540,0.45646661
Tamil Nadu,COIMBATORE,2006,Whole Year,Sugarcane,9456,1305713,138.0830161
Tamil Nadu,COIMBATORE,2006,Whole Year,Sunflower,255,466,1.82745098
Tamil Nadu,COIMBATORE,2006,Whole Year,Sweet potato,1,17,17
Tamil Nadu,COIMBATORE,2006,Whole Year,Tapioca,1173,47343,40.36061381
Tamil Nadu,COIMBATORE,2006,Whole Year,Tobacco,348,520,1.494252874
Tamil Nadu,COIMBATORE,2006,Whole Year,Turmeric,2789,21076,7.556830405
Tamil Nadu,COIMBATORE,2006,Whole Year,Urad,2304,1609,0.698350694
Tamil Nadu,COIMBATORE,2007,Kharif,Rice,6479,24456,3.774656583
Tamil Nadu,COIMBATORE,2007,Kharif,Small millets,6,8,1.333333333
Tamil Nadu,COIMBATORE,2007,Whole Year,Arecanut,1678,3192,1.902264601
Tamil Nadu,COIMBATORE,2007,Whole Year,Arhar/Tur,394,276,0.700507614
Tamil Nadu,COIMBATORE,2007,Whole Year,Bajra,569,943,1.657293497
Tamil Nadu,COIMBATORE,2007,Whole Year,Banana,12126,442181,36.46552862
Tamil Nadu,COIMBATORE,2007,Whole Year,Black pepper,129,25,0.19379845
Tamil Nadu,COIMBATORE,2007,Whole Year,Cardamom,808,63,0.077970297
Tamil Nadu,COIMBATORE,2007,Whole Year,Cashewnut,280,160,0.571428571
Tamil Nadu,COIMBATORE,2007,Whole Year,Castor seed,198,73,0.368686869
Tamil Nadu,COIMBATORE,2007,Whole Year,Coconut,107106,15978,0.149179318
Tamil Nadu,COIMBATORE,2007,Whole Year,Coriander,1022,567,0.554794521
Tamil Nadu,COIMBATORE,2007,Whole Year,Cotton(lint),1997,2609,1.30645969
Tamil Nadu,COIMBATORE,2007,Whole Year,Dry chillies,1782,3024,1.696969697
Tamil Nadu,COIMBATORE,2007,Whole Year,Gram,5245,3887,0.741086749
Tamil Nadu,COIMBATORE,2007,Whole Year,Groundnut,14944,28061,1.877743576
Tamil Nadu,COIMBATORE,2007,Whole Year,Horse-gram,3333,1176,0.352835284
Tamil Nadu,COIMBATORE,2007,Whole Year,Jowar,74291,33475,0.450592939
Tamil Nadu,COIMBATORE,2007,Whole Year,Maize,21203,111874,5.276328821
Tamil Nadu,COIMBATORE,2007,Whole Year,Moong(Green Gram),3339,1953,0.58490566
Tamil Nadu,COIMBATORE,2007,Whole Year,Onion,3372,39537,11.72508897
Tamil Nadu,COIMBATORE,2007,Whole Year,Ragi,82,165,2.012195122
Tamil Nadu,COIMBATORE,2007,Whole Year,Sesamum,982,263,0.267820774
Tamil Nadu,COIMBATORE,2007,Whole Year,Small millets,10,8,0.8
Tamil Nadu,COIMBATORE,2007,Whole Year,Sugarcane,7174,805913,112.3380262
Tamil Nadu,COIMBATORE,2007,Whole Year,Sunflower,438,696,1.589041096
Tamil Nadu,COIMBATORE,2007,Whole Year,Tapioca,1123,47394,42.2030276
Tamil Nadu,COIMBATORE,2007,Whole Year,Tobacco,531,794,1.495291902
Tamil Nadu,COIMBATORE,2007,Whole Year,Turmeric,1907,12181,6.387519664
Tamil Nadu,COIMBATORE,2007,Whole Year,Urad,2059,536,0.260320544
Tamil Nadu,COIMBATORE,2008,Kharif,Rice,2573,25437,9.886125146
Tamil Nadu,COIMBATORE,2008,Kharif,Small millets,8,6,0.75
Tamil Nadu,COIMBATORE,2008,Whole Year,Arecanut,1608,3305,2.055348259
Tamil Nadu,COIMBATORE,2008,Whole Year,Arhar/Tur,271,67,0.247232472
Tamil Nadu,COIMBATORE,2008,Whole Year,Bajra,111,1548,13.94594595
Tamil Nadu,COIMBATORE,2008,Whole Year,Banana,9805,487742,49.74421214
Tamil Nadu,COIMBATORE,2008,Whole Year,Black pepper,127,25,0.196850394
Tamil Nadu,COIMBATORE,2008,Whole Year,Cardamom,808,63,0.077970297
Tamil Nadu,COIMBATORE,2008,Whole Year,Cashewnut,120,141,1.175
Tamil Nadu,COIMBATORE,2008,Whole Year,Castor seed,92,81,0.880434783
Tamil Nadu,COIMBATORE,2008,Whole Year,Coconut,76902,12406000,161.3222023
Tamil Nadu,COIMBATORE,2008,Whole Year,Coriander,194,250,1.288659794
Tamil Nadu,COIMBATORE,2008,Whole Year,Cotton(lint),1184,2220,1.875
Tamil Nadu,COIMBATORE,2008,Whole Year,Dry chillies,986,712,0.722109533
Tamil Nadu,COIMBATORE,2008,Whole Year,Dry ginger,2,40,20
Tamil Nadu,COIMBATORE,2008,Whole Year,Gram,1620,3681,2.272222222
Tamil Nadu,COIMBATORE,2008,Whole Year,Groundnut,8255,27278,3.304421563
Tamil Nadu,COIMBATORE,2008,Whole Year,Horse-gram,1939,1038,0.535327488
Tamil Nadu,COIMBATORE,2008,Whole Year,Jowar,34484,18434,0.534566756
Tamil Nadu,COIMBATORE,2008,Whole Year,Maize,5692,146154,25.67709065
Tamil Nadu,COIMBATORE,2008,Whole Year,Moong(Green Gram),1565,1123,0.717571885
Tamil Nadu,COIMBATORE,2008,Whole Year,Onion,779,29198,37.48138639
Tamil Nadu,COIMBATORE,2008,Whole Year,Ragi,43,86,2
Tamil Nadu,COIMBATORE,2008,Whole Year,Sesamum,873,369,0.422680412
Tamil Nadu,COIMBATORE,2008,Whole Year,Small millets,8,6,0.75
Tamil Nadu,COIMBATORE,2008,Whole Year,Sugarcane,2581,812334,314.7361488
Tamil Nadu,COIMBATORE,2008,Whole Year,Sunflower,29,426,14.68965517
Tamil Nadu,COIMBATORE,2008,Whole Year,Sweet potato,2,27,13.5
Tamil Nadu,COIMBATORE,2008,Whole Year,Tapioca,797,43875,55.05018821
Tamil Nadu,COIMBATORE,2008,Whole Year,Tobacco,132,676,5.121212121
Tamil Nadu,COIMBATORE,2008,Whole Year,Turmeric,1221,12451,10.1973792
Tamil Nadu,COIMBATORE,2008,Whole Year,Urad,1094,849,0.776051188
Tamil Nadu,COIMBATORE,2009,Kharif,Rice,2817,9884,3.508697196
Tamil Nadu,COIMBATORE,2009,Kharif,Small millets,5,5,1
Tamil Nadu,COIMBATORE,2009,Whole Year,Arecanut,1651,3324,2.013325257
Tamil Nadu,COIMBATORE,2009,Whole Year,Arhar/Tur,272,208,0.764705882
Tamil Nadu,COIMBATORE,2009,Whole Year,Bajra,123,185,1.504065041
Tamil Nadu,COIMBATORE,2009,Whole Year,Banana,9617,392089,40.77040657
Tamil Nadu,COIMBATORE,2009,Whole Year,Black pepper,129,27,0.209302326
Tamil Nadu,COIMBATORE,2009,Whole Year,Cardamom,808,63,0.077970297
Tamil Nadu,COIMBATORE,2009,Whole Year,Cashewnut,111,56,0.504504505
Tamil Nadu,COIMBATORE,2009,Whole Year,Castor seed,80,29,0.3625
Tamil Nadu,COIMBATORE,2009,Whole Year,Coconut,79532,1150800,14.46964744
Tamil Nadu,COIMBATORE,2009,Whole Year,Coriander,357,129,0.361344538
Tamil Nadu,COIMBATORE,2009,Whole Year,Cotton(lint),948,3010,3.175105485
Tamil Nadu,COIMBATORE,2009,Whole Year,Dry chillies,800,427,0.53375
Tamil Nadu,COIMBATORE,2009,Whole Year,Dry ginger,2,32,16
Tamil Nadu,COIMBATORE,2009,Whole Year,Gram,1989,1440,0.7239819
Tamil Nadu,COIMBATORE,2009,Whole Year,Groundnut,7201,12651,1.756839328
Tamil Nadu,COIMBATORE,2009,Whole Year,Horse-gram,2009,687,0.341961175
Tamil Nadu,COIMBATORE,2009,Whole Year,Jowar,33081,14835,0.448444727
Tamil Nadu,COIMBATORE,2009,Whole Year,Maize,5130,28486,5.552826511
Tamil Nadu,COIMBATORE,2009,Whole Year,Moong(Green Gram),1822,1248,0.684961581
Tamil Nadu,COIMBATORE,2009,Whole Year,Onion,858,12535,14.60955711
Tamil Nadu,COIMBATORE,2009,Whole Year,Ragi,80,217,2.7125
Tamil Nadu,COIMBATORE,2009,Whole Year,Sesamum,695,206,0.296402878
Tamil Nadu,COIMBATORE,2009,Whole Year,Sugarcane,1813,167702,92.49972421
Tamil Nadu,COIMBATORE,2009,Whole Year,Sunflower,7,9,1.285714286
Tamil Nadu,COIMBATORE,2009,Whole Year,Sweet potato,1,15,15
Tamil Nadu,COIMBATORE,2009,Whole Year,Tapioca,600,21061,35.10166667
Tamil Nadu,COIMBATORE,2009,Whole Year,Tobacco,235,351,1.493617021
Tamil Nadu,COIMBATORE,2009,Whole Year,Turmeric,1285,7507,5.842023346
Tamil Nadu,COIMBATORE,2009,Whole Year,Urad,1017,387,0.380530973
Tamil Nadu,COIMBATORE,2010,Kharif,Arhar/Tur,316,214,0.67721519
Tamil Nadu,COIMBATORE,2010,Kharif,Castor seed,32,59,1.84375
Tamil Nadu,COIMBATORE,2010,Kharif,Cotton(lint),878,2269,2.58428246
Tamil Nadu,COIMBATORE,2010,Kharif,Groundnut,6440,13090,2.032608696
Tamil Nadu,COIMBATORE,2010,Kharif,Horse-gram,1649,509,0.308671922
Tamil Nadu,COIMBATORE,2010,Kharif,Maize,3847,22512,5.851832597
Tamil Nadu,COIMBATORE,2010,Kharif,Moong(Green Gram),1485,683,0.45993266
Tamil Nadu,COIMBATORE,2010,Kharif,Ragi,57,137,2.403508772
Tamil Nadu,COIMBATORE,2010,Kharif,Rice,2666,10419,3.908102026
Tamil Nadu,COIMBATORE,2010,Kharif,Sunflower,3,4,1.333333333
Tamil Nadu,COIMBATORE,2010,Kharif,Urad,994,677,0.681086519
Tamil Nadu,COIMBATORE,2010,Rabi,Gram,1619,1162,0.717726992
Tamil Nadu,COIMBATORE,2010,Whole Year,Sugarcane,1505,175225,116.4285714
Tamil Nadu,COIMBATORE,2011,Kharif,Bajra,91,201,2.208791209
Tamil Nadu,COIMBATORE,2011,Kharif,Cotton(lint),1316,5227,3.971884498
Tamil Nadu,COIMBATORE,2011,Kharif,Groundnut,5420,13612,2.511439114
Tamil Nadu,COIMBATORE,2011,Kharif,Jowar,18112,13059,0.721013693
Tamil Nadu,COIMBATORE,2011,Kharif,Maize,2119,16962,8.004719207
Tamil Nadu,COIMBATORE,2011,Kharif,Ragi,19,50,2.631578947
Tamil Nadu,COIMBATORE,2011,Kharif,Rice,2629,10486,3.988588817
Tamil Nadu,COIMBATORE,2011,Rabi,Bajra,3,9,3
Tamil Nadu,COIMBATORE,2011,Rabi,Cotton(lint),118,325,2.754237288
Tamil Nadu,COIMBATORE,2011,Rabi,Groundnut,1657,4278,2.581774291
Tamil Nadu,COIMBATORE,2011,Rabi,Jowar,5002,5655,1.130547781
Tamil Nadu,COIMBATORE,2011,Rabi,Maize,2325,16166,6.95311828
Tamil Nadu,COIMBATORE,2011,Rabi,Rapeseed &Mustard,3,1,0.333333333
Tamil Nadu,COIMBATORE,2011,Rabi,Wheat,3,,
Tamil Nadu,COIMBATORE,2011,Whole Year,Arecanut,1732,3280,1.893764434
Tamil Nadu,COIMBATORE,2011,Whole Year,Arhar/Tur,309,269,0.870550162
Tamil Nadu,COIMBATORE,2011,Whole Year,Banana,8634,339894,39.36692147
Tamil Nadu,COIMBATORE,2011,Whole Year,Black pepper,129,27,0.209302326
Tamil Nadu,COIMBATORE,2011,Whole Year,Cardamom,808,63,0.077970297
Tamil Nadu,COIMBATORE,2011,Whole Year,Cashewnut,105,28,0.266666667
Tamil Nadu,COIMBATORE,2011,Whole Year,Castor seed,32,11,0.34375
Tamil Nadu,COIMBATORE,2011,Whole Year,Coconut,82704,1250800000,15123.81505
Tamil Nadu,COIMBATORE,2011,Whole Year,Coriander,173,81,0.468208092
Tamil Nadu,COIMBATORE,2011,Whole Year,Dry chillies,628,274,0.436305732
Tamil Nadu,COIMBATORE,2011,Whole Year,Dry ginger,1,11,11
Tamil Nadu,COIMBATORE,2011,Whole Year,Gram,1562,1004,0.642765685
Tamil Nadu,COIMBATORE,2011,Whole Year,Horse-gram,1661,781,0.470198675
Tamil Nadu,COIMBATORE,2011,Whole Year,Moong(Green Gram),1922,1165,0.606139438
Tamil Nadu,COIMBATORE,2011,Whole Year,Onion,891,10636,11.93714927
Tamil Nadu,COIMBATORE,2011,Whole Year,Small millets,2,2,1
Tamil Nadu,COIMBATORE,2011,Whole Year,Sugarcane,1484,192425,129.666442
Tamil Nadu,COIMBATORE,2011,Whole Year,Sunflower,48,88,1.833333333
Tamil Nadu,COIMBATORE,2011,Whole Year,Tapioca,652,24556,37.66257669
Tamil Nadu,COIMBATORE,2011,Whole Year,Tobacco,86,232,2.697674419
Tamil Nadu,COIMBATORE,2011,Whole Year,Turmeric,2454,27931,11.38182559
Tamil Nadu,COIMBATORE,2011,Whole Year,Urad,1391,990,0.711718188
Tamil Nadu,COIMBATORE,2012,Kharif,Arhar/Tur,212,88,0.41509434
Tamil Nadu,COIMBATORE,2012,Kharif,Castor seed,64,11.39,0.17796875
Tamil Nadu,COIMBATORE,2012,Kharif,Cotton(lint),558,979,1.754480287
Tamil Nadu,COIMBATORE,2012,Kharif,Groundnut,5434,8549,1.573242547
Tamil Nadu,COIMBATORE,2012,Kharif,Horse-gram,1616,638,0.39480198
Tamil Nadu,COIMBATORE,2012,Kharif,Maize,4601,16919,3.677244077
Tamil Nadu,COIMBATORE,2012,Kharif,Moong(Green Gram),1398,300,0.214592275
Tamil Nadu,COIMBATORE,2012,Kharif,Ragi,25,47,1.88
Tamil Nadu,COIMBATORE,2012,Kharif,Rice,2156,7890,3.659554731
Tamil Nadu,COIMBATORE,2012,Kharif,Sunflower,4,5,1.25
Tamil Nadu,COIMBATORE,2012,Kharif,Urad,987,526,0.532928065
Tamil Nadu,COIMBATORE,2012,Rabi,Gram,1295,929,0.717374517
Tamil Nadu,COIMBATORE,2012,Whole Year,Sugarcane,1404,147841,105.2998575
Tamil Nadu,COIMBATORE,2013,Kharif,Bajra,56,128,2.285714286
Tamil Nadu,COIMBATORE,2013,Kharif,Castor seed,66,23,0.348484848
Tamil Nadu,COIMBATORE,2013,Kharif,Cotton(lint),336,768,2.285714286
Tamil Nadu,COIMBATORE,2013,Kharif,Groundnut,4341,10788,2.485141672
Tamil Nadu,COIMBATORE,2013,Kharif,Horse-gram,969,930,0.959752322
Tamil Nadu,COIMBATORE,2013,Kharif,Jowar,18516,16636,0.898466191
Tamil Nadu,COIMBATORE,2013,Kharif,Maize,3082,20147,6.536988968
Tamil Nadu,COIMBATORE,2013,Kharif,Moong(Green Gram),677,486,0.717872969
Tamil Nadu,COIMBATORE,2013,Kharif,Onion,708,12036,17
Tamil Nadu,COIMBATORE,2013,Kharif,Ragi,8,22,2.75
Tamil Nadu,COIMBATORE,2013,Kharif,Rice,2158,10139,4.698331789
Tamil Nadu,COIMBATORE,2013,Kharif,Sunflower,1,2,2
Tamil Nadu,COIMBATORE,2013,Kharif,Urad,646,543,0.840557276
Tamil Nadu,COIMBATORE,2013,Rabi,Bajra,18,36,2
Tamil Nadu,COIMBATORE,2013,Rabi,Cotton(lint),12,29,2.416666667
Tamil Nadu,COIMBATORE,2013,Rabi,Groundnut,714,1601,2.242296919
Tamil Nadu,COIMBATORE,2013,Rabi,Horse-gram,880,840,0.954545455
Tamil Nadu,COIMBATORE,2013,Rabi,Jowar,6485,6469,0.997532768
Tamil Nadu,COIMBATORE,2013,Rabi,Maize,2361,15650,6.628547226
Tamil Nadu,COIMBATORE,2013,Rabi,Moong(Green Gram),297,240,0.808080808
Tamil Nadu,COIMBATORE,2013,Rabi,Onion,78,661,8.474358974
Tamil Nadu,COIMBATORE,2013,Rabi,Ragi,2,8,4
Tamil Nadu,COIMBATORE,2013,Rabi,Rapeseed &Mustard,3,1,0.333333333
Tamil Nadu,COIMBATORE,2013,Rabi,Urad,153,131,0.85620915
Tamil Nadu,COIMBATORE,2013,Whole Year,Arecanut,1817,3686,2.028618602
Tamil Nadu,COIMBATORE,2013,Whole Year,Arhar/Tur,544,526,0.966911765
Tamil Nadu,COIMBATORE,2013,Whole Year,Banana,7412,324506,43.78116568
Tamil Nadu,COIMBATORE,2013,Whole Year,Black pepper,128,26,0.203125
Tamil Nadu,COIMBATORE,2013,Whole Year,Cardamom,808,63,0.077970297
Tamil Nadu,COIMBATORE,2013,Whole Year,Cashewnut,103,29,0.281553398
Tamil Nadu,COIMBATORE,2013,Whole Year,Coconut,84531,1212000000,14337.9352
Tamil Nadu,COIMBATORE,2013,Whole Year,Coriander,138,48,0.347826087
Tamil Nadu,COIMBATORE,2013,Whole Year,Dry chillies,481,131,0.272349272
Tamil Nadu,COIMBATORE,2013,Whole Year,Gram,1162,811,0.697934596
Tamil Nadu,COIMBATORE,2013,Whole Year,Sugarcane,1170,121181,103.5735043
Tamil Nadu,COIMBATORE,2013,Whole Year,Sweet potato,2,42,21
Tamil Nadu,COIMBATORE,2013,Whole Year,Tapioca,340,10174,29.92352941
Tamil Nadu,COIMBATORE,2013,Whole Year,Tobacco,100,159,1.59
Tamil Nadu,COIMBATORE,2013,Whole Year,Turmeric,1203,6472,5.379883624
Tamil Nadu,CUDDALORE,1997,Kharif,Banana,3201,79293,24.77132146
Tamil Nadu,CUDDALORE,1997,Kharif,Horse-gram,90,50,0.555555556
Tamil Nadu,CUDDALORE,1997,Kharif,Onion,42,340,8.095238095
Tamil Nadu,CUDDALORE,1997,Kharif,Sesamum,6863,3840,0.559522075
Tamil Nadu,CUDDALORE,1997,Kharif,Small millets,1718,1900,1.105937136
Tamil Nadu,CUDDALORE,1997,Whole Year,Arhar/Tur,461,230,0.498915401
Tamil Nadu,CUDDALORE,1997,Whole Year,Bajra,6184,15120,2.445019405
Tamil Nadu,CUDDALORE,1997,Whole Year,Banana,3459,102500,29.63284186
Tamil Nadu,CUDDALORE,1997,Whole Year,Cashewnut,24185,3720,0.153814348
Tamil Nadu,CUDDALORE,1997,Whole Year,Castor seed,10,10,1
Tamil Nadu,CUDDALORE,1997,Whole Year,Coriander,5101,420,0.082336797
Tamil Nadu,CUDDALORE,1997,Whole Year,Cotton(lint),2147,2840,1.322775966
Tamil Nadu,CUDDALORE,1997,Whole Year,Dry chillies,253,150,0.592885375
Tamil Nadu,CUDDALORE,1997,Whole Year,Groundnut,40268,85120,2.11383729
Tamil Nadu,CUDDALORE,1997,Whole Year,Jowar,2677,2370,0.885319387
Tamil Nadu,CUDDALORE,1997,Whole Year,Maize,3,10,3.333333333
Tamil Nadu,CUDDALORE,1997,Whole Year,Moong(Green Gram),4441,3380,0.761089845
Tamil Nadu,CUDDALORE,1997,Whole Year,Onion,121,920,7.603305785
Tamil Nadu,CUDDALORE,1997,Whole Year,Pulses total,43239,24780,0.573093735
Tamil Nadu,CUDDALORE,1997,Whole Year,Ragi,789,2130,2.699619772
Tamil Nadu,CUDDALORE,1997,Whole Year,Rapeseed &Mustard,17,10,0.588235294
Tamil Nadu,CUDDALORE,1997,Whole Year,Rice,116625,358110,3.070610932
Tamil Nadu,CUDDALORE,1997,Whole Year,Sugarcane,23826,28322000,1188.701419
Tamil Nadu,CUDDALORE,1997,Whole Year,Sunflower,19,20,1.052631579
Tamil Nadu,CUDDALORE,1997,Whole Year,Sweet potato,124,1800,14.51612903
Tamil Nadu,CUDDALORE,1997,Whole Year,Tapioca,6743,263850,39.1294676
Tamil Nadu,CUDDALORE,1997,Whole Year,Tobacco,21,30,1.428571429
Tamil Nadu,CUDDALORE,1997,Whole Year,Total foodgrain,171235,404470,2.36207551
Tamil Nadu,CUDDALORE,1997,Whole Year,Turmeric,12,70,5.833333333
Tamil Nadu,CUDDALORE,1997,Whole Year,Urad,37967,21070,0.554955619
Tamil Nadu,CUDDALORE,1998,Kharif,Arhar/Tur,4352,3760,0.863970588
Tamil Nadu,CUDDALORE,1998,Kharif,Bajra,11886,30964,2.605081609
Tamil Nadu,CUDDALORE,1998,Kharif,Cotton(lint),2299,4047,1.760330579
Tamil Nadu,CUDDALORE,1998,Kharif,Groundnut,50001,122750,2.454950901
Tamil Nadu,CUDDALORE,1998,Kharif,Horse-gram,324,162,0.5
Tamil Nadu,CUDDALORE,1998,Kharif,Jowar,5940,6369,1.072222222
Tamil Nadu,CUDDALORE,1998,Kharif,Maize,30,50,1.666666667
Tamil Nadu,CUDDALORE,1998,Kharif,Moong(Green Gram),4037,2099,0.51994055
Tamil Nadu,CUDDALORE,1998,Kharif,Pulses total,61861,38552,0.623203634
Tamil Nadu,CUDDALORE,1998,Kharif,Ragi,1153,2515,2.181266262
Tamil Nadu,CUDDALORE,1998,Kharif,Rice,121285,418149,3.447656347
Tamil Nadu,CUDDALORE,1998,Kharif,Sesamum,8631,2994,0.346889121
Tamil Nadu,CUDDALORE,1998,Kharif,Sunflower,65,64,0.984615385
Tamil Nadu,CUDDALORE,1998,Kharif,Total foodgrain,205799,50177,0.243815568
Tamil Nadu,CUDDALORE,1998,Kharif,Urad,50769,31984,0.629990742
Tamil Nadu,CUDDALORE,1998,Whole Year,Banana,3045,90226,29.63087028
Tamil Nadu,CUDDALORE,1998,Whole Year,Cashewnut,22030,3393,0.154017249
Tamil Nadu,CUDDALORE,1998,Whole Year,Castor seed,424,235,0.554245283
Tamil Nadu,CUDDALORE,1998,Whole Year,Coriander,5118,420,0.082063306
Tamil Nadu,CUDDALORE,1998,Whole Year,Dry chillies,45,27,0.6
Tamil Nadu,CUDDALORE,1998,Whole Year,Onion,24,187,7.791666667
Tamil Nadu,CUDDALORE,1998,Whole Year,Sugarcane,32654,4401890,134.8040056
Tamil Nadu,CUDDALORE,1998,Whole Year,Tapioca,4895,191537,39.12911134
Tamil Nadu,CUDDALORE,1998,Whole Year,Turmeric,29,176,6.068965517
Tamil Nadu,CUDDALORE,1999,Kharif,Arhar/Tur,4798,3262,0.679866611
Tamil Nadu,CUDDALORE,1999,Kharif,Bajra,12353,22091,1.788310532
Tamil Nadu,CUDDALORE,1999,Kharif,Castor seed,303,155,0.511551155
Tamil Nadu,CUDDALORE,1999,Kharif,Cotton(lint),2926,3778,1.291182502
Tamil Nadu,CUDDALORE,1999,Kharif,Groundnut,44409,91364,2.057330721
Tamil Nadu,CUDDALORE,1999,Kharif,Horse-gram,492,206,0.418699187
Tamil Nadu,CUDDALORE,1999,Kharif,Jowar,5911,4555,0.770597192
Tamil Nadu,CUDDALORE,1999,Kharif,Maize,97,194,2
Tamil Nadu,CUDDALORE,1999,Kharif,Moong(Green Gram),4943,2397,0.484928181
Tamil Nadu,CUDDALORE,1999,Kharif,Ragi,2336,3072,1.315068493
Tamil Nadu,CUDDALORE,1999,Kharif,Rice,127843,447523,3.500567102
Tamil Nadu,CUDDALORE,1999,Kharif,Sesamum,8001,3629,0.453568304
Tamil Nadu,CUDDALORE,1999,Kharif,Sunflower,21,21,1
Tamil Nadu,CUDDALORE,1999,Kharif,Urad,54373,30231,0.555992864
Tamil Nadu,CUDDALORE,1999,Kharif,Varagu,1728,1789,1.035300926
Tamil Nadu,CUDDALORE,1999,Whole Year,Banana,3201,79293,24.77132146
Tamil Nadu,CUDDALORE,1999,Whole Year,Cashewnut,20354,4946,0.242998919
Tamil Nadu,CUDDALORE,1999,Whole Year,Coriander,2557,251,0.098161908
Tamil Nadu,CUDDALORE,1999,Whole Year,Dry chillies,71,40,0.563380282
Tamil Nadu,CUDDALORE,1999,Whole Year,Guar seed,38500,408093,10.59981818
Tamil Nadu,CUDDALORE,1999,Whole Year,Onion,42,340,8.095238095
Tamil Nadu,CUDDALORE,1999,Whole Year,Sannhamp,14,10,0.714285714
Tamil Nadu,CUDDALORE,1999,Whole Year,Sugarcane,38500,4196384,108.996987
Tamil Nadu,CUDDALORE,1999,Whole Year,Sweet potato,1432,17360,12.12290503
Tamil Nadu,CUDDALORE,1999,Whole Year,Tapioca,3599,131065,36.41706029
Tamil Nadu,CUDDALORE,1999,Whole Year,Turmeric,55,310,5.636363636
Tamil Nadu,CUDDALORE,2000,Kharif,Arhar/Tur,3689,2508,0.67985904
Tamil Nadu,CUDDALORE,2000,Kharif,Bajra,10493,19847,1.891451444
Tamil Nadu,CUDDALORE,2000,Kharif,Castor seed,401,206,0.513715711
Tamil Nadu,CUDDALORE,2000,Kharif,Cotton(lint),1693,2561,1.51269935
Tamil Nadu,CUDDALORE,2000,Kharif,Groundnut,40836,81164,1.987559996
Tamil Nadu,CUDDALORE,2000,Kharif,Horse-gram,196,85,0.433673469
Tamil Nadu,CUDDALORE,2000,Kharif,Jowar,4473,3972,0.887994634
Tamil Nadu,CUDDALORE,2000,Kharif,Maize,80,160,2
Tamil Nadu,CUDDALORE,2000,Kharif,Moong(Green Gram),5323,2486,0.46702987
Tamil Nadu,CUDDALORE,2000,Kharif,Other Cereals & Millets,1339,1386,1.035100822
Tamil Nadu,CUDDALORE,2000,Kharif,Other Kharif pulses,1053,243,0.230769231
Tamil Nadu,CUDDALORE,2000,Kharif,Ragi,1421,1624,1.142857143
Tamil Nadu,CUDDALORE,2000,Kharif,Rice,123804,472024,3.812671642
Tamil Nadu,CUDDALORE,2000,Kharif,Sesamum,7986,3954,0.495116454
Tamil Nadu,CUDDALORE,2000,Kharif,Urad,54534,30321,0.55600176
Tamil Nadu,CUDDALORE,2000,Whole Year,Banana,4032,99878,24.77132937
Tamil Nadu,CUDDALORE,2000,Whole Year,Cashewnut,31583,5959,0.188677453
Tamil Nadu,CUDDALORE,2000,Whole Year,Coriander,3272,321,0.098105134
Tamil Nadu,CUDDALORE,2000,Whole Year,Dry chillies,67,36,0.537313433
Tamil Nadu,CUDDALORE,2000,Whole Year,Onion,57,461,8.087719298
Tamil Nadu,CUDDALORE,2000,Whole Year,Sannhamp,44,32,0.727272727
Tamil Nadu,CUDDALORE,2000,Whole Year,Sugarcane,37589,4097088,108.9969938
Tamil Nadu,CUDDALORE,2000,Whole Year,Tapioca,3706,134961,36.41689153
Tamil Nadu,CUDDALORE,2000,Whole Year,Turmeric,72,392,5.444444444
Tamil Nadu,CUDDALORE,2001,Kharif,Arhar/Tur,367,240,0.653950954
Tamil Nadu,CUDDALORE,2001,Kharif,Bajra,4083,10050,2.461425422
Tamil Nadu,CUDDALORE,2001,Kharif,Cotton(lint),1877,2410,1.283963772
Tamil Nadu,CUDDALORE,2001,Kharif,Groundnut,27879,68800,2.46780731
Tamil Nadu,CUDDALORE,2001,Kharif,Jowar,1993,900,0.451580532
Tamil Nadu,CUDDALORE,2001,Kharif,Moong(Green Gram),3623,470,0.129726746
Tamil Nadu,CUDDALORE,2001,Kharif,Ragi,246,610,2.479674797
Tamil Nadu,CUDDALORE,2001,Kharif,Rice,108375,402810,3.716816609
Tamil Nadu,CUDDALORE,2001,Kharif,Sesamum,6841,3160,0.461920772
Tamil Nadu,CUDDALORE,2001,Kharif,Sunflower,5,10,2
Tamil Nadu,CUDDALORE,2001,Kharif,Urad,36759,9240,0.251367012
Tamil Nadu,CUDDALORE,2001,Whole Year,Sugarcane,39126,4425800,113.1165977
Tamil Nadu,CUDDALORE,2002,Kharif,Arhar/Tur,312,170,0.544871795
Tamil Nadu,CUDDALORE,2002,Kharif,Bajra,2705,4825,1.783733826
Tamil Nadu,CUDDALORE,2002,Kharif,Castor seed,136,94,0.691176471
Tamil Nadu,CUDDALORE,2002,Kharif,Cotton(lint),668,1267,1.896706587
Tamil Nadu,CUDDALORE,2002,Kharif,Groundnut,26138,58310,2.230851634
Tamil Nadu,CUDDALORE,2002,Kharif,Horse-gram,107,27,0.252336449
Tamil Nadu,CUDDALORE,2002,Kharif,Jowar,199,73,0.366834171
Tamil Nadu,CUDDALORE,2002,Kharif,Korra,83,103,1.240963855
Tamil Nadu,CUDDALORE,2002,Kharif,Maize,325,727,2.236923077
Tamil Nadu,CUDDALORE,2002,Kharif,Moong(Green Gram),2234,574,0.256938227
Tamil Nadu,CUDDALORE,2002,Kharif,Other Kharif pulses,310,70,0.225806452
Tamil Nadu,CUDDALORE,2002,Kharif,Ragi,333,585,1.756756757
Tamil Nadu,CUDDALORE,2002,Kharif,Rice,102336,281708,2.752775172
Tamil Nadu,CUDDALORE,2002,Kharif,Sesamum,4534,1301,0.286943097
Tamil Nadu,CUDDALORE,2002,Kharif,Sunflower,235,272,1.157446809
Tamil Nadu,CUDDALORE,2002,Kharif,Urad,31732,12419,0.391371486
Tamil Nadu,CUDDALORE,2002,Kharif,Varagu,4754,5730,1.205300799
Tamil Nadu,CUDDALORE,2002,Rabi,Gram,5,2,0.4
Tamil Nadu,CUDDALORE,2002,Whole Year,Ash Gourd,4,0,0
Tamil Nadu,CUDDALORE,2002,Whole Year,Banana,3753,104971,27.96989075
Tamil Nadu,CUDDALORE,2002,Whole Year,Bhindi,70,522,7.457142857
Tamil Nadu,CUDDALORE,2002,Whole Year,Bitter Gourd,58,0,0
Tamil Nadu,CUDDALORE,2002,Whole Year,Bottle Gourd,1,0,0
Tamil Nadu,CUDDALORE,2002,Whole Year,Brinjal,250,1906,7.624
Tamil Nadu,CUDDALORE,2002,Whole Year,Cashewnut,28083,19178,0.682904248
Tamil Nadu,CUDDALORE,2002,Whole Year,Citrus Fruit,60,67,1.116666667
Tamil Nadu,CUDDALORE,2002,Whole Year,Coconut,2670,35700,13.37078652
Tamil Nadu,CUDDALORE,2002,Whole Year,Coriander,4182,769,0.183883309
Tamil Nadu,CUDDALORE,2002,Whole Year,Cucumber,9,0,0
Tamil Nadu,CUDDALORE,2002,Whole Year,Drum Stick,59,0,0
Tamil Nadu,CUDDALORE,2002,Whole Year,Dry chillies,169,100,0.591715976
Tamil Nadu,CUDDALORE,2002,Whole Year,Jack Fruit,527,5966,11.32068311
Tamil Nadu,CUDDALORE,2002,Whole Year,Lab-Lab,30,0,0
Tamil Nadu,CUDDALORE,2002,Whole Year,Mango,563,3373,5.991119005
Tamil Nadu,CUDDALORE,2002,Whole Year,Onion,121,1023,8.454545455
Tamil Nadu,CUDDALORE,2002,Whole Year,Other Fresh Fruits,4,0,0
Tamil Nadu,CUDDALORE,2002,Whole Year,Other Vegetables,128,0,0
Tamil Nadu,CUDDALORE,2002,Whole Year,Pome Fruit,493,2579,5.231237323
Tamil Nadu,CUDDALORE,2002,Whole Year,Pump Kin,4,0,0
Tamil Nadu,CUDDALORE,2002,Whole Year,Redish,4,0,0
Tamil Nadu,CUDDALORE,2002,Whole Year,Ribed Guard,3,0,0
Tamil Nadu,CUDDALORE,2002,Whole Year,Snak Guard,172,0,0
Tamil Nadu,CUDDALORE,2002,Whole Year,Sugarcane,40269,4598700,114.1995083
Tamil Nadu,CUDDALORE,2002,Whole Year,Sweet potato,69,540,7.826086957
Tamil Nadu,CUDDALORE,2002,Whole Year,Tapioca,4923,205397,41.72191753
Tamil Nadu,CUDDALORE,2002,Whole Year,Tomato,11,135,12.27272727
Tamil Nadu,CUDDALORE,2002,Whole Year,Turmeric,40,149,3.725
Tamil Nadu,CUDDALORE,2003,Kharif,Arhar/Tur,559,342,0.611806798
Tamil Nadu,CUDDALORE,2003,Kharif,Bajra,4748,7082,1.4915754
Tamil Nadu,CUDDALORE,2003,Kharif,Castor seed,73,52,0.712328767
Tamil Nadu,CUDDALORE,2003,Kharif,Cotton(lint),602,1031,1.712624585
Tamil Nadu,CUDDALORE,2003,Kharif,Groundnut,27404,69395,2.532294556
Tamil Nadu,CUDDALORE,2003,Kharif,Horse-gram,37,10,0.27027027
Tamil Nadu,CUDDALORE,2003,Kharif,Jowar,1784,817,0.457959641
Tamil Nadu,CUDDALORE,2003,Kharif,Korra,15,19,1.266666667
Tamil Nadu,CUDDALORE,2003,Kharif,Maize,1886,3805,2.017497349
Tamil Nadu,CUDDALORE,2003,Kharif,Moong(Green Gram),1714,464,0.270711785
Tamil Nadu,CUDDALORE,2003,Kharif,Other Kharif pulses,241,57,0.236514523
Tamil Nadu,CUDDALORE,2003,Kharif,Ragi,277,563,2.032490975
Tamil Nadu,CUDDALORE,2003,Kharif,Rice,104162,317655,3.049624623
Tamil Nadu,CUDDALORE,2003,Kharif,Sesamum,7575,2501,0.330165017
Tamil Nadu,CUDDALORE,2003,Kharif,Small millets,2158,2177,1.008804449
Tamil Nadu,CUDDALORE,2003,Kharif,Sunflower,317,410,1.293375394
Tamil Nadu,CUDDALORE,2003,Kharif,Urad,31396,10382,0.330679067
Tamil Nadu,CUDDALORE,2003,Kharif,Varagu,2069,2158,1.04301595
Tamil Nadu,CUDDALORE,2003,Whole Year,Ash Gourd,11,0,0
Tamil Nadu,CUDDALORE,2003,Whole Year,Banana,3756,93525,24.90015974
Tamil Nadu,CUDDALORE,2003,Whole Year,Bhindi,78,546,7
Tamil Nadu,CUDDALORE,2003,Whole Year,Bitter Gourd,57,0,0
Tamil Nadu,CUDDALORE,2003,Whole Year,Brinjal,296,3309,11.17905405
Tamil Nadu,CUDDALORE,2003,Whole Year,Cashewnut,28497,22157,0.777520441
Tamil Nadu,CUDDALORE,2003,Whole Year,Citrus Fruit,60,63,1.05
Tamil Nadu,CUDDALORE,2003,Whole Year,Coconut,2652,39100,14.74358974
Tamil Nadu,CUDDALORE,2003,Whole Year,Coriander,5996,2421,0.403769179
Tamil Nadu,CUDDALORE,2003,Whole Year,Cucumber,23,0,0
Tamil Nadu,CUDDALORE,2003,Whole Year,Drum Stick,69,0,0
Tamil Nadu,CUDDALORE,2003,Whole Year,Dry chillies,149,79,0.530201342
Tamil Nadu,CUDDALORE,2003,Whole Year,Jack Fruit,529,5111,9.661625709
Tamil Nadu,CUDDALORE,2003,Whole Year,Lab-Lab,31,0,0
Tamil Nadu,CUDDALORE,2003,Whole Year,Mango,571,2372,4.154115587
Tamil Nadu,CUDDALORE,2003,Whole Year,Onion,83,748,9.012048193
Tamil Nadu,CUDDALORE,2003,Whole Year,Other Citrus Fruit,1,0,0
Tamil Nadu,CUDDALORE,2003,Whole Year,Other Fresh Fruits,10,0,0
Tamil Nadu,CUDDALORE,2003,Whole Year,Other Vegetables,143,0,0
Tamil Nadu,CUDDALORE,2003,Whole Year,Pome Fruit,499,3504,7.022044088
Tamil Nadu,CUDDALORE,2003,Whole Year,Pump Kin,8,0,0
Tamil Nadu,CUDDALORE,2003,Whole Year,Redish,7,0,0
Tamil Nadu,CUDDALORE,2003,Whole Year,Ribed Guard,4,0,0
Tamil Nadu,CUDDALORE,2003,Whole Year,Snak Guard,181,0,0
Tamil Nadu,CUDDALORE,2003,Whole Year,Sugarcane,34061,4042121,118.6729984
Tamil Nadu,CUDDALORE,2003,Whole Year,Sweet potato,59,531,9
Tamil Nadu,CUDDALORE,2003,Whole Year,Tapioca,5168,177563,34.35816563
Tamil Nadu,CUDDALORE,2003,Whole Year,Tomato,7,71,10.14285714
Tamil Nadu,CUDDALORE,2003,Whole Year,Turmeric,51,212,4.156862745
Tamil Nadu,CUDDALORE,2003,Whole Year,Water Melon,10,0,0
Tamil Nadu,CUDDALORE,2004,Kharif,Arhar/Tur,664,443,0.667168675
Tamil Nadu,CUDDALORE,2004,Kharif,Bajra,3176,4640,1.460957179
Tamil Nadu,CUDDALORE,2004,Kharif,Castor seed,27,18,0.666666667
Tamil Nadu,CUDDALORE,2004,Kharif,Cotton(lint),1572,1734,1.103053435
Tamil Nadu,CUDDALORE,2004,Kharif,Groundnut,20570,49280,2.395721925
Tamil Nadu,CUDDALORE,2004,Kharif,Horse-gram,57,17,0.298245614
Tamil Nadu,CUDDALORE,2004,Kharif,Jowar,1327,524,0.394875659
Tamil Nadu,CUDDALORE,2004,Kharif,Maize,3950,7589,1.921265823
Tamil Nadu,CUDDALORE,2004,Kharif,Moong(Green Gram),3489,943,0.270278017
Tamil Nadu,CUDDALORE,2004,Kharif,Other Kharif pulses,86,20,0.23255814
Tamil Nadu,CUDDALORE,2004,Kharif,Ragi,201,409,2.034825871
Tamil Nadu,CUDDALORE,2004,Kharif,Rice,114599,315702,2.754840793
Tamil Nadu,CUDDALORE,2004,Kharif,Sesamum,4201,1439,0.342537491
Tamil Nadu,CUDDALORE,2004,Kharif,Small millets,2752,2814,1.02252907
Tamil Nadu,CUDDALORE,2004,Kharif,Sunflower,1241,648,0.522159549
Tamil Nadu,CUDDALORE,2004,Kharif,Urad,31563,10576,0.33507588
Tamil Nadu,CUDDALORE,2004,Whole Year,Banana,3919,104663,26.7065578
Tamil Nadu,CUDDALORE,2004,Whole Year,Cashewnut,29831,26585,0.89118702
Tamil Nadu,CUDDALORE,2004,Whole Year,Coconut,2743,37800,13.78053226
Tamil Nadu,CUDDALORE,2004,Whole Year,Coriander,3430,1162,0.33877551
Tamil Nadu,CUDDALORE,2004,Whole Year,Dry chillies,118,79,0.669491525
Tamil Nadu,CUDDALORE,2004,Whole Year,Onion,256,2477,9.67578125
Tamil Nadu,CUDDALORE,2004,Whole Year,Sugarcane,29734,3549318,119.3690052
Tamil Nadu,CUDDALORE,2004,Whole Year,Sweet potato,114,1265,11.09649123
Tamil Nadu,CUDDALORE,2004,Whole Year,Tapioca,6967,277465,39.82560643
Tamil Nadu,CUDDALORE,2004,Whole Year,Turmeric,78,428,5.487179487
Tamil Nadu,CUDDALORE,2005,Kharif,Arhar/Tur,149,161,1.080536913
Tamil Nadu,CUDDALORE,2005,Kharif,Bajra,1533,2066,1.347684279
Tamil Nadu,CUDDALORE,2005,Kharif,Castor seed,206,145,0.703883495
Tamil Nadu,CUDDALORE,2005,Kharif,Cotton(lint),1330,1497,1.12556391
Tamil Nadu,CUDDALORE,2005,Kharif,Groundnut,21389,53375,2.495441582
Tamil Nadu,CUDDALORE,2005,Kharif,Horse-gram,10,4,0.4
Tamil Nadu,CUDDALORE,2005,Kharif,Jowar,891,560,0.628507295
Tamil Nadu,CUDDALORE,2005,Kharif,Maize,7579,,
Tamil Nadu,CUDDALORE,2005,Kharif,Moong(Green Gram),1216,356,0.292763158
Tamil Nadu,CUDDALORE,2005,Kharif,Other Kharif pulses,61,44,0.721311475
Tamil Nadu,CUDDALORE,2005,Kharif,Ragi,149,290,1.946308725
Tamil Nadu,CUDDALORE,2005,Kharif,Rice,114291,218345,1.910430393
Tamil Nadu,CUDDALORE,2005,Kharif,Sesamum,2630,931,0.353992395
Tamil Nadu,CUDDALORE,2005,Kharif,Small millets,2807,2837,1.010687567
Tamil Nadu,CUDDALORE,2005,Kharif,Sunflower,976,691,0.707991803
Tamil Nadu,CUDDALORE,2005,Kharif,Urad,24540,8493,0.34608802
Tamil Nadu,CUDDALORE,2005,Whole Year,Arecanut,2,2,1
Tamil Nadu,CUDDALORE,2005,Whole Year,Banana,3876,120554,31.10268318
Tamil Nadu,CUDDALORE,2005,Whole Year,Cashewnut,30150,22952,0.761260365
Tamil Nadu,CUDDALORE,2005,Whole Year,Coconut,2722,332,0.12196914
Tamil Nadu,CUDDALORE,2005,Whole Year,Coriander,1783,419,0.234997196
Tamil Nadu,CUDDALORE,2005,Whole Year,Dry chillies,61,40,0.655737705
Tamil Nadu,CUDDALORE,2005,Whole Year,Onion,67,537,8.014925373
Tamil Nadu,CUDDALORE,2005,Whole Year,Sugarcane,37151,3661157,98.54800678
Tamil Nadu,CUDDALORE,2005,Whole Year,Sweet potato,83,945,11.38554217
Tamil Nadu,CUDDALORE,2005,Whole Year,Tapioca,5745,165559,28.81792863
Tamil Nadu,CUDDALORE,2005,Whole Year,Turmeric,90,497,5.522222222
Tamil Nadu,CUDDALORE,2006,Kharif,Rice,105440,392384,3.721396055
Tamil Nadu,CUDDALORE,2006,Kharif,Small millets,6812,24369,3.577363476
Tamil Nadu,CUDDALORE,2006,Whole Year,Arecanut,1,1,1
Tamil Nadu,CUDDALORE,2006,Whole Year,Arhar/Tur,148,108,0.72972973
Tamil Nadu,CUDDALORE,2006,Whole Year,Bajra,1275,1608,1.261176471
Tamil Nadu,CUDDALORE,2006,Whole Year,Banana,4162,156690,37.6477655
Tamil Nadu,CUDDALORE,2006,Whole Year,Cashewnut,29633,29633,1
Tamil Nadu,CUDDALORE,2006,Whole Year,Castor seed,6,4,0.666666667
Tamil Nadu,CUDDALORE,2006,Whole Year,Coconut,2529,475,0.187821273
Tamil Nadu,CUDDALORE,2006,Whole Year,Coriander,782,317,0.405370844
Tamil Nadu,CUDDALORE,2006,Whole Year,Cotton(lint),1808,2415,1.335730088
Tamil Nadu,CUDDALORE,2006,Whole Year,Garlic,57,338,5.929824561
Tamil Nadu,CUDDALORE,2006,Whole Year,Groundnut,13687,43703,3.193029882
Tamil Nadu,CUDDALORE,2006,Whole Year,Horse-gram,8,5,0.625
Tamil Nadu,CUDDALORE,2006,Whole Year,Jowar,661,870,1.316187595
Tamil Nadu,CUDDALORE,2006,Whole Year,Maize,7882,20383,2.586018777
Tamil Nadu,CUDDALORE,2006,Whole Year,Moong(Green Gram),1024,591,0.577148438
Tamil Nadu,CUDDALORE,2006,Whole Year,Onion,49,428,8.734693878
Tamil Nadu,CUDDALORE,2006,Whole Year,Ragi,98,262,2.673469388
Tamil Nadu,CUDDALORE,2006,Whole Year,Sesamum,2086,1002,0.480345158
Tamil Nadu,CUDDALORE,2006,Whole Year,Sugarcane,41628,5336460,128.194004
Tamil Nadu,CUDDALORE,2006,Whole Year,Sunflower,589,659,1.118845501
Tamil Nadu,CUDDALORE,2006,Whole Year,Sweet potato,488,7119,14.58811475
Tamil Nadu,CUDDALORE,2006,Whole Year,Tapioca,4226,298001,70.51609087
Tamil Nadu,CUDDALORE,2006,Whole Year,Turmeric,143,822,5.748251748
Tamil Nadu,CUDDALORE,2006,Whole Year,Urad,27078,15275,0.564111086
Tamil Nadu,CUDDALORE,2007,Kharif,Rice,102798,335119,3.259975875
Tamil Nadu,CUDDALORE,2007,Kharif,Small millets,2467,3894,1.578435347
Tamil Nadu,CUDDALORE,2007,Whole Year,Arecanut,1,2,2
Tamil Nadu,CUDDALORE,2007,Whole Year,Arhar/Tur,125,88,0.704
Tamil Nadu,CUDDALORE,2007,Whole Year,Bajra,1714,2806,1.637106184
Tamil Nadu,CUDDALORE,2007,Whole Year,Banana,4443,163768,36.85977943
Tamil Nadu,CUDDALORE,2007,Whole Year,Cashewnut,30003,32301,1.076592341
Tamil Nadu,CUDDALORE,2007,Whole Year,Castor seed,9,6,0.666666667
Tamil Nadu,CUDDALORE,2007,Whole Year,Coconut,2497,351,0.140568682
Tamil Nadu,CUDDALORE,2007,Whole Year,Coriander,571,231,0.404553415
Tamil Nadu,CUDDALORE,2007,Whole Year,Cotton(lint),2253,2291,1.0168664
Tamil Nadu,CUDDALORE,2007,Whole Year,Dry chillies,169,85,0.50295858
Tamil Nadu,CUDDALORE,2007,Whole Year,Groundnut,16307,30250,1.855031582
Tamil Nadu,CUDDALORE,2007,Whole Year,Horse-gram,6,3,0.5
Tamil Nadu,CUDDALORE,2007,Whole Year,Jowar,1085,968,0.892165899
Tamil Nadu,CUDDALORE,2007,Whole Year,Maize,12318,25314,2.055041403
Tamil Nadu,CUDDALORE,2007,Whole Year,Moong(Green Gram),4190,681,0.162529833
Tamil Nadu,CUDDALORE,2007,Whole Year,Onion,66,636,9.636363636
Tamil Nadu,CUDDALORE,2007,Whole Year,Potato,2,34,17
Tamil Nadu,CUDDALORE,2007,Whole Year,Ragi,181,426,2.35359116
Tamil Nadu,CUDDALORE,2007,Whole Year,Sesamum,5161,2361,0.457469483
Tamil Nadu,CUDDALORE,2007,Whole Year,Small millets,2467,3894,1.578435347
Tamil Nadu,CUDDALORE,2007,Whole Year,Sugarcane,38357,4226635,110.1920119
Tamil Nadu,CUDDALORE,2007,Whole Year,Sunflower,207,254,1.22705314
Tamil Nadu,CUDDALORE,2007,Whole Year,Sweet potato,38,402,10.57894737
Tamil Nadu,CUDDALORE,2007,Whole Year,Tapioca,4057,126522,31.1860981
Tamil Nadu,CUDDALORE,2007,Whole Year,Tobacco,5,7,1.4
Tamil Nadu,CUDDALORE,2007,Whole Year,Turmeric,153,818,5.346405229
Tamil Nadu,CUDDALORE,2007,Whole Year,Urad,47946,10842,0.226129396
Tamil Nadu,CUDDALORE,2008,Kharif,Rice,107817,223882,2.076499995
Tamil Nadu,CUDDALORE,2008,Kharif,Small millets,1874,2900,1.547491996
Tamil Nadu,CUDDALORE,2008,Whole Year,Arecanut,1,2,2
Tamil Nadu,CUDDALORE,2008,Whole Year,Arhar/Tur,114,69,0.605263158
Tamil Nadu,CUDDALORE,2008,Whole Year,Bajra,1842,2914,1.581976113
Tamil Nadu,CUDDALORE,2008,Whole Year,Banana,4308,164032,38.07613742
Tamil Nadu,CUDDALORE,2008,Whole Year,Cashewnut,30003,24302,0.809985668
Tamil Nadu,CUDDALORE,2008,Whole Year,Castor seed,9,6,0.666666667
Tamil Nadu,CUDDALORE,2008,Whole Year,Coconut,2524,505000,200.0792393
Tamil Nadu,CUDDALORE,2008,Whole Year,Coriander,597,206,0.345058626
Tamil Nadu,CUDDALORE,2008,Whole Year,Cotton(lint),4821,2965,0.615017631
Tamil Nadu,CUDDALORE,2008,Whole Year,Dry chillies,112,56,0.5
Tamil Nadu,CUDDALORE,2008,Whole Year,Groundnut,15437,39126,2.534559824
Tamil Nadu,CUDDALORE,2008,Whole Year,Horse-gram,2,1,0.5
Tamil Nadu,CUDDALORE,2008,Whole Year,Jowar,878,730,0.83143508
Tamil Nadu,CUDDALORE,2008,Whole Year,Maize,11881,21720,1.828128945
Tamil Nadu,CUDDALORE,2008,Whole Year,Moong(Green Gram),2251,509,0.226121724
Tamil Nadu,CUDDALORE,2008,Whole Year,Onion,40,378,9.45
Tamil Nadu,CUDDALORE,2008,Whole Year,Ragi,105,265,2.523809524
Tamil Nadu,CUDDALORE,2008,Whole Year,Sesamum,3588,1948,0.542920847
Tamil Nadu,CUDDALORE,2008,Whole Year,Small millets,1874,2900,1.547491996
Tamil Nadu,CUDDALORE,2008,Whole Year,Sugarcane,30141,3213272,106.608009
Tamil Nadu,CUDDALORE,2008,Whole Year,Sunflower,313,292,0.932907348
Tamil Nadu,CUDDALORE,2008,Whole Year,Sweet potato,14,180,12.85714286
Tamil Nadu,CUDDALORE,2008,Whole Year,Tapioca,3315,154648,46.65098039
Tamil Nadu,CUDDALORE,2008,Whole Year,Tobacco,4,6,1.5
Tamil Nadu,CUDDALORE,2008,Whole Year,Turmeric,171,986,5.766081871
Tamil Nadu,CUDDALORE,2008,Whole Year,Urad,45733,15860,0.346795531
Tamil Nadu,CUDDALORE,2009,Kharif,Rice,111517,322962,2.896078625
Tamil Nadu,CUDDALORE,2009,Kharif,Small millets,3277,5643,1.722001831
Tamil Nadu,CUDDALORE,2009,Whole Year,Arecanut,1,2,2
Tamil Nadu,CUDDALORE,2009,Whole Year,Arhar/Tur,48,37,0.770833333
Tamil Nadu,CUDDALORE,2009,Whole Year,Bajra,2058,6143,2.984936832
Tamil Nadu,CUDDALORE,2009,Whole Year,Banana,4805,185329,38.57003122
Tamil Nadu,CUDDALORE,2009,Whole Year,Cashewnut,30349,24296,0.80055356
Tamil Nadu,CUDDALORE,2009,Whole Year,Castor seed,11,8,0.727272727
Tamil Nadu,CUDDALORE,2009,Whole Year,Coconut,2513,38300,15.24074811
Tamil Nadu,CUDDALORE,2009,Whole Year,Coriander,985,389,0.394923858
Tamil Nadu,CUDDALORE,2009,Whole Year,Cotton(lint),4630,5232,1.130021598
Tamil Nadu,CUDDALORE,2009,Whole Year,Dry chillies,133,71,0.533834586
Tamil Nadu,CUDDALORE,2009,Whole Year,Groundnut,13249,38662,2.918107027
Tamil Nadu,CUDDALORE,2009,Whole Year,Horse-gram,3,1,0.333333333
Tamil Nadu,CUDDALORE,2009,Whole Year,Jowar,798,779,0.976190476
Tamil Nadu,CUDDALORE,2009,Whole Year,Maize,10759,21642,2.011525235
Tamil Nadu,CUDDALORE,2009,Whole Year,Moong(Green Gram),1845,633,0.343089431
Tamil Nadu,CUDDALORE,2009,Whole Year,Onion,20,195,9.75
Tamil Nadu,CUDDALORE,2009,Whole Year,Ragi,139,330,2.374100719
Tamil Nadu,CUDDALORE,2009,Whole Year,Sesamum,3679,2065,0.56129383
Tamil Nadu,CUDDALORE,2009,Whole Year,Sugarcane,27482,2957123,107.602176
Tamil Nadu,CUDDALORE,2009,Whole Year,Sunflower,164,218,1.329268293
Tamil Nadu,CUDDALORE,2009,Whole Year,Sweet potato,7,102,14.57142857
Tamil Nadu,CUDDALORE,2009,Whole Year,Tapioca,3080,102733,33.35487013
Tamil Nadu,CUDDALORE,2009,Whole Year,Tobacco,2,3,1.5
Tamil Nadu,CUDDALORE,2009,Whole Year,Turmeric,202,1024,5.069306931
Tamil Nadu,CUDDALORE,2009,Whole Year,Urad,46083,19608,0.425493132
Tamil Nadu,CUDDALORE,2010,Kharif,Arhar/Tur,115,76,0.660869565
Tamil Nadu,CUDDALORE,2010,Kharif,Castor seed,19,7,0.368421053
Tamil Nadu,CUDDALORE,2010,Kharif,Cotton(lint),6242,3532,0.565844281
Tamil Nadu,CUDDALORE,2010,Kharif,Groundnut,9881,30563,3.093107985
Tamil Nadu,CUDDALORE,2010,Kharif,Horse-gram,22,12,0.545454545
Tamil Nadu,CUDDALORE,2010,Kharif,Maize,12158,17927,1.474502385
Tamil Nadu,CUDDALORE,2010,Kharif,Moong(Green Gram),2911,1927,0.661971831
Tamil Nadu,CUDDALORE,2010,Kharif,Ragi,150,332,2.213333333
Tamil Nadu,CUDDALORE,2010,Kharif,Rice,115815,301506,2.603341536
Tamil Nadu,CUDDALORE,2010,Kharif,Sunflower,20,24,1.2
Tamil Nadu,CUDDALORE,2010,Kharif,Urad,50098,23472,0.468521697
Tamil Nadu,CUDDALORE,2010,Whole Year,Sugarcane,30798,3315905,107.6662446
Tamil Nadu,CUDDALORE,2011,Kharif,Bajra,1669,4931,2.954463751
Tamil Nadu,CUDDALORE,2011,Kharif,Cotton(lint),5581,13988,2.506360867
Tamil Nadu,CUDDALORE,2011,Kharif,Groundnut,2811,8187,2.91248666
Tamil Nadu,CUDDALORE,2011,Kharif,Jowar,30,33,1.1
Tamil Nadu,CUDDALORE,2011,Kharif,Maize,13016,21096,1.620774431
Tamil Nadu,CUDDALORE,2011,Kharif,Ragi,43,113,2.627906977
Tamil Nadu,CUDDALORE,2011,Kharif,Rice,120983,248242,2.051875057
Tamil Nadu,CUDDALORE,2011,Rabi,Bajra,110,321,2.918181818
Tamil Nadu,CUDDALORE,2011,Rabi,Cotton(lint),203,559,2.753694581
Tamil Nadu,CUDDALORE,2011,Rabi,Groundnut,6887,26420,3.836213155
Tamil Nadu,CUDDALORE,2011,Rabi,Jowar,1,2,2
Tamil Nadu,CUDDALORE,2011,Rabi,Maize,331,2201,6.649546828
Tamil Nadu,CUDDALORE,2011,Rabi,Ragi,25,78,3.12
Tamil Nadu,CUDDALORE,2011,Whole Year,Arecanut,1,2,2
Tamil Nadu,CUDDALORE,2011,Whole Year,Arhar/Tur,23,20,0.869565217
Tamil Nadu,CUDDALORE,2011,Whole Year,Banana,4133,97421,23.5714977
Tamil Nadu,CUDDALORE,2011,Whole Year,Cashewnut,32261,5529,0.171383404
Tamil Nadu,CUDDALORE,2011,Whole Year,Castor seed,2,13,6.5
Tamil Nadu,CUDDALORE,2011,Whole Year,Coconut,2343,43700000,18651.30175
Tamil Nadu,CUDDALORE,2011,Whole Year,Coriander,96,34,0.354166667
Tamil Nadu,CUDDALORE,2011,Whole Year,Dry chillies,103,45,0.436893204
Tamil Nadu,CUDDALORE,2011,Whole Year,Horse-gram,3,2,0.666666667
Tamil Nadu,CUDDALORE,2011,Whole Year,Moong(Green Gram),3075,1760,0.572357724
Tamil Nadu,CUDDALORE,2011,Whole Year,Onion,17,161,9.470588235
Tamil Nadu,CUDDALORE,2011,Whole Year,Small millets,1854,4558,2.458468177
Tamil Nadu,CUDDALORE,2011,Whole Year,Sugarcane,31064,2948274,94.90967036
Tamil Nadu,CUDDALORE,2011,Whole Year,Sunflower,8,15,1.875
Tamil Nadu,CUDDALORE,2011,Whole Year,Sweet potato,4,82,20.5
Tamil Nadu,CUDDALORE,2011,Whole Year,Tapioca,3404,101408,29.79083431
Tamil Nadu,CUDDALORE,2011,Whole Year,Turmeric,722,3956,5.479224377
Tamil Nadu,CUDDALORE,2011,Whole Year,Urad,51938,29656,0.570988486
Tamil Nadu,CUDDALORE,2012,Kharif,Arhar/Tur,28,22,0.785714286
Tamil Nadu,CUDDALORE,2012,Kharif,Castor seed,21,4.16,0.198095238
Tamil Nadu,CUDDALORE,2012,Kharif,Cotton(lint),5067,12101,2.388198145
Tamil Nadu,CUDDALORE,2012,Kharif,Groundnut,11002,40010,3.636611525
Tamil Nadu,CUDDALORE,2012,Kharif,Horse-gram,3,1,0.333333333
Tamil Nadu,CUDDALORE,2012,Kharif,Maize,15171,23212,1.530024389
Tamil Nadu,CUDDALORE,2012,Kharif,Moong(Green Gram),3989,2400,0.60165455
Tamil Nadu,CUDDALORE,2012,Kharif,Ragi,80,178,2.225
Tamil Nadu,CUDDALORE,2012,Kharif,Rice,111958,339286,3.030475714
Tamil Nadu,CUDDALORE,2012,Kharif,Sunflower,15,17,1.133333333
Tamil Nadu,CUDDALORE,2012,Kharif,Urad,39034,21412,0.54854742
Tamil Nadu,CUDDALORE,2012,Whole Year,Sugarcane,30638,3445715,112.4654024
Tamil Nadu,CUDDALORE,2013,Kharif,Bajra,3361,7929,2.35911931
Tamil Nadu,CUDDALORE,2013,Kharif,Castor seed,3,2,0.666666667
Tamil Nadu,CUDDALORE,2013,Kharif,Cotton(lint),8243,29081,3.52796312
Tamil Nadu,CUDDALORE,2013,Kharif,Groundnut,3354,9102,2.713774597
Tamil Nadu,CUDDALORE,2013,Kharif,Horse-gram,13,10,0.769230769
Tamil Nadu,CUDDALORE,2013,Kharif,Jowar,66,73,1.106060606
Tamil Nadu,CUDDALORE,2013,Kharif,Maize,18993,70767,3.725951666
Tamil Nadu,CUDDALORE,2013,Kharif,Moong(Green Gram),212,119,0.561320755
Tamil Nadu,CUDDALORE,2013,Kharif,Onion,12,140,11.66666667
Tamil Nadu,CUDDALORE,2013,Kharif,Ragi,120,328,2.733333333
Tamil Nadu,CUDDALORE,2013,Kharif,Rice,127485,565960,4.439424246
Tamil Nadu,CUDDALORE,2013,Kharif,Sunflower,7,13,1.857142857
Tamil Nadu,CUDDALORE,2013,Kharif,Urad,4915,3343,0.680162767
Tamil Nadu,CUDDALORE,2013,Rabi,Bajra,198,397,2.005050505
Tamil Nadu,CUDDALORE,2013,Rabi,Cotton(lint),371,891,2.401617251
Tamil Nadu,CUDDALORE,2013,Rabi,Groundnut,8316,36172,4.34968735
Tamil Nadu,CUDDALORE,2013,Rabi,Horse-gram,3,2,0.666666667
Tamil Nadu,CUDDALORE,2013,Rabi,Jowar,9,19,2.111111111
Tamil Nadu,CUDDALORE,2013,Rabi,Maize,1527,7638,5.001964637
Tamil Nadu,CUDDALORE,2013,Rabi,Moong(Green Gram),11017,11630,1.055641282
Tamil Nadu,CUDDALORE,2013,Rabi,Onion,5,42,8.4
Tamil Nadu,CUDDALORE,2013,Rabi,Ragi,79,313,3.962025316
Tamil Nadu,CUDDALORE,2013,Rabi,Sunflower,22,22,1
Tamil Nadu,CUDDALORE,2013,Rabi,Urad,47422,49559,1.045063473
Tamil Nadu,CUDDALORE,2013,Whole Year,Arhar/Tur,315,305,0.968253968
Tamil Nadu,CUDDALORE,2013,Whole Year,Banana,4251,171740,40.3999059
Tamil Nadu,CUDDALORE,2013,Whole Year,Cashewnut,30146,12021,0.398759371
Tamil Nadu,CUDDALORE,2013,Whole Year,Coconut,1881,15200000,8080.808081
Tamil Nadu,CUDDALORE,2013,Whole Year,Coriander,34,12,0.352941176
Tamil Nadu,CUDDALORE,2013,Whole Year,Dry chillies,128,35,0.2734375
Tamil Nadu,CUDDALORE,2013,Whole Year,Small millets,1568,3018,1.924744898
Tamil Nadu,CUDDALORE,2013,Whole Year,Sugarcane,30304,3286001,108.4345631
Tamil Nadu,CUDDALORE,2013,Whole Year,Sweet potato,30,633,21.1
Tamil Nadu,CUDDALORE,2013,Whole Year,Tapioca,3252,124710,38.34870849
Tamil Nadu,CUDDALORE,2013,Whole Year,Turmeric,355,1304,3.673239437
Tamil Nadu,DHARMAPURI,1997,Kharif,Banana,1354,53114,39.22747415
Tamil Nadu,DHARMAPURI,1997,Kharif,Horse-gram,39102,21390,0.547030842
Tamil Nadu,DHARMAPURI,1997,Kharif,Onion,1132,9152,8.084805654
Tamil Nadu,DHARMAPURI,1997,Kharif,Sesamum,729,370,0.507544582
Tamil Nadu,DHARMAPURI,1997,Whole Year,Arhar/Tur,9409,6240,0.663194813
Tamil Nadu,DHARMAPURI,1997,Whole Year,Bajra,2669,4600,1.723491945
Tamil Nadu,DHARMAPURI,1997,Whole Year,Banana,1871,140280,74.97594869
Tamil Nadu,DHARMAPURI,1997,Whole Year,Cashewnut,19,10,0.526315789
Tamil Nadu,DHARMAPURI,1997,Whole Year,Castor seed,3120,1070,0.342948718
Tamil Nadu,DHARMAPURI,1997,Whole Year,Coriander,334,110,0.329341317
Tamil Nadu,DHARMAPURI,1997,Whole Year,Cotton(lint),25630,42660,1.664455716
Tamil Nadu,DHARMAPURI,1997,Whole Year,Dry chillies,1045,650,0.622009569
Tamil Nadu,DHARMAPURI,1997,Whole Year,Dry ginger,13,410,31.53846154
Tamil Nadu,DHARMAPURI,1997,Whole Year,Garlic,1,10,10
Tamil Nadu,DHARMAPURI,1997,Whole Year,Gram,168,10,0.05952381
Tamil Nadu,DHARMAPURI,1997,Whole Year,Groundnut,74354,103640,1.393872556
Tamil Nadu,DHARMAPURI,1997,Whole Year,Jowar,22103,27860,1.260462381
Tamil Nadu,DHARMAPURI,1997,Whole Year,Maize,358,390,1.089385475
Tamil Nadu,DHARMAPURI,1997,Whole Year,Moong(Green Gram),915,540,0.590163934
Tamil Nadu,DHARMAPURI,1997,Whole Year,Onion,382,2900,7.591623037
Tamil Nadu,DHARMAPURI,1997,Whole Year,Potato,144,3720,25.83333333
Tamil Nadu,DHARMAPURI,1997,Whole Year,Pulses total,65383,31970,0.488965021
Tamil Nadu,DHARMAPURI,1997,Whole Year,Ragi,54240,106670,1.966629794
Tamil Nadu,DHARMAPURI,1997,Whole Year,Rapeseed &Mustard,538,130,0.241635688
Tamil Nadu,DHARMAPURI,1997,Whole Year,Rice,64393,203890,3.166337956
Tamil Nadu,DHARMAPURI,1997,Whole Year,Small millets,1530,60,0.039215686
Tamil Nadu,DHARMAPURI,1997,Whole Year,Sugarcane,18938,18100000,955.7503432
Tamil Nadu,DHARMAPURI,1997,Whole Year,Sunflower,818,730,0.892420538
Tamil Nadu,DHARMAPURI,1997,Whole Year,Tapioca,15842,636970,40.2076758
Tamil Nadu,DHARMAPURI,1997,Whole Year,Tobacco,19,20,1.052631579
Tamil Nadu,DHARMAPURI,1997,Whole Year,Total foodgrain,235952,397460,1.684495152
Tamil Nadu,DHARMAPURI,1997,Whole Year,Turmeric,2075,9470,4.563855422
Tamil Nadu,DHARMAPURI,1997,Whole Year,Urad,2039,920,0.451201569
Tamil Nadu,DHARMAPURI,1998,Kharif,Arhar/Tur,20371,22714,1.115016445
Tamil Nadu,DHARMAPURI,1998,Kharif,Bajra,9095,14981,1.647168774
Tamil Nadu,DHARMAPURI,1998,Kharif,Cotton(lint),18964,32671,1.722790551
Tamil Nadu,DHARMAPURI,1998,Kharif,Dry ginger,1,32,32
Tamil Nadu,DHARMAPURI,1998,Kharif,Groundnut,88007,153406,1.743111343
Tamil Nadu,DHARMAPURI,1998,Kharif,Horse-gram,65963,32322,0.490001971
Tamil Nadu,DHARMAPURI,1998,Kharif,Jowar,25194,51194,2.031991744
Tamil Nadu,DHARMAPURI,1998,Kharif,Maize,1124,1229,1.09341637
Tamil Nadu,DHARMAPURI,1998,Kharif,Moong(Green Gram),9023,4304,0.477003214
Tamil Nadu,DHARMAPURI,1998,Kharif,Pulses total,142266,72770,0.511506614
Tamil Nadu,DHARMAPURI,1998,Kharif,Ragi,81628,148820,1.823148919
Tamil Nadu,DHARMAPURI,1998,Kharif,Rice,57072,196352,3.440426128
Tamil Nadu,DHARMAPURI,1998,Kharif,Sesamum,2135,1179,0.552224824
Tamil Nadu,DHARMAPURI,1998,Kharif,Small millets,18200,6700,0.368131868
Tamil Nadu,DHARMAPURI,1998,Kharif,Sunflower,4463,3735,0.836881022
Tamil Nadu,DHARMAPURI,1998,Kharif,Total foodgrain,367554,53151,0.144607323
Tamil Nadu,DHARMAPURI,1998,Kharif,Urad,12053,5894,0.489006886
Tamil Nadu,DHARMAPURI,1998,Rabi,Gram,793,485,0.611601513
Tamil Nadu,DHARMAPURI,1998,Whole Year,Banana,621,46561,74.97745572
Tamil Nadu,DHARMAPURI,1998,Whole Year,Black pepper,17,3,0.176470588
Tamil Nadu,DHARMAPURI,1998,Whole Year,Cardamom,324,24,0.074074074
Tamil Nadu,DHARMAPURI,1998,Whole Year,Castor seed,14455,4351,0.301003113
Tamil Nadu,DHARMAPURI,1998,Whole Year,Coriander,1739,562,0.323174238
Tamil Nadu,DHARMAPURI,1998,Whole Year,Dry chillies,738,462,0.62601626
Tamil Nadu,DHARMAPURI,1998,Whole Year,Garlic,755,3775,5
Tamil Nadu,DHARMAPURI,1998,Whole Year,Onion,931,7253,7.790547798
Tamil Nadu,DHARMAPURI,1998,Whole Year,Potato,184,4749,25.80978261
Tamil Nadu,DHARMAPURI,1998,Whole Year,Rapeseed &Mustard,374,92,0.245989305
Tamil Nadu,DHARMAPURI,1998,Whole Year,Sannhamp,72,53,0.736111111
Tamil Nadu,DHARMAPURI,1998,Whole Year,Sugarcane,27836,2772300,99.59405087
Tamil Nadu,DHARMAPURI,1998,Whole Year,Sweet potato,131,2287,17.45801527
Tamil Nadu,DHARMAPURI,1998,Whole Year,Tapioca,16469,662169,40.20699496
Tamil Nadu,DHARMAPURI,1998,Whole Year,Turmeric,2587,11804,4.56281407
Tamil Nadu,DHARMAPURI,1999,Kharif,Arhar/Tur,17041,14807,0.868904407
Tamil Nadu,DHARMAPURI,1999,Kharif,Bajra,7917,18416,2.326133636
Tamil Nadu,DHARMAPURI,1999,Kharif,Castor seed,5248,1803,0.343559451
Tamil Nadu,DHARMAPURI,1999,Kharif,Cotton(lint),13721,27047,1.971212011
Tamil Nadu,DHARMAPURI,1999,Kharif,Groundnut,75637,127907,1.691063897
Tamil Nadu,DHARMAPURI,1999,Kharif,Horse-gram,71795,31803,0.442969566
Tamil Nadu,DHARMAPURI,1999,Kharif,Jowar,24658,38935,1.57900073
Tamil Nadu,DHARMAPURI,1999,Kharif,Korra,342,125,0.365497076
Tamil Nadu,DHARMAPURI,1999,Kharif,Maize,1129,1239,1.097431355
Tamil Nadu,DHARMAPURI,1999,Kharif,Moong(Green Gram),8728,4739,0.54296517
Tamil Nadu,DHARMAPURI,1999,Kharif,Ragi,86751,154835,1.784820924
Tamil Nadu,DHARMAPURI,1999,Kharif,Rice,60472,201243,3.32787075
Tamil Nadu,DHARMAPURI,1999,Kharif,Sesamum,6932,3514,0.506924409
Tamil Nadu,DHARMAPURI,1999,Kharif,Sunflower,3868,3538,0.914684592
Tamil Nadu,DHARMAPURI,1999,Kharif,Urad,12622,6538,0.517984472
Tamil Nadu,DHARMAPURI,1999,Kharif,Varagu,343,253,0.737609329
Tamil Nadu,DHARMAPURI,1999,Rabi,Gram,622,124,0.199356913
Tamil Nadu,DHARMAPURI,1999,Rabi,Rapeseed &Mustard,403,99,0.245657568
Tamil Nadu,DHARMAPURI,1999,Rabi,Samai,40014,33456,0.836107362
Tamil Nadu,DHARMAPURI,1999,Whole Year,Banana,1354,53114,39.22747415
Tamil Nadu,DHARMAPURI,1999,Whole Year,Black pepper,1,,
Tamil Nadu,DHARMAPURI,1999,Whole Year,Coriander,1525,512,0.335737705
Tamil Nadu,DHARMAPURI,1999,Whole Year,Dry chillies,1532,1219,0.795691906
Tamil Nadu,DHARMAPURI,1999,Whole Year,Guar seed,25826,224821,8.705219546
Tamil Nadu,DHARMAPURI,1999,Whole Year,Onion,1132,9152,8.084805654
Tamil Nadu,DHARMAPURI,1999,Whole Year,Potato,522,12973,24.85249042
Tamil Nadu,DHARMAPURI,1999,Whole Year,Sannhamp,217,160,0.737327189
Tamil Nadu,DHARMAPURI,1999,Whole Year,Sugarcane,25826,2311813,89.51494618
Tamil Nadu,DHARMAPURI,1999,Whole Year,Sweet potato,33,400,12.12121212
Tamil Nadu,DHARMAPURI,1999,Whole Year,Tapioca,22781,828484,36.36732365
Tamil Nadu,DHARMAPURI,1999,Whole Year,Turmeric,3483,17399,4.995406259
Tamil Nadu,DHARMAPURI,2000,Kharif,Arhar/Tur,13983,12150,0.868912251
Tamil Nadu,DHARMAPURI,2000,Kharif,Bajra,6496,14992,2.307881773
Tamil Nadu,DHARMAPURI,2000,Kharif,Castor seed,7355,2528,0.343711761
Tamil Nadu,DHARMAPURI,2000,Kharif,Cotton(lint),12364,24358,1.97007441
Tamil Nadu,DHARMAPURI,2000,Kharif,Groundnut,54365,94996,1.74737423
Tamil Nadu,DHARMAPURI,2000,Kharif,Horse-gram,93837,41945,0.446998519
Tamil Nadu,DHARMAPURI,2000,Kharif,Jowar,19579,36559,1.867255733
Tamil Nadu,DHARMAPURI,2000,Kharif,Maize,1259,1381,1.096902303
Tamil Nadu,DHARMAPURI,2000,Kharif,Moong(Green Gram),6637,3099,0.466927829
Tamil Nadu,DHARMAPURI,2000,Kharif,Other Cereals & Millets,48593,40573,0.834955652
Tamil Nadu,DHARMAPURI,2000,Kharif,Other Kharif pulses,36259,7564,0.208610276
Tamil Nadu,DHARMAPURI,2000,Kharif,Ragi,89722,162669,1.813033593
Tamil Nadu,DHARMAPURI,2000,Kharif,Rice,61608,227438,3.691695884
Tamil Nadu,DHARMAPURI,2000,Kharif,Sesamum,5525,3416,0.618280543
Tamil Nadu,DHARMAPURI,2000,Kharif,Sunflower,745,677,0.908724832
Tamil Nadu,DHARMAPURI,2000,Kharif,Urad,12902,6683,0.517981708
Tamil Nadu,DHARMAPURI,2000,Rabi,Gram,511,102,0.199608611
Tamil Nadu,DHARMAPURI,2000,Rabi,Rapeseed &Mustard,552,136,0.246376812
Tamil Nadu,DHARMAPURI,2000,Whole Year,Banana,1615,63352,39.22724458
Tamil Nadu,DHARMAPURI,2000,Whole Year,Cashewnut,2,1,0.5
Tamil Nadu,DHARMAPURI,2000,Whole Year,Coriander,1466,493,0.336289222
Tamil Nadu,DHARMAPURI,2000,Whole Year,Dry chillies,1214,1062,0.874794069
Tamil Nadu,DHARMAPURI,2000,Whole Year,Onion,1488,12030,8.084677419
Tamil Nadu,DHARMAPURI,2000,Whole Year,Potato,326,8238,25.26993865
Tamil Nadu,DHARMAPURI,2000,Whole Year,Sannhamp,369,269,0.72899729
Tamil Nadu,DHARMAPURI,2000,Whole Year,Sugarcane,25355,2269651,89.51492802
Tamil Nadu,DHARMAPURI,2000,Whole Year,Sweet potato,55,667,12.12727273
Tamil Nadu,DHARMAPURI,2000,Whole Year,Tapioca,18014,655121,36.36732541
Tamil Nadu,DHARMAPURI,2000,Whole Year,Tobacco,29,39,1.344827586
Tamil Nadu,DHARMAPURI,2000,Whole Year,Turmeric,3271,13451,4.112198105
Tamil Nadu,DHARMAPURI,2001,Kharif,Arhar/Tur,12743,7870,0.617593973
Tamil Nadu,DHARMAPURI,2001,Kharif,Bajra,3385,5100,1.506646972
Tamil Nadu,DHARMAPURI,2001,Kharif,Cotton(lint),12587,18550,1.47374275
Tamil Nadu,DHARMAPURI,2001,Kharif,Groundnut,49906,86140,1.726044965
Tamil Nadu,DHARMAPURI,2001,Kharif,Jowar,15029,13920,0.926209329
Tamil Nadu,DHARMAPURI,2001,Kharif,Moong(Green Gram),3606,1490,0.413200222
Tamil Nadu,DHARMAPURI,2001,Kharif,Ragi,74452,117590,1.579406866
Tamil Nadu,DHARMAPURI,2001,Kharif,Rice,54334,189510,3.487871314
Tamil Nadu,DHARMAPURI,2001,Kharif,Sesamum,3061,880,0.287487749
Tamil Nadu,DHARMAPURI,2001,Kharif,Sunflower,512,350,0.68359375
Tamil Nadu,DHARMAPURI,2001,Kharif,Urad,7010,2750,0.392296719
Tamil Nadu,DHARMAPURI,2001,Whole Year,Sugarcane,22942,1923400,83.83750327
Tamil Nadu,DHARMAPURI,2002,Kharif,Arhar/Tur,8862,3626,0.409162717
Tamil Nadu,DHARMAPURI,2002,Kharif,Bajra,3281,3797,1.157269125
Tamil Nadu,DHARMAPURI,2002,Kharif,Castor seed,3187,1091,0.342328208
Tamil Nadu,DHARMAPURI,2002,Kharif,Cotton(lint),3325,2335,0.702255639
Tamil Nadu,DHARMAPURI,2002,Kharif,Groundnut,20419,24413,1.195602135
Tamil Nadu,DHARMAPURI,2002,Kharif,Horse-gram,37944,10082,0.265707358
Tamil Nadu,DHARMAPURI,2002,Kharif,Jowar,12211,11313,0.926459749
Tamil Nadu,DHARMAPURI,2002,Kharif,Korra,10,4,0.4
Tamil Nadu,DHARMAPURI,2002,Kharif,Maize,1020,1122,1.1
Tamil Nadu,DHARMAPURI,2002,Kharif,Moong(Green Gram),5377,2290,0.425888042
Tamil Nadu,DHARMAPURI,2002,Kharif,Other Kharif pulses,28015,5849,0.20878101
Tamil Nadu,DHARMAPURI,2002,Kharif,Ragi,67187,78871,1.17390269
Tamil Nadu,DHARMAPURI,2002,Kharif,Rice,30152,77596,2.573494296
Tamil Nadu,DHARMAPURI,2002,Kharif,Samai,34400,26238,0.762732558
Tamil Nadu,DHARMAPURI,2002,Kharif,Sesamum,3395,767,0.225920471
Tamil Nadu,DHARMAPURI,2002,Kharif,Sunflower,530,265,0.5
Tamil Nadu,DHARMAPURI,2002,Kharif,Urad,8550,3411,0.398947368
Tamil Nadu,DHARMAPURI,2002,Kharif,Varagu,25,28,1.12
Tamil Nadu,DHARMAPURI,2002,Rabi,Gram,442,55,0.124434389
Tamil Nadu,DHARMAPURI,2002,Rabi,Rapeseed &Mustard,474,117,0.246835443
Tamil Nadu,DHARMAPURI,2002,Whole Year,Arecanut,203,,
Tamil Nadu,DHARMAPURI,2002,Whole Year,Ash Gourd,12,0,0
Tamil Nadu,DHARMAPURI,2002,Whole Year,Banana,1142,42200,36.95271454
Tamil Nadu,DHARMAPURI,2002,Whole Year,Beans & Mutter(Vegetable),843,0,0
Tamil Nadu,DHARMAPURI,2002,Whole Year,Beet Root,166,0,0
Tamil Nadu,DHARMAPURI,2002,Whole Year,Bhindi,598,4455,7.449832776
Tamil Nadu,DHARMAPURI,2002,Whole Year,Bitter Gourd,26,0,0
Tamil Nadu,DHARMAPURI,2002,Whole Year,Bottle Gourd,7,0,0
Tamil Nadu,DHARMAPURI,2002,Whole Year,Brinjal,590,4499,7.625423729
Tamil Nadu,DHARMAPURI,2002,Whole Year,Cabbage,1113,58583,52.63522013
Tamil Nadu,DHARMAPURI,2002,Whole Year,Carrot,115,0,0
Tamil Nadu,DHARMAPURI,2002,Whole Year,Cashewnut,16,5,0.3125
Tamil Nadu,DHARMAPURI,2002,Whole Year,Cauliflower,195,0,0
Tamil Nadu,DHARMAPURI,2002,Whole Year,Citrus Fruit,91,101,1.10989011
Tamil Nadu,DHARMAPURI,2002,Whole Year,Coconut,20229,155900,7.706757625
Tamil Nadu,DHARMAPURI,2002,Whole Year,Coriander,808,150,0.185643564
Tamil Nadu,DHARMAPURI,2002,Whole Year,Cucumber,145,0,0
Tamil Nadu,DHARMAPURI,2002,Whole Year,Drum Stick,29,0,0
Tamil Nadu,DHARMAPURI,2002,Whole Year,Dry chillies,703,646,0.918918919
Tamil Nadu,DHARMAPURI,2002,Whole Year,Dry ginger,1,16,16
Tamil Nadu,DHARMAPURI,2002,Whole Year,Grapes,119,2019,16.96638655
Tamil Nadu,DHARMAPURI,2002,Whole Year,Jack Fruit,38,430,11.31578947
Tamil Nadu,DHARMAPURI,2002,Whole Year,Lab-Lab,48,0,0
Tamil Nadu,DHARMAPURI,2002,Whole Year,Mango,36523,353860,9.688689319
Tamil Nadu,DHARMAPURI,2002,Whole Year,Onion,352,2977,8.457386364
Tamil Nadu,DHARMAPURI,2002,Whole Year,Orange,1,2,2
Tamil Nadu,DHARMAPURI,2002,Whole Year,Other Citrus Fruit,17,0,0
Tamil Nadu,DHARMAPURI,2002,Whole Year,Other Fresh Fruits,405,0,0
Tamil Nadu,DHARMAPURI,2002,Whole Year,Other Vegetables,311,0,0
Tamil Nadu,DHARMAPURI,2002,Whole Year,Papaya,89,0,0
Tamil Nadu,DHARMAPURI,2002,Whole Year,Pineapple,1,31,31
Tamil Nadu,DHARMAPURI,2002,Whole Year,Pome Fruit,504,2637,5.232142857
Tamil Nadu,DHARMAPURI,2002,Whole Year,Pome Granet,53,0,0
Tamil Nadu,DHARMAPURI,2002,Whole Year,Potato,277,5832,21.05415162
Tamil Nadu,DHARMAPURI,2002,Whole Year,Pump Kin,26,0,0
Tamil Nadu,DHARMAPURI,2002,Whole Year,Redish,434,0,0
Tamil Nadu,DHARMAPURI,2002,Whole Year,Ribed Guard,11,0,0
Tamil Nadu,DHARMAPURI,2002,Whole Year,Snak Guard,13,0,0
Tamil Nadu,DHARMAPURI,2002,Whole Year,Sugarcane,16049,1114260,69.42862484
Tamil Nadu,DHARMAPURI,2002,Whole Year,Sweet potato,27,369,13.66666667
Tamil Nadu,DHARMAPURI,2002,Whole Year,Tapioca,14712,305811,20.78650082
Tamil Nadu,DHARMAPURI,2002,Whole Year,Tobacco,625,933,1.4928
Tamil Nadu,DHARMAPURI,2002,Whole Year,Tomato,5294,101955,19.25859464
Tamil Nadu,DHARMAPURI,2002,Whole Year,Turmeric,1921,4240,2.207183758
Tamil Nadu,DHARMAPURI,2002,Whole Year,Water Melon,18,0,0
Tamil Nadu,DHARMAPURI,2002,Whole Year,Yam,1,0,0
Tamil Nadu,DHARMAPURI,2003,Kharif,Arhar/Tur,3742,1381,0.369053982
Tamil Nadu,DHARMAPURI,2003,Kharif,Bajra,965,1116,1.156476684
Tamil Nadu,DHARMAPURI,2003,Kharif,Castor seed,577,198,0.343154246
Tamil Nadu,DHARMAPURI,2003,Kharif,Cotton(lint),6031,7148,1.18520975
Tamil Nadu,DHARMAPURI,2003,Kharif,Groundnut,21661,29153,1.345875075
Tamil Nadu,DHARMAPURI,2003,Kharif,Horse-gram,30282,7897,0.260781983
Tamil Nadu,DHARMAPURI,2003,Kharif,Jowar,34264,22249,0.649340416
Tamil Nadu,DHARMAPURI,2003,Kharif,Korra,9,4,0.444444444
Tamil Nadu,DHARMAPURI,2003,Kharif,Maize,209,230,1.100478469
Tamil Nadu,DHARMAPURI,2003,Kharif,Moong(Green Gram),1424,604,0.424157303
Tamil Nadu,DHARMAPURI,2003,Kharif,Other Kharif pulses,15816,3302,0.208775923
Tamil Nadu,DHARMAPURI,2003,Kharif,Ragi,73175,98495,1.346019816
Tamil Nadu,DHARMAPURI,2003,Kharif,Rice,15997,38810,2.42607989
Tamil Nadu,DHARMAPURI,2003,Kharif,Sesamum,609,95,0.155993432
Tamil Nadu,DHARMAPURI,2003,Kharif,Small millets,25066,9668,0.385701747
Tamil Nadu,DHARMAPURI,2003,Kharif,Sunflower,183,122,0.666666667
Tamil Nadu,DHARMAPURI,2003,Kharif,Urad,2976,1216,0.408602151
Tamil Nadu,DHARMAPURI,2003,Rabi,Gram,566,78,0.137809187
Tamil Nadu,DHARMAPURI,2003,Rabi,Rapeseed &Mustard,285,70,0.245614035
Tamil Nadu,DHARMAPURI,2003,Whole Year,Arecanut,308,,
Tamil Nadu,DHARMAPURI,2003,Whole Year,Ash Gourd,6,0,0
Tamil Nadu,DHARMAPURI,2003,Whole Year,Banana,385,13619,35.37402597
Tamil Nadu,DHARMAPURI,2003,Whole Year,Beans & Mutter(Vegetable),32,0,0
Tamil Nadu,DHARMAPURI,2003,Whole Year,Beet Root,1,0,0
Tamil Nadu,DHARMAPURI,2003,Whole Year,Bhindi,113,791,7
Tamil Nadu,DHARMAPURI,2003,Whole Year,Bitter Gourd,5,0,0
Tamil Nadu,DHARMAPURI,2003,Whole Year,Bottle Gourd,1,0,0
Tamil Nadu,DHARMAPURI,2003,Whole Year,Brinjal,162,2460,15.18518519
Tamil Nadu,DHARMAPURI,2003,Whole Year,Cabbage,1,49,49
Tamil Nadu,DHARMAPURI,2003,Whole Year,Cashewnut,2,1,0.5
Tamil Nadu,DHARMAPURI,2003,Whole Year,Citrus Fruit,22,23,1.045454545
Tamil Nadu,DHARMAPURI,2003,Whole Year,Coconut,21461,109900,5.120917012
Tamil Nadu,DHARMAPURI,2003,Whole Year,Coriander,365,106,0.290410959
Tamil Nadu,DHARMAPURI,2003,Whole Year,Cucumber,14,0,0
Tamil Nadu,DHARMAPURI,2003,Whole Year,Drum Stick,12,0,0
Tamil Nadu,DHARMAPURI,2003,Whole Year,Dry chillies,271,777,2.867158672
Tamil Nadu,DHARMAPURI,2003,Whole Year,Grapes,2,33,16.5
Tamil Nadu,DHARMAPURI,2003,Whole Year,Jack Fruit,36,348,9.666666667
Tamil Nadu,DHARMAPURI,2003,Whole Year,Lab-Lab,24,0,0
Tamil Nadu,DHARMAPURI,2003,Whole Year,Mango,5177,37742,7.290322581
Tamil Nadu,DHARMAPURI,2003,Whole Year,Onion,298,2684,9.006711409
Tamil Nadu,DHARMAPURI,2003,Whole Year,Other Citrus Fruit,20,0,0
Tamil Nadu,DHARMAPURI,2003,Whole Year,Other Fresh Fruits,182,0,0
Tamil Nadu,DHARMAPURI,2003,Whole Year,Other Vegetables,60,0,0
Tamil Nadu,DHARMAPURI,2003,Whole Year,Pome Fruit,171,1201,7.023391813
Tamil Nadu,DHARMAPURI,2003,Whole Year,Pome Granet,19,0,0
Tamil Nadu,DHARMAPURI,2003,Whole Year,Pump Kin,5,0,0
Tamil Nadu,DHARMAPURI,2003,Whole Year,Redish,20,0,0
Tamil Nadu,DHARMAPURI,2003,Whole Year,Ribed Guard,1,0,0
Tamil Nadu,DHARMAPURI,2003,Whole Year,Snak Guard,3,0,0
Tamil Nadu,DHARMAPURI,2003,Whole Year,Sugarcane,5560,342368,61.57697842
Tamil Nadu,DHARMAPURI,2003,Whole Year,Sweet potato,1,14,14
Tamil Nadu,DHARMAPURI,2003,Whole Year,Tapioca,16274,330953,20.33630331
Tamil Nadu,DHARMAPURI,2003,Whole Year,Tomato,2640,34843,13.19810606
Tamil Nadu,DHARMAPURI,2003,Whole Year,Turmeric,1659,4114,2.479807113
Tamil Nadu,DHARMAPURI,2003,Whole Year,Water Melon,8,0,0
Tamil Nadu,DHARMAPURI,2004,Kharif,Arhar/Tur,2488,1714,0.688906752
Tamil Nadu,DHARMAPURI,2004,Kharif,Bajra,1807,2046,1.13226342
Tamil Nadu,DHARMAPURI,2004,Kharif,Castor seed,149,51,0.342281879
Tamil Nadu,DHARMAPURI,2004,Kharif,Cotton(lint),7260,10699,1.47369146
Tamil Nadu,DHARMAPURI,2004,Kharif,Groundnut,15211,24621,1.618631254
Tamil Nadu,DHARMAPURI,2004,Kharif,Horse-gram,13752,4490,0.326497964
Tamil Nadu,DHARMAPURI,2004,Kharif,Jowar,21473,24999,1.164206212
Tamil Nadu,DHARMAPURI,2004,Kharif,Maize,202,223,1.103960396
Tamil Nadu,DHARMAPURI,2004,Kharif,Moong(Green Gram),1080,472,0.437037037
Tamil Nadu,DHARMAPURI,2004,Kharif,Other Kharif pulses,6809,1422,0.20884124
Tamil Nadu,DHARMAPURI,2004,Kharif,Ragi,17798,25796,1.449376334
Tamil Nadu,DHARMAPURI,2004,Kharif,Rice,13915,38568,2.771685232
Tamil Nadu,DHARMAPURI,2004,Kharif,Sesamum,363,163,0.449035813
Tamil Nadu,DHARMAPURI,2004,Kharif,Small millets,21591,18699,0.866055301
Tamil Nadu,DHARMAPURI,2004,Kharif,Sunflower,600,306,0.51
Tamil Nadu,DHARMAPURI,2004,Kharif,Urad,1706,1180,0.691676436
Tamil Nadu,DHARMAPURI,2004,Rabi,Gram,756,110,0.145502646
Tamil Nadu,DHARMAPURI,2004,Rabi,Rapeseed &Mustard,5,1,0.2
Tamil Nadu,DHARMAPURI,2004,Whole Year,Arecanut,308,393,1.275974026
Tamil Nadu,DHARMAPURI,2004,Whole Year,Banana,468,19879,42.47649573
Tamil Nadu,DHARMAPURI,2004,Whole Year,Cashewnut,1,,
Tamil Nadu,DHARMAPURI,2004,Whole Year,Coconut,9131,114800,12.57255503
Tamil Nadu,DHARMAPURI,2004,Whole Year,Coriander,539,234,0.434137291
Tamil Nadu,DHARMAPURI,2004,Whole Year,Dry chillies,742,480,0.64690027
Tamil Nadu,DHARMAPURI,2004,Whole Year,Onion,141,1364,9.673758865
Tamil Nadu,DHARMAPURI,2004,Whole Year,Sugarcane,9819,783163,79.75995519
Tamil Nadu,DHARMAPURI,2004,Whole Year,Sweet potato,5,76,15.2
Tamil Nadu,DHARMAPURI,2004,Whole Year,Tapioca,22029,1095224,49.71737255
Tamil Nadu,DHARMAPURI,2004,Whole Year,Turmeric,2522,7914,3.137985726
Tamil Nadu,DHARMAPURI,2005,Kharif,Arhar/Tur,1465,806,0.550170648
Tamil Nadu,DHARMAPURI,2005,Kharif,Bajra,1080,1391,1.287962963
Tamil Nadu,DHARMAPURI,2005,Kharif,Castor seed,162,56,0.345679012
Tamil Nadu,DHARMAPURI,2005,Kharif,Cotton(lint),6580,11325,1.72112462
Tamil Nadu,DHARMAPURI,2005,Kharif,Groundnut,17405,32380,1.860384947
Tamil Nadu,DHARMAPURI,2005,Kharif,Horse-gram,14703,7650,0.520301979
Tamil Nadu,DHARMAPURI,2005,Kharif,Jowar,12470,11527,0.924378508
Tamil Nadu,DHARMAPURI,2005,Kharif,Maize,192,,
Tamil Nadu,DHARMAPURI,2005,Kharif,Moong(Green Gram),279,110,0.394265233
Tamil Nadu,DHARMAPURI,2005,Kharif,Other Kharif pulses,6676,3339,0.50014979
Tamil Nadu,DHARMAPURI,2005,Kharif,Ragi,20532,29554,1.43941165
Tamil Nadu,DHARMAPURI,2005,Kharif,Rice,29023,85390,2.94214933
Tamil Nadu,DHARMAPURI,2005,Kharif,Sesamum,167,52,0.311377246
Tamil Nadu,DHARMAPURI,2005,Kharif,Small millets,13231,10604,0.801451137
Tamil Nadu,DHARMAPURI,2005,Kharif,Sunflower,357,208,0.582633053
Tamil Nadu,DHARMAPURI,2005,Kharif,Urad,991,693,0.699293643
Tamil Nadu,DHARMAPURI,2005,Rabi,Gram,24,4,0.166666667
Tamil Nadu,DHARMAPURI,2005,Rabi,Rapeseed &Mustard,15,4,0.266666667
Tamil Nadu,DHARMAPURI,2005,Whole Year,Arecanut,308,471,1.529220779
Tamil Nadu,DHARMAPURI,2005,Whole Year,Banana,628,30838,49.10509554
Tamil Nadu,DHARMAPURI,2005,Whole Year,Cashewnut,1,,
Tamil Nadu,DHARMAPURI,2005,Whole Year,Coconut,9131,1686,0.184645712
Tamil Nadu,DHARMAPURI,2005,Whole Year,Coriander,338,103,0.304733728
Tamil Nadu,DHARMAPURI,2005,Whole Year,Dry chillies,311,202,0.649517685
Tamil Nadu,DHARMAPURI,2005,Whole Year,Onion,155,1242,8.012903226
Tamil Nadu,DHARMAPURI,2005,Whole Year,Sugarcane,14600,1261820,86.4260274
Tamil Nadu,DHARMAPURI,2005,Whole Year,Sweet potato,200,4171,20.855
Tamil Nadu,DHARMAPURI,2005,Whole Year,Tapioca,24067,962448,39.99036024
Tamil Nadu,DHARMAPURI,2005,Whole Year,Tobacco,24,26,1.083333333
Tamil Nadu,DHARMAPURI,2005,Whole Year,Turmeric,3073,7446,2.423039375
Tamil Nadu,DHARMAPURI,2006,Kharif,Rice,21062,76072,3.611812743
Tamil Nadu,DHARMAPURI,2006,Kharif,Small millets,12101,15325,1.266424262
Tamil Nadu,DHARMAPURI,2006,Whole Year,Arecanut,337,1018,3.020771513
Tamil Nadu,DHARMAPURI,2006,Whole Year,Arhar/Tur,1412,1313,0.929886686
Tamil Nadu,DHARMAPURI,2006,Whole Year,Bajra,912,1572,1.723684211
Tamil Nadu,DHARMAPURI,2006,Whole Year,Banana,1141,61139,53.58369851
Tamil Nadu,DHARMAPURI,2006,Whole Year,Cashewnut,1,1,1
Tamil Nadu,DHARMAPURI,2006,Whole Year,Castor seed,194,67,0.345360825
Tamil Nadu,DHARMAPURI,2006,Whole Year,Coconut,9781,2096,0.214293017
Tamil Nadu,DHARMAPURI,2006,Whole Year,Coriander,329,107,0.325227964
Tamil Nadu,DHARMAPURI,2006,Whole Year,Cotton(lint),5260,13315,2.531368821
Tamil Nadu,DHARMAPURI,2006,Whole Year,Dry chillies,556,387,0.696043165
Tamil Nadu,DHARMAPURI,2006,Whole Year,Garlic,1,6,6
Tamil Nadu,DHARMAPURI,2006,Whole Year,Gram,460,63,0.136956522
Tamil Nadu,DHARMAPURI,2006,Whole Year,Groundnut,14164,27546,1.944789607
Tamil Nadu,DHARMAPURI,2006,Whole Year,Horse-gram,10180,9213,0.905009823
Tamil Nadu,DHARMAPURI,2006,Whole Year,Jowar,14114,25318,1.793821737
Tamil Nadu,DHARMAPURI,2006,Whole Year,Maize,258,1308,5.069767442
Tamil Nadu,DHARMAPURI,2006,Whole Year,Moong(Green Gram),357,200,0.56022409
Tamil Nadu,DHARMAPURI,2006,Whole Year,Onion,188,1641,8.728723404
Tamil Nadu,DHARMAPURI,2006,Whole Year,Ragi,18232,37470,2.05517771
Tamil Nadu,DHARMAPURI,2006,Whole Year,Rapeseed &Mustard,28,7,0.25
Tamil Nadu,DHARMAPURI,2006,Whole Year,Sesamum,205,46,0.224390244
Tamil Nadu,DHARMAPURI,2006,Whole Year,Sugarcane,19331,2015895,104.2830169
Tamil Nadu,DHARMAPURI,2006,Whole Year,Sunflower,799,1677,2.098873592
Tamil Nadu,DHARMAPURI,2006,Whole Year,Sweet potato,8,134,16.75
Tamil Nadu,DHARMAPURI,2006,Whole Year,Tapioca,29091,932824,32.06572479
Tamil Nadu,DHARMAPURI,2006,Whole Year,Tobacco,26,28,1.076923077
Tamil Nadu,DHARMAPURI,2006,Whole Year,Turmeric,3690,14769,4.002439024
Tamil Nadu,DHARMAPURI,2006,Whole Year,Urad,1465,1243,0.848464164
Tamil Nadu,DHARMAPURI,2007,Kharif,Rice,18801,70395,3.744215733
Tamil Nadu,DHARMAPURI,2007,Kharif,Small millets,12015,14039,1.168456097
Tamil Nadu,DHARMAPURI,2007,Whole Year,Arecanut,336,903,2.6875
Tamil Nadu,DHARMAPURI,2007,Whole Year,Arhar/Tur,1179,1247,1.057675997
Tamil Nadu,DHARMAPURI,2007,Whole Year,Bajra,871,1395,1.601607348
Tamil Nadu,DHARMAPURI,2007,Whole Year,Banana,1313,62684,47.74105103
Tamil Nadu,DHARMAPURI,2007,Whole Year,Black pepper,1,,
Tamil Nadu,DHARMAPURI,2007,Whole Year,Cashewnut,7,4,0.571428571
Tamil Nadu,DHARMAPURI,2007,Whole Year,Castor seed,77,26,0.337662338
Tamil Nadu,DHARMAPURI,2007,Whole Year,Coconut,8696,1651,0.189857406
Tamil Nadu,DHARMAPURI,2007,Whole Year,Coriander,257,99,0.385214008
Tamil Nadu,DHARMAPURI,2007,Whole Year,Cotton(lint),4888,10797,2.208878887
Tamil Nadu,DHARMAPURI,2007,Whole Year,Dry chillies,547,277,0.506398537
Tamil Nadu,DHARMAPURI,2007,Whole Year,Gram,270,39,0.144444444
Tamil Nadu,DHARMAPURI,2007,Whole Year,Groundnut,13910,31745,2.2821711
Tamil Nadu,DHARMAPURI,2007,Whole Year,Horse-gram,8095,5640,0.696726374
Tamil Nadu,DHARMAPURI,2007,Whole Year,Jowar,17170,22624,1.317647059
Tamil Nadu,DHARMAPURI,2007,Whole Year,Maize,307,1540,5.016286645
Tamil Nadu,DHARMAPURI,2007,Whole Year,Moong(Green Gram),297,211,0.71043771
Tamil Nadu,DHARMAPURI,2007,Whole Year,Onion,122,1175,9.631147541
Tamil Nadu,DHARMAPURI,2007,Whole Year,Potato,1,17,17
Tamil Nadu,DHARMAPURI,2007,Whole Year,Ragi,17039,37993,2.229767005
Tamil Nadu,DHARMAPURI,2007,Whole Year,Rapeseed &Mustard,11,3,0.272727273
Tamil Nadu,DHARMAPURI,2007,Whole Year,Sesamum,243,62,0.255144033
Tamil Nadu,DHARMAPURI,2007,Whole Year,Small millets,12015,14039,1.168456097
Tamil Nadu,DHARMAPURI,2007,Whole Year,Sugarcane,17294,1863117,107.731988
Tamil Nadu,DHARMAPURI,2007,Whole Year,Sunflower,1784,2310,1.294843049
Tamil Nadu,DHARMAPURI,2007,Whole Year,Sweet potato,324,4423,13.65123457
Tamil Nadu,DHARMAPURI,2007,Whole Year,Tapioca,26585,1215185,45.70942261
Tamil Nadu,DHARMAPURI,2007,Whole Year,Tobacco,31,34,1.096774194
Tamil Nadu,DHARMAPURI,2007,Whole Year,Turmeric,3377,10296,3.048859935
Tamil Nadu,DHARMAPURI,2007,Whole Year,Urad,1428,371,0.259803922
Tamil Nadu,DHARMAPURI,2008,Kharif,Rice,20368,77727,3.81613315
Tamil Nadu,DHARMAPURI,2008,Kharif,Small millets,10523,8283,0.787132947
Tamil Nadu,DHARMAPURI,2008,Whole Year,Arecanut,367,855,2.329700272
Tamil Nadu,DHARMAPURI,2008,Whole Year,Arhar/Tur,1296,828,0.638888889
Tamil Nadu,DHARMAPURI,2008,Whole Year,Bajra,561,2186,3.896613191
Tamil Nadu,DHARMAPURI,2008,Whole Year,Banana,1432,64011,44.70041899
Tamil Nadu,DHARMAPURI,2008,Whole Year,Cashewnut,1,1,1
Tamil Nadu,DHARMAPURI,2008,Whole Year,Castor seed,70,24,0.342857143
Tamil Nadu,DHARMAPURI,2008,Whole Year,Coconut,7891,1400000,177.4173109
Tamil Nadu,DHARMAPURI,2008,Whole Year,Coriander,344,117,0.340116279
Tamil Nadu,DHARMAPURI,2008,Whole Year,Cotton(lint),6087,12847,2.110563496
Tamil Nadu,DHARMAPURI,2008,Whole Year,Dry chillies,501,247,0.493013972
Tamil Nadu,DHARMAPURI,2008,Whole Year,Gram,244,36,0.147540984
Tamil Nadu,DHARMAPURI,2008,Whole Year,Groundnut,11200,26713,2.385089286
Tamil Nadu,DHARMAPURI,2008,Whole Year,Horse-gram,6701,4826,0.720191016
Tamil Nadu,DHARMAPURI,2008,Whole Year,Jowar,17383,19423,1.117356038
Tamil Nadu,DHARMAPURI,2008,Whole Year,Maize,403,2129,5.282878412
Tamil Nadu,DHARMAPURI,2008,Whole Year,Moong(Green Gram),538,122,0.226765799
Tamil Nadu,DHARMAPURI,2008,Whole Year,Onion,116,1097,9.456896552
Tamil Nadu,DHARMAPURI,2008,Whole Year,Ragi,14846,32692,2.202074633
Tamil Nadu,DHARMAPURI,2008,Whole Year,Rapeseed &Mustard,9,2,0.222222222
Tamil Nadu,DHARMAPURI,2008,Whole Year,Sesamum,372,174,0.467741935
Tamil Nadu,DHARMAPURI,2008,Whole Year,Small millets,10523,8283,0.787132947
Tamil Nadu,DHARMAPURI,2008,Whole Year,Sugarcane,16951,1599886,94.38298625
Tamil Nadu,DHARMAPURI,2008,Whole Year,Sunflower,1373,1254,0.913328478
Tamil Nadu,DHARMAPURI,2008,Whole Year,Sweet potato,61,811,13.29508197
Tamil Nadu,DHARMAPURI,2008,Whole Year,Tapioca,23189,668794,28.8410022
Tamil Nadu,DHARMAPURI,2008,Whole Year,Tobacco,34,37,1.088235294
Tamil Nadu,DHARMAPURI,2008,Whole Year,Turmeric,5021,19012,3.786496714
Tamil Nadu,DHARMAPURI,2008,Whole Year,Urad,1718,541,0.314901048
Tamil Nadu,DHARMAPURI,2009,Kharif,Rice,20310,79675,3.922944362
Tamil Nadu,DHARMAPURI,2009,Kharif,Small millets,11444,9624,0.840964698
Tamil Nadu,DHARMAPURI,2009,Whole Year,Arecanut,213,488,2.291079812
Tamil Nadu,DHARMAPURI,2009,Whole Year,Arhar/Tur,1437,883,0.6144746
Tamil Nadu,DHARMAPURI,2009,Whole Year,Bajra,867,673,0.776239908
Tamil Nadu,DHARMAPURI,2009,Whole Year,Banana,884,38009,42.99660633
Tamil Nadu,DHARMAPURI,2009,Whole Year,Black pepper,1,,
Tamil Nadu,DHARMAPURI,2009,Whole Year,Castor seed,88,30,0.340909091
Tamil Nadu,DHARMAPURI,2009,Whole Year,Coconut,6926,149400,21.57089229
Tamil Nadu,DHARMAPURI,2009,Whole Year,Coriander,48,19,0.395833333
Tamil Nadu,DHARMAPURI,2009,Whole Year,Cotton(lint),8015,14880,1.856519027
Tamil Nadu,DHARMAPURI,2009,Whole Year,Dry chillies,611,326,0.533551555
Tamil Nadu,DHARMAPURI,2009,Whole Year,Garlic,1,3,3
Tamil Nadu,DHARMAPURI,2009,Whole Year,Gram,366,171,0.467213115
Tamil Nadu,DHARMAPURI,2009,Whole Year,Groundnut,11231,20328,1.809990206
Tamil Nadu,DHARMAPURI,2009,Whole Year,Horse-gram,8630,4160,0.482039397
Tamil Nadu,DHARMAPURI,2009,Whole Year,Jowar,11605,13198,1.137268419
Tamil Nadu,DHARMAPURI,2009,Whole Year,Maize,480,2372,4.941666667
Tamil Nadu,DHARMAPURI,2009,Whole Year,Moong(Green Gram),552,190,0.344202899
Tamil Nadu,DHARMAPURI,2009,Whole Year,Onion,162,1580,9.75308642
Tamil Nadu,DHARMAPURI,2009,Whole Year,Ragi,16383,31912,1.947872795
Tamil Nadu,DHARMAPURI,2009,Whole Year,Sesamum,410,177,0.431707317
Tamil Nadu,DHARMAPURI,2009,Whole Year,Sugarcane,18642,1357964,72.84433001
Tamil Nadu,DHARMAPURI,2009,Whole Year,Sunflower,1426,2325,1.630434783
Tamil Nadu,DHARMAPURI,2009,Whole Year,Sweet potato,377,5365,14.23076923
Tamil Nadu,DHARMAPURI,2009,Whole Year,Tapioca,22779,661723,29.04969489
Tamil Nadu,DHARMAPURI,2009,Whole Year,Tobacco,37,37,1
Tamil Nadu,DHARMAPURI,2009,Whole Year,Turmeric,5159,21637,4.194029851
Tamil Nadu,DHARMAPURI,2009,Whole Year,Urad,2151,818,0.380288238
Tamil Nadu,DHARMAPURI,2010,Kharif,Arhar/Tur,1954,1679,0.85926305
Tamil Nadu,DHARMAPURI,2010,Kharif,Castor seed,287,49,0.170731707
Tamil Nadu,DHARMAPURI,2010,Kharif,Cotton(lint),7444,19187,2.57751209
Tamil Nadu,DHARMAPURI,2010,Kharif,Groundnut,9746,19768,2.02831931
Tamil Nadu,DHARMAPURI,2010,Kharif,Horse-gram,8136,5311,0.652777778
Tamil Nadu,DHARMAPURI,2010,Kharif,Maize,645,2519,3.905426357
Tamil Nadu,DHARMAPURI,2010,Kharif,Moong(Green Gram),694,435,0.626801153
Tamil Nadu,DHARMAPURI,2010,Kharif,Ragi,12508,21620,1.728493764
Tamil Nadu,DHARMAPURI,2010,Kharif,Rice,22862,93207,4.0769399
Tamil Nadu,DHARMAPURI,2010,Kharif,Sunflower,763,1005,1.317169069
Tamil Nadu,DHARMAPURI,2010,Kharif,Urad,2274,1244,0.54705365
Tamil Nadu,DHARMAPURI,2010,Rabi,Gram,425,199,0.468235294
Tamil Nadu,DHARMAPURI,2010,Whole Year,Sugarcane,18351,1611784,87.8308539
Tamil Nadu,DHARMAPURI,2011,Kharif,Bajra,1241,2743,2.210314263
Tamil Nadu,DHARMAPURI,2011,Kharif,Cotton(lint),8738,28121,3.218242161
Tamil Nadu,DHARMAPURI,2011,Kharif,Groundnut,13092,43416,3.316223648
Tamil Nadu,DHARMAPURI,2011,Kharif,Jowar,8957,12057,1.346098024
Tamil Nadu,DHARMAPURI,2011,Kharif,Maize,3615,20541,5.682157676
Tamil Nadu,DHARMAPURI,2011,Kharif,Ragi,13641,40258,2.951249908
Tamil Nadu,DHARMAPURI,2011,Kharif,Rice,27067,128226,4.737355451
Tamil Nadu,DHARMAPURI,2011,Rabi,Bajra,274,801,2.923357664
Tamil Nadu,DHARMAPURI,2011,Rabi,Cotton(lint),2290,6301,2.751528384
Tamil Nadu,DHARMAPURI,2011,Rabi,Groundnut,3977,11088,2.788031179
Tamil Nadu,DHARMAPURI,2011,Rabi,Jowar,243,404,1.66255144
Tamil Nadu,DHARMAPURI,2011,Rabi,Maize,28,186,6.642857143
Tamil Nadu,DHARMAPURI,2011,Rabi,Ragi,3559,11568,3.250351222
Tamil Nadu,DHARMAPURI,2011,Rabi,Rapeseed &Mustard,2,,
Tamil Nadu,DHARMAPURI,2011,Whole Year,Arecanut,402,1585,3.94278607
Tamil Nadu,DHARMAPURI,2011,Whole Year,Arhar/Tur,4282,3731,0.871321812
Tamil Nadu,DHARMAPURI,2011,Whole Year,Banana,838,36616,43.69451074
Tamil Nadu,DHARMAPURI,2011,Whole Year,Black pepper,5,1,0.2
Tamil Nadu,DHARMAPURI,2011,Whole Year,Castor seed,676,98,0.144970414
Tamil Nadu,DHARMAPURI,2011,Whole Year,Coconut,7836,124100000,15837.16182
Tamil Nadu,DHARMAPURI,2011,Whole Year,Coriander,205,96,0.468292683
Tamil Nadu,DHARMAPURI,2011,Whole Year,Dry chillies,497,217,0.436619718
Tamil Nadu,DHARMAPURI,2011,Whole Year,Gram,2866,1843,0.643056525
Tamil Nadu,DHARMAPURI,2011,Whole Year,Horse-gram,20217,12447,0.615669981
Tamil Nadu,DHARMAPURI,2011,Whole Year,Moong(Green Gram),1463,1032,0.705399863
Tamil Nadu,DHARMAPURI,2011,Whole Year,Onion,644,7634,11.85403727
Tamil Nadu,DHARMAPURI,2011,Whole Year,Potato,2,36,18
Tamil Nadu,DHARMAPURI,2011,Whole Year,Small millets,10816,12671,1.171505178
Tamil Nadu,DHARMAPURI,2011,Whole Year,Sugarcane,20305,2285338,112.5505048
Tamil Nadu,DHARMAPURI,2011,Whole Year,Sunflower,538,978,1.817843866
Tamil Nadu,DHARMAPURI,2011,Whole Year,Sweet potato,13,296,22.76923077
Tamil Nadu,DHARMAPURI,2011,Whole Year,Tapioca,18049,588414,32.60091972
Tamil Nadu,DHARMAPURI,2011,Whole Year,Tobacco,22,19,0.863636364
Tamil Nadu,DHARMAPURI,2011,Whole Year,Turmeric,14009,80426,5.741023628
Tamil Nadu,DHARMAPURI,2011,Whole Year,Urad,6786,4903,0.722516947
Tamil Nadu,DHARMAPURI,2012,Kharif,Arhar/Tur,4293,3559,0.829023993
Tamil Nadu,DHARMAPURI,2012,Kharif,Castor seed,963,53.16,0.055202492
Tamil Nadu,DHARMAPURI,2012,Kharif,Cotton(lint),13662,41593,3.044429805
Tamil Nadu,DHARMAPURI,2012,Kharif,Groundnut,12043,26805,2.225774309
Tamil Nadu,DHARMAPURI,2012,Kharif,Horse-gram,15684,8864,0.565161948
Tamil Nadu,DHARMAPURI,2012,Kharif,Maize,2503,8868,3.542948462
Tamil Nadu,DHARMAPURI,2012,Kharif,Moong(Green Gram),519,139,0.267822736
Tamil Nadu,DHARMAPURI,2012,Kharif,Ragi,8753,21017,2.401119616
Tamil Nadu,DHARMAPURI,2012,Kharif,Rice,12003,53669,4.471298842
Tamil Nadu,DHARMAPURI,2012,Kharif,Sunflower,122,122,1
Tamil Nadu,DHARMAPURI,2012,Kharif,Urad,2781,2048,0.736425746
Tamil Nadu,DHARMAPURI,2012,Rabi,Gram,2054,949,0.462025316
Tamil Nadu,DHARMAPURI,2012,Whole Year,Sugarcane,16102,1299947,80.73202087
Tamil Nadu,DHARMAPURI,2013,Kharif,Bajra,405,904,2.232098765
Tamil Nadu,DHARMAPURI,2013,Kharif,Castor seed,187,64,0.342245989
Tamil Nadu,DHARMAPURI,2013,Kharif,Cotton(lint),11462,33815,2.950183214
Tamil Nadu,DHARMAPURI,2013,Kharif,Groundnut,10083,25418,2.520876723
Tamil Nadu,DHARMAPURI,2013,Kharif,Horse-gram,2353,1820,0.773480663
Tamil Nadu,DHARMAPURI,2013,Kharif,Jowar,17589,18622,1.058729888
Tamil Nadu,DHARMAPURI,2013,Kharif,Maize,11967,81069,6.774379544
Tamil Nadu,DHARMAPURI,2013,Kharif,Moong(Green Gram),1801,1013,0.562465297
Tamil Nadu,DHARMAPURI,2013,Kharif,Onion,129,1500,11.62790698
Tamil Nadu,DHARMAPURI,2013,Kharif,Ragi,20268,60152,2.967831064
Tamil Nadu,DHARMAPURI,2013,Kharif,Rice,26689,132535,4.965903556
Tamil Nadu,DHARMAPURI,2013,Kharif,Sunflower,87,39,0.448275862
Tamil Nadu,DHARMAPURI,2013,Kharif,Urad,7259,4885,0.672957708
Tamil Nadu,DHARMAPURI,2013,Rabi,Bajra,67,134,2
Tamil Nadu,DHARMAPURI,2013,Rabi,Cotton(lint),1024,2641,2.579101563
Tamil Nadu,DHARMAPURI,2013,Rabi,Groundnut,3574,8180,2.288752098
Tamil Nadu,DHARMAPURI,2013,Rabi,Horse-gram,21170,16386,0.774019839
Tamil Nadu,DHARMAPURI,2013,Rabi,Jowar,187,403,2.155080214
Tamil Nadu,DHARMAPURI,2013,Rabi,Maize,1468,7343,5.002043597
Tamil Nadu,DHARMAPURI,2013,Rabi,Moong(Green Gram),103,83,0.805825243
Tamil Nadu,DHARMAPURI,2013,Rabi,Onion,24,203,8.458333333
Tamil Nadu,DHARMAPURI,2013,Rabi,Ragi,8339,34782,4.171003717
Tamil Nadu,DHARMAPURI,2013,Rabi,Rapeseed &Mustard,2,,
Tamil Nadu,DHARMAPURI,2013,Rabi,Sunflower,44,160,3.636363636
Tamil Nadu,DHARMAPURI,2013,Rabi,Urad,964,823,0.85373444
Tamil Nadu,DHARMAPURI,2013,Whole Year,Arecanut,317,682,2.151419558
Tamil Nadu,DHARMAPURI,2013,Whole Year,Arhar/Tur,10155,11044,1.087543082
Tamil Nadu,DHARMAPURI,2013,Whole Year,Banana,619,25710,41.53473344
Tamil Nadu,DHARMAPURI,2013,Whole Year,Cardamom,4,,
Tamil Nadu,DHARMAPURI,2013,Whole Year,Cashewnut,1,,
Tamil Nadu,DHARMAPURI,2013,Whole Year,Coconut,5472,35400000,6469.298246
Tamil Nadu,DHARMAPURI,2013,Whole Year,Coriander,10,3,0.3
Tamil Nadu,DHARMAPURI,2013,Whole Year,Dry chillies,273,74,0.271062271
Tamil Nadu,DHARMAPURI,2013,Whole Year,Garlic,2,1,0.5
Tamil Nadu,DHARMAPURI,2013,Whole Year,Gram,4388,2699,0.6150866
Tamil Nadu,DHARMAPURI,2013,Whole Year,Small millets,12678,13901,1.09646632
Tamil Nadu,DHARMAPURI,2013,Whole Year,Sugarcane,8433,615686,73.0091308
Tamil Nadu,DHARMAPURI,2013,Whole Year,Sweet potato,179,3779,21.11173184
Tamil Nadu,DHARMAPURI,2013,Whole Year,Tapioca,17635,409393,23.21480011
Tamil Nadu,DHARMAPURI,2013,Whole Year,Tobacco,30,35,1.166666667
Tamil Nadu,DHARMAPURI,2013,Whole Year,Turmeric,5759,10645,1.848411182
Tamil Nadu,DINDIGUL,1997,Kharif,Banana,1224,21498,17.56372549
Tamil Nadu,DINDIGUL,1997,Kharif,Horse-gram,5841,4810,0.823489129
Tamil Nadu,DINDIGUL,1997,Kharif,Onion,5199,36807,7.079630698
Tamil Nadu,DINDIGUL,1997,Kharif,Sesamum,3236,1620,0.500618047
Tamil Nadu,DINDIGUL,1997,Kharif,Small millets,1645,1390,0.844984802
Tamil Nadu,DINDIGUL,1997,Kharif,Tobacco,703,977,1.389758179
Tamil Nadu,DINDIGUL,1997,Whole Year,Arhar/Tur,2272,2150,0.946302817
Tamil Nadu,DINDIGUL,1997,Whole Year,Bajra,7888,15870,2.011916836
Tamil Nadu,DINDIGUL,1997,Whole Year,Banana,3091,55670,18.01035264
Tamil Nadu,DINDIGUL,1997,Whole Year,Black pepper,636,230,0.36163522
Tamil Nadu,DINDIGUL,1997,Whole Year,Cardamom,362,40,0.110497238
Tamil Nadu,DINDIGUL,1997,Whole Year,Cashewnut,405,250,0.617283951
Tamil Nadu,DINDIGUL,1997,Whole Year,Castor seed,345,140,0.405797101
Tamil Nadu,DINDIGUL,1997,Whole Year,Coriander,156,40,0.256410256
Tamil Nadu,DINDIGUL,1997,Whole Year,Cotton(lint),7844,24770,3.157827639
Tamil Nadu,DINDIGUL,1997,Whole Year,Dry chillies,2241,1420,0.633645694
Tamil Nadu,DINDIGUL,1997,Whole Year,Dry ginger,18,570,31.66666667
Tamil Nadu,DINDIGUL,1997,Whole Year,Garlic,822,5010,6.094890511
Tamil Nadu,DINDIGUL,1997,Whole Year,Gram,224,110,0.491071429
Tamil Nadu,DINDIGUL,1997,Whole Year,Groundnut,31997,69690,2.178016689
Tamil Nadu,DINDIGUL,1997,Whole Year,Jowar,56940,59300,1.041447137
Tamil Nadu,DINDIGUL,1997,Whole Year,Maize,25017,49310,1.971059679
Tamil Nadu,DINDIGUL,1997,Whole Year,Moong(Green Gram),5757,2060,0.357825256
Tamil Nadu,DINDIGUL,1997,Whole Year,Onion,4620,29180,6.316017316
Tamil Nadu,DINDIGUL,1997,Whole Year,Potato,2001,29730,14.85757121
Tamil Nadu,DINDIGUL,1997,Whole Year,Pulses total,38365,18350,0.478300534
Tamil Nadu,DINDIGUL,1997,Whole Year,Ragi,212,470,2.216981132
Tamil Nadu,DINDIGUL,1997,Whole Year,Rice,27589,136520,4.94834898
Tamil Nadu,DINDIGUL,1997,Whole Year,Small millets,1050,30,0.028571429
Tamil Nadu,DINDIGUL,1997,Whole Year,Sugarcane,6826,5749000,842.22092
Tamil Nadu,DINDIGUL,1997,Whole Year,Sunflower,929,1050,1.130247578
Tamil Nadu,DINDIGUL,1997,Whole Year,Sweet potato,12,180,15
Tamil Nadu,DINDIGUL,1997,Whole Year,Tapioca,361,13540,37.50692521
Tamil Nadu,DINDIGUL,1997,Whole Year,Tobacco,1460,2120,1.452054795
Tamil Nadu,DINDIGUL,1997,Whole Year,Total foodgrain,157882,281340,1.781963745
Tamil Nadu,DINDIGUL,1997,Whole Year,Turmeric,34,210,6.176470588
Tamil Nadu,DINDIGUL,1997,Whole Year,Urad,6575,5590,0.850190114
Tamil Nadu,DINDIGUL,1998,Kharif,Arhar/Tur,3707,2387,0.643916914
Tamil Nadu,DINDIGUL,1998,Kharif,Bajra,10952,26840,2.450693937
Tamil Nadu,DINDIGUL,1998,Kharif,Cotton(lint),12558,31723,2.526118809
Tamil Nadu,DINDIGUL,1998,Kharif,Dry ginger,10,317,31.7
Tamil Nadu,DINDIGUL,1998,Kharif,Groundnut,37262,90554,2.430196984
Tamil Nadu,DINDIGUL,1998,Kharif,Horse-gram,7157,3972,0.554981137
Tamil Nadu,DINDIGUL,1998,Kharif,Jowar,50088,76462,1.526553266
Tamil Nadu,DINDIGUL,1998,Kharif,Maize,21767,42903,1.971011164
Tamil Nadu,DINDIGUL,1998,Kharif,Moong(Green Gram),6196,3860,0.622982569
Tamil Nadu,DINDIGUL,1998,Kharif,Pulses total,48523,21943,0.452218536
Tamil Nadu,DINDIGUL,1998,Kharif,Ragi,635,1188,1.870866142
Tamil Nadu,DINDIGUL,1998,Kharif,Rice,27278,93305,3.420522032
Tamil Nadu,DINDIGUL,1998,Kharif,Sesamum,6566,3534,0.538227231
Tamil Nadu,DINDIGUL,1998,Kharif,Small millets,10100,3000,0.297029703
Tamil Nadu,DINDIGUL,1998,Kharif,Sunflower,827,1281,1.548972189
Tamil Nadu,DINDIGUL,1998,Kharif,Total foodgrain,163104,26566,0.162877673
Tamil Nadu,DINDIGUL,1998,Kharif,Urad,11284,7278,0.644984048
Tamil Nadu,DINDIGUL,1998,Rabi,Gram,703,473,0.672830725
Tamil Nadu,DINDIGUL,1998,Whole Year,Banana,2557,46054,18.01095033
Tamil Nadu,DINDIGUL,1998,Whole Year,Black pepper,106,38,0.358490566
Tamil Nadu,DINDIGUL,1998,Whole Year,Cashewnut,8,2,0.25
Tamil Nadu,DINDIGUL,1998,Whole Year,Castor seed,364,75,0.206043956
Tamil Nadu,DINDIGUL,1998,Whole Year,Coriander,611,135,0.220949264
Tamil Nadu,DINDIGUL,1998,Whole Year,Dry chillies,1649,1044,0.633110976
Tamil Nadu,DINDIGUL,1998,Whole Year,Onion,5639,35622,6.317077496
Tamil Nadu,DINDIGUL,1998,Whole Year,Potato,912,13548,14.85526316
Tamil Nadu,DINDIGUL,1998,Whole Year,Sugarcane,7051,886010,125.6573536
Tamil Nadu,DINDIGUL,1998,Whole Year,Sweet potato,12,208,17.33333333
Tamil Nadu,DINDIGUL,1998,Whole Year,Tapioca,133,4940,37.14285714
Tamil Nadu,DINDIGUL,1998,Whole Year,Tobacco,850,1107,1.302352941
Tamil Nadu,DINDIGUL,1998,Whole Year,Turmeric,11,67,6.090909091
Tamil Nadu,DINDIGUL,1999,Kharif,Arhar/Tur,1980,1632,0.824242424
Tamil Nadu,DINDIGUL,1999,Kharif,Bajra,9810,21724,2.214475025
Tamil Nadu,DINDIGUL,1999,Kharif,Castor seed,309,127,0.411003236
Tamil Nadu,DINDIGUL,1999,Kharif,Cotton(lint),7287,18306,2.512144916
Tamil Nadu,DINDIGUL,1999,Kharif,Dry ginger,15,335,22.33333333
Tamil Nadu,DINDIGUL,1999,Kharif,Groundnut,31033,71160,2.29304289
Tamil Nadu,DINDIGUL,1999,Kharif,Horse-gram,7404,4405,0.594948676
Tamil Nadu,DINDIGUL,1999,Kharif,Jowar,61099,83697,1.369858754
Tamil Nadu,DINDIGUL,1999,Kharif,Korra,160,45,0.28125
Tamil Nadu,DINDIGUL,1999,Kharif,Maize,40500,80317,1.983135802
Tamil Nadu,DINDIGUL,1999,Kharif,Mesta,5,23,4.6
Tamil Nadu,DINDIGUL,1999,Kharif,Moong(Green Gram),6737,4608,0.683983969
Tamil Nadu,DINDIGUL,1999,Kharif,Ragi,664,1127,1.697289157
Tamil Nadu,DINDIGUL,1999,Kharif,Rice,28437,118998,4.184618631
Tamil Nadu,DINDIGUL,1999,Kharif,Sesamum,4888,2269,0.464198036
Tamil Nadu,DINDIGUL,1999,Kharif,Sunflower,963,1214,1.260643821
Tamil Nadu,DINDIGUL,1999,Kharif,Urad,11091,7575,0.682986205
Tamil Nadu,DINDIGUL,1999,Kharif,Varagu,105,93,0.885714286
Tamil Nadu,DINDIGUL,1999,Rabi,Gram,465,239,0.513978495
Tamil Nadu,DINDIGUL,1999,Rabi,Samai,1509,1426,0.944996687
Tamil Nadu,DINDIGUL,1999,Whole Year,Banana,1224,21498,17.56372549
Tamil Nadu,DINDIGUL,1999,Whole Year,Black pepper,92,33,0.358695652
Tamil Nadu,DINDIGUL,1999,Whole Year,Cashewnut,10,3,0.3
Tamil Nadu,DINDIGUL,1999,Whole Year,Coriander,355,83,0.233802817
Tamil Nadu,DINDIGUL,1999,Whole Year,Dry chillies,2023,1079,0.533366288
Tamil Nadu,DINDIGUL,1999,Whole Year,Garlic,191,1165,6.09947644
Tamil Nadu,DINDIGUL,1999,Whole Year,Guar seed,6655,63883,9.599248685
Tamil Nadu,DINDIGUL,1999,Whole Year,Onion,5199,36807,7.079630698
Tamil Nadu,DINDIGUL,1999,Whole Year,Potato,855,11350,13.2748538
Tamil Nadu,DINDIGUL,1999,Whole Year,Sugarcane,6655,799113,120.0770849
Tamil Nadu,DINDIGUL,1999,Whole Year,Sweet potato,127,1540,12.12598425
Tamil Nadu,DINDIGUL,1999,Whole Year,Tapioca,294,10433,35.48639456
Tamil Nadu,DINDIGUL,1999,Whole Year,Tobacco,703,977,1.389758179
Tamil Nadu,DINDIGUL,1999,Whole Year,Turmeric,56,316,5.642857143
Tamil Nadu,DINDIGUL,2000,Kharif,Arhar/Tur,2969,2447,0.824183227
Tamil Nadu,DINDIGUL,2000,Kharif,Bajra,28579,60215,2.106966654
Tamil Nadu,DINDIGUL,2000,Kharif,Castor seed,645,264,0.409302326
Tamil Nadu,DINDIGUL,2000,Kharif,Cotton(lint),7502,22288,2.970941082
Tamil Nadu,DINDIGUL,2000,Kharif,Dry ginger,27,715,26.48148148
Tamil Nadu,DINDIGUL,2000,Kharif,Groundnut,29351,66845,2.277435181
Tamil Nadu,DINDIGUL,2000,Kharif,Horse-gram,5875,3304,0.562382979
Tamil Nadu,DINDIGUL,2000,Kharif,Jowar,65117,107294,1.647711043
Tamil Nadu,DINDIGUL,2000,Kharif,Maize,38561,76472,1.983143591
Tamil Nadu,DINDIGUL,2000,Kharif,Moong(Green Gram),5990,3468,0.578964942
Tamil Nadu,DINDIGUL,2000,Kharif,Other Cereals & Millets,1520,1394,0.917105263
Tamil Nadu,DINDIGUL,2000,Kharif,Other Kharif pulses,33913,6959,0.205201545
Tamil Nadu,DINDIGUL,2000,Kharif,Ragi,604,1094,1.811258278
Tamil Nadu,DINDIGUL,2000,Kharif,Rice,25246,111460,4.414956825
Tamil Nadu,DINDIGUL,2000,Kharif,Sesamum,6269,3669,0.585260807
Tamil Nadu,DINDIGUL,2000,Kharif,Sunflower,377,466,1.236074271
Tamil Nadu,DINDIGUL,2000,Kharif,Urad,13882,9481,0.682970753
Tamil Nadu,DINDIGUL,2000,Rabi,Gram,419,215,0.513126492
Tamil Nadu,DINDIGUL,2000,Whole Year,Banana,2156,37867,17.5635436
Tamil Nadu,DINDIGUL,2000,Whole Year,Black pepper,790,286,0.362025316
Tamil Nadu,DINDIGUL,2000,Whole Year,Cardamom,9,1,0.111111111
Tamil Nadu,DINDIGUL,2000,Whole Year,Cashewnut,247,95,0.384615385
Tamil Nadu,DINDIGUL,2000,Whole Year,Coriander,319,74,0.231974922
Tamil Nadu,DINDIGUL,2000,Whole Year,Dry chillies,1151,582,0.505647263
Tamil Nadu,DINDIGUL,2000,Whole Year,Garlic,335,2043,6.098507463
Tamil Nadu,DINDIGUL,2000,Whole Year,Onion,2954,20913,7.079553148
Tamil Nadu,DINDIGUL,2000,Whole Year,Potato,900,10877,12.08555556
Tamil Nadu,DINDIGUL,2000,Whole Year,Sannhamp,615,448,0.728455285
Tamil Nadu,DINDIGUL,2000,Whole Year,Sugarcane,7163,860112,120.0770627
Tamil Nadu,DINDIGUL,2000,Whole Year,Sweet potato,270,3273,12.12222222
Tamil Nadu,DINDIGUL,2000,Whole Year,Tapioca,683,24237,35.48609078
Tamil Nadu,DINDIGUL,2000,Whole Year,Tobacco,650,903,1.389230769
Tamil Nadu,DINDIGUL,2000,Whole Year,Turmeric,50,272,5.44
Tamil Nadu,DINDIGUL,2001,Kharif,Arhar/Tur,1618,1010,0.624227441
Tamil Nadu,DINDIGUL,2001,Kharif,Bajra,5043,6040,1.197699782
Tamil Nadu,DINDIGUL,2001,Kharif,Cotton(lint),4092,8910,2.177419355
Tamil Nadu,DINDIGUL,2001,Kharif,Groundnut,12476,34940,2.800577108
Tamil Nadu,DINDIGUL,2001,Kharif,Jowar,42152,57840,1.372176884
Tamil Nadu,DINDIGUL,2001,Kharif,Moong(Green Gram),2949,1750,0.593421499
Tamil Nadu,DINDIGUL,2001,Kharif,Ragi,286,550,1.923076923
Tamil Nadu,DINDIGUL,2001,Kharif,Rice,16106,76330,4.739227617
Tamil Nadu,DINDIGUL,2001,Kharif,Sesamum,1964,990,0.50407332
Tamil Nadu,DINDIGUL,2001,Kharif,Sunflower,312,440,1.41025641
Tamil Nadu,DINDIGUL,2001,Kharif,Urad,4112,2210,0.537451362
Tamil Nadu,DINDIGUL,2001,Whole Year,Sugarcane,7437,778600,104.6927525
Tamil Nadu,DINDIGUL,2002,Kharif,Arhar/Tur,1335,358,0.268164794
Tamil Nadu,DINDIGUL,2002,Kharif,Bajra,5062,5137,1.014816278
Tamil Nadu,DINDIGUL,2002,Kharif,Castor seed,52,21,0.403846154
Tamil Nadu,DINDIGUL,2002,Kharif,Cotton(lint),1859,1949,1.048413125
Tamil Nadu,DINDIGUL,2002,Kharif,Groundnut,9365,17172,1.833635878
Tamil Nadu,DINDIGUL,2002,Kharif,Horse-gram,3551,918,0.258518727
Tamil Nadu,DINDIGUL,2002,Kharif,Jowar,44456,40089,0.90176804
Tamil Nadu,DINDIGUL,2002,Kharif,Korra,25,7,0.28
Tamil Nadu,DINDIGUL,2002,Kharif,Maize,31125,61590,1.978795181
Tamil Nadu,DINDIGUL,2002,Kharif,Moong(Green Gram),3554,1020,0.287000563
Tamil Nadu,DINDIGUL,2002,Kharif,Other Kharif pulses,13840,2839,0.205130058
Tamil Nadu,DINDIGUL,2002,Kharif,Ragi,369,522,1.414634146
Tamil Nadu,DINDIGUL,2002,Kharif,Rice,15372,52709,3.428896695
Tamil Nadu,DINDIGUL,2002,Kharif,Samai,342,247,0.722222222
Tamil Nadu,DINDIGUL,2002,Kharif,Sesamum,1096,430,0.392335766
Tamil Nadu,DINDIGUL,2002,Kharif,Small millets,16,10,0.625
Tamil Nadu,DINDIGUL,2002,Kharif,Sunflower,270,348,1.288888889
Tamil Nadu,DINDIGUL,2002,Kharif,Urad,6043,2715,0.449280159
Tamil Nadu,DINDIGUL,2002,Kharif,Varagu,141,157,1.113475177
Tamil Nadu,DINDIGUL,2002,Rabi,Gram,402,203,0.504975124
Tamil Nadu,DINDIGUL,2002,Rabi,Wheat,1,0,0
Tamil Nadu,DINDIGUL,2002,Whole Year,Apple,3,0,0
Tamil Nadu,DINDIGUL,2002,Whole Year,Arecanut,32,,
Tamil Nadu,DINDIGUL,2002,Whole Year,Banana,3325,85802,25.80511278
Tamil Nadu,DINDIGUL,2002,Whole Year,Beans & Mutter(Vegetable),674,0,0
Tamil Nadu,DINDIGUL,2002,Whole Year,Beet Root,30,0,0
Tamil Nadu,DINDIGUL,2002,Whole Year,Bhindi,287,1070,3.728222997
Tamil Nadu,DINDIGUL,2002,Whole Year,Bitter Gourd,137,0,0
Tamil Nadu,DINDIGUL,2002,Whole Year,Bottle Gourd,9,0,0
Tamil Nadu,DINDIGUL,2002,Whole Year,Brinjal,641,3285,5.124804992
Tamil Nadu,DINDIGUL,2002,Whole Year,Cabbage,24,1409,58.70833333
Tamil Nadu,DINDIGUL,2002,Whole Year,Carrot,678,0,0
Tamil Nadu,DINDIGUL,2002,Whole Year,Cashewnut,601,182,0.302828619
Tamil Nadu,DINDIGUL,2002,Whole Year,Cauliflower,179,0,0
Tamil Nadu,DINDIGUL,2002,Whole Year,Citrus Fruit,2731,3028,1.108751373
Tamil Nadu,DINDIGUL,2002,Whole Year,Coconut,24277,211500,8.711949582
Tamil Nadu,DINDIGUL,2002,Whole Year,Coriander,175,33,0.188571429
Tamil Nadu,DINDIGUL,2002,Whole Year,Cucumber,43,0,0
Tamil Nadu,DINDIGUL,2002,Whole Year,Drum Stick,1309,0,0
Tamil Nadu,DINDIGUL,2002,Whole Year,Dry chillies,1203,1100,0.914380715
Tamil Nadu,DINDIGUL,2002,Whole Year,Dry ginger,2,32,16
Tamil Nadu,DINDIGUL,2002,Whole Year,Garlic,439,2677,6.097949886
Tamil Nadu,DINDIGUL,2002,Whole Year,Grapes,226,3298,14.59292035
Tamil Nadu,DINDIGUL,2002,Whole Year,Jack Fruit,279,3158,11.31899642
Tamil Nadu,DINDIGUL,2002,Whole Year,Lab-Lab,749,0,0
Tamil Nadu,DINDIGUL,2002,Whole Year,Mango,13164,32533,2.471361288
Tamil Nadu,DINDIGUL,2002,Whole Year,Onion,2367,18892,7.981411069
Tamil Nadu,DINDIGUL,2002,Whole Year,Orange,1876,2911,1.551705757
Tamil Nadu,DINDIGUL,2002,Whole Year,Other Citrus Fruit,136,0,0
Tamil Nadu,DINDIGUL,2002,Whole Year,Other Fresh Fruits,924,0,0
Tamil Nadu,DINDIGUL,2002,Whole Year,Other Vegetables,307,0,0
Tamil Nadu,DINDIGUL,2002,Whole Year,Papaya,4,0,0
Tamil Nadu,DINDIGUL,2002,Whole Year,Peach,17,0,0
Tamil Nadu,DINDIGUL,2002,Whole Year,Pear,1275,0,0
Tamil Nadu,DINDIGUL,2002,Whole Year,Pineapple,67,1937,28.91044776
Tamil Nadu,DINDIGUL,2002,Whole Year,Plums,374,0,0
Tamil Nadu,DINDIGUL,2002,Whole Year,Pome Fruit,1667,8722,5.232153569
Tamil Nadu,DINDIGUL,2002,Whole Year,Pome Granet,254,0,0
Tamil Nadu,DINDIGUL,2002,Whole Year,Potato,2745,38102,13.88051002
Tamil Nadu,DINDIGUL,2002,Whole Year,Pump Kin,11,0,0
Tamil Nadu,DINDIGUL,2002,Whole Year,Redish,39,0,0
Tamil Nadu,DINDIGUL,2002,Whole Year,Snak Guard,71,0,0
Tamil Nadu,DINDIGUL,2002,Whole Year,Sugarcane,5770,468450,81.18717504
Tamil Nadu,DINDIGUL,2002,Whole Year,Sweet potato,64,874,13.65625
Tamil Nadu,DINDIGUL,2002,Whole Year,Tapioca,205,6476,31.5902439
Tamil Nadu,DINDIGUL,2002,Whole Year,Tobacco,1853,2711,1.46303292
Tamil Nadu,DINDIGUL,2002,Whole Year,Tomato,1781,7609,4.272318922
Tamil Nadu,DINDIGUL,2002,Whole Year,Turmeric,38,142,3.736842105
Tamil Nadu,DINDIGUL,2002,Whole Year,Turnip,1,0,0
Tamil Nadu,DINDIGUL,2002,Whole Year,Water Melon,9,0,0
Tamil Nadu,DINDIGUL,2003,Kharif,Arhar/Tur,1210,787,0.650413223
Tamil Nadu,DINDIGUL,2003,Kharif,Bajra,4614,5614,1.216731686
Tamil Nadu,DINDIGUL,2003,Kharif,Castor seed,39,16,0.41025641
Tamil Nadu,DINDIGUL,2003,Kharif,Cotton(lint),2095,2694,1.285918854
Tamil Nadu,DINDIGUL,2003,Kharif,Dry ginger,5,71,14.2
Tamil Nadu,DINDIGUL,2003,Kharif,Groundnut,9461,17197,1.81767255
Tamil Nadu,DINDIGUL,2003,Kharif,Horse-gram,4630,1623,0.350539957
Tamil Nadu,DINDIGUL,2003,Kharif,Jowar,53798,48616,0.903676717
Tamil Nadu,DINDIGUL,2003,Kharif,Korra,14,4,0.285714286
Tamil Nadu,DINDIGUL,2003,Kharif,Maize,35153,69615,1.980343072
Tamil Nadu,DINDIGUL,2003,Kharif,Moong(Green Gram),4126,2378,0.576345128
Tamil Nadu,DINDIGUL,2003,Kharif,Other Kharif pulses,15265,3131,0.205109728
Tamil Nadu,DINDIGUL,2003,Kharif,Ragi,233,342,1.467811159
Tamil Nadu,DINDIGUL,2003,Kharif,Rice,11437,32378,2.830987147
Tamil Nadu,DINDIGUL,2003,Kharif,Sesamum,1342,630,0.469448584
Tamil Nadu,DINDIGUL,2003,Kharif,Small millets,446,331,0.742152466
Tamil Nadu,DINDIGUL,2003,Kharif,Sunflower,366,517,1.412568306
Tamil Nadu,DINDIGUL,2003,Kharif,Urad,5817,2378,0.408801788
Tamil Nadu,DINDIGUL,2003,Rabi,Gram,394,200,0.507614213
Tamil Nadu,DINDIGUL,2003,Whole Year,Apple,4,0,0
Tamil Nadu,DINDIGUL,2003,Whole Year,Arecanut,39,,
Tamil Nadu,DINDIGUL,2003,Whole Year,Ash Gourd,1,0,0
Tamil Nadu,DINDIGUL,2003,Whole Year,Banana,3018,106762,35.37508284
Tamil Nadu,DINDIGUL,2003,Whole Year,Beans & Mutter(Vegetable),871,0,0
Tamil Nadu,DINDIGUL,2003,Whole Year,Beet Root,33,0,0
Tamil Nadu,DINDIGUL,2003,Whole Year,Bhindi,419,2935,7.00477327
Tamil Nadu,DINDIGUL,2003,Whole Year,Bitter Gourd,151,0,0
Tamil Nadu,DINDIGUL,2003,Whole Year,Black pepper,791,286,0.361567636
Tamil Nadu,DINDIGUL,2003,Whole Year,Bottle Gourd,7,0,0
Tamil Nadu,DINDIGUL,2003,Whole Year,Brinjal,444,4964,11.18018018
Tamil Nadu,DINDIGUL,2003,Whole Year,Cabbage,16,1017,63.5625
Tamil Nadu,DINDIGUL,2003,Whole Year,Cardamom,260,26,0.1
Tamil Nadu,DINDIGUL,2003,Whole Year,Carrot,639,0,0
Tamil Nadu,DINDIGUL,2003,Whole Year,Cashewnut,609,210,0.344827586
Tamil Nadu,DINDIGUL,2003,Whole Year,Cauliflower,211,0,0
Tamil Nadu,DINDIGUL,2003,Whole Year,Citrus Fruit,2814,2937,1.043710021
Tamil Nadu,DINDIGUL,2003,Whole Year,Coconut,23987,97400,4.060532789
Tamil Nadu,DINDIGUL,2003,Whole Year,Coriander,197,57,0.289340102
Tamil Nadu,DINDIGUL,2003,Whole Year,Cucumber,87,0,0
Tamil Nadu,DINDIGUL,2003,Whole Year,Drum Stick,1535,0,0
Tamil Nadu,DINDIGUL,2003,Whole Year,Dry chillies,1563,574,0.367242482
Tamil Nadu,DINDIGUL,2003,Whole Year,Garlic,342,2085,6.096491228
Tamil Nadu,DINDIGUL,2003,Whole Year,Grapes,166,4002,24.10843373
Tamil Nadu,DINDIGUL,2003,Whole Year,Jack Fruit,339,3275,9.660766962
Tamil Nadu,DINDIGUL,2003,Whole Year,Lab-Lab,1648,0,0
Tamil Nadu,DINDIGUL,2003,Whole Year,Mango,13349,46298,3.468274777
Tamil Nadu,DINDIGUL,2003,Whole Year,Onion,2876,22539,7.836926287
Tamil Nadu,DINDIGUL,2003,Whole Year,Orange,1890,3709,1.962433862
Tamil Nadu,DINDIGUL,2003,Whole Year,Other Citrus Fruit,185,0,0
Tamil Nadu,DINDIGUL,2003,Whole Year,Other Fresh Fruits,1113,0,0
Tamil Nadu,DINDIGUL,2003,Whole Year,Other Vegetables,362,0,0
Tamil Nadu,DINDIGUL,2003,Whole Year,Papaya,10,0,0
Tamil Nadu,DINDIGUL,2003,Whole Year,Peach,21,0,0
Tamil Nadu,DINDIGUL,2003,Whole Year,Pear,1275,0,0
Tamil Nadu,DINDIGUL,2003,Whole Year,Pineapple,35,1112,31.77142857
Tamil Nadu,DINDIGUL,2003,Whole Year,Plums,413,0,0
Tamil Nadu,DINDIGUL,2003,Whole Year,Pome Fruit,958,6726,7.020876827
Tamil Nadu,DINDIGUL,2003,Whole Year,Pome Granet,253,0,0
Tamil Nadu,DINDIGUL,2003,Whole Year,Potato,2377,33241,13.98443416
Tamil Nadu,DINDIGUL,2003,Whole Year,Pump Kin,16,0,0
Tamil Nadu,DINDIGUL,2003,Whole Year,Redish,15,0,0
Tamil Nadu,DINDIGUL,2003,Whole Year,Ribed Guard,3,0,0
Tamil Nadu,DINDIGUL,2003,Whole Year,Snak Guard,62,0,0
Tamil Nadu,DINDIGUL,2003,Whole Year,Sugarcane,2961,189827,64.10908477
Tamil Nadu,DINDIGUL,2003,Whole Year,Sweet potato,83,1234,14.86746988
Tamil Nadu,DINDIGUL,2003,Whole Year,Tapioca,175,5896,33.69142857
Tamil Nadu,DINDIGUL,2003,Whole Year,Tomato,1568,15913,10.14859694
Tamil Nadu,DINDIGUL,2003,Whole Year,Turmeric,11,46,4.181818182
Tamil Nadu,DINDIGUL,2003,Whole Year,Water Melon,4,0,0
Tamil Nadu,DINDIGUL,2004,Kharif,Arhar/Tur,563,284,0.504440497
Tamil Nadu,DINDIGUL,2004,Kharif,Bajra,3997,5348,1.338003503
Tamil Nadu,DINDIGUL,2004,Kharif,Castor seed,131,54,0.41221374
Tamil Nadu,DINDIGUL,2004,Kharif,Cotton(lint),3703,6173,1.667026735
Tamil Nadu,DINDIGUL,2004,Kharif,Dry ginger,3,58,19.33333333
Tamil Nadu,DINDIGUL,2004,Kharif,Groundnut,18720,49228,2.629700855
Tamil Nadu,DINDIGUL,2004,Kharif,Horse-gram,5103,1211,0.237311385
Tamil Nadu,DINDIGUL,2004,Kharif,Jowar,53098,46369,0.873272063
Tamil Nadu,DINDIGUL,2004,Kharif,Maize,34067,67489,1.981066721
Tamil Nadu,DINDIGUL,2004,Kharif,Moong(Green Gram),3438,1758,0.511343805
Tamil Nadu,DINDIGUL,2004,Kharif,Other Kharif pulses,13365,2742,0.205162738
Tamil Nadu,DINDIGUL,2004,Kharif,Ragi,112,163,1.455357143
Tamil Nadu,DINDIGUL,2004,Kharif,Rice,21031,74246,3.530312396
Tamil Nadu,DINDIGUL,2004,Kharif,Sesamum,1552,697,0.449097938
Tamil Nadu,DINDIGUL,2004,Kharif,Small millets,178,151,0.848314607
Tamil Nadu,DINDIGUL,2004,Kharif,Sunflower,992,1219,1.228830645
Tamil Nadu,DINDIGUL,2004,Kharif,Urad,5271,1933,0.366723582
Tamil Nadu,DINDIGUL,2004,Rabi,Gram,904,457,0.505530973
Tamil Nadu,DINDIGUL,2004,Whole Year,Arecanut,60,128,2.133333333
Tamil Nadu,DINDIGUL,2004,Whole Year,Banana,3102,131764,42.47711154
Tamil Nadu,DINDIGUL,2004,Whole Year,Cardamom,282,28,0.09929078
Tamil Nadu,DINDIGUL,2004,Whole Year,Cashewnut,555,201,0.362162162
Tamil Nadu,DINDIGUL,2004,Whole Year,Coconut,24614,468200,19.02169497
Tamil Nadu,DINDIGUL,2004,Whole Year,Coriander,134,58,0.432835821
Tamil Nadu,DINDIGUL,2004,Whole Year,Dry chillies,1560,1593,1.021153846
Tamil Nadu,DINDIGUL,2004,Whole Year,Garlic,312,1903,6.099358974
Tamil Nadu,DINDIGUL,2004,Whole Year,Onion,3576,38651,10.80844519
Tamil Nadu,DINDIGUL,2004,Whole Year,Potato,2732,35965,13.16434846
Tamil Nadu,DINDIGUL,2004,Whole Year,Sugarcane,4185,484598,115.7940263
Tamil Nadu,DINDIGUL,2004,Whole Year,Sweet potato,99,1497,15.12121212
Tamil Nadu,DINDIGUL,2004,Whole Year,Tapioca,154,6355,41.26623377
Tamil Nadu,DINDIGUL,2004,Whole Year,Turmeric,15,82,5.466666667
Tamil Nadu,DINDIGUL,2005,Kharif,Arhar/Tur,1067,507,0.475164011
Tamil Nadu,DINDIGUL,2005,Kharif,Bajra,4339,4361,1.005070293
Tamil Nadu,DINDIGUL,2005,Kharif,Castor seed,127,52,0.409448819
Tamil Nadu,DINDIGUL,2005,Kharif,Cotton(lint),1999,4345,2.173586793
Tamil Nadu,DINDIGUL,2005,Kharif,Dry ginger,2,39,19.5
Tamil Nadu,DINDIGUL,2005,Kharif,Groundnut,22070,51379,2.328001812
Tamil Nadu,DINDIGUL,2005,Kharif,Horse-gram,4763,2033,0.426831829
Tamil Nadu,DINDIGUL,2005,Kharif,Jowar,42814,36692,0.857009389
Tamil Nadu,DINDIGUL,2005,Kharif,Maize,34265,,
Tamil Nadu,DINDIGUL,2005,Kharif,Moong(Green Gram),3360,1553,0.462202381
Tamil Nadu,DINDIGUL,2005,Kharif,Other Kharif pulses,12022,2837,0.235984029
Tamil Nadu,DINDIGUL,2005,Kharif,Ragi,76,98,1.289473684
Tamil Nadu,DINDIGUL,2005,Kharif,Rice,23735,75304,3.172698546
Tamil Nadu,DINDIGUL,2005,Kharif,Sannhamp,2,,
Tamil Nadu,DINDIGUL,2005,Kharif,Sesamum,1459,500,0.34270048
Tamil Nadu,DINDIGUL,2005,Kharif,Small millets,116,95,0.818965517
Tamil Nadu,DINDIGUL,2005,Kharif,Soyabean,11,,
Tamil Nadu,DINDIGUL,2005,Kharif,Sunflower,1662,2609,1.569795427
Tamil Nadu,DINDIGUL,2005,Kharif,Urad,5131,1544,0.300916001
Tamil Nadu,DINDIGUL,2005,Rabi,Gram,792,401,0.506313131
Tamil Nadu,DINDIGUL,2005,Whole Year,Arecanut,67,64,0.955223881
Tamil Nadu,DINDIGUL,2005,Whole Year,Banana,3756,184436,49.10436635
Tamil Nadu,DINDIGUL,2005,Whole Year,Black pepper,755,273,0.361589404
Tamil Nadu,DINDIGUL,2005,Whole Year,Cardamom,289,29,0.100346021
Tamil Nadu,DINDIGUL,2005,Whole Year,Cashewnut,589,222,0.376910017
Tamil Nadu,DINDIGUL,2005,Whole Year,Coconut,24798,3474,0.140091943
Tamil Nadu,DINDIGUL,2005,Whole Year,Coriander,105,32,0.304761905
Tamil Nadu,DINDIGUL,2005,Whole Year,Dry chillies,978,1028,1.051124744
Tamil Nadu,DINDIGUL,2005,Whole Year,Garlic,335,2043,6.098507463
Tamil Nadu,DINDIGUL,2005,Whole Year,Onion,3365,33720,10.02080238
Tamil Nadu,DINDIGUL,2005,Whole Year,Potato,2796,26784,9.579399142
Tamil Nadu,DINDIGUL,2005,Whole Year,Sugarcane,7014,688087,98.10193898
Tamil Nadu,DINDIGUL,2005,Whole Year,Sweet potato,54,1126,20.85185185
Tamil Nadu,DINDIGUL,2005,Whole Year,Tapioca,237,9056,38.21097046
Tamil Nadu,DINDIGUL,2005,Whole Year,Tobacco,1362,1967,1.444199706
Tamil Nadu,DINDIGUL,2005,Whole Year,Turmeric,38,210,5.526315789
Tamil Nadu,DINDIGUL,2006,Kharif,Rice,18607,81248,4.366528726
Tamil Nadu,DINDIGUL,2006,Kharif,Small millets,157,173,1.101910828
Tamil Nadu,DINDIGUL,2006,Whole Year,Arecanut,61,66,1.081967213
Tamil Nadu,DINDIGUL,2006,Whole Year,Arhar/Tur,797,416,0.52195734
Tamil Nadu,DINDIGUL,2006,Whole Year,Bajra,3632,6116,1.683920705
Tamil Nadu,DINDIGUL,2006,Whole Year,Banana,4539,243219,53.58426966
Tamil Nadu,DINDIGUL,2006,Whole Year,Black pepper,753,273,0.362549801
Tamil Nadu,DINDIGUL,2006,Whole Year,Cardamom,286,28,0.097902098
Tamil Nadu,DINDIGUL,2006,Whole Year,Cashewnut,562,256,0.455516014
Tamil Nadu,DINDIGUL,2006,Whole Year,Castor seed,168,69,0.410714286
Tamil Nadu,DINDIGUL,2006,Whole Year,Coconut,24785,4894,0.19745814
Tamil Nadu,DINDIGUL,2006,Whole Year,Coriander,48,16,0.333333333
Tamil Nadu,DINDIGUL,2006,Whole Year,Cotton(lint),1519,4396,2.894009217
Tamil Nadu,DINDIGUL,2006,Whole Year,Dry chillies,1332,1317,0.988738739
Tamil Nadu,DINDIGUL,2006,Whole Year,Dry ginger,2,37,18.5
Tamil Nadu,DINDIGUL,2006,Whole Year,Garlic,341,2079,6.096774194
Tamil Nadu,DINDIGUL,2006,Whole Year,Gram,781,396,0.507042254
Tamil Nadu,DINDIGUL,2006,Whole Year,Groundnut,12524,29890,2.386617694
Tamil Nadu,DINDIGUL,2006,Whole Year,Horse-gram,3397,648,0.19075655
Tamil Nadu,DINDIGUL,2006,Whole Year,Jowar,38242,49514,1.294754458
Tamil Nadu,DINDIGUL,2006,Whole Year,Maize,36957,148387,4.015125687
Tamil Nadu,DINDIGUL,2006,Whole Year,Moong(Green Gram),3095,1585,0.512116317
Tamil Nadu,DINDIGUL,2006,Whole Year,Onion,3339,27049,8.100928422
Tamil Nadu,DINDIGUL,2006,Whole Year,Potato,2769,31021,11.20296136
Tamil Nadu,DINDIGUL,2006,Whole Year,Ragi,79,133,1.683544304
Tamil Nadu,DINDIGUL,2006,Whole Year,Rapeseed &Mustard,6,1,0.166666667
Tamil Nadu,DINDIGUL,2006,Whole Year,Sesamum,1199,358,0.298582152
Tamil Nadu,DINDIGUL,2006,Whole Year,Sugarcane,7561,906708,119.9190583
Tamil Nadu,DINDIGUL,2006,Whole Year,Sunflower,4233,9365,2.212378927
Tamil Nadu,DINDIGUL,2006,Whole Year,Sweet potato,40,672,16.8
Tamil Nadu,DINDIGUL,2006,Whole Year,Tapioca,255,10292,40.36078431
Tamil Nadu,DINDIGUL,2006,Whole Year,Tobacco,1125,1634,1.452444444
Tamil Nadu,DINDIGUL,2006,Whole Year,Turmeric,67,385,5.746268657
Tamil Nadu,DINDIGUL,2006,Whole Year,Urad,5756,3107,0.539784573
Tamil Nadu,DINDIGUL,2007,Kharif,Rice,17276,67837,3.926661264
Tamil Nadu,DINDIGUL,2007,Kharif,Small millets,106,129,1.216981132
Tamil Nadu,DINDIGUL,2007,Whole Year,Arecanut,64,189,2.953125
Tamil Nadu,DINDIGUL,2007,Whole Year,Arhar/Tur,1024,947,0.924804688
Tamil Nadu,DINDIGUL,2007,Whole Year,Bajra,3382,2700,0.798344175
Tamil Nadu,DINDIGUL,2007,Whole Year,Banana,4826,229169,47.48632408
Tamil Nadu,DINDIGUL,2007,Whole Year,Black pepper,684,248,0.362573099
Tamil Nadu,DINDIGUL,2007,Whole Year,Cardamom,284,28,0.098591549
Tamil Nadu,DINDIGUL,2007,Whole Year,Cashewnut,459,262,0.5708061
Tamil Nadu,DINDIGUL,2007,Whole Year,Castor seed,115,47,0.408695652
Tamil Nadu,DINDIGUL,2007,Whole Year,Coconut,25488,4268,0.16745135
Tamil Nadu,DINDIGUL,2007,Whole Year,Coriander,34,13,0.382352941
Tamil Nadu,DINDIGUL,2007,Whole Year,Cotton(lint),1256,3402,2.708598726
Tamil Nadu,DINDIGUL,2007,Whole Year,Dry chillies,1716,1889,1.100815851
Tamil Nadu,DINDIGUL,2007,Whole Year,Dry ginger,3,56,18.66666667
Tamil Nadu,DINDIGUL,2007,Whole Year,Garlic,342,2086,6.099415205
Tamil Nadu,DINDIGUL,2007,Whole Year,Gram,782,396,0.506393862
Tamil Nadu,DINDIGUL,2007,Whole Year,Groundnut,14744,32483,2.203133478
Tamil Nadu,DINDIGUL,2007,Whole Year,Horse-gram,2712,830,0.306047198
Tamil Nadu,DINDIGUL,2007,Whole Year,Jowar,35878,45802,1.276604047
Tamil Nadu,DINDIGUL,2007,Whole Year,Maize,40321,177153,4.393566628
Tamil Nadu,DINDIGUL,2007,Whole Year,Moong(Green Gram),3111,1301,0.418193507
Tamil Nadu,DINDIGUL,2007,Whole Year,Onion,2545,18311,7.194891945
Tamil Nadu,DINDIGUL,2007,Whole Year,Potato,2106,24145,11.4648623
Tamil Nadu,DINDIGUL,2007,Whole Year,Ragi,48,104,2.166666667
Tamil Nadu,DINDIGUL,2007,Whole Year,Rapeseed &Mustard,5,1,0.2
Tamil Nadu,DINDIGUL,2007,Whole Year,Sesamum,1308,606,0.463302752
Tamil Nadu,DINDIGUL,2007,Whole Year,Small millets,110,129,1.172727273
Tamil Nadu,DINDIGUL,2007,Whole Year,Sugarcane,6372,711211,111.6150345
Tamil Nadu,DINDIGUL,2007,Whole Year,Sunflower,4710,7172,1.522717622
Tamil Nadu,DINDIGUL,2007,Whole Year,Sweet potato,81,1100,13.58024691
Tamil Nadu,DINDIGUL,2007,Whole Year,Tapioca,291,12281,42.20274914
Tamil Nadu,DINDIGUL,2007,Whole Year,Tobacco,1093,1587,1.451967063
Tamil Nadu,DINDIGUL,2007,Whole Year,Turmeric,23,123,5.347826087
Tamil Nadu,DINDIGUL,2007,Whole Year,Urad,5880,1529,0.260034014
Tamil Nadu,DINDIGUL,2008,Kharif,Rice,19638,72661,3.700020369
Tamil Nadu,DINDIGUL,2008,Kharif,Small millets,29,62,2.137931034
Tamil Nadu,DINDIGUL,2008,Whole Year,Arecanut,61,78,1.278688525
Tamil Nadu,DINDIGUL,2008,Whole Year,Arhar/Tur,758,531,0.700527704
Tamil Nadu,DINDIGUL,2008,Whole Year,Bajra,2244,3940,1.755793226
Tamil Nadu,DINDIGUL,2008,Whole Year,Banana,4846,164240,33.89186958
Tamil Nadu,DINDIGUL,2008,Whole Year,Black pepper,659,239,0.362670713
Tamil Nadu,DINDIGUL,2008,Whole Year,Cardamom,268,27,0.100746269
Tamil Nadu,DINDIGUL,2008,Whole Year,Cashewnut,411,214,0.520681265
Tamil Nadu,DINDIGUL,2008,Whole Year,Castor seed,140,58,0.414285714
Tamil Nadu,DINDIGUL,2008,Whole Year,Coconut,25708,5539000,215.4582231
Tamil Nadu,DINDIGUL,2008,Whole Year,Coriander,59,20,0.338983051
Tamil Nadu,DINDIGUL,2008,Whole Year,Cotton(lint),664,1066,1.605421687
Tamil Nadu,DINDIGUL,2008,Whole Year,Dry chillies,1618,969,0.598887515
Tamil Nadu,DINDIGUL,2008,Whole Year,Dry ginger,16,320,20
Tamil Nadu,DINDIGUL,2008,Whole Year,Garlic,211,1287,6.099526066
Tamil Nadu,DINDIGUL,2008,Whole Year,Gram,535,271,0.506542056
Tamil Nadu,DINDIGUL,2008,Whole Year,Groundnut,11041,35477,3.213205326
Tamil Nadu,DINDIGUL,2008,Whole Year,Horse-gram,2502,617,0.246602718
Tamil Nadu,DINDIGUL,2008,Whole Year,Jowar,25357,31805,1.254288757
Tamil Nadu,DINDIGUL,2008,Whole Year,Maize,48142,314292,6.528436708
Tamil Nadu,DINDIGUL,2008,Whole Year,Moong(Green Gram),2369,1166,0.492190798
Tamil Nadu,DINDIGUL,2008,Whole Year,Onion,2745,25350,9.234972678
Tamil Nadu,DINDIGUL,2008,Whole Year,Potato,2671,33467,12.52976413
Tamil Nadu,DINDIGUL,2008,Whole Year,Ragi,18,35,1.944444444
Tamil Nadu,DINDIGUL,2008,Whole Year,Rapeseed &Mustard,7,2,0.285714286
Tamil Nadu,DINDIGUL,2008,Whole Year,Sesamum,1326,796,0.600301659
Tamil Nadu,DINDIGUL,2008,Whole Year,Small millets,55,62,1.127272727
Tamil Nadu,DINDIGUL,2008,Whole Year,Sugarcane,4980,559045,112.2580321
Tamil Nadu,DINDIGUL,2008,Whole Year,Sunflower,2238,3903,1.743967828
Tamil Nadu,DINDIGUL,2008,Whole Year,Sweet potato,35,465,13.28571429
Tamil Nadu,DINDIGUL,2008,Whole Year,Tapioca,253,9227,36.47035573
Tamil Nadu,DINDIGUL,2008,Whole Year,Tobacco,1197,1733,1.447786132
Tamil Nadu,DINDIGUL,2008,Whole Year,Turmeric,14,81,5.785714286
Tamil Nadu,DINDIGUL,2008,Whole Year,Urad,3917,1767,0.451110544
Tamil Nadu,DINDIGUL,2009,Kharif,Rice,16647,78849,4.736529104
Tamil Nadu,DINDIGUL,2009,Kharif,Small millets,36,32,0.888888889
Tamil Nadu,DINDIGUL,2009,Whole Year,Arecanut,58,78,1.344827586
Tamil Nadu,DINDIGUL,2009,Whole Year,Arhar/Tur,1044,418,0.400383142
Tamil Nadu,DINDIGUL,2009,Whole Year,Bajra,2052,2894,1.410331384
Tamil Nadu,DINDIGUL,2009,Whole Year,Banana,4680,190848,40.77948718
Tamil Nadu,DINDIGUL,2009,Whole Year,Black pepper,716,259,0.361731844
Tamil Nadu,DINDIGUL,2009,Whole Year,Cardamom,285,28,0.098245614
Tamil Nadu,DINDIGUL,2009,Whole Year,Cashewnut,399,200,0.501253133
Tamil Nadu,DINDIGUL,2009,Whole Year,Castor seed,146,60,0.410958904
Tamil Nadu,DINDIGUL,2009,Whole Year,Coconut,27113,547400,20.18957696
Tamil Nadu,DINDIGUL,2009,Whole Year,Coriander,155,61,0.393548387
Tamil Nadu,DINDIGUL,2009,Whole Year,Cotton(lint),969,3215,3.317853457
Tamil Nadu,DINDIGUL,2009,Whole Year,Dry chillies,1500,2173,1.448666667
Tamil Nadu,DINDIGUL,2009,Whole Year,Dry ginger,17,273,16.05882353
Tamil Nadu,DINDIGUL,2009,Whole Year,Garlic,231,1409,6.0995671
Tamil Nadu,DINDIGUL,2009,Whole Year,Gram,528,267,0.505681818
Tamil Nadu,DINDIGUL,2009,Whole Year,Groundnut,8360,21688,2.594258373
Tamil Nadu,DINDIGUL,2009,Whole Year,Horse-gram,2354,875,0.371707732
Tamil Nadu,DINDIGUL,2009,Whole Year,Jowar,26591,24210,0.910458426
Tamil Nadu,DINDIGUL,2009,Whole Year,Maize,39531,243457,6.158634995
Tamil Nadu,DINDIGUL,2009,Whole Year,Moong(Green Gram),2613,1990,0.761576732
Tamil Nadu,DINDIGUL,2009,Whole Year,Onion,3043,26715,8.779165297
Tamil Nadu,DINDIGUL,2009,Whole Year,Potato,2796,41494,14.84048641
Tamil Nadu,DINDIGUL,2009,Whole Year,Ragi,268,836,3.119402985
Tamil Nadu,DINDIGUL,2009,Whole Year,Rapeseed &Mustard,9,2,0.222222222
Tamil Nadu,DINDIGUL,2009,Whole Year,Sesamum,1209,333,0.275434243
Tamil Nadu,DINDIGUL,2009,Whole Year,Sugarcane,5055,739841,146.3582591
Tamil Nadu,DINDIGUL,2009,Whole Year,Sunflower,989,1597,1.614762386
Tamil Nadu,DINDIGUL,2009,Whole Year,Sweet potato,46,741,16.10869565
Tamil Nadu,DINDIGUL,2009,Whole Year,Tapioca,386,13305,34.46891192
Tamil Nadu,DINDIGUL,2009,Whole Year,Tobacco,1911,2771,1.450026164
Tamil Nadu,DINDIGUL,2009,Whole Year,Turmeric,42,213,5.071428571
Tamil Nadu,DINDIGUL,2009,Whole Year,Urad,3781,2558,0.676540598
Tamil Nadu,DINDIGUL,2010,Kharif,Arhar/Tur,1334,786,0.589205397
Tamil Nadu,DINDIGUL,2010,Kharif,Castor seed,171,61,0.356725146
Tamil Nadu,DINDIGUL,2010,Kharif,Cotton(lint),1559,4327,2.775497114
Tamil Nadu,DINDIGUL,2010,Kharif,Groundnut,11173,31948,2.85939318
Tamil Nadu,DINDIGUL,2010,Kharif,Horse-gram,3038,1012,0.333113891
Tamil Nadu,DINDIGUL,2010,Kharif,Maize,39629,216794,5.47058972
Tamil Nadu,DINDIGUL,2010,Kharif,Moong(Green Gram),2951,1755,0.594713656
Tamil Nadu,DINDIGUL,2010,Kharif,Ragi,9,19,2.111111111
Tamil Nadu,DINDIGUL,2010,Kharif,Rice,18349,98053,5.343778953
Tamil Nadu,DINDIGUL,2010,Kharif,Sunflower,634,810,1.277602524
Tamil Nadu,DINDIGUL,2010,Kharif,Urad,4700,4921,1.047021277
Tamil Nadu,DINDIGUL,2010,Rabi,Gram,552,279,0.505434783
Tamil Nadu,DINDIGUL,2010,Whole Year,Sugarcane,5256,694262,132.0894216
Tamil Nadu,DINDIGUL,2011,Kharif,Bajra,1474,3953,2.681818182
Tamil Nadu,DINDIGUL,2011,Kharif,Cotton(lint),1044,2979,2.853448276
Tamil Nadu,DINDIGUL,2011,Kharif,Groundnut,4710,5024,1.066666667
Tamil Nadu,DINDIGUL,2011,Kharif,Jowar,19549,27381,1.400634304
Tamil Nadu,DINDIGUL,2011,Kharif,Maize,15954,92881,5.821800176
Tamil Nadu,DINDIGUL,2011,Kharif,Ragi,7,18,2.571428571
Tamil Nadu,DINDIGUL,2011,Kharif,Rice,19158,103376,5.395970352
Tamil Nadu,DINDIGUL,2011,Rabi,Bajra,564,1649,2.923758865
Tamil Nadu,DINDIGUL,2011,Rabi,Cotton(lint),1755,7399,4.215954416
Tamil Nadu,DINDIGUL,2011,Rabi,Groundnut,8070,39834,4.93605948
Tamil Nadu,DINDIGUL,2011,Rabi,Jowar,9607,23526,2.448839388
Tamil Nadu,DINDIGUL,2011,Rabi,Maize,24690,164019,6.643134872
Tamil Nadu,DINDIGUL,2011,Rabi,Ragi,1,3,3
Tamil Nadu,DINDIGUL,2011,Rabi,Rapeseed &Mustard,6,1,0.166666667
Tamil Nadu,DINDIGUL,2011,Whole Year,Arecanut,48,76,1.583333333
Tamil Nadu,DINDIGUL,2011,Whole Year,Arhar/Tur,1052,1141,1.08460076
Tamil Nadu,DINDIGUL,2011,Whole Year,Banana,5307,130919,24.66911626
Tamil Nadu,DINDIGUL,2011,Whole Year,Black pepper,949,344,0.362486828
Tamil Nadu,DINDIGUL,2011,Whole Year,Cardamom,320,32,0.1
Tamil Nadu,DINDIGUL,2011,Whole Year,Cashewnut,415,109,0.262650602
Tamil Nadu,DINDIGUL,2011,Whole Year,Castor seed,134,70,0.52238806
Tamil Nadu,DINDIGUL,2011,Whole Year,Coconut,29478,574900000,19502.67996
Tamil Nadu,DINDIGUL,2011,Whole Year,Coriander,65,30,0.461538462
Tamil Nadu,DINDIGUL,2011,Whole Year,Dry chillies,1674,1749,1.044802867
Tamil Nadu,DINDIGUL,2011,Whole Year,Dry ginger,1,11,11
Tamil Nadu,DINDIGUL,2011,Whole Year,Garlic,224,1366,6.098214286
Tamil Nadu,DINDIGUL,2011,Whole Year,Gram,623,401,0.643659711
Tamil Nadu,DINDIGUL,2011,Whole Year,Horse-gram,2447,1209,0.494074377
Tamil Nadu,DINDIGUL,2011,Whole Year,Moong(Green Gram),2655,1809,0.681355932
Tamil Nadu,DINDIGUL,2011,Whole Year,Onion,3803,32289,8.490402314
Tamil Nadu,DINDIGUL,2011,Whole Year,Potato,2320,35509,15.30560345
Tamil Nadu,DINDIGUL,2011,Whole Year,Small millets,17,26,1.529411765
Tamil Nadu,DINDIGUL,2011,Whole Year,Sugarcane,5739,748894,130.4920718
Tamil Nadu,DINDIGUL,2011,Whole Year,Sunflower,1357,2053,1.512896094
Tamil Nadu,DINDIGUL,2011,Whole Year,Sweet potato,60,1230,20.5
Tamil Nadu,DINDIGUL,2011,Whole Year,Tapioca,640,24103,37.6609375
Tamil Nadu,DINDIGUL,2011,Whole Year,Tobacco,1002,2287,2.28243513
Tamil Nadu,DINDIGUL,2011,Whole Year,Turmeric,117,641,5.478632479
Tamil Nadu,DINDIGUL,2011,Whole Year,Urad,5237,3189,0.608936414
Tamil Nadu,DINDIGUL,2012,Kharif,Arhar/Tur,1097,427,0.389243391
Tamil Nadu,DINDIGUL,2012,Kharif,Castor seed,305,22.44,0.07357377
Tamil Nadu,DINDIGUL,2012,Kharif,Cotton(lint),2155,3593,1.667285383
Tamil Nadu,DINDIGUL,2012,Kharif,Groundnut,7263,18183,2.503510946
Tamil Nadu,DINDIGUL,2012,Kharif,Horse-gram,1972,212,0.107505071
Tamil Nadu,DINDIGUL,2012,Kharif,Maize,34325,119289,3.475280408
Tamil Nadu,DINDIGUL,2012,Kharif,Moong(Green Gram),2259,554,0.245241257
Tamil Nadu,DINDIGUL,2012,Kharif,Ragi,2,5,2.5
Tamil Nadu,DINDIGUL,2012,Kharif,Rice,9476,30806,3.250949768
Tamil Nadu,DINDIGUL,2012,Kharif,Sunflower,1098,1360,1.238615665
Tamil Nadu,DINDIGUL,2012,Kharif,Urad,5992,1622,0.270694259
Tamil Nadu,DINDIGUL,2012,Rabi,Gram,278,130,0.467625899
Tamil Nadu,DINDIGUL,2012,Whole Year,Sugarcane,5378,298234,55.45444403
Tamil Nadu,DINDIGUL,2013,Kharif,Bajra,402,889,2.211442786
Tamil Nadu,DINDIGUL,2013,Kharif,Castor seed,46,17,0.369565217
Tamil Nadu,DINDIGUL,2013,Kharif,Cotton(lint),639,1990,3.114241002
Tamil Nadu,DINDIGUL,2013,Kharif,Groundnut,2071,6594,3.183969097
Tamil Nadu,DINDIGUL,2013,Kharif,Horse-gram,161,20,0.124223602
Tamil Nadu,DINDIGUL,2013,Kharif,Jowar,14308,24302,1.698490355
Tamil Nadu,DINDIGUL,2013,Kharif,Maize,7330,43858,5.983356071
Tamil Nadu,DINDIGUL,2013,Kharif,Moong(Green Gram),293,165,0.563139932
Tamil Nadu,DINDIGUL,2013,Kharif,Onion,512,3653,7.134765625
Tamil Nadu,DINDIGUL,2013,Kharif,Potato,1716,22611,13.17657343
Tamil Nadu,DINDIGUL,2013,Kharif,Ragi,5,14,2.8
Tamil Nadu,DINDIGUL,2013,Kharif,Rice,4234,25758,6.08360888
Tamil Nadu,DINDIGUL,2013,Kharif,Sunflower,15,10,0.666666667
Tamil Nadu,DINDIGUL,2013,Kharif,Urad,992,834,0.840725806
Tamil Nadu,DINDIGUL,2013,Rabi,Bajra,348,640,1.83908046
Tamil Nadu,DINDIGUL,2013,Rabi,Cotton(lint),1457,2755,1.890871654
Tamil Nadu,DINDIGUL,2013,Rabi,Groundnut,2171,5877,2.707047444
Tamil Nadu,DINDIGUL,2013,Rabi,Horse-gram,1742,189,0.108495982
Tamil Nadu,DINDIGUL,2013,Rabi,Jowar,19190,61135,3.185773841
Tamil Nadu,DINDIGUL,2013,Rabi,Maize,20131,127708,6.343847797
Tamil Nadu,DINDIGUL,2013,Rabi,Moong(Green Gram),2224,1277,0.574190647
Tamil Nadu,DINDIGUL,2013,Rabi,Onion,1824,11877,6.511513158
Tamil Nadu,DINDIGUL,2013,Rabi,Potato,513,6207,12.0994152
Tamil Nadu,DINDIGUL,2013,Rabi,Ragi,11,44,4
Tamil Nadu,DINDIGUL,2013,Rabi,Sunflower,1094,1673,1.529250457
Tamil Nadu,DINDIGUL,2013,Rabi,Urad,5154,2912,0.56499806
Tamil Nadu,DINDIGUL,2013,Whole Year,Arecanut,53,69,1.301886792
Tamil Nadu,DINDIGUL,2013,Whole Year,Arhar/Tur,1470,1214,0.82585034
Tamil Nadu,DINDIGUL,2013,Whole Year,Banana,4037,111066,27.51201387
Tamil Nadu,DINDIGUL,2013,Whole Year,Black pepper,782,283,0.361892583
Tamil Nadu,DINDIGUL,2013,Whole Year,Cardamom,274,27,0.098540146
Tamil Nadu,DINDIGUL,2013,Whole Year,Cashewnut,339,97,0.286135693
Tamil Nadu,DINDIGUL,2013,Whole Year,Coconut,32069,160800000,5014.188157
Tamil Nadu,DINDIGUL,2013,Whole Year,Coriander,9,3,0.333333333
Tamil Nadu,DINDIGUL,2013,Whole Year,Dry chillies,943,523,0.554612937
Tamil Nadu,DINDIGUL,2013,Whole Year,Garlic,274,1671,6.098540146
Tamil Nadu,DINDIGUL,2013,Whole Year,Gram,218,142,0.651376147
Tamil Nadu,DINDIGUL,2013,Whole Year,Small millets,41,1,0.024390244
Tamil Nadu,DINDIGUL,2013,Whole Year,Sugarcane,3838,309789,80.71625847
Tamil Nadu,DINDIGUL,2013,Whole Year,Sweet potato,32,858,26.8125
Tamil Nadu,DINDIGUL,2013,Whole Year,Tapioca,152,4548,29.92105263
Tamil Nadu,DINDIGUL,2013,Whole Year,Tobacco,869,1317,1.515535098
Tamil Nadu,DINDIGUL,2013,Whole Year,Turmeric,16,59,3.6875
Tamil Nadu,ERODE,1997,Kharif,Banana,2755,100639,36.52958258
Tamil Nadu,ERODE,1997,Kharif,Horse-gram,7150,2100,0.293706294
Tamil Nadu,ERODE,1997,Kharif,Onion,4201,49450,11.7710069
Tamil Nadu,ERODE,1997,Kharif,Sesamum,15659,12320,0.786767993
Tamil Nadu,ERODE,1997,Kharif,Small millets,128,110,0.859375
Tamil Nadu,ERODE,1997,Kharif,Tobacco,3442,5441,1.580766996
Tamil Nadu,ERODE,1997,Whole Year,Arhar/Tur,1657,840,0.506940253
Tamil Nadu,ERODE,1997,Whole Year,Bajra,1986,2890,1.455186304
Tamil Nadu,ERODE,1997,Whole Year,Banana,4653,182310,39.18117344
Tamil Nadu,ERODE,1997,Whole Year,Cashewnut,21,10,0.476190476
Tamil Nadu,ERODE,1997,Whole Year,Castor seed,2033,570,0.280373832
Tamil Nadu,ERODE,1997,Whole Year,Coriander,31,10,0.322580645
Tamil Nadu,ERODE,1997,Whole Year,Cotton(lint),10585,23450,2.21539915
Tamil Nadu,ERODE,1997,Whole Year,Dry chillies,1047,580,0.553963706
Tamil Nadu,ERODE,1997,Whole Year,Dry ginger,2,60,30
Tamil Nadu,ERODE,1997,Whole Year,Garlic,36,200,5.555555556
Tamil Nadu,ERODE,1997,Whole Year,Groundnut,58715,103960,1.770586733
Tamil Nadu,ERODE,1997,Whole Year,Jowar,13275,12170,0.916760829
Tamil Nadu,ERODE,1997,Whole Year,Maize,3133,7150,2.282157676
Tamil Nadu,ERODE,1997,Whole Year,Moong(Green Gram),4513,1200,0.265898515
Tamil Nadu,ERODE,1997,Whole Year,Onion,1826,20630,11.29791895
Tamil Nadu,ERODE,1997,Whole Year,Potato,69,1320,19.13043478
Tamil Nadu,ERODE,1997,Whole Year,Pulses total,27058,7570,0.279769384
Tamil Nadu,ERODE,1997,Whole Year,Ragi,12137,16110,1.327346132
Tamil Nadu,ERODE,1997,Whole Year,Rapeseed &Mustard,102,20,0.196078431
Tamil Nadu,ERODE,1997,Whole Year,Rice,60892,268930,4.416507916
Tamil Nadu,ERODE,1997,Whole Year,Small millets,80,10,0.125
Tamil Nadu,ERODE,1997,Whole Year,Sugarcane,24112,26930000,1116.871267
Tamil Nadu,ERODE,1997,Whole Year,Sunflower,778,890,1.143958869
Tamil Nadu,ERODE,1997,Whole Year,Sweet potato,4,60,15
Tamil Nadu,ERODE,1997,Whole Year,Tapioca,7748,362040,46.72689726
Tamil Nadu,ERODE,1997,Whole Year,Tobacco,4263,6730,1.578700446
Tamil Nadu,ERODE,1997,Whole Year,Total foodgrain,118609,314940,2.65527911
Tamil Nadu,ERODE,1997,Whole Year,Turmeric,9428,63290,6.712982605
Tamil Nadu,ERODE,1997,Whole Year,Urad,1927,900,0.467047224
Tamil Nadu,ERODE,1998,Kharif,Arhar/Tur,3005,2668,0.887853577
Tamil Nadu,ERODE,1998,Kharif,Bajra,1078,1569,1.455473098
Tamil Nadu,ERODE,1998,Kharif,Cotton(lint),10800,24165,2.2375
Tamil Nadu,ERODE,1998,Kharif,Dry ginger,2,63,31.5
Tamil Nadu,ERODE,1998,Kharif,Groundnut,69353,131136,1.890848269
Tamil Nadu,ERODE,1998,Kharif,Horse-gram,7461,2268,0.3039807
Tamil Nadu,ERODE,1998,Kharif,Jowar,17900,18917,1.056815642
Tamil Nadu,ERODE,1998,Kharif,Maize,4383,10006,2.282911248
Tamil Nadu,ERODE,1998,Kharif,Moong(Green Gram),9993,4577,0.458020614
Tamil Nadu,ERODE,1998,Kharif,Pulses total,34260,15192,0.443432574
Tamil Nadu,ERODE,1998,Kharif,Ragi,11055,12410,1.122568973
Tamil Nadu,ERODE,1998,Kharif,Rice,67387,232121,3.444596139
Tamil Nadu,ERODE,1998,Kharif,Sesamum,21991,14800,0.673002592
Tamil Nadu,ERODE,1998,Kharif,Small millets,11100,8200,0.738738739
Tamil Nadu,ERODE,1998,Kharif,Sunflower,839,1242,1.480333731
Tamil Nadu,ERODE,1998,Kharif,Total foodgrain,137019,29104,0.212408498
Tamil Nadu,ERODE,1998,Kharif,Urad,9888,4835,0.488976537
Tamil Nadu,ERODE,1998,Rabi,Gram,10,9,0.9
Tamil Nadu,ERODE,1998,Whole Year,Banana,2820,110493,39.18191489
Tamil Nadu,ERODE,1998,Whole Year,Black pepper,35,8,0.228571429
Tamil Nadu,ERODE,1998,Whole Year,Cardamom,25,2,0.08
Tamil Nadu,ERODE,1998,Whole Year,Cashewnut,17,3,0.176470588
Tamil Nadu,ERODE,1998,Whole Year,Castor seed,3975,1419,0.356981132
Tamil Nadu,ERODE,1998,Whole Year,Coriander,53,15,0.283018868
Tamil Nadu,ERODE,1998,Whole Year,Dry chillies,1142,636,0.556917688
Tamil Nadu,ERODE,1998,Whole Year,Garlic,140,786,5.614285714
Tamil Nadu,ERODE,1998,Whole Year,Onion,4384,49526,11.29698905
Tamil Nadu,ERODE,1998,Whole Year,Potato,12,230,19.16666667
Tamil Nadu,ERODE,1998,Whole Year,Rapeseed &Mustard,72,17,0.236111111
Tamil Nadu,ERODE,1998,Whole Year,Sannhamp,1397,1018,0.728704366
Tamil Nadu,ERODE,1998,Whole Year,Sugarcane,21581,2579080,119.5069737
Tamil Nadu,ERODE,1998,Whole Year,Sweet potato,22,374,17
Tamil Nadu,ERODE,1998,Whole Year,Tapioca,5037,235359,46.7260274
Tamil Nadu,ERODE,1998,Whole Year,Tobacco,3606,5712,1.584026622
Tamil Nadu,ERODE,1998,Whole Year,Turmeric,9256,62135,6.712942956
Tamil Nadu,ERODE,1999,Kharif,Arhar/Tur,1539,1136,0.73814165
Tamil Nadu,ERODE,1999,Kharif,Bajra,1189,2949,2.480235492
Tamil Nadu,ERODE,1999,Kharif,Castor seed,1160,321,0.276724138
Tamil Nadu,ERODE,1999,Kharif,Cotton(lint),8553,17032,1.991348065
Tamil Nadu,ERODE,1999,Kharif,Dry ginger,1,27,27
Tamil Nadu,ERODE,1999,Kharif,Groundnut,59889,122176,2.040040742
Tamil Nadu,ERODE,1999,Kharif,Horse-gram,8772,2077,0.236776106
Tamil Nadu,ERODE,1999,Kharif,Jowar,12051,7402,0.614222886
Tamil Nadu,ERODE,1999,Kharif,Korra,2,1,0.5
Tamil Nadu,ERODE,1999,Kharif,Maize,4566,10444,2.287341218
Tamil Nadu,ERODE,1999,Kharif,Moong(Green Gram),8165,3887,0.476056338
Tamil Nadu,ERODE,1999,Kharif,Ragi,9789,8883,0.907447135
Tamil Nadu,ERODE,1999,Kharif,Rice,64481,270611,4.196755633
Tamil Nadu,ERODE,1999,Kharif,Sesamum,29928,23397,0.781776263
Tamil Nadu,ERODE,1999,Kharif,Sunflower,600,689,1.148333333
Tamil Nadu,ERODE,1999,Kharif,Urad,6400,3315,0.51796875
Tamil Nadu,ERODE,1999,Rabi,Rapeseed &Mustard,172,39,0.226744186
Tamil Nadu,ERODE,1999,Rabi,Samai,5,3,0.6
Tamil Nadu,ERODE,1999,Whole Year,Banana,2755,100639,36.52958258
Tamil Nadu,ERODE,1999,Whole Year,Cardamom,20,2,0.1
Tamil Nadu,ERODE,1999,Whole Year,Cashewnut,58,17,0.293103448
Tamil Nadu,ERODE,1999,Whole Year,Coriander,1,,
Tamil Nadu,ERODE,1999,Whole Year,Dry chillies,1439,970,0.674079222
Tamil Nadu,ERODE,1999,Whole Year,Garlic,41,231,5.634146341
Tamil Nadu,ERODE,1999,Whole Year,Guar seed,22994,310638,13.50952422
Tamil Nadu,ERODE,1999,Whole Year,Onion,4201,49450,11.7710069
Tamil Nadu,ERODE,1999,Whole Year,Potato,11,187,17
Tamil Nadu,ERODE,1999,Whole Year,Sannhamp,1653,1205,0.728977616
Tamil Nadu,ERODE,1999,Whole Year,Sugarcane,22994,2933211,127.5641907
Tamil Nadu,ERODE,1999,Whole Year,Tapioca,2882,125079,43.4000694
Tamil Nadu,ERODE,1999,Whole Year,Tobacco,3442,5441,1.580766996
Tamil Nadu,ERODE,1999,Whole Year,Turmeric,11207,71269,6.359328991
Tamil Nadu,ERODE,2000,Kharif,Arhar/Tur,2630,1941,0.738022814
Tamil Nadu,ERODE,2000,Kharif,Bajra,1132,2079,1.836572438
Tamil Nadu,ERODE,2000,Kharif,Castor seed,3468,961,0.27710496
Tamil Nadu,ERODE,2000,Kharif,Cotton(lint),11156,22347,2.003137325
Tamil Nadu,ERODE,2000,Kharif,Dry ginger,4,106,26.5
Tamil Nadu,ERODE,2000,Kharif,Groundnut,53405,93297,1.746971257
Tamil Nadu,ERODE,2000,Kharif,Horse-gram,9268,2158,0.232844195
Tamil Nadu,ERODE,2000,Kharif,Jowar,13448,11694,0.869571684
Tamil Nadu,ERODE,2000,Kharif,Maize,6391,14618,2.287278986
Tamil Nadu,ERODE,2000,Kharif,Mesta,6,24,4
Tamil Nadu,ERODE,2000,Kharif,Moong(Green Gram),8503,4422,0.520051746
Tamil Nadu,ERODE,2000,Kharif,Other Cereals & Millets,29,16,0.551724138
Tamil Nadu,ERODE,2000,Kharif,Other Kharif pulses,5358,1147,0.214072415
Tamil Nadu,ERODE,2000,Kharif,Ragi,10018,8297,0.828209223
Tamil Nadu,ERODE,2000,Kharif,Rice,68130,306471,4.498326728
Tamil Nadu,ERODE,2000,Kharif,Sesamum,35252,27443,0.778480654
Tamil Nadu,ERODE,2000,Kharif,Sunflower,474,623,1.314345992
Tamil Nadu,ERODE,2000,Kharif,Urad,7221,3740,0.517933804
Tamil Nadu,ERODE,2000,Rabi,Gram,50,36,0.72
Tamil Nadu,ERODE,2000,Rabi,Rapeseed &Mustard,115,26,0.226086957
Tamil Nadu,ERODE,2000,Whole Year,Banana,2986,109077,36.52947086
Tamil Nadu,ERODE,2000,Whole Year,Black pepper,1,,
Tamil Nadu,ERODE,2000,Whole Year,Dry chillies,1891,1029,0.544156531
Tamil Nadu,ERODE,2000,Whole Year,Garlic,91,512,5.626373626
Tamil Nadu,ERODE,2000,Whole Year,Onion,4652,54759,11.77106621
Tamil Nadu,ERODE,2000,Whole Year,Potato,8,146,18.25
Tamil Nadu,ERODE,2000,Whole Year,Sannhamp,810,590,0.728395062
Tamil Nadu,ERODE,2000,Whole Year,Sugarcane,28120,3587105,127.5641892
Tamil Nadu,ERODE,2000,Whole Year,Tapioca,6624,287482,43.40006039
Tamil Nadu,ERODE,2000,Whole Year,Tobacco,3914,6187,1.58073582
Tamil Nadu,ERODE,2000,Whole Year,Turmeric,10664,65697,6.160633908
Tamil Nadu,ERODE,2001,Kharif,Arhar/Tur,1539,1000,0.64977258
Tamil Nadu,ERODE,2001,Kharif,Bajra,677,740,1.093057607
Tamil Nadu,ERODE,2001,Kharif,Cotton(lint),9738,21230,2.180119121
Tamil Nadu,ERODE,2001,Kharif,Groundnut,41170,66480,1.614768035
Tamil Nadu,ERODE,2001,Kharif,Jowar,12140,3820,0.314662273
Tamil Nadu,ERODE,2001,Kharif,Moong(Green Gram),4328,1830,0.422828096
Tamil Nadu,ERODE,2001,Kharif,Ragi,10483,11700,1.116092722
Tamil Nadu,ERODE,2001,Kharif,Rice,50474,233910,4.634267147
Tamil Nadu,ERODE,2001,Kharif,Sesamum,9336,6590,0.705869751
Tamil Nadu,ERODE,2001,Kharif,Sunflower,375,610,1.626666667
Tamil Nadu,ERODE,2001,Kharif,Urad,2250,1240,0.551111111
Tamil Nadu,ERODE,2001,Whole Year,Sugarcane,35875,5297300,147.6599303
Tamil Nadu,ERODE,2002,Kharif,Arhar/Tur,488,266,0.545081967
Tamil Nadu,ERODE,2002,Kharif,Bajra,1583,1350,0.852811118
Tamil Nadu,ERODE,2002,Kharif,Castor seed,852,237,0.278169014
Tamil Nadu,ERODE,2002,Kharif,Cotton(lint),2709,4717,1.741232927
Tamil Nadu,ERODE,2002,Kharif,Groundnut,27513,35111,1.276160361
Tamil Nadu,ERODE,2002,Kharif,Horse-gram,7830,1510,0.19284802
Tamil Nadu,ERODE,2002,Kharif,Jowar,3383,1811,0.535323677
Tamil Nadu,ERODE,2002,Kharif,Korra,2,2,1
Tamil Nadu,ERODE,2002,Kharif,Maize,7354,16806,2.285286919
Tamil Nadu,ERODE,2002,Kharif,Moong(Green Gram),4460,1899,0.425784753
Tamil Nadu,ERODE,2002,Kharif,Other Kharif pulses,11118,2381,0.214157223
Tamil Nadu,ERODE,2002,Kharif,Ragi,9574,10599,1.10706079
Tamil Nadu,ERODE,2002,Kharif,Rice,16691,74471,4.461745851
Tamil Nadu,ERODE,2002,Kharif,Samai,30,22,0.733333333
Tamil Nadu,ERODE,2002,Kharif,Sesamum,12474,8295,0.664983165
Tamil Nadu,ERODE,2002,Kharif,Small millets,2,1,0.5
Tamil Nadu,ERODE,2002,Kharif,Sunflower,339,462,1.362831858
Tamil Nadu,ERODE,2002,Kharif,Urad,1962,586,0.298674822
Tamil Nadu,ERODE,2002,Rabi,Gram,353,277,0.78470255
Tamil Nadu,ERODE,2002,Rabi,Rapeseed &Mustard,96,22,0.229166667
Tamil Nadu,ERODE,2002,Whole Year,Arecanut,121,,
Tamil Nadu,ERODE,2002,Whole Year,Ash Gourd,11,0,0
Tamil Nadu,ERODE,2002,Whole Year,Banana,4450,139630,31.37752809
Tamil Nadu,ERODE,2002,Whole Year,Beans & Mutter(Vegetable),93,0,0
Tamil Nadu,ERODE,2002,Whole Year,Beet Root,17,0,0
Tamil Nadu,ERODE,2002,Whole Year,Bhindi,161,1199,7.447204969
Tamil Nadu,ERODE,2002,Whole Year,Bitter Gourd,3,0,0
Tamil Nadu,ERODE,2002,Whole Year,Bottle Gourd,3,0,0
Tamil Nadu,ERODE,2002,Whole Year,Brinjal,293,2234,7.624573379
Tamil Nadu,ERODE,2002,Whole Year,Cabbage,22,1291,58.68181818
Tamil Nadu,ERODE,2002,Whole Year,Cashewnut,34,10,0.294117647
Tamil Nadu,ERODE,2002,Whole Year,Cauliflower,10,0,0
Tamil Nadu,ERODE,2002,Whole Year,Citrus Fruit,87,96,1.103448276
Tamil Nadu,ERODE,2002,Whole Year,Coconut,17377,161700,9.305403695
Tamil Nadu,ERODE,2002,Whole Year,Cucumber,8,0,0
Tamil Nadu,ERODE,2002,Whole Year,Drum Stick,552,0,0
Tamil Nadu,ERODE,2002,Whole Year,Dry chillies,665,519,0.780451128
Tamil Nadu,ERODE,2002,Whole Year,Garlic,43,242,5.627906977
Tamil Nadu,ERODE,2002,Whole Year,Grapes,3,44,14.66666667
Tamil Nadu,ERODE,2002,Whole Year,Jack Fruit,14,158,11.28571429
Tamil Nadu,ERODE,2002,Whole Year,Lab-Lab,146,0,0
Tamil Nadu,ERODE,2002,Whole Year,Mango,1012,6064,5.992094862
Tamil Nadu,ERODE,2002,Whole Year,Onion,1785,22534,12.62408964
Tamil Nadu,ERODE,2002,Whole Year,Orange,43,66,1.534883721
Tamil Nadu,ERODE,2002,Whole Year,Other Citrus Fruit,131,0,0
Tamil Nadu,ERODE,2002,Whole Year,Other Fresh Fruits,121,0,0
Tamil Nadu,ERODE,2002,Whole Year,Other Vegetables,219,0,0
Tamil Nadu,ERODE,2002,Whole Year,Papaya,18,0,0
Tamil Nadu,ERODE,2002,Whole Year,Pome Fruit,182,952,5.230769231
Tamil Nadu,ERODE,2002,Whole Year,Pome Granet,10,0,0
Tamil Nadu,ERODE,2002,Whole Year,Potato,58,1103,19.01724138
Tamil Nadu,ERODE,2002,Whole Year,Pump Kin,121,0,0
Tamil Nadu,ERODE,2002,Whole Year,Ribed Guard,13,0,0
Tamil Nadu,ERODE,2002,Whole Year,Snak Guard,18,0,0
Tamil Nadu,ERODE,2002,Whole Year,Sugarcane,27376,3337780,121.9235827
Tamil Nadu,ERODE,2002,Whole Year,Sweet potato,3,41,13.66666667
Tamil Nadu,ERODE,2002,Whole Year,Tapioca,3745,76725,20.48731642
Tamil Nadu,ERODE,2002,Whole Year,Tobacco,6,8,1.333333333
Tamil Nadu,ERODE,2002,Whole Year,Tomato,682,8930,13.09384164
Tamil Nadu,ERODE,2002,Whole Year,Turmeric,6135,28781,4.691279544
Tamil Nadu,ERODE,2002,Whole Year,Water Melon,12,0,0
Tamil Nadu,ERODE,2002,Whole Year,Yam,375,0,0
Tamil Nadu,ERODE,2003,Kharif,Arhar/Tur,953,445,0.466946485
Tamil Nadu,ERODE,2003,Kharif,Bajra,1566,1703,1.087484036
Tamil Nadu,ERODE,2003,Kharif,Castor seed,1123,311,0.276936776
Tamil Nadu,ERODE,2003,Kharif,Cotton(lint),2815,3852,1.368383659
Tamil Nadu,ERODE,2003,Kharif,Groundnut,32090,40870,1.273605485
Tamil Nadu,ERODE,2003,Kharif,Horse-gram,8515,2008,0.235819143
Tamil Nadu,ERODE,2003,Kharif,Jowar,6094,3302,0.541844437
Tamil Nadu,ERODE,2003,Kharif,Maize,10495,23991,2.285945688
Tamil Nadu,ERODE,2003,Kharif,Moong(Green Gram),5379,2693,0.500650679
Tamil Nadu,ERODE,2003,Kharif,Other Kharif pulses,12423,2660,0.214118973
Tamil Nadu,ERODE,2003,Kharif,Ragi,8429,6804,0.807213193
Tamil Nadu,ERODE,2003,Kharif,Rice,1944,7962,4.095679012
Tamil Nadu,ERODE,2003,Kharif,Sesamum,6871,4320,0.628729443
Tamil Nadu,ERODE,2003,Kharif,Small millets,105,104,0.99047619
Tamil Nadu,ERODE,2003,Kharif,Sunflower,657,1093,1.663622527
Tamil Nadu,ERODE,2003,Kharif,Urad,2195,548,0.249658314
Tamil Nadu,ERODE,2003,Rabi,Gram,300,236,0.786666667
Tamil Nadu,ERODE,2003,Rabi,Rapeseed &Mustard,72,17,0.236111111
Tamil Nadu,ERODE,2003,Whole Year,Arecanut,134,,
Tamil Nadu,ERODE,2003,Whole Year,Ash Gourd,46,0,0
Tamil Nadu,ERODE,2003,Whole Year,Banana,4090,111558,27.27579462
Tamil Nadu,ERODE,2003,Whole Year,Beans & Mutter(Vegetable),75,0,0
Tamil Nadu,ERODE,2003,Whole Year,Beet Root,9,0,0
Tamil Nadu,ERODE,2003,Whole Year,Bhindi,138,966,7
Tamil Nadu,ERODE,2003,Whole Year,Bitter Gourd,8,0,0
Tamil Nadu,ERODE,2003,Whole Year,Black pepper,1,,
Tamil Nadu,ERODE,2003,Whole Year,Bottle Gourd,1,0,0
Tamil Nadu,ERODE,2003,Whole Year,Brinjal,355,3969,11.18028169
Tamil Nadu,ERODE,2003,Whole Year,Cabbage,17,1080,63.52941176
Tamil Nadu,ERODE,2003,Whole Year,Carrot,2,0,0
Tamil Nadu,ERODE,2003,Whole Year,Cashewnut,63,22,0.349206349
Tamil Nadu,ERODE,2003,Whole Year,Cauliflower,3,0,0
Tamil Nadu,ERODE,2003,Whole Year,Citrus Fruit,90,94,1.044444444
Tamil Nadu,ERODE,2003,Whole Year,Coconut,17486,101900,5.827519158
Tamil Nadu,ERODE,2003,Whole Year,Coriander,4,1,0.25
Tamil Nadu,ERODE,2003,Whole Year,Cucumber,1,0,0
Tamil Nadu,ERODE,2003,Whole Year,Drum Stick,550,8,0.014545455
Tamil Nadu,ERODE,2003,Whole Year,Dry chillies,767,601,0.78357236
Tamil Nadu,ERODE,2003,Whole Year,Garlic,18,101,5.611111111
Tamil Nadu,ERODE,2003,Whole Year,Grapes,7,169,24.14285714
Tamil Nadu,ERODE,2003,Whole Year,Jack Fruit,12,116,9.666666667
Tamil Nadu,ERODE,2003,Whole Year,Lab-Lab,204,0,0
Tamil Nadu,ERODE,2003,Whole Year,Mango,989,4109,4.154701719
Tamil Nadu,ERODE,2003,Whole Year,Onion,1320,9485,7.185606061
Tamil Nadu,ERODE,2003,Whole Year,Orange,98,192,1.959183673
Tamil Nadu,ERODE,2003,Whole Year,Other Citrus Fruit,165,0,0
Tamil Nadu,ERODE,2003,Whole Year,Other Fresh Fruits,156,0,0
Tamil Nadu,ERODE,2003,Whole Year,Other Vegetables,132,0,0
Tamil Nadu,ERODE,2003,Whole Year,Papaya,53,0,0
Tamil Nadu,ERODE,2003,Whole Year,Plums,13,0,0
Tamil Nadu,ERODE,2003,Whole Year,Pome Fruit,172,1208,7.023255814
Tamil Nadu,ERODE,2003,Whole Year,Pome Granet,14,0,0
Tamil Nadu,ERODE,2003,Whole Year,Potato,128,1995,15.5859375
Tamil Nadu,ERODE,2003,Whole Year,Pump Kin,40,0,0
Tamil Nadu,ERODE,2003,Whole Year,Ribed Guard,12,0,0
Tamil Nadu,ERODE,2003,Whole Year,Snak Guard,6,0,0
Tamil Nadu,ERODE,2003,Whole Year,Sugarcane,13371,1366904,102.2290031
Tamil Nadu,ERODE,2003,Whole Year,Sweet potato,7,101,14.42857143
Tamil Nadu,ERODE,2003,Whole Year,Tapioca,3834,136176,35.51799687
Tamil Nadu,ERODE,2003,Whole Year,Tomato,573,7050,12.30366492
Tamil Nadu,ERODE,2003,Whole Year,Turmeric,5862,32566,5.555441829
Tamil Nadu,ERODE,2003,Whole Year,Water Melon,3,0,0
Tamil Nadu,ERODE,2003,Whole Year,Yam,330,0,0
Tamil Nadu,ERODE,2004,Kharif,Arhar/Tur,1428,953,0.667366947
Tamil Nadu,ERODE,2004,Kharif,Bajra,1333,1673,1.255063766
Tamil Nadu,ERODE,2004,Kharif,Castor seed,1347,373,0.276911656
Tamil Nadu,ERODE,2004,Kharif,Cotton(lint),5434,12272,2.258373206
Tamil Nadu,ERODE,2004,Kharif,Groundnut,44660,82524,1.847828034
Tamil Nadu,ERODE,2004,Kharif,Horse-gram,8442,2141,0.253612888
Tamil Nadu,ERODE,2004,Kharif,Jowar,745,446,0.598657718
Tamil Nadu,ERODE,2004,Kharif,Maize,15759,36028,2.286185672
Tamil Nadu,ERODE,2004,Kharif,Moong(Green Gram),5644,2484,0.440113395
Tamil Nadu,ERODE,2004,Kharif,Other Kharif pulses,13098,2804,0.214078485
Tamil Nadu,ERODE,2004,Kharif,Ragi,8065,9463,1.1733416
Tamil Nadu,ERODE,2004,Kharif,Rice,55347,216247,3.907113303
Tamil Nadu,ERODE,2004,Kharif,Sesamum,17277,13852,0.801759565
Tamil Nadu,ERODE,2004,Kharif,Small millets,37,31,0.837837838
Tamil Nadu,ERODE,2004,Kharif,Sunflower,1857,3213,1.730210016
Tamil Nadu,ERODE,2004,Kharif,Urad,1962,521,0.265545362
Tamil Nadu,ERODE,2004,Rabi,Gram,8,6,0.75
Tamil Nadu,ERODE,2004,Rabi,Rapeseed &Mustard,80,18,0.225
Tamil Nadu,ERODE,2004,Whole Year,Arecanut,155,182,1.174193548
Tamil Nadu,ERODE,2004,Whole Year,Banana,6433,249044,38.71350847
Tamil Nadu,ERODE,2004,Whole Year,Cardamom,1,,
Tamil Nadu,ERODE,2004,Whole Year,Cashewnut,94,34,0.361702128
Tamil Nadu,ERODE,2004,Whole Year,Coconut,17603,191700,10.89018917
Tamil Nadu,ERODE,2004,Whole Year,Coriander,4,2,0.5
Tamil Nadu,ERODE,2004,Whole Year,Dry chillies,863,731,0.847045191
Tamil Nadu,ERODE,2004,Whole Year,Garlic,24,135,5.625
Tamil Nadu,ERODE,2004,Whole Year,Onion,1679,22739,13.54318046
Tamil Nadu,ERODE,2004,Whole Year,Potato,97,1404,14.4742268
Tamil Nadu,ERODE,2004,Whole Year,Sugarcane,19948,2675825,134.140014
Tamil Nadu,ERODE,2004,Whole Year,Sweet potato,35,529,15.11428571
Tamil Nadu,ERODE,2004,Whole Year,Tapioca,4039,153407,37.98143105
Tamil Nadu,ERODE,2004,Whole Year,Turmeric,8025,60470,7.535202492
Tamil Nadu,ERODE,2005,Kharif,Arhar/Tur,1217,1596,1.311421528
Tamil Nadu,ERODE,2005,Kharif,Bajra,468,565,1.207264957
Tamil Nadu,ERODE,2005,Kharif,Castor seed,1296,359,0.277006173
Tamil Nadu,ERODE,2005,Kharif,Cotton(lint),4652,12347,2.654127257
Tamil Nadu,ERODE,2005,Kharif,Dry ginger,3,58,19.33333333
Tamil Nadu,ERODE,2005,Kharif,Groundnut,46990,78747,1.675824644
Tamil Nadu,ERODE,2005,Kharif,Horse-gram,7331,2520,0.343745737
Tamil Nadu,ERODE,2005,Kharif,Jowar,2490,950,0.381526104
Tamil Nadu,ERODE,2005,Kharif,Maize,13850,,
Tamil Nadu,ERODE,2005,Kharif,Moong(Green Gram),4535,2584,0.569790518
Tamil Nadu,ERODE,2005,Kharif,Other Kharif pulses,4406,2214,0.502496596
Tamil Nadu,ERODE,2005,Kharif,Ragi,7069,7092,1.003253643
Tamil Nadu,ERODE,2005,Kharif,Rice,43539,179564,4.124210478
Tamil Nadu,ERODE,2005,Kharif,Sesamum,13350,10465,0.783895131
Tamil Nadu,ERODE,2005,Kharif,Small millets,22,16,0.727272727
Tamil Nadu,ERODE,2005,Kharif,Soyabean,13,,
Tamil Nadu,ERODE,2005,Kharif,Sunflower,1714,3372,1.967327888
Tamil Nadu,ERODE,2005,Kharif,Urad,1736,894,0.514976959
Tamil Nadu,ERODE,2005,Rabi,Gram,8,6,0.75
Tamil Nadu,ERODE,2005,Rabi,Rapeseed &Mustard,58,13,0.224137931
Tamil Nadu,ERODE,2005,Whole Year,Arecanut,144,396,2.75
Tamil Nadu,ERODE,2005,Whole Year,Banana,7710,377037,48.90233463
Tamil Nadu,ERODE,2005,Whole Year,Black pepper,3,1,0.333333333
Tamil Nadu,ERODE,2005,Whole Year,Cardamom,3,,
Tamil Nadu,ERODE,2005,Whole Year,Cashewnut,143,54,0.377622378
Tamil Nadu,ERODE,2005,Whole Year,Coconut,18472,3128,0.169337375
Tamil Nadu,ERODE,2005,Whole Year,Coriander,2,1,0.5
Tamil Nadu,ERODE,2005,Whole Year,Dry chillies,677,953,1.407680945
Tamil Nadu,ERODE,2005,Whole Year,Garlic,13,73,5.615384615
Tamil Nadu,ERODE,2005,Whole Year,Onion,1879,19302,10.27248536
Tamil Nadu,ERODE,2005,Whole Year,Potato,126,1878,14.9047619
Tamil Nadu,ERODE,2005,Whole Year,Sugarcane,41402,4457712,107.6690015
Tamil Nadu,ERODE,2005,Whole Year,Sweet potato,42,876,20.85714286
Tamil Nadu,ERODE,2005,Whole Year,Tapioca,6364,316161,49.67960402
Tamil Nadu,ERODE,2005,Whole Year,Tobacco,2789,4423,1.585873073
Tamil Nadu,ERODE,2005,Whole Year,Turmeric,8586,61813,7.199277894
Tamil Nadu,ERODE,2006,Kharif,Rice,38548,161599,4.192150047
Tamil Nadu,ERODE,2006,Kharif,Small millets,27,34,1.259259259
Tamil Nadu,ERODE,2006,Whole Year,Arecanut,164,715,4.359756098
Tamil Nadu,ERODE,2006,Whole Year,Arhar/Tur,850,625,0.735294118
Tamil Nadu,ERODE,2006,Whole Year,Bajra,477,699,1.465408805
Tamil Nadu,ERODE,2006,Whole Year,Banana,8510,582228,68.41692127
Tamil Nadu,ERODE,2006,Whole Year,Black pepper,3,1,0.333333333
Tamil Nadu,ERODE,2006,Whole Year,Cardamom,3,,
Tamil Nadu,ERODE,2006,Whole Year,Cashewnut,98,45,0.459183673
Tamil Nadu,ERODE,2006,Whole Year,Castor seed,952,264,0.277310924
Tamil Nadu,ERODE,2006,Whole Year,Coconut,18984,2373,0.125
Tamil Nadu,ERODE,2006,Whole Year,Coriander,2,1,0.5
Tamil Nadu,ERODE,2006,Whole Year,Cotton(lint),2835,11180,3.94356261
Tamil Nadu,ERODE,2006,Whole Year,Dry chillies,819,725,0.885225885
Tamil Nadu,ERODE,2006,Whole Year,Dry ginger,11,205,18.63636364
Tamil Nadu,ERODE,2006,Whole Year,Garlic,30,169,5.633333333
Tamil Nadu,ERODE,2006,Whole Year,Gram,21,16,0.761904762
Tamil Nadu,ERODE,2006,Whole Year,Groundnut,33088,45350,1.370587524
Tamil Nadu,ERODE,2006,Whole Year,Horse-gram,7625,3403,0.446295082
Tamil Nadu,ERODE,2006,Whole Year,Jowar,250,357,1.428
Tamil Nadu,ERODE,2006,Whole Year,Maize,14703,86706,5.897163844
Tamil Nadu,ERODE,2006,Whole Year,Moong(Green Gram),3969,2130,0.536659108
Tamil Nadu,ERODE,2006,Whole Year,Onion,2014,15301,7.597318769
Tamil Nadu,ERODE,2006,Whole Year,Potato,63,940,14.92063492
Tamil Nadu,ERODE,2006,Whole Year,Ragi,8289,14709,1.774520449
Tamil Nadu,ERODE,2006,Whole Year,Rapeseed &Mustard,52,12,0.230769231
Tamil Nadu,ERODE,2006,Whole Year,Sesamum,10301,8441,0.819435006
Tamil Nadu,ERODE,2006,Whole Year,Sugarcane,43891,6038436,137.578
Tamil Nadu,ERODE,2006,Whole Year,Sunflower,5727,14980,2.615680112
Tamil Nadu,ERODE,2006,Whole Year,Sweet potato,1,17,17
Tamil Nadu,ERODE,2006,Whole Year,Tapioca,8958,468565,52.30687653
Tamil Nadu,ERODE,2006,Whole Year,Tobacco,2962,4698,1.586090479
Tamil Nadu,ERODE,2006,Whole Year,Turmeric,9219,68821,7.465126369
Tamil Nadu,ERODE,2006,Whole Year,Urad,1815,1342,0.739393939
Tamil Nadu,ERODE,2007,Kharif,Rice,38360,166860,4.349843587
Tamil Nadu,ERODE,2007,Kharif,Small millets,11,11,1
Tamil Nadu,ERODE,2007,Whole Year,Arecanut,177,586,3.310734463
Tamil Nadu,ERODE,2007,Whole Year,Arhar/Tur,860,1292,1.502325581
Tamil Nadu,ERODE,2007,Whole Year,Bajra,458,731,1.596069869
Tamil Nadu,ERODE,2007,Whole Year,Banana,10480,571018,54.48645038
Tamil Nadu,ERODE,2007,Whole Year,Black pepper,2,,
Tamil Nadu,ERODE,2007,Whole Year,Cardamom,1,,
Tamil Nadu,ERODE,2007,Whole Year,Cashewnut,109,62,0.568807339
Tamil Nadu,ERODE,2007,Whole Year,Castor seed,803,222,0.276463263
Tamil Nadu,ERODE,2007,Whole Year,Coconut,19447,2784,0.143158328
Tamil Nadu,ERODE,2007,Whole Year,Coriander,1,,
Tamil Nadu,ERODE,2007,Whole Year,Cotton(lint),1983,6906,3.482602118
Tamil Nadu,ERODE,2007,Whole Year,Dry chillies,1113,1346,1.209344115
Tamil Nadu,ERODE,2007,Whole Year,Dry ginger,14,267,19.07142857
Tamil Nadu,ERODE,2007,Whole Year,Garlic,39,220,5.641025641
Tamil Nadu,ERODE,2007,Whole Year,Gram,21,16,0.761904762
Tamil Nadu,ERODE,2007,Whole Year,Groundnut,31416,50544,1.608861727
Tamil Nadu,ERODE,2007,Whole Year,Horse-gram,6825,2278,0.333772894
Tamil Nadu,ERODE,2007,Whole Year,Jowar,746,696,0.932975871
Tamil Nadu,ERODE,2007,Whole Year,Maize,20473,106435,5.198798417
Tamil Nadu,ERODE,2007,Whole Year,Moong(Green Gram),2568,1217,0.473909657
Tamil Nadu,ERODE,2007,Whole Year,Onion,3402,31262,9.189300412
Tamil Nadu,ERODE,2007,Whole Year,Potato,138,2314,16.76811594
Tamil Nadu,ERODE,2007,Whole Year,Ragi,5907,5540,0.937870323
Tamil Nadu,ERODE,2007,Whole Year,Rapeseed &Mustard,46,11,0.239130435
Tamil Nadu,ERODE,2007,Whole Year,Sesamum,12125,8911,0.734927835
Tamil Nadu,ERODE,2007,Whole Year,Small millets,11,11,1
Tamil Nadu,ERODE,2007,Whole Year,Sugarcane,41906,5286610,126.1540114
Tamil Nadu,ERODE,2007,Whole Year,Sunflower,7684,15416,2.006246746
Tamil Nadu,ERODE,2007,Whole Year,Sweet potato,3,41,13.66666667
Tamil Nadu,ERODE,2007,Whole Year,Tapioca,8345,375618,45.0111444
Tamil Nadu,ERODE,2007,Whole Year,Tobacco,3537,5610,1.586089907
Tamil Nadu,ERODE,2007,Whole Year,Turmeric,7882,54869,6.961304238
Tamil Nadu,ERODE,2007,Whole Year,Urad,1266,887,0.700631912
Tamil Nadu,ERODE,2008,Kharif,Rice,38053,196321,5.159146454
Tamil Nadu,ERODE,2008,Kharif,Small millets,12,10,0.833333333
Tamil Nadu,ERODE,2008,Whole Year,Arecanut,198,617,3.116161616
Tamil Nadu,ERODE,2008,Whole Year,Arhar/Tur,1488,2055,1.381048387
Tamil Nadu,ERODE,2008,Whole Year,Bajra,242,426,1.760330579
Tamil Nadu,ERODE,2008,Whole Year,Banana,10986,623763,56.77799017
Tamil Nadu,ERODE,2008,Whole Year,Black pepper,6,1,0.166666667
Tamil Nadu,ERODE,2008,Whole Year,Cardamom,8,1,0.125
Tamil Nadu,ERODE,2008,Whole Year,Cashewnut,25,64,2.56
Tamil Nadu,ERODE,2008,Whole Year,Castor seed,974,283,0.290554415
Tamil Nadu,ERODE,2008,Whole Year,Coconut,10014,3318000,331.3361294
Tamil Nadu,ERODE,2008,Whole Year,Cotton(lint),1761,6605,3.750709824
Tamil Nadu,ERODE,2008,Whole Year,Dry chillies,397,498,1.25440806
Tamil Nadu,ERODE,2008,Whole Year,Dry ginger,5,100,20
Tamil Nadu,ERODE,2008,Whole Year,Garlic,38,214,5.631578947
Tamil Nadu,ERODE,2008,Whole Year,Groundnut,24994,53515,2.141113867
Tamil Nadu,ERODE,2008,Whole Year,Horse-gram,852,1133,1.329812207
Tamil Nadu,ERODE,2008,Whole Year,Jowar,98,309,3.153061224
Tamil Nadu,ERODE,2008,Whole Year,Maize,17685,174320,9.85694091
Tamil Nadu,ERODE,2008,Whole Year,Moong(Green Gram),1038,1608,1.549132948
Tamil Nadu,ERODE,2008,Whole Year,Onion,1440,28753,19.96736111
Tamil Nadu,ERODE,2008,Whole Year,Potato,155,2858,18.43870968
Tamil Nadu,ERODE,2008,Whole Year,Ragi,6146,8434,1.37227465
Tamil Nadu,ERODE,2008,Whole Year,Rapeseed &Mustard,45,10,0.222222222
Tamil Nadu,ERODE,2008,Whole Year,Sesamum,16216,12298,0.758386778
Tamil Nadu,ERODE,2008,Whole Year,Small millets,12,10,0.833333333
Tamil Nadu,ERODE,2008,Whole Year,Sugarcane,37039,4632740,125.0773509
Tamil Nadu,ERODE,2008,Whole Year,Sunflower,1098,4760,4.335154827
Tamil Nadu,ERODE,2008,Whole Year,Sweet potato,14,186,13.28571429
Tamil Nadu,ERODE,2008,Whole Year,Tapioca,8395,413762,49.28671828
Tamil Nadu,ERODE,2008,Whole Year,Tobacco,2980,4726,1.58590604
Tamil Nadu,ERODE,2008,Whole Year,Turmeric,8365,52872,6.320621638
Tamil Nadu,ERODE,2008,Whole Year,Urad,1793,862,0.480758505
Tamil Nadu,ERODE,2009,Kharif,Rice,38114,156419,4.103977541
Tamil Nadu,ERODE,2009,Kharif,Small millets,22,19,0.863636364
Tamil Nadu,ERODE,2009,Whole Year,Arecanut,215,333,1.548837209
Tamil Nadu,ERODE,2009,Whole Year,Arhar/Tur,1024,1317,1.286132813
Tamil Nadu,ERODE,2009,Whole Year,Bajra,222,342,1.540540541
Tamil Nadu,ERODE,2009,Whole Year,Banana,10919,370426,33.92490155
Tamil Nadu,ERODE,2009,Whole Year,Black pepper,3,,
Tamil Nadu,ERODE,2009,Whole Year,Cardamom,2,,
Tamil Nadu,ERODE,2009,Whole Year,Cashewnut,27,14,0.518518519
Tamil Nadu,ERODE,2009,Whole Year,Castor seed,640,177,0.2765625
Tamil Nadu,ERODE,2009,Whole Year,Coconut,10474,145000,13.8438037
Tamil Nadu,ERODE,2009,Whole Year,Coriander,1,,
Tamil Nadu,ERODE,2009,Whole Year,Cotton(lint),1421,6226,4.381421534
Tamil Nadu,ERODE,2009,Whole Year,Dry chillies,323,173,0.535603715
Tamil Nadu,ERODE,2009,Whole Year,Dry ginger,3,48,16
Tamil Nadu,ERODE,2009,Whole Year,Garlic,32,180,5.625
Tamil Nadu,ERODE,2009,Whole Year,Gram,1,1,1
Tamil Nadu,ERODE,2009,Whole Year,Groundnut,19392,32860,1.694513201
Tamil Nadu,ERODE,2009,Whole Year,Horse-gram,880,405,0.460227273
Tamil Nadu,ERODE,2009,Whole Year,Jowar,27,43,1.592592593
Tamil Nadu,ERODE,2009,Whole Year,Maize,13781,92829,6.736013352
Tamil Nadu,ERODE,2009,Whole Year,Moong(Green Gram),695,240,0.345323741
Tamil Nadu,ERODE,2009,Whole Year,Onion,1631,25878,15.86633967
Tamil Nadu,ERODE,2009,Whole Year,Potato,141,2590,18.36879433
Tamil Nadu,ERODE,2009,Whole Year,Ragi,6726,8325,1.237734166
Tamil Nadu,ERODE,2009,Whole Year,Rapeseed &Mustard,45,10,0.222222222
Tamil Nadu,ERODE,2009,Whole Year,Sesamum,12923,8721,0.674843303
Tamil Nadu,ERODE,2009,Whole Year,Sugarcane,34596,3507607,101.387646
Tamil Nadu,ERODE,2009,Whole Year,Sunflower,274,586,2.138686131
Tamil Nadu,ERODE,2009,Whole Year,Sweet potato,4,59,14.75
Tamil Nadu,ERODE,2009,Whole Year,Tapioca,8670,308313,35.56089965
Tamil Nadu,ERODE,2009,Whole Year,Tobacco,3574,5668,1.585898153
Tamil Nadu,ERODE,2009,Whole Year,Turmeric,9854,56673,5.75126852
Tamil Nadu,ERODE,2009,Whole Year,Urad,929,353,0.379978471
Tamil Nadu,ERODE,2010,Kharif,Arhar/Tur,1330,1173,0.881954887
Tamil Nadu,ERODE,2010,Kharif,Castor seed,575,222,0.386086957
Tamil Nadu,ERODE,2010,Kharif,Cotton(lint),1347,4552,3.379361544
Tamil Nadu,ERODE,2010,Kharif,Groundnut,19895,37026,1.861070621
Tamil Nadu,ERODE,2010,Kharif,Horse-gram,997,588,0.589769308
Tamil Nadu,ERODE,2010,Kharif,Maize,12575,74744,5.943856859
Tamil Nadu,ERODE,2010,Kharif,Moong(Green Gram),636,97,0.152515723
Tamil Nadu,ERODE,2010,Kharif,Ragi,6441,9950,1.544791181
Tamil Nadu,ERODE,2010,Kharif,Rice,36659,154538,4.215554161
Tamil Nadu,ERODE,2010,Kharif,Sunflower,90,129,1.433333333
Tamil Nadu,ERODE,2010,Kharif,Urad,977,482,0.493346981
Tamil Nadu,ERODE,2010,Whole Year,Sugarcane,34479,4115118,119.3514313
Tamil Nadu,ERODE,2011,Kharif,Bajra,79,175,2.215189873
Tamil Nadu,ERODE,2011,Kharif,Cotton(lint),279,1216,4.358422939
Tamil Nadu,ERODE,2011,Kharif,Groundnut,16771,18751,1.118060939
Tamil Nadu,ERODE,2011,Kharif,Jute,2,,
Tamil Nadu,ERODE,2011,Kharif,Maize,12126,68958,5.686788718
Tamil Nadu,ERODE,2011,Kharif,Ragi,5459,10594,1.94064847
Tamil Nadu,ERODE,2011,Kharif,Rice,33719,144357,4.281176785
Tamil Nadu,ERODE,2011,Rabi,Cotton(lint),569,1452,2.551845343
Tamil Nadu,ERODE,2011,Rabi,Groundnut,1763,7302,4.141803744
Tamil Nadu,ERODE,2011,Rabi,Maize,459,2336,5.089324619
Tamil Nadu,ERODE,2011,Rabi,Rapeseed &Mustard,22,5,0.227272727
Tamil Nadu,ERODE,2011,Whole Year,Arecanut,233,1003,4.30472103
Tamil Nadu,ERODE,2011,Whole Year,Arhar/Tur,1175,707,0.601702128
Tamil Nadu,ERODE,2011,Whole Year,Banana,5246,159356,30.37666794
Tamil Nadu,ERODE,2011,Whole Year,Black pepper,7,2,0.285714286
Tamil Nadu,ERODE,2011,Whole Year,Cardamom,1,,
Tamil Nadu,ERODE,2011,Whole Year,Cashewnut,23,6,0.260869565
Tamil Nadu,ERODE,2011,Whole Year,Castor seed,379,165,0.435356201
Tamil Nadu,ERODE,2011,Whole Year,Coconut,11368,202100000,17777.97326
Tamil Nadu,ERODE,2011,Whole Year,Dry chillies,169,74,0.437869822
Tamil Nadu,ERODE,2011,Whole Year,Dry ginger,4,44,11
Tamil Nadu,ERODE,2011,Whole Year,Garlic,32,150,4.6875
Tamil Nadu,ERODE,2011,Whole Year,Horse-gram,431,188,0.436194896
Tamil Nadu,ERODE,2011,Whole Year,Moong(Green Gram),521,360,0.690978887
Tamil Nadu,ERODE,2011,Whole Year,Onion,1275,13003,10.19843137
Tamil Nadu,ERODE,2011,Whole Year,Potato,238,4342,18.24369748
Tamil Nadu,ERODE,2011,Whole Year,Small millets,11,14,1.272727273
Tamil Nadu,ERODE,2011,Whole Year,Sugarcane,31541,3545831,112.4197394
Tamil Nadu,ERODE,2011,Whole Year,Sunflower,119,184,1.546218487
Tamil Nadu,ERODE,2011,Whole Year,Tapioca,5892,237160,40.25118805
Tamil Nadu,ERODE,2011,Whole Year,Tobacco,1329,4676,3.518434913
Tamil Nadu,ERODE,2011,Whole Year,Turmeric,12857,65108,5.064011822
Tamil Nadu,ERODE,2011,Whole Year,Urad,1018,813,0.798624754
Tamil Nadu,ERODE,2012,Kharif,Arhar/Tur,826,210,0.254237288
Tamil Nadu,ERODE,2012,Kharif,Castor seed,954,95.37,0.099968553
Tamil Nadu,ERODE,2012,Kharif,Cotton(lint),696,1713,2.461206897
Tamil Nadu,ERODE,2012,Kharif,Groundnut,15710,22070,1.404837683
Tamil Nadu,ERODE,2012,Kharif,Horse-gram,607,243,0.400329489
Tamil Nadu,ERODE,2012,Kharif,Maize,13955,64089,4.592547474
Tamil Nadu,ERODE,2012,Kharif,Moong(Green Gram),340,90,0.264705882
Tamil Nadu,ERODE,2012,Kharif,Ragi,5099,9337,1.831143361
Tamil Nadu,ERODE,2012,Kharif,Rice,6603,29125,4.410873845
Tamil Nadu,ERODE,2012,Kharif,Sunflower,52,56,1.076923077
Tamil Nadu,ERODE,2012,Kharif,Urad,478,261,0.546025105
Tamil Nadu,ERODE,2012,Rabi,Gram,1,,
Tamil Nadu,ERODE,2012,Whole Year,Sugarcane,31227,2832977,90.72203542
Tamil Nadu,ERODE,2013,Kharif,Bajra,87,199,2.287356322
Tamil Nadu,ERODE,2013,Kharif,Castor seed,346,101,0.291907514
Tamil Nadu,ERODE,2013,Kharif,Cotton(lint),448,1284,2.866071429
Tamil Nadu,ERODE,2013,Kharif,Groundnut,15110,28484,1.885109199
Tamil Nadu,ERODE,2013,Kharif,Horse-gram,917,590,0.643402399
Tamil Nadu,ERODE,2013,Kharif,Maize,17068,105065,6.155671432
Tamil Nadu,ERODE,2013,Kharif,Moong(Green Gram),262,147,0.561068702
Tamil Nadu,ERODE,2013,Kharif,Onion,896,10570,11.796875
Tamil Nadu,ERODE,2013,Kharif,Potato,411,6777,16.48905109
Tamil Nadu,ERODE,2013,Kharif,Ragi,5626,13425,2.386242446
Tamil Nadu,ERODE,2013,Kharif,Rice,30889,163021,5.277639289
Tamil Nadu,ERODE,2013,Kharif,Sunflower,9,16,1.777777778
Tamil Nadu,ERODE,2013,Kharif,Urad,443,372,0.83972912
Tamil Nadu,ERODE,2013,Rabi,Bajra,8,16,2
Tamil Nadu,ERODE,2013,Rabi,Cotton(lint),120,241,2.008333333
Tamil Nadu,ERODE,2013,Rabi,Groundnut,2001,3368,1.683158421
Tamil Nadu,ERODE,2013,Rabi,Horse-gram,30,19,0.633333333
Tamil Nadu,ERODE,2013,Rabi,Maize,1191,5958,5.002518892
Tamil Nadu,ERODE,2013,Rabi,Moong(Green Gram),99,80,0.808080808
Tamil Nadu,ERODE,2013,Rabi,Onion,243,2058,8.469135802
Tamil Nadu,ERODE,2013,Rabi,Rapeseed &Mustard,12,3,0.25
Tamil Nadu,ERODE,2013,Rabi,Sunflower,27,27,1
Tamil Nadu,ERODE,2013,Rabi,Urad,340,290,0.852941176
Tamil Nadu,ERODE,2013,Whole Year,Arecanut,367,810,2.207084469
Tamil Nadu,ERODE,2013,Whole Year,Arhar/Tur,1541,1200,0.77871512
Tamil Nadu,ERODE,2013,Whole Year,Banana,10426,314123,30.12881258
Tamil Nadu,ERODE,2013,Whole Year,Black pepper,3,1,0.333333333
Tamil Nadu,ERODE,2013,Whole Year,Cardamom,1,,
Tamil Nadu,ERODE,2013,Whole Year,Cashewnut,15,4,0.266666667
Tamil Nadu,ERODE,2013,Whole Year,Coconut,13056,100600000,7705.269608
Tamil Nadu,ERODE,2013,Whole Year,Coriander,3,1,0.333333333
Tamil Nadu,ERODE,2013,Whole Year,Dry chillies,198,54,0.272727273
Tamil Nadu,ERODE,2013,Whole Year,Dry ginger,3,21,7
Tamil Nadu,ERODE,2013,Whole Year,Garlic,32,153,4.78125
Tamil Nadu,ERODE,2013,Whole Year,Small millets,8,9,1.125
Tamil Nadu,ERODE,2013,Whole Year,Sugarcane,23539,2562633,108.867539
Tamil Nadu,ERODE,2013,Whole Year,Tapioca,4794,180844,37.72298707
Tamil Nadu,ERODE,2013,Whole Year,Tobacco,2005,3152,1.572069825
Tamil Nadu,ERODE,2013,Whole Year,Turmeric,8179,40641,4.968944859
Tamil Nadu,KANCHIPURAM,1997,Kharif,Banana,145,3004,20.71724138
Tamil Nadu,KANCHIPURAM,1997,Kharif,Horse-gram,37,20,0.540540541
Tamil Nadu,KANCHIPURAM,1997,Kharif,Onion,1,8,8
Tamil Nadu,KANCHIPURAM,1997,Kharif,Sesamum,623,490,0.786516854
Tamil Nadu,KANCHIPURAM,1997,Kharif,Small millets,5,10,2
Tamil Nadu,KANCHIPURAM,1997,Whole Year,Arhar/Tur,9,10,1.111111111
Tamil Nadu,KANCHIPURAM,1997,Whole Year,Banana,242,9290,38.38842975
Tamil Nadu,KANCHIPURAM,1997,Whole Year,Cashewnut,591,370,0.62605753
Tamil Nadu,KANCHIPURAM,1997,Whole Year,Cotton(lint),119,230,1.932773109
Tamil Nadu,KANCHIPURAM,1997,Whole Year,Dry chillies,288,320,1.111111111
Tamil Nadu,KANCHIPURAM,1997,Whole Year,Groundnut,29227,56590,1.936223355
Tamil Nadu,KANCHIPURAM,1997,Whole Year,Jowar,4,10,2.5
Tamil Nadu,KANCHIPURAM,1997,Whole Year,Moong(Green Gram),527,190,0.360531309
Tamil Nadu,KANCHIPURAM,1997,Whole Year,Pulses total,2405,910,0.378378378
Tamil Nadu,KANCHIPURAM,1997,Whole Year,Ragi,1036,1740,1.67953668
Tamil Nadu,KANCHIPURAM,1997,Whole Year,Rice,154694,505700,3.269034352
Tamil Nadu,KANCHIPURAM,1997,Whole Year,Sugarcane,6735,9896000,1469.339272
Tamil Nadu,KANCHIPURAM,1997,Whole Year,Sweet potato,53,350,6.603773585
Tamil Nadu,KANCHIPURAM,1997,Whole Year,Tapioca,7,260,37.14285714
Tamil Nadu,KANCHIPURAM,1997,Whole Year,Total foodgrain,158145,508380,3.214644788
Tamil Nadu,KANCHIPURAM,1997,Whole Year,Urad,1046,490,0.468451243
Tamil Nadu,KANCHIPURAM,1998,Kharif,Arhar/Tur,101,87,0.861386139
Tamil Nadu,KANCHIPURAM,1998,Kharif,Cotton(lint),90,206,2.288888889
Tamil Nadu,KANCHIPURAM,1998,Kharif,Groundnut,48027,127382,2.652299748
Tamil Nadu,KANCHIPURAM,1998,Kharif,Horse-gram,243,122,0.502057613
Tamil Nadu,KANCHIPURAM,1998,Kharif,Jowar,24,50,2.083333333
Tamil Nadu,KANCHIPURAM,1998,Kharif,Moong(Green Gram),3447,1644,0.476936466
Tamil Nadu,KANCHIPURAM,1998,Kharif,Pulses total,16754,7512,0.448370538
Tamil Nadu,KANCHIPURAM,1998,Kharif,Ragi,5358,11036,2.059723778
Tamil Nadu,KANCHIPURAM,1998,Kharif,Rice,207871,711233,3.421511418
Tamil Nadu,KANCHIPURAM,1998,Kharif,Sesamum,3681,2327,0.632165173
Tamil Nadu,KANCHIPURAM,1998,Kharif,Sunflower,81,79,0.975308642
Tamil Nadu,KANCHIPURAM,1998,Kharif,Total foodgrain,230007,72983,0.317307734
Tamil Nadu,KANCHIPURAM,1998,Kharif,Urad,10055,4917,0.489010443
Tamil Nadu,KANCHIPURAM,1998,Whole Year,Banana,124,4760,38.38709677
Tamil Nadu,KANCHIPURAM,1998,Whole Year,Cashewnut,284,58,0.204225352
Tamil Nadu,KANCHIPURAM,1998,Whole Year,Coriander,22,7,0.318181818
Tamil Nadu,KANCHIPURAM,1998,Whole Year,Dry chillies,350,383,1.094285714
Tamil Nadu,KANCHIPURAM,1998,Whole Year,Garlic,12,63,5.25
Tamil Nadu,KANCHIPURAM,1998,Whole Year,Sannhamp,277,202,0.729241877
Tamil Nadu,KANCHIPURAM,1998,Whole Year,Sugarcane,23801,5775500,242.6578715
Tamil Nadu,KANCHIPURAM,1998,Whole Year,Sweet potato,69,1146,16.60869565
Tamil Nadu,KANCHIPURAM,1998,Whole Year,Tapioca,32,1188,37.125
Tamil Nadu,KANCHIPURAM,1998,Whole Year,Turmeric,10,61,6.1
Tamil Nadu,KANCHIPURAM,1999,Kharif,Arhar/Tur,83,59,0.710843373
Tamil Nadu,KANCHIPURAM,1999,Kharif,Bajra,12,34,2.833333333
Tamil Nadu,KANCHIPURAM,1999,Kharif,Cotton(lint),192,454,2.364583333
Tamil Nadu,KANCHIPURAM,1999,Kharif,Groundnut,41829,96384,2.304238686
Tamil Nadu,KANCHIPURAM,1999,Kharif,Horse-gram,120,55,0.458333333
Tamil Nadu,KANCHIPURAM,1999,Kharif,Moong(Green Gram),3226,1752,0.543087415
Tamil Nadu,KANCHIPURAM,1999,Kharif,Ragi,5173,10797,2.087183453
Tamil Nadu,KANCHIPURAM,1999,Kharif,Rice,193691,618958,3.195595046
Tamil Nadu,KANCHIPURAM,1999,Kharif,Sesamum,3631,1768,0.486918204
Tamil Nadu,KANCHIPURAM,1999,Kharif,Sunflower,72,72,1
Tamil Nadu,KANCHIPURAM,1999,Kharif,Urad,8281,4290,0.518053375
Tamil Nadu,KANCHIPURAM,1999,Whole Year,Banana,145,3004,20.71724138
Tamil Nadu,KANCHIPURAM,1999,Whole Year,Cashewnut,439,129,0.293849658
Tamil Nadu,KANCHIPURAM,1999,Whole Year,Coriander,4,1,0.25
Tamil Nadu,KANCHIPURAM,1999,Whole Year,Dry chillies,357,389,1.089635854
Tamil Nadu,KANCHIPURAM,1999,Whole Year,Guar seed,8256,103950,12.59084302
Tamil Nadu,KANCHIPURAM,1999,Whole Year,Onion,1,8,8
Tamil Nadu,KANCHIPURAM,1999,Whole Year,Sugarcane,8256,996236,120.6681202
Tamil Nadu,KANCHIPURAM,1999,Whole Year,Sweet potato,14,106,7.571428571
Tamil Nadu,KANCHIPURAM,1999,Whole Year,Tapioca,3,106,35.33333333
Tamil Nadu,KANCHIPURAM,1999,Whole Year,Turmeric,368,1873,5.089673913
Tamil Nadu,KANCHIPURAM,2000,Kharif,Arhar/Tur,160,113,0.70625
Tamil Nadu,KANCHIPURAM,2000,Kharif,Bajra,23,52,2.260869565
Tamil Nadu,KANCHIPURAM,2000,Kharif,Castor seed,10,,
Tamil Nadu,KANCHIPURAM,2000,Kharif,Cotton(lint),234,559,2.388888889
Tamil Nadu,KANCHIPURAM,2000,Kharif,Groundnut,43956,105594,2.402265902
Tamil Nadu,KANCHIPURAM,2000,Kharif,Moong(Green Gram),3484,1627,0.466991963
Tamil Nadu,KANCHIPURAM,2000,Kharif,Other Kharif pulses,2449,622,0.253981217
Tamil Nadu,KANCHIPURAM,2000,Kharif,Ragi,5113,10164,1.987874047
Tamil Nadu,KANCHIPURAM,2000,Kharif,Rice,172517,574297,3.328929903
Tamil Nadu,KANCHIPURAM,2000,Kharif,Sesamum,2654,1441,0.542954032
Tamil Nadu,KANCHIPURAM,2000,Kharif,Sunflower,72,75,1.041666667
Tamil Nadu,KANCHIPURAM,2000,Kharif,Urad,8836,4577,0.517994568
Tamil Nadu,KANCHIPURAM,2000,Whole Year,Banana,26,539,20.73076923
Tamil Nadu,KANCHIPURAM,2000,Whole Year,Cashewnut,199,66,0.331658291
Tamil Nadu,KANCHIPURAM,2000,Whole Year,Coriander,10,2,0.2
Tamil Nadu,KANCHIPURAM,2000,Whole Year,Dry chillies,304,275,0.904605263
Tamil Nadu,KANCHIPURAM,2000,Whole Year,Sannhamp,10,7,0.7
Tamil Nadu,KANCHIPURAM,2000,Whole Year,Sugarcane,6159,743195,120.6681279
Tamil Nadu,KANCHIPURAM,2000,Whole Year,Sweet potato,7,53,7.571428571
Tamil Nadu,KANCHIPURAM,2000,Whole Year,Tapioca,13,461,35.46153846
Tamil Nadu,KANCHIPURAM,2000,Whole Year,Turmeric,4,20,5
Tamil Nadu,KANCHIPURAM,2001,Kharif,Arhar/Tur,6,0.1,0.016666667
Tamil Nadu,KANCHIPURAM,2001,Kharif,Bajra,47,110,2.340425532
Tamil Nadu,KANCHIPURAM,2001,Kharif,Cotton(lint),171,350,2.046783626
Tamil Nadu,KANCHIPURAM,2001,Kharif,Groundnut,27151,84670,3.118485507
Tamil Nadu,KANCHIPURAM,2001,Kharif,Jowar,1,1,1
Tamil Nadu,KANCHIPURAM,2001,Kharif,Moong(Green Gram),351,150,0.427350427
Tamil Nadu,KANCHIPURAM,2001,Kharif,Ragi,844,3070,3.637440758
Tamil Nadu,KANCHIPURAM,2001,Kharif,Rice,135160,478940,3.543503995
Tamil Nadu,KANCHIPURAM,2001,Kharif,Sesamum,649,480,0.739599384
Tamil Nadu,KANCHIPURAM,2001,Kharif,Urad,1519,600,0.394996708
Tamil Nadu,KANCHIPURAM,2001,Whole Year,Sugarcane,6165,932200,151.2084347
Tamil Nadu,KANCHIPURAM,2002,Kharif,Arhar/Tur,31,17,0.548387097
Tamil Nadu,KANCHIPURAM,2002,Kharif,Bajra,26,48,1.846153846
Tamil Nadu,KANCHIPURAM,2002,Kharif,Cotton(lint),141,275,1.95035461
Tamil Nadu,KANCHIPURAM,2002,Kharif,Groundnut,23529,59805,2.541756981
Tamil Nadu,KANCHIPURAM,2002,Kharif,Horse-gram,8,2,0.25
Tamil Nadu,KANCHIPURAM,2002,Kharif,Jowar,1,1,1
Tamil Nadu,KANCHIPURAM,2002,Kharif,Moong(Green Gram),309,132,0.427184466
Tamil Nadu,KANCHIPURAM,2002,Kharif,Other Kharif pulses,569,145,0.25483304
Tamil Nadu,KANCHIPURAM,2002,Kharif,Ragi,929,1754,1.888051668
Tamil Nadu,KANCHIPURAM,2002,Kharif,Rice,97420,278087,2.854516526
Tamil Nadu,KANCHIPURAM,2002,Kharif,Sesamum,1308,788,0.602446483
Tamil Nadu,KANCHIPURAM,2002,Kharif,Urad,2203,879,0.399001362
Tamil Nadu,KANCHIPURAM,2002,Whole Year,Ash Gourd,3,0,0
Tamil Nadu,KANCHIPURAM,2002,Whole Year,Banana,231,8536,36.95238095
Tamil Nadu,KANCHIPURAM,2002,Whole Year,Bhindi,177,1851,10.45762712
Tamil Nadu,KANCHIPURAM,2002,Whole Year,Bitter Gourd,22,0,0
Tamil Nadu,KANCHIPURAM,2002,Whole Year,Bottle Gourd,6,0,0
Tamil Nadu,KANCHIPURAM,2002,Whole Year,Brinjal,237,2388,10.07594937
Tamil Nadu,KANCHIPURAM,2002,Whole Year,Cashewnut,401,121,0.301745636
Tamil Nadu,KANCHIPURAM,2002,Whole Year,Citrus Fruit,42,47,1.119047619
Tamil Nadu,KANCHIPURAM,2002,Whole Year,Coconut,4564,14400,3.155127082
Tamil Nadu,KANCHIPURAM,2002,Whole Year,Cucumber,77,0,0
Tamil Nadu,KANCHIPURAM,2002,Whole Year,Drum Stick,6,0,0
Tamil Nadu,KANCHIPURAM,2002,Whole Year,Dry chillies,228,135,0.592105263
Tamil Nadu,KANCHIPURAM,2002,Whole Year,Jack Fruit,14,159,11.35714286
Tamil Nadu,KANCHIPURAM,2002,Whole Year,Lab-Lab,10,0,0
Tamil Nadu,KANCHIPURAM,2002,Whole Year,Mango,2562,4625,1.805230289
Tamil Nadu,KANCHIPURAM,2002,Whole Year,Other Citrus Fruit,20,0,0
Tamil Nadu,KANCHIPURAM,2002,Whole Year,Other Fresh Fruits,25,0,0
Tamil Nadu,KANCHIPURAM,2002,Whole Year,Other Vegetables,93,0,0
Tamil Nadu,KANCHIPURAM,2002,Whole Year,Papaya,3,0,0
Tamil Nadu,KANCHIPURAM,2002,Whole Year,Pome Fruit,231,1209,5.233766234
Tamil Nadu,KANCHIPURAM,2002,Whole Year,Pump Kin,80,0,0
Tamil Nadu,KANCHIPURAM,2002,Whole Year,Ribed Guard,14,0,0
Tamil Nadu,KANCHIPURAM,2002,Whole Year,Snak Guard,62,0,0
Tamil Nadu,KANCHIPURAM,2002,Whole Year,Sugarcane,5371,422030,78.57568423
Tamil Nadu,KANCHIPURAM,2002,Whole Year,Sweet potato,47,642,13.65957447
Tamil Nadu,KANCHIPURAM,2002,Whole Year,Tapioca,7,221,31.57142857
Tamil Nadu,KANCHIPURAM,2002,Whole Year,Tomato,24,296,12.33333333
Tamil Nadu,KANCHIPURAM,2002,Whole Year,Turmeric,5,19,3.8
Tamil Nadu,KANCHIPURAM,2002,Whole Year,Water Melon,931,0,0
Tamil Nadu,KANCHIPURAM,2002,Whole Year,Yam,6,0,0
Tamil Nadu,KANCHIPURAM,2003,Kharif,Arhar/Tur,50,31,0.62
Tamil Nadu,KANCHIPURAM,2003,Kharif,Bajra,222,294,1.324324324
Tamil Nadu,KANCHIPURAM,2003,Kharif,Castor seed,2,1,0.5
Tamil Nadu,KANCHIPURAM,2003,Kharif,Cotton(lint),162,304,1.87654321
Tamil Nadu,KANCHIPURAM,2003,Kharif,Groundnut,34112,90131,2.642208021
Tamil Nadu,KANCHIPURAM,2003,Kharif,Jowar,2,2,1
Tamil Nadu,KANCHIPURAM,2003,Kharif,Maize,12,19,1.583333333
Tamil Nadu,KANCHIPURAM,2003,Kharif,Moong(Green Gram),1206,512,0.424543947
Tamil Nadu,KANCHIPURAM,2003,Kharif,Other Kharif pulses,892,226,0.253363229
Tamil Nadu,KANCHIPURAM,2003,Kharif,Ragi,1362,3035,2.228340675
Tamil Nadu,KANCHIPURAM,2003,Kharif,Rice,97117,295638,3.044142632
Tamil Nadu,KANCHIPURAM,2003,Kharif,Sesamum,4156,1608,0.386910491
Tamil Nadu,KANCHIPURAM,2003,Kharif,Sunflower,6,8,1.333333333
Tamil Nadu,KANCHIPURAM,2003,Kharif,Urad,4632,1893,0.408678756
Tamil Nadu,KANCHIPURAM,2003,Whole Year,Ash Gourd,62,0,0
Tamil Nadu,KANCHIPURAM,2003,Whole Year,Banana,153,5412,35.37254902
Tamil Nadu,KANCHIPURAM,2003,Whole Year,Bhindi,592,5175,8.741554054
Tamil Nadu,KANCHIPURAM,2003,Whole Year,Bitter Gourd,61,0,0
Tamil Nadu,KANCHIPURAM,2003,Whole Year,Bottle Gourd,4,0,0
Tamil Nadu,KANCHIPURAM,2003,Whole Year,Brinjal,657,9185,13.98021309
Tamil Nadu,KANCHIPURAM,2003,Whole Year,Cashewnut,358,124,0.346368715
Tamil Nadu,KANCHIPURAM,2003,Whole Year,Citrus Fruit,35,37,1.057142857
Tamil Nadu,KANCHIPURAM,2003,Whole Year,Coconut,4115,27600,6.707168894
Tamil Nadu,KANCHIPURAM,2003,Whole Year,Coriander,11,3,0.272727273
Tamil Nadu,KANCHIPURAM,2003,Whole Year,Cucumber,45,0,0
Tamil Nadu,KANCHIPURAM,2003,Whole Year,Drum Stick,4,0,0
Tamil Nadu,KANCHIPURAM,2003,Whole Year,Dry chillies,297,158,0.531986532
Tamil Nadu,KANCHIPURAM,2003,Whole Year,Jack Fruit,14,135,9.642857143
Tamil Nadu,KANCHIPURAM,2003,Whole Year,Lab-Lab,6,0,0
Tamil Nadu,KANCHIPURAM,2003,Whole Year,Mango,2015,5902,2.929032258
Tamil Nadu,KANCHIPURAM,2003,Whole Year,Onion,5,45,9
Tamil Nadu,KANCHIPURAM,2003,Whole Year,Other Citrus Fruit,45,0,0
Tamil Nadu,KANCHIPURAM,2003,Whole Year,Other Fresh Fruits,25,0,0
Tamil Nadu,KANCHIPURAM,2003,Whole Year,Other Vegetables,140,0,0
Tamil Nadu,KANCHIPURAM,2003,Whole Year,Pome Fruit,205,1439,7.019512195
Tamil Nadu,KANCHIPURAM,2003,Whole Year,Pump Kin,21,0,0
Tamil Nadu,KANCHIPURAM,2003,Whole Year,Redish,8,0,0
Tamil Nadu,KANCHIPURAM,2003,Whole Year,Ribed Guard,11,0,0
Tamil Nadu,KANCHIPURAM,2003,Whole Year,Snak Guard,38,0,0
Tamil Nadu,KANCHIPURAM,2003,Whole Year,Sugarcane,4819,464050,96.29591201
Tamil Nadu,KANCHIPURAM,2003,Whole Year,Sweet potato,31,449,14.48387097
Tamil Nadu,KANCHIPURAM,2003,Whole Year,Tapioca,4,135,33.75
Tamil Nadu,KANCHIPURAM,2003,Whole Year,Tomato,59,599,10.15254237
Tamil Nadu,KANCHIPURAM,2003,Whole Year,Turmeric,13,54,4.153846154
Tamil Nadu,KANCHIPURAM,2003,Whole Year,Water Melon,1586,0,0
Tamil Nadu,KANCHIPURAM,2003,Whole Year,Yam,2,0,0
Tamil Nadu,KANCHIPURAM,2004,Kharif,Arhar/Tur,33,22,0.666666667
Tamil Nadu,KANCHIPURAM,2004,Kharif,Bajra,26,44,1.692307692
Tamil Nadu,KANCHIPURAM,2004,Kharif,Castor seed,4,1,0.25
Tamil Nadu,KANCHIPURAM,2004,Kharif,Cotton(lint),114,223,1.956140351
Tamil Nadu,KANCHIPURAM,2004,Kharif,Groundnut,25137,63376,2.521223694
Tamil Nadu,KANCHIPURAM,2004,Kharif,Horse-gram,82,24,0.292682927
Tamil Nadu,KANCHIPURAM,2004,Kharif,Jowar,2,2,1
Tamil Nadu,KANCHIPURAM,2004,Kharif,Maize,27,42,1.555555556
Tamil Nadu,KANCHIPURAM,2004,Kharif,Moong(Green Gram),668,266,0.398203593
Tamil Nadu,KANCHIPURAM,2004,Kharif,Other Kharif pulses,598,152,0.254180602
Tamil Nadu,KANCHIPURAM,2004,Kharif,Ragi,855,1578,1.845614035
Tamil Nadu,KANCHIPURAM,2004,Kharif,Rice,101674,307110,3.020536224
Tamil Nadu,KANCHIPURAM,2004,Kharif,Sesamum,2132,773,0.362570356
Tamil Nadu,KANCHIPURAM,2004,Kharif,Sunflower,43,46,1.069767442
Tamil Nadu,KANCHIPURAM,2004,Kharif,Urad,3054,1120,0.366732155
Tamil Nadu,KANCHIPURAM,2004,Whole Year,Banana,295,12531,42.4779661
Tamil Nadu,KANCHIPURAM,2004,Whole Year,Cashewnut,456,165,0.361842105
Tamil Nadu,KANCHIPURAM,2004,Whole Year,Coconut,4481,28800,6.4271368
Tamil Nadu,KANCHIPURAM,2004,Whole Year,Coriander,5,2,0.4
Tamil Nadu,KANCHIPURAM,2004,Whole Year,Dry chillies,213,142,0.666666667
Tamil Nadu,KANCHIPURAM,2004,Whole Year,Onion,6,58,9.666666667
Tamil Nadu,KANCHIPURAM,2004,Whole Year,Sugarcane,4174,397085,95.13296598
Tamil Nadu,KANCHIPURAM,2004,Whole Year,Sweet potato,37,559,15.10810811
Tamil Nadu,KANCHIPURAM,2004,Whole Year,Tapioca,3,124,41.33333333
Tamil Nadu,KANCHIPURAM,2004,Whole Year,Turmeric,27,148,5.481481481
Tamil Nadu,KANCHIPURAM,2005,Kharif,Arhar/Tur,29,16,0.551724138
Tamil Nadu,KANCHIPURAM,2005,Kharif,Bajra,12,26,2.166666667
Tamil Nadu,KANCHIPURAM,2005,Kharif,Castor seed,12,2,0.166666667
Tamil Nadu,KANCHIPURAM,2005,Kharif,Cotton(lint),114,241,2.114035088
Tamil Nadu,KANCHIPURAM,2005,Kharif,Groundnut,24316,76853,3.160593848
Tamil Nadu,KANCHIPURAM,2005,Kharif,Horse-gram,65,24,0.369230769
Tamil Nadu,KANCHIPURAM,2005,Kharif,Jowar,1,1,1
Tamil Nadu,KANCHIPURAM,2005,Kharif,Maize,17,,
Tamil Nadu,KANCHIPURAM,2005,Kharif,Moong(Green Gram),562,189,0.336298932
Tamil Nadu,KANCHIPURAM,2005,Kharif,Other Kharif pulses,484,162,0.334710744
Tamil Nadu,KANCHIPURAM,2005,Kharif,Ragi,603,993,1.646766169
Tamil Nadu,KANCHIPURAM,2005,Kharif,Rice,114720,293875,2.561671897
Tamil Nadu,KANCHIPURAM,2005,Kharif,Sesamum,2204,1049,0.475952813
Tamil Nadu,KANCHIPURAM,2005,Kharif,Sunflower,46,57,1.239130435
Tamil Nadu,KANCHIPURAM,2005,Kharif,Urad,3792,2305,0.60785865
Tamil Nadu,KANCHIPURAM,2005,Rabi,Gram,2,1,0.5
Tamil Nadu,KANCHIPURAM,2005,Whole Year,Banana,333,16352,49.10510511
Tamil Nadu,KANCHIPURAM,2005,Whole Year,Cashewnut,479,181,0.377870564
Tamil Nadu,KANCHIPURAM,2005,Whole Year,Coconut,4633,500,0.107921433
Tamil Nadu,KANCHIPURAM,2005,Whole Year,Coriander,3,1,0.333333333
Tamil Nadu,KANCHIPURAM,2005,Whole Year,Dry chillies,383,249,0.650130548
Tamil Nadu,KANCHIPURAM,2005,Whole Year,Sugarcane,5902,492445,83.43697052
Tamil Nadu,KANCHIPURAM,2005,Whole Year,Sweet potato,23,480,20.86956522
Tamil Nadu,KANCHIPURAM,2005,Whole Year,Turmeric,5,28,5.6
Tamil Nadu,KANCHIPURAM,2006,Kharif,Rice,103107,395134,3.83227133
Tamil Nadu,KANCHIPURAM,2006,Whole Year,Arhar/Tur,14,10,0.714285714
Tamil Nadu,KANCHIPURAM,2006,Whole Year,Bajra,32,74,2.3125
Tamil Nadu,KANCHIPURAM,2006,Whole Year,Banana,406,21755,53.58374384
Tamil Nadu,KANCHIPURAM,2006,Whole Year,Cardamom,3,,
Tamil Nadu,KANCHIPURAM,2006,Whole Year,Cashewnut,336,165,0.491071429
Tamil Nadu,KANCHIPURAM,2006,Whole Year,Coconut,3482,441,0.12665135
Tamil Nadu,KANCHIPURAM,2006,Whole Year,Coriander,9,3,0.333333333
Tamil Nadu,KANCHIPURAM,2006,Whole Year,Cotton(lint),13,35,2.692307692
Tamil Nadu,KANCHIPURAM,2006,Whole Year,Dry chillies,116,81,0.698275862
Tamil Nadu,KANCHIPURAM,2006,Whole Year,Garlic,2,12,6
Tamil Nadu,KANCHIPURAM,2006,Whole Year,Gram,4,3,0.75
Tamil Nadu,KANCHIPURAM,2006,Whole Year,Groundnut,21641,89795,4.14929994
Tamil Nadu,KANCHIPURAM,2006,Whole Year,Horse-gram,41,24,0.585365854
Tamil Nadu,KANCHIPURAM,2006,Whole Year,Jowar,9,17,1.888888889
Tamil Nadu,KANCHIPURAM,2006,Whole Year,Maize,5,13,2.6
Tamil Nadu,KANCHIPURAM,2006,Whole Year,Moong(Green Gram),146,140,0.95890411
Tamil Nadu,KANCHIPURAM,2006,Whole Year,Potato,8,119,14.875
Tamil Nadu,KANCHIPURAM,2006,Whole Year,Ragi,197,398,2.020304569
Tamil Nadu,KANCHIPURAM,2006,Whole Year,Rapeseed &Mustard,18,4,0.222222222
Tamil Nadu,KANCHIPURAM,2006,Whole Year,Sesamum,553,441,0.797468354
Tamil Nadu,KANCHIPURAM,2006,Whole Year,Sugarcane,5394,462746,85.78902484
Tamil Nadu,KANCHIPURAM,2006,Whole Year,Sunflower,30,55,1.833333333
Tamil Nadu,KANCHIPURAM,2006,Whole Year,Sweet potato,1,17,17
Tamil Nadu,KANCHIPURAM,2006,Whole Year,Tapioca,5,202,40.4
Tamil Nadu,KANCHIPURAM,2006,Whole Year,Turmeric,2,11,5.5
Tamil Nadu,KANCHIPURAM,2006,Whole Year,Urad,669,595,0.889387145
Tamil Nadu,KANCHIPURAM,2007,Kharif,Rice,91356,345129,3.777847104
Tamil Nadu,KANCHIPURAM,2007,Whole Year,Arhar/Tur,4,3,0.75
Tamil Nadu,KANCHIPURAM,2007,Whole Year,Bajra,29,76,2.620689655
Tamil Nadu,KANCHIPURAM,2007,Whole Year,Banana,339,16184,47.74041298
Tamil Nadu,KANCHIPURAM,2007,Whole Year,Cashewnut,310,177,0.570967742
Tamil Nadu,KANCHIPURAM,2007,Whole Year,Castor seed,11,2,0.181818182
Tamil Nadu,KANCHIPURAM,2007,Whole Year,Coconut,3519,402,0.114236999
Tamil Nadu,KANCHIPURAM,2007,Whole Year,Coriander,4,2,0.5
Tamil Nadu,KANCHIPURAM,2007,Whole Year,Cotton(lint),12,32,2.666666667
Tamil Nadu,KANCHIPURAM,2007,Whole Year,Dry chillies,96,49,0.510416667
Tamil Nadu,KANCHIPURAM,2007,Whole Year,Gram,4,3,0.75
Tamil Nadu,KANCHIPURAM,2007,Whole Year,Groundnut,21863,65522,2.996935462
Tamil Nadu,KANCHIPURAM,2007,Whole Year,Horse-gram,46,20,0.434782609
Tamil Nadu,KANCHIPURAM,2007,Whole Year,Jowar,16,22,1.375
Tamil Nadu,KANCHIPURAM,2007,Whole Year,Maize,5,27,5.4
Tamil Nadu,KANCHIPURAM,2007,Whole Year,Moong(Green Gram),108,63,0.583333333
Tamil Nadu,KANCHIPURAM,2007,Whole Year,Potato,1,17,17
Tamil Nadu,KANCHIPURAM,2007,Whole Year,Ragi,157,329,2.095541401
Tamil Nadu,KANCHIPURAM,2007,Whole Year,Rapeseed &Mustard,3,1,0.333333333
Tamil Nadu,KANCHIPURAM,2007,Whole Year,Sesamum,433,271,0.625866051
Tamil Nadu,KANCHIPURAM,2007,Whole Year,Sugarcane,4847,479814,98.99195379
Tamil Nadu,KANCHIPURAM,2007,Whole Year,Sunflower,64,102,1.59375
Tamil Nadu,KANCHIPURAM,2007,Whole Year,Sweet potato,4,54,13.5
Tamil Nadu,KANCHIPURAM,2007,Whole Year,Tapioca,6,253,42.16666667
Tamil Nadu,KANCHIPURAM,2007,Whole Year,Turmeric,2,11,5.5
Tamil Nadu,KANCHIPURAM,2007,Whole Year,Urad,610,451,0.739344262
Tamil Nadu,KANCHIPURAM,2008,Kharif,Rice,90874,329210,3.622708365
Tamil Nadu,KANCHIPURAM,2008,Whole Year,Arhar/Tur,3,2,0.666666667
Tamil Nadu,KANCHIPURAM,2008,Whole Year,Bajra,2,4,2
Tamil Nadu,KANCHIPURAM,2008,Whole Year,Banana,276,12269,44.45289855
Tamil Nadu,KANCHIPURAM,2008,Whole Year,Cashewnut,206,107,0.519417476
Tamil Nadu,KANCHIPURAM,2008,Whole Year,Castor seed,5,1,0.2
Tamil Nadu,KANCHIPURAM,2008,Whole Year,Coconut,3207,435000,135.6407858
Tamil Nadu,KANCHIPURAM,2008,Whole Year,Cotton(lint),2,6,3
Tamil Nadu,KANCHIPURAM,2008,Whole Year,Dry chillies,61,31,0.508196721
Tamil Nadu,KANCHIPURAM,2008,Whole Year,Groundnut,21293,76317,3.584135631
Tamil Nadu,KANCHIPURAM,2008,Whole Year,Horse-gram,1,,
Tamil Nadu,KANCHIPURAM,2008,Whole Year,Jowar,18,21,1.166666667
Tamil Nadu,KANCHIPURAM,2008,Whole Year,Moong(Green Gram),28,6,0.214285714
Tamil Nadu,KANCHIPURAM,2008,Whole Year,Ragi,52,138,2.653846154
Tamil Nadu,KANCHIPURAM,2008,Whole Year,Sesamum,263,183,0.69581749
Tamil Nadu,KANCHIPURAM,2008,Whole Year,Sugarcane,1936,240128,124.0330579
Tamil Nadu,KANCHIPURAM,2008,Whole Year,Sunflower,14,19,1.357142857
Tamil Nadu,KANCHIPURAM,2008,Whole Year,Sweet potato,15,199,13.26666667
Tamil Nadu,KANCHIPURAM,2008,Whole Year,Tapioca,8,292,36.5
Tamil Nadu,KANCHIPURAM,2008,Whole Year,Turmeric,3,17,5.666666667
Tamil Nadu,KANCHIPURAM,2008,Whole Year,Urad,225,71,0.315555556
Tamil Nadu,KANCHIPURAM,2009,Kharif,Rice,91020,331434,3.641331575
Tamil Nadu,KANCHIPURAM,2009,Whole Year,Arhar/Tur,11,8,0.727272727
Tamil Nadu,KANCHIPURAM,2009,Whole Year,Bajra,1,1,1
Tamil Nadu,KANCHIPURAM,2009,Whole Year,Banana,287,12340,42.99651568
Tamil Nadu,KANCHIPURAM,2009,Whole Year,Cashewnut,277,139,0.501805054
Tamil Nadu,KANCHIPURAM,2009,Whole Year,Castor seed,2,,
Tamil Nadu,KANCHIPURAM,2009,Whole Year,Coconut,3156,33700,10.67807351
Tamil Nadu,KANCHIPURAM,2009,Whole Year,Cotton(lint),2,5,2.5
Tamil Nadu,KANCHIPURAM,2009,Whole Year,Dry chillies,109,58,0.532110092
Tamil Nadu,KANCHIPURAM,2009,Whole Year,Groundnut,17478,73184,4.187206774
Tamil Nadu,KANCHIPURAM,2009,Whole Year,Horse-gram,1,,
Tamil Nadu,KANCHIPURAM,2009,Whole Year,Jowar,8,10,1.25
Tamil Nadu,KANCHIPURAM,2009,Whole Year,Moong(Green Gram),60,21,0.35
Tamil Nadu,KANCHIPURAM,2009,Whole Year,Ragi,55,156,2.836363636
Tamil Nadu,KANCHIPURAM,2009,Whole Year,Sesamum,257,145,0.564202335
Tamil Nadu,KANCHIPURAM,2009,Whole Year,Sugarcane,625,63512,101.6192
Tamil Nadu,KANCHIPURAM,2009,Whole Year,Sunflower,3,4,1.333333333
Tamil Nadu,KANCHIPURAM,2009,Whole Year,Tapioca,16,551,34.4375
Tamil Nadu,KANCHIPURAM,2009,Whole Year,Turmeric,2,10,5
Tamil Nadu,KANCHIPURAM,2009,Whole Year,Urad,301,114,0.378737542
Tamil Nadu,KANCHIPURAM,2010,Kharif,Arhar/Tur,28,19,0.678571429
Tamil Nadu,KANCHIPURAM,2010,Kharif,Cotton(lint),1,2,2
Tamil Nadu,KANCHIPURAM,2010,Kharif,Groundnut,16327,72969,4.46922276
Tamil Nadu,KANCHIPURAM,2010,Kharif,Horse-gram,10,5,0.5
Tamil Nadu,KANCHIPURAM,2010,Kharif,Maize,5,19,3.8
Tamil Nadu,KANCHIPURAM,2010,Kharif,Moong(Green Gram),554,224,0.40433213
Tamil Nadu,KANCHIPURAM,2010,Kharif,Ragi,324,990,3.055555556
Tamil Nadu,KANCHIPURAM,2010,Kharif,Rice,95739,378628,3.954793762
Tamil Nadu,KANCHIPURAM,2010,Kharif,Sunflower,8,9,1.125
Tamil Nadu,KANCHIPURAM,2010,Kharif,Urad,1831,805,0.439650464
Tamil Nadu,KANCHIPURAM,2010,Rabi,Gram,1,,
Tamil Nadu,KANCHIPURAM,2010,Whole Year,Sugarcane,1039,132576,127.599615
Tamil Nadu,KANCHIPURAM,2011,Kharif,Bajra,54,119,2.203703704
Tamil Nadu,KANCHIPURAM,2011,Kharif,Groundnut,3701,6479,1.750607944
Tamil Nadu,KANCHIPURAM,2011,Kharif,Maize,37,211,5.702702703
Tamil Nadu,KANCHIPURAM,2011,Kharif,Ragi,75,198,2.64
Tamil Nadu,KANCHIPURAM,2011,Kharif,Rice,90419,395412,4.373107422
Tamil Nadu,KANCHIPURAM,2011,Rabi,Bajra,2,6,3
Tamil Nadu,KANCHIPURAM,2011,Rabi,Groundnut,12604,55857,4.431688353
Tamil Nadu,KANCHIPURAM,2011,Rabi,Maize,2,13,6.5
Tamil Nadu,KANCHIPURAM,2011,Rabi,Ragi,55,171,3.109090909
Tamil Nadu,KANCHIPURAM,2011,Whole Year,Arhar/Tur,34,30,0.882352941
Tamil Nadu,KANCHIPURAM,2011,Whole Year,Banana,258,11273,43.69379845
Tamil Nadu,KANCHIPURAM,2011,Whole Year,Cashewnut,300,79,0.263333333
Tamil Nadu,KANCHIPURAM,2011,Whole Year,Castor seed,2,,
Tamil Nadu,KANCHIPURAM,2011,Whole Year,Coconut,3435,25900000,7540.029112
Tamil Nadu,KANCHIPURAM,2011,Whole Year,Dry chillies,138,60,0.434782609
Tamil Nadu,KANCHIPURAM,2011,Whole Year,Horse-gram,3,2,0.666666667
Tamil Nadu,KANCHIPURAM,2011,Whole Year,Moong(Green Gram),300,151,0.503333333
Tamil Nadu,KANCHIPURAM,2011,Whole Year,Onion,1,9,9
Tamil Nadu,KANCHIPURAM,2011,Whole Year,Sugarcane,1819,204692,112.5299615
Tamil Nadu,KANCHIPURAM,2011,Whole Year,Sunflower,12,22,1.833333333
Tamil Nadu,KANCHIPURAM,2011,Whole Year,Sweet potato,4,82,20.5
Tamil Nadu,KANCHIPURAM,2011,Whole Year,Tapioca,92,3465,37.66304348
Tamil Nadu,KANCHIPURAM,2011,Whole Year,Tobacco,3,5,1.666666667
Tamil Nadu,KANCHIPURAM,2011,Whole Year,Turmeric,2,11,5.5
Tamil Nadu,KANCHIPURAM,2011,Whole Year,Urad,859,515,0.599534342
Tamil Nadu,KANCHIPURAM,2012,Kharif,Arhar/Tur,28,22,0.785714286
Tamil Nadu,KANCHIPURAM,2012,Kharif,Castor seed,2,,
Tamil Nadu,KANCHIPURAM,2012,Kharif,Groundnut,15992,57245,3.579602301
Tamil Nadu,KANCHIPURAM,2012,Kharif,Horse-gram,1,,
Tamil Nadu,KANCHIPURAM,2012,Kharif,Maize,7,25,3.571428571
Tamil Nadu,KANCHIPURAM,2012,Kharif,Moong(Green Gram),314,89,0.28343949
Tamil Nadu,KANCHIPURAM,2012,Kharif,Ragi,58,116,2
Tamil Nadu,KANCHIPURAM,2012,Kharif,Rice,77784,344875,4.433752443
Tamil Nadu,KANCHIPURAM,2012,Kharif,Urad,509,223,0.438113949
Tamil Nadu,KANCHIPURAM,2012,Whole Year,Sugarcane,1781,173889,97.63559798
Tamil Nadu,KANCHIPURAM,2013,Kharif,Bajra,44,100,2.272727273
Tamil Nadu,KANCHIPURAM,2013,Kharif,Cotton(lint),1,3,3
Tamil Nadu,KANCHIPURAM,2013,Kharif,Groundnut,3538,8994,2.542114189
Tamil Nadu,KANCHIPURAM,2013,Kharif,Horse-gram,1,,
Tamil Nadu,KANCHIPURAM,2013,Kharif,Jowar,5,6,1.2
Tamil Nadu,KANCHIPURAM,2013,Kharif,Maize,25,163,6.52
Tamil Nadu,KANCHIPURAM,2013,Kharif,Moong(Green Gram),259,146,0.563706564
Tamil Nadu,KANCHIPURAM,2013,Kharif,Ragi,213,583,2.737089202
Tamil Nadu,KANCHIPURAM,2013,Kharif,Rice,85564,391837,4.579460988
Tamil Nadu,KANCHIPURAM,2013,Kharif,Sunflower,5,9,1.8
Tamil Nadu,KANCHIPURAM,2013,Kharif,Urad,684,575,0.840643275
Tamil Nadu,KANCHIPURAM,2013,Rabi,Bajra,30,60,2
Tamil Nadu,KANCHIPURAM,2013,Rabi,Groundnut,8982,38030,4.234023603
Tamil Nadu,KANCHIPURAM,2013,Rabi,Horse-gram,11,7,0.636363636
Tamil Nadu,KANCHIPURAM,2013,Rabi,Jowar,24,52,2.166666667
Tamil Nadu,KANCHIPURAM,2013,Rabi,Maize,4,20,5
Tamil Nadu,KANCHIPURAM,2013,Rabi,Moong(Green Gram),242,195,0.805785124
Tamil Nadu,KANCHIPURAM,2013,Rabi,Ragi,294,1166,3.965986395
Tamil Nadu,KANCHIPURAM,2013,Rabi,Sunflower,2,2,1
Tamil Nadu,KANCHIPURAM,2013,Rabi,Urad,984,840,0.853658537
Tamil Nadu,KANCHIPURAM,2013,Whole Year,Arhar/Tur,138,133,0.963768116
Tamil Nadu,KANCHIPURAM,2013,Whole Year,Banana,223,9262,41.53363229
Tamil Nadu,KANCHIPURAM,2013,Whole Year,Cashewnut,191,54,0.282722513
Tamil Nadu,KANCHIPURAM,2013,Whole Year,Coconut,3097,33900000,10946.07685
Tamil Nadu,KANCHIPURAM,2013,Whole Year,Dry chillies,130,35,0.269230769
Tamil Nadu,KANCHIPURAM,2013,Whole Year,Gram,27,15,0.555555556
Tamil Nadu,KANCHIPURAM,2013,Whole Year,Small millets,2,1,0.5
Tamil Nadu,KANCHIPURAM,2013,Whole Year,Sugarcane,1731,179286,103.5736568
Tamil Nadu,KANCHIPURAM,2013,Whole Year,Sweet potato,5,106,21.2
Tamil Nadu,KANCHIPURAM,2013,Whole Year,Tapioca,133,3980,29.92481203
Tamil Nadu,KANNIYAKUMARI,1997,Kharif,Banana,5282,120433,22.8006437
Tamil Nadu,KANNIYAKUMARI,1997,Kharif,Small millets,26779,22060,0.823779827
Tamil Nadu,KANNIYAKUMARI,1997,Whole Year,Banana,4597,124600,27.10463346
Tamil Nadu,KANNIYAKUMARI,1997,Whole Year,Black pepper,73,10,0.136986301
Tamil Nadu,KANNIYAKUMARI,1997,Whole Year,Cardamom,124,10,0.080645161
Tamil Nadu,KANNIYAKUMARI,1997,Whole Year,Cashewnut,1770,1230,0.694915254
Tamil Nadu,KANNIYAKUMARI,1997,Whole Year,Dry ginger,9,290,32.22222222
Tamil Nadu,KANNIYAKUMARI,1997,Whole Year,Groundnut,139,170,1.223021583
Tamil Nadu,KANNIYAKUMARI,1997,Whole Year,Pulses total,2372,1080,0.455311973
Tamil Nadu,KANNIYAKUMARI,1997,Whole Year,Rice,31244,118640,3.797209064
Tamil Nadu,KANNIYAKUMARI,1997,Whole Year,Sweet potato,16,230,14.375
Tamil Nadu,KANNIYAKUMARI,1997,Whole Year,Tapioca,9715,219600,22.60422028
Tamil Nadu,KANNIYAKUMARI,1997,Whole Year,Total foodgrain,33616,119720,3.561399334
Tamil Nadu,KANNIYAKUMARI,1997,Whole Year,Urad,2279,1060,0.465116279
Tamil Nadu,KANNIYAKUMARI,1998,Kharif,Dry ginger,27,855,31.66666667
Tamil Nadu,KANNIYAKUMARI,1998,Kharif,Groundnut,63,87,1.380952381
Tamil Nadu,KANNIYAKUMARI,1998,Kharif,Horse-gram,1,1,1
Tamil Nadu,KANNIYAKUMARI,1998,Kharif,Moong(Green Gram),5,2,0.4
Tamil Nadu,KANNIYAKUMARI,1998,Kharif,Pulses total,3250,1511,0.464923077
Tamil Nadu,KANNIYAKUMARI,1998,Kharif,Rice,32907,115066,3.496702829
Tamil Nadu,KANNIYAKUMARI,1998,Kharif,Total foodgrain,36157,11657,0.322399535
Tamil Nadu,KANNIYAKUMARI,1998,Kharif,Urad,2985,1459,0.488777219
Tamil Nadu,KANNIYAKUMARI,1998,Whole Year,Banana,4616,125117,27.10506932
Tamil Nadu,KANNIYAKUMARI,1998,Whole Year,Black pepper,77,11,0.142857143
Tamil Nadu,KANNIYAKUMARI,1998,Whole Year,Cardamom,133,10,0.07518797
Tamil Nadu,KANNIYAKUMARI,1998,Whole Year,Cashewnut,3296,2284,0.692961165
Tamil Nadu,KANNIYAKUMARI,1998,Whole Year,Dry chillies,2,1,0.5
Tamil Nadu,KANNIYAKUMARI,1998,Whole Year,Sweet potato,65,1035,15.92307692
Tamil Nadu,KANNIYAKUMARI,1998,Whole Year,Tapioca,9453,213685,22.60499312
Tamil Nadu,KANNIYAKUMARI,1999,Kharif,Arhar/Tur,1,1,1
Tamil Nadu,KANNIYAKUMARI,1999,Kharif,Cotton(lint),1,2,2
Tamil Nadu,KANNIYAKUMARI,1999,Kharif,Dry ginger,20,530,26.5
Tamil Nadu,KANNIYAKUMARI,1999,Kharif,Groundnut,84,87,1.035714286
Tamil Nadu,KANNIYAKUMARI,1999,Kharif,Horse-gram,4,3,0.75
Tamil Nadu,KANNIYAKUMARI,1999,Kharif,Rice,31472,143642,4.564120488
Tamil Nadu,KANNIYAKUMARI,1999,Kharif,Urad,3504,1815,0.517979452
Tamil Nadu,KANNIYAKUMARI,1999,Whole Year,Banana,5282,120433,22.8006437
Tamil Nadu,KANNIYAKUMARI,1999,Whole Year,Cashewnut,3130,1211,0.386900958
Tamil Nadu,KANNIYAKUMARI,1999,Whole Year,Dry chillies,2,1,0.5
Tamil Nadu,KANNIYAKUMARI,1999,Whole Year,Tapioca,12576,323962,25.76033715
Tamil Nadu,KANNIYAKUMARI,2000,Kharif,Cotton(lint),4,8,2
Tamil Nadu,KANNIYAKUMARI,2000,Kharif,Dry ginger,2,53,26.5
Tamil Nadu,KANNIYAKUMARI,2000,Kharif,Groundnut,47,62,1.319148936
Tamil Nadu,KANNIYAKUMARI,2000,Kharif,Moong(Green Gram),23,11,0.47826087
Tamil Nadu,KANNIYAKUMARI,2000,Kharif,Other Kharif pulses,202,37,0.183168317
Tamil Nadu,KANNIYAKUMARI,2000,Kharif,Rice,28596,129425,4.525982655
Tamil Nadu,KANNIYAKUMARI,2000,Kharif,Urad,3272,1695,0.518031785
Tamil Nadu,KANNIYAKUMARI,2000,Whole Year,Banana,4520,103059,22.80066372
Tamil Nadu,KANNIYAKUMARI,2000,Whole Year,Cashewnut,1948,899,0.461498973
Tamil Nadu,KANNIYAKUMARI,2000,Whole Year,Tapioca,8179,210694,25.7603619
Tamil Nadu,KANNIYAKUMARI,2001,Kharif,Cotton(lint),4,1,0.25
Tamil Nadu,KANNIYAKUMARI,2001,Kharif,Groundnut,56,90,1.607142857
Tamil Nadu,KANNIYAKUMARI,2001,Kharif,Moong(Green Gram),7,0.1,0.014285714
Tamil Nadu,KANNIYAKUMARI,2001,Kharif,Rice,28229,121390,4.30018775
Tamil Nadu,KANNIYAKUMARI,2001,Kharif,Sesamum,9,1,0.111111111
Tamil Nadu,KANNIYAKUMARI,2001,Kharif,Urad,3599,1410,0.391775493
Tamil Nadu,KANNIYAKUMARI,2002,Kharif,Groundnut,42,44,1.047619048
Tamil Nadu,KANNIYAKUMARI,2002,Kharif,Horse-gram,5,1,0.2
Tamil Nadu,KANNIYAKUMARI,2002,Kharif,Moong(Green Gram),45,19,0.422222222
Tamil Nadu,KANNIYAKUMARI,2002,Kharif,Other Kharif pulses,344,68,0.197674419
Tamil Nadu,KANNIYAKUMARI,2002,Kharif,Rice,26052,98469,3.779709811
Tamil Nadu,KANNIYAKUMARI,2002,Kharif,Sesamum,9,3,0.333333333
Tamil Nadu,KANNIYAKUMARI,2002,Kharif,Urad,2640,1053,0.398863636
Tamil Nadu,KANNIYAKUMARI,2002,Whole Year,Arecanut,760,,
Tamil Nadu,KANNIYAKUMARI,2002,Whole Year,Banana,4974,126152,25.36228388
Tamil Nadu,KANNIYAKUMARI,2002,Whole Year,Bhindi,26,194,7.461538462
Tamil Nadu,KANNIYAKUMARI,2002,Whole Year,Bitter Gourd,13,0,0
Tamil Nadu,KANNIYAKUMARI,2002,Whole Year,Brinjal,44,335,7.613636364
Tamil Nadu,KANNIYAKUMARI,2002,Whole Year,Cashewnut,1938,568,0.293085655
Tamil Nadu,KANNIYAKUMARI,2002,Whole Year,Citrus Fruit,51,57,1.117647059
Tamil Nadu,KANNIYAKUMARI,2002,Whole Year,Coconut,22667,338200,14.92036882
Tamil Nadu,KANNIYAKUMARI,2002,Whole Year,Cucumber,55,0,0
Tamil Nadu,KANNIYAKUMARI,2002,Whole Year,Drum Stick,7,0,0
Tamil Nadu,KANNIYAKUMARI,2002,Whole Year,Dry ginger,17,273,16.05882353
Tamil Nadu,KANNIYAKUMARI,2002,Whole Year,Jack Fruit,779,8819,11.32092426
Tamil Nadu,KANNIYAKUMARI,2002,Whole Year,Mango,1735,2955,1.703170029
Tamil Nadu,KANNIYAKUMARI,2002,Whole Year,Orange,1,2,2
Tamil Nadu,KANNIYAKUMARI,2002,Whole Year,Other Citrus Fruit,7,0,0
Tamil Nadu,KANNIYAKUMARI,2002,Whole Year,Other Fresh Fruits,4,0,0
Tamil Nadu,KANNIYAKUMARI,2002,Whole Year,Other Vegetables,88,0,0
Tamil Nadu,KANNIYAKUMARI,2002,Whole Year,Papaya,2,0,0
Tamil Nadu,KANNIYAKUMARI,2002,Whole Year,Pineapple,51,1578,30.94117647
Tamil Nadu,KANNIYAKUMARI,2002,Whole Year,Pome Fruit,67,351,5.23880597
Tamil Nadu,KANNIYAKUMARI,2002,Whole Year,Pome Granet,5,0,0
Tamil Nadu,KANNIYAKUMARI,2002,Whole Year,Pump Kin,9,0,0
Tamil Nadu,KANNIYAKUMARI,2002,Whole Year,Snak Guard,19,0,0
Tamil Nadu,KANNIYAKUMARI,2002,Whole Year,Tapioca,7405,211442,28.55395003
Tamil Nadu,KANNIYAKUMARI,2002,Whole Year,Tomato,6,74,12.33333333
Tamil Nadu,KANNIYAKUMARI,2002,Whole Year,Yam,12,0,0
Tamil Nadu,KANNIYAKUMARI,2003,Kharif,Dry ginger,13,184,14.15384615
Tamil Nadu,KANNIYAKUMARI,2003,Kharif,Groundnut,87,106,1.218390805
Tamil Nadu,KANNIYAKUMARI,2003,Kharif,Horse-gram,5,1,0.2
Tamil Nadu,KANNIYAKUMARI,2003,Kharif,Moong(Green Gram),55,23,0.418181818
Tamil Nadu,KANNIYAKUMARI,2003,Kharif,Other Kharif pulses,261,50,0.191570881
Tamil Nadu,KANNIYAKUMARI,2003,Kharif,Rice,17320,52897,3.054099307
Tamil Nadu,KANNIYAKUMARI,2003,Kharif,Sesamum,4,1,0.25
Tamil Nadu,KANNIYAKUMARI,2003,Kharif,Urad,1661,679,0.408789886
Tamil Nadu,KANNIYAKUMARI,2003,Whole Year,Arecanut,761,,
Tamil Nadu,KANNIYAKUMARI,2003,Whole Year,Ash Gourd,6,0,0
Tamil Nadu,KANNIYAKUMARI,2003,Whole Year,Banana,5633,134686,23.9101722
Tamil Nadu,KANNIYAKUMARI,2003,Whole Year,Bhindi,32,224,7
Tamil Nadu,KANNIYAKUMARI,2003,Whole Year,Bitter Gourd,12,0,0
Tamil Nadu,KANNIYAKUMARI,2003,Whole Year,Black pepper,115,17,0.147826087
Tamil Nadu,KANNIYAKUMARI,2003,Whole Year,Brinjal,102,1141,11.18627451
Tamil Nadu,KANNIYAKUMARI,2003,Whole Year,Cardamom,124,11,0.088709677
Tamil Nadu,KANNIYAKUMARI,2003,Whole Year,Cashewnut,1938,1373,0.708462332
Tamil Nadu,KANNIYAKUMARI,2003,Whole Year,Citrus Fruit,43,45,1.046511628
Tamil Nadu,KANNIYAKUMARI,2003,Whole Year,Coconut,23664,186000,7.860040568
Tamil Nadu,KANNIYAKUMARI,2003,Whole Year,Cucumber,56,0,0
Tamil Nadu,KANNIYAKUMARI,2003,Whole Year,Drum Stick,7,0,0
Tamil Nadu,KANNIYAKUMARI,2003,Whole Year,Jack Fruit,773,7469,9.662354463
Tamil Nadu,KANNIYAKUMARI,2003,Whole Year,Mango,1735,1333,0.768299712
Tamil Nadu,KANNIYAKUMARI,2003,Whole Year,Orange,4,8,2
Tamil Nadu,KANNIYAKUMARI,2003,Whole Year,Other Citrus Fruit,37,0,0
Tamil Nadu,KANNIYAKUMARI,2003,Whole Year,Other Fresh Fruits,3,0,0
Tamil Nadu,KANNIYAKUMARI,2003,Whole Year,Other Vegetables,89,0,0
Tamil Nadu,KANNIYAKUMARI,2003,Whole Year,Pineapple,33,543,16.45454545
Tamil Nadu,KANNIYAKUMARI,2003,Whole Year,Pome Fruit,68,478,7.029411765
Tamil Nadu,KANNIYAKUMARI,2003,Whole Year,Pome Granet,4,0,0
Tamil Nadu,KANNIYAKUMARI,2003,Whole Year,Pump Kin,6,0,0
Tamil Nadu,KANNIYAKUMARI,2003,Whole Year,Snak Guard,19,0,0
Tamil Nadu,KANNIYAKUMARI,2003,Whole Year,Tapioca,8681,191188,22.02372999
Tamil Nadu,KANNIYAKUMARI,2003,Whole Year,Tomato,4,40,10
Tamil Nadu,KANNIYAKUMARI,2003,Whole Year,Yam,12,0,0
Tamil Nadu,KANNIYAKUMARI,2004,Kharif,Dry ginger,5,97,19.4
Tamil Nadu,KANNIYAKUMARI,2004,Kharif,Groundnut,42,51,1.214285714
Tamil Nadu,KANNIYAKUMARI,2004,Kharif,Horse-gram,9,3,0.333333333
Tamil Nadu,KANNIYAKUMARI,2004,Kharif,Other Kharif pulses,233,45,0.193133047
Tamil Nadu,KANNIYAKUMARI,2004,Kharif,Rice,22016,86486,3.928324855
Tamil Nadu,KANNIYAKUMARI,2004,Kharif,Urad,2067,758,0.366715046
Tamil Nadu,KANNIYAKUMARI,2004,Whole Year,Arecanut,736,1860,2.527173913
Tamil Nadu,KANNIYAKUMARI,2004,Whole Year,Banana,5440,177531,32.634375
Tamil Nadu,KANNIYAKUMARI,2004,Whole Year,Cardamom,124,11,0.088709677
Tamil Nadu,KANNIYAKUMARI,2004,Whole Year,Cashewnut,2029,413,0.203548546
Tamil Nadu,KANNIYAKUMARI,2004,Whole Year,Coconut,23936,361600,15.10695187
Tamil Nadu,KANNIYAKUMARI,2004,Whole Year,Dry chillies,4,3,0.75
Tamil Nadu,KANNIYAKUMARI,2004,Whole Year,Onion,2,19,9.5
Tamil Nadu,KANNIYAKUMARI,2004,Whole Year,Tapioca,7378,213132,28.88750339
Tamil Nadu,KANNIYAKUMARI,2005,Kharif,Castor seed,105,33,0.314285714
Tamil Nadu,KANNIYAKUMARI,2005,Kharif,Dry ginger,11,212,19.27272727
Tamil Nadu,KANNIYAKUMARI,2005,Kharif,Groundnut,22,30,1.363636364
Tamil Nadu,KANNIYAKUMARI,2005,Kharif,Horse-gram,4,1,0.25
Tamil Nadu,KANNIYAKUMARI,2005,Kharif,Moong(Green Gram),2,1,0.5
Tamil Nadu,KANNIYAKUMARI,2005,Kharif,Other Kharif pulses,209,54,0.258373206
Tamil Nadu,KANNIYAKUMARI,2005,Kharif,Rice,21709,82523,3.801326639
Tamil Nadu,KANNIYAKUMARI,2005,Kharif,Urad,1637,251,0.153329261
Tamil Nadu,KANNIYAKUMARI,2005,Whole Year,Arecanut,598,1331,2.225752508
Tamil Nadu,KANNIYAKUMARI,2005,Whole Year,Banana,5546,261682,47.18391634
Tamil Nadu,KANNIYAKUMARI,2005,Whole Year,Black pepper,83,13,0.156626506
Tamil Nadu,KANNIYAKUMARI,2005,Whole Year,Cardamom,60,6,0.1
Tamil Nadu,KANNIYAKUMARI,2005,Whole Year,Cashewnut,1938,337,0.173890609
Tamil Nadu,KANNIYAKUMARI,2005,Whole Year,Coconut,24220,4098,0.169199009
Tamil Nadu,KANNIYAKUMARI,2005,Whole Year,Dry chillies,5,3,0.6
Tamil Nadu,KANNIYAKUMARI,2005,Whole Year,Tapioca,7693,261914,34.04575588
Tamil Nadu,KANNIYAKUMARI,2006,Kharif,Rice,21406,94130,4.397365225
Tamil Nadu,KANNIYAKUMARI,2006,Whole Year,Arecanut,586,1320,2.252559727
Tamil Nadu,KANNIYAKUMARI,2006,Whole Year,Banana,6004,274669,45.74766822
Tamil Nadu,KANNIYAKUMARI,2006,Whole Year,Black pepper,113,17,0.150442478
Tamil Nadu,KANNIYAKUMARI,2006,Whole Year,Cardamom,60,6,0.1
Tamil Nadu,KANNIYAKUMARI,2006,Whole Year,Cashewnut,1907,842,0.441531201
Tamil Nadu,KANNIYAKUMARI,2006,Whole Year,Coconut,24449,2680,0.109615935
Tamil Nadu,KANNIYAKUMARI,2006,Whole Year,Cotton(lint),12,23,1.916666667
Tamil Nadu,KANNIYAKUMARI,2006,Whole Year,Dry chillies,53,37,0.698113208
Tamil Nadu,KANNIYAKUMARI,2006,Whole Year,Dry ginger,9,168,18.66666667
Tamil Nadu,KANNIYAKUMARI,2006,Whole Year,Groundnut,12,19,1.583333333
Tamil Nadu,KANNIYAKUMARI,2006,Whole Year,Horse-gram,5,3,0.6
Tamil Nadu,KANNIYAKUMARI,2006,Whole Year,Moong(Green Gram),2,1,0.5
Tamil Nadu,KANNIYAKUMARI,2006,Whole Year,Tapioca,7868,273407,34.74923742
Tamil Nadu,KANNIYAKUMARI,2006,Whole Year,Urad,1521,867,0.570019724
Tamil Nadu,KANNIYAKUMARI,2007,Kharif,Rice,20349,90210,4.433141678
Tamil Nadu,KANNIYAKUMARI,2007,Whole Year,Arecanut,601,719,1.196339434
Tamil Nadu,KANNIYAKUMARI,2007,Whole Year,Banana,5481,171633,31.31417625
Tamil Nadu,KANNIYAKUMARI,2007,Whole Year,Black pepper,90,14,0.155555556
Tamil Nadu,KANNIYAKUMARI,2007,Whole Year,Cardamom,60,6,0.1
Tamil Nadu,KANNIYAKUMARI,2007,Whole Year,Cashewnut,1843,742,0.402604449
Tamil Nadu,KANNIYAKUMARI,2007,Whole Year,Coconut,24864,2622,0.105453668
Tamil Nadu,KANNIYAKUMARI,2007,Whole Year,Cotton(lint),10,17,1.7
Tamil Nadu,KANNIYAKUMARI,2007,Whole Year,Dry chillies,10,5,0.5
Tamil Nadu,KANNIYAKUMARI,2007,Whole Year,Dry ginger,15,286,19.06666667
Tamil Nadu,KANNIYAKUMARI,2007,Whole Year,Groundnut,39,64,1.641025641
Tamil Nadu,KANNIYAKUMARI,2007,Whole Year,Horse-gram,5,2,0.4
Tamil Nadu,KANNIYAKUMARI,2007,Whole Year,Moong(Green Gram),2,1,0.5
Tamil Nadu,KANNIYAKUMARI,2007,Whole Year,Tapioca,7614,318557,41.83832414
Tamil Nadu,KANNIYAKUMARI,2007,Whole Year,Urad,986,242,0.245436105
Tamil Nadu,KANNIYAKUMARI,2008,Kharif,Rice,18187,83657,4.59982405
Tamil Nadu,KANNIYAKUMARI,2008,Whole Year,Arecanut,531,817,1.538606403
Tamil Nadu,KANNIYAKUMARI,2008,Whole Year,Banana,6149,273338,44.45243129
Tamil Nadu,KANNIYAKUMARI,2008,Whole Year,Black pepper,40,6,0.15
Tamil Nadu,KANNIYAKUMARI,2008,Whole Year,Cardamom,51,5,0.098039216
Tamil Nadu,KANNIYAKUMARI,2008,Whole Year,Cashewnut,1767,1435,0.812110922
Tamil Nadu,KANNIYAKUMARI,2008,Whole Year,Coconut,25074,3259000,129.9752732
Tamil Nadu,KANNIYAKUMARI,2008,Whole Year,Dry chillies,6,3,0.5
Tamil Nadu,KANNIYAKUMARI,2008,Whole Year,Dry ginger,73,1460,20
Tamil Nadu,KANNIYAKUMARI,2008,Whole Year,Groundnut,20,30,1.5
Tamil Nadu,KANNIYAKUMARI,2008,Whole Year,Horse-gram,5,2,0.4
Tamil Nadu,KANNIYAKUMARI,2008,Whole Year,Moong(Green Gram),2,,
Tamil Nadu,KANNIYAKUMARI,2008,Whole Year,Sweet potato,1,13,13
Tamil Nadu,KANNIYAKUMARI,2008,Whole Year,Tapioca,6965,177691,25.51198851
Tamil Nadu,KANNIYAKUMARI,2008,Whole Year,Turmeric,4,23,5.75
Tamil Nadu,KANNIYAKUMARI,2008,Whole Year,Urad,512,161,0.314453125
Tamil Nadu,KANNIYAKUMARI,2009,Kharif,Rice,17307,76237,4.404980644
Tamil Nadu,KANNIYAKUMARI,2009,Whole Year,Arecanut,502,802,1.597609562
Tamil Nadu,KANNIYAKUMARI,2009,Whole Year,Banana,6817,219970,32.26785976
Tamil Nadu,KANNIYAKUMARI,2009,Whole Year,Black pepper,97,15,0.154639175
Tamil Nadu,KANNIYAKUMARI,2009,Whole Year,Cardamom,48,4,0.083333333
Tamil Nadu,KANNIYAKUMARI,2009,Whole Year,Cashewnut,1725,1447,0.83884058
Tamil Nadu,KANNIYAKUMARI,2009,Whole Year,Coconut,24938,389900,15.63477424
Tamil Nadu,KANNIYAKUMARI,2009,Whole Year,Cotton(lint),10,20,2
Tamil Nadu,KANNIYAKUMARI,2009,Whole Year,Dry chillies,6,3,0.5
Tamil Nadu,KANNIYAKUMARI,2009,Whole Year,Dry ginger,14,225,16.07142857
Tamil Nadu,KANNIYAKUMARI,2009,Whole Year,Groundnut,20,29,1.45
Tamil Nadu,KANNIYAKUMARI,2009,Whole Year,Moong(Green Gram),2,1,0.5
Tamil Nadu,KANNIYAKUMARI,2009,Whole Year,Sugarcane,6,609,101.5
Tamil Nadu,KANNIYAKUMARI,2009,Whole Year,Tapioca,6202,189581,30.56772009
Tamil Nadu,KANNIYAKUMARI,2009,Whole Year,Turmeric,4,20,5
Tamil Nadu,KANNIYAKUMARI,2009,Whole Year,Urad,647,246,0.380216383
Tamil Nadu,KANNIYAKUMARI,2010,Kharif,Arhar/Tur,1,1,1
Tamil Nadu,KANNIYAKUMARI,2010,Kharif,Groundnut,5,9,1.8
Tamil Nadu,KANNIYAKUMARI,2010,Kharif,Rice,16989,80387,4.731708753
Tamil Nadu,KANNIYAKUMARI,2010,Kharif,Urad,490,191,0.389795918
Tamil Nadu,KANNIYAKUMARI,2010,Whole Year,Sugarcane,6,650,108.3333333
Tamil Nadu,KANNIYAKUMARI,2011,Kharif,Groundnut,15,33,2.2
Tamil Nadu,KANNIYAKUMARI,2011,Kharif,Rice,16617,90110,5.422759824
Tamil Nadu,KANNIYAKUMARI,2011,Whole Year,Arecanut,404,157,0.388613861
Tamil Nadu,KANNIYAKUMARI,2011,Whole Year,Banana,5982,163039,27.25493146
Tamil Nadu,KANNIYAKUMARI,2011,Whole Year,Black pepper,153,23,0.150326797
Tamil Nadu,KANNIYAKUMARI,2011,Whole Year,Cardamom,48,4,0.083333333
Tamil Nadu,KANNIYAKUMARI,2011,Whole Year,Cashewnut,1260,332,0.263492063
Tamil Nadu,KANNIYAKUMARI,2011,Whole Year,Coconut,24936,158400000,6352.26179
Tamil Nadu,KANNIYAKUMARI,2011,Whole Year,Dry chillies,4,2,0.5
Tamil Nadu,KANNIYAKUMARI,2011,Whole Year,Dry ginger,10,110,11
Tamil Nadu,KANNIYAKUMARI,2011,Whole Year,Sugarcane,7,788,112.5714286
Tamil Nadu,KANNIYAKUMARI,2011,Whole Year,Tapioca,2712,115400,42.55162242
Tamil Nadu,KANNIYAKUMARI,2011,Whole Year,Urad,672,367,0.546130952
Tamil Nadu,KANNIYAKUMARI,2012,Kharif,Arhar/Tur,3,2,0.666666667
Tamil Nadu,KANNIYAKUMARI,2012,Kharif,Groundnut,31,59,1.903225806
Tamil Nadu,KANNIYAKUMARI,2012,Kharif,Rice,12412,57882,4.663390267
Tamil Nadu,KANNIYAKUMARI,2012,Kharif,Urad,403,170,0.421836228
Tamil Nadu,KANNIYAKUMARI,2012,Whole Year,Sugarcane,1,98,98
Tamil Nadu,KANNIYAKUMARI,2013,Kharif,Groundnut,15,33,2.2
Tamil Nadu,KANNIYAKUMARI,2013,Kharif,Rice,13619,66703,4.897789852
Tamil Nadu,KANNIYAKUMARI,2013,Kharif,Urad,167,140,0.838323353
Tamil Nadu,KANNIYAKUMARI,2013,Rabi,Groundnut,13,47,3.615384615
Tamil Nadu,KANNIYAKUMARI,2013,Rabi,Urad,1222,1043,0.853518822
Tamil Nadu,KANNIYAKUMARI,2013,Whole Year,Arecanut,337,272,0.807121662
Tamil Nadu,KANNIYAKUMARI,2013,Whole Year,Arhar/Tur,9,9,1
Tamil Nadu,KANNIYAKUMARI,2013,Whole Year,Banana,6542,198178,30.29318251
Tamil Nadu,KANNIYAKUMARI,2013,Whole Year,Black pepper,226,35,0.154867257
Tamil Nadu,KANNIYAKUMARI,2013,Whole Year,Cardamom,12,1,0.083333333
Tamil Nadu,KANNIYAKUMARI,2013,Whole Year,Cashewnut,1175,335,0.285106383
Tamil Nadu,KANNIYAKUMARI,2013,Whole Year,Coconut,23917,287100000,12004.01388
Tamil Nadu,KANNIYAKUMARI,2013,Whole Year,Dry ginger,5,35,7
Tamil Nadu,KANNIYAKUMARI,2013,Whole Year,Sugarcane,2,207,103.5
Tamil Nadu,KANNIYAKUMARI,2013,Whole Year,Tapioca,1038,36303,34.97398844
Tamil Nadu,KARUR,1997,Kharif,Banana,5092,181514,35.64689709
Tamil Nadu,KARUR,1997,Kharif,Horse-gram,574,290,0.505226481
Tamil Nadu,KARUR,1997,Kharif,Onion,977,7580,7.758444217
Tamil Nadu,KARUR,1997,Kharif,Sesamum,4582,1500,0.327367962
Tamil Nadu,KARUR,1997,Kharif,Small millets,19,20,1.052631579
Tamil Nadu,KARUR,1997,Kharif,Tobacco,10,16,1.6
Tamil Nadu,KARUR,1997,Whole Year,Arhar/Tur,4046,1650,0.407810183
Tamil Nadu,KARUR,1997,Whole Year,Bajra,18003,5480,0.304393712
Tamil Nadu,KARUR,1997,Whole Year,Banana,5566,352780,63.38124326
Tamil Nadu,KARUR,1997,Whole Year,Cotton(lint),900,1660,1.844444444
Tamil Nadu,KARUR,1997,Whole Year,Dry chillies,1918,1260,0.656934307
Tamil Nadu,KARUR,1997,Whole Year,Groundnut,8915,21860,2.452047112
Tamil Nadu,KARUR,1997,Whole Year,Jowar,30201,11290,0.373828681
Tamil Nadu,KARUR,1997,Whole Year,Moong(Green Gram),96,30,0.3125
Tamil Nadu,KARUR,1997,Whole Year,Onion,228,46530,204.0789474
Tamil Nadu,KARUR,1997,Whole Year,Pulses total,5894,2280,0.386834069
Tamil Nadu,KARUR,1997,Whole Year,Ragi,28,80,2.857142857
Tamil Nadu,KARUR,1997,Whole Year,Rice,16448,48590,2.95415856
Tamil Nadu,KARUR,1997,Whole Year,Sugarcane,5961,7081000,1187.887938
Tamil Nadu,KARUR,1997,Whole Year,Sunflower,187,170,0.909090909
Tamil Nadu,KARUR,1997,Whole Year,Sweet potato,203,3720,18.32512315
Tamil Nadu,KARUR,1997,Whole Year,Tapioca,304,13040,42.89473684
Tamil Nadu,KARUR,1997,Whole Year,Total foodgrain,70594,67740,0.959571635
Tamil Nadu,KARUR,1997,Whole Year,Turmeric,367,2980,8.119891008
Tamil Nadu,KARUR,1997,Whole Year,Urad,409,190,0.464547677
Tamil Nadu,KARUR,1998,Kharif,Arhar/Tur,3382,1471,0.434949734
Tamil Nadu,KARUR,1998,Kharif,Bajra,16562,10023,0.605180534
Tamil Nadu,KARUR,1998,Kharif,Cotton(lint),1226,2706,2.207177814
Tamil Nadu,KARUR,1998,Kharif,Groundnut,14248,25515,1.790777653
Tamil Nadu,KARUR,1998,Kharif,Horse-gram,4188,2098,0.50095511
Tamil Nadu,KARUR,1998,Kharif,Jowar,36179,17687,0.488874762
Tamil Nadu,KARUR,1998,Kharif,Maize,8,10,1.25
Tamil Nadu,KARUR,1998,Kharif,Moong(Green Gram),1840,878,0.477173913
Tamil Nadu,KARUR,1998,Kharif,Pulses total,19676,7869,0.399928847
Tamil Nadu,KARUR,1998,Kharif,Ragi,89,256,2.876404494
Tamil Nadu,KARUR,1998,Kharif,Rice,16961,58225,3.43287542
Tamil Nadu,KARUR,1998,Kharif,Sesamum,11068,4292,0.387784604
Tamil Nadu,KARUR,1998,Kharif,Sunflower,1039,1021,0.98267565
Tamil Nadu,KARUR,1998,Kharif,Total foodgrain,89475,9407,0.105135513
Tamil Nadu,KARUR,1998,Kharif,Urad,5524,2701,0.488957277
Tamil Nadu,KARUR,1998,Whole Year,Banana,2828,179242,63.38118812
Tamil Nadu,KARUR,1998,Whole Year,Cashewnut,72,15,0.208333333
Tamil Nadu,KARUR,1998,Whole Year,Castor seed,238,80,0.336134454
Tamil Nadu,KARUR,1998,Whole Year,Coriander,22,7,0.318181818
Tamil Nadu,KARUR,1998,Whole Year,Dry chillies,1948,1171,0.601129363
Tamil Nadu,KARUR,1998,Whole Year,Garlic,59,343,5.813559322
Tamil Nadu,KARUR,1998,Whole Year,Onion,707,5508,7.790664781
Tamil Nadu,KARUR,1998,Whole Year,Sugarcane,10193,1251010,122.7322672
Tamil Nadu,KARUR,1998,Whole Year,Sweet potato,55,988,17.96363636
Tamil Nadu,KARUR,1998,Whole Year,Tapioca,249,9248,37.14056225
Tamil Nadu,KARUR,1998,Whole Year,Tobacco,2,2,1
Tamil Nadu,KARUR,1998,Whole Year,Turmeric,520,4216,8.107692308
Tamil Nadu,KARUR,1999,Kharif,Arhar/Tur,1895,1310,0.691292876
Tamil Nadu,KARUR,1999,Kharif,Bajra,13219,9778,0.739692866
Tamil Nadu,KARUR,1999,Kharif,Castor seed,1120,346,0.308928571
Tamil Nadu,KARUR,1999,Kharif,Cotton(lint),1281,2351,1.835284934
Tamil Nadu,KARUR,1999,Kharif,Groundnut,12685,20726,1.633898305
Tamil Nadu,KARUR,1999,Kharif,Horse-gram,4512,1976,0.437943262
Tamil Nadu,KARUR,1999,Kharif,Jowar,44594,24054,0.539399919
Tamil Nadu,KARUR,1999,Kharif,Mesta,3,12,4
Tamil Nadu,KARUR,1999,Kharif,Moong(Green Gram),1380,749,0.542753623
Tamil Nadu,KARUR,1999,Kharif,Ragi,48,107,2.229166667
Tamil Nadu,KARUR,1999,Kharif,Rice,17279,56473,3.268302564
Tamil Nadu,KARUR,1999,Kharif,Sesamum,8438,4377,0.518724816
Tamil Nadu,KARUR,1999,Kharif,Sunflower,1890,1995,1.055555556
Tamil Nadu,KARUR,1999,Kharif,Urad,7786,4033,0.517980992
Tamil Nadu,KARUR,1999,Whole Year,Banana,5092,181514,35.64689709
Tamil Nadu,KARUR,1999,Whole Year,Cashewnut,74,22,0.297297297
Tamil Nadu,KARUR,1999,Whole Year,Coriander,3,1,0.333333333
Tamil Nadu,KARUR,1999,Whole Year,Dry chillies,2226,1137,0.510781671
Tamil Nadu,KARUR,1999,Whole Year,Garlic,85,508,5.976470588
Tamil Nadu,KARUR,1999,Whole Year,Guar seed,11551,125777,10.88884079
Tamil Nadu,KARUR,1999,Whole Year,Onion,977,7580,7.758444217
Tamil Nadu,KARUR,1999,Whole Year,Sugarcane,11551,1293358,111.9693533
Tamil Nadu,KARUR,1999,Whole Year,Sweet potato,10,155,15.5
Tamil Nadu,KARUR,1999,Whole Year,Tapioca,147,5663,38.52380952
Tamil Nadu,KARUR,1999,Whole Year,Tobacco,10,16,1.6
Tamil Nadu,KARUR,1999,Whole Year,Turmeric,524,3112,5.938931298
Tamil Nadu,KARUR,2000,Kharif,Arhar/Tur,5112,3535,0.691510172
Tamil Nadu,KARUR,2000,Kharif,Bajra,14198,7394,0.520777574
Tamil Nadu,KARUR,2000,Kharif,Castor seed,330,102,0.309090909
Tamil Nadu,KARUR,2000,Kharif,Cotton(lint),1246,2603,2.089085072
Tamil Nadu,KARUR,2000,Kharif,Groundnut,11227,18549,1.652177786
Tamil Nadu,KARUR,2000,Kharif,Horse-gram,2488,1070,0.430064309
Tamil Nadu,KARUR,2000,Kharif,Jowar,41564,16325,0.39276778
Tamil Nadu,KARUR,2000,Kharif,Maize,101,163,1.613861386
Tamil Nadu,KARUR,2000,Kharif,Moong(Green Gram),2181,1019,0.467216873
Tamil Nadu,KARUR,2000,Kharif,Other Kharif pulses,7589,1146,0.151008038
Tamil Nadu,KARUR,2000,Kharif,Rice,15277,51797,3.390521699
Tamil Nadu,KARUR,2000,Kharif,Sesamum,7218,3348,0.463840399
Tamil Nadu,KARUR,2000,Kharif,Sunflower,1814,1993,1.098676957
Tamil Nadu,KARUR,2000,Kharif,Urad,6494,3364,0.518016631
Tamil Nadu,KARUR,2000,Whole Year,Banana,2733,97423,35.64690816
Tamil Nadu,KARUR,2000,Whole Year,Cashewnut,17,5,0.294117647
Tamil Nadu,KARUR,2000,Whole Year,Dry chillies,2228,1245,0.558797127
Tamil Nadu,KARUR,2000,Whole Year,Onion,925,7176,7.757837838
Tamil Nadu,KARUR,2000,Whole Year,Sannhamp,6,4,0.666666667
Tamil Nadu,KARUR,2000,Whole Year,Sugarcane,8418,942558,111.9693514
Tamil Nadu,KARUR,2000,Whole Year,Sweet potato,20,309,15.45
Tamil Nadu,KARUR,2000,Whole Year,Tapioca,447,17219,38.5212528
Tamil Nadu,KARUR,2000,Whole Year,Tobacco,1,2,2
Tamil Nadu,KARUR,2000,Whole Year,Turmeric,598,3657,6.115384615
Tamil Nadu,KARUR,2001,Kharif,Arhar/Tur,2763,900,0.325732899
Tamil Nadu,KARUR,2001,Kharif,Bajra,7280,3060,0.42032967
Tamil Nadu,KARUR,2001,Kharif,Cotton(lint),490,850,1.734693878
Tamil Nadu,KARUR,2001,Kharif,Groundnut,6040,12680,2.099337748
Tamil Nadu,KARUR,2001,Kharif,Jowar,28091,8410,0.299384144
Tamil Nadu,KARUR,2001,Kharif,Moong(Green Gram),48,20,0.416666667
Tamil Nadu,KARUR,2001,Kharif,Ragi,14,40,2.857142857
Tamil Nadu,KARUR,2001,Kharif,Rice,15539,56120,3.611558015
Tamil Nadu,KARUR,2001,Kharif,Sesamum,5779,1650,0.285516525
Tamil Nadu,KARUR,2001,Kharif,Sunflower,209,270,1.291866029
Tamil Nadu,KARUR,2001,Kharif,Urad,294,110,0.37414966
Tamil Nadu,KARUR,2001,Whole Year,Sugarcane,9629,805700,83.67431717
Tamil Nadu,KARUR,2002,Kharif,Arhar/Tur,2414,443,0.183512842
Tamil Nadu,KARUR,2002,Kharif,Bajra,6228,1550,0.248876044
Tamil Nadu,KARUR,2002,Kharif,Castor seed,6,3,0.5
Tamil Nadu,KARUR,2002,Kharif,Cotton(lint),145,245,1.689655172
Tamil Nadu,KARUR,2002,Kharif,Groundnut,3276,5175,1.57967033
Tamil Nadu,KARUR,2002,Kharif,Horse-gram,1018,259,0.254420432
Tamil Nadu,KARUR,2002,Kharif,Jowar,27521,9307,0.338178119
Tamil Nadu,KARUR,2002,Kharif,Maize,5,15,3
Tamil Nadu,KARUR,2002,Kharif,Moong(Green Gram),28,12,0.428571429
Tamil Nadu,KARUR,2002,Kharif,Other Kharif pulses,352,54,0.153409091
Tamil Nadu,KARUR,2002,Kharif,Ragi,11,22,2
Tamil Nadu,KARUR,2002,Kharif,Rice,12837,37510,2.922022279
Tamil Nadu,KARUR,2002,Kharif,Sesamum,4562,1212,0.26567295
Tamil Nadu,KARUR,2002,Kharif,Sunflower,273,315,1.153846154
Tamil Nadu,KARUR,2002,Kharif,Urad,227,91,0.400881057
Tamil Nadu,KARUR,2002,Kharif,Varagu,1,1,1
Tamil Nadu,KARUR,2002,Whole Year,Ash Gourd,14,0,0
Tamil Nadu,KARUR,2002,Whole Year,Banana,5151,104486,20.28460493
Tamil Nadu,KARUR,2002,Whole Year,Bhindi,38,283,7.447368421
Tamil Nadu,KARUR,2002,Whole Year,Bitter Gourd,9,0,0
Tamil Nadu,KARUR,2002,Whole Year,Brinjal,93,709,7.623655914
Tamil Nadu,KARUR,2002,Whole Year,Cashewnut,39,12,0.307692308
Tamil Nadu,KARUR,2002,Whole Year,Citrus Fruit,44,49,1.113636364
Tamil Nadu,KARUR,2002,Whole Year,Coconut,4331,51400,11.86792888
Tamil Nadu,KARUR,2002,Whole Year,Coriander,7,1,0.142857143
Tamil Nadu,KARUR,2002,Whole Year,Cucumber,3,0,0
Tamil Nadu,KARUR,2002,Whole Year,Drum Stick,824,0,0
Tamil Nadu,KARUR,2002,Whole Year,Dry chillies,567,369,0.650793651
Tamil Nadu,KARUR,2002,Whole Year,Jack Fruit,2,23,11.5
Tamil Nadu,KARUR,2002,Whole Year,Lab-Lab,2,0,0
Tamil Nadu,KARUR,2002,Whole Year,Mango,514,3080,5.992217899
Tamil Nadu,KARUR,2002,Whole Year,Onion,74,626,8.459459459
Tamil Nadu,KARUR,2002,Whole Year,Orange,1,2,2
Tamil Nadu,KARUR,2002,Whole Year,Other Citrus Fruit,26,0,0
Tamil Nadu,KARUR,2002,Whole Year,Other Fresh Fruits,104,0,0
Tamil Nadu,KARUR,2002,Whole Year,Other Vegetables,5,0,0
Tamil Nadu,KARUR,2002,Whole Year,Pome Fruit,57,298,5.228070175
Tamil Nadu,KARUR,2002,Whole Year,Pome Granet,1,0,0
Tamil Nadu,KARUR,2002,Whole Year,Pump Kin,1,0,0
Tamil Nadu,KARUR,2002,Whole Year,Redish,1,0,0
Tamil Nadu,KARUR,2002,Whole Year,Snak Guard,2,0,0
Tamil Nadu,KARUR,2002,Whole Year,Sugarcane,6682,488160,73.05597127
Tamil Nadu,KARUR,2002,Whole Year,Sweet potato,146,2095,14.34931507
Tamil Nadu,KARUR,2002,Whole Year,Tapioca,680,21480,31.58823529
Tamil Nadu,KARUR,2002,Whole Year,Tomato,151,1149,7.609271523
Tamil Nadu,KARUR,2002,Whole Year,Turmeric,262,684,2.610687023
Tamil Nadu,KARUR,2002,Whole Year,Yam,2,0,0
Tamil Nadu,KARUR,2003,Kharif,Arhar/Tur,3719,773,0.207851573
Tamil Nadu,KARUR,2003,Kharif,Bajra,5264,1563,0.296922492
Tamil Nadu,KARUR,2003,Kharif,Castor seed,11,5,0.454545455
Tamil Nadu,KARUR,2003,Kharif,Cotton(lint),309,462,1.495145631
Tamil Nadu,KARUR,2003,Kharif,Groundnut,3419,5001,1.462708394
Tamil Nadu,KARUR,2003,Kharif,Horse-gram,1041,279,0.268011527
Tamil Nadu,KARUR,2003,Kharif,Jowar,35441,12453,0.351372704
Tamil Nadu,KARUR,2003,Kharif,Maize,31,76,2.451612903
Tamil Nadu,KARUR,2003,Kharif,Moong(Green Gram),94,40,0.425531915
Tamil Nadu,KARUR,2003,Kharif,Other Kharif pulses,580,88,0.151724138
Tamil Nadu,KARUR,2003,Kharif,Ragi,17,40,2.352941176
Tamil Nadu,KARUR,2003,Kharif,Rice,9321,24070,2.582340951
Tamil Nadu,KARUR,2003,Kharif,Sesamum,9422,2610,0.27701125
Tamil Nadu,KARUR,2003,Kharif,Small millets,1,1,1
Tamil Nadu,KARUR,2003,Kharif,Sunflower,1123,1482,1.31967943
Tamil Nadu,KARUR,2003,Kharif,Urad,412,168,0.40776699
Tamil Nadu,KARUR,2003,Whole Year,Arecanut,1,,
Tamil Nadu,KARUR,2003,Whole Year,Ash Gourd,22,0,0
Tamil Nadu,KARUR,2003,Whole Year,Banana,3580,75805,21.17458101
Tamil Nadu,KARUR,2003,Whole Year,Bhindi,51,357,7
Tamil Nadu,KARUR,2003,Whole Year,Bitter Gourd,1,0,0
Tamil Nadu,KARUR,2003,Whole Year,Brinjal,91,1017,11.17582418
Tamil Nadu,KARUR,2003,Whole Year,Cashewnut,39,13,0.333333333
Tamil Nadu,KARUR,2003,Whole Year,Citrus Fruit,50,52,1.04
Tamil Nadu,KARUR,2003,Whole Year,Coconut,4487,27800,6.195676398
Tamil Nadu,KARUR,2003,Whole Year,Coriander,11,3,0.272727273
Tamil Nadu,KARUR,2003,Whole Year,Cucumber,10,0,0
Tamil Nadu,KARUR,2003,Whole Year,Drum Stick,842,0,0
Tamil Nadu,KARUR,2003,Whole Year,Dry chillies,575,322,0.56
Tamil Nadu,KARUR,2003,Whole Year,Grapes,7,169,24.14285714
Tamil Nadu,KARUR,2003,Whole Year,Jack Fruit,2,19,9.5
Tamil Nadu,KARUR,2003,Whole Year,Lab-Lab,3,0,0
Tamil Nadu,KARUR,2003,Whole Year,Mango,537,2231,4.154562384
Tamil Nadu,KARUR,2003,Whole Year,Onion,172,1549,9.005813953
Tamil Nadu,KARUR,2003,Whole Year,Orange,1,2,2
Tamil Nadu,KARUR,2003,Whole Year,Other Citrus Fruit,25,0,0
Tamil Nadu,KARUR,2003,Whole Year,Other Fresh Fruits,117,0,0
Tamil Nadu,KARUR,2003,Whole Year,Other Vegetables,9,0,0
Tamil Nadu,KARUR,2003,Whole Year,Pome Fruit,53,372,7.018867925
Tamil Nadu,KARUR,2003,Whole Year,Pome Granet,1,0,0
Tamil Nadu,KARUR,2003,Whole Year,Redish,4,0,0
Tamil Nadu,KARUR,2003,Whole Year,Ribed Guard,4,0,0
Tamil Nadu,KARUR,2003,Whole Year,Snak Guard,2,0,0
Tamil Nadu,KARUR,2003,Whole Year,Sugarcane,2341,150035,64.09013242
Tamil Nadu,KARUR,2003,Whole Year,Sweet potato,305,4751,15.57704918
Tamil Nadu,KARUR,2003,Whole Year,Tapioca,1384,46629,33.69147399
Tamil Nadu,KARUR,2003,Whole Year,Tomato,144,1461,10.14583333
Tamil Nadu,KARUR,2003,Whole Year,Turmeric,181,244,1.348066298
Tamil Nadu,KARUR,2003,Whole Year,Yam,1,0,0
Tamil Nadu,KARUR,2004,Kharif,Arhar/Tur,4702,2276,0.484049341
Tamil Nadu,KARUR,2004,Kharif,Bajra,5192,1463,0.281779661
Tamil Nadu,KARUR,2004,Kharif,Castor seed,83,36,0.43373494
Tamil Nadu,KARUR,2004,Kharif,Cotton(lint),445,760,1.707865169
Tamil Nadu,KARUR,2004,Kharif,Groundnut,7114,14341,2.015884172
Tamil Nadu,KARUR,2004,Kharif,Horse-gram,1519,452,0.297564187
Tamil Nadu,KARUR,2004,Kharif,Jowar,37549,9671,0.257556792
Tamil Nadu,KARUR,2004,Kharif,Maize,176,431,2.448863636
Tamil Nadu,KARUR,2004,Kharif,Moong(Green Gram),117,47,0.401709402
Tamil Nadu,KARUR,2004,Kharif,Other Kharif pulses,994,152,0.152917505
Tamil Nadu,KARUR,2004,Kharif,Ragi,16,37,2.3125
Tamil Nadu,KARUR,2004,Kharif,Rice,18233,54278,2.976909998
Tamil Nadu,KARUR,2004,Kharif,Sesamum,4721,1339,0.28362635
Tamil Nadu,KARUR,2004,Kharif,Small millets,1,1,1
Tamil Nadu,KARUR,2004,Kharif,Sunflower,1692,2305,1.362293144
Tamil Nadu,KARUR,2004,Kharif,Urad,404,148,0.366336634
Tamil Nadu,KARUR,2004,Whole Year,Arecanut,1,1,1
Tamil Nadu,KARUR,2004,Whole Year,Banana,3394,112532,33.15615793
Tamil Nadu,KARUR,2004,Whole Year,Cashewnut,56,20,0.357142857
Tamil Nadu,KARUR,2004,Whole Year,Coconut,4588,56600,12.33653008
Tamil Nadu,KARUR,2004,Whole Year,Coriander,6,3,0.5
Tamil Nadu,KARUR,2004,Whole Year,Dry chillies,680,472,0.694117647
Tamil Nadu,KARUR,2004,Whole Year,Onion,178,1723,9.679775281
Tamil Nadu,KARUR,2004,Whole Year,Sugarcane,2842,257026,90.43842365
Tamil Nadu,KARUR,2004,Whole Year,Sweet potato,319,6673,20.9184953
Tamil Nadu,KARUR,2004,Whole Year,Tapioca,1752,72301,41.26769406
Tamil Nadu,KARUR,2004,Whole Year,Turmeric,236,434,1.838983051
Tamil Nadu,KARUR,2005,Kharif,Arhar/Tur,3439,1039,0.30212271
Tamil Nadu,KARUR,2005,Kharif,Bajra,5728,1461,0.255062849
Tamil Nadu,KARUR,2005,Kharif,Castor seed,244,111,0.454918033
Tamil Nadu,KARUR,2005,Kharif,Cotton(lint),300,546,1.82
Tamil Nadu,KARUR,2005,Kharif,Groundnut,8887,18726,2.107122764
Tamil Nadu,KARUR,2005,Kharif,Horse-gram,1352,493,0.36464497
Tamil Nadu,KARUR,2005,Kharif,Jowar,21058,6339,0.301025738
Tamil Nadu,KARUR,2005,Kharif,Maize,197,,
Tamil Nadu,KARUR,2005,Kharif,Moong(Green Gram),320,107,0.334375
Tamil Nadu,KARUR,2005,Kharif,Other Kharif pulses,1222,112,0.091653028
Tamil Nadu,KARUR,2005,Kharif,Ragi,12,23,1.916666667
Tamil Nadu,KARUR,2005,Kharif,Rice,18398,48225,2.621208827
Tamil Nadu,KARUR,2005,Kharif,Sesamum,6658,1807,0.271402824
Tamil Nadu,KARUR,2005,Kharif,Soyabean,1,,
Tamil Nadu,KARUR,2005,Kharif,Sunflower,3382,4295,1.269958604
Tamil Nadu,KARUR,2005,Kharif,Urad,1573,517,0.328671329
Tamil Nadu,KARUR,2005,Whole Year,Arecanut,2,1,0.5
Tamil Nadu,KARUR,2005,Whole Year,Banana,3947,179675,45.52191538
Tamil Nadu,KARUR,2005,Whole Year,Cashewnut,50,19,0.38
Tamil Nadu,KARUR,2005,Whole Year,Coconut,4704,300,0.06377551
Tamil Nadu,KARUR,2005,Whole Year,Coriander,3,1,0.333333333
Tamil Nadu,KARUR,2005,Whole Year,Dry chillies,518,323,0.623552124
Tamil Nadu,KARUR,2005,Whole Year,Onion,130,1042,8.015384615
Tamil Nadu,KARUR,2005,Whole Year,Sugarcane,7189,635946,88.46098206
Tamil Nadu,KARUR,2005,Whole Year,Sweet potato,235,5945,25.29787234
Tamil Nadu,KARUR,2005,Whole Year,Tapioca,2191,83720,38.21086262
Tamil Nadu,KARUR,2005,Whole Year,Tobacco,2,3,1.5
Tamil Nadu,KARUR,2005,Whole Year,Turmeric,264,1457,5.518939394
Tamil Nadu,KARUR,2006,Kharif,Rice,13745,48272,3.511967988
Tamil Nadu,KARUR,2006,Whole Year,Arecanut,2,2,1
Tamil Nadu,KARUR,2006,Whole Year,Arhar/Tur,1561,431,0.276105061
Tamil Nadu,KARUR,2006,Whole Year,Bajra,4365,1826,0.418327606
Tamil Nadu,KARUR,2006,Whole Year,Banana,5005,222082,44.37202797
Tamil Nadu,KARUR,2006,Whole Year,Cashewnut,32,14,0.4375
Tamil Nadu,KARUR,2006,Whole Year,Castor seed,29,13,0.448275862
Tamil Nadu,KARUR,2006,Whole Year,Coconut,5005,541,0.108091908
Tamil Nadu,KARUR,2006,Whole Year,Coriander,2,1,0.5
Tamil Nadu,KARUR,2006,Whole Year,Cotton(lint),149,375,2.516778523
Tamil Nadu,KARUR,2006,Whole Year,Dry chillies,916,252,0.27510917
Tamil Nadu,KARUR,2006,Whole Year,Groundnut,3832,8652,2.25782881
Tamil Nadu,KARUR,2006,Whole Year,Horse-gram,1004,587,0.584661355
Tamil Nadu,KARUR,2006,Whole Year,Jowar,27584,12829,0.465088457
Tamil Nadu,KARUR,2006,Whole Year,Maize,172,573,3.331395349
Tamil Nadu,KARUR,2006,Whole Year,Moong(Green Gram),23,13,0.565217391
Tamil Nadu,KARUR,2006,Whole Year,Onion,76,663,8.723684211
Tamil Nadu,KARUR,2006,Whole Year,Ragi,3,9,3
Tamil Nadu,KARUR,2006,Whole Year,Sesamum,7613,2171,0.285170104
Tamil Nadu,KARUR,2006,Whole Year,Sugarcane,7731,784611,101.4889406
Tamil Nadu,KARUR,2006,Whole Year,Sunflower,4662,6367,1.365722866
Tamil Nadu,KARUR,2006,Whole Year,Sweet potato,68,1664,24.47058824
Tamil Nadu,KARUR,2006,Whole Year,Tapioca,2606,105179,40.36032233
Tamil Nadu,KARUR,2006,Whole Year,Turmeric,312,1792,5.743589744
Tamil Nadu,KARUR,2006,Whole Year,Urad,285,131,0.459649123
Tamil Nadu,KARUR,2007,Kharif,Rice,12433,40279,3.23968471
Tamil Nadu,KARUR,2007,Whole Year,Arecanut,1,2,2
Tamil Nadu,KARUR,2007,Whole Year,Arhar/Tur,2390,938,0.392468619
Tamil Nadu,KARUR,2007,Whole Year,Bajra,2318,648,0.279551337
Tamil Nadu,KARUR,2007,Whole Year,Banana,5028,181370,36.07199682
Tamil Nadu,KARUR,2007,Whole Year,Cashewnut,30,17,0.566666667
Tamil Nadu,KARUR,2007,Whole Year,Castor seed,13,6,0.461538462
Tamil Nadu,KARUR,2007,Whole Year,Coconut,5177,601,0.1160904
Tamil Nadu,KARUR,2007,Whole Year,Coriander,1,,
Tamil Nadu,KARUR,2007,Whole Year,Cotton(lint),114,302,2.649122807
Tamil Nadu,KARUR,2007,Whole Year,Dry chillies,756,503,0.665343915
Tamil Nadu,KARUR,2007,Whole Year,Gram,7,5,0.714285714
Tamil Nadu,KARUR,2007,Whole Year,Groundnut,6212,14161,2.27962009
Tamil Nadu,KARUR,2007,Whole Year,Horse-gram,1179,519,0.440203562
Tamil Nadu,KARUR,2007,Whole Year,Jowar,24871,15498,0.623135379
Tamil Nadu,KARUR,2007,Whole Year,Maize,801,2126,2.654182272
Tamil Nadu,KARUR,2007,Whole Year,Moong(Green Gram),120,35,0.291666667
Tamil Nadu,KARUR,2007,Whole Year,Onion,93,896,9.634408602
Tamil Nadu,KARUR,2007,Whole Year,Ragi,1,3,3
Tamil Nadu,KARUR,2007,Whole Year,Sesamum,7442,1787,0.240123623
Tamil Nadu,KARUR,2007,Whole Year,Sugarcane,6042,546674,90.47898047
Tamil Nadu,KARUR,2007,Whole Year,Sunflower,7790,8833,1.133889602
Tamil Nadu,KARUR,2007,Whole Year,Sweet potato,92,1744,18.95652174
Tamil Nadu,KARUR,2007,Whole Year,Tapioca,2839,119814,42.20288834
Tamil Nadu,KARUR,2007,Whole Year,Tobacco,1,1,1
Tamil Nadu,KARUR,2007,Whole Year,Turmeric,219,1171,5.347031963
Tamil Nadu,KARUR,2007,Whole Year,Urad,1907,1083,0.567907708
Tamil Nadu,KARUR,2008,Kharif,Rice,15628,60158,3.84937292
Tamil Nadu,KARUR,2008,Kharif,Small millets,5,4,0.8
Tamil Nadu,KARUR,2008,Whole Year,Arecanut,1,2,2
Tamil Nadu,KARUR,2008,Whole Year,Arhar/Tur,2827,1294,0.457729041
Tamil Nadu,KARUR,2008,Whole Year,Bajra,2966,1360,0.458530007
Tamil Nadu,KARUR,2008,Whole Year,Banana,5304,235245,44.35237557
Tamil Nadu,KARUR,2008,Whole Year,Cashewnut,30,16,0.533333333
Tamil Nadu,KARUR,2008,Whole Year,Castor seed,45,20,0.444444444
Tamil Nadu,KARUR,2008,Whole Year,Coconut,5293,484000,91.44152654
Tamil Nadu,KARUR,2008,Whole Year,Coriander,4,1,0.25
Tamil Nadu,KARUR,2008,Whole Year,Cotton(lint),68,187,2.75
Tamil Nadu,KARUR,2008,Whole Year,Dry chillies,895,1528,1.70726257
Tamil Nadu,KARUR,2008,Whole Year,Gram,14,3,0.214285714
Tamil Nadu,KARUR,2008,Whole Year,Groundnut,7497,18233,2.432039482
Tamil Nadu,KARUR,2008,Whole Year,Horse-gram,1060,499,0.470754717
Tamil Nadu,KARUR,2008,Whole Year,Jowar,21794,10590,0.485913554
Tamil Nadu,KARUR,2008,Whole Year,Maize,646,3751,5.806501548
Tamil Nadu,KARUR,2008,Whole Year,Moong(Green Gram),49,11,0.224489796
Tamil Nadu,KARUR,2008,Whole Year,Onion,106,1012,9.547169811
Tamil Nadu,KARUR,2008,Whole Year,Ragi,3,9,3
Tamil Nadu,KARUR,2008,Whole Year,Sesamum,7251,2940,0.405461316
Tamil Nadu,KARUR,2008,Whole Year,Small millets,5,4,0.8
Tamil Nadu,KARUR,2008,Whole Year,Sugarcane,5821,579527,99.55797973
Tamil Nadu,KARUR,2008,Whole Year,Sunflower,4749,6166,1.298378606
Tamil Nadu,KARUR,2008,Whole Year,Sweet potato,80,2066,25.825
Tamil Nadu,KARUR,2008,Whole Year,Tapioca,2516,91761,36.47098569
Tamil Nadu,KARUR,2008,Whole Year,Turmeric,223,1286,5.766816143
Tamil Nadu,KARUR,2008,Whole Year,Urad,787,248,0.315120712
Tamil Nadu,KARUR,2009,Kharif,Rice,15013,64087,4.268767069
Tamil Nadu,KARUR,2009,Kharif,Small millets,1,1,1
Tamil Nadu,KARUR,2009,Whole Year,Arecanut,1,2,2
Tamil Nadu,KARUR,2009,Whole Year,Arhar/Tur,2486,1182,0.475462591
Tamil Nadu,KARUR,2009,Whole Year,Bajra,2403,1822,0.758218893
Tamil Nadu,KARUR,2009,Whole Year,Banana,5277,234650,44.46655297
Tamil Nadu,KARUR,2009,Whole Year,Cashewnut,32,16,0.5
Tamil Nadu,KARUR,2009,Whole Year,Castor seed,17,8,0.470588235
Tamil Nadu,KARUR,2009,Whole Year,Coconut,5730,88100,15.37521815
Tamil Nadu,KARUR,2009,Whole Year,Coriander,9,4,0.444444444
Tamil Nadu,KARUR,2009,Whole Year,Cotton(lint),74,193,2.608108108
Tamil Nadu,KARUR,2009,Whole Year,Dry chillies,923,493,0.534127844
Tamil Nadu,KARUR,2009,Whole Year,Groundnut,7143,17362,2.430631387
Tamil Nadu,KARUR,2009,Whole Year,Horse-gram,1135,488,0.429955947
Tamil Nadu,KARUR,2009,Whole Year,Jowar,21446,12763,0.595122634
Tamil Nadu,KARUR,2009,Whole Year,Maize,407,2570,6.314496314
Tamil Nadu,KARUR,2009,Whole Year,Moong(Green Gram),75,26,0.346666667
Tamil Nadu,KARUR,2009,Whole Year,Onion,179,1746,9.754189944
Tamil Nadu,KARUR,2009,Whole Year,Ragi,10,27,2.7
Tamil Nadu,KARUR,2009,Whole Year,Sesamum,7269,2166,0.297977714
Tamil Nadu,KARUR,2009,Whole Year,Sugarcane,5982,537205,89.8035774
Tamil Nadu,KARUR,2009,Whole Year,Sunflower,2678,2953,1.102688574
Tamil Nadu,KARUR,2009,Whole Year,Sweet potato,85,1706,20.07058824
Tamil Nadu,KARUR,2009,Whole Year,Tapioca,3022,105024,34.75314361
Tamil Nadu,KARUR,2009,Whole Year,Tobacco,1,1,1
Tamil Nadu,KARUR,2009,Whole Year,Turmeric,300,1520,5.066666667
Tamil Nadu,KARUR,2009,Whole Year,Urad,832,316,0.379807692
Tamil Nadu,KARUR,2010,Kharif,Arhar/Tur,2544,1235,0.485455975
Tamil Nadu,KARUR,2010,Kharif,Castor seed,11,10,0.909090909
Tamil Nadu,KARUR,2010,Kharif,Cotton(lint),82,155,1.890243902
Tamil Nadu,KARUR,2010,Kharif,Groundnut,6359,11817,1.858311055
Tamil Nadu,KARUR,2010,Kharif,Horse-gram,1884,1063,0.564225053
Tamil Nadu,KARUR,2010,Kharif,Maize,789,3044,3.858048162
Tamil Nadu,KARUR,2010,Kharif,Moong(Green Gram),95,53,0.557894737
Tamil Nadu,KARUR,2010,Kharif,Ragi,7,15,2.142857143
Tamil Nadu,KARUR,2010,Kharif,Rice,14808,56991,3.848662885
Tamil Nadu,KARUR,2010,Kharif,Sunflower,2249,3143,1.397510004
Tamil Nadu,KARUR,2010,Kharif,Urad,716,346,0.483240223
Tamil Nadu,KARUR,2010,Whole Year,Sugarcane,5837,641085,109.8312489
Tamil Nadu,KARUR,2011,Kharif,Bajra,1141,1444,1.265556529
Tamil Nadu,KARUR,2011,Kharif,Cotton(lint),61,174,2.852459016
Tamil Nadu,KARUR,2011,Kharif,Groundnut,5695,14868,2.61071115
Tamil Nadu,KARUR,2011,Kharif,Jowar,10193,5133,0.503580889
Tamil Nadu,KARUR,2011,Kharif,Maize,1319,7494,5.681576952
Tamil Nadu,KARUR,2011,Kharif,Rice,17090,65737,3.846518432
Tamil Nadu,KARUR,2011,Rabi,Bajra,418,1222,2.923444976
Tamil Nadu,KARUR,2011,Rabi,Cotton(lint),18,50,2.777777778
Tamil Nadu,KARUR,2011,Rabi,Groundnut,1533,4170,2.720156556
Tamil Nadu,KARUR,2011,Rabi,Jowar,5866,9749,1.661950222
Tamil Nadu,KARUR,2011,Rabi,Maize,35,233,6.657142857
Tamil Nadu,KARUR,2011,Whole Year,Arecanut,1,2,2
Tamil Nadu,KARUR,2011,Whole Year,Arhar/Tur,2950,3156,1.069830508
Tamil Nadu,KARUR,2011,Whole Year,Banana,4812,212215,44.10120532
Tamil Nadu,KARUR,2011,Whole Year,Cashewnut,13,3,0.230769231
Tamil Nadu,KARUR,2011,Whole Year,Castor seed,25,5,0.2
Tamil Nadu,KARUR,2011,Whole Year,Coconut,6155,54300000,8822.095857
Tamil Nadu,KARUR,2011,Whole Year,Coriander,9,4,0.444444444
Tamil Nadu,KARUR,2011,Whole Year,Dry chillies,770,490,0.636363636
Tamil Nadu,KARUR,2011,Whole Year,Horse-gram,3198,1724,0.539086929
Tamil Nadu,KARUR,2011,Whole Year,Moong(Green Gram),726,424,0.584022039
Tamil Nadu,KARUR,2011,Whole Year,Onion,326,4054,12.43558282
Tamil Nadu,KARUR,2011,Whole Year,Sugarcane,8130,1111906,136.7658057
Tamil Nadu,KARUR,2011,Whole Year,Sunflower,5596,11222,2.005360972
Tamil Nadu,KARUR,2011,Whole Year,Sweet potato,67,1395,20.82089552
Tamil Nadu,KARUR,2011,Whole Year,Tapioca,2362,100938,42.73412362
Tamil Nadu,KARUR,2011,Whole Year,Turmeric,790,4328,5.478481013
Tamil Nadu,KARUR,2011,Whole Year,Urad,3579,2430,0.678960604
Tamil Nadu,KARUR,2012,Kharif,Arhar/Tur,1974,1618,0.819655522
Tamil Nadu,KARUR,2012,Kharif,Castor seed,36,45.63,1.2675
Tamil Nadu,KARUR,2012,Kharif,Cotton(lint),63,117,1.857142857
Tamil Nadu,KARUR,2012,Kharif,Groundnut,3953,10725,2.713129269
Tamil Nadu,KARUR,2012,Kharif,Horse-gram,3063,1228,0.400914136
Tamil Nadu,KARUR,2012,Kharif,Maize,1239,4349,3.510088781
Tamil Nadu,KARUR,2012,Kharif,Moong(Green Gram),179,47,0.262569832
Tamil Nadu,KARUR,2012,Kharif,Ragi,9,17,1.888888889
Tamil Nadu,KARUR,2012,Kharif,Rice,10907,44073,4.040799487
Tamil Nadu,KARUR,2012,Kharif,Sunflower,2510,3775,1.503984064
Tamil Nadu,KARUR,2012,Kharif,Urad,1164,635,0.545532646
Tamil Nadu,KARUR,2012,Rabi,Gram,56,9,0.160714286
Tamil Nadu,KARUR,2012,Whole Year,Sugarcane,6576,621454,94.5033455
Tamil Nadu,KARUR,2013,Kharif,Bajra,820,1841,2.245121951
Tamil Nadu,KARUR,2013,Kharif,Castor seed,8,3,0.375
Tamil Nadu,KARUR,2013,Kharif,Cotton(lint),92,264,2.869565217
Tamil Nadu,KARUR,2013,Kharif,Groundnut,1744,5517,3.163417431
Tamil Nadu,KARUR,2013,Kharif,Horse-gram,3105,1990,0.640901771
Tamil Nadu,KARUR,2013,Kharif,Jowar,20068,25545,1.272922065
Tamil Nadu,KARUR,2013,Kharif,Maize,1458,9531,6.537037037
Tamil Nadu,KARUR,2013,Kharif,Moong(Green Gram),262,147,0.561068702
Tamil Nadu,KARUR,2013,Kharif,Onion,229,2663,11.62882096
Tamil Nadu,KARUR,2013,Kharif,Potato,1,18,18
Tamil Nadu,KARUR,2013,Kharif,Ragi,12,33,2.75
Tamil Nadu,KARUR,2013,Kharif,Rice,12565,69898,5.562912853
Tamil Nadu,KARUR,2013,Kharif,Sunflower,844,1556,1.843601896
Tamil Nadu,KARUR,2013,Kharif,Urad,2628,2208,0.840182648
Tamil Nadu,KARUR,2013,Rabi,Bajra,30,60,2
Tamil Nadu,KARUR,2013,Rabi,Cotton(lint),1,2,2
Tamil Nadu,KARUR,2013,Rabi,Groundnut,496,1668,3.362903226
Tamil Nadu,KARUR,2013,Rabi,Horse-gram,111,71,0.63963964
Tamil Nadu,KARUR,2013,Rabi,Jowar,1157,1050,0.907519447
Tamil Nadu,KARUR,2013,Rabi,Maize,346,1731,5.002890173
Tamil Nadu,KARUR,2013,Rabi,Moong(Green Gram),175,141,0.805714286
Tamil Nadu,KARUR,2013,Rabi,Onion,73,618,8.465753425
Tamil Nadu,KARUR,2013,Rabi,Sunflower,128,235,1.8359375
Tamil Nadu,KARUR,2013,Rabi,Urad,1850,1579,0.853513514
Tamil Nadu,KARUR,2013,Whole Year,Arecanut,1,1,1
Tamil Nadu,KARUR,2013,Whole Year,Arhar/Tur,2523,3531,1.399524376
Tamil Nadu,KARUR,2013,Whole Year,Banana,2666,160880,60.34508627
Tamil Nadu,KARUR,2013,Whole Year,Cashewnut,22,6,0.272727273
Tamil Nadu,KARUR,2013,Whole Year,Coconut,6641,29100000,4381.8702
Tamil Nadu,KARUR,2013,Whole Year,Coriander,4,1,0.25
Tamil Nadu,KARUR,2013,Whole Year,Dry chillies,295,184,0.623728814
Tamil Nadu,KARUR,2013,Whole Year,Small millets,2,2,1
Tamil Nadu,KARUR,2013,Whole Year,Sugarcane,3372,338937,100.5151246
Tamil Nadu,KARUR,2013,Whole Year,Sweet potato,33,903,27.36363636
Tamil Nadu,KARUR,2013,Whole Year,Tapioca,1113,33328,29.9442947
Tamil Nadu,KARUR,2013,Whole Year,Tobacco,1,,
Tamil Nadu,KARUR,2013,Whole Year,Turmeric,267,1308,4.898876404
Tamil Nadu,KRISHNAGIRI,1999,Whole Year,Black pepper,1,,
Tamil Nadu,KRISHNAGIRI,2002,Whole Year,Dry ginger,2,32,16
Tamil Nadu,KRISHNAGIRI,2002,Whole Year,Tobacco,5066,8028,1.584682195
Tamil Nadu,KRISHNAGIRI,2003,Kharif,Small millets,8932,9668,1.082400358
Tamil Nadu,KRISHNAGIRI,2003,Whole Year,Arecanut,43,,
Tamil Nadu,KRISHNAGIRI,2003,Whole Year,Ash Gourd,23,0,0
Tamil Nadu,KRISHNAGIRI,2003,Whole Year,Banana,1024,36224,35.375
Tamil Nadu,KRISHNAGIRI,2003,Whole Year,Beans & Mutter(Vegetable),325,0,0
Tamil Nadu,KRISHNAGIRI,2003,Whole Year,Beet Root,57,0,0
Tamil Nadu,KRISHNAGIRI,2003,Whole Year,Bhindi,152,1064,7
Tamil Nadu,KRISHNAGIRI,2003,Whole Year,Bitter Gourd,14,0,0
Tamil Nadu,KRISHNAGIRI,2003,Whole Year,Black pepper,2,,
Tamil Nadu,KRISHNAGIRI,2003,Whole Year,Bottle Gourd,4,0,0
Tamil Nadu,KRISHNAGIRI,2003,Whole Year,Brinjal,335,5088,15.1880597
Tamil Nadu,KRISHNAGIRI,2003,Whole Year,Cabbage,203,9967,49.09852217
Tamil Nadu,KRISHNAGIRI,2003,Whole Year,Carrot,85,0,0
Tamil Nadu,KRISHNAGIRI,2003,Whole Year,Cashewnut,2,1,0.5
Tamil Nadu,KRISHNAGIRI,2003,Whole Year,Cauliflower,17,0,0
Tamil Nadu,KRISHNAGIRI,2003,Whole Year,Citrus Fruit,24,25,1.041666667
Tamil Nadu,KRISHNAGIRI,2003,Whole Year,Coriander,197,57,0.289340102
Tamil Nadu,KRISHNAGIRI,2003,Whole Year,Cucumber,17,0,0
Tamil Nadu,KRISHNAGIRI,2003,Whole Year,Drum Stick,17,0,0
Tamil Nadu,KRISHNAGIRI,2003,Whole Year,Dry chillies,497,,
Tamil Nadu,KRISHNAGIRI,2003,Whole Year,Garlic,1,6,6
Tamil Nadu,KRISHNAGIRI,2003,Whole Year,Grapes,108,1766,16.35185185
Tamil Nadu,KRISHNAGIRI,2003,Whole Year,Jack Fruit,11,106,9.636363636
Tamil Nadu,KRISHNAGIRI,2003,Whole Year,Lab-Lab,809,0,0
Tamil Nadu,KRISHNAGIRI,2003,Whole Year,Litchi,4,0,0
Tamil Nadu,KRISHNAGIRI,2003,Whole Year,Mango,34626,252436,7.290359845
Tamil Nadu,KRISHNAGIRI,2003,Whole Year,Onion,58,522,9
Tamil Nadu,KRISHNAGIRI,2003,Whole Year,Orange,1,2,2
Tamil Nadu,KRISHNAGIRI,2003,Whole Year,Other Citrus Fruit,13,0,0
Tamil Nadu,KRISHNAGIRI,2003,Whole Year,Other Fresh Fruits,224,0,0
Tamil Nadu,KRISHNAGIRI,2003,Whole Year,Other Vegetables,123,0,0
Tamil Nadu,KRISHNAGIRI,2003,Whole Year,Papaya,9,0,0
Tamil Nadu,KRISHNAGIRI,2003,Whole Year,Pineapple,4,126,31.5
Tamil Nadu,KRISHNAGIRI,2003,Whole Year,Pome Fruit,107,751,7.018691589
Tamil Nadu,KRISHNAGIRI,2003,Whole Year,Pome Granet,6,0,0
Tamil Nadu,KRISHNAGIRI,2003,Whole Year,Potato,113,1749,15.47787611
Tamil Nadu,KRISHNAGIRI,2003,Whole Year,Pump Kin,34,0,0
Tamil Nadu,KRISHNAGIRI,2003,Whole Year,Redish,45,0,0
Tamil Nadu,KRISHNAGIRI,2003,Whole Year,Ribed Guard,12,0,0
Tamil Nadu,KRISHNAGIRI,2003,Whole Year,Snak Guard,81,0,0
Tamil Nadu,KRISHNAGIRI,2003,Whole Year,Sweet potato,13,188,14.46153846
Tamil Nadu,KRISHNAGIRI,2003,Whole Year,Tapioca,434,8826,20.33640553
Tamil Nadu,KRISHNAGIRI,2003,Whole Year,Tomato,2081,27465,13.19798174
Tamil Nadu,KRISHNAGIRI,2003,Whole Year,Turmeric,448,1111,2.479910714
Tamil Nadu,KRISHNAGIRI,2003,Whole Year,Water Melon,19,0,0
Tamil Nadu,KRISHNAGIRI,2004,Kharif,Arhar/Tur,2656,1446,0.544427711
Tamil Nadu,KRISHNAGIRI,2004,Kharif,Bajra,186,260,1.397849462
Tamil Nadu,KRISHNAGIRI,2004,Kharif,Castor seed,653,224,0.343032159
Tamil Nadu,KRISHNAGIRI,2004,Kharif,Cotton(lint),2572,3531,1.372861586
Tamil Nadu,KRISHNAGIRI,2004,Kharif,Dry ginger,2,39,19.5
Tamil Nadu,KRISHNAGIRI,2004,Kharif,Groundnut,15391,23792,1.545838477
Tamil Nadu,KRISHNAGIRI,2004,Kharif,Horse-gram,16010,4375,0.273266708
Tamil Nadu,KRISHNAGIRI,2004,Kharif,Jowar,4068,2576,0.633235005
Tamil Nadu,KRISHNAGIRI,2004,Kharif,Maize,103,113,1.097087379
Tamil Nadu,KRISHNAGIRI,2004,Kharif,Moong(Green Gram),614,243,0.395765472
Tamil Nadu,KRISHNAGIRI,2004,Kharif,Niger seed,304,,
Tamil Nadu,KRISHNAGIRI,2004,Kharif,Other Kharif pulses,5403,1128,0.208772904
Tamil Nadu,KRISHNAGIRI,2004,Kharif,Ragi,57732,73348,1.270491235
Tamil Nadu,KRISHNAGIRI,2004,Kharif,Rice,17620,45254,2.568331442
Tamil Nadu,KRISHNAGIRI,2004,Kharif,Sesamum,429,57,0.132867133
Tamil Nadu,KRISHNAGIRI,2004,Kharif,Small millets,2995,2292,0.765275459
Tamil Nadu,KRISHNAGIRI,2004,Kharif,Sunflower,227,241,1.061674009
Tamil Nadu,KRISHNAGIRI,2004,Kharif,Urad,427,158,0.370023419
Tamil Nadu,KRISHNAGIRI,2004,Rabi,Gram,9,1,0.111111111
Tamil Nadu,KRISHNAGIRI,2004,Rabi,Rapeseed &Mustard,349,86,0.246418338
Tamil Nadu,KRISHNAGIRI,2004,Rabi,Wheat,1,,
Tamil Nadu,KRISHNAGIRI,2004,Whole Year,Arecanut,38,48,1.263157895
Tamil Nadu,KRISHNAGIRI,2004,Whole Year,Banana,1050,44601,42.47714286
Tamil Nadu,KRISHNAGIRI,2004,Whole Year,Cashewnut,3,1,0.333333333
Tamil Nadu,KRISHNAGIRI,2004,Whole Year,Coconut,14049,144600,10.29254751
Tamil Nadu,KRISHNAGIRI,2004,Whole Year,Coriander,234,101,0.431623932
Tamil Nadu,KRISHNAGIRI,2004,Whole Year,Dry chillies,487,316,0.648870637
Tamil Nadu,KRISHNAGIRI,2004,Whole Year,Garlic,1,6,6
Tamil Nadu,KRISHNAGIRI,2004,Whole Year,Onion,165,1597,9.678787879
Tamil Nadu,KRISHNAGIRI,2004,Whole Year,Potato,195,3403,17.45128205
Tamil Nadu,KRISHNAGIRI,2004,Whole Year,Sugarcane,1645,88236,53.63890578
Tamil Nadu,KRISHNAGIRI,2004,Whole Year,Sweet potato,4,60,15
Tamil Nadu,KRISHNAGIRI,2004,Whole Year,Tapioca,943,46884,49.71792153
Tamil Nadu,KRISHNAGIRI,2004,Whole Year,Turmeric,684,2147,3.138888889
Tamil Nadu,KRISHNAGIRI,2005,Kharif,Arhar/Tur,3063,1254,0.409402547
Tamil Nadu,KRISHNAGIRI,2005,Kharif,Bajra,575,517,0.899130435
Tamil Nadu,KRISHNAGIRI,2005,Kharif,Castor seed,619,212,0.342487884
Tamil Nadu,KRISHNAGIRI,2005,Kharif,Cotton(lint),2275,2359,1.036923077
Tamil Nadu,KRISHNAGIRI,2005,Kharif,Dry ginger,2,39,19.5
Tamil Nadu,KRISHNAGIRI,2005,Kharif,Groundnut,22378,27595,1.233130753
Tamil Nadu,KRISHNAGIRI,2005,Kharif,Horse-gram,17494,3681,0.210414999
Tamil Nadu,KRISHNAGIRI,2005,Kharif,Jowar,5444,5798,1.065025716
Tamil Nadu,KRISHNAGIRI,2005,Kharif,Maize,97,,
Tamil Nadu,KRISHNAGIRI,2005,Kharif,Moong(Green Gram),683,248,0.363103953
Tamil Nadu,KRISHNAGIRI,2005,Kharif,Niger seed,511,,
Tamil Nadu,KRISHNAGIRI,2005,Kharif,Other Kharif pulses,4863,1074,0.220851326
Tamil Nadu,KRISHNAGIRI,2005,Kharif,Ragi,47045,53277,1.132468913
Tamil Nadu,KRISHNAGIRI,2005,Kharif,Rice,21980,57797,2.629526843
Tamil Nadu,KRISHNAGIRI,2005,Kharif,Sesamum,259,36,0.138996139
Tamil Nadu,KRISHNAGIRI,2005,Kharif,Small millets,3631,1503,0.413935555
Tamil Nadu,KRISHNAGIRI,2005,Kharif,Sunflower,58,72,1.24137931
Tamil Nadu,KRISHNAGIRI,2005,Kharif,Urad,639,169,0.264475743
Tamil Nadu,KRISHNAGIRI,2005,Rabi,Gram,16,2,0.125
Tamil Nadu,KRISHNAGIRI,2005,Rabi,Rapeseed &Mustard,415,103,0.248192771
Tamil Nadu,KRISHNAGIRI,2005,Whole Year,Arecanut,46,80,1.739130435
Tamil Nadu,KRISHNAGIRI,2005,Whole Year,Banana,1813,89026,49.1042471
Tamil Nadu,KRISHNAGIRI,2005,Whole Year,Black pepper,2,,
Tamil Nadu,KRISHNAGIRI,2005,Whole Year,Cashewnut,2,1,0.5
Tamil Nadu,KRISHNAGIRI,2005,Whole Year,Coconut,15264,1581,0.103577044
Tamil Nadu,KRISHNAGIRI,2005,Whole Year,Coriander,140,43,0.307142857
Tamil Nadu,KRISHNAGIRI,2005,Whole Year,Dry chillies,346,514,1.485549133
Tamil Nadu,KRISHNAGIRI,2005,Whole Year,Garlic,1,6,6
Tamil Nadu,KRISHNAGIRI,2005,Whole Year,Onion,75,601,8.013333333
Tamil Nadu,KRISHNAGIRI,2005,Whole Year,Potato,131,1952,14.90076336
Tamil Nadu,KRISHNAGIRI,2005,Whole Year,Sugarcane,2198,139463,63.4499545
Tamil Nadu,KRISHNAGIRI,2005,Whole Year,Sweet potato,9,188,20.88888889
Tamil Nadu,KRISHNAGIRI,2005,Whole Year,Tapioca,1186,45318,38.21079258
Tamil Nadu,KRISHNAGIRI,2005,Whole Year,Turmeric,939,5128,5.46112886
Tamil Nadu,KRISHNAGIRI,2006,Kharif,Rice,17890,51037,2.852822806
Tamil Nadu,KRISHNAGIRI,2006,Kharif,Small millets,2632,2171,0.824848024
Tamil Nadu,KRISHNAGIRI,2006,Whole Year,Arecanut,38,75,1.973684211
Tamil Nadu,KRISHNAGIRI,2006,Whole Year,Arhar/Tur,2716,1983,0.73011782
Tamil Nadu,KRISHNAGIRI,2006,Whole Year,Bajra,546,961,1.76007326
Tamil Nadu,KRISHNAGIRI,2006,Whole Year,Banana,2176,116599,53.58409926
Tamil Nadu,KRISHNAGIRI,2006,Whole Year,Black pepper,6,1,0.166666667
Tamil Nadu,KRISHNAGIRI,2006,Whole Year,Cashewnut,23,10,0.434782609
Tamil Nadu,KRISHNAGIRI,2006,Whole Year,Castor seed,479,164,0.342379958
Tamil Nadu,KRISHNAGIRI,2006,Whole Year,Coconut,14977,2166,0.144621753
Tamil Nadu,KRISHNAGIRI,2006,Whole Year,Coriander,94,31,0.329787234
Tamil Nadu,KRISHNAGIRI,2006,Whole Year,Cotton(lint),1605,1342,0.836137072
Tamil Nadu,KRISHNAGIRI,2006,Whole Year,Dry chillies,440,508,1.154545455
Tamil Nadu,KRISHNAGIRI,2006,Whole Year,Dry ginger,1,19,19
Tamil Nadu,KRISHNAGIRI,2006,Whole Year,Garlic,6,35,5.833333333
Tamil Nadu,KRISHNAGIRI,2006,Whole Year,Gram,11,2,0.181818182
Tamil Nadu,KRISHNAGIRI,2006,Whole Year,Groundnut,19628,23332,1.188710006
Tamil Nadu,KRISHNAGIRI,2006,Whole Year,Horse-gram,17974,10247,0.570101257
Tamil Nadu,KRISHNAGIRI,2006,Whole Year,Jowar,6139,7406,1.206385405
Tamil Nadu,KRISHNAGIRI,2006,Whole Year,Maize,98,518,5.285714286
Tamil Nadu,KRISHNAGIRI,2006,Whole Year,Moong(Green Gram),682,394,0.57771261
Tamil Nadu,KRISHNAGIRI,2006,Whole Year,Onion,101,882,8.732673267
Tamil Nadu,KRISHNAGIRI,2006,Whole Year,Potato,242,3611,14.9214876
Tamil Nadu,KRISHNAGIRI,2006,Whole Year,Ragi,47211,54163,1.147253818
Tamil Nadu,KRISHNAGIRI,2006,Whole Year,Rapeseed &Mustard,194,48,0.24742268
Tamil Nadu,KRISHNAGIRI,2006,Whole Year,Sesamum,311,69,0.221864952
Tamil Nadu,KRISHNAGIRI,2006,Whole Year,Sugarcane,2956,362979,122.7939783
Tamil Nadu,KRISHNAGIRI,2006,Whole Year,Sunflower,66,121,1.833333333
Tamil Nadu,KRISHNAGIRI,2006,Whole Year,Sweet potato,3,50,16.66666667
Tamil Nadu,KRISHNAGIRI,2006,Whole Year,Tapioca,1949,78662,40.36018471
Tamil Nadu,KRISHNAGIRI,2006,Whole Year,Turmeric,1316,5851,4.446048632
Tamil Nadu,KRISHNAGIRI,2006,Whole Year,Urad,775,442,0.570322581
Tamil Nadu,KRISHNAGIRI,2007,Kharif,Rice,14982,47672,3.181951675
Tamil Nadu,KRISHNAGIRI,2007,Kharif,Small millets,2004,1618,0.80738523
Tamil Nadu,KRISHNAGIRI,2007,Whole Year,Arecanut,53,43,0.811320755
Tamil Nadu,KRISHNAGIRI,2007,Whole Year,Arhar/Tur,2876,1825,0.634561892
Tamil Nadu,KRISHNAGIRI,2007,Whole Year,Bajra,459,661,1.440087146
Tamil Nadu,KRISHNAGIRI,2007,Whole Year,Banana,2170,103597,47.740553
Tamil Nadu,KRISHNAGIRI,2007,Whole Year,Black pepper,5,1,0.2
Tamil Nadu,KRISHNAGIRI,2007,Whole Year,Cashewnut,14,8,0.571428571
Tamil Nadu,KRISHNAGIRI,2007,Whole Year,Castor seed,440,151,0.343181818
Tamil Nadu,KRISHNAGIRI,2007,Whole Year,Coconut,14464,2060,0.142422566
Tamil Nadu,KRISHNAGIRI,2007,Whole Year,Coriander,109,42,0.385321101
Tamil Nadu,KRISHNAGIRI,2007,Whole Year,Cotton(lint),1245,1048,0.841767068
Tamil Nadu,KRISHNAGIRI,2007,Whole Year,Dry chillies,468,237,0.506410256
Tamil Nadu,KRISHNAGIRI,2007,Whole Year,Dry ginger,1,19,19
Tamil Nadu,KRISHNAGIRI,2007,Whole Year,Gram,9,1,0.111111111
Tamil Nadu,KRISHNAGIRI,2007,Whole Year,Groundnut,16805,35449,2.109431717
Tamil Nadu,KRISHNAGIRI,2007,Whole Year,Horse-gram,15896,6218,0.391167589
Tamil Nadu,KRISHNAGIRI,2007,Whole Year,Jowar,5477,4935,0.901040716
Tamil Nadu,KRISHNAGIRI,2007,Whole Year,Maize,94,429,4.563829787
Tamil Nadu,KRISHNAGIRI,2007,Whole Year,Moong(Green Gram),564,231,0.409574468
Tamil Nadu,KRISHNAGIRI,2007,Whole Year,Onion,148,1426,9.635135135
Tamil Nadu,KRISHNAGIRI,2007,Whole Year,Potato,261,4376,16.76628352
Tamil Nadu,KRISHNAGIRI,2007,Whole Year,Ragi,48443,90351,1.865099189
Tamil Nadu,KRISHNAGIRI,2007,Whole Year,Rapeseed &Mustard,145,36,0.248275862
Tamil Nadu,KRISHNAGIRI,2007,Whole Year,Sesamum,503,203,0.403578529
Tamil Nadu,KRISHNAGIRI,2007,Whole Year,Small millets,2004,1618,0.80738523
Tamil Nadu,KRISHNAGIRI,2007,Whole Year,Sugarcane,2568,276158,107.538162
Tamil Nadu,KRISHNAGIRI,2007,Whole Year,Sunflower,223,354,1.587443946
Tamil Nadu,KRISHNAGIRI,2007,Whole Year,Sweet potato,5,68,13.6
Tamil Nadu,KRISHNAGIRI,2007,Whole Year,Tapioca,1558,32305,20.73491656
Tamil Nadu,KRISHNAGIRI,2007,Whole Year,Turmeric,1197,5794,4.840434419
Tamil Nadu,KRISHNAGIRI,2007,Whole Year,Urad,755,196,0.259602649
Tamil Nadu,KRISHNAGIRI,2008,Kharif,Rice,14621,52303,3.577251898
Tamil Nadu,KRISHNAGIRI,2008,Kharif,Small millets,1566,1166,0.744572158
Tamil Nadu,KRISHNAGIRI,2008,Whole Year,Arecanut,51,15,0.294117647
Tamil Nadu,KRISHNAGIRI,2008,Whole Year,Arhar/Tur,3149,1791,0.568751985
Tamil Nadu,KRISHNAGIRI,2008,Whole Year,Bajra,439,604,1.375854214
Tamil Nadu,KRISHNAGIRI,2008,Whole Year,Banana,2251,100063,44.45268769
Tamil Nadu,KRISHNAGIRI,2008,Whole Year,Black pepper,2,,
Tamil Nadu,KRISHNAGIRI,2008,Whole Year,Cashewnut,14,7,0.5
Tamil Nadu,KRISHNAGIRI,2008,Whole Year,Castor seed,374,128,0.342245989
Tamil Nadu,KRISHNAGIRI,2008,Whole Year,Coconut,14418,1717000,119.087252
Tamil Nadu,KRISHNAGIRI,2008,Whole Year,Coriander,103,35,0.339805825
Tamil Nadu,KRISHNAGIRI,2008,Whole Year,Cotton(lint),1212,1052,0.867986799
Tamil Nadu,KRISHNAGIRI,2008,Whole Year,Dry chillies,429,216,0.503496503
Tamil Nadu,KRISHNAGIRI,2008,Whole Year,Dry ginger,1,20,20
Tamil Nadu,KRISHNAGIRI,2008,Whole Year,Gram,9,1,0.111111111
Tamil Nadu,KRISHNAGIRI,2008,Whole Year,Groundnut,16990,26551,1.56274279
Tamil Nadu,KRISHNAGIRI,2008,Whole Year,Horse-gram,15541,8482,0.545782125
Tamil Nadu,KRISHNAGIRI,2008,Whole Year,Jowar,5344,7601,1.422342814
Tamil Nadu,KRISHNAGIRI,2008,Whole Year,Maize,88,284,3.227272727
Tamil Nadu,KRISHNAGIRI,2008,Whole Year,Moong(Green Gram),580,131,0.225862069
Tamil Nadu,KRISHNAGIRI,2008,Whole Year,Onion,129,1219,9.449612403
Tamil Nadu,KRISHNAGIRI,2008,Whole Year,Potato,245,4499,18.36326531
Tamil Nadu,KRISHNAGIRI,2008,Whole Year,Ragi,47616,80962,1.70031082
Tamil Nadu,KRISHNAGIRI,2008,Whole Year,Rapeseed &Mustard,133,33,0.248120301
Tamil Nadu,KRISHNAGIRI,2008,Whole Year,Sesamum,462,181,0.391774892
Tamil Nadu,KRISHNAGIRI,2008,Whole Year,Small millets,1566,1166,0.744572158
Tamil Nadu,KRISHNAGIRI,2008,Whole Year,Sugarcane,2512,270153,107.5449841
Tamil Nadu,KRISHNAGIRI,2008,Whole Year,Sunflower,134,179,1.335820896
Tamil Nadu,KRISHNAGIRI,2008,Whole Year,Sweet potato,6,80,13.33333333
Tamil Nadu,KRISHNAGIRI,2008,Whole Year,Tapioca,1439,52482,36.47116053
Tamil Nadu,KRISHNAGIRI,2008,Whole Year,Turmeric,1124,4920,4.377224199
Tamil Nadu,KRISHNAGIRI,2008,Whole Year,Urad,767,241,0.314211213
Tamil Nadu,KRISHNAGIRI,2009,Kharif,Rice,16490,64976,3.940327471
Tamil Nadu,KRISHNAGIRI,2009,Kharif,Small millets,1521,1704,1.120315582
Tamil Nadu,KRISHNAGIRI,2009,Whole Year,Arecanut,32,5,0.15625
Tamil Nadu,KRISHNAGIRI,2009,Whole Year,Arhar/Tur,2785,1735,0.622980251
Tamil Nadu,KRISHNAGIRI,2009,Whole Year,Bajra,524,759,1.448473282
Tamil Nadu,KRISHNAGIRI,2009,Whole Year,Banana,1832,78769,42.99617904
Tamil Nadu,KRISHNAGIRI,2009,Whole Year,Black pepper,2,,
Tamil Nadu,KRISHNAGIRI,2009,Whole Year,Cardamom,2,,
Tamil Nadu,KRISHNAGIRI,2009,Whole Year,Cashewnut,14,7,0.5
Tamil Nadu,KRISHNAGIRI,2009,Whole Year,Castor seed,286,98,0.342657343
Tamil Nadu,KRISHNAGIRI,2009,Whole Year,Coconut,14109,274900,19.48401729
Tamil Nadu,KRISHNAGIRI,2009,Whole Year,Coriander,222,88,0.396396396
Tamil Nadu,KRISHNAGIRI,2009,Whole Year,Cotton(lint),1296,2988,2.305555556
Tamil Nadu,KRISHNAGIRI,2009,Whole Year,Dry chillies,521,278,0.533589251
Tamil Nadu,KRISHNAGIRI,2009,Whole Year,Gram,2,1,0.5
Tamil Nadu,KRISHNAGIRI,2009,Whole Year,Groundnut,15622,27952,1.78927154
Tamil Nadu,KRISHNAGIRI,2009,Whole Year,Horse-gram,15041,7961,0.529286617
Tamil Nadu,KRISHNAGIRI,2009,Whole Year,Jowar,5665,15901,2.806884378
Tamil Nadu,KRISHNAGIRI,2009,Whole Year,Maize,121,542,4.479338843
Tamil Nadu,KRISHNAGIRI,2009,Whole Year,Moong(Green Gram),669,231,0.34529148
Tamil Nadu,KRISHNAGIRI,2009,Whole Year,Onion,157,1531,9.751592357
Tamil Nadu,KRISHNAGIRI,2009,Whole Year,Potato,501,11314,22.58283433
Tamil Nadu,KRISHNAGIRI,2009,Whole Year,Ragi,42136,85424,2.027340042
Tamil Nadu,KRISHNAGIRI,2009,Whole Year,Rapeseed &Mustard,176,43,0.244318182
Tamil Nadu,KRISHNAGIRI,2009,Whole Year,Sesamum,521,200,0.383877159
Tamil Nadu,KRISHNAGIRI,2009,Whole Year,Sugarcane,2325,205762,88.49978495
Tamil Nadu,KRISHNAGIRI,2009,Whole Year,Sunflower,127,169,1.330708661
Tamil Nadu,KRISHNAGIRI,2009,Whole Year,Sweet potato,4,59,14.75
Tamil Nadu,KRISHNAGIRI,2009,Whole Year,Tapioca,1293,44567,34.4679041
Tamil Nadu,KRISHNAGIRI,2009,Whole Year,Turmeric,1035,7256,7.010628019
Tamil Nadu,KRISHNAGIRI,2009,Whole Year,Urad,843,320,0.379596679
Tamil Nadu,KRISHNAGIRI,2010,Kharif,Arhar/Tur,6837,5068,0.741260787
Tamil Nadu,KRISHNAGIRI,2010,Kharif,Castor seed,474,141,0.297468354
Tamil Nadu,KRISHNAGIRI,2010,Kharif,Cotton(lint),1592,3686,2.315326633
Tamil Nadu,KRISHNAGIRI,2010,Kharif,Groundnut,14652,34790,2.374419874
Tamil Nadu,KRISHNAGIRI,2010,Kharif,Horse-gram,14502,5914,0.40780582
Tamil Nadu,KRISHNAGIRI,2010,Kharif,Maize,233,915,3.927038627
Tamil Nadu,KRISHNAGIRI,2010,Kharif,Moong(Green Gram),790,488,0.617721519
Tamil Nadu,KRISHNAGIRI,2010,Kharif,Ragi,40298,94143,2.33617053
Tamil Nadu,KRISHNAGIRI,2010,Kharif,Rice,16337,70126,4.292464957
Tamil Nadu,KRISHNAGIRI,2010,Kharif,Sunflower,84,98,1.166666667
Tamil Nadu,KRISHNAGIRI,2010,Kharif,Urad,508,265,0.521653543
Tamil Nadu,KRISHNAGIRI,2010,Rabi,Gram,8,4,0.5
Tamil Nadu,KRISHNAGIRI,2010,Whole Year,Sugarcane,2342,189702,81
Tamil Nadu,KRISHNAGIRI,2011,Kharif,Bajra,332,734,2.210843373
Tamil Nadu,KRISHNAGIRI,2011,Kharif,Cotton(lint),1539,3941,2.560753736
Tamil Nadu,KRISHNAGIRI,2011,Kharif,Groundnut,14372,43554,3.030475925
Tamil Nadu,KRISHNAGIRI,2011,Kharif,Jowar,4117,10569,2.567160554
Tamil Nadu,KRISHNAGIRI,2011,Kharif,Maize,916,5205,5.68231441
Tamil Nadu,KRISHNAGIRI,2011,Kharif,Ragi,41587,110866,2.665881165
Tamil Nadu,KRISHNAGIRI,2011,Kharif,Rice,20111,91443,4.546914624
Tamil Nadu,KRISHNAGIRI,2011,Rabi,Bajra,5,15,3
Tamil Nadu,KRISHNAGIRI,2011,Rabi,Cotton(lint),156,429,2.75
Tamil Nadu,KRISHNAGIRI,2011,Rabi,Groundnut,1237,4640,3.751010509
Tamil Nadu,KRISHNAGIRI,2011,Rabi,Jowar,88,146,1.659090909
Tamil Nadu,KRISHNAGIRI,2011,Rabi,Maize,32,213,6.65625
Tamil Nadu,KRISHNAGIRI,2011,Rabi,Ragi,2792,7102,2.543696275
Tamil Nadu,KRISHNAGIRI,2011,Rabi,Rapeseed &Mustard,264,65,0.246212121
Tamil Nadu,KRISHNAGIRI,2011,Whole Year,Arecanut,32,43,1.34375
Tamil Nadu,KRISHNAGIRI,2011,Whole Year,Arhar/Tur,5897,4938,0.837374936
Tamil Nadu,KRISHNAGIRI,2011,Whole Year,Banana,1768,77252,43.69457014
Tamil Nadu,KRISHNAGIRI,2011,Whole Year,Black pepper,2,,
Tamil Nadu,KRISHNAGIRI,2011,Whole Year,Cashewnut,7,2,0.285714286
Tamil Nadu,KRISHNAGIRI,2011,Whole Year,Castor seed,1033,163,0.157792836
Tamil Nadu,KRISHNAGIRI,2011,Whole Year,Coconut,15550,297200000,19112.54019
Tamil Nadu,KRISHNAGIRI,2011,Whole Year,Coriander,193,90,0.466321244
Tamil Nadu,KRISHNAGIRI,2011,Whole Year,Dry chillies,371,162,0.436657682
Tamil Nadu,KRISHNAGIRI,2011,Whole Year,Gram,9,6,0.666666667
Tamil Nadu,KRISHNAGIRI,2011,Whole Year,Horse-gram,21562,11087,0.514191633
Tamil Nadu,KRISHNAGIRI,2011,Whole Year,Moong(Green Gram),1573,1103,0.701207883
Tamil Nadu,KRISHNAGIRI,2011,Whole Year,Onion,83,1022,12.31325301
Tamil Nadu,KRISHNAGIRI,2011,Whole Year,Potato,313,6576,21.00958466
Tamil Nadu,KRISHNAGIRI,2011,Whole Year,Small millets,1327,2548,1.920120573
Tamil Nadu,KRISHNAGIRI,2011,Whole Year,Sugarcane,2199,230235,104.6998636
Tamil Nadu,KRISHNAGIRI,2011,Whole Year,Sunflower,79,145,1.835443038
Tamil Nadu,KRISHNAGIRI,2011,Whole Year,Sweet potato,18,369,20.5
Tamil Nadu,KRISHNAGIRI,2011,Whole Year,Tapioca,1321,49753,37.66313399
Tamil Nadu,KRISHNAGIRI,2011,Whole Year,Tobacco,1,8,8
Tamil Nadu,KRISHNAGIRI,2011,Whole Year,Turmeric,2127,9495,4.46403385
Tamil Nadu,KRISHNAGIRI,2011,Whole Year,Urad,2446,2007,0.820523303
Tamil Nadu,KRISHNAGIRI,2012,Kharif,Arhar/Tur,10809,10948,1.012859654
Tamil Nadu,KRISHNAGIRI,2012,Kharif,Castor seed,1507,268.91,0.17844061
Tamil Nadu,KRISHNAGIRI,2012,Kharif,Cotton(lint),1506,4003,2.658034529
Tamil Nadu,KRISHNAGIRI,2012,Kharif,Groundnut,16505,34859,2.112026659
Tamil Nadu,KRISHNAGIRI,2012,Kharif,Horse-gram,21937,8068,0.367780462
Tamil Nadu,KRISHNAGIRI,2012,Kharif,Maize,981,3418,3.484199796
Tamil Nadu,KRISHNAGIRI,2012,Kharif,Moong(Green Gram),1806,473,0.261904762
Tamil Nadu,KRISHNAGIRI,2012,Kharif,Ragi,44309,80401,1.814552348
Tamil Nadu,KRISHNAGIRI,2012,Kharif,Rice,17753,72186,4.066129668
Tamil Nadu,KRISHNAGIRI,2012,Kharif,Sunflower,8,10,1.25
Tamil Nadu,KRISHNAGIRI,2012,Kharif,Urad,4162,2381,0.57208073
Tamil Nadu,KRISHNAGIRI,2012,Rabi,Gram,9,4,0.444444444
Tamil Nadu,KRISHNAGIRI,2012,Whole Year,Sugarcane,1135,105896,93.30044053
Tamil Nadu,KRISHNAGIRI,2013,Kharif,Bajra,457,1477,3.231947484
Tamil Nadu,KRISHNAGIRI,2013,Kharif,Castor seed,1115,329,0.295067265
Tamil Nadu,KRISHNAGIRI,2013,Kharif,Cotton(lint),1912,5802,3.034518828
Tamil Nadu,KRISHNAGIRI,2013,Kharif,Groundnut,11811,30334,2.568283803
Tamil Nadu,KRISHNAGIRI,2013,Kharif,Horse-gram,924,540,0.584415584
Tamil Nadu,KRISHNAGIRI,2013,Kharif,Jowar,4967,7108,1.431044896
Tamil Nadu,KRISHNAGIRI,2013,Kharif,Maize,3280,21441,6.536890244
Tamil Nadu,KRISHNAGIRI,2013,Kharif,Moong(Green Gram),1843,1037,0.56266956
Tamil Nadu,KRISHNAGIRI,2013,Kharif,Onion,63,733,11.63492063
Tamil Nadu,KRISHNAGIRI,2013,Kharif,Potato,648,11740,18.11728395
Tamil Nadu,KRISHNAGIRI,2013,Kharif,Ragi,49446,127728,2.583181653
Tamil Nadu,KRISHNAGIRI,2013,Kharif,Rice,29704,143404,4.827767304
Tamil Nadu,KRISHNAGIRI,2013,Kharif,Urad,3879,3259,0.840164991
Tamil Nadu,KRISHNAGIRI,2013,Rabi,Bajra,51,102,2
Tamil Nadu,KRISHNAGIRI,2013,Rabi,Cotton(lint),170,408,2.4
Tamil Nadu,KRISHNAGIRI,2013,Rabi,Groundnut,1195,4336,3.628451883
Tamil Nadu,KRISHNAGIRI,2013,Rabi,Horse-gram,29434,17215,0.58486784
Tamil Nadu,KRISHNAGIRI,2013,Rabi,Jowar,13,28,2.153846154
Tamil Nadu,KRISHNAGIRI,2013,Rabi,Maize,158,790,5
Tamil Nadu,KRISHNAGIRI,2013,Rabi,Moong(Green Gram),82,66,0.804878049
Tamil Nadu,KRISHNAGIRI,2013,Rabi,Onion,36,305,8.472222222
Tamil Nadu,KRISHNAGIRI,2013,Rabi,Potato,1081,34272,31.7039778
Tamil Nadu,KRISHNAGIRI,2013,Rabi,Ragi,7203,26083,3.621130085
Tamil Nadu,KRISHNAGIRI,2013,Rabi,Rapeseed &Mustard,536,131,0.244402985
Tamil Nadu,KRISHNAGIRI,2013,Rabi,Urad,363,310,0.85399449
Tamil Nadu,KRISHNAGIRI,2013,Whole Year,Arecanut,33,99,3
Tamil Nadu,KRISHNAGIRI,2013,Whole Year,Arhar/Tur,8453,8520,1.00792618
Tamil Nadu,KRISHNAGIRI,2013,Whole Year,Banana,920,38211,41.53369565
Tamil Nadu,KRISHNAGIRI,2013,Whole Year,Cashewnut,5,1,0.2
Tamil Nadu,KRISHNAGIRI,2013,Whole Year,Coconut,15781,284600000,18034.3451
Tamil Nadu,KRISHNAGIRI,2013,Whole Year,Coriander,1561,543,0.34785394
Tamil Nadu,KRISHNAGIRI,2013,Whole Year,Dry chillies,651,178,0.273425499
Tamil Nadu,KRISHNAGIRI,2013,Whole Year,Small millets,1405,1180,0.839857651
Tamil Nadu,KRISHNAGIRI,2013,Whole Year,Sugarcane,840,81194,96.65952381
Tamil Nadu,KRISHNAGIRI,2013,Whole Year,Tapioca,429,9089,21.18648019
Tamil Nadu,KRISHNAGIRI,2013,Whole Year,Turmeric,1188,3899,3.281986532
Tamil Nadu,MADURAI,1997,Kharif,Banana,1769,54752,30.95081967
Tamil Nadu,MADURAI,1997,Kharif,Horse-gram,117,60,0.512820513
Tamil Nadu,MADURAI,1997,Kharif,Onion,1109,7011,6.321911632
Tamil Nadu,MADURAI,1997,Kharif,Sesamum,2403,550,0.228880566
Tamil Nadu,MADURAI,1997,Kharif,Small millets,1105,1150,1.040723982
Tamil Nadu,MADURAI,1997,Whole Year,Arhar/Tur,1498,750,0.500667557
Tamil Nadu,MADURAI,1997,Whole Year,Bajra,1020,1290,1.264705882
Tamil Nadu,MADURAI,1997,Whole Year,Banana,2077,139430,67.13047665
Tamil Nadu,MADURAI,1997,Whole Year,Cashewnut,232,140,0.603448276
Tamil Nadu,MADURAI,1997,Whole Year,Coriander,253,120,0.4743083
Tamil Nadu,MADURAI,1997,Whole Year,Cotton(lint),13061,8580,0.656917541
Tamil Nadu,MADURAI,1997,Whole Year,Dry chillies,505,370,0.732673267
Tamil Nadu,MADURAI,1997,Whole Year,Gram,19,10,0.526315789
Tamil Nadu,MADURAI,1997,Whole Year,Groundnut,11983,16580,1.383626805
Tamil Nadu,MADURAI,1997,Whole Year,Jowar,9626,8860,0.920423852
Tamil Nadu,MADURAI,1997,Whole Year,Maize,306,620,2.026143791
Tamil Nadu,MADURAI,1997,Whole Year,Moong(Green Gram),5158,1610,0.312136487
Tamil Nadu,MADURAI,1997,Whole Year,Pulses total,10273,3400,0.330964665
Tamil Nadu,MADURAI,1997,Whole Year,Ragi,298,720,2.416107383
Tamil Nadu,MADURAI,1997,Whole Year,Rice,83061,314380,3.784929148
Tamil Nadu,MADURAI,1997,Whole Year,Small millets,720,20,0.027777778
Tamil Nadu,MADURAI,1997,Whole Year,Sugarcane,8108,18223000,2247.5333
Tamil Nadu,MADURAI,1997,Whole Year,Sunflower,967,860,0.889348501
Tamil Nadu,MADURAI,1997,Whole Year,Sweet potato,93,1350,14.51612903
Tamil Nadu,MADURAI,1997,Whole Year,Tapioca,56,2100,37.5
Tamil Nadu,MADURAI,1997,Whole Year,Total foodgrain,109708,332710,3.032686769
Tamil Nadu,MADURAI,1997,Whole Year,Turmeric,7,40,5.714285714
Tamil Nadu,MADURAI,1997,Whole Year,Urad,1248,580,0.46474359
Tamil Nadu,MADURAI,1998,Kharif,Arhar/Tur,4055,4465,1.101109741
Tamil Nadu,MADURAI,1998,Kharif,Bajra,3412,6225,1.824443142
Tamil Nadu,MADURAI,1998,Kharif,Cotton(lint),17147,26970,1.57286989
Tamil Nadu,MADURAI,1998,Kharif,Groundnut,14722,25578,1.73739981
Tamil Nadu,MADURAI,1998,Kharif,Horse-gram,153,77,0.503267974
Tamil Nadu,MADURAI,1998,Kharif,Jowar,12744,14981,1.175533584
Tamil Nadu,MADURAI,1998,Kharif,Maize,1025,2066,2.015609756
Tamil Nadu,MADURAI,1998,Kharif,Moong(Green Gram),13040,7159,0.549003067
Tamil Nadu,MADURAI,1998,Kharif,Pulses total,26613,14426,0.542065908
Tamil Nadu,MADURAI,1998,Kharif,Ragi,229,408,1.781659389
Tamil Nadu,MADURAI,1998,Kharif,Rice,88338,303471,3.435339265
Tamil Nadu,MADURAI,1998,Kharif,Sesamum,4471,2390,0.534556028
Tamil Nadu,MADURAI,1998,Kharif,Small millets,12100,3300,0.272727273
Tamil Nadu,MADURAI,1998,Kharif,Sunflower,759,746,0.9828722
Tamil Nadu,MADURAI,1998,Kharif,Total foodgrain,140117,34880,0.248934819
Tamil Nadu,MADURAI,1998,Kharif,Urad,3443,1684,0.489108336
Tamil Nadu,MADURAI,1998,Rabi,Gram,26,21,0.807692308
Tamil Nadu,MADURAI,1998,Whole Year,Banana,2126,142723,67.1321731
Tamil Nadu,MADURAI,1998,Whole Year,Cashewnut,434,88,0.202764977
Tamil Nadu,MADURAI,1998,Whole Year,Castor seed,301,57,0.189368771
Tamil Nadu,MADURAI,1998,Whole Year,Coriander,546,257,0.470695971
Tamil Nadu,MADURAI,1998,Whole Year,Dry chillies,455,335,0.736263736
Tamil Nadu,MADURAI,1998,Whole Year,Onion,695,2934,4.221582734
Tamil Nadu,MADURAI,1998,Whole Year,Sugarcane,10081,3059430,303.4847733
Tamil Nadu,MADURAI,1998,Whole Year,Sweet potato,21,359,17.0952381
Tamil Nadu,MADURAI,1998,Whole Year,Tapioca,2,74,37
Tamil Nadu,MADURAI,1998,Whole Year,Turmeric,1,6,6
Tamil Nadu,MADURAI,1999,Kharif,Arhar/Tur,2334,1309,0.56083976
Tamil Nadu,MADURAI,1999,Kharif,Bajra,3286,5803,1.765976872
Tamil Nadu,MADURAI,1999,Kharif,Castor seed,82,17,0.207317073
Tamil Nadu,MADURAI,1999,Kharif,Cotton(lint),12052,14907,1.236890143
Tamil Nadu,MADURAI,1999,Kharif,Groundnut,9301,15134,1.627136867
Tamil Nadu,MADURAI,1999,Kharif,Horse-gram,213,93,0.436619718
Tamil Nadu,MADURAI,1999,Kharif,Jowar,9703,14975,1.543337112
Tamil Nadu,MADURAI,1999,Kharif,Korra,130,33,0.253846154
Tamil Nadu,MADURAI,1999,Kharif,Maize,983,1971,2.00508647
Tamil Nadu,MADURAI,1999,Kharif,Moong(Green Gram),9406,5183,0.551031257
Tamil Nadu,MADURAI,1999,Kharif,Ragi,158,254,1.607594937
Tamil Nadu,MADURAI,1999,Kharif,Rice,79103,331342,4.188741261
Tamil Nadu,MADURAI,1999,Kharif,Sesamum,3837,1452,0.378420641
Tamil Nadu,MADURAI,1999,Kharif,Sunflower,592,645,1.089527027
Tamil Nadu,MADURAI,1999,Kharif,Urad,2040,1057,0.518137255
Tamil Nadu,MADURAI,1999,Kharif,Varagu,496,560,1.129032258
Tamil Nadu,MADURAI,1999,Rabi,Gram,88,58,0.659090909
Tamil Nadu,MADURAI,1999,Rabi,Samai,576,458,0.795138889
Tamil Nadu,MADURAI,1999,Whole Year,Banana,1769,54752,30.95081967
Tamil Nadu,MADURAI,1999,Whole Year,Cashewnut,419,123,0.293556086
Tamil Nadu,MADURAI,1999,Whole Year,Coriander,375,87,0.232
Tamil Nadu,MADURAI,1999,Whole Year,Dry chillies,562,434,0.772241993
Tamil Nadu,MADURAI,1999,Whole Year,Guar seed,6971,105080,15.07387749
Tamil Nadu,MADURAI,1999,Whole Year,Onion,1109,7011,6.321911632
Tamil Nadu,MADURAI,1999,Whole Year,Sugarcane,6971,863190,123.8258499
Tamil Nadu,MADURAI,1999,Whole Year,Sweet potato,38,461,12.13157895
Tamil Nadu,MADURAI,1999,Whole Year,Tapioca,25,887,35.48
Tamil Nadu,MADURAI,1999,Whole Year,Turmeric,2,11,5.5
Tamil Nadu,MADURAI,2000,Kharif,Arhar/Tur,2269,1273,0.561040106
Tamil Nadu,MADURAI,2000,Kharif,Bajra,3199,5119,1.600187559
Tamil Nadu,MADURAI,2000,Kharif,Castor seed,66,14,0.212121212
Tamil Nadu,MADURAI,2000,Kharif,Cotton(lint),10952,12635,1.153670562
Tamil Nadu,MADURAI,2000,Kharif,Groundnut,6739,10661,1.581985458
Tamil Nadu,MADURAI,2000,Kharif,Horse-gram,127,55,0.433070866
Tamil Nadu,MADURAI,2000,Kharif,Jowar,12053,10923,0.906247407
Tamil Nadu,MADURAI,2000,Kharif,Maize,560,1123,2.005357143
Tamil Nadu,MADURAI,2000,Kharif,Moong(Green Gram),9501,2822,0.297021366
Tamil Nadu,MADURAI,2000,Kharif,Other Cereals & Millets,736,700,0.951086957
Tamil Nadu,MADURAI,2000,Kharif,Other Kharif pulses,4063,703,0.173024858
Tamil Nadu,MADURAI,2000,Kharif,Ragi,156,237,1.519230769
Tamil Nadu,MADURAI,2000,Kharif,Rice,71421,327017,4.578723345
Tamil Nadu,MADURAI,2000,Kharif,Sesamum,2944,1238,0.420516304
Tamil Nadu,MADURAI,2000,Kharif,Sunflower,270,277,1.025925926
Tamil Nadu,MADURAI,2000,Kharif,Urad,2819,1460,0.517914154
Tamil Nadu,MADURAI,2000,Whole Year,Banana,1577,48810,30.95117311
Tamil Nadu,MADURAI,2000,Whole Year,Cashewnut,100,38,0.38
Tamil Nadu,MADURAI,2000,Whole Year,Coriander,66,15,0.227272727
Tamil Nadu,MADURAI,2000,Whole Year,Dry chillies,279,193,0.691756272
Tamil Nadu,MADURAI,2000,Whole Year,Onion,641,4052,6.321372855
Tamil Nadu,MADURAI,2000,Whole Year,Sugarcane,5991,741840,123.8257386
Tamil Nadu,MADURAI,2000,Whole Year,Sweet potato,45,546,12.13333333
Tamil Nadu,MADURAI,2000,Whole Year,Tapioca,73,2590,35.47945205
Tamil Nadu,MADURAI,2000,Whole Year,Turmeric,23,125,5.434782609
Tamil Nadu,MADURAI,2001,Kharif,Arhar/Tur,1855,1210,0.652291105
Tamil Nadu,MADURAI,2001,Kharif,Bajra,2031,2590,1.275233875
Tamil Nadu,MADURAI,2001,Kharif,Cotton(lint),11094,9220,0.831079863
Tamil Nadu,MADURAI,2001,Kharif,Groundnut,7145,11740,1.643107068
Tamil Nadu,MADURAI,2001,Kharif,Jowar,10986,13910,1.266156927
Tamil Nadu,MADURAI,2001,Kharif,Moong(Green Gram),5231,2600,0.497036895
Tamil Nadu,MADURAI,2001,Kharif,Ragi,134,270,2.014925373
Tamil Nadu,MADURAI,2001,Kharif,Rice,68131,271590,3.986291116
Tamil Nadu,MADURAI,2001,Kharif,Sesamum,1747,630,0.360618203
Tamil Nadu,MADURAI,2001,Kharif,Sunflower,147,140,0.952380952
Tamil Nadu,MADURAI,2001,Kharif,Urad,1469,550,0.374404357
Tamil Nadu,MADURAI,2001,Whole Year,Sugarcane,6043,636000,105.2457389
Tamil Nadu,MADURAI,2002,Kharif,Arhar/Tur,1160,633,0.545689655
Tamil Nadu,MADURAI,2002,Kharif,Bajra,2986,4390,1.47019424
Tamil Nadu,MADURAI,2002,Kharif,Castor seed,20,8,0.4
Tamil Nadu,MADURAI,2002,Kharif,Cotton(lint),9505,6153,0.647343503
Tamil Nadu,MADURAI,2002,Kharif,Groundnut,4639,6821,1.470359991
Tamil Nadu,MADURAI,2002,Kharif,Horse-gram,151,38,0.251655629
Tamil Nadu,MADURAI,2002,Kharif,Jowar,9390,9313,0.991799787
Tamil Nadu,MADURAI,2002,Kharif,Korra,27,7,0.259259259
Tamil Nadu,MADURAI,2002,Kharif,Maize,614,1233,2.008143322
Tamil Nadu,MADURAI,2002,Kharif,Moong(Green Gram),4596,1843,0.40100087
Tamil Nadu,MADURAI,2002,Kharif,Other Kharif pulses,2304,401,0.174045139
Tamil Nadu,MADURAI,2002,Kharif,Ragi,209,312,1.492822967
Tamil Nadu,MADURAI,2002,Kharif,Rice,43959,112171,2.551718647
Tamil Nadu,MADURAI,2002,Kharif,Samai,84,61,0.726190476
Tamil Nadu,MADURAI,2002,Kharif,Sesamum,1048,241,0.229961832
Tamil Nadu,MADURAI,2002,Kharif,Small millets,4255,2422,0.569212691
Tamil Nadu,MADURAI,2002,Kharif,Sunflower,222,140,0.630630631
Tamil Nadu,MADURAI,2002,Kharif,Urad,1798,1469,0.81701891
Tamil Nadu,MADURAI,2002,Kharif,Varagu,169,129,0.763313609
Tamil Nadu,MADURAI,2002,Rabi,Gram,148,86,0.581081081
Tamil Nadu,MADURAI,2002,Whole Year,Ash Gourd,2,0,0
Tamil Nadu,MADURAI,2002,Whole Year,Banana,2136,76779,35.94522472
Tamil Nadu,MADURAI,2002,Whole Year,Beet Root,1,0,0
Tamil Nadu,MADURAI,2002,Whole Year,Bhindi,170,1267,7.452941176
Tamil Nadu,MADURAI,2002,Whole Year,Bitter Gourd,17,0,0
Tamil Nadu,MADURAI,2002,Whole Year,Bottle Gourd,1,0,0
Tamil Nadu,MADURAI,2002,Whole Year,Brinjal,360,2147,5.963888889
Tamil Nadu,MADURAI,2002,Whole Year,Cashewnut,251,76,0.302788845
Tamil Nadu,MADURAI,2002,Whole Year,Citrus Fruit,68,75,1.102941176
Tamil Nadu,MADURAI,2002,Whole Year,Coconut,10545,98100,9.302987198
Tamil Nadu,MADURAI,2002,Whole Year,Coriander,338,63,0.186390533
Tamil Nadu,MADURAI,2002,Whole Year,Cucumber,35,0,0
Tamil Nadu,MADURAI,2002,Whole Year,Drum Stick,285,0,0
Tamil Nadu,MADURAI,2002,Whole Year,Dry chillies,400,237,0.5925
Tamil Nadu,MADURAI,2002,Whole Year,Grapes,3,44,14.66666667
Tamil Nadu,MADURAI,2002,Whole Year,Jack Fruit,13,147,11.30769231
Tamil Nadu,MADURAI,2002,Whole Year,Lab-Lab,14,0,0
Tamil Nadu,MADURAI,2002,Whole Year,Mango,5647,14344,2.540109793
Tamil Nadu,MADURAI,2002,Whole Year,Onion,908,5429,5.97907489
Tamil Nadu,MADURAI,2002,Whole Year,Orange,1,2,2
Tamil Nadu,MADURAI,2002,Whole Year,Other Citrus Fruit,24,0,0
Tamil Nadu,MADURAI,2002,Whole Year,Other Fresh Fruits,193,0,0
Tamil Nadu,MADURAI,2002,Whole Year,Other Vegetables,118,0,0
Tamil Nadu,MADURAI,2002,Whole Year,Pear,1,0,0
Tamil Nadu,MADURAI,2002,Whole Year,Pome Fruit,1075,5624,5.231627907
Tamil Nadu,MADURAI,2002,Whole Year,Pome Granet,6,0,0
Tamil Nadu,MADURAI,2002,Whole Year,Pump Kin,15,0,0
Tamil Nadu,MADURAI,2002,Whole Year,Ribed Guard,4,0,0
Tamil Nadu,MADURAI,2002,Whole Year,Snak Guard,6,0,0
Tamil Nadu,MADURAI,2002,Whole Year,Sugarcane,5639,601070,106.5915943
Tamil Nadu,MADURAI,2002,Whole Year,Sweet potato,63,861,13.66666667
Tamil Nadu,MADURAI,2002,Whole Year,Tapioca,98,3096,31.59183673
Tamil Nadu,MADURAI,2002,Whole Year,Tomato,376,4632,12.31914894
Tamil Nadu,MADURAI,2002,Whole Year,Turmeric,29,108,3.724137931
Tamil Nadu,MADURAI,2002,Whole Year,Water Melon,2,0,0
Tamil Nadu,MADURAI,2002,Whole Year,Yam,17,0,0
Tamil Nadu,MADURAI,2003,Kharif,Arhar/Tur,1420,869,0.611971831
Tamil Nadu,MADURAI,2003,Kharif,Bajra,3338,3757,1.125524266
Tamil Nadu,MADURAI,2003,Kharif,Castor seed,36,12,0.333333333
Tamil Nadu,MADURAI,2003,Kharif,Cotton(lint),10651,6570,0.616843489
Tamil Nadu,MADURAI,2003,Kharif,Groundnut,5742,8446,1.470916057
Tamil Nadu,MADURAI,2003,Kharif,Horse-gram,168,45,0.267857143
Tamil Nadu,MADURAI,2003,Kharif,Jowar,11319,13154,1.162116795
Tamil Nadu,MADURAI,2003,Kharif,Korra,7,2,0.285714286
Tamil Nadu,MADURAI,2003,Kharif,Maize,794,1591,2.003778338
Tamil Nadu,MADURAI,2003,Kharif,Moong(Green Gram),4644,391,0.08419466
Tamil Nadu,MADURAI,2003,Kharif,Other Kharif pulses,2436,423,0.17364532
Tamil Nadu,MADURAI,2003,Kharif,Ragi,178,274,1.539325843
Tamil Nadu,MADURAI,2003,Kharif,Rice,23934,65024,2.716804546
Tamil Nadu,MADURAI,2003,Kharif,Sesamum,1666,635,0.381152461
Tamil Nadu,MADURAI,2003,Kharif,Small millets,3846,256,0.066562663
Tamil Nadu,MADURAI,2003,Kharif,Sunflower,328,306,0.932926829
Tamil Nadu,MADURAI,2003,Kharif,Urad,1391,569,0.409058231
Tamil Nadu,MADURAI,2003,Rabi,Gram,82,48,0.585365854
Tamil Nadu,MADURAI,2003,Whole Year,Ash Gourd,10,0,0
Tamil Nadu,MADURAI,2003,Whole Year,Banana,2436,86173,35.37479475
Tamil Nadu,MADURAI,2003,Whole Year,Bhindi,221,1548,7.004524887
Tamil Nadu,MADURAI,2003,Whole Year,Bitter Gourd,13,0,0
Tamil Nadu,MADURAI,2003,Whole Year,Bottle Gourd,4,0,0
Tamil Nadu,MADURAI,2003,Whole Year,Brinjal,270,1612,5.97037037
Tamil Nadu,MADURAI,2003,Whole Year,Cabbage,1,64,64
Tamil Nadu,MADURAI,2003,Whole Year,Cashewnut,255,88,0.345098039
Tamil Nadu,MADURAI,2003,Whole Year,Cauliflower,19,0,0
Tamil Nadu,MADURAI,2003,Whole Year,Citrus Fruit,81,85,1.049382716
Tamil Nadu,MADURAI,2003,Whole Year,Coconut,10611,74000,6.973895015
Tamil Nadu,MADURAI,2003,Whole Year,Coriander,500,145,0.29
Tamil Nadu,MADURAI,2003,Whole Year,Cucumber,48,0,0
Tamil Nadu,MADURAI,2003,Whole Year,Drum Stick,276,0,0
Tamil Nadu,MADURAI,2003,Whole Year,Dry chillies,616,328,0.532467532
Tamil Nadu,MADURAI,2003,Whole Year,Grapes,1,24,24
Tamil Nadu,MADURAI,2003,Whole Year,Jack Fruit,14,135,9.642857143
Tamil Nadu,MADURAI,2003,Whole Year,Lab-Lab,6,0,0
Tamil Nadu,MADURAI,2003,Whole Year,Litchi,14,0,0
Tamil Nadu,MADURAI,2003,Whole Year,Mango,5558,10232,1.840949982
Tamil Nadu,MADURAI,2003,Whole Year,Onion,794,5148,6.483627204
Tamil Nadu,MADURAI,2003,Whole Year,Orange,3,6,2
Tamil Nadu,MADURAI,2003,Whole Year,Other Citrus Fruit,37,0,0
Tamil Nadu,MADURAI,2003,Whole Year,Other Fresh Fruits,208,0,0
Tamil Nadu,MADURAI,2003,Whole Year,Other Vegetables,72,0,0
Tamil Nadu,MADURAI,2003,Whole Year,Papaya,2,0,0
Tamil Nadu,MADURAI,2003,Whole Year,Pome Fruit,1002,7035,7.020958084
Tamil Nadu,MADURAI,2003,Whole Year,Pome Granet,10,0,0
Tamil Nadu,MADURAI,2003,Whole Year,Pump Kin,3,0,0
Tamil Nadu,MADURAI,2003,Whole Year,Redish,15,0,0
Tamil Nadu,MADURAI,2003,Whole Year,Ribed Guard,1,0,0
Tamil Nadu,MADURAI,2003,Whole Year,Snak Guard,14,0,0
Tamil Nadu,MADURAI,2003,Whole Year,Sugarcane,4276,326840,76.43592142
Tamil Nadu,MADURAI,2003,Whole Year,Sweet potato,88,1276,14.5
Tamil Nadu,MADURAI,2003,Whole Year,Tapioca,123,4144,33.69105691
Tamil Nadu,MADURAI,2003,Whole Year,Tomato,308,2636,8.558441558
Tamil Nadu,MADURAI,2003,Whole Year,Turmeric,21,87,4.142857143
Tamil Nadu,MADURAI,2003,Whole Year,Yam,24,0,0
Tamil Nadu,MADURAI,2004,Kharif,Arhar/Tur,1025,684,0.667317073
Tamil Nadu,MADURAI,2004,Kharif,Bajra,5201,6376,1.225918093
Tamil Nadu,MADURAI,2004,Kharif,Castor seed,28,9,0.321428571
Tamil Nadu,MADURAI,2004,Kharif,Cotton(lint),12035,6820,0.566680515
Tamil Nadu,MADURAI,2004,Kharif,Groundnut,8108,10812,1.33349778
Tamil Nadu,MADURAI,2004,Kharif,Horse-gram,196,58,0.295918367
Tamil Nadu,MADURAI,2004,Kharif,Jowar,10605,10754,1.014049976
Tamil Nadu,MADURAI,2004,Kharif,Maize,826,1657,2.006053269
Tamil Nadu,MADURAI,2004,Kharif,Moong(Green Gram),3955,1690,0.427307206
Tamil Nadu,MADURAI,2004,Kharif,Niger seed,2,,
Tamil Nadu,MADURAI,2004,Kharif,Other Kharif pulses,2438,424,0.173913043
Tamil Nadu,MADURAI,2004,Kharif,Ragi,122,187,1.532786885
Tamil Nadu,MADURAI,2004,Kharif,Rice,60368,196583,3.256410681
Tamil Nadu,MADURAI,2004,Kharif,Sesamum,999,335,0.335335335
Tamil Nadu,MADURAI,2004,Kharif,Small millets,3983,2470,0.620135576
Tamil Nadu,MADURAI,2004,Kharif,Sunflower,253,276,1.090909091
Tamil Nadu,MADURAI,2004,Kharif,Urad,1563,263,0.168266155
Tamil Nadu,MADURAI,2004,Rabi,Gram,106,65,0.613207547
Tamil Nadu,MADURAI,2004,Whole Year,Banana,2733,116090,42.47713136
Tamil Nadu,MADURAI,2004,Whole Year,Cashewnut,267,97,0.36329588
Tamil Nadu,MADURAI,2004,Whole Year,Coconut,8470,127000,14.99409681
Tamil Nadu,MADURAI,2004,Whole Year,Coriander,550,239,0.434545455
Tamil Nadu,MADURAI,2004,Whole Year,Dry chillies,608,405,0.666118421
Tamil Nadu,MADURAI,2004,Whole Year,Onion,969,9004,9.292053664
Tamil Nadu,MADURAI,2004,Whole Year,Sugarcane,3312,404518,122.1370773
Tamil Nadu,MADURAI,2004,Whole Year,Sweet potato,53,801,15.11320755
Tamil Nadu,MADURAI,2004,Whole Year,Tapioca,65,2682,41.26153846
Tamil Nadu,MADURAI,2004,Whole Year,Turmeric,20,110,5.5
Tamil Nadu,MADURAI,2005,Kharif,Arhar/Tur,1117,708,0.633840645
Tamil Nadu,MADURAI,2005,Kharif,Bajra,5703,6790,1.190601438
Tamil Nadu,MADURAI,2005,Kharif,Castor seed,72,26,0.361111111
Tamil Nadu,MADURAI,2005,Kharif,Cotton(lint),10432,13734,1.316526074
Tamil Nadu,MADURAI,2005,Kharif,Groundnut,7441,11900,1.599247413
Tamil Nadu,MADURAI,2005,Kharif,Horse-gram,81,30,0.37037037
Tamil Nadu,MADURAI,2005,Kharif,Jowar,12078,13022,1.078158636
Tamil Nadu,MADURAI,2005,Kharif,Maize,1471,,
Tamil Nadu,MADURAI,2005,Kharif,Moong(Green Gram),3943,2813,0.713416181
Tamil Nadu,MADURAI,2005,Kharif,Other Kharif pulses,2470,423,0.171255061
Tamil Nadu,MADURAI,2005,Kharif,Ragi,237,330,1.392405063
Tamil Nadu,MADURAI,2005,Kharif,Rice,70996,234492,3.302890304
Tamil Nadu,MADURAI,2005,Kharif,Sesamum,1267,387,0.305445935
Tamil Nadu,MADURAI,2005,Kharif,Small millets,3258,2029,0.622774708
Tamil Nadu,MADURAI,2005,Kharif,Sunflower,324,270,0.833333333
Tamil Nadu,MADURAI,2005,Kharif,Urad,1873,1230,0.656700481
Tamil Nadu,MADURAI,2005,Rabi,Gram,106,63,0.594339623
Tamil Nadu,MADURAI,2005,Whole Year,Banana,2831,139015,49.10455669
Tamil Nadu,MADURAI,2005,Whole Year,Cashewnut,310,117,0.377419355
Tamil Nadu,MADURAI,2005,Whole Year,Coconut,10647,1258,0.118155349
Tamil Nadu,MADURAI,2005,Whole Year,Coriander,608,185,0.304276316
Tamil Nadu,MADURAI,2005,Whole Year,Dry chillies,416,270,0.649038462
Tamil Nadu,MADURAI,2005,Whole Year,Onion,1045,6375,6.100478469
Tamil Nadu,MADURAI,2005,Whole Year,Sugarcane,4537,407209,89.75292043
Tamil Nadu,MADURAI,2005,Whole Year,Sweet potato,56,2135,38.125
Tamil Nadu,MADURAI,2005,Whole Year,Tapioca,52,1987,38.21153846
Tamil Nadu,MADURAI,2005,Whole Year,Turmeric,42,232,5.523809524
Tamil Nadu,MADURAI,2006,Kharif,Rice,67230,267518,3.979146214
Tamil Nadu,MADURAI,2006,Kharif,Small millets,4076,2458,0.603042198
Tamil Nadu,MADURAI,2006,Whole Year,Arhar/Tur,1159,547,0.471958585
Tamil Nadu,MADURAI,2006,Whole Year,Bajra,5110,6606,1.292759295
Tamil Nadu,MADURAI,2006,Whole Year,Banana,2766,148214,53.58423717
Tamil Nadu,MADURAI,2006,Whole Year,Cashewnut,236,107,0.453389831
Tamil Nadu,MADURAI,2006,Whole Year,Castor seed,123,44,0.357723577
Tamil Nadu,MADURAI,2006,Whole Year,Coconut,10784,1899,0.176094214
Tamil Nadu,MADURAI,2006,Whole Year,Coriander,534,174,0.325842697
Tamil Nadu,MADURAI,2006,Whole Year,Cotton(lint),9368,14095,1.504590094
Tamil Nadu,MADURAI,2006,Whole Year,Dry chillies,823,572,0.695018226
Tamil Nadu,MADURAI,2006,Whole Year,Gram,64,38,0.59375
Tamil Nadu,MADURAI,2006,Whole Year,Groundnut,5342,11391,2.132347435
Tamil Nadu,MADURAI,2006,Whole Year,Horse-gram,72,42,0.583333333
Tamil Nadu,MADURAI,2006,Whole Year,Jowar,10165,10257,1.009050664
Tamil Nadu,MADURAI,2006,Whole Year,Maize,2014,5653,2.806852036
Tamil Nadu,MADURAI,2006,Whole Year,Moong(Green Gram),4297,1439,0.334884803
Tamil Nadu,MADURAI,2006,Whole Year,Onion,932,9798,10.51287554
Tamil Nadu,MADURAI,2006,Whole Year,Ragi,163,229,1.404907975
Tamil Nadu,MADURAI,2006,Whole Year,Rapeseed &Mustard,3,1,0.333333333
Tamil Nadu,MADURAI,2006,Whole Year,Sesamum,885,227,0.256497175
Tamil Nadu,MADURAI,2006,Whole Year,Sugarcane,6006,656204,109.2580753
Tamil Nadu,MADURAI,2006,Whole Year,Sunflower,139,133,0.956834532
Tamil Nadu,MADURAI,2006,Whole Year,Sweet potato,47,1791,38.10638298
Tamil Nadu,MADURAI,2006,Whole Year,Tapioca,36,1453,40.36111111
Tamil Nadu,MADURAI,2006,Whole Year,Turmeric,13,75,5.769230769
Tamil Nadu,MADURAI,2006,Whole Year,Urad,1581,323,0.204301075
Tamil Nadu,MADURAI,2007,Kharif,Rice,61864,214880,3.473425579
Tamil Nadu,MADURAI,2007,Kharif,Small millets,4210,2517,0.597862233
Tamil Nadu,MADURAI,2007,Whole Year,Arhar/Tur,1954,869,0.444728762
Tamil Nadu,MADURAI,2007,Whole Year,Bajra,4874,6589,1.35186705
Tamil Nadu,MADURAI,2007,Whole Year,Banana,2792,133292,47.74068768
Tamil Nadu,MADURAI,2007,Whole Year,Cashewnut,197,113,0.573604061
Tamil Nadu,MADURAI,2007,Whole Year,Castor seed,249,87,0.34939759
Tamil Nadu,MADURAI,2007,Whole Year,Coconut,10660,1675,0.157129456
Tamil Nadu,MADURAI,2007,Whole Year,Coriander,310,119,0.383870968
Tamil Nadu,MADURAI,2007,Whole Year,Cotton(lint),7477,11450,1.531362846
Tamil Nadu,MADURAI,2007,Whole Year,Dry chillies,1155,584,0.505627706
Tamil Nadu,MADURAI,2007,Whole Year,Gram,91,55,0.604395604
Tamil Nadu,MADURAI,2007,Whole Year,Groundnut,4687,8769,1.870919565
Tamil Nadu,MADURAI,2007,Whole Year,Horse-gram,29,13,0.448275862
Tamil Nadu,MADURAI,2007,Whole Year,Jowar,9780,10295,1.052658487
Tamil Nadu,MADURAI,2007,Whole Year,Maize,4359,11557,2.651296169
Tamil Nadu,MADURAI,2007,Whole Year,Moong(Green Gram),4190,581,0.138663484
Tamil Nadu,MADURAI,2007,Whole Year,Onion,931,11684,12.54994629
Tamil Nadu,MADURAI,2007,Whole Year,Ragi,144,269,1.868055556
Tamil Nadu,MADURAI,2007,Whole Year,Rapeseed &Mustard,1,,
Tamil Nadu,MADURAI,2007,Whole Year,Sesamum,725,109,0.150344828
Tamil Nadu,MADURAI,2007,Whole Year,Small millets,4210,2517,0.597862233
Tamil Nadu,MADURAI,2007,Whole Year,Sugarcane,5827,567905,97.46095761
Tamil Nadu,MADURAI,2007,Whole Year,Sunflower,447,410,0.917225951
Tamil Nadu,MADURAI,2007,Whole Year,Sweet potato,59,928,15.72881356
Tamil Nadu,MADURAI,2007,Whole Year,Tapioca,39,1646,42.20512821
Tamil Nadu,MADURAI,2007,Whole Year,Turmeric,17,91,5.352941176
Tamil Nadu,MADURAI,2007,Whole Year,Urad,2071,539,0.260260744
Tamil Nadu,MADURAI,2008,Kharif,Rice,66699,267228,4.006476859
Tamil Nadu,MADURAI,2008,Kharif,Small millets,2645,1632,0.617013233
Tamil Nadu,MADURAI,2008,Whole Year,Arecanut,4,8,2
Tamil Nadu,MADURAI,2008,Whole Year,Arhar/Tur,1345,934,0.694423792
Tamil Nadu,MADURAI,2008,Whole Year,Bajra,5675,9662,1.702555066
Tamil Nadu,MADURAI,2008,Whole Year,Banana,2680,134413,50.15410448
Tamil Nadu,MADURAI,2008,Whole Year,Cashewnut,177,92,0.519774011
Tamil Nadu,MADURAI,2008,Whole Year,Castor seed,256,91,0.35546875
Tamil Nadu,MADURAI,2008,Whole Year,Coconut,10860,1941000,178.7292818
Tamil Nadu,MADURAI,2008,Whole Year,Coriander,263,90,0.342205323
Tamil Nadu,MADURAI,2008,Whole Year,Cotton(lint),7207,13369,1.855002081
Tamil Nadu,MADURAI,2008,Whole Year,Dry chillies,923,612,0.663055255
Tamil Nadu,MADURAI,2008,Whole Year,Gram,67,40,0.597014925
Tamil Nadu,MADURAI,2008,Whole Year,Groundnut,4578,9071,1.98143294
Tamil Nadu,MADURAI,2008,Whole Year,Horse-gram,62,29,0.467741935
Tamil Nadu,MADURAI,2008,Whole Year,Jowar,12580,5874,0.466931638
Tamil Nadu,MADURAI,2008,Whole Year,Maize,4608,15014,3.258246528
Tamil Nadu,MADURAI,2008,Whole Year,Moong(Green Gram),2939,655,0.22286492
Tamil Nadu,MADURAI,2008,Whole Year,Onion,581,5492,9.452667814
Tamil Nadu,MADURAI,2008,Whole Year,Ragi,63,135,2.142857143
Tamil Nadu,MADURAI,2008,Whole Year,Rapeseed &Mustard,3,1,0.333333333
Tamil Nadu,MADURAI,2008,Whole Year,Sesamum,904,355,0.392699115
Tamil Nadu,MADURAI,2008,Whole Year,Small millets,2645,1632,0.617013233
Tamil Nadu,MADURAI,2008,Whole Year,Sugarcane,4966,592186,119.248087
Tamil Nadu,MADURAI,2008,Whole Year,Sunflower,269,359,1.334572491
Tamil Nadu,MADURAI,2008,Whole Year,Sweet potato,54,718,13.2962963
Tamil Nadu,MADURAI,2008,Whole Year,Tapioca,73,2662,36.46575342
Tamil Nadu,MADURAI,2008,Whole Year,Turmeric,15,87,5.8
Tamil Nadu,MADURAI,2008,Whole Year,Urad,966,304,0.314699793
Tamil Nadu,MADURAI,2009,Kharif,Rice,50986,203616,3.993566861
Tamil Nadu,MADURAI,2009,Kharif,Small millets,1855,1153,0.621563342
Tamil Nadu,MADURAI,2009,Whole Year,Arecanut,1,2,2
Tamil Nadu,MADURAI,2009,Whole Year,Arhar/Tur,1432,1320,0.921787709
Tamil Nadu,MADURAI,2009,Whole Year,Bajra,5452,9872,1.810711665
Tamil Nadu,MADURAI,2009,Whole Year,Banana,2504,107662,42.99600639
Tamil Nadu,MADURAI,2009,Whole Year,Cashewnut,180,90,0.5
Tamil Nadu,MADURAI,2009,Whole Year,Castor seed,131,46,0.351145038
Tamil Nadu,MADURAI,2009,Whole Year,Coconut,11072,155400,14.03540462
Tamil Nadu,MADURAI,2009,Whole Year,Coriander,331,131,0.395770393
Tamil Nadu,MADURAI,2009,Whole Year,Cotton(lint),5839,8408,1.439972598
Tamil Nadu,MADURAI,2009,Whole Year,Dry chillies,801,428,0.534332085
Tamil Nadu,MADURAI,2009,Whole Year,Gram,99,59,0.595959596
Tamil Nadu,MADURAI,2009,Whole Year,Groundnut,3191,4900,1.535568787
Tamil Nadu,MADURAI,2009,Whole Year,Horse-gram,114,53,0.464912281
Tamil Nadu,MADURAI,2009,Whole Year,Jowar,10038,11573,1.152918908
Tamil Nadu,MADURAI,2009,Whole Year,Maize,4553,14042,3.08412036
Tamil Nadu,MADURAI,2009,Whole Year,Moong(Green Gram),3012,663,0.220119522
Tamil Nadu,MADURAI,2009,Whole Year,Onion,679,5223,7.692194404
Tamil Nadu,MADURAI,2009,Whole Year,Ragi,50,91,1.82
Tamil Nadu,MADURAI,2009,Whole Year,Rapeseed &Mustard,1,,
Tamil Nadu,MADURAI,2009,Whole Year,Sesamum,1148,402,0.350174216
Tamil Nadu,MADURAI,2009,Whole Year,Sugarcane,3837,260094,67.78577013
Tamil Nadu,MADURAI,2009,Whole Year,Sunflower,156,207,1.326923077
Tamil Nadu,MADURAI,2009,Whole Year,Sweet potato,21,254,12.0952381
Tamil Nadu,MADURAI,2009,Whole Year,Tapioca,68,2344,34.47058824
Tamil Nadu,MADURAI,2009,Whole Year,Turmeric,13,66,5.076923077
Tamil Nadu,MADURAI,2009,Whole Year,Urad,1045,397,0.379904306
Tamil Nadu,MADURAI,2010,Kharif,Arhar/Tur,1626,1311,0.806273063
Tamil Nadu,MADURAI,2010,Kharif,Castor seed,76,59,0.776315789
Tamil Nadu,MADURAI,2010,Kharif,Cotton(lint),6896,12119,1.757395592
Tamil Nadu,MADURAI,2010,Kharif,Groundnut,2960,5410,1.827702703
Tamil Nadu,MADURAI,2010,Kharif,Horse-gram,20,10,0.5
Tamil Nadu,MADURAI,2010,Kharif,Maize,3848,15238,3.95997921
Tamil Nadu,MADURAI,2010,Kharif,Moong(Green Gram),3355,913,0.272131148
Tamil Nadu,MADURAI,2010,Kharif,Ragi,51,118,2.31372549
Tamil Nadu,MADURAI,2010,Kharif,Rice,61064,260055,4.258728547
Tamil Nadu,MADURAI,2010,Kharif,Sunflower,95,108,1.136842105
Tamil Nadu,MADURAI,2010,Kharif,Urad,1036,489,0.472007722
Tamil Nadu,MADURAI,2010,Rabi,Gram,59,35,0.593220339
Tamil Nadu,MADURAI,2010,Whole Year,Sugarcane,3571,363436,101.7742929
Tamil Nadu,MADURAI,2011,Kharif,Bajra,3306,7674,2.32123412
Tamil Nadu,MADURAI,2011,Kharif,Cotton(lint),4374,8553,1.955418381
Tamil Nadu,MADURAI,2011,Kharif,Groundnut,1674,2710,1.618876941
Tamil Nadu,MADURAI,2011,Kharif,Jowar,8483,13746,1.620417305
Tamil Nadu,MADURAI,2011,Kharif,Maize,4833,18675,3.86405959
Tamil Nadu,MADURAI,2011,Kharif,Ragi,69,182,2.637681159
Tamil Nadu,MADURAI,2011,Kharif,Rice,65635,304235,4.63525558
Tamil Nadu,MADURAI,2011,Rabi,Bajra,743,3169,4.265141319
Tamil Nadu,MADURAI,2011,Rabi,Cotton(lint),2317,5476,2.36340095
Tamil Nadu,MADURAI,2011,Rabi,Groundnut,1688,3676,2.177725118
Tamil Nadu,MADURAI,2011,Rabi,Jowar,1071,1905,1.778711485
Tamil Nadu,MADURAI,2011,Rabi,Maize,889,5911,6.64904387
Tamil Nadu,MADURAI,2011,Rabi,Ragi,1,3,3
Tamil Nadu,MADURAI,2011,Whole Year,Arecanut,1,2,2
Tamil Nadu,MADURAI,2011,Whole Year,Arhar/Tur,1643,1786,1.08703591
Tamil Nadu,MADURAI,2011,Whole Year,Banana,2370,103556,43.69451477
Tamil Nadu,MADURAI,2011,Whole Year,Cashewnut,175,46,0.262857143
Tamil Nadu,MADURAI,2011,Whole Year,Castor seed,91,27,0.296703297
Tamil Nadu,MADURAI,2011,Whole Year,Coconut,11382,177300000,15577.2272
Tamil Nadu,MADURAI,2011,Whole Year,Coriander,300,140,0.466666667
Tamil Nadu,MADURAI,2011,Whole Year,Dry chillies,643,281,0.437013997
Tamil Nadu,MADURAI,2011,Whole Year,Gram,43,28,0.651162791
Tamil Nadu,MADURAI,2011,Whole Year,Horse-gram,41,22,0.536585366
Tamil Nadu,MADURAI,2011,Whole Year,Moong(Green Gram),2495,1461,0.585571142
Tamil Nadu,MADURAI,2011,Whole Year,Onion,899,9772,10.86985539
Tamil Nadu,MADURAI,2011,Whole Year,Small millets,2105,1295,0.6152019
Tamil Nadu,MADURAI,2011,Whole Year,Sugarcane,4341,490210,112.9255932
Tamil Nadu,MADURAI,2011,Whole Year,Sunflower,184,331,1.798913043
Tamil Nadu,MADURAI,2011,Whole Year,Sweet potato,33,676,20.48484848
Tamil Nadu,MADURAI,2011,Whole Year,Tapioca,105,3955,37.66666667
Tamil Nadu,MADURAI,2011,Whole Year,Tobacco,1,,
Tamil Nadu,MADURAI,2011,Whole Year,Turmeric,29,159,5.482758621
Tamil Nadu,MADURAI,2011,Whole Year,Urad,1053,888,0.843304843
Tamil Nadu,MADURAI,2012,Kharif,Arhar/Tur,1504,1014,0.674202128
Tamil Nadu,MADURAI,2012,Kharif,Castor seed,167,30,0.179640719
Tamil Nadu,MADURAI,2012,Kharif,Cotton(lint),5182,6853,1.32246237
Tamil Nadu,MADURAI,2012,Kharif,Groundnut,2319,4637,1.99956878
Tamil Nadu,MADURAI,2012,Kharif,Horse-gram,42,17,0.404761905
Tamil Nadu,MADURAI,2012,Kharif,Maize,7033,14740,2.095833926
Tamil Nadu,MADURAI,2012,Kharif,Moong(Green Gram),1655,629,0.380060423
Tamil Nadu,MADURAI,2012,Kharif,Ragi,12,23,1.916666667
Tamil Nadu,MADURAI,2012,Kharif,Rice,18024,65000,3.606302708
Tamil Nadu,MADURAI,2012,Kharif,Sunflower,81,80,0.987654321
Tamil Nadu,MADURAI,2012,Kharif,Urad,719,374,0.520166898
Tamil Nadu,MADURAI,2012,Rabi,Gram,11,7,0.636363636
Tamil Nadu,MADURAI,2012,Whole Year,Sugarcane,4944,494730,100.0667476
Tamil Nadu,MADURAI,2013,Kharif,Bajra,1321,2161,1.635881908
Tamil Nadu,MADURAI,2013,Kharif,Castor seed,33,10,0.303030303
Tamil Nadu,MADURAI,2013,Kharif,Cotton(lint),3492,6008,1.720504009
Tamil Nadu,MADURAI,2013,Kharif,Groundnut,1049,2191,2.088655863
Tamil Nadu,MADURAI,2013,Kharif,Horse-gram,40,20,0.5
Tamil Nadu,MADURAI,2013,Kharif,Jowar,8169,14802,1.81197209
Tamil Nadu,MADURAI,2013,Kharif,Maize,4660,18918,4.059656652
Tamil Nadu,MADURAI,2013,Kharif,Moong(Green Gram),1843,1512,0.820401519
Tamil Nadu,MADURAI,2013,Kharif,Onion,193,1887,9.777202073
Tamil Nadu,MADURAI,2013,Kharif,Ragi,44,120,2.727272727
Tamil Nadu,MADURAI,2013,Kharif,Rice,35268,163965,4.649115345
Tamil Nadu,MADURAI,2013,Kharif,Sunflower,13,23,1.769230769
Tamil Nadu,MADURAI,2013,Kharif,Urad,724,608,0.839779006
Tamil Nadu,MADURAI,2013,Rabi,Bajra,988,2150,2.17611336
Tamil Nadu,MADURAI,2013,Rabi,Cotton(lint),2403,3853,1.603412401
Tamil Nadu,MADURAI,2013,Rabi,Groundnut,1051,2316,2.203615604
Tamil Nadu,MADURAI,2013,Rabi,Horse-gram,73,47,0.643835616
Tamil Nadu,MADURAI,2013,Rabi,Jowar,2321,5238,2.256785868
Tamil Nadu,MADURAI,2013,Rabi,Maize,3368,16847,5.002078385
Tamil Nadu,MADURAI,2013,Rabi,Moong(Green Gram),485,391,0.806185567
Tamil Nadu,MADURAI,2013,Rabi,Onion,299,2461,8.230769231
Tamil Nadu,MADURAI,2013,Rabi,Ragi,16,63,3.9375
Tamil Nadu,MADURAI,2013,Rabi,Sunflower,35,35,1
Tamil Nadu,MADURAI,2013,Rabi,Urad,281,240,0.854092527
Tamil Nadu,MADURAI,2013,Whole Year,Arhar/Tur,2069,1758,0.849685839
Tamil Nadu,MADURAI,2013,Whole Year,Banana,2427,100803,41.53399258
Tamil Nadu,MADURAI,2013,Whole Year,Cashewnut,168,48,0.285714286
Tamil Nadu,MADURAI,2013,Whole Year,Coconut,11305,157800000,13958.42548
Tamil Nadu,MADURAI,2013,Whole Year,Coriander,65,23,0.353846154
Tamil Nadu,MADURAI,2013,Whole Year,Dry chillies,396,108,0.272727273
Tamil Nadu,MADURAI,2013,Whole Year,Garlic,1,6,6
Tamil Nadu,MADURAI,2013,Whole Year,Gram,9,5,0.555555556
Tamil Nadu,MADURAI,2013,Whole Year,Small millets,2354,1419,0.602803738
Tamil Nadu,MADURAI,2013,Whole Year,Sugarcane,4075,399214,97.96662577
Tamil Nadu,MADURAI,2013,Whole Year,Sweet potato,19,637,33.52631579
Tamil Nadu,MADURAI,2013,Whole Year,Tapioca,73,2184,29.91780822
Tamil Nadu,MADURAI,2013,Whole Year,Turmeric,13,48,3.692307692
Tamil Nadu,NAGAPATTINAM,1997,Kharif,Banana,575,14622,25.42956522
Tamil Nadu,NAGAPATTINAM,1997,Kharif,Onion,30,237,7.9
Tamil Nadu,NAGAPATTINAM,1997,Kharif,Sesamum,443,150,0.338600451
Tamil Nadu,NAGAPATTINAM,1997,Kharif,Tobacco,421,751,1.783847981
Tamil Nadu,NAGAPATTINAM,1997,Whole Year,Banana,556,26820,48.23741007
Tamil Nadu,NAGAPATTINAM,1997,Whole Year,Cashewnut,438,280,0.639269406
Tamil Nadu,NAGAPATTINAM,1997,Whole Year,Cotton(lint),1368,2420,1.769005848
Tamil Nadu,NAGAPATTINAM,1997,Whole Year,Dry chillies,28,20,0.714285714
Tamil Nadu,NAGAPATTINAM,1997,Whole Year,Groundnut,5900,7540,1.277966102
Tamil Nadu,NAGAPATTINAM,1997,Whole Year,Maize,59,150,2.542372881
Tamil Nadu,NAGAPATTINAM,1997,Whole Year,Moong(Green Gram),18272,3020,0.16528021
Tamil Nadu,NAGAPATTINAM,1997,Whole Year,Onion,35,260,7.428571429
Tamil Nadu,NAGAPATTINAM,1997,Whole Year,Pulses total,67702,21690,0.320374583
Tamil Nadu,NAGAPATTINAM,1997,Whole Year,Ragi,3,10,3.333333333
Tamil Nadu,NAGAPATTINAM,1997,Whole Year,Rice,156953,269630,1.717902812
Tamil Nadu,NAGAPATTINAM,1997,Whole Year,Sugarcane,4601,4940000,1073.679635
Tamil Nadu,NAGAPATTINAM,1997,Whole Year,Sweet potato,1,20,20
Tamil Nadu,NAGAPATTINAM,1997,Whole Year,Tapioca,67,2510,37.46268657
Tamil Nadu,NAGAPATTINAM,1997,Whole Year,Tobacco,273,450,1.648351648
Tamil Nadu,NAGAPATTINAM,1997,Whole Year,Total foodgrain,224721,291480,1.29707504
Tamil Nadu,NAGAPATTINAM,1997,Whole Year,Turmeric,5,30,6
Tamil Nadu,NAGAPATTINAM,1997,Whole Year,Urad,49422,18670,0.377766986
Tamil Nadu,NAGAPATTINAM,1998,Kharif,Cotton(lint),1582,3618,2.286978508
Tamil Nadu,NAGAPATTINAM,1998,Kharif,Groundnut,4194,6062,1.445398188
Tamil Nadu,NAGAPATTINAM,1998,Kharif,Maize,14,37,2.642857143
Tamil Nadu,NAGAPATTINAM,1998,Kharif,Mesta,159,743,4.672955975
Tamil Nadu,NAGAPATTINAM,1998,Kharif,Moong(Green Gram),9189,4585,0.498966155
Tamil Nadu,NAGAPATTINAM,1998,Kharif,Pulses total,65372,30252,0.462766934
Tamil Nadu,NAGAPATTINAM,1998,Kharif,Rice,159249,551392,3.462451884
Tamil Nadu,NAGAPATTINAM,1998,Kharif,Sesamum,143,51,0.356643357
Tamil Nadu,NAGAPATTINAM,1998,Kharif,Total foodgrain,224635,58168,0.25894451
Tamil Nadu,NAGAPATTINAM,1998,Kharif,Urad,56135,25654,0.457005433
Tamil Nadu,NAGAPATTINAM,1998,Whole Year,Banana,541,15747,29.10720887
Tamil Nadu,NAGAPATTINAM,1998,Whole Year,Cashewnut,356,73,0.20505618
Tamil Nadu,NAGAPATTINAM,1998,Whole Year,Dry chillies,836,502,0.600478469
Tamil Nadu,NAGAPATTINAM,1998,Whole Year,Onion,30,234,7.8
Tamil Nadu,NAGAPATTINAM,1998,Whole Year,Sugarcane,3959,485900,122.7330134
Tamil Nadu,NAGAPATTINAM,1998,Whole Year,Sweet potato,2,36,18
Tamil Nadu,NAGAPATTINAM,1998,Whole Year,Tapioca,115,4271,37.13913043
Tamil Nadu,NAGAPATTINAM,1998,Whole Year,Tobacco,323,534,1.653250774
Tamil Nadu,NAGAPATTINAM,1998,Whole Year,Turmeric,11,67,6.090909091
Tamil Nadu,NAGAPATTINAM,1999,Kharif,Arhar/Tur,2,1,0.5
Tamil Nadu,NAGAPATTINAM,1999,Kharif,Cotton(lint),286,626,2.188811189
Tamil Nadu,NAGAPATTINAM,1999,Kharif,Groundnut,3358,4959,1.476771888
Tamil Nadu,NAGAPATTINAM,1999,Kharif,Maize,11,29,2.636363636
Tamil Nadu,NAGAPATTINAM,1999,Kharif,Mesta,6,28,4.666666667
Tamil Nadu,NAGAPATTINAM,1999,Kharif,Moong(Green Gram),19093,9298,0.486984759
Tamil Nadu,NAGAPATTINAM,1999,Kharif,Rice,162381,518670,3.194154489
Tamil Nadu,NAGAPATTINAM,1999,Kharif,Sesamum,473,152,0.321353066
Tamil Nadu,NAGAPATTINAM,1999,Kharif,Urad,50281,23280,0.462997952
Tamil Nadu,NAGAPATTINAM,1999,Whole Year,Banana,575,14622,25.42956522
Tamil Nadu,NAGAPATTINAM,1999,Whole Year,Cashewnut,345,101,0.292753623
Tamil Nadu,NAGAPATTINAM,1999,Whole Year,Dry chillies,2,2,1
Tamil Nadu,NAGAPATTINAM,1999,Whole Year,Guar seed,3852,33529,8.70430945
Tamil Nadu,NAGAPATTINAM,1999,Whole Year,Onion,30,237,7.9
Tamil Nadu,NAGAPATTINAM,1999,Whole Year,Sugarcane,3852,344773,89.5049325
Tamil Nadu,NAGAPATTINAM,1999,Whole Year,Sweet potato,1,12,12
Tamil Nadu,NAGAPATTINAM,1999,Whole Year,Tapioca,206,7310,35.48543689
Tamil Nadu,NAGAPATTINAM,1999,Whole Year,Tobacco,421,751,1.783847981
Tamil Nadu,NAGAPATTINAM,1999,Whole Year,Turmeric,1,6,6
Tamil Nadu,NAGAPATTINAM,2000,Kharif,Cotton(lint),1446,3242,2.242047026
Tamil Nadu,NAGAPATTINAM,2000,Kharif,Groundnut,2402,2886,1.201498751
Tamil Nadu,NAGAPATTINAM,2000,Kharif,Mesta,6,28,4.666666667
Tamil Nadu,NAGAPATTINAM,2000,Kharif,Moong(Green Gram),19114,5199,0.271999581
Tamil Nadu,NAGAPATTINAM,2000,Kharif,Rice,168155,556041,3.306717017
Tamil Nadu,NAGAPATTINAM,2000,Kharif,Sesamum,1359,544,0.400294334
Tamil Nadu,NAGAPATTINAM,2000,Kharif,Urad,51088,23654,0.463005011
Tamil Nadu,NAGAPATTINAM,2000,Whole Year,Banana,38,966,25.42105263
Tamil Nadu,NAGAPATTINAM,2000,Whole Year,Cashewnut,347,163,0.469740634
Tamil Nadu,NAGAPATTINAM,2000,Whole Year,Dry chillies,14,8,0.571428571
Tamil Nadu,NAGAPATTINAM,2000,Whole Year,Sugarcane,5001,447614,89.50489902
Tamil Nadu,NAGAPATTINAM,2000,Whole Year,Tapioca,145,5145,35.48275862
Tamil Nadu,NAGAPATTINAM,2000,Whole Year,Tobacco,280,500,1.785714286
Tamil Nadu,NAGAPATTINAM,2000,Whole Year,Turmeric,3,16,5.333333333
Tamil Nadu,NAGAPATTINAM,2001,Kharif,Bajra,3,1,0.333333333
Tamil Nadu,NAGAPATTINAM,2001,Kharif,Cotton(lint),1883,2730,1.449814126
Tamil Nadu,NAGAPATTINAM,2001,Kharif,Groundnut,2604,4400,1.689708141
Tamil Nadu,NAGAPATTINAM,2001,Kharif,Moong(Green Gram),18497,4190,0.22652322
Tamil Nadu,NAGAPATTINAM,2001,Kharif,Rice,168265,427500,2.540635307
Tamil Nadu,NAGAPATTINAM,2001,Kharif,Sesamum,1680,660,0.392857143
Tamil Nadu,NAGAPATTINAM,2001,Kharif,Urad,50669,11340,0.223805483
Tamil Nadu,NAGAPATTINAM,2001,Whole Year,Sugarcane,3661,366800,100.1912046
Tamil Nadu,NAGAPATTINAM,2002,Kharif,Cotton(lint),1185,2313,1.951898734
Tamil Nadu,NAGAPATTINAM,2002,Kharif,Groundnut,2314,3602,1.556611927
Tamil Nadu,NAGAPATTINAM,2002,Kharif,Maize,2,5,2.5
Tamil Nadu,NAGAPATTINAM,2002,Kharif,Moong(Green Gram),8582,3150,0.367047308
Tamil Nadu,NAGAPATTINAM,2002,Kharif,Other Kharif pulses,10,0,0
Tamil Nadu,NAGAPATTINAM,2002,Kharif,Rice,137724,159449,1.157743022
Tamil Nadu,NAGAPATTINAM,2002,Kharif,Sesamum,928,288,0.310344828
Tamil Nadu,NAGAPATTINAM,2002,Kharif,Sunflower,2,2,1
Tamil Nadu,NAGAPATTINAM,2002,Kharif,Urad,21504,4523,0.210332961
Tamil Nadu,NAGAPATTINAM,2002,Whole Year,Arecanut,3,,
Tamil Nadu,NAGAPATTINAM,2002,Whole Year,Ash Gourd,8,0,0
Tamil Nadu,NAGAPATTINAM,2002,Whole Year,Banana,750,27715,36.95333333
Tamil Nadu,NAGAPATTINAM,2002,Whole Year,Ber,3,0,0
Tamil Nadu,NAGAPATTINAM,2002,Whole Year,Bhindi,21,156,7.428571429
Tamil Nadu,NAGAPATTINAM,2002,Whole Year,Bitter Gourd,3,0,0
Tamil Nadu,NAGAPATTINAM,2002,Whole Year,Bottle Gourd,5,0,0
Tamil Nadu,NAGAPATTINAM,2002,Whole Year,Brinjal,24,183,7.625
Tamil Nadu,NAGAPATTINAM,2002,Whole Year,Cashewnut,503,152,0.302186879
Tamil Nadu,NAGAPATTINAM,2002,Whole Year,Citrus Fruit,71,79,1.112676056
Tamil Nadu,NAGAPATTINAM,2002,Whole Year,Coconut,3660,25900,7.076502732
Tamil Nadu,NAGAPATTINAM,2002,Whole Year,Cucumber,3,0,0
Tamil Nadu,NAGAPATTINAM,2002,Whole Year,Drum Stick,13,0,0
Tamil Nadu,NAGAPATTINAM,2002,Whole Year,Dry chillies,24,14,0.583333333
Tamil Nadu,NAGAPATTINAM,2002,Whole Year,Jack Fruit,10,113,11.3
Tamil Nadu,NAGAPATTINAM,2002,Whole Year,Lab-Lab,16,0,0
Tamil Nadu,NAGAPATTINAM,2002,Whole Year,Mango,1057,6333,5.991485336
Tamil Nadu,NAGAPATTINAM,2002,Whole Year,Onion,30,254,8.466666667
Tamil Nadu,NAGAPATTINAM,2002,Whole Year,Other Citrus Fruit,28,0,0
Tamil Nadu,NAGAPATTINAM,2002,Whole Year,Other Fresh Fruits,3,0,0
Tamil Nadu,NAGAPATTINAM,2002,Whole Year,Other Vegetables,31,0,0
Tamil Nadu,NAGAPATTINAM,2002,Whole Year,Pome Fruit,13,68,5.230769231
Tamil Nadu,NAGAPATTINAM,2002,Whole Year,Pome Granet,1,0,0
Tamil Nadu,NAGAPATTINAM,2002,Whole Year,Pump Kin,3,0,0
Tamil Nadu,NAGAPATTINAM,2002,Whole Year,Redish,4,0,0
Tamil Nadu,NAGAPATTINAM,2002,Whole Year,Ribed Guard,2,0,0
Tamil Nadu,NAGAPATTINAM,2002,Whole Year,Snak Guard,7,0,0
Tamil Nadu,NAGAPATTINAM,2002,Whole Year,Sugarcane,3288,301970,91.84002433
Tamil Nadu,NAGAPATTINAM,2002,Whole Year,Sweet potato,15,205,13.66666667
Tamil Nadu,NAGAPATTINAM,2002,Whole Year,Tapioca,160,5055,31.59375
Tamil Nadu,NAGAPATTINAM,2002,Whole Year,Tobacco,228,378,1.657894737
Tamil Nadu,NAGAPATTINAM,2002,Whole Year,Tomato,3,37,12.33333333
Tamil Nadu,NAGAPATTINAM,2002,Whole Year,Turmeric,5,19,3.8
Tamil Nadu,NAGAPATTINAM,2003,Kharif,Cotton(lint),3793,7122,1.877669391
Tamil Nadu,NAGAPATTINAM,2003,Kharif,Groundnut,2817,3641,1.292509762
Tamil Nadu,NAGAPATTINAM,2003,Kharif,Maize,62,164,2.64516129
Tamil Nadu,NAGAPATTINAM,2003,Kharif,Moong(Green Gram),14294,4689,0.328039737
Tamil Nadu,NAGAPATTINAM,2003,Kharif,Other Kharif pulses,3,1,0.333333333
Tamil Nadu,NAGAPATTINAM,2003,Kharif,Ragi,2,5,2.5
Tamil Nadu,NAGAPATTINAM,2003,Kharif,Rice,136039,259866,1.910231625
Tamil Nadu,NAGAPATTINAM,2003,Kharif,Sesamum,1735,554,0.319308357
Tamil Nadu,NAGAPATTINAM,2003,Kharif,Sunflower,44,57,1.295454545
Tamil Nadu,NAGAPATTINAM,2003,Kharif,Urad,28404,7095,0.249788762
Tamil Nadu,NAGAPATTINAM,2003,Whole Year,Arecanut,2,,
Tamil Nadu,NAGAPATTINAM,2003,Whole Year,Ash Gourd,3,0,0
Tamil Nadu,NAGAPATTINAM,2003,Whole Year,Banana,537,18996,35.37430168
Tamil Nadu,NAGAPATTINAM,2003,Whole Year,Ber,3,0,0
Tamil Nadu,NAGAPATTINAM,2003,Whole Year,Bhindi,16,112,7
Tamil Nadu,NAGAPATTINAM,2003,Whole Year,Bitter Gourd,6,0,0
Tamil Nadu,NAGAPATTINAM,2003,Whole Year,Bottle Gourd,3,0,0
Tamil Nadu,NAGAPATTINAM,2003,Whole Year,Brinjal,69,771,11.17391304
Tamil Nadu,NAGAPATTINAM,2003,Whole Year,Cashewnut,557,192,0.34470377
Tamil Nadu,NAGAPATTINAM,2003,Whole Year,Citrus Fruit,66,69,1.045454545
Tamil Nadu,NAGAPATTINAM,2003,Whole Year,Coconut,3808,38900,10.21533613
Tamil Nadu,NAGAPATTINAM,2003,Whole Year,Cucumber,6,0,0
Tamil Nadu,NAGAPATTINAM,2003,Whole Year,Drum Stick,15,0,0
Tamil Nadu,NAGAPATTINAM,2003,Whole Year,Dry chillies,21,11,0.523809524
Tamil Nadu,NAGAPATTINAM,2003,Whole Year,Jack Fruit,10,97,9.7
Tamil Nadu,NAGAPATTINAM,2003,Whole Year,Lab-Lab,12,0,0
Tamil Nadu,NAGAPATTINAM,2003,Whole Year,Mango,1239,5148,4.15496368
Tamil Nadu,NAGAPATTINAM,2003,Whole Year,Onion,26,234,9
Tamil Nadu,NAGAPATTINAM,2003,Whole Year,Other Citrus Fruit,28,0,0
Tamil Nadu,NAGAPATTINAM,2003,Whole Year,Other Fresh Fruits,3,0,0
Tamil Nadu,NAGAPATTINAM,2003,Whole Year,Other Vegetables,25,0,0
Tamil Nadu,NAGAPATTINAM,2003,Whole Year,Pome Fruit,15,105,7
Tamil Nadu,NAGAPATTINAM,2003,Whole Year,Pome Granet,1,0,0
Tamil Nadu,NAGAPATTINAM,2003,Whole Year,Pump Kin,7,0,0
Tamil Nadu,NAGAPATTINAM,2003,Whole Year,Redish,3,0,0
Tamil Nadu,NAGAPATTINAM,2003,Whole Year,Ribed Guard,3,0,0
Tamil Nadu,NAGAPATTINAM,2003,Whole Year,Snak Guard,4,0,0
Tamil Nadu,NAGAPATTINAM,2003,Whole Year,Sugarcane,2213,225014,101.6782648
Tamil Nadu,NAGAPATTINAM,2003,Whole Year,Tapioca,159,5357,33.6918239
Tamil Nadu,NAGAPATTINAM,2003,Whole Year,Tomato,1,10,10
Tamil Nadu,NAGAPATTINAM,2003,Whole Year,Turmeric,4,17,4.25
Tamil Nadu,NAGAPATTINAM,2004,Kharif,Bajra,5,14,2.8
Tamil Nadu,NAGAPATTINAM,2004,Kharif,Cotton(lint),3843,6530,1.699193339
Tamil Nadu,NAGAPATTINAM,2004,Kharif,Groundnut,3306,5630,1.702964307
Tamil Nadu,NAGAPATTINAM,2004,Kharif,Maize,29,75,2.586206897
Tamil Nadu,NAGAPATTINAM,2004,Kharif,Moong(Green Gram),21984,5335,0.242676492
Tamil Nadu,NAGAPATTINAM,2004,Kharif,Rice,153139,140662,0.918525
Tamil Nadu,NAGAPATTINAM,2004,Kharif,Sesamum,444,124,0.279279279
Tamil Nadu,NAGAPATTINAM,2004,Kharif,Sunflower,69,73,1.057971014
Tamil Nadu,NAGAPATTINAM,2004,Kharif,Urad,45465,10882,0.23934895
Tamil Nadu,NAGAPATTINAM,2004,Whole Year,Arecanut,2,3,1.5
Tamil Nadu,NAGAPATTINAM,2004,Whole Year,Banana,533,22640,42.47654784
Tamil Nadu,NAGAPATTINAM,2004,Whole Year,Cashewnut,584,211,0.36130137
Tamil Nadu,NAGAPATTINAM,2004,Whole Year,Coconut,3847,39900,10.37171822
Tamil Nadu,NAGAPATTINAM,2004,Whole Year,Dry chillies,24,16,0.666666667
Tamil Nadu,NAGAPATTINAM,2004,Whole Year,Onion,8,77,9.625
Tamil Nadu,NAGAPATTINAM,2004,Whole Year,Sugarcane,2550,222240,87.15294118
Tamil Nadu,NAGAPATTINAM,2004,Whole Year,Tapioca,163,6727,41.26993865
Tamil Nadu,NAGAPATTINAM,2004,Whole Year,Turmeric,2,11,5.5
Tamil Nadu,NAGAPATTINAM,2005,Kharif,Cotton(lint),2131,4541,2.130924449
Tamil Nadu,NAGAPATTINAM,2005,Kharif,Groundnut,2735,9161,3.349542962
Tamil Nadu,NAGAPATTINAM,2005,Kharif,Maize,15,,
Tamil Nadu,NAGAPATTINAM,2005,Kharif,Moong(Green Gram),22039,4468,0.202731521
Tamil Nadu,NAGAPATTINAM,2005,Kharif,Rice,158100,136637,0.864244149
Tamil Nadu,NAGAPATTINAM,2005,Kharif,Sesamum,137,64,0.467153285
Tamil Nadu,NAGAPATTINAM,2005,Kharif,Soyabean,72,,
Tamil Nadu,NAGAPATTINAM,2005,Kharif,Sunflower,24,30,1.25
Tamil Nadu,NAGAPATTINAM,2005,Kharif,Urad,42930,8268,0.192592593
Tamil Nadu,NAGAPATTINAM,2005,Whole Year,Arecanut,2,1,0.5
Tamil Nadu,NAGAPATTINAM,2005,Whole Year,Banana,616,30248,49.1038961
Tamil Nadu,NAGAPATTINAM,2005,Whole Year,Cashewnut,590,223,0.377966102
Tamil Nadu,NAGAPATTINAM,2005,Whole Year,Coconut,3850,546,0.141818182
Tamil Nadu,NAGAPATTINAM,2005,Whole Year,Dry chillies,32,21,0.65625
Tamil Nadu,NAGAPATTINAM,2005,Whole Year,Onion,8,64,8
Tamil Nadu,NAGAPATTINAM,2005,Whole Year,Sugarcane,4358,401341,92.09293254
Tamil Nadu,NAGAPATTINAM,2005,Whole Year,Tapioca,214,8177,38.21028037
Tamil Nadu,NAGAPATTINAM,2005,Whole Year,Tobacco,343,568,1.655976676
Tamil Nadu,NAGAPATTINAM,2005,Whole Year,Turmeric,3,17,5.666666667
Tamil Nadu,NAGAPATTINAM,2006,Kharif,Rice,165714,630607,3.80539363
Tamil Nadu,NAGAPATTINAM,2006,Whole Year,Arecanut,1,,
Tamil Nadu,NAGAPATTINAM,2006,Whole Year,Banana,613,32847,53.58401305
Tamil Nadu,NAGAPATTINAM,2006,Whole Year,Cashewnut,631,287,0.454833597
Tamil Nadu,NAGAPATTINAM,2006,Whole Year,Coconut,4148,627,0.151157184
Tamil Nadu,NAGAPATTINAM,2006,Whole Year,Cotton(lint),370,972,2.627027027
Tamil Nadu,NAGAPATTINAM,2006,Whole Year,Dry chillies,18,13,0.722222222
Tamil Nadu,NAGAPATTINAM,2006,Whole Year,Groundnut,3119,11853,3.800256492
Tamil Nadu,NAGAPATTINAM,2006,Whole Year,Maize,7,37,5.285714286
Tamil Nadu,NAGAPATTINAM,2006,Whole Year,Moong(Green Gram),23714,15555,0.655941638
Tamil Nadu,NAGAPATTINAM,2006,Whole Year,Sesamum,849,224,0.263839812
Tamil Nadu,NAGAPATTINAM,2006,Whole Year,Sugarcane,6246,585919,93.80707653
Tamil Nadu,NAGAPATTINAM,2006,Whole Year,Sunflower,7,13,1.857142857
Tamil Nadu,NAGAPATTINAM,2006,Whole Year,Sweet potato,1,17,17
Tamil Nadu,NAGAPATTINAM,2006,Whole Year,Tapioca,181,7305,40.35911602
Tamil Nadu,NAGAPATTINAM,2006,Whole Year,Tobacco,326,540,1.656441718
Tamil Nadu,NAGAPATTINAM,2006,Whole Year,Turmeric,3,17,5.666666667
Tamil Nadu,NAGAPATTINAM,2006,Whole Year,Urad,60413,33196,0.549484383
Tamil Nadu,NAGAPATTINAM,2007,Kharif,Rice,154040,289317,1.878193976
Tamil Nadu,NAGAPATTINAM,2007,Whole Year,Arecanut,2,2,1
Tamil Nadu,NAGAPATTINAM,2007,Whole Year,Banana,609,29074,47.74055829
Tamil Nadu,NAGAPATTINAM,2007,Whole Year,Cashewnut,869,497,0.571921749
Tamil Nadu,NAGAPATTINAM,2007,Whole Year,Coconut,4241,604,0.142419241
Tamil Nadu,NAGAPATTINAM,2007,Whole Year,Cotton(lint),1269,1505,1.185973207
Tamil Nadu,NAGAPATTINAM,2007,Whole Year,Dry chillies,28,14,0.5
Tamil Nadu,NAGAPATTINAM,2007,Whole Year,Groundnut,4109,8155,1.984667802
Tamil Nadu,NAGAPATTINAM,2007,Whole Year,Maize,5,27,5.4
Tamil Nadu,NAGAPATTINAM,2007,Whole Year,Moong(Green Gram),30768,1416,0.046021841
Tamil Nadu,NAGAPATTINAM,2007,Whole Year,Sesamum,4451,496,0.111435632
Tamil Nadu,NAGAPATTINAM,2007,Whole Year,Sugarcane,6443,505202,78.41098867
Tamil Nadu,NAGAPATTINAM,2007,Whole Year,Tapioca,158,6668,42.20253165
Tamil Nadu,NAGAPATTINAM,2007,Whole Year,Tobacco,400,663,1.6575
Tamil Nadu,NAGAPATTINAM,2007,Whole Year,Turmeric,2,11,5.5
Tamil Nadu,NAGAPATTINAM,2007,Whole Year,Urad,64860,3620,0.055812519
Tamil Nadu,NAGAPATTINAM,2008,Kharif,Rice,170840,225147,1.317882229
Tamil Nadu,NAGAPATTINAM,2008,Kharif,Small millets,1,,
Tamil Nadu,NAGAPATTINAM,2008,Whole Year,Arecanut,1,2,2
Tamil Nadu,NAGAPATTINAM,2008,Whole Year,Banana,578,25694,44.4532872
Tamil Nadu,NAGAPATTINAM,2008,Whole Year,Cashewnut,2049,1068,0.521229868
Tamil Nadu,NAGAPATTINAM,2008,Whole Year,Coconut,4176,817000,195.6417625
Tamil Nadu,NAGAPATTINAM,2008,Whole Year,Cotton(lint),421,500,1.187648456
Tamil Nadu,NAGAPATTINAM,2008,Whole Year,Dry chillies,50,25,0.5
Tamil Nadu,NAGAPATTINAM,2008,Whole Year,Groundnut,3708,9335,2.517529666
Tamil Nadu,NAGAPATTINAM,2008,Whole Year,Jowar,8,14,1.75
Tamil Nadu,NAGAPATTINAM,2008,Whole Year,Maize,27,162,6
Tamil Nadu,NAGAPATTINAM,2008,Whole Year,Moong(Green Gram),34588,2933,0.084798196
Tamil Nadu,NAGAPATTINAM,2008,Whole Year,Sesamum,1428,167,0.116946779
Tamil Nadu,NAGAPATTINAM,2008,Whole Year,Sugarcane,4958,329449,66.44796289
Tamil Nadu,NAGAPATTINAM,2008,Whole Year,Sunflower,1,1,1
Tamil Nadu,NAGAPATTINAM,2008,Whole Year,Tapioca,129,4705,36.47286822
Tamil Nadu,NAGAPATTINAM,2008,Whole Year,Tobacco,403,668,1.657568238
Tamil Nadu,NAGAPATTINAM,2008,Whole Year,Urad,61503,4739,0.077053152
Tamil Nadu,NAGAPATTINAM,2009,Kharif,Rice,157855,432029,2.736872446
Tamil Nadu,NAGAPATTINAM,2009,Whole Year,Arecanut,1,,
Tamil Nadu,NAGAPATTINAM,2009,Whole Year,Banana,640,27518,42.996875
Tamil Nadu,NAGAPATTINAM,2009,Whole Year,Cashewnut,2152,1076,0.5
Tamil Nadu,NAGAPATTINAM,2009,Whole Year,Coconut,4105,94500,23.02070646
Tamil Nadu,NAGAPATTINAM,2009,Whole Year,Cotton(lint),317,657,2.072555205
Tamil Nadu,NAGAPATTINAM,2009,Whole Year,Dry chillies,54,29,0.537037037
Tamil Nadu,NAGAPATTINAM,2009,Whole Year,Groundnut,2386,7199,3.017183571
Tamil Nadu,NAGAPATTINAM,2009,Whole Year,Maize,6,38,6.333333333
Tamil Nadu,NAGAPATTINAM,2009,Whole Year,Moong(Green Gram),29323,8283,0.282474508
Tamil Nadu,NAGAPATTINAM,2009,Whole Year,Sesamum,683,180,0.263543192
Tamil Nadu,NAGAPATTINAM,2009,Whole Year,Sugarcane,3958,288713,72.94416372
Tamil Nadu,NAGAPATTINAM,2009,Whole Year,Sweet potato,3,44,14.66666667
Tamil Nadu,NAGAPATTINAM,2009,Whole Year,Tapioca,126,4343,34.46825397
Tamil Nadu,NAGAPATTINAM,2009,Whole Year,Tobacco,376,691,1.837765957
Tamil Nadu,NAGAPATTINAM,2009,Whole Year,Urad,51819,14400,0.277890349
Tamil Nadu,NAGAPATTINAM,2010,Kharif,Cotton(lint),261,763,2.923371648
Tamil Nadu,NAGAPATTINAM,2010,Kharif,Groundnut,2495,7894,3.163927856
Tamil Nadu,NAGAPATTINAM,2010,Kharif,Maize,24,93,3.875
Tamil Nadu,NAGAPATTINAM,2010,Kharif,Moong(Green Gram),28761,8898,0.309377282
Tamil Nadu,NAGAPATTINAM,2010,Kharif,Rice,156049,321506,2.060288755
Tamil Nadu,NAGAPATTINAM,2010,Kharif,Urad,51549,21033,0.408019554
Tamil Nadu,NAGAPATTINAM,2010,Whole Year,Sugarcane,3046,289076,94.90347997
Tamil Nadu,NAGAPATTINAM,2011,Kharif,Cotton(lint),1,3,3
Tamil Nadu,NAGAPATTINAM,2011,Kharif,Groundnut,89,196,2.202247191
Tamil Nadu,NAGAPATTINAM,2011,Kharif,Maize,17,97,5.705882353
Tamil Nadu,NAGAPATTINAM,2011,Kharif,Rice,170042,577026,3.393432211
Tamil Nadu,NAGAPATTINAM,2011,Rabi,Cotton(lint),316,917,2.901898734
Tamil Nadu,NAGAPATTINAM,2011,Rabi,Groundnut,2506,9769,3.898244214
Tamil Nadu,NAGAPATTINAM,2011,Whole Year,Arecanut,1,2,2
Tamil Nadu,NAGAPATTINAM,2011,Whole Year,Banana,645,28183,43.69457364
Tamil Nadu,NAGAPATTINAM,2011,Whole Year,Cashewnut,1856,488,0.262931034
Tamil Nadu,NAGAPATTINAM,2011,Whole Year,Coconut,4026,55400000,13760.55638
Tamil Nadu,NAGAPATTINAM,2011,Whole Year,Dry chillies,98,43,0.43877551
Tamil Nadu,NAGAPATTINAM,2011,Whole Year,Moong(Green Gram),31855,10776,0.338282844
Tamil Nadu,NAGAPATTINAM,2011,Whole Year,Sugarcane,3079,266324,86.49691458
Tamil Nadu,NAGAPATTINAM,2011,Whole Year,Tapioca,193,7269,37.66321244
Tamil Nadu,NAGAPATTINAM,2011,Whole Year,Tobacco,204,501,2.455882353
Tamil Nadu,NAGAPATTINAM,2011,Whole Year,Urad,50480,16882,0.334429477
Tamil Nadu,NAGAPATTINAM,2012,Kharif,Cotton(lint),675,1694,2.50962963
Tamil Nadu,NAGAPATTINAM,2012,Kharif,Groundnut,1730,4968,2.871676301
Tamil Nadu,NAGAPATTINAM,2012,Kharif,Maize,30,104,3.466666667
Tamil Nadu,NAGAPATTINAM,2012,Kharif,Moong(Green Gram),22901,5590,0.244094144
Tamil Nadu,NAGAPATTINAM,2012,Kharif,Rice,142210,201553,1.41729133
Tamil Nadu,NAGAPATTINAM,2012,Kharif,Urad,30600,10300,0.336601307
Tamil Nadu,NAGAPATTINAM,2012,Whole Year,Sugarcane,3421,319635,93.43320666
Tamil Nadu,NAGAPATTINAM,2013,Kharif,Jowar,3,3,1
Tamil Nadu,NAGAPATTINAM,2013,Kharif,Maize,19,124,6.526315789
Tamil Nadu,NAGAPATTINAM,2013,Kharif,Onion,10,116,11.6
Tamil Nadu,NAGAPATTINAM,2013,Kharif,Rice,154750,605329,3.911657512
Tamil Nadu,NAGAPATTINAM,2013,Kharif,Urad,143,120,0.839160839
Tamil Nadu,NAGAPATTINAM,2013,Rabi,Bajra,5,10,2
Tamil Nadu,NAGAPATTINAM,2013,Rabi,Cotton(lint),2496,9850,3.946314103
Tamil Nadu,NAGAPATTINAM,2013,Rabi,Groundnut,1812,5818,3.210816777
Tamil Nadu,NAGAPATTINAM,2013,Rabi,Jowar,14,30,2.142857143
Tamil Nadu,NAGAPATTINAM,2013,Rabi,Maize,3,15,5
Tamil Nadu,NAGAPATTINAM,2013,Rabi,Moong(Green Gram),39811,34551,0.867875713
Tamil Nadu,NAGAPATTINAM,2013,Rabi,Urad,46929,40958,0.872765241
Tamil Nadu,NAGAPATTINAM,2013,Whole Year,Arecanut,1,1,1
Tamil Nadu,NAGAPATTINAM,2013,Whole Year,Banana,575,23882,41.53391304
Tamil Nadu,NAGAPATTINAM,2013,Whole Year,Cashewnut,1693,661,0.390431187
Tamil Nadu,NAGAPATTINAM,2013,Whole Year,Coconut,3854,44600000,11572.39232
Tamil Nadu,NAGAPATTINAM,2013,Whole Year,Dry chillies,23,6,0.260869565
Tamil Nadu,NAGAPATTINAM,2013,Whole Year,Small millets,1,,
Tamil Nadu,NAGAPATTINAM,2013,Whole Year,Sugarcane,2962,278902,94.16002701
Tamil Nadu,NAGAPATTINAM,2013,Whole Year,Tapioca,96,2873,29.92708333
Tamil Nadu,NAGAPATTINAM,2013,Whole Year,Tobacco,128,237,1.8515625
Tamil Nadu,NAMAKKAL,1997,Kharif,Banana,1239,27016,21.80468119
Tamil Nadu,NAMAKKAL,1997,Kharif,Horse-gram,3292,1630,0.495139733
Tamil Nadu,NAMAKKAL,1997,Kharif,Onion,6851,49562,7.234272369
Tamil Nadu,NAMAKKAL,1997,Kharif,Sesamum,1599,1190,0.744215134
Tamil Nadu,NAMAKKAL,1997,Kharif,Small millets,2041,1540,0.754532092
Tamil Nadu,NAMAKKAL,1997,Whole Year,Arhar/Tur,9370,6030,0.643543223
Tamil Nadu,NAMAKKAL,1997,Whole Year,Bajra,1512,2240,1.481481481
Tamil Nadu,NAMAKKAL,1997,Whole Year,Banana,1280,42260,33.015625
Tamil Nadu,NAMAKKAL,1997,Whole Year,Black pepper,137,20,0.145985401
Tamil Nadu,NAMAKKAL,1997,Whole Year,Castor seed,11434,3440,0.300857093
Tamil Nadu,NAMAKKAL,1997,Whole Year,Coriander,93,60,0.64516129
Tamil Nadu,NAMAKKAL,1997,Whole Year,Cotton(lint),3429,7730,2.254301546
Tamil Nadu,NAMAKKAL,1997,Whole Year,Dry chillies,217,160,0.737327189
Tamil Nadu,NAMAKKAL,1997,Whole Year,Gram,186,90,0.483870968
Tamil Nadu,NAMAKKAL,1997,Whole Year,Groundnut,76377,123050,1.611087107
Tamil Nadu,NAMAKKAL,1997,Whole Year,Jowar,20899,22770,1.089525815
Tamil Nadu,NAMAKKAL,1997,Whole Year,Maize,705,1310,1.858156028
Tamil Nadu,NAMAKKAL,1997,Whole Year,Moong(Green Gram),5671,3510,0.618938459
Tamil Nadu,NAMAKKAL,1997,Whole Year,Pulses total,32142,16370,0.50930247
Tamil Nadu,NAMAKKAL,1997,Whole Year,Ragi,1566,3060,1.954022989
Tamil Nadu,NAMAKKAL,1997,Whole Year,Rapeseed &Mustard,128,30,0.234375
Tamil Nadu,NAMAKKAL,1997,Whole Year,Rice,23983,99150,4.134178376
Tamil Nadu,NAMAKKAL,1997,Whole Year,Small millets,6260,290,0.046325879
Tamil Nadu,NAMAKKAL,1997,Whole Year,Sugarcane,9415,13608000,1445.35316
Tamil Nadu,NAMAKKAL,1997,Whole Year,Sunflower,3181,3560,1.119144923
Tamil Nadu,NAMAKKAL,1997,Whole Year,Tapioca,15706,609510,38.80746212
Tamil Nadu,NAMAKKAL,1997,Whole Year,Total foodgrain,82909,146480,1.766756323
Tamil Nadu,NAMAKKAL,1997,Whole Year,Turmeric,1132,4210,3.719081272
Tamil Nadu,NAMAKKAL,1997,Whole Year,Urad,8941,4170,0.466390784
Tamil Nadu,NAMAKKAL,1998,Kharif,Arhar/Tur,8249,7960,0.96496545
Tamil Nadu,NAMAKKAL,1998,Kharif,Bajra,897,1445,1.610925307
Tamil Nadu,NAMAKKAL,1998,Kharif,Cotton(lint),2549,6418,2.517850137
Tamil Nadu,NAMAKKAL,1998,Kharif,Groundnut,68658,148564,2.163826502
Tamil Nadu,NAMAKKAL,1998,Kharif,Horse-gram,2763,1829,0.661961636
Tamil Nadu,NAMAKKAL,1998,Kharif,Jowar,56098,62498,1.114086064
Tamil Nadu,NAMAKKAL,1998,Kharif,Maize,447,831,1.859060403
Tamil Nadu,NAMAKKAL,1998,Kharif,Moong(Green Gram),7671,5285,0.688958415
Tamil Nadu,NAMAKKAL,1998,Kharif,Pulses total,30793,23205,0.753580359
Tamil Nadu,NAMAKKAL,1998,Kharif,Ragi,1957,3681,1.880940215
Tamil Nadu,NAMAKKAL,1998,Kharif,Rice,24167,83225,3.443745604
Tamil Nadu,NAMAKKAL,1998,Kharif,Sesamum,1915,1131,0.590600522
Tamil Nadu,NAMAKKAL,1998,Kharif,Small millets,49500,23200,0.468686869
Tamil Nadu,NAMAKKAL,1998,Kharif,Sunflower,1527,1516,0.992796333
Tamil Nadu,NAMAKKAL,1998,Kharif,Total foodgrain,118172,17787,0.150517889
Tamil Nadu,NAMAKKAL,1998,Kharif,Urad,8952,7170,0.800938338
Tamil Nadu,NAMAKKAL,1998,Rabi,Gram,525,437,0.832380952
Tamil Nadu,NAMAKKAL,1998,Rabi,Wheat,250,13,0.052
Tamil Nadu,NAMAKKAL,1998,Whole Year,Banana,749,24727,33.01335113
Tamil Nadu,NAMAKKAL,1998,Whole Year,Black pepper,17,3,0.176470588
Tamil Nadu,NAMAKKAL,1998,Whole Year,Castor seed,10700,3220,0.300934579
Tamil Nadu,NAMAKKAL,1998,Whole Year,Dry chillies,257,155,0.60311284
Tamil Nadu,NAMAKKAL,1998,Whole Year,Garlic,471,2485,5.276008493
Tamil Nadu,NAMAKKAL,1998,Whole Year,Onion,5445,42422,7.791000918
Tamil Nadu,NAMAKKAL,1998,Whole Year,Rapeseed &Mustard,10,3,0.3
Tamil Nadu,NAMAKKAL,1998,Whole Year,Sannhamp,171,125,0.730994152
Tamil Nadu,NAMAKKAL,1998,Whole Year,Sugarcane,9411,1505330,159.9543088
Tamil Nadu,NAMAKKAL,1998,Whole Year,Sweet potato,19,342,18
Tamil Nadu,NAMAKKAL,1998,Whole Year,Tapioca,8666,321872,37.14193399
Tamil Nadu,NAMAKKAL,1998,Whole Year,Tobacco,5,7,1.4
Tamil Nadu,NAMAKKAL,1998,Whole Year,Turmeric,1178,4378,3.716468591
Tamil Nadu,NAMAKKAL,1999,Kharif,Arhar/Tur,9927,6865,0.691548303
Tamil Nadu,NAMAKKAL,1999,Kharif,Bajra,625,1065,1.704
Tamil Nadu,NAMAKKAL,1999,Kharif,Castor seed,12084,3737,0.309251903
Tamil Nadu,NAMAKKAL,1999,Kharif,Cotton(lint),3468,7390,2.130911188
Tamil Nadu,NAMAKKAL,1999,Kharif,Groundnut,72927,127509,1.748447077
Tamil Nadu,NAMAKKAL,1999,Kharif,Horse-gram,4663,2042,0.437915505
Tamil Nadu,NAMAKKAL,1999,Kharif,Jowar,61229,61988,1.012396087
Tamil Nadu,NAMAKKAL,1999,Kharif,Korra,436,199,0.456422018
Tamil Nadu,NAMAKKAL,1999,Kharif,Maize,566,911,1.609540636
Tamil Nadu,NAMAKKAL,1999,Kharif,Moong(Green Gram),8262,6163,0.745945292
Tamil Nadu,NAMAKKAL,1999,Kharif,Ragi,1706,3248,1.903868699
Tamil Nadu,NAMAKKAL,1999,Kharif,Rice,22710,105619,4.650770586
Tamil Nadu,NAMAKKAL,1999,Kharif,Sesamum,2066,1715,0.830106486
Tamil Nadu,NAMAKKAL,1999,Kharif,Sunflower,1649,1763,1.069132808
Tamil Nadu,NAMAKKAL,1999,Kharif,Urad,14557,11427,0.78498317
Tamil Nadu,NAMAKKAL,1999,Kharif,Varagu,261,193,0.739463602
Tamil Nadu,NAMAKKAL,1999,Rabi,Gram,616,406,0.659090909
Tamil Nadu,NAMAKKAL,1999,Rabi,Rapeseed &Mustard,2,,
Tamil Nadu,NAMAKKAL,1999,Rabi,Samai,326,247,0.757668712
Tamil Nadu,NAMAKKAL,1999,Whole Year,Banana,1239,27016,21.80468119
Tamil Nadu,NAMAKKAL,1999,Whole Year,Black pepper,208,38,0.182692308
Tamil Nadu,NAMAKKAL,1999,Whole Year,Cashewnut,2,1,0.5
Tamil Nadu,NAMAKKAL,1999,Whole Year,Coriander,229,53,0.231441048
Tamil Nadu,NAMAKKAL,1999,Whole Year,Dry chillies,555,407,0.733333333
Tamil Nadu,NAMAKKAL,1999,Whole Year,Guar seed,10190,125323,12.2986261
Tamil Nadu,NAMAKKAL,1999,Whole Year,Onion,6851,49562,7.234272369
Tamil Nadu,NAMAKKAL,1999,Whole Year,Sannhamp,581,425,0.731497418
Tamil Nadu,NAMAKKAL,1999,Whole Year,Sugarcane,10190,1361516,133.6129539
Tamil Nadu,NAMAKKAL,1999,Whole Year,Tapioca,13692,544052,39.73502775
Tamil Nadu,NAMAKKAL,1999,Whole Year,Turmeric,2279,9151,4.015357613
Tamil Nadu,NAMAKKAL,2000,Kharif,Arhar/Tur,6731,4655,0.691576289
Tamil Nadu,NAMAKKAL,2000,Kharif,Bajra,558,816,1.462365591
Tamil Nadu,NAMAKKAL,2000,Kharif,Castor seed,11372,3517,0.309268378
Tamil Nadu,NAMAKKAL,2000,Kharif,Cotton(lint),3992,8366,2.095691383
Tamil Nadu,NAMAKKAL,2000,Kharif,Groundnut,49694,98441,1.980943373
Tamil Nadu,NAMAKKAL,2000,Kharif,Horse-gram,3980,2028,0.509547739
Tamil Nadu,NAMAKKAL,2000,Kharif,Jowar,63220,73596,1.164125277
Tamil Nadu,NAMAKKAL,2000,Kharif,Maize,581,935,1.60929432
Tamil Nadu,NAMAKKAL,2000,Kharif,Mesta,8,32,4
Tamil Nadu,NAMAKKAL,2000,Kharif,Moong(Green Gram),10100,7393,0.731980198
Tamil Nadu,NAMAKKAL,2000,Kharif,Other Cereals & Millets,970,644,0.663917526
Tamil Nadu,NAMAKKAL,2000,Kharif,Other Kharif pulses,3210,645,0.200934579
Tamil Nadu,NAMAKKAL,2000,Kharif,Ragi,1315,2260,1.718631179
Tamil Nadu,NAMAKKAL,2000,Kharif,Rice,21456,100757,4.695982476
Tamil Nadu,NAMAKKAL,2000,Kharif,Sesamum,1753,1454,0.829435254
Tamil Nadu,NAMAKKAL,2000,Kharif,Sunflower,506,581,1.148221344
Tamil Nadu,NAMAKKAL,2000,Kharif,Urad,10944,8591,0.784996345
Tamil Nadu,NAMAKKAL,2000,Rabi,Gram,928,612,0.659482759
Tamil Nadu,NAMAKKAL,2000,Whole Year,Banana,4746,103484,21.80446692
Tamil Nadu,NAMAKKAL,2000,Whole Year,Black pepper,169,31,0.183431953
Tamil Nadu,NAMAKKAL,2000,Whole Year,Cashewnut,1,,
Tamil Nadu,NAMAKKAL,2000,Whole Year,Coriander,140,33,0.235714286
Tamil Nadu,NAMAKKAL,2000,Whole Year,Dry chillies,646,408,0.631578947
Tamil Nadu,NAMAKKAL,2000,Whole Year,Onion,3583,25921,7.234440413
Tamil Nadu,NAMAKKAL,2000,Whole Year,Potato,47,807,17.17021277
Tamil Nadu,NAMAKKAL,2000,Whole Year,Sannhamp,656,478,0.728658537
Tamil Nadu,NAMAKKAL,2000,Whole Year,Sugarcane,10930,1460389,133.6129003
Tamil Nadu,NAMAKKAL,2000,Whole Year,Sweet potato,7,85,12.14285714
Tamil Nadu,NAMAKKAL,2000,Whole Year,Tapioca,25900,1029137,39.73501931
Tamil Nadu,NAMAKKAL,2000,Whole Year,Turmeric,2436,12774,5.243842365
Tamil Nadu,NAMAKKAL,2001,Kharif,Arhar/Tur,5917,5910,0.998816968
Tamil Nadu,NAMAKKAL,2001,Kharif,Bajra,350,490,1.4
Tamil Nadu,NAMAKKAL,2001,Kharif,Cotton(lint),3462,7450,2.151935298
Tamil Nadu,NAMAKKAL,2001,Kharif,Groundnut,61269,121710,1.986485825
Tamil Nadu,NAMAKKAL,2001,Kharif,Jowar,10020,16970,1.693612774
Tamil Nadu,NAMAKKAL,2001,Kharif,Moong(Green Gram),9549,9210,0.9644989
Tamil Nadu,NAMAKKAL,2001,Kharif,Ragi,1037,1760,1.697203472
Tamil Nadu,NAMAKKAL,2001,Kharif,Rice,21361,97610,4.569542624
Tamil Nadu,NAMAKKAL,2001,Kharif,Sesamum,1821,1850,1.015925316
Tamil Nadu,NAMAKKAL,2001,Kharif,Sunflower,526,850,1.615969582
Tamil Nadu,NAMAKKAL,2001,Kharif,Urad,8998,7680,0.853523005
Tamil Nadu,NAMAKKAL,2001,Whole Year,Sugarcane,11574,1361300,117.6170727
Tamil Nadu,NAMAKKAL,2002,Kharif,Arhar/Tur,3602,2225,0.617712382
Tamil Nadu,NAMAKKAL,2002,Kharif,Bajra,434,448,1.032258065
Tamil Nadu,NAMAKKAL,2002,Kharif,Castor seed,8127,2445,0.300849022
Tamil Nadu,NAMAKKAL,2002,Kharif,Cotton(lint),2318,4117,1.776100086
Tamil Nadu,NAMAKKAL,2002,Kharif,Groundnut,49860,55516,1.113437625
Tamil Nadu,NAMAKKAL,2002,Kharif,Horse-gram,3835,975,0.254237288
Tamil Nadu,NAMAKKAL,2002,Kharif,Jowar,22624,24115,1.065903465
Tamil Nadu,NAMAKKAL,2002,Kharif,Korra,276,127,0.460144928
Tamil Nadu,NAMAKKAL,2002,Kharif,Maize,427,796,1.864168618
Tamil Nadu,NAMAKKAL,2002,Kharif,Moong(Green Gram),9565,5301,0.55420805
Tamil Nadu,NAMAKKAL,2002,Kharif,Other Kharif pulses,5393,1083,0.200815872
Tamil Nadu,NAMAKKAL,2002,Kharif,Ragi,850,1410,1.658823529
Tamil Nadu,NAMAKKAL,2002,Kharif,Rice,9442,34968,3.703452658
Tamil Nadu,NAMAKKAL,2002,Kharif,Samai,365,264,0.723287671
Tamil Nadu,NAMAKKAL,2002,Kharif,Sesamum,482,294,0.609958506
Tamil Nadu,NAMAKKAL,2002,Kharif,Small millets,192,114,0.59375
Tamil Nadu,NAMAKKAL,2002,Kharif,Sunflower,187,238,1.272727273
Tamil Nadu,NAMAKKAL,2002,Kharif,Urad,6508,4462,0.685617701
Tamil Nadu,NAMAKKAL,2002,Kharif,Varagu,142,158,1.112676056
Tamil Nadu,NAMAKKAL,2002,Rabi,Gram,14,7,0.5
Tamil Nadu,NAMAKKAL,2002,Whole Year,Arecanut,184,,
Tamil Nadu,NAMAKKAL,2002,Whole Year,Ash Gourd,10,0,0
Tamil Nadu,NAMAKKAL,2002,Whole Year,Banana,898,33184,36.9532294
Tamil Nadu,NAMAKKAL,2002,Whole Year,Beet Root,10,0,0
Tamil Nadu,NAMAKKAL,2002,Whole Year,Bhindi,387,3014,7.788113695
Tamil Nadu,NAMAKKAL,2002,Whole Year,Bitter Gourd,15,0,0
Tamil Nadu,NAMAKKAL,2002,Whole Year,Brinjal,490,5247,10.70816327
Tamil Nadu,NAMAKKAL,2002,Whole Year,Cabbage,4,235,58.75
Tamil Nadu,NAMAKKAL,2002,Whole Year,Cashewnut,2,1,0.5
Tamil Nadu,NAMAKKAL,2002,Whole Year,Citrus Fruit,68,75,1.102941176
Tamil Nadu,NAMAKKAL,2002,Whole Year,Coconut,2174,21000,9.659613615
Tamil Nadu,NAMAKKAL,2002,Whole Year,Coriander,102,19,0.18627451
Tamil Nadu,NAMAKKAL,2002,Whole Year,Drum Stick,4,0,0
Tamil Nadu,NAMAKKAL,2002,Whole Year,Dry chillies,490,291,0.593877551
Tamil Nadu,NAMAKKAL,2002,Whole Year,Dry ginger,10,160,16
Tamil Nadu,NAMAKKAL,2002,Whole Year,Grapes,1,15,15
Tamil Nadu,NAMAKKAL,2002,Whole Year,Jack Fruit,198,2241,11.31818182
Tamil Nadu,NAMAKKAL,2002,Whole Year,Mango,1026,6148,5.992202729
Tamil Nadu,NAMAKKAL,2002,Whole Year,Onion,2048,17317,8.455566406
Tamil Nadu,NAMAKKAL,2002,Whole Year,Orange,51,79,1.549019608
Tamil Nadu,NAMAKKAL,2002,Whole Year,Other Citrus Fruit,17,0,0
Tamil Nadu,NAMAKKAL,2002,Whole Year,Other Fresh Fruits,422,0,0
Tamil Nadu,NAMAKKAL,2002,Whole Year,Other Vegetables,220,5,0.022727273
Tamil Nadu,NAMAKKAL,2002,Whole Year,Papaya,1,0,0
Tamil Nadu,NAMAKKAL,2002,Whole Year,Pineapple,1107,34394,31.06955736
Tamil Nadu,NAMAKKAL,2002,Whole Year,Pome Fruit,347,1815,5.23054755
Tamil Nadu,NAMAKKAL,2002,Whole Year,Pome Granet,65,0,0
Tamil Nadu,NAMAKKAL,2002,Whole Year,Pump Kin,24,0,0
Tamil Nadu,NAMAKKAL,2002,Whole Year,Redish,10,0,0
Tamil Nadu,NAMAKKAL,2002,Whole Year,Ribed Guard,70,0,0
Tamil Nadu,NAMAKKAL,2002,Whole Year,Sugarcane,10661,1446560,135.6870838
Tamil Nadu,NAMAKKAL,2002,Whole Year,Sweet potato,10,137,13.7
Tamil Nadu,NAMAKKAL,2002,Whole Year,Tapioca,6827,312351,45.75230702
Tamil Nadu,NAMAKKAL,2002,Whole Year,Tobacco,7,8,1.142857143
Tamil Nadu,NAMAKKAL,2002,Whole Year,Tomato,943,9694,10.27995758
Tamil Nadu,NAMAKKAL,2002,Whole Year,Turmeric,1816,6455,3.554515419
Tamil Nadu,NAMAKKAL,2003,Kharif,Arhar/Tur,1286,994,0.772939347
Tamil Nadu,NAMAKKAL,2003,Kharif,Bajra,1024,1113,1.086914063
Tamil Nadu,NAMAKKAL,2003,Kharif,Castor seed,3335,1003,0.300749625
Tamil Nadu,NAMAKKAL,2003,Kharif,Cotton(lint),2699,4556,1.688032605
Tamil Nadu,NAMAKKAL,2003,Kharif,Dry ginger,11,156,14.18181818
Tamil Nadu,NAMAKKAL,2003,Kharif,Groundnut,44499,61630,1.384974943
Tamil Nadu,NAMAKKAL,2003,Kharif,Horse-gram,2327,623,0.267726687
Tamil Nadu,NAMAKKAL,2003,Kharif,Jowar,24410,18887,0.77374027
Tamil Nadu,NAMAKKAL,2003,Kharif,Korra,204,94,0.460784314
Tamil Nadu,NAMAKKAL,2003,Kharif,Maize,626,1167,1.864217252
Tamil Nadu,NAMAKKAL,2003,Kharif,Moong(Green Gram),6900,5015,0.726811594
Tamil Nadu,NAMAKKAL,2003,Kharif,Other Kharif pulses,1205,242,0.200829876
Tamil Nadu,NAMAKKAL,2003,Kharif,Ragi,595,1096,1.842016807
Tamil Nadu,NAMAKKAL,2003,Kharif,Rice,7479,24358,3.25685252
Tamil Nadu,NAMAKKAL,2003,Kharif,Sesamum,532,326,0.612781955
Tamil Nadu,NAMAKKAL,2003,Kharif,Small millets,463,235,0.507559395
Tamil Nadu,NAMAKKAL,2003,Kharif,Sunflower,435,312,0.717241379
Tamil Nadu,NAMAKKAL,2003,Kharif,Urad,2483,1122,0.451872735
Tamil Nadu,NAMAKKAL,2003,Rabi,Gram,80,37,0.4625
Tamil Nadu,NAMAKKAL,2003,Whole Year,Arecanut,188,,
Tamil Nadu,NAMAKKAL,2003,Whole Year,Ash Gourd,6,0,0
Tamil Nadu,NAMAKKAL,2003,Whole Year,Banana,1523,53876,35.37491793
Tamil Nadu,NAMAKKAL,2003,Whole Year,Bhindi,476,3639,7.644957983
Tamil Nadu,NAMAKKAL,2003,Whole Year,Black pepper,581,107,0.184165232
Tamil Nadu,NAMAKKAL,2003,Whole Year,Bottle Gourd,5,0,0
Tamil Nadu,NAMAKKAL,2003,Whole Year,Brinjal,430,4389,10.20697674
Tamil Nadu,NAMAKKAL,2003,Whole Year,Cardamom,28,2,0.071428571
Tamil Nadu,NAMAKKAL,2003,Whole Year,Citrus Fruit,58,61,1.051724138
Tamil Nadu,NAMAKKAL,2003,Whole Year,Coconut,3715,36400,9.798115747
Tamil Nadu,NAMAKKAL,2003,Whole Year,Coriander,81,24,0.296296296
Tamil Nadu,NAMAKKAL,2003,Whole Year,Cucumber,4,0,0
Tamil Nadu,NAMAKKAL,2003,Whole Year,Drum Stick,9,0,0
Tamil Nadu,NAMAKKAL,2003,Whole Year,Dry chillies,370,197,0.532432432
Tamil Nadu,NAMAKKAL,2003,Whole Year,Garlic,59,269,4.559322034
Tamil Nadu,NAMAKKAL,2003,Whole Year,Grapes,3,72,24
Tamil Nadu,NAMAKKAL,2003,Whole Year,Jack Fruit,265,2560,9.660377358
Tamil Nadu,NAMAKKAL,2003,Whole Year,Lab-Lab,17,0,0
Tamil Nadu,NAMAKKAL,2003,Whole Year,Mango,965,4009,4.154404145
Tamil Nadu,NAMAKKAL,2003,Whole Year,Onion,2553,28593,11.19976498
Tamil Nadu,NAMAKKAL,2003,Whole Year,Orange,107,210,1.962616822
Tamil Nadu,NAMAKKAL,2003,Whole Year,Other Citrus Fruit,115,0,0
Tamil Nadu,NAMAKKAL,2003,Whole Year,Other Fresh Fruits,510,0,0
Tamil Nadu,NAMAKKAL,2003,Whole Year,Other Vegetables,124,0,0
Tamil Nadu,NAMAKKAL,2003,Whole Year,Pineapple,657,21089,32.09893455
Tamil Nadu,NAMAKKAL,2003,Whole Year,Pome Fruit,305,2141,7.019672131
Tamil Nadu,NAMAKKAL,2003,Whole Year,Pome Granet,13,0,0
Tamil Nadu,NAMAKKAL,2003,Whole Year,Redish,65,0,0
Tamil Nadu,NAMAKKAL,2003,Whole Year,Ribed Guard,69,0,0
Tamil Nadu,NAMAKKAL,2003,Whole Year,Snak Guard,76,0,0
Tamil Nadu,NAMAKKAL,2003,Whole Year,Sugarcane,10628,1337109,125.8100301
Tamil Nadu,NAMAKKAL,2003,Whole Year,Tapioca,17511,798839,45.61926789
Tamil Nadu,NAMAKKAL,2003,Whole Year,Tomato,774,6901,8.916020672
Tamil Nadu,NAMAKKAL,2003,Whole Year,Turmeric,1161,5105,4.39707149
Tamil Nadu,NAMAKKAL,2003,Whole Year,Yam,2,0,0
Tamil Nadu,NAMAKKAL,2004,Kharif,Arhar/Tur,1307,1066,0.815608263
Tamil Nadu,NAMAKKAL,2004,Kharif,Bajra,345,412,1.194202899
Tamil Nadu,NAMAKKAL,2004,Kharif,Castor seed,2910,875,0.300687285
Tamil Nadu,NAMAKKAL,2004,Kharif,Cotton(lint),3488,5486,1.572821101
Tamil Nadu,NAMAKKAL,2004,Kharif,Groundnut,48111,51156,1.063291139
Tamil Nadu,NAMAKKAL,2004,Kharif,Horse-gram,2102,874,0.415794481
Tamil Nadu,NAMAKKAL,2004,Kharif,Jowar,24633,18403,0.747087241
Tamil Nadu,NAMAKKAL,2004,Kharif,Maize,1975,3682,1.864303797
Tamil Nadu,NAMAKKAL,2004,Kharif,Moong(Green Gram),8565,4485,0.523642732
Tamil Nadu,NAMAKKAL,2004,Kharif,Other Kharif pulses,2010,403,0.200497512
Tamil Nadu,NAMAKKAL,2004,Kharif,Ragi,132,247,1.871212121
Tamil Nadu,NAMAKKAL,2004,Kharif,Rice,9042,28793,3.184361867
Tamil Nadu,NAMAKKAL,2004,Kharif,Sesamum,667,422,0.632683658
Tamil Nadu,NAMAKKAL,2004,Kharif,Small millets,373,250,0.670241287
Tamil Nadu,NAMAKKAL,2004,Kharif,Sunflower,370,434,1.172972973
Tamil Nadu,NAMAKKAL,2004,Kharif,Urad,3518,2468,0.701534963
Tamil Nadu,NAMAKKAL,2004,Rabi,Gram,16,7,0.4375
Tamil Nadu,NAMAKKAL,2004,Whole Year,Arecanut,188,240,1.276595745
Tamil Nadu,NAMAKKAL,2004,Whole Year,Banana,902,38314,42.4767184
Tamil Nadu,NAMAKKAL,2004,Whole Year,Cardamom,30,2,0.066666667
Tamil Nadu,NAMAKKAL,2004,Whole Year,Coconut,3841,44700,11.63759438
Tamil Nadu,NAMAKKAL,2004,Whole Year,Coriander,32,14,0.4375
Tamil Nadu,NAMAKKAL,2004,Whole Year,Dry chillies,206,137,0.665048544
Tamil Nadu,NAMAKKAL,2004,Whole Year,Onion,2789,28026,10.048763
Tamil Nadu,NAMAKKAL,2004,Whole Year,Sugarcane,9476,1306920,137.9189531
Tamil Nadu,NAMAKKAL,2004,Whole Year,Sweet potato,4,60,15
Tamil Nadu,NAMAKKAL,2004,Whole Year,Tapioca,18068,827090,45.77651096
Tamil Nadu,NAMAKKAL,2004,Whole Year,Turmeric,1399,7070,5.053609721
Tamil Nadu,NAMAKKAL,2005,Kharif,Arhar/Tur,832,705,0.847355769
Tamil Nadu,NAMAKKAL,2005,Kharif,Bajra,389,543,1.395886889
Tamil Nadu,NAMAKKAL,2005,Kharif,Castor seed,3181,957,0.30084879
Tamil Nadu,NAMAKKAL,2005,Kharif,Cotton(lint),3140,7789,2.480573248
Tamil Nadu,NAMAKKAL,2005,Kharif,Groundnut,47639,75304,1.580721678
Tamil Nadu,NAMAKKAL,2005,Kharif,Horse-gram,709,440,0.620592384
Tamil Nadu,NAMAKKAL,2005,Kharif,Jowar,29907,28940,0.967666433
Tamil Nadu,NAMAKKAL,2005,Kharif,Maize,2239,,
Tamil Nadu,NAMAKKAL,2005,Kharif,Moong(Green Gram),4268,3023,0.708294283
Tamil Nadu,NAMAKKAL,2005,Kharif,Niger seed,2,,
Tamil Nadu,NAMAKKAL,2005,Kharif,Other Kharif pulses,383,556,1.451697128
Tamil Nadu,NAMAKKAL,2005,Kharif,Ragi,260,782,3.007692308
Tamil Nadu,NAMAKKAL,2005,Kharif,Rice,18833,68849,3.655763819
Tamil Nadu,NAMAKKAL,2005,Kharif,Sesamum,538,318,0.591078067
Tamil Nadu,NAMAKKAL,2005,Kharif,Small millets,415,277,0.66746988
Tamil Nadu,NAMAKKAL,2005,Kharif,Sunflower,555,1282,2.30990991
Tamil Nadu,NAMAKKAL,2005,Kharif,Urad,846,618,0.730496454
Tamil Nadu,NAMAKKAL,2005,Rabi,Rapeseed &Mustard,19,5,0.263157895
Tamil Nadu,NAMAKKAL,2005,Whole Year,Arecanut,140,237,1.692857143
Tamil Nadu,NAMAKKAL,2005,Whole Year,Banana,2005,98454,49.1042394
Tamil Nadu,NAMAKKAL,2005,Whole Year,Black pepper,79,15,0.189873418
Tamil Nadu,NAMAKKAL,2005,Whole Year,Cardamom,15,1,0.066666667
Tamil Nadu,NAMAKKAL,2005,Whole Year,Cashewnut,4,2,0.5
Tamil Nadu,NAMAKKAL,2005,Whole Year,Coconut,5119,832,0.162531744
Tamil Nadu,NAMAKKAL,2005,Whole Year,Coriander,26,8,0.307692308
Tamil Nadu,NAMAKKAL,2005,Whole Year,Dry chillies,180,117,0.65
Tamil Nadu,NAMAKKAL,2005,Whole Year,Onion,2709,31875,11.76633444
Tamil Nadu,NAMAKKAL,2005,Whole Year,Sugarcane,13278,1844553,138.9179846
Tamil Nadu,NAMAKKAL,2005,Whole Year,Sweet potato,330,6883,20.85757576
Tamil Nadu,NAMAKKAL,2005,Whole Year,Tapioca,22325,1076497,48.2193505
Tamil Nadu,NAMAKKAL,2005,Whole Year,Turmeric,2115,12943,6.119621749
Tamil Nadu,NAMAKKAL,2006,Kharif,Rice,15222,57678,3.789121009
Tamil Nadu,NAMAKKAL,2006,Kharif,Small millets,715,315,0.440559441
Tamil Nadu,NAMAKKAL,2006,Rabi,Wheat,49,,
Tamil Nadu,NAMAKKAL,2006,Whole Year,Arecanut,256,462,1.8046875
Tamil Nadu,NAMAKKAL,2006,Whole Year,Arhar/Tur,607,745,1.227347611
Tamil Nadu,NAMAKKAL,2006,Whole Year,Bajra,541,865,1.598890943
Tamil Nadu,NAMAKKAL,2006,Whole Year,Banana,2432,130317,53.58429276
Tamil Nadu,NAMAKKAL,2006,Whole Year,Black pepper,33,6,0.181818182
Tamil Nadu,NAMAKKAL,2006,Whole Year,Cardamom,30,2,0.066666667
Tamil Nadu,NAMAKKAL,2006,Whole Year,Cashewnut,1,1,1
Tamil Nadu,NAMAKKAL,2006,Whole Year,Castor seed,1672,503,0.300837321
Tamil Nadu,NAMAKKAL,2006,Whole Year,Coconut,5108,660,0.129209084
Tamil Nadu,NAMAKKAL,2006,Whole Year,Coriander,14,4,0.285714286
Tamil Nadu,NAMAKKAL,2006,Whole Year,Cotton(lint),3162,10016,3.167615433
Tamil Nadu,NAMAKKAL,2006,Whole Year,Dry chillies,330,229,0.693939394
Tamil Nadu,NAMAKKAL,2006,Whole Year,Dry ginger,32,596,18.625
Tamil Nadu,NAMAKKAL,2006,Whole Year,Garlic,1,2,2
Tamil Nadu,NAMAKKAL,2006,Whole Year,Gram,65,30,0.461538462
Tamil Nadu,NAMAKKAL,2006,Whole Year,Groundnut,42195,73063,1.731555872
Tamil Nadu,NAMAKKAL,2006,Whole Year,Horse-gram,547,488,0.89213894
Tamil Nadu,NAMAKKAL,2006,Whole Year,Jowar,16408,16843,1.026511458
Tamil Nadu,NAMAKKAL,2006,Whole Year,Maize,2764,14053,5.084298119
Tamil Nadu,NAMAKKAL,2006,Whole Year,Moong(Green Gram),2192,1776,0.810218978
Tamil Nadu,NAMAKKAL,2006,Whole Year,Onion,2296,23967,10.43858885
Tamil Nadu,NAMAKKAL,2006,Whole Year,Potato,146,2179,14.92465753
Tamil Nadu,NAMAKKAL,2006,Whole Year,Ragi,193,493,2.554404145
Tamil Nadu,NAMAKKAL,2006,Whole Year,Rapeseed &Mustard,19,5,0.263157895
Tamil Nadu,NAMAKKAL,2006,Whole Year,Sesamum,271,191,0.704797048
Tamil Nadu,NAMAKKAL,2006,Whole Year,Sugarcane,21058,3967643,188.4149967
Tamil Nadu,NAMAKKAL,2006,Whole Year,Sunflower,558,1020,1.827956989
Tamil Nadu,NAMAKKAL,2006,Whole Year,Sweet potato,60,1008,16.8
Tamil Nadu,NAMAKKAL,2006,Whole Year,Tapioca,25520,1236457,48.4505094
Tamil Nadu,NAMAKKAL,2006,Whole Year,Turmeric,2120,9411,4.439150943
Tamil Nadu,NAMAKKAL,2006,Whole Year,Urad,806,675,0.837468983
Tamil Nadu,NAMAKKAL,2007,Kharif,Rice,12205,45300,3.711593609
Tamil Nadu,NAMAKKAL,2007,Kharif,Small millets,447,383,0.856823266
Tamil Nadu,NAMAKKAL,2007,Whole Year,Arecanut,268,894,3.335820896
Tamil Nadu,NAMAKKAL,2007,Whole Year,Arhar/Tur,334,281,0.841317365
Tamil Nadu,NAMAKKAL,2007,Whole Year,Bajra,210,358,1.704761905
Tamil Nadu,NAMAKKAL,2007,Whole Year,Banana,2522,120402,47.740682
Tamil Nadu,NAMAKKAL,2007,Whole Year,Black pepper,144,26,0.180555556
Tamil Nadu,NAMAKKAL,2007,Whole Year,Cardamom,21,1,0.047619048
Tamil Nadu,NAMAKKAL,2007,Whole Year,Castor seed,1762,530,0.300794552
Tamil Nadu,NAMAKKAL,2007,Whole Year,Coconut,5434,990,0.182186235
Tamil Nadu,NAMAKKAL,2007,Whole Year,Coriander,3,1,0.333333333
Tamil Nadu,NAMAKKAL,2007,Whole Year,Cotton(lint),3058,8831,2.887835186
Tamil Nadu,NAMAKKAL,2007,Whole Year,Dry chillies,200,101,0.505
Tamil Nadu,NAMAKKAL,2007,Whole Year,Gram,5,2,0.4
Tamil Nadu,NAMAKKAL,2007,Whole Year,Groundnut,34324,56984,1.660179466
Tamil Nadu,NAMAKKAL,2007,Whole Year,Horse-gram,467,381,0.815845824
Tamil Nadu,NAMAKKAL,2007,Whole Year,Jowar,15738,13051,0.829266743
Tamil Nadu,NAMAKKAL,2007,Whole Year,Maize,4377,24088,5.503312771
Tamil Nadu,NAMAKKAL,2007,Whole Year,Moong(Green Gram),2098,1573,0.749761678
Tamil Nadu,NAMAKKAL,2007,Whole Year,Onion,2061,23596,11.44881126
Tamil Nadu,NAMAKKAL,2007,Whole Year,Ragi,277,660,2.38267148
Tamil Nadu,NAMAKKAL,2007,Whole Year,Rapeseed &Mustard,16,4,0.25
Tamil Nadu,NAMAKKAL,2007,Whole Year,Sesamum,401,245,0.610972569
Tamil Nadu,NAMAKKAL,2007,Whole Year,Small millets,447,383,0.856823266
Tamil Nadu,NAMAKKAL,2007,Whole Year,Sugarcane,19450,2457760,126.362982
Tamil Nadu,NAMAKKAL,2007,Whole Year,Sunflower,1281,2036,1.589383294
Tamil Nadu,NAMAKKAL,2007,Whole Year,Sweet potato,51,688,13.49019608
Tamil Nadu,NAMAKKAL,2007,Whole Year,Tapioca,28445,1210020,42.53893479
Tamil Nadu,NAMAKKAL,2007,Whole Year,Turmeric,2019,11743,5.816245666
Tamil Nadu,NAMAKKAL,2007,Whole Year,Urad,180,157,0.872222222
Tamil Nadu,NAMAKKAL,2008,Kharif,Rice,13909,67301,4.838665612
Tamil Nadu,NAMAKKAL,2008,Kharif,Small millets,339,268,0.790560472
Tamil Nadu,NAMAKKAL,2008,Whole Year,Arecanut,321,586,1.825545171
Tamil Nadu,NAMAKKAL,2008,Whole Year,Arhar/Tur,289,337,1.166089965
Tamil Nadu,NAMAKKAL,2008,Whole Year,Bajra,119,242,2.033613445
Tamil Nadu,NAMAKKAL,2008,Whole Year,Banana,2705,120244,44.45249538
Tamil Nadu,NAMAKKAL,2008,Whole Year,Black pepper,193,36,0.186528497
Tamil Nadu,NAMAKKAL,2008,Whole Year,Cardamom,23,2,0.086956522
Tamil Nadu,NAMAKKAL,2008,Whole Year,Castor seed,1464,441,0.301229508
Tamil Nadu,NAMAKKAL,2008,Whole Year,Coconut,6082,940000,154.5544229
Tamil Nadu,NAMAKKAL,2008,Whole Year,Coriander,1,,
Tamil Nadu,NAMAKKAL,2008,Whole Year,Cotton(lint),3090,9434,3.053074434
Tamil Nadu,NAMAKKAL,2008,Whole Year,Dry chillies,173,87,0.502890173
Tamil Nadu,NAMAKKAL,2008,Whole Year,Gram,29,14,0.482758621
Tamil Nadu,NAMAKKAL,2008,Whole Year,Groundnut,31188,59329,1.902302168
Tamil Nadu,NAMAKKAL,2008,Whole Year,Horse-gram,681,320,0.46989721
Tamil Nadu,NAMAKKAL,2008,Whole Year,Jowar,17385,11456,0.658958873
Tamil Nadu,NAMAKKAL,2008,Whole Year,Maize,7937,43589,5.491873504
Tamil Nadu,NAMAKKAL,2008,Whole Year,Moong(Green Gram),1835,1444,0.786920981
Tamil Nadu,NAMAKKAL,2008,Whole Year,Onion,2292,25077,10.94109948
Tamil Nadu,NAMAKKAL,2008,Whole Year,Ragi,216,382,1.768518519
Tamil Nadu,NAMAKKAL,2008,Whole Year,Rapeseed &Mustard,41,10,0.243902439
Tamil Nadu,NAMAKKAL,2008,Whole Year,Sesamum,571,397,0.695271454
Tamil Nadu,NAMAKKAL,2008,Whole Year,Small millets,339,268,0.790560472
Tamil Nadu,NAMAKKAL,2008,Whole Year,Sugarcane,18959,2356130,124.2750145
Tamil Nadu,NAMAKKAL,2008,Whole Year,Sunflower,858,1706,1.988344988
Tamil Nadu,NAMAKKAL,2008,Whole Year,Sweet potato,7,129,18.42857143
Tamil Nadu,NAMAKKAL,2008,Whole Year,Tapioca,28312,1237518,43.71001695
Tamil Nadu,NAMAKKAL,2008,Whole Year,Turmeric,2149,16201,7.538855282
Tamil Nadu,NAMAKKAL,2008,Whole Year,Urad,300,94,0.313333333
Tamil Nadu,NAMAKKAL,2009,Kharif,Rice,10687,45946,4.29924207
Tamil Nadu,NAMAKKAL,2009,Kharif,Small millets,296,246,0.831081081
Tamil Nadu,NAMAKKAL,2009,Whole Year,Arecanut,337,619,1.836795252
Tamil Nadu,NAMAKKAL,2009,Whole Year,Arhar/Tur,382,362,0.947643979
Tamil Nadu,NAMAKKAL,2009,Whole Year,Bajra,268,440,1.641791045
Tamil Nadu,NAMAKKAL,2009,Whole Year,Banana,2610,112220,42.99616858
Tamil Nadu,NAMAKKAL,2009,Whole Year,Black pepper,292,54,0.184931507
Tamil Nadu,NAMAKKAL,2009,Whole Year,Cardamom,15,1,0.066666667
Tamil Nadu,NAMAKKAL,2009,Whole Year,Castor seed,1674,504,0.301075269
Tamil Nadu,NAMAKKAL,2009,Whole Year,Coconut,6623,109800,16.57858976
Tamil Nadu,NAMAKKAL,2009,Whole Year,Coriander,26,10,0.384615385
Tamil Nadu,NAMAKKAL,2009,Whole Year,Cotton(lint),2816,8372,2.973011364
Tamil Nadu,NAMAKKAL,2009,Whole Year,Dry chillies,219,117,0.534246575
Tamil Nadu,NAMAKKAL,2009,Whole Year,Gram,75,35,0.466666667
Tamil Nadu,NAMAKKAL,2009,Whole Year,Groundnut,29550,46377,1.569441624
Tamil Nadu,NAMAKKAL,2009,Whole Year,Horse-gram,330,152,0.460606061
Tamil Nadu,NAMAKKAL,2009,Whole Year,Jowar,9754,8459,0.867233955
Tamil Nadu,NAMAKKAL,2009,Whole Year,Maize,5323,27470,5.160623708
Tamil Nadu,NAMAKKAL,2009,Whole Year,Moong(Green Gram),2926,1581,0.540328093
Tamil Nadu,NAMAKKAL,2009,Whole Year,Onion,2088,26733,12.80316092
Tamil Nadu,NAMAKKAL,2009,Whole Year,Ragi,245,442,1.804081633
Tamil Nadu,NAMAKKAL,2009,Whole Year,Rapeseed &Mustard,7,2,0.285714286
Tamil Nadu,NAMAKKAL,2009,Whole Year,Sesamum,563,295,0.523978686
Tamil Nadu,NAMAKKAL,2009,Whole Year,Sugarcane,19050,2571979,135.012021
Tamil Nadu,NAMAKKAL,2009,Whole Year,Sunflower,615,1088,1.769105691
Tamil Nadu,NAMAKKAL,2009,Whole Year,Tapioca,26856,1007100,37.5
Tamil Nadu,NAMAKKAL,2009,Whole Year,Tobacco,3,3,1
Tamil Nadu,NAMAKKAL,2009,Whole Year,Turmeric,2240,13925,6.216517857
Tamil Nadu,NAMAKKAL,2009,Whole Year,Urad,660,251,0.38030303
Tamil Nadu,NAMAKKAL,2010,Kharif,Arhar/Tur,889,1035,1.164229471
Tamil Nadu,NAMAKKAL,2010,Kharif,Castor seed,2438,542,0.222313372
Tamil Nadu,NAMAKKAL,2010,Kharif,Cotton(lint),2188,7930,3.624314442
Tamil Nadu,NAMAKKAL,2010,Kharif,Groundnut,32639,76371,2.339869481
Tamil Nadu,NAMAKKAL,2010,Kharif,Horse-gram,739,335,0.453315291
Tamil Nadu,NAMAKKAL,2010,Kharif,Maize,9097,65298,7.17797076
Tamil Nadu,NAMAKKAL,2010,Kharif,Moong(Green Gram),6941,2822,0.406569659
Tamil Nadu,NAMAKKAL,2010,Kharif,Ragi,274,573,2.091240876
Tamil Nadu,NAMAKKAL,2010,Kharif,Rice,14058,53956,3.838099303
Tamil Nadu,NAMAKKAL,2010,Kharif,Sunflower,63,102,1.619047619
Tamil Nadu,NAMAKKAL,2010,Kharif,Urad,1692,753,0.445035461
Tamil Nadu,NAMAKKAL,2010,Rabi,Gram,66,31,0.46969697
Tamil Nadu,NAMAKKAL,2010,Whole Year,Sugarcane,18445,2393368,129.7570073
Tamil Nadu,NAMAKKAL,2011,Kharif,Bajra,39,86,2.205128205
Tamil Nadu,NAMAKKAL,2011,Kharif,Cotton(lint),1293,5802,4.487238979
Tamil Nadu,NAMAKKAL,2011,Kharif,Groundnut,19314,40408,2.092161127
Tamil Nadu,NAMAKKAL,2011,Kharif,Jowar,6563,4306,0.656102392
Tamil Nadu,NAMAKKAL,2011,Kharif,Maize,3474,19739,5.681922855
Tamil Nadu,NAMAKKAL,2011,Kharif,Ragi,190,501,2.636842105
Tamil Nadu,NAMAKKAL,2011,Kharif,Rice,8129,35747,4.397465863
Tamil Nadu,NAMAKKAL,2011,Rabi,Bajra,12,35,2.916666667
Tamil Nadu,NAMAKKAL,2011,Rabi,Cotton(lint),1605,6002,3.739563863
Tamil Nadu,NAMAKKAL,2011,Rabi,Groundnut,7224,24280,3.361018826
Tamil Nadu,NAMAKKAL,2011,Rabi,Jowar,3354,4170,1.243291592
Tamil Nadu,NAMAKKAL,2011,Rabi,Maize,3181,21152,6.649481295
Tamil Nadu,NAMAKKAL,2011,Rabi,Ragi,1,3,3
Tamil Nadu,NAMAKKAL,2011,Rabi,Rapeseed &Mustard,9,2,0.222222222
Tamil Nadu,NAMAKKAL,2011,Whole Year,Arecanut,521,1892,3.631477927
Tamil Nadu,NAMAKKAL,2011,Whole Year,Arhar/Tur,481,418,0.869022869
Tamil Nadu,NAMAKKAL,2011,Whole Year,Banana,2928,127938,43.69467213
Tamil Nadu,NAMAKKAL,2011,Whole Year,Black pepper,621,114,0.183574879
Tamil Nadu,NAMAKKAL,2011,Whole Year,Cardamom,22,2,0.090909091
Tamil Nadu,NAMAKKAL,2011,Whole Year,Cashewnut,18,5,0.277777778
Tamil Nadu,NAMAKKAL,2011,Whole Year,Castor seed,1790,734,0.410055866
Tamil Nadu,NAMAKKAL,2011,Whole Year,Coconut,7466,113900000,15255.82641
Tamil Nadu,NAMAKKAL,2011,Whole Year,Coriander,20,9,0.45
Tamil Nadu,NAMAKKAL,2011,Whole Year,Dry chillies,147,64,0.43537415
Tamil Nadu,NAMAKKAL,2011,Whole Year,Dry ginger,186,2054,11.04301075
Tamil Nadu,NAMAKKAL,2011,Whole Year,Garlic,1,1,1
Tamil Nadu,NAMAKKAL,2011,Whole Year,Gram,49,32,0.653061224
Tamil Nadu,NAMAKKAL,2011,Whole Year,Horse-gram,710,383,0.53943662
Tamil Nadu,NAMAKKAL,2011,Whole Year,Moong(Green Gram),4511,2907,0.64442474
Tamil Nadu,NAMAKKAL,2011,Whole Year,Onion,2573,30438,11.8297707
Tamil Nadu,NAMAKKAL,2011,Whole Year,Potato,1,18,18
Tamil Nadu,NAMAKKAL,2011,Whole Year,Small millets,277,305,1.101083032
Tamil Nadu,NAMAKKAL,2011,Whole Year,Sugarcane,19733,2678224,135.7231034
Tamil Nadu,NAMAKKAL,2011,Whole Year,Sunflower,444,934,2.103603604
Tamil Nadu,NAMAKKAL,2011,Whole Year,Sweet potato,29,594,20.48275862
Tamil Nadu,NAMAKKAL,2011,Whole Year,Tapioca,27037,981818,36.31386618
Tamil Nadu,NAMAKKAL,2011,Whole Year,Turmeric,5724,49593,8.664046122
Tamil Nadu,NAMAKKAL,2011,Whole Year,Urad,643,467,0.726283048
Tamil Nadu,NAMAKKAL,2012,Kharif,Arhar/Tur,1580,411,0.260126582
Tamil Nadu,NAMAKKAL,2012,Kharif,Castor seed,4228,724.81,0.171430937
Tamil Nadu,NAMAKKAL,2012,Kharif,Cotton(lint),2735,5318,1.944424132
Tamil Nadu,NAMAKKAL,2012,Kharif,Groundnut,28686,39156,1.364986405
Tamil Nadu,NAMAKKAL,2012,Kharif,Horse-gram,961,385,0.40062435
Tamil Nadu,NAMAKKAL,2012,Kharif,Maize,8451,35427,4.192048278
Tamil Nadu,NAMAKKAL,2012,Kharif,Moong(Green Gram),7848,559,0.071228338
Tamil Nadu,NAMAKKAL,2012,Kharif,Ragi,104,219,2.105769231
Tamil Nadu,NAMAKKAL,2012,Kharif,Rice,5545,20254,3.652660054
Tamil Nadu,NAMAKKAL,2012,Kharif,Sunflower,292,351,1.202054795
Tamil Nadu,NAMAKKAL,2012,Kharif,Urad,958,474,0.494780793
Tamil Nadu,NAMAKKAL,2012,Rabi,Gram,54,25,0.462962963
Tamil Nadu,NAMAKKAL,2012,Whole Year,Sugarcane,20299,1607629,79.19744815
Tamil Nadu,NAMAKKAL,2013,Kharif,Bajra,233,532,2.283261803
Tamil Nadu,NAMAKKAL,2013,Kharif,Castor seed,2427,667,0.274824887
Tamil Nadu,NAMAKKAL,2013,Kharif,Cotton(lint),1306,5637,4.316232772
Tamil Nadu,NAMAKKAL,2013,Kharif,Groundnut,20802,39067,1.878040573
Tamil Nadu,NAMAKKAL,2013,Kharif,Horse-gram,737,470,0.637720488
Tamil Nadu,NAMAKKAL,2013,Kharif,Jowar,56498,64905,1.148801727
Tamil Nadu,NAMAKKAL,2013,Kharif,Maize,4715,39255,8.325556734
Tamil Nadu,NAMAKKAL,2013,Kharif,Moong(Green Gram),4664,671,0.143867925
Tamil Nadu,NAMAKKAL,2013,Kharif,Onion,743,10130,13.63391655
Tamil Nadu,NAMAKKAL,2013,Kharif,Ragi,80,219,2.7375
Tamil Nadu,NAMAKKAL,2013,Kharif,Rice,9180,50983,5.553703704
Tamil Nadu,NAMAKKAL,2013,Kharif,Sunflower,32,58,1.8125
Tamil Nadu,NAMAKKAL,2013,Kharif,Urad,1548,1301,0.840439276
Tamil Nadu,NAMAKKAL,2013,Rabi,Bajra,159,318,2
Tamil Nadu,NAMAKKAL,2013,Rabi,Cotton(lint),602,1808,3.003322259
Tamil Nadu,NAMAKKAL,2013,Rabi,Groundnut,4627,14586,3.152366544
Tamil Nadu,NAMAKKAL,2013,Rabi,Horse-gram,485,312,0.643298969
Tamil Nadu,NAMAKKAL,2013,Rabi,Jowar,32252,99516,3.085576088
Tamil Nadu,NAMAKKAL,2013,Rabi,Maize,5314,45483,8.559089198
Tamil Nadu,NAMAKKAL,2013,Rabi,Moong(Green Gram),1239,763,0.615819209
Tamil Nadu,NAMAKKAL,2013,Rabi,Onion,1276,13502,10.5815047
Tamil Nadu,NAMAKKAL,2013,Rabi,Ragi,101,401,3.97029703
Tamil Nadu,NAMAKKAL,2013,Rabi,Rapeseed &Mustard,5,1,0.2
Tamil Nadu,NAMAKKAL,2013,Rabi,Sunflower,24,104,4.333333333
Tamil Nadu,NAMAKKAL,2013,Rabi,Urad,1536,1311,0.853515625
Tamil Nadu,NAMAKKAL,2013,Whole Year,Arecanut,626,25,0.039936102
Tamil Nadu,NAMAKKAL,2013,Whole Year,Arhar/Tur,3558,3167,0.890106802
Tamil Nadu,NAMAKKAL,2013,Whole Year,Banana,1716,52243,30.44463869
Tamil Nadu,NAMAKKAL,2013,Whole Year,Black pepper,635,117,0.184251969
Tamil Nadu,NAMAKKAL,2013,Whole Year,Cardamom,15,1,0.066666667
Tamil Nadu,NAMAKKAL,2013,Whole Year,Cashewnut,4,1,0.25
Tamil Nadu,NAMAKKAL,2013,Whole Year,Coconut,7793,67600000,8674.451431
Tamil Nadu,NAMAKKAL,2013,Whole Year,Coriander,33,11,0.333333333
Tamil Nadu,NAMAKKAL,2013,Whole Year,Dry chillies,141,38,0.269503546
Tamil Nadu,NAMAKKAL,2013,Whole Year,Garlic,7,3,0.428571429
Tamil Nadu,NAMAKKAL,2013,Whole Year,Gram,220,144,0.654545455
Tamil Nadu,NAMAKKAL,2013,Whole Year,Small millets,213,221,1.037558685
Tamil Nadu,NAMAKKAL,2013,Whole Year,Sugarcane,16544,1965911,118.8292432
Tamil Nadu,NAMAKKAL,2013,Whole Year,Sweet potato,26,549,21.11538462
Tamil Nadu,NAMAKKAL,2013,Whole Year,Tapioca,16872,586088,34.73731626
Tamil Nadu,NAMAKKAL,2013,Whole Year,Turmeric,2054,11786,5.738072055
Tamil Nadu,PERAMBALUR,1997,Kharif,Banana,372,13261,35.64784946
Tamil Nadu,PERAMBALUR,1997,Kharif,Horse-gram,18,10,0.555555556
Tamil Nadu,PERAMBALUR,1997,Kharif,Onion,3431,27459,8.003206062
Tamil Nadu,PERAMBALUR,1997,Kharif,Sesamum,7313,3000,0.41022836
Tamil Nadu,PERAMBALUR,1997,Kharif,Small millets,4434,6170,1.391520072
Tamil Nadu,PERAMBALUR,1997,Whole Year,Arhar/Tur,2257,1480,0.655737705
Tamil Nadu,PERAMBALUR,1997,Whole Year,Bajra,4127,4310,1.044342137
Tamil Nadu,PERAMBALUR,1997,Whole Year,Banana,260,16480,63.38461538
Tamil Nadu,PERAMBALUR,1997,Whole Year,Cashewnut,27542,4630,0.168106891
Tamil Nadu,PERAMBALUR,1997,Whole Year,Castor seed,372,130,0.349462366
Tamil Nadu,PERAMBALUR,1997,Whole Year,Coriander,9046,2080,0.229935883
Tamil Nadu,PERAMBALUR,1997,Whole Year,Cotton(lint),24956,34970,1.401266229
Tamil Nadu,PERAMBALUR,1997,Whole Year,Dry chillies,4845,3190,0.658410733
Tamil Nadu,PERAMBALUR,1997,Whole Year,Gram,11,10,0.909090909
Tamil Nadu,PERAMBALUR,1997,Whole Year,Groundnut,42327,56430,1.33319158
Tamil Nadu,PERAMBALUR,1997,Whole Year,Jowar,27746,46740,1.684567145
Tamil Nadu,PERAMBALUR,1997,Whole Year,Maize,351,420,1.196581197
Tamil Nadu,PERAMBALUR,1997,Whole Year,Moong(Green Gram),351,130,0.37037037
Tamil Nadu,PERAMBALUR,1997,Whole Year,Pulses total,3572,2040,0.571108623
Tamil Nadu,PERAMBALUR,1997,Whole Year,Ragi,139,280,2.014388489
Tamil Nadu,PERAMBALUR,1997,Whole Year,Rice,49849,152820,3.065658288
Tamil Nadu,PERAMBALUR,1997,Whole Year,Sugarcane,11508,10448000,907.8901634
Tamil Nadu,PERAMBALUR,1997,Whole Year,Sunflower,161,140,0.869565217
Tamil Nadu,PERAMBALUR,1997,Whole Year,Sweet potato,17,310,18.23529412
Tamil Nadu,PERAMBALUR,1997,Whole Year,Tapioca,2571,110300,42.90159471
Tamil Nadu,PERAMBALUR,1997,Whole Year,Total foodgrain,90218,212780,2.358509388
Tamil Nadu,PERAMBALUR,1997,Whole Year,Turmeric,143,1160,8.111888112
Tamil Nadu,PERAMBALUR,1997,Whole Year,Urad,827,390,0.471584039
Tamil Nadu,PERAMBALUR,1998,Kharif,Arhar/Tur,2248,978,0.435053381
Tamil Nadu,PERAMBALUR,1998,Kharif,Bajra,6542,7501,1.146591256
Tamil Nadu,PERAMBALUR,1998,Kharif,Cotton(lint),21782,39429,1.810164356
Tamil Nadu,PERAMBALUR,1998,Kharif,Groundnut,47494,76961,1.620436266
Tamil Nadu,PERAMBALUR,1998,Kharif,Horse-gram,3,2,0.666666667
Tamil Nadu,PERAMBALUR,1998,Kharif,Jowar,27917,44562,1.596231687
Tamil Nadu,PERAMBALUR,1998,Kharif,Maize,468,556,1.188034188
Tamil Nadu,PERAMBALUR,1998,Kharif,Moong(Green Gram),908,433,0.476872247
Tamil Nadu,PERAMBALUR,1998,Kharif,Pulses total,6840,3153,0.460964912
Tamil Nadu,PERAMBALUR,1998,Kharif,Ragi,510,902,1.768627451
Tamil Nadu,PERAMBALUR,1998,Kharif,Rice,47814,164567,3.441816204
Tamil Nadu,PERAMBALUR,1998,Kharif,Sesamum,10978,5029,0.458098014
Tamil Nadu,PERAMBALUR,1998,Kharif,Sunflower,116,114,0.982758621
Tamil Nadu,PERAMBALUR,1998,Kharif,Total foodgrain,97067,23128,0.238268413
Tamil Nadu,PERAMBALUR,1998,Kharif,Urad,3027,1480,0.488932937
Tamil Nadu,PERAMBALUR,1998,Rabi,Gram,235,196,0.834042553
Tamil Nadu,PERAMBALUR,1998,Whole Year,Banana,474,30043,63.38185654
Tamil Nadu,PERAMBALUR,1998,Whole Year,Cashewnut,26344,5374,0.203993319
Tamil Nadu,PERAMBALUR,1998,Whole Year,Castor seed,466,126,0.270386266
Tamil Nadu,PERAMBALUR,1998,Whole Year,Coriander,14249,3167,0.222261211
Tamil Nadu,PERAMBALUR,1998,Whole Year,Dry chillies,3003,1805,0.601065601
Tamil Nadu,PERAMBALUR,1998,Whole Year,Onion,3187,24830,7.791026043
Tamil Nadu,PERAMBALUR,1998,Whole Year,Sugarcane,9029,871980,96.57547901
Tamil Nadu,PERAMBALUR,1998,Whole Year,Sweet potato,22,395,17.95454545
Tamil Nadu,PERAMBALUR,1998,Whole Year,Tapioca,1873,69567,37.14201815
Tamil Nadu,PERAMBALUR,1998,Whole Year,Turmeric,77,624,8.103896104
Tamil Nadu,PERAMBALUR,1999,Kharif,Arhar/Tur,1778,1230,0.691788526
Tamil Nadu,PERAMBALUR,1999,Kharif,Bajra,6224,5195,0.834672237
Tamil Nadu,PERAMBALUR,1999,Kharif,Castor seed,546,169,0.30952381
Tamil Nadu,PERAMBALUR,1999,Kharif,Cotton(lint),20222,25954,1.283453664
Tamil Nadu,PERAMBALUR,1999,Kharif,Groundnut,34762,45074,1.296645763
Tamil Nadu,PERAMBALUR,1999,Kharif,Horse-gram,10,4,0.4
Tamil Nadu,PERAMBALUR,1999,Kharif,Jowar,17177,15716,0.914944402
Tamil Nadu,PERAMBALUR,1999,Kharif,Maize,668,1075,1.609281437
Tamil Nadu,PERAMBALUR,1999,Kharif,Moong(Green Gram),875,475,0.542857143
Tamil Nadu,PERAMBALUR,1999,Kharif,Ragi,649,1028,1.583975347
Tamil Nadu,PERAMBALUR,1999,Kharif,Rice,45376,146412,3.226639633
Tamil Nadu,PERAMBALUR,1999,Kharif,Sesamum,9205,3749,0.407278653
Tamil Nadu,PERAMBALUR,1999,Kharif,Sunflower,152,160,1.052631579
Tamil Nadu,PERAMBALUR,1999,Kharif,Urad,2962,1534,0.517893315
Tamil Nadu,PERAMBALUR,1999,Kharif,Varagu,5973,8492,1.421731123
Tamil Nadu,PERAMBALUR,1999,Rabi,Gram,1,,
Tamil Nadu,PERAMBALUR,1999,Whole Year,Banana,372,13261,35.64784946
Tamil Nadu,PERAMBALUR,1999,Whole Year,Cashewnut,25030,6433,0.257011586
Tamil Nadu,PERAMBALUR,1999,Whole Year,Coriander,4571,494,0.108072632
Tamil Nadu,PERAMBALUR,1999,Whole Year,Dry chillies,2502,1061,0.424060751
Tamil Nadu,PERAMBALUR,1999,Whole Year,Guar seed,12445,135512,10.88887103
Tamil Nadu,PERAMBALUR,1999,Whole Year,Onion,3431,27459,8.003206062
Tamil Nadu,PERAMBALUR,1999,Whole Year,Sugarcane,12445,1393459,111.9693853
Tamil Nadu,PERAMBALUR,1999,Whole Year,Sweet potato,10,121,12.1
Tamil Nadu,PERAMBALUR,1999,Whole Year,Tapioca,1716,66439,38.71736597
Tamil Nadu,PERAMBALUR,1999,Whole Year,Turmeric,148,879,5.939189189
Tamil Nadu,PERAMBALUR,2000,Kharif,Arhar/Tur,2735,1891,0.691407678
Tamil Nadu,PERAMBALUR,2000,Kharif,Bajra,5464,3989,0.730051245
Tamil Nadu,PERAMBALUR,2000,Kharif,Castor seed,556,172,0.309352518
Tamil Nadu,PERAMBALUR,2000,Kharif,Cotton(lint),17103,24204,1.415190317
Tamil Nadu,PERAMBALUR,2000,Kharif,Groundnut,40625,54521,1.342055385
Tamil Nadu,PERAMBALUR,2000,Kharif,Horse-gram,5,2,0.4
Tamil Nadu,PERAMBALUR,2000,Kharif,Jowar,24424,28902,1.183344252
Tamil Nadu,PERAMBALUR,2000,Kharif,Maize,5577,8977,1.609646763
Tamil Nadu,PERAMBALUR,2000,Kharif,Moong(Green Gram),1138,531,0.466608084
Tamil Nadu,PERAMBALUR,2000,Kharif,Other Cereals & Millets,6549,9311,1.421743778
Tamil Nadu,PERAMBALUR,2000,Kharif,Other Kharif pulses,463,70,0.151187905
Tamil Nadu,PERAMBALUR,2000,Kharif,Ragi,535,793,1.482242991
Tamil Nadu,PERAMBALUR,2000,Kharif,Rice,43993,153058,3.479144409
Tamil Nadu,PERAMBALUR,2000,Kharif,Sesamum,10458,5171,0.494454007
Tamil Nadu,PERAMBALUR,2000,Kharif,Sunflower,82,90,1.097560976
Tamil Nadu,PERAMBALUR,2000,Kharif,Urad,3079,1595,0.518025333
Tamil Nadu,PERAMBALUR,2000,Rabi,Gram,12,8,0.666666667
Tamil Nadu,PERAMBALUR,2000,Whole Year,Banana,270,9625,35.64814815
Tamil Nadu,PERAMBALUR,2000,Whole Year,Cashewnut,27827,5983,0.215007008
Tamil Nadu,PERAMBALUR,2000,Whole Year,Coriander,4258,460,0.10803194
Tamil Nadu,PERAMBALUR,2000,Whole Year,Dry chillies,1565,617,0.394249201
Tamil Nadu,PERAMBALUR,2000,Whole Year,Onion,1979,15839,8.00353714
Tamil Nadu,PERAMBALUR,2000,Whole Year,Sugarcane,11921,1334787,111.9693818
Tamil Nadu,PERAMBALUR,2000,Whole Year,Sweet potato,18,218,12.11111111
Tamil Nadu,PERAMBALUR,2000,Whole Year,Tapioca,1954,75654,38.71750256
Tamil Nadu,PERAMBALUR,2000,Whole Year,Turmeric,216,1321,6.115740741
Tamil Nadu,PERAMBALUR,2001,Kharif,Arhar/Tur,2218,1210,0.545536519
Tamil Nadu,PERAMBALUR,2001,Kharif,Bajra,2904,3070,1.057162534
Tamil Nadu,PERAMBALUR,2001,Kharif,Cotton(lint),18396,22910,1.24537943
Tamil Nadu,PERAMBALUR,2001,Kharif,Groundnut,35997,56090,1.558185404
Tamil Nadu,PERAMBALUR,2001,Kharif,Jowar,25920,28520,1.100308642
Tamil Nadu,PERAMBALUR,2001,Kharif,Moong(Green Gram),330,140,0.424242424
Tamil Nadu,PERAMBALUR,2001,Kharif,Ragi,77,160,2.077922078
Tamil Nadu,PERAMBALUR,2001,Kharif,Rice,48734,118710,2.43587639
Tamil Nadu,PERAMBALUR,2001,Kharif,Sesamum,7597,3910,0.514676846
Tamil Nadu,PERAMBALUR,2001,Kharif,Sunflower,34,40,1.176470588
Tamil Nadu,PERAMBALUR,2001,Kharif,Urad,756,300,0.396825397
Tamil Nadu,PERAMBALUR,2001,Whole Year,Sugarcane,12673,799300,63.07109603
Tamil Nadu,PERAMBALUR,2002,Kharif,Arhar/Tur,1308,656,0.501529052
Tamil Nadu,PERAMBALUR,2002,Kharif,Bajra,2699,2149,0.796220823
Tamil Nadu,PERAMBALUR,2002,Kharif,Castor seed,368,125,0.339673913
Tamil Nadu,PERAMBALUR,2002,Kharif,Cotton(lint),1469,1653,1.125255276
Tamil Nadu,PERAMBALUR,2002,Kharif,Groundnut,29026,42530,1.465238062
Tamil Nadu,PERAMBALUR,2002,Kharif,Horse-gram,16,5,0.3125
Tamil Nadu,PERAMBALUR,2002,Kharif,Jowar,27211,24393,0.89643894
Tamil Nadu,PERAMBALUR,2002,Kharif,Maize,23042,27297,1.18466279
Tamil Nadu,PERAMBALUR,2002,Kharif,Moong(Green Gram),149,63,0.422818792
Tamil Nadu,PERAMBALUR,2002,Kharif,Other Kharif pulses,26,4,0.153846154
Tamil Nadu,PERAMBALUR,2002,Kharif,Ragi,76,107,1.407894737
Tamil Nadu,PERAMBALUR,2002,Kharif,Rice,35879,60512,1.686557596
Tamil Nadu,PERAMBALUR,2002,Kharif,Sesamum,3905,1440,0.368758003
Tamil Nadu,PERAMBALUR,2002,Kharif,Sunflower,753,870,1.155378486
Tamil Nadu,PERAMBALUR,2002,Kharif,Urad,1024,409,0.399414063
Tamil Nadu,PERAMBALUR,2002,Kharif,Varagu,4531,2799,0.617744427
Tamil Nadu,PERAMBALUR,2002,Rabi,Gram,179,231,1.290502793
Tamil Nadu,PERAMBALUR,2002,Rabi,Rapeseed &Mustard,4,1,0.25
Tamil Nadu,PERAMBALUR,2002,Whole Year,Arecanut,17,,
Tamil Nadu,PERAMBALUR,2002,Whole Year,Ash Gourd,489,0,0
Tamil Nadu,PERAMBALUR,2002,Whole Year,Banana,277,10236,36.95306859
Tamil Nadu,PERAMBALUR,2002,Whole Year,Bhindi,19,142,7.473684211
Tamil Nadu,PERAMBALUR,2002,Whole Year,Bitter Gourd,28,0,0
Tamil Nadu,PERAMBALUR,2002,Whole Year,Brinjal,118,900,7.627118644
Tamil Nadu,PERAMBALUR,2002,Whole Year,Cashewnut,29298,7543,0.257457847
Tamil Nadu,PERAMBALUR,2002,Whole Year,Citrus Fruit,561,622,1.108734403
Tamil Nadu,PERAMBALUR,2002,Whole Year,Coconut,882,5500,6.235827664
Tamil Nadu,PERAMBALUR,2002,Whole Year,Coriander,6021,1535,0.25494104
Tamil Nadu,PERAMBALUR,2002,Whole Year,Drum Stick,97,0,0
Tamil Nadu,PERAMBALUR,2002,Whole Year,Dry chillies,3540,2389,0.674858757
Tamil Nadu,PERAMBALUR,2002,Whole Year,Grapes,1,15,15
Tamil Nadu,PERAMBALUR,2002,Whole Year,Jack Fruit,108,1223,11.32407407
Tamil Nadu,PERAMBALUR,2002,Whole Year,Lab-Lab,48,0,0
Tamil Nadu,PERAMBALUR,2002,Whole Year,Mango,693,4152,5.991341991
Tamil Nadu,PERAMBALUR,2002,Whole Year,Onion,5063,29107,5.748963065
Tamil Nadu,PERAMBALUR,2002,Whole Year,Orange,2,3,1.5
Tamil Nadu,PERAMBALUR,2002,Whole Year,Other Citrus Fruit,15,0,0
Tamil Nadu,PERAMBALUR,2002,Whole Year,Other Fresh Fruits,3,0,0
Tamil Nadu,PERAMBALUR,2002,Whole Year,Other Vegetables,166,0,0
Tamil Nadu,PERAMBALUR,2002,Whole Year,Papaya,1,0,0
Tamil Nadu,PERAMBALUR,2002,Whole Year,Pome Fruit,69,361,5.231884058
Tamil Nadu,PERAMBALUR,2002,Whole Year,Pome Granet,2,0,0
Tamil Nadu,PERAMBALUR,2002,Whole Year,Pump Kin,158,0,0
Tamil Nadu,PERAMBALUR,2002,Whole Year,Redish,6,0,0
Tamil Nadu,PERAMBALUR,2002,Whole Year,Snak Guard,4,0,0
Tamil Nadu,PERAMBALUR,2002,Whole Year,Sugarcane,11435,888310,77.68342807
Tamil Nadu,PERAMBALUR,2002,Whole Year,Sweet potato,24,328,13.66666667
Tamil Nadu,PERAMBALUR,2002,Whole Year,Tapioca,2578,120981,46.92823894
Tamil Nadu,PERAMBALUR,2002,Whole Year,Tomato,126,1552,12.31746032
Tamil Nadu,PERAMBALUR,2002,Whole Year,Turmeric,241,899,3.730290456
Tamil Nadu,PERAMBALUR,2003,Kharif,Arhar/Tur,1755,1441,0.821082621
Tamil Nadu,PERAMBALUR,2003,Kharif,Bajra,2234,2442,1.093106535
Tamil Nadu,PERAMBALUR,2003,Kharif,Castor seed,256,86,0.3359375
Tamil Nadu,PERAMBALUR,2003,Kharif,Cotton(lint),2024,3093,1.528162055
Tamil Nadu,PERAMBALUR,2003,Kharif,Groundnut,34450,49319,1.43161103
Tamil Nadu,PERAMBALUR,2003,Kharif,Horse-gram,11,3,0.272727273
Tamil Nadu,PERAMBALUR,2003,Kharif,Jowar,25963,21245,0.81827986
Tamil Nadu,PERAMBALUR,2003,Kharif,Maize,36861,43581,1.182306503
Tamil Nadu,PERAMBALUR,2003,Kharif,Moong(Green Gram),231,98,0.424242424
Tamil Nadu,PERAMBALUR,2003,Kharif,Other Kharif pulses,47,8,0.170212766
Tamil Nadu,PERAMBALUR,2003,Kharif,Ragi,153,225,1.470588235
Tamil Nadu,PERAMBALUR,2003,Kharif,Rice,36382,85910,2.361332527
Tamil Nadu,PERAMBALUR,2003,Kharif,Sesamum,5951,1639,0.275415896
Tamil Nadu,PERAMBALUR,2003,Kharif,Small millets,2100,3251,1.548095238
Tamil Nadu,PERAMBALUR,2003,Kharif,Sunflower,1540,1992,1.293506494
Tamil Nadu,PERAMBALUR,2003,Kharif,Urad,2105,860,0.408551069
Tamil Nadu,PERAMBALUR,2003,Rabi,Gram,107,80,0.747663551
Tamil Nadu,PERAMBALUR,2003,Rabi,Rapeseed &Mustard,3,1,0.333333333
Tamil Nadu,PERAMBALUR,2003,Whole Year,Arecanut,20,,
Tamil Nadu,PERAMBALUR,2003,Whole Year,Ash Gourd,244,0,0
Tamil Nadu,PERAMBALUR,2003,Whole Year,Banana,304,10754,35.375
Tamil Nadu,PERAMBALUR,2003,Whole Year,Bhindi,44,308,7
Tamil Nadu,PERAMBALUR,2003,Whole Year,Bitter Gourd,22,0,0
Tamil Nadu,PERAMBALUR,2003,Whole Year,Brinjal,169,1889,11.17751479
Tamil Nadu,PERAMBALUR,2003,Whole Year,Cashewnut,35146,6072,0.172765037
Tamil Nadu,PERAMBALUR,2003,Whole Year,Citrus Fruit,562,587,1.044483986
Tamil Nadu,PERAMBALUR,2003,Whole Year,Coconut,872,9200,10.55045872
Tamil Nadu,PERAMBALUR,2003,Whole Year,Coriander,4453,1279,0.287222097
Tamil Nadu,PERAMBALUR,2003,Whole Year,Cucumber,3,0,0
Tamil Nadu,PERAMBALUR,2003,Whole Year,Drum Stick,146,0,0
Tamil Nadu,PERAMBALUR,2003,Whole Year,Dry chillies,3535,1350,0.381895332
Tamil Nadu,PERAMBALUR,2003,Whole Year,Jack Fruit,108,1044,9.666666667
Tamil Nadu,PERAMBALUR,2003,Whole Year,Lab-Lab,58,0,0
Tamil Nadu,PERAMBALUR,2003,Whole Year,Mango,714,2966,4.154061625
Tamil Nadu,PERAMBALUR,2003,Whole Year,Onion,6027,53208,8.828272773
Tamil Nadu,PERAMBALUR,2003,Whole Year,Orange,1,2,2
Tamil Nadu,PERAMBALUR,2003,Whole Year,Other Citrus Fruit,35,0,0
Tamil Nadu,PERAMBALUR,2003,Whole Year,Other Fresh Fruits,4,0,0
Tamil Nadu,PERAMBALUR,2003,Whole Year,Other Vegetables,155,0,0
Tamil Nadu,PERAMBALUR,2003,Whole Year,Pome Fruit,74,520,7.027027027
Tamil Nadu,PERAMBALUR,2003,Whole Year,Pome Granet,2,0,0
Tamil Nadu,PERAMBALUR,2003,Whole Year,Pump Kin,112,0,0
Tamil Nadu,PERAMBALUR,2003,Whole Year,Redish,3,0,0
Tamil Nadu,PERAMBALUR,2003,Whole Year,Snak Guard,9,0,0
Tamil Nadu,PERAMBALUR,2003,Whole Year,Sugarcane,8654,826474,95.50196441
Tamil Nadu,PERAMBALUR,2003,Whole Year,Sweet potato,23,333,14.47826087
Tamil Nadu,PERAMBALUR,2003,Whole Year,Tapioca,3048,102691,33.69127297
Tamil Nadu,PERAMBALUR,2003,Whole Year,Tomato,130,1319,10.14615385
Tamil Nadu,PERAMBALUR,2003,Whole Year,Turmeric,302,1255,4.155629139
Tamil Nadu,PERAMBALUR,2004,Kharif,Arhar/Tur,995,540,0.542713568
Tamil Nadu,PERAMBALUR,2004,Kharif,Bajra,1816,2748,1.513215859
Tamil Nadu,PERAMBALUR,2004,Kharif,Castor seed,157,53,0.337579618
Tamil Nadu,PERAMBALUR,2004,Kharif,Cotton(lint),2794,4827,1.727630637
Tamil Nadu,PERAMBALUR,2004,Kharif,Groundnut,31755,37777,1.189639427
Tamil Nadu,PERAMBALUR,2004,Kharif,Horse-gram,19,6,0.315789474
Tamil Nadu,PERAMBALUR,2004,Kharif,Jowar,14656,14036,0.957696507
Tamil Nadu,PERAMBALUR,2004,Kharif,Maize,57423,67998,1.184159657
Tamil Nadu,PERAMBALUR,2004,Kharif,Moong(Green Gram),254,101,0.397637795
Tamil Nadu,PERAMBALUR,2004,Kharif,Other Kharif pulses,35,6,0.171428571
Tamil Nadu,PERAMBALUR,2004,Kharif,Ragi,79,116,1.46835443
Tamil Nadu,PERAMBALUR,2004,Kharif,Rice,46434,108510,2.336865228
Tamil Nadu,PERAMBALUR,2004,Kharif,Sesamum,3610,1016,0.281440443
Tamil Nadu,PERAMBALUR,2004,Kharif,Small millets,1207,1568,1.29908865
Tamil Nadu,PERAMBALUR,2004,Kharif,Sunflower,597,448,0.75041876
Tamil Nadu,PERAMBALUR,2004,Kharif,Urad,1383,507,0.36659436
Tamil Nadu,PERAMBALUR,2004,Rabi,Gram,6,4,0.666666667
Tamil Nadu,PERAMBALUR,2004,Rabi,Rapeseed &Mustard,5,1,0.2
Tamil Nadu,PERAMBALUR,2004,Whole Year,Arecanut,17,32,1.882352941
Tamil Nadu,PERAMBALUR,2004,Whole Year,Banana,344,14612,42.47674419
Tamil Nadu,PERAMBALUR,2004,Whole Year,Cashewnut,34993,5904,0.168719458
Tamil Nadu,PERAMBALUR,2004,Whole Year,Coconut,885,9200,10.39548023
Tamil Nadu,PERAMBALUR,2004,Whole Year,Coriander,1800,576,0.32
Tamil Nadu,PERAMBALUR,2004,Whole Year,Dry chillies,2521,1333,0.528758429
Tamil Nadu,PERAMBALUR,2004,Whole Year,Onion,6064,66052,10.89248021
Tamil Nadu,PERAMBALUR,2004,Whole Year,Sugarcane,10721,1220543,113.8460032
Tamil Nadu,PERAMBALUR,2004,Whole Year,Sweet potato,25,378,15.12
Tamil Nadu,PERAMBALUR,2004,Whole Year,Tapioca,4500,244916,54.42577778
Tamil Nadu,PERAMBALUR,2004,Whole Year,Turmeric,547,2998,5.480804388
Tamil Nadu,PERAMBALUR,2005,Kharif,Arhar/Tur,707,382,0.540311174
Tamil Nadu,PERAMBALUR,2005,Kharif,Bajra,1017,1522,1.496558505
Tamil Nadu,PERAMBALUR,2005,Kharif,Castor seed,125,42,0.336
Tamil Nadu,PERAMBALUR,2005,Kharif,Cotton(lint),4181,5926,1.417364267
Tamil Nadu,PERAMBALUR,2005,Kharif,Groundnut,27256,42205,1.548466393
Tamil Nadu,PERAMBALUR,2005,Kharif,Horse-gram,3,1,0.333333333
Tamil Nadu,PERAMBALUR,2005,Kharif,Jowar,9498,5661,0.596020215
Tamil Nadu,PERAMBALUR,2005,Kharif,Maize,59228,,
Tamil Nadu,PERAMBALUR,2005,Kharif,Moong(Green Gram),108,36,0.333333333
Tamil Nadu,PERAMBALUR,2005,Kharif,Other Kharif pulses,11,6,0.545454545
Tamil Nadu,PERAMBALUR,2005,Kharif,Ragi,51,72,1.411764706
Tamil Nadu,PERAMBALUR,2005,Kharif,Rice,45952,114562,2.493079735
Tamil Nadu,PERAMBALUR,2005,Kharif,Sesamum,2630,942,0.358174905
Tamil Nadu,PERAMBALUR,2005,Kharif,Small millets,1206,1733,1.436981758
Tamil Nadu,PERAMBALUR,2005,Kharif,Sunflower,515,340,0.660194175
Tamil Nadu,PERAMBALUR,2005,Kharif,Urad,941,309,0.32837407
Tamil Nadu,PERAMBALUR,2005,Rabi,Gram,5,5,1
Tamil Nadu,PERAMBALUR,2005,Whole Year,Arecanut,16,4,0.25
Tamil Nadu,PERAMBALUR,2005,Whole Year,Banana,332,16303,49.10542169
Tamil Nadu,PERAMBALUR,2005,Whole Year,Cashewnut,35607,7942,0.22304603
Tamil Nadu,PERAMBALUR,2005,Whole Year,Coconut,848,63,0.074292453
Tamil Nadu,PERAMBALUR,2005,Whole Year,Coriander,1765,486,0.275354108
Tamil Nadu,PERAMBALUR,2005,Whole Year,Dry chillies,1698,1107,0.651943463
Tamil Nadu,PERAMBALUR,2005,Whole Year,Onion,7821,47540,6.078506585
Tamil Nadu,PERAMBALUR,2005,Whole Year,Sugarcane,15984,1997185,124.9490115
Tamil Nadu,PERAMBALUR,2005,Whole Year,Sweet potato,14,292,20.85714286
Tamil Nadu,PERAMBALUR,2005,Whole Year,Tapioca,4082,160325,39.27609015
Tamil Nadu,PERAMBALUR,2005,Whole Year,Turmeric,646,3566,5.520123839
Tamil Nadu,PERAMBALUR,2006,Kharif,Rice,41930,131983,3.147698545
Tamil Nadu,PERAMBALUR,2006,Kharif,Small millets,1808,2322,1.284292035
Tamil Nadu,PERAMBALUR,2006,Whole Year,Arecanut,22,17,0.772727273
Tamil Nadu,PERAMBALUR,2006,Whole Year,Arhar/Tur,520,381,0.732692308
Tamil Nadu,PERAMBALUR,2006,Whole Year,Bajra,817,799,0.977968176
Tamil Nadu,PERAMBALUR,2006,Whole Year,Banana,335,17951,53.58507463
Tamil Nadu,PERAMBALUR,2006,Whole Year,Cashewnut,35522,7114,0.200270255
Tamil Nadu,PERAMBALUR,2006,Whole Year,Castor seed,109,37,0.339449541
Tamil Nadu,PERAMBALUR,2006,Whole Year,Coconut,892,49,0.054932735
Tamil Nadu,PERAMBALUR,2006,Whole Year,Coriander,840,272,0.323809524
Tamil Nadu,PERAMBALUR,2006,Whole Year,Cotton(lint),9515,21491,2.258644246
Tamil Nadu,PERAMBALUR,2006,Whole Year,Dry chillies,2133,3605,1.690107829
Tamil Nadu,PERAMBALUR,2006,Whole Year,Gram,7,7,1
Tamil Nadu,PERAMBALUR,2006,Whole Year,Groundnut,20482,39398,1.923542623
Tamil Nadu,PERAMBALUR,2006,Whole Year,Horse-gram,11,6,0.545454545
Tamil Nadu,PERAMBALUR,2006,Whole Year,Jowar,11049,12036,1.089329351
Tamil Nadu,PERAMBALUR,2006,Whole Year,Maize,54235,114750,2.115792385
Tamil Nadu,PERAMBALUR,2006,Whole Year,Moong(Green Gram),103,59,0.572815534
Tamil Nadu,PERAMBALUR,2006,Whole Year,Onion,7281,58575,8.044911413
Tamil Nadu,PERAMBALUR,2006,Whole Year,Ragi,117,208,1.777777778
Tamil Nadu,PERAMBALUR,2006,Whole Year,Sesamum,1836,629,0.342592593
Tamil Nadu,PERAMBALUR,2006,Whole Year,Sugarcane,18660,2119925,113.607985
Tamil Nadu,PERAMBALUR,2006,Whole Year,Sunflower,574,416,0.724738676
Tamil Nadu,PERAMBALUR,2006,Whole Year,Sweet potato,11,185,16.81818182
Tamil Nadu,PERAMBALUR,2006,Whole Year,Tapioca,2573,107892,41.93237466
Tamil Nadu,PERAMBALUR,2006,Whole Year,Turmeric,680,3907,5.745588235
Tamil Nadu,PERAMBALUR,2006,Whole Year,Urad,1299,1079,0.830638953
Tamil Nadu,PERAMBALUR,2007,Kharif,Rice,38121,95428,2.503292149
Tamil Nadu,PERAMBALUR,2007,Kharif,Small millets,823,1435,1.743620899
Tamil Nadu,PERAMBALUR,2007,Whole Year,Arecanut,27,23,0.851851852
Tamil Nadu,PERAMBALUR,2007,Whole Year,Arhar/Tur,503,188,0.373757455
Tamil Nadu,PERAMBALUR,2007,Whole Year,Bajra,638,907,1.421630094
Tamil Nadu,PERAMBALUR,2007,Whole Year,Banana,350,16709,47.74
Tamil Nadu,PERAMBALUR,2007,Whole Year,Cashewnut,33231,9130,0.274743462
Tamil Nadu,PERAMBALUR,2007,Whole Year,Castor seed,149,50,0.33557047
Tamil Nadu,PERAMBALUR,2007,Whole Year,Coconut,926,47,0.05075594
Tamil Nadu,PERAMBALUR,2007,Whole Year,Coriander,505,163,0.322772277
Tamil Nadu,PERAMBALUR,2007,Whole Year,Cotton(lint),15267,27492,1.800746709
Tamil Nadu,PERAMBALUR,2007,Whole Year,Dry chillies,2473,1698,0.686615447
Tamil Nadu,PERAMBALUR,2007,Whole Year,Gram,15,14,0.933333333
Tamil Nadu,PERAMBALUR,2007,Whole Year,Groundnut,22003,28310,1.286642731
Tamil Nadu,PERAMBALUR,2007,Whole Year,Horse-gram,3,1,0.333333333
Tamil Nadu,PERAMBALUR,2007,Whole Year,Jowar,10008,9293,0.928557154
Tamil Nadu,PERAMBALUR,2007,Whole Year,Maize,56337,68180,1.210217086
Tamil Nadu,PERAMBALUR,2007,Whole Year,Moong(Green Gram),59,17,0.288135593
Tamil Nadu,PERAMBALUR,2007,Whole Year,Onion,7633,70717,9.264640377
Tamil Nadu,PERAMBALUR,2007,Whole Year,Ragi,59,117,1.983050847
Tamil Nadu,PERAMBALUR,2007,Whole Year,Sesamum,2035,752,0.36953317
Tamil Nadu,PERAMBALUR,2007,Whole Year,Small millets,823,1435,1.743620899
Tamil Nadu,PERAMBALUR,2007,Whole Year,Sugarcane,15803,1333457,84.37999114
Tamil Nadu,PERAMBALUR,2007,Whole Year,Sunflower,1327,998,0.752072344
Tamil Nadu,PERAMBALUR,2007,Whole Year,Sweet potato,10,136,13.6
Tamil Nadu,PERAMBALUR,2007,Whole Year,Tapioca,2466,156923,63.63463098
Tamil Nadu,PERAMBALUR,2007,Whole Year,Turmeric,639,3417,5.34741784
Tamil Nadu,PERAMBALUR,2007,Whole Year,Urad,1268,285,0.224763407
Tamil Nadu,PERAMBALUR,2008,Kharif,Rice,12399,113794,9.177675619
Tamil Nadu,PERAMBALUR,2008,Kharif,Small millets,143,605,4.230769231
Tamil Nadu,PERAMBALUR,2008,Whole Year,Arecanut,32,69,2.15625
Tamil Nadu,PERAMBALUR,2008,Whole Year,Arhar/Tur,249,280,1.124497992
Tamil Nadu,PERAMBALUR,2008,Whole Year,Bajra,63,991,15.73015873
Tamil Nadu,PERAMBALUR,2008,Whole Year,Banana,196,17159,87.54591837
Tamil Nadu,PERAMBALUR,2008,Whole Year,Cashewnut,1,9801,9801
Tamil Nadu,PERAMBALUR,2008,Whole Year,Castor seed,95,41,0.431578947
Tamil Nadu,PERAMBALUR,2008,Whole Year,Coconut,569,73000,128.2952548
Tamil Nadu,PERAMBALUR,2008,Whole Year,Coriander,291,270,0.927835052
Tamil Nadu,PERAMBALUR,2008,Whole Year,Cotton(lint),24243,35178,1.451058037
Tamil Nadu,PERAMBALUR,2008,Whole Year,Dry chillies,479,666,1.39039666
Tamil Nadu,PERAMBALUR,2008,Whole Year,Gram,2,2,1
Tamil Nadu,PERAMBALUR,2008,Whole Year,Groundnut,2388,35641,14.92504188
Tamil Nadu,PERAMBALUR,2008,Whole Year,Horse-gram,3,1,0.333333333
Tamil Nadu,PERAMBALUR,2008,Whole Year,Jowar,4710,4772,1.013163482
Tamil Nadu,PERAMBALUR,2008,Whole Year,Maize,38864,71441,1.838230753
Tamil Nadu,PERAMBALUR,2008,Whole Year,Moong(Green Gram),15,12,0.8
Tamil Nadu,PERAMBALUR,2008,Whole Year,Onion,8319,63762,7.664623152
Tamil Nadu,PERAMBALUR,2008,Whole Year,Ragi,4,39,9.75
Tamil Nadu,PERAMBALUR,2008,Whole Year,Sesamum,1991,831,0.417378202
Tamil Nadu,PERAMBALUR,2008,Whole Year,Small millets,465,605,1.301075269
Tamil Nadu,PERAMBALUR,2008,Whole Year,Sugarcane,3688,952805,258.3527657
Tamil Nadu,PERAMBALUR,2008,Whole Year,Sunflower,393,419,1.066157761
Tamil Nadu,PERAMBALUR,2008,Whole Year,Sweet potato,3,66,22
Tamil Nadu,PERAMBALUR,2008,Whole Year,Tapioca,1129,60716,53.7785651
Tamil Nadu,PERAMBALUR,2008,Whole Year,Turmeric,598,3507,5.864548495
Tamil Nadu,PERAMBALUR,2008,Whole Year,Urad,39,387,9.923076923
Tamil Nadu,PERAMBALUR,2009,Kharif,Rice,12089,42372,3.50500455
Tamil Nadu,PERAMBALUR,2009,Kharif,Small millets,323,379,1.173374613
Tamil Nadu,PERAMBALUR,2009,Whole Year,Arecanut,34,65,1.911764706
Tamil Nadu,PERAMBALUR,2009,Whole Year,Arhar/Tur,253,141,0.557312253
Tamil Nadu,PERAMBALUR,2009,Whole Year,Bajra,205,526,2.565853659
Tamil Nadu,PERAMBALUR,2009,Whole Year,Banana,214,9201,42.9953271
Tamil Nadu,PERAMBALUR,2009,Whole Year,Cashewnut,2,1,0.5
Tamil Nadu,PERAMBALUR,2009,Whole Year,Castor seed,91,31,0.340659341
Tamil Nadu,PERAMBALUR,2009,Whole Year,Coconut,564,9800,17.37588652
Tamil Nadu,PERAMBALUR,2009,Whole Year,Coriander,395,156,0.394936709
Tamil Nadu,PERAMBALUR,2009,Whole Year,Cotton(lint),19231,43903,2.282928605
Tamil Nadu,PERAMBALUR,2009,Whole Year,Dry chillies,440,340,0.772727273
Tamil Nadu,PERAMBALUR,2009,Whole Year,Gram,7,7,1
Tamil Nadu,PERAMBALUR,2009,Whole Year,Groundnut,2096,4493,2.14360687
Tamil Nadu,PERAMBALUR,2009,Whole Year,Horse-gram,2,2,1
Tamil Nadu,PERAMBALUR,2009,Whole Year,Jowar,3881,5800,1.494460191
Tamil Nadu,PERAMBALUR,2009,Whole Year,Maize,39046,83422,2.13650566
Tamil Nadu,PERAMBALUR,2009,Whole Year,Moong(Green Gram),22,8,0.363636364
Tamil Nadu,PERAMBALUR,2009,Whole Year,Onion,7403,66985,9.048358773
Tamil Nadu,PERAMBALUR,2009,Whole Year,Ragi,10,24,2.4
Tamil Nadu,PERAMBALUR,2009,Whole Year,Rapeseed &Mustard,4,,
Tamil Nadu,PERAMBALUR,2009,Whole Year,Sesamum,279,161,0.577060932
Tamil Nadu,PERAMBALUR,2009,Whole Year,Sugarcane,4594,435266,94.74662603
Tamil Nadu,PERAMBALUR,2009,Whole Year,Sunflower,195,255,1.307692308
Tamil Nadu,PERAMBALUR,2009,Whole Year,Sweet potato,4,59,14.75
Tamil Nadu,PERAMBALUR,2009,Whole Year,Tapioca,923,48570,52.62188516
Tamil Nadu,PERAMBALUR,2009,Whole Year,Turmeric,626,3172,5.067092652
Tamil Nadu,PERAMBALUR,2009,Whole Year,Urad,101,38,0.376237624
Tamil Nadu,PERAMBALUR,2010,Kharif,Arhar/Tur,320,208,0.65
Tamil Nadu,PERAMBALUR,2010,Kharif,Castor seed,96,38,0.395833333
Tamil Nadu,PERAMBALUR,2010,Kharif,Cotton(lint),27263,42145,1.545868026
Tamil Nadu,PERAMBALUR,2010,Kharif,Groundnut,1417,1963,1.385321101
Tamil Nadu,PERAMBALUR,2010,Kharif,Horse-gram,4,2,0.5
Tamil Nadu,PERAMBALUR,2010,Kharif,Maize,32108,89070,2.774074997
Tamil Nadu,PERAMBALUR,2010,Kharif,Moong(Green Gram),22,14,0.636363636
Tamil Nadu,PERAMBALUR,2010,Kharif,Ragi,2,4,2
Tamil Nadu,PERAMBALUR,2010,Kharif,Rice,14245,54714,3.840926641
Tamil Nadu,PERAMBALUR,2010,Kharif,Sunflower,161,172,1.068322981
Tamil Nadu,PERAMBALUR,2010,Kharif,Urad,102,44,0.431372549
Tamil Nadu,PERAMBALUR,2010,Rabi,Gram,6,6,1
Tamil Nadu,PERAMBALUR,2010,Whole Year,Sugarcane,5316,567404,106.7351392
Tamil Nadu,PERAMBALUR,2011,Kharif,Bajra,91,202,2.21978022
Tamil Nadu,PERAMBALUR,2011,Kharif,Cotton(lint),26131,69123,2.645248938
Tamil Nadu,PERAMBALUR,2011,Kharif,Groundnut,666,1243,1.866366366
Tamil Nadu,PERAMBALUR,2011,Kharif,Jowar,1356,1616,1.191740413
Tamil Nadu,PERAMBALUR,2011,Kharif,Maize,39572,227368,5.745678763
Tamil Nadu,PERAMBALUR,2011,Kharif,Ragi,8,21,2.625
Tamil Nadu,PERAMBALUR,2011,Kharif,Rice,13099,58475,4.464081228
Tamil Nadu,PERAMBALUR,2011,Rabi,Bajra,60,175,2.916666667
Tamil Nadu,PERAMBALUR,2011,Rabi,Cotton(lint),19,41,2.157894737
Tamil Nadu,PERAMBALUR,2011,Rabi,Groundnut,1558,3402,2.183568678
Tamil Nadu,PERAMBALUR,2011,Rabi,Jowar,7,12,1.714285714
Tamil Nadu,PERAMBALUR,2011,Rabi,Maize,1176,7820,6.649659864
Tamil Nadu,PERAMBALUR,2011,Rabi,Ragi,8,25,3.125
Tamil Nadu,PERAMBALUR,2011,Whole Year,Arecanut,43,110,2.558139535
Tamil Nadu,PERAMBALUR,2011,Whole Year,Arhar/Tur,310,270,0.870967742
Tamil Nadu,PERAMBALUR,2011,Whole Year,Banana,188,8215,43.69680851
Tamil Nadu,PERAMBALUR,2011,Whole Year,Cashewnut,4,1,0.25
Tamil Nadu,PERAMBALUR,2011,Whole Year,Castor seed,130,32,0.246153846
Tamil Nadu,PERAMBALUR,2011,Whole Year,Coconut,560,7700000,13750
Tamil Nadu,PERAMBALUR,2011,Whole Year,Coriander,104,50,0.480769231
Tamil Nadu,PERAMBALUR,2011,Whole Year,Dry chillies,329,144,0.43768997
Tamil Nadu,PERAMBALUR,2011,Whole Year,Gram,8,,
Tamil Nadu,PERAMBALUR,2011,Whole Year,Horse-gram,2,1,0.5
Tamil Nadu,PERAMBALUR,2011,Whole Year,Moong(Green Gram),20,14,0.7
Tamil Nadu,PERAMBALUR,2011,Whole Year,Onion,8160,61551,7.543014706
Tamil Nadu,PERAMBALUR,2011,Whole Year,Small millets,104,209,2.009615385
Tamil Nadu,PERAMBALUR,2011,Whole Year,Sugarcane,6729,808715,120.183534
Tamil Nadu,PERAMBALUR,2011,Whole Year,Sunflower,53,96,1.811320755
Tamil Nadu,PERAMBALUR,2011,Whole Year,Sweet potato,3,61,20.33333333
Tamil Nadu,PERAMBALUR,2011,Whole Year,Tapioca,1691,63688,37.66292135
Tamil Nadu,PERAMBALUR,2011,Whole Year,Turmeric,2018,11057,5.479187314
Tamil Nadu,PERAMBALUR,2011,Whole Year,Urad,190,125,0.657894737
Tamil Nadu,PERAMBALUR,2012,Kharif,Arhar/Tur,442,35,0.07918552
Tamil Nadu,PERAMBALUR,2012,Kharif,Castor seed,226,23.36,0.103362832
Tamil Nadu,PERAMBALUR,2012,Kharif,Cotton(lint),24280,27733,1.142215815
Tamil Nadu,PERAMBALUR,2012,Kharif,Groundnut,1481,3686,2.488858879
Tamil Nadu,PERAMBALUR,2012,Kharif,Horse-gram,1,,
Tamil Nadu,PERAMBALUR,2012,Kharif,Maize,45747,88756,1.940149081
Tamil Nadu,PERAMBALUR,2012,Kharif,Moong(Green Gram),19,5,0.263157895
Tamil Nadu,PERAMBALUR,2012,Kharif,Ragi,4,7,1.75
Tamil Nadu,PERAMBALUR,2012,Kharif,Rice,7299,20892,2.862309905
Tamil Nadu,PERAMBALUR,2012,Kharif,Sunflower,215,202,0.939534884
Tamil Nadu,PERAMBALUR,2012,Kharif,Urad,208,110,0.528846154
Tamil Nadu,PERAMBALUR,2012,Rabi,Gram,1,1,1
Tamil Nadu,PERAMBALUR,2012,Whole Year,Sugarcane,6500,567313,87.27892308
Tamil Nadu,PERAMBALUR,2013,Kharif,Bajra,105,240,2.285714286
Tamil Nadu,PERAMBALUR,2013,Kharif,Castor seed,145,44,0.303448276
Tamil Nadu,PERAMBALUR,2013,Kharif,Cotton(lint),30052,88685,2.951051511
Tamil Nadu,PERAMBALUR,2013,Kharif,Groundnut,809,1790,2.212608158
Tamil Nadu,PERAMBALUR,2013,Kharif,Horse-gram,4,,
Tamil Nadu,PERAMBALUR,2013,Kharif,Jowar,3417,5917,1.731635938
Tamil Nadu,PERAMBALUR,2013,Kharif,Maize,45661,354692,7.767942007
Tamil Nadu,PERAMBALUR,2013,Kharif,Moong(Green Gram),5,3,0.6
Tamil Nadu,PERAMBALUR,2013,Kharif,Onion,1589,14714,9.259911894
Tamil Nadu,PERAMBALUR,2013,Kharif,Ragi,1,3,3
Tamil Nadu,PERAMBALUR,2013,Kharif,Rice,7175,36163,5.040139373
Tamil Nadu,PERAMBALUR,2013,Kharif,Sunflower,17,31,1.823529412
Tamil Nadu,PERAMBALUR,2013,Kharif,Urad,473,397,0.839323467
Tamil Nadu,PERAMBALUR,2013,Rabi,Bajra,86,172,2
Tamil Nadu,PERAMBALUR,2013,Rabi,Cotton(lint),1035,2485,2.400966184
Tamil Nadu,PERAMBALUR,2013,Rabi,Groundnut,1214,3542,2.917627677
Tamil Nadu,PERAMBALUR,2013,Rabi,Horse-gram,1,1,1
Tamil Nadu,PERAMBALUR,2013,Rabi,Jowar,220,474,2.154545455
Tamil Nadu,PERAMBALUR,2013,Rabi,Maize,2076,10384,5.001926782
Tamil Nadu,PERAMBALUR,2013,Rabi,Moong(Green Gram),1,1,1
Tamil Nadu,PERAMBALUR,2013,Rabi,Onion,4032,38084,9.445436508
Tamil Nadu,PERAMBALUR,2013,Rabi,Rapeseed &Mustard,1,,
Tamil Nadu,PERAMBALUR,2013,Rabi,Sunflower,28,28,1
Tamil Nadu,PERAMBALUR,2013,Rabi,Urad,614,524,0.853420195
Tamil Nadu,PERAMBALUR,2013,Whole Year,Arecanut,63,11,0.174603175
Tamil Nadu,PERAMBALUR,2013,Whole Year,Arhar/Tur,1101,886,0.804722979
Tamil Nadu,PERAMBALUR,2013,Whole Year,Banana,182,7559,41.53296703
Tamil Nadu,PERAMBALUR,2013,Whole Year,Cashewnut,1,,
Tamil Nadu,PERAMBALUR,2013,Whole Year,Coconut,715,4500000,6293.706294
Tamil Nadu,PERAMBALUR,2013,Whole Year,Coriander,22,8,0.363636364
Tamil Nadu,PERAMBALUR,2013,Whole Year,Dry chillies,176,48,0.272727273
Tamil Nadu,PERAMBALUR,2013,Whole Year,Gram,39,30,0.769230769
Tamil Nadu,PERAMBALUR,2013,Whole Year,Small millets,140,229,1.635714286
Tamil Nadu,PERAMBALUR,2013,Whole Year,Sugarcane,5241,484717,92.48559435
Tamil Nadu,PERAMBALUR,2013,Whole Year,Sweet potato,1,21,21
Tamil Nadu,PERAMBALUR,2013,Whole Year,Tapioca,1369,89958,65.71073776
Tamil Nadu,PERAMBALUR,2013,Whole Year,Turmeric,943,2703,2.866383881
Tamil Nadu,PUDUKKOTTAI,1997,Kharif,Banana,3558,106791,30.0143339
Tamil Nadu,PUDUKKOTTAI,1997,Kharif,Horse-gram,338,170,0.50295858
Tamil Nadu,PUDUKKOTTAI,1997,Kharif,Onion,3,24,8
Tamil Nadu,PUDUKKOTTAI,1997,Kharif,Sesamum,2184,560,0.256410256
Tamil Nadu,PUDUKKOTTAI,1997,Kharif,Small millets,1276,970,0.760188088
Tamil Nadu,PUDUKKOTTAI,1997,Kharif,Tobacco,6,9,1.5
Tamil Nadu,PUDUKKOTTAI,1997,Whole Year,Arhar/Tur,2312,520,0.224913495
Tamil Nadu,PUDUKKOTTAI,1997,Whole Year,Bajra,16,40,2.5
Tamil Nadu,PUDUKKOTTAI,1997,Whole Year,Banana,3520,170370,48.40056818
Tamil Nadu,PUDUKKOTTAI,1997,Whole Year,Cashewnut,12126,1210,0.099785585
Tamil Nadu,PUDUKKOTTAI,1997,Whole Year,Coriander,43,10,0.23255814
Tamil Nadu,PUDUKKOTTAI,1997,Whole Year,Cotton(lint),180,340,1.888888889
Tamil Nadu,PUDUKKOTTAI,1997,Whole Year,Dry chillies,267,160,0.599250936
Tamil Nadu,PUDUKKOTTAI,1997,Whole Year,Groundnut,34573,40930,1.183871807
Tamil Nadu,PUDUKKOTTAI,1997,Whole Year,Jowar,1050,1870,1.780952381
Tamil Nadu,PUDUKKOTTAI,1997,Whole Year,Maize,184,380,2.065217391
Tamil Nadu,PUDUKKOTTAI,1997,Whole Year,Moong(Green Gram),110,40,0.363636364
Tamil Nadu,PUDUKKOTTAI,1997,Whole Year,Onion,8,60,7.5
Tamil Nadu,PUDUKKOTTAI,1997,Whole Year,Pulses total,3669,1020,0.278004906
Tamil Nadu,PUDUKKOTTAI,1997,Whole Year,Ragi,708,1950,2.754237288
Tamil Nadu,PUDUKKOTTAI,1997,Whole Year,Rice,88303,242810,2.749736702
Tamil Nadu,PUDUKKOTTAI,1997,Whole Year,Sugarcane,2377,2552000,1073.622213
Tamil Nadu,PUDUKKOTTAI,1997,Whole Year,Sweet potato,2,30,15
Tamil Nadu,PUDUKKOTTAI,1997,Whole Year,Tapioca,21,790,37.61904762
Tamil Nadu,PUDUKKOTTAI,1997,Whole Year,Total foodgrain,95206,249040,2.615801525
Tamil Nadu,PUDUKKOTTAI,1997,Whole Year,Turmeric,7,40,5.714285714
Tamil Nadu,PUDUKKOTTAI,1997,Whole Year,Urad,469,220,0.469083156
Tamil Nadu,PUDUKKOTTAI,1998,Kharif,Arhar/Tur,3531,1656,0.468988955
Tamil Nadu,PUDUKKOTTAI,1998,Kharif,Bajra,259,619,2.38996139
Tamil Nadu,PUDUKKOTTAI,1998,Kharif,Cotton(lint),1118,2429,2.172629696
Tamil Nadu,PUDUKKOTTAI,1998,Kharif,Groundnut,45107,61623,1.366151595
Tamil Nadu,PUDUKKOTTAI,1998,Kharif,Horse-gram,693,347,0.500721501
Tamil Nadu,PUDUKKOTTAI,1998,Kharif,Jowar,492,651,1.323170732
Tamil Nadu,PUDUKKOTTAI,1998,Kharif,Maize,1004,2073,2.064741036
Tamil Nadu,PUDUKKOTTAI,1998,Kharif,Moong(Green Gram),331,158,0.47734139
Tamil Nadu,PUDUKKOTTAI,1998,Kharif,Pulses total,18197,8101,0.445183272
Tamil Nadu,PUDUKKOTTAI,1998,Kharif,Ragi,1645,3604,2.190881459
Tamil Nadu,PUDUKKOTTAI,1998,Kharif,Rice,107199,368902,3.441282102
Tamil Nadu,PUDUKKOTTAI,1998,Kharif,Sesamum,8974,3976,0.443057722
Tamil Nadu,PUDUKKOTTAI,1998,Kharif,Sunflower,39,38,0.974358974
Tamil Nadu,PUDUKKOTTAI,1998,Kharif,Total foodgrain,130913,38584,0.294730088
Tamil Nadu,PUDUKKOTTAI,1998,Kharif,Urad,11420,5584,0.488966725
Tamil Nadu,PUDUKKOTTAI,1998,Rabi,Gram,21,17,0.80952381
Tamil Nadu,PUDUKKOTTAI,1998,Whole Year,Banana,3546,171623,48.39904117
Tamil Nadu,PUDUKKOTTAI,1998,Whole Year,Cashewnut,13646,1365,0.100029313
Tamil Nadu,PUDUKKOTTAI,1998,Whole Year,Coriander,102,22,0.215686275
Tamil Nadu,PUDUKKOTTAI,1998,Whole Year,Dry chillies,771,463,0.600518807
Tamil Nadu,PUDUKKOTTAI,1998,Whole Year,Onion,7,55,7.857142857
Tamil Nadu,PUDUKKOTTAI,1998,Whole Year,Sugarcane,2829,347210,122.7324143
Tamil Nadu,PUDUKKOTTAI,1998,Whole Year,Sweet potato,1,26,26
Tamil Nadu,PUDUKKOTTAI,1998,Whole Year,Tapioca,17,631,37.11764706
Tamil Nadu,PUDUKKOTTAI,1998,Whole Year,Turmeric,25,152,6.08
Tamil Nadu,PUDUKKOTTAI,1999,Kharif,Arhar/Tur,3734,1717,0.459828602
Tamil Nadu,PUDUKKOTTAI,1999,Kharif,Bajra,203,448,2.206896552
Tamil Nadu,PUDUKKOTTAI,1999,Kharif,Castor seed,30,9,0.3
Tamil Nadu,PUDUKKOTTAI,1999,Kharif,Cotton(lint),1162,2620,2.254733219
Tamil Nadu,PUDUKKOTTAI,1999,Kharif,Groundnut,40700,52922,1.30029484
Tamil Nadu,PUDUKKOTTAI,1999,Kharif,Horse-gram,404,175,0.433168317
Tamil Nadu,PUDUKKOTTAI,1999,Kharif,Jowar,519,882,1.699421965
Tamil Nadu,PUDUKKOTTAI,1999,Kharif,Maize,1675,3474,2.074029851
Tamil Nadu,PUDUKKOTTAI,1999,Kharif,Moong(Green Gram),344,187,0.543604651
Tamil Nadu,PUDUKKOTTAI,1999,Kharif,Ragi,808,863,1.068069307
Tamil Nadu,PUDUKKOTTAI,1999,Kharif,Rice,102047,347210,3.402451811
Tamil Nadu,PUDUKKOTTAI,1999,Kharif,Sesamum,11273,4459,0.395546882
Tamil Nadu,PUDUKKOTTAI,1999,Kharif,Sunflower,27,29,1.074074074
Tamil Nadu,PUDUKKOTTAI,1999,Kharif,Urad,11489,5951,0.517973714
Tamil Nadu,PUDUKKOTTAI,1999,Kharif,Varagu,1062,581,0.547080979
Tamil Nadu,PUDUKKOTTAI,1999,Rabi,Gram,2,1,0.5
Tamil Nadu,PUDUKKOTTAI,1999,Whole Year,Banana,3558,106791,30.0143339
Tamil Nadu,PUDUKKOTTAI,1999,Whole Year,Cashewnut,13268,4073,0.306979198
Tamil Nadu,PUDUKKOTTAI,1999,Whole Year,Coriander,20,5,0.25
Tamil Nadu,PUDUKKOTTAI,1999,Whole Year,Dry chillies,500,395,0.79
Tamil Nadu,PUDUKKOTTAI,1999,Whole Year,Guar seed,3845,40023,10.40910273
Tamil Nadu,PUDUKKOTTAI,1999,Whole Year,Onion,3,24,8
Tamil Nadu,PUDUKKOTTAI,1999,Whole Year,Sugarcane,3854,411553,106.7859367
Tamil Nadu,PUDUKKOTTAI,1999,Whole Year,Sweet potato,14,170,12.14285714
Tamil Nadu,PUDUKKOTTAI,1999,Whole Year,Tapioca,11,390,35.45454545
Tamil Nadu,PUDUKKOTTAI,1999,Whole Year,Tobacco,6,9,1.5
Tamil Nadu,PUDUKKOTTAI,1999,Whole Year,Turmeric,29,164,5.655172414
Tamil Nadu,PUDUKKOTTAI,2000,Kharif,Arhar/Tur,3347,1539,0.459814759
Tamil Nadu,PUDUKKOTTAI,2000,Kharif,Bajra,260,352,1.353846154
Tamil Nadu,PUDUKKOTTAI,2000,Kharif,Castor seed,4,1,0.25
Tamil Nadu,PUDUKKOTTAI,2000,Kharif,Cotton(lint),1396,3189,2.284383954
Tamil Nadu,PUDUKKOTTAI,2000,Kharif,Groundnut,33943,46995,1.384527001
Tamil Nadu,PUDUKKOTTAI,2000,Kharif,Horse-gram,189,82,0.433862434
Tamil Nadu,PUDUKKOTTAI,2000,Kharif,Jowar,652,581,0.891104294
Tamil Nadu,PUDUKKOTTAI,2000,Kharif,Maize,1217,2524,2.073952342
Tamil Nadu,PUDUKKOTTAI,2000,Kharif,Moong(Green Gram),1024,478,0.466796875
Tamil Nadu,PUDUKKOTTAI,2000,Kharif,Other Cereals & Millets,427,234,0.548009368
Tamil Nadu,PUDUKKOTTAI,2000,Kharif,Other Kharif pulses,2994,456,0.152304609
Tamil Nadu,PUDUKKOTTAI,2000,Kharif,Ragi,689,877,1.272859216
Tamil Nadu,PUDUKKOTTAI,2000,Kharif,Rice,97289,349674,3.59417817
Tamil Nadu,PUDUKKOTTAI,2000,Kharif,Sesamum,9648,3950,0.409411277
Tamil Nadu,PUDUKKOTTAI,2000,Kharif,Sunflower,22,25,1.136363636
Tamil Nadu,PUDUKKOTTAI,2000,Kharif,Urad,14444,7482,0.518000554
Tamil Nadu,PUDUKKOTTAI,2000,Whole Year,Banana,2550,76537,30.0145098
Tamil Nadu,PUDUKKOTTAI,2000,Whole Year,Cashewnut,14116,2800,0.198356475
Tamil Nadu,PUDUKKOTTAI,2000,Whole Year,Coriander,49,11,0.224489796
Tamil Nadu,PUDUKKOTTAI,2000,Whole Year,Dry chillies,347,237,0.682997118
Tamil Nadu,PUDUKKOTTAI,2000,Whole Year,Onion,28,226,8.071428571
Tamil Nadu,PUDUKKOTTAI,2000,Whole Year,Sannhamp,57,42,0.736842105
Tamil Nadu,PUDUKKOTTAI,2000,Whole Year,Sugarcane,5000,535180,107.036
Tamil Nadu,PUDUKKOTTAI,2000,Whole Year,Tapioca,14,497,35.5
Tamil Nadu,PUDUKKOTTAI,2000,Whole Year,Turmeric,20,109,5.45
Tamil Nadu,PUDUKKOTTAI,2001,Kharif,Arhar/Tur,1390,1450,1.043165468
Tamil Nadu,PUDUKKOTTAI,2001,Kharif,Bajra,30,40,1.333333333
Tamil Nadu,PUDUKKOTTAI,2001,Kharif,Cotton(lint),443,870,1.963882619
Tamil Nadu,PUDUKKOTTAI,2001,Kharif,Groundnut,27543,41370,1.502015031
Tamil Nadu,PUDUKKOTTAI,2001,Kharif,Jowar,326,160,0.490797546
Tamil Nadu,PUDUKKOTTAI,2001,Kharif,Moong(Green Gram),37,20,0.540540541
Tamil Nadu,PUDUKKOTTAI,2001,Kharif,Ragi,278,620,2.230215827
Tamil Nadu,PUDUKKOTTAI,2001,Kharif,Rice,83500,220600,2.641916168
Tamil Nadu,PUDUKKOTTAI,2001,Kharif,Sesamum,1481,760,0.513166779
Tamil Nadu,PUDUKKOTTAI,2001,Kharif,Sunflower,5,10,2
Tamil Nadu,PUDUKKOTTAI,2001,Kharif,Urad,2140,840,0.392523364
Tamil Nadu,PUDUKKOTTAI,2001,Whole Year,Sugarcane,5811,582200,100.1892962
Tamil Nadu,PUDUKKOTTAI,2002,Kharif,Arhar/Tur,1456,679,0.466346154
Tamil Nadu,PUDUKKOTTAI,2002,Kharif,Bajra,7,6,0.857142857
Tamil Nadu,PUDUKKOTTAI,2002,Kharif,Cotton(lint),67,126,1.880597015
Tamil Nadu,PUDUKKOTTAI,2002,Kharif,Groundnut,20487,21840,1.06604188
Tamil Nadu,PUDUKKOTTAI,2002,Kharif,Horse-gram,204,52,0.254901961
Tamil Nadu,PUDUKKOTTAI,2002,Kharif,Jowar,653,471,0.721286371
Tamil Nadu,PUDUKKOTTAI,2002,Kharif,Maize,233,479,2.055793991
Tamil Nadu,PUDUKKOTTAI,2002,Kharif,Moong(Green Gram),113,48,0.424778761
Tamil Nadu,PUDUKKOTTAI,2002,Kharif,Other Kharif pulses,524,80,0.152671756
Tamil Nadu,PUDUKKOTTAI,2002,Kharif,Ragi,276,394,1.427536232
Tamil Nadu,PUDUKKOTTAI,2002,Kharif,Rice,76443,158377,2.071831299
Tamil Nadu,PUDUKKOTTAI,2002,Kharif,Sesamum,410,180,0.43902439
Tamil Nadu,PUDUKKOTTAI,2002,Kharif,Sunflower,4,5,1.25
Tamil Nadu,PUDUKKOTTAI,2002,Kharif,Urad,880,351,0.398863636
Tamil Nadu,PUDUKKOTTAI,2002,Kharif,Varagu,323,107,0.33126935
Tamil Nadu,PUDUKKOTTAI,2002,Whole Year,Banana,3443,170257,49.45018879
Tamil Nadu,PUDUKKOTTAI,2002,Whole Year,Bhindi,58,432,7.448275862
Tamil Nadu,PUDUKKOTTAI,2002,Whole Year,Bitter Gourd,2,0,0
Tamil Nadu,PUDUKKOTTAI,2002,Whole Year,Brinjal,141,1075,7.624113475
Tamil Nadu,PUDUKKOTTAI,2002,Whole Year,Cashewnut,10865,1132,0.104187759
Tamil Nadu,PUDUKKOTTAI,2002,Whole Year,Citrus Fruit,78,86,1.102564103
Tamil Nadu,PUDUKKOTTAI,2002,Whole Year,Coconut,5105,25600,5.014691479
Tamil Nadu,PUDUKKOTTAI,2002,Whole Year,Coriander,15,3,0.2
Tamil Nadu,PUDUKKOTTAI,2002,Whole Year,Cucumber,12,0,0
Tamil Nadu,PUDUKKOTTAI,2002,Whole Year,Drum Stick,11,0,0
Tamil Nadu,PUDUKKOTTAI,2002,Whole Year,Dry chillies,100,59,0.59
Tamil Nadu,PUDUKKOTTAI,2002,Whole Year,Jack Fruit,123,1392,11.31707317
Tamil Nadu,PUDUKKOTTAI,2002,Whole Year,Mango,594,3559,5.991582492
Tamil Nadu,PUDUKKOTTAI,2002,Whole Year,Onion,9,76,8.444444444
Tamil Nadu,PUDUKKOTTAI,2002,Whole Year,Other Citrus Fruit,6,0,0
Tamil Nadu,PUDUKKOTTAI,2002,Whole Year,Other Fresh Fruits,11,0,0
Tamil Nadu,PUDUKKOTTAI,2002,Whole Year,Other Vegetables,14,0,0
Tamil Nadu,PUDUKKOTTAI,2002,Whole Year,Pome Fruit,91,476,5.230769231
Tamil Nadu,PUDUKKOTTAI,2002,Whole Year,Pump Kin,9,0,0
Tamil Nadu,PUDUKKOTTAI,2002,Whole Year,Redish,10,0,0
Tamil Nadu,PUDUKKOTTAI,2002,Whole Year,Snak Guard,3,0,0
Tamil Nadu,PUDUKKOTTAI,2002,Whole Year,Sugarcane,6349,583080,91.83808474
Tamil Nadu,PUDUKKOTTAI,2002,Whole Year,Sweet potato,3,41,13.66666667
Tamil Nadu,PUDUKKOTTAI,2002,Whole Year,Tapioca,16,505,31.5625
Tamil Nadu,PUDUKKOTTAI,2002,Whole Year,Tomato,9,111,12.33333333
Tamil Nadu,PUDUKKOTTAI,2002,Whole Year,Turmeric,4,15,3.75
Tamil Nadu,PUDUKKOTTAI,2003,Kharif,Arhar/Tur,1547,455,0.294117647
Tamil Nadu,PUDUKKOTTAI,2003,Kharif,Bajra,39,44,1.128205128
Tamil Nadu,PUDUKKOTTAI,2003,Kharif,Cotton(lint),140,164,1.171428571
Tamil Nadu,PUDUKKOTTAI,2003,Kharif,Groundnut,21510,27601,1.283170618
Tamil Nadu,PUDUKKOTTAI,2003,Kharif,Horse-gram,142,38,0.267605634
Tamil Nadu,PUDUKKOTTAI,2003,Kharif,Jowar,921,583,0.6330076
Tamil Nadu,PUDUKKOTTAI,2003,Kharif,Maize,202,415,2.054455446
Tamil Nadu,PUDUKKOTTAI,2003,Kharif,Moong(Green Gram),111,47,0.423423423
Tamil Nadu,PUDUKKOTTAI,2003,Kharif,Other Kharif pulses,573,86,0.15008726
Tamil Nadu,PUDUKKOTTAI,2003,Kharif,Ragi,203,349,1.719211823
Tamil Nadu,PUDUKKOTTAI,2003,Kharif,Rice,79768,146603,1.837867315
Tamil Nadu,PUDUKKOTTAI,2003,Kharif,Sesamum,553,206,0.372513562
Tamil Nadu,PUDUKKOTTAI,2003,Kharif,Small millets,311,395,1.270096463
Tamil Nadu,PUDUKKOTTAI,2003,Kharif,Sunflower,11,14,1.272727273
Tamil Nadu,PUDUKKOTTAI,2003,Kharif,Urad,690,282,0.408695652
Tamil Nadu,PUDUKKOTTAI,2003,Whole Year,Ash Gourd,5,0,0
Tamil Nadu,PUDUKKOTTAI,2003,Whole Year,Banana,3519,177570,50.46035806
Tamil Nadu,PUDUKKOTTAI,2003,Whole Year,Bhindi,25,175,7
Tamil Nadu,PUDUKKOTTAI,2003,Whole Year,Bitter Gourd,3,0,0
Tamil Nadu,PUDUKKOTTAI,2003,Whole Year,Black pepper,1,,
Tamil Nadu,PUDUKKOTTAI,2003,Whole Year,Brinjal,83,928,11.18072289
Tamil Nadu,PUDUKKOTTAI,2003,Whole Year,Cashewnut,10865,2285,0.210308329
Tamil Nadu,PUDUKKOTTAI,2003,Whole Year,Citrus Fruit,99,103,1.04040404
Tamil Nadu,PUDUKKOTTAI,2003,Whole Year,Coconut,5199,42100,8.097711098
Tamil Nadu,PUDUKKOTTAI,2003,Whole Year,Coriander,6,2,0.333333333
Tamil Nadu,PUDUKKOTTAI,2003,Whole Year,Cucumber,3,0,0
Tamil Nadu,PUDUKKOTTAI,2003,Whole Year,Drum Stick,12,0,0
Tamil Nadu,PUDUKKOTTAI,2003,Whole Year,Dry chillies,80,43,0.5375
Tamil Nadu,PUDUKKOTTAI,2003,Whole Year,Jack Fruit,124,1198,9.661290323
Tamil Nadu,PUDUKKOTTAI,2003,Whole Year,Lab-Lab,1,0,0
Tamil Nadu,PUDUKKOTTAI,2003,Whole Year,Mango,625,2597,4.1552
Tamil Nadu,PUDUKKOTTAI,2003,Whole Year,Onion,6,54,9
Tamil Nadu,PUDUKKOTTAI,2003,Whole Year,Other Citrus Fruit,13,0,0
Tamil Nadu,PUDUKKOTTAI,2003,Whole Year,Other Fresh Fruits,27,0,0
Tamil Nadu,PUDUKKOTTAI,2003,Whole Year,Other Vegetables,9,0,0
Tamil Nadu,PUDUKKOTTAI,2003,Whole Year,Papaya,3,0,0
Tamil Nadu,PUDUKKOTTAI,2003,Whole Year,Pome Fruit,104,730,7.019230769
Tamil Nadu,PUDUKKOTTAI,2003,Whole Year,Pump Kin,1,0,0
Tamil Nadu,PUDUKKOTTAI,2003,Whole Year,Redish,2,0,0
Tamil Nadu,PUDUKKOTTAI,2003,Whole Year,Sugarcane,6091,619323,101.6783779
Tamil Nadu,PUDUKKOTTAI,2003,Whole Year,Sweet potato,1,14,14
Tamil Nadu,PUDUKKOTTAI,2003,Whole Year,Tapioca,17,573,33.70588235
Tamil Nadu,PUDUKKOTTAI,2003,Whole Year,Tomato,11,112,10.18181818
Tamil Nadu,PUDUKKOTTAI,2003,Whole Year,Turmeric,4,17,4.25
Tamil Nadu,PUDUKKOTTAI,2003,Whole Year,Water Melon,3,0,0
Tamil Nadu,PUDUKKOTTAI,2004,Kharif,Arhar/Tur,1607,1142,0.710640946
Tamil Nadu,PUDUKKOTTAI,2004,Kharif,Bajra,35,41,1.171428571
Tamil Nadu,PUDUKKOTTAI,2004,Kharif,Cotton(lint),246,314,1.276422764
Tamil Nadu,PUDUKKOTTAI,2004,Kharif,Groundnut,25668,36746,1.431587969
Tamil Nadu,PUDUKKOTTAI,2004,Kharif,Horse-gram,130,39,0.3
Tamil Nadu,PUDUKKOTTAI,2004,Kharif,Jowar,1368,876,0.640350877
Tamil Nadu,PUDUKKOTTAI,2004,Kharif,Maize,914,1877,2.053610503
Tamil Nadu,PUDUKKOTTAI,2004,Kharif,Moong(Green Gram),220,88,0.4
Tamil Nadu,PUDUKKOTTAI,2004,Kharif,Other Kharif pulses,534,80,0.149812734
Tamil Nadu,PUDUKKOTTAI,2004,Kharif,Ragi,356,574,1.612359551
Tamil Nadu,PUDUKKOTTAI,2004,Kharif,Rice,94032,277277,2.948751489
Tamil Nadu,PUDUKKOTTAI,2004,Kharif,Sesamum,756,285,0.376984127
Tamil Nadu,PUDUKKOTTAI,2004,Kharif,Small millets,115,140,1.217391304
Tamil Nadu,PUDUKKOTTAI,2004,Kharif,Sunflower,2,2,1
Tamil Nadu,PUDUKKOTTAI,2004,Kharif,Urad,919,337,0.366702938
Tamil Nadu,PUDUKKOTTAI,2004,Whole Year,Banana,3996,187780,46.99199199
Tamil Nadu,PUDUKKOTTAI,2004,Whole Year,Cashewnut,10676,2669,0.25
Tamil Nadu,PUDUKKOTTAI,2004,Whole Year,Coconut,5636,30800,5.464868701
Tamil Nadu,PUDUKKOTTAI,2004,Whole Year,Coriander,8,3,0.375
Tamil Nadu,PUDUKKOTTAI,2004,Whole Year,Dry chillies,98,66,0.673469388
Tamil Nadu,PUDUKKOTTAI,2004,Whole Year,Onion,3,29,9.666666667
Tamil Nadu,PUDUKKOTTAI,2004,Whole Year,Sugarcane,7472,930638,124.5500535
Tamil Nadu,PUDUKKOTTAI,2004,Whole Year,Tapioca,21,867,41.28571429
Tamil Nadu,PUDUKKOTTAI,2004,Whole Year,Turmeric,6,33,5.5
Tamil Nadu,PUDUKKOTTAI,2005,Kharif,Arhar/Tur,1528,818,0.535340314
Tamil Nadu,PUDUKKOTTAI,2005,Kharif,Bajra,39,51,1.307692308
Tamil Nadu,PUDUKKOTTAI,2005,Kharif,Castor seed,5,1,0.2
Tamil Nadu,PUDUKKOTTAI,2005,Kharif,Cotton(lint),74,135,1.824324324
Tamil Nadu,PUDUKKOTTAI,2005,Kharif,Groundnut,24934,48953,1.96330312
Tamil Nadu,PUDUKKOTTAI,2005,Kharif,Horse-gram,66,24,0.363636364
Tamil Nadu,PUDUKKOTTAI,2005,Kharif,Jowar,777,517,0.665379665
Tamil Nadu,PUDUKKOTTAI,2005,Kharif,Maize,953,,
Tamil Nadu,PUDUKKOTTAI,2005,Kharif,Moong(Green Gram),79,27,0.341772152
Tamil Nadu,PUDUKKOTTAI,2005,Kharif,Other Kharif pulses,444,92,0.207207207
Tamil Nadu,PUDUKKOTTAI,2005,Kharif,Ragi,181,275,1.519337017
Tamil Nadu,PUDUKKOTTAI,2005,Kharif,Rice,95986,232568,2.422936678
Tamil Nadu,PUDUKKOTTAI,2005,Kharif,Sesamum,649,273,0.420647149
Tamil Nadu,PUDUKKOTTAI,2005,Kharif,Small millets,85,48,0.564705882
Tamil Nadu,PUDUKKOTTAI,2005,Kharif,Sunflower,5,6,1.2
Tamil Nadu,PUDUKKOTTAI,2005,Kharif,Urad,600,197,0.328333333
Tamil Nadu,PUDUKKOTTAI,2005,Whole Year,Arecanut,1,1,1
Tamil Nadu,PUDUKKOTTAI,2005,Whole Year,Banana,4050,204626,50.52493827
Tamil Nadu,PUDUKKOTTAI,2005,Whole Year,Black pepper,2,,
Tamil Nadu,PUDUKKOTTAI,2005,Whole Year,Cashewnut,11041,2584,0.234036772
Tamil Nadu,PUDUKKOTTAI,2005,Whole Year,Coconut,6038,596,0.098708182
Tamil Nadu,PUDUKKOTTAI,2005,Whole Year,Dry chillies,37,24,0.648648649
Tamil Nadu,PUDUKKOTTAI,2005,Whole Year,Sugarcane,9459,1276047,134.9029496
Tamil Nadu,PUDUKKOTTAI,2005,Whole Year,Sweet potato,3,63,21
Tamil Nadu,PUDUKKOTTAI,2005,Whole Year,Tapioca,21,802,38.19047619
Tamil Nadu,PUDUKKOTTAI,2005,Whole Year,Turmeric,4,22,5.5
Tamil Nadu,PUDUKKOTTAI,2006,Kharif,Rice,93365,283985,3.041664435
Tamil Nadu,PUDUKKOTTAI,2006,Kharif,Small millets,65,64,0.984615385
Tamil Nadu,PUDUKKOTTAI,2006,Whole Year,Arecanut,1,1,1
Tamil Nadu,PUDUKKOTTAI,2006,Whole Year,Arhar/Tur,1287,699,0.543123543
Tamil Nadu,PUDUKKOTTAI,2006,Whole Year,Bajra,58,82,1.413793103
Tamil Nadu,PUDUKKOTTAI,2006,Whole Year,Banana,3736,238141,63.74223769
Tamil Nadu,PUDUKKOTTAI,2006,Whole Year,Black pepper,2,,
Tamil Nadu,PUDUKKOTTAI,2006,Whole Year,Cashewnut,9658,2214,0.229240008
Tamil Nadu,PUDUKKOTTAI,2006,Whole Year,Castor seed,1,,
Tamil Nadu,PUDUKKOTTAI,2006,Whole Year,Coconut,6389,760,0.118954453
Tamil Nadu,PUDUKKOTTAI,2006,Whole Year,Coriander,1,,
Tamil Nadu,PUDUKKOTTAI,2006,Whole Year,Cotton(lint),64,139,2.171875
Tamil Nadu,PUDUKKOTTAI,2006,Whole Year,Dry chillies,115,80,0.695652174
Tamil Nadu,PUDUKKOTTAI,2006,Whole Year,Groundnut,24038,42286,1.759131375
Tamil Nadu,PUDUKKOTTAI,2006,Whole Year,Horse-gram,125,73,0.584
Tamil Nadu,PUDUKKOTTAI,2006,Whole Year,Jowar,667,627,0.940029985
Tamil Nadu,PUDUKKOTTAI,2006,Whole Year,Maize,1555,12962,8.335691318
Tamil Nadu,PUDUKKOTTAI,2006,Whole Year,Moong(Green Gram),103,59,0.572815534
Tamil Nadu,PUDUKKOTTAI,2006,Whole Year,Potato,3,45,15
Tamil Nadu,PUDUKKOTTAI,2006,Whole Year,Ragi,213,493,2.314553991
Tamil Nadu,PUDUKKOTTAI,2006,Whole Year,Sesamum,589,336,0.570458404
Tamil Nadu,PUDUKKOTTAI,2006,Whole Year,Sugarcane,10204,1485060,145.5370443
Tamil Nadu,PUDUKKOTTAI,2006,Whole Year,Sunflower,8,15,1.875
Tamil Nadu,PUDUKKOTTAI,2006,Whole Year,Sweet potato,1,17,17
Tamil Nadu,PUDUKKOTTAI,2006,Whole Year,Tapioca,91,3673,40.36263736
Tamil Nadu,PUDUKKOTTAI,2006,Whole Year,Turmeric,3,17,5.666666667
Tamil Nadu,PUDUKKOTTAI,2006,Whole Year,Urad,896,511,0.5703125
Tamil Nadu,PUDUKKOTTAI,2007,Kharif,Rice,88665,159552,1.799492472
Tamil Nadu,PUDUKKOTTAI,2007,Kharif,Small millets,44,34,0.772727273
Tamil Nadu,PUDUKKOTTAI,2007,Whole Year,Arecanut,6,13,2.166666667
Tamil Nadu,PUDUKKOTTAI,2007,Whole Year,Arhar/Tur,1191,495,0.415617128
Tamil Nadu,PUDUKKOTTAI,2007,Whole Year,Bajra,13,34,2.615384615
Tamil Nadu,PUDUKKOTTAI,2007,Whole Year,Banana,3135,174881,55.78341308
Tamil Nadu,PUDUKKOTTAI,2007,Whole Year,Black pepper,1,,
Tamil Nadu,PUDUKKOTTAI,2007,Whole Year,Cashewnut,8987,2432,0.270613108
Tamil Nadu,PUDUKKOTTAI,2007,Whole Year,Castor seed,4,1,0.25
Tamil Nadu,PUDUKKOTTAI,2007,Whole Year,Coconut,6801,1027,0.151007205
Tamil Nadu,PUDUKKOTTAI,2007,Whole Year,Cotton(lint),112,296,2.642857143
Tamil Nadu,PUDUKKOTTAI,2007,Whole Year,Dry chillies,53,27,0.509433962
Tamil Nadu,PUDUKKOTTAI,2007,Whole Year,Gram,1,1,1
Tamil Nadu,PUDUKKOTTAI,2007,Whole Year,Groundnut,23596,28042,1.188421766
Tamil Nadu,PUDUKKOTTAI,2007,Whole Year,Horse-gram,86,38,0.441860465
Tamil Nadu,PUDUKKOTTAI,2007,Whole Year,Jowar,166,139,0.837349398
Tamil Nadu,PUDUKKOTTAI,2007,Whole Year,Maize,2309,14301,6.193590299
Tamil Nadu,PUDUKKOTTAI,2007,Whole Year,Moong(Green Gram),127,37,0.291338583
Tamil Nadu,PUDUKKOTTAI,2007,Whole Year,Ragi,63,112,1.777777778
Tamil Nadu,PUDUKKOTTAI,2007,Whole Year,Sesamum,1624,719,0.44273399
Tamil Nadu,PUDUKKOTTAI,2007,Whole Year,Small millets,44,34,0.772727273
Tamil Nadu,PUDUKKOTTAI,2007,Whole Year,Sugarcane,8760,997492,113.8689498
Tamil Nadu,PUDUKKOTTAI,2007,Whole Year,Sunflower,147,234,1.591836735
Tamil Nadu,PUDUKKOTTAI,2007,Whole Year,Sweet potato,3,41,13.66666667
Tamil Nadu,PUDUKKOTTAI,2007,Whole Year,Tapioca,34,1435,42.20588235
Tamil Nadu,PUDUKKOTTAI,2007,Whole Year,Turmeric,2,11,5.5
Tamil Nadu,PUDUKKOTTAI,2007,Whole Year,Urad,785,204,0.259872611
Tamil Nadu,PUDUKKOTTAI,2008,Kharif,Rice,96386,179770,1.865104891
Tamil Nadu,PUDUKKOTTAI,2008,Kharif,Small millets,322,6,0.01863354
Tamil Nadu,PUDUKKOTTAI,2008,Whole Year,Arhar/Tur,857,431,0.502917153
Tamil Nadu,PUDUKKOTTAI,2008,Whole Year,Banana,3617,165895,45.86535803
Tamil Nadu,PUDUKKOTTAI,2008,Whole Year,Cashewnut,8435,2893,0.342975697
Tamil Nadu,PUDUKKOTTAI,2008,Whole Year,Castor seed,2,,
Tamil Nadu,PUDUKKOTTAI,2008,Whole Year,Coconut,6916,969000,140.1098901
Tamil Nadu,PUDUKKOTTAI,2008,Whole Year,Coriander,6,2,0.333333333
Tamil Nadu,PUDUKKOTTAI,2008,Whole Year,Cotton(lint),67,168,2.507462687
Tamil Nadu,PUDUKKOTTAI,2008,Whole Year,Dry chillies,53,27,0.509433962
Tamil Nadu,PUDUKKOTTAI,2008,Whole Year,Groundnut,19350,24820,1.282687339
Tamil Nadu,PUDUKKOTTAI,2008,Whole Year,Horse-gram,53,25,0.471698113
Tamil Nadu,PUDUKKOTTAI,2008,Whole Year,Jowar,86,62,0.720930233
Tamil Nadu,PUDUKKOTTAI,2008,Whole Year,Maize,3507,20803,5.931850585
Tamil Nadu,PUDUKKOTTAI,2008,Whole Year,Moong(Green Gram),102,23,0.225490196
Tamil Nadu,PUDUKKOTTAI,2008,Whole Year,Ragi,61,112,1.836065574
Tamil Nadu,PUDUKKOTTAI,2008,Whole Year,Sesamum,1302,591,0.453917051
Tamil Nadu,PUDUKKOTTAI,2008,Whole Year,Small millets,4,6,1.5
Tamil Nadu,PUDUKKOTTAI,2008,Whole Year,Sugarcane,7297,769148,105.4060573
Tamil Nadu,PUDUKKOTTAI,2008,Whole Year,Sunflower,106,141,1.330188679
Tamil Nadu,PUDUKKOTTAI,2008,Whole Year,Tapioca,36,1313,36.47222222
Tamil Nadu,PUDUKKOTTAI,2008,Whole Year,Turmeric,3,17,5.666666667
Tamil Nadu,PUDUKKOTTAI,2008,Whole Year,Urad,656,206,0.31402439
Tamil Nadu,PUDUKKOTTAI,2009,Kharif,Rice,95302,188449,1.977387673
Tamil Nadu,PUDUKKOTTAI,2009,Kharif,Small millets,5,7,1.4
Tamil Nadu,PUDUKKOTTAI,2009,Whole Year,Arhar/Tur,629,385,0.612082671
Tamil Nadu,PUDUKKOTTAI,2009,Whole Year,Banana,3426,219614,64.10215995
Tamil Nadu,PUDUKKOTTAI,2009,Whole Year,Cashewnut,8091,2539,0.313805463
Tamil Nadu,PUDUKKOTTAI,2009,Whole Year,Castor seed,1,,
Tamil Nadu,PUDUKKOTTAI,2009,Whole Year,Coconut,7233,74100,10.24471174
Tamil Nadu,PUDUKKOTTAI,2009,Whole Year,Coriander,5,2,0.4
Tamil Nadu,PUDUKKOTTAI,2009,Whole Year,Cotton(lint),13,35,2.692307692
Tamil Nadu,PUDUKKOTTAI,2009,Whole Year,Dry chillies,64,34,0.53125
Tamil Nadu,PUDUKKOTTAI,2009,Whole Year,Groundnut,19143,32716,1.709032022
Tamil Nadu,PUDUKKOTTAI,2009,Whole Year,Horse-gram,64,30,0.46875
Tamil Nadu,PUDUKKOTTAI,2009,Whole Year,Jowar,90,82,0.911111111
Tamil Nadu,PUDUKKOTTAI,2009,Whole Year,Maize,3061,22889,7.477621692
Tamil Nadu,PUDUKKOTTAI,2009,Whole Year,Moong(Green Gram),128,44,0.34375
Tamil Nadu,PUDUKKOTTAI,2009,Whole Year,Ragi,24,47,1.958333333
Tamil Nadu,PUDUKKOTTAI,2009,Whole Year,Sesamum,1183,619,0.523245985
Tamil Nadu,PUDUKKOTTAI,2009,Whole Year,Sugarcane,7133,723920,101.4888546
Tamil Nadu,PUDUKKOTTAI,2009,Whole Year,Sunflower,19,25,1.315789474
Tamil Nadu,PUDUKKOTTAI,2009,Whole Year,Sweet potato,1,15,15
Tamil Nadu,PUDUKKOTTAI,2009,Whole Year,Tapioca,46,1586,34.47826087
Tamil Nadu,PUDUKKOTTAI,2009,Whole Year,Turmeric,10,51,5.1
Tamil Nadu,PUDUKKOTTAI,2009,Whole Year,Urad,845,321,0.379881657
Tamil Nadu,PUDUKKOTTAI,2010,Kharif,Arhar/Tur,451,71,0.157427938
Tamil Nadu,PUDUKKOTTAI,2010,Kharif,Cotton(lint),12,22,1.833333333
Tamil Nadu,PUDUKKOTTAI,2010,Kharif,Groundnut,16459,25748,1.564372076
Tamil Nadu,PUDUKKOTTAI,2010,Kharif,Horse-gram,39,22,0.564102564
Tamil Nadu,PUDUKKOTTAI,2010,Kharif,Maize,2888,20732,7.17867036
Tamil Nadu,PUDUKKOTTAI,2010,Kharif,Moong(Green Gram),116,72,0.620689655
Tamil Nadu,PUDUKKOTTAI,2010,Kharif,Ragi,38,80,2.105263158
Tamil Nadu,PUDUKKOTTAI,2010,Kharif,Rice,92901,208874,2.248350395
Tamil Nadu,PUDUKKOTTAI,2010,Kharif,Sunflower,1,1,1
Tamil Nadu,PUDUKKOTTAI,2010,Kharif,Urad,835,418,0.500598802
Tamil Nadu,PUDUKKOTTAI,2010,Whole Year,Sugarcane,7858,853814,108.655383
Tamil Nadu,PUDUKKOTTAI,2011,Kharif,Bajra,11,24,2.181818182
Tamil Nadu,PUDUKKOTTAI,2011,Kharif,Cotton(lint),41,117,2.853658537
Tamil Nadu,PUDUKKOTTAI,2011,Kharif,Groundnut,13706,30009,2.18947906
Tamil Nadu,PUDUKKOTTAI,2011,Kharif,Jowar,376,412,1.095744681
Tamil Nadu,PUDUKKOTTAI,2011,Kharif,Maize,3098,25106,8.103938025
Tamil Nadu,PUDUKKOTTAI,2011,Kharif,Ragi,37,98,2.648648649
Tamil Nadu,PUDUKKOTTAI,2011,Kharif,Rice,92590,334264,3.610152284
Tamil Nadu,PUDUKKOTTAI,2011,Rabi,Cotton(lint),1,3,3
Tamil Nadu,PUDUKKOTTAI,2011,Rabi,Groundnut,3923,8332,2.123884782
Tamil Nadu,PUDUKKOTTAI,2011,Rabi,Jowar,149,248,1.66442953
Tamil Nadu,PUDUKKOTTAI,2011,Rabi,Maize,1659,11031,6.649186257
Tamil Nadu,PUDUKKOTTAI,2011,Rabi,Ragi,3,9,3
Tamil Nadu,PUDUKKOTTAI,2011,Whole Year,Arhar/Tur,358,194,0.541899441
Tamil Nadu,PUDUKKOTTAI,2011,Whole Year,Banana,3123,206796,66.21709894
Tamil Nadu,PUDUKKOTTAI,2011,Whole Year,Cashewnut,8396,3312,0.394473559
Tamil Nadu,PUDUKKOTTAI,2011,Whole Year,Castor seed,2,,
Tamil Nadu,PUDUKKOTTAI,2011,Whole Year,Coconut,8639,125800000,14561.87059
Tamil Nadu,PUDUKKOTTAI,2011,Whole Year,Coriander,5,2,0.4
Tamil Nadu,PUDUKKOTTAI,2011,Whole Year,Dry chillies,162,71,0.438271605
Tamil Nadu,PUDUKKOTTAI,2011,Whole Year,Horse-gram,12,6,0.5
Tamil Nadu,PUDUKKOTTAI,2011,Whole Year,Moong(Green Gram),34,22,0.647058824
Tamil Nadu,PUDUKKOTTAI,2011,Whole Year,Onion,1,13,13
Tamil Nadu,PUDUKKOTTAI,2011,Whole Year,Small millets,18,36,2
Tamil Nadu,PUDUKKOTTAI,2011,Whole Year,Sugarcane,9243,1216485,131.6114898
Tamil Nadu,PUDUKKOTTAI,2011,Whole Year,Sunflower,19,35,1.842105263
Tamil Nadu,PUDUKKOTTAI,2011,Whole Year,Sweet potato,1,20,20
Tamil Nadu,PUDUKKOTTAI,2011,Whole Year,Tapioca,50,1883,37.66
Tamil Nadu,PUDUKKOTTAI,2011,Whole Year,Turmeric,14,77,5.5
Tamil Nadu,PUDUKKOTTAI,2011,Whole Year,Urad,3604,2583,0.716703663
Tamil Nadu,PUDUKKOTTAI,2012,Kharif,Arhar/Tur,240,244,1.016666667
Tamil Nadu,PUDUKKOTTAI,2012,Kharif,Castor seed,2,,
Tamil Nadu,PUDUKKOTTAI,2012,Kharif,Cotton(lint),10,18,1.8
Tamil Nadu,PUDUKKOTTAI,2012,Kharif,Groundnut,12303,24197,1.966756076
Tamil Nadu,PUDUKKOTTAI,2012,Kharif,Horse-gram,16,6,0.375
Tamil Nadu,PUDUKKOTTAI,2012,Kharif,Maize,4022,23141,5.753605172
Tamil Nadu,PUDUKKOTTAI,2012,Kharif,Moong(Green Gram),24,6,0.25
Tamil Nadu,PUDUKKOTTAI,2012,Kharif,Ragi,22,41,1.863636364
Tamil Nadu,PUDUKKOTTAI,2012,Kharif,Rice,83585,240394,2.876042352
Tamil Nadu,PUDUKKOTTAI,2012,Kharif,Sunflower,2,2,1
Tamil Nadu,PUDUKKOTTAI,2012,Kharif,Urad,1405,691,0.491814947
Tamil Nadu,PUDUKKOTTAI,2012,Rabi,Gram,4,1,0.25
Tamil Nadu,PUDUKKOTTAI,2012,Whole Year,Sugarcane,9124,797048,87.35729943
Tamil Nadu,PUDUKKOTTAI,2013,Kharif,Bajra,21,48,2.285714286
Tamil Nadu,PUDUKKOTTAI,2013,Kharif,Cotton(lint),10,29,2.9
Tamil Nadu,PUDUKKOTTAI,2013,Kharif,Groundnut,6191,11987,1.936197706
Tamil Nadu,PUDUKKOTTAI,2013,Kharif,Jowar,374,416,1.112299465
Tamil Nadu,PUDUKKOTTAI,2013,Kharif,Maize,5354,38549,7.200037355
Tamil Nadu,PUDUKKOTTAI,2013,Kharif,Moong(Green Gram),16,9,0.5625
Tamil Nadu,PUDUKKOTTAI,2013,Kharif,Onion,8,93,11.625
Tamil Nadu,PUDUKKOTTAI,2013,Kharif,Ragi,32,88,2.75
Tamil Nadu,PUDUKKOTTAI,2013,Kharif,Rice,72652,119895,1.650264274
Tamil Nadu,PUDUKKOTTAI,2013,Kharif,Sunflower,8,14,1.75
Tamil Nadu,PUDUKKOTTAI,2013,Kharif,Urad,2778,2334,0.840172786
Tamil Nadu,PUDUKKOTTAI,2013,Rabi,Cotton(lint),1,2,2
Tamil Nadu,PUDUKKOTTAI,2013,Rabi,Groundnut,2274,5211,2.291556728
Tamil Nadu,PUDUKKOTTAI,2013,Rabi,Horse-gram,1,1,1
Tamil Nadu,PUDUKKOTTAI,2013,Rabi,Jowar,28,60,2.142857143
Tamil Nadu,PUDUKKOTTAI,2013,Rabi,Maize,3308,16547,5.002116082
Tamil Nadu,PUDUKKOTTAI,2013,Rabi,Onion,1,8,8
Tamil Nadu,PUDUKKOTTAI,2013,Rabi,Ragi,3,12,4
Tamil Nadu,PUDUKKOTTAI,2013,Rabi,Urad,2391,2040,0.853199498
Tamil Nadu,PUDUKKOTTAI,2013,Whole Year,Arhar/Tur,383,155,0.404699739
Tamil Nadu,PUDUKKOTTAI,2013,Whole Year,Banana,2303,94696,41.11854103
Tamil Nadu,PUDUKKOTTAI,2013,Whole Year,Cashewnut,7393,750,0.101447315
Tamil Nadu,PUDUKKOTTAI,2013,Whole Year,Coconut,9200,126600000,13760.86957
Tamil Nadu,PUDUKKOTTAI,2013,Whole Year,Dry chillies,107,29,0.271028037
Tamil Nadu,PUDUKKOTTAI,2013,Whole Year,Small millets,8,14,1.75
Tamil Nadu,PUDUKKOTTAI,2013,Whole Year,Sugarcane,6826,471079,69.01245239
Tamil Nadu,PUDUKKOTTAI,2013,Whole Year,Sweet potato,3,63,21
Tamil Nadu,PUDUKKOTTAI,2013,Whole Year,Tapioca,57,1706,29.92982456
Tamil Nadu,PUDUKKOTTAI,2013,Whole Year,Turmeric,8,29,3.625
Tamil Nadu,RAMANATHAPURAM,1997,Kharif,Banana,88,3141,35.69318182
Tamil Nadu,RAMANATHAPURAM,1997,Kharif,Horse-gram,23,10,0.434782609
Tamil Nadu,RAMANATHAPURAM,1997,Kharif,Onion,4,32,8
Tamil Nadu,RAMANATHAPURAM,1997,Kharif,Sesamum,1016,360,0.354330709
Tamil Nadu,RAMANATHAPURAM,1997,Whole Year,Bajra,720,800,1.111111111
Tamil Nadu,RAMANATHAPURAM,1997,Whole Year,Banana,177,8540,48.24858757
Tamil Nadu,RAMANATHAPURAM,1997,Whole Year,Cashewnut,93,60,0.64516129
Tamil Nadu,RAMANATHAPURAM,1997,Whole Year,Coriander,1533,200,0.130463144
Tamil Nadu,RAMANATHAPURAM,1997,Whole Year,Cotton(lint),2373,1890,0.796460177
Tamil Nadu,RAMANATHAPURAM,1997,Whole Year,Dry chillies,17452,10510,0.602223241
Tamil Nadu,RAMANATHAPURAM,1997,Whole Year,Groundnut,5964,6450,1.081488934
Tamil Nadu,RAMANATHAPURAM,1997,Whole Year,Jowar,1864,1680,0.901287554
Tamil Nadu,RAMANATHAPURAM,1997,Whole Year,Moong(Green Gram),124,40,0.322580645
Tamil Nadu,RAMANATHAPURAM,1997,Whole Year,Onion,3,20,6.666666667
Tamil Nadu,RAMANATHAPURAM,1997,Whole Year,Pulses total,3601,1600,0.444321022
Tamil Nadu,RAMANATHAPURAM,1997,Whole Year,Ragi,1626,3320,2.041820418
Tamil Nadu,RAMANATHAPURAM,1997,Whole Year,Rice,144633,480490,3.32213257
Tamil Nadu,RAMANATHAPURAM,1997,Whole Year,Sugarcane,182,195000,1071.428571
Tamil Nadu,RAMANATHAPURAM,1997,Whole Year,Sunflower,140,130,0.928571429
Tamil Nadu,RAMANATHAPURAM,1997,Whole Year,Total foodgrain,153049,488240,3.190089448
Tamil Nadu,RAMANATHAPURAM,1997,Whole Year,Turmeric,2,10,5
Tamil Nadu,RAMANATHAPURAM,1997,Whole Year,Urad,3230,1510,0.46749226
Tamil Nadu,RAMANATHAPURAM,1998,Kharif,Arhar/Tur,1,1,1
Tamil Nadu,RAMANATHAPURAM,1998,Kharif,Bajra,449,567,1.262806236
Tamil Nadu,RAMANATHAPURAM,1998,Kharif,Cotton(lint),5442,9012,1.65600882
Tamil Nadu,RAMANATHAPURAM,1998,Kharif,Groundnut,6833,9074,1.327967218
Tamil Nadu,RAMANATHAPURAM,1998,Kharif,Horse-gram,18,9,0.5
Tamil Nadu,RAMANATHAPURAM,1998,Kharif,Jowar,1613,1758,1.089894606
Tamil Nadu,RAMANATHAPURAM,1998,Kharif,Moong(Green Gram),27,13,0.481481481
Tamil Nadu,RAMANATHAPURAM,1998,Kharif,Pulses total,1518,680,0.447957839
Tamil Nadu,RAMANATHAPURAM,1998,Kharif,Ragi,863,1604,1.858632677
Tamil Nadu,RAMANATHAPURAM,1998,Kharif,Rice,136902,471001,3.440424537
Tamil Nadu,RAMANATHAPURAM,1998,Kharif,Sesamum,940,346,0.368085106
Tamil Nadu,RAMANATHAPURAM,1998,Kharif,Sunflower,156,153,0.980769231
Tamil Nadu,RAMANATHAPURAM,1998,Kharif,Total foodgrain,142689,47675,0.334118257
Tamil Nadu,RAMANATHAPURAM,1998,Kharif,Urad,1258,615,0.488871224
Tamil Nadu,RAMANATHAPURAM,1998,Whole Year,Banana,39,1906,48.87179487
Tamil Nadu,RAMANATHAPURAM,1998,Whole Year,Cashewnut,131,27,0.20610687
Tamil Nadu,RAMANATHAPURAM,1998,Whole Year,Coriander,3031,399,0.131639723
Tamil Nadu,RAMANATHAPURAM,1998,Whole Year,Dry chillies,13865,8347,0.602019473
Tamil Nadu,RAMANATHAPURAM,1998,Whole Year,Sugarcane,257,31540,122.7237354
Tamil Nadu,RAMANATHAPURAM,1999,Kharif,Arhar/Tur,481,333,0.692307692
Tamil Nadu,RAMANATHAPURAM,1999,Kharif,Bajra,256,255,0.99609375
Tamil Nadu,RAMANATHAPURAM,1999,Kharif,Cotton(lint),2139,1927,0.900888266
Tamil Nadu,RAMANATHAPURAM,1999,Kharif,Groundnut,5181,5611,1.082995561
Tamil Nadu,RAMANATHAPURAM,1999,Kharif,Horse-gram,34,13,0.382352941
Tamil Nadu,RAMANATHAPURAM,1999,Kharif,Jowar,1430,1262,0.882517483
Tamil Nadu,RAMANATHAPURAM,1999,Kharif,Moong(Green Gram),77,42,0.545454545
Tamil Nadu,RAMANATHAPURAM,1999,Kharif,Ragi,616,523,0.849025974
Tamil Nadu,RAMANATHAPURAM,1999,Kharif,Rice,128536,98806,0.768702931
Tamil Nadu,RAMANATHAPURAM,1999,Kharif,Sesamum,1476,414,0.280487805
Tamil Nadu,RAMANATHAPURAM,1999,Kharif,Sunflower,70,70,1
Tamil Nadu,RAMANATHAPURAM,1999,Kharif,Urad,1547,801,0.517776341
Tamil Nadu,RAMANATHAPURAM,1999,Kharif,Varagu,3,1,0.333333333
Tamil Nadu,RAMANATHAPURAM,1999,Whole Year,Banana,88,3141,35.69318182
Tamil Nadu,RAMANATHAPURAM,1999,Whole Year,Cashewnut,120,35,0.291666667
Tamil Nadu,RAMANATHAPURAM,1999,Whole Year,Coriander,1299,325,0.250192456
Tamil Nadu,RAMANATHAPURAM,1999,Whole Year,Dry chillies,19652,8926,0.454203135
Tamil Nadu,RAMANATHAPURAM,1999,Whole Year,Guar seed,352,3640,10.34090909
Tamil Nadu,RAMANATHAPURAM,1999,Whole Year,Onion,4,32,8
Tamil Nadu,RAMANATHAPURAM,1999,Whole Year,Sugarcane,352,37429,106.3323864
Tamil Nadu,RAMANATHAPURAM,2000,Kharif,Bajra,931,674,0.723952739
Tamil Nadu,RAMANATHAPURAM,2000,Kharif,Cotton(lint),8387,8112,0.96721116
Tamil Nadu,RAMANATHAPURAM,2000,Kharif,Groundnut,5523,4530,0.82020641
Tamil Nadu,RAMANATHAPURAM,2000,Kharif,Horse-gram,12,5,0.416666667
Tamil Nadu,RAMANATHAPURAM,2000,Kharif,Jowar,2143,1909,0.89080728
Tamil Nadu,RAMANATHAPURAM,2000,Kharif,Moong(Green Gram),111,52,0.468468468
Tamil Nadu,RAMANATHAPURAM,2000,Kharif,Other Kharif pulses,376,72,0.191489362
Tamil Nadu,RAMANATHAPURAM,2000,Kharif,Ragi,641,561,0.875195008
Tamil Nadu,RAMANATHAPURAM,2000,Kharif,Rice,123351,85929,0.696621835
Tamil Nadu,RAMANATHAPURAM,2000,Kharif,Sesamum,2095,927,0.4424821
Tamil Nadu,RAMANATHAPURAM,2000,Kharif,Sunflower,18,19,1.055555556
Tamil Nadu,RAMANATHAPURAM,2000,Kharif,Urad,2197,1138,0.517979062
Tamil Nadu,RAMANATHAPURAM,2000,Whole Year,Banana,74,2642,35.7027027
Tamil Nadu,RAMANATHAPURAM,2000,Whole Year,Cashewnut,129,50,0.387596899
Tamil Nadu,RAMANATHAPURAM,2000,Whole Year,Coriander,861,215,0.24970964
Tamil Nadu,RAMANATHAPURAM,2000,Whole Year,Dry chillies,16156,7416,0.459024511
Tamil Nadu,RAMANATHAPURAM,2000,Whole Year,Onion,11,89,8.090909091
Tamil Nadu,RAMANATHAPURAM,2000,Whole Year,Sugarcane,220,23393,106.3318182
Tamil Nadu,RAMANATHAPURAM,2001,Kharif,Bajra,587,620,1.056218058
Tamil Nadu,RAMANATHAPURAM,2001,Kharif,Cotton(lint),4415,4820,1.091732729
Tamil Nadu,RAMANATHAPURAM,2001,Kharif,Groundnut,6913,10610,1.534789527
Tamil Nadu,RAMANATHAPURAM,2001,Kharif,Jowar,1672,1320,0.789473684
Tamil Nadu,RAMANATHAPURAM,2001,Kharif,Moong(Green Gram),88,40,0.454545455
Tamil Nadu,RAMANATHAPURAM,2001,Kharif,Ragi,1023,1830,1.788856305
Tamil Nadu,RAMANATHAPURAM,2001,Kharif,Rice,124517,169900,1.364472321
Tamil Nadu,RAMANATHAPURAM,2001,Kharif,Sesamum,2254,940,0.41703638
Tamil Nadu,RAMANATHAPURAM,2001,Kharif,Sunflower,27,40,1.481481481
Tamil Nadu,RAMANATHAPURAM,2001,Kharif,Urad,1859,730,0.392684239
Tamil Nadu,RAMANATHAPURAM,2001,Whole Year,Sugarcane,597,59800,100.1675042
Tamil Nadu,RAMANATHAPURAM,2002,Kharif,Bajra,457,352,0.7702407
Tamil Nadu,RAMANATHAPURAM,2002,Kharif,Cotton(lint),1529,1040,0.680183126
Tamil Nadu,RAMANATHAPURAM,2002,Kharif,Groundnut,6998,8070,1.153186625
Tamil Nadu,RAMANATHAPURAM,2002,Kharif,Horse-gram,8,2,0.25
Tamil Nadu,RAMANATHAPURAM,2002,Kharif,Jowar,1968,1206,0.612804878
Tamil Nadu,RAMANATHAPURAM,2002,Kharif,Maize,13,15,1.153846154
Tamil Nadu,RAMANATHAPURAM,2002,Kharif,Moong(Green Gram),84,36,0.428571429
Tamil Nadu,RAMANATHAPURAM,2002,Kharif,Other Kharif pulses,383,68,0.177545692
Tamil Nadu,RAMANATHAPURAM,2002,Kharif,Ragi,1012,1354,1.337944664
Tamil Nadu,RAMANATHAPURAM,2002,Kharif,Rice,126152,159792,1.266662439
Tamil Nadu,RAMANATHAPURAM,2002,Kharif,Sesamum,1367,452,0.330651061
Tamil Nadu,RAMANATHAPURAM,2002,Kharif,Small millets,448,253,0.564732143
Tamil Nadu,RAMANATHAPURAM,2002,Kharif,Sunflower,72,83,1.152777778
Tamil Nadu,RAMANATHAPURAM,2002,Kharif,Urad,1900,758,0.398947368
Tamil Nadu,RAMANATHAPURAM,2002,Kharif,Varagu,1,1,1
Tamil Nadu,RAMANATHAPURAM,2002,Whole Year,Banana,169,6245,36.95266272
Tamil Nadu,RAMANATHAPURAM,2002,Whole Year,Bhindi,17,127,7.470588235
Tamil Nadu,RAMANATHAPURAM,2002,Whole Year,Brinjal,46,351,7.630434783
Tamil Nadu,RAMANATHAPURAM,2002,Whole Year,Cashewnut,124,37,0.298387097
Tamil Nadu,RAMANATHAPURAM,2002,Whole Year,Citrus Fruit,11,12,1.090909091
Tamil Nadu,RAMANATHAPURAM,2002,Whole Year,Coconut,9120,48100,5.274122807
Tamil Nadu,RAMANATHAPURAM,2002,Whole Year,Coriander,1130,77,0.068141593
Tamil Nadu,RAMANATHAPURAM,2002,Whole Year,Cucumber,1,0,0
Tamil Nadu,RAMANATHAPURAM,2002,Whole Year,Drum Stick,17,0,0
Tamil Nadu,RAMANATHAPURAM,2002,Whole Year,Dry chillies,18115,15292,0.844162296
Tamil Nadu,RAMANATHAPURAM,2002,Whole Year,Mango,121,725,5.991735537
Tamil Nadu,RAMANATHAPURAM,2002,Whole Year,Onion,44,372,8.454545455
Tamil Nadu,RAMANATHAPURAM,2002,Whole Year,Other Citrus Fruit,2,0,0
Tamil Nadu,RAMANATHAPURAM,2002,Whole Year,Other Fresh Fruits,54,0,0
Tamil Nadu,RAMANATHAPURAM,2002,Whole Year,Other Vegetables,8,0,0
Tamil Nadu,RAMANATHAPURAM,2002,Whole Year,Pome Fruit,54,283,5.240740741
Tamil Nadu,RAMANATHAPURAM,2002,Whole Year,Pump Kin,2,0,0
Tamil Nadu,RAMANATHAPURAM,2002,Whole Year,Snak Guard,1,0,0
Tamil Nadu,RAMANATHAPURAM,2002,Whole Year,Sugarcane,685,62910,91.83941606
Tamil Nadu,RAMANATHAPURAM,2002,Whole Year,Tomato,14,172,12.28571429
Tamil Nadu,RAMANATHAPURAM,2002,Whole Year,Turmeric,1,4,4
Tamil Nadu,RAMANATHAPURAM,2003,Kharif,Arhar/Tur,1,1,1
Tamil Nadu,RAMANATHAPURAM,2003,Kharif,Bajra,1002,1094,1.091816367
Tamil Nadu,RAMANATHAPURAM,2003,Kharif,Cotton(lint),3310,403,0.121752266
Tamil Nadu,RAMANATHAPURAM,2003,Kharif,Groundnut,9151,3587,0.391979019
Tamil Nadu,RAMANATHAPURAM,2003,Kharif,Horse-gram,15,4,0.266666667
Tamil Nadu,RAMANATHAPURAM,2003,Kharif,Jowar,2780,1658,0.596402878
Tamil Nadu,RAMANATHAPURAM,2003,Kharif,Maize,34,40,1.176470588
Tamil Nadu,RAMANATHAPURAM,2003,Kharif,Moong(Green Gram),390,165,0.423076923
Tamil Nadu,RAMANATHAPURAM,2003,Kharif,Other Kharif pulses,779,137,0.175866496
Tamil Nadu,RAMANATHAPURAM,2003,Kharif,Ragi,2109,3259,1.545282124
Tamil Nadu,RAMANATHAPURAM,2003,Kharif,Rice,121031,20771,0.171617189
Tamil Nadu,RAMANATHAPURAM,2003,Kharif,Sesamum,5466,1757,0.321441639
Tamil Nadu,RAMANATHAPURAM,2003,Kharif,Small millets,932,7,0.00751073
Tamil Nadu,RAMANATHAPURAM,2003,Kharif,Sunflower,45,58,1.288888889
Tamil Nadu,RAMANATHAPURAM,2003,Kharif,Urad,2752,1125,0.408793605
Tamil Nadu,RAMANATHAPURAM,2003,Whole Year,Banana,147,5200,35.37414966
Tamil Nadu,RAMANATHAPURAM,2003,Whole Year,Bhindi,20,140,7
Tamil Nadu,RAMANATHAPURAM,2003,Whole Year,Brinjal,32,358,11.1875
Tamil Nadu,RAMANATHAPURAM,2003,Whole Year,Cashewnut,230,79,0.343478261
Tamil Nadu,RAMANATHAPURAM,2003,Whole Year,Coconut,8343,45700,5.477645931
Tamil Nadu,RAMANATHAPURAM,2003,Whole Year,Coriander,1921,191,0.099427382
Tamil Nadu,RAMANATHAPURAM,2003,Whole Year,Drum Stick,18,0,0
Tamil Nadu,RAMANATHAPURAM,2003,Whole Year,Dry chillies,22742,17648,0.776009146
Tamil Nadu,RAMANATHAPURAM,2003,Whole Year,Mango,128,532,4.15625
Tamil Nadu,RAMANATHAPURAM,2003,Whole Year,Onion,55,495,9
Tamil Nadu,RAMANATHAPURAM,2003,Whole Year,Orange,14,27,1.928571429
Tamil Nadu,RAMANATHAPURAM,2003,Whole Year,Other Citrus Fruit,92,0,0
Tamil Nadu,RAMANATHAPURAM,2003,Whole Year,Other Fresh Fruits,50,0,0
Tamil Nadu,RAMANATHAPURAM,2003,Whole Year,Other Vegetables,7,0,0
Tamil Nadu,RAMANATHAPURAM,2003,Whole Year,Pome Fruit,69,484,7.014492754
Tamil Nadu,RAMANATHAPURAM,2003,Whole Year,Snak Guard,5,0,0
Tamil Nadu,RAMANATHAPURAM,2003,Whole Year,Sugarcane,451,45857,101.6784922
Tamil Nadu,RAMANATHAPURAM,2003,Whole Year,Tomato,15,152,10.13333333
Tamil Nadu,RAMANATHAPURAM,2003,Whole Year,Turmeric,2,8,4
Tamil Nadu,RAMANATHAPURAM,2004,Kharif,Bajra,1237,1467,1.185933711
Tamil Nadu,RAMANATHAPURAM,2004,Kharif,Castor seed,11,3,0.272727273
Tamil Nadu,RAMANATHAPURAM,2004,Kharif,Cotton(lint),5413,3802,0.702383152
Tamil Nadu,RAMANATHAPURAM,2004,Kharif,Groundnut,8607,19221,2.233182293
Tamil Nadu,RAMANATHAPURAM,2004,Kharif,Horse-gram,13,4,0.307692308
Tamil Nadu,RAMANATHAPURAM,2004,Kharif,Jowar,3029,3499,1.155166722
Tamil Nadu,RAMANATHAPURAM,2004,Kharif,Maize,137,160,1.167883212
Tamil Nadu,RAMANATHAPURAM,2004,Kharif,Moong(Green Gram),161,64,0.397515528
Tamil Nadu,RAMANATHAPURAM,2004,Kharif,Other Kharif pulses,776,137,0.176546392
Tamil Nadu,RAMANATHAPURAM,2004,Kharif,Ragi,1705,2843,1.66744868
Tamil Nadu,RAMANATHAPURAM,2004,Kharif,Rice,126607,254700,2.011737108
Tamil Nadu,RAMANATHAPURAM,2004,Kharif,Sesamum,1772,320,0.180586907
Tamil Nadu,RAMANATHAPURAM,2004,Kharif,Small millets,896,505,0.563616071
Tamil Nadu,RAMANATHAPURAM,2004,Kharif,Sunflower,25,27,1.08
Tamil Nadu,RAMANATHAPURAM,2004,Kharif,Urad,2105,772,0.366745843
Tamil Nadu,RAMANATHAPURAM,2004,Whole Year,Banana,131,5563,42.46564885
Tamil Nadu,RAMANATHAPURAM,2004,Whole Year,Cashewnut,261,94,0.360153257
Tamil Nadu,RAMANATHAPURAM,2004,Whole Year,Coconut,8472,109700,12.94853636
Tamil Nadu,RAMANATHAPURAM,2004,Whole Year,Coriander,1684,577,0.34263658
Tamil Nadu,RAMANATHAPURAM,2004,Whole Year,Dry chillies,23126,13180,0.569921301
Tamil Nadu,RAMANATHAPURAM,2004,Whole Year,Onion,98,948,9.673469388
Tamil Nadu,RAMANATHAPURAM,2004,Whole Year,Sugarcane,260,28619,110.0730769
Tamil Nadu,RAMANATHAPURAM,2004,Whole Year,Turmeric,1,5,5
Tamil Nadu,RAMANATHAPURAM,2005,Kharif,Bajra,1253,562,0.448523543
Tamil Nadu,RAMANATHAPURAM,2005,Kharif,Castor seed,15,5,0.333333333
Tamil Nadu,RAMANATHAPURAM,2005,Kharif,Cotton(lint),3733,2959,0.792660059
Tamil Nadu,RAMANATHAPURAM,2005,Kharif,Groundnut,7996,7989,0.999124562
Tamil Nadu,RAMANATHAPURAM,2005,Kharif,Horse-gram,6,2,0.333333333
Tamil Nadu,RAMANATHAPURAM,2005,Kharif,Jowar,2979,989,0.331990601
Tamil Nadu,RAMANATHAPURAM,2005,Kharif,Maize,1,,
Tamil Nadu,RAMANATHAPURAM,2005,Kharif,Moong(Green Gram),118,40,0.338983051
Tamil Nadu,RAMANATHAPURAM,2005,Kharif,Other Kharif pulses,566,103,0.181978799
Tamil Nadu,RAMANATHAPURAM,2005,Kharif,Ragi,1683,1090,0.647653001
Tamil Nadu,RAMANATHAPURAM,2005,Kharif,Rice,127395,247079,1.939471722
Tamil Nadu,RAMANATHAPURAM,2005,Kharif,Sesamum,1638,289,0.176434676
Tamil Nadu,RAMANATHAPURAM,2005,Kharif,Small millets,885,499,0.563841808
Tamil Nadu,RAMANATHAPURAM,2005,Kharif,Sunflower,47,58,1.234042553
Tamil Nadu,RAMANATHAPURAM,2005,Kharif,Urad,2048,542,0.264648438
Tamil Nadu,RAMANATHAPURAM,2005,Whole Year,Banana,88,4321,49.10227273
Tamil Nadu,RAMANATHAPURAM,2005,Whole Year,Cashewnut,375,141,0.376
Tamil Nadu,RAMANATHAPURAM,2005,Whole Year,Coconut,8526,1181,0.138517476
Tamil Nadu,RAMANATHAPURAM,2005,Whole Year,Coriander,1518,461,0.303689065
Tamil Nadu,RAMANATHAPURAM,2005,Whole Year,Dry chillies,19021,10938,0.57504863
Tamil Nadu,RAMANATHAPURAM,2005,Whole Year,Onion,90,721,8.011111111
Tamil Nadu,RAMANATHAPURAM,2005,Whole Year,Sugarcane,361,37794,104.6925208
Tamil Nadu,RAMANATHAPURAM,2005,Whole Year,Turmeric,1,6,6
Tamil Nadu,RAMANATHAPURAM,2006,Kharif,Rice,130422,223190,1.71129104
Tamil Nadu,RAMANATHAPURAM,2006,Kharif,Small millets,878,508,0.578587699
Tamil Nadu,RAMANATHAPURAM,2006,Rabi,Wheat,3,,
Tamil Nadu,RAMANATHAPURAM,2006,Whole Year,Arhar/Tur,55,40,0.727272727
Tamil Nadu,RAMANATHAPURAM,2006,Whole Year,Bajra,1074,1557,1.44972067
Tamil Nadu,RAMANATHAPURAM,2006,Whole Year,Banana,115,6162,53.5826087
Tamil Nadu,RAMANATHAPURAM,2006,Whole Year,Cashewnut,315,143,0.453968254
Tamil Nadu,RAMANATHAPURAM,2006,Whole Year,Castor seed,6,2,0.333333333
Tamil Nadu,RAMANATHAPURAM,2006,Whole Year,Coconut,7703,1576,0.204595612
Tamil Nadu,RAMANATHAPURAM,2006,Whole Year,Coriander,1226,506,0.412724307
Tamil Nadu,RAMANATHAPURAM,2006,Whole Year,Cotton(lint),2859,2361,0.825813221
Tamil Nadu,RAMANATHAPURAM,2006,Whole Year,Dry chillies,20621,13388,0.649241065
Tamil Nadu,RAMANATHAPURAM,2006,Whole Year,Gram,3,2,0.666666667
Tamil Nadu,RAMANATHAPURAM,2006,Whole Year,Groundnut,7046,8779,1.245955152
Tamil Nadu,RAMANATHAPURAM,2006,Whole Year,Horse-gram,3,2,0.666666667
Tamil Nadu,RAMANATHAPURAM,2006,Whole Year,Jowar,2366,2258,0.954353339
Tamil Nadu,RAMANATHAPURAM,2006,Whole Year,Maize,25,133,5.32
Tamil Nadu,RAMANATHAPURAM,2006,Whole Year,Moong(Green Gram),383,221,0.577023499
Tamil Nadu,RAMANATHAPURAM,2006,Whole Year,Onion,156,1362,8.730769231
Tamil Nadu,RAMANATHAPURAM,2006,Whole Year,Ragi,1068,1455,1.362359551
Tamil Nadu,RAMANATHAPURAM,2006,Whole Year,Sesamum,1315,325,0.247148289
Tamil Nadu,RAMANATHAPURAM,2006,Whole Year,Sugarcane,502,61643,122.7948207
Tamil Nadu,RAMANATHAPURAM,2006,Whole Year,Sunflower,235,430,1.829787234
Tamil Nadu,RAMANATHAPURAM,2006,Whole Year,Turmeric,2,11,5.5
Tamil Nadu,RAMANATHAPURAM,2006,Whole Year,Urad,2779,1584,0.569989205
Tamil Nadu,RAMANATHAPURAM,2007,Kharif,Rice,123771,29879,0.241405499
Tamil Nadu,RAMANATHAPURAM,2007,Kharif,Small millets,749,422,0.563417891
Tamil Nadu,RAMANATHAPURAM,2007,Whole Year,Bajra,617,859,1.392220421
Tamil Nadu,RAMANATHAPURAM,2007,Whole Year,Banana,115,5490,47.73913043
Tamil Nadu,RAMANATHAPURAM,2007,Whole Year,Cashewnut,161,92,0.571428571
Tamil Nadu,RAMANATHAPURAM,2007,Whole Year,Coconut,8449,1411,0.167002012
Tamil Nadu,RAMANATHAPURAM,2007,Whole Year,Coriander,1131,516,0.456233422
Tamil Nadu,RAMANATHAPURAM,2007,Whole Year,Cotton(lint),2165,1639,0.75704388
Tamil Nadu,RAMANATHAPURAM,2007,Whole Year,Dry chillies,25352,8628,0.340328179
Tamil Nadu,RAMANATHAPURAM,2007,Whole Year,Groundnut,6111,4712,0.771068565
Tamil Nadu,RAMANATHAPURAM,2007,Whole Year,Horse-gram,5,2,0.4
Tamil Nadu,RAMANATHAPURAM,2007,Whole Year,Jowar,1945,1693,0.870437018
Tamil Nadu,RAMANATHAPURAM,2007,Whole Year,Maize,3,8,2.666666667
Tamil Nadu,RAMANATHAPURAM,2007,Whole Year,Moong(Green Gram),318,93,0.29245283
Tamil Nadu,RAMANATHAPURAM,2007,Whole Year,Onion,148,1426,9.635135135
Tamil Nadu,RAMANATHAPURAM,2007,Whole Year,Potato,5,84,16.8
Tamil Nadu,RAMANATHAPURAM,2007,Whole Year,Ragi,877,1319,1.503990878
Tamil Nadu,RAMANATHAPURAM,2007,Whole Year,Sesamum,3190,694,0.217554859
Tamil Nadu,RAMANATHAPURAM,2007,Whole Year,Small millets,749,422,0.563417891
Tamil Nadu,RAMANATHAPURAM,2007,Whole Year,Sugarcane,334,35918,107.5389222
Tamil Nadu,RAMANATHAPURAM,2007,Whole Year,Sunflower,18,29,1.611111111
Tamil Nadu,RAMANATHAPURAM,2007,Whole Year,Turmeric,2,11,5.5
Tamil Nadu,RAMANATHAPURAM,2007,Whole Year,Urad,4117,1071,0.260140879
Tamil Nadu,RAMANATHAPURAM,2008,Kharif,Rice,128795,202989,1.576062735
Tamil Nadu,RAMANATHAPURAM,2008,Kharif,Small millets,52,384,7.384615385
Tamil Nadu,RAMANATHAPURAM,2008,Whole Year,Bajra,479,680,1.419624217
Tamil Nadu,RAMANATHAPURAM,2008,Whole Year,Banana,384,17070,44.453125
Tamil Nadu,RAMANATHAPURAM,2008,Whole Year,Cashewnut,125,65,0.52
Tamil Nadu,RAMANATHAPURAM,2008,Whole Year,Castor seed,118,37,0.313559322
Tamil Nadu,RAMANATHAPURAM,2008,Whole Year,Coconut,8162,894000,109.5319775
Tamil Nadu,RAMANATHAPURAM,2008,Whole Year,Coriander,957,221,0.23092999
Tamil Nadu,RAMANATHAPURAM,2008,Whole Year,Cotton(lint),1097,682,0.621695533
Tamil Nadu,RAMANATHAPURAM,2008,Whole Year,Dry chillies,26634,8788,0.329954194
Tamil Nadu,RAMANATHAPURAM,2008,Whole Year,Gram,9,6,0.666666667
Tamil Nadu,RAMANATHAPURAM,2008,Whole Year,Groundnut,5484,8146,1.485412108
Tamil Nadu,RAMANATHAPURAM,2008,Whole Year,Horse-gram,3,1,0.333333333
Tamil Nadu,RAMANATHAPURAM,2008,Whole Year,Jowar,1804,1901,1.053769401
Tamil Nadu,RAMANATHAPURAM,2008,Whole Year,Maize,300,1733,5.776666667
Tamil Nadu,RAMANATHAPURAM,2008,Whole Year,Moong(Green Gram),182,41,0.225274725
Tamil Nadu,RAMANATHAPURAM,2008,Whole Year,Onion,143,1352,9.454545455
Tamil Nadu,RAMANATHAPURAM,2008,Whole Year,Ragi,671,1269,1.891207154
Tamil Nadu,RAMANATHAPURAM,2008,Whole Year,Sesamum,1721,241,0.140034863
Tamil Nadu,RAMANATHAPURAM,2008,Whole Year,Small millets,680,384,0.564705882
Tamil Nadu,RAMANATHAPURAM,2008,Whole Year,Sugarcane,323,34307,106.2136223
Tamil Nadu,RAMANATHAPURAM,2008,Whole Year,Sunflower,49,65,1.326530612
Tamil Nadu,RAMANATHAPURAM,2008,Whole Year,Urad,3695,1831,0.495534506
Tamil Nadu,RAMANATHAPURAM,2009,Kharif,Rice,133885,234880,1.754341412
Tamil Nadu,RAMANATHAPURAM,2009,Kharif,Small millets,537,303,0.56424581
Tamil Nadu,RAMANATHAPURAM,2009,Whole Year,Bajra,581,769,1.323580034
Tamil Nadu,RAMANATHAPURAM,2009,Whole Year,Banana,73,3139,43
Tamil Nadu,RAMANATHAPURAM,2009,Whole Year,Cashewnut,137,69,0.503649635
Tamil Nadu,RAMANATHAPURAM,2009,Whole Year,Castor seed,98,31,0.316326531
Tamil Nadu,RAMANATHAPURAM,2009,Whole Year,Coconut,8454,66000,7.806955287
Tamil Nadu,RAMANATHAPURAM,2009,Whole Year,Coriander,1041,434,0.41690682
Tamil Nadu,RAMANATHAPURAM,2009,Whole Year,Cotton(lint),772,362,0.468911917
Tamil Nadu,RAMANATHAPURAM,2009,Whole Year,Dry chillies,20577,2843,0.138163969
Tamil Nadu,RAMANATHAPURAM,2009,Whole Year,Gram,3,2,0.666666667
Tamil Nadu,RAMANATHAPURAM,2009,Whole Year,Groundnut,4860,6495,1.336419753
Tamil Nadu,RAMANATHAPURAM,2009,Whole Year,Horse-gram,3,1,0.333333333
Tamil Nadu,RAMANATHAPURAM,2009,Whole Year,Jowar,1825,1533,0.84
Tamil Nadu,RAMANATHAPURAM,2009,Whole Year,Maize,152,518,3.407894737
Tamil Nadu,RAMANATHAPURAM,2009,Whole Year,Moong(Green Gram),415,143,0.344578313
Tamil Nadu,RAMANATHAPURAM,2009,Whole Year,Onion,124,1209,9.75
Tamil Nadu,RAMANATHAPURAM,2009,Whole Year,Ragi,544,899,1.652573529
Tamil Nadu,RAMANATHAPURAM,2009,Whole Year,Sesamum,1171,420,0.358667805
Tamil Nadu,RAMANATHAPURAM,2009,Whole Year,Sugarcane,456,46261,101.4495614
Tamil Nadu,RAMANATHAPURAM,2009,Whole Year,Sunflower,77,102,1.324675325
Tamil Nadu,RAMANATHAPURAM,2009,Whole Year,Urad,2957,386,0.130537707
Tamil Nadu,RAMANATHAPURAM,2010,Kharif,Arhar/Tur,2,1,0.5
Tamil Nadu,RAMANATHAPURAM,2010,Kharif,Castor seed,67,23,0.343283582
Tamil Nadu,RAMANATHAPURAM,2010,Kharif,Cotton(lint),1167,1613,1.382176521
Tamil Nadu,RAMANATHAPURAM,2010,Kharif,Groundnut,3856,5121,1.328060166
Tamil Nadu,RAMANATHAPURAM,2010,Kharif,Horse-gram,1,,
Tamil Nadu,RAMANATHAPURAM,2010,Kharif,Maize,216,1178,5.453703704
Tamil Nadu,RAMANATHAPURAM,2010,Kharif,Moong(Green Gram),482,134,0.278008299
Tamil Nadu,RAMANATHAPURAM,2010,Kharif,Ragi,370,529,1.42972973
Tamil Nadu,RAMANATHAPURAM,2010,Kharif,Rice,131397,253999,1.933065443
Tamil Nadu,RAMANATHAPURAM,2010,Kharif,Sunflower,100,113,1.13
Tamil Nadu,RAMANATHAPURAM,2010,Kharif,Urad,3232,1273,0.393873762
Tamil Nadu,RAMANATHAPURAM,2010,Rabi,Gram,1,1,1
Tamil Nadu,RAMANATHAPURAM,2010,Whole Year,Sugarcane,550,59623,108.4054545
Tamil Nadu,RAMANATHAPURAM,2011,Kharif,Cotton(lint),4,11,2.75
Tamil Nadu,RAMANATHAPURAM,2011,Kharif,Groundnut,114,251,2.201754386
Tamil Nadu,RAMANATHAPURAM,2011,Kharif,Ragi,2,5,2.5
Tamil Nadu,RAMANATHAPURAM,2011,Kharif,Rice,128960,438236,3.39823201
Tamil Nadu,RAMANATHAPURAM,2011,Rabi,Bajra,496,876,1.766129032
Tamil Nadu,RAMANATHAPURAM,2011,Rabi,Cotton(lint),2040,4369,2.141666667
Tamil Nadu,RAMANATHAPURAM,2011,Rabi,Groundnut,3591,4898,1.363965469
Tamil Nadu,RAMANATHAPURAM,2011,Rabi,Jowar,1734,1634,0.942329873
Tamil Nadu,RAMANATHAPURAM,2011,Rabi,Maize,391,2600,6.649616368
Tamil Nadu,RAMANATHAPURAM,2011,Rabi,Ragi,284,484,1.704225352
Tamil Nadu,RAMANATHAPURAM,2011,Whole Year,Arhar/Tur,13,11,0.846153846
Tamil Nadu,RAMANATHAPURAM,2011,Whole Year,Banana,106,4632,43.69811321
Tamil Nadu,RAMANATHAPURAM,2011,Whole Year,Cashewnut,168,44,0.261904762
Tamil Nadu,RAMANATHAPURAM,2011,Whole Year,Castor seed,3,21,7
Tamil Nadu,RAMANATHAPURAM,2011,Whole Year,Coconut,8267,59900000,7245.675578
Tamil Nadu,RAMANATHAPURAM,2011,Whole Year,Coriander,1921,530,0.27589797
Tamil Nadu,RAMANATHAPURAM,2011,Whole Year,Dry chillies,21217,7506,0.353772918
Tamil Nadu,RAMANATHAPURAM,2011,Whole Year,Gram,1,,
Tamil Nadu,RAMANATHAPURAM,2011,Whole Year,Horse-gram,2,1,0.5
Tamil Nadu,RAMANATHAPURAM,2011,Whole Year,Moong(Green Gram),467,224,0.479657388
Tamil Nadu,RAMANATHAPURAM,2011,Whole Year,Onion,200,1856,9.28
Tamil Nadu,RAMANATHAPURAM,2011,Whole Year,Small millets,699,394,0.563662375
Tamil Nadu,RAMANATHAPURAM,2011,Whole Year,Sugarcane,592,66618,112.5304054
Tamil Nadu,RAMANATHAPURAM,2011,Whole Year,Sunflower,62,111,1.790322581
Tamil Nadu,RAMANATHAPURAM,2011,Whole Year,Turmeric,1,5,5
Tamil Nadu,RAMANATHAPURAM,2011,Whole Year,Urad,3249,1417,0.436134195
Tamil Nadu,RAMANATHAPURAM,2012,Kharif,Arhar/Tur,5,4,0.8
Tamil Nadu,RAMANATHAPURAM,2012,Kharif,Castor seed,70,,
Tamil Nadu,RAMANATHAPURAM,2012,Kharif,Cotton(lint),1576,1134,0.719543147
Tamil Nadu,RAMANATHAPURAM,2012,Kharif,Groundnut,3423,4285,1.251825884
Tamil Nadu,RAMANATHAPURAM,2012,Kharif,Horse-gram,3,1,0.333333333
Tamil Nadu,RAMANATHAPURAM,2012,Kharif,Maize,1519,4282,2.818959842
Tamil Nadu,RAMANATHAPURAM,2012,Kharif,Moong(Green Gram),442,128,0.28959276
Tamil Nadu,RAMANATHAPURAM,2012,Kharif,Ragi,291,128,0.439862543
Tamil Nadu,RAMANATHAPURAM,2012,Kharif,Rice,116505,68559,0.588464014
Tamil Nadu,RAMANATHAPURAM,2012,Kharif,Sunflower,123,107,0.869918699
Tamil Nadu,RAMANATHAPURAM,2012,Kharif,Urad,2473,731,0.295592398
Tamil Nadu,RAMANATHAPURAM,2012,Rabi,Gram,6,4,0.666666667
Tamil Nadu,RAMANATHAPURAM,2012,Whole Year,Sugarcane,472,46084,97.63559322
Tamil Nadu,RAMANATHAPURAM,2013,Kharif,Cotton(lint),55,158,2.872727273
Tamil Nadu,RAMANATHAPURAM,2013,Kharif,Groundnut,33,73,2.212121212
Tamil Nadu,RAMANATHAPURAM,2013,Kharif,Jowar,14,16,1.142857143
Tamil Nadu,RAMANATHAPURAM,2013,Kharif,Rice,114981,33928,0.295074838
Tamil Nadu,RAMANATHAPURAM,2013,Rabi,Bajra,1604,1154,0.719451372
Tamil Nadu,RAMANATHAPURAM,2013,Rabi,Cotton(lint),2735,8634,3.156855576
Tamil Nadu,RAMANATHAPURAM,2013,Rabi,Groundnut,3539,3305,0.933879627
Tamil Nadu,RAMANATHAPURAM,2013,Rabi,Horse-gram,7,5,0.714285714
Tamil Nadu,RAMANATHAPURAM,2013,Rabi,Jowar,3223,6826,2.117902575
Tamil Nadu,RAMANATHAPURAM,2013,Rabi,Maize,885,4427,5.002259887
Tamil Nadu,RAMANATHAPURAM,2013,Rabi,Moong(Green Gram),378,305,0.806878307
Tamil Nadu,RAMANATHAPURAM,2013,Rabi,Onion,194,1643,8.469072165
Tamil Nadu,RAMANATHAPURAM,2013,Rabi,Ragi,401,402,1.002493766
Tamil Nadu,RAMANATHAPURAM,2013,Rabi,Sunflower,109,108,0.990825688
Tamil Nadu,RAMANATHAPURAM,2013,Rabi,Urad,2109,267,0.126600284
Tamil Nadu,RAMANATHAPURAM,2013,Whole Year,Arhar/Tur,97,94,0.969072165
Tamil Nadu,RAMANATHAPURAM,2013,Whole Year,Banana,155,6438,41.53548387
Tamil Nadu,RAMANATHAPURAM,2013,Whole Year,Cashewnut,168,48,0.285714286
Tamil Nadu,RAMANATHAPURAM,2013,Whole Year,Coconut,8213,59900000,7293.315475
Tamil Nadu,RAMANATHAPURAM,2013,Whole Year,Coriander,1418,535,0.377291961
Tamil Nadu,RAMANATHAPURAM,2013,Whole Year,Dry chillies,17152,4683,0.273029384
Tamil Nadu,RAMANATHAPURAM,2013,Whole Year,Gram,8,4,0.5
Tamil Nadu,RAMANATHAPURAM,2013,Whole Year,Small millets,1161,654,0.563307494
Tamil Nadu,RAMANATHAPURAM,2013,Whole Year,Sugarcane,422,43708,103.5734597
Tamil Nadu,RAMANATHAPURAM,2013,Whole Year,Tapioca,19,569,29.94736842
Tamil Nadu,RAMANATHAPURAM,2013,Whole Year,Turmeric,1,4,4
Tamil Nadu,SALEM,1997,Kharif,Banana,1216,26514,21.80427632
Tamil Nadu,SALEM,1997,Kharif,Horse-gram,11924,5330,0.446997652
Tamil Nadu,SALEM,1997,Kharif,Onion,1952,16774,8.593237705
Tamil Nadu,SALEM,1997,Kharif,Sesamum,10428,6560,0.629075566
Tamil Nadu,SALEM,1997,Kharif,Small millets,7384,6150,0.832881907
Tamil Nadu,SALEM,1997,Kharif,Tobacco,346,398,1.150289017
Tamil Nadu,SALEM,1997,Whole Year,Arhar/Tur,8109,4320,0.532741398
Tamil Nadu,SALEM,1997,Whole Year,Bajra,5957,12250,2.05640423
Tamil Nadu,SALEM,1997,Whole Year,Banana,1423,46980,33.01475755
Tamil Nadu,SALEM,1997,Whole Year,Black pepper,436,80,0.183486239
Tamil Nadu,SALEM,1997,Whole Year,Cardamom,145,10,0.068965517
Tamil Nadu,SALEM,1997,Whole Year,Castor seed,7072,2130,0.301187783
Tamil Nadu,SALEM,1997,Whole Year,Coriander,517,350,0.676982592
Tamil Nadu,SALEM,1997,Whole Year,Cotton(lint),22372,46890,2.095923476
Tamil Nadu,SALEM,1997,Whole Year,Dry chillies,1115,830,0.744394619
Tamil Nadu,SALEM,1997,Whole Year,Gram,692,320,0.462427746
Tamil Nadu,SALEM,1997,Whole Year,Groundnut,54637,81470,1.49111408
Tamil Nadu,SALEM,1997,Whole Year,Jowar,16163,30910,1.912392501
Tamil Nadu,SALEM,1997,Whole Year,Maize,1253,2330,1.859537111
Tamil Nadu,SALEM,1997,Whole Year,Moong(Green Gram),8379,5190,0.619405657
Tamil Nadu,SALEM,1997,Whole Year,Onion,1909,40870,21.40911472
Tamil Nadu,SALEM,1997,Whole Year,Pulses total,68253,35550,0.520856226
Tamil Nadu,SALEM,1997,Whole Year,Ragi,16304,45370,2.782752699
Tamil Nadu,SALEM,1997,Whole Year,Rice,46481,187980,4.044233128
Tamil Nadu,SALEM,1997,Whole Year,Small millets,9890,460,0.046511628
Tamil Nadu,SALEM,1997,Whole Year,Sugarcane,13759,15866000,1153.136129
Tamil Nadu,SALEM,1997,Whole Year,Sunflower,752,990,1.316489362
Tamil Nadu,SALEM,1997,Whole Year,Sweet potato,5,70,14
Tamil Nadu,SALEM,1997,Whole Year,Tapioca,27511,1067620,38.80702265
Tamil Nadu,SALEM,1997,Whole Year,Tobacco,747,870,1.164658635
Tamil Nadu,SALEM,1997,Whole Year,Total foodgrain,165811,322870,1.947217012
Tamil Nadu,SALEM,1997,Whole Year,Turmeric,1360,5060,3.720588235
Tamil Nadu,SALEM,1997,Whole Year,Urad,20016,16530,0.825839329
Tamil Nadu,SALEM,1998,Kharif,Arhar/Tur,6730,6494,0.964933135
Tamil Nadu,SALEM,1998,Kharif,Bajra,5086,10190,2.003539127
Tamil Nadu,SALEM,1998,Kharif,Cotton(lint),16716,35136,2.101938263
Tamil Nadu,SALEM,1998,Kharif,Groundnut,47864,88835,1.855987799
Tamil Nadu,SALEM,1998,Kharif,Horse-gram,11986,7971,0.665025864
Tamil Nadu,SALEM,1998,Kharif,Jowar,61236,78304,1.278724933
Tamil Nadu,SALEM,1998,Kharif,Maize,1360,2528,1.858823529
Tamil Nadu,SALEM,1998,Kharif,Mesta,105,491,4.676190476
Tamil Nadu,SALEM,1998,Kharif,Moong(Green Gram),12669,10211,0.805983108
Tamil Nadu,SALEM,1998,Kharif,Pulses total,70061,47267,0.674654944
Tamil Nadu,SALEM,1998,Kharif,Ragi,19013,61499,3.234576343
Tamil Nadu,SALEM,1998,Kharif,Rice,48400,166121,3.432252066
Tamil Nadu,SALEM,1998,Kharif,Sesamum,6900,5934,0.86
Tamil Nadu,SALEM,1998,Kharif,Small millets,59900,28000,0.467445743
Tamil Nadu,SALEM,1998,Kharif,Sunflower,972,1133,1.16563786
Tamil Nadu,SALEM,1998,Kharif,Total foodgrain,214932,37370,0.173868945
Tamil Nadu,SALEM,1998,Kharif,Urad,20325,18597,0.91498155
Tamil Nadu,SALEM,1998,Rabi,Gram,804,502,0.624378109
Tamil Nadu,SALEM,1998,Whole Year,Banana,1198,39550,33.01335559
Tamil Nadu,SALEM,1998,Whole Year,Black pepper,147,27,0.183673469
Tamil Nadu,SALEM,1998,Whole Year,Castor seed,6174,2611,0.422902494
Tamil Nadu,SALEM,1998,Whole Year,Coriander,910,613,0.673626374
Tamil Nadu,SALEM,1998,Whole Year,Dry chillies,924,689,0.745670996
Tamil Nadu,SALEM,1998,Whole Year,Onion,1646,14246,8.654921021
Tamil Nadu,SALEM,1998,Whole Year,Rapeseed &Mustard,15,4,0.266666667
Tamil Nadu,SALEM,1998,Whole Year,Sannhamp,620,452,0.729032258
Tamil Nadu,SALEM,1998,Whole Year,Sugarcane,10765,1440330,133.7974919
Tamil Nadu,SALEM,1998,Whole Year,Sweet potato,23,414,18
Tamil Nadu,SALEM,1998,Whole Year,Tapioca,19218,745793,38.80700385
Tamil Nadu,SALEM,1998,Whole Year,Tobacco,289,299,1.034602076
Tamil Nadu,SALEM,1998,Whole Year,Turmeric,2445,9088,3.716973415
Tamil Nadu,SALEM,1999,Kharif,Arhar/Tur,7522,6153,0.818000532
Tamil Nadu,SALEM,1999,Kharif,Bajra,5447,10818,1.986047366
Tamil Nadu,SALEM,1999,Kharif,Castor seed,7445,2238,0.300604433
Tamil Nadu,SALEM,1999,Kharif,Cotton(lint),15898,28290,1.779469116
Tamil Nadu,SALEM,1999,Kharif,Dry ginger,2,53,26.5
Tamil Nadu,SALEM,1999,Kharif,Groundnut,62332,107273,1.720994032
Tamil Nadu,SALEM,1999,Kharif,Horse-gram,12377,6219,0.502464248
Tamil Nadu,SALEM,1999,Kharif,Jowar,57236,69097,1.207229716
Tamil Nadu,SALEM,1999,Kharif,Korra,784,366,0.466836735
Tamil Nadu,SALEM,1999,Kharif,Maize,2309,4296,1.860545691
Tamil Nadu,SALEM,1999,Kharif,Moong(Green Gram),9826,8765,0.892021168
Tamil Nadu,SALEM,1999,Kharif,Ragi,15405,29239,1.898020123
Tamil Nadu,SALEM,1999,Kharif,Rice,45863,186402,4.064322002
Tamil Nadu,SALEM,1999,Kharif,Sesamum,11453,8373,0.731074828
Tamil Nadu,SALEM,1999,Kharif,Sunflower,682,822,1.205278592
Tamil Nadu,SALEM,1999,Kharif,Urad,21989,19152,0.870980945
Tamil Nadu,SALEM,1999,Kharif,Varagu,2598,1923,0.740184758
Tamil Nadu,SALEM,1999,Rabi,Gram,540,250,0.462962963
Tamil Nadu,SALEM,1999,Rabi,Rapeseed &Mustard,20,5,0.25
Tamil Nadu,SALEM,1999,Rabi,Samai,5165,3914,0.757792836
Tamil Nadu,SALEM,1999,Rabi,Wheat,25,12,0.48
Tamil Nadu,SALEM,1999,Whole Year,Banana,1216,26514,21.80427632
Tamil Nadu,SALEM,1999,Whole Year,Black pepper,64,12,0.1875
Tamil Nadu,SALEM,1999,Whole Year,Coriander,480,261,0.54375
Tamil Nadu,SALEM,1999,Whole Year,Dry chillies,1339,1121,0.837191934
Tamil Nadu,SALEM,1999,Whole Year,Guar seed,8926,104129,11.66580775
Tamil Nadu,SALEM,1999,Whole Year,Onion,1952,16774,8.593237705
Tamil Nadu,SALEM,1999,Whole Year,Sannhamp,1725,1258,0.729275362
Tamil Nadu,SALEM,1999,Whole Year,Sugarcane,8926,1192629,133.6129285
Tamil Nadu,SALEM,1999,Whole Year,Sweet potato,24,291,12.125
Tamil Nadu,SALEM,1999,Whole Year,Tapioca,22166,786627,35.48799964
Tamil Nadu,SALEM,1999,Whole Year,Tobacco,346,398,1.150289017
Tamil Nadu,SALEM,1999,Whole Year,Turmeric,4403,14172,3.218714513
Tamil Nadu,SALEM,2000,Kharif,Arhar/Tur,7098,5807,0.81811778
Tamil Nadu,SALEM,2000,Kharif,Bajra,3749,6986,1.863430248
Tamil Nadu,SALEM,2000,Kharif,Castor seed,9465,2845,0.300581088
Tamil Nadu,SALEM,2000,Kharif,Cotton(lint),15630,29270,1.872680742
Tamil Nadu,SALEM,2000,Kharif,Groundnut,56874,97939,1.722034673
Tamil Nadu,SALEM,2000,Kharif,Horse-gram,12485,6300,0.504605527
Tamil Nadu,SALEM,2000,Kharif,Jowar,61193,67191,1.098017747
Tamil Nadu,SALEM,2000,Kharif,Maize,6115,11376,1.860343418
Tamil Nadu,SALEM,2000,Kharif,Mesta,5,,
Tamil Nadu,SALEM,2000,Kharif,Moong(Green Gram),12921,10091,0.780976705
Tamil Nadu,SALEM,2000,Kharif,Other Cereals & Millets,7208,5038,0.698945616
Tamil Nadu,SALEM,2000,Kharif,Other Kharif pulses,19701,3960,0.201005025
Tamil Nadu,SALEM,2000,Kharif,Ragi,16057,28779,1.792302423
Tamil Nadu,SALEM,2000,Kharif,Rice,45960,194714,4.236597041
Tamil Nadu,SALEM,2000,Kharif,Sesamum,9456,8024,0.84856176
Tamil Nadu,SALEM,2000,Kharif,Sunflower,340,446,1.311764706
Tamil Nadu,SALEM,2000,Kharif,Urad,22947,19987,0.871007103
Tamil Nadu,SALEM,2000,Rabi,Gram,474,220,0.464135021
Tamil Nadu,SALEM,2000,Rabi,Rapeseed &Mustard,10,2,0.2
Tamil Nadu,SALEM,2000,Rabi,Wheat,25,12,0.48
Tamil Nadu,SALEM,2000,Whole Year,Banana,839,18294,21.8045292
Tamil Nadu,SALEM,2000,Whole Year,Black pepper,12,2,0.166666667
Tamil Nadu,SALEM,2000,Whole Year,Coriander,132,72,0.545454545
Tamil Nadu,SALEM,2000,Whole Year,Dry chillies,1127,1154,1.023957409
Tamil Nadu,SALEM,2000,Whole Year,Onion,1994,17134,8.592778335
Tamil Nadu,SALEM,2000,Whole Year,Potato,5,86,17.2
Tamil Nadu,SALEM,2000,Whole Year,Sannhamp,1847,1346,0.728749323
Tamil Nadu,SALEM,2000,Whole Year,Sugarcane,9953,1329850,133.612981
Tamil Nadu,SALEM,2000,Whole Year,Sweet potato,18,218,12.11111111
Tamil Nadu,SALEM,2000,Whole Year,Tapioca,28970,1028087,35.48798757
Tamil Nadu,SALEM,2000,Whole Year,Tobacco,272,313,1.150735294
Tamil Nadu,SALEM,2000,Whole Year,Turmeric,5216,16140,3.094325153
Tamil Nadu,SALEM,2001,Kharif,Arhar/Tur,5110,3910,0.765166341
Tamil Nadu,SALEM,2001,Kharif,Bajra,3264,6380,1.954656863
Tamil Nadu,SALEM,2001,Kharif,Cotton(lint),13396,24140,1.802030457
Tamil Nadu,SALEM,2001,Kharif,Groundnut,49084,83550,1.702184011
Tamil Nadu,SALEM,2001,Kharif,Jowar,19792,29760,1.503637833
Tamil Nadu,SALEM,2001,Kharif,Moong(Green Gram),11814,8970,0.759268664
Tamil Nadu,SALEM,2001,Kharif,Ragi,14616,42720,2.922824302
Tamil Nadu,SALEM,2001,Kharif,Rice,46233,204300,4.41892155
Tamil Nadu,SALEM,2001,Kharif,Sesamum,9626,9050,0.940162061
Tamil Nadu,SALEM,2001,Kharif,Sunflower,143,200,1.398601399
Tamil Nadu,SALEM,2001,Kharif,Urad,21488,16370,0.761820551
Tamil Nadu,SALEM,2001,Whole Year,Sugarcane,9455,812400,85.92279217
Tamil Nadu,SALEM,2002,Kharif,Arhar/Tur,3391,1965,0.579475081
Tamil Nadu,SALEM,2002,Kharif,Bajra,2679,2849,1.063456514
Tamil Nadu,SALEM,2002,Kharif,Castor seed,3485,1049,0.301004304
Tamil Nadu,SALEM,2002,Kharif,Cotton(lint),5915,7337,1.240405748
Tamil Nadu,SALEM,2002,Kharif,Groundnut,29798,31504,1.057252165
Tamil Nadu,SALEM,2002,Kharif,Horse-gram,5925,1433,0.24185654
Tamil Nadu,SALEM,2002,Kharif,Jowar,17261,7665,0.444064654
Tamil Nadu,SALEM,2002,Kharif,Korra,153,72,0.470588235
Tamil Nadu,SALEM,2002,Kharif,Maize,7018,13053,1.859931604
Tamil Nadu,SALEM,2002,Kharif,Moong(Green Gram),14017,6584,0.469715346
Tamil Nadu,SALEM,2002,Kharif,Other Kharif pulses,24328,4897,0.201290694
Tamil Nadu,SALEM,2002,Kharif,Ragi,9471,15660,1.653468483
Tamil Nadu,SALEM,2002,Kharif,Rice,11058,39592,3.580394285
Tamil Nadu,SALEM,2002,Kharif,Samai,1903,1429,0.750919601
Tamil Nadu,SALEM,2002,Kharif,Sesamum,3766,2449,0.650292087
Tamil Nadu,SALEM,2002,Kharif,Small millets,195,118,0.605128205
Tamil Nadu,SALEM,2002,Kharif,Sunflower,63,70,1.111111111
Tamil Nadu,SALEM,2002,Kharif,Urad,12865,8482,0.659308201
Tamil Nadu,SALEM,2002,Kharif,Varagu,933,1156,1.239013934
Tamil Nadu,SALEM,2002,Rabi,Gram,291,135,0.463917526
Tamil Nadu,SALEM,2002,Rabi,Rapeseed &Mustard,10,2,0.2
Tamil Nadu,SALEM,2002,Rabi,Wheat,10,0,0
Tamil Nadu,SALEM,2002,Whole Year,Arecanut,1717,,
Tamil Nadu,SALEM,2002,Whole Year,Ash Gourd,16,0,0
Tamil Nadu,SALEM,2002,Whole Year,Banana,613,22652,36.95269168
Tamil Nadu,SALEM,2002,Whole Year,Beans & Mutter(Vegetable),2,0,0
Tamil Nadu,SALEM,2002,Whole Year,Ber,70,0,0
Tamil Nadu,SALEM,2002,Whole Year,Bhindi,944,6157,6.522245763
Tamil Nadu,SALEM,2002,Whole Year,Bitter Gourd,77,0,0
Tamil Nadu,SALEM,2002,Whole Year,Bottle Gourd,37,0,0
Tamil Nadu,SALEM,2002,Whole Year,Brinjal,732,5728,7.825136612
Tamil Nadu,SALEM,2002,Whole Year,Cabbage,2,117,58.5
Tamil Nadu,SALEM,2002,Whole Year,Citrus Fruit,60,67,1.116666667
Tamil Nadu,SALEM,2002,Whole Year,Coconut,11720,80800,6.894197952
Tamil Nadu,SALEM,2002,Whole Year,Coriander,91,17,0.186813187
Tamil Nadu,SALEM,2002,Whole Year,Cucumber,24,0,0
Tamil Nadu,SALEM,2002,Whole Year,Drum Stick,116,0,0
Tamil Nadu,SALEM,2002,Whole Year,Dry chillies,778,389,0.5
Tamil Nadu,SALEM,2002,Whole Year,Dry ginger,1,16,16
Tamil Nadu,SALEM,2002,Whole Year,Jack Fruit,164,1857,11.32317073
Tamil Nadu,SALEM,2002,Whole Year,Lab-Lab,33,0,0
Tamil Nadu,SALEM,2002,Whole Year,Mango,2937,7139,2.43071161
Tamil Nadu,SALEM,2002,Whole Year,Onion,1081,8534,7.894542091
Tamil Nadu,SALEM,2002,Whole Year,Orange,415,644,1.551807229
Tamil Nadu,SALEM,2002,Whole Year,Other Citrus Fruit,4,0,0
Tamil Nadu,SALEM,2002,Whole Year,Other Fresh Fruits,359,0,0
Tamil Nadu,SALEM,2002,Whole Year,Other Vegetables,440,0,0
Tamil Nadu,SALEM,2002,Whole Year,Pineapple,11,341,31
Tamil Nadu,SALEM,2002,Whole Year,Pome Fruit,487,2548,5.232032854
Tamil Nadu,SALEM,2002,Whole Year,Pome Granet,72,0,0
Tamil Nadu,SALEM,2002,Whole Year,Pump Kin,46,0,0
Tamil Nadu,SALEM,2002,Whole Year,Redish,18,0,0
Tamil Nadu,SALEM,2002,Whole Year,Ribed Guard,111,0,0
Tamil Nadu,SALEM,2002,Whole Year,Snak Guard,86,0,0
Tamil Nadu,SALEM,2002,Whole Year,Sugarcane,4986,320390,64.25792218
Tamil Nadu,SALEM,2002,Whole Year,Sweet potato,1,14,14
Tamil Nadu,SALEM,2002,Whole Year,Tapioca,11828,326310,27.58792695
Tamil Nadu,SALEM,2002,Whole Year,Tomato,3861,26864,6.957782958
Tamil Nadu,SALEM,2002,Whole Year,Turmeric,2949,8205,2.782299084
Tamil Nadu,SALEM,2002,Whole Year,Water Melon,4,0,0
Tamil Nadu,SALEM,2002,Whole Year,Yam,3,0,0
Tamil Nadu,SALEM,2003,Kharif,Arhar/Tur,752,801,1.065159574
Tamil Nadu,SALEM,2003,Kharif,Bajra,4425,5058,1.143050847
Tamil Nadu,SALEM,2003,Kharif,Castor seed,639,192,0.300469484
Tamil Nadu,SALEM,2003,Kharif,Cotton(lint),7684,10806,1.406298803
Tamil Nadu,SALEM,2003,Kharif,Groundnut,24080,25951,1.077699336
Tamil Nadu,SALEM,2003,Kharif,Horse-gram,1550,581,0.37483871
Tamil Nadu,SALEM,2003,Kharif,Jowar,24009,11859,0.493939773
Tamil Nadu,SALEM,2003,Kharif,Korra,575,270,0.469565217
Tamil Nadu,SALEM,2003,Kharif,Maize,11207,20845,1.859998215
Tamil Nadu,SALEM,2003,Kharif,Moong(Green Gram),3528,1607,0.455498866
Tamil Nadu,SALEM,2003,Kharif,Other Kharif pulses,10342,2081,0.201218333
Tamil Nadu,SALEM,2003,Kharif,Ragi,12076,20233,1.675472011
Tamil Nadu,SALEM,2003,Kharif,Rice,13585,43645,3.212734634
Tamil Nadu,SALEM,2003,Kharif,Sesamum,1412,850,0.601983003
Tamil Nadu,SALEM,2003,Kharif,Small millets,2593,2063,0.795603548
Tamil Nadu,SALEM,2003,Kharif,Sunflower,281,363,1.291814947
Tamil Nadu,SALEM,2003,Kharif,Urad,1615,928,0.574613003
Tamil Nadu,SALEM,2003,Kharif,Varagu,746,1060,1.420911528
Tamil Nadu,SALEM,2003,Rabi,Gram,40,18,0.45
Tamil Nadu,SALEM,2003,Rabi,Rapeseed &Mustard,6,1,0.166666667
Tamil Nadu,SALEM,2003,Whole Year,Arecanut,1773,,
Tamil Nadu,SALEM,2003,Whole Year,Ash Gourd,4,0,0
Tamil Nadu,SALEM,2003,Whole Year,Banana,1249,44183,35.37469976
Tamil Nadu,SALEM,2003,Whole Year,Beans & Mutter(Vegetable),3,0,0
Tamil Nadu,SALEM,2003,Whole Year,Beet Root,1,0,0
Tamil Nadu,SALEM,2003,Whole Year,Bhindi,328,2293,6.990853659
Tamil Nadu,SALEM,2003,Whole Year,Bitter Gourd,27,0,0
Tamil Nadu,SALEM,2003,Whole Year,Black pepper,19,3,0.157894737
Tamil Nadu,SALEM,2003,Whole Year,Bottle Gourd,9,0,0
Tamil Nadu,SALEM,2003,Whole Year,Brinjal,536,4466,8.332089552
Tamil Nadu,SALEM,2003,Whole Year,Cabbage,3,191,63.66666667
Tamil Nadu,SALEM,2003,Whole Year,Cardamom,42,3,0.071428571
Tamil Nadu,SALEM,2003,Whole Year,Carrot,4,0,0
Tamil Nadu,SALEM,2003,Whole Year,Cashewnut,93,32,0.344086022
Tamil Nadu,SALEM,2003,Whole Year,Cauliflower,2,0,0
Tamil Nadu,SALEM,2003,Whole Year,Citrus Fruit,62,65,1.048387097
Tamil Nadu,SALEM,2003,Whole Year,Coconut,11523,76000,6.595504643
Tamil Nadu,SALEM,2003,Whole Year,Coriander,39,11,0.282051282
Tamil Nadu,SALEM,2003,Whole Year,Cucumber,7,0,0
Tamil Nadu,SALEM,2003,Whole Year,Drum Stick,18,0,0
Tamil Nadu,SALEM,2003,Whole Year,Dry chillies,1156,509,0.440311419
Tamil Nadu,SALEM,2003,Whole Year,Grapes,1,24,24
Tamil Nadu,SALEM,2003,Whole Year,Jack Fruit,27,261,9.666666667
Tamil Nadu,SALEM,2003,Whole Year,Lab-Lab,45,0,0
Tamil Nadu,SALEM,2003,Whole Year,Mango,2256,3939,1.746010638
Tamil Nadu,SALEM,2003,Whole Year,Onion,292,1992,6.821917808
Tamil Nadu,SALEM,2003,Whole Year,Orange,423,830,1.962174941
Tamil Nadu,SALEM,2003,Whole Year,Other Citrus Fruit,43,0,0
Tamil Nadu,SALEM,2003,Whole Year,Other Fresh Fruits,255,0,0
Tamil Nadu,SALEM,2003,Whole Year,Other Vegetables,211,0,0
Tamil Nadu,SALEM,2003,Whole Year,Papaya,32,0,0
Tamil Nadu,SALEM,2003,Whole Year,Pear,86,0,0
Tamil Nadu,SALEM,2003,Whole Year,Pineapple,4,125,31.25
Tamil Nadu,SALEM,2003,Whole Year,Pome Fruit,311,2184,7.022508039
Tamil Nadu,SALEM,2003,Whole Year,Pome Granet,18,0,0
Tamil Nadu,SALEM,2003,Whole Year,Pump Kin,18,0,0
Tamil Nadu,SALEM,2003,Whole Year,Redish,12,0,0
Tamil Nadu,SALEM,2003,Whole Year,Ribed Guard,28,0,0
Tamil Nadu,SALEM,2003,Whole Year,Snak Guard,25,0,0
Tamil Nadu,SALEM,2003,Whole Year,Sugarcane,4756,450155,94.6499159
Tamil Nadu,SALEM,2003,Whole Year,Sweet potato,14,203,14.5
Tamil Nadu,SALEM,2003,Whole Year,Tapioca,23852,804827,33.74253731
Tamil Nadu,SALEM,2003,Whole Year,Tomato,3747,21103,5.631972244
Tamil Nadu,SALEM,2003,Whole Year,Turmeric,2768,7243,2.616690751
Tamil Nadu,SALEM,2003,Whole Year,Water Melon,3,0,0
Tamil Nadu,SALEM,2003,Whole Year,Yam,7,0,0
Tamil Nadu,SALEM,2004,Kharif,Arhar/Tur,1224,1101,0.899509804
Tamil Nadu,SALEM,2004,Kharif,Bajra,3768,5604,1.487261146
Tamil Nadu,SALEM,2004,Kharif,Castor seed,973,293,0.301130524
Tamil Nadu,SALEM,2004,Kharif,Cotton(lint),14958,28430,1.900655168
Tamil Nadu,SALEM,2004,Kharif,Groundnut,29887,35009,1.17137886
Tamil Nadu,SALEM,2004,Kharif,Horse-gram,2191,822,0.375171155
Tamil Nadu,SALEM,2004,Kharif,Jowar,15522,9686,0.624017524
Tamil Nadu,SALEM,2004,Kharif,Maize,13785,25639,1.859920203
Tamil Nadu,SALEM,2004,Kharif,Moong(Green Gram),3165,2143,0.677093207
Tamil Nadu,SALEM,2004,Kharif,Other Kharif pulses,6927,1394,0.201241519
Tamil Nadu,SALEM,2004,Kharif,Ragi,10421,18004,1.727665291
Tamil Nadu,SALEM,2004,Kharif,Rice,27304,96626,3.5388954
Tamil Nadu,SALEM,2004,Kharif,Sesamum,1302,858,0.658986175
Tamil Nadu,SALEM,2004,Kharif,Small millets,1998,2313,1.157657658
Tamil Nadu,SALEM,2004,Kharif,Sunflower,834,887,1.063549161
Tamil Nadu,SALEM,2004,Kharif,Urad,3019,1683,0.557469361
Tamil Nadu,SALEM,2004,Rabi,Gram,163,75,0.460122699
Tamil Nadu,SALEM,2004,Rabi,Rapeseed &Mustard,6,1,0.166666667
Tamil Nadu,SALEM,2004,Rabi,Wheat,1,,
Tamil Nadu,SALEM,2004,Whole Year,Arecanut,1606,2049,1.275840598
Tamil Nadu,SALEM,2004,Whole Year,Banana,1335,56707,42.47715356
Tamil Nadu,SALEM,2004,Whole Year,Cardamom,42,3,0.071428571
Tamil Nadu,SALEM,2004,Whole Year,Cashewnut,595,215,0.361344538
Tamil Nadu,SALEM,2004,Whole Year,Coconut,12072,143100,11.85387674
Tamil Nadu,SALEM,2004,Whole Year,Coriander,82,36,0.43902439
Tamil Nadu,SALEM,2004,Whole Year,Dry chillies,1422,1361,0.957102672
Tamil Nadu,SALEM,2004,Whole Year,Onion,720,5400,7.5
Tamil Nadu,SALEM,2004,Whole Year,Sugarcane,6399,583832,91.23800594
Tamil Nadu,SALEM,2004,Whole Year,Sweet potato,11,166,15.09090909
Tamil Nadu,SALEM,2004,Whole Year,Tapioca,19873,757232,38.10355759
Tamil Nadu,SALEM,2004,Whole Year,Turmeric,2696,9866,3.659495549
Tamil Nadu,SALEM,2005,Kharif,Arhar/Tur,723,557,0.770401107
Tamil Nadu,SALEM,2005,Kharif,Bajra,1654,1762,1.065296252
Tamil Nadu,SALEM,2005,Kharif,Castor seed,534,161,0.301498127
Tamil Nadu,SALEM,2005,Kharif,Cotton(lint),14931,28132,1.884133682
Tamil Nadu,SALEM,2005,Kharif,Groundnut,32202,43662,1.355878517
Tamil Nadu,SALEM,2005,Kharif,Horse-gram,1593,728,0.456999372
Tamil Nadu,SALEM,2005,Kharif,Jowar,14655,15089,1.029614466
Tamil Nadu,SALEM,2005,Kharif,Maize,16146,,
Tamil Nadu,SALEM,2005,Kharif,Mesta,1,,
Tamil Nadu,SALEM,2005,Kharif,Moong(Green Gram),2497,1402,0.561473769
Tamil Nadu,SALEM,2005,Kharif,Other Kharif pulses,5775,2898,0.501818182
Tamil Nadu,SALEM,2005,Kharif,Ragi,10335,19769,1.912820513
Tamil Nadu,SALEM,2005,Kharif,Rice,37328,137291,3.677962923
Tamil Nadu,SALEM,2005,Kharif,Sannhamp,1,,
Tamil Nadu,SALEM,2005,Kharif,Sesamum,2173,1534,0.705936493
Tamil Nadu,SALEM,2005,Kharif,Small millets,1924,1652,0.858627859
Tamil Nadu,SALEM,2005,Kharif,Soyabean,16,,
Tamil Nadu,SALEM,2005,Kharif,Sunflower,327,325,0.993883792
Tamil Nadu,SALEM,2005,Kharif,Urad,1153,720,0.624457936
Tamil Nadu,SALEM,2005,Rabi,Gram,5,2,0.4
Tamil Nadu,SALEM,2005,Rabi,Rapeseed &Mustard,6,1,0.166666667
Tamil Nadu,SALEM,2005,Whole Year,Arecanut,1479,1789,1.209601082
Tamil Nadu,SALEM,2005,Whole Year,Banana,1367,67126,49.10460863
Tamil Nadu,SALEM,2005,Whole Year,Black pepper,25,5,0.2
Tamil Nadu,SALEM,2005,Whole Year,Cardamom,42,3,0.071428571
Tamil Nadu,SALEM,2005,Whole Year,Cashewnut,25,9,0.36
Tamil Nadu,SALEM,2005,Whole Year,Coconut,12734,1603,0.125883462
Tamil Nadu,SALEM,2005,Whole Year,Coriander,66,20,0.303030303
Tamil Nadu,SALEM,2005,Whole Year,Dry chillies,647,486,0.751159196
Tamil Nadu,SALEM,2005,Whole Year,Onion,469,3759,8.014925373
Tamil Nadu,SALEM,2005,Whole Year,Sugarcane,10468,981940,93.80397402
Tamil Nadu,SALEM,2005,Whole Year,Sweet potato,59,1231,20.86440678
Tamil Nadu,SALEM,2005,Whole Year,Tapioca,27007,908741,33.64835043
Tamil Nadu,SALEM,2005,Whole Year,Tobacco,158,166,1.050632911
Tamil Nadu,SALEM,2005,Whole Year,Turmeric,4230,15996,3.781560284
Tamil Nadu,SALEM,2006,Kharif,Rice,27483,99811,3.631735982
Tamil Nadu,SALEM,2006,Kharif,Small millets,1541,1416,0.918883842
Tamil Nadu,SALEM,2006,Rabi,Wheat,5,,
Tamil Nadu,SALEM,2006,Whole Year,Arecanut,1743,3252,1.865748709
Tamil Nadu,SALEM,2006,Whole Year,Arhar/Tur,828,738,0.891304348
Tamil Nadu,SALEM,2006,Whole Year,Bajra,1486,1903,1.280619112
Tamil Nadu,SALEM,2006,Whole Year,Banana,2413,129298,53.58392043
Tamil Nadu,SALEM,2006,Whole Year,Black pepper,20,4,0.2
Tamil Nadu,SALEM,2006,Whole Year,Cardamom,39,3,0.076923077
Tamil Nadu,SALEM,2006,Whole Year,Cashewnut,23,10,0.434782609
Tamil Nadu,SALEM,2006,Whole Year,Castor seed,472,142,0.300847458
Tamil Nadu,SALEM,2006,Whole Year,Coconut,12969,1453,0.112036394
Tamil Nadu,SALEM,2006,Whole Year,Coriander,19,6,0.315789474
Tamil Nadu,SALEM,2006,Whole Year,Cotton(lint),15833,39097,2.469336197
Tamil Nadu,SALEM,2006,Whole Year,Dry chillies,703,512,0.728307255
Tamil Nadu,SALEM,2006,Whole Year,Garlic,1,6,6
Tamil Nadu,SALEM,2006,Whole Year,Gram,10,5,0.5
Tamil Nadu,SALEM,2006,Whole Year,Groundnut,28171,42556,1.5106315
Tamil Nadu,SALEM,2006,Whole Year,Horse-gram,1260,712,0.565079365
Tamil Nadu,SALEM,2006,Whole Year,Jowar,15732,12268,0.779811848
Tamil Nadu,SALEM,2006,Whole Year,Maize,7825,30187,3.857763578
Tamil Nadu,SALEM,2006,Whole Year,Moong(Green Gram),1882,1113,0.591392136
Tamil Nadu,SALEM,2006,Whole Year,Onion,340,2969,8.732352941
Tamil Nadu,SALEM,2006,Whole Year,Potato,1,15,15
Tamil Nadu,SALEM,2006,Whole Year,Ragi,9320,16493,1.769635193
Tamil Nadu,SALEM,2006,Whole Year,Rapeseed &Mustard,6,1,0.166666667
Tamil Nadu,SALEM,2006,Whole Year,Sesamum,1184,883,0.745777027
Tamil Nadu,SALEM,2006,Whole Year,Sugarcane,12797,1348714,105.3929827
Tamil Nadu,SALEM,2006,Whole Year,Sunflower,330,860,2.606060606
Tamil Nadu,SALEM,2006,Whole Year,Sweet potato,69,1159,16.79710145
Tamil Nadu,SALEM,2006,Whole Year,Tapioca,29096,1080501,37.13572312
Tamil Nadu,SALEM,2006,Whole Year,Tobacco,175,184,1.051428571
Tamil Nadu,SALEM,2006,Whole Year,Turmeric,5594,25377,4.536467644
Tamil Nadu,SALEM,2006,Whole Year,Urad,1019,646,0.633954858
Tamil Nadu,SALEM,2007,Kharif,Rice,21711,72083,3.320114228
Tamil Nadu,SALEM,2007,Kharif,Small millets,2055,1925,0.936739659
Tamil Nadu,SALEM,2007,Whole Year,Arecanut,1837,4121,2.243331519
Tamil Nadu,SALEM,2007,Whole Year,Arhar/Tur,682,298,0.436950147
Tamil Nadu,SALEM,2007,Whole Year,Bajra,924,1033,1.117965368
Tamil Nadu,SALEM,2007,Whole Year,Banana,2918,139308,47.74091844
Tamil Nadu,SALEM,2007,Whole Year,Black pepper,44,8,0.181818182
Tamil Nadu,SALEM,2007,Whole Year,Cardamom,42,3,0.071428571
Tamil Nadu,SALEM,2007,Whole Year,Cashewnut,24,14,0.583333333
Tamil Nadu,SALEM,2007,Whole Year,Castor seed,364,110,0.302197802
Tamil Nadu,SALEM,2007,Whole Year,Coconut,13490,1920,0.14232765
Tamil Nadu,SALEM,2007,Whole Year,Coriander,62,24,0.387096774
Tamil Nadu,SALEM,2007,Whole Year,Cotton(lint),15128,36605,2.419685352
Tamil Nadu,SALEM,2007,Whole Year,Dry chillies,1448,1218,0.841160221
Tamil Nadu,SALEM,2007,Whole Year,Gram,3,1,0.333333333
Tamil Nadu,SALEM,2007,Whole Year,Groundnut,24559,35747,1.455556008
Tamil Nadu,SALEM,2007,Whole Year,Horse-gram,1322,812,0.614220877
Tamil Nadu,SALEM,2007,Whole Year,Jowar,11669,8577,0.735024424
Tamil Nadu,SALEM,2007,Whole Year,Maize,12150,43405,3.572427984
Tamil Nadu,SALEM,2007,Whole Year,Moong(Green Gram),1822,1181,0.648188804
Tamil Nadu,SALEM,2007,Whole Year,Onion,204,1966,9.637254902
Tamil Nadu,SALEM,2007,Whole Year,Ragi,9615,15225,1.583463339
Tamil Nadu,SALEM,2007,Whole Year,Rapeseed &Mustard,13,3,0.230769231
Tamil Nadu,SALEM,2007,Whole Year,Sesamum,1018,726,0.713163065
Tamil Nadu,SALEM,2007,Whole Year,Small millets,2075,1925,0.927710843
Tamil Nadu,SALEM,2007,Whole Year,Sugarcane,11610,1072636,92.38897502
Tamil Nadu,SALEM,2007,Whole Year,Sunflower,1009,2351,2.330029732
Tamil Nadu,SALEM,2007,Whole Year,Sweet potato,29,394,13.5862069
Tamil Nadu,SALEM,2007,Whole Year,Tapioca,30370,1178658,38.80994402
Tamil Nadu,SALEM,2007,Whole Year,Tobacco,219,230,1.050228311
Tamil Nadu,SALEM,2007,Whole Year,Turmeric,6298,29756,4.7246745
Tamil Nadu,SALEM,2007,Whole Year,Urad,914,629,0.688183807
Tamil Nadu,SALEM,2008,Kharif,Rice,29929,120383,4.022286077
Tamil Nadu,SALEM,2008,Kharif,Small millets,1762,1231,0.698637911
Tamil Nadu,SALEM,2008,Whole Year,Arecanut,1843,4374,2.373304395
Tamil Nadu,SALEM,2008,Whole Year,Arhar/Tur,834,467,0.559952038
Tamil Nadu,SALEM,2008,Whole Year,Bajra,875,1744,1.993142857
Tamil Nadu,SALEM,2008,Whole Year,Banana,3630,161363,44.45261708
Tamil Nadu,SALEM,2008,Whole Year,Black pepper,53,10,0.188679245
Tamil Nadu,SALEM,2008,Whole Year,Cardamom,27,2,0.074074074
Tamil Nadu,SALEM,2008,Whole Year,Cashewnut,22,11,0.5
Tamil Nadu,SALEM,2008,Whole Year,Castor seed,745,224,0.300671141
Tamil Nadu,SALEM,2008,Whole Year,Coconut,13895,2228000,160.345448
Tamil Nadu,SALEM,2008,Whole Year,Coriander,47,16,0.340425532
Tamil Nadu,SALEM,2008,Whole Year,Cotton(lint),14036,34474,2.456112853
Tamil Nadu,SALEM,2008,Whole Year,Dry chillies,1276,642,0.503134796
Tamil Nadu,SALEM,2008,Whole Year,Dry ginger,1,20,20
Tamil Nadu,SALEM,2008,Whole Year,Gram,52,24,0.461538462
Tamil Nadu,SALEM,2008,Whole Year,Groundnut,25547,38250,1.49724038
Tamil Nadu,SALEM,2008,Whole Year,Horse-gram,2450,1153,0.470612245
Tamil Nadu,SALEM,2008,Whole Year,Jowar,13724,12659,0.922398718
Tamil Nadu,SALEM,2008,Whole Year,Maize,33410,96374,2.884585453
Tamil Nadu,SALEM,2008,Whole Year,Moong(Green Gram),2686,1496,0.556962025
Tamil Nadu,SALEM,2008,Whole Year,Onion,390,3687,9.453846154
Tamil Nadu,SALEM,2008,Whole Year,Potato,1,18,18
Tamil Nadu,SALEM,2008,Whole Year,Ragi,9000,18412,2.045777778
Tamil Nadu,SALEM,2008,Whole Year,Rapeseed &Mustard,10,2,0.2
Tamil Nadu,SALEM,2008,Whole Year,Sesamum,3016,2177,0.721816976
Tamil Nadu,SALEM,2008,Whole Year,Small millets,1762,1231,0.698637911
Tamil Nadu,SALEM,2008,Whole Year,Sugarcane,11453,1065278,93.01300969
Tamil Nadu,SALEM,2008,Whole Year,Sunflower,1074,1433,1.334264432
Tamil Nadu,SALEM,2008,Whole Year,Sweet potato,38,464,12.21052632
Tamil Nadu,SALEM,2008,Whole Year,Tapioca,25891,839930,32.44100267
Tamil Nadu,SALEM,2008,Whole Year,Tobacco,218,229,1.050458716
Tamil Nadu,SALEM,2008,Whole Year,Turmeric,5920,46055,7.779560811
Tamil Nadu,SALEM,2008,Whole Year,Urad,2689,846,0.314615099
Tamil Nadu,SALEM,2009,Kharif,Rice,24382,106464,4.366499877
Tamil Nadu,SALEM,2009,Kharif,Small millets,1815,1473,0.811570248
Tamil Nadu,SALEM,2009,Whole Year,Arecanut,1785,4334,2.428011204
Tamil Nadu,SALEM,2009,Whole Year,Arhar/Tur,1169,642,0.54918734
Tamil Nadu,SALEM,2009,Whole Year,Bajra,1223,1380,1.128372854
Tamil Nadu,SALEM,2009,Whole Year,Banana,3368,144811,42.99614014
Tamil Nadu,SALEM,2009,Whole Year,Black pepper,71,13,0.183098592
Tamil Nadu,SALEM,2009,Whole Year,Cardamom,21,1,0.047619048
Tamil Nadu,SALEM,2009,Whole Year,Cashewnut,21,11,0.523809524
Tamil Nadu,SALEM,2009,Whole Year,Castor seed,655,197,0.300763359
Tamil Nadu,SALEM,2009,Whole Year,Coconut,14312,209200,14.61710453
Tamil Nadu,SALEM,2009,Whole Year,Coriander,46,18,0.391304348
Tamil Nadu,SALEM,2009,Whole Year,Cotton(lint),13593,26834,1.974104318
Tamil Nadu,SALEM,2009,Whole Year,Dry chillies,1089,836,0.767676768
Tamil Nadu,SALEM,2009,Whole Year,Gram,156,72,0.461538462
Tamil Nadu,SALEM,2009,Whole Year,Groundnut,21939,33769,1.539222389
Tamil Nadu,SALEM,2009,Whole Year,Horse-gram,3128,2127,0.679987212
Tamil Nadu,SALEM,2009,Whole Year,Jowar,19613,13684,0.697700505
Tamil Nadu,SALEM,2009,Whole Year,Maize,24632,121754,4.942919779
Tamil Nadu,SALEM,2009,Whole Year,Moong(Green Gram),4288,2363,0.551072761
Tamil Nadu,SALEM,2009,Whole Year,Onion,537,5237,9.752327747
Tamil Nadu,SALEM,2009,Whole Year,Ragi,7110,12290,1.728551336
Tamil Nadu,SALEM,2009,Whole Year,Rapeseed &Mustard,12,3,0.25
Tamil Nadu,SALEM,2009,Whole Year,Sesamum,3529,2486,0.704448852
Tamil Nadu,SALEM,2009,Whole Year,Sugarcane,11296,930663,82.38872167
Tamil Nadu,SALEM,2009,Whole Year,Sunflower,187,441,2.35828877
Tamil Nadu,SALEM,2009,Whole Year,Sweet potato,15,219,14.6
Tamil Nadu,SALEM,2009,Whole Year,Tapioca,23057,749227,32.49455697
Tamil Nadu,SALEM,2009,Whole Year,Tobacco,331,348,1.051359517
Tamil Nadu,SALEM,2009,Whole Year,Turmeric,7439,33510,4.50463772
Tamil Nadu,SALEM,2009,Whole Year,Urad,3343,1271,0.380197427
Tamil Nadu,SALEM,2010,Kharif,Arhar/Tur,2312,2123,0.918252595
Tamil Nadu,SALEM,2010,Kharif,Castor seed,899,189,0.210233593
Tamil Nadu,SALEM,2010,Kharif,Cotton(lint),14322,35674,2.490853233
Tamil Nadu,SALEM,2010,Kharif,Groundnut,21900,48011,2.192283105
Tamil Nadu,SALEM,2010,Kharif,Horse-gram,3084,1914,0.620622568
Tamil Nadu,SALEM,2010,Kharif,Maize,24143,122867,5.089135567
Tamil Nadu,SALEM,2010,Kharif,Moong(Green Gram),12194,11140,0.913564048
Tamil Nadu,SALEM,2010,Kharif,Ragi,8142,22054,2.708671088
Tamil Nadu,SALEM,2010,Kharif,Rice,33296,147778,4.438310908
Tamil Nadu,SALEM,2010,Kharif,Sunflower,134,204,1.52238806
Tamil Nadu,SALEM,2010,Kharif,Urad,6084,3725,0.61226167
Tamil Nadu,SALEM,2010,Rabi,Gram,100,46,0.46
Tamil Nadu,SALEM,2010,Whole Year,Sugarcane,12339,1302343,105.5468839
Tamil Nadu,SALEM,2011,Kharif,Bajra,676,827,1.223372781
Tamil Nadu,SALEM,2011,Kharif,Cotton(lint),13332,38756,2.906990699
Tamil Nadu,SALEM,2011,Kharif,Groundnut,15380,33776,2.19609883
Tamil Nadu,SALEM,2011,Kharif,Jowar,10153,9652,0.950654979
Tamil Nadu,SALEM,2011,Kharif,Maize,21800,115929,5.317844037
Tamil Nadu,SALEM,2011,Kharif,Ragi,4481,10846,2.420441866
Tamil Nadu,SALEM,2011,Kharif,Rice,27745,125327,4.517102181
Tamil Nadu,SALEM,2011,Kharif,Wheat,5,,
Tamil Nadu,SALEM,2011,Rabi,Bajra,162,474,2.925925926
Tamil Nadu,SALEM,2011,Rabi,Cotton(lint),3660,9618,2.627868852
Tamil Nadu,SALEM,2011,Rabi,Groundnut,4393,15331,3.489870248
Tamil Nadu,SALEM,2011,Rabi,Jowar,7244,7454,1.028989509
Tamil Nadu,SALEM,2011,Rabi,Maize,12866,82507,6.412793409
Tamil Nadu,SALEM,2011,Rabi,Ragi,2695,9660,3.584415584
Tamil Nadu,SALEM,2011,Rabi,Rapeseed &Mustard,31,8,0.258064516
Tamil Nadu,SALEM,2011,Rabi,Wheat,1,,
Tamil Nadu,SALEM,2011,Whole Year,Arecanut,2422,7076,2.921552436
Tamil Nadu,SALEM,2011,Whole Year,Arhar/Tur,1451,947,0.652653343
Tamil Nadu,SALEM,2011,Whole Year,Banana,2374,103949,43.78643639
Tamil Nadu,SALEM,2011,Whole Year,Black pepper,816,150,0.183823529
Tamil Nadu,SALEM,2011,Whole Year,Cardamom,39,3,0.076923077
Tamil Nadu,SALEM,2011,Whole Year,Cashewnut,21,6,0.285714286
Tamil Nadu,SALEM,2011,Whole Year,Castor seed,885,271,0.306214689
Tamil Nadu,SALEM,2011,Whole Year,Coconut,14590,186100000,12755.31186
Tamil Nadu,SALEM,2011,Whole Year,Coriander,31,14,0.451612903
Tamil Nadu,SALEM,2011,Whole Year,Dry chillies,879,566,0.643913538
Tamil Nadu,SALEM,2011,Whole Year,Dry ginger,1,11,11
Tamil Nadu,SALEM,2011,Whole Year,Gram,24,17,0.708333333
Tamil Nadu,SALEM,2011,Whole Year,Horse-gram,4407,2654,0.602223735
Tamil Nadu,SALEM,2011,Whole Year,Moong(Green Gram),9154,6688,0.73060957
Tamil Nadu,SALEM,2011,Whole Year,Onion,1317,14469,10.98633257
Tamil Nadu,SALEM,2011,Whole Year,Potato,2,36,18
Tamil Nadu,SALEM,2011,Whole Year,Small millets,1542,1543,1.000648508
Tamil Nadu,SALEM,2011,Whole Year,Sugarcane,12218,1222664,100.0707153
Tamil Nadu,SALEM,2011,Whole Year,Sunflower,63,114,1.80952381
Tamil Nadu,SALEM,2011,Whole Year,Sweet potato,1,20,20
Tamil Nadu,SALEM,2011,Whole Year,Tapioca,17084,865062,50.63579958
Tamil Nadu,SALEM,2011,Whole Year,Tobacco,108,112,1.037037037
Tamil Nadu,SALEM,2011,Whole Year,Turmeric,13684,57580,4.207833967
Tamil Nadu,SALEM,2011,Whole Year,Urad,4566,2654,0.581252738
Tamil Nadu,SALEM,2012,Kharif,Arhar/Tur,1245,926,0.7437751
Tamil Nadu,SALEM,2012,Kharif,Castor seed,1784,232.63,0.130397982
Tamil Nadu,SALEM,2012,Kharif,Groundnut,17548,33902,1.931958058
Tamil Nadu,SALEM,2012,Kharif,Horse-gram,3540,1069,0.301977401
Tamil Nadu,SALEM,2012,Kharif,Maize,29542,167367,5.665391646
Tamil Nadu,SALEM,2012,Kharif,Moong(Green Gram),10228,3616,0.353539304
Tamil Nadu,SALEM,2012,Kharif,Ragi,4856,9628,1.982701812
Tamil Nadu,SALEM,2012,Kharif,Rice,12929,52953,4.095676386
Tamil Nadu,SALEM,2012,Kharif,Sunflower,48,99,2.0625
Tamil Nadu,SALEM,2012,Kharif,Urad,2536,1141,0.449921136
Tamil Nadu,SALEM,2012,Rabi,Gram,41,19,0.463414634
Tamil Nadu,SALEM,2012,Whole Year,Sugarcane,15485,1321473,85.33890862
Tamil Nadu,SALEM,2013,Kharif,Bajra,723,1423,1.968188105
Tamil Nadu,SALEM,2013,Kharif,Castor seed,856,259,0.302570093
Tamil Nadu,SALEM,2013,Kharif,Cotton(lint),11737,42720,3.639771662
Tamil Nadu,SALEM,2013,Kharif,Groundnut,15817,27911,1.764620345
Tamil Nadu,SALEM,2013,Kharif,Horse-gram,1233,740,0.600162206
Tamil Nadu,SALEM,2013,Kharif,Jowar,22181,18701,0.843108967
Tamil Nadu,SALEM,2013,Kharif,Maize,24805,186613,7.523200968
Tamil Nadu,SALEM,2013,Kharif,Moong(Green Gram),6936,5720,0.824682814
Tamil Nadu,SALEM,2013,Kharif,Onion,755,9694,12.8397351
Tamil Nadu,SALEM,2013,Kharif,Ragi,5869,17995,3.06611007
Tamil Nadu,SALEM,2013,Kharif,Rice,20148,97052,4.816954536
Tamil Nadu,SALEM,2013,Kharif,Sunflower,3,5,1.666666667
Tamil Nadu,SALEM,2013,Kharif,Urad,3248,3071,0.945504926
Tamil Nadu,SALEM,2013,Rabi,Bajra,54,108,2
Tamil Nadu,SALEM,2013,Rabi,Cotton(lint),1266,3257,2.572669826
Tamil Nadu,SALEM,2013,Rabi,Groundnut,3020,9554,3.163576159
Tamil Nadu,SALEM,2013,Rabi,Horse-gram,5211,3119,0.598541547
Tamil Nadu,SALEM,2013,Rabi,Jowar,9472,13247,1.398543074
Tamil Nadu,SALEM,2013,Rabi,Maize,10845,81733,7.536468419
Tamil Nadu,SALEM,2013,Rabi,Moong(Green Gram),1137,917,0.806508355
Tamil Nadu,SALEM,2013,Rabi,Onion,301,2387,7.930232558
Tamil Nadu,SALEM,2013,Rabi,Ragi,2757,12950,4.697134567
Tamil Nadu,SALEM,2013,Rabi,Rapeseed &Mustard,17,4,0.235294118
Tamil Nadu,SALEM,2013,Rabi,Sunflower,22,22,1
Tamil Nadu,SALEM,2013,Rabi,Urad,1170,998,0.852991453
Tamil Nadu,SALEM,2013,Whole Year,Arecanut,2410,2361,0.97966805
Tamil Nadu,SALEM,2013,Whole Year,Arhar/Tur,2963,2690,0.907863652
Tamil Nadu,SALEM,2013,Whole Year,Banana,1658,68864,41.53437877
Tamil Nadu,SALEM,2013,Whole Year,Black pepper,813,150,0.184501845
Tamil Nadu,SALEM,2013,Whole Year,Cardamom,35,2,0.057142857
Tamil Nadu,SALEM,2013,Whole Year,Cashewnut,2,1,0.5
Tamil Nadu,SALEM,2013,Whole Year,Coconut,14457,61800000,4274.745798
Tamil Nadu,SALEM,2013,Whole Year,Coriander,40,14,0.35
Tamil Nadu,SALEM,2013,Whole Year,Dry chillies,602,364,0.604651163
Tamil Nadu,SALEM,2013,Whole Year,Gram,17,11,0.647058824
Tamil Nadu,SALEM,2013,Whole Year,Small millets,2220,2524,1.136936937
Tamil Nadu,SALEM,2013,Whole Year,Sugarcane,12652,1215553,96.07595637
Tamil Nadu,SALEM,2013,Whole Year,Sweet potato,3,63,21
Tamil Nadu,SALEM,2013,Whole Year,Tapioca,14419,317727,22.03530064
Tamil Nadu,SALEM,2013,Whole Year,Tobacco,242,254,1.049586777
Tamil Nadu,SALEM,2013,Whole Year,Turmeric,6230,19849,3.186035313
Tamil Nadu,SIVAGANGA,1997,Kharif,Banana,284,9941,35.00352113
Tamil Nadu,SIVAGANGA,1997,Kharif,Horse-gram,249,130,0.522088353
Tamil Nadu,SIVAGANGA,1997,Kharif,Sesamum,223,70,0.313901345
Tamil Nadu,SIVAGANGA,1997,Kharif,Small millets,23,10,0.434782609
Tamil Nadu,SIVAGANGA,1997,Whole Year,Arhar/Tur,460,230,0.5
Tamil Nadu,SIVAGANGA,1997,Whole Year,Bajra,64,70,1.09375
Tamil Nadu,SIVAGANGA,1997,Whole Year,Banana,472,22770,48.24152542
Tamil Nadu,SIVAGANGA,1997,Whole Year,Cashewnut,4407,950,0.215566145
Tamil Nadu,SIVAGANGA,1997,Whole Year,Coriander,36,10,0.277777778
Tamil Nadu,SIVAGANGA,1997,Whole Year,Cotton(lint),749,1380,1.842456609
Tamil Nadu,SIVAGANGA,1997,Whole Year,Dry chillies,3760,1180,0.313829787
Tamil Nadu,SIVAGANGA,1997,Whole Year,Groundnut,7638,12070,1.580256612
Tamil Nadu,SIVAGANGA,1997,Whole Year,Jowar,207,200,0.966183575
Tamil Nadu,SIVAGANGA,1997,Whole Year,Moong(Green Gram),74,30,0.405405405
Tamil Nadu,SIVAGANGA,1997,Whole Year,Onion,25,190,7.6
Tamil Nadu,SIVAGANGA,1997,Whole Year,Pulses total,2148,770,0.358472998
Tamil Nadu,SIVAGANGA,1997,Whole Year,Ragi,349,740,2.12034384
Tamil Nadu,SIVAGANGA,1997,Whole Year,Rice,90931,221560,2.436572786
Tamil Nadu,SIVAGANGA,1997,Whole Year,Sugarcane,4794,3938000,821.443471
Tamil Nadu,SIVAGANGA,1997,Whole Year,Sunflower,14,10,0.714285714
Tamil Nadu,SIVAGANGA,1997,Whole Year,Sweet potato,3,40,13.33333333
Tamil Nadu,SIVAGANGA,1997,Whole Year,Tapioca,11,410,37.27272727
Tamil Nadu,SIVAGANGA,1997,Whole Year,Total foodgrain,93794,223400,2.381815468
Tamil Nadu,SIVAGANGA,1997,Whole Year,Urad,407,190,0.466830467
Tamil Nadu,SIVAGANGA,1998,Kharif,Arhar/Tur,808,775,0.959158416
Tamil Nadu,SIVAGANGA,1998,Kharif,Bajra,380,903,2.376315789
Tamil Nadu,SIVAGANGA,1998,Kharif,Cotton(lint),2657,4735,1.782085058
Tamil Nadu,SIVAGANGA,1998,Kharif,Groundnut,8032,10017,1.247136454
Tamil Nadu,SIVAGANGA,1998,Kharif,Horse-gram,85,43,0.505882353
Tamil Nadu,SIVAGANGA,1998,Kharif,Jowar,444,688,1.54954955
Tamil Nadu,SIVAGANGA,1998,Kharif,Maize,74,40,0.540540541
Tamil Nadu,SIVAGANGA,1998,Kharif,Moong(Green Gram),984,469,0.476626016
Tamil Nadu,SIVAGANGA,1998,Kharif,Pulses total,7167,3281,0.457792661
Tamil Nadu,SIVAGANGA,1998,Kharif,Ragi,1161,2712,2.335917313
Tamil Nadu,SIVAGANGA,1998,Kharif,Rice,88087,302924,3.438918342
Tamil Nadu,SIVAGANGA,1998,Kharif,Sesamum,5208,2060,0.395545315
Tamil Nadu,SIVAGANGA,1998,Kharif,Sunflower,19,18,0.947368421
Tamil Nadu,SIVAGANGA,1998,Kharif,Total foodgrain,97417,31062,0.318856052
Tamil Nadu,SIVAGANGA,1998,Kharif,Urad,3269,1598,0.488834506
Tamil Nadu,SIVAGANGA,1998,Rabi,Gram,16,13,0.8125
Tamil Nadu,SIVAGANGA,1998,Whole Year,Banana,318,15539,48.86477987
Tamil Nadu,SIVAGANGA,1998,Whole Year,Cashewnut,5116,1105,0.215989054
Tamil Nadu,SIVAGANGA,1998,Whole Year,Coriander,61,15,0.245901639
Tamil Nadu,SIVAGANGA,1998,Whole Year,Dry chillies,2559,801,0.313012896
Tamil Nadu,SIVAGANGA,1998,Whole Year,Onion,213,1660,7.79342723
Tamil Nadu,SIVAGANGA,1998,Whole Year,Sugarcane,4390,538790,122.7312073
Tamil Nadu,SIVAGANGA,1998,Whole Year,Tobacco,14,21,1.5
Tamil Nadu,SIVAGANGA,1999,Kharif,Arhar/Tur,1205,817,0.678008299
Tamil Nadu,SIVAGANGA,1999,Kharif,Bajra,218,235,1.077981651
Tamil Nadu,SIVAGANGA,1999,Kharif,Cotton(lint),853,1911,2.240328253
Tamil Nadu,SIVAGANGA,1999,Kharif,Groundnut,9479,15038,1.586454267
Tamil Nadu,SIVAGANGA,1999,Kharif,Horse-gram,203,84,0.413793103
Tamil Nadu,SIVAGANGA,1999,Kharif,Jowar,1217,1065,0.875102712
Tamil Nadu,SIVAGANGA,1999,Kharif,Korra,6,5,0.833333333
Tamil Nadu,SIVAGANGA,1999,Kharif,Maize,6,10,1.666666667
Tamil Nadu,SIVAGANGA,1999,Kharif,Moong(Green Gram),942,512,0.543524416
Tamil Nadu,SIVAGANGA,1999,Kharif,Ragi,741,999,1.348178138
Tamil Nadu,SIVAGANGA,1999,Kharif,Rice,83771,170503,2.035346361
Tamil Nadu,SIVAGANGA,1999,Kharif,Sesamum,524,270,0.515267176
Tamil Nadu,SIVAGANGA,1999,Kharif,Sunflower,20,20,1
Tamil Nadu,SIVAGANGA,1999,Kharif,Urad,2244,1162,0.517825312
Tamil Nadu,SIVAGANGA,1999,Kharif,Varagu,2,2,1
Tamil Nadu,SIVAGANGA,1999,Whole Year,Banana,284,9941,35.00352113
Tamil Nadu,SIVAGANGA,1999,Whole Year,Cashewnut,4860,1001,0.205967078
Tamil Nadu,SIVAGANGA,1999,Whole Year,Dry chillies,2570,810,0.315175097
Tamil Nadu,SIVAGANGA,1999,Whole Year,Guar seed,5594,48575,8.683410797
Tamil Nadu,SIVAGANGA,1999,Whole Year,Sugarcane,5594,499493,89.29084734
Tamil Nadu,SIVAGANGA,2000,Kharif,Arhar/Tur,556,377,0.678057554
Tamil Nadu,SIVAGANGA,2000,Kharif,Bajra,74,148,2
Tamil Nadu,SIVAGANGA,2000,Kharif,Cotton(lint),2736,5201,1.900950292
Tamil Nadu,SIVAGANGA,2000,Kharif,Groundnut,10894,18190,1.669726455
Tamil Nadu,SIVAGANGA,2000,Kharif,Horse-gram,6,3,0.5
Tamil Nadu,SIVAGANGA,2000,Kharif,Jowar,623,558,0.895666132
Tamil Nadu,SIVAGANGA,2000,Kharif,Maize,4,6,1.5
Tamil Nadu,SIVAGANGA,2000,Kharif,Moong(Green Gram),540,252,0.466666667
Tamil Nadu,SIVAGANGA,2000,Kharif,Other Kharif pulses,1897,366,0.192936215
Tamil Nadu,SIVAGANGA,2000,Kharif,Ragi,796,1195,1.501256281
Tamil Nadu,SIVAGANGA,2000,Kharif,Rice,80708,166959,2.068679685
Tamil Nadu,SIVAGANGA,2000,Kharif,Sesamum,974,477,0.48973306
Tamil Nadu,SIVAGANGA,2000,Kharif,Sunflower,13,10,0.769230769
Tamil Nadu,SIVAGANGA,2000,Kharif,Urad,2579,1336,0.518030244
Tamil Nadu,SIVAGANGA,2000,Rabi,Gram,161,87,0.540372671
Tamil Nadu,SIVAGANGA,2000,Whole Year,Banana,127,4445,35
Tamil Nadu,SIVAGANGA,2000,Whole Year,Cashewnut,4288,1351,0.315065299
Tamil Nadu,SIVAGANGA,2000,Whole Year,Dry chillies,4910,1262,0.257026477
Tamil Nadu,SIVAGANGA,2000,Whole Year,Sugarcane,7050,629501,89.29092199
Tamil Nadu,SIVAGANGA,2001,Kharif,Arhar/Tur,302,200,0.662251656
Tamil Nadu,SIVAGANGA,2001,Kharif,Bajra,26,50,1.923076923
Tamil Nadu,SIVAGANGA,2001,Kharif,Cotton(lint),214,350,1.635514019
Tamil Nadu,SIVAGANGA,2001,Kharif,Groundnut,5757,9680,1.681431301
Tamil Nadu,SIVAGANGA,2001,Kharif,Jowar,158,150,0.949367089
Tamil Nadu,SIVAGANGA,2001,Kharif,Moong(Green Gram),92,40,0.434782609
Tamil Nadu,SIVAGANGA,2001,Kharif,Ragi,218,420,1.926605505
Tamil Nadu,SIVAGANGA,2001,Kharif,Rice,77246,159610,2.066255858
Tamil Nadu,SIVAGANGA,2001,Kharif,Sesamum,307,130,0.423452769
Tamil Nadu,SIVAGANGA,2001,Kharif,Urad,283,110,0.38869258
Tamil Nadu,SIVAGANGA,2001,Whole Year,Sugarcane,5033,435900,86.60838466
Tamil Nadu,SIVAGANGA,2002,Kharif,Arhar/Tur,181,99,0.546961326
Tamil Nadu,SIVAGANGA,2002,Kharif,Bajra,3,2,0.666666667
Tamil Nadu,SIVAGANGA,2002,Kharif,Cotton(lint),217,503,2.31797235
Tamil Nadu,SIVAGANGA,2002,Kharif,Groundnut,5022,8067,1.606332139
Tamil Nadu,SIVAGANGA,2002,Kharif,Horse-gram,65,17,0.261538462
Tamil Nadu,SIVAGANGA,2002,Kharif,Jowar,76,52,0.684210526
Tamil Nadu,SIVAGANGA,2002,Kharif,Moong(Green Gram),46,20,0.434782609
Tamil Nadu,SIVAGANGA,2002,Kharif,Other Kharif pulses,506,93,0.183794466
Tamil Nadu,SIVAGANGA,2002,Kharif,Ragi,312,457,1.46474359
Tamil Nadu,SIVAGANGA,2002,Kharif,Rice,79744,139339,1.747328953
Tamil Nadu,SIVAGANGA,2002,Kharif,Sesamum,112,38,0.339285714
Tamil Nadu,SIVAGANGA,2002,Kharif,Small millets,34,21,0.617647059
Tamil Nadu,SIVAGANGA,2002,Kharif,Urad,277,111,0.400722022
Tamil Nadu,SIVAGANGA,2002,Kharif,Varagu,2,2,1
Tamil Nadu,SIVAGANGA,2002,Whole Year,Banana,690,25498,36.95362319
Tamil Nadu,SIVAGANGA,2002,Whole Year,Ber,6,0,0
Tamil Nadu,SIVAGANGA,2002,Whole Year,Bhindi,8,60,7.5
Tamil Nadu,SIVAGANGA,2002,Whole Year,Bitter Gourd,1,0,0
Tamil Nadu,SIVAGANGA,2002,Whole Year,Brinjal,68,519,7.632352941
Tamil Nadu,SIVAGANGA,2002,Whole Year,Cashewnut,4973,939,0.188819626
Tamil Nadu,SIVAGANGA,2002,Whole Year,Citrus Fruit,19,21,1.105263158
Tamil Nadu,SIVAGANGA,2002,Whole Year,Coconut,5861,36100,6.159358471
Tamil Nadu,SIVAGANGA,2002,Whole Year,Coriander,3,1,0.333333333
Tamil Nadu,SIVAGANGA,2002,Whole Year,Cucumber,10,0,0
Tamil Nadu,SIVAGANGA,2002,Whole Year,Drum Stick,1,0,0
Tamil Nadu,SIVAGANGA,2002,Whole Year,Dry chillies,3750,546,0.1456
Tamil Nadu,SIVAGANGA,2002,Whole Year,Jack Fruit,44,498,11.31818182
Tamil Nadu,SIVAGANGA,2002,Whole Year,Lab-Lab,1,0,0
Tamil Nadu,SIVAGANGA,2002,Whole Year,Mango,1334,7993,5.991754123
Tamil Nadu,SIVAGANGA,2002,Whole Year,Onion,14,118,8.428571429
Tamil Nadu,SIVAGANGA,2002,Whole Year,Orange,1,2,2
Tamil Nadu,SIVAGANGA,2002,Whole Year,Other Citrus Fruit,162,0,0
Tamil Nadu,SIVAGANGA,2002,Whole Year,Other Fresh Fruits,106,0,0
Tamil Nadu,SIVAGANGA,2002,Whole Year,Other Vegetables,19,0,0
Tamil Nadu,SIVAGANGA,2002,Whole Year,Pome Fruit,239,1250,5.230125523
Tamil Nadu,SIVAGANGA,2002,Whole Year,Pome Granet,5,0,0
Tamil Nadu,SIVAGANGA,2002,Whole Year,Pump Kin,1,0,0
Tamil Nadu,SIVAGANGA,2002,Whole Year,Redish,1,0,0
Tamil Nadu,SIVAGANGA,2002,Whole Year,Snak Guard,1,0,0
Tamil Nadu,SIVAGANGA,2002,Whole Year,Sugarcane,5039,462780,91.83965072
Tamil Nadu,SIVAGANGA,2002,Whole Year,Sweet potato,5,68,13.6
Tamil Nadu,SIVAGANGA,2002,Whole Year,Tomato,13,160,12.30769231
Tamil Nadu,SIVAGANGA,2002,Whole Year,Turmeric,1,4,4
Tamil Nadu,SIVAGANGA,2002,Whole Year,Water Melon,3,0,0
Tamil Nadu,SIVAGANGA,2003,Kharif,Arhar/Tur,267,163,0.610486891
Tamil Nadu,SIVAGANGA,2003,Kharif,Bajra,34,44,1.294117647
Tamil Nadu,SIVAGANGA,2003,Kharif,Cotton(lint),1169,690,0.590248075
Tamil Nadu,SIVAGANGA,2003,Kharif,Groundnut,7706,10613,1.377238515
Tamil Nadu,SIVAGANGA,2003,Kharif,Horse-gram,161,43,0.267080745
Tamil Nadu,SIVAGANGA,2003,Kharif,Jowar,255,157,0.615686275
Tamil Nadu,SIVAGANGA,2003,Kharif,Korra,1,1,1
Tamil Nadu,SIVAGANGA,2003,Kharif,Maize,7,14,2
Tamil Nadu,SIVAGANGA,2003,Kharif,Moong(Green Gram),107,45,0.420560748
Tamil Nadu,SIVAGANGA,2003,Kharif,Other Kharif pulses,711,128,0.180028129
Tamil Nadu,SIVAGANGA,2003,Kharif,Ragi,376,616,1.638297872
Tamil Nadu,SIVAGANGA,2003,Kharif,Rice,71955,49833,0.692557849
Tamil Nadu,SIVAGANGA,2003,Kharif,Sesamum,182,58,0.318681319
Tamil Nadu,SIVAGANGA,2003,Kharif,Small millets,56,796,14.21428571
Tamil Nadu,SIVAGANGA,2003,Kharif,Urad,396,162,0.409090909
Tamil Nadu,SIVAGANGA,2003,Whole Year,Ash Gourd,1,0,0
Tamil Nadu,SIVAGANGA,2003,Whole Year,Banana,678,23984,35.37463127
Tamil Nadu,SIVAGANGA,2003,Whole Year,Beans & Mutter(Vegetable),1,0,0
Tamil Nadu,SIVAGANGA,2003,Whole Year,Ber,8,0,0
Tamil Nadu,SIVAGANGA,2003,Whole Year,Bhindi,37,259,7
Tamil Nadu,SIVAGANGA,2003,Whole Year,Bitter Gourd,2,0,0
Tamil Nadu,SIVAGANGA,2003,Whole Year,Brinjal,64,715,11.171875
Tamil Nadu,SIVAGANGA,2003,Whole Year,Cashewnut,5568,1416,0.254310345
Tamil Nadu,SIVAGANGA,2003,Whole Year,Citrus Fruit,29,30,1.034482759
Tamil Nadu,SIVAGANGA,2003,Whole Year,Coconut,6065,70100,11.55812036
Tamil Nadu,SIVAGANGA,2003,Whole Year,Coriander,12,3,0.25
Tamil Nadu,SIVAGANGA,2003,Whole Year,Cucumber,10,0,0
Tamil Nadu,SIVAGANGA,2003,Whole Year,Drum Stick,2,0,0
Tamil Nadu,SIVAGANGA,2003,Whole Year,Dry chillies,5178,168,0.032444959
Tamil Nadu,SIVAGANGA,2003,Whole Year,Garlic,1,6,6
Tamil Nadu,SIVAGANGA,2003,Whole Year,Jack Fruit,37,357,9.648648649
Tamil Nadu,SIVAGANGA,2003,Whole Year,Lab-Lab,2,0,0
Tamil Nadu,SIVAGANGA,2003,Whole Year,Mango,1325,5505,4.154716981
Tamil Nadu,SIVAGANGA,2003,Whole Year,Onion,27,243,9
Tamil Nadu,SIVAGANGA,2003,Whole Year,Orange,1,2,2
Tamil Nadu,SIVAGANGA,2003,Whole Year,Other Citrus Fruit,216,0,0
Tamil Nadu,SIVAGANGA,2003,Whole Year,Other Fresh Fruits,101,0,0
Tamil Nadu,SIVAGANGA,2003,Whole Year,Other Vegetables,7,0,0
Tamil Nadu,SIVAGANGA,2003,Whole Year,Pome Fruit,247,1734,7.020242915
Tamil Nadu,SIVAGANGA,2003,Whole Year,Pome Granet,7,0,0
Tamil Nadu,SIVAGANGA,2003,Whole Year,Snak Guard,2,0,0
Tamil Nadu,SIVAGANGA,2003,Whole Year,Sugarcane,3357,341335,101.6785821
Tamil Nadu,SIVAGANGA,2003,Whole Year,Sweet potato,9,130,14.44444444
Tamil Nadu,SIVAGANGA,2003,Whole Year,Tapioca,14,472,33.71428571
Tamil Nadu,SIVAGANGA,2003,Whole Year,Tomato,24,244,10.16666667
Tamil Nadu,SIVAGANGA,2004,Kharif,Arhar/Tur,265,177,0.667924528
Tamil Nadu,SIVAGANGA,2004,Kharif,Bajra,57,123,2.157894737
Tamil Nadu,SIVAGANGA,2004,Kharif,Castor seed,8,2,0.25
Tamil Nadu,SIVAGANGA,2004,Kharif,Cotton(lint),489,576,1.17791411
Tamil Nadu,SIVAGANGA,2004,Kharif,Groundnut,7295,10319,1.4145305
Tamil Nadu,SIVAGANGA,2004,Kharif,Horse-gram,6,2,0.333333333
Tamil Nadu,SIVAGANGA,2004,Kharif,Jowar,247,189,0.765182186
Tamil Nadu,SIVAGANGA,2004,Kharif,Maize,2,4,2
Tamil Nadu,SIVAGANGA,2004,Kharif,Moong(Green Gram),99,39,0.393939394
Tamil Nadu,SIVAGANGA,2004,Kharif,Other Kharif pulses,565,102,0.180530973
Tamil Nadu,SIVAGANGA,2004,Kharif,Ragi,706,1146,1.623229462
Tamil Nadu,SIVAGANGA,2004,Kharif,Rice,85141,179535,2.108678545
Tamil Nadu,SIVAGANGA,2004,Kharif,Sesamum,216,70,0.324074074
Tamil Nadu,SIVAGANGA,2004,Kharif,Small millets,14,8,0.571428571
Tamil Nadu,SIVAGANGA,2004,Kharif,Sunflower,33,35,1.060606061
Tamil Nadu,SIVAGANGA,2004,Kharif,Urad,418,153,0.366028708
Tamil Nadu,SIVAGANGA,2004,Whole Year,Banana,990,42052,42.47676768
Tamil Nadu,SIVAGANGA,2004,Whole Year,Cashewnut,4770,1999,0.419077568
Tamil Nadu,SIVAGANGA,2004,Whole Year,Coconut,5938,94700,15.94813068
Tamil Nadu,SIVAGANGA,2004,Whole Year,Coriander,27,12,0.444444444
Tamil Nadu,SIVAGANGA,2004,Whole Year,Dry chillies,4788,7445,1.554928989
Tamil Nadu,SIVAGANGA,2004,Whole Year,Onion,29,281,9.689655172
Tamil Nadu,SIVAGANGA,2004,Whole Year,Sugarcane,2248,195502,86.96708185
Tamil Nadu,SIVAGANGA,2004,Whole Year,Sweet potato,5,76,15.2
Tamil Nadu,SIVAGANGA,2004,Whole Year,Tapioca,26,1073,41.26923077
Tamil Nadu,SIVAGANGA,2004,Whole Year,Turmeric,28,153,5.464285714
Tamil Nadu,SIVAGANGA,2005,Kharif,Arhar/Tur,150,81,0.54
Tamil Nadu,SIVAGANGA,2005,Kharif,Bajra,50,101,2.02
Tamil Nadu,SIVAGANGA,2005,Kharif,Castor seed,1,,
Tamil Nadu,SIVAGANGA,2005,Kharif,Cotton(lint),284,447,1.573943662
Tamil Nadu,SIVAGANGA,2005,Kharif,Groundnut,6409,11622,1.813387424
Tamil Nadu,SIVAGANGA,2005,Kharif,Horse-gram,35,13,0.371428571
Tamil Nadu,SIVAGANGA,2005,Kharif,Jowar,158,139,0.879746835
Tamil Nadu,SIVAGANGA,2005,Kharif,Moong(Green Gram),108,36,0.333333333
Tamil Nadu,SIVAGANGA,2005,Kharif,Niger seed,3,,
Tamil Nadu,SIVAGANGA,2005,Kharif,Other Kharif pulses,341,102,0.299120235
Tamil Nadu,SIVAGANGA,2005,Kharif,Ragi,241,368,1.526970954
Tamil Nadu,SIVAGANGA,2005,Kharif,Rice,89924,192738,2.143343268
Tamil Nadu,SIVAGANGA,2005,Kharif,Sesamum,114,43,0.377192982
Tamil Nadu,SIVAGANGA,2005,Kharif,Small millets,9,5,0.555555556
Tamil Nadu,SIVAGANGA,2005,Kharif,Sunflower,13,16,1.230769231
Tamil Nadu,SIVAGANGA,2005,Kharif,Urad,262,86,0.328244275
Tamil Nadu,SIVAGANGA,2005,Whole Year,Banana,936,45962,49.10470085
Tamil Nadu,SIVAGANGA,2005,Whole Year,Cashewnut,4600,1776,0.386086957
Tamil Nadu,SIVAGANGA,2005,Whole Year,Coconut,5852,456,0.077922078
Tamil Nadu,SIVAGANGA,2005,Whole Year,Coriander,11,3,0.272727273
Tamil Nadu,SIVAGANGA,2005,Whole Year,Dry chillies,3371,3248,0.963512311
Tamil Nadu,SIVAGANGA,2005,Whole Year,Onion,26,208,8
Tamil Nadu,SIVAGANGA,2005,Whole Year,Sugarcane,3995,381890,95.59198999
Tamil Nadu,SIVAGANGA,2005,Whole Year,Sweet potato,1,21,21
Tamil Nadu,SIVAGANGA,2005,Whole Year,Tapioca,10,382,38.2
Tamil Nadu,SIVAGANGA,2005,Whole Year,Turmeric,2,11,5.5
Tamil Nadu,SIVAGANGA,2006,Kharif,Rice,81385,109450,1.344842416
Tamil Nadu,SIVAGANGA,2006,Kharif,Small millets,15,9,0.6
Tamil Nadu,SIVAGANGA,2006,Whole Year,Arhar/Tur,110,81,0.736363636
Tamil Nadu,SIVAGANGA,2006,Whole Year,Bajra,4,6,1.5
Tamil Nadu,SIVAGANGA,2006,Whole Year,Banana,624,33436,53.58333333
Tamil Nadu,SIVAGANGA,2006,Whole Year,Cashewnut,4829,771,0.159660385
Tamil Nadu,SIVAGANGA,2006,Whole Year,Castor seed,2,1,0.5
Tamil Nadu,SIVAGANGA,2006,Whole Year,Coconut,5674,734,0.129362002
Tamil Nadu,SIVAGANGA,2006,Whole Year,Coriander,1,,
Tamil Nadu,SIVAGANGA,2006,Whole Year,Cotton(lint),133,309,2.323308271
Tamil Nadu,SIVAGANGA,2006,Whole Year,Dry chillies,3831,1905,0.497259201
Tamil Nadu,SIVAGANGA,2006,Whole Year,Groundnut,4943,6059,1.225773822
Tamil Nadu,SIVAGANGA,2006,Whole Year,Horse-gram,48,28,0.583333333
Tamil Nadu,SIVAGANGA,2006,Whole Year,Jowar,72,73,1.013888889
Tamil Nadu,SIVAGANGA,2006,Whole Year,Maize,2,11,5.5
Tamil Nadu,SIVAGANGA,2006,Whole Year,Moong(Green Gram),138,80,0.579710145
Tamil Nadu,SIVAGANGA,2006,Whole Year,Onion,13,114,8.769230769
Tamil Nadu,SIVAGANGA,2006,Whole Year,Ragi,131,204,1.557251908
Tamil Nadu,SIVAGANGA,2006,Whole Year,Sesamum,101,47,0.465346535
Tamil Nadu,SIVAGANGA,2006,Whole Year,Sugarcane,6090,646186,106.1060755
Tamil Nadu,SIVAGANGA,2006,Whole Year,Sunflower,1,2,2
Tamil Nadu,SIVAGANGA,2006,Whole Year,Sweet potato,1,17,17
Tamil Nadu,SIVAGANGA,2006,Whole Year,Tapioca,3,121,40.33333333
Tamil Nadu,SIVAGANGA,2006,Whole Year,Turmeric,2,11,5.5
Tamil Nadu,SIVAGANGA,2006,Whole Year,Urad,326,186,0.570552147
Tamil Nadu,SIVAGANGA,2007,Kharif,Rice,76733,78939,1.028749039
Tamil Nadu,SIVAGANGA,2007,Kharif,Small millets,33,21,0.636363636
Tamil Nadu,SIVAGANGA,2007,Whole Year,Arhar/Tur,120,84,0.7
Tamil Nadu,SIVAGANGA,2007,Whole Year,Bajra,4,5,1.25
Tamil Nadu,SIVAGANGA,2007,Whole Year,Banana,666,31795,47.74024024
Tamil Nadu,SIVAGANGA,2007,Whole Year,Cashewnut,4637,908,0.195816261
Tamil Nadu,SIVAGANGA,2007,Whole Year,Coconut,6167,577,0.09356251
Tamil Nadu,SIVAGANGA,2007,Whole Year,Coriander,8,4,0.5
Tamil Nadu,SIVAGANGA,2007,Whole Year,Cotton(lint),893,1027,1.150055991
Tamil Nadu,SIVAGANGA,2007,Whole Year,Dry chillies,4564,2028,0.444347064
Tamil Nadu,SIVAGANGA,2007,Whole Year,Groundnut,5212,4370,0.838449731
Tamil Nadu,SIVAGANGA,2007,Whole Year,Horse-gram,61,27,0.442622951
Tamil Nadu,SIVAGANGA,2007,Whole Year,Jowar,85,74,0.870588235
Tamil Nadu,SIVAGANGA,2007,Whole Year,Maize,6,15,2.5
Tamil Nadu,SIVAGANGA,2007,Whole Year,Moong(Green Gram),52,15,0.288461538
Tamil Nadu,SIVAGANGA,2007,Whole Year,Onion,6,58,9.666666667
Tamil Nadu,SIVAGANGA,2007,Whole Year,Ragi,108,210,1.944444444
Tamil Nadu,SIVAGANGA,2007,Whole Year,Sesamum,1520,630,0.414473684
Tamil Nadu,SIVAGANGA,2007,Whole Year,Small millets,33,21,0.636363636
Tamil Nadu,SIVAGANGA,2007,Whole Year,Sugarcane,5992,602226,100.5050067
Tamil Nadu,SIVAGANGA,2007,Whole Year,Sunflower,21,33,1.571428571
Tamil Nadu,SIVAGANGA,2007,Whole Year,Tapioca,3,127,42.33333333
Tamil Nadu,SIVAGANGA,2007,Whole Year,Turmeric,1,5,5
Tamil Nadu,SIVAGANGA,2007,Whole Year,Urad,545,142,0.260550459
Tamil Nadu,SIVAGANGA,2008,Kharif,Rice,80833,132139,1.634716019
Tamil Nadu,SIVAGANGA,2008,Kharif,Small millets,1007,10,0.009930487
Tamil Nadu,SIVAGANGA,2008,Whole Year,Arhar/Tur,82,50,0.609756098
Tamil Nadu,SIVAGANGA,2008,Whole Year,Bajra,6,14,2.333333333
Tamil Nadu,SIVAGANGA,2008,Whole Year,Banana,735,32673,44.45306122
Tamil Nadu,SIVAGANGA,2008,Whole Year,Cashewnut,4617,1002,0.217024042
Tamil Nadu,SIVAGANGA,2008,Whole Year,Castor seed,50,16,0.32
Tamil Nadu,SIVAGANGA,2008,Whole Year,Coconut,6317,859000,135.9822701
Tamil Nadu,SIVAGANGA,2008,Whole Year,Coriander,10,3,0.3
Tamil Nadu,SIVAGANGA,2008,Whole Year,Cotton(lint),253,520,2.055335968
Tamil Nadu,SIVAGANGA,2008,Whole Year,Dry chillies,4652,3615,0.777085125
Tamil Nadu,SIVAGANGA,2008,Whole Year,Gram,4,1,0.25
Tamil Nadu,SIVAGANGA,2008,Whole Year,Groundnut,4126,6066,1.470189045
Tamil Nadu,SIVAGANGA,2008,Whole Year,Horse-gram,45,21,0.466666667
Tamil Nadu,SIVAGANGA,2008,Whole Year,Jowar,58,77,1.327586207
Tamil Nadu,SIVAGANGA,2008,Whole Year,Maize,4,15,3.75
Tamil Nadu,SIVAGANGA,2008,Whole Year,Moong(Green Gram),45,10,0.222222222
Tamil Nadu,SIVAGANGA,2008,Whole Year,Onion,18,161,8.944444444
Tamil Nadu,SIVAGANGA,2008,Whole Year,Ragi,54,107,1.981481481
Tamil Nadu,SIVAGANGA,2008,Whole Year,Sesamum,147,63,0.428571429
Tamil Nadu,SIVAGANGA,2008,Whole Year,Small millets,15,10,0.666666667
Tamil Nadu,SIVAGANGA,2008,Whole Year,Sugarcane,5298,586637,110.7280106
Tamil Nadu,SIVAGANGA,2008,Whole Year,Tapioca,3,109,36.33333333
Tamil Nadu,SIVAGANGA,2008,Whole Year,Urad,292,92,0.315068493
Tamil Nadu,SIVAGANGA,2009,Kharif,Rice,77332,138095,1.785741996
Tamil Nadu,SIVAGANGA,2009,Kharif,Small millets,18,16,0.888888889
Tamil Nadu,SIVAGANGA,2009,Whole Year,Arhar/Tur,84,64,0.761904762
Tamil Nadu,SIVAGANGA,2009,Whole Year,Bajra,78,109,1.397435897
Tamil Nadu,SIVAGANGA,2009,Whole Year,Banana,919,39513,42.99564744
Tamil Nadu,SIVAGANGA,2009,Whole Year,Cashewnut,4776,1295,0.271147404
Tamil Nadu,SIVAGANGA,2009,Whole Year,Castor seed,10,3,0.3
Tamil Nadu,SIVAGANGA,2009,Whole Year,Coconut,6396,71700,11.21013133
Tamil Nadu,SIVAGANGA,2009,Whole Year,Coriander,1,,
Tamil Nadu,SIVAGANGA,2009,Whole Year,Cotton(lint),208,359,1.725961538
Tamil Nadu,SIVAGANGA,2009,Whole Year,Dry chillies,4762,5294,1.111717766
Tamil Nadu,SIVAGANGA,2009,Whole Year,Gram,1,,
Tamil Nadu,SIVAGANGA,2009,Whole Year,Groundnut,3729,3392,0.909627246
Tamil Nadu,SIVAGANGA,2009,Whole Year,Horse-gram,62,29,0.467741935
Tamil Nadu,SIVAGANGA,2009,Whole Year,Jowar,94,95,1.010638298
Tamil Nadu,SIVAGANGA,2009,Whole Year,Maize,67,241,3.597014925
Tamil Nadu,SIVAGANGA,2009,Whole Year,Moong(Green Gram),20,7,0.35
Tamil Nadu,SIVAGANGA,2009,Whole Year,Onion,18,176,9.777777778
Tamil Nadu,SIVAGANGA,2009,Whole Year,Ragi,61,131,2.147540984
Tamil Nadu,SIVAGANGA,2009,Whole Year,Sesamum,153,29,0.189542484
Tamil Nadu,SIVAGANGA,2009,Whole Year,Sugarcane,4980,487427,97.87690763
Tamil Nadu,SIVAGANGA,2009,Whole Year,Sunflower,2,3,1.5
Tamil Nadu,SIVAGANGA,2009,Whole Year,Sweet potato,4,59,14.75
Tamil Nadu,SIVAGANGA,2009,Whole Year,Urad,280,106,0.378571429
Tamil Nadu,SIVAGANGA,2010,Kharif,Arhar/Tur,116,77,0.663793103
Tamil Nadu,SIVAGANGA,2010,Kharif,Castor seed,5,5,1
Tamil Nadu,SIVAGANGA,2010,Kharif,Cotton(lint),132,317,2.401515152
Tamil Nadu,SIVAGANGA,2010,Kharif,Groundnut,4012,4757,1.185692921
Tamil Nadu,SIVAGANGA,2010,Kharif,Horse-gram,34,19,0.558823529
Tamil Nadu,SIVAGANGA,2010,Kharif,Maize,1,5,5
Tamil Nadu,SIVAGANGA,2010,Kharif,Moong(Green Gram),22,12,0.545454545
Tamil Nadu,SIVAGANGA,2010,Kharif,Ragi,62,191,3.080645161
Tamil Nadu,SIVAGANGA,2010,Kharif,Rice,83927,188417,2.245010545
Tamil Nadu,SIVAGANGA,2010,Kharif,Sunflower,3,4,1.333333333
Tamil Nadu,SIVAGANGA,2010,Kharif,Urad,305,146,0.478688525
Tamil Nadu,SIVAGANGA,2010,Rabi,Gram,12,3,0.25
Tamil Nadu,SIVAGANGA,2010,Whole Year,Sugarcane,5219,456131,87.39816057
Tamil Nadu,SIVAGANGA,2011,Kharif,Bajra,3,7,2.333333333
Tamil Nadu,SIVAGANGA,2011,Kharif,Cotton(lint),95,271,2.852631579
Tamil Nadu,SIVAGANGA,2011,Kharif,Groundnut,4399,9872,2.244146397
Tamil Nadu,SIVAGANGA,2011,Kharif,Jowar,76,83,1.092105263
Tamil Nadu,SIVAGANGA,2011,Kharif,Maize,151,858,5.682119205
Tamil Nadu,SIVAGANGA,2011,Kharif,Ragi,45,119,2.644444444
Tamil Nadu,SIVAGANGA,2011,Kharif,Rice,83781,310176,3.702223655
Tamil Nadu,SIVAGANGA,2011,Rabi,Cotton(lint),166,457,2.753012048
Tamil Nadu,SIVAGANGA,2011,Rabi,Groundnut,1788,6707,3.751118568
Tamil Nadu,SIVAGANGA,2011,Rabi,Jowar,17,28,1.647058824
Tamil Nadu,SIVAGANGA,2011,Rabi,Maize,4,27,6.75
Tamil Nadu,SIVAGANGA,2011,Rabi,Ragi,18,56,3.111111111
Tamil Nadu,SIVAGANGA,2011,Whole Year,Arhar/Tur,240,209,0.870833333
Tamil Nadu,SIVAGANGA,2011,Whole Year,Banana,1025,44787,43.69463415
Tamil Nadu,SIVAGANGA,2011,Whole Year,Cashewnut,3752,1035,0.275852878
Tamil Nadu,SIVAGANGA,2011,Whole Year,Castor seed,6,2,0.333333333
Tamil Nadu,SIVAGANGA,2011,Whole Year,Coconut,6731,75200000,11172.18838
Tamil Nadu,SIVAGANGA,2011,Whole Year,Coriander,7,3,0.428571429
Tamil Nadu,SIVAGANGA,2011,Whole Year,Dry chillies,4064,869,0.21382874
Tamil Nadu,SIVAGANGA,2011,Whole Year,Horse-gram,41,22,0.536585366
Tamil Nadu,SIVAGANGA,2011,Whole Year,Moong(Green Gram),44,30,0.681818182
Tamil Nadu,SIVAGANGA,2011,Whole Year,Onion,63,679,10.77777778
Tamil Nadu,SIVAGANGA,2011,Whole Year,Small millets,34,58,1.705882353
Tamil Nadu,SIVAGANGA,2011,Whole Year,Sugarcane,6283,778663,123.9317205
Tamil Nadu,SIVAGANGA,2011,Whole Year,Sweet potato,3,62,20.66666667
Tamil Nadu,SIVAGANGA,2011,Whole Year,Turmeric,4,22,5.5
Tamil Nadu,SIVAGANGA,2011,Whole Year,Urad,1027,764,0.743914314
Tamil Nadu,SIVAGANGA,2012,Kharif,Arhar/Tur,182,143,0.785714286
Tamil Nadu,SIVAGANGA,2012,Kharif,Castor seed,11,1.85,0.168181818
Tamil Nadu,SIVAGANGA,2012,Kharif,Cotton(lint),161,297,1.844720497
Tamil Nadu,SIVAGANGA,2012,Kharif,Groundnut,3510,8924,2.542450142
Tamil Nadu,SIVAGANGA,2012,Kharif,Horse-gram,20,8,0.4
Tamil Nadu,SIVAGANGA,2012,Kharif,Maize,30,104,3.466666667
Tamil Nadu,SIVAGANGA,2012,Kharif,Moong(Green Gram),32,8,0.25
Tamil Nadu,SIVAGANGA,2012,Kharif,Ragi,50,110,2.2
Tamil Nadu,SIVAGANGA,2012,Kharif,Rice,70632,130306,1.844857855
Tamil Nadu,SIVAGANGA,2012,Kharif,Urad,681,361,0.53010279
Tamil Nadu,SIVAGANGA,2012,Rabi,Gram,13,4,0.307692308
Tamil Nadu,SIVAGANGA,2012,Whole Year,Sugarcane,6091,548874,90.11229683
Tamil Nadu,SIVAGANGA,2013,Kharif,Bajra,16,37,2.3125
Tamil Nadu,SIVAGANGA,2013,Kharif,Castor seed,6,2,0.333333333
Tamil Nadu,SIVAGANGA,2013,Kharif,Cotton(lint),116,332,2.862068966
Tamil Nadu,SIVAGANGA,2013,Kharif,Groundnut,2718,3965,1.45879323
Tamil Nadu,SIVAGANGA,2013,Kharif,Horse-gram,6,10,1.666666667
Tamil Nadu,SIVAGANGA,2013,Kharif,Jowar,131,146,1.114503817
Tamil Nadu,SIVAGANGA,2013,Kharif,Maize,204,1334,6.539215686
Tamil Nadu,SIVAGANGA,2013,Kharif,Moong(Green Gram),31,17,0.548387097
Tamil Nadu,SIVAGANGA,2013,Kharif,Onion,26,302,11.61538462
Tamil Nadu,SIVAGANGA,2013,Kharif,Ragi,29,79,2.724137931
Tamil Nadu,SIVAGANGA,2013,Kharif,Rice,65447,46084,0.704142283
Tamil Nadu,SIVAGANGA,2013,Kharif,Sunflower,30,54,1.8
Tamil Nadu,SIVAGANGA,2013,Kharif,Urad,531,446,0.83992467
Tamil Nadu,SIVAGANGA,2013,Rabi,Bajra,4,8,2
Tamil Nadu,SIVAGANGA,2013,Rabi,Cotton(lint),559,1342,2.400715564
Tamil Nadu,SIVAGANGA,2013,Rabi,Groundnut,537,1948,3.627560521
Tamil Nadu,SIVAGANGA,2013,Rabi,Horse-gram,5,3,0.6
Tamil Nadu,SIVAGANGA,2013,Rabi,Jowar,203,437,2.15270936
Tamil Nadu,SIVAGANGA,2013,Rabi,Maize,148,740,5
Tamil Nadu,SIVAGANGA,2013,Rabi,Moong(Green Gram),23,19,0.826086957
Tamil Nadu,SIVAGANGA,2013,Rabi,Onion,34,288,8.470588235
Tamil Nadu,SIVAGANGA,2013,Rabi,Ragi,109,432,3.963302752
Tamil Nadu,SIVAGANGA,2013,Rabi,Urad,202,172,0.851485149
Tamil Nadu,SIVAGANGA,2013,Whole Year,Arhar/Tur,232,224,0.965517241
Tamil Nadu,SIVAGANGA,2013,Whole Year,Banana,1044,43362,41.53448276
Tamil Nadu,SIVAGANGA,2013,Whole Year,Cashewnut,3432,243,0.070804196
Tamil Nadu,SIVAGANGA,2013,Whole Year,Coconut,6825,70000000,10256.41026
Tamil Nadu,SIVAGANGA,2013,Whole Year,Coriander,1,,
Tamil Nadu,SIVAGANGA,2013,Whole Year,Dry chillies,3968,184,0.046370968
Tamil Nadu,SIVAGANGA,2013,Whole Year,Gram,8,5,0.625
Tamil Nadu,SIVAGANGA,2013,Whole Year,Small millets,4,2,0.5
Tamil Nadu,SIVAGANGA,2013,Whole Year,Sugarcane,5257,331683,63.0935895
Tamil Nadu,SIVAGANGA,2013,Whole Year,Sweet potato,3,63,21
Tamil Nadu,SIVAGANGA,2013,Whole Year,Tapioca,5,150,30
Tamil Nadu,SIVAGANGA,2013,Whole Year,Turmeric,3,11,3.666666667
Tamil Nadu,THANJAVUR,1997,Kharif,Banana,2937,75114,25.57507661
Tamil Nadu,THANJAVUR,1997,Kharif,Onion,10,81,8.1
Tamil Nadu,THANJAVUR,1997,Kharif,Sesamum,5697,1410,0.247498684
Tamil Nadu,THANJAVUR,1997,Kharif,Small millets,59,60,1.016949153
Tamil Nadu,THANJAVUR,1997,Whole Year,Arhar/Tur,129,70,0.542635659
Tamil Nadu,THANJAVUR,1997,Whole Year,Banana,3549,103300,29.10679065
Tamil Nadu,THANJAVUR,1997,Whole Year,Cashewnut,3209,2040,0.63571206
Tamil Nadu,THANJAVUR,1997,Whole Year,Cotton(lint),885,1990,2.248587571
Tamil Nadu,THANJAVUR,1997,Whole Year,Dry chillies,66,40,0.606060606
Tamil Nadu,THANJAVUR,1997,Whole Year,Dry ginger,2,60,30
Tamil Nadu,THANJAVUR,1997,Whole Year,Groundnut,8860,15030,1.696388262
Tamil Nadu,THANJAVUR,1997,Whole Year,Maize,191,510,2.670157068
Tamil Nadu,THANJAVUR,1997,Whole Year,Moong(Green Gram),5607,740,0.131977885
Tamil Nadu,THANJAVUR,1997,Whole Year,Onion,12,90,7.5
Tamil Nadu,THANJAVUR,1997,Whole Year,Pulses total,12878,3290,0.255474453
Tamil Nadu,THANJAVUR,1997,Whole Year,Ragi,30,90,3
Tamil Nadu,THANJAVUR,1997,Whole Year,Rice,181496,489770,2.698516772
Tamil Nadu,THANJAVUR,1997,Whole Year,Sugarcane,12604,9900000,785.4649318
Tamil Nadu,THANJAVUR,1997,Whole Year,Sweet potato,1,20,20
Tamil Nadu,THANJAVUR,1997,Whole Year,Tapioca,80,3000,37.5
Tamil Nadu,THANJAVUR,1997,Whole Year,Total foodgrain,194657,493720,2.536358826
Tamil Nadu,THANJAVUR,1997,Whole Year,Turmeric,13,80,6.153846154
Tamil Nadu,THANJAVUR,1997,Whole Year,Urad,7122,2470,0.346812693
Tamil Nadu,THANJAVUR,1998,Kharif,Arhar/Tur,170,147,0.864705882
Tamil Nadu,THANJAVUR,1998,Kharif,Cotton(lint),2036,4659,2.288310413
Tamil Nadu,THANJAVUR,1998,Kharif,Groundnut,11843,19756,1.668158406
Tamil Nadu,THANJAVUR,1998,Kharif,Maize,79,209,2.64556962
Tamil Nadu,THANJAVUR,1998,Kharif,Moong(Green Gram),11824,4469,0.377960081
Tamil Nadu,THANJAVUR,1998,Kharif,Pulses total,39613,13782,0.347916088
Tamil Nadu,THANJAVUR,1998,Kharif,Ragi,25,69,2.76
Tamil Nadu,THANJAVUR,1998,Kharif,Rice,194652,674525,3.465286768
Tamil Nadu,THANJAVUR,1998,Kharif,Sesamum,10832,4162,0.384231905
Tamil Nadu,THANJAVUR,1998,Kharif,Sunflower,8,8,1
Tamil Nadu,THANJAVUR,1998,Kharif,Total foodgrain,234376,68859,0.293797146
Tamil Nadu,THANJAVUR,1998,Kharif,Urad,26868,8866,0.329983624
Tamil Nadu,THANJAVUR,1998,Whole Year,Banana,2969,86422,29.10811721
Tamil Nadu,THANJAVUR,1998,Whole Year,Cashewnut,15,3,0.2
Tamil Nadu,THANJAVUR,1998,Whole Year,Dry chillies,60,36,0.6
Tamil Nadu,THANJAVUR,1998,Whole Year,Sugarcane,13897,1244250,89.53371231
Tamil Nadu,THANJAVUR,1998,Whole Year,Tapioca,31,1151,37.12903226
Tamil Nadu,THANJAVUR,1998,Whole Year,Turmeric,5,30,6
Tamil Nadu,THANJAVUR,1999,Kharif,Arhar/Tur,103,75,0.72815534
Tamil Nadu,THANJAVUR,1999,Kharif,Bajra,3,7,2.333333333
Tamil Nadu,THANJAVUR,1999,Kharif,Cotton(lint),1334,2742,2.055472264
Tamil Nadu,THANJAVUR,1999,Kharif,Groundnut,8422,16819,1.997031584
Tamil Nadu,THANJAVUR,1999,Kharif,Jowar,1,1,1
Tamil Nadu,THANJAVUR,1999,Kharif,Maize,274,733,2.675182482
Tamil Nadu,THANJAVUR,1999,Kharif,Moong(Green Gram),11990,5743,0.478982485
Tamil Nadu,THANJAVUR,1999,Kharif,Ragi,49,113,2.306122449
Tamil Nadu,THANJAVUR,1999,Kharif,Rice,189074,610534,3.229074331
Tamil Nadu,THANJAVUR,1999,Kharif,Sesamum,9282,3906,0.42081448
Tamil Nadu,THANJAVUR,1999,Kharif,Urad,30310,9820,0.323985483
Tamil Nadu,THANJAVUR,1999,Whole Year,Banana,2937,75114,25.57507661
Tamil Nadu,THANJAVUR,1999,Whole Year,Cashewnut,10,5,0.5
Tamil Nadu,THANJAVUR,1999,Whole Year,Dry chillies,117,61,0.521367521
Tamil Nadu,THANJAVUR,1999,Whole Year,Guar seed,11718,98919,8.441628264
Tamil Nadu,THANJAVUR,1999,Whole Year,Onion,10,81,8.1
Tamil Nadu,THANJAVUR,1999,Whole Year,Sugarcane,11718,1069224,91.24628776
Tamil Nadu,THANJAVUR,1999,Whole Year,Sweet potato,5,61,12.2
Tamil Nadu,THANJAVUR,1999,Whole Year,Tapioca,59,2094,35.49152542
Tamil Nadu,THANJAVUR,1999,Whole Year,Turmeric,7,39,5.571428571
Tamil Nadu,THANJAVUR,2000,Kharif,Arhar/Tur,41,30,0.731707317
Tamil Nadu,THANJAVUR,2000,Kharif,Bajra,3,7,2.333333333
Tamil Nadu,THANJAVUR,2000,Kharif,Cotton(lint),1772,3775,2.130361174
Tamil Nadu,THANJAVUR,2000,Kharif,Groundnut,8324,16218,1.948342143
Tamil Nadu,THANJAVUR,2000,Kharif,Maize,152,406,2.671052632
Tamil Nadu,THANJAVUR,2000,Kharif,Moong(Green Gram),12502,4901,0.392017277
Tamil Nadu,THANJAVUR,2000,Kharif,Other Kharif pulses,274,80,0.291970803
Tamil Nadu,THANJAVUR,2000,Kharif,Ragi,5,14,2.8
Tamil Nadu,THANJAVUR,2000,Kharif,Rice,196816,678014,3.444913015
Tamil Nadu,THANJAVUR,2000,Kharif,Sesamum,13771,4989,0.362283059
Tamil Nadu,THANJAVUR,2000,Kharif,Urad,33054,10709,0.323984994
Tamil Nadu,THANJAVUR,2000,Whole Year,Banana,2471,63196,25.57507082
Tamil Nadu,THANJAVUR,2000,Whole Year,Cashewnut,3171,1411,0.444970041
Tamil Nadu,THANJAVUR,2000,Whole Year,Dry chillies,153,82,0.535947712
Tamil Nadu,THANJAVUR,2000,Whole Year,Onion,89,720,8.08988764
Tamil Nadu,THANJAVUR,2000,Whole Year,Sannhamp,207,151,0.729468599
Tamil Nadu,THANJAVUR,2000,Whole Year,Sugarcane,11593,1057818,91.2462693
Tamil Nadu,THANJAVUR,2000,Whole Year,Sweet potato,5,61,12.2
Tamil Nadu,THANJAVUR,2000,Whole Year,Tapioca,156,5536,35.48717949
Tamil Nadu,THANJAVUR,2000,Whole Year,Turmeric,4,22,5.5
Tamil Nadu,THANJAVUR,2001,Kharif,Arhar/Tur,68,40,0.588235294
Tamil Nadu,THANJAVUR,2001,Kharif,Bajra,9,20,2.222222222
Tamil Nadu,THANJAVUR,2001,Kharif,Cotton(lint),1244,2530,2.033762058
Tamil Nadu,THANJAVUR,2001,Kharif,Groundnut,6145,11400,1.855166802
Tamil Nadu,THANJAVUR,2001,Kharif,Moong(Green Gram),6176,820,0.132772021
Tamil Nadu,THANJAVUR,2001,Kharif,Ragi,3,10,3.333333333
Tamil Nadu,THANJAVUR,2001,Kharif,Rice,192161,561650,2.922809519
Tamil Nadu,THANJAVUR,2001,Kharif,Sesamum,4833,1590,0.328988206
Tamil Nadu,THANJAVUR,2001,Kharif,Urad,14164,4380,0.309234679
Tamil Nadu,THANJAVUR,2001,Whole Year,Sugarcane,11356,1086800,95.70271222
Tamil Nadu,THANJAVUR,2002,Kharif,Arhar/Tur,21,11,0.523809524
Tamil Nadu,THANJAVUR,2002,Kharif,Bajra,4,7,1.75
Tamil Nadu,THANJAVUR,2002,Kharif,Cotton(lint),1066,2081,1.952157598
Tamil Nadu,THANJAVUR,2002,Kharif,Groundnut,3566,6061,1.699663489
Tamil Nadu,THANJAVUR,2002,Kharif,Maize,187,500,2.673796791
Tamil Nadu,THANJAVUR,2002,Kharif,Moong(Green Gram),3794,1721,0.453610965
Tamil Nadu,THANJAVUR,2002,Kharif,Other Kharif pulses,3,1,0.333333333
Tamil Nadu,THANJAVUR,2002,Kharif,Ragi,9,19,2.111111111
Tamil Nadu,THANJAVUR,2002,Kharif,Rice,139186,318325,2.287047548
Tamil Nadu,THANJAVUR,2002,Kharif,Sesamum,2876,1110,0.385952712
Tamil Nadu,THANJAVUR,2002,Kharif,Sunflower,18,21,1.166666667
Tamil Nadu,THANJAVUR,2002,Kharif,Urad,7476,3954,0.528892456
Tamil Nadu,THANJAVUR,2002,Kharif,Varagu,3,3,1
Tamil Nadu,THANJAVUR,2002,Whole Year,Arecanut,8,,
Tamil Nadu,THANJAVUR,2002,Whole Year,Ash Gourd,1,0,0
Tamil Nadu,THANJAVUR,2002,Whole Year,Banana,3726,102024,27.38164251
Tamil Nadu,THANJAVUR,2002,Whole Year,Ber,5,0,0
Tamil Nadu,THANJAVUR,2002,Whole Year,Bhindi,52,387,7.442307692
Tamil Nadu,THANJAVUR,2002,Whole Year,Bitter Gourd,13,0,0
Tamil Nadu,THANJAVUR,2002,Whole Year,Brinjal,237,1807,7.624472574
Tamil Nadu,THANJAVUR,2002,Whole Year,Cashewnut,2854,417,0.146110722
Tamil Nadu,THANJAVUR,2002,Whole Year,Citrus Fruit,45,50,1.111111111
Tamil Nadu,THANJAVUR,2002,Whole Year,Coconut,23934,224100,9.363248935
Tamil Nadu,THANJAVUR,2002,Whole Year,Coriander,1,0.1,0.1
Tamil Nadu,THANJAVUR,2002,Whole Year,Cucumber,26,0,0
Tamil Nadu,THANJAVUR,2002,Whole Year,Drum Stick,8,0,0
Tamil Nadu,THANJAVUR,2002,Whole Year,Dry chillies,55,33,0.6
Tamil Nadu,THANJAVUR,2002,Whole Year,Dry ginger,2,32,16
Tamil Nadu,THANJAVUR,2002,Whole Year,Jack Fruit,61,691,11.32786885
Tamil Nadu,THANJAVUR,2002,Whole Year,Lab-Lab,8,0,0
Tamil Nadu,THANJAVUR,2002,Whole Year,Mango,760,4554,5.992105263
Tamil Nadu,THANJAVUR,2002,Whole Year,Onion,20,169,8.45
Tamil Nadu,THANJAVUR,2002,Whole Year,Orange,1,2,2
Tamil Nadu,THANJAVUR,2002,Whole Year,Other Citrus Fruit,15,0,0
Tamil Nadu,THANJAVUR,2002,Whole Year,Other Fresh Fruits,10,0,0
Tamil Nadu,THANJAVUR,2002,Whole Year,Other Vegetables,85,0,0
Tamil Nadu,THANJAVUR,2002,Whole Year,Pome Fruit,214,1120,5.23364486
Tamil Nadu,THANJAVUR,2002,Whole Year,Pome Granet,8,0,0
Tamil Nadu,THANJAVUR,2002,Whole Year,Pump Kin,48,0,0
Tamil Nadu,THANJAVUR,2002,Whole Year,Redish,33,0,0
Tamil Nadu,THANJAVUR,2002,Whole Year,Ribed Guard,1,0,0
Tamil Nadu,THANJAVUR,2002,Whole Year,Snak Guard,25,0,0
Tamil Nadu,THANJAVUR,2002,Whole Year,Sugarcane,10966,1121900,102.3071311
Tamil Nadu,THANJAVUR,2002,Whole Year,Sweet potato,2,27,13.5
Tamil Nadu,THANJAVUR,2002,Whole Year,Tapioca,40,1264,31.6
Tamil Nadu,THANJAVUR,2002,Whole Year,Turmeric,5,19,3.8
Tamil Nadu,THANJAVUR,2002,Whole Year,Yam,25,0,0
Tamil Nadu,THANJAVUR,2003,Kharif,Arhar/Tur,124,76,0.612903226
Tamil Nadu,THANJAVUR,2003,Kharif,Bajra,79,104,1.316455696
Tamil Nadu,THANJAVUR,2003,Kharif,Castor seed,20,8,0.4
Tamil Nadu,THANJAVUR,2003,Kharif,Cotton(lint),1738,3263,1.877445339
Tamil Nadu,THANJAVUR,2003,Kharif,Dry ginger,1,14,14
Tamil Nadu,THANJAVUR,2003,Kharif,Groundnut,8065,14459,1.792808431
Tamil Nadu,THANJAVUR,2003,Kharif,Jowar,2,2,1
Tamil Nadu,THANJAVUR,2003,Kharif,Maize,735,1966,2.674829932
Tamil Nadu,THANJAVUR,2003,Kharif,Moong(Green Gram),2776,1024,0.368876081
Tamil Nadu,THANJAVUR,2003,Kharif,Other Kharif pulses,9,3,0.333333333
Tamil Nadu,THANJAVUR,2003,Kharif,Ragi,20,48,2.4
Tamil Nadu,THANJAVUR,2003,Kharif,Rice,123293,354937,2.878809016
Tamil Nadu,THANJAVUR,2003,Kharif,Sesamum,4089,799,0.195402299
Tamil Nadu,THANJAVUR,2003,Kharif,Small millets,111,141,1.27027027
Tamil Nadu,THANJAVUR,2003,Kharif,Sunflower,116,150,1.293103448
Tamil Nadu,THANJAVUR,2003,Kharif,Urad,6354,3918,0.616619452
Tamil Nadu,THANJAVUR,2003,Whole Year,Arecanut,7,,
Tamil Nadu,THANJAVUR,2003,Whole Year,Ash Gourd,27,0,0
Tamil Nadu,THANJAVUR,2003,Whole Year,Banana,4158,160440,38.58585859
Tamil Nadu,THANJAVUR,2003,Whole Year,Bhindi,54,378,7
Tamil Nadu,THANJAVUR,2003,Whole Year,Bitter Gourd,6,0,0
Tamil Nadu,THANJAVUR,2003,Whole Year,Black pepper,2,,
Tamil Nadu,THANJAVUR,2003,Whole Year,Brinjal,262,2929,11.17938931
Tamil Nadu,THANJAVUR,2003,Whole Year,Cashewnut,2864,582,0.203212291
Tamil Nadu,THANJAVUR,2003,Whole Year,Citrus Fruit,27,28,1.037037037
Tamil Nadu,THANJAVUR,2003,Whole Year,Coconut,24240,258500,10.66419142
Tamil Nadu,THANJAVUR,2003,Whole Year,Coriander,5,2,0.4
Tamil Nadu,THANJAVUR,2003,Whole Year,Cucumber,24,0,0
Tamil Nadu,THANJAVUR,2003,Whole Year,Drum Stick,25,0,0
Tamil Nadu,THANJAVUR,2003,Whole Year,Dry chillies,68,36,0.529411765
Tamil Nadu,THANJAVUR,2003,Whole Year,Jack Fruit,52,502,9.653846154
Tamil Nadu,THANJAVUR,2003,Whole Year,Lab-Lab,1,0,0
Tamil Nadu,THANJAVUR,2003,Whole Year,Mango,777,3228,4.154440154
Tamil Nadu,THANJAVUR,2003,Whole Year,Onion,52,468,9
Tamil Nadu,THANJAVUR,2003,Whole Year,Other Citrus Fruit,21,0,0
Tamil Nadu,THANJAVUR,2003,Whole Year,Other Fresh Fruits,13,0,0
Tamil Nadu,THANJAVUR,2003,Whole Year,Other Vegetables,183,0,0
Tamil Nadu,THANJAVUR,2003,Whole Year,Pome Fruit,206,1446,7.019417476
Tamil Nadu,THANJAVUR,2003,Whole Year,Pome Granet,4,0,0
Tamil Nadu,THANJAVUR,2003,Whole Year,Pump Kin,69,0,0
Tamil Nadu,THANJAVUR,2003,Whole Year,Redish,61,0,0
Tamil Nadu,THANJAVUR,2003,Whole Year,Snak Guard,16,0,0
Tamil Nadu,THANJAVUR,2003,Whole Year,Sugarcane,9711,1206038,124.192977
Tamil Nadu,THANJAVUR,2003,Whole Year,Sweet potato,1,14,14
Tamil Nadu,THANJAVUR,2003,Whole Year,Tapioca,53,1785,33.67924528
Tamil Nadu,THANJAVUR,2003,Whole Year,Tomato,2,20,10
Tamil Nadu,THANJAVUR,2003,Whole Year,Turmeric,7,29,4.142857143
Tamil Nadu,THANJAVUR,2003,Whole Year,Yam,24,0,0
Tamil Nadu,THANJAVUR,2004,Kharif,Arhar/Tur,50,33,0.66
Tamil Nadu,THANJAVUR,2004,Kharif,Bajra,6,14,2.333333333
Tamil Nadu,THANJAVUR,2004,Kharif,Castor seed,4,2,0.5
Tamil Nadu,THANJAVUR,2004,Kharif,Cotton(lint),2225,5235,2.352808989
Tamil Nadu,THANJAVUR,2004,Kharif,Dry ginger,1,19,19
Tamil Nadu,THANJAVUR,2004,Kharif,Groundnut,8217,18413,2.240842157
Tamil Nadu,THANJAVUR,2004,Kharif,Maize,840,2246,2.673809524
Tamil Nadu,THANJAVUR,2004,Kharif,Moong(Green Gram),8709,3342,0.383740958
Tamil Nadu,THANJAVUR,2004,Kharif,Other Kharif pulses,2,1,0.5
Tamil Nadu,THANJAVUR,2004,Kharif,Ragi,35,80,2.285714286
Tamil Nadu,THANJAVUR,2004,Kharif,Rice,160608,439323,2.735374328
Tamil Nadu,THANJAVUR,2004,Kharif,Sesamum,7243,1332,0.183901698
Tamil Nadu,THANJAVUR,2004,Kharif,Small millets,18,22,1.222222222
Tamil Nadu,THANJAVUR,2004,Kharif,Sunflower,186,198,1.064516129
Tamil Nadu,THANJAVUR,2004,Kharif,Urad,13708,3712,0.270790779
Tamil Nadu,THANJAVUR,2004,Whole Year,Arecanut,8,15,1.875
Tamil Nadu,THANJAVUR,2004,Whole Year,Banana,4764,121550,25.51427372
Tamil Nadu,THANJAVUR,2004,Whole Year,Cashewnut,2451,759,0.309669523
Tamil Nadu,THANJAVUR,2004,Whole Year,Coconut,24893,343200,13.7870084
Tamil Nadu,THANJAVUR,2004,Whole Year,Dry chillies,50,33,0.66
Tamil Nadu,THANJAVUR,2004,Whole Year,Onion,52,503,9.673076923
Tamil Nadu,THANJAVUR,2004,Whole Year,Sugarcane,12000,1362612,113.551
Tamil Nadu,THANJAVUR,2004,Whole Year,Sweet potato,16,242,15.125
Tamil Nadu,THANJAVUR,2004,Whole Year,Tapioca,113,4663,41.26548673
Tamil Nadu,THANJAVUR,2004,Whole Year,Turmeric,18,99,5.5
Tamil Nadu,THANJAVUR,2005,Kharif,Arhar/Tur,39,21,0.538461538
Tamil Nadu,THANJAVUR,2005,Kharif,Bajra,1,2,2
Tamil Nadu,THANJAVUR,2005,Kharif,Castor seed,3,1,0.333333333
Tamil Nadu,THANJAVUR,2005,Kharif,Cotton(lint),785,2347,2.989808917
Tamil Nadu,THANJAVUR,2005,Kharif,Dry ginger,12,232,19.33333333
Tamil Nadu,THANJAVUR,2005,Kharif,Groundnut,7274,17975,2.471130052
Tamil Nadu,THANJAVUR,2005,Kharif,Maize,535,,
Tamil Nadu,THANJAVUR,2005,Kharif,Moong(Green Gram),7392,2212,0.299242424
Tamil Nadu,THANJAVUR,2005,Kharif,Other Kharif pulses,8,4,0.5
Tamil Nadu,THANJAVUR,2005,Kharif,Ragi,5,10,2
Tamil Nadu,THANJAVUR,2005,Kharif,Rice,154901,399483,2.578956882
Tamil Nadu,THANJAVUR,2005,Kharif,Sesamum,5999,2708,0.451408568
Tamil Nadu,THANJAVUR,2005,Kharif,Small millets,2,2,1
Tamil Nadu,THANJAVUR,2005,Kharif,Soyabean,352,,
Tamil Nadu,THANJAVUR,2005,Kharif,Sunflower,142,176,1.23943662
Tamil Nadu,THANJAVUR,2005,Kharif,Urad,8951,3361,0.375488772
Tamil Nadu,THANJAVUR,2005,Whole Year,Arecanut,18,15,0.833333333
Tamil Nadu,THANJAVUR,2005,Whole Year,Banana,4921,242589,49.29668767
Tamil Nadu,THANJAVUR,2005,Whole Year,Black pepper,6,1,0.166666667
Tamil Nadu,THANJAVUR,2005,Whole Year,Cashewnut,2447,364,0.148753576
Tamil Nadu,THANJAVUR,2005,Whole Year,Coconut,26287,5018,0.190892837
Tamil Nadu,THANJAVUR,2005,Whole Year,Dry chillies,12,8,0.666666667
Tamil Nadu,THANJAVUR,2005,Whole Year,Onion,8,64,8
Tamil Nadu,THANJAVUR,2005,Whole Year,Sugarcane,15353,1529712,99.63603205
Tamil Nadu,THANJAVUR,2005,Whole Year,Sweet potato,7,146,20.85714286
Tamil Nadu,THANJAVUR,2005,Whole Year,Tapioca,199,7604,38.21105528
Tamil Nadu,THANJAVUR,2005,Whole Year,Turmeric,15,83,5.533333333
Tamil Nadu,THANJAVUR,2006,Kharif,Rice,164243,598160,3.641920812
Tamil Nadu,THANJAVUR,2006,Kharif,Small millets,4,11,2.75
Tamil Nadu,THANJAVUR,2006,Whole Year,Arecanut,18,52,2.888888889
Tamil Nadu,THANJAVUR,2006,Whole Year,Arhar/Tur,30,22,0.733333333
Tamil Nadu,THANJAVUR,2006,Whole Year,Banana,4341,184656,42.53766413
Tamil Nadu,THANJAVUR,2006,Whole Year,Black pepper,11,2,0.181818182
Tamil Nadu,THANJAVUR,2006,Whole Year,Cashewnut,2337,928,0.397090287
Tamil Nadu,THANJAVUR,2006,Whole Year,Castor seed,2,1,0.5
Tamil Nadu,THANJAVUR,2006,Whole Year,Coconut,28414,4124,0.14513972
Tamil Nadu,THANJAVUR,2006,Whole Year,Cotton(lint),319,1151,3.60815047
Tamil Nadu,THANJAVUR,2006,Whole Year,Dry chillies,17,12,0.705882353
Tamil Nadu,THANJAVUR,2006,Whole Year,Dry ginger,3,56,18.66666667
Tamil Nadu,THANJAVUR,2006,Whole Year,Groundnut,6236,14512,2.327132777
Tamil Nadu,THANJAVUR,2006,Whole Year,Maize,762,4449,5.838582677
Tamil Nadu,THANJAVUR,2006,Whole Year,Moong(Green Gram),5518,1875,0.339797028
Tamil Nadu,THANJAVUR,2006,Whole Year,Onion,3,26,8.666666667
Tamil Nadu,THANJAVUR,2006,Whole Year,Ragi,2,6,3
Tamil Nadu,THANJAVUR,2006,Whole Year,Sesamum,3856,1865,0.483661826
Tamil Nadu,THANJAVUR,2006,Whole Year,Sugarcane,18374,1936307,105.3829868
Tamil Nadu,THANJAVUR,2006,Whole Year,Sunflower,107,196,1.831775701
Tamil Nadu,THANJAVUR,2006,Whole Year,Sweet potato,1,17,17
Tamil Nadu,THANJAVUR,2006,Whole Year,Tapioca,272,10978,40.36029412
Tamil Nadu,THANJAVUR,2006,Whole Year,Turmeric,12,69,5.75
Tamil Nadu,THANJAVUR,2006,Whole Year,Urad,11409,5470,0.479446051
Tamil Nadu,THANJAVUR,2007,Kharif,Rice,150228,479643,3.192766994
Tamil Nadu,THANJAVUR,2007,Kharif,Small millets,3,4,1.333333333
Tamil Nadu,THANJAVUR,2007,Whole Year,Arecanut,20,35,1.75
Tamil Nadu,THANJAVUR,2007,Whole Year,Arhar/Tur,37,26,0.702702703
Tamil Nadu,THANJAVUR,2007,Whole Year,Bajra,2,5,2.5
Tamil Nadu,THANJAVUR,2007,Whole Year,Banana,4200,164686,39.21095238
Tamil Nadu,THANJAVUR,2007,Whole Year,Black pepper,8,2,0.25
Tamil Nadu,THANJAVUR,2007,Whole Year,Cashewnut,2236,1269,0.567531306
Tamil Nadu,THANJAVUR,2007,Whole Year,Castor seed,3,1,0.333333333
Tamil Nadu,THANJAVUR,2007,Whole Year,Coconut,30305,4672,0.154165979
Tamil Nadu,THANJAVUR,2007,Whole Year,Cotton(lint),609,1684,2.765188834
Tamil Nadu,THANJAVUR,2007,Whole Year,Dry chillies,8,4,0.5
Tamil Nadu,THANJAVUR,2007,Whole Year,Dry ginger,3,57,19
Tamil Nadu,THANJAVUR,2007,Whole Year,Gram,9,6,0.666666667
Tamil Nadu,THANJAVUR,2007,Whole Year,Groundnut,15950,22555,1.414106583
Tamil Nadu,THANJAVUR,2007,Whole Year,Maize,1226,4081,3.328711256
Tamil Nadu,THANJAVUR,2007,Whole Year,Moong(Green Gram),13819,841,0.060858239
Tamil Nadu,THANJAVUR,2007,Whole Year,Onion,16,154,9.625
Tamil Nadu,THANJAVUR,2007,Whole Year,Ragi,4,10,2.5
Tamil Nadu,THANJAVUR,2007,Whole Year,Sesamum,12895,4244,0.329119814
Tamil Nadu,THANJAVUR,2007,Whole Year,Small millets,3,4,1.333333333
Tamil Nadu,THANJAVUR,2007,Whole Year,Sugarcane,15507,1675345,108.0379828
Tamil Nadu,THANJAVUR,2007,Whole Year,Sunflower,234,372,1.58974359
Tamil Nadu,THANJAVUR,2007,Whole Year,Tapioca,225,9496,42.20444444
Tamil Nadu,THANJAVUR,2007,Whole Year,Turmeric,7,37,5.285714286
Tamil Nadu,THANJAVUR,2007,Whole Year,Urad,26428,3097,0.117186318
Tamil Nadu,THANJAVUR,2008,Kharif,Rice,177094,357161,2.016787695
Tamil Nadu,THANJAVUR,2008,Kharif,Small millets,4,1,0.25
Tamil Nadu,THANJAVUR,2008,Whole Year,Arecanut,19,18,0.947368421
Tamil Nadu,THANJAVUR,2008,Whole Year,Arhar/Tur,44,27,0.613636364
Tamil Nadu,THANJAVUR,2008,Whole Year,Banana,4179,183830,43.98899258
Tamil Nadu,THANJAVUR,2008,Whole Year,Black pepper,8,2,0.25
Tamil Nadu,THANJAVUR,2008,Whole Year,Cashewnut,1686,673,0.399169632
Tamil Nadu,THANJAVUR,2008,Whole Year,Castor seed,3,1,0.333333333
Tamil Nadu,THANJAVUR,2008,Whole Year,Coconut,30950,5288000,170.8562197
Tamil Nadu,THANJAVUR,2008,Whole Year,Cotton(lint),549,1105,2.012750455
Tamil Nadu,THANJAVUR,2008,Whole Year,Dry chillies,20,10,0.5
Tamil Nadu,THANJAVUR,2008,Whole Year,Dry ginger,5,100,20
Tamil Nadu,THANJAVUR,2008,Whole Year,Gram,23,5,0.217391304
Tamil Nadu,THANJAVUR,2008,Whole Year,Groundnut,9111,20229,2.220283174
Tamil Nadu,THANJAVUR,2008,Whole Year,Jowar,83,150,1.807228916
Tamil Nadu,THANJAVUR,2008,Whole Year,Maize,2409,12489,5.184308842
Tamil Nadu,THANJAVUR,2008,Whole Year,Moong(Green Gram),5784,1240,0.214384509
Tamil Nadu,THANJAVUR,2008,Whole Year,Onion,4,38,9.5
Tamil Nadu,THANJAVUR,2008,Whole Year,Ragi,4,8,2
Tamil Nadu,THANJAVUR,2008,Whole Year,Sesamum,7547,1983,0.262753412
Tamil Nadu,THANJAVUR,2008,Whole Year,Small millets,1,1,1
Tamil Nadu,THANJAVUR,2008,Whole Year,Sugarcane,11296,1126098,99.68997875
Tamil Nadu,THANJAVUR,2008,Whole Year,Sunflower,63,84,1.333333333
Tamil Nadu,THANJAVUR,2008,Whole Year,Sweet potato,1,13,13
Tamil Nadu,THANJAVUR,2008,Whole Year,Tapioca,315,11488,36.46984127
Tamil Nadu,THANJAVUR,2008,Whole Year,Turmeric,5,29,5.8
Tamil Nadu,THANJAVUR,2008,Whole Year,Urad,15680,11361,0.724553571
Tamil Nadu,THANJAVUR,2009,Kharif,Rice,162938,427142,2.621500203
Tamil Nadu,THANJAVUR,2009,Whole Year,Arecanut,9,19,2.111111111
Tamil Nadu,THANJAVUR,2009,Whole Year,Arhar/Tur,153,117,0.764705882
Tamil Nadu,THANJAVUR,2009,Whole Year,Bajra,6,14,2.333333333
Tamil Nadu,THANJAVUR,2009,Whole Year,Banana,3603,132352,36.73383292
Tamil Nadu,THANJAVUR,2009,Whole Year,Black pepper,8,2,0.25
Tamil Nadu,THANJAVUR,2009,Whole Year,Cashewnut,1542,619,0.401426719
Tamil Nadu,THANJAVUR,2009,Whole Year,Castor seed,1,,
Tamil Nadu,THANJAVUR,2009,Whole Year,Coconut,32077,495100,15.43473517
Tamil Nadu,THANJAVUR,2009,Whole Year,Cotton(lint),426,1224,2.873239437
Tamil Nadu,THANJAVUR,2009,Whole Year,Dry chillies,22,12,0.545454545
Tamil Nadu,THANJAVUR,2009,Whole Year,Groundnut,8156,29579,3.626655223
Tamil Nadu,THANJAVUR,2009,Whole Year,Jowar,3,5,1.666666667
Tamil Nadu,THANJAVUR,2009,Whole Year,Maize,1496,8608,5.754010695
Tamil Nadu,THANJAVUR,2009,Whole Year,Moong(Green Gram),4680,1522,0.325213675
Tamil Nadu,THANJAVUR,2009,Whole Year,Onion,23,224,9.739130435
Tamil Nadu,THANJAVUR,2009,Whole Year,Ragi,3,10,3.333333333
Tamil Nadu,THANJAVUR,2009,Whole Year,Sesamum,8046,3080,0.382798906
Tamil Nadu,THANJAVUR,2009,Whole Year,Sugarcane,8564,915222,106.8685194
Tamil Nadu,THANJAVUR,2009,Whole Year,Sunflower,29,39,1.344827586
Tamil Nadu,THANJAVUR,2009,Whole Year,Tapioca,266,9169,34.46992481
Tamil Nadu,THANJAVUR,2009,Whole Year,Turmeric,3,15,5
Tamil Nadu,THANJAVUR,2009,Whole Year,Urad,17331,9681,0.558594426
Tamil Nadu,THANJAVUR,2010,Kharif,Arhar/Tur,23,15,0.652173913
Tamil Nadu,THANJAVUR,2010,Kharif,Castor seed,2,1,0.5
Tamil Nadu,THANJAVUR,2010,Kharif,Cotton(lint),518,1407,2.716216216
Tamil Nadu,THANJAVUR,2010,Kharif,Groundnut,7522,28286,3.760436054
Tamil Nadu,THANJAVUR,2010,Kharif,Horse-gram,13,5,0.384615385
Tamil Nadu,THANJAVUR,2010,Kharif,Maize,1090,6241,5.725688073
Tamil Nadu,THANJAVUR,2010,Kharif,Moong(Green Gram),5157,1331,0.258095792
Tamil Nadu,THANJAVUR,2010,Kharif,Ragi,4,8,2
Tamil Nadu,THANJAVUR,2010,Kharif,Rice,166209,476793,2.868635272
Tamil Nadu,THANJAVUR,2010,Kharif,Sunflower,9,11,1.222222222
Tamil Nadu,THANJAVUR,2010,Kharif,Urad,28843,12181,0.42232084
Tamil Nadu,THANJAVUR,2010,Rabi,Gram,6,2,0.333333333
Tamil Nadu,THANJAVUR,2010,Whole Year,Sugarcane,8817,1184908,134.3890212
Tamil Nadu,THANJAVUR,2011,Kharif,Bajra,2,4,2
Tamil Nadu,THANJAVUR,2011,Kharif,Groundnut,2148,7884,3.670391061
Tamil Nadu,THANJAVUR,2011,Kharif,Jowar,6,7,1.166666667
Tamil Nadu,THANJAVUR,2011,Kharif,Maize,886,5034,5.681715576
Tamil Nadu,THANJAVUR,2011,Kharif,Ragi,1,3,3
Tamil Nadu,THANJAVUR,2011,Kharif,Rice,180859,722576,3.995244915
Tamil Nadu,THANJAVUR,2011,Rabi,Cotton(lint),969,2945,3.039215686
Tamil Nadu,THANJAVUR,2011,Rabi,Groundnut,6114,18164,2.97088649
Tamil Nadu,THANJAVUR,2011,Rabi,Maize,405,2693,6.649382716
Tamil Nadu,THANJAVUR,2011,Whole Year,Arecanut,24,20,0.833333333
Tamil Nadu,THANJAVUR,2011,Whole Year,Arhar/Tur,30,26,0.866666667
Tamil Nadu,THANJAVUR,2011,Whole Year,Banana,3212,121277,37.75747198
Tamil Nadu,THANJAVUR,2011,Whole Year,Black pepper,11,2,0.181818182
Tamil Nadu,THANJAVUR,2011,Whole Year,Cashewnut,1864,490,0.262875536
Tamil Nadu,THANJAVUR,2011,Whole Year,Castor seed,3,1,0.333333333
Tamil Nadu,THANJAVUR,2011,Whole Year,Coconut,33742,823800000,24414.67607
Tamil Nadu,THANJAVUR,2011,Whole Year,Dry chillies,212,93,0.438679245
Tamil Nadu,THANJAVUR,2011,Whole Year,Dry ginger,6,66,11
Tamil Nadu,THANJAVUR,2011,Whole Year,Moong(Green Gram),5775,1741,0.301471861
Tamil Nadu,THANJAVUR,2011,Whole Year,Onion,60,641,10.68333333
Tamil Nadu,THANJAVUR,2011,Whole Year,Small millets,1,2,2
Tamil Nadu,THANJAVUR,2011,Whole Year,Sugarcane,10665,1187515,111.3469292
Tamil Nadu,THANJAVUR,2011,Whole Year,Sunflower,13,24,1.846153846
Tamil Nadu,THANJAVUR,2011,Whole Year,Sweet potato,1,20,20
Tamil Nadu,THANJAVUR,2011,Whole Year,Tapioca,174,6553,37.66091954
Tamil Nadu,THANJAVUR,2011,Whole Year,Turmeric,35,192,5.485714286
Tamil Nadu,THANJAVUR,2011,Whole Year,Urad,26846,20984,0.781643448
Tamil Nadu,THANJAVUR,2012,Kharif,Arhar/Tur,14,11,0.785714286
Tamil Nadu,THANJAVUR,2012,Kharif,Castor seed,5,,
Tamil Nadu,THANJAVUR,2012,Kharif,Cotton(lint),1015,3275,3.226600985
Tamil Nadu,THANJAVUR,2012,Kharif,Groundnut,6984,21672,3.103092784
Tamil Nadu,THANJAVUR,2012,Kharif,Maize,959,3249,3.387904067
Tamil Nadu,THANJAVUR,2012,Kharif,Moong(Green Gram),889,382,0.429696288
Tamil Nadu,THANJAVUR,2012,Kharif,Ragi,17,35,2.058823529
Tamil Nadu,THANJAVUR,2012,Kharif,Rice,146959,431121,2.933614137
Tamil Nadu,THANJAVUR,2012,Kharif,Sunflower,29,31,1.068965517
Tamil Nadu,THANJAVUR,2012,Kharif,Urad,16253,8939,0.549990771
Tamil Nadu,THANJAVUR,2012,Whole Year,Sugarcane,11671,1288791,110.4267843
Tamil Nadu,THANJAVUR,2013,Kharif,Bajra,9,21,2.333333333
Tamil Nadu,THANJAVUR,2013,Kharif,Groundnut,1112,3811,3.427158273
Tamil Nadu,THANJAVUR,2013,Kharif,Maize,650,4249,6.536923077
Tamil Nadu,THANJAVUR,2013,Kharif,Onion,23,267,11.60869565
Tamil Nadu,THANJAVUR,2013,Kharif,Ragi,8,22,2.75
Tamil Nadu,THANJAVUR,2013,Kharif,Rice,167289,831483,4.970338755
Tamil Nadu,THANJAVUR,2013,Kharif,Sunflower,24,43,1.791666667
Tamil Nadu,THANJAVUR,2013,Kharif,Urad,2106,2327,1.104938272
Tamil Nadu,THANJAVUR,2013,Rabi,Bajra,1,2,2
Tamil Nadu,THANJAVUR,2013,Rabi,Cotton(lint),1788,5912,3.306487696
Tamil Nadu,THANJAVUR,2013,Rabi,Groundnut,3927,14901,3.794499618
Tamil Nadu,THANJAVUR,2013,Rabi,Maize,825,4127,5.002424242
Tamil Nadu,THANJAVUR,2013,Rabi,Moong(Green Gram),6699,5110,0.762800418
Tamil Nadu,THANJAVUR,2013,Rabi,Onion,7,59,8.428571429
Tamil Nadu,THANJAVUR,2013,Rabi,Sunflower,7,7,1
Tamil Nadu,THANJAVUR,2013,Rabi,Urad,21366,18583,0.869746326
Tamil Nadu,THANJAVUR,2013,Whole Year,Arecanut,40,18,0.45
Tamil Nadu,THANJAVUR,2013,Whole Year,Arhar/Tur,20,19,0.95
Tamil Nadu,THANJAVUR,2013,Whole Year,Banana,3176,161663,50.90144836
Tamil Nadu,THANJAVUR,2013,Whole Year,Black pepper,8,1,0.125
Tamil Nadu,THANJAVUR,2013,Whole Year,Cashewnut,1819,422,0.231995602
Tamil Nadu,THANJAVUR,2013,Whole Year,Coconut,35237,555700000,15770.35502
Tamil Nadu,THANJAVUR,2013,Whole Year,Coriander,1,,
Tamil Nadu,THANJAVUR,2013,Whole Year,Dry chillies,79,22,0.278481013
Tamil Nadu,THANJAVUR,2013,Whole Year,Dry ginger,2,14,7
Tamil Nadu,THANJAVUR,2013,Whole Year,Sugarcane,8580,1012422,117.9979021
Tamil Nadu,THANJAVUR,2013,Whole Year,Tapioca,124,3710,29.91935484
Tamil Nadu,THANJAVUR,2013,Whole Year,Turmeric,13,48,3.692307692
Tamil Nadu,THE NILGIRIS,1997,Kharif,Banana,106,3268,30.83018868
Tamil Nadu,THE NILGIRIS,1997,Whole Year,Banana,220,10610,48.22727273
Tamil Nadu,THE NILGIRIS,1997,Whole Year,Black pepper,2033,390,0.191834727
Tamil Nadu,THE NILGIRIS,1997,Whole Year,Cardamom,1245,110,0.088353414
Tamil Nadu,THE NILGIRIS,1997,Whole Year,Dry chillies,21,10,0.476190476
Tamil Nadu,THE NILGIRIS,1997,Whole Year,Dry ginger,522,16540,31.68582375
Tamil Nadu,THE NILGIRIS,1997,Whole Year,Garlic,122,670,5.491803279
Tamil Nadu,THE NILGIRIS,1997,Whole Year,Potato,3357,55410,16.50580876
Tamil Nadu,THE NILGIRIS,1997,Whole Year,Pulses total,210,50,0.238095238
Tamil Nadu,THE NILGIRIS,1997,Whole Year,Ragi,22,40,1.818181818
Tamil Nadu,THE NILGIRIS,1997,Whole Year,Rice,1716,5980,3.484848485
Tamil Nadu,THE NILGIRIS,1997,Whole Year,Sugarcane,22,24000,1090.909091
Tamil Nadu,THE NILGIRIS,1997,Whole Year,Sweet potato,5,70,14
Tamil Nadu,THE NILGIRIS,1997,Whole Year,Tapioca,89,3340,37.52808989
Tamil Nadu,THE NILGIRIS,1997,Whole Year,Total foodgrain,1956,6030,3.082822086
Tamil Nadu,THE NILGIRIS,1997,Whole Year,Turmeric,7,40,5.714285714
Tamil Nadu,THE NILGIRIS,1998,Kharif,Bajra,2,3,1.5
Tamil Nadu,THE NILGIRIS,1998,Kharif,Dry ginger,555,17581,31.67747748
Tamil Nadu,THE NILGIRIS,1998,Kharif,Jowar,3,2,0.666666667
Tamil Nadu,THE NILGIRIS,1998,Kharif,Ragi,20,33,1.65
Tamil Nadu,THE NILGIRIS,1998,Kharif,Rice,2611,9192,3.520490234
Tamil Nadu,THE NILGIRIS,1998,Kharif,Small millets,600,300,0.5
Tamil Nadu,THE NILGIRIS,1998,Kharif,Total foodgrain,2696,926,0.34347181
Tamil Nadu,THE NILGIRIS,1998,Rabi,Wheat,430,20,0.046511628
Tamil Nadu,THE NILGIRIS,1998,Whole Year,Banana,217,10604,48.86635945
Tamil Nadu,THE NILGIRIS,1998,Whole Year,Black pepper,2100,403,0.191904762
Tamil Nadu,THE NILGIRIS,1998,Whole Year,Cardamom,1200,110,0.091666667
Tamil Nadu,THE NILGIRIS,1998,Whole Year,Dry chillies,9,6,0.666666667
Tamil Nadu,THE NILGIRIS,1998,Whole Year,Garlic,570,3130,5.49122807
Tamil Nadu,THE NILGIRIS,1998,Whole Year,Potato,1756,28986,16.50683371
Tamil Nadu,THE NILGIRIS,1998,Whole Year,Sugarcane,104,12760,122.6923077
Tamil Nadu,THE NILGIRIS,1998,Whole Year,Sweet potato,17,298,17.52941176
Tamil Nadu,THE NILGIRIS,1998,Whole Year,Tapioca,61,2265,37.13114754
Tamil Nadu,THE NILGIRIS,1998,Whole Year,Turmeric,28,170,6.071428571
Tamil Nadu,THE NILGIRIS,1999,Kharif,Bajra,4,6,1.5
Tamil Nadu,THE NILGIRIS,1999,Kharif,Cotton(lint),42,41,0.976190476
Tamil Nadu,THE NILGIRIS,1999,Kharif,Dry ginger,422,11198,26.53554502
Tamil Nadu,THE NILGIRIS,1999,Kharif,Groundnut,6,3,0.5
Tamil Nadu,THE NILGIRIS,1999,Kharif,Korra,37,23,0.621621622
Tamil Nadu,THE NILGIRIS,1999,Kharif,Rice,1830,6334,3.461202186
Tamil Nadu,THE NILGIRIS,1999,Kharif,Sunflower,16,16,1
Tamil Nadu,THE NILGIRIS,1999,Whole Year,Banana,106,3268,30.83018868
Tamil Nadu,THE NILGIRIS,1999,Whole Year,Black pepper,185,36,0.194594595
Tamil Nadu,THE NILGIRIS,1999,Whole Year,Cardamom,77,7,0.090909091
Tamil Nadu,THE NILGIRIS,1999,Whole Year,Cashewnut,48,14,0.291666667
Tamil Nadu,THE NILGIRIS,1999,Whole Year,Coriander,28,7,0.25
Tamil Nadu,THE NILGIRIS,1999,Whole Year,Dry chillies,53,30,0.566037736
Tamil Nadu,THE NILGIRIS,1999,Whole Year,Garlic,226,1241,5.491150442
Tamil Nadu,THE NILGIRIS,1999,Whole Year,Guar seed,240,2501,10.42083333
Tamil Nadu,THE NILGIRIS,1999,Whole Year,Potato,2415,47729,19.76356108
Tamil Nadu,THE NILGIRIS,1999,Whole Year,Sugarcane,240,25723,107.1791667
Tamil Nadu,THE NILGIRIS,1999,Whole Year,Sweet potato,14,170,12.14285714
Tamil Nadu,THE NILGIRIS,1999,Whole Year,Tapioca,2482,88075,35.48549557
Tamil Nadu,THE NILGIRIS,1999,Whole Year,Turmeric,25,141,5.64
Tamil Nadu,THE NILGIRIS,2000,Kharif,Bajra,4,2,0.5
Tamil Nadu,THE NILGIRIS,2000,Kharif,Cotton(lint),5,5,1
Tamil Nadu,THE NILGIRIS,2000,Kharif,Dry ginger,26,688,26.46153846
Tamil Nadu,THE NILGIRIS,2000,Kharif,Groundnut,26,34,1.307692308
Tamil Nadu,THE NILGIRIS,2000,Kharif,Maize,13,21,1.615384615
Tamil Nadu,THE NILGIRIS,2000,Kharif,Other Cereals & Millets,57,41,0.719298246
Tamil Nadu,THE NILGIRIS,2000,Kharif,Ragi,59,68,1.152542373
Tamil Nadu,THE NILGIRIS,2000,Kharif,Rice,2100,5552,2.643809524
Tamil Nadu,THE NILGIRIS,2000,Kharif,Sesamum,11,2,0.181818182
Tamil Nadu,THE NILGIRIS,2000,Kharif,Sunflower,11,11,1
Tamil Nadu,THE NILGIRIS,2000,Rabi,Wheat,91,44,0.483516484
Tamil Nadu,THE NILGIRIS,2000,Whole Year,Banana,147,4532,30.82993197
Tamil Nadu,THE NILGIRIS,2000,Whole Year,Black pepper,637,123,0.193092622
Tamil Nadu,THE NILGIRIS,2000,Whole Year,Cardamom,65,6,0.092307692
Tamil Nadu,THE NILGIRIS,2000,Whole Year,Cashewnut,4,,
Tamil Nadu,THE NILGIRIS,2000,Whole Year,Dry chillies,13,8,0.615384615
Tamil Nadu,THE NILGIRIS,2000,Whole Year,Garlic,175,961,5.491428571
Tamil Nadu,THE NILGIRIS,2000,Whole Year,Potato,1293,26501,20.49574633
Tamil Nadu,THE NILGIRIS,2000,Whole Year,Sugarcane,14,1500,107.1428571
Tamil Nadu,THE NILGIRIS,2000,Whole Year,Sweet potato,2,24,12
Tamil Nadu,THE NILGIRIS,2000,Whole Year,Tapioca,91,3229,35.48351648
Tamil Nadu,THE NILGIRIS,2000,Whole Year,Tobacco,76,118,1.552631579
Tamil Nadu,THE NILGIRIS,2000,Whole Year,Turmeric,31,169,5.451612903
Tamil Nadu,THE NILGIRIS,2001,Kharif,Groundnut,8,10,1.25
Tamil Nadu,THE NILGIRIS,2001,Kharif,Jowar,1,1,1
Tamil Nadu,THE NILGIRIS,2001,Kharif,Ragi,39,60,1.538461538
Tamil Nadu,THE NILGIRIS,2001,Kharif,Rice,2154,8440,3.918291551
Tamil Nadu,THE NILGIRIS,2001,Whole Year,Sugarcane,7,700,100
Tamil Nadu,THE NILGIRIS,2002,Kharif,Groundnut,9,20,2.222222222
Tamil Nadu,THE NILGIRIS,2002,Kharif,Korra,17,16,0.941176471
Tamil Nadu,THE NILGIRIS,2002,Kharif,Ragi,31,35,1.129032258
Tamil Nadu,THE NILGIRIS,2002,Kharif,Rice,1848,6229,3.370670996
Tamil Nadu,THE NILGIRIS,2002,Kharif,Samai,18,13,0.722222222
Tamil Nadu,THE NILGIRIS,2002,Kharif,Sesamum,2,1,0.5
Tamil Nadu,THE NILGIRIS,2002,Whole Year,Apple,1,0,0
Tamil Nadu,THE NILGIRIS,2002,Whole Year,Arecanut,174,,
Tamil Nadu,THE NILGIRIS,2002,Whole Year,Banana,519,7447,14.34874759
Tamil Nadu,THE NILGIRIS,2002,Whole Year,Beans & Mutter(Vegetable),498,0,0
Tamil Nadu,THE NILGIRIS,2002,Whole Year,Beet Root,185,0,0
Tamil Nadu,THE NILGIRIS,2002,Whole Year,Bitter Gourd,36,0,0
Tamil Nadu,THE NILGIRIS,2002,Whole Year,Brinjal,1,8,8
Tamil Nadu,THE NILGIRIS,2002,Whole Year,Cabbage,905,59879,66.16464088
Tamil Nadu,THE NILGIRIS,2002,Whole Year,Carrot,1541,0,0
Tamil Nadu,THE NILGIRIS,2002,Whole Year,Cauliflower,12,0,0
Tamil Nadu,THE NILGIRIS,2002,Whole Year,Citrus Fruit,8,9,1.125
Tamil Nadu,THE NILGIRIS,2002,Whole Year,Cucumber,3,0,0
Tamil Nadu,THE NILGIRIS,2002,Whole Year,Dry chillies,75,44,0.586666667
Tamil Nadu,THE NILGIRIS,2002,Whole Year,Dry ginger,372,5960,16.02150538
Tamil Nadu,THE NILGIRIS,2002,Whole Year,Garlic,81,448,5.530864198
Tamil Nadu,THE NILGIRIS,2002,Whole Year,Jack Fruit,80,906,11.325
Tamil Nadu,THE NILGIRIS,2002,Whole Year,Lab-Lab,1,0,0
Tamil Nadu,THE NILGIRIS,2002,Whole Year,Mango,28,169,6.035714286
Tamil Nadu,THE NILGIRIS,2002,Whole Year,Orange,75,116,1.546666667
Tamil Nadu,THE NILGIRIS,2002,Whole Year,Other Fresh Fruits,4,0,0
Tamil Nadu,THE NILGIRIS,2002,Whole Year,Other Vegetables,104,0,0
Tamil Nadu,THE NILGIRIS,2002,Whole Year,Papaya,1,0,0
Tamil Nadu,THE NILGIRIS,2002,Whole Year,Peach,2,0,0
Tamil Nadu,THE NILGIRIS,2002,Whole Year,Pear,20,0,0
Tamil Nadu,THE NILGIRIS,2002,Whole Year,Pineapple,2,62,31
Tamil Nadu,THE NILGIRIS,2002,Whole Year,Plums,4,0,0
Tamil Nadu,THE NILGIRIS,2002,Whole Year,Pome Fruit,31,162,5.225806452
Tamil Nadu,THE NILGIRIS,2002,Whole Year,Potato,1457,28325,19.44063143
Tamil Nadu,THE NILGIRIS,2002,Whole Year,Pump Kin,4,0,0
Tamil Nadu,THE NILGIRIS,2002,Whole Year,Redish,116,0,0
Tamil Nadu,THE NILGIRIS,2002,Whole Year,Snak Guard,4,0,0
Tamil Nadu,THE NILGIRIS,2002,Whole Year,Sugarcane,14,1290,92.14285714
Tamil Nadu,THE NILGIRIS,2002,Whole Year,Sweet potato,3,41,13.66666667
Tamil Nadu,THE NILGIRIS,2002,Whole Year,Tapioca,102,3222,31.58823529
Tamil Nadu,THE NILGIRIS,2002,Whole Year,Tomato,5,62,12.4
Tamil Nadu,THE NILGIRIS,2002,Whole Year,Turmeric,7,26,3.714285714
Tamil Nadu,THE NILGIRIS,2002,Whole Year,Turnip,61,0,0
Tamil Nadu,THE NILGIRIS,2002,Whole Year,Yam,20,0,0
Tamil Nadu,THE NILGIRIS,2003,Kharif,Bajra,2,2,1
Tamil Nadu,THE NILGIRIS,2003,Kharif,Dry ginger,364,5160,14.17582418
Tamil Nadu,THE NILGIRIS,2003,Kharif,Groundnut,3,4,1.333333333
Tamil Nadu,THE NILGIRIS,2003,Kharif,Jowar,1,1,1
Tamil Nadu,THE NILGIRIS,2003,Kharif,Korra,6,6,1
Tamil Nadu,THE NILGIRIS,2003,Kharif,Other Kharif pulses,1,1,1
Tamil Nadu,THE NILGIRIS,2003,Kharif,Ragi,1,1,1
Tamil Nadu,THE NILGIRIS,2003,Kharif,Rice,1635,5414,3.311314985
Tamil Nadu,THE NILGIRIS,2003,Kharif,Sesamum,7,2,0.285714286
Tamil Nadu,THE NILGIRIS,2003,Kharif,Small millets,12,260,21.66666667
Tamil Nadu,THE NILGIRIS,2003,Whole Year,Apple,1,0,0
Tamil Nadu,THE NILGIRIS,2003,Whole Year,Arecanut,198,,
Tamil Nadu,THE NILGIRIS,2003,Whole Year,Banana,314,11108,35.37579618
Tamil Nadu,THE NILGIRIS,2003,Whole Year,Beans & Mutter(Vegetable),424,0,0
Tamil Nadu,THE NILGIRIS,2003,Whole Year,Beet Root,53,0,0
Tamil Nadu,THE NILGIRIS,2003,Whole Year,Bitter Gourd,14,0,0
Tamil Nadu,THE NILGIRIS,2003,Whole Year,Black pepper,2434,470,0.193097781
Tamil Nadu,THE NILGIRIS,2003,Whole Year,Cabbage,810,54442,67.21234568
Tamil Nadu,THE NILGIRIS,2003,Whole Year,Cardamom,1014,94,0.09270217
Tamil Nadu,THE NILGIRIS,2003,Whole Year,Carrot,1240,0,0
Tamil Nadu,THE NILGIRIS,2003,Whole Year,Cauliflower,52,0,0
Tamil Nadu,THE NILGIRIS,2003,Whole Year,Citrus Fruit,12,13,1.083333333
Tamil Nadu,THE NILGIRIS,2003,Whole Year,Coconut,52,0,0
Tamil Nadu,THE NILGIRIS,2003,Whole Year,Coriander,10,3,0.3
Tamil Nadu,THE NILGIRIS,2003,Whole Year,Drum Stick,4,0,0
Tamil Nadu,THE NILGIRIS,2003,Whole Year,Dry chillies,11,6,0.545454545
Tamil Nadu,THE NILGIRIS,2003,Whole Year,Garlic,140,775,5.535714286
Tamil Nadu,THE NILGIRIS,2003,Whole Year,Jack Fruit,81,783,9.666666667
Tamil Nadu,THE NILGIRIS,2003,Whole Year,Lab-Lab,1,0,0
Tamil Nadu,THE NILGIRIS,2003,Whole Year,Mango,18,75,4.166666667
Tamil Nadu,THE NILGIRIS,2003,Whole Year,Orange,72,142,1.972222222
Tamil Nadu,THE NILGIRIS,2003,Whole Year,Other Fresh Fruits,10,0,0
Tamil Nadu,THE NILGIRIS,2003,Whole Year,Other Vegetables,182,0,0
Tamil Nadu,THE NILGIRIS,2003,Whole Year,Papaya,1,0,0
Tamil Nadu,THE NILGIRIS,2003,Whole Year,Peach,2,0,0
Tamil Nadu,THE NILGIRIS,2003,Whole Year,Pear,19,0,0
Tamil Nadu,THE NILGIRIS,2003,Whole Year,Plums,4,0,0
Tamil Nadu,THE NILGIRIS,2003,Whole Year,Pome Fruit,31,218,7.032258065
Tamil Nadu,THE NILGIRIS,2003,Whole Year,Potato,1720,33055,19.21802326
Tamil Nadu,THE NILGIRIS,2003,Whole Year,Redish,81,0,0
Tamil Nadu,THE NILGIRIS,2003,Whole Year,Sweet potato,10,145,14.5
Tamil Nadu,THE NILGIRIS,2003,Whole Year,Tapioca,70,2358,33.68571429
Tamil Nadu,THE NILGIRIS,2003,Whole Year,Turmeric,1,4,4
Tamil Nadu,THE NILGIRIS,2003,Whole Year,Yam,13,0,0
Tamil Nadu,THE NILGIRIS,2004,Kharif,Dry ginger,562,10844,19.29537367
Tamil Nadu,THE NILGIRIS,2004,Kharif,Other Kharif pulses,1,,
Tamil Nadu,THE NILGIRIS,2004,Kharif,Rice,1443,4763,3.300762301
Tamil Nadu,THE NILGIRIS,2004,Kharif,Sesamum,5,2,0.4
Tamil Nadu,THE NILGIRIS,2004,Kharif,Small millets,4,5,1.25
Tamil Nadu,THE NILGIRIS,2004,Whole Year,Arecanut,207,229,1.106280193
Tamil Nadu,THE NILGIRIS,2004,Whole Year,Banana,545,23150,42.47706422
Tamil Nadu,THE NILGIRIS,2004,Whole Year,Cardamom,1034,96,0.092843327
Tamil Nadu,THE NILGIRIS,2004,Whole Year,Coconut,60,100,1.666666667
Tamil Nadu,THE NILGIRIS,2004,Whole Year,Coriander,5,2,0.4
Tamil Nadu,THE NILGIRIS,2004,Whole Year,Dry chillies,11,7,0.636363636
Tamil Nadu,THE NILGIRIS,2004,Whole Year,Garlic,104,576,5.538461538
Tamil Nadu,THE NILGIRIS,2004,Whole Year,Onion,1,10,10
Tamil Nadu,THE NILGIRIS,2004,Whole Year,Potato,2010,38288,19.04875622
Tamil Nadu,THE NILGIRIS,2004,Whole Year,Sugarcane,11,1211,110.0909091
Tamil Nadu,THE NILGIRIS,2004,Whole Year,Sweet potato,6,92,15.33333333
Tamil Nadu,THE NILGIRIS,2004,Whole Year,Tapioca,68,2806,41.26470588
Tamil Nadu,THE NILGIRIS,2004,Whole Year,Turmeric,6,33,5.5
Tamil Nadu,THE NILGIRIS,2005,Kharif,Dry ginger,629,12136,19.29411765
Tamil Nadu,THE NILGIRIS,2005,Kharif,Rice,1430,4716,3.297902098
Tamil Nadu,THE NILGIRIS,2005,Kharif,Small millets,2,3,1.5
Tamil Nadu,THE NILGIRIS,2005,Whole Year,Arecanut,212,136,0.641509434
Tamil Nadu,THE NILGIRIS,2005,Whole Year,Banana,612,30052,49.10457516
Tamil Nadu,THE NILGIRIS,2005,Whole Year,Black pepper,2543,491,0.193079041
Tamil Nadu,THE NILGIRIS,2005,Whole Year,Cardamom,1054,98,0.092979127
Tamil Nadu,THE NILGIRIS,2005,Whole Year,Coconut,60,,
Tamil Nadu,THE NILGIRIS,2005,Whole Year,Dry chillies,10,6,0.6
Tamil Nadu,THE NILGIRIS,2005,Whole Year,Garlic,78,433,5.551282051
Tamil Nadu,THE NILGIRIS,2005,Whole Year,Potato,1950,43949,22.53794872
Tamil Nadu,THE NILGIRIS,2005,Whole Year,Sugarcane,11,1152,104.7272727
Tamil Nadu,THE NILGIRIS,2005,Whole Year,Sweet potato,1,21,21
Tamil Nadu,THE NILGIRIS,2005,Whole Year,Tapioca,58,2216,38.20689655
Tamil Nadu,THE NILGIRIS,2005,Whole Year,Turmeric,2,11,5.5
Tamil Nadu,THE NILGIRIS,2006,Kharif,Rice,1249,3995,3.198558847
Tamil Nadu,THE NILGIRIS,2006,Kharif,Small millets,2,2,1
Tamil Nadu,THE NILGIRIS,2006,Whole Year,Arecanut,431,879,2.039443155
Tamil Nadu,THE NILGIRIS,2006,Whole Year,Banana,801,42921,53.58426966
Tamil Nadu,THE NILGIRIS,2006,Whole Year,Black pepper,2526,488,0.193190816
Tamil Nadu,THE NILGIRIS,2006,Whole Year,Cardamom,616,57,0.092532468
Tamil Nadu,THE NILGIRIS,2006,Whole Year,Coconut,74,1,0.013513514
Tamil Nadu,THE NILGIRIS,2006,Whole Year,Dry chillies,12,8,0.666666667
Tamil Nadu,THE NILGIRIS,2006,Whole Year,Dry ginger,609,11350,18.63711002
Tamil Nadu,THE NILGIRIS,2006,Whole Year,Garlic,88,488,5.545454545
Tamil Nadu,THE NILGIRIS,2006,Whole Year,Potato,1957,39498,20.18293306
Tamil Nadu,THE NILGIRIS,2006,Whole Year,Ragi,10,14,1.4
Tamil Nadu,THE NILGIRIS,2006,Whole Year,Sugarcane,10,1228,122.8
Tamil Nadu,THE NILGIRIS,2006,Whole Year,Sweet potato,1,17,17
Tamil Nadu,THE NILGIRIS,2006,Whole Year,Tapioca,72,2906,40.36111111
Tamil Nadu,THE NILGIRIS,2006,Whole Year,Turmeric,9,52,5.777777778
Tamil Nadu,THE NILGIRIS,2007,Kharif,Rice,1110,4287,3.862162162
Tamil Nadu,THE NILGIRIS,2007,Kharif,Small millets,2,2,1
Tamil Nadu,THE NILGIRIS,2007,Whole Year,Arecanut,272,596,2.191176471
Tamil Nadu,THE NILGIRIS,2007,Whole Year,Banana,755,36044,47.74039735
Tamil Nadu,THE NILGIRIS,2007,Whole Year,Black pepper,1908,368,0.192872117
Tamil Nadu,THE NILGIRIS,2007,Whole Year,Cardamom,673,63,0.093610698
Tamil Nadu,THE NILGIRIS,2007,Whole Year,Coconut,79,1,0.012658228
Tamil Nadu,THE NILGIRIS,2007,Whole Year,Cotton(lint),5,8,1.6
Tamil Nadu,THE NILGIRIS,2007,Whole Year,Dry chillies,22,11,0.5
Tamil Nadu,THE NILGIRIS,2007,Whole Year,Dry ginger,588,11194,19.03741497
Tamil Nadu,THE NILGIRIS,2007,Whole Year,Garlic,124,688,5.548387097
Tamil Nadu,THE NILGIRIS,2007,Whole Year,Potato,1540,36982,24.01428571
Tamil Nadu,THE NILGIRIS,2007,Whole Year,Ragi,1,2,2
Tamil Nadu,THE NILGIRIS,2007,Whole Year,Small millets,2,2,1
Tamil Nadu,THE NILGIRIS,2007,Whole Year,Sugarcane,10,1075,107.5
Tamil Nadu,THE NILGIRIS,2007,Whole Year,Tapioca,65,2745,42.23076923
Tamil Nadu,THE NILGIRIS,2007,Whole Year,Turmeric,8,43,5.375
Tamil Nadu,THE NILGIRIS,2008,Kharif,Rice,775,3046,3.930322581
Tamil Nadu,THE NILGIRIS,2008,Whole Year,Arecanut,291,57,0.195876289
Tamil Nadu,THE NILGIRIS,2008,Whole Year,Banana,917,40763,44.4525627
Tamil Nadu,THE NILGIRIS,2008,Whole Year,Black pepper,1919,370,0.192808755
Tamil Nadu,THE NILGIRIS,2008,Whole Year,Cardamom,717,67,0.093444909
Tamil Nadu,THE NILGIRIS,2008,Whole Year,Coconut,80,1000,12.5
Tamil Nadu,THE NILGIRIS,2008,Whole Year,Cotton(lint),6,7,1.166666667
Tamil Nadu,THE NILGIRIS,2008,Whole Year,Dry chillies,11,6,0.545454545
Tamil Nadu,THE NILGIRIS,2008,Whole Year,Dry ginger,714,14280,20
Tamil Nadu,THE NILGIRIS,2008,Whole Year,Garlic,102,566,5.549019608
Tamil Nadu,THE NILGIRIS,2008,Whole Year,Onion,14,132,9.428571429
Tamil Nadu,THE NILGIRIS,2008,Whole Year,Potato,1292,39641,30.68188854
Tamil Nadu,THE NILGIRIS,2008,Whole Year,Ragi,1,2,2
Tamil Nadu,THE NILGIRIS,2008,Whole Year,Sugarcane,5,531,106.2
Tamil Nadu,THE NILGIRIS,2008,Whole Year,Tapioca,71,2589,36.46478873
Tamil Nadu,THE NILGIRIS,2008,Whole Year,Turmeric,9,52,5.777777778
Tamil Nadu,THE NILGIRIS,2009,Kharif,Rice,509,1783,3.502946955
Tamil Nadu,THE NILGIRIS,2009,Whole Year,Arecanut,332,71,0.213855422
Tamil Nadu,THE NILGIRIS,2009,Whole Year,Banana,1064,45748,42.9962406
Tamil Nadu,THE NILGIRIS,2009,Whole Year,Black pepper,1358,244,0.179675994
Tamil Nadu,THE NILGIRIS,2009,Whole Year,Cardamom,251,23,0.091633466
Tamil Nadu,THE NILGIRIS,2009,Whole Year,Coconut,79,100,1.265822785
Tamil Nadu,THE NILGIRIS,2009,Whole Year,Cotton(lint),5,10,2
Tamil Nadu,THE NILGIRIS,2009,Whole Year,Dry chillies,23,12,0.52173913
Tamil Nadu,THE NILGIRIS,2009,Whole Year,Dry ginger,828,13289,16.04951691
Tamil Nadu,THE NILGIRIS,2009,Whole Year,Garlic,65,361,5.553846154
Tamil Nadu,THE NILGIRIS,2009,Whole Year,Groundnut,5,7,1.4
Tamil Nadu,THE NILGIRIS,2009,Whole Year,Moong(Green Gram),12,4,0.333333333
Tamil Nadu,THE NILGIRIS,2009,Whole Year,Onion,1,10,10
Tamil Nadu,THE NILGIRIS,2009,Whole Year,Potato,1161,29065,25.03445306
Tamil Nadu,THE NILGIRIS,2009,Whole Year,Ragi,4,7,1.75
Tamil Nadu,THE NILGIRIS,2009,Whole Year,Sweet potato,2,29,14.5
Tamil Nadu,THE NILGIRIS,2009,Whole Year,Tapioca,83,2861,34.46987952
Tamil Nadu,THE NILGIRIS,2009,Whole Year,Turmeric,7,35,5
Tamil Nadu,THE NILGIRIS,2010,Kharif,Cotton(lint),5,9,1.8
Tamil Nadu,THE NILGIRIS,2010,Kharif,Groundnut,3,6,2
Tamil Nadu,THE NILGIRIS,2010,Kharif,Moong(Green Gram),3,2,0.666666667
Tamil Nadu,THE NILGIRIS,2010,Kharif,Rice,392,1400,3.571428571
Tamil Nadu,THE NILGIRIS,2011,Kharif,Cotton(lint),5,14,2.8
Tamil Nadu,THE NILGIRIS,2011,Kharif,Rice,399,1646,4.125313283
Tamil Nadu,THE NILGIRIS,2011,Kharif,Wheat,4,,
Tamil Nadu,THE NILGIRIS,2011,Whole Year,Arecanut,326,307,0.941717791
Tamil Nadu,THE NILGIRIS,2011,Whole Year,Banana,883,38582,43.69422424
Tamil Nadu,THE NILGIRIS,2011,Whole Year,Black pepper,960,162,0.16875
Tamil Nadu,THE NILGIRIS,2011,Whole Year,Cardamom,1036,96,0.092664093
Tamil Nadu,THE NILGIRIS,2011,Whole Year,Coconut,66,100000,1515.151515
Tamil Nadu,THE NILGIRIS,2011,Whole Year,Dry chillies,4,2,0.5
Tamil Nadu,THE NILGIRIS,2011,Whole Year,Dry ginger,407,4494,11.04176904
Tamil Nadu,THE NILGIRIS,2011,Whole Year,Garlic,185,1027,5.551351351
Tamil Nadu,THE NILGIRIS,2011,Whole Year,Potato,1786,45440,25.44232923
Tamil Nadu,THE NILGIRIS,2011,Whole Year,Tapioca,55,2075,37.72727273
Tamil Nadu,THE NILGIRIS,2011,Whole Year,Turmeric,10,55,5.5
Tamil Nadu,THE NILGIRIS,2012,Kharif,Cotton(lint),5,10,2
Tamil Nadu,THE NILGIRIS,2012,Kharif,Ragi,1,2,2
Tamil Nadu,THE NILGIRIS,2012,Kharif,Rice,289,1148,3.972318339
Tamil Nadu,THE NILGIRIS,2012,Whole Year,Sugarcane,4,391,97.75
Tamil Nadu,THE NILGIRIS,2013,Kharif,Cotton(lint),6,17,2.833333333
Tamil Nadu,THE NILGIRIS,2013,Kharif,Groundnut,4,9,2.25
Tamil Nadu,THE NILGIRIS,2013,Kharif,Jowar,6,7,1.166666667
Tamil Nadu,THE NILGIRIS,2013,Kharif,Moong(Green Gram),1,1,1
Tamil Nadu,THE NILGIRIS,2013,Kharif,Potato,1098,29042,26.44990893
Tamil Nadu,THE NILGIRIS,2013,Kharif,Rice,328,1420,4.329268293
Tamil Nadu,THE NILGIRIS,2013,Rabi,Potato,449,12026,26.78396437
Tamil Nadu,THE NILGIRIS,2013,Whole Year,Arecanut,310,168,0.541935484
Tamil Nadu,THE NILGIRIS,2013,Whole Year,Banana,622,25834,41.53376206
Tamil Nadu,THE NILGIRIS,2013,Whole Year,Black pepper,1069,190,0.177736202
Tamil Nadu,THE NILGIRIS,2013,Whole Year,Cardamom,979,91,0.092951992
Tamil Nadu,THE NILGIRIS,2013,Whole Year,Coconut,55,100000,1818.181818
Tamil Nadu,THE NILGIRIS,2013,Whole Year,Dry chillies,22,6,0.272727273
Tamil Nadu,THE NILGIRIS,2013,Whole Year,Dry ginger,283,1970,6.961130742
Tamil Nadu,THE NILGIRIS,2013,Whole Year,Garlic,189,1049,5.55026455
Tamil Nadu,THE NILGIRIS,2013,Whole Year,Sugarcane,3,311,103.6666667
Tamil Nadu,THE NILGIRIS,2013,Whole Year,Tapioca,57,1706,29.92982456
Tamil Nadu,THE NILGIRIS,2013,Whole Year,Turmeric,15,55,3.666666667
Tamil Nadu,THENI,1997,Kharif,Banana,1970,34600,17.56345178
Tamil Nadu,THENI,1997,Kharif,Horse-gram,592,300,0.506756757
Tamil Nadu,THENI,1997,Kharif,Onion,882,6222,7.054421769
Tamil Nadu,THENI,1997,Kharif,Sesamum,1738,740,0.425776755
Tamil Nadu,THENI,1997,Kharif,Small millets,716,580,0.810055866
Tamil Nadu,THENI,1997,Kharif,Tobacco,10,16,1.6
Tamil Nadu,THENI,1997,Whole Year,Arhar/Tur,6743,1390,0.2061397
Tamil Nadu,THENI,1997,Whole Year,Bajra,2975,4210,1.41512605
Tamil Nadu,THENI,1997,Whole Year,Banana,4478,300620,67.1326485
Tamil Nadu,THENI,1997,Whole Year,Cardamom,1242,120,0.096618357
Tamil Nadu,THENI,1997,Whole Year,Cashewnut,703,440,0.625889047
Tamil Nadu,THENI,1997,Whole Year,Castor seed,48,10,0.208333333
Tamil Nadu,THENI,1997,Whole Year,Coriander,16,10,0.625
Tamil Nadu,THENI,1997,Whole Year,Cotton(lint),9320,15350,1.646995708
Tamil Nadu,THENI,1997,Whole Year,Dry chillies,239,180,0.753138075
Tamil Nadu,THENI,1997,Whole Year,Groundnut,9833,18770,1.908878267
Tamil Nadu,THENI,1997,Whole Year,Jowar,16318,16010,0.981125138
Tamil Nadu,THENI,1997,Whole Year,Maize,3204,6460,2.016229713
Tamil Nadu,THENI,1997,Whole Year,Moong(Green Gram),1179,420,0.356234097
Tamil Nadu,THENI,1997,Whole Year,Onion,259,6260,24.16988417
Tamil Nadu,THENI,1997,Whole Year,Pulses total,13997,3420,0.244338072
Tamil Nadu,THENI,1997,Whole Year,Ragi,189,490,2.592592593
Tamil Nadu,THENI,1997,Whole Year,Rice,19833,61810,3.116522967
Tamil Nadu,THENI,1997,Whole Year,Sugarcane,9524,10598000,1112.767745
Tamil Nadu,THENI,1997,Whole Year,Sunflower,498,980,1.967871486
Tamil Nadu,THENI,1997,Whole Year,Sweet potato,14,200,14.28571429
Tamil Nadu,THENI,1997,Whole Year,Tapioca,28,1050,37.5
Tamil Nadu,THENI,1997,Whole Year,Tobacco,100,220,2.2
Tamil Nadu,THENI,1997,Whole Year,Total foodgrain,57273,93000,1.623801791
Tamil Nadu,THENI,1997,Whole Year,Turmeric,4,20,5
Tamil Nadu,THENI,1997,Whole Year,Urad,1214,570,0.469522241
Tamil Nadu,THENI,1998,Kharif,Arhar/Tur,3180,3501,1.100943396
Tamil Nadu,THENI,1998,Kharif,Bajra,4761,10395,2.183364839
Tamil Nadu,THENI,1998,Kharif,Cotton(lint),8869,21276,2.398917578
Tamil Nadu,THENI,1998,Kharif,Groundnut,15859,19866,1.252664102
Tamil Nadu,THENI,1998,Kharif,Horse-gram,2412,1208,0.500829187
Tamil Nadu,THENI,1998,Kharif,Jowar,20156,37843,1.877505457
Tamil Nadu,THENI,1998,Kharif,Maize,7039,14191,2.016053417
Tamil Nadu,THENI,1998,Kharif,Moong(Green Gram),4544,2167,0.476892606
Tamil Nadu,THENI,1998,Kharif,Pulses total,17264,8746,0.506603336
Tamil Nadu,THENI,1998,Kharif,Ragi,146,346,2.369863014
Tamil Nadu,THENI,1998,Kharif,Rice,21747,75580,3.475421897
Tamil Nadu,THENI,1998,Kharif,Sesamum,3094,1361,0.439883646
Tamil Nadu,THENI,1998,Kharif,Small millets,500,100,0.2
Tamil Nadu,THENI,1998,Kharif,Sunflower,3439,3380,0.98284385
Tamil Nadu,THENI,1998,Kharif,Total foodgrain,73434,14915,0.203107552
Tamil Nadu,THENI,1998,Kharif,Urad,2015,985,0.488833747
Tamil Nadu,THENI,1998,Whole Year,Banana,2377,159573,67.13209928
Tamil Nadu,THENI,1998,Whole Year,Cardamom,1207,55,0.045567523
Tamil Nadu,THENI,1998,Whole Year,Cashewnut,1511,308,0.203838518
Tamil Nadu,THENI,1998,Whole Year,Castor seed,575,110,0.191304348
Tamil Nadu,THENI,1998,Whole Year,Coriander,73,22,0.301369863
Tamil Nadu,THENI,1998,Whole Year,Dry chillies,385,231,0.6
Tamil Nadu,THENI,1998,Whole Year,Onion,1583,12333,7.790903348
Tamil Nadu,THENI,1998,Whole Year,Sugarcane,16133,3617820,224.2496746
Tamil Nadu,THENI,1998,Whole Year,Sweet potato,5,86,17.2
Tamil Nadu,THENI,1998,Whole Year,Tapioca,41,1523,37.14634146
Tamil Nadu,THENI,1998,Whole Year,Tobacco,21,46,2.19047619
Tamil Nadu,THENI,1999,Kharif,Arhar/Tur,2607,1803,0.69159954
Tamil Nadu,THENI,1999,Kharif,Bajra,10925,16493,1.509656751
Tamil Nadu,THENI,1999,Kharif,Castor seed,606,187,0.308580858
Tamil Nadu,THENI,1999,Kharif,Cotton(lint),5847,10195,1.743629212
Tamil Nadu,THENI,1999,Kharif,Dry ginger,1,26,26
Tamil Nadu,THENI,1999,Kharif,Groundnut,9808,21906,2.233482871
Tamil Nadu,THENI,1999,Kharif,Horse-gram,2382,1043,0.437867338
Tamil Nadu,THENI,1999,Kharif,Jowar,14855,24680,1.66139347
Tamil Nadu,THENI,1999,Kharif,Korra,101,25,0.247524752
Tamil Nadu,THENI,1999,Kharif,Maize,16589,26701,1.609560552
Tamil Nadu,THENI,1999,Kharif,Moong(Green Gram),3175,1724,0.542992126
Tamil Nadu,THENI,1999,Kharif,Ragi,544,877,1.612132353
Tamil Nadu,THENI,1999,Kharif,Rice,20706,78300,3.781512605
Tamil Nadu,THENI,1999,Kharif,Sesamum,3190,1548,0.485266458
Tamil Nadu,THENI,1999,Kharif,Sunflower,2608,3392,1.300613497
Tamil Nadu,THENI,1999,Kharif,Urad,2424,1256,0.518151815
Tamil Nadu,THENI,1999,Kharif,Varagu,263,234,0.88973384
Tamil Nadu,THENI,1999,Rabi,Samai,3112,2942,0.945372751
Tamil Nadu,THENI,1999,Whole Year,Banana,1970,34600,17.56345178
Tamil Nadu,THENI,1999,Whole Year,Black pepper,12,3,0.25
Tamil Nadu,THENI,1999,Whole Year,Cardamom,112,11,0.098214286
Tamil Nadu,THENI,1999,Whole Year,Cashewnut,1547,453,0.292824822
Tamil Nadu,THENI,1999,Whole Year,Coriander,47,11,0.234042553
Tamil Nadu,THENI,1999,Whole Year,Dry chillies,420,330,0.785714286
Tamil Nadu,THENI,1999,Whole Year,Guar seed,13515,150984,11.17158713
Tamil Nadu,THENI,1999,Whole Year,Onion,882,6222,7.054421769
Tamil Nadu,THENI,1999,Whole Year,Sugarcane,13515,1622842,120.0770995
Tamil Nadu,THENI,1999,Whole Year,Tapioca,19,674,35.47368421
Tamil Nadu,THENI,1999,Whole Year,Tobacco,10,16,1.6
Tamil Nadu,THENI,1999,Whole Year,Turmeric,10,56,5.6
Tamil Nadu,THENI,2000,Kharif,Arhar/Tur,2216,1532,0.69133574
Tamil Nadu,THENI,2000,Kharif,Bajra,7865,13454,1.710616656
Tamil Nadu,THENI,2000,Kharif,Castor seed,1031,319,0.309408341
Tamil Nadu,THENI,2000,Kharif,Cotton(lint),9531,17666,1.853530584
Tamil Nadu,THENI,2000,Kharif,Groundnut,8402,16586,1.974053797
Tamil Nadu,THENI,2000,Kharif,Horse-gram,1234,538,0.435980551
Tamil Nadu,THENI,2000,Kharif,Jowar,16000,23530,1.470625
Tamil Nadu,THENI,2000,Kharif,Maize,15112,24324,1.609581789
Tamil Nadu,THENI,2000,Kharif,Moong(Green Gram),4600,2148,0.466956522
Tamil Nadu,THENI,2000,Kharif,Other Cereals & Millets,2501,2217,0.886445422
Tamil Nadu,THENI,2000,Kharif,Other Kharif pulses,11438,1974,0.172582619
Tamil Nadu,THENI,2000,Kharif,Ragi,336,573,1.705357143
Tamil Nadu,THENI,2000,Kharif,Rice,20885,75835,3.631074934
Tamil Nadu,THENI,2000,Kharif,Sesamum,3029,1365,0.450643777
Tamil Nadu,THENI,2000,Kharif,Sunflower,1693,2275,1.343768458
Tamil Nadu,THENI,2000,Kharif,Urad,2376,1231,0.518097643
Tamil Nadu,THENI,2000,Whole Year,Banana,1530,26872,17.56339869
Tamil Nadu,THENI,2000,Whole Year,Black pepper,24,6,0.25
Tamil Nadu,THENI,2000,Whole Year,Cardamom,1222,116,0.09492635
Tamil Nadu,THENI,2000,Whole Year,Cashewnut,2175,836,0.384367816
Tamil Nadu,THENI,2000,Whole Year,Coriander,41,10,0.243902439
Tamil Nadu,THENI,2000,Whole Year,Dry chillies,265,220,0.830188679
Tamil Nadu,THENI,2000,Whole Year,Onion,894,6306,7.053691275
Tamil Nadu,THENI,2000,Whole Year,Potato,1,17,17
Tamil Nadu,THENI,2000,Whole Year,Sugarcane,12673,1569245,123.8258502
Tamil Nadu,THENI,2000,Whole Year,Tapioca,132,4684,35.48484848
Tamil Nadu,THENI,2000,Whole Year,Tobacco,7,11,1.571428571
Tamil Nadu,THENI,2000,Whole Year,Turmeric,1,5,5
Tamil Nadu,THENI,2001,Kharif,Arhar/Tur,2949,1740,0.590030519
Tamil Nadu,THENI,2001,Kharif,Bajra,4099,5930,1.446694316
Tamil Nadu,THENI,2001,Kharif,Cotton(lint),5438,7930,1.458256712
Tamil Nadu,THENI,2001,Kharif,Groundnut,6485,7980,1.230531997
Tamil Nadu,THENI,2001,Kharif,Jowar,9738,17050,1.750872869
Tamil Nadu,THENI,2001,Kharif,Moong(Green Gram),176,70,0.397727273
Tamil Nadu,THENI,2001,Kharif,Ragi,174,430,2.471264368
Tamil Nadu,THENI,2001,Kharif,Rice,17422,77880,4.470210079
Tamil Nadu,THENI,2001,Kharif,Sesamum,832,270,0.324519231
Tamil Nadu,THENI,2001,Kharif,Sunflower,186,240,1.290322581
Tamil Nadu,THENI,2001,Kharif,Urad,289,110,0.380622837
Tamil Nadu,THENI,2001,Whole Year,Sugarcane,10790,1711000,158.5727525
Tamil Nadu,THENI,2002,Kharif,Arhar/Tur,2619,3842,1.466972127
Tamil Nadu,THENI,2002,Kharif,Bajra,4860,4137,0.851234568
Tamil Nadu,THENI,2002,Kharif,Castor seed,75,14,0.186666667
Tamil Nadu,THENI,2002,Kharif,Cotton(lint),3033,4626,1.525222552
Tamil Nadu,THENI,2002,Kharif,Groundnut,4380,3827,0.873744292
Tamil Nadu,THENI,2002,Kharif,Horse-gram,389,99,0.254498715
Tamil Nadu,THENI,2002,Kharif,Jowar,11240,15308,1.361921708
Tamil Nadu,THENI,2002,Kharif,Korra,37,16,0.432432432
Tamil Nadu,THENI,2002,Kharif,Maize,7154,14355,2.006569751
Tamil Nadu,THENI,2002,Kharif,Moong(Green Gram),129,55,0.426356589
Tamil Nadu,THENI,2002,Kharif,Other Kharif pulses,4185,725,0.173237754
Tamil Nadu,THENI,2002,Kharif,Ragi,175,304,1.737142857
Tamil Nadu,THENI,2002,Kharif,Rice,13783,54953,3.987012987
Tamil Nadu,THENI,2002,Kharif,Samai,199,144,0.72361809
Tamil Nadu,THENI,2002,Kharif,Sesamum,511,166,0.324853229
Tamil Nadu,THENI,2002,Kharif,Small millets,30,17,0.566666667
Tamil Nadu,THENI,2002,Kharif,Sunflower,152,131,0.861842105
Tamil Nadu,THENI,2002,Kharif,Urad,250,100,0.4
Tamil Nadu,THENI,2002,Kharif,Varagu,1,1,1
Tamil Nadu,THENI,2002,Whole Year,Arecanut,20,,
Tamil Nadu,THENI,2002,Whole Year,Ash Gourd,17,0,0
Tamil Nadu,THENI,2002,Whole Year,Banana,3702,136800,36.95299838
Tamil Nadu,THENI,2002,Whole Year,Beans & Mutter(Vegetable),300,0,0
Tamil Nadu,THENI,2002,Whole Year,Beet Root,251,0,0
Tamil Nadu,THENI,2002,Whole Year,Bhindi,132,983,7.446969697
Tamil Nadu,THENI,2002,Whole Year,Bitter Gourd,16,0,0
Tamil Nadu,THENI,2002,Whole Year,Bottle Gourd,1,0,0
Tamil Nadu,THENI,2002,Whole Year,Brinjal,412,2349,5.701456311
Tamil Nadu,THENI,2002,Whole Year,Cabbage,79,4637,58.69620253
Tamil Nadu,THENI,2002,Whole Year,Cashewnut,4045,1223,0.302348578
Tamil Nadu,THENI,2002,Whole Year,Cauliflower,24,0,0
Tamil Nadu,THENI,2002,Whole Year,Citrus Fruit,223,247,1.107623318
Tamil Nadu,THENI,2002,Whole Year,Coconut,14284,141100,9.878185382
Tamil Nadu,THENI,2002,Whole Year,Coriander,7,1,0.142857143
Tamil Nadu,THENI,2002,Whole Year,Cucumber,24,0,0
Tamil Nadu,THENI,2002,Whole Year,Drum Stick,633,0,0
Tamil Nadu,THENI,2002,Whole Year,Dry chillies,173,103,0.595375723
Tamil Nadu,THENI,2002,Whole Year,Grapes,1585,21435,13.52365931
Tamil Nadu,THENI,2002,Whole Year,Jack Fruit,62,702,11.32258065
Tamil Nadu,THENI,2002,Whole Year,Lab-Lab,27,0,0
Tamil Nadu,THENI,2002,Whole Year,Mango,8160,102754,12.59240196
Tamil Nadu,THENI,2002,Whole Year,Onion,250,2115,8.46
Tamil Nadu,THENI,2002,Whole Year,Orange,50,77,1.54
Tamil Nadu,THENI,2002,Whole Year,Other Citrus Fruit,110,0,0
Tamil Nadu,THENI,2002,Whole Year,Other Fresh Fruits,289,0,0
Tamil Nadu,THENI,2002,Whole Year,Other Vegetables,55,0,0
Tamil Nadu,THENI,2002,Whole Year,Papaya,14,0,0
Tamil Nadu,THENI,2002,Whole Year,Pome Fruit,319,1669,5.231974922
Tamil Nadu,THENI,2002,Whole Year,Pome Granet,12,0,0
Tamil Nadu,THENI,2002,Whole Year,Pump Kin,28,0,0
Tamil Nadu,THENI,2002,Whole Year,Ribed Guard,6,0,0
Tamil Nadu,THENI,2002,Whole Year,Snak Guard,11,0,0
Tamil Nadu,THENI,2002,Whole Year,Sugarcane,10590,878040,82.9121813
Tamil Nadu,THENI,2002,Whole Year,Sweet potato,2,27,13.5
Tamil Nadu,THENI,2002,Whole Year,Tapioca,28,885,31.60714286
Tamil Nadu,THENI,2002,Whole Year,Tobacco,68,150,2.205882353
Tamil Nadu,THENI,2002,Whole Year,Tomato,2744,39314,14.32725948
Tamil Nadu,THENI,2002,Whole Year,Turmeric,8,30,3.75
Tamil Nadu,THENI,2002,Whole Year,Water Melon,5,0,0
Tamil Nadu,THENI,2002,Whole Year,Yam,3,0,0
Tamil Nadu,THENI,2003,Kharif,Arhar/Tur,2146,3006,1.400745573
Tamil Nadu,THENI,2003,Kharif,Bajra,6846,3028,0.442302074
Tamil Nadu,THENI,2003,Kharif,Castor seed,70,13,0.185714286
Tamil Nadu,THENI,2003,Kharif,Cotton(lint),3290,5761,1.75106383
Tamil Nadu,THENI,2003,Kharif,Groundnut,2999,3608,1.203067689
Tamil Nadu,THENI,2003,Kharif,Horse-gram,599,160,0.267111853
Tamil Nadu,THENI,2003,Kharif,Jowar,12455,7508,0.602810116
Tamil Nadu,THENI,2003,Kharif,Korra,15,7,0.466666667
Tamil Nadu,THENI,2003,Kharif,Maize,6557,13145,2.004727772
Tamil Nadu,THENI,2003,Kharif,Moong(Green Gram),178,76,0.426966292
Tamil Nadu,THENI,2003,Kharif,Other Kharif pulses,4601,797,0.173223212
Tamil Nadu,THENI,2003,Kharif,Ragi,104,183,1.759615385
Tamil Nadu,THENI,2003,Kharif,Rice,14228,55234,3.882063537
Tamil Nadu,THENI,2003,Kharif,Sesamum,526,172,0.326996198
Tamil Nadu,THENI,2003,Kharif,Small millets,135,2126,15.74814815
Tamil Nadu,THENI,2003,Kharif,Sunflower,135,175,1.296296296
Tamil Nadu,THENI,2003,Kharif,Urad,274,112,0.408759124
Tamil Nadu,THENI,2003,Rabi,Gram,1,1,1
Tamil Nadu,THENI,2003,Whole Year,Arecanut,29,,
Tamil Nadu,THENI,2003,Whole Year,Ash Gourd,1,0,0
Tamil Nadu,THENI,2003,Whole Year,Banana,2592,91692,35.375
Tamil Nadu,THENI,2003,Whole Year,Beans & Mutter(Vegetable),355,0,0
Tamil Nadu,THENI,2003,Whole Year,Beet Root,203,0,0
Tamil Nadu,THENI,2003,Whole Year,Bhindi,127,890,7.007874016
Tamil Nadu,THENI,2003,Whole Year,Bitter Gourd,14,0,0
Tamil Nadu,THENI,2003,Whole Year,Black pepper,63,16,0.253968254
Tamil Nadu,THENI,2003,Whole Year,Bottle Gourd,2,0,0
Tamil Nadu,THENI,2003,Whole Year,Brinjal,453,7879,17.39293598
Tamil Nadu,THENI,2003,Whole Year,Cabbage,112,7119,63.5625
Tamil Nadu,THENI,2003,Whole Year,Cardamom,1418,136,0.095909732
Tamil Nadu,THENI,2003,Whole Year,Cashewnut,4385,1514,0.345267959
Tamil Nadu,THENI,2003,Whole Year,Cauliflower,52,0,0
Tamil Nadu,THENI,2003,Whole Year,Citrus Fruit,216,226,1.046296296
Tamil Nadu,THENI,2003,Whole Year,Coconut,14466,181400,12.53974838
Tamil Nadu,THENI,2003,Whole Year,Coriander,10,3,0.3
Tamil Nadu,THENI,2003,Whole Year,Cucumber,38,0,0
Tamil Nadu,THENI,2003,Whole Year,Drum Stick,737,0,0
Tamil Nadu,THENI,2003,Whole Year,Dry chillies,127,68,0.535433071
Tamil Nadu,THENI,2003,Whole Year,Grapes,1708,49199,28.80503513
Tamil Nadu,THENI,2003,Whole Year,Jack Fruit,50,483,9.66
Tamil Nadu,THENI,2003,Whole Year,Lab-Lab,19,0,0
Tamil Nadu,THENI,2003,Whole Year,Mango,8266,43877,5.308129688
Tamil Nadu,THENI,2003,Whole Year,Onion,360,3242,9.005555556
Tamil Nadu,THENI,2003,Whole Year,Orange,43,84,1.953488372
Tamil Nadu,THENI,2003,Whole Year,Other Citrus Fruit,119,0,0
Tamil Nadu,THENI,2003,Whole Year,Other Fresh Fruits,359,0,0
Tamil Nadu,THENI,2003,Whole Year,Other Vegetables,45,0,0
Tamil Nadu,THENI,2003,Whole Year,Papaya,8,0,0
Tamil Nadu,THENI,2003,Whole Year,Plums,1,0,0
Tamil Nadu,THENI,2003,Whole Year,Pome Fruit,267,1875,7.02247191
Tamil Nadu,THENI,2003,Whole Year,Pome Granet,13,0,0
Tamil Nadu,THENI,2003,Whole Year,Pump Kin,5,0,0
Tamil Nadu,THENI,2003,Whole Year,Redish,1,0,0
Tamil Nadu,THENI,2003,Whole Year,Ribed Guard,1,0,0
Tamil Nadu,THENI,2003,Whole Year,Snak Guard,10,0,0
Tamil Nadu,THENI,2003,Whole Year,Sugarcane,6988,692993,99.16900401
Tamil Nadu,THENI,2003,Whole Year,Tapioca,8,270,33.75
Tamil Nadu,THENI,2003,Whole Year,Tomato,2366,25289,10.6885038
Tamil Nadu,THENI,2003,Whole Year,Turmeric,6,25,4.166666667
Tamil Nadu,THENI,2003,Whole Year,Water Melon,25,0,0
Tamil Nadu,THENI,2004,Kharif,Arhar/Tur,2975,3256,1.094453782
Tamil Nadu,THENI,2004,Kharif,Bajra,5338,8010,1.500562008
Tamil Nadu,THENI,2004,Kharif,Castor seed,77,14,0.181818182
Tamil Nadu,THENI,2004,Kharif,Cotton(lint),5137,7106,1.383297645
Tamil Nadu,THENI,2004,Kharif,Groundnut,2599,6208,2.388611004
Tamil Nadu,THENI,2004,Kharif,Horse-gram,626,186,0.297124601
Tamil Nadu,THENI,2004,Kharif,Jowar,14238,22045,1.548321393
Tamil Nadu,THENI,2004,Kharif,Maize,6172,12377,2.005346727
Tamil Nadu,THENI,2004,Kharif,Moong(Green Gram),164,65,0.396341463
Tamil Nadu,THENI,2004,Kharif,Other Kharif pulses,5117,887,0.173343756
Tamil Nadu,THENI,2004,Kharif,Ragi,74,123,1.662162162
Tamil Nadu,THENI,2004,Kharif,Rice,16635,67094,4.033303276
Tamil Nadu,THENI,2004,Kharif,Sesamum,415,147,0.354216867
Tamil Nadu,THENI,2004,Kharif,Small millets,170,156,0.917647059
Tamil Nadu,THENI,2004,Kharif,Sunflower,180,171,0.95
Tamil Nadu,THENI,2004,Kharif,Urad,185,68,0.367567568
Tamil Nadu,THENI,2004,Whole Year,Arecanut,31,66,2.129032258
Tamil Nadu,THENI,2004,Whole Year,Banana,2842,120720,42.47712878
Tamil Nadu,THENI,2004,Whole Year,Cardamom,1499,143,0.095396931
Tamil Nadu,THENI,2004,Whole Year,Cashewnut,4840,1246,0.257438017
Tamil Nadu,THENI,2004,Whole Year,Coconut,14903,231500,15.53378514
Tamil Nadu,THENI,2004,Whole Year,Coriander,19,8,0.421052632
Tamil Nadu,THENI,2004,Whole Year,Dry chillies,193,129,0.668393782
Tamil Nadu,THENI,2004,Whole Year,Onion,409,3958,9.677261614
Tamil Nadu,THENI,2004,Whole Year,Sugarcane,5940,723302,121.7680135
Tamil Nadu,THENI,2004,Whole Year,Sweet potato,1,15,15
Tamil Nadu,THENI,2004,Whole Year,Tapioca,9,371,41.22222222
Tamil Nadu,THENI,2004,Whole Year,Turmeric,1,5,5
Tamil Nadu,THENI,2005,Kharif,Arhar/Tur,2907,3246,1.116615067
Tamil Nadu,THENI,2005,Kharif,Bajra,3897,5897,1.513215294
Tamil Nadu,THENI,2005,Kharif,Castor seed,99,19,0.191919192
Tamil Nadu,THENI,2005,Kharif,Cotton(lint),2454,2958,1.205378973
Tamil Nadu,THENI,2005,Kharif,Groundnut,2534,4593,1.812549329
Tamil Nadu,THENI,2005,Kharif,Horse-gram,315,115,0.365079365
Tamil Nadu,THENI,2005,Kharif,Jowar,13910,27866,2.003306973
Tamil Nadu,THENI,2005,Kharif,Maize,6650,,
Tamil Nadu,THENI,2005,Kharif,Moong(Green Gram),129,43,0.333333333
Tamil Nadu,THENI,2005,Kharif,Other Kharif pulses,4900,785,0.160204082
Tamil Nadu,THENI,2005,Kharif,Ragi,70,108,1.542857143
Tamil Nadu,THENI,2005,Kharif,Rice,15694,65285,4.159870014
Tamil Nadu,THENI,2005,Kharif,Sesamum,599,305,0.50918197
Tamil Nadu,THENI,2005,Kharif,Small millets,116,80,0.689655172
Tamil Nadu,THENI,2005,Kharif,Sunflower,107,57,0.53271028
Tamil Nadu,THENI,2005,Kharif,Urad,207,68,0.328502415
Tamil Nadu,THENI,2005,Whole Year,Arecanut,31,30,0.967741935
Tamil Nadu,THENI,2005,Whole Year,Banana,3328,163420,49.10456731
Tamil Nadu,THENI,2005,Whole Year,Black pepper,67,17,0.253731343
Tamil Nadu,THENI,2005,Whole Year,Cardamom,1516,146,0.096306069
Tamil Nadu,THENI,2005,Whole Year,Cashewnut,5520,1413,0.255978261
Tamil Nadu,THENI,2005,Whole Year,Coconut,15342,3949,0.257397992
Tamil Nadu,THENI,2005,Whole Year,Coriander,23,7,0.304347826
Tamil Nadu,THENI,2005,Whole Year,Dry chillies,140,91,0.65
Tamil Nadu,THENI,2005,Whole Year,Onion,478,3831,8.014644351
Tamil Nadu,THENI,2005,Whole Year,Sugarcane,7510,1105908,147.2580559
Tamil Nadu,THENI,2005,Whole Year,Sweet potato,5,104,20.8
Tamil Nadu,THENI,2005,Whole Year,Tapioca,17,650,38.23529412
Tamil Nadu,THENI,2005,Whole Year,Tobacco,29,64,2.206896552
Tamil Nadu,THENI,2005,Whole Year,Turmeric,1,6,6
Tamil Nadu,THENI,2006,Kharif,Rice,14915,64209,4.304994972
Tamil Nadu,THENI,2006,Kharif,Small millets,8188,86,0.010503175
Tamil Nadu,THENI,2006,Whole Year,Arecanut,79,60,0.759493671
Tamil Nadu,THENI,2006,Whole Year,Arhar/Tur,1873,2657,1.418579818
Tamil Nadu,THENI,2006,Whole Year,Bajra,3128,6640,2.122762148
Tamil Nadu,THENI,2006,Whole Year,Banana,4102,219802,53.58410531
Tamil Nadu,THENI,2006,Whole Year,Black pepper,64,17,0.265625
Tamil Nadu,THENI,2006,Whole Year,Cardamom,1494,143,0.095716198
Tamil Nadu,THENI,2006,Whole Year,Cashewnut,5568,2614,0.469468391
Tamil Nadu,THENI,2006,Whole Year,Castor seed,85,16,0.188235294
Tamil Nadu,THENI,2006,Whole Year,Coconut,15935,2704,0.169689363
Tamil Nadu,THENI,2006,Whole Year,Coriander,31,10,0.322580645
Tamil Nadu,THENI,2006,Whole Year,Cotton(lint),1860,5255,2.825268817
Tamil Nadu,THENI,2006,Whole Year,Dry chillies,117,81,0.692307692
Tamil Nadu,THENI,2006,Whole Year,Groundnut,2037,4377,2.148748159
Tamil Nadu,THENI,2006,Whole Year,Horse-gram,507,297,0.585798817
Tamil Nadu,THENI,2006,Whole Year,Jowar,11998,27514,2.293215536
Tamil Nadu,THENI,2006,Whole Year,Maize,9164,50454,5.505674378
Tamil Nadu,THENI,2006,Whole Year,Moong(Green Gram),292,169,0.578767123
Tamil Nadu,THENI,2006,Whole Year,Onion,463,4043,8.732181425
Tamil Nadu,THENI,2006,Whole Year,Ragi,93,148,1.591397849
Tamil Nadu,THENI,2006,Whole Year,Sesamum,667,507,0.76011994
Tamil Nadu,THENI,2006,Whole Year,Sugarcane,9055,1042004,115.0749862
Tamil Nadu,THENI,2006,Whole Year,Sunflower,74,135,1.824324324
Tamil Nadu,THENI,2006,Whole Year,Sweet potato,2,34,17
Tamil Nadu,THENI,2006,Whole Year,Tapioca,28,1130,40.35714286
Tamil Nadu,THENI,2006,Whole Year,Tobacco,21,46,2.19047619
Tamil Nadu,THENI,2006,Whole Year,Urad,359,205,0.571030641
Tamil Nadu,THENI,2007,Kharif,Rice,14400,61662,4.282083333
Tamil Nadu,THENI,2007,Kharif,Small millets,72,71,0.986111111
Tamil Nadu,THENI,2007,Whole Year,Arecanut,30,52,1.733333333
Tamil Nadu,THENI,2007,Whole Year,Arhar/Tur,2083,2452,1.177148344
Tamil Nadu,THENI,2007,Whole Year,Bajra,2840,4859,1.710915493
Tamil Nadu,THENI,2007,Whole Year,Banana,4577,194517,42.49879834
Tamil Nadu,THENI,2007,Whole Year,Black pepper,71,19,0.267605634
Tamil Nadu,THENI,2007,Whole Year,Cardamom,1484,142,0.095687332
Tamil Nadu,THENI,2007,Whole Year,Cashewnut,5818,3138,0.539360605
Tamil Nadu,THENI,2007,Whole Year,Castor seed,111,21,0.189189189
Tamil Nadu,THENI,2007,Whole Year,Coconut,16576,2425,0.146295849
Tamil Nadu,THENI,2007,Whole Year,Coriander,38,15,0.394736842
Tamil Nadu,THENI,2007,Whole Year,Cotton(lint),1364,3570,2.617302053
Tamil Nadu,THENI,2007,Whole Year,Dry chillies,189,96,0.507936508
Tamil Nadu,THENI,2007,Whole Year,Groundnut,1899,3743,1.971037388
Tamil Nadu,THENI,2007,Whole Year,Horse-gram,283,125,0.441696113
Tamil Nadu,THENI,2007,Whole Year,Jowar,13005,28738,2.209765475
Tamil Nadu,THENI,2007,Whole Year,Maize,8665,47376,5.467512983
Tamil Nadu,THENI,2007,Whole Year,Moong(Green Gram),253,74,0.292490119
Tamil Nadu,THENI,2007,Whole Year,Onion,558,5376,9.634408602
Tamil Nadu,THENI,2007,Whole Year,Ragi,34,73,2.147058824
Tamil Nadu,THENI,2007,Whole Year,Sesamum,604,262,0.433774834
Tamil Nadu,THENI,2007,Whole Year,Small millets,73,71,0.97260274
Tamil Nadu,THENI,2007,Whole Year,Sugarcane,7658,769797,100.5219378
Tamil Nadu,THENI,2007,Whole Year,Sunflower,100,159,1.59
Tamil Nadu,THENI,2007,Whole Year,Tapioca,60,2532,42.2
Tamil Nadu,THENI,2007,Whole Year,Tobacco,21,46,2.19047619
Tamil Nadu,THENI,2007,Whole Year,Urad,330,86,0.260606061
Tamil Nadu,THENI,2008,Kharif,Rice,15579,80292,5.153860967
Tamil Nadu,THENI,2008,Kharif,Small millets,2520,23,0.009126984
Tamil Nadu,THENI,2008,Whole Year,Arecanut,33,51,1.545454545
Tamil Nadu,THENI,2008,Whole Year,Arhar/Tur,1598,1065,0.666458073
Tamil Nadu,THENI,2008,Whole Year,Bajra,2655,4571,1.72165725
Tamil Nadu,THENI,2008,Whole Year,Banana,4846,432852,89.32150227
Tamil Nadu,THENI,2008,Whole Year,Black pepper,73,19,0.260273973
Tamil Nadu,THENI,2008,Whole Year,Cardamom,1491,143,0.095908786
Tamil Nadu,THENI,2008,Whole Year,Cashewnut,5923,2855,0.482019247
Tamil Nadu,THENI,2008,Whole Year,Castor seed,157,30,0.191082803
Tamil Nadu,THENI,2008,Whole Year,Coconut,16999,2595000,152.6560386
Tamil Nadu,THENI,2008,Whole Year,Coriander,30,10,0.333333333
Tamil Nadu,THENI,2008,Whole Year,Cotton(lint),1181,3725,3.154106689
Tamil Nadu,THENI,2008,Whole Year,Dry chillies,341,172,0.504398827
Tamil Nadu,THENI,2008,Whole Year,Gram,21,5,0.238095238
Tamil Nadu,THENI,2008,Whole Year,Groundnut,2459,4410,1.793411956
Tamil Nadu,THENI,2008,Whole Year,Horse-gram,247,116,0.469635628
Tamil Nadu,THENI,2008,Whole Year,Jowar,11072,26011,2.349259393
Tamil Nadu,THENI,2008,Whole Year,Maize,16306,99743,6.116950816
Tamil Nadu,THENI,2008,Whole Year,Moong(Green Gram),280,63,0.225
Tamil Nadu,THENI,2008,Whole Year,Onion,373,3536,9.479892761
Tamil Nadu,THENI,2008,Whole Year,Ragi,33,72,2.181818182
Tamil Nadu,THENI,2008,Whole Year,Sesamum,836,357,0.427033493
Tamil Nadu,THENI,2008,Whole Year,Small millets,29,23,0.793103448
Tamil Nadu,THENI,2008,Whole Year,Sugarcane,6366,852350,133.8909833
Tamil Nadu,THENI,2008,Whole Year,Sunflower,136,181,1.330882353
Tamil Nadu,THENI,2008,Whole Year,Tapioca,115,4194,36.46956522
Tamil Nadu,THENI,2008,Whole Year,Tobacco,13,29,2.230769231
Tamil Nadu,THENI,2008,Whole Year,Turmeric,3,17,5.666666667
Tamil Nadu,THENI,2008,Whole Year,Urad,325,102,0.313846154
Tamil Nadu,THENI,2009,Kharif,Rice,15371,77710,5.055624227
Tamil Nadu,THENI,2009,Kharif,Small millets,24,19,0.791666667
Tamil Nadu,THENI,2009,Whole Year,Arecanut,30,48,1.6
Tamil Nadu,THENI,2009,Whole Year,Arhar/Tur,1647,3248,1.972070431
Tamil Nadu,THENI,2009,Whole Year,Bajra,3423,8738,2.552731522
Tamil Nadu,THENI,2009,Whole Year,Banana,5779,449406,77.76535733
Tamil Nadu,THENI,2009,Whole Year,Black pepper,72,21,0.291666667
Tamil Nadu,THENI,2009,Whole Year,Cardamom,1509,145,0.096090126
Tamil Nadu,THENI,2009,Whole Year,Cashewnut,5953,3000,0.503947589
Tamil Nadu,THENI,2009,Whole Year,Castor seed,110,21,0.190909091
Tamil Nadu,THENI,2009,Whole Year,Coconut,18173,394200,21.69152039
Tamil Nadu,THENI,2009,Whole Year,Coriander,63,25,0.396825397
Tamil Nadu,THENI,2009,Whole Year,Cotton(lint),865,4322,4.996531792
Tamil Nadu,THENI,2009,Whole Year,Dry chillies,415,222,0.534939759
Tamil Nadu,THENI,2009,Whole Year,Gram,18,5,0.277777778
Tamil Nadu,THENI,2009,Whole Year,Groundnut,1864,4095,2.196888412
Tamil Nadu,THENI,2009,Whole Year,Horse-gram,211,97,0.45971564
Tamil Nadu,THENI,2009,Whole Year,Jowar,9796,27323,2.789199673
Tamil Nadu,THENI,2009,Whole Year,Maize,11655,67134,5.76010296
Tamil Nadu,THENI,2009,Whole Year,Moong(Green Gram),566,195,0.344522968
Tamil Nadu,THENI,2009,Whole Year,Onion,528,4366,8.268939394
Tamil Nadu,THENI,2009,Whole Year,Potato,2,37,18.5
Tamil Nadu,THENI,2009,Whole Year,Ragi,115,259,2.252173913
Tamil Nadu,THENI,2009,Whole Year,Sesamum,816,374,0.458333333
Tamil Nadu,THENI,2009,Whole Year,Sugarcane,5551,725312,130.6633039
Tamil Nadu,THENI,2009,Whole Year,Sunflower,56,74,1.321428571
Tamil Nadu,THENI,2009,Whole Year,Sweet potato,1,15,15
Tamil Nadu,THENI,2009,Whole Year,Tapioca,284,9789,34.46830986
Tamil Nadu,THENI,2009,Whole Year,Tobacco,10,22,2.2
Tamil Nadu,THENI,2009,Whole Year,Turmeric,13,66,5.076923077
Tamil Nadu,THENI,2009,Whole Year,Urad,198,75,0.378787879
Tamil Nadu,THENI,2010,Kharif,Arhar/Tur,1560,2521,1.616025641
Tamil Nadu,THENI,2010,Kharif,Castor seed,104,22,0.211538462
Tamil Nadu,THENI,2010,Kharif,Cotton(lint),1456,5907,4.057005495
Tamil Nadu,THENI,2010,Kharif,Groundnut,2616,4985,1.90558104
Tamil Nadu,THENI,2010,Kharif,Horse-gram,358,180,0.502793296
Tamil Nadu,THENI,2010,Kharif,Maize,9006,58382,6.482567177
Tamil Nadu,THENI,2010,Kharif,Moong(Green Gram),673,296,0.439821694
Tamil Nadu,THENI,2010,Kharif,Ragi,44,96,2.181818182
Tamil Nadu,THENI,2010,Kharif,Rice,15355,74010,4.819928362
Tamil Nadu,THENI,2010,Kharif,Sunflower,125,151,1.208
Tamil Nadu,THENI,2010,Kharif,Urad,289,140,0.484429066
Tamil Nadu,THENI,2010,Rabi,Gram,50,13,0.26
Tamil Nadu,THENI,2010,Whole Year,Sugarcane,5979,715878,119.7320622
Tamil Nadu,THENI,2011,Kharif,Bajra,1381,4174,3.022447502
Tamil Nadu,THENI,2011,Kharif,Cotton(lint),1023,4728,4.62170088
Tamil Nadu,THENI,2011,Kharif,Groundnut,1917,4222,2.202399583
Tamil Nadu,THENI,2011,Kharif,Jowar,6007,18365,3.057266522
Tamil Nadu,THENI,2011,Kharif,Maize,6866,46306,6.744247014
Tamil Nadu,THENI,2011,Kharif,Ragi,32,84,2.625
Tamil Nadu,THENI,2011,Kharif,Rice,14735,79132,5.370342721
Tamil Nadu,THENI,2011,Rabi,Bajra,1956,3316,1.695296524
Tamil Nadu,THENI,2011,Rabi,Cotton(lint),562,1546,2.75088968
Tamil Nadu,THENI,2011,Rabi,Groundnut,369,1384,3.750677507
Tamil Nadu,THENI,2011,Rabi,Jowar,3670,14295,3.895095368
Tamil Nadu,THENI,2011,Rabi,Maize,4906,29845,6.083367305
Tamil Nadu,THENI,2011,Rabi,Ragi,2,6,3
Tamil Nadu,THENI,2011,Whole Year,Arecanut,32,36,1.125
Tamil Nadu,THENI,2011,Whole Year,Arhar/Tur,1710,2641,1.544444444
Tamil Nadu,THENI,2011,Whole Year,Banana,5767,453756,78.6814635
Tamil Nadu,THENI,2011,Whole Year,Black pepper,72,23,0.319444444
Tamil Nadu,THENI,2011,Whole Year,Cardamom,1501,144,0.095936043
Tamil Nadu,THENI,2011,Whole Year,Cashewnut,5520,5981,1.083514493
Tamil Nadu,THENI,2011,Whole Year,Castor seed,176,20,0.113636364
Tamil Nadu,THENI,2011,Whole Year,Coconut,19116,364900000,19088.72149
Tamil Nadu,THENI,2011,Whole Year,Coriander,82,38,0.463414634
Tamil Nadu,THENI,2011,Whole Year,Dry chillies,446,195,0.437219731
Tamil Nadu,THENI,2011,Whole Year,Gram,13,8,0.615384615
Tamil Nadu,THENI,2011,Whole Year,Horse-gram,804,433,0.538557214
Tamil Nadu,THENI,2011,Whole Year,Moong(Green Gram),1373,841,0.612527312
Tamil Nadu,THENI,2011,Whole Year,Onion,518,6213,11.99420849
Tamil Nadu,THENI,2011,Whole Year,Small millets,110,52,0.472727273
Tamil Nadu,THENI,2011,Whole Year,Sugarcane,7130,931905,130.7019635
Tamil Nadu,THENI,2011,Whole Year,Sunflower,73,133,1.821917808
Tamil Nadu,THENI,2011,Whole Year,Tapioca,1049,39508,37.66253575
Tamil Nadu,THENI,2011,Whole Year,Tobacco,3,9,3
Tamil Nadu,THENI,2011,Whole Year,Turmeric,70,384,5.485714286
Tamil Nadu,THENI,2011,Whole Year,Urad,810,609,0.751851852
Tamil Nadu,THENI,2012,Kharif,Arhar/Tur,1184,1083,0.914695946
Tamil Nadu,THENI,2012,Kharif,Castor seed,280,30.58,0.109214286
Tamil Nadu,THENI,2012,Kharif,Cotton(lint),1173,4789,4.082693947
Tamil Nadu,THENI,2012,Kharif,Groundnut,1740,9071,5.213218391
Tamil Nadu,THENI,2012,Kharif,Horse-gram,417,167,0.400479616
Tamil Nadu,THENI,2012,Kharif,Maize,9355,57910,6.190272582
Tamil Nadu,THENI,2012,Kharif,Moong(Green Gram),703,186,0.26458037
Tamil Nadu,THENI,2012,Kharif,Ragi,69,173,2.507246377
Tamil Nadu,THENI,2012,Kharif,Rice,10321,47635,4.61534735
Tamil Nadu,THENI,2012,Kharif,Sunflower,270,362,1.340740741
Tamil Nadu,THENI,2012,Kharif,Urad,748,409,0.546791444
Tamil Nadu,THENI,2012,Whole Year,Sugarcane,6408,806079,125.792603
Tamil Nadu,THENI,2013,Kharif,Bajra,504,1059,2.101190476
Tamil Nadu,THENI,2013,Kharif,Castor seed,165,75,0.454545455
Tamil Nadu,THENI,2013,Kharif,Cotton(lint),834,2455,2.943645084
Tamil Nadu,THENI,2013,Kharif,Groundnut,1392,2849,2.046695402
Tamil Nadu,THENI,2013,Kharif,Horse-gram,316,200,0.632911392
Tamil Nadu,THENI,2013,Kharif,Jowar,5447,10428,1.91444832
Tamil Nadu,THENI,2013,Kharif,Maize,5813,49848,8.575262343
Tamil Nadu,THENI,2013,Kharif,Moong(Green Gram),677,381,0.562776957
Tamil Nadu,THENI,2013,Kharif,Onion,525,6105,11.62857143
Tamil Nadu,THENI,2013,Kharif,Ragi,22,60,2.727272727
Tamil Nadu,THENI,2013,Kharif,Rice,12499,50813,4.065365229
Tamil Nadu,THENI,2013,Kharif,Sunflower,64,116,1.8125
Tamil Nadu,THENI,2013,Kharif,Urad,219,184,0.840182648
Tamil Nadu,THENI,2013,Rabi,Bajra,640,1761,2.7515625
Tamil Nadu,THENI,2013,Rabi,Cotton(lint),509,2329,4.575638507
Tamil Nadu,THENI,2013,Rabi,Groundnut,464,1684,3.629310345
Tamil Nadu,THENI,2013,Rabi,Horse-gram,28,18,0.642857143
Tamil Nadu,THENI,2013,Rabi,Jowar,2297,9040,3.935568132
Tamil Nadu,THENI,2013,Rabi,Maize,4770,41162,8.629350105
Tamil Nadu,THENI,2013,Rabi,Moong(Green Gram),310,250,0.806451613
Tamil Nadu,THENI,2013,Rabi,Onion,369,3125,8.468834688
Tamil Nadu,THENI,2013,Rabi,Ragi,80,317,3.9625
Tamil Nadu,THENI,2013,Rabi,Sunflower,2,2,1
Tamil Nadu,THENI,2013,Rabi,Urad,356,304,0.853932584
Tamil Nadu,THENI,2013,Whole Year,Arecanut,29,14,0.482758621
Tamil Nadu,THENI,2013,Whole Year,Arhar/Tur,2013,2728,1.355191257
Tamil Nadu,THENI,2013,Whole Year,Banana,5996,398454,66.4533022
Tamil Nadu,THENI,2013,Whole Year,Black pepper,64,19,0.296875
Tamil Nadu,THENI,2013,Whole Year,Cardamom,1391,134,0.096333573
Tamil Nadu,THENI,2013,Whole Year,Cashewnut,4729,1820,0.384859378
Tamil Nadu,THENI,2013,Whole Year,Coconut,19907,276700000,13899.63329
Tamil Nadu,THENI,2013,Whole Year,Coriander,122,42,0.344262295
Tamil Nadu,THENI,2013,Whole Year,Dry chillies,270,74,0.274074074
Tamil Nadu,THENI,2013,Whole Year,Small millets,36,57,1.583333333
Tamil Nadu,THENI,2013,Whole Year,Sugarcane,6425,672685,104.6980545
Tamil Nadu,THENI,2013,Whole Year,Tapioca,899,54123,60.20355951
Tamil Nadu,THENI,2013,Whole Year,Tobacco,5,11,2.2
Tamil Nadu,THENI,2013,Whole Year,Turmeric,18,66,3.666666667
Tamil Nadu,THIRUVALLUR,1997,Kharif,Banana,5582,115644,20.71730563
Tamil Nadu,THIRUVALLUR,1997,Kharif,Horse-gram,124,60,0.483870968
Tamil Nadu,THIRUVALLUR,1997,Kharif,Sesamum,1323,410,0.309901738
Tamil Nadu,THIRUVALLUR,1997,Whole Year,Arhar/Tur,493,250,0.507099391
Tamil Nadu,THIRUVALLUR,1997,Whole Year,Bajra,693,1380,1.991341991
Tamil Nadu,THIRUVALLUR,1997,Whole Year,Banana,1121,54080,48.2426405
Tamil Nadu,THIRUVALLUR,1997,Whole Year,Cashewnut,519,320,0.616570328
Tamil Nadu,THIRUVALLUR,1997,Whole Year,Dry chillies,1033,1130,1.093901258
Tamil Nadu,THIRUVALLUR,1997,Whole Year,Groundnut,33575,100550,2.994787789
Tamil Nadu,THIRUVALLUR,1997,Whole Year,Jowar,81,150,1.851851852
Tamil Nadu,THIRUVALLUR,1997,Whole Year,Moong(Green Gram),4516,3520,0.779450841
Tamil Nadu,THIRUVALLUR,1997,Whole Year,Pulses total,6775,4480,0.661254613
Tamil Nadu,THIRUVALLUR,1997,Whole Year,Ragi,1069,2980,2.787652011
Tamil Nadu,THIRUVALLUR,1997,Whole Year,Rice,111895,434770,3.885517673
Tamil Nadu,THIRUVALLUR,1997,Whole Year,Sugarcane,5964,11811000,1980.382294
Tamil Nadu,THIRUVALLUR,1997,Whole Year,Sunflower,224,200,0.892857143
Tamil Nadu,THIRUVALLUR,1997,Whole Year,Sweet potato,55,360,6.545454545
Tamil Nadu,THIRUVALLUR,1997,Whole Year,Tapioca,115,4320,37.56521739
Tamil Nadu,THIRUVALLUR,1997,Whole Year,Total foodgrain,120513,443760,3.682258346
Tamil Nadu,THIRUVALLUR,1997,Whole Year,Urad,1085,510,0.470046083
Tamil Nadu,THIRUVALLUR,1998,Kharif,Arhar/Tur,1033,893,0.86447241
Tamil Nadu,THIRUVALLUR,1998,Kharif,Bajra,1131,2491,2.202475685
Tamil Nadu,THIRUVALLUR,1998,Kharif,Groundnut,47636,158488,3.327063565
Tamil Nadu,THIRUVALLUR,1998,Kharif,Horse-gram,36,18,0.5
Tamil Nadu,THIRUVALLUR,1998,Kharif,Jowar,12,13,1.083333333
Tamil Nadu,THIRUVALLUR,1998,Kharif,Moong(Green Gram),11801,8591,0.727989153
Tamil Nadu,THIRUVALLUR,1998,Kharif,Pulses total,21789,13384,0.614254899
Tamil Nadu,THIRUVALLUR,1998,Kharif,Ragi,3079,8689,2.822020136
Tamil Nadu,THIRUVALLUR,1998,Kharif,Rice,140703,484861,3.445989069
Tamil Nadu,THIRUVALLUR,1998,Kharif,Sesamum,3917,1206,0.30788869
Tamil Nadu,THIRUVALLUR,1998,Kharif,Sunflower,112,110,0.982142857
Tamil Nadu,THIRUVALLUR,1998,Kharif,Total foodgrain,166737,50945,0.305541062
Tamil Nadu,THIRUVALLUR,1998,Kharif,Urad,6869,3359,0.489008589
Tamil Nadu,THIRUVALLUR,1998,Whole Year,Banana,747,28674,38.38554217
Tamil Nadu,THIRUVALLUR,1998,Whole Year,Cashewnut,206,42,0.203883495
Tamil Nadu,THIRUVALLUR,1998,Whole Year,Coriander,4,2,0.5
Tamil Nadu,THIRUVALLUR,1998,Whole Year,Dry chillies,791,475,0.600505689
Tamil Nadu,THIRUVALLUR,1998,Whole Year,Onion,1,8,8
Tamil Nadu,THIRUVALLUR,1998,Whole Year,Sugarcane,8284,1432090,172.8742154
Tamil Nadu,THIRUVALLUR,1998,Whole Year,Tapioca,31,1151,37.12903226
Tamil Nadu,THIRUVALLUR,1999,Kharif,Arhar/Tur,920,636,0.691304348
Tamil Nadu,THIRUVALLUR,1999,Kharif,Bajra,949,2430,2.560590095
Tamil Nadu,THIRUVALLUR,1999,Kharif,Groundnut,29050,81609,2.809259897
Tamil Nadu,THIRUVALLUR,1999,Kharif,Horse-gram,23,10,0.434782609
Tamil Nadu,THIRUVALLUR,1999,Kharif,Jowar,18,16,0.888888889
Tamil Nadu,THIRUVALLUR,1999,Kharif,Moong(Green Gram),9682,6013,0.62104937
Tamil Nadu,THIRUVALLUR,1999,Kharif,Ragi,1911,3980,2.082679226
Tamil Nadu,THIRUVALLUR,1999,Kharif,Rice,125321,467581,3.731066621
Tamil Nadu,THIRUVALLUR,1999,Kharif,Sesamum,3209,977,0.304456217
Tamil Nadu,THIRUVALLUR,1999,Kharif,Sunflower,14,14,1
Tamil Nadu,THIRUVALLUR,1999,Kharif,Urad,4793,2483,0.518047152
Tamil Nadu,THIRUVALLUR,1999,Whole Year,Banana,5582,115644,20.71730563
Tamil Nadu,THIRUVALLUR,1999,Whole Year,Cashewnut,107,31,0.289719626
Tamil Nadu,THIRUVALLUR,1999,Whole Year,Coriander,6,1,0.166666667
Tamil Nadu,THIRUVALLUR,1999,Whole Year,Dry chillies,754,992,1.315649867
Tamil Nadu,THIRUVALLUR,1999,Whole Year,Guar seed,11280,172358,15.27996454
Tamil Nadu,THIRUVALLUR,1999,Whole Year,Sannhamp,4,3,0.75
Tamil Nadu,THIRUVALLUR,1999,Whole Year,Sugarcane,11280,1361136,120.6680851
Tamil Nadu,THIRUVALLUR,1999,Whole Year,Sweet potato,1,12,12
Tamil Nadu,THIRUVALLUR,1999,Whole Year,Tapioca,42,1490,35.47619048
Tamil Nadu,THIRUVALLUR,2000,Kharif,Arhar/Tur,556,384,0.690647482
Tamil Nadu,THIRUVALLUR,2000,Kharif,Bajra,1123,2133,1.89937667
Tamil Nadu,THIRUVALLUR,2000,Kharif,Groundnut,21043,60369,2.868839994
Tamil Nadu,THIRUVALLUR,2000,Kharif,Horse-gram,17,7,0.411764706
Tamil Nadu,THIRUVALLUR,2000,Kharif,Jowar,38,42,1.105263158
Tamil Nadu,THIRUVALLUR,2000,Kharif,Moong(Green Gram),7407,4200,0.567031187
Tamil Nadu,THIRUVALLUR,2000,Kharif,Other Kharif pulses,383,97,0.253263708
Tamil Nadu,THIRUVALLUR,2000,Kharif,Ragi,1310,2558,1.952671756
Tamil Nadu,THIRUVALLUR,2000,Kharif,Rice,93052,359163,3.859809569
Tamil Nadu,THIRUVALLUR,2000,Kharif,Sesamum,2807,1074,0.382614891
Tamil Nadu,THIRUVALLUR,2000,Kharif,Sunflower,10,10,1
Tamil Nadu,THIRUVALLUR,2000,Kharif,Urad,2962,1534,0.517893315
Tamil Nadu,THIRUVALLUR,2000,Whole Year,Banana,660,13673,20.71666667
Tamil Nadu,THIRUVALLUR,2000,Whole Year,Cashewnut,133,44,0.330827068
Tamil Nadu,THIRUVALLUR,2000,Whole Year,Coriander,10,2,0.2
Tamil Nadu,THIRUVALLUR,2000,Whole Year,Dry chillies,711,1067,1.500703235
Tamil Nadu,THIRUVALLUR,2000,Whole Year,Sannhamp,33,24,0.727272727
Tamil Nadu,THIRUVALLUR,2000,Whole Year,Sugarcane,7039,849383,120.6681347
Tamil Nadu,THIRUVALLUR,2000,Whole Year,Sweet potato,10,121,12.1
Tamil Nadu,THIRUVALLUR,2000,Whole Year,Tapioca,90,3194,35.48888889
Tamil Nadu,THIRUVALLUR,2000,Whole Year,Turmeric,1,5,5
Tamil Nadu,THIRUVALLUR,2001,Kharif,Arhar/Tur,747,490,0.655957162
Tamil Nadu,THIRUVALLUR,2001,Kharif,Bajra,1320,2320,1.757575758
Tamil Nadu,THIRUVALLUR,2001,Kharif,Cotton(lint),2,1,0.5
Tamil Nadu,THIRUVALLUR,2001,Kharif,Groundnut,19399,73000,3.763080571
Tamil Nadu,THIRUVALLUR,2001,Kharif,Jowar,78,130,1.666666667
Tamil Nadu,THIRUVALLUR,2001,Kharif,Moong(Green Gram),6967,3660,0.525333716
Tamil Nadu,THIRUVALLUR,2001,Kharif,Ragi,552,1250,2.264492754
Tamil Nadu,THIRUVALLUR,2001,Kharif,Rice,94422,321610,3.406091801
Tamil Nadu,THIRUVALLUR,2001,Kharif,Sesamum,1277,750,0.587314017
Tamil Nadu,THIRUVALLUR,2001,Kharif,Urad,2621,1030,0.392979779
Tamil Nadu,THIRUVALLUR,2001,Whole Year,Sugarcane,6206,813200,131.0344828
Tamil Nadu,THIRUVALLUR,2002,Kharif,Arhar/Tur,686,374,0.545189504
Tamil Nadu,THIRUVALLUR,2002,Kharif,Bajra,1471,1909,1.297756628
Tamil Nadu,THIRUVALLUR,2002,Kharif,Cotton(lint),4,3,0.75
Tamil Nadu,THIRUVALLUR,2002,Kharif,Groundnut,19769,59848,3.027366078
Tamil Nadu,THIRUVALLUR,2002,Kharif,Horse-gram,141,36,0.255319149
Tamil Nadu,THIRUVALLUR,2002,Kharif,Jowar,46,30,0.652173913
Tamil Nadu,THIRUVALLUR,2002,Kharif,Korra,10,5,0.5
Tamil Nadu,THIRUVALLUR,2002,Kharif,Moong(Green Gram),6835,3669,0.536795903
Tamil Nadu,THIRUVALLUR,2002,Kharif,Other Kharif pulses,558,142,0.254480287
Tamil Nadu,THIRUVALLUR,2002,Kharif,Ragi,549,1093,1.990892532
Tamil Nadu,THIRUVALLUR,2002,Kharif,Rice,87758,279519,3.185111329
Tamil Nadu,THIRUVALLUR,2002,Kharif,Samai,3,2,0.666666667
Tamil Nadu,THIRUVALLUR,2002,Kharif,Sesamum,2140,1061,0.495794393
Tamil Nadu,THIRUVALLUR,2002,Kharif,Sunflower,5,6,1.2
Tamil Nadu,THIRUVALLUR,2002,Kharif,Urad,2653,1059,0.39917075
Tamil Nadu,THIRUVALLUR,2002,Whole Year,Ash Gourd,10,0,0
Tamil Nadu,THIRUVALLUR,2002,Whole Year,Banana,917,33886,36.95310796
Tamil Nadu,THIRUVALLUR,2002,Whole Year,Bhindi,188,1401,7.45212766
Tamil Nadu,THIRUVALLUR,2002,Whole Year,Bitter Gourd,19,0,0
Tamil Nadu,THIRUVALLUR,2002,Whole Year,Bottle Gourd,4,0,0
Tamil Nadu,THIRUVALLUR,2002,Whole Year,Brinjal,122,930,7.62295082
Tamil Nadu,THIRUVALLUR,2002,Whole Year,Cashewnut,222,67,0.301801802
Tamil Nadu,THIRUVALLUR,2002,Whole Year,Citrus Fruit,17,19,1.117647059
Tamil Nadu,THIRUVALLUR,2002,Whole Year,Coconut,1091,8200,7.51604033
Tamil Nadu,THIRUVALLUR,2002,Whole Year,Coriander,5,1,0.2
Tamil Nadu,THIRUVALLUR,2002,Whole Year,Cucumber,4,0,0
Tamil Nadu,THIRUVALLUR,2002,Whole Year,Drum Stick,28,0,0
Tamil Nadu,THIRUVALLUR,2002,Whole Year,Dry chillies,628,452,0.719745223
Tamil Nadu,THIRUVALLUR,2002,Whole Year,Jack Fruit,3,34,11.33333333
Tamil Nadu,THIRUVALLUR,2002,Whole Year,Mango,7506,71255,9.493072209
Tamil Nadu,THIRUVALLUR,2002,Whole Year,Onion,2,17,8.5
Tamil Nadu,THIRUVALLUR,2002,Whole Year,Other Citrus Fruit,7,0,0
Tamil Nadu,THIRUVALLUR,2002,Whole Year,Other Fresh Fruits,136,0,0
Tamil Nadu,THIRUVALLUR,2002,Whole Year,Other Vegetables,130,0,0
Tamil Nadu,THIRUVALLUR,2002,Whole Year,Pome Fruit,267,1397,5.232209738
Tamil Nadu,THIRUVALLUR,2002,Whole Year,Pome Granet,5,0,0
Tamil Nadu,THIRUVALLUR,2002,Whole Year,Pump Kin,7,0,0
Tamil Nadu,THIRUVALLUR,2002,Whole Year,Redish,8,0,0
Tamil Nadu,THIRUVALLUR,2002,Whole Year,Ribed Guard,22,0,0
Tamil Nadu,THIRUVALLUR,2002,Whole Year,Snak Guard,5,0,0
Tamil Nadu,THIRUVALLUR,2002,Whole Year,Sugarcane,5993,665600,111.0629067
Tamil Nadu,THIRUVALLUR,2002,Whole Year,Sweet potato,9,123,13.66666667
Tamil Nadu,THIRUVALLUR,2002,Whole Year,Tapioca,128,4043,31.5859375
Tamil Nadu,THIRUVALLUR,2002,Whole Year,Tobacco,18,25,1.388888889
Tamil Nadu,THIRUVALLUR,2002,Whole Year,Tomato,9,111,12.33333333
Tamil Nadu,THIRUVALLUR,2002,Whole Year,Turmeric,19,71,3.736842105
Tamil Nadu,THIRUVALLUR,2002,Whole Year,Water Melon,222,0,0
Tamil Nadu,THIRUVALLUR,2002,Whole Year,Yam,25,0,0
Tamil Nadu,THIRUVALLUR,2003,Kharif,Arhar/Tur,1263,773,0.612034838
Tamil Nadu,THIRUVALLUR,2003,Kharif,Bajra,1607,1801,1.120721842
Tamil Nadu,THIRUVALLUR,2003,Kharif,Castor seed,2,1,0.5
Tamil Nadu,THIRUVALLUR,2003,Kharif,Cotton(lint),15,28,1.866666667
Tamil Nadu,THIRUVALLUR,2003,Kharif,Groundnut,18459,57561,3.118316268
Tamil Nadu,THIRUVALLUR,2003,Kharif,Horse-gram,72,19,0.263888889
Tamil Nadu,THIRUVALLUR,2003,Kharif,Jowar,140,83,0.592857143
Tamil Nadu,THIRUVALLUR,2003,Kharif,Korra,8,4,0.5
Tamil Nadu,THIRUVALLUR,2003,Kharif,Moong(Green Gram),11950,7288,0.609874477
Tamil Nadu,THIRUVALLUR,2003,Kharif,Other Kharif pulses,612,156,0.254901961
Tamil Nadu,THIRUVALLUR,2003,Kharif,Ragi,473,918,1.940803383
Tamil Nadu,THIRUVALLUR,2003,Kharif,Rice,74942,195536,2.60916442
Tamil Nadu,THIRUVALLUR,2003,Kharif,Sesamum,1818,513,0.282178218
Tamil Nadu,THIRUVALLUR,2003,Kharif,Small millets,4,4,1
Tamil Nadu,THIRUVALLUR,2003,Kharif,Sunflower,15,19,1.266666667
Tamil Nadu,THIRUVALLUR,2003,Kharif,Urad,1981,810,0.408884402
Tamil Nadu,THIRUVALLUR,2003,Whole Year,Banana,629,22251,35.37519873
Tamil Nadu,THIRUVALLUR,2003,Whole Year,Bhindi,191,1337,7
Tamil Nadu,THIRUVALLUR,2003,Whole Year,Bitter Gourd,12,0,0
Tamil Nadu,THIRUVALLUR,2003,Whole Year,Bottle Gourd,8,0,0
Tamil Nadu,THIRUVALLUR,2003,Whole Year,Brinjal,276,3086,11.18115942
Tamil Nadu,THIRUVALLUR,2003,Whole Year,Cashewnut,195,67,0.343589744
Tamil Nadu,THIRUVALLUR,2003,Whole Year,Citrus Fruit,21,22,1.047619048
Tamil Nadu,THIRUVALLUR,2003,Whole Year,Coconut,1093,6800,6.221408966
Tamil Nadu,THIRUVALLUR,2003,Whole Year,Coriander,65,19,0.292307692
Tamil Nadu,THIRUVALLUR,2003,Whole Year,Cucumber,9,0,0
Tamil Nadu,THIRUVALLUR,2003,Whole Year,Drum Stick,18,0,0
Tamil Nadu,THIRUVALLUR,2003,Whole Year,Dry chillies,706,639,0.90509915
Tamil Nadu,THIRUVALLUR,2003,Whole Year,Jack Fruit,10,97,9.7
Tamil Nadu,THIRUVALLUR,2003,Whole Year,Mango,7319,33114,4.524388578
Tamil Nadu,THIRUVALLUR,2003,Whole Year,Other Citrus Fruit,23,0,0
Tamil Nadu,THIRUVALLUR,2003,Whole Year,Other Fresh Fruits,71,0,0
Tamil Nadu,THIRUVALLUR,2003,Whole Year,Other Vegetables,189,0,0
Tamil Nadu,THIRUVALLUR,2003,Whole Year,Papaya,10,0,0
Tamil Nadu,THIRUVALLUR,2003,Whole Year,Pome Fruit,242,1699,7.020661157
Tamil Nadu,THIRUVALLUR,2003,Whole Year,Pome Granet,4,0,0
Tamil Nadu,THIRUVALLUR,2003,Whole Year,Potato,3,63,21
Tamil Nadu,THIRUVALLUR,2003,Whole Year,Pump Kin,51,0,0
Tamil Nadu,THIRUVALLUR,2003,Whole Year,Redish,11,0,0
Tamil Nadu,THIRUVALLUR,2003,Whole Year,Snak Guard,10,0,0
Tamil Nadu,THIRUVALLUR,2003,Whole Year,Sugarcane,4530,458083,101.1220751
Tamil Nadu,THIRUVALLUR,2003,Whole Year,Sweet potato,35,507,14.48571429
Tamil Nadu,THIRUVALLUR,2003,Whole Year,Tapioca,28,943,33.67857143
Tamil Nadu,THIRUVALLUR,2003,Whole Year,Tomato,8,81,10.125
Tamil Nadu,THIRUVALLUR,2003,Whole Year,Turmeric,15,62,4.133333333
Tamil Nadu,THIRUVALLUR,2003,Whole Year,Water Melon,490,0,0
Tamil Nadu,THIRUVALLUR,2003,Whole Year,Yam,1,0,0
Tamil Nadu,THIRUVALLUR,2004,Kharif,Arhar/Tur,1427,952,0.667133847
Tamil Nadu,THIRUVALLUR,2004,Kharif,Bajra,1950,3678,1.886153846
Tamil Nadu,THIRUVALLUR,2004,Kharif,Castor seed,36,11,0.305555556
Tamil Nadu,THIRUVALLUR,2004,Kharif,Groundnut,22774,78997,3.468736278
Tamil Nadu,THIRUVALLUR,2004,Kharif,Horse-gram,168,50,0.297619048
Tamil Nadu,THIRUVALLUR,2004,Kharif,Jowar,187,141,0.754010695
Tamil Nadu,THIRUVALLUR,2004,Kharif,Moong(Green Gram),8230,3611,0.438760632
Tamil Nadu,THIRUVALLUR,2004,Kharif,Other Kharif pulses,169,43,0.25443787
Tamil Nadu,THIRUVALLUR,2004,Kharif,Ragi,199,339,1.703517588
Tamil Nadu,THIRUVALLUR,2004,Kharif,Rice,66734,199886,2.995264783
Tamil Nadu,THIRUVALLUR,2004,Kharif,Sesamum,2358,1206,0.511450382
Tamil Nadu,THIRUVALLUR,2004,Kharif,Small millets,4,2,0.5
Tamil Nadu,THIRUVALLUR,2004,Kharif,Sunflower,82,87,1.06097561
Tamil Nadu,THIRUVALLUR,2004,Kharif,Urad,1190,436,0.366386555
Tamil Nadu,THIRUVALLUR,2004,Rabi,Gram,1,1,1
Tamil Nadu,THIRUVALLUR,2004,Whole Year,Banana,1623,68940,42.47689464
Tamil Nadu,THIRUVALLUR,2004,Whole Year,Cashewnut,234,85,0.363247863
Tamil Nadu,THIRUVALLUR,2004,Whole Year,Coconut,1219,6800,5.578342904
Tamil Nadu,THIRUVALLUR,2004,Whole Year,Dry chillies,564,441,0.781914894
Tamil Nadu,THIRUVALLUR,2004,Whole Year,Sugarcane,3240,329440,101.6790123
Tamil Nadu,THIRUVALLUR,2004,Whole Year,Sweet potato,21,317,15.0952381
Tamil Nadu,THIRUVALLUR,2004,Whole Year,Tapioca,124,5117,41.26612903
Tamil Nadu,THIRUVALLUR,2004,Whole Year,Turmeric,6,33,5.5
Tamil Nadu,THIRUVALLUR,2005,Kharif,Arhar/Tur,2152,1814,0.842936803
Tamil Nadu,THIRUVALLUR,2005,Kharif,Bajra,1454,2343,1.611416781
Tamil Nadu,THIRUVALLUR,2005,Kharif,Castor seed,5,1,0.2
Tamil Nadu,THIRUVALLUR,2005,Kharif,Cotton(lint),8,9,1.125
Tamil Nadu,THIRUVALLUR,2005,Kharif,Groundnut,18284,55100,3.013563772
Tamil Nadu,THIRUVALLUR,2005,Kharif,Horse-gram,32,12,0.375
Tamil Nadu,THIRUVALLUR,2005,Kharif,Jowar,186,139,0.747311828
Tamil Nadu,THIRUVALLUR,2005,Kharif,Moong(Green Gram),8837,4297,0.48625099
Tamil Nadu,THIRUVALLUR,2005,Kharif,Other Kharif pulses,244,98,0.401639344
Tamil Nadu,THIRUVALLUR,2005,Kharif,Ragi,221,379,1.714932127
Tamil Nadu,THIRUVALLUR,2005,Kharif,Rice,96994,271582,2.799987628
Tamil Nadu,THIRUVALLUR,2005,Kharif,Sesamum,1611,697,0.432650528
Tamil Nadu,THIRUVALLUR,2005,Kharif,Soyabean,41,,
Tamil Nadu,THIRUVALLUR,2005,Kharif,Sunflower,161,200,1.242236025
Tamil Nadu,THIRUVALLUR,2005,Kharif,Urad,1129,371,0.328609389
Tamil Nadu,THIRUVALLUR,2005,Whole Year,Banana,2026,99486,49.10463968
Tamil Nadu,THIRUVALLUR,2005,Whole Year,Cashewnut,365,138,0.378082192
Tamil Nadu,THIRUVALLUR,2005,Whole Year,Coconut,1484,66,0.044474394
Tamil Nadu,THIRUVALLUR,2005,Whole Year,Dry chillies,882,1681,1.905895692
Tamil Nadu,THIRUVALLUR,2005,Whole Year,Sugarcane,5558,570279,102.6050738
Tamil Nadu,THIRUVALLUR,2005,Whole Year,Sweet potato,17,355,20.88235294
Tamil Nadu,THIRUVALLUR,2005,Whole Year,Tapioca,67,2560,38.20895522
Tamil Nadu,THIRUVALLUR,2005,Whole Year,Turmeric,5,28,5.6
Tamil Nadu,THIRUVALLUR,2006,Kharif,Rice,89667,318468,3.551674529
Tamil Nadu,THIRUVALLUR,2006,Whole Year,Arhar/Tur,1233,884,0.716950527
Tamil Nadu,THIRUVALLUR,2006,Whole Year,Bajra,1145,3402,2.971179039
Tamil Nadu,THIRUVALLUR,2006,Whole Year,Banana,1504,80591,53.58444149
Tamil Nadu,THIRUVALLUR,2006,Whole Year,Cashewnut,346,170,0.49132948
Tamil Nadu,THIRUVALLUR,2006,Whole Year,Castor seed,4,1,0.25
Tamil Nadu,THIRUVALLUR,2006,Whole Year,Coconut,1249,70,0.056044836
Tamil Nadu,THIRUVALLUR,2006,Whole Year,Dry chillies,888,448,0.504504505
Tamil Nadu,THIRUVALLUR,2006,Whole Year,Groundnut,15605,58264,3.733675104
Tamil Nadu,THIRUVALLUR,2006,Whole Year,Horse-gram,40,23,0.575
Tamil Nadu,THIRUVALLUR,2006,Whole Year,Jowar,122,132,1.081967213
Tamil Nadu,THIRUVALLUR,2006,Whole Year,Maize,3,16,5.333333333
Tamil Nadu,THIRUVALLUR,2006,Whole Year,Moong(Green Gram),5498,3671,0.667697344
Tamil Nadu,THIRUVALLUR,2006,Whole Year,Ragi,295,634,2.149152542
Tamil Nadu,THIRUVALLUR,2006,Whole Year,Sesamum,1357,604,0.445099484
Tamil Nadu,THIRUVALLUR,2006,Whole Year,Sugarcane,8436,1143424,135.5410147
Tamil Nadu,THIRUVALLUR,2006,Whole Year,Sunflower,168,307,1.827380952
Tamil Nadu,THIRUVALLUR,2006,Whole Year,Sweet potato,9,151,16.77777778
Tamil Nadu,THIRUVALLUR,2006,Whole Year,Tapioca,70,2825,40.35714286
Tamil Nadu,THIRUVALLUR,2006,Whole Year,Turmeric,5,29,5.8
Tamil Nadu,THIRUVALLUR,2006,Whole Year,Urad,1311,1002,0.764302059
Tamil Nadu,THIRUVALLUR,2007,Kharif,Rice,78712,286007,3.633588271
Tamil Nadu,THIRUVALLUR,2007,Whole Year,Arhar/Tur,1148,774,0.674216028
Tamil Nadu,THIRUVALLUR,2007,Whole Year,Bajra,924,2432,2.632034632
Tamil Nadu,THIRUVALLUR,2007,Whole Year,Banana,1572,75048,47.74045802
Tamil Nadu,THIRUVALLUR,2007,Whole Year,Cashewnut,240,137,0.570833333
Tamil Nadu,THIRUVALLUR,2007,Whole Year,Castor seed,13,4,0.307692308
Tamil Nadu,THIRUVALLUR,2007,Whole Year,Coconut,1120,84,0.075
Tamil Nadu,THIRUVALLUR,2007,Whole Year,Dry chillies,527,366,0.694497154
Tamil Nadu,THIRUVALLUR,2007,Whole Year,Groundnut,16141,56173,3.480143733
Tamil Nadu,THIRUVALLUR,2007,Whole Year,Horse-gram,16,7,0.4375
Tamil Nadu,THIRUVALLUR,2007,Whole Year,Jowar,81,74,0.913580247
Tamil Nadu,THIRUVALLUR,2007,Whole Year,Moong(Green Gram),4426,2464,0.556710348
Tamil Nadu,THIRUVALLUR,2007,Whole Year,Onion,1,10,10
Tamil Nadu,THIRUVALLUR,2007,Whole Year,Ragi,183,427,2.333333333
Tamil Nadu,THIRUVALLUR,2007,Whole Year,Sesamum,614,338,0.550488599
Tamil Nadu,THIRUVALLUR,2007,Whole Year,Sugarcane,6393,747815,116.9740341
Tamil Nadu,THIRUVALLUR,2007,Whole Year,Sunflower,160,254,1.5875
Tamil Nadu,THIRUVALLUR,2007,Whole Year,Sweet potato,2,27,13.5
Tamil Nadu,THIRUVALLUR,2007,Whole Year,Tapioca,25,1055,42.2
Tamil Nadu,THIRUVALLUR,2007,Whole Year,Urad,786,593,0.754452926
Tamil Nadu,THIRUVALLUR,2008,Kharif,Rice,82240,315864,3.840758755
Tamil Nadu,THIRUVALLUR,2008,Whole Year,Arhar/Tur,787,451,0.573062262
Tamil Nadu,THIRUVALLUR,2008,Whole Year,Bajra,628,1313,2.090764331
Tamil Nadu,THIRUVALLUR,2008,Whole Year,Banana,1340,59566,44.45223881
Tamil Nadu,THIRUVALLUR,2008,Whole Year,Cashewnut,246,128,0.520325203
Tamil Nadu,THIRUVALLUR,2008,Whole Year,Castor seed,18,5,0.277777778
Tamil Nadu,THIRUVALLUR,2008,Whole Year,Coconut,1116,130000,116.4874552
Tamil Nadu,THIRUVALLUR,2008,Whole Year,Dry chillies,461,322,0.698481562
Tamil Nadu,THIRUVALLUR,2008,Whole Year,Gram,1,1,1
Tamil Nadu,THIRUVALLUR,2008,Whole Year,Groundnut,14203,54675,3.84953883
Tamil Nadu,THIRUVALLUR,2008,Whole Year,Horse-gram,38,18,0.473684211
Tamil Nadu,THIRUVALLUR,2008,Whole Year,Jowar,86,77,0.895348837
Tamil Nadu,THIRUVALLUR,2008,Whole Year,Moong(Green Gram),3252,1816,0.558425584
Tamil Nadu,THIRUVALLUR,2008,Whole Year,Ragi,200,563,2.815
Tamil Nadu,THIRUVALLUR,2008,Whole Year,Sesamum,537,253,0.47113594
Tamil Nadu,THIRUVALLUR,2008,Whole Year,Sugarcane,5615,626831,111.6350846
Tamil Nadu,THIRUVALLUR,2008,Whole Year,Sunflower,150,200,1.333333333
Tamil Nadu,THIRUVALLUR,2008,Whole Year,Sweet potato,22,292,13.27272727
Tamil Nadu,THIRUVALLUR,2008,Whole Year,Tapioca,44,1605,36.47727273
Tamil Nadu,THIRUVALLUR,2008,Whole Year,Turmeric,2,12,6
Tamil Nadu,THIRUVALLUR,2008,Whole Year,Urad,600,189,0.315
Tamil Nadu,THIRUVALLUR,2009,Kharif,Rice,80942,256294,3.166390749
Tamil Nadu,THIRUVALLUR,2009,Whole Year,Arhar/Tur,577,309,0.535528596
Tamil Nadu,THIRUVALLUR,2009,Whole Year,Bajra,299,572,1.913043478
Tamil Nadu,THIRUVALLUR,2009,Whole Year,Banana,1066,45834,42.99624765
Tamil Nadu,THIRUVALLUR,2009,Whole Year,Cashewnut,188,94,0.5
Tamil Nadu,THIRUVALLUR,2009,Whole Year,Castor seed,15,4,0.266666667
Tamil Nadu,THIRUVALLUR,2009,Whole Year,Coconut,1072,14500,13.5261194
Tamil Nadu,THIRUVALLUR,2009,Whole Year,Dry chillies,438,234,0.534246575
Tamil Nadu,THIRUVALLUR,2009,Whole Year,Gram,22,17,0.772727273
Tamil Nadu,THIRUVALLUR,2009,Whole Year,Groundnut,11657,49902,4.280861285
Tamil Nadu,THIRUVALLUR,2009,Whole Year,Horse-gram,21,10,0.476190476
Tamil Nadu,THIRUVALLUR,2009,Whole Year,Jowar,42,53,1.261904762
Tamil Nadu,THIRUVALLUR,2009,Whole Year,Maize,1,3,3
Tamil Nadu,THIRUVALLUR,2009,Whole Year,Moong(Green Gram),3011,1252,0.415808701
Tamil Nadu,THIRUVALLUR,2009,Whole Year,Ragi,169,504,2.982248521
Tamil Nadu,THIRUVALLUR,2009,Whole Year,Sesamum,807,422,0.522924411
Tamil Nadu,THIRUVALLUR,2009,Whole Year,Sugarcane,6200,629788,101.5787097
Tamil Nadu,THIRUVALLUR,2009,Whole Year,Sunflower,56,74,1.321428571
Tamil Nadu,THIRUVALLUR,2009,Whole Year,Sweet potato,5,73,14.6
Tamil Nadu,THIRUVALLUR,2009,Whole Year,Tapioca,102,3516,34.47058824
Tamil Nadu,THIRUVALLUR,2009,Whole Year,Urad,684,260,0.380116959
Tamil Nadu,THIRUVALLUR,2010,Kharif,Arhar/Tur,593,300,0.505902192
Tamil Nadu,THIRUVALLUR,2010,Kharif,Castor seed,15,4,0.266666667
Tamil Nadu,THIRUVALLUR,2010,Kharif,Groundnut,10348,36400,3.51758794
Tamil Nadu,THIRUVALLUR,2010,Kharif,Horse-gram,28,14,0.5
Tamil Nadu,THIRUVALLUR,2010,Kharif,Maize,2,8,4
Tamil Nadu,THIRUVALLUR,2010,Kharif,Moong(Green Gram),8433,3360,0.398434721
Tamil Nadu,THIRUVALLUR,2010,Kharif,Ragi,112,325,2.901785714
Tamil Nadu,THIRUVALLUR,2010,Kharif,Rice,83219,250210,3.006645117
Tamil Nadu,THIRUVALLUR,2010,Kharif,Sunflower,8,9,1.125
Tamil Nadu,THIRUVALLUR,2010,Kharif,Urad,1300,551,0.423846154
Tamil Nadu,THIRUVALLUR,2010,Rabi,Gram,1,1,1
Tamil Nadu,THIRUVALLUR,2010,Whole Year,Sugarcane,6698,737531,110.112123
Tamil Nadu,THIRUVALLUR,2011,Kharif,Bajra,223,294,1.31838565
Tamil Nadu,THIRUVALLUR,2011,Kharif,Groundnut,1711,3986,2.329631794
Tamil Nadu,THIRUVALLUR,2011,Kharif,Jowar,14,15,1.071428571
Tamil Nadu,THIRUVALLUR,2011,Kharif,Ragi,52,137,2.634615385
Tamil Nadu,THIRUVALLUR,2011,Kharif,Rice,79219,313044,3.951627766
Tamil Nadu,THIRUVALLUR,2011,Rabi,Groundnut,8180,36505,4.462713936
Tamil Nadu,THIRUVALLUR,2011,Rabi,Jowar,4,7,1.75
Tamil Nadu,THIRUVALLUR,2011,Rabi,Ragi,135,419,3.103703704
Tamil Nadu,THIRUVALLUR,2011,Whole Year,Arhar/Tur,541,260,0.480591497
Tamil Nadu,THIRUVALLUR,2011,Whole Year,Banana,1095,47846,43.69497717
Tamil Nadu,THIRUVALLUR,2011,Whole Year,Cashewnut,146,38,0.260273973
Tamil Nadu,THIRUVALLUR,2011,Whole Year,Castor seed,12,4,0.333333333
Tamil Nadu,THIRUVALLUR,2011,Whole Year,Coconut,1090,10200000,9357.798165
Tamil Nadu,THIRUVALLUR,2011,Whole Year,Coriander,18,8,0.444444444
Tamil Nadu,THIRUVALLUR,2011,Whole Year,Dry chillies,659,288,0.437025797
Tamil Nadu,THIRUVALLUR,2011,Whole Year,Horse-gram,28,15,0.535714286
Tamil Nadu,THIRUVALLUR,2011,Whole Year,Moong(Green Gram),9063,4326,0.477325389
Tamil Nadu,THIRUVALLUR,2011,Whole Year,Sugarcane,7380,798018,108.1325203
Tamil Nadu,THIRUVALLUR,2011,Whole Year,Sunflower,39,70,1.794871795
Tamil Nadu,THIRUVALLUR,2011,Whole Year,Sweet potato,17,348,20.47058824
Tamil Nadu,THIRUVALLUR,2011,Whole Year,Tapioca,85,3201,37.65882353
Tamil Nadu,THIRUVALLUR,2011,Whole Year,Turmeric,22,121,5.5
Tamil Nadu,THIRUVALLUR,2011,Whole Year,Urad,1047,649,0.619866285
Tamil Nadu,THIRUVALLUR,2012,Kharif,Arhar/Tur,487,199,0.40862423
Tamil Nadu,THIRUVALLUR,2012,Kharif,Castor seed,27,0.31,0.011481481
Tamil Nadu,THIRUVALLUR,2012,Kharif,Groundnut,10232,46900,4.583659109
Tamil Nadu,THIRUVALLUR,2012,Kharif,Horse-gram,36,14,0.388888889
Tamil Nadu,THIRUVALLUR,2012,Kharif,Maize,4,14,3.5
Tamil Nadu,THIRUVALLUR,2012,Kharif,Moong(Green Gram),7222,5141,0.711852672
Tamil Nadu,THIRUVALLUR,2012,Kharif,Ragi,207,504,2.434782609
Tamil Nadu,THIRUVALLUR,2012,Kharif,Rice,78337,300455,3.835416215
Tamil Nadu,THIRUVALLUR,2012,Kharif,Sunflower,22,22,1
Tamil Nadu,THIRUVALLUR,2012,Kharif,Urad,1050,473,0.45047619
Tamil Nadu,THIRUVALLUR,2012,Rabi,Gram,9,7,0.777777778
Tamil Nadu,THIRUVALLUR,2012,Whole Year,Sugarcane,7669,746013,97.27643761
Tamil Nadu,THIRUVALLUR,2013,Kharif,Bajra,752,1716,2.281914894
Tamil Nadu,THIRUVALLUR,2013,Kharif,Castor seed,3,1,0.333333333
Tamil Nadu,THIRUVALLUR,2013,Kharif,Groundnut,1976,6067,3.07034413
Tamil Nadu,THIRUVALLUR,2013,Kharif,Horse-gram,13,10,0.769230769
Tamil Nadu,THIRUVALLUR,2013,Kharif,Jowar,79,88,1.113924051
Tamil Nadu,THIRUVALLUR,2013,Kharif,Maize,26,170,6.538461538
Tamil Nadu,THIRUVALLUR,2013,Kharif,Moong(Green Gram),99,56,0.565656566
Tamil Nadu,THIRUVALLUR,2013,Kharif,Onion,2,23,11.5
Tamil Nadu,THIRUVALLUR,2013,Kharif,Ragi,152,416,2.736842105
Tamil Nadu,THIRUVALLUR,2013,Kharif,Rice,95827,451522,4.711845305
Tamil Nadu,THIRUVALLUR,2013,Kharif,Sunflower,2,4,2
Tamil Nadu,THIRUVALLUR,2013,Kharif,Urad,460,387,0.841304348
Tamil Nadu,THIRUVALLUR,2013,Rabi,Bajra,152,304,2
Tamil Nadu,THIRUVALLUR,2013,Rabi,Groundnut,7032,39774,5.656143345
Tamil Nadu,THIRUVALLUR,2013,Rabi,Horse-gram,16,10,0.625
Tamil Nadu,THIRUVALLUR,2013,Rabi,Jowar,71,153,2.154929577
Tamil Nadu,THIRUVALLUR,2013,Rabi,Maize,55,275,5
Tamil Nadu,THIRUVALLUR,2013,Rabi,Moong(Green Gram),9708,11970,1.233003708
Tamil Nadu,THIRUVALLUR,2013,Rabi,Onion,3,25,8.333333333
Tamil Nadu,THIRUVALLUR,2013,Rabi,Ragi,824,3268,3.966019417
Tamil Nadu,THIRUVALLUR,2013,Rabi,Sunflower,1,1,1
Tamil Nadu,THIRUVALLUR,2013,Rabi,Urad,1116,952,0.853046595
Tamil Nadu,THIRUVALLUR,2013,Whole Year,Arhar/Tur,553,558,1.009041591
Tamil Nadu,THIRUVALLUR,2013,Whole Year,Banana,710,29489,41.53380282
Tamil Nadu,THIRUVALLUR,2013,Whole Year,Cashewnut,104,30,0.288461538
Tamil Nadu,THIRUVALLUR,2013,Whole Year,Coconut,971,7500000,7723.995881
Tamil Nadu,THIRUVALLUR,2013,Whole Year,Dry chillies,293,80,0.273037543
Tamil Nadu,THIRUVALLUR,2013,Whole Year,Garlic,1,6,6
Tamil Nadu,THIRUVALLUR,2013,Whole Year,Gram,5,3,0.6
Tamil Nadu,THIRUVALLUR,2013,Whole Year,Sugarcane,7352,698344,94.98694233
Tamil Nadu,THIRUVALLUR,2013,Whole Year,Sweet potato,2,42,21
Tamil Nadu,THIRUVALLUR,2013,Whole Year,Tapioca,48,1436,29.91666667
Tamil Nadu,THIRUVALLUR,2013,Whole Year,Turmeric,3,11,3.666666667
Tamil Nadu,THIRUVARUR,1997,Kharif,Banana,342,8747,25.57602339
Tamil Nadu,THIRUVARUR,1997,Kharif,Sesamum,2241,1680,0.749665328
Tamil Nadu,THIRUVARUR,1997,Kharif,Tobacco,7,11,1.571428571
Tamil Nadu,THIRUVARUR,1997,Whole Year,Banana,408,19680,48.23529412
Tamil Nadu,THIRUVARUR,1997,Whole Year,Cashewnut,11,10,0.909090909
Tamil Nadu,THIRUVARUR,1997,Whole Year,Cotton(lint),1622,3650,2.250308261
Tamil Nadu,THIRUVARUR,1997,Whole Year,Dry chillies,19,10,0.526315789
Tamil Nadu,THIRUVARUR,1997,Whole Year,Groundnut,667,1650,2.473763118
Tamil Nadu,THIRUVARUR,1997,Whole Year,Maize,19,50,2.631578947
Tamil Nadu,THIRUVARUR,1997,Whole Year,Moong(Green Gram),13265,2620,0.19751225
Tamil Nadu,THIRUVARUR,1997,Whole Year,Pulses total,38957,7090,0.181995534
Tamil Nadu,THIRUVARUR,1997,Whole Year,Rice,168205,285510,1.697393062
Tamil Nadu,THIRUVARUR,1997,Whole Year,Sugarcane,3669,2287000,623.3306078
Tamil Nadu,THIRUVARUR,1997,Whole Year,Sweet potato,5,70,14
Tamil Nadu,THIRUVARUR,1997,Whole Year,Tapioca,134,5030,37.53731343
Tamil Nadu,THIRUVARUR,1997,Whole Year,Total foodgrain,207181,292650,1.412533003
Tamil Nadu,THIRUVARUR,1997,Whole Year,Turmeric,5,30,6
Tamil Nadu,THIRUVARUR,1997,Whole Year,Urad,25691,4470,0.173990892
Tamil Nadu,THIRUVARUR,1998,Kharif,Cotton(lint),1642,3759,2.289281364
Tamil Nadu,THIRUVARUR,1998,Kharif,Groundnut,1819,4866,2.675096207
Tamil Nadu,THIRUVARUR,1998,Kharif,Moong(Green Gram),17749,6141,0.345991323
Tamil Nadu,THIRUVARUR,1998,Kharif,Pulses total,71258,24173,0.339232086
Tamil Nadu,THIRUVARUR,1998,Kharif,Rice,179042,618912,3.456797846
Tamil Nadu,THIRUVARUR,1998,Kharif,Sesamum,3410,890,0.260997067
Tamil Nadu,THIRUVARUR,1998,Kharif,Total foodgrain,250300,64308,0.256923692
Tamil Nadu,THIRUVARUR,1998,Kharif,Urad,53509,18032,0.336990039
Tamil Nadu,THIRUVARUR,1998,Whole Year,Banana,564,16417,29.10815603
Tamil Nadu,THIRUVARUR,1998,Whole Year,Sugarcane,3126,383660,122.7319258
Tamil Nadu,THIRUVARUR,1998,Whole Year,Tapioca,93,3454,37.13978495
Tamil Nadu,THIRUVARUR,1999,Kharif,Cotton(lint),1574,3296,2.094027954
Tamil Nadu,THIRUVARUR,1999,Kharif,Groundnut,1844,4353,2.360629067
Tamil Nadu,THIRUVARUR,1999,Kharif,Moong(Green Gram),17556,6671,0.379984051
Tamil Nadu,THIRUVARUR,1999,Kharif,Rice,163289,470163,2.879330512
Tamil Nadu,THIRUVARUR,1999,Kharif,Sesamum,4788,2660,0.555555556
Tamil Nadu,THIRUVARUR,1999,Kharif,Urad,51886,18835,0.363007362
Tamil Nadu,THIRUVARUR,1999,Whole Year,Banana,342,8747,25.57602339
Tamil Nadu,THIRUVARUR,1999,Whole Year,Cashewnut,16,5,0.3125
Tamil Nadu,THIRUVARUR,1999,Whole Year,Guar seed,2174,19291,8.87350506
Tamil Nadu,THIRUVARUR,1999,Whole Year,Sugarcane,2174,198369,91.24609016
Tamil Nadu,THIRUVARUR,1999,Whole Year,Tapioca,145,5145,35.48275862
Tamil Nadu,THIRUVARUR,1999,Whole Year,Tobacco,7,11,1.571428571
Tamil Nadu,THIRUVARUR,2000,Kharif,Cotton(lint),2027,4384,2.162802171
Tamil Nadu,THIRUVARUR,2000,Kharif,Groundnut,878,2068,2.355353075
Tamil Nadu,THIRUVARUR,2000,Kharif,Moong(Green Gram),39286,12022,0.30601232
Tamil Nadu,THIRUVARUR,2000,Kharif,Rice,181379,554654,3.057983559
Tamil Nadu,THIRUVARUR,2000,Kharif,Sesamum,1593,715,0.448838669
Tamil Nadu,THIRUVARUR,2000,Kharif,Urad,92334,33517,0.362997379
Tamil Nadu,THIRUVARUR,2000,Whole Year,Banana,340,8696,25.57647059
Tamil Nadu,THIRUVARUR,2000,Whole Year,Cashewnut,1,,
Tamil Nadu,THIRUVARUR,2000,Whole Year,Dry chillies,12,7,0.583333333
Tamil Nadu,THIRUVARUR,2000,Whole Year,Sugarcane,2338,213334,91.24636441
Tamil Nadu,THIRUVARUR,2000,Whole Year,Tapioca,49,1739,35.48979592
Tamil Nadu,THIRUVARUR,2001,Kharif,Arhar/Tur,43,30,0.697674419
Tamil Nadu,THIRUVARUR,2001,Kharif,Cotton(lint),2732,5550,2.03147877
Tamil Nadu,THIRUVARUR,2001,Kharif,Groundnut,1330,2290,1.721804511
Tamil Nadu,THIRUVARUR,2001,Kharif,Moong(Green Gram),22903,4270,0.186438458
Tamil Nadu,THIRUVARUR,2001,Kharif,Ragi,1,1,1
Tamil Nadu,THIRUVARUR,2001,Kharif,Rice,174722,460110,2.633383317
Tamil Nadu,THIRUVARUR,2001,Kharif,Sesamum,3439,1790,0.520500145
Tamil Nadu,THIRUVARUR,2001,Kharif,Urad,44742,14140,0.316034151
Tamil Nadu,THIRUVARUR,2001,Whole Year,Sugarcane,1738,174100,100.1726122
Tamil Nadu,THIRUVARUR,2002,Kharif,Arhar/Tur,28,15,0.535714286
Tamil Nadu,THIRUVARUR,2002,Kharif,Cotton(lint),1661,3243,1.95243829
Tamil Nadu,THIRUVARUR,2002,Kharif,Groundnut,1041,2340,2.247838617
Tamil Nadu,THIRUVARUR,2002,Kharif,Maize,14,40,2.857142857
Tamil Nadu,THIRUVARUR,2002,Kharif,Moong(Green Gram),10159,3327,0.327492863
Tamil Nadu,THIRUVARUR,2002,Kharif,Other Kharif pulses,21,7,0.333333333
Tamil Nadu,THIRUVARUR,2002,Kharif,Rice,131055,112183,0.85599939
Tamil Nadu,THIRUVARUR,2002,Kharif,Sesamum,1924,963,0.500519751
Tamil Nadu,THIRUVARUR,2002,Kharif,Urad,19549,6604,0.337817791
Tamil Nadu,THIRUVARUR,2002,Whole Year,Arecanut,5,,
Tamil Nadu,THIRUVARUR,2002,Whole Year,Banana,300,11086,36.95333333
Tamil Nadu,THIRUVARUR,2002,Whole Year,Ber,1,0,0
Tamil Nadu,THIRUVARUR,2002,Whole Year,Bhindi,10,75,7.5
Tamil Nadu,THIRUVARUR,2002,Whole Year,Bitter Gourd,5,0,0
Tamil Nadu,THIRUVARUR,2002,Whole Year,Bottle Gourd,4,0,0
Tamil Nadu,THIRUVARUR,2002,Whole Year,Brinjal,12,91,7.583333333
Tamil Nadu,THIRUVARUR,2002,Whole Year,Cashewnut,21,6,0.285714286
Tamil Nadu,THIRUVARUR,2002,Whole Year,Citrus Fruit,29,32,1.103448276
Tamil Nadu,THIRUVARUR,2002,Whole Year,Coconut,4742,72400,15.26781949
Tamil Nadu,THIRUVARUR,2002,Whole Year,Cucumber,8,0,0
Tamil Nadu,THIRUVARUR,2002,Whole Year,Drum Stick,7,0,0
Tamil Nadu,THIRUVARUR,2002,Whole Year,Dry chillies,12,7,0.583333333
Tamil Nadu,THIRUVARUR,2002,Whole Year,Jack Fruit,18,204,11.33333333
Tamil Nadu,THIRUVARUR,2002,Whole Year,Lab-Lab,4,0,0
Tamil Nadu,THIRUVARUR,2002,Whole Year,Mango,221,1324,5.990950226
Tamil Nadu,THIRUVARUR,2002,Whole Year,Other Citrus Fruit,17,0,0
Tamil Nadu,THIRUVARUR,2002,Whole Year,Other Vegetables,40,0,0
Tamil Nadu,THIRUVARUR,2002,Whole Year,Papaya,1,0,0
Tamil Nadu,THIRUVARUR,2002,Whole Year,Pome Fruit,8,42,5.25
Tamil Nadu,THIRUVARUR,2002,Whole Year,Pome Granet,1,0,0
Tamil Nadu,THIRUVARUR,2002,Whole Year,Pump Kin,3,0,0
Tamil Nadu,THIRUVARUR,2002,Whole Year,Redish,1,0,0
Tamil Nadu,THIRUVARUR,2002,Whole Year,Ribed Guard,2,0,0
Tamil Nadu,THIRUVARUR,2002,Whole Year,Snak Guard,5,0,0
Tamil Nadu,THIRUVARUR,2002,Whole Year,Sugarcane,1632,149880,91.83823529
Tamil Nadu,THIRUVARUR,2002,Whole Year,Sweet potato,2,27,13.5
Tamil Nadu,THIRUVARUR,2002,Whole Year,Tapioca,24,758,31.58333333
Tamil Nadu,THIRUVARUR,2002,Whole Year,Tomato,1,12,12
Tamil Nadu,THIRUVARUR,2002,Whole Year,Turmeric,6,22,3.666666667
Tamil Nadu,THIRUVARUR,2002,Whole Year,Yam,3,0,0
Tamil Nadu,THIRUVARUR,2003,Kharif,Arhar/Tur,26,16,0.615384615
Tamil Nadu,THIRUVARUR,2003,Kharif,Castor seed,2,1,0.5
Tamil Nadu,THIRUVARUR,2003,Kharif,Cotton(lint),1785,5152,2.88627451
Tamil Nadu,THIRUVARUR,2003,Kharif,Groundnut,1325,3130,2.362264151
Tamil Nadu,THIRUVARUR,2003,Kharif,Maize,56,164,2.928571429
Tamil Nadu,THIRUVARUR,2003,Kharif,Moong(Green Gram),10391,3088,0.297180252
Tamil Nadu,THIRUVARUR,2003,Kharif,Other Kharif pulses,19,7,0.368421053
Tamil Nadu,THIRUVARUR,2003,Kharif,Ragi,9,21,2.333333333
Tamil Nadu,THIRUVARUR,2003,Kharif,Rice,121437,169428,1.395192569
Tamil Nadu,THIRUVARUR,2003,Kharif,Sesamum,2694,1297,0.481440238
Tamil Nadu,THIRUVARUR,2003,Kharif,Small millets,3846,,
Tamil Nadu,THIRUVARUR,2003,Kharif,Sunflower,26,34,1.307692308
Tamil Nadu,THIRUVARUR,2003,Kharif,Urad,15975,5205,0.325821596
Tamil Nadu,THIRUVARUR,2003,Whole Year,Arecanut,5,,
Tamil Nadu,THIRUVARUR,2003,Whole Year,Ash Gourd,4,0,0
Tamil Nadu,THIRUVARUR,2003,Whole Year,Banana,328,11603,35.375
Tamil Nadu,THIRUVARUR,2003,Whole Year,Ber,2,0,0
Tamil Nadu,THIRUVARUR,2003,Whole Year,Bhindi,29,203,7
Tamil Nadu,THIRUVARUR,2003,Whole Year,Bitter Gourd,6,0,0
Tamil Nadu,THIRUVARUR,2003,Whole Year,Bottle Gourd,5,0,0
Tamil Nadu,THIRUVARUR,2003,Whole Year,Brinjal,69,771,11.17391304
Tamil Nadu,THIRUVARUR,2003,Whole Year,Cashewnut,20,7,0.35
Tamil Nadu,THIRUVARUR,2003,Whole Year,Citrus Fruit,29,30,1.034482759
Tamil Nadu,THIRUVARUR,2003,Whole Year,Coconut,4918,80800,16.42944286
Tamil Nadu,THIRUVARUR,2003,Whole Year,Coriander,3,1,0.333333333
Tamil Nadu,THIRUVARUR,2003,Whole Year,Cucumber,12,0,0
Tamil Nadu,THIRUVARUR,2003,Whole Year,Drum Stick,9,0,0
Tamil Nadu,THIRUVARUR,2003,Whole Year,Dry chillies,32,17,0.53125
Tamil Nadu,THIRUVARUR,2003,Whole Year,Jack Fruit,19,184,9.684210526
Tamil Nadu,THIRUVARUR,2003,Whole Year,Lab-Lab,5,0,0
Tamil Nadu,THIRUVARUR,2003,Whole Year,Mango,222,922,4.153153153
Tamil Nadu,THIRUVARUR,2003,Whole Year,Onion,1,9,9
Tamil Nadu,THIRUVARUR,2003,Whole Year,Other Citrus Fruit,17,0,0
Tamil Nadu,THIRUVARUR,2003,Whole Year,Other Vegetables,45,0,0
Tamil Nadu,THIRUVARUR,2003,Whole Year,Papaya,2,0,0
Tamil Nadu,THIRUVARUR,2003,Whole Year,Pome Fruit,8,56,7
Tamil Nadu,THIRUVARUR,2003,Whole Year,Pome Granet,1,0,0
Tamil Nadu,THIRUVARUR,2003,Whole Year,Pump Kin,2,0,0
Tamil Nadu,THIRUVARUR,2003,Whole Year,Redish,5,0,0
Tamil Nadu,THIRUVARUR,2003,Whole Year,Ribed Guard,4,0,0
Tamil Nadu,THIRUVARUR,2003,Whole Year,Snak Guard,6,0,0
Tamil Nadu,THIRUVARUR,2003,Whole Year,Sugarcane,1765,179462,101.678187
Tamil Nadu,THIRUVARUR,2003,Whole Year,Sweet potato,2,29,14.5
Tamil Nadu,THIRUVARUR,2003,Whole Year,Tapioca,136,4582,33.69117647
Tamil Nadu,THIRUVARUR,2003,Whole Year,Tomato,1,10,10
Tamil Nadu,THIRUVARUR,2003,Whole Year,Turmeric,6,25,4.166666667
Tamil Nadu,THIRUVARUR,2004,Kharif,Arhar/Tur,1,1,1
Tamil Nadu,THIRUVARUR,2004,Kharif,Castor seed,1,,
Tamil Nadu,THIRUVARUR,2004,Kharif,Cotton(lint),3035,4245,1.398682043
Tamil Nadu,THIRUVARUR,2004,Kharif,Groundnut,1160,2892,2.493103448
Tamil Nadu,THIRUVARUR,2004,Kharif,Maize,9,27,3
Tamil Nadu,THIRUVARUR,2004,Kharif,Moong(Green Gram),27053,6851,0.253243633
Tamil Nadu,THIRUVARUR,2004,Kharif,Other Kharif pulses,4,1,0.25
Tamil Nadu,THIRUVARUR,2004,Kharif,Ragi,4,9,2.25
Tamil Nadu,THIRUVARUR,2004,Kharif,Rice,148608,239805,1.613674903
Tamil Nadu,THIRUVARUR,2004,Kharif,Sesamum,1106,315,0.284810127
Tamil Nadu,THIRUVARUR,2004,Kharif,Sunflower,104,111,1.067307692
Tamil Nadu,THIRUVARUR,2004,Kharif,Urad,39341,10235,0.260161155
Tamil Nadu,THIRUVARUR,2004,Whole Year,Arecanut,5,7,1.4
Tamil Nadu,THIRUVARUR,2004,Whole Year,Banana,346,14697,42.47687861
Tamil Nadu,THIRUVARUR,2004,Whole Year,Cashewnut,16,6,0.375
Tamil Nadu,THIRUVARUR,2004,Whole Year,Coconut,4921,47400,9.63218858
Tamil Nadu,THIRUVARUR,2004,Whole Year,Coriander,1,,
Tamil Nadu,THIRUVARUR,2004,Whole Year,Dry chillies,22,15,0.681818182
Tamil Nadu,THIRUVARUR,2004,Whole Year,Onion,1,10,10
Tamil Nadu,THIRUVARUR,2004,Whole Year,Sugarcane,1834,201877,110.0747001
Tamil Nadu,THIRUVARUR,2004,Whole Year,Sweet potato,2,30,15
Tamil Nadu,THIRUVARUR,2004,Whole Year,Tapioca,67,2765,41.26865672
Tamil Nadu,THIRUVARUR,2004,Whole Year,Turmeric,4,22,5.5
Tamil Nadu,THIRUVARUR,2005,Kharif,Castor seed,1,,
Tamil Nadu,THIRUVARUR,2005,Kharif,Cotton(lint),1431,1207,0.843466108
Tamil Nadu,THIRUVARUR,2005,Kharif,Groundnut,1847,4841,2.621007038
Tamil Nadu,THIRUVARUR,2005,Kharif,Maize,18,,
Tamil Nadu,THIRUVARUR,2005,Kharif,Moong(Green Gram),24214,3355,0.138556207
Tamil Nadu,THIRUVARUR,2005,Kharif,Ragi,2,4,2
Tamil Nadu,THIRUVARUR,2005,Kharif,Rice,156098,243450,1.559597176
Tamil Nadu,THIRUVARUR,2005,Kharif,Sannhamp,1,,
Tamil Nadu,THIRUVARUR,2005,Kharif,Sesamum,2314,900,0.388936906
Tamil Nadu,THIRUVARUR,2005,Kharif,Small millets,2,2,1
Tamil Nadu,THIRUVARUR,2005,Kharif,Sunflower,2,2,1
Tamil Nadu,THIRUVARUR,2005,Kharif,Urad,41090,8257,0.200949136
Tamil Nadu,THIRUVARUR,2005,Whole Year,Arecanut,6,5,0.833333333
Tamil Nadu,THIRUVARUR,2005,Whole Year,Banana,420,20624,49.1047619
Tamil Nadu,THIRUVARUR,2005,Whole Year,Cashewnut,5,2,0.4
Tamil Nadu,THIRUVARUR,2005,Whole Year,Coconut,5371,559,0.104077453
Tamil Nadu,THIRUVARUR,2005,Whole Year,Coriander,1,,
Tamil Nadu,THIRUVARUR,2005,Whole Year,Dry chillies,7,5,0.714285714
Tamil Nadu,THIRUVARUR,2005,Whole Year,Sugarcane,3683,385581,104.6920988
Tamil Nadu,THIRUVARUR,2005,Whole Year,Sweet potato,5,104,20.8
Tamil Nadu,THIRUVARUR,2005,Whole Year,Tapioca,140,5350,38.21428571
Tamil Nadu,THIRUVARUR,2005,Whole Year,Turmeric,5,28,5.6
Tamil Nadu,THIRUVARUR,2006,Kharif,Rice,176900,586375,3.314725834
Tamil Nadu,THIRUVARUR,2006,Whole Year,Arecanut,5,7,1.4
Tamil Nadu,THIRUVARUR,2006,Whole Year,Banana,367,19665,53.58310627
Tamil Nadu,THIRUVARUR,2006,Whole Year,Cashewnut,5,2,0.4
Tamil Nadu,THIRUVARUR,2006,Whole Year,Coconut,5377,1099,0.204389065
Tamil Nadu,THIRUVARUR,2006,Whole Year,Cotton(lint),564,814,1.443262411
Tamil Nadu,THIRUVARUR,2006,Whole Year,Dry chillies,7,5,0.714285714
Tamil Nadu,THIRUVARUR,2006,Whole Year,Groundnut,2293,5844,2.548626254
Tamil Nadu,THIRUVARUR,2006,Whole Year,Moong(Green Gram),30918,12061,0.390096384
Tamil Nadu,THIRUVARUR,2006,Whole Year,Sesamum,1855,1330,0.716981132
Tamil Nadu,THIRUVARUR,2006,Whole Year,Sugarcane,2853,350333,122.7946022
Tamil Nadu,THIRUVARUR,2006,Whole Year,Sweet potato,3,50,16.66666667
Tamil Nadu,THIRUVARUR,2006,Whole Year,Tapioca,42,1695,40.35714286
Tamil Nadu,THIRUVARUR,2006,Whole Year,Turmeric,4,23,5.75
Tamil Nadu,THIRUVARUR,2006,Whole Year,Urad,51575,22434,0.434978187
Tamil Nadu,THIRUVARUR,2007,Kharif,Rice,151629,311306,2.053076918
Tamil Nadu,THIRUVARUR,2007,Whole Year,Arecanut,4,8,2
Tamil Nadu,THIRUVARUR,2007,Whole Year,Banana,469,22390,47.73987207
Tamil Nadu,THIRUVARUR,2007,Whole Year,Cashewnut,3,2,0.666666667
Tamil Nadu,THIRUVARUR,2007,Whole Year,Coconut,5374,1263,0.235020469
Tamil Nadu,THIRUVARUR,2007,Whole Year,Cotton(lint),982,1581,1.609979633
Tamil Nadu,THIRUVARUR,2007,Whole Year,Dry chillies,9,5,0.555555556
Tamil Nadu,THIRUVARUR,2007,Whole Year,Groundnut,7888,17349,2.199416836
Tamil Nadu,THIRUVARUR,2007,Whole Year,Jowar,6,9,1.5
Tamil Nadu,THIRUVARUR,2007,Whole Year,Maize,6,32,5.333333333
Tamil Nadu,THIRUVARUR,2007,Whole Year,Moong(Green Gram),36329,4910,0.135153734
Tamil Nadu,THIRUVARUR,2007,Whole Year,Sesamum,2774,1504,0.542177361
Tamil Nadu,THIRUVARUR,2007,Whole Year,Sugarcane,2281,245295,107.5383604
Tamil Nadu,THIRUVARUR,2007,Whole Year,Sunflower,5,8,1.6
Tamil Nadu,THIRUVARUR,2007,Whole Year,Tapioca,207,8736,42.20289855
Tamil Nadu,THIRUVARUR,2007,Whole Year,Turmeric,4,21,5.25
Tamil Nadu,THIRUVARUR,2007,Whole Year,Urad,53718,11132,0.207230351
Tamil Nadu,THIRUVARUR,2008,Kharif,Rice,178040,206611,1.160475174
Tamil Nadu,THIRUVARUR,2008,Kharif,Small millets,1,,
Tamil Nadu,THIRUVARUR,2008,Whole Year,Arecanut,4,8,2
Tamil Nadu,THIRUVARUR,2008,Whole Year,Banana,402,17870,44.45273632
Tamil Nadu,THIRUVARUR,2008,Whole Year,Cashewnut,3,2,0.666666667
Tamil Nadu,THIRUVARUR,2008,Whole Year,Coconut,5366,953000,177.5997018
Tamil Nadu,THIRUVARUR,2008,Whole Year,Cotton(lint),493,1054,2.137931034
Tamil Nadu,THIRUVARUR,2008,Whole Year,Dry chillies,11,7,0.636363636
Tamil Nadu,THIRUVARUR,2008,Whole Year,Groundnut,1223,2457,2.008994276
Tamil Nadu,THIRUVARUR,2008,Whole Year,Maize,1,6,6
Tamil Nadu,THIRUVARUR,2008,Whole Year,Moong(Green Gram),30838,1952,0.063298528
Tamil Nadu,THIRUVARUR,2008,Whole Year,Sesamum,1026,369,0.359649123
Tamil Nadu,THIRUVARUR,2008,Whole Year,Sugarcane,2370,251727,106.2139241
Tamil Nadu,THIRUVARUR,2008,Whole Year,Sunflower,1,1,1
Tamil Nadu,THIRUVARUR,2008,Whole Year,Tapioca,227,8279,36.47136564
Tamil Nadu,THIRUVARUR,2008,Whole Year,Turmeric,4,12,3
Tamil Nadu,THIRUVARUR,2008,Whole Year,Urad,41360,10290,0.248791103
Tamil Nadu,THIRUVARUR,2009,Kharif,Rice,166252,483125,2.905980078
Tamil Nadu,THIRUVARUR,2009,Whole Year,Arecanut,2,4,2
Tamil Nadu,THIRUVARUR,2009,Whole Year,Banana,382,16425,42.9973822
Tamil Nadu,THIRUVARUR,2009,Whole Year,Cashewnut,3,2,0.666666667
Tamil Nadu,THIRUVARUR,2009,Whole Year,Coconut,5314,76900,14.47120813
Tamil Nadu,THIRUVARUR,2009,Whole Year,Cotton(lint),469,996,2.123667377
Tamil Nadu,THIRUVARUR,2009,Whole Year,Dry chillies,8,4,0.5
Tamil Nadu,THIRUVARUR,2009,Whole Year,Groundnut,1880,6832,3.634042553
Tamil Nadu,THIRUVARUR,2009,Whole Year,Moong(Green Gram),34789,9959,0.286268648
Tamil Nadu,THIRUVARUR,2009,Whole Year,Sesamum,1420,367,0.258450704
Tamil Nadu,THIRUVARUR,2009,Whole Year,Sugarcane,1695,171958,101.4501475
Tamil Nadu,THIRUVARUR,2009,Whole Year,Tapioca,212,7307,34.46698113
Tamil Nadu,THIRUVARUR,2009,Whole Year,Turmeric,2,10,5
Tamil Nadu,THIRUVARUR,2009,Whole Year,Urad,44181,15351,0.347457052
Tamil Nadu,THIRUVARUR,2010,Kharif,Cotton(lint),880,2495,2.835227273
Tamil Nadu,THIRUVARUR,2010,Kharif,Groundnut,1892,9537,5.040697674
Tamil Nadu,THIRUVARUR,2010,Kharif,Moong(Green Gram),37662,8960,0.237905581
Tamil Nadu,THIRUVARUR,2010,Kharif,Rice,160237,285589,1.782291231
Tamil Nadu,THIRUVARUR,2010,Kharif,Urad,56051,12540,0.223724822
Tamil Nadu,THIRUVARUR,2010,Whole Year,Sugarcane,846,91711,108.4054374
Tamil Nadu,THIRUVARUR,2011,Kharif,Groundnut,20,44,2.2
Tamil Nadu,THIRUVARUR,2011,Kharif,Rice,186307,789997,4.240296929
Tamil Nadu,THIRUVARUR,2011,Rabi,Cotton(lint),1254,4615,3.680223285
Tamil Nadu,THIRUVARUR,2011,Rabi,Groundnut,4073,22996,5.645961208
Tamil Nadu,THIRUVARUR,2011,Rabi,Maize,3,20,6.666666667
Tamil Nadu,THIRUVARUR,2011,Whole Year,Arecanut,2,5,2.5
Tamil Nadu,THIRUVARUR,2011,Whole Year,Banana,422,18439,43.6943128
Tamil Nadu,THIRUVARUR,2011,Whole Year,Cashewnut,3,1,0.333333333
Tamil Nadu,THIRUVARUR,2011,Whole Year,Coconut,4916,106300000,21623.27095
Tamil Nadu,THIRUVARUR,2011,Whole Year,Dry chillies,15,7,0.466666667
Tamil Nadu,THIRUVARUR,2011,Whole Year,Moong(Green Gram),35761,11460,0.320460837
Tamil Nadu,THIRUVARUR,2011,Whole Year,Onion,1,13,13
Tamil Nadu,THIRUVARUR,2011,Whole Year,Sugarcane,548,61667,112.5310219
Tamil Nadu,THIRUVARUR,2011,Whole Year,Tapioca,125,4708,37.664
Tamil Nadu,THIRUVARUR,2011,Whole Year,Turmeric,8,44,5.5
Tamil Nadu,THIRUVARUR,2011,Whole Year,Urad,44262,19100,0.431521395
Tamil Nadu,THIRUVARUR,2012,Kharif,Arhar/Tur,10,8,0.8
Tamil Nadu,THIRUVARUR,2012,Kharif,Cotton(lint),1320,2417,1.831060606
Tamil Nadu,THIRUVARUR,2012,Kharif,Groundnut,3334,10729,3.218056389
Tamil Nadu,THIRUVARUR,2012,Kharif,Moong(Green Gram),11621,5340,0.459512951
Tamil Nadu,THIRUVARUR,2012,Kharif,Rice,158904,192843,1.213581785
Tamil Nadu,THIRUVARUR,2012,Kharif,Urad,13153,6765,0.514331331
Tamil Nadu,THIRUVARUR,2012,Whole Year,Sugarcane,593,57898,97.63575042
Tamil Nadu,THIRUVARUR,2013,Kharif,Rice,174366,820538,4.705837147
Tamil Nadu,THIRUVARUR,2013,Kharif,Urad,580,487,0.839655172
Tamil Nadu,THIRUVARUR,2013,Rabi,Cotton(lint),3676,9189,2.499727965
Tamil Nadu,THIRUVARUR,2013,Rabi,Groundnut,3394,17733,5.224808486
Tamil Nadu,THIRUVARUR,2013,Rabi,Jowar,1,2,2
Tamil Nadu,THIRUVARUR,2013,Rabi,Maize,1,5,5
Tamil Nadu,THIRUVARUR,2013,Rabi,Moong(Green Gram),52575,56184,1.068644793
Tamil Nadu,THIRUVARUR,2013,Rabi,Urad,58178,60610,1.041802743
Tamil Nadu,THIRUVARUR,2013,Whole Year,Arecanut,2,3,1.5
Tamil Nadu,THIRUVARUR,2013,Whole Year,Arhar/Tur,2,2,1
Tamil Nadu,THIRUVARUR,2013,Whole Year,Banana,359,14911,41.53481894
Tamil Nadu,THIRUVARUR,2013,Whole Year,Cashewnut,3,1,0.333333333
Tamil Nadu,THIRUVARUR,2013,Whole Year,Coconut,4787,68500000,14309.58847
Tamil Nadu,THIRUVARUR,2013,Whole Year,Dry chillies,8,2,0.25
Tamil Nadu,THIRUVARUR,2013,Whole Year,Sugarcane,503,52098,103.5745527
Tamil Nadu,THIRUVARUR,2013,Whole Year,Tapioca,152,4548,29.92105263
Tamil Nadu,TIRUCHIRAPPALLI,1997,Kharif,Banana,11005,392293,35.64679691
Tamil Nadu,TIRUCHIRAPPALLI,1997,Kharif,Horse-gram,1034,530,0.512572534
Tamil Nadu,TIRUCHIRAPPALLI,1997,Kharif,Onion,2821,22770,8.071605814
Tamil Nadu,TIRUCHIRAPPALLI,1997,Kharif,Sesamum,932,670,0.71888412
Tamil Nadu,TIRUCHIRAPPALLI,1997,Kharif,Small millets,1434,1370,0.955369596
Tamil Nadu,TIRUCHIRAPPALLI,1997,Whole Year,Arhar/Tur,1659,750,0.452079566
Tamil Nadu,TIRUCHIRAPPALLI,1997,Whole Year,Bajra,5020,4800,0.956175299
Tamil Nadu,TIRUCHIRAPPALLI,1997,Whole Year,Banana,8909,564660,63.38085083
Tamil Nadu,TIRUCHIRAPPALLI,1997,Whole Year,Cashewnut,718,120,0.167130919
Tamil Nadu,TIRUCHIRAPPALLI,1997,Whole Year,Castor seed,430,140,0.325581395
Tamil Nadu,TIRUCHIRAPPALLI,1997,Whole Year,Coriander,2358,540,0.229007634
Tamil Nadu,TIRUCHIRAPPALLI,1997,Whole Year,Cotton(lint),10825,22580,2.08591224
Tamil Nadu,TIRUCHIRAPPALLI,1997,Whole Year,Dry chillies,2456,1620,0.659609121
Tamil Nadu,TIRUCHIRAPPALLI,1997,Whole Year,Gram,77,50,0.649350649
Tamil Nadu,TIRUCHIRAPPALLI,1997,Whole Year,Groundnut,14274,20130,1.41025641
Tamil Nadu,TIRUCHIRAPPALLI,1997,Whole Year,Jowar,39415,39930,1.013066092
Tamil Nadu,TIRUCHIRAPPALLI,1997,Whole Year,Maize,6,10,1.666666667
Tamil Nadu,TIRUCHIRAPPALLI,1997,Whole Year,Moong(Green Gram),598,210,0.351170569
Tamil Nadu,TIRUCHIRAPPALLI,1997,Whole Year,Pulses total,6503,2690,0.413655236
Tamil Nadu,TIRUCHIRAPPALLI,1997,Whole Year,Ragi,194,370,1.907216495
Tamil Nadu,TIRUCHIRAPPALLI,1997,Whole Year,Rice,67730,223530,3.300310055
Tamil Nadu,TIRUCHIRAPPALLI,1997,Whole Year,Small millets,160,10,0.0625
Tamil Nadu,TIRUCHIRAPPALLI,1997,Whole Year,Sugarcane,4315,5806000,1345.538818
Tamil Nadu,TIRUCHIRAPPALLI,1997,Whole Year,Sunflower,3947,3520,0.89181657
Tamil Nadu,TIRUCHIRAPPALLI,1997,Whole Year,Sweet potato,56,1030,18.39285714
Tamil Nadu,TIRUCHIRAPPALLI,1997,Whole Year,Tapioca,5257,225530,42.90089405
Tamil Nadu,TIRUCHIRAPPALLI,1997,Whole Year,Total foodgrain,120323,272710,2.266482717
Tamil Nadu,TIRUCHIRAPPALLI,1997,Whole Year,Turmeric,67,540,8.059701493
Tamil Nadu,TIRUCHIRAPPALLI,1997,Whole Year,Urad,2154,1000,0.464252553
Tamil Nadu,TIRUCHIRAPPALLI,1998,Kharif,Arhar/Tur,5705,2482,0.435056968
Tamil Nadu,TIRUCHIRAPPALLI,1998,Kharif,Bajra,8426,13652,1.620223119
Tamil Nadu,TIRUCHIRAPPALLI,1998,Kharif,Cotton(lint),7328,13047,1.780431223
Tamil Nadu,TIRUCHIRAPPALLI,1998,Kharif,Groundnut,31029,55803,1.798414387
Tamil Nadu,TIRUCHIRAPPALLI,1998,Kharif,Horse-gram,1896,950,0.501054852
Tamil Nadu,TIRUCHIRAPPALLI,1998,Kharif,Jowar,53154,50923,0.958027618
Tamil Nadu,TIRUCHIRAPPALLI,1998,Kharif,Maize,34,40,1.176470588
Tamil Nadu,TIRUCHIRAPPALLI,1998,Kharif,Mesta,100,467,4.67
Tamil Nadu,TIRUCHIRAPPALLI,1998,Kharif,Moong(Green Gram),3618,1726,0.477059149
Tamil Nadu,TIRUCHIRAPPALLI,1998,Kharif,Pulses total,29957,13550,0.452314985
Tamil Nadu,TIRUCHIRAPPALLI,1998,Kharif,Ragi,238,528,2.218487395
Tamil Nadu,TIRUCHIRAPPALLI,1998,Kharif,Rice,70659,244008,3.453318049
Tamil Nadu,TIRUCHIRAPPALLI,1998,Kharif,Sesamum,9535,5364,0.562558993
Tamil Nadu,TIRUCHIRAPPALLI,1998,Kharif,Small millets,1200,800,0.666666667
Tamil Nadu,TIRUCHIRAPPALLI,1998,Kharif,Sunflower,2428,3353,1.380971993
Tamil Nadu,TIRUCHIRAPPALLI,1998,Kharif,Total foodgrain,165476,32667,0.197412314
Tamil Nadu,TIRUCHIRAPPALLI,1998,Kharif,Urad,16386,8013,0.489015013
Tamil Nadu,TIRUCHIRAPPALLI,1998,Rabi,Gram,38,27,0.710526316
Tamil Nadu,TIRUCHIRAPPALLI,1998,Whole Year,Banana,13372,847531,63.38102004
Tamil Nadu,TIRUCHIRAPPALLI,1998,Whole Year,Black pepper,4,1,0.25
Tamil Nadu,TIRUCHIRAPPALLI,1998,Whole Year,Cashewnut,776,158,0.203608247
Tamil Nadu,TIRUCHIRAPPALLI,1998,Whole Year,Castor seed,1724,479,0.277842227
Tamil Nadu,TIRUCHIRAPPALLI,1998,Whole Year,Coriander,4760,1069,0.224579832
Tamil Nadu,TIRUCHIRAPPALLI,1998,Whole Year,Dry chillies,2330,1533,0.657939914
Tamil Nadu,TIRUCHIRAPPALLI,1998,Whole Year,Onion,3582,27316,7.625907314
Tamil Nadu,TIRUCHIRAPPALLI,1998,Whole Year,Sugarcane,13204,1899500,143.8579218
Tamil Nadu,TIRUCHIRAPPALLI,1998,Whole Year,Sweet potato,152,2731,17.96710526
Tamil Nadu,TIRUCHIRAPPALLI,1998,Whole Year,Tapioca,5482,235183,42.90094856
Tamil Nadu,TIRUCHIRAPPALLI,1998,Whole Year,Turmeric,131,1062,8.106870229
Tamil Nadu,TIRUCHIRAPPALLI,1999,Kharif,Arhar/Tur,3525,1740,0.493617021
Tamil Nadu,TIRUCHIRAPPALLI,1999,Kharif,Bajra,7247,6835,0.943148889
Tamil Nadu,TIRUCHIRAPPALLI,1999,Kharif,Castor seed,1237,419,0.338722716
Tamil Nadu,TIRUCHIRAPPALLI,1999,Kharif,Cotton(lint),5698,9562,1.678132678
Tamil Nadu,TIRUCHIRAPPALLI,1999,Kharif,Groundnut,26249,38672,1.473275172
Tamil Nadu,TIRUCHIRAPPALLI,1999,Kharif,Horse-gram,1983,841,0.424104892
Tamil Nadu,TIRUCHIRAPPALLI,1999,Kharif,Jowar,59485,42088,0.707539716
Tamil Nadu,TIRUCHIRAPPALLI,1999,Kharif,Korra,188,137,0.728723404
Tamil Nadu,TIRUCHIRAPPALLI,1999,Kharif,Maize,333,399,1.198198198
Tamil Nadu,TIRUCHIRAPPALLI,1999,Kharif,Mesta,35,163,4.657142857
Tamil Nadu,TIRUCHIRAPPALLI,1999,Kharif,Moong(Green Gram),3268,1775,0.543145655
Tamil Nadu,TIRUCHIRAPPALLI,1999,Kharif,Ragi,705,812,1.15177305
Tamil Nadu,TIRUCHIRAPPALLI,1999,Kharif,Rice,75636,309928,4.097625469
Tamil Nadu,TIRUCHIRAPPALLI,1999,Kharif,Sesamum,8772,6005,0.684564523
Tamil Nadu,TIRUCHIRAPPALLI,1999,Kharif,Sunflower,3157,3350,1.061133988
Tamil Nadu,TIRUCHIRAPPALLI,1999,Kharif,Urad,18517,9592,0.518010477
Tamil Nadu,TIRUCHIRAPPALLI,1999,Kharif,Varagu,3707,5270,1.421634745
Tamil Nadu,TIRUCHIRAPPALLI,1999,Rabi,Gram,135,85,0.62962963
Tamil Nadu,TIRUCHIRAPPALLI,1999,Rabi,Samai,559,411,0.735241503
Tamil Nadu,TIRUCHIRAPPALLI,1999,Whole Year,Banana,11005,392293,35.64679691
Tamil Nadu,TIRUCHIRAPPALLI,1999,Whole Year,Cashewnut,892,261,0.292600897
Tamil Nadu,TIRUCHIRAPPALLI,1999,Whole Year,Coriander,1164,271,0.232817869
Tamil Nadu,TIRUCHIRAPPALLI,1999,Whole Year,Dry chillies,3335,1644,0.492953523
Tamil Nadu,TIRUCHIRAPPALLI,1999,Whole Year,Guar seed,6241,67957,10.88879987
Tamil Nadu,TIRUCHIRAPPALLI,1999,Whole Year,Onion,2821,22770,8.071605814
Tamil Nadu,TIRUCHIRAPPALLI,1999,Whole Year,Sugarcane,6241,698801,111.9693959
Tamil Nadu,TIRUCHIRAPPALLI,1999,Whole Year,Sweet potato,47,570,12.12765957
Tamil Nadu,TIRUCHIRAPPALLI,1999,Whole Year,Tapioca,4155,176513,42.4820698
Tamil Nadu,TIRUCHIRAPPALLI,1999,Whole Year,Turmeric,205,1217,5.936585366
Tamil Nadu,TIRUCHIRAPPALLI,2000,Kharif,Arhar/Tur,3523,1739,0.493613398
Tamil Nadu,TIRUCHIRAPPALLI,2000,Kharif,Bajra,7087,8326,1.174827148
Tamil Nadu,TIRUCHIRAPPALLI,2000,Kharif,Castor seed,1553,526,0.338699292
Tamil Nadu,TIRUCHIRAPPALLI,2000,Kharif,Cotton(lint),7083,12300,1.736552308
Tamil Nadu,TIRUCHIRAPPALLI,2000,Kharif,Groundnut,27074,39109,1.44452242
Tamil Nadu,TIRUCHIRAPPALLI,2000,Kharif,Horse-gram,1915,824,0.430287206
Tamil Nadu,TIRUCHIRAPPALLI,2000,Kharif,Jowar,49749,36670,0.737100243
Tamil Nadu,TIRUCHIRAPPALLI,2000,Kharif,Maize,1265,1516,1.198418972
Tamil Nadu,TIRUCHIRAPPALLI,2000,Kharif,Mesta,105,491,4.676190476
Tamil Nadu,TIRUCHIRAPPALLI,2000,Kharif,Moong(Green Gram),3553,1659,0.466929355
Tamil Nadu,TIRUCHIRAPPALLI,2000,Kharif,Other Cereals & Millets,2420,2935,1.212809917
Tamil Nadu,TIRUCHIRAPPALLI,2000,Kharif,Other Kharif pulses,2385,361,0.151362683
Tamil Nadu,TIRUCHIRAPPALLI,2000,Kharif,Ragi,122,233,1.909836066
Tamil Nadu,TIRUCHIRAPPALLI,2000,Kharif,Rice,69697,302523,4.340545504
Tamil Nadu,TIRUCHIRAPPALLI,2000,Kharif,Sesamum,5416,3841,0.709194978
Tamil Nadu,TIRUCHIRAPPALLI,2000,Kharif,Sunflower,3841,4983,1.297318407
Tamil Nadu,TIRUCHIRAPPALLI,2000,Kharif,Urad,20932,10843,0.518010701
Tamil Nadu,TIRUCHIRAPPALLI,2000,Rabi,Gram,68,43,0.632352941
Tamil Nadu,TIRUCHIRAPPALLI,2000,Whole Year,Banana,9348,333226,35.64676936
Tamil Nadu,TIRUCHIRAPPALLI,2000,Whole Year,Cashewnut,102,32,0.31372549
Tamil Nadu,TIRUCHIRAPPALLI,2000,Whole Year,Coriander,683,159,0.232796486
Tamil Nadu,TIRUCHIRAPPALLI,2000,Whole Year,Dry chillies,1635,924,0.565137615
Tamil Nadu,TIRUCHIRAPPALLI,2000,Whole Year,Onion,1977,15958,8.071825999
Tamil Nadu,TIRUCHIRAPPALLI,2000,Whole Year,Sannhamp,130,95,0.730769231
Tamil Nadu,TIRUCHIRAPPALLI,2000,Whole Year,Sugarcane,4964,555816,111.9693795
Tamil Nadu,TIRUCHIRAPPALLI,2000,Whole Year,Sweet potato,77,933,12.11688312
Tamil Nadu,TIRUCHIRAPPALLI,2000,Whole Year,Tapioca,6243,265215,42.48197982
Tamil Nadu,TIRUCHIRAPPALLI,2000,Whole Year,Turmeric,278,1700,6.115107914
Tamil Nadu,TIRUCHIRAPPALLI,2001,Kharif,Arhar/Tur,1942,800,0.411946447
Tamil Nadu,TIRUCHIRAPPALLI,2001,Kharif,Bajra,3777,2690,0.712205454
Tamil Nadu,TIRUCHIRAPPALLI,2001,Kharif,Cotton(lint),9508,10880,1.144299537
Tamil Nadu,TIRUCHIRAPPALLI,2001,Kharif,Groundnut,13518,24880,1.840508951
Tamil Nadu,TIRUCHIRAPPALLI,2001,Kharif,Jowar,33672,19290,0.572879544
Tamil Nadu,TIRUCHIRAPPALLI,2001,Kharif,Moong(Green Gram),694,290,0.417867435
Tamil Nadu,TIRUCHIRAPPALLI,2001,Kharif,Ragi,140,250,1.785714286
Tamil Nadu,TIRUCHIRAPPALLI,2001,Kharif,Rice,72317,296510,4.100142428
Tamil Nadu,TIRUCHIRAPPALLI,2001,Kharif,Sesamum,839,630,0.750893921
Tamil Nadu,TIRUCHIRAPPALLI,2001,Kharif,Sunflower,1882,3990,2.120085016
Tamil Nadu,TIRUCHIRAPPALLI,2001,Kharif,Urad,4195,1640,0.390941597
Tamil Nadu,TIRUCHIRAPPALLI,2001,Whole Year,Sugarcane,4789,479800,100.1879307
Tamil Nadu,TIRUCHIRAPPALLI,2002,Kharif,Arhar/Tur,951,248,0.260778128
Tamil Nadu,TIRUCHIRAPPALLI,2002,Kharif,Bajra,3757,3676,0.978440245
Tamil Nadu,TIRUCHIRAPPALLI,2002,Kharif,Castor seed,337,111,0.329376855
Tamil Nadu,TIRUCHIRAPPALLI,2002,Kharif,Cotton(lint),1558,2581,1.65661104
Tamil Nadu,TIRUCHIRAPPALLI,2002,Kharif,Groundnut,9005,15616,1.734147696
Tamil Nadu,TIRUCHIRAPPALLI,2002,Kharif,Horse-gram,717,182,0.253835425
Tamil Nadu,TIRUCHIRAPPALLI,2002,Kharif,Jowar,33223,20181,0.607440628
Tamil Nadu,TIRUCHIRAPPALLI,2002,Kharif,Korra,1,1,1
Tamil Nadu,TIRUCHIRAPPALLI,2002,Kharif,Maize,3551,4916,1.384398761
Tamil Nadu,TIRUCHIRAPPALLI,2002,Kharif,Moong(Green Gram),543,231,0.425414365
Tamil Nadu,TIRUCHIRAPPALLI,2002,Kharif,Other Kharif pulses,543,82,0.151012891
Tamil Nadu,TIRUCHIRAPPALLI,2002,Kharif,Ragi,102,130,1.274509804
Tamil Nadu,TIRUCHIRAPPALLI,2002,Kharif,Rice,51746,154947,2.994376377
Tamil Nadu,TIRUCHIRAPPALLI,2002,Kharif,Samai,275,199,0.723636364
Tamil Nadu,TIRUCHIRAPPALLI,2002,Kharif,Sesamum,768,480,0.625
Tamil Nadu,TIRUCHIRAPPALLI,2002,Kharif,Sunflower,2540,4698,1.849606299
Tamil Nadu,TIRUCHIRAPPALLI,2002,Kharif,Urad,2738,1092,0.398831264
Tamil Nadu,TIRUCHIRAPPALLI,2002,Kharif,Varagu,477,531,1.113207547
Tamil Nadu,TIRUCHIRAPPALLI,2002,Rabi,Gram,38,23,0.605263158
Tamil Nadu,TIRUCHIRAPPALLI,2002,Whole Year,Arecanut,8,,
Tamil Nadu,TIRUCHIRAPPALLI,2002,Whole Year,Ash Gourd,32,0,0
Tamil Nadu,TIRUCHIRAPPALLI,2002,Whole Year,Banana,9020,384166,42.59046563
Tamil Nadu,TIRUCHIRAPPALLI,2002,Whole Year,Bhindi,91,678,7.450549451
Tamil Nadu,TIRUCHIRAPPALLI,2002,Whole Year,Bitter Gourd,14,0,0
Tamil Nadu,TIRUCHIRAPPALLI,2002,Whole Year,Bottle Gourd,2,0,0
Tamil Nadu,TIRUCHIRAPPALLI,2002,Whole Year,Brinjal,127,968,7.622047244
Tamil Nadu,TIRUCHIRAPPALLI,2002,Whole Year,Cashewnut,770,233,0.302597403
Tamil Nadu,TIRUCHIRAPPALLI,2002,Whole Year,Citrus Fruit,1113,1233,1.107816712
Tamil Nadu,TIRUCHIRAPPALLI,2002,Whole Year,Coconut,5991,84200,14.05441496
Tamil Nadu,TIRUCHIRAPPALLI,2002,Whole Year,Coriander,1643,210,0.127814973
Tamil Nadu,TIRUCHIRAPPALLI,2002,Whole Year,Cucumber,6,0,0
Tamil Nadu,TIRUCHIRAPPALLI,2002,Whole Year,Drum Stick,39,0,0
Tamil Nadu,TIRUCHIRAPPALLI,2002,Whole Year,Dry chillies,1819,1969,1.082462892
Tamil Nadu,TIRUCHIRAPPALLI,2002,Whole Year,Grapes,9,131,14.55555556
Tamil Nadu,TIRUCHIRAPPALLI,2002,Whole Year,Jack Fruit,23,260,11.30434783
Tamil Nadu,TIRUCHIRAPPALLI,2002,Whole Year,Lab-Lab,31,0,0
Tamil Nadu,TIRUCHIRAPPALLI,2002,Whole Year,Mango,2129,3294,1.547205261
Tamil Nadu,TIRUCHIRAPPALLI,2002,Whole Year,Onion,2495,26514,10.62685371
Tamil Nadu,TIRUCHIRAPPALLI,2002,Whole Year,Orange,3,4,1.333333333
Tamil Nadu,TIRUCHIRAPPALLI,2002,Whole Year,Other Citrus Fruit,22,0,0
Tamil Nadu,TIRUCHIRAPPALLI,2002,Whole Year,Other Fresh Fruits,81,0,0
Tamil Nadu,TIRUCHIRAPPALLI,2002,Whole Year,Other Vegetables,23,0,0
Tamil Nadu,TIRUCHIRAPPALLI,2002,Whole Year,Papaya,4,0,0
Tamil Nadu,TIRUCHIRAPPALLI,2002,Whole Year,Pome Fruit,224,1172,5.232142857
Tamil Nadu,TIRUCHIRAPPALLI,2002,Whole Year,Pome Granet,13,0,0
Tamil Nadu,TIRUCHIRAPPALLI,2002,Whole Year,Pump Kin,30,0,0
Tamil Nadu,TIRUCHIRAPPALLI,2002,Whole Year,Redish,3,0,0
Tamil Nadu,TIRUCHIRAPPALLI,2002,Whole Year,Ribed Guard,4,0,0
Tamil Nadu,TIRUCHIRAPPALLI,2002,Whole Year,Snak Guard,17,0,0
Tamil Nadu,TIRUCHIRAPPALLI,2002,Whole Year,Sugarcane,4614,423740,91.8378847
Tamil Nadu,TIRUCHIRAPPALLI,2002,Whole Year,Sweet potato,24,328,13.66666667
Tamil Nadu,TIRUCHIRAPPALLI,2002,Whole Year,Tapioca,5510,261040,47.37568058
Tamil Nadu,TIRUCHIRAPPALLI,2002,Whole Year,Tomato,407,5013,12.31695332
Tamil Nadu,TIRUCHIRAPPALLI,2002,Whole Year,Turmeric,253,944,3.731225296
Tamil Nadu,TIRUCHIRAPPALLI,2003,Kharif,Arhar/Tur,1742,353,0.202640643
Tamil Nadu,TIRUCHIRAPPALLI,2003,Kharif,Bajra,4393,2554,0.581379467
Tamil Nadu,TIRUCHIRAPPALLI,2003,Kharif,Castor seed,416,138,0.331730769
Tamil Nadu,TIRUCHIRAPPALLI,2003,Kharif,Cotton(lint),2767,3580,1.293820022
Tamil Nadu,TIRUCHIRAPPALLI,2003,Kharif,Groundnut,12583,20484,1.627910673
Tamil Nadu,TIRUCHIRAPPALLI,2003,Kharif,Horse-gram,1073,287,0.267474371
Tamil Nadu,TIRUCHIRAPPALLI,2003,Kharif,Jowar,38827,23826,0.613645144
Tamil Nadu,TIRUCHIRAPPALLI,2003,Kharif,Korra,1,1,1
Tamil Nadu,TIRUCHIRAPPALLI,2003,Kharif,Maize,6369,8458,1.327994976
Tamil Nadu,TIRUCHIRAPPALLI,2003,Kharif,Moong(Green Gram),451,191,0.423503326
Tamil Nadu,TIRUCHIRAPPALLI,2003,Kharif,Other Kharif pulses,906,137,0.151214128
Tamil Nadu,TIRUCHIRAPPALLI,2003,Kharif,Ragi,186,256,1.376344086
Tamil Nadu,TIRUCHIRAPPALLI,2003,Kharif,Rice,42928,126078,2.936964219
Tamil Nadu,TIRUCHIRAPPALLI,2003,Kharif,Sesamum,554,209,0.377256318
Tamil Nadu,TIRUCHIRAPPALLI,2003,Kharif,Small millets,612,548,0.895424837
Tamil Nadu,TIRUCHIRAPPALLI,2003,Kharif,Sunflower,2338,4827,2.064585115
Tamil Nadu,TIRUCHIRAPPALLI,2003,Kharif,Urad,1331,544,0.408715252
Tamil Nadu,TIRUCHIRAPPALLI,2003,Rabi,Gram,133,79,0.593984962
Tamil Nadu,TIRUCHIRAPPALLI,2003,Whole Year,Arecanut,11,,
Tamil Nadu,TIRUCHIRAPPALLI,2003,Whole Year,Ash Gourd,13,0,0
Tamil Nadu,TIRUCHIRAPPALLI,2003,Whole Year,Banana,7521,346490,46.06967159
Tamil Nadu,TIRUCHIRAPPALLI,2003,Whole Year,Bhindi,132,924,7
Tamil Nadu,TIRUCHIRAPPALLI,2003,Whole Year,Bitter Gourd,22,0,0
Tamil Nadu,TIRUCHIRAPPALLI,2003,Whole Year,Brinjal,152,1699,11.17763158
Tamil Nadu,TIRUCHIRAPPALLI,2003,Whole Year,Cardamom,2,,
Tamil Nadu,TIRUCHIRAPPALLI,2003,Whole Year,Cashewnut,786,271,0.344783715
Tamil Nadu,TIRUCHIRAPPALLI,2003,Whole Year,Citrus Fruit,1127,1176,1.043478261
Tamil Nadu,TIRUCHIRAPPALLI,2003,Whole Year,Coconut,5927,47300,7.980428547
Tamil Nadu,TIRUCHIRAPPALLI,2003,Whole Year,Coriander,1410,710,0.503546099
Tamil Nadu,TIRUCHIRAPPALLI,2003,Whole Year,Cucumber,2,0,0
Tamil Nadu,TIRUCHIRAPPALLI,2003,Whole Year,Drum Stick,44,0,0
Tamil Nadu,TIRUCHIRAPPALLI,2003,Whole Year,Dry chillies,2231,2976,1.333930973
Tamil Nadu,TIRUCHIRAPPALLI,2003,Whole Year,Grapes,6,145,24.16666667
Tamil Nadu,TIRUCHIRAPPALLI,2003,Whole Year,Jack Fruit,22,213,9.681818182
Tamil Nadu,TIRUCHIRAPPALLI,2003,Whole Year,Lab-Lab,32,0,0
Tamil Nadu,TIRUCHIRAPPALLI,2003,Whole Year,Mango,2191,5204,2.375171155
Tamil Nadu,TIRUCHIRAPPALLI,2003,Whole Year,Onion,3030,34844,11.49966997
Tamil Nadu,TIRUCHIRAPPALLI,2003,Whole Year,Orange,21,41,1.952380952
Tamil Nadu,TIRUCHIRAPPALLI,2003,Whole Year,Other Citrus Fruit,38,0,0
Tamil Nadu,TIRUCHIRAPPALLI,2003,Whole Year,Other Fresh Fruits,81,0,0
Tamil Nadu,TIRUCHIRAPPALLI,2003,Whole Year,Other Vegetables,38,0,0
Tamil Nadu,TIRUCHIRAPPALLI,2003,Whole Year,Papaya,2,0,0
Tamil Nadu,TIRUCHIRAPPALLI,2003,Whole Year,Pome Fruit,228,1601,7.021929825
Tamil Nadu,TIRUCHIRAPPALLI,2003,Whole Year,Pome Granet,10,0,0
Tamil Nadu,TIRUCHIRAPPALLI,2003,Whole Year,Pump Kin,15,0,0
Tamil Nadu,TIRUCHIRAPPALLI,2003,Whole Year,Redish,8,0,0
Tamil Nadu,TIRUCHIRAPPALLI,2003,Whole Year,Ribed Guard,5,0,0
Tamil Nadu,TIRUCHIRAPPALLI,2003,Whole Year,Snak Guard,16,0,0
Tamil Nadu,TIRUCHIRAPPALLI,2003,Whole Year,Sugarcane,3135,318762,101.6784689
Tamil Nadu,TIRUCHIRAPPALLI,2003,Whole Year,Sweet potato,56,811,14.48214286
Tamil Nadu,TIRUCHIRAPPALLI,2003,Whole Year,Tapioca,5418,227965,42.07548911
Tamil Nadu,TIRUCHIRAPPALLI,2003,Whole Year,Tomato,340,3451,10.15
Tamil Nadu,TIRUCHIRAPPALLI,2003,Whole Year,Turmeric,267,1110,4.157303371
Tamil Nadu,TIRUCHIRAPPALLI,2003,Whole Year,Water Melon,2,0,0
Tamil Nadu,TIRUCHIRAPPALLI,2003,Whole Year,Yam,4,0,0
Tamil Nadu,TIRUCHIRAPPALLI,2004,Kharif,Arhar/Tur,2397,688,0.287025448
Tamil Nadu,TIRUCHIRAPPALLI,2004,Kharif,Bajra,3349,1391,0.415347865
Tamil Nadu,TIRUCHIRAPPALLI,2004,Kharif,Castor seed,598,197,0.329431438
Tamil Nadu,TIRUCHIRAPPALLI,2004,Kharif,Cotton(lint),2715,3812,1.404051565
Tamil Nadu,TIRUCHIRAPPALLI,2004,Kharif,Groundnut,15456,26820,1.735248447
Tamil Nadu,TIRUCHIRAPPALLI,2004,Kharif,Horse-gram,852,254,0.298122066
Tamil Nadu,TIRUCHIRAPPALLI,2004,Kharif,Jowar,38009,17263,0.454181904
Tamil Nadu,TIRUCHIRAPPALLI,2004,Kharif,Maize,6441,8424,1.307871449
Tamil Nadu,TIRUCHIRAPPALLI,2004,Kharif,Moong(Green Gram),630,251,0.398412698
Tamil Nadu,TIRUCHIRAPPALLI,2004,Kharif,Niger seed,25,,
Tamil Nadu,TIRUCHIRAPPALLI,2004,Kharif,Other Kharif pulses,563,85,0.150976909
Tamil Nadu,TIRUCHIRAPPALLI,2004,Kharif,Ragi,136,187,1.375
Tamil Nadu,TIRUCHIRAPPALLI,2004,Kharif,Rice,62178,205397,3.303370967
Tamil Nadu,TIRUCHIRAPPALLI,2004,Kharif,Sesamum,657,373,0.567732116
Tamil Nadu,TIRUCHIRAPPALLI,2004,Kharif,Small millets,533,273,0.512195122
Tamil Nadu,TIRUCHIRAPPALLI,2004,Kharif,Sunflower,3378,3988,1.180580225
Tamil Nadu,TIRUCHIRAPPALLI,2004,Kharif,Urad,4401,1614,0.366734833
Tamil Nadu,TIRUCHIRAPPALLI,2004,Rabi,Gram,41,24,0.585365854
Tamil Nadu,TIRUCHIRAPPALLI,2004,Rabi,Rapeseed &Mustard,5,1,0.2
Tamil Nadu,TIRUCHIRAPPALLI,2004,Whole Year,Arecanut,13,25,1.923076923
Tamil Nadu,TIRUCHIRAPPALLI,2004,Whole Year,Banana,8520,417825,49.04049296
Tamil Nadu,TIRUCHIRAPPALLI,2004,Whole Year,Cardamom,1,,
Tamil Nadu,TIRUCHIRAPPALLI,2004,Whole Year,Cashewnut,800,289,0.36125
Tamil Nadu,TIRUCHIRAPPALLI,2004,Whole Year,Coconut,6231,51600,8.281174771
Tamil Nadu,TIRUCHIRAPPALLI,2004,Whole Year,Coriander,699,383,0.547925608
Tamil Nadu,TIRUCHIRAPPALLI,2004,Whole Year,Dry chillies,1995,1671,0.837593985
Tamil Nadu,TIRUCHIRAPPALLI,2004,Whole Year,Onion,3410,23153,6.78973607
Tamil Nadu,TIRUCHIRAPPALLI,2004,Whole Year,Sugarcane,4470,391871,87.66689038
Tamil Nadu,TIRUCHIRAPPALLI,2004,Whole Year,Sweet potato,41,620,15.12195122
Tamil Nadu,TIRUCHIRAPPALLI,2004,Whole Year,Tapioca,6013,286721,47.68351904
Tamil Nadu,TIRUCHIRAPPALLI,2004,Whole Year,Turmeric,402,2203,5.480099502
Tamil Nadu,TIRUCHIRAPPALLI,2005,Kharif,Arhar/Tur,1817,559,0.307649972
Tamil Nadu,TIRUCHIRAPPALLI,2005,Kharif,Bajra,2663,851,0.319564401
Tamil Nadu,TIRUCHIRAPPALLI,2005,Kharif,Castor seed,411,136,0.330900243
Tamil Nadu,TIRUCHIRAPPALLI,2005,Kharif,Cotton(lint),3299,4847,1.469233101
Tamil Nadu,TIRUCHIRAPPALLI,2005,Kharif,Groundnut,17463,31422,1.799347191
Tamil Nadu,TIRUCHIRAPPALLI,2005,Kharif,Horse-gram,863,329,0.381228273
Tamil Nadu,TIRUCHIRAPPALLI,2005,Kharif,Jowar,34475,12439,0.360812183
Tamil Nadu,TIRUCHIRAPPALLI,2005,Kharif,Maize,9819,,
Tamil Nadu,TIRUCHIRAPPALLI,2005,Kharif,Moong(Green Gram),389,131,0.336760925
Tamil Nadu,TIRUCHIRAPPALLI,2005,Kharif,Niger seed,32,,
Tamil Nadu,TIRUCHIRAPPALLI,2005,Kharif,Other Kharif pulses,666,108,0.162162162
Tamil Nadu,TIRUCHIRAPPALLI,2005,Kharif,Ragi,60,77,1.283333333
Tamil Nadu,TIRUCHIRAPPALLI,2005,Kharif,Rice,79576,236740,2.975017593
Tamil Nadu,TIRUCHIRAPPALLI,2005,Kharif,Sesamum,425,262,0.616470588
Tamil Nadu,TIRUCHIRAPPALLI,2005,Kharif,Small millets,213,176,0.82629108
Tamil Nadu,TIRUCHIRAPPALLI,2005,Kharif,Sunflower,2422,2699,1.114368291
Tamil Nadu,TIRUCHIRAPPALLI,2005,Kharif,Urad,1915,629,0.32845953
Tamil Nadu,TIRUCHIRAPPALLI,2005,Rabi,Gram,55,33,0.6
Tamil Nadu,TIRUCHIRAPPALLI,2005,Whole Year,Arecanut,13,16,1.230769231
Tamil Nadu,TIRUCHIRAPPALLI,2005,Whole Year,Banana,8871,404377,45.5841506
Tamil Nadu,TIRUCHIRAPPALLI,2005,Whole Year,Cashewnut,781,295,0.377720871
Tamil Nadu,TIRUCHIRAPPALLI,2005,Whole Year,Coconut,6428,656,0.102053516
Tamil Nadu,TIRUCHIRAPPALLI,2005,Whole Year,Coriander,698,222,0.318051576
Tamil Nadu,TIRUCHIRAPPALLI,2005,Whole Year,Dry chillies,1256,786,0.625796178
Tamil Nadu,TIRUCHIRAPPALLI,2005,Whole Year,Onion,4134,25379,6.139090469
Tamil Nadu,TIRUCHIRAPPALLI,2005,Whole Year,Sugarcane,7485,648156,86.59398798
Tamil Nadu,TIRUCHIRAPPALLI,2005,Whole Year,Sweet potato,39,813,20.84615385
Tamil Nadu,TIRUCHIRAPPALLI,2005,Whole Year,Tapioca,5771,231603,40.13221279
Tamil Nadu,TIRUCHIRAPPALLI,2005,Whole Year,Turmeric,440,2429,5.520454545
Tamil Nadu,TIRUCHIRAPPALLI,2006,Kharif,Rice,71722,282444,3.938038538
Tamil Nadu,TIRUCHIRAPPALLI,2006,Kharif,Small millets,225,295,1.311111111
Tamil Nadu,TIRUCHIRAPPALLI,2006,Whole Year,Arecanut,11,14,1.272727273
Tamil Nadu,TIRUCHIRAPPALLI,2006,Whole Year,Arhar/Tur,1324,841,0.635196375
Tamil Nadu,TIRUCHIRAPPALLI,2006,Whole Year,Bajra,2976,2561,0.860551075
Tamil Nadu,TIRUCHIRAPPALLI,2006,Whole Year,Banana,8790,437633,49.78759954
Tamil Nadu,TIRUCHIRAPPALLI,2006,Whole Year,Cashewnut,781,355,0.454545455
Tamil Nadu,TIRUCHIRAPPALLI,2006,Whole Year,Castor seed,210,69,0.328571429
Tamil Nadu,TIRUCHIRAPPALLI,2006,Whole Year,Coconut,6475,1102,0.17019305
Tamil Nadu,TIRUCHIRAPPALLI,2006,Whole Year,Coriander,552,166,0.300724638
Tamil Nadu,TIRUCHIRAPPALLI,2006,Whole Year,Cotton(lint),5508,13742,2.494916485
Tamil Nadu,TIRUCHIRAPPALLI,2006,Whole Year,Dry chillies,1678,629,0.374851013
Tamil Nadu,TIRUCHIRAPPALLI,2006,Whole Year,Gram,43,26,0.604651163
Tamil Nadu,TIRUCHIRAPPALLI,2006,Whole Year,Groundnut,13562,30622,2.25792656
Tamil Nadu,TIRUCHIRAPPALLI,2006,Whole Year,Horse-gram,873,511,0.585337915
Tamil Nadu,TIRUCHIRAPPALLI,2006,Whole Year,Jowar,30871,21481,0.695831039
Tamil Nadu,TIRUCHIRAPPALLI,2006,Whole Year,Maize,7476,30669,4.102327448
Tamil Nadu,TIRUCHIRAPPALLI,2006,Whole Year,Moong(Green Gram),443,440,0.993227991
Tamil Nadu,TIRUCHIRAPPALLI,2006,Whole Year,Onion,3993,31869,7.98121713
Tamil Nadu,TIRUCHIRAPPALLI,2006,Whole Year,Ragi,59,92,1.559322034
Tamil Nadu,TIRUCHIRAPPALLI,2006,Whole Year,Sesamum,386,267,0.691709845
Tamil Nadu,TIRUCHIRAPPALLI,2006,Whole Year,Sugarcane,7464,737734,98.83896034
Tamil Nadu,TIRUCHIRAPPALLI,2006,Whole Year,Sunflower,3723,5263,1.41364491
Tamil Nadu,TIRUCHIRAPPALLI,2006,Whole Year,Sweet potato,14,235,16.78571429
Tamil Nadu,TIRUCHIRAPPALLI,2006,Whole Year,Tapioca,6544,314401,48.04416259
Tamil Nadu,TIRUCHIRAPPALLI,2006,Whole Year,Turmeric,732,4205,5.744535519
Tamil Nadu,TIRUCHIRAPPALLI,2006,Whole Year,Urad,2121,2044,0.96369637
Tamil Nadu,TIRUCHIRAPPALLI,2007,Kharif,Rice,61289,227332,3.709181093
Tamil Nadu,TIRUCHIRAPPALLI,2007,Kharif,Small millets,229,244,1.065502183
Tamil Nadu,TIRUCHIRAPPALLI,2007,Whole Year,Arecanut,18,58,3.222222222
Tamil Nadu,TIRUCHIRAPPALLI,2007,Whole Year,Arhar/Tur,1153,498,0.431916739
Tamil Nadu,TIRUCHIRAPPALLI,2007,Whole Year,Bajra,2043,976,0.47772883
Tamil Nadu,TIRUCHIRAPPALLI,2007,Whole Year,Banana,9191,394532,42.92590578
Tamil Nadu,TIRUCHIRAPPALLI,2007,Whole Year,Black pepper,1,,
Tamil Nadu,TIRUCHIRAPPALLI,2007,Whole Year,Cashewnut,801,458,0.571785268
Tamil Nadu,TIRUCHIRAPPALLI,2007,Whole Year,Castor seed,184,61,0.331521739
Tamil Nadu,TIRUCHIRAPPALLI,2007,Whole Year,Coconut,6374,908,0.142453718
Tamil Nadu,TIRUCHIRAPPALLI,2007,Whole Year,Coriander,604,489,0.809602649
Tamil Nadu,TIRUCHIRAPPALLI,2007,Whole Year,Cotton(lint),6677,16364,2.450801258
Tamil Nadu,TIRUCHIRAPPALLI,2007,Whole Year,Dry chillies,1814,1108,0.610804851
Tamil Nadu,TIRUCHIRAPPALLI,2007,Whole Year,Gram,49,29,0.591836735
Tamil Nadu,TIRUCHIRAPPALLI,2007,Whole Year,Groundnut,14113,26045,1.845461631
Tamil Nadu,TIRUCHIRAPPALLI,2007,Whole Year,Horse-gram,691,304,0.439942113
Tamil Nadu,TIRUCHIRAPPALLI,2007,Whole Year,Jowar,28704,14667,0.51097408
Tamil Nadu,TIRUCHIRAPPALLI,2007,Whole Year,Maize,7765,20430,2.631036703
Tamil Nadu,TIRUCHIRAPPALLI,2007,Whole Year,Moong(Green Gram),455,193,0.424175824
Tamil Nadu,TIRUCHIRAPPALLI,2007,Whole Year,Onion,3996,40818,10.21471471
Tamil Nadu,TIRUCHIRAPPALLI,2007,Whole Year,Ragi,79,147,1.860759494
Tamil Nadu,TIRUCHIRAPPALLI,2007,Whole Year,Rapeseed &Mustard,1,,
Tamil Nadu,TIRUCHIRAPPALLI,2007,Whole Year,Sesamum,579,332,0.573402418
Tamil Nadu,TIRUCHIRAPPALLI,2007,Whole Year,Small millets,229,244,1.065502183
Tamil Nadu,TIRUCHIRAPPALLI,2007,Whole Year,Sugarcane,6767,763582,112.839072
Tamil Nadu,TIRUCHIRAPPALLI,2007,Whole Year,Sunflower,7168,12706,1.772600446
Tamil Nadu,TIRUCHIRAPPALLI,2007,Whole Year,Sweet potato,10,136,13.6
Tamil Nadu,TIRUCHIRAPPALLI,2007,Whole Year,Tapioca,7493,394577,52.65941545
Tamil Nadu,TIRUCHIRAPPALLI,2007,Whole Year,Turmeric,659,3524,5.347496206
Tamil Nadu,TIRUCHIRAPPALLI,2007,Whole Year,Urad,9365,3442,0.367538708
Tamil Nadu,TIRUCHIRAPPALLI,2008,Kharif,Rice,72530,262384,3.61759272
Tamil Nadu,TIRUCHIRAPPALLI,2008,Kharif,Small millets,120,96,0.8
Tamil Nadu,TIRUCHIRAPPALLI,2008,Whole Year,Arecanut,18,55,3.055555556
Tamil Nadu,TIRUCHIRAPPALLI,2008,Whole Year,Arhar/Tur,964,413,0.428423237
Tamil Nadu,TIRUCHIRAPPALLI,2008,Whole Year,Bajra,1629,815,0.500306937
Tamil Nadu,TIRUCHIRAPPALLI,2008,Whole Year,Banana,8465,308928,36.49474306
Tamil Nadu,TIRUCHIRAPPALLI,2008,Whole Year,Black pepper,1,,
Tamil Nadu,TIRUCHIRAPPALLI,2008,Whole Year,Cashewnut,776,390,0.50257732
Tamil Nadu,TIRUCHIRAPPALLI,2008,Whole Year,Castor seed,157,52,0.331210191
Tamil Nadu,TIRUCHIRAPPALLI,2008,Whole Year,Coconut,6703,1651000,246.3076235
Tamil Nadu,TIRUCHIRAPPALLI,2008,Whole Year,Coriander,610,208,0.340983607
Tamil Nadu,TIRUCHIRAPPALLI,2008,Whole Year,Cotton(lint),10976,5338,0.486333819
Tamil Nadu,TIRUCHIRAPPALLI,2008,Whole Year,Dry chillies,1749,1189,0.679817038
Tamil Nadu,TIRUCHIRAPPALLI,2008,Whole Year,Gram,65,39,0.6
Tamil Nadu,TIRUCHIRAPPALLI,2008,Whole Year,Groundnut,13162,21171,1.60849415
Tamil Nadu,TIRUCHIRAPPALLI,2008,Whole Year,Horse-gram,483,227,0.469979296
Tamil Nadu,TIRUCHIRAPPALLI,2008,Whole Year,Jowar,25270,11228,0.44432133
Tamil Nadu,TIRUCHIRAPPALLI,2008,Whole Year,Maize,7309,11443,1.56560405
Tamil Nadu,TIRUCHIRAPPALLI,2008,Whole Year,Moong(Green Gram),338,76,0.224852071
Tamil Nadu,TIRUCHIRAPPALLI,2008,Whole Year,Onion,4895,46274,9.453319714
Tamil Nadu,TIRUCHIRAPPALLI,2008,Whole Year,Ragi,24,48,2
Tamil Nadu,TIRUCHIRAPPALLI,2008,Whole Year,Sesamum,592,391,0.660472973
Tamil Nadu,TIRUCHIRAPPALLI,2008,Whole Year,Small millets,120,96,0.8
Tamil Nadu,TIRUCHIRAPPALLI,2008,Whole Year,Sugarcane,4962,513607,103.5080613
Tamil Nadu,TIRUCHIRAPPALLI,2008,Whole Year,Sunflower,2410,4148,1.721161826
Tamil Nadu,TIRUCHIRAPPALLI,2008,Whole Year,Sweet potato,4,53,13.25
Tamil Nadu,TIRUCHIRAPPALLI,2008,Whole Year,Tapioca,5340,311576,58.34756554
Tamil Nadu,TIRUCHIRAPPALLI,2008,Whole Year,Turmeric,736,4246,5.769021739
Tamil Nadu,TIRUCHIRAPPALLI,2008,Whole Year,Urad,8618,2628,0.304943142
Tamil Nadu,TIRUCHIRAPPALLI,2009,Kharif,Rice,64296,266272,4.141346273
Tamil Nadu,TIRUCHIRAPPALLI,2009,Kharif,Small millets,111,99,0.891891892
Tamil Nadu,TIRUCHIRAPPALLI,2009,Whole Year,Arecanut,29,68,2.344827586
Tamil Nadu,TIRUCHIRAPPALLI,2009,Whole Year,Arhar/Tur,1163,885,0.760963027
Tamil Nadu,TIRUCHIRAPPALLI,2009,Whole Year,Bajra,1776,1384,0.779279279
Tamil Nadu,TIRUCHIRAPPALLI,2009,Whole Year,Banana,8534,371673,43.55202719
Tamil Nadu,TIRUCHIRAPPALLI,2009,Whole Year,Black pepper,1,,
Tamil Nadu,TIRUCHIRAPPALLI,2009,Whole Year,Cashewnut,711,356,0.500703235
Tamil Nadu,TIRUCHIRAPPALLI,2009,Whole Year,Castor seed,255,84,0.329411765
Tamil Nadu,TIRUCHIRAPPALLI,2009,Whole Year,Coconut,6490,148000,22.80431433
Tamil Nadu,TIRUCHIRAPPALLI,2009,Whole Year,Coriander,788,258,0.327411168
Tamil Nadu,TIRUCHIRAPPALLI,2009,Whole Year,Cotton(lint),9319,32202,3.455520979
Tamil Nadu,TIRUCHIRAPPALLI,2009,Whole Year,Dry chillies,1561,1248,0.799487508
Tamil Nadu,TIRUCHIRAPPALLI,2009,Whole Year,Gram,46,28,0.608695652
Tamil Nadu,TIRUCHIRAPPALLI,2009,Whole Year,Groundnut,11540,20175,1.748266898
Tamil Nadu,TIRUCHIRAPPALLI,2009,Whole Year,Horse-gram,602,278,0.46179402
Tamil Nadu,TIRUCHIRAPPALLI,2009,Whole Year,Jowar,25862,11194,0.432835821
Tamil Nadu,TIRUCHIRAPPALLI,2009,Whole Year,Maize,7318,45836,6.263459962
Tamil Nadu,TIRUCHIRAPPALLI,2009,Whole Year,Moong(Green Gram),464,160,0.344827586
Tamil Nadu,TIRUCHIRAPPALLI,2009,Whole Year,Onion,5204,45905,8.821099154
Tamil Nadu,TIRUCHIRAPPALLI,2009,Whole Year,Ragi,19,36,1.894736842
Tamil Nadu,TIRUCHIRAPPALLI,2009,Whole Year,Rapeseed &Mustard,1,,
Tamil Nadu,TIRUCHIRAPPALLI,2009,Whole Year,Sesamum,629,271,0.430842607
Tamil Nadu,TIRUCHIRAPPALLI,2009,Whole Year,Sugarcane,4478,505319,112.8447968
Tamil Nadu,TIRUCHIRAPPALLI,2009,Whole Year,Sunflower,1645,2555,1.553191489
Tamil Nadu,TIRUCHIRAPPALLI,2009,Whole Year,Sweet potato,5,73,14.6
Tamil Nadu,TIRUCHIRAPPALLI,2009,Whole Year,Tapioca,5232,285835,54.63207187
Tamil Nadu,TIRUCHIRAPPALLI,2009,Whole Year,Turmeric,1003,5312,5.296111665
Tamil Nadu,TIRUCHIRAPPALLI,2009,Whole Year,Urad,8348,6322,0.757307139
Tamil Nadu,TIRUCHIRAPPALLI,2010,Kharif,Arhar/Tur,1194,560,0.469011725
Tamil Nadu,TIRUCHIRAPPALLI,2010,Kharif,Castor seed,204,67,0.328431373
Tamil Nadu,TIRUCHIRAPPALLI,2010,Kharif,Cotton(lint),14479,28519,1.969680227
Tamil Nadu,TIRUCHIRAPPALLI,2010,Kharif,Groundnut,10584,19115,1.806027967
Tamil Nadu,TIRUCHIRAPPALLI,2010,Kharif,Horse-gram,462,261,0.564935065
Tamil Nadu,TIRUCHIRAPPALLI,2010,Kharif,Maize,4751,23544,4.955588297
Tamil Nadu,TIRUCHIRAPPALLI,2010,Kharif,Moong(Green Gram),360,157,0.436111111
Tamil Nadu,TIRUCHIRAPPALLI,2010,Kharif,Ragi,8,17,2.125
Tamil Nadu,TIRUCHIRAPPALLI,2010,Kharif,Rice,67165,268136,3.992198318
Tamil Nadu,TIRUCHIRAPPALLI,2010,Kharif,Sunflower,966,1065,1.102484472
Tamil Nadu,TIRUCHIRAPPALLI,2010,Kharif,Urad,6407,3828,0.597471516
Tamil Nadu,TIRUCHIRAPPALLI,2010,Rabi,Gram,44,26,0.590909091
Tamil Nadu,TIRUCHIRAPPALLI,2010,Whole Year,Sugarcane,4817,493673,102.4855719
Tamil Nadu,TIRUCHIRAPPALLI,2011,Kharif,Bajra,1243,1776,1.428801287
Tamil Nadu,TIRUCHIRAPPALLI,2011,Kharif,Cotton(lint),14056,36772,2.616107001
Tamil Nadu,TIRUCHIRAPPALLI,2011,Kharif,Groundnut,7357,12306,1.672692674
Tamil Nadu,TIRUCHIRAPPALLI,2011,Kharif,Jowar,24078,13121,0.544937287
Tamil Nadu,TIRUCHIRAPPALLI,2011,Kharif,Maize,5391,28287,5.247078464
Tamil Nadu,TIRUCHIRAPPALLI,2011,Kharif,Ragi,4,11,2.75
Tamil Nadu,TIRUCHIRAPPALLI,2011,Kharif,Rice,63939,302478,4.730727725
Tamil Nadu,TIRUCHIRAPPALLI,2011,Rabi,Bajra,163,477,2.926380368
Tamil Nadu,TIRUCHIRAPPALLI,2011,Rabi,Cotton(lint),317,872,2.750788644
Tamil Nadu,TIRUCHIRAPPALLI,2011,Rabi,Groundnut,4121,14514,3.521960689
Tamil Nadu,TIRUCHIRAPPALLI,2011,Rabi,Jowar,978,1000,1.022494888
Tamil Nadu,TIRUCHIRAPPALLI,2011,Rabi,Maize,445,2959,6.649438202
Tamil Nadu,TIRUCHIRAPPALLI,2011,Rabi,Ragi,1,3,3
Tamil Nadu,TIRUCHIRAPPALLI,2011,Whole Year,Arecanut,47,115,2.446808511
Tamil Nadu,TIRUCHIRAPPALLI,2011,Whole Year,Arhar/Tur,937,736,0.785485592
Tamil Nadu,TIRUCHIRAPPALLI,2011,Whole Year,Banana,8767,483495,55.14942398
Tamil Nadu,TIRUCHIRAPPALLI,2011,Whole Year,Black pepper,1,,
Tamil Nadu,TIRUCHIRAPPALLI,2011,Whole Year,Cashewnut,633,167,0.263823065
Tamil Nadu,TIRUCHIRAPPALLI,2011,Whole Year,Castor seed,207,67,0.323671498
Tamil Nadu,TIRUCHIRAPPALLI,2011,Whole Year,Coconut,6648,79600000,11973.52587
Tamil Nadu,TIRUCHIRAPPALLI,2011,Whole Year,Coriander,406,190,0.467980296
Tamil Nadu,TIRUCHIRAPPALLI,2011,Whole Year,Dry chillies,1540,840,0.545454545
Tamil Nadu,TIRUCHIRAPPALLI,2011,Whole Year,Gram,24,15,0.625
Tamil Nadu,TIRUCHIRAPPALLI,2011,Whole Year,Horse-gram,477,257,0.538784067
Tamil Nadu,TIRUCHIRAPPALLI,2011,Whole Year,Moong(Green Gram),420,240,0.571428571
Tamil Nadu,TIRUCHIRAPPALLI,2011,Whole Year,Onion,4710,46641,9.902547771
Tamil Nadu,TIRUCHIRAPPALLI,2011,Whole Year,Small millets,63,79,1.253968254
Tamil Nadu,TIRUCHIRAPPALLI,2011,Whole Year,Sugarcane,5232,584829,111.7792431
Tamil Nadu,TIRUCHIRAPPALLI,2011,Whole Year,Sunflower,1431,2549,1.781271838
Tamil Nadu,TIRUCHIRAPPALLI,2011,Whole Year,Sweet potato,9,184,20.44444444
Tamil Nadu,TIRUCHIRAPPALLI,2011,Whole Year,Tapioca,5976,322363,53.94293842
Tamil Nadu,TIRUCHIRAPPALLI,2011,Whole Year,Turmeric,2329,9207,3.953198798
Tamil Nadu,TIRUCHIRAPPALLI,2011,Whole Year,Urad,4298,3080,0.716612378
Tamil Nadu,TIRUCHIRAPPALLI,2012,Kharif,Arhar/Tur,812,336,0.413793103
Tamil Nadu,TIRUCHIRAPPALLI,2012,Kharif,Castor seed,411,64.8,0.157664234
Tamil Nadu,TIRUCHIRAPPALLI,2012,Kharif,Cotton(lint),16928,17539,1.036094045
Tamil Nadu,TIRUCHIRAPPALLI,2012,Kharif,Groundnut,8482,21436,2.527234143
Tamil Nadu,TIRUCHIRAPPALLI,2012,Kharif,Horse-gram,304,122,0.401315789
Tamil Nadu,TIRUCHIRAPPALLI,2012,Kharif,Maize,7716,19035,2.466951788
Tamil Nadu,TIRUCHIRAPPALLI,2012,Kharif,Moong(Green Gram),184,50,0.27173913
Tamil Nadu,TIRUCHIRAPPALLI,2012,Kharif,Ragi,13,25,1.923076923
Tamil Nadu,TIRUCHIRAPPALLI,2012,Kharif,Rice,45237,138079,3.05234653
Tamil Nadu,TIRUCHIRAPPALLI,2012,Kharif,Sunflower,1378,2362,1.714078374
Tamil Nadu,TIRUCHIRAPPALLI,2012,Kharif,Urad,2091,878,0.419894787
Tamil Nadu,TIRUCHIRAPPALLI,2012,Rabi,Gram,17,8,0.470588235
Tamil Nadu,TIRUCHIRAPPALLI,2012,Whole Year,Sugarcane,4899,345403,70.5047969
Tamil Nadu,TIRUCHIRAPPALLI,2013,Kharif,Bajra,1044,826,0.791187739
Tamil Nadu,TIRUCHIRAPPALLI,2013,Kharif,Castor seed,371,131,0.35309973
Tamil Nadu,TIRUCHIRAPPALLI,2013,Kharif,Cotton(lint),16272,35173,2.16156588
Tamil Nadu,TIRUCHIRAPPALLI,2013,Kharif,Groundnut,6509,14928,2.293439853
Tamil Nadu,TIRUCHIRAPPALLI,2013,Kharif,Horse-gram,289,180,0.62283737
Tamil Nadu,TIRUCHIRAPPALLI,2013,Kharif,Jowar,23554,14902,0.632673856
Tamil Nadu,TIRUCHIRAPPALLI,2013,Kharif,Maize,9346,38586,4.128611171
Tamil Nadu,TIRUCHIRAPPALLI,2013,Kharif,Moong(Green Gram),363,204,0.561983471
Tamil Nadu,TIRUCHIRAPPALLI,2013,Kharif,Onion,425,2969,6.985882353
Tamil Nadu,TIRUCHIRAPPALLI,2013,Kharif,Ragi,16,44,2.75
Tamil Nadu,TIRUCHIRAPPALLI,2013,Kharif,Rice,48050,226632,4.716586889
Tamil Nadu,TIRUCHIRAPPALLI,2013,Kharif,Sunflower,433,860,1.986143187
Tamil Nadu,TIRUCHIRAPPALLI,2013,Kharif,Urad,1050,882,0.84
Tamil Nadu,TIRUCHIRAPPALLI,2013,Rabi,Bajra,29,58,2
Tamil Nadu,TIRUCHIRAPPALLI,2013,Rabi,Cotton(lint),190,594,3.126315789
Tamil Nadu,TIRUCHIRAPPALLI,2013,Rabi,Groundnut,1384,5106,3.689306358
Tamil Nadu,TIRUCHIRAPPALLI,2013,Rabi,Horse-gram,42,27,0.642857143
Tamil Nadu,TIRUCHIRAPPALLI,2013,Rabi,Jowar,1054,2714,2.574952562
Tamil Nadu,TIRUCHIRAPPALLI,2013,Rabi,Maize,511,2556,5.001956947
Tamil Nadu,TIRUCHIRAPPALLI,2013,Rabi,Moong(Green Gram),717,578,0.806136681
Tamil Nadu,TIRUCHIRAPPALLI,2013,Rabi,Onion,3533,30515,8.637135579
Tamil Nadu,TIRUCHIRAPPALLI,2013,Rabi,Sunflower,288,99,0.34375
Tamil Nadu,TIRUCHIRAPPALLI,2013,Rabi,Urad,8155,9294,1.139668915
Tamil Nadu,TIRUCHIRAPPALLI,2013,Whole Year,Arecanut,65,100,1.538461538
Tamil Nadu,TIRUCHIRAPPALLI,2013,Whole Year,Arhar/Tur,1926,1310,0.680166147
Tamil Nadu,TIRUCHIRAPPALLI,2013,Whole Year,Banana,7144,375877,52.6143617
Tamil Nadu,TIRUCHIRAPPALLI,2013,Whole Year,Black pepper,1,,
Tamil Nadu,TIRUCHIRAPPALLI,2013,Whole Year,Cashewnut,604,172,0.284768212
Tamil Nadu,TIRUCHIRAPPALLI,2013,Whole Year,Coconut,6487,57200000,8817.635271
Tamil Nadu,TIRUCHIRAPPALLI,2013,Whole Year,Coriander,126,72,0.571428571
Tamil Nadu,TIRUCHIRAPPALLI,2013,Whole Year,Dry chillies,843,477,0.565836299
Tamil Nadu,TIRUCHIRAPPALLI,2013,Whole Year,Gram,17,10,0.588235294
Tamil Nadu,TIRUCHIRAPPALLI,2013,Whole Year,Small millets,36,41,1.138888889
Tamil Nadu,TIRUCHIRAPPALLI,2013,Whole Year,Sugarcane,4034,449019,111.3086267
Tamil Nadu,TIRUCHIRAPPALLI,2013,Whole Year,Sweet potato,2,42,21
Tamil Nadu,TIRUCHIRAPPALLI,2013,Whole Year,Tapioca,4573,179833,39.3249508
Tamil Nadu,TIRUCHIRAPPALLI,2013,Whole Year,Turmeric,986,3190,3.235294118
Tamil Nadu,TIRUNELVELI,1997,Kharif,Banana,6049,187507,30.9980162
Tamil Nadu,TIRUNELVELI,1997,Kharif,Horse-gram,691,350,0.506512301
Tamil Nadu,TIRUNELVELI,1997,Kharif,Onion,3431,23460,6.83765666
Tamil Nadu,TIRUNELVELI,1997,Kharif,Sesamum,1572,310,0.197201018
Tamil Nadu,TIRUNELVELI,1997,Kharif,Small millets,71,50,0.704225352
Tamil Nadu,TIRUNELVELI,1997,Kharif,Tobacco,6,7,1.166666667
Tamil Nadu,TIRUNELVELI,1997,Whole Year,Arhar/Tur,58,30,0.517241379
Tamil Nadu,TIRUNELVELI,1997,Whole Year,Bajra,3403,4470,1.31354687
Tamil Nadu,TIRUNELVELI,1997,Whole Year,Banana,5262,232650,44.21322691
Tamil Nadu,TIRUNELVELI,1997,Whole Year,Cardamom,980,90,0.091836735
Tamil Nadu,TIRUNELVELI,1997,Whole Year,Cashewnut,1876,1160,0.618336887
Tamil Nadu,TIRUNELVELI,1997,Whole Year,Castor seed,99,30,0.303030303
Tamil Nadu,TIRUNELVELI,1997,Whole Year,Coriander,95,20,0.210526316
Tamil Nadu,TIRUNELVELI,1997,Whole Year,Cotton(lint),8923,10170,1.139751205
Tamil Nadu,TIRUNELVELI,1997,Whole Year,Dry chillies,2517,2390,0.949543107
Tamil Nadu,TIRUNELVELI,1997,Whole Year,Dry ginger,4,130,32.5
Tamil Nadu,TIRUNELVELI,1997,Whole Year,Groundnut,5733,9360,1.632653061
Tamil Nadu,TIRUNELVELI,1997,Whole Year,Jowar,1688,2990,1.771327014
Tamil Nadu,TIRUNELVELI,1997,Whole Year,Maize,2384,1290,0.541107383
Tamil Nadu,TIRUNELVELI,1997,Whole Year,Moong(Green Gram),5836,2090,0.358122001
Tamil Nadu,TIRUNELVELI,1997,Whole Year,Onion,845,5690,6.733727811
Tamil Nadu,TIRUNELVELI,1997,Whole Year,Pulses total,21749,8600,0.395420479
Tamil Nadu,TIRUNELVELI,1997,Whole Year,Ragi,936,2620,2.799145299
Tamil Nadu,TIRUNELVELI,1997,Whole Year,Rice,88781,325650,3.668014553
Tamil Nadu,TIRUNELVELI,1997,Whole Year,Small millets,200,10,0.05
Tamil Nadu,TIRUNELVELI,1997,Whole Year,Sugarcane,2237,2402000,1073.759499
Tamil Nadu,TIRUNELVELI,1997,Whole Year,Sunflower,171,150,0.877192982
Tamil Nadu,TIRUNELVELI,1997,Whole Year,Sweet potato,151,2190,14.50331126
Tamil Nadu,TIRUNELVELI,1997,Whole Year,Tapioca,261,9790,37.50957854
Tamil Nadu,TIRUNELVELI,1997,Whole Year,Tobacco,17,20,1.176470588
Tamil Nadu,TIRUNELVELI,1997,Whole Year,Total foodgrain,119357,345880,2.897861039
Tamil Nadu,TIRUNELVELI,1997,Whole Year,Urad,12643,5650,0.446887606
Tamil Nadu,TIRUNELVELI,1998,Kharif,Arhar/Tur,185,160,0.864864865
Tamil Nadu,TIRUNELVELI,1998,Kharif,Bajra,3385,6522,1.926735598
Tamil Nadu,TIRUNELVELI,1998,Kharif,Cotton(lint),12238,18423,1.505393038
Tamil Nadu,TIRUNELVELI,1998,Kharif,Dry ginger,5,158,31.6
Tamil Nadu,TIRUNELVELI,1998,Kharif,Groundnut,13984,30107,2.152960526
Tamil Nadu,TIRUNELVELI,1998,Kharif,Horse-gram,948,475,0.501054852
Tamil Nadu,TIRUNELVELI,1998,Kharif,Jowar,3236,5720,1.767614339
Tamil Nadu,TIRUNELVELI,1998,Kharif,Maize,3863,2098,0.543101217
Tamil Nadu,TIRUNELVELI,1998,Kharif,Moong(Green Gram),5835,3,0.000514139
Tamil Nadu,TIRUNELVELI,1998,Kharif,Pulses total,34907,13632,0.390523391
Tamil Nadu,TIRUNELVELI,1998,Kharif,Ragi,729,2080,2.853223594
Tamil Nadu,TIRUNELVELI,1998,Kharif,Rice,95655,327029,3.418838534
Tamil Nadu,TIRUNELVELI,1998,Kharif,Sesamum,2779,835,0.300467794
Tamil Nadu,TIRUNELVELI,1998,Kharif,Small millets,2100,500,0.238095238
Tamil Nadu,TIRUNELVELI,1998,Kharif,Sunflower,488,480,0.983606557
Tamil Nadu,TIRUNELVELI,1998,Kharif,Total foodgrain,141850,35712,0.2517589
Tamil Nadu,TIRUNELVELI,1998,Kharif,Urad,24684,12367,0.501012802
Tamil Nadu,TIRUNELVELI,1998,Rabi,Gram,1,2,2
Tamil Nadu,TIRUNELVELI,1998,Whole Year,Banana,6462,285704,44.21293717
Tamil Nadu,TIRUNELVELI,1998,Whole Year,Cardamom,131,12,0.091603053
Tamil Nadu,TIRUNELVELI,1998,Whole Year,Cashewnut,776,158,0.203608247
Tamil Nadu,TIRUNELVELI,1998,Whole Year,Castor seed,369,94,0.254742547
Tamil Nadu,TIRUNELVELI,1998,Whole Year,Coriander,104,22,0.211538462
Tamil Nadu,TIRUNELVELI,1998,Whole Year,Dry chillies,4024,3815,0.94806163
Tamil Nadu,TIRUNELVELI,1998,Whole Year,Onion,1751,11782,6.728726442
Tamil Nadu,TIRUNELVELI,1998,Whole Year,Sannhamp,17,12,0.705882353
Tamil Nadu,TIRUNELVELI,1998,Whole Year,Sugarcane,2662,326710,122.7310293
Tamil Nadu,TIRUNELVELI,1998,Whole Year,Sweet potato,13,221,17
Tamil Nadu,TIRUNELVELI,1998,Whole Year,Tapioca,209,7763,37.14354067
Tamil Nadu,TIRUNELVELI,1998,Whole Year,Tobacco,23,24,1.043478261
Tamil Nadu,TIRUNELVELI,1998,Whole Year,Turmeric,6,36,6
Tamil Nadu,TIRUNELVELI,1999,Kharif,Arhar/Tur,314,227,0.722929936
Tamil Nadu,TIRUNELVELI,1999,Kharif,Bajra,2081,5814,2.793849111
Tamil Nadu,TIRUNELVELI,1999,Kharif,Castor seed,373,89,0.238605898
Tamil Nadu,TIRUNELVELI,1999,Kharif,Cotton(lint),12094,25016,2.068463701
Tamil Nadu,TIRUNELVELI,1999,Kharif,Dry ginger,7,185,26.42857143
Tamil Nadu,TIRUNELVELI,1999,Kharif,Groundnut,8067,18293,2.267633569
Tamil Nadu,TIRUNELVELI,1999,Kharif,Horse-gram,410,181,0.441463415
Tamil Nadu,TIRUNELVELI,1999,Kharif,Jowar,4653,11163,2.399097357
Tamil Nadu,TIRUNELVELI,1999,Kharif,Korra,32,6,0.1875
Tamil Nadu,TIRUNELVELI,1999,Kharif,Maize,8355,4547,0.544225015
Tamil Nadu,TIRUNELVELI,1999,Kharif,Moong(Green Gram),4723,2565,0.543087021
Tamil Nadu,TIRUNELVELI,1999,Kharif,Ragi,406,940,2.315270936
Tamil Nadu,TIRUNELVELI,1999,Kharif,Rice,89380,346419,3.875799955
Tamil Nadu,TIRUNELVELI,1999,Kharif,Sesamum,2090,621,0.297129187
Tamil Nadu,TIRUNELVELI,1999,Kharif,Sunflower,149,107,0.718120805
Tamil Nadu,TIRUNELVELI,1999,Kharif,Urad,27928,13014,0.465983959
Tamil Nadu,TIRUNELVELI,1999,Kharif,Varagu,10,10,1
Tamil Nadu,TIRUNELVELI,1999,Rabi,Gram,10,7,0.7
Tamil Nadu,TIRUNELVELI,1999,Rabi,Rapeseed &Mustard,14,3,0.214285714
Tamil Nadu,TIRUNELVELI,1999,Rabi,Samai,120,95,0.791666667
Tamil Nadu,TIRUNELVELI,1999,Whole Year,Banana,6049,187507,30.9980162
Tamil Nadu,TIRUNELVELI,1999,Whole Year,Cardamom,660,63,0.095454545
Tamil Nadu,TIRUNELVELI,1999,Whole Year,Cashewnut,745,218,0.29261745
Tamil Nadu,TIRUNELVELI,1999,Whole Year,Dry chillies,2003,1821,0.909136296
Tamil Nadu,TIRUNELVELI,1999,Whole Year,Guar seed,5911,57373,9.706141093
Tamil Nadu,TIRUNELVELI,1999,Whole Year,Onion,3431,23460,6.83765666
Tamil Nadu,TIRUNELVELI,1999,Whole Year,Sannhamp,4,3,0.75
Tamil Nadu,TIRUNELVELI,1999,Whole Year,Sugarcane,5911,589966,99.80815429
Tamil Nadu,TIRUNELVELI,1999,Whole Year,Sweet potato,2,24,12
Tamil Nadu,TIRUNELVELI,1999,Whole Year,Tapioca,146,5181,35.48630137
Tamil Nadu,TIRUNELVELI,1999,Whole Year,Tobacco,6,7,1.166666667
Tamil Nadu,TIRUNELVELI,1999,Whole Year,Turmeric,14,79,5.642857143
Tamil Nadu,TIRUNELVELI,2000,Kharif,Arhar/Tur,130,94,0.723076923
Tamil Nadu,TIRUNELVELI,2000,Kharif,Bajra,3174,5062,1.594833018
Tamil Nadu,TIRUNELVELI,2000,Kharif,Castor seed,631,151,0.239302694
Tamil Nadu,TIRUNELVELI,2000,Kharif,Cotton(lint),15262,30562,2.002489844
Tamil Nadu,TIRUNELVELI,2000,Kharif,Dry ginger,35,927,26.48571429
Tamil Nadu,TIRUNELVELI,2000,Kharif,Groundnut,9896,20508,2.072352466
Tamil Nadu,TIRUNELVELI,2000,Kharif,Horse-gram,781,341,0.436619718
Tamil Nadu,TIRUNELVELI,2000,Kharif,Jowar,3788,4045,1.067845829
Tamil Nadu,TIRUNELVELI,2000,Kharif,Maize,7194,3916,0.544342508
Tamil Nadu,TIRUNELVELI,2000,Kharif,Moong(Green Gram),4588,2143,0.467088056
Tamil Nadu,TIRUNELVELI,2000,Kharif,Other Cereals & Millets,88,70,0.795454545
Tamil Nadu,TIRUNELVELI,2000,Kharif,Other Kharif pulses,2195,421,0.191799544
Tamil Nadu,TIRUNELVELI,2000,Kharif,Ragi,993,2296,2.312185297
Tamil Nadu,TIRUNELVELI,2000,Kharif,Rice,76076,322797,4.243085862
Tamil Nadu,TIRUNELVELI,2000,Kharif,Sesamum,3336,1324,0.396882494
Tamil Nadu,TIRUNELVELI,2000,Kharif,Sunflower,317,285,0.899053628
Tamil Nadu,TIRUNELVELI,2000,Kharif,Urad,23955,11163,0.465998748
Tamil Nadu,TIRUNELVELI,2000,Whole Year,Banana,5844,181153,30.99811773
Tamil Nadu,TIRUNELVELI,2000,Whole Year,Black pepper,7,1,0.142857143
Tamil Nadu,TIRUNELVELI,2000,Whole Year,Cardamom,842,81,0.096199525
Tamil Nadu,TIRUNELVELI,2000,Whole Year,Cashewnut,1150,442,0.384347826
Tamil Nadu,TIRUNELVELI,2000,Whole Year,Coriander,15,3,0.2
Tamil Nadu,TIRUNELVELI,2000,Whole Year,Dry chillies,2690,2383,0.885873606
Tamil Nadu,TIRUNELVELI,2000,Whole Year,Onion,1669,11412,6.837627322
Tamil Nadu,TIRUNELVELI,2000,Whole Year,Potato,143,2454,17.16083916
Tamil Nadu,TIRUNELVELI,2000,Whole Year,Sannhamp,3,2,0.666666667
Tamil Nadu,TIRUNELVELI,2000,Whole Year,Sugarcane,3585,357812,99.80808926
Tamil Nadu,TIRUNELVELI,2000,Whole Year,Sweet potato,4,48,12
Tamil Nadu,TIRUNELVELI,2000,Whole Year,Tapioca,149,5287,35.48322148
Tamil Nadu,TIRUNELVELI,2000,Whole Year,Turmeric,7,38,5.428571429
Tamil Nadu,TIRUNELVELI,2001,Kharif,Arhar/Tur,72,50,0.694444444
Tamil Nadu,TIRUNELVELI,2001,Kharif,Bajra,1691,2200,1.301005322
Tamil Nadu,TIRUNELVELI,2001,Kharif,Cotton(lint),6716,10020,1.4919595
Tamil Nadu,TIRUNELVELI,2001,Kharif,Groundnut,4434,7350,1.657645467
Tamil Nadu,TIRUNELVELI,2001,Kharif,Jowar,1845,2680,1.452574526
Tamil Nadu,TIRUNELVELI,2001,Kharif,Moong(Green Gram),4186,1610,0.384615385
Tamil Nadu,TIRUNELVELI,2001,Kharif,Ragi,626,1910,3.051118211
Tamil Nadu,TIRUNELVELI,2001,Kharif,Rice,71983,290130,4.030534987
Tamil Nadu,TIRUNELVELI,2001,Kharif,Sesamum,1416,590,0.416666667
Tamil Nadu,TIRUNELVELI,2001,Kharif,Sunflower,83,110,1.325301205
Tamil Nadu,TIRUNELVELI,2001,Kharif,Urad,10111,4760,0.470774404
Tamil Nadu,TIRUNELVELI,2001,Whole Year,Sugarcane,3736,374300,100.1873662
Tamil Nadu,TIRUNELVELI,2002,Kharif,Arhar/Tur,38,21,0.552631579
Tamil Nadu,TIRUNELVELI,2002,Kharif,Bajra,1505,1484,0.986046512
Tamil Nadu,TIRUNELVELI,2002,Kharif,Castor seed,37,9,0.243243243
Tamil Nadu,TIRUNELVELI,2002,Kharif,Cotton(lint),3904,6739,1.726178279
Tamil Nadu,TIRUNELVELI,2002,Kharif,Groundnut,3697,5638,1.525020287
Tamil Nadu,TIRUNELVELI,2002,Kharif,Horse-gram,245,62,0.253061224
Tamil Nadu,TIRUNELVELI,2002,Kharif,Jowar,2051,2491,1.214529498
Tamil Nadu,TIRUNELVELI,2002,Kharif,Korra,27,9,0.333333333
Tamil Nadu,TIRUNELVELI,2002,Kharif,Maize,6269,4915,0.78401659
Tamil Nadu,TIRUNELVELI,2002,Kharif,Moong(Green Gram),5425,2449,0.451428571
Tamil Nadu,TIRUNELVELI,2002,Kharif,Other Kharif pulses,1743,332,0.19047619
Tamil Nadu,TIRUNELVELI,2002,Kharif,Ragi,432,912,2.111111111
Tamil Nadu,TIRUNELVELI,2002,Kharif,Rice,66205,266289,4.022188656
Tamil Nadu,TIRUNELVELI,2002,Kharif,Samai,3,2,0.666666667
Tamil Nadu,TIRUNELVELI,2002,Kharif,Sesamum,1399,446,0.318799142
Tamil Nadu,TIRUNELVELI,2002,Kharif,Small millets,393,233,0.592875318
Tamil Nadu,TIRUNELVELI,2002,Kharif,Sunflower,144,166,1.152777778
Tamil Nadu,TIRUNELVELI,2002,Kharif,Urad,9988,4340,0.434521426
Tamil Nadu,TIRUNELVELI,2002,Whole Year,Arecanut,115,,
Tamil Nadu,TIRUNELVELI,2002,Whole Year,Banana,6817,316393,46.41235147
Tamil Nadu,TIRUNELVELI,2002,Whole Year,Bhindi,349,2644,7.575931232
Tamil Nadu,TIRUNELVELI,2002,Whole Year,Bitter Gourd,23,0,0
Tamil Nadu,TIRUNELVELI,2002,Whole Year,Bottle Gourd,5,0,0
Tamil Nadu,TIRUNELVELI,2002,Whole Year,Brinjal,404,3062,7.579207921
Tamil Nadu,TIRUNELVELI,2002,Whole Year,Cashewnut,4354,1317,0.302480478
Tamil Nadu,TIRUNELVELI,2002,Whole Year,Citrus Fruit,1709,1895,1.108835576
Tamil Nadu,TIRUNELVELI,2002,Whole Year,Coconut,15423,106300,6.892303702
Tamil Nadu,TIRUNELVELI,2002,Whole Year,Coriander,59,10,0.169491525
Tamil Nadu,TIRUNELVELI,2002,Whole Year,Cucumber,118,0,0
Tamil Nadu,TIRUNELVELI,2002,Whole Year,Drum Stick,78,0,0
Tamil Nadu,TIRUNELVELI,2002,Whole Year,Dry chillies,2161,1822,0.843128181
Tamil Nadu,TIRUNELVELI,2002,Whole Year,Dry ginger,9,144,16
Tamil Nadu,TIRUNELVELI,2002,Whole Year,Grapes,90,1313,14.58888889
Tamil Nadu,TIRUNELVELI,2002,Whole Year,Jack Fruit,50,566,11.32
Tamil Nadu,TIRUNELVELI,2002,Whole Year,Lab-Lab,5,0,0
Tamil Nadu,TIRUNELVELI,2002,Whole Year,Mango,4046,28716,7.097380129
Tamil Nadu,TIRUNELVELI,2002,Whole Year,Onion,1489,14100,9.469442579
Tamil Nadu,TIRUNELVELI,2002,Whole Year,Orange,7,10,1.428571429
Tamil Nadu,TIRUNELVELI,2002,Whole Year,Other Citrus Fruit,454,0,0
Tamil Nadu,TIRUNELVELI,2002,Whole Year,Other Fresh Fruits,72,0,0
Tamil Nadu,TIRUNELVELI,2002,Whole Year,Other Vegetables,421,0,0
Tamil Nadu,TIRUNELVELI,2002,Whole Year,Papaya,1,0,0
Tamil Nadu,TIRUNELVELI,2002,Whole Year,Pome Fruit,351,1836,5.230769231
Tamil Nadu,TIRUNELVELI,2002,Whole Year,Pome Granet,25,0,0
Tamil Nadu,TIRUNELVELI,2002,Whole Year,Pump Kin,41,0,0
Tamil Nadu,TIRUNELVELI,2002,Whole Year,Snak Guard,21,0,0
Tamil Nadu,TIRUNELVELI,2002,Whole Year,Sugarcane,3476,319230,91.83831991
Tamil Nadu,TIRUNELVELI,2002,Whole Year,Sweet potato,20,273,13.65
Tamil Nadu,TIRUNELVELI,2002,Whole Year,Tapioca,170,5370,31.58823529
Tamil Nadu,TIRUNELVELI,2002,Whole Year,Tobacco,15,18,1.2
Tamil Nadu,TIRUNELVELI,2002,Whole Year,Tomato,589,7255,12.31748727
Tamil Nadu,TIRUNELVELI,2002,Whole Year,Turmeric,6,22,3.666666667
Tamil Nadu,TIRUNELVELI,2002,Whole Year,Water Melon,3,0,0
Tamil Nadu,TIRUNELVELI,2002,Whole Year,Yam,12,0,0
Tamil Nadu,TIRUNELVELI,2003,Kharif,Arhar/Tur,34,21,0.617647059
Tamil Nadu,TIRUNELVELI,2003,Kharif,Bajra,977,1111,1.137154555
Tamil Nadu,TIRUNELVELI,2003,Kharif,Castor seed,40,9,0.225
Tamil Nadu,TIRUNELVELI,2003,Kharif,Cotton(lint),4301,7050,1.639153685
Tamil Nadu,TIRUNELVELI,2003,Kharif,Dry ginger,1,14,14
Tamil Nadu,TIRUNELVELI,2003,Kharif,Groundnut,2596,4599,1.771571649
Tamil Nadu,TIRUNELVELI,2003,Kharif,Horse-gram,475,127,0.267368421
Tamil Nadu,TIRUNELVELI,2003,Kharif,Jowar,2382,3850,1.616288833
Tamil Nadu,TIRUNELVELI,2003,Kharif,Korra,3,1,0.333333333
Tamil Nadu,TIRUNELVELI,2003,Kharif,Maize,6204,5165,0.832527402
Tamil Nadu,TIRUNELVELI,2003,Kharif,Moong(Green Gram),7075,2710,0.383038869
Tamil Nadu,TIRUNELVELI,2003,Kharif,Other Kharif pulses,2192,418,0.190693431
Tamil Nadu,TIRUNELVELI,2003,Kharif,Ragi,347,789,2.273775216
Tamil Nadu,TIRUNELVELI,2003,Kharif,Rice,52474,197848,3.770400579
Tamil Nadu,TIRUNELVELI,2003,Kharif,Sesamum,1793,581,0.324037925
Tamil Nadu,TIRUNELVELI,2003,Kharif,Small millets,365,8,0.021917808
Tamil Nadu,TIRUNELVELI,2003,Kharif,Sunflower,292,270,0.924657534
Tamil Nadu,TIRUNELVELI,2003,Kharif,Urad,12222,5110,0.418098511
Tamil Nadu,TIRUNELVELI,2003,Rabi,Gram,2,2,1
Tamil Nadu,TIRUNELVELI,2003,Whole Year,Arecanut,122,,
Tamil Nadu,TIRUNELVELI,2003,Whole Year,Ash Gourd,13,0,0
Tamil Nadu,TIRUNELVELI,2003,Whole Year,Banana,5924,197539,33.34554355
Tamil Nadu,TIRUNELVELI,2003,Whole Year,Bhindi,315,2067,6.561904762
Tamil Nadu,TIRUNELVELI,2003,Whole Year,Bitter Gourd,19,0,0
Tamil Nadu,TIRUNELVELI,2003,Whole Year,Black pepper,43,9,0.209302326
Tamil Nadu,TIRUNELVELI,2003,Whole Year,Bottle Gourd,7,0,0
Tamil Nadu,TIRUNELVELI,2003,Whole Year,Brinjal,421,4707,11.18052257
Tamil Nadu,TIRUNELVELI,2003,Whole Year,Cardamom,1241,119,0.095890411
Tamil Nadu,TIRUNELVELI,2003,Whole Year,Cashewnut,4577,1124,0.245575705
Tamil Nadu,TIRUNELVELI,2003,Whole Year,Citrus Fruit,1830,1911,1.044262295
Tamil Nadu,TIRUNELVELI,2003,Whole Year,Coconut,15500,86600,5.587096774
Tamil Nadu,TIRUNELVELI,2003,Whole Year,Coriander,41,12,0.292682927
Tamil Nadu,TIRUNELVELI,2003,Whole Year,Cucumber,43,0,0
Tamil Nadu,TIRUNELVELI,2003,Whole Year,Drum Stick,82,0,0
Tamil Nadu,TIRUNELVELI,2003,Whole Year,Dry chillies,1938,2118,1.092879257
Tamil Nadu,TIRUNELVELI,2003,Whole Year,Grapes,76,1832,24.10526316
Tamil Nadu,TIRUNELVELI,2003,Whole Year,Jack Fruit,56,541,9.660714286
Tamil Nadu,TIRUNELVELI,2003,Whole Year,Lab-Lab,10,0,0
Tamil Nadu,TIRUNELVELI,2003,Whole Year,Litchi,2,0,0
Tamil Nadu,TIRUNELVELI,2003,Whole Year,Mango,4116,13296,3.2303207
Tamil Nadu,TIRUNELVELI,2003,Whole Year,Onion,1073,8032,7.48555452
Tamil Nadu,TIRUNELVELI,2003,Whole Year,Orange,6,12,2
Tamil Nadu,TIRUNELVELI,2003,Whole Year,Other Citrus Fruit,603,0,0
Tamil Nadu,TIRUNELVELI,2003,Whole Year,Other Fresh Fruits,118,0,0
Tamil Nadu,TIRUNELVELI,2003,Whole Year,Other Vegetables,284,0,0
Tamil Nadu,TIRUNELVELI,2003,Whole Year,Papaya,2,0,0
Tamil Nadu,TIRUNELVELI,2003,Whole Year,Pome Fruit,390,2738,7.020512821
Tamil Nadu,TIRUNELVELI,2003,Whole Year,Pome Granet,24,0,0
Tamil Nadu,TIRUNELVELI,2003,Whole Year,Pump Kin,21,0,0
Tamil Nadu,TIRUNELVELI,2003,Whole Year,Snak Guard,35,0,0
Tamil Nadu,TIRUNELVELI,2003,Whole Year,Sugarcane,2707,275244,101.678611
Tamil Nadu,TIRUNELVELI,2003,Whole Year,Sweet potato,22,319,14.5
Tamil Nadu,TIRUNELVELI,2003,Whole Year,Tapioca,131,4414,33.69465649
Tamil Nadu,TIRUNELVELI,2003,Whole Year,Tomato,651,6607,10.14900154
Tamil Nadu,TIRUNELVELI,2003,Whole Year,Turmeric,6,25,4.166666667
Tamil Nadu,TIRUNELVELI,2003,Whole Year,Yam,32,0,0
Tamil Nadu,TIRUNELVELI,2004,Kharif,Arhar/Tur,33,22,0.666666667
Tamil Nadu,TIRUNELVELI,2004,Kharif,Bajra,767,1273,1.659713168
Tamil Nadu,TIRUNELVELI,2004,Kharif,Castor seed,108,25,0.231481481
Tamil Nadu,TIRUNELVELI,2004,Kharif,Cotton(lint),6625,14854,2.242113208
Tamil Nadu,TIRUNELVELI,2004,Kharif,Groundnut,3945,8869,2.248162231
Tamil Nadu,TIRUNELVELI,2004,Kharif,Horse-gram,684,204,0.298245614
Tamil Nadu,TIRUNELVELI,2004,Kharif,Jowar,2730,5251,1.923443223
Tamil Nadu,TIRUNELVELI,2004,Kharif,Maize,6886,6130,0.890212024
Tamil Nadu,TIRUNELVELI,2004,Kharif,Moong(Green Gram),11495,5769,0.501870378
Tamil Nadu,TIRUNELVELI,2004,Kharif,Other Kharif pulses,3824,729,0.190638075
Tamil Nadu,TIRUNELVELI,2004,Kharif,Ragi,342,734,2.14619883
Tamil Nadu,TIRUNELVELI,2004,Kharif,Rice,86832,358920,4.133499171
Tamil Nadu,TIRUNELVELI,2004,Kharif,Sesamum,2375,1035,0.435789474
Tamil Nadu,TIRUNELVELI,2004,Kharif,Small millets,214,141,0.658878505
Tamil Nadu,TIRUNELVELI,2004,Kharif,Sunflower,756,570,0.753968254
Tamil Nadu,TIRUNELVELI,2004,Kharif,Urad,16038,8504,0.530240678
Tamil Nadu,TIRUNELVELI,2004,Rabi,Gram,10,9,0.9
Tamil Nadu,TIRUNELVELI,2004,Whole Year,Arecanut,122,260,2.131147541
Tamil Nadu,TIRUNELVELI,2004,Whole Year,Banana,5820,279400,48.00687285
Tamil Nadu,TIRUNELVELI,2004,Whole Year,Cardamom,831,80,0.096269555
Tamil Nadu,TIRUNELVELI,2004,Whole Year,Cashewnut,5114,2105,0.411615174
Tamil Nadu,TIRUNELVELI,2004,Whole Year,Coconut,15605,167800,10.75296379
Tamil Nadu,TIRUNELVELI,2004,Whole Year,Coriander,46,20,0.434782609
Tamil Nadu,TIRUNELVELI,2004,Whole Year,Dry chillies,1457,2014,1.382292382
Tamil Nadu,TIRUNELVELI,2004,Whole Year,Onion,1178,12549,10.65280136
Tamil Nadu,TIRUNELVELI,2004,Whole Year,Sugarcane,2771,305017,110.0747023
Tamil Nadu,TIRUNELVELI,2004,Whole Year,Sweet potato,89,1345,15.11235955
Tamil Nadu,TIRUNELVELI,2004,Whole Year,Tapioca,150,6190,41.26666667
Tamil Nadu,TIRUNELVELI,2004,Whole Year,Turmeric,2,11,5.5
Tamil Nadu,TIRUNELVELI,2005,Kharif,Arhar/Tur,42,23,0.547619048
Tamil Nadu,TIRUNELVELI,2005,Kharif,Bajra,639,1791,2.802816901
Tamil Nadu,TIRUNELVELI,2005,Kharif,Castor seed,56,13,0.232142857
Tamil Nadu,TIRUNELVELI,2005,Kharif,Cotton(lint),4938,10777,2.182462535
Tamil Nadu,TIRUNELVELI,2005,Kharif,Dry ginger,1,19,19
Tamil Nadu,TIRUNELVELI,2005,Kharif,Groundnut,4562,9559,2.095352915
Tamil Nadu,TIRUNELVELI,2005,Kharif,Horse-gram,436,159,0.364678899
Tamil Nadu,TIRUNELVELI,2005,Kharif,Jowar,2638,8557,3.243745262
Tamil Nadu,TIRUNELVELI,2005,Kharif,Maize,7939,,
Tamil Nadu,TIRUNELVELI,2005,Kharif,Moong(Green Gram),8548,3768,0.440804867
Tamil Nadu,TIRUNELVELI,2005,Kharif,Other Kharif pulses,3101,475,0.153176395
Tamil Nadu,TIRUNELVELI,2005,Kharif,Ragi,256,638,2.4921875
Tamil Nadu,TIRUNELVELI,2005,Kharif,Rice,86397,309065,3.577265414
Tamil Nadu,TIRUNELVELI,2005,Kharif,Sesamum,2112,645,0.305397727
Tamil Nadu,TIRUNELVELI,2005,Kharif,Small millets,204,114,0.558823529
Tamil Nadu,TIRUNELVELI,2005,Kharif,Soyabean,25,,
Tamil Nadu,TIRUNELVELI,2005,Kharif,Sunflower,906,913,1.007726269
Tamil Nadu,TIRUNELVELI,2005,Kharif,Urad,19664,8119,0.412886493
Tamil Nadu,TIRUNELVELI,2005,Rabi,Gram,1,1,1
Tamil Nadu,TIRUNELVELI,2005,Whole Year,Arecanut,123,142,1.154471545
Tamil Nadu,TIRUNELVELI,2005,Whole Year,Banana,7139,255705,35.81804174
Tamil Nadu,TIRUNELVELI,2005,Whole Year,Black pepper,51,10,0.196078431
Tamil Nadu,TIRUNELVELI,2005,Whole Year,Cardamom,759,73,0.096179183
Tamil Nadu,TIRUNELVELI,2005,Whole Year,Cashewnut,5019,3458,0.688981869
Tamil Nadu,TIRUNELVELI,2005,Whole Year,Coconut,15730,1903,0.120979021
Tamil Nadu,TIRUNELVELI,2005,Whole Year,Coriander,44,13,0.295454545
Tamil Nadu,TIRUNELVELI,2005,Whole Year,Dry chillies,1702,1885,1.107520564
Tamil Nadu,TIRUNELVELI,2005,Whole Year,Onion,1653,14188,8.583182093
Tamil Nadu,TIRUNELVELI,2005,Whole Year,Sugarcane,4614,353386,76.58994365
Tamil Nadu,TIRUNELVELI,2005,Whole Year,Sweet potato,35,730,20.85714286
Tamil Nadu,TIRUNELVELI,2005,Whole Year,Tapioca,141,5388,38.21276596
Tamil Nadu,TIRUNELVELI,2005,Whole Year,Tobacco,15,18,1.2
Tamil Nadu,TIRUNELVELI,2005,Whole Year,Turmeric,4,22,5.5
Tamil Nadu,TIRUNELVELI,2006,Kharif,Rice,91884,385278,4.193091289
Tamil Nadu,TIRUNELVELI,2006,Kharif,Small millets,59,37,0.627118644
Tamil Nadu,TIRUNELVELI,2006,Whole Year,Arecanut,127,78,0.614173228
Tamil Nadu,TIRUNELVELI,2006,Whole Year,Arhar/Tur,20,15,0.75
Tamil Nadu,TIRUNELVELI,2006,Whole Year,Bajra,663,1170,1.764705882
Tamil Nadu,TIRUNELVELI,2006,Whole Year,Banana,8121,375547,46.24393548
Tamil Nadu,TIRUNELVELI,2006,Whole Year,Black pepper,42,9,0.214285714
Tamil Nadu,TIRUNELVELI,2006,Whole Year,Cardamom,760,73,0.096052632
Tamil Nadu,TIRUNELVELI,2006,Whole Year,Cashewnut,5054,4050,0.801345469
Tamil Nadu,TIRUNELVELI,2006,Whole Year,Castor seed,65,15,0.230769231
Tamil Nadu,TIRUNELVELI,2006,Whole Year,Coconut,15538,2736,0.176084438
Tamil Nadu,TIRUNELVELI,2006,Whole Year,Coriander,32,10,0.3125
Tamil Nadu,TIRUNELVELI,2006,Whole Year,Cotton(lint),4373,10745,2.457123256
Tamil Nadu,TIRUNELVELI,2006,Whole Year,Dry chillies,1985,2473,1.245843829
Tamil Nadu,TIRUNELVELI,2006,Whole Year,Dry ginger,2,37,18.5
Tamil Nadu,TIRUNELVELI,2006,Whole Year,Gram,19,16,0.842105263
Tamil Nadu,TIRUNELVELI,2006,Whole Year,Groundnut,4261,7108,1.668153016
Tamil Nadu,TIRUNELVELI,2006,Whole Year,Horse-gram,399,233,0.5839599
Tamil Nadu,TIRUNELVELI,2006,Whole Year,Jowar,2047,6684,3.265266243
Tamil Nadu,TIRUNELVELI,2006,Whole Year,Maize,8773,23529,2.681978799
Tamil Nadu,TIRUNELVELI,2006,Whole Year,Moong(Green Gram),9537,6634,0.695606585
Tamil Nadu,TIRUNELVELI,2006,Whole Year,Onion,1834,25730,14.02944384
Tamil Nadu,TIRUNELVELI,2006,Whole Year,Ragi,309,1062,3.436893204
Tamil Nadu,TIRUNELVELI,2006,Whole Year,Rapeseed &Mustard,12,1,0.083333333
Tamil Nadu,TIRUNELVELI,2006,Whole Year,Sesamum,1872,773,0.41292735
Tamil Nadu,TIRUNELVELI,2006,Whole Year,Sugarcane,5454,669721,122.7944628
Tamil Nadu,TIRUNELVELI,2006,Whole Year,Sunflower,1021,1602,1.569049951
Tamil Nadu,TIRUNELVELI,2006,Whole Year,Sweet potato,28,470,16.78571429
Tamil Nadu,TIRUNELVELI,2006,Whole Year,Tapioca,153,6175,40.35947712
Tamil Nadu,TIRUNELVELI,2006,Whole Year,Tobacco,5,6,1.2
Tamil Nadu,TIRUNELVELI,2006,Whole Year,Turmeric,7,40,5.714285714
Tamil Nadu,TIRUNELVELI,2006,Whole Year,Urad,17774,10252,0.576797569
Tamil Nadu,TIRUNELVELI,2007,Kharif,Rice,83711,323944,3.869790111
Tamil Nadu,TIRUNELVELI,2007,Kharif,Small millets,124,73,0.588709677
Tamil Nadu,TIRUNELVELI,2007,Whole Year,Arecanut,121,223,1.842975207
Tamil Nadu,TIRUNELVELI,2007,Whole Year,Arhar/Tur,290,203,0.7
Tamil Nadu,TIRUNELVELI,2007,Whole Year,Bajra,551,1293,2.346642468
Tamil Nadu,TIRUNELVELI,2007,Whole Year,Banana,10005,384626,38.44337831
Tamil Nadu,TIRUNELVELI,2007,Whole Year,Black pepper,41,8,0.195121951
Tamil Nadu,TIRUNELVELI,2007,Whole Year,Cardamom,752,72,0.095744681
Tamil Nadu,TIRUNELVELI,2007,Whole Year,Cashewnut,5107,4328,0.847464265
Tamil Nadu,TIRUNELVELI,2007,Whole Year,Castor seed,108,26,0.240740741
Tamil Nadu,TIRUNELVELI,2007,Whole Year,Coconut,15398,2230,0.144824003
Tamil Nadu,TIRUNELVELI,2007,Whole Year,Coriander,21,9,0.428571429
Tamil Nadu,TIRUNELVELI,2007,Whole Year,Cotton(lint),3250,5943,1.828615385
Tamil Nadu,TIRUNELVELI,2007,Whole Year,Dry chillies,2741,2159,0.787668734
Tamil Nadu,TIRUNELVELI,2007,Whole Year,Gram,2,2,1
Tamil Nadu,TIRUNELVELI,2007,Whole Year,Groundnut,3060,5406,1.766666667
Tamil Nadu,TIRUNELVELI,2007,Whole Year,Horse-gram,97,43,0.443298969
Tamil Nadu,TIRUNELVELI,2007,Whole Year,Jowar,3023,6972,2.306318227
Tamil Nadu,TIRUNELVELI,2007,Whole Year,Maize,5756,14649,2.544996525
Tamil Nadu,TIRUNELVELI,2007,Whole Year,Moong(Green Gram),6787,4033,0.594224252
Tamil Nadu,TIRUNELVELI,2007,Whole Year,Onion,1889,22368,11.84118581
Tamil Nadu,TIRUNELVELI,2007,Whole Year,Potato,7,116,16.57142857
Tamil Nadu,TIRUNELVELI,2007,Whole Year,Ragi,247,434,1.75708502
Tamil Nadu,TIRUNELVELI,2007,Whole Year,Sesamum,1847,871,0.471575528
Tamil Nadu,TIRUNELVELI,2007,Whole Year,Small millets,124,73,0.588709677
Tamil Nadu,TIRUNELVELI,2007,Whole Year,Sugarcane,6095,623896,102.361936
Tamil Nadu,TIRUNELVELI,2007,Whole Year,Sunflower,3200,5978,1.868125
Tamil Nadu,TIRUNELVELI,2007,Whole Year,Sweet potato,19,258,13.57894737
Tamil Nadu,TIRUNELVELI,2007,Whole Year,Tapioca,146,6162,42.20547945
Tamil Nadu,TIRUNELVELI,2007,Whole Year,Tobacco,3,4,1.333333333
Tamil Nadu,TIRUNELVELI,2007,Whole Year,Turmeric,5,27,5.4
Tamil Nadu,TIRUNELVELI,2007,Whole Year,Urad,13753,4414,0.320948157
Tamil Nadu,TIRUNELVELI,2008,Kharif,Rice,91320,374214,4.0978318
Tamil Nadu,TIRUNELVELI,2008,Kharif,Small millets,15,12,0.8
Tamil Nadu,TIRUNELVELI,2008,Whole Year,Arecanut,133,37,0.278195489
Tamil Nadu,TIRUNELVELI,2008,Whole Year,Arhar/Tur,69,42,0.608695652
Tamil Nadu,TIRUNELVELI,2008,Whole Year,Bajra,428,804,1.878504673
Tamil Nadu,TIRUNELVELI,2008,Whole Year,Banana,9519,299114,31.42283853
Tamil Nadu,TIRUNELVELI,2008,Whole Year,Black pepper,39,8,0.205128205
Tamil Nadu,TIRUNELVELI,2008,Whole Year,Cardamom,379,36,0.094986807
Tamil Nadu,TIRUNELVELI,2008,Whole Year,Cashewnut,4992,2601,0.521033654
Tamil Nadu,TIRUNELVELI,2008,Whole Year,Castor seed,88,,
Tamil Nadu,TIRUNELVELI,2008,Whole Year,Coconut,15378,1409000,91.62439849
Tamil Nadu,TIRUNELVELI,2008,Whole Year,Coriander,37,13,0.351351351
Tamil Nadu,TIRUNELVELI,2008,Whole Year,Cotton(lint),2512,6107,2.431130573
Tamil Nadu,TIRUNELVELI,2008,Whole Year,Dry chillies,2347,3275,1.395398381
Tamil Nadu,TIRUNELVELI,2008,Whole Year,Gram,92,81,0.880434783
Tamil Nadu,TIRUNELVELI,2008,Whole Year,Groundnut,2773,4866,1.754778219
Tamil Nadu,TIRUNELVELI,2008,Whole Year,Horse-gram,79,37,0.46835443
Tamil Nadu,TIRUNELVELI,2008,Whole Year,Jowar,1367,3338,2.441843453
Tamil Nadu,TIRUNELVELI,2008,Whole Year,Maize,9378,33289,3.549690766
Tamil Nadu,TIRUNELVELI,2008,Whole Year,Moong(Green Gram),5412,1581,0.292128603
Tamil Nadu,TIRUNELVELI,2008,Whole Year,Onion,2127,33295,15.65350259
Tamil Nadu,TIRUNELVELI,2008,Whole Year,Ragi,82,144,1.756097561
Tamil Nadu,TIRUNELVELI,2008,Whole Year,Sesamum,1193,702,0.588432523
Tamil Nadu,TIRUNELVELI,2008,Whole Year,Small millets,22,12,0.545454545
Tamil Nadu,TIRUNELVELI,2008,Whole Year,Sugarcane,6177,619967,100.3670066
Tamil Nadu,TIRUNELVELI,2008,Whole Year,Sunflower,1605,2548,1.587538941
Tamil Nadu,TIRUNELVELI,2008,Whole Year,Sweet potato,59,784,13.28813559
Tamil Nadu,TIRUNELVELI,2008,Whole Year,Tapioca,172,6273,36.47093023
Tamil Nadu,TIRUNELVELI,2008,Whole Year,Tobacco,2,2,1
Tamil Nadu,TIRUNELVELI,2008,Whole Year,Turmeric,5,29,5.8
Tamil Nadu,TIRUNELVELI,2008,Whole Year,Urad,11796,3901,0.330705324
Tamil Nadu,TIRUNELVELI,2009,Kharif,Rice,85994,355877,4.138393376
Tamil Nadu,TIRUNELVELI,2009,Kharif,Small millets,31,18,0.580645161
Tamil Nadu,TIRUNELVELI,2009,Whole Year,Arecanut,138,48,0.347826087
Tamil Nadu,TIRUNELVELI,2009,Whole Year,Arhar/Tur,64,49,0.765625
Tamil Nadu,TIRUNELVELI,2009,Whole Year,Bajra,404,938,2.321782178
Tamil Nadu,TIRUNELVELI,2009,Whole Year,Banana,9446,235570,24.93859835
Tamil Nadu,TIRUNELVELI,2009,Whole Year,Black pepper,40,8,0.2
Tamil Nadu,TIRUNELVELI,2009,Whole Year,Cardamom,425,41,0.096470588
Tamil Nadu,TIRUNELVELI,2009,Whole Year,Cashewnut,4833,1460,0.302089799
Tamil Nadu,TIRUNELVELI,2009,Whole Year,Castor seed,80,19,0.2375
Tamil Nadu,TIRUNELVELI,2009,Whole Year,Coconut,15548,205800,13.23642912
Tamil Nadu,TIRUNELVELI,2009,Whole Year,Coriander,6,2,0.333333333
Tamil Nadu,TIRUNELVELI,2009,Whole Year,Cotton(lint),2574,7100,2.758352758
Tamil Nadu,TIRUNELVELI,2009,Whole Year,Dry chillies,2103,3260,1.550166429
Tamil Nadu,TIRUNELVELI,2009,Whole Year,Groundnut,1431,2148,1.501048218
Tamil Nadu,TIRUNELVELI,2009,Whole Year,Horse-gram,29,13,0.448275862
Tamil Nadu,TIRUNELVELI,2009,Whole Year,Jowar,2013,7445,3.69846001
Tamil Nadu,TIRUNELVELI,2009,Whole Year,Maize,8675,35042,4.039423631
Tamil Nadu,TIRUNELVELI,2009,Whole Year,Moong(Green Gram),5553,3636,0.654781199
Tamil Nadu,TIRUNELVELI,2009,Whole Year,Onion,2145,26371,12.29417249
Tamil Nadu,TIRUNELVELI,2009,Whole Year,Ragi,103,435,4.223300971
Tamil Nadu,TIRUNELVELI,2009,Whole Year,Sesamum,901,309,0.342952275
Tamil Nadu,TIRUNELVELI,2009,Whole Year,Sugarcane,4782,416216,87.03805939
Tamil Nadu,TIRUNELVELI,2009,Whole Year,Sunflower,739,1164,1.575101488
Tamil Nadu,TIRUNELVELI,2009,Whole Year,Sweet potato,22,322,14.63636364
Tamil Nadu,TIRUNELVELI,2009,Whole Year,Tapioca,171,5894,34.46783626
Tamil Nadu,TIRUNELVELI,2009,Whole Year,Tobacco,8,10,1.25
Tamil Nadu,TIRUNELVELI,2009,Whole Year,Turmeric,3,15,5
Tamil Nadu,TIRUNELVELI,2009,Whole Year,Urad,10361,3920,0.378341859
Tamil Nadu,TIRUNELVELI,2010,Kharif,Arhar/Tur,39,26,0.666666667
Tamil Nadu,TIRUNELVELI,2010,Kharif,Castor seed,77,20,0.25974026
Tamil Nadu,TIRUNELVELI,2010,Kharif,Cotton(lint),2432,7151,2.940378289
Tamil Nadu,TIRUNELVELI,2010,Kharif,Groundnut,1011,2237,2.212660732
Tamil Nadu,TIRUNELVELI,2010,Kharif,Horse-gram,67,29,0.432835821
Tamil Nadu,TIRUNELVELI,2010,Kharif,Maize,7055,22468,3.184691708
Tamil Nadu,TIRUNELVELI,2010,Kharif,Moong(Green Gram),4914,1938,0.394383394
Tamil Nadu,TIRUNELVELI,2010,Kharif,Ragi,58,178,3.068965517
Tamil Nadu,TIRUNELVELI,2010,Kharif,Rice,79764,351822,4.410786821
Tamil Nadu,TIRUNELVELI,2010,Kharif,Sunflower,439,583,1.328018223
Tamil Nadu,TIRUNELVELI,2010,Kharif,Urad,10459,3281,0.313701119
Tamil Nadu,TIRUNELVELI,2010,Rabi,Gram,3,3,1
Tamil Nadu,TIRUNELVELI,2010,Whole Year,Sugarcane,4776,483642,101.2650754
Tamil Nadu,TIRUNELVELI,2011,Kharif,Bajra,15,33,2.2
Tamil Nadu,TIRUNELVELI,2011,Kharif,Cotton(lint),1667,5470,3.281343731
Tamil Nadu,TIRUNELVELI,2011,Kharif,Groundnut,688,1791,2.603197674
Tamil Nadu,TIRUNELVELI,2011,Kharif,Jowar,2126,2330,1.095954845
Tamil Nadu,TIRUNELVELI,2011,Kharif,Maize,335,1903,5.680597015
Tamil Nadu,TIRUNELVELI,2011,Kharif,Ragi,5,13,2.6
Tamil Nadu,TIRUNELVELI,2011,Kharif,Rice,86725,459399,5.297192274
Tamil Nadu,TIRUNELVELI,2011,Rabi,Bajra,90,263,2.922222222
Tamil Nadu,TIRUNELVELI,2011,Rabi,Cotton(lint),1055,3063,2.903317536
Tamil Nadu,TIRUNELVELI,2011,Rabi,Groundnut,402,1506,3.746268657
Tamil Nadu,TIRUNELVELI,2011,Rabi,Jowar,169,280,1.656804734
Tamil Nadu,TIRUNELVELI,2011,Rabi,Maize,8881,63875,7.192320685
Tamil Nadu,TIRUNELVELI,2011,Rabi,Ragi,79,245,3.101265823
Tamil Nadu,TIRUNELVELI,2011,Whole Year,Arecanut,140,47,0.335714286
Tamil Nadu,TIRUNELVELI,2011,Whole Year,Arhar/Tur,29,25,0.862068966
Tamil Nadu,TIRUNELVELI,2011,Whole Year,Banana,8854,211954,23.93878473
Tamil Nadu,TIRUNELVELI,2011,Whole Year,Black pepper,40,8,0.2
Tamil Nadu,TIRUNELVELI,2011,Whole Year,Cardamom,224,22,0.098214286
Tamil Nadu,TIRUNELVELI,2011,Whole Year,Cashewnut,4368,467,0.106913919
Tamil Nadu,TIRUNELVELI,2011,Whole Year,Castor seed,68,18,0.264705882
Tamil Nadu,TIRUNELVELI,2011,Whole Year,Coconut,15621,128000000,8194.097689
Tamil Nadu,TIRUNELVELI,2011,Whole Year,Coriander,9,4,0.444444444
Tamil Nadu,TIRUNELVELI,2011,Whole Year,Dry chillies,1591,2537,1.594594595
Tamil Nadu,TIRUNELVELI,2011,Whole Year,Dry ginger,19,210,11.05263158
Tamil Nadu,TIRUNELVELI,2011,Whole Year,Horse-gram,30,16,0.533333333
Tamil Nadu,TIRUNELVELI,2011,Whole Year,Moong(Green Gram),4318,3322,0.769337656
Tamil Nadu,TIRUNELVELI,2011,Whole Year,Onion,1941,24035,12.38279238
Tamil Nadu,TIRUNELVELI,2011,Whole Year,Potato,11,250,22.72727273
Tamil Nadu,TIRUNELVELI,2011,Whole Year,Small millets,138,85,0.615942029
Tamil Nadu,TIRUNELVELI,2011,Whole Year,Sugarcane,5110,437339,85.58493151
Tamil Nadu,TIRUNELVELI,2011,Whole Year,Sunflower,430,741,1.723255814
Tamil Nadu,TIRUNELVELI,2011,Whole Year,Sweet potato,43,881,20.48837209
Tamil Nadu,TIRUNELVELI,2011,Whole Year,Tapioca,210,7908,37.65714286
Tamil Nadu,TIRUNELVELI,2011,Whole Year,Turmeric,9,49,5.444444444
Tamil Nadu,TIRUNELVELI,2011,Whole Year,Urad,10960,10508,0.958759124
Tamil Nadu,TIRUNELVELI,2012,Kharif,Arhar/Tur,34,26,0.764705882
Tamil Nadu,TIRUNELVELI,2012,Kharif,Castor seed,145,,
Tamil Nadu,TIRUNELVELI,2012,Kharif,Cotton(lint),2510,5135,2.045816733
Tamil Nadu,TIRUNELVELI,2012,Kharif,Groundnut,1233,3223,2.613949716
Tamil Nadu,TIRUNELVELI,2012,Kharif,Horse-gram,8,3,0.375
Tamil Nadu,TIRUNELVELI,2012,Kharif,Maize,11218,35592,3.172758067
Tamil Nadu,TIRUNELVELI,2012,Kharif,Moong(Green Gram),4098,1335,0.325768668
Tamil Nadu,TIRUNELVELI,2012,Kharif,Ragi,48,121,2.520833333
Tamil Nadu,TIRUNELVELI,2012,Kharif,Rice,45401,182667,4.023413581
Tamil Nadu,TIRUNELVELI,2012,Kharif,Sunflower,425,349,0.821176471
Tamil Nadu,TIRUNELVELI,2012,Kharif,Urad,10140,4125,0.406804734
Tamil Nadu,TIRUNELVELI,2012,Rabi,Gram,17,15,0.882352941
Tamil Nadu,TIRUNELVELI,2012,Whole Year,Sugarcane,3534,273601,77.4196378
Tamil Nadu,TIRUNELVELI,2013,Kharif,Bajra,42,96,2.285714286
Tamil Nadu,TIRUNELVELI,2013,Kharif,Castor seed,11,2,0.181818182
Tamil Nadu,TIRUNELVELI,2013,Kharif,Cotton(lint),1105,2187,1.97918552
Tamil Nadu,TIRUNELVELI,2013,Kharif,Groundnut,388,859,2.213917526
Tamil Nadu,TIRUNELVELI,2013,Kharif,Horse-gram,10,10,1
Tamil Nadu,TIRUNELVELI,2013,Kharif,Jowar,1653,4151,2.511191773
Tamil Nadu,TIRUNELVELI,2013,Kharif,Maize,720,4707,6.5375
Tamil Nadu,TIRUNELVELI,2013,Kharif,Moong(Green Gram),39,22,0.564102564
Tamil Nadu,TIRUNELVELI,2013,Kharif,Onion,773,10059,13.01293661
Tamil Nadu,TIRUNELVELI,2013,Kharif,Ragi,7,19,2.714285714
Tamil Nadu,TIRUNELVELI,2013,Kharif,Rice,62281,362994,5.828326456
Tamil Nadu,TIRUNELVELI,2013,Kharif,Sunflower,318,602,1.893081761
Tamil Nadu,TIRUNELVELI,2013,Kharif,Urad,2230,1874,0.840358744
Tamil Nadu,TIRUNELVELI,2013,Rabi,Bajra,41,82,2
Tamil Nadu,TIRUNELVELI,2013,Rabi,Cotton(lint),2379,1617,0.679697352
Tamil Nadu,TIRUNELVELI,2013,Rabi,Groundnut,246,893,3.630081301
Tamil Nadu,TIRUNELVELI,2013,Rabi,Horse-gram,1,1,1
Tamil Nadu,TIRUNELVELI,2013,Rabi,Jowar,62,133,2.14516129
Tamil Nadu,TIRUNELVELI,2013,Rabi,Maize,12366,55624,4.498140061
Tamil Nadu,TIRUNELVELI,2013,Rabi,Moong(Green Gram),4880,1736,0.355737705
Tamil Nadu,TIRUNELVELI,2013,Rabi,Onion,115,974,8.469565217
Tamil Nadu,TIRUNELVELI,2013,Rabi,Ragi,4,16,4
Tamil Nadu,TIRUNELVELI,2013,Rabi,Sunflower,409,154,0.376528117
Tamil Nadu,TIRUNELVELI,2013,Rabi,Urad,14688,5731,0.390182462
Tamil Nadu,TIRUNELVELI,2013,Whole Year,Arecanut,126,164,1.301587302
Tamil Nadu,TIRUNELVELI,2013,Whole Year,Arhar/Tur,615,595,0.967479675
Tamil Nadu,TIRUNELVELI,2013,Whole Year,Banana,7193,211773,29.44154039
Tamil Nadu,TIRUNELVELI,2013,Whole Year,Black pepper,188,38,0.20212766
Tamil Nadu,TIRUNELVELI,2013,Whole Year,Cardamom,193,19,0.098445596
Tamil Nadu,TIRUNELVELI,2013,Whole Year,Cashewnut,3795,243,0.064031621
Tamil Nadu,TIRUNELVELI,2013,Whole Year,Coconut,15667,157300000,10040.21191
Tamil Nadu,TIRUNELVELI,2013,Whole Year,Coriander,9,3,0.333333333
Tamil Nadu,TIRUNELVELI,2013,Whole Year,Dry chillies,758,767,1.011873351
Tamil Nadu,TIRUNELVELI,2013,Whole Year,Dry ginger,7,49,7
Tamil Nadu,TIRUNELVELI,2013,Whole Year,Small millets,61,35,0.573770492
Tamil Nadu,TIRUNELVELI,2013,Whole Year,Sugarcane,3369,215001,63.81745325
Tamil Nadu,TIRUNELVELI,2013,Whole Year,Sweet potato,176,3091,17.5625
Tamil Nadu,TIRUNELVELI,2013,Whole Year,Tapioca,115,3441,29.92173913
Tamil Nadu,TIRUNELVELI,2013,Whole Year,Turmeric,5,18,3.6
Tamil Nadu,TIRUPPUR,2008,Kharif,Rice,11060,,
Tamil Nadu,TIRUPPUR,2008,Whole Year,Arecanut,42,,
Tamil Nadu,TIRUPPUR,2008,Whole Year,Arhar/Tur,103,,
Tamil Nadu,TIRUPPUR,2008,Whole Year,Bajra,208,,
Tamil Nadu,TIRUPPUR,2008,Whole Year,Banana,3939,,
Tamil Nadu,TIRUPPUR,2008,Whole Year,Black pepper,1,,
Tamil Nadu,TIRUPPUR,2008,Whole Year,Cashewnut,247,,
Tamil Nadu,TIRUPPUR,2008,Whole Year,Castor seed,188,,
Tamil Nadu,TIRUPPUR,2008,Whole Year,Coconut,44282,,
Tamil Nadu,TIRUPPUR,2008,Whole Year,Coriander,764,,
Tamil Nadu,TIRUPPUR,2008,Whole Year,Cotton(lint),429,,
Tamil Nadu,TIRUPPUR,2008,Whole Year,Dry chillies,1021,,
Tamil Nadu,TIRUPPUR,2008,Whole Year,Gram,3737,,
Tamil Nadu,TIRUPPUR,2008,Whole Year,Groundnut,9670,,
Tamil Nadu,TIRUPPUR,2008,Whole Year,Horse-gram,5855,,
Tamil Nadu,TIRUPPUR,2008,Whole Year,Jowar,26466,,
Tamil Nadu,TIRUPPUR,2008,Whole Year,Maize,28503,,
Tamil Nadu,TIRUPPUR,2008,Whole Year,Moong(Green Gram),3608,,
Tamil Nadu,TIRUPPUR,2008,Whole Year,Onion,3044,,
Tamil Nadu,TIRUPPUR,2008,Whole Year,Ragi,3,,
Tamil Nadu,TIRUPPUR,2008,Whole Year,Sugarcane,6378,,
Tamil Nadu,TIRUPPUR,2008,Whole Year,Sunflower,1710,,
Tamil Nadu,TIRUPPUR,2008,Whole Year,Tapioca,1294,,
Tamil Nadu,TIRUPPUR,2008,Whole Year,Tobacco,320,,
Tamil Nadu,TIRUPPUR,2008,Whole Year,Turmeric,1278,,
Tamil Nadu,TIRUPPUR,2008,Whole Year,Urad,1780,,
Tamil Nadu,TIRUPPUR,2009,Kharif,Rice,11958,50179,4.196270279
Tamil Nadu,TIRUPPUR,2009,Whole Year,Arecanut,37,32,0.864864865
Tamil Nadu,TIRUPPUR,2009,Whole Year,Arhar/Tur,135,46,0.340740741
Tamil Nadu,TIRUPPUR,2009,Whole Year,Bajra,160,590,3.6875
Tamil Nadu,TIRUPPUR,2009,Whole Year,Banana,3364,133145,39.5793698
Tamil Nadu,TIRUPPUR,2009,Whole Year,Cashewnut,239,120,0.50209205
Tamil Nadu,TIRUPPUR,2009,Whole Year,Castor seed,115,35,0.304347826
Tamil Nadu,TIRUPPUR,2009,Whole Year,Coconut,47826,184800,3.864007025
Tamil Nadu,TIRUPPUR,2009,Whole Year,Coriander,820,254,0.309756098
Tamil Nadu,TIRUPPUR,2009,Whole Year,Cotton(lint),335,2081,6.211940299
Tamil Nadu,TIRUPPUR,2009,Whole Year,Dry chillies,1020,545,0.534313725
Tamil Nadu,TIRUPPUR,2009,Whole Year,Gram,3709,2266,0.610946347
Tamil Nadu,TIRUPPUR,2009,Whole Year,Groundnut,8035,18257,2.272184194
Tamil Nadu,TIRUPPUR,2009,Whole Year,Horse-gram,5505,1106,0.200908265
Tamil Nadu,TIRUPPUR,2009,Whole Year,Jowar,23018,4946,0.214875315
Tamil Nadu,TIRUPPUR,2009,Whole Year,Maize,26079,179078,6.866751026
Tamil Nadu,TIRUPPUR,2009,Whole Year,Moong(Green Gram),3538,1264,0.357263991
Tamil Nadu,TIRUPPUR,2009,Whole Year,Onion,3293,31447,9.549650774
Tamil Nadu,TIRUPPUR,2009,Whole Year,Ragi,11,35,3.181818182
Tamil Nadu,TIRUPPUR,2009,Whole Year,Sesamum,2192,858,0.391423358
Tamil Nadu,TIRUPPUR,2009,Whole Year,Sugarcane,6703,743019,110.8487245
Tamil Nadu,TIRUPPUR,2009,Whole Year,Sunflower,395,646,1.635443038
Tamil Nadu,TIRUPPUR,2009,Whole Year,Sweet potato,2,29,14.5
Tamil Nadu,TIRUPPUR,2009,Whole Year,Tapioca,1522,45741,30.05321945
Tamil Nadu,TIRUPPUR,2009,Whole Year,Tobacco,453,690,1.523178808
Tamil Nadu,TIRUPPUR,2009,Whole Year,Turmeric,981,4764,4.856269113
Tamil Nadu,TIRUPPUR,2009,Whole Year,Urad,2245,853,0.379955457
Tamil Nadu,TIRUPPUR,2010,Kharif,Arhar/Tur,125,83,0.664
Tamil Nadu,TIRUPPUR,2010,Kharif,Castor seed,123,35,0.284552846
Tamil Nadu,TIRUPPUR,2010,Kharif,Cotton(lint),398,973,2.444723618
Tamil Nadu,TIRUPPUR,2010,Kharif,Groundnut,7871,15363,1.951848558
Tamil Nadu,TIRUPPUR,2010,Kharif,Horse-gram,5625,1925,0.342222222
Tamil Nadu,TIRUPPUR,2010,Kharif,Maize,24537,121374,4.946570485
Tamil Nadu,TIRUPPUR,2010,Kharif,Moong(Green Gram),4104,2538,0.618421053
Tamil Nadu,TIRUPPUR,2010,Kharif,Rice,11797,46945,3.979401543
Tamil Nadu,TIRUPPUR,2010,Kharif,Sunflower,168,337,2.005952381
Tamil Nadu,TIRUPPUR,2010,Kharif,Urad,2626,1174,0.447067784
Tamil Nadu,TIRUPPUR,2010,Rabi,Gram,3773,2894,0.767028889
Tamil Nadu,TIRUPPUR,2010,Whole Year,Sugarcane,6878,841168,122.2983425
Tamil Nadu,TIRUPPUR,2011,Kharif,Bajra,75,166,2.213333333
Tamil Nadu,TIRUPPUR,2011,Kharif,Cotton(lint),361,1031,2.855955679
Tamil Nadu,TIRUPPUR,2011,Kharif,Groundnut,6361,8081,1.270397736
Tamil Nadu,TIRUPPUR,2011,Kharif,Jowar,2017,1158,0.57411998
Tamil Nadu,TIRUPPUR,2011,Kharif,Maize,15024,122335,8.142638445
Tamil Nadu,TIRUPPUR,2011,Kharif,Rice,10612,48936,4.61138334
Tamil Nadu,TIRUPPUR,2011,Kharif,Wheat,2,,
Tamil Nadu,TIRUPPUR,2011,Rabi,Bajra,7,20,2.857142857
Tamil Nadu,TIRUPPUR,2011,Rabi,Cotton(lint),292,803,2.75
Tamil Nadu,TIRUPPUR,2011,Rabi,Groundnut,1892,11628,6.145877378
Tamil Nadu,TIRUPPUR,2011,Rabi,Jowar,9954,7232,0.726542094
Tamil Nadu,TIRUPPUR,2011,Rabi,Maize,11615,96661,8.322083513
Tamil Nadu,TIRUPPUR,2011,Whole Year,Arecanut,42,54,1.285714286
Tamil Nadu,TIRUPPUR,2011,Whole Year,Arhar/Tur,94,82,0.872340426
Tamil Nadu,TIRUPPUR,2011,Whole Year,Banana,3057,112400,36.76807327
Tamil Nadu,TIRUPPUR,2011,Whole Year,Black pepper,1,,
Tamil Nadu,TIRUPPUR,2011,Whole Year,Cashewnut,262,69,0.263358779
Tamil Nadu,TIRUPPUR,2011,Whole Year,Castor seed,93,34,0.365591398
Tamil Nadu,TIRUPPUR,2011,Whole Year,Coconut,51478,646700000,12562.64812
Tamil Nadu,TIRUPPUR,2011,Whole Year,Coriander,494,285,0.576923077
Tamil Nadu,TIRUPPUR,2011,Whole Year,Dry chillies,1028,609,0.592412451
Tamil Nadu,TIRUPPUR,2011,Whole Year,Gram,3300,2121,0.642727273
Tamil Nadu,TIRUPPUR,2011,Whole Year,Horse-gram,6046,1933,0.319715514
Tamil Nadu,TIRUPPUR,2011,Whole Year,Moong(Green Gram),4367,2363,0.541103733
Tamil Nadu,TIRUPPUR,2011,Whole Year,Onion,3857,76882,19.93310863
Tamil Nadu,TIRUPPUR,2011,Whole Year,Sugarcane,7633,924642,121.1374296
Tamil Nadu,TIRUPPUR,2011,Whole Year,Sunflower,491,901,1.83503055
Tamil Nadu,TIRUPPUR,2011,Whole Year,Tapioca,878,25823,29.41116173
Tamil Nadu,TIRUPPUR,2011,Whole Year,Tobacco,82,279,3.402439024
Tamil Nadu,TIRUPPUR,2011,Whole Year,Turmeric,3127,20316,6.496961944
Tamil Nadu,TIRUPPUR,2011,Whole Year,Urad,2929,1870,0.638443155
Tamil Nadu,TIRUPPUR,2012,Kharif,Arhar/Tur,198,156,0.787878788
Tamil Nadu,TIRUPPUR,2012,Kharif,Castor seed,216,16.69,0.077268519
Tamil Nadu,TIRUPPUR,2012,Kharif,Cotton(lint),371,684,1.843665768
Tamil Nadu,TIRUPPUR,2012,Kharif,Groundnut,5098,6386,1.252648097
Tamil Nadu,TIRUPPUR,2012,Kharif,Horse-gram,4985,30,0.006018054
Tamil Nadu,TIRUPPUR,2012,Kharif,Maize,18095,111481,6.160873169
Tamil Nadu,TIRUPPUR,2012,Kharif,Moong(Green Gram),2697,478,0.177233964
Tamil Nadu,TIRUPPUR,2012,Kharif,Rice,245,604,2.465306122
Tamil Nadu,TIRUPPUR,2012,Kharif,Sunflower,35,38,1.085714286
Tamil Nadu,TIRUPPUR,2012,Kharif,Urad,1863,908,0.487385937
Tamil Nadu,TIRUPPUR,2012,Rabi,Gram,3134,2404,0.767070836
Tamil Nadu,TIRUPPUR,2012,Whole Year,Sugarcane,5347,491342,91.89115392
Tamil Nadu,TIRUPPUR,2013,Kharif,Bajra,28,64,2.285714286
Tamil Nadu,TIRUPPUR,2013,Kharif,Castor seed,60,18,0.3
Tamil Nadu,TIRUPPUR,2013,Kharif,Cotton(lint),137,393,2.868613139
Tamil Nadu,TIRUPPUR,2013,Kharif,Groundnut,6568,7041,1.072015834
Tamil Nadu,TIRUPPUR,2013,Kharif,Horse-gram,1592,250,0.157035176
Tamil Nadu,TIRUPPUR,2013,Kharif,Jowar,16909,8127,0.480631616
Tamil Nadu,TIRUPPUR,2013,Kharif,Maize,14495,112264,7.745015523
Tamil Nadu,TIRUPPUR,2013,Kharif,Moong(Green Gram),985,116,0.117766497
Tamil Nadu,TIRUPPUR,2013,Kharif,Onion,1152,15517,13.46961806
Tamil Nadu,TIRUPPUR,2013,Kharif,Rice,7511,43377,5.77512981
Tamil Nadu,TIRUPPUR,2013,Kharif,Sunflower,10,18,1.8
Tamil Nadu,TIRUPPUR,2013,Kharif,Urad,1091,917,0.840513291
Tamil Nadu,TIRUPPUR,2013,Rabi,Bajra,15,30,2
Tamil Nadu,TIRUPPUR,2013,Rabi,Cotton(lint),194,466,2.402061856
Tamil Nadu,TIRUPPUR,2013,Rabi,Groundnut,854,3466,4.058548009
Tamil Nadu,TIRUPPUR,2013,Rabi,Horse-gram,4628,719,0.155358686
Tamil Nadu,TIRUPPUR,2013,Rabi,Jowar,16294,5174,0.317540199
Tamil Nadu,TIRUPPUR,2013,Rabi,Maize,8329,72255,8.675111058
Tamil Nadu,TIRUPPUR,2013,Rabi,Moong(Green Gram),1954,743,0.38024565
Tamil Nadu,TIRUPPUR,2013,Rabi,Onion,1388,15616,11.25072046
Tamil Nadu,TIRUPPUR,2013,Rabi,Sunflower,9,14,1.555555556
Tamil Nadu,TIRUPPUR,2013,Rabi,Urad,997,851,0.853560682
Tamil Nadu,TIRUPPUR,2013,Whole Year,Arecanut,37,58,1.567567568
Tamil Nadu,TIRUPPUR,2013,Whole Year,Arhar/Tur,742,717,0.966307278
Tamil Nadu,TIRUPPUR,2013,Whole Year,Banana,1815,86895,47.87603306
Tamil Nadu,TIRUPPUR,2013,Whole Year,Black pepper,1,,
Tamil Nadu,TIRUPPUR,2013,Whole Year,Cashewnut,203,58,0.285714286
Tamil Nadu,TIRUPPUR,2013,Whole Year,Coconut,56484,361300000,6396.501664
Tamil Nadu,TIRUPPUR,2013,Whole Year,Coriander,423,378,0.893617021
Tamil Nadu,TIRUPPUR,2013,Whole Year,Dry chillies,612,167,0.272875817
Tamil Nadu,TIRUPPUR,2013,Whole Year,Gram,2756,1921,0.697024673
Tamil Nadu,TIRUPPUR,2013,Whole Year,Sugarcane,4713,461927,98.01124549
Tamil Nadu,TIRUPPUR,2013,Whole Year,Tapioca,229,6524,28.48908297
Tamil Nadu,TIRUPPUR,2013,Whole Year,Tobacco,278,437,1.571942446
Tamil Nadu,TIRUPPUR,2013,Whole Year,Turmeric,1011,2704,2.674579624
Tamil Nadu,TIRUVANNAMALAI,1997,Kharif,Banana,1757,66962,38.11155378
Tamil Nadu,TIRUVANNAMALAI,1997,Kharif,Horse-gram,2675,1530,0.571962617
Tamil Nadu,TIRUVANNAMALAI,1997,Kharif,Onion,177,1431,8.084745763
Tamil Nadu,TIRUVANNAMALAI,1997,Kharif,Sesamum,995,420,0.422110553
Tamil Nadu,TIRUVANNAMALAI,1997,Kharif,Small millets,4972,3640,0.732099759
Tamil Nadu,TIRUVANNAMALAI,1997,Kharif,Tobacco,105,123,1.171428571
Tamil Nadu,TIRUVANNAMALAI,1997,Whole Year,Arhar/Tur,5982,2830,0.473085924
Tamil Nadu,TIRUVANNAMALAI,1997,Whole Year,Bajra,10977,8060,0.734262549
Tamil Nadu,TIRUVANNAMALAI,1997,Whole Year,Banana,2614,124980,47.81178271
Tamil Nadu,TIRUVANNAMALAI,1997,Whole Year,Castor seed,72,30,0.416666667
Tamil Nadu,TIRUVANNAMALAI,1997,Whole Year,Cotton(lint),1821,3470,1.905546403
Tamil Nadu,TIRUVANNAMALAI,1997,Whole Year,Dry chillies,856,690,0.806074766
Tamil Nadu,TIRUVANNAMALAI,1997,Whole Year,Gram,66,20,0.303030303
Tamil Nadu,TIRUVANNAMALAI,1997,Whole Year,Groundnut,125053,182110,1.456262545
Tamil Nadu,TIRUVANNAMALAI,1997,Whole Year,Jowar,3235,2940,0.908809892
Tamil Nadu,TIRUVANNAMALAI,1997,Whole Year,Maize,217,360,1.658986175
Tamil Nadu,TIRUVANNAMALAI,1997,Whole Year,Moong(Green Gram),2348,1240,0.528109029
Tamil Nadu,TIRUVANNAMALAI,1997,Whole Year,Onion,92,700,7.608695652
Tamil Nadu,TIRUVANNAMALAI,1997,Whole Year,Pulses total,17106,7310,0.427335438
Tamil Nadu,TIRUVANNAMALAI,1997,Whole Year,Ragi,4822,7810,1.619659892
Tamil Nadu,TIRUVANNAMALAI,1997,Whole Year,Rapeseed &Mustard,56,10,0.178571429
Tamil Nadu,TIRUVANNAMALAI,1997,Whole Year,Rice,142223,405680,2.852421901
Tamil Nadu,TIRUVANNAMALAI,1997,Whole Year,Small millets,450,30,0.066666667
Tamil Nadu,TIRUVANNAMALAI,1997,Whole Year,Sugarcane,27636,23914000,865.3205963
Tamil Nadu,TIRUVANNAMALAI,1997,Whole Year,Sunflower,141,130,0.921985816
Tamil Nadu,TIRUVANNAMALAI,1997,Whole Year,Sweet potato,61,890,14.59016393
Tamil Nadu,TIRUVANNAMALAI,1997,Whole Year,Tapioca,168,6300,37.5
Tamil Nadu,TIRUVANNAMALAI,1997,Whole Year,Tobacco,120,130,1.083333333
Tamil Nadu,TIRUVANNAMALAI,1997,Whole Year,Total foodgrain,183554,435800,2.374233196
Tamil Nadu,TIRUVANNAMALAI,1997,Whole Year,Turmeric,259,1580,6.1003861
Tamil Nadu,TIRUVANNAMALAI,1997,Whole Year,Urad,2735,1000,0.365630713
Tamil Nadu,TIRUVANNAMALAI,1998,Kharif,Arhar/Tur,9287,6761,0.728006891
Tamil Nadu,TIRUVANNAMALAI,1998,Kharif,Bajra,15828,15778,0.996841041
Tamil Nadu,TIRUVANNAMALAI,1998,Kharif,Cotton(lint),4288,8547,1.99323694
Tamil Nadu,TIRUVANNAMALAI,1998,Kharif,Groundnut,127968,147425,1.152045824
Tamil Nadu,TIRUVANNAMALAI,1998,Kharif,Horse-gram,2965,1485,0.50084317
Tamil Nadu,TIRUVANNAMALAI,1998,Kharif,Jowar,4674,5148,1.101412067
Tamil Nadu,TIRUVANNAMALAI,1998,Kharif,Maize,499,831,1.665330661
Tamil Nadu,TIRUVANNAMALAI,1998,Kharif,Moong(Green Gram),7518,3586,0.476988561
Tamil Nadu,TIRUVANNAMALAI,1998,Kharif,Pulses total,43687,18799,0.430311077
Tamil Nadu,TIRUVANNAMALAI,1998,Kharif,Ragi,10156,17041,1.67792438
Tamil Nadu,TIRUVANNAMALAI,1998,Kharif,Rice,143990,492446,3.420001389
Tamil Nadu,TIRUVANNAMALAI,1998,Kharif,Sesamum,5189,2982,0.574677202
Tamil Nadu,TIRUVANNAMALAI,1998,Kharif,Small millets,14400,10300,0.715277778
Tamil Nadu,TIRUVANNAMALAI,1998,Kharif,Sunflower,666,655,0.983483483
Tamil Nadu,TIRUVANNAMALAI,1998,Kharif,Total foodgrain,226677,55681,0.245640272
Tamil Nadu,TIRUVANNAMALAI,1998,Kharif,Urad,18393,5812,0.315989779
Tamil Nadu,TIRUVANNAMALAI,1998,Whole Year,Banana,1413,67556,47.81033263
Tamil Nadu,TIRUVANNAMALAI,1998,Whole Year,Castor seed,13,5,0.384615385
Tamil Nadu,TIRUVANNAMALAI,1998,Whole Year,Coriander,29,6,0.206896552
Tamil Nadu,TIRUVANNAMALAI,1998,Whole Year,Dry chillies,1708,1385,0.81088993
Tamil Nadu,TIRUVANNAMALAI,1998,Whole Year,Onion,116,904,7.793103448
Tamil Nadu,TIRUVANNAMALAI,1998,Whole Year,Rapeseed &Mustard,84,20,0.238095238
Tamil Nadu,TIRUVANNAMALAI,1998,Whole Year,Sannhamp,3,2,0.666666667
Tamil Nadu,TIRUVANNAMALAI,1998,Whole Year,Sugarcane,27897,2731420,97.91088648
Tamil Nadu,TIRUVANNAMALAI,1998,Whole Year,Tapioca,384,14262,37.140625
Tamil Nadu,TIRUVANNAMALAI,1998,Whole Year,Tobacco,181,239,1.320441989
Tamil Nadu,TIRUVANNAMALAI,1998,Whole Year,Turmeric,213,1296,6.084507042
Tamil Nadu,TIRUVANNAMALAI,1999,Kharif,Arhar/Tur,3719,1920,0.516267814
Tamil Nadu,TIRUVANNAMALAI,1999,Kharif,Bajra,14303,16136,1.128154933
Tamil Nadu,TIRUVANNAMALAI,1999,Kharif,Castor seed,255,104,0.407843137
Tamil Nadu,TIRUVANNAMALAI,1999,Kharif,Cotton(lint),3000,6884,2.294666667
Tamil Nadu,TIRUVANNAMALAI,1999,Kharif,Groundnut,66213,104098,1.572168607
Tamil Nadu,TIRUVANNAMALAI,1999,Kharif,Horse-gram,2156,801,0.371521336
Tamil Nadu,TIRUVANNAMALAI,1999,Kharif,Jowar,2836,3206,1.130465444
Tamil Nadu,TIRUVANNAMALAI,1999,Kharif,Korra,819,528,0.644688645
Tamil Nadu,TIRUVANNAMALAI,1999,Kharif,Maize,873,1455,1.666666667
Tamil Nadu,TIRUVANNAMALAI,1999,Kharif,Moong(Green Gram),4678,2540,0.54296708
Tamil Nadu,TIRUVANNAMALAI,1999,Kharif,Ragi,7145,11741,1.643247026
Tamil Nadu,TIRUVANNAMALAI,1999,Kharif,Rice,87578,254226,2.902852315
Tamil Nadu,TIRUVANNAMALAI,1999,Kharif,Sesamum,6550,3331,0.508549618
Tamil Nadu,TIRUVANNAMALAI,1999,Kharif,Sunflower,187,186,0.994652406
Tamil Nadu,TIRUVANNAMALAI,1999,Kharif,Urad,14099,4328,0.306972126
Tamil Nadu,TIRUVANNAMALAI,1999,Kharif,Varagu,1323,1242,0.93877551
Tamil Nadu,TIRUVANNAMALAI,1999,Rabi,Samai,3505,2598,0.741226819
Tamil Nadu,TIRUVANNAMALAI,1999,Whole Year,Banana,1757,66962,38.11155378
Tamil Nadu,TIRUVANNAMALAI,1999,Whole Year,Coriander,20,5,0.25
Tamil Nadu,TIRUVANNAMALAI,1999,Whole Year,Dry chillies,1171,1278,1.091374893
Tamil Nadu,TIRUVANNAMALAI,1999,Whole Year,Guar seed,26753,263039,9.832130976
Tamil Nadu,TIRUVANNAMALAI,1999,Whole Year,Onion,177,1431,8.084745763
Tamil Nadu,TIRUVANNAMALAI,1999,Whole Year,Sugarcane,26753,2446320,91.44095989
Tamil Nadu,TIRUVANNAMALAI,1999,Whole Year,Sweet potato,14,170,12.14285714
Tamil Nadu,TIRUVANNAMALAI,1999,Whole Year,Tapioca,224,7949,35.48660714
Tamil Nadu,TIRUVANNAMALAI,1999,Whole Year,Tobacco,105,123,1.171428571
Tamil Nadu,TIRUVANNAMALAI,1999,Whole Year,Turmeric,462,2606,5.640692641
Tamil Nadu,TIRUVANNAMALAI,2000,Kharif,Arhar/Tur,3893,2010,0.516311328
Tamil Nadu,TIRUVANNAMALAI,2000,Kharif,Bajra,11222,12682,1.130101586
Tamil Nadu,TIRUVANNAMALAI,2000,Kharif,Castor seed,2,1,0.5
Tamil Nadu,TIRUVANNAMALAI,2000,Kharif,Cotton(lint),2777,6034,2.172848398
Tamil Nadu,TIRUVANNAMALAI,2000,Kharif,Groundnut,85733,128748,1.501732122
Tamil Nadu,TIRUVANNAMALAI,2000,Kharif,Horse-gram,3468,1323,0.381487889
Tamil Nadu,TIRUVANNAMALAI,2000,Kharif,Jowar,2876,2645,0.919680111
Tamil Nadu,TIRUVANNAMALAI,2000,Kharif,Maize,256,427,1.66796875
Tamil Nadu,TIRUVANNAMALAI,2000,Kharif,Moong(Green Gram),4410,2059,0.466893424
Tamil Nadu,TIRUVANNAMALAI,2000,Kharif,Other Cereals & Millets,4574,3408,0.745080892
Tamil Nadu,TIRUVANNAMALAI,2000,Kharif,Other Kharif pulses,2534,533,0.210339384
Tamil Nadu,TIRUVANNAMALAI,2000,Kharif,Ragi,7351,10817,1.471500476
Tamil Nadu,TIRUVANNAMALAI,2000,Kharif,Rice,81733,252589,3.090416356
Tamil Nadu,TIRUVANNAMALAI,2000,Kharif,Sesamum,4409,2255,0.511453844
Tamil Nadu,TIRUVANNAMALAI,2000,Kharif,Sunflower,1,1,1
Tamil Nadu,TIRUVANNAMALAI,2000,Kharif,Urad,12883,3955,0.306993713
Tamil Nadu,TIRUVANNAMALAI,2000,Whole Year,Banana,1622,61817,38.11159063
Tamil Nadu,TIRUVANNAMALAI,2000,Whole Year,Coriander,22,5,0.227272727
Tamil Nadu,TIRUVANNAMALAI,2000,Whole Year,Dry chillies,542,436,0.804428044
Tamil Nadu,TIRUVANNAMALAI,2000,Whole Year,Onion,15,121,8.066666667
Tamil Nadu,TIRUVANNAMALAI,2000,Whole Year,Sugarcane,24586,2248168,91.44098267
Tamil Nadu,TIRUVANNAMALAI,2000,Whole Year,Sweet potato,69,836,12.11594203
Tamil Nadu,TIRUVANNAMALAI,2000,Whole Year,Tapioca,308,10930,35.48701299
Tamil Nadu,TIRUVANNAMALAI,2000,Whole Year,Tobacco,96,112,1.166666667
Tamil Nadu,TIRUVANNAMALAI,2000,Whole Year,Turmeric,262,1478,5.641221374
Tamil Nadu,TIRUVANNAMALAI,2001,Kharif,Arhar/Tur,4373,2380,0.544248799
Tamil Nadu,TIRUVANNAMALAI,2001,Kharif,Bajra,14138,13740,0.971848918
Tamil Nadu,TIRUVANNAMALAI,2001,Kharif,Cotton(lint),2782,2830,1.017253774
Tamil Nadu,TIRUVANNAMALAI,2001,Kharif,Groundnut,105142,169930,1.616195241
Tamil Nadu,TIRUVANNAMALAI,2001,Kharif,Jowar,2927,2650,0.905363854
Tamil Nadu,TIRUVANNAMALAI,2001,Kharif,Moong(Green Gram),3370,1400,0.415430267
Tamil Nadu,TIRUVANNAMALAI,2001,Kharif,Ragi,6077,13830,2.275793977
Tamil Nadu,TIRUVANNAMALAI,2001,Kharif,Rice,122688,370960,3.023604591
Tamil Nadu,TIRUVANNAMALAI,2001,Kharif,Sesamum,1642,1110,0.676004872
Tamil Nadu,TIRUVANNAMALAI,2001,Kharif,Sunflower,18,20,1.111111111
Tamil Nadu,TIRUVANNAMALAI,2001,Kharif,Urad,9020,3350,0.371396896
Tamil Nadu,TIRUVANNAMALAI,2001,Whole Year,Sugarcane,23586,1087100,46.09090138
Tamil Nadu,TIRUVANNAMALAI,2002,Kharif,Arhar/Tur,2386,1033,0.432942163
Tamil Nadu,TIRUVANNAMALAI,2002,Kharif,Bajra,6270,3491,0.556778309
Tamil Nadu,TIRUVANNAMALAI,2002,Kharif,Castor seed,2,1,0.5
Tamil Nadu,TIRUVANNAMALAI,2002,Kharif,Cotton(lint),555,936,1.686486486
Tamil Nadu,TIRUVANNAMALAI,2002,Kharif,Groundnut,80288,84788,1.056048226
Tamil Nadu,TIRUVANNAMALAI,2002,Kharif,Horse-gram,5072,1290,0.254337539
Tamil Nadu,TIRUVANNAMALAI,2002,Kharif,Jowar,1641,1075,0.655088361
Tamil Nadu,TIRUVANNAMALAI,2002,Kharif,Korra,43,26,0.604651163
Tamil Nadu,TIRUVANNAMALAI,2002,Kharif,Maize,16,27,1.6875
Tamil Nadu,TIRUVANNAMALAI,2002,Kharif,Moong(Green Gram),2672,1138,0.425898204
Tamil Nadu,TIRUVANNAMALAI,2002,Kharif,Other Kharif pulses,2541,533,0.209759937
Tamil Nadu,TIRUVANNAMALAI,2002,Kharif,Ragi,4113,5675,1.379771456
Tamil Nadu,TIRUVANNAMALAI,2002,Kharif,Rice,43872,115453,2.631587345
Tamil Nadu,TIRUVANNAMALAI,2002,Kharif,Samai,2361,1055,0.446844557
Tamil Nadu,TIRUVANNAMALAI,2002,Kharif,Sesamum,1661,341,0.205298013
Tamil Nadu,TIRUVANNAMALAI,2002,Kharif,Sunflower,11,13,1.181818182
Tamil Nadu,TIRUVANNAMALAI,2002,Kharif,Urad,10754,2487,0.231262786
Tamil Nadu,TIRUVANNAMALAI,2002,Kharif,Varagu,60,67,1.116666667
Tamil Nadu,TIRUVANNAMALAI,2002,Rabi,Rapeseed &Mustard,1,0.1,0.1
Tamil Nadu,TIRUVANNAMALAI,2002,Whole Year,Banana,1032,38134,36.95155039
Tamil Nadu,TIRUVANNAMALAI,2002,Whole Year,Beans & Mutter(Vegetable),168,0,0
Tamil Nadu,TIRUVANNAMALAI,2002,Whole Year,Bhindi,280,1755,6.267857143
Tamil Nadu,TIRUVANNAMALAI,2002,Whole Year,Bitter Gourd,9,0,0
Tamil Nadu,TIRUVANNAMALAI,2002,Whole Year,Brinjal,478,3629,7.592050209
Tamil Nadu,TIRUVANNAMALAI,2002,Whole Year,Citrus Fruit,10,11,1.1
Tamil Nadu,TIRUVANNAMALAI,2002,Whole Year,Coconut,1023,7300,7.135874878
Tamil Nadu,TIRUVANNAMALAI,2002,Whole Year,Coriander,27,5,0.185185185
Tamil Nadu,TIRUVANNAMALAI,2002,Whole Year,Dry chillies,464,279,0.601293103
Tamil Nadu,TIRUVANNAMALAI,2002,Whole Year,Jack Fruit,15,170,11.33333333
Tamil Nadu,TIRUVANNAMALAI,2002,Whole Year,Lab-Lab,122,0,0
Tamil Nadu,TIRUVANNAMALAI,2002,Whole Year,Litchi,3,0,0
Tamil Nadu,TIRUVANNAMALAI,2002,Whole Year,Mango,530,3176,5.99245283
Tamil Nadu,TIRUVANNAMALAI,2002,Whole Year,Onion,102,863,8.460784314
Tamil Nadu,TIRUVANNAMALAI,2002,Whole Year,Other Citrus Fruit,26,0,0
Tamil Nadu,TIRUVANNAMALAI,2002,Whole Year,Other Fresh Fruits,24,0,0
Tamil Nadu,TIRUVANNAMALAI,2002,Whole Year,Other Vegetables,318,0,0
Tamil Nadu,TIRUVANNAMALAI,2002,Whole Year,Pome Fruit,51,267,5.235294118
Tamil Nadu,TIRUVANNAMALAI,2002,Whole Year,Pome Granet,1,0,0
Tamil Nadu,TIRUVANNAMALAI,2002,Whole Year,Pump Kin,94,0,0
Tamil Nadu,TIRUVANNAMALAI,2002,Whole Year,Redish,106,0,0
Tamil Nadu,TIRUVANNAMALAI,2002,Whole Year,Snak Guard,6,0,0
Tamil Nadu,TIRUVANNAMALAI,2002,Whole Year,Sugarcane,12014,171870,14.30580989
Tamil Nadu,TIRUVANNAMALAI,2002,Whole Year,Sweet potato,12,258,21.5
Tamil Nadu,TIRUVANNAMALAI,2002,Whole Year,Tapioca,605,19112,31.59008264
Tamil Nadu,TIRUVANNAMALAI,2002,Whole Year,Tobacco,211,225,1.066350711
Tamil Nadu,TIRUVANNAMALAI,2002,Whole Year,Tomato,393,2839,7.223918575
Tamil Nadu,TIRUVANNAMALAI,2002,Whole Year,Turmeric,191,713,3.732984293
Tamil Nadu,TIRUVANNAMALAI,2002,Whole Year,Water Melon,31,0,0
Tamil Nadu,TIRUVANNAMALAI,2002,Whole Year,Yam,137,0,0
Tamil Nadu,TIRUVANNAMALAI,2003,Kharif,Arhar/Tur,4113,3137,0.762703623
Tamil Nadu,TIRUVANNAMALAI,2003,Kharif,Bajra,18063,12246,0.677960472
Tamil Nadu,TIRUVANNAMALAI,2003,Kharif,Castor seed,1,1,1
Tamil Nadu,TIRUVANNAMALAI,2003,Kharif,Cotton(lint),2610,5872,2.249808429
Tamil Nadu,TIRUVANNAMALAI,2003,Kharif,Groundnut,109650,137827,1.256972184
Tamil Nadu,TIRUVANNAMALAI,2003,Kharif,Horse-gram,4392,1176,0.267759563
Tamil Nadu,TIRUVANNAMALAI,2003,Kharif,Jowar,1466,922,0.628922237
Tamil Nadu,TIRUVANNAMALAI,2003,Kharif,Korra,65,38,0.584615385
Tamil Nadu,TIRUVANNAMALAI,2003,Kharif,Maize,127,212,1.669291339
Tamil Nadu,TIRUVANNAMALAI,2003,Kharif,Moong(Green Gram),4278,1356,0.316970547
Tamil Nadu,TIRUVANNAMALAI,2003,Kharif,Other Kharif pulses,3371,708,0.210026698
Tamil Nadu,TIRUVANNAMALAI,2003,Kharif,Ragi,4495,6907,1.536596218
Tamil Nadu,TIRUVANNAMALAI,2003,Kharif,Rice,70722,198453,2.806099941
Tamil Nadu,TIRUVANNAMALAI,2003,Kharif,Sesamum,1390,234,0.168345324
Tamil Nadu,TIRUVANNAMALAI,2003,Kharif,Small millets,6420,4351,0.677725857
Tamil Nadu,TIRUVANNAMALAI,2003,Kharif,Sunflower,132,171,1.295454545
Tamil Nadu,TIRUVANNAMALAI,2003,Kharif,Urad,10379,3953,0.380865209
Tamil Nadu,TIRUVANNAMALAI,2003,Kharif,Varagu,26,18,0.692307692
Tamil Nadu,TIRUVANNAMALAI,2003,Whole Year,Ash Gourd,101,0,0
Tamil Nadu,TIRUVANNAMALAI,2003,Whole Year,Banana,664,23489,35.375
Tamil Nadu,TIRUVANNAMALAI,2003,Whole Year,Beans & Mutter(Vegetable),46,0,0
Tamil Nadu,TIRUVANNAMALAI,2003,Whole Year,Bhindi,390,2288,5.866666667
Tamil Nadu,TIRUVANNAMALAI,2003,Whole Year,Bitter Gourd,84,0,0
Tamil Nadu,TIRUVANNAMALAI,2003,Whole Year,Bottle Gourd,27,0,0
Tamil Nadu,TIRUVANNAMALAI,2003,Whole Year,Brinjal,543,3381,6.226519337
Tamil Nadu,TIRUVANNAMALAI,2003,Whole Year,Cabbage,12,763,63.58333333
Tamil Nadu,TIRUVANNAMALAI,2003,Whole Year,Coconut,776,5700,7.345360825
Tamil Nadu,TIRUVANNAMALAI,2003,Whole Year,Coriander,3,1,0.333333333
Tamil Nadu,TIRUVANNAMALAI,2003,Whole Year,Cucumber,1,0,0
Tamil Nadu,TIRUVANNAMALAI,2003,Whole Year,Drum Stick,42,0,0
Tamil Nadu,TIRUVANNAMALAI,2003,Whole Year,Dry chillies,688,451,0.655523256
Tamil Nadu,TIRUVANNAMALAI,2003,Whole Year,Lab-Lab,171,0,0
Tamil Nadu,TIRUVANNAMALAI,2003,Whole Year,Mango,731,3037,4.154582763
Tamil Nadu,TIRUVANNAMALAI,2003,Whole Year,Onion,65,585,9
Tamil Nadu,TIRUVANNAMALAI,2003,Whole Year,Other Citrus Fruit,4,0,0
Tamil Nadu,TIRUVANNAMALAI,2003,Whole Year,Other Fresh Fruits,7,0,0
Tamil Nadu,TIRUVANNAMALAI,2003,Whole Year,Other Vegetables,531,0,0
Tamil Nadu,TIRUVANNAMALAI,2003,Whole Year,Pineapple,1,31,31
Tamil Nadu,TIRUVANNAMALAI,2003,Whole Year,Pome Fruit,49,344,7.020408163
Tamil Nadu,TIRUVANNAMALAI,2003,Whole Year,Pump Kin,27,0,0
Tamil Nadu,TIRUVANNAMALAI,2003,Whole Year,Redish,182,0,0
Tamil Nadu,TIRUVANNAMALAI,2003,Whole Year,Ribed Guard,33,0,0
Tamil Nadu,TIRUVANNAMALAI,2003,Whole Year,Snak Guard,18,0,0
Tamil Nadu,TIRUVANNAMALAI,2003,Whole Year,Sugarcane,7404,646643,87.33698001
Tamil Nadu,TIRUVANNAMALAI,2003,Whole Year,Sweet potato,2,45,22.5
Tamil Nadu,TIRUVANNAMALAI,2003,Whole Year,Tapioca,1617,54479,33.69140383
Tamil Nadu,TIRUVANNAMALAI,2003,Whole Year,Tomato,413,3570,8.644067797
Tamil Nadu,TIRUVANNAMALAI,2003,Whole Year,Turmeric,288,1197,4.15625
Tamil Nadu,TIRUVANNAMALAI,2003,Whole Year,Water Melon,33,0,0
Tamil Nadu,TIRUVANNAMALAI,2003,Whole Year,Yam,65,0,0
Tamil Nadu,TIRUVANNAMALAI,2004,Kharif,Arhar/Tur,2578,955,0.370442203
Tamil Nadu,TIRUVANNAMALAI,2004,Kharif,Bajra,6051,1965,0.324739712
Tamil Nadu,TIRUVANNAMALAI,2004,Kharif,Castor seed,4,2,0.5
Tamil Nadu,TIRUVANNAMALAI,2004,Kharif,Cotton(lint),2576,5271,2.046195652
Tamil Nadu,TIRUVANNAMALAI,2004,Kharif,Groundnut,108633,126710,1.166404315
Tamil Nadu,TIRUVANNAMALAI,2004,Kharif,Horse-gram,3855,387,0.100389105
Tamil Nadu,TIRUVANNAMALAI,2004,Kharif,Jowar,1677,1131,0.674418605
Tamil Nadu,TIRUVANNAMALAI,2004,Kharif,Maize,286,478,1.671328671
Tamil Nadu,TIRUVANNAMALAI,2004,Kharif,Moong(Green Gram),1399,558,0.398856326
Tamil Nadu,TIRUVANNAMALAI,2004,Kharif,Niger seed,908,,
Tamil Nadu,TIRUVANNAMALAI,2004,Kharif,Other Kharif pulses,2131,447,0.209760676
Tamil Nadu,TIRUVANNAMALAI,2004,Kharif,Ragi,2882,4528,1.571131159
Tamil Nadu,TIRUVANNAMALAI,2004,Kharif,Rice,116820,330487,2.829027564
Tamil Nadu,TIRUVANNAMALAI,2004,Kharif,Sesamum,844,251,0.297393365
Tamil Nadu,TIRUVANNAMALAI,2004,Kharif,Small millets,4766,4925,1.033361309
Tamil Nadu,TIRUVANNAMALAI,2004,Kharif,Sunflower,721,767,1.063800277
Tamil Nadu,TIRUVANNAMALAI,2004,Kharif,Urad,4172,1795,0.430249281
Tamil Nadu,TIRUVANNAMALAI,2004,Rabi,Gram,73,22,0.301369863
Tamil Nadu,TIRUVANNAMALAI,2004,Whole Year,Banana,2600,110440,42.47692308
Tamil Nadu,TIRUVANNAMALAI,2004,Whole Year,Cashewnut,12,4,0.333333333
Tamil Nadu,TIRUVANNAMALAI,2004,Whole Year,Coconut,1049,15800,15.06196378
Tamil Nadu,TIRUVANNAMALAI,2004,Whole Year,Coriander,7,3,0.428571429
Tamil Nadu,TIRUVANNAMALAI,2004,Whole Year,Dry chillies,703,871,1.238975818
Tamil Nadu,TIRUVANNAMALAI,2004,Whole Year,Onion,71,687,9.676056338
Tamil Nadu,TIRUVANNAMALAI,2004,Whole Year,Sugarcane,17231,1596624,92.6599733
Tamil Nadu,TIRUVANNAMALAI,2004,Whole Year,Sweet potato,56,847,15.125
Tamil Nadu,TIRUVANNAMALAI,2004,Whole Year,Tapioca,2345,96773,41.26780384
Tamil Nadu,TIRUVANNAMALAI,2004,Whole Year,Turmeric,466,2554,5.480686695
Tamil Nadu,TIRUVANNAMALAI,2005,Kharif,Arhar/Tur,1625,740,0.455384615
Tamil Nadu,TIRUVANNAMALAI,2005,Kharif,Bajra,4913,3023,0.61530633
Tamil Nadu,TIRUVANNAMALAI,2005,Kharif,Castor seed,82,32,0.390243902
Tamil Nadu,TIRUVANNAMALAI,2005,Kharif,Cotton(lint),1712,4462,2.606308411
Tamil Nadu,TIRUVANNAMALAI,2005,Kharif,Groundnut,94763,131039,1.382807636
Tamil Nadu,TIRUVANNAMALAI,2005,Kharif,Horse-gram,2140,510,0.238317757
Tamil Nadu,TIRUVANNAMALAI,2005,Kharif,Jowar,1243,882,0.709573612
Tamil Nadu,TIRUVANNAMALAI,2005,Kharif,Maize,237,,
Tamil Nadu,TIRUVANNAMALAI,2005,Kharif,Moong(Green Gram),912,303,0.332236842
Tamil Nadu,TIRUVANNAMALAI,2005,Kharif,Other Kharif pulses,1332,567,0.425675676
Tamil Nadu,TIRUVANNAMALAI,2005,Kharif,Ragi,2040,1999,0.979901961
Tamil Nadu,TIRUVANNAMALAI,2005,Kharif,Rice,142744,393528,2.756879449
Tamil Nadu,TIRUVANNAMALAI,2005,Kharif,Sesamum,1040,503,0.483653846
Tamil Nadu,TIRUVANNAMALAI,2005,Kharif,Small millets,5109,3779,0.739675083
Tamil Nadu,TIRUVANNAMALAI,2005,Kharif,Soyabean,1,,
Tamil Nadu,TIRUVANNAMALAI,2005,Kharif,Sunflower,182,372,2.043956044
Tamil Nadu,TIRUVANNAMALAI,2005,Kharif,Urad,2338,837,0.357998289
Tamil Nadu,TIRUVANNAMALAI,2005,Rabi,Gram,11,3,0.272727273
Tamil Nadu,TIRUVANNAMALAI,2005,Rabi,Rapeseed &Mustard,3,1,0.333333333
Tamil Nadu,TIRUVANNAMALAI,2005,Whole Year,Banana,2814,138180,49.10447761
Tamil Nadu,TIRUVANNAMALAI,2005,Whole Year,Cardamom,1,,
Tamil Nadu,TIRUVANNAMALAI,2005,Whole Year,Cashewnut,2,1,0.5
Tamil Nadu,TIRUVANNAMALAI,2005,Whole Year,Coconut,897,115,0.128205128
Tamil Nadu,TIRUVANNAMALAI,2005,Whole Year,Coriander,17,5,0.294117647
Tamil Nadu,TIRUVANNAMALAI,2005,Whole Year,Dry chillies,322,344,1.068322981
Tamil Nadu,TIRUVANNAMALAI,2005,Whole Year,Garlic,1,6,6
Tamil Nadu,TIRUVANNAMALAI,2005,Whole Year,Onion,27,216,8
Tamil Nadu,TIRUVANNAMALAI,2005,Whole Year,Potato,1,15,15
Tamil Nadu,TIRUVANNAMALAI,2005,Whole Year,Sugarcane,27263,2584669,94.80501045
Tamil Nadu,TIRUVANNAMALAI,2005,Whole Year,Sweet potato,13,271,20.84615385
Tamil Nadu,TIRUVANNAMALAI,2005,Whole Year,Tapioca,3415,137852,40.36661786
Tamil Nadu,TIRUVANNAMALAI,2005,Whole Year,Tobacco,53,68,1.283018868
Tamil Nadu,TIRUVANNAMALAI,2005,Whole Year,Turmeric,422,3268,7.744075829
Tamil Nadu,TIRUVANNAMALAI,2006,Kharif,Rice,111459,366051,3.284176244
Tamil Nadu,TIRUVANNAMALAI,2006,Kharif,Small millets,4901,4669,0.952662722
Tamil Nadu,TIRUVANNAMALAI,2006,Whole Year,Arhar/Tur,1330,965,0.72556391
Tamil Nadu,TIRUVANNAMALAI,2006,Whole Year,Bajra,3715,2755,0.741588156
Tamil Nadu,TIRUVANNAMALAI,2006,Whole Year,Banana,3132,304298,97.15772669
Tamil Nadu,TIRUVANNAMALAI,2006,Whole Year,Cashewnut,1,1,1
Tamil Nadu,TIRUVANNAMALAI,2006,Whole Year,Castor seed,73,29,0.397260274
Tamil Nadu,TIRUVANNAMALAI,2006,Whole Year,Coconut,890,153,0.171910112
Tamil Nadu,TIRUVANNAMALAI,2006,Whole Year,Coriander,21,7,0.333333333
Tamil Nadu,TIRUVANNAMALAI,2006,Whole Year,Cotton(lint),1689,4784,2.832445234
Tamil Nadu,TIRUVANNAMALAI,2006,Whole Year,Dry chillies,367,387,1.054495913
Tamil Nadu,TIRUVANNAMALAI,2006,Whole Year,Gram,5,2,0.4
Tamil Nadu,TIRUVANNAMALAI,2006,Whole Year,Groundnut,85314,155702,1.8250463
Tamil Nadu,TIRUVANNAMALAI,2006,Whole Year,Horse-gram,2236,1700,0.760286225
Tamil Nadu,TIRUVANNAMALAI,2006,Whole Year,Jowar,1043,1052,1.008628955
Tamil Nadu,TIRUVANNAMALAI,2006,Whole Year,Maize,193,548,2.839378238
Tamil Nadu,TIRUVANNAMALAI,2006,Whole Year,Moong(Green Gram),774,382,0.493540052
Tamil Nadu,TIRUVANNAMALAI,2006,Whole Year,Onion,39,340,8.717948718
Tamil Nadu,TIRUVANNAMALAI,2006,Whole Year,Ragi,1675,3008,1.795820896
Tamil Nadu,TIRUVANNAMALAI,2006,Whole Year,Rapeseed &Mustard,2,,
Tamil Nadu,TIRUVANNAMALAI,2006,Whole Year,Sesamum,2041,1150,0.56344929
Tamil Nadu,TIRUVANNAMALAI,2006,Whole Year,Sugarcane,31014,3174500,102.3570001
Tamil Nadu,TIRUVANNAMALAI,2006,Whole Year,Sunflower,193,455,2.357512953
Tamil Nadu,TIRUVANNAMALAI,2006,Whole Year,Sweet potato,21,353,16.80952381
Tamil Nadu,TIRUVANNAMALAI,2006,Whole Year,Tapioca,4267,179866,42.15280056
Tamil Nadu,TIRUVANNAMALAI,2006,Whole Year,Tobacco,53,68,1.283018868
Tamil Nadu,TIRUVANNAMALAI,2006,Whole Year,Turmeric,454,4959,10.92290749
Tamil Nadu,TIRUVANNAMALAI,2006,Whole Year,Urad,2347,1489,0.634426928
Tamil Nadu,TIRUVANNAMALAI,2007,Kharif,Rice,112148,385914,3.441113529
Tamil Nadu,TIRUVANNAMALAI,2007,Kharif,Small millets,4782,4005,0.837515684
Tamil Nadu,TIRUVANNAMALAI,2007,Whole Year,Arecanut,1,2,2
Tamil Nadu,TIRUVANNAMALAI,2007,Whole Year,Arhar/Tur,1616,1924,1.190594059
Tamil Nadu,TIRUVANNAMALAI,2007,Whole Year,Bajra,4002,4158,1.03898051
Tamil Nadu,TIRUVANNAMALAI,2007,Whole Year,Banana,3106,233272,75.10367032
Tamil Nadu,TIRUVANNAMALAI,2007,Whole Year,Cashewnut,12,7,0.583333333
Tamil Nadu,TIRUVANNAMALAI,2007,Whole Year,Castor seed,56,22,0.392857143
Tamil Nadu,TIRUVANNAMALAI,2007,Whole Year,Coconut,792,131,0.16540404
Tamil Nadu,TIRUVANNAMALAI,2007,Whole Year,Coriander,35,13,0.371428571
Tamil Nadu,TIRUVANNAMALAI,2007,Whole Year,Cotton(lint),869,2451,2.820483314
Tamil Nadu,TIRUVANNAMALAI,2007,Whole Year,Dry chillies,348,176,0.505747126
Tamil Nadu,TIRUVANNAMALAI,2007,Whole Year,Gram,7,2,0.285714286
Tamil Nadu,TIRUVANNAMALAI,2007,Whole Year,Groundnut,95738,204788,2.139046147
Tamil Nadu,TIRUVANNAMALAI,2007,Whole Year,Horse-gram,2118,828,0.390934844
Tamil Nadu,TIRUVANNAMALAI,2007,Whole Year,Jowar,1039,929,0.89412897
Tamil Nadu,TIRUVANNAMALAI,2007,Whole Year,Maize,319,850,2.664576803
Tamil Nadu,TIRUVANNAMALAI,2007,Whole Year,Moong(Green Gram),674,529,0.784866469
Tamil Nadu,TIRUVANNAMALAI,2007,Whole Year,Onion,40,385,9.625
Tamil Nadu,TIRUVANNAMALAI,2007,Whole Year,Ragi,2373,3924,1.653603034
Tamil Nadu,TIRUVANNAMALAI,2007,Whole Year,Rapeseed &Mustard,8,2,0.25
Tamil Nadu,TIRUVANNAMALAI,2007,Whole Year,Sesamum,1586,926,0.583858764
Tamil Nadu,TIRUVANNAMALAI,2007,Whole Year,Small millets,4782,4005,0.837515684
Tamil Nadu,TIRUVANNAMALAI,2007,Whole Year,Sugarcane,28227,3278651,116.1530095
Tamil Nadu,TIRUVANNAMALAI,2007,Whole Year,Sunflower,2086,4852,2.325982742
Tamil Nadu,TIRUVANNAMALAI,2007,Whole Year,Sweet potato,53,720,13.58490566
Tamil Nadu,TIRUVANNAMALAI,2007,Whole Year,Tapioca,3650,154041,42.2030137
Tamil Nadu,TIRUVANNAMALAI,2007,Whole Year,Tobacco,61,78,1.278688525
Tamil Nadu,TIRUVANNAMALAI,2007,Whole Year,Turmeric,347,1856,5.34870317
Tamil Nadu,TIRUVANNAMALAI,2007,Whole Year,Urad,2804,2150,0.766761769
Tamil Nadu,TIRUVANNAMALAI,2008,Kharif,Rice,101886,317944,3.120585753
Tamil Nadu,TIRUVANNAMALAI,2008,Kharif,Small millets,4525,3626,0.801325967
Tamil Nadu,TIRUVANNAMALAI,2008,Whole Year,Arecanut,3,6,2
Tamil Nadu,TIRUVANNAMALAI,2008,Whole Year,Arhar/Tur,1144,1030,0.90034965
Tamil Nadu,TIRUVANNAMALAI,2008,Whole Year,Bajra,5617,6666,1.186754495
Tamil Nadu,TIRUVANNAMALAI,2008,Whole Year,Banana,3147,232515,73.88465205
Tamil Nadu,TIRUVANNAMALAI,2008,Whole Year,Cashewnut,7,4,0.571428571
Tamil Nadu,TIRUVANNAMALAI,2008,Whole Year,Castor seed,35,14,0.4
Tamil Nadu,TIRUVANNAMALAI,2008,Whole Year,Coconut,935,117000,125.1336898
Tamil Nadu,TIRUVANNAMALAI,2008,Whole Year,Coriander,42,14,0.333333333
Tamil Nadu,TIRUVANNAMALAI,2008,Whole Year,Cotton(lint),954,2425,2.541928721
Tamil Nadu,TIRUVANNAMALAI,2008,Whole Year,Dry chillies,342,312,0.912280702
Tamil Nadu,TIRUVANNAMALAI,2008,Whole Year,Groundnut,97552,146618,1.502972773
Tamil Nadu,TIRUVANNAMALAI,2008,Whole Year,Horse-gram,1890,867,0.458730159
Tamil Nadu,TIRUVANNAMALAI,2008,Whole Year,Jowar,583,457,0.783876501
Tamil Nadu,TIRUVANNAMALAI,2008,Whole Year,Maize,4139,23971,5.79149553
Tamil Nadu,TIRUVANNAMALAI,2008,Whole Year,Moong(Green Gram),717,162,0.225941423
Tamil Nadu,TIRUVANNAMALAI,2008,Whole Year,Onion,60,567,9.45
Tamil Nadu,TIRUVANNAMALAI,2008,Whole Year,Ragi,3437,8481,2.467558918
Tamil Nadu,TIRUVANNAMALAI,2008,Whole Year,Sesamum,1273,901,0.707776905
Tamil Nadu,TIRUVANNAMALAI,2008,Whole Year,Small millets,4525,3626,0.801325967
Tamil Nadu,TIRUVANNAMALAI,2008,Whole Year,Sugarcane,24198,2393521,98.91400116
Tamil Nadu,TIRUVANNAMALAI,2008,Whole Year,Sunflower,1790,2388,1.334078212
Tamil Nadu,TIRUVANNAMALAI,2008,Whole Year,Sweet potato,11,146,13.27272727
Tamil Nadu,TIRUVANNAMALAI,2008,Whole Year,Tapioca,2264,78044,34.47173145
Tamil Nadu,TIRUVANNAMALAI,2008,Whole Year,Tobacco,75,107,1.426666667
Tamil Nadu,TIRUVANNAMALAI,2008,Whole Year,Turmeric,302,1742,5.768211921
Tamil Nadu,TIRUVANNAMALAI,2008,Whole Year,Urad,2722,1081,0.39713446
Tamil Nadu,TIRUVANNAMALAI,2009,Kharif,Rice,105177,324984,3.089877064
Tamil Nadu,TIRUVANNAMALAI,2009,Kharif,Small millets,4606,3912,0.849326965
Tamil Nadu,TIRUVANNAMALAI,2009,Whole Year,Arecanut,4,8,2
Tamil Nadu,TIRUVANNAMALAI,2009,Whole Year,Arhar/Tur,985,392,0.397969543
Tamil Nadu,TIRUVANNAMALAI,2009,Whole Year,Bajra,2604,1799,0.690860215
Tamil Nadu,TIRUVANNAMALAI,2009,Whole Year,Banana,3044,130880,42.99605782
Tamil Nadu,TIRUVANNAMALAI,2009,Whole Year,Cashewnut,10,5,0.5
Tamil Nadu,TIRUVANNAMALAI,2009,Whole Year,Castor seed,7,3,0.428571429
Tamil Nadu,TIRUVANNAMALAI,2009,Whole Year,Coconut,725,8800,12.13793103
Tamil Nadu,TIRUVANNAMALAI,2009,Whole Year,Coriander,52,21,0.403846154
Tamil Nadu,TIRUVANNAMALAI,2009,Whole Year,Cotton(lint),785,2320,2.955414013
Tamil Nadu,TIRUVANNAMALAI,2009,Whole Year,Dry chillies,379,202,0.53298153
Tamil Nadu,TIRUVANNAMALAI,2009,Whole Year,Gram,6,1,0.166666667
Tamil Nadu,TIRUVANNAMALAI,2009,Whole Year,Groundnut,68856,125139,1.817401534
Tamil Nadu,TIRUVANNAMALAI,2009,Whole Year,Horse-gram,2278,1077,0.472783143
Tamil Nadu,TIRUVANNAMALAI,2009,Whole Year,Jowar,578,549,0.94982699
Tamil Nadu,TIRUVANNAMALAI,2009,Whole Year,Maize,511,2719,5.320939335
Tamil Nadu,TIRUVANNAMALAI,2009,Whole Year,Moong(Green Gram),702,242,0.344729345
Tamil Nadu,TIRUVANNAMALAI,2009,Whole Year,Onion,56,546,9.75
Tamil Nadu,TIRUVANNAMALAI,2009,Whole Year,Potato,1,18,18
Tamil Nadu,TIRUVANNAMALAI,2009,Whole Year,Ragi,1638,2699,1.647741148
Tamil Nadu,TIRUVANNAMALAI,2009,Whole Year,Sesamum,1661,959,0.577363034
Tamil Nadu,TIRUVANNAMALAI,2009,Whole Year,Sugarcane,24467,2292158,93.68365554
Tamil Nadu,TIRUVANNAMALAI,2009,Whole Year,Sunflower,713,1504,2.109396914
Tamil Nadu,TIRUVANNAMALAI,2009,Whole Year,Sweet potato,11,161,14.63636364
Tamil Nadu,TIRUVANNAMALAI,2009,Whole Year,Tapioca,1989,93336,46.92609351
Tamil Nadu,TIRUVANNAMALAI,2009,Whole Year,Tobacco,108,143,1.324074074
Tamil Nadu,TIRUVANNAMALAI,2009,Whole Year,Turmeric,367,1860,5.068119891
Tamil Nadu,TIRUVANNAMALAI,2009,Whole Year,Urad,4762,1743,0.36602268
Tamil Nadu,TIRUVANNAMALAI,2010,Kharif,Arhar/Tur,1335,268,0.200749064
Tamil Nadu,TIRUVANNAMALAI,2010,Kharif,Castor seed,6,14,2.333333333
Tamil Nadu,TIRUVANNAMALAI,2010,Kharif,Cotton(lint),1191,2544,2.136020151
Tamil Nadu,TIRUVANNAMALAI,2010,Kharif,Groundnut,62296,115184,1.848979068
Tamil Nadu,TIRUVANNAMALAI,2010,Kharif,Horse-gram,2233,1270,0.568741603
Tamil Nadu,TIRUVANNAMALAI,2010,Kharif,Maize,225,842,3.742222222
Tamil Nadu,TIRUVANNAMALAI,2010,Kharif,Moong(Green Gram),545,283,0.519266055
Tamil Nadu,TIRUVANNAMALAI,2010,Kharif,Ragi,1229,3409,2.773799837
Tamil Nadu,TIRUVANNAMALAI,2010,Kharif,Rice,125490,357692,2.850362579
Tamil Nadu,TIRUVANNAMALAI,2010,Kharif,Sunflower,321,614,1.912772586
Tamil Nadu,TIRUVANNAMALAI,2010,Kharif,Urad,4758,3184,0.669188735
Tamil Nadu,TIRUVANNAMALAI,2010,Rabi,Gram,3,1,0.333333333
Tamil Nadu,TIRUVANNAMALAI,2010,Whole Year,Sugarcane,31435,2949680,93.83426117
Tamil Nadu,TIRUVANNAMALAI,2011,Kharif,Bajra,2178,3345,1.535812672
Tamil Nadu,TIRUVANNAMALAI,2011,Kharif,Cotton(lint),370,1056,2.854054054
Tamil Nadu,TIRUVANNAMALAI,2011,Kharif,Groundnut,32921,64381,1.955621032
Tamil Nadu,TIRUVANNAMALAI,2011,Kharif,Jowar,514,563,1.095330739
Tamil Nadu,TIRUVANNAMALAI,2011,Kharif,Maize,562,3193,5.681494662
Tamil Nadu,TIRUVANNAMALAI,2011,Kharif,Ragi,782,2062,2.636828645
Tamil Nadu,TIRUVANNAMALAI,2011,Kharif,Rice,103924,356196,3.427466225
Tamil Nadu,TIRUVANNAMALAI,2011,Rabi,Bajra,687,1892,2.754002911
Tamil Nadu,TIRUVANNAMALAI,2011,Rabi,Cotton(lint),391,1076,2.751918159
Tamil Nadu,TIRUVANNAMALAI,2011,Rabi,Groundnut,23360,89755,3.842251712
Tamil Nadu,TIRUVANNAMALAI,2011,Rabi,Jowar,76,126,1.657894737
Tamil Nadu,TIRUVANNAMALAI,2011,Rabi,Maize,491,3265,6.649694501
Tamil Nadu,TIRUVANNAMALAI,2011,Rabi,Ragi,1046,2654,2.537284895
Tamil Nadu,TIRUVANNAMALAI,2011,Rabi,Rapeseed &Mustard,3,1,0.333333333
Tamil Nadu,TIRUVANNAMALAI,2011,Whole Year,Arecanut,5,12,2.4
Tamil Nadu,TIRUVANNAMALAI,2011,Whole Year,Arhar/Tur,1339,1076,0.803584765
Tamil Nadu,TIRUVANNAMALAI,2011,Whole Year,Banana,3205,140041,43.69453978
Tamil Nadu,TIRUVANNAMALAI,2011,Whole Year,Cashewnut,7,2,0.285714286
Tamil Nadu,TIRUVANNAMALAI,2011,Whole Year,Castor seed,6,2,0.333333333
Tamil Nadu,TIRUVANNAMALAI,2011,Whole Year,Coconut,803,13400000,16687.42217
Tamil Nadu,TIRUVANNAMALAI,2011,Whole Year,Coriander,5,2,0.4
Tamil Nadu,TIRUVANNAMALAI,2011,Whole Year,Dry chillies,481,210,0.436590437
Tamil Nadu,TIRUVANNAMALAI,2011,Whole Year,Gram,4,3,0.75
Tamil Nadu,TIRUVANNAMALAI,2011,Whole Year,Horse-gram,1881,1177,0.625730994
Tamil Nadu,TIRUVANNAMALAI,2011,Whole Year,Moong(Green Gram),718,450,0.626740947
Tamil Nadu,TIRUVANNAMALAI,2011,Whole Year,Onion,146,1392,9.534246575
Tamil Nadu,TIRUVANNAMALAI,2011,Whole Year,Small millets,4472,5558,1.242844365
Tamil Nadu,TIRUVANNAMALAI,2011,Whole Year,Sugarcane,37794,4411273,116.7188707
Tamil Nadu,TIRUVANNAMALAI,2011,Whole Year,Sunflower,225,393,1.746666667
Tamil Nadu,TIRUVANNAMALAI,2011,Whole Year,Sweet potato,18,369,20.5
Tamil Nadu,TIRUVANNAMALAI,2011,Whole Year,Tapioca,2361,88922,37.66285472
Tamil Nadu,TIRUVANNAMALAI,2011,Whole Year,Tobacco,27,77,2.851851852
Tamil Nadu,TIRUVANNAMALAI,2011,Whole Year,Turmeric,1246,6826,5.478330658
Tamil Nadu,TIRUVANNAMALAI,2011,Whole Year,Urad,14797,8469,0.572345746
Tamil Nadu,TIRUVANNAMALAI,2012,Kharif,Arhar/Tur,698,343,0.491404011
Tamil Nadu,TIRUVANNAMALAI,2012,Kharif,Castor seed,12,1.55,0.129166667
Tamil Nadu,TIRUVANNAMALAI,2012,Kharif,Cotton(lint),506,961,1.899209486
Tamil Nadu,TIRUVANNAMALAI,2012,Kharif,Groundnut,56302,119302,2.118965578
Tamil Nadu,TIRUVANNAMALAI,2012,Kharif,Horse-gram,1824,1168,0.640350877
Tamil Nadu,TIRUVANNAMALAI,2012,Kharif,Maize,579,1909,3.297063903
Tamil Nadu,TIRUVANNAMALAI,2012,Kharif,Moong(Green Gram),724,196,0.270718232
Tamil Nadu,TIRUVANNAMALAI,2012,Kharif,Ragi,1159,2806,2.421052632
Tamil Nadu,TIRUVANNAMALAI,2012,Kharif,Rice,91774,325511,3.546876022
Tamil Nadu,TIRUVANNAMALAI,2012,Kharif,Sunflower,174,251,1.442528736
Tamil Nadu,TIRUVANNAMALAI,2012,Kharif,Urad,8798,5158,0.586269607
Tamil Nadu,TIRUVANNAMALAI,2012,Rabi,Gram,1,,
Tamil Nadu,TIRUVANNAMALAI,2012,Whole Year,Sugarcane,43477,4376790,100.6690894
Tamil Nadu,TIRUVANNAMALAI,2013,Kharif,Bajra,3194,4958,1.552285535
Tamil Nadu,TIRUVANNAMALAI,2013,Kharif,Castor seed,5,2,0.4
Tamil Nadu,TIRUVANNAMALAI,2013,Kharif,Cotton(lint),138,260,1.884057971
Tamil Nadu,TIRUVANNAMALAI,2013,Kharif,Groundnut,33481,73220,2.18691198
Tamil Nadu,TIRUVANNAMALAI,2013,Kharif,Horse-gram,936,710,0.758547009
Tamil Nadu,TIRUVANNAMALAI,2013,Kharif,Jowar,555,618,1.113513514
Tamil Nadu,TIRUVANNAMALAI,2013,Kharif,Maize,994,6498,6.53722334
Tamil Nadu,TIRUVANNAMALAI,2013,Kharif,Moong(Green Gram),587,330,0.562180579
Tamil Nadu,TIRUVANNAMALAI,2013,Kharif,Onion,35,407,11.62857143
Tamil Nadu,TIRUVANNAMALAI,2013,Kharif,Potato,1,18,18
Tamil Nadu,TIRUVANNAMALAI,2013,Kharif,Ragi,992,2714,2.735887097
Tamil Nadu,TIRUVANNAMALAI,2013,Kharif,Rice,82625,359403,4.34980938
Tamil Nadu,TIRUVANNAMALAI,2013,Kharif,Sunflower,115,208,1.808695652
Tamil Nadu,TIRUVANNAMALAI,2013,Kharif,Urad,5066,2533,0.5
Tamil Nadu,TIRUVANNAMALAI,2013,Rabi,Bajra,942,4600,4.883227176
Tamil Nadu,TIRUVANNAMALAI,2013,Rabi,Cotton(lint),157,357,2.27388535
Tamil Nadu,TIRUVANNAMALAI,2013,Rabi,Groundnut,24822,70357,2.834461365
Tamil Nadu,TIRUVANNAMALAI,2013,Rabi,Horse-gram,820,623,0.759756098
Tamil Nadu,TIRUVANNAMALAI,2013,Rabi,Jowar,234,504,2.153846154
Tamil Nadu,TIRUVANNAMALAI,2013,Rabi,Maize,697,3487,5.00286944
Tamil Nadu,TIRUVANNAMALAI,2013,Rabi,Moong(Green Gram),549,443,0.806921676
Tamil Nadu,TIRUVANNAMALAI,2013,Rabi,Onion,38,322,8.473684211
Tamil Nadu,TIRUVANNAMALAI,2013,Rabi,Potato,1,26,26
Tamil Nadu,TIRUVANNAMALAI,2013,Rabi,Ragi,2317,6495,2.803193785
Tamil Nadu,TIRUVANNAMALAI,2013,Rabi,Sunflower,230,358,1.556521739
Tamil Nadu,TIRUVANNAMALAI,2013,Rabi,Urad,6294,2874,0.456625357
Tamil Nadu,TIRUVANNAMALAI,2013,Whole Year,Arecanut,5,6,1.2
Tamil Nadu,TIRUVANNAMALAI,2013,Whole Year,Arhar/Tur,2057,2339,1.137092854
Tamil Nadu,TIRUVANNAMALAI,2013,Whole Year,Banana,2972,169469,57.02187079
Tamil Nadu,TIRUVANNAMALAI,2013,Whole Year,Cashewnut,1,,
Tamil Nadu,TIRUVANNAMALAI,2013,Whole Year,Coconut,624,5000000,8012.820513
Tamil Nadu,TIRUVANNAMALAI,2013,Whole Year,Coriander,12,4,0.333333333
Tamil Nadu,TIRUVANNAMALAI,2013,Whole Year,Dry chillies,447,122,0.272930649
Tamil Nadu,TIRUVANNAMALAI,2013,Whole Year,Small millets,4267,6258,1.466604172
Tamil Nadu,TIRUVANNAMALAI,2013,Whole Year,Sugarcane,37783,3084592,81.63967922
Tamil Nadu,TIRUVANNAMALAI,2013,Whole Year,Sweet potato,23,486,21.13043478
Tamil Nadu,TIRUVANNAMALAI,2013,Whole Year,Tapioca,2404,89320,37.1547421
Tamil Nadu,TIRUVANNAMALAI,2013,Whole Year,Tobacco,62,86,1.387096774
Tamil Nadu,TIRUVANNAMALAI,2013,Whole Year,Turmeric,638,2559,4.010971787
Tamil Nadu,TUTICORIN,1997,Kharif,Banana,17010,685918,40.32439741
Tamil Nadu,TUTICORIN,1997,Kharif,Horse-gram,27,20,0.740740741
Tamil Nadu,TUTICORIN,1997,Kharif,Onion,1590,7683,4.832075472
Tamil Nadu,TUTICORIN,1997,Kharif,Sesamum,3464,1050,0.303117783
Tamil Nadu,TUTICORIN,1997,Kharif,Small millets,60,60,1
Tamil Nadu,TUTICORIN,1997,Whole Year,Arhar/Tur,94,50,0.531914894
Tamil Nadu,TUTICORIN,1997,Whole Year,Bajra,25201,51570,2.046347367
Tamil Nadu,TUTICORIN,1997,Whole Year,Banana,9507,686640,72.22467655
Tamil Nadu,TUTICORIN,1997,Whole Year,Cashewnut,600,370,0.616666667
Tamil Nadu,TUTICORIN,1997,Whole Year,Castor seed,60,20,0.333333333
Tamil Nadu,TUTICORIN,1997,Whole Year,Coriander,10889,2270,0.208467261
Tamil Nadu,TUTICORIN,1997,Whole Year,Cotton(lint),17660,20790,1.177236693
Tamil Nadu,TUTICORIN,1997,Whole Year,Dry chillies,20394,10610,0.520251054
Tamil Nadu,TUTICORIN,1997,Whole Year,Dry ginger,5,160,32
Tamil Nadu,TUTICORIN,1997,Whole Year,Gram,140,70,0.5
Tamil Nadu,TUTICORIN,1997,Whole Year,Groundnut,1727,2960,1.713954835
Tamil Nadu,TUTICORIN,1997,Whole Year,Jowar,8367,7600,0.908330345
Tamil Nadu,TUTICORIN,1997,Whole Year,Maize,2106,950,0.451092118
Tamil Nadu,TUTICORIN,1997,Whole Year,Moong(Green Gram),8082,3030,0.374907201
Tamil Nadu,TUTICORIN,1997,Whole Year,Onion,1061,2770,2.610744581
Tamil Nadu,TUTICORIN,1997,Whole Year,Pulses total,24295,10530,0.433422515
Tamil Nadu,TUTICORIN,1997,Whole Year,Ragi,505,1270,2.514851485
Tamil Nadu,TUTICORIN,1997,Whole Year,Rice,17907,78650,4.392137153
Tamil Nadu,TUTICORIN,1997,Whole Year,Small millets,220,20,0.090909091
Tamil Nadu,TUTICORIN,1997,Whole Year,Sugarcane,90,97000,1077.777778
Tamil Nadu,TUTICORIN,1997,Whole Year,Sunflower,2541,1110,0.436835891
Tamil Nadu,TUTICORIN,1997,Whole Year,Sweet potato,133,1930,14.5112782
Tamil Nadu,TUTICORIN,1997,Whole Year,Tapioca,27,1010,37.40740741
Tamil Nadu,TUTICORIN,1997,Whole Year,Total foodgrain,79127,151020,1.90857735
Tamil Nadu,TUTICORIN,1997,Whole Year,Turmeric,6,60,10
Tamil Nadu,TUTICORIN,1997,Whole Year,Urad,15325,7240,0.472430669
Tamil Nadu,TUTICORIN,1998,Kharif,Arhar/Tur,285,246,0.863157895
Tamil Nadu,TUTICORIN,1998,Kharif,Bajra,22867,48903,2.138583986
Tamil Nadu,TUTICORIN,1998,Kharif,Cotton(lint),16429,5218,0.317609106
Tamil Nadu,TUTICORIN,1998,Kharif,Groundnut,2820,4967,1.761347518
Tamil Nadu,TUTICORIN,1998,Kharif,Horse-gram,91,46,0.505494505
Tamil Nadu,TUTICORIN,1998,Kharif,Jowar,9322,10320,1.107058571
Tamil Nadu,TUTICORIN,1998,Kharif,Maize,3181,1435,0.451116001
Tamil Nadu,TUTICORIN,1998,Kharif,Moong(Green Gram),9787,3006,0.307142127
Tamil Nadu,TUTICORIN,1998,Kharif,Pulses total,34390,10806,0.31421925
Tamil Nadu,TUTICORIN,1998,Kharif,Ragi,498,1186,2.381526104
Tamil Nadu,TUTICORIN,1998,Kharif,Rice,22709,78052,3.437051389
Tamil Nadu,TUTICORIN,1998,Kharif,Sesamum,4245,1457,0.343227326
Tamil Nadu,TUTICORIN,1998,Kharif,Small millets,1200,1000,0.833333333
Tamil Nadu,TUTICORIN,1998,Kharif,Sunflower,3301,1604,0.48591336
Tamil Nadu,TUTICORIN,1998,Kharif,Total foodgrain,94011,15146,0.161108806
Tamil Nadu,TUTICORIN,1998,Kharif,Urad,22225,7045,0.316985377
Tamil Nadu,TUTICORIN,1998,Rabi,Gram,206,125,0.606796117
Tamil Nadu,TUTICORIN,1998,Whole Year,Banana,9046,653338,72.22396639
Tamil Nadu,TUTICORIN,1998,Whole Year,Cashewnut,494,101,0.204453441
Tamil Nadu,TUTICORIN,1998,Whole Year,Castor seed,163,39,0.239263804
Tamil Nadu,TUTICORIN,1998,Whole Year,Coriander,22361,4668,0.208756317
Tamil Nadu,TUTICORIN,1998,Whole Year,Dry chillies,22270,11580,0.519982039
Tamil Nadu,TUTICORIN,1998,Whole Year,Garlic,8,47,5.875
Tamil Nadu,TUTICORIN,1998,Whole Year,Onion,2927,7634,2.608131192
Tamil Nadu,TUTICORIN,1998,Whole Year,Sugarcane,31,3800,122.5806452
Tamil Nadu,TUTICORIN,1998,Whole Year,Sweet potato,45,776,17.24444444
Tamil Nadu,TUTICORIN,1998,Whole Year,Tapioca,4,148,37
Tamil Nadu,TUTICORIN,1998,Whole Year,Turmeric,21,128,6.095238095
Tamil Nadu,TUTICORIN,1999,Kharif,Arhar/Tur,75,53,0.706666667
Tamil Nadu,TUTICORIN,1999,Kharif,Bajra,23516,34198,1.454243919
Tamil Nadu,TUTICORIN,1999,Kharif,Castor seed,103,31,0.300970874
Tamil Nadu,TUTICORIN,1999,Kharif,Cotton(lint),15107,9911,0.656053485
Tamil Nadu,TUTICORIN,1999,Kharif,Groundnut,2102,3844,1.828734539
Tamil Nadu,TUTICORIN,1999,Kharif,Horse-gram,27,13,0.481481481
Tamil Nadu,TUTICORIN,1999,Kharif,Jowar,8709,14603,1.676771156
Tamil Nadu,TUTICORIN,1999,Kharif,Korra,17,14,0.823529412
Tamil Nadu,TUTICORIN,1999,Kharif,Maize,6672,2982,0.446942446
Tamil Nadu,TUTICORIN,1999,Kharif,Moong(Green Gram),8173,2517,0.307965251
Tamil Nadu,TUTICORIN,1999,Kharif,Ragi,407,794,1.950859951
Tamil Nadu,TUTICORIN,1999,Kharif,Rice,16916,62747,3.709328446
Tamil Nadu,TUTICORIN,1999,Kharif,Sesamum,3548,924,0.26042841
Tamil Nadu,TUTICORIN,1999,Kharif,Sunflower,2959,1204,0.406894221
Tamil Nadu,TUTICORIN,1999,Kharif,Urad,18915,5448,0.288025377
Tamil Nadu,TUTICORIN,1999,Kharif,Varagu,4,4,1
Tamil Nadu,TUTICORIN,1999,Rabi,Gram,64,31,0.484375
Tamil Nadu,TUTICORIN,1999,Whole Year,Banana,17010,685918,40.32439741
Tamil Nadu,TUTICORIN,1999,Whole Year,Cashewnut,1353,396,0.292682927
Tamil Nadu,TUTICORIN,1999,Whole Year,Coriander,6717,2264,0.337055233
Tamil Nadu,TUTICORIN,1999,Whole Year,Dry chillies,8334,3944,0.473242141
Tamil Nadu,TUTICORIN,1999,Whole Year,Guar seed,131,1363,10.40458015
Tamil Nadu,TUTICORIN,1999,Whole Year,Onion,1590,7683,4.832075472
Tamil Nadu,TUTICORIN,1999,Whole Year,Sugarcane,131,14020,107.0229008
Tamil Nadu,TUTICORIN,1999,Whole Year,Sweet potato,44,533,12.11363636
Tamil Nadu,TUTICORIN,1999,Whole Year,Tapioca,16,568,35.5
Tamil Nadu,TUTICORIN,1999,Whole Year,Turmeric,11,62,5.636363636
Tamil Nadu,TUTICORIN,2000,Kharif,Arhar/Tur,35,25,0.714285714
Tamil Nadu,TUTICORIN,2000,Kharif,Bajra,18287,26227,1.434188221
Tamil Nadu,TUTICORIN,2000,Kharif,Castor seed,85,25,0.294117647
Tamil Nadu,TUTICORIN,2000,Kharif,Cotton(lint),9516,7333,0.770596889
Tamil Nadu,TUTICORIN,2000,Kharif,Groundnut,1904,3141,1.649684874
Tamil Nadu,TUTICORIN,2000,Kharif,Horse-gram,12,5,0.416666667
Tamil Nadu,TUTICORIN,2000,Kharif,Jowar,10006,8893,0.88876674
Tamil Nadu,TUTICORIN,2000,Kharif,Maize,5718,2555,0.446834558
Tamil Nadu,TUTICORIN,2000,Kharif,Moong(Green Gram),6794,2989,0.439947012
Tamil Nadu,TUTICORIN,2000,Kharif,Other Cereals & Millets,12,10,0.833333333
Tamil Nadu,TUTICORIN,2000,Kharif,Other Kharif pulses,586,112,0.19112628
Tamil Nadu,TUTICORIN,2000,Kharif,Ragi,200,386,1.93
Tamil Nadu,TUTICORIN,2000,Kharif,Rice,15456,61662,3.989518634
Tamil Nadu,TUTICORIN,2000,Kharif,Sesamum,2125,636,0.299294118
Tamil Nadu,TUTICORIN,2000,Kharif,Sunflower,1668,724,0.434052758
Tamil Nadu,TUTICORIN,2000,Kharif,Urad,21071,6068,0.287978739
Tamil Nadu,TUTICORIN,2000,Rabi,Gram,48,23,0.479166667
Tamil Nadu,TUTICORIN,2000,Whole Year,Banana,14911,601277,40.32439139
Tamil Nadu,TUTICORIN,2000,Whole Year,Cashewnut,139,53,0.381294964
Tamil Nadu,TUTICORIN,2000,Whole Year,Coriander,5336,1798,0.336956522
Tamil Nadu,TUTICORIN,2000,Whole Year,Dry chillies,23680,10703,0.451984797
Tamil Nadu,TUTICORIN,2000,Whole Year,Onion,1425,6886,4.832280702
Tamil Nadu,TUTICORIN,2000,Whole Year,Sugarcane,57,6100,107.0175439
Tamil Nadu,TUTICORIN,2000,Whole Year,Sweet potato,15,182,12.13333333
Tamil Nadu,TUTICORIN,2000,Whole Year,Tapioca,13,461,35.46153846
Tamil Nadu,TUTICORIN,2000,Whole Year,Turmeric,7,38,5.428571429
Tamil Nadu,TUTICORIN,2001,Kharif,Arhar/Tur,78,50,0.641025641
Tamil Nadu,TUTICORIN,2001,Kharif,Bajra,18150,20160,1.110743802
Tamil Nadu,TUTICORIN,2001,Kharif,Cotton(lint),9743,4400,0.451606281
Tamil Nadu,TUTICORIN,2001,Kharif,Groundnut,1782,3260,1.829405163
Tamil Nadu,TUTICORIN,2001,Kharif,Jowar,5806,4530,0.780227351
Tamil Nadu,TUTICORIN,2001,Kharif,Moong(Green Gram),8228,3140,0.381623724
Tamil Nadu,TUTICORIN,2001,Kharif,Ragi,445,1020,2.292134831
Tamil Nadu,TUTICORIN,2001,Kharif,Rice,10201,42780,4.193706499
Tamil Nadu,TUTICORIN,2001,Kharif,Sesamum,3010,1100,0.365448505
Tamil Nadu,TUTICORIN,2001,Kharif,Sunflower,947,350,0.369588173
Tamil Nadu,TUTICORIN,2001,Kharif,Urad,11560,5020,0.434256055
Tamil Nadu,TUTICORIN,2001,Whole Year,Sugarcane,113,11300,100
Tamil Nadu,TUTICORIN,2002,Kharif,Arhar/Tur,73,40,0.547945205
Tamil Nadu,TUTICORIN,2002,Kharif,Bajra,18374,24451,1.330739088
Tamil Nadu,TUTICORIN,2002,Kharif,Castor seed,73,22,0.301369863
Tamil Nadu,TUTICORIN,2002,Kharif,Cotton(lint),7435,3834,0.515669132
Tamil Nadu,TUTICORIN,2002,Kharif,Groundnut,1684,2460,1.460807601
Tamil Nadu,TUTICORIN,2002,Kharif,Horse-gram,11,3,0.272727273
Tamil Nadu,TUTICORIN,2002,Kharif,Jowar,7140,4352,0.60952381
Tamil Nadu,TUTICORIN,2002,Kharif,Korra,18,15,0.833333333
Tamil Nadu,TUTICORIN,2002,Kharif,Maize,3931,2709,0.689137624
Tamil Nadu,TUTICORIN,2002,Kharif,Moong(Green Gram),12337,4098,0.332171517
Tamil Nadu,TUTICORIN,2002,Kharif,Other Kharif pulses,788,142,0.180203046
Tamil Nadu,TUTICORIN,2002,Kharif,Ragi,207,399,1.927536232
Tamil Nadu,TUTICORIN,2002,Kharif,Rice,14722,64496,4.380926505
Tamil Nadu,TUTICORIN,2002,Kharif,Samai,1,1,1
Tamil Nadu,TUTICORIN,2002,Kharif,Sesamum,2595,544,0.209633911
Tamil Nadu,TUTICORIN,2002,Kharif,Small millets,469,267,0.569296375
Tamil Nadu,TUTICORIN,2002,Kharif,Sunflower,956,259,0.270920502
Tamil Nadu,TUTICORIN,2002,Kharif,Urad,13717,5573,0.406284173
Tamil Nadu,TUTICORIN,2002,Kharif,Varagu,1,1,1
Tamil Nadu,TUTICORIN,2002,Rabi,Gram,94,47,0.5
Tamil Nadu,TUTICORIN,2002,Whole Year,Banana,8037,477145,59.36854548
Tamil Nadu,TUTICORIN,2002,Whole Year,Ber,2,0,0
Tamil Nadu,TUTICORIN,2002,Whole Year,Bhindi,182,1356,7.450549451
Tamil Nadu,TUTICORIN,2002,Whole Year,Bitter Gourd,127,0,0
Tamil Nadu,TUTICORIN,2002,Whole Year,Brinjal,212,1616,7.622641509
Tamil Nadu,TUTICORIN,2002,Whole Year,Cashewnut,911,275,0.301866081
Tamil Nadu,TUTICORIN,2002,Whole Year,Citrus Fruit,132,146,1.106060606
Tamil Nadu,TUTICORIN,2002,Whole Year,Coconut,5586,26700,4.77980666
Tamil Nadu,TUTICORIN,2002,Whole Year,Coriander,5812,700,0.120440468
Tamil Nadu,TUTICORIN,2002,Whole Year,Cucumber,33,0,0
Tamil Nadu,TUTICORIN,2002,Whole Year,Drum Stick,1228,0,0
Tamil Nadu,TUTICORIN,2002,Whole Year,Dry chillies,25298,9323,0.368527156
Tamil Nadu,TUTICORIN,2002,Whole Year,Grapes,2,29,14.5
Tamil Nadu,TUTICORIN,2002,Whole Year,Jack Fruit,2,23,11.5
Tamil Nadu,TUTICORIN,2002,Whole Year,Lab-Lab,27,0,0
Tamil Nadu,TUTICORIN,2002,Whole Year,Mango,442,2648,5.990950226
Tamil Nadu,TUTICORIN,2002,Whole Year,Onion,1744,10095,5.788417431
Tamil Nadu,TUTICORIN,2002,Whole Year,Orange,1,2,2
Tamil Nadu,TUTICORIN,2002,Whole Year,Other Citrus Fruit,121,0,0
Tamil Nadu,TUTICORIN,2002,Whole Year,Other Fresh Fruits,84,0,0
Tamil Nadu,TUTICORIN,2002,Whole Year,Other Vegetables,464,0,0
Tamil Nadu,TUTICORIN,2002,Whole Year,Pome Fruit,279,1460,5.23297491
Tamil Nadu,TUTICORIN,2002,Whole Year,Pome Granet,28,0,0
Tamil Nadu,TUTICORIN,2002,Whole Year,Pump Kin,11,0,0
Tamil Nadu,TUTICORIN,2002,Whole Year,Ribed Guard,6,0,0
Tamil Nadu,TUTICORIN,2002,Whole Year,Snak Guard,6,0,0
Tamil Nadu,TUTICORIN,2002,Whole Year,Sugarcane,113,10380,91.85840708
Tamil Nadu,TUTICORIN,2002,Whole Year,Sweet potato,51,697,13.66666667
Tamil Nadu,TUTICORIN,2002,Whole Year,Tapioca,4,126,31.5
Tamil Nadu,TUTICORIN,2002,Whole Year,Tomato,226,1479,6.544247788
Tamil Nadu,TUTICORIN,2002,Whole Year,Turmeric,3,11,3.666666667
Tamil Nadu,TUTICORIN,2002,Whole Year,Water Melon,2,0,0
Tamil Nadu,TUTICORIN,2002,Whole Year,Yam,134,0,0
Tamil Nadu,TUTICORIN,2003,Kharif,Arhar/Tur,48,29,0.604166667
Tamil Nadu,TUTICORIN,2003,Kharif,Bajra,21334,35263,1.652901472
Tamil Nadu,TUTICORIN,2003,Kharif,Castor seed,93,27,0.290322581
Tamil Nadu,TUTICORIN,2003,Kharif,Cotton(lint),6977,3241,0.464526301
Tamil Nadu,TUTICORIN,2003,Kharif,Groundnut,1472,2055,1.396059783
Tamil Nadu,TUTICORIN,2003,Kharif,Horse-gram,17,5,0.294117647
Tamil Nadu,TUTICORIN,2003,Kharif,Jowar,6927,4060,0.586112314
Tamil Nadu,TUTICORIN,2003,Kharif,Korra,21,17,0.80952381
Tamil Nadu,TUTICORIN,2003,Kharif,Maize,4588,3380,0.736704446
Tamil Nadu,TUTICORIN,2003,Kharif,Moong(Green Gram),20891,9807,0.469436599
Tamil Nadu,TUTICORIN,2003,Kharif,Other Kharif pulses,769,136,0.176853056
Tamil Nadu,TUTICORIN,2003,Kharif,Ragi,214,435,2.03271028
Tamil Nadu,TUTICORIN,2003,Kharif,Rice,13540,56888,4.201477105
Tamil Nadu,TUTICORIN,2003,Kharif,Sesamum,4510,857,0.190022173
Tamil Nadu,TUTICORIN,2003,Kharif,Small millets,483,239,0.494824017
Tamil Nadu,TUTICORIN,2003,Kharif,Sunflower,886,228,0.257336343
Tamil Nadu,TUTICORIN,2003,Kharif,Urad,10131,4472,0.441417432
Tamil Nadu,TUTICORIN,2003,Rabi,Gram,91,45,0.494505495
Tamil Nadu,TUTICORIN,2003,Whole Year,Ash Gourd,7,0,0
Tamil Nadu,TUTICORIN,2003,Whole Year,Banana,8272,386862,46.7676499
Tamil Nadu,TUTICORIN,2003,Whole Year,Bhindi,206,1129,5.480582524
Tamil Nadu,TUTICORIN,2003,Whole Year,Bitter Gourd,77,0,0
Tamil Nadu,TUTICORIN,2003,Whole Year,Bottle Gourd,1,0,0
Tamil Nadu,TUTICORIN,2003,Whole Year,Brinjal,207,2315,11.18357488
Tamil Nadu,TUTICORIN,2003,Whole Year,Cashewnut,749,259,0.345794393
Tamil Nadu,TUTICORIN,2003,Whole Year,Citrus Fruit,143,149,1.041958042
Tamil Nadu,TUTICORIN,2003,Whole Year,Coconut,6057,39600,6.537890045
Tamil Nadu,TUTICORIN,2003,Whole Year,Coriander,5188,903,0.174055513
Tamil Nadu,TUTICORIN,2003,Whole Year,Cucumber,47,0,0
Tamil Nadu,TUTICORIN,2003,Whole Year,Drum Stick,1456,0,0
Tamil Nadu,TUTICORIN,2003,Whole Year,Dry chillies,23421,6665,0.284573673
Tamil Nadu,TUTICORIN,2003,Whole Year,Grapes,1,24,24
Tamil Nadu,TUTICORIN,2003,Whole Year,Jack Fruit,1,10,10
Tamil Nadu,TUTICORIN,2003,Whole Year,Lab-Lab,14,0,0
Tamil Nadu,TUTICORIN,2003,Whole Year,Mango,592,2460,4.155405405
Tamil Nadu,TUTICORIN,2003,Whole Year,Onion,1509,8619,5.711729622
Tamil Nadu,TUTICORIN,2003,Whole Year,Orange,1,2,2
Tamil Nadu,TUTICORIN,2003,Whole Year,Other Citrus Fruit,199,0,0
Tamil Nadu,TUTICORIN,2003,Whole Year,Other Fresh Fruits,88,0,0
Tamil Nadu,TUTICORIN,2003,Whole Year,Other Vegetables,380,0,0
Tamil Nadu,TUTICORIN,2003,Whole Year,Papaya,4,0,0
Tamil Nadu,TUTICORIN,2003,Whole Year,Pome Fruit,206,1446,7.019417476
Tamil Nadu,TUTICORIN,2003,Whole Year,Pome Granet,49,0,0
Tamil Nadu,TUTICORIN,2003,Whole Year,Pump Kin,20,0,0
Tamil Nadu,TUTICORIN,2003,Whole Year,Ribed Guard,6,0,0
Tamil Nadu,TUTICORIN,2003,Whole Year,Snak Guard,7,0,0
Tamil Nadu,TUTICORIN,2003,Whole Year,Sugarcane,69,7016,101.6811594
Tamil Nadu,TUTICORIN,2003,Whole Year,Sweet potato,64,928,14.5
Tamil Nadu,TUTICORIN,2003,Whole Year,Tapioca,5,168,33.6
Tamil Nadu,TUTICORIN,2003,Whole Year,Tomato,427,3051,7.145199063
Tamil Nadu,TUTICORIN,2003,Whole Year,Turmeric,4,17,4.25
Tamil Nadu,TUTICORIN,2003,Whole Year,Yam,144,0,0
Tamil Nadu,TUTICORIN,2004,Kharif,Arhar/Tur,38,25,0.657894737
Tamil Nadu,TUTICORIN,2004,Kharif,Bajra,20965,43654,2.082232292
Tamil Nadu,TUTICORIN,2004,Kharif,Castor seed,55,16,0.290909091
Tamil Nadu,TUTICORIN,2004,Kharif,Cotton(lint),6599,7108,1.077132899
Tamil Nadu,TUTICORIN,2004,Kharif,Groundnut,2097,3000,1.430615165
Tamil Nadu,TUTICORIN,2004,Kharif,Horse-gram,666,198,0.297297297
Tamil Nadu,TUTICORIN,2004,Kharif,Jowar,10624,6743,0.63469503
Tamil Nadu,TUTICORIN,2004,Kharif,Maize,4203,3339,0.794432548
Tamil Nadu,TUTICORIN,2004,Kharif,Moong(Green Gram),25883,12193,0.471081405
Tamil Nadu,TUTICORIN,2004,Kharif,Other Kharif pulses,752,133,0.176861702
Tamil Nadu,TUTICORIN,2004,Kharif,Ragi,202,313,1.54950495
Tamil Nadu,TUTICORIN,2004,Kharif,Rice,16415,67929,4.138227231
Tamil Nadu,TUTICORIN,2004,Kharif,Sesamum,4083,2159,0.528777859
Tamil Nadu,TUTICORIN,2004,Kharif,Small millets,355,230,0.647887324
Tamil Nadu,TUTICORIN,2004,Kharif,Sunflower,998,429,0.429859719
Tamil Nadu,TUTICORIN,2004,Kharif,Urad,14469,8061,0.557122123
Tamil Nadu,TUTICORIN,2004,Rabi,Gram,51,25,0.490196078
Tamil Nadu,TUTICORIN,2004,Whole Year,Banana,8995,501460,55.74874931
Tamil Nadu,TUTICORIN,2004,Whole Year,Cashewnut,824,298,0.361650485
Tamil Nadu,TUTICORIN,2004,Whole Year,Coconut,6049,23800,3.934534634
Tamil Nadu,TUTICORIN,2004,Whole Year,Coriander,4740,1508,0.31814346
Tamil Nadu,TUTICORIN,2004,Whole Year,Dry chillies,18935,7865,0.415368365
Tamil Nadu,TUTICORIN,2004,Whole Year,Onion,1232,5715,4.638798701
Tamil Nadu,TUTICORIN,2004,Whole Year,Sugarcane,60,6604,110.0666667
Tamil Nadu,TUTICORIN,2004,Whole Year,Sweet potato,89,1345,15.11235955
Tamil Nadu,TUTICORIN,2004,Whole Year,Tapioca,2,83,41.5
Tamil Nadu,TUTICORIN,2004,Whole Year,Turmeric,5,27,5.4
Tamil Nadu,TUTICORIN,2005,Kharif,Arhar/Tur,43,23,0.534883721
Tamil Nadu,TUTICORIN,2005,Kharif,Bajra,20166,33318,1.652186849
Tamil Nadu,TUTICORIN,2005,Kharif,Castor seed,94,28,0.29787234
Tamil Nadu,TUTICORIN,2005,Kharif,Cotton(lint),6620,6753,1.020090634
Tamil Nadu,TUTICORIN,2005,Kharif,Groundnut,2047,3435,1.678065462
Tamil Nadu,TUTICORIN,2005,Kharif,Horse-gram,26,9,0.346153846
Tamil Nadu,TUTICORIN,2005,Kharif,Jowar,9366,6335,0.676382661
Tamil Nadu,TUTICORIN,2005,Kharif,Maize,6884,,
Tamil Nadu,TUTICORIN,2005,Kharif,Moong(Green Gram),25264,9798,0.387824573
Tamil Nadu,TUTICORIN,2005,Kharif,Other Kharif pulses,732,149,0.203551913
Tamil Nadu,TUTICORIN,2005,Kharif,Ragi,166,256,1.542168675
Tamil Nadu,TUTICORIN,2005,Kharif,Rice,19932,81816,4.104756171
Tamil Nadu,TUTICORIN,2005,Kharif,Sesamum,3327,1004,0.301773369
Tamil Nadu,TUTICORIN,2005,Kharif,Small millets,380,222,0.584210526
Tamil Nadu,TUTICORIN,2005,Kharif,Soyabean,68,,
Tamil Nadu,TUTICORIN,2005,Kharif,Sunflower,1270,581,0.457480315
Tamil Nadu,TUTICORIN,2005,Kharif,Urad,21099,8348,0.395658562
Tamil Nadu,TUTICORIN,2005,Rabi,Gram,86,43,0.5
Tamil Nadu,TUTICORIN,2005,Whole Year,Banana,9790,696235,71.11695608
Tamil Nadu,TUTICORIN,2005,Whole Year,Cashewnut,811,307,0.378545006
Tamil Nadu,TUTICORIN,2005,Whole Year,Coconut,5988,392,0.065464262
Tamil Nadu,TUTICORIN,2005,Whole Year,Coriander,6819,1873,0.274673706
Tamil Nadu,TUTICORIN,2005,Whole Year,Dry chillies,12042,4611,0.382909816
Tamil Nadu,TUTICORIN,2005,Whole Year,Onion,1170,7974,6.815384615
Tamil Nadu,TUTICORIN,2005,Whole Year,Sugarcane,155,16227,104.6903226
Tamil Nadu,TUTICORIN,2005,Whole Year,Sweet potato,27,563,20.85185185
Tamil Nadu,TUTICORIN,2005,Whole Year,Tapioca,10,382,38.2
Tamil Nadu,TUTICORIN,2005,Whole Year,Turmeric,5,28,5.6
Tamil Nadu,TUTICORIN,2006,Kharif,Rice,21376,94000,4.39745509
Tamil Nadu,TUTICORIN,2006,Kharif,Small millets,673,379,0.563150074
Tamil Nadu,TUTICORIN,2006,Whole Year,Arhar/Tur,43,31,0.720930233
Tamil Nadu,TUTICORIN,2006,Whole Year,Bajra,14532,27849,1.916391412
Tamil Nadu,TUTICORIN,2006,Whole Year,Banana,10252,685773,66.8916309
Tamil Nadu,TUTICORIN,2006,Whole Year,Cashewnut,839,382,0.455303933
Tamil Nadu,TUTICORIN,2006,Whole Year,Castor seed,91,27,0.296703297
Tamil Nadu,TUTICORIN,2006,Whole Year,Coconut,5472,478,0.087353801
Tamil Nadu,TUTICORIN,2006,Whole Year,Coriander,6520,1336,0.204907975
Tamil Nadu,TUTICORIN,2006,Whole Year,Cotton(lint),4966,6980,1.405557793
Tamil Nadu,TUTICORIN,2006,Whole Year,Dry chillies,18492,8768,0.474150984
Tamil Nadu,TUTICORIN,2006,Whole Year,Gram,54,27,0.5
Tamil Nadu,TUTICORIN,2006,Whole Year,Groundnut,2169,3169,1.461041955
Tamil Nadu,TUTICORIN,2006,Whole Year,Horse-gram,21,12,0.571428571
Tamil Nadu,TUTICORIN,2006,Whole Year,Jowar,6900,6507,0.943043478
Tamil Nadu,TUTICORIN,2006,Whole Year,Maize,6509,18319,2.814410816
Tamil Nadu,TUTICORIN,2006,Whole Year,Moong(Green Gram),23850,15432,0.647044025
Tamil Nadu,TUTICORIN,2006,Whole Year,Onion,1620,9932,6.130864198
Tamil Nadu,TUTICORIN,2006,Whole Year,Ragi,101,188,1.861386139
Tamil Nadu,TUTICORIN,2006,Whole Year,Sesamum,2263,1427,0.630578878
Tamil Nadu,TUTICORIN,2006,Whole Year,Sugarcane,219,26892,122.7945205
Tamil Nadu,TUTICORIN,2006,Whole Year,Sunflower,889,521,0.586051744
Tamil Nadu,TUTICORIN,2006,Whole Year,Sweet potato,10,168,16.8
Tamil Nadu,TUTICORIN,2006,Whole Year,Tapioca,10,404,40.4
Tamil Nadu,TUTICORIN,2006,Whole Year,Turmeric,6,34,5.666666667
Tamil Nadu,TUTICORIN,2006,Whole Year,Urad,26594,17217,0.64740167
Tamil Nadu,TUTICORIN,2007,Kharif,Rice,18056,64735,3.585234825
Tamil Nadu,TUTICORIN,2007,Kharif,Small millets,626,359,0.573482428
Tamil Nadu,TUTICORIN,2007,Whole Year,Arhar/Tur,510,358,0.701960784
Tamil Nadu,TUTICORIN,2007,Whole Year,Bajra,11140,23740,2.131059246
Tamil Nadu,TUTICORIN,2007,Whole Year,Banana,10260,610430,59.49610136
Tamil Nadu,TUTICORIN,2007,Whole Year,Cashewnut,789,451,0.571609632
Tamil Nadu,TUTICORIN,2007,Whole Year,Castor seed,312,92,0.294871795
Tamil Nadu,TUTICORIN,2007,Whole Year,Coconut,6385,547,0.085669538
Tamil Nadu,TUTICORIN,2007,Whole Year,Coriander,4772,446,0.093461861
Tamil Nadu,TUTICORIN,2007,Whole Year,Cotton(lint),4090,4413,1.078973105
Tamil Nadu,TUTICORIN,2007,Whole Year,Dry chillies,15275,5890,0.385597381
Tamil Nadu,TUTICORIN,2007,Whole Year,Gram,55,27,0.490909091
Tamil Nadu,TUTICORIN,2007,Whole Year,Groundnut,1701,2716,1.596707819
Tamil Nadu,TUTICORIN,2007,Whole Year,Horse-gram,31,14,0.451612903
Tamil Nadu,TUTICORIN,2007,Whole Year,Jowar,7586,6350,0.837068284
Tamil Nadu,TUTICORIN,2007,Whole Year,Maize,7444,51833,6.963057496
Tamil Nadu,TUTICORIN,2007,Whole Year,Moong(Green Gram),30505,16171,0.530109818
Tamil Nadu,TUTICORIN,2007,Whole Year,Onion,1029,5966,5.797862002
Tamil Nadu,TUTICORIN,2007,Whole Year,Ragi,249,474,1.903614458
Tamil Nadu,TUTICORIN,2007,Whole Year,Sesamum,2283,1187,0.519929917
Tamil Nadu,TUTICORIN,2007,Whole Year,Small millets,626,359,0.573482428
Tamil Nadu,TUTICORIN,2007,Whole Year,Sugarcane,231,24841,107.5367965
Tamil Nadu,TUTICORIN,2007,Whole Year,Sunflower,1189,747,0.628259041
Tamil Nadu,TUTICORIN,2007,Whole Year,Sweet potato,11,148,13.45454545
Tamil Nadu,TUTICORIN,2007,Whole Year,Tapioca,11,464,42.18181818
Tamil Nadu,TUTICORIN,2007,Whole Year,Turmeric,4,21,5.25
Tamil Nadu,TUTICORIN,2007,Whole Year,Urad,35545,19772,0.556252638
Tamil Nadu,TUTICORIN,2008,Kharif,Rice,22401,108163,4.8284898
Tamil Nadu,TUTICORIN,2008,Kharif,Small millets,22,374,17
Tamil Nadu,TUTICORIN,2008,Whole Year,Arhar/Tur,88,53,0.602272727
Tamil Nadu,TUTICORIN,2008,Whole Year,Bajra,11706,22994,1.964291816
Tamil Nadu,TUTICORIN,2008,Whole Year,Banana,9849,482959,49.03634887
Tamil Nadu,TUTICORIN,2008,Whole Year,Cashewnut,817,426,0.521419829
Tamil Nadu,TUTICORIN,2008,Whole Year,Castor seed,131,39,0.297709924
Tamil Nadu,TUTICORIN,2008,Whole Year,Coconut,6034,853000,141.365595
Tamil Nadu,TUTICORIN,2008,Whole Year,Coriander,5712,1290,0.225840336
Tamil Nadu,TUTICORIN,2008,Whole Year,Cotton(lint),3634,3923,1.079526692
Tamil Nadu,TUTICORIN,2008,Whole Year,Dry chillies,14249,5540,0.388799214
Tamil Nadu,TUTICORIN,2008,Whole Year,Gram,23,11,0.47826087
Tamil Nadu,TUTICORIN,2008,Whole Year,Groundnut,885,1151,1.300564972
Tamil Nadu,TUTICORIN,2008,Whole Year,Horse-gram,6,3,0.5
Tamil Nadu,TUTICORIN,2008,Whole Year,Jowar,9406,18998,2.019774612
Tamil Nadu,TUTICORIN,2008,Whole Year,Maize,12650,57210,4.522529644
Tamil Nadu,TUTICORIN,2008,Whole Year,Moong(Green Gram),28736,8825,0.307106069
Tamil Nadu,TUTICORIN,2008,Whole Year,Onion,1075,4726,4.39627907
Tamil Nadu,TUTICORIN,2008,Whole Year,Ragi,247,497,2.012145749
Tamil Nadu,TUTICORIN,2008,Whole Year,Sesamum,2174,814,0.374425023
Tamil Nadu,TUTICORIN,2008,Whole Year,Small millets,655,374,0.570992366
Tamil Nadu,TUTICORIN,2008,Whole Year,Sugarcane,253,26872,106.2134387
Tamil Nadu,TUTICORIN,2008,Whole Year,Sunflower,2078,874,0.420596728
Tamil Nadu,TUTICORIN,2008,Whole Year,Sweet potato,6,80,13.33333333
Tamil Nadu,TUTICORIN,2008,Whole Year,Tapioca,6,219,36.5
Tamil Nadu,TUTICORIN,2008,Whole Year,Turmeric,2,12,6
Tamil Nadu,TUTICORIN,2008,Whole Year,Urad,30351,12988,0.427926592
Tamil Nadu,TUTICORIN,2009,Kharif,Rice,19549,96675,4.945265742
Tamil Nadu,TUTICORIN,2009,Kharif,Small millets,641,369,0.575663027
Tamil Nadu,TUTICORIN,2009,Whole Year,Arhar/Tur,98,32,0.326530612
Tamil Nadu,TUTICORIN,2009,Whole Year,Bajra,12640,22174,1.754272152
Tamil Nadu,TUTICORIN,2009,Whole Year,Banana,9760,565224,57.91229508
Tamil Nadu,TUTICORIN,2009,Whole Year,Cashewnut,713,357,0.500701262
Tamil Nadu,TUTICORIN,2009,Whole Year,Castor seed,197,58,0.294416244
Tamil Nadu,TUTICORIN,2009,Whole Year,Coconut,5910,52400,8.866328257
Tamil Nadu,TUTICORIN,2009,Whole Year,Coriander,5599,2252,0.402214681
Tamil Nadu,TUTICORIN,2009,Whole Year,Cotton(lint),3766,3770,1.001062135
Tamil Nadu,TUTICORIN,2009,Whole Year,Dry chillies,14177,7935,0.559709388
Tamil Nadu,TUTICORIN,2009,Whole Year,Gram,53,26,0.490566038
Tamil Nadu,TUTICORIN,2009,Whole Year,Groundnut,645,896,1.389147287
Tamil Nadu,TUTICORIN,2009,Whole Year,Horse-gram,1,,
Tamil Nadu,TUTICORIN,2009,Whole Year,Jowar,8782,21263,2.42120246
Tamil Nadu,TUTICORIN,2009,Whole Year,Maize,13321,43151,3.239321372
Tamil Nadu,TUTICORIN,2009,Whole Year,Moong(Green Gram),28366,9046,0.318902912
Tamil Nadu,TUTICORIN,2009,Whole Year,Onion,1432,6891,4.812150838
Tamil Nadu,TUTICORIN,2009,Whole Year,Ragi,122,263,2.155737705
Tamil Nadu,TUTICORIN,2009,Whole Year,Sesamum,1684,676,0.401425178
Tamil Nadu,TUTICORIN,2009,Whole Year,Sugarcane,428,43421,101.4509346
Tamil Nadu,TUTICORIN,2009,Whole Year,Sunflower,1938,1212,0.625386997
Tamil Nadu,TUTICORIN,2009,Whole Year,Sweet potato,4,59,14.75
Tamil Nadu,TUTICORIN,2009,Whole Year,Tapioca,8,276,34.5
Tamil Nadu,TUTICORIN,2009,Whole Year,Turmeric,1,5,5
Tamil Nadu,TUTICORIN,2009,Whole Year,Urad,30473,8393,0.275424146
Tamil Nadu,TUTICORIN,2010,Kharif,Arhar/Tur,35,23,0.657142857
Tamil Nadu,TUTICORIN,2010,Kharif,Castor seed,75,48,0.64
Tamil Nadu,TUTICORIN,2010,Kharif,Cotton(lint),3230,10847,3.358204334
Tamil Nadu,TUTICORIN,2010,Kharif,Groundnut,517,1151,2.226305609
Tamil Nadu,TUTICORIN,2010,Kharif,Horse-gram,1,,
Tamil Nadu,TUTICORIN,2010,Kharif,Maize,17495,61816,3.533352386
Tamil Nadu,TUTICORIN,2010,Kharif,Moong(Green Gram),35410,6269,0.177040384
Tamil Nadu,TUTICORIN,2010,Kharif,Ragi,109,39,0.357798165
Tamil Nadu,TUTICORIN,2010,Kharif,Rice,20007,89442,4.470535313
Tamil Nadu,TUTICORIN,2010,Kharif,Sunflower,1254,614,0.489633174
Tamil Nadu,TUTICORIN,2010,Kharif,Urad,37923,6540,0.172454711
Tamil Nadu,TUTICORIN,2010,Rabi,Gram,27,13,0.481481481
Tamil Nadu,TUTICORIN,2010,Whole Year,Sugarcane,562,60924,108.405694
Tamil Nadu,TUTICORIN,2011,Kharif,Bajra,2,4,2
Tamil Nadu,TUTICORIN,2011,Kharif,Cotton(lint),197,562,2.852791878
Tamil Nadu,TUTICORIN,2011,Kharif,Groundnut,266,586,2.203007519
Tamil Nadu,TUTICORIN,2011,Kharif,Maize,76,433,5.697368421
Tamil Nadu,TUTICORIN,2011,Kharif,Rice,17678,85771,4.851849757
Tamil Nadu,TUTICORIN,2011,Rabi,Bajra,7982,26042,3.262590829
Tamil Nadu,TUTICORIN,2011,Rabi,Cotton(lint),3413,8466,2.480515675
Tamil Nadu,TUTICORIN,2011,Rabi,Groundnut,242,908,3.752066116
Tamil Nadu,TUTICORIN,2011,Rabi,Jowar,8231,17833,2.166565423
Tamil Nadu,TUTICORIN,2011,Rabi,Maize,18687,109468,5.857976133
Tamil Nadu,TUTICORIN,2011,Rabi,Ragi,14,24,1.714285714
Tamil Nadu,TUTICORIN,2011,Whole Year,Arhar/Tur,3,3,1
Tamil Nadu,TUTICORIN,2011,Whole Year,Banana,9586,621672,64.85207594
Tamil Nadu,TUTICORIN,2011,Whole Year,Cashewnut,733,193,0.263301501
Tamil Nadu,TUTICORIN,2011,Whole Year,Castor seed,79,22,0.278481013
Tamil Nadu,TUTICORIN,2011,Whole Year,Coconut,5717,47300000,8273.570054
Tamil Nadu,TUTICORIN,2011,Whole Year,Coriander,3975,1545,0.388679245
Tamil Nadu,TUTICORIN,2011,Whole Year,Dry chillies,14120,3582,0.25368272
Tamil Nadu,TUTICORIN,2011,Whole Year,Gram,16,9,0.5625
Tamil Nadu,TUTICORIN,2011,Whole Year,Horse-gram,2,1,0.5
Tamil Nadu,TUTICORIN,2011,Whole Year,Moong(Green Gram),31881,23298,0.730780088
Tamil Nadu,TUTICORIN,2011,Whole Year,Onion,1786,20822,11.65845465
Tamil Nadu,TUTICORIN,2011,Whole Year,Small millets,614,346,0.563517915
Tamil Nadu,TUTICORIN,2011,Whole Year,Sugarcane,581,65380,112.5301205
Tamil Nadu,TUTICORIN,2011,Whole Year,Sunflower,1329,1932,1.453724605
Tamil Nadu,TUTICORIN,2011,Whole Year,Sweet potato,7,144,20.57142857
Tamil Nadu,TUTICORIN,2011,Whole Year,Tapioca,23,866,37.65217391
Tamil Nadu,TUTICORIN,2011,Whole Year,Turmeric,2,11,5.5
Tamil Nadu,TUTICORIN,2011,Whole Year,Urad,33447,22057,0.659461237
Tamil Nadu,TUTICORIN,2012,Kharif,Arhar/Tur,173,136,0.786127168
Tamil Nadu,TUTICORIN,2012,Kharif,Castor seed,154,,
Tamil Nadu,TUTICORIN,2012,Kharif,Cotton(lint),3751,3775,1.006398294
Tamil Nadu,TUTICORIN,2012,Kharif,Groundnut,512,1332,2.6015625
Tamil Nadu,TUTICORIN,2012,Kharif,Horse-gram,3,1,0.333333333
Tamil Nadu,TUTICORIN,2012,Kharif,Maize,29215,29999,1.02683553
Tamil Nadu,TUTICORIN,2012,Kharif,Moong(Green Gram),30073,4725,0.15711768
Tamil Nadu,TUTICORIN,2012,Kharif,Ragi,18,47,2.611111111
Tamil Nadu,TUTICORIN,2012,Kharif,Rice,6234,24375,3.910009625
Tamil Nadu,TUTICORIN,2012,Kharif,Sunflower,2108,393,0.186432638
Tamil Nadu,TUTICORIN,2012,Kharif,Urad,29630,4865,0.164191698
Tamil Nadu,TUTICORIN,2012,Rabi,Gram,12,6,0.5
Tamil Nadu,TUTICORIN,2012,Whole Year,Sugarcane,457,44619,97.6345733
Tamil Nadu,TUTICORIN,2013,Kharif,Castor seed,13,3,0.230769231
Tamil Nadu,TUTICORIN,2013,Kharif,Cotton(lint),22,63,2.863636364
Tamil Nadu,TUTICORIN,2013,Kharif,Groundnut,230,509,2.213043478
Tamil Nadu,TUTICORIN,2013,Kharif,Maize,26,,
Tamil Nadu,TUTICORIN,2013,Kharif,Moong(Green Gram),24,14,0.583333333
Tamil Nadu,TUTICORIN,2013,Kharif,Onion,2,23,11.5
Tamil Nadu,TUTICORIN,2013,Kharif,Rice,11730,55451,4.727280477
Tamil Nadu,TUTICORIN,2013,Kharif,Urad,5,4,0.8
Tamil Nadu,TUTICORIN,2013,Rabi,Bajra,12847,19936,1.551801977
Tamil Nadu,TUTICORIN,2013,Rabi,Cotton(lint),4504,7701,1.709813499
Tamil Nadu,TUTICORIN,2013,Rabi,Groundnut,287,1041,3.6271777
Tamil Nadu,TUTICORIN,2013,Rabi,Horse-gram,4,3,0.75
Tamil Nadu,TUTICORIN,2013,Rabi,Jowar,15886,21144,1.330983256
Tamil Nadu,TUTICORIN,2013,Rabi,Maize,37511,78036,2.080349764
Tamil Nadu,TUTICORIN,2013,Rabi,Moong(Green Gram),30140,6017,0.199635036
Tamil Nadu,TUTICORIN,2013,Rabi,Onion,1079,2096,1.942539388
Tamil Nadu,TUTICORIN,2013,Rabi,Ragi,181,718,3.966850829
Tamil Nadu,TUTICORIN,2013,Rabi,Sunflower,2502,1525,0.60951239
Tamil Nadu,TUTICORIN,2013,Rabi,Urad,25824,4354,0.16860285
Tamil Nadu,TUTICORIN,2013,Whole Year,Arhar/Tur,132,128,0.96969697
Tamil Nadu,TUTICORIN,2013,Whole Year,Banana,9142,403882,44.17873551
Tamil Nadu,TUTICORIN,2013,Whole Year,Cashewnut,722,206,0.28531856
Tamil Nadu,TUTICORIN,2013,Whole Year,Coconut,5848,55800000,9541.723666
Tamil Nadu,TUTICORIN,2013,Whole Year,Coriander,2237,159,0.071077336
Tamil Nadu,TUTICORIN,2013,Whole Year,Dry chillies,9951,906,0.091046126
Tamil Nadu,TUTICORIN,2013,Whole Year,Gram,15,10,0.666666667
Tamil Nadu,TUTICORIN,2013,Whole Year,Small millets,597,339,0.567839196
Tamil Nadu,TUTICORIN,2013,Whole Year,Sugarcane,204,21129,103.5735294
Tamil Nadu,TUTICORIN,2013,Whole Year,Sweet potato,4,84,21
Tamil Nadu,TUTICORIN,2013,Whole Year,Tapioca,18,539,29.94444444
Tamil Nadu,TUTICORIN,2013,Whole Year,Turmeric,4,15,3.75
Tamil Nadu,VELLORE,1997,Kharif,Banana,4121,137719,33.41883038
Tamil Nadu,VELLORE,1997,Kharif,Horse-gram,3234,850,0.262832406
Tamil Nadu,VELLORE,1997,Kharif,Onion,17,137,8.058823529
Tamil Nadu,VELLORE,1997,Kharif,Sesamum,666,450,0.675675676
Tamil Nadu,VELLORE,1997,Kharif,Small millets,4649,4080,0.877608088
Tamil Nadu,VELLORE,1997,Whole Year,Arhar/Tur,9822,3930,0.400122175
Tamil Nadu,VELLORE,1997,Whole Year,Bajra,1511,2080,1.376571807
Tamil Nadu,VELLORE,1997,Whole Year,Banana,8661,309930,35.78455144
Tamil Nadu,VELLORE,1997,Whole Year,Cashewnut,22,20,0.909090909
Tamil Nadu,VELLORE,1997,Whole Year,Castor seed,198,70,0.353535354
Tamil Nadu,VELLORE,1997,Whole Year,Coriander,37,10,0.27027027
Tamil Nadu,VELLORE,1997,Whole Year,Cotton(lint),10385,12640,1.217140106
Tamil Nadu,VELLORE,1997,Whole Year,Dry chillies,405,180,0.444444444
Tamil Nadu,VELLORE,1997,Whole Year,Gram,53,20,0.377358491
Tamil Nadu,VELLORE,1997,Whole Year,Groundnut,62236,109770,1.763770165
Tamil Nadu,VELLORE,1997,Whole Year,Jowar,8963,8030,0.895905389
Tamil Nadu,VELLORE,1997,Whole Year,Maize,242,400,1.652892562
Tamil Nadu,VELLORE,1997,Whole Year,Moong(Green Gram),452,160,0.353982301
Tamil Nadu,VELLORE,1997,Whole Year,Onion,93,710,7.634408602
Tamil Nadu,VELLORE,1997,Whole Year,Pulses total,15858,5600,0.353134065
Tamil Nadu,VELLORE,1997,Whole Year,Ragi,5956,12360,2.075218267
Tamil Nadu,VELLORE,1997,Whole Year,Rapeseed &Mustard,23,10,0.434782609
Tamil Nadu,VELLORE,1997,Whole Year,Rice,71607,236910,3.308475428
Tamil Nadu,VELLORE,1997,Whole Year,Small millets,1710,110,0.064327485
Tamil Nadu,VELLORE,1997,Whole Year,Sugarcane,29072,22069000,759.1152999
Tamil Nadu,VELLORE,1997,Whole Year,Sunflower,254,230,0.905511811
Tamil Nadu,VELLORE,1997,Whole Year,Sweet potato,11,160,14.54545455
Tamil Nadu,VELLORE,1997,Whole Year,Tapioca,46,1730,37.60869565
Tamil Nadu,VELLORE,1997,Whole Year,Total foodgrain,108786,269460,2.47697314
Tamil Nadu,VELLORE,1997,Whole Year,Turmeric,331,2010,6.072507553
Tamil Nadu,VELLORE,1997,Whole Year,Urad,727,340,0.467675378
Tamil Nadu,VELLORE,1998,Kharif,Arhar/Tur,19504,18568,0.952009844
Tamil Nadu,VELLORE,1998,Kharif,Bajra,4077,7273,1.783909738
Tamil Nadu,VELLORE,1998,Kharif,Cotton(lint),7210,7812,1.083495146
Tamil Nadu,VELLORE,1998,Kharif,Groundnut,81520,155776,1.910893032
Tamil Nadu,VELLORE,1998,Kharif,Horse-gram,4646,2328,0.501076195
Tamil Nadu,VELLORE,1998,Kharif,Jowar,13613,25552,1.87702931
Tamil Nadu,VELLORE,1998,Kharif,Maize,820,1361,1.659756098
Tamil Nadu,VELLORE,1998,Kharif,Moong(Green Gram),5455,2602,0.476993584
Tamil Nadu,VELLORE,1998,Kharif,Pulses total,44433,28961,0.651790336
Tamil Nadu,VELLORE,1998,Kharif,Ragi,10513,31430,2.989631884
Tamil Nadu,VELLORE,1998,Kharif,Rice,77109,263941,3.422959706
Tamil Nadu,VELLORE,1998,Kharif,Sesamum,1457,938,0.643788607
Tamil Nadu,VELLORE,1998,Kharif,Sunflower,561,551,0.982174688
Tamil Nadu,VELLORE,1998,Kharif,Total foodgrain,154471,36076,0.233545455
Tamil Nadu,VELLORE,1998,Kharif,Urad,8769,4288,0.488995324
Tamil Nadu,VELLORE,1998,Whole Year,Banana,4888,174912,35.78396072
Tamil Nadu,VELLORE,1998,Whole Year,Castor seed,1505,1101,0.731561462
Tamil Nadu,VELLORE,1998,Whole Year,Coriander,42,12,0.285714286
Tamil Nadu,VELLORE,1998,Whole Year,Dry chillies,360,155,0.430555556
Tamil Nadu,VELLORE,1998,Whole Year,Onion,8,62,7.75
Tamil Nadu,VELLORE,1998,Whole Year,Sugarcane,27098,2156460,79.58004281
Tamil Nadu,VELLORE,1998,Whole Year,Sweet potato,10,169,16.9
Tamil Nadu,VELLORE,1998,Whole Year,Tapioca,31,1151,37.12903226
Tamil Nadu,VELLORE,1998,Whole Year,Turmeric,435,2647,6.085057471
Tamil Nadu,VELLORE,1999,Kharif,Arhar/Tur,13721,9242,0.673566067
Tamil Nadu,VELLORE,1999,Kharif,Bajra,3675,5448,1.48244898
Tamil Nadu,VELLORE,1999,Kharif,Castor seed,738,280,0.379403794
Tamil Nadu,VELLORE,1999,Kharif,Cotton(lint),3338,4288,1.284601558
Tamil Nadu,VELLORE,1999,Kharif,Groundnut,57658,114006,1.977279822
Tamil Nadu,VELLORE,1999,Kharif,Horse-gram,4980,2095,0.420682731
Tamil Nadu,VELLORE,1999,Kharif,Jowar,10994,14028,1.27596871
Tamil Nadu,VELLORE,1999,Kharif,Korra,17,11,0.647058824
Tamil Nadu,VELLORE,1999,Kharif,Maize,872,1401,1.606651376
Tamil Nadu,VELLORE,1999,Kharif,Moong(Green Gram),3969,2155,0.542957924
Tamil Nadu,VELLORE,1999,Kharif,Ragi,12930,25017,1.934802784
Tamil Nadu,VELLORE,1999,Kharif,Rice,49868,190899,3.828086147
Tamil Nadu,VELLORE,1999,Kharif,Sesamum,1998,1238,0.61961962
Tamil Nadu,VELLORE,1999,Kharif,Sunflower,335,333,0.994029851
Tamil Nadu,VELLORE,1999,Kharif,Urad,7227,3744,0.518057285
Tamil Nadu,VELLORE,1999,Kharif,Varagu,39,34,0.871794872
Tamil Nadu,VELLORE,1999,Rabi,Samai,2788,2383,0.854734577
Tamil Nadu,VELLORE,1999,Whole Year,Banana,4121,137719,33.41883038
Tamil Nadu,VELLORE,1999,Whole Year,Coriander,22,5,0.227272727
Tamil Nadu,VELLORE,1999,Whole Year,Dry chillies,526,594,1.129277567
Tamil Nadu,VELLORE,1999,Whole Year,Guar seed,30528,244229,8.000163784
Tamil Nadu,VELLORE,1999,Whole Year,Onion,17,137,8.058823529
Tamil Nadu,VELLORE,1999,Whole Year,Sugarcane,30528,2660060,87.1350891
Tamil Nadu,VELLORE,1999,Whole Year,Tapioca,4,142,35.5
Tamil Nadu,VELLORE,1999,Whole Year,Turmeric,539,3040,5.640074212
Tamil Nadu,VELLORE,2000,Kharif,Arhar/Tur,13948,9395,0.673573272
Tamil Nadu,VELLORE,2000,Kharif,Bajra,3662,6654,1.817039869
Tamil Nadu,VELLORE,2000,Kharif,Castor seed,855,324,0.378947368
Tamil Nadu,VELLORE,2000,Kharif,Cotton(lint),4965,5906,1.189526687
Tamil Nadu,VELLORE,2000,Kharif,Groundnut,57290,113913,1.988357479
Tamil Nadu,VELLORE,2000,Kharif,Horse-gram,5509,2172,0.394263932
Tamil Nadu,VELLORE,2000,Kharif,Jowar,10344,11294,1.091840681
Tamil Nadu,VELLORE,2000,Kharif,Maize,740,1189,1.606756757
Tamil Nadu,VELLORE,2000,Kharif,Moong(Green Gram),4087,1909,0.467090776
Tamil Nadu,VELLORE,2000,Kharif,Other Cereals & Millets,2835,2427,0.856084656
Tamil Nadu,VELLORE,2000,Kharif,Other Kharif pulses,4027,781,0.193940899
Tamil Nadu,VELLORE,2000,Kharif,Ragi,11986,22854,1.906724512
Tamil Nadu,VELLORE,2000,Kharif,Rice,52332,163141,3.117423374
Tamil Nadu,VELLORE,2000,Kharif,Sesamum,1433,915,0.638520586
Tamil Nadu,VELLORE,2000,Kharif,Sunflower,10,10,1
Tamil Nadu,VELLORE,2000,Kharif,Urad,8323,4311,0.517962273
Tamil Nadu,VELLORE,2000,Rabi,Gram,3,1,0.333333333
Tamil Nadu,VELLORE,2000,Whole Year,Banana,3789,126624,33.41884402
Tamil Nadu,VELLORE,2000,Whole Year,Coriander,28,7,0.25
Tamil Nadu,VELLORE,2000,Whole Year,Dry chillies,417,382,0.916067146
Tamil Nadu,VELLORE,2000,Whole Year,Onion,17,137,8.058823529
Tamil Nadu,VELLORE,2000,Whole Year,Sugarcane,26879,2342104,87.13508687
Tamil Nadu,VELLORE,2000,Whole Year,Tapioca,9,319,35.44444444
Tamil Nadu,VELLORE,2000,Whole Year,Turmeric,445,2510,5.640449438
Tamil Nadu,VELLORE,2001,Kharif,Arhar/Tur,15456,9590,0.620471014
Tamil Nadu,VELLORE,2001,Kharif,Bajra,3432,5000,1.456876457
Tamil Nadu,VELLORE,2001,Kharif,Cotton(lint),6779,6380,0.941141761
Tamil Nadu,VELLORE,2001,Kharif,Groundnut,57373,101310,1.765813187
Tamil Nadu,VELLORE,2001,Kharif,Jowar,10488,15400,1.468344775
Tamil Nadu,VELLORE,2001,Kharif,Moong(Green Gram),4003,1660,0.414688983
Tamil Nadu,VELLORE,2001,Kharif,Ragi,10286,29000,2.819366129
Tamil Nadu,VELLORE,2001,Kharif,Rice,60113,234130,3.894831401
Tamil Nadu,VELLORE,2001,Kharif,Sesamum,1195,1010,0.845188285
Tamil Nadu,VELLORE,2001,Kharif,Sunflower,15,20,1.333333333
Tamil Nadu,VELLORE,2001,Kharif,Urad,7206,4970,0.689703025
Tamil Nadu,VELLORE,2001,Whole Year,Sugarcane,28682,1401600,48.86688515
Tamil Nadu,VELLORE,2002,Kharif,Arhar/Tur,11119,6438,0.579008904
Tamil Nadu,VELLORE,2002,Kharif,Bajra,3453,3126,0.905299739
Tamil Nadu,VELLORE,2002,Kharif,Castor seed,787,293,0.372299873
Tamil Nadu,VELLORE,2002,Kharif,Cotton(lint),389,446,1.146529563
Tamil Nadu,VELLORE,2002,Kharif,Groundnut,45984,53653,1.1667754
Tamil Nadu,VELLORE,2002,Kharif,Horse-gram,7996,2445,0.305777889
Tamil Nadu,VELLORE,2002,Kharif,Jowar,8335,11812,1.417156569
Tamil Nadu,VELLORE,2002,Kharif,Korra,21,15,0.714285714
Tamil Nadu,VELLORE,2002,Kharif,Maize,805,1335,1.658385093
Tamil Nadu,VELLORE,2002,Kharif,Moong(Green Gram),3468,1025,0.2955594
Tamil Nadu,VELLORE,2002,Kharif,Other Kharif pulses,5152,995,0.193128882
Tamil Nadu,VELLORE,2002,Kharif,Ragi,5573,15596,2.798492733
Tamil Nadu,VELLORE,2002,Kharif,Rice,26287,89863,3.418533876
Tamil Nadu,VELLORE,2002,Kharif,Samai,2369,946,0.39932461
Tamil Nadu,VELLORE,2002,Kharif,Sesamum,1629,811,0.497851443
Tamil Nadu,VELLORE,2002,Kharif,Sunflower,30,35,1.166666667
Tamil Nadu,VELLORE,2002,Kharif,Urad,5609,2036,0.362988055
Tamil Nadu,VELLORE,2002,Kharif,Varagu,10,11,1.1
Tamil Nadu,VELLORE,2002,Whole Year,Ash Gourd,3,0,0
Tamil Nadu,VELLORE,2002,Whole Year,Banana,2051,75791,36.95319356
Tamil Nadu,VELLORE,2002,Whole Year,Beans & Mutter(Vegetable),26,0,0
Tamil Nadu,VELLORE,2002,Whole Year,Bhindi,308,1765,5.730519481
Tamil Nadu,VELLORE,2002,Whole Year,Bitter Gourd,58,0,0
Tamil Nadu,VELLORE,2002,Whole Year,Brinjal,571,3745,6.558669002
Tamil Nadu,VELLORE,2002,Whole Year,Cabbage,2,117,58.5
Tamil Nadu,VELLORE,2002,Whole Year,Cashewnut,29,9,0.310344828
Tamil Nadu,VELLORE,2002,Whole Year,Citrus Fruit,52,58,1.115384615
Tamil Nadu,VELLORE,2002,Whole Year,Coconut,18690,171300,9.165329053
Tamil Nadu,VELLORE,2002,Whole Year,Coriander,108,20,0.185185185
Tamil Nadu,VELLORE,2002,Whole Year,Drum Stick,70,0,0
Tamil Nadu,VELLORE,2002,Whole Year,Dry chillies,385,228,0.592207792
Tamil Nadu,VELLORE,2002,Whole Year,Grapes,36,525,14.58333333
Tamil Nadu,VELLORE,2002,Whole Year,Jack Fruit,17,192,11.29411765
Tamil Nadu,VELLORE,2002,Whole Year,Lab-Lab,17,0,0
Tamil Nadu,VELLORE,2002,Whole Year,Litchi,1,0,0
Tamil Nadu,VELLORE,2002,Whole Year,Mango,12403,32758,2.641135209
Tamil Nadu,VELLORE,2002,Whole Year,Onion,39,330,8.461538462
Tamil Nadu,VELLORE,2002,Whole Year,Orange,17,26,1.529411765
Tamil Nadu,VELLORE,2002,Whole Year,Other Citrus Fruit,4,0,0
Tamil Nadu,VELLORE,2002,Whole Year,Other Fresh Fruits,227,0,0
Tamil Nadu,VELLORE,2002,Whole Year,Other Vegetables,244,0,0
Tamil Nadu,VELLORE,2002,Whole Year,Papaya,1,0,0
Tamil Nadu,VELLORE,2002,Whole Year,Pineapple,1,31,31
Tamil Nadu,VELLORE,2002,Whole Year,Pome Fruit,599,3134,5.232053422
Tamil Nadu,VELLORE,2002,Whole Year,Pome Granet,19,0,0
Tamil Nadu,VELLORE,2002,Whole Year,Pump Kin,32,0,0
Tamil Nadu,VELLORE,2002,Whole Year,Redish,14,0,0
Tamil Nadu,VELLORE,2002,Whole Year,Ribed Guard,5,0,0
Tamil Nadu,VELLORE,2002,Whole Year,Snak Guard,8,0,0
Tamil Nadu,VELLORE,2002,Whole Year,Sugarcane,14397,1134480,78.79974995
Tamil Nadu,VELLORE,2002,Whole Year,Sweet potato,4,55,13.75
Tamil Nadu,VELLORE,2002,Whole Year,Tapioca,98,3096,31.59183673
Tamil Nadu,VELLORE,2002,Whole Year,Tobacco,116,146,1.25862069
Tamil Nadu,VELLORE,2002,Whole Year,Tomato,699,4115,5.886981402
Tamil Nadu,VELLORE,2002,Whole Year,Turmeric,426,1588,3.727699531
Tamil Nadu,VELLORE,2002,Whole Year,Water Melon,6,0,0
Tamil Nadu,VELLORE,2002,Whole Year,Yam,94,0,0
Tamil Nadu,VELLORE,2003,Kharif,Arhar/Tur,15268,9814,0.64278229
Tamil Nadu,VELLORE,2003,Kharif,Bajra,3437,3487,1.014547571
Tamil Nadu,VELLORE,2003,Kharif,Castor seed,1221,459,0.375921376
Tamil Nadu,VELLORE,2003,Kharif,Cotton(lint),1124,3174,2.823843416
Tamil Nadu,VELLORE,2003,Kharif,Groundnut,56036,70859,1.264526376
Tamil Nadu,VELLORE,2003,Kharif,Horse-gram,5607,1331,0.237381844
Tamil Nadu,VELLORE,2003,Kharif,Jowar,12492,13434,1.075408261
Tamil Nadu,VELLORE,2003,Kharif,Korra,505,365,0.722772277
Tamil Nadu,VELLORE,2003,Kharif,Maize,670,1112,1.659701493
Tamil Nadu,VELLORE,2003,Kharif,Moong(Green Gram),4271,703,0.164598455
Tamil Nadu,VELLORE,2003,Kharif,Other Kharif pulses,7386,1430,0.193609532
Tamil Nadu,VELLORE,2003,Kharif,Ragi,9676,25343,2.61916081
Tamil Nadu,VELLORE,2003,Kharif,Rice,30909,108171,3.499660293
Tamil Nadu,VELLORE,2003,Kharif,Sesamum,1164,486,0.417525773
Tamil Nadu,VELLORE,2003,Kharif,Small millets,6020,3490,0.579734219
Tamil Nadu,VELLORE,2003,Kharif,Sunflower,28,36,1.285714286
Tamil Nadu,VELLORE,2003,Kharif,Urad,7177,1480,0.206214296
Tamil Nadu,VELLORE,2003,Kharif,Varagu,328,418,1.274390244
Tamil Nadu,VELLORE,2003,Rabi,Gram,6,2,0.333333333
Tamil Nadu,VELLORE,2003,Rabi,Rapeseed &Mustard,1,1,1
Tamil Nadu,VELLORE,2003,Whole Year,Ash Gourd,4,0,0
Tamil Nadu,VELLORE,2003,Whole Year,Banana,2049,72483,35.37481698
Tamil Nadu,VELLORE,2003,Whole Year,Beans & Mutter(Vegetable),83,0,0
Tamil Nadu,VELLORE,2003,Whole Year,Bhindi,568,3016,5.309859155
Tamil Nadu,VELLORE,2003,Whole Year,Bitter Gourd,30,0,0
Tamil Nadu,VELLORE,2003,Whole Year,Brinjal,1465,17679,12.06757679
Tamil Nadu,VELLORE,2003,Whole Year,Cabbage,1,64,64
Tamil Nadu,VELLORE,2003,Whole Year,Cashewnut,37,13,0.351351351
Tamil Nadu,VELLORE,2003,Whole Year,Citrus Fruit,72,75,1.041666667
Tamil Nadu,VELLORE,2003,Whole Year,Coconut,21805,106800,4.897959184
Tamil Nadu,VELLORE,2003,Whole Year,Coriander,68,20,0.294117647
Tamil Nadu,VELLORE,2003,Whole Year,Cucumber,2,0,0
Tamil Nadu,VELLORE,2003,Whole Year,Drum Stick,96,0,0
Tamil Nadu,VELLORE,2003,Whole Year,Dry chillies,495,264,0.533333333
Tamil Nadu,VELLORE,2003,Whole Year,Garlic,34,169,4.970588235
Tamil Nadu,VELLORE,2003,Whole Year,Grapes,33,796,24.12121212
Tamil Nadu,VELLORE,2003,Whole Year,Jack Fruit,19,184,9.684210526
Tamil Nadu,VELLORE,2003,Whole Year,Lab-Lab,18,0,0
Tamil Nadu,VELLORE,2003,Whole Year,Litchi,1,0,0
Tamil Nadu,VELLORE,2003,Whole Year,Mango,12553,96174,7.661435513
Tamil Nadu,VELLORE,2003,Whole Year,Onion,69,621,9
Tamil Nadu,VELLORE,2003,Whole Year,Orange,18,35,1.944444444
Tamil Nadu,VELLORE,2003,Whole Year,Other Citrus Fruit,20,0,0
Tamil Nadu,VELLORE,2003,Whole Year,Other Fresh Fruits,467,0,0
Tamil Nadu,VELLORE,2003,Whole Year,Other Vegetables,439,0,0
Tamil Nadu,VELLORE,2003,Whole Year,Papaya,7,0,0
Tamil Nadu,VELLORE,2003,Whole Year,Pineapple,1,31,31
Tamil Nadu,VELLORE,2003,Whole Year,Pome Fruit,771,5413,7.02075227
Tamil Nadu,VELLORE,2003,Whole Year,Pome Granet,19,0,0
Tamil Nadu,VELLORE,2003,Whole Year,Pump Kin,23,0,0
Tamil Nadu,VELLORE,2003,Whole Year,Redish,21,0,0
Tamil Nadu,VELLORE,2003,Whole Year,Ribed Guard,27,0,0
Tamil Nadu,VELLORE,2003,Whole Year,Snak Guard,13,0,0
Tamil Nadu,VELLORE,2003,Whole Year,Sugarcane,12772,1051915,82.36102412
Tamil Nadu,VELLORE,2003,Whole Year,Sweet potato,9,130,14.44444444
Tamil Nadu,VELLORE,2003,Whole Year,Tapioca,121,4077,33.69421488
Tamil Nadu,VELLORE,2003,Whole Year,Tomato,1254,8372,6.676236045
Tamil Nadu,VELLORE,2003,Whole Year,Turmeric,196,814,4.153061224
Tamil Nadu,VELLORE,2003,Whole Year,Water Melon,17,0,0
Tamil Nadu,VELLORE,2003,Whole Year,Yam,33,0,0
Tamil Nadu,VELLORE,2004,Kharif,Arhar/Tur,13774,10407,0.755553942
Tamil Nadu,VELLORE,2004,Kharif,Bajra,4517,4927,1.090768209
Tamil Nadu,VELLORE,2004,Kharif,Castor seed,562,211,0.37544484
Tamil Nadu,VELLORE,2004,Kharif,Cotton(lint),1885,5114,2.712997347
Tamil Nadu,VELLORE,2004,Kharif,Groundnut,55781,72625,1.301966619
Tamil Nadu,VELLORE,2004,Kharif,Horse-gram,5189,1613,0.310849875
Tamil Nadu,VELLORE,2004,Kharif,Jowar,12464,16335,1.310574454
Tamil Nadu,VELLORE,2004,Kharif,Maize,1040,1726,1.659615385
Tamil Nadu,VELLORE,2004,Kharif,Moong(Green Gram),2210,729,0.329864253
Tamil Nadu,VELLORE,2004,Kharif,Other Kharif pulses,4285,829,0.193465578
Tamil Nadu,VELLORE,2004,Kharif,Ragi,4263,8820,2.068965517
Tamil Nadu,VELLORE,2004,Kharif,Rice,29399,90145,3.066260757
Tamil Nadu,VELLORE,2004,Kharif,Sesamum,1569,983,0.626513703
Tamil Nadu,VELLORE,2004,Kharif,Small millets,4757,2577,0.54172798
Tamil Nadu,VELLORE,2004,Kharif,Sunflower,79,84,1.063291139
Tamil Nadu,VELLORE,2004,Kharif,Urad,4380,1482,0.338356164
Tamil Nadu,VELLORE,2004,Rabi,Gram,2,1,0.5
Tamil Nadu,VELLORE,2004,Whole Year,Banana,2754,116982,42.47712418
Tamil Nadu,VELLORE,2004,Whole Year,Cashewnut,45,16,0.355555556
Tamil Nadu,VELLORE,2004,Whole Year,Coconut,20928,192400,9.193425076
Tamil Nadu,VELLORE,2004,Whole Year,Coriander,111,48,0.432432432
Tamil Nadu,VELLORE,2004,Whole Year,Dry chillies,665,443,0.666165414
Tamil Nadu,VELLORE,2004,Whole Year,Onion,32,310,9.6875
Tamil Nadu,VELLORE,2004,Whole Year,Sugarcane,12325,1000691,81.19196755
Tamil Nadu,VELLORE,2004,Whole Year,Sweet potato,8,121,15.125
Tamil Nadu,VELLORE,2004,Whole Year,Tapioca,58,2394,41.27586207
Tamil Nadu,VELLORE,2004,Whole Year,Turmeric,657,3600,5.479452055
Tamil Nadu,VELLORE,2005,Kharif,Arhar/Tur,12321,4509,0.365960555
Tamil Nadu,VELLORE,2005,Kharif,Bajra,2884,3115,1.080097087
Tamil Nadu,VELLORE,2005,Kharif,Castor seed,257,96,0.373540856
Tamil Nadu,VELLORE,2005,Kharif,Cotton(lint),7013,9585,1.366747469
Tamil Nadu,VELLORE,2005,Kharif,Groundnut,59842,87327,1.459292804
Tamil Nadu,VELLORE,2005,Kharif,Horse-gram,3730,1263,0.338605898
Tamil Nadu,VELLORE,2005,Kharif,Jowar,10462,12713,1.215159625
Tamil Nadu,VELLORE,2005,Kharif,Maize,273,,
Tamil Nadu,VELLORE,2005,Kharif,Moong(Green Gram),763,197,0.25819135
Tamil Nadu,VELLORE,2005,Kharif,Niger seed,90,,
Tamil Nadu,VELLORE,2005,Kharif,Other Kharif pulses,1927,963,0.499740529
Tamil Nadu,VELLORE,2005,Kharif,Ragi,6842,12380,1.809412452
Tamil Nadu,VELLORE,2005,Kharif,Rice,58163,167451,2.878995238
Tamil Nadu,VELLORE,2005,Kharif,Sannhamp,6,,
Tamil Nadu,VELLORE,2005,Kharif,Sesamum,794,276,0.347607053
Tamil Nadu,VELLORE,2005,Kharif,Small millets,3616,2029,0.561117257
Tamil Nadu,VELLORE,2005,Kharif,Soyabean,11,,
Tamil Nadu,VELLORE,2005,Kharif,Sunflower,89,110,1.235955056
Tamil Nadu,VELLORE,2005,Kharif,Urad,1346,368,0.273402675
Tamil Nadu,VELLORE,2005,Rabi,Gram,1,,
Tamil Nadu,VELLORE,2005,Rabi,Rapeseed &Mustard,8,2,0.25
Tamil Nadu,VELLORE,2005,Whole Year,Arecanut,3,3,1
Tamil Nadu,VELLORE,2005,Whole Year,Banana,4926,241888,49.1043443
Tamil Nadu,VELLORE,2005,Whole Year,Black pepper,1,,
Tamil Nadu,VELLORE,2005,Whole Year,Cashewnut,23,9,0.391304348
Tamil Nadu,VELLORE,2005,Whole Year,Coconut,23098,2765,0.119707334
Tamil Nadu,VELLORE,2005,Whole Year,Coriander,37,11,0.297297297
Tamil Nadu,VELLORE,2005,Whole Year,Dry chillies,330,214,0.648484848
Tamil Nadu,VELLORE,2005,Whole Year,Onion,36,289,8.027777778
Tamil Nadu,VELLORE,2005,Whole Year,Potato,1,15,15
Tamil Nadu,VELLORE,2005,Whole Year,Sugarcane,17202,1410960,82.02302058
Tamil Nadu,VELLORE,2005,Whole Year,Sweet potato,7,146,20.85714286
Tamil Nadu,VELLORE,2005,Whole Year,Tapioca,114,4356,38.21052632
Tamil Nadu,VELLORE,2005,Whole Year,Turmeric,718,3963,5.519498607
Tamil Nadu,VELLORE,2006,Kharif,Rice,41687,129193,3.09911963
Tamil Nadu,VELLORE,2006,Kharif,Small millets,3478,2213,0.636285221
Tamil Nadu,VELLORE,2006,Rabi,Wheat,4,,
Tamil Nadu,VELLORE,2006,Whole Year,Arecanut,15,21,1.4
Tamil Nadu,VELLORE,2006,Whole Year,Arhar/Tur,9828,6773,0.689153439
Tamil Nadu,VELLORE,2006,Whole Year,Bajra,2330,2664,1.143347639
Tamil Nadu,VELLORE,2006,Whole Year,Banana,6712,359657,53.58417759
Tamil Nadu,VELLORE,2006,Whole Year,Black pepper,1,,
Tamil Nadu,VELLORE,2006,Whole Year,Cardamom,2,,
Tamil Nadu,VELLORE,2006,Whole Year,Cashewnut,24,11,0.458333333
Tamil Nadu,VELLORE,2006,Whole Year,Castor seed,200,75,0.375
Tamil Nadu,VELLORE,2006,Whole Year,Coconut,22569,2654,0.117594931
Tamil Nadu,VELLORE,2006,Whole Year,Coriander,65,21,0.323076923
Tamil Nadu,VELLORE,2006,Whole Year,Cotton(lint),5765,15143,2.626712923
Tamil Nadu,VELLORE,2006,Whole Year,Dry chillies,396,275,0.694444444
Tamil Nadu,VELLORE,2006,Whole Year,Gram,47,19,0.404255319
Tamil Nadu,VELLORE,2006,Whole Year,Groundnut,52822,87957,1.665158457
Tamil Nadu,VELLORE,2006,Whole Year,Horse-gram,4248,2516,0.592278719
Tamil Nadu,VELLORE,2006,Whole Year,Jowar,9340,9558,1.023340471
Tamil Nadu,VELLORE,2006,Whole Year,Maize,370,1710,4.621621622
Tamil Nadu,VELLORE,2006,Whole Year,Moong(Green Gram),708,172,0.242937853
Tamil Nadu,VELLORE,2006,Whole Year,Onion,54,471,8.722222222
Tamil Nadu,VELLORE,2006,Whole Year,Potato,1,15,15
Tamil Nadu,VELLORE,2006,Whole Year,Ragi,6292,13531,2.150508582
Tamil Nadu,VELLORE,2006,Whole Year,Rapeseed &Mustard,2,,
Tamil Nadu,VELLORE,2006,Whole Year,Sesamum,896,461,0.514508929
Tamil Nadu,VELLORE,2006,Whole Year,Sugarcane,22680,2185377,96.35701058
Tamil Nadu,VELLORE,2006,Whole Year,Sunflower,58,106,1.827586207
Tamil Nadu,VELLORE,2006,Whole Year,Sweet potato,10,168,16.8
Tamil Nadu,VELLORE,2006,Whole Year,Tapioca,291,11745,40.36082474
Tamil Nadu,VELLORE,2006,Whole Year,Turmeric,861,4947,5.745644599
Tamil Nadu,VELLORE,2006,Whole Year,Urad,1625,1066,0.656
Tamil Nadu,VELLORE,2007,Kharif,Rice,44326,148367,3.347177729
Tamil Nadu,VELLORE,2007,Kharif,Small millets,3468,2394,0.690311419
Tamil Nadu,VELLORE,2007,Whole Year,Arecanut,2,4,2
Tamil Nadu,VELLORE,2007,Whole Year,Arhar/Tur,8992,5551,0.617326512
Tamil Nadu,VELLORE,2007,Whole Year,Bajra,2094,3804,1.816618911
Tamil Nadu,VELLORE,2007,Whole Year,Banana,7155,572173,79.96827393
Tamil Nadu,VELLORE,2007,Whole Year,Black pepper,1,,
Tamil Nadu,VELLORE,2007,Whole Year,Cashewnut,26,15,0.576923077
Tamil Nadu,VELLORE,2007,Whole Year,Castor seed,133,50,0.37593985
Tamil Nadu,VELLORE,2007,Whole Year,Coconut,22619,2172,0.096025465
Tamil Nadu,VELLORE,2007,Whole Year,Coriander,93,36,0.387096774
Tamil Nadu,VELLORE,2007,Whole Year,Cotton(lint),6625,14510,2.190188679
Tamil Nadu,VELLORE,2007,Whole Year,Dry chillies,592,299,0.505067568
Tamil Nadu,VELLORE,2007,Whole Year,Dry ginger,1,19,19
Tamil Nadu,VELLORE,2007,Whole Year,Gram,35,14,0.4
Tamil Nadu,VELLORE,2007,Whole Year,Groundnut,54871,103454,1.885403947
Tamil Nadu,VELLORE,2007,Whole Year,Horse-gram,4788,1902,0.397243108
Tamil Nadu,VELLORE,2007,Whole Year,Jowar,8945,12032,1.345108999
Tamil Nadu,VELLORE,2007,Whole Year,Maize,511,1970,3.85518591
Tamil Nadu,VELLORE,2007,Whole Year,Moong(Green Gram),710,361,0.508450704
Tamil Nadu,VELLORE,2007,Whole Year,Onion,44,424,9.636363636
Tamil Nadu,VELLORE,2007,Whole Year,Potato,5,84,16.8
Tamil Nadu,VELLORE,2007,Whole Year,Ragi,6391,15373,2.405413863
Tamil Nadu,VELLORE,2007,Whole Year,Rapeseed &Mustard,26,6,0.230769231
Tamil Nadu,VELLORE,2007,Whole Year,Sesamum,1168,477,0.408390411
Tamil Nadu,VELLORE,2007,Whole Year,Small millets,3563,2394,0.671905697
Tamil Nadu,VELLORE,2007,Whole Year,Sugarcane,20938,1944994,92.89301748
Tamil Nadu,VELLORE,2007,Whole Year,Sunflower,275,437,1.589090909
Tamil Nadu,VELLORE,2007,Whole Year,Sweet potato,5,68,13.6
Tamil Nadu,VELLORE,2007,Whole Year,Tapioca,459,19371,42.20261438
Tamil Nadu,VELLORE,2007,Whole Year,Tobacco,1,2,2
Tamil Nadu,VELLORE,2007,Whole Year,Turmeric,760,4064,5.347368421
Tamil Nadu,VELLORE,2007,Whole Year,Urad,1489,874,0.586971122
Tamil Nadu,VELLORE,2008,Kharif,Rice,47417,171873,3.624712656
Tamil Nadu,VELLORE,2008,Kharif,Small millets,3386,2455,0.7250443
Tamil Nadu,VELLORE,2008,Whole Year,Arecanut,4,8,2
Tamil Nadu,VELLORE,2008,Whole Year,Arhar/Tur,8100,4095,0.505555556
Tamil Nadu,VELLORE,2008,Whole Year,Bajra,1917,1442,0.752217006
Tamil Nadu,VELLORE,2008,Whole Year,Banana,6918,192238,27.78808904
Tamil Nadu,VELLORE,2008,Whole Year,Black pepper,1,,
Tamil Nadu,VELLORE,2008,Whole Year,Cashewnut,26,14,0.538461538
Tamil Nadu,VELLORE,2008,Whole Year,Castor seed,221,82,0.371040724
Tamil Nadu,VELLORE,2008,Whole Year,Coconut,22416,1964000,87.61598858
Tamil Nadu,VELLORE,2008,Whole Year,Coriander,166,57,0.343373494
Tamil Nadu,VELLORE,2008,Whole Year,Cotton(lint),6689,11651,1.74181492
Tamil Nadu,VELLORE,2008,Whole Year,Dry chillies,466,235,0.504291845
Tamil Nadu,VELLORE,2008,Whole Year,Gram,119,47,0.394957983
Tamil Nadu,VELLORE,2008,Whole Year,Groundnut,51061,88330,1.729891698
Tamil Nadu,VELLORE,2008,Whole Year,Horse-gram,3933,1486,0.37782863
Tamil Nadu,VELLORE,2008,Whole Year,Jowar,7605,6123,0.805128205
Tamil Nadu,VELLORE,2008,Whole Year,Maize,465,2722,5.853763441
Tamil Nadu,VELLORE,2008,Whole Year,Moong(Green Gram),612,138,0.225490196
Tamil Nadu,VELLORE,2008,Whole Year,Onion,19,189,9.947368421
Tamil Nadu,VELLORE,2008,Whole Year,Potato,3,55,18.33333333
Tamil Nadu,VELLORE,2008,Whole Year,Ragi,6135,15257,2.486878566
Tamil Nadu,VELLORE,2008,Whole Year,Rapeseed &Mustard,7,2,0.285714286
Tamil Nadu,VELLORE,2008,Whole Year,Sesamum,515,219,0.425242718
Tamil Nadu,VELLORE,2008,Whole Year,Small millets,3393,2455,0.723548482
Tamil Nadu,VELLORE,2008,Whole Year,Sugarcane,16775,1581933,94.30301043
Tamil Nadu,VELLORE,2008,Whole Year,Sunflower,491,655,1.33401222
Tamil Nadu,VELLORE,2008,Whole Year,Sweet potato,22,292,13.27272727
Tamil Nadu,VELLORE,2008,Whole Year,Tapioca,331,12072,36.47129909
Tamil Nadu,VELLORE,2008,Whole Year,Turmeric,683,3940,5.768667643
Tamil Nadu,VELLORE,2008,Whole Year,Urad,1448,456,0.314917127
Tamil Nadu,VELLORE,2009,Kharif,Rice,39765,135834,3.415918521
Tamil Nadu,VELLORE,2009,Kharif,Small millets,3368,3277,0.972980998
Tamil Nadu,VELLORE,2009,Whole Year,Arecanut,4,8,2
Tamil Nadu,VELLORE,2009,Whole Year,Arhar/Tur,7648,5875,0.768174686
Tamil Nadu,VELLORE,2009,Whole Year,Bajra,1830,2354,1.286338798
Tamil Nadu,VELLORE,2009,Whole Year,Banana,6645,284238,42.77471783
Tamil Nadu,VELLORE,2009,Whole Year,Cardamom,4,,
Tamil Nadu,VELLORE,2009,Whole Year,Cashewnut,23,12,0.52173913
Tamil Nadu,VELLORE,2009,Whole Year,Castor seed,116,43,0.370689655
Tamil Nadu,VELLORE,2009,Whole Year,Coconut,22203,227400,10.24185921
Tamil Nadu,VELLORE,2009,Whole Year,Coriander,100,40,0.4
Tamil Nadu,VELLORE,2009,Whole Year,Cotton(lint),6928,13158,1.899249423
Tamil Nadu,VELLORE,2009,Whole Year,Dry chillies,505,270,0.534653465
Tamil Nadu,VELLORE,2009,Whole Year,Garlic,1,1,1
Tamil Nadu,VELLORE,2009,Whole Year,Gram,160,64,0.4
Tamil Nadu,VELLORE,2009,Whole Year,Groundnut,43685,84027,1.923474877
Tamil Nadu,VELLORE,2009,Whole Year,Horse-gram,4611,2164,0.469312514
Tamil Nadu,VELLORE,2009,Whole Year,Jowar,7369,6292,0.853847198
Tamil Nadu,VELLORE,2009,Whole Year,Maize,396,2528,6.383838384
Tamil Nadu,VELLORE,2009,Whole Year,Moong(Green Gram),731,353,0.482900137
Tamil Nadu,VELLORE,2009,Whole Year,Onion,20,195,9.75
Tamil Nadu,VELLORE,2009,Whole Year,Potato,6,110,18.33333333
Tamil Nadu,VELLORE,2009,Whole Year,Ragi,5491,13740,2.502276452
Tamil Nadu,VELLORE,2009,Whole Year,Rapeseed &Mustard,7,2,0.285714286
Tamil Nadu,VELLORE,2009,Whole Year,Sesamum,702,233,0.331908832
Tamil Nadu,VELLORE,2009,Whole Year,Sugarcane,14329,1094112,76.35647987
Tamil Nadu,VELLORE,2009,Whole Year,Sunflower,145,193,1.331034483
Tamil Nadu,VELLORE,2009,Whole Year,Sweet potato,17,249,14.64705882
Tamil Nadu,VELLORE,2009,Whole Year,Tapioca,375,12926,34.46933333
Tamil Nadu,VELLORE,2009,Whole Year,Tobacco,2,3,1.5
Tamil Nadu,VELLORE,2009,Whole Year,Turmeric,711,3603,5.067510549
Tamil Nadu,VELLORE,2009,Whole Year,Urad,1640,622,0.379268293
Tamil Nadu,VELLORE,2010,Kharif,Arhar/Tur,9975,4335,0.434586466
Tamil Nadu,VELLORE,2010,Kharif,Castor seed,150,61,0.406666667
Tamil Nadu,VELLORE,2010,Kharif,Cotton(lint),5713,13102,2.293366007
Tamil Nadu,VELLORE,2010,Kharif,Groundnut,43182,97821,2.265318883
Tamil Nadu,VELLORE,2010,Kharif,Horse-gram,4080,1191,0.291911765
Tamil Nadu,VELLORE,2010,Kharif,Maize,336,1593,4.741071429
Tamil Nadu,VELLORE,2010,Kharif,Moong(Green Gram),712,451,0.633426966
Tamil Nadu,VELLORE,2010,Kharif,Ragi,4595,14543,3.164961915
Tamil Nadu,VELLORE,2010,Kharif,Rice,43222,152825,3.535815094
Tamil Nadu,VELLORE,2010,Kharif,Sunflower,15,18,1.2
Tamil Nadu,VELLORE,2010,Kharif,Urad,1527,697,0.456450557
Tamil Nadu,VELLORE,2010,Rabi,Gram,410,163,0.397560976
Tamil Nadu,VELLORE,2010,Whole Year,Sugarcane,14034,1267726,90.33247827
Tamil Nadu,VELLORE,2011,Kharif,Bajra,1917,3538,1.845592071
Tamil Nadu,VELLORE,2011,Kharif,Cotton(lint),6995,13714,1.960543245
Tamil Nadu,VELLORE,2011,Kharif,Groundnut,36522,76071,2.082881551
Tamil Nadu,VELLORE,2011,Kharif,Jowar,6102,9676,1.585709603
Tamil Nadu,VELLORE,2011,Kharif,Jute,1,,
Tamil Nadu,VELLORE,2011,Kharif,Maize,559,3176,5.68157424
Tamil Nadu,VELLORE,2011,Kharif,Ragi,1883,4223,2.242697823
Tamil Nadu,VELLORE,2011,Kharif,Rice,37988,151266,3.981941666
Tamil Nadu,VELLORE,2011,Kharif,Wheat,15,,
Tamil Nadu,VELLORE,2011,Rabi,Bajra,68,199,2.926470588
Tamil Nadu,VELLORE,2011,Rabi,Cotton(lint),146,402,2.753424658
Tamil Nadu,VELLORE,2011,Rabi,Groundnut,5991,19890,3.31997997
Tamil Nadu,VELLORE,2011,Rabi,Jowar,5,8,1.6
Tamil Nadu,VELLORE,2011,Rabi,Maize,335,2228,6.650746269
Tamil Nadu,VELLORE,2011,Rabi,Ragi,3048,10452,3.429133858
Tamil Nadu,VELLORE,2011,Rabi,Rapeseed &Mustard,4,1,0.25
Tamil Nadu,VELLORE,2011,Whole Year,Arecanut,7,17,2.428571429
Tamil Nadu,VELLORE,2011,Whole Year,Arhar/Tur,10392,8029,0.772613549
Tamil Nadu,VELLORE,2011,Whole Year,Banana,6179,297556,48.1560123
Tamil Nadu,VELLORE,2011,Whole Year,Cardamom,5,,
Tamil Nadu,VELLORE,2011,Whole Year,Cashewnut,11,3,0.272727273
Tamil Nadu,VELLORE,2011,Whole Year,Castor seed,291,56,0.192439863
Tamil Nadu,VELLORE,2011,Whole Year,Coconut,22680,298500000,13161.37566
Tamil Nadu,VELLORE,2011,Whole Year,Coriander,93,43,0.462365591
Tamil Nadu,VELLORE,2011,Whole Year,Dry chillies,916,400,0.436681223
Tamil Nadu,VELLORE,2011,Whole Year,Gram,1,1,1
Tamil Nadu,VELLORE,2011,Whole Year,Horse-gram,4748,2704,0.569502949
Tamil Nadu,VELLORE,2011,Whole Year,Moong(Green Gram),1022,693,0.678082192
Tamil Nadu,VELLORE,2011,Whole Year,Onion,47,551,11.72340426
Tamil Nadu,VELLORE,2011,Whole Year,Small millets,2408,2907,1.207225914
Tamil Nadu,VELLORE,2011,Whole Year,Sugarcane,15085,1460436,96.81378853
Tamil Nadu,VELLORE,2011,Whole Year,Sunflower,49,88,1.795918367
Tamil Nadu,VELLORE,2011,Whole Year,Sweet potato,7,143,20.42857143
Tamil Nadu,VELLORE,2011,Whole Year,Tapioca,579,21807,37.66321244
Tamil Nadu,VELLORE,2011,Whole Year,Turmeric,1824,9992,5.478070175
Tamil Nadu,VELLORE,2011,Whole Year,Urad,2157,1261,0.584608252
Tamil Nadu,VELLORE,2012,Kharif,Arhar/Tur,13475,10731,0.796363636
Tamil Nadu,VELLORE,2012,Kharif,Castor seed,441,91.76,0.208072562
Tamil Nadu,VELLORE,2012,Kharif,Cotton(lint),7725,18118,2.345372168
Tamil Nadu,VELLORE,2012,Kharif,Groundnut,38849,82495,2.123478082
Tamil Nadu,VELLORE,2012,Kharif,Horse-gram,6093,3062,0.502543903
Tamil Nadu,VELLORE,2012,Kharif,Maize,1143,3787,3.313210849
Tamil Nadu,VELLORE,2012,Kharif,Moong(Green Gram),1441,378,0.262317835
Tamil Nadu,VELLORE,2012,Kharif,Ragi,4459,11650,2.612693429
Tamil Nadu,VELLORE,2012,Kharif,Rice,35707,152804,4.279384995
Tamil Nadu,VELLORE,2012,Kharif,Sunflower,28,33,1.178571429
Tamil Nadu,VELLORE,2012,Kharif,Urad,2476,1379,0.556946688
Tamil Nadu,VELLORE,2012,Whole Year,Sugarcane,13182,1244329,94.3960704
Tamil Nadu,VELLORE,2013,Kharif,Bajra,1700,4339,2.552352941
Tamil Nadu,VELLORE,2013,Kharif,Castor seed,275,103,0.374545455
Tamil Nadu,VELLORE,2013,Kharif,Cotton(lint),6125,16476,2.689959184
Tamil Nadu,VELLORE,2013,Kharif,Groundnut,30895,73949,2.393558828
Tamil Nadu,VELLORE,2013,Kharif,Jowar,5830,5285,0.90651801
Tamil Nadu,VELLORE,2013,Kharif,Maize,1533,10021,6.536855838
Tamil Nadu,VELLORE,2013,Kharif,Moong(Green Gram),1306,735,0.562787136
Tamil Nadu,VELLORE,2013,Kharif,Onion,19,221,11.63157895
Tamil Nadu,VELLORE,2013,Kharif,Ragi,4129,14203,3.439815936
Tamil Nadu,VELLORE,2013,Kharif,Rice,39366,192496,4.889904994
Tamil Nadu,VELLORE,2013,Kharif,Sunflower,8,14,1.75
Tamil Nadu,VELLORE,2013,Kharif,Urad,1866,1096,0.587352626
Tamil Nadu,VELLORE,2013,Rabi,Bajra,133,266,2
Tamil Nadu,VELLORE,2013,Rabi,Cotton(lint),345,828,2.4
Tamil Nadu,VELLORE,2013,Rabi,Groundnut,5930,20452,3.448903879
Tamil Nadu,VELLORE,2013,Rabi,Horse-gram,9976,8473,0.849338412
Tamil Nadu,VELLORE,2013,Rabi,Jowar,77,166,2.155844156
Tamil Nadu,VELLORE,2013,Rabi,Maize,3946,19739,5.002280791
Tamil Nadu,VELLORE,2013,Rabi,Moong(Green Gram),458,369,0.805676856
Tamil Nadu,VELLORE,2013,Rabi,Onion,13,110,8.461538462
Tamil Nadu,VELLORE,2013,Rabi,Ragi,4799,22784,4.747655762
Tamil Nadu,VELLORE,2013,Rabi,Sunflower,3,3,1
Tamil Nadu,VELLORE,2013,Rabi,Urad,801,684,0.853932584
Tamil Nadu,VELLORE,2013,Whole Year,Arecanut,13,17,1.307692308
Tamil Nadu,VELLORE,2013,Whole Year,Arhar/Tur,12542,10359,0.825944825
Tamil Nadu,VELLORE,2013,Whole Year,Banana,4206,128699,30.59890632
Tamil Nadu,VELLORE,2013,Whole Year,Cardamom,7,,
Tamil Nadu,VELLORE,2013,Whole Year,Cashewnut,9,3,0.333333333
Tamil Nadu,VELLORE,2013,Whole Year,Coconut,21512,233000000,10831.164
Tamil Nadu,VELLORE,2013,Whole Year,Coriander,70,24,0.342857143
Tamil Nadu,VELLORE,2013,Whole Year,Dry chillies,682,553,0.81085044
Tamil Nadu,VELLORE,2013,Whole Year,Dry ginger,4,28,7
Tamil Nadu,VELLORE,2013,Whole Year,Small millets,2196,1975,0.899362477
Tamil Nadu,VELLORE,2013,Whole Year,Sugarcane,11591,1093697,94.35743249
Tamil Nadu,VELLORE,2013,Whole Year,Sweet potato,3,63,21
Tamil Nadu,VELLORE,2013,Whole Year,Tapioca,213,6373,29.92018779
Tamil Nadu,VELLORE,2013,Whole Year,Tobacco,4,2,0.5
Tamil Nadu,VELLORE,2013,Whole Year,Turmeric,739,4713,6.377537212
Tamil Nadu,VILLUPURAM,1997,Kharif,Banana,1306,38416,29.41500766
Tamil Nadu,VILLUPURAM,1997,Kharif,Horse-gram,342,170,0.497076023
Tamil Nadu,VILLUPURAM,1997,Kharif,Onion,382,3088,8.083769634
Tamil Nadu,VILLUPURAM,1997,Kharif,Sesamum,7348,3220,0.43821448
Tamil Nadu,VILLUPURAM,1997,Kharif,Small millets,5705,5000,0.876424189
Tamil Nadu,VILLUPURAM,1997,Whole Year,Arhar/Tur,1066,540,0.506566604
Tamil Nadu,VILLUPURAM,1997,Whole Year,Bajra,58194,51290,0.88136234
Tamil Nadu,VILLUPURAM,1997,Whole Year,Banana,1143,33360,29.18635171
Tamil Nadu,VILLUPURAM,1997,Whole Year,Cashewnut,3211,1990,0.619744628
Tamil Nadu,VILLUPURAM,1997,Whole Year,Castor seed,27,20,0.740740741
Tamil Nadu,VILLUPURAM,1997,Whole Year,Coriander,126,30,0.238095238
Tamil Nadu,VILLUPURAM,1997,Whole Year,Cotton(lint),3697,7120,1.925885853
Tamil Nadu,VILLUPURAM,1997,Whole Year,Dry chillies,541,330,0.609981516
Tamil Nadu,VILLUPURAM,1997,Whole Year,Groundnut,78023,108890,1.395614114
Tamil Nadu,VILLUPURAM,1997,Whole Year,Jowar,3712,3440,0.926724138
Tamil Nadu,VILLUPURAM,1997,Whole Year,Moong(Green Gram),145,50,0.344827586
Tamil Nadu,VILLUPURAM,1997,Whole Year,Onion,140,1060,7.571428571
Tamil Nadu,VILLUPURAM,1997,Whole Year,Pulses total,5461,2390,0.437648782
Tamil Nadu,VILLUPURAM,1997,Whole Year,Ragi,2582,4440,1.719597211
Tamil Nadu,VILLUPURAM,1997,Whole Year,Rice,178161,566360,3.178922435
Tamil Nadu,VILLUPURAM,1997,Whole Year,Small millets,6200,210,0.033870968
Tamil Nadu,VILLUPURAM,1997,Whole Year,Sugarcane,33175,37158000,1120.060286
Tamil Nadu,VILLUPURAM,1997,Whole Year,Sunflower,100,90,0.9
Tamil Nadu,VILLUPURAM,1997,Whole Year,Sweet potato,178,2410,13.53932584
Tamil Nadu,VILLUPURAM,1997,Whole Year,Tapioca,9489,275940,29.07998735
Tamil Nadu,VILLUPURAM,1997,Whole Year,Tobacco,4,10,2.5
Tamil Nadu,VILLUPURAM,1997,Whole Year,Total foodgrain,253815,632920,2.493627248
Tamil Nadu,VILLUPURAM,1997,Whole Year,Turmeric,892,2750,3.082959641
Tamil Nadu,VILLUPURAM,1997,Whole Year,Urad,3049,1420,0.465726468
Tamil Nadu,VILLUPURAM,1998,Kharif,Arhar/Tur,10056,8688,0.863961814
Tamil Nadu,VILLUPURAM,1998,Kharif,Bajra,56968,69373,1.217753827
Tamil Nadu,VILLUPURAM,1998,Kharif,Cotton(lint),15849,42141,2.658905925
Tamil Nadu,VILLUPURAM,1998,Kharif,Groundnut,147718,197414,1.336424809
Tamil Nadu,VILLUPURAM,1998,Kharif,Horse-gram,1725,864,0.500869565
Tamil Nadu,VILLUPURAM,1998,Kharif,Jowar,3145,3640,1.157392687
Tamil Nadu,VILLUPURAM,1998,Kharif,Mesta,19,89,4.684210526
Tamil Nadu,VILLUPURAM,1998,Kharif,Moong(Green Gram),4606,2197,0.476986539
Tamil Nadu,VILLUPURAM,1998,Kharif,Pulses total,56829,30853,0.54290943
Tamil Nadu,VILLUPURAM,1998,Kharif,Ragi,8438,18040,2.137947381
Tamil Nadu,VILLUPURAM,1998,Kharif,Rice,156618,539236,3.443001443
Tamil Nadu,VILLUPURAM,1998,Kharif,Sesamum,16685,8108,0.48594546
Tamil Nadu,VILLUPURAM,1998,Kharif,Small millets,11800,4000,0.338983051
Tamil Nadu,VILLUPURAM,1998,Kharif,Sunflower,476,468,0.983193277
Tamil Nadu,VILLUPURAM,1998,Kharif,Total foodgrain,290214,66867,0.230405838
Tamil Nadu,VILLUPURAM,1998,Kharif,Urad,37728,18449,0.489000212
Tamil Nadu,VILLUPURAM,1998,Rabi,Gram,50,42,0.84
Tamil Nadu,VILLUPURAM,1998,Whole Year,Banana,507,14797,29.18540434
Tamil Nadu,VILLUPURAM,1998,Whole Year,Cashewnut,2959,604,0.204123015
Tamil Nadu,VILLUPURAM,1998,Whole Year,Castor seed,1014,564,0.556213018
Tamil Nadu,VILLUPURAM,1998,Whole Year,Coriander,356,78,0.219101124
Tamil Nadu,VILLUPURAM,1998,Whole Year,Dry chillies,492,296,0.601626016
Tamil Nadu,VILLUPURAM,1998,Whole Year,Onion,93,725,7.795698925
Tamil Nadu,VILLUPURAM,1998,Whole Year,Sugarcane,44737,4995600,111.6659588
Tamil Nadu,VILLUPURAM,1998,Whole Year,Sweet potato,34,571,16.79411765
Tamil Nadu,VILLUPURAM,1998,Whole Year,Tapioca,4294,124870,29.08011178
Tamil Nadu,VILLUPURAM,1998,Whole Year,Turmeric,2016,6205,3.077876984
Tamil Nadu,VILLUPURAM,1999,Kharif,Arhar/Tur,5971,4809,0.805392732
Tamil Nadu,VILLUPURAM,1999,Kharif,Bajra,39852,51478,1.291729399
Tamil Nadu,VILLUPURAM,1999,Kharif,Castor seed,624,446,0.71474359
Tamil Nadu,VILLUPURAM,1999,Kharif,Cotton(lint),9392,19498,2.076022147
Tamil Nadu,VILLUPURAM,1999,Kharif,Groundnut,104588,158266,1.513232876
Tamil Nadu,VILLUPURAM,1999,Kharif,Horse-gram,1198,510,0.425709516
Tamil Nadu,VILLUPURAM,1999,Kharif,Jowar,2476,3277,1.323505654
Tamil Nadu,VILLUPURAM,1999,Kharif,Korra,1204,406,0.337209302
Tamil Nadu,VILLUPURAM,1999,Kharif,Mesta,10,47,4.7
Tamil Nadu,VILLUPURAM,1999,Kharif,Moong(Green Gram),7650,4154,0.543006536
Tamil Nadu,VILLUPURAM,1999,Kharif,Ragi,12885,21967,1.704850601
Tamil Nadu,VILLUPURAM,1999,Kharif,Rice,142737,488497,3.422357202
Tamil Nadu,VILLUPURAM,1999,Kharif,Sesamum,20498,9546,0.465703971
Tamil Nadu,VILLUPURAM,1999,Kharif,Sunflower,72,72,1
Tamil Nadu,VILLUPURAM,1999,Kharif,Urad,40834,21152,0.517999706
Tamil Nadu,VILLUPURAM,1999,Kharif,Varagu,1630,1521,0.933128834
Tamil Nadu,VILLUPURAM,1999,Rabi,Gram,600,396,0.66
Tamil Nadu,VILLUPURAM,1999,Rabi,Rapeseed &Mustard,20,6,0.3
Tamil Nadu,VILLUPURAM,1999,Rabi,Samai,640,482,0.753125
Tamil Nadu,VILLUPURAM,1999,Whole Year,Banana,1306,38416,29.41500766
Tamil Nadu,VILLUPURAM,1999,Whole Year,Cashewnut,2969,852,0.286965308
Tamil Nadu,VILLUPURAM,1999,Whole Year,Coriander,320,75,0.234375
Tamil Nadu,VILLUPURAM,1999,Whole Year,Dry chillies,491,379,0.771894094
Tamil Nadu,VILLUPURAM,1999,Whole Year,Guar seed,42884,454026,10.58730529
Tamil Nadu,VILLUPURAM,1999,Whole Year,Onion,382,3088,8.083769634
Tamil Nadu,VILLUPURAM,1999,Whole Year,Sannhamp,3065,2234,0.728874388
Tamil Nadu,VILLUPURAM,1999,Whole Year,Sugarcane,42884,4668718,108.8685291
Tamil Nadu,VILLUPURAM,1999,Whole Year,Tapioca,8938,277486,31.0456478
Tamil Nadu,VILLUPURAM,1999,Whole Year,Turmeric,1449,4585,3.164251208
Tamil Nadu,VILLUPURAM,2000,Kharif,Arhar/Tur,7255,5843,0.805375603
Tamil Nadu,VILLUPURAM,2000,Kharif,Bajra,61094,90108,1.47490752
Tamil Nadu,VILLUPURAM,2000,Kharif,Castor seed,859,614,0.714784633
Tamil Nadu,VILLUPURAM,2000,Kharif,Cotton(lint),11442,23259,2.032773991
Tamil Nadu,VILLUPURAM,2000,Kharif,Groundnut,133680,219615,1.642841113
Tamil Nadu,VILLUPURAM,2000,Kharif,Horse-gram,2229,972,0.436069987
Tamil Nadu,VILLUPURAM,2000,Kharif,Jowar,5195,4776,0.919345525
Tamil Nadu,VILLUPURAM,2000,Kharif,Maize,1565,2608,1.666453674
Tamil Nadu,VILLUPURAM,2000,Kharif,Mesta,4,19,4.75
Tamil Nadu,VILLUPURAM,2000,Kharif,Moong(Green Gram),8854,4135,0.467020556
Tamil Nadu,VILLUPURAM,2000,Kharif,Other Cereals & Millets,7248,5140,0.709161148
Tamil Nadu,VILLUPURAM,2000,Kharif,Other Kharif pulses,9679,2344,0.242173778
Tamil Nadu,VILLUPURAM,2000,Kharif,Ragi,14484,22883,1.579881248
Tamil Nadu,VILLUPURAM,2000,Kharif,Rice,141767,498417,3.51574767
Tamil Nadu,VILLUPURAM,2000,Kharif,Sesamum,31847,15750,0.494552077
Tamil Nadu,VILLUPURAM,2000,Kharif,Sunflower,47,49,1.042553191
Tamil Nadu,VILLUPURAM,2000,Kharif,Urad,58074,30082,0.517994283
Tamil Nadu,VILLUPURAM,2000,Rabi,Gram,683,450,0.65885798
Tamil Nadu,VILLUPURAM,2000,Rabi,Rapeseed &Mustard,70,20,0.285714286
Tamil Nadu,VILLUPURAM,2000,Whole Year,Banana,1025,30151,29.41560976
Tamil Nadu,VILLUPURAM,2000,Whole Year,Cashewnut,401,103,0.256857855
Tamil Nadu,VILLUPURAM,2000,Whole Year,Coriander,14,3,0.214285714
Tamil Nadu,VILLUPURAM,2000,Whole Year,Dry chillies,256,200,0.78125
Tamil Nadu,VILLUPURAM,2000,Whole Year,Onion,123,994,8.081300813
Tamil Nadu,VILLUPURAM,2000,Whole Year,Sannhamp,4725,3445,0.729100529
Tamil Nadu,VILLUPURAM,2000,Whole Year,Sugarcane,40233,4380107,108.8685159
Tamil Nadu,VILLUPURAM,2000,Whole Year,Sweet potato,287,2922,10.18118467
Tamil Nadu,VILLUPURAM,2000,Whole Year,Tapioca,6483,201269,31.04565787
Tamil Nadu,VILLUPURAM,2000,Whole Year,Turmeric,888,3251,3.661036036
Tamil Nadu,VILLUPURAM,2001,Kharif,Arhar/Tur,478,310,0.648535565
Tamil Nadu,VILLUPURAM,2001,Kharif,Bajra,42111,53360,1.267127354
Tamil Nadu,VILLUPURAM,2001,Kharif,Cotton(lint),5486,11100,2.023332118
Tamil Nadu,VILLUPURAM,2001,Kharif,Groundnut,61464,118820,1.933164129
Tamil Nadu,VILLUPURAM,2001,Kharif,Jowar,1639,2120,1.293471629
Tamil Nadu,VILLUPURAM,2001,Kharif,Moong(Green Gram),157,60,0.382165605
Tamil Nadu,VILLUPURAM,2001,Kharif,Ragi,2008,4160,2.071713147
Tamil Nadu,VILLUPURAM,2001,Kharif,Rice,155555,561130,3.607277169
Tamil Nadu,VILLUPURAM,2001,Kharif,Sesamum,7040,3310,0.470170455
Tamil Nadu,VILLUPURAM,2001,Kharif,Sunflower,47,60,1.276595745
Tamil Nadu,VILLUPURAM,2001,Kharif,Urad,11512,4510,0.391765115
Tamil Nadu,VILLUPURAM,2001,Whole Year,Sugarcane,36886,4378300,118.6981511
Tamil Nadu,VILLUPURAM,2002,Kharif,Arhar/Tur,374,204,0.545454545
Tamil Nadu,VILLUPURAM,2002,Kharif,Bajra,27294,10774,0.39473877
Tamil Nadu,VILLUPURAM,2002,Kharif,Castor seed,14,10,0.714285714
Tamil Nadu,VILLUPURAM,2002,Kharif,Cotton(lint),1878,3687,1.963258786
Tamil Nadu,VILLUPURAM,2002,Kharif,Groundnut,54041,89765,1.661053644
Tamil Nadu,VILLUPURAM,2002,Kharif,Horse-gram,632,161,0.254746835
Tamil Nadu,VILLUPURAM,2002,Kharif,Jowar,2118,1472,0.694995279
Tamil Nadu,VILLUPURAM,2002,Kharif,Korra,260,88,0.338461538
Tamil Nadu,VILLUPURAM,2002,Kharif,Maize,811,1180,1.454993835
Tamil Nadu,VILLUPURAM,2002,Kharif,Moong(Green Gram),122,52,0.426229508
Tamil Nadu,VILLUPURAM,2002,Kharif,Other Kharif pulses,3931,948,0.24116001
Tamil Nadu,VILLUPURAM,2002,Kharif,Ragi,1730,2646,1.529479769
Tamil Nadu,VILLUPURAM,2002,Kharif,Rice,80630,241287,2.992521394
Tamil Nadu,VILLUPURAM,2002,Kharif,Samai,510,369,0.723529412
Tamil Nadu,VILLUPURAM,2002,Kharif,Sesamum,7504,3231,0.430570362
Tamil Nadu,VILLUPURAM,2002,Kharif,Sunflower,73,84,1.150684932
Tamil Nadu,VILLUPURAM,2002,Kharif,Urad,15646,6242,0.398951809
Tamil Nadu,VILLUPURAM,2002,Kharif,Varagu,2489,4780,1.92044998
Tamil Nadu,VILLUPURAM,2002,Whole Year,Ash Gourd,43,0,0
Tamil Nadu,VILLUPURAM,2002,Whole Year,Banana,1215,22654,18.64526749
Tamil Nadu,VILLUPURAM,2002,Whole Year,Bhindi,180,1340,7.444444444
Tamil Nadu,VILLUPURAM,2002,Whole Year,Bitter Gourd,38,0,0
Tamil Nadu,VILLUPURAM,2002,Whole Year,Brinjal,236,1519,6.436440678
Tamil Nadu,VILLUPURAM,2002,Whole Year,Cashewnut,4606,2299,0.499131568
Tamil Nadu,VILLUPURAM,2002,Whole Year,Citrus Fruit,23,25,1.086956522
Tamil Nadu,VILLUPURAM,2002,Whole Year,Coconut,2118,14300,6.751652502
Tamil Nadu,VILLUPURAM,2002,Whole Year,Coriander,243,45,0.185185185
Tamil Nadu,VILLUPURAM,2002,Whole Year,Cucumber,14,0,0
Tamil Nadu,VILLUPURAM,2002,Whole Year,Drum Stick,8,0,0
Tamil Nadu,VILLUPURAM,2002,Whole Year,Dry chillies,355,211,0.594366197
Tamil Nadu,VILLUPURAM,2002,Whole Year,Jack Fruit,38,430,11.31578947
Tamil Nadu,VILLUPURAM,2002,Whole Year,Mango,910,5453,5.992307692
Tamil Nadu,VILLUPURAM,2002,Whole Year,Onion,173,1463,8.456647399
Tamil Nadu,VILLUPURAM,2002,Whole Year,Other Citrus Fruit,11,0,0
Tamil Nadu,VILLUPURAM,2002,Whole Year,Other Fresh Fruits,42,0,0
Tamil Nadu,VILLUPURAM,2002,Whole Year,Other Vegetables,324,0,0
Tamil Nadu,VILLUPURAM,2002,Whole Year,Pome Fruit,474,2480,5.232067511
Tamil Nadu,VILLUPURAM,2002,Whole Year,Pome Granet,2,0,0
Tamil Nadu,VILLUPURAM,2002,Whole Year,Pump Kin,78,0,0
Tamil Nadu,VILLUPURAM,2002,Whole Year,Redish,1,0,0
Tamil Nadu,VILLUPURAM,2002,Whole Year,Ribed Guard,10,0,0
Tamil Nadu,VILLUPURAM,2002,Whole Year,Snak Guard,42,0,0
Tamil Nadu,VILLUPURAM,2002,Whole Year,Sugarcane,34805,3033690,87.16247666
Tamil Nadu,VILLUPURAM,2002,Whole Year,Sweet potato,138,2094,15.17391304
Tamil Nadu,VILLUPURAM,2002,Whole Year,Tapioca,7517,235465,31.32433152
Tamil Nadu,VILLUPURAM,2002,Whole Year,Tomato,43,531,12.34883721
Tamil Nadu,VILLUPURAM,2002,Whole Year,Turmeric,1473,3742,2.540393754
Tamil Nadu,VILLUPURAM,2002,Whole Year,Water Melon,467,0,0
Tamil Nadu,VILLUPURAM,2003,Kharif,Arhar/Tur,2047,1252,0.611626771
Tamil Nadu,VILLUPURAM,2003,Kharif,Bajra,67289,75916,1.128208177
Tamil Nadu,VILLUPURAM,2003,Kharif,Castor seed,538,362,0.672862454
Tamil Nadu,VILLUPURAM,2003,Kharif,Cotton(lint),4922,11337,2.303331979
Tamil Nadu,VILLUPURAM,2003,Kharif,Groundnut,75133,141916,1.888863748
Tamil Nadu,VILLUPURAM,2003,Kharif,Horse-gram,932,250,0.268240343
Tamil Nadu,VILLUPURAM,2003,Kharif,Jowar,3506,2058,0.586993725
Tamil Nadu,VILLUPURAM,2003,Kharif,Korra,738,248,0.33604336
Tamil Nadu,VILLUPURAM,2003,Kharif,Maize,7006,10190,1.454467599
Tamil Nadu,VILLUPURAM,2003,Kharif,Moong(Green Gram),1579,670,0.424319189
Tamil Nadu,VILLUPURAM,2003,Kharif,Other Kharif pulses,7119,1712,0.240483214
Tamil Nadu,VILLUPURAM,2003,Kharif,Ragi,3055,4921,1.610801964
Tamil Nadu,VILLUPURAM,2003,Kharif,Rice,75279,234750,3.118399554
Tamil Nadu,VILLUPURAM,2003,Kharif,Sesamum,13279,4804,0.36177423
Tamil Nadu,VILLUPURAM,2003,Kharif,Small millets,2216,1742,0.786101083
Tamil Nadu,VILLUPURAM,2003,Kharif,Sunflower,350,453,1.294285714
Tamil Nadu,VILLUPURAM,2003,Kharif,Urad,23842,17990,0.754550793
Tamil Nadu,VILLUPURAM,2003,Kharif,Varagu,1148,1303,1.135017422
Tamil Nadu,VILLUPURAM,2003,Rabi,Gram,50,23,0.46
Tamil Nadu,VILLUPURAM,2003,Rabi,Rapeseed &Mustard,9,3,0.333333333
Tamil Nadu,VILLUPURAM,2003,Whole Year,Ash Gourd,109,0,0
Tamil Nadu,VILLUPURAM,2003,Whole Year,Banana,862,19680,22.83062645
Tamil Nadu,VILLUPURAM,2003,Whole Year,Bhindi,247,1730,7.004048583
Tamil Nadu,VILLUPURAM,2003,Whole Year,Bitter Gourd,32,0,0
Tamil Nadu,VILLUPURAM,2003,Whole Year,Bottle Gourd,3,0,0
Tamil Nadu,VILLUPURAM,2003,Whole Year,Brinjal,339,1882,5.551622419
Tamil Nadu,VILLUPURAM,2003,Whole Year,Cashewnut,4613,1369,0.296769998
Tamil Nadu,VILLUPURAM,2003,Whole Year,Citrus Fruit,27,28,1.037037037
Tamil Nadu,VILLUPURAM,2003,Whole Year,Coconut,1933,10600,5.483704087
Tamil Nadu,VILLUPURAM,2003,Whole Year,Coriander,302,88,0.291390728
Tamil Nadu,VILLUPURAM,2003,Whole Year,Cucumber,19,0,0
Tamil Nadu,VILLUPURAM,2003,Whole Year,Drum Stick,27,0,0
Tamil Nadu,VILLUPURAM,2003,Whole Year,Dry chillies,390,209,0.535897436
Tamil Nadu,VILLUPURAM,2003,Whole Year,Jack Fruit,37,357,9.648648649
Tamil Nadu,VILLUPURAM,2003,Whole Year,Lab-Lab,11,0,0
Tamil Nadu,VILLUPURAM,2003,Whole Year,Mango,932,3872,4.154506438
Tamil Nadu,VILLUPURAM,2003,Whole Year,Onion,170,1531,9.005882353
Tamil Nadu,VILLUPURAM,2003,Whole Year,Other Citrus Fruit,35,0,0
Tamil Nadu,VILLUPURAM,2003,Whole Year,Other Fresh Fruits,65,0,0
Tamil Nadu,VILLUPURAM,2003,Whole Year,Other Vegetables,155,0,0
Tamil Nadu,VILLUPURAM,2003,Whole Year,Papaya,2,0,0
Tamil Nadu,VILLUPURAM,2003,Whole Year,Pome Fruit,529,3714,7.020793951
Tamil Nadu,VILLUPURAM,2003,Whole Year,Pump Kin,72,0,0
Tamil Nadu,VILLUPURAM,2003,Whole Year,Redish,1,0,0
Tamil Nadu,VILLUPURAM,2003,Whole Year,Ribed Guard,17,0,0
Tamil Nadu,VILLUPURAM,2003,Whole Year,Snak Guard,43,0,0
Tamil Nadu,VILLUPURAM,2003,Whole Year,Sugarcane,30279,3125368,103.2189967
Tamil Nadu,VILLUPURAM,2003,Whole Year,Sweet potato,139,1956,14.07194245
Tamil Nadu,VILLUPURAM,2003,Whole Year,Tapioca,6268,270869,43.214582
Tamil Nadu,VILLUPURAM,2003,Whole Year,Tomato,90,913,10.14444444
Tamil Nadu,VILLUPURAM,2003,Whole Year,Turmeric,1112,3918,3.523381295
Tamil Nadu,VILLUPURAM,2003,Whole Year,Water Melon,1485,0,0
Tamil Nadu,VILLUPURAM,2003,Whole Year,Yam,1,0,0
Tamil Nadu,VILLUPURAM,2004,Kharif,Arhar/Tur,509,340,0.667976424
Tamil Nadu,VILLUPURAM,2004,Kharif,Bajra,20439,19546,0.956309017
Tamil Nadu,VILLUPURAM,2004,Kharif,Castor seed,40,27,0.675
Tamil Nadu,VILLUPURAM,2004,Kharif,Cotton(lint),5215,9582,1.837392138
Tamil Nadu,VILLUPURAM,2004,Kharif,Groundnut,58999,114140,1.934609061
Tamil Nadu,VILLUPURAM,2004,Kharif,Horse-gram,457,136,0.297592998
Tamil Nadu,VILLUPURAM,2004,Kharif,Jowar,2004,1444,0.720558882
Tamil Nadu,VILLUPURAM,2004,Kharif,Maize,1713,2491,1.454173964
Tamil Nadu,VILLUPURAM,2004,Kharif,Moong(Green Gram),381,152,0.398950131
Tamil Nadu,VILLUPURAM,2004,Kharif,Other Kharif pulses,2040,491,0.240686275
Tamil Nadu,VILLUPURAM,2004,Kharif,Ragi,1827,3999,2.188834154
Tamil Nadu,VILLUPURAM,2004,Kharif,Rice,163696,525850,3.212357052
Tamil Nadu,VILLUPURAM,2004,Kharif,Sesamum,6721,2667,0.39681595
Tamil Nadu,VILLUPURAM,2004,Kharif,Small millets,2127,2507,1.178655383
Tamil Nadu,VILLUPURAM,2004,Kharif,Sunflower,1796,1910,1.063474388
Tamil Nadu,VILLUPURAM,2004,Kharif,Urad,15995,9248,0.578180681
Tamil Nadu,VILLUPURAM,2004,Rabi,Rapeseed &Mustard,2,1,0.5
Tamil Nadu,VILLUPURAM,2004,Whole Year,Arecanut,5,7,1.4
Tamil Nadu,VILLUPURAM,2004,Whole Year,Banana,1012,42987,42.47727273
Tamil Nadu,VILLUPURAM,2004,Whole Year,Cashewnut,4788,949,0.198203843
Tamil Nadu,VILLUPURAM,2004,Whole Year,Coconut,2254,25300,11.2244898
Tamil Nadu,VILLUPURAM,2004,Whole Year,Coriander,223,97,0.434977578
Tamil Nadu,VILLUPURAM,2004,Whole Year,Dry chillies,282,188,0.666666667
Tamil Nadu,VILLUPURAM,2004,Whole Year,Garlic,2,12,6
Tamil Nadu,VILLUPURAM,2004,Whole Year,Onion,365,3532,9.676712329
Tamil Nadu,VILLUPURAM,2004,Whole Year,Sugarcane,39444,4511684,114.3820099
Tamil Nadu,VILLUPURAM,2004,Whole Year,Sweet potato,309,3278,10.60841424
Tamil Nadu,VILLUPURAM,2004,Whole Year,Tapioca,15071,426149,28.27609316
Tamil Nadu,VILLUPURAM,2004,Whole Year,Turmeric,1939,8294,4.27746261
Tamil Nadu,VILLUPURAM,2005,Kharif,Arhar/Tur,275,262,0.952727273
Tamil Nadu,VILLUPURAM,2005,Kharif,Bajra,14810,12810,0.864956111
Tamil Nadu,VILLUPURAM,2005,Kharif,Castor seed,147,101,0.68707483
Tamil Nadu,VILLUPURAM,2005,Kharif,Cotton(lint),5023,7423,1.47780211
Tamil Nadu,VILLUPURAM,2005,Kharif,Groundnut,58252,119773,2.056118245
Tamil Nadu,VILLUPURAM,2005,Kharif,Horse-gram,304,111,0.365131579
Tamil Nadu,VILLUPURAM,2005,Kharif,Jowar,1465,1157,0.789761092
Tamil Nadu,VILLUPURAM,2005,Kharif,Maize,1377,,
Tamil Nadu,VILLUPURAM,2005,Kharif,Moong(Green Gram),285,96,0.336842105
Tamil Nadu,VILLUPURAM,2005,Kharif,Other Kharif pulses,2309,874,0.378518839
Tamil Nadu,VILLUPURAM,2005,Kharif,Ragi,959,1515,1.579770594
Tamil Nadu,VILLUPURAM,2005,Kharif,Rice,168435,511931,3.039338617
Tamil Nadu,VILLUPURAM,2005,Kharif,Sesamum,6840,3219,0.470614035
Tamil Nadu,VILLUPURAM,2005,Kharif,Small millets,2208,1856,0.84057971
Tamil Nadu,VILLUPURAM,2005,Kharif,Sunflower,995,1657,1.665326633
Tamil Nadu,VILLUPURAM,2005,Kharif,Urad,18158,9343,0.514539046
Tamil Nadu,VILLUPURAM,2005,Rabi,Gram,145,33,0.227586207
Tamil Nadu,VILLUPURAM,2005,Rabi,Rapeseed &Mustard,4,1,0.25
Tamil Nadu,VILLUPURAM,2005,Whole Year,Arecanut,5,4,0.8
Tamil Nadu,VILLUPURAM,2005,Whole Year,Banana,1120,54997,49.10446429
Tamil Nadu,VILLUPURAM,2005,Whole Year,Cashewnut,4797,1163,0.242443194
Tamil Nadu,VILLUPURAM,2005,Whole Year,Coconut,2231,218,0.09771403
Tamil Nadu,VILLUPURAM,2005,Whole Year,Coriander,254,77,0.303149606
Tamil Nadu,VILLUPURAM,2005,Whole Year,Dry chillies,186,121,0.650537634
Tamil Nadu,VILLUPURAM,2005,Whole Year,Onion,305,2445,8.016393443
Tamil Nadu,VILLUPURAM,2005,Whole Year,Sugarcane,56564,6233409,110.2009936
Tamil Nadu,VILLUPURAM,2005,Whole Year,Sweet potato,103,924,8.970873786
Tamil Nadu,VILLUPURAM,2005,Whole Year,Tapioca,15141,425722,28.11716531
Tamil Nadu,VILLUPURAM,2005,Whole Year,Turmeric,1976,6253,3.164473684
Tamil Nadu,VILLUPURAM,2006,Kharif,Rice,144783,496113,3.426597045
Tamil Nadu,VILLUPURAM,2006,Kharif,Small millets,2346,3521,1.500852515
Tamil Nadu,VILLUPURAM,2006,Whole Year,Arecanut,25,35,1.4
Tamil Nadu,VILLUPURAM,2006,Whole Year,Arhar/Tur,438,338,0.771689498
Tamil Nadu,VILLUPURAM,2006,Whole Year,Bajra,11827,9685,0.818888983
Tamil Nadu,VILLUPURAM,2006,Whole Year,Banana,1186,63551,53.58431703
Tamil Nadu,VILLUPURAM,2006,Whole Year,Cashewnut,4849,768,0.158383172
Tamil Nadu,VILLUPURAM,2006,Whole Year,Castor seed,29,20,0.689655172
Tamil Nadu,VILLUPURAM,2006,Whole Year,Coconut,1947,226,0.116076014
Tamil Nadu,VILLUPURAM,2006,Whole Year,Coriander,180,59,0.327777778
Tamil Nadu,VILLUPURAM,2006,Whole Year,Cotton(lint),5557,12263,2.206766241
Tamil Nadu,VILLUPURAM,2006,Whole Year,Dry chillies,182,126,0.692307692
Tamil Nadu,VILLUPURAM,2006,Whole Year,Gram,2,,
Tamil Nadu,VILLUPURAM,2006,Whole Year,Groundnut,46978,97501,2.075460854
Tamil Nadu,VILLUPURAM,2006,Whole Year,Horse-gram,260,152,0.584615385
Tamil Nadu,VILLUPURAM,2006,Whole Year,Jowar,2273,1947,0.856577211
Tamil Nadu,VILLUPURAM,2006,Whole Year,Maize,1209,5954,4.924731183
Tamil Nadu,VILLUPURAM,2006,Whole Year,Moong(Green Gram),168,97,0.577380952
Tamil Nadu,VILLUPURAM,2006,Whole Year,Onion,230,2008,8.730434783
Tamil Nadu,VILLUPURAM,2006,Whole Year,Ragi,1009,1908,1.890981169
Tamil Nadu,VILLUPURAM,2006,Whole Year,Rapeseed &Mustard,1,,
Tamil Nadu,VILLUPURAM,2006,Whole Year,Sesamum,5087,2236,0.439551799
Tamil Nadu,VILLUPURAM,2006,Whole Year,Sugarcane,61920,8229230,132.9010013
Tamil Nadu,VILLUPURAM,2006,Whole Year,Sunflower,1084,1797,1.657749077
Tamil Nadu,VILLUPURAM,2006,Whole Year,Sweet potato,166,2344,14.12048193
Tamil Nadu,VILLUPURAM,2006,Whole Year,Tapioca,14219,450263,31.66629158
Tamil Nadu,VILLUPURAM,2006,Whole Year,Turmeric,2474,8625,3.486257074
Tamil Nadu,VILLUPURAM,2006,Whole Year,Urad,18129,12409,0.684483424
Tamil Nadu,VILLUPURAM,2007,Kharif,Rice,145403,480329,3.303432529
Tamil Nadu,VILLUPURAM,2007,Kharif,Small millets,2123,2533,1.193122939
Tamil Nadu,VILLUPURAM,2007,Whole Year,Arecanut,32,68,2.125
Tamil Nadu,VILLUPURAM,2007,Whole Year,Arhar/Tur,273,236,0.864468864
Tamil Nadu,VILLUPURAM,2007,Whole Year,Bajra,15172,17242,1.136435539
Tamil Nadu,VILLUPURAM,2007,Whole Year,Banana,1229,58673,47.74043938
Tamil Nadu,VILLUPURAM,2007,Whole Year,Cashewnut,5047,1142,0.226273033
Tamil Nadu,VILLUPURAM,2007,Whole Year,Castor seed,46,31,0.673913043
Tamil Nadu,VILLUPURAM,2007,Whole Year,Coconut,2026,268,0.132280355
Tamil Nadu,VILLUPURAM,2007,Whole Year,Coriander,131,50,0.381679389
Tamil Nadu,VILLUPURAM,2007,Whole Year,Cotton(lint),7014,20178,2.876817793
Tamil Nadu,VILLUPURAM,2007,Whole Year,Dry chillies,201,102,0.507462687
Tamil Nadu,VILLUPURAM,2007,Whole Year,Gram,31,7,0.225806452
Tamil Nadu,VILLUPURAM,2007,Whole Year,Groundnut,55317,132891,2.402353707
Tamil Nadu,VILLUPURAM,2007,Whole Year,Horse-gram,264,116,0.439393939
Tamil Nadu,VILLUPURAM,2007,Whole Year,Jowar,2934,3081,1.050102249
Tamil Nadu,VILLUPURAM,2007,Whole Year,Maize,3422,12739,3.722676797
Tamil Nadu,VILLUPURAM,2007,Whole Year,Moong(Green Gram),581,169,0.290877797
Tamil Nadu,VILLUPURAM,2007,Whole Year,Onion,229,2206,9.633187773
Tamil Nadu,VILLUPURAM,2007,Whole Year,Ragi,945,1948,2.061375661
Tamil Nadu,VILLUPURAM,2007,Whole Year,Sesamum,5012,2565,0.511771748
Tamil Nadu,VILLUPURAM,2007,Whole Year,Small millets,2123,2533,1.193122939
Tamil Nadu,VILLUPURAM,2007,Whole Year,Sugarcane,56698,5787278,102.0719955
Tamil Nadu,VILLUPURAM,2007,Whole Year,Sunflower,1522,2685,1.76412615
Tamil Nadu,VILLUPURAM,2007,Whole Year,Sweet potato,263,3051,11.60076046
Tamil Nadu,VILLUPURAM,2007,Whole Year,Tapioca,13798,508878,36.8805624
Tamil Nadu,VILLUPURAM,2007,Whole Year,Turmeric,1768,6102,3.451357466
Tamil Nadu,VILLUPURAM,2007,Whole Year,Urad,18922,9868,0.521509354
Tamil Nadu,VILLUPURAM,2008,Kharif,Rice,146641,451139,3.076486112
Tamil Nadu,VILLUPURAM,2008,Kharif,Small millets,1951,2010,1.030240902
Tamil Nadu,VILLUPURAM,2008,Whole Year,Arecanut,45,89,1.977777778
Tamil Nadu,VILLUPURAM,2008,Whole Year,Arhar/Tur,416,288,0.692307692
Tamil Nadu,VILLUPURAM,2008,Whole Year,Bajra,12565,13586,1.081257461
Tamil Nadu,VILLUPURAM,2008,Whole Year,Banana,1348,59922,44.45252226
Tamil Nadu,VILLUPURAM,2008,Whole Year,Cashewnut,5256,3317,0.63108828
Tamil Nadu,VILLUPURAM,2008,Whole Year,Castor seed,32,22,0.6875
Tamil Nadu,VILLUPURAM,2008,Whole Year,Coconut,2009,266000,132.4041812
Tamil Nadu,VILLUPURAM,2008,Whole Year,Coriander,153,52,0.339869281
Tamil Nadu,VILLUPURAM,2008,Whole Year,Cotton(lint),8609,19032,2.210709722
Tamil Nadu,VILLUPURAM,2008,Whole Year,Dry chillies,271,136,0.501845018
Tamil Nadu,VILLUPURAM,2008,Whole Year,Gram,19,4,0.210526316
Tamil Nadu,VILLUPURAM,2008,Whole Year,Groundnut,51326,125605,2.447200249
Tamil Nadu,VILLUPURAM,2008,Whole Year,Horse-gram,255,120,0.470588235
Tamil Nadu,VILLUPURAM,2008,Whole Year,Jowar,3475,4611,1.326906475
Tamil Nadu,VILLUPURAM,2008,Whole Year,Maize,6022,28390,4.714380604
Tamil Nadu,VILLUPURAM,2008,Whole Year,Moong(Green Gram),143,32,0.223776224
Tamil Nadu,VILLUPURAM,2008,Whole Year,Onion,230,2174,9.452173913
Tamil Nadu,VILLUPURAM,2008,Whole Year,Ragi,802,1358,1.693266833
Tamil Nadu,VILLUPURAM,2008,Whole Year,Rapeseed &Mustard,2,1,0.5
Tamil Nadu,VILLUPURAM,2008,Whole Year,Sesamum,4041,2130,0.527097253
Tamil Nadu,VILLUPURAM,2008,Whole Year,Small millets,1951,2010,1.030240902
Tamil Nadu,VILLUPURAM,2008,Whole Year,Sugarcane,52991,5801190,109.4750052
Tamil Nadu,VILLUPURAM,2008,Whole Year,Sunflower,880,1532,1.740909091
Tamil Nadu,VILLUPURAM,2008,Whole Year,Sweet potato,172,1294,7.523255814
Tamil Nadu,VILLUPURAM,2008,Whole Year,Tapioca,11376,336149,29.54896273
Tamil Nadu,VILLUPURAM,2008,Whole Year,Tobacco,1,1,1
Tamil Nadu,VILLUPURAM,2008,Whole Year,Turmeric,2005,4728,2.358104738
Tamil Nadu,VILLUPURAM,2008,Whole Year,Urad,16875,9222,0.546488889
Tamil Nadu,VILLUPURAM,2009,Kharif,Rice,148454,467831,3.151353281
Tamil Nadu,VILLUPURAM,2009,Kharif,Small millets,2009,1883,0.93728223
Tamil Nadu,VILLUPURAM,2009,Whole Year,Arecanut,39,75,1.923076923
Tamil Nadu,VILLUPURAM,2009,Whole Year,Arhar/Tur,519,397,0.764932563
Tamil Nadu,VILLUPURAM,2009,Whole Year,Bajra,11325,12082,1.066843267
Tamil Nadu,VILLUPURAM,2009,Whole Year,Banana,1151,49489,42.99652476
Tamil Nadu,VILLUPURAM,2009,Whole Year,Cardamom,1,,
Tamil Nadu,VILLUPURAM,2009,Whole Year,Cashewnut,5282,2261,0.428057554
Tamil Nadu,VILLUPURAM,2009,Whole Year,Castor seed,33,22,0.666666667
Tamil Nadu,VILLUPURAM,2009,Whole Year,Coconut,1995,26500,13.28320802
Tamil Nadu,VILLUPURAM,2009,Whole Year,Coriander,157,62,0.394904459
Tamil Nadu,VILLUPURAM,2009,Whole Year,Cotton(lint),6519,11611,1.781101396
Tamil Nadu,VILLUPURAM,2009,Whole Year,Dry chillies,254,136,0.535433071
Tamil Nadu,VILLUPURAM,2009,Whole Year,Gram,57,13,0.228070175
Tamil Nadu,VILLUPURAM,2009,Whole Year,Groundnut,47957,138908,2.896511458
Tamil Nadu,VILLUPURAM,2009,Whole Year,Horse-gram,202,93,0.46039604
Tamil Nadu,VILLUPURAM,2009,Whole Year,Jowar,2110,2727,1.292417062
Tamil Nadu,VILLUPURAM,2009,Whole Year,Maize,3811,17527,4.599055366
Tamil Nadu,VILLUPURAM,2009,Whole Year,Moong(Green Gram),99,34,0.343434343
Tamil Nadu,VILLUPURAM,2009,Whole Year,Onion,193,1882,9.751295337
Tamil Nadu,VILLUPURAM,2009,Whole Year,Ragi,638,1351,2.117554859
Tamil Nadu,VILLUPURAM,2009,Whole Year,Sesamum,3974,2024,0.509310518
Tamil Nadu,VILLUPURAM,2009,Whole Year,Sugarcane,54139,5796759,107.0717782
Tamil Nadu,VILLUPURAM,2009,Whole Year,Sunflower,417,698,1.673860911
Tamil Nadu,VILLUPURAM,2009,Whole Year,Sweet potato,94,1045,11.11702128
Tamil Nadu,VILLUPURAM,2009,Whole Year,Tapioca,11013,343699,31.20848089
Tamil Nadu,VILLUPURAM,2009,Whole Year,Turmeric,2043,6696,3.27753304
Tamil Nadu,VILLUPURAM,2009,Whole Year,Urad,17276,8378,0.48495022
Tamil Nadu,VILLUPURAM,2010,Kharif,Arhar/Tur,117,77,0.658119658
Tamil Nadu,VILLUPURAM,2010,Kharif,Castor seed,19,22,1.157894737
Tamil Nadu,VILLUPURAM,2010,Kharif,Cotton(lint),5489,13300,2.423027874
Tamil Nadu,VILLUPURAM,2010,Kharif,Groundnut,39556,94634,2.392405703
Tamil Nadu,VILLUPURAM,2010,Kharif,Horse-gram,266,126,0.473684211
Tamil Nadu,VILLUPURAM,2010,Kharif,Maize,3015,14227,4.718739635
Tamil Nadu,VILLUPURAM,2010,Kharif,Moong(Green Gram),147,61,0.414965986
Tamil Nadu,VILLUPURAM,2010,Kharif,Ragi,588,1259,2.141156463
Tamil Nadu,VILLUPURAM,2010,Kharif,Rice,149929,512013,3.415036451
Tamil Nadu,VILLUPURAM,2010,Kharif,Sunflower,123,213,1.731707317
Tamil Nadu,VILLUPURAM,2010,Kharif,Urad,20144,16791,0.833548451
Tamil Nadu,VILLUPURAM,2010,Rabi,Gram,37,8,0.216216216
Tamil Nadu,VILLUPURAM,2010,Whole Year,Sugarcane,64348,7236792,112.4633555
Tamil Nadu,VILLUPURAM,2011,Kharif,Bajra,12586,29491,2.343159066
Tamil Nadu,VILLUPURAM,2011,Kharif,Cotton(lint),6126,12728,2.0777016
Tamil Nadu,VILLUPURAM,2011,Kharif,Groundnut,23925,55603,2.324054336
Tamil Nadu,VILLUPURAM,2011,Kharif,Jowar,69,71,1.028985507
Tamil Nadu,VILLUPURAM,2011,Kharif,Maize,5332,37266,6.989122281
Tamil Nadu,VILLUPURAM,2011,Kharif,Ragi,373,983,2.63538874
Tamil Nadu,VILLUPURAM,2011,Kharif,Rice,129858,471615,3.631774708
Tamil Nadu,VILLUPURAM,2011,Rabi,Bajra,237,379,1.599156118
Tamil Nadu,VILLUPURAM,2011,Rabi,Cotton(lint),94,308,3.276595745
Tamil Nadu,VILLUPURAM,2011,Rabi,Groundnut,12299,43233,3.515163834
Tamil Nadu,VILLUPURAM,2011,Rabi,Jowar,2,3,1.5
Tamil Nadu,VILLUPURAM,2011,Rabi,Maize,374,2487,6.64973262
Tamil Nadu,VILLUPURAM,2011,Rabi,Ragi,173,313,1.809248555
Tamil Nadu,VILLUPURAM,2011,Whole Year,Arecanut,42,103,2.452380952
Tamil Nadu,VILLUPURAM,2011,Whole Year,Arhar/Tur,76,66,0.868421053
Tamil Nadu,VILLUPURAM,2011,Whole Year,Banana,1282,56016,43.69422777
Tamil Nadu,VILLUPURAM,2011,Whole Year,Cashewnut,4715,610,0.129374337
Tamil Nadu,VILLUPURAM,2011,Whole Year,Castor seed,14,13,0.928571429
Tamil Nadu,VILLUPURAM,2011,Whole Year,Coconut,1890,18900000,10000
Tamil Nadu,VILLUPURAM,2011,Whole Year,Coriander,13,6,0.461538462
Tamil Nadu,VILLUPURAM,2011,Whole Year,Dry chillies,140,61,0.435714286
Tamil Nadu,VILLUPURAM,2011,Whole Year,Horse-gram,182,98,0.538461538
Tamil Nadu,VILLUPURAM,2011,Whole Year,Moong(Green Gram),289,145,0.501730104
Tamil Nadu,VILLUPURAM,2011,Whole Year,Onion,173,1895,10.95375723
Tamil Nadu,VILLUPURAM,2011,Whole Year,Small millets,1912,2224,1.163179916
Tamil Nadu,VILLUPURAM,2011,Whole Year,Sugarcane,73460,8062159,109.7489654
Tamil Nadu,VILLUPURAM,2011,Whole Year,Sunflower,156,291,1.865384615
Tamil Nadu,VILLUPURAM,2011,Whole Year,Sweet potato,30,377,12.56666667
Tamil Nadu,VILLUPURAM,2011,Whole Year,Tapioca,12264,264335,21.55373451
Tamil Nadu,VILLUPURAM,2011,Whole Year,Turmeric,3911,10274,2.626949629
Tamil Nadu,VILLUPURAM,2011,Whole Year,Urad,22393,15973,0.713303264
Tamil Nadu,VILLUPURAM,2012,Kharif,Arhar/Tur,106,83,0.783018868
Tamil Nadu,VILLUPURAM,2012,Kharif,Castor seed,33,6.13,0.185757576
Tamil Nadu,VILLUPURAM,2012,Kharif,Cotton(lint),6944,17145,2.469038018
Tamil Nadu,VILLUPURAM,2012,Kharif,Groundnut,34034,92527,2.718663689
Tamil Nadu,VILLUPURAM,2012,Kharif,Horse-gram,271,109,0.402214022
Tamil Nadu,VILLUPURAM,2012,Kharif,Maize,5386,21524,3.996286669
Tamil Nadu,VILLUPURAM,2012,Kharif,Moong(Green Gram),166,47,0.28313253
Tamil Nadu,VILLUPURAM,2012,Kharif,Ragi,451,914,2.026607539
Tamil Nadu,VILLUPURAM,2012,Kharif,Rice,115591,396530,3.430457389
Tamil Nadu,VILLUPURAM,2012,Kharif,Sunflower,146,236,1.616438356
Tamil Nadu,VILLUPURAM,2012,Kharif,Urad,22759,9515,0.418076365
Tamil Nadu,VILLUPURAM,2012,Rabi,Gram,6,1,0.166666667
Tamil Nadu,VILLUPURAM,2012,Whole Year,Sugarcane,79437,8704838,109.5816559
Tamil Nadu,VILLUPURAM,2013,Kharif,Bajra,14041,34739,2.474111531
Tamil Nadu,VILLUPURAM,2013,Kharif,Castor seed,171,116,0.678362573
Tamil Nadu,VILLUPURAM,2013,Kharif,Cotton(lint),9322,21093,2.262711864
Tamil Nadu,VILLUPURAM,2013,Kharif,Groundnut,24051,56802,2.361731321
Tamil Nadu,VILLUPURAM,2013,Kharif,Horse-gram,81,50,0.617283951
Tamil Nadu,VILLUPURAM,2013,Kharif,Jowar,227,253,1.114537445
Tamil Nadu,VILLUPURAM,2013,Kharif,Maize,19340,129683,6.705429162
Tamil Nadu,VILLUPURAM,2013,Kharif,Moong(Green Gram),1051,591,0.562321598
Tamil Nadu,VILLUPURAM,2013,Kharif,Onion,59,686,11.62711864
Tamil Nadu,VILLUPURAM,2013,Kharif,Ragi,1035,2832,2.736231884
Tamil Nadu,VILLUPURAM,2013,Kharif,Rice,170443,796608,4.673750169
Tamil Nadu,VILLUPURAM,2013,Kharif,Sunflower,29,52,1.793103448
Tamil Nadu,VILLUPURAM,2013,Kharif,Urad,21670,21509,0.992570374
Tamil Nadu,VILLUPURAM,2013,Rabi,Bajra,1793,5751,3.207473508
Tamil Nadu,VILLUPURAM,2013,Rabi,Cotton(lint),267,631,2.36329588
Tamil Nadu,VILLUPURAM,2013,Rabi,Groundnut,21436,91724,4.278969957
Tamil Nadu,VILLUPURAM,2013,Rabi,Horse-gram,307,198,0.64495114
Tamil Nadu,VILLUPURAM,2013,Rabi,Jowar,121,260,2.148760331
Tamil Nadu,VILLUPURAM,2013,Rabi,Maize,13396,67009,5.002164825
Tamil Nadu,VILLUPURAM,2013,Rabi,Moong(Green Gram),1022,824,0.806262231
Tamil Nadu,VILLUPURAM,2013,Rabi,Onion,47,398,8.468085106
Tamil Nadu,VILLUPURAM,2013,Rabi,Ragi,2925,10499,3.589401709
Tamil Nadu,VILLUPURAM,2013,Rabi,Sunflower,36,58,1.611111111
Tamil Nadu,VILLUPURAM,2013,Rabi,Urad,40011,40984,1.024318312
Tamil Nadu,VILLUPURAM,2013,Whole Year,Arecanut,42,53,1.261904762
Tamil Nadu,VILLUPURAM,2013,Whole Year,Arhar/Tur,2513,2430,0.966971747
Tamil Nadu,VILLUPURAM,2013,Whole Year,Banana,975,40496,41.53435897
Tamil Nadu,VILLUPURAM,2013,Whole Year,Cashewnut,5103,2409,0.47207525
Tamil Nadu,VILLUPURAM,2013,Whole Year,Coconut,1780,19100000,10730.33708
Tamil Nadu,VILLUPURAM,2013,Whole Year,Coriander,2,1,0.5
Tamil Nadu,VILLUPURAM,2013,Whole Year,Dry chillies,144,39,0.270833333
Tamil Nadu,VILLUPURAM,2013,Whole Year,Gram,1,1,1
Tamil Nadu,VILLUPURAM,2013,Whole Year,Small millets,2032,2124,1.045275591
Tamil Nadu,VILLUPURAM,2013,Whole Year,Sugarcane,88786,10598908,119.3758926
Tamil Nadu,VILLUPURAM,2013,Whole Year,Sweet potato,42,887,21.11904762
Tamil Nadu,VILLUPURAM,2013,Whole Year,Tapioca,12705,328328,25.84242424
Tamil Nadu,VILLUPURAM,2013,Whole Year,Tobacco,1,1,1
Tamil Nadu,VILLUPURAM,2013,Whole Year,Turmeric,2252,5040,2.238010657
Tamil Nadu,VIRUDHUNAGAR,1997,Kharif,Banana,491,16863,34.34419552
Tamil Nadu,VIRUDHUNAGAR,1997,Kharif,Horse-gram,66,30,0.454545455
Tamil Nadu,VIRUDHUNAGAR,1997,Kharif,Onion,1329,9252,6.961625282
Tamil Nadu,VIRUDHUNAGAR,1997,Kharif,Sesamum,3559,1080,0.303456027
Tamil Nadu,VIRUDHUNAGAR,1997,Kharif,Small millets,342,350,1.023391813
Tamil Nadu,VIRUDHUNAGAR,1997,Whole Year,Arhar/Tur,1054,530,0.5028463
Tamil Nadu,VIRUDHUNAGAR,1997,Whole Year,Bajra,9956,18240,1.832061069
Tamil Nadu,VIRUDHUNAGAR,1997,Whole Year,Banana,747,36040,48.24631861
Tamil Nadu,VIRUDHUNAGAR,1997,Whole Year,Cardamom,332,30,0.090361446
Tamil Nadu,VIRUDHUNAGAR,1997,Whole Year,Castor seed,292,50,0.171232877
Tamil Nadu,VIRUDHUNAGAR,1997,Whole Year,Coriander,6260,2420,0.38658147
Tamil Nadu,VIRUDHUNAGAR,1997,Whole Year,Cotton(lint),30069,29810,0.991386478
Tamil Nadu,VIRUDHUNAGAR,1997,Whole Year,Dry chillies,4238,2970,0.700802265
Tamil Nadu,VIRUDHUNAGAR,1997,Whole Year,Gram,122,60,0.491803279
Tamil Nadu,VIRUDHUNAGAR,1997,Whole Year,Groundnut,10777,10090,0.936253132
Tamil Nadu,VIRUDHUNAGAR,1997,Whole Year,Jowar,6115,5460,0.892886345
Tamil Nadu,VIRUDHUNAGAR,1997,Whole Year,Maize,2543,5120,2.013370035
Tamil Nadu,VIRUDHUNAGAR,1997,Whole Year,Moong(Green Gram),6453,1930,0.299085697
Tamil Nadu,VIRUDHUNAGAR,1997,Whole Year,Onion,1506,7890,5.239043825
Tamil Nadu,VIRUDHUNAGAR,1997,Whole Year,Pulses total,16675,6230,0.373613193
Tamil Nadu,VIRUDHUNAGAR,1997,Whole Year,Ragi,902,2020,2.239467849
Tamil Nadu,VIRUDHUNAGAR,1997,Whole Year,Rice,36208,112240,3.099867433
Tamil Nadu,VIRUDHUNAGAR,1997,Whole Year,Small millets,260,10,0.038461538
Tamil Nadu,VIRUDHUNAGAR,1997,Whole Year,Sugarcane,2639,2833000,1073.512694
Tamil Nadu,VIRUDHUNAGAR,1997,Whole Year,Sunflower,1651,590,0.357359176
Tamil Nadu,VIRUDHUNAGAR,1997,Whole Year,Sweet potato,68,990,14.55882353
Tamil Nadu,VIRUDHUNAGAR,1997,Whole Year,Tapioca,7,260,37.14285714
Tamil Nadu,VIRUDHUNAGAR,1997,Whole Year,Total foodgrain,73909,150270,2.033175933
Tamil Nadu,VIRUDHUNAGAR,1997,Whole Year,Urad,6604,3230,0.489097517
Tamil Nadu,VIRUDHUNAGAR,1998,Kharif,Arhar/Tur,1526,656,0.429882045
Tamil Nadu,VIRUDHUNAGAR,1998,Kharif,Bajra,11715,22916,1.956124627
Tamil Nadu,VIRUDHUNAGAR,1998,Kharif,Cotton(lint),36641,49094,1.339865178
Tamil Nadu,VIRUDHUNAGAR,1998,Kharif,Groundnut,14464,19383,1.34008573
Tamil Nadu,VIRUDHUNAGAR,1998,Kharif,Horse-gram,62,31,0.5
Tamil Nadu,VIRUDHUNAGAR,1998,Kharif,Jowar,7029,7864,1.118793569
Tamil Nadu,VIRUDHUNAGAR,1998,Kharif,Maize,4132,8326,2.01500484
Tamil Nadu,VIRUDHUNAGAR,1998,Kharif,Moong(Green Gram),14036,7706,0.549016814
Tamil Nadu,VIRUDHUNAGAR,1998,Kharif,Pulses total,26994,13615,0.504371342
Tamil Nadu,VIRUDHUNAGAR,1998,Kharif,Ragi,1352,2814,2.081360947
Tamil Nadu,VIRUDHUNAGAR,1998,Kharif,Rice,34953,119875,3.42960547
Tamil Nadu,VIRUDHUNAGAR,1998,Kharif,Sesamum,7382,3590,0.486318071
Tamil Nadu,VIRUDHUNAGAR,1998,Kharif,Small millets,50700,24600,0.485207101
Tamil Nadu,VIRUDHUNAGAR,1998,Kharif,Sunflower,2542,2740,1.077891424
Tamil Nadu,VIRUDHUNAGAR,1998,Kharif,Total foodgrain,88356,17746,0.200846575
Tamil Nadu,VIRUDHUNAGAR,1998,Kharif,Urad,8106,4596,0.566987417
Tamil Nadu,VIRUDHUNAGAR,1998,Rabi,Gram,28,18,0.642857143
Tamil Nadu,VIRUDHUNAGAR,1998,Whole Year,Banana,328,16028,48.86585366
Tamil Nadu,VIRUDHUNAGAR,1998,Whole Year,Cardamom,344,30,0.087209302
Tamil Nadu,VIRUDHUNAGAR,1998,Whole Year,Cashewnut,4,1,0.25
Tamil Nadu,VIRUDHUNAGAR,1998,Whole Year,Coriander,8027,3102,0.386445746
Tamil Nadu,VIRUDHUNAGAR,1998,Whole Year,Dry chillies,3027,2122,0.701024116
Tamil Nadu,VIRUDHUNAGAR,1998,Whole Year,Onion,1123,5885,5.240427427
Tamil Nadu,VIRUDHUNAGAR,1998,Whole Year,Sugarcane,3707,454970,122.7326679
Tamil Nadu,VIRUDHUNAGAR,1999,Kharif,Arhar/Tur,1546,639,0.413324709
Tamil Nadu,VIRUDHUNAGAR,1999,Kharif,Bajra,13422,19742,1.470868723
Tamil Nadu,VIRUDHUNAGAR,1999,Kharif,Cotton(lint),29613,31673,1.069564043
Tamil Nadu,VIRUDHUNAGAR,1999,Kharif,Groundnut,11559,17503,1.514231335
Tamil Nadu,VIRUDHUNAGAR,1999,Kharif,Horse-gram,120,51,0.425
Tamil Nadu,VIRUDHUNAGAR,1999,Kharif,Jowar,3317,3597,1.084413627
Tamil Nadu,VIRUDHUNAGAR,1999,Kharif,Korra,240,105,0.4375
Tamil Nadu,VIRUDHUNAGAR,1999,Kharif,Maize,9484,19259,2.030683256
Tamil Nadu,VIRUDHUNAGAR,1999,Kharif,Moong(Green Gram),12069,5491,0.454967272
Tamil Nadu,VIRUDHUNAGAR,1999,Kharif,Ragi,779,1168,1.499358151
Tamil Nadu,VIRUDHUNAGAR,1999,Kharif,Rice,31374,116839,3.724070887
Tamil Nadu,VIRUDHUNAGAR,1999,Kharif,Sesamum,5023,2091,0.416285089
Tamil Nadu,VIRUDHUNAGAR,1999,Kharif,Sunflower,1913,1217,0.636173549
Tamil Nadu,VIRUDHUNAGAR,1999,Kharif,Urad,6327,3556,0.56203572
Tamil Nadu,VIRUDHUNAGAR,1999,Kharif,Varagu,390,374,0.958974359
Tamil Nadu,VIRUDHUNAGAR,1999,Rabi,Gram,110,54,0.490909091
Tamil Nadu,VIRUDHUNAGAR,1999,Rabi,Samai,18,15,0.833333333
Tamil Nadu,VIRUDHUNAGAR,1999,Whole Year,Banana,491,16863,34.34419552
Tamil Nadu,VIRUDHUNAGAR,1999,Whole Year,Cardamom,344,29,0.084302326
Tamil Nadu,VIRUDHUNAGAR,1999,Whole Year,Coriander,3963,729,0.183951552
Tamil Nadu,VIRUDHUNAGAR,1999,Whole Year,Dry chillies,4348,2397,0.551287948
Tamil Nadu,VIRUDHUNAGAR,1999,Whole Year,Guar seed,3052,30871,10.11500655
Tamil Nadu,VIRUDHUNAGAR,1999,Whole Year,Onion,1329,9252,6.961625282
Tamil Nadu,VIRUDHUNAGAR,1999,Whole Year,Sugarcane,3052,317444,104.0117955
Tamil Nadu,VIRUDHUNAGAR,1999,Whole Year,Sweet potato,28,339,12.10714286
Tamil Nadu,VIRUDHUNAGAR,1999,Whole Year,Tapioca,3,106,35.33333333
Tamil Nadu,VIRUDHUNAGAR,1999,Whole Year,Turmeric,25,144,5.76
Tamil Nadu,VIRUDHUNAGAR,2000,Kharif,Arhar/Tur,1421,587,0.413089374
Tamil Nadu,VIRUDHUNAGAR,2000,Kharif,Bajra,10671,15448,1.447661887
Tamil Nadu,VIRUDHUNAGAR,2000,Kharif,Cotton(lint),26955,33925,1.258579113
Tamil Nadu,VIRUDHUNAGAR,2000,Kharif,Dry ginger,1,26,26
Tamil Nadu,VIRUDHUNAGAR,2000,Kharif,Groundnut,10763,14233,1.322400818
Tamil Nadu,VIRUDHUNAGAR,2000,Kharif,Horse-gram,87,38,0.436781609
Tamil Nadu,VIRUDHUNAGAR,2000,Kharif,Jowar,10746,9558,0.889447236
Tamil Nadu,VIRUDHUNAGAR,2000,Kharif,Maize,9266,18816,2.030649687
Tamil Nadu,VIRUDHUNAGAR,2000,Kharif,Moong(Green Gram),10640,7352,0.690977444
Tamil Nadu,VIRUDHUNAGAR,2000,Kharif,Other Cereals & Millets,268,191,0.712686567
Tamil Nadu,VIRUDHUNAGAR,2000,Kharif,Other Kharif pulses,2563,487,0.190011705
Tamil Nadu,VIRUDHUNAGAR,2000,Kharif,Ragi,936,1554,1.66025641
Tamil Nadu,VIRUDHUNAGAR,2000,Kharif,Rice,22370,89429,3.997720161
Tamil Nadu,VIRUDHUNAGAR,2000,Kharif,Sesamum,3775,1883,0.498807947
Tamil Nadu,VIRUDHUNAGAR,2000,Kharif,Sunflower,869,606,0.69735328
Tamil Nadu,VIRUDHUNAGAR,2000,Kharif,Urad,7064,3970,0.56200453
Tamil Nadu,VIRUDHUNAGAR,2000,Rabi,Gram,34,17,0.5
Tamil Nadu,VIRUDHUNAGAR,2000,Whole Year,Banana,459,15764,34.34422658
Tamil Nadu,VIRUDHUNAGAR,2000,Whole Year,Coriander,2154,396,0.183844011
Tamil Nadu,VIRUDHUNAGAR,2000,Whole Year,Dry chillies,2612,1674,0.640888208
Tamil Nadu,VIRUDHUNAGAR,2000,Whole Year,Onion,851,5924,6.961222092
Tamil Nadu,VIRUDHUNAGAR,2000,Whole Year,Sannhamp,1021,744,0.728697356
Tamil Nadu,VIRUDHUNAGAR,2000,Whole Year,Sugarcane,3475,361441,104.0117986
Tamil Nadu,VIRUDHUNAGAR,2000,Whole Year,Sweet potato,7,85,12.14285714
Tamil Nadu,VIRUDHUNAGAR,2001,Kharif,Arhar/Tur,1016,660,0.649606299
Tamil Nadu,VIRUDHUNAGAR,2001,Kharif,Bajra,6420,8760,1.364485981
Tamil Nadu,VIRUDHUNAGAR,2001,Kharif,Cotton(lint),21257,28670,1.348732182
Tamil Nadu,VIRUDHUNAGAR,2001,Kharif,Groundnut,5760,7350,1.276041667
Tamil Nadu,VIRUDHUNAGAR,2001,Kharif,Jowar,7007,5630,0.803482232
Tamil Nadu,VIRUDHUNAGAR,2001,Kharif,Moong(Green Gram),7165,4310,0.601535241
Tamil Nadu,VIRUDHUNAGAR,2001,Kharif,Ragi,666,1630,2.447447447
Tamil Nadu,VIRUDHUNAGAR,2001,Kharif,Rice,29388,92270,3.139716891
Tamil Nadu,VIRUDHUNAGAR,2001,Kharif,Sesamum,3259,1700,0.521632403
Tamil Nadu,VIRUDHUNAGAR,2001,Kharif,Sunflower,1089,720,0.661157025
Tamil Nadu,VIRUDHUNAGAR,2001,Kharif,Urad,5659,4210,0.743947694
Tamil Nadu,VIRUDHUNAGAR,2001,Whole Year,Sugarcane,3825,383200,100.1830065
Tamil Nadu,VIRUDHUNAGAR,2002,Kharif,Arhar/Tur,824,449,0.544902913
Tamil Nadu,VIRUDHUNAGAR,2002,Kharif,Bajra,6258,8040,1.284755513
Tamil Nadu,VIRUDHUNAGAR,2002,Kharif,Castor seed,23,5,0.217391304
Tamil Nadu,VIRUDHUNAGAR,2002,Kharif,Cotton(lint),17934,18312,1.021077283
Tamil Nadu,VIRUDHUNAGAR,2002,Kharif,Groundnut,7069,3031,0.428773518
Tamil Nadu,VIRUDHUNAGAR,2002,Kharif,Horse-gram,47,12,0.255319149
Tamil Nadu,VIRUDHUNAGAR,2002,Kharif,Jowar,6264,3869,0.61765645
Tamil Nadu,VIRUDHUNAGAR,2002,Kharif,Korra,13,5,0.384615385
Tamil Nadu,VIRUDHUNAGAR,2002,Kharif,Maize,8899,18011,2.023935274
Tamil Nadu,VIRUDHUNAGAR,2002,Kharif,Moong(Green Gram),9931,6598,0.664384251
Tamil Nadu,VIRUDHUNAGAR,2002,Kharif,Other Kharif pulses,1066,190,0.178236398
Tamil Nadu,VIRUDHUNAGAR,2002,Kharif,Ragi,558,1049,1.879928315
Tamil Nadu,VIRUDHUNAGAR,2002,Kharif,Rice,31607,86662,2.74186098
Tamil Nadu,VIRUDHUNAGAR,2002,Kharif,Samai,32,23,0.71875
Tamil Nadu,VIRUDHUNAGAR,2002,Kharif,Sesamum,1551,538,0.346872985
Tamil Nadu,VIRUDHUNAGAR,2002,Kharif,Small millets,1314,681,0.51826484
Tamil Nadu,VIRUDHUNAGAR,2002,Kharif,Sunflower,820,413,0.503658537
Tamil Nadu,VIRUDHUNAGAR,2002,Kharif,Urad,6312,2518,0.398922687
Tamil Nadu,VIRUDHUNAGAR,2002,Kharif,Varagu,113,126,1.115044248
Tamil Nadu,VIRUDHUNAGAR,2002,Rabi,Gram,120,60,0.5
Tamil Nadu,VIRUDHUNAGAR,2002,Whole Year,Ash Gourd,2,0,0
Tamil Nadu,VIRUDHUNAGAR,2002,Whole Year,Banana,934,34514,36.95289079
Tamil Nadu,VIRUDHUNAGAR,2002,Whole Year,Ber,14,0,0
Tamil Nadu,VIRUDHUNAGAR,2002,Whole Year,Bhindi,157,1170,7.452229299
Tamil Nadu,VIRUDHUNAGAR,2002,Whole Year,Bitter Gourd,34,0,0
Tamil Nadu,VIRUDHUNAGAR,2002,Whole Year,Bottle Gourd,3,0,0
Tamil Nadu,VIRUDHUNAGAR,2002,Whole Year,Brinjal,231,1761,7.623376623
Tamil Nadu,VIRUDHUNAGAR,2002,Whole Year,Cashewnut,34,10,0.294117647
Tamil Nadu,VIRUDHUNAGAR,2002,Whole Year,Citrus Fruit,263,292,1.11026616
Tamil Nadu,VIRUDHUNAGAR,2002,Whole Year,Coconut,8511,64900,7.625425919
Tamil Nadu,VIRUDHUNAGAR,2002,Whole Year,Coriander,3869,724,0.187128457
Tamil Nadu,VIRUDHUNAGAR,2002,Whole Year,Cucumber,27,0,0
Tamil Nadu,VIRUDHUNAGAR,2002,Whole Year,Drum Stick,21,0,0
Tamil Nadu,VIRUDHUNAGAR,2002,Whole Year,Dry chillies,5144,3435,0.667768274
Tamil Nadu,VIRUDHUNAGAR,2002,Whole Year,Grapes,1,15,15
Tamil Nadu,VIRUDHUNAGAR,2002,Whole Year,Jack Fruit,49,555,11.32653061
Tamil Nadu,VIRUDHUNAGAR,2002,Whole Year,Lab-Lab,8,0,0
Tamil Nadu,VIRUDHUNAGAR,2002,Whole Year,Mango,1493,14647,9.810448761
Tamil Nadu,VIRUDHUNAGAR,2002,Whole Year,Onion,1312,9542,7.272865854
Tamil Nadu,VIRUDHUNAGAR,2002,Whole Year,Orange,1,2,2
Tamil Nadu,VIRUDHUNAGAR,2002,Whole Year,Other Citrus Fruit,61,0,0
Tamil Nadu,VIRUDHUNAGAR,2002,Whole Year,Other Fresh Fruits,255,0,0
Tamil Nadu,VIRUDHUNAGAR,2002,Whole Year,Other Vegetables,114,0,0
Tamil Nadu,VIRUDHUNAGAR,2002,Whole Year,Papaya,16,0,0
Tamil Nadu,VIRUDHUNAGAR,2002,Whole Year,Pome Fruit,914,4782,5.231947484
Tamil Nadu,VIRUDHUNAGAR,2002,Whole Year,Pome Granet,12,0,0
Tamil Nadu,VIRUDHUNAGAR,2002,Whole Year,Pump Kin,4,0,0
Tamil Nadu,VIRUDHUNAGAR,2002,Whole Year,Ribed Guard,14,0,0
Tamil Nadu,VIRUDHUNAGAR,2002,Whole Year,Snak Guard,2,0,0
Tamil Nadu,VIRUDHUNAGAR,2002,Whole Year,Sugarcane,3580,328780,91.83798883
Tamil Nadu,VIRUDHUNAGAR,2002,Whole Year,Sweet potato,70,956,13.65714286
Tamil Nadu,VIRUDHUNAGAR,2002,Whole Year,Tapioca,23,727,31.60869565
Tamil Nadu,VIRUDHUNAGAR,2002,Whole Year,Tomato,277,3412,12.31768953
Tamil Nadu,VIRUDHUNAGAR,2002,Whole Year,Turmeric,1,4,4
Tamil Nadu,VIRUDHUNAGAR,2002,Whole Year,Water Melon,1,0,0
Tamil Nadu,VIRUDHUNAGAR,2002,Whole Year,Yam,36,0,0
Tamil Nadu,VIRUDHUNAGAR,2003,Kharif,Arhar/Tur,500,306,0.612
Tamil Nadu,VIRUDHUNAGAR,2003,Kharif,Bajra,4849,5331,1.099401939
Tamil Nadu,VIRUDHUNAGAR,2003,Kharif,Castor seed,21,4,0.19047619
Tamil Nadu,VIRUDHUNAGAR,2003,Kharif,Cotton(lint),17883,13734,0.767991948
Tamil Nadu,VIRUDHUNAGAR,2003,Kharif,Groundnut,8557,4161,0.486268552
Tamil Nadu,VIRUDHUNAGAR,2003,Kharif,Horse-gram,74,20,0.27027027
Tamil Nadu,VIRUDHUNAGAR,2003,Kharif,Jowar,7996,6695,0.837293647
Tamil Nadu,VIRUDHUNAGAR,2003,Kharif,Korra,22,9,0.409090909
Tamil Nadu,VIRUDHUNAGAR,2003,Kharif,Maize,8429,17077,2.02598173
Tamil Nadu,VIRUDHUNAGAR,2003,Kharif,Moong(Green Gram),11917,5894,0.494587564
Tamil Nadu,VIRUDHUNAGAR,2003,Kharif,Other Kharif pulses,1537,269,0.175016265
Tamil Nadu,VIRUDHUNAGAR,2003,Kharif,Ragi,500,983,1.966
Tamil Nadu,VIRUDHUNAGAR,2003,Kharif,Rice,24139,43976,1.821782178
Tamil Nadu,VIRUDHUNAGAR,2003,Kharif,Sesamum,3661,981,0.267959574
Tamil Nadu,VIRUDHUNAGAR,2003,Kharif,Small millets,1357,656,0.483419307
Tamil Nadu,VIRUDHUNAGAR,2003,Kharif,Sunflower,700,294,0.42
Tamil Nadu,VIRUDHUNAGAR,2003,Kharif,Urad,5426,2218,0.408772576
Tamil Nadu,VIRUDHUNAGAR,2003,Rabi,Gram,146,73,0.5
Tamil Nadu,VIRUDHUNAGAR,2003,Whole Year,Arecanut,1,,
Tamil Nadu,VIRUDHUNAGAR,2003,Whole Year,Ash Gourd,4,0,0
Tamil Nadu,VIRUDHUNAGAR,2003,Whole Year,Banana,760,26885,35.375
Tamil Nadu,VIRUDHUNAGAR,2003,Whole Year,Ber,4,0,0
Tamil Nadu,VIRUDHUNAGAR,2003,Whole Year,Bhindi,127,890,7.007874016
Tamil Nadu,VIRUDHUNAGAR,2003,Whole Year,Bitter Gourd,17,0,0
Tamil Nadu,VIRUDHUNAGAR,2003,Whole Year,Bottle Gourd,10,0,0
Tamil Nadu,VIRUDHUNAGAR,2003,Whole Year,Brinjal,199,2225,11.18090452
Tamil Nadu,VIRUDHUNAGAR,2003,Whole Year,Cardamom,279,24,0.086021505
Tamil Nadu,VIRUDHUNAGAR,2003,Whole Year,Cashewnut,66,23,0.348484848
Tamil Nadu,VIRUDHUNAGAR,2003,Whole Year,Citrus Fruit,274,286,1.04379562
Tamil Nadu,VIRUDHUNAGAR,2003,Whole Year,Coconut,8574,64100,7.476090506
Tamil Nadu,VIRUDHUNAGAR,2003,Whole Year,Coriander,5077,1076,0.211936183
Tamil Nadu,VIRUDHUNAGAR,2003,Whole Year,Cucumber,12,0,0
Tamil Nadu,VIRUDHUNAGAR,2003,Whole Year,Drum Stick,22,0,0
Tamil Nadu,VIRUDHUNAGAR,2003,Whole Year,Dry chillies,5872,3129,0.532867847
Tamil Nadu,VIRUDHUNAGAR,2003,Whole Year,Jack Fruit,25,242,9.68
Tamil Nadu,VIRUDHUNAGAR,2003,Whole Year,Lab-Lab,10,0,0
Tamil Nadu,VIRUDHUNAGAR,2003,Whole Year,Mango,1607,11809,7.34847542
Tamil Nadu,VIRUDHUNAGAR,2003,Whole Year,Onion,1201,6859,5.711074105
Tamil Nadu,VIRUDHUNAGAR,2003,Whole Year,Orange,2,4,2
Tamil Nadu,VIRUDHUNAGAR,2003,Whole Year,Other Citrus Fruit,112,0,0
Tamil Nadu,VIRUDHUNAGAR,2003,Whole Year,Other Fresh Fruits,354,0,0
Tamil Nadu,VIRUDHUNAGAR,2003,Whole Year,Other Vegetables,78,0,0
Tamil Nadu,VIRUDHUNAGAR,2003,Whole Year,Papaya,26,0,0
Tamil Nadu,VIRUDHUNAGAR,2003,Whole Year,Pome Fruit,831,5835,7.02166065
Tamil Nadu,VIRUDHUNAGAR,2003,Whole Year,Pome Granet,4,0,0
Tamil Nadu,VIRUDHUNAGAR,2003,Whole Year,Pump Kin,2,0,0
Tamil Nadu,VIRUDHUNAGAR,2003,Whole Year,Ribed Guard,17,0,0
Tamil Nadu,VIRUDHUNAGAR,2003,Whole Year,Snak Guard,4,0,0
Tamil Nadu,VIRUDHUNAGAR,2003,Whole Year,Sugarcane,2871,291919,101.6785092
Tamil Nadu,VIRUDHUNAGAR,2003,Whole Year,Sweet potato,64,927,14.484375
Tamil Nadu,VIRUDHUNAGAR,2003,Whole Year,Tapioca,30,1011,33.7
Tamil Nadu,VIRUDHUNAGAR,2003,Whole Year,Tomato,190,1928,10.14736842
Tamil Nadu,VIRUDHUNAGAR,2003,Whole Year,Water Melon,2,0,0
Tamil Nadu,VIRUDHUNAGAR,2003,Whole Year,Yam,165,0,0
Tamil Nadu,VIRUDHUNAGAR,2004,Kharif,Arhar/Tur,381,254,0.666666667
Tamil Nadu,VIRUDHUNAGAR,2004,Kharif,Bajra,5585,6718,1.202864816
Tamil Nadu,VIRUDHUNAGAR,2004,Kharif,Castor seed,67,14,0.208955224
Tamil Nadu,VIRUDHUNAGAR,2004,Kharif,Cotton(lint),17439,16648,0.954641895
Tamil Nadu,VIRUDHUNAGAR,2004,Kharif,Groundnut,7487,8558,1.14304795
Tamil Nadu,VIRUDHUNAGAR,2004,Kharif,Horse-gram,329,98,0.29787234
Tamil Nadu,VIRUDHUNAGAR,2004,Kharif,Jowar,11596,7388,0.637116247
Tamil Nadu,VIRUDHUNAGAR,2004,Kharif,Maize,8236,16693,2.026833414
Tamil Nadu,VIRUDHUNAGAR,2004,Kharif,Moong(Green Gram),9917,6007,0.605727539
Tamil Nadu,VIRUDHUNAGAR,2004,Kharif,Other Kharif pulses,1177,206,0.17502124
Tamil Nadu,VIRUDHUNAGAR,2004,Kharif,Ragi,414,781,1.88647343
Tamil Nadu,VIRUDHUNAGAR,2004,Kharif,Rice,29713,86992,2.927742066
Tamil Nadu,VIRUDHUNAGAR,2004,Kharif,Sesamum,3783,1228,0.324610098
Tamil Nadu,VIRUDHUNAGAR,2004,Kharif,Small millets,1475,771,0.522711864
Tamil Nadu,VIRUDHUNAGAR,2004,Kharif,Sunflower,584,346,0.592465753
Tamil Nadu,VIRUDHUNAGAR,2004,Kharif,Urad,5455,3582,0.65664528
Tamil Nadu,VIRUDHUNAGAR,2004,Rabi,Gram,128,64,0.5
Tamil Nadu,VIRUDHUNAGAR,2004,Whole Year,Arecanut,1,1,1
Tamil Nadu,VIRUDHUNAGAR,2004,Whole Year,Banana,510,21663,42.47647059
Tamil Nadu,VIRUDHUNAGAR,2004,Whole Year,Cardamom,279,24,0.086021505
Tamil Nadu,VIRUDHUNAGAR,2004,Whole Year,Cashewnut,72,26,0.361111111
Tamil Nadu,VIRUDHUNAGAR,2004,Whole Year,Coconut,8478,63900,7.537154989
Tamil Nadu,VIRUDHUNAGAR,2004,Whole Year,Coriander,3137,1974,0.629263628
Tamil Nadu,VIRUDHUNAGAR,2004,Whole Year,Dry chillies,3595,2726,0.758275382
Tamil Nadu,VIRUDHUNAGAR,2004,Whole Year,Onion,1179,6322,5.362171332
Tamil Nadu,VIRUDHUNAGAR,2004,Whole Year,Sugarcane,2194,218450,99.56700091
Tamil Nadu,VIRUDHUNAGAR,2004,Whole Year,Sweet potato,46,696,15.13043478
Tamil Nadu,VIRUDHUNAGAR,2004,Whole Year,Tapioca,9,371,41.22222222
Tamil Nadu,VIRUDHUNAGAR,2004,Whole Year,Turmeric,2,11,5.5
Tamil Nadu,VIRUDHUNAGAR,2005,Kharif,Arhar/Tur,697,376,0.539454806
Tamil Nadu,VIRUDHUNAGAR,2005,Kharif,Bajra,6246,9186,1.470701249
Tamil Nadu,VIRUDHUNAGAR,2005,Kharif,Castor seed,46,10,0.217391304
Tamil Nadu,VIRUDHUNAGAR,2005,Kharif,Cotton(lint),13867,15753,1.136006346
Tamil Nadu,VIRUDHUNAGAR,2005,Kharif,Groundnut,9383,12176,1.297665992
Tamil Nadu,VIRUDHUNAGAR,2005,Kharif,Horse-gram,93,34,0.365591398
Tamil Nadu,VIRUDHUNAGAR,2005,Kharif,Jowar,9819,6754,0.687850087
Tamil Nadu,VIRUDHUNAGAR,2005,Kharif,Maize,11186,,
Tamil Nadu,VIRUDHUNAGAR,2005,Kharif,Moong(Green Gram),11393,3109,0.27288686
Tamil Nadu,VIRUDHUNAGAR,2005,Kharif,Other Kharif pulses,1181,240,0.203217612
Tamil Nadu,VIRUDHUNAGAR,2005,Kharif,Ragi,385,677,1.758441558
Tamil Nadu,VIRUDHUNAGAR,2005,Kharif,Rice,30776,98482,3.199961009
Tamil Nadu,VIRUDHUNAGAR,2005,Kharif,Sesamum,2706,848,0.313377679
Tamil Nadu,VIRUDHUNAGAR,2005,Kharif,Small millets,884,482,0.545248869
Tamil Nadu,VIRUDHUNAGAR,2005,Kharif,Sunflower,493,400,0.811359026
Tamil Nadu,VIRUDHUNAGAR,2005,Kharif,Urad,6996,2919,0.417238422
Tamil Nadu,VIRUDHUNAGAR,2005,Rabi,Gram,150,75,0.5
Tamil Nadu,VIRUDHUNAGAR,2005,Whole Year,Arecanut,1,1,1
Tamil Nadu,VIRUDHUNAGAR,2005,Whole Year,Banana,791,38842,49.10493047
Tamil Nadu,VIRUDHUNAGAR,2005,Whole Year,Cardamom,279,24,0.086021505
Tamil Nadu,VIRUDHUNAGAR,2005,Whole Year,Cashewnut,82,31,0.37804878
Tamil Nadu,VIRUDHUNAGAR,2005,Whole Year,Coconut,8500,687,0.080823529
Tamil Nadu,VIRUDHUNAGAR,2005,Whole Year,Coriander,4715,1804,0.382608696
Tamil Nadu,VIRUDHUNAGAR,2005,Whole Year,Dry chillies,2132,1799,0.84380863
Tamil Nadu,VIRUDHUNAGAR,2005,Whole Year,Onion,1153,4925,4.271465742
Tamil Nadu,VIRUDHUNAGAR,2005,Whole Year,Sugarcane,3209,371525,115.7759427
Tamil Nadu,VIRUDHUNAGAR,2005,Whole Year,Sweet potato,49,1022,20.85714286
Tamil Nadu,VIRUDHUNAGAR,2005,Whole Year,Tapioca,7,267,38.14285714
Tamil Nadu,VIRUDHUNAGAR,2006,Kharif,Rice,32735,158214,4.8331755
Tamil Nadu,VIRUDHUNAGAR,2006,Kharif,Small millets,1993,1090,0.5469142
Tamil Nadu,VIRUDHUNAGAR,2006,Whole Year,Arecanut,1,1,1
Tamil Nadu,VIRUDHUNAGAR,2006,Whole Year,Arhar/Tur,400,293,0.7325
Tamil Nadu,VIRUDHUNAGAR,2006,Whole Year,Bajra,4409,16713,3.790655477
Tamil Nadu,VIRUDHUNAGAR,2006,Whole Year,Banana,973,52137,53.58376156
Tamil Nadu,VIRUDHUNAGAR,2006,Whole Year,Cardamom,279,24,0.086021505
Tamil Nadu,VIRUDHUNAGAR,2006,Whole Year,Cashewnut,63,29,0.46031746
Tamil Nadu,VIRUDHUNAGAR,2006,Whole Year,Castor seed,37,8,0.216216216
Tamil Nadu,VIRUDHUNAGAR,2006,Whole Year,Coconut,8808,699,0.079359673
Tamil Nadu,VIRUDHUNAGAR,2006,Whole Year,Coriander,5117,2176,0.425249169
Tamil Nadu,VIRUDHUNAGAR,2006,Whole Year,Cotton(lint),11535,21908,1.899263112
Tamil Nadu,VIRUDHUNAGAR,2006,Whole Year,Dry chillies,2820,2592,0.919148936
Tamil Nadu,VIRUDHUNAGAR,2006,Whole Year,Gram,146,73,0.5
Tamil Nadu,VIRUDHUNAGAR,2006,Whole Year,Groundnut,7198,11323,1.573075854
Tamil Nadu,VIRUDHUNAGAR,2006,Whole Year,Horse-gram,63,37,0.587301587
Tamil Nadu,VIRUDHUNAGAR,2006,Whole Year,Jowar,7114,6741,0.947568175
Tamil Nadu,VIRUDHUNAGAR,2006,Whole Year,Maize,13293,71841,5.404423381
Tamil Nadu,VIRUDHUNAGAR,2006,Whole Year,Moong(Green Gram),9860,9355,0.948782961
Tamil Nadu,VIRUDHUNAGAR,2006,Whole Year,Onion,1343,3527,2.626209978
Tamil Nadu,VIRUDHUNAGAR,2006,Whole Year,Ragi,204,527,2.583333333
Tamil Nadu,VIRUDHUNAGAR,2006,Whole Year,Sesamum,1863,778,0.417606012
Tamil Nadu,VIRUDHUNAGAR,2006,Whole Year,Sugarcane,4211,455740,108.2260746
Tamil Nadu,VIRUDHUNAGAR,2006,Whole Year,Sunflower,664,923,1.390060241
Tamil Nadu,VIRUDHUNAGAR,2006,Whole Year,Sweet potato,62,1042,16.80645161
Tamil Nadu,VIRUDHUNAGAR,2006,Whole Year,Tapioca,29,1171,40.37931034
Tamil Nadu,VIRUDHUNAGAR,2006,Whole Year,Turmeric,9,52,5.777777778
Tamil Nadu,VIRUDHUNAGAR,2006,Whole Year,Urad,6983,6654,0.952885579
Tamil Nadu,VIRUDHUNAGAR,2007,Kharif,Rice,28214,93093,3.299532147
Tamil Nadu,VIRUDHUNAGAR,2007,Kharif,Small millets,1841,963,0.52308528
Tamil Nadu,VIRUDHUNAGAR,2007,Whole Year,Arecanut,2,4,2
Tamil Nadu,VIRUDHUNAGAR,2007,Whole Year,Arhar/Tur,319,224,0.702194357
Tamil Nadu,VIRUDHUNAGAR,2007,Whole Year,Bajra,3950,7586,1.920506329
Tamil Nadu,VIRUDHUNAGAR,2007,Whole Year,Banana,961,45879,47.7408949
Tamil Nadu,VIRUDHUNAGAR,2007,Whole Year,Cardamom,279,24,0.086021505
Tamil Nadu,VIRUDHUNAGAR,2007,Whole Year,Cashewnut,69,39,0.565217391
Tamil Nadu,VIRUDHUNAGAR,2007,Whole Year,Castor seed,24,5,0.208333333
Tamil Nadu,VIRUDHUNAGAR,2007,Whole Year,Coconut,8892,716,0.080521817
Tamil Nadu,VIRUDHUNAGAR,2007,Whole Year,Coriander,3576,2281,0.637863535
Tamil Nadu,VIRUDHUNAGAR,2007,Whole Year,Cotton(lint),8723,13722,1.573082655
Tamil Nadu,VIRUDHUNAGAR,2007,Whole Year,Dry chillies,3752,2155,0.574360341
Tamil Nadu,VIRUDHUNAGAR,2007,Whole Year,Gram,159,80,0.503144654
Tamil Nadu,VIRUDHUNAGAR,2007,Whole Year,Groundnut,7692,9098,1.182787311
Tamil Nadu,VIRUDHUNAGAR,2007,Whole Year,Horse-gram,90,40,0.444444444
Tamil Nadu,VIRUDHUNAGAR,2007,Whole Year,Jowar,9278,7842,0.845225264
Tamil Nadu,VIRUDHUNAGAR,2007,Whole Year,Maize,13246,69618,5.255775328
Tamil Nadu,VIRUDHUNAGAR,2007,Whole Year,Moong(Green Gram),10419,5862,0.562625972
Tamil Nadu,VIRUDHUNAGAR,2007,Whole Year,Onion,1276,6811,5.337774295
Tamil Nadu,VIRUDHUNAGAR,2007,Whole Year,Ragi,194,309,1.592783505
Tamil Nadu,VIRUDHUNAGAR,2007,Whole Year,Sesamum,1853,660,0.356179169
Tamil Nadu,VIRUDHUNAGAR,2007,Whole Year,Small millets,1841,963,0.52308528
Tamil Nadu,VIRUDHUNAGAR,2007,Whole Year,Sugarcane,4438,439668,99.06894998
Tamil Nadu,VIRUDHUNAGAR,2007,Whole Year,Sunflower,1088,777,0.714154412
Tamil Nadu,VIRUDHUNAGAR,2007,Whole Year,Sweet potato,26,353,13.57692308
Tamil Nadu,VIRUDHUNAGAR,2007,Whole Year,Tapioca,20,844,42.2
Tamil Nadu,VIRUDHUNAGAR,2007,Whole Year,Turmeric,1,5,5
Tamil Nadu,VIRUDHUNAGAR,2007,Whole Year,Urad,6798,1768,0.260076493
Tamil Nadu,VIRUDHUNAGAR,2008,Kharif,Rice,32497,104587,3.218358618
Tamil Nadu,VIRUDHUNAGAR,2008,Kharif,Small millets,680,533,0.783823529
Tamil Nadu,VIRUDHUNAGAR,2008,Whole Year,Arecanut,1,2,2
Tamil Nadu,VIRUDHUNAGAR,2008,Whole Year,Arhar/Tur,399,103,0.258145363
Tamil Nadu,VIRUDHUNAGAR,2008,Whole Year,Bajra,3130,5515,1.761980831
Tamil Nadu,VIRUDHUNAGAR,2008,Whole Year,Banana,863,38363,44.45307068
Tamil Nadu,VIRUDHUNAGAR,2008,Whole Year,Cardamom,279,24,0.086021505
Tamil Nadu,VIRUDHUNAGAR,2008,Whole Year,Cashewnut,73,38,0.520547945
Tamil Nadu,VIRUDHUNAGAR,2008,Whole Year,Castor seed,27,6,0.222222222
Tamil Nadu,VIRUDHUNAGAR,2008,Whole Year,Coconut,8818,609000,69.06327966
Tamil Nadu,VIRUDHUNAGAR,2008,Whole Year,Coriander,3289,1940,0.589844938
Tamil Nadu,VIRUDHUNAGAR,2008,Whole Year,Cotton(lint),8705,12033,1.382309018
Tamil Nadu,VIRUDHUNAGAR,2008,Whole Year,Dry chillies,3104,2998,0.965850515
Tamil Nadu,VIRUDHUNAGAR,2008,Whole Year,Gram,167,83,0.497005988
Tamil Nadu,VIRUDHUNAGAR,2008,Whole Year,Groundnut,8795,11358,1.291415577
Tamil Nadu,VIRUDHUNAGAR,2008,Whole Year,Horse-gram,63,30,0.476190476
Tamil Nadu,VIRUDHUNAGAR,2008,Whole Year,Jowar,11078,16715,1.508846362
Tamil Nadu,VIRUDHUNAGAR,2008,Whole Year,Maize,16466,76838,4.666464229
Tamil Nadu,VIRUDHUNAGAR,2008,Whole Year,Moong(Green Gram),8027,4161,0.518375483
Tamil Nadu,VIRUDHUNAGAR,2008,Whole Year,Onion,1295,8571,6.618532819
Tamil Nadu,VIRUDHUNAGAR,2008,Whole Year,Ragi,200,437,2.185
Tamil Nadu,VIRUDHUNAGAR,2008,Whole Year,Sesamum,2528,412,0.162974684
Tamil Nadu,VIRUDHUNAGAR,2008,Whole Year,Small millets,1007,533,0.529294935
Tamil Nadu,VIRUDHUNAGAR,2008,Whole Year,Sugarcane,3903,411236,105.3640789
Tamil Nadu,VIRUDHUNAGAR,2008,Whole Year,Sunflower,1522,622,0.408672799
Tamil Nadu,VIRUDHUNAGAR,2008,Whole Year,Sweet potato,29,385,13.27586207
Tamil Nadu,VIRUDHUNAGAR,2008,Whole Year,Tapioca,38,1386,36.47368421
Tamil Nadu,VIRUDHUNAGAR,2008,Whole Year,Urad,4238,1666,0.393109958
Tamil Nadu,VIRUDHUNAGAR,2009,Kharif,Rice,26617,64716,2.431378442
Tamil Nadu,VIRUDHUNAGAR,2009,Kharif,Small millets,792,413,0.521464646
Tamil Nadu,VIRUDHUNAGAR,2009,Whole Year,Arecanut,1,2,2
Tamil Nadu,VIRUDHUNAGAR,2009,Whole Year,Arhar/Tur,353,100,0.283286119
Tamil Nadu,VIRUDHUNAGAR,2009,Whole Year,Bajra,3259,5010,1.537281375
Tamil Nadu,VIRUDHUNAGAR,2009,Whole Year,Banana,837,35988,42.99641577
Tamil Nadu,VIRUDHUNAGAR,2009,Whole Year,Cardamom,279,24,0.086021505
Tamil Nadu,VIRUDHUNAGAR,2009,Whole Year,Cashewnut,65,33,0.507692308
Tamil Nadu,VIRUDHUNAGAR,2009,Whole Year,Castor seed,16,4,0.25
Tamil Nadu,VIRUDHUNAGAR,2009,Whole Year,Coconut,9468,99400,10.49852134
Tamil Nadu,VIRUDHUNAGAR,2009,Whole Year,Coriander,4432,1826,0.41200361
Tamil Nadu,VIRUDHUNAGAR,2009,Whole Year,Cotton(lint),7876,10922,1.38674454
Tamil Nadu,VIRUDHUNAGAR,2009,Whole Year,Dry chillies,2963,2619,0.883901451
Tamil Nadu,VIRUDHUNAGAR,2009,Whole Year,Gram,134,67,0.5
Tamil Nadu,VIRUDHUNAGAR,2009,Whole Year,Groundnut,6832,4694,0.68706089
Tamil Nadu,VIRUDHUNAGAR,2009,Whole Year,Horse-gram,15,7,0.466666667
Tamil Nadu,VIRUDHUNAGAR,2009,Whole Year,Jowar,9428,10155,1.077110734
Tamil Nadu,VIRUDHUNAGAR,2009,Whole Year,Maize,13868,50337,3.629723104
Tamil Nadu,VIRUDHUNAGAR,2009,Whole Year,Moong(Green Gram),7147,2323,0.325031482
Tamil Nadu,VIRUDHUNAGAR,2009,Whole Year,Onion,1183,8525,7.206255283
Tamil Nadu,VIRUDHUNAGAR,2009,Whole Year,Potato,3,55,18.33333333
Tamil Nadu,VIRUDHUNAGAR,2009,Whole Year,Ragi,134,319,2.380597015
Tamil Nadu,VIRUDHUNAGAR,2009,Whole Year,Sesamum,2521,391,0.155097184
Tamil Nadu,VIRUDHUNAGAR,2009,Whole Year,Sugarcane,3193,333333,104.3949264
Tamil Nadu,VIRUDHUNAGAR,2009,Whole Year,Sunflower,1105,686,0.62081448
Tamil Nadu,VIRUDHUNAGAR,2009,Whole Year,Sweet potato,41,600,14.63414634
Tamil Nadu,VIRUDHUNAGAR,2009,Whole Year,Tapioca,9,310,34.44444444
Tamil Nadu,VIRUDHUNAGAR,2009,Whole Year,Urad,3543,824,0.232571267
Tamil Nadu,VIRUDHUNAGAR,2010,Kharif,Arhar/Tur,371,246,0.663072776
Tamil Nadu,VIRUDHUNAGAR,2010,Kharif,Castor seed,20,5,0.25
Tamil Nadu,VIRUDHUNAGAR,2010,Kharif,Cotton(lint),7904,14022,1.774038462
Tamil Nadu,VIRUDHUNAGAR,2010,Kharif,Groundnut,5837,6398,1.096111016
Tamil Nadu,VIRUDHUNAGAR,2010,Kharif,Horse-gram,28,12,0.428571429
Tamil Nadu,VIRUDHUNAGAR,2010,Kharif,Maize,10775,55456,5.146728538
Tamil Nadu,VIRUDHUNAGAR,2010,Kharif,Moong(Green Gram),11533,2368,0.205323853
Tamil Nadu,VIRUDHUNAGAR,2010,Kharif,Ragi,128,358,2.796875
Tamil Nadu,VIRUDHUNAGAR,2010,Kharif,Rice,30568,94515,3.091958911
Tamil Nadu,VIRUDHUNAGAR,2010,Kharif,Sunflower,680,250,0.367647059
Tamil Nadu,VIRUDHUNAGAR,2010,Kharif,Urad,5156,1079,0.209270753
Tamil Nadu,VIRUDHUNAGAR,2010,Rabi,Gram,93,46,0.494623656
Tamil Nadu,VIRUDHUNAGAR,2010,Whole Year,Sugarcane,3314,287655,86.79993965
Tamil Nadu,VIRUDHUNAGAR,2011,Kharif,Bajra,418,721,1.724880383
Tamil Nadu,VIRUDHUNAGAR,2011,Kharif,Cotton(lint),4746,12075,2.544247788
Tamil Nadu,VIRUDHUNAGAR,2011,Kharif,Groundnut,3315,5393,1.626847662
Tamil Nadu,VIRUDHUNAGAR,2011,Kharif,Jowar,3674,1585,0.431409907
Tamil Nadu,VIRUDHUNAGAR,2011,Kharif,Maize,7431,51733,6.961781725
Tamil Nadu,VIRUDHUNAGAR,2011,Kharif,Ragi,26,69,2.653846154
Tamil Nadu,VIRUDHUNAGAR,2011,Kharif,Rice,29658,118469,3.994504012
Tamil Nadu,VIRUDHUNAGAR,2011,Rabi,Bajra,1782,4924,2.76318743
Tamil Nadu,VIRUDHUNAGAR,2011,Rabi,Cotton(lint),4893,11251,2.299407317
Tamil Nadu,VIRUDHUNAGAR,2011,Rabi,Groundnut,2063,3591,1.740668929
Tamil Nadu,VIRUDHUNAGAR,2011,Rabi,Jowar,5978,9730,1.62763466
Tamil Nadu,VIRUDHUNAGAR,2011,Rabi,Maize,9775,61510,6.29258312
Tamil Nadu,VIRUDHUNAGAR,2011,Rabi,Ragi,27,84,3.111111111
Tamil Nadu,VIRUDHUNAGAR,2011,Whole Year,Arecanut,1,2,2
Tamil Nadu,VIRUDHUNAGAR,2011,Whole Year,Arhar/Tur,407,354,0.86977887
Tamil Nadu,VIRUDHUNAGAR,2011,Whole Year,Banana,917,40068,43.69465649
Tamil Nadu,VIRUDHUNAGAR,2011,Whole Year,Cardamom,317,27,0.085173502
Tamil Nadu,VIRUDHUNAGAR,2011,Whole Year,Cashewnut,67,18,0.268656716
Tamil Nadu,VIRUDHUNAGAR,2011,Whole Year,Castor seed,25,4,0.16
Tamil Nadu,VIRUDHUNAGAR,2011,Whole Year,Coconut,9844,127900000,12992.6859
Tamil Nadu,VIRUDHUNAGAR,2011,Whole Year,Coriander,2505,1810,0.72255489
Tamil Nadu,VIRUDHUNAGAR,2011,Whole Year,Dry chillies,2662,2690,1.010518407
Tamil Nadu,VIRUDHUNAGAR,2011,Whole Year,Gram,49,32,0.653061224
Tamil Nadu,VIRUDHUNAGAR,2011,Whole Year,Horse-gram,33,18,0.545454545
Tamil Nadu,VIRUDHUNAGAR,2011,Whole Year,Moong(Green Gram),8261,6309,0.763708994
Tamil Nadu,VIRUDHUNAGAR,2011,Whole Year,Onion,1395,9947,7.13046595
Tamil Nadu,VIRUDHUNAGAR,2011,Whole Year,Small millets,1367,790,0.577907827
Tamil Nadu,VIRUDHUNAGAR,2011,Whole Year,Sugarcane,3259,373134,114.4934029
Tamil Nadu,VIRUDHUNAGAR,2011,Whole Year,Sunflower,564,754,1.336879433
Tamil Nadu,VIRUDHUNAGAR,2011,Whole Year,Sweet potato,22,638,29
Tamil Nadu,VIRUDHUNAGAR,2011,Whole Year,Tapioca,14,528,37.71428571
Tamil Nadu,VIRUDHUNAGAR,2011,Whole Year,Turmeric,1,5,5
Tamil Nadu,VIRUDHUNAGAR,2011,Whole Year,Urad,4083,2443,0.598334558
Tamil Nadu,VIRUDHUNAGAR,2012,Kharif,Arhar/Tur,307,242,0.788273616
Tamil Nadu,VIRUDHUNAGAR,2012,Kharif,Castor seed,45,10,0.222222222
Tamil Nadu,VIRUDHUNAGAR,2012,Kharif,Cotton(lint),8209,11859,1.444633938
Tamil Nadu,VIRUDHUNAGAR,2012,Kharif,Groundnut,4520,5015,1.109513274
Tamil Nadu,VIRUDHUNAGAR,2012,Kharif,Horse-gram,97,39,0.402061856
Tamil Nadu,VIRUDHUNAGAR,2012,Kharif,Maize,23483,52304,2.227313376
Tamil Nadu,VIRUDHUNAGAR,2012,Kharif,Moong(Green Gram),4842,782,0.161503511
Tamil Nadu,VIRUDHUNAGAR,2012,Kharif,Ragi,170,445,2.617647059
Tamil Nadu,VIRUDHUNAGAR,2012,Kharif,Rice,22973,40467,1.761502634
Tamil Nadu,VIRUDHUNAGAR,2012,Kharif,Sunflower,843,189,0.224199288
Tamil Nadu,VIRUDHUNAGAR,2012,Kharif,Urad,2871,908,0.316266109
Tamil Nadu,VIRUDHUNAGAR,2012,Rabi,Gram,17,8,0.470588235
Tamil Nadu,VIRUDHUNAGAR,2012,Whole Year,Sugarcane,3319,297582,89.6601386
Tamil Nadu,VIRUDHUNAGAR,2013,Kharif,Bajra,180,583,3.238888889
Tamil Nadu,VIRUDHUNAGAR,2013,Kharif,Castor seed,34,8,0.235294118
Tamil Nadu,VIRUDHUNAGAR,2013,Kharif,Cotton(lint),3818,9248,2.422210581
Tamil Nadu,VIRUDHUNAGAR,2013,Kharif,Groundnut,3297,4135,1.254170458
Tamil Nadu,VIRUDHUNAGAR,2013,Kharif,Horse-gram,31,20,0.64516129
Tamil Nadu,VIRUDHUNAGAR,2013,Kharif,Jowar,3635,8393,2.308940853
Tamil Nadu,VIRUDHUNAGAR,2013,Kharif,Maize,4396,19488,4.433121019
Tamil Nadu,VIRUDHUNAGAR,2013,Kharif,Moong(Green Gram),775,428,0.552258065
Tamil Nadu,VIRUDHUNAGAR,2013,Kharif,Onion,180,939,5.216666667
Tamil Nadu,VIRUDHUNAGAR,2013,Kharif,Ragi,14,38,2.714285714
Tamil Nadu,VIRUDHUNAGAR,2013,Kharif,Rice,16470,68146,4.137583485
Tamil Nadu,VIRUDHUNAGAR,2013,Kharif,Sunflower,5,9,1.8
Tamil Nadu,VIRUDHUNAGAR,2013,Kharif,Urad,520,437,0.840384615
Tamil Nadu,VIRUDHUNAGAR,2013,Rabi,Bajra,3752,9894,2.636993603
Tamil Nadu,VIRUDHUNAGAR,2013,Rabi,Cotton(lint),5904,14203,2.405657182
Tamil Nadu,VIRUDHUNAGAR,2013,Rabi,Groundnut,1913,3839,2.006795609
Tamil Nadu,VIRUDHUNAGAR,2013,Rabi,Horse-gram,14,9,0.642857143
Tamil Nadu,VIRUDHUNAGAR,2013,Rabi,Jowar,11163,28449,2.548508465
Tamil Nadu,VIRUDHUNAGAR,2013,Rabi,Maize,21161,96554,4.562827844
Tamil Nadu,VIRUDHUNAGAR,2013,Rabi,Moong(Green Gram),3926,2434,0.619969435
Tamil Nadu,VIRUDHUNAGAR,2013,Rabi,Onion,864,7069,8.181712963
Tamil Nadu,VIRUDHUNAGAR,2013,Rabi,Ragi,77,305,3.961038961
Tamil Nadu,VIRUDHUNAGAR,2013,Rabi,Sunflower,804,1162,1.445273632
Tamil Nadu,VIRUDHUNAGAR,2013,Rabi,Urad,2301,1461,0.63494133
Tamil Nadu,VIRUDHUNAGAR,2013,Whole Year,Arecanut,1,1,1
Tamil Nadu,VIRUDHUNAGAR,2013,Whole Year,Arhar/Tur,741,797,1.075573549
Tamil Nadu,VIRUDHUNAGAR,2013,Whole Year,Banana,866,35969,41.53464203
Tamil Nadu,VIRUDHUNAGAR,2013,Whole Year,Cardamom,325,28,0.086153846
Tamil Nadu,VIRUDHUNAGAR,2013,Whole Year,Cashewnut,36,10,0.277777778
Tamil Nadu,VIRUDHUNAGAR,2013,Whole Year,Coconut,10041,117600000,11711.98088
Tamil Nadu,VIRUDHUNAGAR,2013,Whole Year,Coriander,1173,724,0.617220801
Tamil Nadu,VIRUDHUNAGAR,2013,Whole Year,Dry chillies,1416,1347,0.951271186
Tamil Nadu,VIRUDHUNAGAR,2013,Whole Year,Gram,18,12,0.666666667
Tamil Nadu,VIRUDHUNAGAR,2013,Whole Year,Small millets,1187,676,0.569502949
Tamil Nadu,VIRUDHUNAGAR,2013,Whole Year,Sugarcane,2917,296017,101.4799451
Tamil Nadu,VIRUDHUNAGAR,2013,Whole Year,Sweet potato,4,84,21
Tamil Nadu,VIRUDHUNAGAR,2013,Whole Year,Tapioca,4,120,30
Tamil Nadu,VIRUDHUNAGAR,2013,Whole Year,Turmeric,4,15,3.75
Telangana,ADILABAD,1997,Kharif,Arhar/Tur,32200,1100,0.034161491
Telangana,ADILABAD,1997,Kharif,Castor seed,2600,700,0.269230769
Telangana,ADILABAD,1997,Kharif,Cotton(lint),144900,66500,0.458937198
Telangana,ADILABAD,1997,Kharif,Dry chillies,5500,3100,0.563636364
Telangana,ADILABAD,1997,Kharif,Jowar,58200,31500,0.541237113
Telangana,ADILABAD,1997,Kharif,Maize,23900,63000,2.635983264
Telangana,ADILABAD,1997,Kharif,Moong(Green Gram),20600,3600,0.174757282
Telangana,ADILABAD,1997,Kharif,Other Kharif pulses,1500,200,0.133333333
Telangana,ADILABAD,1997,Kharif,Rice,30600,29100,0.950980392
Telangana,ADILABAD,1997,Kharif,Sesamum,21700,1000,0.046082949
Telangana,ADILABAD,1997,Kharif,Sugarcane,200,15400,77
Telangana,ADILABAD,1997,Kharif,Sunflower,5200,2300,0.442307692
Telangana,ADILABAD,1997,Kharif,Urad,19500,6600,0.338461538
Telangana,ADILABAD,1997,Rabi,Dry chillies,700,1600,2.285714286
Telangana,ADILABAD,1997,Rabi,Gram,4000,500,0.125
Telangana,ADILABAD,1997,Rabi,Groundnut,3700,3300,0.891891892
Telangana,ADILABAD,1997,Rabi,Horse-gram,3200,300,0.09375
Telangana,ADILABAD,1997,Rabi,Jowar,96100,33500,0.348595213
Telangana,ADILABAD,1997,Rabi,Maize,4600,13700,2.97826087
Telangana,ADILABAD,1997,Rabi,Moong(Green Gram),4800,600,0.125
Telangana,ADILABAD,1997,Rabi,Other  Rabi pulses,2300,300,0.130434783
Telangana,ADILABAD,1997,Rabi,Rice,5200,12400,2.384615385
Telangana,ADILABAD,1997,Rabi,Sesamum,3900,400,0.102564103
Telangana,ADILABAD,1997,Rabi,Sunflower,1600,600,0.375
Telangana,ADILABAD,1997,Rabi,Urad,600,100,0.166666667
Telangana,ADILABAD,1997,Rabi,Wheat,3600,2000,0.555555556
Telangana,ADILABAD,1998,Kharif,Arhar/Tur,35900,12700,0.353760446
Telangana,ADILABAD,1998,Kharif,Castor seed,2100,400,0.19047619
Telangana,ADILABAD,1998,Kharif,Cotton(lint),162100,154400,0.952498458
Telangana,ADILABAD,1998,Kharif,Dry chillies,6000,3500,0.583333333
Telangana,ADILABAD,1998,Kharif,Groundnut,100,100,1
Telangana,ADILABAD,1998,Kharif,Jowar,49800,60400,1.212851406
Telangana,ADILABAD,1998,Kharif,Maize,24900,59500,2.389558233
Telangana,ADILABAD,1998,Kharif,Moong(Green Gram),18200,5300,0.291208791
Telangana,ADILABAD,1998,Kharif,Other Kharif pulses,1200,100,0.083333333
Telangana,ADILABAD,1998,Kharif,Rice,66400,152300,2.293674699
Telangana,ADILABAD,1998,Kharif,Sesamum,12400,2400,0.193548387
Telangana,ADILABAD,1998,Kharif,Sunflower,3800,2800,0.736842105
Telangana,ADILABAD,1998,Kharif,Urad,16900,6100,0.360946746
Telangana,ADILABAD,1998,Rabi,Arhar/Tur,100,100,1
Telangana,ADILABAD,1998,Rabi,Bajra,300,100,0.333333333
Telangana,ADILABAD,1998,Rabi,Dry chillies,700,1600,2.285714286
Telangana,ADILABAD,1998,Rabi,Gram,2900,400,0.137931034
Telangana,ADILABAD,1998,Rabi,Groundnut,5300,6900,1.301886792
Telangana,ADILABAD,1998,Rabi,Horse-gram,3200,600,0.1875
Telangana,ADILABAD,1998,Rabi,Jowar,93500,40900,0.437433155
Telangana,ADILABAD,1998,Rabi,Maize,4400,18400,4.181818182
Telangana,ADILABAD,1998,Rabi,Moong(Green Gram),3900,500,0.128205128
Telangana,ADILABAD,1998,Rabi,Other  Rabi pulses,2000,300,0.15
Telangana,ADILABAD,1998,Rabi,Rice,12200,33500,2.745901639
Telangana,ADILABAD,1998,Rabi,Sesamum,3100,900,0.290322581
Telangana,ADILABAD,1998,Rabi,Sunflower,700,300,0.428571429
Telangana,ADILABAD,1998,Rabi,Urad,700,300,0.428571429
Telangana,ADILABAD,1998,Rabi,Wheat,2800,1600,0.571428571
Telangana,ADILABAD,1998,Whole Year,Sugarcane,300,28800,96
Telangana,ADILABAD,1998,Whole Year,Tobacco,200,400,2
Telangana,ADILABAD,1999,Kharif,Castor seed,1787,399,0.223279239
Telangana,ADILABAD,1999,Kharif,Cotton(lint),164289,206811,1.258824389
Telangana,ADILABAD,1999,Kharif,Groundnut,179,87,0.48603352
Telangana,ADILABAD,1999,Kharif,Jowar,50587,62171,1.228991638
Telangana,ADILABAD,1999,Kharif,Maize,25763,65721,2.550983969
Telangana,ADILABAD,1999,Kharif,Masoor,38381,11169,0.291003361
Telangana,ADILABAD,1999,Kharif,Moong(Green Gram),19901,6110,0.307019748
Telangana,ADILABAD,1999,Kharif,Rice,66388,162451,2.446993433
Telangana,ADILABAD,1999,Kharif,Sesamum,2695,261,0.096846011
Telangana,ADILABAD,1999,Kharif,Urad,18323,9546,0.520984555
Telangana,ADILABAD,1999,Rabi,Bajra,644,377,0.585403727
Telangana,ADILABAD,1999,Rabi,Gram,3041,2007,0.65998027
Telangana,ADILABAD,1999,Rabi,Groundnut,4337,5048,1.163938206
Telangana,ADILABAD,1999,Rabi,Horse-gram,2298,894,0.389033943
Telangana,ADILABAD,1999,Rabi,Jowar,82630,35283,0.426999879
Telangana,ADILABAD,1999,Rabi,Linseed,3890,210,0.053984576
Telangana,ADILABAD,1999,Rabi,Maize,4761,18306,3.844990548
Telangana,ADILABAD,1999,Rabi,Masoor,296,86,0.290540541
Telangana,ADILABAD,1999,Rabi,Moong(Green Gram),3396,1138,0.335100118
Telangana,ADILABAD,1999,Rabi,Rapeseed &Mustard,38,8,0.210526316
Telangana,ADILABAD,1999,Rabi,Rice,10980,26616,2.424043716
Telangana,ADILABAD,1999,Rabi,Safflower,458,233,0.508733624
Telangana,ADILABAD,1999,Rabi,Sesamum,13168,1923,0.146035844
Telangana,ADILABAD,1999,Rabi,Urad,697,233,0.334289813
Telangana,ADILABAD,1999,Rabi,Wheat,3964,2656,0.670030272
Telangana,ADILABAD,1999,Whole Year,Dry chillies,8980,7549,0.84064588
Telangana,ADILABAD,1999,Whole Year,Onion,679,13020,19.17525773
Telangana,ADILABAD,1999,Whole Year,Sugarcane,316,20576,65.11392405
Telangana,ADILABAD,2000,Kharif,Arhar/Tur,38996,9437,0.241999179
Telangana,ADILABAD,2000,Kharif,Castor seed,1570,551,0.350955414
Telangana,ADILABAD,2000,Kharif,Cotton(lint),169332,104587,0.617644627
Telangana,ADILABAD,2000,Kharif,Dry chillies,9622,7890,0.819995843
Telangana,ADILABAD,2000,Kharif,Groundnut,224,157,0.700892857
Telangana,ADILABAD,2000,Kharif,Jowar,47373,75749,1.598990986
Telangana,ADILABAD,2000,Kharif,Maize,25795,73928,2.865981779
Telangana,ADILABAD,2000,Kharif,Moong(Green Gram),19096,6302,0.330016757
Telangana,ADILABAD,2000,Kharif,Onion,11,123,11.18181818
Telangana,ADILABAD,2000,Kharif,Other Kharif pulses,1271,174,0.136900079
Telangana,ADILABAD,2000,Kharif,other misc. pulses,1017,135,0.132743363
Telangana,ADILABAD,2000,Kharif,Rice,70645,146235,2.069997877
Telangana,ADILABAD,2000,Kharif,Samai,10,5,0.5
Telangana,ADILABAD,2000,Kharif,Sesamum,2396,206,0.085976628
Telangana,ADILABAD,2000,Kharif,Small millets,23,15,0.652173913
Telangana,ADILABAD,2000,Kharif,Sunflower,933,329,0.352625938
Telangana,ADILABAD,2000,Kharif,Urad,19031,10886,0.572014082
Telangana,ADILABAD,2000,Kharif,Varagu,13,10,0.769230769
Telangana,ADILABAD,2000,Rabi,Arhar/Tur,767,186,0.242503259
Telangana,ADILABAD,2000,Rabi,Bajra,518,311,0.6003861
Telangana,ADILABAD,2000,Rabi,Dry chillies,484,1119,2.311983471
Telangana,ADILABAD,2000,Rabi,Gram,2687,1349,0.502046892
Telangana,ADILABAD,2000,Rabi,Groundnut,3734,6015,1.610873058
Telangana,ADILABAD,2000,Rabi,Horse-gram,2012,394,0.19582505
Telangana,ADILABAD,2000,Rabi,Jowar,73626,43734,0.594002119
Telangana,ADILABAD,2000,Rabi,Linseed,4133,752,0.181950157
Telangana,ADILABAD,2000,Rabi,Maize,4703,21601,4.593025728
Telangana,ADILABAD,2000,Rabi,Moong(Green Gram),2847,954,0.335089568
Telangana,ADILABAD,2000,Rabi,Onion,577,14507,25.14211438
Telangana,ADILABAD,2000,Rabi,Other  Rabi pulses,1617,119,0.073593074
Telangana,ADILABAD,2000,Rabi,other misc. pulses,1577,101,0.064045656
Telangana,ADILABAD,2000,Rabi,Rice,6828,21023,3.07893966
Telangana,ADILABAD,2000,Rabi,Safflower,348,152,0.436781609
Telangana,ADILABAD,2000,Rabi,Sesamum,11710,2272,0.194022203
Telangana,ADILABAD,2000,Rabi,Urad,1006,532,0.528827038
Telangana,ADILABAD,2000,Rabi,Wheat,3681,1848,0.50203749
Telangana,ADILABAD,2000,Whole Year,Banana,159,51,0.320754717
Telangana,ADILABAD,2000,Whole Year,Cashewnut,24,4,0.166666667
Telangana,ADILABAD,2000,Whole Year,Coriander,3181,830,0.260924238
Telangana,ADILABAD,2000,Whole Year,Potato,18,68,3.777777778
Telangana,ADILABAD,2000,Whole Year,Sugarcane,149,11611,77.9261745
Telangana,ADILABAD,2000,Whole Year,Sweet potato,6,81,13.5
Telangana,ADILABAD,2000,Whole Year,Tobacco,134,72,0.537313433
Telangana,ADILABAD,2000,Whole Year,Turmeric,7125,26933,3.780070175
Telangana,ADILABAD,2001,Kharif,Arhar/Tur,38438,18027,0.468989021
Telangana,ADILABAD,2001,Kharif,Castor seed,1419,417,0.293868922
Telangana,ADILABAD,2001,Kharif,Cotton(lint),175552,270557,1.541178682
Telangana,ADILABAD,2001,Kharif,Dry chillies,5927,3497,0.59001181
Telangana,ADILABAD,2001,Kharif,Gram,1,1,1
Telangana,ADILABAD,2001,Kharif,Groundnut,70,50,0.714285714
Telangana,ADILABAD,2001,Kharif,Horse-gram,82,30,0.365853659
Telangana,ADILABAD,2001,Kharif,Jowar,37111,62161,1.675002021
Telangana,ADILABAD,2001,Kharif,Maize,22470,85498,3.804984424
Telangana,ADILABAD,2001,Kharif,Moong(Green Gram),18262,3378,0.184974263
Telangana,ADILABAD,2001,Kharif,Other Kharif pulses,1814,184,0.101433297
Telangana,ADILABAD,2001,Kharif,Rice,67358,150343,2.231999169
Telangana,ADILABAD,2001,Kharif,Samai,4,1,0.25
Telangana,ADILABAD,2001,Kharif,Sesamum,2126,272,0.127939793
Telangana,ADILABAD,2001,Kharif,Small millets,4,1,0.25
Telangana,ADILABAD,2001,Kharif,Sunflower,1221,629,0.515151515
Telangana,ADILABAD,2001,Kharif,Urad,19201,10657,0.555023176
Telangana,ADILABAD,2001,Rabi,Arhar/Tur,652,306,0.469325153
Telangana,ADILABAD,2001,Rabi,Bajra,628,293,0.46656051
Telangana,ADILABAD,2001,Rabi,Dry chillies,601,1656,2.755407654
Telangana,ADILABAD,2001,Rabi,Gram,3277,3621,1.104974062
Telangana,ADILABAD,2001,Rabi,Groundnut,3626,5011,1.381963596
Telangana,ADILABAD,2001,Rabi,Horse-gram,3088,1019,0.329987047
Telangana,ADILABAD,2001,Rabi,Jowar,74174,63196,0.851996657
Telangana,ADILABAD,2001,Rabi,Linseed,4638,1248,0.269081501
Telangana,ADILABAD,2001,Rabi,Maize,5243,23798,4.539004387
Telangana,ADILABAD,2001,Rabi,Moong(Green Gram),3591,1095,0.304928989
Telangana,ADILABAD,2001,Rabi,Onion,495,12933,26.12727273
Telangana,ADILABAD,2001,Rabi,Other  Rabi pulses,1761,372,0.211243612
Telangana,ADILABAD,2001,Rabi,Rapeseed &Mustard,23,7,0.304347826
Telangana,ADILABAD,2001,Rabi,Rice,9786,23398,2.390966687
Telangana,ADILABAD,2001,Rabi,Safflower,1537,518,0.337020169
Telangana,ADILABAD,2001,Rabi,Sesamum,12841,2478,0.192975625
Telangana,ADILABAD,2001,Rabi,Urad,838,142,0.169451074
Telangana,ADILABAD,2001,Rabi,Wheat,3721,3327,0.894114485
Telangana,ADILABAD,2001,Whole Year,Banana,225,5063,22.50222222
Telangana,ADILABAD,2001,Whole Year,Cashewnut,24,2,0.083333333
Telangana,ADILABAD,2001,Whole Year,Coriander,2076,1021,0.491811175
Telangana,ADILABAD,2001,Whole Year,Sugarcane,8,704,88
Telangana,ADILABAD,2001,Whole Year,Sweet potato,6,80,13.33333333
Telangana,ADILABAD,2001,Whole Year,Tobacco,69,169,2.449275362
Telangana,ADILABAD,2001,Whole Year,Turmeric,7118,21076,2.960944085
Telangana,ADILABAD,2002,Kharif,Arhar/Tur,40771,9989,0.245002575
Telangana,ADILABAD,2002,Kharif,Castor seed,1343,526,0.391660462
Telangana,ADILABAD,2002,Kharif,Cotton(lint),162008,171538,1.058824256
Telangana,ADILABAD,2002,Kharif,Dry chillies,9062,5836,0.644007945
Telangana,ADILABAD,2002,Kharif,Groundnut,139,78,0.561151079
Telangana,ADILABAD,2002,Kharif,Horse-gram,17,6,0.352941176
Telangana,ADILABAD,2002,Kharif,Jowar,39286,60461,1.53899608
Telangana,ADILABAD,2002,Kharif,Maize,23626,49993,2.116016253
Telangana,ADILABAD,2002,Kharif,Moong(Green Gram),17258,5212,0.302004867
Telangana,ADILABAD,2002,Kharif,Other Kharif pulses,1852,328,0.177105832
Telangana,ADILABAD,2002,Kharif,Ragi,158,183,1.158227848
Telangana,ADILABAD,2002,Kharif,Rice,71657,110710,1.544999093
Telangana,ADILABAD,2002,Kharif,Sesamum,2690,627,0.233085502
Telangana,ADILABAD,2002,Kharif,Small millets,160,78,0.4875
Telangana,ADILABAD,2002,Kharif,Soyabean,38558,0,0
Telangana,ADILABAD,2002,Kharif,Sunflower,364,194,0.532967033
Telangana,ADILABAD,2002,Kharif,Urad,26552,15772,0.594004218
Telangana,ADILABAD,2002,Rabi,Arhar/Tur,945,232,0.245502646
Telangana,ADILABAD,2002,Rabi,Bajra,960,455,0.473958333
Telangana,ADILABAD,2002,Rabi,Dry chillies,289,718,2.484429066
Telangana,ADILABAD,2002,Rabi,Gram,3711,4591,1.237132848
Telangana,ADILABAD,2002,Rabi,Groundnut,2479,2705,1.091165793
Telangana,ADILABAD,2002,Rabi,Horse-gram,1176,149,0.12670068
Telangana,ADILABAD,2002,Rabi,Jowar,53035,23919,0.451004054
Telangana,ADILABAD,2002,Rabi,Linseed,2966,902,0.304113284
Telangana,ADILABAD,2002,Rabi,Maize,4679,18884,4.035905108
Telangana,ADILABAD,2002,Rabi,Moong(Green Gram),2589,660,0.254924681
Telangana,ADILABAD,2002,Rabi,Onion,499,12469,24.98797595
Telangana,ADILABAD,2002,Rabi,Other  Rabi pulses,686,190,0.27696793
Telangana,ADILABAD,2002,Rabi,other oilseeds,28,35,1.25
Telangana,ADILABAD,2002,Rabi,Ragi,13,17,1.307692308
Telangana,ADILABAD,2002,Rabi,Rapeseed &Mustard,2,1,0.5
Telangana,ADILABAD,2002,Rabi,Rice,5137,11188,2.177924859
Telangana,ADILABAD,2002,Rabi,Safflower,735,207,0.281632653
Telangana,ADILABAD,2002,Rabi,Sesamum,8651,1540,0.178014102
Telangana,ADILABAD,2002,Rabi,Urad,1370,316,0.230656934
Telangana,ADILABAD,2002,Rabi,Wheat,3267,3006,0.920110193
Telangana,ADILABAD,2002,Whole Year,Banana,13,317,24.38461538
Telangana,ADILABAD,2002,Whole Year,Beans & Mutter(Vegetable),128,167,1.3046875
Telangana,ADILABAD,2002,Whole Year,Bhindi,297,780,2.626262626
Telangana,ADILABAD,2002,Whole Year,Bottle Gourd,1,0,0
Telangana,ADILABAD,2002,Whole Year,Brinjal,495,1453,2.935353535
Telangana,ADILABAD,2002,Whole Year,Cabbage,32,0,0
Telangana,ADILABAD,2002,Whole Year,Cashewnut,86,19,0.220930233
Telangana,ADILABAD,2002,Whole Year,Citrus Fruit,26,118,4.538461538
Telangana,ADILABAD,2002,Whole Year,Coriander,1197,500,0.417710944
Telangana,ADILABAD,2002,Whole Year,Cucumber,40,0,0
Telangana,ADILABAD,2002,Whole Year,Mango,3258,6269,1.924186618
Telangana,ADILABAD,2002,Whole Year,Orange,89,1612,18.11235955
Telangana,ADILABAD,2002,Whole Year,other fibres,45,0,0
Telangana,ADILABAD,2002,Whole Year,Other Fresh Fruits,40,0,0
Telangana,ADILABAD,2002,Whole Year,Other Vegetables,1401,0,0
Telangana,ADILABAD,2002,Whole Year,Pome Fruit,2,12,6
Telangana,ADILABAD,2002,Whole Year,Sugarcane,56,3990,71.25
Telangana,ADILABAD,2002,Whole Year,Sweet potato,5,54,10.8
Telangana,ADILABAD,2002,Whole Year,Tobacco,35,120,3.428571429
Telangana,ADILABAD,2002,Whole Year,Tomato,1851,7948,4.293895192
Telangana,ADILABAD,2002,Whole Year,Turmeric,6250,26538,4.24608
Telangana,ADILABAD,2003,Kharif,Arhar/Tur,38393,13284,0.346000573
Telangana,ADILABAD,2003,Kharif,Castor seed,1402,642,0.457917261
Telangana,ADILABAD,2003,Kharif,Cotton(lint),145297,288030,1.982353387
Telangana,ADILABAD,2003,Kharif,Dry chillies,10103,12760,1.262991191
Telangana,ADILABAD,2003,Kharif,Groundnut,71,50,0.704225352
Telangana,ADILABAD,2003,Kharif,Horse-gram,10,5,0.5
Telangana,ADILABAD,2003,Kharif,Jowar,35410,51097,1.443010449
Telangana,ADILABAD,2003,Kharif,Maize,24496,97984,4
Telangana,ADILABAD,2003,Kharif,Moong(Green Gram),16589,2654,0.159985533
Telangana,ADILABAD,2003,Kharif,Onion,45,480,10.66666667
Telangana,ADILABAD,2003,Kharif,Other Kharif pulses,1706,222,0.130128957
Telangana,ADILABAD,2003,Kharif,Rice,74851,184732,2.46799642
Telangana,ADILABAD,2003,Kharif,Samai,2,1,0.5
Telangana,ADILABAD,2003,Kharif,Sesamum,2071,362,0.174794785
Telangana,ADILABAD,2003,Kharif,Small millets,2,,
Telangana,ADILABAD,2003,Kharif,Soyabean,65721,103839,1.579997261
Telangana,ADILABAD,2003,Kharif,Sunflower,1144,835,0.729895105
Telangana,ADILABAD,2003,Kharif,Urad,23056,15586,0.676006246
Telangana,ADILABAD,2003,Rabi,Arhar/Tur,1351,467,0.345669874
Telangana,ADILABAD,2003,Rabi,Bajra,1820,1112,0.610989011
Telangana,ADILABAD,2003,Rabi,Dry chillies,310,1012,3.264516129
Telangana,ADILABAD,2003,Rabi,Gram,8627,10302,1.194157876
Telangana,ADILABAD,2003,Rabi,Groundnut,3180,4598,1.44591195
Telangana,ADILABAD,2003,Rabi,Horse-gram,1839,600,0.326264274
Telangana,ADILABAD,2003,Rabi,Jowar,63220,38438,0.608003796
Telangana,ADILABAD,2003,Rabi,Linseed,3876,1074,0.277089783
Telangana,ADILABAD,2003,Rabi,Maize,5963,26255,4.402985075
Telangana,ADILABAD,2003,Rabi,Moong(Green Gram),4414,1492,0.338015406
Telangana,ADILABAD,2003,Rabi,Onion,502,13914,27.71713147
Telangana,ADILABAD,2003,Rabi,Other  Rabi pulses,1289,255,0.197827773
Telangana,ADILABAD,2003,Rabi,other oilseeds,329,,
Telangana,ADILABAD,2003,Rabi,Rapeseed &Mustard,42,11,0.261904762
Telangana,ADILABAD,2003,Rabi,Rice,6069,16016,2.638985006
Telangana,ADILABAD,2003,Rabi,Safflower,711,221,0.310829817
Telangana,ADILABAD,2003,Rabi,Sesamum,10243,2120,0.206970614
Telangana,ADILABAD,2003,Rabi,Urad,1979,809,0.408792319
Telangana,ADILABAD,2003,Rabi,Wheat,3842,2298,0.598125976
Telangana,ADILABAD,2003,Whole Year,Banana,110,1540,14
Telangana,ADILABAD,2003,Whole Year,Beans & Mutter(Vegetable),214,1272,5.943925234
Telangana,ADILABAD,2003,Whole Year,Bhindi,299,1196,4
Telangana,ADILABAD,2003,Whole Year,Bottle Gourd,3,0,0
Telangana,ADILABAD,2003,Whole Year,Brinjal,544,7061,12.97977941
Telangana,ADILABAD,2003,Whole Year,Cabbage,123,0,0
Telangana,ADILABAD,2003,Whole Year,Cashewnut,24,4,0.166666667
Telangana,ADILABAD,2003,Whole Year,Citrus Fruit,128,686,5.359375
Telangana,ADILABAD,2003,Whole Year,Coriander,1990,545,0.273869347
Telangana,ADILABAD,2003,Whole Year,Cucumber,56,0,0
Telangana,ADILABAD,2003,Whole Year,Mango,3649,11117,3.046588106
Telangana,ADILABAD,2003,Whole Year,Orange,40,253,6.325
Telangana,ADILABAD,2003,Whole Year,Other Fresh Fruits,82,10,0.12195122
Telangana,ADILABAD,2003,Whole Year,Other Vegetables,1117,0,0
Telangana,ADILABAD,2003,Whole Year,Pome Fruit,9,95,10.55555556
Telangana,ADILABAD,2003,Whole Year,Sugarcane,121,9680,80
Telangana,ADILABAD,2003,Whole Year,Sweet potato,6,43,7.166666667
Telangana,ADILABAD,2003,Whole Year,Tobacco,39,84,2.153846154
Telangana,ADILABAD,2003,Whole Year,Tomato,2192,16838,7.681569343
Telangana,ADILABAD,2003,Whole Year,Turmeric,6394,24815,3.880982171
Telangana,ADILABAD,2004,Kharif,Arhar/Tur,36468,15499,0.425002742
Telangana,ADILABAD,2004,Kharif,Castor seed,513,193,0.376218324
Telangana,ADILABAD,2004,Kharif,Cotton(lint),177911,236517,1.329411897
Telangana,ADILABAD,2004,Kharif,Dry chillies,6622,5377,0.811990335
Telangana,ADILABAD,2004,Kharif,Gram,102,90,0.882352941
Telangana,ADILABAD,2004,Kharif,Groundnut,168,125,0.744047619
Telangana,ADILABAD,2004,Kharif,Horse-gram,10,5,0.5
Telangana,ADILABAD,2004,Kharif,Jowar,27163,42483,1.564002503
Telangana,ADILABAD,2004,Kharif,Maize,20919,62150,2.970983317
Telangana,ADILABAD,2004,Kharif,Moong(Green Gram),12037,3190,0.2650162
Telangana,ADILABAD,2004,Kharif,Other Kharif pulses,1536,374,0.243489583
Telangana,ADILABAD,2004,Kharif,Rice,35637,54133,1.51901114
Telangana,ADILABAD,2004,Kharif,Sesamum,1222,314,0.25695581
Telangana,ADILABAD,2004,Kharif,Soyabean,58185,90478,1.555005586
Telangana,ADILABAD,2004,Kharif,Sunflower,2974,1578,0.530598521
Telangana,ADILABAD,2004,Kharif,Urad,19024,11471,0.602975189
Telangana,ADILABAD,2004,Rabi,Arhar/Tur,3342,1420,0.424895272
Telangana,ADILABAD,2004,Rabi,Bajra,1230,389,0.316260163
Telangana,ADILABAD,2004,Rabi,Dry chillies,561,1679,2.992869875
Telangana,ADILABAD,2004,Rabi,Gram,6998,6151,0.878965419
Telangana,ADILABAD,2004,Rabi,Groundnut,3978,4694,1.179989945
Telangana,ADILABAD,2004,Rabi,Horse-gram,1806,585,0.323920266
Telangana,ADILABAD,2004,Rabi,Jowar,65999,26796,0.406006152
Telangana,ADILABAD,2004,Rabi,Linseed,3352,335,0.099940334
Telangana,ADILABAD,2004,Rabi,Maize,5598,12332,2.202929618
Telangana,ADILABAD,2004,Rabi,Moong(Green Gram),6760,2204,0.326035503
Telangana,ADILABAD,2004,Rabi,Onion,379,8465,22.33509235
Telangana,ADILABAD,2004,Rabi,Other  Rabi pulses,1078,45,0.04174397
Telangana,ADILABAD,2004,Rabi,Rapeseed &Mustard,55,14,0.254545455
Telangana,ADILABAD,2004,Rabi,Rice,3984,8749,2.196034137
Telangana,ADILABAD,2004,Rabi,Safflower,546,247,0.452380952
Telangana,ADILABAD,2004,Rabi,Sesamum,11598,4546,0.391964132
Telangana,ADILABAD,2004,Rabi,Sunflower,2959,1571,0.530922609
Telangana,ADILABAD,2004,Rabi,Urad,1452,1053,0.725206612
Telangana,ADILABAD,2004,Rabi,Wheat,2895,840,0.29015544
Telangana,ADILABAD,2004,Whole Year,Banana,71,1757,24.74647887
Telangana,ADILABAD,2004,Whole Year,Cashewnut,24,8,0.333333333
Telangana,ADILABAD,2004,Whole Year,Coriander,1500,893,0.595333333
Telangana,ADILABAD,2004,Whole Year,Garlic,138,,
Telangana,ADILABAD,2004,Whole Year,Sugarcane,131,9432,72
Telangana,ADILABAD,2004,Whole Year,Sweet potato,6,42,7
Telangana,ADILABAD,2004,Whole Year,Tobacco,2,3,1.5
Telangana,ADILABAD,2004,Whole Year,Turmeric,6407,28735,4.484938349
Telangana,ADILABAD,2005,Kharif,Arhar/Tur,35993,23359,0.648987303
Telangana,ADILABAD,2005,Kharif,Castor seed,774,296,0.382428941
Telangana,ADILABAD,2005,Kharif,Cotton(lint),159415,269130,1.68823511
Telangana,ADILABAD,2005,Kharif,Dry chillies,6250,6919,1.10704
Telangana,ADILABAD,2005,Kharif,Groundnut,86,82,0.953488372
Telangana,ADILABAD,2005,Kharif,Jowar,24420,45690,1.871007371
Telangana,ADILABAD,2005,Kharif,Maize,20852,74233,3.559994245
Telangana,ADILABAD,2005,Kharif,Mesta,22,201,9.136363636
Telangana,ADILABAD,2005,Kharif,Moong(Green Gram),12733,3947,0.309981937
Telangana,ADILABAD,2005,Kharif,Onion,38,491,12.92105263
Telangana,ADILABAD,2005,Kharif,Other Kharif pulses,1715,198,0.115451895
Telangana,ADILABAD,2005,Kharif,Rice,69284,178198,2.571993534
Telangana,ADILABAD,2005,Kharif,Sesamum,1951,576,0.295233214
Telangana,ADILABAD,2005,Kharif,Soyabean,76889,149933,1.949992847
Telangana,ADILABAD,2005,Kharif,Urad,17504,9907,0.565984918
Telangana,ADILABAD,2005,Rabi,Bajra,779,494,0.634146341
Telangana,ADILABAD,2005,Rabi,Dry chillies,575,1728,3.005217391
Telangana,ADILABAD,2005,Rabi,Gram,9199,13063,1.420045657
Telangana,ADILABAD,2005,Rabi,Groundnut,4188,6089,1.45391595
Telangana,ADILABAD,2005,Rabi,Horse-gram,859,221,0.257275902
Telangana,ADILABAD,2005,Rabi,Jowar,57107,39632,0.693995482
Telangana,ADILABAD,2005,Rabi,Linseed,3053,1139,0.373075663
Telangana,ADILABAD,2005,Rabi,Maize,6301,17939,2.847008411
Telangana,ADILABAD,2005,Rabi,Moong(Green Gram),3022,1100,0.363997353
Telangana,ADILABAD,2005,Rabi,Onion,496,9868,19.89516129
Telangana,ADILABAD,2005,Rabi,Other  Rabi pulses,874,29,0.033180778
Telangana,ADILABAD,2005,Rabi,Rice,9466,22586,2.3860131
Telangana,ADILABAD,2005,Rabi,Safflower,493,232,0.470588235
Telangana,ADILABAD,2005,Rabi,Sesamum,8314,2020,0.242963676
Telangana,ADILABAD,2005,Rabi,Urad,826,609,0.737288136
Telangana,ADILABAD,2005,Rabi,Wheat,3920,1341,0.342091837
Telangana,ADILABAD,2005,Whole Year,Cashewnut,60,21,0.35
Telangana,ADILABAD,2005,Whole Year,Coriander,923,388,0.420368364
Telangana,ADILABAD,2005,Whole Year,Garlic,165,,
Telangana,ADILABAD,2005,Whole Year,Potato,2,17,8.5
Telangana,ADILABAD,2005,Whole Year,Sugarcane,156,13883,88.99358974
Telangana,ADILABAD,2005,Whole Year,Sunflower,6467,4811,0.743930725
Telangana,ADILABAD,2005,Whole Year,Sweet potato,8,67,8.375
Telangana,ADILABAD,2005,Whole Year,Tobacco,72,135,1.875
Telangana,ADILABAD,2005,Whole Year,Turmeric,6571,33893,5.157966824
Telangana,ADILABAD,2006,Kharif,Arhar/Tur,31414,21833,0.695008595
Telangana,ADILABAD,2006,Kharif,Castor seed,285,121,0.424561404
Telangana,ADILABAD,2006,Kharif,Cotton(lint),178770,360695,2.017648375
Telangana,ADILABAD,2006,Kharif,Dry chillies,5724,4791,0.837002096
Telangana,ADILABAD,2006,Kharif,Groundnut,44,27,0.613636364
Telangana,ADILABAD,2006,Kharif,Horse-gram,239,109,0.456066946
Telangana,ADILABAD,2006,Kharif,Jowar,20073,30391,1.514023813
Telangana,ADILABAD,2006,Kharif,Maize,19286,58437,3.030021777
Telangana,ADILABAD,2006,Kharif,Moong(Green Gram),10536,4636,0.440015186
Telangana,ADILABAD,2006,Kharif,Onion,38,572,15.05263158
Telangana,ADILABAD,2006,Kharif,Other Kharif pulses,1204,305,0.253322259
Telangana,ADILABAD,2006,Kharif,Rice,64743,155318,2.398992941
Telangana,ADILABAD,2006,Kharif,Sesamum,2280,429,0.188157895
Telangana,ADILABAD,2006,Kharif,Soyabean,81192,131206,1.61599665
Telangana,ADILABAD,2006,Kharif,Urad,17831,5456,0.305983961
Telangana,ADILABAD,2006,Rabi,Arhar/Tur,2912,2024,0.695054945
Telangana,ADILABAD,2006,Rabi,Bajra,1035,365,0.352657005
Telangana,ADILABAD,2006,Rabi,Dry chillies,1183,3862,3.264581572
Telangana,ADILABAD,2006,Rabi,Gram,22127,34031,1.537985267
Telangana,ADILABAD,2006,Rabi,Groundnut,4813,7383,1.533970497
Telangana,ADILABAD,2006,Rabi,Horse-gram,1065,305,0.286384977
Telangana,ADILABAD,2006,Rabi,Jowar,57042,37990,0.666000491
Telangana,ADILABAD,2006,Rabi,Linseed,2129,585,0.274776891
Telangana,ADILABAD,2006,Rabi,Maize,5771,19575,3.391959799
Telangana,ADILABAD,2006,Rabi,Moong(Green Gram),3749,1964,0.523873033
Telangana,ADILABAD,2006,Rabi,Onion,401,9964,24.8478803
Telangana,ADILABAD,2006,Rabi,Other  Rabi pulses,734,376,0.51226158
Telangana,ADILABAD,2006,Rabi,Rice,9019,22548,2.500055439
Telangana,ADILABAD,2006,Rabi,Safflower,333,214,0.642642643
Telangana,ADILABAD,2006,Rabi,Sesamum,10012,2493,0.249001199
Telangana,ADILABAD,2006,Rabi,Urad,1107,1049,0.947606143
Telangana,ADILABAD,2006,Rabi,Wheat,3222,2510,0.779019243
Telangana,ADILABAD,2006,Whole Year,Banana,41,998,24.34146341
Telangana,ADILABAD,2006,Whole Year,Cashewnut,62,11,0.177419355
Telangana,ADILABAD,2006,Whole Year,Coriander,731,408,0.558139535
Telangana,ADILABAD,2006,Whole Year,Potato,3,45,15
Telangana,ADILABAD,2006,Whole Year,Sugarcane,566,50797,89.74734982
Telangana,ADILABAD,2006,Whole Year,Sunflower,7918,8512,1.075018944
Telangana,ADILABAD,2006,Whole Year,Sweet potato,14,126,9
Telangana,ADILABAD,2006,Whole Year,Tobacco,235,732,3.114893617
Telangana,ADILABAD,2006,Whole Year,Turmeric,6791,30953,4.557944338
Telangana,ADILABAD,2007,Kharif,Arhar/Tur,38000,30000,0.789473684
Telangana,ADILABAD,2007,Kharif,Cotton(lint),211000,643000,3.047393365
Telangana,ADILABAD,2007,Kharif,Dry chillies,5000,12000,2.4
Telangana,ADILABAD,2007,Kharif,Jowar,23000,54000,2.347826087
Telangana,ADILABAD,2007,Kharif,Maize,18000,61000,3.388888889
Telangana,ADILABAD,2007,Kharif,Moong(Green Gram),11000,5000,0.454545455
Telangana,ADILABAD,2007,Kharif,Other Kharif pulses,2000,1000,0.5
Telangana,ADILABAD,2007,Kharif,Rice,40000,96000,2.4
Telangana,ADILABAD,2007,Kharif,Sesamum,1000,,
Telangana,ADILABAD,2007,Kharif,Urad,17000,8000,0.470588235
Telangana,ADILABAD,2007,Rabi,Bajra,1000,1000,1
Telangana,ADILABAD,2007,Rabi,Gram,17000,27000,1.588235294
Telangana,ADILABAD,2007,Rabi,Groundnut,5000,6000,1.2
Telangana,ADILABAD,2007,Rabi,Horse-gram,1000,1000,1
Telangana,ADILABAD,2007,Rabi,Jowar,30000,24000,0.8
Telangana,ADILABAD,2007,Rabi,Maize,6000,15000,2.5
Telangana,ADILABAD,2007,Rabi,Moong(Green Gram),3000,1000,0.333333333
Telangana,ADILABAD,2007,Rabi,Rice,12000,28000,2.333333333
Telangana,ADILABAD,2007,Rabi,Sesamum,2000,1000,0.5
Telangana,ADILABAD,2007,Rabi,Sunflower,7000,8000,1.142857143
Telangana,ADILABAD,2007,Rabi,Urad,3000,3000,1
Telangana,ADILABAD,2007,Rabi,Wheat,1000,1000,1
Telangana,ADILABAD,2008,Kharif,Arhar/Tur,39533,18660,0.472010725
Telangana,ADILABAD,2008,Kharif,Castor seed,236,110,0.466101695
Telangana,ADILABAD,2008,Kharif,Cotton(lint),279353,616220,2.205882879
Telangana,ADILABAD,2008,Kharif,Dry chillies,1830,3687,2.014754098
Telangana,ADILABAD,2008,Kharif,Groundnut,60,52,0.866666667
Telangana,ADILABAD,2008,Kharif,Jowar,20019,35714,1.784005195
Telangana,ADILABAD,2008,Kharif,Maize,17574,83107,4.728974622
Telangana,ADILABAD,2008,Kharif,Moong(Green Gram),9091,4791,0.52700473
Telangana,ADILABAD,2008,Kharif,Rice,54506,133049,2.440997321
Telangana,ADILABAD,2008,Kharif,Sesamum,175,43,0.245714286
Telangana,ADILABAD,2008,Kharif,Soyabean,96223,118547,1.232002744
Telangana,ADILABAD,2008,Kharif,Urad,13833,12062,0.871972819
Telangana,ADILABAD,2008,Rabi,Arhar/Tur,1539,726,0.471734893
Telangana,ADILABAD,2008,Rabi,Bajra,350,222,0.634285714
Telangana,ADILABAD,2008,Rabi,Dry chillies,350,1377,3.934285714
Telangana,ADILABAD,2008,Rabi,Gram,23664,35165,1.486012508
Telangana,ADILABAD,2008,Rabi,Groundnut,5897,7448,1.263015092
Telangana,ADILABAD,2008,Rabi,Horse-gram,1166,487,0.417667238
Telangana,ADILABAD,2008,Rabi,Jowar,24949,20882,0.836987454
Telangana,ADILABAD,2008,Rabi,Maize,15049,54372,3.612997541
Telangana,ADILABAD,2008,Rabi,Moong(Green Gram),2097,1128,0.537911302
Telangana,ADILABAD,2008,Rabi,Onion,1002,22595,22.5499002
Telangana,ADILABAD,2008,Rabi,Rice,22788,65333,2.866991399
Telangana,ADILABAD,2008,Rabi,Sesamum,7381,1380,0.186966536
Telangana,ADILABAD,2008,Rabi,Urad,1344,903,0.671875
Telangana,ADILABAD,2008,Rabi,Wheat,7180,8350,1.162952646
Telangana,ADILABAD,2008,Whole Year,Coriander,941,510,0.541976621
Telangana,ADILABAD,2008,Whole Year,Sugarcane,40,3400,85
Telangana,ADILABAD,2008,Whole Year,Sunflower,7033,6470,0.919948813
Telangana,ADILABAD,2008,Whole Year,Turmeric,5096,19217,3.77099686
Telangana,ADILABAD,2009,Kharif,Arhar/Tur,44943,25303,0.563002025
Telangana,ADILABAD,2009,Kharif,Castor seed,152,60,0.394736842
Telangana,ADILABAD,2009,Kharif,Cotton(lint),280536,552821,1.970588445
Telangana,ADILABAD,2009,Kharif,Dry chillies,4500,3650,0.811111111
Telangana,ADILABAD,2009,Kharif,Groundnut,19,15,0.789473684
Telangana,ADILABAD,2009,Kharif,Jowar,29030,51151,1.762004823
Telangana,ADILABAD,2009,Kharif,Maize,13766,52531,3.815995932
Telangana,ADILABAD,2009,Kharif,Mesta,42,349,8.30952381
Telangana,ADILABAD,2009,Kharif,Moong(Green Gram),10111,1496,0.14795767
Telangana,ADILABAD,2009,Kharif,Rice,37878,75264,1.98701093
Telangana,ADILABAD,2009,Kharif,Sesamum,1889,193,0.102170461
Telangana,ADILABAD,2009,Kharif,Soyabean,92093,52677,0.571997872
Telangana,ADILABAD,2009,Kharif,Urad,10069,3413,0.338961168
Telangana,ADILABAD,2009,Rabi,Arhar/Tur,3785,2131,0.563011889
Telangana,ADILABAD,2009,Rabi,Bajra,831,402,0.483754513
Telangana,ADILABAD,2009,Rabi,Dry chillies,162,613,3.783950617
Telangana,ADILABAD,2009,Rabi,Gram,9536,14342,1.503984899
Telangana,ADILABAD,2009,Rabi,Groundnut,2206,4116,1.86582049
Telangana,ADILABAD,2009,Rabi,Horse-gram,335,99,0.295522388
Telangana,ADILABAD,2009,Rabi,Jowar,29286,19592,0.668988595
Telangana,ADILABAD,2009,Rabi,Linseed,102,16,0.156862745
Telangana,ADILABAD,2009,Rabi,Maize,4133,15937,3.856036777
Telangana,ADILABAD,2009,Rabi,Moong(Green Gram),2265,815,0.3598234
Telangana,ADILABAD,2009,Rabi,Onion,545,13227,24.26972477
Telangana,ADILABAD,2009,Rabi,Other  Rabi pulses,279,95,0.340501792
Telangana,ADILABAD,2009,Rabi,Rice,10240,23235,2.269042969
Telangana,ADILABAD,2009,Rabi,Safflower,174,76,0.436781609
Telangana,ADILABAD,2009,Rabi,Sesamum,3539,973,0.274936423
Telangana,ADILABAD,2009,Rabi,Urad,413,287,0.694915254
Telangana,ADILABAD,2009,Rabi,Wheat,3392,4566,1.346108491
Telangana,ADILABAD,2009,Whole Year,Banana,188,5668,30.14893617
Telangana,ADILABAD,2009,Whole Year,Coriander,726,823,1.133608815
Telangana,ADILABAD,2009,Whole Year,Sunflower,1576,1242,0.788071066
Telangana,ADILABAD,2009,Whole Year,Tobacco,12,28,2.333333333
Telangana,ADILABAD,2009,Whole Year,Turmeric,5701,20809,3.650061393
Telangana,ADILABAD,2010,Kharif,Arhar/Tur,47884,26193,0.547009439
Telangana,ADILABAD,2010,Kharif,Castor seed,188,92,0.489361702
Telangana,ADILABAD,2010,Kharif,Cotton(lint),324981,659520,2.02941095
Telangana,ADILABAD,2010,Kharif,Dry chillies,3345,3920,1.171898356
Telangana,ADILABAD,2010,Kharif,Groundnut,4,4,1
Telangana,ADILABAD,2010,Kharif,Jowar,26185,27651,1.055986252
Telangana,ADILABAD,2010,Kharif,Maize,13638,57375,4.206995161
Telangana,ADILABAD,2010,Kharif,Moong(Green Gram),10628,4294,0.404027098
Telangana,ADILABAD,2010,Kharif,Other Kharif pulses,133,50,0.37593985
Telangana,ADILABAD,2010,Kharif,Rice,62903,175263,2.78624231
Telangana,ADILABAD,2010,Kharif,Sesamum,868,156,0.179723502
Telangana,ADILABAD,2010,Kharif,Soyabean,61932,84847,1.370002583
Telangana,ADILABAD,2010,Kharif,Urad,10993,5233,0.476030201
Telangana,ADILABAD,2010,Rabi,Arhar/Tur,1648,901,0.546723301
Telangana,ADILABAD,2010,Rabi,Bajra,1555,1127,0.724758842
Telangana,ADILABAD,2010,Rabi,Dry chillies,480,1435,2.989583333
Telangana,ADILABAD,2010,Rabi,Gram,11647,15549,1.335021894
Telangana,ADILABAD,2010,Rabi,Groundnut,1924,3719,1.932952183
Telangana,ADILABAD,2010,Rabi,Horse-gram,317,128,0.403785489
Telangana,ADILABAD,2010,Rabi,Jowar,14536,9100,0.626031921
Telangana,ADILABAD,2010,Rabi,Linseed,133,17,0.127819549
Telangana,ADILABAD,2010,Rabi,Maize,6725,22462,3.340074349
Telangana,ADILABAD,2010,Rabi,Moong(Green Gram),2428,1255,0.516886326
Telangana,ADILABAD,2010,Rabi,Onion,418,8016,19.17703349
Telangana,ADILABAD,2010,Rabi,Other  Rabi pulses,63,24,0.380952381
Telangana,ADILABAD,2010,Rabi,Rice,27644,79891,2.889994212
Telangana,ADILABAD,2010,Rabi,Safflower,112,76,0.678571429
Telangana,ADILABAD,2010,Rabi,Sesamum,3286,979,0.297930615
Telangana,ADILABAD,2010,Rabi,Urad,779,576,0.739409499
Telangana,ADILABAD,2010,Rabi,Wheat,4046,5199,1.284972813
Telangana,ADILABAD,2010,Whole Year,Banana,6,196,32.66666667
Telangana,ADILABAD,2010,Whole Year,Cashewnut,29,10,0.344827586
Telangana,ADILABAD,2010,Whole Year,Coriander,300,203,0.676666667
Telangana,ADILABAD,2010,Whole Year,Garlic,25,53,2.12
Telangana,ADILABAD,2010,Whole Year,Sugarcane,8,672,84
Telangana,ADILABAD,2010,Whole Year,Sunflower,1617,1316,0.813852814
Telangana,ADILABAD,2010,Whole Year,Tobacco,2,7,3.5
Telangana,ADILABAD,2010,Whole Year,Turmeric,6245,43259,6.926981585
Telangana,ADILABAD,2011,Kharif,Arhar/Tur,38832,23260,0.598990523
Telangana,ADILABAD,2011,Kharif,Castor seed,164,64,0.390243902
Telangana,ADILABAD,2011,Kharif,Cotton(lint),361169,529006,1.464704889
Telangana,ADILABAD,2011,Kharif,Cowpea(Lobia),143,34,0.237762238
Telangana,ADILABAD,2011,Kharif,Dry chillies,3533,3498,0.990093405
Telangana,ADILABAD,2011,Kharif,Jowar,17306,32241,1.862995493
Telangana,ADILABAD,2011,Kharif,Maize,13118,28059,2.138969355
Telangana,ADILABAD,2011,Kharif,Moong(Green Gram),7042,3451,0.490059642
Telangana,ADILABAD,2011,Kharif,Other Kharif pulses,324,108,0.333333333
Telangana,ADILABAD,2011,Kharif,Rice,60681,151310,2.493531748
Telangana,ADILABAD,2011,Kharif,Sesamum,574,170,0.296167247
Telangana,ADILABAD,2011,Kharif,Soyabean,58983,83402,1.414000644
Telangana,ADILABAD,2011,Kharif,Urad,8221,5483,0.666950493
Telangana,ADILABAD,2011,Rabi,Arhar/Tur,591,354,0.598984772
Telangana,ADILABAD,2011,Rabi,Bajra,524,328,0.625954198
Telangana,ADILABAD,2011,Rabi,Cowpea(Lobia),22,18,0.818181818
Telangana,ADILABAD,2011,Rabi,Dry chillies,265,863,3.256603774
Telangana,ADILABAD,2011,Rabi,Gram,6232,6861,1.10093068
Telangana,ADILABAD,2011,Rabi,Groundnut,1007,1603,1.591857001
Telangana,ADILABAD,2011,Rabi,Horse-gram,29,4,0.137931034
Telangana,ADILABAD,2011,Rabi,Jowar,10273,10026,0.975956391
Telangana,ADILABAD,2011,Rabi,Maize,4929,24344,4.938932846
Telangana,ADILABAD,2011,Rabi,Moong(Green Gram),1302,633,0.486175115
Telangana,ADILABAD,2011,Rabi,Onion,360,9830,27.30555556
Telangana,ADILABAD,2011,Rabi,Other  Rabi pulses,84,28,0.333333333
Telangana,ADILABAD,2011,Rabi,Rice,15489,48016,3.100006456
Telangana,ADILABAD,2011,Rabi,Safflower,166,124,0.746987952
Telangana,ADILABAD,2011,Rabi,Sesamum,1930,944,0.489119171
Telangana,ADILABAD,2011,Rabi,Urad,273,114,0.417582418
Telangana,ADILABAD,2011,Rabi,Wheat,3275,4330,1.322137405
Telangana,ADILABAD,2011,Whole Year,Cashewnut,29,23,0.793103448
Telangana,ADILABAD,2011,Whole Year,Coriander,46,27,0.586956522
Telangana,ADILABAD,2011,Whole Year,Garlic,90,195,2.166666667
Telangana,ADILABAD,2011,Whole Year,Sunflower,558,301,0.539426523
Telangana,ADILABAD,2011,Whole Year,Tobacco,11,44,4
Telangana,ADILABAD,2011,Whole Year,Turmeric,7584,34014,4.484968354
Telangana,ADILABAD,2013,Kharif,Arhar/Tur,39190,26296,0.670987497
Telangana,ADILABAD,2013,Kharif,Cashewnut,27,17,0.62962963
Telangana,ADILABAD,2013,Kharif,Castor seed,125,88,0.704
Telangana,ADILABAD,2013,Kharif,Cotton(lint),302845,657994,2.172708811
Telangana,ADILABAD,2013,Kharif,Cowpea(Lobia),56,27,0.482142857
Telangana,ADILABAD,2013,Kharif,Dry chillies,1825,3533,1.935890411
Telangana,ADILABAD,2013,Kharif,Groundnut,1,1,1
Telangana,ADILABAD,2013,Kharif,Jowar,10721,7987,0.744986475
Telangana,ADILABAD,2013,Kharif,Maize,9947,34009,3.41902081
Telangana,ADILABAD,2013,Kharif,Moong(Green Gram),6413,3117,0.486043973
Telangana,ADILABAD,2013,Kharif,Other Kharif pulses,283,74,0.261484099
Telangana,ADILABAD,2013,Kharif,Rice,65502,175303,2.67629996
Telangana,ADILABAD,2013,Kharif,Sesamum,117,27,0.230769231
Telangana,ADILABAD,2013,Kharif,Sugarcane,2,176,88
Telangana,ADILABAD,2013,Kharif,Turmeric,6083,40884,6.72102581
Telangana,ADILABAD,2013,Kharif,Urad,6563,5729,0.872923968
Telangana,ADILABAD,2013,Rabi,Bajra,204,192,0.941176471
Telangana,ADILABAD,2013,Rabi,Castor seed,10,7,0.7
Telangana,ADILABAD,2013,Rabi,Cowpea(Lobia),124,102,0.822580645
Telangana,ADILABAD,2013,Rabi,Dry chillies,410,1800,4.390243902
Telangana,ADILABAD,2013,Rabi,Gram,25325,34721,1.371016782
Telangana,ADILABAD,2013,Rabi,Groundnut,1706,2921,1.712192263
Telangana,ADILABAD,2013,Rabi,Horse-gram,25,12,0.48
Telangana,ADILABAD,2013,Rabi,Jowar,10721,7987,0.744986475
Telangana,ADILABAD,2013,Rabi,Linseed,118,58,0.491525424
Telangana,ADILABAD,2013,Rabi,Maize,12874,52050,4.043032469
Telangana,ADILABAD,2013,Rabi,Moong(Green Gram),2403,2033,0.846025801
Telangana,ADILABAD,2013,Rabi,Onion,407,13568,33.33660934
Telangana,ADILABAD,2013,Rabi,Rapeseed &Mustard,6,4,0.666666667
Telangana,ADILABAD,2013,Rabi,Rice,25191,73608,2.921995951
Telangana,ADILABAD,2013,Rabi,Sesamum,4760,1842,0.38697479
Telangana,ADILABAD,2013,Rabi,Sunflower,473,763,1.613107822
Telangana,ADILABAD,2013,Rabi,Urad,296,290,0.97972973
Telangana,ADILABAD,2013,Rabi,Wheat,3170,586,0.184858044
Telangana,ADILABAD,2013,Whole Year,Castor seed,135,95,0.703703704
Telangana,ADILABAD,2013,Whole Year,Coriander,283,203,0.717314488
Telangana,ADILABAD,2013,Whole Year,Safflower,309,218,0.705501618
Telangana,ADILABAD,2013,Whole Year,Soyabean,113558,131273,1.155999577
Telangana,ADILABAD,2014,Kharif,Arhar/Tur,34731,28618,0.823990095
Telangana,ADILABAD,2014,Kharif,Banana,11,464,42.18181818
Telangana,ADILABAD,2014,Kharif,Cashewnut,12,7,0.583333333
Telangana,ADILABAD,2014,Kharif,Castor seed,91,53,0.582417582
Telangana,ADILABAD,2014,Kharif,Cotton(lint),304424,573033,1.882351589
Telangana,ADILABAD,2014,Kharif,Cowpea(Lobia),114,105,0.921052632
Telangana,ADILABAD,2014,Kharif,Dry chillies,1784,1839,1.030829596
Telangana,ADILABAD,2014,Kharif,Ginger,1,8,8
Telangana,ADILABAD,2014,Kharif,Jowar,10338,10276,0.994002708
Telangana,ADILABAD,2014,Kharif,Maize,9764,25601,2.621978697
Telangana,ADILABAD,2014,Kharif,Moong(Green Gram),5973,3440,0.575924996
Telangana,ADILABAD,2014,Kharif,Onion,9,140,15.55555556
Telangana,ADILABAD,2014,Kharif,Other Kharif pulses,96,33,0.34375
Telangana,ADILABAD,2014,Kharif,Rice,36084,81003,2.244845361
Telangana,ADILABAD,2014,Kharif,Sesamum,622,123,0.197749196
Telangana,ADILABAD,2014,Kharif,Soyabean,105907,87585,0.82699916
Telangana,ADILABAD,2014,Kharif,Sugarcane,3,263,87.66666667
Telangana,ADILABAD,2014,Kharif,Turmeric,7089,45745,6.452955283
Telangana,ADILABAD,2014,Kharif,Urad,3460,3045,0.880057803
Telangana,ADILABAD,2014,Rabi,Bajra,1582,1482,0.936788875
Telangana,ADILABAD,2014,Rabi,Castor seed,3,2,0.666666667
Telangana,ADILABAD,2014,Rabi,Cowpea(Lobia),79,78,0.987341772
Telangana,ADILABAD,2014,Rabi,Dry chillies,98,402,4.102040816
Telangana,ADILABAD,2014,Rabi,Gram,12611,15070,1.194988502
Telangana,ADILABAD,2014,Rabi,Groundnut,981,1877,1.913353721
Telangana,ADILABAD,2014,Rabi,Horse-gram,65,25,0.384615385
Telangana,ADILABAD,2014,Rabi,Jowar,9787,7448,0.761009502
Telangana,ADILABAD,2014,Rabi,Maize,13614,43156,3.169972088
Telangana,ADILABAD,2014,Rabi,Moong(Green Gram),2351,1521,0.646958741
Telangana,ADILABAD,2014,Rabi,Onion,366,9997,27.31420765
Telangana,ADILABAD,2014,Rabi,Other  Rabi pulses,12,4,0.333333333
Telangana,ADILABAD,2014,Rabi,Ragi,8,9,1.125
Telangana,ADILABAD,2014,Rabi,Rapeseed &Mustard,696,1224,1.75862069
Telangana,ADILABAD,2014,Rabi,Rice,13996,45123,3.223992569
Telangana,ADILABAD,2014,Rabi,Safflower,41,31,0.756097561
Telangana,ADILABAD,2014,Rabi,Sesamum,4199,2024,0.482019528
Telangana,ADILABAD,2014,Rabi,Sunflower,530,494,0.932075472
Telangana,ADILABAD,2014,Rabi,Sweet potato,15,116,7.733333333
Telangana,ADILABAD,2014,Rabi,Tobacco,21,50,2.380952381
Telangana,ADILABAD,2014,Rabi,Urad,202,82,0.405940594
Telangana,ADILABAD,2014,Rabi,Wheat,2997,3563,1.188855522
Telangana,ADILABAD,2014,Whole Year,Coriander,898,215,0.239420935
Telangana,HYDERABAD,1997,Kharif,Rice,100,100,1
Telangana,HYDERABAD,1997,Rabi,Rice,100,100,1
Telangana,HYDERABAD,1998,Kharif,Dry chillies,1500,3100,2.066666667
Telangana,HYDERABAD,1998,Kharif,Rice,100,200,2
Telangana,HYDERABAD,1998,Rabi,Rice,100,200,2
Telangana,HYDERABAD,1999,Kharif,Rice,25,60,2.4
Telangana,HYDERABAD,1999,Rabi,Rice,12,29,2.416666667
Telangana,HYDERABAD,2000,Kharif,Rice,16,46,2.875
Telangana,KARIMNAGAR,1997,Kharif,Arhar/Tur,3100,400,0.129032258
Telangana,KARIMNAGAR,1997,Kharif,Castor seed,600,200,0.333333333
Telangana,KARIMNAGAR,1997,Kharif,Cotton(lint),60400,106300,1.759933775
Telangana,KARIMNAGAR,1997,Kharif,Dry chillies,11000,23800,2.163636364
Telangana,KARIMNAGAR,1997,Kharif,Groundnut,11900,6700,0.56302521
Telangana,KARIMNAGAR,1997,Kharif,Jowar,400,200,0.5
Telangana,KARIMNAGAR,1997,Kharif,Maize,62500,189600,3.0336
Telangana,KARIMNAGAR,1997,Kharif,Moong(Green Gram),44200,7900,0.178733032
Telangana,KARIMNAGAR,1997,Kharif,Other Kharif pulses,900,200,0.222222222
Telangana,KARIMNAGAR,1997,Kharif,Rice,103000,287900,2.795145631
Telangana,KARIMNAGAR,1997,Kharif,Sesamum,3200,100,0.03125
Telangana,KARIMNAGAR,1997,Kharif,Sugarcane,2000,153700,76.85
Telangana,KARIMNAGAR,1997,Kharif,Sunflower,9500,4200,0.442105263
Telangana,KARIMNAGAR,1997,Kharif,Tobacco,3000,3600,1.2
Telangana,KARIMNAGAR,1997,Rabi,Dry chillies,1100,2400,2.181818182
Telangana,KARIMNAGAR,1997,Rabi,Gram,1300,200,0.153846154
Telangana,KARIMNAGAR,1997,Rabi,Groundnut,21200,22400,1.056603774
Telangana,KARIMNAGAR,1997,Rabi,Horse-gram,1300,300,0.230769231
Telangana,KARIMNAGAR,1997,Rabi,Jowar,6200,5200,0.838709677
Telangana,KARIMNAGAR,1997,Rabi,Maize,30900,100300,3.245954693
Telangana,KARIMNAGAR,1997,Rabi,Other  Rabi pulses,500,100,0.2
Telangana,KARIMNAGAR,1997,Rabi,Rice,67600,185800,2.74852071
Telangana,KARIMNAGAR,1997,Rabi,Sesamum,700,100,0.142857143
Telangana,KARIMNAGAR,1997,Rabi,Wheat,200,100,0.5
Telangana,KARIMNAGAR,1998,Kharif,Arhar/Tur,5400,2000,0.37037037
Telangana,KARIMNAGAR,1998,Kharif,Castor seed,400,100,0.25
Telangana,KARIMNAGAR,1998,Kharif,Cotton(lint),84300,195800,2.322657177
Telangana,KARIMNAGAR,1998,Kharif,Dry chillies,10000,18100,1.81
Telangana,KARIMNAGAR,1998,Kharif,Groundnut,9300,3700,0.397849462
Telangana,KARIMNAGAR,1998,Kharif,Jowar,600,200,0.333333333
Telangana,KARIMNAGAR,1998,Kharif,Maize,61000,210400,3.449180328
Telangana,KARIMNAGAR,1998,Kharif,Moong(Green Gram),38600,10300,0.266839378
Telangana,KARIMNAGAR,1998,Kharif,Other Kharif pulses,900,300,0.333333333
Telangana,KARIMNAGAR,1998,Kharif,Rice,135000,413100,3.06
Telangana,KARIMNAGAR,1998,Kharif,Sesamum,3400,700,0.205882353
Telangana,KARIMNAGAR,1998,Kharif,Sunflower,5800,4200,0.724137931
Telangana,KARIMNAGAR,1998,Rabi,Arhar/Tur,300,100,0.333333333
Telangana,KARIMNAGAR,1998,Rabi,Bajra,600,300,0.5
Telangana,KARIMNAGAR,1998,Rabi,Dry chillies,2000,4600,2.3
Telangana,KARIMNAGAR,1998,Rabi,Gram,700,100,0.142857143
Telangana,KARIMNAGAR,1998,Rabi,Groundnut,19900,29000,1.457286432
Telangana,KARIMNAGAR,1998,Rabi,Horse-gram,1400,300,0.214285714
Telangana,KARIMNAGAR,1998,Rabi,Jowar,3300,1900,0.575757576
Telangana,KARIMNAGAR,1998,Rabi,Maize,35500,159000,4.478873239
Telangana,KARIMNAGAR,1998,Rabi,Other  Rabi pulses,200,,
Telangana,KARIMNAGAR,1998,Rabi,Rice,123300,423400,3.433901054
Telangana,KARIMNAGAR,1998,Rabi,Sesamum,600,200,0.333333333
Telangana,KARIMNAGAR,1998,Rabi,Sunflower,100,,
Telangana,KARIMNAGAR,1998,Rabi,Urad,100,,
Telangana,KARIMNAGAR,1998,Rabi,Wheat,200,100,0.5
Telangana,KARIMNAGAR,1998,Whole Year,Sugarcane,2000,178800,89.4
Telangana,KARIMNAGAR,1998,Whole Year,Tobacco,3100,4900,1.580645161
Telangana,KARIMNAGAR,1999,Kharif,Castor seed,272,61,0.224264706
Telangana,KARIMNAGAR,1999,Kharif,Cotton(lint),74813,176911,2.364709342
Telangana,KARIMNAGAR,1999,Kharif,Groundnut,9442,6827,0.723045965
Telangana,KARIMNAGAR,1999,Kharif,Horse-gram,63,17,0.26984127
Telangana,KARIMNAGAR,1999,Kharif,Jowar,180,110,0.611111111
Telangana,KARIMNAGAR,1999,Kharif,Maize,69959,281515,4.023999771
Telangana,KARIMNAGAR,1999,Kharif,Masoor,6447,2321,0.360012409
Telangana,KARIMNAGAR,1999,Kharif,Moong(Green Gram),35698,18813,0.527004314
Telangana,KARIMNAGAR,1999,Kharif,Rice,140930,435474,3.090002129
Telangana,KARIMNAGAR,1999,Kharif,Sesamum,554,116,0.209386282
Telangana,KARIMNAGAR,1999,Kharif,Sunflower,1134,329,0.290123457
Telangana,KARIMNAGAR,1999,Rabi,Bajra,754,441,0.584880637
Telangana,KARIMNAGAR,1999,Rabi,Gram,455,300,0.659340659
Telangana,KARIMNAGAR,1999,Rabi,Groundnut,16217,23190,1.429980884
Telangana,KARIMNAGAR,1999,Rabi,Horse-gram,1378,492,0.357039187
Telangana,KARIMNAGAR,1999,Rabi,Jowar,2615,1901,0.726959847
Telangana,KARIMNAGAR,1999,Rabi,Maize,33422,136429,4.082011848
Telangana,KARIMNAGAR,1999,Rabi,Masoor,672,242,0.360119048
Telangana,KARIMNAGAR,1999,Rabi,Moong(Green Gram),37,12,0.324324324
Telangana,KARIMNAGAR,1999,Rabi,Rice,91605,288647,3.150996125
Telangana,KARIMNAGAR,1999,Rabi,Safflower,1205,613,0.508713693
Telangana,KARIMNAGAR,1999,Rabi,Sesamum,2521,368,0.14597382
Telangana,KARIMNAGAR,1999,Rabi,Urad,116,39,0.336206897
Telangana,KARIMNAGAR,1999,Rabi,Wheat,161,108,0.670807453
Telangana,KARIMNAGAR,1999,Whole Year,Dry chillies,12036,23096,1.918909937
Telangana,KARIMNAGAR,1999,Whole Year,Onion,552,9882,17.90217391
Telangana,KARIMNAGAR,1999,Whole Year,Sugarcane,963,1,0.001038422
Telangana,KARIMNAGAR,1999,Whole Year,Tobacco,978,1460,1.492842536
Telangana,KARIMNAGAR,2000,Kharif,Arhar/Tur,5991,2145,0.358037056
Telangana,KARIMNAGAR,2000,Kharif,Castor seed,285,100,0.350877193
Telangana,KARIMNAGAR,2000,Kharif,Cotton(lint),66576,166048,2.494111992
Telangana,KARIMNAGAR,2000,Kharif,Dry chillies,9921,21856,2.203003729
Telangana,KARIMNAGAR,2000,Kharif,Groundnut,5537,3295,0.595087593
Telangana,KARIMNAGAR,2000,Kharif,Horse-gram,1,,
Telangana,KARIMNAGAR,2000,Kharif,Jowar,202,146,0.722772277
Telangana,KARIMNAGAR,2000,Kharif,Maize,80327,257689,3.207999801
Telangana,KARIMNAGAR,2000,Kharif,Moong(Green Gram),35716,14036,0.392989137
Telangana,KARIMNAGAR,2000,Kharif,Onion,75,840,11.2
Telangana,KARIMNAGAR,2000,Kharif,Other Kharif pulses,1409,464,0.329311568
Telangana,KARIMNAGAR,2000,Kharif,other misc. pulses,698,314,0.449856734
Telangana,KARIMNAGAR,2000,Kharif,Rice,162729,508854,3.127002563
Telangana,KARIMNAGAR,2000,Kharif,Sesamum,415,64,0.154216867
Telangana,KARIMNAGAR,2000,Kharif,Sunflower,889,1352,1.520809899
Telangana,KARIMNAGAR,2000,Kharif,Urad,12,4,0.333333333
Telangana,KARIMNAGAR,2000,Rabi,Arhar/Tur,548,196,0.357664234
Telangana,KARIMNAGAR,2000,Rabi,Bajra,764,458,0.59947644
Telangana,KARIMNAGAR,2000,Rabi,Dry chillies,2042,4721,2.31194907
Telangana,KARIMNAGAR,2000,Rabi,Gram,493,354,0.718052738
Telangana,KARIMNAGAR,2000,Rabi,Groundnut,16415,31468,1.917027109
Telangana,KARIMNAGAR,2000,Rabi,Horse-gram,1051,206,0.196003806
Telangana,KARIMNAGAR,2000,Rabi,Jowar,1323,1429,1.080120937
Telangana,KARIMNAGAR,2000,Rabi,Maize,33249,167741,5.044993834
Telangana,KARIMNAGAR,2000,Rabi,Moong(Green Gram),149,50,0.33557047
Telangana,KARIMNAGAR,2000,Rabi,Onion,632,15890,25.14240506
Telangana,KARIMNAGAR,2000,Rabi,Other  Rabi pulses,393,131,0.333333333
Telangana,KARIMNAGAR,2000,Rabi,other misc. pulses,153,21,0.137254902
Telangana,KARIMNAGAR,2000,Rabi,Rapeseed &Mustard,1,,
Telangana,KARIMNAGAR,2000,Rabi,Rice,108608,376544,3.467000589
Telangana,KARIMNAGAR,2000,Rabi,Sesamum,3095,600,0.193861066
Telangana,KARIMNAGAR,2000,Rabi,Urad,51,27,0.529411765
Telangana,KARIMNAGAR,2000,Rabi,Wheat,171,98,0.573099415
Telangana,KARIMNAGAR,2000,Whole Year,Banana,1,,
Telangana,KARIMNAGAR,2000,Whole Year,Coriander,33,9,0.272727273
Telangana,KARIMNAGAR,2000,Whole Year,Dry ginger,76,297,3.907894737
Telangana,KARIMNAGAR,2000,Whole Year,Sugarcane,2243,116063,51.74453856
Telangana,KARIMNAGAR,2000,Whole Year,Sweet potato,76,1027,13.51315789
Telangana,KARIMNAGAR,2000,Whole Year,Tobacco,1568,1813,1.15625
Telangana,KARIMNAGAR,2000,Whole Year,Turmeric,14963,81144,5.422976676
Telangana,KARIMNAGAR,2001,Kharif,Arhar/Tur,4999,2649,0.529905981
Telangana,KARIMNAGAR,2001,Kharif,Castor seed,190,56,0.294736842
Telangana,KARIMNAGAR,2001,Kharif,Cotton(lint),80520,103729,1.288238947
Telangana,KARIMNAGAR,2001,Kharif,Dry chillies,6989,13230,1.892974674
Telangana,KARIMNAGAR,2001,Kharif,Groundnut,4967,2965,0.596939803
Telangana,KARIMNAGAR,2001,Kharif,Jowar,1054,1011,0.959203036
Telangana,KARIMNAGAR,2001,Kharif,Maize,57645,202910,3.519993061
Telangana,KARIMNAGAR,2001,Kharif,Moong(Green Gram),29931,8650,0.288998029
Telangana,KARIMNAGAR,2001,Kharif,Onion,88,961,10.92045455
Telangana,KARIMNAGAR,2001,Kharif,Other Kharif pulses,1289,359,0.278510473
Telangana,KARIMNAGAR,2001,Kharif,Rice,141154,429108,3.039998866
Telangana,KARIMNAGAR,2001,Kharif,Sesamum,308,60,0.194805195
Telangana,KARIMNAGAR,2001,Kharif,Sunflower,564,712,1.262411348
Telangana,KARIMNAGAR,2001,Kharif,Urad,178,78,0.438202247
Telangana,KARIMNAGAR,2001,Rabi,Arhar/Tur,684,363,0.530701754
Telangana,KARIMNAGAR,2001,Rabi,Bajra,471,220,0.467091295
Telangana,KARIMNAGAR,2001,Rabi,Dry chillies,2324,6403,2.755163511
Telangana,KARIMNAGAR,2001,Rabi,Gram,749,828,1.105473965
Telangana,KARIMNAGAR,2001,Rabi,Groundnut,14243,27888,1.958014463
Telangana,KARIMNAGAR,2001,Rabi,Horse-gram,1157,382,0.330164218
Telangana,KARIMNAGAR,2001,Rabi,Jowar,1070,1036,0.968224299
Telangana,KARIMNAGAR,2001,Rabi,Maize,31797,150940,4.74698871
Telangana,KARIMNAGAR,2001,Rabi,Moong(Green Gram),1157,353,0.305099395
Telangana,KARIMNAGAR,2001,Rabi,Onion,582,15206,26.12714777
Telangana,KARIMNAGAR,2001,Rabi,Other  Rabi pulses,821,242,0.294762485
Telangana,KARIMNAGAR,2001,Rabi,Rice,103207,332223,3.218996773
Telangana,KARIMNAGAR,2001,Rabi,Safflower,16,5,0.3125
Telangana,KARIMNAGAR,2001,Rabi,Sesamum,3211,620,0.193086266
Telangana,KARIMNAGAR,2001,Rabi,Urad,931,158,0.169709989
Telangana,KARIMNAGAR,2001,Rabi,Wheat,151,105,0.695364238
Telangana,KARIMNAGAR,2001,Whole Year,Banana,1,,
Telangana,KARIMNAGAR,2001,Whole Year,Coriander,47,23,0.489361702
Telangana,KARIMNAGAR,2001,Whole Year,Dry ginger,2,5,2.5
Telangana,KARIMNAGAR,2001,Whole Year,Sugarcane,2106,180779,85.83998101
Telangana,KARIMNAGAR,2001,Whole Year,Sweet potato,25,332,13.28
Telangana,KARIMNAGAR,2001,Whole Year,Tobacco,985,2375,2.411167513
Telangana,KARIMNAGAR,2001,Whole Year,Turmeric,13979,59439,4.252020888
Telangana,KARIMNAGAR,2002,Kharif,Arhar/Tur,6620,1629,0.246072508
Telangana,KARIMNAGAR,2002,Kharif,Castor seed,737,289,0.392130258
Telangana,KARIMNAGAR,2002,Kharif,Cotton(lint),46302,71087,1.535290052
Telangana,KARIMNAGAR,2002,Kharif,Dry chillies,9430,12985,1.376988335
Telangana,KARIMNAGAR,2002,Kharif,Groundnut,3383,1685,0.498078628
Telangana,KARIMNAGAR,2002,Kharif,Jowar,229,225,0.982532751
Telangana,KARIMNAGAR,2002,Kharif,Maize,74184,228264,3.076997735
Telangana,KARIMNAGAR,2002,Kharif,Moong(Green Gram),24429,5032,0.20598469
Telangana,KARIMNAGAR,2002,Kharif,Onion,91,699,7.681318681
Telangana,KARIMNAGAR,2002,Kharif,Other Kharif pulses,531,96,0.18079096
Telangana,KARIMNAGAR,2002,Kharif,Rice,133365,345015,2.586998088
Telangana,KARIMNAGAR,2002,Kharif,Sesamum,304,57,0.1875
Telangana,KARIMNAGAR,2002,Kharif,Sunflower,202,211,1.044554455
Telangana,KARIMNAGAR,2002,Kharif,Urad,10,5,0.5
Telangana,KARIMNAGAR,2002,Rabi,Arhar/Tur,512,126,0.24609375
Telangana,KARIMNAGAR,2002,Rabi,Bajra,330,156,0.472727273
Telangana,KARIMNAGAR,2002,Rabi,Dry chillies,1577,3920,2.485732403
Telangana,KARIMNAGAR,2002,Rabi,Gram,2987,3695,1.237027118
Telangana,KARIMNAGAR,2002,Rabi,Groundnut,11852,19485,1.644026325
Telangana,KARIMNAGAR,2002,Rabi,Horse-gram,1407,179,0.127221038
Telangana,KARIMNAGAR,2002,Rabi,Jowar,1554,1248,0.803088803
Telangana,KARIMNAGAR,2002,Rabi,Maize,31572,139359,4.414006081
Telangana,KARIMNAGAR,2002,Rabi,Moong(Green Gram),1234,315,0.255267423
Telangana,KARIMNAGAR,2002,Rabi,Onion,453,11320,24.98896247
Telangana,KARIMNAGAR,2002,Rabi,Other  Rabi pulses,136,38,0.279411765
Telangana,KARIMNAGAR,2002,Rabi,Rice,48545,152965,3.150993923
Telangana,KARIMNAGAR,2002,Rabi,Safflower,2,1,0.5
Telangana,KARIMNAGAR,2002,Rabi,Sesamum,2098,373,0.17778837
Telangana,KARIMNAGAR,2002,Rabi,Urad,1941,448,0.230808861
Telangana,KARIMNAGAR,2002,Rabi,Wheat,115,106,0.92173913
Telangana,KARIMNAGAR,2002,Whole Year,Banana,9,220,24.44444444
Telangana,KARIMNAGAR,2002,Whole Year,Beans & Mutter(Vegetable),87,113,1.298850575
Telangana,KARIMNAGAR,2002,Whole Year,Bhindi,391,1026,2.624040921
Telangana,KARIMNAGAR,2002,Whole Year,Bottle Gourd,1,0,0
Telangana,KARIMNAGAR,2002,Whole Year,Brinjal,386,1135,2.940414508
Telangana,KARIMNAGAR,2002,Whole Year,Cabbage,40,0,0
Telangana,KARIMNAGAR,2002,Whole Year,Citrus Fruit,145,646,4.455172414
Telangana,KARIMNAGAR,2002,Whole Year,Coriander,41,17,0.414634146
Telangana,KARIMNAGAR,2002,Whole Year,Cucumber,79,0,0
Telangana,KARIMNAGAR,2002,Whole Year,Grapes,8,154,19.25
Telangana,KARIMNAGAR,2002,Whole Year,Mango,7763,13989,1.802009532
Telangana,KARIMNAGAR,2002,Whole Year,Orange,3110,33873,10.89163987
Telangana,KARIMNAGAR,2002,Whole Year,Other Fresh Fruits,19,28,1.473684211
Telangana,KARIMNAGAR,2002,Whole Year,Other Vegetables,1899,0,0
Telangana,KARIMNAGAR,2002,Whole Year,Pome Fruit,59,328,5.559322034
Telangana,KARIMNAGAR,2002,Whole Year,Sugarcane,579,37410,64.61139896
Telangana,KARIMNAGAR,2002,Whole Year,Sweet potato,24,259,10.79166667
Telangana,KARIMNAGAR,2002,Whole Year,Tobacco,321,1081,3.367601246
Telangana,KARIMNAGAR,2002,Whole Year,Tomato,813,4345,5.344403444
Telangana,KARIMNAGAR,2002,Whole Year,Turmeric,12350,73371,5.94097166
Telangana,KARIMNAGAR,2003,Kharif,Arhar/Tur,11352,4813,0.423978154
Telangana,KARIMNAGAR,2003,Kharif,Castor seed,4436,2032,0.458070334
Telangana,KARIMNAGAR,2003,Kharif,Cotton(lint),48689,106829,2.194109552
Telangana,KARIMNAGAR,2003,Kharif,Dry chillies,10138,17133,1.689978299
Telangana,KARIMNAGAR,2003,Kharif,Gram,6,7,1.166666667
Telangana,KARIMNAGAR,2003,Kharif,Groundnut,2224,1099,0.494154676
Telangana,KARIMNAGAR,2003,Kharif,Jowar,1044,955,0.914750958
Telangana,KARIMNAGAR,2003,Kharif,Maize,116523,450711,3.868000309
Telangana,KARIMNAGAR,2003,Kharif,Moong(Green Gram),28608,10671,0.37300755
Telangana,KARIMNAGAR,2003,Kharif,Onion,103,1099,10.66990291
Telangana,KARIMNAGAR,2003,Kharif,Other Kharif pulses,745,122,0.163758389
Telangana,KARIMNAGAR,2003,Kharif,Rice,122858,395726,3.221003109
Telangana,KARIMNAGAR,2003,Kharif,Sesamum,157,45,0.286624204
Telangana,KARIMNAGAR,2003,Kharif,Sunflower,497,898,1.806841046
Telangana,KARIMNAGAR,2003,Kharif,Urad,20,14,0.7
Telangana,KARIMNAGAR,2003,Rabi,Arhar/Tur,889,377,0.424071991
Telangana,KARIMNAGAR,2003,Rabi,Bajra,939,574,0.611288605
Telangana,KARIMNAGAR,2003,Rabi,Dry chillies,2052,6696,3.263157895
Telangana,KARIMNAGAR,2003,Rabi,Gram,6990,8346,1.193991416
Telangana,KARIMNAGAR,2003,Rabi,Groundnut,14564,30657,2.104984894
Telangana,KARIMNAGAR,2003,Rabi,Horse-gram,1877,612,0.326052211
Telangana,KARIMNAGAR,2003,Rabi,Jowar,1023,948,0.926686217
Telangana,KARIMNAGAR,2003,Rabi,Maize,46262,218125,4.714992867
Telangana,KARIMNAGAR,2003,Rabi,Moong(Green Gram),1949,659,0.338122114
Telangana,KARIMNAGAR,2003,Rabi,Onion,551,15272,27.7168784
Telangana,KARIMNAGAR,2003,Rabi,Other  Rabi pulses,609,111,0.18226601
Telangana,KARIMNAGAR,2003,Rabi,other oilseeds,24,,
Telangana,KARIMNAGAR,2003,Rabi,Rice,64718,206321,3.188000247
Telangana,KARIMNAGAR,2003,Rabi,Safflower,218,68,0.311926606
Telangana,KARIMNAGAR,2003,Rabi,Sesamum,3365,697,0.207132244
Telangana,KARIMNAGAR,2003,Rabi,Urad,961,393,0.408949011
Telangana,KARIMNAGAR,2003,Rabi,Wheat,147,87,0.591836735
Telangana,KARIMNAGAR,2003,Whole Year,Beans & Mutter(Vegetable),113,672,5.946902655
Telangana,KARIMNAGAR,2003,Whole Year,Bhindi,391,1564,4
Telangana,KARIMNAGAR,2003,Whole Year,Bottle Gourd,1,0,0
Telangana,KARIMNAGAR,2003,Whole Year,Brinjal,389,5049,12.97943445
Telangana,KARIMNAGAR,2003,Whole Year,Cabbage,26,0,0
Telangana,KARIMNAGAR,2003,Whole Year,Citrus Fruit,120,885,7.375
Telangana,KARIMNAGAR,2003,Whole Year,Coriander,119,33,0.277310924
Telangana,KARIMNAGAR,2003,Whole Year,Cucumber,225,0,0
Telangana,KARIMNAGAR,2003,Whole Year,Mango,7466,22742,3.046075542
Telangana,KARIMNAGAR,2003,Whole Year,Orange,3084,19473,6.314202335
Telangana,KARIMNAGAR,2003,Whole Year,Other Fresh Fruits,5,25,5
Telangana,KARIMNAGAR,2003,Whole Year,Other Vegetables,2217,0,0
Telangana,KARIMNAGAR,2003,Whole Year,Pome Fruit,61,644,10.55737705
Telangana,KARIMNAGAR,2003,Whole Year,Sugarcane,1623,126290,77.81269254
Telangana,KARIMNAGAR,2003,Whole Year,Tobacco,278,503,1.809352518
Telangana,KARIMNAGAR,2003,Whole Year,Tomato,1229,7984,6.496338487
Telangana,KARIMNAGAR,2003,Whole Year,Turmeric,14422,108670,7.535015948
Telangana,KARIMNAGAR,2004,Kharif,Arhar/Tur,9833,2212,0.224956778
Telangana,KARIMNAGAR,2004,Kharif,Castor seed,2776,1043,0.375720461
Telangana,KARIMNAGAR,2004,Kharif,Cotton(lint),100110,124843,1.247058236
Telangana,KARIMNAGAR,2004,Kharif,Dry chillies,9411,13062,1.387950271
Telangana,KARIMNAGAR,2004,Kharif,Groundnut,1322,1133,0.857034796
Telangana,KARIMNAGAR,2004,Kharif,Jowar,145,127,0.875862069
Telangana,KARIMNAGAR,2004,Kharif,Maize,94970,216057,2.275002632
Telangana,KARIMNAGAR,2004,Kharif,Moong(Green Gram),13872,2705,0.194997116
Telangana,KARIMNAGAR,2004,Kharif,Onion,157,1586,10.10191083
Telangana,KARIMNAGAR,2004,Kharif,Other Kharif pulses,1861,652,0.350349275
Telangana,KARIMNAGAR,2004,Kharif,Rice,65453,147989,2.26099644
Telangana,KARIMNAGAR,2004,Kharif,Sesamum,145,39,0.268965517
Telangana,KARIMNAGAR,2004,Kharif,Sunflower,1605,1621,1.009968847
Telangana,KARIMNAGAR,2004,Kharif,Urad,19,9,0.473684211
Telangana,KARIMNAGAR,2004,Rabi,Arhar/Tur,579,130,0.224525043
Telangana,KARIMNAGAR,2004,Rabi,Bajra,543,172,0.316758748
Telangana,KARIMNAGAR,2004,Rabi,Dry chillies,740,2214,2.991891892
Telangana,KARIMNAGAR,2004,Rabi,Gram,4843,4257,0.879000619
Telangana,KARIMNAGAR,2004,Rabi,Groundnut,16453,16766,1.019023886
Telangana,KARIMNAGAR,2004,Rabi,Horse-gram,1718,557,0.324214203
Telangana,KARIMNAGAR,2004,Rabi,Jowar,2411,2343,0.971795935
Telangana,KARIMNAGAR,2004,Rabi,Maize,30904,109029,3.527989904
Telangana,KARIMNAGAR,2004,Rabi,Moong(Green Gram),1370,447,0.326277372
Telangana,KARIMNAGAR,2004,Rabi,Onion,450,10050,22.33333333
Telangana,KARIMNAGAR,2004,Rabi,Other  Rabi pulses,5208,1173,0.225230415
Telangana,KARIMNAGAR,2004,Rabi,Rice,18182,50382,2.77098229
Telangana,KARIMNAGAR,2004,Rabi,Sesamum,3657,1327,0.362865737
Telangana,KARIMNAGAR,2004,Rabi,Sunflower,1596,1617,1.013157895
Telangana,KARIMNAGAR,2004,Rabi,Urad,576,418,0.725694444
Telangana,KARIMNAGAR,2004,Rabi,Wheat,65,34,0.523076923
Telangana,KARIMNAGAR,2004,Whole Year,Banana,12,297,24.75
Telangana,KARIMNAGAR,2004,Whole Year,Coriander,41,24,0.585365854
Telangana,KARIMNAGAR,2004,Whole Year,Garlic,84,,
Telangana,KARIMNAGAR,2004,Whole Year,Sugarcane,1289,91608,71.06904577
Telangana,KARIMNAGAR,2004,Whole Year,Sweet potato,6,42,7
Telangana,KARIMNAGAR,2004,Whole Year,Tobacco,970,1426,1.470103093
Telangana,KARIMNAGAR,2004,Whole Year,Turmeric,15368,104963,6.829971369
Telangana,KARIMNAGAR,2005,Kharif,Arhar/Tur,16818,11436,0.67998573
Telangana,KARIMNAGAR,2005,Kharif,Castor seed,10228,3907,0.381990614
Telangana,KARIMNAGAR,2005,Kharif,Cotton(lint),117500,269559,2.294119149
Telangana,KARIMNAGAR,2005,Kharif,Dry chillies,4636,6908,1.490077653
Telangana,KARIMNAGAR,2005,Kharif,Groundnut,474,419,0.883966245
Telangana,KARIMNAGAR,2005,Kharif,Jowar,258,310,1.201550388
Telangana,KARIMNAGAR,2005,Kharif,Maize,134439,526463,3.915999078
Telangana,KARIMNAGAR,2005,Kharif,Moong(Green Gram),17297,5379,0.310978782
Telangana,KARIMNAGAR,2005,Kharif,Onion,54,697,12.90740741
Telangana,KARIMNAGAR,2005,Kharif,Other Kharif pulses,2415,631,0.261283644
Telangana,KARIMNAGAR,2005,Kharif,Rice,146979,501639,3.412997775
Telangana,KARIMNAGAR,2005,Kharif,Sesamum,178,43,0.241573034
Telangana,KARIMNAGAR,2005,Kharif,Soyabean,445,890,2
Telangana,KARIMNAGAR,2005,Rabi,Bajra,2,1,0.5
Telangana,KARIMNAGAR,2005,Rabi,Dry chillies,576,1731,3.005208333
Telangana,KARIMNAGAR,2005,Rabi,Gram,2968,4215,1.420148248
Telangana,KARIMNAGAR,2005,Rabi,Groundnut,13631,25585,1.876971609
Telangana,KARIMNAGAR,2005,Rabi,Horse-gram,1651,424,0.256814052
Telangana,KARIMNAGAR,2005,Rabi,Jowar,1664,1354,0.813701923
Telangana,KARIMNAGAR,2005,Rabi,Maize,40868,203277,4.973989429
Telangana,KARIMNAGAR,2005,Rabi,Moong(Green Gram),1197,640,0.534670008
Telangana,KARIMNAGAR,2005,Rabi,Onion,803,15976,19.89539228
Telangana,KARIMNAGAR,2005,Rabi,Other  Rabi pulses,4843,2089,0.431344208
Telangana,KARIMNAGAR,2005,Rabi,Rice,119417,410675,3.438999472
Telangana,KARIMNAGAR,2005,Rabi,Sesamum,4612,2790,0.604943625
Telangana,KARIMNAGAR,2005,Rabi,Urad,492,363,0.737804878
Telangana,KARIMNAGAR,2005,Rabi,Wheat,101,83,0.821782178
Telangana,KARIMNAGAR,2005,Whole Year,Banana,33,690,20.90909091
Telangana,KARIMNAGAR,2005,Whole Year,Coriander,52,22,0.423076923
Telangana,KARIMNAGAR,2005,Whole Year,Garlic,107,,
Telangana,KARIMNAGAR,2005,Whole Year,Sugarcane,1378,128596,93.32075472
Telangana,KARIMNAGAR,2005,Whole Year,Sunflower,1163,1486,1.277730009
Telangana,KARIMNAGAR,2005,Whole Year,Sweet potato,6,51,8.5
Telangana,KARIMNAGAR,2005,Whole Year,Tobacco,601,1184,1.970049917
Telangana,KARIMNAGAR,2005,Whole Year,Turmeric,20020,181101,9.046003996
Telangana,KARIMNAGAR,2006,Kharif,Arhar/Tur,11789,5187,0.439986428
Telangana,KARIMNAGAR,2006,Kharif,Castor seed,2469,1050,0.42527339
Telangana,KARIMNAGAR,2006,Kharif,Cotton(lint),117151,223276,1.905882152
Telangana,KARIMNAGAR,2006,Kharif,Dry chillies,6377,11530,1.808060216
Telangana,KARIMNAGAR,2006,Kharif,Groundnut,499,341,0.683366733
Telangana,KARIMNAGAR,2006,Kharif,Jowar,37,39,1.054054054
Telangana,KARIMNAGAR,2006,Kharif,Maize,95318,313024,3.283996727
Telangana,KARIMNAGAR,2006,Kharif,Moong(Green Gram),11841,2617,0.221011739
Telangana,KARIMNAGAR,2006,Kharif,Onion,137,2063,15.05839416
Telangana,KARIMNAGAR,2006,Kharif,Other Kharif pulses,1554,427,0.274774775
Telangana,KARIMNAGAR,2006,Kharif,Rice,166750,521094,3.125001499
Telangana,KARIMNAGAR,2006,Kharif,Sesamum,299,56,0.18729097
Telangana,KARIMNAGAR,2006,Kharif,Soyabean,826,1263,1.52905569
Telangana,KARIMNAGAR,2006,Rabi,Bajra,165,58,0.351515152
Telangana,KARIMNAGAR,2006,Rabi,Dry chillies,446,1456,3.264573991
Telangana,KARIMNAGAR,2006,Rabi,Gram,3588,5726,1.595875139
Telangana,KARIMNAGAR,2006,Rabi,Groundnut,13016,24626,1.891979103
Telangana,KARIMNAGAR,2006,Rabi,Horse-gram,1242,355,0.285829308
Telangana,KARIMNAGAR,2006,Rabi,Jowar,347,327,0.942363112
Telangana,KARIMNAGAR,2006,Rabi,Maize,44854,215568,4.805992777
Telangana,KARIMNAGAR,2006,Rabi,Moong(Green Gram),2344,2021,0.862201365
Telangana,KARIMNAGAR,2006,Rabi,Onion,340,8448,24.84705882
Telangana,KARIMNAGAR,2006,Rabi,Other  Rabi pulses,3919,1172,0.299055882
Telangana,KARIMNAGAR,2006,Rabi,Rice,166759,548470,3.288997895
Telangana,KARIMNAGAR,2006,Rabi,Sesamum,4549,2238,0.491976259
Telangana,KARIMNAGAR,2006,Rabi,Urad,514,487,0.947470817
Telangana,KARIMNAGAR,2006,Rabi,Wheat,59,55,0.93220339
Telangana,KARIMNAGAR,2006,Whole Year,Banana,16,389,24.3125
Telangana,KARIMNAGAR,2006,Whole Year,Coriander,30,17,0.566666667
Telangana,KARIMNAGAR,2006,Whole Year,Sugarcane,1503,135061,89.86094478
Telangana,KARIMNAGAR,2006,Whole Year,Sunflower,746,1041,1.395442359
Telangana,KARIMNAGAR,2006,Whole Year,Sweet potato,22,198,9
Telangana,KARIMNAGAR,2006,Whole Year,Tobacco,573,903,1.57591623
Telangana,KARIMNAGAR,2006,Whole Year,Turmeric,15765,126388,8.016999683
Telangana,KARIMNAGAR,2007,Kharif,Arhar/Tur,10000,7000,0.7
Telangana,KARIMNAGAR,2007,Kharif,Castor seed,2000,1000,0.5
Telangana,KARIMNAGAR,2007,Kharif,Cotton(lint),137000,452000,3.299270073
Telangana,KARIMNAGAR,2007,Kharif,Dry chillies,6000,13000,2.166666667
Telangana,KARIMNAGAR,2007,Kharif,Maize,90000,524000,5.822222222
Telangana,KARIMNAGAR,2007,Kharif,Moong(Green Gram),12000,5000,0.416666667
Telangana,KARIMNAGAR,2007,Kharif,Other Kharif pulses,1000,1000,1
Telangana,KARIMNAGAR,2007,Kharif,Rice,130000,441000,3.392307692
Telangana,KARIMNAGAR,2007,Rabi,Gram,3000,3000,1
Telangana,KARIMNAGAR,2007,Rabi,Groundnut,15000,23000,1.533333333
Telangana,KARIMNAGAR,2007,Rabi,Maize,65000,377000,5.8
Telangana,KARIMNAGAR,2007,Rabi,Moong(Green Gram),2000,2000,1
Telangana,KARIMNAGAR,2007,Rabi,Onion,1000,13000,13
Telangana,KARIMNAGAR,2007,Rabi,Rice,152000,545000,3.585526316
Telangana,KARIMNAGAR,2007,Rabi,Sesamum,3000,1000,0.333333333
Telangana,KARIMNAGAR,2007,Rabi,Sunflower,1000,2000,2
Telangana,KARIMNAGAR,2007,Whole Year,Sugarcane,2000,172000,86
Telangana,KARIMNAGAR,2008,Kharif,Arhar/Tur,6542,3873,0.592020789
Telangana,KARIMNAGAR,2008,Kharif,Castor seed,387,180,0.465116279
Telangana,KARIMNAGAR,2008,Kharif,Cotton(lint),180127,425947,2.364703792
Telangana,KARIMNAGAR,2008,Kharif,Dry chillies,5517,10852,1.967011057
Telangana,KARIMNAGAR,2008,Kharif,Groundnut,623,677,1.086677368
Telangana,KARIMNAGAR,2008,Kharif,Maize,75779,334716,4.417002072
Telangana,KARIMNAGAR,2008,Kharif,Moong(Green Gram),10316,4230,0.410042652
Telangana,KARIMNAGAR,2008,Kharif,Onion,511,7345,14.37377691
Telangana,KARIMNAGAR,2008,Kharif,Other Kharif pulses,313,156,0.498402556
Telangana,KARIMNAGAR,2008,Kharif,Rice,160406,543135,3.386001771
Telangana,KARIMNAGAR,2008,Kharif,Soyabean,61,83,1.360655738
Telangana,KARIMNAGAR,2008,Rabi,Bajra,4,3,0.75
Telangana,KARIMNAGAR,2008,Rabi,Gram,1618,2313,1.429542645
Telangana,KARIMNAGAR,2008,Rabi,Groundnut,16157,29567,1.829980813
Telangana,KARIMNAGAR,2008,Rabi,Horse-gram,918,384,0.418300654
Telangana,KARIMNAGAR,2008,Rabi,Maize,60551,294944,4.871001305
Telangana,KARIMNAGAR,2008,Rabi,Moong(Green Gram),1263,1118,0.885193983
Telangana,KARIMNAGAR,2008,Rabi,Onion,802,18085,22.54987531
Telangana,KARIMNAGAR,2008,Rabi,Rice,175551,632861,3.604997978
Telangana,KARIMNAGAR,2008,Rabi,Sesamum,2374,1023,0.430918281
Telangana,KARIMNAGAR,2008,Rabi,Urad,153,103,0.673202614
Telangana,KARIMNAGAR,2008,Rabi,Wheat,14,16,1.142857143
Telangana,KARIMNAGAR,2008,Whole Year,Coriander,31,17,0.548387097
Telangana,KARIMNAGAR,2008,Whole Year,Dry ginger,14,99,7.071428571
Telangana,KARIMNAGAR,2008,Whole Year,Sugarcane,1633,138805,85
Telangana,KARIMNAGAR,2008,Whole Year,Sunflower,1463,3265,2.231715653
Telangana,KARIMNAGAR,2008,Whole Year,Tobacco,324,690,2.12962963
Telangana,KARIMNAGAR,2008,Whole Year,Turmeric,19163,133010,6.940980014
Telangana,KARIMNAGAR,2009,Kharif,Arhar/Tur,6016,4416,0.734042553
Telangana,KARIMNAGAR,2009,Kharif,Castor seed,152,60,0.394736842
Telangana,KARIMNAGAR,2009,Kharif,Cotton(lint),199553,461320,2.311766799
Telangana,KARIMNAGAR,2009,Kharif,Dry chillies,3810,4119,1.081102362
Telangana,KARIMNAGAR,2009,Kharif,Groundnut,432,618,1.430555556
Telangana,KARIMNAGAR,2009,Kharif,Maize,60308,153725,2.548998474
Telangana,KARIMNAGAR,2009,Kharif,Moong(Green Gram),6629,1352,0.203952331
Telangana,KARIMNAGAR,2009,Kharif,Onion,369,6416,17.38753388
Telangana,KARIMNAGAR,2009,Kharif,Other Kharif pulses,299,101,0.337792642
Telangana,KARIMNAGAR,2009,Kharif,Rice,84886,274182,3.230002592
Telangana,KARIMNAGAR,2009,Kharif,Sesamum,154,16,0.103896104
Telangana,KARIMNAGAR,2009,Kharif,Soyabean,1808,1490,0.824115044
Telangana,KARIMNAGAR,2009,Rabi,Arhar/Tur,920,675,0.733695652
Telangana,KARIMNAGAR,2009,Rabi,Bajra,710,344,0.484507042
Telangana,KARIMNAGAR,2009,Rabi,Gram,4165,4023,0.965906363
Telangana,KARIMNAGAR,2009,Rabi,Groundnut,13542,20733,1.531014621
Telangana,KARIMNAGAR,2009,Rabi,Horse-gram,55,16,0.290909091
Telangana,KARIMNAGAR,2009,Rabi,Jowar,956,806,0.843096234
Telangana,KARIMNAGAR,2009,Rabi,Maize,40275,191226,4.748007449
Telangana,KARIMNAGAR,2009,Rabi,Moong(Green Gram),3513,1623,0.461998292
Telangana,KARIMNAGAR,2009,Rabi,Onion,594,14416,24.26936027
Telangana,KARIMNAGAR,2009,Rabi,Rice,77439,239209,3.088999083
Telangana,KARIMNAGAR,2009,Rabi,Sesamum,4516,2136,0.472984942
Telangana,KARIMNAGAR,2009,Rabi,Urad,487,338,0.694045175
Telangana,KARIMNAGAR,2009,Rabi,Wheat,2,2,1
Telangana,KARIMNAGAR,2009,Whole Year,Coriander,9,6,0.666666667
Telangana,KARIMNAGAR,2009,Whole Year,Dry ginger,14,126,9
Telangana,KARIMNAGAR,2009,Whole Year,Garlic,40,118,2.95
Telangana,KARIMNAGAR,2009,Whole Year,Sugarcane,1194,122808,102.8542714
Telangana,KARIMNAGAR,2009,Whole Year,Sunflower,1080,1535,1.421296296
Telangana,KARIMNAGAR,2009,Whole Year,Tobacco,673,1275,1.894502229
Telangana,KARIMNAGAR,2009,Whole Year,Turmeric,12813,72932,5.69203153
Telangana,KARIMNAGAR,2010,Kharif,Arhar/Tur,9384,3388,0.361040068
Telangana,KARIMNAGAR,2010,Kharif,Castor seed,110,54,0.490909091
Telangana,KARIMNAGAR,2010,Kharif,Cotton(lint),235396,502640,2.135295417
Telangana,KARIMNAGAR,2010,Kharif,Dry chillies,3772,5798,1.537115589
Telangana,KARIMNAGAR,2010,Kharif,Groundnut,249,157,0.630522088
Telangana,KARIMNAGAR,2010,Kharif,Jowar,16,15,0.9375
Telangana,KARIMNAGAR,2010,Kharif,Maize,57065,265809,4.65800403
Telangana,KARIMNAGAR,2010,Kharif,Moong(Green Gram),8213,3162,0.384999391
Telangana,KARIMNAGAR,2010,Kharif,Other Kharif pulses,68,199,2.926470588
Telangana,KARIMNAGAR,2010,Kharif,Rice,159548,523465,3.280924863
Telangana,KARIMNAGAR,2010,Kharif,Sesamum,27,5,0.185185185
Telangana,KARIMNAGAR,2010,Kharif,Soyabean,1460,2488,1.704109589
Telangana,KARIMNAGAR,2010,Kharif,Urad,152,94,0.618421053
Telangana,KARIMNAGAR,2010,Rabi,Arhar/Tur,50,18,0.36
Telangana,KARIMNAGAR,2010,Rabi,Bajra,2696,1955,0.725148368
Telangana,KARIMNAGAR,2010,Rabi,Gram,1618,1204,0.744128554
Telangana,KARIMNAGAR,2010,Rabi,Groundnut,10502,15480,1.474004951
Telangana,KARIMNAGAR,2010,Rabi,Horse-gram,48,19,0.395833333
Telangana,KARIMNAGAR,2010,Rabi,Jowar,239,310,1.29707113
Telangana,KARIMNAGAR,2010,Rabi,Maize,34092,170051,4.988003051
Telangana,KARIMNAGAR,2010,Rabi,Moong(Green Gram),2089,1157,0.553853518
Telangana,KARIMNAGAR,2010,Rabi,Onion,855,16395,19.1754386
Telangana,KARIMNAGAR,2010,Rabi,Rapeseed &Mustard,26,63,2.423076923
Telangana,KARIMNAGAR,2010,Rabi,Rice,221971,828396,3.732001027
Telangana,KARIMNAGAR,2010,Rabi,Sesamum,6252,2726,0.436020473
Telangana,KARIMNAGAR,2010,Rabi,Urad,1286,952,0.740279938
Telangana,KARIMNAGAR,2010,Rabi,Wheat,7,9,1.285714286
Telangana,KARIMNAGAR,2010,Whole Year,Coriander,27,18,0.666666667
Telangana,KARIMNAGAR,2010,Whole Year,Dry ginger,24,224,9.333333333
Telangana,KARIMNAGAR,2010,Whole Year,Garlic,12,25,2.083333333
Telangana,KARIMNAGAR,2010,Whole Year,Ginger,24,224,9.333333333
Telangana,KARIMNAGAR,2010,Whole Year,Sugarcane,1500,116895,77.93
Telangana,KARIMNAGAR,2010,Whole Year,Sunflower,249,309,1.240963855
Telangana,KARIMNAGAR,2010,Whole Year,Tobacco,362,543,1.5
Telangana,KARIMNAGAR,2010,Whole Year,Turmeric,17873,124021,6.939014155
Telangana,KARIMNAGAR,2011,Kharif,Arhar/Tur,9569,4383,0.458041593
Telangana,KARIMNAGAR,2011,Kharif,Castor seed,187,73,0.390374332
Telangana,KARIMNAGAR,2011,Kharif,Cotton(lint),235245,293364,1.247057323
Telangana,KARIMNAGAR,2011,Kharif,Cowpea(Lobia),532,126,0.236842105
Telangana,KARIMNAGAR,2011,Kharif,Dry chillies,5001,8527,1.705058988
Telangana,KARIMNAGAR,2011,Kharif,Groundnut,173,195,1.12716763
Telangana,KARIMNAGAR,2011,Kharif,Maize,53120,168497,3.172006777
Telangana,KARIMNAGAR,2011,Kharif,Moong(Green Gram),6549,2744,0.418995266
Telangana,KARIMNAGAR,2011,Kharif,Onion,4,45,11.25
Telangana,KARIMNAGAR,2011,Kharif,Other Kharif pulses,42,44,1.047619048
Telangana,KARIMNAGAR,2011,Kharif,Rice,185727,601858,3.240551993
Telangana,KARIMNAGAR,2011,Kharif,Soyabean,2710,4379,1.615867159
Telangana,KARIMNAGAR,2011,Kharif,Urad,144,101,0.701388889
Telangana,KARIMNAGAR,2011,Rabi,Arhar/Tur,18,8,0.444444444
Telangana,KARIMNAGAR,2011,Rabi,Bajra,599,375,0.626043406
Telangana,KARIMNAGAR,2011,Rabi,Cowpea(Lobia),4459,3558,0.797936757
Telangana,KARIMNAGAR,2011,Rabi,Dry chillies,128,417,3.2578125
Telangana,KARIMNAGAR,2011,Rabi,Gram,1163,1016,0.873602752
Telangana,KARIMNAGAR,2011,Rabi,Groundnut,7747,12558,1.621014586
Telangana,KARIMNAGAR,2011,Rabi,Horse-gram,2,,
Telangana,KARIMNAGAR,2011,Rabi,Jowar,233,48,0.206008584
Telangana,KARIMNAGAR,2011,Rabi,Maize,44181,197047,4.459994115
Telangana,KARIMNAGAR,2011,Rabi,Moong(Green Gram),4653,3234,0.695035461
Telangana,KARIMNAGAR,2011,Rabi,Onion,669,18267,27.30493274
Telangana,KARIMNAGAR,2011,Rabi,Rapeseed &Mustard,48,117,2.4375
Telangana,KARIMNAGAR,2011,Rabi,Rice,157649,518192,3.286998332
Telangana,KARIMNAGAR,2011,Rabi,Sesamum,5739,2169,0.377940408
Telangana,KARIMNAGAR,2011,Rabi,Urad,3046,1267,0.415955351
Telangana,KARIMNAGAR,2011,Rabi,Wheat,16,21,1.3125
Telangana,KARIMNAGAR,2011,Whole Year,Coriander,9,5,0.555555556
Telangana,KARIMNAGAR,2011,Whole Year,Dry ginger,2,18,9
Telangana,KARIMNAGAR,2011,Whole Year,Garlic,12,26,2.166666667
Telangana,KARIMNAGAR,2011,Whole Year,Sugarcane,1700,155336,91.37411765
Telangana,KARIMNAGAR,2011,Whole Year,Sunflower,258,521,2.019379845
Telangana,KARIMNAGAR,2011,Whole Year,Tobacco,163,261,1.601226994
Telangana,KARIMNAGAR,2011,Whole Year,Turmeric,17883,106207,5.938992339
Telangana,KARIMNAGAR,2013,Kharif,Arhar/Tur,4548,3084,0.678100264
Telangana,KARIMNAGAR,2013,Kharif,Banana,14,436,31.14285714
Telangana,KARIMNAGAR,2013,Kharif,Castor seed,13,9,0.692307692
Telangana,KARIMNAGAR,2013,Kharif,Cotton(lint),231378,669212,2.892288809
Telangana,KARIMNAGAR,2013,Kharif,Cowpea(Lobia),703,286,0.406827881
Telangana,KARIMNAGAR,2013,Kharif,Dry chillies,4593,12291,2.676028739
Telangana,KARIMNAGAR,2013,Kharif,Ginger,4,26,6.5
Telangana,KARIMNAGAR,2013,Kharif,Groundnut,133,152,1.142857143
Telangana,KARIMNAGAR,2013,Kharif,Jowar,124,151,1.217741935
Telangana,KARIMNAGAR,2013,Kharif,Maize,62879,322506,5.128993782
Telangana,KARIMNAGAR,2013,Kharif,Moong(Green Gram),4667,2488,0.533104778
Telangana,KARIMNAGAR,2013,Kharif,Other Kharif pulses,8,2,0.25
Telangana,KARIMNAGAR,2013,Kharif,Rice,209454,732042,3.495001289
Telangana,KARIMNAGAR,2013,Kharif,Sugarcane,2016,165000,81.8452381
Telangana,KARIMNAGAR,2013,Kharif,Turmeric,14487,91312,6.303030303
Telangana,KARIMNAGAR,2013,Kharif,Urad,101,83,0.821782178
Telangana,KARIMNAGAR,2013,Rabi,Bajra,1968,1854,0.942073171
Telangana,KARIMNAGAR,2013,Rabi,Cowpea(Lobia),2566,2633,1.026110678
Telangana,KARIMNAGAR,2013,Rabi,Dry chillies,92,404,4.391304348
Telangana,KARIMNAGAR,2013,Rabi,Gram,1303,1762,1.352264006
Telangana,KARIMNAGAR,2013,Rabi,Groundnut,10886,16471,1.513044277
Telangana,KARIMNAGAR,2013,Rabi,Jowar,124,151,1.217741935
Telangana,KARIMNAGAR,2013,Rabi,Maize,51457,302104,5.870999087
Telangana,KARIMNAGAR,2013,Rabi,Moong(Green Gram),4470,4257,0.952348993
Telangana,KARIMNAGAR,2013,Rabi,Onion,669,17777,26.57249626
Telangana,KARIMNAGAR,2013,Rabi,Other  Rabi pulses,25,30,1.2
Telangana,KARIMNAGAR,2013,Rabi,Rapeseed &Mustard,638,426,0.667711599
Telangana,KARIMNAGAR,2013,Rabi,Rice,208458,768793,3.687999501
Telangana,KARIMNAGAR,2013,Rabi,Sesamum,6083,3048,0.501068552
Telangana,KARIMNAGAR,2013,Rabi,Sunflower,204,294,1.441176471
Telangana,KARIMNAGAR,2013,Rabi,Tobacco,8,35,4.375
Telangana,KARIMNAGAR,2013,Rabi,Urad,4468,4379,0.980080573
Telangana,KARIMNAGAR,2013,Whole Year,Castor seed,13,9,0.692307692
Telangana,KARIMNAGAR,2013,Whole Year,Coriander,27,19,0.703703704
Telangana,KARIMNAGAR,2013,Whole Year,Dry ginger,8,52,6.5
Telangana,KARIMNAGAR,2013,Whole Year,Soyabean,12294,19793,1.609972344
Telangana,KARIMNAGAR,2014,Kharif,Arhar/Tur,3126,2254,0.721049264
Telangana,KARIMNAGAR,2014,Kharif,Banana,31,1307,42.16129032
Telangana,KARIMNAGAR,2014,Kharif,Castor seed,66,38,0.575757576
Telangana,KARIMNAGAR,2014,Kharif,Cotton(lint),214586,585694,2.729413848
Telangana,KARIMNAGAR,2014,Kharif,Cowpea(Lobia),251,365,1.454183267
Telangana,KARIMNAGAR,2014,Kharif,Dry chillies,3923,9835,2.507009941
Telangana,KARIMNAGAR,2014,Kharif,Groundnut,25,19,0.76
Telangana,KARIMNAGAR,2014,Kharif,Jowar,4,4,1
Telangana,KARIMNAGAR,2014,Kharif,Maize,53598,245318,4.576999142
Telangana,KARIMNAGAR,2014,Kharif,Moong(Green Gram),3044,1129,0.370893561
Telangana,KARIMNAGAR,2014,Kharif,Onion,18,280,15.55555556
Telangana,KARIMNAGAR,2014,Kharif,Other Kharif pulses,11,6,0.545454545
Telangana,KARIMNAGAR,2014,Kharif,Rice,179282,632136,3.525931215
Telangana,KARIMNAGAR,2014,Kharif,Sesamum,10,2,0.2
Telangana,KARIMNAGAR,2014,Kharif,Soyabean,16533,17872,1.080989536
Telangana,KARIMNAGAR,2014,Kharif,Sugarcane,2046,165728,81.00097752
Telangana,KARIMNAGAR,2014,Kharif,Turmeric,10363,64986,6.270964007
Telangana,KARIMNAGAR,2014,Kharif,Urad,68,45,0.661764706
Telangana,KARIMNAGAR,2014,Rabi,Bajra,1503,1408,0.936793081
Telangana,KARIMNAGAR,2014,Rabi,Cowpea(Lobia),2650,4545,1.71509434
Telangana,KARIMNAGAR,2014,Rabi,Dry chillies,415,1702,4.101204819
Telangana,KARIMNAGAR,2014,Rabi,Gram,1719,2121,1.233856894
Telangana,KARIMNAGAR,2014,Rabi,Groundnut,6947,14366,2.067942997
Telangana,KARIMNAGAR,2014,Rabi,Horse-gram,4,2,0.5
Telangana,KARIMNAGAR,2014,Rabi,Jowar,1271,1940,1.526357199
Telangana,KARIMNAGAR,2014,Rabi,Maize,54493,296987,5.450002753
Telangana,KARIMNAGAR,2014,Rabi,Moong(Green Gram),4308,2537,0.588904364
Telangana,KARIMNAGAR,2014,Rabi,Onion,551,15051,27.31578947
Telangana,KARIMNAGAR,2014,Rabi,Other  Rabi pulses,42,84,2
Telangana,KARIMNAGAR,2014,Rabi,Rapeseed &Mustard,1119,2269,2.027703307
Telangana,KARIMNAGAR,2014,Rabi,Rice,99151,358827,3.61899527
Telangana,KARIMNAGAR,2014,Rabi,Sesamum,7269,3664,0.50405833
Telangana,KARIMNAGAR,2014,Rabi,Sunflower,542,810,1.494464945
Telangana,KARIMNAGAR,2014,Rabi,Tobacco,8,31,3.875
Telangana,KARIMNAGAR,2014,Rabi,Urad,2315,940,0.406047516
Telangana,KARIMNAGAR,2014,Whole Year,Coriander,15,4,0.266666667
Telangana,KHAMMAM,1997,Kharif,Arhar/Tur,25400,8400,0.330708661
Telangana,KHAMMAM,1997,Kharif,Bajra,500,200,0.4
Telangana,KHAMMAM,1997,Kharif,Cotton(lint),71000,89400,1.25915493
Telangana,KHAMMAM,1997,Kharif,Dry chillies,9900,24700,2.494949495
Telangana,KHAMMAM,1997,Kharif,Groundnut,2300,1700,0.739130435
Telangana,KHAMMAM,1997,Kharif,Horse-gram,200,100,0.5
Telangana,KHAMMAM,1997,Kharif,Jowar,3100,2200,0.709677419
Telangana,KHAMMAM,1997,Kharif,Maize,21500,65600,3.051162791
Telangana,KHAMMAM,1997,Kharif,Moong(Green Gram),36000,15600,0.433333333
Telangana,KHAMMAM,1997,Kharif,Rice,121100,251900,2.080099092
Telangana,KHAMMAM,1997,Kharif,Sesamum,1200,100,0.083333333
Telangana,KHAMMAM,1997,Kharif,Small millets,2000,100,0.05
Telangana,KHAMMAM,1997,Kharif,Sugarcane,2400,172900,72.04166667
Telangana,KHAMMAM,1997,Kharif,Sunflower,3800,1700,0.447368421
Telangana,KHAMMAM,1997,Kharif,Tobacco,10100,11500,1.138613861
Telangana,KHAMMAM,1997,Kharif,Urad,900,300,0.333333333
Telangana,KHAMMAM,1997,Rabi,Arhar/Tur,200,100,0.5
Telangana,KHAMMAM,1997,Rabi,Dry chillies,7500,18600,2.48
Telangana,KHAMMAM,1997,Rabi,Groundnut,17000,21400,1.258823529
Telangana,KHAMMAM,1997,Rabi,Horse-gram,1300,800,0.615384615
Telangana,KHAMMAM,1997,Rabi,Jowar,22400,16400,0.732142857
Telangana,KHAMMAM,1997,Rabi,Maize,2800,8500,3.035714286
Telangana,KHAMMAM,1997,Rabi,Moong(Green Gram),1500,200,0.133333333
Telangana,KHAMMAM,1997,Rabi,Rice,8600,16900,1.965116279
Telangana,KHAMMAM,1997,Rabi,Sesamum,6900,1100,0.15942029
Telangana,KHAMMAM,1997,Rabi,Small millets,1000,100,0.1
Telangana,KHAMMAM,1997,Rabi,Urad,6300,3300,0.523809524
Telangana,KHAMMAM,1998,Kharif,Arhar/Tur,23200,11600,0.5
Telangana,KHAMMAM,1998,Kharif,Bajra,600,300,0.5
Telangana,KHAMMAM,1998,Kharif,Cotton(lint),88100,143100,1.624290579
Telangana,KHAMMAM,1998,Kharif,Dry chillies,13000,45500,3.5
Telangana,KHAMMAM,1998,Kharif,Groundnut,1700,1000,0.588235294
Telangana,KHAMMAM,1998,Kharif,Jowar,4400,3000,0.681818182
Telangana,KHAMMAM,1998,Kharif,Maize,16200,37600,2.320987654
Telangana,KHAMMAM,1998,Kharif,Moong(Green Gram),33700,16700,0.495548961
Telangana,KHAMMAM,1998,Kharif,Rice,160700,439400,2.734287492
Telangana,KHAMMAM,1998,Kharif,Sesamum,1400,300,0.214285714
Telangana,KHAMMAM,1998,Kharif,Sunflower,2000,1500,0.75
Telangana,KHAMMAM,1998,Kharif,Urad,500,200,0.4
Telangana,KHAMMAM,1998,Rabi,Arhar/Tur,500,200,0.4
Telangana,KHAMMAM,1998,Rabi,Dry chillies,7700,16300,2.116883117
Telangana,KHAMMAM,1998,Rabi,Groundnut,12100,15700,1.297520661
Telangana,KHAMMAM,1998,Rabi,Horse-gram,1000,400,0.4
Telangana,KHAMMAM,1998,Rabi,Jowar,21700,13900,0.640552995
Telangana,KHAMMAM,1998,Rabi,Maize,2300,9500,4.130434783
Telangana,KHAMMAM,1998,Rabi,Moong(Green Gram),1600,200,0.125
Telangana,KHAMMAM,1998,Rabi,Rice,24900,68900,2.767068273
Telangana,KHAMMAM,1998,Rabi,Sesamum,7900,1400,0.17721519
Telangana,KHAMMAM,1998,Rabi,Urad,3300,1800,0.545454545
Telangana,KHAMMAM,1998,Whole Year,Sugarcane,3800,315900,83.13157895
Telangana,KHAMMAM,1998,Whole Year,Tobacco,10700,23000,2.14953271
Telangana,KHAMMAM,1999,Kharif,Bajra,420,246,0.585714286
Telangana,KHAMMAM,1999,Kharif,Castor seed,4,1,0.25
Telangana,KHAMMAM,1999,Kharif,Cotton(lint),80796,139254,1.723525917
Telangana,KHAMMAM,1999,Kharif,Groundnut,1366,522,0.382137628
Telangana,KHAMMAM,1999,Kharif,Jowar,3088,2297,0.74384715
Telangana,KHAMMAM,1999,Kharif,Maize,17656,69406,3.931014952
Telangana,KHAMMAM,1999,Kharif,Masoor,24865,14372,0.578001207
Telangana,KHAMMAM,1999,Kharif,Moong(Green Gram),28262,13651,0.483016064
Telangana,KHAMMAM,1999,Kharif,Ragi,8,8,1
Telangana,KHAMMAM,1999,Kharif,Rice,166514,373491,2.243000589
Telangana,KHAMMAM,1999,Kharif,Sesamum,8601,1282,0.149052436
Telangana,KHAMMAM,1999,Kharif,Sunflower,525,389,0.740952381
Telangana,KHAMMAM,1999,Kharif,Urad,522,311,0.595785441
Telangana,KHAMMAM,1999,Rabi,Gram,15,10,0.666666667
Telangana,KHAMMAM,1999,Rabi,Groundnut,7001,12028,1.71804028
Telangana,KHAMMAM,1999,Rabi,Horse-gram,672,394,0.586309524
Telangana,KHAMMAM,1999,Rabi,Jowar,17560,9640,0.548974943
Telangana,KHAMMAM,1999,Rabi,Maize,2100,8075,3.845238095
Telangana,KHAMMAM,1999,Rabi,Masoor,513,297,0.578947368
Telangana,KHAMMAM,1999,Rabi,Moong(Green Gram),2122,711,0.335061263
Telangana,KHAMMAM,1999,Rabi,Ragi,4,7,1.75
Telangana,KHAMMAM,1999,Rabi,Rice,11001,26523,2.41096264
Telangana,KHAMMAM,1999,Rabi,Sesamum,1071,156,0.145658263
Telangana,KHAMMAM,1999,Rabi,Urad,3386,1754,0.518015357
Telangana,KHAMMAM,1999,Whole Year,Dry chillies,25372,80055,3.155249882
Telangana,KHAMMAM,1999,Whole Year,Sugarcane,4157,282732,68.01347125
Telangana,KHAMMAM,1999,Whole Year,Tobacco,5598,8358,1.493033226
Telangana,KHAMMAM,2000,Kharif,Arhar/Tur,25490,13867,0.544017262
Telangana,KHAMMAM,2000,Kharif,Bajra,221,133,0.601809955
Telangana,KHAMMAM,2000,Kharif,Castor seed,16,6,0.375
Telangana,KHAMMAM,2000,Kharif,Cotton(lint),82875,192075,2.317647059
Telangana,KHAMMAM,2000,Kharif,Dry chillies,16407,54799,3.339976839
Telangana,KHAMMAM,2000,Kharif,Groundnut,1115,756,0.678026906
Telangana,KHAMMAM,2000,Kharif,Jowar,1240,1168,0.941935484
Telangana,KHAMMAM,2000,Kharif,Maize,18985,56575,2.979984198
Telangana,KHAMMAM,2000,Kharif,Mesta,32,282,8.8125
Telangana,KHAMMAM,2000,Kharif,Moong(Green Gram),29743,18500,0.621995091
Telangana,KHAMMAM,2000,Kharif,Other Kharif pulses,51,7,0.137254902
Telangana,KHAMMAM,2000,Kharif,Ragi,15,15,1
Telangana,KHAMMAM,2000,Kharif,Rice,172538,470856,2.728998829
Telangana,KHAMMAM,2000,Kharif,Samai,36,18,0.5
Telangana,KHAMMAM,2000,Kharif,Sesamum,7554,1186,0.157002912
Telangana,KHAMMAM,2000,Kharif,Small millets,36,18,0.5
Telangana,KHAMMAM,2000,Kharif,Sunflower,81,66,0.814814815
Telangana,KHAMMAM,2000,Kharif,Urad,516,184,0.356589147
Telangana,KHAMMAM,2000,Rabi,Arhar/Tur,902,491,0.544345898
Telangana,KHAMMAM,2000,Rabi,Bajra,91,55,0.604395604
Telangana,KHAMMAM,2000,Rabi,Dry chillies,7285,16078,2.207000686
Telangana,KHAMMAM,2000,Rabi,Gram,27,19,0.703703704
Telangana,KHAMMAM,2000,Rabi,Groundnut,6336,10036,1.583964646
Telangana,KHAMMAM,2000,Rabi,Horse-gram,658,129,0.196048632
Telangana,KHAMMAM,2000,Rabi,Jowar,11418,6794,0.595025398
Telangana,KHAMMAM,2000,Rabi,Maize,2074,9526,4.593056895
Telangana,KHAMMAM,2000,Rabi,Moong(Green Gram),2377,796,0.334875894
Telangana,KHAMMAM,2000,Rabi,Onion,5,126,25.2
Telangana,KHAMMAM,2000,Rabi,Other  Rabi pulses,4978,2269,0.455805544
Telangana,KHAMMAM,2000,Rabi,other misc. pulses,49,7,0.142857143
Telangana,KHAMMAM,2000,Rabi,Ragi,4,7,1.75
Telangana,KHAMMAM,2000,Rabi,Rapeseed &Mustard,25,6,0.24
Telangana,KHAMMAM,2000,Rabi,Rice,10773,33439,3.103963613
Telangana,KHAMMAM,2000,Rabi,Sesamum,967,188,0.194415719
Telangana,KHAMMAM,2000,Rabi,Urad,6048,4627,0.765046296
Telangana,KHAMMAM,2000,Whole Year,Banana,754,18152,24.07427056
Telangana,KHAMMAM,2000,Whole Year,Cashewnut,10041,1623,0.161637287
Telangana,KHAMMAM,2000,Whole Year,Coconut,1074,11107096,10341.80261
Telangana,KHAMMAM,2000,Whole Year,Sugarcane,3748,295196,78.76093917
Telangana,KHAMMAM,2000,Whole Year,Sweet potato,9,122,13.55555556
Telangana,KHAMMAM,2000,Whole Year,Tobacco,2741,5316,1.939438161
Telangana,KHAMMAM,2000,Whole Year,Turmeric,771,3877,5.028534371
Telangana,KHAMMAM,2001,Kharif,Arhar/Tur,21010,9980,0.475011899
Telangana,KHAMMAM,2001,Kharif,Bajra,124,58,0.467741935
Telangana,KHAMMAM,2001,Kharif,Castor seed,5,1,0.2
Telangana,KHAMMAM,2001,Kharif,Cotton(lint),99040,208567,2.105886511
Telangana,KHAMMAM,2001,Kharif,Dry chillies,15133,62514,4.130972048
Telangana,KHAMMAM,2001,Kharif,Groundnut,499,508,1.018036072
Telangana,KHAMMAM,2001,Kharif,Jowar,2753,3438,1.24881947
Telangana,KHAMMAM,2001,Kharif,Maize,12246,40779,3.329985301
Telangana,KHAMMAM,2001,Kharif,Moong(Green Gram),23222,10868,0.468004479
Telangana,KHAMMAM,2001,Kharif,Other Kharif pulses,105,23,0.219047619
Telangana,KHAMMAM,2001,Kharif,Ragi,6,8,1.333333333
Telangana,KHAMMAM,2001,Kharif,Rice,98756,254988,2.582000081
Telangana,KHAMMAM,2001,Kharif,Sesamum,7164,1075,0.150055835
Telangana,KHAMMAM,2001,Kharif,Urad,594,260,0.437710438
Telangana,KHAMMAM,2001,Rabi,Arhar/Tur,635,302,0.475590551
Telangana,KHAMMAM,2001,Rabi,Bajra,73,34,0.465753425
Telangana,KHAMMAM,2001,Rabi,Dry chillies,6962,25697,3.691037058
Telangana,KHAMMAM,2001,Rabi,Gram,142,157,1.105633803
Telangana,KHAMMAM,2001,Rabi,Groundnut,5541,9536,1.720988991
Telangana,KHAMMAM,2001,Rabi,Horse-gram,559,184,0.329159213
Telangana,KHAMMAM,2001,Rabi,Jowar,12191,8375,0.6869822
Telangana,KHAMMAM,2001,Rabi,Maize,3957,9065,2.290876927
Telangana,KHAMMAM,2001,Rabi,Moong(Green Gram),2292,699,0.304973822
Telangana,KHAMMAM,2001,Rabi,Onion,4,105,26.25
Telangana,KHAMMAM,2001,Rabi,Other  Rabi pulses,4873,1502,0.308229017
Telangana,KHAMMAM,2001,Rabi,Rice,39506,137639,3.48400243
Telangana,KHAMMAM,2001,Rabi,Sesamum,920,178,0.193478261
Telangana,KHAMMAM,2001,Rabi,Urad,7240,1231,0.170027624
Telangana,KHAMMAM,2001,Whole Year,Banana,673,13682,20.32986627
Telangana,KHAMMAM,2001,Whole Year,Cashewnut,10314,1082,0.104905953
Telangana,KHAMMAM,2001,Whole Year,Coconut,1106,11703240,10581.59132
Telangana,KHAMMAM,2001,Whole Year,Sugarcane,5081,431595,84.94292462
Telangana,KHAMMAM,2001,Whole Year,Sweet potato,6,80,13.33333333
Telangana,KHAMMAM,2001,Whole Year,Tobacco,4781,14615,3.056891864
Telangana,KHAMMAM,2001,Whole Year,Turmeric,357,1403,3.929971989
Telangana,KHAMMAM,2002,Kharif,Arhar/Tur,24448,10195,0.417007526
Telangana,KHAMMAM,2002,Kharif,Bajra,292,138,0.47260274
Telangana,KHAMMAM,2002,Kharif,Castor seed,11,4,0.363636364
Telangana,KHAMMAM,2002,Kharif,Cotton(lint),70138,117172,1.670592261
Telangana,KHAMMAM,2002,Kharif,Dry chillies,15358,42219,2.748990754
Telangana,KHAMMAM,2002,Kharif,Gram,18,22,1.222222222
Telangana,KHAMMAM,2002,Kharif,Groundnut,479,500,1.043841336
Telangana,KHAMMAM,2002,Kharif,Jowar,1908,1731,0.907232704
Telangana,KHAMMAM,2002,Kharif,Maize,17923,17081,0.953021258
Telangana,KHAMMAM,2002,Kharif,Moong(Green Gram),25799,10474,0.405984728
Telangana,KHAMMAM,2002,Kharif,Ragi,17,20,1.176470588
Telangana,KHAMMAM,2002,Kharif,Rice,98920,169054,1.708997169
Telangana,KHAMMAM,2002,Kharif,Sesamum,8899,1255,0.141027082
Telangana,KHAMMAM,2002,Kharif,Sunflower,27,22,0.814814815
Telangana,KHAMMAM,2002,Kharif,Urad,843,422,0.50059312
Telangana,KHAMMAM,2002,Rabi,Arhar/Tur,777,324,0.416988417
Telangana,KHAMMAM,2002,Rabi,Bajra,24,11,0.458333333
Telangana,KHAMMAM,2002,Rabi,Dry chillies,5194,18127,3.489988448
Telangana,KHAMMAM,2002,Rabi,Gram,115,142,1.234782609
Telangana,KHAMMAM,2002,Rabi,Groundnut,3917,4963,1.267041103
Telangana,KHAMMAM,2002,Rabi,Horse-gram,503,64,0.127236581
Telangana,KHAMMAM,2002,Rabi,Jowar,7446,4824,0.647864625
Telangana,KHAMMAM,2002,Rabi,Maize,4033,15761,3.908008926
Telangana,KHAMMAM,2002,Rabi,Moong(Green Gram),2488,634,0.254823151
Telangana,KHAMMAM,2002,Rabi,Onion,4,100,25
Telangana,KHAMMAM,2002,Rabi,Other  Rabi pulses,36,10,0.277777778
Telangana,KHAMMAM,2002,Rabi,other oilseeds,439,545,1.241457859
Telangana,KHAMMAM,2002,Rabi,Rice,4974,12037,2.419983916
Telangana,KHAMMAM,2002,Rabi,Sesamum,583,104,0.17838765
Telangana,KHAMMAM,2002,Rabi,Urad,5025,1161,0.231044776
Telangana,KHAMMAM,2002,Whole Year,Banana,735,17937,24.40408163
Telangana,KHAMMAM,2002,Whole Year,Beans & Mutter(Vegetable),110,142,1.290909091
Telangana,KHAMMAM,2002,Whole Year,Bhindi,362,951,2.627071823
Telangana,KHAMMAM,2002,Whole Year,Bottle Gourd,19,0,0
Telangana,KHAMMAM,2002,Whole Year,Brinjal,297,873,2.939393939
Telangana,KHAMMAM,2002,Whole Year,Cabbage,10,0,0
Telangana,KHAMMAM,2002,Whole Year,Cashewnut,10618,2334,0.219815408
Telangana,KHAMMAM,2002,Whole Year,Citrus Fruit,423,1886,4.458628842
Telangana,KHAMMAM,2002,Whole Year,Coconut,1083,11850836,10942.60018
Telangana,KHAMMAM,2002,Whole Year,Cucumber,241,0,0
Telangana,KHAMMAM,2002,Whole Year,Mango,33157,71118,2.144886449
Telangana,KHAMMAM,2002,Whole Year,Orange,61,1089,17.85245902
Telangana,KHAMMAM,2002,Whole Year,Other Fresh Fruits,200,149,0.745
Telangana,KHAMMAM,2002,Whole Year,Other Vegetables,577,0,0
Telangana,KHAMMAM,2002,Whole Year,Papaya,25,3261,130.44
Telangana,KHAMMAM,2002,Whole Year,Pome Fruit,241,1341,5.564315353
Telangana,KHAMMAM,2002,Whole Year,Sugarcane,6031,387190,64.19996684
Telangana,KHAMMAM,2002,Whole Year,Sweet potato,3,32,10.66666667
Telangana,KHAMMAM,2002,Whole Year,Tobacco,3945,10966,2.779721166
Telangana,KHAMMAM,2002,Whole Year,Tomato,823,3964,4.816524909
Telangana,KHAMMAM,2002,Whole Year,Turmeric,144,731,5.076388889
Telangana,KHAMMAM,2003,Kharif,Arhar/Tur,29176,15405,0.528002468
Telangana,KHAMMAM,2003,Kharif,Bajra,675,412,0.61037037
Telangana,KHAMMAM,2003,Kharif,Castor seed,52,24,0.461538462
Telangana,KHAMMAM,2003,Kharif,Cotton(lint),76338,176475,2.311758233
Telangana,KHAMMAM,2003,Kharif,Dry chillies,19619,65724,3.35001784
Telangana,KHAMMAM,2003,Kharif,Groundnut,535,467,0.872897196
Telangana,KHAMMAM,2003,Kharif,Jowar,2063,1345,0.65196316
Telangana,KHAMMAM,2003,Kharif,Maize,20138,88204,4.379978151
Telangana,KHAMMAM,2003,Kharif,Moong(Green Gram),42930,20478,0.477009085
Telangana,KHAMMAM,2003,Kharif,Ragi,12,13,1.083333333
Telangana,KHAMMAM,2003,Kharif,Rice,130159,377591,2.90099801
Telangana,KHAMMAM,2003,Kharif,Samai,3,1,0.333333333
Telangana,KHAMMAM,2003,Kharif,Sesamum,9897,1376,0.13903203
Telangana,KHAMMAM,2003,Kharif,Small millets,3,1,0.333333333
Telangana,KHAMMAM,2003,Kharif,Sunflower,716,778,1.086592179
Telangana,KHAMMAM,2003,Kharif,Urad,816,587,0.719362745
Telangana,KHAMMAM,2003,Rabi,Arhar/Tur,774,409,0.528423773
Telangana,KHAMMAM,2003,Rabi,Bajra,61,37,0.606557377
Telangana,KHAMMAM,2003,Rabi,Dry chillies,6505,29487,4.532974635
Telangana,KHAMMAM,2003,Rabi,Gram,239,285,1.192468619
Telangana,KHAMMAM,2003,Rabi,Groundnut,6182,7752,1.253963119
Telangana,KHAMMAM,2003,Rabi,Horse-gram,199,65,0.326633166
Telangana,KHAMMAM,2003,Rabi,Jowar,9879,13396,1.356007693
Telangana,KHAMMAM,2003,Rabi,Maize,5430,25434,4.683977901
Telangana,KHAMMAM,2003,Rabi,Moong(Green Gram),4390,1484,0.338041002
Telangana,KHAMMAM,2003,Rabi,Onion,3,83,27.66666667
Telangana,KHAMMAM,2003,Rabi,other oilseeds,432,,
Telangana,KHAMMAM,2003,Rabi,Rice,11949,34891,2.919993305
Telangana,KHAMMAM,2003,Rabi,Sesamum,3592,744,0.207126949
Telangana,KHAMMAM,2003,Rabi,Small millets,77,53,0.688311688
Telangana,KHAMMAM,2003,Rabi,Urad,7250,2965,0.408965517
Telangana,KHAMMAM,2003,Whole Year,Banana,859,12028,14.00232829
Telangana,KHAMMAM,2003,Whole Year,Beans & Mutter(Vegetable),108,642,5.944444444
Telangana,KHAMMAM,2003,Whole Year,Bhindi,432,1728,4
Telangana,KHAMMAM,2003,Whole Year,Bottle Gourd,80,0,0
Telangana,KHAMMAM,2003,Whole Year,Brinjal,389,5049,12.97943445
Telangana,KHAMMAM,2003,Whole Year,Cabbage,10,0,0
Telangana,KHAMMAM,2003,Whole Year,Cashewnut,10477,1836,0.175241004
Telangana,KHAMMAM,2003,Whole Year,Citrus Fruit,509,3721,7.310412574
Telangana,KHAMMAM,2003,Whole Year,Coconut,1050,11933140,11364.89524
Telangana,KHAMMAM,2003,Whole Year,Cucumber,291,0,0
Telangana,KHAMMAM,2003,Whole Year,Mango,32889,75002,2.280458512
Telangana,KHAMMAM,2003,Whole Year,Orange,36,227,6.305555556
Telangana,KHAMMAM,2003,Whole Year,Other Fresh Fruits,177,144,0.813559322
Telangana,KHAMMAM,2003,Whole Year,Other Vegetables,815,0,0
Telangana,KHAMMAM,2003,Whole Year,Papaya,38,3451,90.81578947
Telangana,KHAMMAM,2003,Whole Year,Pome Fruit,240,2480,10.33333333
Telangana,KHAMMAM,2003,Whole Year,Sugarcane,3310,253702,76.64712991
Telangana,KHAMMAM,2003,Whole Year,Sweet potato,23,166,7.217391304
Telangana,KHAMMAM,2003,Whole Year,Tobacco,4413,10632,2.409245411
Telangana,KHAMMAM,2003,Whole Year,Tomato,787,5499,6.98729352
Telangana,KHAMMAM,2003,Whole Year,Turmeric,182,956,5.252747253
Telangana,KHAMMAM,2004,Kharif,Arhar/Tur,26863,15258,0.56799315
Telangana,KHAMMAM,2004,Kharif,Bajra,202,64,0.316831683
Telangana,KHAMMAM,2004,Kharif,Castor seed,15,6,0.4
Telangana,KHAMMAM,2004,Kharif,Cotton(lint),105398,242415,2.299996205
Telangana,KHAMMAM,2004,Kharif,Dry chillies,20846,93494,4.484985129
Telangana,KHAMMAM,2004,Kharif,Groundnut,641,467,0.728549142
Telangana,KHAMMAM,2004,Kharif,Jowar,542,331,0.610701107
Telangana,KHAMMAM,2004,Kharif,Maize,17588,46045,2.617978167
Telangana,KHAMMAM,2004,Kharif,Moong(Green Gram),32159,17044,0.529991604
Telangana,KHAMMAM,2004,Kharif,Other Kharif pulses,345,96,0.27826087
Telangana,KHAMMAM,2004,Kharif,Ragi,9,17,1.888888889
Telangana,KHAMMAM,2004,Kharif,Rice,136374,387848,2.844002522
Telangana,KHAMMAM,2004,Kharif,Sesamum,5616,949,0.168981481
Telangana,KHAMMAM,2004,Kharif,Sunflower,356,197,0.553370787
Telangana,KHAMMAM,2004,Kharif,Urad,405,185,0.456790123
Telangana,KHAMMAM,2004,Rabi,Arhar/Tur,676,384,0.568047337
Telangana,KHAMMAM,2004,Rabi,Dry chillies,9795,32578,3.325982644
Telangana,KHAMMAM,2004,Rabi,Gram,200,176,0.88
Telangana,KHAMMAM,2004,Rabi,Groundnut,5416,7474,1.379985229
Telangana,KHAMMAM,2004,Rabi,Horse-gram,150,49,0.326666667
Telangana,KHAMMAM,2004,Rabi,Jowar,6216,4618,0.742921493
Telangana,KHAMMAM,2004,Rabi,Maize,5723,25994,4.542023414
Telangana,KHAMMAM,2004,Rabi,Moong(Green Gram),2417,788,0.326023997
Telangana,KHAMMAM,2004,Rabi,Onion,3,67,22.33333333
Telangana,KHAMMAM,2004,Rabi,Other  Rabi pulses,2764,1081,0.391099855
Telangana,KHAMMAM,2004,Rabi,Ragi,3,5,1.666666667
Telangana,KHAMMAM,2004,Rabi,Rice,26222,86244,3.288993975
Telangana,KHAMMAM,2004,Rabi,Sesamum,2495,961,0.385170341
Telangana,KHAMMAM,2004,Rabi,Small millets,10,3,0.3
Telangana,KHAMMAM,2004,Rabi,Sunflower,291,166,0.570446735
Telangana,KHAMMAM,2004,Rabi,Urad,3829,2719,0.710107078
Telangana,KHAMMAM,2004,Whole Year,Banana,935,23134,24.74224599
Telangana,KHAMMAM,2004,Whole Year,Cashewnut,10393,3615,0.34783027
Telangana,KHAMMAM,2004,Whole Year,Coconut,1004,11482486,11436.73904
Telangana,KHAMMAM,2004,Whole Year,Sugarcane,3624,252647,69.71495585
Telangana,KHAMMAM,2004,Whole Year,Sweet potato,24,169,7.041666667
Telangana,KHAMMAM,2004,Whole Year,Tobacco,4546,7142,1.571051474
Telangana,KHAMMAM,2004,Whole Year,Turmeric,257,1636,6.365758755
Telangana,KHAMMAM,2005,Kharif,Arhar/Tur,26742,16500,0.617006955
Telangana,KHAMMAM,2005,Kharif,Bajra,261,165,0.632183908
Telangana,KHAMMAM,2005,Kharif,Castor seed,6,3,0.5
Telangana,KHAMMAM,2005,Kharif,Cotton(lint),109752,220150,2.005885998
Telangana,KHAMMAM,2005,Kharif,Dry chillies,14811,63287,4.27297279
Telangana,KHAMMAM,2005,Kharif,Groundnut,547,508,0.928702011
Telangana,KHAMMAM,2005,Kharif,Jowar,293,255,0.870307167
Telangana,KHAMMAM,2005,Kharif,Maize,24433,68803,2.815986576
Telangana,KHAMMAM,2005,Kharif,Moong(Green Gram),23408,13436,0.573991798
Telangana,KHAMMAM,2005,Kharif,Onion,1,13,13
Telangana,KHAMMAM,2005,Kharif,Ragi,10,16,1.6
Telangana,KHAMMAM,2005,Kharif,Rice,159480,410342,2.572999749
Telangana,KHAMMAM,2005,Kharif,Sesamum,4561,816,0.178908134
Telangana,KHAMMAM,2005,Kharif,Urad,1250,560,0.448
Telangana,KHAMMAM,2005,Rabi,Bajra,1,1,1
Telangana,KHAMMAM,2005,Rabi,Dry chillies,8930,32737,3.665957447
Telangana,KHAMMAM,2005,Rabi,Gram,113,160,1.415929204
Telangana,KHAMMAM,2005,Rabi,Groundnut,5478,7773,1.418948521
Telangana,KHAMMAM,2005,Rabi,Horse-gram,73,19,0.260273973
Telangana,KHAMMAM,2005,Rabi,Jowar,4744,3288,0.693086003
Telangana,KHAMMAM,2005,Rabi,Maize,8808,46039,5.22695277
Telangana,KHAMMAM,2005,Rabi,Moong(Green Gram),2944,2090,0.709918478
Telangana,KHAMMAM,2005,Rabi,Onion,5,99,19.8
Telangana,KHAMMAM,2005,Rabi,Other  Rabi pulses,3539,1649,0.465950834
Telangana,KHAMMAM,2005,Rabi,Rice,40611,120615,2.970008126
Telangana,KHAMMAM,2005,Rabi,Safflower,18,8,0.444444444
Telangana,KHAMMAM,2005,Rabi,Sesamum,2998,1115,0.37191461
Telangana,KHAMMAM,2005,Rabi,Urad,4390,3573,0.813895216
Telangana,KHAMMAM,2005,Whole Year,Banana,497,,
Telangana,KHAMMAM,2005,Whole Year,Cashewnut,9276,3195,0.344437257
Telangana,KHAMMAM,2005,Whole Year,Coconut,954,8023244,8410.109015
Telangana,KHAMMAM,2005,Whole Year,Coriander,2,1,0.5
Telangana,KHAMMAM,2005,Whole Year,Sugarcane,3639,331582,91.11898873
Telangana,KHAMMAM,2005,Whole Year,Sunflower,503,523,1.039761431
Telangana,KHAMMAM,2005,Whole Year,Sweet potato,15,126,8.4
Telangana,KHAMMAM,2005,Whole Year,Tobacco,4899,11445,2.336191059
Telangana,KHAMMAM,2005,Whole Year,Turmeric,265,2019,7.618867925
Telangana,KHAMMAM,2006,Kharif,Arhar/Tur,22343,12177,0.545002909
Telangana,KHAMMAM,2006,Kharif,Bajra,35,12,0.342857143
Telangana,KHAMMAM,2006,Kharif,Castor seed,4,2,0.5
Telangana,KHAMMAM,2006,Kharif,Cotton(lint),110101,249346,2.26470241
Telangana,KHAMMAM,2006,Kharif,Dry chillies,22250,101927,4.580988764
Telangana,KHAMMAM,2006,Kharif,Groundnut,398,470,1.180904523
Telangana,KHAMMAM,2006,Kharif,Jowar,208,187,0.899038462
Telangana,KHAMMAM,2006,Kharif,Maize,19177,84954,4.429994264
Telangana,KHAMMAM,2006,Kharif,Moong(Green Gram),19453,8190,0.421014754
Telangana,KHAMMAM,2006,Kharif,Other Kharif pulses,127,23,0.181102362
Telangana,KHAMMAM,2006,Kharif,Ragi,9,14,1.555555556
Telangana,KHAMMAM,2006,Kharif,Rice,155691,383000,2.460000899
Telangana,KHAMMAM,2006,Kharif,Sesamum,2897,382,0.131860545
Telangana,KHAMMAM,2006,Kharif,Urad,732,182,0.24863388
Telangana,KHAMMAM,2006,Rabi,Arhar/Tur,578,315,0.544982699
Telangana,KHAMMAM,2006,Rabi,Dry chillies,6013,24509,4.076001996
Telangana,KHAMMAM,2006,Rabi,Gram,220,303,1.377272727
Telangana,KHAMMAM,2006,Rabi,Groundnut,4957,8204,1.655033286
Telangana,KHAMMAM,2006,Rabi,Horse-gram,74,21,0.283783784
Telangana,KHAMMAM,2006,Rabi,Jowar,4274,3663,0.857042583
Telangana,KHAMMAM,2006,Rabi,Maize,8311,56066,6.745999278
Telangana,KHAMMAM,2006,Rabi,Moong(Green Gram),6047,6482,1.071936497
Telangana,KHAMMAM,2006,Rabi,Other  Rabi pulses,3048,1225,0.401902887
Telangana,KHAMMAM,2006,Rabi,Rice,22510,65121,2.892980897
Telangana,KHAMMAM,2006,Rabi,Sesamum,2633,856,0.325104444
Telangana,KHAMMAM,2006,Rabi,Small millets,29,15,0.517241379
Telangana,KHAMMAM,2006,Rabi,Urad,6478,8065,1.244983019
Telangana,KHAMMAM,2006,Whole Year,Banana,983,23929,24.34282808
Telangana,KHAMMAM,2006,Whole Year,Cashewnut,9324,1650,0.176962677
Telangana,KHAMMAM,2006,Whole Year,Coconut,819,10348515,12635.54945
Telangana,KHAMMAM,2006,Whole Year,Coriander,6,3,0.5
Telangana,KHAMMAM,2006,Whole Year,Sugarcane,5397,520271,96.40003706
Telangana,KHAMMAM,2006,Whole Year,Sunflower,326,386,1.18404908
Telangana,KHAMMAM,2006,Whole Year,Sweet potato,23,206,8.956521739
Telangana,KHAMMAM,2006,Whole Year,Tobacco,5099,12211,2.394783291
Telangana,KHAMMAM,2006,Whole Year,Turmeric,274,1683,6.142335766
Telangana,KHAMMAM,2007,Kharif,Arhar/Tur,19000,11000,0.578947368
Telangana,KHAMMAM,2007,Kharif,Cotton(lint),119000,379000,3.18487395
Telangana,KHAMMAM,2007,Kharif,Dry chillies,21000,73000,3.476190476
Telangana,KHAMMAM,2007,Kharif,Maize,16000,98000,6.125
Telangana,KHAMMAM,2007,Kharif,Moong(Green Gram),18000,9000,0.5
Telangana,KHAMMAM,2007,Kharif,Rice,146000,450000,3.082191781
Telangana,KHAMMAM,2007,Kharif,Sesamum,2000,1000,0.5
Telangana,KHAMMAM,2007,Kharif,Urad,1000,,
Telangana,KHAMMAM,2007,Rabi,Dry chillies,9000,35000,3.888888889
Telangana,KHAMMAM,2007,Rabi,Groundnut,6000,9000,1.5
Telangana,KHAMMAM,2007,Rabi,Jowar,3000,4000,1.333333333
Telangana,KHAMMAM,2007,Rabi,Maize,13000,80000,6.153846154
Telangana,KHAMMAM,2007,Rabi,Moong(Green Gram),8000,7000,0.875
Telangana,KHAMMAM,2007,Rabi,Rice,30000,98000,3.266666667
Telangana,KHAMMAM,2007,Rabi,Sesamum,3000,1000,0.333333333
Telangana,KHAMMAM,2007,Rabi,Sunflower,1000,1000,1
Telangana,KHAMMAM,2007,Rabi,Urad,8000,8000,1
Telangana,KHAMMAM,2007,Whole Year,Sugarcane,5000,532000,106.4
Telangana,KHAMMAM,2007,Whole Year,Tobacco,5000,15000,3
Telangana,KHAMMAM,2008,Kharif,Arhar/Tur,14055,8377,0.596015653
Telangana,KHAMMAM,2008,Kharif,Bajra,33,21,0.636363636
Telangana,KHAMMAM,2008,Kharif,Cotton(lint),124516,317150,2.547062225
Telangana,KHAMMAM,2008,Kharif,Dry chillies,18899,83099,4.397005133
Telangana,KHAMMAM,2008,Kharif,Groundnut,365,502,1.375342466
Telangana,KHAMMAM,2008,Kharif,Jowar,272,357,1.3125
Telangana,KHAMMAM,2008,Kharif,Maize,17073,86884,5.08897089
Telangana,KHAMMAM,2008,Kharif,Moong(Green Gram),14027,5499,0.392029657
Telangana,KHAMMAM,2008,Kharif,Ragi,17,25,1.470588235
Telangana,KHAMMAM,2008,Kharif,Rice,158279,477686,3.017999861
Telangana,KHAMMAM,2008,Kharif,Sesamum,1550,625,0.403225806
Telangana,KHAMMAM,2008,Kharif,Urad,228,147,0.644736842
Telangana,KHAMMAM,2008,Rabi,Arhar/Tur,627,374,0.596491228
Telangana,KHAMMAM,2008,Rabi,Bajra,6,4,0.666666667
Telangana,KHAMMAM,2008,Rabi,Dry chillies,9770,47512,4.863050154
Telangana,KHAMMAM,2008,Rabi,Gram,184,289,1.570652174
Telangana,KHAMMAM,2008,Rabi,Groundnut,6439,10373,1.610964435
Telangana,KHAMMAM,2008,Rabi,Horse-gram,31,13,0.419354839
Telangana,KHAMMAM,2008,Rabi,Jowar,2889,2545,0.880927657
Telangana,KHAMMAM,2008,Rabi,Maize,20573,159873,7.771010548
Telangana,KHAMMAM,2008,Rabi,Moong(Green Gram),5193,5328,1.025996534
Telangana,KHAMMAM,2008,Rabi,Onion,8,180,22.5
Telangana,KHAMMAM,2008,Rabi,Rice,36520,117923,3.228997809
Telangana,KHAMMAM,2008,Rabi,Sesamum,3534,937,0.265138653
Telangana,KHAMMAM,2008,Rabi,Urad,6577,4578,0.696062034
Telangana,KHAMMAM,2008,Whole Year,Banana,517,13166,25.46615087
Telangana,KHAMMAM,2008,Whole Year,Cashewnut,7903,3680,0.465645957
Telangana,KHAMMAM,2008,Whole Year,Coconut,764,6972108,9125.795812
Telangana,KHAMMAM,2008,Whole Year,Coriander,4,2,0.5
Telangana,KHAMMAM,2008,Whole Year,Sugarcane,3037,282130,92.89759631
Telangana,KHAMMAM,2008,Whole Year,Sunflower,155,193,1.24516129
Telangana,KHAMMAM,2008,Whole Year,Sweet potato,31,31,1
Telangana,KHAMMAM,2008,Whole Year,Tobacco,5449,15461,2.837401358
Telangana,KHAMMAM,2008,Whole Year,Turmeric,196,1223,6.239795918
Telangana,KHAMMAM,2009,Kharif,Arhar/Tur,10526,5031,0.477959339
Telangana,KHAMMAM,2009,Kharif,Bajra,4,2,0.5
Telangana,KHAMMAM,2009,Kharif,Cotton(lint),131900,300266,2.27646702
Telangana,KHAMMAM,2009,Kharif,Dry chillies,18931,95431,5.040990967
Telangana,KHAMMAM,2009,Kharif,Groundnut,326,420,1.288343558
Telangana,KHAMMAM,2009,Kharif,Jowar,194,144,0.742268041
Telangana,KHAMMAM,2009,Kharif,Maize,15215,49996,3.285967795
Telangana,KHAMMAM,2009,Kharif,Mesta,54,449,8.314814815
Telangana,KHAMMAM,2009,Kharif,Moong(Green Gram),12694,2031,0.159996849
Telangana,KHAMMAM,2009,Kharif,Ragi,15,12,0.8
Telangana,KHAMMAM,2009,Kharif,Rice,48475,109408,2.256998453
Telangana,KHAMMAM,2009,Kharif,Sesamum,1317,207,0.157175399
Telangana,KHAMMAM,2009,Kharif,Urad,222,21,0.094594595
Telangana,KHAMMAM,2009,Rabi,Arhar/Tur,1859,889,0.478214094
Telangana,KHAMMAM,2009,Rabi,Bajra,28,14,0.5
Telangana,KHAMMAM,2009,Rabi,Dry chillies,10757,45599,4.239007158
Telangana,KHAMMAM,2009,Rabi,Gram,145,209,1.44137931
Telangana,KHAMMAM,2009,Rabi,Groundnut,6254,8812,1.409018228
Telangana,KHAMMAM,2009,Rabi,Horse-gram,30,9,0.3
Telangana,KHAMMAM,2009,Rabi,Jowar,8142,6440,0.790960452
Telangana,KHAMMAM,2009,Rabi,Maize,21774,131972,6.060990172
Telangana,KHAMMAM,2009,Rabi,Moong(Green Gram),7895,3876,0.490943635
Telangana,KHAMMAM,2009,Rabi,Onion,4,97,24.25
Telangana,KHAMMAM,2009,Rabi,Rice,54625,197087,3.608
Telangana,KHAMMAM,2009,Rabi,Sesamum,3052,552,0.180865007
Telangana,KHAMMAM,2009,Rabi,Urad,6924,5359,0.773974581
Telangana,KHAMMAM,2009,Whole Year,Banana,538,16220,30.14869888
Telangana,KHAMMAM,2009,Whole Year,Cashewnut,7532,3314,0.439989379
Telangana,KHAMMAM,2009,Whole Year,Coconut,751,8289624,11038.11451
Telangana,KHAMMAM,2009,Whole Year,Coriander,8,5,0.625
Telangana,KHAMMAM,2009,Whole Year,Sugarcane,1150,113125,98.36956522
Telangana,KHAMMAM,2009,Whole Year,Sunflower,391,385,0.984654731
Telangana,KHAMMAM,2009,Whole Year,Sweet potato,7,14,2
Telangana,KHAMMAM,2009,Whole Year,Tobacco,5327,13463,2.527313685
Telangana,KHAMMAM,2009,Whole Year,Turmeric,130,724,5.569230769
Telangana,KHAMMAM,2010,Kharif,Arhar/Tur,13606,5061,0.371968249
Telangana,KHAMMAM,2010,Kharif,Bajra,6,4,0.666666667
Telangana,KHAMMAM,2010,Kharif,Cotton(lint),148645,406489,2.734629486
Telangana,KHAMMAM,2010,Kharif,Dry chillies,19195,79103,4.121021099
Telangana,KHAMMAM,2010,Kharif,Groundnut,217,271,1.248847926
Telangana,KHAMMAM,2010,Kharif,Jowar,138,114,0.826086957
Telangana,KHAMMAM,2010,Kharif,Maize,13378,49057,3.666990582
Telangana,KHAMMAM,2010,Kharif,Mesta,28,251,8.964285714
Telangana,KHAMMAM,2010,Kharif,Moong(Green Gram),13300,7342,0.552030075
Telangana,KHAMMAM,2010,Kharif,Rice,167037,522924,3.130587834
Telangana,KHAMMAM,2010,Kharif,Sesamum,1071,222,0.207282913
Telangana,KHAMMAM,2010,Kharif,Soyabean,12,20,1.666666667
Telangana,KHAMMAM,2010,Kharif,Urad,506,313,0.618577075
Telangana,KHAMMAM,2010,Rabi,Arhar/Tur,1261,469,0.371927042
Telangana,KHAMMAM,2010,Rabi,Dry chillies,9707,24005,2.472957659
Telangana,KHAMMAM,2010,Rabi,Gram,297,405,1.363636364
Telangana,KHAMMAM,2010,Rabi,Groundnut,6187,11780,1.903992242
Telangana,KHAMMAM,2010,Rabi,Horse-gram,63,25,0.396825397
Telangana,KHAMMAM,2010,Rabi,Jowar,2376,2184,0.919191919
Telangana,KHAMMAM,2010,Rabi,Maize,21679,167080,7.706997555
Telangana,KHAMMAM,2010,Rabi,Moong(Green Gram),7154,4049,0.565977076
Telangana,KHAMMAM,2010,Rabi,Onion,1,19,19
Telangana,KHAMMAM,2010,Rabi,Rice,51215,181147,3.536991116
Telangana,KHAMMAM,2010,Rabi,Sesamum,4202,815,0.193955259
Telangana,KHAMMAM,2010,Rabi,Urad,9169,7271,0.792998146
Telangana,KHAMMAM,2010,Whole Year,Banana,1020,33270,32.61764706
Telangana,KHAMMAM,2010,Whole Year,Cashewnut,6564,2046,0.311700183
Telangana,KHAMMAM,2010,Whole Year,Sugarcane,3049,289801,95.04788455
Telangana,KHAMMAM,2010,Whole Year,Sunflower,249,268,1.076305221
Telangana,KHAMMAM,2010,Whole Year,Tapioca,2,13,6.5
Telangana,KHAMMAM,2010,Whole Year,Tobacco,4488,11338,2.526292335
Telangana,KHAMMAM,2010,Whole Year,Turmeric,395,2657,6.726582278
Telangana,KHAMMAM,2011,Kharif,Arhar/Tur,5591,2119,0.379001967
Telangana,KHAMMAM,2011,Kharif,Bajra,4,3,0.75
Telangana,KHAMMAM,2011,Kharif,Cotton(lint),171684,211070,1.229409846
Telangana,KHAMMAM,2011,Kharif,Dry chillies,22515,72904,3.238019098
Telangana,KHAMMAM,2011,Kharif,Groundnut,171,301,1.760233918
Telangana,KHAMMAM,2011,Kharif,Jowar,64,97,1.515625
Telangana,KHAMMAM,2011,Kharif,Maize,11359,48321,4.253983625
Telangana,KHAMMAM,2011,Kharif,Mesta,23,,
Telangana,KHAMMAM,2011,Kharif,Moong(Green Gram),4589,2795,0.609065156
Telangana,KHAMMAM,2011,Kharif,other oilseeds,2834,44239,15.61009174
Telangana,KHAMMAM,2011,Kharif,Rice,150051,366113,2.439923759
Telangana,KHAMMAM,2011,Kharif,Sesamum,555,113,0.203603604
Telangana,KHAMMAM,2011,Kharif,Soyabean,16,26,1.625
Telangana,KHAMMAM,2011,Kharif,Urad,239,168,0.70292887
Telangana,KHAMMAM,2011,Rabi,Arhar/Tur,454,172,0.378854626
Telangana,KHAMMAM,2011,Rabi,Cowpea(Lobia),2403,1915,0.796920516
Telangana,KHAMMAM,2011,Rabi,Dry chillies,10263,40282,3.924973205
Telangana,KHAMMAM,2011,Rabi,Gram,253,215,0.849802372
Telangana,KHAMMAM,2011,Rabi,Groundnut,5177,9122,1.762024338
Telangana,KHAMMAM,2011,Rabi,Horse-gram,4,1,0.25
Telangana,KHAMMAM,2011,Rabi,Jowar,1951,878,0.450025628
Telangana,KHAMMAM,2011,Rabi,Maize,16043,88269,5.502025806
Telangana,KHAMMAM,2011,Rabi,Moong(Green Gram),6252,4614,0.738003839
Telangana,KHAMMAM,2011,Rabi,Rice,15263,45575,2.985979165
Telangana,KHAMMAM,2011,Rabi,Sesamum,1860,385,0.206989247
Telangana,KHAMMAM,2011,Rabi,Urad,7415,6688,0.901955496
Telangana,KHAMMAM,2011,Whole Year,Banana,991,36834,37.16851665
Telangana,KHAMMAM,2011,Whole Year,Cashewnut,6581,5049,0.767208631
Telangana,KHAMMAM,2011,Whole Year,Coconut,675,9260204,13718.82074
Telangana,KHAMMAM,2011,Whole Year,Sugarcane,4680,421125,89.98397436
Telangana,KHAMMAM,2011,Whole Year,Sunflower,128,133,1.0390625
Telangana,KHAMMAM,2011,Whole Year,Sweet potato,12,154,12.83333333
Telangana,KHAMMAM,2011,Whole Year,Tobacco,4875,14322,2.937846154
Telangana,KHAMMAM,2011,Whole Year,Turmeric,768,4209,5.48046875
Telangana,KHAMMAM,2013,Kharif,Arhar/Tur,1981,1135,0.572942958
Telangana,KHAMMAM,2013,Kharif,Bajra,2,2,1
Telangana,KHAMMAM,2013,Kharif,Banana,668,20804,31.14371257
Telangana,KHAMMAM,2013,Kharif,Cashewnut,4208,2693,0.639971483
Telangana,KHAMMAM,2013,Kharif,Cotton(lint),175049,548747,3.134819393
Telangana,KHAMMAM,2013,Kharif,Cowpea(Lobia),15,7,0.466666667
Telangana,KHAMMAM,2013,Kharif,Dry chillies,19955,73335,3.675018792
Telangana,KHAMMAM,2013,Kharif,Groundnut,714,846,1.18487395
Telangana,KHAMMAM,2013,Kharif,Jowar,358,341,0.952513966
Telangana,KHAMMAM,2013,Kharif,Maize,18361,88133,4.800010893
Telangana,KHAMMAM,2013,Kharif,Mesta,7,64,9.142857143
Telangana,KHAMMAM,2013,Kharif,Moong(Green Gram),5688,3697,0.649964838
Telangana,KHAMMAM,2013,Kharif,Onion,1,19,19
Telangana,KHAMMAM,2013,Kharif,other oilseeds,3494,44021,12.5990269
Telangana,KHAMMAM,2013,Kharif,Rice,148142,432575,2.92000243
Telangana,KHAMMAM,2013,Kharif,Sesamum,493,178,0.361054767
Telangana,KHAMMAM,2013,Kharif,Sugarcane,5140,490001,95.33093385
Telangana,KHAMMAM,2013,Kharif,Turmeric,252,1280,5.079365079
Telangana,KHAMMAM,2013,Kharif,Urad,28,23,0.821428571
Telangana,KHAMMAM,2013,Rabi,Bajra,6,6,1
Telangana,KHAMMAM,2013,Rabi,Cowpea(Lobia),2040,1306,0.640196078
Telangana,KHAMMAM,2013,Rabi,Dry chillies,10152,52486,5.17001576
Telangana,KHAMMAM,2013,Rabi,Gram,86,148,1.720930233
Telangana,KHAMMAM,2013,Rabi,Groundnut,5652,9738,1.722929936
Telangana,KHAMMAM,2013,Rabi,Horse-gram,37,18,0.486486486
Telangana,KHAMMAM,2013,Rabi,Jowar,358,341,0.952513966
Telangana,KHAMMAM,2013,Rabi,Maize,18883,115564,6.120002118
Telangana,KHAMMAM,2013,Rabi,Moong(Green Gram),2714,2635,0.970891673
Telangana,KHAMMAM,2013,Rabi,Rapeseed &Mustard,1,1,1
Telangana,KHAMMAM,2013,Rabi,Rice,43642,142709,3.269992209
Telangana,KHAMMAM,2013,Rabi,Sesamum,3179,731,0.229946524
Telangana,KHAMMAM,2013,Rabi,Sunflower,132,127,0.962121212
Telangana,KHAMMAM,2013,Rabi,Tobacco,2572,7022,2.730171073
Telangana,KHAMMAM,2013,Rabi,Urad,2118,2234,1.05476865
Telangana,KHAMMAM,2013,Whole Year,Coconut,442,6924,15.66515837
Telangana,KHAMMAM,2013,Whole Year,Soyabean,91,147,1.615384615
Telangana,KHAMMAM,2014,Kharif,Arhar/Tur,1873,978,0.522156967
Telangana,KHAMMAM,2014,Kharif,Banana,358,15518,43.34636872
Telangana,KHAMMAM,2014,Kharif,Cashewnut,4077,2283,0.559970567
Telangana,KHAMMAM,2014,Kharif,Coconut,437,9222,21.10297483
Telangana,KHAMMAM,2014,Kharif,Cotton(lint),157416,484286,3.076472531
Telangana,KHAMMAM,2014,Kharif,Dry chillies,20843,78432,3.762989973
Telangana,KHAMMAM,2014,Kharif,Groundnut,351,552,1.572649573
Telangana,KHAMMAM,2014,Kharif,Jowar,1,1,1
Telangana,KHAMMAM,2014,Kharif,Maize,16750,56330,3.362985075
Telangana,KHAMMAM,2014,Kharif,Mesta,177,1255,7.09039548
Telangana,KHAMMAM,2014,Kharif,Moong(Green Gram),4845,2423,0.500103199
Telangana,KHAMMAM,2014,Kharif,Onion,1,16,16
Telangana,KHAMMAM,2014,Kharif,other oilseeds,3319,89158,26.86291052
Telangana,KHAMMAM,2014,Kharif,Rice,110439,328435,2.973904146
Telangana,KHAMMAM,2014,Kharif,Sesamum,262,80,0.305343511
Telangana,KHAMMAM,2014,Kharif,Sugarcane,5581,464088,83.15499015
Telangana,KHAMMAM,2014,Kharif,Turmeric,172,856,4.976744186
Telangana,KHAMMAM,2014,Kharif,Urad,16,10,0.625
Telangana,KHAMMAM,2014,Rabi,Cowpea(Lobia),1374,1944,1.414847162
Telangana,KHAMMAM,2014,Rabi,Dry chillies,5795,35645,6.150992235
Telangana,KHAMMAM,2014,Rabi,Gram,18,25,1.388888889
Telangana,KHAMMAM,2014,Rabi,Groundnut,4024,7662,1.904075547
Telangana,KHAMMAM,2014,Rabi,Horse-gram,16,6,0.375
Telangana,KHAMMAM,2014,Rabi,Jowar,529,599,1.132325142
Telangana,KHAMMAM,2014,Rabi,Maize,16045,104694,6.525023372
Telangana,KHAMMAM,2014,Rabi,Moong(Green Gram),6403,3631,0.567077932
Telangana,KHAMMAM,2014,Rabi,Onion,3,82,27.33333333
Telangana,KHAMMAM,2014,Rabi,Rice,35269,127744,3.621990984
Telangana,KHAMMAM,2014,Rabi,Sesamum,864,79,0.091435185
Telangana,KHAMMAM,2014,Rabi,Sunflower,68,97,1.426470588
Telangana,KHAMMAM,2014,Rabi,Sweet potato,16,124,7.75
Telangana,KHAMMAM,2014,Rabi,Tobacco,2256,6035,2.675088652
Telangana,KHAMMAM,2014,Rabi,Urad,2025,822,0.405925926
Telangana,MAHBUBNAGAR,1997,Kharif,Arhar/Tur,36200,6100,0.168508287
Telangana,MAHBUBNAGAR,1997,Kharif,Bajra,9500,3500,0.368421053
Telangana,MAHBUBNAGAR,1997,Kharif,Castor seed,61100,14800,0.242225859
Telangana,MAHBUBNAGAR,1997,Kharif,Cotton(lint),58100,52300,0.900172117
Telangana,MAHBUBNAGAR,1997,Kharif,Dry chillies,5600,7500,1.339285714
Telangana,MAHBUBNAGAR,1997,Kharif,Groundnut,97600,40600,0.415983607
Telangana,MAHBUBNAGAR,1997,Kharif,Horse-gram,10300,3000,0.291262136
Telangana,MAHBUBNAGAR,1997,Kharif,Jowar,97200,59200,0.609053498
Telangana,MAHBUBNAGAR,1997,Kharif,Korra,1500,700,0.466666667
Telangana,MAHBUBNAGAR,1997,Kharif,Maize,20000,53300,2.665
Telangana,MAHBUBNAGAR,1997,Kharif,Mesta,100,500,5
Telangana,MAHBUBNAGAR,1997,Kharif,Moong(Green Gram),21300,2300,0.107981221
Telangana,MAHBUBNAGAR,1997,Kharif,Ragi,7700,5400,0.701298701
Telangana,MAHBUBNAGAR,1997,Kharif,Rice,53200,100700,1.892857143
Telangana,MAHBUBNAGAR,1997,Kharif,Samai,700,200,0.285714286
Telangana,MAHBUBNAGAR,1997,Kharif,Sunflower,25900,9600,0.370656371
Telangana,MAHBUBNAGAR,1997,Kharif,Tobacco,7400,8100,1.094594595
Telangana,MAHBUBNAGAR,1997,Kharif,Urad,1200,400,0.333333333
Telangana,MAHBUBNAGAR,1997,Rabi,Dry chillies,1700,3700,2.176470588
Telangana,MAHBUBNAGAR,1997,Rabi,Gram,3000,400,0.133333333
Telangana,MAHBUBNAGAR,1997,Rabi,Groundnut,41500,29900,0.720481928
Telangana,MAHBUBNAGAR,1997,Rabi,Horse-gram,3500,900,0.257142857
Telangana,MAHBUBNAGAR,1997,Rabi,Jowar,61000,20000,0.327868852
Telangana,MAHBUBNAGAR,1997,Rabi,Maize,700,2100,3
Telangana,MAHBUBNAGAR,1997,Rabi,Ragi,600,900,1.5
Telangana,MAHBUBNAGAR,1997,Rabi,Rice,39800,78200,1.964824121
Telangana,MAHBUBNAGAR,1997,Rabi,Sesamum,1400,100,0.071428571
Telangana,MAHBUBNAGAR,1997,Rabi,Sunflower,12500,4100,0.328
Telangana,MAHBUBNAGAR,1997,Rabi,Wheat,300,200,0.666666667
Telangana,MAHBUBNAGAR,1998,Kharif,Arhar/Tur,49400,12000,0.24291498
Telangana,MAHBUBNAGAR,1998,Kharif,Bajra,14500,5500,0.379310345
Telangana,MAHBUBNAGAR,1998,Kharif,Castor seed,101700,20300,0.199606686
Telangana,MAHBUBNAGAR,1998,Kharif,Cotton(lint),93600,77100,0.823717949
Telangana,MAHBUBNAGAR,1998,Kharif,Dry chillies,9500,11800,1.242105263
Telangana,MAHBUBNAGAR,1998,Kharif,Groundnut,85800,48800,0.568764569
Telangana,MAHBUBNAGAR,1998,Kharif,Horse-gram,10300,3900,0.378640777
Telangana,MAHBUBNAGAR,1998,Kharif,Jowar,129800,77700,0.598613251
Telangana,MAHBUBNAGAR,1998,Kharif,Korra,3000,1800,0.6
Telangana,MAHBUBNAGAR,1998,Kharif,Maize,20100,67200,3.343283582
Telangana,MAHBUBNAGAR,1998,Kharif,Mesta,100,800,8
Telangana,MAHBUBNAGAR,1998,Kharif,Moong(Green Gram),28300,12400,0.438162544
Telangana,MAHBUBNAGAR,1998,Kharif,Other Kharif pulses,400,100,0.25
Telangana,MAHBUBNAGAR,1998,Kharif,Ragi,11900,8600,0.722689076
Telangana,MAHBUBNAGAR,1998,Kharif,Rice,72100,141200,1.958391123
Telangana,MAHBUBNAGAR,1998,Kharif,Samai,600,200,0.333333333
Telangana,MAHBUBNAGAR,1998,Kharif,Small millets,100,100,1
Telangana,MAHBUBNAGAR,1998,Kharif,Sunflower,14400,9200,0.638888889
Telangana,MAHBUBNAGAR,1998,Kharif,Urad,1300,400,0.307692308
Telangana,MAHBUBNAGAR,1998,Rabi,Dry chillies,2100,4800,2.285714286
Telangana,MAHBUBNAGAR,1998,Rabi,Gram,2900,400,0.137931034
Telangana,MAHBUBNAGAR,1998,Rabi,Groundnut,44600,50000,1.121076233
Telangana,MAHBUBNAGAR,1998,Rabi,Horse-gram,3100,700,0.225806452
Telangana,MAHBUBNAGAR,1998,Rabi,Jowar,43000,23800,0.553488372
Telangana,MAHBUBNAGAR,1998,Rabi,Maize,500,2100,4.2
Telangana,MAHBUBNAGAR,1998,Rabi,Ragi,500,1000,2
Telangana,MAHBUBNAGAR,1998,Rabi,Rice,74700,150500,2.014725569
Telangana,MAHBUBNAGAR,1998,Rabi,Sesamum,1900,500,0.263157895
Telangana,MAHBUBNAGAR,1998,Rabi,Sunflower,15600,6100,0.391025641
Telangana,MAHBUBNAGAR,1998,Rabi,Wheat,200,100,0.5
Telangana,MAHBUBNAGAR,1998,Whole Year,Tobacco,7500,4300,0.573333333
Telangana,MAHBUBNAGAR,1999,Kharif,Bajra,16554,7946,0.480004833
Telangana,MAHBUBNAGAR,1999,Kharif,Castor seed,155526,34838,0.224001132
Telangana,MAHBUBNAGAR,1999,Kharif,Cotton(lint),54897,39720,0.723536805
Telangana,MAHBUBNAGAR,1999,Kharif,Groundnut,90584,31704,0.349995584
Telangana,MAHBUBNAGAR,1999,Kharif,Horse-gram,9413,2598,0.276001275
Telangana,MAHBUBNAGAR,1999,Kharif,Jowar,109562,58506,0.533999014
Telangana,MAHBUBNAGAR,1999,Kharif,Maize,34862,106225,3.047013941
Telangana,MAHBUBNAGAR,1999,Kharif,Masoor,61119,20169,0.329995582
Telangana,MAHBUBNAGAR,1999,Kharif,Moong(Green Gram),31000,7936,0.256
Telangana,MAHBUBNAGAR,1999,Kharif,Ragi,12232,8978,0.733976455
Telangana,MAHBUBNAGAR,1999,Kharif,Rice,92732,154677,1.668000259
Telangana,MAHBUBNAGAR,1999,Kharif,Sesamum,1704,358,0.210093897
Telangana,MAHBUBNAGAR,1999,Kharif,Urad,1507,897,0.595222296
Telangana,MAHBUBNAGAR,1999,Rabi,Bajra,84,40,0.476190476
Telangana,MAHBUBNAGAR,1999,Rabi,Gram,2714,1791,0.65991157
Telangana,MAHBUBNAGAR,1999,Rabi,Groundnut,32551,31021,0.952996836
Telangana,MAHBUBNAGAR,1999,Rabi,Horse-gram,2563,915,0.357003512
Telangana,MAHBUBNAGAR,1999,Rabi,Jowar,56226,33061,0.588001992
Telangana,MAHBUBNAGAR,1999,Rabi,Maize,774,2976,3.84496124
Telangana,MAHBUBNAGAR,1999,Rabi,Ragi,693,1190,1.717171717
Telangana,MAHBUBNAGAR,1999,Rabi,Rice,40342,71083,1.762009816
Telangana,MAHBUBNAGAR,1999,Rabi,Safflower,1113,510,0.458221024
Telangana,MAHBUBNAGAR,1999,Rabi,Urad,2,1,0.5
Telangana,MAHBUBNAGAR,1999,Rabi,Wheat,137,92,0.671532847
Telangana,MAHBUBNAGAR,1999,Whole Year,Dry chillies,14251,17035,1.195354712
Telangana,MAHBUBNAGAR,1999,Whole Year,Onion,2785,33142,11.90017953
Telangana,MAHBUBNAGAR,1999,Whole Year,Sugarcane,23,1508,65.56521739
Telangana,MAHBUBNAGAR,2000,Kharif,Arhar/Tur,65889,28530,0.433000956
Telangana,MAHBUBNAGAR,2000,Kharif,Bajra,17965,11013,0.613025327
Telangana,MAHBUBNAGAR,2000,Kharif,Castor seed,231033,88024,0.381001848
Telangana,MAHBUBNAGAR,2000,Kharif,Cotton(lint),40492,60976,1.505877704
Telangana,MAHBUBNAGAR,2000,Kharif,Dry chillies,10193,11488,1.127047974
Telangana,MAHBUBNAGAR,2000,Kharif,Gram,12,9,0.75
Telangana,MAHBUBNAGAR,2000,Kharif,Groundnut,71653,50444,0.704004019
Telangana,MAHBUBNAGAR,2000,Kharif,Horse-gram,7324,3428,0.468050246
Telangana,MAHBUBNAGAR,2000,Kharif,Jowar,127417,96837,0.760000628
Telangana,MAHBUBNAGAR,2000,Kharif,Korra,2471,2392,0.968029138
Telangana,MAHBUBNAGAR,2000,Kharif,Maize,47991,72706,1.514992394
Telangana,MAHBUBNAGAR,2000,Kharif,Mesta,65,574,8.830769231
Telangana,MAHBUBNAGAR,2000,Kharif,Moong(Green Gram),42800,2012,0.047009346
Telangana,MAHBUBNAGAR,2000,Kharif,Onion,2071,25525,12.32496379
Telangana,MAHBUBNAGAR,2000,Kharif,Other Kharif pulses,1201,239,0.199000833
Telangana,MAHBUBNAGAR,2000,Kharif,other misc. pulses,553,145,0.262206148
Telangana,MAHBUBNAGAR,2000,Kharif,Ragi,13422,14133,1.052972731
Telangana,MAHBUBNAGAR,2000,Kharif,Rice,116763,290973,2.491996609
Telangana,MAHBUBNAGAR,2000,Kharif,Samai,249,123,0.493975904
Telangana,MAHBUBNAGAR,2000,Kharif,Sesamum,1508,232,0.153846154
Telangana,MAHBUBNAGAR,2000,Kharif,Small millets,2720,2515,0.924632353
Telangana,MAHBUBNAGAR,2000,Kharif,Sunflower,18468,10902,0.590318389
Telangana,MAHBUBNAGAR,2000,Kharif,Urad,1796,641,0.356904232
Telangana,MAHBUBNAGAR,2000,Rabi,Bajra,594,364,0.612794613
Telangana,MAHBUBNAGAR,2000,Rabi,Dry chillies,1848,4273,2.312229437
Telangana,MAHBUBNAGAR,2000,Rabi,Gram,4941,3548,0.718073265
Telangana,MAHBUBNAGAR,2000,Rabi,Groundnut,38927,47686,1.225010918
Telangana,MAHBUBNAGAR,2000,Rabi,Horse-gram,2728,535,0.19611437
Telangana,MAHBUBNAGAR,2000,Rabi,Jowar,50338,35237,0.700007946
Telangana,MAHBUBNAGAR,2000,Rabi,Maize,644,2958,4.593167702
Telangana,MAHBUBNAGAR,2000,Rabi,Moong(Green Gram),13,4,0.307692308
Telangana,MAHBUBNAGAR,2000,Rabi,Onion,622,15638,25.1414791
Telangana,MAHBUBNAGAR,2000,Rabi,Other  Rabi pulses,142,19,0.133802817
Telangana,MAHBUBNAGAR,2000,Rabi,other misc. pulses,142,19,0.133802817
Telangana,MAHBUBNAGAR,2000,Rabi,Ragi,1182,2047,1.731810491
Telangana,MAHBUBNAGAR,2000,Rabi,Rapeseed &Mustard,1,,
Telangana,MAHBUBNAGAR,2000,Rabi,Rice,49701,140455,2.825999477
Telangana,MAHBUBNAGAR,2000,Rabi,Safflower,1588,694,0.437027708
Telangana,MAHBUBNAGAR,2000,Rabi,Samai,74,38,0.513513514
Telangana,MAHBUBNAGAR,2000,Rabi,Small millets,74,38,0.513513514
Telangana,MAHBUBNAGAR,2000,Rabi,Urad,6,3,0.5
Telangana,MAHBUBNAGAR,2000,Rabi,Wheat,315,179,0.568253968
Telangana,MAHBUBNAGAR,2000,Whole Year,Banana,5,128,25.6
Telangana,MAHBUBNAGAR,2000,Whole Year,Cashewnut,1,,
Telangana,MAHBUBNAGAR,2000,Whole Year,Coconut,17,179872,10580.70588
Telangana,MAHBUBNAGAR,2000,Whole Year,Coriander,232,60,0.25862069
Telangana,MAHBUBNAGAR,2000,Whole Year,Sweet potato,12,162,13.5
Telangana,MAHBUBNAGAR,2000,Whole Year,Tapioca,1,8,8
Telangana,MAHBUBNAGAR,2000,Whole Year,Tobacco,3870,5449,1.408010336
Telangana,MAHBUBNAGAR,2000,Whole Year,Turmeric,141,709,5.028368794
Telangana,MAHBUBNAGAR,2001,Kharif,Arhar/Tur,57586,16297,0.283002813
Telangana,MAHBUBNAGAR,2001,Kharif,Bajra,17952,8617,0.480002228
Telangana,MAHBUBNAGAR,2001,Kharif,Castor seed,165340,48775,0.294998186
Telangana,MAHBUBNAGAR,2001,Kharif,Cotton(lint),63422,77226,1.21765318
Telangana,MAHBUBNAGAR,2001,Kharif,Dry chillies,8942,7538,0.842988146
Telangana,MAHBUBNAGAR,2001,Kharif,Gram,46,51,1.108695652
Telangana,MAHBUBNAGAR,2001,Kharif,Groundnut,66118,37819,0.571992498
Telangana,MAHBUBNAGAR,2001,Kharif,Horse-gram,6024,2422,0.402058433
Telangana,MAHBUBNAGAR,2001,Kharif,Jowar,127781,90597,0.709002121
Telangana,MAHBUBNAGAR,2001,Kharif,Korra,1617,374,0.231292517
Telangana,MAHBUBNAGAR,2001,Kharif,Maize,39922,75572,1.892991333
Telangana,MAHBUBNAGAR,2001,Kharif,Mesta,75,638,8.506666667
Telangana,MAHBUBNAGAR,2001,Kharif,Moong(Green Gram),57890,753,0.013007428
Telangana,MAHBUBNAGAR,2001,Kharif,Onion,2383,28317,11.88292069
Telangana,MAHBUBNAGAR,2001,Kharif,Other Kharif pulses,881,161,0.182746879
Telangana,MAHBUBNAGAR,2001,Kharif,Ragi,6392,6878,1.076032541
Telangana,MAHBUBNAGAR,2001,Kharif,Rice,76057,184210,2.42199929
Telangana,MAHBUBNAGAR,2001,Kharif,Samai,564,149,0.264184397
Telangana,MAHBUBNAGAR,2001,Kharif,Sesamum,1022,199,0.194716243
Telangana,MAHBUBNAGAR,2001,Kharif,Small millets,2181,523,0.239798258
Telangana,MAHBUBNAGAR,2001,Kharif,Sunflower,17909,9292,0.518845273
Telangana,MAHBUBNAGAR,2001,Kharif,Urad,3669,1603,0.436903788
Telangana,MAHBUBNAGAR,2001,Rabi,Arhar/Tur,7,2,0.285714286
Telangana,MAHBUBNAGAR,2001,Rabi,Bajra,29,14,0.482758621
Telangana,MAHBUBNAGAR,2001,Rabi,Dry chillies,1981,5458,2.755174154
Telangana,MAHBUBNAGAR,2001,Rabi,Gram,7043,7783,1.105068863
Telangana,MAHBUBNAGAR,2001,Rabi,Groundnut,42503,59589,1.401995153
Telangana,MAHBUBNAGAR,2001,Rabi,Horse-gram,2283,753,0.329829172
Telangana,MAHBUBNAGAR,2001,Rabi,Jowar,45284,28076,0.619998233
Telangana,MAHBUBNAGAR,2001,Rabi,Maize,866,3931,4.53926097
Telangana,MAHBUBNAGAR,2001,Rabi,Moong(Green Gram),8,2,0.25
Telangana,MAHBUBNAGAR,2001,Rabi,Onion,672,17558,26.12797619
Telangana,MAHBUBNAGAR,2001,Rabi,Other  Rabi pulses,11,3,0.272727273
Telangana,MAHBUBNAGAR,2001,Rabi,Ragi,684,1196,1.748538012
Telangana,MAHBUBNAGAR,2001,Rabi,Rice,61122,143576,2.349006904
Telangana,MAHBUBNAGAR,2001,Rabi,Safflower,813,274,0.33702337
Telangana,MAHBUBNAGAR,2001,Rabi,Urad,59,10,0.169491525
Telangana,MAHBUBNAGAR,2001,Rabi,Wheat,218,151,0.69266055
Telangana,MAHBUBNAGAR,2001,Whole Year,Banana,12,,
Telangana,MAHBUBNAGAR,2001,Whole Year,Cashewnut,18,2,0.111111111
Telangana,MAHBUBNAGAR,2001,Whole Year,Coconut,10,110200,11020
Telangana,MAHBUBNAGAR,2001,Whole Year,Coriander,606,298,0.491749175
Telangana,MAHBUBNAGAR,2001,Whole Year,Tobacco,3431,2494,0.726901778
Telangana,MAHBUBNAGAR,2001,Whole Year,Turmeric,106,417,3.933962264
Telangana,MAHBUBNAGAR,2002,Kharif,Arhar/Tur,58008,24073,0.414994484
Telangana,MAHBUBNAGAR,2002,Kharif,Bajra,11793,6498,0.551004833
Telangana,MAHBUBNAGAR,2002,Kharif,Castor seed,130954,61680,0.471005086
Telangana,MAHBUBNAGAR,2002,Kharif,Cotton(lint),43266,57518,1.329404151
Telangana,MAHBUBNAGAR,2002,Kharif,Dry chillies,9076,10174,1.120978405
Telangana,MAHBUBNAGAR,2002,Kharif,Groundnut,54271,24530,0.451990934
Telangana,MAHBUBNAGAR,2002,Kharif,Horse-gram,5752,2238,0.389082058
Telangana,MAHBUBNAGAR,2002,Kharif,Jowar,107386,98903,0.9210046
Telangana,MAHBUBNAGAR,2002,Kharif,Korra,2000,1000,0.5
Telangana,MAHBUBNAGAR,2002,Kharif,Maize,69196,81305,1.174995664
Telangana,MAHBUBNAGAR,2002,Kharif,Mesta,39,295,7.564102564
Telangana,MAHBUBNAGAR,2002,Kharif,Moong(Green Gram),55879,1062,0.019005351
Telangana,MAHBUBNAGAR,2002,Kharif,Onion,1658,14466,8.724969843
Telangana,MAHBUBNAGAR,2002,Kharif,Other Kharif pulses,311,55,0.176848875
Telangana,MAHBUBNAGAR,2002,Kharif,Ragi,6990,7640,1.092989986
Telangana,MAHBUBNAGAR,2002,Kharif,Rice,76711,155340,2.025002933
Telangana,MAHBUBNAGAR,2002,Kharif,Sesamum,883,166,0.18799547
Telangana,MAHBUBNAGAR,2002,Kharif,Small millets,1866,828,0.443729904
Telangana,MAHBUBNAGAR,2002,Kharif,Sunflower,25954,17593,0.677853125
Telangana,MAHBUBNAGAR,2002,Kharif,Urad,2999,1503,0.501167056
Telangana,MAHBUBNAGAR,2002,Rabi,Bajra,1,1,1
Telangana,MAHBUBNAGAR,2002,Rabi,Dry chillies,2057,5114,2.486144871
Telangana,MAHBUBNAGAR,2002,Rabi,Gram,10731,13274,1.236976983
Telangana,MAHBUBNAGAR,2002,Rabi,Groundnut,36038,34272,0.950996171
Telangana,MAHBUBNAGAR,2002,Rabi,Horse-gram,1621,206,0.127082048
Telangana,MAHBUBNAGAR,2002,Rabi,Jowar,38754,33406,0.862001342
Telangana,MAHBUBNAGAR,2002,Rabi,Maize,3183,12847,4.036129438
Telangana,MAHBUBNAGAR,2002,Rabi,Onion,544,13593,24.98713235
Telangana,MAHBUBNAGAR,2002,Rabi,Other  Rabi pulses,19,5,0.263157895
Telangana,MAHBUBNAGAR,2002,Rabi,Ragi,643,829,1.289269051
Telangana,MAHBUBNAGAR,2002,Rabi,Rice,33636,67339,2.001991913
Telangana,MAHBUBNAGAR,2002,Rabi,Safflower,1878,774,0.412140575
Telangana,MAHBUBNAGAR,2002,Rabi,Urad,7,2,0.285714286
Telangana,MAHBUBNAGAR,2002,Rabi,Wheat,216,199,0.921296296
Telangana,MAHBUBNAGAR,2002,Whole Year,Beans & Mutter(Vegetable),89,116,1.303370787
Telangana,MAHBUBNAGAR,2002,Whole Year,Bhindi,474,918,1.936708861
Telangana,MAHBUBNAGAR,2002,Whole Year,Bottle Gourd,5,0,0
Telangana,MAHBUBNAGAR,2002,Whole Year,Brinjal,942,2770,2.940552017
Telangana,MAHBUBNAGAR,2002,Whole Year,Cabbage,3,0,0
Telangana,MAHBUBNAGAR,2002,Whole Year,Cashewnut,10,2,0.2
Telangana,MAHBUBNAGAR,2002,Whole Year,Citrus Fruit,406,1816,4.472906404
Telangana,MAHBUBNAGAR,2002,Whole Year,Coconut,11,125708,11428
Telangana,MAHBUBNAGAR,2002,Whole Year,Coriander,549,229,0.41712204
Telangana,MAHBUBNAGAR,2002,Whole Year,Cucumber,134,0,0
Telangana,MAHBUBNAGAR,2002,Whole Year,Grapes,54,1040,19.25925926
Telangana,MAHBUBNAGAR,2002,Whole Year,Mango,5095,9097,1.785475957
Telangana,MAHBUBNAGAR,2002,Whole Year,Orange,1919,34544,18.00104221
Telangana,MAHBUBNAGAR,2002,Whole Year,Other Fresh Fruits,372,483,1.298387097
Telangana,MAHBUBNAGAR,2002,Whole Year,Other Vegetables,1182,0,0
Telangana,MAHBUBNAGAR,2002,Whole Year,Papaya,160,20871,130.44375
Telangana,MAHBUBNAGAR,2002,Whole Year,Pome Fruit,705,826,1.171631206
Telangana,MAHBUBNAGAR,2002,Whole Year,Sugarcane,50,3480,69.6
Telangana,MAHBUBNAGAR,2002,Whole Year,Tobacco,1649,2459,1.491206792
Telangana,MAHBUBNAGAR,2002,Whole Year,Tomato,5518,23290,4.220732149
Telangana,MAHBUBNAGAR,2002,Whole Year,Turmeric,68,345,5.073529412
Telangana,MAHBUBNAGAR,2003,Kharif,Arhar/Tur,60205,24022,0.399003405
Telangana,MAHBUBNAGAR,2003,Kharif,Bajra,11501,6671,0.580036519
Telangana,MAHBUBNAGAR,2003,Kharif,Castor seed,146945,69652,0.474000476
Telangana,MAHBUBNAGAR,2003,Kharif,Cotton(lint),34979,57407,1.641184711
Telangana,MAHBUBNAGAR,2003,Kharif,Dry chillies,8097,24251,2.995059899
Telangana,MAHBUBNAGAR,2003,Kharif,Groundnut,40729,24600,0.603992241
Telangana,MAHBUBNAGAR,2003,Kharif,Horse-gram,4500,2147,0.477111111
Telangana,MAHBUBNAGAR,2003,Kharif,Jowar,95272,72311,0.758995298
Telangana,MAHBUBNAGAR,2003,Kharif,Korra,1459,830,0.568882796
Telangana,MAHBUBNAGAR,2003,Kharif,Maize,92766,200653,2.163001531
Telangana,MAHBUBNAGAR,2003,Kharif,Mesta,39,310,7.948717949
Telangana,MAHBUBNAGAR,2003,Kharif,Moong(Green Gram),38604,3976,0.102994508
Telangana,MAHBUBNAGAR,2003,Kharif,Onion,1614,21197,13.13320942
Telangana,MAHBUBNAGAR,2003,Kharif,Other Kharif pulses,295,48,0.162711864
Telangana,MAHBUBNAGAR,2003,Kharif,Ragi,6646,8248,1.241047246
Telangana,MAHBUBNAGAR,2003,Kharif,Rice,66350,161231,2.430007536
Telangana,MAHBUBNAGAR,2003,Kharif,Samai,234,42,0.179487179
Telangana,MAHBUBNAGAR,2003,Kharif,Sesamum,877,252,0.287343216
Telangana,MAHBUBNAGAR,2003,Kharif,Small millets,1909,1020,0.534311158
Telangana,MAHBUBNAGAR,2003,Kharif,Sunflower,37453,28257,0.754465597
Telangana,MAHBUBNAGAR,2003,Kharif,Urad,3733,2684,0.718992767
Telangana,MAHBUBNAGAR,2003,Rabi,Arhar/Tur,2,1,0.5
Telangana,MAHBUBNAGAR,2003,Rabi,Bajra,48,28,0.583333333
Telangana,MAHBUBNAGAR,2003,Rabi,Dry chillies,2117,6908,3.263108172
Telangana,MAHBUBNAGAR,2003,Rabi,Gram,13145,15695,1.19399011
Telangana,MAHBUBNAGAR,2003,Rabi,Groundnut,34641,44029,1.271008343
Telangana,MAHBUBNAGAR,2003,Rabi,Horse-gram,1626,530,0.32595326
Telangana,MAHBUBNAGAR,2003,Rabi,Jowar,32322,19458,0.602004826
Telangana,MAHBUBNAGAR,2003,Rabi,Maize,1970,8674,4.403045685
Telangana,MAHBUBNAGAR,2003,Rabi,Moong(Green Gram),11,4,0.363636364
Telangana,MAHBUBNAGAR,2003,Rabi,Onion,632,17517,27.71677215
Telangana,MAHBUBNAGAR,2003,Rabi,other oilseeds,5,,
Telangana,MAHBUBNAGAR,2003,Rabi,Ragi,501,879,1.754491018
Telangana,MAHBUBNAGAR,2003,Rabi,Rice,33146,69375,2.093012732
Telangana,MAHBUBNAGAR,2003,Rabi,Safflower,915,285,0.31147541
Telangana,MAHBUBNAGAR,2003,Rabi,Urad,11,4,0.363636364
Telangana,MAHBUBNAGAR,2003,Rabi,Wheat,231,137,0.593073593
Telangana,MAHBUBNAGAR,2003,Whole Year,Beans & Mutter(Vegetable),208,1236,5.942307692
Telangana,MAHBUBNAGAR,2003,Whole Year,Bhindi,532,851,1.59962406
Telangana,MAHBUBNAGAR,2003,Whole Year,Bottle Gourd,11,0,0
Telangana,MAHBUBNAGAR,2003,Whole Year,Brinjal,748,5969,7.979946524
Telangana,MAHBUBNAGAR,2003,Whole Year,Cabbage,34,0,0
Telangana,MAHBUBNAGAR,2003,Whole Year,Cashewnut,3,0,0
Telangana,MAHBUBNAGAR,2003,Whole Year,Citrus Fruit,484,3564,7.363636364
Telangana,MAHBUBNAGAR,2003,Whole Year,Coconut,12,141360,11780
Telangana,MAHBUBNAGAR,2003,Whole Year,Coriander,1411,387,0.274273565
Telangana,MAHBUBNAGAR,2003,Whole Year,Cucumber,136,0,0
Telangana,MAHBUBNAGAR,2003,Whole Year,Grapes,66,1259,19.07575758
Telangana,MAHBUBNAGAR,2003,Whole Year,Mango,6098,18575,3.046080682
Telangana,MAHBUBNAGAR,2003,Whole Year,Orange,2145,13546,6.315151515
Telangana,MAHBUBNAGAR,2003,Whole Year,Other Fresh Fruits,212,536,2.528301887
Telangana,MAHBUBNAGAR,2003,Whole Year,Other Vegetables,751,0,0
Telangana,MAHBUBNAGAR,2003,Whole Year,Papaya,134,12169,90.81343284
Telangana,MAHBUBNAGAR,2003,Whole Year,Peas  (vegetable),3,0,0
Telangana,MAHBUBNAGAR,2003,Whole Year,Pome Fruit,528,491,0.929924242
Telangana,MAHBUBNAGAR,2003,Whole Year,Sugarcane,44,3520,80
Telangana,MAHBUBNAGAR,2003,Whole Year,Tobacco,3677,5593,1.521076965
Telangana,MAHBUBNAGAR,2003,Whole Year,Tomato,5077,27974,5.509946819
Telangana,MAHBUBNAGAR,2003,Whole Year,Turmeric,121,635,5.247933884
Telangana,MAHBUBNAGAR,2004,Kharif,Arhar/Tur,52383,19329,0.368993758
Telangana,MAHBUBNAGAR,2004,Kharif,Bajra,8405,3925,0.466983938
Telangana,MAHBUBNAGAR,2004,Kharif,Castor seed,138881,46108,0.331996457
Telangana,MAHBUBNAGAR,2004,Kharif,Cotton(lint),50841,71476,1.405873213
Telangana,MAHBUBNAGAR,2004,Kharif,Dry chillies,8389,15184,1.809989272
Telangana,MAHBUBNAGAR,2004,Kharif,Groundnut,39789,27972,0.703008369
Telangana,MAHBUBNAGAR,2004,Kharif,Horse-gram,4976,2374,0.477090032
Telangana,MAHBUBNAGAR,2004,Kharif,Jowar,69920,31324,0.447997712
Telangana,MAHBUBNAGAR,2004,Kharif,Maize,90222,136235,1.509997562
Telangana,MAHBUBNAGAR,2004,Kharif,Mesta,32,274,8.5625
Telangana,MAHBUBNAGAR,2004,Kharif,Moong(Green Gram),29662,2284,0.077000877
Telangana,MAHBUBNAGAR,2004,Kharif,Onion,2120,21715,10.24292453
Telangana,MAHBUBNAGAR,2004,Kharif,Other Kharif pulses,601,164,0.272878536
Telangana,MAHBUBNAGAR,2004,Kharif,Ragi,4604,7366,1.599913119
Telangana,MAHBUBNAGAR,2004,Kharif,Rice,58491,132716,2.268998649
Telangana,MAHBUBNAGAR,2004,Kharif,Sesamum,817,221,0.270501836
Telangana,MAHBUBNAGAR,2004,Kharif,Small millets,1441,798,0.553782096
Telangana,MAHBUBNAGAR,2004,Kharif,Sunflower,46549,22691,0.487464822
Telangana,MAHBUBNAGAR,2004,Kharif,Urad,3162,1442,0.456040481
Telangana,MAHBUBNAGAR,2004,Rabi,Dry chillies,1380,4129,2.992028986
Telangana,MAHBUBNAGAR,2004,Rabi,Gram,12290,10803,0.879007323
Telangana,MAHBUBNAGAR,2004,Rabi,Groundnut,36604,44327,1.21098787
Telangana,MAHBUBNAGAR,2004,Rabi,Horse-gram,692,224,0.323699422
Telangana,MAHBUBNAGAR,2004,Rabi,Jowar,25861,15568,0.601987549
Telangana,MAHBUBNAGAR,2004,Rabi,Maize,2312,7898,3.416089965
Telangana,MAHBUBNAGAR,2004,Rabi,Onion,415,9269,22.33493976
Telangana,MAHBUBNAGAR,2004,Rabi,Other  Rabi pulses,10,3,0.3
Telangana,MAHBUBNAGAR,2004,Rabi,Ragi,507,914,1.802761341
Telangana,MAHBUBNAGAR,2004,Rabi,Rice,25314,57083,2.254997235
Telangana,MAHBUBNAGAR,2004,Rabi,Safflower,609,275,0.451559934
Telangana,MAHBUBNAGAR,2004,Rabi,Sesamum,69,27,0.391304348
Telangana,MAHBUBNAGAR,2004,Rabi,Sunflower,26403,13122,0.496988979
Telangana,MAHBUBNAGAR,2004,Rabi,Wheat,297,157,0.528619529
Telangana,MAHBUBNAGAR,2004,Whole Year,Cashewnut,3,1,0.333333333
Telangana,MAHBUBNAGAR,2004,Whole Year,Coconut,12,141468,11789
Telangana,MAHBUBNAGAR,2004,Whole Year,Coriander,445,265,0.595505618
Telangana,MAHBUBNAGAR,2004,Whole Year,Sugarcane,6,432,72
Telangana,MAHBUBNAGAR,2004,Whole Year,Sweet potato,16,113,7.0625
Telangana,MAHBUBNAGAR,2004,Whole Year,Tobacco,813,673,0.827798278
Telangana,MAHBUBNAGAR,2004,Whole Year,Turmeric,57,363,6.368421053
Telangana,MAHBUBNAGAR,2005,Kharif,Arhar/Tur,61398,45435,0.740007818
Telangana,MAHBUBNAGAR,2005,Kharif,Bajra,8628,6807,0.788942976
Telangana,MAHBUBNAGAR,2005,Kharif,Castor seed,179190,78844,0.440002232
Telangana,MAHBUBNAGAR,2005,Kharif,Cotton(lint),47634,67248,1.411764706
Telangana,MAHBUBNAGAR,2005,Kharif,Dry chillies,6214,18344,2.952043772
Telangana,MAHBUBNAGAR,2005,Kharif,Groundnut,35792,33466,0.935013411
Telangana,MAHBUBNAGAR,2005,Kharif,Horse-gram,5080,3007,0.591929134
Telangana,MAHBUBNAGAR,2005,Kharif,Jowar,63340,61503,0.97099779
Telangana,MAHBUBNAGAR,2005,Kharif,Maize,103224,346833,3.360003488
Telangana,MAHBUBNAGAR,2005,Kharif,Mesta,16,146,9.125
Telangana,MAHBUBNAGAR,2005,Kharif,Moong(Green Gram),25388,15411,0.607019064
Telangana,MAHBUBNAGAR,2005,Kharif,Onion,1854,30702,16.55987055
Telangana,MAHBUBNAGAR,2005,Kharif,Other Kharif pulses,696,234,0.336206897
Telangana,MAHBUBNAGAR,2005,Kharif,Ragi,6821,10116,1.483066999
Telangana,MAHBUBNAGAR,2005,Kharif,Rice,73651,181402,2.462994392
Telangana,MAHBUBNAGAR,2005,Kharif,Sesamum,734,178,0.242506812
Telangana,MAHBUBNAGAR,2005,Kharif,Small millets,1277,945,0.740015662
Telangana,MAHBUBNAGAR,2005,Kharif,Soyabean,3,6,2
Telangana,MAHBUBNAGAR,2005,Kharif,Urad,3162,1417,0.448134092
Telangana,MAHBUBNAGAR,2005,Rabi,Dry chillies,1522,4574,3.005256242
Telangana,MAHBUBNAGAR,2005,Rabi,Gram,12757,24570,1.926001411
Telangana,MAHBUBNAGAR,2005,Rabi,Groundnut,52654,70714,1.342993885
Telangana,MAHBUBNAGAR,2005,Rabi,Horse-gram,432,111,0.256944444
Telangana,MAHBUBNAGAR,2005,Rabi,Jowar,25912,21351,0.823981167
Telangana,MAHBUBNAGAR,2005,Rabi,Maize,1832,8684,4.740174672
Telangana,MAHBUBNAGAR,2005,Rabi,Onion,649,12912,19.89522342
Telangana,MAHBUBNAGAR,2005,Rabi,Other  Rabi pulses,31,14,0.451612903
Telangana,MAHBUBNAGAR,2005,Rabi,Ragi,399,725,1.817042607
Telangana,MAHBUBNAGAR,2005,Rabi,Rice,54500,139139,2.553009174
Telangana,MAHBUBNAGAR,2005,Rabi,Safflower,660,310,0.46969697
Telangana,MAHBUBNAGAR,2005,Rabi,Wheat,172,142,0.825581395
Telangana,MAHBUBNAGAR,2005,Whole Year,Cashewnut,3,1,0.333333333
Telangana,MAHBUBNAGAR,2005,Whole Year,Coconut,13,113126,8702
Telangana,MAHBUBNAGAR,2005,Whole Year,Coriander,440,185,0.420454545
Telangana,MAHBUBNAGAR,2005,Whole Year,Potato,11,93,8.454545455
Telangana,MAHBUBNAGAR,2005,Whole Year,Sugarcane,10,940,94
Telangana,MAHBUBNAGAR,2005,Whole Year,Sunflower,34686,18084,0.521363086
Telangana,MAHBUBNAGAR,2005,Whole Year,Sweet potato,10,84,8.4
Telangana,MAHBUBNAGAR,2005,Whole Year,Tobacco,2120,1973,0.930660377
Telangana,MAHBUBNAGAR,2005,Whole Year,Turmeric,31,236,7.612903226
Telangana,MAHBUBNAGAR,2006,Kharif,Arhar/Tur,66732,13880,0.207996164
Telangana,MAHBUBNAGAR,2006,Kharif,Bajra,6344,2417,0.380989912
Telangana,MAHBUBNAGAR,2006,Kharif,Castor seed,121181,55259,0.456003829
Telangana,MAHBUBNAGAR,2006,Kharif,Cotton(lint),46844,58417,1.247054052
Telangana,MAHBUBNAGAR,2006,Kharif,Dry chillies,6150,20480,3.330081301
Telangana,MAHBUBNAGAR,2006,Kharif,Groundnut,38095,17143,0.450006563
Telangana,MAHBUBNAGAR,2006,Kharif,Horse-gram,2790,1275,0.456989247
Telangana,MAHBUBNAGAR,2006,Kharif,Jowar,58109,47359,0.815002839
Telangana,MAHBUBNAGAR,2006,Kharif,Maize,130209,190366,1.462003395
Telangana,MAHBUBNAGAR,2006,Kharif,Moong(Green Gram),33565,4229,0.125994339
Telangana,MAHBUBNAGAR,2006,Kharif,Onion,1776,31817,17.91497748
Telangana,MAHBUBNAGAR,2006,Kharif,Other Kharif pulses,315,20,0.063492063
Telangana,MAHBUBNAGAR,2006,Kharif,Ragi,3181,4873,1.531908205
Telangana,MAHBUBNAGAR,2006,Kharif,Rice,74466,181697,2.439999463
Telangana,MAHBUBNAGAR,2006,Kharif,Sesamum,340,64,0.188235294
Telangana,MAHBUBNAGAR,2006,Kharif,Small millets,455,212,0.465934066
Telangana,MAHBUBNAGAR,2006,Kharif,Urad,2434,606,0.248972884
Telangana,MAHBUBNAGAR,2006,Rabi,Dry chillies,1590,5191,3.264779874
Telangana,MAHBUBNAGAR,2006,Rabi,Gram,17444,28922,1.657991286
Telangana,MAHBUBNAGAR,2006,Rabi,Groundnut,44734,71619,1.600997005
Telangana,MAHBUBNAGAR,2006,Rabi,Horse-gram,501,143,0.285429142
Telangana,MAHBUBNAGAR,2006,Rabi,Jowar,23016,16065,0.697992701
Telangana,MAHBUBNAGAR,2006,Rabi,Maize,3473,16820,4.843075151
Telangana,MAHBUBNAGAR,2006,Rabi,Moong(Green Gram),119,103,0.865546218
Telangana,MAHBUBNAGAR,2006,Rabi,Onion,581,14437,24.84853701
Telangana,MAHBUBNAGAR,2006,Rabi,Other  Rabi pulses,188,66,0.35106383
Telangana,MAHBUBNAGAR,2006,Rabi,Ragi,421,697,1.655581948
Telangana,MAHBUBNAGAR,2006,Rabi,Rice,35176,86287,2.453007733
Telangana,MAHBUBNAGAR,2006,Rabi,Safflower,728,167,0.229395604
Telangana,MAHBUBNAGAR,2006,Rabi,Sesamum,25,8,0.32
Telangana,MAHBUBNAGAR,2006,Rabi,Urad,8,8,1
Telangana,MAHBUBNAGAR,2006,Rabi,Wheat,62,58,0.935483871
Telangana,MAHBUBNAGAR,2006,Whole Year,Cashewnut,3,,
Telangana,MAHBUBNAGAR,2006,Whole Year,Coconut,9,117153,13017
Telangana,MAHBUBNAGAR,2006,Whole Year,Coriander,311,174,0.559485531
Telangana,MAHBUBNAGAR,2006,Whole Year,Sugarcane,257,23075,89.78599222
Telangana,MAHBUBNAGAR,2006,Whole Year,Sunflower,30273,21412,0.707296931
Telangana,MAHBUBNAGAR,2006,Whole Year,Tobacco,1602,4732,2.95380774
Telangana,MAHBUBNAGAR,2006,Whole Year,Turmeric,84,516,6.142857143
Telangana,MAHBUBNAGAR,2007,Kharif,Arhar/Tur,69000,49000,0.710144928
Telangana,MAHBUBNAGAR,2007,Kharif,Bajra,6000,4000,0.666666667
Telangana,MAHBUBNAGAR,2007,Kharif,Castor seed,116000,84000,0.724137931
Telangana,MAHBUBNAGAR,2007,Kharif,Cotton(lint),69000,147000,2.130434783
Telangana,MAHBUBNAGAR,2007,Kharif,Dry chillies,7000,25000,3.571428571
Telangana,MAHBUBNAGAR,2007,Kharif,Groundnut,31000,45000,1.451612903
Telangana,MAHBUBNAGAR,2007,Kharif,Horse-gram,3000,2000,0.666666667
Telangana,MAHBUBNAGAR,2007,Kharif,Jowar,52000,51000,0.980769231
Telangana,MAHBUBNAGAR,2007,Kharif,Maize,120000,458000,3.816666667
Telangana,MAHBUBNAGAR,2007,Kharif,Moong(Green Gram),33000,6000,0.181818182
Telangana,MAHBUBNAGAR,2007,Kharif,Onion,2000,40000,20
Telangana,MAHBUBNAGAR,2007,Kharif,Ragi,3000,4000,1.333333333
Telangana,MAHBUBNAGAR,2007,Kharif,Rice,102000,297000,2.911764706
Telangana,MAHBUBNAGAR,2007,Kharif,Sesamum,1000,,
Telangana,MAHBUBNAGAR,2007,Kharif,Small millets,1000,1000,1
Telangana,MAHBUBNAGAR,2007,Kharif,Sunflower,10000,6000,0.6
Telangana,MAHBUBNAGAR,2007,Kharif,Urad,3000,2000,0.666666667
Telangana,MAHBUBNAGAR,2007,Rabi,Dry chillies,2000,5000,2.5
Telangana,MAHBUBNAGAR,2007,Rabi,Gram,21000,34000,1.619047619
Telangana,MAHBUBNAGAR,2007,Rabi,Groundnut,68000,149000,2.191176471
Telangana,MAHBUBNAGAR,2007,Rabi,Jowar,16000,15000,0.9375
Telangana,MAHBUBNAGAR,2007,Rabi,Maize,3000,17000,5.666666667
Telangana,MAHBUBNAGAR,2007,Rabi,Onion,1000,19000,19
Telangana,MAHBUBNAGAR,2007,Rabi,Rice,46000,128000,2.782608696
Telangana,MAHBUBNAGAR,2007,Rabi,Sunflower,17000,13000,0.764705882
Telangana,MAHBUBNAGAR,2007,Whole Year,Tobacco,2000,2000,1
Telangana,MAHBUBNAGAR,2008,Kharif,Arhar/Tur,79972,23032,0.2880008
Telangana,MAHBUBNAGAR,2008,Kharif,Bajra,10945,7246,0.66203746
Telangana,MAHBUBNAGAR,2008,Kharif,Castor seed,90413,43669,0.482994702
Telangana,MAHBUBNAGAR,2008,Kharif,Cotton(lint),90300,103048,1.141173865
Telangana,MAHBUBNAGAR,2008,Kharif,Dry chillies,7349,18740,2.550006804
Telangana,MAHBUBNAGAR,2008,Kharif,Groundnut,29953,20608,0.688011218
Telangana,MAHBUBNAGAR,2008,Kharif,Horse-gram,1904,764,0.401260504
Telangana,MAHBUBNAGAR,2008,Kharif,Jowar,38423,34004,0.884990761
Telangana,MAHBUBNAGAR,2008,Kharif,Maize,122718,185672,1.512997278
Telangana,MAHBUBNAGAR,2008,Kharif,Moong(Green Gram),20930,5630,0.268991878
Telangana,MAHBUBNAGAR,2008,Kharif,Onion,2488,39995,16.07516077
Telangana,MAHBUBNAGAR,2008,Kharif,Ragi,2280,3694,1.620175439
Telangana,MAHBUBNAGAR,2008,Kharif,Rice,96411,285569,2.961996038
Telangana,MAHBUBNAGAR,2008,Kharif,Sesamum,257,62,0.241245136
Telangana,MAHBUBNAGAR,2008,Kharif,Small millets,388,259,0.667525773
Telangana,MAHBUBNAGAR,2008,Kharif,Urad,1290,832,0.64496124
Telangana,MAHBUBNAGAR,2008,Rabi,Bajra,101,67,0.663366337
Telangana,MAHBUBNAGAR,2008,Rabi,Dry chillies,286,1125,3.933566434
Telangana,MAHBUBNAGAR,2008,Rabi,Gram,20625,31783,1.540993939
Telangana,MAHBUBNAGAR,2008,Rabi,Groundnut,69519,142305,2.046994347
Telangana,MAHBUBNAGAR,2008,Rabi,Horse-gram,294,123,0.418367347
Telangana,MAHBUBNAGAR,2008,Rabi,Jowar,10612,9413,0.8870147
Telangana,MAHBUBNAGAR,2008,Rabi,Maize,3242,17345,5.350092535
Telangana,MAHBUBNAGAR,2008,Rabi,Onion,1029,23204,22.55004859
Telangana,MAHBUBNAGAR,2008,Rabi,Ragi,283,484,1.71024735
Telangana,MAHBUBNAGAR,2008,Rabi,Rice,48322,135640,2.807003021
Telangana,MAHBUBNAGAR,2008,Rabi,Safflower,789,170,0.215462611
Telangana,MAHBUBNAGAR,2008,Rabi,Urad,10,7,0.7
Telangana,MAHBUBNAGAR,2008,Rabi,Wheat,39,45,1.153846154
Telangana,MAHBUBNAGAR,2008,Whole Year,Cashewnut,9,4,0.444444444
Telangana,MAHBUBNAGAR,2008,Whole Year,Coconut,8,74568,9321
Telangana,MAHBUBNAGAR,2008,Whole Year,Coriander,291,191,0.656357388
Telangana,MAHBUBNAGAR,2008,Whole Year,Sugarcane,78,6351,81.42307692
Telangana,MAHBUBNAGAR,2008,Whole Year,Sunflower,24279,17355,0.714815272
Telangana,MAHBUBNAGAR,2008,Whole Year,Tobacco,2723,8706,3.197208961
Telangana,MAHBUBNAGAR,2008,Whole Year,Turmeric,121,755,6.239669421
Telangana,MAHBUBNAGAR,2009,Kharif,Arhar/Tur,92155,20182,0.219000597
Telangana,MAHBUBNAGAR,2009,Kharif,Bajra,4979,2206,0.443060856
Telangana,MAHBUBNAGAR,2009,Kharif,Castor seed,84106,34988,0.415998859
Telangana,MAHBUBNAGAR,2009,Kharif,Cotton(lint),118702,150123,1.264704891
Telangana,MAHBUBNAGAR,2009,Kharif,Dry chillies,6780,23194,3.420943953
Telangana,MAHBUBNAGAR,2009,Kharif,Groundnut,24613,16195,0.657985617
Telangana,MAHBUBNAGAR,2009,Kharif,Horse-gram,1964,823,0.41904277
Telangana,MAHBUBNAGAR,2009,Kharif,Jowar,49842,27363,0.548994824
Telangana,MAHBUBNAGAR,2009,Kharif,Maize,126781,124119,0.979003163
Telangana,MAHBUBNAGAR,2009,Kharif,Moong(Green Gram),30701,706,0.022995994
Telangana,MAHBUBNAGAR,2009,Kharif,Onion,1699,31849,18.74573278
Telangana,MAHBUBNAGAR,2009,Kharif,Ragi,1375,1136,0.826181818
Telangana,MAHBUBNAGAR,2009,Kharif,Rice,95390,216726,2.271999161
Telangana,MAHBUBNAGAR,2009,Kharif,Sesamum,841,86,0.102259215
Telangana,MAHBUBNAGAR,2009,Kharif,Small millets,303,201,0.663366337
Telangana,MAHBUBNAGAR,2009,Kharif,Urad,2927,278,0.094977793
Telangana,MAHBUBNAGAR,2009,Rabi,Arhar/Tur,289,63,0.21799308
Telangana,MAHBUBNAGAR,2009,Rabi,Dry chillies,178,673,3.780898876
Telangana,MAHBUBNAGAR,2009,Rabi,Gram,27361,42191,1.542012353
Telangana,MAHBUBNAGAR,2009,Rabi,Groundnut,93861,202364,2.155996633
Telangana,MAHBUBNAGAR,2009,Rabi,Horse-gram,1344,398,0.296130952
Telangana,MAHBUBNAGAR,2009,Rabi,Jowar,14032,11871,0.845994869
Telangana,MAHBUBNAGAR,2009,Rabi,Maize,3298,15639,4.741964827
Telangana,MAHBUBNAGAR,2009,Rabi,Onion,1173,28468,24.26939471
Telangana,MAHBUBNAGAR,2009,Rabi,Ragi,339,630,1.85840708
Telangana,MAHBUBNAGAR,2009,Rabi,Rice,68468,184384,2.692995268
Telangana,MAHBUBNAGAR,2009,Rabi,Safflower,595,366,0.61512605
Telangana,MAHBUBNAGAR,2009,Rabi,Sesamum,21,7,0.333333333
Telangana,MAHBUBNAGAR,2009,Rabi,Urad,50,35,0.7
Telangana,MAHBUBNAGAR,2009,Rabi,Wheat,67,73,1.089552239
Telangana,MAHBUBNAGAR,2009,Whole Year,Coconut,2,22344,11172
Telangana,MAHBUBNAGAR,2009,Whole Year,Coriander,264,251,0.950757576
Telangana,MAHBUBNAGAR,2009,Whole Year,Sugarcane,130,11440,88
Telangana,MAHBUBNAGAR,2009,Whole Year,Sunflower,24340,16387,0.673253903
Telangana,MAHBUBNAGAR,2009,Whole Year,Tobacco,5389,10245,1.901094823
Telangana,MAHBUBNAGAR,2009,Whole Year,Turmeric,27,150,5.555555556
Telangana,MAHBUBNAGAR,2010,Kharif,Arhar/Tur,124059,50492,0.406999895
Telangana,MAHBUBNAGAR,2010,Kharif,Bajra,3885,2863,0.736936937
Telangana,MAHBUBNAGAR,2010,Kharif,Castor seed,83957,46513,0.554009791
Telangana,MAHBUBNAGAR,2010,Kharif,Cotton(lint),160252,313905,1.958821107
Telangana,MAHBUBNAGAR,2010,Kharif,Dry chillies,6993,29329,4.194051194
Telangana,MAHBUBNAGAR,2010,Kharif,Groundnut,18255,16831,0.921993974
Telangana,MAHBUBNAGAR,2010,Kharif,Horse-gram,1210,557,0.460330579
Telangana,MAHBUBNAGAR,2010,Kharif,Jowar,36978,32282,0.873005571
Telangana,MAHBUBNAGAR,2010,Kharif,Maize,84726,266124,3.14099568
Telangana,MAHBUBNAGAR,2010,Kharif,Moong(Green Gram),21118,4435,0.210010418
Telangana,MAHBUBNAGAR,2010,Kharif,Onion,2189,39201,17.90817725
Telangana,MAHBUBNAGAR,2010,Kharif,Ragi,1543,1683,1.09073234
Telangana,MAHBUBNAGAR,2010,Kharif,Rice,130411,360230,2.762266987
Telangana,MAHBUBNAGAR,2010,Kharif,Sesamum,724,130,0.179558011
Telangana,MAHBUBNAGAR,2010,Kharif,Small millets,448,187,0.417410714
Telangana,MAHBUBNAGAR,2010,Kharif,Soyabean,12,20,1.666666667
Telangana,MAHBUBNAGAR,2010,Kharif,Urad,2205,1365,0.619047619
Telangana,MAHBUBNAGAR,2010,Rabi,Arhar/Tur,208,85,0.408653846
Telangana,MAHBUBNAGAR,2010,Rabi,Bajra,14,10,0.714285714
Telangana,MAHBUBNAGAR,2010,Rabi,Dry chillies,261,780,2.988505747
Telangana,MAHBUBNAGAR,2010,Rabi,Gram,28015,41994,1.498982688
Telangana,MAHBUBNAGAR,2010,Rabi,Groundnut,95131,211762,2.226004142
Telangana,MAHBUBNAGAR,2010,Rabi,Horse-gram,409,165,0.403422983
Telangana,MAHBUBNAGAR,2010,Rabi,Jowar,8515,7025,0.82501468
Telangana,MAHBUBNAGAR,2010,Rabi,Maize,3535,18718,5.295049505
Telangana,MAHBUBNAGAR,2010,Rabi,Onion,1236,23702,19.1763754
Telangana,MAHBUBNAGAR,2010,Rabi,Ragi,274,404,1.474452555
Telangana,MAHBUBNAGAR,2010,Rabi,Rice,66287,185537,2.798995278
Telangana,MAHBUBNAGAR,2010,Rabi,Safflower,894,606,0.677852349
Telangana,MAHBUBNAGAR,2010,Rabi,Urad,128,95,0.7421875
Telangana,MAHBUBNAGAR,2010,Rabi,Wheat,32,42,1.3125
Telangana,MAHBUBNAGAR,2010,Whole Year,Coriander,25,17,0.68
Telangana,MAHBUBNAGAR,2010,Whole Year,Sugarcane,1945,161472,83.01902314
Telangana,MAHBUBNAGAR,2010,Whole Year,Sunflower,10833,7739,0.714391212
Telangana,MAHBUBNAGAR,2010,Whole Year,Tobacco,2597,6229,2.398536773
Telangana,MAHBUBNAGAR,2010,Whole Year,Turmeric,36,242,6.722222222
Telangana,MAHBUBNAGAR,2011,Kharif,Arhar/Tur,121184,20844,0.172002905
Telangana,MAHBUBNAGAR,2011,Kharif,Bajra,2322,1275,0.549095607
Telangana,MAHBUBNAGAR,2011,Kharif,Castor seed,77338,32327,0.417996328
Telangana,MAHBUBNAGAR,2011,Kharif,Cotton(lint),185291,219079,1.182351005
Telangana,MAHBUBNAGAR,2011,Kharif,Cowpea(Lobia),200,18,0.09
Telangana,MAHBUBNAGAR,2011,Kharif,Dry chillies,9986,17745,1.776987783
Telangana,MAHBUBNAGAR,2011,Kharif,Groundnut,14257,14499,1.016974118
Telangana,MAHBUBNAGAR,2011,Kharif,Horse-gram,831,53,0.06377858
Telangana,MAHBUBNAGAR,2011,Kharif,Jowar,26688,22284,0.834982014
Telangana,MAHBUBNAGAR,2011,Kharif,Maize,141454,191812,1.356002658
Telangana,MAHBUBNAGAR,2011,Kharif,Moong(Green Gram),16862,5666,0.336021824
Telangana,MAHBUBNAGAR,2011,Kharif,Onion,4191,47098,11.23789072
Telangana,MAHBUBNAGAR,2011,Kharif,Ragi,1219,1269,1.041017227
Telangana,MAHBUBNAGAR,2011,Kharif,Rice,120826,266609,2.206553225
Telangana,MAHBUBNAGAR,2011,Kharif,Sesamum,589,175,0.297113752
Telangana,MAHBUBNAGAR,2011,Kharif,Small millets,186,123,0.661290323
Telangana,MAHBUBNAGAR,2011,Kharif,Soyabean,2,3,1.5
Telangana,MAHBUBNAGAR,2011,Kharif,Urad,1481,1038,0.700877785
Telangana,MAHBUBNAGAR,2011,Rabi,Bajra,20,11,0.55
Telangana,MAHBUBNAGAR,2011,Rabi,Cowpea(Lobia),41,33,0.804878049
Telangana,MAHBUBNAGAR,2011,Rabi,Dry chillies,115,374,3.252173913
Telangana,MAHBUBNAGAR,2011,Rabi,Gram,26055,3726,0.143005181
Telangana,MAHBUBNAGAR,2011,Rabi,Groundnut,91522,140120,1.530998011
Telangana,MAHBUBNAGAR,2011,Rabi,Horse-gram,480,73,0.152083333
Telangana,MAHBUBNAGAR,2011,Rabi,Jowar,12692,6409,0.504963757
Telangana,MAHBUBNAGAR,2011,Rabi,Maize,4976,23935,4.810088424
Telangana,MAHBUBNAGAR,2011,Rabi,Onion,1750,47784,27.30514286
Telangana,MAHBUBNAGAR,2011,Rabi,Ragi,212,375,1.768867925
Telangana,MAHBUBNAGAR,2011,Rabi,Rice,51242,129950,2.53600562
Telangana,MAHBUBNAGAR,2011,Rabi,Safflower,823,613,0.744835966
Telangana,MAHBUBNAGAR,2011,Rabi,Urad,169,70,0.414201183
Telangana,MAHBUBNAGAR,2011,Rabi,Wheat,14,20,1.428571429
Telangana,MAHBUBNAGAR,2011,Whole Year,Coconut,4,58424,14606
Telangana,MAHBUBNAGAR,2011,Whole Year,Potato,8,80,10
Telangana,MAHBUBNAGAR,2011,Whole Year,Sugarcane,2685,220375,82.07635009
Telangana,MAHBUBNAGAR,2011,Whole Year,Sunflower,6111,2494,0.408116511
Telangana,MAHBUBNAGAR,2011,Whole Year,Tobacco,1828,2734,1.495623632
Telangana,MAHBUBNAGAR,2011,Whole Year,Turmeric,44,241,5.477272727
Telangana,MAHBUBNAGAR,2013,Kharif,Arhar/Tur,116002,54637,0.4710005
Telangana,MAHBUBNAGAR,2013,Kharif,Bajra,3137,2902,0.925087663
Telangana,MAHBUBNAGAR,2013,Kharif,Castor seed,71737,52727,0.735004252
Telangana,MAHBUBNAGAR,2013,Kharif,Cotton(lint),230606,477929,2.072491609
Telangana,MAHBUBNAGAR,2013,Kharif,Cowpea(Lobia),474,228,0.481012658
Telangana,MAHBUBNAGAR,2013,Kharif,Dry chillies,8995,29027,3.227015008
Telangana,MAHBUBNAGAR,2013,Kharif,Groundnut,11039,15168,1.374037503
Telangana,MAHBUBNAGAR,2013,Kharif,Horse-gram,476,296,0.621848739
Telangana,MAHBUBNAGAR,2013,Kharif,Jowar,6829,5709,0.835993557
Telangana,MAHBUBNAGAR,2013,Kharif,Maize,161171,762178,4.729002116
Telangana,MAHBUBNAGAR,2013,Kharif,Moong(Green Gram),11247,5747,0.510980706
Telangana,MAHBUBNAGAR,2013,Kharif,Onion,3289,61850,18.80510794
Telangana,MAHBUBNAGAR,2013,Kharif,Ragi,933,1154,1.236870311
Telangana,MAHBUBNAGAR,2013,Kharif,Rice,103744,301561,2.906780151
Telangana,MAHBUBNAGAR,2013,Kharif,Sesamum,390,89,0.228205128
Telangana,MAHBUBNAGAR,2013,Kharif,Small millets,880,665,0.755681818
Telangana,MAHBUBNAGAR,2013,Kharif,Sugarcane,1927,138000,71.61390763
Telangana,MAHBUBNAGAR,2013,Kharif,Sunflower,1831,1571,0.858001092
Telangana,MAHBUBNAGAR,2013,Kharif,Turmeric,25,127,5.08
Telangana,MAHBUBNAGAR,2013,Kharif,Urad,1016,835,0.821850394
Telangana,MAHBUBNAGAR,2013,Rabi,Castor seed,132,97,0.734848485
Telangana,MAHBUBNAGAR,2013,Rabi,Cowpea(Lobia),81,66,0.814814815
Telangana,MAHBUBNAGAR,2013,Rabi,Dry chillies,36,158,4.388888889
Telangana,MAHBUBNAGAR,2013,Rabi,Gram,24480,45092,1.841993464
Telangana,MAHBUBNAGAR,2013,Rabi,Groundnut,115088,205662,1.786997776
Telangana,MAHBUBNAGAR,2013,Rabi,Horse-gram,632,302,0.477848101
Telangana,MAHBUBNAGAR,2013,Rabi,Jowar,6829,5709,0.835993557
Telangana,MAHBUBNAGAR,2013,Rabi,Maize,4496,24517,5.453069395
Telangana,MAHBUBNAGAR,2013,Rabi,Moong(Green Gram),25,23,0.92
Telangana,MAHBUBNAGAR,2013,Rabi,Onion,1050,35003,33.33619048
Telangana,MAHBUBNAGAR,2013,Rabi,Ragi,184,286,1.554347826
Telangana,MAHBUBNAGAR,2013,Rabi,Rice,64886,177139,2.730003391
Telangana,MAHBUBNAGAR,2013,Rabi,Sunflower,1984,2093,1.054939516
Telangana,MAHBUBNAGAR,2013,Rabi,Tobacco,879,1101,1.252559727
Telangana,MAHBUBNAGAR,2013,Rabi,Urad,44,43,0.977272727
Telangana,MAHBUBNAGAR,2013,Rabi,Wheat,13,8,0.615384615
Telangana,MAHBUBNAGAR,2013,Whole Year,Castor seed,71869,52824,0.735003966
Telangana,MAHBUBNAGAR,2013,Whole Year,Potato,2,29,14.5
Telangana,MAHBUBNAGAR,2013,Whole Year,Safflower,118,83,0.703389831
Telangana,MAHBUBNAGAR,2014,Kharif,Arhar/Tur,100635,45286,0.450002484
Telangana,MAHBUBNAGAR,2014,Kharif,Bajra,1582,1504,0.950695322
Telangana,MAHBUBNAGAR,2014,Kharif,Castor seed,47574,27878,0.585992349
Telangana,MAHBUBNAGAR,2014,Kharif,Cotton(lint),237683,464509,1.954321512
Telangana,MAHBUBNAGAR,2014,Kharif,Cowpea(Lobia),480,253,0.527083333
Telangana,MAHBUBNAGAR,2014,Kharif,Dry chillies,9883,33800,3.420014166
Telangana,MAHBUBNAGAR,2014,Kharif,Ginger,1,8,8
Telangana,MAHBUBNAGAR,2014,Kharif,Groundnut,6335,11384,1.797000789
Telangana,MAHBUBNAGAR,2014,Kharif,Horse-gram,503,261,0.51888668
Telangana,MAHBUBNAGAR,2014,Kharif,Jowar,18420,21625,1.173995657
Telangana,MAHBUBNAGAR,2014,Kharif,Maize,176277,317122,1.798998168
Telangana,MAHBUBNAGAR,2014,Kharif,Moong(Green Gram),4759,1780,0.374028157
Telangana,MAHBUBNAGAR,2014,Kharif,Onion,5102,80300,15.73892591
Telangana,MAHBUBNAGAR,2014,Kharif,Ragi,879,639,0.726962457
Telangana,MAHBUBNAGAR,2014,Kharif,Rice,111302,282357,2.536854684
Telangana,MAHBUBNAGAR,2014,Kharif,Sesamum,747,148,0.198125837
Telangana,MAHBUBNAGAR,2014,Kharif,Small millets,134,85,0.634328358
Telangana,MAHBUBNAGAR,2014,Kharif,Soyabean,4,4,1
Telangana,MAHBUBNAGAR,2014,Kharif,Sugarcane,1320,109160,82.6969697
Telangana,MAHBUBNAGAR,2014,Kharif,Sunflower,1244,1268,1.019292605
Telangana,MAHBUBNAGAR,2014,Kharif,Turmeric,36,179,4.972222222
Telangana,MAHBUBNAGAR,2014,Kharif,Urad,577,379,0.656845754
Telangana,MAHBUBNAGAR,2014,Rabi,Castor seed,422,247,0.585308057
Telangana,MAHBUBNAGAR,2014,Rabi,Cowpea(Lobia),51,50,0.980392157
Telangana,MAHBUBNAGAR,2014,Rabi,Dry chillies,121,496,4.099173554
Telangana,MAHBUBNAGAR,2014,Rabi,Gram,21071,37570,1.783019316
Telangana,MAHBUBNAGAR,2014,Rabi,Groundnut,91063,186588,2.048999045
Telangana,MAHBUBNAGAR,2014,Rabi,Horse-gram,464,177,0.381465517
Telangana,MAHBUBNAGAR,2014,Rabi,Jowar,6337,5792,0.91399716
Telangana,MAHBUBNAGAR,2014,Rabi,Maize,6216,32242,5.186936937
Telangana,MAHBUBNAGAR,2014,Rabi,Moong(Green Gram),78,46,0.58974359
Telangana,MAHBUBNAGAR,2014,Rabi,Onion,907,18882,20.81808159
Telangana,MAHBUBNAGAR,2014,Rabi,Potato,2,27,13.5
Telangana,MAHBUBNAGAR,2014,Rabi,Ragi,206,150,0.72815534
Telangana,MAHBUBNAGAR,2014,Rabi,Rice,49468,135740,2.743996119
Telangana,MAHBUBNAGAR,2014,Rabi,Safflower,300,224,0.746666667
Telangana,MAHBUBNAGAR,2014,Rabi,Sesamum,338,158,0.467455621
Telangana,MAHBUBNAGAR,2014,Rabi,Sunflower,1597,1131,0.70820288
Telangana,MAHBUBNAGAR,2014,Rabi,Tobacco,1154,2258,1.956672444
Telangana,MAHBUBNAGAR,2014,Rabi,Urad,891,362,0.406285073
Telangana,MAHBUBNAGAR,2014,Rabi,Wheat,1,1,1
Telangana,MEDAK,1997,Kharif,Arhar/Tur,10700,100,0.009345794
Telangana,MEDAK,1997,Kharif,Bajra,1700,600,0.352941176
Telangana,MEDAK,1997,Kharif,Castor seed,2200,600,0.272727273
Telangana,MEDAK,1997,Kharif,Cotton(lint),12800,13400,1.046875
Telangana,MEDAK,1997,Kharif,Dry chillies,7700,3300,0.428571429
Telangana,MEDAK,1997,Kharif,Groundnut,2200,1000,0.454545455
Telangana,MEDAK,1997,Kharif,Horse-gram,500,100,0.2
Telangana,MEDAK,1997,Kharif,Jowar,44100,30200,0.684807256
Telangana,MEDAK,1997,Kharif,Maize,68900,149400,2.168359942
Telangana,MEDAK,1997,Kharif,Moong(Green Gram),37400,8100,0.21657754
Telangana,MEDAK,1997,Kharif,Other Kharif pulses,700,100,0.142857143
Telangana,MEDAK,1997,Kharif,Ragi,200,100,0.5
Telangana,MEDAK,1997,Kharif,Rice,47700,83500,1.750524109
Telangana,MEDAK,1997,Kharif,Sugarcane,19100,1315400,68.86910995
Telangana,MEDAK,1997,Kharif,Sunflower,7100,3100,0.436619718
Telangana,MEDAK,1997,Kharif,Tobacco,100,100,1
Telangana,MEDAK,1997,Kharif,Urad,25700,3700,0.143968872
Telangana,MEDAK,1997,Rabi,Dry chillies,1700,3800,2.235294118
Telangana,MEDAK,1997,Rabi,Gram,19800,2400,0.121212121
Telangana,MEDAK,1997,Rabi,Groundnut,5300,4800,0.905660377
Telangana,MEDAK,1997,Rabi,Horse-gram,1200,300,0.25
Telangana,MEDAK,1997,Rabi,Jowar,55600,20800,0.374100719
Telangana,MEDAK,1997,Rabi,Maize,3200,9500,2.96875
Telangana,MEDAK,1997,Rabi,Other  Rabi pulses,600,100,0.166666667
Telangana,MEDAK,1997,Rabi,Rice,25700,51600,2.007782101
Telangana,MEDAK,1997,Rabi,Sesamum,1900,300,0.157894737
Telangana,MEDAK,1997,Rabi,Sunflower,2500,1300,0.52
Telangana,MEDAK,1997,Rabi,Wheat,2800,1700,0.607142857
Telangana,MEDAK,1998,Kharif,Arhar/Tur,18000,6300,0.35
Telangana,MEDAK,1998,Kharif,Bajra,1700,800,0.470588235
Telangana,MEDAK,1998,Kharif,Castor seed,1700,400,0.235294118
Telangana,MEDAK,1998,Kharif,Cotton(lint),22600,32300,1.42920354
Telangana,MEDAK,1998,Kharif,Dry chillies,8800,6000,0.681818182
Telangana,MEDAK,1998,Kharif,Groundnut,2100,2000,0.952380952
Telangana,MEDAK,1998,Kharif,Horse-gram,500,200,0.4
Telangana,MEDAK,1998,Kharif,Jowar,54800,35900,0.655109489
Telangana,MEDAK,1998,Kharif,Maize,77700,270700,3.483912484
Telangana,MEDAK,1998,Kharif,Moong(Green Gram),37800,16600,0.439153439
Telangana,MEDAK,1998,Kharif,Other Kharif pulses,1200,200,0.166666667
Telangana,MEDAK,1998,Kharif,Ragi,200,100,0.5
Telangana,MEDAK,1998,Kharif,Rice,70700,172100,2.434229137
Telangana,MEDAK,1998,Kharif,Sesamum,200,,
Telangana,MEDAK,1998,Kharif,Sunflower,6900,5000,0.724637681
Telangana,MEDAK,1998,Kharif,Urad,23500,3200,0.136170213
Telangana,MEDAK,1998,Rabi,Dry chillies,1200,2800,2.333333333
Telangana,MEDAK,1998,Rabi,Gram,17600,2100,0.119318182
Telangana,MEDAK,1998,Rabi,Groundnut,7700,9900,1.285714286
Telangana,MEDAK,1998,Rabi,Horse-gram,1300,300,0.230769231
Telangana,MEDAK,1998,Rabi,Jowar,46600,29400,0.630901288
Telangana,MEDAK,1998,Rabi,Maize,2400,10000,4.166666667
Telangana,MEDAK,1998,Rabi,Other  Rabi pulses,900,200,0.222222222
Telangana,MEDAK,1998,Rabi,Rice,52100,131400,2.522072937
Telangana,MEDAK,1998,Rabi,Sesamum,3700,700,0.189189189
Telangana,MEDAK,1998,Rabi,Sunflower,3000,900,0.3
Telangana,MEDAK,1998,Rabi,Wheat,3500,2200,0.628571429
Telangana,MEDAK,1998,Whole Year,Sugarcane,16300,1207400,74.07361963
Telangana,MEDAK,1998,Whole Year,Tobacco,200,300,1.5
Telangana,MEDAK,1999,Kharif,Bajra,1471,861,0.585316111
Telangana,MEDAK,1999,Kharif,Castor seed,1417,316,0.223006351
Telangana,MEDAK,1999,Kharif,Cotton(lint),13815,21373,1.5470865
Telangana,MEDAK,1999,Kharif,Groundnut,2728,1972,0.7228739
Telangana,MEDAK,1999,Kharif,Horse-gram,411,113,0.274939173
Telangana,MEDAK,1999,Kharif,Jowar,47644,31636,0.66400806
Telangana,MEDAK,1999,Kharif,Maize,83538,175430,2.100002394
Telangana,MEDAK,1999,Kharif,Masoor,17228,7046,0.408985373
Telangana,MEDAK,1999,Kharif,Moong(Green Gram),40430,26441,0.653994558
Telangana,MEDAK,1999,Kharif,Ragi,89,48,0.539325843
Telangana,MEDAK,1999,Kharif,Rice,78489,159097,2.026997414
Telangana,MEDAK,1999,Kharif,Sesamum,3383,978,0.289092521
Telangana,MEDAK,1999,Kharif,Urad,22796,12629,0.554000702
Telangana,MEDAK,1999,Rabi,Gram,19747,13033,0.659998987
Telangana,MEDAK,1999,Rabi,Groundnut,6266,7294,1.164060006
Telangana,MEDAK,1999,Rabi,Horse-gram,1221,436,0.357084357
Telangana,MEDAK,1999,Rabi,Jowar,43231,25204,0.583007564
Telangana,MEDAK,1999,Rabi,Linseed,1034,85,0.082205029
Telangana,MEDAK,1999,Rabi,Maize,2635,10132,3.84516129
Telangana,MEDAK,1999,Rabi,Masoor,70,29,0.414285714
Telangana,MEDAK,1999,Rabi,Moong(Green Gram),36,12,0.333333333
Telangana,MEDAK,1999,Rabi,Ragi,1,2,2
Telangana,MEDAK,1999,Rabi,Rapeseed &Mustard,11,2,0.181818182
Telangana,MEDAK,1999,Rabi,Rice,34338,63285,1.843001922
Telangana,MEDAK,1999,Rabi,Safflower,4787,3877,0.809901817
Telangana,MEDAK,1999,Rabi,Sesamum,193,28,0.14507772
Telangana,MEDAK,1999,Rabi,Urad,12,4,0.333333333
Telangana,MEDAK,1999,Rabi,Wheat,4052,2824,0.696939783
Telangana,MEDAK,1999,Whole Year,Dry chillies,10045,9923,0.987854654
Telangana,MEDAK,1999,Whole Year,Onion,4396,61053,13.88830755
Telangana,MEDAK,1999,Whole Year,Sugarcane,28327,1883780,66.50121792
Telangana,MEDAK,1999,Whole Year,Tobacco,11,16,1.454545455
Telangana,MEDAK,2000,Kharif,Arhar/Tur,21180,6756,0.31898017
Telangana,MEDAK,2000,Kharif,Bajra,1077,646,0.599814299
Telangana,MEDAK,2000,Kharif,Castor seed,1116,391,0.350358423
Telangana,MEDAK,2000,Kharif,Cotton(lint),10571,17038,1.611768045
Telangana,MEDAK,2000,Kharif,Dry chillies,6989,6661,0.953069109
Telangana,MEDAK,2000,Kharif,Groundnut,2196,1006,0.458105647
Telangana,MEDAK,2000,Kharif,Horse-gram,57,28,0.49122807
Telangana,MEDAK,2000,Kharif,Jowar,49947,48299,0.967005025
Telangana,MEDAK,2000,Kharif,Korra,16,15,0.9375
Telangana,MEDAK,2000,Kharif,Maize,100242,188756,1.883003132
Telangana,MEDAK,2000,Kharif,Mesta,34,300,8.823529412
Telangana,MEDAK,2000,Kharif,Moong(Green Gram),51831,18607,0.358993652
Telangana,MEDAK,2000,Kharif,Onion,1027,9153,8.912366115
Telangana,MEDAK,2000,Kharif,Other Kharif pulses,3240,585,0.180555556
Telangana,MEDAK,2000,Kharif,other misc. pulses,1396,366,0.26217765
Telangana,MEDAK,2000,Kharif,Ragi,74,76,1.027027027
Telangana,MEDAK,2000,Kharif,Rice,85328,214003,2.508004407
Telangana,MEDAK,2000,Kharif,Sesamum,2949,454,0.153950492
Telangana,MEDAK,2000,Kharif,Small millets,16,15,0.9375
Telangana,MEDAK,2000,Kharif,Sunflower,5611,4052,0.722152914
Telangana,MEDAK,2000,Kharif,Urad,28366,8481,0.2989847
Telangana,MEDAK,2000,Rabi,Dry chillies,1424,3292,2.311797753
Telangana,MEDAK,2000,Rabi,Gram,18996,14209,0.747999579
Telangana,MEDAK,2000,Rabi,Groundnut,4320,6960,1.611111111
Telangana,MEDAK,2000,Rabi,Horse-gram,732,143,0.195355191
Telangana,MEDAK,2000,Rabi,Jowar,38215,23846,0.623995813
Telangana,MEDAK,2000,Rabi,Linseed,1106,292,0.264014467
Telangana,MEDAK,2000,Rabi,Maize,2223,10210,4.592892488
Telangana,MEDAK,2000,Rabi,Moong(Green Gram),71,24,0.338028169
Telangana,MEDAK,2000,Rabi,Onion,2310,64387,27.87316017
Telangana,MEDAK,2000,Rabi,Other  Rabi pulses,1224,428,0.349673203
Telangana,MEDAK,2000,Rabi,other misc. pulses,753,212,0.281540505
Telangana,MEDAK,2000,Rabi,Rapeseed &Mustard,5,1,0.2
Telangana,MEDAK,2000,Rabi,Rice,37841,122226,3.229988637
Telangana,MEDAK,2000,Rabi,Safflower,4694,2056,0.438005965
Telangana,MEDAK,2000,Rabi,Sesamum,175,34,0.194285714
Telangana,MEDAK,2000,Rabi,Urad,2,1,0.5
Telangana,MEDAK,2000,Rabi,Wheat,3828,2182,0.570010449
Telangana,MEDAK,2000,Whole Year,Banana,333,6068,18.22222222
Telangana,MEDAK,2000,Whole Year,Cashewnut,22,4,0.181818182
Telangana,MEDAK,2000,Whole Year,Coconut,12,123662,10305.16667
Telangana,MEDAK,2000,Whole Year,Coriander,3418,892,0.260971328
Telangana,MEDAK,2000,Whole Year,Dry ginger,767,2998,3.908735332
Telangana,MEDAK,2000,Whole Year,Potato,1202,4512,3.75374376
Telangana,MEDAK,2000,Whole Year,Sugarcane,38027,2083967,54.80229837
Telangana,MEDAK,2000,Whole Year,Turmeric,2382,11979,5.028967254
Telangana,MEDAK,2001,Kharif,Arhar/Tur,19399,9971,0.513995567
Telangana,MEDAK,2001,Kharif,Bajra,870,406,0.466666667
Telangana,MEDAK,2001,Kharif,Castor seed,1603,471,0.29382408
Telangana,MEDAK,2001,Kharif,Cotton(lint),16399,24791,1.511738521
Telangana,MEDAK,2001,Kharif,Dry chillies,6037,5035,0.834023522
Telangana,MEDAK,2001,Kharif,Groundnut,1753,2261,1.289788933
Telangana,MEDAK,2001,Kharif,Horse-gram,80,29,0.3625
Telangana,MEDAK,2001,Kharif,Jowar,45857,50626,1.103997209
Telangana,MEDAK,2001,Kharif,Korra,23,5,0.217391304
Telangana,MEDAK,2001,Kharif,Maize,89510,206768,2.309998883
Telangana,MEDAK,2001,Kharif,Mesta,33,281,8.515151515
Telangana,MEDAK,2001,Kharif,Moong(Green Gram),59316,26514,0.446995752
Telangana,MEDAK,2001,Kharif,Niger seed,150,63,0.42
Telangana,MEDAK,2001,Kharif,Onion,920,7733,8.405434783
Telangana,MEDAK,2001,Kharif,Other Kharif pulses,2196,346,0.157559199
Telangana,MEDAK,2001,Kharif,Ragi,36,46,1.277777778
Telangana,MEDAK,2001,Kharif,Rice,76008,190704,2.508999053
Telangana,MEDAK,2001,Kharif,Sesamum,2261,441,0.19504644
Telangana,MEDAK,2001,Kharif,Small millets,23,5,0.217391304
Telangana,MEDAK,2001,Kharif,Sunflower,3966,5242,1.321734745
Telangana,MEDAK,2001,Kharif,Urad,28125,13078,0.464995556
Telangana,MEDAK,2001,Rabi,Dry chillies,1749,4818,2.754716981
Telangana,MEDAK,2001,Rabi,Gram,19979,22077,1.105010261
Telangana,MEDAK,2001,Rabi,Groundnut,3602,5374,1.491948917
Telangana,MEDAK,2001,Rabi,Horse-gram,626,207,0.330670927
Telangana,MEDAK,2001,Rabi,Jowar,37449,28124,0.750994686
Telangana,MEDAK,2001,Rabi,Linseed,1000,115,0.115
Telangana,MEDAK,2001,Rabi,Maize,1887,8565,4.538950715
Telangana,MEDAK,2001,Rabi,Moong(Green Gram),102,31,0.303921569
Telangana,MEDAK,2001,Rabi,Onion,2551,62647,24.55782046
Telangana,MEDAK,2001,Rabi,Other  Rabi pulses,1292,289,0.223684211
Telangana,MEDAK,2001,Rabi,Rapeseed &Mustard,5,2,0.4
Telangana,MEDAK,2001,Rabi,Rice,32440,85642,2.64001233
Telangana,MEDAK,2001,Rabi,Safflower,5403,2172,0.40199889
Telangana,MEDAK,2001,Rabi,Sesamum,178,34,0.191011236
Telangana,MEDAK,2001,Rabi,Urad,170,29,0.170588235
Telangana,MEDAK,2001,Rabi,Wheat,3888,2049,0.527006173
Telangana,MEDAK,2001,Whole Year,Banana,527,2160,4.098671727
Telangana,MEDAK,2001,Whole Year,Cashewnut,18,2,0.111111111
Telangana,MEDAK,2001,Whole Year,Coconut,2,22040,11020
Telangana,MEDAK,2001,Whole Year,Coriander,3880,1909,0.492010309
Telangana,MEDAK,2001,Whole Year,Dry ginger,1096,2497,2.278284672
Telangana,MEDAK,2001,Whole Year,Potato,1014,3582,3.532544379
Telangana,MEDAK,2001,Whole Year,Sugarcane,27207,2365132,86.9310104
Telangana,MEDAK,2001,Whole Year,Turmeric,1966,7729,3.931332655
Telangana,MEDAK,2002,Kharif,Arhar/Tur,18894,6122,0.324018207
Telangana,MEDAK,2002,Kharif,Bajra,588,279,0.474489796
Telangana,MEDAK,2002,Kharif,Castor seed,2234,876,0.392121755
Telangana,MEDAK,2002,Kharif,Cotton(lint),6960,8843,1.270545977
Telangana,MEDAK,2002,Kharif,Dry chillies,4948,4354,0.879951496
Telangana,MEDAK,2002,Kharif,Groundnut,714,619,0.866946779
Telangana,MEDAK,2002,Kharif,Horse-gram,17,6,0.352941176
Telangana,MEDAK,2002,Kharif,Jowar,39541,33096,0.837004628
Telangana,MEDAK,2002,Kharif,Maize,86171,197762,2.294994836
Telangana,MEDAK,2002,Kharif,Mesta,13,98,7.538461538
Telangana,MEDAK,2002,Kharif,Moong(Green Gram),70759,22218,0.313995393
Telangana,MEDAK,2002,Kharif,Niger seed,63,24,0.380952381
Telangana,MEDAK,2002,Kharif,Onion,707,3699,5.231966054
Telangana,MEDAK,2002,Kharif,Other Kharif pulses,688,25,0.036337209
Telangana,MEDAK,2002,Kharif,Ragi,22,25,1.136363636
Telangana,MEDAK,2002,Kharif,Rice,59589,125852,2.112000537
Telangana,MEDAK,2002,Kharif,Sesamum,1998,376,0.188188188
Telangana,MEDAK,2002,Kharif,Small millets,7,3,0.428571429
Telangana,MEDAK,2002,Kharif,Sunflower,3611,4545,1.258654112
Telangana,MEDAK,2002,Kharif,Urad,30550,8340,0.27299509
Telangana,MEDAK,2002,Rabi,Arhar/Tur,44,14,0.318181818
Telangana,MEDAK,2002,Rabi,Dry chillies,2505,6227,2.485828343
Telangana,MEDAK,2002,Rabi,Gram,28616,35398,1.23700028
Telangana,MEDAK,2002,Rabi,Groundnut,2524,4344,1.721077655
Telangana,MEDAK,2002,Rabi,Horse-gram,412,52,0.126213592
Telangana,MEDAK,2002,Rabi,Jowar,43035,44844,1.042035552
Telangana,MEDAK,2002,Rabi,Linseed,754,229,0.303713528
Telangana,MEDAK,2002,Rabi,Maize,2860,11543,4.036013986
Telangana,MEDAK,2002,Rabi,Moong(Green Gram),142,36,0.253521127
Telangana,MEDAK,2002,Rabi,Onion,1747,49618,28.40183171
Telangana,MEDAK,2002,Rabi,Other  Rabi pulses,435,120,0.275862069
Telangana,MEDAK,2002,Rabi,other oilseeds,1,1,1
Telangana,MEDAK,2002,Rabi,Rapeseed &Mustard,7,3,0.428571429
Telangana,MEDAK,2002,Rabi,Rice,17738,31183,1.757977224
Telangana,MEDAK,2002,Rabi,Safflower,6635,2309,0.348003014
Telangana,MEDAK,2002,Rabi,Sesamum,194,34,0.175257732
Telangana,MEDAK,2002,Rabi,Small millets,3,,
Telangana,MEDAK,2002,Rabi,Urad,143,33,0.230769231
Telangana,MEDAK,2002,Rabi,Wheat,2854,7820,2.740014015
Telangana,MEDAK,2002,Whole Year,Banana,297,7248,24.4040404
Telangana,MEDAK,2002,Whole Year,Beans & Mutter(Vegetable),1026,1337,1.303118908
Telangana,MEDAK,2002,Whole Year,Bhindi,554,1455,2.626353791
Telangana,MEDAK,2002,Whole Year,Bottle Gourd,54,0,0
Telangana,MEDAK,2002,Whole Year,Brinjal,432,1271,2.94212963
Telangana,MEDAK,2002,Whole Year,Cabbage,20,0,0
Telangana,MEDAK,2002,Whole Year,Cashewnut,15,3,0.2
Telangana,MEDAK,2002,Whole Year,Citrus Fruit,16,69,4.3125
Telangana,MEDAK,2002,Whole Year,Coconut,1,11428,11428
Telangana,MEDAK,2002,Whole Year,Coriander,3162,1322,0.418089817
Telangana,MEDAK,2002,Whole Year,Cucumber,93,0,0
Telangana,MEDAK,2002,Whole Year,Dry ginger,593,970,1.635750422
Telangana,MEDAK,2002,Whole Year,Grapes,91,1753,19.26373626
Telangana,MEDAK,2002,Whole Year,Mango,2725,4264,1.564770642
Telangana,MEDAK,2002,Whole Year,Orange,122,2177,17.8442623
Telangana,MEDAK,2002,Whole Year,Other Fresh Fruits,87,14,0.16091954
Telangana,MEDAK,2002,Whole Year,Other Vegetables,1516,0,0
Telangana,MEDAK,2002,Whole Year,Papaya,13,1696,130.4615385
Telangana,MEDAK,2002,Whole Year,Peas  (vegetable),16,0,0
Telangana,MEDAK,2002,Whole Year,Pome Fruit,445,2478,5.568539326
Telangana,MEDAK,2002,Whole Year,Potato,1281,6935,5.413739266
Telangana,MEDAK,2002,Whole Year,Sugarcane,30902,2239066,72.45699307
Telangana,MEDAK,2002,Whole Year,Tobacco,15,34,2.266666667
Telangana,MEDAK,2002,Whole Year,Tomato,2207,10797,4.892161305
Telangana,MEDAK,2002,Whole Year,Turmeric,1377,6991,5.07697894
Telangana,MEDAK,2003,Kharif,Arhar/Tur,24559,12746,0.518995073
Telangana,MEDAK,2003,Kharif,Bajra,665,406,0.610526316
Telangana,MEDAK,2003,Kharif,Castor seed,6550,3000,0.458015267
Telangana,MEDAK,2003,Kharif,Cotton(lint),5761,13318,2.311751432
Telangana,MEDAK,2003,Kharif,Dry chillies,6395,9381,1.466927287
Telangana,MEDAK,2003,Kharif,Groundnut,384,330,0.859375
Telangana,MEDAK,2003,Kharif,Jowar,36256,29730,0.820002207
Telangana,MEDAK,2003,Kharif,Korra,4,2,0.5
Telangana,MEDAK,2003,Kharif,Maize,109775,204511,1.863001594
Telangana,MEDAK,2003,Kharif,Mesta,78,620,7.948717949
Telangana,MEDAK,2003,Kharif,Moong(Green Gram),81090,60250,0.743001603
Telangana,MEDAK,2003,Kharif,Niger seed,64,25,0.390625
Telangana,MEDAK,2003,Kharif,Onion,782,4379,5.599744246
Telangana,MEDAK,2003,Kharif,Other Kharif pulses,1415,291,0.20565371
Telangana,MEDAK,2003,Kharif,Ragi,4,4,1
Telangana,MEDAK,2003,Kharif,Rice,63923,164218,2.568997075
Telangana,MEDAK,2003,Kharif,Sesamum,2156,619,0.287105751
Telangana,MEDAK,2003,Kharif,Small millets,4,2,0.5
Telangana,MEDAK,2003,Kharif,Soyabean,400,632,1.58
Telangana,MEDAK,2003,Kharif,Sunflower,7855,15357,1.955060471
Telangana,MEDAK,2003,Kharif,Urad,26149,22122,0.845997935
Telangana,MEDAK,2003,Rabi,Arhar/Tur,7,4,0.571428571
Telangana,MEDAK,2003,Rabi,Bajra,9,5,0.555555556
Telangana,MEDAK,2003,Rabi,Dry chillies,1739,5674,3.26279471
Telangana,MEDAK,2003,Rabi,Gram,39571,47248,1.194005711
Telangana,MEDAK,2003,Rabi,Groundnut,4469,6601,1.47706422
Telangana,MEDAK,2003,Rabi,Horse-gram,639,208,0.325508607
Telangana,MEDAK,2003,Rabi,Jowar,35786,27806,0.777007768
Telangana,MEDAK,2003,Rabi,Linseed,586,98,0.167235495
Telangana,MEDAK,2003,Rabi,Maize,2598,11439,4.403002309
Telangana,MEDAK,2003,Rabi,Moong(Green Gram),52,18,0.346153846
Telangana,MEDAK,2003,Rabi,Onion,2769,81265,29.34814012
Telangana,MEDAK,2003,Rabi,Other  Rabi pulses,571,86,0.15061296
Telangana,MEDAK,2003,Rabi,other oilseeds,65,,
Telangana,MEDAK,2003,Rabi,Rapeseed &Mustard,3,1,0.333333333
Telangana,MEDAK,2003,Rabi,Rice,22380,51787,2.313985702
Telangana,MEDAK,2003,Rabi,Safflower,6783,1601,0.236031255
Telangana,MEDAK,2003,Rabi,Sesamum,114,24,0.210526316
Telangana,MEDAK,2003,Rabi,Urad,61,25,0.409836066
Telangana,MEDAK,2003,Rabi,Wheat,3419,2103,0.615092132
Telangana,MEDAK,2003,Whole Year,Banana,121,1694,14
Telangana,MEDAK,2003,Whole Year,Beans & Mutter(Vegetable),1468,8724,5.942779292
Telangana,MEDAK,2003,Whole Year,Bhindi,757,3028,4
Telangana,MEDAK,2003,Whole Year,Bottle Gourd,110,0,0
Telangana,MEDAK,2003,Whole Year,Brinjal,667,8657,12.97901049
Telangana,MEDAK,2003,Whole Year,Cabbage,86,0,0
Telangana,MEDAK,2003,Whole Year,Cashewnut,19,3,0.157894737
Telangana,MEDAK,2003,Whole Year,Citrus Fruit,47,347,7.382978723
Telangana,MEDAK,2003,Whole Year,Coriander,3011,825,0.27399535
Telangana,MEDAK,2003,Whole Year,Cucumber,74,0,0
Telangana,MEDAK,2003,Whole Year,Dry ginger,756,2410,3.187830688
Telangana,MEDAK,2003,Whole Year,Grapes,141,2691,19.08510638
Telangana,MEDAK,2003,Whole Year,Mango,2877,8162,2.836982968
Telangana,MEDAK,2003,Whole Year,Orange,140,766,5.471428571
Telangana,MEDAK,2003,Whole Year,Other Fresh Fruits,117,15,0.128205128
Telangana,MEDAK,2003,Whole Year,Other Vegetables,3157,0,0
Telangana,MEDAK,2003,Whole Year,Papaya,9,817,90.77777778
Telangana,MEDAK,2003,Whole Year,Peas  (vegetable),26,0,0
Telangana,MEDAK,2003,Whole Year,Pome Fruit,363,3852,10.61157025
Telangana,MEDAK,2003,Whole Year,Potato,966,8464,8.761904762
Telangana,MEDAK,2003,Whole Year,Sugarcane,25967,1912677,73.65798899
Telangana,MEDAK,2003,Whole Year,Tobacco,13,28,2.153846154
Telangana,MEDAK,2003,Whole Year,Tomato,2615,18383,7.029827916
Telangana,MEDAK,2003,Whole Year,Turmeric,1176,6176,5.25170068
Telangana,MEDAK,2004,Kharif,Arhar/Tur,23372,10728,0.459010782
Telangana,MEDAK,2004,Kharif,Bajra,338,107,0.316568047
Telangana,MEDAK,2004,Kharif,Castor seed,6921,2603,0.376101719
Telangana,MEDAK,2004,Kharif,Cotton(lint),13733,33363,2.429403626
Telangana,MEDAK,2004,Kharif,Dry chillies,3914,4478,1.144098109
Telangana,MEDAK,2004,Kharif,Groundnut,493,393,0.797160243
Telangana,MEDAK,2004,Kharif,Horse-gram,4,2,0.5
Telangana,MEDAK,2004,Kharif,Jowar,28800,27475,0.953993056
Telangana,MEDAK,2004,Kharif,Maize,111670,223117,1.998003045
Telangana,MEDAK,2004,Kharif,Mesta,21,180,8.571428571
Telangana,MEDAK,2004,Kharif,Moong(Green Gram),47531,7415,0.15600345
Telangana,MEDAK,2004,Kharif,Niger seed,52,20,0.384615385
Telangana,MEDAK,2004,Kharif,Onion,989,9696,9.803842265
Telangana,MEDAK,2004,Kharif,Other Kharif pulses,1648,287,0.174150485
Telangana,MEDAK,2004,Kharif,Rice,49327,95546,1.936991911
Telangana,MEDAK,2004,Kharif,Sesamum,1338,361,0.26980568
Telangana,MEDAK,2004,Kharif,Soyabean,4351,6766,1.555044817
Telangana,MEDAK,2004,Kharif,Sunflower,15660,11117,0.709897829
Telangana,MEDAK,2004,Kharif,Urad,18672,6685,0.358022708
Telangana,MEDAK,2004,Rabi,Dry chillies,1739,5203,2.991949396
Telangana,MEDAK,2004,Rabi,Gram,33836,29742,0.87900461
Telangana,MEDAK,2004,Rabi,Groundnut,2721,4737,1.740904079
Telangana,MEDAK,2004,Rabi,Horse-gram,696,226,0.324712644
Telangana,MEDAK,2004,Rabi,Jowar,30492,25400,0.833005378
Telangana,MEDAK,2004,Rabi,Linseed,684,116,0.169590643
Telangana,MEDAK,2004,Rabi,Maize,2188,4842,2.21297989
Telangana,MEDAK,2004,Rabi,Moong(Green Gram),36,12,0.333333333
Telangana,MEDAK,2004,Rabi,Onion,2672,53656,20.08083832
Telangana,MEDAK,2004,Rabi,Other  Rabi pulses,1284,430,0.334890966
Telangana,MEDAK,2004,Rabi,Rice,13134,28934,2.20298462
Telangana,MEDAK,2004,Rabi,Safflower,7828,3209,0.409938682
Telangana,MEDAK,2004,Rabi,Sesamum,147,57,0.387755102
Telangana,MEDAK,2004,Rabi,Sunflower,12951,9830,0.759014748
Telangana,MEDAK,2004,Rabi,Urad,2,1,0.5
Telangana,MEDAK,2004,Rabi,Wheat,2401,1736,0.72303207
Telangana,MEDAK,2004,Whole Year,Banana,48,1188,24.75
Telangana,MEDAK,2004,Whole Year,Cashewnut,23,8,0.347826087
Telangana,MEDAK,2004,Whole Year,Coconut,1,11789,11789
Telangana,MEDAK,2004,Whole Year,Coriander,2985,1776,0.594974874
Telangana,MEDAK,2004,Whole Year,Dry ginger,768,7238,9.424479167
Telangana,MEDAK,2004,Whole Year,Garlic,187,,
Telangana,MEDAK,2004,Whole Year,Potato,1580,4846,3.067088608
Telangana,MEDAK,2004,Whole Year,Sugarcane,22868,1493601,65.31401959
Telangana,MEDAK,2004,Whole Year,Tobacco,13,20,1.538461538
Telangana,MEDAK,2004,Whole Year,Turmeric,1382,8799,6.366859624
Telangana,MEDAK,2005,Kharif,Arhar/Tur,24042,6131,0.255012062
Telangana,MEDAK,2005,Kharif,Bajra,613,389,0.634584013
Telangana,MEDAK,2005,Kharif,Castor seed,5073,1938,0.382022472
Telangana,MEDAK,2005,Kharif,Cotton(lint),15994,41208,2.576466175
Telangana,MEDAK,2005,Kharif,Dry chillies,4320,5154,1.193055556
Telangana,MEDAK,2005,Kharif,Groundnut,429,549,1.27972028
Telangana,MEDAK,2005,Kharif,Jowar,27940,40513,1.45
Telangana,MEDAK,2005,Kharif,Maize,118800,337511,2.841001684
Telangana,MEDAK,2005,Kharif,Mesta,24,219,9.125
Telangana,MEDAK,2005,Kharif,Moong(Green Gram),42047,11395,0.271006255
Telangana,MEDAK,2005,Kharif,Onion,838,4068,4.854415274
Telangana,MEDAK,2005,Kharif,Other Kharif pulses,1293,443,0.342614076
Telangana,MEDAK,2005,Kharif,Ragi,7,11,1.571428571
Telangana,MEDAK,2005,Kharif,Rice,59452,171519,2.884999664
Telangana,MEDAK,2005,Kharif,Sesamum,1614,392,0.242874845
Telangana,MEDAK,2005,Kharif,Small millets,1,,
Telangana,MEDAK,2005,Kharif,Soyabean,2964,5928,2
Telangana,MEDAK,2005,Kharif,Urad,18293,4884,0.266987372
Telangana,MEDAK,2005,Rabi,Bajra,2,1,0.5
Telangana,MEDAK,2005,Rabi,Dry chillies,1583,4757,3.005053696
Telangana,MEDAK,2005,Rabi,Gram,33424,41011,1.22699258
Telangana,MEDAK,2005,Rabi,Groundnut,2246,3299,1.468833482
Telangana,MEDAK,2005,Rabi,Horse-gram,568,146,0.257042254
Telangana,MEDAK,2005,Rabi,Jowar,25949,23406,0.902000077
Telangana,MEDAK,2005,Rabi,Linseed,707,264,0.373408769
Telangana,MEDAK,2005,Rabi,Maize,1940,5907,3.044845361
Telangana,MEDAK,2005,Rabi,Moong(Green Gram),31,17,0.548387097
Telangana,MEDAK,2005,Rabi,Onion,3283,65532,19.96101127
Telangana,MEDAK,2005,Rabi,Other  Rabi pulses,833,338,0.405762305
Telangana,MEDAK,2005,Rabi,Rice,25821,75810,2.93598234
Telangana,MEDAK,2005,Rabi,Safflower,7942,2883,0.363006799
Telangana,MEDAK,2005,Rabi,Sesamum,146,54,0.369863014
Telangana,MEDAK,2005,Rabi,Wheat,2438,4193,1.719852338
Telangana,MEDAK,2005,Whole Year,Banana,4,84,21
Telangana,MEDAK,2005,Whole Year,Cashewnut,21,7,0.333333333
Telangana,MEDAK,2005,Whole Year,Coconut,1,8702,8702
Telangana,MEDAK,2005,Whole Year,Coriander,2362,810,0.342929721
Telangana,MEDAK,2005,Whole Year,Dry ginger,1068,12663,11.85674157
Telangana,MEDAK,2005,Whole Year,Garlic,276,,
Telangana,MEDAK,2005,Whole Year,Potato,1658,13965,8.422798552
Telangana,MEDAK,2005,Whole Year,Sugarcane,27111,2435598,89.83799934
Telangana,MEDAK,2005,Whole Year,Sunflower,14759,17772,1.204146622
Telangana,MEDAK,2005,Whole Year,Tobacco,20,38,1.9
Telangana,MEDAK,2005,Whole Year,Turmeric,1532,11672,7.618798956
Telangana,MEDAK,2006,Kharif,Arhar/Tur,23958,8218,0.343016946
Telangana,MEDAK,2006,Kharif,Bajra,508,179,0.352362205
Telangana,MEDAK,2006,Kharif,Castor seed,2453,1043,0.42519364
Telangana,MEDAK,2006,Kharif,Cotton(lint),19247,51401,2.670598015
Telangana,MEDAK,2006,Kharif,Dry chillies,3597,2180,0.606060606
Telangana,MEDAK,2006,Kharif,Groundnut,362,236,0.651933702
Telangana,MEDAK,2006,Kharif,Horse-gram,8,4,0.5
Telangana,MEDAK,2006,Kharif,Jowar,26530,22948,0.864983038
Telangana,MEDAK,2006,Kharif,Maize,101937,155250,1.5229995
Telangana,MEDAK,2006,Kharif,Moong(Green Gram),48484,17794,0.367007673
Telangana,MEDAK,2006,Kharif,Onion,736,6006,8.160326087
Telangana,MEDAK,2006,Kharif,Other Kharif pulses,898,495,0.551224944
Telangana,MEDAK,2006,Kharif,Ragi,6,9,1.5
Telangana,MEDAK,2006,Kharif,Rice,63532,166136,2.614997167
Telangana,MEDAK,2006,Kharif,Sesamum,1340,252,0.188059701
Telangana,MEDAK,2006,Kharif,Small millets,4,2,0.5
Telangana,MEDAK,2006,Kharif,Soyabean,990,788,0.795959596
Telangana,MEDAK,2006,Kharif,Urad,21854,4655,0.213004484
Telangana,MEDAK,2006,Rabi,Dry chillies,1287,4202,3.264957265
Telangana,MEDAK,2006,Rabi,Gram,37501,43989,1.17300872
Telangana,MEDAK,2006,Rabi,Groundnut,1861,3575,1.92101021
Telangana,MEDAK,2006,Rabi,Horse-gram,554,158,0.285198556
Telangana,MEDAK,2006,Rabi,Jowar,22256,20743,0.932018332
Telangana,MEDAK,2006,Rabi,Linseed,637,175,0.274725275
Telangana,MEDAK,2006,Rabi,Maize,2321,6745,2.906074968
Telangana,MEDAK,2006,Rabi,Moong(Green Gram),20,17,0.85
Telangana,MEDAK,2006,Rabi,Onion,2394,57197,23.89181287
Telangana,MEDAK,2006,Rabi,Other  Rabi pulses,997,383,0.384152457
Telangana,MEDAK,2006,Rabi,Rapeseed &Mustard,4,2,0.5
Telangana,MEDAK,2006,Rabi,Rice,38446,109110,2.838006555
Telangana,MEDAK,2006,Rabi,Safflower,8289,5620,0.678006997
Telangana,MEDAK,2006,Rabi,Sesamum,154,50,0.324675325
Telangana,MEDAK,2006,Rabi,Urad,5,5,1
Telangana,MEDAK,2006,Rabi,Wheat,2927,3404,1.162965494
Telangana,MEDAK,2006,Whole Year,Banana,525,12780,24.34285714
Telangana,MEDAK,2006,Whole Year,Cashewnut,20,4,0.2
Telangana,MEDAK,2006,Whole Year,Coconut,1,13017,13017
Telangana,MEDAK,2006,Whole Year,Coriander,1745,1026,0.587965616
Telangana,MEDAK,2006,Whole Year,Dry ginger,1320,6919,5.241666667
Telangana,MEDAK,2006,Whole Year,Potato,1914,28966,15.13375131
Telangana,MEDAK,2006,Whole Year,Sugarcane,30433,2538903,83.42598495
Telangana,MEDAK,2006,Whole Year,Sunflower,12993,15754,1.212499038
Telangana,MEDAK,2006,Whole Year,Tobacco,28,87,3.107142857
Telangana,MEDAK,2006,Whole Year,Turmeric,1774,7387,4.164036077
Telangana,MEDAK,2007,Kharif,Arhar/Tur,24000,12000,0.5
Telangana,MEDAK,2007,Kharif,Bajra,1000,1000,1
Telangana,MEDAK,2007,Kharif,Castor seed,2000,1000,0.5
Telangana,MEDAK,2007,Kharif,Cotton(lint),29000,101000,3.482758621
Telangana,MEDAK,2007,Kharif,Dry chillies,3000,3000,1
Telangana,MEDAK,2007,Kharif,Jowar,26000,35000,1.346153846
Telangana,MEDAK,2007,Kharif,Maize,98000,418000,4.265306122
Telangana,MEDAK,2007,Kharif,Moong(Green Gram),53000,46000,0.867924528
Telangana,MEDAK,2007,Kharif,Onion,1000,4000,4
Telangana,MEDAK,2007,Kharif,Rice,58000,164000,2.827586207
Telangana,MEDAK,2007,Kharif,Sesamum,1000,,
Telangana,MEDAK,2007,Kharif,Sunflower,1000,1000,1
Telangana,MEDAK,2007,Kharif,Urad,21000,15000,0.714285714
Telangana,MEDAK,2007,Rabi,Dry chillies,1000,4000,4
Telangana,MEDAK,2007,Rabi,Gram,38000,37000,0.973684211
Telangana,MEDAK,2007,Rabi,Groundnut,2000,4000,2
Telangana,MEDAK,2007,Rabi,Jowar,19000,20000,1.052631579
Telangana,MEDAK,2007,Rabi,Maize,3000,11000,3.666666667
Telangana,MEDAK,2007,Rabi,Onion,4000,98000,24.5
Telangana,MEDAK,2007,Rabi,Rice,35000,118000,3.371428571
Telangana,MEDAK,2007,Rabi,Sunflower,18000,28000,1.555555556
Telangana,MEDAK,2007,Rabi,Wheat,4000,4000,1
Telangana,MEDAK,2007,Whole Year,Sugarcane,33000,2645000,80.15151515
Telangana,MEDAK,2008,Kharif,Arhar/Tur,24584,14431,0.58700781
Telangana,MEDAK,2008,Kharif,Bajra,739,469,0.634641407
Telangana,MEDAK,2008,Kharif,Castor seed,1480,686,0.463513514
Telangana,MEDAK,2008,Kharif,Cotton(lint),49124,117609,2.394125071
Telangana,MEDAK,2008,Kharif,Dry chillies,2851,1867,0.654857945
Telangana,MEDAK,2008,Kharif,Groundnut,169,128,0.75739645
Telangana,MEDAK,2008,Kharif,Jowar,22629,26363,1.165009501
Telangana,MEDAK,2008,Kharif,Maize,82485,193097,2.340995332
Telangana,MEDAK,2008,Kharif,Moong(Green Gram),50020,18808,0.376009596
Telangana,MEDAK,2008,Kharif,Onion,486,2755,5.66872428
Telangana,MEDAK,2008,Kharif,Other Kharif pulses,27,14,0.518518519
Telangana,MEDAK,2008,Kharif,Ragi,1,1,1
Telangana,MEDAK,2008,Kharif,Rice,78658,206477,2.624996822
Telangana,MEDAK,2008,Kharif,Sesamum,975,237,0.243076923
Telangana,MEDAK,2008,Kharif,Soyabean,1270,1580,1.244094488
Telangana,MEDAK,2008,Kharif,Urad,20010,8224,0.410994503
Telangana,MEDAK,2008,Rabi,Dry chillies,1039,4088,3.934552454
Telangana,MEDAK,2008,Rabi,Gram,36022,36058,1.000999389
Telangana,MEDAK,2008,Rabi,Groundnut,1654,3429,2.073155985
Telangana,MEDAK,2008,Rabi,Horse-gram,226,94,0.415929204
Telangana,MEDAK,2008,Rabi,Jowar,15895,14035,0.88298207
Telangana,MEDAK,2008,Rabi,Linseed,357,134,0.37535014
Telangana,MEDAK,2008,Rabi,Maize,4519,15184,3.360035406
Telangana,MEDAK,2008,Rabi,Moong(Green Gram),33,29,0.878787879
Telangana,MEDAK,2008,Rabi,Onion,3542,72859,20.57001694
Telangana,MEDAK,2008,Rabi,Other  Rabi pulses,75,3,0.04
Telangana,MEDAK,2008,Rabi,Rice,45254,150967,3.335992398
Telangana,MEDAK,2008,Rabi,Safflower,6994,3049,0.435945096
Telangana,MEDAK,2008,Rabi,Sesamum,73,18,0.246575342
Telangana,MEDAK,2008,Rabi,Wheat,3080,3865,1.25487013
Telangana,MEDAK,2008,Whole Year,Banana,552,14057,25.46557971
Telangana,MEDAK,2008,Whole Year,Coriander,1195,699,0.584937238
Telangana,MEDAK,2008,Whole Year,Dry ginger,1237,8751,7.074373484
Telangana,MEDAK,2008,Whole Year,Potato,3246,31856,9.813924831
Telangana,MEDAK,2008,Whole Year,Sugarcane,26002,2073360,79.73848166
Telangana,MEDAK,2008,Whole Year,Sunflower,15637,28187,1.802583616
Telangana,MEDAK,2008,Whole Year,Tobacco,37,130,3.513513514
Telangana,MEDAK,2008,Whole Year,Turmeric,1872,5594,2.988247863
Telangana,MEDAK,2009,Kharif,Arhar/Tur,25186,6372,0.252997697
Telangana,MEDAK,2009,Kharif,Bajra,266,129,0.484962406
Telangana,MEDAK,2009,Kharif,Castor seed,583,230,0.394511149
Telangana,MEDAK,2009,Kharif,Cotton(lint),66019,53980,0.817643406
Telangana,MEDAK,2009,Kharif,Dry chillies,1450,1527,1.053103448
Telangana,MEDAK,2009,Kharif,Groundnut,124,44,0.35483871
Telangana,MEDAK,2009,Kharif,Jowar,19329,11230,0.580992291
Telangana,MEDAK,2009,Kharif,Maize,105157,100635,0.956997632
Telangana,MEDAK,2009,Kharif,Moong(Green Gram),55365,886,0.01600289
Telangana,MEDAK,2009,Kharif,Onion,233,1743,7.480686695
Telangana,MEDAK,2009,Kharif,Rice,49470,133272,2.693996361
Telangana,MEDAK,2009,Kharif,Sesamum,685,70,0.102189781
Telangana,MEDAK,2009,Kharif,Soyabean,4366,947,0.216903344
Telangana,MEDAK,2009,Kharif,Urad,23743,,
Telangana,MEDAK,2009,Rabi,Arhar/Tur,694,176,0.253602305
Telangana,MEDAK,2009,Rabi,Dry chillies,967,3656,3.780765253
Telangana,MEDAK,2009,Rabi,Gram,44632,54005,1.210006274
Telangana,MEDAK,2009,Rabi,Groundnut,2069,3749,1.811986467
Telangana,MEDAK,2009,Rabi,Horse-gram,105,31,0.295238095
Telangana,MEDAK,2009,Rabi,Jowar,17432,21511,1.233994952
Telangana,MEDAK,2009,Rabi,Linseed,571,84,0.147110333
Telangana,MEDAK,2009,Rabi,Maize,5920,19489,3.292060811
Telangana,MEDAK,2009,Rabi,Moong(Green Gram),115,53,0.460869565
Telangana,MEDAK,2009,Rabi,Onion,3156,63259,20.04404309
Telangana,MEDAK,2009,Rabi,Other  Rabi pulses,142,69,0.485915493
Telangana,MEDAK,2009,Rabi,Rapeseed &Mustard,47,28,0.595744681
Telangana,MEDAK,2009,Rabi,Rice,33645,99421,2.955000743
Telangana,MEDAK,2009,Rabi,Safflower,6696,2839,0.423984468
Telangana,MEDAK,2009,Rabi,Sesamum,146,48,0.328767123
Telangana,MEDAK,2009,Rabi,Urad,3,2,0.666666667
Telangana,MEDAK,2009,Rabi,Wheat,2948,2574,0.873134328
Telangana,MEDAK,2009,Whole Year,Banana,798,24058,30.14786967
Telangana,MEDAK,2009,Whole Year,Coriander,1718,830,0.483119907
Telangana,MEDAK,2009,Whole Year,Dry ginger,1641,14725,8.973187081
Telangana,MEDAK,2009,Whole Year,Garlic,359,1305,3.635097493
Telangana,MEDAK,2009,Whole Year,Potato,3270,40398,12.35412844
Telangana,MEDAK,2009,Whole Year,Sugarcane,17127,1398756,81.66964442
Telangana,MEDAK,2009,Whole Year,Sunflower,14820,20154,1.359919028
Telangana,MEDAK,2009,Whole Year,Tobacco,79,150,1.898734177
Telangana,MEDAK,2009,Whole Year,Turmeric,1384,4198,3.033236994
Telangana,MEDAK,2010,Kharif,Arhar/Tur,29766,20836,0.699993281
Telangana,MEDAK,2010,Kharif,Bajra,406,294,0.724137931
Telangana,MEDAK,2010,Kharif,Castor seed,732,358,0.489071038
Telangana,MEDAK,2010,Kharif,Cotton(lint),78392,127733,1.629413716
Telangana,MEDAK,2010,Kharif,Dry chillies,1490,1490,1
Telangana,MEDAK,2010,Kharif,Groundnut,107,69,0.644859813
Telangana,MEDAK,2010,Kharif,Jowar,21232,24162,1.137999246
Telangana,MEDAK,2010,Kharif,Maize,94032,332403,3.534998724
Telangana,MEDAK,2010,Kharif,Moong(Green Gram),50039,35027,0.699994005
Telangana,MEDAK,2010,Kharif,Onion,342,2831,8.277777778
Telangana,MEDAK,2010,Kharif,Ragi,2,2,1
Telangana,MEDAK,2010,Kharif,Rice,81914,285893,3.490160412
Telangana,MEDAK,2010,Kharif,Sesamum,647,116,0.179289026
Telangana,MEDAK,2010,Kharif,Soyabean,3810,3791,0.995013123
Telangana,MEDAK,2010,Kharif,Urad,22987,16941,0.736981772
Telangana,MEDAK,2010,Rabi,Arhar/Tur,17,12,0.705882353
Telangana,MEDAK,2010,Rabi,Dry chillies,1181,3531,2.989839119
Telangana,MEDAK,2010,Rabi,Gram,35000,41090,1.174
Telangana,MEDAK,2010,Rabi,Groundnut,1224,1980,1.617647059
Telangana,MEDAK,2010,Rabi,Horse-gram,306,124,0.405228758
Telangana,MEDAK,2010,Rabi,Jowar,16025,17531,1.093978159
Telangana,MEDAK,2010,Rabi,Linseed,545,141,0.258715596
Telangana,MEDAK,2010,Rabi,Maize,6100,21844,3.580983607
Telangana,MEDAK,2010,Rabi,Moong(Green Gram),34,19,0.558823529
Telangana,MEDAK,2010,Rabi,Onion,4337,69908,16.11897625
Telangana,MEDAK,2010,Rabi,Other  Rabi pulses,226,122,0.539823009
Telangana,MEDAK,2010,Rabi,Rapeseed &Mustard,2,5,2.5
Telangana,MEDAK,2010,Rabi,Rice,62644,229026,3.655992593
Telangana,MEDAK,2010,Rabi,Safflower,6110,4143,0.67806874
Telangana,MEDAK,2010,Rabi,Sesamum,105,35,0.333333333
Telangana,MEDAK,2010,Rabi,Wheat,2758,3594,1.303118202
Telangana,MEDAK,2010,Whole Year,Banana,727,23713,32.6176066
Telangana,MEDAK,2010,Whole Year,Coriander,1116,610,0.546594982
Telangana,MEDAK,2010,Whole Year,Dry ginger,1561,18549,11.88276746
Telangana,MEDAK,2010,Whole Year,Garlic,313,765,2.444089457
Telangana,MEDAK,2010,Whole Year,Ginger,1561,18549,11.88276746
Telangana,MEDAK,2010,Whole Year,Potato,3827,44424,11.60804808
Telangana,MEDAK,2010,Whole Year,Sugarcane,23128,1720994,74.41170875
Telangana,MEDAK,2010,Whole Year,Sunflower,8362,12464,1.490552499
Telangana,MEDAK,2010,Whole Year,Tobacco,52,135,2.596153846
Telangana,MEDAK,2010,Whole Year,Turmeric,1216,3416,2.809210526
Telangana,MEDAK,2011,Kharif,Arhar/Tur,31168,11875,0.380999743
Telangana,MEDAK,2011,Kharif,Bajra,323,202,0.625386997
Telangana,MEDAK,2011,Kharif,Castor seed,634,247,0.389589905
Telangana,MEDAK,2011,Kharif,Cotton(lint),93076,163157,1.752943831
Telangana,MEDAK,2011,Kharif,Cowpea(Lobia),704,167,0.237215909
Telangana,MEDAK,2011,Kharif,Dry chillies,1492,1771,1.186997319
Telangana,MEDAK,2011,Kharif,Groundnut,30,22,0.733333333
Telangana,MEDAK,2011,Kharif,Jowar,15748,23433,1.487998476
Telangana,MEDAK,2011,Kharif,Maize,104876,292289,2.786996072
Telangana,MEDAK,2011,Kharif,Moong(Green Gram),33676,24482,0.726986578
Telangana,MEDAK,2011,Kharif,Onion,438,4942,11.28310502
Telangana,MEDAK,2011,Kharif,Other Kharif pulses,135,45,0.333333333
Telangana,MEDAK,2011,Kharif,Ragi,6,7,1.166666667
Telangana,MEDAK,2011,Kharif,Rice,90400,285575,3.159015487
Telangana,MEDAK,2011,Kharif,Sesamum,463,138,0.298056156
Telangana,MEDAK,2011,Kharif,Soyabean,6244,7237,1.159032671
Telangana,MEDAK,2011,Kharif,Urad,18883,13992,0.740983954
Telangana,MEDAK,2011,Rabi,Arhar/Tur,11,4,0.363636364
Telangana,MEDAK,2011,Rabi,Cowpea(Lobia),664,529,0.796686747
Telangana,MEDAK,2011,Rabi,Dry chillies,335,1090,3.253731343
Telangana,MEDAK,2011,Rabi,Gram,27027,29054,1.074999075
Telangana,MEDAK,2011,Rabi,Groundnut,1150,959,0.833913043
Telangana,MEDAK,2011,Rabi,Horse-gram,298,46,0.154362416
Telangana,MEDAK,2011,Rabi,Jowar,13021,15156,1.163965901
Telangana,MEDAK,2011,Rabi,Linseed,383,82,0.214099217
Telangana,MEDAK,2011,Rabi,Maize,11819,49793,4.21296218
Telangana,MEDAK,2011,Rabi,Onion,4283,130105,30.37707215
Telangana,MEDAK,2011,Rabi,Other  Rabi pulses,155,94,0.606451613
Telangana,MEDAK,2011,Rabi,Rice,46632,121383,2.602997941
Telangana,MEDAK,2011,Rabi,Safflower,6214,4536,0.729964596
Telangana,MEDAK,2011,Rabi,Sesamum,61,22,0.360655738
Telangana,MEDAK,2011,Rabi,Wheat,2539,3405,1.341079165
Telangana,MEDAK,2011,Whole Year,Banana,381,14161,37.167979
Telangana,MEDAK,2011,Whole Year,Coriander,1096,619,0.564781022
Telangana,MEDAK,2011,Whole Year,Dry ginger,1417,17056,12.03669725
Telangana,MEDAK,2011,Whole Year,Garlic,161,361,2.242236025
Telangana,MEDAK,2011,Whole Year,Potato,4297,38853,9.04188969
Telangana,MEDAK,2011,Whole Year,Sugarcane,25205,2215424,87.89621107
Telangana,MEDAK,2011,Whole Year,Sunflower,9725,11253,1.157120823
Telangana,MEDAK,2011,Whole Year,Tobacco,12,18,1.5
Telangana,MEDAK,2011,Whole Year,Turmeric,2091,6566,3.140124342
Telangana,MEDAK,2013,Kharif,Arhar/Tur,26772,15447,0.576983416
Telangana,MEDAK,2013,Kharif,Bajra,232,219,0.943965517
Telangana,MEDAK,2013,Kharif,Banana,545,16973,31.14311927
Telangana,MEDAK,2013,Kharif,Castor seed,172,122,0.709302326
Telangana,MEDAK,2013,Kharif,Cotton(lint),122299,299547,2.449300485
Telangana,MEDAK,2013,Kharif,Cowpea(Lobia),581,501,0.862306368
Telangana,MEDAK,2013,Kharif,Dry chillies,358,286,0.798882682
Telangana,MEDAK,2013,Kharif,Ginger,1713,12346,7.207238762
Telangana,MEDAK,2013,Kharif,Groundnut,56,50,0.892857143
Telangana,MEDAK,2013,Kharif,Jowar,7584,7705,1.015954641
Telangana,MEDAK,2013,Kharif,Maize,125391,458931,3.659999521
Telangana,MEDAK,2013,Kharif,Mesta,18,165,9.166666667
Telangana,MEDAK,2013,Kharif,Moong(Green Gram),23737,15904,0.670008847
Telangana,MEDAK,2013,Kharif,Onion,256,4814,18.8046875
Telangana,MEDAK,2013,Kharif,Other Kharif pulses,55,33,0.6
Telangana,MEDAK,2013,Kharif,other oilseeds,32,55,1.71875
Telangana,MEDAK,2013,Kharif,Ragi,10,14,1.4
Telangana,MEDAK,2013,Kharif,Rice,108639,393985,3.626552159
Telangana,MEDAK,2013,Kharif,Sesamum,162,37,0.228395062
Telangana,MEDAK,2013,Kharif,Sugarcane,21419,1857006,86.69900556
Telangana,MEDAK,2013,Kharif,Sunflower,198,170,0.858585859
Telangana,MEDAK,2013,Kharif,Turmeric,1385,3974,2.869314079
Telangana,MEDAK,2013,Kharif,Urad,13172,10077,0.765031886
Telangana,MEDAK,2013,Rabi,Castor seed,1216,860,0.707236842
Telangana,MEDAK,2013,Rabi,Cowpea(Lobia),623,510,0.818619583
Telangana,MEDAK,2013,Rabi,Gram,19883,31554,1.586983856
Telangana,MEDAK,2013,Rabi,Groundnut,1399,1792,1.280914939
Telangana,MEDAK,2013,Rabi,Horse-gram,302,144,0.476821192
Telangana,MEDAK,2013,Rabi,Jowar,7584,7705,1.015954641
Telangana,MEDAK,2013,Rabi,Linseed,111,54,0.486486486
Telangana,MEDAK,2013,Rabi,Maize,17990,74479,4.140022235
Telangana,MEDAK,2013,Rabi,Masoor,382,196,0.513089005
Telangana,MEDAK,2013,Rabi,Moong(Green Gram),1,1,1
Telangana,MEDAK,2013,Rabi,Onion,3722,165729,44.52686728
Telangana,MEDAK,2013,Rabi,Rapeseed &Mustard,4,3,0.75
Telangana,MEDAK,2013,Rabi,Rice,62331,230500,3.69799939
Telangana,MEDAK,2013,Rabi,Sesamum,108,43,0.398148148
Telangana,MEDAK,2013,Rabi,Sunflower,7354,9244,1.257002992
Telangana,MEDAK,2013,Rabi,Tobacco,37,46,1.243243243
Telangana,MEDAK,2013,Rabi,Wheat,2118,1711,0.807837583
Telangana,MEDAK,2013,Whole Year,Castor seed,1388,982,0.707492795
Telangana,MEDAK,2013,Whole Year,Coriander,471,337,0.715498938
Telangana,MEDAK,2013,Whole Year,Dry ginger,1713,12346,7.207238762
Telangana,MEDAK,2013,Whole Year,Potato,2997,38830,12.95628962
Telangana,MEDAK,2013,Whole Year,Safflower,3915,2388,0.609961686
Telangana,MEDAK,2013,Whole Year,Soyabean,15597,21758,1.395011861
Telangana,MEDAK,2014,Kharif,Arhar/Tur,22001,6996,0.317985546
Telangana,MEDAK,2014,Kharif,Bajra,294,275,0.93537415
Telangana,MEDAK,2014,Kharif,Banana,904,37703,41.70685841
Telangana,MEDAK,2014,Kharif,Castor seed,423,244,0.576832151
Telangana,MEDAK,2014,Kharif,Cotton(lint),133703,233587,1.74705878
Telangana,MEDAK,2014,Kharif,Cowpea(Lobia),473,505,1.067653277
Telangana,MEDAK,2014,Kharif,Dry chillies,291,134,0.4604811
Telangana,MEDAK,2014,Kharif,Ginger,2164,16373,7.566081331
Telangana,MEDAK,2014,Kharif,Groundnut,35,31,0.885714286
Telangana,MEDAK,2014,Kharif,Jowar,7006,7714,1.101056238
Telangana,MEDAK,2014,Kharif,Maize,110476,170464,1.542995764
Telangana,MEDAK,2014,Kharif,Moong(Green Gram),14940,8232,0.551004016
Telangana,MEDAK,2014,Kharif,Onion,148,2301,15.5472973
Telangana,MEDAK,2014,Kharif,Other Kharif pulses,39,36,0.923076923
Telangana,MEDAK,2014,Kharif,other oilseeds,36,47,1.305555556
Telangana,MEDAK,2014,Kharif,Ragi,5,6,1.2
Telangana,MEDAK,2014,Kharif,Rice,73983,234342,3.167511455
Telangana,MEDAK,2014,Kharif,Sesamum,364,72,0.197802198
Telangana,MEDAK,2014,Kharif,Soyabean,24550,22261,0.906761711
Telangana,MEDAK,2014,Kharif,Sugarcane,22076,1997436,90.47997826
Telangana,MEDAK,2014,Kharif,Sunflower,102,104,1.019607843
Telangana,MEDAK,2014,Kharif,Turmeric,1566,3715,2.372286079
Telangana,MEDAK,2014,Kharif,Urad,8255,5069,0.61405209
Telangana,MEDAK,2014,Rabi,Bajra,9,8,0.888888889
Telangana,MEDAK,2014,Rabi,Castor seed,563,325,0.577264654
Telangana,MEDAK,2014,Rabi,Cowpea(Lobia),494,556,1.125506073
Telangana,MEDAK,2014,Rabi,Gram,10104,10902,1.078978622
Telangana,MEDAK,2014,Rabi,Groundnut,771,922,1.195849546
Telangana,MEDAK,2014,Rabi,Horse-gram,273,104,0.380952381
Telangana,MEDAK,2014,Rabi,Jowar,5027,5022,0.999005371
Telangana,MEDAK,2014,Rabi,Maize,17149,56043,3.268003965
Telangana,MEDAK,2014,Rabi,Masoor,54,21,0.388888889
Telangana,MEDAK,2014,Rabi,Moong(Green Gram),57,34,0.596491228
Telangana,MEDAK,2014,Rabi,Onion,2543,68536,26.95084546
Telangana,MEDAK,2014,Rabi,Potato,2408,28990,12.03903654
Telangana,MEDAK,2014,Rabi,Rice,36910,128742,3.487997833
Telangana,MEDAK,2014,Rabi,Safflower,1561,846,0.541960282
Telangana,MEDAK,2014,Rabi,Sesamum,246,115,0.467479675
Telangana,MEDAK,2014,Rabi,Sunflower,7144,12445,1.742021277
Telangana,MEDAK,2014,Rabi,Tobacco,22,43,1.954545455
Telangana,MEDAK,2014,Rabi,Urad,29,12,0.413793103
Telangana,MEDAK,2014,Rabi,Wheat,1246,933,0.748796148
Telangana,MEDAK,2014,Whole Year,Coriander,288,69,0.239583333
Telangana,MEDAK,2014,Whole Year,Linseed,45,18,0.4
Telangana,NALGONDA,1997,Kharif,Arhar/Tur,26100,2800,0.107279693
Telangana,NALGONDA,1997,Kharif,Bajra,17300,6600,0.38150289
Telangana,NALGONDA,1997,Kharif,Castor seed,74000,20300,0.274324324
Telangana,NALGONDA,1997,Kharif,Cotton(lint),51400,65300,1.270428016
Telangana,NALGONDA,1997,Kharif,Dry chillies,3500,7200,2.057142857
Telangana,NALGONDA,1997,Kharif,Groundnut,42200,17900,0.424170616
Telangana,NALGONDA,1997,Kharif,Jowar,13100,3900,0.297709924
Telangana,NALGONDA,1997,Kharif,Maize,2000,5500,2.75
Telangana,NALGONDA,1997,Kharif,Moong(Green Gram),43100,5000,0.116009281
Telangana,NALGONDA,1997,Kharif,Rice,149100,369500,2.478202549
Telangana,NALGONDA,1997,Kharif,Sugarcane,300,19100,63.66666667
Telangana,NALGONDA,1997,Kharif,Sunflower,4800,2100,0.4375
Telangana,NALGONDA,1997,Kharif,Tobacco,600,700,1.166666667
Telangana,NALGONDA,1997,Rabi,Dry chillies,1500,3200,2.133333333
Telangana,NALGONDA,1997,Rabi,Gram,500,100,0.2
Telangana,NALGONDA,1997,Rabi,Groundnut,11600,8400,0.724137931
Telangana,NALGONDA,1997,Rabi,Horse-gram,4300,1000,0.23255814
Telangana,NALGONDA,1997,Rabi,Jowar,18700,7100,0.379679144
Telangana,NALGONDA,1997,Rabi,Maize,400,1200,3
Telangana,NALGONDA,1997,Rabi,Rice,62600,150300,2.400958466
Telangana,NALGONDA,1997,Rabi,Sesamum,5500,200,0.036363636
Telangana,NALGONDA,1997,Rabi,Sunflower,1300,400,0.307692308
Telangana,NALGONDA,1997,Rabi,Urad,20000,3100,0.155
Telangana,NALGONDA,1998,Kharif,Arhar/Tur,26400,11900,0.450757576
Telangana,NALGONDA,1998,Kharif,Bajra,19200,10300,0.536458333
Telangana,NALGONDA,1998,Kharif,Castor seed,66300,16200,0.244343891
Telangana,NALGONDA,1998,Kharif,Cotton(lint),112700,128600,1.14108252
Telangana,NALGONDA,1998,Kharif,Dry chillies,7900,31100,3.936708861
Telangana,NALGONDA,1998,Kharif,Groundnut,37200,25300,0.680107527
Telangana,NALGONDA,1998,Kharif,Jowar,13600,5900,0.433823529
Telangana,NALGONDA,1998,Kharif,Maize,1700,5800,3.411764706
Telangana,NALGONDA,1998,Kharif,Moong(Green Gram),43600,22100,0.506880734
Telangana,NALGONDA,1998,Kharif,Rice,164300,491600,2.992087645
Telangana,NALGONDA,1998,Kharif,Sunflower,2200,1600,0.727272727
Telangana,NALGONDA,1998,Rabi,Dry chillies,1900,4400,2.315789474
Telangana,NALGONDA,1998,Rabi,Gram,400,100,0.25
Telangana,NALGONDA,1998,Rabi,Groundnut,16800,17100,1.017857143
Telangana,NALGONDA,1998,Rabi,Horse-gram,4600,900,0.195652174
Telangana,NALGONDA,1998,Rabi,Jowar,16200,6300,0.388888889
Telangana,NALGONDA,1998,Rabi,Maize,100,500,5
Telangana,NALGONDA,1998,Rabi,Rice,153700,431500,2.807417046
Telangana,NALGONDA,1998,Rabi,Sesamum,5900,2000,0.338983051
Telangana,NALGONDA,1998,Rabi,Sunflower,500,200,0.4
Telangana,NALGONDA,1998,Rabi,Urad,2700,900,0.333333333
Telangana,NALGONDA,1998,Whole Year,Sugarcane,100,7000,70
Telangana,NALGONDA,1998,Whole Year,Tobacco,300,500,1.666666667
Telangana,NALGONDA,1999,Kharif,Bajra,17044,11675,0.684991786
Telangana,NALGONDA,1999,Kharif,Castor seed,69288,15590,0.225002887
Telangana,NALGONDA,1999,Kharif,Cotton(lint),90658,103457,1.141178936
Telangana,NALGONDA,1999,Kharif,Groundnut,37769,17072,0.452010908
Telangana,NALGONDA,1999,Kharif,Jowar,12593,6435,0.510998174
Telangana,NALGONDA,1999,Kharif,Maize,1108,3595,3.244584838
Telangana,NALGONDA,1999,Kharif,Masoor,29037,8276,0.28501567
Telangana,NALGONDA,1999,Kharif,Moong(Green Gram),41853,19838,0.473992306
Telangana,NALGONDA,1999,Kharif,Rice,175702,420279,2.391998953
Telangana,NALGONDA,1999,Kharif,Sesamum,7233,962,0.133001521
Telangana,NALGONDA,1999,Rabi,Gram,256,169,0.66015625
Telangana,NALGONDA,1999,Rabi,Groundnut,10767,10164,0.943995542
Telangana,NALGONDA,1999,Rabi,Horse-gram,2745,752,0.273952641
Telangana,NALGONDA,1999,Rabi,Jowar,10027,2597,0.259000698
Telangana,NALGONDA,1999,Rabi,Maize,243,934,3.843621399
Telangana,NALGONDA,1999,Rabi,Masoor,37,11,0.297297297
Telangana,NALGONDA,1999,Rabi,Rice,63295,155769,2.461000079
Telangana,NALGONDA,1999,Rabi,Safflower,65,33,0.507692308
Telangana,NALGONDA,1999,Rabi,Urad,8440,2194,0.259952607
Telangana,NALGONDA,1999,Whole Year,Dry chillies,10315,22522,2.183422201
Telangana,NALGONDA,1999,Whole Year,Sugarcane,186,12296,66.10752688
Telangana,NALGONDA,1999,Whole Year,Tobacco,159,237,1.490566038
Telangana,NALGONDA,2000,Kharif,Arhar/Tur,29954,9226,0.308005609
Telangana,NALGONDA,2000,Kharif,Bajra,16133,9438,0.585012087
Telangana,NALGONDA,2000,Kharif,Castor seed,82927,21396,0.258010057
Telangana,NALGONDA,2000,Kharif,Cotton(lint),97120,86837,0.894120675
Telangana,NALGONDA,2000,Kharif,Dry chillies,7944,8230,1.036002014
Telangana,NALGONDA,2000,Kharif,Groundnut,32674,18493,0.565985187
Telangana,NALGONDA,2000,Kharif,Jowar,11924,6677,0.5599631
Telangana,NALGONDA,2000,Kharif,Maize,2639,6777,2.568018189
Telangana,NALGONDA,2000,Kharif,Mesta,4,35,8.75
Telangana,NALGONDA,2000,Kharif,Moong(Green Gram),51862,17996,0.346997802
Telangana,NALGONDA,2000,Kharif,Other Kharif pulses,4,0,0
Telangana,NALGONDA,2000,Kharif,Rice,176488,560173,3.174000499
Telangana,NALGONDA,2000,Kharif,Sesamum,7834,987,0.125989278
Telangana,NALGONDA,2000,Kharif,Sunflower,1047,835,0.797516714
Telangana,NALGONDA,2000,Rabi,Arhar/Tur,46,14,0.304347826
Telangana,NALGONDA,2000,Rabi,Bajra,5,3,0.6
Telangana,NALGONDA,2000,Rabi,Dry chillies,1314,3038,2.312024353
Telangana,NALGONDA,2000,Rabi,Gram,229,164,0.716157205
Telangana,NALGONDA,2000,Rabi,Groundnut,12943,18923,1.462025805
Telangana,NALGONDA,2000,Rabi,Horse-gram,1982,388,0.195761857
Telangana,NALGONDA,2000,Rabi,Jowar,6788,1568,0.230995875
Telangana,NALGONDA,2000,Rabi,Maize,145,666,4.593103448
Telangana,NALGONDA,2000,Rabi,Onion,7,176,25.14285714
Telangana,NALGONDA,2000,Rabi,Other  Rabi pulses,784,360,0.459183673
Telangana,NALGONDA,2000,Rabi,Ragi,8,14,1.75
Telangana,NALGONDA,2000,Rabi,Rice,85813,236243,2.752997798
Telangana,NALGONDA,2000,Rabi,Safflower,237,104,0.438818565
Telangana,NALGONDA,2000,Rabi,Urad,6113,1803,0.294945199
Telangana,NALGONDA,2000,Whole Year,Banana,13,333,25.61538462
Telangana,NALGONDA,2000,Whole Year,Coconut,20,202356,10117.8
Telangana,NALGONDA,2000,Whole Year,Coriander,470,123,0.261702128
Telangana,NALGONDA,2000,Whole Year,Sugarcane,112,2573,22.97321429
Telangana,NALGONDA,2000,Whole Year,Tobacco,36,,
Telangana,NALGONDA,2000,Whole Year,Turmeric,47,236,5.021276596
Telangana,NALGONDA,2001,Kharif,Arhar/Tur,23250,6092,0.262021505
Telangana,NALGONDA,2001,Kharif,Bajra,9786,4325,0.441957899
Telangana,NALGONDA,2001,Kharif,Castor seed,64705,17988,0.278000155
Telangana,NALGONDA,2001,Kharif,Cotton(lint),113516,102832,0.905881109
Telangana,NALGONDA,2001,Kharif,Dry chillies,7460,20731,2.778954424
Telangana,NALGONDA,2001,Kharif,Groundnut,20457,16263,0.794984602
Telangana,NALGONDA,2001,Kharif,Jowar,8262,2809,0.339990317
Telangana,NALGONDA,2001,Kharif,Maize,2233,6572,2.94312584
Telangana,NALGONDA,2001,Kharif,Mesta,4,34,8.5
Telangana,NALGONDA,2001,Kharif,Moong(Green Gram),40574,14728,0.362991078
Telangana,NALGONDA,2001,Kharif,Other Kharif pulses,40,9,0.225
Telangana,NALGONDA,2001,Kharif,Rice,142660,395739,2.774001122
Telangana,NALGONDA,2001,Kharif,Sesamum,6205,372,0.059951652
Telangana,NALGONDA,2001,Kharif,Sunflower,273,187,0.684981685
Telangana,NALGONDA,2001,Rabi,Arhar/Tur,391,102,0.260869565
Telangana,NALGONDA,2001,Rabi,Bajra,24,11,0.458333333
Telangana,NALGONDA,2001,Rabi,Dry chillies,845,2328,2.755029586
Telangana,NALGONDA,2001,Rabi,Gram,164,181,1.103658537
Telangana,NALGONDA,2001,Rabi,Groundnut,13754,14084,1.02399302
Telangana,NALGONDA,2001,Rabi,Horse-gram,2275,751,0.33010989
Telangana,NALGONDA,2001,Rabi,Jowar,9132,5927,0.649036356
Telangana,NALGONDA,2001,Rabi,Maize,245,1112,4.53877551
Telangana,NALGONDA,2001,Rabi,Onion,16,418,26.125
Telangana,NALGONDA,2001,Rabi,Other  Rabi pulses,1175,365,0.310638298
Telangana,NALGONDA,2001,Rabi,Ragi,1,2,2
Telangana,NALGONDA,2001,Rabi,Rice,76927,199010,2.586998063
Telangana,NALGONDA,2001,Rabi,Safflower,502,169,0.336653386
Telangana,NALGONDA,2001,Rabi,Urad,15760,2679,0.16998731
Telangana,NALGONDA,2001,Whole Year,Banana,9,,
Telangana,NALGONDA,2001,Whole Year,Coconut,18,187340,10407.77778
Telangana,NALGONDA,2001,Whole Year,Coriander,695,342,0.492086331
Telangana,NALGONDA,2001,Whole Year,Sugarcane,28,2401,85.75
Telangana,NALGONDA,2001,Whole Year,Tobacco,19,47,2.473684211
Telangana,NALGONDA,2001,Whole Year,Turmeric,86,338,3.930232558
Telangana,NALGONDA,2002,Kharif,Arhar/Tur,24912,5281,0.211986191
Telangana,NALGONDA,2002,Kharif,Bajra,15097,6235,0.412995959
Telangana,NALGONDA,2002,Kharif,Castor seed,60603,12484,0.205996403
Telangana,NALGONDA,2002,Kharif,Cotton(lint),77391,67376,0.870592188
Telangana,NALGONDA,2002,Kharif,Dry chillies,7376,5451,0.739018438
Telangana,NALGONDA,2002,Kharif,Groundnut,20002,11761,0.587991201
Telangana,NALGONDA,2002,Kharif,Jowar,14531,3575,0.246025738
Telangana,NALGONDA,2002,Kharif,Maize,2242,5181,2.31088314
Telangana,NALGONDA,2002,Kharif,Moong(Green Gram),41843,14520,0.347011448
Telangana,NALGONDA,2002,Kharif,Rice,94008,210954,2.244000511
Telangana,NALGONDA,2002,Kharif,Sesamum,7992,496,0.062062062
Telangana,NALGONDA,2002,Kharif,Sunflower,1073,525,0.489282386
Telangana,NALGONDA,2002,Kharif,Urad,1202,602,0.500831947
Telangana,NALGONDA,2002,Rabi,Arhar/Tur,713,151,0.211781206
Telangana,NALGONDA,2002,Rabi,Dry chillies,1342,3336,2.485842027
Telangana,NALGONDA,2002,Rabi,Gram,288,356,1.236111111
Telangana,NALGONDA,2002,Rabi,Groundnut,9510,7361,0.77402734
Telangana,NALGONDA,2002,Rabi,Horse-gram,2015,256,0.127047146
Telangana,NALGONDA,2002,Rabi,Jowar,13477,5364,0.398011427
Telangana,NALGONDA,2002,Rabi,Maize,635,2567,4.042519685
Telangana,NALGONDA,2002,Rabi,Moong(Green Gram),126,32,0.253968254
Telangana,NALGONDA,2002,Rabi,Onion,12,300,25
Telangana,NALGONDA,2002,Rabi,Rice,37660,86656,2.301009028
Telangana,NALGONDA,2002,Rabi,Urad,5544,1281,0.231060606
Telangana,NALGONDA,2002,Whole Year,Banana,3,73,24.33333333
Telangana,NALGONDA,2002,Whole Year,Beans & Mutter(Vegetable),12,16,1.333333333
Telangana,NALGONDA,2002,Whole Year,Bhindi,450,1182,2.626666667
Telangana,NALGONDA,2002,Whole Year,Bottle Gourd,30,0,0
Telangana,NALGONDA,2002,Whole Year,Brinjal,346,1017,2.939306358
Telangana,NALGONDA,2002,Whole Year,Citrus Fruit,2693,12084,4.487189009
Telangana,NALGONDA,2002,Whole Year,Coconut,21,228560,10883.80952
Telangana,NALGONDA,2002,Whole Year,Coriander,876,366,0.417808219
Telangana,NALGONDA,2002,Whole Year,Cucumber,403,0,0
Telangana,NALGONDA,2002,Whole Year,Mango,8945,16117,1.801788709
Telangana,NALGONDA,2002,Whole Year,Orange,12535,245178,19.55947347
Telangana,NALGONDA,2002,Whole Year,Other Fresh Fruits,79,237,3
Telangana,NALGONDA,2002,Whole Year,Other Vegetables,1555,0,0
Telangana,NALGONDA,2002,Whole Year,Papaya,6,783,130.5
Telangana,NALGONDA,2002,Whole Year,Pome Fruit,470,2619,5.572340426
Telangana,NALGONDA,2002,Whole Year,Sugarcane,50,3420,68.4
Telangana,NALGONDA,2002,Whole Year,Tobacco,22,110,5
Telangana,NALGONDA,2002,Whole Year,Tomato,1067,5282,4.950328022
Telangana,NALGONDA,2002,Whole Year,Turmeric,36,183,5.083333333
Telangana,NALGONDA,2003,Kharif,Arhar/Tur,37021,18844,0.509008401
Telangana,NALGONDA,2003,Kharif,Bajra,21433,13438,0.626977091
Telangana,NALGONDA,2003,Kharif,Castor seed,77153,30321,0.392998328
Telangana,NALGONDA,2003,Kharif,Cotton(lint),63615,112262,1.764709581
Telangana,NALGONDA,2003,Kharif,Dry chillies,7007,17742,2.532039389
Telangana,NALGONDA,2003,Kharif,Groundnut,19469,15419,0.791976989
Telangana,NALGONDA,2003,Kharif,Jowar,13740,6966,0.5069869
Telangana,NALGONDA,2003,Kharif,Korra,3,2,0.666666667
Telangana,NALGONDA,2003,Kharif,Maize,4193,13061,3.114953494
Telangana,NALGONDA,2003,Kharif,Moong(Green Gram),83607,48408,0.578994582
Telangana,NALGONDA,2003,Kharif,Other Kharif pulses,3,,
Telangana,NALGONDA,2003,Kharif,Rice,62982,188631,2.994998571
Telangana,NALGONDA,2003,Kharif,Sesamum,12887,3132,0.243035617
Telangana,NALGONDA,2003,Kharif,Small millets,3,2,0.666666667
Telangana,NALGONDA,2003,Kharif,Sunflower,847,929,1.096812279
Telangana,NALGONDA,2003,Kharif,Urad,253,182,0.719367589
Telangana,NALGONDA,2003,Rabi,Arhar/Tur,865,440,0.50867052
Telangana,NALGONDA,2003,Rabi,Bajra,5,3,0.6
Telangana,NALGONDA,2003,Rabi,Dry chillies,2128,6944,3.263157895
Telangana,NALGONDA,2003,Rabi,Gram,953,1138,1.19412382
Telangana,NALGONDA,2003,Rabi,Groundnut,16060,16269,1.013013699
Telangana,NALGONDA,2003,Rabi,Horse-gram,3890,1268,0.32596401
Telangana,NALGONDA,2003,Rabi,Jowar,14997,10423,0.695005668
Telangana,NALGONDA,2003,Rabi,Maize,568,2501,4.403169014
Telangana,NALGONDA,2003,Rabi,Moong(Green Gram),21,7,0.333333333
Telangana,NALGONDA,2003,Rabi,Onion,18,499,27.72222222
Telangana,NALGONDA,2003,Rabi,Rice,60026,169513,2.823992936
Telangana,NALGONDA,2003,Rabi,Sesamum,145,30,0.206896552
Telangana,NALGONDA,2003,Rabi,Urad,5287,2162,0.408927558
Telangana,NALGONDA,2003,Whole Year,Beans & Mutter(Vegetable),35,208,5.942857143
Telangana,NALGONDA,2003,Whole Year,Bhindi,625,2500,4
Telangana,NALGONDA,2003,Whole Year,Bottle Gourd,30,0,0
Telangana,NALGONDA,2003,Whole Year,Brinjal,219,2842,12.97716895
Telangana,NALGONDA,2003,Whole Year,Citrus Fruit,2995,22037,7.357929883
Telangana,NALGONDA,2003,Whole Year,Coconut,30,341620,11387.33333
Telangana,NALGONDA,2003,Whole Year,Coriander,2712,743,0.273967552
Telangana,NALGONDA,2003,Whole Year,Cucumber,462,0,0
Telangana,NALGONDA,2003,Whole Year,Grapes,14,267,19.07142857
Telangana,NALGONDA,2003,Whole Year,Mango,9160,53080,5.794759825
Telangana,NALGONDA,2003,Whole Year,Orange,14927,94251,6.31412876
Telangana,NALGONDA,2003,Whole Year,Other Fresh Fruits,80,263,3.2875
Telangana,NALGONDA,2003,Whole Year,Other Vegetables,1567,0,0
Telangana,NALGONDA,2003,Whole Year,Papaya,2,182,91
Telangana,NALGONDA,2003,Whole Year,Pome Fruit,452,4794,10.60619469
Telangana,NALGONDA,2003,Whole Year,Sugarcane,123,9330,75.85365854
Telangana,NALGONDA,2003,Whole Year,Tobacco,53,115,2.169811321
Telangana,NALGONDA,2003,Whole Year,Tomato,1195,8576,7.176569038
Telangana,NALGONDA,2004,Kharif,Arhar/Tur,36838,13188,0.357999891
Telangana,NALGONDA,2004,Kharif,Bajra,11005,2201,0.2
Telangana,NALGONDA,2004,Kharif,Castor seed,66341,25403,0.382915542
Telangana,NALGONDA,2004,Kharif,Cotton(lint),104151,131108,1.258826127
Telangana,NALGONDA,2004,Kharif,Dry chillies,7706,12430,1.613028809
Telangana,NALGONDA,2004,Kharif,Groundnut,20950,12570,0.6
Telangana,NALGONDA,2004,Kharif,Jowar,9926,2134,0.214990933
Telangana,NALGONDA,2004,Kharif,Maize,2941,7073,2.404964298
Telangana,NALGONDA,2004,Kharif,Moong(Green Gram),59290,31661,0.534002361
Telangana,NALGONDA,2004,Kharif,Rice,117401,330836,2.817999847
Telangana,NALGONDA,2004,Kharif,Sesamum,12665,1760,0.138965653
Telangana,NALGONDA,2004,Kharif,Soyabean,47,73,1.553191489
Telangana,NALGONDA,2004,Kharif,Sunflower,1029,586,0.569484937
Telangana,NALGONDA,2004,Kharif,Urad,52,24,0.461538462
Telangana,NALGONDA,2004,Rabi,Arhar/Tur,671,240,0.357675112
Telangana,NALGONDA,2004,Rabi,Bajra,82,16,0.195121951
Telangana,NALGONDA,2004,Rabi,Dry chillies,2292,6858,2.992146597
Telangana,NALGONDA,2004,Rabi,Gram,530,466,0.879245283
Telangana,NALGONDA,2004,Rabi,Groundnut,15810,15573,0.985009488
Telangana,NALGONDA,2004,Rabi,Horse-gram,4014,1301,0.324115595
Telangana,NALGONDA,2004,Rabi,Jowar,11153,5599,0.502017394
Telangana,NALGONDA,2004,Rabi,Maize,455,1554,3.415384615
Telangana,NALGONDA,2004,Rabi,Onion,11,246,22.36363636
Telangana,NALGONDA,2004,Rabi,Other  Rabi pulses,1139,332,0.291483758
Telangana,NALGONDA,2004,Rabi,Rice,75291,224292,2.979001474
Telangana,NALGONDA,2004,Rabi,Safflower,12,5,0.416666667
Telangana,NALGONDA,2004,Rabi,Sesamum,20,8,0.4
Telangana,NALGONDA,2004,Rabi,Sunflower,1008,576,0.571428571
Telangana,NALGONDA,2004,Rabi,Urad,2178,1636,0.751147842
Telangana,NALGONDA,2004,Whole Year,Banana,1,25,25
Telangana,NALGONDA,2004,Whole Year,Coconut,26,306514,11789
Telangana,NALGONDA,2004,Whole Year,Coriander,2061,1226,0.594856866
Telangana,NALGONDA,2004,Whole Year,Sugarcane,381,26360,69.18635171
Telangana,NALGONDA,2004,Whole Year,Tobacco,115,157,1.365217391
Telangana,NALGONDA,2005,Kharif,Arhar/Tur,36058,20697,0.573991902
Telangana,NALGONDA,2005,Kharif,Bajra,8322,3936,0.47296323
Telangana,NALGONDA,2005,Kharif,Castor seed,78277,21604,0.275994226
Telangana,NALGONDA,2005,Kharif,Cotton(lint),85598,130915,1.529416575
Telangana,NALGONDA,2005,Kharif,Dry chillies,4876,9664,1.98195242
Telangana,NALGONDA,2005,Kharif,Groundnut,18349,17450,0.951005504
Telangana,NALGONDA,2005,Kharif,Horse-gram,25,15,0.6
Telangana,NALGONDA,2005,Kharif,Jowar,5649,2542,0.449991149
Telangana,NALGONDA,2005,Kharif,Maize,4953,17296,3.492025035
Telangana,NALGONDA,2005,Kharif,Moong(Green Gram),42788,22592,0.527998504
Telangana,NALGONDA,2005,Kharif,Rice,160332,456145,2.845002869
Telangana,NALGONDA,2005,Kharif,Sesamum,10463,2794,0.267036223
Telangana,NALGONDA,2005,Kharif,Soyabean,4,8,2
Telangana,NALGONDA,2005,Kharif,Urad,10,4,0.4
Telangana,NALGONDA,2005,Rabi,Bajra,9,4,0.444444444
Telangana,NALGONDA,2005,Rabi,Dry chillies,1478,4441,3.00473613
Telangana,NALGONDA,2005,Rabi,Gram,325,462,1.421538462
Telangana,NALGONDA,2005,Rabi,Groundnut,16799,16631,0.989999405
Telangana,NALGONDA,2005,Rabi,Horse-gram,2748,706,0.256914119
Telangana,NALGONDA,2005,Rabi,Jowar,9385,5415,0.57698455
Telangana,NALGONDA,2005,Rabi,Maize,369,1749,4.739837398
Telangana,NALGONDA,2005,Rabi,Onion,25,497,19.88
Telangana,NALGONDA,2005,Rabi,Other  Rabi pulses,814,198,0.243243243
Telangana,NALGONDA,2005,Rabi,Rice,150365,482521,3.208998105
Telangana,NALGONDA,2005,Rabi,Sesamum,26,10,0.384615385
Telangana,NALGONDA,2005,Rabi,Urad,1480,755,0.510135135
Telangana,NALGONDA,2005,Whole Year,Banana,1,21,21
Telangana,NALGONDA,2005,Whole Year,Cashewnut,4,1,0.25
Telangana,NALGONDA,2005,Whole Year,Coconut,36,304570,8460.277778
Telangana,NALGONDA,2005,Whole Year,Coriander,1783,933,0.523275379
Telangana,NALGONDA,2005,Whole Year,Sugarcane,681,62980,92.48164464
Telangana,NALGONDA,2005,Whole Year,Sunflower,582,604,1.037800687
Telangana,NALGONDA,2005,Whole Year,Tobacco,76,150,1.973684211
Telangana,NALGONDA,2005,Whole Year,Turmeric,7,53,7.571428571
Telangana,NALGONDA,2006,Kharif,Arhar/Tur,31140,9965,0.320006423
Telangana,NALGONDA,2006,Kharif,Bajra,3854,1187,0.307991697
Telangana,NALGONDA,2006,Kharif,Castor seed,46492,16691,0.359008001
Telangana,NALGONDA,2006,Kharif,Cotton(lint),79993,162809,2.035290588
Telangana,NALGONDA,2006,Kharif,Dry chillies,4962,11884,2.395002015
Telangana,NALGONDA,2006,Kharif,Groundnut,12731,8695,0.682978556
Telangana,NALGONDA,2006,Kharif,Jowar,2756,672,0.24383164
Telangana,NALGONDA,2006,Kharif,Maize,2350,5501,2.340851064
Telangana,NALGONDA,2006,Kharif,Moong(Green Gram),37941,11800,0.311009198
Telangana,NALGONDA,2006,Kharif,Rice,160003,414568,2.591001419
Telangana,NALGONDA,2006,Kharif,Sesamum,7456,1312,0.175965665
Telangana,NALGONDA,2006,Rabi,Arhar/Tur,517,165,0.319148936
Telangana,NALGONDA,2006,Rabi,Dry chillies,922,3010,3.264642082
Telangana,NALGONDA,2006,Rabi,Gram,716,986,1.377094972
Telangana,NALGONDA,2006,Rabi,Groundnut,14328,14658,1.023031826
Telangana,NALGONDA,2006,Rabi,Horse-gram,2703,773,0.285978542
Telangana,NALGONDA,2006,Rabi,Jowar,10770,6214,0.576973073
Telangana,NALGONDA,2006,Rabi,Maize,326,1579,4.843558282
Telangana,NALGONDA,2006,Rabi,Moong(Green Gram),507,437,0.861932939
Telangana,NALGONDA,2006,Rabi,Other  Rabi pulses,763,208,0.272608126
Telangana,NALGONDA,2006,Rabi,Rice,124273,391336,3.149002599
Telangana,NALGONDA,2006,Rabi,Sesamum,62,20,0.322580645
Telangana,NALGONDA,2006,Rabi,Urad,3201,1108,0.346141831
Telangana,NALGONDA,2006,Whole Year,Banana,1,24,24
Telangana,NALGONDA,2006,Whole Year,Coconut,34,429561,12634.14706
Telangana,NALGONDA,2006,Whole Year,Coriander,1881,999,0.531100478
Telangana,NALGONDA,2006,Whole Year,Sugarcane,646,55082,85.26625387
Telangana,NALGONDA,2006,Whole Year,Sunflower,1282,1517,1.183307332
Telangana,NALGONDA,2006,Whole Year,Tobacco,87,137,1.574712644
Telangana,NALGONDA,2006,Whole Year,Turmeric,5,31,6.2
Telangana,NALGONDA,2007,Kharif,Arhar/Tur,38000,18000,0.473684211
Telangana,NALGONDA,2007,Kharif,Bajra,5000,2000,0.4
Telangana,NALGONDA,2007,Kharif,Castor seed,39000,20000,0.512820513
Telangana,NALGONDA,2007,Kharif,Cotton(lint),106000,228000,2.150943396
Telangana,NALGONDA,2007,Kharif,Dry chillies,6000,14000,2.333333333
Telangana,NALGONDA,2007,Kharif,Groundnut,15000,11000,0.733333333
Telangana,NALGONDA,2007,Kharif,Jowar,3000,2000,0.666666667
Telangana,NALGONDA,2007,Kharif,Maize,3000,5000,1.666666667
Telangana,NALGONDA,2007,Kharif,Moong(Green Gram),44000,18000,0.409090909
Telangana,NALGONDA,2007,Kharif,Rice,163000,516000,3.165644172
Telangana,NALGONDA,2007,Kharif,Sesamum,7000,1000,0.142857143
Telangana,NALGONDA,2007,Rabi,Dry chillies,2000,5000,2.5
Telangana,NALGONDA,2007,Rabi,Gram,1000,1000,1
Telangana,NALGONDA,2007,Rabi,Groundnut,17000,21000,1.235294118
Telangana,NALGONDA,2007,Rabi,Horse-gram,3000,1000,0.333333333
Telangana,NALGONDA,2007,Rabi,Jowar,9000,4000,0.444444444
Telangana,NALGONDA,2007,Rabi,Maize,1000,3000,3
Telangana,NALGONDA,2007,Rabi,Rice,148000,474000,3.202702703
Telangana,NALGONDA,2007,Rabi,Sunflower,1000,2000,2
Telangana,NALGONDA,2007,Rabi,Urad,2000,1000,0.5
Telangana,NALGONDA,2008,Kharif,Arhar/Tur,40916,19312,0.471991397
Telangana,NALGONDA,2008,Kharif,Bajra,2310,1153,0.499134199
Telangana,NALGONDA,2008,Kharif,Castor seed,27065,8634,0.319009791
Telangana,NALGONDA,2008,Kharif,Cotton(lint),162522,312616,1.923530353
Telangana,NALGONDA,2008,Kharif,Dry chillies,6498,18194,2.799938443
Telangana,NALGONDA,2008,Kharif,Groundnut,9823,8517,0.867046727
Telangana,NALGONDA,2008,Kharif,Horse-gram,100,40,0.4
Telangana,NALGONDA,2008,Kharif,Jowar,1730,1176,0.679768786
Telangana,NALGONDA,2008,Kharif,Maize,3060,4532,1.481045752
Telangana,NALGONDA,2008,Kharif,Moong(Green Gram),30100,13756,0.457009967
Telangana,NALGONDA,2008,Kharif,Rice,193718,602657,3.111001559
Telangana,NALGONDA,2008,Kharif,Sesamum,2885,462,0.160138648
Telangana,NALGONDA,2008,Rabi,Arhar/Tur,105,50,0.476190476
Telangana,NALGONDA,2008,Rabi,Bajra,6,3,0.5
Telangana,NALGONDA,2008,Rabi,Dry chillies,1034,4069,3.935203095
Telangana,NALGONDA,2008,Rabi,Gram,491,771,1.570264766
Telangana,NALGONDA,2008,Rabi,Groundnut,15516,17176,1.106986337
Telangana,NALGONDA,2008,Rabi,Horse-gram,1422,594,0.417721519
Telangana,NALGONDA,2008,Rabi,Jowar,4330,1684,0.38891455
Telangana,NALGONDA,2008,Rabi,Maize,185,990,5.351351351
Telangana,NALGONDA,2008,Rabi,Moong(Green Gram),76,67,0.881578947
Telangana,NALGONDA,2008,Rabi,Rice,168094,547650,3.257998501
Telangana,NALGONDA,2008,Rabi,Safflower,3,2,0.666666667
Telangana,NALGONDA,2008,Rabi,Sesamum,31,8,0.258064516
Telangana,NALGONDA,2008,Rabi,Urad,1361,753,0.553269655
Telangana,NALGONDA,2008,Whole Year,Coriander,1361,712,0.523144747
Telangana,NALGONDA,2008,Whole Year,Sugarcane,166,12868,77.51807229
Telangana,NALGONDA,2008,Whole Year,Sunflower,1730,2154,1.245086705
Telangana,NALGONDA,2008,Whole Year,Tobacco,79,246,3.113924051
Telangana,NALGONDA,2009,Kharif,Arhar/Tur,36804,15568,0.4229975
Telangana,NALGONDA,2009,Kharif,Bajra,1809,1080,0.597014925
Telangana,NALGONDA,2009,Kharif,Castor seed,9133,1945,0.212963977
Telangana,NALGONDA,2009,Kharif,Cotton(lint),136408,216648,1.588235294
Telangana,NALGONDA,2009,Kharif,Dry chillies,4834,8252,1.707074886
Telangana,NALGONDA,2009,Kharif,Groundnut,4422,2967,0.670963365
Telangana,NALGONDA,2009,Kharif,Jowar,3885,2475,0.637065637
Telangana,NALGONDA,2009,Kharif,Maize,1531,2376,1.551926845
Telangana,NALGONDA,2009,Kharif,Moong(Green Gram),12481,,
Telangana,NALGONDA,2009,Kharif,Rice,98690,319262,3.23499848
Telangana,NALGONDA,2009,Kharif,Sesamum,1382,240,0.17366136
Telangana,NALGONDA,2009,Rabi,Arhar/Tur,5585,2362,0.422918532
Telangana,NALGONDA,2009,Rabi,Dry chillies,1445,5464,3.781314879
Telangana,NALGONDA,2009,Rabi,Gram,1062,1534,1.444444444
Telangana,NALGONDA,2009,Rabi,Groundnut,20979,30881,1.471995805
Telangana,NALGONDA,2009,Rabi,Horse-gram,2465,730,0.296146045
Telangana,NALGONDA,2009,Rabi,Jowar,8743,5858,0.670021732
Telangana,NALGONDA,2009,Rabi,Maize,333,1579,4.741741742
Telangana,NALGONDA,2009,Rabi,Moong(Green Gram),377,174,0.461538462
Telangana,NALGONDA,2009,Rabi,Rice,174740,599708,3.432001831
Telangana,NALGONDA,2009,Rabi,Safflower,32,14,0.4375
Telangana,NALGONDA,2009,Rabi,Sesamum,40,13,0.325
Telangana,NALGONDA,2009,Rabi,Urad,2000,842,0.421
Telangana,NALGONDA,2009,Whole Year,Banana,3,90,30
Telangana,NALGONDA,2009,Whole Year,Coriander,1360,711,0.522794118
Telangana,NALGONDA,2009,Whole Year,Sugarcane,122,10708,87.7704918
Telangana,NALGONDA,2009,Whole Year,Sunflower,2039,1897,0.930358019
Telangana,NALGONDA,2009,Whole Year,Tobacco,25,54,2.16
Telangana,NALGONDA,2010,Kharif,Arhar/Tur,46939,21639,0.461002578
Telangana,NALGONDA,2010,Kharif,Bajra,2158,1517,0.702965709
Telangana,NALGONDA,2010,Kharif,Castor seed,12206,2636,0.215959364
Telangana,NALGONDA,2010,Kharif,Cotton(lint),165112,304000,1.841174476
Telangana,NALGONDA,2010,Kharif,Dry chillies,5334,11020,2.065991751
Telangana,NALGONDA,2010,Kharif,Groundnut,7165,6133,0.855966504
Telangana,NALGONDA,2010,Kharif,Jowar,3115,2227,0.714927769
Telangana,NALGONDA,2010,Kharif,Maize,1643,4029,2.452221546
Telangana,NALGONDA,2010,Kharif,Moong(Green Gram),33563,21044,0.62699997
Telangana,NALGONDA,2010,Kharif,Rice,206149,642566,3.1169979
Telangana,NALGONDA,2010,Kharif,Sesamum,1964,291,0.148167006
Telangana,NALGONDA,2010,Rabi,Arhar/Tur,18,8,0.444444444
Telangana,NALGONDA,2010,Rabi,Dry chillies,1102,3295,2.990018149
Telangana,NALGONDA,2010,Rabi,Gram,520,708,1.361538462
Telangana,NALGONDA,2010,Rabi,Groundnut,15460,18181,1.176002587
Telangana,NALGONDA,2010,Rabi,Horse-gram,2235,903,0.404026846
Telangana,NALGONDA,2010,Rabi,Jowar,3388,2294,0.677095632
Telangana,NALGONDA,2010,Rabi,Maize,217,1149,5.294930876
Telangana,NALGONDA,2010,Rabi,Moong(Green Gram),233,129,0.553648069
Telangana,NALGONDA,2010,Rabi,Onion,9,173,19.22222222
Telangana,NALGONDA,2010,Rabi,Rice,199166,681148,3.420001406
Telangana,NALGONDA,2010,Rabi,Urad,1430,571,0.399300699
Telangana,NALGONDA,2010,Whole Year,Coriander,506,343,0.677865613
Telangana,NALGONDA,2010,Whole Year,Sugarcane,398,31434,78.9798995
Telangana,NALGONDA,2010,Whole Year,Sunflower,269,289,1.074349442
Telangana,NALGONDA,2010,Whole Year,Tobacco,74,242,3.27027027
Telangana,NALGONDA,2010,Whole Year,Turmeric,2,13,6.5
Telangana,NALGONDA,2011,Kharif,Arhar/Tur,34830,6722,0.192994545
Telangana,NALGONDA,2011,Kharif,Bajra,916,752,0.820960699
Telangana,NALGONDA,2011,Kharif,Castor seed,8488,866,0.10202639
Telangana,NALGONDA,2011,Kharif,Cotton(lint),205359,206567,1.005882382
Telangana,NALGONDA,2011,Kharif,Dry chillies,7754,20447,2.636961568
Telangana,NALGONDA,2011,Kharif,Groundnut,5671,2926,0.515958385
Telangana,NALGONDA,2011,Kharif,Jowar,2164,2560,1.182994455
Telangana,NALGONDA,2011,Kharif,Maize,2038,3538,1.736015702
Telangana,NALGONDA,2011,Kharif,Moong(Green Gram),24166,10150,0.420011587
Telangana,NALGONDA,2011,Kharif,Rice,216547,634050,2.928001773
Telangana,NALGONDA,2011,Kharif,Sesamum,1419,213,0.150105708
Telangana,NALGONDA,2011,Rabi,Cowpea(Lobia),1246,993,0.796950241
Telangana,NALGONDA,2011,Rabi,Dry chillies,1664,5416,3.254807692
Telangana,NALGONDA,2011,Rabi,Gram,282,239,0.84751773
Telangana,NALGONDA,2011,Rabi,Groundnut,12153,15896,1.307989797
Telangana,NALGONDA,2011,Rabi,Horse-gram,1141,175,0.153374233
Telangana,NALGONDA,2011,Rabi,Jowar,543,394,0.725598527
Telangana,NALGONDA,2011,Rabi,Maize,465,2237,4.810752688
Telangana,NALGONDA,2011,Rabi,Moong(Green Gram),136,95,0.698529412
Telangana,NALGONDA,2011,Rabi,Onion,7,191,27.28571429
Telangana,NALGONDA,2011,Rabi,Rice,111214,329750,2.965004406
Telangana,NALGONDA,2011,Rabi,Safflower,3,2,0.666666667
Telangana,NALGONDA,2011,Rabi,Urad,11321,1109,0.097959544
Telangana,NALGONDA,2011,Whole Year,Banana,5,186,37.2
Telangana,NALGONDA,2011,Whole Year,Coconut,3,43818,14606
Telangana,NALGONDA,2011,Whole Year,Coriander,391,226,0.578005115
Telangana,NALGONDA,2011,Whole Year,Sugarcane,672,61860,92.05357143
Telangana,NALGONDA,2011,Whole Year,Sunflower,332,344,1.036144578
Telangana,NALGONDA,2011,Whole Year,Tobacco,114,454,3.98245614
Telangana,NALGONDA,2011,Whole Year,Turmeric,213,1168,5.483568075
Telangana,NALGONDA,2013,Kharif,Arhar/Tur,25069,14365,0.573018469
Telangana,NALGONDA,2013,Kharif,Bajra,765,773,1.010457516
Telangana,NALGONDA,2013,Kharif,Banana,11,343,31.18181818
Telangana,NALGONDA,2013,Kharif,Castor seed,2950,679,0.230169492
Telangana,NALGONDA,2013,Kharif,Cotton(lint),335976,776447,2.311019239
Telangana,NALGONDA,2013,Kharif,Dry chillies,4827,14578,3.020095297
Telangana,NALGONDA,2013,Kharif,Groundnut,5404,6669,1.234085862
Telangana,NALGONDA,2013,Kharif,Jowar,1278,723,0.5657277
Telangana,NALGONDA,2013,Kharif,Maize,4313,5301,1.22907489
Telangana,NALGONDA,2013,Kharif,Moong(Green Gram),25527,13963,0.546989462
Telangana,NALGONDA,2013,Kharif,other oilseeds,119,1499,12.59663866
Telangana,NALGONDA,2013,Kharif,Rice,192185,546190,2.842001197
Telangana,NALGONDA,2013,Kharif,Sesamum,1542,327,0.212062257
Telangana,NALGONDA,2013,Kharif,Sugarcane,910,87000,95.6043956
Telangana,NALGONDA,2013,Kharif,Turmeric,10,51,5.1
Telangana,NALGONDA,2013,Rabi,Bajra,2,2,1
Telangana,NALGONDA,2013,Rabi,Cowpea(Lobia),894,215,0.24049217
Telangana,NALGONDA,2013,Rabi,Dry chillies,713,3130,4.389901823
Telangana,NALGONDA,2013,Rabi,Gram,487,836,1.716632444
Telangana,NALGONDA,2013,Rabi,Groundnut,16057,22223,1.384006975
Telangana,NALGONDA,2013,Rabi,Horse-gram,1088,520,0.477941176
Telangana,NALGONDA,2013,Rabi,Jowar,1278,723,0.5657277
Telangana,NALGONDA,2013,Rabi,Maize,509,2776,5.453831041
Telangana,NALGONDA,2013,Rabi,Moong(Green Gram),107,100,0.934579439
Telangana,NALGONDA,2013,Rabi,Onion,3,100,33.33333333
Telangana,NALGONDA,2013,Rabi,Rice,201558,659095,3.270001687
Telangana,NALGONDA,2013,Rabi,Sesamum,7,3,0.428571429
Telangana,NALGONDA,2013,Rabi,Sunflower,185,177,0.956756757
Telangana,NALGONDA,2013,Rabi,Tobacco,81,352,4.345679012
Telangana,NALGONDA,2013,Rabi,Urad,764,334,0.437172775
Telangana,NALGONDA,2013,Whole Year,Castor seed,2950,679,0.230169492
Telangana,NALGONDA,2013,Whole Year,Coriander,231,165,0.714285714
Telangana,NALGONDA,2013,Whole Year,Soyabean,8,13,1.625
Telangana,NALGONDA,2014,Kharif,Arhar/Tur,15661,7470,0.476981036
Telangana,NALGONDA,2014,Kharif,Bajra,41,17,0.414634146
Telangana,NALGONDA,2014,Kharif,Banana,39,1645,42.17948718
Telangana,NALGONDA,2014,Kharif,Castor seed,475,84,0.176842105
Telangana,NALGONDA,2014,Kharif,Cotton(lint),307792,505141,1.641176509
Telangana,NALGONDA,2014,Kharif,Dry chillies,3360,9401,2.797916667
Telangana,NALGONDA,2014,Kharif,Groundnut,2563,2732,1.065938353
Telangana,NALGONDA,2014,Kharif,Jowar,815,267,0.327607362
Telangana,NALGONDA,2014,Kharif,Maize,2869,2163,0.753921227
Telangana,NALGONDA,2014,Kharif,Moong(Green Gram),8844,2574,0.291044776
Telangana,NALGONDA,2014,Kharif,other oilseeds,114,3062,26.85964912
Telangana,NALGONDA,2014,Kharif,Rice,177458,549765,3.098000654
Telangana,NALGONDA,2014,Kharif,Sesamum,608,57,0.09375
Telangana,NALGONDA,2014,Kharif,Sugarcane,743,61839,83.22880215
Telangana,NALGONDA,2014,Kharif,Turmeric,1,5,5
Telangana,NALGONDA,2014,Rabi,Castor seed,12,2,0.166666667
Telangana,NALGONDA,2014,Rabi,Cowpea(Lobia),1385,302,0.218050542
Telangana,NALGONDA,2014,Rabi,Dry chillies,968,3969,4.100206612
Telangana,NALGONDA,2014,Rabi,Gram,189,259,1.37037037
Telangana,NALGONDA,2014,Rabi,Groundnut,11809,15210,1.288000677
Telangana,NALGONDA,2014,Rabi,Horse-gram,634,242,0.38170347
Telangana,NALGONDA,2014,Rabi,Jowar,1077,376,0.34911792
Telangana,NALGONDA,2014,Rabi,Maize,977,5181,5.30296827
Telangana,NALGONDA,2014,Rabi,Moong(Green Gram),126,74,0.587301587
Telangana,NALGONDA,2014,Rabi,Onion,1,27,27
Telangana,NALGONDA,2014,Rabi,Rice,145917,491594,3.368997444
Telangana,NALGONDA,2014,Rabi,Sunflower,56,80,1.428571429
Telangana,NALGONDA,2014,Rabi,Tobacco,75,291,3.88
Telangana,NALGONDA,2014,Rabi,Urad,519,211,0.40655106
Telangana,NALGONDA,2014,Whole Year,Coriander,135,32,0.237037037
Telangana,NIZAMABAD,1997,Kharif,Arhar/Tur,1900,200,0.105263158
Telangana,NIZAMABAD,1997,Kharif,Castor seed,200,100,0.5
Telangana,NIZAMABAD,1997,Kharif,Cotton(lint),17200,18000,1.046511628
Telangana,NIZAMABAD,1997,Kharif,Dry chillies,1200,1700,1.416666667
Telangana,NIZAMABAD,1997,Kharif,Groundnut,300,200,0.666666667
Telangana,NIZAMABAD,1997,Kharif,Jowar,3800,2300,0.605263158
Telangana,NIZAMABAD,1997,Kharif,Maize,47200,128800,2.728813559
Telangana,NIZAMABAD,1997,Kharif,Mesta,100,300,3
Telangana,NIZAMABAD,1997,Kharif,Moong(Green Gram),13500,5900,0.437037037
Telangana,NIZAMABAD,1997,Kharif,Other Kharif pulses,300,100,0.333333333
Telangana,NIZAMABAD,1997,Kharif,Rice,81600,135100,1.655637255
Telangana,NIZAMABAD,1997,Kharif,Sesamum,1100,100,0.090909091
Telangana,NIZAMABAD,1997,Kharif,Sugarcane,16200,1208300,74.58641975
Telangana,NIZAMABAD,1997,Kharif,Sunflower,5400,4200,0.777777778
Telangana,NIZAMABAD,1997,Kharif,Tobacco,600,700,1.166666667
Telangana,NIZAMABAD,1997,Kharif,Urad,15600,7100,0.455128205
Telangana,NIZAMABAD,1997,Rabi,Dry chillies,1000,2200,2.2
Telangana,NIZAMABAD,1997,Rabi,Gram,2600,300,0.115384615
Telangana,NIZAMABAD,1997,Rabi,Groundnut,8800,11400,1.295454545
Telangana,NIZAMABAD,1997,Rabi,Jowar,24800,15700,0.633064516
Telangana,NIZAMABAD,1997,Rabi,Maize,4700,15500,3.29787234
Telangana,NIZAMABAD,1997,Rabi,Rice,20600,49100,2.383495146
Telangana,NIZAMABAD,1997,Rabi,Sunflower,800,300,0.375
Telangana,NIZAMABAD,1997,Rabi,Urad,1200,300,0.25
Telangana,NIZAMABAD,1997,Rabi,Wheat,1500,500,0.333333333
Telangana,NIZAMABAD,1998,Kharif,Arhar/Tur,2200,800,0.363636364
Telangana,NIZAMABAD,1998,Kharif,Castor seed,200,100,0.5
Telangana,NIZAMABAD,1998,Kharif,Cotton(lint),20000,28500,1.425
Telangana,NIZAMABAD,1998,Kharif,Groundnut,300,400,1.333333333
Telangana,NIZAMABAD,1998,Kharif,Jowar,3400,2000,0.588235294
Telangana,NIZAMABAD,1998,Kharif,Maize,49500,206600,4.173737374
Telangana,NIZAMABAD,1998,Kharif,Moong(Green Gram),12500,7500,0.6
Telangana,NIZAMABAD,1998,Kharif,Other Kharif pulses,300,100,0.333333333
Telangana,NIZAMABAD,1998,Kharif,Rice,108400,308000,2.841328413
Telangana,NIZAMABAD,1998,Kharif,Sesamum,1200,200,0.166666667
Telangana,NIZAMABAD,1998,Kharif,Sunflower,4500,4400,0.977777778
Telangana,NIZAMABAD,1998,Kharif,Urad,13800,6800,0.492753623
Telangana,NIZAMABAD,1998,Rabi,Arhar/Tur,100,,
Telangana,NIZAMABAD,1998,Rabi,Bajra,5000,2300,0.46
Telangana,NIZAMABAD,1998,Rabi,Dry chillies,1300,3100,2.384615385
Telangana,NIZAMABAD,1998,Rabi,Gram,2600,300,0.115384615
Telangana,NIZAMABAD,1998,Rabi,Groundnut,14500,33800,2.331034483
Telangana,NIZAMABAD,1998,Rabi,Horse-gram,100,,
Telangana,NIZAMABAD,1998,Rabi,Jowar,22700,17600,0.775330396
Telangana,NIZAMABAD,1998,Rabi,Maize,5800,18400,3.172413793
Telangana,NIZAMABAD,1998,Rabi,Moong(Green Gram),400,100,0.25
Telangana,NIZAMABAD,1998,Rabi,Other  Rabi pulses,100,,
Telangana,NIZAMABAD,1998,Rabi,Rice,50100,127800,2.550898204
Telangana,NIZAMABAD,1998,Rabi,Sesamum,100,,
Telangana,NIZAMABAD,1998,Rabi,Sunflower,1500,600,0.4
Telangana,NIZAMABAD,1998,Rabi,Urad,1000,500,0.5
Telangana,NIZAMABAD,1998,Rabi,Wheat,1600,400,0.25
Telangana,NIZAMABAD,1998,Whole Year,Sugarcane,22100,1966500,88.98190045
Telangana,NIZAMABAD,1998,Whole Year,Tobacco,1100,1800,1.636363636
Telangana,NIZAMABAD,1999,Kharif,Bajra,1,1,1
Telangana,NIZAMABAD,1999,Kharif,Castor seed,189,42,0.222222222
Telangana,NIZAMABAD,1999,Kharif,Cotton(lint),15722,24323,1.547067803
Telangana,NIZAMABAD,1999,Kharif,Groundnut,357,407,1.140056022
Telangana,NIZAMABAD,1999,Kharif,Jowar,3519,5697,1.618925831
Telangana,NIZAMABAD,1999,Kharif,Maize,51292,178547,3.480991188
Telangana,NIZAMABAD,1999,Kharif,Masoor,2613,941,0.360122465
Telangana,NIZAMABAD,1999,Kharif,Moong(Green Gram),12510,6643,0.531015188
Telangana,NIZAMABAD,1999,Kharif,Ragi,20,19,0.95
Telangana,NIZAMABAD,1999,Kharif,Rice,115922,295946,2.552975276
Telangana,NIZAMABAD,1999,Kharif,Sesamum,126,26,0.206349206
Telangana,NIZAMABAD,1999,Kharif,Sunflower,4132,3357,0.812439497
Telangana,NIZAMABAD,1999,Kharif,Urad,13758,9190,0.667974996
Telangana,NIZAMABAD,1999,Rabi,Bajra,6237,3649,0.585056918
Telangana,NIZAMABAD,1999,Rabi,Gram,1915,1264,0.660052219
Telangana,NIZAMABAD,1999,Rabi,Groundnut,11820,20070,1.697969543
Telangana,NIZAMABAD,1999,Rabi,Horse-gram,82,29,0.353658537
Telangana,NIZAMABAD,1999,Rabi,Jowar,23448,33155,1.41397987
Telangana,NIZAMABAD,1999,Rabi,Linseed,91,5,0.054945055
Telangana,NIZAMABAD,1999,Rabi,Maize,5341,20200,3.782063284
Telangana,NIZAMABAD,1999,Rabi,Masoor,16,6,0.375
Telangana,NIZAMABAD,1999,Rabi,Moong(Green Gram),424,142,0.33490566
Telangana,NIZAMABAD,1999,Rabi,Rapeseed &Mustard,12,3,0.25
Telangana,NIZAMABAD,1999,Rabi,Rice,54336,136332,2.50905477
Telangana,NIZAMABAD,1999,Rabi,Safflower,2304,348,0.151041667
Telangana,NIZAMABAD,1999,Rabi,Sesamum,1077,157,0.145775302
Telangana,NIZAMABAD,1999,Rabi,Urad,971,324,0.333676622
Telangana,NIZAMABAD,1999,Rabi,Wheat,1641,875,0.533211456
Telangana,NIZAMABAD,1999,Whole Year,Dry chillies,2931,6026,2.055953599
Telangana,NIZAMABAD,1999,Whole Year,Onion,1388,31142,22.43659942
Telangana,NIZAMABAD,1999,Whole Year,Sugarcane,22405,1530538,68.312341
Telangana,NIZAMABAD,1999,Whole Year,Tobacco,975,1456,1.493333333
Telangana,NIZAMABAD,2000,Kharif,Arhar/Tur,2172,778,0.358195212
Telangana,NIZAMABAD,2000,Kharif,Castor seed,205,72,0.351219512
Telangana,NIZAMABAD,2000,Kharif,Cotton(lint),8374,13497,1.61177454
Telangana,NIZAMABAD,2000,Kharif,Dry chillies,1424,2767,1.943117978
Telangana,NIZAMABAD,2000,Kharif,Groundnut,283,198,0.699646643
Telangana,NIZAMABAD,2000,Kharif,Jowar,3748,3812,1.017075774
Telangana,NIZAMABAD,2000,Kharif,Korra,3,3,1
Telangana,NIZAMABAD,2000,Kharif,Maize,50521,203650,4.030997011
Telangana,NIZAMABAD,2000,Kharif,Mesta,55,486,8.836363636
Telangana,NIZAMABAD,2000,Kharif,Moong(Green Gram),14313,4108,0.287011807
Telangana,NIZAMABAD,2000,Kharif,Onion,64,716,11.1875
Telangana,NIZAMABAD,2000,Kharif,Other Kharif pulses,607,131,0.215815486
Telangana,NIZAMABAD,2000,Kharif,other misc. pulses,361,95,0.263157895
Telangana,NIZAMABAD,2000,Kharif,Ragi,4,4,1
Telangana,NIZAMABAD,2000,Kharif,Rice,130502,333694,2.557002958
Telangana,NIZAMABAD,2000,Kharif,Sesamum,125,19,0.152
Telangana,NIZAMABAD,2000,Kharif,Small millets,3,3,1
Telangana,NIZAMABAD,2000,Kharif,Sunflower,3210,3047,0.949221184
Telangana,NIZAMABAD,2000,Kharif,Urad,16063,3984,0.248023408
Telangana,NIZAMABAD,2000,Rabi,Arhar/Tur,257,92,0.357976654
Telangana,NIZAMABAD,2000,Rabi,Bajra,6778,4067,0.600029507
Telangana,NIZAMABAD,2000,Rabi,Dry chillies,1276,2950,2.311912226
Telangana,NIZAMABAD,2000,Rabi,Gram,2240,1608,0.717857143
Telangana,NIZAMABAD,2000,Rabi,Groundnut,11519,33232,2.884972654
Telangana,NIZAMABAD,2000,Rabi,Horse-gram,18,4,0.222222222
Telangana,NIZAMABAD,2000,Rabi,Jowar,22924,27532,1.20101204
Telangana,NIZAMABAD,2000,Rabi,Linseed,52,10,0.192307692
Telangana,NIZAMABAD,2000,Rabi,Maize,5049,21716,4.301049713
Telangana,NIZAMABAD,2000,Rabi,Moong(Green Gram),490,164,0.334693878
Telangana,NIZAMABAD,2000,Rabi,Onion,1392,43290,31.09913793
Telangana,NIZAMABAD,2000,Rabi,Other  Rabi pulses,133,21,0.157894737
Telangana,NIZAMABAD,2000,Rabi,other misc. pulses,123,16,0.130081301
Telangana,NIZAMABAD,2000,Rabi,Rapeseed &Mustard,6,1,0.166666667
Telangana,NIZAMABAD,2000,Rabi,Rice,50212,164344,3.27300247
Telangana,NIZAMABAD,2000,Rabi,Safflower,2139,937,0.438055166
Telangana,NIZAMABAD,2000,Rabi,Sesamum,1397,271,0.193987115
Telangana,NIZAMABAD,2000,Rabi,Urad,1508,798,0.529177719
Telangana,NIZAMABAD,2000,Rabi,Wheat,2610,1490,0.570881226
Telangana,NIZAMABAD,2000,Whole Year,Banana,478,4890,10.23012552
Telangana,NIZAMABAD,2000,Whole Year,Coconut,5,56210,11242
Telangana,NIZAMABAD,2000,Whole Year,Coriander,744,194,0.260752688
Telangana,NIZAMABAD,2000,Whole Year,Dry ginger,42,164,3.904761905
Telangana,NIZAMABAD,2000,Whole Year,Potato,5,19,3.8
Telangana,NIZAMABAD,2000,Whole Year,Sugarcane,19262,1559952,80.98598276
Telangana,NIZAMABAD,2000,Whole Year,Tobacco,527,327,0.620493359
Telangana,NIZAMABAD,2000,Whole Year,Turmeric,11308,77652,6.866996816
Telangana,NIZAMABAD,2001,Kharif,Arhar/Tur,2615,565,0.216061185
Telangana,NIZAMABAD,2001,Kharif,Castor seed,153,45,0.294117647
Telangana,NIZAMABAD,2001,Kharif,Cotton(lint),10931,16525,1.511755558
Telangana,NIZAMABAD,2001,Kharif,Dry chillies,1528,3279,2.145942408
Telangana,NIZAMABAD,2001,Kharif,Gram,12,13,1.083333333
Telangana,NIZAMABAD,2001,Kharif,Groundnut,239,170,0.711297071
Telangana,NIZAMABAD,2001,Kharif,Jowar,3594,2696,0.750139121
Telangana,NIZAMABAD,2001,Kharif,Maize,47892,188407,3.933997327
Telangana,NIZAMABAD,2001,Kharif,Mesta,29,238,8.206896552
Telangana,NIZAMABAD,2001,Kharif,Moong(Green Gram),14177,3147,0.221979262
Telangana,NIZAMABAD,2001,Kharif,Onion,29,317,10.93103448
Telangana,NIZAMABAD,2001,Kharif,Other Kharif pulses,276,55,0.199275362
Telangana,NIZAMABAD,2001,Kharif,Ragi,13,17,1.307692308
Telangana,NIZAMABAD,2001,Kharif,Rice,122016,303088,2.484002098
Telangana,NIZAMABAD,2001,Kharif,Sesamum,104,20,0.192307692
Telangana,NIZAMABAD,2001,Kharif,Sunflower,3057,3729,1.219823356
Telangana,NIZAMABAD,2001,Kharif,Urad,15914,3772,0.237024004
Telangana,NIZAMABAD,2001,Rabi,Arhar/Tur,40,9,0.225
Telangana,NIZAMABAD,2001,Rabi,Bajra,5605,2618,0.467082962
Telangana,NIZAMABAD,2001,Rabi,Dry chillies,1120,3086,2.755357143
Telangana,NIZAMABAD,2001,Rabi,Gram,2773,3064,1.104940498
Telangana,NIZAMABAD,2001,Rabi,Groundnut,7146,12420,1.738035264
Telangana,NIZAMABAD,2001,Rabi,Horse-gram,22,7,0.318181818
Telangana,NIZAMABAD,2001,Rabi,Jowar,22484,31275,1.390989148
Telangana,NIZAMABAD,2001,Rabi,Linseed,74,18,0.243243243
Telangana,NIZAMABAD,2001,Rabi,Maize,4747,27765,5.848957236
Telangana,NIZAMABAD,2001,Rabi,Moong(Green Gram),619,189,0.305331179
Telangana,NIZAMABAD,2001,Rabi,Onion,1295,38187,29.48803089
Telangana,NIZAMABAD,2001,Rabi,Other  Rabi pulses,50,11,0.22
Telangana,NIZAMABAD,2001,Rabi,Ragi,8,14,1.75
Telangana,NIZAMABAD,2001,Rabi,Rapeseed &Mustard,6,2,0.333333333
Telangana,NIZAMABAD,2001,Rabi,Rice,36156,97296,2.691005642
Telangana,NIZAMABAD,2001,Rabi,Safflower,1833,218,0.118930715
Telangana,NIZAMABAD,2001,Rabi,Sesamum,1346,260,0.193164933
Telangana,NIZAMABAD,2001,Rabi,Urad,2104,358,0.170152091
Telangana,NIZAMABAD,2001,Rabi,Wheat,2011,1221,0.607160617
Telangana,NIZAMABAD,2001,Whole Year,Banana,398,2070,5.201005025
Telangana,NIZAMABAD,2001,Whole Year,Coriander,532,262,0.492481203
Telangana,NIZAMABAD,2001,Whole Year,Dry ginger,54,123,2.277777778
Telangana,NIZAMABAD,2001,Whole Year,Sugarcane,19824,1631634,82.30599274
Telangana,NIZAMABAD,2001,Whole Year,Tobacco,492,930,1.890243902
Telangana,NIZAMABAD,2001,Whole Year,Turmeric,10317,50909,4.934477077
Telangana,NIZAMABAD,2002,Kharif,Arhar/Tur,2004,749,0.373752495
Telangana,NIZAMABAD,2002,Kharif,Castor seed,127,50,0.393700787
Telangana,NIZAMABAD,2002,Kharif,Cotton(lint),8746,11113,1.270638006
Telangana,NIZAMABAD,2002,Kharif,Dry chillies,1664,2601,1.563100962
Telangana,NIZAMABAD,2002,Kharif,Groundnut,193,108,0.559585492
Telangana,NIZAMABAD,2002,Kharif,Jowar,3354,2573,0.767143709
Telangana,NIZAMABAD,2002,Kharif,Maize,44204,148128,3.351008958
Telangana,NIZAMABAD,2002,Kharif,Mesta,88,665,7.556818182
Telangana,NIZAMABAD,2002,Kharif,Moong(Green Gram),13681,9221,0.674000439
Telangana,NIZAMABAD,2002,Kharif,Onion,43,330,7.674418605
Telangana,NIZAMABAD,2002,Kharif,Other Kharif pulses,58,10,0.172413793
Telangana,NIZAMABAD,2002,Kharif,Ragi,10,12,1.2
Telangana,NIZAMABAD,2002,Kharif,Rice,89863,140096,1.55899536
Telangana,NIZAMABAD,2002,Kharif,Sesamum,12,2,0.166666667
Telangana,NIZAMABAD,2002,Kharif,Soyabean,287,0,0
Telangana,NIZAMABAD,2002,Kharif,Sunflower,5747,4592,0.799025579
Telangana,NIZAMABAD,2002,Kharif,Urad,15391,12821,0.833019297
Telangana,NIZAMABAD,2002,Rabi,Arhar/Tur,1,,
Telangana,NIZAMABAD,2002,Rabi,Bajra,4503,2134,0.473906285
Telangana,NIZAMABAD,2002,Rabi,Dry chillies,995,2474,2.486432161
Telangana,NIZAMABAD,2002,Rabi,Gram,4412,5459,1.237307344
Telangana,NIZAMABAD,2002,Rabi,Groundnut,3369,3436,1.019887207
Telangana,NIZAMABAD,2002,Rabi,Horse-gram,4,1,0.25
Telangana,NIZAMABAD,2002,Rabi,Jowar,24024,43147,1.795995671
Telangana,NIZAMABAD,2002,Rabi,Linseed,35,11,0.314285714
Telangana,NIZAMABAD,2002,Rabi,Maize,4259,10158,2.385066917
Telangana,NIZAMABAD,2002,Rabi,Moong(Green Gram),948,242,0.255274262
Telangana,NIZAMABAD,2002,Rabi,Onion,884,28477,32.2138009
Telangana,NIZAMABAD,2002,Rabi,other oilseeds,61,76,1.245901639
Telangana,NIZAMABAD,2002,Rabi,Ragi,2,3,1.5
Telangana,NIZAMABAD,2002,Rabi,Rapeseed &Mustard,9,4,0.444444444
Telangana,NIZAMABAD,2002,Rabi,Rice,17668,40566,2.296015395
Telangana,NIZAMABAD,2002,Rabi,Safflower,2221,624,0.280954525
Telangana,NIZAMABAD,2002,Rabi,Sesamum,864,154,0.178240741
Telangana,NIZAMABAD,2002,Rabi,Urad,2821,652,0.231123715
Telangana,NIZAMABAD,2002,Rabi,Wheat,1521,1399,0.919789612
Telangana,NIZAMABAD,2002,Whole Year,Banana,405,9884,24.40493827
Telangana,NIZAMABAD,2002,Whole Year,Beans & Mutter(Vegetable),53,69,1.301886792
Telangana,NIZAMABAD,2002,Whole Year,Bhindi,424,1113,2.625
Telangana,NIZAMABAD,2002,Whole Year,Bottle Gourd,4,0,0
Telangana,NIZAMABAD,2002,Whole Year,Brinjal,447,1314,2.939597315
Telangana,NIZAMABAD,2002,Whole Year,Cabbage,11,0,0
Telangana,NIZAMABAD,2002,Whole Year,Citrus Fruit,14,64,4.571428571
Telangana,NIZAMABAD,2002,Whole Year,Coriander,428,179,0.418224299
Telangana,NIZAMABAD,2002,Whole Year,Cucumber,10,0,0
Telangana,NIZAMABAD,2002,Whole Year,Dry ginger,46,75,1.630434783
Telangana,NIZAMABAD,2002,Whole Year,Grapes,2,39,19.5
Telangana,NIZAMABAD,2002,Whole Year,Mango,646,1402,2.170278638
Telangana,NIZAMABAD,2002,Whole Year,Orange,25,461,18.44
Telangana,NIZAMABAD,2002,Whole Year,Other Fresh Fruits,36,51,1.416666667
Telangana,NIZAMABAD,2002,Whole Year,Other Vegetables,862,0,0
Telangana,NIZAMABAD,2002,Whole Year,Papaya,1,130,130
Telangana,NIZAMABAD,2002,Whole Year,Peas  (vegetable),42,0,0
Telangana,NIZAMABAD,2002,Whole Year,Pome Fruit,58,322,5.551724138
Telangana,NIZAMABAD,2002,Whole Year,Sugarcane,18108,929864,51.35100508
Telangana,NIZAMABAD,2002,Whole Year,Tobacco,366,1194,3.262295082
Telangana,NIZAMABAD,2002,Whole Year,Tomato,1065,5468,5.1342723
Telangana,NIZAMABAD,2002,Whole Year,Turmeric,9954,54787,5.504018485
Telangana,NIZAMABAD,2003,Kharif,Arhar/Tur,2420,813,0.335950413
Telangana,NIZAMABAD,2003,Kharif,Castor seed,305,140,0.459016393
Telangana,NIZAMABAD,2003,Kharif,Cotton(lint),8588,6416,0.747088961
Telangana,NIZAMABAD,2003,Kharif,Dry chillies,1861,4241,2.278882321
Telangana,NIZAMABAD,2003,Kharif,Groundnut,163,114,0.699386503
Telangana,NIZAMABAD,2003,Kharif,Jowar,2731,2502,0.916147931
Telangana,NIZAMABAD,2003,Kharif,Korra,2242,1276,0.569134701
Telangana,NIZAMABAD,2003,Kharif,Maize,50875,190069,3.736
Telangana,NIZAMABAD,2003,Kharif,Moong(Green Gram),15237,7451,0.489007022
Telangana,NIZAMABAD,2003,Kharif,Onion,8,85,10.625
Telangana,NIZAMABAD,2003,Kharif,Other Kharif pulses,136,22,0.161764706
Telangana,NIZAMABAD,2003,Kharif,Ragi,11,12,1.090909091
Telangana,NIZAMABAD,2003,Kharif,Rice,73668,229181,3.110997991
Telangana,NIZAMABAD,2003,Kharif,Sesamum,19,5,0.263157895
Telangana,NIZAMABAD,2003,Kharif,Soyabean,607,959,1.579901153
Telangana,NIZAMABAD,2003,Kharif,Sunflower,13321,13985,1.049846108
Telangana,NIZAMABAD,2003,Kharif,Urad,14473,9740,0.672977268
Telangana,NIZAMABAD,2003,Rabi,Arhar/Tur,9,3,0.333333333
Telangana,NIZAMABAD,2003,Rabi,Bajra,4778,2919,0.610925073
Telangana,NIZAMABAD,2003,Rabi,Dry chillies,1017,3318,3.262536873
Telangana,NIZAMABAD,2003,Rabi,Gram,8778,10481,1.194007747
Telangana,NIZAMABAD,2003,Rabi,Groundnut,2402,5789,2.410074938
Telangana,NIZAMABAD,2003,Rabi,Horse-gram,318,103,0.323899371
Telangana,NIZAMABAD,2003,Rabi,Jowar,20010,31996,1.5990005
Telangana,NIZAMABAD,2003,Rabi,Maize,3880,15916,4.102061856
Telangana,NIZAMABAD,2003,Rabi,Moong(Green Gram),853,288,0.337631887
Telangana,NIZAMABAD,2003,Rabi,Onion,1034,32251,31.19052224
Telangana,NIZAMABAD,2003,Rabi,Other  Rabi pulses,59,12,0.203389831
Telangana,NIZAMABAD,2003,Rabi,other oilseeds,2138,,
Telangana,NIZAMABAD,2003,Rabi,Ragi,8,14,1.75
Telangana,NIZAMABAD,2003,Rabi,Rapeseed &Mustard,20,5,0.25
Telangana,NIZAMABAD,2003,Rabi,Rice,17702,53177,3.004010846
Telangana,NIZAMABAD,2003,Rabi,Safflower,1884,586,0.31104034
Telangana,NIZAMABAD,2003,Rabi,Sesamum,982,203,0.206720978
Telangana,NIZAMABAD,2003,Rabi,Small millets,2255,1283,0.568957871
Telangana,NIZAMABAD,2003,Rabi,Urad,2101,859,0.408852927
Telangana,NIZAMABAD,2003,Rabi,Varagu,13,7,0.538461538
Telangana,NIZAMABAD,2003,Rabi,Wheat,1389,636,0.457883369
Telangana,NIZAMABAD,2003,Whole Year,Banana,360,5041,14.00277778
Telangana,NIZAMABAD,2003,Whole Year,Beans & Mutter(Vegetable),157,933,5.942675159
Telangana,NIZAMABAD,2003,Whole Year,Bhindi,429,1716,4
Telangana,NIZAMABAD,2003,Whole Year,Bottle Gourd,1,0,0
Telangana,NIZAMABAD,2003,Whole Year,Brinjal,513,6658,12.9785575
Telangana,NIZAMABAD,2003,Whole Year,Cabbage,2,0,0
Telangana,NIZAMABAD,2003,Whole Year,Citrus Fruit,21,157,7.476190476
Telangana,NIZAMABAD,2003,Whole Year,Coriander,470,129,0.274468085
Telangana,NIZAMABAD,2003,Whole Year,Cucumber,16,0,0
Telangana,NIZAMABAD,2003,Whole Year,Dry ginger,38,121,3.184210526
Telangana,NIZAMABAD,2003,Whole Year,Mango,752,2291,3.046542553
Telangana,NIZAMABAD,2003,Whole Year,Orange,9,59,6.555555556
Telangana,NIZAMABAD,2003,Whole Year,Other Fresh Fruits,34,10,0.294117647
Telangana,NIZAMABAD,2003,Whole Year,Other Vegetables,1280,0,0
Telangana,NIZAMABAD,2003,Whole Year,Pome Fruit,43,441,10.25581395
Telangana,NIZAMABAD,2003,Whole Year,Sugarcane,15242,1173146,76.9679832
Telangana,NIZAMABAD,2003,Whole Year,Tobacco,393,849,2.160305344
Telangana,NIZAMABAD,2003,Whole Year,Tomato,1716,11319,6.596153846
Telangana,NIZAMABAD,2003,Whole Year,Turmeric,9568,28321,2.959970736
Telangana,NIZAMABAD,2004,Kharif,Arhar/Tur,3216,1386,0.430970149
Telangana,NIZAMABAD,2004,Kharif,Castor seed,341,128,0.375366569
Telangana,NIZAMABAD,2004,Kharif,Cotton(lint),13053,8830,0.676472841
Telangana,NIZAMABAD,2004,Kharif,Dry chillies,1443,3706,2.568260568
Telangana,NIZAMABAD,2004,Kharif,Groundnut,137,102,0.744525547
Telangana,NIZAMABAD,2004,Kharif,Jowar,2057,1530,0.743801653
Telangana,NIZAMABAD,2004,Kharif,Maize,46547,163845,3.519990547
Telangana,NIZAMABAD,2004,Kharif,Moong(Green Gram),16679,5404,0.32400024
Telangana,NIZAMABAD,2004,Kharif,Onion,11,111,10.09090909
Telangana,NIZAMABAD,2004,Kharif,Other Kharif pulses,211,52,0.246445498
Telangana,NIZAMABAD,2004,Kharif,Ragi,5,10,2
Telangana,NIZAMABAD,2004,Kharif,Rice,60268,135422,2.246996748
Telangana,NIZAMABAD,2004,Kharif,Sesamum,58,16,0.275862069
Telangana,NIZAMABAD,2004,Kharif,Soyabean,12265,19072,1.554993885
Telangana,NIZAMABAD,2004,Kharif,Sunflower,33353,17908,0.536923215
Telangana,NIZAMABAD,2004,Kharif,Urad,16645,5143,0.308981676
Telangana,NIZAMABAD,2004,Rabi,Arhar/Tur,276,119,0.43115942
Telangana,NIZAMABAD,2004,Rabi,Bajra,4783,1511,0.315910516
Telangana,NIZAMABAD,2004,Rabi,Dry chillies,2325,6956,2.991827957
Telangana,NIZAMABAD,2004,Rabi,Gram,5957,5236,0.878965922
Telangana,NIZAMABAD,2004,Rabi,Groundnut,1703,2362,1.386964181
Telangana,NIZAMABAD,2004,Rabi,Horse-gram,37,12,0.324324324
Telangana,NIZAMABAD,2004,Rabi,Jowar,23368,20564,0.880006847
Telangana,NIZAMABAD,2004,Rabi,Maize,3762,7648,2.032961191
Telangana,NIZAMABAD,2004,Rabi,Moong(Green Gram),1240,404,0.325806452
Telangana,NIZAMABAD,2004,Rabi,Onion,1490,36618,24.57583893
Telangana,NIZAMABAD,2004,Rabi,Other  Rabi pulses,4,1,0.25
Telangana,NIZAMABAD,2004,Rabi,Rapeseed &Mustard,21,5,0.238095238
Telangana,NIZAMABAD,2004,Rabi,Rice,13127,33815,2.575988421
Telangana,NIZAMABAD,2004,Rabi,Safflower,5591,2868,0.512967269
Telangana,NIZAMABAD,2004,Rabi,Sesamum,1900,732,0.385263158
Telangana,NIZAMABAD,2004,Rabi,Sunflower,32784,17638,0.538006345
Telangana,NIZAMABAD,2004,Rabi,Urad,1754,1272,0.725199544
Telangana,NIZAMABAD,2004,Rabi,Wheat,1262,877,0.694928685
Telangana,NIZAMABAD,2004,Whole Year,Banana,392,9699,24.74234694
Telangana,NIZAMABAD,2004,Whole Year,Coriander,381,227,0.595800525
Telangana,NIZAMABAD,2004,Whole Year,Dry ginger,38,358,9.421052632
Telangana,NIZAMABAD,2004,Whole Year,Garlic,143,,
Telangana,NIZAMABAD,2004,Whole Year,Sugarcane,14737,1076877,73.0730135
Telangana,NIZAMABAD,2004,Whole Year,Tobacco,28,44,1.571428571
Telangana,NIZAMABAD,2004,Whole Year,Turmeric,8760,78866,9.002968037
Telangana,NIZAMABAD,2005,Kharif,Arhar/Tur,4417,1687,0.381933439
Telangana,NIZAMABAD,2005,Kharif,Castor seed,480,183,0.38125
Telangana,NIZAMABAD,2005,Kharif,Cotton(lint),13279,8514,0.641162738
Telangana,NIZAMABAD,2005,Kharif,Dry chillies,1076,2887,2.683085502
Telangana,NIZAMABAD,2005,Kharif,Groundnut,60,57,0.95
Telangana,NIZAMABAD,2005,Kharif,Jowar,2204,1386,0.628856624
Telangana,NIZAMABAD,2005,Kharif,Maize,54982,217949,3.964006402
Telangana,NIZAMABAD,2005,Kharif,Moong(Green Gram),14262,3651,0.255994952
Telangana,NIZAMABAD,2005,Kharif,Onion,45,581,12.91111111
Telangana,NIZAMABAD,2005,Kharif,Other Kharif pulses,160,27,0.16875
Telangana,NIZAMABAD,2005,Kharif,Rice,98831,344130,3.482004634
Telangana,NIZAMABAD,2005,Kharif,Sesamum,45,11,0.244444444
Telangana,NIZAMABAD,2005,Kharif,Soyabean,14230,32359,2.273998595
Telangana,NIZAMABAD,2005,Kharif,Urad,13844,5067,0.366006934
Telangana,NIZAMABAD,2005,Rabi,Bajra,7313,4636,0.63393956
Telangana,NIZAMABAD,2005,Rabi,Dry chillies,1519,4565,3.005266623
Telangana,NIZAMABAD,2005,Rabi,Gram,7968,11315,1.420055221
Telangana,NIZAMABAD,2005,Rabi,Groundnut,2141,4438,2.072863148
Telangana,NIZAMABAD,2005,Rabi,Horse-gram,19,5,0.263157895
Telangana,NIZAMABAD,2005,Rabi,Jowar,17915,18399,1.027016467
Telangana,NIZAMABAD,2005,Rabi,Maize,7616,37334,4.902048319
Telangana,NIZAMABAD,2005,Rabi,Moong(Green Gram),981,525,0.535168196
Telangana,NIZAMABAD,2005,Rabi,Onion,1792,37173,20.74386161
Telangana,NIZAMABAD,2005,Rabi,Other  Rabi pulses,253,25,0.098814229
Telangana,NIZAMABAD,2005,Rabi,Rapeseed &Mustard,18,8,0.444444444
Telangana,NIZAMABAD,2005,Rabi,Rice,50708,161860,3.192001262
Telangana,NIZAMABAD,2005,Rabi,Safflower,3637,1709,0.469892769
Telangana,NIZAMABAD,2005,Rabi,Sesamum,2739,1019,0.372033589
Telangana,NIZAMABAD,2005,Rabi,Urad,1573,1159,0.736808646
Telangana,NIZAMABAD,2005,Rabi,Wheat,1945,1601,0.823136247
Telangana,NIZAMABAD,2005,Whole Year,Banana,83,1735,20.90361446
Telangana,NIZAMABAD,2005,Whole Year,Coriander,371,156,0.420485175
Telangana,NIZAMABAD,2005,Whole Year,Dry ginger,18,213,11.83333333
Telangana,NIZAMABAD,2005,Whole Year,Garlic,252,,
Telangana,NIZAMABAD,2005,Whole Year,Sugarcane,15314,1330878,86.90596839
Telangana,NIZAMABAD,2005,Whole Year,Sunflower,26024,29600,1.13741162
Telangana,NIZAMABAD,2005,Whole Year,Tobacco,21,39,1.857142857
Telangana,NIZAMABAD,2005,Whole Year,Turmeric,11079,100331,9.055961729
Telangana,NIZAMABAD,2006,Kharif,Arhar/Tur,3333,1173,0.351935194
Telangana,NIZAMABAD,2006,Kharif,Castor seed,344,146,0.424418605
Telangana,NIZAMABAD,2006,Kharif,Cotton(lint),7932,6066,0.764750378
Telangana,NIZAMABAD,2006,Kharif,Dry chillies,1029,3063,2.976676385
Telangana,NIZAMABAD,2006,Kharif,Groundnut,27,17,0.62962963
Telangana,NIZAMABAD,2006,Kharif,Jowar,1599,1799,1.125078174
Telangana,NIZAMABAD,2006,Kharif,Maize,50864,130161,2.559000472
Telangana,NIZAMABAD,2006,Kharif,Mesta,19,167,8.789473684
Telangana,NIZAMABAD,2006,Kharif,Moong(Green Gram),14541,2734,0.188020081
Telangana,NIZAMABAD,2006,Kharif,Other Kharif pulses,59,23,0.389830508
Telangana,NIZAMABAD,2006,Kharif,Rice,114358,361714,3.162996904
Telangana,NIZAMABAD,2006,Kharif,Sesamum,62,12,0.193548387
Telangana,NIZAMABAD,2006,Kharif,Soyabean,18533,21962,1.185021313
Telangana,NIZAMABAD,2006,Kharif,Urad,16116,3078,0.19099032
Telangana,NIZAMABAD,2006,Rabi,Bajra,7845,2769,0.352963671
Telangana,NIZAMABAD,2006,Rabi,Dry chillies,1637,5345,3.26511912
Telangana,NIZAMABAD,2006,Rabi,Gram,12655,17335,1.369814303
Telangana,NIZAMABAD,2006,Rabi,Groundnut,1991,3213,1.613761929
Telangana,NIZAMABAD,2006,Rabi,Jowar,9869,6701,0.678994832
Telangana,NIZAMABAD,2006,Rabi,Maize,8507,43105,5.067003644
Telangana,NIZAMABAD,2006,Rabi,Moong(Green Gram),823,709,0.861482382
Telangana,NIZAMABAD,2006,Rabi,Onion,1459,32455,22.24468814
Telangana,NIZAMABAD,2006,Rabi,Other  Rabi pulses,420,218,0.519047619
Telangana,NIZAMABAD,2006,Rabi,Rapeseed &Mustard,9,5,0.555555556
Telangana,NIZAMABAD,2006,Rabi,Rice,53292,177143,3.324007356
Telangana,NIZAMABAD,2006,Rabi,Safflower,1722,956,0.555168409
Telangana,NIZAMABAD,2006,Rabi,Sesamum,1994,648,0.324974925
Telangana,NIZAMABAD,2006,Rabi,Urad,1033,979,0.947725073
Telangana,NIZAMABAD,2006,Rabi,Wheat,1548,1740,1.124031008
Telangana,NIZAMABAD,2006,Whole Year,Banana,109,2653,24.33944954
Telangana,NIZAMABAD,2006,Whole Year,Coriander,243,136,0.559670782
Telangana,NIZAMABAD,2006,Whole Year,Dry ginger,24,126,5.25
Telangana,NIZAMABAD,2006,Whole Year,Sugarcane,17234,1451775,84.23900429
Telangana,NIZAMABAD,2006,Whole Year,Sunflower,19394,26232,1.352583273
Telangana,NIZAMABAD,2006,Whole Year,Tobacco,232,723,3.11637931
Telangana,NIZAMABAD,2006,Whole Year,Turmeric,11044,73155,6.623958711
Telangana,NIZAMABAD,2007,Kharif,Arhar/Tur,3000,2000,0.666666667
Telangana,NIZAMABAD,2007,Kharif,Cotton(lint),9000,15000,1.666666667
Telangana,NIZAMABAD,2007,Kharif,Dry chillies,1000,3000,3
Telangana,NIZAMABAD,2007,Kharif,Jowar,2000,2000,1
Telangana,NIZAMABAD,2007,Kharif,Maize,50000,268000,5.36
Telangana,NIZAMABAD,2007,Kharif,Moong(Green Gram),21000,6000,0.285714286
Telangana,NIZAMABAD,2007,Kharif,Rice,71000,254000,3.577464789
Telangana,NIZAMABAD,2007,Kharif,Urad,20000,5000,0.25
Telangana,NIZAMABAD,2007,Rabi,Bajra,9000,6000,0.666666667
Telangana,NIZAMABAD,2007,Rabi,Dry chillies,1000,4000,4
Telangana,NIZAMABAD,2007,Rabi,Gram,27000,49000,1.814814815
Telangana,NIZAMABAD,2007,Rabi,Groundnut,3000,7000,2.333333333
Telangana,NIZAMABAD,2007,Rabi,Jowar,8000,11000,1.375
Telangana,NIZAMABAD,2007,Rabi,Maize,12000,69000,5.75
Telangana,NIZAMABAD,2007,Rabi,Onion,2000,45000,22.5
Telangana,NIZAMABAD,2007,Rabi,Other  Rabi pulses,1000,1000,1
Telangana,NIZAMABAD,2007,Rabi,Rice,57000,199000,3.49122807
Telangana,NIZAMABAD,2007,Rabi,Sesamum,2000,1000,0.5
Telangana,NIZAMABAD,2007,Rabi,Sunflower,36000,55000,1.527777778
Telangana,NIZAMABAD,2007,Rabi,Urad,1000,1000,1
Telangana,NIZAMABAD,2007,Rabi,Wheat,2000,2000,1
Telangana,NIZAMABAD,2007,Whole Year,Sugarcane,19000,1571000,82.68421053
Telangana,NIZAMABAD,2008,Kharif,Arhar/Tur,3339,4568,1.368074274
Telangana,NIZAMABAD,2008,Kharif,Bajra,18,11,0.611111111
Telangana,NIZAMABAD,2008,Kharif,Castor seed,96,45,0.46875
Telangana,NIZAMABAD,2008,Kharif,Cotton(lint),11832,29232,2.470588235
Telangana,NIZAMABAD,2008,Kharif,Dry chillies,1157,3886,3.358686258
Telangana,NIZAMABAD,2008,Kharif,Groundnut,73,63,0.863013699
Telangana,NIZAMABAD,2008,Kharif,Horse-gram,13,5,0.384615385
Telangana,NIZAMABAD,2008,Kharif,Jowar,1017,1087,1.068829892
Telangana,NIZAMABAD,2008,Kharif,Maize,52439,235346,4.487995576
Telangana,NIZAMABAD,2008,Kharif,Moong(Green Gram),17133,13758,0.803011732
Telangana,NIZAMABAD,2008,Kharif,Onion,49,704,14.36734694
Telangana,NIZAMABAD,2008,Kharif,Rice,111687,407769,3.650997878
Telangana,NIZAMABAD,2008,Kharif,Sesamum,3,1,0.333333333
Telangana,NIZAMABAD,2008,Kharif,Soyabean,44082,73088,1.658000998
Telangana,NIZAMABAD,2008,Kharif,Urad,13982,11591,0.828994421
Telangana,NIZAMABAD,2008,Rabi,Bajra,7008,4443,0.633989726
Telangana,NIZAMABAD,2008,Rabi,Dry chillies,1272,5005,3.934748428
Telangana,NIZAMABAD,2008,Rabi,Gram,28376,70415,2.481498449
Telangana,NIZAMABAD,2008,Rabi,Groundnut,2805,6331,2.257040998
Telangana,NIZAMABAD,2008,Rabi,Horse-gram,147,61,0.414965986
Telangana,NIZAMABAD,2008,Rabi,Jowar,4944,5972,1.207928803
Telangana,NIZAMABAD,2008,Rabi,Maize,15633,106617,6.819996162
Telangana,NIZAMABAD,2008,Rabi,Moong(Green Gram),199,176,0.884422111
Telangana,NIZAMABAD,2008,Rabi,Onion,1282,29117,22.71216849
Telangana,NIZAMABAD,2008,Rabi,Other  Rabi pulses,496,784,1.580645161
Telangana,NIZAMABAD,2008,Rabi,Rapeseed &Mustard,578,727,1.257785467
Telangana,NIZAMABAD,2008,Rabi,Rice,78339,271836,3.469995788
Telangana,NIZAMABAD,2008,Rabi,Safflower,2041,1218,0.596766291
Telangana,NIZAMABAD,2008,Rabi,Sesamum,2270,570,0.251101322
Telangana,NIZAMABAD,2008,Rabi,Urad,798,536,0.671679198
Telangana,NIZAMABAD,2008,Rabi,Wheat,1304,1777,1.362730061
Telangana,NIZAMABAD,2008,Whole Year,Banana,241,6137,25.46473029
Telangana,NIZAMABAD,2008,Whole Year,Coconut,12,111852,9321
Telangana,NIZAMABAD,2008,Whole Year,Coriander,241,105,0.435684647
Telangana,NIZAMABAD,2008,Whole Year,Dry ginger,18,127,7.055555556
Telangana,NIZAMABAD,2008,Whole Year,Sugarcane,10619,822276,77.43441002
Telangana,NIZAMABAD,2008,Whole Year,Sunflower,29054,35702,1.228815309
Telangana,NIZAMABAD,2008,Whole Year,Tobacco,204,719,3.524509804
Telangana,NIZAMABAD,2008,Whole Year,Turmeric,9409,88840,9.442023594
Telangana,NIZAMABAD,2009,Kharif,Arhar/Tur,3206,2998,0.935121647
Telangana,NIZAMABAD,2009,Kharif,Castor seed,6,2,0.333333333
Telangana,NIZAMABAD,2009,Kharif,Cotton(lint),15121,38692,2.558825475
Telangana,NIZAMABAD,2009,Kharif,Dry chillies,791,2745,3.470290771
Telangana,NIZAMABAD,2009,Kharif,Groundnut,8,6,0.75
Telangana,NIZAMABAD,2009,Kharif,Horse-gram,4,2,0.5
Telangana,NIZAMABAD,2009,Kharif,Jowar,1474,1290,0.875169607
Telangana,NIZAMABAD,2009,Kharif,Maize,61888,201755,3.260001939
Telangana,NIZAMABAD,2009,Kharif,Moong(Green Gram),19684,1496,0.076000813
Telangana,NIZAMABAD,2009,Kharif,Onion,6,104,17.33333333
Telangana,NIZAMABAD,2009,Kharif,Rice,75732,245978,3.248006127
Telangana,NIZAMABAD,2009,Kharif,Sesamum,39,4,0.102564103
Telangana,NIZAMABAD,2009,Kharif,Soyabean,57852,73530,1.271001867
Telangana,NIZAMABAD,2009,Kharif,Urad,11238,1506,0.13400961
Telangana,NIZAMABAD,2009,Rabi,Arhar/Tur,436,408,0.935779817
Telangana,NIZAMABAD,2009,Rabi,Bajra,7950,3848,0.484025157
Telangana,NIZAMABAD,2009,Rabi,Dry chillies,1338,5059,3.781016442
Telangana,NIZAMABAD,2009,Rabi,Gram,26415,47547,1.8
Telangana,NIZAMABAD,2009,Rabi,Groundnut,2542,3691,1.452006294
Telangana,NIZAMABAD,2009,Rabi,Jowar,8673,8578,0.989046466
Telangana,NIZAMABAD,2009,Rabi,Maize,13240,51504,3.890030211
Telangana,NIZAMABAD,2009,Rabi,Moong(Green Gram),394,182,0.461928934
Telangana,NIZAMABAD,2009,Rabi,Onion,1727,46774,27.08396063
Telangana,NIZAMABAD,2009,Rabi,Other  Rabi pulses,423,406,0.959810875
Telangana,NIZAMABAD,2009,Rabi,Rapeseed &Mustard,929,556,0.598493003
Telangana,NIZAMABAD,2009,Rabi,Rice,45538,143080,3.141991304
Telangana,NIZAMABAD,2009,Rabi,Safflower,3852,1672,0.434060228
Telangana,NIZAMABAD,2009,Rabi,Sesamum,1765,582,0.329745042
Telangana,NIZAMABAD,2009,Rabi,Urad,1075,747,0.694883721
Telangana,NIZAMABAD,2009,Rabi,Wheat,1679,1828,1.0887433
Telangana,NIZAMABAD,2009,Whole Year,Banana,150,4522,30.14666667
Telangana,NIZAMABAD,2009,Whole Year,Coconut,4,44688,11172
Telangana,NIZAMABAD,2009,Whole Year,Coriander,277,175,0.631768953
Telangana,NIZAMABAD,2009,Whole Year,Dry ginger,21,189,9
Telangana,NIZAMABAD,2009,Whole Year,Garlic,131,142,1.083969466
Telangana,NIZAMABAD,2009,Whole Year,Sugarcane,5936,395727,66.66559973
Telangana,NIZAMABAD,2009,Whole Year,Sunflower,16170,12613,0.780024737
Telangana,NIZAMABAD,2009,Whole Year,Tobacco,486,1411,2.903292181
Telangana,NIZAMABAD,2009,Whole Year,Turmeric,9778,90231,9.227960728
Telangana,NIZAMABAD,2010,Kharif,Arhar/Tur,5704,5807,1.018057504
Telangana,NIZAMABAD,2010,Kharif,Bajra,2,1,0.5
Telangana,NIZAMABAD,2010,Kharif,Castor seed,21,10,0.476190476
Telangana,NIZAMABAD,2010,Kharif,Cotton(lint),20431,65379,3.199990211
Telangana,NIZAMABAD,2010,Kharif,Dry chillies,1069,3373,3.155285313
Telangana,NIZAMABAD,2010,Kharif,Horse-gram,2,1,0.5
Telangana,NIZAMABAD,2010,Kharif,Jowar,1583,2982,1.883765003
Telangana,NIZAMABAD,2010,Kharif,Maize,58533,296411,5.063998087
Telangana,NIZAMABAD,2010,Kharif,Moong(Green Gram),19081,12670,0.66401132
Telangana,NIZAMABAD,2010,Kharif,Ragi,1,1,1
Telangana,NIZAMABAD,2010,Kharif,Rice,116729,427496,3.662294717
Telangana,NIZAMABAD,2010,Kharif,Soyabean,58470,123079,2.104994014
Telangana,NIZAMABAD,2010,Kharif,Urad,11804,10010,0.848017621
Telangana,NIZAMABAD,2010,Rabi,Arhar/Tur,4,4,1
Telangana,NIZAMABAD,2010,Rabi,Bajra,8052,5838,0.725037258
Telangana,NIZAMABAD,2010,Rabi,Dry chillies,1252,3743,2.989616613
Telangana,NIZAMABAD,2010,Rabi,Gram,23877,39493,1.654018512
Telangana,NIZAMABAD,2010,Rabi,Groundnut,1466,3080,2.10095498
Telangana,NIZAMABAD,2010,Rabi,Horse-gram,33,13,0.393939394
Telangana,NIZAMABAD,2010,Rabi,Jowar,6663,5644,0.847065886
Telangana,NIZAMABAD,2010,Rabi,Maize,18723,72982,3.897986434
Telangana,NIZAMABAD,2010,Rabi,Moong(Green Gram),435,241,0.554022989
Telangana,NIZAMABAD,2010,Rabi,Onion,1945,41950,21.56812339
Telangana,NIZAMABAD,2010,Rabi,Other  Rabi pulses,1203,1363,1.133000831
Telangana,NIZAMABAD,2010,Rabi,Rapeseed &Mustard,561,675,1.203208556
Telangana,NIZAMABAD,2010,Rabi,Rice,104894,416744,3.973001316
Telangana,NIZAMABAD,2010,Rabi,Safflower,2595,1552,0.598073218
Telangana,NIZAMABAD,2010,Rabi,Sesamum,1787,588,0.329043089
Telangana,NIZAMABAD,2010,Rabi,Urad,1557,1152,0.739884393
Telangana,NIZAMABAD,2010,Rabi,Wheat,1672,2179,1.303229665
Telangana,NIZAMABAD,2010,Whole Year,Banana,138,4501,32.61594203
Telangana,NIZAMABAD,2010,Whole Year,Coriander,323,219,0.678018576
Telangana,NIZAMABAD,2010,Whole Year,Dry ginger,2,19,9.5
Telangana,NIZAMABAD,2010,Whole Year,Garlic,104,114,1.096153846
Telangana,NIZAMABAD,2010,Whole Year,Ginger,2,19,9.5
Telangana,NIZAMABAD,2010,Whole Year,Sugarcane,8298,636661,76.72463244
Telangana,NIZAMABAD,2010,Whole Year,Sunflower,5934,5673,0.956016178
Telangana,NIZAMABAD,2010,Whole Year,Tobacco,554,1419,2.561371841
Telangana,NIZAMABAD,2010,Whole Year,Turmeric,11015,96381,8.749977304
Telangana,NIZAMABAD,2011,Kharif,Arhar/Tur,3946,3662,0.928028383
Telangana,NIZAMABAD,2011,Kharif,Bajra,37,23,0.621621622
Telangana,NIZAMABAD,2011,Kharif,Castor seed,15,6,0.4
Telangana,NIZAMABAD,2011,Kharif,Cotton(lint),23150,31593,1.364708423
Telangana,NIZAMABAD,2011,Kharif,Cowpea(Lobia),2,,
Telangana,NIZAMABAD,2011,Kharif,Dry chillies,1098,2636,2.400728597
Telangana,NIZAMABAD,2011,Kharif,Groundnut,13,15,1.153846154
Telangana,NIZAMABAD,2011,Kharif,Jowar,1144,1036,0.905594406
Telangana,NIZAMABAD,2011,Kharif,Maize,58628,296716,5.060994747
Telangana,NIZAMABAD,2011,Kharif,Moong(Green Gram),13405,9410,0.701976874
Telangana,NIZAMABAD,2011,Kharif,Onion,42,472,11.23809524
Telangana,NIZAMABAD,2011,Kharif,Rice,149497,584000,3.906432905
Telangana,NIZAMABAD,2011,Kharif,Soyabean,60295,112149,1.860004976
Telangana,NIZAMABAD,2011,Kharif,Urad,9927,8210,0.827037373
Telangana,NIZAMABAD,2011,Rabi,Bajra,6506,4073,0.626037504
Telangana,NIZAMABAD,2011,Rabi,Dry chillies,1085,3532,3.255299539
Telangana,NIZAMABAD,2011,Rabi,Gram,17533,23897,1.36297268
Telangana,NIZAMABAD,2011,Rabi,Groundnut,1327,2225,1.676714393
Telangana,NIZAMABAD,2011,Rabi,Jowar,6723,12780,1.900937082
Telangana,NIZAMABAD,2011,Rabi,Maize,27689,140162,5.062010185
Telangana,NIZAMABAD,2011,Rabi,Moong(Green Gram),463,322,0.695464363
Telangana,NIZAMABAD,2011,Rabi,Onion,2436,63265,25.97085386
Telangana,NIZAMABAD,2011,Rabi,Other  Rabi pulses,479,689,1.438413361
Telangana,NIZAMABAD,2011,Rabi,Rapeseed &Mustard,120,307,2.558333333
Telangana,NIZAMABAD,2011,Rabi,Rice,110314,388195,3.519000308
Telangana,NIZAMABAD,2011,Rabi,Safflower,969,576,0.594427245
Telangana,NIZAMABAD,2011,Rabi,Sesamum,3563,1308,0.367106371
Telangana,NIZAMABAD,2011,Rabi,Urad,1559,649,0.416292495
Telangana,NIZAMABAD,2011,Rabi,Wheat,1420,1877,1.321830986
Telangana,NIZAMABAD,2011,Whole Year,Banana,178,6616,37.16853933
Telangana,NIZAMABAD,2011,Whole Year,Coconut,2,29212,14606
Telangana,NIZAMABAD,2011,Whole Year,Coriander,190,110,0.578947368
Telangana,NIZAMABAD,2011,Whole Year,Dry ginger,4,36,9
Telangana,NIZAMABAD,2011,Whole Year,Garlic,165,346,2.096969697
Telangana,NIZAMABAD,2011,Whole Year,Sugarcane,9298,685432,73.71821897
Telangana,NIZAMABAD,2011,Whole Year,Sunflower,6909,8726,1.262990303
Telangana,NIZAMABAD,2011,Whole Year,Tobacco,1236,4922,3.982200647
Telangana,NIZAMABAD,2011,Whole Year,Turmeric,11943,97933,8.200033492
Telangana,NIZAMABAD,2013,Kharif,Arhar/Tur,3630,2073,0.57107438
Telangana,NIZAMABAD,2013,Kharif,Banana,46,1433,31.15217391
Telangana,NIZAMABAD,2013,Kharif,Castor seed,20,14,0.7
Telangana,NIZAMABAD,2013,Kharif,Cotton(lint),15398,30618,1.988440057
Telangana,NIZAMABAD,2013,Kharif,Cowpea(Lobia),13,6,0.461538462
Telangana,NIZAMABAD,2013,Kharif,Dry chillies,498,1575,3.162650602
Telangana,NIZAMABAD,2013,Kharif,Horse-gram,12,7,0.583333333
Telangana,NIZAMABAD,2013,Kharif,Jowar,3978,4813,1.209904475
Telangana,NIZAMABAD,2013,Kharif,Maize,52837,262494,4.967995912
Telangana,NIZAMABAD,2013,Kharif,Moong(Green Gram),6789,5221,0.76903815
Telangana,NIZAMABAD,2013,Kharif,Onion,25,470,18.8
Telangana,NIZAMABAD,2013,Kharif,Rice,152303,622200,4.085277375
Telangana,NIZAMABAD,2013,Kharif,Sugarcane,7032,583002,82.90699659
Telangana,NIZAMABAD,2013,Kharif,Turmeric,13250,55359,4.178037736
Telangana,NIZAMABAD,2013,Kharif,Urad,5696,4044,0.70997191
Telangana,NIZAMABAD,2013,Rabi,Bajra,6755,6363,0.941968912
Telangana,NIZAMABAD,2013,Rabi,Dry chillies,865,3797,4.389595376
Telangana,NIZAMABAD,2013,Rabi,Gram,35725,73093,2.045990203
Telangana,NIZAMABAD,2013,Rabi,Groundnut,1199,2477,2.06588824
Telangana,NIZAMABAD,2013,Rabi,Jowar,3978,4813,1.209904475
Telangana,NIZAMABAD,2013,Rabi,Maize,39813,233344,5.861000176
Telangana,NIZAMABAD,2013,Rabi,Moong(Green Gram),556,517,0.929856115
Telangana,NIZAMABAD,2013,Rabi,Onion,2736,77390,28.28581871
Telangana,NIZAMABAD,2013,Rabi,Other  Rabi pulses,442,630,1.425339367
Telangana,NIZAMABAD,2013,Rabi,Rapeseed &Mustard,194,210,1.082474227
Telangana,NIZAMABAD,2013,Rabi,Rice,108509,421992,3.889004599
Telangana,NIZAMABAD,2013,Rabi,Sesamum,4047,1623,0.401037806
Telangana,NIZAMABAD,2013,Rabi,Sunflower,6920,3854,0.556936416
Telangana,NIZAMABAD,2013,Rabi,Tobacco,878,3813,4.342824601
Telangana,NIZAMABAD,2013,Rabi,Urad,865,848,0.980346821
Telangana,NIZAMABAD,2013,Rabi,Wheat,1170,1706,1.458119658
Telangana,NIZAMABAD,2013,Whole Year,Castor seed,20,14,0.7
Telangana,NIZAMABAD,2013,Whole Year,Coriander,265,190,0.716981132
Telangana,NIZAMABAD,2013,Whole Year,Safflower,2284,1608,0.704028021
Telangana,NIZAMABAD,2013,Whole Year,Soyabean,99796,215559,2.159996393
Telangana,NIZAMABAD,2014,Kharif,Arhar/Tur,3380,886,0.262130178
Telangana,NIZAMABAD,2014,Kharif,Banana,44,1856,42.18181818
Telangana,NIZAMABAD,2014,Kharif,Cotton(lint),15795,18861,1.194112061
Telangana,NIZAMABAD,2014,Kharif,Dry chillies,497,1615,3.249496982
Telangana,NIZAMABAD,2014,Kharif,Groundnut,22,38,1.727272727
Telangana,NIZAMABAD,2014,Kharif,Jowar,617,357,0.578606159
Telangana,NIZAMABAD,2014,Kharif,Maize,39136,191688,4.897996729
Telangana,NIZAMABAD,2014,Kharif,Moong(Green Gram),5761,1895,0.328935949
Telangana,NIZAMABAD,2014,Kharif,Onion,34,528,15.52941176
Telangana,NIZAMABAD,2014,Kharif,Rice,112427,404400,3.59700072
Telangana,NIZAMABAD,2014,Kharif,Soyabean,97431,133286,1.368004023
Telangana,NIZAMABAD,2014,Kharif,Sugarcane,5429,473572,87.23006078
Telangana,NIZAMABAD,2014,Kharif,Turmeric,12458,47004,3.772997271
Telangana,NIZAMABAD,2014,Kharif,Urad,4144,1297,0.312982625
Telangana,NIZAMABAD,2014,Rabi,Bajra,6063,5681,0.936994887
Telangana,NIZAMABAD,2014,Rabi,Dry chillies,539,2210,4.100185529
Telangana,NIZAMABAD,2014,Rabi,Gram,7971,9358,1.174005771
Telangana,NIZAMABAD,2014,Rabi,Groundnut,861,2468,2.866434379
Telangana,NIZAMABAD,2014,Rabi,Jowar,7245,11063,1.526984127
Telangana,NIZAMABAD,2014,Rabi,Maize,18518,92312,4.98498758
Telangana,NIZAMABAD,2014,Rabi,Moong(Green Gram),891,525,0.589225589
Telangana,NIZAMABAD,2014,Rabi,Onion,2244,68628,30.5828877
Telangana,NIZAMABAD,2014,Rabi,Other  Rabi pulses,53,53,1
Telangana,NIZAMABAD,2014,Rabi,Ragi,2,2,1
Telangana,NIZAMABAD,2014,Rabi,Rapeseed &Mustard,439,469,1.06833713
Telangana,NIZAMABAD,2014,Rabi,Rice,56845,216125,3.802005453
Telangana,NIZAMABAD,2014,Rabi,Safflower,1457,1409,0.967055594
Telangana,NIZAMABAD,2014,Rabi,Sesamum,5159,2409,0.466950959
Telangana,NIZAMABAD,2014,Rabi,Soyabean,117,160,1.367521368
Telangana,NIZAMABAD,2014,Rabi,Sunflower,6827,8875,1.299985352
Telangana,NIZAMABAD,2014,Rabi,Tobacco,945,3664,3.877248677
Telangana,NIZAMABAD,2014,Rabi,Urad,689,280,0.406386067
Telangana,NIZAMABAD,2014,Rabi,Wheat,1196,1971,1.647993311
Telangana,NIZAMABAD,2014,Whole Year,Coriander,205,49,0.23902439
Telangana,RANGAREDDI,1997,Kharif,Arhar/Tur,28900,1100,0.038062284
Telangana,RANGAREDDI,1997,Kharif,Bajra,900,300,0.333333333
Telangana,RANGAREDDI,1997,Kharif,Castor seed,15400,3600,0.233766234
Telangana,RANGAREDDI,1997,Kharif,Cotton(lint),21900,21800,0.99543379
Telangana,RANGAREDDI,1997,Kharif,Dry chillies,2000,2000,1
Telangana,RANGAREDDI,1997,Kharif,Groundnut,1400,700,0.5
Telangana,RANGAREDDI,1997,Kharif,Horse-gram,1800,500,0.277777778
Telangana,RANGAREDDI,1997,Kharif,Jowar,50500,62900,1.245544554
Telangana,RANGAREDDI,1997,Kharif,Korra,300,100,0.333333333
Telangana,RANGAREDDI,1997,Kharif,Maize,5500,13700,2.490909091
Telangana,RANGAREDDI,1997,Kharif,Moong(Green Gram),16900,6000,0.355029586
Telangana,RANGAREDDI,1997,Kharif,Ragi,6600,8300,1.257575758
Telangana,RANGAREDDI,1997,Kharif,Rice,24000,48900,2.0375
Telangana,RANGAREDDI,1997,Kharif,Samai,600,100,0.166666667
Telangana,RANGAREDDI,1997,Kharif,Sugarcane,600,40200,67
Telangana,RANGAREDDI,1997,Kharif,Sunflower,1500,600,0.4
Telangana,RANGAREDDI,1997,Kharif,Urad,8800,3800,0.431818182
Telangana,RANGAREDDI,1997,Rabi,Dry chillies,900,1900,2.111111111
Telangana,RANGAREDDI,1997,Rabi,Gram,5600,700,0.125
Telangana,RANGAREDDI,1997,Rabi,Groundnut,3500,3200,0.914285714
Telangana,RANGAREDDI,1997,Rabi,Horse-gram,300,100,0.333333333
Telangana,RANGAREDDI,1997,Rabi,Jowar,23400,15000,0.641025641
Telangana,RANGAREDDI,1997,Rabi,Maize,500,1400,2.8
Telangana,RANGAREDDI,1997,Rabi,Ragi,200,200,1
Telangana,RANGAREDDI,1997,Rabi,Rice,15700,42800,2.72611465
Telangana,RANGAREDDI,1997,Rabi,Sesamum,1700,200,0.117647059
Telangana,RANGAREDDI,1997,Rabi,Small millets,2000,100,0.05
Telangana,RANGAREDDI,1997,Rabi,Sunflower,500,200,0.4
Telangana,RANGAREDDI,1997,Rabi,Wheat,1700,1000,0.588235294
Telangana,RANGAREDDI,1998,Kharif,Arhar/Tur,35600,15400,0.43258427
Telangana,RANGAREDDI,1998,Kharif,Bajra,1400,700,0.5
Telangana,RANGAREDDI,1998,Kharif,Castor seed,10500,1900,0.180952381
Telangana,RANGAREDDI,1998,Kharif,Cotton(lint),26400,25400,0.962121212
Telangana,RANGAREDDI,1998,Kharif,Dry chillies,2300,2000,0.869565217
Telangana,RANGAREDDI,1998,Kharif,Groundnut,1300,600,0.461538462
Telangana,RANGAREDDI,1998,Kharif,Horse-gram,2000,700,0.35
Telangana,RANGAREDDI,1998,Kharif,Jowar,67800,35700,0.526548673
Telangana,RANGAREDDI,1998,Kharif,Korra,200,100,0.5
Telangana,RANGAREDDI,1998,Kharif,Maize,5700,13800,2.421052632
Telangana,RANGAREDDI,1998,Kharif,Moong(Green Gram),16200,10500,0.648148148
Telangana,RANGAREDDI,1998,Kharif,Ragi,10300,6300,0.611650485
Telangana,RANGAREDDI,1998,Kharif,Rice,30200,55300,1.831125828
Telangana,RANGAREDDI,1998,Kharif,Samai,400,100,0.25
Telangana,RANGAREDDI,1998,Kharif,Sunflower,800,600,0.75
Telangana,RANGAREDDI,1998,Kharif,Urad,7800,5100,0.653846154
Telangana,RANGAREDDI,1998,Rabi,Dry chillies,600,1500,2.5
Telangana,RANGAREDDI,1998,Rabi,Gram,5600,700,0.125
Telangana,RANGAREDDI,1998,Rabi,Groundnut,7300,9400,1.287671233
Telangana,RANGAREDDI,1998,Rabi,Horse-gram,400,100,0.25
Telangana,RANGAREDDI,1998,Rabi,Jowar,20000,7300,0.365
Telangana,RANGAREDDI,1998,Rabi,Maize,400,1700,4.25
Telangana,RANGAREDDI,1998,Rabi,Ragi,100,300,3
Telangana,RANGAREDDI,1998,Rabi,Rice,29800,77000,2.583892617
Telangana,RANGAREDDI,1998,Rabi,Sesamum,1600,100,0.0625
Telangana,RANGAREDDI,1998,Rabi,Sunflower,1000,400,0.4
Telangana,RANGAREDDI,1998,Rabi,Wheat,2000,1400,0.7
Telangana,RANGAREDDI,1998,Whole Year,Sugarcane,1300,110200,84.76923077
Telangana,RANGAREDDI,1999,Kharif,Bajra,1224,716,0.58496732
Telangana,RANGAREDDI,1999,Kharif,Castor seed,11407,2316,0.203033225
Telangana,RANGAREDDI,1999,Kharif,Cotton(lint),18346,19101,1.041153385
Telangana,RANGAREDDI,1999,Kharif,Groundnut,1445,824,0.570242215
Telangana,RANGAREDDI,1999,Kharif,Horse-gram,1624,448,0.275862069
Telangana,RANGAREDDI,1999,Kharif,Jowar,60145,47635,0.79200266
Telangana,RANGAREDDI,1999,Kharif,Maize,8253,15846,1.92002908
Telangana,RANGAREDDI,1999,Kharif,Masoor,37400,17802,0.475989305
Telangana,RANGAREDDI,1999,Kharif,Moong(Green Gram),15875,11811,0.744
Telangana,RANGAREDDI,1999,Kharif,Niger seed,960,370,0.385416667
Telangana,RANGAREDDI,1999,Kharif,Ragi,8666,10772,1.243018694
Telangana,RANGAREDDI,1999,Kharif,Rice,34109,79167,2.321000322
Telangana,RANGAREDDI,1999,Kharif,Sesamum,1750,270,0.154285714
Telangana,RANGAREDDI,1999,Kharif,Sunflower,935,472,0.504812834
Telangana,RANGAREDDI,1999,Kharif,Urad,7299,5657,0.775037676
Telangana,RANGAREDDI,1999,Rabi,Gram,4937,3258,0.659914928
Telangana,RANGAREDDI,1999,Rabi,Groundnut,5376,6258,1.1640625
Telangana,RANGAREDDI,1999,Rabi,Horse-gram,301,107,0.355481728
Telangana,RANGAREDDI,1999,Rabi,Jowar,16894,4105,0.242985675
Telangana,RANGAREDDI,1999,Rabi,Linseed,330,20,0.060606061
Telangana,RANGAREDDI,1999,Rabi,Maize,551,2119,3.845735027
Telangana,RANGAREDDI,1999,Rabi,Ragi,320,549,1.715625
Telangana,RANGAREDDI,1999,Rabi,Rapeseed &Mustard,9,2,0.222222222
Telangana,RANGAREDDI,1999,Rabi,Rice,19140,37055,1.93599791
Telangana,RANGAREDDI,1999,Rabi,Safflower,3427,1131,0.330026262
Telangana,RANGAREDDI,1999,Rabi,Wheat,2109,1529,0.724988146
Telangana,RANGAREDDI,1999,Whole Year,Dry chillies,3621,3685,1.017674676
Telangana,RANGAREDDI,1999,Whole Year,Onion,2496,49888,19.98717949
Telangana,RANGAREDDI,1999,Whole Year,Sugarcane,1579,104304,66.0569981
Telangana,RANGAREDDI,2000,Kharif,Arhar/Tur,35400,12178,0.344011299
Telangana,RANGAREDDI,2000,Kharif,Bajra,1102,661,0.599818512
Telangana,RANGAREDDI,2000,Kharif,Castor seed,12329,4426,0.358990997
Telangana,RANGAREDDI,2000,Kharif,Cotton(lint),14424,19769,1.370562951
Telangana,RANGAREDDI,2000,Kharif,Dry chillies,2369,4603,1.94301393
Telangana,RANGAREDDI,2000,Kharif,Groundnut,1254,900,0.717703349
Telangana,RANGAREDDI,2000,Kharif,Horse-gram,1193,719,0.602682313
Telangana,RANGAREDDI,2000,Kharif,Jowar,58021,50246,0.865996794
Telangana,RANGAREDDI,2000,Kharif,Korra,73,71,0.97260274
Telangana,RANGAREDDI,2000,Kharif,Maize,11419,22415,1.962956476
Telangana,RANGAREDDI,2000,Kharif,Moong(Green Gram),23663,8637,0.365000211
Telangana,RANGAREDDI,2000,Kharif,Niger seed,376,122,0.324468085
Telangana,RANGAREDDI,2000,Kharif,Onion,434,4859,11.19585253
Telangana,RANGAREDDI,2000,Kharif,Other Kharif pulses,548,99,0.180656934
Telangana,RANGAREDDI,2000,Kharif,other misc. pulses,169,44,0.26035503
Telangana,RANGAREDDI,2000,Kharif,Ragi,5312,5169,0.973079819
Telangana,RANGAREDDI,2000,Kharif,Rice,39103,100573,2.572002148
Telangana,RANGAREDDI,2000,Kharif,Samai,255,126,0.494117647
Telangana,RANGAREDDI,2000,Kharif,Sesamum,1665,291,0.174774775
Telangana,RANGAREDDI,2000,Kharif,Small millets,328,197,0.600609756
Telangana,RANGAREDDI,2000,Kharif,Sunflower,934,772,0.826552463
Telangana,RANGAREDDI,2000,Kharif,Urad,9436,2689,0.284972446
Telangana,RANGAREDDI,2000,Rabi,Arhar/Tur,6,2,0.333333333
Telangana,RANGAREDDI,2000,Rabi,Bajra,39,23,0.58974359
Telangana,RANGAREDDI,2000,Rabi,Dry chillies,733,1695,2.312414734
Telangana,RANGAREDDI,2000,Rabi,Gram,4580,3288,0.71790393
Telangana,RANGAREDDI,2000,Rabi,Groundnut,4879,7860,1.610985858
Telangana,RANGAREDDI,2000,Rabi,Horse-gram,271,53,0.195571956
Telangana,RANGAREDDI,2000,Rabi,Jowar,16843,13154,0.780977261
Telangana,RANGAREDDI,2000,Rabi,Linseed,137,27,0.197080292
Telangana,RANGAREDDI,2000,Rabi,Maize,487,2237,4.593429158
Telangana,RANGAREDDI,2000,Rabi,Onion,2276,42623,18.7271529
Telangana,RANGAREDDI,2000,Rabi,Ragi,358,620,1.731843575
Telangana,RANGAREDDI,2000,Rabi,Rapeseed &Mustard,7,2,0.285714286
Telangana,RANGAREDDI,2000,Rabi,Rice,18996,47642,2.508001685
Telangana,RANGAREDDI,2000,Rabi,Safflower,3106,1360,0.437862202
Telangana,RANGAREDDI,2000,Rabi,Urad,31,16,0.516129032
Telangana,RANGAREDDI,2000,Rabi,Wheat,2156,1468,0.680890538
Telangana,RANGAREDDI,2000,Whole Year,Banana,246,6042,24.56097561
Telangana,RANGAREDDI,2000,Whole Year,Cashewnut,2,,
Telangana,RANGAREDDI,2000,Whole Year,Coconut,23,236082,10264.43478
Telangana,RANGAREDDI,2000,Whole Year,Coriander,298,78,0.261744966
Telangana,RANGAREDDI,2000,Whole Year,Dry ginger,70,273,3.9
Telangana,RANGAREDDI,2000,Whole Year,Potato,160,585,3.65625
Telangana,RANGAREDDI,2000,Whole Year,Sugarcane,1398,62140,44.44921316
Telangana,RANGAREDDI,2000,Whole Year,Sweet potato,54,730,13.51851852
Telangana,RANGAREDDI,2000,Whole Year,Tapioca,60,459,7.65
Telangana,RANGAREDDI,2000,Whole Year,Turmeric,6843,34413,5.028934678
Telangana,RANGAREDDI,2001,Kharif,Arhar/Tur,33183,14567,0.438989844
Telangana,RANGAREDDI,2001,Kharif,Bajra,706,330,0.467422096
Telangana,RANGAREDDI,2001,Kharif,Castor seed,12525,3405,0.271856287
Telangana,RANGAREDDI,2001,Kharif,Cotton(lint),19452,30093,1.547038865
Telangana,RANGAREDDI,2001,Kharif,Dry chillies,2163,4642,2.146093389
Telangana,RANGAREDDI,2001,Kharif,Groundnut,1241,604,0.486704271
Telangana,RANGAREDDI,2001,Kharif,Horse-gram,1508,335,0.222148541
Telangana,RANGAREDDI,2001,Kharif,Jowar,51182,52769,1.031006995
Telangana,RANGAREDDI,2001,Kharif,Korra,57,13,0.228070175
Telangana,RANGAREDDI,2001,Kharif,Maize,8828,17877,2.025033983
Telangana,RANGAREDDI,2001,Kharif,Moong(Green Gram),19799,7801,0.394009798
Telangana,RANGAREDDI,2001,Kharif,Niger seed,862,362,0.419953596
Telangana,RANGAREDDI,2001,Kharif,Onion,331,3613,10.91540785
Telangana,RANGAREDDI,2001,Kharif,Other Kharif pulses,557,124,0.222621185
Telangana,RANGAREDDI,2001,Kharif,Ragi,3098,5220,1.684958037
Telangana,RANGAREDDI,2001,Kharif,Rice,25102,66520,2.649988049
Telangana,RANGAREDDI,2001,Kharif,Samai,191,51,0.267015707
Telangana,RANGAREDDI,2001,Kharif,Sesamum,1401,273,0.194860814
Telangana,RANGAREDDI,2001,Kharif,Small millets,248,64,0.258064516
Telangana,RANGAREDDI,2001,Kharif,Sunflower,951,712,0.748685594
Telangana,RANGAREDDI,2001,Kharif,Urad,9701,4404,0.453973817
Telangana,RANGAREDDI,2001,Rabi,Bajra,34,16,0.470588235
Telangana,RANGAREDDI,2001,Rabi,Dry chillies,813,2240,2.755227552
Telangana,RANGAREDDI,2001,Rabi,Gram,5204,5750,1.104919293
Telangana,RANGAREDDI,2001,Rabi,Groundnut,6004,7367,1.227015323
Telangana,RANGAREDDI,2001,Rabi,Horse-gram,385,127,0.32987013
Telangana,RANGAREDDI,2001,Rabi,Jowar,18519,20223,1.092013608
Telangana,RANGAREDDI,2001,Rabi,Linseed,134,32,0.23880597
Telangana,RANGAREDDI,2001,Rabi,Maize,471,2138,4.539278132
Telangana,RANGAREDDI,2001,Rabi,Onion,2317,60017,25.90289167
Telangana,RANGAREDDI,2001,Rabi,Ragi,147,257,1.74829932
Telangana,RANGAREDDI,2001,Rabi,Rapeseed &Mustard,5,2,0.4
Telangana,RANGAREDDI,2001,Rabi,Rice,21614,57580,2.664014065
Telangana,RANGAREDDI,2001,Rabi,Safflower,3790,1276,0.336675462
Telangana,RANGAREDDI,2001,Rabi,Urad,10,2,0.2
Telangana,RANGAREDDI,2001,Rabi,Wheat,2153,1492,0.69298653
Telangana,RANGAREDDI,2001,Whole Year,Banana,249,3533,14.18875502
Telangana,RANGAREDDI,2001,Whole Year,Coconut,13,143260,11020
Telangana,RANGAREDDI,2001,Whole Year,Coriander,343,168,0.489795918
Telangana,RANGAREDDI,2001,Whole Year,Dry ginger,62,141,2.274193548
Telangana,RANGAREDDI,2001,Whole Year,Potato,129,455,3.527131783
Telangana,RANGAREDDI,2001,Whole Year,Sugarcane,1034,86285,83.44777563
Telangana,RANGAREDDI,2001,Whole Year,Sweet potato,82,1088,13.26829268
Telangana,RANGAREDDI,2001,Whole Year,Turmeric,5449,21420,3.930996513
Telangana,RANGAREDDI,2002,Kharif,Arhar/Tur,32736,19151,0.585013441
Telangana,RANGAREDDI,2002,Kharif,Bajra,691,328,0.474674385
Telangana,RANGAREDDI,2002,Kharif,Castor seed,10772,5052,0.468993687
Telangana,RANGAREDDI,2002,Kharif,Cotton(lint),14141,22459,1.588218655
Telangana,RANGAREDDI,2002,Kharif,Dry chillies,1903,2974,1.562795586
Telangana,RANGAREDDI,2002,Kharif,Gram,1,1,1
Telangana,RANGAREDDI,2002,Kharif,Groundnut,605,189,0.312396694
Telangana,RANGAREDDI,2002,Kharif,Horse-gram,825,253,0.306666667
Telangana,RANGAREDDI,2002,Kharif,Jowar,44342,46249,1.04300663
Telangana,RANGAREDDI,2002,Kharif,Maize,13810,36210,2.622013034
Telangana,RANGAREDDI,2002,Kharif,Mesta,1,8,8
Telangana,RANGAREDDI,2002,Kharif,Moong(Green Gram),20315,6155,0.302978095
Telangana,RANGAREDDI,2002,Kharif,Niger seed,384,148,0.385416667
Telangana,RANGAREDDI,2002,Kharif,Onion,352,2703,7.678977273
Telangana,RANGAREDDI,2002,Kharif,Ragi,2728,3606,1.321847507
Telangana,RANGAREDDI,2002,Kharif,Rice,20618,36844,1.786982249
Telangana,RANGAREDDI,2002,Kharif,Sesamum,1231,231,0.187652315
Telangana,RANGAREDDI,2002,Kharif,Small millets,153,56,0.366013072
Telangana,RANGAREDDI,2002,Kharif,Sunflower,669,478,0.714499253
Telangana,RANGAREDDI,2002,Kharif,Urad,10425,4608,0.442014388
Telangana,RANGAREDDI,2002,Rabi,Bajra,1,,
Telangana,RANGAREDDI,2002,Rabi,Dry chillies,820,2039,2.486585366
Telangana,RANGAREDDI,2002,Rabi,Gram,6110,7558,1.236988543
Telangana,RANGAREDDI,2002,Rabi,Groundnut,4658,6260,1.343924431
Telangana,RANGAREDDI,2002,Rabi,Horse-gram,455,58,0.127472527
Telangana,RANGAREDDI,2002,Rabi,Jowar,16922,16770,0.99101761
Telangana,RANGAREDDI,2002,Rabi,Linseed,291,89,0.305841924
Telangana,RANGAREDDI,2002,Rabi,Maize,1020,4117,4.03627451
Telangana,RANGAREDDI,2002,Rabi,Onion,2066,39248,18.99709584
Telangana,RANGAREDDI,2002,Rabi,other oilseeds,7,9,1.285714286
Telangana,RANGAREDDI,2002,Rabi,Ragi,216,280,1.296296296
Telangana,RANGAREDDI,2002,Rabi,Rice,9642,22832,2.367973449
Telangana,RANGAREDDI,2002,Rabi,Safflower,3518,1878,0.533826038
Telangana,RANGAREDDI,2002,Rabi,Wheat,1631,1039,0.637032495
Telangana,RANGAREDDI,2002,Whole Year,Banana,204,4978,24.40196078
Telangana,RANGAREDDI,2002,Whole Year,Beans & Mutter(Vegetable),902,1175,1.302660754
Telangana,RANGAREDDI,2002,Whole Year,Bhindi,1058,3100,2.930056711
Telangana,RANGAREDDI,2002,Whole Year,Bottle Gourd,215,0,0
Telangana,RANGAREDDI,2002,Whole Year,Brinjal,2103,6185,2.941036614
Telangana,RANGAREDDI,2002,Whole Year,Cabbage,184,0,0
Telangana,RANGAREDDI,2002,Whole Year,Cashewnut,3,1,0.333333333
Telangana,RANGAREDDI,2002,Whole Year,Citrus Fruit,116,524,4.517241379
Telangana,RANGAREDDI,2002,Whole Year,Coconut,13,148564,11428
Telangana,RANGAREDDI,2002,Whole Year,Coriander,343,143,0.416909621
Telangana,RANGAREDDI,2002,Whole Year,Cucumber,337,0,0
Telangana,RANGAREDDI,2002,Whole Year,Dry ginger,50,82,1.64
Telangana,RANGAREDDI,2002,Whole Year,Grapes,1339,25788,19.25914862
Telangana,RANGAREDDI,2002,Whole Year,Mango,2947,6125,2.078384798
Telangana,RANGAREDDI,2002,Whole Year,Orange,440,7914,17.98636364
Telangana,RANGAREDDI,2002,Whole Year,Other Fresh Fruits,96,88,0.916666667
Telangana,RANGAREDDI,2002,Whole Year,Other Vegetables,5001,0,0
Telangana,RANGAREDDI,2002,Whole Year,Papaya,53,6914,130.4528302
Telangana,RANGAREDDI,2002,Whole Year,Peas  (vegetable),12,0,0
Telangana,RANGAREDDI,2002,Whole Year,Pome Fruit,1962,14273,7.274719674
Telangana,RANGAREDDI,2002,Whole Year,Potato,101,546,5.405940594
Telangana,RANGAREDDI,2002,Whole Year,Sugarcane,432,27430,63.49537037
Telangana,RANGAREDDI,2002,Whole Year,Sweet potato,26,281,10.80769231
Telangana,RANGAREDDI,2002,Whole Year,Tapioca,9,0,0
Telangana,RANGAREDDI,2002,Whole Year,Tomato,10468,51786,4.947076806
Telangana,RANGAREDDI,2002,Whole Year,Turmeric,5132,26055,5.076968044
Telangana,RANGAREDDI,2003,Kharif,Arhar/Tur,35790,26306,0.735009779
Telangana,RANGAREDDI,2003,Kharif,Bajra,969,592,0.610939112
Telangana,RANGAREDDI,2003,Kharif,Castor seed,12228,6505,0.531975793
Telangana,RANGAREDDI,2003,Kharif,Cotton(lint),15368,36070,2.347084852
Telangana,RANGAREDDI,2003,Kharif,Dry chillies,1613,3676,2.278983261
Telangana,RANGAREDDI,2003,Kharif,Groundnut,502,283,0.56374502
Telangana,RANGAREDDI,2003,Kharif,Horse-gram,407,120,0.294840295
Telangana,RANGAREDDI,2003,Kharif,Jowar,38982,41126,1.054999743
Telangana,RANGAREDDI,2003,Kharif,Korra,12,7,0.583333333
Telangana,RANGAREDDI,2003,Kharif,Maize,28838,121985,4.230009016
Telangana,RANGAREDDI,2003,Kharif,Moong(Green Gram),18641,6580,0.352985355
Telangana,RANGAREDDI,2003,Kharif,Niger seed,615,242,0.393495935
Telangana,RANGAREDDI,2003,Kharif,Onion,361,3853,10.67313019
Telangana,RANGAREDDI,2003,Kharif,Ragi,5632,5412,0.9609375
Telangana,RANGAREDDI,2003,Kharif,Rice,21939,50942,2.321983682
Telangana,RANGAREDDI,2003,Kharif,Samai,27,5,0.185185185
Telangana,RANGAREDDI,2003,Kharif,Sesamum,1239,356,0.287328491
Telangana,RANGAREDDI,2003,Kharif,Small millets,39,12,0.307692308
Telangana,RANGAREDDI,2003,Kharif,Sunflower,852,800,0.938967136
Telangana,RANGAREDDI,2003,Kharif,Urad,9391,5090,0.542008306
Telangana,RANGAREDDI,2003,Rabi,Bajra,1,1,1
Telangana,RANGAREDDI,2003,Rabi,Dry chillies,605,1974,3.262809917
Telangana,RANGAREDDI,2003,Rabi,Gram,5783,6905,1.194016946
Telangana,RANGAREDDI,2003,Rabi,Groundnut,5395,6976,1.29304912
Telangana,RANGAREDDI,2003,Rabi,Horse-gram,576,188,0.326388889
Telangana,RANGAREDDI,2003,Rabi,Jowar,18111,17006,0.938987356
Telangana,RANGAREDDI,2003,Rabi,Linseed,53,14,0.264150943
Telangana,RANGAREDDI,2003,Rabi,Maize,804,3540,4.402985075
Telangana,RANGAREDDI,2003,Rabi,Onion,1863,43531,23.36607622
Telangana,RANGAREDDI,2003,Rabi,Ragi,119,209,1.756302521
Telangana,RANGAREDDI,2003,Rabi,Rice,14360,34605,2.409818942
Telangana,RANGAREDDI,2003,Rabi,Safflower,2770,1371,0.494945848
Telangana,RANGAREDDI,2003,Rabi,Wheat,1695,1107,0.653097345
Telangana,RANGAREDDI,2003,Whole Year,Banana,86,1204,14
Telangana,RANGAREDDI,2003,Whole Year,Beans & Mutter(Vegetable),838,4980,5.942720764
Telangana,RANGAREDDI,2003,Whole Year,Bhindi,1612,7841,4.864143921
Telangana,RANGAREDDI,2003,Whole Year,Bottle Gourd,194,0,0
Telangana,RANGAREDDI,2003,Whole Year,Brinjal,2043,29558,14.4679393
Telangana,RANGAREDDI,2003,Whole Year,Cabbage,459,0,0
Telangana,RANGAREDDI,2003,Whole Year,Cashewnut,3,0,0
Telangana,RANGAREDDI,2003,Whole Year,Citrus Fruit,126,926,7.349206349
Telangana,RANGAREDDI,2003,Whole Year,Coconut,11,129580,11780
Telangana,RANGAREDDI,2003,Whole Year,Coriander,214,59,0.275700935
Telangana,RANGAREDDI,2003,Whole Year,Cucumber,196,0,0
Telangana,RANGAREDDI,2003,Whole Year,Dry ginger,49,156,3.183673469
Telangana,RANGAREDDI,2003,Whole Year,Grapes,1376,26258,19.08284884
Telangana,RANGAREDDI,2003,Whole Year,Mango,3087,9402,3.045675413
Telangana,RANGAREDDI,2003,Whole Year,Orange,439,2770,6.309794989
Telangana,RANGAREDDI,2003,Whole Year,Other Dry Fruit,7,0,0
Telangana,RANGAREDDI,2003,Whole Year,Other Fresh Fruits,130,104,0.8
Telangana,RANGAREDDI,2003,Whole Year,Other Vegetables,5696,0,0
Telangana,RANGAREDDI,2003,Whole Year,Papaya,40,3632,90.8
Telangana,RANGAREDDI,2003,Whole Year,Peas  (vegetable),31,0,0
Telangana,RANGAREDDI,2003,Whole Year,Pome Fruit,1905,26077,13.68871391
Telangana,RANGAREDDI,2003,Whole Year,Potato,190,1665,8.763157895
Telangana,RANGAREDDI,2003,Whole Year,Sugarcane,890,65660,73.7752809
Telangana,RANGAREDDI,2003,Whole Year,Sweet potato,59,427,7.237288136
Telangana,RANGAREDDI,2003,Whole Year,Tapioca,6,38,6.333333333
Telangana,RANGAREDDI,2003,Whole Year,Tomato,8975,72659,8.095710306
Telangana,RANGAREDDI,2003,Whole Year,Turmeric,5221,27421,5.252058993
Telangana,RANGAREDDI,2004,Kharif,Arhar/Tur,35579,15477,0.435003794
Telangana,RANGAREDDI,2004,Kharif,Bajra,967,306,0.316442606
Telangana,RANGAREDDI,2004,Kharif,Castor seed,14384,6602,0.458982202
Telangana,RANGAREDDI,2004,Kharif,Cotton(lint),20898,35035,1.676476218
Telangana,RANGAREDDI,2004,Kharif,Dry chillies,1502,3857,2.567909454
Telangana,RANGAREDDI,2004,Kharif,Groundnut,266,325,1.221804511
Telangana,RANGAREDDI,2004,Kharif,Horse-gram,427,146,0.341920375
Telangana,RANGAREDDI,2004,Kharif,Jowar,28265,40702,1.440014152
Telangana,RANGAREDDI,2004,Kharif,Maize,23668,62010,2.61999324
Telangana,RANGAREDDI,2004,Kharif,Moong(Green Gram),15231,7570,0.497012672
Telangana,RANGAREDDI,2004,Kharif,Niger seed,560,218,0.389285714
Telangana,RANGAREDDI,2004,Kharif,Onion,671,6780,10.10432191
Telangana,RANGAREDDI,2004,Kharif,Other Kharif pulses,440,118,0.268181818
Telangana,RANGAREDDI,2004,Kharif,Ragi,2768,6663,2.407153179
Telangana,RANGAREDDI,2004,Kharif,Rice,19504,50574,2.593006563
Telangana,RANGAREDDI,2004,Kharif,Sesamum,1507,407,0.270072993
Telangana,RANGAREDDI,2004,Kharif,Small millets,35,13,0.371428571
Telangana,RANGAREDDI,2004,Kharif,Soyabean,58,90,1.551724138
Telangana,RANGAREDDI,2004,Kharif,Sunflower,878,466,0.530751708
Telangana,RANGAREDDI,2004,Kharif,Urad,7699,4974,0.64605793
Telangana,RANGAREDDI,2004,Rabi,Bajra,2,1,0.5
Telangana,RANGAREDDI,2004,Rabi,Dry chillies,592,1771,2.991554054
Telangana,RANGAREDDI,2004,Rabi,Gram,5381,4730,0.87901877
Telangana,RANGAREDDI,2004,Rabi,Groundnut,3663,6418,1.752115752
Telangana,RANGAREDDI,2004,Rabi,Horse-gram,616,200,0.324675325
Telangana,RANGAREDDI,2004,Rabi,Jowar,16547,15802,0.954976733
Telangana,RANGAREDDI,2004,Rabi,Linseed,94,10,0.106382979
Telangana,RANGAREDDI,2004,Rabi,Maize,794,2712,3.415617128
Telangana,RANGAREDDI,2004,Rabi,Onion,2195,51703,23.55489749
Telangana,RANGAREDDI,2004,Rabi,Ragi,74,133,1.797297297
Telangana,RANGAREDDI,2004,Rabi,Rice,10487,28042,2.673977305
Telangana,RANGAREDDI,2004,Rabi,Safflower,3081,1392,0.451801363
Telangana,RANGAREDDI,2004,Rabi,Sunflower,511,292,0.571428571
Telangana,RANGAREDDI,2004,Rabi,Wheat,1420,761,0.535915493
Telangana,RANGAREDDI,2004,Whole Year,Banana,271,6705,24.74169742
Telangana,RANGAREDDI,2004,Whole Year,Cashewnut,4,1,0.25
Telangana,RANGAREDDI,2004,Whole Year,Coconut,14,165046,11789
Telangana,RANGAREDDI,2004,Whole Year,Coriander,343,204,0.594752187
Telangana,RANGAREDDI,2004,Whole Year,Dry ginger,59,556,9.423728814
Telangana,RANGAREDDI,2004,Whole Year,Potato,240,737,3.070833333
Telangana,RANGAREDDI,2004,Whole Year,Sugarcane,1239,86848,70.0952381
Telangana,RANGAREDDI,2004,Whole Year,Sweet potato,35,246,7.028571429
Telangana,RANGAREDDI,2004,Whole Year,Turmeric,4710,29989,6.367091295
Telangana,RANGAREDDI,2005,Kharif,Arhar/Tur,36260,25998,0.716988417
Telangana,RANGAREDDI,2005,Kharif,Bajra,521,330,0.633397313
Telangana,RANGAREDDI,2005,Kharif,Castor seed,14921,3506,0.234970846
Telangana,RANGAREDDI,2005,Kharif,Cotton(lint),18399,34958,1.899994565
Telangana,RANGAREDDI,2005,Kharif,Dry chillies,1500,4025,2.683333333
Telangana,RANGAREDDI,2005,Kharif,Groundnut,150,237,1.58
Telangana,RANGAREDDI,2005,Kharif,Horse-gram,350,151,0.431428571
Telangana,RANGAREDDI,2005,Kharif,Jowar,24119,26000,1.077988308
Telangana,RANGAREDDI,2005,Kharif,Maize,29959,107133,3.575987182
Telangana,RANGAREDDI,2005,Kharif,Moong(Green Gram),14268,7148,0.500981217
Telangana,RANGAREDDI,2005,Kharif,Niger seed,512,198,0.38671875
Telangana,RANGAREDDI,2005,Kharif,Onion,361,4663,12.91689751
Telangana,RANGAREDDI,2005,Kharif,Other Kharif pulses,221,75,0.339366516
Telangana,RANGAREDDI,2005,Kharif,Ragi,2554,4720,1.848081441
Telangana,RANGAREDDI,2005,Kharif,Rice,23600,65726,2.785
Telangana,RANGAREDDI,2005,Kharif,Sesamum,1240,301,0.242741935
Telangana,RANGAREDDI,2005,Kharif,Small millets,42,22,0.523809524
Telangana,RANGAREDDI,2005,Kharif,Soyabean,50,100,2
Telangana,RANGAREDDI,2005,Kharif,Urad,9338,6565,0.703041336
Telangana,RANGAREDDI,2005,Rabi,Dry chillies,757,2275,3.005284016
Telangana,RANGAREDDI,2005,Rabi,Gram,5305,7533,1.41998115
Telangana,RANGAREDDI,2005,Rabi,Groundnut,4381,8122,1.853914631
Telangana,RANGAREDDI,2005,Rabi,Horse-gram,404,104,0.257425743
Telangana,RANGAREDDI,2005,Rabi,Jowar,15731,19915,1.265971648
Telangana,RANGAREDDI,2005,Rabi,Linseed,45,17,0.377777778
Telangana,RANGAREDDI,2005,Rabi,Maize,699,3313,4.73962804
Telangana,RANGAREDDI,2005,Rabi,Onion,2363,45275,19.15996614
Telangana,RANGAREDDI,2005,Rabi,Ragi,69,125,1.811594203
Telangana,RANGAREDDI,2005,Rabi,Rice,16656,46420,2.78698367
Telangana,RANGAREDDI,2005,Rabi,Safflower,3259,2386,0.732126419
Telangana,RANGAREDDI,2005,Rabi,Wheat,1408,860,0.610795455
Telangana,RANGAREDDI,2005,Whole Year,Banana,40,836,20.9
Telangana,RANGAREDDI,2005,Whole Year,Cashewnut,4,1,0.25
Telangana,RANGAREDDI,2005,Whole Year,Coconut,13,113126,8702
Telangana,RANGAREDDI,2005,Whole Year,Coriander,341,143,0.419354839
Telangana,RANGAREDDI,2005,Whole Year,Dry ginger,68,806,11.85294118
Telangana,RANGAREDDI,2005,Whole Year,Potato,154,1297,8.422077922
Telangana,RANGAREDDI,2005,Whole Year,Sugarcane,1333,114941,86.22730683
Telangana,RANGAREDDI,2005,Whole Year,Sunflower,838,643,0.767303103
Telangana,RANGAREDDI,2005,Whole Year,Sweet potato,39,328,8.41025641
Telangana,RANGAREDDI,2005,Whole Year,Turmeric,5056,38522,7.619066456
Telangana,RANGAREDDI,2006,Kharif,Arhar/Tur,33213,24611,0.741005028
Telangana,RANGAREDDI,2006,Kharif,Bajra,354,125,0.353107345
Telangana,RANGAREDDI,2006,Kharif,Castor seed,5513,1841,0.333937965
Telangana,RANGAREDDI,2006,Kharif,Cotton(lint),16334,22099,1.352944778
Telangana,RANGAREDDI,2006,Kharif,Dry chillies,1346,4007,2.976968796
Telangana,RANGAREDDI,2006,Kharif,Groundnut,155,173,1.116129032
Telangana,RANGAREDDI,2006,Kharif,Horse-gram,283,129,0.455830389
Telangana,RANGAREDDI,2006,Kharif,Jowar,21160,33602,1.587996219
Telangana,RANGAREDDI,2006,Kharif,Maize,22561,62629,2.775985107
Telangana,RANGAREDDI,2006,Kharif,Moong(Green Gram),13646,4298,0.314964092
Telangana,RANGAREDDI,2006,Kharif,Niger seed,429,157,0.365967366
Telangana,RANGAREDDI,2006,Kharif,Onion,232,3493,15.05603448
Telangana,RANGAREDDI,2006,Kharif,Other Kharif pulses,206,79,0.383495146
Telangana,RANGAREDDI,2006,Kharif,Ragi,1619,2441,1.507720815
Telangana,RANGAREDDI,2006,Kharif,Rice,20010,54747,2.735982009
Telangana,RANGAREDDI,2006,Kharif,Sesamum,912,171,0.1875
Telangana,RANGAREDDI,2006,Kharif,Small millets,21,10,0.476190476
Telangana,RANGAREDDI,2006,Kharif,Soyabean,46,70,1.52173913
Telangana,RANGAREDDI,2006,Kharif,Urad,6822,2374,0.347991791
Telangana,RANGAREDDI,2006,Rabi,Dry chillies,634,2070,3.264984227
Telangana,RANGAREDDI,2006,Rabi,Gram,4878,5171,1.060065601
Telangana,RANGAREDDI,2006,Rabi,Groundnut,3801,6568,1.727966325
Telangana,RANGAREDDI,2006,Rabi,Horse-gram,435,124,0.285057471
Telangana,RANGAREDDI,2006,Rabi,Jowar,14784,14252,0.964015152
Telangana,RANGAREDDI,2006,Rabi,Linseed,45,12,0.266666667
Telangana,RANGAREDDI,2006,Rabi,Maize,633,3066,4.843601896
Telangana,RANGAREDDI,2006,Rabi,Onion,2163,59831,27.66111882
Telangana,RANGAREDDI,2006,Rabi,Ragi,52,86,1.653846154
Telangana,RANGAREDDI,2006,Rabi,Rice,11044,28063,2.541017747
Telangana,RANGAREDDI,2006,Rabi,Safflower,2440,1725,0.706967213
Telangana,RANGAREDDI,2006,Rabi,Urad,3,3,1
Telangana,RANGAREDDI,2006,Rabi,Wheat,1257,752,0.598249801
Telangana,RANGAREDDI,2006,Whole Year,Banana,83,2020,24.3373494
Telangana,RANGAREDDI,2006,Whole Year,Cashewnut,4,1,0.25
Telangana,RANGAREDDI,2006,Whole Year,Coconut,11,143187,13017
Telangana,RANGAREDDI,2006,Whole Year,Coriander,369,206,0.558265583
Telangana,RANGAREDDI,2006,Whole Year,Dry ginger,73,382,5.232876712
Telangana,RANGAREDDI,2006,Whole Year,Potato,165,2497,15.13333333
Telangana,RANGAREDDI,2006,Whole Year,Sugarcane,1296,110777,85.47608025
Telangana,RANGAREDDI,2006,Whole Year,Sunflower,529,392,0.741020794
Telangana,RANGAREDDI,2006,Whole Year,Sweet potato,28,252,9
Telangana,RANGAREDDI,2006,Whole Year,Turmeric,4826,15757,3.265022793
Telangana,RANGAREDDI,2007,Kharif,Arhar/Tur,32000,28000,0.875
Telangana,RANGAREDDI,2007,Kharif,Castor seed,7000,2000,0.285714286
Telangana,RANGAREDDI,2007,Kharif,Cotton(lint),17000,40000,2.352941176
Telangana,RANGAREDDI,2007,Kharif,Dry chillies,1000,4000,4
Telangana,RANGAREDDI,2007,Kharif,Jowar,21000,29000,1.380952381
Telangana,RANGAREDDI,2007,Kharif,Maize,26000,115000,4.423076923
Telangana,RANGAREDDI,2007,Kharif,Moong(Green Gram),13000,5000,0.384615385
Telangana,RANGAREDDI,2007,Kharif,Ragi,2000,5000,2.5
Telangana,RANGAREDDI,2007,Kharif,Rice,19000,46000,2.421052632
Telangana,RANGAREDDI,2007,Kharif,Sesamum,1000,,
Telangana,RANGAREDDI,2007,Kharif,Urad,8000,3000,0.375
Telangana,RANGAREDDI,2007,Rabi,Dry chillies,1000,2000,2
Telangana,RANGAREDDI,2007,Rabi,Gram,9000,10000,1.111111111
Telangana,RANGAREDDI,2007,Rabi,Groundnut,7000,14000,2
Telangana,RANGAREDDI,2007,Rabi,Jowar,11000,15000,1.363636364
Telangana,RANGAREDDI,2007,Rabi,Maize,1000,4000,4
Telangana,RANGAREDDI,2007,Rabi,Onion,2000,36000,18
Telangana,RANGAREDDI,2007,Rabi,Rice,12000,31000,2.583333333
Telangana,RANGAREDDI,2007,Rabi,Wheat,1000,1000,1
Telangana,RANGAREDDI,2007,Whole Year,Sugarcane,1000,103000,103
Telangana,RANGAREDDI,2008,Kharif,Arhar/Tur,33289,20639,0.619994593
Telangana,RANGAREDDI,2008,Kharif,Bajra,333,211,0.633633634
Telangana,RANGAREDDI,2008,Kharif,Castor seed,8067,6260,0.776000992
Telangana,RANGAREDDI,2008,Kharif,Cotton(lint),17842,48278,2.705862571
Telangana,RANGAREDDI,2008,Kharif,Dry chillies,914,3070,3.358862144
Telangana,RANGAREDDI,2008,Kharif,Groundnut,196,221,1.12755102
Telangana,RANGAREDDI,2008,Kharif,Horse-gram,238,95,0.399159664
Telangana,RANGAREDDI,2008,Kharif,Jowar,16578,23590,1.422970201
Telangana,RANGAREDDI,2008,Kharif,Maize,29286,72307,2.468995424
Telangana,RANGAREDDI,2008,Kharif,Moong(Green Gram),9652,4035,0.418048073
Telangana,RANGAREDDI,2008,Kharif,Niger seed,63,28,0.444444444
Telangana,RANGAREDDI,2008,Kharif,Onion,296,4255,14.375
Telangana,RANGAREDDI,2008,Kharif,Ragi,1387,1785,1.286950252
Telangana,RANGAREDDI,2008,Kharif,Rice,19183,56398,2.939998957
Telangana,RANGAREDDI,2008,Kharif,Sesamum,590,143,0.242372881
Telangana,RANGAREDDI,2008,Kharif,Small millets,23,13,0.565217391
Telangana,RANGAREDDI,2008,Kharif,Soyabean,9,12,1.333333333
Telangana,RANGAREDDI,2008,Kharif,Urad,5140,2287,0.444941634
Telangana,RANGAREDDI,2008,Rabi,Dry chillies,370,1456,3.935135135
Telangana,RANGAREDDI,2008,Rabi,Gram,6961,9495,1.364028157
Telangana,RANGAREDDI,2008,Rabi,Groundnut,6895,13935,2.021029732
Telangana,RANGAREDDI,2008,Rabi,Horse-gram,115,48,0.417391304
Telangana,RANGAREDDI,2008,Rabi,Jowar,7036,15170,2.156054576
Telangana,RANGAREDDI,2008,Rabi,Linseed,21,8,0.380952381
Telangana,RANGAREDDI,2008,Rabi,Maize,739,3954,5.350473613
Telangana,RANGAREDDI,2008,Rabi,Onion,1780,46944,26.37303371
Telangana,RANGAREDDI,2008,Rabi,Ragi,65,111,1.707692308
Telangana,RANGAREDDI,2008,Rabi,Rapeseed &Mustard,7,9,1.285714286
Telangana,RANGAREDDI,2008,Rabi,Rice,12917,35625,2.757993342
Telangana,RANGAREDDI,2008,Rabi,Safflower,2453,1764,0.719119446
Telangana,RANGAREDDI,2008,Rabi,Wheat,1037,663,0.639344262
Telangana,RANGAREDDI,2008,Whole Year,Banana,34,866,25.47058824
Telangana,RANGAREDDI,2008,Whole Year,Coconut,1,9321,9321
Telangana,RANGAREDDI,2008,Whole Year,Coriander,55,30,0.545454545
Telangana,RANGAREDDI,2008,Whole Year,Dry ginger,105,743,7.076190476
Telangana,RANGAREDDI,2008,Whole Year,Potato,497,4878,9.814889336
Telangana,RANGAREDDI,2008,Whole Year,Sugarcane,1265,103214,81.59209486
Telangana,RANGAREDDI,2008,Whole Year,Sunflower,442,410,0.92760181
Telangana,RANGAREDDI,2008,Whole Year,Sweet potato,12,12,1
Telangana,RANGAREDDI,2008,Whole Year,Turmeric,3744,13928,3.72008547
Telangana,RANGAREDDI,2009,Kharif,Arhar/Tur,33938,14220,0.418999352
Telangana,RANGAREDDI,2009,Kharif,Bajra,168,81,0.482142857
Telangana,RANGAREDDI,2009,Kharif,Castor seed,4378,1204,0.275011421
Telangana,RANGAREDDI,2009,Kharif,Cotton(lint),26594,35667,1.341167181
Telangana,RANGAREDDI,2009,Kharif,Dry chillies,850,2950,3.470588235
Telangana,RANGAREDDI,2009,Kharif,Groundnut,170,43,0.252941176
Telangana,RANGAREDDI,2009,Kharif,Horse-gram,167,70,0.419161677
Telangana,RANGAREDDI,2009,Kharif,Jowar,16228,13940,0.85900912
Telangana,RANGAREDDI,2009,Kharif,Maize,25895,47621,1.839003669
Telangana,RANGAREDDI,2009,Kharif,Moong(Green Gram),9719,272,0.027986418
Telangana,RANGAREDDI,2009,Kharif,Onion,278,4834,17.38848921
Telangana,RANGAREDDI,2009,Kharif,Ragi,317,214,0.675078864
Telangana,RANGAREDDI,2009,Kharif,Rice,20022,52157,2.604984517
Telangana,RANGAREDDI,2009,Kharif,Sesamum,586,60,0.102389078
Telangana,RANGAREDDI,2009,Kharif,Small millets,8,4,0.5
Telangana,RANGAREDDI,2009,Kharif,Soyabean,6,5,0.833333333
Telangana,RANGAREDDI,2009,Kharif,Urad,9073,227,0.025019288
Telangana,RANGAREDDI,2009,Rabi,Arhar/Tur,408,171,0.419117647
Telangana,RANGAREDDI,2009,Rabi,Dry chillies,427,1614,3.779859485
Telangana,RANGAREDDI,2009,Rabi,Gram,6638,10216,1.539017776
Telangana,RANGAREDDI,2009,Rabi,Groundnut,7221,11099,1.537044731
Telangana,RANGAREDDI,2009,Rabi,Horse-gram,214,63,0.294392523
Telangana,RANGAREDDI,2009,Rabi,Jowar,5672,6262,1.104019746
Telangana,RANGAREDDI,2009,Rabi,Maize,1149,5449,4.742384682
Telangana,RANGAREDDI,2009,Rabi,Onion,1819,52616,28.9257834
Telangana,RANGAREDDI,2009,Rabi,Ragi,75,139,1.853333333
Telangana,RANGAREDDI,2009,Rabi,Rice,15340,40498,2.640026076
Telangana,RANGAREDDI,2009,Rabi,Safflower,2165,898,0.4147806
Telangana,RANGAREDDI,2009,Rabi,Wheat,994,849,0.854124748
Telangana,RANGAREDDI,2009,Whole Year,Banana,4,121,30.25
Telangana,RANGAREDDI,2009,Whole Year,Coconut,2,22344,11172
Telangana,RANGAREDDI,2009,Whole Year,Coriander,212,134,0.632075472
Telangana,RANGAREDDI,2009,Whole Year,Dry ginger,53,488,9.20754717
Telangana,RANGAREDDI,2009,Whole Year,Potato,324,4282,13.21604938
Telangana,RANGAREDDI,2009,Whole Year,Sugarcane,1094,82200,75.13711152
Telangana,RANGAREDDI,2009,Whole Year,Sunflower,759,648,0.853754941
Telangana,RANGAREDDI,2009,Whole Year,Sweet potato,8,16,2
Telangana,RANGAREDDI,2009,Whole Year,Turmeric,3517,9911,2.818026727
Telangana,RANGAREDDI,2010,Kharif,Arhar/Tur,41866,11136,0.265991497
Telangana,RANGAREDDI,2010,Kharif,Bajra,331,240,0.725075529
Telangana,RANGAREDDI,2010,Kharif,Castor seed,5887,742,0.126040428
Telangana,RANGAREDDI,2010,Kharif,Cotton(lint),34067,57112,1.676461091
Telangana,RANGAREDDI,2010,Kharif,Dry chillies,802,2530,3.154613466
Telangana,RANGAREDDI,2010,Kharif,Groundnut,61,51,0.836065574
Telangana,RANGAREDDI,2010,Kharif,Horse-gram,150,69,0.46
Telangana,RANGAREDDI,2010,Kharif,Jowar,16147,12062,0.747011829
Telangana,RANGAREDDI,2010,Kharif,Maize,27151,52429,1.931015432
Telangana,RANGAREDDI,2010,Kharif,Mesta,76,680,8.947368421
Telangana,RANGAREDDI,2010,Kharif,Moong(Green Gram),11030,2107,0.191024479
Telangana,RANGAREDDI,2010,Kharif,Niger seed,15,6,0.4
Telangana,RANGAREDDI,2010,Kharif,Onion,230,3820,16.60869565
Telangana,RANGAREDDI,2010,Kharif,Ragi,754,1123,1.48938992
Telangana,RANGAREDDI,2010,Kharif,Rice,30985,78837,2.544360174
Telangana,RANGAREDDI,2010,Kharif,Sesamum,453,82,0.181015453
Telangana,RANGAREDDI,2010,Kharif,Small millets,22,22,1
Telangana,RANGAREDDI,2010,Kharif,Soyabean,46,78,1.695652174
Telangana,RANGAREDDI,2010,Kharif,Urad,8939,1672,0.187045531
Telangana,RANGAREDDI,2010,Rabi,Arhar/Tur,46,12,0.260869565
Telangana,RANGAREDDI,2010,Rabi,Dry chillies,405,1211,2.990123457
Telangana,RANGAREDDI,2010,Rabi,Gram,6696,6803,1.015979689
Telangana,RANGAREDDI,2010,Rabi,Groundnut,8277,9966,1.204059442
Telangana,RANGAREDDI,2010,Rabi,Horse-gram,188,76,0.404255319
Telangana,RANGAREDDI,2010,Rabi,Jowar,4371,2631,0.601921757
Telangana,RANGAREDDI,2010,Rabi,Linseed,2,,
Telangana,RANGAREDDI,2010,Rabi,Maize,1850,9796,5.295135135
Telangana,RANGAREDDI,2010,Rabi,Onion,2568,57844,22.52492212
Telangana,RANGAREDDI,2010,Rabi,Ragi,123,181,1.471544715
Telangana,RANGAREDDI,2010,Rabi,Rice,21375,57264,2.679017544
Telangana,RANGAREDDI,2010,Rabi,Safflower,2386,1618,0.678122381
Telangana,RANGAREDDI,2010,Rabi,Sesamum,2,1,0.5
Telangana,RANGAREDDI,2010,Rabi,Urad,1,1,1
Telangana,RANGAREDDI,2010,Rabi,Wheat,793,1033,1.302648172
Telangana,RANGAREDDI,2010,Whole Year,Banana,45,1468,32.62222222
Telangana,RANGAREDDI,2010,Whole Year,Coriander,130,88,0.676923077
Telangana,RANGAREDDI,2010,Whole Year,Dry ginger,135,1259,9.325925926
Telangana,RANGAREDDI,2010,Whole Year,Ginger,135,1259,9.325925926
Telangana,RANGAREDDI,2010,Whole Year,Potato,854,9573,11.20960187
Telangana,RANGAREDDI,2010,Whole Year,Sugarcane,1503,108128,71.94145043
Telangana,RANGAREDDI,2010,Whole Year,Sunflower,361,372,1.030470914
Telangana,RANGAREDDI,2010,Whole Year,Sweet potato,23,295,12.82608696
Telangana,RANGAREDDI,2010,Whole Year,Turmeric,4045,13988,3.458096415
Telangana,RANGAREDDI,2011,Kharif,Arhar/Tur,39408,11192,0.284003248
Telangana,RANGAREDDI,2011,Kharif,Bajra,88,55,0.625
Telangana,RANGAREDDI,2011,Kharif,Castor seed,2964,943,0.318151147
Telangana,RANGAREDDI,2011,Kharif,Cotton(lint),40034,39328,0.98236499
Telangana,RANGAREDDI,2011,Kharif,Cowpea(Lobia),117,28,0.239316239
Telangana,RANGAREDDI,2011,Kharif,Dry chillies,1147,2754,2.401046207
Telangana,RANGAREDDI,2011,Kharif,Groundnut,138,117,0.847826087
Telangana,RANGAREDDI,2011,Kharif,Horse-gram,84,5,0.05952381
Telangana,RANGAREDDI,2011,Kharif,Jowar,11671,11087,0.949961443
Telangana,RANGAREDDI,2011,Kharif,Maize,35359,61030,1.726010351
Telangana,RANGAREDDI,2011,Kharif,Mesta,46,357,7.760869565
Telangana,RANGAREDDI,2011,Kharif,Moong(Green Gram),6616,2752,0.415961306
Telangana,RANGAREDDI,2011,Kharif,Niger seed,5,2,0.4
Telangana,RANGAREDDI,2011,Kharif,Onion,385,4328,11.24155844
Telangana,RANGAREDDI,2011,Kharif,other oilseeds,5,2,0.4
Telangana,RANGAREDDI,2011,Kharif,Ragi,647,949,1.466769706
Telangana,RANGAREDDI,2011,Kharif,Rice,29334,67684,2.307356651
Telangana,RANGAREDDI,2011,Kharif,Sesamum,226,67,0.296460177
Telangana,RANGAREDDI,2011,Kharif,Small millets,13,8,0.615384615
Telangana,RANGAREDDI,2011,Kharif,Soyabean,30,48,1.6
Telangana,RANGAREDDI,2011,Kharif,Urad,5431,2069,0.380961149
Telangana,RANGAREDDI,2011,Rabi,Arhar/Tur,8,2,0.25
Telangana,RANGAREDDI,2011,Rabi,Cowpea(Lobia),210,167,0.795238095
Telangana,RANGAREDDI,2011,Rabi,Dry chillies,182,592,3.252747253
Telangana,RANGAREDDI,2011,Rabi,Gram,5001,5301,1.059988002
Telangana,RANGAREDDI,2011,Rabi,Groundnut,9016,17356,1.925022183
Telangana,RANGAREDDI,2011,Rabi,Horse-gram,136,21,0.154411765
Telangana,RANGAREDDI,2011,Rabi,Jowar,5152,3107,0.60306677
Telangana,RANGAREDDI,2011,Rabi,Maize,2331,11212,4.80995281
Telangana,RANGAREDDI,2011,Rabi,Moong(Green Gram),3,2,0.666666667
Telangana,RANGAREDDI,2011,Rabi,Onion,1921,42544,22.14679854
Telangana,RANGAREDDI,2011,Rabi,Ragi,112,198,1.767857143
Telangana,RANGAREDDI,2011,Rabi,Rice,14333,35417,2.471010954
Telangana,RANGAREDDI,2011,Rabi,Safflower,1678,1490,0.887961859
Telangana,RANGAREDDI,2011,Rabi,Sesamum,12,4,0.333333333
Telangana,RANGAREDDI,2011,Rabi,Wheat,678,896,1.321533923
Telangana,RANGAREDDI,2011,Whole Year,Banana,49,1821,37.16326531
Telangana,RANGAREDDI,2011,Whole Year,Coconut,1,14606,14606
Telangana,RANGAREDDI,2011,Whole Year,Coriander,129,75,0.581395349
Telangana,RANGAREDDI,2011,Whole Year,Dry ginger,212,1958,9.235849057
Telangana,RANGAREDDI,2011,Whole Year,Potato,505,5699,11.28514851
Telangana,RANGAREDDI,2011,Whole Year,Sugarcane,1207,84925,70.36039768
Telangana,RANGAREDDI,2011,Whole Year,Sunflower,273,271,0.992673993
Telangana,RANGAREDDI,2011,Whole Year,Sweet potato,7,90,12.85714286
Telangana,RANGAREDDI,2011,Whole Year,Turmeric,4636,16439,3.54594478
Telangana,RANGAREDDI,2013,Kharif,Arhar/Tur,36004,15878,0.441006555
Telangana,RANGAREDDI,2013,Kharif,Bajra,145,137,0.944827586
Telangana,RANGAREDDI,2013,Kharif,Banana,63,1962,31.14285714
Telangana,RANGAREDDI,2013,Kharif,Castor seed,2982,1619,0.542924212
Telangana,RANGAREDDI,2013,Kharif,Cotton(lint),59490,139629,2.347100353
Telangana,RANGAREDDI,2013,Kharif,Cowpea(Lobia),120,58,0.483333333
Telangana,RANGAREDDI,2013,Kharif,Dry chillies,444,1404,3.162162162
Telangana,RANGAREDDI,2013,Kharif,Ginger,50,331,6.62
Telangana,RANGAREDDI,2013,Kharif,Groundnut,151,142,0.940397351
Telangana,RANGAREDDI,2013,Kharif,Horse-gram,19,12,0.631578947
Telangana,RANGAREDDI,2013,Kharif,Jowar,3640,3338,0.917032967
Telangana,RANGAREDDI,2013,Kharif,Maize,46979,162406,3.456991422
Telangana,RANGAREDDI,2013,Kharif,Moong(Green Gram),6378,5574,0.873941675
Telangana,RANGAREDDI,2013,Kharif,Onion,409,7691,18.80440098
Telangana,RANGAREDDI,2013,Kharif,Ragi,261,559,2.141762452
Telangana,RANGAREDDI,2013,Kharif,Rice,27054,62711,2.317993642
Telangana,RANGAREDDI,2013,Kharif,Sesamum,214,49,0.228971963
Telangana,RANGAREDDI,2013,Kharif,Sugarcane,858,56000,65.26806527
Telangana,RANGAREDDI,2013,Kharif,Sunflower,11,9,0.818181818
Telangana,RANGAREDDI,2013,Kharif,Turmeric,3740,12028,3.216042781
Telangana,RANGAREDDI,2013,Kharif,Urad,5268,5384,1.022019742
Telangana,RANGAREDDI,2013,Rabi,Bajra,2,2,1
Telangana,RANGAREDDI,2013,Rabi,Cowpea(Lobia),324,265,0.817901235
Telangana,RANGAREDDI,2013,Rabi,Dry chillies,162,711,4.388888889
Telangana,RANGAREDDI,2013,Rabi,Gram,5401,6767,1.252916127
Telangana,RANGAREDDI,2013,Rabi,Groundnut,10632,17362,1.632994733
Telangana,RANGAREDDI,2013,Rabi,Horse-gram,96,46,0.479166667
Telangana,RANGAREDDI,2013,Rabi,Jowar,3640,3338,0.917032967
Telangana,RANGAREDDI,2013,Rabi,Maize,2391,13038,5.452948557
Telangana,RANGAREDDI,2013,Rabi,Onion,2015,43858,21.76575682
Telangana,RANGAREDDI,2013,Rabi,Ragi,327,508,1.55351682
Telangana,RANGAREDDI,2013,Rabi,Rice,17986,40163,2.233014567
Telangana,RANGAREDDI,2013,Rabi,Sunflower,280,269,0.960714286
Telangana,RANGAREDDI,2013,Rabi,Wheat,568,355,0.625
Telangana,RANGAREDDI,2013,Whole Year,Castor seed,2982,1619,0.542924212
Telangana,RANGAREDDI,2013,Whole Year,Coconut,2,33,16.5
Telangana,RANGAREDDI,2013,Whole Year,Coriander,79,48,0.607594937
Telangana,RANGAREDDI,2013,Whole Year,Dry ginger,50,331,6.62
Telangana,RANGAREDDI,2013,Whole Year,Potato,513,8552,16.6705653
Telangana,RANGAREDDI,2013,Whole Year,Safflower,1241,1276,1.028203062
Telangana,RANGAREDDI,2013,Whole Year,Soyabean,958,1543,1.610647182
Telangana,RANGAREDDI,2013,Whole Year,Sweet potato,19,166,8.736842105
Telangana,RANGAREDDI,2014,Kharif,Arhar/Tur,31049,12451,0.401011305
Telangana,RANGAREDDI,2014,Kharif,Bajra,51,48,0.941176471
Telangana,RANGAREDDI,2014,Kharif,Banana,56,2362,42.17857143
Telangana,RANGAREDDI,2014,Kharif,Castor seed,749,278,0.371161549
Telangana,RANGAREDDI,2014,Kharif,Coconut,2,42,21
Telangana,RANGAREDDI,2014,Kharif,Cotton(lint),63469,110511,1.741180734
Telangana,RANGAREDDI,2014,Kharif,Cowpea(Lobia),89,67,0.752808989
Telangana,RANGAREDDI,2014,Kharif,Dry chillies,290,943,3.251724138
Telangana,RANGAREDDI,2014,Kharif,Ginger,20,151,7.55
Telangana,RANGAREDDI,2014,Kharif,Groundnut,7,6,0.857142857
Telangana,RANGAREDDI,2014,Kharif,Horse-gram,26,13,0.5
Telangana,RANGAREDDI,2014,Kharif,Jowar,5281,6680,1.264911948
Telangana,RANGAREDDI,2014,Kharif,Maize,45795,131935,2.880991375
Telangana,RANGAREDDI,2014,Kharif,Moong(Green Gram),3965,2569,0.647919294
Telangana,RANGAREDDI,2014,Kharif,Onion,24,2740,114.1666667
Telangana,RANGAREDDI,2014,Kharif,other oilseeds,6,2,0.333333333
Telangana,RANGAREDDI,2014,Kharif,Ragi,312,688,2.205128205
Telangana,RANGAREDDI,2014,Kharif,Rice,23817,60376,2.534996011
Telangana,RANGAREDDI,2014,Kharif,Sesamum,236,47,0.199152542
Telangana,RANGAREDDI,2014,Kharif,Soyabean,647,699,1.080370943
Telangana,RANGAREDDI,2014,Kharif,Sugarcane,941,70949,75.39744952
Telangana,RANGAREDDI,2014,Kharif,Sunflower,23,23,1
Telangana,RANGAREDDI,2014,Kharif,Turmeric,3303,11336,3.432031487
Telangana,RANGAREDDI,2014,Kharif,Urad,3306,3161,0.956140351
Telangana,RANGAREDDI,2014,Rabi,Bajra,9,8,0.888888889
Telangana,RANGAREDDI,2014,Rabi,Cowpea(Lobia),142,139,0.978873239
Telangana,RANGAREDDI,2014,Rabi,Dry chillies,206,845,4.101941748
Telangana,RANGAREDDI,2014,Rabi,Gram,4713,4713,1
Telangana,RANGAREDDI,2014,Rabi,Groundnut,6172,9857,1.597051199
Telangana,RANGAREDDI,2014,Rabi,Horse-gram,43,16,0.372093023
Telangana,RANGAREDDI,2014,Rabi,Jowar,2763,2429,0.879116902
Telangana,RANGAREDDI,2014,Rabi,Maize,2405,11169,4.644074844
Telangana,RANGAREDDI,2014,Rabi,Onion,1579,42614,26.98796707
Telangana,RANGAREDDI,2014,Rabi,Potato,627,12052,19.22169059
Telangana,RANGAREDDI,2014,Rabi,Ragi,115,254,2.208695652
Telangana,RANGAREDDI,2014,Rabi,Rice,11065,30838,2.786985992
Telangana,RANGAREDDI,2014,Rabi,Safflower,796,590,0.74120603
Telangana,RANGAREDDI,2014,Rabi,Sunflower,217,310,1.428571429
Telangana,RANGAREDDI,2014,Rabi,Sweet potato,23,178,7.739130435
Telangana,RANGAREDDI,2014,Rabi,Wheat,388,461,1.18814433
Telangana,RANGAREDDI,2014,Whole Year,Coriander,18,4,0.222222222
Telangana,WARANGAL,1997,Kharif,Arhar/Tur,11200,1500,0.133928571
Telangana,WARANGAL,1997,Kharif,Bajra,200,100,0.5
Telangana,WARANGAL,1997,Kharif,Castor seed,3300,400,0.121212121
Telangana,WARANGAL,1997,Kharif,Cotton(lint),100500,132400,1.317412935
Telangana,WARANGAL,1997,Kharif,Dry chillies,14500,16100,1.110344828
Telangana,WARANGAL,1997,Kharif,Groundnut,29500,20500,0.694915254
Telangana,WARANGAL,1997,Kharif,Jowar,1500,600,0.4
Telangana,WARANGAL,1997,Kharif,Maize,30500,81800,2.681967213
Telangana,WARANGAL,1997,Kharif,Moong(Green Gram),35500,7900,0.222535211
Telangana,WARANGAL,1997,Kharif,Rice,43500,97300,2.236781609
Telangana,WARANGAL,1997,Kharif,Sunflower,14100,6200,0.439716312
Telangana,WARANGAL,1997,Kharif,Tobacco,1600,2000,1.25
Telangana,WARANGAL,1997,Rabi,Arhar/Tur,900,100,0.111111111
Telangana,WARANGAL,1997,Rabi,Dry chillies,8400,16600,1.976190476
Telangana,WARANGAL,1997,Rabi,Gram,900,100,0.111111111
Telangana,WARANGAL,1997,Rabi,Groundnut,35700,29700,0.831932773
Telangana,WARANGAL,1997,Rabi,Horse-gram,2300,600,0.260869565
Telangana,WARANGAL,1997,Rabi,Jowar,25400,19200,0.755905512
Telangana,WARANGAL,1997,Rabi,Maize,15700,36800,2.343949045
Telangana,WARANGAL,1997,Rabi,Rice,35000,82600,2.36
Telangana,WARANGAL,1997,Rabi,Sesamum,19000,2000,0.105263158
Telangana,WARANGAL,1997,Rabi,Sunflower,200,100,0.5
Telangana,WARANGAL,1997,Rabi,Urad,400,100,0.25
Telangana,WARANGAL,1998,Kharif,Arhar/Tur,32800,11700,0.356707317
Telangana,WARANGAL,1998,Kharif,Bajra,500,200,0.4
Telangana,WARANGAL,1998,Kharif,Castor seed,5400,1200,0.222222222
Telangana,WARANGAL,1998,Kharif,Cotton(lint),146300,296100,2.023923445
Telangana,WARANGAL,1998,Kharif,Dry chillies,19500,44700,2.292307692
Telangana,WARANGAL,1998,Kharif,Groundnut,28100,28500,1.014234875
Telangana,WARANGAL,1998,Kharif,Jowar,3400,1700,0.5
Telangana,WARANGAL,1998,Kharif,Maize,34300,99300,2.895043732
Telangana,WARANGAL,1998,Kharif,Moong(Green Gram),43100,23900,0.554524362
Telangana,WARANGAL,1998,Kharif,Other Kharif pulses,200,,
Telangana,WARANGAL,1998,Kharif,Rice,133300,376900,2.827456864
Telangana,WARANGAL,1998,Kharif,Sesamum,300,100,0.333333333
Telangana,WARANGAL,1998,Kharif,Sunflower,8500,6100,0.717647059
Telangana,WARANGAL,1998,Rabi,Arhar/Tur,300,100,0.333333333
Telangana,WARANGAL,1998,Rabi,Dry chillies,11100,26800,2.414414414
Telangana,WARANGAL,1998,Rabi,Gram,400,,
Telangana,WARANGAL,1998,Rabi,Groundnut,31300,34100,1.089456869
Telangana,WARANGAL,1998,Rabi,Horse-gram,2000,400,0.2
Telangana,WARANGAL,1998,Rabi,Jowar,16800,9600,0.571428571
Telangana,WARANGAL,1998,Rabi,Maize,11100,39400,3.54954955
Telangana,WARANGAL,1998,Rabi,Moong(Green Gram),100,,
Telangana,WARANGAL,1998,Rabi,Other  Rabi pulses,100,,
Telangana,WARANGAL,1998,Rabi,Rice,74400,195900,2.633064516
Telangana,WARANGAL,1998,Rabi,Sesamum,23100,6800,0.294372294
Telangana,WARANGAL,1998,Rabi,Sunflower,200,100,0.5
Telangana,WARANGAL,1998,Rabi,Urad,200,100,0.5
Telangana,WARANGAL,1998,Whole Year,Tobacco,1800,2900,1.611111111
Telangana,WARANGAL,1999,Kharif,Bajra,154,122,0.792207792
Telangana,WARANGAL,1999,Kharif,Castor seed,4430,1037,0.234085779
Telangana,WARANGAL,1999,Kharif,Cotton(lint),154855,301512,1.947060153
Telangana,WARANGAL,1999,Kharif,Groundnut,24592,22625,0.920014639
Telangana,WARANGAL,1999,Kharif,Horse-gram,9,2,0.222222222
Telangana,WARANGAL,1999,Kharif,Jowar,2034,718,0.352999017
Telangana,WARANGAL,1999,Kharif,Maize,37091,108120,2.914992855
Telangana,WARANGAL,1999,Kharif,Masoor,25748,5433,0.21100668
Telangana,WARANGAL,1999,Kharif,Moong(Green Gram),32213,18845,0.585012262
Telangana,WARANGAL,1999,Kharif,Rice,132447,281450,2.125000944
Telangana,WARANGAL,1999,Kharif,Sesamum,24245,6328,0.261002269
Telangana,WARANGAL,1999,Kharif,Sunflower,5488,2730,0.49744898
Telangana,WARANGAL,1999,Rabi,Bajra,20,16,0.8
Telangana,WARANGAL,1999,Rabi,Gram,775,512,0.660645161
Telangana,WARANGAL,1999,Rabi,Groundnut,27956,27257,0.974996423
Telangana,WARANGAL,1999,Rabi,Horse-gram,2123,758,0.357041922
Telangana,WARANGAL,1999,Rabi,Jowar,13827,5780,0.418022709
Telangana,WARANGAL,1999,Rabi,Maize,14019,46333,3.305014623
Telangana,WARANGAL,1999,Rabi,Masoor,937,198,0.2113127
Telangana,WARANGAL,1999,Rabi,Moong(Green Gram),24,8,0.333333333
Telangana,WARANGAL,1999,Rabi,Rice,51695,108043,2.090008705
Telangana,WARANGAL,1999,Rabi,Sesamum,319,47,0.147335423
Telangana,WARANGAL,1999,Rabi,Urad,209,70,0.33492823
Telangana,WARANGAL,1999,Rabi,Wheat,55,37,0.672727273
Telangana,WARANGAL,1999,Whole Year,Dry chillies,33088,64068,1.936291103
Telangana,WARANGAL,1999,Whole Year,Onion,328,6239,19.02134146
Telangana,WARANGAL,1999,Whole Year,Tobacco,828,1236,1.492753623
Telangana,WARANGAL,2000,Kharif,Arhar/Tur,31026,8749,0.281989299
Telangana,WARANGAL,2000,Kharif,Bajra,79,47,0.594936709
Telangana,WARANGAL,2000,Kharif,Castor seed,3268,1883,0.57619339
Telangana,WARANGAL,2000,Kharif,Cotton(lint),140591,353959,2.51765049
Telangana,WARANGAL,2000,Kharif,Dry chillies,18493,43717,2.363975558
Telangana,WARANGAL,2000,Kharif,Groundnut,24455,22401,0.916008996
Telangana,WARANGAL,2000,Kharif,Jowar,1401,793,0.566024268
Telangana,WARANGAL,2000,Kharif,Maize,49047,111190,2.267009195
Telangana,WARANGAL,2000,Kharif,Moong(Green Gram),31330,10308,0.329013725
Telangana,WARANGAL,2000,Kharif,Onion,5,56,11.2
Telangana,WARANGAL,2000,Kharif,Other Kharif pulses,604,116,0.19205298
Telangana,WARANGAL,2000,Kharif,other misc. pulses,244,64,0.262295082
Telangana,WARANGAL,2000,Kharif,Rice,162922,464979,2.853997618
Telangana,WARANGAL,2000,Kharif,Sesamum,27080,4495,0.16598966
Telangana,WARANGAL,2000,Kharif,Sunflower,2235,3679,1.646085011
Telangana,WARANGAL,2000,Rabi,Arhar/Tur,241,68,0.282157676
Telangana,WARANGAL,2000,Rabi,Bajra,15,9,0.6
Telangana,WARANGAL,2000,Rabi,Dry chillies,10179,24297,2.38697318
Telangana,WARANGAL,2000,Rabi,Gram,456,327,0.717105263
Telangana,WARANGAL,2000,Rabi,Groundnut,24350,36622,1.503983573
Telangana,WARANGAL,2000,Rabi,Horse-gram,1068,209,0.195692884
Telangana,WARANGAL,2000,Rabi,Jowar,9491,3236,0.340954589
Telangana,WARANGAL,2000,Rabi,Maize,13746,49568,3.605994471
Telangana,WARANGAL,2000,Rabi,Moong(Green Gram),34,11,0.323529412
Telangana,WARANGAL,2000,Rabi,Onion,276,6939,25.14130435
Telangana,WARANGAL,2000,Rabi,Other  Rabi pulses,627,125,0.199362041
Telangana,WARANGAL,2000,Rabi,other misc. pulses,501,67,0.133732535
Telangana,WARANGAL,2000,Rabi,Rice,62179,185045,2.97600476
Telangana,WARANGAL,2000,Rabi,Sesamum,382,74,0.193717277
Telangana,WARANGAL,2000,Rabi,Urad,267,141,0.528089888
Telangana,WARANGAL,2000,Rabi,Wheat,8,5,0.625
Telangana,WARANGAL,2000,Whole Year,Banana,154,3943,25.6038961
Telangana,WARANGAL,2000,Whole Year,Coriander,294,77,0.261904762
Telangana,WARANGAL,2000,Whole Year,Dry ginger,90,352,3.911111111
Telangana,WARANGAL,2000,Whole Year,Tobacco,278,455,1.636690647
Telangana,WARANGAL,2000,Whole Year,Turmeric,14633,55810,3.813982095
Telangana,WARANGAL,2001,Kharif,Arhar/Tur,24587,13302,0.541017611
Telangana,WARANGAL,2001,Kharif,Bajra,55,26,0.472727273
Telangana,WARANGAL,2001,Kharif,Castor seed,3724,2313,0.621106337
Telangana,WARANGAL,2001,Kharif,Cotton(lint),182478,314506,1.723528316
Telangana,WARANGAL,2001,Kharif,Dry chillies,15720,29506,1.87697201
Telangana,WARANGAL,2001,Kharif,Groundnut,20696,22124,1.06899884
Telangana,WARANGAL,2001,Kharif,Jowar,1029,1037,1.007774538
Telangana,WARANGAL,2001,Kharif,Maize,29022,87414,3.011990903
Telangana,WARANGAL,2001,Kharif,Mesta,28,238,8.5
Telangana,WARANGAL,2001,Kharif,Moong(Green Gram),30636,15961,0.52098838
Telangana,WARANGAL,2001,Kharif,Other Kharif pulses,330,59,0.178787879
Telangana,WARANGAL,2001,Kharif,Rice,129975,369259,2.841000192
Telangana,WARANGAL,2001,Kharif,Sesamum,19278,5051,0.262008507
Telangana,WARANGAL,2001,Kharif,Sunflower,728,1183,1.625
Telangana,WARANGAL,2001,Kharif,Urad,48,21,0.4375
Telangana,WARANGAL,2001,Rabi,Arhar/Tur,318,172,0.540880503
Telangana,WARANGAL,2001,Rabi,Dry chillies,11818,26047,2.204010831
Telangana,WARANGAL,2001,Rabi,Gram,465,514,1.105376344
Telangana,WARANGAL,2001,Rabi,Groundnut,24636,26065,1.058004546
Telangana,WARANGAL,2001,Rabi,Horse-gram,1190,393,0.330252101
Telangana,WARANGAL,2001,Rabi,Jowar,10356,5830,0.562958671
Telangana,WARANGAL,2001,Rabi,Maize,11119,46522,4.184009353
Telangana,WARANGAL,2001,Rabi,Moong(Green Gram),51,16,0.31372549
Telangana,WARANGAL,2001,Rabi,Onion,191,4990,26.12565445
Telangana,WARANGAL,2001,Rabi,Other  Rabi pulses,1313,389,0.296268088
Telangana,WARANGAL,2001,Rabi,Rice,49550,145776,2.941997982
Telangana,WARANGAL,2001,Rabi,Safflower,3,1,0.333333333
Telangana,WARANGAL,2001,Rabi,Sesamum,413,80,0.1937046
Telangana,WARANGAL,2001,Rabi,Urad,2257,384,0.17013735
Telangana,WARANGAL,2001,Rabi,Wheat,22,15,0.681818182
Telangana,WARANGAL,2001,Whole Year,Banana,277,6233,22.50180505
Telangana,WARANGAL,2001,Whole Year,Coriander,504,248,0.492063492
Telangana,WARANGAL,2001,Whole Year,Dry ginger,30,68,2.266666667
Telangana,WARANGAL,2001,Whole Year,Tobacco,1122,2759,2.459001783
Telangana,WARANGAL,2001,Whole Year,Turmeric,9801,30609,3.123048669
Telangana,WARANGAL,2002,Kharif,Arhar/Tur,21213,9227,0.434969123
Telangana,WARANGAL,2002,Kharif,Bajra,49,23,0.469387755
Telangana,WARANGAL,2002,Kharif,Castor seed,3297,1474,0.447073097
Telangana,WARANGAL,2002,Kharif,Cotton(lint),119478,169378,1.417650111
Telangana,WARANGAL,2002,Kharif,Dry chillies,15045,28841,1.916982386
Telangana,WARANGAL,2002,Kharif,Groundnut,17499,15014,0.857991885
Telangana,WARANGAL,2002,Kharif,Jowar,1377,1205,0.875090777
Telangana,WARANGAL,2002,Kharif,Maize,49542,116374,2.348996811
Telangana,WARANGAL,2002,Kharif,Moong(Green Gram),23479,4625,0.196984539
Telangana,WARANGAL,2002,Kharif,Other Kharif pulses,465,82,0.176344086
Telangana,WARANGAL,2002,Kharif,Rice,109862,228074,2.076004442
Telangana,WARANGAL,2002,Kharif,Sesamum,21148,5266,0.249006998
Telangana,WARANGAL,2002,Kharif,Sunflower,244,500,2.049180328
Telangana,WARANGAL,2002,Kharif,Urad,36,18,0.5
Telangana,WARANGAL,2002,Rabi,Arhar/Tur,1782,775,0.434904602
Telangana,WARANGAL,2002,Rabi,Dry chillies,9480,18334,1.933966245
Telangana,WARANGAL,2002,Rabi,Gram,949,1174,1.237091675
Telangana,WARANGAL,2002,Rabi,Groundnut,22832,23220,1.016993693
Telangana,WARANGAL,2002,Rabi,Horse-gram,870,110,0.126436782
Telangana,WARANGAL,2002,Rabi,Jowar,16526,10560,0.638993102
Telangana,WARANGAL,2002,Rabi,Maize,17697,67040,3.788212691
Telangana,WARANGAL,2002,Rabi,Moong(Green Gram),2014,514,0.255213505
Telangana,WARANGAL,2002,Rabi,Onion,213,5322,24.98591549
Telangana,WARANGAL,2002,Rabi,Other  Rabi pulses,413,114,0.276029056
Telangana,WARANGAL,2002,Rabi,Rice,25332,64673,2.553015948
Telangana,WARANGAL,2002,Rabi,Sesamum,190,34,0.178947368
Telangana,WARANGAL,2002,Rabi,Urad,4307,995,0.231019271
Telangana,WARANGAL,2002,Rabi,Wheat,29,27,0.931034483
Telangana,WARANGAL,2002,Whole Year,Banana,609,14862,24.40394089
Telangana,WARANGAL,2002,Whole Year,Beans & Mutter(Vegetable),167,217,1.299401198
Telangana,WARANGAL,2002,Whole Year,Bhindi,506,1329,2.626482213
Telangana,WARANGAL,2002,Whole Year,Bottle Gourd,69,0,0
Telangana,WARANGAL,2002,Whole Year,Brinjal,575,1694,2.946086957
Telangana,WARANGAL,2002,Whole Year,Citrus Fruit,301,1352,4.491694352
Telangana,WARANGAL,2002,Whole Year,Coriander,711,297,0.417721519
Telangana,WARANGAL,2002,Whole Year,Cucumber,236,0,0
Telangana,WARANGAL,2002,Whole Year,Dry ginger,10,16,1.6
Telangana,WARANGAL,2002,Whole Year,Mango,5486,10667,1.944403937
Telangana,WARANGAL,2002,Whole Year,Orange,772,13902,18.00777202
Telangana,WARANGAL,2002,Whole Year,Other Fresh Fruits,83,46,0.554216867
Telangana,WARANGAL,2002,Whole Year,Other Vegetables,378,0,0
Telangana,WARANGAL,2002,Whole Year,Papaya,13,1696,130.4615385
Telangana,WARANGAL,2002,Whole Year,Peas  (vegetable),16,0,0
Telangana,WARANGAL,2002,Whole Year,Pome Fruit,275,1529,5.56
Telangana,WARANGAL,2002,Whole Year,Tobacco,731,3840,5.253077975
Telangana,WARANGAL,2002,Whole Year,Tomato,1688,9011,5.338270142
Telangana,WARANGAL,2002,Whole Year,Turmeric,8348,32666,3.913033062
Telangana,WARANGAL,2003,Kharif,Arhar/Tur,27449,11501,0.418995228
Telangana,WARANGAL,2003,Kharif,Bajra,62,38,0.612903226
Telangana,WARANGAL,2003,Kharif,Castor seed,6571,4889,0.744026784
Telangana,WARANGAL,2003,Kharif,Cotton(lint),123549,279075,2.258820387
Telangana,WARANGAL,2003,Kharif,Dry chillies,20737,40126,1.934995419
Telangana,WARANGAL,2003,Kharif,Groundnut,16791,14407,0.858019177
Telangana,WARANGAL,2003,Kharif,Jowar,1598,1679,1.05068836
Telangana,WARANGAL,2003,Kharif,Maize,62853,223065,3.548995275
Telangana,WARANGAL,2003,Kharif,Moong(Green Gram),31832,17476,0.549007288
Telangana,WARANGAL,2003,Kharif,Onion,7,75,10.71428571
Telangana,WARANGAL,2003,Kharif,Other Kharif pulses,420,69,0.164285714
Telangana,WARANGAL,2003,Kharif,Rice,124333,381827,3.071002871
Telangana,WARANGAL,2003,Kharif,Sesamum,24744,9353,0.377990624
Telangana,WARANGAL,2003,Kharif,Sunflower,313,461,1.47284345
Telangana,WARANGAL,2003,Kharif,Urad,12,9,0.75
Telangana,WARANGAL,2003,Rabi,Arhar/Tur,1442,604,0.418862691
Telangana,WARANGAL,2003,Rabi,Bajra,290,177,0.610344828
Telangana,WARANGAL,2003,Rabi,Dry chillies,8160,18360,2.25
Telangana,WARANGAL,2003,Rabi,Gram,3490,4167,1.193982808
Telangana,WARANGAL,2003,Rabi,Groundnut,28264,43866,1.552009624
Telangana,WARANGAL,2003,Rabi,Horse-gram,644,210,0.326086957
Telangana,WARANGAL,2003,Rabi,Jowar,10343,5616,0.542975926
Telangana,WARANGAL,2003,Rabi,Maize,21451,79690,3.714978323
Telangana,WARANGAL,2003,Rabi,Moong(Green Gram),1760,595,0.338068182
Telangana,WARANGAL,2003,Rabi,Onion,168,4656,27.71428571
Telangana,WARANGAL,2003,Rabi,Other  Rabi pulses,1665,305,0.183183183
Telangana,WARANGAL,2003,Rabi,other oilseeds,4,,
Telangana,WARANGAL,2003,Rabi,Rice,45902,128939,2.809006144
Telangana,WARANGAL,2003,Rabi,Safflower,17,5,0.294117647
Telangana,WARANGAL,2003,Rabi,Sesamum,224,46,0.205357143
Telangana,WARANGAL,2003,Rabi,Urad,2693,1101,0.408837727
Telangana,WARANGAL,2003,Rabi,Wheat,51,30,0.588235294
Telangana,WARANGAL,2003,Whole Year,Banana,436,6105,14.00229358
Telangana,WARANGAL,2003,Whole Year,Beans & Mutter(Vegetable),373,2217,5.943699732
Telangana,WARANGAL,2003,Whole Year,Bhindi,558,2232,4
Telangana,WARANGAL,2003,Whole Year,Bottle Gourd,51,0,0
Telangana,WARANGAL,2003,Whole Year,Brinjal,531,6892,12.97928437
Telangana,WARANGAL,2003,Whole Year,Cabbage,27,0,0
Telangana,WARANGAL,2003,Whole Year,Citrus Fruit,268,1935,7.220149254
Telangana,WARANGAL,2003,Whole Year,Coriander,718,197,0.274373259
Telangana,WARANGAL,2003,Whole Year,Cucumber,1259,0,0
Telangana,WARANGAL,2003,Whole Year,Dry ginger,1,3,3
Telangana,WARANGAL,2003,Whole Year,Mango,5848,17697,3.026162791
Telangana,WARANGAL,2003,Whole Year,Orange,593,3746,6.31703204
Telangana,WARANGAL,2003,Whole Year,Other Fresh Fruits,107,50,0.46728972
Telangana,WARANGAL,2003,Whole Year,Other Vegetables,337,0,0
Telangana,WARANGAL,2003,Whole Year,Papaya,70,6357,90.81428571
Telangana,WARANGAL,2003,Whole Year,Peas  (vegetable),16,0,0
Telangana,WARANGAL,2003,Whole Year,Pome Fruit,269,2850,10.59479554
Telangana,WARANGAL,2003,Whole Year,Sweet potato,72,520,7.222222222
Telangana,WARANGAL,2003,Whole Year,Tobacco,840,995,1.18452381
Telangana,WARANGAL,2003,Whole Year,Tomato,1719,11518,6.700407213
Telangana,WARANGAL,2003,Whole Year,Turmeric,9399,47127,5.014044047
Telangana,WARANGAL,2004,Kharif,Arhar/Tur,24273,7039,0.289992996
Telangana,WARANGAL,2004,Kharif,Bajra,25,8,0.32
Telangana,WARANGAL,2004,Kharif,Castor seed,7642,7443,0.973959696
Telangana,WARANGAL,2004,Kharif,Cotton(lint),153026,288049,1.882353326
Telangana,WARANGAL,2004,Kharif,Dry chillies,18280,49009,2.681017505
Telangana,WARANGAL,2004,Kharif,Groundnut,12246,13605,1.110975012
Telangana,WARANGAL,2004,Kharif,Jowar,1448,995,0.687154696
Telangana,WARANGAL,2004,Kharif,Maize,52773,192885,3.654994031
Telangana,WARANGAL,2004,Kharif,Mesta,212,1813,8.551886792
Telangana,WARANGAL,2004,Kharif,Moong(Green Gram),19186,11550,0.602001459
Telangana,WARANGAL,2004,Kharif,Onion,6,61,10.16666667
Telangana,WARANGAL,2004,Kharif,Other Kharif pulses,519,125,0.240847784
Telangana,WARANGAL,2004,Kharif,Rice,108411,291842,2.6919962
Telangana,WARANGAL,2004,Kharif,Sesamum,21076,7925,0.376020118
Telangana,WARANGAL,2004,Kharif,Soyabean,46,72,1.565217391
Telangana,WARANGAL,2004,Kharif,Sunflower,1214,693,0.570840198
Telangana,WARANGAL,2004,Kharif,Urad,49,22,0.448979592
Telangana,WARANGAL,2004,Rabi,Arhar/Tur,1335,387,0.28988764
Telangana,WARANGAL,2004,Rabi,Dry chillies,9115,24009,2.634009874
Telangana,WARANGAL,2004,Rabi,Gram,2747,2415,0.879140881
Telangana,WARANGAL,2004,Rabi,Groundnut,32607,38052,1.166988683
Telangana,WARANGAL,2004,Rabi,Horse-gram,695,225,0.323741007
Telangana,WARANGAL,2004,Rabi,Jowar,9894,5491,0.554982818
Telangana,WARANGAL,2004,Rabi,Maize,19083,69882,3.66200283
Telangana,WARANGAL,2004,Rabi,Moong(Green Gram),1396,455,0.325931232
Telangana,WARANGAL,2004,Rabi,Onion,219,4891,22.33333333
Telangana,WARANGAL,2004,Rabi,Other  Rabi pulses,2254,654,0.290150843
Telangana,WARANGAL,2004,Rabi,Rice,21913,63920,2.916989915
Telangana,WARANGAL,2004,Rabi,Safflower,16,7,0.4375
Telangana,WARANGAL,2004,Rabi,Sesamum,221,85,0.384615385
Telangana,WARANGAL,2004,Rabi,Sunflower,1214,693,0.570840198
Telangana,WARANGAL,2004,Rabi,Urad,1774,1286,0.724915445
Telangana,WARANGAL,2004,Rabi,Wheat,45,24,0.533333333
Telangana,WARANGAL,2004,Whole Year,Banana,299,4478,14.97658863
Telangana,WARANGAL,2004,Whole Year,Coriander,631,376,0.595879556
Telangana,WARANGAL,2004,Whole Year,Sweet potato,46,324,7.043478261
Telangana,WARANGAL,2004,Whole Year,Tobacco,1203,1531,1.272651704
Telangana,WARANGAL,2004,Whole Year,Turmeric,10402,48088,4.622957124
Telangana,WARANGAL,2005,Kharif,Arhar/Tur,23784,11987,0.503994282
Telangana,WARANGAL,2005,Kharif,Bajra,73,46,0.630136986
Telangana,WARANGAL,2005,Kharif,Castor seed,7611,3136,0.412035212
Telangana,WARANGAL,2005,Kharif,Cotton(lint),151260,371922,2.458825863
Telangana,WARANGAL,2005,Kharif,Dry chillies,13994,37546,2.683007003
Telangana,WARANGAL,2005,Kharif,Groundnut,10915,11122,1.018964727
Telangana,WARANGAL,2005,Kharif,Jowar,743,530,0.713324361
Telangana,WARANGAL,2005,Kharif,Maize,57610,221741,3.849001909
Telangana,WARANGAL,2005,Kharif,Mesta,227,2075,9.140969163
Telangana,WARANGAL,2005,Kharif,Moong(Green Gram),21676,13352,0.615980808
Telangana,WARANGAL,2005,Kharif,Onion,51,659,12.92156863
Telangana,WARANGAL,2005,Kharif,Other Kharif pulses,143,18,0.125874126
Telangana,WARANGAL,2005,Kharif,Rice,139319,440805,3.163997732
Telangana,WARANGAL,2005,Kharif,Sesamum,18336,4382,0.238983421
Telangana,WARANGAL,2005,Kharif,Urad,25,11,0.44
Telangana,WARANGAL,2005,Rabi,Dry chillies,8268,18950,2.291969037
Telangana,WARANGAL,2005,Rabi,Gram,1532,2175,1.419712794
Telangana,WARANGAL,2005,Rabi,Groundnut,31213,50347,1.613013808
Telangana,WARANGAL,2005,Rabi,Horse-gram,639,164,0.256651017
Telangana,WARANGAL,2005,Rabi,Jowar,7662,3877,0.506003654
Telangana,WARANGAL,2005,Rabi,Maize,20449,97092,4.748007238
Telangana,WARANGAL,2005,Rabi,Moong(Green Gram),1554,831,0.534749035
Telangana,WARANGAL,2005,Rabi,Onion,306,6088,19.89542484
Telangana,WARANGAL,2005,Rabi,Other  Rabi pulses,1836,718,0.391067538
Telangana,WARANGAL,2005,Rabi,Rice,62556,205371,3.282994437
Telangana,WARANGAL,2005,Rabi,Safflower,75,35,0.466666667
Telangana,WARANGAL,2005,Rabi,Sesamum,305,113,0.370491803
Telangana,WARANGAL,2005,Rabi,Urad,1990,1467,0.73718593
Telangana,WARANGAL,2005,Rabi,Wheat,36,30,0.833333333
Telangana,WARANGAL,2005,Whole Year,Banana,111,2320,20.9009009
Telangana,WARANGAL,2005,Whole Year,Coriander,706,296,0.419263456
Telangana,WARANGAL,2005,Whole Year,Sunflower,805,826,1.026086957
Telangana,WARANGAL,2005,Whole Year,Sweet potato,55,463,8.418181818
Telangana,WARANGAL,2005,Whole Year,Tobacco,981,1932,1.96941896
Telangana,WARANGAL,2005,Whole Year,Turmeric,11097,56217,5.065963774
Telangana,WARANGAL,2006,Kharif,Arhar/Tur,21039,7343,0.349018489
Telangana,WARANGAL,2006,Kharif,Bajra,22,8,0.363636364
Telangana,WARANGAL,2006,Kharif,Castor seed,3137,1202,0.383168632
Telangana,WARANGAL,2006,Kharif,Cotton(lint),153639,358792,2.335292471
Telangana,WARANGAL,2006,Kharif,Dry chillies,16379,42029,2.566029672
Telangana,WARANGAL,2006,Kharif,Groundnut,9380,11050,1.17803838
Telangana,WARANGAL,2006,Kharif,Jowar,402,275,0.684079602
Telangana,WARANGAL,2006,Kharif,Maize,53226,158454,2.97700372
Telangana,WARANGAL,2006,Kharif,Mesta,206,1809,8.781553398
Telangana,WARANGAL,2006,Kharif,Moong(Green Gram),19968,11062,0.553986378
Telangana,WARANGAL,2006,Kharif,Onion,26,391,15.03846154
Telangana,WARANGAL,2006,Kharif,Other Kharif pulses,249,46,0.184738956
Telangana,WARANGAL,2006,Kharif,Rice,140255,408002,2.909001462
Telangana,WARANGAL,2006,Kharif,Sesamum,14999,3060,0.204013601
Telangana,WARANGAL,2006,Kharif,Urad,52,13,0.25
Telangana,WARANGAL,2006,Rabi,Arhar/Tur,982,343,0.349287169
Telangana,WARANGAL,2006,Rabi,Dry chillies,10957,30899,2.820023729
Telangana,WARANGAL,2006,Rabi,Gram,1983,2731,1.377206253
Telangana,WARANGAL,2006,Rabi,Groundnut,28090,40590,1.44499822
Telangana,WARANGAL,2006,Rabi,Horse-gram,827,237,0.286577993
Telangana,WARANGAL,2006,Rabi,Jowar,6687,4219,0.630925677
Telangana,WARANGAL,2006,Rabi,Maize,22346,105026,4.69999105
Telangana,WARANGAL,2006,Rabi,Moong(Green Gram),3473,2994,0.862078894
Telangana,WARANGAL,2006,Rabi,Onion,332,8250,24.84939759
Telangana,WARANGAL,2006,Rabi,Other  Rabi pulses,1824,777,0.425986842
Telangana,WARANGAL,2006,Rabi,Rice,68680,181384,2.641001747
Telangana,WARANGAL,2006,Rabi,Sesamum,232,75,0.323275862
Telangana,WARANGAL,2006,Rabi,Urad,2004,1900,0.948103792
Telangana,WARANGAL,2006,Rabi,Wheat,45,42,0.933333333
Telangana,WARANGAL,2006,Whole Year,Banana,115,2799,24.33913043
Telangana,WARANGAL,2006,Whole Year,Coriander,366,204,0.557377049
Telangana,WARANGAL,2006,Whole Year,Sunflower,899,1064,1.183537264
Telangana,WARANGAL,2006,Whole Year,Sweet potato,62,557,8.983870968
Telangana,WARANGAL,2006,Whole Year,Tobacco,1502,3956,2.633821571
Telangana,WARANGAL,2006,Whole Year,Turmeric,9220,49806,5.401952278
Telangana,WARANGAL,2007,Kharif,Arhar/Tur,22000,9000,0.409090909
Telangana,WARANGAL,2007,Kharif,Castor seed,3000,1000,0.333333333
Telangana,WARANGAL,2007,Kharif,Cotton(lint),160000,475000,2.96875
Telangana,WARANGAL,2007,Kharif,Dry chillies,15000,40000,2.666666667
Telangana,WARANGAL,2007,Kharif,Groundnut,10000,13000,1.3
Telangana,WARANGAL,2007,Kharif,Maize,49000,207000,4.224489796
Telangana,WARANGAL,2007,Kharif,Moong(Green Gram),24000,12000,0.5
Telangana,WARANGAL,2007,Kharif,Rice,115000,354000,3.07826087
Telangana,WARANGAL,2007,Kharif,Sesamum,14000,3000,0.214285714
Telangana,WARANGAL,2007,Rabi,Bajra,2000,1000,0.5
Telangana,WARANGAL,2007,Rabi,Dry chillies,8000,18000,2.25
Telangana,WARANGAL,2007,Rabi,Gram,2000,1000,0.5
Telangana,WARANGAL,2007,Rabi,Groundnut,27000,43000,1.592592593
Telangana,WARANGAL,2007,Rabi,Horse-gram,1000,,
Telangana,WARANGAL,2007,Rabi,Jowar,7000,4000,0.571428571
Telangana,WARANGAL,2007,Rabi,Maize,30000,143000,4.766666667
Telangana,WARANGAL,2007,Rabi,Moong(Green Gram),3000,3000,1
Telangana,WARANGAL,2007,Rabi,Rice,72000,205000,2.847222222
Telangana,WARANGAL,2007,Rabi,Urad,2000,1000,0.5
Telangana,WARANGAL,2007,Whole Year,Tobacco,1000,,
Telangana,WARANGAL,2008,Kharif,Arhar/Tur,16526,12477,0.754992134
Telangana,WARANGAL,2008,Kharif,Castor seed,2255,805,0.356984479
Telangana,WARANGAL,2008,Kharif,Cotton(lint),176419,570767,3.235292117
Telangana,WARANGAL,2008,Kharif,Dry chillies,13889,54459,3.921016632
Telangana,WARANGAL,2008,Kharif,Groundnut,7524,11459,1.522993089
Telangana,WARANGAL,2008,Kharif,Jowar,75,53,0.706666667
Telangana,WARANGAL,2008,Kharif,Maize,44333,163810,3.694990188
Telangana,WARANGAL,2008,Kharif,Moong(Green Gram),23886,12875,0.539018672
Telangana,WARANGAL,2008,Kharif,Onion,46,661,14.36956522
Telangana,WARANGAL,2008,Kharif,Rice,152852,459932,3.009002172
Telangana,WARANGAL,2008,Kharif,Sesamum,7296,1758,0.240953947
Telangana,WARANGAL,2008,Kharif,Soyabean,30,41,1.366666667
Telangana,WARANGAL,2008,Kharif,Urad,192,124,0.645833333
Telangana,WARANGAL,2008,Rabi,Arhar/Tur,562,424,0.754448399
Telangana,WARANGAL,2008,Rabi,Dry chillies,8645,24949,2.885945633
Telangana,WARANGAL,2008,Rabi,Gram,1130,899,0.795575221
Telangana,WARANGAL,2008,Rabi,Groundnut,26955,42885,1.590984975
Telangana,WARANGAL,2008,Rabi,Horse-gram,495,207,0.418181818
Telangana,WARANGAL,2008,Rabi,Jowar,4860,3917,0.805967078
Telangana,WARANGAL,2008,Rabi,Maize,35367,180584,5.106002771
Telangana,WARANGAL,2008,Rabi,Moong(Green Gram),2031,1797,0.88478582
Telangana,WARANGAL,2008,Rabi,Onion,216,4871,22.55092593
Telangana,WARANGAL,2008,Rabi,Rice,78006,230040,2.949003923
Telangana,WARANGAL,2008,Rabi,Safflower,7,4,0.571428571
Telangana,WARANGAL,2008,Rabi,Sesamum,356,89,0.25
Telangana,WARANGAL,2008,Rabi,Urad,1368,919,0.671783626
Telangana,WARANGAL,2008,Whole Year,Banana,174,4431,25.46551724
Telangana,WARANGAL,2008,Whole Year,Coriander,162,56,0.345679012
Telangana,WARANGAL,2008,Whole Year,Sunflower,265,330,1.245283019
Telangana,WARANGAL,2008,Whole Year,Sweet potato,43,43,1
Telangana,WARANGAL,2008,Whole Year,Tobacco,2393,8001,3.34350188
Telangana,WARANGAL,2008,Whole Year,Turmeric,9456,43422,4.592005076
Telangana,WARANGAL,2009,Kharif,Arhar/Tur,23464,9245,0.394007842
Telangana,WARANGAL,2009,Kharif,Castor seed,887,645,0.727170237
Telangana,WARANGAL,2009,Kharif,Cotton(lint),185340,527674,2.847059458
Telangana,WARANGAL,2009,Kharif,Dry chillies,15749,58350,3.704997143
Telangana,WARANGAL,2009,Kharif,Groundnut,6793,9157,1.3480053
Telangana,WARANGAL,2009,Kharif,Jowar,101,111,1.099009901
Telangana,WARANGAL,2009,Kharif,Maize,46085,99083,2.150005425
Telangana,WARANGAL,2009,Kharif,Mesta,147,1221,8.306122449
Telangana,WARANGAL,2009,Kharif,Moong(Green Gram),26269,8800,0.334995622
Telangana,WARANGAL,2009,Kharif,Onion,15,261,17.4
Telangana,WARANGAL,2009,Kharif,Rice,84342,209253,2.481005905
Telangana,WARANGAL,2009,Kharif,Sesamum,9495,798,0.084044234
Telangana,WARANGAL,2009,Kharif,Soyabean,4,3,0.75
Telangana,WARANGAL,2009,Kharif,Urad,1419,135,0.095137421
Telangana,WARANGAL,2009,Rabi,Arhar/Tur,2363,931,0.39399069
Telangana,WARANGAL,2009,Rabi,Dry chillies,11209,37449,3.340976001
Telangana,WARANGAL,2009,Rabi,Gram,1524,1346,0.8832021
Telangana,WARANGAL,2009,Rabi,Groundnut,27838,43956,1.578992744
Telangana,WARANGAL,2009,Rabi,Horse-gram,338,100,0.295857988
Telangana,WARANGAL,2009,Rabi,Jowar,11288,8093,0.71695606
Telangana,WARANGAL,2009,Rabi,Maize,22532,101394,4.5
Telangana,WARANGAL,2009,Rabi,Moong(Green Gram),3142,1452,0.462126034
Telangana,WARANGAL,2009,Rabi,Onion,450,10921,24.26888889
Telangana,WARANGAL,2009,Rabi,Rice,40087,107072,2.670990595
Telangana,WARANGAL,2009,Rabi,Sesamum,213,70,0.328638498
Telangana,WARANGAL,2009,Rabi,Urad,1981,1377,0.695103483
Telangana,WARANGAL,2009,Whole Year,Banana,190,5728,30.14736842
Telangana,WARANGAL,2009,Whole Year,Coriander,193,68,0.352331606
Telangana,WARANGAL,2009,Whole Year,Sunflower,241,237,0.98340249
Telangana,WARANGAL,2009,Whole Year,Sweet potato,106,214,2.018867925
Telangana,WARANGAL,2009,Whole Year,Tobacco,965,1828,1.894300518
Telangana,WARANGAL,2009,Whole Year,Turmeric,12723,57801,4.543032304
Telangana,WARANGAL,2010,Kharif,Arhar/Tur,17943,4827,0.269018559
Telangana,WARANGAL,2010,Kharif,Bajra,9,7,0.777777778
Telangana,WARANGAL,2010,Kharif,Castor seed,646,266,0.411764706
Telangana,WARANGAL,2010,Kharif,Cotton(lint),227973,598094,2.623529979
Telangana,WARANGAL,2010,Kharif,Dry chillies,11855,33360,2.814002531
Telangana,WARANGAL,2010,Kharif,Groundnut,3923,7003,1.785113434
Telangana,WARANGAL,2010,Kharif,Jowar,134,109,0.813432836
Telangana,WARANGAL,2010,Kharif,Maize,40337,112056,2.777995389
Telangana,WARANGAL,2010,Kharif,Moong(Green Gram),28116,14508,0.516005122
Telangana,WARANGAL,2010,Kharif,Onion,31,515,16.61290323
Telangana,WARANGAL,2010,Kharif,Rice,169278,519314,3.067817436
Telangana,WARANGAL,2010,Kharif,Sesamum,5767,1073,0.186058609
Telangana,WARANGAL,2010,Kharif,Soyabean,8,14,1.75
Telangana,WARANGAL,2010,Kharif,Urad,651,403,0.619047619
Telangana,WARANGAL,2010,Rabi,Arhar/Tur,1026,276,0.269005848
Telangana,WARANGAL,2010,Rabi,Dry chillies,9042,32045,3.54401681
Telangana,WARANGAL,2010,Rabi,Gram,1067,859,0.805060918
Telangana,WARANGAL,2010,Rabi,Groundnut,25742,44740,1.738015694
Telangana,WARANGAL,2010,Rabi,Horse-gram,465,188,0.404301075
Telangana,WARANGAL,2010,Rabi,Jowar,4479,3297,0.736101808
Telangana,WARANGAL,2010,Rabi,Maize,26602,148785,5.593000526
Telangana,WARANGAL,2010,Rabi,Moong(Green Gram),3249,1800,0.55401662
Telangana,WARANGAL,2010,Rabi,Onion,272,5216,19.17647059
Telangana,WARANGAL,2010,Rabi,Rice,98782,341094,3.45299751
Telangana,WARANGAL,2010,Rabi,Sesamum,78,26,0.333333333
Telangana,WARANGAL,2010,Rabi,Urad,3021,2236,0.740152267
Telangana,WARANGAL,2010,Rabi,Wheat,20,26,1.3
Telangana,WARANGAL,2010,Whole Year,Banana,150,4893,32.62
Telangana,WARANGAL,2010,Whole Year,Coriander,102,69,0.676470588
Telangana,WARANGAL,2010,Whole Year,Sunflower,102,110,1.078431373
Telangana,WARANGAL,2010,Whole Year,Sweet potato,59,593,10.05084746
Telangana,WARANGAL,2010,Whole Year,Tobacco,650,978,1.504615385
Telangana,WARANGAL,2010,Whole Year,Turmeric,9724,56098,5.769025093
Telangana,WARANGAL,2011,Kharif,Arhar/Tur,12820,6013,0.469032761
Telangana,WARANGAL,2011,Kharif,Castor seed,1732,1202,0.693995381
Telangana,WARANGAL,2011,Kharif,Cotton(lint),265814,600427,2.258823839
Telangana,WARANGAL,2011,Kharif,Cowpea(Lobia),134,32,0.23880597
Telangana,WARANGAL,2011,Kharif,Dry chillies,14980,31773,2.121028037
Telangana,WARANGAL,2011,Kharif,Groundnut,2907,8285,2.8500172
Telangana,WARANGAL,2011,Kharif,Jowar,190,25,0.131578947
Telangana,WARANGAL,2011,Kharif,Maize,29389,119202,4.05600735
Telangana,WARANGAL,2011,Kharif,Moong(Green Gram),19571,9453,0.483010577
Telangana,WARANGAL,2011,Kharif,Rice,160729,404520,2.516782908
Telangana,WARANGAL,2011,Kharif,Sesamum,2507,1005,0.400877543
Telangana,WARANGAL,2011,Kharif,Urad,108,76,0.703703704
Telangana,WARANGAL,2011,Rabi,Arhar/Tur,205,96,0.468292683
Telangana,WARANGAL,2011,Rabi,Bajra,4,3,0.75
Telangana,WARANGAL,2011,Rabi,Cowpea(Lobia),1453,1158,0.796971783
Telangana,WARANGAL,2011,Rabi,Dry chillies,8091,19467,2.406006674
Telangana,WARANGAL,2011,Rabi,Gram,1312,1750,1.333841463
Telangana,WARANGAL,2011,Rabi,Groundnut,18902,35838,1.895989842
Telangana,WARANGAL,2011,Rabi,Horse-gram,300,46,0.153333333
Telangana,WARANGAL,2011,Rabi,Jowar,2878,2610,0.906879778
Telangana,WARANGAL,2011,Rabi,Maize,29575,146012,4.937007608
Telangana,WARANGAL,2011,Rabi,Moong(Green Gram),2554,1775,0.694988254
Telangana,WARANGAL,2011,Rabi,Onion,257,7017,27.30350195
Telangana,WARANGAL,2011,Rabi,Rice,63620,169420,2.662999057
Telangana,WARANGAL,2011,Rabi,Sesamum,140,51,0.364285714
Telangana,WARANGAL,2011,Rabi,Urad,1717,714,0.415841584
Telangana,WARANGAL,2011,Whole Year,Banana,174,6467,37.16666667
Telangana,WARANGAL,2011,Whole Year,Coriander,97,56,0.577319588
Telangana,WARANGAL,2011,Whole Year,Sunflower,17,18,1.058823529
Telangana,WARANGAL,2011,Whole Year,Sweet potato,60,686,11.43333333
Telangana,WARANGAL,2011,Whole Year,Tobacco,733,2554,3.48431105
Telangana,WARANGAL,2011,Whole Year,Turmeric,9965,35356,3.548018063
Telangana,WARANGAL,2013,Kharif,Arhar/Tur,8320,5400,0.649038462
Telangana,WARANGAL,2013,Kharif,Banana,175,5450,31.14285714
Telangana,WARANGAL,2013,Kharif,Castor seed,476,258,0.542016807
Telangana,WARANGAL,2013,Kharif,Cotton(lint),239789,665182,2.774030502
Telangana,WARANGAL,2013,Kharif,Cowpea(Lobia),200,96,0.48
Telangana,WARANGAL,2013,Kharif,Dry chillies,12883,35956,2.790964837
Telangana,WARANGAL,2013,Kharif,Groundnut,3896,9043,2.321098563
Telangana,WARANGAL,2013,Kharif,Jowar,1819,1250,0.687190764
Telangana,WARANGAL,2013,Kharif,Maize,71019,340891,4.799997184
Telangana,WARANGAL,2013,Kharif,Moong(Green Gram),20505,17778,0.867008047
Telangana,WARANGAL,2013,Kharif,Onion,4,75,18.75
Telangana,WARANGAL,2013,Kharif,Rice,159311,501478,3.147792682
Telangana,WARANGAL,2013,Kharif,Sesamum,2795,593,0.21216458
Telangana,WARANGAL,2013,Kharif,Sugarcane,5,440,88
Telangana,WARANGAL,2013,Kharif,Turmeric,10406,47046,4.521045551
Telangana,WARANGAL,2013,Kharif,Urad,246,202,0.821138211
Telangana,WARANGAL,2013,Rabi,Cowpea(Lobia),1920,1572,0.81875
Telangana,WARANGAL,2013,Rabi,Dry chillies,12127,45306,3.735961079
Telangana,WARANGAL,2013,Rabi,Gram,684,573,0.837719298
Telangana,WARANGAL,2013,Rabi,Groundnut,26041,44426,1.706002074
Telangana,WARANGAL,2013,Rabi,Horse-gram,257,123,0.478599222
Telangana,WARANGAL,2013,Rabi,Jowar,1819,1250,0.687190764
Telangana,WARANGAL,2013,Rabi,Maize,48909,256772,5.249994888
Telangana,WARANGAL,2013,Rabi,Moong(Green Gram),2240,2083,0.929910714
Telangana,WARANGAL,2013,Rabi,Onion,192,6401,33.33854167
Telangana,WARANGAL,2013,Rabi,Rice,95542,299046,3.129995185
Telangana,WARANGAL,2013,Rabi,Sesamum,300,120,0.4
Telangana,WARANGAL,2013,Rabi,Sunflower,48,46,0.958333333
Telangana,WARANGAL,2013,Rabi,Tobacco,330,1433,4.342424242
Telangana,WARANGAL,2013,Rabi,Urad,918,900,0.980392157
Telangana,WARANGAL,2013,Whole Year,Castor seed,476,258,0.542016807
Telangana,WARANGAL,2013,Whole Year,Coriander,22,16,0.727272727
Telangana,WARANGAL,2013,Whole Year,Soyabean,150,242,1.613333333
Telangana,WARANGAL,2013,Whole Year,Sweet potato,90,576,6.4
Telangana,WARANGAL,2014,Kharif,Arhar/Tur,7335,3726,0.50797546
Telangana,WARANGAL,2014,Kharif,Bajra,7,7,1
Telangana,WARANGAL,2014,Kharif,Banana,264,11133,42.17045455
Telangana,WARANGAL,2014,Kharif,Castor seed,339,149,0.439528024
Telangana,WARANGAL,2014,Kharif,Cotton(lint),228057,607705,2.66470663
Telangana,WARANGAL,2014,Kharif,Cowpea(Lobia),235,216,0.919148936
Telangana,WARANGAL,2014,Kharif,Dry chillies,14614,44324,3.032982072
Telangana,WARANGAL,2014,Kharif,Groundnut,3064,6771,2.209856397
Telangana,WARANGAL,2014,Kharif,Jowar,134,72,0.537313433
Telangana,WARANGAL,2014,Kharif,Maize,67200,267994,3.988005952
Telangana,WARANGAL,2014,Kharif,Moong(Green Gram),17717,10506,0.592989784
Telangana,WARANGAL,2014,Kharif,Rice,95515,282059,2.953033555
Telangana,WARANGAL,2014,Kharif,Sesamum,2631,558,0.212086659
Telangana,WARANGAL,2014,Kharif,Soyabean,445,481,1.080898876
Telangana,WARANGAL,2014,Kharif,Turmeric,8482,42410,5
Telangana,WARANGAL,2014,Kharif,Urad,25,16,0.64
Telangana,WARANGAL,2014,Rabi,Bajra,77,72,0.935064935
Telangana,WARANGAL,2014,Rabi,Cowpea(Lobia),2366,771,0.325866441
Telangana,WARANGAL,2014,Rabi,Dry chillies,9647,27668,2.868041878
Telangana,WARANGAL,2014,Rabi,Gram,941,1259,1.337938363
Telangana,WARANGAL,2014,Rabi,Groundnut,19768,34752,1.757992715
Telangana,WARANGAL,2014,Rabi,Horse-gram,279,107,0.383512545
Telangana,WARANGAL,2014,Rabi,Jowar,2349,1602,0.681992337
Telangana,WARANGAL,2014,Rabi,Maize,40189,257652,6.411007987
Telangana,WARANGAL,2014,Rabi,Moong(Green Gram),3290,1938,0.589057751
Telangana,WARANGAL,2014,Rabi,Onion,173,4725,27.31213873
Telangana,WARANGAL,2014,Rabi,Rice,46492,155376,3.341994322
Telangana,WARANGAL,2014,Rabi,Sesamum,249,116,0.465863454
Telangana,WARANGAL,2014,Rabi,Soyabean,5,5,1
Telangana,WARANGAL,2014,Rabi,Sunflower,21,30,1.428571429
Telangana,WARANGAL,2014,Rabi,Sweet potato,42,326,7.761904762
Telangana,WARANGAL,2014,Rabi,Tobacco,70,137,1.957142857
Telangana,WARANGAL,2014,Rabi,Urad,1494,607,0.406291834
Telangana,WARANGAL,2014,Whole Year,Coriander,38,9,0.236842105
Tripura,DHALAI,1998,Kharif,Arhar/Tur,135,100,0.740740741
Tripura,DHALAI,1998,Kharif,Cotton(lint),461,511,1.10845987
Tripura,DHALAI,1998,Kharif,Groundnut,535,530,0.990654206
Tripura,DHALAI,1998,Kharif,Jute,125,1000,8
Tripura,DHALAI,1998,Kharif,Maize,615,460,0.74796748
Tripura,DHALAI,1998,Kharif,Mesta,460,3374,7.334782609
Tripura,DHALAI,1998,Kharif,Moong(Green Gram),120,60,0.5
Tripura,DHALAI,1998,Kharif,Other Kharif pulses,323,225,0.696594427
Tripura,DHALAI,1998,Kharif,Rice,34010,56605,1.664363423
Tripura,DHALAI,1998,Kharif,Sesamum,185,85,0.459459459
Tripura,DHALAI,1998,Kharif,Urad,170,81,0.476470588
Tripura,DHALAI,1998,Rabi,Gram,29,20,0.689655172
Tripura,DHALAI,1998,Rabi,Groundnut,170,159,0.935294118
Tripura,DHALAI,1998,Rabi,Masoor,40,16,0.4
Tripura,DHALAI,1998,Rabi,Moong(Green Gram),107,44,0.411214953
Tripura,DHALAI,1998,Rabi,Other  Rabi pulses,157,90,0.573248408
Tripura,DHALAI,1998,Rabi,Peas & beans (Pulses),75,45,0.6
Tripura,DHALAI,1998,Rabi,Rapeseed &Mustard,935,737,0.788235294
Tripura,DHALAI,1998,Rabi,Urad,57,25,0.438596491
Tripura,DHALAI,1998,Rabi,Wheat,250,470,1.88
Tripura,DHALAI,1998,Whole Year,Sugarcane,350,15130,43.22857143
Tripura,DHALAI,1999,Kharif,Cotton(lint),581,673,1.158347676
Tripura,DHALAI,1999,Kharif,Jute & mesta,430,3180,7.395348837
Tripura,DHALAI,1999,Kharif,Maize,225,185,0.822222222
Tripura,DHALAI,1999,Kharif,Rice,24980,43660,1.747798239
Tripura,DHALAI,1999,Rabi,Wheat,300,613,2.043333333
Tripura,DHALAI,1999,Whole Year,Oilseeds total,1749,1295,0.740423099
Tripura,DHALAI,1999,Whole Year,Potato,445,8530,19.16853933
Tripura,DHALAI,1999,Whole Year,Sugarcane,318,15894,49.98113208
Tripura,DHALAI,2000,Kharif,Cotton(lint),440,655,1.488636364
Tripura,DHALAI,2000,Kharif,Jute & mesta,480,4060,8.458333333
Tripura,DHALAI,2000,Kharif,Maize,390,400,1.025641026
Tripura,DHALAI,2000,Kharif,Rice,29500,58780,1.992542373
Tripura,DHALAI,2000,Rabi,Wheat,235,495,2.106382979
Tripura,DHALAI,2000,Whole Year,Oilseeds total,2323,1860,0.800688765
Tripura,DHALAI,2000,Whole Year,Potato,590,9200,15.59322034
Tripura,DHALAI,2000,Whole Year,Sugarcane,295,15140,51.3220339
Tripura,DHALAI,2001,Kharif,Cotton(lint),670,1008,1.504477612
Tripura,DHALAI,2001,Kharif,Jute & mesta,780,6380,8.179487179
Tripura,DHALAI,2001,Kharif,Maize,740,775,1.047297297
Tripura,DHALAI,2001,Kharif,Rice,31890,59660,1.870805895
Tripura,DHALAI,2001,Rabi,Wheat,375,775,2.066666667
Tripura,DHALAI,2001,Whole Year,Oilseeds total,1977,1466,0.741527567
Tripura,DHALAI,2001,Whole Year,Potato,520,8680,16.69230769
Tripura,DHALAI,2001,Whole Year,Sugarcane,275,14255,51.83636364
Tripura,DHALAI,2002,Kharif,Cotton(lint),652,890,1.365030675
Tripura,DHALAI,2002,Kharif,Maize,535,530,0.990654206
Tripura,DHALAI,2002,Kharif,Other Kharif pulses,1565,970,0.619808307
Tripura,DHALAI,2002,Kharif,Rice,33980,64110,1.886698058
Tripura,DHALAI,2002,Rabi,Wheat,203,464,2.285714286
Tripura,DHALAI,2002,Whole Year,Jute & mesta,760,5660,7.447368421
Tripura,DHALAI,2002,Whole Year,Oilseeds total,1620,1213,0.748765432
Tripura,DHALAI,2002,Whole Year,other oilseeds,1620,1213,0.748765432
Tripura,DHALAI,2002,Whole Year,Potato,539,8285,15.37105751
Tripura,DHALAI,2002,Whole Year,Sugarcane,344,15610,45.37790698
Tripura,DHALAI,2003,Kharif,Cotton(lint),540,140,0.259259259
Tripura,DHALAI,2003,Kharif,Maize,584,600,1.02739726
Tripura,DHALAI,2003,Kharif,Rice,31740,62420,1.966603655
Tripura,DHALAI,2003,Rabi,Wheat,260,545,2.096153846
Tripura,DHALAI,2003,Whole Year,Jute & mesta,461,3672,7.965292842
Tripura,DHALAI,2003,Whole Year,Oilseeds total,990,714,0.721212121
Tripura,DHALAI,2003,Whole Year,Potato,545,7840,14.3853211
Tripura,DHALAI,2003,Whole Year,Sugarcane,347,12775,36.81556196
Tripura,DHALAI,2004,Kharif,Arhar/Tur,320,220,0.6875
Tripura,DHALAI,2004,Kharif,Cotton(lint),391,604,1.544757033
Tripura,DHALAI,2004,Kharif,Groundnut,103,96,0.932038835
Tripura,DHALAI,2004,Kharif,Jute,90,682,7.577777778
Tripura,DHALAI,2004,Kharif,Maize,1008,1162,1.152777778
Tripura,DHALAI,2004,Kharif,Mesta,404,3304,8.178217822
Tripura,DHALAI,2004,Kharif,Moong(Green Gram),96,50,0.520833333
Tripura,DHALAI,2004,Kharif,Other Kharif pulses,218,155,0.711009174
Tripura,DHALAI,2004,Kharif,Rice,31237,57876,1.852802766
Tripura,DHALAI,2004,Kharif,Sesamum,392,172,0.43877551
Tripura,DHALAI,2004,Kharif,Urad,158,82,0.518987342
Tripura,DHALAI,2004,Rabi,Gram,68,47,0.691176471
Tripura,DHALAI,2004,Rabi,Groundnut,67,59,0.880597015
Tripura,DHALAI,2004,Rabi,Masoor,51,27,0.529411765
Tripura,DHALAI,2004,Rabi,Moong(Green Gram),34,15,0.441176471
Tripura,DHALAI,2004,Rabi,Other  Rabi pulses,69,62,0.898550725
Tripura,DHALAI,2004,Rabi,Peas & beans (Pulses),145,89,0.613793103
Tripura,DHALAI,2004,Rabi,Rapeseed &Mustard,314,280,0.891719745
Tripura,DHALAI,2004,Rabi,Urad,63,36,0.571428571
Tripura,DHALAI,2004,Rabi,Wheat,195,373,1.912820513
Tripura,DHALAI,2004,Whole Year,Sugarcane,211,9756,46.23696682
Tripura,DHALAI,2005,Kharif,Arhar/Tur,213,160,0.751173709
Tripura,DHALAI,2005,Kharif,Cotton(lint),475,679,1.429473684
Tripura,DHALAI,2005,Kharif,Groundnut,256,229,0.89453125
Tripura,DHALAI,2005,Kharif,Jute,65,510,7.846153846
Tripura,DHALAI,2005,Kharif,Maize,538,545,1.013011152
Tripura,DHALAI,2005,Kharif,Mesta,442,3240,7.330316742
Tripura,DHALAI,2005,Kharif,Moong(Green Gram),270,153,0.566666667
Tripura,DHALAI,2005,Kharif,Other Kharif pulses,301,216,0.717607973
Tripura,DHALAI,2005,Kharif,Rice,27765,50438,1.816603638
Tripura,DHALAI,2005,Kharif,Sesamum,371,162,0.436657682
Tripura,DHALAI,2005,Kharif,Urad,254,135,0.531496063
Tripura,DHALAI,2005,Rabi,Gram,33,28,0.848484848
Tripura,DHALAI,2005,Rabi,Groundnut,90,74,0.822222222
Tripura,DHALAI,2005,Rabi,Masoor,57,29,0.50877193
Tripura,DHALAI,2005,Rabi,Moong(Green Gram),45,24,0.533333333
Tripura,DHALAI,2005,Rabi,Other  Rabi pulses,147,91,0.619047619
Tripura,DHALAI,2005,Rabi,Peas & beans (Pulses),173,55,0.317919075
Tripura,DHALAI,2005,Rabi,Rapeseed &Mustard,290,235,0.810344828
Tripura,DHALAI,2005,Rabi,Urad,50,25,0.5
Tripura,DHALAI,2005,Rabi,Wheat,555,1147,2.066666667
Tripura,DHALAI,2005,Whole Year,Sugarcane,156,7155,45.86538462
Tripura,DHALAI,2006,Kharif,Arhar/Tur,380,278,0.731578947
Tripura,DHALAI,2006,Kharif,Cotton(lint),595,853,1.433613445
Tripura,DHALAI,2006,Kharif,Groundnut,154,137,0.88961039
Tripura,DHALAI,2006,Kharif,Jute,72,618,8.583333333
Tripura,DHALAI,2006,Kharif,Maize,589,629,1.067911715
Tripura,DHALAI,2006,Kharif,Mesta,349,2478,7.100286533
Tripura,DHALAI,2006,Kharif,Moong(Green Gram),290,161,0.555172414
Tripura,DHALAI,2006,Kharif,Other Kharif pulses,256,198,0.7734375
Tripura,DHALAI,2006,Kharif,Rice,29156,62853,2.155748388
Tripura,DHALAI,2006,Kharif,Sesamum,509,215,0.422396857
Tripura,DHALAI,2006,Kharif,Urad,392,186,0.474489796
Tripura,DHALAI,2006,Rabi,Gram,32,24,0.75
Tripura,DHALAI,2006,Rabi,Groundnut,63,60,0.952380952
Tripura,DHALAI,2006,Rabi,Masoor,59,29,0.491525424
Tripura,DHALAI,2006,Rabi,Moong(Green Gram),105,56,0.533333333
Tripura,DHALAI,2006,Rabi,Other  Rabi pulses,138,92,0.666666667
Tripura,DHALAI,2006,Rabi,Peas & beans (Pulses),207,169,0.816425121
Tripura,DHALAI,2006,Rabi,Rapeseed &Mustard,421,387,0.919239905
Tripura,DHALAI,2006,Rabi,Urad,122,65,0.532786885
Tripura,DHALAI,2006,Rabi,Wheat,230,453,1.969565217
Tripura,DHALAI,2006,Whole Year,Sugarcane,150,6686,44.57333333
Tripura,DHALAI,2007,Kharif,Arhar/Tur,326,242,0.742331288
Tripura,DHALAI,2007,Kharif,Cotton(lint),533,749,1.405253283
Tripura,DHALAI,2007,Kharif,Groundnut,163,148,0.90797546
Tripura,DHALAI,2007,Kharif,Jute,68,525,7.720588235
Tripura,DHALAI,2007,Kharif,Maize,533,521,0.977485929
Tripura,DHALAI,2007,Kharif,Mesta,329,2010,6.109422492
Tripura,DHALAI,2007,Kharif,Moong(Green Gram),102,60,0.588235294
Tripura,DHALAI,2007,Kharif,Other Kharif pulses,201,137,0.68159204
Tripura,DHALAI,2007,Kharif,Rice,28752,64055,2.227845019
Tripura,DHALAI,2007,Kharif,Sesamum,461,187,0.405639913
Tripura,DHALAI,2007,Kharif,Urad,198,103,0.52020202
Tripura,DHALAI,2007,Rabi,Gram,11,10,0.909090909
Tripura,DHALAI,2007,Rabi,Groundnut,141,134,0.95035461
Tripura,DHALAI,2007,Rabi,Masoor,61,32,0.524590164
Tripura,DHALAI,2007,Rabi,Moong(Green Gram),46,26,0.565217391
Tripura,DHALAI,2007,Rabi,Other  Rabi pulses,84,48,0.571428571
Tripura,DHALAI,2007,Rabi,Peas & beans (Pulses),113,82,0.725663717
Tripura,DHALAI,2007,Rabi,Rapeseed &Mustard,313,236,0.75399361
Tripura,DHALAI,2007,Rabi,Urad,99,55,0.555555556
Tripura,DHALAI,2007,Rabi,Wheat,238,462,1.941176471
Tripura,DHALAI,2007,Whole Year,Sugarcane,231,10485,45.38961039
Tripura,DHALAI,2008,Kharif,Arhar/Tur,248,188,0.758064516
Tripura,DHALAI,2008,Kharif,Cotton(lint),501,779,1.55489022
Tripura,DHALAI,2008,Kharif,Groundnut,107,94,0.878504673
Tripura,DHALAI,2008,Kharif,Jute,61,465,7.62295082
Tripura,DHALAI,2008,Kharif,Maize,538,535,0.994423792
Tripura,DHALAI,2008,Kharif,Mesta,113,820,7.256637168
Tripura,DHALAI,2008,Kharif,Moong(Green Gram),104,62,0.596153846
Tripura,DHALAI,2008,Kharif,Other Kharif pulses,166,117,0.704819277
Tripura,DHALAI,2008,Kharif,Rice,26005,59338,2.281791963
Tripura,DHALAI,2008,Kharif,Sesamum,383,176,0.459530026
Tripura,DHALAI,2008,Kharif,Urad,169,118,0.698224852
Tripura,DHALAI,2008,Rabi,Gram,14,22,1.571428571
Tripura,DHALAI,2008,Rabi,Groundnut,66,66,1
Tripura,DHALAI,2008,Rabi,Masoor,33,39,1.181818182
Tripura,DHALAI,2008,Rabi,Moong(Green Gram),39,32,0.820512821
Tripura,DHALAI,2008,Rabi,Other  Rabi pulses,87,70,0.804597701
Tripura,DHALAI,2008,Rabi,Peas & beans (Pulses),83,109,1.313253012
Tripura,DHALAI,2008,Rabi,Rapeseed &Mustard,378,240,0.634920635
Tripura,DHALAI,2008,Rabi,Urad,54,43,0.796296296
Tripura,DHALAI,2008,Rabi,Wheat,243,428,1.761316872
Tripura,DHALAI,2008,Whole Year,Sugarcane,186,9915,53.30645161
Tripura,DHALAI,2009,Kharif,Arhar/Tur,249,187,0.751004016
Tripura,DHALAI,2009,Kharif,Cotton(lint),440,702,1.595454545
Tripura,DHALAI,2009,Kharif,Groundnut,85,80,0.941176471
Tripura,DHALAI,2009,Kharif,Jute,79,653,8.265822785
Tripura,DHALAI,2009,Kharif,Maize,488,518,1.06147541
Tripura,DHALAI,2009,Kharif,Mesta,177,1091,6.163841808
Tripura,DHALAI,2009,Kharif,Moong(Green Gram),108,62,0.574074074
Tripura,DHALAI,2009,Kharif,Other Kharif pulses,198,145,0.732323232
Tripura,DHALAI,2009,Kharif,Rice,27026,61825,2.287611929
Tripura,DHALAI,2009,Kharif,Sesamum,379,197,0.519788918
Tripura,DHALAI,2009,Kharif,Urad,138,76,0.550724638
Tripura,DHALAI,2009,Rabi,Gram,18,13,0.722222222
Tripura,DHALAI,2009,Rabi,Groundnut,67,70,1.044776119
Tripura,DHALAI,2009,Rabi,Masoor,34,20,0.588235294
Tripura,DHALAI,2009,Rabi,Moong(Green Gram),31,16,0.516129032
Tripura,DHALAI,2009,Rabi,Other  Rabi pulses,81,78,0.962962963
Tripura,DHALAI,2009,Rabi,Peas & beans (Pulses),95,77,0.810526316
Tripura,DHALAI,2009,Rabi,Rapeseed &Mustard,305,207,0.678688525
Tripura,DHALAI,2009,Rabi,Urad,48,27,0.5625
Tripura,DHALAI,2009,Rabi,Wheat,214,413,1.929906542
Tripura,DHALAI,2009,Whole Year,Sugarcane,213,11316,53.12676056
Tripura,DHALAI,2010,Kharif,Arhar/Tur,176,136,0.772727273
Tripura,DHALAI,2010,Kharif,Cotton(lint),438,656,1.497716895
Tripura,DHALAI,2010,Kharif,Groundnut,117,120,1.025641026
Tripura,DHALAI,2010,Kharif,Jute,58,505,8.706896552
Tripura,DHALAI,2010,Kharif,Maize,652,880,1.349693252
Tripura,DHALAI,2010,Kharif,Mesta,329,2695,8.191489362
Tripura,DHALAI,2010,Kharif,Moong(Green Gram),102,56,0.549019608
Tripura,DHALAI,2010,Kharif,Other Kharif pulses,291,214,0.735395189
Tripura,DHALAI,2010,Kharif,Rice,31885,72064,2.260122315
Tripura,DHALAI,2010,Kharif,Sesamum,483,263,0.544513458
Tripura,DHALAI,2010,Kharif,Urad,100,58,0.58
Tripura,DHALAI,2010,Rabi,Gram,8,7,0.875
Tripura,DHALAI,2010,Rabi,Groundnut,61,63,1.032786885
Tripura,DHALAI,2010,Rabi,Masoor,36,21,0.583333333
Tripura,DHALAI,2010,Rabi,Moong(Green Gram),16,8,0.5
Tripura,DHALAI,2010,Rabi,Other  Rabi pulses,110,91,0.827272727
Tripura,DHALAI,2010,Rabi,Peas & beans (Pulses),104,87,0.836538462
Tripura,DHALAI,2010,Rabi,Rapeseed &Mustard,274,216,0.788321168
Tripura,DHALAI,2010,Rabi,Urad,32,19,0.59375
Tripura,DHALAI,2010,Rabi,Wheat,173,346,2
Tripura,DHALAI,2010,Whole Year,Sugarcane,201,9902,49.26368159
Tripura,DHALAI,2011,Kharif,Arhar/Tur,388,286,0.737113402
Tripura,DHALAI,2011,Kharif,Cotton(lint),274,417,1.52189781
Tripura,DHALAI,2011,Kharif,Groundnut,74,79,1.067567568
Tripura,DHALAI,2011,Kharif,Jute,71,606,8.535211268
Tripura,DHALAI,2011,Kharif,Maize,823,986,1.198055893
Tripura,DHALAI,2011,Kharif,Mesta,204,1664,8.156862745
Tripura,DHALAI,2011,Kharif,Moong(Green Gram),91,48,0.527472527
Tripura,DHALAI,2011,Kharif,Other Kharif pulses,330,190,0.575757576
Tripura,DHALAI,2011,Kharif,Rice,31851,76842,2.412545917
Tripura,DHALAI,2011,Kharif,Sesamum,410,184,0.448780488
Tripura,DHALAI,2011,Kharif,Urad,172,109,0.63372093
Tripura,DHALAI,2011,Rabi,Gram,20,17,0.85
Tripura,DHALAI,2011,Rabi,Groundnut,113,144,1.274336283
Tripura,DHALAI,2011,Rabi,Masoor,35,26,0.742857143
Tripura,DHALAI,2011,Rabi,Moong(Green Gram),55,31,0.563636364
Tripura,DHALAI,2011,Rabi,Other  Rabi pulses,63,49,0.777777778
Tripura,DHALAI,2011,Rabi,Peas & beans (Pulses),78,64,0.820512821
Tripura,DHALAI,2011,Rabi,Rapeseed &Mustard,265,201,0.758490566
Tripura,DHALAI,2011,Rabi,Urad,41,24,0.585365854
Tripura,DHALAI,2011,Rabi,Wheat,96,191,1.989583333
Tripura,DHALAI,2011,Whole Year,Sugarcane,182,8512,46.76923077
Tripura,DHALAI,2012,Kharif,Arhar/Tur,422,311,0.736966825
Tripura,DHALAI,2012,Kharif,Cotton(lint),383,635,1.657963446
Tripura,DHALAI,2012,Kharif,Groundnut,78,88,1.128205128
Tripura,DHALAI,2012,Kharif,Jute,75,618,8.24
Tripura,DHALAI,2012,Kharif,Maize,1041,1400,1.344860711
Tripura,DHALAI,2012,Kharif,Mesta,191,1563,8.183246073
Tripura,DHALAI,2012,Kharif,Moong(Green Gram),106,58,0.547169811
Tripura,DHALAI,2012,Kharif,Other Kharif pulses,237,161,0.679324895
Tripura,DHALAI,2012,Kharif,Rice,32402,78152,2.41194988
Tripura,DHALAI,2012,Kharif,Sesamum,546,305,0.558608059
Tripura,DHALAI,2012,Kharif,Urad,166,89,0.536144578
Tripura,DHALAI,2012,Rabi,Gram,6,4,0.666666667
Tripura,DHALAI,2012,Rabi,Groundnut,103,128,1.242718447
Tripura,DHALAI,2012,Rabi,Masoor,182,108,0.593406593
Tripura,DHALAI,2012,Rabi,Moong(Green Gram),63,38,0.603174603
Tripura,DHALAI,2012,Rabi,Other  Rabi pulses,194,163,0.840206186
Tripura,DHALAI,2012,Rabi,Peas & beans (Pulses),117,95,0.811965812
Tripura,DHALAI,2012,Rabi,Rapeseed &Mustard,286,238,0.832167832
Tripura,DHALAI,2012,Rabi,Urad,65,38,0.584615385
Tripura,DHALAI,2012,Rabi,Wheat,100,245,2.45
Tripura,DHALAI,2012,Whole Year,Sugarcane,141,7030,49.85815603
Tripura,DHALAI,2013,Kharif,Arhar/Tur,1095,806,0.736073059
Tripura,DHALAI,2013,Kharif,Cotton(lint),351,587,1.672364672
Tripura,DHALAI,2013,Kharif,Groundnut,136,143,1.051470588
Tripura,DHALAI,2013,Kharif,Jute,48,430,8.958333333
Tripura,DHALAI,2013,Kharif,Maize,862,1008,1.16937355
Tripura,DHALAI,2013,Kharif,Mesta,283,2349,8.300353357
Tripura,DHALAI,2013,Kharif,Moong(Green Gram),297,161,0.542087542
Tripura,DHALAI,2013,Kharif,Other Kharif pulses,337,260,0.771513353
Tripura,DHALAI,2013,Kharif,Rice,32839,81231,2.473613691
Tripura,DHALAI,2013,Kharif,Sesamum,916,543,0.59279476
Tripura,DHALAI,2013,Kharif,Urad,446,248,0.556053812
Tripura,DHALAI,2013,Rabi,Gram,43,37,0.860465116
Tripura,DHALAI,2013,Rabi,Groundnut,85,110,1.294117647
Tripura,DHALAI,2013,Rabi,Masoor,497,359,0.722334004
Tripura,DHALAI,2013,Rabi,Moong(Green Gram),13,8,0.615384615
Tripura,DHALAI,2013,Rabi,Other  Rabi pulses,118,108,0.915254237
Tripura,DHALAI,2013,Rabi,Peas & beans (Pulses),160,164,1.025
Tripura,DHALAI,2013,Rabi,Rapeseed &Mustard,405,331,0.817283951
Tripura,DHALAI,2013,Rabi,Urad,11,8,0.727272727
Tripura,DHALAI,2013,Rabi,Wheat,19,39,2.052631579
Tripura,DHALAI,2013,Whole Year,Sugarcane,111,5496,49.51351351
Tripura,DHALAI,2014,Kharif,Arhar/Tur,768,566,0.736979167
Tripura,DHALAI,2014,Kharif,Cotton(lint),340,561,1.65
Tripura,DHALAI,2014,Kharif,Groundnut,115,122,1.060869565
Tripura,DHALAI,2014,Kharif,Jute,102,895,8.774509804
Tripura,DHALAI,2014,Kharif,Maize,804,952,1.184079602
Tripura,DHALAI,2014,Kharif,Mesta,185,1601,8.654054054
Tripura,DHALAI,2014,Kharif,Moong(Green Gram),164,91,0.554878049
Tripura,DHALAI,2014,Kharif,Other Kharif pulses,235,149,0.634042553
Tripura,DHALAI,2014,Kharif,Rice,32274,82856,2.56726777
Tripura,DHALAI,2014,Kharif,Sesamum,546,346,0.633699634
Tripura,DHALAI,2014,Kharif,Urad,252,138,0.547619048
Tripura,DHALAI,2014,Rabi,Gram,7,7,1
Tripura,DHALAI,2014,Rabi,Groundnut,214,256,1.196261682
Tripura,DHALAI,2014,Rabi,Masoor,400,287,0.7175
Tripura,DHALAI,2014,Rabi,Moong(Green Gram),71,43,0.605633803
Tripura,DHALAI,2014,Rabi,Peas & beans (Pulses),302,300,0.993377483
Tripura,DHALAI,2014,Rabi,Rapeseed &Mustard,711,618,0.869198312
Tripura,DHALAI,2014,Rabi,Urad,10,7,0.7
Tripura,DHALAI,2014,Rabi,Wheat,29,64,2.206896552
Tripura,DHALAI,2014,Whole Year,Sugarcane,120,6020,50.16666667
Tripura,GOMATI,2012,Kharif,Arhar/Tur,108,76,0.703703704
Tripura,GOMATI,2012,Kharif,Cotton(lint),141,187,1.326241135
Tripura,GOMATI,2012,Kharif,Groundnut,15,14,0.933333333
Tripura,GOMATI,2012,Kharif,Jute,159,1369,8.610062893
Tripura,GOMATI,2012,Kharif,Maize,478,639,1.336820084
Tripura,GOMATI,2012,Kharif,Mesta,113,860,7.610619469
Tripura,GOMATI,2012,Kharif,Moong(Green Gram),19,11,0.578947368
Tripura,GOMATI,2012,Kharif,Other Kharif pulses,155,95,0.612903226
Tripura,GOMATI,2012,Kharif,Rice,37021,107326,2.899057292
Tripura,GOMATI,2012,Kharif,Sesamum,205,103,0.502439024
Tripura,GOMATI,2012,Kharif,Urad,82,51,0.62195122
Tripura,GOMATI,2012,Rabi,Gram,24,21,0.875
Tripura,GOMATI,2012,Rabi,Groundnut,21,29,1.380952381
Tripura,GOMATI,2012,Rabi,Masoor,8,8,1
Tripura,GOMATI,2012,Rabi,Moong(Green Gram),14,12,0.857142857
Tripura,GOMATI,2012,Rabi,Other  Rabi pulses,167,164,0.982035928
Tripura,GOMATI,2012,Rabi,Peas & beans (Pulses),98,90,0.918367347
Tripura,GOMATI,2012,Rabi,Rapeseed &Mustard,198,174,0.878787879
Tripura,GOMATI,2012,Rabi,Urad,107,106,0.990654206
Tripura,GOMATI,2012,Rabi,Wheat,20,51,2.55
Tripura,GOMATI,2012,Whole Year,Sugarcane,45,2214,49.2
Tripura,GOMATI,2013,Kharif,Arhar/Tur,142,101,0.711267606
Tripura,GOMATI,2013,Kharif,Cotton(lint),121,165,1.363636364
Tripura,GOMATI,2013,Kharif,Groundnut,11,11,1
Tripura,GOMATI,2013,Kharif,Jute,253,2217,8.76284585
Tripura,GOMATI,2013,Kharif,Maize,327,371,1.134556575
Tripura,GOMATI,2013,Kharif,Mesta,197,1560,7.918781726
Tripura,GOMATI,2013,Kharif,Moong(Green Gram),9,5,0.555555556
Tripura,GOMATI,2013,Kharif,Other Kharif pulses,120,76,0.633333333
Tripura,GOMATI,2013,Kharif,Rice,31355,90682,2.892106522
Tripura,GOMATI,2013,Kharif,Sesamum,248,145,0.584677419
Tripura,GOMATI,2013,Kharif,Urad,55,35,0.636363636
Tripura,GOMATI,2013,Rabi,Groundnut,12,16,1.333333333
Tripura,GOMATI,2013,Rabi,Masoor,45,33,0.733333333
Tripura,GOMATI,2013,Rabi,Moong(Green Gram),9,6,0.666666667
Tripura,GOMATI,2013,Rabi,Other  Rabi pulses,3,2,0.666666667
Tripura,GOMATI,2013,Rabi,Peas & beans (Pulses),101,89,0.881188119
Tripura,GOMATI,2013,Rabi,Rapeseed &Mustard,283,237,0.83745583
Tripura,GOMATI,2013,Rabi,Urad,33,32,0.96969697
Tripura,GOMATI,2013,Rabi,Wheat,4,8,2
Tripura,GOMATI,2013,Whole Year,Sugarcane,64,3162,49.40625
Tripura,GOMATI,2014,Kharif,Arhar/Tur,159,116,0.729559748
Tripura,GOMATI,2014,Kharif,Cotton(lint),103,154,1.495145631
Tripura,GOMATI,2014,Kharif,Groundnut,7,7,1
Tripura,GOMATI,2014,Kharif,Jute,186,1654,8.892473118
Tripura,GOMATI,2014,Kharif,Maize,333,424,1.273273273
Tripura,GOMATI,2014,Kharif,Mesta,138,1003,7.268115942
Tripura,GOMATI,2014,Kharif,Moong(Green Gram),20,11,0.55
Tripura,GOMATI,2014,Kharif,Other Kharif pulses,45,27,0.6
Tripura,GOMATI,2014,Kharif,Rice,35009,107500,3.070638979
Tripura,GOMATI,2014,Kharif,Sesamum,259,164,0.633204633
Tripura,GOMATI,2014,Kharif,Urad,46,28,0.608695652
Tripura,GOMATI,2014,Rabi,Gram,2,2,1
Tripura,GOMATI,2014,Rabi,Groundnut,30,30,1
Tripura,GOMATI,2014,Rabi,Masoor,346,270,0.780346821
Tripura,GOMATI,2014,Rabi,Moong(Green Gram),65,44,0.676923077
Tripura,GOMATI,2014,Rabi,Peas & beans (Pulses),136,127,0.933823529
Tripura,GOMATI,2014,Rabi,Rapeseed &Mustard,706,613,0.868271955
Tripura,GOMATI,2014,Rabi,Urad,79,72,0.911392405
Tripura,GOMATI,2014,Rabi,Wheat,28,69,2.464285714
Tripura,GOMATI,2014,Whole Year,Sugarcane,61,3095,50.73770492
Tripura,KHOWAI,2012,Kharif,Arhar/Tur,163,116,0.711656442
Tripura,KHOWAI,2012,Kharif,Cotton(lint),55,75,1.363636364
Tripura,KHOWAI,2012,Kharif,Groundnut,20,22,1.1
Tripura,KHOWAI,2012,Kharif,Jute,31,258,8.322580645
Tripura,KHOWAI,2012,Kharif,Maize,354,469,1.324858757
Tripura,KHOWAI,2012,Kharif,Mesta,41,320,7.804878049
Tripura,KHOWAI,2012,Kharif,Moong(Green Gram),82,43,0.524390244
Tripura,KHOWAI,2012,Kharif,Other Kharif pulses,256,199,0.77734375
Tripura,KHOWAI,2012,Kharif,Rice,23889,67277,2.816233413
Tripura,KHOWAI,2012,Kharif,Sesamum,135,54,0.4
Tripura,KHOWAI,2012,Kharif,Urad,86,45,0.523255814
Tripura,KHOWAI,2012,Rabi,Gram,42,35,0.833333333
Tripura,KHOWAI,2012,Rabi,Groundnut,26,38,1.461538462
Tripura,KHOWAI,2012,Rabi,Masoor,19,10,0.526315789
Tripura,KHOWAI,2012,Rabi,Moong(Green Gram),44,24,0.545454545
Tripura,KHOWAI,2012,Rabi,Other  Rabi pulses,155,142,0.916129032
Tripura,KHOWAI,2012,Rabi,Peas & beans (Pulses),133,89,0.669172932
Tripura,KHOWAI,2012,Rabi,Rapeseed &Mustard,339,269,0.793510324
Tripura,KHOWAI,2012,Rabi,Urad,46,24,0.52173913
Tripura,KHOWAI,2012,Rabi,Wheat,20,50,2.5
Tripura,KHOWAI,2012,Whole Year,Sugarcane,35,1881,53.74285714
Tripura,KHOWAI,2013,Kharif,Arhar/Tur,496,346,0.697580645
Tripura,KHOWAI,2013,Kharif,Cotton(lint),69,103,1.492753623
Tripura,KHOWAI,2013,Kharif,Groundnut,14,15,1.071428571
Tripura,KHOWAI,2013,Kharif,Jute,38,340,8.947368421
Tripura,KHOWAI,2013,Kharif,Maize,511,785,1.536203523
Tripura,KHOWAI,2013,Kharif,Mesta,53,424,8
Tripura,KHOWAI,2013,Kharif,Moong(Green Gram),33,16,0.484848485
Tripura,KHOWAI,2013,Kharif,Other Kharif pulses,148,135,0.912162162
Tripura,KHOWAI,2013,Kharif,Rice,24338,67649,2.779562824
Tripura,KHOWAI,2013,Kharif,Sesamum,280,151,0.539285714
Tripura,KHOWAI,2013,Kharif,Urad,79,40,0.506329114
Tripura,KHOWAI,2013,Rabi,Groundnut,40,47,1.175
Tripura,KHOWAI,2013,Rabi,Masoor,160,97,0.60625
Tripura,KHOWAI,2013,Rabi,Moong(Green Gram),70,44,0.628571429
Tripura,KHOWAI,2013,Rabi,Other  Rabi pulses,242,263,1.08677686
Tripura,KHOWAI,2013,Rabi,Peas & beans (Pulses),136,117,0.860294118
Tripura,KHOWAI,2013,Rabi,Rapeseed &Mustard,378,321,0.849206349
Tripura,KHOWAI,2013,Rabi,Urad,29,25,0.862068966
Tripura,KHOWAI,2013,Rabi,Wheat,3,5,1.666666667
Tripura,KHOWAI,2013,Whole Year,Sugarcane,48,2668,55.58333333
Tripura,KHOWAI,2014,Kharif,Arhar/Tur,312,214,0.685897436
Tripura,KHOWAI,2014,Kharif,Cotton(lint),49,73,1.489795918
Tripura,KHOWAI,2014,Kharif,Groundnut,16,18,1.125
Tripura,KHOWAI,2014,Kharif,Jute,42,373,8.880952381
Tripura,KHOWAI,2014,Kharif,Maize,453,670,1.479028698
Tripura,KHOWAI,2014,Kharif,Mesta,50,420,8.4
Tripura,KHOWAI,2014,Kharif,Moong(Green Gram),45,23,0.511111111
Tripura,KHOWAI,2014,Kharif,Other Kharif pulses,161,99,0.614906832
Tripura,KHOWAI,2014,Kharif,Rice,23381,67131,2.871177452
Tripura,KHOWAI,2014,Kharif,Sesamum,284,150,0.528169014
Tripura,KHOWAI,2014,Kharif,Urad,71,39,0.549295775
Tripura,KHOWAI,2014,Rabi,Gram,65,54,0.830769231
Tripura,KHOWAI,2014,Rabi,Groundnut,26,27,1.038461538
Tripura,KHOWAI,2014,Rabi,Masoor,207,173,0.835748792
Tripura,KHOWAI,2014,Rabi,Moong(Green Gram),125,76,0.608
Tripura,KHOWAI,2014,Rabi,Peas & beans (Pulses),295,237,0.803389831
Tripura,KHOWAI,2014,Rabi,Rapeseed &Mustard,752,633,0.841755319
Tripura,KHOWAI,2014,Rabi,Urad,71,48,0.676056338
Tripura,KHOWAI,2014,Rabi,Wheat,9,20,2.222222222
Tripura,KHOWAI,2014,Whole Year,Sugarcane,48,2612,54.41666667
Tripura,NORTH TRIPURA,1998,Kharif,Arhar/Tur,180,120,0.666666667
Tripura,NORTH TRIPURA,1998,Kharif,Cotton(lint),128,158,1.234375
Tripura,NORTH TRIPURA,1998,Kharif,Groundnut,240,237,0.9875
Tripura,NORTH TRIPURA,1998,Kharif,Jute,130,1000,7.692307692
Tripura,NORTH TRIPURA,1998,Kharif,Maize,320,240,0.75
Tripura,NORTH TRIPURA,1998,Kharif,Mesta,226,1825,8.075221239
Tripura,NORTH TRIPURA,1998,Kharif,Moong(Green Gram),140,52,0.371428571
Tripura,NORTH TRIPURA,1998,Kharif,Other Kharif pulses,260,180,0.692307692
Tripura,NORTH TRIPURA,1998,Kharif,Rice,42640,81425,1.909591932
Tripura,NORTH TRIPURA,1998,Kharif,Sesamum,378,143,0.378306878
Tripura,NORTH TRIPURA,1998,Kharif,Urad,180,82,0.455555556
Tripura,NORTH TRIPURA,1998,Rabi,Gram,33,22,0.666666667
Tripura,NORTH TRIPURA,1998,Rabi,Groundnut,10,8,0.8
Tripura,NORTH TRIPURA,1998,Rabi,Masoor,50,20,0.4
Tripura,NORTH TRIPURA,1998,Rabi,Moong(Green Gram),173,70,0.404624277
Tripura,NORTH TRIPURA,1998,Rabi,Other  Rabi pulses,163,95,0.582822086
Tripura,NORTH TRIPURA,1998,Rabi,Peas & beans (Pulses),125,75,0.6
Tripura,NORTH TRIPURA,1998,Rabi,Rapeseed &Mustard,730,558,0.764383562
Tripura,NORTH TRIPURA,1998,Rabi,Urad,137,65,0.474452555
Tripura,NORTH TRIPURA,1998,Rabi,Wheat,125,245,1.96
Tripura,NORTH TRIPURA,1998,Whole Year,Sugarcane,235,10975,46.70212766
Tripura,NORTH TRIPURA,1999,Kharif,Cotton(lint),123,165,1.341463415
Tripura,NORTH TRIPURA,1999,Kharif,Jute & mesta,182,1370,7.527472527
Tripura,NORTH TRIPURA,1999,Kharif,Maize,185,150,0.810810811
Tripura,NORTH TRIPURA,1999,Kharif,Rice,39080,77670,1.987461617
Tripura,NORTH TRIPURA,1999,Rabi,Wheat,111,240,2.162162162
Tripura,NORTH TRIPURA,1999,Whole Year,Oilseeds total,1056,600,0.568181818
Tripura,NORTH TRIPURA,1999,Whole Year,Potato,750,11820,15.76
Tripura,NORTH TRIPURA,1999,Whole Year,Sugarcane,230,12661,55.04782609
Tripura,NORTH TRIPURA,2000,Kharif,Cotton(lint),235,346,1.472340426
Tripura,NORTH TRIPURA,2000,Kharif,Jute & mesta,366,3320,9.071038251
Tripura,NORTH TRIPURA,2000,Kharif,Maize,240,235,0.979166667
Tripura,NORTH TRIPURA,2000,Kharif,Rice,39350,82420,2.094536213
Tripura,NORTH TRIPURA,2000,Rabi,Wheat,225,460,2.044444444
Tripura,NORTH TRIPURA,2000,Whole Year,Oilseeds total,914,584,0.638949672
Tripura,NORTH TRIPURA,2000,Whole Year,Potato,810,11555,14.2654321
Tripura,NORTH TRIPURA,2000,Whole Year,Sugarcane,168,8930,53.1547619
Tripura,NORTH TRIPURA,2001,Kharif,Cotton(lint),263,388,1.475285171
Tripura,NORTH TRIPURA,2001,Kharif,Jute & mesta,320,2780,8.6875
Tripura,NORTH TRIPURA,2001,Kharif,Maize,275,265,0.963636364
Tripura,NORTH TRIPURA,2001,Kharif,Rice,39290,88490,2.25222703
Tripura,NORTH TRIPURA,2001,Rabi,Wheat,235,490,2.085106383
Tripura,NORTH TRIPURA,2001,Whole Year,Oilseeds total,726,538,0.741046832
Tripura,NORTH TRIPURA,2001,Whole Year,Potato,890,15905,17.87078652
Tripura,NORTH TRIPURA,2001,Whole Year,Sugarcane,155,8100,52.25806452
Tripura,NORTH TRIPURA,2002,Kharif,Cotton(lint),306,260,0.849673203
Tripura,NORTH TRIPURA,2002,Kharif,Maize,372,340,0.913978495
Tripura,NORTH TRIPURA,2002,Kharif,Other Kharif pulses,2191,1335,0.609310817
Tripura,NORTH TRIPURA,2002,Kharif,Rice,44510,94380,2.120422377
Tripura,NORTH TRIPURA,2002,Rabi,Wheat,259,452,1.745173745
Tripura,NORTH TRIPURA,2002,Whole Year,Jute & mesta,361,3000,8.310249307
Tripura,NORTH TRIPURA,2002,Whole Year,Oilseeds total,980,628,0.640816327
Tripura,NORTH TRIPURA,2002,Whole Year,other oilseeds,980,628,0.640816327
Tripura,NORTH TRIPURA,2002,Whole Year,Potato,1012,19040,18.81422925
Tripura,NORTH TRIPURA,2002,Whole Year,Sugarcane,216,10730,49.67592593
Tripura,NORTH TRIPURA,2003,Kharif,Cotton(lint),310,80,0.258064516
Tripura,NORTH TRIPURA,2003,Kharif,Maize,335,313,0.934328358
Tripura,NORTH TRIPURA,2003,Kharif,Rice,43810,98970,2.259073271
Tripura,NORTH TRIPURA,2003,Rabi,Wheat,120,248,2.066666667
Tripura,NORTH TRIPURA,2003,Whole Year,Jute & mesta,395,3381,8.559493671
Tripura,NORTH TRIPURA,2003,Whole Year,Oilseeds total,881,577,0.654937571
Tripura,NORTH TRIPURA,2003,Whole Year,Potato,1060,17495,16.50471698
Tripura,NORTH TRIPURA,2003,Whole Year,Sugarcane,169,6990,41.36094675
Tripura,NORTH TRIPURA,2004,Kharif,Arhar/Tur,197,148,0.751269036
Tripura,NORTH TRIPURA,2004,Kharif,Cotton(lint),319,462,1.448275862
Tripura,NORTH TRIPURA,2004,Kharif,Groundnut,63,62,0.984126984
Tripura,NORTH TRIPURA,2004,Kharif,Jute,170,1484,8.729411765
Tripura,NORTH TRIPURA,2004,Kharif,Maize,507,600,1.183431953
Tripura,NORTH TRIPURA,2004,Kharif,Mesta,157,1457,9.280254777
Tripura,NORTH TRIPURA,2004,Kharif,Moong(Green Gram),47,26,0.553191489
Tripura,NORTH TRIPURA,2004,Kharif,Other Kharif pulses,403,268,0.665012407
Tripura,NORTH TRIPURA,2004,Kharif,Rice,45596,96607,2.118760418
Tripura,NORTH TRIPURA,2004,Kharif,Sesamum,300,145,0.483333333
Tripura,NORTH TRIPURA,2004,Kharif,Urad,244,136,0.557377049
Tripura,NORTH TRIPURA,2004,Rabi,Gram,30,20,0.666666667
Tripura,NORTH TRIPURA,2004,Rabi,Groundnut,32,61,1.90625
Tripura,NORTH TRIPURA,2004,Rabi,Masoor,64,34,0.53125
Tripura,NORTH TRIPURA,2004,Rabi,Moong(Green Gram),57,31,0.543859649
Tripura,NORTH TRIPURA,2004,Rabi,Other  Rabi pulses,181,127,0.701657459
Tripura,NORTH TRIPURA,2004,Rabi,Peas & beans (Pulses),202,140,0.693069307
Tripura,NORTH TRIPURA,2004,Rabi,Rapeseed &Mustard,474,319,0.672995781
Tripura,NORTH TRIPURA,2004,Rabi,Urad,92,54,0.586956522
Tripura,NORTH TRIPURA,2004,Rabi,Wheat,140,320,2.285714286
Tripura,NORTH TRIPURA,2004,Whole Year,Sugarcane,174,8430,48.44827586
Tripura,NORTH TRIPURA,2005,Kharif,Arhar/Tur,172,128,0.744186047
Tripura,NORTH TRIPURA,2005,Kharif,Cotton(lint),248,360,1.451612903
Tripura,NORTH TRIPURA,2005,Kharif,Groundnut,87,132,1.517241379
Tripura,NORTH TRIPURA,2005,Kharif,Jute,101,768,7.603960396
Tripura,NORTH TRIPURA,2005,Kharif,Maize,267,266,0.996254682
Tripura,NORTH TRIPURA,2005,Kharif,Mesta,106,968,9.132075472
Tripura,NORTH TRIPURA,2005,Kharif,Moong(Green Gram),157,79,0.503184713
Tripura,NORTH TRIPURA,2005,Kharif,Other Kharif pulses,427,272,0.637002342
Tripura,NORTH TRIPURA,2005,Kharif,Rice,42376,104850,2.474277893
Tripura,NORTH TRIPURA,2005,Kharif,Sesamum,248,128,0.516129032
Tripura,NORTH TRIPURA,2005,Kharif,Urad,340,187,0.55
Tripura,NORTH TRIPURA,2005,Rabi,Gram,27,18,0.666666667
Tripura,NORTH TRIPURA,2005,Rabi,Groundnut,56,54,0.964285714
Tripura,NORTH TRIPURA,2005,Rabi,Masoor,124,79,0.637096774
Tripura,NORTH TRIPURA,2005,Rabi,Moong(Green Gram),67,33,0.492537313
Tripura,NORTH TRIPURA,2005,Rabi,Other  Rabi pulses,144,103,0.715277778
Tripura,NORTH TRIPURA,2005,Rabi,Peas & beans (Pulses),152,92,0.605263158
Tripura,NORTH TRIPURA,2005,Rabi,Rapeseed &Mustard,352,245,0.696022727
Tripura,NORTH TRIPURA,2005,Rabi,Urad,117,67,0.572649573
Tripura,NORTH TRIPURA,2005,Rabi,Wheat,244,473,1.93852459
Tripura,NORTH TRIPURA,2005,Whole Year,Sugarcane,170,8215,48.32352941
Tripura,NORTH TRIPURA,2006,Kharif,Arhar/Tur,176,133,0.755681818
Tripura,NORTH TRIPURA,2006,Kharif,Cotton(lint),178,245,1.376404494
Tripura,NORTH TRIPURA,2006,Kharif,Groundnut,49,85,1.734693878
Tripura,NORTH TRIPURA,2006,Kharif,Jute,89,728,8.179775281
Tripura,NORTH TRIPURA,2006,Kharif,Maize,341,345,1.011730205
Tripura,NORTH TRIPURA,2006,Kharif,Mesta,127,1173,9.236220472
Tripura,NORTH TRIPURA,2006,Kharif,Moong(Green Gram),172,91,0.529069767
Tripura,NORTH TRIPURA,2006,Kharif,Other Kharif pulses,400,258,0.645
Tripura,NORTH TRIPURA,2006,Kharif,Rice,40835,94365,2.31088527
Tripura,NORTH TRIPURA,2006,Kharif,Sesamum,304,175,0.575657895
Tripura,NORTH TRIPURA,2006,Kharif,Urad,249,134,0.53815261
Tripura,NORTH TRIPURA,2006,Rabi,Gram,23,16,0.695652174
Tripura,NORTH TRIPURA,2006,Rabi,Groundnut,48,52,1.083333333
Tripura,NORTH TRIPURA,2006,Rabi,Masoor,61,33,0.540983607
Tripura,NORTH TRIPURA,2006,Rabi,Moong(Green Gram),66,29,0.439393939
Tripura,NORTH TRIPURA,2006,Rabi,Other  Rabi pulses,227,177,0.779735683
Tripura,NORTH TRIPURA,2006,Rabi,Peas & beans (Pulses),121,81,0.669421488
Tripura,NORTH TRIPURA,2006,Rabi,Rapeseed &Mustard,358,245,0.684357542
Tripura,NORTH TRIPURA,2006,Rabi,Urad,107,57,0.53271028
Tripura,NORTH TRIPURA,2006,Rabi,Wheat,180,317,1.761111111
Tripura,NORTH TRIPURA,2006,Whole Year,Sugarcane,188,9041,48.09042553
Tripura,NORTH TRIPURA,2007,Kharif,Arhar/Tur,198,136,0.686868687
Tripura,NORTH TRIPURA,2007,Kharif,Cotton(lint),194,265,1.365979381
Tripura,NORTH TRIPURA,2007,Kharif,Groundnut,68,105,1.544117647
Tripura,NORTH TRIPURA,2007,Kharif,Jute,84,718,8.547619048
Tripura,NORTH TRIPURA,2007,Kharif,Maize,332,336,1.012048193
Tripura,NORTH TRIPURA,2007,Kharif,Mesta,113,992,8.778761062
Tripura,NORTH TRIPURA,2007,Kharif,Moong(Green Gram),92,39,0.423913043
Tripura,NORTH TRIPURA,2007,Kharif,Other Kharif pulses,465,308,0.662365591
Tripura,NORTH TRIPURA,2007,Kharif,Rice,41900,92796,2.214701671
Tripura,NORTH TRIPURA,2007,Kharif,Sesamum,328,171,0.521341463
Tripura,NORTH TRIPURA,2007,Kharif,Urad,235,122,0.519148936
Tripura,NORTH TRIPURA,2007,Rabi,Gram,29,19,0.655172414
Tripura,NORTH TRIPURA,2007,Rabi,Groundnut,45,50,1.111111111
Tripura,NORTH TRIPURA,2007,Rabi,Masoor,73,48,0.657534247
Tripura,NORTH TRIPURA,2007,Rabi,Moong(Green Gram),67,33,0.492537313
Tripura,NORTH TRIPURA,2007,Rabi,Other  Rabi pulses,207,144,0.695652174
Tripura,NORTH TRIPURA,2007,Rabi,Peas & beans (Pulses),128,74,0.578125
Tripura,NORTH TRIPURA,2007,Rabi,Rapeseed &Mustard,350,250,0.714285714
Tripura,NORTH TRIPURA,2007,Rabi,Urad,76,42,0.552631579
Tripura,NORTH TRIPURA,2007,Rabi,Wheat,151,311,2.059602649
Tripura,NORTH TRIPURA,2007,Whole Year,Sugarcane,150,7361,49.07333333
Tripura,NORTH TRIPURA,2008,Kharif,Arhar/Tur,176,137,0.778409091
Tripura,NORTH TRIPURA,2008,Kharif,Cotton(lint),133,189,1.421052632
Tripura,NORTH TRIPURA,2008,Kharif,Groundnut,50,78,1.56
Tripura,NORTH TRIPURA,2008,Kharif,Jute,123,944,7.674796748
Tripura,NORTH TRIPURA,2008,Kharif,Maize,280,300,1.071428571
Tripura,NORTH TRIPURA,2008,Kharif,Mesta,158,1466,9.278481013
Tripura,NORTH TRIPURA,2008,Kharif,Moong(Green Gram),119,61,0.512605042
Tripura,NORTH TRIPURA,2008,Kharif,Other Kharif pulses,400,260,0.65
Tripura,NORTH TRIPURA,2008,Kharif,Rice,39877,101477,2.544750107
Tripura,NORTH TRIPURA,2008,Kharif,Sesamum,263,161,0.6121673
Tripura,NORTH TRIPURA,2008,Kharif,Urad,209,110,0.526315789
Tripura,NORTH TRIPURA,2008,Rabi,Gram,25,19,0.76
Tripura,NORTH TRIPURA,2008,Rabi,Groundnut,37,41,1.108108108
Tripura,NORTH TRIPURA,2008,Rabi,Masoor,96,57,0.59375
Tripura,NORTH TRIPURA,2008,Rabi,Moong(Green Gram),62,32,0.516129032
Tripura,NORTH TRIPURA,2008,Rabi,Other  Rabi pulses,201,146,0.726368159
Tripura,NORTH TRIPURA,2008,Rabi,Peas & beans (Pulses),127,86,0.677165354
Tripura,NORTH TRIPURA,2008,Rabi,Rapeseed &Mustard,345,267,0.773913043
Tripura,NORTH TRIPURA,2008,Rabi,Urad,65,36,0.553846154
Tripura,NORTH TRIPURA,2008,Rabi,Wheat,127,294,2.31496063
Tripura,NORTH TRIPURA,2008,Whole Year,Sugarcane,170,11221,66.00588235
Tripura,NORTH TRIPURA,2009,Kharif,Arhar/Tur,209,153,0.732057416
Tripura,NORTH TRIPURA,2009,Kharif,Cotton(lint),196,281,1.433673469
Tripura,NORTH TRIPURA,2009,Kharif,Groundnut,47,66,1.404255319
Tripura,NORTH TRIPURA,2009,Kharif,Jute,133,1074,8.07518797
Tripura,NORTH TRIPURA,2009,Kharif,Maize,497,508,1.022132797
Tripura,NORTH TRIPURA,2009,Kharif,Mesta,227,1986,8.748898678
Tripura,NORTH TRIPURA,2009,Kharif,Moong(Green Gram),133,73,0.54887218
Tripura,NORTH TRIPURA,2009,Kharif,Other Kharif pulses,398,282,0.708542714
Tripura,NORTH TRIPURA,2009,Kharif,Rice,40428,96019,2.375061838
Tripura,NORTH TRIPURA,2009,Kharif,Sesamum,381,208,0.545931759
Tripura,NORTH TRIPURA,2009,Kharif,Urad,263,149,0.566539924
Tripura,NORTH TRIPURA,2009,Rabi,Gram,40,29,0.725
Tripura,NORTH TRIPURA,2009,Rabi,Groundnut,36,44,1.222222222
Tripura,NORTH TRIPURA,2009,Rabi,Masoor,97,61,0.628865979
Tripura,NORTH TRIPURA,2009,Rabi,Moong(Green Gram),69,39,0.565217391
Tripura,NORTH TRIPURA,2009,Rabi,Other  Rabi pulses,270,198,0.733333333
Tripura,NORTH TRIPURA,2009,Rabi,Peas & beans (Pulses),166,117,0.704819277
Tripura,NORTH TRIPURA,2009,Rabi,Rapeseed &Mustard,341,221,0.648093842
Tripura,NORTH TRIPURA,2009,Rabi,Urad,69,36,0.52173913
Tripura,NORTH TRIPURA,2009,Rabi,Wheat,165,362,2.193939394
Tripura,NORTH TRIPURA,2009,Whole Year,Sugarcane,202,11103,54.96534653
Tripura,NORTH TRIPURA,2010,Kharif,Arhar/Tur,205,155,0.756097561
Tripura,NORTH TRIPURA,2010,Kharif,Cotton(lint),299,439,1.468227425
Tripura,NORTH TRIPURA,2010,Kharif,Groundnut,59,70,1.186440678
Tripura,NORTH TRIPURA,2010,Kharif,Jute,129,1098,8.511627907
Tripura,NORTH TRIPURA,2010,Kharif,Maize,603,843,1.39800995
Tripura,NORTH TRIPURA,2010,Kharif,Mesta,104,882,8.480769231
Tripura,NORTH TRIPURA,2010,Kharif,Moong(Green Gram),91,49,0.538461538
Tripura,NORTH TRIPURA,2010,Kharif,Other Kharif pulses,341,246,0.721407625
Tripura,NORTH TRIPURA,2010,Kharif,Rice,47309,117645,2.486736139
Tripura,NORTH TRIPURA,2010,Kharif,Sesamum,531,299,0.563088512
Tripura,NORTH TRIPURA,2010,Kharif,Urad,142,81,0.570422535
Tripura,NORTH TRIPURA,2010,Rabi,Gram,33,23,0.696969697
Tripura,NORTH TRIPURA,2010,Rabi,Groundnut,92,97,1.054347826
Tripura,NORTH TRIPURA,2010,Rabi,Masoor,103,72,0.699029126
Tripura,NORTH TRIPURA,2010,Rabi,Moong(Green Gram),67,36,0.537313433
Tripura,NORTH TRIPURA,2010,Rabi,Other  Rabi pulses,291,216,0.742268041
Tripura,NORTH TRIPURA,2010,Rabi,Peas & beans (Pulses),220,159,0.722727273
Tripura,NORTH TRIPURA,2010,Rabi,Rapeseed &Mustard,625,477,0.7632
Tripura,NORTH TRIPURA,2010,Rabi,Urad,123,74,0.601626016
Tripura,NORTH TRIPURA,2010,Rabi,Wheat,55,116,2.109090909
Tripura,NORTH TRIPURA,2010,Whole Year,Sugarcane,311,16568,53.2733119
Tripura,NORTH TRIPURA,2011,Kharif,Arhar/Tur,315,235,0.746031746
Tripura,NORTH TRIPURA,2011,Kharif,Cotton(lint),404,549,1.358910891
Tripura,NORTH TRIPURA,2011,Kharif,Groundnut,28,32,1.142857143
Tripura,NORTH TRIPURA,2011,Kharif,Jute,168,1437,8.553571429
Tripura,NORTH TRIPURA,2011,Kharif,Maize,818,1013,1.238386308
Tripura,NORTH TRIPURA,2011,Kharif,Mesta,119,965,8.109243697
Tripura,NORTH TRIPURA,2011,Kharif,Moong(Green Gram),115,60,0.52173913
Tripura,NORTH TRIPURA,2011,Kharif,Other Kharif pulses,706,462,0.654390935
Tripura,NORTH TRIPURA,2011,Kharif,Rice,48908,122777,2.510366402
Tripura,NORTH TRIPURA,2011,Kharif,Sesamum,479,245,0.511482255
Tripura,NORTH TRIPURA,2011,Kharif,Urad,251,155,0.61752988
Tripura,NORTH TRIPURA,2011,Rabi,Gram,49,36,0.734693878
Tripura,NORTH TRIPURA,2011,Rabi,Groundnut,58,82,1.413793103
Tripura,NORTH TRIPURA,2011,Rabi,Masoor,162,131,0.808641975
Tripura,NORTH TRIPURA,2011,Rabi,Moong(Green Gram),62,36,0.580645161
Tripura,NORTH TRIPURA,2011,Rabi,Other  Rabi pulses,295,224,0.759322034
Tripura,NORTH TRIPURA,2011,Rabi,Peas & beans (Pulses),208,153,0.735576923
Tripura,NORTH TRIPURA,2011,Rabi,Rapeseed &Mustard,619,494,0.798061389
Tripura,NORTH TRIPURA,2011,Rabi,Urad,120,73,0.608333333
Tripura,NORTH TRIPURA,2011,Rabi,Wheat,92,184,2
Tripura,NORTH TRIPURA,2011,Whole Year,Sugarcane,276,13868,50.24637681
Tripura,NORTH TRIPURA,2012,Kharif,Arhar/Tur,181,138,0.762430939
Tripura,NORTH TRIPURA,2012,Kharif,Cotton(lint),193,249,1.29015544
Tripura,NORTH TRIPURA,2012,Kharif,Groundnut,10,12,1.2
Tripura,NORTH TRIPURA,2012,Kharif,Jute,150,1234,8.226666667
Tripura,NORTH TRIPURA,2012,Kharif,Maize,564,713,1.264184397
Tripura,NORTH TRIPURA,2012,Kharif,Mesta,97,781,8.051546392
Tripura,NORTH TRIPURA,2012,Kharif,Moong(Green Gram),47,26,0.553191489
Tripura,NORTH TRIPURA,2012,Kharif,Other Kharif pulses,426,287,0.67370892
Tripura,NORTH TRIPURA,2012,Kharif,Rice,29795,75063,2.519315321
Tripura,NORTH TRIPURA,2012,Kharif,Sesamum,263,131,0.498098859
Tripura,NORTH TRIPURA,2012,Kharif,Urad,91,49,0.538461538
Tripura,NORTH TRIPURA,2012,Rabi,Gram,38,29,0.763157895
Tripura,NORTH TRIPURA,2012,Rabi,Groundnut,51,61,1.196078431
Tripura,NORTH TRIPURA,2012,Rabi,Masoor,41,27,0.658536585
Tripura,NORTH TRIPURA,2012,Rabi,Moong(Green Gram),17,10,0.588235294
Tripura,NORTH TRIPURA,2012,Rabi,Other  Rabi pulses,110,79,0.718181818
Tripura,NORTH TRIPURA,2012,Rabi,Peas & beans (Pulses),126,95,0.753968254
Tripura,NORTH TRIPURA,2012,Rabi,Rapeseed &Mustard,417,314,0.752997602
Tripura,NORTH TRIPURA,2012,Rabi,Urad,58,35,0.603448276
Tripura,NORTH TRIPURA,2012,Rabi,Wheat,64,153,2.390625
Tripura,NORTH TRIPURA,2012,Whole Year,Sugarcane,164,8277,50.4695122
Tripura,NORTH TRIPURA,2013,Kharif,Arhar/Tur,984,708,0.719512195
Tripura,NORTH TRIPURA,2013,Kharif,Cotton(lint),277,353,1.274368231
Tripura,NORTH TRIPURA,2013,Kharif,Groundnut,15,16,1.066666667
Tripura,NORTH TRIPURA,2013,Kharif,Jute,76,673,8.855263158
Tripura,NORTH TRIPURA,2013,Kharif,Maize,938,1216,1.296375267
Tripura,NORTH TRIPURA,2013,Kharif,Mesta,63,519,8.238095238
Tripura,NORTH TRIPURA,2013,Kharif,Moong(Green Gram),82,48,0.585365854
Tripura,NORTH TRIPURA,2013,Kharif,Other Kharif pulses,412,293,0.711165049
Tripura,NORTH TRIPURA,2013,Kharif,Rice,32584,78887,2.421034864
Tripura,NORTH TRIPURA,2013,Kharif,Sesamum,280,151,0.539285714
Tripura,NORTH TRIPURA,2013,Kharif,Urad,225,131,0.582222222
Tripura,NORTH TRIPURA,2013,Rabi,Gram,52,38,0.730769231
Tripura,NORTH TRIPURA,2013,Rabi,Groundnut,18,21,1.166666667
Tripura,NORTH TRIPURA,2013,Rabi,Masoor,419,281,0.670644391
Tripura,NORTH TRIPURA,2013,Rabi,Moong(Green Gram),31,17,0.548387097
Tripura,NORTH TRIPURA,2013,Rabi,Other  Rabi pulses,125,90,0.72
Tripura,NORTH TRIPURA,2013,Rabi,Peas & beans (Pulses),153,129,0.843137255
Tripura,NORTH TRIPURA,2013,Rabi,Rapeseed &Mustard,408,376,0.921568627
Tripura,NORTH TRIPURA,2013,Rabi,Urad,124,89,0.717741935
Tripura,NORTH TRIPURA,2013,Rabi,Wheat,48,90,1.875
Tripura,NORTH TRIPURA,2013,Whole Year,Sugarcane,180,9581,53.22777778
Tripura,NORTH TRIPURA,2014,Kharif,Arhar/Tur,570,402,0.705263158
Tripura,NORTH TRIPURA,2014,Kharif,Cotton(lint),286,373,1.304195804
Tripura,NORTH TRIPURA,2014,Kharif,Groundnut,23,28,1.217391304
Tripura,NORTH TRIPURA,2014,Kharif,Jute,111,983,8.855855856
Tripura,NORTH TRIPURA,2014,Kharif,Maize,1326,1843,1.389894419
Tripura,NORTH TRIPURA,2014,Kharif,Mesta,78,638,8.179487179
Tripura,NORTH TRIPURA,2014,Kharif,Moong(Green Gram),111,64,0.576576577
Tripura,NORTH TRIPURA,2014,Kharif,Other Kharif pulses,367,237,0.645776567
Tripura,NORTH TRIPURA,2014,Kharif,Rice,32623,83278,2.552738865
Tripura,NORTH TRIPURA,2014,Kharif,Sesamum,452,249,0.550884956
Tripura,NORTH TRIPURA,2014,Kharif,Urad,156,88,0.564102564
Tripura,NORTH TRIPURA,2014,Rabi,Gram,50,41,0.82
Tripura,NORTH TRIPURA,2014,Rabi,Groundnut,47,50,1.063829787
Tripura,NORTH TRIPURA,2014,Rabi,Masoor,295,223,0.755932203
Tripura,NORTH TRIPURA,2014,Rabi,Moong(Green Gram),156,98,0.628205128
Tripura,NORTH TRIPURA,2014,Rabi,Other  Rabi pulses,294,250,0.850340136
Tripura,NORTH TRIPURA,2014,Rabi,Peas & beans (Pulses),289,235,0.813148789
Tripura,NORTH TRIPURA,2014,Rabi,Rapeseed &Mustard,951,752,0.790746583
Tripura,NORTH TRIPURA,2014,Rabi,Urad,93,71,0.76344086
Tripura,NORTH TRIPURA,2014,Rabi,Wheat,17,38,2.235294118
Tripura,NORTH TRIPURA,2014,Whole Year,Sugarcane,163,8958,54.95705521
Tripura,SEPAHIJALA,2012,Kharif,Arhar/Tur,198,171,0.863636364
Tripura,SEPAHIJALA,2012,Kharif,Cotton(lint),4,5,1.25
Tripura,SEPAHIJALA,2012,Kharif,Groundnut,8,7,0.875
Tripura,SEPAHIJALA,2012,Kharif,Jute,25,212,8.48
Tripura,SEPAHIJALA,2012,Kharif,Maize,329,393,1.194528875
Tripura,SEPAHIJALA,2012,Kharif,Mesta,12,101,8.416666667
Tripura,SEPAHIJALA,2012,Kharif,Moong(Green Gram),12,6,0.5
Tripura,SEPAHIJALA,2012,Kharif,Other Kharif pulses,121,74,0.611570248
Tripura,SEPAHIJALA,2012,Kharif,Rice,48356,147453,3.049321697
Tripura,SEPAHIJALA,2012,Kharif,Sesamum,244,131,0.536885246
Tripura,SEPAHIJALA,2012,Kharif,Urad,11,6,0.545454545
Tripura,SEPAHIJALA,2012,Rabi,Masoor,11,7,0.636363636
Tripura,SEPAHIJALA,2012,Rabi,Moong(Green Gram),19,10,0.526315789
Tripura,SEPAHIJALA,2012,Rabi,Other  Rabi pulses,88,65,0.738636364
Tripura,SEPAHIJALA,2012,Rabi,Peas & beans (Pulses),95,69,0.726315789
Tripura,SEPAHIJALA,2012,Rabi,Rapeseed &Mustard,135,108,0.8
Tripura,SEPAHIJALA,2012,Rabi,Urad,26,16,0.615384615
Tripura,SEPAHIJALA,2012,Rabi,Wheat,32,76,2.375
Tripura,SEPAHIJALA,2012,Whole Year,Sugarcane,56,3005,53.66071429
Tripura,SEPAHIJALA,2013,Kharif,Arhar/Tur,246,203,0.825203252
Tripura,SEPAHIJALA,2013,Kharif,Cotton(lint),13,20,1.538461538
Tripura,SEPAHIJALA,2013,Kharif,Groundnut,2,2,1
Tripura,SEPAHIJALA,2013,Kharif,Jute,21,187,8.904761905
Tripura,SEPAHIJALA,2013,Kharif,Maize,490,584,1.191836735
Tripura,SEPAHIJALA,2013,Kharif,Mesta,8,63,7.875
Tripura,SEPAHIJALA,2013,Kharif,Moong(Green Gram),6,3,0.5
Tripura,SEPAHIJALA,2013,Kharif,Other Kharif pulses,35,23,0.657142857
Tripura,SEPAHIJALA,2013,Kharif,Rice,49364,149425,3.027003484
Tripura,SEPAHIJALA,2013,Kharif,Sesamum,245,148,0.604081633
Tripura,SEPAHIJALA,2013,Kharif,Urad,39,22,0.564102564
Tripura,SEPAHIJALA,2013,Rabi,Groundnut,2,2,1
Tripura,SEPAHIJALA,2013,Rabi,Masoor,128,74,0.578125
Tripura,SEPAHIJALA,2013,Rabi,Moong(Green Gram),24,12,0.5
Tripura,SEPAHIJALA,2013,Rabi,Other  Rabi pulses,83,63,0.759036145
Tripura,SEPAHIJALA,2013,Rabi,Peas & beans (Pulses),97,80,0.824742268
Tripura,SEPAHIJALA,2013,Rabi,Rapeseed &Mustard,208,158,0.759615385
Tripura,SEPAHIJALA,2013,Rabi,Wheat,13,26,2
Tripura,SEPAHIJALA,2013,Whole Year,Sugarcane,74,4209,56.87837838
Tripura,SEPAHIJALA,2014,Kharif,Arhar/Tur,183,144,0.786885246
Tripura,SEPAHIJALA,2014,Kharif,Cotton(lint),10,15,1.5
Tripura,SEPAHIJALA,2014,Kharif,Groundnut,4,4,1
Tripura,SEPAHIJALA,2014,Kharif,Jute,29,258,8.896551724
Tripura,SEPAHIJALA,2014,Kharif,Maize,303,372,1.227722772
Tripura,SEPAHIJALA,2014,Kharif,Mesta,3,25,8.333333333
Tripura,SEPAHIJALA,2014,Kharif,Moong(Green Gram),41,22,0.536585366
Tripura,SEPAHIJALA,2014,Kharif,Other Kharif pulses,13,8,0.615384615
Tripura,SEPAHIJALA,2014,Kharif,Rice,47973,150378,3.134638234
Tripura,SEPAHIJALA,2014,Kharif,Sesamum,206,145,0.703883495
Tripura,SEPAHIJALA,2014,Kharif,Urad,34,19,0.558823529
Tripura,SEPAHIJALA,2014,Rabi,Groundnut,5,4,0.8
Tripura,SEPAHIJALA,2014,Rabi,Masoor,203,141,0.694581281
Tripura,SEPAHIJALA,2014,Rabi,Moong(Green Gram),2,1,0.5
Tripura,SEPAHIJALA,2014,Rabi,Peas & beans (Pulses),333,272,0.816816817
Tripura,SEPAHIJALA,2014,Rabi,Rapeseed &Mustard,521,460,0.882917466
Tripura,SEPAHIJALA,2014,Rabi,Urad,2,1,0.5
Tripura,SEPAHIJALA,2014,Rabi,Wheat,14,30,2.142857143
Tripura,SEPAHIJALA,2014,Whole Year,Sugarcane,49,2808,57.30612245
Tripura,SOUTH TRIPURA,1998,Kharif,Arhar/Tur,235,140,0.595744681
Tripura,SOUTH TRIPURA,1998,Kharif,Cotton(lint),105,115,1.095238095
Tripura,SOUTH TRIPURA,1998,Kharif,Groundnut,267,265,0.992509363
Tripura,SOUTH TRIPURA,1998,Kharif,Jute,385,3040,7.896103896
Tripura,SOUTH TRIPURA,1998,Kharif,Maize,630,470,0.746031746
Tripura,SOUTH TRIPURA,1998,Kharif,Mesta,642,4615,7.18847352
Tripura,SOUTH TRIPURA,1998,Kharif,Moong(Green Gram),200,101,0.505
Tripura,SOUTH TRIPURA,1998,Kharif,Other Kharif pulses,360,250,0.694444444
Tripura,SOUTH TRIPURA,1998,Kharif,Rice,76357,148170,1.940490066
Tripura,SOUTH TRIPURA,1998,Kharif,Sesamum,681,302,0.443465492
Tripura,SOUTH TRIPURA,1998,Kharif,Urad,290,144,0.496551724
Tripura,SOUTH TRIPURA,1998,Rabi,Gram,33,23,0.696969697
Tripura,SOUTH TRIPURA,1998,Rabi,Groundnut,75,66,0.88
Tripura,SOUTH TRIPURA,1998,Rabi,Masoor,63,25,0.396825397
Tripura,SOUTH TRIPURA,1998,Rabi,Moong(Green Gram),162,69,0.425925926
Tripura,SOUTH TRIPURA,1998,Rabi,Other  Rabi pulses,183,107,0.584699454
Tripura,SOUTH TRIPURA,1998,Rabi,Peas & beans (Pulses),325,195,0.6
Tripura,SOUTH TRIPURA,1998,Rabi,Rapeseed &Mustard,625,539,0.8624
Tripura,SOUTH TRIPURA,1998,Rabi,Urad,129,60,0.465116279
Tripura,SOUTH TRIPURA,1998,Rabi,Wheat,225,425,1.888888889
Tripura,SOUTH TRIPURA,1998,Whole Year,Sugarcane,335,16710,49.88059701
Tripura,SOUTH TRIPURA,1999,Kharif,Cotton(lint),108,134,1.240740741
Tripura,SOUTH TRIPURA,1999,Kharif,Jute & mesta,730,5710,7.821917808
Tripura,SOUTH TRIPURA,1999,Kharif,Maize,375,300,0.8
Tripura,SOUTH TRIPURA,1999,Kharif,Rice,68960,154400,2.238979118
Tripura,SOUTH TRIPURA,1999,Rabi,Wheat,206,421,2.04368932
Tripura,SOUTH TRIPURA,1999,Whole Year,Oilseeds total,1097,778,0.709206928
Tripura,SOUTH TRIPURA,1999,Whole Year,Potato,2600,48040,18.47692308
Tripura,SOUTH TRIPURA,1999,Whole Year,Sugarcane,302,14560,48.21192053
Tripura,SOUTH TRIPURA,2000,Kharif,Cotton(lint),195,286,1.466666667
Tripura,SOUTH TRIPURA,2000,Kharif,Jute & mesta,1020,8200,8.039215686
Tripura,SOUTH TRIPURA,2000,Kharif,Maize,480,490,1.020833333
Tripura,SOUTH TRIPURA,2000,Kharif,Rice,76840,178220,2.319364914
Tripura,SOUTH TRIPURA,2000,Rabi,Wheat,200,425,2.125
Tripura,SOUTH TRIPURA,2000,Whole Year,Oilseeds total,1268,857,0.675867508
Tripura,SOUTH TRIPURA,2000,Whole Year,Potato,2515,52010,20.67992048
Tripura,SOUTH TRIPURA,2000,Whole Year,Sugarcane,412,21185,51.41990291
Tripura,SOUTH TRIPURA,2001,Kharif,Cotton(lint),285,401,1.407017544
Tripura,SOUTH TRIPURA,2001,Kharif,Jute & mesta,970,8370,8.628865979
Tripura,SOUTH TRIPURA,2001,Kharif,Maize,525,530,1.00952381
Tripura,SOUTH TRIPURA,2001,Kharif,Rice,78290,191660,2.44807766
Tripura,SOUTH TRIPURA,2001,Rabi,Wheat,235,455,1.936170213
Tripura,SOUTH TRIPURA,2001,Whole Year,Oilseeds total,1238,951,0.768174475
Tripura,SOUTH TRIPURA,2001,Whole Year,Potato,2450,49830,20.33877551
Tripura,SOUTH TRIPURA,2001,Whole Year,Sugarcane,420,21310,50.73809524
Tripura,SOUTH TRIPURA,2002,Kharif,Cotton(lint),267,310,1.161048689
Tripura,SOUTH TRIPURA,2002,Kharif,Maize,713,690,0.967741935
Tripura,SOUTH TRIPURA,2002,Kharif,Other Kharif pulses,1864,1118,0.599785408
Tripura,SOUTH TRIPURA,2002,Kharif,Rice,78770,193760,2.459819728
Tripura,SOUTH TRIPURA,2002,Rabi,Wheat,197,382,1.939086294
Tripura,SOUTH TRIPURA,2002,Whole Year,Jute & mesta,930,7440,8
Tripura,SOUTH TRIPURA,2002,Whole Year,Oilseeds total,1053,718,0.681861349
Tripura,SOUTH TRIPURA,2002,Whole Year,other oilseeds,1053,718,0.681861349
Tripura,SOUTH TRIPURA,2002,Whole Year,Potato,2447,51045,20.86023702
Tripura,SOUTH TRIPURA,2002,Whole Year,Sugarcane,430,21318,49.57674419
Tripura,SOUTH TRIPURA,2003,Kharif,Cotton(lint),220,50,0.227272727
Tripura,SOUTH TRIPURA,2003,Kharif,Maize,626,615,0.982428115
Tripura,SOUTH TRIPURA,2003,Kharif,Rice,80890,201840,2.49524045
Tripura,SOUTH TRIPURA,2003,Rabi,Wheat,210,412,1.961904762
Tripura,SOUTH TRIPURA,2003,Whole Year,Jute & mesta,938,7297,7.779317697
Tripura,SOUTH TRIPURA,2003,Whole Year,Oilseeds total,1014,671,0.6617357
Tripura,SOUTH TRIPURA,2003,Whole Year,Potato,2530,40120,15.85770751
Tripura,SOUTH TRIPURA,2003,Whole Year,Sugarcane,452,21900,48.45132743
Tripura,SOUTH TRIPURA,2004,Kharif,Arhar/Tur,520,320,0.615384615
Tripura,SOUTH TRIPURA,2004,Kharif,Cotton(lint),218,309,1.417431193
Tripura,SOUTH TRIPURA,2004,Kharif,Groundnut,78,76,0.974358974
Tripura,SOUTH TRIPURA,2004,Kharif,Jute,423,3610,8.53427896
Tripura,SOUTH TRIPURA,2004,Kharif,Maize,701,687,0.980028531
Tripura,SOUTH TRIPURA,2004,Kharif,Mesta,406,2773,6.830049261
Tripura,SOUTH TRIPURA,2004,Kharif,Moong(Green Gram),110,62,0.563636364
Tripura,SOUTH TRIPURA,2004,Kharif,Other Kharif pulses,413,238,0.576271186
Tripura,SOUTH TRIPURA,2004,Kharif,Rice,80299,198375,2.470454178
Tripura,SOUTH TRIPURA,2004,Kharif,Sesamum,478,213,0.445606695
Tripura,SOUTH TRIPURA,2004,Kharif,Urad,413,278,0.673123487
Tripura,SOUTH TRIPURA,2004,Rabi,Gram,100,67,0.67
Tripura,SOUTH TRIPURA,2004,Rabi,Groundnut,48,42,0.875
Tripura,SOUTH TRIPURA,2004,Rabi,Masoor,82,44,0.536585366
Tripura,SOUTH TRIPURA,2004,Rabi,Moong(Green Gram),55,30,0.545454545
Tripura,SOUTH TRIPURA,2004,Rabi,Other  Rabi pulses,305,177,0.580327869
Tripura,SOUTH TRIPURA,2004,Rabi,Peas & beans (Pulses),313,252,0.805111821
Tripura,SOUTH TRIPURA,2004,Rabi,Rapeseed &Mustard,540,456,0.844444444
Tripura,SOUTH TRIPURA,2004,Rabi,Urad,131,96,0.732824427
Tripura,SOUTH TRIPURA,2004,Rabi,Wheat,222,407,1.833333333
Tripura,SOUTH TRIPURA,2004,Whole Year,Sugarcane,463,22895,49.44924406
Tripura,SOUTH TRIPURA,2005,Kharif,Arhar/Tur,272,173,0.636029412
Tripura,SOUTH TRIPURA,2005,Kharif,Cotton(lint),226,287,1.269911504
Tripura,SOUTH TRIPURA,2005,Kharif,Groundnut,98,99,1.010204082
Tripura,SOUTH TRIPURA,2005,Kharif,Jute,315,2535,8.047619048
Tripura,SOUTH TRIPURA,2005,Kharif,Maize,670,657,0.980597015
Tripura,SOUTH TRIPURA,2005,Kharif,Mesta,346,2323,6.713872832
Tripura,SOUTH TRIPURA,2005,Kharif,Moong(Green Gram),185,109,0.589189189
Tripura,SOUTH TRIPURA,2005,Kharif,Other Kharif pulses,286,154,0.538461538
Tripura,SOUTH TRIPURA,2005,Kharif,Rice,81372,213034,2.618025857
Tripura,SOUTH TRIPURA,2005,Kharif,Sesamum,475,220,0.463157895
Tripura,SOUTH TRIPURA,2005,Kharif,Urad,368,265,0.720108696
Tripura,SOUTH TRIPURA,2005,Rabi,Gram,48,41,0.854166667
Tripura,SOUTH TRIPURA,2005,Rabi,Groundnut,74,64,0.864864865
Tripura,SOUTH TRIPURA,2005,Rabi,Masoor,110,78,0.709090909
Tripura,SOUTH TRIPURA,2005,Rabi,Moong(Green Gram),98,84,0.857142857
Tripura,SOUTH TRIPURA,2005,Rabi,Other  Rabi pulses,408,396,0.970588235
Tripura,SOUTH TRIPURA,2005,Rabi,Peas & beans (Pulses),324,311,0.959876543
Tripura,SOUTH TRIPURA,2005,Rabi,Rapeseed &Mustard,553,457,0.826401447
Tripura,SOUTH TRIPURA,2005,Rabi,Urad,164,153,0.932926829
Tripura,SOUTH TRIPURA,2005,Rabi,Wheat,407,721,1.771498771
Tripura,SOUTH TRIPURA,2005,Whole Year,Sugarcane,461,23641,51.28199566
Tripura,SOUTH TRIPURA,2006,Kharif,Arhar/Tur,205,122,0.595121951
Tripura,SOUTH TRIPURA,2006,Kharif,Cotton(lint),237,308,1.299578059
Tripura,SOUTH TRIPURA,2006,Kharif,Groundnut,55,55,1
Tripura,SOUTH TRIPURA,2006,Kharif,Jute,146,1172,8.02739726
Tripura,SOUTH TRIPURA,2006,Kharif,Maize,820,830,1.012195122
Tripura,SOUTH TRIPURA,2006,Kharif,Mesta,290,1941,6.693103448
Tripura,SOUTH TRIPURA,2006,Kharif,Moong(Green Gram),73,36,0.493150685
Tripura,SOUTH TRIPURA,2006,Kharif,Other Kharif pulses,620,345,0.556451613
Tripura,SOUTH TRIPURA,2006,Kharif,Rice,81447,218494,2.682652522
Tripura,SOUTH TRIPURA,2006,Kharif,Sesamum,570,330,0.578947368
Tripura,SOUTH TRIPURA,2006,Kharif,Urad,255,181,0.709803922
Tripura,SOUTH TRIPURA,2006,Rabi,Gram,39,33,0.846153846
Tripura,SOUTH TRIPURA,2006,Rabi,Groundnut,44,40,0.909090909
Tripura,SOUTH TRIPURA,2006,Rabi,Masoor,128,105,0.8203125
Tripura,SOUTH TRIPURA,2006,Rabi,Moong(Green Gram),69,44,0.637681159
Tripura,SOUTH TRIPURA,2006,Rabi,Other  Rabi pulses,357,341,0.955182073
Tripura,SOUTH TRIPURA,2006,Rabi,Peas & beans (Pulses),265,235,0.886792453
Tripura,SOUTH TRIPURA,2006,Rabi,Rapeseed &Mustard,433,365,0.84295612
Tripura,SOUTH TRIPURA,2006,Rabi,Urad,184,154,0.836956522
Tripura,SOUTH TRIPURA,2006,Rabi,Wheat,218,398,1.825688073
Tripura,SOUTH TRIPURA,2006,Whole Year,Sugarcane,433,21260,49.09930716
Tripura,SOUTH TRIPURA,2007,Kharif,Arhar/Tur,312,205,0.657051282
Tripura,SOUTH TRIPURA,2007,Kharif,Cotton(lint),267,334,1.25093633
Tripura,SOUTH TRIPURA,2007,Kharif,Groundnut,80,71,0.8875
Tripura,SOUTH TRIPURA,2007,Kharif,Jute,160,1270,7.9375
Tripura,SOUTH TRIPURA,2007,Kharif,Maize,718,764,1.064066852
Tripura,SOUTH TRIPURA,2007,Kharif,Mesta,297,1996,6.720538721
Tripura,SOUTH TRIPURA,2007,Kharif,Moong(Green Gram),91,43,0.472527473
Tripura,SOUTH TRIPURA,2007,Kharif,Other Kharif pulses,435,249,0.572413793
Tripura,SOUTH TRIPURA,2007,Kharif,Rice,83304,222472,2.670604053
Tripura,SOUTH TRIPURA,2007,Kharif,Sesamum,560,333,0.594642857
Tripura,SOUTH TRIPURA,2007,Kharif,Urad,265,194,0.732075472
Tripura,SOUTH TRIPURA,2007,Rabi,Gram,36,26,0.722222222
Tripura,SOUTH TRIPURA,2007,Rabi,Groundnut,38,36,0.947368421
Tripura,SOUTH TRIPURA,2007,Rabi,Masoor,151,117,0.774834437
Tripura,SOUTH TRIPURA,2007,Rabi,Moong(Green Gram),70,49,0.7
Tripura,SOUTH TRIPURA,2007,Rabi,Other  Rabi pulses,454,375,0.825991189
Tripura,SOUTH TRIPURA,2007,Rabi,Peas & beans (Pulses),224,184,0.821428571
Tripura,SOUTH TRIPURA,2007,Rabi,Rapeseed &Mustard,483,373,0.772256729
Tripura,SOUTH TRIPURA,2007,Rabi,Urad,153,114,0.745098039
Tripura,SOUTH TRIPURA,2007,Rabi,Wheat,322,567,1.760869565
Tripura,SOUTH TRIPURA,2007,Whole Year,Sugarcane,468,23068,49.29059829
Tripura,SOUTH TRIPURA,2008,Kharif,Arhar/Tur,247,164,0.663967611
Tripura,SOUTH TRIPURA,2008,Kharif,Cotton(lint),232,308,1.327586207
Tripura,SOUTH TRIPURA,2008,Kharif,Groundnut,63,67,1.063492063
Tripura,SOUTH TRIPURA,2008,Kharif,Jute,147,1251,8.510204082
Tripura,SOUTH TRIPURA,2008,Kharif,Maize,687,663,0.965065502
Tripura,SOUTH TRIPURA,2008,Kharif,Mesta,224,1634,7.294642857
Tripura,SOUTH TRIPURA,2008,Kharif,Moong(Green Gram),90,46,0.511111111
Tripura,SOUTH TRIPURA,2008,Kharif,Other Kharif pulses,422,239,0.566350711
Tripura,SOUTH TRIPURA,2008,Kharif,Rice,80800,220676,2.731138614
Tripura,SOUTH TRIPURA,2008,Kharif,Sesamum,452,286,0.632743363
Tripura,SOUTH TRIPURA,2008,Kharif,Urad,226,165,0.730088496
Tripura,SOUTH TRIPURA,2008,Rabi,Gram,41,38,0.926829268
Tripura,SOUTH TRIPURA,2008,Rabi,Groundnut,48,68,1.416666667
Tripura,SOUTH TRIPURA,2008,Rabi,Masoor,161,128,0.795031056
Tripura,SOUTH TRIPURA,2008,Rabi,Moong(Green Gram),61,47,0.770491803
Tripura,SOUTH TRIPURA,2008,Rabi,Other  Rabi pulses,487,482,0.98973306
Tripura,SOUTH TRIPURA,2008,Rabi,Peas & beans (Pulses),249,209,0.83935743
Tripura,SOUTH TRIPURA,2008,Rabi,Rapeseed &Mustard,540,462,0.855555556
Tripura,SOUTH TRIPURA,2008,Rabi,Urad,143,119,0.832167832
Tripura,SOUTH TRIPURA,2008,Rabi,Wheat,151,277,1.834437086
Tripura,SOUTH TRIPURA,2008,Whole Year,Sugarcane,511,25158,49.23287671
Tripura,SOUTH TRIPURA,2009,Kharif,Arhar/Tur,272,191,0.702205882
Tripura,SOUTH TRIPURA,2009,Kharif,Cotton(lint),257,349,1.357976654
Tripura,SOUTH TRIPURA,2009,Kharif,Groundnut,55,57,1.036363636
Tripura,SOUTH TRIPURA,2009,Kharif,Jute,196,1577,8.045918367
Tripura,SOUTH TRIPURA,2009,Kharif,Maize,644,654,1.01552795
Tripura,SOUTH TRIPURA,2009,Kharif,Mesta,264,1686,6.386363636
Tripura,SOUTH TRIPURA,2009,Kharif,Moong(Green Gram),102,58,0.568627451
Tripura,SOUTH TRIPURA,2009,Kharif,Other Kharif pulses,479,307,0.64091858
Tripura,SOUTH TRIPURA,2009,Kharif,Rice,82074,225730,2.750322879
Tripura,SOUTH TRIPURA,2009,Kharif,Sesamum,512,322,0.62890625
Tripura,SOUTH TRIPURA,2009,Kharif,Urad,308,206,0.668831169
Tripura,SOUTH TRIPURA,2009,Rabi,Gram,47,36,0.765957447
Tripura,SOUTH TRIPURA,2009,Rabi,Groundnut,55,61,1.109090909
Tripura,SOUTH TRIPURA,2009,Rabi,Masoor,155,102,0.658064516
Tripura,SOUTH TRIPURA,2009,Rabi,Moong(Green Gram),74,45,0.608108108
Tripura,SOUTH TRIPURA,2009,Rabi,Other  Rabi pulses,506,450,0.889328063
Tripura,SOUTH TRIPURA,2009,Rabi,Peas & beans (Pulses),282,224,0.794326241
Tripura,SOUTH TRIPURA,2009,Rabi,Rapeseed &Mustard,572,501,0.875874126
Tripura,SOUTH TRIPURA,2009,Rabi,Urad,148,108,0.72972973
Tripura,SOUTH TRIPURA,2009,Rabi,Wheat,176,334,1.897727273
Tripura,SOUTH TRIPURA,2009,Whole Year,Sugarcane,386,18651,48.31865285
Tripura,SOUTH TRIPURA,2010,Kharif,Arhar/Tur,402,308,0.766169154
Tripura,SOUTH TRIPURA,2010,Kharif,Cotton(lint),240,353,1.470833333
Tripura,SOUTH TRIPURA,2010,Kharif,Groundnut,73,76,1.04109589
Tripura,SOUTH TRIPURA,2010,Kharif,Jute,193,1643,8.512953368
Tripura,SOUTH TRIPURA,2010,Kharif,Maize,857,1088,1.269544924
Tripura,SOUTH TRIPURA,2010,Kharif,Mesta,277,2230,8.050541516
Tripura,SOUTH TRIPURA,2010,Kharif,Moong(Green Gram),95,50,0.526315789
Tripura,SOUTH TRIPURA,2010,Kharif,Other Kharif pulses,487,331,0.679671458
Tripura,SOUTH TRIPURA,2010,Kharif,Rice,82951,230326,2.776651276
Tripura,SOUTH TRIPURA,2010,Kharif,Sesamum,593,364,0.613827993
Tripura,SOUTH TRIPURA,2010,Kharif,Urad,427,239,0.55971897
Tripura,SOUTH TRIPURA,2010,Rabi,Gram,44,32,0.727272727
Tripura,SOUTH TRIPURA,2010,Rabi,Groundnut,119,121,1.016806723
Tripura,SOUTH TRIPURA,2010,Rabi,Masoor,132,93,0.704545455
Tripura,SOUTH TRIPURA,2010,Rabi,Moong(Green Gram),65,38,0.584615385
Tripura,SOUTH TRIPURA,2010,Rabi,Other  Rabi pulses,428,367,0.857476636
Tripura,SOUTH TRIPURA,2010,Rabi,Peas & beans (Pulses),312,250,0.801282051
Tripura,SOUTH TRIPURA,2010,Rabi,Rapeseed &Mustard,616,491,0.797077922
Tripura,SOUTH TRIPURA,2010,Rabi,Urad,176,137,0.778409091
Tripura,SOUTH TRIPURA,2010,Rabi,Wheat,45,94,2.088888889
Tripura,SOUTH TRIPURA,2010,Whole Year,Sugarcane,283,14029,49.57243816
Tripura,SOUTH TRIPURA,2011,Kharif,Arhar/Tur,438,333,0.760273973
Tripura,SOUTH TRIPURA,2011,Kharif,Cotton(lint),201,282,1.402985075
Tripura,SOUTH TRIPURA,2011,Kharif,Groundnut,60,61,1.016666667
Tripura,SOUTH TRIPURA,2011,Kharif,Jute,300,2581,8.603333333
Tripura,SOUTH TRIPURA,2011,Kharif,Maize,1055,1237,1.172511848
Tripura,SOUTH TRIPURA,2011,Kharif,Mesta,223,1901,8.524663677
Tripura,SOUTH TRIPURA,2011,Kharif,Moong(Green Gram),111,62,0.558558559
Tripura,SOUTH TRIPURA,2011,Kharif,Other Kharif pulses,503,319,0.634194831
Tripura,SOUTH TRIPURA,2011,Kharif,Rice,84209,236107,2.803821444
Tripura,SOUTH TRIPURA,2011,Kharif,Sesamum,556,334,0.600719424
Tripura,SOUTH TRIPURA,2011,Kharif,Urad,490,299,0.610204082
Tripura,SOUTH TRIPURA,2011,Rabi,Gram,42,33,0.785714286
Tripura,SOUTH TRIPURA,2011,Rabi,Groundnut,141,174,1.234042553
Tripura,SOUTH TRIPURA,2011,Rabi,Masoor,160,126,0.7875
Tripura,SOUTH TRIPURA,2011,Rabi,Moong(Green Gram),75,43,0.573333333
Tripura,SOUTH TRIPURA,2011,Rabi,Other  Rabi pulses,496,424,0.85483871
Tripura,SOUTH TRIPURA,2011,Rabi,Peas & beans (Pulses),321,261,0.813084112
Tripura,SOUTH TRIPURA,2011,Rabi,Rapeseed &Mustard,605,492,0.81322314
Tripura,SOUTH TRIPURA,2011,Rabi,Urad,230,185,0.804347826
Tripura,SOUTH TRIPURA,2011,Rabi,Wheat,33,63,1.909090909
Tripura,SOUTH TRIPURA,2011,Whole Year,Sugarcane,355,17249,48.58873239
Tripura,SOUTH TRIPURA,2012,Kharif,Arhar/Tur,221,158,0.714932127
Tripura,SOUTH TRIPURA,2012,Kharif,Cotton(lint),62,76,1.225806452
Tripura,SOUTH TRIPURA,2012,Kharif,Groundnut,33,35,1.060606061
Tripura,SOUTH TRIPURA,2012,Kharif,Jute,71,561,7.901408451
Tripura,SOUTH TRIPURA,2012,Kharif,Maize,650,806,1.24
Tripura,SOUTH TRIPURA,2012,Kharif,Mesta,85,649,7.635294118
Tripura,SOUTH TRIPURA,2012,Kharif,Moong(Green Gram),65,36,0.553846154
Tripura,SOUTH TRIPURA,2012,Kharif,Other Kharif pulses,312,181,0.580128205
Tripura,SOUTH TRIPURA,2012,Kharif,Rice,41350,118814,2.87337364
Tripura,SOUTH TRIPURA,2012,Kharif,Sesamum,345,252,0.730434783
Tripura,SOUTH TRIPURA,2012,Kharif,Urad,290,218,0.751724138
Tripura,SOUTH TRIPURA,2012,Rabi,Gram,27,19,0.703703704
Tripura,SOUTH TRIPURA,2012,Rabi,Groundnut,108,145,1.342592593
Tripura,SOUTH TRIPURA,2012,Rabi,Masoor,107,87,0.813084112
Tripura,SOUTH TRIPURA,2012,Rabi,Moong(Green Gram),61,35,0.573770492
Tripura,SOUTH TRIPURA,2012,Rabi,Other  Rabi pulses,296,248,0.837837838
Tripura,SOUTH TRIPURA,2012,Rabi,Peas & beans (Pulses),233,189,0.811158798
Tripura,SOUTH TRIPURA,2012,Rabi,Rapeseed &Mustard,357,302,0.845938375
Tripura,SOUTH TRIPURA,2012,Rabi,Urad,102,68,0.666666667
Tripura,SOUTH TRIPURA,2012,Rabi,Wheat,21,45,2.142857143
Tripura,SOUTH TRIPURA,2012,Whole Year,Sugarcane,310,15037,48.50645161
Tripura,SOUTH TRIPURA,2013,Kharif,Arhar/Tur,597,372,0.623115578
Tripura,SOUTH TRIPURA,2013,Kharif,Cotton(lint),63,86,1.365079365
Tripura,SOUTH TRIPURA,2013,Kharif,Groundnut,42,44,1.047619048
Tripura,SOUTH TRIPURA,2013,Kharif,Jute,79,660,8.35443038
Tripura,SOUTH TRIPURA,2013,Kharif,Maize,729,835,1.145404664
Tripura,SOUTH TRIPURA,2013,Kharif,Mesta,148,1158,7.824324324
Tripura,SOUTH TRIPURA,2013,Kharif,Moong(Green Gram),110,57,0.518181818
Tripura,SOUTH TRIPURA,2013,Kharif,Other Kharif pulses,324,181,0.558641975
Tripura,SOUTH TRIPURA,2013,Kharif,Rice,42246,127322,3.013823794
Tripura,SOUTH TRIPURA,2013,Kharif,Sesamum,510,357,0.7
Tripura,SOUTH TRIPURA,2013,Kharif,Urad,337,265,0.786350148
Tripura,SOUTH TRIPURA,2013,Rabi,Gram,30,20,0.666666667
Tripura,SOUTH TRIPURA,2013,Rabi,Groundnut,99,130,1.313131313
Tripura,SOUTH TRIPURA,2013,Rabi,Masoor,230,161,0.7
Tripura,SOUTH TRIPURA,2013,Rabi,Moong(Green Gram),76,40,0.526315789
Tripura,SOUTH TRIPURA,2013,Rabi,Other  Rabi pulses,30,26,0.866666667
Tripura,SOUTH TRIPURA,2013,Rabi,Peas & beans (Pulses),213,190,0.892018779
Tripura,SOUTH TRIPURA,2013,Rabi,Rapeseed &Mustard,510,431,0.845098039
Tripura,SOUTH TRIPURA,2013,Rabi,Urad,84,73,0.869047619
Tripura,SOUTH TRIPURA,2013,Rabi,Wheat,11,18,1.636363636
Tripura,SOUTH TRIPURA,2013,Whole Year,Sugarcane,350,16932,48.37714286
Tripura,SOUTH TRIPURA,2014,Kharif,Arhar/Tur,256,180,0.703125
Tripura,SOUTH TRIPURA,2014,Kharif,Cotton(lint),39,56,1.435897436
Tripura,SOUTH TRIPURA,2014,Kharif,Groundnut,35,39,1.114285714
Tripura,SOUTH TRIPURA,2014,Kharif,Jute,75,606,8.08
Tripura,SOUTH TRIPURA,2014,Kharif,Maize,558,723,1.295698925
Tripura,SOUTH TRIPURA,2014,Kharif,Mesta,89,641,7.202247191
Tripura,SOUTH TRIPURA,2014,Kharif,Moong(Green Gram),71,40,0.563380282
Tripura,SOUTH TRIPURA,2014,Kharif,Other Kharif pulses,217,110,0.506912442
Tripura,SOUTH TRIPURA,2014,Kharif,Rice,42639,128021,3.002439082
Tripura,SOUTH TRIPURA,2014,Kharif,Sesamum,328,233,0.710365854
Tripura,SOUTH TRIPURA,2014,Kharif,Urad,179,132,0.737430168
Tripura,SOUTH TRIPURA,2014,Rabi,Gram,25,18,0.72
Tripura,SOUTH TRIPURA,2014,Rabi,Groundnut,92,98,1.065217391
Tripura,SOUTH TRIPURA,2014,Rabi,Masoor,503,406,0.807157058
Tripura,SOUTH TRIPURA,2014,Rabi,Moong(Green Gram),103,62,0.601941748
Tripura,SOUTH TRIPURA,2014,Rabi,Peas & beans (Pulses),276,236,0.855072464
Tripura,SOUTH TRIPURA,2014,Rabi,Rapeseed &Mustard,1281,1095,0.854800937
Tripura,SOUTH TRIPURA,2014,Rabi,Urad,55,41,0.745454545
Tripura,SOUTH TRIPURA,2014,Rabi,Wheat,16,33,2.0625
Tripura,SOUTH TRIPURA,2014,Whole Year,Sugarcane,240,11889,49.5375
Tripura,UNAKOTI,2012,Kharif,Arhar/Tur,73,58,0.794520548
Tripura,UNAKOTI,2012,Kharif,Cotton(lint),46,65,1.413043478
Tripura,UNAKOTI,2012,Kharif,Groundnut,8,14,1.75
Tripura,UNAKOTI,2012,Kharif,Jute,85,688,8.094117647
Tripura,UNAKOTI,2012,Kharif,Maize,220,317,1.440909091
Tripura,UNAKOTI,2012,Kharif,Mesta,83,650,7.831325301
Tripura,UNAKOTI,2012,Kharif,Moong(Green Gram),44,21,0.477272727
Tripura,UNAKOTI,2012,Kharif,Other Kharif pulses,337,209,0.620178042
Tripura,UNAKOTI,2012,Kharif,Rice,17201,48146,2.799023313
Tripura,UNAKOTI,2012,Kharif,Sesamum,232,146,0.629310345
Tripura,UNAKOTI,2012,Kharif,Urad,68,36,0.529411765
Tripura,UNAKOTI,2012,Rabi,Gram,26,18,0.692307692
Tripura,UNAKOTI,2012,Rabi,Groundnut,41,59,1.43902439
Tripura,UNAKOTI,2012,Rabi,Masoor,100,71,0.71
Tripura,UNAKOTI,2012,Rabi,Moong(Green Gram),48,26,0.541666667
Tripura,UNAKOTI,2012,Rabi,Other  Rabi pulses,264,206,0.78030303
Tripura,UNAKOTI,2012,Rabi,Peas & beans (Pulses),115,78,0.67826087
Tripura,UNAKOTI,2012,Rabi,Rapeseed &Mustard,285,220,0.771929825
Tripura,UNAKOTI,2012,Rabi,Urad,118,65,0.550847458
Tripura,UNAKOTI,2012,Rabi,Wheat,65,179,2.753846154
Tripura,UNAKOTI,2012,Whole Year,Sugarcane,100,5489,54.89
Tripura,UNAKOTI,2013,Kharif,Arhar/Tur,116,93,0.801724138
Tripura,UNAKOTI,2013,Kharif,Cotton(lint),44,65,1.477272727
Tripura,UNAKOTI,2013,Kharif,Groundnut,12,19,1.583333333
Tripura,UNAKOTI,2013,Kharif,Jute,105,694,6.60952381
Tripura,UNAKOTI,2013,Kharif,Maize,310,387,1.248387097
Tripura,UNAKOTI,2013,Kharif,Mesta,87,811,9.32183908
Tripura,UNAKOTI,2013,Kharif,Moong(Green Gram),54,27,0.5
Tripura,UNAKOTI,2013,Kharif,Other Kharif pulses,297,203,0.683501684
Tripura,UNAKOTI,2013,Kharif,Rice,17245,47041,2.727805161
Tripura,UNAKOTI,2013,Kharif,Sesamum,195,127,0.651282051
Tripura,UNAKOTI,2013,Kharif,Urad,68,33,0.485294118
Tripura,UNAKOTI,2013,Rabi,Groundnut,21,25,1.19047619
Tripura,UNAKOTI,2013,Rabi,Masoor,205,140,0.682926829
Tripura,UNAKOTI,2013,Rabi,Moong(Green Gram),39,21,0.538461538
Tripura,UNAKOTI,2013,Rabi,Other  Rabi pulses,231,219,0.948051948
Tripura,UNAKOTI,2013,Rabi,Peas & beans (Pulses),64,49,0.765625
Tripura,UNAKOTI,2013,Rabi,Rapeseed &Mustard,334,238,0.71257485
Tripura,UNAKOTI,2013,Rabi,Urad,88,61,0.693181818
Tripura,UNAKOTI,2013,Rabi,Wheat,43,96,2.23255814
Tripura,UNAKOTI,2013,Whole Year,Sugarcane,103,5974,58
Tripura,UNAKOTI,2014,Kharif,Arhar/Tur,125,103,0.824
Tripura,UNAKOTI,2014,Kharif,Cotton(lint),64,97,1.515625
Tripura,UNAKOTI,2014,Kharif,Groundnut,6,6,1
Tripura,UNAKOTI,2014,Kharif,Jute,86,648,7.534883721
Tripura,UNAKOTI,2014,Kharif,Maize,263,337,1.281368821
Tripura,UNAKOTI,2014,Kharif,Mesta,69,635,9.202898551
Tripura,UNAKOTI,2014,Kharif,Moong(Green Gram),83,44,0.530120482
Tripura,UNAKOTI,2014,Kharif,Other Kharif pulses,222,137,0.617117117
Tripura,UNAKOTI,2014,Kharif,Rice,17674,51830,2.932556297
Tripura,UNAKOTI,2014,Kharif,Sesamum,230,157,0.682608696
Tripura,UNAKOTI,2014,Kharif,Urad,99,49,0.494949495
Tripura,UNAKOTI,2014,Rabi,Gram,12,9,0.75
Tripura,UNAKOTI,2014,Rabi,Groundnut,35,33,0.942857143
Tripura,UNAKOTI,2014,Rabi,Masoor,276,190,0.688405797
Tripura,UNAKOTI,2014,Rabi,Moong(Green Gram),67,38,0.567164179
Tripura,UNAKOTI,2014,Rabi,Other  Rabi pulses,258,212,0.821705426
Tripura,UNAKOTI,2014,Rabi,Peas & beans (Pulses),202,155,0.767326733
Tripura,UNAKOTI,2014,Rabi,Rapeseed &Mustard,608,462,0.759868421
Tripura,UNAKOTI,2014,Rabi,Urad,88,60,0.681818182
Tripura,UNAKOTI,2014,Rabi,Wheat,16,38,2.375
Tripura,UNAKOTI,2014,Whole Year,Sugarcane,81,4698,58
Tripura,WEST TRIPURA,1998,Kharif,Arhar/Tur,240,160,0.666666667
Tripura,WEST TRIPURA,1998,Kharif,Cotton(lint),56,66,1.178571429
Tripura,WEST TRIPURA,1998,Kharif,Groundnut,378,378,1
Tripura,WEST TRIPURA,1998,Kharif,Jute,620,4960,8
Tripura,WEST TRIPURA,1998,Kharif,Maize,755,560,0.741721854
Tripura,WEST TRIPURA,1998,Kharif,Mesta,847,5436,6.417945691
Tripura,WEST TRIPURA,1998,Kharif,Moong(Green Gram),240,117,0.4875
Tripura,WEST TRIPURA,1998,Kharif,Other Kharif pulses,617,445,0.721231767
Tripura,WEST TRIPURA,1998,Kharif,Rice,102480,205230,2.00263466
Tripura,WEST TRIPURA,1998,Kharif,Sesamum,926,400,0.431965443
Tripura,WEST TRIPURA,1998,Kharif,Urad,360,163,0.452777778
Tripura,WEST TRIPURA,1998,Rabi,Gram,75,45,0.6
Tripura,WEST TRIPURA,1998,Rabi,Groundnut,110,82,0.745454545
Tripura,WEST TRIPURA,1998,Rabi,Masoor,142,59,0.415492958
Tripura,WEST TRIPURA,1998,Rabi,Moong(Green Gram),188,77,0.409574468
Tripura,WEST TRIPURA,1998,Rabi,Other  Rabi pulses,522,308,0.590038314
Tripura,WEST TRIPURA,1998,Rabi,Peas & beans (Pulses),255,155,0.607843137
Tripura,WEST TRIPURA,1998,Rabi,Rapeseed &Mustard,1340,1066,0.795522388
Tripura,WEST TRIPURA,1998,Rabi,Urad,177,80,0.451977401
Tripura,WEST TRIPURA,1998,Rabi,Wheat,510,960,1.882352941
Tripura,WEST TRIPURA,1998,Whole Year,Sugarcane,160,8485,53.03125
Tripura,WEST TRIPURA,1999,Kharif,Cotton(lint),52,51,0.980769231
Tripura,WEST TRIPURA,1999,Kharif,Jute & mesta,1023,7695,7.521994135
Tripura,WEST TRIPURA,1999,Kharif,Maize,465,365,0.784946237
Tripura,WEST TRIPURA,1999,Kharif,Rice,99140,229950,2.319447246
Tripura,WEST TRIPURA,1999,Rabi,Wheat,633,1126,1.778830964
Tripura,WEST TRIPURA,1999,Whole Year,Oilseeds total,2233,1497,0.670398567
Tripura,WEST TRIPURA,1999,Whole Year,Potato,1755,31610,18.01139601
Tripura,WEST TRIPURA,1999,Whole Year,Sugarcane,165,8185,49.60606061
Tripura,WEST TRIPURA,2000,Kharif,Cotton(lint),40,53,1.325
Tripura,WEST TRIPURA,2000,Kharif,Jute & mesta,918,8055,8.774509804
Tripura,WEST TRIPURA,2000,Kharif,Maize,470,455,0.968085106
Tripura,WEST TRIPURA,2000,Kharif,Rice,97380,228100,2.342370097
Tripura,WEST TRIPURA,2000,Rabi,Wheat,405,850,2.098765432
Tripura,WEST TRIPURA,2000,Whole Year,Oilseeds total,1755,1206,0.687179487
Tripura,WEST TRIPURA,2000,Whole Year,Potato,1675,33105,19.7641791
Tripura,WEST TRIPURA,2000,Whole Year,Sugarcane,165,8845,53.60606061
Tripura,WEST TRIPURA,2001,Kharif,Cotton(lint),70,103,1.471428571
Tripura,WEST TRIPURA,2001,Kharif,Jute & mesta,910,7870,8.648351648
Tripura,WEST TRIPURA,2001,Kharif,Maize,540,510,0.944444444
Tripura,WEST TRIPURA,2001,Kharif,Rice,97280,247580,2.545024671
Tripura,WEST TRIPURA,2001,Rabi,Wheat,375,735,1.96
Tripura,WEST TRIPURA,2001,Whole Year,Oilseeds total,1319,902,0.683851403
Tripura,WEST TRIPURA,2001,Whole Year,Potato,1510,31865,21.10264901
Tripura,WEST TRIPURA,2001,Whole Year,Sugarcane,170,9035,53.14705882
Tripura,WEST TRIPURA,2002,Kharif,Cotton(lint),145,124,0.855172414
Tripura,WEST TRIPURA,2002,Kharif,Maize,685,645,0.941605839
Tripura,WEST TRIPURA,2002,Kharif,Other Kharif pulses,2720,1702,0.625735294
Tripura,WEST TRIPURA,2002,Kharif,Rice,98010,250160,2.552392613
Tripura,WEST TRIPURA,2002,Rabi,Wheat,260,529,2.034615385
Tripura,WEST TRIPURA,2002,Whole Year,Jute & mesta,951,7207,7.578338591
Tripura,WEST TRIPURA,2002,Whole Year,Oilseeds total,1350,961,0.711851852
Tripura,WEST TRIPURA,2002,Whole Year,other oilseeds,1350,961,0.711851852
Tripura,WEST TRIPURA,2002,Whole Year,Potato,1737,33700,19.40126655
Tripura,WEST TRIPURA,2002,Whole Year,Sugarcane,160,8545,53.40625
Tripura,WEST TRIPURA,2003,Kharif,Cotton(lint),147,35,0.238095238
Tripura,WEST TRIPURA,2003,Kharif,Maize,695,622,0.894964029
Tripura,WEST TRIPURA,2003,Kharif,Rice,101000,253590,2.510792079
Tripura,WEST TRIPURA,2003,Rabi,Wheat,305,605,1.983606557
Tripura,WEST TRIPURA,2003,Whole Year,Jute & mesta,971,7668,7.897013388
Tripura,WEST TRIPURA,2003,Whole Year,Oilseeds total,1147,784,0.683522232
Tripura,WEST TRIPURA,2003,Whole Year,Potato,1530,24110,15.75816993
Tripura,WEST TRIPURA,2003,Whole Year,Sugarcane,152,5845,38.45394737
Tripura,WEST TRIPURA,2004,Kharif,Arhar/Tur,444,309,0.695945946
Tripura,WEST TRIPURA,2004,Kharif,Cotton(lint),117,180,1.538461538
Tripura,WEST TRIPURA,2004,Kharif,Groundnut,198,225,1.136363636
Tripura,WEST TRIPURA,2004,Kharif,Jute,295,1972,6.684745763
Tripura,WEST TRIPURA,2004,Kharif,Maize,574,518,0.902439024
Tripura,WEST TRIPURA,2004,Kharif,Mesta,283,2116,7.477031802
Tripura,WEST TRIPURA,2004,Kharif,Moong(Green Gram),87,45,0.517241379
Tripura,WEST TRIPURA,2004,Kharif,Other Kharif pulses,690,490,0.710144928
Tripura,WEST TRIPURA,2004,Kharif,Rice,98944,249363,2.520243774
Tripura,WEST TRIPURA,2004,Kharif,Sesamum,410,185,0.451219512
Tripura,WEST TRIPURA,2004,Kharif,Urad,211,115,0.545023697
Tripura,WEST TRIPURA,2004,Rabi,Gram,68,53,0.779411765
Tripura,WEST TRIPURA,2004,Rabi,Groundnut,50,48,0.96
Tripura,WEST TRIPURA,2004,Rabi,Masoor,225,110,0.488888889
Tripura,WEST TRIPURA,2004,Rabi,Moong(Green Gram),296,144,0.486486486
Tripura,WEST TRIPURA,2004,Rabi,Other  Rabi pulses,375,262,0.698666667
Tripura,WEST TRIPURA,2004,Rabi,Peas & beans (Pulses),373,239,0.64075067
Tripura,WEST TRIPURA,2004,Rabi,Rapeseed &Mustard,392,260,0.663265306
Tripura,WEST TRIPURA,2004,Rabi,Urad,121,59,0.487603306
Tripura,WEST TRIPURA,2004,Rabi,Wheat,387,842,2.175710594
Tripura,WEST TRIPURA,2004,Whole Year,Sugarcane,182,9332,51.27472527
Tripura,WEST TRIPURA,2005,Kharif,Arhar/Tur,478,345,0.721757322
Tripura,WEST TRIPURA,2005,Kharif,Cotton(lint),194,274,1.412371134
Tripura,WEST TRIPURA,2005,Kharif,Groundnut,175,205,1.171428571
Tripura,WEST TRIPURA,2005,Kharif,Jute,204,1597,7.828431373
Tripura,WEST TRIPURA,2005,Kharif,Maize,675,632,0.936296296
Tripura,WEST TRIPURA,2005,Kharif,Mesta,276,1991,7.213768116
Tripura,WEST TRIPURA,2005,Kharif,Moong(Green Gram),351,177,0.504273504
Tripura,WEST TRIPURA,2005,Kharif,Other Kharif pulses,628,476,0.757961783
Tripura,WEST TRIPURA,2005,Kharif,Rice,101554,234625,2.310347204
Tripura,WEST TRIPURA,2005,Kharif,Sesamum,432,190,0.439814815
Tripura,WEST TRIPURA,2005,Kharif,Urad,298,157,0.526845638
Tripura,WEST TRIPURA,2005,Rabi,Gram,63,43,0.682539683
Tripura,WEST TRIPURA,2005,Rabi,Groundnut,70,80,1.142857143
Tripura,WEST TRIPURA,2005,Rabi,Masoor,111,113,1.018018018
Tripura,WEST TRIPURA,2005,Rabi,Moong(Green Gram),107,50,0.46728972
Tripura,WEST TRIPURA,2005,Rabi,Other  Rabi pulses,576,475,0.824652778
Tripura,WEST TRIPURA,2005,Rabi,Peas & beans (Pulses),376,185,0.492021277
Tripura,WEST TRIPURA,2005,Rabi,Rapeseed &Mustard,558,339,0.607526882
Tripura,WEST TRIPURA,2005,Rabi,Urad,129,62,0.480620155
Tripura,WEST TRIPURA,2005,Rabi,Wheat,544,843,1.549632353
Tripura,WEST TRIPURA,2005,Whole Year,Sugarcane,87,4323,49.68965517
Tripura,WEST TRIPURA,2006,Kharif,Arhar/Tur,432,316,0.731481481
Tripura,WEST TRIPURA,2006,Kharif,Cotton(lint),138,192,1.391304348
Tripura,WEST TRIPURA,2006,Kharif,Groundnut,154,158,1.025974026
Tripura,WEST TRIPURA,2006,Kharif,Jute,159,1448,9.106918239
Tripura,WEST TRIPURA,2006,Kharif,Maize,700,616,0.88
Tripura,WEST TRIPURA,2006,Kharif,Mesta,298,2206,7.402684564
Tripura,WEST TRIPURA,2006,Kharif,Moong(Green Gram),209,101,0.483253589
Tripura,WEST TRIPURA,2006,Kharif,Other Kharif pulses,375,275,0.733333333
Tripura,WEST TRIPURA,2006,Kharif,Rice,99501,252488,2.537542336
Tripura,WEST TRIPURA,2006,Kharif,Sesamum,694,328,0.472622478
Tripura,WEST TRIPURA,2006,Kharif,Urad,394,211,0.535532995
Tripura,WEST TRIPURA,2006,Rabi,Gram,38,23,0.605263158
Tripura,WEST TRIPURA,2006,Rabi,Groundnut,32,34,1.0625
Tripura,WEST TRIPURA,2006,Rabi,Masoor,112,67,0.598214286
Tripura,WEST TRIPURA,2006,Rabi,Moong(Green Gram),109,56,0.513761468
Tripura,WEST TRIPURA,2006,Rabi,Other  Rabi pulses,284,183,0.644366197
Tripura,WEST TRIPURA,2006,Rabi,Peas & beans (Pulses),235,137,0.582978723
Tripura,WEST TRIPURA,2006,Rabi,Rapeseed &Mustard,532,364,0.684210526
Tripura,WEST TRIPURA,2006,Rabi,Urad,108,54,0.5
Tripura,WEST TRIPURA,2006,Rabi,Wheat,342,677,1.979532164
Tripura,WEST TRIPURA,2006,Whole Year,Sugarcane,98,5386,54.95918367
Tripura,WEST TRIPURA,2007,Kharif,Arhar/Tur,385,299,0.776623377
Tripura,WEST TRIPURA,2007,Kharif,Cotton(lint),116,156,1.344827586
Tripura,WEST TRIPURA,2007,Kharif,Groundnut,98,99,1.010204082
Tripura,WEST TRIPURA,2007,Kharif,Jute,146,1222,8.369863014
Tripura,WEST TRIPURA,2007,Kharif,Maize,540,504,0.933333333
Tripura,WEST TRIPURA,2007,Kharif,Mesta,210,1812,8.628571429
Tripura,WEST TRIPURA,2007,Kharif,Moong(Green Gram),81,41,0.50617284
Tripura,WEST TRIPURA,2007,Kharif,Other Kharif pulses,288,211,0.732638889
Tripura,WEST TRIPURA,2007,Kharif,Rice,98941,261101,2.63895655
Tripura,WEST TRIPURA,2007,Kharif,Sesamum,427,205,0.480093677
Tripura,WEST TRIPURA,2007,Kharif,Urad,184,103,0.559782609
Tripura,WEST TRIPURA,2007,Rabi,Gram,25,17,0.68
Tripura,WEST TRIPURA,2007,Rabi,Groundnut,46,43,0.934782609
Tripura,WEST TRIPURA,2007,Rabi,Masoor,38,17,0.447368421
Tripura,WEST TRIPURA,2007,Rabi,Moong(Green Gram),59,29,0.491525424
Tripura,WEST TRIPURA,2007,Rabi,Other  Rabi pulses,263,191,0.726235741
Tripura,WEST TRIPURA,2007,Rabi,Peas & beans (Pulses),179,114,0.636871508
Tripura,WEST TRIPURA,2007,Rabi,Rapeseed &Mustard,305,203,0.66557377
Tripura,WEST TRIPURA,2007,Rabi,Urad,78,40,0.512820513
Tripura,WEST TRIPURA,2007,Rabi,Wheat,312,549,1.759615385
Tripura,WEST TRIPURA,2007,Whole Year,Sugarcane,110,5764,52.4
Tripura,WEST TRIPURA,2008,Kharif,Arhar/Tur,317,230,0.72555205
Tripura,WEST TRIPURA,2008,Kharif,Cotton(lint),103,148,1.436893204
Tripura,WEST TRIPURA,2008,Kharif,Groundnut,71,73,1.028169014
Tripura,WEST TRIPURA,2008,Kharif,Jute,119,1005,8.445378151
Tripura,WEST TRIPURA,2008,Kharif,Maize,588,548,0.931972789
Tripura,WEST TRIPURA,2008,Kharif,Mesta,142,1106,7.788732394
Tripura,WEST TRIPURA,2008,Kharif,Moong(Green Gram),76,35,0.460526316
Tripura,WEST TRIPURA,2008,Kharif,Other Kharif pulses,186,127,0.682795699
Tripura,WEST TRIPURA,2008,Kharif,Rice,96284,245684,2.551659673
Tripura,WEST TRIPURA,2008,Kharif,Sesamum,294,157,0.534013605
Tripura,WEST TRIPURA,2008,Kharif,Urad,112,69,0.616071429
Tripura,WEST TRIPURA,2008,Rabi,Gram,11,9,0.818181818
Tripura,WEST TRIPURA,2008,Rabi,Groundnut,44,53,1.204545455
Tripura,WEST TRIPURA,2008,Rabi,Masoor,62,44,0.709677419
Tripura,WEST TRIPURA,2008,Rabi,Moong(Green Gram),56,24,0.428571429
Tripura,WEST TRIPURA,2008,Rabi,Other  Rabi pulses,158,145,0.917721519
Tripura,WEST TRIPURA,2008,Rabi,Peas & beans (Pulses),140,90,0.642857143
Tripura,WEST TRIPURA,2008,Rabi,Rapeseed &Mustard,325,221,0.68
Tripura,WEST TRIPURA,2008,Rabi,Urad,74,29,0.391891892
Tripura,WEST TRIPURA,2008,Rabi,Wheat,114,196,1.719298246
Tripura,WEST TRIPURA,2008,Whole Year,Sugarcane,105,5401,51.43809524
Tripura,WEST TRIPURA,2009,Kharif,Arhar/Tur,257,185,0.719844358
Tripura,WEST TRIPURA,2009,Kharif,Cotton(lint),72,105,1.458333333
Tripura,WEST TRIPURA,2009,Kharif,Groundnut,49,53,1.081632653
Tripura,WEST TRIPURA,2009,Kharif,Jute,60,474,7.9
Tripura,WEST TRIPURA,2009,Kharif,Maize,389,350,0.899742931
Tripura,WEST TRIPURA,2009,Kharif,Mesta,111,870,7.837837838
Tripura,WEST TRIPURA,2009,Kharif,Moong(Green Gram),55,29,0.527272727
Tripura,WEST TRIPURA,2009,Kharif,Other Kharif pulses,151,121,0.801324503
Tripura,WEST TRIPURA,2009,Kharif,Rice,96010,256436,2.670930111
Tripura,WEST TRIPURA,2009,Kharif,Sesamum,260,146,0.561538462
Tripura,WEST TRIPURA,2009,Kharif,Urad,55,31,0.563636364
Tripura,WEST TRIPURA,2009,Rabi,Gram,16,13,0.8125
Tripura,WEST TRIPURA,2009,Rabi,Groundnut,29,33,1.137931034
Tripura,WEST TRIPURA,2009,Rabi,Masoor,38,32,0.842105263
Tripura,WEST TRIPURA,2009,Rabi,Moong(Green Gram),56,31,0.553571429
Tripura,WEST TRIPURA,2009,Rabi,Other  Rabi pulses,174,161,0.925287356
Tripura,WEST TRIPURA,2009,Rabi,Peas & beans (Pulses),181,120,0.662983425
Tripura,WEST TRIPURA,2009,Rabi,Rapeseed &Mustard,277,218,0.78700361
Tripura,WEST TRIPURA,2009,Rabi,Urad,60,33,0.55
Tripura,WEST TRIPURA,2009,Rabi,Wheat,112,214,1.910714286
Tripura,WEST TRIPURA,2009,Whole Year,Sugarcane,78,3843,49.26923077
Tripura,WEST TRIPURA,2010,Kharif,Arhar/Tur,424,324,0.764150943
Tripura,WEST TRIPURA,2010,Kharif,Cotton(lint),86,126,1.465116279
Tripura,WEST TRIPURA,2010,Kharif,Groundnut,87,96,1.103448276
Tripura,WEST TRIPURA,2010,Kharif,Jute,118,997,8.449152542
Tripura,WEST TRIPURA,2010,Kharif,Maize,989,1293,1.307381193
Tripura,WEST TRIPURA,2010,Kharif,Mesta,82,649,7.914634146
Tripura,WEST TRIPURA,2010,Kharif,Moong(Green Gram),108,57,0.527777778
Tripura,WEST TRIPURA,2010,Kharif,Other Kharif pulses,433,334,0.771362587
Tripura,WEST TRIPURA,2010,Kharif,Rice,102413,282438,2.757833478
Tripura,WEST TRIPURA,2010,Kharif,Sesamum,439,252,0.574031891
Tripura,WEST TRIPURA,2010,Kharif,Urad,243,141,0.580246914
Tripura,WEST TRIPURA,2010,Rabi,Gram,24,19,0.791666667
Tripura,WEST TRIPURA,2010,Rabi,Groundnut,55,57,1.036363636
Tripura,WEST TRIPURA,2010,Rabi,Masoor,46,27,0.586956522
Tripura,WEST TRIPURA,2010,Rabi,Moong(Green Gram),51,31,0.607843137
Tripura,WEST TRIPURA,2010,Rabi,Other  Rabi pulses,245,198,0.808163265
Tripura,WEST TRIPURA,2010,Rabi,Peas & beans (Pulses),282,198,0.70212766
Tripura,WEST TRIPURA,2010,Rabi,Rapeseed &Mustard,457,332,0.726477024
Tripura,WEST TRIPURA,2010,Rabi,Urad,72,41,0.569444444
Tripura,WEST TRIPURA,2010,Rabi,Wheat,43,81,1.88372093
Tripura,WEST TRIPURA,2010,Whole Year,Sugarcane,114,5982,52.47368421
Tripura,WEST TRIPURA,2011,Kharif,Arhar/Tur,480,358,0.745833333
Tripura,WEST TRIPURA,2011,Kharif,Cotton(lint),70,100,1.428571429
Tripura,WEST TRIPURA,2011,Kharif,Groundnut,57,63,1.105263158
Tripura,WEST TRIPURA,2011,Kharif,Jute,100,859,8.59
Tripura,WEST TRIPURA,2011,Kharif,Maize,1047,1822,1.740210124
Tripura,WEST TRIPURA,2011,Kharif,Mesta,82,682,8.317073171
Tripura,WEST TRIPURA,2011,Kharif,Moong(Green Gram),145,77,0.531034483
Tripura,WEST TRIPURA,2011,Kharif,Other Kharif pulses,411,273,0.664233577
Tripura,WEST TRIPURA,2011,Kharif,Rice,101031,282578,2.796943512
Tripura,WEST TRIPURA,2011,Kharif,Sesamum,497,332,0.668008048
Tripura,WEST TRIPURA,2011,Kharif,Urad,238,148,0.621848739
Tripura,WEST TRIPURA,2011,Rabi,Gram,36,29,0.805555556
Tripura,WEST TRIPURA,2011,Rabi,Groundnut,57,80,1.403508772
Tripura,WEST TRIPURA,2011,Rabi,Masoor,68,52,0.764705882
Tripura,WEST TRIPURA,2011,Rabi,Moong(Green Gram),59,37,0.627118644
Tripura,WEST TRIPURA,2011,Rabi,Other  Rabi pulses,336,269,0.800595238
Tripura,WEST TRIPURA,2011,Rabi,Peas & beans (Pulses),283,212,0.749116608
Tripura,WEST TRIPURA,2011,Rabi,Rapeseed &Mustard,642,496,0.77258567
Tripura,WEST TRIPURA,2011,Rabi,Urad,104,55,0.528846154
Tripura,WEST TRIPURA,2011,Rabi,Wheat,53,98,1.849056604
Tripura,WEST TRIPURA,2011,Whole Year,Sugarcane,108,5372,49.74074074
Tripura,WEST TRIPURA,2012,Kharif,Arhar/Tur,132,96,0.727272727
Tripura,WEST TRIPURA,2012,Kharif,Cotton(lint),38,49,1.289473684
Tripura,WEST TRIPURA,2012,Kharif,Groundnut,60,60,1
Tripura,WEST TRIPURA,2012,Kharif,Jute,44,321,7.295454545
Tripura,WEST TRIPURA,2012,Kharif,Maize,312,440,1.41025641
Tripura,WEST TRIPURA,2012,Kharif,Mesta,19,153,8.052631579
Tripura,WEST TRIPURA,2012,Kharif,Moong(Green Gram),11,6,0.545454545
Tripura,WEST TRIPURA,2012,Kharif,Other Kharif pulses,84,59,0.702380952
Tripura,WEST TRIPURA,2012,Kharif,Rice,24729,70991,2.870759028
Tripura,WEST TRIPURA,2012,Kharif,Sesamum,115,66,0.573913043
Tripura,WEST TRIPURA,2012,Kharif,Urad,33,18,0.545454545
Tripura,WEST TRIPURA,2012,Rabi,Gram,1,1,1
Tripura,WEST TRIPURA,2012,Rabi,Groundnut,15,20,1.333333333
Tripura,WEST TRIPURA,2012,Rabi,Masoor,7,6,0.857142857
Tripura,WEST TRIPURA,2012,Rabi,Moong(Green Gram),15,8,0.533333333
Tripura,WEST TRIPURA,2012,Rabi,Other  Rabi pulses,57,40,0.701754386
Tripura,WEST TRIPURA,2012,Rabi,Peas & beans (Pulses),78,53,0.679487179
Tripura,WEST TRIPURA,2012,Rabi,Rapeseed &Mustard,115,76,0.660869565
Tripura,WEST TRIPURA,2012,Rabi,Urad,32,19,0.59375
Tripura,WEST TRIPURA,2012,Rabi,Wheat,12,28,2.333333333
Tripura,WEST TRIPURA,2012,Whole Year,Sugarcane,49,2504,51.10204082
Tripura,WEST TRIPURA,2013,Kharif,Arhar/Tur,178,129,0.724719101
Tripura,WEST TRIPURA,2013,Kharif,Cotton(lint),11,16,1.454545455
Tripura,WEST TRIPURA,2013,Kharif,Groundnut,30,34,1.133333333
Tripura,WEST TRIPURA,2013,Kharif,Jute,23,169,7.347826087
Tripura,WEST TRIPURA,2013,Kharif,Maize,382,619,1.620418848
Tripura,WEST TRIPURA,2013,Kharif,Mesta,15,119,7.933333333
Tripura,WEST TRIPURA,2013,Kharif,Moong(Green Gram),40,21,0.525
Tripura,WEST TRIPURA,2013,Kharif,Other Kharif pulses,90,62,0.688888889
Tripura,WEST TRIPURA,2013,Kharif,Rice,24283,69594,2.865955607
Tripura,WEST TRIPURA,2013,Kharif,Sesamum,150,84,0.56
Tripura,WEST TRIPURA,2013,Kharif,Urad,75,43,0.573333333
Tripura,WEST TRIPURA,2013,Rabi,Groundnut,74,90,1.216216216
Tripura,WEST TRIPURA,2013,Rabi,Masoor,173,130,0.751445087
Tripura,WEST TRIPURA,2013,Rabi,Moong(Green Gram),12,7,0.583333333
Tripura,WEST TRIPURA,2013,Rabi,Other  Rabi pulses,74,54,0.72972973
Tripura,WEST TRIPURA,2013,Rabi,Peas & beans (Pulses),104,79,0.759615385
Tripura,WEST TRIPURA,2013,Rabi,Rapeseed &Mustard,91,67,0.736263736
Tripura,WEST TRIPURA,2013,Rabi,Urad,11,7,0.636363636
Tripura,WEST TRIPURA,2013,Rabi,Wheat,9,18,2
Tripura,WEST TRIPURA,2013,Whole Year,Sugarcane,34,1576,46.35294118
Tripura,WEST TRIPURA,2014,Kharif,Arhar/Tur,150,95,0.633333333
Tripura,WEST TRIPURA,2014,Kharif,Cotton(lint),13,18,1.384615385
Tripura,WEST TRIPURA,2014,Kharif,Groundnut,43,44,1.023255814
Tripura,WEST TRIPURA,2014,Kharif,Jute,19,147,7.736842105
Tripura,WEST TRIPURA,2014,Kharif,Maize,479,642,1.340292276
Tripura,WEST TRIPURA,2014,Kharif,Mesta,15,116,7.733333333
Tripura,WEST TRIPURA,2014,Kharif,Moong(Green Gram),34,17,0.5
Tripura,WEST TRIPURA,2014,Kharif,Other Kharif pulses,40,25,0.625
Tripura,WEST TRIPURA,2014,Kharif,Rice,25700,75960,2.955642023
Tripura,WEST TRIPURA,2014,Kharif,Sesamum,163,99,0.607361963
Tripura,WEST TRIPURA,2014,Kharif,Urad,52,27,0.519230769
Tripura,WEST TRIPURA,2014,Rabi,Groundnut,37,35,0.945945946
Tripura,WEST TRIPURA,2014,Rabi,Masoor,268,212,0.791044776
Tripura,WEST TRIPURA,2014,Rabi,Moong(Green Gram),30,19,0.633333333
Tripura,WEST TRIPURA,2014,Rabi,Peas & beans (Pulses),224,169,0.754464286
Tripura,WEST TRIPURA,2014,Rabi,Rapeseed &Mustard,404,292,0.722772277
Tripura,WEST TRIPURA,2014,Rabi,Urad,38,25,0.657894737
Tripura,WEST TRIPURA,2014,Rabi,Wheat,6,12,2
Tripura,WEST TRIPURA,2014,Whole Year,Sugarcane,31,1430,46.12903226
Uttar Pradesh,AGRA,1997,Kharif,Arhar/Tur,6538,9664,1.478127868
Uttar Pradesh,AGRA,1997,Kharif,Bajra,99898,147994,1.48145108
Uttar Pradesh,AGRA,1997,Kharif,Groundnut,27,22,0.814814815
Uttar Pradesh,AGRA,1997,Kharif,Jowar,725,406,0.56
Uttar Pradesh,AGRA,1997,Kharif,Maize,138,316,2.289855072
Uttar Pradesh,AGRA,1997,Kharif,Moong(Green Gram),97,28,0.288659794
Uttar Pradesh,AGRA,1997,Kharif,Moth,15,8,0.533333333
Uttar Pradesh,AGRA,1997,Kharif,Oilseeds total,98911,58881,0.595292738
Uttar Pradesh,AGRA,1997,Kharif,Onion,110,1088,9.890909091
Uttar Pradesh,AGRA,1997,Kharif,Rice,935,2073,2.217112299
Uttar Pradesh,AGRA,1997,Kharif,Sesamum,1784,416,0.233183857
Uttar Pradesh,AGRA,1997,Kharif,Soyabean,4,4,1
Uttar Pradesh,AGRA,1997,Kharif,Total foodgrain,258075,602076,2.332949724
Uttar Pradesh,AGRA,1997,Kharif,Urad,651,345,0.529953917
Uttar Pradesh,AGRA,1997,Rabi,Barley,10865,35423,3.26028532
Uttar Pradesh,AGRA,1997,Rabi,Gram,11744,11816,1.00613079
Uttar Pradesh,AGRA,1997,Rabi,Masoor,834,706,0.846522782
Uttar Pradesh,AGRA,1997,Rabi,Peas & beans (Pulses),1210,1936,1.6
Uttar Pradesh,AGRA,1997,Rabi,Rapeseed &Mustard,96995,58352,0.601598021
Uttar Pradesh,AGRA,1997,Rabi,Sunflower,97,84,0.865979381
Uttar Pradesh,AGRA,1997,Rabi,Wheat,123600,391030,3.163673139
Uttar Pradesh,AGRA,1997,Summer,Maize,33,52,1.575757576
Uttar Pradesh,AGRA,1997,Summer,Moong(Green Gram),770,269,0.349350649
Uttar Pradesh,AGRA,1997,Summer,Urad,22,10,0.454545455
Uttar Pradesh,AGRA,1997,Whole Year,Potato,14430,397344,27.53596674
Uttar Pradesh,AGRA,1997,Whole Year,Sugarcane,587,22381,38.12776831
Uttar Pradesh,AGRA,1998,Kharif,Arhar/Tur,5273,11438,2.169163664
Uttar Pradesh,AGRA,1998,Kharif,Bajra,98533,146550,1.487318969
Uttar Pradesh,AGRA,1998,Kharif,Cotton(lint),238,22,0.092436975
Uttar Pradesh,AGRA,1998,Kharif,Groundnut,20,16,0.8
Uttar Pradesh,AGRA,1998,Kharif,Jowar,1179,431,0.365564037
Uttar Pradesh,AGRA,1998,Kharif,Maize,184,152,0.826086957
Uttar Pradesh,AGRA,1998,Kharif,Moong(Green Gram),122,27,0.221311475
Uttar Pradesh,AGRA,1998,Kharif,Moth,17,7,0.411764706
Uttar Pradesh,AGRA,1998,Kharif,Rice,1536,3478,2.264322917
Uttar Pradesh,AGRA,1998,Kharif,Sesamum,1955,356,0.182097187
Uttar Pradesh,AGRA,1998,Kharif,Soyabean,4,2,0.5
Uttar Pradesh,AGRA,1998,Kharif,Urad,703,188,0.26742532
Uttar Pradesh,AGRA,1998,Rabi,Barley,11435,37664,3.293747267
Uttar Pradesh,AGRA,1998,Rabi,Castor seed,2,1,0.5
Uttar Pradesh,AGRA,1998,Rabi,Gram,13801,19870,1.439750743
Uttar Pradesh,AGRA,1998,Rabi,Linseed,7,3,0.428571429
Uttar Pradesh,AGRA,1998,Rabi,Masoor,1600,1160,0.725
Uttar Pradesh,AGRA,1998,Rabi,Peas & beans (Pulses),2083,2850,1.368218915
Uttar Pradesh,AGRA,1998,Rabi,Rapeseed &Mustard,77972,94774,1.215487611
Uttar Pradesh,AGRA,1998,Rabi,Sunflower,48,60,1.25
Uttar Pradesh,AGRA,1998,Rabi,Wheat,131032,477808,3.646498565
Uttar Pradesh,AGRA,1998,Summer,Maize,16,16,1
Uttar Pradesh,AGRA,1998,Summer,Moong(Green Gram),469,231,0.492537313
Uttar Pradesh,AGRA,1998,Summer,Urad,26,13,0.5
Uttar Pradesh,AGRA,1998,Whole Year,Onion,164,1980,12.07317073
Uttar Pradesh,AGRA,1998,Whole Year,Potato,18971,651919,34.3639766
Uttar Pradesh,AGRA,1998,Whole Year,Sannhamp,4,1,0.25
Uttar Pradesh,AGRA,1998,Whole Year,Sugarcane,544,29053,53.40625
Uttar Pradesh,AGRA,1999,Kharif,Arhar/Tur,5089,9621,1.890548241
Uttar Pradesh,AGRA,1999,Kharif,Bajra,101129,171623,1.697070079
Uttar Pradesh,AGRA,1999,Kharif,Castor seed,5,3,0.6
Uttar Pradesh,AGRA,1999,Kharif,Cotton(lint),151,94,0.622516556
Uttar Pradesh,AGRA,1999,Kharif,Groundnut,9,7,0.777777778
Uttar Pradesh,AGRA,1999,Kharif,Jowar,1242,979,0.788244767
Uttar Pradesh,AGRA,1999,Kharif,Jute,6,5,0.833333333
Uttar Pradesh,AGRA,1999,Kharif,Maize,191,272,1.42408377
Uttar Pradesh,AGRA,1999,Kharif,Moong(Green Gram),152,43,0.282894737
Uttar Pradesh,AGRA,1999,Kharif,Rice,2142,3781,1.765172736
Uttar Pradesh,AGRA,1999,Kharif,Soyabean,3,2,0.666666667
Uttar Pradesh,AGRA,1999,Kharif,Sunflower,8,7,0.875
Uttar Pradesh,AGRA,1999,Kharif,Urad,500,208,0.416
Uttar Pradesh,AGRA,1999,Rabi,Barley,10037,32692,3.25714855
Uttar Pradesh,AGRA,1999,Rabi,Gram,9891,12547,1.268526944
Uttar Pradesh,AGRA,1999,Rabi,Linseed,6,3,0.5
Uttar Pradesh,AGRA,1999,Rabi,Maize,28,40,1.428571429
Uttar Pradesh,AGRA,1999,Rabi,Rapeseed &Mustard,76355,111507,1.460375876
Uttar Pradesh,AGRA,1999,Rabi,Wheat,136395,529651,3.883214194
Uttar Pradesh,AGRA,1999,Summer,Moong(Green Gram),239,98,0.410041841
Uttar Pradesh,AGRA,1999,Summer,Urad,9,5,0.555555556
Uttar Pradesh,AGRA,1999,Whole Year,Moth,11,5,0.454545455
Uttar Pradesh,AGRA,1999,Whole Year,Onion,108,1548,14.33333333
Uttar Pradesh,AGRA,1999,Whole Year,Peas & beans (Pulses),824,1683,2.042475728
Uttar Pradesh,AGRA,1999,Whole Year,Potato,23328,697507,29.89999143
Uttar Pradesh,AGRA,1999,Whole Year,Sugarcane,444,24385,54.92117117
Uttar Pradesh,AGRA,2000,Kharif,Arhar/Tur,5067,8166,1.6116045
Uttar Pradesh,AGRA,2000,Kharif,Bajra,103220,145099,1.405725635
Uttar Pradesh,AGRA,2000,Kharif,Cotton(lint),213,165,0.774647887
Uttar Pradesh,AGRA,2000,Kharif,Groundnut,7,6,0.857142857
Uttar Pradesh,AGRA,2000,Kharif,Jowar,1242,1018,0.819645733
Uttar Pradesh,AGRA,2000,Kharif,Maize,201,400,1.990049751
Uttar Pradesh,AGRA,2000,Kharif,Moong(Green Gram),86,26,0.302325581
Uttar Pradesh,AGRA,2000,Kharif,Moth,5,2,0.4
Uttar Pradesh,AGRA,2000,Kharif,Rice,1322,2502,1.892586989
Uttar Pradesh,AGRA,2000,Kharif,Sesamum,1682,390,0.231866825
Uttar Pradesh,AGRA,2000,Kharif,Soyabean,1,1,1
Uttar Pradesh,AGRA,2000,Kharif,Urad,642,267,0.41588785
Uttar Pradesh,AGRA,2000,Rabi,Barley,10826,29789,2.751616479
Uttar Pradesh,AGRA,2000,Rabi,Gram,10054,11612,1.154963199
Uttar Pradesh,AGRA,2000,Rabi,Linseed,1,1,1
Uttar Pradesh,AGRA,2000,Rabi,Maize,17,28,1.647058824
Uttar Pradesh,AGRA,2000,Rabi,Masoor,1420,1153,0.811971831
Uttar Pradesh,AGRA,2000,Rabi,Moong(Green Gram),223,60,0.269058296
Uttar Pradesh,AGRA,2000,Rabi,Peas & beans (Pulses),937,1787,1.90715048
Uttar Pradesh,AGRA,2000,Rabi,Rapeseed &Mustard,76862,110533,1.438070828
Uttar Pradesh,AGRA,2000,Rabi,Urad,3,1,0.333333333
Uttar Pradesh,AGRA,2000,Rabi,Wheat,137775,420786,3.054153511
Uttar Pradesh,AGRA,2000,Whole Year,Potato,18662,569023,30.49099775
Uttar Pradesh,AGRA,2000,Whole Year,Sugarcane,623,27856,44.71268058
Uttar Pradesh,AGRA,2001,Kharif,Arhar/Tur,4616,7615,1.649696707
Uttar Pradesh,AGRA,2001,Kharif,Bajra,107560,120855,1.12360543
Uttar Pradesh,AGRA,2001,Kharif,Cotton(lint),111,94,0.846846847
Uttar Pradesh,AGRA,2001,Kharif,Groundnut,6,5,0.833333333
Uttar Pradesh,AGRA,2001,Kharif,Jowar,1062,823,0.774952919
Uttar Pradesh,AGRA,2001,Kharif,Maize,189,368,1.947089947
Uttar Pradesh,AGRA,2001,Kharif,Moong(Green Gram),65,18,0.276923077
Uttar Pradesh,AGRA,2001,Kharif,Moth,8,3,0.375
Uttar Pradesh,AGRA,2001,Kharif,Rice,1318,2476,1.878603945
Uttar Pradesh,AGRA,2001,Kharif,Sesamum,1645,477,0.289969605
Uttar Pradesh,AGRA,2001,Kharif,Sunflower,10,11,1.1
Uttar Pradesh,AGRA,2001,Kharif,Urad,506,206,0.407114625
Uttar Pradesh,AGRA,2001,Rabi,Barley,10274,30727,2.990753358
Uttar Pradesh,AGRA,2001,Rabi,Gram,9968,11703,1.174056982
Uttar Pradesh,AGRA,2001,Rabi,Linseed,1,0.1,0.1
Uttar Pradesh,AGRA,2001,Rabi,Maize,9,15,1.666666667
Uttar Pradesh,AGRA,2001,Rabi,Masoor,949,758,0.798735511
Uttar Pradesh,AGRA,2001,Rabi,Moong(Green Gram),122,34,0.278688525
Uttar Pradesh,AGRA,2001,Rabi,Peas & beans (Pulses),513,912,1.777777778
Uttar Pradesh,AGRA,2001,Rabi,Rapeseed &Mustard,79631,105039,1.319071718
Uttar Pradesh,AGRA,2001,Rabi,Urad,21,6,0.285714286
Uttar Pradesh,AGRA,2001,Rabi,Wheat,133214,407041,3.05554221
Uttar Pradesh,AGRA,2001,Whole Year,Potato,24047,848426,35.28198944
Uttar Pradesh,AGRA,2001,Whole Year,Sugarcane,327,17142,52.42201835
Uttar Pradesh,AGRA,2002,Kharif,Bajra,97178,154781,1.59275762
Uttar Pradesh,AGRA,2002,Kharif,Cotton(lint),212,171,0.806603774
Uttar Pradesh,AGRA,2002,Kharif,Jowar,672,667,0.992559524
Uttar Pradesh,AGRA,2002,Kharif,Maize,435,513,1.179310345
Uttar Pradesh,AGRA,2002,Kharif,Moong(Green Gram),59,17,0.288135593
Uttar Pradesh,AGRA,2002,Kharif,Moth,4,2,0.5
Uttar Pradesh,AGRA,2002,Kharif,Rice,1134,1900,1.675485009
Uttar Pradesh,AGRA,2002,Kharif,Sesamum,959,155,0.161626694
Uttar Pradesh,AGRA,2002,Kharif,Sunflower,1,1,1
Uttar Pradesh,AGRA,2002,Kharif,Urad,357,143,0.400560224
Uttar Pradesh,AGRA,2002,Rabi,Barley,10076,31122,3.088725685
Uttar Pradesh,AGRA,2002,Rabi,Gram,7116,7447,1.046514896
Uttar Pradesh,AGRA,2002,Rabi,Linseed,6,3,0.5
Uttar Pradesh,AGRA,2002,Rabi,Maize,4,4,1
Uttar Pradesh,AGRA,2002,Rabi,Masoor,601,586,0.975041597
Uttar Pradesh,AGRA,2002,Rabi,Onion,38,392,10.31578947
Uttar Pradesh,AGRA,2002,Rabi,Peas & beans (Pulses),383,638,1.665796345
Uttar Pradesh,AGRA,2002,Rabi,Rapeseed &Mustard,76315,90695,1.188429535
Uttar Pradesh,AGRA,2002,Rabi,Wheat,129806,428284,3.299416052
Uttar Pradesh,AGRA,2002,Summer,Moong(Green Gram),74,35,0.472972973
Uttar Pradesh,AGRA,2002,Summer,Onion,25,279,11.16
Uttar Pradesh,AGRA,2002,Summer,Urad,4,2,0.5
Uttar Pradesh,AGRA,2002,Whole Year,Potato,30767,905596,29.43400397
Uttar Pradesh,AGRA,2002,Whole Year,Sannhamp,1,,
Uttar Pradesh,AGRA,2002,Whole Year,Sugarcane,263,14309,54.40684411
Uttar Pradesh,AGRA,2003,Kharif,Arhar/Tur,3170,5461,1.722712934
Uttar Pradesh,AGRA,2003,Kharif,Bajra,105629,150139,1.421380492
Uttar Pradesh,AGRA,2003,Kharif,Groundnut,1,1,1
Uttar Pradesh,AGRA,2003,Kharif,Jowar,645,573,0.888372093
Uttar Pradesh,AGRA,2003,Kharif,Maize,103,178,1.72815534
Uttar Pradesh,AGRA,2003,Kharif,Moong(Green Gram),72,17,0.236111111
Uttar Pradesh,AGRA,2003,Kharif,Moth,2,1,0.5
Uttar Pradesh,AGRA,2003,Kharif,Rice,824,1436,1.742718447
Uttar Pradesh,AGRA,2003,Kharif,Sesamum,929,121,0.130247578
Uttar Pradesh,AGRA,2003,Kharif,Sunflower,2,3,1.5
Uttar Pradesh,AGRA,2003,Kharif,Urad,335,79,0.235820896
Uttar Pradesh,AGRA,2003,Rabi,Barley,10480,28833,2.751240458
Uttar Pradesh,AGRA,2003,Rabi,Gram,6482,8458,1.304844184
Uttar Pradesh,AGRA,2003,Rabi,Linseed,1,1,1
Uttar Pradesh,AGRA,2003,Rabi,Masoor,530,479,0.903773585
Uttar Pradesh,AGRA,2003,Rabi,Onion,45,646,14.35555556
Uttar Pradesh,AGRA,2003,Rabi,Peas & beans (Pulses),361,733,2.030470914
Uttar Pradesh,AGRA,2003,Rabi,Rapeseed &Mustard,77739,108201,1.391849651
Uttar Pradesh,AGRA,2003,Rabi,Wheat,130473,424924,3.256796425
Uttar Pradesh,AGRA,2003,Summer,Maize,19,26,1.368421053
Uttar Pradesh,AGRA,2003,Summer,Moong(Green Gram),63,25,0.396825397
Uttar Pradesh,AGRA,2003,Summer,Onion,24,237,9.875
Uttar Pradesh,AGRA,2003,Summer,Urad,13,7,0.538461538
Uttar Pradesh,AGRA,2003,Whole Year,Potato,31737,790473,24.90698554
Uttar Pradesh,AGRA,2003,Whole Year,Sugarcane,194,10034,51.72164948
Uttar Pradesh,AGRA,2004,Kharif,Bajra,99841,195144,1.954547731
Uttar Pradesh,AGRA,2004,Kharif,Cotton(lint),240,35,0.145833333
Uttar Pradesh,AGRA,2004,Kharif,Groundnut,3,2,0.666666667
Uttar Pradesh,AGRA,2004,Kharif,Jowar,4289,3237,0.75472138
Uttar Pradesh,AGRA,2004,Kharif,Maize,143,295,2.062937063
Uttar Pradesh,AGRA,2004,Kharif,Rice,1097,2575,2.347310848
Uttar Pradesh,AGRA,2004,Kharif,Sannhamp,32,9,0.28125
Uttar Pradesh,AGRA,2004,Kharif,Sesamum,968,155,0.160123967
Uttar Pradesh,AGRA,2004,Kharif,Sugarcane,230,11424,49.66956522
Uttar Pradesh,AGRA,2004,Rabi,Barley,8593,21530,2.505527755
Uttar Pradesh,AGRA,2004,Rabi,Gram,6226,7687,1.234661099
Uttar Pradesh,AGRA,2004,Rabi,Potato,31616,880000,27.8340081
Uttar Pradesh,AGRA,2004,Rabi,Rapeseed &Mustard,88236,108573,1.230484156
Uttar Pradesh,AGRA,2004,Rabi,Turmeric,1,1,1
Uttar Pradesh,AGRA,2004,Rabi,Wheat,124278,401871,3.233645537
Uttar Pradesh,AGRA,2004,Summer,Sunflower,1,2,2
Uttar Pradesh,AGRA,2004,Whole Year,Dry chillies,109,102,0.935779817
Uttar Pradesh,AGRA,2004,Whole Year,Garlic,33,143,4.333333333
Uttar Pradesh,AGRA,2004,Whole Year,Guar seed,192,163,0.848958333
Uttar Pradesh,AGRA,2004,Whole Year,Onion,61,702,11.50819672
Uttar Pradesh,AGRA,2004,Whole Year,Sweet potato,96,1116,11.625
Uttar Pradesh,AGRA,2005,Kharif,Bajra,93316,130728,1.400917313
Uttar Pradesh,AGRA,2005,Kharif,Cotton(lint),413,84,0.203389831
Uttar Pradesh,AGRA,2005,Kharif,Jowar,581,548,0.943201377
Uttar Pradesh,AGRA,2005,Kharif,Maize,74,133,1.797297297
Uttar Pradesh,AGRA,2005,Kharif,Rice,1021,2314,2.266405485
Uttar Pradesh,AGRA,2005,Kharif,Sesamum,1097,195,0.177757521
Uttar Pradesh,AGRA,2005,Kharif,Sugarcane,231,11638,50.38095238
Uttar Pradesh,AGRA,2005,Rabi,Barley,6937,20849,3.005477872
Uttar Pradesh,AGRA,2005,Rabi,Gram,2101,2279,1.084721561
Uttar Pradesh,AGRA,2005,Rabi,Potato,39800,983936,24.72201005
Uttar Pradesh,AGRA,2005,Rabi,Rapeseed &Mustard,77734,112092,1.441994494
Uttar Pradesh,AGRA,2005,Rabi,Wheat,128432,425073,3.309712533
Uttar Pradesh,AGRA,2005,Summer,Sunflower,2,2,1
Uttar Pradesh,AGRA,2005,Whole Year,Coriander,102,58,0.568627451
Uttar Pradesh,AGRA,2005,Whole Year,Dry chillies,105,96,0.914285714
Uttar Pradesh,AGRA,2005,Whole Year,Garlic,12,52,4.333333333
Uttar Pradesh,AGRA,2005,Whole Year,Guar seed,189,153,0.80952381
Uttar Pradesh,AGRA,2005,Whole Year,Onion,146,1873,12.82876712
Uttar Pradesh,AGRA,2005,Whole Year,Sweet potato,115,1504,13.07826087
Uttar Pradesh,AGRA,2006,Kharif,Arhar/Tur,2567,1363,0.530970004
Uttar Pradesh,AGRA,2006,Kharif,Bajra,100918,139647,1.383767019
Uttar Pradesh,AGRA,2006,Kharif,Cotton(lint),60,13,0.216666667
Uttar Pradesh,AGRA,2006,Kharif,Dry ginger,1,3,3
Uttar Pradesh,AGRA,2006,Kharif,Jowar,3380,3844,1.137278107
Uttar Pradesh,AGRA,2006,Kharif,Maize,143,260,1.818181818
Uttar Pradesh,AGRA,2006,Kharif,Other Kharif pulses,382,198,0.518324607
Uttar Pradesh,AGRA,2006,Kharif,Rice,1086,2056,1.893186004
Uttar Pradesh,AGRA,2006,Kharif,Sesamum,111,19,0.171171171
Uttar Pradesh,AGRA,2006,Kharif,Sugarcane,178,9585,53.84831461
Uttar Pradesh,AGRA,2006,Kharif,Sweet potato,61,833,13.6557377
Uttar Pradesh,AGRA,2006,Rabi,Barley,8592,20720,2.411545624
Uttar Pradesh,AGRA,2006,Rabi,Garlic,26,114,4.384615385
Uttar Pradesh,AGRA,2006,Rabi,Gram,6227,5178,0.831540067
Uttar Pradesh,AGRA,2006,Rabi,Masoor,1587,1436,0.904851922
Uttar Pradesh,AGRA,2006,Rabi,Onion,21,403,19.19047619
Uttar Pradesh,AGRA,2006,Rabi,Other  Rabi pulses,212,205,0.966981132
Uttar Pradesh,AGRA,2006,Rabi,Potato,37453,871082,23.25800336
Uttar Pradesh,AGRA,2006,Rabi,Rapeseed &Mustard,71073,89449,1.258551067
Uttar Pradesh,AGRA,2006,Rabi,Turmeric,1,3,3
Uttar Pradesh,AGRA,2006,Rabi,Wheat,124278,344240,2.769919052
Uttar Pradesh,AGRA,2006,Summer,Maize,5,6,1.2
Uttar Pradesh,AGRA,2006,Summer,Onion,45,524,11.64444444
Uttar Pradesh,AGRA,2006,Whole Year,Coriander,65,34,0.523076923
Uttar Pradesh,AGRA,2006,Whole Year,Dry chillies,100,95,0.95
Uttar Pradesh,AGRA,2006,Whole Year,Guar seed,185,155,0.837837838
Uttar Pradesh,AGRA,2007,Kharif,Arhar/Tur,1289,1451,1.125678821
Uttar Pradesh,AGRA,2007,Kharif,Bajra,90360,113188,1.252633909
Uttar Pradesh,AGRA,2007,Kharif,Cotton(lint),450,123,0.273333333
Uttar Pradesh,AGRA,2007,Kharif,Dry chillies,57,55,0.964912281
Uttar Pradesh,AGRA,2007,Kharif,Guar seed,187,157,0.839572193
Uttar Pradesh,AGRA,2007,Kharif,Jowar,108,67,0.62037037
Uttar Pradesh,AGRA,2007,Kharif,Maize,100,227,2.27
Uttar Pradesh,AGRA,2007,Kharif,Moong(Green Gram),56,11,0.196428571
Uttar Pradesh,AGRA,2007,Kharif,Rice,1395,2763,1.980645161
Uttar Pradesh,AGRA,2007,Kharif,Sesamum,1369,211,0.1541271
Uttar Pradesh,AGRA,2007,Kharif,Sugarcane,247,12975,52.53036437
Uttar Pradesh,AGRA,2007,Kharif,Sweet potato,155,2087,13.46451613
Uttar Pradesh,AGRA,2007,Kharif,Urad,266,116,0.436090226
Uttar Pradesh,AGRA,2007,Rabi,Barley,7213,19141,2.653680854
Uttar Pradesh,AGRA,2007,Rabi,Coriander,69,40,0.579710145
Uttar Pradesh,AGRA,2007,Rabi,Gram,1657,2254,1.36028968
Uttar Pradesh,AGRA,2007,Rabi,Masoor,1098,796,0.724954463
Uttar Pradesh,AGRA,2007,Rabi,Onion,53,741,13.98113208
Uttar Pradesh,AGRA,2007,Rabi,Other  Rabi pulses,281,264,0.939501779
Uttar Pradesh,AGRA,2007,Rabi,Potato,38149,960058,25.16600697
Uttar Pradesh,AGRA,2007,Rabi,Rapeseed &Mustard,78914,110654,1.402210001
Uttar Pradesh,AGRA,2007,Rabi,Wheat,136334,429989,3.153938123
Uttar Pradesh,AGRA,2007,Summer,Maize,20,29,1.45
Uttar Pradesh,AGRA,2007,Summer,Moong(Green Gram),57,43,0.754385965
Uttar Pradesh,AGRA,2007,Summer,Onion,27,444,16.44444444
Uttar Pradesh,AGRA,2007,Summer,Sunflower,18,51,2.833333333
Uttar Pradesh,AGRA,2007,Summer,Urad,2,1,0.5
Uttar Pradesh,AGRA,2008,Kharif,Arhar/Tur,1135,889,0.783259912
Uttar Pradesh,AGRA,2008,Kharif,Bajra,102227,160619,1.57119939
Uttar Pradesh,AGRA,2008,Kharif,Cotton(lint),29,6,0.206896552
Uttar Pradesh,AGRA,2008,Kharif,Dry chillies,79,79,1
Uttar Pradesh,AGRA,2008,Kharif,Groundnut,4,3,0.75
Uttar Pradesh,AGRA,2008,Kharif,Guar seed,188,158,0.840425532
Uttar Pradesh,AGRA,2008,Kharif,Jowar,182,180,0.989010989
Uttar Pradesh,AGRA,2008,Kharif,Maize,68,159,2.338235294
Uttar Pradesh,AGRA,2008,Kharif,Moong(Green Gram),56,20,0.357142857
Uttar Pradesh,AGRA,2008,Kharif,Rice,4176,9183,2.198994253
Uttar Pradesh,AGRA,2008,Kharif,Sannhamp,161,51,0.316770186
Uttar Pradesh,AGRA,2008,Kharif,Sesamum,614,101,0.164495114
Uttar Pradesh,AGRA,2008,Kharif,Sugarcane,172,8797,51.14534884
Uttar Pradesh,AGRA,2008,Kharif,Sweet potato,105,1290,12.28571429
Uttar Pradesh,AGRA,2008,Kharif,Urad,258,139,0.53875969
Uttar Pradesh,AGRA,2008,Rabi,Barley,6699,19779,2.952530228
Uttar Pradesh,AGRA,2008,Rabi,Coriander,74,44,0.594594595
Uttar Pradesh,AGRA,2008,Rabi,Garlic,36,212,5.888888889
Uttar Pradesh,AGRA,2008,Rabi,Gram,782,787,1.006393862
Uttar Pradesh,AGRA,2008,Rabi,Masoor,353,311,0.88101983
Uttar Pradesh,AGRA,2008,Rabi,Onion,71,832,11.71830986
Uttar Pradesh,AGRA,2008,Rabi,Peas & beans (Pulses),78,94,1.205128205
Uttar Pradesh,AGRA,2008,Rabi,Potato,51772,1249310,24.13099745
Uttar Pradesh,AGRA,2008,Rabi,Rapeseed &Mustard,66487,104392,1.57011145
Uttar Pradesh,AGRA,2008,Rabi,Wheat,131947,434501,3.29299643
Uttar Pradesh,AGRA,2008,Summer,Maize,118,176,1.491525424
Uttar Pradesh,AGRA,2008,Summer,Moong(Green Gram),51,29,0.568627451
Uttar Pradesh,AGRA,2008,Summer,Rice,27,59,2.185185185
Uttar Pradesh,AGRA,2008,Summer,Urad,3,3,1
Uttar Pradesh,AGRA,2009,Kharif,Arhar/Tur,858,569,0.663170163
Uttar Pradesh,AGRA,2009,Kharif,Bajra,105576,166055,1.572847996
Uttar Pradesh,AGRA,2009,Kharif,Cotton(lint),329,55,0.167173252
Uttar Pradesh,AGRA,2009,Kharif,Dry chillies,90,79,0.877777778
Uttar Pradesh,AGRA,2009,Kharif,Groundnut,8,5,0.625
Uttar Pradesh,AGRA,2009,Kharif,Guar seed,188,157,0.835106383
Uttar Pradesh,AGRA,2009,Kharif,Jowar,240,229,0.954166667
Uttar Pradesh,AGRA,2009,Kharif,Maize,40,74,1.85
Uttar Pradesh,AGRA,2009,Kharif,Moong(Green Gram),69,10,0.144927536
Uttar Pradesh,AGRA,2009,Kharif,Rice,4816,8467,1.758098007
Uttar Pradesh,AGRA,2009,Kharif,Sannhamp,108,20,0.185185185
Uttar Pradesh,AGRA,2009,Kharif,Sesamum,3824,398,0.104079498
Uttar Pradesh,AGRA,2009,Kharif,Sugarcane,388,16763,43.20360825
Uttar Pradesh,AGRA,2009,Kharif,Sweet potato,106,1442,13.60377358
Uttar Pradesh,AGRA,2009,Kharif,Urad,228,87,0.381578947
Uttar Pradesh,AGRA,2009,Rabi,Barley,6502,19489,2.99738542
Uttar Pradesh,AGRA,2009,Rabi,Coriander,54,30,0.555555556
Uttar Pradesh,AGRA,2009,Rabi,Garlic,26,139,5.346153846
Uttar Pradesh,AGRA,2009,Rabi,Gram,1594,1318,0.82685069
Uttar Pradesh,AGRA,2009,Rabi,Masoor,463,372,0.803455724
Uttar Pradesh,AGRA,2009,Rabi,Onion,92,1580,17.17391304
Uttar Pradesh,AGRA,2009,Rabi,Peas & beans (Pulses),149,191,1.281879195
Uttar Pradesh,AGRA,2009,Rabi,Potato,55230,1388096,25.13300742
Uttar Pradesh,AGRA,2009,Rabi,Rapeseed &Mustard,59168,85069,1.437753515
Uttar Pradesh,AGRA,2009,Rabi,Wheat,138121,439639,3.182998965
Uttar Pradesh,AGRA,2009,Summer,Maize,81,118,1.456790123
Uttar Pradesh,AGRA,2009,Summer,Moong(Green Gram),161,141,0.875776398
Uttar Pradesh,AGRA,2009,Summer,Onion,25,350,14
Uttar Pradesh,AGRA,2009,Summer,Rice,35,62,1.771428571
Uttar Pradesh,AGRA,2009,Summer,Urad,1,1,1
Uttar Pradesh,AGRA,2010,Kharif,Arhar/Tur,974,666,0.683778234
Uttar Pradesh,AGRA,2010,Kharif,Bajra,121219,214773,1.771776702
Uttar Pradesh,AGRA,2010,Kharif,Cotton(lint),278,50,0.179856115
Uttar Pradesh,AGRA,2010,Kharif,Dry chillies,348,304,0.873563218
Uttar Pradesh,AGRA,2010,Kharif,Groundnut,3,3,1
Uttar Pradesh,AGRA,2010,Kharif,Guar seed,187,156,0.834224599
Uttar Pradesh,AGRA,2010,Kharif,Jowar,192,190,0.989583333
Uttar Pradesh,AGRA,2010,Kharif,Maize,63,135,2.142857143
Uttar Pradesh,AGRA,2010,Kharif,Moong(Green Gram),72,34,0.472222222
Uttar Pradesh,AGRA,2010,Kharif,Rice,4342,9413,2.167894979
Uttar Pradesh,AGRA,2010,Kharif,Sesamum,2169,427,0.196864915
Uttar Pradesh,AGRA,2010,Kharif,Sugarcane,163,8297,50.90184049
Uttar Pradesh,AGRA,2010,Kharif,Sweet potato,181,2229,12.31491713
Uttar Pradesh,AGRA,2010,Kharif,Urad,275,185,0.672727273
Uttar Pradesh,AGRA,2010,Rabi,Barley,6143,20480,3.333875956
Uttar Pradesh,AGRA,2010,Rabi,Gram,1463,2845,1.944634313
Uttar Pradesh,AGRA,2010,Rabi,Masoor,554,488,0.880866426
Uttar Pradesh,AGRA,2010,Rabi,Onion,58,1068,18.4137931
Uttar Pradesh,AGRA,2010,Rabi,Peas & beans (Pulses),115,274,2.382608696
Uttar Pradesh,AGRA,2010,Rabi,Potato,63851,1690072,26.46899814
Uttar Pradesh,AGRA,2010,Rabi,Rapeseed &Mustard,51457,90358,1.755990439
Uttar Pradesh,AGRA,2010,Rabi,Wheat,138092,511421,3.703480289
Uttar Pradesh,AGRA,2010,Summer,Maize,45,66,1.466666667
Uttar Pradesh,AGRA,2010,Summer,Moong(Green Gram),327,224,0.685015291
Uttar Pradesh,AGRA,2010,Summer,Urad,5,4,0.8
Uttar Pradesh,AGRA,2011,Kharif,Arhar/Tur,948,835,0.880801688
Uttar Pradesh,AGRA,2011,Kharif,Bajra,141624,298933,2.110751003
Uttar Pradesh,AGRA,2011,Kharif,Cotton(lint),528,141,0.267045455
Uttar Pradesh,AGRA,2011,Kharif,Dry chillies,135,112,0.82962963
Uttar Pradesh,AGRA,2011,Kharif,Groundnut,3,3,1
Uttar Pradesh,AGRA,2011,Kharif,Guar seed,129,106,0.821705426
Uttar Pradesh,AGRA,2011,Kharif,Jowar,1244,959,0.770900322
Uttar Pradesh,AGRA,2011,Kharif,Maize,68,171,2.514705882
Uttar Pradesh,AGRA,2011,Kharif,Moong(Green Gram),123,52,0.422764228
Uttar Pradesh,AGRA,2011,Kharif,Rice,6724,16803,2.498958953
Uttar Pradesh,AGRA,2011,Kharif,Sesamum,2227,483,0.2168837
Uttar Pradesh,AGRA,2011,Kharif,Sugarcane,206,9780,47.47572816
Uttar Pradesh,AGRA,2011,Kharif,Sweet potato,122,1585,12.99180328
Uttar Pradesh,AGRA,2011,Kharif,Urad,244,163,0.668032787
Uttar Pradesh,AGRA,2011,Rabi,Barley,9814,32477,3.309252089
Uttar Pradesh,AGRA,2011,Rabi,Coriander,78,43,0.551282051
Uttar Pradesh,AGRA,2011,Rabi,Garlic,44,227,5.159090909
Uttar Pradesh,AGRA,2011,Rabi,Gram,754,1177,1.561007958
Uttar Pradesh,AGRA,2011,Rabi,Masoor,544,1049,1.928308824
Uttar Pradesh,AGRA,2011,Rabi,Onion,87,1990,22.87356322
Uttar Pradesh,AGRA,2011,Rabi,Peas & beans (Pulses),184,305,1.657608696
Uttar Pradesh,AGRA,2011,Rabi,Potato,60924,1431105,23.49000394
Uttar Pradesh,AGRA,2011,Rabi,Rapeseed &Mustard,53177,91051,1.71222521
Uttar Pradesh,AGRA,2011,Rabi,Wheat,134825,525413,3.896999815
Uttar Pradesh,AGRA,2011,Summer,Maize,341,564,1.653958944
Uttar Pradesh,AGRA,2011,Summer,Moong(Green Gram),196,134,0.683673469
Uttar Pradesh,AGRA,2011,Summer,Onion,65,759,11.67692308
Uttar Pradesh,AGRA,2011,Summer,Rice,30,75,2.5
Uttar Pradesh,AGRA,2011,Summer,Sunflower,2,3,1.5
Uttar Pradesh,AGRA,2011,Summer,Urad,4,5,1.25
Uttar Pradesh,AGRA,2012,Kharif,Arhar/Tur,884,995,1.125565611
Uttar Pradesh,AGRA,2012,Kharif,Bajra,115946,248945,2.147077088
Uttar Pradesh,AGRA,2012,Kharif,Cotton(lint),1072,287,0.267723881
Uttar Pradesh,AGRA,2012,Kharif,Dry chillies,695,558,0.802877698
Uttar Pradesh,AGRA,2012,Kharif,Groundnut,10,10,1
Uttar Pradesh,AGRA,2012,Kharif,Guar seed,175,142,0.811428571
Uttar Pradesh,AGRA,2012,Kharif,Jowar,127,139,1.094488189
Uttar Pradesh,AGRA,2012,Kharif,Maize,73,204,2.794520548
Uttar Pradesh,AGRA,2012,Kharif,Moong(Green Gram),67,34,0.507462687
Uttar Pradesh,AGRA,2012,Kharif,Rice,3556,8975,2.523903262
Uttar Pradesh,AGRA,2012,Kharif,Sesamum,2100,392,0.186666667
Uttar Pradesh,AGRA,2012,Kharif,Sugarcane,297,13470,45.35353535
Uttar Pradesh,AGRA,2012,Kharif,Sweet potato,143,1852,12.95104895
Uttar Pradesh,AGRA,2012,Kharif,Urad,344,228,0.662790698
Uttar Pradesh,AGRA,2012,Rabi,Barley,6134,19964,3.254646234
Uttar Pradesh,AGRA,2012,Rabi,Coriander,34,18,0.529411765
Uttar Pradesh,AGRA,2012,Rabi,Garlic,50,260,5.2
Uttar Pradesh,AGRA,2012,Rabi,Gram,1599,2881,1.801751094
Uttar Pradesh,AGRA,2012,Rabi,Masoor,635,1250,1.968503937
Uttar Pradesh,AGRA,2012,Rabi,Onion,72,1656,23
Uttar Pradesh,AGRA,2012,Rabi,Peas & beans (Pulses),99,205,2.070707071
Uttar Pradesh,AGRA,2012,Rabi,Potato,55879,1416980,25.35800569
Uttar Pradesh,AGRA,2012,Rabi,Rapeseed &Mustard,57422,109299,1.903434224
Uttar Pradesh,AGRA,2012,Rabi,Wheat,134889,516890,3.831965542
Uttar Pradesh,AGRA,2012,Summer,Maize,83,153,1.843373494
Uttar Pradesh,AGRA,2012,Summer,Moong(Green Gram),217,194,0.894009217
Uttar Pradesh,AGRA,2012,Summer,Onion,57,541,9.49122807
Uttar Pradesh,AGRA,2012,Summer,Rice,37,94,2.540540541
Uttar Pradesh,AGRA,2012,Summer,Urad,2,2,1
Uttar Pradesh,AGRA,2013,Kharif,Arhar/Tur,931,1175,1.262083781
Uttar Pradesh,AGRA,2013,Kharif,Bajra,118294,284151,2.402074492
Uttar Pradesh,AGRA,2013,Kharif,Cotton(lint),717,194,0.270571827
Uttar Pradesh,AGRA,2013,Kharif,Dry chillies,213,172,0.807511737
Uttar Pradesh,AGRA,2013,Kharif,Guar seed,123,101,0.821138211
Uttar Pradesh,AGRA,2013,Kharif,Jowar,97,87,0.896907216
Uttar Pradesh,AGRA,2013,Kharif,Maize,58,157,2.706896552
Uttar Pradesh,AGRA,2013,Kharif,Moong(Green Gram),107,34,0.317757009
Uttar Pradesh,AGRA,2013,Kharif,Rice,8691,22475,2.586008515
Uttar Pradesh,AGRA,2013,Kharif,Sannhamp,3,1,0.333333333
Uttar Pradesh,AGRA,2013,Kharif,Sesamum,1817,196,0.107870116
Uttar Pradesh,AGRA,2013,Kharif,Sugarcane,255,12238,47.99215686
Uttar Pradesh,AGRA,2013,Kharif,Sweet potato,274,3621,13.21532847
Uttar Pradesh,AGRA,2013,Kharif,Urad,215,96,0.446511628
Uttar Pradesh,AGRA,2013,Rabi,Barley,5389,18240,3.384672481
Uttar Pradesh,AGRA,2013,Rabi,Coriander,60,33,0.55
Uttar Pradesh,AGRA,2013,Rabi,Garlic,29,170,5.862068966
Uttar Pradesh,AGRA,2013,Rabi,Gram,1333,2510,1.882970743
Uttar Pradesh,AGRA,2013,Rabi,Masoor,1304,1252,0.960122699
Uttar Pradesh,AGRA,2013,Rabi,Onion,28,570,20.35714286
Uttar Pradesh,AGRA,2013,Rabi,Peas & beans (Pulses),94,206,2.191489362
Uttar Pradesh,AGRA,2013,Rabi,Potato,60110,1441979,23.98900349
Uttar Pradesh,AGRA,2013,Rabi,Rapeseed &Mustard,53142,76094,1.431899439
Uttar Pradesh,AGRA,2013,Rabi,Wheat,132340,490452,3.705999698
Uttar Pradesh,AGRA,2013,Summer,Maize,114,209,1.833333333
Uttar Pradesh,AGRA,2013,Summer,Moong(Green Gram),341,201,0.589442815
Uttar Pradesh,AGRA,2013,Summer,Onion,96,1164,12.125
Uttar Pradesh,AGRA,2014,Kharif,Arhar/Tur,495,544,1.098989899
Uttar Pradesh,AGRA,2014,Kharif,Bajra,118146,246736,2.088399099
Uttar Pradesh,AGRA,2014,Kharif,Cotton(lint),1571,462,0.294080204
Uttar Pradesh,AGRA,2014,Kharif,Dry chillies,350,289,0.825714286
Uttar Pradesh,AGRA,2014,Kharif,Guar seed,160,131,0.81875
Uttar Pradesh,AGRA,2014,Kharif,Jowar,70,170,2.428571429
Uttar Pradesh,AGRA,2014,Kharif,Maize,45,117,2.6
Uttar Pradesh,AGRA,2014,Kharif,Moong(Green Gram),96,31,0.322916667
Uttar Pradesh,AGRA,2014,Kharif,Rice,10164,24231,2.384002361
Uttar Pradesh,AGRA,2014,Kharif,Sannhamp,10,4,0.4
Uttar Pradesh,AGRA,2014,Kharif,Sesamum,1935,186,0.096124031
Uttar Pradesh,AGRA,2014,Kharif,Sugarcane,145,6106,42.11034483
Uttar Pradesh,AGRA,2014,Kharif,Sweet potato,131,1623,12.38931298
Uttar Pradesh,AGRA,2014,Kharif,Urad,150,66,0.44
Uttar Pradesh,AGRA,2014,Rabi,Barley,4245,7827,1.843816254
Uttar Pradesh,AGRA,2014,Rabi,Coriander,65,31,0.476923077
Uttar Pradesh,AGRA,2014,Rabi,Garlic,9,52,5.777777778
Uttar Pradesh,AGRA,2014,Rabi,Gram,528,600,1.136363636
Uttar Pradesh,AGRA,2014,Rabi,Masoor,551,516,0.936479129
Uttar Pradesh,AGRA,2014,Rabi,Onion,97,1484,15.29896907
Uttar Pradesh,AGRA,2014,Rabi,Peas & beans (Pulses),58,26,0.448275862
Uttar Pradesh,AGRA,2014,Rabi,Potato,67228,1836400,27.31599929
Uttar Pradesh,AGRA,2014,Rabi,Rapeseed &Mustard,45613,59793,1.310876285
Uttar Pradesh,AGRA,2014,Rabi,Wheat,136036,327983,2.4110015
Uttar Pradesh,AGRA,2014,Summer,Maize,299,532,1.779264214
Uttar Pradesh,AGRA,2014,Summer,Moong(Green Gram),645,457,0.708527132
Uttar Pradesh,AGRA,2014,Summer,Onion,79,1276,16.15189873
Uttar Pradesh,ALIGARH,1997,Kharif,Arhar/Tur,19950,13213,0.662305764
Uttar Pradesh,ALIGARH,1997,Kharif,Bajra,73168,135408,1.850645091
Uttar Pradesh,ALIGARH,1997,Kharif,Jowar,11,6,0.545454545
Uttar Pradesh,ALIGARH,1997,Kharif,Maize,44245,96897,2.190010171
Uttar Pradesh,ALIGARH,1997,Kharif,Moong(Green Gram),175,50,0.285714286
Uttar Pradesh,ALIGARH,1997,Kharif,Moth,3,1,0.333333333
Uttar Pradesh,ALIGARH,1997,Kharif,Oilseeds total,39556,23487,0.5937658
Uttar Pradesh,ALIGARH,1997,Kharif,Onion,88,870,9.886363636
Uttar Pradesh,ALIGARH,1997,Kharif,Rice,17167,36571,2.130308149
Uttar Pradesh,ALIGARH,1997,Kharif,Sesamum,47,11,0.234042553
Uttar Pradesh,ALIGARH,1997,Kharif,Soyabean,1,1,1
Uttar Pradesh,ALIGARH,1997,Kharif,Total foodgrain,389634,1007009,2.584499813
Uttar Pradesh,ALIGARH,1997,Kharif,Urad,453,240,0.529801325
Uttar Pradesh,ALIGARH,1997,Rabi,Barley,26159,95194,3.639053481
Uttar Pradesh,ALIGARH,1997,Rabi,Gram,2709,2726,1.006275378
Uttar Pradesh,ALIGARH,1997,Rabi,Masoor,1648,1396,0.847087379
Uttar Pradesh,ALIGARH,1997,Rabi,Peas & beans (Pulses),3115,4984,1.6
Uttar Pradesh,ALIGARH,1997,Rabi,Rapeseed &Mustard,39033,23064,0.590884636
Uttar Pradesh,ALIGARH,1997,Rabi,Sunflower,475,411,0.865263158
Uttar Pradesh,ALIGARH,1997,Rabi,Wheat,190423,616108,3.235470505
Uttar Pradesh,ALIGARH,1997,Summer,Maize,47,74,1.574468085
Uttar Pradesh,ALIGARH,1997,Summer,Moong(Green Gram),10247,4089,0.399043623
Uttar Pradesh,ALIGARH,1997,Summer,Urad,114,52,0.456140351
Uttar Pradesh,ALIGARH,1997,Whole Year,Potato,4295,75462,17.56973225
Uttar Pradesh,ALIGARH,1997,Whole Year,Sugarcane,10099,598346,59.24804436
Uttar Pradesh,ALIGARH,1998,Kharif,Arhar/Tur,16193,5693,0.351571667
Uttar Pradesh,ALIGARH,1998,Kharif,Bajra,72087,87299,1.211022792
Uttar Pradesh,ALIGARH,1998,Kharif,Cotton(lint),2154,178,0.082636955
Uttar Pradesh,ALIGARH,1998,Kharif,Groundnut,2,2,1
Uttar Pradesh,ALIGARH,1998,Kharif,Jowar,7,3,0.428571429
Uttar Pradesh,ALIGARH,1998,Kharif,Maize,42847,48246,1.126006488
Uttar Pradesh,ALIGARH,1998,Kharif,Moong(Green Gram),205,44,0.214634146
Uttar Pradesh,ALIGARH,1998,Kharif,Moth,3,1,0.333333333
Uttar Pradesh,ALIGARH,1998,Kharif,Rice,22174,35078,1.581942816
Uttar Pradesh,ALIGARH,1998,Kharif,Sesamum,40,7,0.175
Uttar Pradesh,ALIGARH,1998,Kharif,Soyabean,1,,
Uttar Pradesh,ALIGARH,1998,Kharif,Urad,301,81,0.26910299
Uttar Pradesh,ALIGARH,1998,Rabi,Barley,24371,78853,3.23552583
Uttar Pradesh,ALIGARH,1998,Rabi,Gram,1998,1946,0.973973974
Uttar Pradesh,ALIGARH,1998,Rabi,Masoor,1857,1346,0.724824987
Uttar Pradesh,ALIGARH,1998,Rabi,Peas & beans (Pulses),3627,4962,1.368072787
Uttar Pradesh,ALIGARH,1998,Rabi,Rapeseed &Mustard,28918,25126,0.8688706
Uttar Pradesh,ALIGARH,1998,Rabi,Sunflower,660,830,1.257575758
Uttar Pradesh,ALIGARH,1998,Rabi,Wheat,194677,629068,3.231342172
Uttar Pradesh,ALIGARH,1998,Summer,Maize,47,48,1.021276596
Uttar Pradesh,ALIGARH,1998,Summer,Moong(Green Gram),10368,3307,0.318962191
Uttar Pradesh,ALIGARH,1998,Summer,Urad,103,52,0.504854369
Uttar Pradesh,ALIGARH,1998,Whole Year,Onion,100,1207,12.07
Uttar Pradesh,ALIGARH,1998,Whole Year,Potato,5503,116886,21.24041432
Uttar Pradesh,ALIGARH,1998,Whole Year,Sugarcane,9503,528025,55.56403241
Uttar Pradesh,ALIGARH,1998,Whole Year,Tobacco,21,106,5.047619048
Uttar Pradesh,ALIGARH,1999,Kharif,Arhar/Tur,15667,11726,0.748452161
Uttar Pradesh,ALIGARH,1999,Kharif,Bajra,75196,130908,1.740890473
Uttar Pradesh,ALIGARH,1999,Kharif,Cotton(lint),1944,1976,1.016460905
Uttar Pradesh,ALIGARH,1999,Kharif,Groundnut,3,3,1
Uttar Pradesh,ALIGARH,1999,Kharif,Jowar,5,4,0.8
Uttar Pradesh,ALIGARH,1999,Kharif,Maize,37254,72012,1.933000483
Uttar Pradesh,ALIGARH,1999,Kharif,Moong(Green Gram),237,67,0.282700422
Uttar Pradesh,ALIGARH,1999,Kharif,Rice,31898,56313,1.76540849
Uttar Pradesh,ALIGARH,1999,Kharif,Sunflower,277,236,0.85198556
Uttar Pradesh,ALIGARH,1999,Kharif,Urad,589,244,0.41426146
Uttar Pradesh,ALIGARH,1999,Rabi,Barley,23052,86773,3.7642287
Uttar Pradesh,ALIGARH,1999,Rabi,Gram,1515,1705,1.125412541
Uttar Pradesh,ALIGARH,1999,Rabi,Maize,44,64,1.454545455
Uttar Pradesh,ALIGARH,1999,Rabi,Rapeseed &Mustard,25472,32854,1.289808417
Uttar Pradesh,ALIGARH,1999,Rabi,Wheat,205628,625621,3.04248935
Uttar Pradesh,ALIGARH,1999,Summer,Moong(Green Gram),7441,1912,0.25695471
Uttar Pradesh,ALIGARH,1999,Summer,Urad,109,56,0.513761468
Uttar Pradesh,ALIGARH,1999,Whole Year,Onion,133,1906,14.33082707
Uttar Pradesh,ALIGARH,1999,Whole Year,Peas & beans (Pulses),2817,5752,2.041888534
Uttar Pradesh,ALIGARH,1999,Whole Year,Potato,6801,184410,27.11513013
Uttar Pradesh,ALIGARH,1999,Whole Year,Sugarcane,8614,574967,66.74796842
Uttar Pradesh,ALIGARH,1999,Whole Year,Tobacco,12,59,4.916666667
Uttar Pradesh,ALIGARH,2000,Kharif,Arhar/Tur,16890,14695,0.870041445
Uttar Pradesh,ALIGARH,2000,Kharif,Bajra,82995,137685,1.658955359
Uttar Pradesh,ALIGARH,2000,Kharif,Cotton(lint),1472,1153,0.783288043
Uttar Pradesh,ALIGARH,2000,Kharif,Groundnut,1,1,1
Uttar Pradesh,ALIGARH,2000,Kharif,Jowar,11,9,0.818181818
Uttar Pradesh,ALIGARH,2000,Kharif,Maize,42821,91337,2.132995493
Uttar Pradesh,ALIGARH,2000,Kharif,Moong(Green Gram),248,75,0.302419355
Uttar Pradesh,ALIGARH,2000,Kharif,Moth,9,3,0.333333333
Uttar Pradesh,ALIGARH,2000,Kharif,Rice,34648,68335,1.972263911
Uttar Pradesh,ALIGARH,2000,Kharif,Sesamum,43,10,0.23255814
Uttar Pradesh,ALIGARH,2000,Kharif,Urad,516,215,0.416666667
Uttar Pradesh,ALIGARH,2000,Rabi,Barley,23678,82634,3.489906242
Uttar Pradesh,ALIGARH,2000,Rabi,Gram,1281,1480,1.155347385
Uttar Pradesh,ALIGARH,2000,Rabi,Maize,64,104,1.625
Uttar Pradesh,ALIGARH,2000,Rabi,Masoor,2156,1751,0.812152134
Uttar Pradesh,ALIGARH,2000,Rabi,Moong(Green Gram),4787,1656,0.345936912
Uttar Pradesh,ALIGARH,2000,Rabi,Peas & beans (Pulses),2226,4245,1.907008086
Uttar Pradesh,ALIGARH,2000,Rabi,Rapeseed &Mustard,19899,23876,1.199859289
Uttar Pradesh,ALIGARH,2000,Rabi,Urad,84,37,0.44047619
Uttar Pradesh,ALIGARH,2000,Rabi,Wheat,211657,709851,3.353779936
Uttar Pradesh,ALIGARH,2000,Whole Year,Potato,5531,145737,26.34912312
Uttar Pradesh,ALIGARH,2000,Whole Year,Sugarcane,9246,531201,57.45197923
Uttar Pradesh,ALIGARH,2001,Kharif,Arhar/Tur,17338,10731,0.618929519
Uttar Pradesh,ALIGARH,2001,Kharif,Bajra,82749,106726,1.289755767
Uttar Pradesh,ALIGARH,2001,Kharif,Cotton(lint),1376,1424,1.034883721
Uttar Pradesh,ALIGARH,2001,Kharif,Jowar,46,35,0.760869565
Uttar Pradesh,ALIGARH,2001,Kharif,Maize,43886,89176,2.031991979
Uttar Pradesh,ALIGARH,2001,Kharif,Moong(Green Gram),284,78,0.274647887
Uttar Pradesh,ALIGARH,2001,Kharif,Moth,17,6,0.352941176
Uttar Pradesh,ALIGARH,2001,Kharif,Rice,33654,65137,1.935490581
Uttar Pradesh,ALIGARH,2001,Kharif,Sesamum,34,10,0.294117647
Uttar Pradesh,ALIGARH,2001,Kharif,Sunflower,147,168,1.142857143
Uttar Pradesh,ALIGARH,2001,Kharif,Urad,614,251,0.408794788
Uttar Pradesh,ALIGARH,2001,Rabi,Barley,21788,79766,3.661006058
Uttar Pradesh,ALIGARH,2001,Rabi,Gram,1071,1280,1.195144725
Uttar Pradesh,ALIGARH,2001,Rabi,Maize,162,264,1.62962963
Uttar Pradesh,ALIGARH,2001,Rabi,Masoor,2251,1799,0.799200355
Uttar Pradesh,ALIGARH,2001,Rabi,Moong(Green Gram),4475,1624,0.362905028
Uttar Pradesh,ALIGARH,2001,Rabi,Peas & beans (Pulses),1595,2835,1.777429467
Uttar Pradesh,ALIGARH,2001,Rabi,Rapeseed &Mustard,16531,20257,1.225394713
Uttar Pradesh,ALIGARH,2001,Rabi,Urad,76,24,0.315789474
Uttar Pradesh,ALIGARH,2001,Rabi,Wheat,213864,700120,3.273669248
Uttar Pradesh,ALIGARH,2001,Whole Year,Potato,6059,158419,26.14606371
Uttar Pradesh,ALIGARH,2001,Whole Year,Sugarcane,9109,577729,63.42397629
Uttar Pradesh,ALIGARH,2002,Kharif,Bajra,75675,116690,1.541988768
Uttar Pradesh,ALIGARH,2002,Kharif,Cotton(lint),1308,1182,0.903669725
Uttar Pradesh,ALIGARH,2002,Kharif,Groundnut,3,2,0.666666667
Uttar Pradesh,ALIGARH,2002,Kharif,Jowar,3,3,1
Uttar Pradesh,ALIGARH,2002,Kharif,Maize,26225,25386,0.968007626
Uttar Pradesh,ALIGARH,2002,Kharif,Moong(Green Gram),369,104,0.281842818
Uttar Pradesh,ALIGARH,2002,Kharif,Moth,2,1,0.5
Uttar Pradesh,ALIGARH,2002,Kharif,Rice,26117,45992,1.760998583
Uttar Pradesh,ALIGARH,2002,Kharif,Sesamum,27,4,0.148148148
Uttar Pradesh,ALIGARH,2002,Kharif,Sunflower,31,45,1.451612903
Uttar Pradesh,ALIGARH,2002,Kharif,Urad,596,238,0.399328859
Uttar Pradesh,ALIGARH,2002,Rabi,Barley,18703,66227,3.54098273
Uttar Pradesh,ALIGARH,2002,Rabi,Gram,772,744,0.96373057
Uttar Pradesh,ALIGARH,2002,Rabi,Maize,95,105,1.105263158
Uttar Pradesh,ALIGARH,2002,Rabi,Masoor,2233,2177,0.97492163
Uttar Pradesh,ALIGARH,2002,Rabi,Onion,57,588,10.31578947
Uttar Pradesh,ALIGARH,2002,Rabi,Peas & beans (Pulses),804,1340,1.666666667
Uttar Pradesh,ALIGARH,2002,Rabi,Rapeseed &Mustard,21884,22569,1.031301407
Uttar Pradesh,ALIGARH,2002,Rabi,Wheat,212456,718204,3.380483488
Uttar Pradesh,ALIGARH,2002,Summer,Moong(Green Gram),3043,1187,0.390075583
Uttar Pradesh,ALIGARH,2002,Summer,Onion,46,514,11.17391304
Uttar Pradesh,ALIGARH,2002,Summer,Urad,67,28,0.417910448
Uttar Pradesh,ALIGARH,2002,Whole Year,Potato,8667,212532,24.52197992
Uttar Pradesh,ALIGARH,2002,Whole Year,Sugarcane,10135,629505,62.11198816
Uttar Pradesh,ALIGARH,2002,Whole Year,Tobacco,3,19,6.333333333
Uttar Pradesh,ALIGARH,2003,Kharif,Arhar/Tur,17481,13380,0.765402437
Uttar Pradesh,ALIGARH,2003,Kharif,Bajra,85570,133287,1.557637022
Uttar Pradesh,ALIGARH,2003,Kharif,Jowar,11,10,0.909090909
Uttar Pradesh,ALIGARH,2003,Kharif,Maize,30476,50224,1.6479853
Uttar Pradesh,ALIGARH,2003,Kharif,Moong(Green Gram),586,137,0.233788396
Uttar Pradesh,ALIGARH,2003,Kharif,Moth,7,2,0.285714286
Uttar Pradesh,ALIGARH,2003,Kharif,Rice,30731,63252,2.058247372
Uttar Pradesh,ALIGARH,2003,Kharif,Sesamum,19,2,0.105263158
Uttar Pradesh,ALIGARH,2003,Kharif,Sunflower,113,191,1.690265487
Uttar Pradesh,ALIGARH,2003,Kharif,Urad,607,144,0.23723229
Uttar Pradesh,ALIGARH,2003,Rabi,Barley,17816,61643,3.459979793
Uttar Pradesh,ALIGARH,2003,Rabi,Gram,480,655,1.364583333
Uttar Pradesh,ALIGARH,2003,Rabi,Masoor,1977,1558,0.788062721
Uttar Pradesh,ALIGARH,2003,Rabi,Onion,48,689,14.35416667
Uttar Pradesh,ALIGARH,2003,Rabi,Peas & beans (Pulses),618,1255,2.030744337
Uttar Pradesh,ALIGARH,2003,Rabi,Rapeseed &Mustard,17348,20671,1.191549458
Uttar Pradesh,ALIGARH,2003,Rabi,Wheat,219859,723449,3.290513465
Uttar Pradesh,ALIGARH,2003,Summer,Maize,72,98,1.361111111
Uttar Pradesh,ALIGARH,2003,Summer,Moong(Green Gram),2836,1069,0.376939351
Uttar Pradesh,ALIGARH,2003,Summer,Onion,77,760,9.87012987
Uttar Pradesh,ALIGARH,2003,Summer,Rice,5,10,2
Uttar Pradesh,ALIGARH,2003,Summer,Urad,54,30,0.555555556
Uttar Pradesh,ALIGARH,2003,Whole Year,Potato,8583,193332,22.52499126
Uttar Pradesh,ALIGARH,2003,Whole Year,Sugarcane,10735,614300,57.22403354
Uttar Pradesh,ALIGARH,2003,Whole Year,Tobacco,2,8,4
Uttar Pradesh,ALIGARH,2004,Kharif,Bajra,80644,150165,1.862072814
Uttar Pradesh,ALIGARH,2004,Kharif,Cotton(lint),1213,289,0.238252267
Uttar Pradesh,ALIGARH,2004,Kharif,Groundnut,2,2,1
Uttar Pradesh,ALIGARH,2004,Kharif,Jowar,13,10,0.769230769
Uttar Pradesh,ALIGARH,2004,Kharif,Maize,28190,53589,1.90099326
Uttar Pradesh,ALIGARH,2004,Kharif,Rice,38381,86421,2.251660978
Uttar Pradesh,ALIGARH,2004,Kharif,Sannhamp,4,1,0.25
Uttar Pradesh,ALIGARH,2004,Kharif,Sesamum,33,5,0.151515152
Uttar Pradesh,ALIGARH,2004,Kharif,Sugarcane,9156,466077,50.90399738
Uttar Pradesh,ALIGARH,2004,Rabi,Barley,15473,47549,3.07303044
Uttar Pradesh,ALIGARH,2004,Rabi,Gram,342,425,1.242690058
Uttar Pradesh,ALIGARH,2004,Rabi,Linseed,5,2,0.4
Uttar Pradesh,ALIGARH,2004,Rabi,Potato,8670,246055,28.38004614
Uttar Pradesh,ALIGARH,2004,Rabi,Rapeseed &Mustard,24760,33311,1.345355412
Uttar Pradesh,ALIGARH,2004,Rabi,Turmeric,1,2,2
Uttar Pradesh,ALIGARH,2004,Rabi,Wheat,218709,632775,2.893227988
Uttar Pradesh,ALIGARH,2004,Summer,Sunflower,235,462,1.965957447
Uttar Pradesh,ALIGARH,2004,Whole Year,Dry chillies,78,73,0.935897436
Uttar Pradesh,ALIGARH,2004,Whole Year,Garlic,86,373,4.337209302
Uttar Pradesh,ALIGARH,2004,Whole Year,Guar seed,162,137,0.845679012
Uttar Pradesh,ALIGARH,2004,Whole Year,Onion,97,1111,11.45360825
Uttar Pradesh,ALIGARH,2004,Whole Year,Sweet potato,345,4009,11.62028986
Uttar Pradesh,ALIGARH,2004,Whole Year,Tobacco,7,35,5
Uttar Pradesh,ALIGARH,2005,Kharif,Bajra,88563,153564,1.733952102
Uttar Pradesh,ALIGARH,2005,Kharif,Cotton(lint),196,40,0.204081633
Uttar Pradesh,ALIGARH,2005,Kharif,Jowar,10,9,0.9
Uttar Pradesh,ALIGARH,2005,Kharif,Maize,26783,41514,1.550013068
Uttar Pradesh,ALIGARH,2005,Kharif,Rice,36832,76868,2.086989574
Uttar Pradesh,ALIGARH,2005,Kharif,Sesamum,11,2,0.181818182
Uttar Pradesh,ALIGARH,2005,Kharif,Sugarcane,11251,605259,53.79601813
Uttar Pradesh,ALIGARH,2005,Rabi,Barley,10358,27169,2.622996718
Uttar Pradesh,ALIGARH,2005,Rabi,Gram,219,285,1.301369863
Uttar Pradesh,ALIGARH,2005,Rabi,Potato,10291,239163,23.24001555
Uttar Pradesh,ALIGARH,2005,Rabi,Rapeseed &Mustard,18311,23102,1.261646005
Uttar Pradesh,ALIGARH,2005,Rabi,Wheat,215167,655184,3.045002254
Uttar Pradesh,ALIGARH,2005,Summer,Sunflower,173,209,1.208092486
Uttar Pradesh,ALIGARH,2005,Whole Year,Banana,2,77,38.5
Uttar Pradesh,ALIGARH,2005,Whole Year,Coriander,19,11,0.578947368
Uttar Pradesh,ALIGARH,2005,Whole Year,Dry chillies,55,50,0.909090909
Uttar Pradesh,ALIGARH,2005,Whole Year,Garlic,170,741,4.358823529
Uttar Pradesh,ALIGARH,2005,Whole Year,Guar seed,104,84,0.807692308
Uttar Pradesh,ALIGARH,2005,Whole Year,Onion,268,3445,12.85447761
Uttar Pradesh,ALIGARH,2005,Whole Year,Sweet potato,341,4460,13.07917889
Uttar Pradesh,ALIGARH,2005,Whole Year,Tobacco,3,14,4.666666667
Uttar Pradesh,ALIGARH,2006,Kharif,Arhar/Tur,17930,11828,0.65967652
Uttar Pradesh,ALIGARH,2006,Kharif,Bajra,83772,143837,1.717005682
Uttar Pradesh,ALIGARH,2006,Kharif,Cotton(lint),1013,232,0.229022705
Uttar Pradesh,ALIGARH,2006,Kharif,Dry ginger,1,3,3
Uttar Pradesh,ALIGARH,2006,Kharif,Jowar,13,15,1.153846154
Uttar Pradesh,ALIGARH,2006,Kharif,Maize,26381,41972,1.590993518
Uttar Pradesh,ALIGARH,2006,Kharif,Other Kharif pulses,4318,1766,0.408985642
Uttar Pradesh,ALIGARH,2006,Kharif,Rice,38447,79239,2.060993055
Uttar Pradesh,ALIGARH,2006,Kharif,Sannhamp,4,1,0.25
Uttar Pradesh,ALIGARH,2006,Kharif,Sesamum,15,2,0.133333333
Uttar Pradesh,ALIGARH,2006,Kharif,Sugarcane,12617,753184,59.69596576
Uttar Pradesh,ALIGARH,2006,Kharif,Sweet potato,145,1979,13.64827586
Uttar Pradesh,ALIGARH,2006,Rabi,Barley,14643,40825,2.78802158
Uttar Pradesh,ALIGARH,2006,Rabi,Garlic,93,409,4.397849462
Uttar Pradesh,ALIGARH,2006,Rabi,Gram,381,316,0.829396325
Uttar Pradesh,ALIGARH,2006,Rabi,Masoor,2191,1983,0.90506618
Uttar Pradesh,ALIGARH,2006,Rabi,Onion,59,1132,19.18644068
Uttar Pradesh,ALIGARH,2006,Rabi,Other  Rabi pulses,411,398,0.96836983
Uttar Pradesh,ALIGARH,2006,Rabi,Potato,5313,126619,23.8319217
Uttar Pradesh,ALIGARH,2006,Rabi,Rapeseed &Mustard,24760,27429,1.10779483
Uttar Pradesh,ALIGARH,2006,Rabi,Tobacco,4,21,5.25
Uttar Pradesh,ALIGARH,2006,Rabi,Turmeric,1,4,4
Uttar Pradesh,ALIGARH,2006,Rabi,Wheat,222714,636071,2.855999174
Uttar Pradesh,ALIGARH,2006,Summer,Maize,104,138,1.326923077
Uttar Pradesh,ALIGARH,2006,Summer,Onion,83,967,11.65060241
Uttar Pradesh,ALIGARH,2006,Summer,Sunflower,141,211,1.496453901
Uttar Pradesh,ALIGARH,2006,Summer,Tobacco,3,9,3
Uttar Pradesh,ALIGARH,2006,Whole Year,Coriander,26,14,0.538461538
Uttar Pradesh,ALIGARH,2006,Whole Year,Dry chillies,60,57,0.95
Uttar Pradesh,ALIGARH,2006,Whole Year,Guar seed,145,122,0.84137931
Uttar Pradesh,ALIGARH,2007,Kharif,Arhar/Tur,16338,16195,0.991247399
Uttar Pradesh,ALIGARH,2007,Kharif,Bajra,83559,159847,1.91298364
Uttar Pradesh,ALIGARH,2007,Kharif,Cotton(lint),958,261,0.272442589
Uttar Pradesh,ALIGARH,2007,Kharif,Dry chillies,46,44,0.956521739
Uttar Pradesh,ALIGARH,2007,Kharif,Dry ginger,1,2,2
Uttar Pradesh,ALIGARH,2007,Kharif,Groundnut,2,1,0.5
Uttar Pradesh,ALIGARH,2007,Kharif,Guar seed,144,121,0.840277778
Uttar Pradesh,ALIGARH,2007,Kharif,Jowar,4,3,0.75
Uttar Pradesh,ALIGARH,2007,Kharif,Maize,26847,52942,1.971989422
Uttar Pradesh,ALIGARH,2007,Kharif,Moong(Green Gram),548,109,0.198905109
Uttar Pradesh,ALIGARH,2007,Kharif,Rice,47382,95096,2.00700688
Uttar Pradesh,ALIGARH,2007,Kharif,Sesamum,28,4,0.142857143
Uttar Pradesh,ALIGARH,2007,Kharif,Sugarcane,8371,465461,55.60398997
Uttar Pradesh,ALIGARH,2007,Kharif,Sweet potato,319,4295,13.46394984
Uttar Pradesh,ALIGARH,2007,Kharif,Urad,655,287,0.438167939
Uttar Pradesh,ALIGARH,2007,Rabi,Barley,7216,22875,3.170038803
Uttar Pradesh,ALIGARH,2007,Rabi,Coriander,26,15,0.576923077
Uttar Pradesh,ALIGARH,2007,Rabi,Gram,116,156,1.344827586
Uttar Pradesh,ALIGARH,2007,Rabi,Masoor,1291,936,0.725019365
Uttar Pradesh,ALIGARH,2007,Rabi,Onion,39,545,13.97435897
Uttar Pradesh,ALIGARH,2007,Rabi,Other  Rabi pulses,690,647,0.937681159
Uttar Pradesh,ALIGARH,2007,Rabi,Potato,17934,379986,21.18802275
Uttar Pradesh,ALIGARH,2007,Rabi,Rapeseed &Mustard,19951,25235,1.26484888
Uttar Pradesh,ALIGARH,2007,Rabi,Wheat,215097,691967,3.216999772
Uttar Pradesh,ALIGARH,2007,Summer,Maize,234,336,1.435897436
Uttar Pradesh,ALIGARH,2007,Summer,Moong(Green Gram),2359,788,0.334039847
Uttar Pradesh,ALIGARH,2007,Summer,Onion,32,526,16.4375
Uttar Pradesh,ALIGARH,2007,Summer,Sunflower,95,268,2.821052632
Uttar Pradesh,ALIGARH,2007,Summer,Urad,57,39,0.684210526
Uttar Pradesh,ALIGARH,2008,Kharif,Arhar/Tur,16522,9438,0.571238349
Uttar Pradesh,ALIGARH,2008,Kharif,Bajra,81069,165785,2.04498637
Uttar Pradesh,ALIGARH,2008,Kharif,Cotton(lint),968,213,0.220041322
Uttar Pradesh,ALIGARH,2008,Kharif,Dry chillies,30,30,1
Uttar Pradesh,ALIGARH,2008,Kharif,Groundnut,9,7,0.777777778
Uttar Pradesh,ALIGARH,2008,Kharif,Guar seed,94,79,0.840425532
Uttar Pradesh,ALIGARH,2008,Kharif,Jowar,2,2,1
Uttar Pradesh,ALIGARH,2008,Kharif,Maize,26825,68162,2.540987884
Uttar Pradesh,ALIGARH,2008,Kharif,Moong(Green Gram),135,50,0.37037037
Uttar Pradesh,ALIGARH,2008,Kharif,Rice,47544,102410,2.154004711
Uttar Pradesh,ALIGARH,2008,Kharif,Sesamum,29,5,0.172413793
Uttar Pradesh,ALIGARH,2008,Kharif,Sugarcane,11462,655718,57.20799162
Uttar Pradesh,ALIGARH,2008,Kharif,Sweet potato,357,4385,12.28291317
Uttar Pradesh,ALIGARH,2008,Kharif,Urad,445,239,0.537078652
Uttar Pradesh,ALIGARH,2008,Rabi,Barley,11018,38221,3.468959884
Uttar Pradesh,ALIGARH,2008,Rabi,Coriander,23,14,0.608695652
Uttar Pradesh,ALIGARH,2008,Rabi,Garlic,165,972,5.890909091
Uttar Pradesh,ALIGARH,2008,Rabi,Gram,35,35,1
Uttar Pradesh,ALIGARH,2008,Rabi,Masoor,1310,1157,0.883206107
Uttar Pradesh,ALIGARH,2008,Rabi,Onion,93,1090,11.72043011
Uttar Pradesh,ALIGARH,2008,Rabi,Peas & beans (Pulses),143,173,1.20979021
Uttar Pradesh,ALIGARH,2008,Rabi,Potato,18264,399324,21.86399474
Uttar Pradesh,ALIGARH,2008,Rabi,Rapeseed &Mustard,24618,33918,1.377772362
Uttar Pradesh,ALIGARH,2008,Rabi,Wheat,221199,749201,3.386999941
Uttar Pradesh,ALIGARH,2008,Summer,Banana,2,77,38.5
Uttar Pradesh,ALIGARH,2008,Summer,Maize,159,238,1.496855346
Uttar Pradesh,ALIGARH,2008,Summer,Moong(Green Gram),2563,802,0.312914553
Uttar Pradesh,ALIGARH,2008,Summer,Sunflower,120,213,1.775
Uttar Pradesh,ALIGARH,2008,Summer,Urad,53,50,0.943396226
Uttar Pradesh,ALIGARH,2009,Kharif,Arhar/Tur,8856,7300,0.82429991
Uttar Pradesh,ALIGARH,2009,Kharif,Bajra,79532,144032,1.810994317
Uttar Pradesh,ALIGARH,2009,Kharif,Cotton(lint),1539,259,0.168291098
Uttar Pradesh,ALIGARH,2009,Kharif,Dry chillies,54,48,0.888888889
Uttar Pradesh,ALIGARH,2009,Kharif,Groundnut,8,5,0.625
Uttar Pradesh,ALIGARH,2009,Kharif,Guar seed,130,109,0.838461538
Uttar Pradesh,ALIGARH,2009,Kharif,Jowar,2,1,0.5
Uttar Pradesh,ALIGARH,2009,Kharif,Maize,18783,33960,1.808017889
Uttar Pradesh,ALIGARH,2009,Kharif,Moong(Green Gram),226,34,0.150442478
Uttar Pradesh,ALIGARH,2009,Kharif,Rice,66448,115088,1.732000963
Uttar Pradesh,ALIGARH,2009,Kharif,Sesamum,108,11,0.101851852
Uttar Pradesh,ALIGARH,2009,Kharif,Sugarcane,6441,359356,55.79195777
Uttar Pradesh,ALIGARH,2009,Kharif,Sweet potato,293,3985,13.60068259
Uttar Pradesh,ALIGARH,2009,Kharif,Urad,413,158,0.382566586
Uttar Pradesh,ALIGARH,2009,Rabi,Barley,8309,25210,3.034059454
Uttar Pradesh,ALIGARH,2009,Rabi,Coriander,25,14,0.56
Uttar Pradesh,ALIGARH,2009,Rabi,Garlic,158,839,5.310126582
Uttar Pradesh,ALIGARH,2009,Rabi,Gram,46,38,0.826086957
Uttar Pradesh,ALIGARH,2009,Rabi,Masoor,1438,1155,0.803198887
Uttar Pradesh,ALIGARH,2009,Rabi,Onion,49,841,17.16326531
Uttar Pradesh,ALIGARH,2009,Rabi,Peas & beans (Pulses),277,355,1.281588448
Uttar Pradesh,ALIGARH,2009,Rabi,Potato,20051,549417,27.40097751
Uttar Pradesh,ALIGARH,2009,Rabi,Rapeseed &Mustard,21584,30473,1.411832839
Uttar Pradesh,ALIGARH,2009,Rabi,Turmeric,3,10,3.333333333
Uttar Pradesh,ALIGARH,2009,Rabi,Wheat,224169,715772,3.193001709
Uttar Pradesh,ALIGARH,2009,Summer,Banana,1,41,41
Uttar Pradesh,ALIGARH,2009,Summer,Maize,282,410,1.453900709
Uttar Pradesh,ALIGARH,2009,Summer,Moong(Green Gram),2536,1002,0.39511041
Uttar Pradesh,ALIGARH,2009,Summer,Onion,54,750,13.88888889
Uttar Pradesh,ALIGARH,2009,Summer,Sunflower,80,176,2.2
Uttar Pradesh,ALIGARH,2009,Summer,Tobacco,1,4,4
Uttar Pradesh,ALIGARH,2009,Summer,Urad,121,86,0.710743802
Uttar Pradesh,ALIGARH,2010,Kharif,Arhar/Tur,14506,10068,0.694057631
Uttar Pradesh,ALIGARH,2010,Kharif,Bajra,92970,184452,1.983994837
Uttar Pradesh,ALIGARH,2010,Kharif,Cotton(lint),466,84,0.180257511
Uttar Pradesh,ALIGARH,2010,Kharif,Dry chillies,49,43,0.87755102
Uttar Pradesh,ALIGARH,2010,Kharif,Groundnut,6,6,1
Uttar Pradesh,ALIGARH,2010,Kharif,Guar seed,123,102,0.829268293
Uttar Pradesh,ALIGARH,2010,Kharif,Maize,18716,37900,2.025005343
Uttar Pradesh,ALIGARH,2010,Kharif,Moong(Green Gram),1077,644,0.597957289
Uttar Pradesh,ALIGARH,2010,Kharif,Rice,64485,131614,2.041001783
Uttar Pradesh,ALIGARH,2010,Kharif,Sesamum,150,30,0.2
Uttar Pradesh,ALIGARH,2010,Kharif,Sugarcane,9195,543351,59.09200653
Uttar Pradesh,ALIGARH,2010,Kharif,Sweet potato,247,3042,12.31578947
Uttar Pradesh,ALIGARH,2010,Kharif,Urad,885,597,0.674576271
Uttar Pradesh,ALIGARH,2010,Rabi,Barley,6898,20664,2.995650913
Uttar Pradesh,ALIGARH,2010,Rabi,Gram,15,13,0.866666667
Uttar Pradesh,ALIGARH,2010,Rabi,Masoor,1536,1353,0.880859375
Uttar Pradesh,ALIGARH,2010,Rabi,Onion,26,479,18.42307692
Uttar Pradesh,ALIGARH,2010,Rabi,Peas & beans (Pulses),187,218,1.165775401
Uttar Pradesh,ALIGARH,2010,Rabi,Potato,25401,653339,25.72099524
Uttar Pradesh,ALIGARH,2010,Rabi,Rapeseed &Mustard,18910,27672,1.463352723
Uttar Pradesh,ALIGARH,2010,Rabi,Turmeric,3,9,3
Uttar Pradesh,ALIGARH,2010,Rabi,Wheat,221809,786313,3.545000428
Uttar Pradesh,ALIGARH,2010,Summer,Maize,339,497,1.466076696
Uttar Pradesh,ALIGARH,2010,Summer,Moong(Green Gram),3166,2390,0.754895768
Uttar Pradesh,ALIGARH,2010,Summer,Sunflower,48,73,1.520833333
Uttar Pradesh,ALIGARH,2010,Summer,Urad,393,310,0.788804071
Uttar Pradesh,ALIGARH,2011,Kharif,Arhar/Tur,12401,8532,0.688009032
Uttar Pradesh,ALIGARH,2011,Kharif,Bajra,82175,158680,1.931000913
Uttar Pradesh,ALIGARH,2011,Kharif,Cotton(lint),996,204,0.204819277
Uttar Pradesh,ALIGARH,2011,Kharif,Dry chillies,48,40,0.833333333
Uttar Pradesh,ALIGARH,2011,Kharif,Groundnut,14,14,1
Uttar Pradesh,ALIGARH,2011,Kharif,Guar seed,57,47,0.824561404
Uttar Pradesh,ALIGARH,2011,Kharif,Maize,20943,41614,1.987012367
Uttar Pradesh,ALIGARH,2011,Kharif,Moong(Green Gram),544,316,0.580882353
Uttar Pradesh,ALIGARH,2011,Kharif,Rice,70307,154394,2.195997554
Uttar Pradesh,ALIGARH,2011,Kharif,Sesamum,99,22,0.222222222
Uttar Pradesh,ALIGARH,2011,Kharif,Sugarcane,8967,542539,60.50395896
Uttar Pradesh,ALIGARH,2011,Kharif,Sweet potato,207,2689,12.99033816
Uttar Pradesh,ALIGARH,2011,Kharif,Urad,556,372,0.669064748
Uttar Pradesh,ALIGARH,2011,Rabi,Barley,3692,12438,3.368905742
Uttar Pradesh,ALIGARH,2011,Rabi,Coriander,25,14,0.56
Uttar Pradesh,ALIGARH,2011,Rabi,Garlic,218,1127,5.169724771
Uttar Pradesh,ALIGARH,2011,Rabi,Gram,25,30,1.2
Uttar Pradesh,ALIGARH,2011,Rabi,Masoor,1181,2275,1.926333616
Uttar Pradesh,ALIGARH,2011,Rabi,Onion,52,1190,22.88461538
Uttar Pradesh,ALIGARH,2011,Rabi,Peas & beans (Pulses),95,136,1.431578947
Uttar Pradesh,ALIGARH,2011,Rabi,Potato,26589,608596,22.88901425
Uttar Pradesh,ALIGARH,2011,Rabi,Rapeseed &Mustard,21390,29260,1.367928939
Uttar Pradesh,ALIGARH,2011,Rabi,Turmeric,1,3,3
Uttar Pradesh,ALIGARH,2011,Rabi,Wheat,217820,820310,3.765999449
Uttar Pradesh,ALIGARH,2011,Summer,Maize,379,627,1.654353562
Uttar Pradesh,ALIGARH,2011,Summer,Moong(Green Gram),2144,1943,0.90625
Uttar Pradesh,ALIGARH,2011,Summer,Onion,82,888,10.82926829
Uttar Pradesh,ALIGARH,2011,Summer,Sunflower,47,80,1.70212766
Uttar Pradesh,ALIGARH,2011,Summer,Urad,106,94,0.886792453
Uttar Pradesh,ALIGARH,2012,Kharif,Arhar/Tur,8331,9506,1.141039491
Uttar Pradesh,ALIGARH,2012,Kharif,Bajra,91309,227816,2.495000493
Uttar Pradesh,ALIGARH,2012,Kharif,Cotton(lint),1132,224,0.197879859
Uttar Pradesh,ALIGARH,2012,Kharif,Dry chillies,41,33,0.804878049
Uttar Pradesh,ALIGARH,2012,Kharif,Groundnut,33,33,1
Uttar Pradesh,ALIGARH,2012,Kharif,Guar seed,110,90,0.818181818
Uttar Pradesh,ALIGARH,2012,Kharif,Maize,16307,43638,2.676028699
Uttar Pradesh,ALIGARH,2012,Kharif,Moong(Green Gram),176,193,1.096590909
Uttar Pradesh,ALIGARH,2012,Kharif,Rice,85311,209609,2.456998511
Uttar Pradesh,ALIGARH,2012,Kharif,Sesamum,47,9,0.191489362
Uttar Pradesh,ALIGARH,2012,Kharif,Sugarcane,10593,652190,61.56801661
Uttar Pradesh,ALIGARH,2012,Kharif,Sweet potato,269,3483,12.94795539
Uttar Pradesh,ALIGARH,2012,Kharif,Urad,714,473,0.662464986
Uttar Pradesh,ALIGARH,2012,Rabi,Barley,10294,33251,3.230134059
Uttar Pradesh,ALIGARH,2012,Rabi,Coriander,96,52,0.541666667
Uttar Pradesh,ALIGARH,2012,Rabi,Garlic,276,1434,5.195652174
Uttar Pradesh,ALIGARH,2012,Rabi,Gram,23,25,1.086956522
Uttar Pradesh,ALIGARH,2012,Rabi,Masoor,1224,1726,1.410130719
Uttar Pradesh,ALIGARH,2012,Rabi,Onion,31,713,23
Uttar Pradesh,ALIGARH,2012,Rabi,Peas & beans (Pulses),131,196,1.496183206
Uttar Pradesh,ALIGARH,2012,Rabi,Potato,25177,689472,27.38499424
Uttar Pradesh,ALIGARH,2012,Rabi,Rapeseed &Mustard,20479,40824,1.993456712
Uttar Pradesh,ALIGARH,2012,Rabi,Tobacco,1,6,6
Uttar Pradesh,ALIGARH,2012,Rabi,Turmeric,11,31,2.818181818
Uttar Pradesh,ALIGARH,2012,Rabi,Wheat,218374,756666,3.465000412
Uttar Pradesh,ALIGARH,2012,Summer,Banana,1,45,45
Uttar Pradesh,ALIGARH,2012,Summer,Maize,379,700,1.846965699
Uttar Pradesh,ALIGARH,2012,Summer,Moong(Green Gram),3283,2131,0.649101432
Uttar Pradesh,ALIGARH,2012,Summer,Onion,32,348,10.875
Uttar Pradesh,ALIGARH,2012,Summer,Sunflower,110,86,0.781818182
Uttar Pradesh,ALIGARH,2012,Summer,Urad,147,150,1.020408163
Uttar Pradesh,ALIGARH,2013,Kharif,Arhar/Tur,7568,12222,1.614957717
Uttar Pradesh,ALIGARH,2013,Kharif,Bajra,86298,269595,3.124000556
Uttar Pradesh,ALIGARH,2013,Kharif,Cotton(lint),640,124,0.19375
Uttar Pradesh,ALIGARH,2013,Kharif,Dry chillies,27,22,0.814814815
Uttar Pradesh,ALIGARH,2013,Kharif,Groundnut,70,63,0.9
Uttar Pradesh,ALIGARH,2013,Kharif,Guar seed,365,301,0.824657534
Uttar Pradesh,ALIGARH,2013,Kharif,Maize,11813,36774,3.113011089
Uttar Pradesh,ALIGARH,2013,Kharif,Moong(Green Gram),634,204,0.321766562
Uttar Pradesh,ALIGARH,2013,Kharif,Rice,87525,196144,2.241005427
Uttar Pradesh,ALIGARH,2013,Kharif,Sesamum,46,7,0.152173913
Uttar Pradesh,ALIGARH,2013,Kharif,Sugarcane,7301,444835,60.92795507
Uttar Pradesh,ALIGARH,2013,Kharif,Sweet potato,115,1520,13.2173913
Uttar Pradesh,ALIGARH,2013,Kharif,Urad,452,202,0.446902655
Uttar Pradesh,ALIGARH,2013,Rabi,Barley,6954,23416,3.367270636
Uttar Pradesh,ALIGARH,2013,Rabi,Coriander,30,16,0.533333333
Uttar Pradesh,ALIGARH,2013,Rabi,Garlic,209,1225,5.861244019
Uttar Pradesh,ALIGARH,2013,Rabi,Gram,22,9,0.409090909
Uttar Pradesh,ALIGARH,2013,Rabi,Linseed,16,6,0.375
Uttar Pradesh,ALIGARH,2013,Rabi,Maize,17,60,3.529411765
Uttar Pradesh,ALIGARH,2013,Rabi,Masoor,1223,2940,2.403924775
Uttar Pradesh,ALIGARH,2013,Rabi,Onion,31,631,20.35483871
Uttar Pradesh,ALIGARH,2013,Rabi,Peas & beans (Pulses),147,146,0.993197279
Uttar Pradesh,ALIGARH,2013,Rabi,Potato,23306,510331,21.89697932
Uttar Pradesh,ALIGARH,2013,Rabi,Rapeseed &Mustard,21632,31475,1.45502034
Uttar Pradesh,ALIGARH,2013,Rabi,Tobacco,9,62,6.888888889
Uttar Pradesh,ALIGARH,2013,Rabi,Turmeric,12,35,2.916666667
Uttar Pradesh,ALIGARH,2013,Rabi,Wheat,225289,811266,3.60100138
Uttar Pradesh,ALIGARH,2013,Summer,Banana,1,44,44
Uttar Pradesh,ALIGARH,2013,Summer,Maize,378,694,1.835978836
Uttar Pradesh,ALIGARH,2013,Summer,Moong(Green Gram),3270,1429,0.437003058
Uttar Pradesh,ALIGARH,2013,Summer,Onion,57,767,13.45614035
Uttar Pradesh,ALIGARH,2013,Summer,Sunflower,50,80,1.6
Uttar Pradesh,ALIGARH,2013,Summer,Urad,68,63,0.926470588
Uttar Pradesh,ALIGARH,2014,Kharif,Arhar/Tur,6645,4718,0.710007524
Uttar Pradesh,ALIGARH,2014,Kharif,Bajra,84037,175469,2.087996954
Uttar Pradesh,ALIGARH,2014,Kharif,Cotton(lint),1721,544,0.316095293
Uttar Pradesh,ALIGARH,2014,Kharif,Dry chillies,18,15,0.833333333
Uttar Pradesh,ALIGARH,2014,Kharif,Groundnut,11,10,0.909090909
Uttar Pradesh,ALIGARH,2014,Kharif,Guar seed,27,22,0.814814815
Uttar Pradesh,ALIGARH,2014,Kharif,Maize,14445,30956,2.143025268
Uttar Pradesh,ALIGARH,2014,Kharif,Moong(Green Gram),539,173,0.32096475
Uttar Pradesh,ALIGARH,2014,Kharif,Rice,90420,201998,2.233996903
Uttar Pradesh,ALIGARH,2014,Kharif,Sesamum,94,19,0.20212766
Uttar Pradesh,ALIGARH,2014,Kharif,Sugarcane,6478,387877,59.87604199
Uttar Pradesh,ALIGARH,2014,Kharif,Sweet potato,229,2836,12.38427948
Uttar Pradesh,ALIGARH,2014,Kharif,Urad,806,432,0.535980149
Uttar Pradesh,ALIGARH,2014,Rabi,Barley,7270,18170,2.499312242
Uttar Pradesh,ALIGARH,2014,Rabi,Coriander,42,20,0.476190476
Uttar Pradesh,ALIGARH,2014,Rabi,Garlic,329,1906,5.79331307
Uttar Pradesh,ALIGARH,2014,Rabi,Masoor,1558,986,0.632862644
Uttar Pradesh,ALIGARH,2014,Rabi,Onion,47,719,15.29787234
Uttar Pradesh,ALIGARH,2014,Rabi,Peas & beans (Pulses),127,165,1.299212598
Uttar Pradesh,ALIGARH,2014,Rabi,Potato,21683,562023,25.9199834
Uttar Pradesh,ALIGARH,2014,Rabi,Rapeseed &Mustard,19731,19680,0.997415235
Uttar Pradesh,ALIGARH,2014,Rabi,Turmeric,6,17,2.833333333
Uttar Pradesh,ALIGARH,2014,Rabi,Wheat,223267,546558,2.44800172
Uttar Pradesh,ALIGARH,2014,Summer,Banana,1,45,45
Uttar Pradesh,ALIGARH,2014,Summer,Maize,712,1266,1.778089888
Uttar Pradesh,ALIGARH,2014,Summer,Moong(Green Gram),4630,2264,0.488984881
Uttar Pradesh,ALIGARH,2014,Summer,Onion,82,1240,15.12195122
Uttar Pradesh,ALIGARH,2014,Summer,Sunflower,50,86,1.72
Uttar Pradesh,ALIGARH,2014,Summer,Urad,49,41,0.836734694
Uttar Pradesh,ALLAHABAD,1997,Kharif,Arhar/Tur,11575,31104,2.687170626
Uttar Pradesh,ALLAHABAD,1997,Kharif,Bajra,33276,28575,0.85872701
Uttar Pradesh,ALLAHABAD,1997,Kharif,Castor seed,4,2,0.5
Uttar Pradesh,ALLAHABAD,1997,Kharif,Jowar,12094,26137,2.161154291
Uttar Pradesh,ALLAHABAD,1997,Kharif,Maize,299,633,2.117056856
Uttar Pradesh,ALLAHABAD,1997,Kharif,Moong(Green Gram),58,19,0.327586207
Uttar Pradesh,ALLAHABAD,1997,Kharif,Oilseeds total,10092,3643,0.360978993
Uttar Pradesh,ALLAHABAD,1997,Kharif,Onion,410,4221,10.29512195
Uttar Pradesh,ALLAHABAD,1997,Kharif,Rice,142391,264382,1.856732518
Uttar Pradesh,ALLAHABAD,1997,Kharif,Sesamum,1114,363,0.325852783
Uttar Pradesh,ALLAHABAD,1997,Kharif,Small millets,592,414,0.699324324
Uttar Pradesh,ALLAHABAD,1997,Kharif,Soyabean,25,26,1.04
Uttar Pradesh,ALLAHABAD,1997,Kharif,Total foodgrain,445964,809704,1.815626373
Uttar Pradesh,ALLAHABAD,1997,Kharif,Urad,591,336,0.568527919
Uttar Pradesh,ALLAHABAD,1997,Rabi,Barley,7755,14923,1.924306899
Uttar Pradesh,ALLAHABAD,1997,Rabi,Gram,30231,32288,1.068042738
Uttar Pradesh,ALLAHABAD,1997,Rabi,Linseed,7464,2508,0.336012862
Uttar Pradesh,ALLAHABAD,1997,Rabi,Masoor,3319,2399,0.722808075
Uttar Pradesh,ALLAHABAD,1997,Rabi,Peas & beans (Pulses),6092,6054,0.993762311
Uttar Pradesh,ALLAHABAD,1997,Rabi,Rapeseed &Mustard,1453,701,0.482450103
Uttar Pradesh,ALLAHABAD,1997,Rabi,Sunflower,32,43,1.34375
Uttar Pradesh,ALLAHABAD,1997,Rabi,Wheat,190876,398756,2.089084013
Uttar Pradesh,ALLAHABAD,1997,Summer,Moong(Green Gram),3846,1996,0.518980759
Uttar Pradesh,ALLAHABAD,1997,Summer,Urad,2951,1670,0.565909861
Uttar Pradesh,ALLAHABAD,1997,Whole Year,Potato,12410,174956,14.0979855
Uttar Pradesh,ALLAHABAD,1997,Whole Year,Sugarcane,1455,79230,54.45360825
Uttar Pradesh,ALLAHABAD,1998,Kharif,Arhar/Tur,11906,31307,2.62951453
Uttar Pradesh,ALLAHABAD,1998,Kharif,Bajra,33750,31544,0.934637037
Uttar Pradesh,ALLAHABAD,1998,Kharif,Jowar,12612,10336,0.819536949
Uttar Pradesh,ALLAHABAD,1998,Kharif,Maize,298,412,1.382550336
Uttar Pradesh,ALLAHABAD,1998,Kharif,Moong(Green Gram),117,40,0.341880342
Uttar Pradesh,ALLAHABAD,1998,Kharif,Moth,2,1,0.5
Uttar Pradesh,ALLAHABAD,1998,Kharif,Ragi,4,5,1.25
Uttar Pradesh,ALLAHABAD,1998,Kharif,Rice,187453,334437,1.784111217
Uttar Pradesh,ALLAHABAD,1998,Kharif,Sesamum,1111,184,0.165616562
Uttar Pradesh,ALLAHABAD,1998,Kharif,Small millets,360,197,0.547222222
Uttar Pradesh,ALLAHABAD,1998,Kharif,Soyabean,24,10,0.416666667
Uttar Pradesh,ALLAHABAD,1998,Kharif,Urad,655,310,0.473282443
Uttar Pradesh,ALLAHABAD,1998,Rabi,Barley,9007,14376,1.596091929
Uttar Pradesh,ALLAHABAD,1998,Rabi,Castor seed,5,3,0.6
Uttar Pradesh,ALLAHABAD,1998,Rabi,Gram,35260,35662,1.011401021
Uttar Pradesh,ALLAHABAD,1998,Rabi,Linseed,7708,2667,0.346004152
Uttar Pradesh,ALLAHABAD,1998,Rabi,Masoor,4282,3421,0.798925736
Uttar Pradesh,ALLAHABAD,1998,Rabi,Peas & beans (Pulses),6109,6683,1.093959732
Uttar Pradesh,ALLAHABAD,1998,Rabi,Rapeseed &Mustard,1667,1292,0.775044991
Uttar Pradesh,ALLAHABAD,1998,Rabi,Sunflower,34,42,1.235294118
Uttar Pradesh,ALLAHABAD,1998,Rabi,Wheat,203402,391346,1.924002714
Uttar Pradesh,ALLAHABAD,1998,Summer,Moong(Green Gram),3936,1685,0.428099593
Uttar Pradesh,ALLAHABAD,1998,Summer,Urad,2751,824,0.299527445
Uttar Pradesh,ALLAHABAD,1998,Whole Year,Onion,369,4481,12.14363144
Uttar Pradesh,ALLAHABAD,1998,Whole Year,Potato,13093,342644,26.17001451
Uttar Pradesh,ALLAHABAD,1998,Whole Year,Sannhamp,263,96,0.365019011
Uttar Pradesh,ALLAHABAD,1998,Whole Year,Sugarcane,1437,64568,44.93249826
Uttar Pradesh,ALLAHABAD,1998,Whole Year,Tobacco,2,12,6
Uttar Pradesh,ALLAHABAD,1999,Kharif,Arhar/Tur,13791,22809,1.65390472
Uttar Pradesh,ALLAHABAD,1999,Kharif,Bajra,27470,41093,1.495922825
Uttar Pradesh,ALLAHABAD,1999,Kharif,Castor seed,49,31,0.632653061
Uttar Pradesh,ALLAHABAD,1999,Kharif,Jowar,9966,8451,0.847983143
Uttar Pradesh,ALLAHABAD,1999,Kharif,Maize,327,665,2.033639144
Uttar Pradesh,ALLAHABAD,1999,Kharif,Moong(Green Gram),111,52,0.468468468
Uttar Pradesh,ALLAHABAD,1999,Kharif,Rice,205329,431418,2.10110603
Uttar Pradesh,ALLAHABAD,1999,Kharif,Small millets,291,184,0.632302405
Uttar Pradesh,ALLAHABAD,1999,Kharif,Soyabean,24,19,0.791666667
Uttar Pradesh,ALLAHABAD,1999,Kharif,Sunflower,31,40,1.290322581
Uttar Pradesh,ALLAHABAD,1999,Kharif,Urad,601,256,0.425956739
Uttar Pradesh,ALLAHABAD,1999,Rabi,Barley,10207,19956,1.955128833
Uttar Pradesh,ALLAHABAD,1999,Rabi,Gram,37002,35511,0.959704881
Uttar Pradesh,ALLAHABAD,1999,Rabi,Linseed,7704,2866,0.372014538
Uttar Pradesh,ALLAHABAD,1999,Rabi,Rapeseed &Mustard,1915,1107,0.578067885
Uttar Pradesh,ALLAHABAD,1999,Rabi,Wheat,208548,488181,2.340856781
Uttar Pradesh,ALLAHABAD,1999,Summer,Moong(Green Gram),3726,2291,0.614868492
Uttar Pradesh,ALLAHABAD,1999,Summer,Urad,3079,1096,0.355959727
Uttar Pradesh,ALLAHABAD,1999,Whole Year,Moth,10,4,0.4
Uttar Pradesh,ALLAHABAD,1999,Whole Year,Onion,426,6107,14.33568075
Uttar Pradesh,ALLAHABAD,1999,Whole Year,Peas & beans (Pulses),6572,11258,1.713024954
Uttar Pradesh,ALLAHABAD,1999,Whole Year,Potato,13396,266460,19.89101224
Uttar Pradesh,ALLAHABAD,1999,Whole Year,Sugarcane,1456,88454,60.75137363
Uttar Pradesh,ALLAHABAD,1999,Whole Year,Tobacco,2,11,5.5
Uttar Pradesh,ALLAHABAD,1999,Whole Year,Turmeric,2,3,1.5
Uttar Pradesh,ALLAHABAD,2000,Kharif,Arhar/Tur,10235,35175,3.436736688
Uttar Pradesh,ALLAHABAD,2000,Kharif,Bajra,31635,18582,0.587387387
Uttar Pradesh,ALLAHABAD,2000,Kharif,Groundnut,5,4,0.8
Uttar Pradesh,ALLAHABAD,2000,Kharif,Jowar,10292,7671,0.745336183
Uttar Pradesh,ALLAHABAD,2000,Kharif,Maize,211,447,2.118483412
Uttar Pradesh,ALLAHABAD,2000,Kharif,Moong(Green Gram),70,21,0.3
Uttar Pradesh,ALLAHABAD,2000,Kharif,Rice,210540,385279,1.829956303
Uttar Pradesh,ALLAHABAD,2000,Kharif,Sesamum,976,277,0.283811475
Uttar Pradesh,ALLAHABAD,2000,Kharif,Small millets,310,209,0.674193548
Uttar Pradesh,ALLAHABAD,2000,Kharif,Soyabean,26,15,0.576923077
Uttar Pradesh,ALLAHABAD,2000,Kharif,Urad,1335,620,0.464419476
Uttar Pradesh,ALLAHABAD,2000,Rabi,Barley,10571,14908,1.410273389
Uttar Pradesh,ALLAHABAD,2000,Rabi,Gram,37154,33310,0.896538731
Uttar Pradesh,ALLAHABAD,2000,Rabi,Linseed,7735,2661,0.344020685
Uttar Pradesh,ALLAHABAD,2000,Rabi,Maize,8,13,1.625
Uttar Pradesh,ALLAHABAD,2000,Rabi,Masoor,4382,2003,0.457097216
Uttar Pradesh,ALLAHABAD,2000,Rabi,Moong(Green Gram),3999,1476,0.369092273
Uttar Pradesh,ALLAHABAD,2000,Rabi,Peas & beans (Pulses),6509,7147,1.098018129
Uttar Pradesh,ALLAHABAD,2000,Rabi,Rapeseed &Mustard,2175,1690,0.777011494
Uttar Pradesh,ALLAHABAD,2000,Rabi,Urad,2759,1018,0.368974266
Uttar Pradesh,ALLAHABAD,2000,Rabi,Wheat,211443,479894,2.269614033
Uttar Pradesh,ALLAHABAD,2000,Whole Year,Potato,12396,253771,20.4720071
Uttar Pradesh,ALLAHABAD,2000,Whole Year,Sugarcane,1164,53760,46.18556701
Uttar Pradesh,ALLAHABAD,2000,Whole Year,Turmeric,2,3,1.5
Uttar Pradesh,ALLAHABAD,2001,Kharif,Arhar/Tur,11380,23049,2.025395431
Uttar Pradesh,ALLAHABAD,2001,Kharif,Bajra,34497,31800,0.921819289
Uttar Pradesh,ALLAHABAD,2001,Kharif,Groundnut,2,2,1
Uttar Pradesh,ALLAHABAD,2001,Kharif,Jowar,10893,10821,0.993390251
Uttar Pradesh,ALLAHABAD,2001,Kharif,Maize,224,432,1.928571429
Uttar Pradesh,ALLAHABAD,2001,Kharif,Moong(Green Gram),34,9,0.264705882
Uttar Pradesh,ALLAHABAD,2001,Kharif,Rice,182098,364115,1.999555185
Uttar Pradesh,ALLAHABAD,2001,Kharif,Sesamum,681,177,0.259911894
Uttar Pradesh,ALLAHABAD,2001,Kharif,Small millets,238,167,0.701680672
Uttar Pradesh,ALLAHABAD,2001,Kharif,Soyabean,45,33,0.733333333
Uttar Pradesh,ALLAHABAD,2001,Kharif,Sunflower,1,2,2
Uttar Pradesh,ALLAHABAD,2001,Kharif,Urad,1086,480,0.44198895
Uttar Pradesh,ALLAHABAD,2001,Rabi,Barley,6557,10019,1.527985359
Uttar Pradesh,ALLAHABAD,2001,Rabi,Gram,21912,17676,0.806681271
Uttar Pradesh,ALLAHABAD,2001,Rabi,Linseed,2463,882,0.358099878
Uttar Pradesh,ALLAHABAD,2001,Rabi,Maize,3,5,1.666666667
Uttar Pradesh,ALLAHABAD,2001,Rabi,Masoor,6710,4469,0.666020864
Uttar Pradesh,ALLAHABAD,2001,Rabi,Moong(Green Gram),2969,1737,0.58504547
Uttar Pradesh,ALLAHABAD,2001,Rabi,Peas & beans (Pulses),5318,5535,1.040804814
Uttar Pradesh,ALLAHABAD,2001,Rabi,Rapeseed &Mustard,1185,1121,0.945991561
Uttar Pradesh,ALLAHABAD,2001,Rabi,Urad,2400,1249,0.520416667
Uttar Pradesh,ALLAHABAD,2001,Rabi,Wheat,210105,442760,2.107327289
Uttar Pradesh,ALLAHABAD,2001,Whole Year,Potato,11970,267877,22.37903091
Uttar Pradesh,ALLAHABAD,2001,Whole Year,Sugarcane,932,39158,42.01502146
Uttar Pradesh,ALLAHABAD,2001,Whole Year,Turmeric,2,4,2
Uttar Pradesh,ALLAHABAD,2002,Kharif,Bajra,33925,30208,0.890434783
Uttar Pradesh,ALLAHABAD,2002,Kharif,Jowar,9729,7545,0.775516497
Uttar Pradesh,ALLAHABAD,2002,Kharif,Maize,140,193,1.378571429
Uttar Pradesh,ALLAHABAD,2002,Kharif,Rice,165627,315023,1.902002693
Uttar Pradesh,ALLAHABAD,2002,Kharif,Sesamum,364,119,0.326923077
Uttar Pradesh,ALLAHABAD,2002,Kharif,Small millets,68,42,0.617647059
Uttar Pradesh,ALLAHABAD,2002,Kharif,Sunflower,1,2,2
Uttar Pradesh,ALLAHABAD,2002,Rabi,Barley,6095,7844,1.286956522
Uttar Pradesh,ALLAHABAD,2002,Rabi,Gram,22071,20063,0.909020887
Uttar Pradesh,ALLAHABAD,2002,Rabi,Wheat,212871,404442,1.8999394
Uttar Pradesh,ALLAHABAD,2002,Summer,Urad,929,383,0.412271259
Uttar Pradesh,ALLAHABAD,2002,Whole Year,Potato,13211,241880,18.30898494
Uttar Pradesh,ALLAHABAD,2002,Whole Year,Sugarcane,862,37422,43.41299304
Uttar Pradesh,ALLAHABAD,2003,Kharif,Arhar/Tur,10520,18542,1.762547529
Uttar Pradesh,ALLAHABAD,2003,Kharif,Bajra,31062,18895,0.60829953
Uttar Pradesh,ALLAHABAD,2003,Kharif,Groundnut,2,1,0.5
Uttar Pradesh,ALLAHABAD,2003,Kharif,Jowar,9502,6484,0.682382656
Uttar Pradesh,ALLAHABAD,2003,Kharif,Maize,139,159,1.143884892
Uttar Pradesh,ALLAHABAD,2003,Kharif,Moong(Green Gram),81,46,0.567901235
Uttar Pradesh,ALLAHABAD,2003,Kharif,Rice,175078,408380,2.332560345
Uttar Pradesh,ALLAHABAD,2003,Kharif,Sesamum,402,106,0.263681592
Uttar Pradesh,ALLAHABAD,2003,Kharif,Urad,742,332,0.447439353
Uttar Pradesh,ALLAHABAD,2003,Rabi,Barley,6129,8074,1.317343775
Uttar Pradesh,ALLAHABAD,2003,Rabi,Gram,19760,19581,0.990941296
Uttar Pradesh,ALLAHABAD,2003,Rabi,Linseed,2147,1087,0.506287844
Uttar Pradesh,ALLAHABAD,2003,Rabi,Maize,5,7,1.4
Uttar Pradesh,ALLAHABAD,2003,Rabi,Masoor,7558,7135,0.944032813
Uttar Pradesh,ALLAHABAD,2003,Rabi,Onion,281,4033,14.35231317
Uttar Pradesh,ALLAHABAD,2003,Rabi,Peas & beans (Pulses),5084,4377,0.860936271
Uttar Pradesh,ALLAHABAD,2003,Rabi,Rapeseed &Mustard,1265,794,0.627667984
Uttar Pradesh,ALLAHABAD,2003,Rabi,Wheat,217811,549516,2.522902884
Uttar Pradesh,ALLAHABAD,2003,Summer,Maize,3,4,1.333333333
Uttar Pradesh,ALLAHABAD,2003,Summer,Moong(Green Gram),3153,1318,0.418014589
Uttar Pradesh,ALLAHABAD,2003,Summer,Onion,72,710,9.861111111
Uttar Pradesh,ALLAHABAD,2003,Summer,Urad,2931,1202,0.410098942
Uttar Pradesh,ALLAHABAD,2003,Whole Year,Potato,11968,249676,20.86196524
Uttar Pradesh,ALLAHABAD,2003,Whole Year,Sannhamp,56,17,0.303571429
Uttar Pradesh,ALLAHABAD,2003,Whole Year,Sugarcane,868,38124,43.92165899
Uttar Pradesh,ALLAHABAD,2003,Whole Year,Tobacco,1,8,8
Uttar Pradesh,ALLAHABAD,2004,Kharif,Bajra,28913,27768,0.960398437
Uttar Pradesh,ALLAHABAD,2004,Kharif,Jowar,5712,7466,1.307072829
Uttar Pradesh,ALLAHABAD,2004,Kharif,Maize,152,129,0.848684211
Uttar Pradesh,ALLAHABAD,2004,Kharif,Rice,162912,291720,1.790659988
Uttar Pradesh,ALLAHABAD,2004,Kharif,Sannhamp,54,15,0.277777778
Uttar Pradesh,ALLAHABAD,2004,Kharif,Sesamum,545,136,0.249541284
Uttar Pradesh,ALLAHABAD,2004,Kharif,Small millets,80,28,0.35
Uttar Pradesh,ALLAHABAD,2004,Kharif,Sugarcane,745,40668,54.58791946
Uttar Pradesh,ALLAHABAD,2004,Rabi,Barley,5342,6529,1.222201423
Uttar Pradesh,ALLAHABAD,2004,Rabi,Gram,16039,12783,0.796994825
Uttar Pradesh,ALLAHABAD,2004,Rabi,Linseed,925,475,0.513513514
Uttar Pradesh,ALLAHABAD,2004,Rabi,Maize,3,14,4.666666667
Uttar Pradesh,ALLAHABAD,2004,Rabi,Potato,11925,199851,16.75899371
Uttar Pradesh,ALLAHABAD,2004,Rabi,Rapeseed &Mustard,1000,743,0.743
Uttar Pradesh,ALLAHABAD,2004,Rabi,Turmeric,1,2,2
Uttar Pradesh,ALLAHABAD,2004,Rabi,Wheat,204827,367569,1.794533924
Uttar Pradesh,ALLAHABAD,2004,Summer,Sunflower,1,2,2
Uttar Pradesh,ALLAHABAD,2004,Whole Year,Banana,7,255,36.42857143
Uttar Pradesh,ALLAHABAD,2004,Whole Year,Dry chillies,176,165,0.9375
Uttar Pradesh,ALLAHABAD,2004,Whole Year,Garlic,11,48,4.363636364
Uttar Pradesh,ALLAHABAD,2004,Whole Year,Guar seed,23,19,0.826086957
Uttar Pradesh,ALLAHABAD,2004,Whole Year,Onion,301,3202,10.63787375
Uttar Pradesh,ALLAHABAD,2004,Whole Year,Sweet potato,139,1616,11.62589928
Uttar Pradesh,ALLAHABAD,2004,Whole Year,Tobacco,1,5,5
Uttar Pradesh,ALLAHABAD,2005,Kharif,Bajra,26262,31190,1.187647552
Uttar Pradesh,ALLAHABAD,2005,Kharif,Jowar,5686,8669,1.524621878
Uttar Pradesh,ALLAHABAD,2005,Kharif,Maize,187,240,1.28342246
Uttar Pradesh,ALLAHABAD,2005,Kharif,Rice,187745,378494,2.016000426
Uttar Pradesh,ALLAHABAD,2005,Kharif,Sannhamp,72,25,0.347222222
Uttar Pradesh,ALLAHABAD,2005,Kharif,Sesamum,585,148,0.252991453
Uttar Pradesh,ALLAHABAD,2005,Kharif,Sugarcane,937,31833,33.9733191
Uttar Pradesh,ALLAHABAD,2005,Rabi,Barley,6796,7637,1.123749264
Uttar Pradesh,ALLAHABAD,2005,Rabi,Gram,24286,25104,1.033681957
Uttar Pradesh,ALLAHABAD,2005,Rabi,Linseed,2101,950,0.452165635
Uttar Pradesh,ALLAHABAD,2005,Rabi,Potato,10554,209064,19.80898238
Uttar Pradesh,ALLAHABAD,2005,Rabi,Rapeseed &Mustard,1321,1111,0.841029523
Uttar Pradesh,ALLAHABAD,2005,Rabi,Wheat,230058,454785,1.976827583
Uttar Pradesh,ALLAHABAD,2005,Whole Year,Banana,9,343,38.11111111
Uttar Pradesh,ALLAHABAD,2005,Whole Year,Coriander,20,11,0.55
Uttar Pradesh,ALLAHABAD,2005,Whole Year,Dry chillies,115,105,0.913043478
Uttar Pradesh,ALLAHABAD,2005,Whole Year,Garlic,7,31,4.428571429
Uttar Pradesh,ALLAHABAD,2005,Whole Year,Guar seed,36,29,0.805555556
Uttar Pradesh,ALLAHABAD,2005,Whole Year,Onion,191,2451,12.83246073
Uttar Pradesh,ALLAHABAD,2005,Whole Year,Sweet potato,60,785,13.08333333
Uttar Pradesh,ALLAHABAD,2006,Kharif,Arhar/Tur,16788,14146,0.842625685
Uttar Pradesh,ALLAHABAD,2006,Kharif,Bajra,28913,26470,0.915505136
Uttar Pradesh,ALLAHABAD,2006,Kharif,Jowar,4395,6313,1.436405006
Uttar Pradesh,ALLAHABAD,2006,Kharif,Maize,263,349,1.326996198
Uttar Pradesh,ALLAHABAD,2006,Kharif,Other Kharif pulses,7639,5340,0.699044378
Uttar Pradesh,ALLAHABAD,2006,Kharif,Rice,162136,342918,2.11500222
Uttar Pradesh,ALLAHABAD,2006,Kharif,Sannhamp,60,17,0.283333333
Uttar Pradesh,ALLAHABAD,2006,Kharif,Sesamum,479,77,0.160751566
Uttar Pradesh,ALLAHABAD,2006,Kharif,Small millets,84,50,0.595238095
Uttar Pradesh,ALLAHABAD,2006,Kharif,Sugarcane,788,35589,45.16370558
Uttar Pradesh,ALLAHABAD,2006,Kharif,Sweet potato,30,409,13.63333333
Uttar Pradesh,ALLAHABAD,2006,Rabi,Barley,5067,7529,1.485889086
Uttar Pradesh,ALLAHABAD,2006,Rabi,Garlic,47,207,4.404255319
Uttar Pradesh,ALLAHABAD,2006,Rabi,Gram,13137,12401,0.943975032
Uttar Pradesh,ALLAHABAD,2006,Rabi,Linseed,880,309,0.351136364
Uttar Pradesh,ALLAHABAD,2006,Rabi,Maize,3,9,3
Uttar Pradesh,ALLAHABAD,2006,Rabi,Masoor,5288,3564,0.67397882
Uttar Pradesh,ALLAHABAD,2006,Rabi,Onion,253,4853,19.18181818
Uttar Pradesh,ALLAHABAD,2006,Rabi,Other  Rabi pulses,4647,3908,0.840972671
Uttar Pradesh,ALLAHABAD,2006,Rabi,Potato,14021,287290,20.48997932
Uttar Pradesh,ALLAHABAD,2006,Rabi,Rapeseed &Mustard,683,428,0.626647145
Uttar Pradesh,ALLAHABAD,2006,Rabi,Tobacco,1,5,5
Uttar Pradesh,ALLAHABAD,2006,Rabi,Turmeric,1,4,4
Uttar Pradesh,ALLAHABAD,2006,Rabi,Wheat,208249,486357,2.335458994
Uttar Pradesh,ALLAHABAD,2006,Summer,Maize,2,3,1.5
Uttar Pradesh,ALLAHABAD,2006,Summer,Onion,79,920,11.64556962
Uttar Pradesh,ALLAHABAD,2006,Summer,Sunflower,41,62,1.512195122
Uttar Pradesh,ALLAHABAD,2006,Whole Year,Banana,10,388,38.8
Uttar Pradesh,ALLAHABAD,2006,Whole Year,Coriander,38,20,0.526315789
Uttar Pradesh,ALLAHABAD,2006,Whole Year,Dry chillies,135,128,0.948148148
Uttar Pradesh,ALLAHABAD,2006,Whole Year,Guar seed,35,29,0.828571429
Uttar Pradesh,ALLAHABAD,2007,Kharif,Arhar/Tur,16663,17395,1.043929665
Uttar Pradesh,ALLAHABAD,2007,Kharif,Bajra,27672,31793,1.148923099
Uttar Pradesh,ALLAHABAD,2007,Kharif,Dry chillies,255,246,0.964705882
Uttar Pradesh,ALLAHABAD,2007,Kharif,Guar seed,22,18,0.818181818
Uttar Pradesh,ALLAHABAD,2007,Kharif,Jowar,4329,5682,1.312543313
Uttar Pradesh,ALLAHABAD,2007,Kharif,Maize,189,271,1.433862434
Uttar Pradesh,ALLAHABAD,2007,Kharif,Moong(Green Gram),17,3,0.176470588
Uttar Pradesh,ALLAHABAD,2007,Kharif,Rice,165636,356449,2.15200198
Uttar Pradesh,ALLAHABAD,2007,Kharif,Sannhamp,44,9,0.204545455
Uttar Pradesh,ALLAHABAD,2007,Kharif,Sesamum,517,119,0.230174081
Uttar Pradesh,ALLAHABAD,2007,Kharif,Small millets,47,28,0.595744681
Uttar Pradesh,ALLAHABAD,2007,Kharif,Sugarcane,689,30729,44.59941945
Uttar Pradesh,ALLAHABAD,2007,Kharif,Sweet potato,54,727,13.46296296
Uttar Pradesh,ALLAHABAD,2007,Kharif,Urad,1188,632,0.531986532
Uttar Pradesh,ALLAHABAD,2007,Rabi,Barley,2966,2794,0.94200944
Uttar Pradesh,ALLAHABAD,2007,Rabi,Coriander,23,13,0.565217391
Uttar Pradesh,ALLAHABAD,2007,Rabi,Gram,14313,12753,0.891008174
Uttar Pradesh,ALLAHABAD,2007,Rabi,Linseed,1085,388,0.357603687
Uttar Pradesh,ALLAHABAD,2007,Rabi,Maize,2,6,3
Uttar Pradesh,ALLAHABAD,2007,Rabi,Masoor,6504,5307,0.81595941
Uttar Pradesh,ALLAHABAD,2007,Rabi,Onion,282,3941,13.9751773
Uttar Pradesh,ALLAHABAD,2007,Rabi,Other  Rabi pulses,4410,4489,1.017913832
Uttar Pradesh,ALLAHABAD,2007,Rabi,Potato,14018,270267,19.27999715
Uttar Pradesh,ALLAHABAD,2007,Rabi,Rapeseed &Mustard,775,628,0.810322581
Uttar Pradesh,ALLAHABAD,2007,Rabi,Wheat,223737,499761,2.233698494
Uttar Pradesh,ALLAHABAD,2007,Summer,Maize,2,3,1.5
Uttar Pradesh,ALLAHABAD,2007,Summer,Moong(Green Gram),3620,1636,0.451933702
Uttar Pradesh,ALLAHABAD,2007,Summer,Onion,120,1620,13.5
Uttar Pradesh,ALLAHABAD,2007,Summer,Urad,3023,1391,0.460138935
Uttar Pradesh,ALLAHABAD,2008,Kharif,Arhar/Tur,18388,22525,1.224983685
Uttar Pradesh,ALLAHABAD,2008,Kharif,Bajra,30254,31348,1.036160508
Uttar Pradesh,ALLAHABAD,2008,Kharif,Dry chillies,65,65,1
Uttar Pradesh,ALLAHABAD,2008,Kharif,Guar seed,26,22,0.846153846
Uttar Pradesh,ALLAHABAD,2008,Kharif,Jowar,5203,7248,1.393042475
Uttar Pradesh,ALLAHABAD,2008,Kharif,Maize,123,184,1.495934959
Uttar Pradesh,ALLAHABAD,2008,Kharif,Moong(Green Gram),35,13,0.371428571
Uttar Pradesh,ALLAHABAD,2008,Kharif,Rice,185494,453347,2.443998189
Uttar Pradesh,ALLAHABAD,2008,Kharif,Sannhamp,41,13,0.317073171
Uttar Pradesh,ALLAHABAD,2008,Kharif,Sesamum,501,57,0.113772455
Uttar Pradesh,ALLAHABAD,2008,Kharif,Small millets,10,6,0.6
Uttar Pradesh,ALLAHABAD,2008,Kharif,Sugarcane,741,40959,55.27530364
Uttar Pradesh,ALLAHABAD,2008,Kharif,Sweet potato,40,491,12.275
Uttar Pradesh,ALLAHABAD,2008,Kharif,Urad,754,388,0.514588859
Uttar Pradesh,ALLAHABAD,2008,Rabi,Barley,4808,4001,0.832154742
Uttar Pradesh,ALLAHABAD,2008,Rabi,Coriander,52,31,0.596153846
Uttar Pradesh,ALLAHABAD,2008,Rabi,Garlic,25,147,5.88
Uttar Pradesh,ALLAHABAD,2008,Rabi,Gram,14830,14181,0.956237357
Uttar Pradesh,ALLAHABAD,2008,Rabi,Linseed,811,247,0.304562269
Uttar Pradesh,ALLAHABAD,2008,Rabi,Masoor,8038,6406,0.796964419
Uttar Pradesh,ALLAHABAD,2008,Rabi,Onion,329,3857,11.72340426
Uttar Pradesh,ALLAHABAD,2008,Rabi,Peas & beans (Pulses),4364,3592,0.823098075
Uttar Pradesh,ALLAHABAD,2008,Rabi,Potato,11936,178765,14.97696046
Uttar Pradesh,ALLAHABAD,2008,Rabi,Rapeseed &Mustard,1049,939,0.895138227
Uttar Pradesh,ALLAHABAD,2008,Rabi,Wheat,221972,553542,2.493746959
Uttar Pradesh,ALLAHABAD,2008,Summer,Banana,9,343,38.11111111
Uttar Pradesh,ALLAHABAD,2008,Summer,Maize,1,2,2
Uttar Pradesh,ALLAHABAD,2008,Summer,Moong(Green Gram),3394,2773,0.817030053
Uttar Pradesh,ALLAHABAD,2008,Summer,Urad,2909,1905,0.654864215
Uttar Pradesh,ALLAHABAD,2009,Kharif,Arhar/Tur,15796,6508,0.412003039
Uttar Pradesh,ALLAHABAD,2009,Kharif,Bajra,27862,26116,0.937334003
Uttar Pradesh,ALLAHABAD,2009,Kharif,Dry chillies,72,64,0.888888889
Uttar Pradesh,ALLAHABAD,2009,Kharif,Guar seed,48,40,0.833333333
Uttar Pradesh,ALLAHABAD,2009,Kharif,Jowar,5210,7468,1.433397313
Uttar Pradesh,ALLAHABAD,2009,Kharif,Maize,100,146,1.46
Uttar Pradesh,ALLAHABAD,2009,Kharif,Moong(Green Gram),36,5,0.138888889
Uttar Pradesh,ALLAHABAD,2009,Kharif,Rice,105361,228633,2.169996488
Uttar Pradesh,ALLAHABAD,2009,Kharif,Sannhamp,36,6,0.166666667
Uttar Pradesh,ALLAHABAD,2009,Kharif,Sesamum,827,127,0.15356711
Uttar Pradesh,ALLAHABAD,2009,Kharif,Small millets,25,10,0.4
Uttar Pradesh,ALLAHABAD,2009,Kharif,Sugarcane,757,32964,43.54557464
Uttar Pradesh,ALLAHABAD,2009,Kharif,Sweet potato,72,979,13.59722222
Uttar Pradesh,ALLAHABAD,2009,Kharif,Urad,538,248,0.460966543
Uttar Pradesh,ALLAHABAD,2009,Rabi,Barley,4997,6705,1.341805083
Uttar Pradesh,ALLAHABAD,2009,Rabi,Coriander,68,39,0.573529412
Uttar Pradesh,ALLAHABAD,2009,Rabi,Garlic,51,271,5.31372549
Uttar Pradesh,ALLAHABAD,2009,Rabi,Gram,17249,9979,0.578526291
Uttar Pradesh,ALLAHABAD,2009,Rabi,Linseed,1065,360,0.338028169
Uttar Pradesh,ALLAHABAD,2009,Rabi,Masoor,12918,9779,0.757005728
Uttar Pradesh,ALLAHABAD,2009,Rabi,Onion,303,5671,18.71617162
Uttar Pradesh,ALLAHABAD,2009,Rabi,Peas & beans (Pulses),4543,3721,0.819062294
Uttar Pradesh,ALLAHABAD,2009,Rabi,Potato,12634,220830,17.47902485
Uttar Pradesh,ALLAHABAD,2009,Rabi,Rapeseed &Mustard,1084,998,0.920664207
Uttar Pradesh,ALLAHABAD,2009,Rabi,Wheat,208376,445788,2.139344262
Uttar Pradesh,ALLAHABAD,2009,Summer,Banana,14,576,41.14285714
Uttar Pradesh,ALLAHABAD,2009,Summer,Maize,7,10,1.428571429
Uttar Pradesh,ALLAHABAD,2009,Summer,Moong(Green Gram),3562,2066,0.58001123
Uttar Pradesh,ALLAHABAD,2009,Summer,Onion,59,820,13.89830508
Uttar Pradesh,ALLAHABAD,2009,Summer,Urad,2862,1617,0.564989518
Uttar Pradesh,ALLAHABAD,2010,Kharif,Arhar/Tur,15654,13628,0.870576211
Uttar Pradesh,ALLAHABAD,2010,Kharif,Bajra,24615,24873,1.010481414
Uttar Pradesh,ALLAHABAD,2010,Kharif,Dry chillies,106,93,0.877358491
Uttar Pradesh,ALLAHABAD,2010,Kharif,Guar seed,33,28,0.848484848
Uttar Pradesh,ALLAHABAD,2010,Kharif,Jowar,5486,6681,1.217827197
Uttar Pradesh,ALLAHABAD,2010,Kharif,Maize,128,225,1.7578125
Uttar Pradesh,ALLAHABAD,2010,Kharif,Moong(Green Gram),24,11,0.458333333
Uttar Pradesh,ALLAHABAD,2010,Kharif,Rice,141316,328560,2.325002123
Uttar Pradesh,ALLAHABAD,2010,Kharif,Sannhamp,77,25,0.324675325
Uttar Pradesh,ALLAHABAD,2010,Kharif,Sesamum,704,143,0.203125
Uttar Pradesh,ALLAHABAD,2010,Kharif,Small millets,32,27,0.84375
Uttar Pradesh,ALLAHABAD,2010,Kharif,Sugarcane,608,35471,58.34046053
Uttar Pradesh,ALLAHABAD,2010,Kharif,Sweet potato,51,628,12.31372549
Uttar Pradesh,ALLAHABAD,2010,Kharif,Urad,664,421,0.634036145
Uttar Pradesh,ALLAHABAD,2010,Rabi,Barley,4794,8814,1.838548185
Uttar Pradesh,ALLAHABAD,2010,Rabi,Gram,14083,14950,1.061563587
Uttar Pradesh,ALLAHABAD,2010,Rabi,Linseed,864,498,0.576388889
Uttar Pradesh,ALLAHABAD,2010,Rabi,Maize,53,159,3
Uttar Pradesh,ALLAHABAD,2010,Rabi,Masoor,10188,2792,0.274047899
Uttar Pradesh,ALLAHABAD,2010,Rabi,Onion,208,3829,18.40865385
Uttar Pradesh,ALLAHABAD,2010,Rabi,Peas & beans (Pulses),4262,3844,0.901923979
Uttar Pradesh,ALLAHABAD,2010,Rabi,Potato,10940,216514,19.79104205
Uttar Pradesh,ALLAHABAD,2010,Rabi,Rapeseed &Mustard,1107,1045,0.943992773
Uttar Pradesh,ALLAHABAD,2010,Rabi,Wheat,210574,519125,2.465285363
Uttar Pradesh,ALLAHABAD,2010,Summer,Moong(Green Gram),3671,3836,1.044946881
Uttar Pradesh,ALLAHABAD,2010,Summer,Urad,4781,4451,0.930976783
Uttar Pradesh,ALLAHABAD,2011,Kharif,Arhar/Tur,15891,17100,1.0760808
Uttar Pradesh,ALLAHABAD,2011,Kharif,Bajra,26651,25310,0.949682939
Uttar Pradesh,ALLAHABAD,2011,Kharif,Dry chillies,127,105,0.826771654
Uttar Pradesh,ALLAHABAD,2011,Kharif,Guar seed,8,7,0.875
Uttar Pradesh,ALLAHABAD,2011,Kharif,Jowar,5371,6889,1.282628933
Uttar Pradesh,ALLAHABAD,2011,Kharif,Maize,158,158,1
Uttar Pradesh,ALLAHABAD,2011,Kharif,Moong(Green Gram),23,10,0.434782609
Uttar Pradesh,ALLAHABAD,2011,Kharif,Rice,155232,397083,2.557997062
Uttar Pradesh,ALLAHABAD,2011,Kharif,Sannhamp,42,12,0.285714286
Uttar Pradesh,ALLAHABAD,2011,Kharif,Sesamum,991,246,0.248234107
Uttar Pradesh,ALLAHABAD,2011,Kharif,Sugarcane,762,42577,55.87532808
Uttar Pradesh,ALLAHABAD,2011,Kharif,Sweet potato,49,636,12.97959184
Uttar Pradesh,ALLAHABAD,2011,Kharif,Urad,678,424,0.625368732
Uttar Pradesh,ALLAHABAD,2011,Rabi,Barley,4814,8964,1.862068966
Uttar Pradesh,ALLAHABAD,2011,Rabi,Coriander,21,12,0.571428571
Uttar Pradesh,ALLAHABAD,2011,Rabi,Garlic,10,52,5.2
Uttar Pradesh,ALLAHABAD,2011,Rabi,Gram,13504,14812,1.09686019
Uttar Pradesh,ALLAHABAD,2011,Rabi,Linseed,918,406,0.442265795
Uttar Pradesh,ALLAHABAD,2011,Rabi,Maize,25,60,2.4
Uttar Pradesh,ALLAHABAD,2011,Rabi,Masoor,9048,7646,0.84504863
Uttar Pradesh,ALLAHABAD,2011,Rabi,Onion,393,8990,22.87531807
Uttar Pradesh,ALLAHABAD,2011,Rabi,Peas & beans (Pulses),4000,4500,1.125
Uttar Pradesh,ALLAHABAD,2011,Rabi,Potato,13186,233933,17.7410132
Uttar Pradesh,ALLAHABAD,2011,Rabi,Rapeseed &Mustard,1039,974,0.937439846
Uttar Pradesh,ALLAHABAD,2011,Rabi,Wheat,216174,571545,2.643911849
Uttar Pradesh,ALLAHABAD,2011,Summer,Banana,2,87,43.5
Uttar Pradesh,ALLAHABAD,2011,Summer,Moong(Green Gram),3579,3720,1.039396479
Uttar Pradesh,ALLAHABAD,2011,Summer,Onion,71,769,10.83098592
Uttar Pradesh,ALLAHABAD,2011,Summer,Urad,2700,2599,0.962592593
Uttar Pradesh,ALLAHABAD,2012,Kharif,Arhar/Tur,15086,17585,1.165650272
Uttar Pradesh,ALLAHABAD,2012,Kharif,Bajra,28879,26474,0.916721493
Uttar Pradesh,ALLAHABAD,2012,Kharif,Dry chillies,119,96,0.806722689
Uttar Pradesh,ALLAHABAD,2012,Kharif,Guar seed,27,22,0.814814815
Uttar Pradesh,ALLAHABAD,2012,Kharif,Jowar,5342,8073,1.511231748
Uttar Pradesh,ALLAHABAD,2012,Kharif,Maize,160,182,1.1375
Uttar Pradesh,ALLAHABAD,2012,Kharif,Moong(Green Gram),6,3,0.5
Uttar Pradesh,ALLAHABAD,2012,Kharif,Rice,148937,427300,2.868998301
Uttar Pradesh,ALLAHABAD,2012,Kharif,Sannhamp,25,9,0.36
Uttar Pradesh,ALLAHABAD,2012,Kharif,Sesamum,693,137,0.197691198
Uttar Pradesh,ALLAHABAD,2012,Kharif,Sugarcane,1019,62298,61.13640824
Uttar Pradesh,ALLAHABAD,2012,Kharif,Sweet potato,49,634,12.93877551
Uttar Pradesh,ALLAHABAD,2012,Kharif,Urad,604,424,0.701986755
Uttar Pradesh,ALLAHABAD,2012,Rabi,Barley,4950,13642,2.755959596
Uttar Pradesh,ALLAHABAD,2012,Rabi,Coriander,17,9,0.529411765
Uttar Pradesh,ALLAHABAD,2012,Rabi,Garlic,10,52,5.2
Uttar Pradesh,ALLAHABAD,2012,Rabi,Gram,15580,13011,0.835109114
Uttar Pradesh,ALLAHABAD,2012,Rabi,Linseed,1061,638,0.60131951
Uttar Pradesh,ALLAHABAD,2012,Rabi,Maize,10,31,3.1
Uttar Pradesh,ALLAHABAD,2012,Rabi,Masoor,7053,5861,0.830993903
Uttar Pradesh,ALLAHABAD,2012,Rabi,Onion,351,8074,23.002849
Uttar Pradesh,ALLAHABAD,2012,Rabi,Peas & beans (Pulses),4173,4832,1.157919962
Uttar Pradesh,ALLAHABAD,2012,Rabi,Potato,13438,197552,14.70099717
Uttar Pradesh,ALLAHABAD,2012,Rabi,Rapeseed &Mustard,1169,1177,1.006843456
Uttar Pradesh,ALLAHABAD,2012,Rabi,Wheat,220342,549112,2.49208957
Uttar Pradesh,ALLAHABAD,2012,Summer,Moong(Green Gram),3448,3365,0.975928074
Uttar Pradesh,ALLAHABAD,2012,Summer,Onion,76,827,10.88157895
Uttar Pradesh,ALLAHABAD,2012,Summer,Urad,2904,2959,1.018939394
Uttar Pradesh,ALLAHABAD,2013,Kharif,Arhar/Tur,15571,10937,0.702395479
Uttar Pradesh,ALLAHABAD,2013,Kharif,Bajra,27065,19786,0.731054868
Uttar Pradesh,ALLAHABAD,2013,Kharif,Dry chillies,122,99,0.81147541
Uttar Pradesh,ALLAHABAD,2013,Kharif,Guar seed,90,74,0.822222222
Uttar Pradesh,ALLAHABAD,2013,Kharif,Jowar,5102,5317,1.042140337
Uttar Pradesh,ALLAHABAD,2013,Kharif,Maize,448,484,1.080357143
Uttar Pradesh,ALLAHABAD,2013,Kharif,Moong(Green Gram),3,1,0.333333333
Uttar Pradesh,ALLAHABAD,2013,Kharif,Rice,159525,420986,2.638997022
Uttar Pradesh,ALLAHABAD,2013,Kharif,Sannhamp,32,9,0.28125
Uttar Pradesh,ALLAHABAD,2013,Kharif,Sesamum,453,78,0.17218543
Uttar Pradesh,ALLAHABAD,2013,Kharif,Sugarcane,763,52058,68.22804718
Uttar Pradesh,ALLAHABAD,2013,Kharif,Sweet potato,56,740,13.21428571
Uttar Pradesh,ALLAHABAD,2013,Kharif,Urad,805,497,0.617391304
Uttar Pradesh,ALLAHABAD,2013,Rabi,Barley,4634,15525,3.350237376
Uttar Pradesh,ALLAHABAD,2013,Rabi,Coriander,15,8,0.533333333
Uttar Pradesh,ALLAHABAD,2013,Rabi,Garlic,18,105,5.833333333
Uttar Pradesh,ALLAHABAD,2013,Rabi,Gram,15115,11383,0.753092954
Uttar Pradesh,ALLAHABAD,2013,Rabi,Linseed,869,302,0.347525892
Uttar Pradesh,ALLAHABAD,2013,Rabi,Maize,41,146,3.56097561
Uttar Pradesh,ALLAHABAD,2013,Rabi,Masoor,9574,4806,0.501984541
Uttar Pradesh,ALLAHABAD,2013,Rabi,Onion,351,7139,20.33903134
Uttar Pradesh,ALLAHABAD,2013,Rabi,Peas & beans (Pulses),4270,4526,1.059953162
Uttar Pradesh,ALLAHABAD,2013,Rabi,Potato,13424,168458,12.54901669
Uttar Pradesh,ALLAHABAD,2013,Rabi,Rapeseed &Mustard,1239,1008,0.813559322
Uttar Pradesh,ALLAHABAD,2013,Rabi,Wheat,214421,522361,2.436146646
Uttar Pradesh,ALLAHABAD,2013,Summer,Banana,6,261,43.5
Uttar Pradesh,ALLAHABAD,2013,Summer,Moong(Green Gram),1050,587,0.559047619
Uttar Pradesh,ALLAHABAD,2013,Summer,Onion,106,1426,13.45283019
Uttar Pradesh,ALLAHABAD,2013,Summer,Urad,2997,1743,0.581581582
Uttar Pradesh,ALLAHABAD,2014,Kharif,Arhar/Tur,15261,8508,0.557499509
Uttar Pradesh,ALLAHABAD,2014,Kharif,Bajra,25672,17773,0.692310689
Uttar Pradesh,ALLAHABAD,2014,Kharif,Dry chillies,133,110,0.827067669
Uttar Pradesh,ALLAHABAD,2014,Kharif,Guar seed,2,2,1
Uttar Pradesh,ALLAHABAD,2014,Kharif,Jowar,4406,3435,0.779618702
Uttar Pradesh,ALLAHABAD,2014,Kharif,Maize,165,293,1.775757576
Uttar Pradesh,ALLAHABAD,2014,Kharif,Rice,149419,313780,2.100000669
Uttar Pradesh,ALLAHABAD,2014,Kharif,Sannhamp,26,10,0.384615385
Uttar Pradesh,ALLAHABAD,2014,Kharif,Sesamum,721,109,0.151178918
Uttar Pradesh,ALLAHABAD,2014,Kharif,Sugarcane,700,46046,65.78
Uttar Pradesh,ALLAHABAD,2014,Kharif,Sweet potato,93,1152,12.38709677
Uttar Pradesh,ALLAHABAD,2014,Kharif,Urad,1747,814,0.465941614
Uttar Pradesh,ALLAHABAD,2014,Rabi,Barley,5735,7734,1.348561465
Uttar Pradesh,ALLAHABAD,2014,Rabi,Coriander,12,6,0.5
Uttar Pradesh,ALLAHABAD,2014,Rabi,Garlic,22,128,5.818181818
Uttar Pradesh,ALLAHABAD,2014,Rabi,Gram,20430,5329,0.260841899
Uttar Pradesh,ALLAHABAD,2014,Rabi,Linseed,1223,708,0.578904334
Uttar Pradesh,ALLAHABAD,2014,Rabi,Maize,54,129,2.388888889
Uttar Pradesh,ALLAHABAD,2014,Rabi,Masoor,10988,4417,0.401983983
Uttar Pradesh,ALLAHABAD,2014,Rabi,Onion,324,4957,15.29938272
Uttar Pradesh,ALLAHABAD,2014,Rabi,Peas & beans (Pulses),4439,2934,0.660959676
Uttar Pradesh,ALLAHABAD,2014,Rabi,Potato,13521,201612,14.91102729
Uttar Pradesh,ALLAHABAD,2014,Rabi,Rapeseed &Mustard,1329,547,0.41158766
Uttar Pradesh,ALLAHABAD,2014,Rabi,Wheat,213258,290829,1.363742509
Uttar Pradesh,ALLAHABAD,2014,Summer,Banana,5,226,45.2
Uttar Pradesh,ALLAHABAD,2014,Summer,Moong(Green Gram),3488,1427,0.409116972
Uttar Pradesh,ALLAHABAD,2014,Summer,Onion,101,1527,15.11881188
Uttar Pradesh,ALLAHABAD,2014,Summer,Urad,2725,605,0.222018349
Uttar Pradesh,AMBEDKAR NAGAR,1997,Kharif,Arhar/Tur,4543,6978,1.535989434
Uttar Pradesh,AMBEDKAR NAGAR,1997,Kharif,Bajra,142,147,1.035211268
Uttar Pradesh,AMBEDKAR NAGAR,1997,Kharif,Groundnut,41,33,0.804878049
Uttar Pradesh,AMBEDKAR NAGAR,1997,Kharif,Jowar,1851,1192,0.643976229
Uttar Pradesh,AMBEDKAR NAGAR,1997,Kharif,Maize,601,543,0.903494176
Uttar Pradesh,AMBEDKAR NAGAR,1997,Kharif,Moong(Green Gram),5,1,0.2
Uttar Pradesh,AMBEDKAR NAGAR,1997,Kharif,Rice,110693,270417,2.442945805
Uttar Pradesh,AMBEDKAR NAGAR,1997,Kharif,Sesamum,24,4,0.166666667
Uttar Pradesh,AMBEDKAR NAGAR,1997,Kharif,Small millets,5,3,0.6
Uttar Pradesh,AMBEDKAR NAGAR,1997,Kharif,Urad,169,71,0.420118343
Uttar Pradesh,AMBEDKAR NAGAR,1997,Rabi,Barley,874,1660,1.899313501
Uttar Pradesh,AMBEDKAR NAGAR,1997,Rabi,Gram,2700,1888,0.699259259
Uttar Pradesh,AMBEDKAR NAGAR,1997,Rabi,Linseed,7,3,0.428571429
Uttar Pradesh,AMBEDKAR NAGAR,1997,Rabi,Masoor,114,74,0.649122807
Uttar Pradesh,AMBEDKAR NAGAR,1997,Rabi,Peas & beans (Pulses),5232,6102,1.166284404
Uttar Pradesh,AMBEDKAR NAGAR,1997,Rabi,Rapeseed &Mustard,2616,1352,0.516819572
Uttar Pradesh,AMBEDKAR NAGAR,1997,Rabi,Sunflower,287,388,1.351916376
Uttar Pradesh,AMBEDKAR NAGAR,1997,Rabi,Wheat,108236,322887,2.983175653
Uttar Pradesh,AMBEDKAR NAGAR,1997,Summer,Maize,89,141,1.584269663
Uttar Pradesh,AMBEDKAR NAGAR,1997,Summer,Moong(Green Gram),1203,645,0.536159601
Uttar Pradesh,AMBEDKAR NAGAR,1997,Summer,Urad,3186,1149,0.360640301
Uttar Pradesh,AMBEDKAR NAGAR,1997,Whole Year,Potato,4772,50533,10.5894803
Uttar Pradesh,AMBEDKAR NAGAR,1997,Whole Year,Sugarcane,10257,522584,50.94901043
Uttar Pradesh,AMBEDKAR NAGAR,1998,Kharif,Arhar/Tur,2806,2582,0.920171062
Uttar Pradesh,AMBEDKAR NAGAR,1998,Kharif,Bajra,28,35,1.25
Uttar Pradesh,AMBEDKAR NAGAR,1998,Kharif,Groundnut,32,27,0.84375
Uttar Pradesh,AMBEDKAR NAGAR,1998,Kharif,Jowar,1502,354,0.235685752
Uttar Pradesh,AMBEDKAR NAGAR,1998,Kharif,Maize,490,341,0.695918367
Uttar Pradesh,AMBEDKAR NAGAR,1998,Kharif,Moong(Green Gram),4,1,0.25
Uttar Pradesh,AMBEDKAR NAGAR,1998,Kharif,Rice,110093,256380,2.328758413
Uttar Pradesh,AMBEDKAR NAGAR,1998,Kharif,Sesamum,14,2,0.142857143
Uttar Pradesh,AMBEDKAR NAGAR,1998,Kharif,Small millets,1,1,1
Uttar Pradesh,AMBEDKAR NAGAR,1998,Kharif,Urad,170,60,0.352941176
Uttar Pradesh,AMBEDKAR NAGAR,1998,Rabi,Barley,980,2207,2.252040816
Uttar Pradesh,AMBEDKAR NAGAR,1998,Rabi,Gram,2150,1660,0.772093023
Uttar Pradesh,AMBEDKAR NAGAR,1998,Rabi,Linseed,2,1,0.5
Uttar Pradesh,AMBEDKAR NAGAR,1998,Rabi,Masoor,168,171,1.017857143
Uttar Pradesh,AMBEDKAR NAGAR,1998,Rabi,Peas & beans (Pulses),5591,5038,0.901091039
Uttar Pradesh,AMBEDKAR NAGAR,1998,Rabi,Rapeseed &Mustard,2414,1573,0.651615576
Uttar Pradesh,AMBEDKAR NAGAR,1998,Rabi,Sunflower,129,133,1.031007752
Uttar Pradesh,AMBEDKAR NAGAR,1998,Rabi,Wheat,112662,318477,2.826836023
Uttar Pradesh,AMBEDKAR NAGAR,1998,Summer,Maize,101,102,1.00990099
Uttar Pradesh,AMBEDKAR NAGAR,1998,Summer,Moong(Green Gram),479,350,0.730688935
Uttar Pradesh,AMBEDKAR NAGAR,1998,Summer,Urad,3640,1713,0.470604396
Uttar Pradesh,AMBEDKAR NAGAR,1998,Whole Year,Onion,179,2162,12.07821229
Uttar Pradesh,AMBEDKAR NAGAR,1998,Whole Year,Potato,5049,99463,19.69954446
Uttar Pradesh,AMBEDKAR NAGAR,1998,Whole Year,Sannhamp,36,13,0.361111111
Uttar Pradesh,AMBEDKAR NAGAR,1998,Whole Year,Sugarcane,10644,482312,45.31304021
Uttar Pradesh,AMBEDKAR NAGAR,1998,Whole Year,Tobacco,201,1276,6.348258706
Uttar Pradesh,AMBEDKAR NAGAR,1999,Kharif,Arhar/Tur,2854,3818,1.337771549
Uttar Pradesh,AMBEDKAR NAGAR,1999,Kharif,Bajra,34,52,1.529411765
Uttar Pradesh,AMBEDKAR NAGAR,1999,Kharif,Groundnut,32,37,1.15625
Uttar Pradesh,AMBEDKAR NAGAR,1999,Kharif,Jowar,1460,792,0.542465753
Uttar Pradesh,AMBEDKAR NAGAR,1999,Kharif,Maize,480,445,0.927083333
Uttar Pradesh,AMBEDKAR NAGAR,1999,Kharif,Moong(Green Gram),2,1,0.5
Uttar Pradesh,AMBEDKAR NAGAR,1999,Kharif,Rice,111467,317373,2.847237299
Uttar Pradesh,AMBEDKAR NAGAR,1999,Kharif,Small millets,1,1,1
Uttar Pradesh,AMBEDKAR NAGAR,1999,Kharif,Sunflower,111,144,1.297297297
Uttar Pradesh,AMBEDKAR NAGAR,1999,Kharif,Urad,147,60,0.408163265
Uttar Pradesh,AMBEDKAR NAGAR,1999,Rabi,Barley,990,2319,2.342424242
Uttar Pradesh,AMBEDKAR NAGAR,1999,Rabi,Gram,1906,1664,0.873032529
Uttar Pradesh,AMBEDKAR NAGAR,1999,Rabi,Maize,96,139,1.447916667
Uttar Pradesh,AMBEDKAR NAGAR,1999,Rabi,Rapeseed &Mustard,2600,1585,0.609615385
Uttar Pradesh,AMBEDKAR NAGAR,1999,Rabi,Wheat,113982,315865,2.771183169
Uttar Pradesh,AMBEDKAR NAGAR,1999,Summer,Moong(Green Gram),559,513,0.917710197
Uttar Pradesh,AMBEDKAR NAGAR,1999,Summer,Urad,3644,1787,0.49039517
Uttar Pradesh,AMBEDKAR NAGAR,1999,Whole Year,Onion,146,2093,14.33561644
Uttar Pradesh,AMBEDKAR NAGAR,1999,Whole Year,Peas & beans (Pulses),5579,5204,0.932783653
Uttar Pradesh,AMBEDKAR NAGAR,1999,Whole Year,Potato,4893,72695,14.85693848
Uttar Pradesh,AMBEDKAR NAGAR,1999,Whole Year,Sugarcane,10672,526308,49.31671664
Uttar Pradesh,AMBEDKAR NAGAR,1999,Whole Year,Tobacco,146,1013,6.938356164
Uttar Pradesh,AMBEDKAR NAGAR,2000,Kharif,Arhar/Tur,3427,2890,0.843303181
Uttar Pradesh,AMBEDKAR NAGAR,2000,Kharif,Bajra,76,118,1.552631579
Uttar Pradesh,AMBEDKAR NAGAR,2000,Kharif,Groundnut,29,24,0.827586207
Uttar Pradesh,AMBEDKAR NAGAR,2000,Kharif,Jowar,1439,1097,0.762334955
Uttar Pradesh,AMBEDKAR NAGAR,2000,Kharif,Maize,484,678,1.400826446
Uttar Pradesh,AMBEDKAR NAGAR,2000,Kharif,Moong(Green Gram),2,1,0.5
Uttar Pradesh,AMBEDKAR NAGAR,2000,Kharif,Rice,116502,288186,2.473657105
Uttar Pradesh,AMBEDKAR NAGAR,2000,Kharif,Sesamum,16,3,0.1875
Uttar Pradesh,AMBEDKAR NAGAR,2000,Kharif,Small millets,3,2,0.666666667
Uttar Pradesh,AMBEDKAR NAGAR,2000,Kharif,Urad,157,69,0.439490446
Uttar Pradesh,AMBEDKAR NAGAR,2000,Rabi,Barley,993,2128,2.143001007
Uttar Pradesh,AMBEDKAR NAGAR,2000,Rabi,Gram,1772,2087,1.177765237
Uttar Pradesh,AMBEDKAR NAGAR,2000,Rabi,Linseed,1,0.1,0.1
Uttar Pradesh,AMBEDKAR NAGAR,2000,Rabi,Maize,126,204,1.619047619
Uttar Pradesh,AMBEDKAR NAGAR,2000,Rabi,Masoor,203,180,0.886699507
Uttar Pradesh,AMBEDKAR NAGAR,2000,Rabi,Moong(Green Gram),459,290,0.631808279
Uttar Pradesh,AMBEDKAR NAGAR,2000,Rabi,Peas & beans (Pulses),5568,5627,1.010596264
Uttar Pradesh,AMBEDKAR NAGAR,2000,Rabi,Rapeseed &Mustard,2649,1765,0.666289166
Uttar Pradesh,AMBEDKAR NAGAR,2000,Rabi,Urad,3859,1733,0.449080073
Uttar Pradesh,AMBEDKAR NAGAR,2000,Rabi,Wheat,114379,305979,2.675132673
Uttar Pradesh,AMBEDKAR NAGAR,2000,Whole Year,Potato,4685,76266,16.27876201
Uttar Pradesh,AMBEDKAR NAGAR,2000,Whole Year,Sugarcane,9556,513093,53.69328171
Uttar Pradesh,AMBEDKAR NAGAR,2000,Whole Year,Turmeric,6,11,1.833333333
Uttar Pradesh,AMBEDKAR NAGAR,2001,Kharif,Arhar/Tur,3424,3214,0.938668224
Uttar Pradesh,AMBEDKAR NAGAR,2001,Kharif,Bajra,478,601,1.257322176
Uttar Pradesh,AMBEDKAR NAGAR,2001,Kharif,Groundnut,24,20,0.833333333
Uttar Pradesh,AMBEDKAR NAGAR,2001,Kharif,Jowar,1094,969,0.885740402
Uttar Pradesh,AMBEDKAR NAGAR,2001,Kharif,Maize,450,714,1.586666667
Uttar Pradesh,AMBEDKAR NAGAR,2001,Kharif,Moong(Green Gram),1,0.1,0.1
Uttar Pradesh,AMBEDKAR NAGAR,2001,Kharif,Rice,122588,296503,2.418695141
Uttar Pradesh,AMBEDKAR NAGAR,2001,Kharif,Sesamum,14,3,0.214285714
Uttar Pradesh,AMBEDKAR NAGAR,2001,Kharif,Small millets,2,1,0.5
Uttar Pradesh,AMBEDKAR NAGAR,2001,Kharif,Sunflower,8,9,1.125
Uttar Pradesh,AMBEDKAR NAGAR,2001,Kharif,Urad,154,63,0.409090909
Uttar Pradesh,AMBEDKAR NAGAR,2001,Rabi,Barley,874,2077,2.376430206
Uttar Pradesh,AMBEDKAR NAGAR,2001,Rabi,Gram,1526,1872,1.226736566
Uttar Pradesh,AMBEDKAR NAGAR,2001,Rabi,Linseed,1,0.1,0.1
Uttar Pradesh,AMBEDKAR NAGAR,2001,Rabi,Maize,208,339,1.629807692
Uttar Pradesh,AMBEDKAR NAGAR,2001,Rabi,Masoor,213,240,1.126760563
Uttar Pradesh,AMBEDKAR NAGAR,2001,Rabi,Peas & beans (Pulses),5483,3986,0.726974284
Uttar Pradesh,AMBEDKAR NAGAR,2001,Rabi,Rapeseed &Mustard,2725,2369,0.869357798
Uttar Pradesh,AMBEDKAR NAGAR,2001,Rabi,Urad,3196,1771,0.554130163
Uttar Pradesh,AMBEDKAR NAGAR,2001,Rabi,Wheat,116838,280746,2.402865506
Uttar Pradesh,AMBEDKAR NAGAR,2001,Whole Year,Potato,4168,72873,17.48392514
Uttar Pradesh,AMBEDKAR NAGAR,2001,Whole Year,Sugarcane,9072,514981,56.76598325
Uttar Pradesh,AMBEDKAR NAGAR,2001,Whole Year,Tobacco,354,2248,6.350282486
Uttar Pradesh,AMBEDKAR NAGAR,2002,Kharif,Bajra,40,55,1.375
Uttar Pradesh,AMBEDKAR NAGAR,2002,Kharif,Groundnut,28,18,0.642857143
Uttar Pradesh,AMBEDKAR NAGAR,2002,Kharif,Jowar,1233,907,0.735604217
Uttar Pradesh,AMBEDKAR NAGAR,2002,Kharif,Maize,490,552,1.126530612
Uttar Pradesh,AMBEDKAR NAGAR,2002,Kharif,Rice,113857,243408,2.137839571
Uttar Pradesh,AMBEDKAR NAGAR,2002,Kharif,Sesamum,16,3,0.1875
Uttar Pradesh,AMBEDKAR NAGAR,2002,Kharif,Small millets,5,2,0.4
Uttar Pradesh,AMBEDKAR NAGAR,2002,Kharif,Sunflower,7,8,1.142857143
Uttar Pradesh,AMBEDKAR NAGAR,2002,Kharif,Urad,154,91,0.590909091
Uttar Pradesh,AMBEDKAR NAGAR,2002,Rabi,Barley,918,2245,2.445533769
Uttar Pradesh,AMBEDKAR NAGAR,2002,Rabi,Gram,1616,1488,0.920792079
Uttar Pradesh,AMBEDKAR NAGAR,2002,Rabi,Linseed,2,1,0.5
Uttar Pradesh,AMBEDKAR NAGAR,2002,Rabi,Maize,275,304,1.105454545
Uttar Pradesh,AMBEDKAR NAGAR,2002,Rabi,Masoor,263,248,0.942965779
Uttar Pradesh,AMBEDKAR NAGAR,2002,Rabi,Onion,23,237,10.30434783
Uttar Pradesh,AMBEDKAR NAGAR,2002,Rabi,Peas & beans (Pulses),5316,3413,0.642024078
Uttar Pradesh,AMBEDKAR NAGAR,2002,Rabi,Rapeseed &Mustard,2762,2260,0.818247647
Uttar Pradesh,AMBEDKAR NAGAR,2002,Rabi,Wheat,117009,322256,2.754112931
Uttar Pradesh,AMBEDKAR NAGAR,2002,Summer,Moong(Green Gram),264,154,0.583333333
Uttar Pradesh,AMBEDKAR NAGAR,2002,Summer,Onion,86,961,11.1744186
Uttar Pradesh,AMBEDKAR NAGAR,2002,Summer,Urad,2928,849,0.289959016
Uttar Pradesh,AMBEDKAR NAGAR,2002,Whole Year,Potato,4236,69852,16.49008499
Uttar Pradesh,AMBEDKAR NAGAR,2002,Whole Year,Sugarcane,9662,494076,51.13599669
Uttar Pradesh,AMBEDKAR NAGAR,2002,Whole Year,Tobacco,319,1897,5.946708464
Uttar Pradesh,AMBEDKAR NAGAR,2003,Kharif,Arhar/Tur,3637,3176,0.873247182
Uttar Pradesh,AMBEDKAR NAGAR,2003,Kharif,Bajra,73,100,1.369863014
Uttar Pradesh,AMBEDKAR NAGAR,2003,Kharif,Groundnut,27,18,0.666666667
Uttar Pradesh,AMBEDKAR NAGAR,2003,Kharif,Jowar,1278,1115,0.872456964
Uttar Pradesh,AMBEDKAR NAGAR,2003,Kharif,Maize,480,669,1.39375
Uttar Pradesh,AMBEDKAR NAGAR,2003,Kharif,Rice,114092,298678,2.617869789
Uttar Pradesh,AMBEDKAR NAGAR,2003,Kharif,Sesamum,13,2,0.153846154
Uttar Pradesh,AMBEDKAR NAGAR,2003,Kharif,Sunflower,17,29,1.705882353
Uttar Pradesh,AMBEDKAR NAGAR,2003,Kharif,Urad,144,98,0.680555556
Uttar Pradesh,AMBEDKAR NAGAR,2003,Rabi,Barley,927,2117,2.283710895
Uttar Pradesh,AMBEDKAR NAGAR,2003,Rabi,Gram,1671,1796,1.074805506
Uttar Pradesh,AMBEDKAR NAGAR,2003,Rabi,Masoor,254,285,1.122047244
Uttar Pradesh,AMBEDKAR NAGAR,2003,Rabi,Onion,21,302,14.38095238
Uttar Pradesh,AMBEDKAR NAGAR,2003,Rabi,Peas & beans (Pulses),5182,5804,1.120030876
Uttar Pradesh,AMBEDKAR NAGAR,2003,Rabi,Rapeseed &Mustard,2878,2012,0.699096595
Uttar Pradesh,AMBEDKAR NAGAR,2003,Rabi,Wheat,117089,353451,3.018652478
Uttar Pradesh,AMBEDKAR NAGAR,2003,Summer,Maize,266,364,1.368421053
Uttar Pradesh,AMBEDKAR NAGAR,2003,Summer,Moong(Green Gram),252,152,0.603174603
Uttar Pradesh,AMBEDKAR NAGAR,2003,Summer,Onion,91,927,10.18681319
Uttar Pradesh,AMBEDKAR NAGAR,2003,Summer,Urad,2883,1320,0.4578564
Uttar Pradesh,AMBEDKAR NAGAR,2003,Whole Year,Potato,4174,74961,17.9590321
Uttar Pradesh,AMBEDKAR NAGAR,2003,Whole Year,Sugarcane,9080,410198,45.17599119
Uttar Pradesh,AMBEDKAR NAGAR,2003,Whole Year,Tobacco,314,2290,7.292993631
Uttar Pradesh,AMBEDKAR NAGAR,2004,Kharif,Bajra,41,64,1.56097561
Uttar Pradesh,AMBEDKAR NAGAR,2004,Kharif,Groundnut,16,13,0.8125
Uttar Pradesh,AMBEDKAR NAGAR,2004,Kharif,Jowar,1155,853,0.738528139
Uttar Pradesh,AMBEDKAR NAGAR,2004,Kharif,Maize,440,777,1.765909091
Uttar Pradesh,AMBEDKAR NAGAR,2004,Kharif,Rice,116438,233800,2.007935554
Uttar Pradesh,AMBEDKAR NAGAR,2004,Kharif,Sesamum,9,2,0.222222222
Uttar Pradesh,AMBEDKAR NAGAR,2004,Kharif,Small millets,1,,
Uttar Pradesh,AMBEDKAR NAGAR,2004,Kharif,Sugarcane,7589,416059,54.82395573
Uttar Pradesh,AMBEDKAR NAGAR,2004,Rabi,Barley,977,1994,2.040941658
Uttar Pradesh,AMBEDKAR NAGAR,2004,Rabi,Gram,1441,1040,0.721721027
Uttar Pradesh,AMBEDKAR NAGAR,2004,Rabi,Maize,9,42,4.666666667
Uttar Pradesh,AMBEDKAR NAGAR,2004,Rabi,Potato,4316,66103,15.31580167
Uttar Pradesh,AMBEDKAR NAGAR,2004,Rabi,Rapeseed &Mustard,3166,2555,0.807012003
Uttar Pradesh,AMBEDKAR NAGAR,2004,Rabi,Turmeric,1,1,1
Uttar Pradesh,AMBEDKAR NAGAR,2004,Rabi,Wheat,118518,322228,2.718810645
Uttar Pradesh,AMBEDKAR NAGAR,2004,Summer,Sunflower,1,2,2
Uttar Pradesh,AMBEDKAR NAGAR,2004,Whole Year,Dry chillies,25,23,0.92
Uttar Pradesh,AMBEDKAR NAGAR,2004,Whole Year,Garlic,4,17,4.25
Uttar Pradesh,AMBEDKAR NAGAR,2004,Whole Year,Guar seed,7,6,0.857142857
Uttar Pradesh,AMBEDKAR NAGAR,2004,Whole Year,Onion,113,1339,11.84955752
Uttar Pradesh,AMBEDKAR NAGAR,2004,Whole Year,Sweet potato,11,128,11.63636364
Uttar Pradesh,AMBEDKAR NAGAR,2004,Whole Year,Tobacco,122,599,4.909836066
Uttar Pradesh,AMBEDKAR NAGAR,2005,Kharif,Bajra,78,122,1.564102564
Uttar Pradesh,AMBEDKAR NAGAR,2005,Kharif,Jowar,1248,852,0.682692308
Uttar Pradesh,AMBEDKAR NAGAR,2005,Kharif,Maize,494,652,1.319838057
Uttar Pradesh,AMBEDKAR NAGAR,2005,Kharif,Rice,114474,273020,2.38499572
Uttar Pradesh,AMBEDKAR NAGAR,2005,Kharif,Sesamum,12,2,0.166666667
Uttar Pradesh,AMBEDKAR NAGAR,2005,Kharif,Sugarcane,9165,501216,54.68805237
Uttar Pradesh,AMBEDKAR NAGAR,2005,Rabi,Barley,860,1598,1.858139535
Uttar Pradesh,AMBEDKAR NAGAR,2005,Rabi,Gram,2512,2240,0.891719745
Uttar Pradesh,AMBEDKAR NAGAR,2005,Rabi,Potato,4482,87775,19.58389112
Uttar Pradesh,AMBEDKAR NAGAR,2005,Rabi,Rapeseed &Mustard,3340,3861,1.155988024
Uttar Pradesh,AMBEDKAR NAGAR,2005,Rabi,Wheat,114783,341709,2.977000078
Uttar Pradesh,AMBEDKAR NAGAR,2005,Summer,Sunflower,15,19,1.266666667
Uttar Pradesh,AMBEDKAR NAGAR,2005,Whole Year,Coriander,69,39,0.565217391
Uttar Pradesh,AMBEDKAR NAGAR,2005,Whole Year,Dry chillies,11,10,0.909090909
Uttar Pradesh,AMBEDKAR NAGAR,2005,Whole Year,Garlic,19,83,4.368421053
Uttar Pradesh,AMBEDKAR NAGAR,2005,Whole Year,Onion,124,1600,12.90322581
Uttar Pradesh,AMBEDKAR NAGAR,2005,Whole Year,Sweet potato,10,131,13.1
Uttar Pradesh,AMBEDKAR NAGAR,2005,Whole Year,Tobacco,308,1785,5.795454545
Uttar Pradesh,AMBEDKAR NAGAR,2006,Kharif,Arhar/Tur,3234,3168,0.979591837
Uttar Pradesh,AMBEDKAR NAGAR,2006,Kharif,Bajra,34,51,1.5
Uttar Pradesh,AMBEDKAR NAGAR,2006,Kharif,Groundnut,16,12,0.75
Uttar Pradesh,AMBEDKAR NAGAR,2006,Kharif,Jowar,1245,1102,0.885140562
Uttar Pradesh,AMBEDKAR NAGAR,2006,Kharif,Maize,518,485,0.936293436
Uttar Pradesh,AMBEDKAR NAGAR,2006,Kharif,Other Kharif pulses,3163,857,0.270945305
Uttar Pradesh,AMBEDKAR NAGAR,2006,Kharif,Rice,113782,204580,1.797999684
Uttar Pradesh,AMBEDKAR NAGAR,2006,Kharif,Sesamum,8,1,0.125
Uttar Pradesh,AMBEDKAR NAGAR,2006,Kharif,Sugarcane,9033,375773,41.60002214
Uttar Pradesh,AMBEDKAR NAGAR,2006,Kharif,Sweet potato,40,546,13.65
Uttar Pradesh,AMBEDKAR NAGAR,2006,Rabi,Barley,1085,2272,2.094009217
Uttar Pradesh,AMBEDKAR NAGAR,2006,Rabi,Garlic,8,85,10.625
Uttar Pradesh,AMBEDKAR NAGAR,2006,Rabi,Gram,1570,1155,0.73566879
Uttar Pradesh,AMBEDKAR NAGAR,2006,Rabi,Maize,7,22,3.142857143
Uttar Pradesh,AMBEDKAR NAGAR,2006,Rabi,Masoor,257,220,0.856031128
Uttar Pradesh,AMBEDKAR NAGAR,2006,Rabi,Onion,23,441,19.17391304
Uttar Pradesh,AMBEDKAR NAGAR,2006,Rabi,Other  Rabi pulses,4566,4415,0.966929479
Uttar Pradesh,AMBEDKAR NAGAR,2006,Rabi,Potato,4615,53442,11.58006501
Uttar Pradesh,AMBEDKAR NAGAR,2006,Rabi,Rapeseed &Mustard,3312,4185,1.263586957
Uttar Pradesh,AMBEDKAR NAGAR,2006,Rabi,Tobacco,101,538,5.326732673
Uttar Pradesh,AMBEDKAR NAGAR,2006,Rabi,Turmeric,2,7,3.5
Uttar Pradesh,AMBEDKAR NAGAR,2006,Rabi,Wheat,114866,340003,2.959996866
Uttar Pradesh,AMBEDKAR NAGAR,2006,Summer,Maize,300,398,1.326666667
Uttar Pradesh,AMBEDKAR NAGAR,2006,Summer,Onion,81,943,11.64197531
Uttar Pradesh,AMBEDKAR NAGAR,2006,Summer,Sunflower,51,76,1.490196078
Uttar Pradesh,AMBEDKAR NAGAR,2006,Whole Year,Coriander,65,34,0.523076923
Uttar Pradesh,AMBEDKAR NAGAR,2006,Whole Year,Dry chillies,6,6,1
Uttar Pradesh,AMBEDKAR NAGAR,2006,Whole Year,Guar seed,4,3,0.75
Uttar Pradesh,AMBEDKAR NAGAR,2007,Kharif,Arhar/Tur,3295,3824,1.160546282
Uttar Pradesh,AMBEDKAR NAGAR,2007,Kharif,Bajra,11,17,1.545454545
Uttar Pradesh,AMBEDKAR NAGAR,2007,Kharif,Dry chillies,15,14,0.933333333
Uttar Pradesh,AMBEDKAR NAGAR,2007,Kharif,Dry ginger,5,11,2.2
Uttar Pradesh,AMBEDKAR NAGAR,2007,Kharif,Guar seed,1,1,1
Uttar Pradesh,AMBEDKAR NAGAR,2007,Kharif,Jowar,837,719,0.859020311
Uttar Pradesh,AMBEDKAR NAGAR,2007,Kharif,Maize,442,448,1.013574661
Uttar Pradesh,AMBEDKAR NAGAR,2007,Kharif,Rice,113450,289411,2.551000441
Uttar Pradesh,AMBEDKAR NAGAR,2007,Kharif,Sesamum,7,1,0.142857143
Uttar Pradesh,AMBEDKAR NAGAR,2007,Kharif,Sugarcane,10701,569559,53.2248388
Uttar Pradesh,AMBEDKAR NAGAR,2007,Kharif,Sweet potato,8,108,13.5
Uttar Pradesh,AMBEDKAR NAGAR,2007,Kharif,Urad,148,100,0.675675676
Uttar Pradesh,AMBEDKAR NAGAR,2007,Rabi,Barley,1416,2603,1.838276836
Uttar Pradesh,AMBEDKAR NAGAR,2007,Rabi,Coriander,76,44,0.578947368
Uttar Pradesh,AMBEDKAR NAGAR,2007,Rabi,Gram,344,355,1.031976744
Uttar Pradesh,AMBEDKAR NAGAR,2007,Rabi,Linseed,1,,
Uttar Pradesh,AMBEDKAR NAGAR,2007,Rabi,Maize,7,20,2.857142857
Uttar Pradesh,AMBEDKAR NAGAR,2007,Rabi,Masoor,279,243,0.870967742
Uttar Pradesh,AMBEDKAR NAGAR,2007,Rabi,Onion,31,433,13.96774194
Uttar Pradesh,AMBEDKAR NAGAR,2007,Rabi,Other  Rabi pulses,4716,4424,0.938083121
Uttar Pradesh,AMBEDKAR NAGAR,2007,Rabi,Potato,4402,57772,13.12403453
Uttar Pradesh,AMBEDKAR NAGAR,2007,Rabi,Rapeseed &Mustard,3258,3772,1.1577655
Uttar Pradesh,AMBEDKAR NAGAR,2007,Rabi,Tobacco,313,1751,5.594249201
Uttar Pradesh,AMBEDKAR NAGAR,2007,Rabi,Wheat,118472,384323,3.243998582
Uttar Pradesh,AMBEDKAR NAGAR,2007,Summer,Maize,300,431,1.436666667
Uttar Pradesh,AMBEDKAR NAGAR,2007,Summer,Moong(Green Gram),348,177,0.50862069
Uttar Pradesh,AMBEDKAR NAGAR,2007,Summer,Onion,81,1551,19.14814815
Uttar Pradesh,AMBEDKAR NAGAR,2007,Summer,Urad,2628,641,0.24391172
Uttar Pradesh,AMBEDKAR NAGAR,2008,Kharif,Arhar/Tur,2470,2287,0.925910931
Uttar Pradesh,AMBEDKAR NAGAR,2008,Kharif,Bajra,27,45,1.666666667
Uttar Pradesh,AMBEDKAR NAGAR,2008,Kharif,Dry chillies,3,3,1
Uttar Pradesh,AMBEDKAR NAGAR,2008,Kharif,Guar seed,55,46,0.836363636
Uttar Pradesh,AMBEDKAR NAGAR,2008,Kharif,Jowar,740,529,0.714864865
Uttar Pradesh,AMBEDKAR NAGAR,2008,Kharif,Maize,366,135,0.368852459
Uttar Pradesh,AMBEDKAR NAGAR,2008,Kharif,Rice,132870,358749,2.7
Uttar Pradesh,AMBEDKAR NAGAR,2008,Kharif,Sesamum,2,,
Uttar Pradesh,AMBEDKAR NAGAR,2008,Kharif,Sugarcane,11361,532974,46.91259572
Uttar Pradesh,AMBEDKAR NAGAR,2008,Kharif,Sweet potato,5,61,12.2
Uttar Pradesh,AMBEDKAR NAGAR,2008,Kharif,Urad,108,58,0.537037037
Uttar Pradesh,AMBEDKAR NAGAR,2008,Rabi,Barley,847,1906,2.250295159
Uttar Pradesh,AMBEDKAR NAGAR,2008,Rabi,Coriander,68,41,0.602941176
Uttar Pradesh,AMBEDKAR NAGAR,2008,Rabi,Garlic,16,94,5.875
Uttar Pradesh,AMBEDKAR NAGAR,2008,Rabi,Gram,1201,1247,1.038301415
Uttar Pradesh,AMBEDKAR NAGAR,2008,Rabi,Maize,7,18,2.571428571
Uttar Pradesh,AMBEDKAR NAGAR,2008,Rabi,Masoor,210,183,0.871428571
Uttar Pradesh,AMBEDKAR NAGAR,2008,Rabi,Onion,52,609,11.71153846
Uttar Pradesh,AMBEDKAR NAGAR,2008,Rabi,Peas & beans (Pulses),4068,4910,1.206981318
Uttar Pradesh,AMBEDKAR NAGAR,2008,Rabi,Potato,3633,43501,11.97385081
Uttar Pradesh,AMBEDKAR NAGAR,2008,Rabi,Rapeseed &Mustard,3699,2530,0.68396864
Uttar Pradesh,AMBEDKAR NAGAR,2008,Rabi,Tobacco,179,934,5.217877095
Uttar Pradesh,AMBEDKAR NAGAR,2008,Rabi,Wheat,119016,394300,3.312999933
Uttar Pradesh,AMBEDKAR NAGAR,2008,Summer,Maize,268,401,1.496268657
Uttar Pradesh,AMBEDKAR NAGAR,2008,Summer,Moong(Green Gram),263,151,0.574144487
Uttar Pradesh,AMBEDKAR NAGAR,2008,Summer,Urad,2482,1219,0.49113618
Uttar Pradesh,AMBEDKAR NAGAR,2009,Kharif,Arhar/Tur,3502,3687,1.052826956
Uttar Pradesh,AMBEDKAR NAGAR,2009,Kharif,Bajra,16,27,1.6875
Uttar Pradesh,AMBEDKAR NAGAR,2009,Kharif,Dry chillies,12,11,0.916666667
Uttar Pradesh,AMBEDKAR NAGAR,2009,Kharif,Groundnut,5,3,0.6
Uttar Pradesh,AMBEDKAR NAGAR,2009,Kharif,Guar seed,11,9,0.818181818
Uttar Pradesh,AMBEDKAR NAGAR,2009,Kharif,Jowar,799,669,0.837296621
Uttar Pradesh,AMBEDKAR NAGAR,2009,Kharif,Maize,494,471,0.953441296
Uttar Pradesh,AMBEDKAR NAGAR,2009,Kharif,Moong(Green Gram),1,,
Uttar Pradesh,AMBEDKAR NAGAR,2009,Kharif,Rice,111508,288806,2.590002511
Uttar Pradesh,AMBEDKAR NAGAR,2009,Kharif,Sugarcane,10762,569465,52.91442111
Uttar Pradesh,AMBEDKAR NAGAR,2009,Kharif,Sweet potato,15,204,13.6
Uttar Pradesh,AMBEDKAR NAGAR,2009,Kharif,Urad,99,56,0.565656566
Uttar Pradesh,AMBEDKAR NAGAR,2009,Rabi,Barley,900,1939,2.154444444
Uttar Pradesh,AMBEDKAR NAGAR,2009,Rabi,Coriander,246,140,0.569105691
Uttar Pradesh,AMBEDKAR NAGAR,2009,Rabi,Garlic,45,239,5.311111111
Uttar Pradesh,AMBEDKAR NAGAR,2009,Rabi,Gram,1470,1480,1.006802721
Uttar Pradesh,AMBEDKAR NAGAR,2009,Rabi,Maize,6,18,3
Uttar Pradesh,AMBEDKAR NAGAR,2009,Rabi,Masoor,674,537,0.796735905
Uttar Pradesh,AMBEDKAR NAGAR,2009,Rabi,Onion,45,773,17.17777778
Uttar Pradesh,AMBEDKAR NAGAR,2009,Rabi,Peas & beans (Pulses),3838,4925,1.283220427
Uttar Pradesh,AMBEDKAR NAGAR,2009,Rabi,Potato,3908,76507,19.57702149
Uttar Pradesh,AMBEDKAR NAGAR,2009,Rabi,Rapeseed &Mustard,3668,2857,0.778898582
Uttar Pradesh,AMBEDKAR NAGAR,2009,Rabi,Tobacco,190,1090,5.736842105
Uttar Pradesh,AMBEDKAR NAGAR,2009,Rabi,Wheat,116213,363747,3.130002668
Uttar Pradesh,AMBEDKAR NAGAR,2009,Summer,Banana,6,246,41
Uttar Pradesh,AMBEDKAR NAGAR,2009,Summer,Maize,244,355,1.454918033
Uttar Pradesh,AMBEDKAR NAGAR,2009,Summer,Moong(Green Gram),280,233,0.832142857
Uttar Pradesh,AMBEDKAR NAGAR,2009,Summer,Onion,122,1714,14.04918033
Uttar Pradesh,AMBEDKAR NAGAR,2009,Summer,Urad,2153,981,0.455643288
Uttar Pradesh,AMBEDKAR NAGAR,2010,Kharif,Arhar/Tur,2569,4177,1.625924484
Uttar Pradesh,AMBEDKAR NAGAR,2010,Kharif,Bajra,17,17,1
Uttar Pradesh,AMBEDKAR NAGAR,2010,Kharif,Dry chillies,19,17,0.894736842
Uttar Pradesh,AMBEDKAR NAGAR,2010,Kharif,Dry ginger,1,3,3
Uttar Pradesh,AMBEDKAR NAGAR,2010,Kharif,Guar seed,12,10,0.833333333
Uttar Pradesh,AMBEDKAR NAGAR,2010,Kharif,Jowar,818,669,0.817848411
Uttar Pradesh,AMBEDKAR NAGAR,2010,Kharif,Maize,440,416,0.945454545
Uttar Pradesh,AMBEDKAR NAGAR,2010,Kharif,Moong(Green Gram),2,1,0.5
Uttar Pradesh,AMBEDKAR NAGAR,2010,Kharif,Rice,113002,298099,2.637997558
Uttar Pradesh,AMBEDKAR NAGAR,2010,Kharif,Sesamum,6,1,0.166666667
Uttar Pradesh,AMBEDKAR NAGAR,2010,Kharif,Sugarcane,11122,571437,51.3789786
Uttar Pradesh,AMBEDKAR NAGAR,2010,Kharif,Sweet potato,16,197,12.3125
Uttar Pradesh,AMBEDKAR NAGAR,2010,Kharif,Urad,78,42,0.538461538
Uttar Pradesh,AMBEDKAR NAGAR,2010,Rabi,Barley,874,1958,2.2402746
Uttar Pradesh,AMBEDKAR NAGAR,2010,Rabi,Gram,1334,1454,1.089955022
Uttar Pradesh,AMBEDKAR NAGAR,2010,Rabi,Maize,9,27,3
Uttar Pradesh,AMBEDKAR NAGAR,2010,Rabi,Masoor,283,185,0.653710247
Uttar Pradesh,AMBEDKAR NAGAR,2010,Rabi,Onion,65,1197,18.41538462
Uttar Pradesh,AMBEDKAR NAGAR,2010,Rabi,Peas & beans (Pulses),4781,5699,1.19201004
Uttar Pradesh,AMBEDKAR NAGAR,2010,Rabi,Potato,4415,109746,24.85753114
Uttar Pradesh,AMBEDKAR NAGAR,2010,Rabi,Rapeseed &Mustard,3733,3886,1.040985802
Uttar Pradesh,AMBEDKAR NAGAR,2010,Rabi,Tobacco,186,944,5.075268817
Uttar Pradesh,AMBEDKAR NAGAR,2010,Rabi,Wheat,113528,380546,3.352001268
Uttar Pradesh,AMBEDKAR NAGAR,2010,Summer,Maize,258,378,1.465116279
Uttar Pradesh,AMBEDKAR NAGAR,2010,Summer,Moong(Green Gram),211,97,0.45971564
Uttar Pradesh,AMBEDKAR NAGAR,2010,Summer,Urad,5007,1787,0.35690034
Uttar Pradesh,AMBEDKAR NAGAR,2011,Kharif,Arhar/Tur,2607,3007,1.153433065
Uttar Pradesh,AMBEDKAR NAGAR,2011,Kharif,Bajra,193,367,1.901554404
Uttar Pradesh,AMBEDKAR NAGAR,2011,Kharif,Dry chillies,11,9,0.818181818
Uttar Pradesh,AMBEDKAR NAGAR,2011,Kharif,Guar seed,16,13,0.8125
Uttar Pradesh,AMBEDKAR NAGAR,2011,Kharif,Jowar,593,524,0.883642496
Uttar Pradesh,AMBEDKAR NAGAR,2011,Kharif,Maize,423,421,0.995271868
Uttar Pradesh,AMBEDKAR NAGAR,2011,Kharif,Moong(Green Gram),7,3,0.428571429
Uttar Pradesh,AMBEDKAR NAGAR,2011,Kharif,Rice,116323,313374,2.693998607
Uttar Pradesh,AMBEDKAR NAGAR,2011,Kharif,Sesamum,6,1,0.166666667
Uttar Pradesh,AMBEDKAR NAGAR,2011,Kharif,Sugarcane,11315,660797,58.40008838
Uttar Pradesh,AMBEDKAR NAGAR,2011,Kharif,Sweet potato,17,221,13
Uttar Pradesh,AMBEDKAR NAGAR,2011,Kharif,Urad,22,12,0.545454545
Uttar Pradesh,AMBEDKAR NAGAR,2011,Rabi,Barley,250,655,2.62
Uttar Pradesh,AMBEDKAR NAGAR,2011,Rabi,Coriander,88,49,0.556818182
Uttar Pradesh,AMBEDKAR NAGAR,2011,Rabi,Garlic,39,202,5.179487179
Uttar Pradesh,AMBEDKAR NAGAR,2011,Rabi,Gram,1343,1845,1.373790022
Uttar Pradesh,AMBEDKAR NAGAR,2011,Rabi,Maize,20,48,2.4
Uttar Pradesh,AMBEDKAR NAGAR,2011,Rabi,Masoor,791,565,0.714285714
Uttar Pradesh,AMBEDKAR NAGAR,2011,Rabi,Onion,58,1327,22.87931034
Uttar Pradesh,AMBEDKAR NAGAR,2011,Rabi,Peas & beans (Pulses),3642,3941,1.082097748
Uttar Pradesh,AMBEDKAR NAGAR,2011,Rabi,Potato,4321,105231,24.35339042
Uttar Pradesh,AMBEDKAR NAGAR,2011,Rabi,Rapeseed &Mustard,3798,2536,0.667719853
Uttar Pradesh,AMBEDKAR NAGAR,2011,Rabi,Tobacco,192,1003,5.223958333
Uttar Pradesh,AMBEDKAR NAGAR,2011,Rabi,Wheat,118006,396146,3.356998797
Uttar Pradesh,AMBEDKAR NAGAR,2011,Summer,Maize,289,478,1.653979239
Uttar Pradesh,AMBEDKAR NAGAR,2011,Summer,Moong(Green Gram),253,125,0.494071146
Uttar Pradesh,AMBEDKAR NAGAR,2011,Summer,Onion,145,904,6.234482759
Uttar Pradesh,AMBEDKAR NAGAR,2011,Summer,Urad,2144,1018,0.474813433
Uttar Pradesh,AMBEDKAR NAGAR,2012,Kharif,Arhar/Tur,2449,2545,1.039199673
Uttar Pradesh,AMBEDKAR NAGAR,2012,Kharif,Bajra,8,7,0.875
Uttar Pradesh,AMBEDKAR NAGAR,2012,Kharif,Dry chillies,32,26,0.8125
Uttar Pradesh,AMBEDKAR NAGAR,2012,Kharif,Guar seed,19,15,0.789473684
Uttar Pradesh,AMBEDKAR NAGAR,2012,Kharif,Jowar,819,866,1.057387057
Uttar Pradesh,AMBEDKAR NAGAR,2012,Kharif,Maize,418,436,1.043062201
Uttar Pradesh,AMBEDKAR NAGAR,2012,Kharif,Moong(Green Gram),17,9,0.529411765
Uttar Pradesh,AMBEDKAR NAGAR,2012,Kharif,Rice,115800,319492,2.758998273
Uttar Pradesh,AMBEDKAR NAGAR,2012,Kharif,Sesamum,10,2,0.2
Uttar Pradesh,AMBEDKAR NAGAR,2012,Kharif,Sugarcane,12563,782590,62.29324206
Uttar Pradesh,AMBEDKAR NAGAR,2012,Kharif,Sweet potato,8,104,13
Uttar Pradesh,AMBEDKAR NAGAR,2012,Kharif,Urad,64,48,0.75
Uttar Pradesh,AMBEDKAR NAGAR,2012,Rabi,Barley,856,2290,2.675233645
Uttar Pradesh,AMBEDKAR NAGAR,2012,Rabi,Coriander,111,60,0.540540541
Uttar Pradesh,AMBEDKAR NAGAR,2012,Rabi,Garlic,26,135,5.192307692
Uttar Pradesh,AMBEDKAR NAGAR,2012,Rabi,Gram,1387,1261,0.909156453
Uttar Pradesh,AMBEDKAR NAGAR,2012,Rabi,Maize,13,41,3.153846154
Uttar Pradesh,AMBEDKAR NAGAR,2012,Rabi,Masoor,217,153,0.705069124
Uttar Pradesh,AMBEDKAR NAGAR,2012,Rabi,Onion,65,1495,23
Uttar Pradesh,AMBEDKAR NAGAR,2012,Rabi,Peas & beans (Pulses),3716,3218,0.86598493
Uttar Pradesh,AMBEDKAR NAGAR,2012,Rabi,Potato,4534,76905,16.96184385
Uttar Pradesh,AMBEDKAR NAGAR,2012,Rabi,Rapeseed &Mustard,3988,2953,0.740471414
Uttar Pradesh,AMBEDKAR NAGAR,2012,Rabi,Tobacco,193,1044,5.409326425
Uttar Pradesh,AMBEDKAR NAGAR,2012,Rabi,Wheat,117083,391291,3.341996703
Uttar Pradesh,AMBEDKAR NAGAR,2012,Summer,Maize,261,482,1.846743295
Uttar Pradesh,AMBEDKAR NAGAR,2012,Summer,Moong(Green Gram),227,154,0.678414097
Uttar Pradesh,AMBEDKAR NAGAR,2012,Summer,Onion,136,1117,8.213235294
Uttar Pradesh,AMBEDKAR NAGAR,2012,Summer,Sunflower,3,2,0.666666667
Uttar Pradesh,AMBEDKAR NAGAR,2012,Summer,Urad,567,369,0.650793651
Uttar Pradesh,AMBEDKAR NAGAR,2013,Kharif,Arhar/Tur,1884,1451,0.770169851
Uttar Pradesh,AMBEDKAR NAGAR,2013,Kharif,Bajra,53,51,0.962264151
Uttar Pradesh,AMBEDKAR NAGAR,2013,Kharif,Dry chillies,13,11,0.846153846
Uttar Pradesh,AMBEDKAR NAGAR,2013,Kharif,Guar seed,23,19,0.826086957
Uttar Pradesh,AMBEDKAR NAGAR,2013,Kharif,Jowar,333,161,0.483483483
Uttar Pradesh,AMBEDKAR NAGAR,2013,Kharif,Maize,477,317,0.664570231
Uttar Pradesh,AMBEDKAR NAGAR,2013,Kharif,Moong(Green Gram),12,4,0.333333333
Uttar Pradesh,AMBEDKAR NAGAR,2013,Kharif,Rice,115279,314251,2.726003869
Uttar Pradesh,AMBEDKAR NAGAR,2013,Kharif,Sesamum,21,3,0.142857143
Uttar Pradesh,AMBEDKAR NAGAR,2013,Kharif,Sugarcane,11972,740204,61.82793184
Uttar Pradesh,AMBEDKAR NAGAR,2013,Kharif,Sweet potato,2,26,13
Uttar Pradesh,AMBEDKAR NAGAR,2013,Kharif,Urad,86,32,0.372093023
Uttar Pradesh,AMBEDKAR NAGAR,2013,Rabi,Barley,450,1303,2.895555556
Uttar Pradesh,AMBEDKAR NAGAR,2013,Rabi,Coriander,154,84,0.545454545
Uttar Pradesh,AMBEDKAR NAGAR,2013,Rabi,Garlic,94,551,5.861702128
Uttar Pradesh,AMBEDKAR NAGAR,2013,Rabi,Gram,1337,495,0.370231862
Uttar Pradesh,AMBEDKAR NAGAR,2013,Rabi,Linseed,2,1,0.5
Uttar Pradesh,AMBEDKAR NAGAR,2013,Rabi,Maize,15,53,3.533333333
Uttar Pradesh,AMBEDKAR NAGAR,2013,Rabi,Masoor,306,132,0.431372549
Uttar Pradesh,AMBEDKAR NAGAR,2013,Rabi,Onion,97,1973,20.34020619
Uttar Pradesh,AMBEDKAR NAGAR,2013,Rabi,Peas & beans (Pulses),4002,1016,0.253873063
Uttar Pradesh,AMBEDKAR NAGAR,2013,Rabi,Potato,4433,73659,16.61606136
Uttar Pradesh,AMBEDKAR NAGAR,2013,Rabi,Rapeseed &Mustard,4099,1937,0.472554282
Uttar Pradesh,AMBEDKAR NAGAR,2013,Rabi,Tobacco,282,1552,5.503546099
Uttar Pradesh,AMBEDKAR NAGAR,2013,Rabi,Wheat,118419,407835,3.443999696
Uttar Pradesh,AMBEDKAR NAGAR,2013,Summer,Maize,255,468,1.835294118
Uttar Pradesh,AMBEDKAR NAGAR,2013,Summer,Moong(Green Gram),225,93,0.413333333
Uttar Pradesh,AMBEDKAR NAGAR,2013,Summer,Onion,156,1939,12.42948718
Uttar Pradesh,AMBEDKAR NAGAR,2013,Summer,Urad,827,410,0.495767836
Uttar Pradesh,AMBEDKAR NAGAR,2014,Kharif,Arhar/Tur,3080,1486,0.482467532
Uttar Pradesh,AMBEDKAR NAGAR,2014,Kharif,Bajra,14,17,1.214285714
Uttar Pradesh,AMBEDKAR NAGAR,2014,Kharif,Dry chillies,39,32,0.820512821
Uttar Pradesh,AMBEDKAR NAGAR,2014,Kharif,Guar seed,16,13,0.8125
Uttar Pradesh,AMBEDKAR NAGAR,2014,Kharif,Jowar,710,767,1.08028169
Uttar Pradesh,AMBEDKAR NAGAR,2014,Kharif,Maize,394,286,0.725888325
Uttar Pradesh,AMBEDKAR NAGAR,2014,Kharif,Moong(Green Gram),5,1,0.2
Uttar Pradesh,AMBEDKAR NAGAR,2014,Kharif,Rice,118607,290706,2.451002049
Uttar Pradesh,AMBEDKAR NAGAR,2014,Kharif,Sesamum,41,11,0.268292683
Uttar Pradesh,AMBEDKAR NAGAR,2014,Kharif,Sugarcane,11458,715575,62.4519986
Uttar Pradesh,AMBEDKAR NAGAR,2014,Kharif,Sweet potato,9,111,12.33333333
Uttar Pradesh,AMBEDKAR NAGAR,2014,Kharif,Urad,106,56,0.528301887
Uttar Pradesh,AMBEDKAR NAGAR,2014,Rabi,Barley,675,1160,1.718518519
Uttar Pradesh,AMBEDKAR NAGAR,2014,Rabi,Coriander,241,117,0.485477178
Uttar Pradesh,AMBEDKAR NAGAR,2014,Rabi,Garlic,157,910,5.796178344
Uttar Pradesh,AMBEDKAR NAGAR,2014,Rabi,Gram,1277,403,0.315583399
Uttar Pradesh,AMBEDKAR NAGAR,2014,Rabi,Maize,51,122,2.392156863
Uttar Pradesh,AMBEDKAR NAGAR,2014,Rabi,Masoor,301,146,0.485049834
Uttar Pradesh,AMBEDKAR NAGAR,2014,Rabi,Onion,103,1576,15.30097087
Uttar Pradesh,AMBEDKAR NAGAR,2014,Rabi,Peas & beans (Pulses),3866,2505,0.647956544
Uttar Pradesh,AMBEDKAR NAGAR,2014,Rabi,Potato,4536,113881,25.10604056
Uttar Pradesh,AMBEDKAR NAGAR,2014,Rabi,Rapeseed &Mustard,3768,1802,0.478237792
Uttar Pradesh,AMBEDKAR NAGAR,2014,Rabi,Tobacco,218,923,4.233944954
Uttar Pradesh,AMBEDKAR NAGAR,2014,Rabi,Wheat,120131,275941,2.297000774
Uttar Pradesh,AMBEDKAR NAGAR,2014,Summer,Banana,17,767,45.11764706
Uttar Pradesh,AMBEDKAR NAGAR,2014,Summer,Maize,264,469,1.776515152
Uttar Pradesh,AMBEDKAR NAGAR,2014,Summer,Moong(Green Gram),209,98,0.468899522
Uttar Pradesh,AMBEDKAR NAGAR,2014,Summer,Onion,122,1063,8.713114754
Uttar Pradesh,AMBEDKAR NAGAR,2014,Summer,Urad,1830,1005,0.549180328
Uttar Pradesh,AMETHI,2010,Kharif,Bajra,550,645,1.172727273
Uttar Pradesh,AMETHI,2010,Kharif,Jowar,4310,2964,0.687703016
Uttar Pradesh,AMETHI,2010,Kharif,Maize,496,542,1.092741935
Uttar Pradesh,AMETHI,2010,Kharif,Moong(Green Gram),37,17,0.459459459
Uttar Pradesh,AMETHI,2010,Kharif,Rice,113314,236940,2.091003759
Uttar Pradesh,AMETHI,2010,Kharif,Sesamum,113,19,0.168141593
Uttar Pradesh,AMETHI,2010,Kharif,Urad,6155,2887,0.469049553
Uttar Pradesh,AMETHI,2010,Rabi,Barley,1789,4007,2.23979877
Uttar Pradesh,AMETHI,2010,Rabi,Gram,2803,3056,1.090260435
Uttar Pradesh,AMETHI,2010,Rabi,Masoor,2435,1592,0.653798768
Uttar Pradesh,AMETHI,2010,Rabi,Peas & beans (Pulses),4474,5333,1.191998212
Uttar Pradesh,AMETHI,2010,Rabi,Potato,2968,44752,15.07816712
Uttar Pradesh,AMETHI,2010,Rabi,Rapeseed &Mustard,2879,2703,0.938867662
Uttar Pradesh,AMETHI,2010,Rabi,Wheat,83104,232109,2.79299432
Uttar Pradesh,AMETHI,2011,Kharif,Arhar/Tur,4612,5183,1.123807459
Uttar Pradesh,AMETHI,2011,Kharif,Bajra,1010,1918,1.899009901
Uttar Pradesh,AMETHI,2011,Kharif,Dry chillies,34,28,0.823529412
Uttar Pradesh,AMETHI,2011,Kharif,Groundnut,37,30,0.810810811
Uttar Pradesh,AMETHI,2011,Kharif,Jowar,4388,3561,0.811531449
Uttar Pradesh,AMETHI,2011,Kharif,Maize,482,479,0.993775934
Uttar Pradesh,AMETHI,2011,Kharif,Moong(Green Gram),68,29,0.426470588
Uttar Pradesh,AMETHI,2011,Kharif,Rice,122203,272146,2.226999337
Uttar Pradesh,AMETHI,2011,Kharif,Sesamum,729,158,0.216735254
Uttar Pradesh,AMETHI,2011,Kharif,Small millets,110,102,0.927272727
Uttar Pradesh,AMETHI,2011,Kharif,Sugarcane,1740,101616,58.4
Uttar Pradesh,AMETHI,2011,Kharif,Urad,5685,3246,0.570976253
Uttar Pradesh,AMETHI,2011,Rabi,Barley,1413,3702,2.619957537
Uttar Pradesh,AMETHI,2011,Rabi,Gram,3275,4591,1.401832061
Uttar Pradesh,AMETHI,2011,Rabi,Linseed,107,49,0.457943925
Uttar Pradesh,AMETHI,2011,Rabi,Maize,20,48,2.4
Uttar Pradesh,AMETHI,2011,Rabi,Masoor,2276,1624,0.713532513
Uttar Pradesh,AMETHI,2011,Rabi,Onion,153,3500,22.87581699
Uttar Pradesh,AMETHI,2011,Rabi,Peas & beans (Pulses),4460,4826,1.08206278
Uttar Pradesh,AMETHI,2011,Rabi,Potato,3508,85432,24.35347777
Uttar Pradesh,AMETHI,2011,Rabi,Rapeseed &Mustard,2704,1806,0.667899408
Uttar Pradesh,AMETHI,2011,Rabi,Turmeric,15,42,2.8
Uttar Pradesh,AMETHI,2011,Rabi,Wheat,125328,360193,2.874002617
Uttar Pradesh,AMETHI,2011,Summer,Banana,1,43,43
Uttar Pradesh,AMETHI,2011,Summer,Maize,103,170,1.650485437
Uttar Pradesh,AMETHI,2011,Summer,Onion,603,3758,6.232172471
Uttar Pradesh,AMETHI,2011,Summer,Sunflower,15,26,1.733333333
Uttar Pradesh,AMETHI,2011,Summer,Urad,4326,2263,0.523116043
Uttar Pradesh,AMETHI,2012,Kharif,Arhar/Tur,3965,3556,0.896847415
Uttar Pradesh,AMETHI,2012,Kharif,Bajra,486,410,0.843621399
Uttar Pradesh,AMETHI,2012,Kharif,Dry chillies,29,23,0.793103448
Uttar Pradesh,AMETHI,2012,Kharif,Groundnut,5,5,1
Uttar Pradesh,AMETHI,2012,Kharif,Guar seed,1,1,1
Uttar Pradesh,AMETHI,2012,Kharif,Jowar,4060,4018,0.989655172
Uttar Pradesh,AMETHI,2012,Kharif,Maize,399,416,1.042606516
Uttar Pradesh,AMETHI,2012,Kharif,Moong(Green Gram),96,49,0.510416667
Uttar Pradesh,AMETHI,2012,Kharif,Rice,118227,308454,2.608997945
Uttar Pradesh,AMETHI,2012,Kharif,Sesamum,596,111,0.186241611
Uttar Pradesh,AMETHI,2012,Kharif,Small millets,94,95,1.010638298
Uttar Pradesh,AMETHI,2012,Kharif,Sugarcane,1506,93814,62.2934927
Uttar Pradesh,AMETHI,2012,Kharif,Sweet potato,768,9943,12.94661458
Uttar Pradesh,AMETHI,2012,Kharif,Urad,4747,2673,0.563092479
Uttar Pradesh,AMETHI,2012,Rabi,Barley,1659,4438,2.675105485
Uttar Pradesh,AMETHI,2012,Rabi,Coriander,29,15,0.517241379
Uttar Pradesh,AMETHI,2012,Rabi,Garlic,15,78,5.2
Uttar Pradesh,AMETHI,2012,Rabi,Gram,2924,2658,0.909028728
Uttar Pradesh,AMETHI,2012,Rabi,Linseed,64,29,0.453125
Uttar Pradesh,AMETHI,2012,Rabi,Masoor,1579,1110,0.702976567
Uttar Pradesh,AMETHI,2012,Rabi,Onion,165,3796,23.00606061
Uttar Pradesh,AMETHI,2012,Rabi,Peas & beans (Pulses),5133,4445,0.865965322
Uttar Pradesh,AMETHI,2012,Rabi,Potato,4130,62983,15.25012107
Uttar Pradesh,AMETHI,2012,Rabi,Rapeseed &Mustard,3014,2231,0.740212342
Uttar Pradesh,AMETHI,2012,Rabi,Turmeric,1,3,3
Uttar Pradesh,AMETHI,2012,Rabi,Wheat,126450,387190,3.062000791
Uttar Pradesh,AMETHI,2012,Summer,Maize,29,54,1.862068966
Uttar Pradesh,AMETHI,2012,Summer,Moong(Green Gram),648,440,0.679012346
Uttar Pradesh,AMETHI,2012,Summer,Onion,531,4361,8.212806026
Uttar Pradesh,AMETHI,2012,Summer,Sunflower,18,14,0.777777778
Uttar Pradesh,AMETHI,2012,Summer,Urad,4191,2702,0.644714865
Uttar Pradesh,AMETHI,2013,Kharif,Arhar/Tur,3956,2299,0.581142568
Uttar Pradesh,AMETHI,2013,Kharif,Bajra,773,736,0.952134541
Uttar Pradesh,AMETHI,2013,Kharif,Dry chillies,64,52,0.8125
Uttar Pradesh,AMETHI,2013,Kharif,Groundnut,14,11,0.785714286
Uttar Pradesh,AMETHI,2013,Kharif,Jowar,3277,1929,0.588648154
Uttar Pradesh,AMETHI,2013,Kharif,Maize,601,400,0.665557404
Uttar Pradesh,AMETHI,2013,Kharif,Moong(Green Gram),85,27,0.317647059
Uttar Pradesh,AMETHI,2013,Kharif,Rice,123251,280396,2.274999797
Uttar Pradesh,AMETHI,2013,Kharif,Sesamum,545,80,0.146788991
Uttar Pradesh,AMETHI,2013,Kharif,Small millets,63,48,0.761904762
Uttar Pradesh,AMETHI,2013,Kharif,Sugarcane,1605,99234,61.82803738
Uttar Pradesh,AMETHI,2013,Kharif,Sweet potato,154,2035,13.21428571
Uttar Pradesh,AMETHI,2013,Kharif,Urad,4381,1613,0.368180781
Uttar Pradesh,AMETHI,2013,Rabi,Barley,1413,4092,2.89596603
Uttar Pradesh,AMETHI,2013,Rabi,Coriander,27,15,0.555555556
Uttar Pradesh,AMETHI,2013,Rabi,Garlic,23,135,5.869565217
Uttar Pradesh,AMETHI,2013,Rabi,Gram,2798,1037,0.370621873
Uttar Pradesh,AMETHI,2013,Rabi,Linseed,63,26,0.412698413
Uttar Pradesh,AMETHI,2013,Rabi,Maize,33,117,3.545454545
Uttar Pradesh,AMETHI,2013,Rabi,Masoor,1956,844,0.431492843
Uttar Pradesh,AMETHI,2013,Rabi,Onion,155,3153,20.34193548
Uttar Pradesh,AMETHI,2013,Rabi,Peas & beans (Pulses),4874,1238,0.254000821
Uttar Pradesh,AMETHI,2013,Rabi,Potato,4215,70037,16.61613286
Uttar Pradesh,AMETHI,2013,Rabi,Rapeseed &Mustard,3149,1488,0.472530962
Uttar Pradesh,AMETHI,2013,Rabi,Turmeric,1,3,3
Uttar Pradesh,AMETHI,2013,Rabi,Wheat,127180,302688,2.379996855
Uttar Pradesh,AMETHI,2013,Summer,Maize,75,138,1.84
Uttar Pradesh,AMETHI,2013,Summer,Moong(Green Gram),571,236,0.413309982
Uttar Pradesh,AMETHI,2013,Summer,Onion,476,5917,12.43067227
Uttar Pradesh,AMETHI,2013,Summer,Sunflower,135,216,1.6
Uttar Pradesh,AMETHI,2013,Summer,Urad,4732,2127,0.449492815
Uttar Pradesh,AMETHI,2014,Kharif,Arhar/Tur,3234,1560,0.482374768
Uttar Pradesh,AMETHI,2014,Kharif,Bajra,159,196,1.232704403
Uttar Pradesh,AMETHI,2014,Kharif,Dry chillies,29,24,0.827586207
Uttar Pradesh,AMETHI,2014,Kharif,Guar seed,14,12,0.857142857
Uttar Pradesh,AMETHI,2014,Kharif,Jowar,3331,3598,1.080156109
Uttar Pradesh,AMETHI,2014,Kharif,Maize,539,392,0.727272727
Uttar Pradesh,AMETHI,2014,Kharif,Moong(Green Gram),44,14,0.318181818
Uttar Pradesh,AMETHI,2014,Kharif,Rice,97395,147846,1.518004004
Uttar Pradesh,AMETHI,2014,Kharif,Sesamum,250,68,0.272
Uttar Pradesh,AMETHI,2014,Kharif,Small millets,94,71,0.755319149
Uttar Pradesh,AMETHI,2014,Kharif,Sugarcane,1602,100048,62.45193508
Uttar Pradesh,AMETHI,2014,Kharif,Sweet potato,863,10690,12.38702202
Uttar Pradesh,AMETHI,2014,Kharif,Urad,2656,1389,0.522966867
Uttar Pradesh,AMETHI,2014,Rabi,Barley,868,1492,1.718894009
Uttar Pradesh,AMETHI,2014,Rabi,Coriander,30,15,0.5
Uttar Pradesh,AMETHI,2014,Rabi,Garlic,37,214,5.783783784
Uttar Pradesh,AMETHI,2014,Rabi,Gram,2392,755,0.315635452
Uttar Pradesh,AMETHI,2014,Rabi,Linseed,81,47,0.580246914
Uttar Pradesh,AMETHI,2014,Rabi,Maize,10,24,2.4
Uttar Pradesh,AMETHI,2014,Rabi,Masoor,1855,902,0.486253369
Uttar Pradesh,AMETHI,2014,Rabi,Onion,177,2708,15.29943503
Uttar Pradesh,AMETHI,2014,Rabi,Peas & beans (Pulses),4598,2979,0.647890387
Uttar Pradesh,AMETHI,2014,Rabi,Potato,2757,69217,25.10591222
Uttar Pradesh,AMETHI,2014,Rabi,Rapeseed &Mustard,2551,1220,0.478243826
Uttar Pradesh,AMETHI,2014,Rabi,Turmeric,8,23,2.875
Uttar Pradesh,AMETHI,2014,Rabi,Wheat,95382,173595,1.819997484
Uttar Pradesh,AMETHI,2014,Summer,Maize,86,153,1.779069767
Uttar Pradesh,AMETHI,2014,Summer,Moong(Green Gram),526,247,0.469581749
Uttar Pradesh,AMETHI,2014,Summer,Onion,435,3791,8.714942529
Uttar Pradesh,AMETHI,2014,Summer,Sunflower,12,21,1.75
Uttar Pradesh,AMETHI,2014,Summer,Urad,3573,1963,0.549398265
Uttar Pradesh,AMROHA,1997,Kharif,Arhar/Tur,355,244,0.687323944
Uttar Pradesh,AMROHA,1997,Kharif,Bajra,7118,6018,0.845462208
Uttar Pradesh,AMROHA,1997,Kharif,Groundnut,4,3,0.75
Uttar Pradesh,AMROHA,1997,Kharif,Jowar,78,84,1.076923077
Uttar Pradesh,AMROHA,1997,Kharif,Maize,5749,10089,1.754913898
Uttar Pradesh,AMROHA,1997,Kharif,Moong(Green Gram),37,11,0.297297297
Uttar Pradesh,AMROHA,1997,Kharif,Moth,2,1,0.5
Uttar Pradesh,AMROHA,1997,Kharif,Rice,31690,76136,2.402524456
Uttar Pradesh,AMROHA,1997,Kharif,Sesamum,12,1,0.083333333
Uttar Pradesh,AMROHA,1997,Kharif,Small millets,48,71,1.479166667
Uttar Pradesh,AMROHA,1997,Kharif,Urad,1176,810,0.68877551
Uttar Pradesh,AMROHA,1997,Rabi,Barley,77,185,2.402597403
Uttar Pradesh,AMROHA,1997,Rabi,Gram,40,34,0.85
Uttar Pradesh,AMROHA,1997,Rabi,Masoor,456,343,0.752192982
Uttar Pradesh,AMROHA,1997,Rabi,Peas & beans (Pulses),235,305,1.29787234
Uttar Pradesh,AMROHA,1997,Rabi,Rapeseed &Mustard,2288,1592,0.695804196
Uttar Pradesh,AMROHA,1997,Rabi,Sunflower,39,51,1.307692308
Uttar Pradesh,AMROHA,1997,Rabi,Wheat,101429,284513,2.805045894
Uttar Pradesh,AMROHA,1997,Summer,Maize,180,284,1.577777778
Uttar Pradesh,AMROHA,1997,Summer,Moong(Green Gram),8,3,0.375
Uttar Pradesh,AMROHA,1997,Summer,Rice,2,5,2.5
Uttar Pradesh,AMROHA,1997,Summer,Urad,33,16,0.484848485
Uttar Pradesh,AMROHA,1997,Whole Year,Potato,3851,50819,13.19631265
Uttar Pradesh,AMROHA,1997,Whole Year,Sugarcane,80142,5080877,63.39843029
Uttar Pradesh,AMROHA,1998,Kharif,Arhar/Tur,487,484,0.993839836
Uttar Pradesh,AMROHA,1998,Kharif,Bajra,6836,4771,0.697922762
Uttar Pradesh,AMROHA,1998,Kharif,Cotton(lint),1,,
Uttar Pradesh,AMROHA,1998,Kharif,Jowar,100,80,0.8
Uttar Pradesh,AMROHA,1998,Kharif,Maize,6806,7555,1.110049956
Uttar Pradesh,AMROHA,1998,Kharif,Moong(Green Gram),158,34,0.215189873
Uttar Pradesh,AMROHA,1998,Kharif,Moth,10,4,0.4
Uttar Pradesh,AMROHA,1998,Kharif,Rice,32346,76964,2.379397762
Uttar Pradesh,AMROHA,1998,Kharif,Urad,970,307,0.316494845
Uttar Pradesh,AMROHA,1998,Rabi,Barley,94,224,2.382978723
Uttar Pradesh,AMROHA,1998,Rabi,Gram,23,21,0.913043478
Uttar Pradesh,AMROHA,1998,Rabi,Masoor,374,230,0.614973262
Uttar Pradesh,AMROHA,1998,Rabi,Peas & beans (Pulses),299,306,1.023411371
Uttar Pradesh,AMROHA,1998,Rabi,Rapeseed &Mustard,1886,1769,0.937963945
Uttar Pradesh,AMROHA,1998,Rabi,Sunflower,7,7,1
Uttar Pradesh,AMROHA,1998,Rabi,Wheat,103684,302560,2.918097296
Uttar Pradesh,AMROHA,1998,Summer,Maize,200,203,1.015
Uttar Pradesh,AMROHA,1998,Summer,Moong(Green Gram),2,1,0.5
Uttar Pradesh,AMROHA,1998,Summer,Rice,3,7,2.333333333
Uttar Pradesh,AMROHA,1998,Summer,Urad,25,12,0.48
Uttar Pradesh,AMROHA,1998,Whole Year,Onion,134,1627,12.14179104
Uttar Pradesh,AMROHA,1998,Whole Year,Potato,3924,73784,18.80326198
Uttar Pradesh,AMROHA,1998,Whole Year,Sugarcane,81750,5182296,63.392
Uttar Pradesh,AMROHA,1998,Whole Year,Tobacco,5,32,6.4
Uttar Pradesh,AMROHA,1999,Kharif,Arhar/Tur,406,480,1.18226601
Uttar Pradesh,AMROHA,1999,Kharif,Bajra,6260,4137,0.66086262
Uttar Pradesh,AMROHA,1999,Kharif,Jowar,82,69,0.841463415
Uttar Pradesh,AMROHA,1999,Kharif,Maize,5127,7860,1.533060269
Uttar Pradesh,AMROHA,1999,Kharif,Moong(Green Gram),36,10,0.277777778
Uttar Pradesh,AMROHA,1999,Kharif,Rice,29503,60476,2.049825441
Uttar Pradesh,AMROHA,1999,Kharif,Urad,787,487,0.618805591
Uttar Pradesh,AMROHA,1999,Rabi,Barley,109,275,2.52293578
Uttar Pradesh,AMROHA,1999,Rabi,Gram,1,1,1
Uttar Pradesh,AMROHA,1999,Rabi,Maize,209,303,1.449760766
Uttar Pradesh,AMROHA,1999,Rabi,Rapeseed &Mustard,1895,1797,0.94828496
Uttar Pradesh,AMROHA,1999,Rabi,Wheat,94302,289422,3.069097156
Uttar Pradesh,AMROHA,1999,Summer,Urad,13,6,0.461538462
Uttar Pradesh,AMROHA,1999,Whole Year,Onion,111,1565,14.0990991
Uttar Pradesh,AMROHA,1999,Whole Year,Peas & beans (Pulses),206,372,1.805825243
Uttar Pradesh,AMROHA,1999,Whole Year,Potato,5030,122270,24.30815109
Uttar Pradesh,AMROHA,1999,Whole Year,Sugarcane,66208,3724862,56.25999879
Uttar Pradesh,AMROHA,2000,Kharif,Arhar/Tur,446,494,1.107623318
Uttar Pradesh,AMROHA,2000,Kharif,Bajra,6801,6129,0.901191001
Uttar Pradesh,AMROHA,2000,Kharif,Cotton(lint),2,6,3
Uttar Pradesh,AMROHA,2000,Kharif,Jowar,31,22,0.709677419
Uttar Pradesh,AMROHA,2000,Kharif,Maize,4957,6498,1.310873512
Uttar Pradesh,AMROHA,2000,Kharif,Moong(Green Gram),44,13,0.295454545
Uttar Pradesh,AMROHA,2000,Kharif,Rice,28486,66368,2.32984624
Uttar Pradesh,AMROHA,2000,Kharif,Sesamum,40,7,0.175
Uttar Pradesh,AMROHA,2000,Kharif,Urad,1634,1345,0.823133415
Uttar Pradesh,AMROHA,2000,Rabi,Barley,106,242,2.283018868
Uttar Pradesh,AMROHA,2000,Rabi,Gram,1,1,1
Uttar Pradesh,AMROHA,2000,Rabi,Maize,221,359,1.624434389
Uttar Pradesh,AMROHA,2000,Rabi,Masoor,305,291,0.954098361
Uttar Pradesh,AMROHA,2000,Rabi,Moong(Green Gram),1,1,1
Uttar Pradesh,AMROHA,2000,Rabi,Peas & beans (Pulses),214,221,1.03271028
Uttar Pradesh,AMROHA,2000,Rabi,Rapeseed &Mustard,2045,1979,0.967726161
Uttar Pradesh,AMROHA,2000,Rabi,Urad,10,5,0.5
Uttar Pradesh,AMROHA,2000,Rabi,Wheat,95440,285847,2.995044007
Uttar Pradesh,AMROHA,2000,Whole Year,Potato,4647,91797,19.75403486
Uttar Pradesh,AMROHA,2000,Whole Year,Sugarcane,68473,3950892,57.69999854
Uttar Pradesh,AMROHA,2000,Whole Year,Turmeric,1,2,2
Uttar Pradesh,AMROHA,2001,Kharif,Arhar/Tur,845,770,0.911242604
Uttar Pradesh,AMROHA,2001,Kharif,Bajra,5637,7533,1.336349122
Uttar Pradesh,AMROHA,2001,Kharif,Groundnut,3,2,0.666666667
Uttar Pradesh,AMROHA,2001,Kharif,Jowar,5,5,1
Uttar Pradesh,AMROHA,2001,Kharif,Maize,3684,5544,1.504885993
Uttar Pradesh,AMROHA,2001,Kharif,Moong(Green Gram),73,20,0.273972603
Uttar Pradesh,AMROHA,2001,Kharif,Moth,2,1,0.5
Uttar Pradesh,AMROHA,2001,Kharif,Rice,29610,65900,2.22559946
Uttar Pradesh,AMROHA,2001,Kharif,Sesamum,2,1,0.5
Uttar Pradesh,AMROHA,2001,Kharif,Urad,3539,1444,0.408024866
Uttar Pradesh,AMROHA,2001,Rabi,Barley,49,121,2.469387755
Uttar Pradesh,AMROHA,2001,Rabi,Gram,1,1,1
Uttar Pradesh,AMROHA,2001,Rabi,Maize,226,368,1.628318584
Uttar Pradesh,AMROHA,2001,Rabi,Masoor,326,324,0.993865031
Uttar Pradesh,AMROHA,2001,Rabi,Moong(Green Gram),2,1,0.5
Uttar Pradesh,AMROHA,2001,Rabi,Peas & beans (Pulses),218,264,1.211009174
Uttar Pradesh,AMROHA,2001,Rabi,Rapeseed &Mustard,2302,2502,1.086880973
Uttar Pradesh,AMROHA,2001,Rabi,Urad,20,10,0.5
Uttar Pradesh,AMROHA,2001,Rabi,Wheat,94076,302672,3.217313661
Uttar Pradesh,AMROHA,2001,Whole Year,Potato,3711,71667,19.31204527
Uttar Pradesh,AMROHA,2001,Whole Year,Sugarcane,68202,4062930,59.57200669
Uttar Pradesh,AMROHA,2002,Kharif,Bajra,5228,2129,0.407230298
Uttar Pradesh,AMROHA,2002,Kharif,Maize,3698,4323,1.169010276
Uttar Pradesh,AMROHA,2002,Kharif,Moong(Green Gram),43,12,0.279069767
Uttar Pradesh,AMROHA,2002,Kharif,Rice,24588,55423,2.254067025
Uttar Pradesh,AMROHA,2002,Kharif,Urad,3805,3134,0.823653088
Uttar Pradesh,AMROHA,2002,Rabi,Barley,48,118,2.458333333
Uttar Pradesh,AMROHA,2002,Rabi,Gram,1,1,1
Uttar Pradesh,AMROHA,2002,Rabi,Maize,175,194,1.108571429
Uttar Pradesh,AMROHA,2002,Rabi,Masoor,271,313,1.15498155
Uttar Pradesh,AMROHA,2002,Rabi,Onion,9,93,10.33333333
Uttar Pradesh,AMROHA,2002,Rabi,Peas & beans (Pulses),165,203,1.23030303
Uttar Pradesh,AMROHA,2002,Rabi,Rapeseed &Mustard,2082,1878,0.902017291
Uttar Pradesh,AMROHA,2002,Rabi,Wheat,90591,262505,2.897694031
Uttar Pradesh,AMROHA,2002,Summer,Moong(Green Gram),2,1,0.5
Uttar Pradesh,AMROHA,2002,Summer,Onion,21,235,11.19047619
Uttar Pradesh,AMROHA,2002,Summer,Urad,19,10,0.526315789
Uttar Pradesh,AMROHA,2002,Whole Year,Potato,3611,69356,19.2068679
Uttar Pradesh,AMROHA,2002,Whole Year,Sugarcane,69583,4208380,60.4800023
Uttar Pradesh,AMROHA,2003,Kharif,Arhar/Tur,571,471,0.824868651
Uttar Pradesh,AMROHA,2003,Kharif,Bajra,5116,3368,0.658326818
Uttar Pradesh,AMROHA,2003,Kharif,Groundnut,14,9,0.642857143
Uttar Pradesh,AMROHA,2003,Kharif,Maize,2682,1995,0.743847875
Uttar Pradesh,AMROHA,2003,Kharif,Moong(Green Gram),136,32,0.235294118
Uttar Pradesh,AMROHA,2003,Kharif,Moth,5,2,0.4
Uttar Pradesh,AMROHA,2003,Kharif,Rice,23717,51949,2.190369777
Uttar Pradesh,AMROHA,2003,Kharif,Sesamum,14,2,0.142857143
Uttar Pradesh,AMROHA,2003,Kharif,Urad,3851,1956,0.507920021
Uttar Pradesh,AMROHA,2003,Rabi,Barley,51,121,2.37254902
Uttar Pradesh,AMROHA,2003,Rabi,Gram,1,1,1
Uttar Pradesh,AMROHA,2003,Rabi,Masoor,239,222,0.928870293
Uttar Pradesh,AMROHA,2003,Rabi,Onion,26,373,14.34615385
Uttar Pradesh,AMROHA,2003,Rabi,Peas & beans (Pulses),159,218,1.371069182
Uttar Pradesh,AMROHA,2003,Rabi,Rapeseed &Mustard,1684,1150,0.682897862
Uttar Pradesh,AMROHA,2003,Rabi,Wheat,92947,288702,3.10609272
Uttar Pradesh,AMROHA,2003,Summer,Maize,401,548,1.366583541
Uttar Pradesh,AMROHA,2003,Summer,Moong(Green Gram),2,1,0.5
Uttar Pradesh,AMROHA,2003,Summer,Onion,5,49,9.8
Uttar Pradesh,AMROHA,2003,Summer,Urad,20,10,0.5
Uttar Pradesh,AMROHA,2003,Whole Year,Potato,3596,77303,21.49694105
Uttar Pradesh,AMROHA,2003,Whole Year,Sannhamp,6,2,0.333333333
Uttar Pradesh,AMROHA,2003,Whole Year,Sugarcane,73751,4431550,60.08799881
Uttar Pradesh,AMROHA,2003,Whole Year,Tobacco,12,51,4.25
Uttar Pradesh,AMROHA,2004,Kharif,Bajra,4194,3903,0.930615165
Uttar Pradesh,AMROHA,2004,Kharif,Groundnut,5,4,0.8
Uttar Pradesh,AMROHA,2004,Kharif,Jowar,12,12,1
Uttar Pradesh,AMROHA,2004,Kharif,Maize,1929,2274,1.178849145
Uttar Pradesh,AMROHA,2004,Kharif,Rice,26017,59524,2.287888688
Uttar Pradesh,AMROHA,2004,Kharif,Sesamum,12,2,0.166666667
Uttar Pradesh,AMROHA,2004,Kharif,Sugarcane,73271,4545733,62.04000218
Uttar Pradesh,AMROHA,2004,Rabi,Barley,52,110,2.115384615
Uttar Pradesh,AMROHA,2004,Rabi,Gram,2,2,1
Uttar Pradesh,AMROHA,2004,Rabi,Potato,3290,67626,20.5550152
Uttar Pradesh,AMROHA,2004,Rabi,Rapeseed &Mustard,1979,2507,1.266801415
Uttar Pradesh,AMROHA,2004,Rabi,Wheat,95068,236618,2.488934237
Uttar Pradesh,AMROHA,2004,Whole Year,Dry chillies,80,75,0.9375
Uttar Pradesh,AMROHA,2004,Whole Year,Onion,3,35,11.66666667
Uttar Pradesh,AMROHA,2004,Whole Year,Sweet potato,158,1836,11.62025316
Uttar Pradesh,AMROHA,2005,Kharif,Bajra,5857,4586,0.782994707
Uttar Pradesh,AMROHA,2005,Kharif,Maize,2491,2648,1.063026897
Uttar Pradesh,AMROHA,2005,Kharif,Rice,21783,46267,2.123995777
Uttar Pradesh,AMROHA,2005,Kharif,Sesamum,8,2,0.25
Uttar Pradesh,AMROHA,2005,Kharif,Sugarcane,76851,4797039,62.41999453
Uttar Pradesh,AMROHA,2005,Rabi,Barley,48,98,2.041666667
Uttar Pradesh,AMROHA,2005,Rabi,Gram,2,2,1
Uttar Pradesh,AMROHA,2005,Rabi,Potato,4303,92261,21.44108761
Uttar Pradesh,AMROHA,2005,Rabi,Rapeseed &Mustard,2069,2059,0.995166747
Uttar Pradesh,AMROHA,2005,Rabi,Wheat,87386,253682,2.903005058
Uttar Pradesh,AMROHA,2005,Whole Year,Dry chillies,78,71,0.91025641
Uttar Pradesh,AMROHA,2005,Whole Year,Onion,28,359,12.82142857
Uttar Pradesh,AMROHA,2005,Whole Year,Sweet potato,85,1112,13.08235294
Uttar Pradesh,AMROHA,2005,Whole Year,Tobacco,12,55,4.583333333
Uttar Pradesh,AMROHA,2006,Kharif,Arhar/Tur,522,345,0.66091954
Uttar Pradesh,AMROHA,2006,Kharif,Bajra,4194,2897,0.690748689
Uttar Pradesh,AMROHA,2006,Kharif,Dry ginger,1,3,3
Uttar Pradesh,AMROHA,2006,Kharif,Jowar,12,14,1.166666667
Uttar Pradesh,AMROHA,2006,Kharif,Maize,1929,1856,0.962156558
Uttar Pradesh,AMROHA,2006,Kharif,Other Kharif pulses,2824,2306,0.816572238
Uttar Pradesh,AMROHA,2006,Kharif,Rice,23621,48683,2.061005038
Uttar Pradesh,AMROHA,2006,Kharif,Sugarcane,73271,4632779,63.22800289
Uttar Pradesh,AMROHA,2006,Kharif,Sweet potato,96,1310,13.64583333
Uttar Pradesh,AMROHA,2006,Rabi,Barley,49,106,2.163265306
Uttar Pradesh,AMROHA,2006,Rabi,Gram,7,5,0.714285714
Uttar Pradesh,AMROHA,2006,Rabi,Masoor,126,89,0.706349206
Uttar Pradesh,AMROHA,2006,Rabi,Onion,2,38,19
Uttar Pradesh,AMROHA,2006,Rabi,Other  Rabi pulses,153,148,0.967320261
Uttar Pradesh,AMROHA,2006,Rabi,Potato,3140,48934,15.58407643
Uttar Pradesh,AMROHA,2006,Rabi,Rapeseed &Mustard,2016,1799,0.892361111
Uttar Pradesh,AMROHA,2006,Rabi,Wheat,89902,282472,3.141999066
Uttar Pradesh,AMROHA,2006,Summer,Maize,313,415,1.325878594
Uttar Pradesh,AMROHA,2006,Summer,Onion,4,47,11.75
Uttar Pradesh,AMROHA,2006,Whole Year,Dry chillies,127,120,0.94488189
Uttar Pradesh,AMROHA,2007,Kharif,Arhar/Tur,415,350,0.843373494
Uttar Pradesh,AMROHA,2007,Kharif,Bajra,2214,2188,0.988256549
Uttar Pradesh,AMROHA,2007,Kharif,Dry chillies,119,115,0.966386555
Uttar Pradesh,AMROHA,2007,Kharif,Jowar,9,5,0.555555556
Uttar Pradesh,AMROHA,2007,Kharif,Maize,1424,1891,1.327949438
Uttar Pradesh,AMROHA,2007,Kharif,Moong(Green Gram),19,4,0.210526316
Uttar Pradesh,AMROHA,2007,Kharif,Rice,21178,46761,2.207998867
Uttar Pradesh,AMROHA,2007,Kharif,Sugarcane,76488,4198579,54.89199613
Uttar Pradesh,AMROHA,2007,Kharif,Sweet potato,58,781,13.46551724
Uttar Pradesh,AMROHA,2007,Kharif,Urad,2686,2248,0.836932241
Uttar Pradesh,AMROHA,2007,Rabi,Barley,39,86,2.205128205
Uttar Pradesh,AMROHA,2007,Rabi,Gram,4,3,0.75
Uttar Pradesh,AMROHA,2007,Rabi,Masoor,73,42,0.575342466
Uttar Pradesh,AMROHA,2007,Rabi,Onion,5,70,14
Uttar Pradesh,AMROHA,2007,Rabi,Other  Rabi pulses,59,55,0.93220339
Uttar Pradesh,AMROHA,2007,Rabi,Potato,5144,92062,17.89696734
Uttar Pradesh,AMROHA,2007,Rabi,Rapeseed &Mustard,2460,2449,0.995528455
Uttar Pradesh,AMROHA,2007,Rabi,Wheat,92289,277421,3.006002882
Uttar Pradesh,AMROHA,2007,Summer,Maize,275,395,1.436363636
Uttar Pradesh,AMROHA,2008,Kharif,Arhar/Tur,571,462,0.80910683
Uttar Pradesh,AMROHA,2008,Kharif,Bajra,3550,3632,1.023098592
Uttar Pradesh,AMROHA,2008,Kharif,Dry chillies,76,75,0.986842105
Uttar Pradesh,AMROHA,2008,Kharif,Maize,1871,2447,1.307856761
Uttar Pradesh,AMROHA,2008,Kharif,Moong(Green Gram),16,6,0.375
Uttar Pradesh,AMROHA,2008,Kharif,Rice,31620,62418,1.974003795
Uttar Pradesh,AMROHA,2008,Kharif,Sesamum,8,1,0.125
Uttar Pradesh,AMROHA,2008,Kharif,Sugarcane,69445,3861420,55.60400317
Uttar Pradesh,AMROHA,2008,Kharif,Sweet potato,107,1314,12.28037383
Uttar Pradesh,AMROHA,2008,Kharif,Urad,2801,2612,0.932524099
Uttar Pradesh,AMROHA,2008,Rabi,Barley,35,82,2.342857143
Uttar Pradesh,AMROHA,2008,Rabi,Garlic,3,18,6
Uttar Pradesh,AMROHA,2008,Rabi,Gram,3,3,1
Uttar Pradesh,AMROHA,2008,Rabi,Masoor,97,76,0.783505155
Uttar Pradesh,AMROHA,2008,Rabi,Onion,3,35,11.66666667
Uttar Pradesh,AMROHA,2008,Rabi,Peas & beans (Pulses),147,178,1.210884354
Uttar Pradesh,AMROHA,2008,Rabi,Potato,3939,78512,19.93196243
Uttar Pradesh,AMROHA,2008,Rabi,Rapeseed &Mustard,3494,3256,0.931883228
Uttar Pradesh,AMROHA,2008,Rabi,Wheat,94217,297255,3.155003874
Uttar Pradesh,AMROHA,2008,Summer,Maize,564,844,1.496453901
Uttar Pradesh,AMROHA,2008,Summer,Rice,1,2,2
Uttar Pradesh,AMROHA,2009,Kharif,Arhar/Tur,336,226,0.672619048
Uttar Pradesh,AMROHA,2009,Kharif,Bajra,4030,3663,0.908933002
Uttar Pradesh,AMROHA,2009,Kharif,Dry chillies,96,85,0.885416667
Uttar Pradesh,AMROHA,2009,Kharif,Groundnut,34,23,0.676470588
Uttar Pradesh,AMROHA,2009,Kharif,Maize,1862,2782,1.494092374
Uttar Pradesh,AMROHA,2009,Kharif,Moong(Green Gram),144,21,0.145833333
Uttar Pradesh,AMROHA,2009,Kharif,Rice,26586,53916,2.027984654
Uttar Pradesh,AMROHA,2009,Kharif,Sugarcane,71482,4340959,60.72800145
Uttar Pradesh,AMROHA,2009,Kharif,Sweet potato,103,1401,13.60194175
Uttar Pradesh,AMROHA,2009,Kharif,Urad,3156,2976,0.942965779
Uttar Pradesh,AMROHA,2009,Rabi,Barley,85,195,2.294117647
Uttar Pradesh,AMROHA,2009,Rabi,Garlic,2,11,5.5
Uttar Pradesh,AMROHA,2009,Rabi,Masoor,146,117,0.801369863
Uttar Pradesh,AMROHA,2009,Rabi,Onion,59,1013,17.16949153
Uttar Pradesh,AMROHA,2009,Rabi,Peas & beans (Pulses),157,201,1.280254777
Uttar Pradesh,AMROHA,2009,Rabi,Potato,3413,70898,20.77292704
Uttar Pradesh,AMROHA,2009,Rabi,Rapeseed &Mustard,2970,2829,0.952525253
Uttar Pradesh,AMROHA,2009,Rabi,Wheat,97745,278280,2.846999847
Uttar Pradesh,AMROHA,2009,Summer,Maize,338,492,1.455621302
Uttar Pradesh,AMROHA,2009,Summer,Onion,1,14,14
Uttar Pradesh,AMROHA,2009,Summer,Rice,1,2,2
Uttar Pradesh,AMROHA,2010,Kharif,Arhar/Tur,292,211,0.72260274
Uttar Pradesh,AMROHA,2010,Kharif,Bajra,4115,3177,0.772053463
Uttar Pradesh,AMROHA,2010,Kharif,Dry chillies,92,81,0.880434783
Uttar Pradesh,AMROHA,2010,Kharif,Groundnut,15,15,1
Uttar Pradesh,AMROHA,2010,Kharif,Maize,2383,2752,1.154846832
Uttar Pradesh,AMROHA,2010,Kharif,Moong(Green Gram),26,12,0.461538462
Uttar Pradesh,AMROHA,2010,Kharif,Rice,24355,47127,1.935003079
Uttar Pradesh,AMROHA,2010,Kharif,Sesamum,17,3,0.176470588
Uttar Pradesh,AMROHA,2010,Kharif,Sugarcane,73251,4614813,63
Uttar Pradesh,AMROHA,2010,Kharif,Sweet potato,47,579,12.31914894
Uttar Pradesh,AMROHA,2010,Kharif,Urad,3276,2876,0.877899878
Uttar Pradesh,AMROHA,2010,Rabi,Barley,33,86,2.606060606
Uttar Pradesh,AMROHA,2010,Rabi,Masoor,74,52,0.702702703
Uttar Pradesh,AMROHA,2010,Rabi,Onion,4,74,18.5
Uttar Pradesh,AMROHA,2010,Rabi,Peas & beans (Pulses),87,101,1.16091954
Uttar Pradesh,AMROHA,2010,Rabi,Potato,2656,44849,16.88591867
Uttar Pradesh,AMROHA,2010,Rabi,Rapeseed &Mustard,2779,3007,1.082043901
Uttar Pradesh,AMROHA,2010,Rabi,Wheat,92023,291805,3.171000728
Uttar Pradesh,AMROHA,2010,Summer,Maize,219,321,1.465753425
Uttar Pradesh,AMROHA,2010,Summer,Urad,2,1,0.5
Uttar Pradesh,AMROHA,2011,Kharif,Arhar/Tur,347,280,0.806916427
Uttar Pradesh,AMROHA,2011,Kharif,Bajra,2674,2238,0.836948392
Uttar Pradesh,AMROHA,2011,Kharif,Dry chillies,102,85,0.833333333
Uttar Pradesh,AMROHA,2011,Kharif,Maize,2366,3374,1.426035503
Uttar Pradesh,AMROHA,2011,Kharif,Moong(Green Gram),93,39,0.419354839
Uttar Pradesh,AMROHA,2011,Kharif,Rice,28429,57370,2.018009779
Uttar Pradesh,AMROHA,2011,Kharif,Sesamum,7,2,0.285714286
Uttar Pradesh,AMROHA,2011,Kharif,Sugarcane,74955,4567458,60.9360016
Uttar Pradesh,AMROHA,2011,Kharif,Sweet potato,74,962,13
Uttar Pradesh,AMROHA,2011,Kharif,Urad,3287,2584,0.786127168
Uttar Pradesh,AMROHA,2011,Rabi,Barley,30,81,2.7
Uttar Pradesh,AMROHA,2011,Rabi,Maize,14,33,2.357142857
Uttar Pradesh,AMROHA,2011,Rabi,Masoor,65,79,1.215384615
Uttar Pradesh,AMROHA,2011,Rabi,Onion,8,183,22.875
Uttar Pradesh,AMROHA,2011,Rabi,Peas & beans (Pulses),49,81,1.653061224
Uttar Pradesh,AMROHA,2011,Rabi,Potato,3160,60852,19.25696203
Uttar Pradesh,AMROHA,2011,Rabi,Rapeseed &Mustard,2774,3013,1.086157174
Uttar Pradesh,AMROHA,2011,Rabi,Wheat,91042,287966,3.163001692
Uttar Pradesh,AMROHA,2011,Summer,Maize,295,488,1.654237288
Uttar Pradesh,AMROHA,2011,Summer,Urad,4,3,0.75
Uttar Pradesh,AMROHA,2012,Kharif,Arhar/Tur,227,194,0.854625551
Uttar Pradesh,AMROHA,2012,Kharif,Bajra,3953,2241,0.566911207
Uttar Pradesh,AMROHA,2012,Kharif,Dry chillies,62,50,0.806451613
Uttar Pradesh,AMROHA,2012,Kharif,Groundnut,4,4,1
Uttar Pradesh,AMROHA,2012,Kharif,Maize,1458,1311,0.899176955
Uttar Pradesh,AMROHA,2012,Kharif,Moong(Green Gram),33,17,0.515151515
Uttar Pradesh,AMROHA,2012,Kharif,Rice,22530,40914,1.815978695
Uttar Pradesh,AMROHA,2012,Kharif,Sesamum,23,4,0.173913043
Uttar Pradesh,AMROHA,2012,Kharif,Sugarcane,80944,5200490,64.24799862
Uttar Pradesh,AMROHA,2012,Kharif,Sweet potato,77,997,12.94805195
Uttar Pradesh,AMROHA,2012,Kharif,Urad,2668,2433,0.91191904
Uttar Pradesh,AMROHA,2012,Rabi,Barley,41,109,2.658536585
Uttar Pradesh,AMROHA,2012,Rabi,Masoor,87,78,0.896551724
Uttar Pradesh,AMROHA,2012,Rabi,Onion,10,230,23
Uttar Pradesh,AMROHA,2012,Rabi,Peas & beans (Pulses),38,49,1.289473684
Uttar Pradesh,AMROHA,2012,Rabi,Potato,3029,40337,13.31693628
Uttar Pradesh,AMROHA,2012,Rabi,Rapeseed &Mustard,3480,4863,1.397413793
Uttar Pradesh,AMROHA,2012,Rabi,Wheat,90059,289179,3.210995014
Uttar Pradesh,AMROHA,2012,Summer,Maize,369,682,1.848238482
Uttar Pradesh,AMROHA,2012,Summer,Urad,1,1,1
Uttar Pradesh,AMROHA,2013,Kharif,Arhar/Tur,660,595,0.901515152
Uttar Pradesh,AMROHA,2013,Kharif,Bajra,3375,1914,0.567111111
Uttar Pradesh,AMROHA,2013,Kharif,Dry chillies,39,31,0.794871795
Uttar Pradesh,AMROHA,2013,Kharif,Guar seed,3,3,1
Uttar Pradesh,AMROHA,2013,Kharif,Maize,1820,2186,1.201098901
Uttar Pradesh,AMROHA,2013,Kharif,Moong(Green Gram),36,12,0.333333333
Uttar Pradesh,AMROHA,2013,Kharif,Rice,28126,59177,2.103996302
Uttar Pradesh,AMROHA,2013,Kharif,Sugarcane,75729,5276494,69.67600259
Uttar Pradesh,AMROHA,2013,Kharif,Sweet potato,86,1137,13.22093023
Uttar Pradesh,AMROHA,2013,Kharif,Urad,3458,2670,0.772122614
Uttar Pradesh,AMROHA,2013,Rabi,Barley,50,144,2.88
Uttar Pradesh,AMROHA,2013,Rabi,Masoor,87,137,1.574712644
Uttar Pradesh,AMROHA,2013,Rabi,Onion,20,407,20.35
Uttar Pradesh,AMROHA,2013,Rabi,Peas & beans (Pulses),182,182,1
Uttar Pradesh,AMROHA,2013,Rabi,Potato,3924,89840,22.8950051
Uttar Pradesh,AMROHA,2013,Rabi,Rapeseed &Mustard,2963,3606,1.217009787
Uttar Pradesh,AMROHA,2013,Rabi,Wheat,92633,305040,3.292994937
Uttar Pradesh,AMROHA,2013,Summer,Maize,338,621,1.837278107
Uttar Pradesh,AMROHA,2013,Summer,Rice,2,4,2
Uttar Pradesh,AMROHA,2013,Summer,Urad,10,6,0.6
Uttar Pradesh,AMROHA,2014,Kharif,Arhar/Tur,196,128,0.653061224
Uttar Pradesh,AMROHA,2014,Kharif,Bajra,4172,4310,1.033077661
Uttar Pradesh,AMROHA,2014,Kharif,Dry chillies,78,64,0.820512821
Uttar Pradesh,AMROHA,2014,Kharif,Groundnut,1,1,1
Uttar Pradesh,AMROHA,2014,Kharif,Maize,1807,2458,1.360265634
Uttar Pradesh,AMROHA,2014,Kharif,Moong(Green Gram),72,23,0.319444444
Uttar Pradesh,AMROHA,2014,Kharif,Rice,23134,61606,2.66300683
Uttar Pradesh,AMROHA,2014,Kharif,Sesamum,11,2,0.181818182
Uttar Pradesh,AMROHA,2014,Kharif,Sugarcane,75824,5348322,70.53600443
Uttar Pradesh,AMROHA,2014,Kharif,Sweet potato,41,508,12.3902439
Uttar Pradesh,AMROHA,2014,Kharif,Urad,3049,2717,0.89111184
Uttar Pradesh,AMROHA,2014,Rabi,Barley,31,53,1.709677419
Uttar Pradesh,AMROHA,2014,Rabi,Gram,2,1,0.5
Uttar Pradesh,AMROHA,2014,Rabi,Maize,7,17,2.428571429
Uttar Pradesh,AMROHA,2014,Rabi,Masoor,63,31,0.492063492
Uttar Pradesh,AMROHA,2014,Rabi,Onion,22,337,15.31818182
Uttar Pradesh,AMROHA,2014,Rabi,Peas & beans (Pulses),153,147,0.960784314
Uttar Pradesh,AMROHA,2014,Rabi,Potato,3369,71969,21.36212526
Uttar Pradesh,AMROHA,2014,Rabi,Rapeseed &Mustard,3122,3265,1.045803972
Uttar Pradesh,AMROHA,2014,Rabi,Wheat,91563,193106,2.108995992
Uttar Pradesh,AMROHA,2014,Summer,Maize,327,581,1.77675841
Uttar Pradesh,AMROHA,2014,Summer,Moong(Green Gram),1,1,1
Uttar Pradesh,AMROHA,2014,Summer,Onion,1,15,15
Uttar Pradesh,AMROHA,2014,Summer,Rice,13,34,2.615384615
Uttar Pradesh,AMROHA,2014,Summer,Urad,1,1,1
Uttar Pradesh,AURAIYA,1997,Kharif,Arhar/Tur,5714,5871,1.027476374
Uttar Pradesh,AURAIYA,1997,Kharif,Bajra,23806,37853,1.590061329
Uttar Pradesh,AURAIYA,1997,Kharif,Groundnut,321,257,0.800623053
Uttar Pradesh,AURAIYA,1997,Kharif,Jowar,2487,2972,1.195014073
Uttar Pradesh,AURAIYA,1997,Kharif,Maize,14135,30099,2.129395119
Uttar Pradesh,AURAIYA,1997,Kharif,Moong(Green Gram),19,8,0.421052632
Uttar Pradesh,AURAIYA,1997,Kharif,Rice,41064,94537,2.30218683
Uttar Pradesh,AURAIYA,1997,Kharif,Sesamum,16,3,0.1875
Uttar Pradesh,AURAIYA,1997,Kharif,Urad,2319,1606,0.692539888
Uttar Pradesh,AURAIYA,1997,Rabi,Barley,4216,8891,2.108870968
Uttar Pradesh,AURAIYA,1997,Rabi,Gram,7243,8659,1.195499103
Uttar Pradesh,AURAIYA,1997,Rabi,Masoor,25,19,0.76
Uttar Pradesh,AURAIYA,1997,Rabi,Peas & beans (Pulses),3197,4954,1.549577729
Uttar Pradesh,AURAIYA,1997,Rabi,Rapeseed &Mustard,18674,9468,0.507015101
Uttar Pradesh,AURAIYA,1997,Rabi,Sunflower,122,185,1.516393443
Uttar Pradesh,AURAIYA,1997,Rabi,Wheat,80275,210195,2.618436624
Uttar Pradesh,AURAIYA,1997,Summer,Maize,127,201,1.582677165
Uttar Pradesh,AURAIYA,1997,Summer,Moong(Green Gram),1065,637,0.598122066
Uttar Pradesh,AURAIYA,1997,Summer,Urad,475,223,0.469473684
Uttar Pradesh,AURAIYA,1997,Whole Year,Potato,2858,39128,13.69069279
Uttar Pradesh,AURAIYA,1997,Whole Year,Sugarcane,1592,80647,50.65766332
Uttar Pradesh,AURAIYA,1998,Kharif,Arhar/Tur,5660,12918,2.282332155
Uttar Pradesh,AURAIYA,1998,Kharif,Bajra,24025,39118,1.628220604
Uttar Pradesh,AURAIYA,1998,Kharif,Groundnut,254,211,0.830708661
Uttar Pradesh,AURAIYA,1998,Kharif,Jowar,2498,2210,0.884707766
Uttar Pradesh,AURAIYA,1998,Kharif,Maize,14539,12207,0.839603824
Uttar Pradesh,AURAIYA,1998,Kharif,Moong(Green Gram),17,4,0.235294118
Uttar Pradesh,AURAIYA,1998,Kharif,Rice,42018,109833,2.613951164
Uttar Pradesh,AURAIYA,1998,Kharif,Sesamum,11,1,0.090909091
Uttar Pradesh,AURAIYA,1998,Kharif,Urad,2295,1608,0.700653595
Uttar Pradesh,AURAIYA,1998,Rabi,Barley,3981,10018,2.516453152
Uttar Pradesh,AURAIYA,1998,Rabi,Gram,7029,8854,1.25963864
Uttar Pradesh,AURAIYA,1998,Rabi,Linseed,3,1,0.333333333
Uttar Pradesh,AURAIYA,1998,Rabi,Masoor,57,41,0.719298246
Uttar Pradesh,AURAIYA,1998,Rabi,Peas & beans (Pulses),3810,6450,1.692913386
Uttar Pradesh,AURAIYA,1998,Rabi,Rapeseed &Mustard,17227,18718,1.086550183
Uttar Pradesh,AURAIYA,1998,Rabi,Sunflower,54,99,1.833333333
Uttar Pradesh,AURAIYA,1998,Rabi,Wheat,86080,292191,3.394412175
Uttar Pradesh,AURAIYA,1998,Summer,Maize,112,114,1.017857143
Uttar Pradesh,AURAIYA,1998,Summer,Moong(Green Gram),1191,750,0.629722922
Uttar Pradesh,AURAIYA,1998,Summer,Urad,534,234,0.438202247
Uttar Pradesh,AURAIYA,1998,Whole Year,Onion,120,1317,10.975
Uttar Pradesh,AURAIYA,1998,Whole Year,Potato,3203,76178,23.78332813
Uttar Pradesh,AURAIYA,1998,Whole Year,Sannhamp,17,6,0.352941176
Uttar Pradesh,AURAIYA,1998,Whole Year,Sugarcane,1822,104771,57.50329308
Uttar Pradesh,AURAIYA,1998,Whole Year,Tobacco,3,18,6
Uttar Pradesh,AURAIYA,1999,Kharif,Arhar/Tur,3979,4831,1.214124152
Uttar Pradesh,AURAIYA,1999,Kharif,Bajra,23213,38765,1.669969414
Uttar Pradesh,AURAIYA,1999,Kharif,Groundnut,148,172,1.162162162
Uttar Pradesh,AURAIYA,1999,Kharif,Jowar,2261,2482,1.097744361
Uttar Pradesh,AURAIYA,1999,Kharif,Maize,12765,21505,1.684684685
Uttar Pradesh,AURAIYA,1999,Kharif,Moong(Green Gram),33,9,0.272727273
Uttar Pradesh,AURAIYA,1999,Kharif,Rice,49516,121005,2.443755554
Uttar Pradesh,AURAIYA,1999,Kharif,Soyabean,2,2,1
Uttar Pradesh,AURAIYA,1999,Kharif,Sunflower,127,184,1.448818898
Uttar Pradesh,AURAIYA,1999,Kharif,Urad,1616,1350,0.83539604
Uttar Pradesh,AURAIYA,1999,Rabi,Barley,4307,11150,2.588808916
Uttar Pradesh,AURAIYA,1999,Rabi,Gram,6693,8677,1.296429105
Uttar Pradesh,AURAIYA,1999,Rabi,Linseed,20,9,0.45
Uttar Pradesh,AURAIYA,1999,Rabi,Maize,83,120,1.445783133
Uttar Pradesh,AURAIYA,1999,Rabi,Rapeseed &Mustard,17005,23316,1.371126139
Uttar Pradesh,AURAIYA,1999,Rabi,Wheat,86927,282638,3.251440864
Uttar Pradesh,AURAIYA,1999,Summer,Moong(Green Gram),1096,558,0.509124088
Uttar Pradesh,AURAIYA,1999,Summer,Urad,604,340,0.562913907
Uttar Pradesh,AURAIYA,1999,Whole Year,Onion,185,2652,14.33513514
Uttar Pradesh,AURAIYA,1999,Whole Year,Peas & beans (Pulses),3017,5971,1.979118329
Uttar Pradesh,AURAIYA,1999,Whole Year,Potato,3507,109944,31.34987169
Uttar Pradesh,AURAIYA,1999,Whole Year,Sugarcane,1492,99065,66.39745308
Uttar Pradesh,AURAIYA,2000,Kharif,Arhar/Tur,3830,4406,1.150391645
Uttar Pradesh,AURAIYA,2000,Kharif,Bajra,24378,35068,1.438510132
Uttar Pradesh,AURAIYA,2000,Kharif,Groundnut,122,157,1.286885246
Uttar Pradesh,AURAIYA,2000,Kharif,Jowar,2015,2280,1.131513648
Uttar Pradesh,AURAIYA,2000,Kharif,Maize,13147,32131,2.443979615
Uttar Pradesh,AURAIYA,2000,Kharif,Moong(Green Gram),37,11,0.297297297
Uttar Pradesh,AURAIYA,2000,Kharif,Rice,48622,89219,1.834951257
Uttar Pradesh,AURAIYA,2000,Kharif,Sesamum,18,4,0.222222222
Uttar Pradesh,AURAIYA,2000,Kharif,Soyabean,1,1,1
Uttar Pradesh,AURAIYA,2000,Kharif,Urad,1602,885,0.552434457
Uttar Pradesh,AURAIYA,2000,Rabi,Barley,4246,9338,2.19924635
Uttar Pradesh,AURAIYA,2000,Rabi,Gram,6344,8776,1.383354351
Uttar Pradesh,AURAIYA,2000,Rabi,Linseed,25,9,0.36
Uttar Pradesh,AURAIYA,2000,Rabi,Maize,45,73,1.622222222
Uttar Pradesh,AURAIYA,2000,Rabi,Masoor,99,62,0.626262626
Uttar Pradesh,AURAIYA,2000,Rabi,Moong(Green Gram),681,366,0.537444934
Uttar Pradesh,AURAIYA,2000,Rabi,Peas & beans (Pulses),2331,4126,1.77005577
Uttar Pradesh,AURAIYA,2000,Rabi,Rapeseed &Mustard,14994,18270,1.218487395
Uttar Pradesh,AURAIYA,2000,Rabi,Urad,537,267,0.497206704
Uttar Pradesh,AURAIYA,2000,Rabi,Wheat,88940,298990,3.36170452
Uttar Pradesh,AURAIYA,2000,Whole Year,Potato,2857,64642,22.62583129
Uttar Pradesh,AURAIYA,2000,Whole Year,Sugarcane,1296,56248,43.40123457
Uttar Pradesh,AURAIYA,2001,Kharif,Arhar/Tur,4362,7708,1.767079321
Uttar Pradesh,AURAIYA,2001,Kharif,Bajra,21902,29596,1.351292119
Uttar Pradesh,AURAIYA,2001,Kharif,Groundnut,139,117,0.841726619
Uttar Pradesh,AURAIYA,2001,Kharif,Jowar,2796,2083,0.744992847
Uttar Pradesh,AURAIYA,2001,Kharif,Maize,12999,27545,2.119009155
Uttar Pradesh,AURAIYA,2001,Kharif,Moong(Green Gram),138,38,0.275362319
Uttar Pradesh,AURAIYA,2001,Kharif,Rice,51471,125273,2.433855958
Uttar Pradesh,AURAIYA,2001,Kharif,Sesamum,28,5,0.178571429
Uttar Pradesh,AURAIYA,2001,Kharif,Small millets,4,3,0.75
Uttar Pradesh,AURAIYA,2001,Kharif,Sunflower,3,7,2.333333333
Uttar Pradesh,AURAIYA,2001,Kharif,Urad,2717,1353,0.497975709
Uttar Pradesh,AURAIYA,2001,Rabi,Barley,3868,9176,2.372285419
Uttar Pradesh,AURAIYA,2001,Rabi,Gram,8633,9035,1.046565504
Uttar Pradesh,AURAIYA,2001,Rabi,Linseed,4,2,0.5
Uttar Pradesh,AURAIYA,2001,Rabi,Maize,60,98,1.633333333
Uttar Pradesh,AURAIYA,2001,Rabi,Masoor,70,56,0.8
Uttar Pradesh,AURAIYA,2001,Rabi,Moong(Green Gram),661,360,0.544629349
Uttar Pradesh,AURAIYA,2001,Rabi,Peas & beans (Pulses),1175,2130,1.812765957
Uttar Pradesh,AURAIYA,2001,Rabi,Rapeseed &Mustard,12739,15285,1.199858702
Uttar Pradesh,AURAIYA,2001,Rabi,Urad,615,386,0.627642276
Uttar Pradesh,AURAIYA,2001,Rabi,Wheat,88476,289048,3.266965053
Uttar Pradesh,AURAIYA,2001,Whole Year,Potato,2738,59475,21.7220599
Uttar Pradesh,AURAIYA,2001,Whole Year,Sugarcane,1306,77985,59.71286371
Uttar Pradesh,AURAIYA,2002,Kharif,Bajra,28260,39094,1.383368719
Uttar Pradesh,AURAIYA,2002,Kharif,Groundnut,176,115,0.653409091
Uttar Pradesh,AURAIYA,2002,Kharif,Jowar,1776,2190,1.233108108
Uttar Pradesh,AURAIYA,2002,Kharif,Maize,10915,19876,1.820980302
Uttar Pradesh,AURAIYA,2002,Kharif,Moong(Green Gram),170,114,0.670588235
Uttar Pradesh,AURAIYA,2002,Kharif,Rice,36993,81678,2.20793123
Uttar Pradesh,AURAIYA,2002,Kharif,Sesamum,16,3,0.1875
Uttar Pradesh,AURAIYA,2002,Kharif,Sunflower,11,21,1.909090909
Uttar Pradesh,AURAIYA,2002,Kharif,Urad,2942,1936,0.658055744
Uttar Pradesh,AURAIYA,2002,Rabi,Barley,3823,11459,2.997384253
Uttar Pradesh,AURAIYA,2002,Rabi,Gram,10084,13643,1.352935343
Uttar Pradesh,AURAIYA,2002,Rabi,Linseed,6,3,0.5
Uttar Pradesh,AURAIYA,2002,Rabi,Maize,56,62,1.107142857
Uttar Pradesh,AURAIYA,2002,Rabi,Masoor,43,33,0.76744186
Uttar Pradesh,AURAIYA,2002,Rabi,Onion,33,341,10.33333333
Uttar Pradesh,AURAIYA,2002,Rabi,Peas & beans (Pulses),761,1178,1.547963206
Uttar Pradesh,AURAIYA,2002,Rabi,Rapeseed &Mustard,12103,14326,1.183673469
Uttar Pradesh,AURAIYA,2002,Rabi,Wheat,87132,246720,2.8315659
Uttar Pradesh,AURAIYA,2002,Summer,Moong(Green Gram),456,238,0.521929825
Uttar Pradesh,AURAIYA,2002,Summer,Onion,50,559,11.18
Uttar Pradesh,AURAIYA,2002,Summer,Urad,412,346,0.839805825
Uttar Pradesh,AURAIYA,2002,Whole Year,Potato,3650,96751,26.50712329
Uttar Pradesh,AURAIYA,2002,Whole Year,Sugarcane,1154,66091,57.2712305
Uttar Pradesh,AURAIYA,2002,Whole Year,Turmeric,1,2,2
Uttar Pradesh,AURAIYA,2003,Kharif,Arhar/Tur,3554,3267,0.91924592
Uttar Pradesh,AURAIYA,2003,Kharif,Bajra,29559,39690,1.342738252
Uttar Pradesh,AURAIYA,2003,Kharif,Groundnut,187,125,0.668449198
Uttar Pradesh,AURAIYA,2003,Kharif,Jowar,1933,2491,1.28867046
Uttar Pradesh,AURAIYA,2003,Kharif,Maize,11607,21299,1.835013354
Uttar Pradesh,AURAIYA,2003,Kharif,Moong(Green Gram),322,75,0.232919255
Uttar Pradesh,AURAIYA,2003,Kharif,Rice,43191,97961,2.268088259
Uttar Pradesh,AURAIYA,2003,Kharif,Sesamum,25,3,0.12
Uttar Pradesh,AURAIYA,2003,Kharif,Sunflower,44,73,1.659090909
Uttar Pradesh,AURAIYA,2003,Kharif,Urad,2877,1867,0.648939868
Uttar Pradesh,AURAIYA,2003,Rabi,Barley,3903,9690,2.482705611
Uttar Pradesh,AURAIYA,2003,Rabi,Gram,9810,10452,1.065443425
Uttar Pradesh,AURAIYA,2003,Rabi,Linseed,15,7,0.466666667
Uttar Pradesh,AURAIYA,2003,Rabi,Masoor,61,55,0.901639344
Uttar Pradesh,AURAIYA,2003,Rabi,Onion,24,345,14.375
Uttar Pradesh,AURAIYA,2003,Rabi,Peas & beans (Pulses),871,1609,1.847301952
Uttar Pradesh,AURAIYA,2003,Rabi,Rapeseed &Mustard,14233,15815,1.111150144
Uttar Pradesh,AURAIYA,2003,Rabi,Wheat,91012,284408,3.124950556
Uttar Pradesh,AURAIYA,2003,Summer,Maize,76,104,1.368421053
Uttar Pradesh,AURAIYA,2003,Summer,Moong(Green Gram),663,393,0.592760181
Uttar Pradesh,AURAIYA,2003,Summer,Onion,85,866,10.18823529
Uttar Pradesh,AURAIYA,2003,Summer,Urad,593,520,0.876897133
Uttar Pradesh,AURAIYA,2003,Whole Year,Potato,3647,78713,21.58294489
Uttar Pradesh,AURAIYA,2003,Whole Year,Sugarcane,1009,70799,70.16749257
Uttar Pradesh,AURAIYA,2004,Kharif,Bajra,28771,44053,1.531159848
Uttar Pradesh,AURAIYA,2004,Kharif,Groundnut,240,198,0.825
Uttar Pradesh,AURAIYA,2004,Kharif,Jowar,1768,1762,0.996606335
Uttar Pradesh,AURAIYA,2004,Kharif,Maize,12053,24323,2.018003816
Uttar Pradesh,AURAIYA,2004,Kharif,Rice,45897,129492,2.821360873
Uttar Pradesh,AURAIYA,2004,Kharif,Sesamum,89,14,0.157303371
Uttar Pradesh,AURAIYA,2004,Kharif,Soyabean,1,1,1
Uttar Pradesh,AURAIYA,2004,Kharif,Sugarcane,910,48648,53.45934066
Uttar Pradesh,AURAIYA,2004,Rabi,Barley,3267,6308,1.930823385
Uttar Pradesh,AURAIYA,2004,Rabi,Gram,9222,9893,1.072760789
Uttar Pradesh,AURAIYA,2004,Rabi,Linseed,6,3,0.5
Uttar Pradesh,AURAIYA,2004,Rabi,Potato,3270,69023,21.10795107
Uttar Pradesh,AURAIYA,2004,Rabi,Rapeseed &Mustard,15705,16148,1.028207577
Uttar Pradesh,AURAIYA,2004,Rabi,Turmeric,12,21,1.75
Uttar Pradesh,AURAIYA,2004,Rabi,Wheat,93788,235712,2.513242632
Uttar Pradesh,AURAIYA,2004,Summer,Sunflower,98,191,1.948979592
Uttar Pradesh,AURAIYA,2004,Whole Year,Dry chillies,44,41,0.931818182
Uttar Pradesh,AURAIYA,2004,Whole Year,Garlic,41,178,4.341463415
Uttar Pradesh,AURAIYA,2004,Whole Year,Guar seed,7,6,0.857142857
Uttar Pradesh,AURAIYA,2004,Whole Year,Onion,90,1062,11.8
Uttar Pradesh,AURAIYA,2004,Whole Year,Sweet potato,77,895,11.62337662
Uttar Pradesh,AURAIYA,2005,Kharif,Bajra,25255,38851,1.538348842
Uttar Pradesh,AURAIYA,2005,Kharif,Jowar,3052,4192,1.373525557
Uttar Pradesh,AURAIYA,2005,Kharif,Maize,11607,16761,1.444042388
Uttar Pradesh,AURAIYA,2005,Kharif,Rice,42877,108007,2.518996198
Uttar Pradesh,AURAIYA,2005,Kharif,Sesamum,71,13,0.183098592
Uttar Pradesh,AURAIYA,2005,Kharif,Sugarcane,1009,46916,46.4975223
Uttar Pradesh,AURAIYA,2005,Rabi,Barley,3266,7755,2.374464176
Uttar Pradesh,AURAIYA,2005,Rabi,Gram,9620,10198,1.06008316
Uttar Pradesh,AURAIYA,2005,Rabi,Linseed,15,6,0.4
Uttar Pradesh,AURAIYA,2005,Rabi,Potato,3810,91253,23.95091864
Uttar Pradesh,AURAIYA,2005,Rabi,Rapeseed &Mustard,14868,17542,1.179849341
Uttar Pradesh,AURAIYA,2005,Rabi,Wheat,91594,267912,2.924995087
Uttar Pradesh,AURAIYA,2005,Summer,Sunflower,48,65,1.354166667
Uttar Pradesh,AURAIYA,2005,Whole Year,Banana,1,38,38
Uttar Pradesh,AURAIYA,2005,Whole Year,Coriander,17,10,0.588235294
Uttar Pradesh,AURAIYA,2005,Whole Year,Dry chillies,36,33,0.916666667
Uttar Pradesh,AURAIYA,2005,Whole Year,Garlic,1841,8022,4.357414449
Uttar Pradesh,AURAIYA,2005,Whole Year,Guar seed,9,7,0.777777778
Uttar Pradesh,AURAIYA,2005,Whole Year,Onion,151,1944,12.87417219
Uttar Pradesh,AURAIYA,2005,Whole Year,Sweet potato,85,1112,13.08235294
Uttar Pradesh,AURAIYA,2006,Kharif,Arhar/Tur,3982,3498,0.878453039
Uttar Pradesh,AURAIYA,2006,Kharif,Bajra,28309,48997,1.730792328
Uttar Pradesh,AURAIYA,2006,Kharif,Groundnut,205,148,0.72195122
Uttar Pradesh,AURAIYA,2006,Kharif,Jowar,1486,1676,1.127860027
Uttar Pradesh,AURAIYA,2006,Kharif,Maize,10432,20322,1.948044479
Uttar Pradesh,AURAIYA,2006,Kharif,Other Kharif pulses,4083,3095,0.758021063
Uttar Pradesh,AURAIYA,2006,Kharif,Rice,48919,135457,2.769005908
Uttar Pradesh,AURAIYA,2006,Kharif,Sesamum,93,16,0.172043011
Uttar Pradesh,AURAIYA,2006,Kharif,Sugarcane,1000,56765,56.765
Uttar Pradesh,AURAIYA,2006,Kharif,Sweet potato,85,1160,13.64705882
Uttar Pradesh,AURAIYA,2006,Rabi,Barley,4306,10656,2.474686484
Uttar Pradesh,AURAIYA,2006,Rabi,Garlic,2681,11788,4.396866841
Uttar Pradesh,AURAIYA,2006,Rabi,Gram,8827,8720,0.987878101
Uttar Pradesh,AURAIYA,2006,Rabi,Linseed,24,8,0.333333333
Uttar Pradesh,AURAIYA,2006,Rabi,Masoor,314,381,1.213375796
Uttar Pradesh,AURAIYA,2006,Rabi,Onion,19,364,19.15789474
Uttar Pradesh,AURAIYA,2006,Rabi,Other  Rabi pulses,829,1441,1.738238842
Uttar Pradesh,AURAIYA,2006,Rabi,Potato,4054,124170,30.62900839
Uttar Pradesh,AURAIYA,2006,Rabi,Rapeseed &Mustard,16742,17402,1.039421813
Uttar Pradesh,AURAIYA,2006,Rabi,Turmeric,7,24,3.428571429
Uttar Pradesh,AURAIYA,2006,Rabi,Wheat,94498,296535,3.138002921
Uttar Pradesh,AURAIYA,2006,Summer,Maize,850,1127,1.325882353
Uttar Pradesh,AURAIYA,2006,Summer,Onion,54,629,11.64814815
Uttar Pradesh,AURAIYA,2006,Summer,Sunflower,24,33,1.375
Uttar Pradesh,AURAIYA,2006,Whole Year,Coriander,12,6,0.5
Uttar Pradesh,AURAIYA,2006,Whole Year,Dry chillies,30,28,0.933333333
Uttar Pradesh,AURAIYA,2006,Whole Year,Guar seed,34,29,0.852941176
Uttar Pradesh,AURAIYA,2007,Kharif,Arhar/Tur,4222,4863,1.15182378
Uttar Pradesh,AURAIYA,2007,Kharif,Bajra,30047,55345,1.841947615
Uttar Pradesh,AURAIYA,2007,Kharif,Dry chillies,8,8,1
Uttar Pradesh,AURAIYA,2007,Kharif,Groundnut,263,157,0.596958175
Uttar Pradesh,AURAIYA,2007,Kharif,Guar seed,15,13,0.866666667
Uttar Pradesh,AURAIYA,2007,Kharif,Jowar,1533,1879,1.225701239
Uttar Pradesh,AURAIYA,2007,Kharif,Maize,10099,22016,2.180017824
Uttar Pradesh,AURAIYA,2007,Kharif,Moong(Green Gram),153,30,0.196078431
Uttar Pradesh,AURAIYA,2007,Kharif,Rice,44161,121045,2.740993184
Uttar Pradesh,AURAIYA,2007,Kharif,Sannhamp,10,2,0.2
Uttar Pradesh,AURAIYA,2007,Kharif,Sesamum,396,61,0.154040404
Uttar Pradesh,AURAIYA,2007,Kharif,Sugarcane,921,46641,50.64169381
Uttar Pradesh,AURAIYA,2007,Kharif,Sweet potato,44,592,13.45454545
Uttar Pradesh,AURAIYA,2007,Kharif,Urad,1849,1503,0.812871823
Uttar Pradesh,AURAIYA,2007,Rabi,Barley,2899,6757,2.330803725
Uttar Pradesh,AURAIYA,2007,Rabi,Coriander,12,7,0.583333333
Uttar Pradesh,AURAIYA,2007,Rabi,Gram,12255,14790,1.206854345
Uttar Pradesh,AURAIYA,2007,Rabi,Masoor,5,3,0.6
Uttar Pradesh,AURAIYA,2007,Rabi,Onion,46,643,13.97826087
Uttar Pradesh,AURAIYA,2007,Rabi,Other  Rabi pulses,792,1451,1.832070707
Uttar Pradesh,AURAIYA,2007,Rabi,Potato,4431,97774,22.06589935
Uttar Pradesh,AURAIYA,2007,Rabi,Rapeseed &Mustard,12164,17757,1.459799408
Uttar Pradesh,AURAIYA,2007,Rabi,Turmeric,7,22,3.142857143
Uttar Pradesh,AURAIYA,2007,Rabi,Wheat,94475,288716,3.056004234
Uttar Pradesh,AURAIYA,2007,Summer,Maize,57,82,1.438596491
Uttar Pradesh,AURAIYA,2007,Summer,Moong(Green Gram),964,644,0.668049793
Uttar Pradesh,AURAIYA,2007,Summer,Onion,113,1282,11.34513274
Uttar Pradesh,AURAIYA,2007,Summer,Sunflower,26,30,1.153846154
Uttar Pradesh,AURAIYA,2007,Summer,Urad,813,531,0.653136531
Uttar Pradesh,AURAIYA,2008,Kharif,Arhar/Tur,3399,5424,1.59576346
Uttar Pradesh,AURAIYA,2008,Kharif,Bajra,22833,53879,2.359698682
Uttar Pradesh,AURAIYA,2008,Kharif,Dry chillies,31,31,1
Uttar Pradesh,AURAIYA,2008,Kharif,Groundnut,153,109,0.712418301
Uttar Pradesh,AURAIYA,2008,Kharif,Guar seed,151,127,0.841059603
Uttar Pradesh,AURAIYA,2008,Kharif,Jowar,1760,2248,1.277272727
Uttar Pradesh,AURAIYA,2008,Kharif,Maize,7553,18173,2.406063816
Uttar Pradesh,AURAIYA,2008,Kharif,Moong(Green Gram),73,27,0.369863014
Uttar Pradesh,AURAIYA,2008,Kharif,Rice,52031,159631,3.067997924
Uttar Pradesh,AURAIYA,2008,Kharif,Sannhamp,5,2,0.4
Uttar Pradesh,AURAIYA,2008,Kharif,Sesamum,777,128,0.164736165
Uttar Pradesh,AURAIYA,2008,Kharif,Sugarcane,656,29335,44.7179878
Uttar Pradesh,AURAIYA,2008,Kharif,Sweet potato,33,405,12.27272727
Uttar Pradesh,AURAIYA,2008,Kharif,Urad,944,866,0.917372881
Uttar Pradesh,AURAIYA,2008,Rabi,Barley,2102,4957,2.358230257
Uttar Pradesh,AURAIYA,2008,Rabi,Coriander,14,8,0.571428571
Uttar Pradesh,AURAIYA,2008,Rabi,Garlic,2538,14949,5.890070922
Uttar Pradesh,AURAIYA,2008,Rabi,Gram,6105,10093,1.653235053
Uttar Pradesh,AURAIYA,2008,Rabi,Linseed,47,21,0.446808511
Uttar Pradesh,AURAIYA,2008,Rabi,Masoor,97,86,0.886597938
Uttar Pradesh,AURAIYA,2008,Rabi,Onion,50,586,11.72
Uttar Pradesh,AURAIYA,2008,Rabi,Peas & beans (Pulses),215,364,1.693023256
Uttar Pradesh,AURAIYA,2008,Rabi,Potato,4425,141764,32.03706215
Uttar Pradesh,AURAIYA,2008,Rabi,Rapeseed &Mustard,17628,26978,1.530406172
Uttar Pradesh,AURAIYA,2008,Rabi,Wheat,98367,348022,3.537995466
Uttar Pradesh,AURAIYA,2008,Summer,Banana,1,38,38
Uttar Pradesh,AURAIYA,2008,Summer,Maize,112,168,1.5
Uttar Pradesh,AURAIYA,2008,Summer,Moong(Green Gram),793,631,0.795712484
Uttar Pradesh,AURAIYA,2008,Summer,Sunflower,22,40,1.818181818
Uttar Pradesh,AURAIYA,2008,Summer,Urad,878,858,0.977220957
Uttar Pradesh,AURAIYA,2009,Kharif,Arhar/Tur,3592,4492,1.250556793
Uttar Pradesh,AURAIYA,2009,Kharif,Bajra,32973,74839,2.269705517
Uttar Pradesh,AURAIYA,2009,Kharif,Dry chillies,78,69,0.884615385
Uttar Pradesh,AURAIYA,2009,Kharif,Groundnut,109,74,0.678899083
Uttar Pradesh,AURAIYA,2009,Kharif,Guar seed,43,36,0.837209302
Uttar Pradesh,AURAIYA,2009,Kharif,Jowar,1116,1194,1.069892473
Uttar Pradesh,AURAIYA,2009,Kharif,Maize,6894,13464,1.953002611
Uttar Pradesh,AURAIYA,2009,Kharif,Moong(Green Gram),47,7,0.14893617
Uttar Pradesh,AURAIYA,2009,Kharif,Rice,35567,100406,2.823010094
Uttar Pradesh,AURAIYA,2009,Kharif,Sannhamp,2,,
Uttar Pradesh,AURAIYA,2009,Kharif,Sesamum,665,69,0.103759398
Uttar Pradesh,AURAIYA,2009,Kharif,Soyabean,8,8,1
Uttar Pradesh,AURAIYA,2009,Kharif,Sugarcane,765,39292,51.3620915
Uttar Pradesh,AURAIYA,2009,Kharif,Sweet potato,78,1061,13.6025641
Uttar Pradesh,AURAIYA,2009,Kharif,Urad,1176,544,0.462585034
Uttar Pradesh,AURAIYA,2009,Rabi,Barley,2184,4395,2.012362637
Uttar Pradesh,AURAIYA,2009,Rabi,Coriander,28,16,0.571428571
Uttar Pradesh,AURAIYA,2009,Rabi,Garlic,2092,11114,5.312619503
Uttar Pradesh,AURAIYA,2009,Rabi,Gram,6299,8154,1.294491189
Uttar Pradesh,AURAIYA,2009,Rabi,Linseed,27,12,0.444444444
Uttar Pradesh,AURAIYA,2009,Rabi,Masoor,73,59,0.808219178
Uttar Pradesh,AURAIYA,2009,Rabi,Onion,37,635,17.16216216
Uttar Pradesh,AURAIYA,2009,Rabi,Peas & beans (Pulses),191,266,1.392670157
Uttar Pradesh,AURAIYA,2009,Rabi,Potato,4430,144879,32.70406321
Uttar Pradesh,AURAIYA,2009,Rabi,Rapeseed &Mustard,14834,19957,1.345355265
Uttar Pradesh,AURAIYA,2009,Rabi,Turmeric,2,6,3
Uttar Pradesh,AURAIYA,2009,Rabi,Wheat,99599,286148,2.873000733
Uttar Pradesh,AURAIYA,2009,Summer,Banana,12,493,41.08333333
Uttar Pradesh,AURAIYA,2009,Summer,Maize,173,252,1.456647399
Uttar Pradesh,AURAIYA,2009,Summer,Moong(Green Gram),1053,898,0.852801519
Uttar Pradesh,AURAIYA,2009,Summer,Onion,49,723,14.75510204
Uttar Pradesh,AURAIYA,2009,Summer,Sunflower,15,34,2.266666667
Uttar Pradesh,AURAIYA,2009,Summer,Urad,1142,914,0.800350263
Uttar Pradesh,AURAIYA,2010,Kharif,Arhar/Tur,4024,3673,0.91277336
Uttar Pradesh,AURAIYA,2010,Kharif,Bajra,35282,70470,1.997335752
Uttar Pradesh,AURAIYA,2010,Kharif,Dry chillies,27,24,0.888888889
Uttar Pradesh,AURAIYA,2010,Kharif,Groundnut,199,197,0.989949749
Uttar Pradesh,AURAIYA,2010,Kharif,Guar seed,50,42,0.84
Uttar Pradesh,AURAIYA,2010,Kharif,Jowar,1198,1405,1.17278798
Uttar Pradesh,AURAIYA,2010,Kharif,Maize,8181,16624,2.032025425
Uttar Pradesh,AURAIYA,2010,Kharif,Moong(Green Gram),120,56,0.466666667
Uttar Pradesh,AURAIYA,2010,Kharif,Rice,37124,99641,2.684004956
Uttar Pradesh,AURAIYA,2010,Kharif,Sannhamp,1,,
Uttar Pradesh,AURAIYA,2010,Kharif,Sesamum,1046,206,0.196940727
Uttar Pradesh,AURAIYA,2010,Kharif,Sugarcane,529,28275,53.44990548
Uttar Pradesh,AURAIYA,2010,Kharif,Sweet potato,47,579,12.31914894
Uttar Pradesh,AURAIYA,2010,Kharif,Urad,1578,1900,1.204055767
Uttar Pradesh,AURAIYA,2010,Rabi,Barley,2270,6644,2.926872247
Uttar Pradesh,AURAIYA,2010,Rabi,Gram,5779,8496,1.470150545
Uttar Pradesh,AURAIYA,2010,Rabi,Linseed,20,9,0.45
Uttar Pradesh,AURAIYA,2010,Rabi,Masoor,60,68,1.133333333
Uttar Pradesh,AURAIYA,2010,Rabi,Onion,23,423,18.39130435
Uttar Pradesh,AURAIYA,2010,Rabi,Peas & beans (Pulses),153,224,1.464052288
Uttar Pradesh,AURAIYA,2010,Rabi,Potato,4636,129034,27.83304573
Uttar Pradesh,AURAIYA,2010,Rabi,Rapeseed &Mustard,14701,23197,1.577919869
Uttar Pradesh,AURAIYA,2010,Rabi,Tobacco,1,5,5
Uttar Pradesh,AURAIYA,2010,Rabi,Wheat,100626,377448,3.750998748
Uttar Pradesh,AURAIYA,2010,Summer,Maize,49,72,1.469387755
Uttar Pradesh,AURAIYA,2010,Summer,Moong(Green Gram),1624,1669,1.02770936
Uttar Pradesh,AURAIYA,2010,Summer,Sunflower,17,37,2.176470588
Uttar Pradesh,AURAIYA,2010,Summer,Urad,674,696,1.03264095
Uttar Pradesh,AURAIYA,2011,Kharif,Arhar/Tur,2650,3551,1.34
Uttar Pradesh,AURAIYA,2011,Kharif,Bajra,24467,50433,2.061266195
Uttar Pradesh,AURAIYA,2011,Kharif,Dry chillies,21,17,0.80952381
Uttar Pradesh,AURAIYA,2011,Kharif,Groundnut,252,252,1
Uttar Pradesh,AURAIYA,2011,Kharif,Guar seed,59,48,0.813559322
Uttar Pradesh,AURAIYA,2011,Kharif,Jowar,685,842,1.22919708
Uttar Pradesh,AURAIYA,2011,Kharif,Maize,9072,18380,2.026014109
Uttar Pradesh,AURAIYA,2011,Kharif,Moong(Green Gram),126,53,0.420634921
Uttar Pradesh,AURAIYA,2011,Kharif,Rice,50179,145519,2.899998007
Uttar Pradesh,AURAIYA,2011,Kharif,Sannhamp,5,1,0.2
Uttar Pradesh,AURAIYA,2011,Kharif,Sesamum,1020,261,0.255882353
Uttar Pradesh,AURAIYA,2011,Kharif,Sugarcane,885,51302,57.96836158
Uttar Pradesh,AURAIYA,2011,Kharif,Sweet potato,73,949,13
Uttar Pradesh,AURAIYA,2011,Kharif,Urad,1147,1157,1.008718396
Uttar Pradesh,AURAIYA,2011,Rabi,Barley,2286,7327,3.205161855
Uttar Pradesh,AURAIYA,2011,Rabi,Coriander,16,9,0.5625
Uttar Pradesh,AURAIYA,2011,Rabi,Garlic,2130,11008,5.168075117
Uttar Pradesh,AURAIYA,2011,Rabi,Gram,5499,9196,1.672304055
Uttar Pradesh,AURAIYA,2011,Rabi,Masoor,42,36,0.857142857
Uttar Pradesh,AURAIYA,2011,Rabi,Onion,40,915,22.875
Uttar Pradesh,AURAIYA,2011,Rabi,Peas & beans (Pulses),117,180,1.538461538
Uttar Pradesh,AURAIYA,2011,Rabi,Potato,4930,147284,29.87505071
Uttar Pradesh,AURAIYA,2011,Rabi,Rapeseed &Mustard,14012,20324,1.450471025
Uttar Pradesh,AURAIYA,2011,Rabi,Turmeric,1,3,3
Uttar Pradesh,AURAIYA,2011,Rabi,Wheat,101534,390703,3.848001655
Uttar Pradesh,AURAIYA,2011,Summer,Maize,188,311,1.654255319
Uttar Pradesh,AURAIYA,2011,Summer,Moong(Green Gram),1009,684,0.67789891
Uttar Pradesh,AURAIYA,2011,Summer,Onion,63,714,11.33333333
Uttar Pradesh,AURAIYA,2011,Summer,Urad,666,566,0.84984985
Uttar Pradesh,AURAIYA,2012,Kharif,Arhar/Tur,4600,5341,1.161086957
Uttar Pradesh,AURAIYA,2012,Kharif,Bajra,29943,71736,2.395751929
Uttar Pradesh,AURAIYA,2012,Kharif,Dry chillies,12,10,0.833333333
Uttar Pradesh,AURAIYA,2012,Kharif,Groundnut,149,148,0.993288591
Uttar Pradesh,AURAIYA,2012,Kharif,Guar seed,64,52,0.8125
Uttar Pradesh,AURAIYA,2012,Kharif,Jowar,1017,1397,1.373647984
Uttar Pradesh,AURAIYA,2012,Kharif,Maize,8615,22356,2.595008706
Uttar Pradesh,AURAIYA,2012,Kharif,Moong(Green Gram),85,43,0.505882353
Uttar Pradesh,AURAIYA,2012,Kharif,Rice,52566,164321,3.125993989
Uttar Pradesh,AURAIYA,2012,Kharif,Sesamum,958,191,0.199373695
Uttar Pradesh,AURAIYA,2012,Kharif,Sugarcane,684,41522,60.70467836
Uttar Pradesh,AURAIYA,2012,Kharif,Sweet potato,59,764,12.94915254
Uttar Pradesh,AURAIYA,2012,Kharif,Urad,1032,713,0.690891473
Uttar Pradesh,AURAIYA,2012,Rabi,Barley,2552,7972,3.123824451
Uttar Pradesh,AURAIYA,2012,Rabi,Coriander,15,8,0.533333333
Uttar Pradesh,AURAIYA,2012,Rabi,Garlic,2213,11494,5.193854496
Uttar Pradesh,AURAIYA,2012,Rabi,Gram,5499,7748,1.408983452
Uttar Pradesh,AURAIYA,2012,Rabi,Linseed,2,1,0.5
Uttar Pradesh,AURAIYA,2012,Rabi,Masoor,34,41,1.205882353
Uttar Pradesh,AURAIYA,2012,Rabi,Onion,27,621,23
Uttar Pradesh,AURAIYA,2012,Rabi,Peas & beans (Pulses),110,177,1.609090909
Uttar Pradesh,AURAIYA,2012,Rabi,Potato,5066,157051,31.00098697
Uttar Pradesh,AURAIYA,2012,Rabi,Rapeseed &Mustard,13516,19621,1.45168689
Uttar Pradesh,AURAIYA,2012,Rabi,Wheat,103644,376020,3.627995832
Uttar Pradesh,AURAIYA,2012,Summer,Banana,3,134,44.66666667
Uttar Pradesh,AURAIYA,2012,Summer,Maize,1566,2893,1.847381865
Uttar Pradesh,AURAIYA,2012,Summer,Moong(Green Gram),1002,827,0.825349301
Uttar Pradesh,AURAIYA,2012,Summer,Onion,51,581,11.39215686
Uttar Pradesh,AURAIYA,2012,Summer,Urad,712,576,0.808988764
Uttar Pradesh,AURAIYA,2013,Kharif,Arhar/Tur,2721,2786,1.023888276
Uttar Pradesh,AURAIYA,2013,Kharif,Bajra,28105,64286,2.287351005
Uttar Pradesh,AURAIYA,2013,Kharif,Dry chillies,68,55,0.808823529
Uttar Pradesh,AURAIYA,2013,Kharif,Groundnut,39,35,0.897435897
Uttar Pradesh,AURAIYA,2013,Kharif,Guar seed,20,16,0.8
Uttar Pradesh,AURAIYA,2013,Kharif,Jowar,847,1178,1.390791027
Uttar Pradesh,AURAIYA,2013,Kharif,Maize,7314,18709,2.557971014
Uttar Pradesh,AURAIYA,2013,Kharif,Moong(Green Gram),116,37,0.318965517
Uttar Pradesh,AURAIYA,2013,Kharif,Rice,53582,176070,3.285991564
Uttar Pradesh,AURAIYA,2013,Kharif,Sesamum,720,25,0.034722222
Uttar Pradesh,AURAIYA,2013,Kharif,Sugarcane,1047,62394,59.59312321
Uttar Pradesh,AURAIYA,2013,Kharif,Sweet potato,83,1097,13.21686747
Uttar Pradesh,AURAIYA,2013,Kharif,Urad,1242,711,0.572463768
Uttar Pradesh,AURAIYA,2013,Rabi,Barley,1948,5493,2.819815195
Uttar Pradesh,AURAIYA,2013,Rabi,Coriander,1,1,1
Uttar Pradesh,AURAIYA,2013,Rabi,Garlic,2886,16909,5.858974359
Uttar Pradesh,AURAIYA,2013,Rabi,Gram,4744,3680,0.775716695
Uttar Pradesh,AURAIYA,2013,Rabi,Masoor,16,11,0.6875
Uttar Pradesh,AURAIYA,2013,Rabi,Onion,100,2034,20.34
Uttar Pradesh,AURAIYA,2013,Rabi,Peas & beans (Pulses),138,241,1.746376812
Uttar Pradesh,AURAIYA,2013,Rabi,Potato,4818,130269,27.03798257
Uttar Pradesh,AURAIYA,2013,Rabi,Rapeseed &Mustard,15556,16632,1.069169452
Uttar Pradesh,AURAIYA,2013,Rabi,Wheat,104354,398006,3.813998505
Uttar Pradesh,AURAIYA,2013,Summer,Banana,4,174,43.5
Uttar Pradesh,AURAIYA,2013,Summer,Maize,281,516,1.836298932
Uttar Pradesh,AURAIYA,2013,Summer,Moong(Green Gram),2934,2181,0.743353783
Uttar Pradesh,AURAIYA,2013,Summer,Onion,40,512,12.8
Uttar Pradesh,AURAIYA,2013,Summer,Urad,758,537,0.708443272
Uttar Pradesh,AURAIYA,2014,Kharif,Arhar/Tur,2968,1469,0.494946092
Uttar Pradesh,AURAIYA,2014,Kharif,Bajra,36540,80311,2.19789272
Uttar Pradesh,AURAIYA,2014,Kharif,Dry chillies,279,230,0.82437276
Uttar Pradesh,AURAIYA,2014,Kharif,Groundnut,29,25,0.862068966
Uttar Pradesh,AURAIYA,2014,Kharif,Guar seed,47,39,0.829787234
Uttar Pradesh,AURAIYA,2014,Kharif,Jowar,708,635,0.896892655
Uttar Pradesh,AURAIYA,2014,Kharif,Maize,8219,19808,2.410025551
Uttar Pradesh,AURAIYA,2014,Kharif,Moong(Green Gram),126,40,0.317460317
Uttar Pradesh,AURAIYA,2014,Kharif,Rice,55752,175898,3.155007892
Uttar Pradesh,AURAIYA,2014,Kharif,Sesamum,727,30,0.041265475
Uttar Pradesh,AURAIYA,2014,Kharif,Sugarcane,920,53004,57.61304348
Uttar Pradesh,AURAIYA,2014,Kharif,Sweet potato,39,483,12.38461538
Uttar Pradesh,AURAIYA,2014,Kharif,Urad,903,701,0.776301218
Uttar Pradesh,AURAIYA,2014,Rabi,Barley,2596,3713,1.43027735
Uttar Pradesh,AURAIYA,2014,Rabi,Coriander,41,20,0.487804878
Uttar Pradesh,AURAIYA,2014,Rabi,Garlic,2473,14325,5.792559644
Uttar Pradesh,AURAIYA,2014,Rabi,Gram,4084,2136,0.52301665
Uttar Pradesh,AURAIYA,2014,Rabi,Linseed,60,35,0.583333333
Uttar Pradesh,AURAIYA,2014,Rabi,Maize,83,199,2.397590361
Uttar Pradesh,AURAIYA,2014,Rabi,Masoor,33,18,0.545454545
Uttar Pradesh,AURAIYA,2014,Rabi,Onion,25,382,15.28
Uttar Pradesh,AURAIYA,2014,Rabi,Peas & beans (Pulses),72,40,0.555555556
Uttar Pradesh,AURAIYA,2014,Rabi,Potato,6402,170293,26.59996876
Uttar Pradesh,AURAIYA,2014,Rabi,Rapeseed &Mustard,13229,10795,0.81601028
Uttar Pradesh,AURAIYA,2014,Rabi,Wheat,104341,236332,2.264996502
Uttar Pradesh,AURAIYA,2014,Summer,Banana,6,271,45.16666667
Uttar Pradesh,AURAIYA,2014,Summer,Maize,326,580,1.779141104
Uttar Pradesh,AURAIYA,2014,Summer,Moong(Green Gram),4101,3382,0.824676908
Uttar Pradesh,AURAIYA,2014,Summer,Onion,10,143,14.3
Uttar Pradesh,AURAIYA,2014,Summer,Urad,1399,978,0.699070765
Uttar Pradesh,AZAMGARH,1997,Kharif,Arhar/Tur,10853,6995,0.644522252
Uttar Pradesh,AZAMGARH,1997,Kharif,Bajra,214,219,1.023364486
Uttar Pradesh,AZAMGARH,1997,Kharif,Groundnut,73,65,0.890410959
Uttar Pradesh,AZAMGARH,1997,Kharif,Jowar,14,9,0.642857143
Uttar Pradesh,AZAMGARH,1997,Kharif,Maize,8799,9045,1.027957722
Uttar Pradesh,AZAMGARH,1997,Kharif,Moong(Green Gram),10,3,0.3
Uttar Pradesh,AZAMGARH,1997,Kharif,Oilseeds total,1076,594,0.55204461
Uttar Pradesh,AZAMGARH,1997,Kharif,Onion,768,7593,9.88671875
Uttar Pradesh,AZAMGARH,1997,Kharif,Rice,202707,419064,2.067338572
Uttar Pradesh,AZAMGARH,1997,Kharif,Sesamum,175,26,0.148571429
Uttar Pradesh,AZAMGARH,1997,Kharif,Small millets,330,254,0.76969697
Uttar Pradesh,AZAMGARH,1997,Kharif,Total foodgrain,453435,949679,2.094410445
Uttar Pradesh,AZAMGARH,1997,Kharif,Urad,223,92,0.412556054
Uttar Pradesh,AZAMGARH,1997,Rabi,Barley,4826,7810,1.618317447
Uttar Pradesh,AZAMGARH,1997,Rabi,Gram,6927,7690,1.110148694
Uttar Pradesh,AZAMGARH,1997,Rabi,Linseed,9,4,0.444444444
Uttar Pradesh,AZAMGARH,1997,Rabi,Masoor,127,110,0.866141732
Uttar Pradesh,AZAMGARH,1997,Rabi,Peas & beans (Pulses),9450,11293,1.195026455
Uttar Pradesh,AZAMGARH,1997,Rabi,Rapeseed &Mustard,789,458,0.580481622
Uttar Pradesh,AZAMGARH,1997,Rabi,Sunflower,30,41,1.366666667
Uttar Pradesh,AZAMGARH,1997,Rabi,Wheat,208030,486525,2.338725184
Uttar Pradesh,AZAMGARH,1997,Summer,Maize,163,257,1.576687117
Uttar Pradesh,AZAMGARH,1997,Summer,Moong(Green Gram),217,116,0.534562212
Uttar Pradesh,AZAMGARH,1997,Summer,Urad,545,197,0.36146789
Uttar Pradesh,AZAMGARH,1997,Whole Year,Potato,5599,77910,13.91498482
Uttar Pradesh,AZAMGARH,1997,Whole Year,Sugarcane,27664,1296003,46.8479974
Uttar Pradesh,AZAMGARH,1998,Kharif,Arhar/Tur,9664,8908,0.921771523
Uttar Pradesh,AZAMGARH,1998,Kharif,Bajra,208,258,1.240384615
Uttar Pradesh,AZAMGARH,1998,Kharif,Groundnut,48,31,0.645833333
Uttar Pradesh,AZAMGARH,1998,Kharif,Jowar,10,6,0.6
Uttar Pradesh,AZAMGARH,1998,Kharif,Maize,8047,5904,0.733689574
Uttar Pradesh,AZAMGARH,1998,Kharif,Moong(Green Gram),15,3,0.2
Uttar Pradesh,AZAMGARH,1998,Kharif,Ragi,18,23,1.277777778
Uttar Pradesh,AZAMGARH,1998,Kharif,Rice,199011,346646,1.741843416
Uttar Pradesh,AZAMGARH,1998,Kharif,Sesamum,149,18,0.120805369
Uttar Pradesh,AZAMGARH,1998,Kharif,Small millets,211,143,0.677725118
Uttar Pradesh,AZAMGARH,1998,Kharif,Soyabean,1,1,1
Uttar Pradesh,AZAMGARH,1998,Kharif,Urad,188,50,0.265957447
Uttar Pradesh,AZAMGARH,1998,Rabi,Barley,4910,7338,1.494501018
Uttar Pradesh,AZAMGARH,1998,Rabi,Gram,6656,7853,1.17983774
Uttar Pradesh,AZAMGARH,1998,Rabi,Linseed,11,4,0.363636364
Uttar Pradesh,AZAMGARH,1998,Rabi,Masoor,207,170,0.821256039
Uttar Pradesh,AZAMGARH,1998,Rabi,Peas & beans (Pulses),10196,12661,1.241761475
Uttar Pradesh,AZAMGARH,1998,Rabi,Rapeseed &Mustard,1274,1055,0.828100471
Uttar Pradesh,AZAMGARH,1998,Rabi,Sunflower,6,7,1.166666667
Uttar Pradesh,AZAMGARH,1998,Rabi,Wheat,212687,521201,2.450554101
Uttar Pradesh,AZAMGARH,1998,Summer,Maize,137,139,1.01459854
Uttar Pradesh,AZAMGARH,1998,Summer,Moong(Green Gram),164,71,0.432926829
Uttar Pradesh,AZAMGARH,1998,Summer,Urad,362,282,0.779005525
Uttar Pradesh,AZAMGARH,1998,Whole Year,Onion,559,6750,12.07513417
Uttar Pradesh,AZAMGARH,1998,Whole Year,Potato,5675,125122,22.04792952
Uttar Pradesh,AZAMGARH,1998,Whole Year,Sannhamp,246,90,0.365853659
Uttar Pradesh,AZAMGARH,1998,Whole Year,Sugarcane,24802,1087915,43.8640029
Uttar Pradesh,AZAMGARH,1998,Whole Year,Tobacco,48,286,5.958333333
Uttar Pradesh,AZAMGARH,1998,Whole Year,Turmeric,28,52,1.857142857
Uttar Pradesh,AZAMGARH,1999,Kharif,Arhar/Tur,9616,9371,0.974521631
Uttar Pradesh,AZAMGARH,1999,Kharif,Bajra,192,310,1.614583333
Uttar Pradesh,AZAMGARH,1999,Kharif,Groundnut,74,62,0.837837838
Uttar Pradesh,AZAMGARH,1999,Kharif,Jowar,14,17,1.214285714
Uttar Pradesh,AZAMGARH,1999,Kharif,Maize,8511,9486,1.114557631
Uttar Pradesh,AZAMGARH,1999,Kharif,Moong(Green Gram),8,2,0.25
Uttar Pradesh,AZAMGARH,1999,Kharif,Rice,203833,445549,2.185853125
Uttar Pradesh,AZAMGARH,1999,Kharif,Small millets,161,112,0.695652174
Uttar Pradesh,AZAMGARH,1999,Kharif,Sunflower,4,5,1.25
Uttar Pradesh,AZAMGARH,1999,Kharif,Urad,148,61,0.412162162
Uttar Pradesh,AZAMGARH,1999,Rabi,Barley,4267,7132,1.671431919
Uttar Pradesh,AZAMGARH,1999,Rabi,Gram,5967,5177,0.867605162
Uttar Pradesh,AZAMGARH,1999,Rabi,Linseed,3,1,0.333333333
Uttar Pradesh,AZAMGARH,1999,Rabi,Maize,134,194,1.447761194
Uttar Pradesh,AZAMGARH,1999,Rabi,Ragi,20,34,1.7
Uttar Pradesh,AZAMGARH,1999,Rabi,Rapeseed &Mustard,1017,706,0.694198623
Uttar Pradesh,AZAMGARH,1999,Rabi,Wheat,216884,535740,2.470168385
Uttar Pradesh,AZAMGARH,1999,Summer,Moong(Green Gram),156,115,0.737179487
Uttar Pradesh,AZAMGARH,1999,Summer,Rice,2,4,2
Uttar Pradesh,AZAMGARH,1999,Summer,Urad,324,221,0.682098765
Uttar Pradesh,AZAMGARH,1999,Whole Year,Onion,730,10465,14.33561644
Uttar Pradesh,AZAMGARH,1999,Whole Year,Peas & beans (Pulses),9700,10773,1.110618557
Uttar Pradesh,AZAMGARH,1999,Whole Year,Potato,5745,71913,12.51749347
Uttar Pradesh,AZAMGARH,1999,Whole Year,Sugarcane,23194,1008753,43.49198068
Uttar Pradesh,AZAMGARH,1999,Whole Year,Tobacco,49,265,5.408163265
Uttar Pradesh,AZAMGARH,1999,Whole Year,Turmeric,7,11,1.571428571
Uttar Pradesh,AZAMGARH,2000,Kharif,Arhar/Tur,9191,8824,0.960069633
Uttar Pradesh,AZAMGARH,2000,Kharif,Bajra,133,104,0.781954887
Uttar Pradesh,AZAMGARH,2000,Kharif,Groundnut,81,68,0.839506173
Uttar Pradesh,AZAMGARH,2000,Kharif,Jowar,12,14,1.166666667
Uttar Pradesh,AZAMGARH,2000,Kharif,Maize,7209,11912,1.652378971
Uttar Pradesh,AZAMGARH,2000,Kharif,Moong(Green Gram),3,1,0.333333333
Uttar Pradesh,AZAMGARH,2000,Kharif,Rice,211031,390953,1.852585639
Uttar Pradesh,AZAMGARH,2000,Kharif,Sesamum,45,7,0.155555556
Uttar Pradesh,AZAMGARH,2000,Kharif,Small millets,101,76,0.752475248
Uttar Pradesh,AZAMGARH,2000,Kharif,Soyabean,1,1,1
Uttar Pradesh,AZAMGARH,2000,Kharif,Urad,178,74,0.415730337
Uttar Pradesh,AZAMGARH,2000,Rabi,Barley,4271,7663,1.794193397
Uttar Pradesh,AZAMGARH,2000,Rabi,Gram,5825,7383,1.267467811
Uttar Pradesh,AZAMGARH,2000,Rabi,Maize,186,302,1.623655914
Uttar Pradesh,AZAMGARH,2000,Rabi,Masoor,196,170,0.867346939
Uttar Pradesh,AZAMGARH,2000,Rabi,Moong(Green Gram),102,58,0.568627451
Uttar Pradesh,AZAMGARH,2000,Rabi,Peas & beans (Pulses),9839,13637,1.386014839
Uttar Pradesh,AZAMGARH,2000,Rabi,Rapeseed &Mustard,1056,1057,1.00094697
Uttar Pradesh,AZAMGARH,2000,Rabi,Urad,267,123,0.460674157
Uttar Pradesh,AZAMGARH,2000,Rabi,Wheat,215453,481708,2.235791565
Uttar Pradesh,AZAMGARH,2000,Whole Year,Potato,5707,105849,18.54722271
Uttar Pradesh,AZAMGARH,2000,Whole Year,Sugarcane,22517,955171,42.41999378
Uttar Pradesh,AZAMGARH,2000,Whole Year,Turmeric,2,3,1.5
Uttar Pradesh,AZAMGARH,2001,Kharif,Arhar/Tur,9021,11726,1.299855892
Uttar Pradesh,AZAMGARH,2001,Kharif,Bajra,120,142,1.183333333
Uttar Pradesh,AZAMGARH,2001,Kharif,Groundnut,50,42,0.84
Uttar Pradesh,AZAMGARH,2001,Kharif,Jowar,2,2,1
Uttar Pradesh,AZAMGARH,2001,Kharif,Maize,7083,12671,1.788931244
Uttar Pradesh,AZAMGARH,2001,Kharif,Moong(Green Gram),11,3,0.272727273
Uttar Pradesh,AZAMGARH,2001,Kharif,Rice,209614,433548,2.068316048
Uttar Pradesh,AZAMGARH,2001,Kharif,Sesamum,43,11,0.255813953
Uttar Pradesh,AZAMGARH,2001,Kharif,Small millets,113,87,0.769911504
Uttar Pradesh,AZAMGARH,2001,Kharif,Sunflower,1,2,2
Uttar Pradesh,AZAMGARH,2001,Kharif,Urad,185,75,0.405405405
Uttar Pradesh,AZAMGARH,2001,Rabi,Barley,4211,6622,1.572548088
Uttar Pradesh,AZAMGARH,2001,Rabi,Gram,5358,4985,0.930384472
Uttar Pradesh,AZAMGARH,2001,Rabi,Linseed,5,2,0.4
Uttar Pradesh,AZAMGARH,2001,Rabi,Maize,348,567,1.629310345
Uttar Pradesh,AZAMGARH,2001,Rabi,Masoor,161,179,1.111801242
Uttar Pradesh,AZAMGARH,2001,Rabi,Peas & beans (Pulses),9395,10090,1.073975519
Uttar Pradesh,AZAMGARH,2001,Rabi,Rapeseed &Mustard,1004,1023,1.018924303
Uttar Pradesh,AZAMGARH,2001,Rabi,Urad,264,129,0.488636364
Uttar Pradesh,AZAMGARH,2001,Rabi,Wheat,217147,518173,2.386277499
Uttar Pradesh,AZAMGARH,2001,Whole Year,Potato,5382,142817,26.53604608
Uttar Pradesh,AZAMGARH,2001,Whole Year,Sugarcane,22612,960920,42.49601981
Uttar Pradesh,AZAMGARH,2001,Whole Year,Tobacco,91,569,6.252747253
Uttar Pradesh,AZAMGARH,2002,Kharif,Bajra,58,78,1.344827586
Uttar Pradesh,AZAMGARH,2002,Kharif,Groundnut,49,32,0.653061224
Uttar Pradesh,AZAMGARH,2002,Kharif,Jowar,13,14,1.076923077
Uttar Pradesh,AZAMGARH,2002,Kharif,Maize,6414,7556,1.17804802
Uttar Pradesh,AZAMGARH,2002,Kharif,Moong(Green Gram),2,1,0.5
Uttar Pradesh,AZAMGARH,2002,Kharif,Rice,180384,303911,1.684800204
Uttar Pradesh,AZAMGARH,2002,Kharif,Sesamum,57,9,0.157894737
Uttar Pradesh,AZAMGARH,2002,Kharif,Small millets,112,121,1.080357143
Uttar Pradesh,AZAMGARH,2002,Kharif,Sunflower,2,3,1.5
Uttar Pradesh,AZAMGARH,2002,Kharif,Urad,156,62,0.397435897
Uttar Pradesh,AZAMGARH,2002,Rabi,Barley,4256,5728,1.345864662
Uttar Pradesh,AZAMGARH,2002,Rabi,Gram,4886,4398,0.9001228
Uttar Pradesh,AZAMGARH,2002,Rabi,Linseed,7,3,0.428571429
Uttar Pradesh,AZAMGARH,2002,Rabi,Maize,453,502,1.10816777
Uttar Pradesh,AZAMGARH,2002,Rabi,Masoor,148,127,0.858108108
Uttar Pradesh,AZAMGARH,2002,Rabi,Onion,67,691,10.31343284
Uttar Pradesh,AZAMGARH,2002,Rabi,Peas & beans (Pulses),8501,8399,0.988001412
Uttar Pradesh,AZAMGARH,2002,Rabi,Ragi,60,88,1.466666667
Uttar Pradesh,AZAMGARH,2002,Rabi,Rapeseed &Mustard,1019,913,0.895976447
Uttar Pradesh,AZAMGARH,2002,Rabi,Wheat,216928,434435,2.002669088
Uttar Pradesh,AZAMGARH,2002,Summer,Moong(Green Gram),79,46,0.582278481
Uttar Pradesh,AZAMGARH,2002,Summer,Onion,583,6518,11.18010292
Uttar Pradesh,AZAMGARH,2002,Summer,Urad,196,104,0.530612245
Uttar Pradesh,AZAMGARH,2002,Whole Year,Potato,5352,111878,20.90396114
Uttar Pradesh,AZAMGARH,2002,Whole Year,Sannhamp,64,20,0.3125
Uttar Pradesh,AZAMGARH,2002,Whole Year,Sugarcane,22119,933333,42.19598535
Uttar Pradesh,AZAMGARH,2002,Whole Year,Tobacco,56,330,5.892857143
Uttar Pradesh,AZAMGARH,2002,Whole Year,Turmeric,2,4,2
Uttar Pradesh,AZAMGARH,2003,Kharif,Arhar/Tur,9720,8508,0.875308642
Uttar Pradesh,AZAMGARH,2003,Kharif,Bajra,193,260,1.347150259
Uttar Pradesh,AZAMGARH,2003,Kharif,Groundnut,82,55,0.670731707
Uttar Pradesh,AZAMGARH,2003,Kharif,Jowar,15,17,1.133333333
Uttar Pradesh,AZAMGARH,2003,Kharif,Maize,7157,9111,1.273019422
Uttar Pradesh,AZAMGARH,2003,Kharif,Moong(Green Gram),4,1,0.25
Uttar Pradesh,AZAMGARH,2003,Kharif,Rice,205352,417537,2.033274572
Uttar Pradesh,AZAMGARH,2003,Kharif,Sesamum,70,9,0.128571429
Uttar Pradesh,AZAMGARH,2003,Kharif,Sunflower,6,10,1.666666667
Uttar Pradesh,AZAMGARH,2003,Kharif,Urad,151,36,0.238410596
Uttar Pradesh,AZAMGARH,2003,Rabi,Barley,4240,7033,1.658726415
Uttar Pradesh,AZAMGARH,2003,Rabi,Gram,4585,5326,1.161613959
Uttar Pradesh,AZAMGARH,2003,Rabi,Linseed,3,2,0.666666667
Uttar Pradesh,AZAMGARH,2003,Rabi,Masoor,124,157,1.266129032
Uttar Pradesh,AZAMGARH,2003,Rabi,Onion,90,1292,14.35555556
Uttar Pradesh,AZAMGARH,2003,Rabi,Peas & beans (Pulses),8602,10288,1.19600093
Uttar Pradesh,AZAMGARH,2003,Rabi,Ragi,11,16,1.454545455
Uttar Pradesh,AZAMGARH,2003,Rabi,Rapeseed &Mustard,1201,1197,0.996669442
Uttar Pradesh,AZAMGARH,2003,Rabi,Wheat,222018,552640,2.489167545
Uttar Pradesh,AZAMGARH,2003,Summer,Maize,458,626,1.366812227
Uttar Pradesh,AZAMGARH,2003,Summer,Moong(Green Gram),68,41,0.602941176
Uttar Pradesh,AZAMGARH,2003,Summer,Onion,651,6629,10.1827957
Uttar Pradesh,AZAMGARH,2003,Summer,Urad,210,103,0.49047619
Uttar Pradesh,AZAMGARH,2003,Whole Year,Potato,5571,91359,16.39903069
Uttar Pradesh,AZAMGARH,2003,Whole Year,Sannhamp,85,26,0.305882353
Uttar Pradesh,AZAMGARH,2003,Whole Year,Sugarcane,21335,929182,43.55200375
Uttar Pradesh,AZAMGARH,2003,Whole Year,Tobacco,89,666,7.483146067
Uttar Pradesh,AZAMGARH,2003,Whole Year,Turmeric,1,2,2
Uttar Pradesh,AZAMGARH,2004,Kharif,Bajra,92,149,1.619565217
Uttar Pradesh,AZAMGARH,2004,Kharif,Groundnut,68,56,0.823529412
Uttar Pradesh,AZAMGARH,2004,Kharif,Jowar,13,14,1.076923077
Uttar Pradesh,AZAMGARH,2004,Kharif,Maize,7514,14066,1.871972318
Uttar Pradesh,AZAMGARH,2004,Kharif,Rice,212127,187398,0.883423609
Uttar Pradesh,AZAMGARH,2004,Kharif,Sannhamp,62,17,0.274193548
Uttar Pradesh,AZAMGARH,2004,Kharif,Sesamum,66,10,0.151515152
Uttar Pradesh,AZAMGARH,2004,Kharif,Small millets,54,20,0.37037037
Uttar Pradesh,AZAMGARH,2004,Kharif,Sugarcane,19272,753998,39.12401411
Uttar Pradesh,AZAMGARH,2004,Rabi,Barley,3604,5408,1.500554939
Uttar Pradesh,AZAMGARH,2004,Rabi,Gram,3796,3063,0.806902002
Uttar Pradesh,AZAMGARH,2004,Rabi,Linseed,1,1,1
Uttar Pradesh,AZAMGARH,2004,Rabi,Maize,6,26,4.333333333
Uttar Pradesh,AZAMGARH,2004,Rabi,Potato,5307,90851,17.119088
Uttar Pradesh,AZAMGARH,2004,Rabi,Rapeseed &Mustard,1195,1188,0.994142259
Uttar Pradesh,AZAMGARH,2004,Rabi,Wheat,223364,472982,2.117539084
Uttar Pradesh,AZAMGARH,2004,Summer,Sunflower,2,4,2
Uttar Pradesh,AZAMGARH,2004,Whole Year,Banana,8,291,36.375
Uttar Pradesh,AZAMGARH,2004,Whole Year,Dry chillies,38,36,0.947368421
Uttar Pradesh,AZAMGARH,2004,Whole Year,Garlic,21,91,4.333333333
Uttar Pradesh,AZAMGARH,2004,Whole Year,Guar seed,35,30,0.857142857
Uttar Pradesh,AZAMGARH,2004,Whole Year,Onion,615,7429,12.0796748
Uttar Pradesh,AZAMGARH,2004,Whole Year,Sweet potato,84,976,11.61904762
Uttar Pradesh,AZAMGARH,2004,Whole Year,Tobacco,228,998,4.377192982
Uttar Pradesh,AZAMGARH,2005,Kharif,Bajra,445,673,1.512359551
Uttar Pradesh,AZAMGARH,2005,Kharif,Jowar,11,14,1.272727273
Uttar Pradesh,AZAMGARH,2005,Kharif,Maize,2987,3546,1.187144292
Uttar Pradesh,AZAMGARH,2005,Kharif,Rice,201562,353338,1.752999077
Uttar Pradesh,AZAMGARH,2005,Kharif,Sannhamp,97,33,0.340206186
Uttar Pradesh,AZAMGARH,2005,Kharif,Sesamum,47,8,0.170212766
Uttar Pradesh,AZAMGARH,2005,Kharif,Small millets,42,27,0.642857143
Uttar Pradesh,AZAMGARH,2005,Kharif,Sugarcane,26219,1013522,38.65601282
Uttar Pradesh,AZAMGARH,2005,Rabi,Barley,4240,7094,1.673113208
Uttar Pradesh,AZAMGARH,2005,Rabi,Gram,4585,4845,1.056706652
Uttar Pradesh,AZAMGARH,2005,Rabi,Linseed,3,1,0.333333333
Uttar Pradesh,AZAMGARH,2005,Rabi,Potato,5571,167526,30.07108239
Uttar Pradesh,AZAMGARH,2005,Rabi,Rapeseed &Mustard,1201,1393,1.159866778
Uttar Pradesh,AZAMGARH,2005,Rabi,Turmeric,1,4,4
Uttar Pradesh,AZAMGARH,2005,Rabi,Wheat,222018,532399,2.397999261
Uttar Pradesh,AZAMGARH,2005,Summer,Sunflower,6,8,1.333333333
Uttar Pradesh,AZAMGARH,2005,Whole Year,Banana,1,38,38
Uttar Pradesh,AZAMGARH,2005,Whole Year,Coriander,45,26,0.577777778
Uttar Pradesh,AZAMGARH,2005,Whole Year,Dry chillies,25,23,0.92
Uttar Pradesh,AZAMGARH,2005,Whole Year,Garlic,25,109,4.36
Uttar Pradesh,AZAMGARH,2005,Whole Year,Guar seed,13,10,0.769230769
Uttar Pradesh,AZAMGARH,2005,Whole Year,Onion,807,10422,12.91449814
Uttar Pradesh,AZAMGARH,2005,Whole Year,Sweet potato,14,183,13.07142857
Uttar Pradesh,AZAMGARH,2005,Whole Year,Tobacco,81,463,5.716049383
Uttar Pradesh,AZAMGARH,2006,Kharif,Arhar/Tur,10234,3615,0.353234317
Uttar Pradesh,AZAMGARH,2006,Kharif,Bajra,96,148,1.541666667
Uttar Pradesh,AZAMGARH,2006,Kharif,Dry ginger,8,25,3.125
Uttar Pradesh,AZAMGARH,2006,Kharif,Groundnut,63,45,0.714285714
Uttar Pradesh,AZAMGARH,2006,Kharif,Jowar,8,10,1.25
Uttar Pradesh,AZAMGARH,2006,Kharif,Maize,7926,12127,1.530027757
Uttar Pradesh,AZAMGARH,2006,Kharif,Other Kharif pulses,520,281,0.540384615
Uttar Pradesh,AZAMGARH,2006,Kharif,Rice,207566,304914,1.468997813
Uttar Pradesh,AZAMGARH,2006,Kharif,Sannhamp,83,23,0.277108434
Uttar Pradesh,AZAMGARH,2006,Kharif,Sesamum,56,9,0.160714286
Uttar Pradesh,AZAMGARH,2006,Kharif,Small millets,55,35,0.636363636
Uttar Pradesh,AZAMGARH,2006,Kharif,Sugarcane,20697,842037,40.68401218
Uttar Pradesh,AZAMGARH,2006,Kharif,Sweet potato,61,833,13.6557377
Uttar Pradesh,AZAMGARH,2006,Rabi,Barley,3413,5996,1.756812189
Uttar Pradesh,AZAMGARH,2006,Rabi,Garlic,57,251,4.403508772
Uttar Pradesh,AZAMGARH,2006,Rabi,Gram,2995,3156,1.05375626
Uttar Pradesh,AZAMGARH,2006,Rabi,Linseed,1,,
Uttar Pradesh,AZAMGARH,2006,Rabi,Maize,7,20,2.857142857
Uttar Pradesh,AZAMGARH,2006,Rabi,Masoor,89,82,0.921348315
Uttar Pradesh,AZAMGARH,2006,Rabi,Onion,82,1573,19.18292683
Uttar Pradesh,AZAMGARH,2006,Rabi,Other  Rabi pulses,6411,6200,0.967087818
Uttar Pradesh,AZAMGARH,2006,Rabi,Potato,3820,95034,24.87801047
Uttar Pradesh,AZAMGARH,2006,Rabi,Rapeseed &Mustard,873,900,1.030927835
Uttar Pradesh,AZAMGARH,2006,Rabi,Tobacco,211,1123,5.322274882
Uttar Pradesh,AZAMGARH,2006,Rabi,Wheat,221335,542049,2.448998125
Uttar Pradesh,AZAMGARH,2006,Summer,Maize,548,727,1.326642336
Uttar Pradesh,AZAMGARH,2006,Summer,Onion,625,7278,11.6448
Uttar Pradesh,AZAMGARH,2006,Summer,Sunflower,2,3,1.5
Uttar Pradesh,AZAMGARH,2006,Whole Year,Coriander,73,38,0.520547945
Uttar Pradesh,AZAMGARH,2006,Whole Year,Dry chillies,24,23,0.958333333
Uttar Pradesh,AZAMGARH,2006,Whole Year,Guar seed,24,20,0.833333333
Uttar Pradesh,AZAMGARH,2007,Kharif,Arhar/Tur,10018,6648,0.66360551
Uttar Pradesh,AZAMGARH,2007,Kharif,Bajra,113,176,1.557522124
Uttar Pradesh,AZAMGARH,2007,Kharif,Dry chillies,25,24,0.96
Uttar Pradesh,AZAMGARH,2007,Kharif,Groundnut,63,38,0.603174603
Uttar Pradesh,AZAMGARH,2007,Kharif,Guar seed,8,7,0.875
Uttar Pradesh,AZAMGARH,2007,Kharif,Jowar,6,5,0.833333333
Uttar Pradesh,AZAMGARH,2007,Kharif,Maize,6146,9803,1.595021152
Uttar Pradesh,AZAMGARH,2007,Kharif,Moong(Green Gram),4,1,0.25
Uttar Pradesh,AZAMGARH,2007,Kharif,Rice,215737,416372,1.9299981
Uttar Pradesh,AZAMGARH,2007,Kharif,Sannhamp,37,7,0.189189189
Uttar Pradesh,AZAMGARH,2007,Kharif,Sesamum,60,9,0.15
Uttar Pradesh,AZAMGARH,2007,Kharif,Small millets,93,56,0.602150538
Uttar Pradesh,AZAMGARH,2007,Kharif,Sugarcane,21399,886090,41.40800972
Uttar Pradesh,AZAMGARH,2007,Kharif,Sweet potato,12,162,13.5
Uttar Pradesh,AZAMGARH,2007,Kharif,Urad,133,58,0.436090226
Uttar Pradesh,AZAMGARH,2007,Rabi,Barley,3842,8168,2.125976054
Uttar Pradesh,AZAMGARH,2007,Rabi,Coriander,69,40,0.579710145
Uttar Pradesh,AZAMGARH,2007,Rabi,Gram,4029,5115,1.269545793
Uttar Pradesh,AZAMGARH,2007,Rabi,Masoor,120,139,1.158333333
Uttar Pradesh,AZAMGARH,2007,Rabi,Onion,114,1593,13.97368421
Uttar Pradesh,AZAMGARH,2007,Rabi,Other  Rabi pulses,7773,10952,1.408979802
Uttar Pradesh,AZAMGARH,2007,Rabi,Potato,5774,121774,21.09005888
Uttar Pradesh,AZAMGARH,2007,Rabi,Rapeseed &Mustard,1299,1503,1.15704388
Uttar Pradesh,AZAMGARH,2007,Rabi,Turmeric,2,6,3
Uttar Pradesh,AZAMGARH,2007,Rabi,Wheat,229059,594179,2.593999799
Uttar Pradesh,AZAMGARH,2007,Summer,Maize,548,787,1.436131387
Uttar Pradesh,AZAMGARH,2007,Summer,Moong(Green Gram),76,48,0.631578947
Uttar Pradesh,AZAMGARH,2007,Summer,Onion,625,5214,8.3424
Uttar Pradesh,AZAMGARH,2007,Summer,Urad,197,111,0.563451777
Uttar Pradesh,AZAMGARH,2008,Kharif,Arhar/Tur,6814,3249,0.476812445
Uttar Pradesh,AZAMGARH,2008,Kharif,Bajra,268,446,1.664179104
Uttar Pradesh,AZAMGARH,2008,Kharif,Dry chillies,21,21,1
Uttar Pradesh,AZAMGARH,2008,Kharif,Groundnut,32,23,0.71875
Uttar Pradesh,AZAMGARH,2008,Kharif,Guar seed,25,21,0.84
Uttar Pradesh,AZAMGARH,2008,Kharif,Jowar,2,2,1
Uttar Pradesh,AZAMGARH,2008,Kharif,Maize,7140,6897,0.965966387
Uttar Pradesh,AZAMGARH,2008,Kharif,Moong(Green Gram),3,1,0.333333333
Uttar Pradesh,AZAMGARH,2008,Kharif,Rice,213081,419343,1.967998085
Uttar Pradesh,AZAMGARH,2008,Kharif,Sannhamp,41,13,0.317073171
Uttar Pradesh,AZAMGARH,2008,Kharif,Sesamum,61,10,0.163934426
Uttar Pradesh,AZAMGARH,2008,Kharif,Small millets,38,24,0.631578947
Uttar Pradesh,AZAMGARH,2008,Kharif,Sugarcane,21399,912282,42.63199215
Uttar Pradesh,AZAMGARH,2008,Kharif,Sweet potato,18,221,12.27777778
Uttar Pradesh,AZAMGARH,2008,Kharif,Urad,183,98,0.535519126
Uttar Pradesh,AZAMGARH,2008,Rabi,Barley,3726,8755,2.349704777
Uttar Pradesh,AZAMGARH,2008,Rabi,Coriander,45,27,0.6
Uttar Pradesh,AZAMGARH,2008,Rabi,Garlic,36,212,5.888888889
Uttar Pradesh,AZAMGARH,2008,Rabi,Gram,1719,2363,1.374636417
Uttar Pradesh,AZAMGARH,2008,Rabi,Linseed,1,1,1
Uttar Pradesh,AZAMGARH,2008,Rabi,Maize,6,16,2.666666667
Uttar Pradesh,AZAMGARH,2008,Rabi,Masoor,101,119,1.178217822
Uttar Pradesh,AZAMGARH,2008,Rabi,Onion,99,1160,11.71717172
Uttar Pradesh,AZAMGARH,2008,Rabi,Peas & beans (Pulses),7397,9291,1.25604975
Uttar Pradesh,AZAMGARH,2008,Rabi,Potato,5845,114714,19.62600513
Uttar Pradesh,AZAMGARH,2008,Rabi,Rapeseed &Mustard,1746,1975,1.13115693
Uttar Pradesh,AZAMGARH,2008,Rabi,Tobacco,63,329,5.222222222
Uttar Pradesh,AZAMGARH,2008,Rabi,Wheat,231715,632582,2.730000216
Uttar Pradesh,AZAMGARH,2008,Summer,Banana,1,38,38
Uttar Pradesh,AZAMGARH,2008,Summer,Maize,393,588,1.496183206
Uttar Pradesh,AZAMGARH,2008,Summer,Moong(Green Gram),52,39,0.75
Uttar Pradesh,AZAMGARH,2008,Summer,Sunflower,9,17,1.888888889
Uttar Pradesh,AZAMGARH,2008,Summer,Urad,138,86,0.623188406
Uttar Pradesh,AZAMGARH,2009,Kharif,Arhar/Tur,8796,7277,0.827307867
Uttar Pradesh,AZAMGARH,2009,Kharif,Bajra,67,114,1.701492537
Uttar Pradesh,AZAMGARH,2009,Kharif,Dry chillies,21,19,0.904761905
Uttar Pradesh,AZAMGARH,2009,Kharif,Groundnut,90,61,0.677777778
Uttar Pradesh,AZAMGARH,2009,Kharif,Guar seed,44,37,0.840909091
Uttar Pradesh,AZAMGARH,2009,Kharif,Maize,6397,10395,1.62498046
Uttar Pradesh,AZAMGARH,2009,Kharif,Moong(Green Gram),1,,
Uttar Pradesh,AZAMGARH,2009,Kharif,Rice,190222,332128,1.74600204
Uttar Pradesh,AZAMGARH,2009,Kharif,Sannhamp,14,3,0.214285714
Uttar Pradesh,AZAMGARH,2009,Kharif,Sesamum,57,6,0.105263158
Uttar Pradesh,AZAMGARH,2009,Kharif,Small millets,37,18,0.486486486
Uttar Pradesh,AZAMGARH,2009,Kharif,Sugarcane,18820,812121,43.15201913
Uttar Pradesh,AZAMGARH,2009,Kharif,Sweet potato,21,286,13.61904762
Uttar Pradesh,AZAMGARH,2009,Kharif,Urad,257,98,0.381322957
Uttar Pradesh,AZAMGARH,2009,Rabi,Barley,3871,8699,2.24722294
Uttar Pradesh,AZAMGARH,2009,Rabi,Coriander,60,34,0.566666667
Uttar Pradesh,AZAMGARH,2009,Rabi,Garlic,28,149,5.321428571
Uttar Pradesh,AZAMGARH,2009,Rabi,Gram,4084,4212,1.031341822
Uttar Pradesh,AZAMGARH,2009,Rabi,Linseed,5,2,0.4
Uttar Pradesh,AZAMGARH,2009,Rabi,Maize,9,27,3
Uttar Pradesh,AZAMGARH,2009,Rabi,Masoor,128,135,1.0546875
Uttar Pradesh,AZAMGARH,2009,Rabi,Onion,119,2044,17.17647059
Uttar Pradesh,AZAMGARH,2009,Rabi,Peas & beans (Pulses),7259,8777,1.209119713
Uttar Pradesh,AZAMGARH,2009,Rabi,Potato,5386,130282,24.18900854
Uttar Pradesh,AZAMGARH,2009,Rabi,Rapeseed &Mustard,1651,1842,1.115687462
Uttar Pradesh,AZAMGARH,2009,Rabi,Tobacco,97,556,5.731958763
Uttar Pradesh,AZAMGARH,2009,Rabi,Turmeric,7,23,3.285714286
Uttar Pradesh,AZAMGARH,2009,Rabi,Wheat,234688,607136,2.586992092
Uttar Pradesh,AZAMGARH,2009,Summer,Banana,2,82,41
Uttar Pradesh,AZAMGARH,2009,Summer,Maize,321,467,1.45482866
Uttar Pradesh,AZAMGARH,2009,Summer,Moong(Green Gram),37,27,0.72972973
Uttar Pradesh,AZAMGARH,2009,Summer,Onion,689,5291,7.679245283
Uttar Pradesh,AZAMGARH,2009,Summer,Sunflower,23,51,2.217391304
Uttar Pradesh,AZAMGARH,2009,Summer,Tobacco,1,4,4
Uttar Pradesh,AZAMGARH,2009,Summer,Urad,170,105,0.617647059
Uttar Pradesh,AZAMGARH,2010,Kharif,Arhar/Tur,8678,6892,0.79419221
Uttar Pradesh,AZAMGARH,2010,Kharif,Bajra,144,139,0.965277778
Uttar Pradesh,AZAMGARH,2010,Kharif,Dry chillies,18,16,0.888888889
Uttar Pradesh,AZAMGARH,2010,Kharif,Dry ginger,2,5,2.5
Uttar Pradesh,AZAMGARH,2010,Kharif,Groundnut,41,40,0.975609756
Uttar Pradesh,AZAMGARH,2010,Kharif,Guar seed,29,24,0.827586207
Uttar Pradesh,AZAMGARH,2010,Kharif,Jowar,3,3,1
Uttar Pradesh,AZAMGARH,2010,Kharif,Maize,6781,10172,1.500073735
Uttar Pradesh,AZAMGARH,2010,Kharif,Moong(Green Gram),2,1,0.5
Uttar Pradesh,AZAMGARH,2010,Kharif,Rice,203577,417536,2.050997903
Uttar Pradesh,AZAMGARH,2010,Kharif,Sannhamp,43,14,0.325581395
Uttar Pradesh,AZAMGARH,2010,Kharif,Sesamum,96,19,0.197916667
Uttar Pradesh,AZAMGARH,2010,Kharif,Small millets,14,10,0.714285714
Uttar Pradesh,AZAMGARH,2010,Kharif,Sugarcane,19204,854808,44.51197667
Uttar Pradesh,AZAMGARH,2010,Kharif,Urad,211,142,0.672985782
Uttar Pradesh,AZAMGARH,2010,Rabi,Barley,3616,9449,2.613108407
Uttar Pradesh,AZAMGARH,2010,Rabi,Gram,3584,4287,1.196149554
Uttar Pradesh,AZAMGARH,2010,Rabi,Maize,2,6,3
Uttar Pradesh,AZAMGARH,2010,Rabi,Masoor,256,281,1.09765625
Uttar Pradesh,AZAMGARH,2010,Rabi,Onion,86,1583,18.40697674
Uttar Pradesh,AZAMGARH,2010,Rabi,Peas & beans (Pulses),7033,8925,1.269017489
Uttar Pradesh,AZAMGARH,2010,Rabi,Potato,5624,167404,29.76600284
Uttar Pradesh,AZAMGARH,2010,Rabi,Rapeseed &Mustard,1947,2329,1.196199281
Uttar Pradesh,AZAMGARH,2010,Rabi,Tobacco,160,812,5.075
Uttar Pradesh,AZAMGARH,2010,Rabi,Wheat,232647,650714,2.797001466
Uttar Pradesh,AZAMGARH,2010,Summer,Maize,240,352,1.466666667
Uttar Pradesh,AZAMGARH,2010,Summer,Moong(Green Gram),71,64,0.901408451
Uttar Pradesh,AZAMGARH,2010,Summer,Rice,1,2,2
Uttar Pradesh,AZAMGARH,2010,Summer,Sunflower,8,17,2.125
Uttar Pradesh,AZAMGARH,2010,Summer,Urad,175,109,0.622857143
Uttar Pradesh,AZAMGARH,2011,Kharif,Arhar/Tur,10916,11873,1.087669476
Uttar Pradesh,AZAMGARH,2011,Kharif,Bajra,979,1442,1.472931563
Uttar Pradesh,AZAMGARH,2011,Kharif,Cotton(lint),3,1,0.333333333
Uttar Pradesh,AZAMGARH,2011,Kharif,Dry chillies,35,29,0.828571429
Uttar Pradesh,AZAMGARH,2011,Kharif,Dry ginger,2,6,3
Uttar Pradesh,AZAMGARH,2011,Kharif,Groundnut,35,35,1
Uttar Pradesh,AZAMGARH,2011,Kharif,Guar seed,30,24,0.8
Uttar Pradesh,AZAMGARH,2011,Kharif,Jowar,93,107,1.150537634
Uttar Pradesh,AZAMGARH,2011,Kharif,Maize,6489,10953,1.687933426
Uttar Pradesh,AZAMGARH,2011,Kharif,Moong(Green Gram),10,4,0.4
Uttar Pradesh,AZAMGARH,2011,Kharif,Rice,210944,469350,2.224998104
Uttar Pradesh,AZAMGARH,2011,Kharif,Sannhamp,39,11,0.282051282
Uttar Pradesh,AZAMGARH,2011,Kharif,Sesamum,65,14,0.215384615
Uttar Pradesh,AZAMGARH,2011,Kharif,Small millets,7,6,0.857142857
Uttar Pradesh,AZAMGARH,2011,Kharif,Sugarcane,20972,1026118,48.92799924
Uttar Pradesh,AZAMGARH,2011,Kharif,Sweet potato,22,286,13
Uttar Pradesh,AZAMGARH,2011,Kharif,Urad,308,206,0.668831169
Uttar Pradesh,AZAMGARH,2011,Rabi,Barley,3026,7191,2.376404494
Uttar Pradesh,AZAMGARH,2011,Rabi,Coriander,50,28,0.56
Uttar Pradesh,AZAMGARH,2011,Rabi,Garlic,33,171,5.181818182
Uttar Pradesh,AZAMGARH,2011,Rabi,Gram,3154,4112,1.303741281
Uttar Pradesh,AZAMGARH,2011,Rabi,Linseed,1,1,1
Uttar Pradesh,AZAMGARH,2011,Rabi,Maize,328,732,2.231707317
Uttar Pradesh,AZAMGARH,2011,Rabi,Masoor,61,80,1.31147541
Uttar Pradesh,AZAMGARH,2011,Rabi,Onion,82,1876,22.87804878
Uttar Pradesh,AZAMGARH,2011,Rabi,Peas & beans (Pulses),6654,9070,1.363089871
Uttar Pradesh,AZAMGARH,2011,Rabi,Potato,5151,140628,27.30110658
Uttar Pradesh,AZAMGARH,2011,Rabi,Rapeseed &Mustard,2053,2338,1.138821237
Uttar Pradesh,AZAMGARH,2011,Rabi,Tobacco,109,569,5.220183486
Uttar Pradesh,AZAMGARH,2011,Rabi,Wheat,230874,667688,2.892001698
Uttar Pradesh,AZAMGARH,2011,Summer,Maize,710,1174,1.653521127
Uttar Pradesh,AZAMGARH,2011,Summer,Moong(Green Gram),53,45,0.849056604
Uttar Pradesh,AZAMGARH,2011,Summer,Onion,546,4417,8.08974359
Uttar Pradesh,AZAMGARH,2011,Summer,Rice,1,2,2
Uttar Pradesh,AZAMGARH,2011,Summer,Sunflower,9,15,1.666666667
Uttar Pradesh,AZAMGARH,2011,Summer,Urad,175,116,0.662857143
Uttar Pradesh,AZAMGARH,2012,Kharif,Arhar/Tur,9223,10096,1.094654668
Uttar Pradesh,AZAMGARH,2012,Kharif,Bajra,69,133,1.927536232
Uttar Pradesh,AZAMGARH,2012,Kharif,Dry chillies,49,39,0.795918367
Uttar Pradesh,AZAMGARH,2012,Kharif,Groundnut,90,89,0.988888889
Uttar Pradesh,AZAMGARH,2012,Kharif,Guar seed,47,38,0.808510638
Uttar Pradesh,AZAMGARH,2012,Kharif,Jowar,13,19,1.461538462
Uttar Pradesh,AZAMGARH,2012,Kharif,Maize,6550,11705,1.787022901
Uttar Pradesh,AZAMGARH,2012,Kharif,Moong(Green Gram),2,1,0.5
Uttar Pradesh,AZAMGARH,2012,Kharif,Rice,210961,453777,2.150999474
Uttar Pradesh,AZAMGARH,2012,Kharif,Sannhamp,36,13,0.361111111
Uttar Pradesh,AZAMGARH,2012,Kharif,Sesamum,58,11,0.189655172
Uttar Pradesh,AZAMGARH,2012,Kharif,Small millets,10,9,0.9
Uttar Pradesh,AZAMGARH,2012,Kharif,Soyabean,2,3,1.5
Uttar Pradesh,AZAMGARH,2012,Kharif,Sugarcane,19099,1109652,58.10000524
Uttar Pradesh,AZAMGARH,2012,Kharif,Sweet potato,4,52,13
Uttar Pradesh,AZAMGARH,2012,Kharif,Urad,246,163,0.662601626
Uttar Pradesh,AZAMGARH,2012,Rabi,Barley,3056,7979,2.610929319
Uttar Pradesh,AZAMGARH,2012,Rabi,Coriander,38,21,0.552631579
Uttar Pradesh,AZAMGARH,2012,Rabi,Garlic,31,161,5.193548387
Uttar Pradesh,AZAMGARH,2012,Rabi,Gram,3384,5620,1.660756501
Uttar Pradesh,AZAMGARH,2012,Rabi,Masoor,49,65,1.326530612
Uttar Pradesh,AZAMGARH,2012,Rabi,Onion,66,1518,23
Uttar Pradesh,AZAMGARH,2012,Rabi,Peas & beans (Pulses),6641,9835,1.480951664
Uttar Pradesh,AZAMGARH,2012,Rabi,Potato,5072,125633,24.76991325
Uttar Pradesh,AZAMGARH,2012,Rabi,Rapeseed &Mustard,2329,2937,1.261056247
Uttar Pradesh,AZAMGARH,2012,Rabi,Tobacco,204,1103,5.406862745
Uttar Pradesh,AZAMGARH,2012,Rabi,Turmeric,1,3,3
Uttar Pradesh,AZAMGARH,2012,Rabi,Wheat,235690,693636,2.9430014
Uttar Pradesh,AZAMGARH,2012,Summer,Maize,303,560,1.848184818
Uttar Pradesh,AZAMGARH,2012,Summer,Moong(Green Gram),53,43,0.811320755
Uttar Pradesh,AZAMGARH,2012,Summer,Onion,587,5568,9.485519591
Uttar Pradesh,AZAMGARH,2012,Summer,Rice,1,2,2
Uttar Pradesh,AZAMGARH,2012,Summer,Sunflower,25,19,0.76
Uttar Pradesh,AZAMGARH,2012,Summer,Urad,170,118,0.694117647
Uttar Pradesh,AZAMGARH,2013,Kharif,Arhar/Tur,8485,6241,0.735533294
Uttar Pradesh,AZAMGARH,2013,Kharif,Bajra,116,147,1.267241379
Uttar Pradesh,AZAMGARH,2013,Kharif,Dry chillies,7,6,0.857142857
Uttar Pradesh,AZAMGARH,2013,Kharif,Groundnut,52,47,0.903846154
Uttar Pradesh,AZAMGARH,2013,Kharif,Guar seed,24,20,0.833333333
Uttar Pradesh,AZAMGARH,2013,Kharif,Jowar,5,6,1.2
Uttar Pradesh,AZAMGARH,2013,Kharif,Maize,6516,12823,1.967925107
Uttar Pradesh,AZAMGARH,2013,Kharif,Rice,217062,477971,2.202002193
Uttar Pradesh,AZAMGARH,2013,Kharif,Sannhamp,43,12,0.279069767
Uttar Pradesh,AZAMGARH,2013,Kharif,Sesamum,80,12,0.15
Uttar Pradesh,AZAMGARH,2013,Kharif,Small millets,12,9,0.75
Uttar Pradesh,AZAMGARH,2013,Kharif,Sugarcane,19641,1129986,57.53199939
Uttar Pradesh,AZAMGARH,2013,Kharif,Sweet potato,2,27,13.5
Uttar Pradesh,AZAMGARH,2013,Kharif,Urad,154,69,0.448051948
Uttar Pradesh,AZAMGARH,2013,Rabi,Barley,4032,10110,2.507440476
Uttar Pradesh,AZAMGARH,2013,Rabi,Coriander,40,22,0.55
Uttar Pradesh,AZAMGARH,2013,Rabi,Garlic,35,205,5.857142857
Uttar Pradesh,AZAMGARH,2013,Rabi,Gram,3557,2838,0.797863368
Uttar Pradesh,AZAMGARH,2013,Rabi,Linseed,3,1,0.333333333
Uttar Pradesh,AZAMGARH,2013,Rabi,Maize,11,39,3.545454545
Uttar Pradesh,AZAMGARH,2013,Rabi,Masoor,74,86,1.162162162
Uttar Pradesh,AZAMGARH,2013,Rabi,Onion,79,1607,20.34177215
Uttar Pradesh,AZAMGARH,2013,Rabi,Peas & beans (Pulses),5859,3334,0.569039085
Uttar Pradesh,AZAMGARH,2013,Rabi,Potato,4905,48236,9.834046891
Uttar Pradesh,AZAMGARH,2013,Rabi,Rapeseed &Mustard,2210,2245,1.015837104
Uttar Pradesh,AZAMGARH,2013,Rabi,Tobacco,123,677,5.504065041
Uttar Pradesh,AZAMGARH,2013,Rabi,Turmeric,2,6,3
Uttar Pradesh,AZAMGARH,2013,Rabi,Wheat,232130,718442,3.094998492
Uttar Pradesh,AZAMGARH,2013,Summer,Maize,309,568,1.838187702
Uttar Pradesh,AZAMGARH,2013,Summer,Moong(Green Gram),50,34,0.68
Uttar Pradesh,AZAMGARH,2013,Summer,Onion,614,8262,13.45602606
Uttar Pradesh,AZAMGARH,2013,Summer,Sunflower,4,7,1.75
Uttar Pradesh,AZAMGARH,2013,Summer,Urad,124,72,0.580645161
Uttar Pradesh,AZAMGARH,2014,Kharif,Arhar/Tur,8190,10511,1.283394383
Uttar Pradesh,AZAMGARH,2014,Kharif,Bajra,68,135,1.985294118
Uttar Pradesh,AZAMGARH,2014,Kharif,Dry chillies,17,14,0.823529412
Uttar Pradesh,AZAMGARH,2014,Kharif,Groundnut,62,54,0.870967742
Uttar Pradesh,AZAMGARH,2014,Kharif,Guar seed,35,29,0.828571429
Uttar Pradesh,AZAMGARH,2014,Kharif,Jowar,4,4,1
Uttar Pradesh,AZAMGARH,2014,Kharif,Maize,6568,12486,1.901035323
Uttar Pradesh,AZAMGARH,2014,Kharif,Moong(Green Gram),2,1,0.5
Uttar Pradesh,AZAMGARH,2014,Kharif,Rice,202341,400028,1.976999224
Uttar Pradesh,AZAMGARH,2014,Kharif,Sannhamp,26,10,0.384615385
Uttar Pradesh,AZAMGARH,2014,Kharif,Sesamum,71,14,0.197183099
Uttar Pradesh,AZAMGARH,2014,Kharif,Small millets,103,78,0.757281553
Uttar Pradesh,AZAMGARH,2014,Kharif,Sugarcane,20282,1249533,61.60797752
Uttar Pradesh,AZAMGARH,2014,Kharif,Sweet potato,3,37,12.33333333
Uttar Pradesh,AZAMGARH,2014,Kharif,Urad,189,101,0.534391534
Uttar Pradesh,AZAMGARH,2014,Rabi,Barley,2930,3931,1.341638225
Uttar Pradesh,AZAMGARH,2014,Rabi,Coriander,50,24,0.48
Uttar Pradesh,AZAMGARH,2014,Rabi,Garlic,64,371,5.796875
Uttar Pradesh,AZAMGARH,2014,Rabi,Gram,3068,4353,1.418839635
Uttar Pradesh,AZAMGARH,2014,Rabi,Maize,114,170,1.49122807
Uttar Pradesh,AZAMGARH,2014,Rabi,Masoor,69,64,0.927536232
Uttar Pradesh,AZAMGARH,2014,Rabi,Onion,51,780,15.29411765
Uttar Pradesh,AZAMGARH,2014,Rabi,Peas & beans (Pulses),6140,8756,1.426058632
Uttar Pradesh,AZAMGARH,2014,Rabi,Potato,4791,64336,13.42851179
Uttar Pradesh,AZAMGARH,2014,Rabi,Rapeseed &Mustard,2287,1783,0.779623962
Uttar Pradesh,AZAMGARH,2014,Rabi,Tobacco,119,504,4.235294118
Uttar Pradesh,AZAMGARH,2014,Rabi,Turmeric,3,8,2.666666667
Uttar Pradesh,AZAMGARH,2014,Rabi,Wheat,243897,516574,2.118000631
Uttar Pradesh,AZAMGARH,2014,Summer,Maize,309,549,1.776699029
Uttar Pradesh,AZAMGARH,2014,Summer,Moong(Green Gram),54,36,0.666666667
Uttar Pradesh,AZAMGARH,2014,Summer,Onion,554,10615,19.16064982
Uttar Pradesh,AZAMGARH,2014,Summer,Sunflower,26,44,1.692307692
Uttar Pradesh,AZAMGARH,2014,Summer,Urad,97,52,0.536082474
Uttar Pradesh,BAGHPAT,1997,Kharif,Arhar/Tur,855,601,0.702923977
Uttar Pradesh,BAGHPAT,1997,Kharif,Bajra,928,1300,1.400862069
Uttar Pradesh,BAGHPAT,1997,Kharif,Jowar,36,28,0.777777778
Uttar Pradesh,BAGHPAT,1997,Kharif,Maize,3314,4958,1.496077248
Uttar Pradesh,BAGHPAT,1997,Kharif,Moong(Green Gram),1,1,1
Uttar Pradesh,BAGHPAT,1997,Kharif,Rice,3307,9518,2.878137285
Uttar Pradesh,BAGHPAT,1997,Kharif,Urad,247,103,0.417004049
Uttar Pradesh,BAGHPAT,1997,Rabi,Barley,279,875,3.136200717
Uttar Pradesh,BAGHPAT,1997,Rabi,Gram,331,288,0.870090634
Uttar Pradesh,BAGHPAT,1997,Rabi,Masoor,314,266,0.847133758
Uttar Pradesh,BAGHPAT,1997,Rabi,Peas & beans (Pulses),147,191,1.299319728
Uttar Pradesh,BAGHPAT,1997,Rabi,Rapeseed &Mustard,1220,1351,1.107377049
Uttar Pradesh,BAGHPAT,1997,Rabi,Sunflower,3,4,1.333333333
Uttar Pradesh,BAGHPAT,1997,Rabi,Wheat,55006,189669,3.448151111
Uttar Pradesh,BAGHPAT,1997,Summer,Maize,6,9,1.5
Uttar Pradesh,BAGHPAT,1997,Summer,Moong(Green Gram),146,69,0.47260274
Uttar Pradesh,BAGHPAT,1997,Summer,Rice,4,12,3
Uttar Pradesh,BAGHPAT,1997,Summer,Urad,310,194,0.625806452
Uttar Pradesh,BAGHPAT,1997,Whole Year,Potato,386,5606,14.52331606
Uttar Pradesh,BAGHPAT,1997,Whole Year,Sugarcane,64142,4335871,67.59800131
Uttar Pradesh,BAGHPAT,1998,Kharif,Arhar/Tur,664,239,0.359939759
Uttar Pradesh,BAGHPAT,1998,Kharif,Bajra,843,1045,1.239620403
Uttar Pradesh,BAGHPAT,1998,Kharif,Cotton(lint),297,41,0.138047138
Uttar Pradesh,BAGHPAT,1998,Kharif,Jowar,33,20,0.606060606
Uttar Pradesh,BAGHPAT,1998,Kharif,Maize,2291,4047,1.766477521
Uttar Pradesh,BAGHPAT,1998,Kharif,Moong(Green Gram),2,1,0.5
Uttar Pradesh,BAGHPAT,1998,Kharif,Rice,4591,9200,2.003920714
Uttar Pradesh,BAGHPAT,1998,Kharif,Small millets,2,1,0.5
Uttar Pradesh,BAGHPAT,1998,Kharif,Urad,177,48,0.271186441
Uttar Pradesh,BAGHPAT,1998,Rabi,Barley,216,657,3.041666667
Uttar Pradesh,BAGHPAT,1998,Rabi,Gram,296,261,0.881756757
Uttar Pradesh,BAGHPAT,1998,Rabi,Masoor,305,171,0.560655738
Uttar Pradesh,BAGHPAT,1998,Rabi,Peas & beans (Pulses),167,171,1.023952096
Uttar Pradesh,BAGHPAT,1998,Rabi,Rapeseed &Mustard,1254,1107,0.88277512
Uttar Pradesh,BAGHPAT,1998,Rabi,Sunflower,1,1,1
Uttar Pradesh,BAGHPAT,1998,Rabi,Wheat,51002,169326,3.319987451
Uttar Pradesh,BAGHPAT,1998,Summer,Maize,6,6,1
Uttar Pradesh,BAGHPAT,1998,Summer,Moong(Green Gram),134,86,0.641791045
Uttar Pradesh,BAGHPAT,1998,Summer,Urad,249,140,0.562248996
Uttar Pradesh,BAGHPAT,1998,Whole Year,Onion,137,1654,12.0729927
Uttar Pradesh,BAGHPAT,1998,Whole Year,Potato,420,12317,29.32619048
Uttar Pradesh,BAGHPAT,1998,Whole Year,Sugarcane,64314,4308523,66.99199241
Uttar Pradesh,BAGHPAT,1998,Whole Year,Tobacco,9,57,6.333333333
Uttar Pradesh,BAGHPAT,1999,Kharif,Arhar/Tur,603,442,0.733001658
Uttar Pradesh,BAGHPAT,1999,Kharif,Bajra,745,1123,1.50738255
Uttar Pradesh,BAGHPAT,1999,Kharif,Cotton(lint),294,376,1.278911565
Uttar Pradesh,BAGHPAT,1999,Kharif,Jowar,39,30,0.769230769
Uttar Pradesh,BAGHPAT,1999,Kharif,Maize,2027,2442,1.204736063
Uttar Pradesh,BAGHPAT,1999,Kharif,Rice,5342,13777,2.57899663
Uttar Pradesh,BAGHPAT,1999,Kharif,Sunflower,6,8,1.333333333
Uttar Pradesh,BAGHPAT,1999,Kharif,Urad,167,69,0.413173653
Uttar Pradesh,BAGHPAT,1999,Rabi,Barley,210,546,2.6
Uttar Pradesh,BAGHPAT,1999,Rabi,Gram,103,100,0.970873786
Uttar Pradesh,BAGHPAT,1999,Rabi,Maize,13,19,1.461538462
Uttar Pradesh,BAGHPAT,1999,Rabi,Rapeseed &Mustard,1029,1140,1.10787172
Uttar Pradesh,BAGHPAT,1999,Rabi,Wheat,56320,208610,3.704012784
Uttar Pradesh,BAGHPAT,1999,Summer,Moong(Green Gram),168,52,0.30952381
Uttar Pradesh,BAGHPAT,1999,Summer,Urad,231,108,0.467532468
Uttar Pradesh,BAGHPAT,1999,Whole Year,Onion,110,1550,14.09090909
Uttar Pradesh,BAGHPAT,1999,Whole Year,Peas & beans (Pulses),82,148,1.804878049
Uttar Pradesh,BAGHPAT,1999,Whole Year,Potato,472,11286,23.91101695
Uttar Pradesh,BAGHPAT,1999,Whole Year,Sugarcane,63061,4081056,64.71600514
Uttar Pradesh,BAGHPAT,1999,Whole Year,Tobacco,4,18,4.5
Uttar Pradesh,BAGHPAT,2000,Kharif,Arhar/Tur,614,477,0.776872964
Uttar Pradesh,BAGHPAT,2000,Kharif,Bajra,716,918,1.282122905
Uttar Pradesh,BAGHPAT,2000,Kharif,Cotton(lint),174,229,1.316091954
Uttar Pradesh,BAGHPAT,2000,Kharif,Jowar,56,45,0.803571429
Uttar Pradesh,BAGHPAT,2000,Kharif,Maize,791,1648,2.083438685
Uttar Pradesh,BAGHPAT,2000,Kharif,Moong(Green Gram),3,1,0.333333333
Uttar Pradesh,BAGHPAT,2000,Kharif,Rice,5949,16013,2.691712893
Uttar Pradesh,BAGHPAT,2000,Kharif,Urad,217,90,0.414746544
Uttar Pradesh,BAGHPAT,2000,Rabi,Barley,220,712,3.236363636
Uttar Pradesh,BAGHPAT,2000,Rabi,Gram,166,142,0.855421687
Uttar Pradesh,BAGHPAT,2000,Rabi,Maize,17,28,1.647058824
Uttar Pradesh,BAGHPAT,2000,Rabi,Masoor,176,110,0.625
Uttar Pradesh,BAGHPAT,2000,Rabi,Moong(Green Gram),158,63,0.398734177
Uttar Pradesh,BAGHPAT,2000,Rabi,Peas & beans (Pulses),102,105,1.029411765
Uttar Pradesh,BAGHPAT,2000,Rabi,Rapeseed &Mustard,849,1041,1.22614841
Uttar Pradesh,BAGHPAT,2000,Rabi,Urad,196,106,0.540816327
Uttar Pradesh,BAGHPAT,2000,Rabi,Wheat,57307,194757,3.398485351
Uttar Pradesh,BAGHPAT,2000,Whole Year,Potato,366,7879,21.5273224
Uttar Pradesh,BAGHPAT,2000,Whole Year,Sugarcane,63723,3904945,61.2799931
Uttar Pradesh,BAGHPAT,2000,Whole Year,Turmeric,4,7,1.75
Uttar Pradesh,BAGHPAT,2001,Kharif,Arhar/Tur,803,610,0.759651308
Uttar Pradesh,BAGHPAT,2001,Kharif,Bajra,673,668,0.992570579
Uttar Pradesh,BAGHPAT,2001,Kharif,Cotton(lint),130,165,1.269230769
Uttar Pradesh,BAGHPAT,2001,Kharif,Jowar,15,13,0.866666667
Uttar Pradesh,BAGHPAT,2001,Kharif,Maize,1047,2511,2.398280802
Uttar Pradesh,BAGHPAT,2001,Kharif,Moong(Green Gram),6,2,0.333333333
Uttar Pradesh,BAGHPAT,2001,Kharif,Rice,5949,13576,2.282064212
Uttar Pradesh,BAGHPAT,2001,Kharif,Sesamum,1,0.1,0.1
Uttar Pradesh,BAGHPAT,2001,Kharif,Sunflower,1,2,2
Uttar Pradesh,BAGHPAT,2001,Kharif,Urad,301,123,0.408637874
Uttar Pradesh,BAGHPAT,2001,Rabi,Barley,201,643,3.199004975
Uttar Pradesh,BAGHPAT,2001,Rabi,Gram,112,112,1
Uttar Pradesh,BAGHPAT,2001,Rabi,Maize,7,11,1.571428571
Uttar Pradesh,BAGHPAT,2001,Rabi,Masoor,233,186,0.798283262
Uttar Pradesh,BAGHPAT,2001,Rabi,Moong(Green Gram),128,54,0.421875
Uttar Pradesh,BAGHPAT,2001,Rabi,Peas & beans (Pulses),97,117,1.206185567
Uttar Pradesh,BAGHPAT,2001,Rabi,Rapeseed &Mustard,1017,1206,1.185840708
Uttar Pradesh,BAGHPAT,2001,Rabi,Urad,180,87,0.483333333
Uttar Pradesh,BAGHPAT,2001,Rabi,Wheat,57709,203180,3.520767991
Uttar Pradesh,BAGHPAT,2001,Whole Year,Potato,376,10059,26.75265957
Uttar Pradesh,BAGHPAT,2001,Whole Year,Sugarcane,63610,4106153,64.5520044
Uttar Pradesh,BAGHPAT,2002,Kharif,Bajra,564,712,1.262411348
Uttar Pradesh,BAGHPAT,2002,Kharif,Cotton(lint),98,106,1.081632653
Uttar Pradesh,BAGHPAT,2002,Kharif,Jowar,25,23,0.92
Uttar Pradesh,BAGHPAT,2002,Kharif,Maize,490,608,1.240816327
Uttar Pradesh,BAGHPAT,2002,Kharif,Moong(Green Gram),6,4,0.666666667
Uttar Pradesh,BAGHPAT,2002,Kharif,Rice,2806,6252,2.22808268
Uttar Pradesh,BAGHPAT,2002,Kharif,Sesamum,2,0,0
Uttar Pradesh,BAGHPAT,2002,Kharif,Small millets,122,70,0.573770492
Uttar Pradesh,BAGHPAT,2002,Kharif,Sunflower,1,1,1
Uttar Pradesh,BAGHPAT,2002,Kharif,Urad,336,134,0.398809524
Uttar Pradesh,BAGHPAT,2002,Rabi,Barley,218,636,2.917431193
Uttar Pradesh,BAGHPAT,2002,Rabi,Gram,115,105,0.913043478
Uttar Pradesh,BAGHPAT,2002,Rabi,Linseed,2221,1022,0.460153084
Uttar Pradesh,BAGHPAT,2002,Rabi,Maize,13,14,1.076923077
Uttar Pradesh,BAGHPAT,2002,Rabi,Masoor,140,107,0.764285714
Uttar Pradesh,BAGHPAT,2002,Rabi,Onion,52,536,10.30769231
Uttar Pradesh,BAGHPAT,2002,Rabi,Peas & beans (Pulses),51,63,1.235294118
Uttar Pradesh,BAGHPAT,2002,Rabi,Ragi,1,2,2
Uttar Pradesh,BAGHPAT,2002,Rabi,Rapeseed &Mustard,982,1014,1.032586558
Uttar Pradesh,BAGHPAT,2002,Rabi,Wheat,56166,206061,3.668785386
Uttar Pradesh,BAGHPAT,2002,Summer,Moong(Green Gram),102,55,0.539215686
Uttar Pradesh,BAGHPAT,2002,Summer,Onion,57,637,11.1754386
Uttar Pradesh,BAGHPAT,2002,Summer,Urad,226,91,0.402654867
Uttar Pradesh,BAGHPAT,2002,Whole Year,Potato,371,9426,25.40700809
Uttar Pradesh,BAGHPAT,2002,Whole Year,Sannhamp,42,13,0.30952381
Uttar Pradesh,BAGHPAT,2002,Whole Year,Sugarcane,69410,4252057,61.26000576
Uttar Pradesh,BAGHPAT,2002,Whole Year,Tobacco,1,6,6
Uttar Pradesh,BAGHPAT,2003,Kharif,Arhar/Tur,934,798,0.854389722
Uttar Pradesh,BAGHPAT,2003,Kharif,Bajra,912,1299,1.424342105
Uttar Pradesh,BAGHPAT,2003,Kharif,Jowar,57,49,0.859649123
Uttar Pradesh,BAGHPAT,2003,Kharif,Maize,372,506,1.360215054
Uttar Pradesh,BAGHPAT,2003,Kharif,Moong(Green Gram),10,6,0.6
Uttar Pradesh,BAGHPAT,2003,Kharif,Rice,3147,8514,2.705433746
Uttar Pradesh,BAGHPAT,2003,Kharif,Sesamum,1,0,0
Uttar Pradesh,BAGHPAT,2003,Kharif,Urad,307,73,0.237785016
Uttar Pradesh,BAGHPAT,2003,Rabi,Barley,171,432,2.526315789
Uttar Pradesh,BAGHPAT,2003,Rabi,Gram,70,73,1.042857143
Uttar Pradesh,BAGHPAT,2003,Rabi,Masoor,132,119,0.901515152
Uttar Pradesh,BAGHPAT,2003,Rabi,Onion,75,1076,14.34666667
Uttar Pradesh,BAGHPAT,2003,Rabi,Peas & beans (Pulses),64,88,1.375
Uttar Pradesh,BAGHPAT,2003,Rabi,Rapeseed &Mustard,1036,883,0.852316602
Uttar Pradesh,BAGHPAT,2003,Rabi,Wheat,57683,208723,3.61844911
Uttar Pradesh,BAGHPAT,2003,Summer,Moong(Green Gram),115,63,0.547826087
Uttar Pradesh,BAGHPAT,2003,Summer,Onion,42,415,9.880952381
Uttar Pradesh,BAGHPAT,2003,Summer,Urad,177,87,0.491525424
Uttar Pradesh,BAGHPAT,2003,Whole Year,Potato,353,6390,18.101983
Uttar Pradesh,BAGHPAT,2003,Whole Year,Sugarcane,70774,4453666,62.92799616
Uttar Pradesh,BAGHPAT,2003,Whole Year,Tobacco,1,4,4
Uttar Pradesh,BAGHPAT,2004,Kharif,Bajra,653,967,1.48085758
Uttar Pradesh,BAGHPAT,2004,Kharif,Cotton(lint),78,13,0.166666667
Uttar Pradesh,BAGHPAT,2004,Kharif,Jowar,164,131,0.798780488
Uttar Pradesh,BAGHPAT,2004,Kharif,Maize,238,262,1.100840336
Uttar Pradesh,BAGHPAT,2004,Kharif,Rice,3230,8459,2.618885449
Uttar Pradesh,BAGHPAT,2004,Kharif,Sugarcane,70317,4931191,70.12800603
Uttar Pradesh,BAGHPAT,2004,Rabi,Barley,142,395,2.781690141
Uttar Pradesh,BAGHPAT,2004,Rabi,Gram,46,42,0.913043478
Uttar Pradesh,BAGHPAT,2004,Rabi,Potato,344,8064,23.44186047
Uttar Pradesh,BAGHPAT,2004,Rabi,Rapeseed &Mustard,1373,1781,1.297159505
Uttar Pradesh,BAGHPAT,2004,Rabi,Wheat,57480,204817,3.563274182
Uttar Pradesh,BAGHPAT,2004,Whole Year,Dry chillies,40,38,0.95
Uttar Pradesh,BAGHPAT,2004,Whole Year,Onion,57,657,11.52631579
Uttar Pradesh,BAGHPAT,2004,Whole Year,Sweet potato,6,70,11.66666667
Uttar Pradesh,BAGHPAT,2004,Whole Year,Tobacco,2,8,4
Uttar Pradesh,BAGHPAT,2005,Kharif,Bajra,1358,1951,1.436671576
Uttar Pradesh,BAGHPAT,2005,Kharif,Cotton(lint),105,21,0.2
Uttar Pradesh,BAGHPAT,2005,Kharif,Jowar,53,43,0.811320755
Uttar Pradesh,BAGHPAT,2005,Kharif,Maize,157,244,1.554140127
Uttar Pradesh,BAGHPAT,2005,Kharif,Rice,3010,7429,2.468106312
Uttar Pradesh,BAGHPAT,2005,Kharif,Sugarcane,56758,3723325,65.60000352
Uttar Pradesh,BAGHPAT,2005,Rabi,Barley,171,483,2.824561404
Uttar Pradesh,BAGHPAT,2005,Rabi,Gram,70,62,0.885714286
Uttar Pradesh,BAGHPAT,2005,Rabi,Potato,264,4559,17.26893939
Uttar Pradesh,BAGHPAT,2005,Rabi,Rapeseed &Mustard,1043,1291,1.237775647
Uttar Pradesh,BAGHPAT,2005,Rabi,Wheat,57683,188623,3.269992892
Uttar Pradesh,BAGHPAT,2005,Whole Year,Dry chillies,24,22,0.916666667
Uttar Pradesh,BAGHPAT,2005,Whole Year,Onion,124,1590,12.82258065
Uttar Pradesh,BAGHPAT,2005,Whole Year,Sweet potato,6,78,13
Uttar Pradesh,BAGHPAT,2006,Kharif,Arhar/Tur,1732,1663,0.960161663
Uttar Pradesh,BAGHPAT,2006,Kharif,Bajra,626,777,1.241214058
Uttar Pradesh,BAGHPAT,2006,Kharif,Cotton(lint),73,16,0.219178082
Uttar Pradesh,BAGHPAT,2006,Kharif,Jowar,127,103,0.811023622
Uttar Pradesh,BAGHPAT,2006,Kharif,Maize,248,466,1.879032258
Uttar Pradesh,BAGHPAT,2006,Kharif,Other Kharif pulses,482,279,0.578838174
Uttar Pradesh,BAGHPAT,2006,Kharif,Rice,2637,6848,2.596890406
Uttar Pradesh,BAGHPAT,2006,Kharif,Sugarcane,67999,4904088,72.12000176
Uttar Pradesh,BAGHPAT,2006,Kharif,Sweet potato,15,205,13.66666667
Uttar Pradesh,BAGHPAT,2006,Rabi,Barley,94,346,3.680851064
Uttar Pradesh,BAGHPAT,2006,Rabi,Gram,36,26,0.722222222
Uttar Pradesh,BAGHPAT,2006,Rabi,Masoor,113,80,0.707964602
Uttar Pradesh,BAGHPAT,2006,Rabi,Onion,19,364,19.15789474
Uttar Pradesh,BAGHPAT,2006,Rabi,Other  Rabi pulses,50,48,0.96
Uttar Pradesh,BAGHPAT,2006,Rabi,Potato,298,4855,16.29194631
Uttar Pradesh,BAGHPAT,2006,Rabi,Rapeseed &Mustard,945,932,0.986243386
Uttar Pradesh,BAGHPAT,2006,Rabi,Wheat,56458,227356,4.026993517
Uttar Pradesh,BAGHPAT,2006,Summer,Onion,36,419,11.63888889
Uttar Pradesh,BAGHPAT,2006,Whole Year,Dry chillies,35,33,0.942857143
Uttar Pradesh,BAGHPAT,2007,Kharif,Arhar/Tur,930,793,0.852688172
Uttar Pradesh,BAGHPAT,2007,Kharif,Bajra,1193,1806,1.513830679
Uttar Pradesh,BAGHPAT,2007,Kharif,Cotton(lint),41,11,0.268292683
Uttar Pradesh,BAGHPAT,2007,Kharif,Dry chillies,32,31,0.96875
Uttar Pradesh,BAGHPAT,2007,Kharif,Dry ginger,6,14,2.333333333
Uttar Pradesh,BAGHPAT,2007,Kharif,Jowar,123,78,0.634146341
Uttar Pradesh,BAGHPAT,2007,Kharif,Maize,12,23,1.916666667
Uttar Pradesh,BAGHPAT,2007,Kharif,Rice,1866,5643,3.024115756
Uttar Pradesh,BAGHPAT,2007,Kharif,Sugarcane,75521,5386460,71.3240026
Uttar Pradesh,BAGHPAT,2007,Kharif,Sweet potato,4,54,13.5
Uttar Pradesh,BAGHPAT,2007,Rabi,Barley,113,340,3.008849558
Uttar Pradesh,BAGHPAT,2007,Rabi,Gram,36,27,0.75
Uttar Pradesh,BAGHPAT,2007,Rabi,Masoor,63,46,0.73015873
Uttar Pradesh,BAGHPAT,2007,Rabi,Onion,84,1173,13.96428571
Uttar Pradesh,BAGHPAT,2007,Rabi,Other  Rabi pulses,50,47,0.94
Uttar Pradesh,BAGHPAT,2007,Rabi,Potato,288,4762,16.53472222
Uttar Pradesh,BAGHPAT,2007,Rabi,Rapeseed &Mustard,1299,1736,1.336412625
Uttar Pradesh,BAGHPAT,2007,Rabi,Wheat,56669,190691,3.364996735
Uttar Pradesh,BAGHPAT,2007,Summer,Moong(Green Gram),58,40,0.689655172
Uttar Pradesh,BAGHPAT,2007,Summer,Onion,52,702,13.5
Uttar Pradesh,BAGHPAT,2007,Summer,Urad,70,39,0.557142857
Uttar Pradesh,BAGHPAT,2008,Kharif,Arhar/Tur,1033,786,0.76089061
Uttar Pradesh,BAGHPAT,2008,Kharif,Bajra,466,832,1.785407725
Uttar Pradesh,BAGHPAT,2008,Kharif,Dry chillies,33,33,1
Uttar Pradesh,BAGHPAT,2008,Kharif,Jowar,79,60,0.759493671
Uttar Pradesh,BAGHPAT,2008,Kharif,Maize,24,53,2.208333333
Uttar Pradesh,BAGHPAT,2008,Kharif,Moong(Green Gram),6,2,0.333333333
Uttar Pradesh,BAGHPAT,2008,Kharif,Rice,3279,7594,2.315949985
Uttar Pradesh,BAGHPAT,2008,Kharif,Sugarcane,67501,4395395,65.11599828
Uttar Pradesh,BAGHPAT,2008,Kharif,Sweet potato,9,110,12.22222222
Uttar Pradesh,BAGHPAT,2008,Kharif,Urad,361,194,0.537396122
Uttar Pradesh,BAGHPAT,2008,Rabi,Barley,104,373,3.586538462
Uttar Pradesh,BAGHPAT,2008,Rabi,Coriander,2,1,0.5
Uttar Pradesh,BAGHPAT,2008,Rabi,Gram,10,10,1
Uttar Pradesh,BAGHPAT,2008,Rabi,Masoor,95,84,0.884210526
Uttar Pradesh,BAGHPAT,2008,Rabi,Onion,56,657,11.73214286
Uttar Pradesh,BAGHPAT,2008,Rabi,Potato,255,5232,20.51764706
Uttar Pradesh,BAGHPAT,2008,Rabi,Rapeseed &Mustard,1306,1443,1.104900459
Uttar Pradesh,BAGHPAT,2008,Rabi,Wheat,56176,213244,3.795998291
Uttar Pradesh,BAGHPAT,2008,Summer,Maize,2,3,1.5
Uttar Pradesh,BAGHPAT,2008,Summer,Moong(Green Gram),86,59,0.686046512
Uttar Pradesh,BAGHPAT,2008,Summer,Urad,139,86,0.618705036
Uttar Pradesh,BAGHPAT,2009,Kharif,Arhar/Tur,1117,896,0.802148612
Uttar Pradesh,BAGHPAT,2009,Kharif,Bajra,319,613,1.921630094
Uttar Pradesh,BAGHPAT,2009,Kharif,Cotton(lint),20,3,0.15
Uttar Pradesh,BAGHPAT,2009,Kharif,Dry chillies,13,12,0.923076923
Uttar Pradesh,BAGHPAT,2009,Kharif,Dry ginger,1,3,3
Uttar Pradesh,BAGHPAT,2009,Kharif,Jowar,13,10,0.769230769
Uttar Pradesh,BAGHPAT,2009,Kharif,Maize,19,36,1.894736842
Uttar Pradesh,BAGHPAT,2009,Kharif,Moong(Green Gram),4,1,0.25
Uttar Pradesh,BAGHPAT,2009,Kharif,Rice,3646,9906,2.716950082
Uttar Pradesh,BAGHPAT,2009,Kharif,Sugarcane,72690,5213036,71.71599945
Uttar Pradesh,BAGHPAT,2009,Kharif,Sweet potato,8,109,13.625
Uttar Pradesh,BAGHPAT,2009,Kharif,Urad,421,161,0.382422803
Uttar Pradesh,BAGHPAT,2009,Rabi,Barley,94,327,3.478723404
Uttar Pradesh,BAGHPAT,2009,Rabi,Coriander,2,1,0.5
Uttar Pradesh,BAGHPAT,2009,Rabi,Gram,8,7,0.875
Uttar Pradesh,BAGHPAT,2009,Rabi,Masoor,70,56,0.8
Uttar Pradesh,BAGHPAT,2009,Rabi,Onion,15,258,17.2
Uttar Pradesh,BAGHPAT,2009,Rabi,Potato,251,5557,22.13944223
Uttar Pradesh,BAGHPAT,2009,Rabi,Rapeseed &Mustard,1475,1931,1.309152542
Uttar Pradesh,BAGHPAT,2009,Rabi,Wheat,56057,203543,3.631000589
Uttar Pradesh,BAGHPAT,2009,Summer,Moong(Green Gram),25,20,0.8
Uttar Pradesh,BAGHPAT,2009,Summer,Onion,106,1473,13.89622642
Uttar Pradesh,BAGHPAT,2009,Summer,Urad,137,85,0.620437956
Uttar Pradesh,BAGHPAT,2010,Kharif,Arhar/Tur,1068,700,0.655430712
Uttar Pradesh,BAGHPAT,2010,Kharif,Bajra,458,818,1.786026201
Uttar Pradesh,BAGHPAT,2010,Kharif,Cotton(lint),14,3,0.214285714
Uttar Pradesh,BAGHPAT,2010,Kharif,Dry chillies,27,24,0.888888889
Uttar Pradesh,BAGHPAT,2010,Kharif,Dry ginger,1,3,3
Uttar Pradesh,BAGHPAT,2010,Kharif,Moong(Green Gram),9,4,0.444444444
Uttar Pradesh,BAGHPAT,2010,Kharif,Rice,4575,10756,2.351038251
Uttar Pradesh,BAGHPAT,2010,Kharif,Sugarcane,72926,4829160,66.22000384
Uttar Pradesh,BAGHPAT,2010,Kharif,Urad,486,328,0.674897119
Uttar Pradesh,BAGHPAT,2010,Rabi,Barley,63,214,3.396825397
Uttar Pradesh,BAGHPAT,2010,Rabi,Masoor,84,59,0.702380952
Uttar Pradesh,BAGHPAT,2010,Rabi,Onion,24,442,18.41666667
Uttar Pradesh,BAGHPAT,2010,Rabi,Peas & beans (Pulses),24,28,1.166666667
Uttar Pradesh,BAGHPAT,2010,Rabi,Potato,202,4313,21.35148515
Uttar Pradesh,BAGHPAT,2010,Rabi,Rapeseed &Mustard,1548,1850,1.195090439
Uttar Pradesh,BAGHPAT,2010,Rabi,Wheat,55863,230100,4.119005424
Uttar Pradesh,BAGHPAT,2010,Summer,Moong(Green Gram),42,45,1.071428571
Uttar Pradesh,BAGHPAT,2010,Summer,Urad,122,76,0.62295082
Uttar Pradesh,BAGHPAT,2011,Kharif,Arhar/Tur,976,682,0.698770492
Uttar Pradesh,BAGHPAT,2011,Kharif,Bajra,405,759,1.874074074
Uttar Pradesh,BAGHPAT,2011,Kharif,Cotton(lint),102,24,0.235294118
Uttar Pradesh,BAGHPAT,2011,Kharif,Dry chillies,35,29,0.828571429
Uttar Pradesh,BAGHPAT,2011,Kharif,Jowar,4,3,0.75
Uttar Pradesh,BAGHPAT,2011,Kharif,Maize,6,13,2.166666667
Uttar Pradesh,BAGHPAT,2011,Kharif,Moong(Green Gram),3,1,0.333333333
Uttar Pradesh,BAGHPAT,2011,Kharif,Rice,5108,14292,2.797963978
Uttar Pradesh,BAGHPAT,2011,Kharif,Sugarcane,73363,4968436,67.72400256
Uttar Pradesh,BAGHPAT,2011,Kharif,Sweet potato,7,91,13
Uttar Pradesh,BAGHPAT,2011,Kharif,Urad,408,273,0.669117647
Uttar Pradesh,BAGHPAT,2011,Rabi,Barley,50,192,3.84
Uttar Pradesh,BAGHPAT,2011,Rabi,Coriander,1,1,1
Uttar Pradesh,BAGHPAT,2011,Rabi,Gram,12,14,1.166666667
Uttar Pradesh,BAGHPAT,2011,Rabi,Masoor,107,94,0.878504673
Uttar Pradesh,BAGHPAT,2011,Rabi,Onion,49,1121,22.87755102
Uttar Pradesh,BAGHPAT,2011,Rabi,Peas & beans (Pulses),7,10,1.428571429
Uttar Pradesh,BAGHPAT,2011,Rabi,Potato,297,6603,22.23232323
Uttar Pradesh,BAGHPAT,2011,Rabi,Rapeseed &Mustard,1575,1841,1.168888889
Uttar Pradesh,BAGHPAT,2011,Rabi,Wheat,54923,232874,4.24000874
Uttar Pradesh,BAGHPAT,2011,Summer,Moong(Green Gram),87,68,0.781609195
Uttar Pradesh,BAGHPAT,2011,Summer,Onion,71,769,10.83098592
Uttar Pradesh,BAGHPAT,2011,Summer,Urad,137,91,0.664233577
Uttar Pradesh,BAGHPAT,2012,Kharif,Arhar/Tur,751,736,0.980026631
Uttar Pradesh,BAGHPAT,2012,Kharif,Bajra,440,1024,2.327272727
Uttar Pradesh,BAGHPAT,2012,Kharif,Cotton(lint),38,9,0.236842105
Uttar Pradesh,BAGHPAT,2012,Kharif,Dry chillies,11,9,0.818181818
Uttar Pradesh,BAGHPAT,2012,Kharif,Rice,5088,15483,3.043042453
Uttar Pradesh,BAGHPAT,2012,Kharif,Sugarcane,73561,5404085,73.46399587
Uttar Pradesh,BAGHPAT,2012,Kharif,Sweet potato,1,13,13
Uttar Pradesh,BAGHPAT,2012,Kharif,Urad,521,345,0.6621881
Uttar Pradesh,BAGHPAT,2012,Rabi,Barley,53,141,2.660377358
Uttar Pradesh,BAGHPAT,2012,Rabi,Gram,13,14,1.076923077
Uttar Pradesh,BAGHPAT,2012,Rabi,Masoor,57,51,0.894736842
Uttar Pradesh,BAGHPAT,2012,Rabi,Onion,35,805,23
Uttar Pradesh,BAGHPAT,2012,Rabi,Peas & beans (Pulses),8,12,1.5
Uttar Pradesh,BAGHPAT,2012,Rabi,Potato,249,5559,22.3253012
Uttar Pradesh,BAGHPAT,2012,Rabi,Rapeseed &Mustard,1691,2235,1.321703134
Uttar Pradesh,BAGHPAT,2012,Rabi,Wheat,53718,238830,4.445995756
Uttar Pradesh,BAGHPAT,2012,Summer,Banana,1,45,45
Uttar Pradesh,BAGHPAT,2012,Summer,Moong(Green Gram),48,33,0.6875
Uttar Pradesh,BAGHPAT,2012,Summer,Onion,40,435,10.875
Uttar Pradesh,BAGHPAT,2012,Summer,Urad,180,124,0.688888889
Uttar Pradesh,BAGHPAT,2013,Kharif,Arhar/Tur,639,447,0.699530516
Uttar Pradesh,BAGHPAT,2013,Kharif,Bajra,922,1242,1.347071584
Uttar Pradesh,BAGHPAT,2013,Kharif,Cotton(lint),38,9,0.236842105
Uttar Pradesh,BAGHPAT,2013,Kharif,Dry chillies,13,10,0.769230769
Uttar Pradesh,BAGHPAT,2013,Kharif,Jowar,12,10,0.833333333
Uttar Pradesh,BAGHPAT,2013,Kharif,Maize,22,53,2.409090909
Uttar Pradesh,BAGHPAT,2013,Kharif,Moong(Green Gram),15,5,0.333333333
Uttar Pradesh,BAGHPAT,2013,Kharif,Rice,7931,24126,3.041987139
Uttar Pradesh,BAGHPAT,2013,Kharif,Sugarcane,71950,5562023,77.30400278
Uttar Pradesh,BAGHPAT,2013,Kharif,Sweet potato,5,66,13.2
Uttar Pradesh,BAGHPAT,2013,Kharif,Urad,430,192,0.446511628
Uttar Pradesh,BAGHPAT,2013,Rabi,Barley,31,111,3.580645161
Uttar Pradesh,BAGHPAT,2013,Rabi,Masoor,53,37,0.698113208
Uttar Pradesh,BAGHPAT,2013,Rabi,Onion,27,549,20.33333333
Uttar Pradesh,BAGHPAT,2013,Rabi,Peas & beans (Pulses),13,13,1
Uttar Pradesh,BAGHPAT,2013,Rabi,Potato,487,10630,21.8275154
Uttar Pradesh,BAGHPAT,2013,Rabi,Rapeseed &Mustard,2035,3036,1.491891892
Uttar Pradesh,BAGHPAT,2013,Rabi,Tobacco,2,11,5.5
Uttar Pradesh,BAGHPAT,2013,Rabi,Turmeric,3,9,3
Uttar Pradesh,BAGHPAT,2013,Rabi,Wheat,55347,249172,4.501996495
Uttar Pradesh,BAGHPAT,2013,Summer,Moong(Green Gram),40,24,0.6
Uttar Pradesh,BAGHPAT,2013,Summer,Onion,36,459,12.75
Uttar Pradesh,BAGHPAT,2013,Summer,Urad,137,79,0.576642336
Uttar Pradesh,BAGHPAT,2014,Kharif,Arhar/Tur,409,316,0.772616137
Uttar Pradesh,BAGHPAT,2014,Kharif,Bajra,685,1392,2.032116788
Uttar Pradesh,BAGHPAT,2014,Kharif,Cotton(lint),4,1,0.25
Uttar Pradesh,BAGHPAT,2014,Kharif,Dry chillies,19,16,0.842105263
Uttar Pradesh,BAGHPAT,2014,Kharif,Maize,31,73,2.35483871
Uttar Pradesh,BAGHPAT,2014,Kharif,Moong(Green Gram),61,20,0.327868852
Uttar Pradesh,BAGHPAT,2014,Kharif,Rice,5792,14515,2.506042818
Uttar Pradesh,BAGHPAT,2014,Kharif,Sesamum,2,1,0.5
Uttar Pradesh,BAGHPAT,2014,Kharif,Sugarcane,77107,5671682,73.55599362
Uttar Pradesh,BAGHPAT,2014,Kharif,Urad,290,156,0.537931034
Uttar Pradesh,BAGHPAT,2014,Rabi,Barley,17,51,3
Uttar Pradesh,BAGHPAT,2014,Rabi,Gram,1,,
Uttar Pradesh,BAGHPAT,2014,Rabi,Masoor,49,26,0.530612245
Uttar Pradesh,BAGHPAT,2014,Rabi,Onion,15,229,15.26666667
Uttar Pradesh,BAGHPAT,2014,Rabi,Peas & beans (Pulses),14,11,0.785714286
Uttar Pradesh,BAGHPAT,2014,Rabi,Potato,277,5651,20.40072202
Uttar Pradesh,BAGHPAT,2014,Rabi,Rapeseed &Mustard,1747,1696,0.970807098
Uttar Pradesh,BAGHPAT,2014,Rabi,Turmeric,3,8,2.666666667
Uttar Pradesh,BAGHPAT,2014,Rabi,Wheat,51752,175439,3.38999459
Uttar Pradesh,BAGHPAT,2014,Summer,Maize,1,2,2
Uttar Pradesh,BAGHPAT,2014,Summer,Moong(Green Gram),39,30,0.769230769
Uttar Pradesh,BAGHPAT,2014,Summer,Onion,67,1013,15.11940299
Uttar Pradesh,BAGHPAT,2014,Summer,Urad,111,60,0.540540541
Uttar Pradesh,BAHRAICH,1997,Kharif,Arhar/Tur,5445,2976,0.546556474
Uttar Pradesh,BAHRAICH,1997,Kharif,Bajra,315,559,1.774603175
Uttar Pradesh,BAHRAICH,1997,Kharif,Castor seed,1,1,1
Uttar Pradesh,BAHRAICH,1997,Kharif,Groundnut,2075,1662,0.800963855
Uttar Pradesh,BAHRAICH,1997,Kharif,Jowar,347,394,1.135446686
Uttar Pradesh,BAHRAICH,1997,Kharif,Maize,71653,71653,1
Uttar Pradesh,BAHRAICH,1997,Kharif,Moong(Green Gram),31,9,0.290322581
Uttar Pradesh,BAHRAICH,1997,Kharif,Moth,3,2,0.666666667
Uttar Pradesh,BAHRAICH,1997,Kharif,Oilseeds total,11863,5691,0.479726882
Uttar Pradesh,BAHRAICH,1997,Kharif,Onion,397,4087,10.29471033
Uttar Pradesh,BAHRAICH,1997,Kharif,Rice,123564,202315,1.637329643
Uttar Pradesh,BAHRAICH,1997,Kharif,Sesamum,546,86,0.157509158
Uttar Pradesh,BAHRAICH,1997,Kharif,Small millets,963,823,0.854620976
Uttar Pradesh,BAHRAICH,1997,Kharif,Soyabean,32,33,1.03125
Uttar Pradesh,BAHRAICH,1997,Kharif,Total foodgrain,379907,578289,1.522185693
Uttar Pradesh,BAHRAICH,1997,Kharif,Urad,1017,332,0.326450344
Uttar Pradesh,BAHRAICH,1997,Rabi,Barley,1349,2776,2.057820608
Uttar Pradesh,BAHRAICH,1997,Rabi,Gram,4514,1326,0.293752769
Uttar Pradesh,BAHRAICH,1997,Rabi,Linseed,470,176,0.374468085
Uttar Pradesh,BAHRAICH,1997,Rabi,Masoor,48275,31282,0.647995857
Uttar Pradesh,BAHRAICH,1997,Rabi,Peas & beans (Pulses),849,1103,1.299175501
Uttar Pradesh,BAHRAICH,1997,Rabi,Rapeseed &Mustard,8605,3552,0.412783266
Uttar Pradesh,BAHRAICH,1997,Rabi,Sunflower,134,181,1.350746269
Uttar Pradesh,BAHRAICH,1997,Rabi,Wheat,121154,262266,2.164732489
Uttar Pradesh,BAHRAICH,1997,Summer,Maize,242,382,1.578512397
Uttar Pradesh,BAHRAICH,1997,Summer,Moong(Green Gram),33,14,0.424242424
Uttar Pradesh,BAHRAICH,1997,Summer,Rice,4,7,1.75
Uttar Pradesh,BAHRAICH,1997,Summer,Urad,148,69,0.466216216
Uttar Pradesh,BAHRAICH,1997,Whole Year,Potato,1716,16139,9.405011655
Uttar Pradesh,BAHRAICH,1997,Whole Year,Sugarcane,12907,630275,48.83202913
Uttar Pradesh,BAHRAICH,1998,Kharif,Arhar/Tur,5490,3354,0.610928962
Uttar Pradesh,BAHRAICH,1998,Kharif,Bajra,284,415,1.461267606
Uttar Pradesh,BAHRAICH,1998,Kharif,Groundnut,1759,1458,0.828880045
Uttar Pradesh,BAHRAICH,1998,Kharif,Jowar,366,328,0.896174863
Uttar Pradesh,BAHRAICH,1998,Kharif,Jute,17,13,0.764705882
Uttar Pradesh,BAHRAICH,1998,Kharif,Maize,74579,34903,0.468000375
Uttar Pradesh,BAHRAICH,1998,Kharif,Moong(Green Gram),34,7,0.205882353
Uttar Pradesh,BAHRAICH,1998,Kharif,Moth,3,1,0.333333333
Uttar Pradesh,BAHRAICH,1998,Kharif,Ragi,8,10,1.25
Uttar Pradesh,BAHRAICH,1998,Kharif,Rice,120967,202696,1.675630544
Uttar Pradesh,BAHRAICH,1998,Kharif,Sesamum,390,48,0.123076923
Uttar Pradesh,BAHRAICH,1998,Kharif,Small millets,969,393,0.405572755
Uttar Pradesh,BAHRAICH,1998,Kharif,Soyabean,25,10,0.4
Uttar Pradesh,BAHRAICH,1998,Kharif,Urad,1050,324,0.308571429
Uttar Pradesh,BAHRAICH,1998,Rabi,Barley,1124,2743,2.440391459
Uttar Pradesh,BAHRAICH,1998,Rabi,Castor seed,1,1,1
Uttar Pradesh,BAHRAICH,1998,Rabi,Gram,6357,3508,0.551832625
Uttar Pradesh,BAHRAICH,1998,Rabi,Linseed,531,146,0.274952919
Uttar Pradesh,BAHRAICH,1998,Rabi,Masoor,47420,31487,0.664002531
Uttar Pradesh,BAHRAICH,1998,Rabi,Peas & beans (Pulses),945,998,1.056084656
Uttar Pradesh,BAHRAICH,1998,Rabi,Rapeseed &Mustard,8709,5496,0.631071306
Uttar Pradesh,BAHRAICH,1998,Rabi,Sunflower,108,132,1.222222222
Uttar Pradesh,BAHRAICH,1998,Rabi,Wheat,119901,256136,2.136229056
Uttar Pradesh,BAHRAICH,1998,Summer,Maize,252,256,1.015873016
Uttar Pradesh,BAHRAICH,1998,Summer,Moong(Green Gram),51,26,0.509803922
Uttar Pradesh,BAHRAICH,1998,Summer,Rice,7,12,1.714285714
Uttar Pradesh,BAHRAICH,1998,Summer,Urad,159,74,0.465408805
Uttar Pradesh,BAHRAICH,1998,Whole Year,Onion,443,5349,12.0744921
Uttar Pradesh,BAHRAICH,1998,Whole Year,Potato,1934,31351,16.21044467
Uttar Pradesh,BAHRAICH,1998,Whole Year,Sannhamp,61,22,0.360655738
Uttar Pradesh,BAHRAICH,1998,Whole Year,Sugarcane,15344,640152,41.72002086
Uttar Pradesh,BAHRAICH,1998,Whole Year,Tobacco,2,12,6
Uttar Pradesh,BAHRAICH,1998,Whole Year,Turmeric,143,266,1.86013986
Uttar Pradesh,BAHRAICH,1999,Kharif,Arhar/Tur,5455,4116,0.754537122
Uttar Pradesh,BAHRAICH,1999,Kharif,Bajra,289,488,1.688581315
Uttar Pradesh,BAHRAICH,1999,Kharif,Groundnut,1853,2158,1.164597949
Uttar Pradesh,BAHRAICH,1999,Kharif,Jowar,310,209,0.674193548
Uttar Pradesh,BAHRAICH,1999,Kharif,Maize,74800,75473,1.008997326
Uttar Pradesh,BAHRAICH,1999,Kharif,Moong(Green Gram),36,10,0.277777778
Uttar Pradesh,BAHRAICH,1999,Kharif,Rice,121579,216828,1.783432994
Uttar Pradesh,BAHRAICH,1999,Kharif,Small millets,1176,768,0.653061224
Uttar Pradesh,BAHRAICH,1999,Kharif,Soyabean,20,15,0.75
Uttar Pradesh,BAHRAICH,1999,Kharif,Sunflower,90,117,1.3
Uttar Pradesh,BAHRAICH,1999,Kharif,Urad,1216,455,0.374177632
Uttar Pradesh,BAHRAICH,1999,Rabi,Barley,1169,1822,1.558597092
Uttar Pradesh,BAHRAICH,1999,Rabi,Gram,6445,4207,0.652754073
Uttar Pradesh,BAHRAICH,1999,Rabi,Linseed,546,252,0.461538462
Uttar Pradesh,BAHRAICH,1999,Rabi,Maize,346,501,1.447976879
Uttar Pradesh,BAHRAICH,1999,Rabi,Rapeseed &Mustard,10175,5915,0.581326781
Uttar Pradesh,BAHRAICH,1999,Summer,Moong(Green Gram),45,24,0.533333333
Uttar Pradesh,BAHRAICH,1999,Summer,Rice,4,7,1.75
Uttar Pradesh,BAHRAICH,1999,Summer,Urad,246,120,0.487804878
Uttar Pradesh,BAHRAICH,1999,Whole Year,Onion,528,7569,14.33522727
Uttar Pradesh,BAHRAICH,1999,Whole Year,Peas & beans (Pulses),1304,1243,0.953220859
Uttar Pradesh,BAHRAICH,1999,Whole Year,Potato,2041,54251,26.58059775
Uttar Pradesh,BAHRAICH,1999,Whole Year,Sugarcane,17474,880829,50.40797757
Uttar Pradesh,BAHRAICH,1999,Whole Year,Tobacco,2,11,5.5
Uttar Pradesh,BAHRAICH,1999,Whole Year,Turmeric,151,235,1.556291391
Uttar Pradesh,BAHRAICH,2000,Kharif,Arhar/Tur,5569,3146,0.564912911
Uttar Pradesh,BAHRAICH,2000,Kharif,Bajra,286,496,1.734265734
Uttar Pradesh,BAHRAICH,2000,Kharif,Castor seed,6,4,0.666666667
Uttar Pradesh,BAHRAICH,2000,Kharif,Groundnut,1884,2431,1.290339703
Uttar Pradesh,BAHRAICH,2000,Kharif,Jowar,301,372,1.235880399
Uttar Pradesh,BAHRAICH,2000,Kharif,Maize,75226,67252,0.893999415
Uttar Pradesh,BAHRAICH,2000,Kharif,Moong(Green Gram),40,12,0.3
Uttar Pradesh,BAHRAICH,2000,Kharif,Rice,122059,224983,1.843231552
Uttar Pradesh,BAHRAICH,2000,Kharif,Sesamum,415,67,0.161445783
Uttar Pradesh,BAHRAICH,2000,Kharif,Small millets,1161,780,0.671834625
Uttar Pradesh,BAHRAICH,2000,Kharif,Soyabean,15,8,0.533333333
Uttar Pradesh,BAHRAICH,2000,Kharif,Urad,1226,288,0.234910277
Uttar Pradesh,BAHRAICH,2000,Rabi,Barley,1164,2489,2.138316151
Uttar Pradesh,BAHRAICH,2000,Rabi,Gram,6401,3688,0.576159975
Uttar Pradesh,BAHRAICH,2000,Rabi,Linseed,526,225,0.427756654
Uttar Pradesh,BAHRAICH,2000,Rabi,Maize,362,587,1.621546961
Uttar Pradesh,BAHRAICH,2000,Rabi,Masoor,46506,33763,0.725992345
Uttar Pradesh,BAHRAICH,2000,Rabi,Moong(Green Gram),39,18,0.461538462
Uttar Pradesh,BAHRAICH,2000,Rabi,Peas & beans (Pulses),1389,1371,0.987041037
Uttar Pradesh,BAHRAICH,2000,Rabi,Rapeseed &Mustard,10522,7218,0.685991256
Uttar Pradesh,BAHRAICH,2000,Rabi,Urad,225,103,0.457777778
Uttar Pradesh,BAHRAICH,2000,Rabi,Wheat,119984,274387,2.286863248
Uttar Pradesh,BAHRAICH,2000,Summer,Rice,9,17,1.888888889
Uttar Pradesh,BAHRAICH,2000,Whole Year,Potato,2077,40703,19.59701493
Uttar Pradesh,BAHRAICH,2000,Whole Year,Sugarcane,18268,887898,48.60400701
Uttar Pradesh,BAHRAICH,2000,Whole Year,Turmeric,207,361,1.743961353
Uttar Pradesh,BAHRAICH,2001,Kharif,Arhar/Tur,9737,5253,0.539488549
Uttar Pradesh,BAHRAICH,2001,Kharif,Bajra,212,340,1.603773585
Uttar Pradesh,BAHRAICH,2001,Kharif,Groundnut,1924,2051,1.066008316
Uttar Pradesh,BAHRAICH,2001,Kharif,Jowar,388,463,1.193298969
Uttar Pradesh,BAHRAICH,2001,Kharif,Maize,92087,108663,1.180003692
Uttar Pradesh,BAHRAICH,2001,Kharif,Moong(Green Gram),16,4,0.25
Uttar Pradesh,BAHRAICH,2001,Kharif,Rice,151827,299111,1.970077786
Uttar Pradesh,BAHRAICH,2001,Kharif,Sesamum,461,115,0.249457701
Uttar Pradesh,BAHRAICH,2001,Kharif,Small millets,840,650,0.773809524
Uttar Pradesh,BAHRAICH,2001,Kharif,Soyabean,11,8,0.727272727
Uttar Pradesh,BAHRAICH,2001,Kharif,Sunflower,78,150,1.923076923
Uttar Pradesh,BAHRAICH,2001,Kharif,Urad,1479,532,0.359702502
Uttar Pradesh,BAHRAICH,2001,Rabi,Barley,858,2131,2.483682984
Uttar Pradesh,BAHRAICH,2001,Rabi,Gram,2659,1674,0.629559985
Uttar Pradesh,BAHRAICH,2001,Rabi,Linseed,323,136,0.421052632
Uttar Pradesh,BAHRAICH,2001,Rabi,Maize,1591,2592,1.629164048
Uttar Pradesh,BAHRAICH,2001,Rabi,Masoor,52294,33834,0.646995831
Uttar Pradesh,BAHRAICH,2001,Rabi,Peas & beans (Pulses),1523,1631,1.070912672
Uttar Pradesh,BAHRAICH,2001,Rabi,Rapeseed &Mustard,7821,5227,0.668328858
Uttar Pradesh,BAHRAICH,2001,Rabi,Urad,263,129,0.490494297
Uttar Pradesh,BAHRAICH,2001,Rabi,Wheat,156030,387202,2.481586874
Uttar Pradesh,BAHRAICH,2001,Whole Year,Potato,2132,52579,24.66181989
Uttar Pradesh,BAHRAICH,2001,Whole Year,Sugarcane,21637,1182765,54.66400148
Uttar Pradesh,BAHRAICH,2001,Whole Year,Turmeric,218,390,1.788990826
Uttar Pradesh,BAHRAICH,2002,Kharif,Bajra,23,36,1.565217391
Uttar Pradesh,BAHRAICH,2002,Kharif,Groundnut,2086,1448,0.694151486
Uttar Pradesh,BAHRAICH,2002,Kharif,Jowar,144,164,1.138888889
Uttar Pradesh,BAHRAICH,2002,Kharif,Maize,85116,104437,1.226996099
Uttar Pradesh,BAHRAICH,2002,Kharif,Moong(Green Gram),16,4,0.25
Uttar Pradesh,BAHRAICH,2002,Kharif,Rice,157356,224311,1.42550014
Uttar Pradesh,BAHRAICH,2002,Kharif,Sesamum,587,95,0.161839864
Uttar Pradesh,BAHRAICH,2002,Kharif,Small millets,654,323,0.493883792
Uttar Pradesh,BAHRAICH,2002,Kharif,Soyabean,7,1,0.142857143
Uttar Pradesh,BAHRAICH,2002,Kharif,Sunflower,1,1,1
Uttar Pradesh,BAHRAICH,2002,Kharif,Urad,781,168,0.215108835
Uttar Pradesh,BAHRAICH,2002,Rabi,Barley,1151,2833,2.461337967
Uttar Pradesh,BAHRAICH,2002,Rabi,Gram,739,402,0.543978349
Uttar Pradesh,BAHRAICH,2002,Rabi,Linseed,159,68,0.427672956
Uttar Pradesh,BAHRAICH,2002,Rabi,Maize,2341,2591,1.106791969
Uttar Pradesh,BAHRAICH,2002,Rabi,Masoor,49072,33565,0.683994946
Uttar Pradesh,BAHRAICH,2002,Rabi,Onion,63,650,10.31746032
Uttar Pradesh,BAHRAICH,2002,Rabi,Peas & beans (Pulses),2598,1922,0.739799846
Uttar Pradesh,BAHRAICH,2002,Rabi,Ragi,58,85,1.465517241
Uttar Pradesh,BAHRAICH,2002,Rabi,Rapeseed &Mustard,7887,4258,0.539875745
Uttar Pradesh,BAHRAICH,2002,Rabi,Wheat,158907,391976,2.466700649
Uttar Pradesh,BAHRAICH,2002,Summer,Moong(Green Gram),31,18,0.580645161
Uttar Pradesh,BAHRAICH,2002,Summer,Onion,281,3142,11.18149466
Uttar Pradesh,BAHRAICH,2002,Summer,Urad,218,116,0.532110092
Uttar Pradesh,BAHRAICH,2002,Whole Year,Potato,1698,39392,23.19905771
Uttar Pradesh,BAHRAICH,2002,Whole Year,Sannhamp,7,2,0.285714286
Uttar Pradesh,BAHRAICH,2002,Whole Year,Sugarcane,24247,1222825,50.43201221
Uttar Pradesh,BAHRAICH,2002,Whole Year,Turmeric,224,407,1.816964286
Uttar Pradesh,BAHRAICH,2003,Kharif,Arhar/Tur,4773,2942,0.616383826
Uttar Pradesh,BAHRAICH,2003,Kharif,Bajra,88,129,1.465909091
Uttar Pradesh,BAHRAICH,2003,Kharif,Groundnut,1729,1236,0.714864083
Uttar Pradesh,BAHRAICH,2003,Kharif,Jowar,96,122,1.270833333
Uttar Pradesh,BAHRAICH,2003,Kharif,Maize,81763,99914,1.221995279
Uttar Pradesh,BAHRAICH,2003,Kharif,Moong(Green Gram),6,2,0.333333333
Uttar Pradesh,BAHRAICH,2003,Kharif,Rice,156432,291867,1.865775545
Uttar Pradesh,BAHRAICH,2003,Kharif,Sesamum,557,72,0.129263914
Uttar Pradesh,BAHRAICH,2003,Kharif,Urad,903,264,0.292358804
Uttar Pradesh,BAHRAICH,2003,Rabi,Barley,724,1624,2.243093923
Uttar Pradesh,BAHRAICH,2003,Rabi,Gram,519,402,0.774566474
Uttar Pradesh,BAHRAICH,2003,Rabi,Linseed,150,74,0.493333333
Uttar Pradesh,BAHRAICH,2003,Rabi,Maize,118,161,1.36440678
Uttar Pradesh,BAHRAICH,2003,Rabi,Masoor,46024,37095,0.805992526
Uttar Pradesh,BAHRAICH,2003,Rabi,Onion,66,947,14.34848485
Uttar Pradesh,BAHRAICH,2003,Rabi,Peas & beans (Pulses),1633,2241,1.372320882
Uttar Pradesh,BAHRAICH,2003,Rabi,Rapeseed &Mustard,6789,4713,0.694211224
Uttar Pradesh,BAHRAICH,2003,Rabi,Wheat,153281,417767,2.725497615
Uttar Pradesh,BAHRAICH,2003,Summer,Maize,1547,2115,1.36716225
Uttar Pradesh,BAHRAICH,2003,Summer,Moong(Green Gram),20,11,0.55
Uttar Pradesh,BAHRAICH,2003,Summer,Onion,338,3336,9.869822485
Uttar Pradesh,BAHRAICH,2003,Summer,Rice,9,17,1.888888889
Uttar Pradesh,BAHRAICH,2003,Summer,Urad,279,137,0.491039427
Uttar Pradesh,BAHRAICH,2003,Whole Year,Potato,1905,35980,18.88713911
Uttar Pradesh,BAHRAICH,2003,Whole Year,Sugarcane,18989,848732,44.69598188
Uttar Pradesh,BAHRAICH,2003,Whole Year,Turmeric,156,282,1.807692308
Uttar Pradesh,BAHRAICH,2004,Kharif,Bajra,34,63,1.852941176
Uttar Pradesh,BAHRAICH,2004,Kharif,Groundnut,1970,1334,0.67715736
Uttar Pradesh,BAHRAICH,2004,Kharif,Jowar,63,65,1.031746032
Uttar Pradesh,BAHRAICH,2004,Kharif,Maize,86097,113648,1.319999535
Uttar Pradesh,BAHRAICH,2004,Kharif,Rice,159114,291375,1.831234209
Uttar Pradesh,BAHRAICH,2004,Kharif,Sesamum,496,79,0.159274194
Uttar Pradesh,BAHRAICH,2004,Kharif,Small millets,172,58,0.337209302
Uttar Pradesh,BAHRAICH,2004,Kharif,Soyabean,56,23,0.410714286
Uttar Pradesh,BAHRAICH,2004,Kharif,Sugarcane,19616,1015167,51.75198817
Uttar Pradesh,BAHRAICH,2004,Rabi,Barley,684,1375,2.010233918
Uttar Pradesh,BAHRAICH,2004,Rabi,Gram,325,300,0.923076923
Uttar Pradesh,BAHRAICH,2004,Rabi,Linseed,110,51,0.463636364
Uttar Pradesh,BAHRAICH,2004,Rabi,Maize,105,487,4.638095238
Uttar Pradesh,BAHRAICH,2004,Rabi,Potato,2070,46333,22.38309179
Uttar Pradesh,BAHRAICH,2004,Rabi,Rapeseed &Mustard,7059,4536,0.642583935
Uttar Pradesh,BAHRAICH,2004,Rabi,Turmeric,241,419,1.738589212
Uttar Pradesh,BAHRAICH,2004,Rabi,Wheat,154736,380127,2.456616431
Uttar Pradesh,BAHRAICH,2004,Summer,Sunflower,10,20,2
Uttar Pradesh,BAHRAICH,2004,Whole Year,Banana,26,946,36.38461538
Uttar Pradesh,BAHRAICH,2004,Whole Year,Dry chillies,158,148,0.936708861
Uttar Pradesh,BAHRAICH,2004,Whole Year,Garlic,1,4,4
Uttar Pradesh,BAHRAICH,2004,Whole Year,Guar seed,41,35,0.853658537
Uttar Pradesh,BAHRAICH,2004,Whole Year,Onion,477,5752,12.05870021
Uttar Pradesh,BAHRAICH,2004,Whole Year,Sweet potato,78,907,11.62820513
Uttar Pradesh,BAHRAICH,2005,Kharif,Bajra,258,393,1.523255814
Uttar Pradesh,BAHRAICH,2005,Kharif,Jowar,88,96,1.090909091
Uttar Pradesh,BAHRAICH,2005,Kharif,Maize,80947,91551,1.130999296
Uttar Pradesh,BAHRAICH,2005,Kharif,Rice,157629,296815,1.882997418
Uttar Pradesh,BAHRAICH,2005,Kharif,Sesamum,270,48,0.177777778
Uttar Pradesh,BAHRAICH,2005,Kharif,Small millets,163,126,0.773006135
Uttar Pradesh,BAHRAICH,2005,Kharif,Sugarcane,21303,1066684,50.07200864
Uttar Pradesh,BAHRAICH,2005,Rabi,Barley,1019,1805,1.771344455
Uttar Pradesh,BAHRAICH,2005,Rabi,Gram,625,578,0.9248
Uttar Pradesh,BAHRAICH,2005,Rabi,Linseed,155,64,0.412903226
Uttar Pradesh,BAHRAICH,2005,Rabi,Potato,996,22342,22.43172691
Uttar Pradesh,BAHRAICH,2005,Rabi,Rapeseed &Mustard,7283,6833,0.938212275
Uttar Pradesh,BAHRAICH,2005,Rabi,Turmeric,156,695,4.455128205
Uttar Pradesh,BAHRAICH,2005,Rabi,Wheat,154225,370793,2.404234074
Uttar Pradesh,BAHRAICH,2005,Whole Year,Banana,38,1448,38.10526316
Uttar Pradesh,BAHRAICH,2005,Whole Year,Coriander,137,79,0.576642336
Uttar Pradesh,BAHRAICH,2005,Whole Year,Dry chillies,235,215,0.914893617
Uttar Pradesh,BAHRAICH,2005,Whole Year,Garlic,94,410,4.361702128
Uttar Pradesh,BAHRAICH,2005,Whole Year,Guar seed,36,29,0.805555556
Uttar Pradesh,BAHRAICH,2005,Whole Year,Onion,540,6975,12.91666667
Uttar Pradesh,BAHRAICH,2005,Whole Year,Sweet potato,63,824,13.07936508
Uttar Pradesh,BAHRAICH,2006,Kharif,Arhar/Tur,4437,2899,0.653369394
Uttar Pradesh,BAHRAICH,2006,Kharif,Bajra,17,30,1.764705882
Uttar Pradesh,BAHRAICH,2006,Kharif,Dry ginger,176,541,3.073863636
Uttar Pradesh,BAHRAICH,2006,Kharif,Groundnut,2196,1587,0.722677596
Uttar Pradesh,BAHRAICH,2006,Kharif,Jowar,50,56,1.12
Uttar Pradesh,BAHRAICH,2006,Kharif,Maize,81417,87849,1.0790007
Uttar Pradesh,BAHRAICH,2006,Kharif,Other Kharif pulses,1695,924,0.545132743
Uttar Pradesh,BAHRAICH,2006,Kharif,Rice,153920,254892,1.656003119
Uttar Pradesh,BAHRAICH,2006,Kharif,Sannhamp,3,1,0.333333333
Uttar Pradesh,BAHRAICH,2006,Kharif,Sesamum,476,80,0.168067227
Uttar Pradesh,BAHRAICH,2006,Kharif,Small millets,152,91,0.598684211
Uttar Pradesh,BAHRAICH,2006,Kharif,Soyabean,20,19,0.95
Uttar Pradesh,BAHRAICH,2006,Kharif,Sugarcane,34304,2028190,59.12400886
Uttar Pradesh,BAHRAICH,2006,Kharif,Sweet potato,122,1665,13.64754098
Uttar Pradesh,BAHRAICH,2006,Rabi,Barley,698,1399,2.004297994
Uttar Pradesh,BAHRAICH,2006,Rabi,Garlic,86,378,4.395348837
Uttar Pradesh,BAHRAICH,2006,Rabi,Gram,307,231,0.752442997
Uttar Pradesh,BAHRAICH,2006,Rabi,Linseed,42,15,0.357142857
Uttar Pradesh,BAHRAICH,2006,Rabi,Maize,161,507,3.149068323
Uttar Pradesh,BAHRAICH,2006,Rabi,Masoor,44007,36922,0.839002886
Uttar Pradesh,BAHRAICH,2006,Rabi,Onion,65,1247,19.18461538
Uttar Pradesh,BAHRAICH,2006,Rabi,Other  Rabi pulses,1164,1126,0.967353952
Uttar Pradesh,BAHRAICH,2006,Rabi,Potato,2302,50269,21.83709818
Uttar Pradesh,BAHRAICH,2006,Rabi,Rapeseed &Mustard,7273,6160,0.846968239
Uttar Pradesh,BAHRAICH,2006,Rabi,Turmeric,241,820,3.402489627
Uttar Pradesh,BAHRAICH,2006,Rabi,Wheat,153196,405193,2.644931983
Uttar Pradesh,BAHRAICH,2006,Summer,Maize,2090,2771,1.325837321
Uttar Pradesh,BAHRAICH,2006,Summer,Onion,349,4064,11.64469914
Uttar Pradesh,BAHRAICH,2006,Summer,Rice,7,12,1.714285714
Uttar Pradesh,BAHRAICH,2006,Whole Year,Banana,36,1397,38.80555556
Uttar Pradesh,BAHRAICH,2006,Whole Year,Coriander,104,54,0.519230769
Uttar Pradesh,BAHRAICH,2006,Whole Year,Dry chillies,340,323,0.95
Uttar Pradesh,BAHRAICH,2006,Whole Year,Guar seed,30,25,0.833333333
Uttar Pradesh,BAHRAICH,2007,Kharif,Arhar/Tur,4040,3091,0.76509901
Uttar Pradesh,BAHRAICH,2007,Kharif,Bajra,13,20,1.538461538
Uttar Pradesh,BAHRAICH,2007,Kharif,Dry chillies,246,237,0.963414634
Uttar Pradesh,BAHRAICH,2007,Kharif,Dry ginger,139,315,2.26618705
Uttar Pradesh,BAHRAICH,2007,Kharif,Groundnut,1531,916,0.598301764
Uttar Pradesh,BAHRAICH,2007,Kharif,Guar seed,29,24,0.827586207
Uttar Pradesh,BAHRAICH,2007,Kharif,Jowar,84,79,0.94047619
Uttar Pradesh,BAHRAICH,2007,Kharif,Maize,84957,95407,1.123003402
Uttar Pradesh,BAHRAICH,2007,Kharif,Moong(Green Gram),40,8,0.2
Uttar Pradesh,BAHRAICH,2007,Kharif,Rice,163515,302339,1.848998563
Uttar Pradesh,BAHRAICH,2007,Kharif,Sannhamp,10,2,0.2
Uttar Pradesh,BAHRAICH,2007,Kharif,Sesamum,952,147,0.154411765
Uttar Pradesh,BAHRAICH,2007,Kharif,Small millets,190,113,0.594736842
Uttar Pradesh,BAHRAICH,2007,Kharif,Soyabean,72,48,0.666666667
Uttar Pradesh,BAHRAICH,2007,Kharif,Sugarcane,22162,1207031,54.46399242
Uttar Pradesh,BAHRAICH,2007,Kharif,Sweet potato,61,821,13.45901639
Uttar Pradesh,BAHRAICH,2007,Kharif,Urad,1475,646,0.437966102
Uttar Pradesh,BAHRAICH,2007,Rabi,Barley,660,1458,2.209090909
Uttar Pradesh,BAHRAICH,2007,Rabi,Coriander,138,80,0.579710145
Uttar Pradesh,BAHRAICH,2007,Rabi,Gram,227,170,0.748898678
Uttar Pradesh,BAHRAICH,2007,Rabi,Linseed,38,10,0.263157895
Uttar Pradesh,BAHRAICH,2007,Rabi,Maize,90,253,2.811111111
Uttar Pradesh,BAHRAICH,2007,Rabi,Masoor,47265,43247,0.91498995
Uttar Pradesh,BAHRAICH,2007,Rabi,Onion,47,657,13.9787234
Uttar Pradesh,BAHRAICH,2007,Rabi,Other  Rabi pulses,1572,1475,0.938295165
Uttar Pradesh,BAHRAICH,2007,Rabi,Potato,2357,51797,21.97581672
Uttar Pradesh,BAHRAICH,2007,Rabi,Rapeseed &Mustard,7431,6902,0.928811735
Uttar Pradesh,BAHRAICH,2007,Rabi,Turmeric,104,319,3.067307692
Uttar Pradesh,BAHRAICH,2007,Rabi,Wheat,151961,417589,2.748001132
Uttar Pradesh,BAHRAICH,2007,Summer,Maize,1835,2637,1.437057221
Uttar Pradesh,BAHRAICH,2007,Summer,Moong(Green Gram),14,9,0.642857143
Uttar Pradesh,BAHRAICH,2007,Summer,Onion,707,13538,19.14851485
Uttar Pradesh,BAHRAICH,2007,Summer,Sunflower,30,48,1.6
Uttar Pradesh,BAHRAICH,2007,Summer,Urad,554,311,0.561371841
Uttar Pradesh,BAHRAICH,2008,Kharif,Arhar/Tur,3056,2003,0.655431937
Uttar Pradesh,BAHRAICH,2008,Kharif,Bajra,51,93,1.823529412
Uttar Pradesh,BAHRAICH,2008,Kharif,Dry chillies,49,49,1
Uttar Pradesh,BAHRAICH,2008,Kharif,Groundnut,871,621,0.712973594
Uttar Pradesh,BAHRAICH,2008,Kharif,Guar seed,38,32,0.842105263
Uttar Pradesh,BAHRAICH,2008,Kharif,Jowar,19,21,1.105263158
Uttar Pradesh,BAHRAICH,2008,Kharif,Maize,70290,70009,0.996002276
Uttar Pradesh,BAHRAICH,2008,Kharif,Rice,159350,312804,1.962999686
Uttar Pradesh,BAHRAICH,2008,Kharif,Sannhamp,17,5,0.294117647
Uttar Pradesh,BAHRAICH,2008,Kharif,Sesamum,618,102,0.165048544
Uttar Pradesh,BAHRAICH,2008,Kharif,Small millets,219,131,0.598173516
Uttar Pradesh,BAHRAICH,2008,Kharif,Sugarcane,22221,1001545,45.07200396
Uttar Pradesh,BAHRAICH,2008,Kharif,Sweet potato,57,700,12.28070175
Uttar Pradesh,BAHRAICH,2008,Kharif,Urad,1155,621,0.537662338
Uttar Pradesh,BAHRAICH,2008,Rabi,Barley,373,862,2.310991957
Uttar Pradesh,BAHRAICH,2008,Rabi,Coriander,177,106,0.598870056
Uttar Pradesh,BAHRAICH,2008,Rabi,Garlic,125,736,5.888
Uttar Pradesh,BAHRAICH,2008,Rabi,Gram,758,751,0.990765172
Uttar Pradesh,BAHRAICH,2008,Rabi,Linseed,90,41,0.455555556
Uttar Pradesh,BAHRAICH,2008,Rabi,Maize,152,399,2.625
Uttar Pradesh,BAHRAICH,2008,Rabi,Masoor,47475,44009,0.926993154
Uttar Pradesh,BAHRAICH,2008,Rabi,Onion,43,504,11.72093023
Uttar Pradesh,BAHRAICH,2008,Rabi,Peas & beans (Pulses),1682,2030,1.206896552
Uttar Pradesh,BAHRAICH,2008,Rabi,Potato,2276,46656,20.49912127
Uttar Pradesh,BAHRAICH,2008,Rabi,Rapeseed &Mustard,7548,6431,0.852013778
Uttar Pradesh,BAHRAICH,2008,Rabi,Wheat,155561,440377,2.830895919
Uttar Pradesh,BAHRAICH,2008,Summer,Banana,38,1448,38.10526316
Uttar Pradesh,BAHRAICH,2008,Summer,Maize,2209,3305,1.496152105
Uttar Pradesh,BAHRAICH,2008,Summer,Moong(Green Gram),21,16,0.761904762
Uttar Pradesh,BAHRAICH,2008,Summer,Sunflower,15,28,1.866666667
Uttar Pradesh,BAHRAICH,2008,Summer,Urad,327,204,0.623853211
Uttar Pradesh,BAHRAICH,2009,Kharif,Arhar/Tur,4588,1990,0.433740192
Uttar Pradesh,BAHRAICH,2009,Kharif,Bajra,13,21,1.615384615
Uttar Pradesh,BAHRAICH,2009,Kharif,Dry chillies,206,181,0.878640777
Uttar Pradesh,BAHRAICH,2009,Kharif,Dry ginger,82,246,3
Uttar Pradesh,BAHRAICH,2009,Kharif,Groundnut,1534,1034,0.674054759
Uttar Pradesh,BAHRAICH,2009,Kharif,Guar seed,32,27,0.84375
Uttar Pradesh,BAHRAICH,2009,Kharif,Jowar,32,31,0.96875
Uttar Pradesh,BAHRAICH,2009,Kharif,Maize,77863,86895,1.115998613
Uttar Pradesh,BAHRAICH,2009,Kharif,Rice,160636,323039,2.011000025
Uttar Pradesh,BAHRAICH,2009,Kharif,Sannhamp,13,2,0.153846154
Uttar Pradesh,BAHRAICH,2009,Kharif,Sesamum,611,64,0.104746318
Uttar Pradesh,BAHRAICH,2009,Kharif,Small millets,151,64,0.42384106
Uttar Pradesh,BAHRAICH,2009,Kharif,Sugarcane,22208,1047596,47.17201009
Uttar Pradesh,BAHRAICH,2009,Kharif,Sweet potato,64,870,13.59375
Uttar Pradesh,BAHRAICH,2009,Kharif,Urad,1326,507,0.382352941
Uttar Pradesh,BAHRAICH,2009,Rabi,Barley,562,1261,2.243772242
Uttar Pradesh,BAHRAICH,2009,Rabi,Coriander,175,99,0.565714286
Uttar Pradesh,BAHRAICH,2009,Rabi,Garlic,77,409,5.311688312
Uttar Pradesh,BAHRAICH,2009,Rabi,Gram,200,166,0.83
Uttar Pradesh,BAHRAICH,2009,Rabi,Linseed,87,38,0.436781609
Uttar Pradesh,BAHRAICH,2009,Rabi,Maize,96,293,3.052083333
Uttar Pradesh,BAHRAICH,2009,Rabi,Masoor,42952,35135,0.818006146
Uttar Pradesh,BAHRAICH,2009,Rabi,Onion,66,1134,17.18181818
Uttar Pradesh,BAHRAICH,2009,Rabi,Peas & beans (Pulses),1090,1399,1.283486239
Uttar Pradesh,BAHRAICH,2009,Rabi,Potato,2357,58609,24.86593127
Uttar Pradesh,BAHRAICH,2009,Rabi,Rapeseed &Mustard,7296,5429,0.74410636
Uttar Pradesh,BAHRAICH,2009,Rabi,Turmeric,154,509,3.305194805
Uttar Pradesh,BAHRAICH,2009,Rabi,Wheat,157487,409455,2.599928883
Uttar Pradesh,BAHRAICH,2009,Summer,Banana,72,2961,41.125
Uttar Pradesh,BAHRAICH,2009,Summer,Maize,1428,2078,1.455182073
Uttar Pradesh,BAHRAICH,2009,Summer,Onion,760,11682,15.37105263
Uttar Pradesh,BAHRAICH,2009,Summer,Urad,385,239,0.620779221
Uttar Pradesh,BAHRAICH,2010,Kharif,Arhar/Tur,4049,1759,0.434428254
Uttar Pradesh,BAHRAICH,2010,Kharif,Dry chillies,238,208,0.87394958
Uttar Pradesh,BAHRAICH,2010,Kharif,Dry ginger,48,137,2.854166667
Uttar Pradesh,BAHRAICH,2010,Kharif,Groundnut,1545,1526,0.987702265
Uttar Pradesh,BAHRAICH,2010,Kharif,Guar seed,33,27,0.818181818
Uttar Pradesh,BAHRAICH,2010,Kharif,Jowar,75,83,1.106666667
Uttar Pradesh,BAHRAICH,2010,Kharif,Maize,78768,90032,1.143002234
Uttar Pradesh,BAHRAICH,2010,Kharif,Rice,159111,329519,2.071000748
Uttar Pradesh,BAHRAICH,2010,Kharif,Sannhamp,2,1,0.5
Uttar Pradesh,BAHRAICH,2010,Kharif,Sesamum,687,136,0.197962154
Uttar Pradesh,BAHRAICH,2010,Kharif,Small millets,289,242,0.837370242
Uttar Pradesh,BAHRAICH,2010,Kharif,Soyabean,66,81,1.227272727
Uttar Pradesh,BAHRAICH,2010,Kharif,Sugarcane,20802,1082203,52.02398808
Uttar Pradesh,BAHRAICH,2010,Kharif,Sweet potato,73,899,12.31506849
Uttar Pradesh,BAHRAICH,2010,Kharif,Urad,1410,952,0.675177305
Uttar Pradesh,BAHRAICH,2010,Rabi,Barley,671,1712,2.551415797
Uttar Pradesh,BAHRAICH,2010,Rabi,Gram,411,378,0.919708029
Uttar Pradesh,BAHRAICH,2010,Rabi,Maize,156,469,3.006410256
Uttar Pradesh,BAHRAICH,2010,Rabi,Masoor,46042,41069,0.891989922
Uttar Pradesh,BAHRAICH,2010,Rabi,Onion,94,1730,18.40425532
Uttar Pradesh,BAHRAICH,2010,Rabi,Peas & beans (Pulses),1404,1635,1.164529915
Uttar Pradesh,BAHRAICH,2010,Rabi,Potato,2398,58499,24.39491243
Uttar Pradesh,BAHRAICH,2010,Rabi,Rapeseed &Mustard,7553,5816,0.770025156
Uttar Pradesh,BAHRAICH,2010,Rabi,Turmeric,125,393,3.144
Uttar Pradesh,BAHRAICH,2010,Rabi,Wheat,159722,463983,2.904941085
Uttar Pradesh,BAHRAICH,2010,Summer,Maize,2368,3471,1.465793919
Uttar Pradesh,BAHRAICH,2010,Summer,Moong(Green Gram),3,2,0.666666667
Uttar Pradesh,BAHRAICH,2010,Summer,Sunflower,21,45,2.142857143
Uttar Pradesh,BAHRAICH,2010,Summer,Urad,721,449,0.622746186
Uttar Pradesh,BAHRAICH,2011,Kharif,Arhar/Tur,4211,1688,0.400854904
Uttar Pradesh,BAHRAICH,2011,Kharif,Bajra,12,25,2.083333333
Uttar Pradesh,BAHRAICH,2011,Kharif,Dry chillies,176,146,0.829545455
Uttar Pradesh,BAHRAICH,2011,Kharif,Dry ginger,51,145,2.843137255
Uttar Pradesh,BAHRAICH,2011,Kharif,Groundnut,1736,1738,1.001152074
Uttar Pradesh,BAHRAICH,2011,Kharif,Guar seed,32,26,0.8125
Uttar Pradesh,BAHRAICH,2011,Kharif,Jowar,33,30,0.909090909
Uttar Pradesh,BAHRAICH,2011,Kharif,Maize,75393,91527,1.213998647
Uttar Pradesh,BAHRAICH,2011,Kharif,Rice,159686,352427,2.206999987
Uttar Pradesh,BAHRAICH,2011,Kharif,Sannhamp,1,,
Uttar Pradesh,BAHRAICH,2011,Kharif,Sesamum,539,117,0.217068646
Uttar Pradesh,BAHRAICH,2011,Kharif,Small millets,54,50,0.925925926
Uttar Pradesh,BAHRAICH,2011,Kharif,Soyabean,53,66,1.245283019
Uttar Pradesh,BAHRAICH,2011,Kharif,Sugarcane,24371,1525235,62.58401379
Uttar Pradesh,BAHRAICH,2011,Kharif,Sweet potato,75,975,13
Uttar Pradesh,BAHRAICH,2011,Kharif,Urad,1375,920,0.669090909
Uttar Pradesh,BAHRAICH,2011,Rabi,Barley,95,255,2.684210526
Uttar Pradesh,BAHRAICH,2011,Rabi,Coriander,172,95,0.552325581
Uttar Pradesh,BAHRAICH,2011,Rabi,Garlic,149,770,5.167785235
Uttar Pradesh,BAHRAICH,2011,Rabi,Gram,282,333,1.180851064
Uttar Pradesh,BAHRAICH,2011,Rabi,Linseed,30,14,0.466666667
Uttar Pradesh,BAHRAICH,2011,Rabi,Maize,1019,2276,2.233562316
Uttar Pradesh,BAHRAICH,2011,Rabi,Masoor,49705,44983,0.904999497
Uttar Pradesh,BAHRAICH,2011,Rabi,Onion,68,1555,22.86764706
Uttar Pradesh,BAHRAICH,2011,Rabi,Peas & beans (Pulses),1988,2847,1.432092555
Uttar Pradesh,BAHRAICH,2011,Rabi,Potato,2185,48247,22.08100686
Uttar Pradesh,BAHRAICH,2011,Rabi,Rapeseed &Mustard,7384,5625,0.761782232
Uttar Pradesh,BAHRAICH,2011,Rabi,Turmeric,114,321,2.815789474
Uttar Pradesh,BAHRAICH,2011,Rabi,Wheat,152855,468782,3.066841124
Uttar Pradesh,BAHRAICH,2011,Summer,Banana,128,5592,43.6875
Uttar Pradesh,BAHRAICH,2011,Summer,Maize,2227,3681,1.652896273
Uttar Pradesh,BAHRAICH,2011,Summer,Moong(Green Gram),31,26,0.838709677
Uttar Pradesh,BAHRAICH,2011,Summer,Onion,682,6249,9.162756598
Uttar Pradesh,BAHRAICH,2011,Summer,Urad,352,234,0.664772727
Uttar Pradesh,BAHRAICH,2012,Kharif,Arhar/Tur,3165,1786,0.564296998
Uttar Pradesh,BAHRAICH,2012,Kharif,Bajra,20,41,2.05
Uttar Pradesh,BAHRAICH,2012,Kharif,Dry chillies,190,152,0.8
Uttar Pradesh,BAHRAICH,2012,Kharif,Dry ginger,56,274,4.892857143
Uttar Pradesh,BAHRAICH,2012,Kharif,Groundnut,1482,1472,0.993252362
Uttar Pradesh,BAHRAICH,2012,Kharif,Guar seed,33,27,0.818181818
Uttar Pradesh,BAHRAICH,2012,Kharif,Jowar,47,61,1.29787234
Uttar Pradesh,BAHRAICH,2012,Kharif,Maize,73289,95642,1.304998022
Uttar Pradesh,BAHRAICH,2012,Kharif,Rice,159182,380445,2.390000126
Uttar Pradesh,BAHRAICH,2012,Kharif,Sesamum,470,88,0.187234043
Uttar Pradesh,BAHRAICH,2012,Kharif,Small millets,33,35,1.060606061
Uttar Pradesh,BAHRAICH,2012,Kharif,Soyabean,53,75,1.41509434
Uttar Pradesh,BAHRAICH,2012,Kharif,Sugarcane,24326,1312047,53.93599441
Uttar Pradesh,BAHRAICH,2012,Kharif,Sweet potato,89,1152,12.94382022
Uttar Pradesh,BAHRAICH,2012,Kharif,Urad,1416,939,0.663135593
Uttar Pradesh,BAHRAICH,2012,Rabi,Barley,735,1956,2.66122449
Uttar Pradesh,BAHRAICH,2012,Rabi,Coriander,173,93,0.537572254
Uttar Pradesh,BAHRAICH,2012,Rabi,Garlic,135,701,5.192592593
Uttar Pradesh,BAHRAICH,2012,Rabi,Gram,238,264,1.109243697
Uttar Pradesh,BAHRAICH,2012,Rabi,Linseed,84,38,0.452380952
Uttar Pradesh,BAHRAICH,2012,Rabi,Maize,78,244,3.128205128
Uttar Pradesh,BAHRAICH,2012,Rabi,Masoor,41978,39249,0.934989757
Uttar Pradesh,BAHRAICH,2012,Rabi,Onion,56,1288,23
Uttar Pradesh,BAHRAICH,2012,Rabi,Peas & beans (Pulses),1243,1857,1.493966211
Uttar Pradesh,BAHRAICH,2012,Rabi,Potato,2334,56838,24.35218509
Uttar Pradesh,BAHRAICH,2012,Rabi,Rapeseed &Mustard,6560,5166,0.7875
Uttar Pradesh,BAHRAICH,2012,Rabi,Turmeric,100,283,2.83
Uttar Pradesh,BAHRAICH,2012,Rabi,Wheat,160153,455635,2.84499822
Uttar Pradesh,BAHRAICH,2012,Summer,Banana,82,3661,44.64634146
Uttar Pradesh,BAHRAICH,2012,Summer,Maize,2023,3737,1.84725655
Uttar Pradesh,BAHRAICH,2012,Summer,Moong(Green Gram),27,22,0.814814815
Uttar Pradesh,BAHRAICH,2012,Summer,Onion,690,8069,11.6942029
Uttar Pradesh,BAHRAICH,2012,Summer,Sunflower,16,12,0.75
Uttar Pradesh,BAHRAICH,2012,Summer,Urad,394,273,0.692893401
Uttar Pradesh,BAHRAICH,2013,Kharif,Arhar/Tur,3837,2092,0.545217618
Uttar Pradesh,BAHRAICH,2013,Kharif,Bajra,24,49,2.041666667
Uttar Pradesh,BAHRAICH,2013,Kharif,Dry chillies,264,213,0.806818182
Uttar Pradesh,BAHRAICH,2013,Kharif,Dry ginger,69,354,5.130434783
Uttar Pradesh,BAHRAICH,2013,Kharif,Groundnut,1607,1435,0.892968264
Uttar Pradesh,BAHRAICH,2013,Kharif,Guar seed,34,28,0.823529412
Uttar Pradesh,BAHRAICH,2013,Kharif,Jowar,38,37,0.973684211
Uttar Pradesh,BAHRAICH,2013,Kharif,Maize,74878,103856,1.387002858
Uttar Pradesh,BAHRAICH,2013,Kharif,Rice,159025,375935,2.363999371
Uttar Pradesh,BAHRAICH,2013,Kharif,Sesamum,413,61,0.147699758
Uttar Pradesh,BAHRAICH,2013,Kharif,Small millets,36,26,0.722222222
Uttar Pradesh,BAHRAICH,2013,Kharif,Soyabean,51,29,0.568627451
Uttar Pradesh,BAHRAICH,2013,Kharif,Sugarcane,22923,1282954,55.96797976
Uttar Pradesh,BAHRAICH,2013,Kharif,Sweet potato,104,1374,13.21153846
Uttar Pradesh,BAHRAICH,2013,Kharif,Urad,1242,554,0.44605475
Uttar Pradesh,BAHRAICH,2013,Rabi,Barley,697,1997,2.865136298
Uttar Pradesh,BAHRAICH,2013,Rabi,Coriander,187,102,0.545454545
Uttar Pradesh,BAHRAICH,2013,Rabi,Garlic,154,902,5.857142857
Uttar Pradesh,BAHRAICH,2013,Rabi,Gram,81,35,0.432098765
Uttar Pradesh,BAHRAICH,2013,Rabi,Linseed,36,15,0.416666667
Uttar Pradesh,BAHRAICH,2013,Rabi,Maize,453,1609,3.55187638
Uttar Pradesh,BAHRAICH,2013,Rabi,Masoor,42795,39757,0.929010398
Uttar Pradesh,BAHRAICH,2013,Rabi,Onion,129,2624,20.34108527
Uttar Pradesh,BAHRAICH,2013,Rabi,Peas & beans (Pulses),1276,1266,0.992163009
Uttar Pradesh,BAHRAICH,2013,Rabi,Potato,1998,42287,21.16466466
Uttar Pradesh,BAHRAICH,2013,Rabi,Rapeseed &Mustard,7222,4613,0.638742731
Uttar Pradesh,BAHRAICH,2013,Rabi,Turmeric,69,200,2.898550725
Uttar Pradesh,BAHRAICH,2013,Rabi,Wheat,167831,542765,3.233997295
Uttar Pradesh,BAHRAICH,2013,Summer,Banana,96,4180,43.54166667
Uttar Pradesh,BAHRAICH,2013,Summer,Maize,1991,3658,1.837267705
Uttar Pradesh,BAHRAICH,2013,Summer,Moong(Green Gram),82,55,0.670731707
Uttar Pradesh,BAHRAICH,2013,Summer,Onion,579,7791,13.45595855
Uttar Pradesh,BAHRAICH,2013,Summer,Sunflower,17,27,1.588235294
Uttar Pradesh,BAHRAICH,2013,Summer,Urad,284,164,0.577464789
Uttar Pradesh,BAHRAICH,2014,Kharif,Arhar/Tur,4050,1887,0.465925926
Uttar Pradesh,BAHRAICH,2014,Kharif,Bajra,25,48,1.92
Uttar Pradesh,BAHRAICH,2014,Kharif,Dry chillies,139,114,0.820143885
Uttar Pradesh,BAHRAICH,2014,Kharif,Dry ginger,64,295,4.609375
Uttar Pradesh,BAHRAICH,2014,Kharif,Ginger,64,295,4.609375
Uttar Pradesh,BAHRAICH,2014,Kharif,Groundnut,1539,1330,0.864197531
Uttar Pradesh,BAHRAICH,2014,Kharif,Guar seed,33,27,0.818181818
Uttar Pradesh,BAHRAICH,2014,Kharif,Jowar,72,74,1.027777778
Uttar Pradesh,BAHRAICH,2014,Kharif,Maize,66628,85017,1.275995077
Uttar Pradesh,BAHRAICH,2014,Kharif,Rice,165249,367679,2.224999849
Uttar Pradesh,BAHRAICH,2014,Kharif,Sannhamp,6,2,0.333333333
Uttar Pradesh,BAHRAICH,2014,Kharif,Sesamum,238,47,0.197478992
Uttar Pradesh,BAHRAICH,2014,Kharif,Soyabean,49,35,0.714285714
Uttar Pradesh,BAHRAICH,2014,Kharif,Sugarcane,38237,2205969,57.6919999
Uttar Pradesh,BAHRAICH,2014,Kharif,Sweet potato,87,1078,12.3908046
Uttar Pradesh,BAHRAICH,2014,Kharif,Urad,1410,756,0.536170213
Uttar Pradesh,BAHRAICH,2014,Rabi,Barley,221,379,1.714932127
Uttar Pradesh,BAHRAICH,2014,Rabi,Coriander,179,87,0.48603352
Uttar Pradesh,BAHRAICH,2014,Rabi,Garlic,172,996,5.790697674
Uttar Pradesh,BAHRAICH,2014,Rabi,Gram,220,66,0.3
Uttar Pradesh,BAHRAICH,2014,Rabi,Linseed,114,66,0.578947368
Uttar Pradesh,BAHRAICH,2014,Rabi,Maize,743,1778,2.393001346
Uttar Pradesh,BAHRAICH,2014,Rabi,Masoor,45287,31384,0.693002407
Uttar Pradesh,BAHRAICH,2014,Rabi,Onion,34,520,15.29411765
Uttar Pradesh,BAHRAICH,2014,Rabi,Peas & beans (Pulses),1364,1030,0.755131965
Uttar Pradesh,BAHRAICH,2014,Rabi,Potato,1935,43652,22.55917313
Uttar Pradesh,BAHRAICH,2014,Rabi,Rapeseed &Mustard,7905,4395,0.55597723
Uttar Pradesh,BAHRAICH,2014,Rabi,Turmeric,60,170,2.833333333
Uttar Pradesh,BAHRAICH,2014,Rabi,Wheat,165865,394095,2.375998553
Uttar Pradesh,BAHRAICH,2014,Summer,Banana,100,4511,45.11
Uttar Pradesh,BAHRAICH,2014,Summer,Maize,2254,4008,1.778172138
Uttar Pradesh,BAHRAICH,2014,Summer,Moong(Green Gram),60,40,0.666666667
Uttar Pradesh,BAHRAICH,2014,Summer,Onion,548,10390,18.95985401
Uttar Pradesh,BAHRAICH,2014,Summer,Sunflower,12,20,1.666666667
Uttar Pradesh,BAHRAICH,2014,Summer,Urad,296,160,0.540540541
Uttar Pradesh,BALLIA,1997,Kharif,Arhar/Tur,6324,4997,0.790164453
Uttar Pradesh,BALLIA,1997,Kharif,Bajra,1717,1756,1.022714036
Uttar Pradesh,BALLIA,1997,Kharif,Groundnut,127,114,0.897637795
Uttar Pradesh,BALLIA,1997,Kharif,Jowar,1606,927,0.577210461
Uttar Pradesh,BALLIA,1997,Kharif,Maize,22549,23180,1.027983503
Uttar Pradesh,BALLIA,1997,Kharif,Moong(Green Gram),82,24,0.292682927
Uttar Pradesh,BALLIA,1997,Kharif,Oilseeds total,1055,672,0.636966825
Uttar Pradesh,BALLIA,1997,Kharif,Onion,583,5764,9.886792453
Uttar Pradesh,BALLIA,1997,Kharif,Rice,112791,213555,1.893369152
Uttar Pradesh,BALLIA,1997,Kharif,Small millets,350,295,0.842857143
Uttar Pradesh,BALLIA,1997,Kharif,Total foodgrain,311096,601809,1.934480032
Uttar Pradesh,BALLIA,1997,Kharif,Urad,4,2,0.5
Uttar Pradesh,BALLIA,1997,Rabi,Barley,7669,12411,1.618333551
Uttar Pradesh,BALLIA,1997,Rabi,Gram,12238,7253,0.5926622
Uttar Pradesh,BALLIA,1997,Rabi,Linseed,1,1,1
Uttar Pradesh,BALLIA,1997,Rabi,Masoor,12525,10847,0.866027944
Uttar Pradesh,BALLIA,1997,Rabi,Peas & beans (Pulses),2154,2574,1.194986072
Uttar Pradesh,BALLIA,1997,Rabi,Rapeseed &Mustard,898,521,0.580178174
Uttar Pradesh,BALLIA,1997,Rabi,Sunflower,27,36,1.333333333
Uttar Pradesh,BALLIA,1997,Rabi,Wheat,130162,323175,2.482867504
Uttar Pradesh,BALLIA,1997,Summer,Maize,223,352,1.578475336
Uttar Pradesh,BALLIA,1997,Summer,Moong(Green Gram),494,265,0.536437247
Uttar Pradesh,BALLIA,1997,Summer,Urad,23,8,0.347826087
Uttar Pradesh,BALLIA,1997,Whole Year,Potato,7082,97832,13.81417679
Uttar Pradesh,BALLIA,1997,Whole Year,Sugarcane,11215,468697,41.79197503
Uttar Pradesh,BALLIA,1998,Kharif,Arhar/Tur,5610,5171,0.921746881
Uttar Pradesh,BALLIA,1998,Kharif,Bajra,1919,2383,1.2417926
Uttar Pradesh,BALLIA,1998,Kharif,Groundnut,55,36,0.654545455
Uttar Pradesh,BALLIA,1998,Kharif,Jowar,1749,1089,0.622641509
Uttar Pradesh,BALLIA,1998,Kharif,Maize,21530,19355,0.89897817
Uttar Pradesh,BALLIA,1998,Kharif,Moong(Green Gram),8,2,0.25
Uttar Pradesh,BALLIA,1998,Kharif,Moth,1,,
Uttar Pradesh,BALLIA,1998,Kharif,Ragi,1,1,1
Uttar Pradesh,BALLIA,1998,Kharif,Rice,119290,218751,1.833774834
Uttar Pradesh,BALLIA,1998,Kharif,Small millets,185,105,0.567567568
Uttar Pradesh,BALLIA,1998,Kharif,Soyabean,1,,
Uttar Pradesh,BALLIA,1998,Kharif,Urad,10,3,0.3
Uttar Pradesh,BALLIA,1998,Rabi,Barley,8666,12950,1.494345719
Uttar Pradesh,BALLIA,1998,Rabi,Gram,9949,8503,0.85465876
Uttar Pradesh,BALLIA,1998,Rabi,Linseed,27,10,0.37037037
Uttar Pradesh,BALLIA,1998,Rabi,Masoor,16031,13161,0.820971867
Uttar Pradesh,BALLIA,1998,Rabi,Peas & beans (Pulses),2659,3302,1.241820233
Uttar Pradesh,BALLIA,1998,Rabi,Rapeseed &Mustard,1202,995,0.827787022
Uttar Pradesh,BALLIA,1998,Rabi,Sunflower,110,135,1.227272727
Uttar Pradesh,BALLIA,1998,Rabi,Wheat,125035,284377,2.274379174
Uttar Pradesh,BALLIA,1998,Summer,Maize,152,154,1.013157895
Uttar Pradesh,BALLIA,1998,Summer,Moong(Green Gram),488,211,0.432377049
Uttar Pradesh,BALLIA,1998,Summer,Rice,1,2,2
Uttar Pradesh,BALLIA,1998,Summer,Urad,21,17,0.80952381
Uttar Pradesh,BALLIA,1998,Whole Year,Onion,752,9080,12.07446809
Uttar Pradesh,BALLIA,1998,Whole Year,Potato,7595,167455,22.04805793
Uttar Pradesh,BALLIA,1998,Whole Year,Sugarcane,10771,399259,37.06796026
Uttar Pradesh,BALLIA,1998,Whole Year,Tobacco,6,36,6
Uttar Pradesh,BALLIA,1999,Kharif,Arhar/Tur,6711,6540,0.974519446
Uttar Pradesh,BALLIA,1999,Kharif,Bajra,819,1323,1.615384615
Uttar Pradesh,BALLIA,1999,Kharif,Groundnut,40,33,0.825
Uttar Pradesh,BALLIA,1999,Kharif,Jowar,1067,1279,1.19868791
Uttar Pradesh,BALLIA,1999,Kharif,Maize,21212,33918,1.599000566
Uttar Pradesh,BALLIA,1999,Kharif,Moong(Green Gram),8,2,0.25
Uttar Pradesh,BALLIA,1999,Kharif,Rice,117170,227541,1.941973201
Uttar Pradesh,BALLIA,1999,Kharif,Small millets,131,87,0.664122137
Uttar Pradesh,BALLIA,1999,Kharif,Sunflower,34,44,1.294117647
Uttar Pradesh,BALLIA,1999,Kharif,Urad,2,1,0.5
Uttar Pradesh,BALLIA,1999,Rabi,Barley,7300,11279,1.545068493
Uttar Pradesh,BALLIA,1999,Rabi,Gram,7959,6344,0.797085061
Uttar Pradesh,BALLIA,1999,Rabi,Linseed,5,3,0.6
Uttar Pradesh,BALLIA,1999,Rabi,Maize,175,254,1.451428571
Uttar Pradesh,BALLIA,1999,Rabi,Ragi,4,7,1.75
Uttar Pradesh,BALLIA,1999,Rabi,Rapeseed &Mustard,859,596,0.693830035
Uttar Pradesh,BALLIA,1999,Rabi,Wheat,129707,345034,2.660103156
Uttar Pradesh,BALLIA,1999,Summer,Moong(Green Gram),461,340,0.737527115
Uttar Pradesh,BALLIA,1999,Summer,Rice,1,2,2
Uttar Pradesh,BALLIA,1999,Summer,Urad,14,10,0.714285714
Uttar Pradesh,BALLIA,1999,Whole Year,Onion,658,9432,14.3343465
Uttar Pradesh,BALLIA,1999,Whole Year,Peas & beans (Pulses),2681,2978,1.11077956
Uttar Pradesh,BALLIA,1999,Whole Year,Potato,7594,135158,17.79799842
Uttar Pradesh,BALLIA,1999,Whole Year,Sugarcane,11062,460091,41.59202676
Uttar Pradesh,BALLIA,1999,Whole Year,Tobacco,9,49,5.444444444
Uttar Pradesh,BALLIA,1999,Whole Year,Turmeric,31,48,1.548387097
Uttar Pradesh,BALLIA,2000,Kharif,Arhar/Tur,6438,6566,1.019881951
Uttar Pradesh,BALLIA,2000,Kharif,Bajra,1491,1172,0.786049631
Uttar Pradesh,BALLIA,2000,Kharif,Groundnut,63,52,0.825396825
Uttar Pradesh,BALLIA,2000,Kharif,Jowar,1329,1620,1.218961625
Uttar Pradesh,BALLIA,2000,Kharif,Maize,21475,34038,1.585005821
Uttar Pradesh,BALLIA,2000,Kharif,Moong(Green Gram),9,3,0.333333333
Uttar Pradesh,BALLIA,2000,Kharif,Rice,119614,207163,1.731929373
Uttar Pradesh,BALLIA,2000,Kharif,Sesamum,3,0.1,0.033333333
Uttar Pradesh,BALLIA,2000,Kharif,Small millets,131,90,0.687022901
Uttar Pradesh,BALLIA,2000,Kharif,Urad,7,3,0.428571429
Uttar Pradesh,BALLIA,2000,Rabi,Barley,5658,10151,1.794096854
Uttar Pradesh,BALLIA,2000,Rabi,Gram,7733,10519,1.36027415
Uttar Pradesh,BALLIA,2000,Rabi,Maize,166,269,1.620481928
Uttar Pradesh,BALLIA,2000,Rabi,Masoor,14854,12864,0.866029352
Uttar Pradesh,BALLIA,2000,Rabi,Moong(Green Gram),372,212,0.569892473
Uttar Pradesh,BALLIA,2000,Rabi,Peas & beans (Pulses),2138,2963,1.385874649
Uttar Pradesh,BALLIA,2000,Rabi,Rapeseed &Mustard,818,819,1.001222494
Uttar Pradesh,BALLIA,2000,Rabi,Urad,11,5,0.454545455
Uttar Pradesh,BALLIA,2000,Rabi,Wheat,132720,315013,2.373515672
Uttar Pradesh,BALLIA,2000,Whole Year,Potato,7388,137026,18.54710341
Uttar Pradesh,BALLIA,2000,Whole Year,Sugarcane,10369,380833,36.72803549
Uttar Pradesh,BALLIA,2001,Kharif,Arhar/Tur,5992,6358,1.061081442
Uttar Pradesh,BALLIA,2001,Kharif,Bajra,1849,2192,1.185505679
Uttar Pradesh,BALLIA,2001,Kharif,Groundnut,104,87,0.836538462
Uttar Pradesh,BALLIA,2001,Kharif,Jowar,1606,1709,1.064134496
Uttar Pradesh,BALLIA,2001,Kharif,Maize,21136,27646,1.308005299
Uttar Pradesh,BALLIA,2001,Kharif,Moong(Green Gram),2,1,0.5
Uttar Pradesh,BALLIA,2001,Kharif,Rice,120779,233776,1.935568269
Uttar Pradesh,BALLIA,2001,Kharif,Small millets,123,95,0.772357724
Uttar Pradesh,BALLIA,2001,Kharif,Sunflower,6,12,2
Uttar Pradesh,BALLIA,2001,Kharif,Urad,20,8,0.4
Uttar Pradesh,BALLIA,2001,Rabi,Barley,6531,10269,1.572347267
Uttar Pradesh,BALLIA,2001,Rabi,Gram,5184,4692,0.905092593
Uttar Pradesh,BALLIA,2001,Rabi,Maize,336,547,1.62797619
Uttar Pradesh,BALLIA,2001,Rabi,Masoor,19012,21103,1.109983169
Uttar Pradesh,BALLIA,2001,Rabi,Peas & beans (Pulses),2289,2248,0.982088248
Uttar Pradesh,BALLIA,2001,Rabi,Rapeseed &Mustard,864,880,1.018518519
Uttar Pradesh,BALLIA,2001,Rabi,Urad,10,5,0.5
Uttar Pradesh,BALLIA,2001,Rabi,Wheat,133685,321525,2.405094064
Uttar Pradesh,BALLIA,2001,Summer,Rice,2,4,2
Uttar Pradesh,BALLIA,2001,Whole Year,Potato,6485,172086,26.53600617
Uttar Pradesh,BALLIA,2001,Whole Year,Sugarcane,8502,397758,46.78405081
Uttar Pradesh,BALLIA,2001,Whole Year,Tobacco,5,31,6.2
Uttar Pradesh,BALLIA,2001,Whole Year,Turmeric,1,2,2
Uttar Pradesh,BALLIA,2002,Kharif,Bajra,1589,2127,1.338577722
Uttar Pradesh,BALLIA,2002,Kharif,Groundnut,234,153,0.653846154
Uttar Pradesh,BALLIA,2002,Kharif,Jowar,1688,1873,1.109597156
Uttar Pradesh,BALLIA,2002,Kharif,Maize,22189,31752,1.430979314
Uttar Pradesh,BALLIA,2002,Kharif,Moong(Green Gram),5,1,0.2
Uttar Pradesh,BALLIA,2002,Kharif,Rice,116396,167845,1.442016908
Uttar Pradesh,BALLIA,2002,Kharif,Sesamum,2,0,0
Uttar Pradesh,BALLIA,2002,Kharif,Small millets,665,528,0.793984962
Uttar Pradesh,BALLIA,2002,Kharif,Sunflower,3,5,1.666666667
Uttar Pradesh,BALLIA,2002,Kharif,Urad,5,2,0.4
Uttar Pradesh,BALLIA,2002,Rabi,Barley,6074,8174,1.345735924
Uttar Pradesh,BALLIA,2002,Rabi,Gram,4714,4243,0.900084854
Uttar Pradesh,BALLIA,2002,Rabi,Maize,468,518,1.106837607
Uttar Pradesh,BALLIA,2002,Rabi,Masoor,21692,18677,0.861008667
Uttar Pradesh,BALLIA,2002,Rabi,Onion,464,4789,10.32112069
Uttar Pradesh,BALLIA,2002,Rabi,Peas & beans (Pulses),2228,2201,0.987881508
Uttar Pradesh,BALLIA,2002,Rabi,Ragi,167,245,1.467065868
Uttar Pradesh,BALLIA,2002,Rabi,Rapeseed &Mustard,819,734,0.896214896
Uttar Pradesh,BALLIA,2002,Rabi,Wheat,135681,276499,2.037860865
Uttar Pradesh,BALLIA,2002,Summer,Moong(Green Gram),357,206,0.577030812
Uttar Pradesh,BALLIA,2002,Summer,Onion,298,3332,11.18120805
Uttar Pradesh,BALLIA,2002,Summer,Urad,6,3,0.5
Uttar Pradesh,BALLIA,2002,Whole Year,Potato,6996,146244,20.90394511
Uttar Pradesh,BALLIA,2002,Whole Year,Sugarcane,8605,341722,39.71202789
Uttar Pradesh,BALLIA,2002,Whole Year,Tobacco,2,12,6
Uttar Pradesh,BALLIA,2002,Whole Year,Turmeric,2,3,1.5
Uttar Pradesh,BALLIA,2003,Kharif,Arhar/Tur,7939,5146,0.648192468
Uttar Pradesh,BALLIA,2003,Kharif,Bajra,1649,2223,1.348089751
Uttar Pradesh,BALLIA,2003,Kharif,Groundnut,219,146,0.666666667
Uttar Pradesh,BALLIA,2003,Kharif,Jowar,1557,1755,1.12716763
Uttar Pradesh,BALLIA,2003,Kharif,Maize,24969,16804,0.672994513
Uttar Pradesh,BALLIA,2003,Kharif,Moong(Green Gram),9,2,0.222222222
Uttar Pradesh,BALLIA,2003,Kharif,Rice,122943,219624,1.786388814
Uttar Pradesh,BALLIA,2003,Kharif,Sesamum,1,0,0
Uttar Pradesh,BALLIA,2003,Kharif,Sunflower,6,10,1.666666667
Uttar Pradesh,BALLIA,2003,Kharif,Urad,10,2,0.2
Uttar Pradesh,BALLIA,2003,Rabi,Barley,6337,10511,1.658671296
Uttar Pradesh,BALLIA,2003,Rabi,Gram,3590,4170,1.161559889
Uttar Pradesh,BALLIA,2003,Rabi,Maize,520,711,1.367307692
Uttar Pradesh,BALLIA,2003,Rabi,Masoor,20212,25629,1.268009104
Uttar Pradesh,BALLIA,2003,Rabi,Onion,358,5138,14.35195531
Uttar Pradesh,BALLIA,2003,Rabi,Peas & beans (Pulses),2487,2975,1.196220346
Uttar Pradesh,BALLIA,2003,Rabi,Ragi,6,9,1.5
Uttar Pradesh,BALLIA,2003,Rabi,Rapeseed &Mustard,879,876,0.996587031
Uttar Pradesh,BALLIA,2003,Rabi,Wheat,136832,321216,2.347521048
Uttar Pradesh,BALLIA,2003,Summer,Maize,734,1003,1.366485014
Uttar Pradesh,BALLIA,2003,Summer,Moong(Green Gram),249,151,0.606425703
Uttar Pradesh,BALLIA,2003,Summer,Onion,191,1945,10.18324607
Uttar Pradesh,BALLIA,2003,Summer,Urad,11,5,0.454545455
Uttar Pradesh,BALLIA,2003,Whole Year,Potato,7336,163358,22.26799346
Uttar Pradesh,BALLIA,2003,Whole Year,Sugarcane,8339,303106,36.34800336
Uttar Pradesh,BALLIA,2003,Whole Year,Tobacco,2,15,7.5
Uttar Pradesh,BALLIA,2003,Whole Year,Turmeric,2,3,1.5
Uttar Pradesh,BALLIA,2004,Kharif,Bajra,2052,3329,1.622319688
Uttar Pradesh,BALLIA,2004,Kharif,Groundnut,192,158,0.822916667
Uttar Pradesh,BALLIA,2004,Kharif,Jowar,1570,1660,1.057324841
Uttar Pradesh,BALLIA,2004,Kharif,Maize,25513,26738,1.048014738
Uttar Pradesh,BALLIA,2004,Kharif,Rice,120195,64687,0.538183785
Uttar Pradesh,BALLIA,2004,Kharif,Sesamum,4,1,0.25
Uttar Pradesh,BALLIA,2004,Kharif,Small millets,117,40,0.341880342
Uttar Pradesh,BALLIA,2004,Kharif,Sugarcane,7227,265086,36.67995019
Uttar Pradesh,BALLIA,2004,Rabi,Barley,6352,9531,1.500472292
Uttar Pradesh,BALLIA,2004,Rabi,Gram,3524,3629,1.029795687
Uttar Pradesh,BALLIA,2004,Rabi,Maize,711,3013,4.23769339
Uttar Pradesh,BALLIA,2004,Rabi,Potato,7088,121339,17.11893341
Uttar Pradesh,BALLIA,2004,Rabi,Rapeseed &Mustard,915,909,0.993442623
Uttar Pradesh,BALLIA,2004,Rabi,Turmeric,3,5,1.666666667
Uttar Pradesh,BALLIA,2004,Rabi,Wheat,143467,261978,1.82605059
Uttar Pradesh,BALLIA,2004,Summer,Sunflower,2,4,2
Uttar Pradesh,BALLIA,2004,Whole Year,Dry chillies,144,135,0.9375
Uttar Pradesh,BALLIA,2004,Whole Year,Garlic,28,121,4.321428571
Uttar Pradesh,BALLIA,2004,Whole Year,Guar seed,13,11,0.846153846
Uttar Pradesh,BALLIA,2004,Whole Year,Onion,596,6601,11.07550336
Uttar Pradesh,BALLIA,2004,Whole Year,Sweet potato,38,442,11.63157895
Uttar Pradesh,BALLIA,2004,Whole Year,Tobacco,4,17,4.25
Uttar Pradesh,BALLIA,2005,Kharif,Bajra,1504,2275,1.512632979
Uttar Pradesh,BALLIA,2005,Kharif,Jowar,1051,1331,1.26641294
Uttar Pradesh,BALLIA,2005,Kharif,Maize,27138,21005,0.774006928
Uttar Pradesh,BALLIA,2005,Kharif,Rice,122495,179210,1.46299849
Uttar Pradesh,BALLIA,2005,Kharif,Sesamum,1,,
Uttar Pradesh,BALLIA,2005,Kharif,Small millets,126,86,0.682539683
Uttar Pradesh,BALLIA,2005,Kharif,Sugarcane,7655,373656,48.81201829
Uttar Pradesh,BALLIA,2005,Rabi,Barley,6311,10559,1.673110442
Uttar Pradesh,BALLIA,2005,Rabi,Gram,4156,4026,0.968719923
Uttar Pradesh,BALLIA,2005,Rabi,Potato,7386,222104,30.07094503
Uttar Pradesh,BALLIA,2005,Rabi,Rapeseed &Mustard,895,1038,1.159776536
Uttar Pradesh,BALLIA,2005,Rabi,Turmeric,2,9,4.5
Uttar Pradesh,BALLIA,2005,Rabi,Wheat,144385,304352,2.107919798
Uttar Pradesh,BALLIA,2005,Summer,Sunflower,7,9,1.285714286
Uttar Pradesh,BALLIA,2005,Whole Year,Coriander,11,6,0.545454545
Uttar Pradesh,BALLIA,2005,Whole Year,Dry chillies,138,126,0.913043478
Uttar Pradesh,BALLIA,2005,Whole Year,Garlic,31,135,4.35483871
Uttar Pradesh,BALLIA,2005,Whole Year,Onion,657,8428,12.82800609
Uttar Pradesh,BALLIA,2005,Whole Year,Sweet potato,19,248,13.05263158
Uttar Pradesh,BALLIA,2006,Kharif,Arhar/Tur,6766,2876,0.425066509
Uttar Pradesh,BALLIA,2006,Kharif,Bajra,2296,3552,1.547038328
Uttar Pradesh,BALLIA,2006,Kharif,Dry ginger,1,3,3
Uttar Pradesh,BALLIA,2006,Kharif,Groundnut,109,79,0.724770642
Uttar Pradesh,BALLIA,2006,Kharif,Jowar,2096,2600,1.240458015
Uttar Pradesh,BALLIA,2006,Kharif,Maize,26231,23293,0.88799512
Uttar Pradesh,BALLIA,2006,Kharif,Other Kharif pulses,316,166,0.525316456
Uttar Pradesh,BALLIA,2006,Kharif,Rice,119243,159309,1.336002952
Uttar Pradesh,BALLIA,2006,Kharif,Sesamum,1,,
Uttar Pradesh,BALLIA,2006,Kharif,Small millets,46,29,0.630434783
Uttar Pradesh,BALLIA,2006,Kharif,Sugarcane,7497,237625,31.69601174
Uttar Pradesh,BALLIA,2006,Kharif,Sweet potato,4,54,13.5
Uttar Pradesh,BALLIA,2006,Rabi,Barley,6353,11161,1.756807807
Uttar Pradesh,BALLIA,2006,Rabi,Garlic,58,255,4.396551724
Uttar Pradesh,BALLIA,2006,Rabi,Gram,3524,2943,0.835130533
Uttar Pradesh,BALLIA,2006,Rabi,Maize,710,2059,2.9
Uttar Pradesh,BALLIA,2006,Rabi,Masoor,20273,18732,0.92398757
Uttar Pradesh,BALLIA,2006,Rabi,Onion,368,7059,19.18206522
Uttar Pradesh,BALLIA,2006,Rabi,Other  Rabi pulses,2896,2800,0.966850829
Uttar Pradesh,BALLIA,2006,Rabi,Potato,10355,257612,24.87802994
Uttar Pradesh,BALLIA,2006,Rabi,Rapeseed &Mustard,924,952,1.03030303
Uttar Pradesh,BALLIA,2006,Rabi,Tobacco,4,21,5.25
Uttar Pradesh,BALLIA,2006,Rabi,Turmeric,3,10,3.333333333
Uttar Pradesh,BALLIA,2006,Rabi,Wheat,143467,354506,2.470993329
Uttar Pradesh,BALLIA,2006,Summer,Maize,959,1272,1.326381648
Uttar Pradesh,BALLIA,2006,Summer,Onion,292,3400,11.64383562
Uttar Pradesh,BALLIA,2006,Summer,Sunflower,2,3,1.5
Uttar Pradesh,BALLIA,2006,Whole Year,Coriander,21,11,0.523809524
Uttar Pradesh,BALLIA,2006,Whole Year,Dry chillies,109,103,0.944954128
Uttar Pradesh,BALLIA,2006,Whole Year,Guar seed,59,50,0.847457627
Uttar Pradesh,BALLIA,2007,Kharif,Arhar/Tur,5633,3895,0.691461033
Uttar Pradesh,BALLIA,2007,Kharif,Bajra,2098,3271,1.559103908
Uttar Pradesh,BALLIA,2007,Kharif,Dry chillies,134,129,0.962686567
Uttar Pradesh,BALLIA,2007,Kharif,Groundnut,295,177,0.6
Uttar Pradesh,BALLIA,2007,Kharif,Guar seed,18,15,0.833333333
Uttar Pradesh,BALLIA,2007,Kharif,Jowar,1515,1301,0.858745875
Uttar Pradesh,BALLIA,2007,Kharif,Maize,24977,17434,0.698002162
Uttar Pradesh,BALLIA,2007,Kharif,Rice,118660,220114,1.854997472
Uttar Pradesh,BALLIA,2007,Kharif,Small millets,81,49,0.604938272
Uttar Pradesh,BALLIA,2007,Kharif,Sugarcane,6992,239238,34.2159611
Uttar Pradesh,BALLIA,2007,Kharif,Sweet potato,17,229,13.47058824
Uttar Pradesh,BALLIA,2007,Kharif,Urad,4,2,0.5
Uttar Pradesh,BALLIA,2007,Rabi,Barley,3495,7430,2.125894134
Uttar Pradesh,BALLIA,2007,Rabi,Coriander,27,16,0.592592593
Uttar Pradesh,BALLIA,2007,Rabi,Gram,1959,1884,0.961715161
Uttar Pradesh,BALLIA,2007,Rabi,Maize,530,1415,2.669811321
Uttar Pradesh,BALLIA,2007,Rabi,Masoor,18327,21241,1.159000382
Uttar Pradesh,BALLIA,2007,Rabi,Onion,405,5659,13.97283951
Uttar Pradesh,BALLIA,2007,Rabi,Other  Rabi pulses,3282,4624,1.408897014
Uttar Pradesh,BALLIA,2007,Rabi,Potato,6715,141619,21.08994788
Uttar Pradesh,BALLIA,2007,Rabi,Rapeseed &Mustard,960,1111,1.157291667
Uttar Pradesh,BALLIA,2007,Rabi,Turmeric,1,3,3
Uttar Pradesh,BALLIA,2007,Rabi,Wheat,136262,354217,2.599528849
Uttar Pradesh,BALLIA,2007,Summer,Maize,686,986,1.437317784
Uttar Pradesh,BALLIA,2007,Summer,Moong(Green Gram),167,106,0.634730539
Uttar Pradesh,BALLIA,2007,Summer,Onion,693,5782,8.343434343
Uttar Pradesh,BALLIA,2007,Summer,Sunflower,11,18,1.636363636
Uttar Pradesh,BALLIA,2007,Summer,Urad,2,1,0.5
Uttar Pradesh,BALLIA,2008,Kharif,Arhar/Tur,4311,879,0.203897008
Uttar Pradesh,BALLIA,2008,Kharif,Bajra,1960,3264,1.665306122
Uttar Pradesh,BALLIA,2008,Kharif,Dry chillies,84,84,1
Uttar Pradesh,BALLIA,2008,Kharif,Groundnut,287,205,0.714285714
Uttar Pradesh,BALLIA,2008,Kharif,Guar seed,18,15,0.833333333
Uttar Pradesh,BALLIA,2008,Kharif,Jowar,716,869,1.213687151
Uttar Pradesh,BALLIA,2008,Kharif,Maize,11061,1349,0.12196004
Uttar Pradesh,BALLIA,2008,Kharif,Moong(Green Gram),26,10,0.384615385
Uttar Pradesh,BALLIA,2008,Kharif,Rice,123485,242401,1.962999555
Uttar Pradesh,BALLIA,2008,Kharif,Small millets,52,33,0.634615385
Uttar Pradesh,BALLIA,2008,Kharif,Sugarcane,7216,240697,33.35601441
Uttar Pradesh,BALLIA,2008,Kharif,Sweet potato,10,122,12.2
Uttar Pradesh,BALLIA,2008,Kharif,Urad,1,1,1
Uttar Pradesh,BALLIA,2008,Rabi,Barley,2102,4939,2.349666984
Uttar Pradesh,BALLIA,2008,Rabi,Coriander,34,20,0.588235294
Uttar Pradesh,BALLIA,2008,Rabi,Garlic,53,312,5.886792453
Uttar Pradesh,BALLIA,2008,Rabi,Gram,3265,4183,1.281163859
Uttar Pradesh,BALLIA,2008,Rabi,Maize,628,1648,2.624203822
Uttar Pradesh,BALLIA,2008,Rabi,Masoor,18597,21944,1.179975265
Uttar Pradesh,BALLIA,2008,Rabi,Onion,406,4759,11.72167488
Uttar Pradesh,BALLIA,2008,Rabi,Peas & beans (Pulses),2161,2714,1.255900046
Uttar Pradesh,BALLIA,2008,Rabi,Potato,7480,146802,19.62593583
Uttar Pradesh,BALLIA,2008,Rabi,Rapeseed &Mustard,863,976,1.130938586
Uttar Pradesh,BALLIA,2008,Rabi,Wheat,148282,401718,2.709148784
Uttar Pradesh,BALLIA,2008,Summer,Maize,714,1068,1.495798319
Uttar Pradesh,BALLIA,2008,Summer,Moong(Green Gram),179,134,0.748603352
Uttar Pradesh,BALLIA,2008,Summer,Sunflower,33,61,1.848484848
Uttar Pradesh,BALLIA,2008,Summer,Urad,17,11,0.647058824
Uttar Pradesh,BALLIA,2009,Kharif,Arhar/Tur,3845,2878,0.748504551
Uttar Pradesh,BALLIA,2009,Kharif,Bajra,1110,1884,1.697297297
Uttar Pradesh,BALLIA,2009,Kharif,Dry chillies,122,107,0.87704918
Uttar Pradesh,BALLIA,2009,Kharif,Groundnut,120,81,0.675
Uttar Pradesh,BALLIA,2009,Kharif,Guar seed,22,18,0.818181818
Uttar Pradesh,BALLIA,2009,Kharif,Jowar,688,747,1.085755814
Uttar Pradesh,BALLIA,2009,Kharif,Maize,4950,6692,1.351919192
Uttar Pradesh,BALLIA,2009,Kharif,Moong(Green Gram),1,,
Uttar Pradesh,BALLIA,2009,Kharif,Rice,82351,89433,1.085997741
Uttar Pradesh,BALLIA,2009,Kharif,Sugarcane,7286,286981,39.38800439
Uttar Pradesh,BALLIA,2009,Kharif,Sweet potato,18,245,13.61111111
Uttar Pradesh,BALLIA,2009,Kharif,Urad,1,1,1
Uttar Pradesh,BALLIA,2009,Rabi,Barley,1884,4234,2.247346072
Uttar Pradesh,BALLIA,2009,Rabi,Coriander,24,14,0.583333333
Uttar Pradesh,BALLIA,2009,Rabi,Garlic,48,255,5.3125
Uttar Pradesh,BALLIA,2009,Rabi,Gram,3656,3296,0.901531729
Uttar Pradesh,BALLIA,2009,Rabi,Maize,926,2829,3.055075594
Uttar Pradesh,BALLIA,2009,Rabi,Masoor,18836,19872,1.055001062
Uttar Pradesh,BALLIA,2009,Rabi,Onion,353,6062,17.17280453
Uttar Pradesh,BALLIA,2009,Rabi,Peas & beans (Pulses),3294,3982,1.208864602
Uttar Pradesh,BALLIA,2009,Rabi,Potato,7743,187295,24.18894485
Uttar Pradesh,BALLIA,2009,Rabi,Rapeseed &Mustard,880,982,1.115909091
Uttar Pradesh,BALLIA,2009,Rabi,Turmeric,1,3,3
Uttar Pradesh,BALLIA,2009,Rabi,Wheat,140294,355916,2.536929591
Uttar Pradesh,BALLIA,2009,Summer,Banana,4,165,41.25
Uttar Pradesh,BALLIA,2009,Summer,Maize,726,1056,1.454545455
Uttar Pradesh,BALLIA,2009,Summer,Moong(Green Gram),182,131,0.71978022
Uttar Pradesh,BALLIA,2009,Summer,Onion,327,2511,7.678899083
Uttar Pradesh,BALLIA,2009,Summer,Sunflower,56,123,2.196428571
Uttar Pradesh,BALLIA,2009,Summer,Urad,9,6,0.666666667
Uttar Pradesh,BALLIA,2010,Kharif,Arhar/Tur,5911,8624,1.458974793
Uttar Pradesh,BALLIA,2010,Kharif,Bajra,1957,1891,0.966274911
Uttar Pradesh,BALLIA,2010,Kharif,Dry chillies,102,89,0.87254902
Uttar Pradesh,BALLIA,2010,Kharif,Groundnut,258,255,0.988372093
Uttar Pradesh,BALLIA,2010,Kharif,Guar seed,23,19,0.826086957
Uttar Pradesh,BALLIA,2010,Kharif,Jowar,1599,1900,1.188242652
Uttar Pradesh,BALLIA,2010,Kharif,Maize,27613,41392,1.499004092
Uttar Pradesh,BALLIA,2010,Kharif,Rice,108568,206931,1.906003611
Uttar Pradesh,BALLIA,2010,Kharif,Small millets,16,11,0.6875
Uttar Pradesh,BALLIA,2010,Kharif,Sugarcane,5856,224800,38.38797814
Uttar Pradesh,BALLIA,2010,Kharif,Sweet potato,14,172,12.28571429
Uttar Pradesh,BALLIA,2010,Kharif,Urad,1,1,1
Uttar Pradesh,BALLIA,2010,Rabi,Barley,3808,9951,2.613182773
Uttar Pradesh,BALLIA,2010,Rabi,Gram,3376,4038,1.196090047
Uttar Pradesh,BALLIA,2010,Rabi,Maize,989,2971,3.004044489
Uttar Pradesh,BALLIA,2010,Rabi,Masoor,18675,20505,1.097991968
Uttar Pradesh,BALLIA,2010,Rabi,Onion,447,8228,18.40715884
Uttar Pradesh,BALLIA,2010,Rabi,Peas & beans (Pulses),2922,3708,1.26899384
Uttar Pradesh,BALLIA,2010,Rabi,Potato,9007,268102,29.76595981
Uttar Pradesh,BALLIA,2010,Rabi,Rapeseed &Mustard,816,976,1.196078431
Uttar Pradesh,BALLIA,2010,Rabi,Wheat,138783,407250,2.934437215
Uttar Pradesh,BALLIA,2010,Summer,Maize,878,1287,1.465831435
Uttar Pradesh,BALLIA,2010,Summer,Moong(Green Gram),232,207,0.892241379
Uttar Pradesh,BALLIA,2010,Summer,Sunflower,32,68,2.125
Uttar Pradesh,BALLIA,2010,Summer,Urad,36,22,0.611111111
Uttar Pradesh,BALLIA,2011,Kharif,Arhar/Tur,4109,2362,0.574835726
Uttar Pradesh,BALLIA,2011,Kharif,Bajra,2003,2949,1.472291563
Uttar Pradesh,BALLIA,2011,Kharif,Dry chillies,118,98,0.830508475
Uttar Pradesh,BALLIA,2011,Kharif,Groundnut,321,321,1
Uttar Pradesh,BALLIA,2011,Kharif,Guar seed,28,23,0.821428571
Uttar Pradesh,BALLIA,2011,Kharif,Jowar,1678,1926,1.147794994
Uttar Pradesh,BALLIA,2011,Kharif,Maize,27855,47047,1.688996589
Uttar Pradesh,BALLIA,2011,Kharif,Moong(Green Gram),6,3,0.5
Uttar Pradesh,BALLIA,2011,Kharif,Rice,117098,297663,2.541999009
Uttar Pradesh,BALLIA,2011,Kharif,Sugarcane,6107,243645,39.89602096
Uttar Pradesh,BALLIA,2011,Kharif,Sweet potato,13,169,13
Uttar Pradesh,BALLIA,2011,Kharif,Urad,61,41,0.672131148
Uttar Pradesh,BALLIA,2011,Rabi,Barley,3798,9025,2.376250658
Uttar Pradesh,BALLIA,2011,Rabi,Coriander,34,19,0.558823529
Uttar Pradesh,BALLIA,2011,Rabi,Garlic,42,217,5.166666667
Uttar Pradesh,BALLIA,2011,Rabi,Gram,3240,4225,1.304012346
Uttar Pradesh,BALLIA,2011,Rabi,Maize,2191,4893,2.233226837
Uttar Pradesh,BALLIA,2011,Rabi,Masoor,21774,28502,1.308992376
Uttar Pradesh,BALLIA,2011,Rabi,Onion,507,11597,22.87376726
Uttar Pradesh,BALLIA,2011,Rabi,Peas & beans (Pulses),5116,6973,1.36297889
Uttar Pradesh,BALLIA,2011,Rabi,Potato,7775,212265,27.30096463
Uttar Pradesh,BALLIA,2011,Rabi,Rapeseed &Mustard,894,1018,1.138702461
Uttar Pradesh,BALLIA,2011,Rabi,Wheat,139319,452261,3.246226286
Uttar Pradesh,BALLIA,2011,Summer,Banana,18,786,43.66666667
Uttar Pradesh,BALLIA,2011,Summer,Maize,969,1602,1.653250774
Uttar Pradesh,BALLIA,2011,Summer,Moong(Green Gram),136,114,0.838235294
Uttar Pradesh,BALLIA,2011,Summer,Onion,328,2653,8.088414634
Uttar Pradesh,BALLIA,2011,Summer,Sunflower,25,43,1.72
Uttar Pradesh,BALLIA,2011,Summer,Urad,33,22,0.666666667
Uttar Pradesh,BALLIA,2012,Kharif,Arhar/Tur,6038,6777,1.12239152
Uttar Pradesh,BALLIA,2012,Kharif,Bajra,2060,3959,1.92184466
Uttar Pradesh,BALLIA,2012,Kharif,Dry chillies,119,96,0.806722689
Uttar Pradesh,BALLIA,2012,Kharif,Groundnut,320,318,0.99375
Uttar Pradesh,BALLIA,2012,Kharif,Guar seed,22,18,0.818181818
Uttar Pradesh,BALLIA,2012,Kharif,Jowar,1683,2409,1.431372549
Uttar Pradesh,BALLIA,2012,Kharif,Maize,28154,49917,1.772998508
Uttar Pradesh,BALLIA,2012,Kharif,Rice,112168,244302,2.178000856
Uttar Pradesh,BALLIA,2012,Kharif,Sugarcane,5870,281924,48.02793867
Uttar Pradesh,BALLIA,2012,Kharif,Sweet potato,14,181,12.92857143
Uttar Pradesh,BALLIA,2012,Rabi,Barley,3525,9203,2.610780142
Uttar Pradesh,BALLIA,2012,Rabi,Coriander,45,24,0.533333333
Uttar Pradesh,BALLIA,2012,Rabi,Garlic,75,389,5.186666667
Uttar Pradesh,BALLIA,2012,Rabi,Gram,2992,4969,1.660762032
Uttar Pradesh,BALLIA,2012,Rabi,Maize,4525,14168,3.131049724
Uttar Pradesh,BALLIA,2012,Rabi,Masoor,18345,24454,1.333006269
Uttar Pradesh,BALLIA,2012,Rabi,Onion,825,18978,23.00363636
Uttar Pradesh,BALLIA,2012,Rabi,Peas & beans (Pulses),3041,4504,1.481091746
Uttar Pradesh,BALLIA,2012,Rabi,Potato,8076,200043,24.77005944
Uttar Pradesh,BALLIA,2012,Rabi,Rapeseed &Mustard,883,1113,1.260475651
Uttar Pradesh,BALLIA,2012,Rabi,Wheat,135902,459034,3.377683919
Uttar Pradesh,BALLIA,2012,Summer,Banana,18,804,44.66666667
Uttar Pradesh,BALLIA,2012,Summer,Maize,819,1512,1.846153846
Uttar Pradesh,BALLIA,2012,Summer,Moong(Green Gram),182,148,0.813186813
Uttar Pradesh,BALLIA,2012,Summer,Onion,320,3036,9.4875
Uttar Pradesh,BALLIA,2012,Summer,Small millets,38,53,1.394736842
Uttar Pradesh,BALLIA,2012,Summer,Sunflower,37,29,0.783783784
Uttar Pradesh,BALLIA,2012,Summer,Urad,31,21,0.677419355
Uttar Pradesh,BALLIA,2013,Kharif,Arhar/Tur,6371,4602,0.722335583
Uttar Pradesh,BALLIA,2013,Kharif,Bajra,1770,2250,1.271186441
Uttar Pradesh,BALLIA,2013,Kharif,Dry chillies,98,79,0.806122449
Uttar Pradesh,BALLIA,2013,Kharif,Groundnut,242,216,0.892561983
Uttar Pradesh,BALLIA,2013,Kharif,Guar seed,23,18,0.782608696
Uttar Pradesh,BALLIA,2013,Kharif,Jowar,1749,2001,1.144082333
Uttar Pradesh,BALLIA,2013,Kharif,Maize,28043,35783,1.276004707
Uttar Pradesh,BALLIA,2013,Kharif,Rice,118000,261960,2.22
Uttar Pradesh,BALLIA,2013,Kharif,Small millets,8,7,0.875
Uttar Pradesh,BALLIA,2013,Kharif,Sugarcane,6151,319901,52.00796618
Uttar Pradesh,BALLIA,2013,Kharif,Urad,5,2,0.4
Uttar Pradesh,BALLIA,2013,Rabi,Barley,3856,9668,2.507261411
Uttar Pradesh,BALLIA,2013,Rabi,Coriander,56,31,0.553571429
Uttar Pradesh,BALLIA,2013,Rabi,Garlic,105,615,5.857142857
Uttar Pradesh,BALLIA,2013,Rabi,Gram,3275,2613,0.797862595
Uttar Pradesh,BALLIA,2013,Rabi,Maize,3258,11576,3.553100061
Uttar Pradesh,BALLIA,2013,Rabi,Masoor,17486,20319,1.162015327
Uttar Pradesh,BALLIA,2013,Rabi,Onion,602,12244,20.33887043
Uttar Pradesh,BALLIA,2013,Rabi,Peas & beans (Pulses),2888,1643,0.568905817
Uttar Pradesh,BALLIA,2013,Rabi,Potato,8187,80511,9.83400513
Uttar Pradesh,BALLIA,2013,Rabi,Rapeseed &Mustard,895,910,1.016759777
Uttar Pradesh,BALLIA,2013,Rabi,Wheat,137861,395888,2.871646078
Uttar Pradesh,BALLIA,2013,Summer,Banana,5,218,43.6
Uttar Pradesh,BALLIA,2013,Summer,Maize,762,1400,1.837270341
Uttar Pradesh,BALLIA,2013,Summer,Moong(Green Gram),180,120,0.666666667
Uttar Pradesh,BALLIA,2013,Summer,Onion,306,4118,13.45751634
Uttar Pradesh,BALLIA,2013,Summer,Small millets,41,57,1.390243902
Uttar Pradesh,BALLIA,2013,Summer,Sunflower,25,40,1.6
Uttar Pradesh,BALLIA,2013,Summer,Urad,22,13,0.590909091
Uttar Pradesh,BALLIA,2014,Kharif,Arhar/Tur,5076,5578,1.098896769
Uttar Pradesh,BALLIA,2014,Kharif,Bajra,2012,3996,1.986083499
Uttar Pradesh,BALLIA,2014,Kharif,Dry chillies,49,40,0.816326531
Uttar Pradesh,BALLIA,2014,Kharif,Groundnut,38,33,0.868421053
Uttar Pradesh,BALLIA,2014,Kharif,Guar seed,24,19,0.791666667
Uttar Pradesh,BALLIA,2014,Kharif,Jowar,1439,1589,1.104239055
Uttar Pradesh,BALLIA,2014,Kharif,Maize,27434,40575,1.479004155
Uttar Pradesh,BALLIA,2014,Kharif,Moong(Green Gram),7,2,0.285714286
Uttar Pradesh,BALLIA,2014,Kharif,Rice,122464,251908,2.056996342
Uttar Pradesh,BALLIA,2014,Kharif,Sesamum,1,,
Uttar Pradesh,BALLIA,2014,Kharif,Sugarcane,4096,213254,52.06396484
Uttar Pradesh,BALLIA,2014,Kharif,Urad,4,2,0.5
Uttar Pradesh,BALLIA,2014,Rabi,Barley,4783,6417,1.341626594
Uttar Pradesh,BALLIA,2014,Rabi,Coriander,57,28,0.49122807
Uttar Pradesh,BALLIA,2014,Rabi,Garlic,98,567,5.785714286
Uttar Pradesh,BALLIA,2014,Rabi,Gram,1551,2200,1.418439716
Uttar Pradesh,BALLIA,2014,Rabi,Maize,3876,5783,1.492002064
Uttar Pradesh,BALLIA,2014,Rabi,Masoor,15767,14569,0.92401852
Uttar Pradesh,BALLIA,2014,Rabi,Onion,231,3534,15.2987013
Uttar Pradesh,BALLIA,2014,Rabi,Peas & beans (Pulses),756,544,0.71957672
Uttar Pradesh,BALLIA,2014,Rabi,Potato,6297,103044,16.36398285
Uttar Pradesh,BALLIA,2014,Rabi,Rapeseed &Mustard,797,621,0.779171895
Uttar Pradesh,BALLIA,2014,Rabi,Wheat,141821,321804,2.269085678
Uttar Pradesh,BALLIA,2014,Summer,Banana,7,316,45.14285714
Uttar Pradesh,BALLIA,2014,Summer,Maize,745,1325,1.77852349
Uttar Pradesh,BALLIA,2014,Summer,Moong(Green Gram),266,179,0.672932331
Uttar Pradesh,BALLIA,2014,Summer,Onion,281,5183,18.44483986
Uttar Pradesh,BALLIA,2014,Summer,Small millets,40,38,0.95
Uttar Pradesh,BALLIA,2014,Summer,Sunflower,60,103,1.716666667
Uttar Pradesh,BALLIA,2014,Summer,Urad,9,5,0.555555556
Uttar Pradesh,BALRAMPUR,1997,Kharif,Arhar/Tur,14930,8160,0.546550569
Uttar Pradesh,BALRAMPUR,1997,Kharif,Groundnut,80,64,0.8
Uttar Pradesh,BALRAMPUR,1997,Kharif,Maize,11460,9810,0.856020942
Uttar Pradesh,BALRAMPUR,1997,Kharif,Moong(Green Gram),542,156,0.287822878
Uttar Pradesh,BALRAMPUR,1997,Kharif,Rice,81826,160619,1.962933542
Uttar Pradesh,BALRAMPUR,1997,Kharif,Sesamum,58,9,0.155172414
Uttar Pradesh,BALRAMPUR,1997,Kharif,Small millets,462,384,0.831168831
Uttar Pradesh,BALRAMPUR,1997,Kharif,Urad,3084,1005,0.325875486
Uttar Pradesh,BALRAMPUR,1997,Rabi,Barley,553,1138,2.057866184
Uttar Pradesh,BALRAMPUR,1997,Rabi,Gram,5065,1488,0.293780849
Uttar Pradesh,BALRAMPUR,1997,Rabi,Linseed,3182,1190,0.37397863
Uttar Pradesh,BALRAMPUR,1997,Rabi,Masoor,22085,17337,0.785012452
Uttar Pradesh,BALRAMPUR,1997,Rabi,Peas & beans (Pulses),1631,2119,1.299202943
Uttar Pradesh,BALRAMPUR,1997,Rabi,Rapeseed &Mustard,12920,7283,0.56369969
Uttar Pradesh,BALRAMPUR,1997,Rabi,Sunflower,3,4,1.333333333
Uttar Pradesh,BALRAMPUR,1997,Rabi,Wheat,85055,184472,2.168855446
Uttar Pradesh,BALRAMPUR,1997,Summer,Maize,60,95,1.583333333
Uttar Pradesh,BALRAMPUR,1997,Summer,Moong(Green Gram),16,7,0.4375
Uttar Pradesh,BALRAMPUR,1997,Summer,Rice,5,10,2
Uttar Pradesh,BALRAMPUR,1997,Summer,Urad,23,11,0.47826087
Uttar Pradesh,BALRAMPUR,1997,Whole Year,Potato,1825,17164,9.404931507
Uttar Pradesh,BALRAMPUR,1997,Whole Year,Sugarcane,12024,601705,50.04199933
Uttar Pradesh,BALRAMPUR,1998,Kharif,Arhar/Tur,15589,6189,0.397010713
Uttar Pradesh,BALRAMPUR,1998,Kharif,Groundnut,85,71,0.835294118
Uttar Pradesh,BALRAMPUR,1998,Kharif,Maize,11247,3385,0.300969147
Uttar Pradesh,BALRAMPUR,1998,Kharif,Moong(Green Gram),3,1,0.333333333
Uttar Pradesh,BALRAMPUR,1998,Kharif,Rice,79453,135837,1.709652247
Uttar Pradesh,BALRAMPUR,1998,Kharif,Sesamum,58,7,0.120689655
Uttar Pradesh,BALRAMPUR,1998,Kharif,Small millets,329,143,0.434650456
Uttar Pradesh,BALRAMPUR,1998,Kharif,Urad,1908,590,0.309224319
Uttar Pradesh,BALRAMPUR,1998,Rabi,Barley,655,1598,2.439694656
Uttar Pradesh,BALRAMPUR,1998,Rabi,Gram,4902,2705,0.551815585
Uttar Pradesh,BALRAMPUR,1998,Rabi,Linseed,3197,879,0.274945261
Uttar Pradesh,BALRAMPUR,1998,Rabi,Masoor,24490,15429,0.63001225
Uttar Pradesh,BALRAMPUR,1998,Rabi,Peas & beans (Pulses),1902,2008,1.05573081
Uttar Pradesh,BALRAMPUR,1998,Rabi,Rapeseed &Mustard,16557,9520,0.574983391
Uttar Pradesh,BALRAMPUR,1998,Rabi,Wheat,100432,187755,1.869473873
Uttar Pradesh,BALRAMPUR,1998,Summer,Maize,48,49,1.020833333
Uttar Pradesh,BALRAMPUR,1998,Summer,Moong(Green Gram),23,12,0.52173913
Uttar Pradesh,BALRAMPUR,1998,Summer,Urad,20,9,0.45
Uttar Pradesh,BALRAMPUR,1998,Whole Year,Onion,489,5905,12.07566462
Uttar Pradesh,BALRAMPUR,1998,Whole Year,Potato,2078,33686,16.2107796
Uttar Pradesh,BALRAMPUR,1998,Whole Year,Sugarcane,12066,645338,53.48400464
Uttar Pradesh,BALRAMPUR,1998,Whole Year,Tobacco,10,60,6
Uttar Pradesh,BALRAMPUR,1998,Whole Year,Turmeric,4,7,1.75
Uttar Pradesh,BALRAMPUR,1999,Kharif,Arhar/Tur,15007,11322,0.754447924
Uttar Pradesh,BALRAMPUR,1999,Kharif,Groundnut,78,91,1.166666667
Uttar Pradesh,BALRAMPUR,1999,Kharif,Maize,11297,13206,1.168982916
Uttar Pradesh,BALRAMPUR,1999,Kharif,Rice,79413,144816,1.823580522
Uttar Pradesh,BALRAMPUR,1999,Kharif,Small millets,303,193,0.636963696
Uttar Pradesh,BALRAMPUR,1999,Kharif,Urad,2362,884,0.374259102
Uttar Pradesh,BALRAMPUR,1999,Rabi,Barley,484,755,1.559917355
Uttar Pradesh,BALRAMPUR,1999,Rabi,Gram,4663,3043,0.652584173
Uttar Pradesh,BALRAMPUR,1999,Rabi,Linseed,3110,1437,0.462057878
Uttar Pradesh,BALRAMPUR,1999,Rabi,Maize,51,74,1.450980392
Uttar Pradesh,BALRAMPUR,1999,Rabi,Rapeseed &Mustard,16259,10308,0.63398733
Uttar Pradesh,BALRAMPUR,1999,Rabi,Wheat,100460,244050,2.429325105
Uttar Pradesh,BALRAMPUR,1999,Summer,Moong(Green Gram),24,13,0.541666667
Uttar Pradesh,BALRAMPUR,1999,Summer,Urad,23,11,0.47826087
Uttar Pradesh,BALRAMPUR,1999,Whole Year,Onion,397,5691,14.33501259
Uttar Pradesh,BALRAMPUR,1999,Whole Year,Peas & beans (Pulses),1864,1777,0.95332618
Uttar Pradesh,BALRAMPUR,1999,Whole Year,Potato,2146,57041,26.58014911
Uttar Pradesh,BALRAMPUR,1999,Whole Year,Sugarcane,12972,763376,58.84798027
Uttar Pradesh,BALRAMPUR,1999,Whole Year,Tobacco,10,54,5.4
Uttar Pradesh,BALRAMPUR,1999,Whole Year,Turmeric,8,13,1.625
Uttar Pradesh,BALRAMPUR,2000,Kharif,Arhar/Tur,7425,3442,0.463569024
Uttar Pradesh,BALRAMPUR,2000,Kharif,Bajra,127,220,1.732283465
Uttar Pradesh,BALRAMPUR,2000,Kharif,Groundnut,59,76,1.288135593
Uttar Pradesh,BALRAMPUR,2000,Kharif,Jowar,75,93,1.24
Uttar Pradesh,BALRAMPUR,2000,Kharif,Maize,6103,4614,0.756021629
Uttar Pradesh,BALRAMPUR,2000,Kharif,Moong(Green Gram),1,1,1
Uttar Pradesh,BALRAMPUR,2000,Kharif,Moth,2,1,0.5
Uttar Pradesh,BALRAMPUR,2000,Kharif,Rice,117161,189759,1.619643055
Uttar Pradesh,BALRAMPUR,2000,Kharif,Sesamum,7,1,0.142857143
Uttar Pradesh,BALRAMPUR,2000,Kharif,Small millets,1476,993,0.672764228
Uttar Pradesh,BALRAMPUR,2000,Kharif,Urad,1870,439,0.234759358
Uttar Pradesh,BALRAMPUR,2000,Rabi,Barley,284,607,2.137323944
Uttar Pradesh,BALRAMPUR,2000,Rabi,Gram,1766,1017,0.57587769
Uttar Pradesh,BALRAMPUR,2000,Rabi,Linseed,388,166,0.427835052
Uttar Pradesh,BALRAMPUR,2000,Rabi,Maize,58,94,1.620689655
Uttar Pradesh,BALRAMPUR,2000,Rabi,Masoor,29741,23406,0.786994385
Uttar Pradesh,BALRAMPUR,2000,Rabi,Moong(Green Gram),2,1,0.5
Uttar Pradesh,BALRAMPUR,2000,Rabi,Peas & beans (Pulses),2366,2335,0.986897718
Uttar Pradesh,BALRAMPUR,2000,Rabi,Rapeseed &Mustard,20924,15379,0.734993309
Uttar Pradesh,BALRAMPUR,2000,Rabi,Urad,8,4,0.5
Uttar Pradesh,BALRAMPUR,2000,Rabi,Wheat,98504,208509,2.11675668
Uttar Pradesh,BALRAMPUR,2000,Whole Year,Potato,1904,37313,19.59716387
Uttar Pradesh,BALRAMPUR,2000,Whole Year,Sugarcane,36645,1880182,51.30800928
Uttar Pradesh,BALRAMPUR,2000,Whole Year,Turmeric,1,2,2
Uttar Pradesh,BALRAMPUR,2001,Kharif,Arhar/Tur,7146,3398,0.475510775
Uttar Pradesh,BALRAMPUR,2001,Kharif,Bajra,124,199,1.60483871
Uttar Pradesh,BALRAMPUR,2001,Kharif,Groundnut,86,92,1.069767442
Uttar Pradesh,BALRAMPUR,2001,Kharif,Jowar,72,86,1.194444444
Uttar Pradesh,BALRAMPUR,2001,Kharif,Maize,5595,4442,0.793923146
Uttar Pradesh,BALRAMPUR,2001,Kharif,Moong(Green Gram),2,1,0.5
Uttar Pradesh,BALRAMPUR,2001,Kharif,Moth,3,1,0.333333333
Uttar Pradesh,BALRAMPUR,2001,Kharif,Rice,116107,220172,1.896285323
Uttar Pradesh,BALRAMPUR,2001,Kharif,Sesamum,7,2,0.285714286
Uttar Pradesh,BALRAMPUR,2001,Kharif,Small millets,1172,907,0.773890785
Uttar Pradesh,BALRAMPUR,2001,Kharif,Urad,1933,696,0.36006208
Uttar Pradesh,BALRAMPUR,2001,Rabi,Barley,224,556,2.482142857
Uttar Pradesh,BALRAMPUR,2001,Rabi,Gram,1082,622,0.574861368
Uttar Pradesh,BALRAMPUR,2001,Rabi,Linseed,238,100,0.420168067
Uttar Pradesh,BALRAMPUR,2001,Rabi,Maize,123,200,1.62601626
Uttar Pradesh,BALRAMPUR,2001,Rabi,Masoor,32699,24851,0.75999266
Uttar Pradesh,BALRAMPUR,2001,Rabi,Peas & beans (Pulses),2307,2471,1.071087993
Uttar Pradesh,BALRAMPUR,2001,Rabi,Rapeseed &Mustard,16889,10691,0.633015572
Uttar Pradesh,BALRAMPUR,2001,Rabi,Urad,10,5,0.5
Uttar Pradesh,BALRAMPUR,2001,Rabi,Wheat,90872,207745,2.28612774
Uttar Pradesh,BALRAMPUR,2001,Whole Year,Potato,1733,42739,24.66185805
Uttar Pradesh,BALRAMPUR,2001,Whole Year,Sugarcane,38368,2030895,52.93200063
Uttar Pradesh,BALRAMPUR,2002,Kharif,Bajra,114,176,1.543859649
Uttar Pradesh,BALRAMPUR,2002,Kharif,Groundnut,37,26,0.702702703
Uttar Pradesh,BALRAMPUR,2002,Kharif,Maize,3957,2944,0.743997978
Uttar Pradesh,BALRAMPUR,2002,Kharif,Moong(Green Gram),1,0,0
Uttar Pradesh,BALRAMPUR,2002,Kharif,Rice,106445,83699,0.78631218
Uttar Pradesh,BALRAMPUR,2002,Kharif,Sesamum,3,1,0.333333333
Uttar Pradesh,BALRAMPUR,2002,Kharif,Small millets,97,50,0.515463918
Uttar Pradesh,BALRAMPUR,2002,Kharif,Urad,2096,451,0.215171756
Uttar Pradesh,BALRAMPUR,2002,Rabi,Barley,179,440,2.458100559
Uttar Pradesh,BALRAMPUR,2002,Rabi,Gram,1068,550,0.514981273
Uttar Pradesh,BALRAMPUR,2002,Rabi,Linseed,153,66,0.431372549
Uttar Pradesh,BALRAMPUR,2002,Rabi,Maize,100,111,1.11
Uttar Pradesh,BALRAMPUR,2002,Rabi,Masoor,26459,16828,0.636002872
Uttar Pradesh,BALRAMPUR,2002,Rabi,Onion,34,351,10.32352941
Uttar Pradesh,BALRAMPUR,2002,Rabi,Peas & beans (Pulses),2270,1680,0.740088106
Uttar Pradesh,BALRAMPUR,2002,Rabi,Rapeseed &Mustard,14407,8500,0.589990977
Uttar Pradesh,BALRAMPUR,2002,Rabi,Wheat,84992,169665,1.996246706
Uttar Pradesh,BALRAMPUR,2002,Summer,Moong(Green Gram),1,0,0
Uttar Pradesh,BALRAMPUR,2002,Summer,Onion,63,704,11.17460317
Uttar Pradesh,BALRAMPUR,2002,Summer,Urad,10,5,0.5
Uttar Pradesh,BALRAMPUR,2002,Whole Year,Potato,1734,40227,23.19896194
Uttar Pradesh,BALRAMPUR,2002,Whole Year,Sugarcane,40681,2067734,50.82800324
Uttar Pradesh,BALRAMPUR,2002,Whole Year,Turmeric,1,2,2
Uttar Pradesh,BALRAMPUR,2003,Kharif,Arhar/Tur,6430,3016,0.469051322
Uttar Pradesh,BALRAMPUR,2003,Kharif,Groundnut,68,49,0.720588235
Uttar Pradesh,BALRAMPUR,2003,Kharif,Maize,5743,5243,0.912937489
Uttar Pradesh,BALRAMPUR,2003,Kharif,Moong(Green Gram),8,2,0.25
Uttar Pradesh,BALRAMPUR,2003,Kharif,Rice,98272,171771,1.747913953
Uttar Pradesh,BALRAMPUR,2003,Kharif,Sesamum,25,3,0.12
Uttar Pradesh,BALRAMPUR,2003,Kharif,Urad,2106,615,0.292022792
Uttar Pradesh,BALRAMPUR,2003,Rabi,Barley,241,540,2.2406639
Uttar Pradesh,BALRAMPUR,2003,Rabi,Gram,645,438,0.679069767
Uttar Pradesh,BALRAMPUR,2003,Rabi,Linseed,161,79,0.49068323
Uttar Pradesh,BALRAMPUR,2003,Rabi,Maize,11,15,1.363636364
Uttar Pradesh,BALRAMPUR,2003,Rabi,Masoor,27413,20286,0.740013862
Uttar Pradesh,BALRAMPUR,2003,Rabi,Onion,28,402,14.35714286
Uttar Pradesh,BALRAMPUR,2003,Rabi,Peas & beans (Pulses),1833,2515,1.372067649
Uttar Pradesh,BALRAMPUR,2003,Rabi,Rapeseed &Mustard,16825,10499,0.624011887
Uttar Pradesh,BALRAMPUR,2003,Rabi,Wheat,83464,194665,2.332322918
Uttar Pradesh,BALRAMPUR,2003,Summer,Maize,146,199,1.363013699
Uttar Pradesh,BALRAMPUR,2003,Summer,Moong(Green Gram),2,1,0.5
Uttar Pradesh,BALRAMPUR,2003,Summer,Onion,79,779,9.860759494
Uttar Pradesh,BALRAMPUR,2003,Summer,Urad,13,6,0.461538462
Uttar Pradesh,BALRAMPUR,2003,Whole Year,Potato,1477,27896,18.88693297
Uttar Pradesh,BALRAMPUR,2003,Whole Year,Sugarcane,49746,2416064,48.56800547
Uttar Pradesh,BALRAMPUR,2003,Whole Year,Turmeric,2,4,2
Uttar Pradesh,BALRAMPUR,2004,Kharif,Bajra,106,198,1.867924528
Uttar Pradesh,BALRAMPUR,2004,Kharif,Groundnut,66,45,0.681818182
Uttar Pradesh,BALRAMPUR,2004,Kharif,Jowar,18,18,1
Uttar Pradesh,BALRAMPUR,2004,Kharif,Maize,8359,5158,0.617059457
Uttar Pradesh,BALRAMPUR,2004,Kharif,Rice,110144,173215,1.572623112
Uttar Pradesh,BALRAMPUR,2004,Kharif,Sesamum,27,4,0.148148148
Uttar Pradesh,BALRAMPUR,2004,Kharif,Small millets,89,30,0.337078652
Uttar Pradesh,BALRAMPUR,2004,Kharif,Sugarcane,54333,2785327,51.26400162
Uttar Pradesh,BALRAMPUR,2004,Rabi,Barley,194,390,2.010309278
Uttar Pradesh,BALRAMPUR,2004,Rabi,Gram,542,501,0.924354244
Uttar Pradesh,BALRAMPUR,2004,Rabi,Linseed,40,18,0.45
Uttar Pradesh,BALRAMPUR,2004,Rabi,Potato,1554,34783,22.38288288
Uttar Pradesh,BALRAMPUR,2004,Rabi,Rapeseed &Mustard,17388,12711,0.731021394
Uttar Pradesh,BALRAMPUR,2004,Rabi,Wheat,82189,181587,2.209383251
Uttar Pradesh,BALRAMPUR,2004,Whole Year,Dry chillies,18,17,0.944444444
Uttar Pradesh,BALRAMPUR,2004,Whole Year,Garlic,4,18,4.5
Uttar Pradesh,BALRAMPUR,2004,Whole Year,Onion,154,1810,11.75324675
Uttar Pradesh,BALRAMPUR,2004,Whole Year,Sweet potato,18,209,11.61111111
Uttar Pradesh,BALRAMPUR,2005,Kharif,Maize,5743,5512,0.95977712
Uttar Pradesh,BALRAMPUR,2005,Kharif,Rice,98272,192122,1.955002442
Uttar Pradesh,BALRAMPUR,2005,Kharif,Sesamum,25,5,0.2
Uttar Pradesh,BALRAMPUR,2005,Kharif,Small millets,237,181,0.76371308
Uttar Pradesh,BALRAMPUR,2005,Kharif,Sugarcane,49746,2667182,53.61600933
Uttar Pradesh,BALRAMPUR,2005,Rabi,Barley,273,484,1.772893773
Uttar Pradesh,BALRAMPUR,2005,Rabi,Gram,605,559,0.923966942
Uttar Pradesh,BALRAMPUR,2005,Rabi,Linseed,161,67,0.416149068
Uttar Pradesh,BALRAMPUR,2005,Rabi,Potato,1545,34658,22.43236246
Uttar Pradesh,BALRAMPUR,2005,Rabi,Rapeseed &Mustard,16187,15556,0.961018101
Uttar Pradesh,BALRAMPUR,2005,Rabi,Wheat,83290,184571,2.216004322
Uttar Pradesh,BALRAMPUR,2005,Whole Year,Coriander,81,46,0.567901235
Uttar Pradesh,BALRAMPUR,2005,Whole Year,Dry chillies,20,18,0.9
Uttar Pradesh,BALRAMPUR,2005,Whole Year,Garlic,77,335,4.350649351
Uttar Pradesh,BALRAMPUR,2005,Whole Year,Guar seed,12,10,0.833333333
Uttar Pradesh,BALRAMPUR,2005,Whole Year,Onion,113,1457,12.89380531
Uttar Pradesh,BALRAMPUR,2005,Whole Year,Sweet potato,13,170,13.07692308
Uttar Pradesh,BALRAMPUR,2005,Whole Year,Tobacco,1589,9100,5.726872247
Uttar Pradesh,BALRAMPUR,2006,Kharif,Arhar/Tur,8053,5263,0.653545263
Uttar Pradesh,BALRAMPUR,2006,Kharif,Bajra,106,187,1.764150943
Uttar Pradesh,BALRAMPUR,2006,Kharif,Groundnut,66,48,0.727272727
Uttar Pradesh,BALRAMPUR,2006,Kharif,Jowar,11,12,1.090909091
Uttar Pradesh,BALRAMPUR,2006,Kharif,Maize,8525,7919,0.928914956
Uttar Pradesh,BALRAMPUR,2006,Kharif,Other Kharif pulses,1458,818,0.561042524
Uttar Pradesh,BALRAMPUR,2006,Kharif,Rice,122512,222727,1.818001502
Uttar Pradesh,BALRAMPUR,2006,Kharif,Sesamum,18,3,0.166666667
Uttar Pradesh,BALRAMPUR,2006,Kharif,Small millets,113,69,0.610619469
Uttar Pradesh,BALRAMPUR,2006,Kharif,Sugarcane,86605,4738679,54.71599792
Uttar Pradesh,BALRAMPUR,2006,Kharif,Sweet potato,2,27,13.5
Uttar Pradesh,BALRAMPUR,2006,Rabi,Barley,228,457,2.004385965
Uttar Pradesh,BALRAMPUR,2006,Rabi,Garlic,39,172,4.41025641
Uttar Pradesh,BALRAMPUR,2006,Rabi,Gram,547,412,0.753199269
Uttar Pradesh,BALRAMPUR,2006,Rabi,Linseed,16,5,0.3125
Uttar Pradesh,BALRAMPUR,2006,Rabi,Masoor,26119,31473,1.204984877
Uttar Pradesh,BALRAMPUR,2006,Rabi,Onion,43,825,19.18604651
Uttar Pradesh,BALRAMPUR,2006,Rabi,Other  Rabi pulses,1619,1565,0.966646078
Uttar Pradesh,BALRAMPUR,2006,Rabi,Potato,1549,33825,21.83666882
Uttar Pradesh,BALRAMPUR,2006,Rabi,Rapeseed &Mustard,16802,16315,0.971015355
Uttar Pradesh,BALRAMPUR,2006,Rabi,Wheat,81219,197845,2.435944791
Uttar Pradesh,BALRAMPUR,2006,Summer,Maize,179,237,1.324022346
Uttar Pradesh,BALRAMPUR,2006,Summer,Onion,114,1328,11.64912281
Uttar Pradesh,BALRAMPUR,2006,Whole Year,Banana,2,78,39
Uttar Pradesh,BALRAMPUR,2006,Whole Year,Coriander,87,45,0.517241379
Uttar Pradesh,BALRAMPUR,2006,Whole Year,Dry chillies,35,33,0.942857143
Uttar Pradesh,BALRAMPUR,2006,Whole Year,Guar seed,36,30,0.833333333
Uttar Pradesh,BALRAMPUR,2007,Kharif,Arhar/Tur,5403,4134,0.765130483
Uttar Pradesh,BALRAMPUR,2007,Kharif,Dry chillies,20,19,0.95
Uttar Pradesh,BALRAMPUR,2007,Kharif,Groundnut,10,6,0.6
Uttar Pradesh,BALRAMPUR,2007,Kharif,Guar seed,22,19,0.863636364
Uttar Pradesh,BALRAMPUR,2007,Kharif,Maize,5573,5610,1.006639153
Uttar Pradesh,BALRAMPUR,2007,Kharif,Rice,100608,204838,2.036001113
Uttar Pradesh,BALRAMPUR,2007,Kharif,Sesamum,28,4,0.142857143
Uttar Pradesh,BALRAMPUR,2007,Kharif,Small millets,79,47,0.594936709
Uttar Pradesh,BALRAMPUR,2007,Kharif,Sugarcane,52908,2593550,49.01999698
Uttar Pradesh,BALRAMPUR,2007,Kharif,Sweet potato,15,202,13.46666667
Uttar Pradesh,BALRAMPUR,2007,Kharif,Urad,1798,788,0.438264739
Uttar Pradesh,BALRAMPUR,2007,Rabi,Barley,216,477,2.208333333
Uttar Pradesh,BALRAMPUR,2007,Rabi,Coriander,75,43,0.573333333
Uttar Pradesh,BALRAMPUR,2007,Rabi,Gram,490,366,0.746938776
Uttar Pradesh,BALRAMPUR,2007,Rabi,Linseed,31,8,0.258064516
Uttar Pradesh,BALRAMPUR,2007,Rabi,Masoor,26040,29503,1.132987711
Uttar Pradesh,BALRAMPUR,2007,Rabi,Onion,42,587,13.97619048
Uttar Pradesh,BALRAMPUR,2007,Rabi,Other  Rabi pulses,1724,1617,0.937935035
Uttar Pradesh,BALRAMPUR,2007,Rabi,Potato,2343,51490,21.97609902
Uttar Pradesh,BALRAMPUR,2007,Rabi,Rapeseed &Mustard,22493,19007,0.84501845
Uttar Pradesh,BALRAMPUR,2007,Rabi,Wheat,83172,291253,3.501815515
Uttar Pradesh,BALRAMPUR,2007,Summer,Maize,198,284,1.434343434
Uttar Pradesh,BALRAMPUR,2007,Summer,Onion,105,2011,19.15238095
Uttar Pradesh,BALRAMPUR,2007,Summer,Urad,27,15,0.555555556
Uttar Pradesh,BALRAMPUR,2008,Kharif,Arhar/Tur,7170,4698,0.655230126
Uttar Pradesh,BALRAMPUR,2008,Kharif,Bajra,118,215,1.822033898
Uttar Pradesh,BALRAMPUR,2008,Kharif,Dry chillies,20,20,1
Uttar Pradesh,BALRAMPUR,2008,Kharif,Groundnut,57,41,0.719298246
Uttar Pradesh,BALRAMPUR,2008,Kharif,Guar seed,20,17,0.85
Uttar Pradesh,BALRAMPUR,2008,Kharif,Jowar,2,2,1
Uttar Pradesh,BALRAMPUR,2008,Kharif,Maize,8807,7142,0.810945839
Uttar Pradesh,BALRAMPUR,2008,Kharif,Rice,108039,284035,2.629004341
Uttar Pradesh,BALRAMPUR,2008,Kharif,Sesamum,20,3,0.15
Uttar Pradesh,BALRAMPUR,2008,Kharif,Small millets,73,44,0.602739726
Uttar Pradesh,BALRAMPUR,2008,Kharif,Sugarcane,57342,2309506,40.27599316
Uttar Pradesh,BALRAMPUR,2008,Kharif,Sweet potato,18,221,12.27777778
Uttar Pradesh,BALRAMPUR,2008,Kharif,Urad,1481,797,0.538149899
Uttar Pradesh,BALRAMPUR,2008,Rabi,Barley,471,1089,2.312101911
Uttar Pradesh,BALRAMPUR,2008,Rabi,Coriander,87,52,0.597701149
Uttar Pradesh,BALRAMPUR,2008,Rabi,Garlic,29,171,5.896551724
Uttar Pradesh,BALRAMPUR,2008,Rabi,Gram,435,431,0.990804598
Uttar Pradesh,BALRAMPUR,2008,Rabi,Linseed,8,4,0.5
Uttar Pradesh,BALRAMPUR,2008,Rabi,Masoor,18189,17261,0.948980153
Uttar Pradesh,BALRAMPUR,2008,Rabi,Onion,5,58,11.6
Uttar Pradesh,BALRAMPUR,2008,Rabi,Peas & beans (Pulses),2208,2665,1.206974638
Uttar Pradesh,BALRAMPUR,2008,Rabi,Potato,1040,21319,20.49903846
Uttar Pradesh,BALRAMPUR,2008,Rabi,Rapeseed &Mustard,16555,10579,0.639021444
Uttar Pradesh,BALRAMPUR,2008,Rabi,Wheat,87915,245283,2.790001706
Uttar Pradesh,BALRAMPUR,2008,Summer,Maize,206,308,1.495145631
Uttar Pradesh,BALRAMPUR,2008,Summer,Urad,23,14,0.608695652
Uttar Pradesh,BALRAMPUR,2009,Kharif,Arhar/Tur,7957,3454,0.434083197
Uttar Pradesh,BALRAMPUR,2009,Kharif,Dry chillies,21,19,0.904761905
Uttar Pradesh,BALRAMPUR,2009,Kharif,Groundnut,30,20,0.666666667
Uttar Pradesh,BALRAMPUR,2009,Kharif,Guar seed,33,27,0.818181818
Uttar Pradesh,BALRAMPUR,2009,Kharif,Jowar,5,4,0.8
Uttar Pradesh,BALRAMPUR,2009,Kharif,Maize,9654,10007,1.036565154
Uttar Pradesh,BALRAMPUR,2009,Kharif,Rice,101195,179419,1.773002619
Uttar Pradesh,BALRAMPUR,2009,Kharif,Sesamum,19,2,0.105263158
Uttar Pradesh,BALRAMPUR,2009,Kharif,Small millets,58,24,0.413793103
Uttar Pradesh,BALRAMPUR,2009,Kharif,Sugarcane,43791,2062556,47.09999772
Uttar Pradesh,BALRAMPUR,2009,Kharif,Sweet potato,13,177,13.61538462
Uttar Pradesh,BALRAMPUR,2009,Kharif,Urad,1830,699,0.381967213
Uttar Pradesh,BALRAMPUR,2009,Rabi,Barley,149,334,2.241610738
Uttar Pradesh,BALRAMPUR,2009,Rabi,Coriander,59,34,0.576271186
Uttar Pradesh,BALRAMPUR,2009,Rabi,Garlic,56,298,5.321428571
Uttar Pradesh,BALRAMPUR,2009,Rabi,Gram,1133,937,0.827007944
Uttar Pradesh,BALRAMPUR,2009,Rabi,Masoor,24229,23914,0.986999051
Uttar Pradesh,BALRAMPUR,2009,Rabi,Onion,43,739,17.18604651
Uttar Pradesh,BALRAMPUR,2009,Rabi,Peas & beans (Pulses),1526,1958,1.283093054
Uttar Pradesh,BALRAMPUR,2009,Rabi,Potato,1703,42347,24.86611861
Uttar Pradesh,BALRAMPUR,2009,Rabi,Rapeseed &Mustard,17455,11401,0.653165282
Uttar Pradesh,BALRAMPUR,2009,Rabi,Wheat,81758,236199,2.889001688
Uttar Pradesh,BALRAMPUR,2009,Summer,Maize,245,356,1.453061224
Uttar Pradesh,BALRAMPUR,2009,Summer,Moong(Green Gram),26,19,0.730769231
Uttar Pradesh,BALRAMPUR,2009,Summer,Onion,246,3781,15.3699187
Uttar Pradesh,BALRAMPUR,2009,Summer,Urad,31,19,0.612903226
Uttar Pradesh,BALRAMPUR,2010,Kharif,Arhar/Tur,7435,2986,0.401613988
Uttar Pradesh,BALRAMPUR,2010,Kharif,Bajra,13,22,1.692307692
Uttar Pradesh,BALRAMPUR,2010,Kharif,Dry chillies,12,11,0.916666667
Uttar Pradesh,BALRAMPUR,2010,Kharif,Groundnut,24,24,1
Uttar Pradesh,BALRAMPUR,2010,Kharif,Guar seed,25,21,0.84
Uttar Pradesh,BALRAMPUR,2010,Kharif,Maize,8288,8654,1.044160232
Uttar Pradesh,BALRAMPUR,2010,Kharif,Moong(Green Gram),2,1,0.5
Uttar Pradesh,BALRAMPUR,2010,Kharif,Rice,105641,230192,2.179002471
Uttar Pradesh,BALRAMPUR,2010,Kharif,Sesamum,17,3,0.176470588
Uttar Pradesh,BALRAMPUR,2010,Kharif,Sugarcane,52272,2575128,49.26400367
Uttar Pradesh,BALRAMPUR,2010,Kharif,Urad,1401,946,0.675231977
Uttar Pradesh,BALRAMPUR,2010,Rabi,Barley,110,281,2.554545455
Uttar Pradesh,BALRAMPUR,2010,Rabi,Gram,422,388,0.91943128
Uttar Pradesh,BALRAMPUR,2010,Rabi,Linseed,13,6,0.461538462
Uttar Pradesh,BALRAMPUR,2010,Rabi,Masoor,20095,15855,0.789002239
Uttar Pradesh,BALRAMPUR,2010,Rabi,Onion,37,681,18.40540541
Uttar Pradesh,BALRAMPUR,2010,Rabi,Peas & beans (Pulses),1180,1375,1.165254237
Uttar Pradesh,BALRAMPUR,2010,Rabi,Potato,1601,39056,24.39475328
Uttar Pradesh,BALRAMPUR,2010,Rabi,Rapeseed &Mustard,17642,14537,0.823999547
Uttar Pradesh,BALRAMPUR,2010,Rabi,Wheat,82877,235286,2.838978245
Uttar Pradesh,BALRAMPUR,2010,Summer,Maize,253,371,1.466403162
Uttar Pradesh,BALRAMPUR,2010,Summer,Urad,32,20,0.625
Uttar Pradesh,BALRAMPUR,2011,Kharif,Arhar/Tur,7688,3022,0.393080125
Uttar Pradesh,BALRAMPUR,2011,Kharif,Dry chillies,22,19,0.863636364
Uttar Pradesh,BALRAMPUR,2011,Kharif,Groundnut,25,25,1
Uttar Pradesh,BALRAMPUR,2011,Kharif,Guar seed,27,22,0.814814815
Uttar Pradesh,BALRAMPUR,2011,Kharif,Jowar,3,3,1
Uttar Pradesh,BALRAMPUR,2011,Kharif,Maize,6392,6724,1.051939925
Uttar Pradesh,BALRAMPUR,2011,Kharif,Moong(Green Gram),3,1,0.333333333
Uttar Pradesh,BALRAMPUR,2011,Kharif,Rice,107106,235098,2.195003081
Uttar Pradesh,BALRAMPUR,2011,Kharif,Sesamum,34,7,0.205882353
Uttar Pradesh,BALRAMPUR,2011,Kharif,Small millets,32,30,0.9375
Uttar Pradesh,BALRAMPUR,2011,Kharif,Sugarcane,52623,2669460,50.72800867
Uttar Pradesh,BALRAMPUR,2011,Kharif,Sweet potato,10,130,13
Uttar Pradesh,BALRAMPUR,2011,Kharif,Urad,1538,1029,0.669050715
Uttar Pradesh,BALRAMPUR,2011,Rabi,Barley,137,368,2.686131387
Uttar Pradesh,BALRAMPUR,2011,Rabi,Coriander,55,30,0.545454545
Uttar Pradesh,BALRAMPUR,2011,Rabi,Garlic,43,222,5.162790698
Uttar Pradesh,BALRAMPUR,2011,Rabi,Gram,449,530,1.180400891
Uttar Pradesh,BALRAMPUR,2011,Rabi,Linseed,14,6,0.428571429
Uttar Pradesh,BALRAMPUR,2011,Rabi,Maize,65,145,2.230769231
Uttar Pradesh,BALRAMPUR,2011,Rabi,Masoor,25448,19824,0.779000314
Uttar Pradesh,BALRAMPUR,2011,Rabi,Onion,56,1281,22.875
Uttar Pradesh,BALRAMPUR,2011,Rabi,Peas & beans (Pulses),1565,2241,1.431948882
Uttar Pradesh,BALRAMPUR,2011,Rabi,Potato,1647,36367,22.08075288
Uttar Pradesh,BALRAMPUR,2011,Rabi,Rapeseed &Mustard,18237,13441,0.73701815
Uttar Pradesh,BALRAMPUR,2011,Rabi,Wheat,83270,239980,2.881950282
Uttar Pradesh,BALRAMPUR,2011,Summer,Maize,249,412,1.654618474
Uttar Pradesh,BALRAMPUR,2011,Summer,Onion,126,1155,9.166666667
Uttar Pradesh,BALRAMPUR,2011,Summer,Urad,7,4,0.571428571
Uttar Pradesh,BALRAMPUR,2012,Kharif,Arhar/Tur,8023,4491,0.559765674
Uttar Pradesh,BALRAMPUR,2012,Kharif,Dry chillies,11,9,0.818181818
Uttar Pradesh,BALRAMPUR,2012,Kharif,Groundnut,28,28,1
Uttar Pradesh,BALRAMPUR,2012,Kharif,Guar seed,25,20,0.8
Uttar Pradesh,BALRAMPUR,2012,Kharif,Jowar,4,5,1.25
Uttar Pradesh,BALRAMPUR,2012,Kharif,Maize,7388,8747,1.183946941
Uttar Pradesh,BALRAMPUR,2012,Kharif,Rice,106533,247370,2.322003511
Uttar Pradesh,BALRAMPUR,2012,Kharif,Sesamum,19,4,0.210526316
Uttar Pradesh,BALRAMPUR,2012,Kharif,Small millets,31,32,1.032258065
Uttar Pradesh,BALRAMPUR,2012,Kharif,Sugarcane,52493,2647747,50.44000152
Uttar Pradesh,BALRAMPUR,2012,Kharif,Urad,1494,990,0.662650602
Uttar Pradesh,BALRAMPUR,2012,Rabi,Barley,119,317,2.663865546
Uttar Pradesh,BALRAMPUR,2012,Rabi,Coriander,43,23,0.534883721
Uttar Pradesh,BALRAMPUR,2012,Rabi,Garlic,46,239,5.195652174
Uttar Pradesh,BALRAMPUR,2012,Rabi,Gram,411,455,1.107055961
Uttar Pradesh,BALRAMPUR,2012,Rabi,Linseed,16,7,0.4375
Uttar Pradesh,BALRAMPUR,2012,Rabi,Masoor,24703,20133,0.815002226
Uttar Pradesh,BALRAMPUR,2012,Rabi,Onion,53,1219,23
Uttar Pradesh,BALRAMPUR,2012,Rabi,Peas & beans (Pulses),1776,2653,1.493806306
Uttar Pradesh,BALRAMPUR,2012,Rabi,Potato,1634,39791,24.35189718
Uttar Pradesh,BALRAMPUR,2012,Rabi,Rapeseed &Mustard,18861,15409,0.81697683
Uttar Pradesh,BALRAMPUR,2012,Rabi,Wheat,87826,238448,2.715004668
Uttar Pradesh,BALRAMPUR,2012,Summer,Maize,270,499,1.848148148
Uttar Pradesh,BALRAMPUR,2012,Summer,Onion,132,1544,11.6969697
Uttar Pradesh,BALRAMPUR,2012,Summer,Urad,33,23,0.696969697
Uttar Pradesh,BALRAMPUR,2013,Kharif,Arhar/Tur,8111,4341,0.535199112
Uttar Pradesh,BALRAMPUR,2013,Kharif,Guar seed,26,21,0.807692308
Uttar Pradesh,BALRAMPUR,2013,Kharif,Maize,2160,2650,1.226851852
Uttar Pradesh,BALRAMPUR,2013,Kharif,Rice,105387,232800,2.20900111
Uttar Pradesh,BALRAMPUR,2013,Kharif,Sesamum,33,5,0.151515152
Uttar Pradesh,BALRAMPUR,2013,Kharif,Small millets,33,24,0.727272727
Uttar Pradesh,BALRAMPUR,2013,Kharif,Sugarcane,44097,2129180,48.28401025
Uttar Pradesh,BALRAMPUR,2013,Kharif,Urad,1510,674,0.446357616
Uttar Pradesh,BALRAMPUR,2013,Rabi,Barley,105,301,2.866666667
Uttar Pradesh,BALRAMPUR,2013,Rabi,Coriander,17,9,0.529411765
Uttar Pradesh,BALRAMPUR,2013,Rabi,Garlic,41,240,5.853658537
Uttar Pradesh,BALRAMPUR,2013,Rabi,Gram,483,206,0.426501035
Uttar Pradesh,BALRAMPUR,2013,Rabi,Linseed,12,5,0.416666667
Uttar Pradesh,BALRAMPUR,2013,Rabi,Maize,33,117,3.545454545
Uttar Pradesh,BALRAMPUR,2013,Rabi,Masoor,27749,25141,0.906014631
Uttar Pradesh,BALRAMPUR,2013,Rabi,Onion,87,1769,20.33333333
Uttar Pradesh,BALRAMPUR,2013,Rabi,Peas & beans (Pulses),1897,1882,0.992092778
Uttar Pradesh,BALRAMPUR,2013,Rabi,Potato,1770,37462,21.16497175
Uttar Pradesh,BALRAMPUR,2013,Rabi,Rapeseed &Mustard,17396,15135,0.870027593
Uttar Pradesh,BALRAMPUR,2013,Rabi,Wheat,85817,236801,2.759371686
Uttar Pradesh,BALRAMPUR,2013,Summer,Maize,127,233,1.834645669
Uttar Pradesh,BALRAMPUR,2013,Summer,Onion,90,1211,13.45555556
Uttar Pradesh,BALRAMPUR,2013,Summer,Sunflower,31,50,1.612903226
Uttar Pradesh,BALRAMPUR,2014,Kharif,Arhar/Tur,9377,5499,0.586434894
Uttar Pradesh,BALRAMPUR,2014,Kharif,Dry chillies,7,6,0.857142857
Uttar Pradesh,BALRAMPUR,2014,Kharif,Groundnut,8,7,0.875
Uttar Pradesh,BALRAMPUR,2014,Kharif,Guar seed,27,22,0.814814815
Uttar Pradesh,BALRAMPUR,2014,Kharif,Jowar,4,4,1
Uttar Pradesh,BALRAMPUR,2014,Kharif,Maize,7772,9241,1.189011837
Uttar Pradesh,BALRAMPUR,2014,Kharif,Rice,108030,198235,1.834999537
Uttar Pradesh,BALRAMPUR,2014,Kharif,Sesamum,17,3,0.176470588
Uttar Pradesh,BALRAMPUR,2014,Kharif,Small millets,32,24,0.75
Uttar Pradesh,BALRAMPUR,2014,Kharif,Sugarcane,43539,2227978,51.17200671
Uttar Pradesh,BALRAMPUR,2014,Kharif,Urad,1440,772,0.536111111
Uttar Pradesh,BALRAMPUR,2014,Rabi,Barley,38,65,1.710526316
Uttar Pradesh,BALRAMPUR,2014,Rabi,Coriander,44,21,0.477272727
Uttar Pradesh,BALRAMPUR,2014,Rabi,Garlic,25,145,5.8
Uttar Pradesh,BALRAMPUR,2014,Rabi,Gram,477,143,0.299790356
Uttar Pradesh,BALRAMPUR,2014,Rabi,Linseed,16,9,0.5625
Uttar Pradesh,BALRAMPUR,2014,Rabi,Maize,428,1024,2.392523364
Uttar Pradesh,BALRAMPUR,2014,Rabi,Masoor,25301,22088,0.873008972
Uttar Pradesh,BALRAMPUR,2014,Rabi,Onion,64,979,15.296875
Uttar Pradesh,BALRAMPUR,2014,Rabi,Peas & beans (Pulses),1756,1325,0.754555809
Uttar Pradesh,BALRAMPUR,2014,Rabi,Potato,1789,40358,22.55897149
Uttar Pradesh,BALRAMPUR,2014,Rabi,Rapeseed &Mustard,18087,12788,0.707027147
Uttar Pradesh,BALRAMPUR,2014,Rabi,Wheat,90246,189697,2.101998981
Uttar Pradesh,BALRAMPUR,2014,Summer,Maize,266,473,1.778195489
Uttar Pradesh,BALRAMPUR,2014,Summer,Onion,126,2389,18.96031746
Uttar Pradesh,BALRAMPUR,2014,Summer,Sunflower,19,33,1.736842105
Uttar Pradesh,BALRAMPUR,2014,Summer,Urad,23,13,0.565217391
Uttar Pradesh,BANDA,1997,Kharif,Arhar/Tur,15263,25099,1.644434253
Uttar Pradesh,BANDA,1997,Kharif,Bajra,2940,2300,0.782312925
Uttar Pradesh,BANDA,1997,Kharif,Groundnut,1244,858,0.689710611
Uttar Pradesh,BANDA,1997,Kharif,Jowar,42138,18558,0.440410081
Uttar Pradesh,BANDA,1997,Kharif,Maize,9,14,1.555555556
Uttar Pradesh,BANDA,1997,Kharif,Moong(Green Gram),1288,358,0.277950311
Uttar Pradesh,BANDA,1997,Kharif,Oilseeds total,12469,6335,0.508059989
Uttar Pradesh,BANDA,1997,Kharif,Onion,131,1349,10.29770992
Uttar Pradesh,BANDA,1997,Kharif,Rice,59411,71202,1.198464931
Uttar Pradesh,BANDA,1997,Kharif,Sesamum,1443,194,0.134442134
Uttar Pradesh,BANDA,1997,Kharif,Small millets,336,227,0.675595238
Uttar Pradesh,BANDA,1997,Kharif,Soyabean,2338,1887,0.807100086
Uttar Pradesh,BANDA,1997,Kharif,Total foodgrain,408759,398691,0.97536935
Uttar Pradesh,BANDA,1997,Kharif,Urad,4109,416,0.101241178
Uttar Pradesh,BANDA,1997,Rabi,Barley,2473,4431,1.79175091
Uttar Pradesh,BANDA,1997,Rabi,Gram,100696,67703,0.672350441
Uttar Pradesh,BANDA,1997,Rabi,Linseed,4991,2383,0.477459427
Uttar Pradesh,BANDA,1997,Rabi,Masoor,36613,25336,0.691994647
Uttar Pradesh,BANDA,1997,Rabi,Peas & beans (Pulses),722,859,1.189750693
Uttar Pradesh,BANDA,1997,Rabi,Rapeseed &Mustard,2450,1009,0.411836735
Uttar Pradesh,BANDA,1997,Rabi,Sunflower,3,4,1.333333333
Uttar Pradesh,BANDA,1997,Rabi,Wheat,142754,182185,1.276216428
Uttar Pradesh,BANDA,1997,Summer,Moong(Green Gram),7,3,0.428571429
Uttar Pradesh,BANDA,1997,Whole Year,Potato,110,1614,14.67272727
Uttar Pradesh,BANDA,1997,Whole Year,Sugarcane,744,15600,20.96774194
Uttar Pradesh,BANDA,1998,Kharif,Arhar/Tur,13807,28261,2.046860288
Uttar Pradesh,BANDA,1998,Kharif,Bajra,3356,1850,0.55125149
Uttar Pradesh,BANDA,1998,Kharif,Groundnut,1166,564,0.483704974
Uttar Pradesh,BANDA,1998,Kharif,Jowar,37190,28060,0.754503899
Uttar Pradesh,BANDA,1998,Kharif,Maize,5,5,1
Uttar Pradesh,BANDA,1998,Kharif,Moong(Green Gram),1370,350,0.255474453
Uttar Pradesh,BANDA,1998,Kharif,Rice,61300,91229,1.488238173
Uttar Pradesh,BANDA,1998,Kharif,Sesamum,1156,93,0.080449827
Uttar Pradesh,BANDA,1998,Kharif,Small millets,308,175,0.568181818
Uttar Pradesh,BANDA,1998,Kharif,Soyabean,1677,733,0.437090042
Uttar Pradesh,BANDA,1998,Kharif,Urad,3107,979,0.315094947
Uttar Pradesh,BANDA,1998,Rabi,Barley,2338,4688,2.005132592
Uttar Pradesh,BANDA,1998,Rabi,Castor seed,4,3,0.75
Uttar Pradesh,BANDA,1998,Rabi,Gram,102110,89910,0.880521007
Uttar Pradesh,BANDA,1998,Rabi,Linseed,4695,2621,0.558253461
Uttar Pradesh,BANDA,1998,Rabi,Masoor,39800,33711,0.84701005
Uttar Pradesh,BANDA,1998,Rabi,Peas & beans (Pulses),1389,1455,1.047516199
Uttar Pradesh,BANDA,1998,Rabi,Rapeseed &Mustard,2274,1232,0.541776605
Uttar Pradesh,BANDA,1998,Rabi,Sunflower,8,10,1.25
Uttar Pradesh,BANDA,1998,Rabi,Wheat,146137,232006,1.587592465
Uttar Pradesh,BANDA,1998,Summer,Moong(Green Gram),5,3,0.6
Uttar Pradesh,BANDA,1998,Whole Year,Onion,168,2040,12.14285714
Uttar Pradesh,BANDA,1998,Whole Year,Potato,132,3012,22.81818182
Uttar Pradesh,BANDA,1998,Whole Year,Sannhamp,707,257,0.363507779
Uttar Pradesh,BANDA,1998,Whole Year,Sugarcane,691,28917,41.84804631
Uttar Pradesh,BANDA,1998,Whole Year,Tobacco,5,30,6
Uttar Pradesh,BANDA,1999,Kharif,Arhar/Tur,14822,31556,2.128997436
Uttar Pradesh,BANDA,1999,Kharif,Bajra,2991,1294,0.432631227
Uttar Pradesh,BANDA,1999,Kharif,Castor seed,7,4,0.571428571
Uttar Pradesh,BANDA,1999,Kharif,Groundnut,1026,638,0.621832359
Uttar Pradesh,BANDA,1999,Kharif,Jowar,40988,35121,0.856860545
Uttar Pradesh,BANDA,1999,Kharif,Maize,3,2,0.666666667
Uttar Pradesh,BANDA,1999,Kharif,Moong(Green Gram),1449,354,0.244306418
Uttar Pradesh,BANDA,1999,Kharif,Rice,64840,86354,1.331801357
Uttar Pradesh,BANDA,1999,Kharif,Small millets,307,163,0.530944625
Uttar Pradesh,BANDA,1999,Kharif,Soyabean,944,741,0.784957627
Uttar Pradesh,BANDA,1999,Kharif,Sunflower,11,14,1.272727273
Uttar Pradesh,BANDA,1999,Kharif,Urad,4162,1354,0.325324363
Uttar Pradesh,BANDA,1999,Rabi,Barley,2050,3434,1.675121951
Uttar Pradesh,BANDA,1999,Rabi,Gram,98703,75013,0.759987032
Uttar Pradesh,BANDA,1999,Rabi,Linseed,4481,2285,0.509930819
Uttar Pradesh,BANDA,1999,Rabi,Rapeseed &Mustard,2203,978,0.443940082
Uttar Pradesh,BANDA,1999,Rabi,Wheat,144563,224284,1.551461992
Uttar Pradesh,BANDA,1999,Summer,Moong(Green Gram),3,2,0.666666667
Uttar Pradesh,BANDA,1999,Whole Year,Onion,365,5145,14.09589041
Uttar Pradesh,BANDA,1999,Whole Year,Peas & beans (Pulses),1848,2262,1.224025974
Uttar Pradesh,BANDA,1999,Whole Year,Potato,165,3718,22.53333333
Uttar Pradesh,BANDA,1999,Whole Year,Sugarcane,688,22524,32.73837209
Uttar Pradesh,BANDA,1999,Whole Year,Tobacco,1,5,5
Uttar Pradesh,BANDA,2000,Kharif,Arhar/Tur,14323,24534,1.712909307
Uttar Pradesh,BANDA,2000,Kharif,Bajra,2790,2352,0.843010753
Uttar Pradesh,BANDA,2000,Kharif,Castor seed,3,2,0.666666667
Uttar Pradesh,BANDA,2000,Kharif,Cotton(lint),4,6,1.5
Uttar Pradesh,BANDA,2000,Kharif,Groundnut,1036,641,0.618725869
Uttar Pradesh,BANDA,2000,Kharif,Jowar,39664,33663,0.848704115
Uttar Pradesh,BANDA,2000,Kharif,Maize,9,7,0.777777778
Uttar Pradesh,BANDA,2000,Kharif,Moong(Green Gram),1616,555,0.343440594
Uttar Pradesh,BANDA,2000,Kharif,Rice,65618,66153,1.008153251
Uttar Pradesh,BANDA,2000,Kharif,Sesamum,1393,169,0.12132089
Uttar Pradesh,BANDA,2000,Kharif,Small millets,179,108,0.603351955
Uttar Pradesh,BANDA,2000,Kharif,Soyabean,462,274,0.593073593
Uttar Pradesh,BANDA,2000,Kharif,Urad,4725,1592,0.336931217
Uttar Pradesh,BANDA,2000,Rabi,Barley,1837,1271,0.691888949
Uttar Pradesh,BANDA,2000,Rabi,Gram,98046,76208,0.777267813
Uttar Pradesh,BANDA,2000,Rabi,Linseed,3680,1638,0.445108696
Uttar Pradesh,BANDA,2000,Rabi,Masoor,49894,16216,0.325009019
Uttar Pradesh,BANDA,2000,Rabi,Moong(Green Gram),2,1,0.5
Uttar Pradesh,BANDA,2000,Rabi,Peas & beans (Pulses),965,583,0.604145078
Uttar Pradesh,BANDA,2000,Rabi,Rapeseed &Mustard,1775,826,0.465352113
Uttar Pradesh,BANDA,2000,Rabi,Wheat,132364,182959,1.382241395
Uttar Pradesh,BANDA,2000,Whole Year,Potato,97,2067,21.30927835
Uttar Pradesh,BANDA,2000,Whole Year,Sugarcane,694,25300,36.45533141
Uttar Pradesh,BANDA,2001,Kharif,Arhar/Tur,12416,13438,1.082313144
Uttar Pradesh,BANDA,2001,Kharif,Bajra,3796,2749,0.724183351
Uttar Pradesh,BANDA,2001,Kharif,Groundnut,659,496,0.752655539
Uttar Pradesh,BANDA,2001,Kharif,Jowar,33365,24314,0.728727709
Uttar Pradesh,BANDA,2001,Kharif,Maize,6,6,1
Uttar Pradesh,BANDA,2001,Kharif,Moong(Green Gram),1516,491,0.323878628
Uttar Pradesh,BANDA,2001,Kharif,Rice,66005,92333,1.398878873
Uttar Pradesh,BANDA,2001,Kharif,Sesamum,919,79,0.085963003
Uttar Pradesh,BANDA,2001,Kharif,Small millets,151,82,0.543046358
Uttar Pradesh,BANDA,2001,Kharif,Soyabean,143,103,0.72027972
Uttar Pradesh,BANDA,2001,Kharif,Urad,3934,1247,0.316980173
Uttar Pradesh,BANDA,2001,Rabi,Barley,1717,1586,0.923704135
Uttar Pradesh,BANDA,2001,Rabi,Gram,111572,86428,0.774638798
Uttar Pradesh,BANDA,2001,Rabi,Linseed,3026,1186,0.39193655
Uttar Pradesh,BANDA,2001,Rabi,Masoor,39964,30652,0.766990291
Uttar Pradesh,BANDA,2001,Rabi,Moong(Green Gram),1,1,1
Uttar Pradesh,BANDA,2001,Rabi,Peas & beans (Pulses),960,1022,1.064583333
Uttar Pradesh,BANDA,2001,Rabi,Rapeseed &Mustard,1792,922,0.514508929
Uttar Pradesh,BANDA,2001,Rabi,Wheat,134889,247694,1.836280201
Uttar Pradesh,BANDA,2001,Whole Year,Potato,106,2614,24.66037736
Uttar Pradesh,BANDA,2001,Whole Year,Sugarcane,608,31417,51.67269737
Uttar Pradesh,BANDA,2001,Whole Year,Tobacco,1,6,6
Uttar Pradesh,BANDA,2002,Kharif,Bajra,2679,918,0.342665174
Uttar Pradesh,BANDA,2002,Kharif,Groundnut,517,227,0.439071567
Uttar Pradesh,BANDA,2002,Kharif,Jowar,31432,20380,0.648383813
Uttar Pradesh,BANDA,2002,Kharif,Maize,2,1,0.5
Uttar Pradesh,BANDA,2002,Kharif,Moong(Green Gram),1107,264,0.238482385
Uttar Pradesh,BANDA,2002,Kharif,Rice,58582,47473,0.810368373
Uttar Pradesh,BANDA,2002,Kharif,Sesamum,584,79,0.135273973
Uttar Pradesh,BANDA,2002,Kharif,Small millets,95,57,0.6
Uttar Pradesh,BANDA,2002,Kharif,Soyabean,62,10,0.161290323
Uttar Pradesh,BANDA,2002,Kharif,Urad,3443,1064,0.30903282
Uttar Pradesh,BANDA,2002,Rabi,Barley,1712,1480,0.864485981
Uttar Pradesh,BANDA,2002,Rabi,Gram,114698,90961,0.79304783
Uttar Pradesh,BANDA,2002,Rabi,Linseed,2752,906,0.329215116
Uttar Pradesh,BANDA,2002,Rabi,Masoor,38026,28976,0.762004944
Uttar Pradesh,BANDA,2002,Rabi,Onion,186,1920,10.32258065
Uttar Pradesh,BANDA,2002,Rabi,Peas & beans (Pulses),1179,1053,0.893129771
Uttar Pradesh,BANDA,2002,Rabi,Rapeseed &Mustard,1770,836,0.472316384
Uttar Pradesh,BANDA,2002,Rabi,Wheat,137314,203978,1.485485821
Uttar Pradesh,BANDA,2002,Summer,Moong(Green Gram),1,1,1
Uttar Pradesh,BANDA,2002,Summer,Onion,21,235,11.19047619
Uttar Pradesh,BANDA,2002,Summer,Urad,1,1,1
Uttar Pradesh,BANDA,2002,Whole Year,Potato,147,3410,23.19727891
Uttar Pradesh,BANDA,2002,Whole Year,Sannhamp,531,167,0.314500942
Uttar Pradesh,BANDA,2002,Whole Year,Sugarcane,590,29827,50.55423729
Uttar Pradesh,BANDA,2002,Whole Year,Tobacco,2,12,6
Uttar Pradesh,BANDA,2003,Kharif,Arhar/Tur,12332,23895,1.937641907
Uttar Pradesh,BANDA,2003,Kharif,Bajra,2786,2031,0.729002154
Uttar Pradesh,BANDA,2003,Kharif,Groundnut,645,223,0.345736434
Uttar Pradesh,BANDA,2003,Kharif,Jowar,34131,33487,0.981131523
Uttar Pradesh,BANDA,2003,Kharif,Maize,4,5,1.25
Uttar Pradesh,BANDA,2003,Kharif,Moong(Green Gram),1904,597,0.31355042
Uttar Pradesh,BANDA,2003,Kharif,Moth,1,1,1
Uttar Pradesh,BANDA,2003,Kharif,Rice,60840,71378,1.173208416
Uttar Pradesh,BANDA,2003,Kharif,Sesamum,1076,88,0.081784387
Uttar Pradesh,BANDA,2003,Kharif,Soyabean,45,48,1.066666667
Uttar Pradesh,BANDA,2003,Kharif,Sunflower,19,32,1.684210526
Uttar Pradesh,BANDA,2003,Kharif,Urad,5644,2297,0.406980865
Uttar Pradesh,BANDA,2003,Rabi,Barley,1267,1392,1.098658248
Uttar Pradesh,BANDA,2003,Rabi,Gram,112266,109335,0.973892363
Uttar Pradesh,BANDA,2003,Rabi,Linseed,2413,1109,0.459593867
Uttar Pradesh,BANDA,2003,Rabi,Masoor,39608,37152,0.937992325
Uttar Pradesh,BANDA,2003,Rabi,Onion,199,2856,14.35175879
Uttar Pradesh,BANDA,2003,Rabi,Peas & beans (Pulses),1825,1916,1.049863014
Uttar Pradesh,BANDA,2003,Rabi,Ragi,1,1,1
Uttar Pradesh,BANDA,2003,Rabi,Rapeseed &Mustard,1670,1020,0.610778443
Uttar Pradesh,BANDA,2003,Rabi,Wheat,137249,247951,1.806577826
Uttar Pradesh,BANDA,2003,Summer,Onion,13,128,9.846153846
Uttar Pradesh,BANDA,2003,Whole Year,Potato,164,3430,20.91463415
Uttar Pradesh,BANDA,2003,Whole Year,Sannhamp,615,185,0.300813008
Uttar Pradesh,BANDA,2003,Whole Year,Sugarcane,681,28726,42.18208517
Uttar Pradesh,BANDA,2003,Whole Year,Tobacco,2,15,7.5
Uttar Pradesh,BANDA,2004,Kharif,Bajra,2621,2878,1.098054178
Uttar Pradesh,BANDA,2004,Kharif,Groundnut,784,364,0.464285714
Uttar Pradesh,BANDA,2004,Kharif,Jowar,27139,24553,0.904712775
Uttar Pradesh,BANDA,2004,Kharif,Maize,7,11,1.571428571
Uttar Pradesh,BANDA,2004,Kharif,Rice,64353,75917,1.179696362
Uttar Pradesh,BANDA,2004,Kharif,Sannhamp,468,130,0.277777778
Uttar Pradesh,BANDA,2004,Kharif,Sesamum,1463,143,0.097744361
Uttar Pradesh,BANDA,2004,Kharif,Small millets,117,43,0.367521368
Uttar Pradesh,BANDA,2004,Kharif,Soyabean,138,57,0.413043478
Uttar Pradesh,BANDA,2004,Kharif,Sugarcane,722,27931,38.68559557
Uttar Pradesh,BANDA,2004,Rabi,Barley,1241,1984,1.598710717
Uttar Pradesh,BANDA,2004,Rabi,Gram,105737,87255,0.825207827
Uttar Pradesh,BANDA,2004,Rabi,Linseed,2843,1226,0.431234611
Uttar Pradesh,BANDA,2004,Rabi,Potato,132,2954,22.37878788
Uttar Pradesh,BANDA,2004,Rabi,Rapeseed &Mustard,1819,709,0.389774601
Uttar Pradesh,BANDA,2004,Rabi,Wheat,135698,210958,1.554613922
Uttar Pradesh,BANDA,2004,Whole Year,Dry chillies,6,6,1
Uttar Pradesh,BANDA,2004,Whole Year,Guar seed,28,24,0.857142857
Uttar Pradesh,BANDA,2004,Whole Year,Onion,197,2047,10.39086294
Uttar Pradesh,BANDA,2004,Whole Year,Sweet potato,27,314,11.62962963
Uttar Pradesh,BANDA,2004,Whole Year,Tobacco,1,4,4
Uttar Pradesh,BANDA,2005,Kharif,Bajra,1483,1551,1.045853001
Uttar Pradesh,BANDA,2005,Kharif,Jowar,24543,23646,0.963451901
Uttar Pradesh,BANDA,2005,Kharif,Maize,1,1,1
Uttar Pradesh,BANDA,2005,Kharif,Rice,14460,11929,0.824965422
Uttar Pradesh,BANDA,2005,Kharif,Sannhamp,543,188,0.346224678
Uttar Pradesh,BANDA,2005,Kharif,Sesamum,1061,125,0.117813384
Uttar Pradesh,BANDA,2005,Kharif,Small millets,69,39,0.565217391
Uttar Pradesh,BANDA,2005,Kharif,Soyabean,29,23,0.793103448
Uttar Pradesh,BANDA,2005,Kharif,Sugarcane,624,19638,31.47115385
Uttar Pradesh,BANDA,2005,Rabi,Barley,1588,1585,0.998110831
Uttar Pradesh,BANDA,2005,Rabi,Gram,115623,87119,0.753474655
Uttar Pradesh,BANDA,2005,Rabi,Linseed,2281,1015,0.444980272
Uttar Pradesh,BANDA,2005,Rabi,Potato,304,6819,22.43092105
Uttar Pradesh,BANDA,2005,Rabi,Rapeseed &Mustard,1684,823,0.48871734
Uttar Pradesh,BANDA,2005,Rabi,Wheat,130729,183347,1.402496768
Uttar Pradesh,BANDA,2005,Whole Year,Coriander,14,8,0.571428571
Uttar Pradesh,BANDA,2005,Whole Year,Dry chillies,9,8,0.888888889
Uttar Pradesh,BANDA,2005,Whole Year,Garlic,1,5,5
Uttar Pradesh,BANDA,2005,Whole Year,Guar seed,27,22,0.814814815
Uttar Pradesh,BANDA,2005,Whole Year,Onion,264,3372,12.77272727
Uttar Pradesh,BANDA,2005,Whole Year,Sweet potato,31,406,13.09677419
Uttar Pradesh,BANDA,2005,Whole Year,Tobacco,3,17,5.666666667
Uttar Pradesh,BANDA,2006,Kharif,Arhar/Tur,19129,15245,0.796957499
Uttar Pradesh,BANDA,2006,Kharif,Bajra,2005,1640,0.817955112
Uttar Pradesh,BANDA,2006,Kharif,Groundnut,808,391,0.483910891
Uttar Pradesh,BANDA,2006,Kharif,Jowar,26677,19708,0.738763729
Uttar Pradesh,BANDA,2006,Kharif,Maize,20,26,1.3
Uttar Pradesh,BANDA,2006,Kharif,Other Kharif pulses,6817,1716,0.251723632
Uttar Pradesh,BANDA,2006,Kharif,Rice,57838,51129,0.884003596
Uttar Pradesh,BANDA,2006,Kharif,Sannhamp,409,114,0.278728606
Uttar Pradesh,BANDA,2006,Kharif,Sesamum,1298,209,0.161016949
Uttar Pradesh,BANDA,2006,Kharif,Small millets,161,99,0.614906832
Uttar Pradesh,BANDA,2006,Kharif,Soyabean,170,166,0.976470588
Uttar Pradesh,BANDA,2006,Kharif,Sugarcane,844,36008,42.66350711
Uttar Pradesh,BANDA,2006,Kharif,Sweet potato,9,123,13.66666667
Uttar Pradesh,BANDA,2006,Rabi,Barley,1222,1065,0.871522095
Uttar Pradesh,BANDA,2006,Rabi,Gram,104656,59741,0.570832059
Uttar Pradesh,BANDA,2006,Rabi,Linseed,2165,681,0.314549654
Uttar Pradesh,BANDA,2006,Rabi,Masoor,47250,22822,0.483005291
Uttar Pradesh,BANDA,2006,Rabi,Onion,109,2091,19.18348624
Uttar Pradesh,BANDA,2006,Rabi,Other  Rabi pulses,1807,925,0.511898174
Uttar Pradesh,BANDA,2006,Rabi,Potato,140,3057,21.83571429
Uttar Pradesh,BANDA,2006,Rabi,Rapeseed &Mustard,1835,661,0.360217984
Uttar Pradesh,BANDA,2006,Rabi,Tobacco,1,5,5
Uttar Pradesh,BANDA,2006,Rabi,Wheat,127107,186396,1.466449527
Uttar Pradesh,BANDA,2006,Summer,Onion,44,512,11.63636364
Uttar Pradesh,BANDA,2006,Whole Year,Coriander,21,11,0.523809524
Uttar Pradesh,BANDA,2006,Whole Year,Dry chillies,12,11,0.916666667
Uttar Pradesh,BANDA,2006,Whole Year,Guar seed,14,12,0.857142857
Uttar Pradesh,BANDA,2007,Kharif,Arhar/Tur,21444,14655,0.683407946
Uttar Pradesh,BANDA,2007,Kharif,Bajra,3909,2260,0.57815298
Uttar Pradesh,BANDA,2007,Kharif,Dry chillies,5,5,1
Uttar Pradesh,BANDA,2007,Kharif,Groundnut,708,263,0.371468927
Uttar Pradesh,BANDA,2007,Kharif,Guar seed,26,22,0.846153846
Uttar Pradesh,BANDA,2007,Kharif,Jowar,22793,12798,0.561488176
Uttar Pradesh,BANDA,2007,Kharif,Maize,17,24,1.411764706
Uttar Pradesh,BANDA,2007,Kharif,Moong(Green Gram),1546,240,0.155239327
Uttar Pradesh,BANDA,2007,Kharif,Rice,28577,17975,0.629002345
Uttar Pradesh,BANDA,2007,Kharif,Sannhamp,403,78,0.193548387
Uttar Pradesh,BANDA,2007,Kharif,Sesamum,1963,457,0.232806928
Uttar Pradesh,BANDA,2007,Kharif,Small millets,71,42,0.591549296
Uttar Pradesh,BANDA,2007,Kharif,Soyabean,199,133,0.668341709
Uttar Pradesh,BANDA,2007,Kharif,Sugarcane,935,24706,26.42352941
Uttar Pradesh,BANDA,2007,Kharif,Sweet potato,59,795,13.47457627
Uttar Pradesh,BANDA,2007,Kharif,Urad,3472,729,0.209965438
Uttar Pradesh,BANDA,2007,Rabi,Barley,649,309,0.476117103
Uttar Pradesh,BANDA,2007,Rabi,Coriander,16,9,0.5625
Uttar Pradesh,BANDA,2007,Rabi,Gram,78516,42277,0.538450762
Uttar Pradesh,BANDA,2007,Rabi,Linseed,2216,342,0.15433213
Uttar Pradesh,BANDA,2007,Rabi,Masoor,41145,17034,0.413999271
Uttar Pradesh,BANDA,2007,Rabi,Onion,245,3423,13.97142857
Uttar Pradesh,BANDA,2007,Rabi,Other  Rabi pulses,1445,762,0.52733564
Uttar Pradesh,BANDA,2007,Rabi,Potato,230,5054,21.97391304
Uttar Pradesh,BANDA,2007,Rabi,Rapeseed &Mustard,1114,341,0.306104129
Uttar Pradesh,BANDA,2007,Rabi,Wheat,110480,147104,1.331498914
Uttar Pradesh,BANDA,2007,Summer,Moong(Green Gram),6,4,0.666666667
Uttar Pradesh,BANDA,2007,Summer,Onion,10,135,13.5
Uttar Pradesh,BANDA,2008,Kharif,Arhar/Tur,16489,15398,0.933834678
Uttar Pradesh,BANDA,2008,Kharif,Bajra,2583,2054,0.795199381
Uttar Pradesh,BANDA,2008,Kharif,Dry chillies,8,8,1
Uttar Pradesh,BANDA,2008,Kharif,Groundnut,62,26,0.419354839
Uttar Pradesh,BANDA,2008,Kharif,Guar seed,25,21,0.84
Uttar Pradesh,BANDA,2008,Kharif,Jowar,21991,10856,0.493656496
Uttar Pradesh,BANDA,2008,Kharif,Maize,2,3,1.5
Uttar Pradesh,BANDA,2008,Kharif,Moong(Green Gram),2205,483,0.219047619
Uttar Pradesh,BANDA,2008,Kharif,Rice,56371,80949,1.436004328
Uttar Pradesh,BANDA,2008,Kharif,Sannhamp,346,111,0.320809249
Uttar Pradesh,BANDA,2008,Kharif,Sesamum,2223,393,0.176788124
Uttar Pradesh,BANDA,2008,Kharif,Small millets,233,143,0.613733906
Uttar Pradesh,BANDA,2008,Kharif,Soyabean,76,66,0.868421053
Uttar Pradesh,BANDA,2008,Kharif,Sugarcane,715,29126,40.73566434
Uttar Pradesh,BANDA,2008,Kharif,Sweet potato,32,393,12.28125
Uttar Pradesh,BANDA,2008,Kharif,Urad,3969,774,0.195011338
Uttar Pradesh,BANDA,2008,Rabi,Barley,998,938,0.93987976
Uttar Pradesh,BANDA,2008,Rabi,Coriander,7,4,0.571428571
Uttar Pradesh,BANDA,2008,Rabi,Garlic,10,59,5.9
Uttar Pradesh,BANDA,2008,Rabi,Gram,92734,74149,0.799588069
Uttar Pradesh,BANDA,2008,Rabi,Linseed,2187,997,0.455875629
Uttar Pradesh,BANDA,2008,Rabi,Masoor,29069,21482,0.73900031
Uttar Pradesh,BANDA,2008,Rabi,Onion,155,1817,11.72258065
Uttar Pradesh,BANDA,2008,Rabi,Peas & beans (Pulses),2303,3234,1.404255319
Uttar Pradesh,BANDA,2008,Rabi,Potato,217,4448,20.49769585
Uttar Pradesh,BANDA,2008,Rabi,Rapeseed &Mustard,3461,2357,0.681017047
Uttar Pradesh,BANDA,2008,Rabi,Wheat,143002,258771,1.809562104
Uttar Pradesh,BANDA,2008,Summer,Moong(Green Gram),15,11,0.733333333
Uttar Pradesh,BANDA,2009,Kharif,Arhar/Tur,17022,8434,0.495476442
Uttar Pradesh,BANDA,2009,Kharif,Bajra,1640,1062,0.647560976
Uttar Pradesh,BANDA,2009,Kharif,Dry chillies,3,3,1
Uttar Pradesh,BANDA,2009,Kharif,Groundnut,838,128,0.15274463
Uttar Pradesh,BANDA,2009,Kharif,Guar seed,24,20,0.833333333
Uttar Pradesh,BANDA,2009,Kharif,Jowar,23850,16703,0.70033543
Uttar Pradesh,BANDA,2009,Kharif,Maize,4,6,1.5
Uttar Pradesh,BANDA,2009,Kharif,Moong(Green Gram),1797,160,0.089037284
Uttar Pradesh,BANDA,2009,Kharif,Rice,30889,32650,1.057010586
Uttar Pradesh,BANDA,2009,Kharif,Sannhamp,286,53,0.185314685
Uttar Pradesh,BANDA,2009,Kharif,Sesamum,6209,286,0.046062168
Uttar Pradesh,BANDA,2009,Kharif,Small millets,41,25,0.609756098
Uttar Pradesh,BANDA,2009,Kharif,Soyabean,105,111,1.057142857
Uttar Pradesh,BANDA,2009,Kharif,Sugarcane,783,31391,40.09067688
Uttar Pradesh,BANDA,2009,Kharif,Sweet potato,32,435,13.59375
Uttar Pradesh,BANDA,2009,Kharif,Urad,6323,1372,0.216985608
Uttar Pradesh,BANDA,2009,Rabi,Barley,798,817,1.023809524
Uttar Pradesh,BANDA,2009,Rabi,Coriander,15,8,0.533333333
Uttar Pradesh,BANDA,2009,Rabi,Garlic,11,58,5.272727273
Uttar Pradesh,BANDA,2009,Rabi,Gram,98876,54291,0.549081678
Uttar Pradesh,BANDA,2009,Rabi,Linseed,2379,1097,0.461118117
Uttar Pradesh,BANDA,2009,Rabi,Masoor,35221,16765,0.475994435
Uttar Pradesh,BANDA,2009,Rabi,Onion,297,5101,17.17508418
Uttar Pradesh,BANDA,2009,Rabi,Peas & beans (Pulses),1314,1188,0.904109589
Uttar Pradesh,BANDA,2009,Rabi,Potato,332,8256,24.86746988
Uttar Pradesh,BANDA,2009,Rabi,Rapeseed &Mustard,1836,1038,0.565359477
Uttar Pradesh,BANDA,2009,Rabi,Wheat,141321,236833,1.67585143
Uttar Pradesh,BANDA,2009,Summer,Moong(Green Gram),13,9,0.692307692
Uttar Pradesh,BANDA,2009,Summer,Onion,4,55,13.75
Uttar Pradesh,BANDA,2009,Summer,Sunflower,1,2,2
Uttar Pradesh,BANDA,2010,Kharif,Arhar/Tur,21178,17082,0.806591746
Uttar Pradesh,BANDA,2010,Kharif,Bajra,3206,2647,0.825639426
Uttar Pradesh,BANDA,2010,Kharif,Dry chillies,14,12,0.857142857
Uttar Pradesh,BANDA,2010,Kharif,Groundnut,443,482,1.088036117
Uttar Pradesh,BANDA,2010,Kharif,Guar seed,22,18,0.818181818
Uttar Pradesh,BANDA,2010,Kharif,Jowar,28557,27863,0.975697727
Uttar Pradesh,BANDA,2010,Kharif,Maize,41,60,1.463414634
Uttar Pradesh,BANDA,2010,Kharif,Moong(Green Gram),3904,1331,0.340932377
Uttar Pradesh,BANDA,2010,Kharif,Rice,47536,54761,1.151990071
Uttar Pradesh,BANDA,2010,Kharif,Sannhamp,423,138,0.326241135
Uttar Pradesh,BANDA,2010,Kharif,Sesamum,15170,2715,0.178971655
Uttar Pradesh,BANDA,2010,Kharif,Small millets,53,38,0.716981132
Uttar Pradesh,BANDA,2010,Kharif,Soyabean,86,106,1.23255814
Uttar Pradesh,BANDA,2010,Kharif,Sugarcane,257,12663,49.27237354
Uttar Pradesh,BANDA,2010,Kharif,Sweet potato,27,333,12.33333333
Uttar Pradesh,BANDA,2010,Kharif,Urad,6278,2116,0.337050016
Uttar Pradesh,BANDA,2010,Rabi,Barley,1208,2790,2.309602649
Uttar Pradesh,BANDA,2010,Rabi,Gram,79872,50422,0.631285056
Uttar Pradesh,BANDA,2010,Rabi,Linseed,2253,1032,0.458055925
Uttar Pradesh,BANDA,2010,Rabi,Masoor,36773,14525,0.39499089
Uttar Pradesh,BANDA,2010,Rabi,Onion,252,4639,18.40873016
Uttar Pradesh,BANDA,2010,Rabi,Peas & beans (Pulses),1727,1045,0.605095541
Uttar Pradesh,BANDA,2010,Rabi,Potato,238,5806,24.39495798
Uttar Pradesh,BANDA,2010,Rabi,Rapeseed &Mustard,1958,1107,0.565372829
Uttar Pradesh,BANDA,2010,Rabi,Wheat,145680,264359,1.814655409
Uttar Pradesh,BANDA,2010,Summer,Moong(Green Gram),109,97,0.889908257
Uttar Pradesh,BANDA,2010,Summer,Urad,3,2,0.666666667
Uttar Pradesh,BANDA,2011,Kharif,Arhar/Tur,19306,26706,1.383300528
Uttar Pradesh,BANDA,2011,Kharif,Bajra,3761,3450,0.917309226
Uttar Pradesh,BANDA,2011,Kharif,Dry chillies,10,8,0.8
Uttar Pradesh,BANDA,2011,Kharif,Groundnut,583,495,0.849056604
Uttar Pradesh,BANDA,2011,Kharif,Guar seed,20,16,0.8
Uttar Pradesh,BANDA,2011,Kharif,Jowar,25261,28505,1.128419302
Uttar Pradesh,BANDA,2011,Kharif,Maize,6,7,1.166666667
Uttar Pradesh,BANDA,2011,Kharif,Moong(Green Gram),2961,791,0.26713948
Uttar Pradesh,BANDA,2011,Kharif,Rice,55840,82587,1.478993553
Uttar Pradesh,BANDA,2011,Kharif,Sannhamp,279,77,0.275985663
Uttar Pradesh,BANDA,2011,Kharif,Sesamum,17355,1770,0.1019879
Uttar Pradesh,BANDA,2011,Kharif,Small millets,62,77,1.241935484
Uttar Pradesh,BANDA,2011,Kharif,Soyabean,146,183,1.253424658
Uttar Pradesh,BANDA,2011,Kharif,Sugarcane,394,18953,48.10406091
Uttar Pradesh,BANDA,2011,Kharif,Sweet potato,32,416,13
Uttar Pradesh,BANDA,2011,Kharif,Urad,4435,1224,0.275986471
Uttar Pradesh,BANDA,2011,Rabi,Barley,811,1767,2.178791615
Uttar Pradesh,BANDA,2011,Rabi,Coriander,46,25,0.543478261
Uttar Pradesh,BANDA,2011,Rabi,Garlic,3,16,5.333333333
Uttar Pradesh,BANDA,2011,Rabi,Gram,94819,105672,1.114460182
Uttar Pradesh,BANDA,2011,Rabi,Linseed,2256,966,0.428191489
Uttar Pradesh,BANDA,2011,Rabi,Masoor,35177,30885,0.877988458
Uttar Pradesh,BANDA,2011,Rabi,Onion,295,6748,22.87457627
Uttar Pradesh,BANDA,2011,Rabi,Peas & beans (Pulses),1432,1400,0.977653631
Uttar Pradesh,BANDA,2011,Rabi,Potato,348,7684,22.08045977
Uttar Pradesh,BANDA,2011,Rabi,Rapeseed &Mustard,2013,1015,0.504222553
Uttar Pradesh,BANDA,2011,Rabi,Wheat,151114,315099,2.085174107
Uttar Pradesh,BANDA,2011,Summer,Moong(Green Gram),22,19,0.863636364
Uttar Pradesh,BANDA,2011,Summer,Onion,16,173,10.8125
Uttar Pradesh,BANDA,2011,Summer,Urad,2,1,0.5
Uttar Pradesh,BANDA,2012,Kharif,Arhar/Tur,18795,20082,1.068475658
Uttar Pradesh,BANDA,2012,Kharif,Bajra,2679,3821,1.426278462
Uttar Pradesh,BANDA,2012,Kharif,Dry chillies,16,13,0.8125
Uttar Pradesh,BANDA,2012,Kharif,Groundnut,620,583,0.940322581
Uttar Pradesh,BANDA,2012,Kharif,Guar seed,62,51,0.822580645
Uttar Pradesh,BANDA,2012,Kharif,Jowar,24913,35736,1.434431823
Uttar Pradesh,BANDA,2012,Kharif,Maize,9,16,1.777777778
Uttar Pradesh,BANDA,2012,Kharif,Moong(Green Gram),3143,1285,0.408845052
Uttar Pradesh,BANDA,2012,Kharif,Rice,49833,87208,1.750005017
Uttar Pradesh,BANDA,2012,Kharif,Sannhamp,277,102,0.368231047
Uttar Pradesh,BANDA,2012,Kharif,Sesamum,17385,3286,0.189013517
Uttar Pradesh,BANDA,2012,Kharif,Small millets,39,36,0.923076923
Uttar Pradesh,BANDA,2012,Kharif,Soyabean,32,45,1.40625
Uttar Pradesh,BANDA,2012,Kharif,Sugarcane,481,17871,37.15384615
Uttar Pradesh,BANDA,2012,Kharif,Sweet potato,44,570,12.95454545
Uttar Pradesh,BANDA,2012,Kharif,Urad,4081,1836,0.449889733
Uttar Pradesh,BANDA,2012,Rabi,Barley,973,2629,2.701952724
Uttar Pradesh,BANDA,2012,Rabi,Coriander,45,24,0.533333333
Uttar Pradesh,BANDA,2012,Rabi,Garlic,3,16,5.333333333
Uttar Pradesh,BANDA,2012,Rabi,Gram,96492,102824,1.06562202
Uttar Pradesh,BANDA,2012,Rabi,Linseed,2325,902,0.387956989
Uttar Pradesh,BANDA,2012,Rabi,Masoor,34274,28379,0.828003735
Uttar Pradesh,BANDA,2012,Rabi,Onion,185,4256,23.00540541
Uttar Pradesh,BANDA,2012,Rabi,Peas & beans (Pulses),2199,2214,1.006821282
Uttar Pradesh,BANDA,2012,Rabi,Potato,304,7403,24.35197368
Uttar Pradesh,BANDA,2012,Rabi,Rapeseed &Mustard,2672,1584,0.592814371
Uttar Pradesh,BANDA,2012,Rabi,Wheat,153753,343012,2.230928827
Uttar Pradesh,BANDA,2012,Summer,Moong(Green Gram),58,48,0.827586207
Uttar Pradesh,BANDA,2012,Summer,Onion,16,174,10.875
Uttar Pradesh,BANDA,2012,Summer,Sunflower,7,5,0.714285714
Uttar Pradesh,BANDA,2013,Kharif,Arhar/Tur,17199,15978,0.9290075
Uttar Pradesh,BANDA,2013,Kharif,Bajra,1036,1271,1.226833977
Uttar Pradesh,BANDA,2013,Kharif,Dry chillies,10,8,0.8
Uttar Pradesh,BANDA,2013,Kharif,Groundnut,438,317,0.723744292
Uttar Pradesh,BANDA,2013,Kharif,Guar seed,31,26,0.838709677
Uttar Pradesh,BANDA,2013,Kharif,Jowar,23603,27040,1.145617083
Uttar Pradesh,BANDA,2013,Kharif,Maize,4,7,1.75
Uttar Pradesh,BANDA,2013,Kharif,Moong(Green Gram),3143,1575,0.501113586
Uttar Pradesh,BANDA,2013,Kharif,Rice,56350,101881,1.808003549
Uttar Pradesh,BANDA,2013,Kharif,Sannhamp,172,49,0.284883721
Uttar Pradesh,BANDA,2013,Kharif,Sesamum,14204,2145,0.151013799
Uttar Pradesh,BANDA,2013,Kharif,Small millets,8,6,0.75
Uttar Pradesh,BANDA,2013,Kharif,Soyabean,258,148,0.573643411
Uttar Pradesh,BANDA,2013,Kharif,Sugarcane,558,24925,44.66845878
Uttar Pradesh,BANDA,2013,Kharif,Urad,3640,1551,0.426098901
Uttar Pradesh,BANDA,2013,Rabi,Barley,1103,3282,2.975521306
Uttar Pradesh,BANDA,2013,Rabi,Coriander,49,27,0.551020408
Uttar Pradesh,BANDA,2013,Rabi,Garlic,2,12,6
Uttar Pradesh,BANDA,2013,Rabi,Gram,95277,21789,0.22869108
Uttar Pradesh,BANDA,2013,Rabi,Linseed,2403,666,0.277153558
Uttar Pradesh,BANDA,2013,Rabi,Maize,109,387,3.550458716
Uttar Pradesh,BANDA,2013,Rabi,Masoor,31947,6102,0.19100385
Uttar Pradesh,BANDA,2013,Rabi,Onion,202,4108,20.33663366
Uttar Pradesh,BANDA,2013,Rabi,Peas & beans (Pulses),3351,1850,0.552074008
Uttar Pradesh,BANDA,2013,Rabi,Potato,347,7344,21.16426513
Uttar Pradesh,BANDA,2013,Rabi,Rapeseed &Mustard,3394,882,0.259870359
Uttar Pradesh,BANDA,2013,Rabi,Wheat,164065,311815,1.900557706
Uttar Pradesh,BANDA,2013,Summer,Moong(Green Gram),165,110,0.666666667
Uttar Pradesh,BANDA,2013,Summer,Onion,2,27,13.5
Uttar Pradesh,BANDA,2013,Summer,Sunflower,2,3,1.5
Uttar Pradesh,BANDA,2014,Kharif,Arhar/Tur,17522,3513,0.200490812
Uttar Pradesh,BANDA,2014,Kharif,Bajra,3957,3669,0.927217589
Uttar Pradesh,BANDA,2014,Kharif,Dry chillies,282,233,0.826241135
Uttar Pradesh,BANDA,2014,Kharif,Groundnut,946,1119,1.182875264
Uttar Pradesh,BANDA,2014,Kharif,Guar seed,32,26,0.8125
Uttar Pradesh,BANDA,2014,Kharif,Jowar,23435,26097,1.113590783
Uttar Pradesh,BANDA,2014,Kharif,Maize,3,5,1.666666667
Uttar Pradesh,BANDA,2014,Kharif,Moong(Green Gram),2937,993,0.338100102
Uttar Pradesh,BANDA,2014,Kharif,Rice,45895,81923,1.78500926
Uttar Pradesh,BANDA,2014,Kharif,Sannhamp,177,68,0.384180791
Uttar Pradesh,BANDA,2014,Kharif,Sesamum,19197,3263,0.169974475
Uttar Pradesh,BANDA,2014,Kharif,Small millets,11,8,0.727272727
Uttar Pradesh,BANDA,2014,Kharif,Soyabean,59,42,0.711864407
Uttar Pradesh,BANDA,2014,Kharif,Sugarcane,398,16097,40.44472362
Uttar Pradesh,BANDA,2014,Kharif,Sweet potato,15,186,12.4
Uttar Pradesh,BANDA,2014,Kharif,Urad,4733,1500,0.316923727
Uttar Pradesh,BANDA,2014,Rabi,Barley,748,1286,1.719251337
Uttar Pradesh,BANDA,2014,Rabi,Coriander,75,37,0.493333333
Uttar Pradesh,BANDA,2014,Rabi,Gram,100319,14054,0.140093103
Uttar Pradesh,BANDA,2014,Rabi,Linseed,3201,1853,0.5788816
Uttar Pradesh,BANDA,2014,Rabi,Masoor,31561,4071,0.128988308
Uttar Pradesh,BANDA,2014,Rabi,Onion,191,2922,15.29842932
Uttar Pradesh,BANDA,2014,Rabi,Peas & beans (Pulses),7530,5007,0.664940239
Uttar Pradesh,BANDA,2014,Rabi,Potato,192,4331,22.55729167
Uttar Pradesh,BANDA,2014,Rabi,Rapeseed &Mustard,3948,325,0.082320162
Uttar Pradesh,BANDA,2014,Rabi,Wheat,151692,137988,0.909659046
Uttar Pradesh,BANDA,2014,Summer,Moong(Green Gram),82,55,0.670731707
Uttar Pradesh,BANDA,2014,Summer,Onion,21,318,15.14285714
Uttar Pradesh,BANDA,2014,Summer,Urad,11,6,0.545454545
Uttar Pradesh,BARABANKI,1997,Kharif,Arhar/Tur,6625,10176,1.536
Uttar Pradesh,BARABANKI,1997,Kharif,Bajra,844,879,1.041469194
Uttar Pradesh,BARABANKI,1997,Kharif,Groundnut,1026,822,0.801169591
Uttar Pradesh,BARABANKI,1997,Kharif,Jowar,5389,3472,0.644275376
Uttar Pradesh,BARABANKI,1997,Kharif,Maize,6310,5698,0.903011094
Uttar Pradesh,BARABANKI,1997,Kharif,Moong(Green Gram),20,6,0.3
Uttar Pradesh,BARABANKI,1997,Kharif,Oilseeds total,11982,6261,0.522533801
Uttar Pradesh,BARABANKI,1997,Kharif,Onion,605,5982,9.887603306
Uttar Pradesh,BARABANKI,1997,Kharif,Rice,139476,276910,1.985359488
Uttar Pradesh,BARABANKI,1997,Kharif,Sesamum,655,103,0.157251908
Uttar Pradesh,BARABANKI,1997,Kharif,Small millets,1421,1211,0.852216749
Uttar Pradesh,BARABANKI,1997,Kharif,Total foodgrain,317555,617056,1.943146856
Uttar Pradesh,BARABANKI,1997,Kharif,Urad,2355,987,0.41910828
Uttar Pradesh,BARABANKI,1997,Rabi,Barley,690,1310,1.898550725
Uttar Pradesh,BARABANKI,1997,Rabi,Gram,5071,3547,0.699467561
Uttar Pradesh,BARABANKI,1997,Rabi,Linseed,27,11,0.407407407
Uttar Pradesh,BARABANKI,1997,Rabi,Masoor,12444,12033,0.966972035
Uttar Pradesh,BARABANKI,1997,Rabi,Peas & beans (Pulses),2772,3233,1.166305916
Uttar Pradesh,BARABANKI,1997,Rabi,Rapeseed &Mustard,10257,5302,0.516915277
Uttar Pradesh,BARABANKI,1997,Rabi,Sunflower,17,23,1.352941176
Uttar Pradesh,BARABANKI,1997,Rabi,Wheat,127222,295110,2.319645973
Uttar Pradesh,BARABANKI,1997,Summer,Maize,523,826,1.579349904
Uttar Pradesh,BARABANKI,1997,Summer,Moong(Green Gram),95,51,0.536842105
Uttar Pradesh,BARABANKI,1997,Summer,Rice,15,30,2
Uttar Pradesh,BARABANKI,1997,Summer,Urad,6214,1510,0.242999678
Uttar Pradesh,BARABANKI,1997,Whole Year,Potato,14417,166026,11.51598807
Uttar Pradesh,BARABANKI,1997,Whole Year,Sugarcane,13816,710585,51.43203532
Uttar Pradesh,BARABANKI,1998,Kharif,Arhar/Tur,6164,5671,0.920019468
Uttar Pradesh,BARABANKI,1998,Kharif,Bajra,885,1103,1.246327684
Uttar Pradesh,BARABANKI,1998,Kharif,Cotton(lint),5,1,0.2
Uttar Pradesh,BARABANKI,1998,Kharif,Groundnut,835,692,0.828742515
Uttar Pradesh,BARABANKI,1998,Kharif,Jowar,4689,1104,0.235444658
Uttar Pradesh,BARABANKI,1998,Kharif,Maize,6207,4326,0.696955051
Uttar Pradesh,BARABANKI,1998,Kharif,Moong(Green Gram),41,9,0.219512195
Uttar Pradesh,BARABANKI,1998,Kharif,Ragi,5,6,1.2
Uttar Pradesh,BARABANKI,1998,Kharif,Rice,149413,321486,2.151660163
Uttar Pradesh,BARABANKI,1998,Kharif,Sesamum,443,55,0.124153499
Uttar Pradesh,BARABANKI,1998,Kharif,Small millets,993,394,0.396777442
Uttar Pradesh,BARABANKI,1998,Kharif,Urad,2348,831,0.353918228
Uttar Pradesh,BARABANKI,1998,Rabi,Barley,713,1605,2.251051893
Uttar Pradesh,BARABANKI,1998,Rabi,Gram,4328,3341,0.771950092
Uttar Pradesh,BARABANKI,1998,Rabi,Linseed,44,16,0.363636364
Uttar Pradesh,BARABANKI,1998,Rabi,Masoor,13815,11494,0.831994209
Uttar Pradesh,BARABANKI,1998,Rabi,Peas & beans (Pulses),3287,2962,0.901125646
Uttar Pradesh,BARABANKI,1998,Rabi,Rapeseed &Mustard,10321,8818,0.854374576
Uttar Pradesh,BARABANKI,1998,Rabi,Sunflower,30,31,1.033333333
Uttar Pradesh,BARABANKI,1998,Rabi,Wheat,134786,337949,2.507300461
Uttar Pradesh,BARABANKI,1998,Summer,Maize,615,624,1.014634146
Uttar Pradesh,BARABANKI,1998,Summer,Moong(Green Gram),105,76,0.723809524
Uttar Pradesh,BARABANKI,1998,Summer,Urad,6800,3502,0.515
Uttar Pradesh,BARABANKI,1998,Whole Year,Onion,642,7752,12.07476636
Uttar Pradesh,BARABANKI,1998,Whole Year,Potato,15349,380747,24.80598085
Uttar Pradesh,BARABANKI,1998,Whole Year,Sugarcane,15089,740870,49.10000663
Uttar Pradesh,BARABANKI,1998,Whole Year,Tobacco,157,1011,6.439490446
Uttar Pradesh,BARABANKI,1998,Whole Year,Turmeric,1,2,2
Uttar Pradesh,BARABANKI,1999,Kharif,Arhar/Tur,5975,7453,1.247364017
Uttar Pradesh,BARABANKI,1999,Kharif,Bajra,786,1199,1.525445293
Uttar Pradesh,BARABANKI,1999,Kharif,Groundnut,515,600,1.165048544
Uttar Pradesh,BARABANKI,1999,Kharif,Jowar,4592,2491,0.542465157
Uttar Pradesh,BARABANKI,1999,Kharif,Maize,5439,5036,0.925905497
Uttar Pradesh,BARABANKI,1999,Kharif,Moong(Green Gram),30,9,0.3
Uttar Pradesh,BARABANKI,1999,Kharif,Rice,154008,330481,2.145869046
Uttar Pradesh,BARABANKI,1999,Kharif,Small millets,1102,733,0.665154265
Uttar Pradesh,BARABANKI,1999,Kharif,Sunflower,49,64,1.306122449
Uttar Pradesh,BARABANKI,1999,Kharif,Urad,2255,913,0.404878049
Uttar Pradesh,BARABANKI,1999,Rabi,Barley,713,1670,2.342215989
Uttar Pradesh,BARABANKI,1999,Rabi,Gram,3975,3471,0.873207547
Uttar Pradesh,BARABANKI,1999,Rabi,Linseed,55,24,0.436363636
Uttar Pradesh,BARABANKI,1999,Rabi,Maize,650,942,1.449230769
Uttar Pradesh,BARABANKI,1999,Rabi,Ragi,13,22,1.692307692
Uttar Pradesh,BARABANKI,1999,Rabi,Rapeseed &Mustard,10432,8893,0.85247316
Uttar Pradesh,BARABANKI,1999,Rabi,Wheat,136351,364669,2.674487169
Uttar Pradesh,BARABANKI,1999,Summer,Moong(Green Gram),82,75,0.914634146
Uttar Pradesh,BARABANKI,1999,Summer,Urad,6948,2216,0.318940702
Uttar Pradesh,BARABANKI,1999,Whole Year,Moth,13,5,0.384615385
Uttar Pradesh,BARABANKI,1999,Whole Year,Onion,700,10035,14.33571429
Uttar Pradesh,BARABANKI,1999,Whole Year,Peas & beans (Pulses),3575,3334,0.932587413
Uttar Pradesh,BARABANKI,1999,Whole Year,Potato,15520,363028,23.39097938
Uttar Pradesh,BARABANKI,1999,Whole Year,Sugarcane,14878,759373,51.03999193
Uttar Pradesh,BARABANKI,1999,Whole Year,Tobacco,156,1000,6.41025641
Uttar Pradesh,BARABANKI,1999,Whole Year,Turmeric,9,14,1.555555556
Uttar Pradesh,BARABANKI,2000,Kharif,Arhar/Tur,5731,5771,1.006979585
Uttar Pradesh,BARABANKI,2000,Kharif,Bajra,822,1276,1.552311436
Uttar Pradesh,BARABANKI,2000,Kharif,Groundnut,386,323,0.836787565
Uttar Pradesh,BARABANKI,2000,Kharif,Jowar,4202,3203,0.762256069
Uttar Pradesh,BARABANKI,2000,Kharif,Maize,5109,7157,1.400861225
Uttar Pradesh,BARABANKI,2000,Kharif,Moong(Green Gram),16,5,0.3125
Uttar Pradesh,BARABANKI,2000,Kharif,Moth,2,1,0.5
Uttar Pradesh,BARABANKI,2000,Kharif,Rice,159139,282912,1.777766607
Uttar Pradesh,BARABANKI,2000,Kharif,Sesamum,214,34,0.158878505
Uttar Pradesh,BARABANKI,2000,Kharif,Small millets,706,536,0.759206799
Uttar Pradesh,BARABANKI,2000,Kharif,Urad,3446,1520,0.44109112
Uttar Pradesh,BARABANKI,2000,Rabi,Barley,548,1174,2.142335766
Uttar Pradesh,BARABANKI,2000,Rabi,Gram,2797,3295,1.178047908
Uttar Pradesh,BARABANKI,2000,Rabi,Linseed,55,20,0.363636364
Uttar Pradesh,BARABANKI,2000,Rabi,Maize,782,1269,1.622762148
Uttar Pradesh,BARABANKI,2000,Rabi,Masoor,20889,17672,0.8459955
Uttar Pradesh,BARABANKI,2000,Rabi,Moong(Green Gram),68,43,0.632352941
Uttar Pradesh,BARABANKI,2000,Rabi,Peas & beans (Pulses),3893,3935,1.010788595
Uttar Pradesh,BARABANKI,2000,Rabi,Rapeseed &Mustard,9217,8097,0.878485407
Uttar Pradesh,BARABANKI,2000,Rabi,Urad,5071,2170,0.427923486
Uttar Pradesh,BARABANKI,2000,Rabi,Wheat,132723,373586,2.814779654
Uttar Pradesh,BARABANKI,2000,Summer,Rice,4,7,1.75
Uttar Pradesh,BARABANKI,2000,Whole Year,Potato,14338,277827,19.37697029
Uttar Pradesh,BARABANKI,2000,Whole Year,Sugarcane,15243,856535,56.19202257
Uttar Pradesh,BARABANKI,2000,Whole Year,Turmeric,10,17,1.7
Uttar Pradesh,BARABANKI,2001,Kharif,Arhar/Tur,6025,6311,1.04746888
Uttar Pradesh,BARABANKI,2001,Kharif,Bajra,896,1127,1.2578125
Uttar Pradesh,BARABANKI,2001,Kharif,Cotton(lint),1,1,1
Uttar Pradesh,BARABANKI,2001,Kharif,Groundnut,395,331,0.837974684
Uttar Pradesh,BARABANKI,2001,Kharif,Jowar,4304,4747,1.102927509
Uttar Pradesh,BARABANKI,2001,Kharif,Maize,4891,8271,1.691065222
Uttar Pradesh,BARABANKI,2001,Kharif,Moong(Green Gram),226,62,0.274336283
Uttar Pradesh,BARABANKI,2001,Kharif,Rice,158817,336886,2.12122128
Uttar Pradesh,BARABANKI,2001,Kharif,Sesamum,274,69,0.251824818
Uttar Pradesh,BARABANKI,2001,Kharif,Small millets,652,506,0.77607362
Uttar Pradesh,BARABANKI,2001,Kharif,Soyabean,7,5,0.714285714
Uttar Pradesh,BARABANKI,2001,Kharif,Sunflower,7,8,1.142857143
Uttar Pradesh,BARABANKI,2001,Kharif,Urad,4714,1923,0.407933814
Uttar Pradesh,BARABANKI,2001,Rabi,Barley,322,765,2.375776398
Uttar Pradesh,BARABANKI,2001,Rabi,Gram,2071,1763,0.851279575
Uttar Pradesh,BARABANKI,2001,Rabi,Linseed,31,13,0.419354839
Uttar Pradesh,BARABANKI,2001,Rabi,Maize,767,1249,1.628422425
Uttar Pradesh,BARABANKI,2001,Rabi,Masoor,24130,27219,1.128014919
Uttar Pradesh,BARABANKI,2001,Rabi,Peas & beans (Pulses),3645,3103,0.851303155
Uttar Pradesh,BARABANKI,2001,Rabi,Rapeseed &Mustard,9777,8496,0.868978214
Uttar Pradesh,BARABANKI,2001,Rabi,Urad,3466,1477,0.426139642
Uttar Pradesh,BARABANKI,2001,Rabi,Wheat,132494,389155,2.937151871
Uttar Pradesh,BARABANKI,2001,Whole Year,Potato,14402,348125,24.17199
Uttar Pradesh,BARABANKI,2001,Whole Year,Sugarcane,14165,747969,52.804024
Uttar Pradesh,BARABANKI,2001,Whole Year,Tobacco,86,563,6.546511628
Uttar Pradesh,BARABANKI,2001,Whole Year,Turmeric,14,25,1.785714286
Uttar Pradesh,BARABANKI,2002,Kharif,Bajra,1107,1526,1.378500452
Uttar Pradesh,BARABANKI,2002,Kharif,Groundnut,616,404,0.655844156
Uttar Pradesh,BARABANKI,2002,Kharif,Jowar,3909,2855,0.730365822
Uttar Pradesh,BARABANKI,2002,Kharif,Maize,5230,4414,0.843977055
Uttar Pradesh,BARABANKI,2002,Kharif,Moong(Green Gram),8,2,0.25
Uttar Pradesh,BARABANKI,2002,Kharif,Moth,4,2,0.5
Uttar Pradesh,BARABANKI,2002,Kharif,Rice,146179,310333,2.122965679
Uttar Pradesh,BARABANKI,2002,Kharif,Sesamum,254,41,0.161417323
Uttar Pradesh,BARABANKI,2002,Kharif,Small millets,629,254,0.40381558
Uttar Pradesh,BARABANKI,2002,Kharif,Sunflower,1,1,1
Uttar Pradesh,BARABANKI,2002,Kharif,Urad,5480,3233,0.589963504
Uttar Pradesh,BARABANKI,2002,Rabi,Barley,275,672,2.443636364
Uttar Pradesh,BARABANKI,2002,Rabi,Gram,1542,1419,0.920233463
Uttar Pradesh,BARABANKI,2002,Rabi,Linseed,26,11,0.423076923
Uttar Pradesh,BARABANKI,2002,Rabi,Maize,737,816,1.107191316
Uttar Pradesh,BARABANKI,2002,Rabi,Masoor,25969,25813,0.993992838
Uttar Pradesh,BARABANKI,2002,Rabi,Onion,96,991,10.32291667
Uttar Pradesh,BARABANKI,2002,Rabi,Peas & beans (Pulses),3409,2704,0.793194485
Uttar Pradesh,BARABANKI,2002,Rabi,Rapeseed &Mustard,8600,7041,0.81872093
Uttar Pradesh,BARABANKI,2002,Rabi,Wheat,137328,379036,2.760078061
Uttar Pradesh,BARABANKI,2002,Summer,Moong(Green Gram),78,46,0.58974359
Uttar Pradesh,BARABANKI,2002,Summer,Onion,300,3354,11.18
Uttar Pradesh,BARABANKI,2002,Summer,Urad,2746,1365,0.497086672
Uttar Pradesh,BARABANKI,2002,Whole Year,Potato,13819,275841,19.96099573
Uttar Pradesh,BARABANKI,2002,Whole Year,Sannhamp,3,1,0.333333333
Uttar Pradesh,BARABANKI,2002,Whole Year,Sugarcane,14014,664936,47.44798059
Uttar Pradesh,BARABANKI,2002,Whole Year,Tobacco,65,386,5.938461538
Uttar Pradesh,BARABANKI,2003,Kharif,Arhar/Tur,5514,5228,0.948132028
Uttar Pradesh,BARABANKI,2003,Kharif,Bajra,971,1326,1.365602472
Uttar Pradesh,BARABANKI,2003,Kharif,Groundnut,532,355,0.667293233
Uttar Pradesh,BARABANKI,2003,Kharif,Jowar,4500,3909,0.868666667
Uttar Pradesh,BARABANKI,2003,Kharif,Maize,6037,3779,0.625973165
Uttar Pradesh,BARABANKI,2003,Kharif,Moong(Green Gram),5,1,0.2
Uttar Pradesh,BARABANKI,2003,Kharif,Moth,5,2,0.4
Uttar Pradesh,BARABANKI,2003,Kharif,Rice,176642,415220,2.350630088
Uttar Pradesh,BARABANKI,2003,Kharif,Sesamum,190,25,0.131578947
Uttar Pradesh,BARABANKI,2003,Kharif,Sunflower,2,3,1.5
Uttar Pradesh,BARABANKI,2003,Kharif,Urad,6510,4407,0.676958525
Uttar Pradesh,BARABANKI,2003,Rabi,Barley,341,779,2.284457478
Uttar Pradesh,BARABANKI,2003,Rabi,Gram,1907,2049,1.074462507
Uttar Pradesh,BARABANKI,2003,Rabi,Linseed,29,14,0.482758621
Uttar Pradesh,BARABANKI,2003,Rabi,Maize,4,5,1.25
Uttar Pradesh,BARABANKI,2003,Rabi,Masoor,30677,31505,1.026990905
Uttar Pradesh,BARABANKI,2003,Rabi,Onion,115,1651,14.35652174
Uttar Pradesh,BARABANKI,2003,Rabi,Peas & beans (Pulses),3800,3681,0.968684211
Uttar Pradesh,BARABANKI,2003,Rabi,Ragi,6,9,1.5
Uttar Pradesh,BARABANKI,2003,Rabi,Rapeseed &Mustard,9206,7302,0.793178362
Uttar Pradesh,BARABANKI,2003,Rabi,Wheat,160752,486977,3.029368219
Uttar Pradesh,BARABANKI,2003,Summer,Maize,820,1121,1.367073171
Uttar Pradesh,BARABANKI,2003,Summer,Moong(Green Gram),69,42,0.608695652
Uttar Pradesh,BARABANKI,2003,Summer,Onion,334,3401,10.18263473
Uttar Pradesh,BARABANKI,2003,Summer,Urad,3288,769,0.233880779
Uttar Pradesh,BARABANKI,2003,Whole Year,Potato,14080,560466,39.80582386
Uttar Pradesh,BARABANKI,2003,Whole Year,Sannhamp,4,1,0.25
Uttar Pradesh,BARABANKI,2003,Whole Year,Sugarcane,18289,878384,48.02799497
Uttar Pradesh,BARABANKI,2003,Whole Year,Tobacco,61,435,7.131147541
Uttar Pradesh,BARABANKI,2003,Whole Year,Turmeric,3,5,1.666666667
Uttar Pradesh,BARABANKI,2004,Kharif,Bajra,896,1406,1.569196429
Uttar Pradesh,BARABANKI,2004,Kharif,Groundnut,665,547,0.822556391
Uttar Pradesh,BARABANKI,2004,Kharif,Jowar,4134,3473,0.840106434
Uttar Pradesh,BARABANKI,2004,Kharif,Maize,6414,9698,1.512004989
Uttar Pradesh,BARABANKI,2004,Kharif,Rice,186987,461762,2.469487184
Uttar Pradesh,BARABANKI,2004,Kharif,Sesamum,218,35,0.160550459
Uttar Pradesh,BARABANKI,2004,Kharif,Small millets,619,209,0.337641357
Uttar Pradesh,BARABANKI,2004,Kharif,Sugarcane,15795,854889,54.12402659
Uttar Pradesh,BARABANKI,2004,Rabi,Barley,309,631,2.042071197
Uttar Pradesh,BARABANKI,2004,Rabi,Gram,963,852,0.884735202
Uttar Pradesh,BARABANKI,2004,Rabi,Linseed,21,10,0.476190476
Uttar Pradesh,BARABANKI,2004,Rabi,Potato,13938,236416,16.96197446
Uttar Pradesh,BARABANKI,2004,Rabi,Rapeseed &Mustard,8720,7039,0.807224771
Uttar Pradesh,BARABANKI,2004,Rabi,Turmeric,1,2,2
Uttar Pradesh,BARABANKI,2004,Rabi,Wheat,163857,431724,2.634760798
Uttar Pradesh,BARABANKI,2004,Summer,Sunflower,14,27,1.928571429
Uttar Pradesh,BARABANKI,2004,Whole Year,Banana,3,109,36.33333333
Uttar Pradesh,BARABANKI,2004,Whole Year,Dry chillies,477,447,0.937106918
Uttar Pradesh,BARABANKI,2004,Whole Year,Garlic,426,1845,4.330985915
Uttar Pradesh,BARABANKI,2004,Whole Year,Onion,411,4892,11.9026764
Uttar Pradesh,BARABANKI,2004,Whole Year,Sweet potato,375,4358,11.62133333
Uttar Pradesh,BARABANKI,2004,Whole Year,Tobacco,37,189,5.108108108
Uttar Pradesh,BARABANKI,2005,Kharif,Bajra,718,1125,1.566852368
Uttar Pradesh,BARABANKI,2005,Kharif,Jowar,3586,1751,0.488287786
Uttar Pradesh,BARABANKI,2005,Kharif,Maize,4390,5013,1.14191344
Uttar Pradesh,BARABANKI,2005,Kharif,Rice,179338,416602,2.32299903
Uttar Pradesh,BARABANKI,2005,Kharif,Sesamum,203,36,0.177339901
Uttar Pradesh,BARABANKI,2005,Kharif,Small millets,555,407,0.733333333
Uttar Pradesh,BARABANKI,2005,Kharif,Sugarcane,14958,739583,49.44397647
Uttar Pradesh,BARABANKI,2005,Rabi,Barley,18,33,1.833333333
Uttar Pradesh,BARABANKI,2005,Rabi,Gram,7060,6297,0.891926346
Uttar Pradesh,BARABANKI,2005,Rabi,Linseed,131,54,0.41221374
Uttar Pradesh,BARABANKI,2005,Rabi,Potato,14011,274391,19.58396974
Uttar Pradesh,BARABANKI,2005,Rabi,Rapeseed &Mustard,10950,12658,1.155981735
Uttar Pradesh,BARABANKI,2005,Rabi,Turmeric,3,13,4.333333333
Uttar Pradesh,BARABANKI,2005,Rabi,Wheat,162040,470888,2.905998519
Uttar Pradesh,BARABANKI,2005,Summer,Sunflower,2,3,1.5
Uttar Pradesh,BARABANKI,2005,Whole Year,Coriander,548,314,0.572992701
Uttar Pradesh,BARABANKI,2005,Whole Year,Dry chillies,427,390,0.913348946
Uttar Pradesh,BARABANKI,2005,Whole Year,Garlic,214,932,4.355140187
Uttar Pradesh,BARABANKI,2005,Whole Year,Guar seed,20,16,0.8
Uttar Pradesh,BARABANKI,2005,Whole Year,Onion,1146,14702,12.82897033
Uttar Pradesh,BARABANKI,2005,Whole Year,Sweet potato,346,4526,13.08092486
Uttar Pradesh,BARABANKI,2005,Whole Year,Tobacco,22,134,6.090909091
Uttar Pradesh,BARABANKI,2006,Kharif,Arhar/Tur,4733,3361,0.710120431
Uttar Pradesh,BARABANKI,2006,Kharif,Bajra,949,1419,1.495258166
Uttar Pradesh,BARABANKI,2006,Kharif,Groundnut,709,512,0.722143865
Uttar Pradesh,BARABANKI,2006,Kharif,Jowar,3724,4301,1.154940924
Uttar Pradesh,BARABANKI,2006,Kharif,Maize,6231,3957,0.635050554
Uttar Pradesh,BARABANKI,2006,Kharif,Other Kharif pulses,13567,7212,0.531583991
Uttar Pradesh,BARABANKI,2006,Kharif,Rice,182527,376553,2.062998899
Uttar Pradesh,BARABANKI,2006,Kharif,Sesamum,221,37,0.167420814
Uttar Pradesh,BARABANKI,2006,Kharif,Small millets,567,361,0.636684303
Uttar Pradesh,BARABANKI,2006,Kharif,Sugarcane,18861,1067382,56.59201527
Uttar Pradesh,BARABANKI,2006,Kharif,Sweet potato,350,4777,13.64857143
Uttar Pradesh,BARABANKI,2006,Rabi,Barley,205,429,2.092682927
Uttar Pradesh,BARABANKI,2006,Rabi,Garlic,267,1174,4.397003745
Uttar Pradesh,BARABANKI,2006,Rabi,Gram,944,695,0.736228814
Uttar Pradesh,BARABANKI,2006,Rabi,Linseed,8,3,0.375
Uttar Pradesh,BARABANKI,2006,Rabi,Masoor,33369,28564,0.856004076
Uttar Pradesh,BARABANKI,2006,Rabi,Onion,73,1400,19.17808219
Uttar Pradesh,BARABANKI,2006,Rabi,Other  Rabi pulses,3324,3214,0.966907341
Uttar Pradesh,BARABANKI,2006,Rabi,Potato,15296,177128,11.58002092
Uttar Pradesh,BARABANKI,2006,Rabi,Rapeseed &Mustard,9394,11813,1.25750479
Uttar Pradesh,BARABANKI,2006,Rabi,Tobacco,28,149,5.321428571
Uttar Pradesh,BARABANKI,2006,Rabi,Turmeric,1,3,3
Uttar Pradesh,BARABANKI,2006,Rabi,Wheat,165876,490329,2.955997251
Uttar Pradesh,BARABANKI,2006,Summer,Maize,906,1201,1.325607064
Uttar Pradesh,BARABANKI,2006,Summer,Onion,296,3447,11.64527027
Uttar Pradesh,BARABANKI,2006,Summer,Sunflower,1,1,1
Uttar Pradesh,BARABANKI,2006,Summer,Tobacco,5,15,3
Uttar Pradesh,BARABANKI,2006,Whole Year,Banana,4,155,38.75
Uttar Pradesh,BARABANKI,2006,Whole Year,Coriander,679,353,0.51988218
Uttar Pradesh,BARABANKI,2006,Whole Year,Dry chillies,455,431,0.947252747
Uttar Pradesh,BARABANKI,2007,Kharif,Arhar/Tur,4952,5746,1.160339257
Uttar Pradesh,BARABANKI,2007,Kharif,Bajra,926,1444,1.559395248
Uttar Pradesh,BARABANKI,2007,Kharif,Dry chillies,449,433,0.964365256
Uttar Pradesh,BARABANKI,2007,Kharif,Groundnut,817,488,0.597307222
Uttar Pradesh,BARABANKI,2007,Kharif,Guar seed,53,44,0.830188679
Uttar Pradesh,BARABANKI,2007,Kharif,Jowar,4077,3503,0.859210204
Uttar Pradesh,BARABANKI,2007,Kharif,Maize,7085,4513,0.636979534
Uttar Pradesh,BARABANKI,2007,Kharif,Moong(Green Gram),1,,
Uttar Pradesh,BARABANKI,2007,Kharif,Rice,195339,294767,1.509002299
Uttar Pradesh,BARABANKI,2007,Kharif,Sesamum,250,39,0.156
Uttar Pradesh,BARABANKI,2007,Kharif,Small millets,436,260,0.596330275
Uttar Pradesh,BARABANKI,2007,Kharif,Sugarcane,17519,947217,54.06798333
Uttar Pradesh,BARABANKI,2007,Kharif,Sweet potato,183,2464,13.46448087
Uttar Pradesh,BARABANKI,2007,Kharif,Urad,5313,3586,0.67494824
Uttar Pradesh,BARABANKI,2007,Rabi,Barley,198,364,1.838383838
Uttar Pradesh,BARABANKI,2007,Rabi,Coriander,590,342,0.579661017
Uttar Pradesh,BARABANKI,2007,Rabi,Gram,912,942,1.032894737
Uttar Pradesh,BARABANKI,2007,Rabi,Linseed,35,9,0.257142857
Uttar Pradesh,BARABANKI,2007,Rabi,Masoor,30458,24123,0.792008668
Uttar Pradesh,BARABANKI,2007,Rabi,Onion,124,1732,13.96774194
Uttar Pradesh,BARABANKI,2007,Rabi,Other  Rabi pulses,3206,3007,0.937928883
Uttar Pradesh,BARABANKI,2007,Rabi,Potato,13901,182437,13.12401985
Uttar Pradesh,BARABANKI,2007,Rabi,Rapeseed &Mustard,11454,13262,1.157848786
Uttar Pradesh,BARABANKI,2007,Rabi,Tobacco,26,146,5.615384615
Uttar Pradesh,BARABANKI,2007,Rabi,Wheat,165848,482120,2.90699918
Uttar Pradesh,BARABANKI,2007,Summer,Maize,906,1302,1.437086093
Uttar Pradesh,BARABANKI,2007,Summer,Moong(Green Gram),51,26,0.509803922
Uttar Pradesh,BARABANKI,2007,Summer,Onion,296,5668,19.14864865
Uttar Pradesh,BARABANKI,2007,Summer,Sunflower,44,71,1.613636364
Uttar Pradesh,BARABANKI,2007,Summer,Tobacco,5,13,2.6
Uttar Pradesh,BARABANKI,2007,Summer,Urad,6566,3178,0.484008529
Uttar Pradesh,BARABANKI,2008,Kharif,Arhar/Tur,3218,2980,0.926041019
Uttar Pradesh,BARABANKI,2008,Kharif,Bajra,793,1313,1.655737705
Uttar Pradesh,BARABANKI,2008,Kharif,Dry chillies,445,444,0.997752809
Uttar Pradesh,BARABANKI,2008,Kharif,Groundnut,753,538,0.714475432
Uttar Pradesh,BARABANKI,2008,Kharif,Guar seed,20,17,0.85
Uttar Pradesh,BARABANKI,2008,Kharif,Jowar,2474,1767,0.714227971
Uttar Pradesh,BARABANKI,2008,Kharif,Maize,4816,19,0.003945183
Uttar Pradesh,BARABANKI,2008,Kharif,Rice,161107,331397,2.056999386
Uttar Pradesh,BARABANKI,2008,Kharif,Sesamum,139,23,0.165467626
Uttar Pradesh,BARABANKI,2008,Kharif,Small millets,162,98,0.604938272
Uttar Pradesh,BARABANKI,2008,Kharif,Sugarcane,12912,654897,50.72002788
Uttar Pradesh,BARABANKI,2008,Kharif,Sweet potato,174,2137,12.2816092
Uttar Pradesh,BARABANKI,2008,Kharif,Urad,5737,3104,0.541049329
Uttar Pradesh,BARABANKI,2008,Rabi,Barley,134,301,2.246268657
Uttar Pradesh,BARABANKI,2008,Rabi,Coriander,508,303,0.596456693
Uttar Pradesh,BARABANKI,2008,Rabi,Garlic,269,1585,5.892193309
Uttar Pradesh,BARABANKI,2008,Rabi,Gram,919,954,1.038084875
Uttar Pradesh,BARABANKI,2008,Rabi,Linseed,20,9,0.45
Uttar Pradesh,BARABANKI,2008,Rabi,Masoor,18494,15387,0.831999567
Uttar Pradesh,BARABANKI,2008,Rabi,Onion,84,985,11.72619048
Uttar Pradesh,BARABANKI,2008,Rabi,Peas & beans (Pulses),2579,3113,1.207056999
Uttar Pradesh,BARABANKI,2008,Rabi,Potato,14939,178880,11.97402771
Uttar Pradesh,BARABANKI,2008,Rabi,Rapeseed &Mustard,11084,7632,0.688560087
Uttar Pradesh,BARABANKI,2008,Rabi,Tobacco,21,109,5.19047619
Uttar Pradesh,BARABANKI,2008,Rabi,Wheat,153165,470829,3.073998629
Uttar Pradesh,BARABANKI,2008,Summer,Maize,484,724,1.495867769
Uttar Pradesh,BARABANKI,2008,Summer,Moong(Green Gram),26,15,0.576923077
Uttar Pradesh,BARABANKI,2008,Summer,Sunflower,2,4,2
Uttar Pradesh,BARABANKI,2008,Summer,Urad,1858,808,0.434876211
Uttar Pradesh,BARABANKI,2009,Kharif,Arhar/Tur,2981,3138,1.05266689
Uttar Pradesh,BARABANKI,2009,Kharif,Bajra,682,1142,1.674486804
Uttar Pradesh,BARABANKI,2009,Kharif,Dry chillies,451,397,0.880266075
Uttar Pradesh,BARABANKI,2009,Kharif,Groundnut,529,356,0.672967864
Uttar Pradesh,BARABANKI,2009,Kharif,Guar seed,19,16,0.842105263
Uttar Pradesh,BARABANKI,2009,Kharif,Jowar,2486,2080,0.836685438
Uttar Pradesh,BARABANKI,2009,Kharif,Maize,5066,2467,0.48697197
Uttar Pradesh,BARABANKI,2009,Kharif,Rice,172786,399827,2.314001134
Uttar Pradesh,BARABANKI,2009,Kharif,Sesamum,184,19,0.10326087
Uttar Pradesh,BARABANKI,2009,Kharif,Small millets,147,63,0.428571429
Uttar Pradesh,BARABANKI,2009,Kharif,Sugarcane,10218,544170,53.25601879
Uttar Pradesh,BARABANKI,2009,Kharif,Sweet potato,148,2013,13.60135135
Uttar Pradesh,BARABANKI,2009,Kharif,Urad,7929,4488,0.566023458
Uttar Pradesh,BARABANKI,2009,Rabi,Barley,79,170,2.151898734
Uttar Pradesh,BARABANKI,2009,Rabi,Coriander,577,328,0.568457539
Uttar Pradesh,BARABANKI,2009,Rabi,Garlic,307,1631,5.312703583
Uttar Pradesh,BARABANKI,2009,Rabi,Gram,955,961,1.006282723
Uttar Pradesh,BARABANKI,2009,Rabi,Linseed,28,13,0.464285714
Uttar Pradesh,BARABANKI,2009,Rabi,Maize,2,6,3
Uttar Pradesh,BARABANKI,2009,Rabi,Masoor,13248,10055,0.758982488
Uttar Pradesh,BARABANKI,2009,Rabi,Onion,56,962,17.17857143
Uttar Pradesh,BARABANKI,2009,Rabi,Peas & beans (Pulses),2942,3776,1.283480625
Uttar Pradesh,BARABANKI,2009,Rabi,Potato,15212,297805,19.5769787
Uttar Pradesh,BARABANKI,2009,Rabi,Rapeseed &Mustard,14296,11240,0.786233912
Uttar Pradesh,BARABANKI,2009,Rabi,Tobacco,21,120,5.714285714
Uttar Pradesh,BARABANKI,2009,Rabi,Turmeric,3,10,3.333333333
Uttar Pradesh,BARABANKI,2009,Rabi,Wheat,159451,490950,3.079002327
Uttar Pradesh,BARABANKI,2009,Summer,Maize,507,738,1.455621302
Uttar Pradesh,BARABANKI,2009,Summer,Moong(Green Gram),78,65,0.833333333
Uttar Pradesh,BARABANKI,2009,Summer,Onion,347,4876,14.0518732
Uttar Pradesh,BARABANKI,2009,Summer,Tobacco,3,13,4.333333333
Uttar Pradesh,BARABANKI,2009,Summer,Urad,1533,570,0.371819961
Uttar Pradesh,BARABANKI,2010,Kharif,Arhar/Tur,2451,2196,0.895960832
Uttar Pradesh,BARABANKI,2010,Kharif,Bajra,1280,1309,1.02265625
Uttar Pradesh,BARABANKI,2010,Kharif,Dry chillies,395,345,0.873417722
Uttar Pradesh,BARABANKI,2010,Kharif,Groundnut,502,246,0.490039841
Uttar Pradesh,BARABANKI,2010,Kharif,Guar seed,22,18,0.818181818
Uttar Pradesh,BARABANKI,2010,Kharif,Jowar,1580,2053,1.299367089
Uttar Pradesh,BARABANKI,2010,Kharif,Maize,4423,3967,0.896902555
Uttar Pradesh,BARABANKI,2010,Kharif,Rice,176864,420936,2.379998191
Uttar Pradesh,BARABANKI,2010,Kharif,Sesamum,255,50,0.196078431
Uttar Pradesh,BARABANKI,2010,Kharif,Small millets,83,70,0.843373494
Uttar Pradesh,BARABANKI,2010,Kharif,Sugarcane,8866,490893,55.36803519
Uttar Pradesh,BARABANKI,2010,Kharif,Sweet potato,240,2956,12.31666667
Uttar Pradesh,BARABANKI,2010,Kharif,Urad,9055,5632,0.621976808
Uttar Pradesh,BARABANKI,2010,Rabi,Barley,67,150,2.23880597
Uttar Pradesh,BARABANKI,2010,Rabi,Gram,918,1001,1.090413943
Uttar Pradesh,BARABANKI,2010,Rabi,Linseed,15,7,0.466666667
Uttar Pradesh,BARABANKI,2010,Rabi,Maize,17,51,3
Uttar Pradesh,BARABANKI,2010,Rabi,Masoor,13231,10968,0.828962286
Uttar Pradesh,BARABANKI,2010,Rabi,Onion,72,1325,18.40277778
Uttar Pradesh,BARABANKI,2010,Rabi,Peas & beans (Pulses),2750,3278,1.192
Uttar Pradesh,BARABANKI,2010,Rabi,Potato,13525,275139,20.34299445
Uttar Pradesh,BARABANKI,2010,Rabi,Rapeseed &Mustard,15409,16041,1.041014991
Uttar Pradesh,BARABANKI,2010,Rabi,Tobacco,9,46,5.111111111
Uttar Pradesh,BARABANKI,2010,Rabi,Wheat,167409,544396,3.251892073
Uttar Pradesh,BARABANKI,2010,Summer,Maize,480,704,1.466666667
Uttar Pradesh,BARABANKI,2010,Summer,Moong(Green Gram),18,8,0.444444444
Uttar Pradesh,BARABANKI,2010,Summer,Sunflower,7,15,2.142857143
Uttar Pradesh,BARABANKI,2010,Summer,Urad,1402,652,0.465049929
Uttar Pradesh,BARABANKI,2011,Kharif,Arhar/Tur,2177,2365,1.086357373
Uttar Pradesh,BARABANKI,2011,Kharif,Bajra,545,1035,1.899082569
Uttar Pradesh,BARABANKI,2011,Kharif,Dry chillies,74,62,0.837837838
Uttar Pradesh,BARABANKI,2011,Kharif,Groundnut,423,339,0.80141844
Uttar Pradesh,BARABANKI,2011,Kharif,Guar seed,23,19,0.826086957
Uttar Pradesh,BARABANKI,2011,Kharif,Jowar,1553,1818,1.170637476
Uttar Pradesh,BARABANKI,2011,Kharif,Maize,3713,3137,0.844869378
Uttar Pradesh,BARABANKI,2011,Kharif,Moong(Green Gram),206,87,0.422330097
Uttar Pradesh,BARABANKI,2011,Kharif,Rice,177698,486004,2.734999831
Uttar Pradesh,BARABANKI,2011,Kharif,Sesamum,307,67,0.218241042
Uttar Pradesh,BARABANKI,2011,Kharif,Small millets,28,26,0.928571429
Uttar Pradesh,BARABANKI,2011,Kharif,Sugarcane,9686,541525,55.90801156
Uttar Pradesh,BARABANKI,2011,Kharif,Sweet potato,219,2846,12.99543379
Uttar Pradesh,BARABANKI,2011,Kharif,Urad,9329,4627,0.495980277
Uttar Pradesh,BARABANKI,2011,Rabi,Barley,96,252,2.625
Uttar Pradesh,BARABANKI,2011,Rabi,Coriander,694,384,0.553314121
Uttar Pradesh,BARABANKI,2011,Rabi,Garlic,335,1731,5.167164179
Uttar Pradesh,BARABANKI,2011,Rabi,Gram,801,1100,1.373283396
Uttar Pradesh,BARABANKI,2011,Rabi,Linseed,17,8,0.470588235
Uttar Pradesh,BARABANKI,2011,Rabi,Maize,17,41,2.411764706
Uttar Pradesh,BARABANKI,2011,Rabi,Masoor,11045,8604,0.77899502
Uttar Pradesh,BARABANKI,2011,Rabi,Onion,86,1967,22.87209302
Uttar Pradesh,BARABANKI,2011,Rabi,Peas & beans (Pulses),2772,2999,1.081890332
Uttar Pradesh,BARABANKI,2011,Rabi,Potato,15181,290640,19.14498386
Uttar Pradesh,BARABANKI,2011,Rabi,Rapeseed &Mustard,14546,9484,0.65200055
Uttar Pradesh,BARABANKI,2011,Rabi,Tobacco,78,407,5.217948718
Uttar Pradesh,BARABANKI,2011,Rabi,Wheat,161038,565243,3.50999764
Uttar Pradesh,BARABANKI,2011,Summer,Banana,27,1180,43.7037037
Uttar Pradesh,BARABANKI,2011,Summer,Maize,562,929,1.653024911
Uttar Pradesh,BARABANKI,2011,Summer,Moong(Green Gram),714,355,0.49719888
Uttar Pradesh,BARABANKI,2011,Summer,Onion,224,1396,6.232142857
Uttar Pradesh,BARABANKI,2011,Summer,Rice,2,5,2.5
Uttar Pradesh,BARABANKI,2011,Summer,Sunflower,7,12,1.714285714
Uttar Pradesh,BARABANKI,2011,Summer,Urad,708,411,0.580508475
Uttar Pradesh,BARABANKI,2012,Kharif,Arhar/Tur,1527,1587,1.039292731
Uttar Pradesh,BARABANKI,2012,Kharif,Bajra,524,335,0.639312977
Uttar Pradesh,BARABANKI,2012,Kharif,Dry chillies,307,247,0.804560261
Uttar Pradesh,BARABANKI,2012,Kharif,Groundnut,399,396,0.992481203
Uttar Pradesh,BARABANKI,2012,Kharif,Guar seed,27,22,0.814814815
Uttar Pradesh,BARABANKI,2012,Kharif,Jowar,1568,1658,1.057397959
Uttar Pradesh,BARABANKI,2012,Kharif,Maize,3464,2186,0.631062356
Uttar Pradesh,BARABANKI,2012,Kharif,Moong(Green Gram),175,89,0.508571429
Uttar Pradesh,BARABANKI,2012,Kharif,Rice,183962,562372,3.057000902
Uttar Pradesh,BARABANKI,2012,Kharif,Sesamum,239,45,0.188284519
Uttar Pradesh,BARABANKI,2012,Kharif,Small millets,373,391,1.048257373
Uttar Pradesh,BARABANKI,2012,Kharif,Sugarcane,9746,587801,60.31202545
Uttar Pradesh,BARABANKI,2012,Kharif,Sweet potato,159,2059,12.94968553
Uttar Pradesh,BARABANKI,2012,Kharif,Urad,9180,5389,0.587037037
Uttar Pradesh,BARABANKI,2012,Rabi,Barley,93,249,2.677419355
Uttar Pradesh,BARABANKI,2012,Rabi,Coriander,521,282,0.541266795
Uttar Pradesh,BARABANKI,2012,Rabi,Garlic,319,1657,5.194357367
Uttar Pradesh,BARABANKI,2012,Rabi,Gram,799,726,0.908635795
Uttar Pradesh,BARABANKI,2012,Rabi,Linseed,1,,
Uttar Pradesh,BARABANKI,2012,Rabi,Masoor,12387,9216,0.744005813
Uttar Pradesh,BARABANKI,2012,Rabi,Onion,106,2438,23
Uttar Pradesh,BARABANKI,2012,Rabi,Peas & beans (Pulses),2684,2324,0.865871833
Uttar Pradesh,BARABANKI,2012,Rabi,Potato,14712,259814,17.66000544
Uttar Pradesh,BARABANKI,2012,Rabi,Rapeseed &Mustard,23337,17163,0.735441573
Uttar Pradesh,BARABANKI,2012,Rabi,Tobacco,33,178,5.393939394
Uttar Pradesh,BARABANKI,2012,Rabi,Turmeric,1,3,3
Uttar Pradesh,BARABANKI,2012,Rabi,Wheat,162341,603259,3.715999039
Uttar Pradesh,BARABANKI,2012,Summer,Banana,29,1295,44.65517241
Uttar Pradesh,BARABANKI,2012,Summer,Maize,473,874,1.847780127
Uttar Pradesh,BARABANKI,2012,Summer,Moong(Green Gram),12,8,0.666666667
Uttar Pradesh,BARABANKI,2012,Summer,Onion,328,2694,8.213414634
Uttar Pradesh,BARABANKI,2012,Summer,Urad,891,431,0.48372615
Uttar Pradesh,BARABANKI,2013,Kharif,Arhar/Tur,1663,1281,0.770294648
Uttar Pradesh,BARABANKI,2013,Kharif,Bajra,475,452,0.951578947
Uttar Pradesh,BARABANKI,2013,Kharif,Dry chillies,336,271,0.806547619
Uttar Pradesh,BARABANKI,2013,Kharif,Groundnut,360,289,0.802777778
Uttar Pradesh,BARABANKI,2013,Kharif,Guar seed,22,18,0.818181818
Uttar Pradesh,BARABANKI,2013,Kharif,Jowar,1082,522,0.482439926
Uttar Pradesh,BARABANKI,2013,Kharif,Maize,3450,3402,0.986086957
Uttar Pradesh,BARABANKI,2013,Kharif,Moong(Green Gram),1,1,1
Uttar Pradesh,BARABANKI,2013,Kharif,Rice,181235,517970,2.858002042
Uttar Pradesh,BARABANKI,2013,Kharif,Sesamum,357,52,0.145658263
Uttar Pradesh,BARABANKI,2013,Kharif,Small millets,9,7,0.777777778
Uttar Pradesh,BARABANKI,2013,Kharif,Sugarcane,9881,605073,61.2360085
Uttar Pradesh,BARABANKI,2013,Kharif,Sweet potato,97,1282,13.21649485
Uttar Pradesh,BARABANKI,2013,Kharif,Urad,9279,4575,0.49304882
Uttar Pradesh,BARABANKI,2013,Rabi,Barley,71,205,2.887323944
Uttar Pradesh,BARABANKI,2013,Rabi,Coriander,604,331,0.548013245
Uttar Pradesh,BARABANKI,2013,Rabi,Garlic,359,2103,5.857938719
Uttar Pradesh,BARABANKI,2013,Rabi,Gram,617,229,0.371150729
Uttar Pradesh,BARABANKI,2013,Rabi,Linseed,13,5,0.384615385
Uttar Pradesh,BARABANKI,2013,Rabi,Maize,6,21,3.5
Uttar Pradesh,BARABANKI,2013,Rabi,Masoor,10818,6956,0.643002403
Uttar Pradesh,BARABANKI,2013,Rabi,Onion,68,1383,20.33823529
Uttar Pradesh,BARABANKI,2013,Rabi,Peas & beans (Pulses),2697,685,0.25398591
Uttar Pradesh,BARABANKI,2013,Rabi,Potato,14658,258479,17.63398827
Uttar Pradesh,BARABANKI,2013,Rabi,Rapeseed &Mustard,23362,10490,0.449019776
Uttar Pradesh,BARABANKI,2013,Rabi,Tobacco,35,192,5.485714286
Uttar Pradesh,BARABANKI,2013,Rabi,Turmeric,5,14,2.8
Uttar Pradesh,BARABANKI,2013,Rabi,Wheat,166533,590693,3.547002696
Uttar Pradesh,BARABANKI,2013,Summer,Banana,163,7097,43.5398773
Uttar Pradesh,BARABANKI,2013,Summer,Maize,420,772,1.838095238
Uttar Pradesh,BARABANKI,2013,Summer,Moong(Green Gram),10,4,0.4
Uttar Pradesh,BARABANKI,2013,Summer,Onion,326,4311,13.22392638
Uttar Pradesh,BARABANKI,2013,Summer,Sunflower,6,10,1.666666667
Uttar Pradesh,BARABANKI,2013,Summer,Urad,618,278,0.449838188
Uttar Pradesh,BARABANKI,2014,Kharif,Arhar/Tur,1540,762,0.494805195
Uttar Pradesh,BARABANKI,2014,Kharif,Bajra,578,712,1.23183391
Uttar Pradesh,BARABANKI,2014,Kharif,Dry chillies,283,233,0.823321555
Uttar Pradesh,BARABANKI,2014,Kharif,Groundnut,224,113,0.504464286
Uttar Pradesh,BARABANKI,2014,Kharif,Guar seed,4,3,0.75
Uttar Pradesh,BARABANKI,2014,Kharif,Jowar,1124,1214,1.080071174
Uttar Pradesh,BARABANKI,2014,Kharif,Maize,2980,2166,0.726845638
Uttar Pradesh,BARABANKI,2014,Kharif,Moong(Green Gram),2,1,0.5
Uttar Pradesh,BARABANKI,2014,Kharif,Rice,191884,529600,2.760000834
Uttar Pradesh,BARABANKI,2014,Kharif,Sesamum,166,45,0.271084337
Uttar Pradesh,BARABANKI,2014,Kharif,Small millets,38,29,0.763157895
Uttar Pradesh,BARABANKI,2014,Kharif,Soyabean,1,1,1
Uttar Pradesh,BARABANKI,2014,Kharif,Sugarcane,9736,564143,57.94402219
Uttar Pradesh,BARABANKI,2014,Kharif,Sweet potato,95,1177,12.38947368
Uttar Pradesh,BARABANKI,2014,Kharif,Urad,9381,4906,0.522971965
Uttar Pradesh,BARABANKI,2014,Rabi,Barley,41,70,1.707317073
Uttar Pradesh,BARABANKI,2014,Rabi,Coriander,643,312,0.485225505
Uttar Pradesh,BARABANKI,2014,Rabi,Garlic,467,2705,5.792291221
Uttar Pradesh,BARABANKI,2014,Rabi,Gram,697,220,0.315638451
Uttar Pradesh,BARABANKI,2014,Rabi,Linseed,3,2,0.666666667
Uttar Pradesh,BARABANKI,2014,Rabi,Maize,85,204,2.4
Uttar Pradesh,BARABANKI,2014,Rabi,Masoor,9803,4764,0.485973682
Uttar Pradesh,BARABANKI,2014,Rabi,Onion,43,658,15.30232558
Uttar Pradesh,BARABANKI,2014,Rabi,Peas & beans (Pulses),2665,1727,0.648030019
Uttar Pradesh,BARABANKI,2014,Rabi,Potato,17393,436669,25.10601966
Uttar Pradesh,BARABANKI,2014,Rabi,Rapeseed &Mustard,26373,11631,0.441019224
Uttar Pradesh,BARABANKI,2014,Rabi,Tobacco,7,29,4.142857143
Uttar Pradesh,BARABANKI,2014,Rabi,Turmeric,6,17,2.833333333
Uttar Pradesh,BARABANKI,2014,Rabi,Wheat,165449,392114,2.369999214
Uttar Pradesh,BARABANKI,2014,Summer,Banana,120,5413,45.10833333
Uttar Pradesh,BARABANKI,2014,Summer,Maize,299,532,1.779264214
Uttar Pradesh,BARABANKI,2014,Summer,Moong(Green Gram),6,3,0.5
Uttar Pradesh,BARABANKI,2014,Summer,Onion,131,1155,8.816793893
Uttar Pradesh,BARABANKI,2014,Summer,Sunflower,30,51,1.7
Uttar Pradesh,BARABANKI,2014,Summer,Urad,456,172,0.377192982
Uttar Pradesh,BAREILLY,1997,Kharif,Arhar/Tur,1415,736,0.520141343
Uttar Pradesh,BAREILLY,1997,Kharif,Bajra,13336,14718,1.103629274
Uttar Pradesh,BAREILLY,1997,Kharif,Groundnut,2668,2377,0.890929535
Uttar Pradesh,BAREILLY,1997,Kharif,Jowar,3596,3269,0.909065628
Uttar Pradesh,BAREILLY,1997,Kharif,Maize,488,639,1.30942623
Uttar Pradesh,BAREILLY,1997,Kharif,Moong(Green Gram),18,5,0.277777778
Uttar Pradesh,BAREILLY,1997,Kharif,Oilseeds total,17031,14413,0.846280312
Uttar Pradesh,BAREILLY,1997,Kharif,Onion,528,7180,13.59848485
Uttar Pradesh,BAREILLY,1997,Kharif,Rice,162862,376411,2.311226683
Uttar Pradesh,BAREILLY,1997,Kharif,Sesamum,2108,266,0.126185958
Uttar Pradesh,BAREILLY,1997,Kharif,Small millets,4,6,1.5
Uttar Pradesh,BAREILLY,1997,Kharif,Soyabean,7,7,1
Uttar Pradesh,BAREILLY,1997,Kharif,Total foodgrain,381869,859150,2.249855317
Uttar Pradesh,BAREILLY,1997,Kharif,Urad,1670,817,0.489221557
Uttar Pradesh,BAREILLY,1997,Rabi,Barley,405,722,1.782716049
Uttar Pradesh,BAREILLY,1997,Rabi,Gram,347,222,0.639769452
Uttar Pradesh,BAREILLY,1997,Rabi,Linseed,48,20,0.416666667
Uttar Pradesh,BAREILLY,1997,Rabi,Masoor,12417,8096,0.652009342
Uttar Pradesh,BAREILLY,1997,Rabi,Peas & beans (Pulses),1899,2467,1.299104792
Uttar Pradesh,BAREILLY,1997,Rabi,Rapeseed &Mustard,11705,11051,0.944126442
Uttar Pradesh,BAREILLY,1997,Rabi,Sunflower,495,692,1.397979798
Uttar Pradesh,BAREILLY,1997,Rabi,Wheat,182990,450186,2.460167222
Uttar Pradesh,BAREILLY,1997,Summer,Maize,37,58,1.567567568
Uttar Pradesh,BAREILLY,1997,Summer,Moong(Green Gram),22,10,0.454545455
Uttar Pradesh,BAREILLY,1997,Summer,Rice,336,776,2.30952381
Uttar Pradesh,BAREILLY,1997,Summer,Urad,26,12,0.461538462
Uttar Pradesh,BAREILLY,1997,Whole Year,Potato,5353,68587,12.81281524
Uttar Pradesh,BAREILLY,1997,Whole Year,Sugarcane,69858,4398819,62.96800653
Uttar Pradesh,BAREILLY,1998,Kharif,Arhar/Tur,1423,1638,1.151089248
Uttar Pradesh,BAREILLY,1998,Kharif,Bajra,9501,5871,0.617934954
Uttar Pradesh,BAREILLY,1998,Kharif,Cotton(lint),7,1,0.142857143
Uttar Pradesh,BAREILLY,1998,Kharif,Groundnut,1235,515,0.417004049
Uttar Pradesh,BAREILLY,1998,Kharif,Jowar,2903,1378,0.474681364
Uttar Pradesh,BAREILLY,1998,Kharif,Maize,709,149,0.210155148
Uttar Pradesh,BAREILLY,1998,Kharif,Moong(Green Gram),24,5,0.208333333
Uttar Pradesh,BAREILLY,1998,Kharif,Rice,172969,361703,2.0911435
Uttar Pradesh,BAREILLY,1998,Kharif,Sesamum,1141,165,0.144609991
Uttar Pradesh,BAREILLY,1998,Kharif,Small millets,16,20,1.25
Uttar Pradesh,BAREILLY,1998,Kharif,Urad,2246,493,0.219501336
Uttar Pradesh,BAREILLY,1998,Rabi,Barley,342,816,2.385964912
Uttar Pradesh,BAREILLY,1998,Rabi,Gram,259,229,0.884169884
Uttar Pradesh,BAREILLY,1998,Rabi,Linseed,46,17,0.369565217
Uttar Pradesh,BAREILLY,1998,Rabi,Masoor,13266,7661,0.577491331
Uttar Pradesh,BAREILLY,1998,Rabi,Peas & beans (Pulses),2391,2525,1.056043496
Uttar Pradesh,BAREILLY,1998,Rabi,Rapeseed &Mustard,9145,5512,0.602733734
Uttar Pradesh,BAREILLY,1998,Rabi,Sunflower,399,510,1.278195489
Uttar Pradesh,BAREILLY,1998,Rabi,Wheat,193339,501838,2.595637714
Uttar Pradesh,BAREILLY,1998,Summer,Maize,50,51,1.02
Uttar Pradesh,BAREILLY,1998,Summer,Moong(Green Gram),10,5,0.5
Uttar Pradesh,BAREILLY,1998,Summer,Rice,181,378,2.08839779
Uttar Pradesh,BAREILLY,1998,Summer,Urad,24,11,0.458333333
Uttar Pradesh,BAREILLY,1998,Whole Year,Onion,405,6769,16.71358025
Uttar Pradesh,BAREILLY,1998,Whole Year,Potato,5630,135441,24.05701599
Uttar Pradesh,BAREILLY,1998,Whole Year,Sannhamp,10,4,0.4
Uttar Pradesh,BAREILLY,1998,Whole Year,Sugarcane,62797,3653781,58.18400561
Uttar Pradesh,BAREILLY,1998,Whole Year,Turmeric,19,35,1.842105263
Uttar Pradesh,BAREILLY,1999,Kharif,Arhar/Tur,472,476,1.008474576
Uttar Pradesh,BAREILLY,1999,Kharif,Bajra,9466,9313,0.98383689
Uttar Pradesh,BAREILLY,1999,Kharif,Groundnut,354,124,0.350282486
Uttar Pradesh,BAREILLY,1999,Kharif,Jowar,1330,830,0.62406015
Uttar Pradesh,BAREILLY,1999,Kharif,Maize,254,377,1.484251969
Uttar Pradesh,BAREILLY,1999,Kharif,Moong(Green Gram),12,3,0.25
Uttar Pradesh,BAREILLY,1999,Kharif,Rice,181820,386081,2.123424266
Uttar Pradesh,BAREILLY,1999,Kharif,Small millets,27,27,1
Uttar Pradesh,BAREILLY,1999,Kharif,Soyabean,4,3,0.75
Uttar Pradesh,BAREILLY,1999,Kharif,Sunflower,205,335,1.634146341
Uttar Pradesh,BAREILLY,1999,Kharif,Urad,839,221,0.26340882
Uttar Pradesh,BAREILLY,1999,Rabi,Barley,267,446,1.670411985
Uttar Pradesh,BAREILLY,1999,Rabi,Gram,199,181,0.909547739
Uttar Pradesh,BAREILLY,1999,Rabi,Linseed,15,7,0.466666667
Uttar Pradesh,BAREILLY,1999,Rabi,Maize,42,61,1.452380952
Uttar Pradesh,BAREILLY,1999,Rabi,Ragi,12,20,1.666666667
Uttar Pradesh,BAREILLY,1999,Rabi,Rapeseed &Mustard,12833,8492,0.661731474
Uttar Pradesh,BAREILLY,1999,Rabi,Wheat,187383,520856,2.779633158
Uttar Pradesh,BAREILLY,1999,Summer,Moong(Green Gram),4,2,0.5
Uttar Pradesh,BAREILLY,1999,Summer,Rice,103,219,2.126213592
Uttar Pradesh,BAREILLY,1999,Summer,Urad,16,8,0.5
Uttar Pradesh,BAREILLY,1999,Whole Year,Moth,1,1,1
Uttar Pradesh,BAREILLY,1999,Whole Year,Onion,479,6867,14.33611691
Uttar Pradesh,BAREILLY,1999,Whole Year,Peas & beans (Pulses),1737,3141,1.808290155
Uttar Pradesh,BAREILLY,1999,Whole Year,Potato,6127,122567,20.00440672
Uttar Pradesh,BAREILLY,1999,Whole Year,Sugarcane,65645,3784828,57.65599817
Uttar Pradesh,BAREILLY,1999,Whole Year,Turmeric,40,62,1.55
Uttar Pradesh,BAREILLY,2000,Kharif,Arhar/Tur,503,434,0.862823062
Uttar Pradesh,BAREILLY,2000,Kharif,Bajra,7775,11199,1.440385852
Uttar Pradesh,BAREILLY,2000,Kharif,Cotton(lint),4,6,1.5
Uttar Pradesh,BAREILLY,2000,Kharif,Groundnut,367,225,0.613079019
Uttar Pradesh,BAREILLY,2000,Kharif,Jowar,878,739,0.841685649
Uttar Pradesh,BAREILLY,2000,Kharif,Maize,245,452,1.844897959
Uttar Pradesh,BAREILLY,2000,Kharif,Moong(Green Gram),8,2,0.25
Uttar Pradesh,BAREILLY,2000,Kharif,Rice,179743,348088,1.936587238
Uttar Pradesh,BAREILLY,2000,Kharif,Sesamum,1390,145,0.104316547
Uttar Pradesh,BAREILLY,2000,Kharif,Small millets,3,4,1.333333333
Uttar Pradesh,BAREILLY,2000,Kharif,Urad,986,693,0.702839757
Uttar Pradesh,BAREILLY,2000,Rabi,Barley,230,524,2.27826087
Uttar Pradesh,BAREILLY,2000,Rabi,Gram,123,105,0.853658537
Uttar Pradesh,BAREILLY,2000,Rabi,Linseed,37,13,0.351351351
Uttar Pradesh,BAREILLY,2000,Rabi,Maize,54,88,1.62962963
Uttar Pradesh,BAREILLY,2000,Rabi,Masoor,12253,9435,0.770015506
Uttar Pradesh,BAREILLY,2000,Rabi,Moong(Green Gram),6,3,0.5
Uttar Pradesh,BAREILLY,2000,Rabi,Peas & beans (Pulses),1173,2168,1.848252344
Uttar Pradesh,BAREILLY,2000,Rabi,Rapeseed &Mustard,7940,6364,0.801511335
Uttar Pradesh,BAREILLY,2000,Rabi,Urad,15,7,0.466666667
Uttar Pradesh,BAREILLY,2000,Rabi,Wheat,190452,512384,2.690357675
Uttar Pradesh,BAREILLY,2000,Summer,Rice,138,267,1.934782609
Uttar Pradesh,BAREILLY,2000,Whole Year,Potato,4664,100140,21.47084048
Uttar Pradesh,BAREILLY,2000,Whole Year,Sugarcane,70552,3921351,55.58100408
Uttar Pradesh,BAREILLY,2000,Whole Year,Turmeric,22,38,1.727272727
Uttar Pradesh,BAREILLY,2001,Kharif,Arhar/Tur,454,469,1.033039648
Uttar Pradesh,BAREILLY,2001,Kharif,Bajra,6555,6587,1.00488177
Uttar Pradesh,BAREILLY,2001,Kharif,Groundnut,437,347,0.794050343
Uttar Pradesh,BAREILLY,2001,Kharif,Jowar,577,437,0.757365685
Uttar Pradesh,BAREILLY,2001,Kharif,Maize,269,395,1.468401487
Uttar Pradesh,BAREILLY,2001,Kharif,Moong(Green Gram),9,3,0.333333333
Uttar Pradesh,BAREILLY,2001,Kharif,Rice,175784,363683,2.068919811
Uttar Pradesh,BAREILLY,2001,Kharif,Sesamum,1768,450,0.254524887
Uttar Pradesh,BAREILLY,2001,Kharif,Small millets,7,8,1.142857143
Uttar Pradesh,BAREILLY,2001,Kharif,Sunflower,150,289,1.926666667
Uttar Pradesh,BAREILLY,2001,Kharif,Urad,4040,2040,0.504950495
Uttar Pradesh,BAREILLY,2001,Rabi,Barley,192,474,2.46875
Uttar Pradesh,BAREILLY,2001,Rabi,Gram,128,128,1
Uttar Pradesh,BAREILLY,2001,Rabi,Linseed,5,2,0.4
Uttar Pradesh,BAREILLY,2001,Rabi,Maize,154,251,1.62987013
Uttar Pradesh,BAREILLY,2001,Rabi,Masoor,14825,11697,0.789005059
Uttar Pradesh,BAREILLY,2001,Rabi,Moong(Green Gram),4,2,0.5
Uttar Pradesh,BAREILLY,2001,Rabi,Peas & beans (Pulses),1833,2944,1.606110202
Uttar Pradesh,BAREILLY,2001,Rabi,Rapeseed &Mustard,10405,8614,0.827871216
Uttar Pradesh,BAREILLY,2001,Rabi,Urad,15,7,0.466666667
Uttar Pradesh,BAREILLY,2001,Rabi,Wheat,183317,499169,2.722982593
Uttar Pradesh,BAREILLY,2001,Summer,Rice,157,325,2.070063694
Uttar Pradesh,BAREILLY,2001,Whole Year,Potato,4618,105378,22.81896925
Uttar Pradesh,BAREILLY,2001,Whole Year,Sugarcane,78257,4725158,60.38000434
Uttar Pradesh,BAREILLY,2001,Whole Year,Turmeric,16,29,1.8125
Uttar Pradesh,BAREILLY,2002,Kharif,Bajra,10229,11013,1.076644833
Uttar Pradesh,BAREILLY,2002,Kharif,Groundnut,377,316,0.838196286
Uttar Pradesh,BAREILLY,2002,Kharif,Jowar,568,558,0.982394366
Uttar Pradesh,BAREILLY,2002,Kharif,Maize,296,315,1.064189189
Uttar Pradesh,BAREILLY,2002,Kharif,Moong(Green Gram),154,44,0.285714286
Uttar Pradesh,BAREILLY,2002,Kharif,Rice,122792,229487,1.868908398
Uttar Pradesh,BAREILLY,2002,Kharif,Sesamum,1088,79,0.072610294
Uttar Pradesh,BAREILLY,2002,Kharif,Small millets,1,1,1
Uttar Pradesh,BAREILLY,2002,Kharif,Sunflower,256,368,1.4375
Uttar Pradesh,BAREILLY,2002,Kharif,Urad,7083,4096,0.578286037
Uttar Pradesh,BAREILLY,2002,Rabi,Barley,186,336,1.806451613
Uttar Pradesh,BAREILLY,2002,Rabi,Gram,72,66,0.916666667
Uttar Pradesh,BAREILLY,2002,Rabi,Linseed,2,1,0.5
Uttar Pradesh,BAREILLY,2002,Rabi,Maize,161,178,1.105590062
Uttar Pradesh,BAREILLY,2002,Rabi,Masoor,12190,8033,0.658982773
Uttar Pradesh,BAREILLY,2002,Rabi,Onion,157,1620,10.31847134
Uttar Pradesh,BAREILLY,2002,Rabi,Peas & beans (Pulses),1460,1794,1.228767123
Uttar Pradesh,BAREILLY,2002,Rabi,Rapeseed &Mustard,13298,8948,0.67288314
Uttar Pradesh,BAREILLY,2002,Rabi,Wheat,180188,476134,2.642429019
Uttar Pradesh,BAREILLY,2002,Summer,Moong(Green Gram),4,3,0.75
Uttar Pradesh,BAREILLY,2002,Summer,Onion,122,1364,11.18032787
Uttar Pradesh,BAREILLY,2002,Summer,Rice,249,465,1.86746988
Uttar Pradesh,BAREILLY,2002,Summer,Urad,17,9,0.529411765
Uttar Pradesh,BAREILLY,2002,Whole Year,Potato,6292,101245,16.09106802
Uttar Pradesh,BAREILLY,2002,Whole Year,Sugarcane,90381,4968063,54.96800212
Uttar Pradesh,BAREILLY,2002,Whole Year,Turmeric,30,55,1.833333333
Uttar Pradesh,BAREILLY,2003,Kharif,Arhar/Tur,201,200,0.995024876
Uttar Pradesh,BAREILLY,2003,Kharif,Bajra,11625,13438,1.155956989
Uttar Pradesh,BAREILLY,2003,Kharif,Groundnut,239,159,0.665271967
Uttar Pradesh,BAREILLY,2003,Kharif,Jowar,655,581,0.887022901
Uttar Pradesh,BAREILLY,2003,Kharif,Maize,382,728,1.905759162
Uttar Pradesh,BAREILLY,2003,Kharif,Moong(Green Gram),38,21,0.552631579
Uttar Pradesh,BAREILLY,2003,Kharif,Moth,3,1,0.333333333
Uttar Pradesh,BAREILLY,2003,Kharif,Rice,159862,338695,2.118671104
Uttar Pradesh,BAREILLY,2003,Kharif,Sesamum,2015,887,0.440198511
Uttar Pradesh,BAREILLY,2003,Kharif,Soyabean,16,17,1.0625
Uttar Pradesh,BAREILLY,2003,Kharif,Sunflower,525,889,1.693333333
Uttar Pradesh,BAREILLY,2003,Kharif,Urad,7237,3300,0.455990051
Uttar Pradesh,BAREILLY,2003,Rabi,Barley,131,340,2.595419847
Uttar Pradesh,BAREILLY,2003,Rabi,Gram,40,42,1.05
Uttar Pradesh,BAREILLY,2003,Rabi,Linseed,6,3,0.5
Uttar Pradesh,BAREILLY,2003,Rabi,Masoor,11747,9398,0.800034051
Uttar Pradesh,BAREILLY,2003,Rabi,Onion,114,1636,14.35087719
Uttar Pradesh,BAREILLY,2003,Rabi,Peas & beans (Pulses),1171,1606,1.37147737
Uttar Pradesh,BAREILLY,2003,Rabi,Ragi,1,1,1
Uttar Pradesh,BAREILLY,2003,Rabi,Rapeseed &Mustard,9397,7022,0.747259764
Uttar Pradesh,BAREILLY,2003,Rabi,Wheat,200112,552847,2.762687895
Uttar Pradesh,BAREILLY,2003,Summer,Maize,142,194,1.366197183
Uttar Pradesh,BAREILLY,2003,Summer,Onion,140,1426,10.18571429
Uttar Pradesh,BAREILLY,2003,Summer,Rice,273,578,2.117216117
Uttar Pradesh,BAREILLY,2003,Summer,Urad,12,6,0.5
Uttar Pradesh,BAREILLY,2003,Whole Year,Potato,6030,102371,16.97694859
Uttar Pradesh,BAREILLY,2003,Whole Year,Sannhamp,1,,
Uttar Pradesh,BAREILLY,2003,Whole Year,Sugarcane,83380,4403798,52.81599904
Uttar Pradesh,BAREILLY,2003,Whole Year,Tobacco,426,3195,7.5
Uttar Pradesh,BAREILLY,2003,Whole Year,Turmeric,17,31,1.823529412
Uttar Pradesh,BAREILLY,2004,Kharif,Bajra,10129,12076,1.192220357
Uttar Pradesh,BAREILLY,2004,Kharif,Groundnut,242,199,0.82231405
Uttar Pradesh,BAREILLY,2004,Kharif,Jowar,936,714,0.762820513
Uttar Pradesh,BAREILLY,2004,Kharif,Maize,290,445,1.534482759
Uttar Pradesh,BAREILLY,2004,Kharif,Rice,187526,359792,1.918624617
Uttar Pradesh,BAREILLY,2004,Kharif,Sannhamp,1,,
Uttar Pradesh,BAREILLY,2004,Kharif,Sesamum,3113,308,0.098939929
Uttar Pradesh,BAREILLY,2004,Kharif,Soyabean,22,9,0.409090909
Uttar Pradesh,BAREILLY,2004,Kharif,Sugarcane,64088,4010627,62.57999938
Uttar Pradesh,BAREILLY,2004,Rabi,Barley,102,216,2.117647059
Uttar Pradesh,BAREILLY,2004,Rabi,Gram,16,15,0.9375
Uttar Pradesh,BAREILLY,2004,Rabi,Linseed,14,7,0.5
Uttar Pradesh,BAREILLY,2004,Rabi,Potato,5275,106898,20.2650237
Uttar Pradesh,BAREILLY,2004,Rabi,Rapeseed &Mustard,14101,10606,0.752145238
Uttar Pradesh,BAREILLY,2004,Rabi,Turmeric,38,66,1.736842105
Uttar Pradesh,BAREILLY,2004,Rabi,Wheat,208765,512651,2.455636721
Uttar Pradesh,BAREILLY,2004,Summer,Sunflower,305,599,1.963934426
Uttar Pradesh,BAREILLY,2004,Whole Year,Dry chillies,78,73,0.935897436
Uttar Pradesh,BAREILLY,2004,Whole Year,Garlic,19,82,4.315789474
Uttar Pradesh,BAREILLY,2004,Whole Year,Guar seed,26,22,0.846153846
Uttar Pradesh,BAREILLY,2004,Whole Year,Onion,220,2432,11.05454545
Uttar Pradesh,BAREILLY,2004,Whole Year,Sweet potato,308,3580,11.62337662
Uttar Pradesh,BAREILLY,2005,Kharif,Bajra,6862,6854,0.998834159
Uttar Pradesh,BAREILLY,2005,Kharif,Jowar,704,655,0.930397727
Uttar Pradesh,BAREILLY,2005,Kharif,Maize,156,233,1.493589744
Uttar Pradesh,BAREILLY,2005,Kharif,Rice,159862,301819,1.887997148
Uttar Pradesh,BAREILLY,2005,Kharif,Sannhamp,2,1,0.5
Uttar Pradesh,BAREILLY,2005,Kharif,Sesamum,592,141,0.238175676
Uttar Pradesh,BAREILLY,2005,Kharif,Soyabean,16,13,0.8125
Uttar Pradesh,BAREILLY,2005,Kharif,Sugarcane,97484,5514085,56.56400025
Uttar Pradesh,BAREILLY,2005,Rabi,Barley,115,234,2.034782609
Uttar Pradesh,BAREILLY,2005,Rabi,Gram,72,64,0.888888889
Uttar Pradesh,BAREILLY,2005,Rabi,Linseed,7,3,0.428571429
Uttar Pradesh,BAREILLY,2005,Rabi,Potato,6030,117760,19.52902156
Uttar Pradesh,BAREILLY,2005,Rabi,Rapeseed &Mustard,9354,7584,0.810776139
Uttar Pradesh,BAREILLY,2005,Rabi,Turmeric,13,58,4.461538462
Uttar Pradesh,BAREILLY,2005,Rabi,Wheat,178723,453063,2.535001091
Uttar Pradesh,BAREILLY,2005,Summer,Sunflower,546,661,1.210622711
Uttar Pradesh,BAREILLY,2005,Whole Year,Coriander,17,10,0.588235294
Uttar Pradesh,BAREILLY,2005,Whole Year,Dry chillies,97,88,0.907216495
Uttar Pradesh,BAREILLY,2005,Whole Year,Garlic,155,675,4.35483871
Uttar Pradesh,BAREILLY,2005,Whole Year,Guar seed,4,3,0.75
Uttar Pradesh,BAREILLY,2005,Whole Year,Onion,449,5778,12.86859688
Uttar Pradesh,BAREILLY,2005,Whole Year,Sweet potato,540,7064,13.08148148
Uttar Pradesh,BAREILLY,2006,Kharif,Arhar/Tur,160,135,0.84375
Uttar Pradesh,BAREILLY,2006,Kharif,Bajra,10142,13385,1.319759416
Uttar Pradesh,BAREILLY,2006,Kharif,Dry ginger,1,3,3
Uttar Pradesh,BAREILLY,2006,Kharif,Groundnut,226,209,0.924778761
Uttar Pradesh,BAREILLY,2006,Kharif,Jowar,691,708,1.024602026
Uttar Pradesh,BAREILLY,2006,Kharif,Maize,292,493,1.688356164
Uttar Pradesh,BAREILLY,2006,Kharif,Other Kharif pulses,7009,5319,0.758881438
Uttar Pradesh,BAREILLY,2006,Kharif,Rice,187526,335484,1.788999925
Uttar Pradesh,BAREILLY,2006,Kharif,Sesamum,3101,344,0.110931957
Uttar Pradesh,BAREILLY,2006,Kharif,Soyabean,18,17,0.944444444
Uttar Pradesh,BAREILLY,2006,Kharif,Sugarcane,71317,3929567,55.10000421
Uttar Pradesh,BAREILLY,2006,Kharif,Sweet potato,357,4873,13.64985994
Uttar Pradesh,BAREILLY,2006,Rabi,Barley,103,222,2.155339806
Uttar Pradesh,BAREILLY,2006,Rabi,Garlic,152,668,4.394736842
Uttar Pradesh,BAREILLY,2006,Rabi,Gram,8,6,0.75
Uttar Pradesh,BAREILLY,2006,Rabi,Linseed,14,5,0.357142857
Uttar Pradesh,BAREILLY,2006,Rabi,Masoor,13879,9688,0.698032999
Uttar Pradesh,BAREILLY,2006,Rabi,Onion,88,1688,19.18181818
Uttar Pradesh,BAREILLY,2006,Rabi,Other  Rabi pulses,1041,1007,0.967339097
Uttar Pradesh,BAREILLY,2006,Rabi,Potato,6850,132767,19.3820438
Uttar Pradesh,BAREILLY,2006,Rabi,Rapeseed &Mustard,15951,12832,0.80446367
Uttar Pradesh,BAREILLY,2006,Rabi,Turmeric,18,61,3.388888889
Uttar Pradesh,BAREILLY,2006,Rabi,Wheat,196808,560903,2.850001016
Uttar Pradesh,BAREILLY,2006,Summer,Maize,244,324,1.327868852
Uttar Pradesh,BAREILLY,2006,Summer,Onion,66,769,11.65151515
Uttar Pradesh,BAREILLY,2006,Summer,Rice,406,726,1.78817734
Uttar Pradesh,BAREILLY,2006,Summer,Sunflower,351,532,1.515669516
Uttar Pradesh,BAREILLY,2006,Whole Year,Coriander,39,20,0.512820513
Uttar Pradesh,BAREILLY,2006,Whole Year,Dry chillies,86,81,0.941860465
Uttar Pradesh,BAREILLY,2006,Whole Year,Guar seed,28,24,0.857142857
Uttar Pradesh,BAREILLY,2007,Kharif,Arhar/Tur,198,173,0.873737374
Uttar Pradesh,BAREILLY,2007,Kharif,Bajra,5144,5949,1.156493002
Uttar Pradesh,BAREILLY,2007,Kharif,Dry chillies,50,48,0.96
Uttar Pradesh,BAREILLY,2007,Kharif,Groundnut,451,345,0.764966741
Uttar Pradesh,BAREILLY,2007,Kharif,Guar seed,4,3,0.75
Uttar Pradesh,BAREILLY,2007,Kharif,Jowar,321,200,0.62305296
Uttar Pradesh,BAREILLY,2007,Kharif,Maize,245,405,1.653061224
Uttar Pradesh,BAREILLY,2007,Kharif,Rice,151272,292711,1.934997885
Uttar Pradesh,BAREILLY,2007,Kharif,Sannhamp,4,1,0.25
Uttar Pradesh,BAREILLY,2007,Kharif,Sesamum,2075,396,0.190843373
Uttar Pradesh,BAREILLY,2007,Kharif,Soyabean,53,36,0.679245283
Uttar Pradesh,BAREILLY,2007,Kharif,Sugarcane,84507,4732054,55.99600033
Uttar Pradesh,BAREILLY,2007,Kharif,Sweet potato,231,3110,13.46320346
Uttar Pradesh,BAREILLY,2007,Kharif,Urad,1725,1620,0.939130435
Uttar Pradesh,BAREILLY,2007,Rabi,Barley,72,159,2.208333333
Uttar Pradesh,BAREILLY,2007,Rabi,Coriander,11,6,0.545454545
Uttar Pradesh,BAREILLY,2007,Rabi,Gram,18,14,0.777777778
Uttar Pradesh,BAREILLY,2007,Rabi,Linseed,8,2,0.25
Uttar Pradesh,BAREILLY,2007,Rabi,Masoor,4110,2955,0.718978102
Uttar Pradesh,BAREILLY,2007,Rabi,Onion,284,3968,13.97183099
Uttar Pradesh,BAREILLY,2007,Rabi,Other  Rabi pulses,774,726,0.937984496
Uttar Pradesh,BAREILLY,2007,Rabi,Potato,3062,64369,21.02188112
Uttar Pradesh,BAREILLY,2007,Rabi,Rapeseed &Mustard,15921,13542,0.850574713
Uttar Pradesh,BAREILLY,2007,Rabi,Turmeric,14,43,3.071428571
Uttar Pradesh,BAREILLY,2007,Rabi,Wheat,194880,550146,2.822998768
Uttar Pradesh,BAREILLY,2007,Summer,Maize,147,211,1.43537415
Uttar Pradesh,BAREILLY,2007,Summer,Moong(Green Gram),23,15,0.652173913
Uttar Pradesh,BAREILLY,2007,Summer,Onion,47,635,13.5106383
Uttar Pradesh,BAREILLY,2007,Summer,Rice,381,737,1.934383202
Uttar Pradesh,BAREILLY,2007,Summer,Sunflower,95,267,2.810526316
Uttar Pradesh,BAREILLY,2007,Summer,Urad,12,7,0.583333333
Uttar Pradesh,BAREILLY,2008,Kharif,Arhar/Tur,37,32,0.864864865
Uttar Pradesh,BAREILLY,2008,Kharif,Bajra,6786,8726,1.2858827
Uttar Pradesh,BAREILLY,2008,Kharif,Dry chillies,79,79,1
Uttar Pradesh,BAREILLY,2008,Kharif,Groundnut,170,78,0.458823529
Uttar Pradesh,BAREILLY,2008,Kharif,Guar seed,13,11,0.846153846
Uttar Pradesh,BAREILLY,2008,Kharif,Jowar,270,255,0.944444444
Uttar Pradesh,BAREILLY,2008,Kharif,Maize,196,379,1.933673469
Uttar Pradesh,BAREILLY,2008,Kharif,Rice,186648,326447,1.748998114
Uttar Pradesh,BAREILLY,2008,Kharif,Sesamum,3786,625,0.165081881
Uttar Pradesh,BAREILLY,2008,Kharif,Sugarcane,83043,4194004,50.50400395
Uttar Pradesh,BAREILLY,2008,Kharif,Sweet potato,206,2530,12.2815534
Uttar Pradesh,BAREILLY,2008,Kharif,Urad,4099,3291,0.802878751
Uttar Pradesh,BAREILLY,2008,Rabi,Barley,44,120,2.727272727
Uttar Pradesh,BAREILLY,2008,Rabi,Coriander,21,12,0.571428571
Uttar Pradesh,BAREILLY,2008,Rabi,Garlic,186,1096,5.892473118
Uttar Pradesh,BAREILLY,2008,Rabi,Gram,5,5,1
Uttar Pradesh,BAREILLY,2008,Rabi,Masoor,5467,4488,0.820925553
Uttar Pradesh,BAREILLY,2008,Rabi,Onion,46,539,11.7173913
Uttar Pradesh,BAREILLY,2008,Rabi,Peas & beans (Pulses),699,844,1.207439199
Uttar Pradesh,BAREILLY,2008,Rabi,Potato,4324,73171,16.9220629
Uttar Pradesh,BAREILLY,2008,Rabi,Rapeseed &Mustard,18868,15185,0.804801781
Uttar Pradesh,BAREILLY,2008,Rabi,Wheat,191256,571090,2.985997825
Uttar Pradesh,BAREILLY,2008,Summer,Maize,90,135,1.5
Uttar Pradesh,BAREILLY,2008,Summer,Moong(Green Gram),3,2,0.666666667
Uttar Pradesh,BAREILLY,2008,Summer,Rice,997,1744,1.749247743
Uttar Pradesh,BAREILLY,2008,Summer,Sunflower,170,317,1.864705882
Uttar Pradesh,BAREILLY,2008,Summer,Tobacco,1,2,2
Uttar Pradesh,BAREILLY,2008,Summer,Urad,7,4,0.571428571
Uttar Pradesh,BAREILLY,2009,Kharif,Arhar/Tur,79,63,0.797468354
Uttar Pradesh,BAREILLY,2009,Kharif,Bajra,14979,21264,1.419587422
Uttar Pradesh,BAREILLY,2009,Kharif,Dry chillies,88,77,0.875
Uttar Pradesh,BAREILLY,2009,Kharif,Groundnut,295,277,0.938983051
Uttar Pradesh,BAREILLY,2009,Kharif,Guar seed,15,13,0.866666667
Uttar Pradesh,BAREILLY,2009,Kharif,Jowar,71,59,0.830985915
Uttar Pradesh,BAREILLY,2009,Kharif,Maize,279,522,1.870967742
Uttar Pradesh,BAREILLY,2009,Kharif,Moong(Green Gram),5,1,0.2
Uttar Pradesh,BAREILLY,2009,Kharif,Rice,149116,266321,1.78599882
Uttar Pradesh,BAREILLY,2009,Kharif,Sannhamp,9,2,0.222222222
Uttar Pradesh,BAREILLY,2009,Kharif,Sesamum,3677,375,0.101985314
Uttar Pradesh,BAREILLY,2009,Kharif,Soyabean,88,93,1.056818182
Uttar Pradesh,BAREILLY,2009,Kharif,Sugarcane,66657,3980489,59.71599382
Uttar Pradesh,BAREILLY,2009,Kharif,Sweet potato,92,1251,13.59782609
Uttar Pradesh,BAREILLY,2009,Kharif,Urad,4929,4081,0.827956989
Uttar Pradesh,BAREILLY,2009,Rabi,Barley,44,101,2.295454545
Uttar Pradesh,BAREILLY,2009,Rabi,Coriander,18,10,0.555555556
Uttar Pradesh,BAREILLY,2009,Rabi,Garlic,169,898,5.313609467
Uttar Pradesh,BAREILLY,2009,Rabi,Gram,11,9,0.818181818
Uttar Pradesh,BAREILLY,2009,Rabi,Masoor,5457,4742,0.868975628
Uttar Pradesh,BAREILLY,2009,Rabi,Onion,42,721,17.16666667
Uttar Pradesh,BAREILLY,2009,Rabi,Peas & beans (Pulses),1248,1602,1.283653846
Uttar Pradesh,BAREILLY,2009,Rabi,Potato,3528,94183,26.69586168
Uttar Pradesh,BAREILLY,2009,Rabi,Rapeseed &Mustard,16217,13744,0.847505704
Uttar Pradesh,BAREILLY,2009,Rabi,Turmeric,11,36,3.272727273
Uttar Pradesh,BAREILLY,2009,Rabi,Wheat,217227,607149,2.794997859
Uttar Pradesh,BAREILLY,2009,Summer,Maize,95,138,1.452631579
Uttar Pradesh,BAREILLY,2009,Summer,Onion,33,459,13.90909091
Uttar Pradesh,BAREILLY,2009,Summer,Rice,1129,2016,1.785651019
Uttar Pradesh,BAREILLY,2009,Summer,Sunflower,142,313,2.204225352
Uttar Pradesh,BAREILLY,2009,Summer,Urad,7,4,0.571428571
Uttar Pradesh,BAREILLY,2010,Kharif,Arhar/Tur,75,57,0.76
Uttar Pradesh,BAREILLY,2010,Kharif,Bajra,7328,9723,1.326828603
Uttar Pradesh,BAREILLY,2010,Kharif,Dry chillies,157,137,0.872611465
Uttar Pradesh,BAREILLY,2010,Kharif,Groundnut,302,289,0.956953642
Uttar Pradesh,BAREILLY,2010,Kharif,Guar seed,13,11,0.846153846
Uttar Pradesh,BAREILLY,2010,Kharif,Jowar,198,199,1.005050505
Uttar Pradesh,BAREILLY,2010,Kharif,Maize,247,403,1.631578947
Uttar Pradesh,BAREILLY,2010,Kharif,Rice,163015,270279,1.658000797
Uttar Pradesh,BAREILLY,2010,Kharif,Sesamum,4236,369,0.087110482
Uttar Pradesh,BAREILLY,2010,Kharif,Sugarcane,75026,4268979,56.89999467
Uttar Pradesh,BAREILLY,2010,Kharif,Sweet potato,285,3510,12.31578947
Uttar Pradesh,BAREILLY,2010,Kharif,Urad,4134,2104,0.508950169
Uttar Pradesh,BAREILLY,2010,Rabi,Barley,55,144,2.618181818
Uttar Pradesh,BAREILLY,2010,Rabi,Gram,12,10,0.833333333
Uttar Pradesh,BAREILLY,2010,Rabi,Masoor,5440,5565,1.022977941
Uttar Pradesh,BAREILLY,2010,Rabi,Onion,76,1399,18.40789474
Uttar Pradesh,BAREILLY,2010,Rabi,Peas & beans (Pulses),1130,2446,2.16460177
Uttar Pradesh,BAREILLY,2010,Rabi,Potato,2889,77252,26.74004846
Uttar Pradesh,BAREILLY,2010,Rabi,Rapeseed &Mustard,14148,12705,0.898006785
Uttar Pradesh,BAREILLY,2010,Rabi,Turmeric,31,97,3.129032258
Uttar Pradesh,BAREILLY,2010,Rabi,Wheat,204691,596470,2.914002081
Uttar Pradesh,BAREILLY,2010,Summer,Maize,113,166,1.469026549
Uttar Pradesh,BAREILLY,2010,Summer,Rice,1035,1716,1.657971014
Uttar Pradesh,BAREILLY,2010,Summer,Sunflower,72,153,2.125
Uttar Pradesh,BAREILLY,2010,Summer,Urad,6,4,0.666666667
Uttar Pradesh,BAREILLY,2011,Kharif,Arhar/Tur,57,52,0.912280702
Uttar Pradesh,BAREILLY,2011,Kharif,Bajra,7380,11097,1.503658537
Uttar Pradesh,BAREILLY,2011,Kharif,Cotton(lint),1,,
Uttar Pradesh,BAREILLY,2011,Kharif,Dry chillies,251,208,0.828685259
Uttar Pradesh,BAREILLY,2011,Kharif,Groundnut,554,838,1.512635379
Uttar Pradesh,BAREILLY,2011,Kharif,Guar seed,14,11,0.785714286
Uttar Pradesh,BAREILLY,2011,Kharif,Jowar,108,82,0.759259259
Uttar Pradesh,BAREILLY,2011,Kharif,Maize,225,428,1.902222222
Uttar Pradesh,BAREILLY,2011,Kharif,Moong(Green Gram),5,2,0.4
Uttar Pradesh,BAREILLY,2011,Kharif,Rice,166888,420558,2.520001438
Uttar Pradesh,BAREILLY,2011,Kharif,Sesamum,3949,628,0.159027602
Uttar Pradesh,BAREILLY,2011,Kharif,Soyabean,35,44,1.257142857
Uttar Pradesh,BAREILLY,2011,Kharif,Sugarcane,82466,4753010,57.63599544
Uttar Pradesh,BAREILLY,2011,Kharif,Sweet potato,234,3040,12.99145299
Uttar Pradesh,BAREILLY,2011,Kharif,Urad,12737,11145,0.875009814
Uttar Pradesh,BAREILLY,2011,Rabi,Barley,74,215,2.905405405
Uttar Pradesh,BAREILLY,2011,Rabi,Coriander,54,30,0.555555556
Uttar Pradesh,BAREILLY,2011,Rabi,Garlic,105,543,5.171428571
Uttar Pradesh,BAREILLY,2011,Rabi,Gram,5,6,1.2
Uttar Pradesh,BAREILLY,2011,Rabi,Masoor,4977,6102,1.226039783
Uttar Pradesh,BAREILLY,2011,Rabi,Onion,68,1556,22.88235294
Uttar Pradesh,BAREILLY,2011,Rabi,Peas & beans (Pulses),1732,3010,1.737875289
Uttar Pradesh,BAREILLY,2011,Rabi,Potato,2726,74027,27.15590609
Uttar Pradesh,BAREILLY,2011,Rabi,Rapeseed &Mustard,16329,13520,0.827974769
Uttar Pradesh,BAREILLY,2011,Rabi,Turmeric,124,349,2.814516129
Uttar Pradesh,BAREILLY,2011,Rabi,Wheat,199705,649640,3.252998172
Uttar Pradesh,BAREILLY,2011,Summer,Banana,1,44,44
Uttar Pradesh,BAREILLY,2011,Summer,Maize,158,261,1.651898734
Uttar Pradesh,BAREILLY,2011,Summer,Onion,14,152,10.85714286
Uttar Pradesh,BAREILLY,2011,Summer,Rice,634,1598,2.520504732
Uttar Pradesh,BAREILLY,2011,Summer,Sunflower,85,145,1.705882353
Uttar Pradesh,BAREILLY,2011,Summer,Urad,1,1,1
Uttar Pradesh,BAREILLY,2012,Kharif,Arhar/Tur,54,53,0.981481481
Uttar Pradesh,BAREILLY,2012,Kharif,Bajra,8369,12013,1.435416418
Uttar Pradesh,BAREILLY,2012,Kharif,Dry chillies,202,162,0.801980198
Uttar Pradesh,BAREILLY,2012,Kharif,Groundnut,550,801,1.456363636
Uttar Pradesh,BAREILLY,2012,Kharif,Jowar,63,68,1.079365079
Uttar Pradesh,BAREILLY,2012,Kharif,Maize,260,546,2.1
Uttar Pradesh,BAREILLY,2012,Kharif,Moong(Green Gram),2,1,0.5
Uttar Pradesh,BAREILLY,2012,Kharif,Rice,145203,324384,2.23400343
Uttar Pradesh,BAREILLY,2012,Kharif,Sesamum,3251,354,0.108889572
Uttar Pradesh,BAREILLY,2012,Kharif,Soyabean,25,35,1.4
Uttar Pradesh,BAREILLY,2012,Kharif,Sugarcane,96523,6046973,62.64800099
Uttar Pradesh,BAREILLY,2012,Kharif,Sweet potato,99,1282,12.94949495
Uttar Pradesh,BAREILLY,2012,Kharif,Urad,11834,8331,0.703988508
Uttar Pradesh,BAREILLY,2012,Rabi,Barley,29,77,2.655172414
Uttar Pradesh,BAREILLY,2012,Rabi,Coriander,29,15,0.517241379
Uttar Pradesh,BAREILLY,2012,Rabi,Garlic,159,826,5.194968553
Uttar Pradesh,BAREILLY,2012,Rabi,Gram,20,22,1.1
Uttar Pradesh,BAREILLY,2012,Rabi,Masoor,4065,3845,0.945879459
Uttar Pradesh,BAREILLY,2012,Rabi,Onion,43,989,23
Uttar Pradesh,BAREILLY,2012,Rabi,Peas & beans (Pulses),1206,2559,2.121890547
Uttar Pradesh,BAREILLY,2012,Rabi,Potato,1875,46993,25.06293333
Uttar Pradesh,BAREILLY,2012,Rabi,Rapeseed &Mustard,18214,16028,0.879982431
Uttar Pradesh,BAREILLY,2012,Rabi,Turmeric,62,175,2.822580645
Uttar Pradesh,BAREILLY,2012,Rabi,Wheat,200363,615114,3.069997954
Uttar Pradesh,BAREILLY,2012,Summer,Maize,70,129,1.842857143
Uttar Pradesh,BAREILLY,2012,Summer,Onion,30,327,10.9
Uttar Pradesh,BAREILLY,2012,Summer,Rice,783,1749,2.233716475
Uttar Pradesh,BAREILLY,2012,Summer,Sunflower,85,66,0.776470588
Uttar Pradesh,BAREILLY,2013,Kharif,Arhar/Tur,42,37,0.880952381
Uttar Pradesh,BAREILLY,2013,Kharif,Bajra,7455,9281,1.244936284
Uttar Pradesh,BAREILLY,2013,Kharif,Dry chillies,54,44,0.814814815
Uttar Pradesh,BAREILLY,2013,Kharif,Groundnut,296,335,1.131756757
Uttar Pradesh,BAREILLY,2013,Kharif,Guar seed,11,9,0.818181818
Uttar Pradesh,BAREILLY,2013,Kharif,Jowar,95,85,0.894736842
Uttar Pradesh,BAREILLY,2013,Kharif,Maize,464,941,2.028017241
Uttar Pradesh,BAREILLY,2013,Kharif,Moong(Green Gram),3,1,0.333333333
Uttar Pradesh,BAREILLY,2013,Kharif,Rice,162916,366561,2.25
Uttar Pradesh,BAREILLY,2013,Kharif,Sesamum,2775,405,0.145945946
Uttar Pradesh,BAREILLY,2013,Kharif,Sugarcane,94008,5787132,61.55999489
Uttar Pradesh,BAREILLY,2013,Kharif,Sweet potato,19,251,13.21052632
Uttar Pradesh,BAREILLY,2013,Kharif,Urad,4122,2032,0.49296458
Uttar Pradesh,BAREILLY,2013,Rabi,Barley,46,132,2.869565217
Uttar Pradesh,BAREILLY,2013,Rabi,Coriander,13,7,0.538461538
Uttar Pradesh,BAREILLY,2013,Rabi,Garlic,91,533,5.857142857
Uttar Pradesh,BAREILLY,2013,Rabi,Gram,16,7,0.4375
Uttar Pradesh,BAREILLY,2013,Rabi,Masoor,2328,2763,1.18685567
Uttar Pradesh,BAREILLY,2013,Rabi,Onion,252,5125,20.33730159
Uttar Pradesh,BAREILLY,2013,Rabi,Peas & beans (Pulses),822,1774,2.158150852
Uttar Pradesh,BAREILLY,2013,Rabi,Potato,1409,43392,30.79630944
Uttar Pradesh,BAREILLY,2013,Rabi,Rapeseed &Mustard,14685,11161,0.760027239
Uttar Pradesh,BAREILLY,2013,Rabi,Turmeric,40,116,2.9
Uttar Pradesh,BAREILLY,2013,Rabi,Wheat,200048,630351,3.15099876
Uttar Pradesh,BAREILLY,2013,Summer,Maize,125,230,1.84
Uttar Pradesh,BAREILLY,2013,Summer,Onion,62,834,13.4516129
Uttar Pradesh,BAREILLY,2013,Summer,Rice,1190,2677,2.249579832
Uttar Pradesh,BAREILLY,2013,Summer,Sunflower,46,74,1.608695652
Uttar Pradesh,BAREILLY,2013,Summer,Urad,77,45,0.584415584
Uttar Pradesh,BAREILLY,2014,Kharif,Arhar/Tur,21,15,0.714285714
Uttar Pradesh,BAREILLY,2014,Kharif,Bajra,7980,8607,1.078571429
Uttar Pradesh,BAREILLY,2014,Kharif,Dry chillies,97,80,0.824742268
Uttar Pradesh,BAREILLY,2014,Kharif,Groundnut,359,482,1.342618384
Uttar Pradesh,BAREILLY,2014,Kharif,Guar seed,102,83,0.81372549
Uttar Pradesh,BAREILLY,2014,Kharif,Jowar,25,24,0.96
Uttar Pradesh,BAREILLY,2014,Kharif,Maize,54,106,1.962962963
Uttar Pradesh,BAREILLY,2014,Kharif,Moong(Green Gram),1,,
Uttar Pradesh,BAREILLY,2014,Kharif,Rice,162390,334361,2.058999938
Uttar Pradesh,BAREILLY,2014,Kharif,Sesamum,2215,277,0.125056433
Uttar Pradesh,BAREILLY,2014,Kharif,Sugarcane,99211,6120128,61.68799831
Uttar Pradesh,BAREILLY,2014,Kharif,Sweet potato,146,1809,12.39041096
Uttar Pradesh,BAREILLY,2014,Kharif,Urad,4562,2984,0.654099079
Uttar Pradesh,BAREILLY,2014,Rabi,Barley,52,89,1.711538462
Uttar Pradesh,BAREILLY,2014,Rabi,Coriander,23,11,0.47826087
Uttar Pradesh,BAREILLY,2014,Rabi,Garlic,80,463,5.7875
Uttar Pradesh,BAREILLY,2014,Rabi,Gram,4,1,0.25
Uttar Pradesh,BAREILLY,2014,Rabi,Masoor,3472,1594,0.459101382
Uttar Pradesh,BAREILLY,2014,Rabi,Onion,34,520,15.29411765
Uttar Pradesh,BAREILLY,2014,Rabi,Peas & beans (Pulses),2882,2824,0.979875087
Uttar Pradesh,BAREILLY,2014,Rabi,Potato,1875,37684,20.09813333
Uttar Pradesh,BAREILLY,2014,Rabi,Rapeseed &Mustard,16545,8372,0.506013901
Uttar Pradesh,BAREILLY,2014,Rabi,Turmeric,41,116,2.829268293
Uttar Pradesh,BAREILLY,2014,Rabi,Wheat,212598,395007,1.857999605
Uttar Pradesh,BAREILLY,2014,Summer,Maize,413,734,1.777239709
Uttar Pradesh,BAREILLY,2014,Summer,Onion,56,847,15.125
Uttar Pradesh,BAREILLY,2014,Summer,Rice,1558,3208,2.059050064
Uttar Pradesh,BAREILLY,2014,Summer,Sunflower,1,2,2
Uttar Pradesh,BAREILLY,2014,Summer,Urad,26,14,0.538461538
Uttar Pradesh,BASTI,1997,Kharif,Arhar/Tur,10349,6409,0.619286888
Uttar Pradesh,BASTI,1997,Kharif,Bajra,75,154,2.053333333
Uttar Pradesh,BASTI,1997,Kharif,Groundnut,9,8,0.888888889
Uttar Pradesh,BASTI,1997,Kharif,Maize,5624,7182,1.277027027
Uttar Pradesh,BASTI,1997,Kharif,Oilseeds total,2987,2282,0.763977235
Uttar Pradesh,BASTI,1997,Kharif,Onion,221,2275,10.29411765
Uttar Pradesh,BASTI,1997,Kharif,Rice,115757,205182,1.772523476
Uttar Pradesh,BASTI,1997,Kharif,Sesamum,308,46,0.149350649
Uttar Pradesh,BASTI,1997,Kharif,Small millets,38,26,0.684210526
Uttar Pradesh,BASTI,1997,Kharif,Soyabean,1,1,1
Uttar Pradesh,BASTI,1997,Kharif,Total foodgrain,255679,499125,1.95215485
Uttar Pradesh,BASTI,1997,Kharif,Urad,148,86,0.581081081
Uttar Pradesh,BASTI,1997,Rabi,Barley,140,386,2.757142857
Uttar Pradesh,BASTI,1997,Rabi,Gram,4938,2813,0.569663832
Uttar Pradesh,BASTI,1997,Rabi,Linseed,12,5,0.416666667
Uttar Pradesh,BASTI,1997,Rabi,Masoor,1391,1340,0.96333573
Uttar Pradesh,BASTI,1997,Rabi,Peas & beans (Pulses),7946,10564,1.329473949
Uttar Pradesh,BASTI,1997,Rabi,Rapeseed &Mustard,2578,2115,0.820403413
Uttar Pradesh,BASTI,1997,Rabi,Sunflower,79,107,1.35443038
Uttar Pradesh,BASTI,1997,Rabi,Wheat,108890,264588,2.429865001
Uttar Pradesh,BASTI,1997,Summer,Maize,112,177,1.580357143
Uttar Pradesh,BASTI,1997,Summer,Moong(Green Gram),80,34,0.425
Uttar Pradesh,BASTI,1997,Summer,Rice,72,128,1.777777778
Uttar Pradesh,BASTI,1997,Summer,Urad,115,54,0.469565217
Uttar Pradesh,BASTI,1997,Whole Year,Potato,3549,30816,8.683009298
Uttar Pradesh,BASTI,1997,Whole Year,Sugarcane,23834,1455304,61.05999832
Uttar Pradesh,BASTI,1998,Kharif,Arhar/Tur,8908,3013,0.338235294
Uttar Pradesh,BASTI,1998,Kharif,Bajra,8,16,2
Uttar Pradesh,BASTI,1998,Kharif,Groundnut,8,5,0.625
Uttar Pradesh,BASTI,1998,Kharif,Maize,5116,2226,0.435105551
Uttar Pradesh,BASTI,1998,Kharif,Rice,111703,164962,1.476791134
Uttar Pradesh,BASTI,1998,Kharif,Sesamum,306,38,0.124183007
Uttar Pradesh,BASTI,1998,Kharif,Small millets,37,20,0.540540541
Uttar Pradesh,BASTI,1998,Kharif,Urad,104,48,0.461538462
Uttar Pradesh,BASTI,1998,Rabi,Barley,137,319,2.328467153
Uttar Pradesh,BASTI,1998,Rabi,Gram,4255,3210,0.75440658
Uttar Pradesh,BASTI,1998,Rabi,Linseed,13,3,0.230769231
Uttar Pradesh,BASTI,1998,Rabi,Masoor,1376,1077,0.782703488
Uttar Pradesh,BASTI,1998,Rabi,Peas & beans (Pulses),7568,7591,1.003039112
Uttar Pradesh,BASTI,1998,Rabi,Rapeseed &Mustard,2719,2283,0.839646929
Uttar Pradesh,BASTI,1998,Rabi,Sunflower,71,87,1.225352113
Uttar Pradesh,BASTI,1998,Rabi,Wheat,111471,251920,2.25995999
Uttar Pradesh,BASTI,1998,Summer,Maize,122,124,1.016393443
Uttar Pradesh,BASTI,1998,Summer,Moong(Green Gram),75,38,0.506666667
Uttar Pradesh,BASTI,1998,Summer,Rice,64,95,1.484375
Uttar Pradesh,BASTI,1998,Summer,Urad,112,52,0.464285714
Uttar Pradesh,BASTI,1998,Whole Year,Onion,226,2745,12.1460177
Uttar Pradesh,BASTI,1998,Whole Year,Potato,3676,54085,14.71300326
Uttar Pradesh,BASTI,1998,Whole Year,Sugarcane,24055,1254516,52.15198503
Uttar Pradesh,BASTI,1998,Whole Year,Tobacco,444,2677,6.029279279
Uttar Pradesh,BASTI,1999,Kharif,Arhar/Tur,8558,7378,0.862117317
Uttar Pradesh,BASTI,1999,Kharif,Bajra,7,15,2.142857143
Uttar Pradesh,BASTI,1999,Kharif,Groundnut,7,6,0.857142857
Uttar Pradesh,BASTI,1999,Kharif,Maize,5030,7098,1.411133201
Uttar Pradesh,BASTI,1999,Kharif,Rice,111806,252057,2.254413895
Uttar Pradesh,BASTI,1999,Kharif,Small millets,32,18,0.5625
Uttar Pradesh,BASTI,1999,Kharif,Sunflower,78,102,1.307692308
Uttar Pradesh,BASTI,1999,Kharif,Urad,128,53,0.4140625
Uttar Pradesh,BASTI,1999,Rabi,Barley,143,380,2.657342657
Uttar Pradesh,BASTI,1999,Rabi,Gram,4232,3948,0.93289225
Uttar Pradesh,BASTI,1999,Rabi,Linseed,15,7,0.466666667
Uttar Pradesh,BASTI,1999,Rabi,Maize,126,183,1.452380952
Uttar Pradesh,BASTI,1999,Rabi,Rapeseed &Mustard,2708,3106,1.146971935
Uttar Pradesh,BASTI,1999,Rabi,Wheat,111566,300100,2.6898876
Uttar Pradesh,BASTI,1999,Summer,Moong(Green Gram),68,37,0.544117647
Uttar Pradesh,BASTI,1999,Summer,Rice,63,142,2.253968254
Uttar Pradesh,BASTI,1999,Summer,Urad,106,52,0.490566038
Uttar Pradesh,BASTI,1999,Whole Year,Onion,256,3608,14.09375
Uttar Pradesh,BASTI,1999,Whole Year,Peas & beans (Pulses),7589,10845,1.429042035
Uttar Pradesh,BASTI,1999,Whole Year,Potato,3679,56966,15.48409894
Uttar Pradesh,BASTI,1999,Whole Year,Sugarcane,24227,1335102,55.10801998
Uttar Pradesh,BASTI,1999,Whole Year,Tobacco,444,2431,5.475225225
Uttar Pradesh,BASTI,2000,Kharif,Arhar/Tur,8502,7653,0.900141143
Uttar Pradesh,BASTI,2000,Kharif,Bajra,6,11,1.833333333
Uttar Pradesh,BASTI,2000,Kharif,Groundnut,8,7,0.875
Uttar Pradesh,BASTI,2000,Kharif,Maize,4737,2142,0.452184927
Uttar Pradesh,BASTI,2000,Kharif,Rice,111560,240346,2.154410183
Uttar Pradesh,BASTI,2000,Kharif,Sesamum,333,54,0.162162162
Uttar Pradesh,BASTI,2000,Kharif,Small millets,16,11,0.6875
Uttar Pradesh,BASTI,2000,Kharif,Urad,119,50,0.420168067
Uttar Pradesh,BASTI,2000,Rabi,Barley,147,345,2.346938776
Uttar Pradesh,BASTI,2000,Rabi,Gram,4229,4925,1.164577914
Uttar Pradesh,BASTI,2000,Rabi,Linseed,22,9,0.409090909
Uttar Pradesh,BASTI,2000,Rabi,Maize,132,214,1.621212121
Uttar Pradesh,BASTI,2000,Rabi,Masoor,1466,1383,0.943383356
Uttar Pradesh,BASTI,2000,Rabi,Moong(Green Gram),66,30,0.454545455
Uttar Pradesh,BASTI,2000,Rabi,Peas & beans (Pulses),7617,8537,1.12078246
Uttar Pradesh,BASTI,2000,Rabi,Rapeseed &Mustard,2722,2931,1.076781778
Uttar Pradesh,BASTI,2000,Rabi,Urad,111,51,0.459459459
Uttar Pradesh,BASTI,2000,Rabi,Wheat,111726,283619,2.538522815
Uttar Pradesh,BASTI,2000,Summer,Rice,65,140,2.153846154
Uttar Pradesh,BASTI,2000,Whole Year,Potato,3684,46532,12.63083605
Uttar Pradesh,BASTI,2000,Whole Year,Sugarcane,24053,1171574,48.70801979
Uttar Pradesh,BASTI,2001,Kharif,Arhar/Tur,7344,4504,0.61328976
Uttar Pradesh,BASTI,2001,Kharif,Bajra,49,85,1.734693878
Uttar Pradesh,BASTI,2001,Kharif,Groundnut,7,6,0.857142857
Uttar Pradesh,BASTI,2001,Kharif,Jowar,32,31,0.96875
Uttar Pradesh,BASTI,2001,Kharif,Maize,3431,2474,0.721072574
Uttar Pradesh,BASTI,2001,Kharif,Moong(Green Gram),5,2,0.4
Uttar Pradesh,BASTI,2001,Kharif,Rice,119463,254295,2.128650712
Uttar Pradesh,BASTI,2001,Kharif,Sesamum,200,50,0.25
Uttar Pradesh,BASTI,2001,Kharif,Small millets,60,33,0.55
Uttar Pradesh,BASTI,2001,Kharif,Urad,129,53,0.410852713
Uttar Pradesh,BASTI,2001,Rabi,Barley,71,189,2.661971831
Uttar Pradesh,BASTI,2001,Rabi,Gram,2371,2158,0.910164488
Uttar Pradesh,BASTI,2001,Rabi,Linseed,33,14,0.424242424
Uttar Pradesh,BASTI,2001,Rabi,Maize,136,222,1.632352941
Uttar Pradesh,BASTI,2001,Rabi,Masoor,2064,1649,0.798934109
Uttar Pradesh,BASTI,2001,Rabi,Peas & beans (Pulses),6954,5584,0.802991084
Uttar Pradesh,BASTI,2001,Rabi,Rapeseed &Mustard,2813,2268,0.806256665
Uttar Pradesh,BASTI,2001,Rabi,Urad,89,44,0.494382022
Uttar Pradesh,BASTI,2001,Rabi,Wheat,114281,274123,2.398675195
Uttar Pradesh,BASTI,2001,Whole Year,Potato,3018,74430,24.66202783
Uttar Pradesh,BASTI,2001,Whole Year,Sugarcane,34029,1739290,51.11199271
Uttar Pradesh,BASTI,2001,Whole Year,Tobacco,289,1857,6.425605536
Uttar Pradesh,BASTI,2002,Kharif,Bajra,18,30,1.666666667
Uttar Pradesh,BASTI,2002,Kharif,Groundnut,1,1,1
Uttar Pradesh,BASTI,2002,Kharif,Jowar,43,51,1.186046512
Uttar Pradesh,BASTI,2002,Kharif,Maize,2915,2533,0.868953688
Uttar Pradesh,BASTI,2002,Kharif,Moong(Green Gram),2,1,0.5
Uttar Pradesh,BASTI,2002,Kharif,Rice,117509,133227,1.133759967
Uttar Pradesh,BASTI,2002,Kharif,Sesamum,202,33,0.163366337
Uttar Pradesh,BASTI,2002,Kharif,Small millets,50,33,0.66
Uttar Pradesh,BASTI,2002,Kharif,Urad,110,44,0.4
Uttar Pradesh,BASTI,2002,Rabi,Barley,51,126,2.470588235
Uttar Pradesh,BASTI,2002,Rabi,Gram,2191,1210,0.552259242
Uttar Pradesh,BASTI,2002,Rabi,Linseed,31,6,0.193548387
Uttar Pradesh,BASTI,2002,Rabi,Maize,142,157,1.105633803
Uttar Pradesh,BASTI,2002,Rabi,Masoor,2074,1582,0.762777242
Uttar Pradesh,BASTI,2002,Rabi,Onion,14,145,10.35714286
Uttar Pradesh,BASTI,2002,Rabi,Peas & beans (Pulses),6762,5917,0.875036971
Uttar Pradesh,BASTI,2002,Rabi,Ragi,8,12,1.5
Uttar Pradesh,BASTI,2002,Rabi,Rapeseed &Mustard,2868,1771,0.617503487
Uttar Pradesh,BASTI,2002,Rabi,Wheat,113884,236249,2.074470514
Uttar Pradesh,BASTI,2002,Summer,Moong(Green Gram),48,28,0.583333333
Uttar Pradesh,BASTI,2002,Summer,Onion,184,2057,11.17934783
Uttar Pradesh,BASTI,2002,Summer,Urad,89,47,0.528089888
Uttar Pradesh,BASTI,2002,Whole Year,Potato,2797,64888,23.19914194
Uttar Pradesh,BASTI,2002,Whole Year,Sugarcane,35743,1895380,53.02800548
Uttar Pradesh,BASTI,2002,Whole Year,Tobacco,292,1741,5.962328767
Uttar Pradesh,BASTI,2003,Kharif,Arhar/Tur,6773,2081,0.307249373
Uttar Pradesh,BASTI,2003,Kharif,Bajra,48,82,1.708333333
Uttar Pradesh,BASTI,2003,Kharif,Groundnut,3,2,0.666666667
Uttar Pradesh,BASTI,2003,Kharif,Jowar,33,43,1.303030303
Uttar Pradesh,BASTI,2003,Kharif,Maize,3544,3569,1.007054176
Uttar Pradesh,BASTI,2003,Kharif,Moong(Green Gram),2,0,0
Uttar Pradesh,BASTI,2003,Kharif,Rice,118834,263294,2.215645354
Uttar Pradesh,BASTI,2003,Kharif,Sesamum,188,24,0.127659574
Uttar Pradesh,BASTI,2003,Kharif,Urad,119,28,0.235294118
Uttar Pradesh,BASTI,2003,Rabi,Barley,45,103,2.288888889
Uttar Pradesh,BASTI,2003,Rabi,Gram,2174,377,0.173413063
Uttar Pradesh,BASTI,2003,Rabi,Linseed,23,11,0.47826087
Uttar Pradesh,BASTI,2003,Rabi,Maize,7,10,1.428571429
Uttar Pradesh,BASTI,2003,Rabi,Masoor,2067,1325,0.641025641
Uttar Pradesh,BASTI,2003,Rabi,Onion,26,373,14.34615385
Uttar Pradesh,BASTI,2003,Rabi,Peas & beans (Pulses),6697,4768,0.711960579
Uttar Pradesh,BASTI,2003,Rabi,Ragi,3,4,1.333333333
Uttar Pradesh,BASTI,2003,Rabi,Rapeseed &Mustard,2813,1625,0.57767508
Uttar Pradesh,BASTI,2003,Rabi,Wheat,113999,269940,2.367915508
Uttar Pradesh,BASTI,2003,Summer,Maize,144,197,1.368055556
Uttar Pradesh,BASTI,2003,Summer,Moong(Green Gram),54,29,0.537037037
Uttar Pradesh,BASTI,2003,Summer,Onion,188,1855,9.867021277
Uttar Pradesh,BASTI,2003,Summer,Urad,103,50,0.485436893
Uttar Pradesh,BASTI,2003,Whole Year,Potato,2740,32044,11.69489051
Uttar Pradesh,BASTI,2003,Whole Year,Sugarcane,34171,1609864,47.11199555
Uttar Pradesh,BASTI,2003,Whole Year,Tobacco,292,2106,7.212328767
Uttar Pradesh,BASTI,2004,Kharif,Bajra,39,74,1.897435897
Uttar Pradesh,BASTI,2004,Kharif,Groundnut,1,1,1
Uttar Pradesh,BASTI,2004,Kharif,Jowar,25,19,0.76
Uttar Pradesh,BASTI,2004,Kharif,Maize,3695,5683,1.538024357
Uttar Pradesh,BASTI,2004,Kharif,Rice,118438,176170,1.487444908
Uttar Pradesh,BASTI,2004,Kharif,Sesamum,155,25,0.161290323
Uttar Pradesh,BASTI,2004,Kharif,Small millets,17,6,0.352941176
Uttar Pradesh,BASTI,2004,Kharif,Sugarcane,36518,2027041,55.50799606
Uttar Pradesh,BASTI,2004,Rabi,Barley,34,69,2.029411765
Uttar Pradesh,BASTI,2004,Rabi,Gram,2117,1933,0.913084554
Uttar Pradesh,BASTI,2004,Rabi,Linseed,25,12,0.48
Uttar Pradesh,BASTI,2004,Rabi,Maize,5,23,4.6
Uttar Pradesh,BASTI,2004,Rabi,Potato,2673,59830,22.38309016
Uttar Pradesh,BASTI,2004,Rabi,Rapeseed &Mustard,2811,2794,0.99395233
Uttar Pradesh,BASTI,2004,Rabi,Wheat,113947,267202,2.344967397
Uttar Pradesh,BASTI,2004,Summer,Sunflower,1,2,2
Uttar Pradesh,BASTI,2004,Whole Year,Banana,8,291,36.375
Uttar Pradesh,BASTI,2004,Whole Year,Garlic,2,9,4.5
Uttar Pradesh,BASTI,2004,Whole Year,Guar seed,19,16,0.842105263
Uttar Pradesh,BASTI,2004,Whole Year,Onion,202,2426,12.00990099
Uttar Pradesh,BASTI,2004,Whole Year,Sweet potato,8,93,11.625
Uttar Pradesh,BASTI,2004,Whole Year,Tobacco,289,1369,4.737024221
Uttar Pradesh,BASTI,2005,Kharif,Bajra,90,157,1.744444444
Uttar Pradesh,BASTI,2005,Kharif,Jowar,99,131,1.323232323
Uttar Pradesh,BASTI,2005,Kharif,Maize,5571,7153,1.283970562
Uttar Pradesh,BASTI,2005,Kharif,Rice,118834,197502,1.661999091
Uttar Pradesh,BASTI,2005,Kharif,Sesamum,78,14,0.179487179
Uttar Pradesh,BASTI,2005,Kharif,Small millets,16,9,0.5625
Uttar Pradesh,BASTI,2005,Kharif,Sugarcane,30093,1739616,57.80799521
Uttar Pradesh,BASTI,2005,Rabi,Barley,46,92,2
Uttar Pradesh,BASTI,2005,Rabi,Gram,2126,1897,0.892285983
Uttar Pradesh,BASTI,2005,Rabi,Linseed,23,10,0.434782609
Uttar Pradesh,BASTI,2005,Rabi,Potato,703,15770,22.43243243
Uttar Pradesh,BASTI,2005,Rabi,Rapeseed &Mustard,1463,1697,1.159945318
Uttar Pradesh,BASTI,2005,Rabi,Wheat,101462,232348,2.290000197
Uttar Pradesh,BASTI,2005,Whole Year,Banana,7,267,38.14285714
Uttar Pradesh,BASTI,2005,Whole Year,Coriander,10,6,0.6
Uttar Pradesh,BASTI,2005,Whole Year,Garlic,2,9,4.5
Uttar Pradesh,BASTI,2005,Whole Year,Guar seed,22,18,0.818181818
Uttar Pradesh,BASTI,2005,Whole Year,Onion,106,1366,12.88679245
Uttar Pradesh,BASTI,2005,Whole Year,Sweet potato,8,165,20.625
Uttar Pradesh,BASTI,2005,Whole Year,Tobacco,281,1633,5.8113879
Uttar Pradesh,BASTI,2006,Kharif,Arhar/Tur,7104,4636,0.65259009
Uttar Pradesh,BASTI,2006,Kharif,Bajra,145,242,1.668965517
Uttar Pradesh,BASTI,2006,Kharif,Jowar,22,27,1.227272727
Uttar Pradesh,BASTI,2006,Kharif,Maize,3842,5095,1.326132223
Uttar Pradesh,BASTI,2006,Kharif,Other Kharif pulses,584,310,0.530821918
Uttar Pradesh,BASTI,2006,Kharif,Rice,109692,165525,1.508997921
Uttar Pradesh,BASTI,2006,Kharif,Sesamum,71,12,0.169014085
Uttar Pradesh,BASTI,2006,Kharif,Small millets,16,10,0.625
Uttar Pradesh,BASTI,2006,Kharif,Sugarcane,39063,2074870,53.11599212
Uttar Pradesh,BASTI,2006,Kharif,Sweet potato,12,164,13.66666667
Uttar Pradesh,BASTI,2006,Rabi,Barley,37,78,2.108108108
Uttar Pradesh,BASTI,2006,Rabi,Garlic,20,88,4.4
Uttar Pradesh,BASTI,2006,Rabi,Gram,1856,1353,0.728987069
Uttar Pradesh,BASTI,2006,Rabi,Linseed,25,9,0.36
Uttar Pradesh,BASTI,2006,Rabi,Maize,6,19,3.166666667
Uttar Pradesh,BASTI,2006,Rabi,Masoor,902,636,0.705099778
Uttar Pradesh,BASTI,2006,Rabi,Onion,28,537,19.17857143
Uttar Pradesh,BASTI,2006,Rabi,Other  Rabi pulses,6233,6027,0.966950104
Uttar Pradesh,BASTI,2006,Rabi,Potato,1054,23016,21.83681214
Uttar Pradesh,BASTI,2006,Rabi,Rapeseed &Mustard,1999,2061,1.031015508
Uttar Pradesh,BASTI,2006,Rabi,Tobacco,293,1559,5.320819113
Uttar Pradesh,BASTI,2006,Rabi,Wheat,114347,270888,2.368999624
Uttar Pradesh,BASTI,2006,Summer,Maize,170,225,1.323529412
Uttar Pradesh,BASTI,2006,Summer,Onion,203,2364,11.6453202
Uttar Pradesh,BASTI,2006,Whole Year,Banana,8,311,38.875
Uttar Pradesh,BASTI,2006,Whole Year,Coriander,10,5,0.5
Uttar Pradesh,BASTI,2006,Whole Year,Guar seed,64,54,0.84375
Uttar Pradesh,BASTI,2007,Kharif,Arhar/Tur,6747,5156,0.764191493
Uttar Pradesh,BASTI,2007,Kharif,Groundnut,2,1,0.5
Uttar Pradesh,BASTI,2007,Kharif,Guar seed,35,30,0.857142857
Uttar Pradesh,BASTI,2007,Kharif,Jowar,20,12,0.6
Uttar Pradesh,BASTI,2007,Kharif,Maize,3944,5668,1.437119675
Uttar Pradesh,BASTI,2007,Kharif,Moong(Green Gram),2,,
Uttar Pradesh,BASTI,2007,Kharif,Rice,114107,210984,1.849001376
Uttar Pradesh,BASTI,2007,Kharif,Sesamum,131,20,0.152671756
Uttar Pradesh,BASTI,2007,Kharif,Sugarcane,38062,1967349,51.68800904
Uttar Pradesh,BASTI,2007,Kharif,Sweet potato,8,108,13.5
Uttar Pradesh,BASTI,2007,Kharif,Urad,188,82,0.436170213
Uttar Pradesh,BASTI,2007,Rabi,Barley,91,200,2.197802198
Uttar Pradesh,BASTI,2007,Rabi,Coriander,10,6,0.6
Uttar Pradesh,BASTI,2007,Rabi,Gram,6822,5104,0.748167693
Uttar Pradesh,BASTI,2007,Rabi,Maize,5,14,2.8
Uttar Pradesh,BASTI,2007,Rabi,Masoor,1164,844,0.725085911
Uttar Pradesh,BASTI,2007,Rabi,Onion,31,433,13.96774194
Uttar Pradesh,BASTI,2007,Rabi,Other  Rabi pulses,5041,4729,0.938107518
Uttar Pradesh,BASTI,2007,Rabi,Potato,2659,58434,21.9759308
Uttar Pradesh,BASTI,2007,Rabi,Rapeseed &Mustard,2432,2814,1.157072368
Uttar Pradesh,BASTI,2007,Rabi,Tobacco,166,929,5.596385542
Uttar Pradesh,BASTI,2007,Rabi,Wheat,91668,221837,2.4200048
Uttar Pradesh,BASTI,2007,Summer,Maize,150,216,1.44
Uttar Pradesh,BASTI,2007,Summer,Moong(Green Gram),36,23,0.638888889
Uttar Pradesh,BASTI,2007,Summer,Onion,208,2808,13.5
Uttar Pradesh,BASTI,2007,Summer,Sunflower,33,54,1.636363636
Uttar Pradesh,BASTI,2007,Summer,Urad,94,53,0.563829787
Uttar Pradesh,BASTI,2008,Kharif,Arhar/Tur,5793,3760,0.649059209
Uttar Pradesh,BASTI,2008,Kharif,Groundnut,1,1,1
Uttar Pradesh,BASTI,2008,Kharif,Guar seed,33,28,0.848484848
Uttar Pradesh,BASTI,2008,Kharif,Jowar,24,24,1
Uttar Pradesh,BASTI,2008,Kharif,Maize,2897,4334,1.496030376
Uttar Pradesh,BASTI,2008,Kharif,Rice,111663,223884,2.004997179
Uttar Pradesh,BASTI,2008,Kharif,Sesamum,140,23,0.164285714
Uttar Pradesh,BASTI,2008,Kharif,Small millets,14,9,0.642857143
Uttar Pradesh,BASTI,2008,Kharif,Sugarcane,43570,2018860,46.33601102
Uttar Pradesh,BASTI,2008,Kharif,Sweet potato,6,74,12.33333333
Uttar Pradesh,BASTI,2008,Kharif,Urad,168,91,0.541666667
Uttar Pradesh,BASTI,2008,Rabi,Barley,48,105,2.1875
Uttar Pradesh,BASTI,2008,Rabi,Coriander,44,26,0.590909091
Uttar Pradesh,BASTI,2008,Rabi,Garlic,26,153,5.884615385
Uttar Pradesh,BASTI,2008,Rabi,Gram,1610,1591,0.988198758
Uttar Pradesh,BASTI,2008,Rabi,Linseed,27,12,0.444444444
Uttar Pradesh,BASTI,2008,Rabi,Maize,6,16,2.666666667
Uttar Pradesh,BASTI,2008,Rabi,Masoor,2716,2398,0.882916053
Uttar Pradesh,BASTI,2008,Rabi,Onion,51,598,11.7254902
Uttar Pradesh,BASTI,2008,Rabi,Peas & beans (Pulses),5084,6136,1.206923682
Uttar Pradesh,BASTI,2008,Rabi,Potato,2359,48357,20.49894023
Uttar Pradesh,BASTI,2008,Rabi,Rapeseed &Mustard,2539,2872,1.131153998
Uttar Pradesh,BASTI,2008,Rabi,Tobacco,285,1487,5.21754386
Uttar Pradesh,BASTI,2008,Rabi,Wheat,112152,311446,2.776999073
Uttar Pradesh,BASTI,2008,Summer,Banana,7,267,38.14285714
Uttar Pradesh,BASTI,2008,Summer,Maize,155,232,1.496774194
Uttar Pradesh,BASTI,2008,Summer,Moong(Green Gram),35,26,0.742857143
Uttar Pradesh,BASTI,2008,Summer,Sunflower,33,61,1.848484848
Uttar Pradesh,BASTI,2008,Summer,Urad,95,59,0.621052632
Uttar Pradesh,BASTI,2009,Kharif,Arhar/Tur,4348,2816,0.647654094
Uttar Pradesh,BASTI,2009,Kharif,Bajra,33,60,1.818181818
Uttar Pradesh,BASTI,2009,Kharif,Guar seed,35,29,0.828571429
Uttar Pradesh,BASTI,2009,Kharif,Jowar,27,26,0.962962963
Uttar Pradesh,BASTI,2009,Kharif,Maize,3757,5466,1.454884216
Uttar Pradesh,BASTI,2009,Kharif,Rice,108375,231056,2.132004614
Uttar Pradesh,BASTI,2009,Kharif,Sesamum,186,19,0.102150538
Uttar Pradesh,BASTI,2009,Kharif,Small millets,13,9,0.692307692
Uttar Pradesh,BASTI,2009,Kharif,Sugarcane,35595,1814348,50.97199045
Uttar Pradesh,BASTI,2009,Kharif,Sweet potato,38,517,13.60526316
Uttar Pradesh,BASTI,2009,Kharif,Urad,195,75,0.384615385
Uttar Pradesh,BASTI,2009,Rabi,Barley,63,144,2.285714286
Uttar Pradesh,BASTI,2009,Rabi,Coriander,47,27,0.574468085
Uttar Pradesh,BASTI,2009,Rabi,Garlic,41,218,5.317073171
Uttar Pradesh,BASTI,2009,Rabi,Gram,1625,1337,0.822769231
Uttar Pradesh,BASTI,2009,Rabi,Linseed,9,4,0.444444444
Uttar Pradesh,BASTI,2009,Rabi,Maize,7,21,3
Uttar Pradesh,BASTI,2009,Rabi,Masoor,2043,1641,0.803230543
Uttar Pradesh,BASTI,2009,Rabi,Onion,66,1134,17.18181818
Uttar Pradesh,BASTI,2009,Rabi,Peas & beans (Pulses),5385,6911,1.283379759
Uttar Pradesh,BASTI,2009,Rabi,Potato,2457,61096,24.86609687
Uttar Pradesh,BASTI,2009,Rabi,Rapeseed &Mustard,2524,2817,1.116085578
Uttar Pradesh,BASTI,2009,Rabi,Tobacco,313,1795,5.734824281
Uttar Pradesh,BASTI,2009,Rabi,Wheat,114943,282990,2.462002906
Uttar Pradesh,BASTI,2009,Summer,Banana,7,288,41.14285714
Uttar Pradesh,BASTI,2009,Summer,Maize,162,236,1.456790123
Uttar Pradesh,BASTI,2009,Summer,Moong(Green Gram),62,45,0.725806452
Uttar Pradesh,BASTI,2009,Summer,Onion,149,2070,13.89261745
Uttar Pradesh,BASTI,2009,Summer,Sunflower,35,77,2.2
Uttar Pradesh,BASTI,2009,Summer,Urad,99,61,0.616161616
Uttar Pradesh,BASTI,2010,Kharif,Arhar/Tur,3138,1983,0.631931166
Uttar Pradesh,BASTI,2010,Kharif,Groundnut,169,167,0.98816568
Uttar Pradesh,BASTI,2010,Kharif,Guar seed,21,18,0.857142857
Uttar Pradesh,BASTI,2010,Kharif,Maize,3681,4248,1.15403423
Uttar Pradesh,BASTI,2010,Kharif,Rice,102314,215473,2.105997224
Uttar Pradesh,BASTI,2010,Kharif,Sesamum,169,33,0.195266272
Uttar Pradesh,BASTI,2010,Kharif,Sugarcane,33496,1758808,52.50800096
Uttar Pradesh,BASTI,2010,Kharif,Sweet potato,14,172,12.28571429
Uttar Pradesh,BASTI,2010,Kharif,Urad,772,521,0.674870466
Uttar Pradesh,BASTI,2010,Rabi,Barley,53,138,2.603773585
Uttar Pradesh,BASTI,2010,Rabi,Gram,985,877,0.89035533
Uttar Pradesh,BASTI,2010,Rabi,Linseed,25,12,0.48
Uttar Pradesh,BASTI,2010,Rabi,Maize,8,24,3
Uttar Pradesh,BASTI,2010,Rabi,Masoor,2106,1476,0.700854701
Uttar Pradesh,BASTI,2010,Rabi,Onion,64,1178,18.40625
Uttar Pradesh,BASTI,2010,Rabi,Peas & beans (Pulses),5476,6380,1.165084003
Uttar Pradesh,BASTI,2010,Rabi,Potato,2450,59768,24.39510204
Uttar Pradesh,BASTI,2010,Rabi,Rapeseed &Mustard,2301,2752,1.196001738
Uttar Pradesh,BASTI,2010,Rabi,Tobacco,299,1518,5.076923077
Uttar Pradesh,BASTI,2010,Rabi,Wheat,115598,319744,2.765999412
Uttar Pradesh,BASTI,2010,Summer,Maize,166,243,1.463855422
Uttar Pradesh,BASTI,2010,Summer,Moong(Green Gram),41,37,0.902439024
Uttar Pradesh,BASTI,2010,Summer,Sunflower,3,6,2
Uttar Pradesh,BASTI,2010,Summer,Urad,89,55,0.617977528
Uttar Pradesh,BASTI,2011,Kharif,Arhar/Tur,4091,3059,0.747738939
Uttar Pradesh,BASTI,2011,Kharif,Bajra,25,52,2.08
Uttar Pradesh,BASTI,2011,Kharif,Groundnut,1,1,1
Uttar Pradesh,BASTI,2011,Kharif,Guar seed,42,34,0.80952381
Uttar Pradesh,BASTI,2011,Kharif,Jowar,77,92,1.194805195
Uttar Pradesh,BASTI,2011,Kharif,Maize,2502,4404,1.760191847
Uttar Pradesh,BASTI,2011,Kharif,Moong(Green Gram),13,6,0.461538462
Uttar Pradesh,BASTI,2011,Kharif,Rice,122176,316802,2.592996988
Uttar Pradesh,BASTI,2011,Kharif,Sesamum,159,35,0.220125786
Uttar Pradesh,BASTI,2011,Kharif,Sugarcane,37379,2096364,56.08400439
Uttar Pradesh,BASTI,2011,Kharif,Sweet potato,16,208,13
Uttar Pradesh,BASTI,2011,Kharif,Urad,192,128,0.666666667
Uttar Pradesh,BASTI,2011,Rabi,Barley,52,140,2.692307692
Uttar Pradesh,BASTI,2011,Rabi,Coriander,44,24,0.545454545
Uttar Pradesh,BASTI,2011,Rabi,Garlic,36,186,5.166666667
Uttar Pradesh,BASTI,2011,Rabi,Gram,1074,1264,1.176908752
Uttar Pradesh,BASTI,2011,Rabi,Linseed,37,17,0.459459459
Uttar Pradesh,BASTI,2011,Rabi,Maize,22,53,2.409090909
Uttar Pradesh,BASTI,2011,Rabi,Masoor,1783,1571,0.881099271
Uttar Pradesh,BASTI,2011,Rabi,Onion,55,1258,22.87272727
Uttar Pradesh,BASTI,2011,Rabi,Peas & beans (Pulses),4783,6849,1.431946477
Uttar Pradesh,BASTI,2011,Rabi,Potato,2588,57146,22.08114374
Uttar Pradesh,BASTI,2011,Rabi,Rapeseed &Mustard,2521,2872,1.139230464
Uttar Pradesh,BASTI,2011,Rabi,Tobacco,223,1165,5.224215247
Uttar Pradesh,BASTI,2011,Rabi,Wheat,116212,365952,3.149003545
Uttar Pradesh,BASTI,2011,Summer,Banana,6,262,43.66666667
Uttar Pradesh,BASTI,2011,Summer,Maize,144,238,1.652777778
Uttar Pradesh,BASTI,2011,Summer,Moong(Green Gram),53,45,0.849056604
Uttar Pradesh,BASTI,2011,Summer,Onion,66,715,10.83333333
Uttar Pradesh,BASTI,2011,Summer,Sunflower,33,56,1.696969697
Uttar Pradesh,BASTI,2011,Summer,Urad,142,94,0.661971831
Uttar Pradesh,BASTI,2012,Kharif,Arhar/Tur,3147,2675,0.850015888
Uttar Pradesh,BASTI,2012,Kharif,Groundnut,1,1,1
Uttar Pradesh,BASTI,2012,Kharif,Guar seed,34,28,0.823529412
Uttar Pradesh,BASTI,2012,Kharif,Maize,2382,4400,1.847187238
Uttar Pradesh,BASTI,2012,Kharif,Rice,107977,265084,2.455004306
Uttar Pradesh,BASTI,2012,Kharif,Sesamum,159,30,0.188679245
Uttar Pradesh,BASTI,2012,Kharif,Sugarcane,38841,2343821,60.34399217
Uttar Pradesh,BASTI,2012,Kharif,Sweet potato,6,78,13
Uttar Pradesh,BASTI,2012,Kharif,Urad,201,133,0.661691542
Uttar Pradesh,BASTI,2012,Rabi,Barley,49,131,2.673469388
Uttar Pradesh,BASTI,2012,Rabi,Coriander,42,23,0.547619048
Uttar Pradesh,BASTI,2012,Rabi,Garlic,36,187,5.194444444
Uttar Pradesh,BASTI,2012,Rabi,Gram,907,1004,1.106945976
Uttar Pradesh,BASTI,2012,Rabi,Linseed,14,7,0.5
Uttar Pradesh,BASTI,2012,Rabi,Maize,34,107,3.147058824
Uttar Pradesh,BASTI,2012,Rabi,Masoor,1993,1774,0.890115404
Uttar Pradesh,BASTI,2012,Rabi,Onion,51,1173,23
Uttar Pradesh,BASTI,2012,Rabi,Peas & beans (Pulses),4326,6463,1.493989829
Uttar Pradesh,BASTI,2012,Rabi,Potato,2468,60101,24.35210697
Uttar Pradesh,BASTI,2012,Rabi,Rapeseed &Mustard,2440,3077,1.261065574
Uttar Pradesh,BASTI,2012,Rabi,Tobacco,246,1330,5.406504065
Uttar Pradesh,BASTI,2012,Rabi,Wheat,119061,346825,2.913002579
Uttar Pradesh,BASTI,2012,Summer,Maize,163,301,1.846625767
Uttar Pradesh,BASTI,2012,Summer,Moong(Green Gram),58,47,0.810344828
Uttar Pradesh,BASTI,2012,Summer,Onion,134,1458,10.88059701
Uttar Pradesh,BASTI,2012,Summer,Sunflower,35,27,0.771428571
Uttar Pradesh,BASTI,2012,Summer,Urad,92,64,0.695652174
Uttar Pradesh,BASTI,2013,Kharif,Arhar/Tur,3060,2670,0.87254902
Uttar Pradesh,BASTI,2013,Kharif,Groundnut,1,1,1
Uttar Pradesh,BASTI,2013,Kharif,Maize,2518,4626,1.837172359
Uttar Pradesh,BASTI,2013,Kharif,Rice,104860,263933,2.517003624
Uttar Pradesh,BASTI,2013,Kharif,Sesamum,168,25,0.148809524
Uttar Pradesh,BASTI,2013,Kharif,Sugarcane,39953,2459666,61.56398769
Uttar Pradesh,BASTI,2013,Kharif,Sweet potato,6,79,13.16666667
Uttar Pradesh,BASTI,2013,Kharif,Urad,226,100,0.442477876
Uttar Pradesh,BASTI,2013,Rabi,Barley,55,159,2.890909091
Uttar Pradesh,BASTI,2013,Rabi,Coriander,43,24,0.558139535
Uttar Pradesh,BASTI,2013,Rabi,Garlic,41,240,5.853658537
Uttar Pradesh,BASTI,2013,Rabi,Gram,782,332,0.42455243
Uttar Pradesh,BASTI,2013,Rabi,Linseed,23,9,0.391304348
Uttar Pradesh,BASTI,2013,Rabi,Maize,19,68,3.578947368
Uttar Pradesh,BASTI,2013,Rabi,Masoor,2076,1434,0.690751445
Uttar Pradesh,BASTI,2013,Rabi,Onion,82,1668,20.34146341
Uttar Pradesh,BASTI,2013,Rabi,Peas & beans (Pulses),3368,3341,0.991983373
Uttar Pradesh,BASTI,2013,Rabi,Potato,2395,50690,21.16492693
Uttar Pradesh,BASTI,2013,Rabi,Rapeseed &Mustard,2458,2497,1.015866558
Uttar Pradesh,BASTI,2013,Rabi,Tobacco,217,1194,5.502304147
Uttar Pradesh,BASTI,2013,Rabi,Wheat,119033,383048,3.21799837
Uttar Pradesh,BASTI,2013,Summer,Maize,157,288,1.834394904
Uttar Pradesh,BASTI,2013,Summer,Moong(Green Gram),66,44,0.666666667
Uttar Pradesh,BASTI,2013,Summer,Onion,155,2086,13.45806452
Uttar Pradesh,BASTI,2013,Summer,Urad,84,49,0.583333333
Uttar Pradesh,BASTI,2014,Kharif,Arhar/Tur,2647,1675,0.63279184
Uttar Pradesh,BASTI,2014,Kharif,Groundnut,2,2,1
Uttar Pradesh,BASTI,2014,Kharif,Guar seed,26,21,0.807692308
Uttar Pradesh,BASTI,2014,Kharif,Maize,2273,4041,1.777826661
Uttar Pradesh,BASTI,2014,Kharif,Rice,104328,202814,1.944003527
Uttar Pradesh,BASTI,2014,Kharif,Sesamum,175,34,0.194285714
Uttar Pradesh,BASTI,2014,Kharif,Sugarcane,36515,2290221,62.72000548
Uttar Pradesh,BASTI,2014,Kharif,Sweet potato,11,136,12.36363636
Uttar Pradesh,BASTI,2014,Kharif,Urad,165,88,0.533333333
Uttar Pradesh,BASTI,2014,Rabi,Barley,73,126,1.726027397
Uttar Pradesh,BASTI,2014,Rabi,Coriander,52,25,0.480769231
Uttar Pradesh,BASTI,2014,Rabi,Garlic,47,272,5.787234043
Uttar Pradesh,BASTI,2014,Rabi,Gram,1255,378,0.301195219
Uttar Pradesh,BASTI,2014,Rabi,Linseed,24,14,0.583333333
Uttar Pradesh,BASTI,2014,Rabi,Maize,1,3,3
Uttar Pradesh,BASTI,2014,Rabi,Masoor,1754,942,0.537058153
Uttar Pradesh,BASTI,2014,Rabi,Onion,52,796,15.30769231
Uttar Pradesh,BASTI,2014,Rabi,Peas & beans (Pulses),4669,3525,0.754979653
Uttar Pradesh,BASTI,2014,Rabi,Potato,2435,54931,22.55893224
Uttar Pradesh,BASTI,2014,Rabi,Rapeseed &Mustard,2545,1985,0.779960707
Uttar Pradesh,BASTI,2014,Rabi,Tobacco,212,897,4.231132075
Uttar Pradesh,BASTI,2014,Rabi,Wheat,119630,253855,2.12200117
Uttar Pradesh,BASTI,2014,Summer,Maize,200,356,1.78
Uttar Pradesh,BASTI,2014,Summer,Moong(Green Gram),79,53,0.670886076
Uttar Pradesh,BASTI,2014,Summer,Onion,179,2707,15.12290503
Uttar Pradesh,BASTI,2014,Summer,Urad,91,49,0.538461538
Uttar Pradesh,BIJNOR,1997,Kharif,Arhar/Tur,399,274,0.686716792
Uttar Pradesh,BIJNOR,1997,Kharif,Bajra,113,95,0.840707965
Uttar Pradesh,BIJNOR,1997,Kharif,Groundnut,3185,2551,0.800941915
Uttar Pradesh,BIJNOR,1997,Kharif,Jowar,49,53,1.081632653
Uttar Pradesh,BIJNOR,1997,Kharif,Maize,296,520,1.756756757
Uttar Pradesh,BIJNOR,1997,Kharif,Moong(Green Gram),25,7,0.28
Uttar Pradesh,BIJNOR,1997,Kharif,Oilseeds total,5074,3574,0.704375246
Uttar Pradesh,BIJNOR,1997,Kharif,Onion,163,1612,9.889570552
Uttar Pradesh,BIJNOR,1997,Kharif,Rice,62687,186400,2.973503278
Uttar Pradesh,BIJNOR,1997,Kharif,Sesamum,647,87,0.13446677
Uttar Pradesh,BIJNOR,1997,Kharif,Small millets,16,10,0.625
Uttar Pradesh,BIJNOR,1997,Kharif,Soyabean,9,9,1
Uttar Pradesh,BIJNOR,1997,Kharif,Total foodgrain,186448,505015,2.708610444
Uttar Pradesh,BIJNOR,1997,Kharif,Urad,3390,2336,0.689085546
Uttar Pradesh,BIJNOR,1997,Rabi,Barley,58,139,2.396551724
Uttar Pradesh,BIJNOR,1997,Rabi,Gram,673,578,0.85884101
Uttar Pradesh,BIJNOR,1997,Rabi,Masoor,3816,2870,0.752096436
Uttar Pradesh,BIJNOR,1997,Rabi,Peas & beans (Pulses),504,655,1.299603175
Uttar Pradesh,BIJNOR,1997,Rabi,Rapeseed &Mustard,1118,778,0.69588551
Uttar Pradesh,BIJNOR,1997,Rabi,Sunflower,114,149,1.307017544
Uttar Pradesh,BIJNOR,1997,Rabi,Wheat,114073,310899,2.725438973
Uttar Pradesh,BIJNOR,1997,Summer,Maize,6,9,1.5
Uttar Pradesh,BIJNOR,1997,Summer,Moong(Green Gram),136,58,0.426470588
Uttar Pradesh,BIJNOR,1997,Summer,Rice,6,18,3
Uttar Pradesh,BIJNOR,1997,Summer,Urad,201,94,0.467661692
Uttar Pradesh,BIJNOR,1997,Whole Year,Potato,1163,15347,13.19604471
Uttar Pradesh,BIJNOR,1997,Whole Year,Sugarcane,201435,13297933,66.0160002
Uttar Pradesh,BIJNOR,1998,Kharif,Arhar/Tur,221,220,0.995475113
Uttar Pradesh,BIJNOR,1998,Kharif,Bajra,51,36,0.705882353
Uttar Pradesh,BIJNOR,1998,Kharif,Groundnut,3032,2514,0.829155673
Uttar Pradesh,BIJNOR,1998,Kharif,Jowar,2,1,0.5
Uttar Pradesh,BIJNOR,1998,Kharif,Maize,304,337,1.108552632
Uttar Pradesh,BIJNOR,1998,Kharif,Moong(Green Gram),10,2,0.2
Uttar Pradesh,BIJNOR,1998,Kharif,Rice,65312,183983,2.816986159
Uttar Pradesh,BIJNOR,1998,Kharif,Sesamum,338,21,0.062130178
Uttar Pradesh,BIJNOR,1998,Kharif,Small millets,5,3,0.6
Uttar Pradesh,BIJNOR,1998,Kharif,Soyabean,14,6,0.428571429
Uttar Pradesh,BIJNOR,1998,Kharif,Urad,2618,827,0.315889992
Uttar Pradesh,BIJNOR,1998,Rabi,Barley,76,181,2.381578947
Uttar Pradesh,BIJNOR,1998,Rabi,Gram,406,359,0.884236453
Uttar Pradesh,BIJNOR,1998,Rabi,Linseed,3,1,0.333333333
Uttar Pradesh,BIJNOR,1998,Rabi,Masoor,2853,1752,0.614090431
Uttar Pradesh,BIJNOR,1998,Rabi,Peas & beans (Pulses),423,434,1.026004728
Uttar Pradesh,BIJNOR,1998,Rabi,Rapeseed &Mustard,1060,994,0.937735849
Uttar Pradesh,BIJNOR,1998,Rabi,Sunflower,5,5,1
Uttar Pradesh,BIJNOR,1998,Rabi,Wheat,114195,290315,2.54227418
Uttar Pradesh,BIJNOR,1998,Summer,Maize,27,28,1.037037037
Uttar Pradesh,BIJNOR,1998,Summer,Moong(Green Gram),39,20,0.512820513
Uttar Pradesh,BIJNOR,1998,Summer,Rice,3,8,2.666666667
Uttar Pradesh,BIJNOR,1998,Summer,Urad,89,41,0.460674157
Uttar Pradesh,BIJNOR,1998,Whole Year,Onion,44,534,12.13636364
Uttar Pradesh,BIJNOR,1998,Whole Year,Potato,1074,20195,18.80353818
Uttar Pradesh,BIJNOR,1998,Whole Year,Sannhamp,2,1,0.5
Uttar Pradesh,BIJNOR,1998,Whole Year,Sugarcane,201080,12820861,63.76000099
Uttar Pradesh,BIJNOR,1999,Kharif,Arhar/Tur,205,242,1.180487805
Uttar Pradesh,BIJNOR,1999,Kharif,Cotton(lint),4,6,1.5
Uttar Pradesh,BIJNOR,1999,Kharif,Groundnut,2517,2932,1.164878824
Uttar Pradesh,BIJNOR,1999,Kharif,Jowar,5,4,0.8
Uttar Pradesh,BIJNOR,1999,Kharif,Maize,131,201,1.534351145
Uttar Pradesh,BIJNOR,1999,Kharif,Moong(Green Gram),11,3,0.272727273
Uttar Pradesh,BIJNOR,1999,Kharif,Rice,63349,176290,2.78283793
Uttar Pradesh,BIJNOR,1999,Kharif,Small millets,1,1,1
Uttar Pradesh,BIJNOR,1999,Kharif,Sunflower,3,3,1
Uttar Pradesh,BIJNOR,1999,Kharif,Urad,2662,1648,0.619083396
Uttar Pradesh,BIJNOR,1999,Rabi,Barley,79,200,2.53164557
Uttar Pradesh,BIJNOR,1999,Rabi,Gram,344,335,0.973837209
Uttar Pradesh,BIJNOR,1999,Rabi,Maize,3,4,1.333333333
Uttar Pradesh,BIJNOR,1999,Rabi,Rapeseed &Mustard,1176,1115,0.948129252
Uttar Pradesh,BIJNOR,1999,Rabi,Wheat,113036,324302,2.869015181
Uttar Pradesh,BIJNOR,1999,Summer,Moong(Green Gram),43,23,0.534883721
Uttar Pradesh,BIJNOR,1999,Summer,Rice,5,14,2.8
Uttar Pradesh,BIJNOR,1999,Summer,Urad,91,45,0.494505495
Uttar Pradesh,BIJNOR,1999,Whole Year,Onion,53,747,14.09433962
Uttar Pradesh,BIJNOR,1999,Whole Year,Peas & beans (Pulses),424,767,1.808962264
Uttar Pradesh,BIJNOR,1999,Whole Year,Potato,1121,27249,24.30776093
Uttar Pradesh,BIJNOR,1999,Whole Year,Sugarcane,204652,11787137,57.59600199
Uttar Pradesh,BIJNOR,2000,Kharif,Arhar/Tur,219,243,1.109589041
Uttar Pradesh,BIJNOR,2000,Kharif,Bajra,9,8,0.888888889
Uttar Pradesh,BIJNOR,2000,Kharif,Groundnut,2513,3242,1.290091524
Uttar Pradesh,BIJNOR,2000,Kharif,Jowar,5,3,0.6
Uttar Pradesh,BIJNOR,2000,Kharif,Maize,158,207,1.310126582
Uttar Pradesh,BIJNOR,2000,Kharif,Moong(Green Gram),8,2,0.25
Uttar Pradesh,BIJNOR,2000,Kharif,Rice,65831,183353,2.785207577
Uttar Pradesh,BIJNOR,2000,Kharif,Sesamum,361,58,0.16066482
Uttar Pradesh,BIJNOR,2000,Kharif,Urad,2559,2106,0.822977726
Uttar Pradesh,BIJNOR,2000,Rabi,Barley,48,109,2.270833333
Uttar Pradesh,BIJNOR,2000,Rabi,Gram,292,250,0.856164384
Uttar Pradesh,BIJNOR,2000,Rabi,Linseed,2,1,0.5
Uttar Pradesh,BIJNOR,2000,Rabi,Masoor,2852,2718,0.953015428
Uttar Pradesh,BIJNOR,2000,Rabi,Moong(Green Gram),46,21,0.456521739
Uttar Pradesh,BIJNOR,2000,Rabi,Peas & beans (Pulses),357,368,1.030812325
Uttar Pradesh,BIJNOR,2000,Rabi,Rapeseed &Mustard,1035,1002,0.968115942
Uttar Pradesh,BIJNOR,2000,Rabi,Urad,60,27,0.45
Uttar Pradesh,BIJNOR,2000,Rabi,Wheat,115900,308876,2.66502157
Uttar Pradesh,BIJNOR,2000,Summer,Rice,1,3,3
Uttar Pradesh,BIJNOR,2000,Whole Year,Potato,958,18924,19.75365344
Uttar Pradesh,BIJNOR,2000,Whole Year,Sugarcane,213205,11751007,55.11600103
Uttar Pradesh,BIJNOR,2001,Kharif,Arhar/Tur,174,159,0.913793103
Uttar Pradesh,BIJNOR,2001,Kharif,Bajra,15,20,1.333333333
Uttar Pradesh,BIJNOR,2001,Kharif,Cotton(lint),2,6,3
Uttar Pradesh,BIJNOR,2001,Kharif,Groundnut,2036,1708,0.838899804
Uttar Pradesh,BIJNOR,2001,Kharif,Maize,17,26,1.529411765
Uttar Pradesh,BIJNOR,2001,Kharif,Moong(Green Gram),6,2,0.333333333
Uttar Pradesh,BIJNOR,2001,Kharif,Rice,64581,194561,3.012666264
Uttar Pradesh,BIJNOR,2001,Kharif,Sesamum,295,74,0.250847458
Uttar Pradesh,BIJNOR,2001,Kharif,Soyabean,16,12,0.75
Uttar Pradesh,BIJNOR,2001,Kharif,Sunflower,1,1,1
Uttar Pradesh,BIJNOR,2001,Kharif,Urad,3125,1275,0.408
Uttar Pradesh,BIJNOR,2001,Rabi,Barley,21,52,2.476190476
Uttar Pradesh,BIJNOR,2001,Rabi,Gram,282,281,0.996453901
Uttar Pradesh,BIJNOR,2001,Rabi,Maize,1,2,2
Uttar Pradesh,BIJNOR,2001,Rabi,Masoor,2576,1231,0.477872671
Uttar Pradesh,BIJNOR,2001,Rabi,Moong(Green Gram),10,5,0.5
Uttar Pradesh,BIJNOR,2001,Rabi,Peas & beans (Pulses),294,355,1.207482993
Uttar Pradesh,BIJNOR,2001,Rabi,Rapeseed &Mustard,1548,1683,1.087209302
Uttar Pradesh,BIJNOR,2001,Rabi,Urad,25,12,0.48
Uttar Pradesh,BIJNOR,2001,Rabi,Wheat,108590,320197,2.948678516
Uttar Pradesh,BIJNOR,2001,Summer,Rice,3,9,3
Uttar Pradesh,BIJNOR,2001,Whole Year,Potato,915,21262,23.23715847
Uttar Pradesh,BIJNOR,2001,Whole Year,Sugarcane,213642,13671379,63.99200064
Uttar Pradesh,BIJNOR,2001,Whole Year,Turmeric,1,2,2
Uttar Pradesh,BIJNOR,2002,Kharif,Groundnut,1870,1225,0.655080214
Uttar Pradesh,BIJNOR,2002,Kharif,Jowar,9,8,0.888888889
Uttar Pradesh,BIJNOR,2002,Kharif,Maize,24,27,1.125
Uttar Pradesh,BIJNOR,2002,Kharif,Moong(Green Gram),4,1,0.25
Uttar Pradesh,BIJNOR,2002,Kharif,Rice,52924,141933,2.68182677
Uttar Pradesh,BIJNOR,2002,Kharif,Sesamum,207,33,0.15942029
Uttar Pradesh,BIJNOR,2002,Kharif,Sunflower,6,6,1
Uttar Pradesh,BIJNOR,2002,Kharif,Urad,3212,2155,0.670921544
Uttar Pradesh,BIJNOR,2002,Rabi,Barley,32,78,2.4375
Uttar Pradesh,BIJNOR,2002,Rabi,Gram,165,150,0.909090909
Uttar Pradesh,BIJNOR,2002,Rabi,Linseed,2,1,0.5
Uttar Pradesh,BIJNOR,2002,Rabi,Maize,16,18,1.125
Uttar Pradesh,BIJNOR,2002,Rabi,Masoor,2171,2507,1.154767388
Uttar Pradesh,BIJNOR,2002,Rabi,Onion,6,62,10.33333333
Uttar Pradesh,BIJNOR,2002,Rabi,Peas & beans (Pulses),209,257,1.229665072
Uttar Pradesh,BIJNOR,2002,Rabi,Rapeseed &Mustard,1714,1492,0.870478413
Uttar Pradesh,BIJNOR,2002,Rabi,Wheat,106237,290870,2.737934994
Uttar Pradesh,BIJNOR,2002,Summer,Onion,17,190,11.17647059
Uttar Pradesh,BIJNOR,2002,Summer,Rice,19,51,2.684210526
Uttar Pradesh,BIJNOR,2002,Summer,Urad,30,16,0.533333333
Uttar Pradesh,BIJNOR,2002,Whole Year,Potato,1103,29295,26.5593835
Uttar Pradesh,BIJNOR,2002,Whole Year,Sannhamp,2,1,0.5
Uttar Pradesh,BIJNOR,2002,Whole Year,Sugarcane,218507,13730980,62.84000055
Uttar Pradesh,BIJNOR,2002,Whole Year,Tobacco,8,26,3.25
Uttar Pradesh,BIJNOR,2003,Kharif,Arhar/Tur,133,109,0.819548872
Uttar Pradesh,BIJNOR,2003,Kharif,Bajra,6,6,1
Uttar Pradesh,BIJNOR,2003,Kharif,Groundnut,1923,1284,0.667706708
Uttar Pradesh,BIJNOR,2003,Kharif,Jowar,15,19,1.266666667
Uttar Pradesh,BIJNOR,2003,Kharif,Maize,3,3,1
Uttar Pradesh,BIJNOR,2003,Kharif,Moong(Green Gram),14,3,0.214285714
Uttar Pradesh,BIJNOR,2003,Kharif,Moth,2,1,0.5
Uttar Pradesh,BIJNOR,2003,Kharif,Rice,55591,142603,2.565217391
Uttar Pradesh,BIJNOR,2003,Kharif,Sesamum,153,20,0.130718954
Uttar Pradesh,BIJNOR,2003,Kharif,Soyabean,3,3,1
Uttar Pradesh,BIJNOR,2003,Kharif,Sunflower,7,12,1.714285714
Uttar Pradesh,BIJNOR,2003,Kharif,Urad,3025,1945,0.642975207
Uttar Pradesh,BIJNOR,2003,Rabi,Barley,31,73,2.35483871
Uttar Pradesh,BIJNOR,2003,Rabi,Gram,137,144,1.051094891
Uttar Pradesh,BIJNOR,2003,Rabi,Maize,5,7,1.4
Uttar Pradesh,BIJNOR,2003,Rabi,Masoor,2330,2169,0.930901288
Uttar Pradesh,BIJNOR,2003,Rabi,Onion,18,258,14.33333333
Uttar Pradesh,BIJNOR,2003,Rabi,Peas & beans (Pulses),155,213,1.374193548
Uttar Pradesh,BIJNOR,2003,Rabi,Rapeseed &Mustard,2045,1938,0.947677262
Uttar Pradesh,BIJNOR,2003,Rabi,Wheat,114543,316007,2.758850388
Uttar Pradesh,BIJNOR,2003,Summer,Maize,10,14,1.4
Uttar Pradesh,BIJNOR,2003,Summer,Moong(Green Gram),8,4,0.5
Uttar Pradesh,BIJNOR,2003,Summer,Onion,6,59,9.833333333
Uttar Pradesh,BIJNOR,2003,Summer,Rice,54,139,2.574074074
Uttar Pradesh,BIJNOR,2003,Summer,Urad,90,44,0.488888889
Uttar Pradesh,BIJNOR,2003,Whole Year,Potato,1073,28528,26.58713886
Uttar Pradesh,BIJNOR,2003,Whole Year,Sannhamp,2,,
Uttar Pradesh,BIJNOR,2003,Whole Year,Sugarcane,216616,13409397,61.90400063
Uttar Pradesh,BIJNOR,2003,Whole Year,Tobacco,5,21,4.2
Uttar Pradesh,BIJNOR,2004,Kharif,Cotton(lint),5,1,0.2
Uttar Pradesh,BIJNOR,2004,Kharif,Groundnut,2609,2147,0.822920659
Uttar Pradesh,BIJNOR,2004,Kharif,Maize,25,29,1.16
Uttar Pradesh,BIJNOR,2004,Kharif,Rice,61346,175022,2.853030352
Uttar Pradesh,BIJNOR,2004,Kharif,Sannhamp,4,1,0.25
Uttar Pradesh,BIJNOR,2004,Kharif,Sesamum,274,44,0.160583942
Uttar Pradesh,BIJNOR,2004,Kharif,Small millets,1,,
Uttar Pradesh,BIJNOR,2004,Kharif,Soyabean,5,2,0.4
Uttar Pradesh,BIJNOR,2004,Kharif,Sugarcane,214347,13767937,64.23200231
Uttar Pradesh,BIJNOR,2004,Rabi,Barley,31,66,2.129032258
Uttar Pradesh,BIJNOR,2004,Rabi,Gram,126,116,0.920634921
Uttar Pradesh,BIJNOR,2004,Rabi,Potato,874,22934,26.2402746
Uttar Pradesh,BIJNOR,2004,Rabi,Rapeseed &Mustard,2635,3338,1.266793169
Uttar Pradesh,BIJNOR,2004,Rabi,Wheat,111552,297126,2.663564974
Uttar Pradesh,BIJNOR,2004,Summer,Sunflower,14,25,1.785714286
Uttar Pradesh,BIJNOR,2004,Whole Year,Dry chillies,48,45,0.9375
Uttar Pradesh,BIJNOR,2004,Whole Year,Guar seed,12,10,0.833333333
Uttar Pradesh,BIJNOR,2004,Whole Year,Onion,23,262,11.39130435
Uttar Pradesh,BIJNOR,2004,Whole Year,Sweet potato,90,1046,11.62222222
Uttar Pradesh,BIJNOR,2004,Whole Year,Tobacco,4,19,4.75
Uttar Pradesh,BIJNOR,2005,Kharif,Jowar,10,10,1
Uttar Pradesh,BIJNOR,2005,Kharif,Maize,2,2,1
Uttar Pradesh,BIJNOR,2005,Kharif,Rice,53816,140567,2.611992716
Uttar Pradesh,BIJNOR,2005,Kharif,Sannhamp,2,1,0.5
Uttar Pradesh,BIJNOR,2005,Kharif,Sesamum,92,16,0.173913043
Uttar Pradesh,BIJNOR,2005,Kharif,Small millets,1,1,1
Uttar Pradesh,BIJNOR,2005,Kharif,Soyabean,5,4,0.8
Uttar Pradesh,BIJNOR,2005,Kharif,Sugarcane,215833,13039767,60.41600219
Uttar Pradesh,BIJNOR,2005,Rabi,Barley,95,193,2.031578947
Uttar Pradesh,BIJNOR,2005,Rabi,Gram,295,262,0.888135593
Uttar Pradesh,BIJNOR,2005,Rabi,Potato,888,21576,24.2972973
Uttar Pradesh,BIJNOR,2005,Rabi,Rapeseed &Mustard,1743,2074,1.189902467
Uttar Pradesh,BIJNOR,2005,Rabi,Wheat,105186,287999,2.737997452
Uttar Pradesh,BIJNOR,2005,Summer,Sunflower,8,12,1.5
Uttar Pradesh,BIJNOR,2005,Whole Year,Dry chillies,24,22,0.916666667
Uttar Pradesh,BIJNOR,2005,Whole Year,Guar seed,3,2,0.666666667
Uttar Pradesh,BIJNOR,2005,Whole Year,Onion,911,11630,12.766191
Uttar Pradesh,BIJNOR,2005,Whole Year,Sweet potato,32,419,13.09375
Uttar Pradesh,BIJNOR,2005,Whole Year,Tobacco,9,41,4.555555556
Uttar Pradesh,BIJNOR,2006,Kharif,Arhar/Tur,155,103,0.664516129
Uttar Pradesh,BIJNOR,2006,Kharif,Groundnut,1716,2332,1.358974359
Uttar Pradesh,BIJNOR,2006,Kharif,Maize,29,28,0.965517241
Uttar Pradesh,BIJNOR,2006,Kharif,Other Kharif pulses,4096,3355,0.819091797
Uttar Pradesh,BIJNOR,2006,Kharif,Rice,61346,158641,2.586003977
Uttar Pradesh,BIJNOR,2006,Kharif,Sesamum,206,35,0.169902913
Uttar Pradesh,BIJNOR,2006,Kharif,Soyabean,5,5,1
Uttar Pradesh,BIJNOR,2006,Kharif,Sugarcane,222127,13814522,62.19199827
Uttar Pradesh,BIJNOR,2006,Kharif,Sweet potato,56,764,13.64285714
Uttar Pradesh,BIJNOR,2006,Rabi,Barley,23,50,2.173913043
Uttar Pradesh,BIJNOR,2006,Rabi,Garlic,1,4,4
Uttar Pradesh,BIJNOR,2006,Rabi,Gram,176,129,0.732954545
Uttar Pradesh,BIJNOR,2006,Rabi,Masoor,1618,1140,0.704573548
Uttar Pradesh,BIJNOR,2006,Rabi,Onion,10,192,19.2
Uttar Pradesh,BIJNOR,2006,Rabi,Other  Rabi pulses,163,157,0.963190184
Uttar Pradesh,BIJNOR,2006,Rabi,Potato,1092,28465,26.06684982
Uttar Pradesh,BIJNOR,2006,Rabi,Rapeseed &Mustard,2429,2494,1.026759984
Uttar Pradesh,BIJNOR,2006,Rabi,Wheat,112729,332889,2.953002333
Uttar Pradesh,BIJNOR,2006,Summer,Maize,8,11,1.375
Uttar Pradesh,BIJNOR,2006,Summer,Onion,16,186,11.625
Uttar Pradesh,BIJNOR,2006,Summer,Rice,74,191,2.581081081
Uttar Pradesh,BIJNOR,2006,Summer,Tobacco,4,12,3
Uttar Pradesh,BIJNOR,2006,Whole Year,Dry chillies,60,57,0.95
Uttar Pradesh,BIJNOR,2006,Whole Year,Guar seed,42,35,0.833333333
Uttar Pradesh,BIJNOR,2007,Kharif,Arhar/Tur,51,43,0.843137255
Uttar Pradesh,BIJNOR,2007,Kharif,Cotton(lint),3,1,0.333333333
Uttar Pradesh,BIJNOR,2007,Kharif,Dry chillies,26,25,0.961538462
Uttar Pradesh,BIJNOR,2007,Kharif,Groundnut,2079,1705,0.82010582
Uttar Pradesh,BIJNOR,2007,Kharif,Guar seed,62,52,0.838709677
Uttar Pradesh,BIJNOR,2007,Kharif,Maize,3,4,1.333333333
Uttar Pradesh,BIJNOR,2007,Kharif,Moong(Green Gram),7,1,0.142857143
Uttar Pradesh,BIJNOR,2007,Kharif,Rice,60515,157763,2.607006527
Uttar Pradesh,BIJNOR,2007,Kharif,Sesamum,345,53,0.153623188
Uttar Pradesh,BIJNOR,2007,Kharif,Sugarcane,220174,12737506,57.85199887
Uttar Pradesh,BIJNOR,2007,Kharif,Sweet potato,10,135,13.5
Uttar Pradesh,BIJNOR,2007,Kharif,Urad,2479,2075,0.837031061
Uttar Pradesh,BIJNOR,2007,Rabi,Barley,28,62,2.214285714
Uttar Pradesh,BIJNOR,2007,Rabi,Gram,79,59,0.746835443
Uttar Pradesh,BIJNOR,2007,Rabi,Maize,5,14,2.8
Uttar Pradesh,BIJNOR,2007,Rabi,Masoor,1351,783,0.579570688
Uttar Pradesh,BIJNOR,2007,Rabi,Onion,4,56,14
Uttar Pradesh,BIJNOR,2007,Rabi,Other  Rabi pulses,108,101,0.935185185
Uttar Pradesh,BIJNOR,2007,Rabi,Potato,834,18765,22.5
Uttar Pradesh,BIJNOR,2007,Rabi,Rapeseed &Mustard,2048,2281,1.113769531
Uttar Pradesh,BIJNOR,2007,Rabi,Wheat,108774,318164,2.92500046
Uttar Pradesh,BIJNOR,2007,Summer,Maize,14,20,1.428571429
Uttar Pradesh,BIJNOR,2007,Summer,Moong(Green Gram),9,6,0.666666667
Uttar Pradesh,BIJNOR,2007,Summer,Onion,54,729,13.5
Uttar Pradesh,BIJNOR,2007,Summer,Rice,45,117,2.6
Uttar Pradesh,BIJNOR,2007,Summer,Urad,59,33,0.559322034
Uttar Pradesh,BIJNOR,2008,Kharif,Arhar/Tur,44,36,0.818181818
Uttar Pradesh,BIJNOR,2008,Kharif,Bajra,3,3,1
Uttar Pradesh,BIJNOR,2008,Kharif,Dry chillies,47,47,1
Uttar Pradesh,BIJNOR,2008,Kharif,Groundnut,1798,1886,1.04894327
Uttar Pradesh,BIJNOR,2008,Kharif,Guar seed,22,19,0.863636364
Uttar Pradesh,BIJNOR,2008,Kharif,Moong(Green Gram),5,2,0.4
Uttar Pradesh,BIJNOR,2008,Kharif,Rice,52426,131747,2.513008812
Uttar Pradesh,BIJNOR,2008,Kharif,Sannhamp,1,1,1
Uttar Pradesh,BIJNOR,2008,Kharif,Sesamum,10,2,0.2
Uttar Pradesh,BIJNOR,2008,Kharif,Sugarcane,204850,11029943,53.84399805
Uttar Pradesh,BIJNOR,2008,Kharif,Sweet potato,11,135,12.27272727
Uttar Pradesh,BIJNOR,2008,Kharif,Urad,1365,1273,0.932600733
Uttar Pradesh,BIJNOR,2008,Rabi,Barley,18,42,2.333333333
Uttar Pradesh,BIJNOR,2008,Rabi,Garlic,1,6,6
Uttar Pradesh,BIJNOR,2008,Rabi,Gram,78,77,0.987179487
Uttar Pradesh,BIJNOR,2008,Rabi,Masoor,1722,1345,0.781068525
Uttar Pradesh,BIJNOR,2008,Rabi,Onion,43,504,11.72093023
Uttar Pradesh,BIJNOR,2008,Rabi,Peas & beans (Pulses),148,179,1.209459459
Uttar Pradesh,BIJNOR,2008,Rabi,Potato,1215,25445,20.94238683
Uttar Pradesh,BIJNOR,2008,Rabi,Rapeseed &Mustard,2011,2092,1.040278468
Uttar Pradesh,BIJNOR,2008,Rabi,Wheat,110826,331036,2.986988613
Uttar Pradesh,BIJNOR,2008,Summer,Maize,17,25,1.470588235
Uttar Pradesh,BIJNOR,2008,Summer,Moong(Green Gram),26,19,0.730769231
Uttar Pradesh,BIJNOR,2008,Summer,Rice,91,229,2.516483516
Uttar Pradesh,BIJNOR,2008,Summer,Sunflower,1,2,2
Uttar Pradesh,BIJNOR,2008,Summer,Urad,24,15,0.625
Uttar Pradesh,BIJNOR,2009,Kharif,Arhar/Tur,54,36,0.666666667
Uttar Pradesh,BIJNOR,2009,Kharif,Dry chillies,1,1,1
Uttar Pradesh,BIJNOR,2009,Kharif,Groundnut,1188,801,0.674242424
Uttar Pradesh,BIJNOR,2009,Kharif,Guar seed,47,39,0.829787234
Uttar Pradesh,BIJNOR,2009,Kharif,Maize,12,18,1.5
Uttar Pradesh,BIJNOR,2009,Kharif,Moong(Green Gram),23,4,0.173913043
Uttar Pradesh,BIJNOR,2009,Kharif,Rice,49403,118024,2.389004716
Uttar Pradesh,BIJNOR,2009,Kharif,Sesamum,256,27,0.10546875
Uttar Pradesh,BIJNOR,2009,Kharif,Sugarcane,193561,11464231,59.22800048
Uttar Pradesh,BIJNOR,2009,Kharif,Sweet potato,1,14,14
Uttar Pradesh,BIJNOR,2009,Kharif,Urad,2545,2399,0.942632613
Uttar Pradesh,BIJNOR,2009,Rabi,Barley,25,57,2.28
Uttar Pradesh,BIJNOR,2009,Rabi,Garlic,2,11,5.5
Uttar Pradesh,BIJNOR,2009,Rabi,Gram,132,109,0.825757576
Uttar Pradesh,BIJNOR,2009,Rabi,Masoor,1142,917,0.802977233
Uttar Pradesh,BIJNOR,2009,Rabi,Onion,19,326,17.15789474
Uttar Pradesh,BIJNOR,2009,Rabi,Peas & beans (Pulses),113,145,1.283185841
Uttar Pradesh,BIJNOR,2009,Rabi,Potato,696,16299,23.41810345
Uttar Pradesh,BIJNOR,2009,Rabi,Rapeseed &Mustard,2437,2615,1.073040624
Uttar Pradesh,BIJNOR,2009,Rabi,Turmeric,1,3,3
Uttar Pradesh,BIJNOR,2009,Rabi,Wheat,106194,303821,2.86099968
Uttar Pradesh,BIJNOR,2009,Summer,Maize,7,10,1.428571429
Uttar Pradesh,BIJNOR,2009,Summer,Moong(Green Gram),17,12,0.705882353
Uttar Pradesh,BIJNOR,2009,Summer,Onion,8,112,14
Uttar Pradesh,BIJNOR,2009,Summer,Rice,77,184,2.38961039
Uttar Pradesh,BIJNOR,2009,Summer,Sunflower,1,1,1
Uttar Pradesh,BIJNOR,2009,Summer,Tobacco,18,77,4.277777778
Uttar Pradesh,BIJNOR,2009,Summer,Urad,44,27,0.613636364
Uttar Pradesh,BIJNOR,2010,Kharif,Arhar/Tur,10,7,0.7
Uttar Pradesh,BIJNOR,2010,Kharif,Dry chillies,6,5,0.833333333
Uttar Pradesh,BIJNOR,2010,Kharif,Groundnut,948,936,0.987341772
Uttar Pradesh,BIJNOR,2010,Kharif,Guar seed,35,29,0.828571429
Uttar Pradesh,BIJNOR,2010,Kharif,Maize,4,5,1.25
Uttar Pradesh,BIJNOR,2010,Kharif,Moong(Green Gram),4,2,0.5
Uttar Pradesh,BIJNOR,2010,Kharif,Rice,55816,131000,2.346997277
Uttar Pradesh,BIJNOR,2010,Kharif,Sesamum,173,34,0.196531792
Uttar Pradesh,BIJNOR,2010,Kharif,Sugarcane,224907,12494034,55.55200149
Uttar Pradesh,BIJNOR,2010,Kharif,Sweet potato,3,37,12.33333333
Uttar Pradesh,BIJNOR,2010,Kharif,Urad,2118,1947,0.919263456
Uttar Pradesh,BIJNOR,2010,Rabi,Barley,5,13,2.6
Uttar Pradesh,BIJNOR,2010,Rabi,Gram,84,74,0.880952381
Uttar Pradesh,BIJNOR,2010,Rabi,Masoor,1167,818,0.700942588
Uttar Pradesh,BIJNOR,2010,Rabi,Onion,1,18,18
Uttar Pradesh,BIJNOR,2010,Rabi,Peas & beans (Pulses),91,106,1.164835165
Uttar Pradesh,BIJNOR,2010,Rabi,Potato,873,21247,24.33791523
Uttar Pradesh,BIJNOR,2010,Rabi,Rapeseed &Mustard,2819,3172,1.12522171
Uttar Pradesh,BIJNOR,2010,Rabi,Turmeric,1,3,3
Uttar Pradesh,BIJNOR,2010,Rabi,Wheat,111940,341193,3.047998928
Uttar Pradesh,BIJNOR,2010,Summer,Maize,8,12,1.5
Uttar Pradesh,BIJNOR,2010,Summer,Moong(Green Gram),10,9,0.9
Uttar Pradesh,BIJNOR,2010,Summer,Rice,90,211,2.344444444
Uttar Pradesh,BIJNOR,2010,Summer,Urad,85,53,0.623529412
Uttar Pradesh,BIJNOR,2011,Kharif,Arhar/Tur,26,21,0.807692308
Uttar Pradesh,BIJNOR,2011,Kharif,Bajra,3,3,1
Uttar Pradesh,BIJNOR,2011,Kharif,Dry chillies,1,1,1
Uttar Pradesh,BIJNOR,2011,Kharif,Groundnut,735,695,0.945578231
Uttar Pradesh,BIJNOR,2011,Kharif,Guar seed,43,35,0.813953488
Uttar Pradesh,BIJNOR,2011,Kharif,Moong(Green Gram),15,6,0.4
Uttar Pradesh,BIJNOR,2011,Kharif,Rice,53734,128800,2.396992593
Uttar Pradesh,BIJNOR,2011,Kharif,Sesamum,105,23,0.219047619
Uttar Pradesh,BIJNOR,2011,Kharif,Sugarcane,233294,13458264,57.68799883
Uttar Pradesh,BIJNOR,2011,Kharif,Urad,1464,1449,0.989754098
Uttar Pradesh,BIJNOR,2011,Rabi,Barley,7,19,2.714285714
Uttar Pradesh,BIJNOR,2011,Rabi,Gram,89,105,1.179775281
Uttar Pradesh,BIJNOR,2011,Rabi,Maize,5,12,2.4
Uttar Pradesh,BIJNOR,2011,Rabi,Masoor,817,994,1.216646267
Uttar Pradesh,BIJNOR,2011,Rabi,Onion,1,23,23
Uttar Pradesh,BIJNOR,2011,Rabi,Peas & beans (Pulses),92,152,1.652173913
Uttar Pradesh,BIJNOR,2011,Rabi,Potato,654,17076,26.11009174
Uttar Pradesh,BIJNOR,2011,Rabi,Rapeseed &Mustard,2019,2302,1.1401684
Uttar Pradesh,BIJNOR,2011,Rabi,Wheat,109325,350059,3.202003201
Uttar Pradesh,BIJNOR,2011,Summer,Maize,8,13,1.625
Uttar Pradesh,BIJNOR,2011,Summer,Moong(Green Gram),15,13,0.866666667
Uttar Pradesh,BIJNOR,2011,Summer,Onion,6,65,10.83333333
Uttar Pradesh,BIJNOR,2011,Summer,Rice,70,168,2.4
Uttar Pradesh,BIJNOR,2011,Summer,Urad,52,34,0.653846154
Uttar Pradesh,BIJNOR,2012,Kharif,Arhar/Tur,9,8,0.888888889
Uttar Pradesh,BIJNOR,2012,Kharif,Dry chillies,2,2,1
Uttar Pradesh,BIJNOR,2012,Kharif,Groundnut,746,714,0.957104558
Uttar Pradesh,BIJNOR,2012,Kharif,Guar seed,19,16,0.842105263
Uttar Pradesh,BIJNOR,2012,Kharif,Jowar,3,2,0.666666667
Uttar Pradesh,BIJNOR,2012,Kharif,Rice,51390,129708,2.523992995
Uttar Pradesh,BIJNOR,2012,Kharif,Sesamum,25,5,0.2
Uttar Pradesh,BIJNOR,2012,Kharif,Sugarcane,215538,12602938,58.4720003
Uttar Pradesh,BIJNOR,2012,Kharif,Sweet potato,1,13,13
Uttar Pradesh,BIJNOR,2012,Kharif,Urad,1395,1190,0.853046595
Uttar Pradesh,BIJNOR,2012,Rabi,Barley,1,3,3
Uttar Pradesh,BIJNOR,2012,Rabi,Gram,18,20,1.111111111
Uttar Pradesh,BIJNOR,2012,Rabi,Masoor,557,502,0.901256732
Uttar Pradesh,BIJNOR,2012,Rabi,Onion,1,23,23
Uttar Pradesh,BIJNOR,2012,Rabi,Peas & beans (Pulses),89,114,1.280898876
Uttar Pradesh,BIJNOR,2012,Rabi,Potato,735,16995,23.12244898
Uttar Pradesh,BIJNOR,2012,Rabi,Rapeseed &Mustard,2003,2752,1.373939091
Uttar Pradesh,BIJNOR,2012,Rabi,Turmeric,1,3,3
Uttar Pradesh,BIJNOR,2012,Rabi,Wheat,103369,330057,3.192997901
Uttar Pradesh,BIJNOR,2012,Summer,Maize,13,24,1.846153846
Uttar Pradesh,BIJNOR,2012,Summer,Moong(Green Gram),10,8,0.8
Uttar Pradesh,BIJNOR,2012,Summer,Onion,9,98,10.88888889
Uttar Pradesh,BIJNOR,2012,Summer,Rice,124,313,2.524193548
Uttar Pradesh,BIJNOR,2012,Summer,Urad,107,74,0.691588785
Uttar Pradesh,BIJNOR,2013,Kharif,Arhar/Tur,6,5,0.833333333
Uttar Pradesh,BIJNOR,2013,Kharif,Dry chillies,5,4,0.8
Uttar Pradesh,BIJNOR,2013,Kharif,Groundnut,846,909,1.074468085
Uttar Pradesh,BIJNOR,2013,Kharif,Guar seed,33,27,0.818181818
Uttar Pradesh,BIJNOR,2013,Kharif,Maize,26,41,1.576923077
Uttar Pradesh,BIJNOR,2013,Kharif,Rice,52943,123304,2.328995335
Uttar Pradesh,BIJNOR,2013,Kharif,Sesamum,15,2,0.133333333
Uttar Pradesh,BIJNOR,2013,Kharif,Sugarcane,201239,12060656,59.93200125
Uttar Pradesh,BIJNOR,2013,Kharif,Urad,2206,1751,0.793744334
Uttar Pradesh,BIJNOR,2013,Rabi,Barley,4,11,2.75
Uttar Pradesh,BIJNOR,2013,Rabi,Gram,6,3,0.5
Uttar Pradesh,BIJNOR,2013,Rabi,Maize,15,53,3.533333333
Uttar Pradesh,BIJNOR,2013,Rabi,Masoor,827,1305,1.577992745
Uttar Pradesh,BIJNOR,2013,Rabi,Onion,21,427,20.33333333
Uttar Pradesh,BIJNOR,2013,Rabi,Peas & beans (Pulses),209,209,1
Uttar Pradesh,BIJNOR,2013,Rabi,Potato,898,17255,19.21492205
Uttar Pradesh,BIJNOR,2013,Rabi,Rapeseed &Mustard,4718,6010,1.27384485
Uttar Pradesh,BIJNOR,2013,Rabi,Wheat,147955,488843,3.303997837
Uttar Pradesh,BIJNOR,2013,Summer,Moong(Green Gram),12,8,0.666666667
Uttar Pradesh,BIJNOR,2013,Summer,Onion,13,175,13.46153846
Uttar Pradesh,BIJNOR,2013,Summer,Rice,52,121,2.326923077
Uttar Pradesh,BIJNOR,2013,Summer,Urad,83,48,0.578313253
Uttar Pradesh,BIJNOR,2014,Kharif,Arhar/Tur,11,7,0.636363636
Uttar Pradesh,BIJNOR,2014,Kharif,Dry chillies,15,13,0.866666667
Uttar Pradesh,BIJNOR,2014,Kharif,Groundnut,1073,1327,1.236719478
Uttar Pradesh,BIJNOR,2014,Kharif,Guar seed,22,18,0.818181818
Uttar Pradesh,BIJNOR,2014,Kharif,Maize,5,9,1.8
Uttar Pradesh,BIJNOR,2014,Kharif,Rice,54742,143205,2.615998685
Uttar Pradesh,BIJNOR,2014,Kharif,Sesamum,33,7,0.212121212
Uttar Pradesh,BIJNOR,2014,Kharif,Sugarcane,212471,13968693,65.743998
Uttar Pradesh,BIJNOR,2014,Kharif,Sweet potato,12,149,12.41666667
Uttar Pradesh,BIJNOR,2014,Kharif,Urad,1938,1944,1.003095975
Uttar Pradesh,BIJNOR,2014,Rabi,Barley,58,100,1.724137931
Uttar Pradesh,BIJNOR,2014,Rabi,Gram,20,6,0.3
Uttar Pradesh,BIJNOR,2014,Rabi,Maize,2,5,2.5
Uttar Pradesh,BIJNOR,2014,Rabi,Masoor,902,437,0.484478936
Uttar Pradesh,BIJNOR,2014,Rabi,Onion,2,31,15.5
Uttar Pradesh,BIJNOR,2014,Rabi,Peas & beans (Pulses),51,49,0.960784314
Uttar Pradesh,BIJNOR,2014,Rabi,Potato,861,23776,27.61440186
Uttar Pradesh,BIJNOR,2014,Rabi,Rapeseed &Mustard,2422,2141,0.883980182
Uttar Pradesh,BIJNOR,2014,Rabi,Wheat,116552,315040,2.70299952
Uttar Pradesh,BIJNOR,2014,Summer,Moong(Green Gram),13,9,0.692307692
Uttar Pradesh,BIJNOR,2014,Summer,Rice,67,175,2.611940299
Uttar Pradesh,BIJNOR,2014,Summer,Urad,127,69,0.543307087
Uttar Pradesh,BUDAUN,1997,Kharif,Arhar/Tur,2361,1227,0.519695044
Uttar Pradesh,BUDAUN,1997,Kharif,Bajra,125244,172479,1.377143815
Uttar Pradesh,BUDAUN,1997,Kharif,Groundnut,3393,3022,0.890657235
Uttar Pradesh,BUDAUN,1997,Kharif,Jowar,5164,5435,1.052478699
Uttar Pradesh,BUDAUN,1997,Kharif,Maize,18097,23689,1.309001492
Uttar Pradesh,BUDAUN,1997,Kharif,Moong(Green Gram),93,27,0.290322581
Uttar Pradesh,BUDAUN,1997,Kharif,Moth,71,38,0.535211268
Uttar Pradesh,BUDAUN,1997,Kharif,Oilseeds total,29180,22672,0.776970528
Uttar Pradesh,BUDAUN,1997,Kharif,Onion,2118,28798,13.59678942
Uttar Pradesh,BUDAUN,1997,Kharif,Rice,75479,141053,1.868771446
Uttar Pradesh,BUDAUN,1997,Kharif,Sesamum,1127,142,0.125998225
Uttar Pradesh,BUDAUN,1997,Kharif,Total foodgrain,515861,1084751,2.102797071
Uttar Pradesh,BUDAUN,1997,Kharif,Urad,5876,4389,0.746936692
Uttar Pradesh,BUDAUN,1997,Rabi,Barley,2286,4073,1.781714786
Uttar Pradesh,BUDAUN,1997,Rabi,Gram,2422,1551,0.640379851
Uttar Pradesh,BUDAUN,1997,Rabi,Linseed,8,3,0.375
Uttar Pradesh,BUDAUN,1997,Rabi,Masoor,6889,4869,0.706778923
Uttar Pradesh,BUDAUN,1997,Rabi,Peas & beans (Pulses),3104,4032,1.298969072
Uttar Pradesh,BUDAUN,1997,Rabi,Rapeseed &Mustard,22673,16736,0.738146694
Uttar Pradesh,BUDAUN,1997,Rabi,Sunflower,1979,2769,1.399191511
Uttar Pradesh,BUDAUN,1997,Rabi,Wheat,268465,721587,2.687825229
Uttar Pradesh,BUDAUN,1997,Summer,Maize,113,178,1.575221239
Uttar Pradesh,BUDAUN,1997,Summer,Moong(Green Gram),125,53,0.424
Uttar Pradesh,BUDAUN,1997,Summer,Rice,26,49,1.884615385
Uttar Pradesh,BUDAUN,1997,Summer,Urad,46,22,0.47826087
Uttar Pradesh,BUDAUN,1997,Whole Year,Potato,17190,244614,14.23001745
Uttar Pradesh,BUDAUN,1997,Whole Year,Sugarcane,24875,1709808,68.736
Uttar Pradesh,BUDAUN,1998,Kharif,Arhar/Tur,1459,1679,1.150788211
Uttar Pradesh,BUDAUN,1998,Kharif,Bajra,110090,113792,1.033627032
Uttar Pradesh,BUDAUN,1998,Kharif,Cotton(lint),2,,
Uttar Pradesh,BUDAUN,1998,Kharif,Groundnut,1030,429,0.416504854
Uttar Pradesh,BUDAUN,1998,Kharif,Jowar,3005,1427,0.474875208
Uttar Pradesh,BUDAUN,1998,Kharif,Maize,11341,11488,1.01296182
Uttar Pradesh,BUDAUN,1998,Kharif,Moong(Green Gram),76,17,0.223684211
Uttar Pradesh,BUDAUN,1998,Kharif,Moth,23,9,0.391304348
Uttar Pradesh,BUDAUN,1998,Kharif,Ragi,16,20,1.25
Uttar Pradesh,BUDAUN,1998,Kharif,Rice,86247,150611,1.746275233
Uttar Pradesh,BUDAUN,1998,Kharif,Sesamum,646,93,0.143962848
Uttar Pradesh,BUDAUN,1998,Kharif,Small millets,2,1,0.5
Uttar Pradesh,BUDAUN,1998,Kharif,Soyabean,16,6,0.375
Uttar Pradesh,BUDAUN,1998,Kharif,Urad,4997,2489,0.498098859
Uttar Pradesh,BUDAUN,1998,Rabi,Barley,2352,5609,2.384778912
Uttar Pradesh,BUDAUN,1998,Rabi,Gram,1047,927,0.885386819
Uttar Pradesh,BUDAUN,1998,Rabi,Linseed,5,2,0.4
Uttar Pradesh,BUDAUN,1998,Rabi,Masoor,9671,5585,0.577499741
Uttar Pradesh,BUDAUN,1998,Rabi,Peas & beans (Pulses),4271,4510,1.055958792
Uttar Pradesh,BUDAUN,1998,Rabi,Rapeseed &Mustard,14001,10894,0.778087279
Uttar Pradesh,BUDAUN,1998,Rabi,Sunflower,2194,2806,1.278942571
Uttar Pradesh,BUDAUN,1998,Rabi,Wheat,281397,811227,2.882855894
Uttar Pradesh,BUDAUN,1998,Summer,Maize,116,118,1.017241379
Uttar Pradesh,BUDAUN,1998,Summer,Moong(Green Gram),124,63,0.508064516
Uttar Pradesh,BUDAUN,1998,Summer,Rice,54,94,1.740740741
Uttar Pradesh,BUDAUN,1998,Summer,Urad,94,44,0.468085106
Uttar Pradesh,BUDAUN,1998,Whole Year,Onion,1570,19975,12.72292994
Uttar Pradesh,BUDAUN,1998,Whole Year,Potato,19543,337820,17.28598475
Uttar Pradesh,BUDAUN,1998,Whole Year,Sannhamp,1,,
Uttar Pradesh,BUDAUN,1998,Whole Year,Sugarcane,23288,1504684,64.61198901
Uttar Pradesh,BUDAUN,1998,Whole Year,Tobacco,361,2177,6.030470914
Uttar Pradesh,BUDAUN,1998,Whole Year,Turmeric,99,184,1.858585859
Uttar Pradesh,BUDAUN,1999,Kharif,Arhar/Tur,1221,1232,1.009009009
Uttar Pradesh,BUDAUN,1999,Kharif,Bajra,113254,138216,1.220407226
Uttar Pradesh,BUDAUN,1999,Kharif,Groundnut,234,82,0.35042735
Uttar Pradesh,BUDAUN,1999,Kharif,Jowar,3251,2030,0.624423254
Uttar Pradesh,BUDAUN,1999,Kharif,Maize,13105,16525,1.260969096
Uttar Pradesh,BUDAUN,1999,Kharif,Moong(Green Gram),138,39,0.282608696
Uttar Pradesh,BUDAUN,1999,Kharif,Rice,108043,200329,1.854159918
Uttar Pradesh,BUDAUN,1999,Kharif,Soyabean,11,8,0.727272727
Uttar Pradesh,BUDAUN,1999,Kharif,Sunflower,864,1260,1.458333333
Uttar Pradesh,BUDAUN,1999,Kharif,Urad,4765,2721,0.571038825
Uttar Pradesh,BUDAUN,1999,Rabi,Barley,1860,3105,1.669354839
Uttar Pradesh,BUDAUN,1999,Rabi,Gram,585,532,0.909401709
Uttar Pradesh,BUDAUN,1999,Rabi,Maize,226,328,1.451327434
Uttar Pradesh,BUDAUN,1999,Rabi,Rapeseed &Mustard,14294,13842,0.968378341
Uttar Pradesh,BUDAUN,1999,Rabi,Wheat,283537,830389,2.928679502
Uttar Pradesh,BUDAUN,1999,Summer,Moong(Green Gram),138,75,0.543478261
Uttar Pradesh,BUDAUN,1999,Summer,Rice,60,111,1.85
Uttar Pradesh,BUDAUN,1999,Summer,Urad,72,35,0.486111111
Uttar Pradesh,BUDAUN,1999,Whole Year,Moth,18,7,0.388888889
Uttar Pradesh,BUDAUN,1999,Whole Year,Onion,1548,22191,14.33527132
Uttar Pradesh,BUDAUN,1999,Whole Year,Peas & beans (Pulses),3320,6003,1.80813253
Uttar Pradesh,BUDAUN,1999,Whole Year,Potato,20697,408414,19.73300478
Uttar Pradesh,BUDAUN,1999,Whole Year,Sugarcane,22263,1548525,69.55598976
Uttar Pradesh,BUDAUN,1999,Whole Year,Tobacco,246,1400,5.691056911
Uttar Pradesh,BUDAUN,1999,Whole Year,Turmeric,241,376,1.560165975
Uttar Pradesh,BUDAUN,2000,Kharif,Arhar/Tur,1461,1260,0.862422998
Uttar Pradesh,BUDAUN,2000,Kharif,Bajra,117911,209698,1.778443063
Uttar Pradesh,BUDAUN,2000,Kharif,Groundnut,145,89,0.613793103
Uttar Pradesh,BUDAUN,2000,Kharif,Jowar,2509,2111,0.841371064
Uttar Pradesh,BUDAUN,2000,Kharif,Maize,15719,25905,1.648005598
Uttar Pradesh,BUDAUN,2000,Kharif,Moong(Green Gram),152,46,0.302631579
Uttar Pradesh,BUDAUN,2000,Kharif,Moth,20,6,0.3
Uttar Pradesh,BUDAUN,2000,Kharif,Rice,110184,169222,1.535812822
Uttar Pradesh,BUDAUN,2000,Kharif,Sesamum,1725,180,0.104347826
Uttar Pradesh,BUDAUN,2000,Kharif,Small millets,1,1,1
Uttar Pradesh,BUDAUN,2000,Kharif,Soyabean,8,5,0.625
Uttar Pradesh,BUDAUN,2000,Kharif,Urad,7679,5396,0.702695663
Uttar Pradesh,BUDAUN,2000,Rabi,Barley,1795,4089,2.277994429
Uttar Pradesh,BUDAUN,2000,Rabi,Gram,419,359,0.856801909
Uttar Pradesh,BUDAUN,2000,Rabi,Maize,366,594,1.62295082
Uttar Pradesh,BUDAUN,2000,Rabi,Masoor,12295,10863,0.88352989
Uttar Pradesh,BUDAUN,2000,Rabi,Moong(Green Gram),84,38,0.452380952
Uttar Pradesh,BUDAUN,2000,Rabi,Peas & beans (Pulses),2272,4199,1.848151408
Uttar Pradesh,BUDAUN,2000,Rabi,Rapeseed &Mustard,11347,9516,0.838635763
Uttar Pradesh,BUDAUN,2000,Rabi,Urad,58,27,0.465517241
Uttar Pradesh,BUDAUN,2000,Rabi,Wheat,295959,902906,3.050780682
Uttar Pradesh,BUDAUN,2000,Summer,Rice,42,65,1.547619048
Uttar Pradesh,BUDAUN,2000,Whole Year,Potato,16612,304282,18.31699976
Uttar Pradesh,BUDAUN,2000,Whole Year,Sugarcane,20691,1344170,64.96399401
Uttar Pradesh,BUDAUN,2000,Whole Year,Turmeric,150,262,1.746666667
Uttar Pradesh,BUDAUN,2001,Kharif,Arhar/Tur,1801,1861,1.033314825
Uttar Pradesh,BUDAUN,2001,Kharif,Bajra,111942,124896,1.115720641
Uttar Pradesh,BUDAUN,2001,Kharif,Cotton(lint),2,6,3
Uttar Pradesh,BUDAUN,2001,Kharif,Groundnut,454,361,0.795154185
Uttar Pradesh,BUDAUN,2001,Kharif,Jowar,2243,1698,0.757021846
Uttar Pradesh,BUDAUN,2001,Kharif,Maize,17840,27152,1.521973094
Uttar Pradesh,BUDAUN,2001,Kharif,Moong(Green Gram),322,89,0.276397516
Uttar Pradesh,BUDAUN,2001,Kharif,Moth,211,81,0.383886256
Uttar Pradesh,BUDAUN,2001,Kharif,Rice,103869,162355,1.563074642
Uttar Pradesh,BUDAUN,2001,Kharif,Sesamum,2293,583,0.254252072
Uttar Pradesh,BUDAUN,2001,Kharif,Sunflower,42,81,1.928571429
Uttar Pradesh,BUDAUN,2001,Kharif,Urad,21537,11307,0.525003482
Uttar Pradesh,BUDAUN,2001,Rabi,Barley,1782,4402,2.470258137
Uttar Pradesh,BUDAUN,2001,Rabi,Gram,542,543,1.001845018
Uttar Pradesh,BUDAUN,2001,Rabi,Maize,406,661,1.628078818
Uttar Pradesh,BUDAUN,2001,Rabi,Masoor,14275,10992,0.770017513
Uttar Pradesh,BUDAUN,2001,Rabi,Moong(Green Gram),50,25,0.5
Uttar Pradesh,BUDAUN,2001,Rabi,Peas & beans (Pulses),2274,3652,1.605980651
Uttar Pradesh,BUDAUN,2001,Rabi,Rapeseed &Mustard,13351,11976,0.89701146
Uttar Pradesh,BUDAUN,2001,Rabi,Urad,51,25,0.490196078
Uttar Pradesh,BUDAUN,2001,Rabi,Wheat,291734,873953,2.995718703
Uttar Pradesh,BUDAUN,2001,Summer,Rice,41,64,1.56097561
Uttar Pradesh,BUDAUN,2001,Whole Year,Potato,17210,412971,23.9959907
Uttar Pradesh,BUDAUN,2001,Whole Year,Sugarcane,22049,1446944,65.62401923
Uttar Pradesh,BUDAUN,2001,Whole Year,Tobacco,270,1703,6.307407407
Uttar Pradesh,BUDAUN,2001,Whole Year,Turmeric,124,222,1.790322581
Uttar Pradesh,BUDAUN,2002,Kharif,Bajra,120949,153224,1.26684801
Uttar Pradesh,BUDAUN,2002,Kharif,Cotton(lint),4,6,1.5
Uttar Pradesh,BUDAUN,2002,Kharif,Groundnut,985,824,0.836548223
Uttar Pradesh,BUDAUN,2002,Kharif,Jowar,1597,1570,0.9830933
Uttar Pradesh,BUDAUN,2002,Kharif,Maize,12969,13527,1.043025677
Uttar Pradesh,BUDAUN,2002,Kharif,Moong(Green Gram),532,150,0.281954887
Uttar Pradesh,BUDAUN,2002,Kharif,Moth,220,90,0.409090909
Uttar Pradesh,BUDAUN,2002,Kharif,Rice,56688,76092,1.342294666
Uttar Pradesh,BUDAUN,2002,Kharif,Sesamum,2235,162,0.072483221
Uttar Pradesh,BUDAUN,2002,Kharif,Soyabean,17,3,0.176470588
Uttar Pradesh,BUDAUN,2002,Kharif,Sunflower,33,47,1.424242424
Uttar Pradesh,BUDAUN,2002,Kharif,Urad,30076,19188,0.637983774
Uttar Pradesh,BUDAUN,2002,Rabi,Barley,1826,3295,1.80449069
Uttar Pradesh,BUDAUN,2002,Rabi,Gram,477,434,0.909853249
Uttar Pradesh,BUDAUN,2002,Rabi,Linseed,3,1,0.333333333
Uttar Pradesh,BUDAUN,2002,Rabi,Maize,142,157,1.105633803
Uttar Pradesh,BUDAUN,2002,Rabi,Masoor,11217,10443,0.930997593
Uttar Pradesh,BUDAUN,2002,Rabi,Onion,209,2157,10.32057416
Uttar Pradesh,BUDAUN,2002,Rabi,Peas & beans (Pulses),1904,2340,1.228991597
Uttar Pradesh,BUDAUN,2002,Rabi,Rapeseed &Mustard,16888,16149,0.956241118
Uttar Pradesh,BUDAUN,2002,Rabi,Wheat,285781,772859,2.704375028
Uttar Pradesh,BUDAUN,2002,Summer,Moong(Green Gram),28,16,0.571428571
Uttar Pradesh,BUDAUN,2002,Summer,Onion,461,5154,11.18004338
Uttar Pradesh,BUDAUN,2002,Summer,Rice,57,76,1.333333333
Uttar Pradesh,BUDAUN,2002,Summer,Urad,32,17,0.53125
Uttar Pradesh,BUDAUN,2002,Whole Year,Potato,22479,464663,20.67098181
Uttar Pradesh,BUDAUN,2002,Whole Year,Sugarcane,25161,1283614,51.01601685
Uttar Pradesh,BUDAUN,2002,Whole Year,Tobacco,455,2702,5.938461538
Uttar Pradesh,BUDAUN,2002,Whole Year,Turmeric,104,189,1.817307692
Uttar Pradesh,BUDAUN,2003,Kharif,Arhar/Tur,1204,1202,0.99833887
Uttar Pradesh,BUDAUN,2003,Kharif,Bajra,147298,256834,1.743635351
Uttar Pradesh,BUDAUN,2003,Kharif,Groundnut,910,605,0.664835165
Uttar Pradesh,BUDAUN,2003,Kharif,Jowar,1436,1275,0.887883008
Uttar Pradesh,BUDAUN,2003,Kharif,Maize,12100,24454,2.020991736
Uttar Pradesh,BUDAUN,2003,Kharif,Moong(Green Gram),521,295,0.56621881
Uttar Pradesh,BUDAUN,2003,Kharif,Moth,295,114,0.386440678
Uttar Pradesh,BUDAUN,2003,Kharif,Rice,73263,146059,1.993625705
Uttar Pradesh,BUDAUN,2003,Kharif,Sesamum,1869,230,0.12306046
Uttar Pradesh,BUDAUN,2003,Kharif,Sunflower,121,205,1.694214876
Uttar Pradesh,BUDAUN,2003,Kharif,Urad,24137,13131,0.544019555
Uttar Pradesh,BUDAUN,2003,Rabi,Barley,1445,3744,2.59100346
Uttar Pradesh,BUDAUN,2003,Rabi,Gram,304,320,1.052631579
Uttar Pradesh,BUDAUN,2003,Rabi,Linseed,6,3,0.5
Uttar Pradesh,BUDAUN,2003,Rabi,Masoor,11938,12201,1.022030491
Uttar Pradesh,BUDAUN,2003,Rabi,Onion,147,2110,14.3537415
Uttar Pradesh,BUDAUN,2003,Rabi,Peas & beans (Pulses),1164,1597,1.371993127
Uttar Pradesh,BUDAUN,2003,Rabi,Rapeseed &Mustard,13412,14700,1.096033403
Uttar Pradesh,BUDAUN,2003,Rabi,Wheat,300151,882748,2.941013023
Uttar Pradesh,BUDAUN,2003,Summer,Maize,269,367,1.364312268
Uttar Pradesh,BUDAUN,2003,Summer,Moong(Green Gram),27,14,0.518518519
Uttar Pradesh,BUDAUN,2003,Summer,Onion,486,4949,10.18312757
Uttar Pradesh,BUDAUN,2003,Summer,Rice,105,209,1.99047619
Uttar Pradesh,BUDAUN,2003,Summer,Urad,36,18,0.5
Uttar Pradesh,BUDAUN,2003,Whole Year,Potato,21706,521031,24.00400811
Uttar Pradesh,BUDAUN,2003,Whole Year,Sannhamp,1,,
Uttar Pradesh,BUDAUN,2003,Whole Year,Sugarcane,24529,1530315,62.38798973
Uttar Pradesh,BUDAUN,2003,Whole Year,Tobacco,109,817,7.495412844
Uttar Pradesh,BUDAUN,2003,Whole Year,Turmeric,69,125,1.811594203
Uttar Pradesh,BUDAUN,2004,Kharif,Bajra,142837,199080,1.39375652
Uttar Pradesh,BUDAUN,2004,Kharif,Cotton(lint),14,2,0.142857143
Uttar Pradesh,BUDAUN,2004,Kharif,Groundnut,790,650,0.82278481
Uttar Pradesh,BUDAUN,2004,Kharif,Jowar,1309,999,0.763177998
Uttar Pradesh,BUDAUN,2004,Kharif,Maize,12711,19346,1.521988829
Uttar Pradesh,BUDAUN,2004,Kharif,Rice,90405,142174,1.572634257
Uttar Pradesh,BUDAUN,2004,Kharif,Sannhamp,2,1,0.5
Uttar Pradesh,BUDAUN,2004,Kharif,Sesamum,2360,349,0.147881356
Uttar Pradesh,BUDAUN,2004,Kharif,Soyabean,16,7,0.4375
Uttar Pradesh,BUDAUN,2004,Kharif,Sugarcane,18809,1189632,63.24801957
Uttar Pradesh,BUDAUN,2004,Rabi,Barley,1218,2574,2.113300493
Uttar Pradesh,BUDAUN,2004,Rabi,Gram,320,295,0.921875
Uttar Pradesh,BUDAUN,2004,Rabi,Linseed,3,1,0.333333333
Uttar Pradesh,BUDAUN,2004,Rabi,Potato,19050,428339,22.48498688
Uttar Pradesh,BUDAUN,2004,Rabi,Rapeseed &Mustard,18313,19720,1.076830667
Uttar Pradesh,BUDAUN,2004,Rabi,Turmeric,175,304,1.737142857
Uttar Pradesh,BUDAUN,2004,Rabi,Wheat,300947,751553,2.497293543
Uttar Pradesh,BUDAUN,2004,Summer,Sunflower,129,254,1.968992248
Uttar Pradesh,BUDAUN,2004,Whole Year,Banana,4,146,36.5
Uttar Pradesh,BUDAUN,2004,Whole Year,Dry chillies,68,64,0.941176471
Uttar Pradesh,BUDAUN,2004,Whole Year,Garlic,307,1330,4.332247557
Uttar Pradesh,BUDAUN,2004,Whole Year,Guar seed,7,6,0.857142857
Uttar Pradesh,BUDAUN,2004,Whole Year,Onion,523,6245,11.94072658
Uttar Pradesh,BUDAUN,2004,Whole Year,Sweet potato,1506,17503,11.62217795
Uttar Pradesh,BUDAUN,2004,Whole Year,Tobacco,437,1905,4.359267735
Uttar Pradesh,BUDAUN,2005,Kharif,Bajra,133994,184436,1.376449692
Uttar Pradesh,BUDAUN,2005,Kharif,Cotton(lint),1,,
Uttar Pradesh,BUDAUN,2005,Kharif,Jowar,1480,1376,0.92972973
Uttar Pradesh,BUDAUN,2005,Kharif,Maize,12121,18303,1.510023925
Uttar Pradesh,BUDAUN,2005,Kharif,Rice,67430,118407,1.755998814
Uttar Pradesh,BUDAUN,2005,Kharif,Sesamum,2204,218,0.098911071
Uttar Pradesh,BUDAUN,2005,Kharif,Sugarcane,27076,1714344,63.31599941
Uttar Pradesh,BUDAUN,2005,Rabi,Barley,3640,7411,2.035989011
Uttar Pradesh,BUDAUN,2005,Rabi,Gram,144,128,0.888888889
Uttar Pradesh,BUDAUN,2005,Rabi,Potato,23119,469662,20.31497902
Uttar Pradesh,BUDAUN,2005,Rabi,Rapeseed &Mustard,20720,27865,1.344835907
Uttar Pradesh,BUDAUN,2005,Rabi,Turmeric,52,232,4.461538462
Uttar Pradesh,BUDAUN,2005,Rabi,Wheat,288649,784259,2.716998846
Uttar Pradesh,BUDAUN,2005,Summer,Sunflower,355,430,1.211267606
Uttar Pradesh,BUDAUN,2005,Whole Year,Coriander,34,19,0.558823529
Uttar Pradesh,BUDAUN,2005,Whole Year,Dry chillies,50,46,0.92
Uttar Pradesh,BUDAUN,2005,Whole Year,Garlic,560,2440,4.357142857
Uttar Pradesh,BUDAUN,2005,Whole Year,Guar seed,19,16,0.842105263
Uttar Pradesh,BUDAUN,2005,Whole Year,Onion,1655,21348,12.89909366
Uttar Pradesh,BUDAUN,2005,Whole Year,Sweet potato,1554,20327,13.08043758
Uttar Pradesh,BUDAUN,2005,Whole Year,Tobacco,433,2458,5.676674365
Uttar Pradesh,BUDAUN,2006,Kharif,Arhar/Tur,1285,1085,0.844357977
Uttar Pradesh,BUDAUN,2006,Kharif,Bajra,142395,204422,1.43559816
Uttar Pradesh,BUDAUN,2006,Kharif,Cotton(lint),6,1,0.166666667
Uttar Pradesh,BUDAUN,2006,Kharif,Groundnut,637,589,0.924646782
Uttar Pradesh,BUDAUN,2006,Kharif,Jowar,949,973,1.025289779
Uttar Pradesh,BUDAUN,2006,Kharif,Maize,11821,19410,1.641993063
Uttar Pradesh,BUDAUN,2006,Kharif,Other Kharif pulses,24630,17776,0.721721478
Uttar Pradesh,BUDAUN,2006,Kharif,Rice,87564,161030,1.838997762
Uttar Pradesh,BUDAUN,2006,Kharif,Sannhamp,3,1,0.333333333
Uttar Pradesh,BUDAUN,2006,Kharif,Sesamum,1441,174,0.12074948
Uttar Pradesh,BUDAUN,2006,Kharif,Soyabean,12,12,1
Uttar Pradesh,BUDAUN,2006,Kharif,Sugarcane,22430,1420088,63.31199287
Uttar Pradesh,BUDAUN,2006,Kharif,Sweet potato,1417,19341,13.649259
Uttar Pradesh,BUDAUN,2006,Rabi,Barley,1020,2203,2.159803922
Uttar Pradesh,BUDAUN,2006,Rabi,Garlic,427,1878,4.398126464
Uttar Pradesh,BUDAUN,2006,Rabi,Gram,334,244,0.730538922
Uttar Pradesh,BUDAUN,2006,Rabi,Linseed,8,3,0.375
Uttar Pradesh,BUDAUN,2006,Rabi,Masoor,13817,11952,0.865021351
Uttar Pradesh,BUDAUN,2006,Rabi,Onion,71,1362,19.18309859
Uttar Pradesh,BUDAUN,2006,Rabi,Other  Rabi pulses,697,674,0.967001435
Uttar Pradesh,BUDAUN,2006,Rabi,Potato,23459,398780,16.99901957
Uttar Pradesh,BUDAUN,2006,Rabi,Rapeseed &Mustard,17421,20211,1.160151541
Uttar Pradesh,BUDAUN,2006,Rabi,Tobacco,381,2028,5.322834646
Uttar Pradesh,BUDAUN,2006,Rabi,Turmeric,148,503,3.398648649
Uttar Pradesh,BUDAUN,2006,Rabi,Wheat,283638,848361,2.99099909
Uttar Pradesh,BUDAUN,2006,Summer,Maize,258,342,1.325581395
Uttar Pradesh,BUDAUN,2006,Summer,Onion,366,4262,11.64480874
Uttar Pradesh,BUDAUN,2006,Summer,Rice,73,134,1.835616438
Uttar Pradesh,BUDAUN,2006,Summer,Sunflower,127,193,1.519685039
Uttar Pradesh,BUDAUN,2006,Summer,Tobacco,2,6,3
Uttar Pradesh,BUDAUN,2006,Whole Year,Banana,4,155,38.75
Uttar Pradesh,BUDAUN,2006,Whole Year,Coriander,31,16,0.516129032
Uttar Pradesh,BUDAUN,2006,Whole Year,Dry chillies,83,79,0.951807229
Uttar Pradesh,BUDAUN,2006,Whole Year,Guar seed,22,18,0.818181818
Uttar Pradesh,BUDAUN,2007,Kharif,Arhar/Tur,627,547,0.872408293
Uttar Pradesh,BUDAUN,2007,Kharif,Bajra,149178,222964,1.494617169
Uttar Pradesh,BUDAUN,2007,Kharif,Dry chillies,90,87,0.966666667
Uttar Pradesh,BUDAUN,2007,Kharif,Dry ginger,1,2,2
Uttar Pradesh,BUDAUN,2007,Kharif,Groundnut,728,556,0.763736264
Uttar Pradesh,BUDAUN,2007,Kharif,Guar seed,11,9,0.818181818
Uttar Pradesh,BUDAUN,2007,Kharif,Jowar,1219,760,0.623461854
Uttar Pradesh,BUDAUN,2007,Kharif,Maize,10855,18074,1.665039152
Uttar Pradesh,BUDAUN,2007,Kharif,Moong(Green Gram),227,45,0.198237885
Uttar Pradesh,BUDAUN,2007,Kharif,Rice,88595,163724,1.848004966
Uttar Pradesh,BUDAUN,2007,Kharif,Sannhamp,4,1,0.25
Uttar Pradesh,BUDAUN,2007,Kharif,Sesamum,1985,224,0.112846348
Uttar Pradesh,BUDAUN,2007,Kharif,Soyabean,7,5,0.714285714
Uttar Pradesh,BUDAUN,2007,Kharif,Sugarcane,27902,1622111,58.13601176
Uttar Pradesh,BUDAUN,2007,Kharif,Sweet potato,1323,17812,13.46334089
Uttar Pradesh,BUDAUN,2007,Kharif,Urad,16136,12651,0.784023302
Uttar Pradesh,BUDAUN,2007,Rabi,Barley,1009,2231,2.211100099
Uttar Pradesh,BUDAUN,2007,Rabi,Coriander,68,39,0.573529412
Uttar Pradesh,BUDAUN,2007,Rabi,Gram,42,31,0.738095238
Uttar Pradesh,BUDAUN,2007,Rabi,Masoor,5628,7103,1.262082445
Uttar Pradesh,BUDAUN,2007,Rabi,Onion,108,1509,13.97222222
Uttar Pradesh,BUDAUN,2007,Rabi,Other  Rabi pulses,965,905,0.937823834
Uttar Pradesh,BUDAUN,2007,Rabi,Potato,18817,444175,23.60498485
Uttar Pradesh,BUDAUN,2007,Rabi,Rapeseed &Mustard,31594,37395,1.183610812
Uttar Pradesh,BUDAUN,2007,Rabi,Tobacco,538,3010,5.594795539
Uttar Pradesh,BUDAUN,2007,Rabi,Turmeric,104,319,3.067307692
Uttar Pradesh,BUDAUN,2007,Rabi,Wheat,293775,837259,2.850000851
Uttar Pradesh,BUDAUN,2007,Summer,Maize,185,266,1.437837838
Uttar Pradesh,BUDAUN,2007,Summer,Moong(Green Gram),49,31,0.632653061
Uttar Pradesh,BUDAUN,2007,Summer,Onion,305,4118,13.50163934
Uttar Pradesh,BUDAUN,2007,Summer,Rice,6,11,1.833333333
Uttar Pradesh,BUDAUN,2007,Summer,Sunflower,7,20,2.857142857
Uttar Pradesh,BUDAUN,2007,Summer,Urad,53,30,0.566037736
Uttar Pradesh,BUDAUN,2008,Kharif,Arhar/Tur,2340,2006,0.857264957
Uttar Pradesh,BUDAUN,2008,Kharif,Bajra,131989,198536,1.504185955
Uttar Pradesh,BUDAUN,2008,Kharif,Dry chillies,79,79,1
Uttar Pradesh,BUDAUN,2008,Kharif,Groundnut,176,81,0.460227273
Uttar Pradesh,BUDAUN,2008,Kharif,Guar seed,16,13,0.8125
Uttar Pradesh,BUDAUN,2008,Kharif,Jowar,650,614,0.944615385
Uttar Pradesh,BUDAUN,2008,Kharif,Maize,18754,35933,1.916017916
Uttar Pradesh,BUDAUN,2008,Kharif,Moong(Green Gram),123,46,0.37398374
Uttar Pradesh,BUDAUN,2008,Kharif,Rice,77267,137149,1.775000971
Uttar Pradesh,BUDAUN,2008,Kharif,Sesamum,1831,175,0.095576188
Uttar Pradesh,BUDAUN,2008,Kharif,Sugarcane,26622,1592954,59.8360003
Uttar Pradesh,BUDAUN,2008,Kharif,Sweet potato,1041,12786,12.28242075
Uttar Pradesh,BUDAUN,2008,Kharif,Urad,14156,11197,0.790972026
Uttar Pradesh,BUDAUN,2008,Rabi,Barley,849,2320,2.73262662
Uttar Pradesh,BUDAUN,2008,Rabi,Coriander,53,32,0.603773585
Uttar Pradesh,BUDAUN,2008,Rabi,Garlic,762,4488,5.88976378
Uttar Pradesh,BUDAUN,2008,Rabi,Gram,148,147,0.993243243
Uttar Pradesh,BUDAUN,2008,Rabi,Masoor,4717,6061,1.28492686
Uttar Pradesh,BUDAUN,2008,Rabi,Onion,107,1254,11.71962617
Uttar Pradesh,BUDAUN,2008,Rabi,Peas & beans (Pulses),579,699,1.207253886
Uttar Pradesh,BUDAUN,2008,Rabi,Potato,16653,260420,15.63802318
Uttar Pradesh,BUDAUN,2008,Rabi,Rapeseed &Mustard,37308,36765,0.985445481
Uttar Pradesh,BUDAUN,2008,Rabi,Tobacco,433,2259,5.217090069
Uttar Pradesh,BUDAUN,2008,Rabi,Wheat,273380,873996,3.197000512
Uttar Pradesh,BUDAUN,2008,Summer,Maize,364,544,1.494505495
Uttar Pradesh,BUDAUN,2008,Summer,Moong(Green Gram),48,36,0.75
Uttar Pradesh,BUDAUN,2008,Summer,Rice,8,14,1.75
Uttar Pradesh,BUDAUN,2008,Summer,Urad,9,6,0.666666667
Uttar Pradesh,BUDAUN,2009,Kharif,Arhar/Tur,1025,816,0.796097561
Uttar Pradesh,BUDAUN,2009,Kharif,Bajra,153241,289686,1.890394868
Uttar Pradesh,BUDAUN,2009,Kharif,Dry chillies,62,55,0.887096774
Uttar Pradesh,BUDAUN,2009,Kharif,Groundnut,286,269,0.940559441
Uttar Pradesh,BUDAUN,2009,Kharif,Guar seed,15,12,0.8
Uttar Pradesh,BUDAUN,2009,Kharif,Jowar,392,324,0.826530612
Uttar Pradesh,BUDAUN,2009,Kharif,Maize,10471,19560,1.868016426
Uttar Pradesh,BUDAUN,2009,Kharif,Moong(Green Gram),89,13,0.146067416
Uttar Pradesh,BUDAUN,2009,Kharif,Rice,67293,135124,2.007994888
Uttar Pradesh,BUDAUN,2009,Kharif,Sesamum,1938,293,0.151186791
Uttar Pradesh,BUDAUN,2009,Kharif,Sugarcane,22133,1396327,63.08801337
Uttar Pradesh,BUDAUN,2009,Kharif,Sweet potato,1368,18605,13.6001462
Uttar Pradesh,BUDAUN,2009,Kharif,Urad,17690,13391,0.756981345
Uttar Pradesh,BUDAUN,2009,Rabi,Barley,133,305,2.293233083
Uttar Pradesh,BUDAUN,2009,Rabi,Coriander,66,37,0.560606061
Uttar Pradesh,BUDAUN,2009,Rabi,Garlic,752,3996,5.313829787
Uttar Pradesh,BUDAUN,2009,Rabi,Gram,138,114,0.826086957
Uttar Pradesh,BUDAUN,2009,Rabi,Maize,1,3,3
Uttar Pradesh,BUDAUN,2009,Rabi,Masoor,5920,4997,0.844087838
Uttar Pradesh,BUDAUN,2009,Rabi,Onion,32,550,17.1875
Uttar Pradesh,BUDAUN,2009,Rabi,Peas & beans (Pulses),836,1073,1.283492823
Uttar Pradesh,BUDAUN,2009,Rabi,Potato,15108,367638,24.33399523
Uttar Pradesh,BUDAUN,2009,Rabi,Rapeseed &Mustard,29337,41679,1.420697413
Uttar Pradesh,BUDAUN,2009,Rabi,Tobacco,475,2724,5.734736842
Uttar Pradesh,BUDAUN,2009,Rabi,Turmeric,62,205,3.306451613
Uttar Pradesh,BUDAUN,2009,Rabi,Wheat,311520,1080351,3.467998844
Uttar Pradesh,BUDAUN,2009,Summer,Maize,1159,1687,1.455565142
Uttar Pradesh,BUDAUN,2009,Summer,Moong(Green Gram),41,29,0.707317073
Uttar Pradesh,BUDAUN,2009,Summer,Onion,268,3723,13.89179104
Uttar Pradesh,BUDAUN,2009,Summer,Rice,78,157,2.012820513
Uttar Pradesh,BUDAUN,2009,Summer,Sunflower,11,24,2.181818182
Uttar Pradesh,BUDAUN,2009,Summer,Tobacco,1,4,4
Uttar Pradesh,BUDAUN,2009,Summer,Urad,7,4,0.571428571
Uttar Pradesh,BUDAUN,2010,Kharif,Arhar/Tur,907,683,0.753031974
Uttar Pradesh,BUDAUN,2010,Kharif,Bajra,146570,263656,1.798840145
Uttar Pradesh,BUDAUN,2010,Kharif,Dry chillies,73,64,0.876712329
Uttar Pradesh,BUDAUN,2010,Kharif,Groundnut,147,141,0.959183673
Uttar Pradesh,BUDAUN,2010,Kharif,Guar seed,24,20,0.833333333
Uttar Pradesh,BUDAUN,2010,Kharif,Jowar,499,503,1.008016032
Uttar Pradesh,BUDAUN,2010,Kharif,Maize,12315,23632,1.918960617
Uttar Pradesh,BUDAUN,2010,Kharif,Moong(Green Gram),194,91,0.469072165
Uttar Pradesh,BUDAUN,2010,Kharif,Rice,84311,158167,1.875994829
Uttar Pradesh,BUDAUN,2010,Kharif,Sannhamp,2,1,0.5
Uttar Pradesh,BUDAUN,2010,Kharif,Sesamum,3495,807,0.230901288
Uttar Pradesh,BUDAUN,2010,Kharif,Sugarcane,28716,1582596,55.11199331
Uttar Pradesh,BUDAUN,2010,Kharif,Sweet potato,1341,16514,12.31469053
Uttar Pradesh,BUDAUN,2010,Kharif,Urad,20631,22777,1.104018225
Uttar Pradesh,BUDAUN,2010,Rabi,Barley,903,2369,2.623477298
Uttar Pradesh,BUDAUN,2010,Rabi,Gram,63,56,0.888888889
Uttar Pradesh,BUDAUN,2010,Rabi,Masoor,6664,7197,1.079981993
Uttar Pradesh,BUDAUN,2010,Rabi,Onion,41,755,18.41463415
Uttar Pradesh,BUDAUN,2010,Rabi,Peas & beans (Pulses),1272,2754,2.16509434
Uttar Pradesh,BUDAUN,2010,Rabi,Potato,15245,343317,22.51997376
Uttar Pradesh,BUDAUN,2010,Rabi,Rapeseed &Mustard,26479,34730,1.311605423
Uttar Pradesh,BUDAUN,2010,Rabi,Tobacco,836,4243,5.075358852
Uttar Pradesh,BUDAUN,2010,Rabi,Turmeric,79,248,3.139240506
Uttar Pradesh,BUDAUN,2010,Rabi,Wheat,306477,1040796,3.396000352
Uttar Pradesh,BUDAUN,2010,Summer,Maize,1747,2561,1.465941614
Uttar Pradesh,BUDAUN,2010,Summer,Moong(Green Gram),44,39,0.886363636
Uttar Pradesh,BUDAUN,2010,Summer,Rice,1,2,2
Uttar Pradesh,BUDAUN,2010,Summer,Sunflower,2,4,2
Uttar Pradesh,BUDAUN,2010,Summer,Urad,26,16,0.615384615
Uttar Pradesh,BUDAUN,2011,Kharif,Arhar/Tur,624,569,0.911858974
Uttar Pradesh,BUDAUN,2011,Kharif,Bajra,135997,230225,1.692868225
Uttar Pradesh,BUDAUN,2011,Kharif,Dry chillies,1,1,1
Uttar Pradesh,BUDAUN,2011,Kharif,Groundnut,1027,1553,1.512171373
Uttar Pradesh,BUDAUN,2011,Kharif,Guar seed,18,15,0.833333333
Uttar Pradesh,BUDAUN,2011,Kharif,Jowar,521,395,0.75815739
Uttar Pradesh,BUDAUN,2011,Kharif,Maize,11044,21911,1.983973198
Uttar Pradesh,BUDAUN,2011,Kharif,Moong(Green Gram),177,75,0.423728814
Uttar Pradesh,BUDAUN,2011,Kharif,Rice,87728,187299,2.134996808
Uttar Pradesh,BUDAUN,2011,Kharif,Sesamum,2433,365,0.150020551
Uttar Pradesh,BUDAUN,2011,Kharif,Sugarcane,34337,2157737,62.83999767
Uttar Pradesh,BUDAUN,2011,Kharif,Sweet potato,1298,16866,12.99383667
Uttar Pradesh,BUDAUN,2011,Kharif,Urad,23367,23531,1.007018445
Uttar Pradesh,BUDAUN,2011,Rabi,Barley,810,2353,2.904938272
Uttar Pradesh,BUDAUN,2011,Rabi,Coriander,110,61,0.554545455
Uttar Pradesh,BUDAUN,2011,Rabi,Garlic,846,4372,5.1678487
Uttar Pradesh,BUDAUN,2011,Rabi,Gram,4,5,1.25
Uttar Pradesh,BUDAUN,2011,Rabi,Masoor,3988,5655,1.418004012
Uttar Pradesh,BUDAUN,2011,Rabi,Onion,36,823,22.86111111
Uttar Pradesh,BUDAUN,2011,Rabi,Peas & beans (Pulses),890,1547,1.738202247
Uttar Pradesh,BUDAUN,2011,Rabi,Potato,12044,246529,20.46903022
Uttar Pradesh,BUDAUN,2011,Rabi,Rapeseed &Mustard,29305,39929,1.362531991
Uttar Pradesh,BUDAUN,2011,Rabi,Tobacco,658,3436,5.221884498
Uttar Pradesh,BUDAUN,2011,Rabi,Turmeric,318,896,2.817610063
Uttar Pradesh,BUDAUN,2011,Rabi,Wheat,293435,1017926,3.468999949
Uttar Pradesh,BUDAUN,2011,Summer,Banana,3,131,43.66666667
Uttar Pradesh,BUDAUN,2011,Summer,Maize,1857,3070,1.653204093
Uttar Pradesh,BUDAUN,2011,Summer,Moong(Green Gram),44,37,0.840909091
Uttar Pradesh,BUDAUN,2011,Summer,Onion,162,1755,10.83333333
Uttar Pradesh,BUDAUN,2011,Summer,Rice,20,43,2.15
Uttar Pradesh,BUDAUN,2011,Summer,Tobacco,5,15,3
Uttar Pradesh,BUDAUN,2011,Summer,Urad,7,4,0.571428571
Uttar Pradesh,BUDAUN,2012,Kharif,Arhar/Tur,1228,1195,0.973127036
Uttar Pradesh,BUDAUN,2012,Kharif,Bajra,99758,185030,1.854788588
Uttar Pradesh,BUDAUN,2012,Kharif,Dry chillies,193,155,0.803108808
Uttar Pradesh,BUDAUN,2012,Kharif,Groundnut,676,985,1.457100592
Uttar Pradesh,BUDAUN,2012,Kharif,Guar seed,10,8,0.8
Uttar Pradesh,BUDAUN,2012,Kharif,Jowar,465,501,1.077419355
Uttar Pradesh,BUDAUN,2012,Kharif,Maize,8783,18673,2.126038939
Uttar Pradesh,BUDAUN,2012,Kharif,Moong(Green Gram),180,91,0.505555556
Uttar Pradesh,BUDAUN,2012,Kharif,Rice,83806,191329,2.282998831
Uttar Pradesh,BUDAUN,2012,Kharif,Sannhamp,6,2,0.333333333
Uttar Pradesh,BUDAUN,2012,Kharif,Sesamum,2619,513,0.195876289
Uttar Pradesh,BUDAUN,2012,Kharif,Sugarcane,32069,1860515,58.01599676
Uttar Pradesh,BUDAUN,2012,Kharif,Sweet potato,1274,16494,12.9466248
Uttar Pradesh,BUDAUN,2012,Kharif,Urad,35701,30988,0.867986891
Uttar Pradesh,BUDAUN,2012,Rabi,Barley,256,682,2.6640625
Uttar Pradesh,BUDAUN,2012,Rabi,Coriander,151,82,0.543046358
Uttar Pradesh,BUDAUN,2012,Rabi,Garlic,683,3548,5.194729136
Uttar Pradesh,BUDAUN,2012,Rabi,Gram,5,6,1.2
Uttar Pradesh,BUDAUN,2012,Rabi,Masoor,4447,5999,1.348999325
Uttar Pradesh,BUDAUN,2012,Rabi,Onion,123,2829,23
Uttar Pradesh,BUDAUN,2012,Rabi,Peas & beans (Pulses),879,1865,2.121729238
Uttar Pradesh,BUDAUN,2012,Rabi,Potato,13101,237023,18.09197771
Uttar Pradesh,BUDAUN,2012,Rabi,Rapeseed &Mustard,38473,56692,1.473552881
Uttar Pradesh,BUDAUN,2012,Rabi,Tobacco,658,3557,5.405775076
Uttar Pradesh,BUDAUN,2012,Rabi,Turmeric,303,858,2.831683168
Uttar Pradesh,BUDAUN,2012,Rabi,Wheat,230265,765401,3.324000608
Uttar Pradesh,BUDAUN,2012,Summer,Banana,5,223,44.6
Uttar Pradesh,BUDAUN,2012,Summer,Maize,1187,2193,1.847514743
Uttar Pradesh,BUDAUN,2012,Summer,Moong(Green Gram),53,43,0.811320755
Uttar Pradesh,BUDAUN,2012,Summer,Onion,234,2546,10.88034188
Uttar Pradesh,BUDAUN,2012,Summer,Rice,20,46,2.3
Uttar Pradesh,BUDAUN,2012,Summer,Sunflower,2,2,1
Uttar Pradesh,BUDAUN,2012,Summer,Tobacco,7,22,3.142857143
Uttar Pradesh,BUDAUN,2012,Summer,Urad,19,13,0.684210526
Uttar Pradesh,BUDAUN,2013,Kharif,Arhar/Tur,271,237,0.874538745
Uttar Pradesh,BUDAUN,2013,Kharif,Bajra,109948,207137,1.883954233
Uttar Pradesh,BUDAUN,2013,Kharif,Cotton(lint),2,1,0.5
Uttar Pradesh,BUDAUN,2013,Kharif,Dry chillies,249,201,0.807228916
Uttar Pradesh,BUDAUN,2013,Kharif,Groundnut,383,452,1.180156658
Uttar Pradesh,BUDAUN,2013,Kharif,Guar seed,40,33,0.825
Uttar Pradesh,BUDAUN,2013,Kharif,Jowar,254,229,0.901574803
Uttar Pradesh,BUDAUN,2013,Kharif,Maize,9341,20391,2.182956857
Uttar Pradesh,BUDAUN,2013,Kharif,Moong(Green Gram),107,34,0.317757009
Uttar Pradesh,BUDAUN,2013,Kharif,Rice,79975,176185,2.203000938
Uttar Pradesh,BUDAUN,2013,Kharif,Sesamum,1392,234,0.168103448
Uttar Pradesh,BUDAUN,2013,Kharif,Sugarcane,24998,1532377,61.299984
Uttar Pradesh,BUDAUN,2013,Kharif,Sweet potato,1252,16545,13.21485623
Uttar Pradesh,BUDAUN,2013,Kharif,Urad,36181,28330,0.783007656
Uttar Pradesh,BUDAUN,2013,Rabi,Barley,443,1273,2.873589165
Uttar Pradesh,BUDAUN,2013,Rabi,Coriander,58,32,0.551724138
Uttar Pradesh,BUDAUN,2013,Rabi,Garlic,738,4324,5.859078591
Uttar Pradesh,BUDAUN,2013,Rabi,Gram,71,30,0.422535211
Uttar Pradesh,BUDAUN,2013,Rabi,Linseed,7,3,0.428571429
Uttar Pradesh,BUDAUN,2013,Rabi,Masoor,3736,5499,1.471895075
Uttar Pradesh,BUDAUN,2013,Rabi,Onion,33,671,20.33333333
Uttar Pradesh,BUDAUN,2013,Rabi,Peas & beans (Pulses),903,1948,2.157253599
Uttar Pradesh,BUDAUN,2013,Rabi,Potato,13478,237833,17.64601573
Uttar Pradesh,BUDAUN,2013,Rabi,Rapeseed &Mustard,35603,45792,1.286183749
Uttar Pradesh,BUDAUN,2013,Rabi,Tobacco,705,3879,5.50212766
Uttar Pradesh,BUDAUN,2013,Rabi,Turmeric,168,486,2.892857143
Uttar Pradesh,BUDAUN,2013,Rabi,Wheat,245390,894447,3.645001834
Uttar Pradesh,BUDAUN,2013,Summer,Maize,2739,5032,1.837166849
Uttar Pradesh,BUDAUN,2013,Summer,Moong(Green Gram),4,3,0.75
Uttar Pradesh,BUDAUN,2013,Summer,Onion,123,1655,13.45528455
Uttar Pradesh,BUDAUN,2013,Summer,Sunflower,25,40,1.6
Uttar Pradesh,BUDAUN,2013,Summer,Urad,11,6,0.545454545
Uttar Pradesh,BUDAUN,2014,Kharif,Arhar/Tur,353,254,0.719546742
Uttar Pradesh,BUDAUN,2014,Kharif,Bajra,121780,206452,1.695286582
Uttar Pradesh,BUDAUN,2014,Kharif,Dry chillies,116,95,0.818965517
Uttar Pradesh,BUDAUN,2014,Kharif,Groundnut,375,347,0.925333333
Uttar Pradesh,BUDAUN,2014,Kharif,Jowar,64,61,0.953125
Uttar Pradesh,BUDAUN,2014,Kharif,Maize,7829,17005,2.172052625
Uttar Pradesh,BUDAUN,2014,Kharif,Moong(Green Gram),210,67,0.319047619
Uttar Pradesh,BUDAUN,2014,Kharif,Rice,81242,166790,2.053002142
Uttar Pradesh,BUDAUN,2014,Kharif,Sannhamp,1,1,1
Uttar Pradesh,BUDAUN,2014,Kharif,Sesamum,1675,224,0.133731343
Uttar Pradesh,BUDAUN,2014,Kharif,Sugarcane,29629,1748230,59.00401634
Uttar Pradesh,BUDAUN,2014,Kharif,Sweet potato,1295,16041,12.38687259
Uttar Pradesh,BUDAUN,2014,Kharif,Urad,26551,17311,0.651990509
Uttar Pradesh,BUDAUN,2014,Rabi,Barley,193,331,1.715025907
Uttar Pradesh,BUDAUN,2014,Rabi,Coriander,174,84,0.482758621
Uttar Pradesh,BUDAUN,2014,Rabi,Garlic,770,4460,5.792207792
Uttar Pradesh,BUDAUN,2014,Rabi,Gram,29,9,0.310344828
Uttar Pradesh,BUDAUN,2014,Rabi,Maize,4,10,2.5
Uttar Pradesh,BUDAUN,2014,Rabi,Masoor,2961,3183,1.074974671
Uttar Pradesh,BUDAUN,2014,Rabi,Onion,34,520,15.29411765
Uttar Pradesh,BUDAUN,2014,Rabi,Peas & beans (Pulses),1078,1057,0.980519481
Uttar Pradesh,BUDAUN,2014,Rabi,Potato,15112,301273,19.93601112
Uttar Pradesh,BUDAUN,2014,Rabi,Rapeseed &Mustard,23984,29554,1.232238159
Uttar Pradesh,BUDAUN,2014,Rabi,Tobacco,1278,5410,4.233176839
Uttar Pradesh,BUDAUN,2014,Rabi,Turmeric,137,389,2.839416058
Uttar Pradesh,BUDAUN,2014,Rabi,Wheat,255586,538009,2.105001839
Uttar Pradesh,BUDAUN,2014,Summer,Banana,6,271,45.16666667
Uttar Pradesh,BUDAUN,2014,Summer,Maize,4230,7521,1.778014184
Uttar Pradesh,BUDAUN,2014,Summer,Moong(Green Gram),12,8,0.666666667
Uttar Pradesh,BUDAUN,2014,Summer,Onion,122,1845,15.12295082
Uttar Pradesh,BUDAUN,2014,Summer,Rice,33,68,2.060606061
Uttar Pradesh,BUDAUN,2014,Summer,Urad,13,7,0.538461538
Uttar Pradesh,BULANDSHAHR,1997,Kharif,Arhar/Tur,11889,8361,0.70325511
Uttar Pradesh,BULANDSHAHR,1997,Kharif,Bajra,10192,14274,1.400510204
Uttar Pradesh,BULANDSHAHR,1997,Kharif,Groundnut,7,6,0.857142857
Uttar Pradesh,BULANDSHAHR,1997,Kharif,Jowar,487,386,0.792607803
Uttar Pradesh,BULANDSHAHR,1997,Kharif,Maize,100209,214748,2.143001128
Uttar Pradesh,BULANDSHAHR,1997,Kharif,Moong(Green Gram),444,196,0.441441441
Uttar Pradesh,BULANDSHAHR,1997,Kharif,Oilseeds total,12325,11454,0.929330629
Uttar Pradesh,BULANDSHAHR,1997,Kharif,Onion,591,5843,9.886632826
Uttar Pradesh,BULANDSHAHR,1997,Kharif,Rice,14777,42533,2.878324423
Uttar Pradesh,BULANDSHAHR,1997,Kharif,Sesamum,33,5,0.151515152
Uttar Pradesh,BULANDSHAHR,1997,Kharif,Total foodgrain,333907,950194,2.845684577
Uttar Pradesh,BULANDSHAHR,1997,Kharif,Urad,550,228,0.414545455
Uttar Pradesh,BULANDSHAHR,1997,Rabi,Barley,15626,51063,3.267822859
Uttar Pradesh,BULANDSHAHR,1997,Rabi,Gram,1396,1214,0.869627507
Uttar Pradesh,BULANDSHAHR,1997,Rabi,Masoor,2223,1883,0.847053531
Uttar Pradesh,BULANDSHAHR,1997,Rabi,Peas & beans (Pulses),1733,2251,1.298903635
Uttar Pradesh,BULANDSHAHR,1997,Rabi,Rapeseed &Mustard,11958,11001,0.919969895
Uttar Pradesh,BULANDSHAHR,1997,Rabi,Sunflower,327,442,1.351681957
Uttar Pradesh,BULANDSHAHR,1997,Rabi,Wheat,170933,610783,3.573230447
Uttar Pradesh,BULANDSHAHR,1997,Summer,Maize,192,303,1.578125
Uttar Pradesh,BULANDSHAHR,1997,Summer,Moong(Green Gram),2795,1683,0.602146691
Uttar Pradesh,BULANDSHAHR,1997,Summer,Urad,461,288,0.62472885
Uttar Pradesh,BULANDSHAHR,1997,Whole Year,Potato,5764,83706,14.5222068
Uttar Pradesh,BULANDSHAHR,1997,Whole Year,Sugarcane,41748,2617266,62.6920092
Uttar Pradesh,BULANDSHAHR,1998,Kharif,Arhar/Tur,10797,3893,0.360563119
Uttar Pradesh,BULANDSHAHR,1998,Kharif,Bajra,9675,11994,1.239689922
Uttar Pradesh,BULANDSHAHR,1998,Kharif,Cotton(lint),510,62,0.121568627
Uttar Pradesh,BULANDSHAHR,1998,Kharif,Groundnut,8,5,0.625
Uttar Pradesh,BULANDSHAHR,1998,Kharif,Jowar,543,320,0.5893186
Uttar Pradesh,BULANDSHAHR,1998,Kharif,Maize,95000,119035,1.253
Uttar Pradesh,BULANDSHAHR,1998,Kharif,Moong(Green Gram),429,145,0.337995338
Uttar Pradesh,BULANDSHAHR,1998,Kharif,Rice,21946,49298,2.246331906
Uttar Pradesh,BULANDSHAHR,1998,Kharif,Sesamum,52,6,0.115384615
Uttar Pradesh,BULANDSHAHR,1998,Kharif,Urad,547,147,0.268738574
Uttar Pradesh,BULANDSHAHR,1998,Rabi,Barley,15107,51090,3.381875952
Uttar Pradesh,BULANDSHAHR,1998,Rabi,Gram,1321,1167,0.88342165
Uttar Pradesh,BULANDSHAHR,1998,Rabi,Linseed,4,2,0.5
Uttar Pradesh,BULANDSHAHR,1998,Rabi,Masoor,1916,1077,0.562108559
Uttar Pradesh,BULANDSHAHR,1998,Rabi,Peas & beans (Pulses),1632,1673,1.025122549
Uttar Pradesh,BULANDSHAHR,1998,Rabi,Rapeseed &Mustard,8777,7065,0.804944742
Uttar Pradesh,BULANDSHAHR,1998,Rabi,Sunflower,272,281,1.033088235
Uttar Pradesh,BULANDSHAHR,1998,Rabi,Wheat,171976,625440,3.636786528
Uttar Pradesh,BULANDSHAHR,1998,Summer,Maize,218,221,1.013761468
Uttar Pradesh,BULANDSHAHR,1998,Summer,Moong(Green Gram),2229,1890,0.847913863
Uttar Pradesh,BULANDSHAHR,1998,Summer,Urad,391,219,0.560102302
Uttar Pradesh,BULANDSHAHR,1998,Whole Year,Onion,511,6170,12.07436399
Uttar Pradesh,BULANDSHAHR,1998,Whole Year,Potato,5777,106586,18.45006059
Uttar Pradesh,BULANDSHAHR,1998,Whole Year,Sannhamp,14,5,0.357142857
Uttar Pradesh,BULANDSHAHR,1998,Whole Year,Sugarcane,42493,2629807,61.88800508
Uttar Pradesh,BULANDSHAHR,1998,Whole Year,Tobacco,1,6,6
Uttar Pradesh,BULANDSHAHR,1999,Kharif,Arhar/Tur,8746,6413,0.733249485
Uttar Pradesh,BULANDSHAHR,1999,Kharif,Bajra,8373,12626,1.507942195
Uttar Pradesh,BULANDSHAHR,1999,Kharif,Castor seed,3,2,0.666666667
Uttar Pradesh,BULANDSHAHR,1999,Kharif,Cotton(lint),369,471,1.276422764
Uttar Pradesh,BULANDSHAHR,1999,Kharif,Groundnut,10,8,0.8
Uttar Pradesh,BULANDSHAHR,1999,Kharif,Jowar,343,264,0.7696793
Uttar Pradesh,BULANDSHAHR,1999,Kharif,Maize,81211,152352,1.876002019
Uttar Pradesh,BULANDSHAHR,1999,Kharif,Moong(Green Gram),466,218,0.467811159
Uttar Pradesh,BULANDSHAHR,1999,Kharif,Rice,34970,79529,2.274206463
Uttar Pradesh,BULANDSHAHR,1999,Kharif,Sunflower,200,260,1.3
Uttar Pradesh,BULANDSHAHR,1999,Kharif,Urad,474,197,0.415611814
Uttar Pradesh,BULANDSHAHR,1999,Rabi,Barley,13629,47042,3.451610536
Uttar Pradesh,BULANDSHAHR,1999,Rabi,Gram,1060,1027,0.968867925
Uttar Pradesh,BULANDSHAHR,1999,Rabi,Maize,296,429,1.449324324
Uttar Pradesh,BULANDSHAHR,1999,Rabi,Rapeseed &Mustard,8318,8840,1.06275547
Uttar Pradesh,BULANDSHAHR,1999,Rabi,Wheat,176610,670049,3.793947115
Uttar Pradesh,BULANDSHAHR,1999,Summer,Moong(Green Gram),2150,666,0.309767442
Uttar Pradesh,BULANDSHAHR,1999,Summer,Urad,406,189,0.465517241
Uttar Pradesh,BULANDSHAHR,1999,Whole Year,Onion,1954,27543,14.09570113
Uttar Pradesh,BULANDSHAHR,1999,Whole Year,Peas & beans (Pulses),1567,2833,1.80791321
Uttar Pradesh,BULANDSHAHR,1999,Whole Year,Potato,4529,108288,23.90991389
Uttar Pradesh,BULANDSHAHR,1999,Whole Year,Sugarcane,39594,2439624,61.61600242
Uttar Pradesh,BULANDSHAHR,1999,Whole Year,Turmeric,4,6,1.5
Uttar Pradesh,BULANDSHAHR,2000,Kharif,Arhar/Tur,11078,8532,0.770175122
Uttar Pradesh,BULANDSHAHR,2000,Kharif,Bajra,8935,14461,1.618466704
Uttar Pradesh,BULANDSHAHR,2000,Kharif,Cotton(lint),218,282,1.293577982
Uttar Pradesh,BULANDSHAHR,2000,Kharif,Jowar,338,275,0.813609467
Uttar Pradesh,BULANDSHAHR,2000,Kharif,Maize,73358,161901,2.206998555
Uttar Pradesh,BULANDSHAHR,2000,Kharif,Moong(Green Gram),575,174,0.302608696
Uttar Pradesh,BULANDSHAHR,2000,Kharif,Rice,45683,93141,2.038854716
Uttar Pradesh,BULANDSHAHR,2000,Kharif,Sesamum,8,1,0.125
Uttar Pradesh,BULANDSHAHR,2000,Kharif,Urad,659,274,0.415781487
Uttar Pradesh,BULANDSHAHR,2000,Rabi,Barley,11662,37569,3.221488595
Uttar Pradesh,BULANDSHAHR,2000,Rabi,Gram,447,381,0.852348993
Uttar Pradesh,BULANDSHAHR,2000,Rabi,Maize,383,621,1.621409922
Uttar Pradesh,BULANDSHAHR,2000,Rabi,Masoor,1403,879,0.626514612
Uttar Pradesh,BULANDSHAHR,2000,Rabi,Moong(Green Gram),1221,485,0.397215397
Uttar Pradesh,BULANDSHAHR,2000,Rabi,Peas & beans (Pulses),841,868,1.032104637
Uttar Pradesh,BULANDSHAHR,2000,Rabi,Rapeseed &Mustard,6593,7842,1.189443349
Uttar Pradesh,BULANDSHAHR,2000,Rabi,Urad,178,97,0.54494382
Uttar Pradesh,BULANDSHAHR,2000,Rabi,Wheat,181942,688890,3.786316518
Uttar Pradesh,BULANDSHAHR,2000,Summer,Rice,2,5,2.5
Uttar Pradesh,BULANDSHAHR,2000,Whole Year,Potato,6563,141276,21.52613134
Uttar Pradesh,BULANDSHAHR,2000,Whole Year,Sugarcane,44832,2510951,56.00800767
Uttar Pradesh,BULANDSHAHR,2000,Whole Year,Turmeric,1,2,2
Uttar Pradesh,BULANDSHAHR,2001,Kharif,Arhar/Tur,11826,7872,0.665651953
Uttar Pradesh,BULANDSHAHR,2001,Kharif,Bajra,8225,12242,1.488389058
Uttar Pradesh,BULANDSHAHR,2001,Kharif,Cotton(lint),213,276,1.295774648
Uttar Pradesh,BULANDSHAHR,2001,Kharif,Groundnut,13,11,0.846153846
Uttar Pradesh,BULANDSHAHR,2001,Kharif,Jowar,381,329,0.86351706
Uttar Pradesh,BULANDSHAHR,2001,Kharif,Maize,76687,186656,2.43399794
Uttar Pradesh,BULANDSHAHR,2001,Kharif,Moong(Green Gram),556,152,0.273381295
Uttar Pradesh,BULANDSHAHR,2001,Kharif,Moth,1,0.1,0.1
Uttar Pradesh,BULANDSHAHR,2001,Kharif,Rice,39615,89141,2.250183011
Uttar Pradesh,BULANDSHAHR,2001,Kharif,Sesamum,23,6,0.260869565
Uttar Pradesh,BULANDSHAHR,2001,Kharif,Sunflower,13,25,1.923076923
Uttar Pradesh,BULANDSHAHR,2001,Kharif,Urad,1092,446,0.408424908
Uttar Pradesh,BULANDSHAHR,2001,Rabi,Barley,10459,41836,4
Uttar Pradesh,BULANDSHAHR,2001,Rabi,Gram,390,391,1.002564103
Uttar Pradesh,BULANDSHAHR,2001,Rabi,Maize,426,694,1.629107981
Uttar Pradesh,BULANDSHAHR,2001,Rabi,Masoor,1348,1077,0.798961424
Uttar Pradesh,BULANDSHAHR,2001,Rabi,Moong(Green Gram),946,402,0.424947146
Uttar Pradesh,BULANDSHAHR,2001,Rabi,Peas & beans (Pulses),873,1055,1.208476518
Uttar Pradesh,BULANDSHAHR,2001,Rabi,Rapeseed &Mustard,6703,7112,1.061017455
Uttar Pradesh,BULANDSHAHR,2001,Rabi,Urad,221,107,0.484162896
Uttar Pradesh,BULANDSHAHR,2001,Rabi,Wheat,174703,675234,3.865039524
Uttar Pradesh,BULANDSHAHR,2001,Summer,Rice,1,2,2
Uttar Pradesh,BULANDSHAHR,2001,Whole Year,Potato,6234,161779,25.95107475
Uttar Pradesh,BULANDSHAHR,2001,Whole Year,Sugarcane,45116,2759655,61.16798918
Uttar Pradesh,BULANDSHAHR,2001,Whole Year,Turmeric,2,3,1.5
Uttar Pradesh,BULANDSHAHR,2002,Kharif,Bajra,8052,10111,1.255712866
Uttar Pradesh,BULANDSHAHR,2002,Kharif,Cotton(lint),248,265,1.068548387
Uttar Pradesh,BULANDSHAHR,2002,Kharif,Jowar,29,271,9.344827586
Uttar Pradesh,BULANDSHAHR,2002,Kharif,Maize,65947,84214,1.276995163
Uttar Pradesh,BULANDSHAHR,2002,Kharif,Moong(Green Gram),671,451,0.672131148
Uttar Pradesh,BULANDSHAHR,2002,Kharif,Rice,39646,91108,2.298037633
Uttar Pradesh,BULANDSHAHR,2002,Kharif,Sesamum,3,1,0.333333333
Uttar Pradesh,BULANDSHAHR,2002,Kharif,Sunflower,57,82,1.438596491
Uttar Pradesh,BULANDSHAHR,2002,Kharif,Urad,1429,570,0.398880336
Uttar Pradesh,BULANDSHAHR,2002,Rabi,Barley,10523,43555,4.139028794
Uttar Pradesh,BULANDSHAHR,2002,Rabi,Gram,293,267,0.911262799
Uttar Pradesh,BULANDSHAHR,2002,Rabi,Maize,425,471,1.108235294
Uttar Pradesh,BULANDSHAHR,2002,Rabi,Masoor,1477,1127,0.763033175
Uttar Pradesh,BULANDSHAHR,2002,Rabi,Onion,52,537,10.32692308
Uttar Pradesh,BULANDSHAHR,2002,Rabi,Peas & beans (Pulses),871,1070,1.22847302
Uttar Pradesh,BULANDSHAHR,2002,Rabi,Rapeseed &Mustard,7508,7836,1.043686734
Uttar Pradesh,BULANDSHAHR,2002,Rabi,Wheat,180736,714495,3.953252257
Uttar Pradesh,BULANDSHAHR,2002,Summer,Moong(Green Gram),1145,621,0.542358079
Uttar Pradesh,BULANDSHAHR,2002,Summer,Onion,209,2337,11.18181818
Uttar Pradesh,BULANDSHAHR,2002,Summer,Urad,270,109,0.403703704
Uttar Pradesh,BULANDSHAHR,2002,Whole Year,Potato,7026,152050,21.64104754
Uttar Pradesh,BULANDSHAHR,2002,Whole Year,Sannhamp,2,1,0.5
Uttar Pradesh,BULANDSHAHR,2002,Whole Year,Sugarcane,53364,3132040,58.6920021
Uttar Pradesh,BULANDSHAHR,2002,Whole Year,Tobacco,4,12,3
Uttar Pradesh,BULANDSHAHR,2003,Kharif,Arhar/Tur,14788,12471,0.843318907
Uttar Pradesh,BULANDSHAHR,2003,Kharif,Bajra,9873,14398,1.458320673
Uttar Pradesh,BULANDSHAHR,2003,Kharif,Groundnut,1,1,1
Uttar Pradesh,BULANDSHAHR,2003,Kharif,Jowar,102,88,0.862745098
Uttar Pradesh,BULANDSHAHR,2003,Kharif,Maize,65862,128299,1.947997328
Uttar Pradesh,BULANDSHAHR,2003,Kharif,Moong(Green Gram),893,505,0.565509518
Uttar Pradesh,BULANDSHAHR,2003,Kharif,Rice,44941,102596,2.282904252
Uttar Pradesh,BULANDSHAHR,2003,Kharif,Sesamum,3,1,0.333333333
Uttar Pradesh,BULANDSHAHR,2003,Kharif,Sunflower,63,105,1.666666667
Uttar Pradesh,BULANDSHAHR,2003,Kharif,Urad,1378,327,0.237300435
Uttar Pradesh,BULANDSHAHR,2003,Rabi,Barley,10887,34805,3.196932121
Uttar Pradesh,BULANDSHAHR,2003,Rabi,Gram,263,274,1.041825095
Uttar Pradesh,BULANDSHAHR,2003,Rabi,Masoor,1401,1261,0.900071378
Uttar Pradesh,BULANDSHAHR,2003,Rabi,Onion,136,1952,14.35294118
Uttar Pradesh,BULANDSHAHR,2003,Rabi,Peas & beans (Pulses),870,1193,1.371264368
Uttar Pradesh,BULANDSHAHR,2003,Rabi,Rapeseed &Mustard,7595,7238,0.952995392
Uttar Pradesh,BULANDSHAHR,2003,Rabi,Wheat,186200,662853,3.559897959
Uttar Pradesh,BULANDSHAHR,2003,Summer,Maize,568,777,1.367957746
Uttar Pradesh,BULANDSHAHR,2003,Summer,Moong(Green Gram),1177,643,0.546304163
Uttar Pradesh,BULANDSHAHR,2003,Summer,Onion,189,1865,9.867724868
Uttar Pradesh,BULANDSHAHR,2003,Summer,Urad,225,110,0.488888889
Uttar Pradesh,BULANDSHAHR,2003,Whole Year,Potato,7350,127647,17.36693878
Uttar Pradesh,BULANDSHAHR,2003,Whole Year,Sannhamp,2,1,0.5
Uttar Pradesh,BULANDSHAHR,2003,Whole Year,Sugarcane,56578,3361638,59.41599208
Uttar Pradesh,BULANDSHAHR,2003,Whole Year,Tobacco,1,5,5
Uttar Pradesh,BULANDSHAHR,2004,Kharif,Bajra,8885,12321,1.38671919
Uttar Pradesh,BULANDSHAHR,2004,Kharif,Cotton(lint),394,66,0.16751269
Uttar Pradesh,BULANDSHAHR,2004,Kharif,Groundnut,1,1,1
Uttar Pradesh,BULANDSHAHR,2004,Kharif,Jowar,92,74,0.804347826
Uttar Pradesh,BULANDSHAHR,2004,Kharif,Maize,61013,107322,1.75900218
Uttar Pradesh,BULANDSHAHR,2004,Kharif,Rice,50510,122273,2.420768165
Uttar Pradesh,BULANDSHAHR,2004,Kharif,Sesamum,6,1,0.166666667
Uttar Pradesh,BULANDSHAHR,2004,Kharif,Sugarcane,53523,3222727,60.21200232
Uttar Pradesh,BULANDSHAHR,2004,Rabi,Barley,9562,26622,2.784145576
Uttar Pradesh,BULANDSHAHR,2004,Rabi,Gram,183,168,0.918032787
Uttar Pradesh,BULANDSHAHR,2004,Rabi,Potato,7098,134252,18.9140603
Uttar Pradesh,BULANDSHAHR,2004,Rabi,Rapeseed &Mustard,8456,10313,1.219607379
Uttar Pradesh,BULANDSHAHR,2004,Rabi,Wheat,190278,655038,3.442531454
Uttar Pradesh,BULANDSHAHR,2004,Summer,Sunflower,87,171,1.965517241
Uttar Pradesh,BULANDSHAHR,2004,Whole Year,Dry chillies,821,770,0.937880633
Uttar Pradesh,BULANDSHAHR,2004,Whole Year,Garlic,21,91,4.333333333
Uttar Pradesh,BULANDSHAHR,2004,Whole Year,Guar seed,110,93,0.845454545
Uttar Pradesh,BULANDSHAHR,2004,Whole Year,Onion,248,2865,11.55241935
Uttar Pradesh,BULANDSHAHR,2004,Whole Year,Sweet potato,106,1232,11.62264151
Uttar Pradesh,BULANDSHAHR,2004,Whole Year,Tobacco,3,13,4.333333333
Uttar Pradesh,BULANDSHAHR,2005,Kharif,Bajra,10205,15460,1.514943655
Uttar Pradesh,BULANDSHAHR,2005,Kharif,Cotton(lint),355,73,0.205633803
Uttar Pradesh,BULANDSHAHR,2005,Kharif,Jowar,359,289,0.805013928
Uttar Pradesh,BULANDSHAHR,2005,Kharif,Maize,62233,99448,1.597994633
Uttar Pradesh,BULANDSHAHR,2005,Kharif,Rice,45027,102031,2.265995958
Uttar Pradesh,BULANDSHAHR,2005,Kharif,Sugarcane,56891,3233684,56.83999227
Uttar Pradesh,BULANDSHAHR,2005,Rabi,Barley,9023,25492,2.825224426
Uttar Pradesh,BULANDSHAHR,2005,Rabi,Gram,150,134,0.893333333
Uttar Pradesh,BULANDSHAHR,2005,Rabi,Potato,7350,125156,17.02802721
Uttar Pradesh,BULANDSHAHR,2005,Rabi,Rapeseed &Mustard,6381,7184,1.125842344
Uttar Pradesh,BULANDSHAHR,2005,Rabi,Wheat,190249,635051,3.337999148
Uttar Pradesh,BULANDSHAHR,2005,Summer,Sunflower,176,225,1.278409091
Uttar Pradesh,BULANDSHAHR,2005,Whole Year,Coriander,4,2,0.5
Uttar Pradesh,BULANDSHAHR,2005,Whole Year,Dry chillies,589,538,0.913412564
Uttar Pradesh,BULANDSHAHR,2005,Whole Year,Garlic,17,74,4.352941176
Uttar Pradesh,BULANDSHAHR,2005,Whole Year,Guar seed,99,80,0.808080808
Uttar Pradesh,BULANDSHAHR,2005,Whole Year,Onion,704,9038,12.83806818
Uttar Pradesh,BULANDSHAHR,2005,Whole Year,Sweet potato,87,1138,13.08045977
Uttar Pradesh,BULANDSHAHR,2005,Whole Year,Tobacco,1,4,4
Uttar Pradesh,BULANDSHAHR,2006,Kharif,Arhar/Tur,11255,9173,0.815015549
Uttar Pradesh,BULANDSHAHR,2006,Kharif,Bajra,6543,10384,1.587039584
Uttar Pradesh,BULANDSHAHR,2006,Kharif,Cotton(lint),345,73,0.211594203
Uttar Pradesh,BULANDSHAHR,2006,Kharif,Jowar,110,89,0.809090909
Uttar Pradesh,BULANDSHAHR,2006,Kharif,Maize,60192,112980,1.87699362
Uttar Pradesh,BULANDSHAHR,2006,Kharif,Other Kharif pulses,3296,1913,0.580400485
Uttar Pradesh,BULANDSHAHR,2006,Kharif,Rice,46033,100444,2.18199987
Uttar Pradesh,BULANDSHAHR,2006,Kharif,Sesamum,5,1,0.2
Uttar Pradesh,BULANDSHAHR,2006,Kharif,Sugarcane,60208,3581894,59.49199442
Uttar Pradesh,BULANDSHAHR,2006,Kharif,Sweet potato,69,942,13.65217391
Uttar Pradesh,BULANDSHAHR,2006,Rabi,Barley,7697,27725,3.602052748
Uttar Pradesh,BULANDSHAHR,2006,Rabi,Garlic,83,365,4.397590361
Uttar Pradesh,BULANDSHAHR,2006,Rabi,Gram,58,42,0.724137931
Uttar Pradesh,BULANDSHAHR,2006,Rabi,Masoor,906,639,0.705298013
Uttar Pradesh,BULANDSHAHR,2006,Rabi,Onion,79,1515,19.17721519
Uttar Pradesh,BULANDSHAHR,2006,Rabi,Other  Rabi pulses,850,822,0.967058824
Uttar Pradesh,BULANDSHAHR,2006,Rabi,Potato,7752,134955,17.40905573
Uttar Pradesh,BULANDSHAHR,2006,Rabi,Rapeseed &Mustard,7717,7297,0.945574705
Uttar Pradesh,BULANDSHAHR,2006,Rabi,Tobacco,2,11,5.5
Uttar Pradesh,BULANDSHAHR,2006,Rabi,Wheat,178444,672912,3.770998184
Uttar Pradesh,BULANDSHAHR,2006,Summer,Maize,584,774,1.325342466
Uttar Pradesh,BULANDSHAHR,2006,Summer,Onion,205,2387,11.64390244
Uttar Pradesh,BULANDSHAHR,2006,Summer,Sunflower,47,71,1.510638298
Uttar Pradesh,BULANDSHAHR,2006,Whole Year,Coriander,5,3,0.6
Uttar Pradesh,BULANDSHAHR,2006,Whole Year,Dry chillies,709,672,0.947813822
Uttar Pradesh,BULANDSHAHR,2006,Whole Year,Guar seed,87,73,0.83908046
Uttar Pradesh,BULANDSHAHR,2007,Kharif,Arhar/Tur,13302,11947,0.898135619
Uttar Pradesh,BULANDSHAHR,2007,Kharif,Bajra,8453,13209,1.562640483
Uttar Pradesh,BULANDSHAHR,2007,Kharif,Cotton(lint),406,111,0.273399015
Uttar Pradesh,BULANDSHAHR,2007,Kharif,Dry chillies,723,697,0.964038728
Uttar Pradesh,BULANDSHAHR,2007,Kharif,Guar seed,91,76,0.835164835
Uttar Pradesh,BULANDSHAHR,2007,Kharif,Jowar,136,86,0.632352941
Uttar Pradesh,BULANDSHAHR,2007,Kharif,Maize,56393,110869,1.966006419
Uttar Pradesh,BULANDSHAHR,2007,Kharif,Moong(Green Gram),607,121,0.199341021
Uttar Pradesh,BULANDSHAHR,2007,Kharif,Rice,58105,135908,2.33900697
Uttar Pradesh,BULANDSHAHR,2007,Kharif,Sugarcane,57107,3462740,60.63599909
Uttar Pradesh,BULANDSHAHR,2007,Kharif,Sweet potato,113,1521,13.46017699
Uttar Pradesh,BULANDSHAHR,2007,Kharif,Urad,1022,448,0.438356164
Uttar Pradesh,BULANDSHAHR,2007,Rabi,Barley,6328,19066,3.012958281
Uttar Pradesh,BULANDSHAHR,2007,Rabi,Coriander,4,2,0.5
Uttar Pradesh,BULANDSHAHR,2007,Rabi,Gram,55,41,0.745454545
Uttar Pradesh,BULANDSHAHR,2007,Rabi,Masoor,1018,738,0.724950884
Uttar Pradesh,BULANDSHAHR,2007,Rabi,Onion,114,1593,13.97368421
Uttar Pradesh,BULANDSHAHR,2007,Rabi,Other  Rabi pulses,224,210,0.9375
Uttar Pradesh,BULANDSHAHR,2007,Rabi,Potato,9841,162898,16.55299258
Uttar Pradesh,BULANDSHAHR,2007,Rabi,Rapeseed &Mustard,9012,11847,1.314580559
Uttar Pradesh,BULANDSHAHR,2007,Rabi,Wheat,193808,692088,3.570998101
Uttar Pradesh,BULANDSHAHR,2007,Summer,Maize,714,1026,1.43697479
Uttar Pradesh,BULANDSHAHR,2007,Summer,Moong(Green Gram),1071,741,0.691876751
Uttar Pradesh,BULANDSHAHR,2007,Summer,Onion,337,4550,13.50148368
Uttar Pradesh,BULANDSHAHR,2007,Summer,Rice,1,2,2
Uttar Pradesh,BULANDSHAHR,2007,Summer,Sunflower,20,33,1.65
Uttar Pradesh,BULANDSHAHR,2007,Summer,Urad,444,249,0.560810811
Uttar Pradesh,BULANDSHAHR,2008,Kharif,Arhar/Tur,11861,8992,0.75811483
Uttar Pradesh,BULANDSHAHR,2008,Kharif,Bajra,5844,10676,1.826830938
Uttar Pradesh,BULANDSHAHR,2008,Kharif,Cotton(lint),301,66,0.219269103
Uttar Pradesh,BULANDSHAHR,2008,Kharif,Dry chillies,716,714,0.997206704
Uttar Pradesh,BULANDSHAHR,2008,Kharif,Guar seed,81,68,0.839506173
Uttar Pradesh,BULANDSHAHR,2008,Kharif,Jowar,20,15,0.75
Uttar Pradesh,BULANDSHAHR,2008,Kharif,Maize,51172,111197,2.173004768
Uttar Pradesh,BULANDSHAHR,2008,Kharif,Moong(Green Gram),344,127,0.369186047
Uttar Pradesh,BULANDSHAHR,2008,Kharif,Rice,69306,160374,2.313998788
Uttar Pradesh,BULANDSHAHR,2008,Kharif,Sannhamp,9,3,0.333333333
Uttar Pradesh,BULANDSHAHR,2008,Kharif,Sesamum,17,3,0.176470588
Uttar Pradesh,BULANDSHAHR,2008,Kharif,Sugarcane,53228,2988007,56.13599985
Uttar Pradesh,BULANDSHAHR,2008,Kharif,Sweet potato,124,1523,12.28225806
Uttar Pradesh,BULANDSHAHR,2008,Kharif,Urad,1158,623,0.537996546
Uttar Pradesh,BULANDSHAHR,2008,Rabi,Barley,7335,26318,3.588002727
Uttar Pradesh,BULANDSHAHR,2008,Rabi,Coriander,7,4,0.571428571
Uttar Pradesh,BULANDSHAHR,2008,Rabi,Garlic,23,135,5.869565217
Uttar Pradesh,BULANDSHAHR,2008,Rabi,Gram,60,59,0.983333333
Uttar Pradesh,BULANDSHAHR,2008,Rabi,Masoor,1108,978,0.88267148
Uttar Pradesh,BULANDSHAHR,2008,Rabi,Onion,263,3083,11.72243346
Uttar Pradesh,BULANDSHAHR,2008,Rabi,Peas & beans (Pulses),430,519,1.206976744
Uttar Pradesh,BULANDSHAHR,2008,Rabi,Potato,7786,144656,18.57898793
Uttar Pradesh,BULANDSHAHR,2008,Rabi,Rapeseed &Mustard,9048,9691,1.071065429
Uttar Pradesh,BULANDSHAHR,2008,Rabi,Wheat,196585,777887,3.957000788
Uttar Pradesh,BULANDSHAHR,2008,Summer,Maize,1402,2097,1.495720399
Uttar Pradesh,BULANDSHAHR,2008,Summer,Moong(Green Gram),1064,730,0.686090226
Uttar Pradesh,BULANDSHAHR,2008,Summer,Sunflower,65,121,1.861538462
Uttar Pradesh,BULANDSHAHR,2008,Summer,Urad,393,244,0.62086514
Uttar Pradesh,BULANDSHAHR,2009,Kharif,Arhar/Tur,9668,7748,0.801406703
Uttar Pradesh,BULANDSHAHR,2009,Kharif,Bajra,7317,14744,2.015033484
Uttar Pradesh,BULANDSHAHR,2009,Kharif,Cotton(lint),166,28,0.168674699
Uttar Pradesh,BULANDSHAHR,2009,Kharif,Dry chillies,712,627,0.880617978
Uttar Pradesh,BULANDSHAHR,2009,Kharif,Groundnut,3,2,0.666666667
Uttar Pradesh,BULANDSHAHR,2009,Kharif,Guar seed,94,78,0.829787234
Uttar Pradesh,BULANDSHAHR,2009,Kharif,Jowar,43,32,0.744186047
Uttar Pradesh,BULANDSHAHR,2009,Kharif,Maize,48794,92855,1.903000369
Uttar Pradesh,BULANDSHAHR,2009,Kharif,Moong(Green Gram),987,146,0.147922999
Uttar Pradesh,BULANDSHAHR,2009,Kharif,Rice,61431,138220,2.25000407
Uttar Pradesh,BULANDSHAHR,2009,Kharif,Sesamum,9,1,0.111111111
Uttar Pradesh,BULANDSHAHR,2009,Kharif,Sugarcane,45841,2575531,56.18400558
Uttar Pradesh,BULANDSHAHR,2009,Kharif,Sweet potato,100,1360,13.6
Uttar Pradesh,BULANDSHAHR,2009,Kharif,Urad,1229,469,0.381611066
Uttar Pradesh,BULANDSHAHR,2009,Rabi,Barley,8013,27877,3.478971671
Uttar Pradesh,BULANDSHAHR,2009,Rabi,Coriander,8,5,0.625
Uttar Pradesh,BULANDSHAHR,2009,Rabi,Garlic,13,69,5.307692308
Uttar Pradesh,BULANDSHAHR,2009,Rabi,Gram,40,33,0.825
Uttar Pradesh,BULANDSHAHR,2009,Rabi,Masoor,1134,911,0.80335097
Uttar Pradesh,BULANDSHAHR,2009,Rabi,Onion,171,2937,17.1754386
Uttar Pradesh,BULANDSHAHR,2009,Rabi,Peas & beans (Pulses),682,875,1.282991202
Uttar Pradesh,BULANDSHAHR,2009,Rabi,Potato,7090,135291,19.0819464
Uttar Pradesh,BULANDSHAHR,2009,Rabi,Rapeseed &Mustard,7811,9799,1.254512866
Uttar Pradesh,BULANDSHAHR,2009,Rabi,Wheat,195439,725079,3.710001586
Uttar Pradesh,BULANDSHAHR,2009,Summer,Maize,1171,1704,1.455166524
Uttar Pradesh,BULANDSHAHR,2009,Summer,Moong(Green Gram),1069,856,0.800748363
Uttar Pradesh,BULANDSHAHR,2009,Summer,Onion,182,2528,13.89010989
Uttar Pradesh,BULANDSHAHR,2009,Summer,Sunflower,3,7,2.333333333
Uttar Pradesh,BULANDSHAHR,2009,Summer,Urad,302,187,0.619205298
Uttar Pradesh,BULANDSHAHR,2010,Kharif,Arhar/Tur,11990,7830,0.653044204
Uttar Pradesh,BULANDSHAHR,2010,Kharif,Bajra,8501,16985,1.998000235
Uttar Pradesh,BULANDSHAHR,2010,Kharif,Cotton(lint),213,38,0.178403756
Uttar Pradesh,BULANDSHAHR,2010,Kharif,Dry chillies,168,147,0.875
Uttar Pradesh,BULANDSHAHR,2010,Kharif,Guar seed,90,75,0.833333333
Uttar Pradesh,BULANDSHAHR,2010,Kharif,Jowar,163,132,0.809815951
Uttar Pradesh,BULANDSHAHR,2010,Kharif,Maize,49867,104023,2.086008783
Uttar Pradesh,BULANDSHAHR,2010,Kharif,Moong(Green Gram),397,187,0.471032746
Uttar Pradesh,BULANDSHAHR,2010,Kharif,Rice,74827,168885,2.257006161
Uttar Pradesh,BULANDSHAHR,2010,Kharif,Sesamum,12,2,0.166666667
Uttar Pradesh,BULANDSHAHR,2010,Kharif,Sugarcane,52578,3026390,57.56000609
Uttar Pradesh,BULANDSHAHR,2010,Kharif,Sweet potato,75,924,12.32
Uttar Pradesh,BULANDSHAHR,2010,Kharif,Urad,1909,1288,0.674698795
Uttar Pradesh,BULANDSHAHR,2010,Rabi,Barley,7390,25045,3.389039242
Uttar Pradesh,BULANDSHAHR,2010,Rabi,Gram,54,47,0.87037037
Uttar Pradesh,BULANDSHAHR,2010,Rabi,Masoor,1312,920,0.701219512
Uttar Pradesh,BULANDSHAHR,2010,Rabi,Onion,289,5320,18.4083045
Uttar Pradesh,BULANDSHAHR,2010,Rabi,Peas & beans (Pulses),666,776,1.165165165
Uttar Pradesh,BULANDSHAHR,2010,Rabi,Potato,7217,140082,19.41000416
Uttar Pradesh,BULANDSHAHR,2010,Rabi,Rapeseed &Mustard,7799,9319,1.194896782
Uttar Pradesh,BULANDSHAHR,2010,Rabi,Turmeric,10,32,3.2
Uttar Pradesh,BULANDSHAHR,2010,Rabi,Wheat,192422,759490,3.947001902
Uttar Pradesh,BULANDSHAHR,2010,Summer,Maize,1171,1717,1.466268147
Uttar Pradesh,BULANDSHAHR,2010,Summer,Moong(Green Gram),1515,1203,0.794059406
Uttar Pradesh,BULANDSHAHR,2010,Summer,Rice,1,2,2
Uttar Pradesh,BULANDSHAHR,2010,Summer,Sunflower,19,41,2.157894737
Uttar Pradesh,BULANDSHAHR,2010,Summer,Urad,324,202,0.62345679
Uttar Pradesh,BULANDSHAHR,2011,Kharif,Arhar/Tur,9146,6278,0.686420293
Uttar Pradesh,BULANDSHAHR,2011,Kharif,Bajra,13090,25099,1.917417876
Uttar Pradesh,BULANDSHAHR,2011,Kharif,Cotton(lint),84,20,0.238095238
Uttar Pradesh,BULANDSHAHR,2011,Kharif,Dry chillies,490,407,0.830612245
Uttar Pradesh,BULANDSHAHR,2011,Kharif,Groundnut,17,17,1
Uttar Pradesh,BULANDSHAHR,2011,Kharif,Guar seed,89,73,0.820224719
Uttar Pradesh,BULANDSHAHR,2011,Kharif,Jowar,1759,1331,0.756679932
Uttar Pradesh,BULANDSHAHR,2011,Kharif,Maize,50608,111439,2.202003636
Uttar Pradesh,BULANDSHAHR,2011,Kharif,Moong(Green Gram),856,363,0.424065421
Uttar Pradesh,BULANDSHAHR,2011,Kharif,Rice,88300,209271,2.37
Uttar Pradesh,BULANDSHAHR,2011,Kharif,Sesamum,6,1,0.166666667
Uttar Pradesh,BULANDSHAHR,2011,Kharif,Sugarcane,54477,3231794,59.3240083
Uttar Pradesh,BULANDSHAHR,2011,Kharif,Sweet potato,96,1247,12.98958333
Uttar Pradesh,BULANDSHAHR,2011,Kharif,Urad,1054,705,0.668880455
Uttar Pradesh,BULANDSHAHR,2011,Rabi,Barley,5518,21007,3.806995288
Uttar Pradesh,BULANDSHAHR,2011,Rabi,Coriander,1,1,1
Uttar Pradesh,BULANDSHAHR,2011,Rabi,Garlic,84,434,5.166666667
Uttar Pradesh,BULANDSHAHR,2011,Rabi,Gram,37,43,1.162162162
Uttar Pradesh,BULANDSHAHR,2011,Rabi,Maize,34,81,2.382352941
Uttar Pradesh,BULANDSHAHR,2011,Rabi,Masoor,1084,955,0.88099631
Uttar Pradesh,BULANDSHAHR,2011,Rabi,Onion,295,6748,22.87457627
Uttar Pradesh,BULANDSHAHR,2011,Rabi,Peas & beans (Pulses),457,654,1.43107221
Uttar Pradesh,BULANDSHAHR,2011,Rabi,Potato,8280,166089,20.05905797
Uttar Pradesh,BULANDSHAHR,2011,Rabi,Rapeseed &Mustard,8399,9818,1.168948684
Uttar Pradesh,BULANDSHAHR,2011,Rabi,Wheat,197682,833427,4.215998422
Uttar Pradesh,BULANDSHAHR,2011,Summer,Maize,1119,1850,1.653261841
Uttar Pradesh,BULANDSHAHR,2011,Summer,Moong(Green Gram),1024,806,0.787109375
Uttar Pradesh,BULANDSHAHR,2011,Summer,Onion,135,1463,10.83703704
Uttar Pradesh,BULANDSHAHR,2011,Summer,Sunflower,8,14,1.75
Uttar Pradesh,BULANDSHAHR,2011,Summer,Urad,170,113,0.664705882
Uttar Pradesh,BULANDSHAHR,2012,Kharif,Arhar/Tur,9554,9522,0.996650618
Uttar Pradesh,BULANDSHAHR,2012,Kharif,Bajra,11983,23587,1.96837186
Uttar Pradesh,BULANDSHAHR,2012,Kharif,Cotton(lint),65,15,0.230769231
Uttar Pradesh,BULANDSHAHR,2012,Kharif,Dry chillies,347,279,0.804034582
Uttar Pradesh,BULANDSHAHR,2012,Kharif,Groundnut,6,6,1
Uttar Pradesh,BULANDSHAHR,2012,Kharif,Guar seed,89,73,0.820224719
Uttar Pradesh,BULANDSHAHR,2012,Kharif,Jowar,104,115,1.105769231
Uttar Pradesh,BULANDSHAHR,2012,Kharif,Maize,44122,104613,2.370994062
Uttar Pradesh,BULANDSHAHR,2012,Kharif,Moong(Green Gram),365,185,0.506849315
Uttar Pradesh,BULANDSHAHR,2012,Kharif,Rice,83783,216328,2.582003509
Uttar Pradesh,BULANDSHAHR,2012,Kharif,Sesamum,3,1,0.333333333
Uttar Pradesh,BULANDSHAHR,2012,Kharif,Sugarcane,54231,3306139,60.96400583
Uttar Pradesh,BULANDSHAHR,2012,Kharif,Sweet potato,60,777,12.95
Uttar Pradesh,BULANDSHAHR,2012,Kharif,Urad,1603,1063,0.663131628
Uttar Pradesh,BULANDSHAHR,2012,Rabi,Barley,5578,14866,2.665112944
Uttar Pradesh,BULANDSHAHR,2012,Rabi,Garlic,28,146,5.214285714
Uttar Pradesh,BULANDSHAHR,2012,Rabi,Gram,33,37,1.121212121
Uttar Pradesh,BULANDSHAHR,2012,Rabi,Masoor,857,763,0.890315053
Uttar Pradesh,BULANDSHAHR,2012,Rabi,Onion,51,1173,23
Uttar Pradesh,BULANDSHAHR,2012,Rabi,Peas & beans (Pulses),381,569,1.49343832
Uttar Pradesh,BULANDSHAHR,2012,Rabi,Potato,8281,164618,19.87900012
Uttar Pradesh,BULANDSHAHR,2012,Rabi,Rapeseed &Mustard,7971,10538,1.322042404
Uttar Pradesh,BULANDSHAHR,2012,Rabi,Turmeric,9,26,2.888888889
Uttar Pradesh,BULANDSHAHR,2012,Rabi,Wheat,193944,781594,4.02999835
Uttar Pradesh,BULANDSHAHR,2012,Summer,Maize,1023,1889,1.846529814
Uttar Pradesh,BULANDSHAHR,2012,Summer,Moong(Green Gram),912,627,0.6875
Uttar Pradesh,BULANDSHAHR,2012,Summer,Onion,171,1861,10.88304094
Uttar Pradesh,BULANDSHAHR,2012,Summer,Rice,1,3,3
Uttar Pradesh,BULANDSHAHR,2012,Summer,Sunflower,23,18,0.782608696
Uttar Pradesh,BULANDSHAHR,2012,Summer,Urad,267,185,0.692883895
Uttar Pradesh,BULANDSHAHR,2013,Kharif,Arhar/Tur,8911,6728,0.755021883
Uttar Pradesh,BULANDSHAHR,2013,Kharif,Bajra,11502,24488,2.12902104
Uttar Pradesh,BULANDSHAHR,2013,Kharif,Cotton(lint),244,55,0.225409836
Uttar Pradesh,BULANDSHAHR,2013,Kharif,Dry chillies,293,237,0.80887372
Uttar Pradesh,BULANDSHAHR,2013,Kharif,Guar seed,10,8,0.8
Uttar Pradesh,BULANDSHAHR,2013,Kharif,Jowar,187,151,0.807486631
Uttar Pradesh,BULANDSHAHR,2013,Kharif,Maize,41547,99380,2.391989795
Uttar Pradesh,BULANDSHAHR,2013,Kharif,Moong(Green Gram),472,151,0.319915254
Uttar Pradesh,BULANDSHAHR,2013,Kharif,Rice,95669,251801,2.632002007
Uttar Pradesh,BULANDSHAHR,2013,Kharif,Sannhamp,8,2,0.25
Uttar Pradesh,BULANDSHAHR,2013,Kharif,Sesamum,8,1,0.125
Uttar Pradesh,BULANDSHAHR,2013,Kharif,Sugarcane,51056,3337633,65.37200329
Uttar Pradesh,BULANDSHAHR,2013,Kharif,Sweet potato,91,1203,13.21978022
Uttar Pradesh,BULANDSHAHR,2013,Kharif,Urad,1874,836,0.446104589
Uttar Pradesh,BULANDSHAHR,2013,Rabi,Barley,5643,20283,3.5943647
Uttar Pradesh,BULANDSHAHR,2013,Rabi,Coriander,5,3,0.6
Uttar Pradesh,BULANDSHAHR,2013,Rabi,Garlic,15,88,5.866666667
Uttar Pradesh,BULANDSHAHR,2013,Rabi,Gram,87,70,0.804597701
Uttar Pradesh,BULANDSHAHR,2013,Rabi,Masoor,807,558,0.691449814
Uttar Pradesh,BULANDSHAHR,2013,Rabi,Onion,38,773,20.34210526
Uttar Pradesh,BULANDSHAHR,2013,Rabi,Peas & beans (Pulses),434,431,0.993087558
Uttar Pradesh,BULANDSHAHR,2013,Rabi,Potato,8676,149722,17.25703089
Uttar Pradesh,BULANDSHAHR,2013,Rabi,Rapeseed &Mustard,9647,14402,1.492899347
Uttar Pradesh,BULANDSHAHR,2013,Rabi,Turmeric,34,98,2.882352941
Uttar Pradesh,BULANDSHAHR,2013,Rabi,Wheat,191272,788232,4.12100046
Uttar Pradesh,BULANDSHAHR,2013,Summer,Banana,4,174,43.5
Uttar Pradesh,BULANDSHAHR,2013,Summer,Maize,2145,3940,1.836829837
Uttar Pradesh,BULANDSHAHR,2013,Summer,Moong(Green Gram),1040,627,0.602884615
Uttar Pradesh,BULANDSHAHR,2013,Summer,Onion,87,1110,12.75862069
Uttar Pradesh,BULANDSHAHR,2013,Summer,Rice,1,3,3
Uttar Pradesh,BULANDSHAHR,2013,Summer,Sunflower,2,3,1.5
Uttar Pradesh,BULANDSHAHR,2013,Summer,Urad,127,74,0.582677165
Uttar Pradesh,BULANDSHAHR,2014,Kharif,Arhar/Tur,6998,5662,0.809088311
Uttar Pradesh,BULANDSHAHR,2014,Kharif,Bajra,13775,27906,2.02584392
Uttar Pradesh,BULANDSHAHR,2014,Kharif,Cotton(lint),224,67,0.299107143
Uttar Pradesh,BULANDSHAHR,2014,Kharif,Dry chillies,329,271,0.823708207
Uttar Pradesh,BULANDSHAHR,2014,Kharif,Groundnut,1,1,1
Uttar Pradesh,BULANDSHAHR,2014,Kharif,Guar seed,7,6,0.857142857
Uttar Pradesh,BULANDSHAHR,2014,Kharif,Jowar,100,73,0.73
Uttar Pradesh,BULANDSHAHR,2014,Kharif,Maize,37867,89290,2.357989806
Uttar Pradesh,BULANDSHAHR,2014,Kharif,Moong(Green Gram),438,140,0.319634703
Uttar Pradesh,BULANDSHAHR,2014,Kharif,Rice,107595,275551,2.561001905
Uttar Pradesh,BULANDSHAHR,2014,Kharif,Sesamum,52,10,0.192307692
Uttar Pradesh,BULANDSHAHR,2014,Kharif,Sugarcane,48031,3028451,63.05200808
Uttar Pradesh,BULANDSHAHR,2014,Kharif,Sweet potato,84,1041,12.39285714
Uttar Pradesh,BULANDSHAHR,2014,Kharif,Urad,1571,842,0.535964354
Uttar Pradesh,BULANDSHAHR,2014,Rabi,Barley,2882,8652,3.002081888
Uttar Pradesh,BULANDSHAHR,2014,Rabi,Coriander,11,5,0.454545455
Uttar Pradesh,BULANDSHAHR,2014,Rabi,Garlic,23,133,5.782608696
Uttar Pradesh,BULANDSHAHR,2014,Rabi,Masoor,907,487,0.53693495
Uttar Pradesh,BULANDSHAHR,2014,Rabi,Onion,62,949,15.30645161
Uttar Pradesh,BULANDSHAHR,2014,Rabi,Peas & beans (Pulses),390,294,0.753846154
Uttar Pradesh,BULANDSHAHR,2014,Rabi,Potato,6855,153840,22.44201313
Uttar Pradesh,BULANDSHAHR,2014,Rabi,Rapeseed &Mustard,9068,8315,0.916960741
Uttar Pradesh,BULANDSHAHR,2014,Rabi,Turmeric,14,40,2.857142857
Uttar Pradesh,BULANDSHAHR,2014,Rabi,Wheat,195559,534072,2.731001897
Uttar Pradesh,BULANDSHAHR,2014,Summer,Banana,6,271,45.16666667
Uttar Pradesh,BULANDSHAHR,2014,Summer,Maize,2537,4511,1.778084352
Uttar Pradesh,BULANDSHAHR,2014,Summer,Moong(Green Gram),1516,1170,0.77176781
Uttar Pradesh,BULANDSHAHR,2014,Summer,Onion,143,2162,15.11888112
Uttar Pradesh,BULANDSHAHR,2014,Summer,Rice,1,3,3
Uttar Pradesh,BULANDSHAHR,2014,Summer,Urad,133,72,0.541353383
Uttar Pradesh,CHANDAULI,1997,Kharif,Arhar/Tur,2494,2856,1.145148356
Uttar Pradesh,CHANDAULI,1997,Kharif,Bajra,4173,4430,1.061586389
Uttar Pradesh,CHANDAULI,1997,Kharif,Groundnut,77,69,0.896103896
Uttar Pradesh,CHANDAULI,1997,Kharif,Jowar,958,929,0.969728601
Uttar Pradesh,CHANDAULI,1997,Kharif,Maize,137,193,1.408759124
Uttar Pradesh,CHANDAULI,1997,Kharif,Moong(Green Gram),47,16,0.340425532
Uttar Pradesh,CHANDAULI,1997,Kharif,Moth,6,3,0.5
Uttar Pradesh,CHANDAULI,1997,Kharif,Rice,102240,314455,3.075655321
Uttar Pradesh,CHANDAULI,1997,Kharif,Sesamum,43,7,0.162790698
Uttar Pradesh,CHANDAULI,1997,Kharif,Small millets,7,4,0.571428571
Uttar Pradesh,CHANDAULI,1997,Kharif,Urad,143,103,0.72027972
Uttar Pradesh,CHANDAULI,1997,Rabi,Barley,872,1062,1.217889908
Uttar Pradesh,CHANDAULI,1997,Rabi,Gram,3027,2895,0.956392468
Uttar Pradesh,CHANDAULI,1997,Rabi,Linseed,1693,633,0.373892499
Uttar Pradesh,CHANDAULI,1997,Rabi,Masoor,9385,5475,0.58337773
Uttar Pradesh,CHANDAULI,1997,Rabi,Peas & beans (Pulses),1693,1969,1.163024217
Uttar Pradesh,CHANDAULI,1997,Rabi,Rapeseed &Mustard,375,332,0.885333333
Uttar Pradesh,CHANDAULI,1997,Rabi,Wheat,88884,173762,1.954930021
Uttar Pradesh,CHANDAULI,1997,Summer,Moong(Green Gram),41,22,0.536585366
Uttar Pradesh,CHANDAULI,1997,Summer,Urad,7,3,0.428571429
Uttar Pradesh,CHANDAULI,1997,Whole Year,Potato,873,14332,16.41695304
Uttar Pradesh,CHANDAULI,1997,Whole Year,Sugarcane,1806,74162,41.06423034
Uttar Pradesh,CHANDAULI,1998,Kharif,Arhar/Tur,2540,2994,1.178740157
Uttar Pradesh,CHANDAULI,1998,Kharif,Bajra,4138,3735,0.902609957
Uttar Pradesh,CHANDAULI,1998,Kharif,Groundnut,83,54,0.65060241
Uttar Pradesh,CHANDAULI,1998,Kharif,Jowar,972,667,0.686213992
Uttar Pradesh,CHANDAULI,1998,Kharif,Maize,180,103,0.572222222
Uttar Pradesh,CHANDAULI,1998,Kharif,Moong(Green Gram),54,18,0.333333333
Uttar Pradesh,CHANDAULI,1998,Kharif,Moth,8,3,0.375
Uttar Pradesh,CHANDAULI,1998,Kharif,Rice,102928,279799,2.718395383
Uttar Pradesh,CHANDAULI,1998,Kharif,Sesamum,14,2,0.142857143
Uttar Pradesh,CHANDAULI,1998,Kharif,Small millets,9,6,0.666666667
Uttar Pradesh,CHANDAULI,1998,Kharif,Urad,168,78,0.464285714
Uttar Pradesh,CHANDAULI,1998,Rabi,Barley,869,1085,1.248561565
Uttar Pradesh,CHANDAULI,1998,Rabi,Gram,2876,2424,0.842837274
Uttar Pradesh,CHANDAULI,1998,Rabi,Linseed,1613,444,0.275263484
Uttar Pradesh,CHANDAULI,1998,Rabi,Masoor,8779,7208,0.821050234
Uttar Pradesh,CHANDAULI,1998,Rabi,Peas & beans (Pulses),1486,1556,1.047106326
Uttar Pradesh,CHANDAULI,1998,Rabi,Rapeseed &Mustard,400,190,0.475
Uttar Pradesh,CHANDAULI,1998,Rabi,Wheat,90866,193864,2.133515286
Uttar Pradesh,CHANDAULI,1998,Summer,Moong(Green Gram),38,17,0.447368421
Uttar Pradesh,CHANDAULI,1998,Summer,Urad,6,5,0.833333333
Uttar Pradesh,CHANDAULI,1998,Whole Year,Onion,219,2592,11.83561644
Uttar Pradesh,CHANDAULI,1998,Whole Year,Potato,1004,22907,22.81573705
Uttar Pradesh,CHANDAULI,1998,Whole Year,Sannhamp,41,15,0.365853659
Uttar Pradesh,CHANDAULI,1998,Whole Year,Sugarcane,1742,74556,42.79908152
Uttar Pradesh,CHANDAULI,1999,Kharif,Arhar/Tur,2441,3476,1.424006555
Uttar Pradesh,CHANDAULI,1999,Kharif,Bajra,3931,3750,0.953955736
Uttar Pradesh,CHANDAULI,1999,Kharif,Groundnut,77,64,0.831168831
Uttar Pradesh,CHANDAULI,1999,Kharif,Jowar,931,812,0.872180451
Uttar Pradesh,CHANDAULI,1999,Kharif,Maize,125,143,1.144
Uttar Pradesh,CHANDAULI,1999,Kharif,Moong(Green Gram),65,30,0.461538462
Uttar Pradesh,CHANDAULI,1999,Kharif,Rice,103837,298636,2.876007589
Uttar Pradesh,CHANDAULI,1999,Kharif,Urad,157,59,0.375796178
Uttar Pradesh,CHANDAULI,1999,Rabi,Barley,908,1543,1.699339207
Uttar Pradesh,CHANDAULI,1999,Rabi,Gram,3278,3275,0.999084808
Uttar Pradesh,CHANDAULI,1999,Rabi,Linseed,2065,907,0.439225182
Uttar Pradesh,CHANDAULI,1999,Rabi,Ragi,5,8,1.6
Uttar Pradesh,CHANDAULI,1999,Rabi,Rapeseed &Mustard,492,380,0.772357724
Uttar Pradesh,CHANDAULI,1999,Rabi,Wheat,89290,197005,2.206350095
Uttar Pradesh,CHANDAULI,1999,Summer,Moong(Green Gram),43,32,0.744186047
Uttar Pradesh,CHANDAULI,1999,Summer,Urad,4,3,0.75
Uttar Pradesh,CHANDAULI,1999,Whole Year,Moth,9,4,0.444444444
Uttar Pradesh,CHANDAULI,1999,Whole Year,Onion,224,2831,12.63839286
Uttar Pradesh,CHANDAULI,1999,Whole Year,Peas & beans (Pulses),1240,1286,1.037096774
Uttar Pradesh,CHANDAULI,1999,Whole Year,Potato,991,22628,22.83350151
Uttar Pradesh,CHANDAULI,1999,Whole Year,Sugarcane,1658,68306,41.19782871
Uttar Pradesh,CHANDAULI,2000,Kharif,Arhar/Tur,2487,3097,1.245275432
Uttar Pradesh,CHANDAULI,2000,Kharif,Bajra,3903,4084,1.046374584
Uttar Pradesh,CHANDAULI,2000,Kharif,Groundnut,91,76,0.835164835
Uttar Pradesh,CHANDAULI,2000,Kharif,Jowar,937,1766,1.884738527
Uttar Pradesh,CHANDAULI,2000,Kharif,Maize,216,303,1.402777778
Uttar Pradesh,CHANDAULI,2000,Kharif,Moong(Green Gram),66,20,0.303030303
Uttar Pradesh,CHANDAULI,2000,Kharif,Moth,12,4,0.333333333
Uttar Pradesh,CHANDAULI,2000,Kharif,Rice,102824,224044,2.178907648
Uttar Pradesh,CHANDAULI,2000,Kharif,Sesamum,129,21,0.162790698
Uttar Pradesh,CHANDAULI,2000,Kharif,Small millets,22,17,0.772727273
Uttar Pradesh,CHANDAULI,2000,Kharif,Urad,166,116,0.698795181
Uttar Pradesh,CHANDAULI,2000,Rabi,Barley,817,1041,1.274173807
Uttar Pradesh,CHANDAULI,2000,Rabi,Gram,3074,2959,0.96258946
Uttar Pradesh,CHANDAULI,2000,Rabi,Masoor,9501,5040,0.530470477
Uttar Pradesh,CHANDAULI,2000,Rabi,Moong(Green Gram),50,28,0.56
Uttar Pradesh,CHANDAULI,2000,Rabi,Peas & beans (Pulses),1192,1414,1.186241611
Uttar Pradesh,CHANDAULI,2000,Rabi,Rapeseed &Mustard,441,441,1
Uttar Pradesh,CHANDAULI,2000,Rabi,Urad,7,3,0.428571429
Uttar Pradesh,CHANDAULI,2000,Rabi,Wheat,90144,180098,1.997892261
Uttar Pradesh,CHANDAULI,2000,Whole Year,Potato,966,21889,22.65942029
Uttar Pradesh,CHANDAULI,2000,Whole Year,Sugarcane,1734,70768,40.81199539
Uttar Pradesh,CHANDAULI,2001,Kharif,Arhar/Tur,2683,2464,0.918374953
Uttar Pradesh,CHANDAULI,2001,Kharif,Bajra,3687,4768,1.293192297
Uttar Pradesh,CHANDAULI,2001,Kharif,Groundnut,13,11,0.846153846
Uttar Pradesh,CHANDAULI,2001,Kharif,Jowar,750,690,0.92
Uttar Pradesh,CHANDAULI,2001,Kharif,Maize,110,184,1.672727273
Uttar Pradesh,CHANDAULI,2001,Kharif,Moong(Green Gram),61,17,0.278688525
Uttar Pradesh,CHANDAULI,2001,Kharif,Moth,1,1,1
Uttar Pradesh,CHANDAULI,2001,Kharif,Rice,113079,322634,2.853173445
Uttar Pradesh,CHANDAULI,2001,Kharif,Sesamum,29,7,0.24137931
Uttar Pradesh,CHANDAULI,2001,Kharif,Small millets,2,3,1.5
Uttar Pradesh,CHANDAULI,2001,Kharif,Urad,190,125,0.657894737
Uttar Pradesh,CHANDAULI,2001,Rabi,Barley,1003,1683,1.677966102
Uttar Pradesh,CHANDAULI,2001,Rabi,Gram,2475,2481,1.002424242
Uttar Pradesh,CHANDAULI,2001,Rabi,Linseed,1423,538,0.378074491
Uttar Pradesh,CHANDAULI,2001,Rabi,Masoor,14576,6705,0.460002744
Uttar Pradesh,CHANDAULI,2001,Rabi,Moong(Green Gram),18,14,0.777777778
Uttar Pradesh,CHANDAULI,2001,Rabi,Peas & beans (Pulses),2550,2068,0.810980392
Uttar Pradesh,CHANDAULI,2001,Rabi,Rapeseed &Mustard,316,321,1.015822785
Uttar Pradesh,CHANDAULI,2001,Rabi,Urad,2,1,0.5
Uttar Pradesh,CHANDAULI,2001,Rabi,Wheat,85526,171414,2.004232631
Uttar Pradesh,CHANDAULI,2001,Whole Year,Potato,1006,20518,20.39562624
Uttar Pradesh,CHANDAULI,2001,Whole Year,Sugarcane,1053,36038,34.22412156
Uttar Pradesh,CHANDAULI,2002,Kharif,Bajra,3717,6373,1.714554748
Uttar Pradesh,CHANDAULI,2002,Kharif,Groundnut,10,7,0.7
Uttar Pradesh,CHANDAULI,2002,Kharif,Jowar,711,623,0.876230661
Uttar Pradesh,CHANDAULI,2002,Kharif,Maize,95,124,1.305263158
Uttar Pradesh,CHANDAULI,2002,Kharif,Moong(Green Gram),40,27,0.675
Uttar Pradesh,CHANDAULI,2002,Kharif,Rice,111195,282086,2.536858672
Uttar Pradesh,CHANDAULI,2002,Kharif,Sesamum,18,3,0.166666667
Uttar Pradesh,CHANDAULI,2002,Kharif,Small millets,2,1,0.5
Uttar Pradesh,CHANDAULI,2002,Kharif,Urad,93,56,0.602150538
Uttar Pradesh,CHANDAULI,2002,Rabi,Barley,986,1596,1.618661258
Uttar Pradesh,CHANDAULI,2002,Rabi,Gram,2345,1444,0.615778252
Uttar Pradesh,CHANDAULI,2002,Rabi,Linseed,1562,317,0.202944942
Uttar Pradesh,CHANDAULI,2002,Rabi,Masoor,15184,5223,0.343980506
Uttar Pradesh,CHANDAULI,2002,Rabi,Onion,87,898,10.32183908
Uttar Pradesh,CHANDAULI,2002,Rabi,Peas & beans (Pulses),2360,2905,1.230932203
Uttar Pradesh,CHANDAULI,2002,Rabi,Rapeseed &Mustard,249,223,0.895582329
Uttar Pradesh,CHANDAULI,2002,Rabi,Wheat,93491,135281,1.446994898
Uttar Pradesh,CHANDAULI,2002,Summer,Moong(Green Gram),42,25,0.595238095
Uttar Pradesh,CHANDAULI,2002,Summer,Onion,27,302,11.18518519
Uttar Pradesh,CHANDAULI,2002,Whole Year,Potato,987,19792,20.0526849
Uttar Pradesh,CHANDAULI,2002,Whole Year,Sannhamp,20,6,0.3
Uttar Pradesh,CHANDAULI,2002,Whole Year,Sugarcane,943,36407,38.60763521
Uttar Pradesh,CHANDAULI,2003,Kharif,Arhar/Tur,2692,2350,0.872956909
Uttar Pradesh,CHANDAULI,2003,Kharif,Bajra,4375,4268,0.975542857
Uttar Pradesh,CHANDAULI,2003,Kharif,Groundnut,20,13,0.65
Uttar Pradesh,CHANDAULI,2003,Kharif,Jowar,717,672,0.937238494
Uttar Pradesh,CHANDAULI,2003,Kharif,Maize,88,145,1.647727273
Uttar Pradesh,CHANDAULI,2003,Kharif,Moong(Green Gram),30,7,0.233333333
Uttar Pradesh,CHANDAULI,2003,Kharif,Rice,111549,332782,2.98328089
Uttar Pradesh,CHANDAULI,2003,Kharif,Sesamum,4,1,0.25
Uttar Pradesh,CHANDAULI,2003,Kharif,Sunflower,1,2,2
Uttar Pradesh,CHANDAULI,2003,Kharif,Urad,79,33,0.417721519
Uttar Pradesh,CHANDAULI,2003,Rabi,Barley,1059,1450,1.369216242
Uttar Pradesh,CHANDAULI,2003,Rabi,Gram,1922,2334,1.214360042
Uttar Pradesh,CHANDAULI,2003,Rabi,Linseed,1164,589,0.506013746
Uttar Pradesh,CHANDAULI,2003,Rabi,Maize,14,19,1.357142857
Uttar Pradesh,CHANDAULI,2003,Rabi,Masoor,13609,6532,0.479976486
Uttar Pradesh,CHANDAULI,2003,Rabi,Onion,71,1019,14.35211268
Uttar Pradesh,CHANDAULI,2003,Rabi,Peas & beans (Pulses),2387,2995,1.254713029
Uttar Pradesh,CHANDAULI,2003,Rabi,Ragi,3,5,1.666666667
Uttar Pradesh,CHANDAULI,2003,Rabi,Rapeseed &Mustard,305,304,0.996721311
Uttar Pradesh,CHANDAULI,2003,Rabi,Wheat,94005,190076,2.021977554
Uttar Pradesh,CHANDAULI,2003,Summer,Moong(Green Gram),20,12,0.6
Uttar Pradesh,CHANDAULI,2003,Summer,Onion,18,148,8.222222222
Uttar Pradesh,CHANDAULI,2003,Summer,Urad,4,3,0.75
Uttar Pradesh,CHANDAULI,2003,Whole Year,Potato,961,17927,18.65452653
Uttar Pradesh,CHANDAULI,2003,Whole Year,Sannhamp,12,4,0.333333333
Uttar Pradesh,CHANDAULI,2003,Whole Year,Sugarcane,807,25278,31.32342007
Uttar Pradesh,CHANDAULI,2003,Whole Year,Turmeric,1,2,2
Uttar Pradesh,CHANDAULI,2004,Kharif,Bajra,4557,4983,1.093482554
Uttar Pradesh,CHANDAULI,2004,Kharif,Groundnut,5,4,0.8
Uttar Pradesh,CHANDAULI,2004,Kharif,Jowar,873,1111,1.272623139
Uttar Pradesh,CHANDAULI,2004,Kharif,Maize,99,203,2.050505051
Uttar Pradesh,CHANDAULI,2004,Kharif,Rice,110987,212735,1.916756016
Uttar Pradesh,CHANDAULI,2004,Kharif,Sannhamp,11,3,0.272727273
Uttar Pradesh,CHANDAULI,2004,Kharif,Sesamum,29,5,0.172413793
Uttar Pradesh,CHANDAULI,2004,Kharif,Small millets,1,,
Uttar Pradesh,CHANDAULI,2004,Kharif,Sugarcane,857,31068,36.25204201
Uttar Pradesh,CHANDAULI,2004,Rabi,Barley,1331,1767,1.327573253
Uttar Pradesh,CHANDAULI,2004,Rabi,Gram,1799,1301,0.723179544
Uttar Pradesh,CHANDAULI,2004,Rabi,Linseed,1277,655,0.512920908
Uttar Pradesh,CHANDAULI,2004,Rabi,Potato,980,19387,19.78265306
Uttar Pradesh,CHANDAULI,2004,Rabi,Rapeseed &Mustard,330,328,0.993939394
Uttar Pradesh,CHANDAULI,2004,Rabi,Wheat,92417,123189,1.332969042
Uttar Pradesh,CHANDAULI,2004,Summer,Sunflower,2,4,2
Uttar Pradesh,CHANDAULI,2004,Whole Year,Dry chillies,3,3,1
Uttar Pradesh,CHANDAULI,2004,Whole Year,Guar seed,32,27,0.84375
Uttar Pradesh,CHANDAULI,2004,Whole Year,Onion,97,1014,10.45360825
Uttar Pradesh,CHANDAULI,2004,Whole Year,Sweet potato,6,70,11.66666667
Uttar Pradesh,CHANDAULI,2005,Kharif,Bajra,4436,5886,1.326871055
Uttar Pradesh,CHANDAULI,2005,Kharif,Jowar,574,832,1.449477352
Uttar Pradesh,CHANDAULI,2005,Kharif,Maize,97,141,1.453608247
Uttar Pradesh,CHANDAULI,2005,Kharif,Rice,108759,233288,2.144999494
Uttar Pradesh,CHANDAULI,2005,Kharif,Sannhamp,12,4,0.333333333
Uttar Pradesh,CHANDAULI,2005,Kharif,Sesamum,3,1,0.333333333
Uttar Pradesh,CHANDAULI,2005,Kharif,Sugarcane,784,34549,44.06760204
Uttar Pradesh,CHANDAULI,2005,Rabi,Barley,1225,2075,1.693877551
Uttar Pradesh,CHANDAULI,2005,Rabi,Gram,2160,1995,0.923611111
Uttar Pradesh,CHANDAULI,2005,Rabi,Linseed,1244,445,0.357717042
Uttar Pradesh,CHANDAULI,2005,Rabi,Potato,1141,24709,21.65556529
Uttar Pradesh,CHANDAULI,2005,Rabi,Rapeseed &Mustard,285,330,1.157894737
Uttar Pradesh,CHANDAULI,2005,Rabi,Turmeric,1,4,4
Uttar Pradesh,CHANDAULI,2005,Rabi,Wheat,94309,163179,1.730259042
Uttar Pradesh,CHANDAULI,2005,Whole Year,Coriander,4,2,0.5
Uttar Pradesh,CHANDAULI,2005,Whole Year,Dry chillies,1,1,1
Uttar Pradesh,CHANDAULI,2005,Whole Year,Garlic,2,9,4.5
Uttar Pradesh,CHANDAULI,2005,Whole Year,Guar seed,25,20,0.8
Uttar Pradesh,CHANDAULI,2005,Whole Year,Onion,67,857,12.79104478
Uttar Pradesh,CHANDAULI,2005,Whole Year,Sweet potato,2,26,13
Uttar Pradesh,CHANDAULI,2006,Kharif,Arhar/Tur,2602,2003,0.769792467
Uttar Pradesh,CHANDAULI,2006,Kharif,Bajra,2848,4491,1.576896067
Uttar Pradesh,CHANDAULI,2006,Kharif,Jowar,1214,1623,1.336902801
Uttar Pradesh,CHANDAULI,2006,Kharif,Maize,66,87,1.318181818
Uttar Pradesh,CHANDAULI,2006,Kharif,Other Kharif pulses,190,137,0.721052632
Uttar Pradesh,CHANDAULI,2006,Kharif,Rice,140300,359168,2.56
Uttar Pradesh,CHANDAULI,2006,Kharif,Small millets,1,1,1
Uttar Pradesh,CHANDAULI,2006,Kharif,Sugarcane,821,34049,41.4725944
Uttar Pradesh,CHANDAULI,2006,Kharif,Sweet potato,6,82,13.66666667
Uttar Pradesh,CHANDAULI,2006,Rabi,Barley,4204,6695,1.592530923
Uttar Pradesh,CHANDAULI,2006,Rabi,Garlic,15,66,4.4
Uttar Pradesh,CHANDAULI,2006,Rabi,Gram,2018,1743,0.863726462
Uttar Pradesh,CHANDAULI,2006,Rabi,Linseed,1265,474,0.374703557
Uttar Pradesh,CHANDAULI,2006,Rabi,Masoor,6334,3477,0.548942217
Uttar Pradesh,CHANDAULI,2006,Rabi,Onion,30,576,19.2
Uttar Pradesh,CHANDAULI,2006,Rabi,Other  Rabi pulses,3129,3345,1.06903164
Uttar Pradesh,CHANDAULI,2006,Rabi,Potato,1375,26717,19.43054545
Uttar Pradesh,CHANDAULI,2006,Rabi,Rapeseed &Mustard,412,424,1.029126214
Uttar Pradesh,CHANDAULI,2006,Rabi,Wheat,90871,205616,2.262724081
Uttar Pradesh,CHANDAULI,2006,Summer,Onion,17,198,11.64705882
Uttar Pradesh,CHANDAULI,2006,Summer,Sunflower,1,1,1
Uttar Pradesh,CHANDAULI,2006,Whole Year,Coriander,22,11,0.5
Uttar Pradesh,CHANDAULI,2006,Whole Year,Dry chillies,31,29,0.935483871
Uttar Pradesh,CHANDAULI,2006,Whole Year,Guar seed,15,13,0.866666667
Uttar Pradesh,CHANDAULI,2007,Kharif,Arhar/Tur,2368,2187,0.923564189
Uttar Pradesh,CHANDAULI,2007,Kharif,Bajra,4899,7069,1.44294754
Uttar Pradesh,CHANDAULI,2007,Kharif,Dry chillies,8,7,0.875
Uttar Pradesh,CHANDAULI,2007,Kharif,Guar seed,17,14,0.823529412
Uttar Pradesh,CHANDAULI,2007,Kharif,Jowar,373,455,1.219839142
Uttar Pradesh,CHANDAULI,2007,Kharif,Maize,69,97,1.405797101
Uttar Pradesh,CHANDAULI,2007,Kharif,Moong(Green Gram),23,5,0.217391304
Uttar Pradesh,CHANDAULI,2007,Kharif,Rice,94847,247456,2.609001866
Uttar Pradesh,CHANDAULI,2007,Kharif,Sannhamp,12,2,0.166666667
Uttar Pradesh,CHANDAULI,2007,Kharif,Sesamum,19,3,0.157894737
Uttar Pradesh,CHANDAULI,2007,Kharif,Sugarcane,726,36591,50.40082645
Uttar Pradesh,CHANDAULI,2007,Kharif,Sweet potato,2,27,13.5
Uttar Pradesh,CHANDAULI,2007,Kharif,Urad,83,71,0.855421687
Uttar Pradesh,CHANDAULI,2007,Rabi,Barley,709,1332,1.878702398
Uttar Pradesh,CHANDAULI,2007,Rabi,Coriander,3,2,0.666666667
Uttar Pradesh,CHANDAULI,2007,Rabi,Gram,208,175,0.841346154
Uttar Pradesh,CHANDAULI,2007,Rabi,Linseed,1262,452,0.358161648
Uttar Pradesh,CHANDAULI,2007,Rabi,Maize,7,20,2.857142857
Uttar Pradesh,CHANDAULI,2007,Rabi,Masoor,11815,8436,0.714007617
Uttar Pradesh,CHANDAULI,2007,Rabi,Onion,285,3982,13.97192982
Uttar Pradesh,CHANDAULI,2007,Rabi,Other  Rabi pulses,1999,3316,1.658829415
Uttar Pradesh,CHANDAULI,2007,Rabi,Potato,914,18968,20.75273523
Uttar Pradesh,CHANDAULI,2007,Rabi,Rapeseed &Mustard,353,409,1.158640227
Uttar Pradesh,CHANDAULI,2007,Rabi,Wheat,93371,210889,2.258613488
Uttar Pradesh,CHANDAULI,2007,Summer,Moong(Green Gram),24,13,0.541666667
Uttar Pradesh,CHANDAULI,2007,Summer,Onion,16,194,12.125
Uttar Pradesh,CHANDAULI,2007,Summer,Urad,6,3,0.5
Uttar Pradesh,CHANDAULI,2008,Kharif,Arhar/Tur,2236,1776,0.794275492
Uttar Pradesh,CHANDAULI,2008,Kharif,Bajra,4668,5630,1.206083976
Uttar Pradesh,CHANDAULI,2008,Kharif,Dry chillies,1,1,1
Uttar Pradesh,CHANDAULI,2008,Kharif,Guar seed,18,15,0.833333333
Uttar Pradesh,CHANDAULI,2008,Kharif,Jowar,720,880,1.222222222
Uttar Pradesh,CHANDAULI,2008,Kharif,Maize,67,88,1.313432836
Uttar Pradesh,CHANDAULI,2008,Kharif,Moong(Green Gram),21,8,0.380952381
Uttar Pradesh,CHANDAULI,2008,Kharif,Rice,116198,310365,2.671001222
Uttar Pradesh,CHANDAULI,2008,Kharif,Sugarcane,684,32072,46.88888889
Uttar Pradesh,CHANDAULI,2008,Kharif,Sweet potato,4,49,12.25
Uttar Pradesh,CHANDAULI,2008,Kharif,Urad,234,108,0.461538462
Uttar Pradesh,CHANDAULI,2008,Rabi,Barley,1204,2182,1.812292359
Uttar Pradesh,CHANDAULI,2008,Rabi,Coriander,4,2,0.5
Uttar Pradesh,CHANDAULI,2008,Rabi,Garlic,1,6,6
Uttar Pradesh,CHANDAULI,2008,Rabi,Gram,1741,1879,1.07926479
Uttar Pradesh,CHANDAULI,2008,Rabi,Linseed,1257,382,0.30389817
Uttar Pradesh,CHANDAULI,2008,Rabi,Maize,15,39,2.6
Uttar Pradesh,CHANDAULI,2008,Rabi,Masoor,8152,5234,0.64205103
Uttar Pradesh,CHANDAULI,2008,Rabi,Onion,85,996,11.71764706
Uttar Pradesh,CHANDAULI,2008,Rabi,Peas & beans (Pulses),2348,2688,1.144804089
Uttar Pradesh,CHANDAULI,2008,Rabi,Potato,1084,14751,13.60793358
Uttar Pradesh,CHANDAULI,2008,Rabi,Rapeseed &Mustard,340,383,1.126470588
Uttar Pradesh,CHANDAULI,2008,Rabi,Wheat,102060,237289,2.324995101
Uttar Pradesh,CHANDAULI,2008,Summer,Moong(Green Gram),34,28,0.823529412
Uttar Pradesh,CHANDAULI,2008,Summer,Urad,8,5,0.625
Uttar Pradesh,CHANDAULI,2009,Kharif,Arhar/Tur,2484,1423,0.572866345
Uttar Pradesh,CHANDAULI,2009,Kharif,Bajra,4758,4152,0.872635561
Uttar Pradesh,CHANDAULI,2009,Kharif,Dry chillies,9,8,0.888888889
Uttar Pradesh,CHANDAULI,2009,Kharif,Guar seed,10,8,0.8
Uttar Pradesh,CHANDAULI,2009,Kharif,Jowar,896,990,1.104910714
Uttar Pradesh,CHANDAULI,2009,Kharif,Maize,93,136,1.462365591
Uttar Pradesh,CHANDAULI,2009,Kharif,Moong(Green Gram),11,2,0.181818182
Uttar Pradesh,CHANDAULI,2009,Kharif,Rice,86936,174654,2.008995123
Uttar Pradesh,CHANDAULI,2009,Kharif,Sannhamp,15,3,0.2
Uttar Pradesh,CHANDAULI,2009,Kharif,Sesamum,9,1,0.111111111
Uttar Pradesh,CHANDAULI,2009,Kharif,Sugarcane,556,26252,47.21582734
Uttar Pradesh,CHANDAULI,2009,Kharif,Sweet potato,5,68,13.6
Uttar Pradesh,CHANDAULI,2009,Kharif,Urad,486,186,0.382716049
Uttar Pradesh,CHANDAULI,2009,Rabi,Barley,1006,1731,1.720675944
Uttar Pradesh,CHANDAULI,2009,Rabi,Coriander,4,2,0.5
Uttar Pradesh,CHANDAULI,2009,Rabi,Garlic,1,5,5
Uttar Pradesh,CHANDAULI,2009,Rabi,Gram,1810,1597,0.882320442
Uttar Pradesh,CHANDAULI,2009,Rabi,Linseed,964,326,0.338174274
Uttar Pradesh,CHANDAULI,2009,Rabi,Masoor,9382,8519,0.908015349
Uttar Pradesh,CHANDAULI,2009,Rabi,Onion,91,1665,18.2967033
Uttar Pradesh,CHANDAULI,2009,Rabi,Peas & beans (Pulses),1889,1770,0.937003706
Uttar Pradesh,CHANDAULI,2009,Rabi,Potato,1070,24433,22.83457944
Uttar Pradesh,CHANDAULI,2009,Rabi,Rapeseed &Mustard,365,406,1.112328767
Uttar Pradesh,CHANDAULI,2009,Rabi,Turmeric,4,13,3.25
Uttar Pradesh,CHANDAULI,2009,Rabi,Wheat,97225,201256,2.070002571
Uttar Pradesh,CHANDAULI,2009,Summer,Moong(Green Gram),62,62,1
Uttar Pradesh,CHANDAULI,2009,Summer,Onion,16,311,19.4375
Uttar Pradesh,CHANDAULI,2009,Summer,Urad,12,10,0.833333333
Uttar Pradesh,CHANDAULI,2010,Kharif,Arhar/Tur,2938,2271,0.772974813
Uttar Pradesh,CHANDAULI,2010,Kharif,Bajra,5106,6669,1.306110458
Uttar Pradesh,CHANDAULI,2010,Kharif,Dry chillies,2,2,1
Uttar Pradesh,CHANDAULI,2010,Kharif,Guar seed,19,16,0.842105263
Uttar Pradesh,CHANDAULI,2010,Kharif,Jowar,770,933,1.211688312
Uttar Pradesh,CHANDAULI,2010,Kharif,Maize,62,91,1.467741935
Uttar Pradesh,CHANDAULI,2010,Kharif,Moong(Green Gram),20,9,0.45
Uttar Pradesh,CHANDAULI,2010,Kharif,Rice,98325,270984,2.756003051
Uttar Pradesh,CHANDAULI,2010,Kharif,Sesamum,4,1,0.25
Uttar Pradesh,CHANDAULI,2010,Kharif,Sugarcane,738,32404,43.90785908
Uttar Pradesh,CHANDAULI,2010,Kharif,Sweet potato,4,49,12.25
Uttar Pradesh,CHANDAULI,2010,Kharif,Urad,84,57,0.678571429
Uttar Pradesh,CHANDAULI,2010,Rabi,Barley,1025,1896,1.849756098
Uttar Pradesh,CHANDAULI,2010,Rabi,Gram,515,497,0.965048544
Uttar Pradesh,CHANDAULI,2010,Rabi,Linseed,866,500,0.577367206
Uttar Pradesh,CHANDAULI,2010,Rabi,Maize,11,33,3
Uttar Pradesh,CHANDAULI,2010,Rabi,Masoor,9486,6109,0.644001687
Uttar Pradesh,CHANDAULI,2010,Rabi,Onion,175,3221,18.40571429
Uttar Pradesh,CHANDAULI,2010,Rabi,Peas & beans (Pulses),1508,2491,1.651856764
Uttar Pradesh,CHANDAULI,2010,Rabi,Potato,756,13353,17.66269841
Uttar Pradesh,CHANDAULI,2010,Rabi,Rapeseed &Mustard,379,453,1.19525066
Uttar Pradesh,CHANDAULI,2010,Rabi,Wheat,95572,242996,2.542543841
Uttar Pradesh,CHANDAULI,2010,Summer,Moong(Green Gram),19,19,1
Uttar Pradesh,CHANDAULI,2010,Summer,Urad,29,21,0.724137931
Uttar Pradesh,CHANDAULI,2011,Kharif,Arhar/Tur,3065,2844,0.927895595
Uttar Pradesh,CHANDAULI,2011,Kharif,Bajra,6482,9960,1.536562789
Uttar Pradesh,CHANDAULI,2011,Kharif,Cotton(lint),20,5,0.25
Uttar Pradesh,CHANDAULI,2011,Kharif,Dry chillies,2,2,1
Uttar Pradesh,CHANDAULI,2011,Kharif,Groundnut,3,3,1
Uttar Pradesh,CHANDAULI,2011,Kharif,Guar seed,11,9,0.818181818
Uttar Pradesh,CHANDAULI,2011,Kharif,Jowar,1714,1815,1.058926488
Uttar Pradesh,CHANDAULI,2011,Kharif,Maize,96,140,1.458333333
Uttar Pradesh,CHANDAULI,2011,Kharif,Moong(Green Gram),34,14,0.411764706
Uttar Pradesh,CHANDAULI,2011,Kharif,Rice,111777,299451,2.679003731
Uttar Pradesh,CHANDAULI,2011,Kharif,Sannhamp,16,4,0.25
Uttar Pradesh,CHANDAULI,2011,Kharif,Sesamum,17,4,0.235294118
Uttar Pradesh,CHANDAULI,2011,Kharif,Sugarcane,547,27225,49.7714808
Uttar Pradesh,CHANDAULI,2011,Kharif,Sweet potato,4,52,13
Uttar Pradesh,CHANDAULI,2011,Kharif,Urad,100,67,0.67
Uttar Pradesh,CHANDAULI,2011,Rabi,Barley,1070,2049,1.914953271
Uttar Pradesh,CHANDAULI,2011,Rabi,Gram,1837,2271,1.236254763
Uttar Pradesh,CHANDAULI,2011,Rabi,Linseed,588,260,0.442176871
Uttar Pradesh,CHANDAULI,2011,Rabi,Maize,15,36,2.4
Uttar Pradesh,CHANDAULI,2011,Rabi,Masoor,10225,10153,0.992958435
Uttar Pradesh,CHANDAULI,2011,Rabi,Onion,226,5170,22.87610619
Uttar Pradesh,CHANDAULI,2011,Rabi,Peas & beans (Pulses),1674,2378,1.420549582
Uttar Pradesh,CHANDAULI,2011,Rabi,Potato,1051,18906,17.9885823
Uttar Pradesh,CHANDAULI,2011,Rabi,Rapeseed &Mustard,405,556,1.372839506
Uttar Pradesh,CHANDAULI,2011,Rabi,Wheat,92874,236179,2.543004501
Uttar Pradesh,CHANDAULI,2011,Summer,Moong(Green Gram),77,60,0.779220779
Uttar Pradesh,CHANDAULI,2011,Summer,Onion,27,440,16.2962963
Uttar Pradesh,CHANDAULI,2011,Summer,Urad,29,25,0.862068966
Uttar Pradesh,CHANDAULI,2012,Kharif,Arhar/Tur,3022,3207,1.061217737
Uttar Pradesh,CHANDAULI,2012,Kharif,Bajra,4643,5800,1.249192333
Uttar Pradesh,CHANDAULI,2012,Kharif,Groundnut,3,3,1
Uttar Pradesh,CHANDAULI,2012,Kharif,Guar seed,16,13,0.8125
Uttar Pradesh,CHANDAULI,2012,Kharif,Jowar,723,984,1.360995851
Uttar Pradesh,CHANDAULI,2012,Kharif,Maize,52,93,1.788461538
Uttar Pradesh,CHANDAULI,2012,Kharif,Moong(Green Gram),17,9,0.529411765
Uttar Pradesh,CHANDAULI,2012,Kharif,Rice,108200,302203,2.793003697
Uttar Pradesh,CHANDAULI,2012,Kharif,Sannhamp,3,1,0.333333333
Uttar Pradesh,CHANDAULI,2012,Kharif,Sesamum,15,3,0.2
Uttar Pradesh,CHANDAULI,2012,Kharif,Sugarcane,655,33761,51.54351145
Uttar Pradesh,CHANDAULI,2012,Kharif,Urad,97,35,0.360824742
Uttar Pradesh,CHANDAULI,2012,Rabi,Barley,707,1235,1.746817539
Uttar Pradesh,CHANDAULI,2012,Rabi,Gram,1531,1758,1.148269105
Uttar Pradesh,CHANDAULI,2012,Rabi,Linseed,658,396,0.601823708
Uttar Pradesh,CHANDAULI,2012,Rabi,Maize,14,44,3.142857143
Uttar Pradesh,CHANDAULI,2012,Rabi,Masoor,8943,5008,0.559991054
Uttar Pradesh,CHANDAULI,2012,Rabi,Onion,217,4992,23.00460829
Uttar Pradesh,CHANDAULI,2012,Rabi,Peas & beans (Pulses),1491,1743,1.169014085
Uttar Pradesh,CHANDAULI,2012,Rabi,Potato,486,8643,17.78395062
Uttar Pradesh,CHANDAULI,2012,Rabi,Rapeseed &Mustard,275,347,1.261818182
Uttar Pradesh,CHANDAULI,2012,Rabi,Wheat,101444,303318,2.990004337
Uttar Pradesh,CHANDAULI,2012,Summer,Moong(Green Gram),112,104,0.928571429
Uttar Pradesh,CHANDAULI,2012,Summer,Onion,27,356,13.18518519
Uttar Pradesh,CHANDAULI,2012,Summer,Sunflower,6,5,0.833333333
Uttar Pradesh,CHANDAULI,2012,Summer,Urad,28,21,0.75
Uttar Pradesh,CHANDAULI,2013,Kharif,Arhar/Tur,2828,2718,0.961103253
Uttar Pradesh,CHANDAULI,2013,Kharif,Bajra,4892,4999,1.021872445
Uttar Pradesh,CHANDAULI,2013,Kharif,Groundnut,3,3,1
Uttar Pradesh,CHANDAULI,2013,Kharif,Guar seed,16,13,0.8125
Uttar Pradesh,CHANDAULI,2013,Kharif,Jowar,1053,851,0.808167142
Uttar Pradesh,CHANDAULI,2013,Kharif,Maize,51,81,1.588235294
Uttar Pradesh,CHANDAULI,2013,Kharif,Moong(Green Gram),18,6,0.333333333
Uttar Pradesh,CHANDAULI,2013,Kharif,Rice,112455,300817,2.674998888
Uttar Pradesh,CHANDAULI,2013,Kharif,Sannhamp,3,1,0.333333333
Uttar Pradesh,CHANDAULI,2013,Kharif,Sesamum,18,3,0.166666667
Uttar Pradesh,CHANDAULI,2013,Kharif,Sugarcane,628,34592,55.08280255
Uttar Pradesh,CHANDAULI,2013,Kharif,Sweet potato,2,26,13
Uttar Pradesh,CHANDAULI,2013,Kharif,Urad,106,48,0.452830189
Uttar Pradesh,CHANDAULI,2013,Rabi,Barley,722,1335,1.849030471
Uttar Pradesh,CHANDAULI,2013,Rabi,Gram,1165,1097,0.941630901
Uttar Pradesh,CHANDAULI,2013,Rabi,Linseed,540,105,0.194444444
Uttar Pradesh,CHANDAULI,2013,Rabi,Maize,38,135,3.552631579
Uttar Pradesh,CHANDAULI,2013,Rabi,Masoor,9154,5987,0.654031025
Uttar Pradesh,CHANDAULI,2013,Rabi,Onion,255,5186,20.3372549
Uttar Pradesh,CHANDAULI,2013,Rabi,Peas & beans (Pulses),1610,1365,0.847826087
Uttar Pradesh,CHANDAULI,2013,Rabi,Potato,517,8036,15.54352031
Uttar Pradesh,CHANDAULI,2013,Rabi,Rapeseed &Mustard,288,292,1.013888889
Uttar Pradesh,CHANDAULI,2013,Rabi,Wheat,102339,268640,2.625001221
Uttar Pradesh,CHANDAULI,2013,Summer,Moong(Green Gram),64,52,0.8125
Uttar Pradesh,CHANDAULI,2013,Summer,Onion,41,668,16.29268293
Uttar Pradesh,CHANDAULI,2013,Summer,Urad,15,12,0.8
Uttar Pradesh,CHANDAULI,2014,Kharif,Arhar/Tur,4641,5242,1.129497953
Uttar Pradesh,CHANDAULI,2014,Kharif,Bajra,8792,13821,1.57199727
Uttar Pradesh,CHANDAULI,2014,Kharif,Dry chillies,2,2,1
Uttar Pradesh,CHANDAULI,2014,Kharif,Guar seed,16,13,0.8125
Uttar Pradesh,CHANDAULI,2014,Kharif,Jowar,645,767,1.189147287
Uttar Pradesh,CHANDAULI,2014,Kharif,Maize,10,16,1.6
Uttar Pradesh,CHANDAULI,2014,Kharif,Moong(Green Gram),15,5,0.333333333
Uttar Pradesh,CHANDAULI,2014,Kharif,Rice,102598,303793,2.961003138
Uttar Pradesh,CHANDAULI,2014,Kharif,Sesamum,2,1,0.5
Uttar Pradesh,CHANDAULI,2014,Kharif,Sugarcane,618,35548,57.5210356
Uttar Pradesh,CHANDAULI,2014,Kharif,Urad,106,70,0.660377358
Uttar Pradesh,CHANDAULI,2014,Rabi,Barley,209,366,1.751196172
Uttar Pradesh,CHANDAULI,2014,Rabi,Garlic,2,12,6
Uttar Pradesh,CHANDAULI,2014,Rabi,Gram,1289,801,0.621411947
Uttar Pradesh,CHANDAULI,2014,Rabi,Linseed,501,290,0.578842315
Uttar Pradesh,CHANDAULI,2014,Rabi,Maize,40,96,2.4
Uttar Pradesh,CHANDAULI,2014,Rabi,Masoor,8891,4321,0.485997076
Uttar Pradesh,CHANDAULI,2014,Rabi,Onion,186,2846,15.30107527
Uttar Pradesh,CHANDAULI,2014,Rabi,Peas & beans (Pulses),1472,1415,0.961277174
Uttar Pradesh,CHANDAULI,2014,Rabi,Potato,881,17858,20.27014756
Uttar Pradesh,CHANDAULI,2014,Rabi,Rapeseed &Mustard,155,120,0.774193548
Uttar Pradesh,CHANDAULI,2014,Rabi,Wheat,95462,140204,1.468689112
Uttar Pradesh,CHANDAULI,2014,Summer,Moong(Green Gram),53,32,0.603773585
Uttar Pradesh,CHANDAULI,2014,Summer,Onion,45,933,20.73333333
Uttar Pradesh,CHANDAULI,2014,Summer,Urad,22,12,0.545454545
Uttar Pradesh,CHITRAKOOT,1997,Kharif,Arhar/Tur,12085,21479,1.777327265
Uttar Pradesh,CHITRAKOOT,1997,Kharif,Bajra,7615,5959,0.782534471
Uttar Pradesh,CHITRAKOOT,1997,Kharif,Groundnut,3,2,0.666666667
Uttar Pradesh,CHITRAKOOT,1997,Kharif,Jowar,29457,19907,0.675798622
Uttar Pradesh,CHITRAKOOT,1997,Kharif,Maize,6,9,1.5
Uttar Pradesh,CHITRAKOOT,1997,Kharif,Moong(Green Gram),607,168,0.276771005
Uttar Pradesh,CHITRAKOOT,1997,Kharif,Rice,14170,11661,0.82293578
Uttar Pradesh,CHITRAKOOT,1997,Kharif,Sesamum,557,75,0.13464991
Uttar Pradesh,CHITRAKOOT,1997,Kharif,Small millets,2280,1539,0.675
Uttar Pradesh,CHITRAKOOT,1997,Kharif,Soyabean,100,81,0.81
Uttar Pradesh,CHITRAKOOT,1997,Kharif,Urad,930,94,0.101075269
Uttar Pradesh,CHITRAKOOT,1997,Rabi,Barley,5481,9820,1.791643861
Uttar Pradesh,CHITRAKOOT,1997,Rabi,Gram,42740,31427,0.735306504
Uttar Pradesh,CHITRAKOOT,1997,Rabi,Linseed,1502,717,0.477363515
Uttar Pradesh,CHITRAKOOT,1997,Rabi,Masoor,2979,2765,0.928163813
Uttar Pradesh,CHITRAKOOT,1997,Rabi,Peas & beans (Pulses),104,124,1.192307692
Uttar Pradesh,CHITRAKOOT,1997,Rabi,Rapeseed &Mustard,1985,817,0.411586902
Uttar Pradesh,CHITRAKOOT,1997,Rabi,Sunflower,1,1,1
Uttar Pradesh,CHITRAKOOT,1997,Rabi,Wheat,48096,78820,1.638805722
Uttar Pradesh,CHITRAKOOT,1997,Summer,Moong(Green Gram),2,1,0.5
Uttar Pradesh,CHITRAKOOT,1997,Whole Year,Potato,323,4738,14.66873065
Uttar Pradesh,CHITRAKOOT,1997,Whole Year,Sugarcane,284,10919,38.4471831
Uttar Pradesh,CHITRAKOOT,1998,Kharif,Arhar/Tur,11941,23852,1.997487648
Uttar Pradesh,CHITRAKOOT,1998,Kharif,Bajra,7844,6465,0.824196838
Uttar Pradesh,CHITRAKOOT,1998,Kharif,Groundnut,6,3,0.5
Uttar Pradesh,CHITRAKOOT,1998,Kharif,Jowar,27910,20554,0.736438552
Uttar Pradesh,CHITRAKOOT,1998,Kharif,Maize,221,224,1.013574661
Uttar Pradesh,CHITRAKOOT,1998,Kharif,Moong(Green Gram),690,177,0.256521739
Uttar Pradesh,CHITRAKOOT,1998,Kharif,Rice,15134,24526,1.620589401
Uttar Pradesh,CHITRAKOOT,1998,Kharif,Sesamum,544,43,0.079044118
Uttar Pradesh,CHITRAKOOT,1998,Kharif,Small millets,2137,1331,0.622835751
Uttar Pradesh,CHITRAKOOT,1998,Kharif,Soyabean,105,46,0.438095238
Uttar Pradesh,CHITRAKOOT,1998,Kharif,Urad,957,301,0.314524556
Uttar Pradesh,CHITRAKOOT,1998,Rabi,Barley,6076,9097,1.497202107
Uttar Pradesh,CHITRAKOOT,1998,Rabi,Castor seed,2,1,0.5
Uttar Pradesh,CHITRAKOOT,1998,Rabi,Gram,48681,38942,0.799942483
Uttar Pradesh,CHITRAKOOT,1998,Rabi,Linseed,1785,997,0.558543417
Uttar Pradesh,CHITRAKOOT,1998,Rabi,Masoor,4832,3878,0.802566225
Uttar Pradesh,CHITRAKOOT,1998,Rabi,Peas & beans (Pulses),291,305,1.048109966
Uttar Pradesh,CHITRAKOOT,1998,Rabi,Rapeseed &Mustard,2931,1588,0.541794609
Uttar Pradesh,CHITRAKOOT,1998,Rabi,Wheat,50445,95489,1.892932897
Uttar Pradesh,CHITRAKOOT,1998,Summer,Moong(Green Gram),2,1,0.5
Uttar Pradesh,CHITRAKOOT,1998,Whole Year,Onion,104,1263,12.14423077
Uttar Pradesh,CHITRAKOOT,1998,Whole Year,Potato,276,6298,22.81884058
Uttar Pradesh,CHITRAKOOT,1998,Whole Year,Sannhamp,311,113,0.363344051
Uttar Pradesh,CHITRAKOOT,1998,Whole Year,Sugarcane,301,13419,44.58139535
Uttar Pradesh,CHITRAKOOT,1999,Kharif,Arhar/Tur,11760,22991,1.955017007
Uttar Pradesh,CHITRAKOOT,1999,Kharif,Bajra,7594,6143,0.808928101
Uttar Pradesh,CHITRAKOOT,1999,Kharif,Castor seed,1,1,1
Uttar Pradesh,CHITRAKOOT,1999,Kharif,Groundnut,8,5,0.625
Uttar Pradesh,CHITRAKOOT,1999,Kharif,Jowar,27645,19628,0.710001809
Uttar Pradesh,CHITRAKOOT,1999,Kharif,Maize,56,40,0.714285714
Uttar Pradesh,CHITRAKOOT,1999,Kharif,Moong(Green Gram),791,193,0.243994943
Uttar Pradesh,CHITRAKOOT,1999,Kharif,Rice,17044,18527,1.087010092
Uttar Pradesh,CHITRAKOOT,1999,Kharif,Small millets,2223,1309,0.588843905
Uttar Pradesh,CHITRAKOOT,1999,Kharif,Soyabean,45,35,0.777777778
Uttar Pradesh,CHITRAKOOT,1999,Kharif,Sunflower,1,2,2
Uttar Pradesh,CHITRAKOOT,1999,Kharif,Urad,1053,343,0.325735992
Uttar Pradesh,CHITRAKOOT,1999,Rabi,Barley,5974,7197,1.204720455
Uttar Pradesh,CHITRAKOOT,1999,Rabi,Gram,47263,34058,0.720605971
Uttar Pradesh,CHITRAKOOT,1999,Rabi,Linseed,1562,573,0.366837388
Uttar Pradesh,CHITRAKOOT,1999,Rabi,Ragi,1,2,2
Uttar Pradesh,CHITRAKOOT,1999,Rabi,Rapeseed &Mustard,2972,1320,0.444145357
Uttar Pradesh,CHITRAKOOT,1999,Rabi,Wheat,50387,98278,1.950463413
Uttar Pradesh,CHITRAKOOT,1999,Summer,Moong(Green Gram),2,1,0.5
Uttar Pradesh,CHITRAKOOT,1999,Whole Year,Onion,154,2171,14.0974026
Uttar Pradesh,CHITRAKOOT,1999,Whole Year,Peas & beans (Pulses),260,318,1.223076923
Uttar Pradesh,CHITRAKOOT,1999,Whole Year,Potato,318,7167,22.53773585
Uttar Pradesh,CHITRAKOOT,1999,Whole Year,Sugarcane,323,16113,49.88544892
Uttar Pradesh,CHITRAKOOT,2000,Kharif,Arhar/Tur,11963,15540,1.299005266
Uttar Pradesh,CHITRAKOOT,2000,Kharif,Bajra,8119,5921,0.729277005
Uttar Pradesh,CHITRAKOOT,2000,Kharif,Groundnut,22,14,0.636363636
Uttar Pradesh,CHITRAKOOT,2000,Kharif,Jowar,28685,24182,0.843018999
Uttar Pradesh,CHITRAKOOT,2000,Kharif,Maize,118,218,1.847457627
Uttar Pradesh,CHITRAKOOT,2000,Kharif,Moong(Green Gram),897,308,0.343366778
Uttar Pradesh,CHITRAKOOT,2000,Kharif,Rice,17088,14775,0.864641854
Uttar Pradesh,CHITRAKOOT,2000,Kharif,Sesamum,574,69,0.120209059
Uttar Pradesh,CHITRAKOOT,2000,Kharif,Small millets,2307,1510,0.654529692
Uttar Pradesh,CHITRAKOOT,2000,Kharif,Soyabean,25,15,0.6
Uttar Pradesh,CHITRAKOOT,2000,Kharif,Urad,1260,326,0.258730159
Uttar Pradesh,CHITRAKOOT,2000,Rabi,Barley,5441,3879,0.712920419
Uttar Pradesh,CHITRAKOOT,2000,Rabi,Gram,46049,31185,0.677213403
Uttar Pradesh,CHITRAKOOT,2000,Rabi,Linseed,1450,481,0.331724138
Uttar Pradesh,CHITRAKOOT,2000,Rabi,Masoor,12506,7591,0.606988645
Uttar Pradesh,CHITRAKOOT,2000,Rabi,Moong(Green Gram),1,0.1,0.1
Uttar Pradesh,CHITRAKOOT,2000,Rabi,Peas & beans (Pulses),261,158,0.605363985
Uttar Pradesh,CHITRAKOOT,2000,Rabi,Rapeseed &Mustard,2204,1025,0.465063521
Uttar Pradesh,CHITRAKOOT,2000,Rabi,Wheat,51700,80421,1.555531915
Uttar Pradesh,CHITRAKOOT,2000,Whole Year,Potato,267,5690,21.31086142
Uttar Pradesh,CHITRAKOOT,2000,Whole Year,Sugarcane,398,17175,43.15326633
Uttar Pradesh,CHITRAKOOT,2001,Kharif,Arhar/Tur,11251,17961,1.596391432
Uttar Pradesh,CHITRAKOOT,2001,Kharif,Bajra,7359,5216,0.708791955
Uttar Pradesh,CHITRAKOOT,2001,Kharif,Groundnut,20,15,0.75
Uttar Pradesh,CHITRAKOOT,2001,Kharif,Jowar,25996,16956,0.652254193
Uttar Pradesh,CHITRAKOOT,2001,Kharif,Maize,10,11,1.1
Uttar Pradesh,CHITRAKOOT,2001,Kharif,Moong(Green Gram),968,313,0.323347107
Uttar Pradesh,CHITRAKOOT,2001,Kharif,Rice,18842,21379,1.134646004
Uttar Pradesh,CHITRAKOOT,2001,Kharif,Sesamum,535,46,0.085981308
Uttar Pradesh,CHITRAKOOT,2001,Kharif,Small millets,1866,1285,0.6886388
Uttar Pradesh,CHITRAKOOT,2001,Kharif,Soyabean,20,15,0.75
Uttar Pradesh,CHITRAKOOT,2001,Kharif,Urad,1263,411,0.325415677
Uttar Pradesh,CHITRAKOOT,2001,Rabi,Barley,5427,5017,0.924451815
Uttar Pradesh,CHITRAKOOT,2001,Rabi,Gram,48389,33578,0.693918039
Uttar Pradesh,CHITRAKOOT,2001,Rabi,Linseed,1378,546,0.396226415
Uttar Pradesh,CHITRAKOOT,2001,Rabi,Masoor,12251,10646,0.868990287
Uttar Pradesh,CHITRAKOOT,2001,Rabi,Peas & beans (Pulses),209,222,1.062200957
Uttar Pradesh,CHITRAKOOT,2001,Rabi,Rapeseed &Mustard,1949,1067,0.547460236
Uttar Pradesh,CHITRAKOOT,2001,Rabi,Wheat,53575,111241,2.076360243
Uttar Pradesh,CHITRAKOOT,2001,Whole Year,Potato,190,4686,24.66315789
Uttar Pradesh,CHITRAKOOT,2001,Whole Year,Sugarcane,421,21755,51.67458432
Uttar Pradesh,CHITRAKOOT,2002,Kharif,Bajra,9733,5647,0.580191102
Uttar Pradesh,CHITRAKOOT,2002,Kharif,Groundnut,11,5,0.454545455
Uttar Pradesh,CHITRAKOOT,2002,Kharif,Jowar,15877,10167,0.64036027
Uttar Pradesh,CHITRAKOOT,2002,Kharif,Maize,10,3,0.3
Uttar Pradesh,CHITRAKOOT,2002,Kharif,Moong(Green Gram),506,120,0.23715415
Uttar Pradesh,CHITRAKOOT,2002,Kharif,Rice,10259,7435,0.724729506
Uttar Pradesh,CHITRAKOOT,2002,Kharif,Sesamum,167,23,0.137724551
Uttar Pradesh,CHITRAKOOT,2002,Kharif,Small millets,743,353,0.475100942
Uttar Pradesh,CHITRAKOOT,2002,Kharif,Urad,667,214,0.32083958
Uttar Pradesh,CHITRAKOOT,2002,Rabi,Barley,6483,6869,1.059540336
Uttar Pradesh,CHITRAKOOT,2002,Rabi,Gram,51798,38258,0.738599946
Uttar Pradesh,CHITRAKOOT,2002,Rabi,Linseed,1526,503,0.329619921
Uttar Pradesh,CHITRAKOOT,2002,Rabi,Masoor,13739,10194,0.741975399
Uttar Pradesh,CHITRAKOOT,2002,Rabi,Onion,104,1073,10.31730769
Uttar Pradesh,CHITRAKOOT,2002,Rabi,Peas & beans (Pulses),324,290,0.895061728
Uttar Pradesh,CHITRAKOOT,2002,Rabi,Ragi,1,1,1
Uttar Pradesh,CHITRAKOOT,2002,Rabi,Rapeseed &Mustard,2185,1252,0.572997712
Uttar Pradesh,CHITRAKOOT,2002,Rabi,Wheat,56890,125996,2.214730181
Uttar Pradesh,CHITRAKOOT,2002,Summer,Moong(Green Gram),1,0,0
Uttar Pradesh,CHITRAKOOT,2002,Whole Year,Potato,271,6287,23.19926199
Uttar Pradesh,CHITRAKOOT,2002,Whole Year,Sannhamp,100,31,0.31
Uttar Pradesh,CHITRAKOOT,2002,Whole Year,Sugarcane,522,26389,50.55363985
Uttar Pradesh,CHITRAKOOT,2003,Kharif,Arhar/Tur,10611,21431,2.019696541
Uttar Pradesh,CHITRAKOOT,2003,Kharif,Bajra,9719,7423,0.763761704
Uttar Pradesh,CHITRAKOOT,2003,Kharif,Groundnut,53,18,0.339622642
Uttar Pradesh,CHITRAKOOT,2003,Kharif,Jowar,21883,19519,0.891970936
Uttar Pradesh,CHITRAKOOT,2003,Kharif,Maize,16,19,1.1875
Uttar Pradesh,CHITRAKOOT,2003,Kharif,Moong(Green Gram),886,278,0.313769752
Uttar Pradesh,CHITRAKOOT,2003,Kharif,Rice,13864,15805,1.140002885
Uttar Pradesh,CHITRAKOOT,2003,Kharif,Sesamum,281,23,0.081850534
Uttar Pradesh,CHITRAKOOT,2003,Kharif,Soyabean,5,6,1.2
Uttar Pradesh,CHITRAKOOT,2003,Kharif,Urad,1237,155,0.125303153
Uttar Pradesh,CHITRAKOOT,2003,Rabi,Barley,5841,6735,1.153055984
Uttar Pradesh,CHITRAKOOT,2003,Rabi,Gram,48854,46010,0.941785729
Uttar Pradesh,CHITRAKOOT,2003,Rabi,Linseed,1362,626,0.459618209
Uttar Pradesh,CHITRAKOOT,2003,Rabi,Masoor,14765,16330,1.105993905
Uttar Pradesh,CHITRAKOOT,2003,Rabi,Onion,101,1450,14.35643564
Uttar Pradesh,CHITRAKOOT,2003,Rabi,Peas & beans (Pulses),365,383,1.049315068
Uttar Pradesh,CHITRAKOOT,2003,Rabi,Rapeseed &Mustard,2240,1346,0.600892857
Uttar Pradesh,CHITRAKOOT,2003,Rabi,Wheat,56834,128539,2.261656755
Uttar Pradesh,CHITRAKOOT,2003,Summer,Moong(Green Gram),1,1,1
Uttar Pradesh,CHITRAKOOT,2003,Whole Year,Potato,332,6944,20.91566265
Uttar Pradesh,CHITRAKOOT,2003,Whole Year,Sannhamp,148,45,0.304054054
Uttar Pradesh,CHITRAKOOT,2003,Whole Year,Sugarcane,494,20838,42.18218623
Uttar Pradesh,CHITRAKOOT,2004,Kharif,Bajra,7921,9016,1.138240121
Uttar Pradesh,CHITRAKOOT,2004,Kharif,Groundnut,63,29,0.46031746
Uttar Pradesh,CHITRAKOOT,2004,Kharif,Jowar,17673,19385,1.096870933
Uttar Pradesh,CHITRAKOOT,2004,Kharif,Maize,11,17,1.545454545
Uttar Pradesh,CHITRAKOOT,2004,Kharif,Rice,15140,12356,0.816116248
Uttar Pradesh,CHITRAKOOT,2004,Kharif,Sannhamp,105,29,0.276190476
Uttar Pradesh,CHITRAKOOT,2004,Kharif,Sesamum,442,43,0.097285068
Uttar Pradesh,CHITRAKOOT,2004,Kharif,Small millets,960,342,0.35625
Uttar Pradesh,CHITRAKOOT,2004,Kharif,Soyabean,13,6,0.461538462
Uttar Pradesh,CHITRAKOOT,2004,Kharif,Sugarcane,424,16402,38.68396226
Uttar Pradesh,CHITRAKOOT,2004,Rabi,Barley,5621,8986,1.598647927
Uttar Pradesh,CHITRAKOOT,2004,Rabi,Gram,49655,42709,0.860114792
Uttar Pradesh,CHITRAKOOT,2004,Rabi,Linseed,1292,557,0.431114551
Uttar Pradesh,CHITRAKOOT,2004,Rabi,Potato,302,6760,22.38410596
Uttar Pradesh,CHITRAKOOT,2004,Rabi,Rapeseed &Mustard,2615,910,0.347992352
Uttar Pradesh,CHITRAKOOT,2004,Rabi,Wheat,52365,86467,1.651236513
Uttar Pradesh,CHITRAKOOT,2004,Summer,Sunflower,1,2,2
Uttar Pradesh,CHITRAKOOT,2004,Whole Year,Dry chillies,42,39,0.928571429
Uttar Pradesh,CHITRAKOOT,2004,Whole Year,Guar seed,27,23,0.851851852
Uttar Pradesh,CHITRAKOOT,2004,Whole Year,Onion,102,1043,10.2254902
Uttar Pradesh,CHITRAKOOT,2004,Whole Year,Sweet potato,25,290,11.6
Uttar Pradesh,CHITRAKOOT,2005,Kharif,Bajra,9040,8565,0.947455752
Uttar Pradesh,CHITRAKOOT,2005,Kharif,Jowar,18960,20641,1.088660338
Uttar Pradesh,CHITRAKOOT,2005,Kharif,Maize,18,23,1.277777778
Uttar Pradesh,CHITRAKOOT,2005,Kharif,Rice,10047,7565,0.752961083
Uttar Pradesh,CHITRAKOOT,2005,Kharif,Sannhamp,151,52,0.344370861
Uttar Pradesh,CHITRAKOOT,2005,Kharif,Sesamum,365,35,0.095890411
Uttar Pradesh,CHITRAKOOT,2005,Kharif,Small millets,774,518,0.669250646
Uttar Pradesh,CHITRAKOOT,2005,Kharif,Soyabean,3,2,0.666666667
Uttar Pradesh,CHITRAKOOT,2005,Kharif,Sugarcane,474,14917,31.47046414
Uttar Pradesh,CHITRAKOOT,2005,Rabi,Barley,5062,5774,1.140655867
Uttar Pradesh,CHITRAKOOT,2005,Rabi,Gram,44405,28109,0.6330143
Uttar Pradesh,CHITRAKOOT,2005,Rabi,Linseed,1354,603,0.44534712
Uttar Pradesh,CHITRAKOOT,2005,Rabi,Potato,398,8928,22.4321608
Uttar Pradesh,CHITRAKOOT,2005,Rabi,Rapeseed &Mustard,2352,791,0.336309524
Uttar Pradesh,CHITRAKOOT,2005,Rabi,Wheat,56020,85368,1.523884327
Uttar Pradesh,CHITRAKOOT,2005,Whole Year,Coriander,9,5,0.555555556
Uttar Pradesh,CHITRAKOOT,2005,Whole Year,Dry chillies,36,33,0.916666667
Uttar Pradesh,CHITRAKOOT,2005,Whole Year,Guar seed,32,26,0.8125
Uttar Pradesh,CHITRAKOOT,2005,Whole Year,Onion,111,1417,12.76576577
Uttar Pradesh,CHITRAKOOT,2005,Whole Year,Sweet potato,21,275,13.0952381
Uttar Pradesh,CHITRAKOOT,2006,Kharif,Arhar/Tur,16266,8799,0.540944301
Uttar Pradesh,CHITRAKOOT,2006,Kharif,Bajra,9608,7700,0.801415487
Uttar Pradesh,CHITRAKOOT,2006,Kharif,Groundnut,53,29,0.547169811
Uttar Pradesh,CHITRAKOOT,2006,Kharif,Jowar,16072,10088,0.62767546
Uttar Pradesh,CHITRAKOOT,2006,Kharif,Maize,10,13,1.3
Uttar Pradesh,CHITRAKOOT,2006,Kharif,Other Kharif pulses,2084,633,0.303742802
Uttar Pradesh,CHITRAKOOT,2006,Kharif,Rice,10584,4953,0.467970522
Uttar Pradesh,CHITRAKOOT,2006,Kharif,Sannhamp,98,27,0.275510204
Uttar Pradesh,CHITRAKOOT,2006,Kharif,Sesamum,492,79,0.160569106
Uttar Pradesh,CHITRAKOOT,2006,Kharif,Small millets,2016,1225,0.607638889
Uttar Pradesh,CHITRAKOOT,2006,Kharif,Soyabean,13,13,1
Uttar Pradesh,CHITRAKOOT,2006,Kharif,Sugarcane,421,17962,42.66508314
Uttar Pradesh,CHITRAKOOT,2006,Kharif,Sweet potato,17,232,13.64705882
Uttar Pradesh,CHITRAKOOT,2006,Rabi,Barley,6683,5639,0.843782732
Uttar Pradesh,CHITRAKOOT,2006,Rabi,Gram,38478,15796,0.410520297
Uttar Pradesh,CHITRAKOOT,2006,Rabi,Linseed,720,226,0.313888889
Uttar Pradesh,CHITRAKOOT,2006,Rabi,Masoor,17091,6375,0.373003335
Uttar Pradesh,CHITRAKOOT,2006,Rabi,Onion,113,2167,19.17699115
Uttar Pradesh,CHITRAKOOT,2006,Rabi,Other  Rabi pulses,479,330,0.688935282
Uttar Pradesh,CHITRAKOOT,2006,Rabi,Potato,246,5372,21.83739837
Uttar Pradesh,CHITRAKOOT,2006,Rabi,Rapeseed &Mustard,3784,922,0.243657505
Uttar Pradesh,CHITRAKOOT,2006,Rabi,Wheat,52023,65182,1.252945812
Uttar Pradesh,CHITRAKOOT,2006,Summer,Sunflower,1,1,1
Uttar Pradesh,CHITRAKOOT,2006,Whole Year,Coriander,5,2,0.4
Uttar Pradesh,CHITRAKOOT,2006,Whole Year,Dry chillies,34,32,0.941176471
Uttar Pradesh,CHITRAKOOT,2006,Whole Year,Guar seed,32,27,0.84375
Uttar Pradesh,CHITRAKOOT,2007,Kharif,Arhar/Tur,16718,10928,0.653666707
Uttar Pradesh,CHITRAKOOT,2007,Kharif,Bajra,8091,4231,0.522926709
Uttar Pradesh,CHITRAKOOT,2007,Kharif,Dry chillies,26,25,0.961538462
Uttar Pradesh,CHITRAKOOT,2007,Kharif,Groundnut,44,10,0.227272727
Uttar Pradesh,CHITRAKOOT,2007,Kharif,Guar seed,61,51,0.836065574
Uttar Pradesh,CHITRAKOOT,2007,Kharif,Jowar,17196,7500,0.436147941
Uttar Pradesh,CHITRAKOOT,2007,Kharif,Maize,8,12,1.5
Uttar Pradesh,CHITRAKOOT,2007,Kharif,Moong(Green Gram),1504,222,0.147606383
Uttar Pradesh,CHITRAKOOT,2007,Kharif,Rice,12979,3271,0.252022498
Uttar Pradesh,CHITRAKOOT,2007,Kharif,Sannhamp,141,27,0.191489362
Uttar Pradesh,CHITRAKOOT,2007,Kharif,Sesamum,560,58,0.103571429
Uttar Pradesh,CHITRAKOOT,2007,Kharif,Small millets,860,520,0.604651163
Uttar Pradesh,CHITRAKOOT,2007,Kharif,Soyabean,7,5,0.714285714
Uttar Pradesh,CHITRAKOOT,2007,Kharif,Sugarcane,251,6632,26.42231076
Uttar Pradesh,CHITRAKOOT,2007,Kharif,Sweet potato,29,390,13.44827586
Uttar Pradesh,CHITRAKOOT,2007,Kharif,Urad,480,74,0.154166667
Uttar Pradesh,CHITRAKOOT,2007,Rabi,Barley,1404,667,0.475071225
Uttar Pradesh,CHITRAKOOT,2007,Rabi,Coriander,7,4,0.571428571
Uttar Pradesh,CHITRAKOOT,2007,Rabi,Gram,37541,19881,0.529580991
Uttar Pradesh,CHITRAKOOT,2007,Rabi,Linseed,1504,232,0.154255319
Uttar Pradesh,CHITRAKOOT,2007,Rabi,Masoor,15678,8905,0.567993367
Uttar Pradesh,CHITRAKOOT,2007,Rabi,Onion,161,2250,13.97515528
Uttar Pradesh,CHITRAKOOT,2007,Rabi,Other  Rabi pulses,435,176,0.404597701
Uttar Pradesh,CHITRAKOOT,2007,Rabi,Potato,310,6813,21.97741935
Uttar Pradesh,CHITRAKOOT,2007,Rabi,Rapeseed &Mustard,2003,216,0.107838243
Uttar Pradesh,CHITRAKOOT,2007,Rabi,Wheat,43151,51049,1.183031679
Uttar Pradesh,CHITRAKOOT,2007,Summer,Onion,2,27,13.5
Uttar Pradesh,CHITRAKOOT,2008,Kharif,Arhar/Tur,14451,15595,1.079164072
Uttar Pradesh,CHITRAKOOT,2008,Kharif,Bajra,10330,12205,1.181510165
Uttar Pradesh,CHITRAKOOT,2008,Kharif,Dry chillies,34,34,1
Uttar Pradesh,CHITRAKOOT,2008,Kharif,Guar seed,30,25,0.833333333
Uttar Pradesh,CHITRAKOOT,2008,Kharif,Jowar,14864,11480,0.772335845
Uttar Pradesh,CHITRAKOOT,2008,Kharif,Maize,7,11,1.571428571
Uttar Pradesh,CHITRAKOOT,2008,Kharif,Moong(Green Gram),1280,417,0.32578125
Uttar Pradesh,CHITRAKOOT,2008,Kharif,Rice,9532,7187,0.753986572
Uttar Pradesh,CHITRAKOOT,2008,Kharif,Sannhamp,115,36,0.313043478
Uttar Pradesh,CHITRAKOOT,2008,Kharif,Sesamum,293,33,0.112627986
Uttar Pradesh,CHITRAKOOT,2008,Kharif,Small millets,656,403,0.614329268
Uttar Pradesh,CHITRAKOOT,2008,Kharif,Sugarcane,215,8758,40.73488372
Uttar Pradesh,CHITRAKOOT,2008,Kharif,Sweet potato,21,258,12.28571429
Uttar Pradesh,CHITRAKOOT,2008,Kharif,Urad,1515,652,0.430363036
Uttar Pradesh,CHITRAKOOT,2008,Rabi,Barley,6777,7897,1.165264866
Uttar Pradesh,CHITRAKOOT,2008,Rabi,Coriander,4,2,0.5
Uttar Pradesh,CHITRAKOOT,2008,Rabi,Gram,50844,41093,0.808217292
Uttar Pradesh,CHITRAKOOT,2008,Rabi,Linseed,977,445,0.455475947
Uttar Pradesh,CHITRAKOOT,2008,Rabi,Masoor,18400,12825,0.69701087
Uttar Pradesh,CHITRAKOOT,2008,Rabi,Onion,92,1078,11.7173913
Uttar Pradesh,CHITRAKOOT,2008,Rabi,Peas & beans (Pulses),341,479,1.404692082
Uttar Pradesh,CHITRAKOOT,2008,Rabi,Potato,314,6437,20.5
Uttar Pradesh,CHITRAKOOT,2008,Rabi,Rapeseed &Mustard,1975,924,0.467848101
Uttar Pradesh,CHITRAKOOT,2008,Rabi,Wheat,49309,84567,1.715041879
Uttar Pradesh,CHITRAKOOT,2009,Kharif,Arhar/Tur,15049,9586,0.636985846
Uttar Pradesh,CHITRAKOOT,2009,Kharif,Bajra,9231,6372,0.690282743
Uttar Pradesh,CHITRAKOOT,2009,Kharif,Dry chillies,30,26,0.866666667
Uttar Pradesh,CHITRAKOOT,2009,Kharif,Groundnut,65,10,0.153846154
Uttar Pradesh,CHITRAKOOT,2009,Kharif,Guar seed,36,30,0.833333333
Uttar Pradesh,CHITRAKOOT,2009,Kharif,Jowar,16451,14272,0.867546046
Uttar Pradesh,CHITRAKOOT,2009,Kharif,Maize,21,30,1.428571429
Uttar Pradesh,CHITRAKOOT,2009,Kharif,Moong(Green Gram),1426,127,0.089060309
Uttar Pradesh,CHITRAKOOT,2009,Kharif,Rice,7026,3864,0.549957301
Uttar Pradesh,CHITRAKOOT,2009,Kharif,Sannhamp,27,5,0.185185185
Uttar Pradesh,CHITRAKOOT,2009,Kharif,Sesamum,1326,61,0.046003017
Uttar Pradesh,CHITRAKOOT,2009,Kharif,Small millets,410,208,0.507317073
Uttar Pradesh,CHITRAKOOT,2009,Kharif,Soyabean,80,84,1.05
Uttar Pradesh,CHITRAKOOT,2009,Kharif,Sugarcane,134,5372,40.08955224
Uttar Pradesh,CHITRAKOOT,2009,Kharif,Sweet potato,35,476,13.6
Uttar Pradesh,CHITRAKOOT,2009,Kharif,Urad,1710,224,0.130994152
Uttar Pradesh,CHITRAKOOT,2009,Rabi,Barley,5167,5822,1.126766015
Uttar Pradesh,CHITRAKOOT,2009,Rabi,Coriander,7,4,0.571428571
Uttar Pradesh,CHITRAKOOT,2009,Rabi,Garlic,1,5,5
Uttar Pradesh,CHITRAKOOT,2009,Rabi,Gram,42954,29130,0.678167342
Uttar Pradesh,CHITRAKOOT,2009,Rabi,Linseed,938,433,0.461620469
Uttar Pradesh,CHITRAKOOT,2009,Rabi,Maize,5,15,3
Uttar Pradesh,CHITRAKOOT,2009,Rabi,Masoor,21832,12925,0.592020887
Uttar Pradesh,CHITRAKOOT,2009,Rabi,Onion,133,2284,17.17293233
Uttar Pradesh,CHITRAKOOT,2009,Rabi,Peas & beans (Pulses),508,459,0.903543307
Uttar Pradesh,CHITRAKOOT,2009,Rabi,Potato,150,3730,24.86666667
Uttar Pradesh,CHITRAKOOT,2009,Rabi,Rapeseed &Mustard,2218,1253,0.564923354
Uttar Pradesh,CHITRAKOOT,2009,Rabi,Wheat,51978,97688,1.87941052
Uttar Pradesh,CHITRAKOOT,2009,Summer,Onion,12,167,13.91666667
Uttar Pradesh,CHITRAKOOT,2010,Kharif,Arhar/Tur,15970,10895,0.682216656
Uttar Pradesh,CHITRAKOOT,2010,Kharif,Bajra,13078,8856,0.677167763
Uttar Pradesh,CHITRAKOOT,2010,Kharif,Dry chillies,32,28,0.875
Uttar Pradesh,CHITRAKOOT,2010,Kharif,Groundnut,42,21,0.5
Uttar Pradesh,CHITRAKOOT,2010,Kharif,Guar seed,20,17,0.85
Uttar Pradesh,CHITRAKOOT,2010,Kharif,Jowar,15584,12975,0.832584702
Uttar Pradesh,CHITRAKOOT,2010,Kharif,Maize,15,22,1.466666667
Uttar Pradesh,CHITRAKOOT,2010,Kharif,Moong(Green Gram),1524,588,0.385826772
Uttar Pradesh,CHITRAKOOT,2010,Kharif,Rice,7506,5892,0.784972022
Uttar Pradesh,CHITRAKOOT,2010,Kharif,Sannhamp,103,34,0.330097087
Uttar Pradesh,CHITRAKOOT,2010,Kharif,Sesamum,2575,321,0.124660194
Uttar Pradesh,CHITRAKOOT,2010,Kharif,Small millets,307,240,0.781758958
Uttar Pradesh,CHITRAKOOT,2010,Kharif,Soyabean,10,12,1.2
Uttar Pradesh,CHITRAKOOT,2010,Kharif,Sugarcane,253,12465,49.2687747
Uttar Pradesh,CHITRAKOOT,2010,Kharif,Sweet potato,25,308,12.32
Uttar Pradesh,CHITRAKOOT,2010,Kharif,Urad,1583,638,0.403032217
Uttar Pradesh,CHITRAKOOT,2010,Rabi,Barley,4769,11014,2.309498847
Uttar Pradesh,CHITRAKOOT,2010,Rabi,Gram,44771,27209,0.607737151
Uttar Pradesh,CHITRAKOOT,2010,Rabi,Linseed,973,446,0.458376156
Uttar Pradesh,CHITRAKOOT,2010,Rabi,Masoor,18285,5504,0.301011758
Uttar Pradesh,CHITRAKOOT,2010,Rabi,Onion,100,1840,18.4
Uttar Pradesh,CHITRAKOOT,2010,Rabi,Peas & beans (Pulses),419,62,0.14797136
Uttar Pradesh,CHITRAKOOT,2010,Rabi,Potato,365,8904,24.39452055
Uttar Pradesh,CHITRAKOOT,2010,Rabi,Rapeseed &Mustard,1962,955,0.486748216
Uttar Pradesh,CHITRAKOOT,2010,Rabi,Wheat,48407,86336,1.783543702
Uttar Pradesh,CHITRAKOOT,2011,Kharif,Arhar/Tur,15702,22731,1.447649981
Uttar Pradesh,CHITRAKOOT,2011,Kharif,Bajra,10257,9132,0.890318807
Uttar Pradesh,CHITRAKOOT,2011,Kharif,Dry chillies,32,27,0.84375
Uttar Pradesh,CHITRAKOOT,2011,Kharif,Groundnut,40,34,0.85
Uttar Pradesh,CHITRAKOOT,2011,Kharif,Guar seed,36,30,0.833333333
Uttar Pradesh,CHITRAKOOT,2011,Kharif,Jowar,16819,18951,1.126761401
Uttar Pradesh,CHITRAKOOT,2011,Kharif,Maize,13,14,1.076923077
Uttar Pradesh,CHITRAKOOT,2011,Kharif,Moong(Green Gram),1829,598,0.32695462
Uttar Pradesh,CHITRAKOOT,2011,Kharif,Rice,7886,7949,1.007988841
Uttar Pradesh,CHITRAKOOT,2011,Kharif,Sannhamp,80,22,0.275
Uttar Pradesh,CHITRAKOOT,2011,Kharif,Sesamum,2940,403,0.13707483
Uttar Pradesh,CHITRAKOOT,2011,Kharif,Small millets,726,767,1.056473829
Uttar Pradesh,CHITRAKOOT,2011,Kharif,Soyabean,109,137,1.256880734
Uttar Pradesh,CHITRAKOOT,2011,Kharif,Sugarcane,381,18328,48.10498688
Uttar Pradesh,CHITRAKOOT,2011,Kharif,Sweet potato,25,324,12.96
Uttar Pradesh,CHITRAKOOT,2011,Kharif,Urad,2740,1085,0.395985401
Uttar Pradesh,CHITRAKOOT,2011,Rabi,Barley,5391,11743,2.178260063
Uttar Pradesh,CHITRAKOOT,2011,Rabi,Coriander,10,6,0.6
Uttar Pradesh,CHITRAKOOT,2011,Rabi,Garlic,1,5,5
Uttar Pradesh,CHITRAKOOT,2011,Rabi,Gram,46421,49557,1.067555632
Uttar Pradesh,CHITRAKOOT,2011,Rabi,Linseed,838,358,0.427207637
Uttar Pradesh,CHITRAKOOT,2011,Rabi,Masoor,15487,12529,0.809001098
Uttar Pradesh,CHITRAKOOT,2011,Rabi,Onion,135,3088,22.87407407
Uttar Pradesh,CHITRAKOOT,2011,Rabi,Peas & beans (Pulses),524,569,1.085877863
Uttar Pradesh,CHITRAKOOT,2011,Rabi,Potato,364,8037,22.07967033
Uttar Pradesh,CHITRAKOOT,2011,Rabi,Rapeseed &Mustard,2125,1477,0.695058824
Uttar Pradesh,CHITRAKOOT,2011,Rabi,Wheat,48561,121581,2.503675789
Uttar Pradesh,CHITRAKOOT,2011,Summer,Onion,8,87,10.875
Uttar Pradesh,CHITRAKOOT,2012,Kharif,Arhar/Tur,16622,13809,0.830766454
Uttar Pradesh,CHITRAKOOT,2012,Kharif,Bajra,9874,13594,1.376747012
Uttar Pradesh,CHITRAKOOT,2012,Kharif,Dry chillies,21,17,0.80952381
Uttar Pradesh,CHITRAKOOT,2012,Kharif,Groundnut,42,26,0.619047619
Uttar Pradesh,CHITRAKOOT,2012,Kharif,Guar seed,37,30,0.810810811
Uttar Pradesh,CHITRAKOOT,2012,Kharif,Jowar,18046,22351,1.238557021
Uttar Pradesh,CHITRAKOOT,2012,Kharif,Maize,73,135,1.849315068
Uttar Pradesh,CHITRAKOOT,2012,Kharif,Moong(Green Gram),1261,541,0.429024584
Uttar Pradesh,CHITRAKOOT,2012,Kharif,Rice,8494,12741,1.5
Uttar Pradesh,CHITRAKOOT,2012,Kharif,Sannhamp,84,31,0.369047619
Uttar Pradesh,CHITRAKOOT,2012,Kharif,Sesamum,3763,623,0.165559394
Uttar Pradesh,CHITRAKOOT,2012,Kharif,Small millets,274,277,1.010948905
Uttar Pradesh,CHITRAKOOT,2012,Kharif,Soyabean,67,95,1.417910448
Uttar Pradesh,CHITRAKOOT,2012,Kharif,Sugarcane,217,8062,37.15207373
Uttar Pradesh,CHITRAKOOT,2012,Kharif,Sweet potato,47,608,12.93617021
Uttar Pradesh,CHITRAKOOT,2012,Kharif,Urad,1438,774,0.538247566
Uttar Pradesh,CHITRAKOOT,2012,Rabi,Barley,6029,16289,2.701774755
Uttar Pradesh,CHITRAKOOT,2012,Rabi,Coriander,2,1,0.5
Uttar Pradesh,CHITRAKOOT,2012,Rabi,Gram,48074,50893,1.058638765
Uttar Pradesh,CHITRAKOOT,2012,Rabi,Linseed,996,386,0.387550201
Uttar Pradesh,CHITRAKOOT,2012,Rabi,Masoor,19213,12796,0.666007391
Uttar Pradesh,CHITRAKOOT,2012,Rabi,Onion,94,2162,23
Uttar Pradesh,CHITRAKOOT,2012,Rabi,Peas & beans (Pulses),247,273,1.105263158
Uttar Pradesh,CHITRAKOOT,2012,Rabi,Potato,342,8329,24.35380117
Uttar Pradesh,CHITRAKOOT,2012,Rabi,Rapeseed &Mustard,2923,1499,0.512829285
Uttar Pradesh,CHITRAKOOT,2012,Rabi,Wheat,54253,130500,2.405396937
Uttar Pradesh,CHITRAKOOT,2012,Summer,Onion,10,109,10.9
Uttar Pradesh,CHITRAKOOT,2013,Kharif,Arhar/Tur,12830,5828,0.454247857
Uttar Pradesh,CHITRAKOOT,2013,Kharif,Bajra,8155,11633,1.426486818
Uttar Pradesh,CHITRAKOOT,2013,Kharif,Dry chillies,46,37,0.804347826
Uttar Pradesh,CHITRAKOOT,2013,Kharif,Groundnut,3,2,0.666666667
Uttar Pradesh,CHITRAKOOT,2013,Kharif,Guar seed,32,27,0.84375
Uttar Pradesh,CHITRAKOOT,2013,Kharif,Jowar,12794,11833,0.924886666
Uttar Pradesh,CHITRAKOOT,2013,Kharif,Maize,16,29,1.8125
Uttar Pradesh,CHITRAKOOT,2013,Kharif,Moong(Green Gram),1070,399,0.372897196
Uttar Pradesh,CHITRAKOOT,2013,Kharif,Rice,10155,18208,1.79300837
Uttar Pradesh,CHITRAKOOT,2013,Kharif,Sannhamp,49,14,0.285714286
Uttar Pradesh,CHITRAKOOT,2013,Kharif,Sesamum,1180,144,0.122033898
Uttar Pradesh,CHITRAKOOT,2013,Kharif,Small millets,164,120,0.731707317
Uttar Pradesh,CHITRAKOOT,2013,Kharif,Soyabean,64,37,0.578125
Uttar Pradesh,CHITRAKOOT,2013,Kharif,Sugarcane,313,13981,44.66773163
Uttar Pradesh,CHITRAKOOT,2013,Kharif,Sweet potato,4,53,13.25
Uttar Pradesh,CHITRAKOOT,2013,Kharif,Urad,1242,457,0.367954911
Uttar Pradesh,CHITRAKOOT,2013,Rabi,Barley,4507,13408,2.97492789
Uttar Pradesh,CHITRAKOOT,2013,Rabi,Coriander,2,1,0.5
Uttar Pradesh,CHITRAKOOT,2013,Rabi,Gram,45180,12645,0.279880478
Uttar Pradesh,CHITRAKOOT,2013,Rabi,Linseed,382,114,0.298429319
Uttar Pradesh,CHITRAKOOT,2013,Rabi,Masoor,16667,2717,0.16301674
Uttar Pradesh,CHITRAKOOT,2013,Rabi,Onion,105,2136,20.34285714
Uttar Pradesh,CHITRAKOOT,2013,Rabi,Peas & beans (Pulses),490,345,0.704081633
Uttar Pradesh,CHITRAKOOT,2013,Rabi,Potato,316,6688,21.16455696
Uttar Pradesh,CHITRAKOOT,2013,Rabi,Rapeseed &Mustard,3712,1199,0.323006466
Uttar Pradesh,CHITRAKOOT,2013,Rabi,Wheat,52387,102460,1.955828736
Uttar Pradesh,CHITRAKOOT,2013,Summer,Onion,12,161,13.41666667
Uttar Pradesh,CHITRAKOOT,2014,Kharif,Arhar/Tur,11800,339,0.028728814
Uttar Pradesh,CHITRAKOOT,2014,Kharif,Bajra,7271,7332,1.008389493
Uttar Pradesh,CHITRAKOOT,2014,Kharif,Dry chillies,16,13,0.8125
Uttar Pradesh,CHITRAKOOT,2014,Kharif,Groundnut,18,8,0.444444444
Uttar Pradesh,CHITRAKOOT,2014,Kharif,Guar seed,7,6,0.857142857
Uttar Pradesh,CHITRAKOOT,2014,Kharif,Jowar,12446,11378,0.914189298
Uttar Pradesh,CHITRAKOOT,2014,Kharif,Maize,14,25,1.785714286
Uttar Pradesh,CHITRAKOOT,2014,Kharif,Moong(Green Gram),380,96,0.252631579
Uttar Pradesh,CHITRAKOOT,2014,Kharif,Rice,12662,12763,1.007976623
Uttar Pradesh,CHITRAKOOT,2014,Kharif,Sannhamp,25,10,0.4
Uttar Pradesh,CHITRAKOOT,2014,Kharif,Sesamum,630,55,0.087301587
Uttar Pradesh,CHITRAKOOT,2014,Kharif,Soyabean,63,45,0.714285714
Uttar Pradesh,CHITRAKOOT,2014,Kharif,Sugarcane,340,13751,40.44411765
Uttar Pradesh,CHITRAKOOT,2014,Kharif,Sweet potato,27,334,12.37037037
Uttar Pradesh,CHITRAKOOT,2014,Kharif,Urad,494,141,0.285425101
Uttar Pradesh,CHITRAKOOT,2014,Rabi,Barley,4593,7897,1.719355541
Uttar Pradesh,CHITRAKOOT,2014,Rabi,Coriander,11,5,0.454545455
Uttar Pradesh,CHITRAKOOT,2014,Rabi,Gram,45595,10395,0.227985525
Uttar Pradesh,CHITRAKOOT,2014,Rabi,Linseed,492,285,0.579268293
Uttar Pradesh,CHITRAKOOT,2014,Rabi,Masoor,17073,2151,0.125988403
Uttar Pradesh,CHITRAKOOT,2014,Rabi,Onion,127,1943,15.2992126
Uttar Pradesh,CHITRAKOOT,2014,Rabi,Peas & beans (Pulses),442,78,0.176470588
Uttar Pradesh,CHITRAKOOT,2014,Rabi,Potato,338,7625,22.5591716
Uttar Pradesh,CHITRAKOOT,2014,Rabi,Rapeseed &Mustard,3794,2201,0.580126516
Uttar Pradesh,CHITRAKOOT,2014,Rabi,Wheat,54500,60877,1.117009174
Uttar Pradesh,CHITRAKOOT,2014,Summer,Onion,9,136,15.11111111
Uttar Pradesh,DEORIA,1997,Kharif,Arhar/Tur,12125,11379,0.938474227
Uttar Pradesh,DEORIA,1997,Kharif,Bajra,1170,1974,1.687179487
Uttar Pradesh,DEORIA,1997,Kharif,Castor seed,1,1,1
Uttar Pradesh,DEORIA,1997,Kharif,Groundnut,1932,1547,0.800724638
Uttar Pradesh,DEORIA,1997,Kharif,Jowar,193,191,0.989637306
Uttar Pradesh,DEORIA,1997,Kharif,Maize,5553,8457,1.522960562
Uttar Pradesh,DEORIA,1997,Kharif,Moong(Green Gram),14,4,0.285714286
Uttar Pradesh,DEORIA,1997,Kharif,Oilseeds total,3728,2570,0.689377682
Uttar Pradesh,DEORIA,1997,Kharif,Onion,317,3264,10.29652997
Uttar Pradesh,DEORIA,1997,Kharif,Rice,121281,234686,1.935059902
Uttar Pradesh,DEORIA,1997,Kharif,Sesamum,277,42,0.151624549
Uttar Pradesh,DEORIA,1997,Kharif,Small millets,217,185,0.852534562
Uttar Pradesh,DEORIA,1997,Kharif,Soyabean,1,1,1
Uttar Pradesh,DEORIA,1997,Kharif,Total foodgrain,277832,567198,2.041514296
Uttar Pradesh,DEORIA,1997,Kharif,Urad,29,12,0.413793103
Uttar Pradesh,DEORIA,1997,Rabi,Barley,1366,3419,2.502928258
Uttar Pradesh,DEORIA,1997,Rabi,Gram,795,536,0.674213836
Uttar Pradesh,DEORIA,1997,Rabi,Linseed,11,5,0.454545455
Uttar Pradesh,DEORIA,1997,Rabi,Masoor,951,927,0.974763407
Uttar Pradesh,DEORIA,1997,Rabi,Peas & beans (Pulses),2619,3402,1.298969072
Uttar Pradesh,DEORIA,1997,Rabi,Rapeseed &Mustard,1498,963,0.642857143
Uttar Pradesh,DEORIA,1997,Rabi,Sunflower,8,11,1.375
Uttar Pradesh,DEORIA,1997,Rabi,Wheat,130934,301647,2.303809553
Uttar Pradesh,DEORIA,1997,Summer,Maize,101,159,1.574257426
Uttar Pradesh,DEORIA,1997,Summer,Moong(Green Gram),454,193,0.425110132
Uttar Pradesh,DEORIA,1997,Summer,Rice,8,15,1.875
Uttar Pradesh,DEORIA,1997,Summer,Urad,19,9,0.473684211
Uttar Pradesh,DEORIA,1997,Whole Year,Potato,2284,19546,8.557793345
Uttar Pradesh,DEORIA,1997,Whole Year,Sugarcane,19218,1010021,52.55598918
Uttar Pradesh,DEORIA,1998,Kharif,Arhar/Tur,10982,6599,0.600892369
Uttar Pradesh,DEORIA,1998,Kharif,Bajra,542,860,1.586715867
Uttar Pradesh,DEORIA,1998,Kharif,Groundnut,2005,1662,0.828927681
Uttar Pradesh,DEORIA,1998,Kharif,Jowar,133,97,0.729323308
Uttar Pradesh,DEORIA,1998,Kharif,Maize,6094,2651,0.435018051
Uttar Pradesh,DEORIA,1998,Kharif,Moong(Green Gram),4,1,0.25
Uttar Pradesh,DEORIA,1998,Kharif,Ragi,22,28,1.272727273
Uttar Pradesh,DEORIA,1998,Kharif,Rice,120846,206791,1.711194413
Uttar Pradesh,DEORIA,1998,Kharif,Sesamum,312,38,0.121794872
Uttar Pradesh,DEORIA,1998,Kharif,Small millets,287,151,0.526132404
Uttar Pradesh,DEORIA,1998,Kharif,Soyabean,1,1,1
Uttar Pradesh,DEORIA,1998,Kharif,Urad,81,22,0.271604938
Uttar Pradesh,DEORIA,1998,Rabi,Barley,1537,3582,2.330513988
Uttar Pradesh,DEORIA,1998,Rabi,Gram,797,640,0.803011292
Uttar Pradesh,DEORIA,1998,Rabi,Linseed,4,1,0.25
Uttar Pradesh,DEORIA,1998,Rabi,Masoor,1326,920,0.693815988
Uttar Pradesh,DEORIA,1998,Rabi,Peas & beans (Pulses),2767,2922,1.056017347
Uttar Pradesh,DEORIA,1998,Rabi,Rapeseed &Mustard,2080,1417,0.68125
Uttar Pradesh,DEORIA,1998,Rabi,Sunflower,3,4,1.333333333
Uttar Pradesh,DEORIA,1998,Rabi,Wheat,137653,326272,2.370249831
Uttar Pradesh,DEORIA,1998,Summer,Maize,148,150,1.013513514
Uttar Pradesh,DEORIA,1998,Summer,Moong(Green Gram),419,181,0.431980907
Uttar Pradesh,DEORIA,1998,Summer,Urad,20,16,0.8
Uttar Pradesh,DEORIA,1998,Whole Year,Onion,268,3236,12.07462687
Uttar Pradesh,DEORIA,1998,Whole Year,Potato,2221,32678,14.71319226
Uttar Pradesh,DEORIA,1998,Whole Year,Sugarcane,18227,859512,47.1559774
Uttar Pradesh,DEORIA,1998,Whole Year,Turmeric,2,4,2
Uttar Pradesh,DEORIA,1999,Kharif,Arhar/Tur,10754,6899,0.641528733
Uttar Pradesh,DEORIA,1999,Kharif,Bajra,407,726,1.783783784
Uttar Pradesh,DEORIA,1999,Kharif,Groundnut,1918,2234,1.164754953
Uttar Pradesh,DEORIA,1999,Kharif,Jowar,104,135,1.298076923
Uttar Pradesh,DEORIA,1999,Kharif,Maize,5663,6246,1.102948967
Uttar Pradesh,DEORIA,1999,Kharif,Rice,123788,280524,2.266164733
Uttar Pradesh,DEORIA,1999,Kharif,Small millets,186,124,0.666666667
Uttar Pradesh,DEORIA,1999,Kharif,Urad,36,15,0.416666667
Uttar Pradesh,DEORIA,1999,Rabi,Barley,1380,3025,2.192028986
Uttar Pradesh,DEORIA,1999,Rabi,Gram,872,771,0.884174312
Uttar Pradesh,DEORIA,1999,Rabi,Maize,176,255,1.448863636
Uttar Pradesh,DEORIA,1999,Rabi,Ragi,5,9,1.8
Uttar Pradesh,DEORIA,1999,Rabi,Rapeseed &Mustard,1826,1552,0.849945235
Uttar Pradesh,DEORIA,1999,Rabi,Wheat,134676,359141,2.666703793
Uttar Pradesh,DEORIA,1999,Summer,Moong(Green Gram),301,222,0.737541528
Uttar Pradesh,DEORIA,1999,Summer,Urad,40,27,0.675
Uttar Pradesh,DEORIA,1999,Whole Year,Onion,323,4630,14.33436533
Uttar Pradesh,DEORIA,1999,Whole Year,Peas & beans (Pulses),2790,3834,1.374193548
Uttar Pradesh,DEORIA,1999,Whole Year,Potato,2231,29696,13.31062304
Uttar Pradesh,DEORIA,1999,Whole Year,Sugarcane,17436,831767,47.70400321
Uttar Pradesh,DEORIA,2000,Kharif,Arhar/Tur,10105,8103,0.801880257
Uttar Pradesh,DEORIA,2000,Kharif,Bajra,379,635,1.675461741
Uttar Pradesh,DEORIA,2000,Kharif,Groundnut,2025,2134,1.05382716
Uttar Pradesh,DEORIA,2000,Kharif,Jowar,74,93,1.256756757
Uttar Pradesh,DEORIA,2000,Kharif,Maize,5529,8061,1.457948996
Uttar Pradesh,DEORIA,2000,Kharif,Moong(Green Gram),6,2,0.333333333
Uttar Pradesh,DEORIA,2000,Kharif,Rice,123132,300532,2.440730273
Uttar Pradesh,DEORIA,2000,Kharif,Sesamum,252,40,0.158730159
Uttar Pradesh,DEORIA,2000,Kharif,Small millets,328,233,0.710365854
Uttar Pradesh,DEORIA,2000,Kharif,Urad,8,3,0.375
Uttar Pradesh,DEORIA,2000,Rabi,Barley,1535,1967,1.281433225
Uttar Pradesh,DEORIA,2000,Rabi,Gram,382,301,0.787958115
Uttar Pradesh,DEORIA,2000,Rabi,Linseed,1,0.1,0.1
Uttar Pradesh,DEORIA,2000,Rabi,Maize,95,154,1.621052632
Uttar Pradesh,DEORIA,2000,Rabi,Masoor,1413,1482,1.048832272
Uttar Pradesh,DEORIA,2000,Rabi,Moong(Green Gram),156,70,0.448717949
Uttar Pradesh,DEORIA,2000,Rabi,Peas & beans (Pulses),2685,3722,1.386219739
Uttar Pradesh,DEORIA,2000,Rabi,Rapeseed &Mustard,1816,1164,0.640969163
Uttar Pradesh,DEORIA,2000,Rabi,Urad,10,5,0.5
Uttar Pradesh,DEORIA,2000,Rabi,Wheat,139398,387008,2.776280865
Uttar Pradesh,DEORIA,2000,Summer,Rice,22,54,2.454545455
Uttar Pradesh,DEORIA,2000,Whole Year,Potato,2126,30079,14.14816557
Uttar Pradesh,DEORIA,2000,Whole Year,Sugarcane,14726,663907,45.08400109
Uttar Pradesh,DEORIA,2001,Kharif,Arhar/Tur,9183,5350,0.582598279
Uttar Pradesh,DEORIA,2001,Kharif,Bajra,244,343,1.405737705
Uttar Pradesh,DEORIA,2001,Kharif,Groundnut,1931,2059,1.066286898
Uttar Pradesh,DEORIA,2001,Kharif,Jowar,86,115,1.337209302
Uttar Pradesh,DEORIA,2001,Kharif,Maize,5330,4051,0.760037523
Uttar Pradesh,DEORIA,2001,Kharif,Rice,126977,247386,1.948274097
Uttar Pradesh,DEORIA,2001,Kharif,Sesamum,261,65,0.249042146
Uttar Pradesh,DEORIA,2001,Kharif,Small millets,185,157,0.848648649
Uttar Pradesh,DEORIA,2001,Kharif,Soyabean,6,4,0.666666667
Uttar Pradesh,DEORIA,2001,Kharif,Sunflower,3,6,2
Uttar Pradesh,DEORIA,2001,Kharif,Urad,6,2,0.333333333
Uttar Pradesh,DEORIA,2001,Rabi,Barley,1400,3079,2.199285714
Uttar Pradesh,DEORIA,2001,Rabi,Gram,408,363,0.889705882
Uttar Pradesh,DEORIA,2001,Rabi,Linseed,1,0.1,0.1
Uttar Pradesh,DEORIA,2001,Rabi,Maize,105,171,1.628571429
Uttar Pradesh,DEORIA,2001,Rabi,Masoor,1266,942,0.744075829
Uttar Pradesh,DEORIA,2001,Rabi,Peas & beans (Pulses),2788,3371,1.209110473
Uttar Pradesh,DEORIA,2001,Rabi,Rapeseed &Mustard,1980,1303,0.658080808
Uttar Pradesh,DEORIA,2001,Rabi,Urad,9,4,0.444444444
Uttar Pradesh,DEORIA,2001,Rabi,Wheat,142765,374727,2.624781984
Uttar Pradesh,DEORIA,2001,Whole Year,Potato,2049,28102,13.71498292
Uttar Pradesh,DEORIA,2001,Whole Year,Sugarcane,12708,684148,53.83600881
Uttar Pradesh,DEORIA,2001,Whole Year,Turmeric,3,5,1.666666667
Uttar Pradesh,DEORIA,2002,Kharif,Bajra,278,417,1.5
Uttar Pradesh,DEORIA,2002,Kharif,Groundnut,2157,1963,0.910060269
Uttar Pradesh,DEORIA,2002,Kharif,Jowar,65,88,1.353846154
Uttar Pradesh,DEORIA,2002,Kharif,Maize,5522,5461,0.988953278
Uttar Pradesh,DEORIA,2002,Kharif,Moong(Green Gram),4,1,0.25
Uttar Pradesh,DEORIA,2002,Kharif,Moth,8,3,0.375
Uttar Pradesh,DEORIA,2002,Kharif,Rice,128478,223404,1.738850231
Uttar Pradesh,DEORIA,2002,Kharif,Sesamum,118,19,0.161016949
Uttar Pradesh,DEORIA,2002,Kharif,Small millets,157,99,0.630573248
Uttar Pradesh,DEORIA,2002,Kharif,Sunflower,1,1,1
Uttar Pradesh,DEORIA,2002,Kharif,Urad,2,1,0.5
Uttar Pradesh,DEORIA,2002,Rabi,Barley,1194,1834,1.5360134
Uttar Pradesh,DEORIA,2002,Rabi,Gram,307,254,0.827361564
Uttar Pradesh,DEORIA,2002,Rabi,Linseed,9,4,0.444444444
Uttar Pradesh,DEORIA,2002,Rabi,Maize,124,137,1.10483871
Uttar Pradesh,DEORIA,2002,Rabi,Masoor,967,576,0.59565667
Uttar Pradesh,DEORIA,2002,Rabi,Onion,6,62,10.33333333
Uttar Pradesh,DEORIA,2002,Rabi,Peas & beans (Pulses),2332,2866,1.228987993
Uttar Pradesh,DEORIA,2002,Rabi,Ragi,9,13,1.444444444
Uttar Pradesh,DEORIA,2002,Rabi,Rapeseed &Mustard,1569,945,0.602294455
Uttar Pradesh,DEORIA,2002,Rabi,Wheat,141432,307774,2.176127043
Uttar Pradesh,DEORIA,2002,Summer,Moong(Green Gram),120,70,0.583333333
Uttar Pradesh,DEORIA,2002,Summer,Onion,269,3007,11.17843866
Uttar Pradesh,DEORIA,2002,Summer,Urad,6,3,0.5
Uttar Pradesh,DEORIA,2002,Whole Year,Potato,2097,48648,23.19885551
Uttar Pradesh,DEORIA,2002,Whole Year,Sannhamp,1,,
Uttar Pradesh,DEORIA,2002,Whole Year,Sugarcane,13696,674446,49.24401285
Uttar Pradesh,DEORIA,2002,Whole Year,Turmeric,5,9,1.8
Uttar Pradesh,DEORIA,2003,Kharif,Arhar/Tur,7887,3612,0.457968809
Uttar Pradesh,DEORIA,2003,Kharif,Bajra,352,521,1.480113636
Uttar Pradesh,DEORIA,2003,Kharif,Groundnut,2643,3079,1.164964056
Uttar Pradesh,DEORIA,2003,Kharif,Jowar,91,126,1.384615385
Uttar Pradesh,DEORIA,2003,Kharif,Maize,6151,3832,0.622988132
Uttar Pradesh,DEORIA,2003,Kharif,Moong(Green Gram),4,1,0.25
Uttar Pradesh,DEORIA,2003,Kharif,Rice,130793,281680,2.153632075
Uttar Pradesh,DEORIA,2003,Kharif,Sesamum,133,17,0.127819549
Uttar Pradesh,DEORIA,2003,Kharif,Sunflower,2,3,1.5
Uttar Pradesh,DEORIA,2003,Kharif,Urad,5,1,0.2
Uttar Pradesh,DEORIA,2003,Rabi,Barley,1100,2051,1.864545455
Uttar Pradesh,DEORIA,2003,Rabi,Gram,297,273,0.919191919
Uttar Pradesh,DEORIA,2003,Rabi,Linseed,1,1,1
Uttar Pradesh,DEORIA,2003,Rabi,Maize,1450,1982,1.366896552
Uttar Pradesh,DEORIA,2003,Rabi,Masoor,872,648,0.743119266
Uttar Pradesh,DEORIA,2003,Rabi,Onion,24,344,14.33333333
Uttar Pradesh,DEORIA,2003,Rabi,Peas & beans (Pulses),2453,3366,1.372197309
Uttar Pradesh,DEORIA,2003,Rabi,Ragi,23,34,1.47826087
Uttar Pradesh,DEORIA,2003,Rabi,Rapeseed &Mustard,1805,1495,0.828254848
Uttar Pradesh,DEORIA,2003,Rabi,Wheat,147656,378573,2.563884976
Uttar Pradesh,DEORIA,2003,Summer,Maize,173,237,1.369942197
Uttar Pradesh,DEORIA,2003,Summer,Moong(Green Gram),160,85,0.53125
Uttar Pradesh,DEORIA,2003,Summer,Onion,226,2301,10.18141593
Uttar Pradesh,DEORIA,2003,Summer,Rice,23,50,2.173913043
Uttar Pradesh,DEORIA,2003,Summer,Urad,7,3,0.428571429
Uttar Pradesh,DEORIA,2003,Whole Year,Potato,2200,35767,16.25772727
Uttar Pradesh,DEORIA,2003,Whole Year,Sannhamp,3,1,0.333333333
Uttar Pradesh,DEORIA,2003,Whole Year,Sugarcane,12992,575961,44.33197352
Uttar Pradesh,DEORIA,2003,Whole Year,Turmeric,11,20,1.818181818
Uttar Pradesh,DEORIA,2004,Kharif,Bajra,314,543,1.729299363
Uttar Pradesh,DEORIA,2004,Kharif,Groundnut,2895,1867,0.644905009
Uttar Pradesh,DEORIA,2004,Kharif,Jowar,46,54,1.173913043
Uttar Pradesh,DEORIA,2004,Kharif,Maize,6564,6735,1.026051188
Uttar Pradesh,DEORIA,2004,Kharif,Rice,130539,213166,1.632967925
Uttar Pradesh,DEORIA,2004,Kharif,Sesamum,108,17,0.157407407
Uttar Pradesh,DEORIA,2004,Kharif,Small millets,46,15,0.326086957
Uttar Pradesh,DEORIA,2004,Kharif,Sugarcane,11072,545540,49.27203757
Uttar Pradesh,DEORIA,2004,Rabi,Barley,662,1277,1.929003021
Uttar Pradesh,DEORIA,2004,Rabi,Gram,130,111,0.853846154
Uttar Pradesh,DEORIA,2004,Rabi,Linseed,7,3,0.428571429
Uttar Pradesh,DEORIA,2004,Rabi,Maize,1395,4371,3.133333333
Uttar Pradesh,DEORIA,2004,Rabi,Potato,1688,26969,15.97689573
Uttar Pradesh,DEORIA,2004,Rabi,Rapeseed &Mustard,1574,1071,0.68043202
Uttar Pradesh,DEORIA,2004,Rabi,Turmeric,10,17,1.7
Uttar Pradesh,DEORIA,2004,Rabi,Wheat,147932,350355,2.368351675
Uttar Pradesh,DEORIA,2004,Whole Year,Dry chillies,8,8,1
Uttar Pradesh,DEORIA,2004,Whole Year,Guar seed,2,2,1
Uttar Pradesh,DEORIA,2004,Whole Year,Onion,189,2281,12.06878307
Uttar Pradesh,DEORIA,2004,Whole Year,Sweet potato,16,186,11.625
Uttar Pradesh,DEORIA,2005,Kharif,Bajra,488,766,1.569672131
Uttar Pradesh,DEORIA,2005,Kharif,Jowar,83,107,1.289156627
Uttar Pradesh,DEORIA,2005,Kharif,Maize,6167,10872,1.762931733
Uttar Pradesh,DEORIA,2005,Kharif,Rice,130793,237128,1.813002225
Uttar Pradesh,DEORIA,2005,Kharif,Sesamum,191,34,0.178010471
Uttar Pradesh,DEORIA,2005,Kharif,Small millets,169,129,0.763313609
Uttar Pradesh,DEORIA,2005,Kharif,Sugarcane,11454,627496,54.78400559
Uttar Pradesh,DEORIA,2005,Rabi,Barley,1210,1250,1.033057851
Uttar Pradesh,DEORIA,2005,Rabi,Gram,142,125,0.88028169
Uttar Pradesh,DEORIA,2005,Rabi,Potato,2043,45829,22.43220754
Uttar Pradesh,DEORIA,2005,Rabi,Rapeseed &Mustard,736,467,0.63451087
Uttar Pradesh,DEORIA,2005,Rabi,Turmeric,6,27,4.5
Uttar Pradesh,DEORIA,2005,Rabi,Wheat,151399,330807,2.185001222
Uttar Pradesh,DEORIA,2005,Whole Year,Coriander,2,1,0.5
Uttar Pradesh,DEORIA,2005,Whole Year,Dry chillies,5,5,1
Uttar Pradesh,DEORIA,2005,Whole Year,Garlic,8,34,4.25
Uttar Pradesh,DEORIA,2005,Whole Year,Onion,95,1221,12.85263158
Uttar Pradesh,DEORIA,2005,Whole Year,Sweet potato,32,418,13.0625
Uttar Pradesh,DEORIA,2006,Kharif,Arhar/Tur,3736,2030,0.543361884
Uttar Pradesh,DEORIA,2006,Kharif,Bajra,468,755,1.613247863
Uttar Pradesh,DEORIA,2006,Kharif,Dry ginger,6,19,3.166666667
Uttar Pradesh,DEORIA,2006,Kharif,Groundnut,3304,3073,0.930084746
Uttar Pradesh,DEORIA,2006,Kharif,Jowar,70,88,1.257142857
Uttar Pradesh,DEORIA,2006,Kharif,Maize,8997,12128,1.348004891
Uttar Pradesh,DEORIA,2006,Kharif,Other Kharif pulses,208,112,0.538461538
Uttar Pradesh,DEORIA,2006,Kharif,Rice,121228,207785,1.714001716
Uttar Pradesh,DEORIA,2006,Kharif,Sesamum,242,41,0.169421488
Uttar Pradesh,DEORIA,2006,Kharif,Small millets,52,31,0.596153846
Uttar Pradesh,DEORIA,2006,Kharif,Sugarcane,18002,871225,48.39601155
Uttar Pradesh,DEORIA,2006,Kharif,Sweet potato,50,682,13.64
Uttar Pradesh,DEORIA,2006,Rabi,Barley,2108,4102,1.945920304
Uttar Pradesh,DEORIA,2006,Rabi,Garlic,25,110,4.4
Uttar Pradesh,DEORIA,2006,Rabi,Gram,164,116,0.707317073
Uttar Pradesh,DEORIA,2006,Rabi,Maize,1443,3371,2.336105336
Uttar Pradesh,DEORIA,2006,Rabi,Masoor,645,396,0.613953488
Uttar Pradesh,DEORIA,2006,Rabi,Onion,5,96,19.2
Uttar Pradesh,DEORIA,2006,Rabi,Other  Rabi pulses,1626,1572,0.966789668
Uttar Pradesh,DEORIA,2006,Rabi,Potato,1601,29506,18.42973142
Uttar Pradesh,DEORIA,2006,Rabi,Rapeseed &Mustard,1625,1015,0.624615385
Uttar Pradesh,DEORIA,2006,Rabi,Turmeric,16,54,3.375
Uttar Pradesh,DEORIA,2006,Rabi,Wheat,126116,316501,2.509602271
Uttar Pradesh,DEORIA,2006,Summer,Maize,221,293,1.325791855
Uttar Pradesh,DEORIA,2006,Summer,Onion,81,943,11.64197531
Uttar Pradesh,DEORIA,2006,Whole Year,Coriander,2,1,0.5
Uttar Pradesh,DEORIA,2006,Whole Year,Dry chillies,4,4,1
Uttar Pradesh,DEORIA,2006,Whole Year,Guar seed,6,5,0.833333333
Uttar Pradesh,DEORIA,2007,Kharif,Arhar/Tur,6370,3808,0.597802198
Uttar Pradesh,DEORIA,2007,Kharif,Bajra,454,708,1.559471366
Uttar Pradesh,DEORIA,2007,Kharif,Dry chillies,5,5,1
Uttar Pradesh,DEORIA,2007,Kharif,Groundnut,2669,2031,0.760959161
Uttar Pradesh,DEORIA,2007,Kharif,Guar seed,2,2,1
Uttar Pradesh,DEORIA,2007,Kharif,Jowar,32,26,0.8125
Uttar Pradesh,DEORIA,2007,Kharif,Maize,5109,1768,0.34605598
Uttar Pradesh,DEORIA,2007,Kharif,Moong(Green Gram),3,1,0.333333333
Uttar Pradesh,DEORIA,2007,Kharif,Rice,129723,255814,1.972001881
Uttar Pradesh,DEORIA,2007,Kharif,Sesamum,58,9,0.155172414
Uttar Pradesh,DEORIA,2007,Kharif,Sugarcane,10875,546012,50.208
Uttar Pradesh,DEORIA,2007,Kharif,Sweet potato,30,404,13.46666667
Uttar Pradesh,DEORIA,2007,Rabi,Barley,632,1495,2.365506329
Uttar Pradesh,DEORIA,2007,Rabi,Coriander,2,1,0.5
Uttar Pradesh,DEORIA,2007,Rabi,Gram,119,85,0.714285714
Uttar Pradesh,DEORIA,2007,Rabi,Linseed,2,1,0.5
Uttar Pradesh,DEORIA,2007,Rabi,Maize,853,2332,2.733880422
Uttar Pradesh,DEORIA,2007,Rabi,Masoor,550,456,0.829090909
Uttar Pradesh,DEORIA,2007,Rabi,Onion,23,321,13.95652174
Uttar Pradesh,DEORIA,2007,Rabi,Other  Rabi pulses,2006,1882,0.938185444
Uttar Pradesh,DEORIA,2007,Rabi,Potato,2094,46018,21.97612225
Uttar Pradesh,DEORIA,2007,Rabi,Rapeseed &Mustard,1846,1341,0.726435536
Uttar Pradesh,DEORIA,2007,Rabi,Turmeric,1,3,3
Uttar Pradesh,DEORIA,2007,Rabi,Wheat,146212,402668,2.75400104
Uttar Pradesh,DEORIA,2007,Summer,Maize,171,246,1.438596491
Uttar Pradesh,DEORIA,2007,Summer,Moong(Green Gram),73,46,0.630136986
Uttar Pradesh,DEORIA,2007,Summer,Onion,183,2471,13.50273224
Uttar Pradesh,DEORIA,2008,Kharif,Arhar/Tur,5837,3822,0.654788419
Uttar Pradesh,DEORIA,2008,Kharif,Bajra,113,195,1.725663717
Uttar Pradesh,DEORIA,2008,Kharif,Dry chillies,5,5,1
Uttar Pradesh,DEORIA,2008,Kharif,Groundnut,1124,685,0.609430605
Uttar Pradesh,DEORIA,2008,Kharif,Guar seed,3,3,1
Uttar Pradesh,DEORIA,2008,Kharif,Jowar,38,46,1.210526316
Uttar Pradesh,DEORIA,2008,Kharif,Maize,4710,3664,0.777919321
Uttar Pradesh,DEORIA,2008,Kharif,Rice,129385,278695,2.153997759
Uttar Pradesh,DEORIA,2008,Kharif,Sesamum,105,17,0.161904762
Uttar Pradesh,DEORIA,2008,Kharif,Sugarcane,9405,417883,44.43200425
Uttar Pradesh,DEORIA,2008,Kharif,Sweet potato,30,368,12.26666667
Uttar Pradesh,DEORIA,2008,Rabi,Barley,693,1621,2.339105339
Uttar Pradesh,DEORIA,2008,Rabi,Coriander,1,1,1
Uttar Pradesh,DEORIA,2008,Rabi,Garlic,8,47,5.875
Uttar Pradesh,DEORIA,2008,Rabi,Gram,137,130,0.948905109
Uttar Pradesh,DEORIA,2008,Rabi,Maize,1057,2774,2.624408704
Uttar Pradesh,DEORIA,2008,Rabi,Masoor,1151,802,0.696785404
Uttar Pradesh,DEORIA,2008,Rabi,Onion,33,387,11.72727273
Uttar Pradesh,DEORIA,2008,Rabi,Peas & beans (Pulses),1910,2305,1.206806283
Uttar Pradesh,DEORIA,2008,Rabi,Potato,1726,19307,11.18597914
Uttar Pradesh,DEORIA,2008,Rabi,Rapeseed &Mustard,1824,1138,0.623903509
Uttar Pradesh,DEORIA,2008,Rabi,Wheat,152129,413334,2.716996759
Uttar Pradesh,DEORIA,2008,Summer,Maize,309,462,1.495145631
Uttar Pradesh,DEORIA,2008,Summer,Moong(Green Gram),95,71,0.747368421
Uttar Pradesh,DEORIA,2008,Summer,Rice,87,187,2.149425287
Uttar Pradesh,DEORIA,2008,Summer,Urad,7,4,0.571428571
Uttar Pradesh,DEORIA,2009,Kharif,Arhar/Tur,3791,2451,0.646531258
Uttar Pradesh,DEORIA,2009,Kharif,Bajra,239,408,1.707112971
Uttar Pradesh,DEORIA,2009,Kharif,Dry chillies,5,4,0.8
Uttar Pradesh,DEORIA,2009,Kharif,Groundnut,2122,1430,0.673892554
Uttar Pradesh,DEORIA,2009,Kharif,Guar seed,5,4,0.8
Uttar Pradesh,DEORIA,2009,Kharif,Jowar,85,86,1.011764706
Uttar Pradesh,DEORIA,2009,Kharif,Maize,3379,3372,0.997928381
Uttar Pradesh,DEORIA,2009,Kharif,Rice,118768,169244,1.424996632
Uttar Pradesh,DEORIA,2009,Kharif,Sesamum,20,2,0.1
Uttar Pradesh,DEORIA,2009,Kharif,Small millets,16,7,0.4375
Uttar Pradesh,DEORIA,2009,Kharif,Sugarcane,9257,414084,44.7319866
Uttar Pradesh,DEORIA,2009,Kharif,Sweet potato,32,435,13.59375
Uttar Pradesh,DEORIA,2009,Kharif,Urad,31,12,0.387096774
Uttar Pradesh,DEORIA,2009,Rabi,Barley,672,1547,2.302083333
Uttar Pradesh,DEORIA,2009,Rabi,Coriander,1,1,1
Uttar Pradesh,DEORIA,2009,Rabi,Garlic,10,53,5.3
Uttar Pradesh,DEORIA,2009,Rabi,Gram,129,98,0.759689922
Uttar Pradesh,DEORIA,2009,Rabi,Maize,1206,3684,3.054726368
Uttar Pradesh,DEORIA,2009,Rabi,Masoor,335,252,0.752238806
Uttar Pradesh,DEORIA,2009,Rabi,Onion,34,584,17.17647059
Uttar Pradesh,DEORIA,2009,Rabi,Peas & beans (Pulses),2078,2667,1.283445621
Uttar Pradesh,DEORIA,2009,Rabi,Potato,2501,62190,24.86605358
Uttar Pradesh,DEORIA,2009,Rabi,Rapeseed &Mustard,1696,1275,0.751768868
Uttar Pradesh,DEORIA,2009,Rabi,Turmeric,4,13,3.25
Uttar Pradesh,DEORIA,2009,Rabi,Wheat,147477,374592,2.540002848
Uttar Pradesh,DEORIA,2009,Summer,Banana,5,206,41.2
Uttar Pradesh,DEORIA,2009,Summer,Maize,231,336,1.454545455
Uttar Pradesh,DEORIA,2009,Summer,Moong(Green Gram),83,60,0.722891566
Uttar Pradesh,DEORIA,2009,Summer,Onion,39,542,13.8974359
Uttar Pradesh,DEORIA,2009,Summer,Rice,19,27,1.421052632
Uttar Pradesh,DEORIA,2009,Summer,Urad,1,1,1
Uttar Pradesh,DEORIA,2010,Kharif,Arhar/Tur,4856,3555,0.73208402
Uttar Pradesh,DEORIA,2010,Kharif,Bajra,286,490,1.713286713
Uttar Pradesh,DEORIA,2010,Kharif,Dry chillies,5,4,0.8
Uttar Pradesh,DEORIA,2010,Kharif,Dry ginger,1,3,3
Uttar Pradesh,DEORIA,2010,Kharif,Groundnut,2071,2539,1.225977789
Uttar Pradesh,DEORIA,2010,Kharif,Guar seed,3,3,1
Uttar Pradesh,DEORIA,2010,Kharif,Jowar,31,34,1.096774194
Uttar Pradesh,DEORIA,2010,Kharif,Maize,5401,6940,1.284947232
Uttar Pradesh,DEORIA,2010,Kharif,Moong(Green Gram),1,,
Uttar Pradesh,DEORIA,2010,Kharif,Rice,128344,256303,1.997000249
Uttar Pradesh,DEORIA,2010,Kharif,Sesamum,80,16,0.2
Uttar Pradesh,DEORIA,2010,Kharif,Sugarcane,10156,472132,46.4879874
Uttar Pradesh,DEORIA,2010,Kharif,Sweet potato,35,431,12.31428571
Uttar Pradesh,DEORIA,2010,Kharif,Urad,4,3,0.75
Uttar Pradesh,DEORIA,2010,Rabi,Barley,575,1521,2.645217391
Uttar Pradesh,DEORIA,2010,Rabi,Gram,176,162,0.920454545
Uttar Pradesh,DEORIA,2010,Rabi,Maize,973,2923,3.004110997
Uttar Pradesh,DEORIA,2010,Rabi,Masoor,439,340,0.774487472
Uttar Pradesh,DEORIA,2010,Rabi,Onion,29,534,18.4137931
Uttar Pradesh,DEORIA,2010,Rabi,Peas & beans (Pulses),1977,2303,1.164896308
Uttar Pradesh,DEORIA,2010,Rabi,Potato,2096,37529,17.90505725
Uttar Pradesh,DEORIA,2010,Rabi,Rapeseed &Mustard,1745,1351,0.774212034
Uttar Pradesh,DEORIA,2010,Rabi,Turmeric,1,3,3
Uttar Pradesh,DEORIA,2010,Rabi,Wheat,148681,440839,2.96499889
Uttar Pradesh,DEORIA,2010,Summer,Maize,215,315,1.465116279
Uttar Pradesh,DEORIA,2010,Summer,Moong(Green Gram),83,74,0.891566265
Uttar Pradesh,DEORIA,2010,Summer,Rice,21,42,2
Uttar Pradesh,DEORIA,2010,Summer,Urad,3,2,0.666666667
Uttar Pradesh,DEORIA,2011,Kharif,Arhar/Tur,4753,4909,1.032821376
Uttar Pradesh,DEORIA,2011,Kharif,Bajra,156,318,2.038461538
Uttar Pradesh,DEORIA,2011,Kharif,Dry chillies,5,4,0.8
Uttar Pradesh,DEORIA,2011,Kharif,Dry ginger,2,6,3
Uttar Pradesh,DEORIA,2011,Kharif,Groundnut,1915,2059,1.075195822
Uttar Pradesh,DEORIA,2011,Kharif,Guar seed,10,8,0.8
Uttar Pradesh,DEORIA,2011,Kharif,Jowar,86,74,0.860465116
Uttar Pradesh,DEORIA,2011,Kharif,Maize,5374,10130,1.885001861
Uttar Pradesh,DEORIA,2011,Kharif,Moong(Green Gram),6,3,0.5
Uttar Pradesh,DEORIA,2011,Kharif,Rice,130611,287736,2.202999747
Uttar Pradesh,DEORIA,2011,Kharif,Sesamum,81,18,0.222222222
Uttar Pradesh,DEORIA,2011,Kharif,Small millets,1,1,1
Uttar Pradesh,DEORIA,2011,Kharif,Sugarcane,8926,451370,50.56800359
Uttar Pradesh,DEORIA,2011,Kharif,Sweet potato,35,454,12.97142857
Uttar Pradesh,DEORIA,2011,Kharif,Urad,10,7,0.7
Uttar Pradesh,DEORIA,2011,Rabi,Barley,505,1385,2.742574257
Uttar Pradesh,DEORIA,2011,Rabi,Coriander,1,1,1
Uttar Pradesh,DEORIA,2011,Rabi,Garlic,7,36,5.142857143
Uttar Pradesh,DEORIA,2011,Rabi,Gram,126,136,1.079365079
Uttar Pradesh,DEORIA,2011,Rabi,Linseed,3,1,0.333333333
Uttar Pradesh,DEORIA,2011,Rabi,Maize,878,2356,2.683371298
Uttar Pradesh,DEORIA,2011,Rabi,Masoor,456,297,0.651315789
Uttar Pradesh,DEORIA,2011,Rabi,Onion,23,526,22.86956522
Uttar Pradesh,DEORIA,2011,Rabi,Peas & beans (Pulses),1712,1852,1.081775701
Uttar Pradesh,DEORIA,2011,Rabi,Potato,1645,25561,15.53860182
Uttar Pradesh,DEORIA,2011,Rabi,Rapeseed &Mustard,1739,1220,0.701552616
Uttar Pradesh,DEORIA,2011,Rabi,Turmeric,2,6,3
Uttar Pradesh,DEORIA,2011,Rabi,Wheat,148224,456975,3.083002753
Uttar Pradesh,DEORIA,2011,Summer,Maize,217,359,1.65437788
Uttar Pradesh,DEORIA,2011,Summer,Moong(Green Gram),108,91,0.842592593
Uttar Pradesh,DEORIA,2011,Summer,Onion,109,1181,10.83486239
Uttar Pradesh,DEORIA,2011,Summer,Rice,22,48,2.181818182
Uttar Pradesh,DEORIA,2011,Summer,Urad,3,2,0.666666667
Uttar Pradesh,DEORIA,2012,Kharif,Arhar/Tur,4824,3246,0.672885572
Uttar Pradesh,DEORIA,2012,Kharif,Bajra,50,104,2.08
Uttar Pradesh,DEORIA,2012,Kharif,Groundnut,1758,2811,1.598976109
Uttar Pradesh,DEORIA,2012,Kharif,Guar seed,5,4,0.8
Uttar Pradesh,DEORIA,2012,Kharif,Jowar,27,41,1.518518519
Uttar Pradesh,DEORIA,2012,Kharif,Maize,5413,12250,2.263070386
Uttar Pradesh,DEORIA,2012,Kharif,Rice,132142,295337,2.2349972
Uttar Pradesh,DEORIA,2012,Kharif,Sesamum,93,17,0.182795699
Uttar Pradesh,DEORIA,2012,Kharif,Small millets,13,14,1.076923077
Uttar Pradesh,DEORIA,2012,Kharif,Sugarcane,9315,552193,59.27997853
Uttar Pradesh,DEORIA,2012,Kharif,Sweet potato,36,466,12.94444444
Uttar Pradesh,DEORIA,2012,Kharif,Urad,9,6,0.666666667
Uttar Pradesh,DEORIA,2012,Rabi,Barley,435,1197,2.751724138
Uttar Pradesh,DEORIA,2012,Rabi,Garlic,5,26,5.2
Uttar Pradesh,DEORIA,2012,Rabi,Gram,98,93,0.948979592
Uttar Pradesh,DEORIA,2012,Rabi,Maize,794,2486,3.130982368
Uttar Pradesh,DEORIA,2012,Rabi,Masoor,299,226,0.755852843
Uttar Pradesh,DEORIA,2012,Rabi,Onion,18,414,23
Uttar Pradesh,DEORIA,2012,Rabi,Peas & beans (Pulses),1565,1626,1.038977636
Uttar Pradesh,DEORIA,2012,Rabi,Potato,1649,22176,13.44815039
Uttar Pradesh,DEORIA,2012,Rabi,Rapeseed &Mustard,1865,1239,0.664343164
Uttar Pradesh,DEORIA,2012,Rabi,Turmeric,1,3,3
Uttar Pradesh,DEORIA,2012,Rabi,Wheat,155756,483934,3.107000693
Uttar Pradesh,DEORIA,2012,Summer,Maize,201,371,1.845771144
Uttar Pradesh,DEORIA,2012,Summer,Moong(Green Gram),85,69,0.811764706
Uttar Pradesh,DEORIA,2012,Summer,Onion,135,1469,10.88148148
Uttar Pradesh,DEORIA,2012,Summer,Rice,23,51,2.217391304
Uttar Pradesh,DEORIA,2012,Summer,Urad,4,3,0.75
Uttar Pradesh,DEORIA,2013,Kharif,Arhar/Tur,5470,5050,0.92321755
Uttar Pradesh,DEORIA,2013,Kharif,Bajra,213,440,2.0657277
Uttar Pradesh,DEORIA,2013,Kharif,Groundnut,1917,2916,1.521126761
Uttar Pradesh,DEORIA,2013,Kharif,Jowar,63,81,1.285714286
Uttar Pradesh,DEORIA,2013,Kharif,Maize,5111,10754,2.104089219
Uttar Pradesh,DEORIA,2013,Kharif,Rice,135616,333480,2.459001888
Uttar Pradesh,DEORIA,2013,Kharif,Sesamum,88,13,0.147727273
Uttar Pradesh,DEORIA,2013,Kharif,Sugarcane,9768,552673,56.57995495
Uttar Pradesh,DEORIA,2013,Kharif,Sweet potato,18,238,13.22222222
Uttar Pradesh,DEORIA,2013,Kharif,Urad,9,4,0.444444444
Uttar Pradesh,DEORIA,2013,Rabi,Barley,439,1336,3.043280182
Uttar Pradesh,DEORIA,2013,Rabi,Coriander,2,1,0.5
Uttar Pradesh,DEORIA,2013,Rabi,Garlic,6,35,5.833333333
Uttar Pradesh,DEORIA,2013,Rabi,Gram,429,281,0.655011655
Uttar Pradesh,DEORIA,2013,Rabi,Maize,1874,6658,3.552828175
Uttar Pradesh,DEORIA,2013,Rabi,Masoor,1490,1091,0.732214765
Uttar Pradesh,DEORIA,2013,Rabi,Onion,29,590,20.34482759
Uttar Pradesh,DEORIA,2013,Rabi,Peas & beans (Pulses),1506,877,0.582337317
Uttar Pradesh,DEORIA,2013,Rabi,Potato,1607,30029,18.68637212
Uttar Pradesh,DEORIA,2013,Rabi,Rapeseed &Mustard,1583,1127,0.711939356
Uttar Pradesh,DEORIA,2013,Rabi,Turmeric,1,3,3
Uttar Pradesh,DEORIA,2013,Rabi,Wheat,156285,472628,3.024141792
Uttar Pradesh,DEORIA,2013,Summer,Maize,379,696,1.836411609
Uttar Pradesh,DEORIA,2013,Summer,Moong(Green Gram),75,50,0.666666667
Uttar Pradesh,DEORIA,2013,Summer,Onion,168,2261,13.45833333
Uttar Pradesh,DEORIA,2013,Summer,Rice,14,34,2.428571429
Uttar Pradesh,DEORIA,2013,Summer,Urad,2,1,0.5
Uttar Pradesh,DEORIA,2014,Kharif,Arhar/Tur,5010,1815,0.362275449
Uttar Pradesh,DEORIA,2014,Kharif,Bajra,164,315,1.920731707
Uttar Pradesh,DEORIA,2014,Kharif,Groundnut,1914,2237,1.168756531
Uttar Pradesh,DEORIA,2014,Kharif,Guar seed,10,8,0.8
Uttar Pradesh,DEORIA,2014,Kharif,Jowar,44,49,1.113636364
Uttar Pradesh,DEORIA,2014,Kharif,Maize,5314,11053,2.079977418
Uttar Pradesh,DEORIA,2014,Kharif,Moong(Green Gram),1,,
Uttar Pradesh,DEORIA,2014,Kharif,Rice,132892,266980,2.008999789
Uttar Pradesh,DEORIA,2014,Kharif,Sesamum,57,11,0.192982456
Uttar Pradesh,DEORIA,2014,Kharif,Sugarcane,8996,567792,63.11605158
Uttar Pradesh,DEORIA,2014,Kharif,Sweet potato,17,211,12.41176471
Uttar Pradesh,DEORIA,2014,Kharif,Urad,11,6,0.545454545
Uttar Pradesh,DEORIA,2014,Rabi,Barley,385,701,1.820779221
Uttar Pradesh,DEORIA,2014,Rabi,Garlic,14,81,5.785714286
Uttar Pradesh,DEORIA,2014,Rabi,Gram,107,39,0.364485981
Uttar Pradesh,DEORIA,2014,Rabi,Linseed,3,2,0.666666667
Uttar Pradesh,DEORIA,2014,Rabi,Maize,1626,5894,3.624846248
Uttar Pradesh,DEORIA,2014,Rabi,Masoor,444,188,0.423423423
Uttar Pradesh,DEORIA,2014,Rabi,Onion,16,245,15.3125
Uttar Pradesh,DEORIA,2014,Rabi,Peas & beans (Pulses),1499,727,0.484989993
Uttar Pradesh,DEORIA,2014,Rabi,Potato,1547,21741,14.05365223
Uttar Pradesh,DEORIA,2014,Rabi,Rapeseed &Mustard,1802,813,0.451165372
Uttar Pradesh,DEORIA,2014,Rabi,Turmeric,2,6,3
Uttar Pradesh,DEORIA,2014,Rabi,Wheat,155105,291133,1.877005899
Uttar Pradesh,DEORIA,2014,Summer,Maize,419,745,1.778042959
Uttar Pradesh,DEORIA,2014,Summer,Moong(Green Gram),110,74,0.672727273
Uttar Pradesh,DEORIA,2014,Summer,Onion,163,1364,8.36809816
Uttar Pradesh,DEORIA,2014,Summer,Rice,14,28,2
Uttar Pradesh,DEORIA,2014,Summer,Urad,7,4,0.571428571
Uttar Pradesh,ETAH,1997,Kharif,Arhar/Tur,7316,4846,0.662383816
Uttar Pradesh,ETAH,1997,Kharif,Bajra,76051,125615,1.651720556
Uttar Pradesh,ETAH,1997,Kharif,Groundnut,351,281,0.800569801
Uttar Pradesh,ETAH,1997,Kharif,Jowar,538,301,0.559479554
Uttar Pradesh,ETAH,1997,Kharif,Maize,59793,110557,1.848995702
Uttar Pradesh,ETAH,1997,Kharif,Moong(Green Gram),79,23,0.291139241
Uttar Pradesh,ETAH,1997,Kharif,Moth,39,21,0.538461538
Uttar Pradesh,ETAH,1997,Kharif,Oilseeds total,29111,22159,0.761189928
Uttar Pradesh,ETAH,1997,Kharif,Onion,723,7148,9.886583679
Uttar Pradesh,ETAH,1997,Kharif,Rice,38760,71267,1.838673891
Uttar Pradesh,ETAH,1997,Kharif,Sesamum,689,160,0.23222061
Uttar Pradesh,ETAH,1997,Kharif,Total foodgrain,435925,966515,2.217158915
Uttar Pradesh,ETAH,1997,Kharif,Urad,797,422,0.529485571
Uttar Pradesh,ETAH,1997,Rabi,Barley,16574,41843,2.52461687
Uttar Pradesh,ETAH,1997,Rabi,Gram,6725,6766,1.006096654
Uttar Pradesh,ETAH,1997,Rabi,Linseed,23,10,0.434782609
Uttar Pradesh,ETAH,1997,Rabi,Masoor,1607,1361,0.846919726
Uttar Pradesh,ETAH,1997,Rabi,Peas & beans (Pulses),9430,18709,1.983987275
Uttar Pradesh,ETAH,1997,Rabi,Rapeseed &Mustard,26045,19976,0.766980227
Uttar Pradesh,ETAH,1997,Rabi,Sunflower,2003,1732,0.864702946
Uttar Pradesh,ETAH,1997,Rabi,Wheat,194802,574644,2.949887578
Uttar Pradesh,ETAH,1997,Summer,Maize,837,1322,1.579450418
Uttar Pradesh,ETAH,1997,Summer,Moong(Green Gram),21700,8420,0.388018433
Uttar Pradesh,ETAH,1997,Summer,Urad,877,398,0.45381984
Uttar Pradesh,ETAH,1997,Whole Year,Potato,9170,106702,11.63598691
Uttar Pradesh,ETAH,1997,Whole Year,Sugarcane,8729,505409,57.89998854
Uttar Pradesh,ETAH,1998,Kharif,Arhar/Tur,6448,4363,0.676643921
Uttar Pradesh,ETAH,1998,Kharif,Bajra,71235,88278,1.239250368
Uttar Pradesh,ETAH,1998,Kharif,Cotton(lint),118,11,0.093220339
Uttar Pradesh,ETAH,1998,Kharif,Groundnut,135,112,0.82962963
Uttar Pradesh,ETAH,1998,Kharif,Jowar,26,10,0.384615385
Uttar Pradesh,ETAH,1998,Kharif,Maize,56396,82000,1.45400383
Uttar Pradesh,ETAH,1998,Kharif,Moong(Green Gram),82,18,0.219512195
Uttar Pradesh,ETAH,1998,Kharif,Moth,21,8,0.380952381
Uttar Pradesh,ETAH,1998,Kharif,Rice,37560,77436,2.061661342
Uttar Pradesh,ETAH,1998,Kharif,Sesamum,746,136,0.18230563
Uttar Pradesh,ETAH,1998,Kharif,Urad,628,168,0.267515924
Uttar Pradesh,ETAH,1998,Rabi,Barley,16765,42983,2.563853266
Uttar Pradesh,ETAH,1998,Rabi,Gram,9520,9271,0.973844538
Uttar Pradesh,ETAH,1998,Rabi,Linseed,24,9,0.375
Uttar Pradesh,ETAH,1998,Rabi,Masoor,1426,1034,0.725105189
Uttar Pradesh,ETAH,1998,Rabi,Peas & beans (Pulses),10870,14870,1.367985281
Uttar Pradesh,ETAH,1998,Rabi,Rapeseed &Mustard,21006,18068,0.860135199
Uttar Pradesh,ETAH,1998,Rabi,Sunflower,2173,2734,1.258168431
Uttar Pradesh,ETAH,1998,Rabi,Wheat,189559,527475,2.782642871
Uttar Pradesh,ETAH,1998,Summer,Maize,868,880,1.013824885
Uttar Pradesh,ETAH,1998,Summer,Moong(Green Gram),21000,12348,0.588
Uttar Pradesh,ETAH,1998,Summer,Urad,915,463,0.506010929
Uttar Pradesh,ETAH,1998,Whole Year,Onion,971,11725,12.07518023
Uttar Pradesh,ETAH,1998,Whole Year,Potato,9516,202123,21.24033207
Uttar Pradesh,ETAH,1998,Whole Year,Sannhamp,40,15,0.375
Uttar Pradesh,ETAH,1998,Whole Year,Sugarcane,10011,545880,54.52801918
Uttar Pradesh,ETAH,1998,Whole Year,Tobacco,8230,56436,6.857351154
Uttar Pradesh,ETAH,1998,Whole Year,Turmeric,16,30,1.875
Uttar Pradesh,ETAH,1999,Kharif,Arhar/Tur,6624,4725,0.713315217
Uttar Pradesh,ETAH,1999,Kharif,Bajra,71093,111904,1.574050891
Uttar Pradesh,ETAH,1999,Kharif,Cotton(lint),230,141,0.613043478
Uttar Pradesh,ETAH,1999,Kharif,Groundnut,63,52,0.825396825
Uttar Pradesh,ETAH,1999,Kharif,Jowar,168,132,0.785714286
Uttar Pradesh,ETAH,1999,Kharif,Maize,57550,101115,1.756993918
Uttar Pradesh,ETAH,1999,Kharif,Rice,37477,64489,1.720762067
Uttar Pradesh,ETAH,1999,Kharif,Sunflower,1218,1039,0.853037767
Uttar Pradesh,ETAH,1999,Kharif,Urad,738,306,0.414634146
Uttar Pradesh,ETAH,1999,Rabi,Barley,15525,40222,2.59078905
Uttar Pradesh,ETAH,1999,Rabi,Gram,5252,5911,1.125476009
Uttar Pradesh,ETAH,1999,Rabi,Linseed,28,12,0.428571429
Uttar Pradesh,ETAH,1999,Rabi,Maize,1663,2410,1.449188214
Uttar Pradesh,ETAH,1999,Rabi,Rapeseed &Mustard,18594,18921,1.017586318
Uttar Pradesh,ETAH,1999,Rabi,Wheat,200249,597906,2.985812663
Uttar Pradesh,ETAH,1999,Summer,Moong(Green Gram),18280,11297,0.617997812
Uttar Pradesh,ETAH,1999,Summer,Urad,685,353,0.515328467
Uttar Pradesh,ETAH,1999,Whole Year,Moth,21,9,0.428571429
Uttar Pradesh,ETAH,1999,Whole Year,Onion,608,8716,14.33552632
Uttar Pradesh,ETAH,1999,Whole Year,Peas & beans (Pulses),8884,18141,2.041985592
Uttar Pradesh,ETAH,1999,Whole Year,Potato,8020,163223,20.35199501
Uttar Pradesh,ETAH,1999,Whole Year,Sugarcane,10445,540550,51.75203447
Uttar Pradesh,ETAH,1999,Whole Year,Tobacco,9207,66311,7.202237428
Uttar Pradesh,ETAH,1999,Whole Year,Turmeric,20,31,1.55
Uttar Pradesh,ETAH,2000,Kharif,Arhar/Tur,6530,5681,0.869984686
Uttar Pradesh,ETAH,2000,Kharif,Bajra,70240,122472,1.743621868
Uttar Pradesh,ETAH,2000,Kharif,Cotton(lint),235,182,0.774468085
Uttar Pradesh,ETAH,2000,Kharif,Groundnut,135,113,0.837037037
Uttar Pradesh,ETAH,2000,Kharif,Jowar,24,20,0.833333333
Uttar Pradesh,ETAH,2000,Kharif,Maize,56857,109165,1.919992261
Uttar Pradesh,ETAH,2000,Kharif,Moong(Green Gram),184,56,0.304347826
Uttar Pradesh,ETAH,2000,Kharif,Moth,14,4,0.285714286
Uttar Pradesh,ETAH,2000,Kharif,Rice,40199,72599,1.805990199
Uttar Pradesh,ETAH,2000,Kharif,Sesamum,575,133,0.231304348
Uttar Pradesh,ETAH,2000,Kharif,Urad,838,349,0.41646778
Uttar Pradesh,ETAH,2000,Rabi,Barley,16089,42555,2.644974828
Uttar Pradesh,ETAH,2000,Rabi,Gram,5413,6252,1.154997229
Uttar Pradesh,ETAH,2000,Rabi,Linseed,28,10,0.357142857
Uttar Pradesh,ETAH,2000,Rabi,Maize,1872,3036,1.621794872
Uttar Pradesh,ETAH,2000,Rabi,Masoor,2793,2268,0.812030075
Uttar Pradesh,ETAH,2000,Rabi,Moong(Green Gram),13184,5735,0.434996966
Uttar Pradesh,ETAH,2000,Rabi,Peas & beans (Pulses),49,94,1.918367347
Uttar Pradesh,ETAH,2000,Rabi,Rapeseed &Mustard,18578,23390,1.25901604
Uttar Pradesh,ETAH,2000,Rabi,Urad,707,315,0.445544554
Uttar Pradesh,ETAH,2000,Rabi,Wheat,194161,629715,3.243262035
Uttar Pradesh,ETAH,2000,Whole Year,Potato,7058,130121,18.4359592
Uttar Pradesh,ETAH,2000,Whole Year,Sugarcane,10345,527719,51.01198647
Uttar Pradesh,ETAH,2000,Whole Year,Turmeric,10,17,1.7
Uttar Pradesh,ETAH,2001,Kharif,Arhar/Tur,5233,4191,0.800879037
Uttar Pradesh,ETAH,2001,Kharif,Bajra,70549,104211,1.477143546
Uttar Pradesh,ETAH,2001,Kharif,Cotton(lint),47,41,0.872340426
Uttar Pradesh,ETAH,2001,Kharif,Groundnut,46,39,0.847826087
Uttar Pradesh,ETAH,2001,Kharif,Jowar,497,385,0.774647887
Uttar Pradesh,ETAH,2001,Kharif,Maize,60425,106106,1.755995035
Uttar Pradesh,ETAH,2001,Kharif,Moong(Green Gram),260,72,0.276923077
Uttar Pradesh,ETAH,2001,Kharif,Moth,15,6,0.4
Uttar Pradesh,ETAH,2001,Kharif,Rice,51795,77583,1.497885896
Uttar Pradesh,ETAH,2001,Kharif,Sesamum,475,138,0.290526316
Uttar Pradesh,ETAH,2001,Kharif,Small millets,28,38,1.357142857
Uttar Pradesh,ETAH,2001,Kharif,Sunflower,154,176,1.142857143
Uttar Pradesh,ETAH,2001,Kharif,Urad,1220,498,0.408196721
Uttar Pradesh,ETAH,2001,Rabi,Barley,14305,41078,2.871583362
Uttar Pradesh,ETAH,2001,Rabi,Gram,2131,2659,1.247771
Uttar Pradesh,ETAH,2001,Rabi,Linseed,2,1,0.5
Uttar Pradesh,ETAH,2001,Rabi,Maize,2789,4543,1.628899247
Uttar Pradesh,ETAH,2001,Rabi,Masoor,3745,2992,0.798931909
Uttar Pradesh,ETAH,2001,Rabi,Moong(Green Gram),8543,4143,0.484958446
Uttar Pradesh,ETAH,2001,Rabi,Peas & beans (Pulses),35,62,1.771428571
Uttar Pradesh,ETAH,2001,Rabi,Rapeseed &Mustard,13449,15828,1.176890475
Uttar Pradesh,ETAH,2001,Rabi,Urad,816,254,0.31127451
Uttar Pradesh,ETAH,2001,Rabi,Wheat,217924,645729,2.963092638
Uttar Pradesh,ETAH,2001,Summer,Rice,1,1,1
Uttar Pradesh,ETAH,2001,Whole Year,Potato,8941,201950,22.58695895
Uttar Pradesh,ETAH,2001,Whole Year,Sugarcane,8480,448694,52.9120283
Uttar Pradesh,ETAH,2001,Whole Year,Tobacco,10264,70419,6.860775526
Uttar Pradesh,ETAH,2001,Whole Year,Turmeric,9,16,1.777777778
Uttar Pradesh,ETAH,2002,Kharif,Bajra,66416,96671,1.455537822
Uttar Pradesh,ETAH,2002,Kharif,Cotton(lint),48,41,0.854166667
Uttar Pradesh,ETAH,2002,Kharif,Groundnut,34,22,0.647058824
Uttar Pradesh,ETAH,2002,Kharif,Jowar,44,44,1
Uttar Pradesh,ETAH,2002,Kharif,Maize,46504,50643,1.089003097
Uttar Pradesh,ETAH,2002,Kharif,Moong(Green Gram),281,79,0.28113879
Uttar Pradesh,ETAH,2002,Kharif,Moth,8,3,0.375
Uttar Pradesh,ETAH,2002,Kharif,Rice,41099,63128,1.535998443
Uttar Pradesh,ETAH,2002,Kharif,Sesamum,354,57,0.161016949
Uttar Pradesh,ETAH,2002,Kharif,Sunflower,114,164,1.438596491
Uttar Pradesh,ETAH,2002,Kharif,Urad,1126,449,0.398756661
Uttar Pradesh,ETAH,2002,Rabi,Barley,13919,36477,2.620662404
Uttar Pradesh,ETAH,2002,Rabi,Gram,1524,1233,0.809055118
Uttar Pradesh,ETAH,2002,Rabi,Maize,3771,4175,1.107133386
Uttar Pradesh,ETAH,2002,Rabi,Masoor,2991,2916,0.974924774
Uttar Pradesh,ETAH,2002,Rabi,Onion,181,1868,10.32044199
Uttar Pradesh,ETAH,2002,Rabi,Peas & beans (Pulses),960,1599,1.665625
Uttar Pradesh,ETAH,2002,Rabi,Rapeseed &Mustard,14230,14237,1.000491918
Uttar Pradesh,ETAH,2002,Rabi,Wheat,214649,594321,2.768803954
Uttar Pradesh,ETAH,2002,Summer,Moong(Green Gram),5551,3669,0.660961989
Uttar Pradesh,ETAH,2002,Summer,Onion,173,1934,11.17919075
Uttar Pradesh,ETAH,2002,Summer,Urad,725,302,0.416551724
Uttar Pradesh,ETAH,2002,Whole Year,Potato,8612,205922,23.91105434
Uttar Pradesh,ETAH,2002,Whole Year,Sannhamp,24,8,0.333333333
Uttar Pradesh,ETAH,2002,Whole Year,Sugarcane,9973,468133,46.9400381
Uttar Pradesh,ETAH,2002,Whole Year,Tobacco,11735,71646,6.105325948
Uttar Pradesh,ETAH,2002,Whole Year,Turmeric,5,9,1.8
Uttar Pradesh,ETAH,2003,Kharif,Arhar/Tur,4807,3125,0.650093613
Uttar Pradesh,ETAH,2003,Kharif,Bajra,77941,95250,1.222078239
Uttar Pradesh,ETAH,2003,Kharif,Groundnut,49,33,0.673469388
Uttar Pradesh,ETAH,2003,Kharif,Jowar,123,109,0.886178862
Uttar Pradesh,ETAH,2003,Kharif,Maize,48445,63560,1.312003303
Uttar Pradesh,ETAH,2003,Kharif,Moong(Green Gram),655,153,0.233587786
Uttar Pradesh,ETAH,2003,Kharif,Moth,18,7,0.388888889
Uttar Pradesh,ETAH,2003,Kharif,Rice,36048,64971,1.802346871
Uttar Pradesh,ETAH,2003,Kharif,Sesamum,415,54,0.130120482
Uttar Pradesh,ETAH,2003,Kharif,Soyabean,2,2,1
Uttar Pradesh,ETAH,2003,Kharif,Sunflower,804,1362,1.694029851
Uttar Pradesh,ETAH,2003,Kharif,Urad,1373,326,0.237436271
Uttar Pradesh,ETAH,2003,Rabi,Barley,13449,37977,2.82377872
Uttar Pradesh,ETAH,2003,Rabi,Gram,1222,1667,1.364157119
Uttar Pradesh,ETAH,2003,Rabi,Maize,2,3,1.5
Uttar Pradesh,ETAH,2003,Rabi,Masoor,3365,3271,0.972065379
Uttar Pradesh,ETAH,2003,Rabi,Onion,118,1694,14.3559322
Uttar Pradesh,ETAH,2003,Rabi,Peas & beans (Pulses),874,1774,2.029748284
Uttar Pradesh,ETAH,2003,Rabi,Rapeseed &Mustard,12108,14125,1.166584077
Uttar Pradesh,ETAH,2003,Rabi,Wheat,217830,676277,3.104609099
Uttar Pradesh,ETAH,2003,Summer,Maize,2664,3642,1.367117117
Uttar Pradesh,ETAH,2003,Summer,Moong(Green Gram),5616,3313,0.589921652
Uttar Pradesh,ETAH,2003,Summer,Onion,201,1984,9.870646766
Uttar Pradesh,ETAH,2003,Summer,Rice,3,5,1.666666667
Uttar Pradesh,ETAH,2003,Summer,Urad,598,329,0.550167224
Uttar Pradesh,ETAH,2003,Whole Year,Potato,10561,230578,21.83297036
Uttar Pradesh,ETAH,2003,Whole Year,Sannhamp,20,6,0.3
Uttar Pradesh,ETAH,2003,Whole Year,Sugarcane,9049,428850,47.39197701
Uttar Pradesh,ETAH,2003,Whole Year,Tobacco,13954,91708,6.572165687
Uttar Pradesh,ETAH,2003,Whole Year,Turmeric,9,16,1.777777778
Uttar Pradesh,ETAH,2004,Kharif,Bajra,75841,123494,1.628327686
Uttar Pradesh,ETAH,2004,Kharif,Cotton(lint),70,11,0.157142857
Uttar Pradesh,ETAH,2004,Kharif,Groundnut,592,487,0.822635135
Uttar Pradesh,ETAH,2004,Kharif,Jowar,394,297,0.753807107
Uttar Pradesh,ETAH,2004,Kharif,Maize,52351,91091,1.740004966
Uttar Pradesh,ETAH,2004,Kharif,Rice,40518,82558,2.037563552
Uttar Pradesh,ETAH,2004,Kharif,Sannhamp,6,2,0.333333333
Uttar Pradesh,ETAH,2004,Kharif,Sesamum,371,59,0.15902965
Uttar Pradesh,ETAH,2004,Kharif,Soyabean,1,1,1
Uttar Pradesh,ETAH,2004,Kharif,Sugarcane,8197,408342,49.81603025
Uttar Pradesh,ETAH,2004,Rabi,Barley,12796,32873,2.569005939
Uttar Pradesh,ETAH,2004,Rabi,Gram,907,1126,1.241455347
Uttar Pradesh,ETAH,2004,Rabi,Potato,9725,186905,19.21902314
Uttar Pradesh,ETAH,2004,Rabi,Rapeseed &Mustard,15636,19606,1.253901254
Uttar Pradesh,ETAH,2004,Rabi,Turmeric,4,7,1.75
Uttar Pradesh,ETAH,2004,Rabi,Wheat,223926,564185,2.519515376
Uttar Pradesh,ETAH,2004,Summer,Sunflower,336,660,1.964285714
Uttar Pradesh,ETAH,2004,Whole Year,Banana,9,328,36.44444444
Uttar Pradesh,ETAH,2004,Whole Year,Dry chillies,284,267,0.940140845
Uttar Pradesh,ETAH,2004,Whole Year,Garlic,10490,45431,4.330886559
Uttar Pradesh,ETAH,2004,Whole Year,Guar seed,35,29,0.828571429
Uttar Pradesh,ETAH,2004,Whole Year,Onion,294,3387,11.52040816
Uttar Pradesh,ETAH,2004,Whole Year,Sweet potato,5546,64457,11.62225027
Uttar Pradesh,ETAH,2004,Whole Year,Tobacco,13232,74991,5.667397219
Uttar Pradesh,ETAH,2005,Kharif,Bajra,77929,128951,1.654724172
Uttar Pradesh,ETAH,2005,Kharif,Cotton(lint),170,35,0.205882353
Uttar Pradesh,ETAH,2005,Kharif,Jowar,123,116,0.943089431
Uttar Pradesh,ETAH,2005,Kharif,Maize,56431,107219,1.900001772
Uttar Pradesh,ETAH,2005,Kharif,Rice,37875,83666,2.2090033
Uttar Pradesh,ETAH,2005,Kharif,Sannhamp,18,6,0.333333333
Uttar Pradesh,ETAH,2005,Kharif,Sesamum,413,74,0.179176755
Uttar Pradesh,ETAH,2005,Kharif,Soyabean,2,1,0.5
Uttar Pradesh,ETAH,2005,Kharif,Sugarcane,8228,414724,50.40398639
Uttar Pradesh,ETAH,2005,Rabi,Barley,8624,25920,3.005565863
Uttar Pradesh,ETAH,2005,Rabi,Gram,84,1099,13.08333333
Uttar Pradesh,ETAH,2005,Rabi,Potato,10234,202132,19.75102599
Uttar Pradesh,ETAH,2005,Rabi,Rapeseed &Mustard,19437,28479,1.465195246
Uttar Pradesh,ETAH,2005,Rabi,Turmeric,10,45,4.5
Uttar Pradesh,ETAH,2005,Rabi,Wheat,206806,571819,2.765001983
Uttar Pradesh,ETAH,2005,Summer,Sunflower,952,1152,1.210084034
Uttar Pradesh,ETAH,2005,Whole Year,Banana,10,381,38.1
Uttar Pradesh,ETAH,2005,Whole Year,Coriander,19,11,0.578947368
Uttar Pradesh,ETAH,2005,Whole Year,Dry chillies,238,217,0.911764706
Uttar Pradesh,ETAH,2005,Whole Year,Garlic,7298,31799,4.357221156
Uttar Pradesh,ETAH,2005,Whole Year,Guar seed,102,83,0.81372549
Uttar Pradesh,ETAH,2005,Whole Year,Onion,298,3838,12.87919463
Uttar Pradesh,ETAH,2005,Whole Year,Sweet potato,4206,55018,13.0808369
Uttar Pradesh,ETAH,2005,Whole Year,Tobacco,9656,58808,6.090306545
Uttar Pradesh,ETAH,2006,Kharif,Arhar/Tur,5974,6356,1.063943756
Uttar Pradesh,ETAH,2006,Kharif,Bajra,75841,137310,1.810498279
Uttar Pradesh,ETAH,2006,Kharif,Cotton(lint),127,29,0.228346457
Uttar Pradesh,ETAH,2006,Kharif,Groundnut,592,428,0.722972973
Uttar Pradesh,ETAH,2006,Kharif,Jowar,395,449,1.136708861
Uttar Pradesh,ETAH,2006,Kharif,Maize,49307,95656,1.940008518
Uttar Pradesh,ETAH,2006,Kharif,Other Kharif pulses,7850,4047,0.515541401
Uttar Pradesh,ETAH,2006,Kharif,Rice,41564,90028,2.166009046
Uttar Pradesh,ETAH,2006,Kharif,Sannhamp,5,2,0.4
Uttar Pradesh,ETAH,2006,Kharif,Sesamum,583,98,0.168096055
Uttar Pradesh,ETAH,2006,Kharif,Soyabean,1,1,1
Uttar Pradesh,ETAH,2006,Kharif,Sugarcane,8197,427621,52.16798829
Uttar Pradesh,ETAH,2006,Kharif,Sweet potato,4312,58854,13.64888683
Uttar Pradesh,ETAH,2006,Rabi,Barley,7303,17612,2.411611666
Uttar Pradesh,ETAH,2006,Rabi,Garlic,8101,35620,4.396988026
Uttar Pradesh,ETAH,2006,Rabi,Gram,946,785,0.829809725
Uttar Pradesh,ETAH,2006,Rabi,Masoor,5606,5073,0.904923296
Uttar Pradesh,ETAH,2006,Rabi,Onion,93,1784,19.1827957
Uttar Pradesh,ETAH,2006,Rabi,Other  Rabi pulses,284,275,0.968309859
Uttar Pradesh,ETAH,2006,Rabi,Potato,10900,248662,22.81302752
Uttar Pradesh,ETAH,2006,Rabi,Rapeseed &Mustard,12256,13234,1.07979765
Uttar Pradesh,ETAH,2006,Rabi,Tobacco,13203,70266,5.321972279
Uttar Pradesh,ETAH,2006,Rabi,Turmeric,4,14,3.5
Uttar Pradesh,ETAH,2006,Rabi,Wheat,227576,644495,2.831998981
Uttar Pradesh,ETAH,2006,Summer,Maize,4889,6483,1.326038045
Uttar Pradesh,ETAH,2006,Summer,Onion,162,1886,11.64197531
Uttar Pradesh,ETAH,2006,Summer,Sunflower,161,241,1.49689441
Uttar Pradesh,ETAH,2006,Summer,Tobacco,29,85,2.931034483
Uttar Pradesh,ETAH,2006,Whole Year,Banana,8,310,38.75
Uttar Pradesh,ETAH,2006,Whole Year,Coriander,18,10,0.555555556
Uttar Pradesh,ETAH,2006,Whole Year,Dry chillies,228,216,0.947368421
Uttar Pradesh,ETAH,2006,Whole Year,Guar seed,97,81,0.835051546
Uttar Pradesh,ETAH,2007,Kharif,Arhar/Tur,4916,4593,0.934296176
Uttar Pradesh,ETAH,2007,Kharif,Bajra,83549,160452,1.920453865
Uttar Pradesh,ETAH,2007,Kharif,Dry chillies,245,236,0.963265306
Uttar Pradesh,ETAH,2007,Kharif,Groundnut,960,574,0.597916667
Uttar Pradesh,ETAH,2007,Kharif,Guar seed,80,67,0.8375
Uttar Pradesh,ETAH,2007,Kharif,Jowar,287,179,0.62369338
Uttar Pradesh,ETAH,2007,Kharif,Maize,51165,101102,1.975999218
Uttar Pradesh,ETAH,2007,Kharif,Moong(Green Gram),815,162,0.198773006
Uttar Pradesh,ETAH,2007,Kharif,Rice,30937,70784,2.288004655
Uttar Pradesh,ETAH,2007,Kharif,Sannhamp,21,4,0.19047619
Uttar Pradesh,ETAH,2007,Kharif,Sesamum,356,55,0.154494382
Uttar Pradesh,ETAH,2007,Kharif,Sugarcane,9359,490150,52.3720483
Uttar Pradesh,ETAH,2007,Kharif,Sweet potato,4393,59142,13.4627817
Uttar Pradesh,ETAH,2007,Kharif,Urad,1752,767,0.437785388
Uttar Pradesh,ETAH,2007,Rabi,Barley,11542,31498,2.728989776
Uttar Pradesh,ETAH,2007,Rabi,Coriander,20,12,0.6
Uttar Pradesh,ETAH,2007,Rabi,Gram,751,1013,1.348868176
Uttar Pradesh,ETAH,2007,Rabi,Linseed,2,1,0.5
Uttar Pradesh,ETAH,2007,Rabi,Masoor,2574,1866,0.724941725
Uttar Pradesh,ETAH,2007,Rabi,Onion,343,4793,13.97376093
Uttar Pradesh,ETAH,2007,Rabi,Other  Rabi pulses,284,266,0.936619718
Uttar Pradesh,ETAH,2007,Rabi,Potato,11546,308509,26.71998961
Uttar Pradesh,ETAH,2007,Rabi,Rapeseed &Mustard,19457,27646,1.420876805
Uttar Pradesh,ETAH,2007,Rabi,Tobacco,14524,92620,6.377031121
Uttar Pradesh,ETAH,2007,Rabi,Wheat,222498,625664,2.81199831
Uttar Pradesh,ETAH,2007,Summer,Maize,2633,3784,1.437143942
Uttar Pradesh,ETAH,2007,Summer,Moong(Green Gram),3345,3368,1.006875934
Uttar Pradesh,ETAH,2007,Summer,Onion,155,2550,16.4516129
Uttar Pradesh,ETAH,2007,Summer,Sunflower,311,876,2.816720257
Uttar Pradesh,ETAH,2007,Summer,Tobacco,17,42,2.470588235
Uttar Pradesh,ETAH,2007,Summer,Urad,661,448,0.677760968
Uttar Pradesh,ETAH,2008,Kharif,Arhar/Tur,4477,4886,1.091355819
Uttar Pradesh,ETAH,2008,Kharif,Bajra,71206,129998,1.825660759
Uttar Pradesh,ETAH,2008,Kharif,Dry chillies,242,241,0.995867769
Uttar Pradesh,ETAH,2008,Kharif,Groundnut,778,555,0.713367609
Uttar Pradesh,ETAH,2008,Kharif,Guar seed,76,64,0.842105263
Uttar Pradesh,ETAH,2008,Kharif,Maize,57467,120796,2.102006369
Uttar Pradesh,ETAH,2008,Kharif,Moong(Green Gram),400,148,0.37
Uttar Pradesh,ETAH,2008,Kharif,Rice,45774,101527,2.218005855
Uttar Pradesh,ETAH,2008,Kharif,Sannhamp,1,1,1
Uttar Pradesh,ETAH,2008,Kharif,Sesamum,470,78,0.165957447
Uttar Pradesh,ETAH,2008,Kharif,Sugarcane,7083,333241,47.04800226
Uttar Pradesh,ETAH,2008,Kharif,Sweet potato,4737,58180,12.28203504
Uttar Pradesh,ETAH,2008,Kharif,Urad,2578,1387,0.538013964
Uttar Pradesh,ETAH,2008,Rabi,Barley,7801,24265,3.110498654
Uttar Pradesh,ETAH,2008,Rabi,Coriander,54,32,0.592592593
Uttar Pradesh,ETAH,2008,Rabi,Garlic,7664,45141,5.890005219
Uttar Pradesh,ETAH,2008,Rabi,Gram,172,173,1.005813953
Uttar Pradesh,ETAH,2008,Rabi,Masoor,3110,2746,0.882958199
Uttar Pradesh,ETAH,2008,Rabi,Onion,141,1653,11.72340426
Uttar Pradesh,ETAH,2008,Rabi,Peas & beans (Pulses),257,310,1.206225681
Uttar Pradesh,ETAH,2008,Rabi,Potato,11580,319955,27.62996546
Uttar Pradesh,ETAH,2008,Rabi,Rapeseed &Mustard,23701,36860,1.555208641
Uttar Pradesh,ETAH,2008,Rabi,Tobacco,14179,87414,6.165032795
Uttar Pradesh,ETAH,2008,Rabi,Wheat,228431,734406,3.215001467
Uttar Pradesh,ETAH,2008,Summer,Banana,10,381,38.1
Uttar Pradesh,ETAH,2008,Summer,Maize,3810,5700,1.496062992
Uttar Pradesh,ETAH,2008,Summer,Moong(Green Gram),2366,1801,0.761200338
Uttar Pradesh,ETAH,2008,Summer,Sunflower,223,395,1.771300448
Uttar Pradesh,ETAH,2008,Summer,Tobacco,28,64,2.285714286
Uttar Pradesh,ETAH,2008,Summer,Urad,608,573,0.942434211
Uttar Pradesh,ETAH,2009,Kharif,Arhar/Tur,2106,2902,1.377967711
Uttar Pradesh,ETAH,2009,Kharif,Bajra,29365,59491,2.025915205
Uttar Pradesh,ETAH,2009,Kharif,Cotton(lint),9,2,0.222222222
Uttar Pradesh,ETAH,2009,Kharif,Dry chillies,192,169,0.880208333
Uttar Pradesh,ETAH,2009,Kharif,Groundnut,132,89,0.674242424
Uttar Pradesh,ETAH,2009,Kharif,Guar seed,78,65,0.833333333
Uttar Pradesh,ETAH,2009,Kharif,Jowar,19,17,0.894736842
Uttar Pradesh,ETAH,2009,Kharif,Maize,17214,35306,2.051004996
Uttar Pradesh,ETAH,2009,Kharif,Moong(Green Gram),339,50,0.147492625
Uttar Pradesh,ETAH,2009,Kharif,Rice,16367,36400,2.223987292
Uttar Pradesh,ETAH,2009,Kharif,Sannhamp,1,,
Uttar Pradesh,ETAH,2009,Kharif,Sesamum,193,20,0.103626943
Uttar Pradesh,ETAH,2009,Kharif,Sugarcane,160,8772,54.825
Uttar Pradesh,ETAH,2009,Kharif,Sweet potato,192,2611,13.59895833
Uttar Pradesh,ETAH,2009,Kharif,Urad,616,235,0.381493506
Uttar Pradesh,ETAH,2009,Rabi,Barley,8480,22599,2.664976415
Uttar Pradesh,ETAH,2009,Rabi,Coriander,12,7,0.583333333
Uttar Pradesh,ETAH,2009,Rabi,Garlic,4318,22942,5.31310792
Uttar Pradesh,ETAH,2009,Rabi,Gram,754,620,0.822281167
Uttar Pradesh,ETAH,2009,Rabi,Masoor,1430,1148,0.802797203
Uttar Pradesh,ETAH,2009,Rabi,Onion,164,2817,17.17682927
Uttar Pradesh,ETAH,2009,Rabi,Potato,6492,185087,28.51001232
Uttar Pradesh,ETAH,2009,Rabi,Rapeseed &Mustard,10230,17688,1.729032258
Uttar Pradesh,ETAH,2009,Rabi,Tobacco,8299,50885,6.131461622
Uttar Pradesh,ETAH,2009,Rabi,Wheat,135064,410189,3.036997275
Uttar Pradesh,ETAH,2009,Summer,Banana,9,370,41.11111111
Uttar Pradesh,ETAH,2009,Summer,Maize,819,1192,1.455433455
Uttar Pradesh,ETAH,2009,Summer,Moong(Green Gram),2683,1926,0.717853149
Uttar Pradesh,ETAH,2009,Summer,Onion,106,1473,13.89622642
Uttar Pradesh,ETAH,2009,Summer,Sunflower,133,292,2.195488722
Uttar Pradesh,ETAH,2009,Summer,Urad,390,278,0.712820513
Uttar Pradesh,ETAH,2010,Kharif,Arhar/Tur,4069,5488,1.348734333
Uttar Pradesh,ETAH,2010,Kharif,Bajra,40510,77885,1.922611701
Uttar Pradesh,ETAH,2010,Kharif,Cotton(lint),6,1,0.166666667
Uttar Pradesh,ETAH,2010,Kharif,Dry chillies,81,71,0.87654321
Uttar Pradesh,ETAH,2010,Kharif,Groundnut,123,121,0.983739837
Uttar Pradesh,ETAH,2010,Kharif,Guar seed,87,73,0.83908046
Uttar Pradesh,ETAH,2010,Kharif,Maize,19202,36369,1.894021456
Uttar Pradesh,ETAH,2010,Kharif,Moong(Green Gram),617,369,0.598055105
Uttar Pradesh,ETAH,2010,Kharif,Rice,21823,45872,2.102002474
Uttar Pradesh,ETAH,2010,Kharif,Sannhamp,2,1,0.5
Uttar Pradesh,ETAH,2010,Kharif,Sesamum,388,76,0.195876289
Uttar Pradesh,ETAH,2010,Kharif,Sugarcane,101,5568,55.12871287
Uttar Pradesh,ETAH,2010,Kharif,Sweet potato,450,5542,12.31555556
Uttar Pradesh,ETAH,2010,Kharif,Urad,739,499,0.675236806
Uttar Pradesh,ETAH,2010,Rabi,Barley,7985,24562,3.076017533
Uttar Pradesh,ETAH,2010,Rabi,Gram,573,506,0.883071553
Uttar Pradesh,ETAH,2010,Rabi,Masoor,1485,1308,0.880808081
Uttar Pradesh,ETAH,2010,Rabi,Onion,100,1841,18.41
Uttar Pradesh,ETAH,2010,Rabi,Potato,7259,206330,28.42402535
Uttar Pradesh,ETAH,2010,Rabi,Rapeseed &Mustard,9959,15178,1.524048599
Uttar Pradesh,ETAH,2010,Rabi,Tobacco,8498,43136,5.076017887
Uttar Pradesh,ETAH,2010,Rabi,Wheat,136560,442318,3.239001172
Uttar Pradesh,ETAH,2010,Summer,Maize,1247,1828,1.465918204
Uttar Pradesh,ETAH,2010,Summer,Moong(Green Gram),6424,5043,0.785024907
Uttar Pradesh,ETAH,2010,Summer,Sunflower,95,145,1.526315789
Uttar Pradesh,ETAH,2010,Summer,Urad,479,377,0.787056367
Uttar Pradesh,ETAH,2011,Kharif,Arhar/Tur,3478,4244,1.220241518
Uttar Pradesh,ETAH,2011,Kharif,Bajra,41267,112717,2.731407662
Uttar Pradesh,ETAH,2011,Kharif,Dry chillies,198,164,0.828282828
Uttar Pradesh,ETAH,2011,Kharif,Groundnut,262,262,1
Uttar Pradesh,ETAH,2011,Kharif,Guar seed,53,43,0.811320755
Uttar Pradesh,ETAH,2011,Kharif,Maize,23476,59066,2.516016357
Uttar Pradesh,ETAH,2011,Kharif,Moong(Green Gram),455,265,0.582417582
Uttar Pradesh,ETAH,2011,Kharif,Rice,27072,69358,2.561982861
Uttar Pradesh,ETAH,2011,Kharif,Sannhamp,16,4,0.25
Uttar Pradesh,ETAH,2011,Kharif,Sesamum,864,187,0.216435185
Uttar Pradesh,ETAH,2011,Kharif,Sugarcane,525,30700,58.47619048
Uttar Pradesh,ETAH,2011,Kharif,Sweet potato,486,6315,12.99382716
Uttar Pradesh,ETAH,2011,Kharif,Urad,906,606,0.668874172
Uttar Pradesh,ETAH,2011,Rabi,Barley,8418,28360,3.368971252
Uttar Pradesh,ETAH,2011,Rabi,Coriander,16,9,0.5625
Uttar Pradesh,ETAH,2011,Rabi,Garlic,4961,25638,5.167909696
Uttar Pradesh,ETAH,2011,Rabi,Gram,244,287,1.176229508
Uttar Pradesh,ETAH,2011,Rabi,Maize,6,14,2.333333333
Uttar Pradesh,ETAH,2011,Rabi,Masoor,1728,3330,1.927083333
Uttar Pradesh,ETAH,2011,Rabi,Onion,134,3065,22.87313433
Uttar Pradesh,ETAH,2011,Rabi,Potato,7212,201453,27.93302829
Uttar Pradesh,ETAH,2011,Rabi,Rapeseed &Mustard,12066,19957,1.653986408
Uttar Pradesh,ETAH,2011,Rabi,Tobacco,7571,45479,6.007000396
Uttar Pradesh,ETAH,2011,Rabi,Wheat,135549,475641,3.508996747
Uttar Pradesh,ETAH,2011,Summer,Banana,2,87,43.5
Uttar Pradesh,ETAH,2011,Summer,Maize,1313,2170,1.652703732
Uttar Pradesh,ETAH,2011,Summer,Moong(Green Gram),2340,1984,0.847863248
Uttar Pradesh,ETAH,2011,Summer,Onion,104,1127,10.83653846
Uttar Pradesh,ETAH,2011,Summer,Sunflower,23,39,1.695652174
Uttar Pradesh,ETAH,2011,Summer,Urad,345,306,0.886956522
Uttar Pradesh,ETAH,2012,Kharif,Arhar/Tur,1705,2261,1.326099707
Uttar Pradesh,ETAH,2012,Kharif,Bajra,48677,136490,2.803993673
Uttar Pradesh,ETAH,2012,Kharif,Dry chillies,63,50,0.793650794
Uttar Pradesh,ETAH,2012,Kharif,Groundnut,521,517,0.992322457
Uttar Pradesh,ETAH,2012,Kharif,Guar seed,10,8,0.8
Uttar Pradesh,ETAH,2012,Kharif,Maize,23785,66313,2.788017658
Uttar Pradesh,ETAH,2012,Kharif,Moong(Green Gram),297,325,1.094276094
Uttar Pradesh,ETAH,2012,Kharif,Rice,18727,49608,2.649009452
Uttar Pradesh,ETAH,2012,Kharif,Sannhamp,16,6,0.375
Uttar Pradesh,ETAH,2012,Kharif,Sesamum,531,99,0.186440678
Uttar Pradesh,ETAH,2012,Kharif,Sugarcane,289,17455,60.39792388
Uttar Pradesh,ETAH,2012,Kharif,Sweet potato,963,12468,12.9470405
Uttar Pradesh,ETAH,2012,Kharif,Urad,1018,676,0.664047151
Uttar Pradesh,ETAH,2012,Rabi,Barley,8210,26912,3.277953715
Uttar Pradesh,ETAH,2012,Rabi,Coriander,29,16,0.551724138
Uttar Pradesh,ETAH,2012,Rabi,Garlic,4364,22667,5.194087993
Uttar Pradesh,ETAH,2012,Rabi,Gram,745,825,1.10738255
Uttar Pradesh,ETAH,2012,Rabi,Masoor,1730,2439,1.40982659
Uttar Pradesh,ETAH,2012,Rabi,Onion,145,3335,23
Uttar Pradesh,ETAH,2012,Rabi,Potato,7080,177609,25.08601695
Uttar Pradesh,ETAH,2012,Rabi,Rapeseed &Mustard,10825,20611,1.904018476
Uttar Pradesh,ETAH,2012,Rabi,Tobacco,7401,44443,6.004999324
Uttar Pradesh,ETAH,2012,Rabi,Wheat,136461,462193,3.386997017
Uttar Pradesh,ETAH,2012,Summer,Banana,8,356,44.5
Uttar Pradesh,ETAH,2012,Summer,Maize,1089,2011,1.846648301
Uttar Pradesh,ETAH,2012,Summer,Moong(Green Gram),2767,2349,0.848933863
Uttar Pradesh,ETAH,2012,Summer,Onion,106,1153,10.87735849
Uttar Pradesh,ETAH,2012,Summer,Sunflower,216,169,0.782407407
Uttar Pradesh,ETAH,2012,Summer,Urad,392,401,1.022959184
Uttar Pradesh,ETAH,2013,Kharif,Arhar/Tur,2099,2909,1.385898047
Uttar Pradesh,ETAH,2013,Kharif,Bajra,42922,127993,2.981990588
Uttar Pradesh,ETAH,2013,Kharif,Cotton(lint),13,2,0.153846154
Uttar Pradesh,ETAH,2013,Kharif,Dry chillies,155,125,0.806451613
Uttar Pradesh,ETAH,2013,Kharif,Groundnut,462,412,0.891774892
Uttar Pradesh,ETAH,2013,Kharif,Guar seed,27,22,0.814814815
Uttar Pradesh,ETAH,2013,Kharif,Maize,26032,75259,2.891018746
Uttar Pradesh,ETAH,2013,Kharif,Moong(Green Gram),319,102,0.319749216
Uttar Pradesh,ETAH,2013,Kharif,Rice,19297,45001,2.332020521
Uttar Pradesh,ETAH,2013,Kharif,Sannhamp,13,4,0.307692308
Uttar Pradesh,ETAH,2013,Kharif,Sesamum,484,71,0.146694215
Uttar Pradesh,ETAH,2013,Kharif,Sugarcane,212,13031,61.46698113
Uttar Pradesh,ETAH,2013,Kharif,Sweet potato,912,12052,13.21491228
Uttar Pradesh,ETAH,2013,Kharif,Urad,1002,447,0.446107784
Uttar Pradesh,ETAH,2013,Rabi,Barley,8987,30196,3.359964393
Uttar Pradesh,ETAH,2013,Rabi,Coriander,11,6,0.545454545
Uttar Pradesh,ETAH,2013,Rabi,Garlic,4695,27508,5.858998935
Uttar Pradesh,ETAH,2013,Rabi,Gram,268,112,0.417910448
Uttar Pradesh,ETAH,2013,Rabi,Masoor,2216,5327,2.403880866
Uttar Pradesh,ETAH,2013,Rabi,Onion,101,2054,20.33663366
Uttar Pradesh,ETAH,2013,Rabi,Peas & beans (Pulses),579,574,0.991364421
Uttar Pradesh,ETAH,2013,Rabi,Potato,6648,168281,25.31302647
Uttar Pradesh,ETAH,2013,Rabi,Rapeseed &Mustard,12192,20206,1.657316273
Uttar Pradesh,ETAH,2013,Rabi,Tobacco,8862,56832,6.412999323
Uttar Pradesh,ETAH,2013,Rabi,Wheat,134108,484935,3.61600352
Uttar Pradesh,ETAH,2013,Summer,Banana,7,304,43.42857143
Uttar Pradesh,ETAH,2013,Summer,Maize,2839,5215,1.836914406
Uttar Pradesh,ETAH,2013,Summer,Moong(Green Gram),2385,2251,0.943815514
Uttar Pradesh,ETAH,2013,Summer,Onion,157,2113,13.45859873
Uttar Pradesh,ETAH,2013,Summer,Urad,382,355,0.929319372
Uttar Pradesh,ETAH,2014,Kharif,Arhar/Tur,690,799,1.157971014
Uttar Pradesh,ETAH,2014,Kharif,Bajra,47460,148170,3.121997472
Uttar Pradesh,ETAH,2014,Kharif,Dry chillies,138,114,0.826086957
Uttar Pradesh,ETAH,2014,Kharif,Groundnut,855,739,0.864327485
Uttar Pradesh,ETAH,2014,Kharif,Guar seed,18,15,0.833333333
Uttar Pradesh,ETAH,2014,Kharif,Maize,20898,66393,3.177002584
Uttar Pradesh,ETAH,2014,Kharif,Moong(Green Gram),423,135,0.319148936
Uttar Pradesh,ETAH,2014,Kharif,Rice,18244,40283,2.208013594
Uttar Pradesh,ETAH,2014,Kharif,Sesamum,160,31,0.19375
Uttar Pradesh,ETAH,2014,Kharif,Sugarcane,353,20262,57.39943343
Uttar Pradesh,ETAH,2014,Kharif,Sweet potato,482,5970,12.38589212
Uttar Pradesh,ETAH,2014,Kharif,Urad,755,405,0.536423841
Uttar Pradesh,ETAH,2014,Rabi,Barley,8383,21854,2.606942622
Uttar Pradesh,ETAH,2014,Rabi,Coriander,16,8,0.5
Uttar Pradesh,ETAH,2014,Rabi,Garlic,4314,24988,5.792304126
Uttar Pradesh,ETAH,2014,Rabi,Gram,30,9,0.3
Uttar Pradesh,ETAH,2014,Rabi,Masoor,2308,1461,0.633015598
Uttar Pradesh,ETAH,2014,Rabi,Onion,67,1025,15.29850746
Uttar Pradesh,ETAH,2014,Rabi,Peas & beans (Pulses),634,822,1.296529968
Uttar Pradesh,ETAH,2014,Rabi,Potato,7388,188209,25.47495939
Uttar Pradesh,ETAH,2014,Rabi,Rapeseed &Mustard,10016,14802,1.477835463
Uttar Pradesh,ETAH,2014,Rabi,Tobacco,9535,45282,4.74902989
Uttar Pradesh,ETAH,2014,Rabi,Wheat,133604,264536,1.980000599
Uttar Pradesh,ETAH,2014,Summer,Banana,7,316,45.14285714
Uttar Pradesh,ETAH,2014,Summer,Maize,3785,6730,1.778071334
Uttar Pradesh,ETAH,2014,Summer,Moong(Green Gram),4474,3655,0.816942333
Uttar Pradesh,ETAH,2014,Summer,Onion,82,1240,15.12195122
Uttar Pradesh,ETAH,2014,Summer,Urad,317,263,0.829652997
Uttar Pradesh,ETAWAH,1997,Kharif,Arhar/Tur,4768,9685,2.03125
Uttar Pradesh,ETAWAH,1997,Kharif,Bajra,33283,57597,1.73052309
Uttar Pradesh,ETAWAH,1997,Kharif,Groundnut,11,9,0.818181818
Uttar Pradesh,ETAWAH,1997,Kharif,Jowar,857,1024,1.194865811
Uttar Pradesh,ETAWAH,1997,Kharif,Maize,8882,18913,2.129362756
Uttar Pradesh,ETAWAH,1997,Kharif,Moong(Green Gram),58,26,0.448275862
Uttar Pradesh,ETAWAH,1997,Kharif,Oilseeds total,19118,10074,0.526937964
Uttar Pradesh,ETAWAH,1997,Kharif,Onion,198,1663,8.398989899
Uttar Pradesh,ETAWAH,1997,Kharif,Rice,41202,110865,2.690767438
Uttar Pradesh,ETAWAH,1997,Kharif,Sesamum,344,69,0.200581395
Uttar Pradesh,ETAWAH,1997,Kharif,Total foodgrain,196249,428065,2.181234045
Uttar Pradesh,ETAWAH,1997,Kharif,Urad,2384,1651,0.692533557
Uttar Pradesh,ETAWAH,1997,Rabi,Barley,6313,13313,2.108823064
Uttar Pradesh,ETAWAH,1997,Rabi,Gram,8990,10747,1.195439377
Uttar Pradesh,ETAWAH,1997,Rabi,Masoor,12,9,0.75
Uttar Pradesh,ETAWAH,1997,Rabi,Peas & beans (Pulses),6397,9914,1.549788964
Uttar Pradesh,ETAWAH,1997,Rabi,Rapeseed &Mustard,18718,9928,0.530398547
Uttar Pradesh,ETAWAH,1997,Rabi,Sunflower,45,68,1.511111111
Uttar Pradesh,ETAWAH,1997,Rabi,Wheat,81044,193022,2.381693895
Uttar Pradesh,ETAWAH,1997,Summer,Maize,100,158,1.58
Uttar Pradesh,ETAWAH,1997,Summer,Moong(Green Gram),1722,1030,0.598141696
Uttar Pradesh,ETAWAH,1997,Summer,Urad,236,111,0.470338983
Uttar Pradesh,ETAWAH,1997,Whole Year,Potato,5427,74300,13.69080523
Uttar Pradesh,ETAWAH,1997,Whole Year,Sugarcane,1549,80097,51.70884442
Uttar Pradesh,ETAWAH,1998,Kharif,Arhar/Tur,4444,8238,1.853735374
Uttar Pradesh,ETAWAH,1998,Kharif,Bajra,35068,40364,1.151020874
Uttar Pradesh,ETAWAH,1998,Kharif,Cotton(lint),2,,
Uttar Pradesh,ETAWAH,1998,Kharif,Groundnut,75,62,0.826666667
Uttar Pradesh,ETAWAH,1998,Kharif,Jowar,749,662,0.883845127
Uttar Pradesh,ETAWAH,1998,Kharif,Maize,8044,6754,0.839632024
Uttar Pradesh,ETAWAH,1998,Kharif,Moong(Green Gram),36,8,0.222222222
Uttar Pradesh,ETAWAH,1998,Kharif,Moth,2,1,0.5
Uttar Pradesh,ETAWAH,1998,Kharif,Rice,43453,96948,2.231100269
Uttar Pradesh,ETAWAH,1998,Kharif,Sesamum,293,23,0.078498294
Uttar Pradesh,ETAWAH,1998,Kharif,Soyabean,2,1,0.5
Uttar Pradesh,ETAWAH,1998,Kharif,Urad,2006,1406,0.700897308
Uttar Pradesh,ETAWAH,1998,Rabi,Barley,5184,13045,2.516396605
Uttar Pradesh,ETAWAH,1998,Rabi,Gram,6811,8579,1.259580091
Uttar Pradesh,ETAWAH,1998,Rabi,Masoor,9,7,0.777777778
Uttar Pradesh,ETAWAH,1998,Rabi,Peas & beans (Pulses),6068,10273,1.692979565
Uttar Pradesh,ETAWAH,1998,Rabi,Rapeseed &Mustard,17748,22261,1.254282173
Uttar Pradesh,ETAWAH,1998,Rabi,Sunflower,36,66,1.833333333
Uttar Pradesh,ETAWAH,1998,Rabi,Wheat,81639,258737,3.169281838
Uttar Pradesh,ETAWAH,1998,Summer,Maize,170,172,1.011764706
Uttar Pradesh,ETAWAH,1998,Summer,Moong(Green Gram),1958,497,0.253830439
Uttar Pradesh,ETAWAH,1998,Summer,Rice,2,4,2
Uttar Pradesh,ETAWAH,1998,Summer,Urad,186,81,0.435483871
Uttar Pradesh,ETAWAH,1998,Whole Year,Onion,218,2392,10.97247706
Uttar Pradesh,ETAWAH,1998,Whole Year,Potato,6440,153164,23.78322981
Uttar Pradesh,ETAWAH,1998,Whole Year,Sannhamp,2,1,0.5
Uttar Pradesh,ETAWAH,1998,Whole Year,Sugarcane,1278,66550,52.07355243
Uttar Pradesh,ETAWAH,1999,Kharif,Arhar/Tur,4035,6179,1.531350682
Uttar Pradesh,ETAWAH,1999,Kharif,Bajra,34539,58941,1.706505689
Uttar Pradesh,ETAWAH,1999,Kharif,Groundnut,69,80,1.15942029
Uttar Pradesh,ETAWAH,1999,Kharif,Jowar,639,701,1.097026604
Uttar Pradesh,ETAWAH,1999,Kharif,Maize,7208,12143,1.684655938
Uttar Pradesh,ETAWAH,1999,Kharif,Moong(Green Gram),44,12,0.272727273
Uttar Pradesh,ETAWAH,1999,Kharif,Rice,45212,113986,2.521144829
Uttar Pradesh,ETAWAH,1999,Kharif,Sunflower,14,20,1.428571429
Uttar Pradesh,ETAWAH,1999,Kharif,Urad,1295,1082,0.835521236
Uttar Pradesh,ETAWAH,1999,Rabi,Barley,4751,12299,2.588718165
Uttar Pradesh,ETAWAH,1999,Rabi,Gram,5786,7501,1.296405116
Uttar Pradesh,ETAWAH,1999,Rabi,Maize,168,244,1.452380952
Uttar Pradesh,ETAWAH,1999,Rabi,Rapeseed &Mustard,17507,20215,1.154680985
Uttar Pradesh,ETAWAH,1999,Rabi,Wheat,84513,261279,3.091583543
Uttar Pradesh,ETAWAH,1999,Summer,Moong(Green Gram),1852,1215,0.656047516
Uttar Pradesh,ETAWAH,1999,Summer,Urad,178,100,0.561797753
Uttar Pradesh,ETAWAH,1999,Whole Year,Onion,200,2867,14.335
Uttar Pradesh,ETAWAH,1999,Whole Year,Peas & beans (Pulses),4353,8614,1.97886515
Uttar Pradesh,ETAWAH,1999,Whole Year,Potato,6651,208509,31.35002255
Uttar Pradesh,ETAWAH,1999,Whole Year,Sugarcane,1192,53583,44.95218121
Uttar Pradesh,ETAWAH,2000,Kharif,Arhar/Tur,4055,3408,0.840443896
Uttar Pradesh,ETAWAH,2000,Kharif,Bajra,37072,54030,1.457434182
Uttar Pradesh,ETAWAH,2000,Kharif,Groundnut,69,89,1.289855072
Uttar Pradesh,ETAWAH,2000,Kharif,Jowar,857,808,0.942823804
Uttar Pradesh,ETAWAH,2000,Kharif,Maize,7486,17914,2.393000267
Uttar Pradesh,ETAWAH,2000,Kharif,Moong(Green Gram),55,17,0.309090909
Uttar Pradesh,ETAWAH,2000,Kharif,Rice,47332,94299,1.992288515
Uttar Pradesh,ETAWAH,2000,Kharif,Sesamum,164,35,0.213414634
Uttar Pradesh,ETAWAH,2000,Kharif,Urad,1616,892,0.551980198
Uttar Pradesh,ETAWAH,2000,Rabi,Barley,5232,11506,2.199159021
Uttar Pradesh,ETAWAH,2000,Rabi,Gram,5826,6481,1.112427051
Uttar Pradesh,ETAWAH,2000,Rabi,Maize,124,201,1.620967742
Uttar Pradesh,ETAWAH,2000,Rabi,Masoor,4,3,0.75
Uttar Pradesh,ETAWAH,2000,Rabi,Moong(Green Gram),1416,761,0.537429379
Uttar Pradesh,ETAWAH,2000,Rabi,Peas & beans (Pulses),3260,5770,1.76993865
Uttar Pradesh,ETAWAH,2000,Rabi,Rapeseed &Mustard,14203,15688,1.104555376
Uttar Pradesh,ETAWAH,2000,Rabi,Urad,224,112,0.5
Uttar Pradesh,ETAWAH,2000,Rabi,Wheat,87411,239666,2.741828832
Uttar Pradesh,ETAWAH,2000,Whole Year,Potato,5967,135008,22.6257751
Uttar Pradesh,ETAWAH,2000,Whole Year,Sugarcane,1103,56665,51.37352675
Uttar Pradesh,ETAWAH,2001,Kharif,Arhar/Tur,4095,5816,1.42026862
Uttar Pradesh,ETAWAH,2001,Kharif,Bajra,34864,45977,1.318752868
Uttar Pradesh,ETAWAH,2001,Kharif,Cotton(lint),1,1,1
Uttar Pradesh,ETAWAH,2001,Kharif,Groundnut,36,30,0.833333333
Uttar Pradesh,ETAWAH,2001,Kharif,Jowar,458,428,0.934497817
Uttar Pradesh,ETAWAH,2001,Kharif,Maize,8041,16154,2.00895411
Uttar Pradesh,ETAWAH,2001,Kharif,Moong(Green Gram),40,11,0.275
Uttar Pradesh,ETAWAH,2001,Kharif,Moth,1,0.1,0.1
Uttar Pradesh,ETAWAH,2001,Kharif,Rice,48308,106787,2.210544837
Uttar Pradesh,ETAWAH,2001,Kharif,Sesamum,165,27,0.163636364
Uttar Pradesh,ETAWAH,2001,Kharif,Sunflower,31,73,2.35483871
Uttar Pradesh,ETAWAH,2001,Kharif,Urad,2646,1318,0.498110355
Uttar Pradesh,ETAWAH,2001,Rabi,Barley,4181,9919,2.372398948
Uttar Pradesh,ETAWAH,2001,Rabi,Gram,6339,8300,1.309354788
Uttar Pradesh,ETAWAH,2001,Rabi,Maize,155,252,1.625806452
Uttar Pradesh,ETAWAH,2001,Rabi,Masoor,8,6,0.75
Uttar Pradesh,ETAWAH,2001,Rabi,Moong(Green Gram),1346,734,0.545319465
Uttar Pradesh,ETAWAH,2001,Rabi,Peas & beans (Pulses),3055,5566,1.82193126
Uttar Pradesh,ETAWAH,2001,Rabi,Rapeseed &Mustard,15810,17428,1.102340291
Uttar Pradesh,ETAWAH,2001,Rabi,Urad,223,140,0.627802691
Uttar Pradesh,ETAWAH,2001,Rabi,Wheat,87152,259933,2.982524784
Uttar Pradesh,ETAWAH,2001,Whole Year,Potato,6610,163921,24.798941
Uttar Pradesh,ETAWAH,2001,Whole Year,Sugarcane,973,51954,53.39568345
Uttar Pradesh,ETAWAH,2002,Kharif,Bajra,35992,49225,1.367665037
Uttar Pradesh,ETAWAH,2002,Kharif,Groundnut,5,3,0.6
Uttar Pradesh,ETAWAH,2002,Kharif,Jowar,604,659,1.091059603
Uttar Pradesh,ETAWAH,2002,Kharif,Maize,5898,9904,1.679213293
Uttar Pradesh,ETAWAH,2002,Kharif,Moong(Green Gram),49,33,0.673469388
Uttar Pradesh,ETAWAH,2002,Kharif,Rice,38965,90273,2.316771462
Uttar Pradesh,ETAWAH,2002,Kharif,Sesamum,90,15,0.166666667
Uttar Pradesh,ETAWAH,2002,Kharif,Sunflower,7,13,1.857142857
Uttar Pradesh,ETAWAH,2002,Kharif,Urad,3116,2019,0.647946085
Uttar Pradesh,ETAWAH,2002,Rabi,Barley,4048,12133,2.997282609
Uttar Pradesh,ETAWAH,2002,Rabi,Gram,5682,5743,1.010735656
Uttar Pradesh,ETAWAH,2002,Rabi,Linseed,3,1,0.333333333
Uttar Pradesh,ETAWAH,2002,Rabi,Maize,121,134,1.107438017
Uttar Pradesh,ETAWAH,2002,Rabi,Masoor,4,3,0.75
Uttar Pradesh,ETAWAH,2002,Rabi,Onion,28,289,10.32142857
Uttar Pradesh,ETAWAH,2002,Rabi,Peas & beans (Pulses),3290,5840,1.775075988
Uttar Pradesh,ETAWAH,2002,Rabi,Rapeseed &Mustard,13011,12957,0.995849666
Uttar Pradesh,ETAWAH,2002,Rabi,Wheat,85848,267416,3.114993943
Uttar Pradesh,ETAWAH,2002,Summer,Moong(Green Gram),1231,644,0.523151909
Uttar Pradesh,ETAWAH,2002,Summer,Onion,69,771,11.17391304
Uttar Pradesh,ETAWAH,2002,Summer,Urad,294,247,0.840136054
Uttar Pradesh,ETAWAH,2002,Whole Year,Potato,8973,211198,23.53705561
Uttar Pradesh,ETAWAH,2002,Whole Year,Sannhamp,2,1,0.5
Uttar Pradesh,ETAWAH,2002,Whole Year,Sugarcane,963,47527,49.35306334
Uttar Pradesh,ETAWAH,2003,Kharif,Arhar/Tur,3540,5377,1.518926554
Uttar Pradesh,ETAWAH,2003,Kharif,Bajra,41121,36176,0.879745142
Uttar Pradesh,ETAWAH,2003,Kharif,Groundnut,1,1,1
Uttar Pradesh,ETAWAH,2003,Kharif,Jowar,200,181,0.905
Uttar Pradesh,ETAWAH,2003,Kharif,Maize,6673,13540,2.029072381
Uttar Pradesh,ETAWAH,2003,Kharif,Moong(Green Gram),106,25,0.235849057
Uttar Pradesh,ETAWAH,2003,Kharif,Rice,42058,98652,2.345617956
Uttar Pradesh,ETAWAH,2003,Kharif,Sesamum,75,10,0.133333333
Uttar Pradesh,ETAWAH,2003,Kharif,Urad,3115,2442,0.783948636
Uttar Pradesh,ETAWAH,2003,Rabi,Barley,3828,9504,2.482758621
Uttar Pradesh,ETAWAH,2003,Rabi,Gram,5032,7019,1.394872814
Uttar Pradesh,ETAWAH,2003,Rabi,Maize,1,1,1
Uttar Pradesh,ETAWAH,2003,Rabi,Masoor,6,5,0.833333333
Uttar Pradesh,ETAWAH,2003,Rabi,Onion,27,388,14.37037037
Uttar Pradesh,ETAWAH,2003,Rabi,Peas & beans (Pulses),2270,4125,1.817180617
Uttar Pradesh,ETAWAH,2003,Rabi,Rapeseed &Mustard,14134,18076,1.278901939
Uttar Pradesh,ETAWAH,2003,Rabi,Wheat,88351,275992,3.123812973
Uttar Pradesh,ETAWAH,2003,Summer,Maize,165,226,1.36969697
Uttar Pradesh,ETAWAH,2003,Summer,Moong(Green Gram),1470,1098,0.746938776
Uttar Pradesh,ETAWAH,2003,Summer,Onion,79,804,10.17721519
Uttar Pradesh,ETAWAH,2003,Summer,Urad,242,212,0.876033058
Uttar Pradesh,ETAWAH,2003,Whole Year,Potato,9304,236080,25.37403267
Uttar Pradesh,ETAWAH,2003,Whole Year,Sugarcane,818,38673,47.27750611
Uttar Pradesh,ETAWAH,2003,Whole Year,Turmeric,1,2,2
Uttar Pradesh,ETAWAH,2004,Kharif,Bajra,38183,73617,1.928004609
Uttar Pradesh,ETAWAH,2004,Kharif,Groundnut,4,3,0.75
Uttar Pradesh,ETAWAH,2004,Kharif,Jowar,239,177,0.740585774
Uttar Pradesh,ETAWAH,2004,Kharif,Maize,6588,13776,2.091074681
Uttar Pradesh,ETAWAH,2004,Kharif,Rice,44493,121859,2.738835322
Uttar Pradesh,ETAWAH,2004,Kharif,Sannhamp,3,1,0.333333333
Uttar Pradesh,ETAWAH,2004,Kharif,Sesamum,221,35,0.158371041
Uttar Pradesh,ETAWAH,2004,Kharif,Sugarcane,697,37262,53.46054519
Uttar Pradesh,ETAWAH,2004,Rabi,Barley,3279,6331,1.930771577
Uttar Pradesh,ETAWAH,2004,Rabi,Gram,4312,5303,1.229823748
Uttar Pradesh,ETAWAH,2004,Rabi,Potato,8676,220587,25.42496542
Uttar Pradesh,ETAWAH,2004,Rabi,Rapeseed &Mustard,16958,20296,1.19683925
Uttar Pradesh,ETAWAH,2004,Rabi,Wheat,89322,252425,2.826011509
Uttar Pradesh,ETAWAH,2004,Summer,Sunflower,9,18,2
Uttar Pradesh,ETAWAH,2004,Whole Year,Dry chillies,188,177,0.941489362
Uttar Pradesh,ETAWAH,2004,Whole Year,Garlic,1578,6834,4.330798479
Uttar Pradesh,ETAWAH,2004,Whole Year,Guar seed,14,12,0.857142857
Uttar Pradesh,ETAWAH,2004,Whole Year,Onion,79,929,11.75949367
Uttar Pradesh,ETAWAH,2004,Whole Year,Sweet potato,62,721,11.62903226
Uttar Pradesh,ETAWAH,2005,Kharif,Bajra,37571,64839,1.725772537
Uttar Pradesh,ETAWAH,2005,Kharif,Jowar,106,121,1.141509434
Uttar Pradesh,ETAWAH,2005,Kharif,Maize,9884,15785,1.597025496
Uttar Pradesh,ETAWAH,2005,Kharif,Rice,41868,107936,2.57800707
Uttar Pradesh,ETAWAH,2005,Kharif,Sesamum,434,77,0.177419355
Uttar Pradesh,ETAWAH,2005,Kharif,Sugarcane,1061,49334,46.49764373
Uttar Pradesh,ETAWAH,2005,Rabi,Barley,3255,7729,2.374500768
Uttar Pradesh,ETAWAH,2005,Rabi,Gram,3891,4894,1.257774351
Uttar Pradesh,ETAWAH,2005,Rabi,Potato,10961,230477,21.02700484
Uttar Pradesh,ETAWAH,2005,Rabi,Rapeseed &Mustard,12866,19336,1.502875797
Uttar Pradesh,ETAWAH,2005,Rabi,Turmeric,1,4,4
Uttar Pradesh,ETAWAH,2005,Rabi,Wheat,88995,271969,3.056003146
Uttar Pradesh,ETAWAH,2005,Summer,Sunflower,1,1,1
Uttar Pradesh,ETAWAH,2005,Whole Year,Coriander,56,32,0.571428571
Uttar Pradesh,ETAWAH,2005,Whole Year,Dry chillies,218,199,0.912844037
Uttar Pradesh,ETAWAH,2005,Whole Year,Garlic,2443,10645,4.357347524
Uttar Pradesh,ETAWAH,2005,Whole Year,Guar seed,8,7,0.875
Uttar Pradesh,ETAWAH,2005,Whole Year,Onion,125,1607,12.856
Uttar Pradesh,ETAWAH,2005,Whole Year,Sweet potato,85,1112,13.08235294
Uttar Pradesh,ETAWAH,2006,Kharif,Arhar/Tur,4373,3055,0.698605077
Uttar Pradesh,ETAWAH,2006,Kharif,Bajra,42587,73198,1.718787423
Uttar Pradesh,ETAWAH,2006,Kharif,Jowar,1663,1728,1.039085989
Uttar Pradesh,ETAWAH,2006,Kharif,Maize,6588,11186,1.697935641
Uttar Pradesh,ETAWAH,2006,Kharif,Other Kharif pulses,5945,4147,0.697560976
Uttar Pradesh,ETAWAH,2006,Kharif,Rice,31781,85046,2.676001384
Uttar Pradesh,ETAWAH,2006,Kharif,Sesamum,221,37,0.167420814
Uttar Pradesh,ETAWAH,2006,Kharif,Sugarcane,749,42517,56.76502003
Uttar Pradesh,ETAWAH,2006,Kharif,Sweet potato,68,928,13.64705882
Uttar Pradesh,ETAWAH,2006,Rabi,Barley,2276,5633,2.474956063
Uttar Pradesh,ETAWAH,2006,Rabi,Garlic,2889,12703,4.397023191
Uttar Pradesh,ETAWAH,2006,Rabi,Gram,1750,2217,1.266857143
Uttar Pradesh,ETAWAH,2006,Rabi,Masoor,3,4,1.333333333
Uttar Pradesh,ETAWAH,2006,Rabi,Onion,21,403,19.19047619
Uttar Pradesh,ETAWAH,2006,Rabi,Other  Rabi pulses,1432,2488,1.737430168
Uttar Pradesh,ETAWAH,2006,Rabi,Potato,8407,199355,23.71297728
Uttar Pradesh,ETAWAH,2006,Rabi,Rapeseed &Mustard,16219,20665,1.274122942
Uttar Pradesh,ETAWAH,2006,Rabi,Wheat,88342,285080,3.227004143
Uttar Pradesh,ETAWAH,2006,Summer,Maize,445,590,1.325842697
Uttar Pradesh,ETAWAH,2006,Summer,Onion,43,501,11.65116279
Uttar Pradesh,ETAWAH,2006,Summer,Sunflower,4,5,1.25
Uttar Pradesh,ETAWAH,2006,Whole Year,Coriander,26,14,0.538461538
Uttar Pradesh,ETAWAH,2006,Whole Year,Dry chillies,207,196,0.946859903
Uttar Pradesh,ETAWAH,2006,Whole Year,Guar seed,9,8,0.888888889
Uttar Pradesh,ETAWAH,2007,Kharif,Arhar/Tur,3386,8897,2.62758417
Uttar Pradesh,ETAWAH,2007,Kharif,Bajra,37616,69159,1.838552744
Uttar Pradesh,ETAWAH,2007,Kharif,Dry chillies,194,187,0.963917526
Uttar Pradesh,ETAWAH,2007,Kharif,Groundnut,97,58,0.597938144
Uttar Pradesh,ETAWAH,2007,Kharif,Guar seed,11,9,0.818181818
Uttar Pradesh,ETAWAH,2007,Kharif,Maize,5337,10258,1.922053588
Uttar Pradesh,ETAWAH,2007,Kharif,Moong(Green Gram),33,7,0.212121212
Uttar Pradesh,ETAWAH,2007,Kharif,Rice,44284,113633,2.566005781
Uttar Pradesh,ETAWAH,2007,Kharif,Sannhamp,3,1,0.333333333
Uttar Pradesh,ETAWAH,2007,Kharif,Sesamum,1520,234,0.153947368
Uttar Pradesh,ETAWAH,2007,Kharif,Sugarcane,652,33019,50.64263804
Uttar Pradesh,ETAWAH,2007,Kharif,Sweet potato,77,1037,13.46753247
Uttar Pradesh,ETAWAH,2007,Kharif,Urad,2161,1385,0.640906988
Uttar Pradesh,ETAWAH,2007,Rabi,Barley,2511,5853,2.330943847
Uttar Pradesh,ETAWAH,2007,Rabi,Coriander,56,32,0.571428571
Uttar Pradesh,ETAWAH,2007,Rabi,Gram,3239,3053,0.942574869
Uttar Pradesh,ETAWAH,2007,Rabi,Masoor,10,6,0.6
Uttar Pradesh,ETAWAH,2007,Rabi,Onion,19,265,13.94736842
Uttar Pradesh,ETAWAH,2007,Rabi,Other  Rabi pulses,1554,2847,1.832046332
Uttar Pradesh,ETAWAH,2007,Rabi,Potato,12250,311358,25.41697959
Uttar Pradesh,ETAWAH,2007,Rabi,Rapeseed &Mustard,13841,19113,1.380897334
Uttar Pradesh,ETAWAH,2007,Rabi,Turmeric,1,3,3
Uttar Pradesh,ETAWAH,2007,Rabi,Wheat,91660,254906,2.780994981
Uttar Pradesh,ETAWAH,2007,Summer,Maize,352,506,1.4375
Uttar Pradesh,ETAWAH,2007,Summer,Moong(Green Gram),2912,1625,0.558035714
Uttar Pradesh,ETAWAH,2007,Summer,Onion,40,454,11.35
Uttar Pradesh,ETAWAH,2007,Summer,Urad,403,263,0.652605459
Uttar Pradesh,ETAWAH,2008,Kharif,Arhar/Tur,2294,3547,1.546207498
Uttar Pradesh,ETAWAH,2008,Kharif,Bajra,29440,63965,2.172724185
Uttar Pradesh,ETAWAH,2008,Kharif,Dry chillies,314,313,0.996815287
Uttar Pradesh,ETAWAH,2008,Kharif,Groundnut,20,14,0.7
Uttar Pradesh,ETAWAH,2008,Kharif,Guar seed,8,7,0.875
Uttar Pradesh,ETAWAH,2008,Kharif,Jowar,147,188,1.278911565
Uttar Pradesh,ETAWAH,2008,Kharif,Maize,4617,8698,1.883907299
Uttar Pradesh,ETAWAH,2008,Kharif,Moong(Green Gram),20,7,0.35
Uttar Pradesh,ETAWAH,2008,Kharif,Rice,45157,125040,2.769005913
Uttar Pradesh,ETAWAH,2008,Kharif,Sesamum,837,138,0.164874552
Uttar Pradesh,ETAWAH,2008,Kharif,Sugarcane,373,16680,44.71849866
Uttar Pradesh,ETAWAH,2008,Kharif,Sweet potato,56,688,12.28571429
Uttar Pradesh,ETAWAH,2008,Kharif,Urad,1079,900,0.834105653
Uttar Pradesh,ETAWAH,2008,Rabi,Barley,2040,4811,2.358333333
Uttar Pradesh,ETAWAH,2008,Rabi,Coriander,25,15,0.6
Uttar Pradesh,ETAWAH,2008,Rabi,Garlic,3408,20073,5.889964789
Uttar Pradesh,ETAWAH,2008,Rabi,Gram,1177,1791,1.521665251
Uttar Pradesh,ETAWAH,2008,Rabi,Masoor,1,1,1
Uttar Pradesh,ETAWAH,2008,Rabi,Onion,16,188,11.75
Uttar Pradesh,ETAWAH,2008,Rabi,Peas & beans (Pulses),683,1156,1.692532943
Uttar Pradesh,ETAWAH,2008,Rabi,Potato,12506,290277,23.21101871
Uttar Pradesh,ETAWAH,2008,Rabi,Rapeseed &Mustard,14987,21236,1.416961367
Uttar Pradesh,ETAWAH,2008,Rabi,Wheat,93502,325667,3.482995016
Uttar Pradesh,ETAWAH,2008,Summer,Maize,186,278,1.494623656
Uttar Pradesh,ETAWAH,2008,Summer,Moong(Green Gram),2086,2524,1.209971237
Uttar Pradesh,ETAWAH,2008,Summer,Sunflower,18,33,1.833333333
Uttar Pradesh,ETAWAH,2008,Summer,Urad,353,345,0.97733711
Uttar Pradesh,ETAWAH,2009,Kharif,Arhar/Tur,2757,4166,1.511062749
Uttar Pradesh,ETAWAH,2009,Kharif,Bajra,33550,67258,2.004709389
Uttar Pradesh,ETAWAH,2009,Kharif,Dry chillies,224,197,0.879464286
Uttar Pradesh,ETAWAH,2009,Kharif,Groundnut,3,2,0.666666667
Uttar Pradesh,ETAWAH,2009,Kharif,Guar seed,12,10,0.833333333
Uttar Pradesh,ETAWAH,2009,Kharif,Jowar,536,573,1.069029851
Uttar Pradesh,ETAWAH,2009,Kharif,Maize,4214,8651,2.052918842
Uttar Pradesh,ETAWAH,2009,Kharif,Moong(Green Gram),99,15,0.151515152
Uttar Pradesh,ETAWAH,2009,Kharif,Rice,37865,98260,2.595008583
Uttar Pradesh,ETAWAH,2009,Kharif,Sannhamp,4,1,0.25
Uttar Pradesh,ETAWAH,2009,Kharif,Sesamum,1415,147,0.103886926
Uttar Pradesh,ETAWAH,2009,Kharif,Sugarcane,402,20648,51.36318408
Uttar Pradesh,ETAWAH,2009,Kharif,Sweet potato,64,870,13.59375
Uttar Pradesh,ETAWAH,2009,Kharif,Urad,1504,695,0.462101064
Uttar Pradesh,ETAWAH,2009,Rabi,Barley,2079,4184,2.012506013
Uttar Pradesh,ETAWAH,2009,Rabi,Coriander,38,22,0.578947368
Uttar Pradesh,ETAWAH,2009,Rabi,Garlic,3092,16427,5.312742561
Uttar Pradesh,ETAWAH,2009,Rabi,Gram,2461,2995,1.216984965
Uttar Pradesh,ETAWAH,2009,Rabi,Masoor,5,4,0.8
Uttar Pradesh,ETAWAH,2009,Rabi,Onion,52,893,17.17307692
Uttar Pradesh,ETAWAH,2009,Rabi,Peas & beans (Pulses),431,599,1.389791183
Uttar Pradesh,ETAWAH,2009,Rabi,Potato,14408,373138,25.89797335
Uttar Pradesh,ETAWAH,2009,Rabi,Rapeseed &Mustard,15229,21792,1.430954101
Uttar Pradesh,ETAWAH,2009,Rabi,Wheat,93568,272624,2.913645691
Uttar Pradesh,ETAWAH,2009,Summer,Maize,296,431,1.456081081
Uttar Pradesh,ETAWAH,2009,Summer,Moong(Green Gram),2347,2002,0.853003835
Uttar Pradesh,ETAWAH,2009,Summer,Onion,23,339,14.73913043
Uttar Pradesh,ETAWAH,2009,Summer,Sunflower,9,20,2.222222222
Uttar Pradesh,ETAWAH,2009,Summer,Urad,378,302,0.798941799
Uttar Pradesh,ETAWAH,2010,Kharif,Arhar/Tur,3534,4152,1.174872666
Uttar Pradesh,ETAWAH,2010,Kharif,Bajra,36027,74000,2.054015044
Uttar Pradesh,ETAWAH,2010,Kharif,Dry chillies,195,171,0.876923077
Uttar Pradesh,ETAWAH,2010,Kharif,Groundnut,42,41,0.976190476
Uttar Pradesh,ETAWAH,2010,Kharif,Guar seed,9,7,0.777777778
Uttar Pradesh,ETAWAH,2010,Kharif,Jowar,60,70,1.166666667
Uttar Pradesh,ETAWAH,2010,Kharif,Maize,4711,9022,1.915092337
Uttar Pradesh,ETAWAH,2010,Kharif,Moong(Green Gram),89,42,0.471910112
Uttar Pradesh,ETAWAH,2010,Kharif,Rice,43727,108224,2.474992568
Uttar Pradesh,ETAWAH,2010,Kharif,Sannhamp,1,,
Uttar Pradesh,ETAWAH,2010,Kharif,Sesamum,1288,254,0.197204969
Uttar Pradesh,ETAWAH,2010,Kharif,Sugarcane,317,16944,53.4511041
Uttar Pradesh,ETAWAH,2010,Kharif,Sweet potato,51,628,12.31372549
Uttar Pradesh,ETAWAH,2010,Kharif,Urad,1454,1046,0.719394773
Uttar Pradesh,ETAWAH,2010,Rabi,Barley,2234,6539,2.927036705
Uttar Pradesh,ETAWAH,2010,Rabi,Gram,2340,3568,1.524786325
Uttar Pradesh,ETAWAH,2010,Rabi,Masoor,4,4,1
Uttar Pradesh,ETAWAH,2010,Rabi,Onion,34,626,18.41176471
Uttar Pradesh,ETAWAH,2010,Rabi,Peas & beans (Pulses),136,199,1.463235294
Uttar Pradesh,ETAWAH,2010,Rabi,Potato,14360,344295,23.97597493
Uttar Pradesh,ETAWAH,2010,Rabi,Rapeseed &Mustard,11874,19802,1.667677278
Uttar Pradesh,ETAWAH,2010,Rabi,Wheat,94864,334111,3.521999916
Uttar Pradesh,ETAWAH,2010,Summer,Maize,132,194,1.46969697
Uttar Pradesh,ETAWAH,2010,Summer,Moong(Green Gram),3539,3047,0.860977677
Uttar Pradesh,ETAWAH,2010,Summer,Sunflower,14,31,2.214285714
Uttar Pradesh,ETAWAH,2010,Summer,Urad,359,370,1.030640669
Uttar Pradesh,ETAWAH,2011,Kharif,Arhar/Tur,1878,4177,2.224174654
Uttar Pradesh,ETAWAH,2011,Kharif,Bajra,36586,73399,2.006204559
Uttar Pradesh,ETAWAH,2011,Kharif,Dry chillies,227,188,0.828193833
Uttar Pradesh,ETAWAH,2011,Kharif,Groundnut,70,70,1
Uttar Pradesh,ETAWAH,2011,Kharif,Guar seed,23,19,0.826086957
Uttar Pradesh,ETAWAH,2011,Kharif,Jowar,31,38,1.225806452
Uttar Pradesh,ETAWAH,2011,Kharif,Maize,4173,8167,1.9571052
Uttar Pradesh,ETAWAH,2011,Kharif,Moong(Green Gram),110,47,0.427272727
Uttar Pradesh,ETAWAH,2011,Kharif,Rice,50571,136997,2.709003184
Uttar Pradesh,ETAWAH,2011,Kharif,Sesamum,1033,265,0.256534366
Uttar Pradesh,ETAWAH,2011,Kharif,Sugarcane,428,24810,57.96728972
Uttar Pradesh,ETAWAH,2011,Kharif,Sweet potato,70,909,12.98571429
Uttar Pradesh,ETAWAH,2011,Kharif,Urad,1362,1287,0.944933921
Uttar Pradesh,ETAWAH,2011,Rabi,Barley,1850,5930,3.205405405
Uttar Pradesh,ETAWAH,2011,Rabi,Coriander,48,27,0.5625
Uttar Pradesh,ETAWAH,2011,Rabi,Garlic,3088,15959,5.168069948
Uttar Pradesh,ETAWAH,2011,Rabi,Gram,2033,3127,1.538121003
Uttar Pradesh,ETAWAH,2011,Rabi,Maize,76,181,2.381578947
Uttar Pradesh,ETAWAH,2011,Rabi,Masoor,37,32,0.864864865
Uttar Pradesh,ETAWAH,2011,Rabi,Onion,70,1601,22.87142857
Uttar Pradesh,ETAWAH,2011,Rabi,Peas & beans (Pulses),197,302,1.532994924
Uttar Pradesh,ETAWAH,2011,Rabi,Potato,13708,267265,19.49700905
Uttar Pradesh,ETAWAH,2011,Rabi,Rapeseed &Mustard,15186,24315,1.601145792
Uttar Pradesh,ETAWAH,2011,Rabi,Wheat,94353,363087,3.848176529
Uttar Pradesh,ETAWAH,2011,Summer,Maize,237,392,1.654008439
Uttar Pradesh,ETAWAH,2011,Summer,Moong(Green Gram),3125,2513,0.80416
Uttar Pradesh,ETAWAH,2011,Summer,Onion,62,703,11.33870968
Uttar Pradesh,ETAWAH,2011,Summer,Sunflower,1,2,2
Uttar Pradesh,ETAWAH,2011,Summer,Urad,318,270,0.849056604
Uttar Pradesh,ETAWAH,2012,Kharif,Arhar/Tur,1815,3617,1.992837466
Uttar Pradesh,ETAWAH,2012,Kharif,Bajra,35459,84639,2.386953947
Uttar Pradesh,ETAWAH,2012,Kharif,Dry chillies,161,129,0.801242236
Uttar Pradesh,ETAWAH,2012,Kharif,Groundnut,68,68,1
Uttar Pradesh,ETAWAH,2012,Kharif,Guar seed,13,11,0.846153846
Uttar Pradesh,ETAWAH,2012,Kharif,Jowar,64,88,1.375
Uttar Pradesh,ETAWAH,2012,Kharif,Maize,4658,12511,2.685916702
Uttar Pradesh,ETAWAH,2012,Kharif,Moong(Green Gram),63,32,0.507936508
Uttar Pradesh,ETAWAH,2012,Kharif,Rice,49251,145734,2.959005909
Uttar Pradesh,ETAWAH,2012,Kharif,Sannhamp,1,,
Uttar Pradesh,ETAWAH,2012,Kharif,Sesamum,1003,201,0.200398804
Uttar Pradesh,ETAWAH,2012,Kharif,Sugarcane,374,22703,60.70320856
Uttar Pradesh,ETAWAH,2012,Kharif,Sweet potato,81,1049,12.95061728
Uttar Pradesh,ETAWAH,2012,Kharif,Urad,1145,1184,1.034061135
Uttar Pradesh,ETAWAH,2012,Rabi,Barley,5220,16306,3.123754789
Uttar Pradesh,ETAWAH,2012,Rabi,Coriander,7,4,0.571428571
Uttar Pradesh,ETAWAH,2012,Rabi,Garlic,4304,22355,5.194005576
Uttar Pradesh,ETAWAH,2012,Rabi,Gram,1771,2414,1.363071711
Uttar Pradesh,ETAWAH,2012,Rabi,Onion,22,506,23
Uttar Pradesh,ETAWAH,2012,Rabi,Peas & beans (Pulses),146,235,1.609589041
Uttar Pradesh,ETAWAH,2012,Rabi,Potato,13500,381389,28.25103704
Uttar Pradesh,ETAWAH,2012,Rabi,Rapeseed &Mustard,16111,28598,1.775060518
Uttar Pradesh,ETAWAH,2012,Rabi,Turmeric,1,3,3
Uttar Pradesh,ETAWAH,2012,Rabi,Wheat,93695,366688,3.913634666
Uttar Pradesh,ETAWAH,2012,Summer,Maize,318,587,1.84591195
Uttar Pradesh,ETAWAH,2012,Summer,Moong(Green Gram),2565,1336,0.5208577
Uttar Pradesh,ETAWAH,2012,Summer,Onion,25,285,11.4
Uttar Pradesh,ETAWAH,2012,Summer,Urad,351,284,0.809116809
Uttar Pradesh,ETAWAH,2013,Kharif,Arhar/Tur,1781,1824,1.024143739
Uttar Pradesh,ETAWAH,2013,Kharif,Bajra,35235,87422,2.48111253
Uttar Pradesh,ETAWAH,2013,Kharif,Dry chillies,121,98,0.809917355
Uttar Pradesh,ETAWAH,2013,Kharif,Groundnut,185,165,0.891891892
Uttar Pradesh,ETAWAH,2013,Kharif,Guar seed,16,13,0.8125
Uttar Pradesh,ETAWAH,2013,Kharif,Jowar,192,267,1.390625
Uttar Pradesh,ETAWAH,2013,Kharif,Maize,4559,12679,2.781092345
Uttar Pradesh,ETAWAH,2013,Kharif,Moong(Green Gram),58,19,0.327586207
Uttar Pradesh,ETAWAH,2013,Kharif,Rice,58263,169604,2.911006986
Uttar Pradesh,ETAWAH,2013,Kharif,Sesamum,853,30,0.035169988
Uttar Pradesh,ETAWAH,2013,Kharif,Sugarcane,348,20738,59.59195402
Uttar Pradesh,ETAWAH,2013,Kharif,Sweet potato,63,832,13.20634921
Uttar Pradesh,ETAWAH,2013,Kharif,Urad,968,554,0.57231405
Uttar Pradesh,ETAWAH,2013,Rabi,Barley,1627,4588,2.819913952
Uttar Pradesh,ETAWAH,2013,Rabi,Coriander,5,3,0.6
Uttar Pradesh,ETAWAH,2013,Rabi,Garlic,4240,24842,5.858962264
Uttar Pradesh,ETAWAH,2013,Rabi,Gram,1789,1090,0.609278927
Uttar Pradesh,ETAWAH,2013,Rabi,Maize,2,7,3.5
Uttar Pradesh,ETAWAH,2013,Rabi,Masoor,16,11,0.6875
Uttar Pradesh,ETAWAH,2013,Rabi,Onion,34,692,20.35294118
Uttar Pradesh,ETAWAH,2013,Rabi,Peas & beans (Pulses),177,310,1.751412429
Uttar Pradesh,ETAWAH,2013,Rabi,Potato,16305,361351,22.16197485
Uttar Pradesh,ETAWAH,2013,Rabi,Rapeseed &Mustard,15340,20157,1.314015645
Uttar Pradesh,ETAWAH,2013,Rabi,Turmeric,1,3,3
Uttar Pradesh,ETAWAH,2013,Rabi,Wheat,96592,360658,3.733828889
Uttar Pradesh,ETAWAH,2013,Summer,Maize,755,1387,1.837086093
Uttar Pradesh,ETAWAH,2013,Summer,Moong(Green Gram),5517,4101,0.743338771
Uttar Pradesh,ETAWAH,2013,Summer,Onion,33,422,12.78787879
Uttar Pradesh,ETAWAH,2013,Summer,Sunflower,9,14,1.555555556
Uttar Pradesh,ETAWAH,2013,Summer,Urad,353,250,0.708215297
Uttar Pradesh,ETAWAH,2014,Kharif,Arhar/Tur,1687,835,0.49496147
Uttar Pradesh,ETAWAH,2014,Kharif,Bajra,37706,73955,1.961358935
Uttar Pradesh,ETAWAH,2014,Kharif,Dry chillies,144,119,0.826388889
Uttar Pradesh,ETAWAH,2014,Kharif,Groundnut,140,121,0.864285714
Uttar Pradesh,ETAWAH,2014,Kharif,Guar seed,15,12,0.8
Uttar Pradesh,ETAWAH,2014,Kharif,Jowar,131,117,0.893129771
Uttar Pradesh,ETAWAH,2014,Kharif,Maize,4787,12767,2.667014832
Uttar Pradesh,ETAWAH,2014,Kharif,Moong(Green Gram),76,24,0.315789474
Uttar Pradesh,ETAWAH,2014,Kharif,Rice,52797,136533,2.585999205
Uttar Pradesh,ETAWAH,2014,Kharif,Sesamum,944,39,0.041313559
Uttar Pradesh,ETAWAH,2014,Kharif,Sugarcane,408,23506,57.6127451
Uttar Pradesh,ETAWAH,2014,Kharif,Sweet potato,77,954,12.38961039
Uttar Pradesh,ETAWAH,2014,Kharif,Urad,1168,613,0.524828767
Uttar Pradesh,ETAWAH,2014,Rabi,Barley,887,1269,1.430665163
Uttar Pradesh,ETAWAH,2014,Rabi,Coriander,31,15,0.483870968
Uttar Pradesh,ETAWAH,2014,Rabi,Garlic,4214,24409,5.792358804
Uttar Pradesh,ETAWAH,2014,Rabi,Gram,1522,620,0.407358739
Uttar Pradesh,ETAWAH,2014,Rabi,Linseed,5,3,0.6
Uttar Pradesh,ETAWAH,2014,Rabi,Maize,2,5,2.5
Uttar Pradesh,ETAWAH,2014,Rabi,Masoor,3,1,0.333333333
Uttar Pradesh,ETAWAH,2014,Rabi,Onion,20,306,15.3
Uttar Pradesh,ETAWAH,2014,Rabi,Peas & beans (Pulses),170,93,0.547058824
Uttar Pradesh,ETAWAH,2014,Rabi,Potato,17149,423323,24.68499621
Uttar Pradesh,ETAWAH,2014,Rabi,Rapeseed &Mustard,15076,6317,0.419010348
Uttar Pradesh,ETAWAH,2014,Rabi,Turmeric,1,3,3
Uttar Pradesh,ETAWAH,2014,Rabi,Wheat,96640,164868,1.706001656
Uttar Pradesh,ETAWAH,2014,Summer,Maize,1151,2046,1.777584709
Uttar Pradesh,ETAWAH,2014,Summer,Moong(Green Gram),5846,4519,0.773007184
Uttar Pradesh,ETAWAH,2014,Summer,Onion,33,473,14.33333333
Uttar Pradesh,ETAWAH,2014,Summer,Sunflower,17,28,1.647058824
Uttar Pradesh,ETAWAH,2014,Summer,Urad,311,217,0.697749196
Uttar Pradesh,FAIZABAD,1997,Kharif,Arhar/Tur,4787,7352,1.535826196
Uttar Pradesh,FAIZABAD,1997,Kharif,Bajra,93,97,1.043010753
Uttar Pradesh,FAIZABAD,1997,Kharif,Groundnut,115,92,0.8
Uttar Pradesh,FAIZABAD,1997,Kharif,Jowar,3603,2321,0.644185401
Uttar Pradesh,FAIZABAD,1997,Kharif,Maize,2442,2205,0.902948403
Uttar Pradesh,FAIZABAD,1997,Kharif,Moong(Green Gram),15,4,0.266666667
Uttar Pradesh,FAIZABAD,1997,Kharif,Oilseeds total,3347,1755,0.524350164
Uttar Pradesh,FAIZABAD,1997,Kharif,Onion,235,2324,9.889361702
Uttar Pradesh,FAIZABAD,1997,Kharif,Rice,101815,230758,2.266444041
Uttar Pradesh,FAIZABAD,1997,Kharif,Sesamum,54,8,0.148148148
Uttar Pradesh,FAIZABAD,1997,Kharif,Small millets,323,261,0.808049536
Uttar Pradesh,FAIZABAD,1997,Kharif,Total foodgrain,231193,494931,2.140769833
Uttar Pradesh,FAIZABAD,1997,Kharif,Urad,571,239,0.418563923
Uttar Pradesh,FAIZABAD,1997,Rabi,Barley,323,613,1.897832817
Uttar Pradesh,FAIZABAD,1997,Rabi,Gram,6739,4713,0.699361923
Uttar Pradesh,FAIZABAD,1997,Rabi,Linseed,25,11,0.44
Uttar Pradesh,FAIZABAD,1997,Rabi,Masoor,2117,1374,0.649031649
Uttar Pradesh,FAIZABAD,1997,Rabi,Peas & beans (Pulses),3342,3898,1.166367445
Uttar Pradesh,FAIZABAD,1997,Rabi,Rapeseed &Mustard,3135,1620,0.516746411
Uttar Pradesh,FAIZABAD,1997,Rabi,Sunflower,18,24,1.333333333
Uttar Pradesh,FAIZABAD,1997,Rabi,Wheat,99193,237786,2.397205448
Uttar Pradesh,FAIZABAD,1997,Summer,Maize,1315,2076,1.578707224
Uttar Pradesh,FAIZABAD,1997,Summer,Moong(Green Gram),476,255,0.535714286
Uttar Pradesh,FAIZABAD,1997,Summer,Urad,3989,929,0.232890449
Uttar Pradesh,FAIZABAD,1997,Whole Year,Potato,4545,48130,10.58965897
Uttar Pradesh,FAIZABAD,1997,Whole Year,Sugarcane,13894,730491,52.57600403
Uttar Pradesh,FAIZABAD,1998,Kharif,Arhar/Tur,3632,3342,0.920154185
Uttar Pradesh,FAIZABAD,1998,Kharif,Bajra,5,6,1.2
Uttar Pradesh,FAIZABAD,1998,Kharif,Groundnut,77,64,0.831168831
Uttar Pradesh,FAIZABAD,1998,Kharif,Jowar,3099,730,0.235559858
Uttar Pradesh,FAIZABAD,1998,Kharif,Maize,2582,1800,0.697134005
Uttar Pradesh,FAIZABAD,1998,Kharif,Rice,104169,195720,1.878869913
Uttar Pradesh,FAIZABAD,1998,Kharif,Sesamum,37,4,0.108108108
Uttar Pradesh,FAIZABAD,1998,Kharif,Small millets,234,98,0.418803419
Uttar Pradesh,FAIZABAD,1998,Kharif,Urad,546,193,0.353479853
Uttar Pradesh,FAIZABAD,1998,Rabi,Barley,291,655,2.250859107
Uttar Pradesh,FAIZABAD,1998,Rabi,Gram,5119,3952,0.772025786
Uttar Pradesh,FAIZABAD,1998,Rabi,Linseed,34,13,0.382352941
Uttar Pradesh,FAIZABAD,1998,Rabi,Masoor,2427,2470,1.017717347
Uttar Pradesh,FAIZABAD,1998,Rabi,Peas & beans (Pulses),3671,3308,0.901116862
Uttar Pradesh,FAIZABAD,1998,Rabi,Rapeseed &Mustard,3574,2328,0.651371013
Uttar Pradesh,FAIZABAD,1998,Rabi,Sunflower,14,15,1.071428571
Uttar Pradesh,FAIZABAD,1998,Rabi,Wheat,98090,218734,2.229931695
Uttar Pradesh,FAIZABAD,1998,Summer,Maize,1322,1341,1.014372163
Uttar Pradesh,FAIZABAD,1998,Summer,Moong(Green Gram),475,347,0.730526316
Uttar Pradesh,FAIZABAD,1998,Summer,Urad,3796,1127,0.296891465
Uttar Pradesh,FAIZABAD,1998,Whole Year,Onion,218,2632,12.0733945
Uttar Pradesh,FAIZABAD,1998,Whole Year,Potato,5530,108938,19.6994575
Uttar Pradesh,FAIZABAD,1998,Whole Year,Sannhamp,2,1,0.5
Uttar Pradesh,FAIZABAD,1998,Whole Year,Sugarcane,14261,650815,45.63600028
Uttar Pradesh,FAIZABAD,1998,Whole Year,Tobacco,2,12,6
Uttar Pradesh,FAIZABAD,1999,Kharif,Arhar/Tur,3985,5331,1.337766625
Uttar Pradesh,FAIZABAD,1999,Kharif,Bajra,23,35,1.52173913
Uttar Pradesh,FAIZABAD,1999,Kharif,Groundnut,24,28,1.166666667
Uttar Pradesh,FAIZABAD,1999,Kharif,Jowar,3140,1704,0.542675159
Uttar Pradesh,FAIZABAD,1999,Kharif,Maize,1740,1611,0.925862069
Uttar Pradesh,FAIZABAD,1999,Kharif,Moong(Green Gram),8,2,0.25
Uttar Pradesh,FAIZABAD,1999,Kharif,Rice,101251,209220,2.066349962
Uttar Pradesh,FAIZABAD,1999,Kharif,Small millets,188,119,0.632978723
Uttar Pradesh,FAIZABAD,1999,Kharif,Sunflower,20,26,1.3
Uttar Pradesh,FAIZABAD,1999,Kharif,Urad,525,213,0.405714286
Uttar Pradesh,FAIZABAD,1999,Rabi,Barley,265,621,2.343396226
Uttar Pradesh,FAIZABAD,1999,Rabi,Gram,5602,4892,0.87325955
Uttar Pradesh,FAIZABAD,1999,Rabi,Linseed,33,15,0.454545455
Uttar Pradesh,FAIZABAD,1999,Rabi,Maize,1451,2102,1.448656099
Uttar Pradesh,FAIZABAD,1999,Rabi,Rapeseed &Mustard,3116,1899,0.609435173
Uttar Pradesh,FAIZABAD,1999,Rabi,Wheat,95938,251946,2.626133545
Uttar Pradesh,FAIZABAD,1999,Summer,Moong(Green Gram),479,439,0.916492693
Uttar Pradesh,FAIZABAD,1999,Summer,Urad,3755,1622,0.43195739
Uttar Pradesh,FAIZABAD,1999,Whole Year,Onion,251,3598,14.33466135
Uttar Pradesh,FAIZABAD,1999,Whole Year,Peas & beans (Pulses),3562,3322,0.932622122
Uttar Pradesh,FAIZABAD,1999,Whole Year,Potato,4631,68803,14.85705031
Uttar Pradesh,FAIZABAD,1999,Whole Year,Sugarcane,13547,739666,54.59998524
Uttar Pradesh,FAIZABAD,2000,Kharif,Arhar/Tur,3512,3815,1.086275626
Uttar Pradesh,FAIZABAD,2000,Kharif,Bajra,16,25,1.5625
Uttar Pradesh,FAIZABAD,2000,Kharif,Jowar,2974,2266,0.761936785
Uttar Pradesh,FAIZABAD,2000,Kharif,Maize,2154,3018,1.401114206
Uttar Pradesh,FAIZABAD,2000,Kharif,Rice,100564,213450,2.122528937
Uttar Pradesh,FAIZABAD,2000,Kharif,Sesamum,12,2,0.166666667
Uttar Pradesh,FAIZABAD,2000,Kharif,Small millets,214,158,0.738317757
Uttar Pradesh,FAIZABAD,2000,Kharif,Urad,647,285,0.44049459
Uttar Pradesh,FAIZABAD,2000,Rabi,Barley,241,517,2.145228216
Uttar Pradesh,FAIZABAD,2000,Rabi,Gram,5384,6342,1.177934621
Uttar Pradesh,FAIZABAD,2000,Rabi,Linseed,22,8,0.363636364
Uttar Pradesh,FAIZABAD,2000,Rabi,Maize,1489,2415,1.621893889
Uttar Pradesh,FAIZABAD,2000,Rabi,Masoor,2998,2653,0.884923282
Uttar Pradesh,FAIZABAD,2000,Rabi,Moong(Green Gram),430,271,0.630232558
Uttar Pradesh,FAIZABAD,2000,Rabi,Peas & beans (Pulses),3595,3633,1.010570236
Uttar Pradesh,FAIZABAD,2000,Rabi,Rapeseed &Mustard,3214,2142,0.666459241
Uttar Pradesh,FAIZABAD,2000,Rabi,Urad,3529,1193,0.338056107
Uttar Pradesh,FAIZABAD,2000,Rabi,Wheat,97812,230591,2.357491923
Uttar Pradesh,FAIZABAD,2000,Whole Year,Potato,4110,66905,16.27858881
Uttar Pradesh,FAIZABAD,2000,Whole Year,Sugarcane,17284,960299,55.55999769
Uttar Pradesh,FAIZABAD,2001,Kharif,Arhar/Tur,3398,3141,0.924367275
Uttar Pradesh,FAIZABAD,2001,Kharif,Bajra,23,29,1.260869565
Uttar Pradesh,FAIZABAD,2001,Kharif,Jowar,2821,1122,0.397731301
Uttar Pradesh,FAIZABAD,2001,Kharif,Maize,2131,3379,1.585640544
Uttar Pradesh,FAIZABAD,2001,Kharif,Moong(Green Gram),4,1,0.25
Uttar Pradesh,FAIZABAD,2001,Kharif,Rice,104185,249943,2.399030571
Uttar Pradesh,FAIZABAD,2001,Kharif,Sesamum,39,10,0.256410256
Uttar Pradesh,FAIZABAD,2001,Kharif,Small millets,176,129,0.732954545
Uttar Pradesh,FAIZABAD,2001,Kharif,Sunflower,5,6,1.2
Uttar Pradesh,FAIZABAD,2001,Kharif,Urad,839,342,0.407628129
Uttar Pradesh,FAIZABAD,2001,Rabi,Barley,215,511,2.376744186
Uttar Pradesh,FAIZABAD,2001,Rabi,Gram,3515,4451,1.26628734
Uttar Pradesh,FAIZABAD,2001,Rabi,Linseed,38,16,0.421052632
Uttar Pradesh,FAIZABAD,2001,Rabi,Maize,1316,2144,1.629179331
Uttar Pradesh,FAIZABAD,2001,Rabi,Masoor,3662,4131,1.128072092
Uttar Pradesh,FAIZABAD,2001,Rabi,Peas & beans (Pulses),3753,3195,0.851318945
Uttar Pradesh,FAIZABAD,2001,Rabi,Rapeseed &Mustard,3368,2927,0.869061758
Uttar Pradesh,FAIZABAD,2001,Rabi,Urad,3282,1182,0.360146252
Uttar Pradesh,FAIZABAD,2001,Rabi,Wheat,98729,236163,2.392032736
Uttar Pradesh,FAIZABAD,2001,Whole Year,Potato,5068,85213,16.81393054
Uttar Pradesh,FAIZABAD,2001,Whole Year,Sugarcane,20790,1196257,57.54001924
Uttar Pradesh,FAIZABAD,2002,Kharif,Bajra,8,11,1.375
Uttar Pradesh,FAIZABAD,2002,Kharif,Jowar,3025,1619,0.535206612
Uttar Pradesh,FAIZABAD,2002,Kharif,Maize,2005,2258,1.126184539
Uttar Pradesh,FAIZABAD,2002,Kharif,Moong(Green Gram),8,2,0.25
Uttar Pradesh,FAIZABAD,2002,Kharif,Rice,85292,194284,2.277868968
Uttar Pradesh,FAIZABAD,2002,Kharif,Sesamum,24,4,0.166666667
Uttar Pradesh,FAIZABAD,2002,Kharif,Small millets,196,86,0.43877551
Uttar Pradesh,FAIZABAD,2002,Kharif,Sunflower,5,5,1
Uttar Pradesh,FAIZABAD,2002,Kharif,Urad,1421,838,0.589725545
Uttar Pradesh,FAIZABAD,2002,Rabi,Barley,225,550,2.444444444
Uttar Pradesh,FAIZABAD,2002,Rabi,Gram,3406,2551,0.748972402
Uttar Pradesh,FAIZABAD,2002,Rabi,Linseed,22,9,0.409090909
Uttar Pradesh,FAIZABAD,2002,Rabi,Maize,1282,1419,1.106864275
Uttar Pradesh,FAIZABAD,2002,Rabi,Masoor,3770,2262,0.6
Uttar Pradesh,FAIZABAD,2002,Rabi,Onion,59,609,10.3220339
Uttar Pradesh,FAIZABAD,2002,Rabi,Peas & beans (Pulses),3673,2913,0.793084672
Uttar Pradesh,FAIZABAD,2002,Rabi,Ragi,4,6,1.5
Uttar Pradesh,FAIZABAD,2002,Rabi,Rapeseed &Mustard,3297,2698,0.818319685
Uttar Pradesh,FAIZABAD,2002,Rabi,Wheat,97663,212781,2.178726846
Uttar Pradesh,FAIZABAD,2002,Summer,Moong(Green Gram),539,315,0.584415584
Uttar Pradesh,FAIZABAD,2002,Summer,Onion,246,2750,11.17886179
Uttar Pradesh,FAIZABAD,2002,Summer,Urad,2835,731,0.257848325
Uttar Pradesh,FAIZABAD,2002,Whole Year,Potato,5188,74277,14.31707787
Uttar Pradesh,FAIZABAD,2002,Whole Year,Sugarcane,21596,1082996,50.14799037
Uttar Pradesh,FAIZABAD,2003,Kharif,Arhar/Tur,2426,3311,1.364798021
Uttar Pradesh,FAIZABAD,2003,Kharif,Bajra,3,4,1.333333333
Uttar Pradesh,FAIZABAD,2003,Kharif,Jowar,2157,1212,0.561891516
Uttar Pradesh,FAIZABAD,2003,Kharif,Maize,1006,1402,1.393638171
Uttar Pradesh,FAIZABAD,2003,Kharif,Moong(Green Gram),18,4,0.222222222
Uttar Pradesh,FAIZABAD,2003,Kharif,Rice,72165,197095,2.731171621
Uttar Pradesh,FAIZABAD,2003,Kharif,Sesamum,3,0,0
Uttar Pradesh,FAIZABAD,2003,Kharif,Sunflower,6,10,1.666666667
Uttar Pradesh,FAIZABAD,2003,Kharif,Urad,728,493,0.677197802
Uttar Pradesh,FAIZABAD,2003,Rabi,Barley,124,283,2.282258065
Uttar Pradesh,FAIZABAD,2003,Rabi,Gram,1626,1894,1.164821648
Uttar Pradesh,FAIZABAD,2003,Rabi,Linseed,36,18,0.5
Uttar Pradesh,FAIZABAD,2003,Rabi,Maize,4,6,1.5
Uttar Pradesh,FAIZABAD,2003,Rabi,Masoor,1035,1160,1.120772947
Uttar Pradesh,FAIZABAD,2003,Rabi,Onion,55,789,14.34545455
Uttar Pradesh,FAIZABAD,2003,Rabi,Peas & beans (Pulses),2236,2457,1.098837209
Uttar Pradesh,FAIZABAD,2003,Rabi,Rapeseed &Mustard,2417,1859,0.769135292
Uttar Pradesh,FAIZABAD,2003,Rabi,Wheat,79203,208895,2.637463227
Uttar Pradesh,FAIZABAD,2003,Summer,Maize,1282,1752,1.366614665
Uttar Pradesh,FAIZABAD,2003,Summer,Moong(Green Gram),419,253,0.603818616
Uttar Pradesh,FAIZABAD,2003,Summer,Onion,97,988,10.18556701
Uttar Pradesh,FAIZABAD,2003,Summer,Urad,2054,980,0.477117819
Uttar Pradesh,FAIZABAD,2003,Whole Year,Potato,3867,63956,16.53891906
Uttar Pradesh,FAIZABAD,2003,Whole Year,Sugarcane,16665,863314,51.8040204
Uttar Pradesh,FAIZABAD,2004,Kharif,Bajra,2,3,1.5
Uttar Pradesh,FAIZABAD,2004,Kharif,Jowar,2130,1572,0.738028169
Uttar Pradesh,FAIZABAD,2004,Kharif,Maize,1198,2115,1.765442404
Uttar Pradesh,FAIZABAD,2004,Kharif,Rice,72651,171176,2.356141003
Uttar Pradesh,FAIZABAD,2004,Kharif,Sesamum,1,,
Uttar Pradesh,FAIZABAD,2004,Kharif,Small millets,5,2,0.4
Uttar Pradesh,FAIZABAD,2004,Kharif,Sugarcane,16316,894508,54.82397646
Uttar Pradesh,FAIZABAD,2004,Rabi,Barley,174,355,2.040229885
Uttar Pradesh,FAIZABAD,2004,Rabi,Gram,1360,981,0.721323529
Uttar Pradesh,FAIZABAD,2004,Rabi,Linseed,16,7,0.4375
Uttar Pradesh,FAIZABAD,2004,Rabi,Maize,74,343,4.635135135
Uttar Pradesh,FAIZABAD,2004,Rabi,Potato,3503,53651,15.31572937
Uttar Pradesh,FAIZABAD,2004,Rabi,Rapeseed &Mustard,2567,2071,0.80677834
Uttar Pradesh,FAIZABAD,2004,Rabi,Wheat,79102,188020,2.376931051
Uttar Pradesh,FAIZABAD,2004,Summer,Sunflower,7,14,2
Uttar Pradesh,FAIZABAD,2004,Whole Year,Banana,1,36,36
Uttar Pradesh,FAIZABAD,2004,Whole Year,Dry chillies,39,37,0.948717949
Uttar Pradesh,FAIZABAD,2004,Whole Year,Garlic,14,61,4.357142857
Uttar Pradesh,FAIZABAD,2004,Whole Year,Guar seed,95,80,0.842105263
Uttar Pradesh,FAIZABAD,2004,Whole Year,Onion,195,2263,11.60512821
Uttar Pradesh,FAIZABAD,2004,Whole Year,Sweet potato,263,3057,11.62357414
Uttar Pradesh,FAIZABAD,2004,Whole Year,Tobacco,4,21,5.25
Uttar Pradesh,FAIZABAD,2005,Kharif,Bajra,2,3,1.5
Uttar Pradesh,FAIZABAD,2005,Kharif,Jowar,872,419,0.480504587
Uttar Pradesh,FAIZABAD,2005,Kharif,Maize,1028,1358,1.321011673
Uttar Pradesh,FAIZABAD,2005,Kharif,Rice,88399,220379,2.493003315
Uttar Pradesh,FAIZABAD,2005,Kharif,Small millets,2,1,0.5
Uttar Pradesh,FAIZABAD,2005,Kharif,Sugarcane,19794,1082494,54.68798626
Uttar Pradesh,FAIZABAD,2005,Rabi,Barley,439,816,1.858769932
Uttar Pradesh,FAIZABAD,2005,Rabi,Gram,1486,1325,0.891655451
Uttar Pradesh,FAIZABAD,2005,Rabi,Linseed,27,11,0.407407407
Uttar Pradesh,FAIZABAD,2005,Rabi,Potato,2866,56128,19.58408932
Uttar Pradesh,FAIZABAD,2005,Rabi,Rapeseed &Mustard,1949,2253,1.155977424
Uttar Pradesh,FAIZABAD,2005,Rabi,Wheat,76155,198841,2.611003874
Uttar Pradesh,FAIZABAD,2005,Summer,Sunflower,5,6,1.2
Uttar Pradesh,FAIZABAD,2005,Whole Year,Banana,2,76,38
Uttar Pradesh,FAIZABAD,2005,Whole Year,Coriander,24,14,0.583333333
Uttar Pradesh,FAIZABAD,2005,Whole Year,Dry chillies,44,40,0.909090909
Uttar Pradesh,FAIZABAD,2005,Whole Year,Garlic,166,723,4.355421687
Uttar Pradesh,FAIZABAD,2005,Whole Year,Guar seed,55,45,0.818181818
Uttar Pradesh,FAIZABAD,2005,Whole Year,Onion,175,2253,12.87428571
Uttar Pradesh,FAIZABAD,2005,Whole Year,Sweet potato,259,3388,13.08108108
Uttar Pradesh,FAIZABAD,2006,Kharif,Arhar/Tur,2518,2467,0.97974583
Uttar Pradesh,FAIZABAD,2006,Kharif,Bajra,2,3,1.5
Uttar Pradesh,FAIZABAD,2006,Kharif,Jowar,2195,1943,0.885193622
Uttar Pradesh,FAIZABAD,2006,Kharif,Maize,1270,1189,0.936220472
Uttar Pradesh,FAIZABAD,2006,Kharif,Other Kharif pulses,2454,988,0.402607987
Uttar Pradesh,FAIZABAD,2006,Kharif,Rice,72337,125866,1.739994747
Uttar Pradesh,FAIZABAD,2006,Kharif,Sesamum,5,1,0.2
Uttar Pradesh,FAIZABAD,2006,Kharif,Small millets,3,2,0.666666667
Uttar Pradesh,FAIZABAD,2006,Kharif,Sugarcane,18529,770806,41.59997841
Uttar Pradesh,FAIZABAD,2006,Kharif,Sweet potato,166,2266,13.65060241
Uttar Pradesh,FAIZABAD,2006,Rabi,Barley,48,100,2.083333333
Uttar Pradesh,FAIZABAD,2006,Rabi,Garlic,65,236,3.630769231
Uttar Pradesh,FAIZABAD,2006,Rabi,Gram,1339,985,0.7356236
Uttar Pradesh,FAIZABAD,2006,Rabi,Linseed,11,4,0.363636364
Uttar Pradesh,FAIZABAD,2006,Rabi,Maize,67,211,3.149253731
Uttar Pradesh,FAIZABAD,2006,Rabi,Masoor,1118,957,0.855992844
Uttar Pradesh,FAIZABAD,2006,Rabi,Onion,81,1554,19.18518519
Uttar Pradesh,FAIZABAD,2006,Rabi,Other  Rabi pulses,2352,2275,0.967261905
Uttar Pradesh,FAIZABAD,2006,Rabi,Potato,3696,42800,11.58008658
Uttar Pradesh,FAIZABAD,2006,Rabi,Rapeseed &Mustard,2570,3248,1.26381323
Uttar Pradesh,FAIZABAD,2006,Rabi,Wheat,78887,211812,2.685005134
Uttar Pradesh,FAIZABAD,2006,Summer,Maize,1524,2021,1.326115486
Uttar Pradesh,FAIZABAD,2006,Summer,Onion,130,1514,11.64615385
Uttar Pradesh,FAIZABAD,2006,Whole Year,Banana,1,39,39
Uttar Pradesh,FAIZABAD,2006,Whole Year,Coriander,98,51,0.520408163
Uttar Pradesh,FAIZABAD,2006,Whole Year,Dry chillies,34,32,0.941176471
Uttar Pradesh,FAIZABAD,2006,Whole Year,Guar seed,52,44,0.846153846
Uttar Pradesh,FAIZABAD,2007,Kharif,Arhar/Tur,2433,2823,1.160295931
Uttar Pradesh,FAIZABAD,2007,Kharif,Dry chillies,57,55,0.964912281
Uttar Pradesh,FAIZABAD,2007,Kharif,Guar seed,16,13,0.8125
Uttar Pradesh,FAIZABAD,2007,Kharif,Jowar,2356,2024,0.859083192
Uttar Pradesh,FAIZABAD,2007,Kharif,Maize,825,837,1.014545455
Uttar Pradesh,FAIZABAD,2007,Kharif,Rice,70484,149144,2.115997957
Uttar Pradesh,FAIZABAD,2007,Kharif,Small millets,6,3,0.5
Uttar Pradesh,FAIZABAD,2007,Kharif,Sugarcane,16256,879515,54.10402313
Uttar Pradesh,FAIZABAD,2007,Kharif,Sweet potato,390,5250,13.46153846
Uttar Pradesh,FAIZABAD,2007,Kharif,Urad,583,394,0.675814751
Uttar Pradesh,FAIZABAD,2007,Rabi,Barley,448,823,1.837053571
Uttar Pradesh,FAIZABAD,2007,Rabi,Coriander,31,18,0.580645161
Uttar Pradesh,FAIZABAD,2007,Rabi,Gram,1406,1452,1.032716927
Uttar Pradesh,FAIZABAD,2007,Rabi,Linseed,17,4,0.235294118
Uttar Pradesh,FAIZABAD,2007,Rabi,Maize,145,407,2.806896552
Uttar Pradesh,FAIZABAD,2007,Rabi,Masoor,1363,950,0.69699193
Uttar Pradesh,FAIZABAD,2007,Rabi,Onion,198,2767,13.97474747
Uttar Pradesh,FAIZABAD,2007,Rabi,Other  Rabi pulses,2455,2303,0.93808554
Uttar Pradesh,FAIZABAD,2007,Rabi,Potato,5736,75279,13.12395397
Uttar Pradesh,FAIZABAD,2007,Rabi,Rapeseed &Mustard,3408,3946,1.15786385
Uttar Pradesh,FAIZABAD,2007,Rabi,Wheat,79242,218549,2.757994498
Uttar Pradesh,FAIZABAD,2007,Summer,Maize,1524,2190,1.437007874
Uttar Pradesh,FAIZABAD,2007,Summer,Moong(Green Gram),1438,729,0.506954103
Uttar Pradesh,FAIZABAD,2007,Summer,Onion,130,2489,19.14615385
Uttar Pradesh,FAIZABAD,2007,Summer,Sunflower,6,10,1.666666667
Uttar Pradesh,FAIZABAD,2007,Summer,Urad,303,124,0.409240924
Uttar Pradesh,FAIZABAD,2008,Kharif,Arhar/Tur,2401,2224,0.926280716
Uttar Pradesh,FAIZABAD,2008,Kharif,Bajra,17,28,1.647058824
Uttar Pradesh,FAIZABAD,2008,Kharif,Dry chillies,44,44,1
Uttar Pradesh,FAIZABAD,2008,Kharif,Guar seed,13,11,0.846153846
Uttar Pradesh,FAIZABAD,2008,Kharif,Jowar,2195,1568,0.714350797
Uttar Pradesh,FAIZABAD,2008,Kharif,Maize,1421,523,0.368050669
Uttar Pradesh,FAIZABAD,2008,Kharif,Moong(Green Gram),113,42,0.371681416
Uttar Pradesh,FAIZABAD,2008,Kharif,Rice,104233,247762,2.377001525
Uttar Pradesh,FAIZABAD,2008,Kharif,Sesamum,5,1,0.2
Uttar Pradesh,FAIZABAD,2008,Kharif,Small millets,73,45,0.616438356
Uttar Pradesh,FAIZABAD,2008,Kharif,Sugarcane,19820,887222,44.76397578
Uttar Pradesh,FAIZABAD,2008,Kharif,Sweet potato,424,5207,12.28066038
Uttar Pradesh,FAIZABAD,2008,Kharif,Urad,1279,692,0.541047694
Uttar Pradesh,FAIZABAD,2008,Rabi,Barley,255,574,2.250980392
Uttar Pradesh,FAIZABAD,2008,Rabi,Coriander,61,36,0.590163934
Uttar Pradesh,FAIZABAD,2008,Rabi,Garlic,79,465,5.886075949
Uttar Pradesh,FAIZABAD,2008,Rabi,Gram,1440,1495,1.038194444
Uttar Pradesh,FAIZABAD,2008,Rabi,Linseed,11,5,0.454545455
Uttar Pradesh,FAIZABAD,2008,Rabi,Maize,89,234,2.629213483
Uttar Pradesh,FAIZABAD,2008,Rabi,Masoor,2727,2274,0.833883388
Uttar Pradesh,FAIZABAD,2008,Rabi,Onion,109,1278,11.72477064
Uttar Pradesh,FAIZABAD,2008,Rabi,Peas & beans (Pulses),2513,3033,1.206923995
Uttar Pradesh,FAIZABAD,2008,Rabi,Potato,3966,47489,11.97402925
Uttar Pradesh,FAIZABAD,2008,Rabi,Rapeseed &Mustard,3677,2516,0.684253468
Uttar Pradesh,FAIZABAD,2008,Rabi,Wheat,103796,292601,2.819000732
Uttar Pradesh,FAIZABAD,2008,Summer,Banana,2,76,38
Uttar Pradesh,FAIZABAD,2008,Summer,Maize,1516,2268,1.496042216
Uttar Pradesh,FAIZABAD,2008,Summer,Moong(Green Gram),599,344,0.574290484
Uttar Pradesh,FAIZABAD,2008,Summer,Sunflower,5,9,1.8
Uttar Pradesh,FAIZABAD,2008,Summer,Urad,1979,534,0.269833249
Uttar Pradesh,FAIZABAD,2009,Kharif,Arhar/Tur,2606,2743,1.05257099
Uttar Pradesh,FAIZABAD,2009,Kharif,Bajra,20,33,1.65
Uttar Pradesh,FAIZABAD,2009,Kharif,Dry chillies,44,39,0.886363636
Uttar Pradesh,FAIZABAD,2009,Kharif,Guar seed,46,38,0.826086957
Uttar Pradesh,FAIZABAD,2009,Kharif,Jowar,2377,1989,0.836769037
Uttar Pradesh,FAIZABAD,2009,Kharif,Maize,1423,1357,0.953619115
Uttar Pradesh,FAIZABAD,2009,Kharif,Moong(Green Gram),88,13,0.147727273
Uttar Pradesh,FAIZABAD,2009,Kharif,Rice,82232,189216,2.301002043
Uttar Pradesh,FAIZABAD,2009,Kharif,Sugarcane,19933,1075585,53.96001605
Uttar Pradesh,FAIZABAD,2009,Kharif,Sweet potato,362,4923,13.59944751
Uttar Pradesh,FAIZABAD,2009,Kharif,Urad,1277,723,0.566170713
Uttar Pradesh,FAIZABAD,2009,Rabi,Barley,353,761,2.155807365
Uttar Pradesh,FAIZABAD,2009,Rabi,Coriander,38,21,0.552631579
Uttar Pradesh,FAIZABAD,2009,Rabi,Garlic,30,160,5.333333333
Uttar Pradesh,FAIZABAD,2009,Rabi,Gram,1401,1411,1.007137759
Uttar Pradesh,FAIZABAD,2009,Rabi,Linseed,14,6,0.428571429
Uttar Pradesh,FAIZABAD,2009,Rabi,Maize,74,226,3.054054054
Uttar Pradesh,FAIZABAD,2009,Rabi,Masoor,3332,2679,0.804021609
Uttar Pradesh,FAIZABAD,2009,Rabi,Onion,193,3315,17.1761658
Uttar Pradesh,FAIZABAD,2009,Rabi,Peas & beans (Pulses),2376,3049,1.283249158
Uttar Pradesh,FAIZABAD,2009,Rabi,Potato,3906,76468,19.57706093
Uttar Pradesh,FAIZABAD,2009,Rabi,Rapeseed &Mustard,3897,3036,0.779060816
Uttar Pradesh,FAIZABAD,2009,Rabi,Wheat,108013,282454,2.615000046
Uttar Pradesh,FAIZABAD,2009,Summer,Banana,15,617,41.13333333
Uttar Pradesh,FAIZABAD,2009,Summer,Maize,1448,2107,1.455110497
Uttar Pradesh,FAIZABAD,2009,Summer,Moong(Green Gram),498,414,0.831325301
Uttar Pradesh,FAIZABAD,2009,Summer,Onion,201,2824,14.04975124
Uttar Pradesh,FAIZABAD,2009,Summer,Urad,1641,747,0.455210238
Uttar Pradesh,FAIZABAD,2010,Kharif,Arhar/Tur,2340,3804,1.625641026
Uttar Pradesh,FAIZABAD,2010,Kharif,Dry chillies,10,9,0.9
Uttar Pradesh,FAIZABAD,2010,Kharif,Guar seed,36,30,0.833333333
Uttar Pradesh,FAIZABAD,2010,Kharif,Jowar,2153,1761,0.817928472
Uttar Pradesh,FAIZABAD,2010,Kharif,Maize,1375,1300,0.945454545
Uttar Pradesh,FAIZABAD,2010,Kharif,Rice,97099,214200,2.205995942
Uttar Pradesh,FAIZABAD,2010,Kharif,Sesamum,18,4,0.222222222
Uttar Pradesh,FAIZABAD,2010,Kharif,Small millets,70,58,0.828571429
Uttar Pradesh,FAIZABAD,2010,Kharif,Sugarcane,19549,1043995,53.40401044
Uttar Pradesh,FAIZABAD,2010,Kharif,Sweet potato,320,3941,12.315625
Uttar Pradesh,FAIZABAD,2010,Kharif,Urad,1563,847,0.54190659
Uttar Pradesh,FAIZABAD,2010,Rabi,Barley,287,643,2.240418118
Uttar Pradesh,FAIZABAD,2010,Rabi,Gram,1404,1530,1.08974359
Uttar Pradesh,FAIZABAD,2010,Rabi,Linseed,12,6,0.5
Uttar Pradesh,FAIZABAD,2010,Rabi,Maize,98,295,3.010204082
Uttar Pradesh,FAIZABAD,2010,Rabi,Masoor,1984,1595,0.803931452
Uttar Pradesh,FAIZABAD,2010,Rabi,Onion,87,1601,18.40229885
Uttar Pradesh,FAIZABAD,2010,Rabi,Peas & beans (Pulses),2379,2836,1.19209752
Uttar Pradesh,FAIZABAD,2010,Rabi,Potato,4410,109621,24.85736961
Uttar Pradesh,FAIZABAD,2010,Rabi,Rapeseed &Mustard,3726,3879,1.041062802
Uttar Pradesh,FAIZABAD,2010,Rabi,Wheat,108951,307133,2.819001202
Uttar Pradesh,FAIZABAD,2010,Summer,Maize,1464,2146,1.465846995
Uttar Pradesh,FAIZABAD,2010,Summer,Moong(Green Gram),541,248,0.458410351
Uttar Pradesh,FAIZABAD,2010,Summer,Urad,1954,1120,0.573183214
Uttar Pradesh,FAIZABAD,2011,Kharif,Arhar/Tur,2263,2610,1.153336279
Uttar Pradesh,FAIZABAD,2011,Kharif,Dry chillies,52,43,0.826923077
Uttar Pradesh,FAIZABAD,2011,Kharif,Guar seed,89,73,0.820224719
Uttar Pradesh,FAIZABAD,2011,Kharif,Jowar,2132,1886,0.884615385
Uttar Pradesh,FAIZABAD,2011,Kharif,Maize,1339,1332,0.994772218
Uttar Pradesh,FAIZABAD,2011,Kharif,Moong(Green Gram),2,1,0.5
Uttar Pradesh,FAIZABAD,2011,Kharif,Rice,99295,236719,2.38399718
Uttar Pradesh,FAIZABAD,2011,Kharif,Sesamum,33,7,0.212121212
Uttar Pradesh,FAIZABAD,2011,Kharif,Small millets,1,1,1
Uttar Pradesh,FAIZABAD,2011,Kharif,Sugarcane,20811,1226434,58.93200711
Uttar Pradesh,FAIZABAD,2011,Kharif,Sweet potato,332,4314,12.9939759
Uttar Pradesh,FAIZABAD,2011,Kharif,Urad,1712,912,0.53271028
Uttar Pradesh,FAIZABAD,2011,Rabi,Barley,204,534,2.617647059
Uttar Pradesh,FAIZABAD,2011,Rabi,Coriander,78,43,0.551282051
Uttar Pradesh,FAIZABAD,2011,Rabi,Garlic,151,780,5.165562914
Uttar Pradesh,FAIZABAD,2011,Rabi,Gram,1524,2094,1.374015748
Uttar Pradesh,FAIZABAD,2011,Rabi,Linseed,16,7,0.4375
Uttar Pradesh,FAIZABAD,2011,Rabi,Maize,61,145,2.37704918
Uttar Pradesh,FAIZABAD,2011,Rabi,Masoor,1826,1303,0.713581599
Uttar Pradesh,FAIZABAD,2011,Rabi,Onion,128,2928,22.875
Uttar Pradesh,FAIZABAD,2011,Rabi,Peas & beans (Pulses),2815,3046,1.082060391
Uttar Pradesh,FAIZABAD,2011,Rabi,Potato,4290,104477,24.35361305
Uttar Pradesh,FAIZABAD,2011,Rabi,Rapeseed &Mustard,3612,2412,0.667774086
Uttar Pradesh,FAIZABAD,2011,Rabi,Wheat,109023,322926,2.961998844
Uttar Pradesh,FAIZABAD,2011,Summer,Maize,1332,2202,1.653153153
Uttar Pradesh,FAIZABAD,2011,Summer,Moong(Green Gram),482,240,0.497925311
Uttar Pradesh,FAIZABAD,2011,Summer,Onion,166,1034,6.228915663
Uttar Pradesh,FAIZABAD,2011,Summer,Sunflower,56,95,1.696428571
Uttar Pradesh,FAIZABAD,2011,Summer,Urad,1823,1072,0.58804169
Uttar Pradesh,FAIZABAD,2012,Kharif,Arhar/Tur,1865,1939,1.039678284
Uttar Pradesh,FAIZABAD,2012,Kharif,Bajra,10,8,0.8
Uttar Pradesh,FAIZABAD,2012,Kharif,Dry chillies,8,7,0.875
Uttar Pradesh,FAIZABAD,2012,Kharif,Guar seed,40,33,0.825
Uttar Pradesh,FAIZABAD,2012,Kharif,Jowar,1611,1704,1.057728119
Uttar Pradesh,FAIZABAD,2012,Kharif,Maize,1707,1781,1.043350908
Uttar Pradesh,FAIZABAD,2012,Kharif,Moong(Green Gram),3,1,0.333333333
Uttar Pradesh,FAIZABAD,2012,Kharif,Rice,99791,253569,2.541000691
Uttar Pradesh,FAIZABAD,2012,Kharif,Sesamum,35,7,0.2
Uttar Pradesh,FAIZABAD,2012,Kharif,Sugarcane,21013,1342899,63.90800933
Uttar Pradesh,FAIZABAD,2012,Kharif,Sweet potato,257,3327,12.94552529
Uttar Pradesh,FAIZABAD,2012,Kharif,Urad,3127,2317,0.740965782
Uttar Pradesh,FAIZABAD,2012,Rabi,Barley,155,414,2.670967742
Uttar Pradesh,FAIZABAD,2012,Rabi,Coriander,75,41,0.546666667
Uttar Pradesh,FAIZABAD,2012,Rabi,Garlic,110,571,5.190909091
Uttar Pradesh,FAIZABAD,2012,Rabi,Gram,1584,1440,0.909090909
Uttar Pradesh,FAIZABAD,2012,Rabi,Linseed,15,7,0.466666667
Uttar Pradesh,FAIZABAD,2012,Rabi,Masoor,1926,1354,0.703011423
Uttar Pradesh,FAIZABAD,2012,Rabi,Onion,123,2829,23
Uttar Pradesh,FAIZABAD,2012,Rabi,Peas & beans (Pulses),2334,2021,0.865895458
Uttar Pradesh,FAIZABAD,2012,Rabi,Potato,4394,74530,16.96176604
Uttar Pradesh,FAIZABAD,2012,Rabi,Rapeseed &Mustard,3977,2945,0.740507921
Uttar Pradesh,FAIZABAD,2012,Rabi,Wheat,108071,319782,2.958999176
Uttar Pradesh,FAIZABAD,2012,Summer,Maize,1344,2482,1.84672619
Uttar Pradesh,FAIZABAD,2012,Summer,Moong(Green Gram),397,270,0.680100756
Uttar Pradesh,FAIZABAD,2012,Summer,Onion,175,1437,8.211428571
Uttar Pradesh,FAIZABAD,2012,Summer,Sunflower,19,15,0.789473684
Uttar Pradesh,FAIZABAD,2012,Summer,Urad,1764,1251,0.709183673
Uttar Pradesh,FAIZABAD,2013,Kharif,Arhar/Tur,2027,1562,0.770596941
Uttar Pradesh,FAIZABAD,2013,Kharif,Bajra,2,2,1
Uttar Pradesh,FAIZABAD,2013,Kharif,Dry chillies,3,2,0.666666667
Uttar Pradesh,FAIZABAD,2013,Kharif,Guar seed,45,37,0.822222222
Uttar Pradesh,FAIZABAD,2013,Kharif,Jowar,1766,853,0.483012458
Uttar Pradesh,FAIZABAD,2013,Kharif,Maize,1452,966,0.665289256
Uttar Pradesh,FAIZABAD,2013,Kharif,Moong(Green Gram),2,1,0.5
Uttar Pradesh,FAIZABAD,2013,Kharif,Rice,103896,272519,2.622997998
Uttar Pradesh,FAIZABAD,2013,Kharif,Sesamum,60,9,0.15
Uttar Pradesh,FAIZABAD,2013,Kharif,Sugarcane,19239,1269312,65.97598628
Uttar Pradesh,FAIZABAD,2013,Kharif,Sweet potato,144,1903,13.21527778
Uttar Pradesh,FAIZABAD,2013,Kharif,Urad,2794,1028,0.367931281
Uttar Pradesh,FAIZABAD,2013,Rabi,Barley,29,84,2.896551724
Uttar Pradesh,FAIZABAD,2013,Rabi,Coriander,68,37,0.544117647
Uttar Pradesh,FAIZABAD,2013,Rabi,Garlic,161,943,5.857142857
Uttar Pradesh,FAIZABAD,2013,Rabi,Gram,1656,614,0.370772947
Uttar Pradesh,FAIZABAD,2013,Rabi,Linseed,15,6,0.4
Uttar Pradesh,FAIZABAD,2013,Rabi,Maize,61,217,3.557377049
Uttar Pradesh,FAIZABAD,2013,Rabi,Masoor,2013,868,0.431197218
Uttar Pradesh,FAIZABAD,2013,Rabi,Onion,185,3763,20.34054054
Uttar Pradesh,FAIZABAD,2013,Rabi,Peas & beans (Pulses),3684,936,0.254071661
Uttar Pradesh,FAIZABAD,2013,Rabi,Potato,4108,68259,16.6161149
Uttar Pradesh,FAIZABAD,2013,Rabi,Rapeseed &Mustard,3890,1838,0.472493573
Uttar Pradesh,FAIZABAD,2013,Rabi,Wheat,109098,269145,2.467002145
Uttar Pradesh,FAIZABAD,2013,Summer,Banana,13,566,43.53846154
Uttar Pradesh,FAIZABAD,2013,Summer,Maize,1372,2520,1.836734694
Uttar Pradesh,FAIZABAD,2013,Summer,Moong(Green Gram),576,238,0.413194444
Uttar Pradesh,FAIZABAD,2013,Summer,Onion,152,1890,12.43421053
Uttar Pradesh,FAIZABAD,2013,Summer,Urad,1842,672,0.364820847
Uttar Pradesh,FAIZABAD,2014,Kharif,Arhar/Tur,1593,769,0.482736974
Uttar Pradesh,FAIZABAD,2014,Kharif,Bajra,15,19,1.266666667
Uttar Pradesh,FAIZABAD,2014,Kharif,Dry chillies,24,20,0.833333333
Uttar Pradesh,FAIZABAD,2014,Kharif,Guar seed,51,42,0.823529412
Uttar Pradesh,FAIZABAD,2014,Kharif,Jowar,2011,2172,1.080059672
Uttar Pradesh,FAIZABAD,2014,Kharif,Maize,1457,1059,0.726835964
Uttar Pradesh,FAIZABAD,2014,Kharif,Rice,94586,207805,2.196995327
Uttar Pradesh,FAIZABAD,2014,Kharif,Sesamum,62,17,0.274193548
Uttar Pradesh,FAIZABAD,2014,Kharif,Sugarcane,20004,1328266,66.40002
Uttar Pradesh,FAIZABAD,2014,Kharif,Sweet potato,374,4633,12.38770053
Uttar Pradesh,FAIZABAD,2014,Kharif,Urad,2059,1077,0.523069451
Uttar Pradesh,FAIZABAD,2014,Rabi,Barley,412,708,1.718446602
Uttar Pradesh,FAIZABAD,2014,Rabi,Coriander,78,38,0.487179487
Uttar Pradesh,FAIZABAD,2014,Rabi,Garlic,6,35,5.833333333
Uttar Pradesh,FAIZABAD,2014,Rabi,Gram,2520,795,0.31547619
Uttar Pradesh,FAIZABAD,2014,Rabi,Linseed,14,8,0.571428571
Uttar Pradesh,FAIZABAD,2014,Rabi,Maize,87,208,2.390804598
Uttar Pradesh,FAIZABAD,2014,Rabi,Masoor,1943,944,0.485846629
Uttar Pradesh,FAIZABAD,2014,Rabi,Onion,128,1958,15.296875
Uttar Pradesh,FAIZABAD,2014,Rabi,Peas & beans (Pulses),2236,1449,0.6480322
Uttar Pradesh,FAIZABAD,2014,Rabi,Potato,3926,98566,25.10596026
Uttar Pradesh,FAIZABAD,2014,Rabi,Rapeseed &Mustard,3859,1845,0.478103136
Uttar Pradesh,FAIZABAD,2014,Rabi,Wheat,110261,227138,2.060003084
Uttar Pradesh,FAIZABAD,2014,Summer,Banana,16,722,45.125
Uttar Pradesh,FAIZABAD,2014,Summer,Maize,1360,2418,1.777941176
Uttar Pradesh,FAIZABAD,2014,Summer,Moong(Green Gram),567,266,0.469135802
Uttar Pradesh,FAIZABAD,2014,Summer,Onion,82,714,8.707317073
Uttar Pradesh,FAIZABAD,2014,Summer,Urad,1345,441,0.327881041
Uttar Pradesh,FARRUKHABAD,1997,Kharif,Arhar/Tur,2562,2633,1.027712724
Uttar Pradesh,FARRUKHABAD,1997,Kharif,Bajra,6543,9439,1.442610423
Uttar Pradesh,FARRUKHABAD,1997,Kharif,Groundnut,1608,1288,0.800995025
Uttar Pradesh,FARRUKHABAD,1997,Kharif,Jowar,3946,4716,1.195134313
Uttar Pradesh,FARRUKHABAD,1997,Kharif,Maize,48755,109455,2.245000513
Uttar Pradesh,FARRUKHABAD,1997,Kharif,Moong(Green Gram),78,35,0.448717949
Uttar Pradesh,FARRUKHABAD,1997,Kharif,Moth,4,2,0.5
Uttar Pradesh,FARRUKHABAD,1997,Kharif,Oilseeds total,20205,14484,0.716852264
Uttar Pradesh,FARRUKHABAD,1997,Kharif,Onion,630,4906,7.787301587
Uttar Pradesh,FARRUKHABAD,1997,Kharif,Rice,13215,25031,1.894135452
Uttar Pradesh,FARRUKHABAD,1997,Kharif,Sesamum,2219,444,0.200090131
Uttar Pradesh,FARRUKHABAD,1997,Kharif,Small millets,3,2,0.666666667
Uttar Pradesh,FARRUKHABAD,1997,Kharif,Total foodgrain,182624,459981,2.518732478
Uttar Pradesh,FARRUKHABAD,1997,Kharif,Urad,1720,1191,0.69244186
Uttar Pradesh,FARRUKHABAD,1997,Rabi,Barley,3001,6328,2.108630457
Uttar Pradesh,FARRUKHABAD,1997,Rabi,Gram,3329,3980,1.19555422
Uttar Pradesh,FARRUKHABAD,1997,Rabi,Masoor,1235,929,0.752226721
Uttar Pradesh,FARRUKHABAD,1997,Rabi,Peas & beans (Pulses),1382,2142,1.549927641
Uttar Pradesh,FARRUKHABAD,1997,Rabi,Rapeseed &Mustard,13409,8260,0.616004176
Uttar Pradesh,FARRUKHABAD,1997,Rabi,Sunflower,2969,4492,1.512967329
Uttar Pradesh,FARRUKHABAD,1997,Rabi,Wheat,94534,292795,3.097245436
Uttar Pradesh,FARRUKHABAD,1997,Summer,Maize,96,152,1.583333333
Uttar Pradesh,FARRUKHABAD,1997,Summer,Moong(Green Gram),836,500,0.598086124
Uttar Pradesh,FARRUKHABAD,1997,Summer,Rice,1,2,2
Uttar Pradesh,FARRUKHABAD,1997,Summer,Urad,1384,649,0.468930636
Uttar Pradesh,FARRUKHABAD,1997,Whole Year,Potato,29014,518422,17.86799476
Uttar Pradesh,FARRUKHABAD,1997,Whole Year,Sugarcane,9381,538657,57.41999787
Uttar Pradesh,FARRUKHABAD,1998,Kharif,Arhar/Tur,2122,2320,1.0933082
Uttar Pradesh,FARRUKHABAD,1998,Kharif,Bajra,6229,7350,1.179964681
Uttar Pradesh,FARRUKHABAD,1998,Kharif,Groundnut,820,680,0.829268293
Uttar Pradesh,FARRUKHABAD,1998,Kharif,Jowar,2977,2633,0.88444743
Uttar Pradesh,FARRUKHABAD,1998,Kharif,Maize,43804,63998,1.461008127
Uttar Pradesh,FARRUKHABAD,1998,Kharif,Moong(Green Gram),53,11,0.20754717
Uttar Pradesh,FARRUKHABAD,1998,Kharif,Rice,11278,22788,2.020571023
Uttar Pradesh,FARRUKHABAD,1998,Kharif,Sesamum,1337,106,0.079281975
Uttar Pradesh,FARRUKHABAD,1998,Kharif,Urad,888,622,0.70045045
Uttar Pradesh,FARRUKHABAD,1998,Rabi,Barley,2010,5058,2.51641791
Uttar Pradesh,FARRUKHABAD,1998,Rabi,Castor seed,1,1,1
Uttar Pradesh,FARRUKHABAD,1998,Rabi,Gram,2634,3318,1.259681093
Uttar Pradesh,FARRUKHABAD,1998,Rabi,Linseed,1,,
Uttar Pradesh,FARRUKHABAD,1998,Rabi,Masoor,744,540,0.725806452
Uttar Pradesh,FARRUKHABAD,1998,Rabi,Peas & beans (Pulses),1286,2177,1.692846034
Uttar Pradesh,FARRUKHABAD,1998,Rabi,Rapeseed &Mustard,10533,11696,1.110414887
Uttar Pradesh,FARRUKHABAD,1998,Rabi,Sunflower,3648,4801,1.316063596
Uttar Pradesh,FARRUKHABAD,1998,Rabi,Wheat,77647,236235,3.042422759
Uttar Pradesh,FARRUKHABAD,1998,Summer,Maize,86,87,1.011627907
Uttar Pradesh,FARRUKHABAD,1998,Summer,Moong(Green Gram),811,511,0.630086313
Uttar Pradesh,FARRUKHABAD,1998,Summer,Rice,9,18,2
Uttar Pradesh,FARRUKHABAD,1998,Summer,Urad,1340,587,0.438059701
Uttar Pradesh,FARRUKHABAD,1998,Whole Year,Onion,526,5772,10.97338403
Uttar Pradesh,FARRUKHABAD,1998,Whole Year,Potato,28724,773825,26.94001532
Uttar Pradesh,FARRUKHABAD,1998,Whole Year,Sannhamp,48,18,0.375
Uttar Pradesh,FARRUKHABAD,1998,Whole Year,Sugarcane,7944,420047,52.87600705
Uttar Pradesh,FARRUKHABAD,1998,Whole Year,Tobacco,6273,41688,6.645624103
Uttar Pradesh,FARRUKHABAD,1998,Whole Year,Turmeric,1,2,2
Uttar Pradesh,FARRUKHABAD,1999,Kharif,Arhar/Tur,1896,2252,1.187763713
Uttar Pradesh,FARRUKHABAD,1999,Kharif,Bajra,5858,7109,1.213554114
Uttar Pradesh,FARRUKHABAD,1999,Kharif,Groundnut,626,729,1.164536741
Uttar Pradesh,FARRUKHABAD,1999,Kharif,Jowar,2686,2949,1.097915115
Uttar Pradesh,FARRUKHABAD,1999,Kharif,Maize,43969,99766,2.26900771
Uttar Pradesh,FARRUKHABAD,1999,Kharif,Moong(Green Gram),128,36,0.28125
Uttar Pradesh,FARRUKHABAD,1999,Kharif,Rice,13251,28315,2.136819863
Uttar Pradesh,FARRUKHABAD,1999,Kharif,Small millets,1313,868,0.661081493
Uttar Pradesh,FARRUKHABAD,1999,Kharif,Sunflower,2116,3041,1.437145558
Uttar Pradesh,FARRUKHABAD,1999,Kharif,Urad,825,689,0.835151515
Uttar Pradesh,FARRUKHABAD,1999,Rabi,Barley,1808,4681,2.589048673
Uttar Pradesh,FARRUKHABAD,1999,Rabi,Gram,2187,2835,1.296296296
Uttar Pradesh,FARRUKHABAD,1999,Rabi,Maize,173,251,1.450867052
Uttar Pradesh,FARRUKHABAD,1999,Rabi,Rapeseed &Mustard,9192,10874,1.182985205
Uttar Pradesh,FARRUKHABAD,1999,Rabi,Wheat,74750,252911,3.383424749
Uttar Pradesh,FARRUKHABAD,1999,Summer,Moong(Green Gram),751,382,0.508655126
Uttar Pradesh,FARRUKHABAD,1999,Summer,Rice,9,19,2.111111111
Uttar Pradesh,FARRUKHABAD,1999,Summer,Urad,1355,763,0.563099631
Uttar Pradesh,FARRUKHABAD,1999,Whole Year,Moth,8,3,0.375
Uttar Pradesh,FARRUKHABAD,1999,Whole Year,Onion,646,9260,14.33436533
Uttar Pradesh,FARRUKHABAD,1999,Whole Year,Peas & beans (Pulses),1345,2662,1.979182156
Uttar Pradesh,FARRUKHABAD,1999,Whole Year,Potato,30184,742557,24.60101378
Uttar Pradesh,FARRUKHABAD,1999,Whole Year,Sugarcane,7407,326530,44.08397462
Uttar Pradesh,FARRUKHABAD,1999,Whole Year,Tobacco,6280,44853,7.142197452
Uttar Pradesh,FARRUKHABAD,1999,Whole Year,Turmeric,1,2,2
Uttar Pradesh,FARRUKHABAD,2000,Kharif,Arhar/Tur,1889,2310,1.222869243
Uttar Pradesh,FARRUKHABAD,2000,Kharif,Bajra,5113,6348,1.24154117
Uttar Pradesh,FARRUKHABAD,2000,Kharif,Groundnut,624,805,1.290064103
Uttar Pradesh,FARRUKHABAD,2000,Kharif,Jowar,2653,2502,0.943083302
Uttar Pradesh,FARRUKHABAD,2000,Kharif,Maize,44551,96186,2.159008776
Uttar Pradesh,FARRUKHABAD,2000,Kharif,Moong(Green Gram),123,37,0.300813008
Uttar Pradesh,FARRUKHABAD,2000,Kharif,Rice,13743,28025,2.039219967
Uttar Pradesh,FARRUKHABAD,2000,Kharif,Sesamum,1464,313,0.213797814
Uttar Pradesh,FARRUKHABAD,2000,Kharif,Urad,855,472,0.552046784
Uttar Pradesh,FARRUKHABAD,2000,Rabi,Barley,1751,3851,2.199314677
Uttar Pradesh,FARRUKHABAD,2000,Rabi,Gram,2040,2611,1.279901961
Uttar Pradesh,FARRUKHABAD,2000,Rabi,Maize,187,303,1.620320856
Uttar Pradesh,FARRUKHABAD,2000,Rabi,Masoor,900,563,0.625555556
Uttar Pradesh,FARRUKHABAD,2000,Rabi,Moong(Green Gram),758,407,0.536939314
Uttar Pradesh,FARRUKHABAD,2000,Rabi,Peas & beans (Pulses),1227,2172,1.770171149
Uttar Pradesh,FARRUKHABAD,2000,Rabi,Rapeseed &Mustard,8751,11907,1.360644498
Uttar Pradesh,FARRUKHABAD,2000,Rabi,Urad,1466,730,0.497953615
Uttar Pradesh,FARRUKHABAD,2000,Rabi,Wheat,75611,252984,3.345862375
Uttar Pradesh,FARRUKHABAD,2000,Whole Year,Potato,29221,766876,26.2440026
Uttar Pradesh,FARRUKHABAD,2000,Whole Year,Sugarcane,7391,419543,56.76403734
Uttar Pradesh,FARRUKHABAD,2000,Whole Year,Turmeric,1,2,2
Uttar Pradesh,FARRUKHABAD,2001,Kharif,Arhar/Tur,1834,2302,1.255179935
Uttar Pradesh,FARRUKHABAD,2001,Kharif,Bajra,4162,4406,1.058625661
Uttar Pradesh,FARRUKHABAD,2001,Kharif,Groundnut,109,91,0.834862385
Uttar Pradesh,FARRUKHABAD,2001,Kharif,Jowar,1635,1527,0.933944954
Uttar Pradesh,FARRUKHABAD,2001,Kharif,Maize,44722,87208,1.950002236
Uttar Pradesh,FARRUKHABAD,2001,Kharif,Moong(Green Gram),89,24,0.269662921
Uttar Pradesh,FARRUKHABAD,2001,Kharif,Moth,1,1,1
Uttar Pradesh,FARRUKHABAD,2001,Kharif,Rice,14306,30081,2.102684188
Uttar Pradesh,FARRUKHABAD,2001,Kharif,Sesamum,1221,200,0.163800164
Uttar Pradesh,FARRUKHABAD,2001,Kharif,Sunflower,943,1994,2.114528102
Uttar Pradesh,FARRUKHABAD,2001,Kharif,Urad,792,395,0.498737374
Uttar Pradesh,FARRUKHABAD,2001,Rabi,Barley,1793,4254,2.372559955
Uttar Pradesh,FARRUKHABAD,2001,Rabi,Gram,1823,2223,1.219418541
Uttar Pradesh,FARRUKHABAD,2001,Rabi,Maize,168,274,1.630952381
Uttar Pradesh,FARRUKHABAD,2001,Rabi,Masoor,838,670,0.799522673
Uttar Pradesh,FARRUKHABAD,2001,Rabi,Moong(Green Gram),672,366,0.544642857
Uttar Pradesh,FARRUKHABAD,2001,Rabi,Peas & beans (Pulses),1304,2168,1.662576687
Uttar Pradesh,FARRUKHABAD,2001,Rabi,Rapeseed &Mustard,9005,11913,1.322931705
Uttar Pradesh,FARRUKHABAD,2001,Rabi,Urad,1348,847,0.628338279
Uttar Pradesh,FARRUKHABAD,2001,Rabi,Wheat,77062,258113,3.349419948
Uttar Pradesh,FARRUKHABAD,2001,Whole Year,Potato,29382,818700,27.86399837
Uttar Pradesh,FARRUKHABAD,2001,Whole Year,Sugarcane,7483,429764,57.43204597
Uttar Pradesh,FARRUKHABAD,2001,Whole Year,Tobacco,5916,41575,7.0275524
Uttar Pradesh,FARRUKHABAD,2001,Whole Year,Turmeric,1,2,2
Uttar Pradesh,FARRUKHABAD,2002,Kharif,Bajra,3293,3878,1.17764956
Uttar Pradesh,FARRUKHABAD,2002,Kharif,Groundnut,55,36,0.654545455
Uttar Pradesh,FARRUKHABAD,2002,Kharif,Jowar,1239,1353,1.092009685
Uttar Pradesh,FARRUKHABAD,2002,Kharif,Maize,33520,45151,1.346986874
Uttar Pradesh,FARRUKHABAD,2002,Kharif,Moong(Green Gram),52,35,0.673076923
Uttar Pradesh,FARRUKHABAD,2002,Kharif,Rice,9501,19468,2.049047469
Uttar Pradesh,FARRUKHABAD,2002,Kharif,Sesamum,1071,172,0.160597572
Uttar Pradesh,FARRUKHABAD,2002,Kharif,Sunflower,958,1848,1.929018789
Uttar Pradesh,FARRUKHABAD,2002,Kharif,Urad,717,475,0.662482566
Uttar Pradesh,FARRUKHABAD,2002,Rabi,Barley,1699,5092,2.997057092
Uttar Pradesh,FARRUKHABAD,2002,Rabi,Gram,1723,2162,1.25478816
Uttar Pradesh,FARRUKHABAD,2002,Rabi,Maize,169,187,1.106508876
Uttar Pradesh,FARRUKHABAD,2002,Rabi,Masoor,861,657,0.763066202
Uttar Pradesh,FARRUKHABAD,2002,Rabi,Onion,269,2776,10.3197026
Uttar Pradesh,FARRUKHABAD,2002,Rabi,Peas & beans (Pulses),1237,2069,1.672594988
Uttar Pradesh,FARRUKHABAD,2002,Rabi,Rapeseed &Mustard,8168,7674,0.939520078
Uttar Pradesh,FARRUKHABAD,2002,Rabi,Wheat,72818,231451,3.178486089
Uttar Pradesh,FARRUKHABAD,2002,Summer,Moong(Green Gram),580,303,0.522413793
Uttar Pradesh,FARRUKHABAD,2002,Summer,Onion,428,4785,11.17990654
Uttar Pradesh,FARRUKHABAD,2002,Summer,Rice,4,8,2
Uttar Pradesh,FARRUKHABAD,2002,Summer,Urad,1315,1105,0.840304183
Uttar Pradesh,FARRUKHABAD,2002,Whole Year,Potato,31490,915477,29.07199111
Uttar Pradesh,FARRUKHABAD,2002,Whole Year,Sannhamp,10,3,0.3
Uttar Pradesh,FARRUKHABAD,2002,Whole Year,Sugarcane,7091,379255,53.48399379
Uttar Pradesh,FARRUKHABAD,2002,Whole Year,Tobacco,6083,37263,6.125760316
Uttar Pradesh,FARRUKHABAD,2003,Kharif,Arhar/Tur,1566,1401,0.894636015
Uttar Pradesh,FARRUKHABAD,2003,Kharif,Bajra,4118,3704,0.89946576
Uttar Pradesh,FARRUKHABAD,2003,Kharif,Groundnut,47,32,0.680851064
Uttar Pradesh,FARRUKHABAD,2003,Kharif,Jowar,1464,1326,0.905737705
Uttar Pradesh,FARRUKHABAD,2003,Kharif,Maize,38698,60949,1.574990956
Uttar Pradesh,FARRUKHABAD,2003,Kharif,Moong(Green Gram),70,16,0.228571429
Uttar Pradesh,FARRUKHABAD,2003,Kharif,Rice,12582,21304,1.693212526
Uttar Pradesh,FARRUKHABAD,2003,Kharif,Sesamum,1240,161,0.12983871
Uttar Pradesh,FARRUKHABAD,2003,Kharif,Sunflower,1307,2164,1.655700077
Uttar Pradesh,FARRUKHABAD,2003,Kharif,Urad,973,567,0.582733813
Uttar Pradesh,FARRUKHABAD,2003,Rabi,Barley,1611,4000,2.482929857
Uttar Pradesh,FARRUKHABAD,2003,Rabi,Gram,1654,2089,1.262998791
Uttar Pradesh,FARRUKHABAD,2003,Rabi,Masoor,1045,941,0.900478469
Uttar Pradesh,FARRUKHABAD,2003,Rabi,Onion,298,4277,14.35234899
Uttar Pradesh,FARRUKHABAD,2003,Rabi,Peas & beans (Pulses),987,1824,1.848024316
Uttar Pradesh,FARRUKHABAD,2003,Rabi,Rapeseed &Mustard,7455,7929,1.063581489
Uttar Pradesh,FARRUKHABAD,2003,Rabi,Wheat,72123,238044,3.300528264
Uttar Pradesh,FARRUKHABAD,2003,Summer,Maize,159,217,1.364779874
Uttar Pradesh,FARRUKHABAD,2003,Summer,Moong(Green Gram),694,411,0.59221902
Uttar Pradesh,FARRUKHABAD,2003,Summer,Onion,448,4562,10.18303571
Uttar Pradesh,FARRUKHABAD,2003,Summer,Urad,1451,1273,0.877325982
Uttar Pradesh,FARRUKHABAD,2003,Whole Year,Potato,31228,703223,22.51898937
Uttar Pradesh,FARRUKHABAD,2003,Whole Year,Sannhamp,4,1,0.25
Uttar Pradesh,FARRUKHABAD,2003,Whole Year,Sugarcane,7867,384885,48.92398627
Uttar Pradesh,FARRUKHABAD,2003,Whole Year,Tobacco,5923,38655,6.526253588
Uttar Pradesh,FARRUKHABAD,2004,Kharif,Bajra,3480,5656,1.625287356
Uttar Pradesh,FARRUKHABAD,2004,Kharif,Groundnut,117,96,0.820512821
Uttar Pradesh,FARRUKHABAD,2004,Kharif,Jowar,2435,1807,0.742094456
Uttar Pradesh,FARRUKHABAD,2004,Kharif,Maize,40906,87007,2.126998484
Uttar Pradesh,FARRUKHABAD,2004,Kharif,Rice,15644,35859,2.292188699
Uttar Pradesh,FARRUKHABAD,2004,Kharif,Sannhamp,13,4,0.307692308
Uttar Pradesh,FARRUKHABAD,2004,Kharif,Sesamum,1028,165,0.160505837
Uttar Pradesh,FARRUKHABAD,2004,Kharif,Sugarcane,7439,425213,57.15996774
Uttar Pradesh,FARRUKHABAD,2004,Rabi,Barley,1418,2738,1.930888575
Uttar Pradesh,FARRUKHABAD,2004,Rabi,Gram,1287,1457,1.132090132
Uttar Pradesh,FARRUKHABAD,2004,Rabi,Potato,30746,857783,27.89901125
Uttar Pradesh,FARRUKHABAD,2004,Rabi,Rapeseed &Mustard,7642,10026,1.31196022
Uttar Pradesh,FARRUKHABAD,2004,Rabi,Turmeric,2,4,2
Uttar Pradesh,FARRUKHABAD,2004,Rabi,Wheat,73316,214029,2.919267281
Uttar Pradesh,FARRUKHABAD,2004,Summer,Sunflower,2661,5199,1.953776776
Uttar Pradesh,FARRUKHABAD,2004,Whole Year,Banana,62,2255,36.37096774
Uttar Pradesh,FARRUKHABAD,2004,Whole Year,Dry chillies,194,182,0.93814433
Uttar Pradesh,FARRUKHABAD,2004,Whole Year,Garlic,1084,4695,4.331180812
Uttar Pradesh,FARRUKHABAD,2004,Whole Year,Guar seed,20,17,0.85
Uttar Pradesh,FARRUKHABAD,2004,Whole Year,Onion,504,5754,11.41666667
Uttar Pradesh,FARRUKHABAD,2004,Whole Year,Sweet potato,1187,13795,11.62173547
Uttar Pradesh,FARRUKHABAD,2004,Whole Year,Tobacco,6812,37398,5.490017616
Uttar Pradesh,FARRUKHABAD,2005,Kharif,Bajra,2379,2593,1.089953762
Uttar Pradesh,FARRUKHABAD,2005,Kharif,Jowar,1910,2176,1.139267016
Uttar Pradesh,FARRUKHABAD,2005,Kharif,Maize,30327,47249,1.557984634
Uttar Pradesh,FARRUKHABAD,2005,Kharif,Rice,13144,27458,2.089013999
Uttar Pradesh,FARRUKHABAD,2005,Kharif,Sannhamp,5,2,0.4
Uttar Pradesh,FARRUKHABAD,2005,Kharif,Sesamum,190,34,0.178947368
Uttar Pradesh,FARRUKHABAD,2005,Kharif,Sugarcane,10155,551701,54.32801576
Uttar Pradesh,FARRUKHABAD,2005,Rabi,Barley,1694,4023,2.37485242
Uttar Pradesh,FARRUKHABAD,2005,Rabi,Gram,1272,1758,1.382075472
Uttar Pradesh,FARRUKHABAD,2005,Rabi,Potato,31442,804947,25.60101139
Uttar Pradesh,FARRUKHABAD,2005,Rabi,Rapeseed &Mustard,9180,12168,1.325490196
Uttar Pradesh,FARRUKHABAD,2005,Rabi,Wheat,73872,230729,3.123362032
Uttar Pradesh,FARRUKHABAD,2005,Summer,Sunflower,1391,1895,1.36232926
Uttar Pradesh,FARRUKHABAD,2005,Whole Year,Coriander,2,1,0.5
Uttar Pradesh,FARRUKHABAD,2005,Whole Year,Dry chillies,238,218,0.915966387
Uttar Pradesh,FARRUKHABAD,2005,Whole Year,Garlic,1160,5054,4.356896552
Uttar Pradesh,FARRUKHABAD,2005,Whole Year,Guar seed,20,16,0.8
Uttar Pradesh,FARRUKHABAD,2005,Whole Year,Onion,649,8384,12.9183359
Uttar Pradesh,FARRUKHABAD,2005,Whole Year,Sweet potato,1073,14036,13.08108108
Uttar Pradesh,FARRUKHABAD,2005,Whole Year,Tobacco,7092,42676,6.01748449
Uttar Pradesh,FARRUKHABAD,2006,Kharif,Arhar/Tur,1356,930,0.685840708
Uttar Pradesh,FARRUKHABAD,2006,Kharif,Bajra,3324,4125,1.240974729
Uttar Pradesh,FARRUKHABAD,2006,Kharif,Groundnut,109,79,0.724770642
Uttar Pradesh,FARRUKHABAD,2006,Kharif,Jowar,2075,2156,1.039036145
Uttar Pradesh,FARRUKHABAD,2006,Kharif,Maize,38723,55025,1.420990109
Uttar Pradesh,FARRUKHABAD,2006,Kharif,Other Kharif pulses,2939,1722,0.585913576
Uttar Pradesh,FARRUKHABAD,2006,Kharif,Rice,14986,34108,2.275990925
Uttar Pradesh,FARRUKHABAD,2006,Kharif,Sannhamp,15,4,0.266666667
Uttar Pradesh,FARRUKHABAD,2006,Kharif,Sesamum,981,165,0.168195719
Uttar Pradesh,FARRUKHABAD,2006,Kharif,Sugarcane,12774,791222,61.94003444
Uttar Pradesh,FARRUKHABAD,2006,Kharif,Sweet potato,1137,15519,13.64907652
Uttar Pradesh,FARRUKHABAD,2006,Rabi,Barley,2771,6858,2.474918802
Uttar Pradesh,FARRUKHABAD,2006,Rabi,Garlic,994,4371,4.397384306
Uttar Pradesh,FARRUKHABAD,2006,Rabi,Gram,1167,1356,1.161953728
Uttar Pradesh,FARRUKHABAD,2006,Rabi,Masoor,798,970,1.215538847
Uttar Pradesh,FARRUKHABAD,2006,Rabi,Onion,250,4796,19.184
Uttar Pradesh,FARRUKHABAD,2006,Rabi,Other  Rabi pulses,648,1126,1.737654321
Uttar Pradesh,FARRUKHABAD,2006,Rabi,Potato,31875,831555,26.088
Uttar Pradesh,FARRUKHABAD,2006,Rabi,Rapeseed &Mustard,8171,10730,1.313180761
Uttar Pradesh,FARRUKHABAD,2006,Rabi,Tobacco,6428,34210,5.322028625
Uttar Pradesh,FARRUKHABAD,2006,Rabi,Turmeric,2,7,3.5
Uttar Pradesh,FARRUKHABAD,2006,Rabi,Wheat,70779,230669,3.259003377
Uttar Pradesh,FARRUKHABAD,2006,Summer,Maize,74,98,1.324324324
Uttar Pradesh,FARRUKHABAD,2006,Summer,Onion,330,3843,11.64545455
Uttar Pradesh,FARRUKHABAD,2006,Summer,Sunflower,2248,3592,1.597864769
Uttar Pradesh,FARRUKHABAD,2006,Summer,Tobacco,229,675,2.947598253
Uttar Pradesh,FARRUKHABAD,2006,Whole Year,Banana,75,2911,38.81333333
Uttar Pradesh,FARRUKHABAD,2006,Whole Year,Coriander,20,10,0.5
Uttar Pradesh,FARRUKHABAD,2006,Whole Year,Dry chillies,204,194,0.950980392
Uttar Pradesh,FARRUKHABAD,2006,Whole Year,Guar seed,25,21,0.84
Uttar Pradesh,FARRUKHABAD,2007,Kharif,Arhar/Tur,1403,1446,1.03064861
Uttar Pradesh,FARRUKHABAD,2007,Kharif,Bajra,5826,7657,1.31428081
Uttar Pradesh,FARRUKHABAD,2007,Kharif,Dry chillies,203,195,0.960591133
Uttar Pradesh,FARRUKHABAD,2007,Kharif,Groundnut,474,284,0.599156118
Uttar Pradesh,FARRUKHABAD,2007,Kharif,Guar seed,6,5,0.833333333
Uttar Pradesh,FARRUKHABAD,2007,Kharif,Jowar,1570,1397,0.889808917
Uttar Pradesh,FARRUKHABAD,2007,Kharif,Maize,39462,70400,1.783994729
Uttar Pradesh,FARRUKHABAD,2007,Kharif,Moong(Green Gram),68,13,0.191176471
Uttar Pradesh,FARRUKHABAD,2007,Kharif,Rice,13047,29734,2.278991339
Uttar Pradesh,FARRUKHABAD,2007,Kharif,Sannhamp,2,,
Uttar Pradesh,FARRUKHABAD,2007,Kharif,Sesamum,688,106,0.154069767
Uttar Pradesh,FARRUKHABAD,2007,Kharif,Sugarcane,8112,463714,57.16395464
Uttar Pradesh,FARRUKHABAD,2007,Kharif,Sweet potato,996,13409,13.46285141
Uttar Pradesh,FARRUKHABAD,2007,Kharif,Urad,996,416,0.417670683
Uttar Pradesh,FARRUKHABAD,2007,Rabi,Barley,1314,3063,2.331050228
Uttar Pradesh,FARRUKHABAD,2007,Rabi,Gram,250,303,1.212
Uttar Pradesh,FARRUKHABAD,2007,Rabi,Masoor,1060,641,0.604716981
Uttar Pradesh,FARRUKHABAD,2007,Rabi,Onion,179,2501,13.97206704
Uttar Pradesh,FARRUKHABAD,2007,Rabi,Other  Rabi pulses,596,1092,1.832214765
Uttar Pradesh,FARRUKHABAD,2007,Rabi,Potato,28422,671470,23.6250088
Uttar Pradesh,FARRUKHABAD,2007,Rabi,Rapeseed &Mustard,6921,10197,1.473342003
Uttar Pradesh,FARRUKHABAD,2007,Rabi,Tobacco,6849,29581,4.319024675
Uttar Pradesh,FARRUKHABAD,2007,Rabi,Wheat,70024,221827,3.167871016
Uttar Pradesh,FARRUKHABAD,2007,Summer,Maize,120,172,1.433333333
Uttar Pradesh,FARRUKHABAD,2007,Summer,Moong(Green Gram),557,372,0.667863555
Uttar Pradesh,FARRUKHABAD,2007,Summer,Onion,385,4367,11.34285714
Uttar Pradesh,FARRUKHABAD,2007,Summer,Sunflower,2679,4463,1.665920119
Uttar Pradesh,FARRUKHABAD,2007,Summer,Tobacco,206,512,2.485436893
Uttar Pradesh,FARRUKHABAD,2007,Summer,Urad,1286,840,0.65318818
Uttar Pradesh,FARRUKHABAD,2008,Kharif,Arhar/Tur,1472,1910,1.297554348
Uttar Pradesh,FARRUKHABAD,2008,Kharif,Bajra,5115,10799,2.111241447
Uttar Pradesh,FARRUKHABAD,2008,Kharif,Dry chillies,207,206,0.995169082
Uttar Pradesh,FARRUKHABAD,2008,Kharif,Groundnut,488,349,0.715163934
Uttar Pradesh,FARRUKHABAD,2008,Kharif,Guar seed,14,12,0.857142857
Uttar Pradesh,FARRUKHABAD,2008,Kharif,Jowar,1480,1890,1.277027027
Uttar Pradesh,FARRUKHABAD,2008,Kharif,Maize,37489,98259,2.621008829
Uttar Pradesh,FARRUKHABAD,2008,Kharif,Moong(Green Gram),96,36,0.375
Uttar Pradesh,FARRUKHABAD,2008,Kharif,Rice,14975,37048,2.473989983
Uttar Pradesh,FARRUKHABAD,2008,Kharif,Sesamum,1331,220,0.165289256
Uttar Pradesh,FARRUKHABAD,2008,Kharif,Sugarcane,8112,397456,48.99605523
Uttar Pradesh,FARRUKHABAD,2008,Kharif,Sweet potato,989,12147,12.28210313
Uttar Pradesh,FARRUKHABAD,2008,Kharif,Urad,1045,520,0.497607656
Uttar Pradesh,FARRUKHABAD,2008,Rabi,Barley,1317,3106,2.358390281
Uttar Pradesh,FARRUKHABAD,2008,Rabi,Coriander,6,4,0.666666667
Uttar Pradesh,FARRUKHABAD,2008,Rabi,Garlic,1208,7115,5.889900662
Uttar Pradesh,FARRUKHABAD,2008,Rabi,Gram,681,1037,1.522760646
Uttar Pradesh,FARRUKHABAD,2008,Rabi,Masoor,987,871,0.882472138
Uttar Pradesh,FARRUKHABAD,2008,Rabi,Onion,275,3224,11.72363636
Uttar Pradesh,FARRUKHABAD,2008,Rabi,Peas & beans (Pulses),624,1057,1.693910256
Uttar Pradesh,FARRUKHABAD,2008,Rabi,Potato,30749,723801,23.5390094
Uttar Pradesh,FARRUKHABAD,2008,Rabi,Rapeseed &Mustard,6739,9888,1.467280012
Uttar Pradesh,FARRUKHABAD,2008,Rabi,Tobacco,6363,36301,5.705013358
Uttar Pradesh,FARRUKHABAD,2008,Rabi,Wheat,71375,245276,3.436441331
Uttar Pradesh,FARRUKHABAD,2008,Summer,Maize,196,293,1.494897959
Uttar Pradesh,FARRUKHABAD,2008,Summer,Moong(Green Gram),598,475,0.794314381
Uttar Pradesh,FARRUKHABAD,2008,Summer,Sunflower,2152,3482,1.61802974
Uttar Pradesh,FARRUKHABAD,2008,Summer,Tobacco,233,529,2.270386266
Uttar Pradesh,FARRUKHABAD,2008,Summer,Urad,1221,1193,0.977067977
Uttar Pradesh,FARRUKHABAD,2009,Kharif,Arhar/Tur,1136,903,0.794894366
Uttar Pradesh,FARRUKHABAD,2009,Kharif,Bajra,4031,8205,2.035475068
Uttar Pradesh,FARRUKHABAD,2009,Kharif,Dry chillies,209,184,0.880382775
Uttar Pradesh,FARRUKHABAD,2009,Kharif,Groundnut,695,468,0.673381295
Uttar Pradesh,FARRUKHABAD,2009,Kharif,Guar seed,17,14,0.823529412
Uttar Pradesh,FARRUKHABAD,2009,Kharif,Jowar,897,960,1.070234114
Uttar Pradesh,FARRUKHABAD,2009,Kharif,Maize,31089,59038,1.898999646
Uttar Pradesh,FARRUKHABAD,2009,Kharif,Moong(Green Gram),66,10,0.151515152
Uttar Pradesh,FARRUKHABAD,2009,Kharif,Rice,8899,19934,2.240026969
Uttar Pradesh,FARRUKHABAD,2009,Kharif,Sannhamp,1,,
Uttar Pradesh,FARRUKHABAD,2009,Kharif,Sesamum,1574,164,0.104193139
Uttar Pradesh,FARRUKHABAD,2009,Kharif,Sugarcane,7720,420894,54.51994819
Uttar Pradesh,FARRUKHABAD,2009,Kharif,Sweet potato,1076,14634,13.60037175
Uttar Pradesh,FARRUKHABAD,2009,Kharif,Urad,1251,579,0.462829736
Uttar Pradesh,FARRUKHABAD,2009,Rabi,Barley,1256,2527,2.011942675
Uttar Pradesh,FARRUKHABAD,2009,Rabi,Coriander,13,7,0.538461538
Uttar Pradesh,FARRUKHABAD,2009,Rabi,Garlic,1270,6748,5.313385827
Uttar Pradesh,FARRUKHABAD,2009,Rabi,Gram,674,820,1.216617211
Uttar Pradesh,FARRUKHABAD,2009,Rabi,Masoor,984,790,0.802845528
Uttar Pradesh,FARRUKHABAD,2009,Rabi,Onion,259,4448,17.17374517
Uttar Pradesh,FARRUKHABAD,2009,Rabi,Peas & beans (Pulses),742,1031,1.389487871
Uttar Pradesh,FARRUKHABAD,2009,Rabi,Potato,29841,758648,25.42300861
Uttar Pradesh,FARRUKHABAD,2009,Rabi,Rapeseed &Mustard,6107,7771,1.27247421
Uttar Pradesh,FARRUKHABAD,2009,Rabi,Tobacco,6719,32977,4.908022027
Uttar Pradesh,FARRUKHABAD,2009,Rabi,Wheat,72185,249945,3.462561474
Uttar Pradesh,FARRUKHABAD,2009,Summer,Banana,22,905,41.13636364
Uttar Pradesh,FARRUKHABAD,2009,Summer,Maize,168,244,1.452380952
Uttar Pradesh,FARRUKHABAD,2009,Summer,Moong(Green Gram),794,678,0.853904282
Uttar Pradesh,FARRUKHABAD,2009,Summer,Onion,493,7057,14.31440162
Uttar Pradesh,FARRUKHABAD,2009,Summer,Sunflower,2572,7490,2.912130638
Uttar Pradesh,FARRUKHABAD,2009,Summer,Tobacco,270,1155,4.277777778
Uttar Pradesh,FARRUKHABAD,2009,Summer,Urad,1140,912,0.8
Uttar Pradesh,FARRUKHABAD,2010,Kharif,Arhar/Tur,1177,1103,0.937128292
Uttar Pradesh,FARRUKHABAD,2010,Kharif,Bajra,3743,5651,1.509751536
Uttar Pradesh,FARRUKHABAD,2010,Kharif,Dry chillies,26,23,0.884615385
Uttar Pradesh,FARRUKHABAD,2010,Kharif,Groundnut,535,529,0.988785047
Uttar Pradesh,FARRUKHABAD,2010,Kharif,Guar seed,16,13,0.8125
Uttar Pradesh,FARRUKHABAD,2010,Kharif,Jowar,2729,3200,1.172590693
Uttar Pradesh,FARRUKHABAD,2010,Kharif,Maize,33695,62336,1.850007419
Uttar Pradesh,FARRUKHABAD,2010,Kharif,Moong(Green Gram),70,33,0.471428571
Uttar Pradesh,FARRUKHABAD,2010,Kharif,Rice,14963,24075,1.60896879
Uttar Pradesh,FARRUKHABAD,2010,Kharif,Sesamum,1738,342,0.196777906
Uttar Pradesh,FARRUKHABAD,2010,Kharif,Sugarcane,7715,441298,57.2
Uttar Pradesh,FARRUKHABAD,2010,Kharif,Sweet potato,1044,12857,12.3151341
Uttar Pradesh,FARRUKHABAD,2010,Kharif,Urad,1165,838,0.719313305
Uttar Pradesh,FARRUKHABAD,2010,Rabi,Barley,1350,3952,2.927407407
Uttar Pradesh,FARRUKHABAD,2010,Rabi,Gram,591,901,1.524534687
Uttar Pradesh,FARRUKHABAD,2010,Rabi,Masoor,957,1079,1.127481714
Uttar Pradesh,FARRUKHABAD,2010,Rabi,Onion,279,5136,18.40860215
Uttar Pradesh,FARRUKHABAD,2010,Rabi,Peas & beans (Pulses),581,850,1.462994836
Uttar Pradesh,FARRUKHABAD,2010,Rabi,Potato,30669,808834,26.3730151
Uttar Pradesh,FARRUKHABAD,2010,Rabi,Rapeseed &Mustard,7485,11242,1.501937208
Uttar Pradesh,FARRUKHABAD,2010,Rabi,Tobacco,6506,33031,5.077005841
Uttar Pradesh,FARRUKHABAD,2010,Rabi,Wheat,73371,263012,3.584686048
Uttar Pradesh,FARRUKHABAD,2010,Summer,Maize,280,410,1.464285714
Uttar Pradesh,FARRUKHABAD,2010,Summer,Moong(Green Gram),768,789,1.02734375
Uttar Pradesh,FARRUKHABAD,2010,Summer,Sunflower,1459,3793,2.59972584
Uttar Pradesh,FARRUKHABAD,2010,Summer,Urad,1413,1458,1.031847134
Uttar Pradesh,FARRUKHABAD,2011,Kharif,Arhar/Tur,1120,1501,1.340178571
Uttar Pradesh,FARRUKHABAD,2011,Kharif,Bajra,4224,5104,1.208333333
Uttar Pradesh,FARRUKHABAD,2011,Kharif,Dry chillies,111,92,0.828828829
Uttar Pradesh,FARRUKHABAD,2011,Kharif,Groundnut,788,789,1.001269036
Uttar Pradesh,FARRUKHABAD,2011,Kharif,Guar seed,16,13,0.8125
Uttar Pradesh,FARRUKHABAD,2011,Kharif,Jowar,855,1052,1.230409357
Uttar Pradesh,FARRUKHABAD,2011,Kharif,Maize,31539,72161,2.287992644
Uttar Pradesh,FARRUKHABAD,2011,Kharif,Moong(Green Gram),107,45,0.420560748
Uttar Pradesh,FARRUKHABAD,2011,Kharif,Rice,14915,33469,2.243982568
Uttar Pradesh,FARRUKHABAD,2011,Kharif,Sannhamp,3,1,0.333333333
Uttar Pradesh,FARRUKHABAD,2011,Kharif,Sesamum,1988,509,0.256036217
Uttar Pradesh,FARRUKHABAD,2011,Kharif,Sugarcane,7000,437416,62.488
Uttar Pradesh,FARRUKHABAD,2011,Kharif,Sweet potato,1038,13488,12.99421965
Uttar Pradesh,FARRUKHABAD,2011,Kharif,Urad,785,545,0.694267516
Uttar Pradesh,FARRUKHABAD,2011,Rabi,Barley,316,1013,3.205696203
Uttar Pradesh,FARRUKHABAD,2011,Rabi,Coriander,10,5,0.5
Uttar Pradesh,FARRUKHABAD,2011,Rabi,Garlic,262,1354,5.167938931
Uttar Pradesh,FARRUKHABAD,2011,Rabi,Gram,726,1117,1.538567493
Uttar Pradesh,FARRUKHABAD,2011,Rabi,Maize,86,205,2.38372093
Uttar Pradesh,FARRUKHABAD,2011,Rabi,Masoor,1125,963,0.856
Uttar Pradesh,FARRUKHABAD,2011,Rabi,Onion,310,7091,22.87419355
Uttar Pradesh,FARRUKHABAD,2011,Rabi,Peas & beans (Pulses),786,1206,1.534351145
Uttar Pradesh,FARRUKHABAD,2011,Rabi,Potato,32203,662963,20.586995
Uttar Pradesh,FARRUKHABAD,2011,Rabi,Rapeseed &Mustard,6715,9038,1.345941921
Uttar Pradesh,FARRUKHABAD,2011,Rabi,Tobacco,6738,29802,4.422974176
Uttar Pradesh,FARRUKHABAD,2011,Rabi,Wheat,74481,282655,3.794994697
Uttar Pradesh,FARRUKHABAD,2011,Summer,Maize,333,550,1.651651652
Uttar Pradesh,FARRUKHABAD,2011,Summer,Moong(Green Gram),642,435,0.677570093
Uttar Pradesh,FARRUKHABAD,2011,Summer,Onion,490,6942,14.16734694
Uttar Pradesh,FARRUKHABAD,2011,Summer,Sunflower,1459,2489,1.705962988
Uttar Pradesh,FARRUKHABAD,2011,Summer,Tobacco,183,565,3.087431694
Uttar Pradesh,FARRUKHABAD,2011,Summer,Urad,1304,1108,0.849693252
Uttar Pradesh,FARRUKHABAD,2012,Kharif,Arhar/Tur,1242,1442,1.161030596
Uttar Pradesh,FARRUKHABAD,2012,Kharif,Bajra,4006,6132,1.530703944
Uttar Pradesh,FARRUKHABAD,2012,Kharif,Dry chillies,137,110,0.802919708
Uttar Pradesh,FARRUKHABAD,2012,Kharif,Groundnut,789,783,0.992395437
Uttar Pradesh,FARRUKHABAD,2012,Kharif,Guar seed,15,12,0.8
Uttar Pradesh,FARRUKHABAD,2012,Kharif,Jowar,1198,1646,1.373956594
Uttar Pradesh,FARRUKHABAD,2012,Kharif,Maize,30334,83813,2.763005209
Uttar Pradesh,FARRUKHABAD,2012,Kharif,Moong(Green Gram),66,34,0.515151515
Uttar Pradesh,FARRUKHABAD,2012,Kharif,Rice,15283,42471,2.778970097
Uttar Pradesh,FARRUKHABAD,2012,Kharif,Sesamum,2349,470,0.200085143
Uttar Pradesh,FARRUKHABAD,2012,Kharif,Sugarcane,8086,507219,62.72804848
Uttar Pradesh,FARRUKHABAD,2012,Kharif,Sweet potato,813,10526,12.94710947
Uttar Pradesh,FARRUKHABAD,2012,Kharif,Urad,1174,812,0.69165247
Uttar Pradesh,FARRUKHABAD,2012,Rabi,Barley,1171,3658,3.12382579
Uttar Pradesh,FARRUKHABAD,2012,Rabi,Coriander,5,3,0.6
Uttar Pradesh,FARRUKHABAD,2012,Rabi,Garlic,1227,6373,5.19396903
Uttar Pradesh,FARRUKHABAD,2012,Rabi,Gram,712,971,1.363764045
Uttar Pradesh,FARRUKHABAD,2012,Rabi,Masoor,1207,1473,1.22038111
Uttar Pradesh,FARRUKHABAD,2012,Rabi,Onion,285,6556,23.00350877
Uttar Pradesh,FARRUKHABAD,2012,Rabi,Peas & beans (Pulses),998,1606,1.609218437
Uttar Pradesh,FARRUKHABAD,2012,Rabi,Potato,34388,835216,24.28800744
Uttar Pradesh,FARRUKHABAD,2012,Rabi,Rapeseed &Mustard,6847,8251,1.205053308
Uttar Pradesh,FARRUKHABAD,2012,Rabi,Tobacco,6147,33230,5.405889052
Uttar Pradesh,FARRUKHABAD,2012,Rabi,Wheat,75378,272429,3.614171244
Uttar Pradesh,FARRUKHABAD,2012,Summer,Banana,19,848,44.63157895
Uttar Pradesh,FARRUKHABAD,2012,Summer,Maize,305,563,1.845901639
Uttar Pradesh,FARRUKHABAD,2012,Summer,Moong(Green Gram),720,594,0.825
Uttar Pradesh,FARRUKHABAD,2012,Summer,Onion,398,5724,14.38190955
Uttar Pradesh,FARRUKHABAD,2012,Summer,Sunflower,701,543,0.774607703
Uttar Pradesh,FARRUKHABAD,2012,Summer,Tobacco,210,674,3.20952381
Uttar Pradesh,FARRUKHABAD,2012,Summer,Urad,1268,1026,0.809148265
Uttar Pradesh,FARRUKHABAD,2013,Kharif,Arhar/Tur,1268,1298,1.023659306
Uttar Pradesh,FARRUKHABAD,2013,Kharif,Bajra,4336,5667,1.306964945
Uttar Pradesh,FARRUKHABAD,2013,Kharif,Dry chillies,197,159,0.807106599
Uttar Pradesh,FARRUKHABAD,2013,Kharif,Groundnut,825,736,0.892121212
Uttar Pradesh,FARRUKHABAD,2013,Kharif,Guar seed,8,7,0.875
Uttar Pradesh,FARRUKHABAD,2013,Kharif,Jowar,833,1158,1.390156062
Uttar Pradesh,FARRUKHABAD,2013,Kharif,Maize,36352,85791,2.360007702
Uttar Pradesh,FARRUKHABAD,2013,Kharif,Moong(Green Gram),71,23,0.323943662
Uttar Pradesh,FARRUKHABAD,2013,Kharif,Rice,16524,44202,2.675018155
Uttar Pradesh,FARRUKHABAD,2013,Kharif,Sannhamp,3,1,0.333333333
Uttar Pradesh,FARRUKHABAD,2013,Kharif,Sesamum,1785,62,0.034733894
Uttar Pradesh,FARRUKHABAD,2013,Kharif,Sugarcane,8172,504343,61.7159814
Uttar Pradesh,FARRUKHABAD,2013,Kharif,Sweet potato,816,10783,13.21446078
Uttar Pradesh,FARRUKHABAD,2013,Kharif,Urad,1005,575,0.572139303
Uttar Pradesh,FARRUKHABAD,2013,Rabi,Barley,1225,3454,2.819591837
Uttar Pradesh,FARRUKHABAD,2013,Rabi,Coriander,8,4,0.5
Uttar Pradesh,FARRUKHABAD,2013,Rabi,Garlic,1373,8045,5.859431901
Uttar Pradesh,FARRUKHABAD,2013,Rabi,Gram,737,449,0.609226594
Uttar Pradesh,FARRUKHABAD,2013,Rabi,Masoor,1235,854,0.691497976
Uttar Pradesh,FARRUKHABAD,2013,Rabi,Onion,572,11633,20.33741259
Uttar Pradesh,FARRUKHABAD,2013,Rabi,Peas & beans (Pulses),1015,1776,1.749753695
Uttar Pradesh,FARRUKHABAD,2013,Rabi,Potato,34003,785945,23.11398994
Uttar Pradesh,FARRUKHABAD,2013,Rabi,Rapeseed &Mustard,7011,9576,1.365853659
Uttar Pradesh,FARRUKHABAD,2013,Rabi,Tobacco,7273,33514,4.6080022
Uttar Pradesh,FARRUKHABAD,2013,Rabi,Wheat,75776,263950,3.483292863
Uttar Pradesh,FARRUKHABAD,2013,Summer,Banana,20,871,43.55
Uttar Pradesh,FARRUKHABAD,2013,Summer,Maize,1082,1988,1.837338262
Uttar Pradesh,FARRUKHABAD,2013,Summer,Moong(Green Gram),874,650,0.743707094
Uttar Pradesh,FARRUKHABAD,2013,Summer,Onion,571,7655,13.40630473
Uttar Pradesh,FARRUKHABAD,2013,Summer,Sunflower,10,16,1.6
Uttar Pradesh,FARRUKHABAD,2013,Summer,Tobacco,271,833,3.073800738
Uttar Pradesh,FARRUKHABAD,2013,Summer,Urad,1434,1017,0.709205021
Uttar Pradesh,FARRUKHABAD,2014,Kharif,Arhar/Tur,1176,582,0.494897959
Uttar Pradesh,FARRUKHABAD,2014,Kharif,Bajra,3787,5843,1.542909955
Uttar Pradesh,FARRUKHABAD,2014,Kharif,Dry chillies,192,158,0.822916667
Uttar Pradesh,FARRUKHABAD,2014,Kharif,Groundnut,738,638,0.864498645
Uttar Pradesh,FARRUKHABAD,2014,Kharif,Guar seed,15,12,0.8
Uttar Pradesh,FARRUKHABAD,2014,Kharif,Jowar,874,784,0.897025172
Uttar Pradesh,FARRUKHABAD,2014,Kharif,Maize,26921,51850,1.92600572
Uttar Pradesh,FARRUKHABAD,2014,Kharif,Moong(Green Gram),43,14,0.325581395
Uttar Pradesh,FARRUKHABAD,2014,Kharif,Rice,11900,33213,2.791008403
Uttar Pradesh,FARRUKHABAD,2014,Kharif,Sannhamp,2,1,0.5
Uttar Pradesh,FARRUKHABAD,2014,Kharif,Sesamum,2488,102,0.040996785
Uttar Pradesh,FARRUKHABAD,2014,Kharif,Sugarcane,7198,436861,60.69199778
Uttar Pradesh,FARRUKHABAD,2014,Kharif,Sweet potato,903,11185,12.38648948
Uttar Pradesh,FARRUKHABAD,2014,Kharif,Urad,1059,556,0.525023607
Uttar Pradesh,FARRUKHABAD,2014,Rabi,Barley,1098,1570,1.429872495
Uttar Pradesh,FARRUKHABAD,2014,Rabi,Coriander,7,3,0.428571429
Uttar Pradesh,FARRUKHABAD,2014,Rabi,Garlic,1125,6516,5.792
Uttar Pradesh,FARRUKHABAD,2014,Rabi,Gram,632,257,0.40664557
Uttar Pradesh,FARRUKHABAD,2014,Rabi,Masoor,1041,559,0.53698367
Uttar Pradesh,FARRUKHABAD,2014,Rabi,Onion,322,4926,15.29813665
Uttar Pradesh,FARRUKHABAD,2014,Rabi,Peas & beans (Pulses),852,469,0.550469484
Uttar Pradesh,FARRUKHABAD,2014,Rabi,Potato,33554,761105,22.68298862
Uttar Pradesh,FARRUKHABAD,2014,Rabi,Rapeseed &Mustard,6453,3504,0.543003254
Uttar Pradesh,FARRUKHABAD,2014,Rabi,Tobacco,7033,22991,3.269017489
Uttar Pradesh,FARRUKHABAD,2014,Rabi,Wheat,77049,180327,2.340419733
Uttar Pradesh,FARRUKHABAD,2014,Summer,Banana,22,992,45.09090909
Uttar Pradesh,FARRUKHABAD,2014,Summer,Maize,1402,2493,1.778174037
Uttar Pradesh,FARRUKHABAD,2014,Summer,Moong(Green Gram),945,779,0.824338624
Uttar Pradesh,FARRUKHABAD,2014,Summer,Onion,365,4348,11.91232877
Uttar Pradesh,FARRUKHABAD,2014,Summer,Tobacco,177,464,2.621468927
Uttar Pradesh,FARRUKHABAD,2014,Summer,Urad,1035,723,0.698550725
Uttar Pradesh,FATEHPUR,1997,Kharif,Arhar/Tur,16423,28766,1.751567923
Uttar Pradesh,FATEHPUR,1997,Kharif,Bajra,7895,4751,0.601773274
Uttar Pradesh,FATEHPUR,1997,Kharif,Groundnut,372,333,0.89516129
Uttar Pradesh,FATEHPUR,1997,Kharif,Jowar,28493,21896,0.768469449
Uttar Pradesh,FATEHPUR,1997,Kharif,Maize,562,1190,2.117437722
Uttar Pradesh,FATEHPUR,1997,Kharif,Moong(Green Gram),896,300,0.334821429
Uttar Pradesh,FATEHPUR,1997,Kharif,Oilseeds total,20803,8876,0.42666923
Uttar Pradesh,FATEHPUR,1997,Kharif,Onion,757,7793,10.29458388
Uttar Pradesh,FATEHPUR,1997,Kharif,Rice,81838,162415,1.98459151
Uttar Pradesh,FATEHPUR,1997,Kharif,Sesamum,5372,1252,0.233060313
Uttar Pradesh,FATEHPUR,1997,Kharif,Small millets,98,70,0.714285714
Uttar Pradesh,FATEHPUR,1997,Kharif,Soyabean,10,10,1
Uttar Pradesh,FATEHPUR,1997,Kharif,Total foodgrain,349294,625645,1.791170189
Uttar Pradesh,FATEHPUR,1997,Kharif,Urad,7974,4027,0.505016303
Uttar Pradesh,FATEHPUR,1997,Rabi,Barley,11390,17318,1.520456541
Uttar Pradesh,FATEHPUR,1997,Rabi,Gram,50107,48387,0.965673459
Uttar Pradesh,FATEHPUR,1997,Rabi,Linseed,210,71,0.338095238
Uttar Pradesh,FATEHPUR,1997,Rabi,Masoor,250,181,0.724
Uttar Pradesh,FATEHPUR,1997,Rabi,Peas & beans (Pulses),1780,1769,0.993820225
Uttar Pradesh,FATEHPUR,1997,Rabi,Rapeseed &Mustard,14776,7125,0.482200866
Uttar Pradesh,FATEHPUR,1997,Rabi,Sunflower,63,85,1.349206349
Uttar Pradesh,FATEHPUR,1997,Rabi,Wheat,140168,333772,2.38122824
Uttar Pradesh,FATEHPUR,1997,Summer,Maize,4,6,1.5
Uttar Pradesh,FATEHPUR,1997,Summer,Moong(Green Gram),754,446,0.591511936
Uttar Pradesh,FATEHPUR,1997,Summer,Urad,662,351,0.53021148
Uttar Pradesh,FATEHPUR,1997,Whole Year,Potato,4828,90505,18.7458575
Uttar Pradesh,FATEHPUR,1997,Whole Year,Sugarcane,9113,585755,64.27685724
Uttar Pradesh,FATEHPUR,1998,Kharif,Arhar/Tur,14837,31140,2.098807036
Uttar Pradesh,FATEHPUR,1998,Kharif,Bajra,7276,5110,0.702308961
Uttar Pradesh,FATEHPUR,1998,Kharif,Groundnut,403,262,0.650124069
Uttar Pradesh,FATEHPUR,1998,Kharif,Jowar,26401,18752,0.710276126
Uttar Pradesh,FATEHPUR,1998,Kharif,Maize,348,481,1.382183908
Uttar Pradesh,FATEHPUR,1998,Kharif,Moong(Green Gram),674,228,0.338278932
Uttar Pradesh,FATEHPUR,1998,Kharif,Ragi,9,12,1.333333333
Uttar Pradesh,FATEHPUR,1998,Kharif,Rice,89110,163432,1.834047806
Uttar Pradesh,FATEHPUR,1998,Kharif,Sesamum,4522,751,0.166076957
Uttar Pradesh,FATEHPUR,1998,Kharif,Small millets,50,32,0.64
Uttar Pradesh,FATEHPUR,1998,Kharif,Soyabean,4,2,0.5
Uttar Pradesh,FATEHPUR,1998,Kharif,Urad,8011,2844,0.355011859
Uttar Pradesh,FATEHPUR,1998,Rabi,Barley,9849,14366,1.458625241
Uttar Pradesh,FATEHPUR,1998,Rabi,Castor seed,2,2,1
Uttar Pradesh,FATEHPUR,1998,Rabi,Gram,47811,50194,1.049842087
Uttar Pradesh,FATEHPUR,1998,Rabi,Linseed,228,79,0.346491228
Uttar Pradesh,FATEHPUR,1998,Rabi,Masoor,479,383,0.799582463
Uttar Pradesh,FATEHPUR,1998,Rabi,Peas & beans (Pulses),2029,2220,1.094135042
Uttar Pradesh,FATEHPUR,1998,Rabi,Rapeseed &Mustard,13719,10381,0.756687805
Uttar Pradesh,FATEHPUR,1998,Rabi,Sunflower,32,39,1.21875
Uttar Pradesh,FATEHPUR,1998,Rabi,Wheat,144452,338608,2.344086617
Uttar Pradesh,FATEHPUR,1998,Summer,Maize,5,5,1
Uttar Pradesh,FATEHPUR,1998,Summer,Moong(Green Gram),826,393,0.475786925
Uttar Pradesh,FATEHPUR,1998,Summer,Urad,792,237,0.299242424
Uttar Pradesh,FATEHPUR,1998,Whole Year,Onion,775,9412,12.14451613
Uttar Pradesh,FATEHPUR,1998,Whole Year,Potato,5959,111078,18.6403759
Uttar Pradesh,FATEHPUR,1998,Whole Year,Sannhamp,369,134,0.363143631
Uttar Pradesh,FATEHPUR,1998,Whole Year,Sugarcane,9161,445666,48.64818251
Uttar Pradesh,FATEHPUR,1998,Whole Year,Tobacco,5,31,6.2
Uttar Pradesh,FATEHPUR,1998,Whole Year,Turmeric,11,21,1.909090909
Uttar Pradesh,FATEHPUR,1999,Kharif,Arhar/Tur,15093,31498,2.086927715
Uttar Pradesh,FATEHPUR,1999,Kharif,Bajra,6986,7024,1.00543945
Uttar Pradesh,FATEHPUR,1999,Kharif,Groundnut,347,288,0.829971182
Uttar Pradesh,FATEHPUR,1999,Kharif,Jowar,26711,26868,1.005877728
Uttar Pradesh,FATEHPUR,1999,Kharif,Maize,350,712,2.034285714
Uttar Pradesh,FATEHPUR,1999,Kharif,Moong(Green Gram),770,359,0.466233766
Uttar Pradesh,FATEHPUR,1999,Kharif,Rice,89904,170543,1.896945631
Uttar Pradesh,FATEHPUR,1999,Kharif,Small millets,59,39,0.661016949
Uttar Pradesh,FATEHPUR,1999,Kharif,Soyabean,3,2,0.666666667
Uttar Pradesh,FATEHPUR,1999,Kharif,Sunflower,36,47,1.305555556
Uttar Pradesh,FATEHPUR,1999,Kharif,Urad,7744,3493,0.451058884
Uttar Pradesh,FATEHPUR,1999,Rabi,Barley,9774,11325,1.158686311
Uttar Pradesh,FATEHPUR,1999,Rabi,Gram,46347,50595,1.091656418
Uttar Pradesh,FATEHPUR,1999,Rabi,Linseed,238,89,0.37394958
Uttar Pradesh,FATEHPUR,1999,Rabi,Maize,3,4,1.333333333
Uttar Pradesh,FATEHPUR,1999,Rabi,Ragi,7,12,1.714285714
Uttar Pradesh,FATEHPUR,1999,Rabi,Rapeseed &Mustard,13333,11372,0.852921323
Uttar Pradesh,FATEHPUR,1999,Rabi,Wheat,145628,371498,2.551006675
Uttar Pradesh,FATEHPUR,1999,Summer,Moong(Green Gram),805,482,0.598757764
Uttar Pradesh,FATEHPUR,1999,Summer,Urad,782,423,0.540920716
Uttar Pradesh,FATEHPUR,1999,Whole Year,Onion,872,12500,14.33486239
Uttar Pradesh,FATEHPUR,1999,Whole Year,Peas & beans (Pulses),2054,3518,1.712755599
Uttar Pradesh,FATEHPUR,1999,Whole Year,Potato,6104,114823,18.81110747
Uttar Pradesh,FATEHPUR,1999,Whole Year,Sugarcane,9203,675638,73.41497338
Uttar Pradesh,FATEHPUR,1999,Whole Year,Tobacco,2,10,5
Uttar Pradesh,FATEHPUR,1999,Whole Year,Turmeric,8,13,1.625
Uttar Pradesh,FATEHPUR,2000,Kharif,Arhar/Tur,15708,33339,2.122421696
Uttar Pradesh,FATEHPUR,2000,Kharif,Bajra,7620,6431,0.843963255
Uttar Pradesh,FATEHPUR,2000,Kharif,Groundnut,359,299,0.832869081
Uttar Pradesh,FATEHPUR,2000,Kharif,Jowar,26984,30594,1.133782983
Uttar Pradesh,FATEHPUR,2000,Kharif,Maize,432,914,2.115740741
Uttar Pradesh,FATEHPUR,2000,Kharif,Moong(Green Gram),766,231,0.30156658
Uttar Pradesh,FATEHPUR,2000,Kharif,Rice,91781,162713,1.772839694
Uttar Pradesh,FATEHPUR,2000,Kharif,Sesamum,5572,1309,0.234924623
Uttar Pradesh,FATEHPUR,2000,Kharif,Small millets,58,34,0.586206897
Uttar Pradesh,FATEHPUR,2000,Kharif,Soyabean,2,1,0.5
Uttar Pradesh,FATEHPUR,2000,Kharif,Urad,8226,3899,0.473984926
Uttar Pradesh,FATEHPUR,2000,Rabi,Barley,8829,8028,0.909276249
Uttar Pradesh,FATEHPUR,2000,Rabi,Gram,44497,41451,0.931545947
Uttar Pradesh,FATEHPUR,2000,Rabi,Linseed,217,75,0.34562212
Uttar Pradesh,FATEHPUR,2000,Rabi,Maize,3,5,1.666666667
Uttar Pradesh,FATEHPUR,2000,Rabi,Masoor,1933,884,0.457320228
Uttar Pradesh,FATEHPUR,2000,Rabi,Moong(Green Gram),772,801,1.037564767
Uttar Pradesh,FATEHPUR,2000,Rabi,Peas & beans (Pulses),2062,2264,1.097963143
Uttar Pradesh,FATEHPUR,2000,Rabi,Rapeseed &Mustard,12606,9651,0.765587815
Uttar Pradesh,FATEHPUR,2000,Rabi,Urad,654,714,1.091743119
Uttar Pradesh,FATEHPUR,2000,Rabi,Wheat,147261,341041,2.315894908
Uttar Pradesh,FATEHPUR,2000,Whole Year,Potato,5734,81665,14.24223927
Uttar Pradesh,FATEHPUR,2000,Whole Year,Sugarcane,9598,453487,47.24807252
Uttar Pradesh,FATEHPUR,2000,Whole Year,Turmeric,9,16,1.777777778
Uttar Pradesh,FATEHPUR,2001,Kharif,Arhar/Tur,15276,40119,2.626276512
Uttar Pradesh,FATEHPUR,2001,Kharif,Bajra,7086,5457,0.770110076
Uttar Pradesh,FATEHPUR,2001,Kharif,Groundnut,429,360,0.839160839
Uttar Pradesh,FATEHPUR,2001,Kharif,Jowar,26347,27715,1.05192242
Uttar Pradesh,FATEHPUR,2001,Kharif,Maize,415,801,1.930120482
Uttar Pradesh,FATEHPUR,2001,Kharif,Moong(Green Gram),773,213,0.275549806
Uttar Pradesh,FATEHPUR,2001,Kharif,Rice,97302,198290,2.037882058
Uttar Pradesh,FATEHPUR,2001,Kharif,Sesamum,5355,1360,0.253968254
Uttar Pradesh,FATEHPUR,2001,Kharif,Small millets,36,21,0.583333333
Uttar Pradesh,FATEHPUR,2001,Kharif,Sunflower,45,87,1.933333333
Uttar Pradesh,FATEHPUR,2001,Kharif,Urad,8892,4473,0.503036437
Uttar Pradesh,FATEHPUR,2001,Rabi,Barley,8084,13142,1.625680356
Uttar Pradesh,FATEHPUR,2001,Rabi,Gram,45027,49752,1.104937038
Uttar Pradesh,FATEHPUR,2001,Rabi,Linseed,217,77,0.35483871
Uttar Pradesh,FATEHPUR,2001,Rabi,Maize,1,1,1
Uttar Pradesh,FATEHPUR,2001,Rabi,Masoor,1748,1164,0.66590389
Uttar Pradesh,FATEHPUR,2001,Rabi,Moong(Green Gram),796,515,0.646984925
Uttar Pradesh,FATEHPUR,2001,Rabi,Peas & beans (Pulses),1853,1929,1.041014571
Uttar Pradesh,FATEHPUR,2001,Rabi,Rapeseed &Mustard,12198,11482,0.941301853
Uttar Pradesh,FATEHPUR,2001,Rabi,Urad,663,345,0.520361991
Uttar Pradesh,FATEHPUR,2001,Rabi,Wheat,150750,379008,2.514149254
Uttar Pradesh,FATEHPUR,2001,Whole Year,Potato,5191,108175,20.83895203
Uttar Pradesh,FATEHPUR,2001,Whole Year,Sugarcane,9755,421471,43.20563813
Uttar Pradesh,FATEHPUR,2001,Whole Year,Tobacco,1,6,6
Uttar Pradesh,FATEHPUR,2001,Whole Year,Turmeric,8,14,1.75
Uttar Pradesh,FATEHPUR,2002,Kharif,Bajra,6777,5552,0.819241552
Uttar Pradesh,FATEHPUR,2002,Kharif,Groundnut,271,178,0.656826568
Uttar Pradesh,FATEHPUR,2002,Kharif,Jowar,22938,24061,1.048958061
Uttar Pradesh,FATEHPUR,2002,Kharif,Maize,319,439,1.376175549
Uttar Pradesh,FATEHPUR,2002,Kharif,Moong(Green Gram),787,529,0.672172808
Uttar Pradesh,FATEHPUR,2002,Kharif,Rice,69093,114885,1.66275889
Uttar Pradesh,FATEHPUR,2002,Kharif,Sesamum,4507,1469,0.325937431
Uttar Pradesh,FATEHPUR,2002,Kharif,Small millets,22,13,0.590909091
Uttar Pradesh,FATEHPUR,2002,Kharif,Sunflower,11,16,1.454545455
Uttar Pradesh,FATEHPUR,2002,Kharif,Urad,8612,5029,0.583952624
Uttar Pradesh,FATEHPUR,2002,Rabi,Barley,7676,10115,1.317743616
Uttar Pradesh,FATEHPUR,2002,Rabi,Gram,45881,54632,1.190732547
Uttar Pradesh,FATEHPUR,2002,Rabi,Linseed,269,124,0.460966543
Uttar Pradesh,FATEHPUR,2002,Rabi,Maize,3,3,1
Uttar Pradesh,FATEHPUR,2002,Rabi,Masoor,1769,1771,1.001130582
Uttar Pradesh,FATEHPUR,2002,Rabi,Onion,1229,12683,10.31977217
Uttar Pradesh,FATEHPUR,2002,Rabi,Peas & beans (Pulses),1757,1712,0.974388162
Uttar Pradesh,FATEHPUR,2002,Rabi,Ragi,2,3,1.5
Uttar Pradesh,FATEHPUR,2002,Rabi,Rapeseed &Mustard,13109,9548,0.728354566
Uttar Pradesh,FATEHPUR,2002,Rabi,Wheat,148593,364425,2.452504492
Uttar Pradesh,FATEHPUR,2002,Summer,Moong(Green Gram),781,454,0.581306018
Uttar Pradesh,FATEHPUR,2002,Summer,Onion,39,436,11.17948718
Uttar Pradesh,FATEHPUR,2002,Summer,Urad,491,195,0.397148676
Uttar Pradesh,FATEHPUR,2002,Whole Year,Potato,5776,93976,16.2700831
Uttar Pradesh,FATEHPUR,2002,Whole Year,Sannhamp,189,59,0.312169312
Uttar Pradesh,FATEHPUR,2002,Whole Year,Sugarcane,9193,401957,43.72424671
Uttar Pradesh,FATEHPUR,2002,Whole Year,Turmeric,10,18,1.8
Uttar Pradesh,FATEHPUR,2003,Kharif,Arhar/Tur,14328,31398,2.191373534
Uttar Pradesh,FATEHPUR,2003,Kharif,Bajra,6817,6835,1.002640458
Uttar Pradesh,FATEHPUR,2003,Kharif,Groundnut,306,205,0.669934641
Uttar Pradesh,FATEHPUR,2003,Kharif,Jowar,24293,25982,1.069526201
Uttar Pradesh,FATEHPUR,2003,Kharif,Maize,341,390,1.143695015
Uttar Pradesh,FATEHPUR,2003,Kharif,Moong(Green Gram),815,462,0.566871166
Uttar Pradesh,FATEHPUR,2003,Kharif,Rice,85350,155333,1.819953134
Uttar Pradesh,FATEHPUR,2003,Kharif,Sesamum,4899,1288,0.262910798
Uttar Pradesh,FATEHPUR,2003,Kharif,Sunflower,5,8,1.6
Uttar Pradesh,FATEHPUR,2003,Kharif,Urad,9161,4324,0.472000873
Uttar Pradesh,FATEHPUR,2003,Rabi,Barley,7390,7651,1.035317997
Uttar Pradesh,FATEHPUR,2003,Rabi,Gram,45375,55722,1.228033058
Uttar Pradesh,FATEHPUR,2003,Rabi,Linseed,283,143,0.505300353
Uttar Pradesh,FATEHPUR,2003,Rabi,Masoor,1621,1637,1.00987045
Uttar Pradesh,FATEHPUR,2003,Rabi,Onion,1105,15860,14.35294118
Uttar Pradesh,FATEHPUR,2003,Rabi,Peas & beans (Pulses),1778,1923,1.081552306
Uttar Pradesh,FATEHPUR,2003,Rabi,Ragi,3,5,1.666666667
Uttar Pradesh,FATEHPUR,2003,Rabi,Rapeseed &Mustard,13024,8122,0.623617936
Uttar Pradesh,FATEHPUR,2003,Rabi,Wheat,151769,398603,2.626379564
Uttar Pradesh,FATEHPUR,2003,Summer,Maize,10,14,1.4
Uttar Pradesh,FATEHPUR,2003,Summer,Moong(Green Gram),1089,285,0.261707989
Uttar Pradesh,FATEHPUR,2003,Summer,Onion,47,464,9.872340426
Uttar Pradesh,FATEHPUR,2003,Summer,Urad,521,214,0.41074856
Uttar Pradesh,FATEHPUR,2003,Whole Year,Potato,6009,102243,17.01497753
Uttar Pradesh,FATEHPUR,2003,Whole Year,Sannhamp,149,45,0.302013423
Uttar Pradesh,FATEHPUR,2003,Whole Year,Sugarcane,8895,390687,43.92209106
Uttar Pradesh,FATEHPUR,2003,Whole Year,Turmeric,6,11,1.833333333
Uttar Pradesh,FATEHPUR,2004,Kharif,Bajra,5771,6857,1.188182291
Uttar Pradesh,FATEHPUR,2004,Kharif,Groundnut,414,341,0.823671498
Uttar Pradesh,FATEHPUR,2004,Kharif,Jowar,13197,27780,2.105023869
Uttar Pradesh,FATEHPUR,2004,Kharif,Maize,376,318,0.845744681
Uttar Pradesh,FATEHPUR,2004,Kharif,Rice,86201,160017,1.856324173
Uttar Pradesh,FATEHPUR,2004,Kharif,Sannhamp,120,33,0.275
Uttar Pradesh,FATEHPUR,2004,Kharif,Sesamum,5594,1393,0.249016804
Uttar Pradesh,FATEHPUR,2004,Kharif,Small millets,13,5,0.384615385
Uttar Pradesh,FATEHPUR,2004,Kharif,Soyabean,6,2,0.333333333
Uttar Pradesh,FATEHPUR,2004,Kharif,Sugarcane,8040,416158,51.76094527
Uttar Pradesh,FATEHPUR,2004,Rabi,Barley,7152,8741,1.222175615
Uttar Pradesh,FATEHPUR,2004,Rabi,Gram,47265,46372,0.981106527
Uttar Pradesh,FATEHPUR,2004,Rabi,Linseed,304,156,0.513157895
Uttar Pradesh,FATEHPUR,2004,Rabi,Maize,1,5,5
Uttar Pradesh,FATEHPUR,2004,Rabi,Potato,5968,87528,14.66621984
Uttar Pradesh,FATEHPUR,2004,Rabi,Rapeseed &Mustard,13598,10249,0.753713781
Uttar Pradesh,FATEHPUR,2004,Rabi,Turmeric,11,19,1.727272727
Uttar Pradesh,FATEHPUR,2004,Rabi,Wheat,151430,362240,2.392128376
Uttar Pradesh,FATEHPUR,2004,Summer,Sunflower,10,20,2
Uttar Pradesh,FATEHPUR,2004,Whole Year,Banana,93,3382,36.3655914
Uttar Pradesh,FATEHPUR,2004,Whole Year,Dry chillies,2249,2111,0.938639395
Uttar Pradesh,FATEHPUR,2004,Whole Year,Garlic,308,1334,4.331168831
Uttar Pradesh,FATEHPUR,2004,Whole Year,Guar seed,14,12,0.857142857
Uttar Pradesh,FATEHPUR,2004,Whole Year,Onion,917,9447,10.30207197
Uttar Pradesh,FATEHPUR,2004,Whole Year,Sweet potato,1588,18456,11.62216625
Uttar Pradesh,FATEHPUR,2004,Whole Year,Tobacco,2,8,4
Uttar Pradesh,FATEHPUR,2005,Kharif,Bajra,4289,5024,1.171368617
Uttar Pradesh,FATEHPUR,2005,Kharif,Jowar,11971,20264,1.692757497
Uttar Pradesh,FATEHPUR,2005,Kharif,Maize,389,499,1.28277635
Uttar Pradesh,FATEHPUR,2005,Kharif,Rice,71543,120765,1.688005815
Uttar Pradesh,FATEHPUR,2005,Kharif,Sannhamp,206,71,0.344660194
Uttar Pradesh,FATEHPUR,2005,Kharif,Sesamum,4906,1246,0.253974725
Uttar Pradesh,FATEHPUR,2005,Kharif,Small millets,24,18,0.75
Uttar Pradesh,FATEHPUR,2005,Kharif,Sugarcane,7073,231265,32.69687544
Uttar Pradesh,FATEHPUR,2005,Rabi,Barley,5541,7874,1.421043133
Uttar Pradesh,FATEHPUR,2005,Rabi,Gram,41613,43323,1.041092928
Uttar Pradesh,FATEHPUR,2005,Rabi,Linseed,211,95,0.450236967
Uttar Pradesh,FATEHPUR,2005,Rabi,Potato,6145,118807,19.33393002
Uttar Pradesh,FATEHPUR,2005,Rabi,Rapeseed &Mustard,13006,10834,0.833000154
Uttar Pradesh,FATEHPUR,2005,Rabi,Turmeric,7,31,4.428571429
Uttar Pradesh,FATEHPUR,2005,Rabi,Wheat,150047,323915,2.158756923
Uttar Pradesh,FATEHPUR,2005,Summer,Sunflower,24,30,1.25
Uttar Pradesh,FATEHPUR,2005,Whole Year,Banana,133,5068,38.10526316
Uttar Pradesh,FATEHPUR,2005,Whole Year,Coriander,502,288,0.573705179
Uttar Pradesh,FATEHPUR,2005,Whole Year,Dry chillies,2272,2075,0.913292254
Uttar Pradesh,FATEHPUR,2005,Whole Year,Garlic,389,1695,4.357326478
Uttar Pradesh,FATEHPUR,2005,Whole Year,Guar seed,2,2,1
Uttar Pradesh,FATEHPUR,2005,Whole Year,Onion,1349,17248,12.78576723
Uttar Pradesh,FATEHPUR,2005,Whole Year,Sweet potato,1656,21662,13.08091787
Uttar Pradesh,FATEHPUR,2006,Kharif,Arhar/Tur,22226,16038,0.72158733
Uttar Pradesh,FATEHPUR,2006,Kharif,Bajra,4631,5399,1.165838912
Uttar Pradesh,FATEHPUR,2006,Kharif,Groundnut,584,422,0.72260274
Uttar Pradesh,FATEHPUR,2006,Kharif,Jowar,11459,16139,1.408412601
Uttar Pradesh,FATEHPUR,2006,Kharif,Maize,163,216,1.325153374
Uttar Pradesh,FATEHPUR,2006,Kharif,Other Kharif pulses,12959,6364,0.491087275
Uttar Pradesh,FATEHPUR,2006,Kharif,Rice,80582,136425,1.692995954
Uttar Pradesh,FATEHPUR,2006,Kharif,Sannhamp,113,31,0.274336283
Uttar Pradesh,FATEHPUR,2006,Kharif,Sesamum,6054,981,0.162041625
Uttar Pradesh,FATEHPUR,2006,Kharif,Small millets,19,12,0.631578947
Uttar Pradesh,FATEHPUR,2006,Kharif,Soyabean,6,6,1
Uttar Pradesh,FATEHPUR,2006,Kharif,Sugarcane,9440,448866,47.54936441
Uttar Pradesh,FATEHPUR,2006,Kharif,Sweet potato,1323,18058,13.64928193
Uttar Pradesh,FATEHPUR,2006,Rabi,Barley,6998,6501,0.928979708
Uttar Pradesh,FATEHPUR,2006,Rabi,Garlic,352,1548,4.397727273
Uttar Pradesh,FATEHPUR,2006,Rabi,Gram,48880,53159,1.087540917
Uttar Pradesh,FATEHPUR,2006,Rabi,Linseed,304,106,0.348684211
Uttar Pradesh,FATEHPUR,2006,Rabi,Maize,3,9,3
Uttar Pradesh,FATEHPUR,2006,Rabi,Masoor,1687,1137,0.673977475
Uttar Pradesh,FATEHPUR,2006,Rabi,Onion,933,17897,19.18220793
Uttar Pradesh,FATEHPUR,2006,Rabi,Other  Rabi pulses,1416,1191,0.841101695
Uttar Pradesh,FATEHPUR,2006,Rabi,Potato,5968,86691,14.52597185
Uttar Pradesh,FATEHPUR,2006,Rabi,Rapeseed &Mustard,13586,8575,0.631164434
Uttar Pradesh,FATEHPUR,2006,Rabi,Tobacco,1,5,5
Uttar Pradesh,FATEHPUR,2006,Rabi,Turmeric,11,37,3.363636364
Uttar Pradesh,FATEHPUR,2006,Rabi,Wheat,147236,363910,2.471610204
Uttar Pradesh,FATEHPUR,2006,Summer,Maize,39,52,1.333333333
Uttar Pradesh,FATEHPUR,2006,Summer,Onion,95,1106,11.64210526
Uttar Pradesh,FATEHPUR,2006,Summer,Sunflower,6,9,1.5
Uttar Pradesh,FATEHPUR,2006,Summer,Tobacco,2,6,3
Uttar Pradesh,FATEHPUR,2006,Whole Year,Banana,132,5124,38.81818182
Uttar Pradesh,FATEHPUR,2006,Whole Year,Coriander,466,242,0.519313305
Uttar Pradesh,FATEHPUR,2006,Whole Year,Dry chillies,1891,1793,0.948175568
Uttar Pradesh,FATEHPUR,2007,Kharif,Arhar/Tur,24185,20674,0.854827372
Uttar Pradesh,FATEHPUR,2007,Kharif,Bajra,4497,5847,1.300200133
Uttar Pradesh,FATEHPUR,2007,Kharif,Dry chillies,1866,1799,0.964094319
Uttar Pradesh,FATEHPUR,2007,Kharif,Groundnut,640,383,0.5984375
Uttar Pradesh,FATEHPUR,2007,Kharif,Guar seed,10,9,0.9
Uttar Pradesh,FATEHPUR,2007,Kharif,Jowar,11994,19993,1.666916792
Uttar Pradesh,FATEHPUR,2007,Kharif,Maize,69,99,1.434782609
Uttar Pradesh,FATEHPUR,2007,Kharif,Moong(Green Gram),981,195,0.198776758
Uttar Pradesh,FATEHPUR,2007,Kharif,Rice,84135,158258,1.881000773
Uttar Pradesh,FATEHPUR,2007,Kharif,Sannhamp,62,12,0.193548387
Uttar Pradesh,FATEHPUR,2007,Kharif,Sesamum,7237,1665,0.230067708
Uttar Pradesh,FATEHPUR,2007,Kharif,Small millets,8,5,0.625
Uttar Pradesh,FATEHPUR,2007,Kharif,Sugarcane,8514,379713,44.59866103
Uttar Pradesh,FATEHPUR,2007,Kharif,Sweet potato,1591,21420,13.46323067
Uttar Pradesh,FATEHPUR,2007,Kharif,Urad,9921,5387,0.542989618
Uttar Pradesh,FATEHPUR,2007,Rabi,Barley,482,471,0.977178423
Uttar Pradesh,FATEHPUR,2007,Rabi,Coriander,518,300,0.579150579
Uttar Pradesh,FATEHPUR,2007,Rabi,Gram,43149,39445,0.914157918
Uttar Pradesh,FATEHPUR,2007,Rabi,Linseed,318,114,0.358490566
Uttar Pradesh,FATEHPUR,2007,Rabi,Maize,2,6,3
Uttar Pradesh,FATEHPUR,2007,Rabi,Masoor,1894,1546,0.81626188
Uttar Pradesh,FATEHPUR,2007,Rabi,Onion,949,13260,13.97260274
Uttar Pradesh,FATEHPUR,2007,Rabi,Other  Rabi pulses,1671,1701,1.017953321
Uttar Pradesh,FATEHPUR,2007,Rabi,Potato,7004,160483,22.91304969
Uttar Pradesh,FATEHPUR,2007,Rabi,Rapeseed &Mustard,14932,12398,0.830297348
Uttar Pradesh,FATEHPUR,2007,Rabi,Turmeric,12,37,3.083333333
Uttar Pradesh,FATEHPUR,2007,Rabi,Wheat,151705,390680,2.575261198
Uttar Pradesh,FATEHPUR,2007,Summer,Maize,5,7,1.4
Uttar Pradesh,FATEHPUR,2007,Summer,Moong(Green Gram),733,329,0.448840382
Uttar Pradesh,FATEHPUR,2007,Summer,Onion,47,634,13.4893617
Uttar Pradesh,FATEHPUR,2007,Summer,Sunflower,30,49,1.633333333
Uttar Pradesh,FATEHPUR,2007,Summer,Urad,179,88,0.491620112
Uttar Pradesh,FATEHPUR,2008,Kharif,Arhar/Tur,16480,14236,0.863834951
Uttar Pradesh,FATEHPUR,2008,Kharif,Bajra,5954,6125,1.028720188
Uttar Pradesh,FATEHPUR,2008,Kharif,Dry chillies,2211,2204,0.996834012
Uttar Pradesh,FATEHPUR,2008,Kharif,Groundnut,313,223,0.712460064
Uttar Pradesh,FATEHPUR,2008,Kharif,Jowar,9029,11809,1.307896777
Uttar Pradesh,FATEHPUR,2008,Kharif,Maize,438,655,1.49543379
Uttar Pradesh,FATEHPUR,2008,Kharif,Moong(Green Gram),558,207,0.370967742
Uttar Pradesh,FATEHPUR,2008,Kharif,Rice,79122,182139,2.302001972
Uttar Pradesh,FATEHPUR,2008,Kharif,Sannhamp,42,13,0.30952381
Uttar Pradesh,FATEHPUR,2008,Kharif,Sesamum,3209,366,0.114054222
Uttar Pradesh,FATEHPUR,2008,Kharif,Sugarcane,6450,356515,55.27364341
Uttar Pradesh,FATEHPUR,2008,Kharif,Sweet potato,1545,18976,12.28220065
Uttar Pradesh,FATEHPUR,2008,Kharif,Urad,6752,3207,0.474970379
Uttar Pradesh,FATEHPUR,2008,Rabi,Barley,4379,3727,0.851107559
Uttar Pradesh,FATEHPUR,2008,Rabi,Coriander,447,267,0.597315436
Uttar Pradesh,FATEHPUR,2008,Rabi,Garlic,398,2344,5.889447236
Uttar Pradesh,FATEHPUR,2008,Rabi,Gram,45523,54824,1.204314303
Uttar Pradesh,FATEHPUR,2008,Rabi,Linseed,177,54,0.305084746
Uttar Pradesh,FATEHPUR,2008,Rabi,Maize,30,79,2.633333333
Uttar Pradesh,FATEHPUR,2008,Rabi,Masoor,1048,835,0.796755725
Uttar Pradesh,FATEHPUR,2008,Rabi,Onion,881,10327,11.72190692
Uttar Pradesh,FATEHPUR,2008,Rabi,Peas & beans (Pulses),1561,1284,0.822549648
Uttar Pradesh,FATEHPUR,2008,Rabi,Potato,5093,94394,18.53406637
Uttar Pradesh,FATEHPUR,2008,Rabi,Rapeseed &Mustard,15144,13534,0.893687269
Uttar Pradesh,FATEHPUR,2008,Rabi,Wheat,156740,454552,2.90003828
Uttar Pradesh,FATEHPUR,2008,Summer,Banana,133,5068,38.10526316
Uttar Pradesh,FATEHPUR,2008,Summer,Maize,12,18,1.5
Uttar Pradesh,FATEHPUR,2008,Summer,Moong(Green Gram),2223,1759,0.791273054
Uttar Pradesh,FATEHPUR,2008,Summer,Sunflower,7,13,1.857142857
Uttar Pradesh,FATEHPUR,2008,Summer,Tobacco,13,29,2.230769231
Uttar Pradesh,FATEHPUR,2008,Summer,Urad,484,290,0.599173554
Uttar Pradesh,FATEHPUR,2009,Kharif,Arhar/Tur,17031,7790,0.45740121
Uttar Pradesh,FATEHPUR,2009,Kharif,Bajra,7528,6975,0.926540914
Uttar Pradesh,FATEHPUR,2009,Kharif,Dry chillies,2098,1848,0.880838894
Uttar Pradesh,FATEHPUR,2009,Kharif,Dry ginger,1,3,3
Uttar Pradesh,FATEHPUR,2009,Kharif,Groundnut,140,94,0.671428571
Uttar Pradesh,FATEHPUR,2009,Kharif,Guar seed,5,4,0.8
Uttar Pradesh,FATEHPUR,2009,Kharif,Jowar,8000,11601,1.450125
Uttar Pradesh,FATEHPUR,2009,Kharif,Maize,382,556,1.455497382
Uttar Pradesh,FATEHPUR,2009,Kharif,Moong(Green Gram),640,95,0.1484375
Uttar Pradesh,FATEHPUR,2009,Kharif,Rice,61678,133410,2.16300788
Uttar Pradesh,FATEHPUR,2009,Kharif,Sannhamp,53,10,0.188679245
Uttar Pradesh,FATEHPUR,2009,Kharif,Sesamum,6817,723,0.106058383
Uttar Pradesh,FATEHPUR,2009,Kharif,Sugarcane,5968,259883,43.54607909
Uttar Pradesh,FATEHPUR,2009,Kharif,Sweet potato,1541,20957,13.59961064
Uttar Pradesh,FATEHPUR,2009,Kharif,Urad,5271,1866,0.354012521
Uttar Pradesh,FATEHPUR,2009,Rabi,Barley,4552,3519,0.773066784
Uttar Pradesh,FATEHPUR,2009,Rabi,Coriander,469,267,0.569296375
Uttar Pradesh,FATEHPUR,2009,Rabi,Garlic,611,3246,5.312602291
Uttar Pradesh,FATEHPUR,2009,Rabi,Gram,46712,45246,0.968616201
Uttar Pradesh,FATEHPUR,2009,Rabi,Linseed,604,204,0.337748344
Uttar Pradesh,FATEHPUR,2009,Rabi,Masoor,1461,1106,0.757015743
Uttar Pradesh,FATEHPUR,2009,Rabi,Onion,1087,20343,18.71481141
Uttar Pradesh,FATEHPUR,2009,Rabi,Peas & beans (Pulses),1499,1228,0.819212809
Uttar Pradesh,FATEHPUR,2009,Rabi,Potato,7625,185882,24.37796721
Uttar Pradesh,FATEHPUR,2009,Rabi,Rapeseed &Mustard,15927,14717,0.924028379
Uttar Pradesh,FATEHPUR,2009,Rabi,Turmeric,32,106,3.3125
Uttar Pradesh,FATEHPUR,2009,Rabi,Wheat,161632,442702,2.738950208
Uttar Pradesh,FATEHPUR,2009,Summer,Banana,149,6127,41.12080537
Uttar Pradesh,FATEHPUR,2009,Summer,Maize,4,6,1.5
Uttar Pradesh,FATEHPUR,2009,Summer,Moong(Green Gram),3368,2354,0.698931116
Uttar Pradesh,FATEHPUR,2009,Summer,Onion,109,1514,13.88990826
Uttar Pradesh,FATEHPUR,2009,Summer,Sunflower,22,48,2.181818182
Uttar Pradesh,FATEHPUR,2009,Summer,Urad,514,290,0.564202335
Uttar Pradesh,FATEHPUR,2010,Kharif,Arhar/Tur,21503,20506,0.953634377
Uttar Pradesh,FATEHPUR,2010,Kharif,Bajra,9244,9350,1.011466897
Uttar Pradesh,FATEHPUR,2010,Kharif,Dry chillies,2052,1795,0.874756335
Uttar Pradesh,FATEHPUR,2010,Kharif,Groundnut,333,329,0.987987988
Uttar Pradesh,FATEHPUR,2010,Kharif,Guar seed,4,3,0.75
Uttar Pradesh,FATEHPUR,2010,Kharif,Jowar,10619,15481,1.457858555
Uttar Pradesh,FATEHPUR,2010,Kharif,Maize,288,507,1.760416667
Uttar Pradesh,FATEHPUR,2010,Kharif,Moong(Green Gram),876,412,0.470319635
Uttar Pradesh,FATEHPUR,2010,Kharif,Rice,63527,134105,2.110992177
Uttar Pradesh,FATEHPUR,2010,Kharif,Sannhamp,15,5,0.333333333
Uttar Pradesh,FATEHPUR,2010,Kharif,Sesamum,10388,2119,0.203985368
Uttar Pradesh,FATEHPUR,2010,Kharif,Soyabean,2,2,1
Uttar Pradesh,FATEHPUR,2010,Kharif,Sugarcane,5940,346546,58.34107744
Uttar Pradesh,FATEHPUR,2010,Kharif,Sweet potato,698,8596,12.31518625
Uttar Pradesh,FATEHPUR,2010,Kharif,Urad,7586,4794,0.631953599
Uttar Pradesh,FATEHPUR,2010,Rabi,Barley,4451,5333,1.198157717
Uttar Pradesh,FATEHPUR,2010,Rabi,Gram,45169,52357,1.15913569
Uttar Pradesh,FATEHPUR,2010,Rabi,Linseed,211,122,0.578199052
Uttar Pradesh,FATEHPUR,2010,Rabi,Maize,1,3,3
Uttar Pradesh,FATEHPUR,2010,Rabi,Masoor,986,609,0.617647059
Uttar Pradesh,FATEHPUR,2010,Rabi,Onion,1110,20433,18.40810811
Uttar Pradesh,FATEHPUR,2010,Rabi,Peas & beans (Pulses),1576,1424,0.903553299
Uttar Pradesh,FATEHPUR,2010,Rabi,Potato,8193,176920,21.5940437
Uttar Pradesh,FATEHPUR,2010,Rabi,Rapeseed &Mustard,14991,14114,0.941498232
Uttar Pradesh,FATEHPUR,2010,Rabi,Turmeric,31,97,3.129032258
Uttar Pradesh,FATEHPUR,2010,Rabi,Wheat,163606,535491,3.273052333
Uttar Pradesh,FATEHPUR,2010,Summer,Moong(Green Gram),3835,3557,0.927509778
Uttar Pradesh,FATEHPUR,2010,Summer,Urad,461,419,0.908893709
Uttar Pradesh,FATEHPUR,2011,Kharif,Arhar/Tur,18283,19231,1.051851447
Uttar Pradesh,FATEHPUR,2011,Kharif,Bajra,7023,7182,1.022639897
Uttar Pradesh,FATEHPUR,2011,Kharif,Dry chillies,2301,1910,0.830073881
Uttar Pradesh,FATEHPUR,2011,Kharif,Groundnut,297,297,1
Uttar Pradesh,FATEHPUR,2011,Kharif,Guar seed,4,3,0.75
Uttar Pradesh,FATEHPUR,2011,Kharif,Jowar,9212,15643,1.698111159
Uttar Pradesh,FATEHPUR,2011,Kharif,Maize,251,251,1
Uttar Pradesh,FATEHPUR,2011,Kharif,Moong(Green Gram),876,371,0.423515982
Uttar Pradesh,FATEHPUR,2011,Kharif,Rice,77736,182446,2.346994957
Uttar Pradesh,FATEHPUR,2011,Kharif,Sannhamp,36,10,0.277777778
Uttar Pradesh,FATEHPUR,2011,Kharif,Sesamum,10883,2797,0.25700634
Uttar Pradesh,FATEHPUR,2011,Kharif,Sugarcane,6428,359165,55.87507778
Uttar Pradesh,FATEHPUR,2011,Kharif,Sweet potato,1198,15567,12.99415693
Uttar Pradesh,FATEHPUR,2011,Kharif,Urad,7103,4525,0.637054766
Uttar Pradesh,FATEHPUR,2011,Rabi,Barley,4052,3958,0.976801579
Uttar Pradesh,FATEHPUR,2011,Rabi,Coriander,485,269,0.554639175
Uttar Pradesh,FATEHPUR,2011,Rabi,Garlic,819,4232,5.167277167
Uttar Pradesh,FATEHPUR,2011,Rabi,Gram,42921,57018,1.328440623
Uttar Pradesh,FATEHPUR,2011,Rabi,Linseed,143,63,0.440559441
Uttar Pradesh,FATEHPUR,2011,Rabi,Maize,8,19,2.375
Uttar Pradesh,FATEHPUR,2011,Rabi,Masoor,1233,899,0.729115977
Uttar Pradesh,FATEHPUR,2011,Rabi,Onion,1194,27313,22.87520938
Uttar Pradesh,FATEHPUR,2011,Rabi,Peas & beans (Pulses),1673,1970,1.177525403
Uttar Pradesh,FATEHPUR,2011,Rabi,Potato,8448,184876,21.88399621
Uttar Pradesh,FATEHPUR,2011,Rabi,Rapeseed &Mustard,14989,14150,0.944025619
Uttar Pradesh,FATEHPUR,2011,Rabi,Turmeric,34,96,2.823529412
Uttar Pradesh,FATEHPUR,2011,Rabi,Wheat,169259,554352,3.275170006
Uttar Pradesh,FATEHPUR,2011,Summer,Maize,12,20,1.666666667
Uttar Pradesh,FATEHPUR,2011,Summer,Moong(Green Gram),3481,3618,1.039356507
Uttar Pradesh,FATEHPUR,2011,Summer,Onion,108,1170,10.83333333
Uttar Pradesh,FATEHPUR,2011,Summer,Sunflower,2,3,1.5
Uttar Pradesh,FATEHPUR,2011,Summer,Tobacco,4,12,3
Uttar Pradesh,FATEHPUR,2011,Summer,Urad,477,459,0.962264151
Uttar Pradesh,FATEHPUR,2012,Kharif,Arhar/Tur,19164,18650,0.973178877
Uttar Pradesh,FATEHPUR,2012,Kharif,Bajra,6994,8964,1.281670003
Uttar Pradesh,FATEHPUR,2012,Kharif,Dry chillies,2401,1929,0.803415244
Uttar Pradesh,FATEHPUR,2012,Kharif,Groundnut,276,296,1.072463768
Uttar Pradesh,FATEHPUR,2012,Kharif,Guar seed,55,45,0.818181818
Uttar Pradesh,FATEHPUR,2012,Kharif,Jowar,9509,15060,1.583762751
Uttar Pradesh,FATEHPUR,2012,Kharif,Maize,297,339,1.141414141
Uttar Pradesh,FATEHPUR,2012,Kharif,Moong(Green Gram),937,475,0.506937033
Uttar Pradesh,FATEHPUR,2012,Kharif,Rice,77164,189515,2.456002799
Uttar Pradesh,FATEHPUR,2012,Kharif,Sannhamp,22,8,0.363636364
Uttar Pradesh,FATEHPUR,2012,Kharif,Sesamum,10189,2017,0.197958583
Uttar Pradesh,FATEHPUR,2012,Kharif,Sugarcane,6676,408151,61.13705812
Uttar Pradesh,FATEHPUR,2012,Kharif,Sweet potato,1318,17064,12.94688923
Uttar Pradesh,FATEHPUR,2012,Kharif,Urad,6970,4614,0.661979914
Uttar Pradesh,FATEHPUR,2012,Rabi,Barley,3474,9574,2.755900979
Uttar Pradesh,FATEHPUR,2012,Rabi,Coriander,837,453,0.541218638
Uttar Pradesh,FATEHPUR,2012,Rabi,Garlic,951,4940,5.194532072
Uttar Pradesh,FATEHPUR,2012,Rabi,Gram,43377,54161,1.248611015
Uttar Pradesh,FATEHPUR,2012,Rabi,Linseed,111,67,0.603603604
Uttar Pradesh,FATEHPUR,2012,Rabi,Masoor,1017,881,0.866273353
Uttar Pradesh,FATEHPUR,2012,Rabi,Onion,1498,34459,23.00333778
Uttar Pradesh,FATEHPUR,2012,Rabi,Peas & beans (Pulses),1463,1565,1.069719754
Uttar Pradesh,FATEHPUR,2012,Rabi,Potato,8142,177903,21.85003685
Uttar Pradesh,FATEHPUR,2012,Rabi,Rapeseed &Mustard,15623,16017,1.025219228
Uttar Pradesh,FATEHPUR,2012,Rabi,Turmeric,62,175,2.822580645
Uttar Pradesh,FATEHPUR,2012,Rabi,Wheat,170681,560591,3.284437049
Uttar Pradesh,FATEHPUR,2012,Summer,Banana,350,15629,44.65428571
Uttar Pradesh,FATEHPUR,2012,Summer,Maize,82,151,1.841463415
Uttar Pradesh,FATEHPUR,2012,Summer,Moong(Green Gram),3616,3432,0.949115044
Uttar Pradesh,FATEHPUR,2012,Summer,Onion,76,827,10.88157895
Uttar Pradesh,FATEHPUR,2012,Summer,Sunflower,3,2,0.666666667
Uttar Pradesh,FATEHPUR,2012,Summer,Urad,546,423,0.774725275
Uttar Pradesh,FATEHPUR,2013,Kharif,Arhar/Tur,16238,14554,0.896292647
Uttar Pradesh,FATEHPUR,2013,Kharif,Bajra,6478,6211,0.958783575
Uttar Pradesh,FATEHPUR,2013,Kharif,Dry chillies,2402,1939,0.807243963
Uttar Pradesh,FATEHPUR,2013,Kharif,Groundnut,255,228,0.894117647
Uttar Pradesh,FATEHPUR,2013,Kharif,Guar seed,18,15,0.833333333
Uttar Pradesh,FATEHPUR,2013,Kharif,Jowar,8091,11385,1.407119021
Uttar Pradesh,FATEHPUR,2013,Kharif,Maize,230,249,1.082608696
Uttar Pradesh,FATEHPUR,2013,Kharif,Moong(Green Gram),727,233,0.320495186
Uttar Pradesh,FATEHPUR,2013,Kharif,Rice,86459,225226,2.605003528
Uttar Pradesh,FATEHPUR,2013,Kharif,Sannhamp,24,7,0.291666667
Uttar Pradesh,FATEHPUR,2013,Kharif,Sesamum,8258,1412,0.170985711
Uttar Pradesh,FATEHPUR,2013,Kharif,Sugarcane,7357,501961,68.22903357
Uttar Pradesh,FATEHPUR,2013,Kharif,Sweet potato,1157,15290,13.21521175
Uttar Pradesh,FATEHPUR,2013,Kharif,Urad,6340,3620,0.570977918
Uttar Pradesh,FATEHPUR,2013,Rabi,Barley,3406,11411,3.35026424
Uttar Pradesh,FATEHPUR,2013,Rabi,Coriander,877,480,0.54732041
Uttar Pradesh,FATEHPUR,2013,Rabi,Garlic,1009,5912,5.859266601
Uttar Pradesh,FATEHPUR,2013,Rabi,Gram,41687,18128,0.434859788
Uttar Pradesh,FATEHPUR,2013,Rabi,Linseed,135,47,0.348148148
Uttar Pradesh,FATEHPUR,2013,Rabi,Maize,15,53,3.533333333
Uttar Pradesh,FATEHPUR,2013,Rabi,Masoor,894,476,0.532438479
Uttar Pradesh,FATEHPUR,2013,Rabi,Onion,1146,23307,20.33769634
Uttar Pradesh,FATEHPUR,2013,Rabi,Peas & beans (Pulses),1396,1480,1.06017192
Uttar Pradesh,FATEHPUR,2013,Rabi,Potato,8709,175321,20.13101389
Uttar Pradesh,FATEHPUR,2013,Rabi,Rapeseed &Mustard,15660,11145,0.711685824
Uttar Pradesh,FATEHPUR,2013,Rabi,Turmeric,68,197,2.897058824
Uttar Pradesh,FATEHPUR,2013,Rabi,Wheat,174453,595895,3.415791073
Uttar Pradesh,FATEHPUR,2013,Summer,Banana,410,17852,43.54146341
Uttar Pradesh,FATEHPUR,2013,Summer,Maize,10,18,1.8
Uttar Pradesh,FATEHPUR,2013,Summer,Moong(Green Gram),4745,2652,0.55890411
Uttar Pradesh,FATEHPUR,2013,Summer,Onion,30,404,13.46666667
Uttar Pradesh,FATEHPUR,2013,Summer,Sunflower,3,5,1.666666667
Uttar Pradesh,FATEHPUR,2013,Summer,Tobacco,3,9,3
Uttar Pradesh,FATEHPUR,2013,Summer,Urad,555,323,0.581981982
Uttar Pradesh,FATEHPUR,2014,Kharif,Arhar/Tur,16633,3325,0.199903806
Uttar Pradesh,FATEHPUR,2014,Kharif,Bajra,5161,3939,0.763224181
Uttar Pradesh,FATEHPUR,2014,Kharif,Dry chillies,2405,1983,0.824532225
Uttar Pradesh,FATEHPUR,2014,Kharif,Groundnut,209,181,0.866028708
Uttar Pradesh,FATEHPUR,2014,Kharif,Guar seed,3,3,1
Uttar Pradesh,FATEHPUR,2014,Kharif,Jowar,8214,5050,0.614803993
Uttar Pradesh,FATEHPUR,2014,Kharif,Maize,227,404,1.779735683
Uttar Pradesh,FATEHPUR,2014,Kharif,Moong(Green Gram),833,267,0.320528211
Uttar Pradesh,FATEHPUR,2014,Kharif,Rice,80702,157046,1.94599886
Uttar Pradesh,FATEHPUR,2014,Kharif,Sannhamp,25,10,0.4
Uttar Pradesh,FATEHPUR,2014,Kharif,Sesamum,10049,1799,0.179022788
Uttar Pradesh,FATEHPUR,2014,Kharif,Sugarcane,7882,518486,65.78102005
Uttar Pradesh,FATEHPUR,2014,Kharif,Sweet potato,1153,14283,12.3876843
Uttar Pradesh,FATEHPUR,2014,Kharif,Urad,10863,3943,0.362975237
Uttar Pradesh,FATEHPUR,2014,Rabi,Barley,3587,5222,1.455812657
Uttar Pradesh,FATEHPUR,2014,Rabi,Coriander,631,306,0.484944532
Uttar Pradesh,FATEHPUR,2014,Rabi,Garlic,817,4732,5.791921665
Uttar Pradesh,FATEHPUR,2014,Rabi,Gram,41942,7657,0.182561633
Uttar Pradesh,FATEHPUR,2014,Rabi,Linseed,120,69,0.575
Uttar Pradesh,FATEHPUR,2014,Rabi,Maize,49,117,2.387755102
Uttar Pradesh,FATEHPUR,2014,Rabi,Masoor,807,129,0.159851301
Uttar Pradesh,FATEHPUR,2014,Rabi,Onion,925,14152,15.29945946
Uttar Pradesh,FATEHPUR,2014,Rabi,Peas & beans (Pulses),2481,1813,0.730753728
Uttar Pradesh,FATEHPUR,2014,Rabi,Potato,8784,126999,14.4579918
Uttar Pradesh,FATEHPUR,2014,Rabi,Rapeseed &Mustard,16818,9115,0.541978832
Uttar Pradesh,FATEHPUR,2014,Rabi,Turmeric,54,153,2.833333333
Uttar Pradesh,FATEHPUR,2014,Rabi,Wheat,174246,341436,1.959505527
Uttar Pradesh,FATEHPUR,2014,Summer,Banana,214,9654,45.11214953
Uttar Pradesh,FATEHPUR,2014,Summer,Maize,5,9,1.8
Uttar Pradesh,FATEHPUR,2014,Summer,Moong(Green Gram),4144,2059,0.496862934
Uttar Pradesh,FATEHPUR,2014,Summer,Onion,47,711,15.12765957
Uttar Pradesh,FATEHPUR,2014,Summer,Sunflower,37,63,1.702702703
Uttar Pradesh,FATEHPUR,2014,Summer,Urad,561,125,0.222816399
Uttar Pradesh,FIROZABAD,1997,Kharif,Arhar/Tur,1986,1315,0.662134945
Uttar Pradesh,FIROZABAD,1997,Kharif,Bajra,56681,103634,1.828372823
Uttar Pradesh,FIROZABAD,1997,Kharif,Groundnut,3,2,0.666666667
Uttar Pradesh,FIROZABAD,1997,Kharif,Jowar,224,125,0.558035714
Uttar Pradesh,FIROZABAD,1997,Kharif,Maize,7691,17608,2.289429203
Uttar Pradesh,FIROZABAD,1997,Kharif,Moong(Green Gram),62,18,0.290322581
Uttar Pradesh,FIROZABAD,1997,Kharif,Moth,11,6,0.545454545
Uttar Pradesh,FIROZABAD,1997,Kharif,Rice,14013,31220,2.227931207
Uttar Pradesh,FIROZABAD,1997,Kharif,Sesamum,549,128,0.233151184
Uttar Pradesh,FIROZABAD,1997,Kharif,Soyabean,3,3,1
Uttar Pradesh,FIROZABAD,1997,Kharif,Urad,378,200,0.529100529
Uttar Pradesh,FIROZABAD,1997,Rabi,Barley,13199,38408,2.909917418
Uttar Pradesh,FIROZABAD,1997,Rabi,Gram,4080,4105,1.006127451
Uttar Pradesh,FIROZABAD,1997,Rabi,Masoor,47,40,0.85106383
Uttar Pradesh,FIROZABAD,1997,Rabi,Peas & beans (Pulses),2339,3742,1.599828987
Uttar Pradesh,FIROZABAD,1997,Rabi,Rapeseed &Mustard,26243,14127,0.538314979
Uttar Pradesh,FIROZABAD,1997,Rabi,Sunflower,1103,954,0.864913871
Uttar Pradesh,FIROZABAD,1997,Rabi,Wheat,91897,245553,2.672045877
Uttar Pradesh,FIROZABAD,1997,Summer,Maize,259,409,1.579150579
Uttar Pradesh,FIROZABAD,1997,Summer,Moong(Green Gram),4077,1425,0.349521707
Uttar Pradesh,FIROZABAD,1997,Summer,Urad,599,271,0.452420701
Uttar Pradesh,FIROZABAD,1997,Whole Year,Potato,16677,357355,21.42801463
Uttar Pradesh,FIROZABAD,1997,Whole Year,Sugarcane,192,5529,28.796875
Uttar Pradesh,FIROZABAD,1998,Kharif,Arhar/Tur,1890,1279,0.676719577
Uttar Pradesh,FIROZABAD,1998,Kharif,Bajra,54473,77716,1.426688451
Uttar Pradesh,FIROZABAD,1998,Kharif,Cotton(lint),1,,
Uttar Pradesh,FIROZABAD,1998,Kharif,Groundnut,2,2,1
Uttar Pradesh,FIROZABAD,1998,Kharif,Jowar,222,81,0.364864865
Uttar Pradesh,FIROZABAD,1998,Kharif,Maize,7771,8867,1.14103719
Uttar Pradesh,FIROZABAD,1998,Kharif,Moong(Green Gram),128,28,0.21875
Uttar Pradesh,FIROZABAD,1998,Kharif,Rice,19291,35053,1.817064953
Uttar Pradesh,FIROZABAD,1998,Kharif,Sesamum,390,71,0.182051282
Uttar Pradesh,FIROZABAD,1998,Kharif,Soyabean,3,1,0.333333333
Uttar Pradesh,FIROZABAD,1998,Kharif,Urad,424,114,0.268867925
Uttar Pradesh,FIROZABAD,1998,Rabi,Barley,13829,41318,2.987779304
Uttar Pradesh,FIROZABAD,1998,Rabi,Gram,3416,3327,0.973946136
Uttar Pradesh,FIROZABAD,1998,Rabi,Linseed,4,1,0.25
Uttar Pradesh,FIROZABAD,1998,Rabi,Masoor,84,61,0.726190476
Uttar Pradesh,FIROZABAD,1998,Rabi,Peas & beans (Pulses),3622,4955,1.368028713
Uttar Pradesh,FIROZABAD,1998,Rabi,Rapeseed &Mustard,21121,19484,0.9224942
Uttar Pradesh,FIROZABAD,1998,Rabi,Sunflower,1329,1672,1.258088789
Uttar Pradesh,FIROZABAD,1998,Rabi,Wheat,97789,281877,2.882502122
Uttar Pradesh,FIROZABAD,1998,Summer,Maize,186,189,1.016129032
Uttar Pradesh,FIROZABAD,1998,Summer,Moong(Green Gram),3672,944,0.25708061
Uttar Pradesh,FIROZABAD,1998,Summer,Urad,690,349,0.505797101
Uttar Pradesh,FIROZABAD,1998,Whole Year,Onion,253,3055,12.07509881
Uttar Pradesh,FIROZABAD,1998,Whole Year,Potato,20125,573321,28.488
Uttar Pradesh,FIROZABAD,1998,Whole Year,Sugarcane,198,5780,29.19191919
Uttar Pradesh,FIROZABAD,1998,Whole Year,Tobacco,36,246,6.833333333
Uttar Pradesh,FIROZABAD,1999,Kharif,Arhar/Tur,1597,1139,0.713212273
Uttar Pradesh,FIROZABAD,1999,Kharif,Bajra,59222,92593,1.563489919
Uttar Pradesh,FIROZABAD,1999,Kharif,Cotton(lint),15,12,0.8
Uttar Pradesh,FIROZABAD,1999,Kharif,Groundnut,2,2,1
Uttar Pradesh,FIROZABAD,1999,Kharif,Jowar,403,318,0.789081886
Uttar Pradesh,FIROZABAD,1999,Kharif,Maize,7444,10587,1.422219237
Uttar Pradesh,FIROZABAD,1999,Kharif,Moong(Green Gram),57,16,0.280701754
Uttar Pradesh,FIROZABAD,1999,Kharif,Rice,20570,34018,1.653767623
Uttar Pradesh,FIROZABAD,1999,Kharif,Sunflower,534,456,0.853932584
Uttar Pradesh,FIROZABAD,1999,Kharif,Urad,497,206,0.414486922
Uttar Pradesh,FIROZABAD,1999,Rabi,Barley,12436,40505,3.25707623
Uttar Pradesh,FIROZABAD,1999,Rabi,Gram,2555,2876,1.125636008
Uttar Pradesh,FIROZABAD,1999,Rabi,Linseed,6,3,0.5
Uttar Pradesh,FIROZABAD,1999,Rabi,Maize,193,280,1.450777202
Uttar Pradesh,FIROZABAD,1999,Rabi,Rapeseed &Mustard,16415,24631,1.500517819
Uttar Pradesh,FIROZABAD,1999,Rabi,Wheat,100733,320940,3.186046281
Uttar Pradesh,FIROZABAD,1999,Summer,Moong(Green Gram),3287,1463,0.445086705
Uttar Pradesh,FIROZABAD,1999,Summer,Urad,882,455,0.515873016
Uttar Pradesh,FIROZABAD,1999,Whole Year,Moth,19,8,0.421052632
Uttar Pradesh,FIROZABAD,1999,Whole Year,Onion,292,4186,14.33561644
Uttar Pradesh,FIROZABAD,1999,Whole Year,Peas & beans (Pulses),2224,4541,2.041816547
Uttar Pradesh,FIROZABAD,1999,Whole Year,Potato,21813,618093,28.3359923
Uttar Pradesh,FIROZABAD,1999,Whole Year,Sugarcane,205,10772,52.54634146
Uttar Pradesh,FIROZABAD,1999,Whole Year,Tobacco,2,12,6
Uttar Pradesh,FIROZABAD,1999,Whole Year,Turmeric,1,2,2
Uttar Pradesh,FIROZABAD,2000,Kharif,Arhar/Tur,1354,887,0.655096012
Uttar Pradesh,FIROZABAD,2000,Kharif,Bajra,61495,106539,1.732482316
Uttar Pradesh,FIROZABAD,2000,Kharif,Castor seed,1,1,1
Uttar Pradesh,FIROZABAD,2000,Kharif,Cotton(lint),4,6,1.5
Uttar Pradesh,FIROZABAD,2000,Kharif,Groundnut,1,1,1
Uttar Pradesh,FIROZABAD,2000,Kharif,Jowar,194,159,0.819587629
Uttar Pradesh,FIROZABAD,2000,Kharif,Maize,8366,16669,1.992469519
Uttar Pradesh,FIROZABAD,2000,Kharif,Moong(Green Gram),84,25,0.297619048
Uttar Pradesh,FIROZABAD,2000,Kharif,Moth,7,2,0.285714286
Uttar Pradesh,FIROZABAD,2000,Kharif,Rice,21506,34330,1.596298707
Uttar Pradesh,FIROZABAD,2000,Kharif,Sesamum,437,101,0.231121281
Uttar Pradesh,FIROZABAD,2000,Kharif,Urad,584,243,0.41609589
Uttar Pradesh,FIROZABAD,2000,Rabi,Barley,15462,40307,2.606842582
Uttar Pradesh,FIROZABAD,2000,Rabi,Gram,2314,2673,1.15514261
Uttar Pradesh,FIROZABAD,2000,Rabi,Linseed,44,16,0.363636364
Uttar Pradesh,FIROZABAD,2000,Rabi,Maize,258,418,1.620155039
Uttar Pradesh,FIROZABAD,2000,Rabi,Masoor,70,57,0.814285714
Uttar Pradesh,FIROZABAD,2000,Rabi,Moong(Green Gram),1902,797,0.419032597
Uttar Pradesh,FIROZABAD,2000,Rabi,Peas & beans (Pulses),1569,2992,1.9069471
Uttar Pradesh,FIROZABAD,2000,Rabi,Rapeseed &Mustard,10219,13117,1.283589392
Uttar Pradesh,FIROZABAD,2000,Rabi,Urad,573,255,0.445026178
Uttar Pradesh,FIROZABAD,2000,Rabi,Wheat,109295,305190,2.792350977
Uttar Pradesh,FIROZABAD,2000,Whole Year,Potato,18508,435012,23.50399827
Uttar Pradesh,FIROZABAD,2000,Whole Year,Sugarcane,187,8728,46.67379679
Uttar Pradesh,FIROZABAD,2001,Kharif,Arhar/Tur,1535,1096,0.714006515
Uttar Pradesh,FIROZABAD,2001,Kharif,Bajra,62049,65958,1.062998598
Uttar Pradesh,FIROZABAD,2001,Kharif,Cotton(lint),3,6,2
Uttar Pradesh,FIROZABAD,2001,Kharif,Groundnut,3,2,0.666666667
Uttar Pradesh,FIROZABAD,2001,Kharif,Jowar,318,246,0.773584906
Uttar Pradesh,FIROZABAD,2001,Kharif,Maize,9357,23018,2.459976488
Uttar Pradesh,FIROZABAD,2001,Kharif,Moong(Green Gram),87,24,0.275862069
Uttar Pradesh,FIROZABAD,2001,Kharif,Moth,1,1,1
Uttar Pradesh,FIROZABAD,2001,Kharif,Rice,19184,33752,1.759382819
Uttar Pradesh,FIROZABAD,2001,Kharif,Sesamum,716,208,0.290502793
Uttar Pradesh,FIROZABAD,2001,Kharif,Sunflower,33,38,1.151515152
Uttar Pradesh,FIROZABAD,2001,Kharif,Urad,792,323,0.407828283
Uttar Pradesh,FIROZABAD,2001,Rabi,Barley,13794,43487,3.152602581
Uttar Pradesh,FIROZABAD,2001,Rabi,Gram,3379,4037,1.194732169
Uttar Pradesh,FIROZABAD,2001,Rabi,Linseed,48,20,0.416666667
Uttar Pradesh,FIROZABAD,2001,Rabi,Maize,437,712,1.629290618
Uttar Pradesh,FIROZABAD,2001,Rabi,Masoor,59,47,0.796610169
Uttar Pradesh,FIROZABAD,2001,Rabi,Moong(Green Gram),1544,431,0.279145078
Uttar Pradesh,FIROZABAD,2001,Rabi,Peas & beans (Pulses),1780,2531,1.421910112
Uttar Pradesh,FIROZABAD,2001,Rabi,Rapeseed &Mustard,13370,15277,1.14263276
Uttar Pradesh,FIROZABAD,2001,Rabi,Urad,607,189,0.311367381
Uttar Pradesh,FIROZABAD,2001,Rabi,Wheat,110573,322196,2.913875901
Uttar Pradesh,FIROZABAD,2001,Whole Year,Potato,20434,601005,29.4120094
Uttar Pradesh,FIROZABAD,2001,Whole Year,Sugarcane,174,9121,52.41954023
Uttar Pradesh,FIROZABAD,2001,Whole Year,Tobacco,3,19,6.333333333
Uttar Pradesh,FIROZABAD,2001,Whole Year,Turmeric,1,2,2
Uttar Pradesh,FIROZABAD,2002,Kharif,Bajra,59097,75171,1.271993502
Uttar Pradesh,FIROZABAD,2002,Kharif,Cotton(lint),9,6,0.666666667
Uttar Pradesh,FIROZABAD,2002,Kharif,Groundnut,1,1,1
Uttar Pradesh,FIROZABAD,2002,Kharif,Jowar,218,216,0.990825688
Uttar Pradesh,FIROZABAD,2002,Kharif,Maize,6962,7310,1.049985636
Uttar Pradesh,FIROZABAD,2002,Kharif,Moong(Green Gram),56,16,0.285714286
Uttar Pradesh,FIROZABAD,2002,Kharif,Moth,3,1,0.333333333
Uttar Pradesh,FIROZABAD,2002,Kharif,Rice,13947,26639,1.910016491
Uttar Pradesh,FIROZABAD,2002,Kharif,Sesamum,296,48,0.162162162
Uttar Pradesh,FIROZABAD,2002,Kharif,Sunflower,5,7,1.4
Uttar Pradesh,FIROZABAD,2002,Kharif,Urad,447,178,0.398210291
Uttar Pradesh,FIROZABAD,2002,Rabi,Barley,14158,47338,3.343551349
Uttar Pradesh,FIROZABAD,2002,Rabi,Gram,1975,1521,0.770126582
Uttar Pradesh,FIROZABAD,2002,Rabi,Linseed,23,10,0.434782609
Uttar Pradesh,FIROZABAD,2002,Rabi,Maize,274,303,1.105839416
Uttar Pradesh,FIROZABAD,2002,Rabi,Masoor,44,43,0.977272727
Uttar Pradesh,FIROZABAD,2002,Rabi,Onion,59,609,10.3220339
Uttar Pradesh,FIROZABAD,2002,Rabi,Peas & beans (Pulses),1610,2682,1.665838509
Uttar Pradesh,FIROZABAD,2002,Rabi,Rapeseed &Mustard,10393,10760,1.035312229
Uttar Pradesh,FIROZABAD,2002,Rabi,Wheat,105238,299221,2.843279044
Uttar Pradesh,FIROZABAD,2002,Summer,Moong(Green Gram),1040,378,0.363461538
Uttar Pradesh,FIROZABAD,2002,Summer,Onion,76,850,11.18421053
Uttar Pradesh,FIROZABAD,2002,Summer,Urad,747,312,0.417670683
Uttar Pradesh,FIROZABAD,2002,Whole Year,Potato,28906,738664,25.55400263
Uttar Pradesh,FIROZABAD,2002,Whole Year,Sannhamp,11,4,0.363636364
Uttar Pradesh,FIROZABAD,2002,Whole Year,Sugarcane,140,7617,54.40714286
Uttar Pradesh,FIROZABAD,2002,Whole Year,Tobacco,8,47,5.875
Uttar Pradesh,FIROZABAD,2002,Whole Year,Turmeric,1,2,2
Uttar Pradesh,FIROZABAD,2003,Kharif,Arhar/Tur,675,654,0.968888889
Uttar Pradesh,FIROZABAD,2003,Kharif,Bajra,65024,57981,0.891686147
Uttar Pradesh,FIROZABAD,2003,Kharif,Groundnut,3,2,0.666666667
Uttar Pradesh,FIROZABAD,2003,Kharif,Jowar,226,201,0.889380531
Uttar Pradesh,FIROZABAD,2003,Kharif,Maize,6604,11603,1.756965475
Uttar Pradesh,FIROZABAD,2003,Kharif,Moong(Green Gram),127,30,0.236220472
Uttar Pradesh,FIROZABAD,2003,Kharif,Moth,2,1,0.5
Uttar Pradesh,FIROZABAD,2003,Kharif,Rice,13865,26784,1.931770646
Uttar Pradesh,FIROZABAD,2003,Kharif,Sesamum,305,40,0.131147541
Uttar Pradesh,FIROZABAD,2003,Kharif,Sunflower,23,39,1.695652174
Uttar Pradesh,FIROZABAD,2003,Kharif,Urad,450,107,0.237777778
Uttar Pradesh,FIROZABAD,2003,Rabi,Barley,13025,42522,3.264644914
Uttar Pradesh,FIROZABAD,2003,Rabi,Gram,1927,2897,1.503373119
Uttar Pradesh,FIROZABAD,2003,Rabi,Linseed,15,7,0.466666667
Uttar Pradesh,FIROZABAD,2003,Rabi,Masoor,45,41,0.911111111
Uttar Pradesh,FIROZABAD,2003,Rabi,Onion,219,3143,14.35159817
Uttar Pradesh,FIROZABAD,2003,Rabi,Peas & beans (Pulses),1463,3052,2.086124402
Uttar Pradesh,FIROZABAD,2003,Rabi,Ragi,6,9,1.5
Uttar Pradesh,FIROZABAD,2003,Rabi,Rapeseed &Mustard,10945,12387,1.131749657
Uttar Pradesh,FIROZABAD,2003,Rabi,Wheat,104505,330205,3.159705277
Uttar Pradesh,FIROZABAD,2003,Summer,Maize,421,575,1.365795724
Uttar Pradesh,FIROZABAD,2003,Summer,Moong(Green Gram),1095,437,0.399086758
Uttar Pradesh,FIROZABAD,2003,Summer,Onion,140,1382,9.871428571
Uttar Pradesh,FIROZABAD,2003,Summer,Urad,739,406,0.549391069
Uttar Pradesh,FIROZABAD,2003,Whole Year,Potato,30040,665716,22.16098535
Uttar Pradesh,FIROZABAD,2003,Whole Year,Sannhamp,3,1,0.333333333
Uttar Pradesh,FIROZABAD,2003,Whole Year,Sugarcane,88,4552,51.72727273
Uttar Pradesh,FIROZABAD,2003,Whole Year,Tobacco,8,59,7.375
Uttar Pradesh,FIROZABAD,2004,Kharif,Bajra,65714,124248,1.890738655
Uttar Pradesh,FIROZABAD,2004,Kharif,Cotton(lint),10,1,0.1
Uttar Pradesh,FIROZABAD,2004,Kharif,Groundnut,41,34,0.829268293
Uttar Pradesh,FIROZABAD,2004,Kharif,Jowar,143,108,0.755244755
Uttar Pradesh,FIROZABAD,2004,Kharif,Maize,7987,22268,2.78803055
Uttar Pradesh,FIROZABAD,2004,Kharif,Rice,14649,40988,2.79800669
Uttar Pradesh,FIROZABAD,2004,Kharif,Sannhamp,5,1,0.2
Uttar Pradesh,FIROZABAD,2004,Kharif,Sesamum,736,118,0.160326087
Uttar Pradesh,FIROZABAD,2004,Kharif,Sugarcane,94,4669,49.67021277
Uttar Pradesh,FIROZABAD,2004,Rabi,Barley,11459,30834,2.690810716
Uttar Pradesh,FIROZABAD,2004,Rabi,Gram,1572,1951,1.241094148
Uttar Pradesh,FIROZABAD,2004,Rabi,Linseed,23,11,0.47826087
Uttar Pradesh,FIROZABAD,2004,Rabi,Potato,29681,771587,25.9959907
Uttar Pradesh,FIROZABAD,2004,Rabi,Rapeseed &Mustard,15945,19624,1.230730637
Uttar Pradesh,FIROZABAD,2004,Rabi,Turmeric,3,5,1.666666667
Uttar Pradesh,FIROZABAD,2004,Rabi,Wheat,102786,288431,2.806131185
Uttar Pradesh,FIROZABAD,2004,Summer,Sunflower,138,271,1.963768116
Uttar Pradesh,FIROZABAD,2004,Whole Year,Dry chillies,3753,2584,0.688515854
Uttar Pradesh,FIROZABAD,2004,Whole Year,Garlic,1180,5110,4.330508475
Uttar Pradesh,FIROZABAD,2004,Whole Year,Guar seed,34,29,0.852941176
Uttar Pradesh,FIROZABAD,2004,Whole Year,Onion,171,1963,11.47953216
Uttar Pradesh,FIROZABAD,2004,Whole Year,Sweet potato,250,2906,11.624
Uttar Pradesh,FIROZABAD,2004,Whole Year,Tobacco,13,57,4.384615385
Uttar Pradesh,FIROZABAD,2005,Kharif,Bajra,63572,120283,1.892075127
Uttar Pradesh,FIROZABAD,2005,Kharif,Jowar,205,193,0.941463415
Uttar Pradesh,FIROZABAD,2005,Kharif,Maize,6288,12387,1.969942748
Uttar Pradesh,FIROZABAD,2005,Kharif,Rice,14433,44381,3.074967089
Uttar Pradesh,FIROZABAD,2005,Kharif,Sannhamp,7,2,0.285714286
Uttar Pradesh,FIROZABAD,2005,Kharif,Sesamum,371,66,0.177897574
Uttar Pradesh,FIROZABAD,2005,Kharif,Sugarcane,147,7406,50.38095238
Uttar Pradesh,FIROZABAD,2005,Rabi,Barley,11907,34578,2.904006047
Uttar Pradesh,FIROZABAD,2005,Rabi,Gram,1036,1350,1.303088803
Uttar Pradesh,FIROZABAD,2005,Rabi,Linseed,15,6,0.4
Uttar Pradesh,FIROZABAD,2005,Rabi,Potato,33975,863135,25.40500368
Uttar Pradesh,FIROZABAD,2005,Rabi,Rapeseed &Mustard,9132,12365,1.354029785
Uttar Pradesh,FIROZABAD,2005,Rabi,Wheat,99965,310091,3.101995698
Uttar Pradesh,FIROZABAD,2005,Summer,Sunflower,136,164,1.205882353
Uttar Pradesh,FIROZABAD,2005,Whole Year,Coriander,21,12,0.571428571
Uttar Pradesh,FIROZABAD,2005,Whole Year,Dry chillies,1227,1121,0.913610432
Uttar Pradesh,FIROZABAD,2005,Whole Year,Garlic,3834,16706,4.35732916
Uttar Pradesh,FIROZABAD,2005,Whole Year,Guar seed,8,6,0.75
Uttar Pradesh,FIROZABAD,2005,Whole Year,Onion,704,9007,12.79403409
Uttar Pradesh,FIROZABAD,2005,Whole Year,Sweet potato,230,3009,13.0826087
Uttar Pradesh,FIROZABAD,2005,Whole Year,Tobacco,8,46,5.75
Uttar Pradesh,FIROZABAD,2006,Kharif,Arhar/Tur,1025,868,0.846829268
Uttar Pradesh,FIROZABAD,2006,Kharif,Bajra,59566,109525,1.838716718
Uttar Pradesh,FIROZABAD,2006,Kharif,Cotton(lint),10,2,0.2
Uttar Pradesh,FIROZABAD,2006,Kharif,Groundnut,22,16,0.727272727
Uttar Pradesh,FIROZABAD,2006,Kharif,Jowar,197,224,1.137055838
Uttar Pradesh,FIROZABAD,2006,Kharif,Maize,5284,12682,2.4000757
Uttar Pradesh,FIROZABAD,2006,Kharif,Other Kharif pulses,3250,1499,0.461230769
Uttar Pradesh,FIROZABAD,2006,Kharif,Rice,14989,43963,2.933017546
Uttar Pradesh,FIROZABAD,2006,Kharif,Sannhamp,5,1,0.2
Uttar Pradesh,FIROZABAD,2006,Kharif,Sesamum,766,129,0.168407311
Uttar Pradesh,FIROZABAD,2006,Kharif,Sugarcane,95,5115,53.84210526
Uttar Pradesh,FIROZABAD,2006,Kharif,Sweet potato,171,2334,13.64912281
Uttar Pradesh,FIROZABAD,2006,Rabi,Barley,9940,27991,2.815995976
Uttar Pradesh,FIROZABAD,2006,Rabi,Garlic,4724,20771,4.396909399
Uttar Pradesh,FIROZABAD,2006,Rabi,Gram,1741,1444,0.829408386
Uttar Pradesh,FIROZABAD,2006,Rabi,Linseed,23,8,0.347826087
Uttar Pradesh,FIROZABAD,2006,Rabi,Masoor,101,91,0.900990099
Uttar Pradesh,FIROZABAD,2006,Rabi,Onion,64,1228,19.1875
Uttar Pradesh,FIROZABAD,2006,Rabi,Other  Rabi pulses,391,378,0.966751918
Uttar Pradesh,FIROZABAD,2006,Rabi,Potato,38106,997120,26.16700782
Uttar Pradesh,FIROZABAD,2006,Rabi,Rapeseed &Mustard,10362,13309,1.284404555
Uttar Pradesh,FIROZABAD,2006,Rabi,Tobacco,13,69,5.307692308
Uttar Pradesh,FIROZABAD,2006,Rabi,Turmeric,3,10,3.333333333
Uttar Pradesh,FIROZABAD,2006,Rabi,Wheat,105443,309475,2.934998056
Uttar Pradesh,FIROZABAD,2006,Summer,Maize,586,777,1.325938567
Uttar Pradesh,FIROZABAD,2006,Summer,Onion,96,1118,11.64583333
Uttar Pradesh,FIROZABAD,2006,Summer,Sunflower,137,205,1.496350365
Uttar Pradesh,FIROZABAD,2006,Whole Year,Coriander,22,11,0.5
Uttar Pradesh,FIROZABAD,2006,Whole Year,Dry chillies,1118,1060,0.948121646
Uttar Pradesh,FIROZABAD,2006,Whole Year,Guar seed,1,1,1
Uttar Pradesh,FIROZABAD,2007,Kharif,Arhar/Tur,667,648,0.971514243
Uttar Pradesh,FIROZABAD,2007,Kharif,Bajra,66427,119575,1.800096346
Uttar Pradesh,FIROZABAD,2007,Kharif,Cotton(lint),10,3,0.3
Uttar Pradesh,FIROZABAD,2007,Kharif,Dry chillies,1753,1690,0.964061609
Uttar Pradesh,FIROZABAD,2007,Kharif,Groundnut,49,29,0.591836735
Uttar Pradesh,FIROZABAD,2007,Kharif,Jowar,125,78,0.624
Uttar Pradesh,FIROZABAD,2007,Kharif,Maize,8449,21680,2.56598414
Uttar Pradesh,FIROZABAD,2007,Kharif,Moong(Green Gram),136,27,0.198529412
Uttar Pradesh,FIROZABAD,2007,Kharif,Rice,16103,48905,3.037011737
Uttar Pradesh,FIROZABAD,2007,Kharif,Sannhamp,1,,
Uttar Pradesh,FIROZABAD,2007,Kharif,Sesamum,1136,175,0.154049296
Uttar Pradesh,FIROZABAD,2007,Kharif,Sugarcane,165,8667,52.52727273
Uttar Pradesh,FIROZABAD,2007,Kharif,Sweet potato,229,3083,13.4628821
Uttar Pradesh,FIROZABAD,2007,Kharif,Urad,390,171,0.438461538
Uttar Pradesh,FIROZABAD,2007,Rabi,Barley,10061,26699,2.653712355
Uttar Pradesh,FIROZABAD,2007,Rabi,Coriander,20,12,0.6
Uttar Pradesh,FIROZABAD,2007,Rabi,Gram,770,1038,1.348051948
Uttar Pradesh,FIROZABAD,2007,Rabi,Masoor,71,51,0.718309859
Uttar Pradesh,FIROZABAD,2007,Rabi,Onion,111,1551,13.97297297
Uttar Pradesh,FIROZABAD,2007,Rabi,Other  Rabi pulses,1220,1145,0.93852459
Uttar Pradesh,FIROZABAD,2007,Rabi,Potato,39201,1103077,28.13900156
Uttar Pradesh,FIROZABAD,2007,Rabi,Rapeseed &Mustard,15880,24687,1.554596977
Uttar Pradesh,FIROZABAD,2007,Rabi,Turmeric,2,6,3
Uttar Pradesh,FIROZABAD,2007,Rabi,Wheat,95100,312308,3.283995794
Uttar Pradesh,FIROZABAD,2007,Summer,Maize,419,602,1.436754177
Uttar Pradesh,FIROZABAD,2007,Summer,Moong(Green Gram),1275,956,0.749803922
Uttar Pradesh,FIROZABAD,2007,Summer,Onion,29,477,16.44827586
Uttar Pradesh,FIROZABAD,2007,Summer,Sunflower,85,239,2.811764706
Uttar Pradesh,FIROZABAD,2007,Summer,Urad,1079,730,0.676552363
Uttar Pradesh,FIROZABAD,2008,Kharif,Arhar/Tur,1491,1168,0.783366868
Uttar Pradesh,FIROZABAD,2008,Kharif,Bajra,56580,118479,2.094008484
Uttar Pradesh,FIROZABAD,2008,Kharif,Dry chillies,849,846,0.996466431
Uttar Pradesh,FIROZABAD,2008,Kharif,Groundnut,48,34,0.708333333
Uttar Pradesh,FIROZABAD,2008,Kharif,Guar seed,58,48,0.827586207
Uttar Pradesh,FIROZABAD,2008,Kharif,Jowar,86,85,0.988372093
Uttar Pradesh,FIROZABAD,2008,Kharif,Maize,9153,25299,2.764011799
Uttar Pradesh,FIROZABAD,2008,Kharif,Moong(Green Gram),159,59,0.371069182
Uttar Pradesh,FIROZABAD,2008,Kharif,Rice,18713,56176,3.001977235
Uttar Pradesh,FIROZABAD,2008,Kharif,Sannhamp,4,1,0.25
Uttar Pradesh,FIROZABAD,2008,Kharif,Sesamum,744,123,0.165322581
Uttar Pradesh,FIROZABAD,2008,Kharif,Sugarcane,129,6598,51.14728682
Uttar Pradesh,FIROZABAD,2008,Kharif,Sweet potato,202,2481,12.28217822
Uttar Pradesh,FIROZABAD,2008,Kharif,Urad,51,28,0.549019608
Uttar Pradesh,FIROZABAD,2008,Rabi,Barley,6171,18221,2.952681899
Uttar Pradesh,FIROZABAD,2008,Rabi,Coriander,9,5,0.555555556
Uttar Pradesh,FIROZABAD,2008,Rabi,Garlic,4276,25186,5.890084191
Uttar Pradesh,FIROZABAD,2008,Rabi,Gram,505,508,1.005940594
Uttar Pradesh,FIROZABAD,2008,Rabi,Masoor,26,23,0.884615385
Uttar Pradesh,FIROZABAD,2008,Rabi,Onion,76,891,11.72368421
Uttar Pradesh,FIROZABAD,2008,Rabi,Peas & beans (Pulses),572,691,1.208041958
Uttar Pradesh,FIROZABAD,2008,Rabi,Potato,42487,1103047,25.96198837
Uttar Pradesh,FIROZABAD,2008,Rabi,Rapeseed &Mustard,9978,15251,1.528462618
Uttar Pradesh,FIROZABAD,2008,Rabi,Wheat,88042,304153,3.454635288
Uttar Pradesh,FIROZABAD,2008,Summer,Maize,584,874,1.496575342
Uttar Pradesh,FIROZABAD,2008,Summer,Moong(Green Gram),1076,613,0.569702602
Uttar Pradesh,FIROZABAD,2008,Summer,Sunflower,86,152,1.76744186
Uttar Pradesh,FIROZABAD,2008,Summer,Urad,1238,1168,0.943457189
Uttar Pradesh,FIROZABAD,2009,Kharif,Arhar/Tur,1277,847,0.663273297
Uttar Pradesh,FIROZABAD,2009,Kharif,Bajra,54087,111847,2.067909109
Uttar Pradesh,FIROZABAD,2009,Kharif,Cotton(lint),3,1,0.333333333
Uttar Pradesh,FIROZABAD,2009,Kharif,Dry chillies,1538,1355,0.881014304
Uttar Pradesh,FIROZABAD,2009,Kharif,Dry ginger,4,12,3
Uttar Pradesh,FIROZABAD,2009,Kharif,Groundnut,47,32,0.680851064
Uttar Pradesh,FIROZABAD,2009,Kharif,Guar seed,167,139,0.832335329
Uttar Pradesh,FIROZABAD,2009,Kharif,Jowar,122,116,0.950819672
Uttar Pradesh,FIROZABAD,2009,Kharif,Maize,8608,21589,2.508015799
Uttar Pradesh,FIROZABAD,2009,Kharif,Moong(Green Gram),190,28,0.147368421
Uttar Pradesh,FIROZABAD,2009,Kharif,Rice,16939,49513,2.923017888
Uttar Pradesh,FIROZABAD,2009,Kharif,Sannhamp,10,2,0.2
Uttar Pradesh,FIROZABAD,2009,Kharif,Sesamum,2600,270,0.103846154
Uttar Pradesh,FIROZABAD,2009,Kharif,Sugarcane,91,3932,43.20879121
Uttar Pradesh,FIROZABAD,2009,Kharif,Sweet potato,181,2461,13.59668508
Uttar Pradesh,FIROZABAD,2009,Kharif,Urad,366,140,0.382513661
Uttar Pradesh,FIROZABAD,2009,Rabi,Barley,7316,21928,2.997266266
Uttar Pradesh,FIROZABAD,2009,Rabi,Coriander,38,22,0.578947368
Uttar Pradesh,FIROZABAD,2009,Rabi,Garlic,4062,21581,5.312900049
Uttar Pradesh,FIROZABAD,2009,Rabi,Gram,709,586,0.82651622
Uttar Pradesh,FIROZABAD,2009,Rabi,Maize,1,3,3
Uttar Pradesh,FIROZABAD,2009,Rabi,Masoor,57,46,0.807017544
Uttar Pradesh,FIROZABAD,2009,Rabi,Onion,29,498,17.17241379
Uttar Pradesh,FIROZABAD,2009,Rabi,Peas & beans (Pulses),719,923,1.283727399
Uttar Pradesh,FIROZABAD,2009,Rabi,Potato,45267,1348640,29.79300594
Uttar Pradesh,FIROZABAD,2009,Rabi,Rapeseed &Mustard,11374,16418,1.443467558
Uttar Pradesh,FIROZABAD,2009,Rabi,Wheat,105758,355770,3.364000832
Uttar Pradesh,FIROZABAD,2009,Summer,Maize,804,1170,1.455223881
Uttar Pradesh,FIROZABAD,2009,Summer,Moong(Green Gram),1399,1229,0.878484632
Uttar Pradesh,FIROZABAD,2009,Summer,Onion,119,1664,13.98319328
Uttar Pradesh,FIROZABAD,2009,Summer,Sunflower,124,272,2.193548387
Uttar Pradesh,FIROZABAD,2009,Summer,Urad,1199,1255,1.046705588
Uttar Pradesh,FIROZABAD,2010,Kharif,Arhar/Tur,1308,894,0.683486239
Uttar Pradesh,FIROZABAD,2010,Kharif,Bajra,67199,137402,2.044703046
Uttar Pradesh,FIROZABAD,2010,Kharif,Cotton(lint),23,4,0.173913043
Uttar Pradesh,FIROZABAD,2010,Kharif,Dry chillies,1295,1133,0.874903475
Uttar Pradesh,FIROZABAD,2010,Kharif,Groundnut,96,95,0.989583333
Uttar Pradesh,FIROZABAD,2010,Kharif,Guar seed,210,175,0.833333333
Uttar Pradesh,FIROZABAD,2010,Kharif,Jowar,35,35,1
Uttar Pradesh,FIROZABAD,2010,Kharif,Maize,6475,15929,2.46007722
Uttar Pradesh,FIROZABAD,2010,Kharif,Moong(Green Gram),194,91,0.469072165
Uttar Pradesh,FIROZABAD,2010,Kharif,Rice,19919,54976,2.759977911
Uttar Pradesh,FIROZABAD,2010,Kharif,Sesamum,1750,346,0.197714286
Uttar Pradesh,FIROZABAD,2010,Kharif,Sugarcane,98,4988,50.89795918
Uttar Pradesh,FIROZABAD,2010,Kharif,Sweet potato,153,1884,12.31372549
Uttar Pradesh,FIROZABAD,2010,Kharif,Urad,386,260,0.67357513
Uttar Pradesh,FIROZABAD,2010,Rabi,Barley,7586,25291,3.333904561
Uttar Pradesh,FIROZABAD,2010,Rabi,Gram,468,914,1.952991453
Uttar Pradesh,FIROZABAD,2010,Rabi,Linseed,1,,
Uttar Pradesh,FIROZABAD,2010,Rabi,Masoor,98,86,0.87755102
Uttar Pradesh,FIROZABAD,2010,Rabi,Onion,98,1804,18.40816327
Uttar Pradesh,FIROZABAD,2010,Rabi,Peas & beans (Pulses),587,1401,2.386712095
Uttar Pradesh,FIROZABAD,2010,Rabi,Potato,46856,1349593,28.80299215
Uttar Pradesh,FIROZABAD,2010,Rabi,Rapeseed &Mustard,9182,13323,1.450991069
Uttar Pradesh,FIROZABAD,2010,Rabi,Wheat,101839,371203,3.644998478
Uttar Pradesh,FIROZABAD,2010,Summer,Maize,542,794,1.464944649
Uttar Pradesh,FIROZABAD,2010,Summer,Moong(Green Gram),1638,1121,0.684371184
Uttar Pradesh,FIROZABAD,2010,Summer,Sunflower,85,181,2.129411765
Uttar Pradesh,FIROZABAD,2010,Summer,Urad,1022,805,0.787671233
Uttar Pradesh,FIROZABAD,2011,Kharif,Arhar/Tur,1084,955,0.88099631
Uttar Pradesh,FIROZABAD,2011,Kharif,Bajra,59603,133351,2.237320269
Uttar Pradesh,FIROZABAD,2011,Kharif,Cotton(lint),6,2,0.333333333
Uttar Pradesh,FIROZABAD,2011,Kharif,Dry chillies,1512,1255,0.830026455
Uttar Pradesh,FIROZABAD,2011,Kharif,Groundnut,32,32,1
Uttar Pradesh,FIROZABAD,2011,Kharif,Guar seed,210,172,0.819047619
Uttar Pradesh,FIROZABAD,2011,Kharif,Jowar,2458,1896,0.771358828
Uttar Pradesh,FIROZABAD,2011,Kharif,Maize,7624,21889,2.871065058
Uttar Pradesh,FIROZABAD,2011,Kharif,Moong(Green Gram),132,56,0.424242424
Uttar Pradesh,FIROZABAD,2011,Kharif,Rice,25410,72164,2.839984258
Uttar Pradesh,FIROZABAD,2011,Kharif,Sesamum,1296,281,0.216820988
Uttar Pradesh,FIROZABAD,2011,Kharif,Sugarcane,92,4368,47.47826087
Uttar Pradesh,FIROZABAD,2011,Kharif,Sweet potato,187,2430,12.99465241
Uttar Pradesh,FIROZABAD,2011,Kharif,Urad,409,274,0.66992665
Uttar Pradesh,FIROZABAD,2011,Rabi,Barley,7155,23677,3.309154437
Uttar Pradesh,FIROZABAD,2011,Rabi,Coriander,20,11,0.55
Uttar Pradesh,FIROZABAD,2011,Rabi,Garlic,3963,20481,5.168054504
Uttar Pradesh,FIROZABAD,2011,Rabi,Gram,390,607,1.556410256
Uttar Pradesh,FIROZABAD,2011,Rabi,Masoor,31,60,1.935483871
Uttar Pradesh,FIROZABAD,2011,Rabi,Onion,43,984,22.88372093
Uttar Pradesh,FIROZABAD,2011,Rabi,Peas & beans (Pulses),254,420,1.653543307
Uttar Pradesh,FIROZABAD,2011,Rabi,Potato,47730,1256824,26.33195056
Uttar Pradesh,FIROZABAD,2011,Rabi,Rapeseed &Mustard,8866,12835,1.447665238
Uttar Pradesh,FIROZABAD,2011,Rabi,Wheat,104278,376548,3.611001362
Uttar Pradesh,FIROZABAD,2011,Summer,Maize,651,1076,1.652841782
Uttar Pradesh,FIROZABAD,2011,Summer,Moong(Green Gram),973,665,0.683453237
Uttar Pradesh,FIROZABAD,2011,Summer,Onion,177,2068,11.68361582
Uttar Pradesh,FIROZABAD,2011,Summer,Sunflower,39,67,1.717948718
Uttar Pradesh,FIROZABAD,2011,Summer,Tobacco,1,3,3
Uttar Pradesh,FIROZABAD,2011,Summer,Urad,907,1281,1.412348401
Uttar Pradesh,FIROZABAD,2012,Kharif,Arhar/Tur,1764,1986,1.12585034
Uttar Pradesh,FIROZABAD,2012,Kharif,Bajra,63325,143635,2.268219503
Uttar Pradesh,FIROZABAD,2012,Kharif,Cotton(lint),14,3,0.214285714
Uttar Pradesh,FIROZABAD,2012,Kharif,Dry chillies,1389,1116,0.803455724
Uttar Pradesh,FIROZABAD,2012,Kharif,Groundnut,73,73,1
Uttar Pradesh,FIROZABAD,2012,Kharif,Guar seed,39,32,0.820512821
Uttar Pradesh,FIROZABAD,2012,Kharif,Jowar,267,292,1.093632959
Uttar Pradesh,FIROZABAD,2012,Kharif,Maize,8054,21335,2.648994289
Uttar Pradesh,FIROZABAD,2012,Kharif,Moong(Green Gram),202,102,0.504950495
Uttar Pradesh,FIROZABAD,2012,Kharif,Rice,19297,54726,2.835984868
Uttar Pradesh,FIROZABAD,2012,Kharif,Sesamum,2193,410,0.186958504
Uttar Pradesh,FIROZABAD,2012,Kharif,Sugarcane,141,6395,45.35460993
Uttar Pradesh,FIROZABAD,2012,Kharif,Sweet potato,145,1877,12.94482759
Uttar Pradesh,FIROZABAD,2012,Kharif,Urad,476,316,0.663865546
Uttar Pradesh,FIROZABAD,2012,Rabi,Barley,7245,23580,3.254658385
Uttar Pradesh,FIROZABAD,2012,Rabi,Coriander,21,11,0.523809524
Uttar Pradesh,FIROZABAD,2012,Rabi,Garlic,4811,24989,5.194138433
Uttar Pradesh,FIROZABAD,2012,Rabi,Gram,410,739,1.802439024
Uttar Pradesh,FIROZABAD,2012,Rabi,Masoor,44,87,1.977272727
Uttar Pradesh,FIROZABAD,2012,Rabi,Onion,52,1196,23
Uttar Pradesh,FIROZABAD,2012,Rabi,Peas & beans (Pulses),335,692,2.065671642
Uttar Pradesh,FIROZABAD,2012,Rabi,Potato,46271,1331402,28.77400532
Uttar Pradesh,FIROZABAD,2012,Rabi,Rapeseed &Mustard,10131,16769,1.655216662
Uttar Pradesh,FIROZABAD,2012,Rabi,Wheat,99498,368839,3.706999136
Uttar Pradesh,FIROZABAD,2012,Summer,Maize,767,1417,1.847457627
Uttar Pradesh,FIROZABAD,2012,Summer,Moong(Green Gram),1352,1210,0.894970414
Uttar Pradesh,FIROZABAD,2012,Summer,Onion,96,911,9.489583333
Uttar Pradesh,FIROZABAD,2012,Summer,Sunflower,96,75,0.78125
Uttar Pradesh,FIROZABAD,2012,Summer,Urad,1038,966,0.930635838
Uttar Pradesh,FIROZABAD,2013,Kharif,Arhar/Tur,1083,1366,1.261311173
Uttar Pradesh,FIROZABAD,2013,Kharif,Bajra,70411,166540,2.365255429
Uttar Pradesh,FIROZABAD,2013,Kharif,Cotton(lint),7,2,0.285714286
Uttar Pradesh,FIROZABAD,2013,Kharif,Dry chillies,1746,1410,0.807560137
Uttar Pradesh,FIROZABAD,2013,Kharif,Groundnut,226,391,1.730088496
Uttar Pradesh,FIROZABAD,2013,Kharif,Guar seed,165,136,0.824242424
Uttar Pradesh,FIROZABAD,2013,Kharif,Jowar,91,81,0.89010989
Uttar Pradesh,FIROZABAD,2013,Kharif,Maize,7071,22323,3.156979211
Uttar Pradesh,FIROZABAD,2013,Kharif,Moong(Green Gram),183,59,0.322404372
Uttar Pradesh,FIROZABAD,2013,Kharif,Rice,21599,59354,2.747997592
Uttar Pradesh,FIROZABAD,2013,Kharif,Sesamum,1034,112,0.108317215
Uttar Pradesh,FIROZABAD,2013,Kharif,Sugarcane,154,7391,47.99350649
Uttar Pradesh,FIROZABAD,2013,Kharif,Sweet potato,142,1876,13.21126761
Uttar Pradesh,FIROZABAD,2013,Kharif,Urad,438,195,0.445205479
Uttar Pradesh,FIROZABAD,2013,Rabi,Barley,6975,23608,3.384659498
Uttar Pradesh,FIROZABAD,2013,Rabi,Coriander,44,24,0.545454545
Uttar Pradesh,FIROZABAD,2013,Rabi,Garlic,4676,27397,5.859067579
Uttar Pradesh,FIROZABAD,2013,Rabi,Gram,932,1755,1.88304721
Uttar Pradesh,FIROZABAD,2013,Rabi,Linseed,1,,
Uttar Pradesh,FIROZABAD,2013,Rabi,Maize,16,57,3.5625
Uttar Pradesh,FIROZABAD,2013,Rabi,Masoor,27,26,0.962962963
Uttar Pradesh,FIROZABAD,2013,Rabi,Onion,87,1769,20.33333333
Uttar Pradesh,FIROZABAD,2013,Rabi,Peas & beans (Pulses),335,733,2.188059701
Uttar Pradesh,FIROZABAD,2013,Rabi,Potato,48076,1195987,24.87700724
Uttar Pradesh,FIROZABAD,2013,Rabi,Rapeseed &Mustard,10802,16018,1.482873542
Uttar Pradesh,FIROZABAD,2013,Rabi,Turmeric,1,3,3
Uttar Pradesh,FIROZABAD,2013,Rabi,Wheat,96543,348520,3.609997618
Uttar Pradesh,FIROZABAD,2013,Summer,Maize,644,1183,1.836956522
Uttar Pradesh,FIROZABAD,2013,Summer,Moong(Green Gram),1369,806,0.588750913
Uttar Pradesh,FIROZABAD,2013,Summer,Onion,123,1491,12.12195122
Uttar Pradesh,FIROZABAD,2013,Summer,Rice,1,3,3
Uttar Pradesh,FIROZABAD,2013,Summer,Sunflower,258,413,1.600775194
Uttar Pradesh,FIROZABAD,2013,Summer,Urad,898,739,0.822939866
Uttar Pradesh,FIROZABAD,2014,Kharif,Arhar/Tur,1373,1489,1.084486526
Uttar Pradesh,FIROZABAD,2014,Kharif,Bajra,75371,160016,2.123044672
Uttar Pradesh,FIROZABAD,2014,Kharif,Cotton(lint),21,6,0.285714286
Uttar Pradesh,FIROZABAD,2014,Kharif,Dry chillies,1393,1148,0.824120603
Uttar Pradesh,FIROZABAD,2014,Kharif,Groundnut,152,300,1.973684211
Uttar Pradesh,FIROZABAD,2014,Kharif,Guar seed,167,137,0.820359281
Uttar Pradesh,FIROZABAD,2014,Kharif,Jowar,63,153,2.428571429
Uttar Pradesh,FIROZABAD,2014,Kharif,Maize,9398,25572,2.721004469
Uttar Pradesh,FIROZABAD,2014,Kharif,Moong(Green Gram),124,39,0.314516129
Uttar Pradesh,FIROZABAD,2014,Kharif,Rice,23319,56619,2.428020069
Uttar Pradesh,FIROZABAD,2014,Kharif,Sesamum,1796,172,0.095768374
Uttar Pradesh,FIROZABAD,2014,Kharif,Sugarcane,117,4927,42.11111111
Uttar Pradesh,FIROZABAD,2014,Kharif,Sweet potato,112,1387,12.38392857
Uttar Pradesh,FIROZABAD,2014,Kharif,Urad,307,136,0.442996743
Uttar Pradesh,FIROZABAD,2014,Rabi,Barley,7966,14687,1.843710771
Uttar Pradesh,FIROZABAD,2014,Rabi,Coriander,18,9,0.5
Uttar Pradesh,FIROZABAD,2014,Rabi,Garlic,3927,22747,5.79246244
Uttar Pradesh,FIROZABAD,2014,Rabi,Gram,472,529,1.120762712
Uttar Pradesh,FIROZABAD,2014,Rabi,Masoor,31,29,0.935483871
Uttar Pradesh,FIROZABAD,2014,Rabi,Onion,13,199,15.30769231
Uttar Pradesh,FIROZABAD,2014,Rabi,Peas & beans (Pulses),336,150,0.446428571
Uttar Pradesh,FIROZABAD,2014,Rabi,Potato,53499,1346570,25.17000318
Uttar Pradesh,FIROZABAD,2014,Rabi,Rapeseed &Mustard,8163,10153,1.243782923
Uttar Pradesh,FIROZABAD,2014,Rabi,Wheat,97764,188098,1.924000655
Uttar Pradesh,FIROZABAD,2014,Summer,Maize,1470,2614,1.778231293
Uttar Pradesh,FIROZABAD,2014,Summer,Moong(Green Gram),1490,1055,0.708053691
Uttar Pradesh,FIROZABAD,2014,Summer,Onion,121,1954,16.14876033
Uttar Pradesh,FIROZABAD,2014,Summer,Sunflower,314,537,1.710191083
Uttar Pradesh,FIROZABAD,2014,Summer,Urad,666,732,1.099099099
Uttar Pradesh,GAUTAM BUDDHA NAGAR,1997,Kharif,Arhar/Tur,1741,1225,0.70361861
Uttar Pradesh,GAUTAM BUDDHA NAGAR,1997,Kharif,Bajra,12297,16377,1.331788241
Uttar Pradesh,GAUTAM BUDDHA NAGAR,1997,Kharif,Jowar,263,209,0.794676806
Uttar Pradesh,GAUTAM BUDDHA NAGAR,1997,Kharif,Maize,9792,21219,2.166973039
Uttar Pradesh,GAUTAM BUDDHA NAGAR,1997,Kharif,Rice,19479,52056,2.672416448
Uttar Pradesh,GAUTAM BUDDHA NAGAR,1997,Kharif,Urad,17,7,0.411764706
Uttar Pradesh,GAUTAM BUDDHA NAGAR,1997,Rabi,Barley,5728,17963,3.135998603
Uttar Pradesh,GAUTAM BUDDHA NAGAR,1997,Rabi,Gram,135,117,0.866666667
Uttar Pradesh,GAUTAM BUDDHA NAGAR,1997,Rabi,Masoor,201,170,0.845771144
Uttar Pradesh,GAUTAM BUDDHA NAGAR,1997,Rabi,Peas & beans (Pulses),408,530,1.299019608
Uttar Pradesh,GAUTAM BUDDHA NAGAR,1997,Rabi,Rapeseed &Mustard,2286,2532,1.107611549
Uttar Pradesh,GAUTAM BUDDHA NAGAR,1997,Rabi,Sunflower,23,31,1.347826087
Uttar Pradesh,GAUTAM BUDDHA NAGAR,1997,Rabi,Wheat,69804,238346,3.414503467
Uttar Pradesh,GAUTAM BUDDHA NAGAR,1997,Summer,Maize,2,3,1.5
Uttar Pradesh,GAUTAM BUDDHA NAGAR,1997,Summer,Moong(Green Gram),512,241,0.470703125
Uttar Pradesh,GAUTAM BUDDHA NAGAR,1997,Summer,Urad,29,18,0.620689655
Uttar Pradesh,GAUTAM BUDDHA NAGAR,1997,Whole Year,Potato,363,5271,14.52066116
Uttar Pradesh,GAUTAM BUDDHA NAGAR,1997,Whole Year,Sugarcane,1206,81617,67.67578773
Uttar Pradesh,GAUTAM BUDDHA NAGAR,1998,Kharif,Arhar/Tur,3537,1276,0.360757704
Uttar Pradesh,GAUTAM BUDDHA NAGAR,1998,Kharif,Bajra,12769,15829,1.239642885
Uttar Pradesh,GAUTAM BUDDHA NAGAR,1998,Kharif,Cotton(lint),101,14,0.138613861
Uttar Pradesh,GAUTAM BUDDHA NAGAR,1998,Kharif,Jowar,214,126,0.588785047
Uttar Pradesh,GAUTAM BUDDHA NAGAR,1998,Kharif,Maize,12031,21255,1.766686061
Uttar Pradesh,GAUTAM BUDDHA NAGAR,1998,Kharif,Moong(Green Gram),15,5,0.333333333
Uttar Pradesh,GAUTAM BUDDHA NAGAR,1998,Kharif,Rice,15584,31620,2.029004107
Uttar Pradesh,GAUTAM BUDDHA NAGAR,1998,Kharif,Sesamum,3,1,0.333333333
Uttar Pradesh,GAUTAM BUDDHA NAGAR,1998,Kharif,Urad,75,20,0.266666667
Uttar Pradesh,GAUTAM BUDDHA NAGAR,1998,Rabi,Barley,5974,18179,3.043019752
Uttar Pradesh,GAUTAM BUDDHA NAGAR,1998,Rabi,Gram,135,119,0.881481481
Uttar Pradesh,GAUTAM BUDDHA NAGAR,1998,Rabi,Masoor,222,125,0.563063063
Uttar Pradesh,GAUTAM BUDDHA NAGAR,1998,Rabi,Peas & beans (Pulses),445,456,1.024719101
Uttar Pradesh,GAUTAM BUDDHA NAGAR,1998,Rabi,Rapeseed &Mustard,2036,1797,0.882612967
Uttar Pradesh,GAUTAM BUDDHA NAGAR,1998,Rabi,Sunflower,24,25,1.041666667
Uttar Pradesh,GAUTAM BUDDHA NAGAR,1998,Rabi,Wheat,69684,210070,3.014608805
Uttar Pradesh,GAUTAM BUDDHA NAGAR,1998,Summer,Maize,2,2,1
Uttar Pradesh,GAUTAM BUDDHA NAGAR,1998,Summer,Moong(Green Gram),469,300,0.639658849
Uttar Pradesh,GAUTAM BUDDHA NAGAR,1998,Summer,Urad,31,17,0.548387097
Uttar Pradesh,GAUTAM BUDDHA NAGAR,1998,Whole Year,Onion,47,568,12.08510638
Uttar Pradesh,GAUTAM BUDDHA NAGAR,1998,Whole Year,Potato,374,10968,29.32620321
Uttar Pradesh,GAUTAM BUDDHA NAGAR,1998,Whole Year,Sugarcane,4265,275207,64.52684642
Uttar Pradesh,GAUTAM BUDDHA NAGAR,1999,Kharif,Arhar/Tur,3719,2727,0.733261629
Uttar Pradesh,GAUTAM BUDDHA NAGAR,1999,Kharif,Bajra,11063,16683,1.507999638
Uttar Pradesh,GAUTAM BUDDHA NAGAR,1999,Kharif,Cotton(lint),98,124,1.265306122
Uttar Pradesh,GAUTAM BUDDHA NAGAR,1999,Kharif,Jowar,215,165,0.76744186
Uttar Pradesh,GAUTAM BUDDHA NAGAR,1999,Kharif,Maize,11898,14331,1.204488149
Uttar Pradesh,GAUTAM BUDDHA NAGAR,1999,Kharif,Moong(Green Gram),17,8,0.470588235
Uttar Pradesh,GAUTAM BUDDHA NAGAR,1999,Kharif,Rice,15049,32261,2.14373048
Uttar Pradesh,GAUTAM BUDDHA NAGAR,1999,Kharif,Sunflower,22,28,1.272727273
Uttar Pradesh,GAUTAM BUDDHA NAGAR,1999,Kharif,Urad,91,38,0.417582418
Uttar Pradesh,GAUTAM BUDDHA NAGAR,1999,Rabi,Barley,6903,17961,2.601912212
Uttar Pradesh,GAUTAM BUDDHA NAGAR,1999,Rabi,Gram,183,177,0.967213115
Uttar Pradesh,GAUTAM BUDDHA NAGAR,1999,Rabi,Maize,3,4,1.333333333
Uttar Pradesh,GAUTAM BUDDHA NAGAR,1999,Rabi,Rapeseed &Mustard,2532,2805,1.107819905
Uttar Pradesh,GAUTAM BUDDHA NAGAR,1999,Rabi,Wheat,74396,243924,3.278724663
Uttar Pradesh,GAUTAM BUDDHA NAGAR,1999,Summer,Moong(Green Gram),482,149,0.309128631
Uttar Pradesh,GAUTAM BUDDHA NAGAR,1999,Summer,Urad,36,17,0.472222222
Uttar Pradesh,GAUTAM BUDDHA NAGAR,1999,Whole Year,Onion,111,1565,14.0990991
Uttar Pradesh,GAUTAM BUDDHA NAGAR,1999,Whole Year,Peas & beans (Pulses),433,783,1.808314088
Uttar Pradesh,GAUTAM BUDDHA NAGAR,1999,Whole Year,Potato,478,11429,23.91004184
Uttar Pradesh,GAUTAM BUDDHA NAGAR,1999,Whole Year,Sugarcane,4509,270528,59.99733866
Uttar Pradesh,GAUTAM BUDDHA NAGAR,2000,Kharif,Arhar/Tur,3648,2834,0.776864035
Uttar Pradesh,GAUTAM BUDDHA NAGAR,2000,Kharif,Bajra,11334,16772,1.479795306
Uttar Pradesh,GAUTAM BUDDHA NAGAR,2000,Kharif,Cotton(lint),93,124,1.333333333
Uttar Pradesh,GAUTAM BUDDHA NAGAR,2000,Kharif,Jowar,214,174,0.813084112
Uttar Pradesh,GAUTAM BUDDHA NAGAR,2000,Kharif,Maize,11971,21871,1.82699858
Uttar Pradesh,GAUTAM BUDDHA NAGAR,2000,Kharif,Moong(Green Gram),20,6,0.3
Uttar Pradesh,GAUTAM BUDDHA NAGAR,2000,Kharif,Rice,15652,30547,1.951635574
Uttar Pradesh,GAUTAM BUDDHA NAGAR,2000,Kharif,Sesamum,3,0.1,0.033333333
Uttar Pradesh,GAUTAM BUDDHA NAGAR,2000,Kharif,Urad,90,38,0.422222222
Uttar Pradesh,GAUTAM BUDDHA NAGAR,2000,Rabi,Barley,4954,16027,3.235163504
Uttar Pradesh,GAUTAM BUDDHA NAGAR,2000,Rabi,Gram,64,54,0.84375
Uttar Pradesh,GAUTAM BUDDHA NAGAR,2000,Rabi,Maize,2,3,1.5
Uttar Pradesh,GAUTAM BUDDHA NAGAR,2000,Rabi,Masoor,223,139,0.623318386
Uttar Pradesh,GAUTAM BUDDHA NAGAR,2000,Rabi,Moong(Green Gram),249,99,0.397590361
Uttar Pradesh,GAUTAM BUDDHA NAGAR,2000,Rabi,Peas & beans (Pulses),197,204,1.035532995
Uttar Pradesh,GAUTAM BUDDHA NAGAR,2000,Rabi,Rapeseed &Mustard,1593,1953,1.225988701
Uttar Pradesh,GAUTAM BUDDHA NAGAR,2000,Rabi,Urad,31,17,0.548387097
Uttar Pradesh,GAUTAM BUDDHA NAGAR,2000,Rabi,Wheat,77919,265801,3.411247578
Uttar Pradesh,GAUTAM BUDDHA NAGAR,2000,Whole Year,Potato,336,7233,21.52678571
Uttar Pradesh,GAUTAM BUDDHA NAGAR,2000,Whole Year,Sugarcane,4385,253015,57.70011403
Uttar Pradesh,GAUTAM BUDDHA NAGAR,2001,Kharif,Arhar/Tur,3621,3962,1.09417288
Uttar Pradesh,GAUTAM BUDDHA NAGAR,2001,Kharif,Bajra,12660,19706,1.556556082
Uttar Pradesh,GAUTAM BUDDHA NAGAR,2001,Kharif,Cotton(lint),87,112,1.287356322
Uttar Pradesh,GAUTAM BUDDHA NAGAR,2001,Kharif,Jowar,231,199,0.861471861
Uttar Pradesh,GAUTAM BUDDHA NAGAR,2001,Kharif,Maize,12245,27172,2.219028175
Uttar Pradesh,GAUTAM BUDDHA NAGAR,2001,Kharif,Moong(Green Gram),37,10,0.27027027
Uttar Pradesh,GAUTAM BUDDHA NAGAR,2001,Kharif,Rice,15784,42375,2.684680689
Uttar Pradesh,GAUTAM BUDDHA NAGAR,2001,Kharif,Sesamum,8,2,0.25
Uttar Pradesh,GAUTAM BUDDHA NAGAR,2001,Kharif,Sunflower,17,33,1.941176471
Uttar Pradesh,GAUTAM BUDDHA NAGAR,2001,Kharif,Urad,59,24,0.406779661
Uttar Pradesh,GAUTAM BUDDHA NAGAR,2001,Rabi,Barley,4914,15729,3.200854701
Uttar Pradesh,GAUTAM BUDDHA NAGAR,2001,Rabi,Gram,56,56,1
Uttar Pradesh,GAUTAM BUDDHA NAGAR,2001,Rabi,Maize,2,3,1.5
Uttar Pradesh,GAUTAM BUDDHA NAGAR,2001,Rabi,Masoor,223,178,0.798206278
Uttar Pradesh,GAUTAM BUDDHA NAGAR,2001,Rabi,Moong(Green Gram),423,180,0.425531915
Uttar Pradesh,GAUTAM BUDDHA NAGAR,2001,Rabi,Peas & beans (Pulses),189,229,1.211640212
Uttar Pradesh,GAUTAM BUDDHA NAGAR,2001,Rabi,Rapeseed &Mustard,1450,2626,1.811034483
Uttar Pradesh,GAUTAM BUDDHA NAGAR,2001,Rabi,Urad,29,14,0.482758621
Uttar Pradesh,GAUTAM BUDDHA NAGAR,2001,Rabi,Wheat,71796,268049,3.733480974
Uttar Pradesh,GAUTAM BUDDHA NAGAR,2001,Whole Year,Potato,323,8641,26.75232198
Uttar Pradesh,GAUTAM BUDDHA NAGAR,2001,Whole Year,Sugarcane,4394,283376,64.49157943
Uttar Pradesh,GAUTAM BUDDHA NAGAR,2002,Kharif,Bajra,7157,8996,1.256951237
Uttar Pradesh,GAUTAM BUDDHA NAGAR,2002,Kharif,Cotton(lint),57,65,1.140350877
Uttar Pradesh,GAUTAM BUDDHA NAGAR,2002,Kharif,Jowar,1,1,1
Uttar Pradesh,GAUTAM BUDDHA NAGAR,2002,Kharif,Maize,7378,7459,1.010978585
Uttar Pradesh,GAUTAM BUDDHA NAGAR,2002,Kharif,Moong(Green Gram),31,21,0.677419355
Uttar Pradesh,GAUTAM BUDDHA NAGAR,2002,Kharif,Rice,6498,14078,2.166512773
Uttar Pradesh,GAUTAM BUDDHA NAGAR,2002,Kharif,Sunflower,14,20,1.428571429
Uttar Pradesh,GAUTAM BUDDHA NAGAR,2002,Kharif,Urad,44,18,0.409090909
Uttar Pradesh,GAUTAM BUDDHA NAGAR,2002,Rabi,Barley,4628,13497,2.916378565
Uttar Pradesh,GAUTAM BUDDHA NAGAR,2002,Rabi,Gram,62,56,0.903225806
Uttar Pradesh,GAUTAM BUDDHA NAGAR,2002,Rabi,Masoor,203,155,0.763546798
Uttar Pradesh,GAUTAM BUDDHA NAGAR,2002,Rabi,Onion,40,413,10.325
Uttar Pradesh,GAUTAM BUDDHA NAGAR,2002,Rabi,Peas & beans (Pulses),203,249,1.226600985
Uttar Pradesh,GAUTAM BUDDHA NAGAR,2002,Rabi,Rapeseed &Mustard,1457,1418,0.97323267
Uttar Pradesh,GAUTAM BUDDHA NAGAR,2002,Rabi,Wheat,70172,234401,3.340377929
Uttar Pradesh,GAUTAM BUDDHA NAGAR,2002,Summer,Moong(Green Gram),338,183,0.541420118
Uttar Pradesh,GAUTAM BUDDHA NAGAR,2002,Summer,Onion,39,436,11.17948718
Uttar Pradesh,GAUTAM BUDDHA NAGAR,2002,Summer,Urad,10,4,0.4
Uttar Pradesh,GAUTAM BUDDHA NAGAR,2002,Whole Year,Potato,280,7114,25.40714286
Uttar Pradesh,GAUTAM BUDDHA NAGAR,2002,Whole Year,Sugarcane,3385,210647,62.2295421
Uttar Pradesh,GAUTAM BUDDHA NAGAR,2003,Kharif,Arhar/Tur,2666,2767,1.037884471
Uttar Pradesh,GAUTAM BUDDHA NAGAR,2003,Kharif,Bajra,6019,8611,1.430636318
Uttar Pradesh,GAUTAM BUDDHA NAGAR,2003,Kharif,Jowar,1230,1060,0.861788618
Uttar Pradesh,GAUTAM BUDDHA NAGAR,2003,Kharif,Maize,3723,5499,1.477034649
Uttar Pradesh,GAUTAM BUDDHA NAGAR,2003,Kharif,Moong(Green Gram),15,8,0.533333333
Uttar Pradesh,GAUTAM BUDDHA NAGAR,2003,Kharif,Rice,17908,35343,1.973587224
Uttar Pradesh,GAUTAM BUDDHA NAGAR,2003,Kharif,Sesamum,1,0,0
Uttar Pradesh,GAUTAM BUDDHA NAGAR,2003,Kharif,Sunflower,6,10,1.666666667
Uttar Pradesh,GAUTAM BUDDHA NAGAR,2003,Kharif,Urad,47,11,0.234042553
Uttar Pradesh,GAUTAM BUDDHA NAGAR,2003,Rabi,Barley,3484,8800,2.525832377
Uttar Pradesh,GAUTAM BUDDHA NAGAR,2003,Rabi,Gram,53,55,1.037735849
Uttar Pradesh,GAUTAM BUDDHA NAGAR,2003,Rabi,Masoor,150,135,0.9
Uttar Pradesh,GAUTAM BUDDHA NAGAR,2003,Rabi,Onion,19,273,14.36842105
Uttar Pradesh,GAUTAM BUDDHA NAGAR,2003,Rabi,Peas & beans (Pulses),99,136,1.373737374
Uttar Pradesh,GAUTAM BUDDHA NAGAR,2003,Rabi,Rapeseed &Mustard,1121,956,0.852809991
Uttar Pradesh,GAUTAM BUDDHA NAGAR,2003,Rabi,Wheat,64627,206086,3.188852956
Uttar Pradesh,GAUTAM BUDDHA NAGAR,2003,Summer,Moong(Green Gram),334,182,0.54491018
Uttar Pradesh,GAUTAM BUDDHA NAGAR,2003,Summer,Onion,20,197,9.85
Uttar Pradesh,GAUTAM BUDDHA NAGAR,2003,Summer,Urad,84,41,0.488095238
Uttar Pradesh,GAUTAM BUDDHA NAGAR,2003,Whole Year,Potato,156,2824,18.1025641
Uttar Pradesh,GAUTAM BUDDHA NAGAR,2003,Whole Year,Sugarcane,3166,199034,62.86607707
Uttar Pradesh,GAUTAM BUDDHA NAGAR,2004,Kharif,Bajra,7879,13189,1.673943394
Uttar Pradesh,GAUTAM BUDDHA NAGAR,2004,Kharif,Cotton(lint),14,2,0.142857143
Uttar Pradesh,GAUTAM BUDDHA NAGAR,2004,Kharif,Jowar,45,36,0.8
Uttar Pradesh,GAUTAM BUDDHA NAGAR,2004,Kharif,Maize,4210,7010,1.665083135
Uttar Pradesh,GAUTAM BUDDHA NAGAR,2004,Kharif,Rice,20021,52898,2.642125768
Uttar Pradesh,GAUTAM BUDDHA NAGAR,2004,Kharif,Sesamum,1,,
Uttar Pradesh,GAUTAM BUDDHA NAGAR,2004,Kharif,Sugarcane,2759,174347,63.19209859
Uttar Pradesh,GAUTAM BUDDHA NAGAR,2004,Rabi,Barley,3077,8567,2.784205395
Uttar Pradesh,GAUTAM BUDDHA NAGAR,2004,Rabi,Gram,49,45,0.918367347
Uttar Pradesh,GAUTAM BUDDHA NAGAR,2004,Rabi,Potato,194,4547,23.43814433
Uttar Pradesh,GAUTAM BUDDHA NAGAR,2004,Rabi,Rapeseed &Mustard,1163,1509,1.297506449
Uttar Pradesh,GAUTAM BUDDHA NAGAR,2004,Rabi,Wheat,63852,203720,3.190503038
Uttar Pradesh,GAUTAM BUDDHA NAGAR,2004,Summer,Sunflower,10,19,1.9
Uttar Pradesh,GAUTAM BUDDHA NAGAR,2004,Whole Year,Guar seed,8,7,0.875
Uttar Pradesh,GAUTAM BUDDHA NAGAR,2004,Whole Year,Onion,19,201,10.57894737
Uttar Pradesh,GAUTAM BUDDHA NAGAR,2004,Whole Year,Sweet potato,4,47,11.75
Uttar Pradesh,GAUTAM BUDDHA NAGAR,2005,Kharif,Bajra,3569,4308,1.207060801
Uttar Pradesh,GAUTAM BUDDHA NAGAR,2005,Kharif,Cotton(lint),30,6,0.2
Uttar Pradesh,GAUTAM BUDDHA NAGAR,2005,Kharif,Jowar,1376,1108,0.805232558
Uttar Pradesh,GAUTAM BUDDHA NAGAR,2005,Kharif,Maize,3119,3475,1.114139147
Uttar Pradesh,GAUTAM BUDDHA NAGAR,2005,Kharif,Rice,15994,35619,2.227022633
Uttar Pradesh,GAUTAM BUDDHA NAGAR,2005,Kharif,Sugarcane,2591,161143,62.19336164
Uttar Pradesh,GAUTAM BUDDHA NAGAR,2005,Rabi,Barley,2239,6326,2.825368468
Uttar Pradesh,GAUTAM BUDDHA NAGAR,2005,Rabi,Gram,3,3,1
Uttar Pradesh,GAUTAM BUDDHA NAGAR,2005,Rabi,Potato,267,4610,17.2659176
Uttar Pradesh,GAUTAM BUDDHA NAGAR,2005,Rabi,Rapeseed &Mustard,1380,1708,1.237681159
Uttar Pradesh,GAUTAM BUDDHA NAGAR,2005,Rabi,Wheat,66416,196193,2.954002048
Uttar Pradesh,GAUTAM BUDDHA NAGAR,2005,Whole Year,Coriander,1,1,1
Uttar Pradesh,GAUTAM BUDDHA NAGAR,2005,Whole Year,Garlic,2,9,4.5
Uttar Pradesh,GAUTAM BUDDHA NAGAR,2005,Whole Year,Sweet potato,2,26,13
Uttar Pradesh,GAUTAM BUDDHA NAGAR,2006,Kharif,Arhar/Tur,2587,4056,1.567839196
Uttar Pradesh,GAUTAM BUDDHA NAGAR,2006,Kharif,Bajra,8932,8861,0.992051052
Uttar Pradesh,GAUTAM BUDDHA NAGAR,2006,Kharif,Jowar,39,31,0.794871795
Uttar Pradesh,GAUTAM BUDDHA NAGAR,2006,Kharif,Maize,3731,7009,1.87858483
Uttar Pradesh,GAUTAM BUDDHA NAGAR,2006,Kharif,Other Kharif pulses,210,125,0.595238095
Uttar Pradesh,GAUTAM BUDDHA NAGAR,2006,Kharif,Rice,20170,40078,1.987010412
Uttar Pradesh,GAUTAM BUDDHA NAGAR,2006,Kharif,Sesamum,1,,
Uttar Pradesh,GAUTAM BUDDHA NAGAR,2006,Kharif,Sugarcane,2406,158956,66.06650042
Uttar Pradesh,GAUTAM BUDDHA NAGAR,2006,Rabi,Barley,3259,11988,3.678428966
Uttar Pradesh,GAUTAM BUDDHA NAGAR,2006,Rabi,Masoor,245,173,0.706122449
Uttar Pradesh,GAUTAM BUDDHA NAGAR,2006,Rabi,Onion,8,154,19.25
Uttar Pradesh,GAUTAM BUDDHA NAGAR,2006,Rabi,Other  Rabi pulses,93,90,0.967741935
Uttar Pradesh,GAUTAM BUDDHA NAGAR,2006,Rabi,Potato,208,3389,16.29326923
Uttar Pradesh,GAUTAM BUDDHA NAGAR,2006,Rabi,Rapeseed &Mustard,818,807,0.986552567
Uttar Pradesh,GAUTAM BUDDHA NAGAR,2006,Rabi,Wheat,62746,180646,2.879004239
Uttar Pradesh,GAUTAM BUDDHA NAGAR,2006,Summer,Onion,3,35,11.66666667
Uttar Pradesh,GAUTAM BUDDHA NAGAR,2006,Whole Year,Coriander,7,4,0.571428571
Uttar Pradesh,GAUTAM BUDDHA NAGAR,2007,Kharif,Arhar/Tur,1751,975,0.556824672
Uttar Pradesh,GAUTAM BUDDHA NAGAR,2007,Kharif,Bajra,4389,6136,1.398040556
Uttar Pradesh,GAUTAM BUDDHA NAGAR,2007,Kharif,Maize,1057,2078,1.965941343
Uttar Pradesh,GAUTAM BUDDHA NAGAR,2007,Kharif,Rice,25054,62510,2.495010777
Uttar Pradesh,GAUTAM BUDDHA NAGAR,2007,Kharif,Sugarcane,2819,187879,66.64739269
Uttar Pradesh,GAUTAM BUDDHA NAGAR,2007,Kharif,Sweet potato,17,229,13.47058824
Uttar Pradesh,GAUTAM BUDDHA NAGAR,2007,Kharif,Urad,8,4,0.5
Uttar Pradesh,GAUTAM BUDDHA NAGAR,2007,Rabi,Barley,2901,8741,3.013098931
Uttar Pradesh,GAUTAM BUDDHA NAGAR,2007,Rabi,Masoor,181,131,0.723756906
Uttar Pradesh,GAUTAM BUDDHA NAGAR,2007,Rabi,Onion,7,98,14
Uttar Pradesh,GAUTAM BUDDHA NAGAR,2007,Rabi,Other  Rabi pulses,126,118,0.936507937
Uttar Pradesh,GAUTAM BUDDHA NAGAR,2007,Rabi,Potato,214,3538,16.53271028
Uttar Pradesh,GAUTAM BUDDHA NAGAR,2007,Rabi,Rapeseed &Mustard,1111,1485,1.336633663
Uttar Pradesh,GAUTAM BUDDHA NAGAR,2007,Rabi,Wheat,64236,203628,3.169998132
Uttar Pradesh,GAUTAM BUDDHA NAGAR,2007,Summer,Moong(Green Gram),212,147,0.693396226
Uttar Pradesh,GAUTAM BUDDHA NAGAR,2007,Summer,Onion,26,351,13.5
Uttar Pradesh,GAUTAM BUDDHA NAGAR,2007,Summer,Urad,68,38,0.558823529
Uttar Pradesh,GAUTAM BUDDHA NAGAR,2008,Kharif,Arhar/Tur,1548,1178,0.760981912
Uttar Pradesh,GAUTAM BUDDHA NAGAR,2008,Kharif,Bajra,4321,7467,1.728072206
Uttar Pradesh,GAUTAM BUDDHA NAGAR,2008,Kharif,Guar seed,3,2,0.666666667
Uttar Pradesh,GAUTAM BUDDHA NAGAR,2008,Kharif,Jowar,11,9,0.818181818
Uttar Pradesh,GAUTAM BUDDHA NAGAR,2008,Kharif,Maize,1667,3663,2.197360528
Uttar Pradesh,GAUTAM BUDDHA NAGAR,2008,Kharif,Moong(Green Gram),1,1,1
Uttar Pradesh,GAUTAM BUDDHA NAGAR,2008,Kharif,Rice,29549,56941,1.927002606
Uttar Pradesh,GAUTAM BUDDHA NAGAR,2008,Kharif,Sugarcane,2781,168536,60.60266091
Uttar Pradesh,GAUTAM BUDDHA NAGAR,2008,Kharif,Sweet potato,31,381,12.29032258
Uttar Pradesh,GAUTAM BUDDHA NAGAR,2008,Kharif,Urad,66,36,0.545454545
Uttar Pradesh,GAUTAM BUDDHA NAGAR,2008,Rabi,Barley,2004,7190,3.587824351
Uttar Pradesh,GAUTAM BUDDHA NAGAR,2008,Rabi,Garlic,1,6,6
Uttar Pradesh,GAUTAM BUDDHA NAGAR,2008,Rabi,Maize,2,5,2.5
Uttar Pradesh,GAUTAM BUDDHA NAGAR,2008,Rabi,Masoor,105,93,0.885714286
Uttar Pradesh,GAUTAM BUDDHA NAGAR,2008,Rabi,Onion,6,70,11.66666667
Uttar Pradesh,GAUTAM BUDDHA NAGAR,2008,Rabi,Peas & beans (Pulses),74,90,1.216216216
Uttar Pradesh,GAUTAM BUDDHA NAGAR,2008,Rabi,Potato,246,5047,20.51626016
Uttar Pradesh,GAUTAM BUDDHA NAGAR,2008,Rabi,Rapeseed &Mustard,912,1008,1.105263158
Uttar Pradesh,GAUTAM BUDDHA NAGAR,2008,Rabi,Wheat,55965,194590,3.47699455
Uttar Pradesh,GAUTAM BUDDHA NAGAR,2008,Summer,Moong(Green Gram),316,217,0.686708861
Uttar Pradesh,GAUTAM BUDDHA NAGAR,2008,Summer,Sunflower,7,13,1.857142857
Uttar Pradesh,GAUTAM BUDDHA NAGAR,2008,Summer,Urad,66,41,0.621212121
Uttar Pradesh,GAUTAM BUDDHA NAGAR,2009,Kharif,Arhar/Tur,1602,1285,0.802122347
Uttar Pradesh,GAUTAM BUDDHA NAGAR,2009,Kharif,Bajra,1880,2942,1.564893617
Uttar Pradesh,GAUTAM BUDDHA NAGAR,2009,Kharif,Dry chillies,6,5,0.833333333
Uttar Pradesh,GAUTAM BUDDHA NAGAR,2009,Kharif,Guar seed,2,2,1
Uttar Pradesh,GAUTAM BUDDHA NAGAR,2009,Kharif,Jowar,11,8,0.727272727
Uttar Pradesh,GAUTAM BUDDHA NAGAR,2009,Kharif,Maize,1046,1991,1.903441683
Uttar Pradesh,GAUTAM BUDDHA NAGAR,2009,Kharif,Moong(Green Gram),3,,
Uttar Pradesh,GAUTAM BUDDHA NAGAR,2009,Kharif,Rice,22014,52966,2.406014355
Uttar Pradesh,GAUTAM BUDDHA NAGAR,2009,Kharif,Sugarcane,2139,137525,64.29406265
Uttar Pradesh,GAUTAM BUDDHA NAGAR,2009,Kharif,Sweet potato,6,82,13.66666667
Uttar Pradesh,GAUTAM BUDDHA NAGAR,2009,Kharif,Urad,15,6,0.4
Uttar Pradesh,GAUTAM BUDDHA NAGAR,2009,Rabi,Barley,2308,8029,3.478769497
Uttar Pradesh,GAUTAM BUDDHA NAGAR,2009,Rabi,Garlic,2,11,5.5
Uttar Pradesh,GAUTAM BUDDHA NAGAR,2009,Rabi,Masoor,90,72,0.8
Uttar Pradesh,GAUTAM BUDDHA NAGAR,2009,Rabi,Onion,14,240,17.14285714
Uttar Pradesh,GAUTAM BUDDHA NAGAR,2009,Rabi,Peas & beans (Pulses),62,79,1.274193548
Uttar Pradesh,GAUTAM BUDDHA NAGAR,2009,Rabi,Potato,318,7041,22.14150943
Uttar Pradesh,GAUTAM BUDDHA NAGAR,2009,Rabi,Rapeseed &Mustard,1168,1529,1.309075342
Uttar Pradesh,GAUTAM BUDDHA NAGAR,2009,Rabi,Wheat,51450,184140,3.579008746
Uttar Pradesh,GAUTAM BUDDHA NAGAR,2009,Summer,Moong(Green Gram),39,31,0.794871795
Uttar Pradesh,GAUTAM BUDDHA NAGAR,2010,Kharif,Arhar/Tur,1485,1101,0.741414141
Uttar Pradesh,GAUTAM BUDDHA NAGAR,2010,Kharif,Bajra,2344,2389,1.019197952
Uttar Pradesh,GAUTAM BUDDHA NAGAR,2010,Kharif,Guar seed,1,1,1
Uttar Pradesh,GAUTAM BUDDHA NAGAR,2010,Kharif,Jowar,11,9,0.818181818
Uttar Pradesh,GAUTAM BUDDHA NAGAR,2010,Kharif,Maize,820,1604,1.956097561
Uttar Pradesh,GAUTAM BUDDHA NAGAR,2010,Kharif,Rice,23459,48701,2.076004945
Uttar Pradesh,GAUTAM BUDDHA NAGAR,2010,Kharif,Sesamum,2,1,0.5
Uttar Pradesh,GAUTAM BUDDHA NAGAR,2010,Kharif,Sugarcane,2028,126681,62.46597633
Uttar Pradesh,GAUTAM BUDDHA NAGAR,2010,Kharif,Sweet potato,11,136,12.36363636
Uttar Pradesh,GAUTAM BUDDHA NAGAR,2010,Kharif,Urad,20,14,0.7
Uttar Pradesh,GAUTAM BUDDHA NAGAR,2010,Rabi,Barley,1884,6385,3.389065817
Uttar Pradesh,GAUTAM BUDDHA NAGAR,2010,Rabi,Gram,1,1,1
Uttar Pradesh,GAUTAM BUDDHA NAGAR,2010,Rabi,Masoor,127,89,0.700787402
Uttar Pradesh,GAUTAM BUDDHA NAGAR,2010,Rabi,Onion,14,258,18.42857143
Uttar Pradesh,GAUTAM BUDDHA NAGAR,2010,Rabi,Peas & beans (Pulses),19,22,1.157894737
Uttar Pradesh,GAUTAM BUDDHA NAGAR,2010,Rabi,Potato,268,5722,21.35074627
Uttar Pradesh,GAUTAM BUDDHA NAGAR,2010,Rabi,Rapeseed &Mustard,668,798,1.194610778
Uttar Pradesh,GAUTAM BUDDHA NAGAR,2010,Rabi,Wheat,56346,210227,3.731001313
Uttar Pradesh,GAUTAM BUDDHA NAGAR,2010,Summer,Moong(Green Gram),301,319,1.059800664
Uttar Pradesh,GAUTAM BUDDHA NAGAR,2010,Summer,Urad,82,51,0.62195122
Uttar Pradesh,GAUTAM BUDDHA NAGAR,2011,Kharif,Arhar/Tur,1070,881,0.823364486
Uttar Pradesh,GAUTAM BUDDHA NAGAR,2011,Kharif,Bajra,1427,2026,1.419761738
Uttar Pradesh,GAUTAM BUDDHA NAGAR,2011,Kharif,Dry chillies,1,1,1
Uttar Pradesh,GAUTAM BUDDHA NAGAR,2011,Kharif,Maize,1043,2253,2.160115053
Uttar Pradesh,GAUTAM BUDDHA NAGAR,2011,Kharif,Moong(Green Gram),4,2,0.5
Uttar Pradesh,GAUTAM BUDDHA NAGAR,2011,Kharif,Rice,22276,49809,2.235993895
Uttar Pradesh,GAUTAM BUDDHA NAGAR,2011,Kharif,Sugarcane,2033,128312,63.11460895
Uttar Pradesh,GAUTAM BUDDHA NAGAR,2011,Kharif,Sweet potato,13,169,13
Uttar Pradesh,GAUTAM BUDDHA NAGAR,2011,Kharif,Urad,5,3,0.6
Uttar Pradesh,GAUTAM BUDDHA NAGAR,2011,Rabi,Barley,2243,8618,3.842175658
Uttar Pradesh,GAUTAM BUDDHA NAGAR,2011,Rabi,Coriander,24,13,0.541666667
Uttar Pradesh,GAUTAM BUDDHA NAGAR,2011,Rabi,Masoor,94,83,0.882978723
Uttar Pradesh,GAUTAM BUDDHA NAGAR,2011,Rabi,Onion,65,1487,22.87692308
Uttar Pradesh,GAUTAM BUDDHA NAGAR,2011,Rabi,Peas & beans (Pulses),61,87,1.426229508
Uttar Pradesh,GAUTAM BUDDHA NAGAR,2011,Rabi,Potato,140,3113,22.23571429
Uttar Pradesh,GAUTAM BUDDHA NAGAR,2011,Rabi,Rapeseed &Mustard,762,891,1.169291339
Uttar Pradesh,GAUTAM BUDDHA NAGAR,2011,Rabi,Wheat,54549,204668,3.752002786
Uttar Pradesh,GAUTAM BUDDHA NAGAR,2011,Summer,Moong(Green Gram),429,338,0.787878788
Uttar Pradesh,GAUTAM BUDDHA NAGAR,2011,Summer,Onion,11,119,10.81818182
Uttar Pradesh,GAUTAM BUDDHA NAGAR,2011,Summer,Urad,82,54,0.658536585
Uttar Pradesh,GAUTAM BUDDHA NAGAR,2012,Kharif,Arhar/Tur,1260,1087,0.862698413
Uttar Pradesh,GAUTAM BUDDHA NAGAR,2012,Kharif,Bajra,1947,4529,2.326142784
Uttar Pradesh,GAUTAM BUDDHA NAGAR,2012,Kharif,Guar seed,1,1,1
Uttar Pradesh,GAUTAM BUDDHA NAGAR,2012,Kharif,Jowar,1,1,1
Uttar Pradesh,GAUTAM BUDDHA NAGAR,2012,Kharif,Maize,739,1752,2.370771313
Uttar Pradesh,GAUTAM BUDDHA NAGAR,2012,Kharif,Moong(Green Gram),4,2,0.5
Uttar Pradesh,GAUTAM BUDDHA NAGAR,2012,Kharif,Rice,23455,49772,2.122020891
Uttar Pradesh,GAUTAM BUDDHA NAGAR,2012,Kharif,Sesamum,2,,
Uttar Pradesh,GAUTAM BUDDHA NAGAR,2012,Kharif,Sugarcane,1940,130355,67.19329897
Uttar Pradesh,GAUTAM BUDDHA NAGAR,2012,Kharif,Urad,1,1,1
Uttar Pradesh,GAUTAM BUDDHA NAGAR,2012,Rabi,Barley,2380,6343,2.66512605
Uttar Pradesh,GAUTAM BUDDHA NAGAR,2012,Rabi,Coriander,20,11,0.55
Uttar Pradesh,GAUTAM BUDDHA NAGAR,2012,Rabi,Masoor,191,170,0.890052356
Uttar Pradesh,GAUTAM BUDDHA NAGAR,2012,Rabi,Onion,12,276,23
Uttar Pradesh,GAUTAM BUDDHA NAGAR,2012,Rabi,Peas & beans (Pulses),84,125,1.488095238
Uttar Pradesh,GAUTAM BUDDHA NAGAR,2012,Rabi,Potato,187,4175,22.32620321
Uttar Pradesh,GAUTAM BUDDHA NAGAR,2012,Rabi,Rapeseed &Mustard,542,717,1.322878229
Uttar Pradesh,GAUTAM BUDDHA NAGAR,2012,Rabi,Wheat,45934,178591,3.887991466
Uttar Pradesh,GAUTAM BUDDHA NAGAR,2012,Summer,Moong(Green Gram),339,233,0.687315634
Uttar Pradesh,GAUTAM BUDDHA NAGAR,2012,Summer,Onion,8,87,10.875
Uttar Pradesh,GAUTAM BUDDHA NAGAR,2012,Summer,Urad,82,57,0.695121951
Uttar Pradesh,GAUTAM BUDDHA NAGAR,2013,Kharif,Arhar/Tur,3745,4230,1.129506008
Uttar Pradesh,GAUTAM BUDDHA NAGAR,2013,Kharif,Bajra,8760,11798,1.346803653
Uttar Pradesh,GAUTAM BUDDHA NAGAR,2013,Kharif,Maize,572,1368,2.391608392
Uttar Pradesh,GAUTAM BUDDHA NAGAR,2013,Kharif,Moong(Green Gram),6,2,0.333333333
Uttar Pradesh,GAUTAM BUDDHA NAGAR,2013,Kharif,Rice,13750,33660,2.448
Uttar Pradesh,GAUTAM BUDDHA NAGAR,2013,Kharif,Sugarcane,1888,133442,70.67902542
Uttar Pradesh,GAUTAM BUDDHA NAGAR,2013,Kharif,Urad,23,10,0.434782609
Uttar Pradesh,GAUTAM BUDDHA NAGAR,2013,Rabi,Barley,1280,4605,3.59765625
Uttar Pradesh,GAUTAM BUDDHA NAGAR,2013,Rabi,Coriander,9,5,0.555555556
Uttar Pradesh,GAUTAM BUDDHA NAGAR,2013,Rabi,Masoor,33,23,0.696969697
Uttar Pradesh,GAUTAM BUDDHA NAGAR,2013,Rabi,Onion,12,244,20.33333333
Uttar Pradesh,GAUTAM BUDDHA NAGAR,2013,Rabi,Peas & beans (Pulses),59,59,1
Uttar Pradesh,GAUTAM BUDDHA NAGAR,2013,Rabi,Potato,298,6504,21.82550336
Uttar Pradesh,GAUTAM BUDDHA NAGAR,2013,Rabi,Rapeseed &Mustard,625,932,1.4912
Uttar Pradesh,GAUTAM BUDDHA NAGAR,2013,Rabi,Tobacco,4,22,5.5
Uttar Pradesh,GAUTAM BUDDHA NAGAR,2013,Rabi,Wheat,46130,192731,4.177996965
Uttar Pradesh,GAUTAM BUDDHA NAGAR,2013,Summer,Moong(Green Gram),261,157,0.601532567
Uttar Pradesh,GAUTAM BUDDHA NAGAR,2013,Summer,Onion,4,51,12.75
Uttar Pradesh,GAUTAM BUDDHA NAGAR,2013,Summer,Urad,73,42,0.575342466
Uttar Pradesh,GAUTAM BUDDHA NAGAR,2014,Kharif,Arhar/Tur,932,595,0.638412017
Uttar Pradesh,GAUTAM BUDDHA NAGAR,2014,Kharif,Bajra,1442,2903,2.013176144
Uttar Pradesh,GAUTAM BUDDHA NAGAR,2014,Kharif,Dry chillies,2,2,1
Uttar Pradesh,GAUTAM BUDDHA NAGAR,2014,Kharif,Guar seed,50,40,0.8
Uttar Pradesh,GAUTAM BUDDHA NAGAR,2014,Kharif,Maize,213,362,1.699530516
Uttar Pradesh,GAUTAM BUDDHA NAGAR,2014,Kharif,Rice,22522,62701,2.783988989
Uttar Pradesh,GAUTAM BUDDHA NAGAR,2014,Kharif,Sugarcane,1798,131612,73.19911012
Uttar Pradesh,GAUTAM BUDDHA NAGAR,2014,Kharif,Urad,12,6,0.5
Uttar Pradesh,GAUTAM BUDDHA NAGAR,2014,Rabi,Barley,1021,3065,3.001958864
Uttar Pradesh,GAUTAM BUDDHA NAGAR,2014,Rabi,Masoor,7,4,0.571428571
Uttar Pradesh,GAUTAM BUDDHA NAGAR,2014,Rabi,Peas & beans (Pulses),41,31,0.756097561
Uttar Pradesh,GAUTAM BUDDHA NAGAR,2014,Rabi,Potato,165,3366,20.4
Uttar Pradesh,GAUTAM BUDDHA NAGAR,2014,Rabi,Rapeseed &Mustard,336,326,0.970238095
Uttar Pradesh,GAUTAM BUDDHA NAGAR,2014,Rabi,Wheat,40032,85909,2.146008193
Uttar Pradesh,GAUTAM BUDDHA NAGAR,2014,Summer,Moong(Green Gram),251,194,0.772908367
Uttar Pradesh,GAUTAM BUDDHA NAGAR,2014,Summer,Onion,4,61,15.25
Uttar Pradesh,GAUTAM BUDDHA NAGAR,2014,Summer,Urad,78,42,0.538461538
Uttar Pradesh,GHAZIABAD,1997,Kharif,Arhar/Tur,2071,1457,0.703524867
Uttar Pradesh,GHAZIABAD,1997,Kharif,Bajra,1376,1927,1.400436047
Uttar Pradesh,GHAZIABAD,1997,Kharif,Jowar,282,224,0.794326241
Uttar Pradesh,GHAZIABAD,1997,Kharif,Maize,13719,24626,1.795028792
Uttar Pradesh,GHAZIABAD,1997,Kharif,Moong(Green Gram),19,8,0.421052632
Uttar Pradesh,GHAZIABAD,1997,Kharif,Oilseeds total,3078,3487,1.132878493
Uttar Pradesh,GHAZIABAD,1997,Kharif,Onion,57,563,9.877192982
Uttar Pradesh,GHAZIABAD,1997,Kharif,Rice,13719,31372,2.286755594
Uttar Pradesh,GHAZIABAD,1997,Kharif,Small millets,3,2,0.666666667
Uttar Pradesh,GHAZIABAD,1997,Kharif,Total foodgrain,105397,307337,2.915993814
Uttar Pradesh,GHAZIABAD,1997,Kharif,Urad,195,81,0.415384615
Uttar Pradesh,GHAZIABAD,1997,Rabi,Barley,1601,5021,3.136164897
Uttar Pradesh,GHAZIABAD,1997,Rabi,Gram,178,155,0.870786517
Uttar Pradesh,GHAZIABAD,1997,Rabi,Masoor,393,333,0.847328244
Uttar Pradesh,GHAZIABAD,1997,Rabi,Peas & beans (Pulses),579,752,1.298791019
Uttar Pradesh,GHAZIABAD,1997,Rabi,Rapeseed &Mustard,2762,3059,1.107530775
Uttar Pradesh,GHAZIABAD,1997,Rabi,Sunflower,316,428,1.35443038
Uttar Pradesh,GHAZIABAD,1997,Rabi,Wheat,70500,240759,3.415021277
Uttar Pradesh,GHAZIABAD,1997,Summer,Maize,183,289,1.579234973
Uttar Pradesh,GHAZIABAD,1997,Summer,Moong(Green Gram),326,153,0.469325153
Uttar Pradesh,GHAZIABAD,1997,Summer,Rice,12,27,2.25
Uttar Pradesh,GHAZIABAD,1997,Summer,Urad,241,151,0.626556017
Uttar Pradesh,GHAZIABAD,1997,Whole Year,Potato,5398,78391,14.52223046
Uttar Pradesh,GHAZIABAD,1997,Whole Year,Sugarcane,58679,3971160,67.67599993
Uttar Pradesh,GHAZIABAD,1998,Kharif,Arhar/Tur,1684,607,0.360451306
Uttar Pradesh,GHAZIABAD,1998,Kharif,Bajra,1297,1608,1.239784117
Uttar Pradesh,GHAZIABAD,1998,Kharif,Cotton(lint),21,3,0.142857143
Uttar Pradesh,GHAZIABAD,1998,Kharif,Jowar,224,132,0.589285714
Uttar Pradesh,GHAZIABAD,1998,Kharif,Maize,10229,11508,1.12503666
Uttar Pradesh,GHAZIABAD,1998,Kharif,Moong(Green Gram),14,5,0.357142857
Uttar Pradesh,GHAZIABAD,1998,Kharif,Rice,18134,36424,2.008602625
Uttar Pradesh,GHAZIABAD,1998,Kharif,Urad,135,36,0.266666667
Uttar Pradesh,GHAZIABAD,1998,Rabi,Barley,1394,4242,3.043041607
Uttar Pradesh,GHAZIABAD,1998,Rabi,Gram,88,78,0.886363636
Uttar Pradesh,GHAZIABAD,1998,Rabi,Masoor,424,238,0.561320755
Uttar Pradesh,GHAZIABAD,1998,Rabi,Peas & beans (Pulses),851,872,1.024676851
Uttar Pradesh,GHAZIABAD,1998,Rabi,Rapeseed &Mustard,2501,2207,0.882447021
Uttar Pradesh,GHAZIABAD,1998,Rabi,Sunflower,141,146,1.035460993
Uttar Pradesh,GHAZIABAD,1998,Rabi,Wheat,71003,234413,3.301452051
Uttar Pradesh,GHAZIABAD,1998,Summer,Maize,245,248,1.012244898
Uttar Pradesh,GHAZIABAD,1998,Summer,Moong(Green Gram),197,126,0.639593909
Uttar Pradesh,GHAZIABAD,1998,Summer,Rice,3,6,2
Uttar Pradesh,GHAZIABAD,1998,Summer,Urad,143,80,0.559440559
Uttar Pradesh,GHAZIABAD,1998,Whole Year,Onion,58,700,12.06896552
Uttar Pradesh,GHAZIABAD,1998,Whole Year,Potato,5892,172785,29.32535642
Uttar Pradesh,GHAZIABAD,1998,Whole Year,Sugarcane,54811,3459890,63.12400795
Uttar Pradesh,GHAZIABAD,1998,Whole Year,Turmeric,3,5,1.666666667
Uttar Pradesh,GHAZIABAD,1999,Kharif,Arhar/Tur,1381,1013,0.73352643
Uttar Pradesh,GHAZIABAD,1999,Kharif,Bajra,1344,2027,1.508184524
Uttar Pradesh,GHAZIABAD,1999,Kharif,Cotton(lint),24,29,1.208333333
Uttar Pradesh,GHAZIABAD,1999,Kharif,Jowar,101,78,0.772277228
Uttar Pradesh,GHAZIABAD,1999,Kharif,Maize,7259,10562,1.455021353
Uttar Pradesh,GHAZIABAD,1999,Kharif,Moong(Green Gram),7,3,0.428571429
Uttar Pradesh,GHAZIABAD,1999,Kharif,Rice,20830,44729,2.147335574
Uttar Pradesh,GHAZIABAD,1999,Kharif,Sunflower,32,42,1.3125
Uttar Pradesh,GHAZIABAD,1999,Kharif,Urad,141,58,0.411347518
Uttar Pradesh,GHAZIABAD,1999,Rabi,Barley,1393,3625,2.6022972
Uttar Pradesh,GHAZIABAD,1999,Rabi,Gram,69,67,0.971014493
Uttar Pradesh,GHAZIABAD,1999,Rabi,Maize,192,278,1.447916667
Uttar Pradesh,GHAZIABAD,1999,Rabi,Rapeseed &Mustard,2283,2530,1.108190977
Uttar Pradesh,GHAZIABAD,1999,Rabi,Wheat,70148,260168,3.708844158
Uttar Pradesh,GHAZIABAD,1999,Summer,Moong(Green Gram),137,43,0.313868613
Uttar Pradesh,GHAZIABAD,1999,Summer,Urad,95,44,0.463157895
Uttar Pradesh,GHAZIABAD,1999,Whole Year,Onion,61,860,14.09836066
Uttar Pradesh,GHAZIABAD,1999,Whole Year,Peas & beans (Pulses),720,1302,1.808333333
Uttar Pradesh,GHAZIABAD,1999,Whole Year,Potato,5446,130214,23.91002571
Uttar Pradesh,GHAZIABAD,1999,Whole Year,Sugarcane,58646,3526970,60.1399925
Uttar Pradesh,GHAZIABAD,2000,Kharif,Arhar/Tur,1380,1072,0.776811594
Uttar Pradesh,GHAZIABAD,2000,Kharif,Bajra,976,1251,1.281762295
Uttar Pradesh,GHAZIABAD,2000,Kharif,Cotton(lint),9,12,1.333333333
Uttar Pradesh,GHAZIABAD,2000,Kharif,Jowar,119,97,0.81512605
Uttar Pradesh,GHAZIABAD,2000,Kharif,Maize,4840,8814,1.82107438
Uttar Pradesh,GHAZIABAD,2000,Kharif,Moong(Green Gram),5,1,0.2
Uttar Pradesh,GHAZIABAD,2000,Kharif,Rice,21726,43067,1.982279297
Uttar Pradesh,GHAZIABAD,2000,Kharif,Urad,206,86,0.417475728
Uttar Pradesh,GHAZIABAD,2000,Rabi,Barley,1283,4151,3.235385814
Uttar Pradesh,GHAZIABAD,2000,Rabi,Gram,22,19,0.863636364
Uttar Pradesh,GHAZIABAD,2000,Rabi,Maize,209,339,1.622009569
Uttar Pradesh,GHAZIABAD,2000,Rabi,Masoor,383,240,0.626631854
Uttar Pradesh,GHAZIABAD,2000,Rabi,Moong(Green Gram),119,47,0.394957983
Uttar Pradesh,GHAZIABAD,2000,Rabi,Peas & beans (Pulses),351,362,1.031339031
Uttar Pradesh,GHAZIABAD,2000,Rabi,Rapeseed &Mustard,1979,2426,1.225871652
Uttar Pradesh,GHAZIABAD,2000,Rabi,Urad,74,40,0.540540541
Uttar Pradesh,GHAZIABAD,2000,Rabi,Wheat,71538,246947,3.451969583
Uttar Pradesh,GHAZIABAD,2000,Whole Year,Potato,4547,97879,21.52606114
Uttar Pradesh,GHAZIABAD,2000,Whole Year,Sugarcane,59152,3453530,58.38399378
Uttar Pradesh,GHAZIABAD,2001,Kharif,Arhar/Tur,1571,1193,0.759388924
Uttar Pradesh,GHAZIABAD,2001,Kharif,Bajra,1034,1027,0.993230174
Uttar Pradesh,GHAZIABAD,2001,Kharif,Cotton(lint),11,12,1.090909091
Uttar Pradesh,GHAZIABAD,2001,Kharif,Jowar,79,68,0.860759494
Uttar Pradesh,GHAZIABAD,2001,Kharif,Maize,5600,11978,2.138928571
Uttar Pradesh,GHAZIABAD,2001,Kharif,Moong(Green Gram),14,4,0.285714286
Uttar Pradesh,GHAZIABAD,2001,Kharif,Rice,21142,49840,2.357392867
Uttar Pradesh,GHAZIABAD,2001,Kharif,Sesamum,1,0.1,0.1
Uttar Pradesh,GHAZIABAD,2001,Kharif,Sunflower,2,4,2
Uttar Pradesh,GHAZIABAD,2001,Kharif,Urad,437,178,0.407322654
Uttar Pradesh,GHAZIABAD,2001,Rabi,Barley,1029,3294,3.201166181
Uttar Pradesh,GHAZIABAD,2001,Rabi,Gram,20,20,1
Uttar Pradesh,GHAZIABAD,2001,Rabi,Maize,249,406,1.630522088
Uttar Pradesh,GHAZIABAD,2001,Rabi,Masoor,287,230,0.801393728
Uttar Pradesh,GHAZIABAD,2001,Rabi,Moong(Green Gram),129,55,0.426356589
Uttar Pradesh,GHAZIABAD,2001,Rabi,Peas & beans (Pulses),736,890,1.20923913
Uttar Pradesh,GHAZIABAD,2001,Rabi,Rapeseed &Mustard,2093,2483,1.186335404
Uttar Pradesh,GHAZIABAD,2001,Rabi,Urad,88,42,0.477272727
Uttar Pradesh,GHAZIABAD,2001,Rabi,Wheat,71185,248855,3.495890988
Uttar Pradesh,GHAZIABAD,2001,Whole Year,Potato,4597,134016,29.15292582
Uttar Pradesh,GHAZIABAD,2001,Whole Year,Sugarcane,61232,4072418,66.50800235
Uttar Pradesh,GHAZIABAD,2001,Whole Year,Turmeric,1,2,2
Uttar Pradesh,GHAZIABAD,2002,Kharif,Bajra,726,917,1.263085399
Uttar Pradesh,GHAZIABAD,2002,Kharif,Cotton(lint),10,12,1.2
Uttar Pradesh,GHAZIABAD,2002,Kharif,Jowar,65,59,0.907692308
Uttar Pradesh,GHAZIABAD,2002,Kharif,Maize,4009,3360,0.838114243
Uttar Pradesh,GHAZIABAD,2002,Kharif,Moong(Green Gram),10,7,0.7
Uttar Pradesh,GHAZIABAD,2002,Kharif,Rice,17552,41996,2.392661805
Uttar Pradesh,GHAZIABAD,2002,Kharif,Small millets,1,1,1
Uttar Pradesh,GHAZIABAD,2002,Kharif,Sunflower,11,16,1.454545455
Uttar Pradesh,GHAZIABAD,2002,Kharif,Urad,504,201,0.398809524
Uttar Pradesh,GHAZIABAD,2002,Rabi,Barley,988,2882,2.917004049
Uttar Pradesh,GHAZIABAD,2002,Rabi,Gram,11,10,0.909090909
Uttar Pradesh,GHAZIABAD,2002,Rabi,Maize,190,210,1.105263158
Uttar Pradesh,GHAZIABAD,2002,Rabi,Masoor,264,202,0.765151515
Uttar Pradesh,GHAZIABAD,2002,Rabi,Onion,10,103,10.3
Uttar Pradesh,GHAZIABAD,2002,Rabi,Peas & beans (Pulses),540,664,1.22962963
Uttar Pradesh,GHAZIABAD,2002,Rabi,Ragi,1,1,1
Uttar Pradesh,GHAZIABAD,2002,Rabi,Rapeseed &Mustard,2023,2089,1.032624815
Uttar Pradesh,GHAZIABAD,2002,Rabi,Wheat,70297,255201,3.630325618
Uttar Pradesh,GHAZIABAD,2002,Summer,Moong(Green Gram),81,44,0.543209877
Uttar Pradesh,GHAZIABAD,2002,Summer,Onion,28,313,11.17857143
Uttar Pradesh,GHAZIABAD,2002,Summer,Urad,81,33,0.407407407
Uttar Pradesh,GHAZIABAD,2002,Whole Year,Potato,4787,143983,30.07791936
Uttar Pradesh,GHAZIABAD,2002,Whole Year,Sannhamp,2,1,0.5
Uttar Pradesh,GHAZIABAD,2002,Whole Year,Sugarcane,64885,4265799,65.74399322
Uttar Pradesh,GHAZIABAD,2002,Whole Year,Turmeric,1,2,2
Uttar Pradesh,GHAZIABAD,2003,Kharif,Arhar/Tur,1867,1595,0.85431173
Uttar Pradesh,GHAZIABAD,2003,Kharif,Bajra,578,824,1.425605536
Uttar Pradesh,GHAZIABAD,2003,Kharif,Jowar,20,17,0.85
Uttar Pradesh,GHAZIABAD,2003,Kharif,Maize,3727,6735,1.807083445
Uttar Pradesh,GHAZIABAD,2003,Kharif,Moong(Green Gram),13,7,0.538461538
Uttar Pradesh,GHAZIABAD,2003,Kharif,Rice,19549,45904,2.348150801
Uttar Pradesh,GHAZIABAD,2003,Kharif,Sunflower,1,2,2
Uttar Pradesh,GHAZIABAD,2003,Kharif,Urad,525,124,0.236190476
Uttar Pradesh,GHAZIABAD,2003,Rabi,Barley,1328,3354,2.52560241
Uttar Pradesh,GHAZIABAD,2003,Rabi,Gram,10,20,2
Uttar Pradesh,GHAZIABAD,2003,Rabi,Masoor,261,235,0.900383142
Uttar Pradesh,GHAZIABAD,2003,Rabi,Onion,6,86,14.33333333
Uttar Pradesh,GHAZIABAD,2003,Rabi,Peas & beans (Pulses),769,1055,1.371911573
Uttar Pradesh,GHAZIABAD,2003,Rabi,Rapeseed &Mustard,2148,1831,0.852420857
Uttar Pradesh,GHAZIABAD,2003,Rabi,Wheat,95923,339200,3.536169636
Uttar Pradesh,GHAZIABAD,2003,Summer,Maize,194,265,1.365979381
Uttar Pradesh,GHAZIABAD,2003,Summer,Moong(Green Gram),71,39,0.549295775
Uttar Pradesh,GHAZIABAD,2003,Summer,Onion,30,296,9.866666667
Uttar Pradesh,GHAZIABAD,2003,Summer,Urad,83,41,0.493975904
Uttar Pradesh,GHAZIABAD,2003,Whole Year,Potato,5092,79394,15.59190888
Uttar Pradesh,GHAZIABAD,2003,Whole Year,Sugarcane,65950,4121611,62.49599697
Uttar Pradesh,GHAZIABAD,2004,Kharif,Bajra,295,437,1.481355932
Uttar Pradesh,GHAZIABAD,2004,Kharif,Cotton(lint),3,1,0.333333333
Uttar Pradesh,GHAZIABAD,2004,Kharif,Jowar,16,13,0.8125
Uttar Pradesh,GHAZIABAD,2004,Kharif,Maize,3353,5408,1.612883984
Uttar Pradesh,GHAZIABAD,2004,Kharif,Rice,20309,49123,2.418779851
Uttar Pradesh,GHAZIABAD,2004,Kharif,Sesamum,1,,
Uttar Pradesh,GHAZIABAD,2004,Kharif,Sugarcane,64548,4078917,63.19199665
Uttar Pradesh,GHAZIABAD,2004,Rabi,Barley,881,2453,2.784335982
Uttar Pradesh,GHAZIABAD,2004,Rabi,Gram,23,21,0.913043478
Uttar Pradesh,GHAZIABAD,2004,Rabi,Maize,1,5,5
Uttar Pradesh,GHAZIABAD,2004,Rabi,Potato,5423,140911,25.98395722
Uttar Pradesh,GHAZIABAD,2004,Rabi,Rapeseed &Mustard,2358,3059,1.297285835
Uttar Pradesh,GHAZIABAD,2004,Rabi,Wheat,72749,249626,3.431332389
Uttar Pradesh,GHAZIABAD,2004,Summer,Sunflower,3,6,2
Uttar Pradesh,GHAZIABAD,2004,Whole Year,Dry chillies,155,145,0.935483871
Uttar Pradesh,GHAZIABAD,2004,Whole Year,Onion,32,372,11.625
Uttar Pradesh,GHAZIABAD,2004,Whole Year,Sweet potato,5,58,11.6
Uttar Pradesh,GHAZIABAD,2005,Kharif,Bajra,553,794,1.435804702
Uttar Pradesh,GHAZIABAD,2005,Kharif,Jowar,18,15,0.833333333
Uttar Pradesh,GHAZIABAD,2005,Kharif,Maize,4346,7162,1.64795214
Uttar Pradesh,GHAZIABAD,2005,Kharif,Rice,21841,50584,2.316011172
Uttar Pradesh,GHAZIABAD,2005,Kharif,Sugarcane,63260,3324440,52.55200759
Uttar Pradesh,GHAZIABAD,2005,Rabi,Barley,1010,2854,2.825742574
Uttar Pradesh,GHAZIABAD,2005,Rabi,Gram,315,281,0.892063492
Uttar Pradesh,GHAZIABAD,2005,Rabi,Potato,6309,117524,18.62799176
Uttar Pradesh,GHAZIABAD,2005,Rabi,Rapeseed &Mustard,3557,4403,1.237840877
Uttar Pradesh,GHAZIABAD,2005,Rabi,Wheat,90516,318888,3.523001458
Uttar Pradesh,GHAZIABAD,2005,Whole Year,Coriander,26,15,0.576923077
Uttar Pradesh,GHAZIABAD,2005,Whole Year,Dry chillies,66,60,0.909090909
Uttar Pradesh,GHAZIABAD,2005,Whole Year,Garlic,2,9,4.5
Uttar Pradesh,GHAZIABAD,2005,Whole Year,Onion,30,388,12.93333333
Uttar Pradesh,GHAZIABAD,2005,Whole Year,Sweet potato,6,79,13.16666667
Uttar Pradesh,GHAZIABAD,2006,Kharif,Arhar/Tur,2046,1964,0.959921799
Uttar Pradesh,GHAZIABAD,2006,Kharif,Bajra,295,366,1.240677966
Uttar Pradesh,GHAZIABAD,2006,Kharif,Maize,2654,5244,1.975885456
Uttar Pradesh,GHAZIABAD,2006,Kharif,Other Kharif pulses,593,337,0.568296796
Uttar Pradesh,GHAZIABAD,2006,Kharif,Rice,21606,49326,2.282976951
Uttar Pradesh,GHAZIABAD,2006,Kharif,Sugarcane,65587,3885112,59.23600714
Uttar Pradesh,GHAZIABAD,2006,Kharif,Sweet potato,7,95,13.57142857
Uttar Pradesh,GHAZIABAD,2006,Rabi,Barley,171,629,3.678362573
Uttar Pradesh,GHAZIABAD,2006,Rabi,Garlic,1,4,4
Uttar Pradesh,GHAZIABAD,2006,Rabi,Gram,6,5,0.833333333
Uttar Pradesh,GHAZIABAD,2006,Rabi,Masoor,198,139,0.702020202
Uttar Pradesh,GHAZIABAD,2006,Rabi,Onion,16,307,19.1875
Uttar Pradesh,GHAZIABAD,2006,Rabi,Other  Rabi pulses,613,593,0.967373573
Uttar Pradesh,GHAZIABAD,2006,Rabi,Potato,5788,95299,16.46492744
Uttar Pradesh,GHAZIABAD,2006,Rabi,Rapeseed &Mustard,2190,2161,0.986757991
Uttar Pradesh,GHAZIABAD,2006,Rabi,Wheat,71835,288346,4.014004315
Uttar Pradesh,GHAZIABAD,2006,Summer,Maize,79,105,1.329113924
Uttar Pradesh,GHAZIABAD,2006,Summer,Onion,39,454,11.64102564
Uttar Pradesh,GHAZIABAD,2006,Summer,Sunflower,3,4,1.333333333
Uttar Pradesh,GHAZIABAD,2006,Whole Year,Coriander,51,27,0.529411765
Uttar Pradesh,GHAZIABAD,2006,Whole Year,Dry chillies,182,173,0.950549451
Uttar Pradesh,GHAZIABAD,2007,Kharif,Arhar/Tur,2192,1870,0.85310219
Uttar Pradesh,GHAZIABAD,2007,Kharif,Bajra,150,227,1.513333333
Uttar Pradesh,GHAZIABAD,2007,Kharif,Dry chillies,144,139,0.965277778
Uttar Pradesh,GHAZIABAD,2007,Kharif,Guar seed,1,1,1
Uttar Pradesh,GHAZIABAD,2007,Kharif,Jowar,1,1,1
Uttar Pradesh,GHAZIABAD,2007,Kharif,Maize,3118,6130,1.966003849
Uttar Pradesh,GHAZIABAD,2007,Kharif,Moong(Green Gram),22,4,0.181818182
Uttar Pradesh,GHAZIABAD,2007,Kharif,Rice,20949,49921,2.382977708
Uttar Pradesh,GHAZIABAD,2007,Kharif,Sugarcane,66459,4022099,60.52000481
Uttar Pradesh,GHAZIABAD,2007,Kharif,Sweet potato,21,283,13.47619048
Uttar Pradesh,GHAZIABAD,2007,Kharif,Urad,371,162,0.436657682
Uttar Pradesh,GHAZIABAD,2007,Rabi,Barley,159,479,3.012578616
Uttar Pradesh,GHAZIABAD,2007,Rabi,Coriander,12,7,0.583333333
Uttar Pradesh,GHAZIABAD,2007,Rabi,Gram,5,4,0.8
Uttar Pradesh,GHAZIABAD,2007,Rabi,Masoor,194,140,0.721649485
Uttar Pradesh,GHAZIABAD,2007,Rabi,Onion,11,154,14
Uttar Pradesh,GHAZIABAD,2007,Rabi,Other  Rabi pulses,437,410,0.938215103
Uttar Pradesh,GHAZIABAD,2007,Rabi,Potato,5457,86652,15.87905443
Uttar Pradesh,GHAZIABAD,2007,Rabi,Rapeseed &Mustard,2631,3516,1.336374002
Uttar Pradesh,GHAZIABAD,2007,Rabi,Wheat,71031,255072,3.590995481
Uttar Pradesh,GHAZIABAD,2007,Summer,Maize,37,53,1.432432432
Uttar Pradesh,GHAZIABAD,2007,Summer,Moong(Green Gram),72,50,0.694444444
Uttar Pradesh,GHAZIABAD,2007,Summer,Onion,20,270,13.5
Uttar Pradesh,GHAZIABAD,2007,Summer,Urad,66,37,0.560606061
Uttar Pradesh,GHAZIABAD,2008,Kharif,Arhar/Tur,2284,1737,0.760507881
Uttar Pradesh,GHAZIABAD,2008,Kharif,Bajra,269,480,1.784386617
Uttar Pradesh,GHAZIABAD,2008,Kharif,Dry chillies,134,133,0.992537313
Uttar Pradesh,GHAZIABAD,2008,Kharif,Maize,1846,4951,2.682015168
Uttar Pradesh,GHAZIABAD,2008,Kharif,Moong(Green Gram),29,11,0.379310345
Uttar Pradesh,GHAZIABAD,2008,Kharif,Rice,23436,59035,2.518987882
Uttar Pradesh,GHAZIABAD,2008,Kharif,Sugarcane,60776,3257107,53.59199355
Uttar Pradesh,GHAZIABAD,2008,Kharif,Sweet potato,13,160,12.30769231
Uttar Pradesh,GHAZIABAD,2008,Kharif,Urad,456,245,0.537280702
Uttar Pradesh,GHAZIABAD,2008,Rabi,Barley,716,2569,3.587988827
Uttar Pradesh,GHAZIABAD,2008,Rabi,Coriander,18,11,0.611111111
Uttar Pradesh,GHAZIABAD,2008,Rabi,Garlic,20,118,5.9
Uttar Pradesh,GHAZIABAD,2008,Rabi,Gram,5,5,1
Uttar Pradesh,GHAZIABAD,2008,Rabi,Masoor,263,232,0.882129278
Uttar Pradesh,GHAZIABAD,2008,Rabi,Onion,15,176,11.73333333
Uttar Pradesh,GHAZIABAD,2008,Rabi,Peas & beans (Pulses),127,153,1.204724409
Uttar Pradesh,GHAZIABAD,2008,Rabi,Potato,4405,99650,22.62202043
Uttar Pradesh,GHAZIABAD,2008,Rabi,Rapeseed &Mustard,2016,2228,1.10515873
Uttar Pradesh,GHAZIABAD,2008,Rabi,Wheat,75503,303975,4.025998967
Uttar Pradesh,GHAZIABAD,2008,Summer,Maize,25,38,1.52
Uttar Pradesh,GHAZIABAD,2008,Summer,Moong(Green Gram),85,58,0.682352941
Uttar Pradesh,GHAZIABAD,2008,Summer,Urad,125,78,0.624
Uttar Pradesh,GHAZIABAD,2009,Kharif,Arhar/Tur,1922,1541,0.801768991
Uttar Pradesh,GHAZIABAD,2009,Kharif,Bajra,172,331,1.924418605
Uttar Pradesh,GHAZIABAD,2009,Kharif,Dry chillies,136,120,0.882352941
Uttar Pradesh,GHAZIABAD,2009,Kharif,Jowar,40,30,0.75
Uttar Pradesh,GHAZIABAD,2009,Kharif,Maize,2049,3899,1.902879453
Uttar Pradesh,GHAZIABAD,2009,Kharif,Moong(Green Gram),58,9,0.155172414
Uttar Pradesh,GHAZIABAD,2009,Kharif,Rice,22340,61368,2.747000895
Uttar Pradesh,GHAZIABAD,2009,Kharif,Sugarcane,56992,3320126,58.25600084
Uttar Pradesh,GHAZIABAD,2009,Kharif,Sweet potato,10,136,13.6
Uttar Pradesh,GHAZIABAD,2009,Kharif,Urad,248,95,0.383064516
Uttar Pradesh,GHAZIABAD,2009,Rabi,Barley,361,1256,3.479224377
Uttar Pradesh,GHAZIABAD,2009,Rabi,Coriander,21,12,0.571428571
Uttar Pradesh,GHAZIABAD,2009,Rabi,Garlic,6,32,5.333333333
Uttar Pradesh,GHAZIABAD,2009,Rabi,Gram,3,2,0.666666667
Uttar Pradesh,GHAZIABAD,2009,Rabi,Maize,2,6,3
Uttar Pradesh,GHAZIABAD,2009,Rabi,Masoor,252,202,0.801587302
Uttar Pradesh,GHAZIABAD,2009,Rabi,Onion,4,68,17
Uttar Pradesh,GHAZIABAD,2009,Rabi,Peas & beans (Pulses),10,13,1.3
Uttar Pradesh,GHAZIABAD,2009,Rabi,Potato,4352,117225,26.93589154
Uttar Pradesh,GHAZIABAD,2009,Rabi,Rapeseed &Mustard,2517,3296,1.309495431
Uttar Pradesh,GHAZIABAD,2009,Rabi,Wheat,76071,267846,3.521000118
Uttar Pradesh,GHAZIABAD,2009,Summer,Banana,62,2550,41.12903226
Uttar Pradesh,GHAZIABAD,2009,Summer,Maize,51,74,1.450980392
Uttar Pradesh,GHAZIABAD,2009,Summer,Moong(Green Gram),194,155,0.798969072
Uttar Pradesh,GHAZIABAD,2009,Summer,Onion,15,208,13.86666667
Uttar Pradesh,GHAZIABAD,2009,Summer,Sunflower,2,4,2
Uttar Pradesh,GHAZIABAD,2009,Summer,Urad,124,77,0.620967742
Uttar Pradesh,GHAZIABAD,2010,Kharif,Arhar/Tur,2057,1350,0.656295576
Uttar Pradesh,GHAZIABAD,2010,Kharif,Bajra,370,660,1.783783784
Uttar Pradesh,GHAZIABAD,2010,Kharif,Cotton(lint),2,,
Uttar Pradesh,GHAZIABAD,2010,Kharif,Dry chillies,20,17,0.85
Uttar Pradesh,GHAZIABAD,2010,Kharif,Jowar,15,12,0.8
Uttar Pradesh,GHAZIABAD,2010,Kharif,Maize,1747,4465,2.55580996
Uttar Pradesh,GHAZIABAD,2010,Kharif,Moong(Green Gram),105,49,0.466666667
Uttar Pradesh,GHAZIABAD,2010,Kharif,Rice,30102,76730,2.549000066
Uttar Pradesh,GHAZIABAD,2010,Kharif,Sugarcane,56546,3043758,53.82799844
Uttar Pradesh,GHAZIABAD,2010,Kharif,Sweet potato,36,443,12.30555556
Uttar Pradesh,GHAZIABAD,2010,Kharif,Urad,714,482,0.675070028
Uttar Pradesh,GHAZIABAD,2010,Rabi,Barley,510,1728,3.388235294
Uttar Pradesh,GHAZIABAD,2010,Rabi,Gram,2,2,1
Uttar Pradesh,GHAZIABAD,2010,Rabi,Masoor,233,163,0.699570815
Uttar Pradesh,GHAZIABAD,2010,Rabi,Onion,6,110,18.33333333
Uttar Pradesh,GHAZIABAD,2010,Rabi,Potato,4098,113851,27.78208882
Uttar Pradesh,GHAZIABAD,2010,Rabi,Rapeseed &Mustard,2966,3544,1.194875253
Uttar Pradesh,GHAZIABAD,2010,Rabi,Wheat,76344,317667,4.16099497
Uttar Pradesh,GHAZIABAD,2010,Summer,Maize,78,114,1.461538462
Uttar Pradesh,GHAZIABAD,2010,Summer,Moong(Green Gram),219,232,1.059360731
Uttar Pradesh,GHAZIABAD,2010,Summer,Sunflower,1,2,2
Uttar Pradesh,GHAZIABAD,2010,Summer,Urad,147,92,0.62585034
Uttar Pradesh,GHAZIABAD,2011,Kharif,Arhar/Tur,1813,1266,0.698290127
Uttar Pradesh,GHAZIABAD,2011,Kharif,Bajra,280,524,1.871428571
Uttar Pradesh,GHAZIABAD,2011,Kharif,Dry chillies,74,61,0.824324324
Uttar Pradesh,GHAZIABAD,2011,Kharif,Jowar,4,3,0.75
Uttar Pradesh,GHAZIABAD,2011,Kharif,Maize,1490,3285,2.204697987
Uttar Pradesh,GHAZIABAD,2011,Kharif,Moong(Green Gram),61,26,0.426229508
Uttar Pradesh,GHAZIABAD,2011,Kharif,Rice,29971,81731,2.727002769
Uttar Pradesh,GHAZIABAD,2011,Kharif,Sugarcane,61150,3747761,61.28799673
Uttar Pradesh,GHAZIABAD,2011,Kharif,Sweet potato,17,221,13
Uttar Pradesh,GHAZIABAD,2011,Kharif,Urad,829,555,0.669481303
Uttar Pradesh,GHAZIABAD,2011,Rabi,Barley,425,1633,3.842352941
Uttar Pradesh,GHAZIABAD,2011,Rabi,Coriander,20,10,0.5
Uttar Pradesh,GHAZIABAD,2011,Rabi,Garlic,3,15,5
Uttar Pradesh,GHAZIABAD,2011,Rabi,Masoor,261,230,0.881226054
Uttar Pradesh,GHAZIABAD,2011,Rabi,Onion,14,320,22.85714286
Uttar Pradesh,GHAZIABAD,2011,Rabi,Peas & beans (Pulses),2,3,1.5
Uttar Pradesh,GHAZIABAD,2011,Rabi,Potato,4904,120800,24.63295269
Uttar Pradesh,GHAZIABAD,2011,Rabi,Rapeseed &Mustard,3015,3524,1.168822554
Uttar Pradesh,GHAZIABAD,2011,Rabi,Wheat,75491,329594,4.366003895
Uttar Pradesh,GHAZIABAD,2011,Summer,Maize,96,159,1.65625
Uttar Pradesh,GHAZIABAD,2011,Summer,Moong(Green Gram),156,123,0.788461538
Uttar Pradesh,GHAZIABAD,2011,Summer,Onion,41,444,10.82926829
Uttar Pradesh,GHAZIABAD,2011,Summer,Urad,84,56,0.666666667
Uttar Pradesh,GHAZIABAD,2012,Kharif,Arhar/Tur,711,697,0.980309423
Uttar Pradesh,GHAZIABAD,2012,Kharif,Bajra,237,551,2.324894515
Uttar Pradesh,GHAZIABAD,2012,Kharif,Dry chillies,102,82,0.803921569
Uttar Pradesh,GHAZIABAD,2012,Kharif,Jowar,8,9,1.125
Uttar Pradesh,GHAZIABAD,2012,Kharif,Maize,120,284,2.366666667
Uttar Pradesh,GHAZIABAD,2012,Kharif,Rice,10098,26083,2.58298673
Uttar Pradesh,GHAZIABAD,2012,Kharif,Sugarcane,21381,1373430,64.23600393
Uttar Pradesh,GHAZIABAD,2012,Kharif,Sweet potato,16,207,12.9375
Uttar Pradesh,GHAZIABAD,2012,Kharif,Urad,24,16,0.666666667
Uttar Pradesh,GHAZIABAD,2012,Rabi,Barley,141,376,2.666666667
Uttar Pradesh,GHAZIABAD,2012,Rabi,Coriander,16,8,0.5
Uttar Pradesh,GHAZIABAD,2012,Rabi,Masoor,41,36,0.87804878
Uttar Pradesh,GHAZIABAD,2012,Rabi,Potato,564,12593,22.32801418
Uttar Pradesh,GHAZIABAD,2012,Rabi,Rapeseed &Mustard,1436,1898,1.321727019
Uttar Pradesh,GHAZIABAD,2012,Rabi,Wheat,28227,123550,4.377014915
Uttar Pradesh,GHAZIABAD,2012,Summer,Moong(Green Gram),8,5,0.625
Uttar Pradesh,GHAZIABAD,2012,Summer,Urad,13,9,0.692307692
Uttar Pradesh,GHAZIABAD,2013,Kharif,Arhar/Tur,726,507,0.698347107
Uttar Pradesh,GHAZIABAD,2013,Kharif,Bajra,187,252,1.347593583
Uttar Pradesh,GHAZIABAD,2013,Kharif,Dry chillies,93,75,0.806451613
Uttar Pradesh,GHAZIABAD,2013,Kharif,Jowar,2,1,0.5
Uttar Pradesh,GHAZIABAD,2013,Kharif,Maize,64,153,2.390625
Uttar Pradesh,GHAZIABAD,2013,Kharif,Rice,9296,25267,2.718050775
Uttar Pradesh,GHAZIABAD,2013,Kharif,Sugarcane,21384,1478490,69.14001122
Uttar Pradesh,GHAZIABAD,2013,Kharif,Urad,86,38,0.441860465
Uttar Pradesh,GHAZIABAD,2013,Rabi,Barley,77,277,3.597402597
Uttar Pradesh,GHAZIABAD,2013,Rabi,Coriander,17,9,0.529411765
Uttar Pradesh,GHAZIABAD,2013,Rabi,Linseed,136,55,0.404411765
Uttar Pradesh,GHAZIABAD,2013,Rabi,Masoor,21,14,0.666666667
Uttar Pradesh,GHAZIABAD,2013,Rabi,Onion,10,203,20.3
Uttar Pradesh,GHAZIABAD,2013,Rabi,Peas & beans (Pulses),2,2,1
Uttar Pradesh,GHAZIABAD,2013,Rabi,Potato,514,11219,21.82684825
Uttar Pradesh,GHAZIABAD,2013,Rabi,Rapeseed &Mustard,1292,1928,1.492260062
Uttar Pradesh,GHAZIABAD,2013,Rabi,Turmeric,1,3,3
Uttar Pradesh,GHAZIABAD,2013,Rabi,Wheat,28164,115726,4.109004403
Uttar Pradesh,GHAZIABAD,2013,Summer,Moong(Green Gram),14,9,0.642857143
Uttar Pradesh,GHAZIABAD,2013,Summer,Onion,5,64,12.8
Uttar Pradesh,GHAZIABAD,2013,Summer,Urad,6,3,0.5
Uttar Pradesh,GHAZIABAD,2014,Kharif,Arhar/Tur,479,235,0.490605428
Uttar Pradesh,GHAZIABAD,2014,Kharif,Dry chillies,85,70,0.823529412
Uttar Pradesh,GHAZIABAD,2014,Kharif,Maize,104,245,2.355769231
Uttar Pradesh,GHAZIABAD,2014,Kharif,Rice,8650,23727,2.74300578
Uttar Pradesh,GHAZIABAD,2014,Kharif,Sugarcane,11136,750076,67.35596264
Uttar Pradesh,GHAZIABAD,2014,Kharif,Urad,19,10,0.526315789
Uttar Pradesh,GHAZIABAD,2014,Rabi,Barley,63,189,3
Uttar Pradesh,GHAZIABAD,2014,Rabi,Coriander,17,8,0.470588235
Uttar Pradesh,GHAZIABAD,2014,Rabi,Masoor,17,9,0.529411765
Uttar Pradesh,GHAZIABAD,2014,Rabi,Onion,1,15,15
Uttar Pradesh,GHAZIABAD,2014,Rabi,Peas & beans (Pulses),7,5,0.714285714
Uttar Pradesh,GHAZIABAD,2014,Rabi,Potato,477,9731,20.40041929
Uttar Pradesh,GHAZIABAD,2014,Rabi,Rapeseed &Mustard,1349,1310,0.971089696
Uttar Pradesh,GHAZIABAD,2014,Rabi,Wheat,26619,86645,3.255005823
Uttar Pradesh,GHAZIABAD,2014,Summer,Maize,13,23,1.769230769
Uttar Pradesh,GHAZIABAD,2014,Summer,Moong(Green Gram),10,8,0.8
Uttar Pradesh,GHAZIABAD,2014,Summer,Onion,3,45,15
Uttar Pradesh,GHAZIABAD,2014,Summer,Urad,22,12,0.545454545
Uttar Pradesh,GHAZIPUR,1997,Kharif,Arhar/Tur,5676,4369,0.769732206
Uttar Pradesh,GHAZIPUR,1997,Kharif,Bajra,11389,6892,0.605145316
Uttar Pradesh,GHAZIPUR,1997,Kharif,Groundnut,114,102,0.894736842
Uttar Pradesh,GHAZIPUR,1997,Kharif,Jowar,3701,3589,0.969737909
Uttar Pradesh,GHAZIPUR,1997,Kharif,Maize,1189,1675,1.408746846
Uttar Pradesh,GHAZIPUR,1997,Kharif,Moong(Green Gram),132,44,0.333333333
Uttar Pradesh,GHAZIPUR,1997,Kharif,Moth,11,6,0.545454545
Uttar Pradesh,GHAZIPUR,1997,Kharif,Oilseeds total,1064,868,0.815789474
Uttar Pradesh,GHAZIPUR,1997,Kharif,Onion,968,9571,9.887396694
Uttar Pradesh,GHAZIPUR,1997,Kharif,Rice,134838,298115,2.210912354
Uttar Pradesh,GHAZIPUR,1997,Kharif,Sesamum,59,9,0.152542373
Uttar Pradesh,GHAZIPUR,1997,Kharif,Small millets,36,29,0.805555556
Uttar Pradesh,GHAZIPUR,1997,Kharif,Total foodgrain,349071,680853,1.950471394
Uttar Pradesh,GHAZIPUR,1997,Kharif,Urad,788,567,0.719543147
Uttar Pradesh,GHAZIPUR,1997,Rabi,Barley,8060,9819,1.218238213
Uttar Pradesh,GHAZIPUR,1997,Rabi,Gram,11311,6248,0.552382636
Uttar Pradesh,GHAZIPUR,1997,Rabi,Linseed,104,39,0.375
Uttar Pradesh,GHAZIPUR,1997,Rabi,Masoor,13001,11298,0.869010076
Uttar Pradesh,GHAZIPUR,1997,Rabi,Peas & beans (Pulses),5381,6259,1.163166698
Uttar Pradesh,GHAZIPUR,1997,Rabi,Rapeseed &Mustard,740,654,0.883783784
Uttar Pradesh,GHAZIPUR,1997,Rabi,Sunflower,47,64,1.361702128
Uttar Pradesh,GHAZIPUR,1997,Rabi,Wheat,152800,331580,2.170026178
Uttar Pradesh,GHAZIPUR,1997,Summer,Maize,25,39,1.56
Uttar Pradesh,GHAZIPUR,1997,Summer,Moong(Green Gram),337,181,0.537091988
Uttar Pradesh,GHAZIPUR,1997,Summer,Urad,396,143,0.361111111
Uttar Pradesh,GHAZIPUR,1997,Whole Year,Potato,10045,97296,9.686012942
Uttar Pradesh,GHAZIPUR,1997,Whole Year,Sugarcane,11808,445776,37.75203252
Uttar Pradesh,GHAZIPUR,1998,Kharif,Arhar/Tur,6009,7082,1.178565485
Uttar Pradesh,GHAZIPUR,1998,Kharif,Bajra,11523,12346,1.071422373
Uttar Pradesh,GHAZIPUR,1998,Kharif,Groundnut,112,73,0.651785714
Uttar Pradesh,GHAZIPUR,1998,Kharif,Jowar,3829,2630,0.686863411
Uttar Pradesh,GHAZIPUR,1998,Kharif,Maize,1181,677,0.573243014
Uttar Pradesh,GHAZIPUR,1998,Kharif,Moong(Green Gram),288,97,0.336805556
Uttar Pradesh,GHAZIPUR,1998,Kharif,Rice,134616,265915,1.975359541
Uttar Pradesh,GHAZIPUR,1998,Kharif,Sesamum,53,6,0.113207547
Uttar Pradesh,GHAZIPUR,1998,Kharif,Small millets,27,15,0.555555556
Uttar Pradesh,GHAZIPUR,1998,Kharif,Urad,817,380,0.465116279
Uttar Pradesh,GHAZIPUR,1998,Rabi,Barley,7929,9904,1.249085635
Uttar Pradesh,GHAZIPUR,1998,Rabi,Gram,11028,9295,0.842854552
Uttar Pradesh,GHAZIPUR,1998,Rabi,Linseed,118,32,0.271186441
Uttar Pradesh,GHAZIPUR,1998,Rabi,Masoor,13543,11119,0.821014546
Uttar Pradesh,GHAZIPUR,1998,Rabi,Peas & beans (Pulses),4671,4891,1.047099122
Uttar Pradesh,GHAZIPUR,1998,Rabi,Rapeseed &Mustard,891,423,0.474747475
Uttar Pradesh,GHAZIPUR,1998,Rabi,Sunflower,31,38,1.225806452
Uttar Pradesh,GHAZIPUR,1998,Rabi,Wheat,156085,321252,2.058186245
Uttar Pradesh,GHAZIPUR,1998,Summer,Maize,14,14,1
Uttar Pradesh,GHAZIPUR,1998,Summer,Moong(Green Gram),307,133,0.433224756
Uttar Pradesh,GHAZIPUR,1998,Summer,Urad,446,348,0.780269058
Uttar Pradesh,GHAZIPUR,1998,Whole Year,Onion,881,10427,11.8354143
Uttar Pradesh,GHAZIPUR,1998,Whole Year,Potato,10544,224134,21.25701821
Uttar Pradesh,GHAZIPUR,1998,Whole Year,Sannhamp,66,24,0.363636364
Uttar Pradesh,GHAZIPUR,1998,Whole Year,Sugarcane,12229,529418,43.29201079
Uttar Pradesh,GHAZIPUR,1999,Kharif,Arhar/Tur,6020,8571,1.423754153
Uttar Pradesh,GHAZIPUR,1999,Kharif,Bajra,10919,10415,0.953841927
Uttar Pradesh,GHAZIPUR,1999,Kharif,Groundnut,124,103,0.830645161
Uttar Pradesh,GHAZIPUR,1999,Kharif,Jowar,3758,3276,0.871740287
Uttar Pradesh,GHAZIPUR,1999,Kharif,Maize,1182,1352,1.143824027
Uttar Pradesh,GHAZIPUR,1999,Kharif,Moong(Green Gram),140,65,0.464285714
Uttar Pradesh,GHAZIPUR,1999,Kharif,Rice,136533,314658,2.30462965
Uttar Pradesh,GHAZIPUR,1999,Kharif,Small millets,27,15,0.555555556
Uttar Pradesh,GHAZIPUR,1999,Kharif,Sunflower,28,36,1.285714286
Uttar Pradesh,GHAZIPUR,1999,Kharif,Urad,876,330,0.376712329
Uttar Pradesh,GHAZIPUR,1999,Rabi,Barley,7962,13685,1.718789249
Uttar Pradesh,GHAZIPUR,1999,Rabi,Gram,9860,9623,0.975963489
Uttar Pradesh,GHAZIPUR,1999,Rabi,Linseed,89,39,0.438202247
Uttar Pradesh,GHAZIPUR,1999,Rabi,Maize,16,23,1.4375
Uttar Pradesh,GHAZIPUR,1999,Rabi,Rapeseed &Mustard,548,424,0.773722628
Uttar Pradesh,GHAZIPUR,1999,Rabi,Wheat,158525,359991,2.27087841
Uttar Pradesh,GHAZIPUR,1999,Summer,Moong(Green Gram),304,224,0.736842105
Uttar Pradesh,GHAZIPUR,1999,Summer,Urad,461,314,0.681127983
Uttar Pradesh,GHAZIPUR,1999,Whole Year,Onion,871,11007,12.63719862
Uttar Pradesh,GHAZIPUR,1999,Whole Year,Peas & beans (Pulses),5597,5804,1.036984099
Uttar Pradesh,GHAZIPUR,1999,Whole Year,Potato,10090,193637,19.19098117
Uttar Pradesh,GHAZIPUR,1999,Whole Year,Sugarcane,11972,496407,41.46399933
Uttar Pradesh,GHAZIPUR,2000,Kharif,Arhar/Tur,6206,10282,1.656783758
Uttar Pradesh,GHAZIPUR,2000,Kharif,Bajra,9888,12202,1.234021036
Uttar Pradesh,GHAZIPUR,2000,Kharif,Groundnut,135,113,0.837037037
Uttar Pradesh,GHAZIPUR,2000,Kharif,Jowar,3746,7058,1.884143086
Uttar Pradesh,GHAZIPUR,2000,Kharif,Maize,1148,1609,1.401567944
Uttar Pradesh,GHAZIPUR,2000,Kharif,Moong(Green Gram),139,42,0.302158273
Uttar Pradesh,GHAZIPUR,2000,Kharif,Rice,137877,261830,1.899011438
Uttar Pradesh,GHAZIPUR,2000,Kharif,Sesamum,216,35,0.162037037
Uttar Pradesh,GHAZIPUR,2000,Kharif,Small millets,14,9,0.642857143
Uttar Pradesh,GHAZIPUR,2000,Kharif,Urad,921,643,0.69815418
Uttar Pradesh,GHAZIPUR,2000,Rabi,Barley,7615,9705,1.274458306
Uttar Pradesh,GHAZIPUR,2000,Rabi,Gram,9356,8636,0.923044036
Uttar Pradesh,GHAZIPUR,2000,Rabi,Linseed,54,23,0.425925926
Uttar Pradesh,GHAZIPUR,2000,Rabi,Maize,15,24,1.6
Uttar Pradesh,GHAZIPUR,2000,Rabi,Masoor,14052,12928,0.920011386
Uttar Pradesh,GHAZIPUR,2000,Rabi,Moong(Green Gram),250,143,0.572
Uttar Pradesh,GHAZIPUR,2000,Rabi,Peas & beans (Pulses),5675,6730,1.185903084
Uttar Pradesh,GHAZIPUR,2000,Rabi,Rapeseed &Mustard,524,525,1.001908397
Uttar Pradesh,GHAZIPUR,2000,Rabi,Urad,465,208,0.447311828
Uttar Pradesh,GHAZIPUR,2000,Rabi,Wheat,159280,370621,2.326852084
Uttar Pradesh,GHAZIPUR,2000,Whole Year,Potato,9857,224523,22.77802577
Uttar Pradesh,GHAZIPUR,2000,Whole Year,Sugarcane,11950,504230,42.19497908
Uttar Pradesh,GHAZIPUR,2001,Kharif,Arhar/Tur,5753,6860,1.192421345
Uttar Pradesh,GHAZIPUR,2001,Kharif,Bajra,9760,9514,0.974795082
Uttar Pradesh,GHAZIPUR,2001,Kharif,Groundnut,90,75,0.833333333
Uttar Pradesh,GHAZIPUR,2001,Kharif,Jowar,3443,3717,1.07958176
Uttar Pradesh,GHAZIPUR,2001,Kharif,Maize,675,1128,1.671111111
Uttar Pradesh,GHAZIPUR,2001,Kharif,Moong(Green Gram),56,15,0.267857143
Uttar Pradesh,GHAZIPUR,2001,Kharif,Moth,1,0.1,0.1
Uttar Pradesh,GHAZIPUR,2001,Kharif,Rice,156348,343647,2.197962238
Uttar Pradesh,GHAZIPUR,2001,Kharif,Sesamum,37,9,0.243243243
Uttar Pradesh,GHAZIPUR,2001,Kharif,Small millets,9,6,0.666666667
Uttar Pradesh,GHAZIPUR,2001,Kharif,Sunflower,11,21,1.909090909
Uttar Pradesh,GHAZIPUR,2001,Kharif,Urad,690,456,0.660869565
Uttar Pradesh,GHAZIPUR,2001,Rabi,Barley,6953,11665,1.677693082
Uttar Pradesh,GHAZIPUR,2001,Rabi,Gram,5980,5828,0.97458194
Uttar Pradesh,GHAZIPUR,2001,Rabi,Linseed,61,23,0.37704918
Uttar Pradesh,GHAZIPUR,2001,Rabi,Maize,24,39,1.625
Uttar Pradesh,GHAZIPUR,2001,Rabi,Masoor,17494,16164,0.923973934
Uttar Pradesh,GHAZIPUR,2001,Rabi,Peas & beans (Pulses),5503,4463,0.811012175
Uttar Pradesh,GHAZIPUR,2001,Rabi,Rapeseed &Mustard,523,531,1.015296367
Uttar Pradesh,GHAZIPUR,2001,Rabi,Urad,667,351,0.526236882
Uttar Pradesh,GHAZIPUR,2001,Rabi,Wheat,160607,362010,2.254011344
Uttar Pradesh,GHAZIPUR,2001,Whole Year,Potato,7601,135761,17.86093935
Uttar Pradesh,GHAZIPUR,2001,Whole Year,Sugarcane,9747,430544,44.17195034
Uttar Pradesh,GHAZIPUR,2001,Whole Year,Turmeric,3,5,1.666666667
Uttar Pradesh,GHAZIPUR,2002,Kharif,Bajra,9833,10310,1.048510119
Uttar Pradesh,GHAZIPUR,2002,Kharif,Groundnut,80,52,0.65
Uttar Pradesh,GHAZIPUR,2002,Kharif,Jowar,3697,4145,1.121179335
Uttar Pradesh,GHAZIPUR,2002,Kharif,Maize,614,799,1.301302932
Uttar Pradesh,GHAZIPUR,2002,Kharif,Moong(Green Gram),68,46,0.676470588
Uttar Pradesh,GHAZIPUR,2002,Kharif,Rice,151011,298868,1.979114104
Uttar Pradesh,GHAZIPUR,2002,Kharif,Sesamum,49,8,0.163265306
Uttar Pradesh,GHAZIPUR,2002,Kharif,Small millets,19,25,1.315789474
Uttar Pradesh,GHAZIPUR,2002,Kharif,Sunflower,9,13,1.444444444
Uttar Pradesh,GHAZIPUR,2002,Kharif,Urad,619,375,0.605815832
Uttar Pradesh,GHAZIPUR,2002,Rabi,Barley,6874,11128,1.618853651
Uttar Pradesh,GHAZIPUR,2002,Rabi,Gram,6009,5064,0.842735896
Uttar Pradesh,GHAZIPUR,2002,Rabi,Linseed,39,8,0.205128205
Uttar Pradesh,GHAZIPUR,2002,Rabi,Maize,37,41,1.108108108
Uttar Pradesh,GHAZIPUR,2002,Rabi,Masoor,16420,14335,0.873020706
Uttar Pradesh,GHAZIPUR,2002,Rabi,Onion,560,5779,10.31964286
Uttar Pradesh,GHAZIPUR,2002,Rabi,Peas & beans (Pulses),5021,6226,1.239992033
Uttar Pradesh,GHAZIPUR,2002,Rabi,Ragi,15,22,1.466666667
Uttar Pradesh,GHAZIPUR,2002,Rabi,Rapeseed &Mustard,355,318,0.895774648
Uttar Pradesh,GHAZIPUR,2002,Rabi,Wheat,164069,297781,1.814974188
Uttar Pradesh,GHAZIPUR,2002,Summer,Moong(Green Gram),246,144,0.585365854
Uttar Pradesh,GHAZIPUR,2002,Summer,Onion,438,4897,11.1803653
Uttar Pradesh,GHAZIPUR,2002,Summer,Urad,701,334,0.476462197
Uttar Pradesh,GHAZIPUR,2002,Whole Year,Potato,7604,184024,24.20094687
Uttar Pradesh,GHAZIPUR,2002,Whole Year,Sannhamp,10,3,0.3
Uttar Pradesh,GHAZIPUR,2002,Whole Year,Sugarcane,8743,354651,40.56399405
Uttar Pradesh,GHAZIPUR,2003,Kharif,Arhar/Tur,5936,5548,0.934636119
Uttar Pradesh,GHAZIPUR,2003,Kharif,Bajra,11293,10696,0.947135394
Uttar Pradesh,GHAZIPUR,2003,Kharif,Groundnut,74,50,0.675675676
Uttar Pradesh,GHAZIPUR,2003,Kharif,Jowar,3556,2985,0.839426322
Uttar Pradesh,GHAZIPUR,2003,Kharif,Maize,597,986,1.65159129
Uttar Pradesh,GHAZIPUR,2003,Kharif,Moong(Green Gram),51,12,0.235294118
Uttar Pradesh,GHAZIPUR,2003,Kharif,Rice,155599,344404,2.213407541
Uttar Pradesh,GHAZIPUR,2003,Kharif,Sesamum,49,6,0.12244898
Uttar Pradesh,GHAZIPUR,2003,Kharif,Sunflower,10,16,1.6
Uttar Pradesh,GHAZIPUR,2003,Kharif,Urad,537,224,0.417132216
Uttar Pradesh,GHAZIPUR,2003,Rabi,Barley,7118,10474,1.471480753
Uttar Pradesh,GHAZIPUR,2003,Rabi,Gram,4772,4467,0.936085499
Uttar Pradesh,GHAZIPUR,2003,Rabi,Linseed,90,46,0.511111111
Uttar Pradesh,GHAZIPUR,2003,Rabi,Maize,4,6,1.5
Uttar Pradesh,GHAZIPUR,2003,Rabi,Masoor,14687,14819,1.00898754
Uttar Pradesh,GHAZIPUR,2003,Rabi,Onion,534,7664,14.35205993
Uttar Pradesh,GHAZIPUR,2003,Rabi,Peas & beans (Pulses),4034,4470,1.108081309
Uttar Pradesh,GHAZIPUR,2003,Rabi,Ragi,7,10,1.428571429
Uttar Pradesh,GHAZIPUR,2003,Rabi,Rapeseed &Mustard,368,366,0.994565217
Uttar Pradesh,GHAZIPUR,2003,Rabi,Wheat,166184,376858,2.267715304
Uttar Pradesh,GHAZIPUR,2003,Summer,Maize,39,53,1.358974359
Uttar Pradesh,GHAZIPUR,2003,Summer,Moong(Green Gram),225,136,0.604444444
Uttar Pradesh,GHAZIPUR,2003,Summer,Onion,410,3371,8.22195122
Uttar Pradesh,GHAZIPUR,2003,Summer,Urad,728,438,0.601648352
Uttar Pradesh,GHAZIPUR,2003,Whole Year,Potato,7794,174352,22.37002823
Uttar Pradesh,GHAZIPUR,2003,Whole Year,Sannhamp,12,4,0.333333333
Uttar Pradesh,GHAZIPUR,2003,Whole Year,Sugarcane,8203,293471,35.77605754
Uttar Pradesh,GHAZIPUR,2003,Whole Year,Turmeric,2,3,1.5
Uttar Pradesh,GHAZIPUR,2004,Kharif,Bajra,12630,18509,1.465479018
Uttar Pradesh,GHAZIPUR,2004,Kharif,Groundnut,210,173,0.823809524
Uttar Pradesh,GHAZIPUR,2004,Kharif,Jowar,3293,4191,1.272699666
Uttar Pradesh,GHAZIPUR,2004,Kharif,Maize,652,1336,2.049079755
Uttar Pradesh,GHAZIPUR,2004,Kharif,Rice,151689,157236,1.036568242
Uttar Pradesh,GHAZIPUR,2004,Kharif,Sannhamp,5,1,0.2
Uttar Pradesh,GHAZIPUR,2004,Kharif,Sesamum,47,7,0.14893617
Uttar Pradesh,GHAZIPUR,2004,Kharif,Sugarcane,7372,299017,40.56117743
Uttar Pradesh,GHAZIPUR,2004,Rabi,Barley,6701,8898,1.327861513
Uttar Pradesh,GHAZIPUR,2004,Rabi,Gram,4411,3992,0.905010202
Uttar Pradesh,GHAZIPUR,2004,Rabi,Linseed,20,10,0.5
Uttar Pradesh,GHAZIPUR,2004,Rabi,Maize,6,28,4.666666667
Uttar Pradesh,GHAZIPUR,2004,Rabi,Potato,7720,133170,17.25
Uttar Pradesh,GHAZIPUR,2004,Rabi,Rapeseed &Mustard,388,385,0.992268041
Uttar Pradesh,GHAZIPUR,2004,Rabi,Turmeric,1,2,2
Uttar Pradesh,GHAZIPUR,2004,Rabi,Wheat,166153,301366,1.813786089
Uttar Pradesh,GHAZIPUR,2004,Summer,Sunflower,7,14,2
Uttar Pradesh,GHAZIPUR,2004,Whole Year,Dry chillies,622,584,0.938906752
Uttar Pradesh,GHAZIPUR,2004,Whole Year,Guar seed,21,18,0.857142857
Uttar Pradesh,GHAZIPUR,2004,Whole Year,Onion,851,9534,11.20329025
Uttar Pradesh,GHAZIPUR,2004,Whole Year,Sweet potato,9,105,11.66666667
Uttar Pradesh,GHAZIPUR,2005,Kharif,Bajra,7043,9630,1.367315065
Uttar Pradesh,GHAZIPUR,2005,Kharif,Jowar,2432,3910,1.607730263
Uttar Pradesh,GHAZIPUR,2005,Kharif,Maize,123,180,1.463414634
Uttar Pradesh,GHAZIPUR,2005,Kharif,Rice,144930,278990,1.924998275
Uttar Pradesh,GHAZIPUR,2005,Kharif,Sannhamp,8,3,0.375
Uttar Pradesh,GHAZIPUR,2005,Kharif,Sesamum,49,8,0.163265306
Uttar Pradesh,GHAZIPUR,2005,Kharif,Small millets,5,3,0.6
Uttar Pradesh,GHAZIPUR,2005,Kharif,Sugarcane,8601,401285,46.65562144
Uttar Pradesh,GHAZIPUR,2005,Rabi,Barley,5711,10932,1.914200665
Uttar Pradesh,GHAZIPUR,2005,Rabi,Gram,4359,4026,0.923606332
Uttar Pradesh,GHAZIPUR,2005,Rabi,Linseed,90,32,0.355555556
Uttar Pradesh,GHAZIPUR,2005,Rabi,Potato,4909,128689,26.21491139
Uttar Pradesh,GHAZIPUR,2005,Rabi,Rapeseed &Mustard,532,616,1.157894737
Uttar Pradesh,GHAZIPUR,2005,Rabi,Turmeric,2,9,4.5
Uttar Pradesh,GHAZIPUR,2005,Rabi,Wheat,166891,366826,2.197997495
Uttar Pradesh,GHAZIPUR,2005,Summer,Sunflower,15,19,1.266666667
Uttar Pradesh,GHAZIPUR,2005,Whole Year,Coriander,18,11,0.611111111
Uttar Pradesh,GHAZIPUR,2005,Whole Year,Dry chillies,668,610,0.913173653
Uttar Pradesh,GHAZIPUR,2005,Whole Year,Garlic,12,52,4.333333333
Uttar Pradesh,GHAZIPUR,2005,Whole Year,Guar seed,23,19,0.826086957
Uttar Pradesh,GHAZIPUR,2005,Whole Year,Onion,1009,12957,12.84142716
Uttar Pradesh,GHAZIPUR,2005,Whole Year,Sweet potato,6,78,13
Uttar Pradesh,GHAZIPUR,2006,Kharif,Arhar/Tur,7005,6684,0.954175589
Uttar Pradesh,GHAZIPUR,2006,Kharif,Bajra,13981,19793,1.415707031
Uttar Pradesh,GHAZIPUR,2006,Kharif,Groundnut,119,86,0.722689076
Uttar Pradesh,GHAZIPUR,2006,Kharif,Jowar,3753,5533,1.474287237
Uttar Pradesh,GHAZIPUR,2006,Kharif,Maize,667,881,1.32083958
Uttar Pradesh,GHAZIPUR,2006,Kharif,Other Kharif pulses,1942,1175,0.605046344
Uttar Pradesh,GHAZIPUR,2006,Kharif,Rice,149754,288576,1.92700028
Uttar Pradesh,GHAZIPUR,2006,Kharif,Sannhamp,6,2,0.333333333
Uttar Pradesh,GHAZIPUR,2006,Kharif,Sesamum,57,10,0.175438596
Uttar Pradesh,GHAZIPUR,2006,Kharif,Sugarcane,7448,393277,52.80303437
Uttar Pradesh,GHAZIPUR,2006,Kharif,Sweet potato,7,95,13.57142857
Uttar Pradesh,GHAZIPUR,2006,Rabi,Barley,4484,7141,1.592551293
Uttar Pradesh,GHAZIPUR,2006,Rabi,Garlic,38,167,4.394736842
Uttar Pradesh,GHAZIPUR,2006,Rabi,Gram,2680,2314,0.863432836
Uttar Pradesh,GHAZIPUR,2006,Rabi,Linseed,20,8,0.4
Uttar Pradesh,GHAZIPUR,2006,Rabi,Maize,9,28,3.111111111
Uttar Pradesh,GHAZIPUR,2006,Rabi,Masoor,15287,12887,0.843003859
Uttar Pradesh,GHAZIPUR,2006,Rabi,Onion,414,7942,19.18357488
Uttar Pradesh,GHAZIPUR,2006,Rabi,Other  Rabi pulses,7849,8391,1.069053383
Uttar Pradesh,GHAZIPUR,2006,Rabi,Potato,7262,184186,25.3629854
Uttar Pradesh,GHAZIPUR,2006,Rabi,Rapeseed &Mustard,392,404,1.030612245
Uttar Pradesh,GHAZIPUR,2006,Rabi,Turmeric,1,3,3
Uttar Pradesh,GHAZIPUR,2006,Rabi,Wheat,166359,403735,2.426890039
Uttar Pradesh,GHAZIPUR,2006,Summer,Maize,87,115,1.32183908
Uttar Pradesh,GHAZIPUR,2006,Summer,Onion,427,4972,11.6440281
Uttar Pradesh,GHAZIPUR,2006,Summer,Sunflower,16,24,1.5
Uttar Pradesh,GHAZIPUR,2006,Whole Year,Coriander,17,9,0.529411765
Uttar Pradesh,GHAZIPUR,2006,Whole Year,Dry chillies,606,575,0.948844884
Uttar Pradesh,GHAZIPUR,2006,Whole Year,Guar seed,22,18,0.818181818
Uttar Pradesh,GHAZIPUR,2007,Kharif,Arhar/Tur,6045,6270,1.037220844
Uttar Pradesh,GHAZIPUR,2007,Kharif,Bajra,13982,19875,1.421470462
Uttar Pradesh,GHAZIPUR,2007,Kharif,Dry chillies,662,638,0.963746224
Uttar Pradesh,GHAZIPUR,2007,Kharif,Dry ginger,3,7,2.333333333
Uttar Pradesh,GHAZIPUR,2007,Kharif,Groundnut,100,60,0.6
Uttar Pradesh,GHAZIPUR,2007,Kharif,Guar seed,6,5,0.833333333
Uttar Pradesh,GHAZIPUR,2007,Kharif,Jowar,2949,5114,1.734147169
Uttar Pradesh,GHAZIPUR,2007,Kharif,Maize,438,615,1.404109589
Uttar Pradesh,GHAZIPUR,2007,Kharif,Moong(Green Gram),55,11,0.2
Uttar Pradesh,GHAZIPUR,2007,Kharif,Rice,149871,324021,2.161999319
Uttar Pradesh,GHAZIPUR,2007,Kharif,Sannhamp,18,4,0.222222222
Uttar Pradesh,GHAZIPUR,2007,Kharif,Sesamum,57,9,0.157894737
Uttar Pradesh,GHAZIPUR,2007,Kharif,Sugarcane,7422,374073,50.40056589
Uttar Pradesh,GHAZIPUR,2007,Kharif,Sweet potato,3,40,13.33333333
Uttar Pradesh,GHAZIPUR,2007,Kharif,Urad,616,530,0.86038961
Uttar Pradesh,GHAZIPUR,2007,Rabi,Barley,5675,10923,1.924757709
Uttar Pradesh,GHAZIPUR,2007,Rabi,Coriander,19,11,0.578947368
Uttar Pradesh,GHAZIPUR,2007,Rabi,Gram,1277,1073,0.840250587
Uttar Pradesh,GHAZIPUR,2007,Rabi,Linseed,9,3,0.333333333
Uttar Pradesh,GHAZIPUR,2007,Rabi,Maize,11,31,2.818181818
Uttar Pradesh,GHAZIPUR,2007,Rabi,Masoor,15309,14528,0.948984258
Uttar Pradesh,GHAZIPUR,2007,Rabi,Onion,453,6330,13.97350993
Uttar Pradesh,GHAZIPUR,2007,Rabi,Other  Rabi pulses,2214,3673,1.658988257
Uttar Pradesh,GHAZIPUR,2007,Rabi,Potato,8607,181289,21.062972
Uttar Pradesh,GHAZIPUR,2007,Rabi,Rapeseed &Mustard,453,524,1.156732892
Uttar Pradesh,GHAZIPUR,2007,Rabi,Turmeric,2,6,3
Uttar Pradesh,GHAZIPUR,2007,Rabi,Wheat,167715,405963,2.420552723
Uttar Pradesh,GHAZIPUR,2007,Summer,Maize,67,96,1.432835821
Uttar Pradesh,GHAZIPUR,2007,Summer,Moong(Green Gram),333,181,0.543543544
Uttar Pradesh,GHAZIPUR,2007,Summer,Onion,610,7723,12.66065574
Uttar Pradesh,GHAZIPUR,2007,Summer,Sunflower,15,24,1.6
Uttar Pradesh,GHAZIPUR,2007,Summer,Urad,745,396,0.531543624
Uttar Pradesh,GHAZIPUR,2008,Kharif,Arhar/Tur,5430,4314,0.794475138
Uttar Pradesh,GHAZIPUR,2008,Kharif,Bajra,12511,17607,1.407321557
Uttar Pradesh,GHAZIPUR,2008,Kharif,Dry chillies,591,589,0.996615905
Uttar Pradesh,GHAZIPUR,2008,Kharif,Groundnut,14,10,0.714285714
Uttar Pradesh,GHAZIPUR,2008,Kharif,Guar seed,24,20,0.833333333
Uttar Pradesh,GHAZIPUR,2008,Kharif,Jowar,2872,3510,1.222144847
Uttar Pradesh,GHAZIPUR,2008,Kharif,Maize,590,779,1.320338983
Uttar Pradesh,GHAZIPUR,2008,Kharif,Moong(Green Gram),70,26,0.371428571
Uttar Pradesh,GHAZIPUR,2008,Kharif,Rice,151654,339402,2.238002295
Uttar Pradesh,GHAZIPUR,2008,Kharif,Sannhamp,4,1,0.25
Uttar Pradesh,GHAZIPUR,2008,Kharif,Sugarcane,5485,201563,36.74804011
Uttar Pradesh,GHAZIPUR,2008,Kharif,Sweet potato,5,61,12.2
Uttar Pradesh,GHAZIPUR,2008,Kharif,Urad,586,270,0.460750853
Uttar Pradesh,GHAZIPUR,2008,Rabi,Barley,6416,11628,1.81234414
Uttar Pradesh,GHAZIPUR,2008,Rabi,Coriander,15,10,0.666666667
Uttar Pradesh,GHAZIPUR,2008,Rabi,Garlic,11,65,5.909090909
Uttar Pradesh,GHAZIPUR,2008,Rabi,Gram,4326,4669,1.079288026
Uttar Pradesh,GHAZIPUR,2008,Rabi,Linseed,4,1,0.25
Uttar Pradesh,GHAZIPUR,2008,Rabi,Maize,82,216,2.634146341
Uttar Pradesh,GHAZIPUR,2008,Rabi,Masoor,10415,13165,1.264042247
Uttar Pradesh,GHAZIPUR,2008,Rabi,Onion,395,4630,11.72151899
Uttar Pradesh,GHAZIPUR,2008,Rabi,Peas & beans (Pulses),4726,5411,1.144942869
Uttar Pradesh,GHAZIPUR,2008,Rabi,Potato,8550,116348,13.60795322
Uttar Pradesh,GHAZIPUR,2008,Rabi,Rapeseed &Mustard,417,470,1.127098321
Uttar Pradesh,GHAZIPUR,2008,Rabi,Wheat,173793,462247,2.659756147
Uttar Pradesh,GHAZIPUR,2008,Summer,Maize,74,111,1.5
Uttar Pradesh,GHAZIPUR,2008,Summer,Moong(Green Gram),325,271,0.833846154
Uttar Pradesh,GHAZIPUR,2008,Summer,Sunflower,9,17,1.888888889
Uttar Pradesh,GHAZIPUR,2008,Summer,Urad,810,490,0.604938272
Uttar Pradesh,GHAZIPUR,2009,Kharif,Arhar/Tur,6715,3848,0.573045421
Uttar Pradesh,GHAZIPUR,2009,Kharif,Bajra,13615,21752,1.597649651
Uttar Pradesh,GHAZIPUR,2009,Kharif,Dry chillies,630,555,0.880952381
Uttar Pradesh,GHAZIPUR,2009,Kharif,Groundnut,62,42,0.677419355
Uttar Pradesh,GHAZIPUR,2009,Kharif,Guar seed,19,16,0.842105263
Uttar Pradesh,GHAZIPUR,2009,Kharif,Jowar,3122,3448,1.104420243
Uttar Pradesh,GHAZIPUR,2009,Kharif,Maize,675,987,1.462222222
Uttar Pradesh,GHAZIPUR,2009,Kharif,Moong(Green Gram),80,12,0.15
Uttar Pradesh,GHAZIPUR,2009,Kharif,Rice,121103,224041,1.850003716
Uttar Pradesh,GHAZIPUR,2009,Kharif,Sannhamp,32,6,0.1875
Uttar Pradesh,GHAZIPUR,2009,Kharif,Sesamum,61,6,0.098360656
Uttar Pradesh,GHAZIPUR,2009,Kharif,Sugarcane,4553,162342,35.65605096
Uttar Pradesh,GHAZIPUR,2009,Kharif,Sweet potato,3,41,13.66666667
Uttar Pradesh,GHAZIPUR,2009,Kharif,Urad,690,264,0.382608696
Uttar Pradesh,GHAZIPUR,2009,Rabi,Barley,7244,13177,1.819022639
Uttar Pradesh,GHAZIPUR,2009,Rabi,Coriander,14,8,0.571428571
Uttar Pradesh,GHAZIPUR,2009,Rabi,Garlic,12,64,5.333333333
Uttar Pradesh,GHAZIPUR,2009,Rabi,Gram,4307,3801,0.882516833
Uttar Pradesh,GHAZIPUR,2009,Rabi,Masoor,10578,10832,1.024012101
Uttar Pradesh,GHAZIPUR,2009,Rabi,Onion,434,7941,18.29723502
Uttar Pradesh,GHAZIPUR,2009,Rabi,Peas & beans (Pulses),4953,5592,1.12901272
Uttar Pradesh,GHAZIPUR,2009,Rabi,Potato,8559,195445,22.83502746
Uttar Pradesh,GHAZIPUR,2009,Rabi,Rapeseed &Mustard,442,493,1.115384615
Uttar Pradesh,GHAZIPUR,2009,Rabi,Turmeric,3,10,3.333333333
Uttar Pradesh,GHAZIPUR,2009,Rabi,Wheat,169681,394808,2.326766108
Uttar Pradesh,GHAZIPUR,2009,Summer,Maize,166,242,1.457831325
Uttar Pradesh,GHAZIPUR,2009,Summer,Moong(Green Gram),327,325,0.993883792
Uttar Pradesh,GHAZIPUR,2009,Summer,Onion,455,6838,15.02857143
Uttar Pradesh,GHAZIPUR,2009,Summer,Sunflower,5,11,2.2
Uttar Pradesh,GHAZIPUR,2009,Summer,Urad,814,659,0.80958231
Uttar Pradesh,GHAZIPUR,2010,Kharif,Arhar/Tur,6121,4730,0.772749551
Uttar Pradesh,GHAZIPUR,2010,Kharif,Bajra,15333,21554,1.405726211
Uttar Pradesh,GHAZIPUR,2010,Kharif,Dry chillies,587,513,0.873935264
Uttar Pradesh,GHAZIPUR,2010,Kharif,Dry ginger,1,3,3
Uttar Pradesh,GHAZIPUR,2010,Kharif,Groundnut,55,54,0.981818182
Uttar Pradesh,GHAZIPUR,2010,Kharif,Guar seed,19,16,0.842105263
Uttar Pradesh,GHAZIPUR,2010,Kharif,Jowar,3165,3836,1.212006319
Uttar Pradesh,GHAZIPUR,2010,Kharif,Maize,675,993,1.471111111
Uttar Pradesh,GHAZIPUR,2010,Kharif,Moong(Green Gram),46,22,0.47826087
Uttar Pradesh,GHAZIPUR,2010,Kharif,Rice,149321,314321,2.105001976
Uttar Pradesh,GHAZIPUR,2010,Kharif,Sannhamp,5,2,0.4
Uttar Pradesh,GHAZIPUR,2010,Kharif,Sesamum,53,10,0.188679245
Uttar Pradesh,GHAZIPUR,2010,Kharif,Sugarcane,7250,214861,29.636
Uttar Pradesh,GHAZIPUR,2010,Kharif,Urad,690,466,0.675362319
Uttar Pradesh,GHAZIPUR,2010,Rabi,Barley,7232,13306,1.839878319
Uttar Pradesh,GHAZIPUR,2010,Rabi,Gram,4213,4070,0.966057441
Uttar Pradesh,GHAZIPUR,2010,Rabi,Maize,120,361,3.008333333
Uttar Pradesh,GHAZIPUR,2010,Rabi,Masoor,10829,9779,0.903038138
Uttar Pradesh,GHAZIPUR,2010,Rabi,Onion,477,8781,18.40880503
Uttar Pradesh,GHAZIPUR,2010,Rabi,Peas & beans (Pulses),3581,5916,1.652052499
Uttar Pradesh,GHAZIPUR,2010,Rabi,Potato,8429,173241,20.55297188
Uttar Pradesh,GHAZIPUR,2010,Rabi,Rapeseed &Mustard,423,506,1.196217494
Uttar Pradesh,GHAZIPUR,2010,Rabi,Turmeric,1,3,3
Uttar Pradesh,GHAZIPUR,2010,Rabi,Wheat,171211,462161,2.699365111
Uttar Pradesh,GHAZIPUR,2010,Summer,Maize,57,84,1.473684211
Uttar Pradesh,GHAZIPUR,2010,Summer,Moong(Green Gram),336,338,1.005952381
Uttar Pradesh,GHAZIPUR,2010,Summer,Sunflower,25,53,2.12
Uttar Pradesh,GHAZIPUR,2010,Summer,Urad,652,481,0.737730061
Uttar Pradesh,GHAZIPUR,2011,Kharif,Arhar/Tur,5928,5500,0.92780027
Uttar Pradesh,GHAZIPUR,2011,Kharif,Bajra,11325,17345,1.531567329
Uttar Pradesh,GHAZIPUR,2011,Kharif,Dry chillies,615,510,0.829268293
Uttar Pradesh,GHAZIPUR,2011,Kharif,Dry ginger,1,3,3
Uttar Pradesh,GHAZIPUR,2011,Kharif,Groundnut,53,53,1
Uttar Pradesh,GHAZIPUR,2011,Kharif,Guar seed,16,13,0.8125
Uttar Pradesh,GHAZIPUR,2011,Kharif,Jowar,2878,3047,1.058721334
Uttar Pradesh,GHAZIPUR,2011,Kharif,Maize,586,855,1.459044369
Uttar Pradesh,GHAZIPUR,2011,Kharif,Moong(Green Gram),88,37,0.420454545
Uttar Pradesh,GHAZIPUR,2011,Kharif,Rice,154085,336830,2.186001233
Uttar Pradesh,GHAZIPUR,2011,Kharif,Sannhamp,9,3,0.333333333
Uttar Pradesh,GHAZIPUR,2011,Kharif,Sesamum,43,9,0.209302326
Uttar Pradesh,GHAZIPUR,2011,Kharif,Sugarcane,7530,345808,45.92403718
Uttar Pradesh,GHAZIPUR,2011,Kharif,Sweet potato,4,52,13
Uttar Pradesh,GHAZIPUR,2011,Kharif,Urad,590,395,0.669491525
Uttar Pradesh,GHAZIPUR,2011,Rabi,Barley,6678,13761,2.0606469
Uttar Pradesh,GHAZIPUR,2011,Rabi,Coriander,14,8,0.571428571
Uttar Pradesh,GHAZIPUR,2011,Rabi,Garlic,10,52,5.2
Uttar Pradesh,GHAZIPUR,2011,Rabi,Gram,4218,5213,1.235893789
Uttar Pradesh,GHAZIPUR,2011,Rabi,Maize,19,45,2.368421053
Uttar Pradesh,GHAZIPUR,2011,Rabi,Masoor,10770,11965,1.11095636
Uttar Pradesh,GHAZIPUR,2011,Rabi,Onion,551,12604,22.87477314
Uttar Pradesh,GHAZIPUR,2011,Rabi,Peas & beans (Pulses),3687,6460,1.75210198
Uttar Pradesh,GHAZIPUR,2011,Rabi,Potato,8141,151276,18.58199238
Uttar Pradesh,GHAZIPUR,2011,Rabi,Rapeseed &Mustard,431,592,1.373549884
Uttar Pradesh,GHAZIPUR,2011,Rabi,Turmeric,2,6,3
Uttar Pradesh,GHAZIPUR,2011,Rabi,Wheat,173018,486392,2.811221954
Uttar Pradesh,GHAZIPUR,2011,Summer,Maize,47,78,1.659574468
Uttar Pradesh,GHAZIPUR,2011,Summer,Moong(Green Gram),265,208,0.78490566
Uttar Pradesh,GHAZIPUR,2011,Summer,Onion,446,7301,16.36995516
Uttar Pradesh,GHAZIPUR,2011,Summer,Sunflower,23,39,1.695652174
Uttar Pradesh,GHAZIPUR,2011,Summer,Urad,687,583,0.848617176
Uttar Pradesh,GHAZIPUR,2012,Kharif,Arhar/Tur,5542,6311,1.138758571
Uttar Pradesh,GHAZIPUR,2012,Kharif,Bajra,16148,24455,1.514429031
Uttar Pradesh,GHAZIPUR,2012,Kharif,Dry chillies,331,266,0.803625378
Uttar Pradesh,GHAZIPUR,2012,Kharif,Guar seed,15,12,0.8
Uttar Pradesh,GHAZIPUR,2012,Kharif,Jowar,2270,4127,1.818061674
Uttar Pradesh,GHAZIPUR,2012,Kharif,Maize,587,1045,1.780238501
Uttar Pradesh,GHAZIPUR,2012,Kharif,Moong(Green Gram),37,19,0.513513514
Uttar Pradesh,GHAZIPUR,2012,Kharif,Rice,149175,348622,2.337000168
Uttar Pradesh,GHAZIPUR,2012,Kharif,Sannhamp,21,8,0.380952381
Uttar Pradesh,GHAZIPUR,2012,Kharif,Sesamum,47,9,0.191489362
Uttar Pradesh,GHAZIPUR,2012,Kharif,Sugarcane,7631,351972,46.12396803
Uttar Pradesh,GHAZIPUR,2012,Kharif,Urad,700,249,0.355714286
Uttar Pradesh,GHAZIPUR,2012,Rabi,Barley,7131,12781,1.792315243
Uttar Pradesh,GHAZIPUR,2012,Rabi,Coriander,13,7,0.538461538
Uttar Pradesh,GHAZIPUR,2012,Rabi,Garlic,8,41,5.125
Uttar Pradesh,GHAZIPUR,2012,Rabi,Gram,4304,4942,1.148234201
Uttar Pradesh,GHAZIPUR,2012,Rabi,Masoor,10884,11929,1.096012495
Uttar Pradesh,GHAZIPUR,2012,Rabi,Onion,512,11777,23.00195313
Uttar Pradesh,GHAZIPUR,2012,Rabi,Peas & beans (Pulses),3573,4548,1.272879933
Uttar Pradesh,GHAZIPUR,2012,Rabi,Potato,8328,177070,21.26200768
Uttar Pradesh,GHAZIPUR,2012,Rabi,Rapeseed &Mustard,449,566,1.260579065
Uttar Pradesh,GHAZIPUR,2012,Rabi,Turmeric,1,3,3
Uttar Pradesh,GHAZIPUR,2012,Rabi,Wheat,174612,501740,2.873456578
Uttar Pradesh,GHAZIPUR,2012,Summer,Maize,59,109,1.847457627
Uttar Pradesh,GHAZIPUR,2012,Summer,Moong(Green Gram),230,213,0.926086957
Uttar Pradesh,GHAZIPUR,2012,Summer,Onion,354,5265,14.87288136
Uttar Pradesh,GHAZIPUR,2012,Summer,Sunflower,23,18,0.782608696
Uttar Pradesh,GHAZIPUR,2012,Summer,Urad,667,506,0.75862069
Uttar Pradesh,GHAZIPUR,2013,Kharif,Arhar/Tur,5637,4692,0.832357637
Uttar Pradesh,GHAZIPUR,2013,Kharif,Bajra,14986,11002,0.734151875
Uttar Pradesh,GHAZIPUR,2013,Kharif,Dry chillies,269,217,0.80669145
Uttar Pradesh,GHAZIPUR,2013,Kharif,Groundnut,41,36,0.87804878
Uttar Pradesh,GHAZIPUR,2013,Kharif,Guar seed,17,14,0.823529412
Uttar Pradesh,GHAZIPUR,2013,Kharif,Jowar,2775,2186,0.787747748
Uttar Pradesh,GHAZIPUR,2013,Kharif,Maize,593,939,1.583473862
Uttar Pradesh,GHAZIPUR,2013,Kharif,Moong(Green Gram),39,12,0.307692308
Uttar Pradesh,GHAZIPUR,2013,Kharif,Rice,148895,318040,2.136001881
Uttar Pradesh,GHAZIPUR,2013,Kharif,Sannhamp,11,3,0.272727273
Uttar Pradesh,GHAZIPUR,2013,Kharif,Sesamum,40,6,0.15
Uttar Pradesh,GHAZIPUR,2013,Kharif,Sugarcane,7382,358588,48.57599567
Uttar Pradesh,GHAZIPUR,2013,Kharif,Urad,735,331,0.450340136
Uttar Pradesh,GHAZIPUR,2013,Rabi,Barley,7392,15656,2.117965368
Uttar Pradesh,GHAZIPUR,2013,Rabi,Coriander,9,5,0.555555556
Uttar Pradesh,GHAZIPUR,2013,Rabi,Garlic,13,76,5.846153846
Uttar Pradesh,GHAZIPUR,2013,Rabi,Gram,4302,4036,0.938168294
Uttar Pradesh,GHAZIPUR,2013,Rabi,Maize,169,601,3.556213018
Uttar Pradesh,GHAZIPUR,2013,Rabi,Masoor,7627,5133,0.673003802
Uttar Pradesh,GHAZIPUR,2013,Rabi,Onion,715,14542,20.33846154
Uttar Pradesh,GHAZIPUR,2013,Rabi,Peas & beans (Pulses),3591,3350,0.932887775
Uttar Pradesh,GHAZIPUR,2013,Rabi,Potato,8327,155757,18.70505584
Uttar Pradesh,GHAZIPUR,2013,Rabi,Rapeseed &Mustard,437,443,1.013729977
Uttar Pradesh,GHAZIPUR,2013,Rabi,Wheat,174040,456998,2.62582165
Uttar Pradesh,GHAZIPUR,2013,Summer,Maize,70,129,1.842857143
Uttar Pradesh,GHAZIPUR,2013,Summer,Moong(Green Gram),285,232,0.814035088
Uttar Pradesh,GHAZIPUR,2013,Summer,Onion,342,7344,21.47368421
Uttar Pradesh,GHAZIPUR,2013,Summer,Sunflower,23,37,1.608695652
Uttar Pradesh,GHAZIPUR,2013,Summer,Urad,585,476,0.813675214
Uttar Pradesh,GHAZIPUR,2014,Kharif,Arhar/Tur,6284,6939,1.104232973
Uttar Pradesh,GHAZIPUR,2014,Kharif,Bajra,13037,23380,1.793357367
Uttar Pradesh,GHAZIPUR,2014,Kharif,Dry chillies,248,205,0.826612903
Uttar Pradesh,GHAZIPUR,2014,Kharif,Groundnut,119,103,0.865546218
Uttar Pradesh,GHAZIPUR,2014,Kharif,Guar seed,16,13,0.8125
Uttar Pradesh,GHAZIPUR,2014,Kharif,Jowar,2916,4589,1.573731139
Uttar Pradesh,GHAZIPUR,2014,Kharif,Maize,627,996,1.588516746
Uttar Pradesh,GHAZIPUR,2014,Kharif,Moong(Green Gram),34,11,0.323529412
Uttar Pradesh,GHAZIPUR,2014,Kharif,Rice,136673,294257,2.153000227
Uttar Pradesh,GHAZIPUR,2014,Kharif,Sannhamp,4,1,0.25
Uttar Pradesh,GHAZIPUR,2014,Kharif,Sesamum,19,4,0.210526316
Uttar Pradesh,GHAZIPUR,2014,Kharif,Sugarcane,7239,396118,54.71998895
Uttar Pradesh,GHAZIPUR,2014,Kharif,Urad,502,333,0.663346614
Uttar Pradesh,GHAZIPUR,2014,Rabi,Barley,7114,11896,1.672195671
Uttar Pradesh,GHAZIPUR,2014,Rabi,Coriander,12,6,0.5
Uttar Pradesh,GHAZIPUR,2014,Rabi,Garlic,7,41,5.857142857
Uttar Pradesh,GHAZIPUR,2014,Rabi,Gram,3964,5119,1.291372351
Uttar Pradesh,GHAZIPUR,2014,Rabi,Maize,74,177,2.391891892
Uttar Pradesh,GHAZIPUR,2014,Rabi,Masoor,10135,8980,0.886038481
Uttar Pradesh,GHAZIPUR,2014,Rabi,Onion,603,9225,15.29850746
Uttar Pradesh,GHAZIPUR,2014,Rabi,Peas & beans (Pulses),3611,4257,1.178897812
Uttar Pradesh,GHAZIPUR,2014,Rabi,Potato,7865,164945,20.97202797
Uttar Pradesh,GHAZIPUR,2014,Rabi,Rapeseed &Mustard,483,375,0.776397516
Uttar Pradesh,GHAZIPUR,2014,Rabi,Turmeric,1,3,3
Uttar Pradesh,GHAZIPUR,2014,Rabi,Wheat,175209,309379,1.765771165
Uttar Pradesh,GHAZIPUR,2014,Summer,Maize,101,180,1.782178218
Uttar Pradesh,GHAZIPUR,2014,Summer,Moong(Green Gram),294,175,0.595238095
Uttar Pradesh,GHAZIPUR,2014,Summer,Onion,390,6831,17.51538462
Uttar Pradesh,GHAZIPUR,2014,Summer,Sunflower,30,52,1.733333333
Uttar Pradesh,GHAZIPUR,2014,Summer,Urad,645,361,0.559689922
Uttar Pradesh,GONDA,1997,Kharif,Arhar/Tur,6852,3745,0.54655575
Uttar Pradesh,GONDA,1997,Kharif,Bajra,101,179,1.772277228
Uttar Pradesh,GONDA,1997,Kharif,Groundnut,218,174,0.798165138
Uttar Pradesh,GONDA,1997,Kharif,Jowar,570,647,1.135087719
Uttar Pradesh,GONDA,1997,Kharif,Maize,73574,63421,0.862002881
Uttar Pradesh,GONDA,1997,Kharif,Moong(Green Gram),61,18,0.295081967
Uttar Pradesh,GONDA,1997,Kharif,Oilseeds total,6618,3543,0.535358114
Uttar Pradesh,GONDA,1997,Kharif,Onion,453,4664,10.29580574
Uttar Pradesh,GONDA,1997,Kharif,Rice,115201,249365,2.164607946
Uttar Pradesh,GONDA,1997,Kharif,Sesamum,191,30,0.157068063
Uttar Pradesh,GONDA,1997,Kharif,Small millets,953,801,0.840503673
Uttar Pradesh,GONDA,1997,Kharif,Soyabean,50,51,1.02
Uttar Pradesh,GONDA,1997,Kharif,Total foodgrain,392173,719617,1.834947842
Uttar Pradesh,GONDA,1997,Kharif,Urad,592,193,0.326013514
Uttar Pradesh,GONDA,1997,Rabi,Gram,20822,7792,0.374219575
Uttar Pradesh,GONDA,1997,Rabi,Linseed,473,177,0.374207188
Uttar Pradesh,GONDA,1997,Rabi,Masoor,10724,8236,0.767997016
Uttar Pradesh,GONDA,1997,Rabi,Peas & beans (Pulses),6551,8509,1.298885666
Uttar Pradesh,GONDA,1997,Rabi,Rapeseed &Mustard,5673,3093,0.545214172
Uttar Pradesh,GONDA,1997,Rabi,Sunflower,13,18,1.384615385
Uttar Pradesh,GONDA,1997,Rabi,Wheat,152619,369830,2.423223845
Uttar Pradesh,GONDA,1997,Summer,Maize,527,832,1.578747628
Uttar Pradesh,GONDA,1997,Summer,Moong(Green Gram),75,31,0.413333333
Uttar Pradesh,GONDA,1997,Summer,Rice,15,32,2.133333333
Uttar Pradesh,GONDA,1997,Summer,Urad,31,15,0.483870968
Uttar Pradesh,GONDA,1997,Whole Year,Potato,4405,41428,9.40476731
Uttar Pradesh,GONDA,1997,Whole Year,Sugarcane,13334,667260,50.0419979
Uttar Pradesh,GONDA,1998,Kharif,Arhar/Tur,6184,3778,0.610931436
Uttar Pradesh,GONDA,1998,Kharif,Bajra,101,147,1.455445545
Uttar Pradesh,GONDA,1998,Kharif,Groundnut,223,185,0.829596413
Uttar Pradesh,GONDA,1998,Kharif,Jowar,550,493,0.896363636
Uttar Pradesh,GONDA,1998,Kharif,Jute,2,2,1
Uttar Pradesh,GONDA,1998,Kharif,Maize,73094,21490,0.29400498
Uttar Pradesh,GONDA,1998,Kharif,Moong(Green Gram),63,14,0.222222222
Uttar Pradesh,GONDA,1998,Kharif,Rice,117169,213740,1.824202647
Uttar Pradesh,GONDA,1998,Kharif,Sesamum,147,18,0.12244898
Uttar Pradesh,GONDA,1998,Kharif,Small millets,1257,534,0.424821002
Uttar Pradesh,GONDA,1998,Kharif,Soyabean,18,8,0.444444444
Uttar Pradesh,GONDA,1998,Kharif,Urad,763,236,0.309305374
Uttar Pradesh,GONDA,1998,Rabi,Barley,2796,6824,2.440629471
Uttar Pradesh,GONDA,1998,Rabi,Gram,22392,12356,0.551804216
Uttar Pradesh,GONDA,1998,Rabi,Linseed,426,117,0.274647887
Uttar Pradesh,GONDA,1998,Rabi,Masoor,10896,9349,0.858021292
Uttar Pradesh,GONDA,1998,Rabi,Peas & beans (Pulses),6095,6437,1.056111567
Uttar Pradesh,GONDA,1998,Rabi,Rapeseed &Mustard,4440,2802,0.631081081
Uttar Pradesh,GONDA,1998,Rabi,Sunflower,52,64,1.230769231
Uttar Pradesh,GONDA,1998,Rabi,Wheat,158559,408602,2.576971348
Uttar Pradesh,GONDA,1998,Summer,Maize,525,532,1.013333333
Uttar Pradesh,GONDA,1998,Summer,Moong(Green Gram),75,38,0.506666667
Uttar Pradesh,GONDA,1998,Summer,Rice,15,27,1.8
Uttar Pradesh,GONDA,1998,Summer,Urad,31,14,0.451612903
Uttar Pradesh,GONDA,1998,Whole Year,Onion,352,4250,12.07386364
Uttar Pradesh,GONDA,1998,Whole Year,Potato,3506,56834,16.21049629
Uttar Pradesh,GONDA,1998,Whole Year,Sannhamp,354,129,0.36440678
Uttar Pradesh,GONDA,1998,Whole Year,Sugarcane,14362,750960,52.28798218
Uttar Pradesh,GONDA,1998,Whole Year,Tobacco,537,3264,6.078212291
Uttar Pradesh,GONDA,1998,Whole Year,Turmeric,3,6,2
Uttar Pradesh,GONDA,1999,Kharif,Arhar/Tur,7059,4913,0.695990934
Uttar Pradesh,GONDA,1999,Kharif,Bajra,112,189,1.6875
Uttar Pradesh,GONDA,1999,Kharif,Groundnut,202,235,1.163366337
Uttar Pradesh,GONDA,1999,Kharif,Jowar,421,285,0.67695962
Uttar Pradesh,GONDA,1999,Kharif,Maize,62385,65317,1.046998477
Uttar Pradesh,GONDA,1999,Kharif,Moong(Green Gram),13,4,0.307692308
Uttar Pradesh,GONDA,1999,Kharif,Rice,124736,258547,2.072753656
Uttar Pradesh,GONDA,1999,Kharif,Small millets,573,371,0.647469459
Uttar Pradesh,GONDA,1999,Kharif,Soyabean,12,9,0.75
Uttar Pradesh,GONDA,1999,Kharif,Sunflower,15,20,1.333333333
Uttar Pradesh,GONDA,1999,Kharif,Urad,698,261,0.373925501
Uttar Pradesh,GONDA,1999,Rabi,Barley,2227,3471,1.558599012
Uttar Pradesh,GONDA,1999,Rabi,Gram,15294,10255,0.670524389
Uttar Pradesh,GONDA,1999,Rabi,Linseed,305,141,0.462295082
Uttar Pradesh,GONDA,1999,Rabi,Maize,501,726,1.449101796
Uttar Pradesh,GONDA,1999,Rabi,Rapeseed &Mustard,6346,4293,0.676489127
Uttar Pradesh,GONDA,1999,Rabi,Wheat,154907,395077,2.550414119
Uttar Pradesh,GONDA,1999,Summer,Moong(Green Gram),80,43,0.5375
Uttar Pradesh,GONDA,1999,Summer,Rice,15,31,2.066666667
Uttar Pradesh,GONDA,1999,Summer,Urad,60,29,0.483333333
Uttar Pradesh,GONDA,1999,Whole Year,Onion,390,5591,14.33589744
Uttar Pradesh,GONDA,1999,Whole Year,Peas & beans (Pulses),5722,5453,0.952988466
Uttar Pradesh,GONDA,1999,Whole Year,Potato,3729,99118,26.58031644
Uttar Pradesh,GONDA,1999,Whole Year,Sugarcane,27462,1381119,50.2920035
Uttar Pradesh,GONDA,1999,Whole Year,Tobacco,556,3126,5.622302158
Uttar Pradesh,GONDA,1999,Whole Year,Turmeric,3,5,1.666666667
Uttar Pradesh,GONDA,2000,Kharif,Arhar/Tur,7583,4283,0.564816036
Uttar Pradesh,GONDA,2000,Kharif,Bajra,125,217,1.736
Uttar Pradesh,GONDA,2000,Kharif,Groundnut,146,188,1.287671233
Uttar Pradesh,GONDA,2000,Kharif,Jowar,247,305,1.234817814
Uttar Pradesh,GONDA,2000,Kharif,Maize,65070,57912,0.88999539
Uttar Pradesh,GONDA,2000,Kharif,Moong(Green Gram),17,5,0.294117647
Uttar Pradesh,GONDA,2000,Kharif,Rice,123698,241421,1.951696875
Uttar Pradesh,GONDA,2000,Kharif,Sesamum,151,24,0.158940397
Uttar Pradesh,GONDA,2000,Kharif,Small millets,273,282,1.032967033
Uttar Pradesh,GONDA,2000,Kharif,Soyabean,5,3,0.6
Uttar Pradesh,GONDA,2000,Kharif,Urad,677,159,0.234859675
Uttar Pradesh,GONDA,2000,Rabi,Barley,1938,4145,2.13880289
Uttar Pradesh,GONDA,2000,Rabi,Gram,14424,9177,0.636231281
Uttar Pradesh,GONDA,2000,Rabi,Linseed,281,120,0.427046263
Uttar Pradesh,GONDA,2000,Rabi,Maize,585,949,1.622222222
Uttar Pradesh,GONDA,2000,Rabi,Masoor,15699,13580,0.86502325
Uttar Pradesh,GONDA,2000,Rabi,Moong(Green Gram),82,37,0.451219512
Uttar Pradesh,GONDA,2000,Rabi,Peas & beans (Pulses),6292,6210,0.986967578
Uttar Pradesh,GONDA,2000,Rabi,Rapeseed &Mustard,6109,3706,0.606645932
Uttar Pradesh,GONDA,2000,Rabi,Urad,42,19,0.452380952
Uttar Pradesh,GONDA,2000,Rabi,Wheat,157737,410313,2.601247646
Uttar Pradesh,GONDA,2000,Summer,Rice,15,29,1.933333333
Uttar Pradesh,GONDA,2000,Whole Year,Potato,2742,53735,19.59700948
Uttar Pradesh,GONDA,2000,Whole Year,Sugarcane,32185,1466864,45.57601367
Uttar Pradesh,GONDA,2001,Kharif,Arhar/Tur,8243,4500,0.545917748
Uttar Pradesh,GONDA,2001,Kharif,Bajra,103,165,1.601941748
Uttar Pradesh,GONDA,2001,Kharif,Groundnut,143,152,1.062937063
Uttar Pradesh,GONDA,2001,Kharif,Jowar,82,98,1.195121951
Uttar Pradesh,GONDA,2001,Kharif,Maize,55948,72341,1.293004218
Uttar Pradesh,GONDA,2001,Kharif,Moong(Green Gram),2,0.1,0.05
Uttar Pradesh,GONDA,2001,Kharif,Moth,1,1,1
Uttar Pradesh,GONDA,2001,Kharif,Rice,144714,290604,2.008126373
Uttar Pradesh,GONDA,2001,Kharif,Sesamum,150,38,0.253333333
Uttar Pradesh,GONDA,2001,Kharif,Small millets,64,50,0.78125
Uttar Pradesh,GONDA,2001,Kharif,Urad,658,237,0.360182371
Uttar Pradesh,GONDA,2001,Rabi,Barley,1170,2905,2.482905983
Uttar Pradesh,GONDA,2001,Rabi,Gram,3925,2575,0.656050955
Uttar Pradesh,GONDA,2001,Rabi,Linseed,65,27,0.415384615
Uttar Pradesh,GONDA,2001,Rabi,Maize,926,1509,1.629589633
Uttar Pradesh,GONDA,2001,Rabi,Masoor,15508,11662,0.751998968
Uttar Pradesh,GONDA,2001,Rabi,Peas & beans (Pulses),3723,3987,1.070910556
Uttar Pradesh,GONDA,2001,Rabi,Rapeseed &Mustard,7245,4407,0.608281573
Uttar Pradesh,GONDA,2001,Rabi,Urad,50,25,0.5
Uttar Pradesh,GONDA,2001,Rabi,Wheat,159960,431366,2.696711678
Uttar Pradesh,GONDA,2001,Summer,Rice,1,2,2
Uttar Pradesh,GONDA,2001,Whole Year,Potato,2796,68955,24.66201717
Uttar Pradesh,GONDA,2001,Whole Year,Sugarcane,45117,2219937,49.20400293
Uttar Pradesh,GONDA,2001,Whole Year,Tobacco,1505,9450,6.279069767
Uttar Pradesh,GONDA,2002,Kharif,Bajra,29,45,1.551724138
Uttar Pradesh,GONDA,2002,Kharif,Groundnut,151,104,0.688741722
Uttar Pradesh,GONDA,2002,Kharif,Jowar,67,76,1.134328358
Uttar Pradesh,GONDA,2002,Kharif,Maize,56097,52619,0.93800025
Uttar Pradesh,GONDA,2002,Kharif,Moong(Green Gram),2,1,0.5
Uttar Pradesh,GONDA,2002,Kharif,Rice,129875,166254,1.280107796
Uttar Pradesh,GONDA,2002,Kharif,Sesamum,120,19,0.158333333
Uttar Pradesh,GONDA,2002,Kharif,Small millets,38,17,0.447368421
Uttar Pradesh,GONDA,2002,Kharif,Sunflower,1,2,2
Uttar Pradesh,GONDA,2002,Kharif,Urad,447,96,0.214765101
Uttar Pradesh,GONDA,2002,Rabi,Barley,1215,2991,2.461728395
Uttar Pradesh,GONDA,2002,Rabi,Gram,2786,1425,0.511486001
Uttar Pradesh,GONDA,2002,Rabi,Linseed,41,18,0.43902439
Uttar Pradesh,GONDA,2002,Rabi,Maize,1522,1685,1.107095926
Uttar Pradesh,GONDA,2002,Rabi,Masoor,19039,12432,0.652975471
Uttar Pradesh,GONDA,2002,Rabi,Onion,143,1476,10.32167832
Uttar Pradesh,GONDA,2002,Rabi,Peas & beans (Pulses),3763,2785,0.740100983
Uttar Pradesh,GONDA,2002,Rabi,Ragi,2,3,1.5
Uttar Pradesh,GONDA,2002,Rabi,Rapeseed &Mustard,7627,5066,0.664219221
Uttar Pradesh,GONDA,2002,Rabi,Wheat,162217,403997,2.490472639
Uttar Pradesh,GONDA,2002,Summer,Moong(Green Gram),29,17,0.586206897
Uttar Pradesh,GONDA,2002,Summer,Onion,227,2538,11.18061674
Uttar Pradesh,GONDA,2002,Summer,Rice,2,3,1.5
Uttar Pradesh,GONDA,2002,Summer,Urad,83,44,0.530120482
Uttar Pradesh,GONDA,2002,Whole Year,Potato,3195,74121,23.19906103
Uttar Pradesh,GONDA,2002,Whole Year,Sannhamp,1,,
Uttar Pradesh,GONDA,2002,Whole Year,Sugarcane,50221,2241263,44.62800422
Uttar Pradesh,GONDA,2002,Whole Year,Tobacco,2977,17863,6.000335909
Uttar Pradesh,GONDA,2002,Whole Year,Turmeric,1,2,2
Uttar Pradesh,GONDA,2003,Kharif,Arhar/Tur,7901,3281,0.415263891
Uttar Pradesh,GONDA,2003,Kharif,Bajra,84,124,1.476190476
Uttar Pradesh,GONDA,2003,Kharif,Groundnut,143,102,0.713286713
Uttar Pradesh,GONDA,2003,Kharif,Jowar,55,70,1.272727273
Uttar Pradesh,GONDA,2003,Kharif,Maize,55071,62616,1.137004957
Uttar Pradesh,GONDA,2003,Kharif,Moong(Green Gram),1,0,0
Uttar Pradesh,GONDA,2003,Kharif,Moth,1,0,0
Uttar Pradesh,GONDA,2003,Kharif,Rice,130399,245990,1.886440847
Uttar Pradesh,GONDA,2003,Kharif,Sesamum,105,14,0.133333333
Uttar Pradesh,GONDA,2003,Kharif,Sunflower,8,13,1.625
Uttar Pradesh,GONDA,2003,Kharif,Urad,407,119,0.292383292
Uttar Pradesh,GONDA,2003,Rabi,Barley,1309,2936,2.242933537
Uttar Pradesh,GONDA,2003,Rabi,Gram,3907,2663,0.681597133
Uttar Pradesh,GONDA,2003,Rabi,Linseed,41,20,0.487804878
Uttar Pradesh,GONDA,2003,Rabi,Maize,4,6,1.5
Uttar Pradesh,GONDA,2003,Rabi,Masoor,14735,12687,0.861011198
Uttar Pradesh,GONDA,2003,Rabi,Onion,170,2440,14.35294118
Uttar Pradesh,GONDA,2003,Rabi,Peas & beans (Pulses),3868,5307,1.372026887
Uttar Pradesh,GONDA,2003,Rabi,Ragi,14,21,1.5
Uttar Pradesh,GONDA,2003,Rabi,Rapeseed &Mustard,7975,5710,0.715987461
Uttar Pradesh,GONDA,2003,Rabi,Wheat,159146,433629,2.724724467
Uttar Pradesh,GONDA,2003,Summer,Maize,1078,1474,1.367346939
Uttar Pradesh,GONDA,2003,Summer,Moong(Green Gram),35,18,0.514285714
Uttar Pradesh,GONDA,2003,Summer,Onion,254,2507,9.87007874
Uttar Pradesh,GONDA,2003,Summer,Rice,15,28,1.866666667
Uttar Pradesh,GONDA,2003,Summer,Urad,55,27,0.490909091
Uttar Pradesh,GONDA,2003,Whole Year,Potato,2904,54848,18.88705234
Uttar Pradesh,GONDA,2003,Whole Year,Sugarcane,52101,2470421,47.41599969
Uttar Pradesh,GONDA,2003,Whole Year,Tobacco,1491,11084,7.433936955
Uttar Pradesh,GONDA,2004,Kharif,Bajra,58,108,1.862068966
Uttar Pradesh,GONDA,2004,Kharif,Groundnut,147,99,0.673469388
Uttar Pradesh,GONDA,2004,Kharif,Maize,56648,60217,1.063003107
Uttar Pradesh,GONDA,2004,Kharif,Rice,137035,219000,1.598131864
Uttar Pradesh,GONDA,2004,Kharif,Sesamum,110,18,0.163636364
Uttar Pradesh,GONDA,2004,Kharif,Sugarcane,53374,2528006,47.36399745
Uttar Pradesh,GONDA,2004,Rabi,Barley,1267,2547,2.010260458
Uttar Pradesh,GONDA,2004,Rabi,Gram,3894,3596,0.923472008
Uttar Pradesh,GONDA,2004,Rabi,Linseed,94,43,0.457446809
Uttar Pradesh,GONDA,2004,Rabi,Maize,22,102,4.636363636
Uttar Pradesh,GONDA,2004,Rabi,Potato,2908,65090,22.38308116
Uttar Pradesh,GONDA,2004,Rabi,Rapeseed &Mustard,6928,4451,0.642465358
Uttar Pradesh,GONDA,2004,Rabi,Wheat,159340,376571,2.363317434
Uttar Pradesh,GONDA,2004,Summer,Sunflower,1,2,2
Uttar Pradesh,GONDA,2004,Whole Year,Dry chillies,18,17,0.944444444
Uttar Pradesh,GONDA,2004,Whole Year,Garlic,30,130,4.333333333
Uttar Pradesh,GONDA,2004,Whole Year,Onion,404,4647,11.50247525
Uttar Pradesh,GONDA,2004,Whole Year,Sweet potato,174,2022,11.62068966
Uttar Pradesh,GONDA,2004,Whole Year,Tobacco,1544,6916,4.479274611
Uttar Pradesh,GONDA,2005,Kharif,Bajra,28,43,1.535714286
Uttar Pradesh,GONDA,2005,Kharif,Jowar,20,22,1.1
Uttar Pradesh,GONDA,2005,Kharif,Maize,54635,44145,0.807998536
Uttar Pradesh,GONDA,2005,Kharif,Rice,132082,265617,2.011000742
Uttar Pradesh,GONDA,2005,Kharif,Sesamum,109,19,0.174311927
Uttar Pradesh,GONDA,2005,Kharif,Small millets,6,3,0.5
Uttar Pradesh,GONDA,2005,Kharif,Sugarcane,55171,2892623,52.4301354
Uttar Pradesh,GONDA,2005,Rabi,Barley,792,1403,1.771464646
Uttar Pradesh,GONDA,2005,Rabi,Gram,5832,5392,0.924554184
Uttar Pradesh,GONDA,2005,Rabi,Linseed,48,20,0.416666667
Uttar Pradesh,GONDA,2005,Rabi,Potato,2942,65995,22.43201903
Uttar Pradesh,GONDA,2005,Rabi,Rapeseed &Mustard,11355,10654,0.938265081
Uttar Pradesh,GONDA,2005,Rabi,Wheat,163109,406305,2.491002949
Uttar Pradesh,GONDA,2005,Summer,Sunflower,2,3,1.5
Uttar Pradesh,GONDA,2005,Whole Year,Coriander,10,6,0.6
Uttar Pradesh,GONDA,2005,Whole Year,Dry chillies,24,22,0.916666667
Uttar Pradesh,GONDA,2005,Whole Year,Garlic,13,56,4.307692308
Uttar Pradesh,GONDA,2005,Whole Year,Guar seed,47,38,0.808510638
Uttar Pradesh,GONDA,2005,Whole Year,Onion,473,6084,12.86257928
Uttar Pradesh,GONDA,2005,Whole Year,Sweet potato,164,2145,13.07926829
Uttar Pradesh,GONDA,2005,Whole Year,Tobacco,330,1919,5.815151515
Uttar Pradesh,GONDA,2006,Kharif,Arhar/Tur,7395,4833,0.653549696
Uttar Pradesh,GONDA,2006,Kharif,Bajra,68,120,1.764705882
Uttar Pradesh,GONDA,2006,Kharif,Dry ginger,4,13,3.25
Uttar Pradesh,GONDA,2006,Kharif,Groundnut,145,105,0.724137931
Uttar Pradesh,GONDA,2006,Kharif,Maize,56250,46406,0.824995556
Uttar Pradesh,GONDA,2006,Kharif,Other Kharif pulses,418,229,0.54784689
Uttar Pradesh,GONDA,2006,Kharif,Rice,139035,217868,1.567001115
Uttar Pradesh,GONDA,2006,Kharif,Sesamum,124,21,0.169354839
Uttar Pradesh,GONDA,2006,Kharif,Sugarcane,66268,3040641,45.88400133
Uttar Pradesh,GONDA,2006,Kharif,Sweet potato,169,2307,13.65088757
Uttar Pradesh,GONDA,2006,Rabi,Barley,1540,3088,2.005194805
Uttar Pradesh,GONDA,2006,Rabi,Garlic,13,57,4.384615385
Uttar Pradesh,GONDA,2006,Rabi,Gram,3388,2553,0.753541913
Uttar Pradesh,GONDA,2006,Rabi,Linseed,145,51,0.351724138
Uttar Pradesh,GONDA,2006,Rabi,Maize,72,227,3.152777778
Uttar Pradesh,GONDA,2006,Rabi,Masoor,12803,9897,0.773021948
Uttar Pradesh,GONDA,2006,Rabi,Onion,137,2628,19.18248175
Uttar Pradesh,GONDA,2006,Rabi,Other  Rabi pulses,3458,3344,0.967032967
Uttar Pradesh,GONDA,2006,Rabi,Potato,3079,67236,21.83696005
Uttar Pradesh,GONDA,2006,Rabi,Rapeseed &Mustard,7261,6736,0.92769591
Uttar Pradesh,GONDA,2006,Rabi,Tobacco,1554,8270,5.321750322
Uttar Pradesh,GONDA,2006,Rabi,Wheat,156719,428758,2.735839305
Uttar Pradesh,GONDA,2006,Summer,Maize,1095,1452,1.326027397
Uttar Pradesh,GONDA,2006,Summer,Onion,3012,35075,11.64508632
Uttar Pradesh,GONDA,2006,Summer,Rice,14,22,1.571428571
Uttar Pradesh,GONDA,2006,Summer,Tobacco,10,30,3
Uttar Pradesh,GONDA,2006,Whole Year,Coriander,35,18,0.514285714
Uttar Pradesh,GONDA,2006,Whole Year,Dry chillies,18,17,0.944444444
Uttar Pradesh,GONDA,2006,Whole Year,Guar seed,37,32,0.864864865
Uttar Pradesh,GONDA,2007,Kharif,Arhar/Tur,5888,4505,0.765115489
Uttar Pradesh,GONDA,2007,Kharif,Bajra,37,58,1.567567568
Uttar Pradesh,GONDA,2007,Kharif,Dry chillies,36,35,0.972222222
Uttar Pradesh,GONDA,2007,Kharif,Groundnut,91,54,0.593406593
Uttar Pradesh,GONDA,2007,Kharif,Guar seed,4,3,0.75
Uttar Pradesh,GONDA,2007,Kharif,Jowar,59,56,0.949152542
Uttar Pradesh,GONDA,2007,Kharif,Maize,54943,49723,0.904992447
Uttar Pradesh,GONDA,2007,Kharif,Moong(Green Gram),20,4,0.2
Uttar Pradesh,GONDA,2007,Kharif,Rice,127327,251725,1.976996238
Uttar Pradesh,GONDA,2007,Kharif,Sannhamp,1,,
Uttar Pradesh,GONDA,2007,Kharif,Sesamum,152,24,0.157894737
Uttar Pradesh,GONDA,2007,Kharif,Sugarcane,61549,2877293,46.74800565
Uttar Pradesh,GONDA,2007,Kharif,Sweet potato,97,1306,13.46391753
Uttar Pradesh,GONDA,2007,Kharif,Urad,403,176,0.436724566
Uttar Pradesh,GONDA,2007,Rabi,Barley,1090,2408,2.209174312
Uttar Pradesh,GONDA,2007,Rabi,Coriander,13,8,0.615384615
Uttar Pradesh,GONDA,2007,Rabi,Gram,3434,2568,0.747815958
Uttar Pradesh,GONDA,2007,Rabi,Linseed,68,17,0.25
Uttar Pradesh,GONDA,2007,Rabi,Maize,20,56,2.8
Uttar Pradesh,GONDA,2007,Rabi,Masoor,15219,13073,0.858992049
Uttar Pradesh,GONDA,2007,Rabi,Onion,157,2194,13.97452229
Uttar Pradesh,GONDA,2007,Rabi,Other  Rabi pulses,3510,3292,0.937891738
Uttar Pradesh,GONDA,2007,Rabi,Potato,2591,56940,21.97607102
Uttar Pradesh,GONDA,2007,Rabi,Rapeseed &Mustard,7931,6958,0.877316858
Uttar Pradesh,GONDA,2007,Rabi,Tobacco,1591,6135,3.856065368
Uttar Pradesh,GONDA,2007,Rabi,Wheat,149982,416642,2.777946687
Uttar Pradesh,GONDA,2007,Summer,Maize,1536,2207,1.436848958
Uttar Pradesh,GONDA,2007,Summer,Moong(Green Gram),45,29,0.644444444
Uttar Pradesh,GONDA,2007,Summer,Onion,218,4174,19.14678899
Uttar Pradesh,GONDA,2007,Summer,Sunflower,9,15,1.666666667
Uttar Pradesh,GONDA,2007,Summer,Urad,484,271,0.559917355
Uttar Pradesh,GONDA,2008,Kharif,Arhar/Tur,4131,2707,0.655289276
Uttar Pradesh,GONDA,2008,Kharif,Bajra,2,4,2
Uttar Pradesh,GONDA,2008,Kharif,Dry chillies,116,116,1
Uttar Pradesh,GONDA,2008,Kharif,Groundnut,57,41,0.719298246
Uttar Pradesh,GONDA,2008,Kharif,Guar seed,26,22,0.846153846
Uttar Pradesh,GONDA,2008,Kharif,Jowar,25,28,1.12
Uttar Pradesh,GONDA,2008,Kharif,Maize,49238,28213,0.572992404
Uttar Pradesh,GONDA,2008,Kharif,Moong(Green Gram),15,6,0.4
Uttar Pradesh,GONDA,2008,Kharif,Rice,116178,247343,2.129000327
Uttar Pradesh,GONDA,2008,Kharif,Sesamum,101,17,0.168316832
Uttar Pradesh,GONDA,2008,Kharif,Sugarcane,66034,2634757,39.90000606
Uttar Pradesh,GONDA,2008,Kharif,Sweet potato,71,872,12.28169014
Uttar Pradesh,GONDA,2008,Kharif,Urad,382,206,0.539267016
Uttar Pradesh,GONDA,2008,Rabi,Barley,575,1329,2.311304348
Uttar Pradesh,GONDA,2008,Rabi,Coriander,12,7,0.583333333
Uttar Pradesh,GONDA,2008,Rabi,Garlic,44,259,5.886363636
Uttar Pradesh,GONDA,2008,Rabi,Gram,528,523,0.990530303
Uttar Pradesh,GONDA,2008,Rabi,Linseed,14,6,0.428571429
Uttar Pradesh,GONDA,2008,Rabi,Maize,957,2512,2.624869383
Uttar Pradesh,GONDA,2008,Rabi,Masoor,12274,10826,0.882027049
Uttar Pradesh,GONDA,2008,Rabi,Onion,131,1536,11.72519084
Uttar Pradesh,GONDA,2008,Rabi,Peas & beans (Pulses),3672,4432,1.206971678
Uttar Pradesh,GONDA,2008,Rabi,Potato,3290,67442,20.49908815
Uttar Pradesh,GONDA,2008,Rabi,Rapeseed &Mustard,7002,5002,0.714367324
Uttar Pradesh,GONDA,2008,Rabi,Tobacco,582,3036,5.216494845
Uttar Pradesh,GONDA,2008,Rabi,Wheat,147363,429268,2.912997157
Uttar Pradesh,GONDA,2008,Summer,Maize,1861,2784,1.495969909
Uttar Pradesh,GONDA,2008,Summer,Moong(Green Gram),80,60,0.75
Uttar Pradesh,GONDA,2008,Summer,Urad,304,189,0.621710526
Uttar Pradesh,GONDA,2009,Kharif,Arhar/Tur,4492,1950,0.434105076
Uttar Pradesh,GONDA,2009,Kharif,Bajra,2,3,1.5
Uttar Pradesh,GONDA,2009,Kharif,Dry chillies,42,37,0.880952381
Uttar Pradesh,GONDA,2009,Kharif,Dry ginger,7,21,3
Uttar Pradesh,GONDA,2009,Kharif,Groundnut,9,6,0.666666667
Uttar Pradesh,GONDA,2009,Kharif,Guar seed,23,19,0.826086957
Uttar Pradesh,GONDA,2009,Kharif,Jowar,97,93,0.958762887
Uttar Pradesh,GONDA,2009,Kharif,Maize,50170,49819,0.993003787
Uttar Pradesh,GONDA,2009,Kharif,Rice,116741,256363,2.195997978
Uttar Pradesh,GONDA,2009,Kharif,Sannhamp,2,1,0.5
Uttar Pradesh,GONDA,2009,Kharif,Sesamum,94,10,0.106382979
Uttar Pradesh,GONDA,2009,Kharif,Sugarcane,65823,3386725,51.45200006
Uttar Pradesh,GONDA,2009,Kharif,Sweet potato,104,1414,13.59615385
Uttar Pradesh,GONDA,2009,Kharif,Urad,294,112,0.380952381
Uttar Pradesh,GONDA,2009,Rabi,Barley,362,812,2.243093923
Uttar Pradesh,GONDA,2009,Rabi,Coriander,13,7,0.538461538
Uttar Pradesh,GONDA,2009,Rabi,Garlic,86,457,5.313953488
Uttar Pradesh,GONDA,2009,Rabi,Gram,847,701,0.827626919
Uttar Pradesh,GONDA,2009,Rabi,Linseed,10,5,0.5
Uttar Pradesh,GONDA,2009,Rabi,Maize,421,1286,3.054631829
Uttar Pradesh,GONDA,2009,Rabi,Masoor,14480,10903,0.752969613
Uttar Pradesh,GONDA,2009,Rabi,Onion,198,3400,17.17171717
Uttar Pradesh,GONDA,2009,Rabi,Peas & beans (Pulses),3834,4920,1.283255086
Uttar Pradesh,GONDA,2009,Rabi,Potato,3306,82207,24.86600121
Uttar Pradesh,GONDA,2009,Rabi,Rapeseed &Mustard,7119,6770,0.950976261
Uttar Pradesh,GONDA,2009,Rabi,Tobacco,1064,6102,5.734962406
Uttar Pradesh,GONDA,2009,Rabi,Turmeric,2,7,3.5
Uttar Pradesh,GONDA,2009,Rabi,Wheat,159290,433269,2.720001256
Uttar Pradesh,GONDA,2009,Summer,Banana,15,617,41.13333333
Uttar Pradesh,GONDA,2009,Summer,Maize,2176,3166,1.454963235
Uttar Pradesh,GONDA,2009,Summer,Moong(Green Gram),20,14,0.7
Uttar Pradesh,GONDA,2009,Summer,Onion,488,7502,15.37295082
Uttar Pradesh,GONDA,2009,Summer,Urad,286,177,0.618881119
Uttar Pradesh,GONDA,2010,Kharif,Arhar/Tur,6040,2426,0.401655629
Uttar Pradesh,GONDA,2010,Kharif,Dry chillies,47,41,0.872340426
Uttar Pradesh,GONDA,2010,Kharif,Dry ginger,1,3,3
Uttar Pradesh,GONDA,2010,Kharif,Groundnut,11,11,1
Uttar Pradesh,GONDA,2010,Kharif,Guar seed,27,22,0.814814815
Uttar Pradesh,GONDA,2010,Kharif,Jowar,192,212,1.104166667
Uttar Pradesh,GONDA,2010,Kharif,Maize,50460,48946,0.969996036
Uttar Pradesh,GONDA,2010,Kharif,Rice,117388,263888,2.247998092
Uttar Pradesh,GONDA,2010,Kharif,Sesamum,162,32,0.197530864
Uttar Pradesh,GONDA,2010,Kharif,Sugarcane,70037,3878929,55.38399703
Uttar Pradesh,GONDA,2010,Kharif,Urad,406,274,0.674876847
Uttar Pradesh,GONDA,2010,Rabi,Barley,468,1194,2.551282051
Uttar Pradesh,GONDA,2010,Rabi,Gram,730,671,0.919178082
Uttar Pradesh,GONDA,2010,Rabi,Linseed,22,10,0.454545455
Uttar Pradesh,GONDA,2010,Rabi,Maize,1570,4716,3.003821656
Uttar Pradesh,GONDA,2010,Rabi,Masoor,14011,11223,0.801013489
Uttar Pradesh,GONDA,2010,Rabi,Onion,173,3185,18.41040462
Uttar Pradesh,GONDA,2010,Rabi,Peas & beans (Pulses),2916,3397,1.164951989
Uttar Pradesh,GONDA,2010,Rabi,Potato,3064,74746,24.39490862
Uttar Pradesh,GONDA,2010,Rabi,Rapeseed &Mustard,7423,6744,0.90852755
Uttar Pradesh,GONDA,2010,Rabi,Tobacco,1233,6259,5.076236821
Uttar Pradesh,GONDA,2010,Rabi,Wheat,160011,468992,2.930998494
Uttar Pradesh,GONDA,2010,Summer,Maize,2315,3394,1.466090713
Uttar Pradesh,GONDA,2010,Summer,Moong(Green Gram),48,43,0.895833333
Uttar Pradesh,GONDA,2010,Summer,Urad,338,211,0.624260355
Uttar Pradesh,GONDA,2011,Kharif,Arhar/Tur,5198,2043,0.393035783
Uttar Pradesh,GONDA,2011,Kharif,Dry chillies,52,43,0.826923077
Uttar Pradesh,GONDA,2011,Kharif,Dry ginger,1,3,3
Uttar Pradesh,GONDA,2011,Kharif,Groundnut,26,26,1
Uttar Pradesh,GONDA,2011,Kharif,Guar seed,23,19,0.826086957
Uttar Pradesh,GONDA,2011,Kharif,Maize,52673,56729,1.077003398
Uttar Pradesh,GONDA,2011,Kharif,Moong(Green Gram),11,5,0.454545455
Uttar Pradesh,GONDA,2011,Kharif,Rice,121429,279651,2.303000107
Uttar Pradesh,GONDA,2011,Kharif,Sesamum,137,30,0.218978102
Uttar Pradesh,GONDA,2011,Kharif,Sugarcane,71422,4346457,60.85599675
Uttar Pradesh,GONDA,2011,Kharif,Sweet potato,89,1156,12.98876404
Uttar Pradesh,GONDA,2011,Kharif,Urad,321,215,0.669781931
Uttar Pradesh,GONDA,2011,Rabi,Barley,599,1609,2.686143573
Uttar Pradesh,GONDA,2011,Rabi,Coriander,8,5,0.625
Uttar Pradesh,GONDA,2011,Rabi,Garlic,54,279,5.166666667
Uttar Pradesh,GONDA,2011,Rabi,Gram,719,849,1.180806676
Uttar Pradesh,GONDA,2011,Rabi,Linseed,22,10,0.454545455
Uttar Pradesh,GONDA,2011,Rabi,Maize,612,1367,2.233660131
Uttar Pradesh,GONDA,2011,Rabi,Masoor,14012,10901,0.777976021
Uttar Pradesh,GONDA,2011,Rabi,Onion,176,4026,22.875
Uttar Pradesh,GONDA,2011,Rabi,Peas & beans (Pulses),3159,4523,1.43178221
Uttar Pradesh,GONDA,2011,Rabi,Potato,3240,71543,22.08117284
Uttar Pradesh,GONDA,2011,Rabi,Rapeseed &Mustard,7643,5410,0.707837237
Uttar Pradesh,GONDA,2011,Rabi,Tobacco,1519,6348,4.179065174
Uttar Pradesh,GONDA,2011,Rabi,Wheat,160915,483550,3.005002641
Uttar Pradesh,GONDA,2011,Summer,Banana,10,437,43.7
Uttar Pradesh,GONDA,2011,Summer,Maize,2411,3985,1.652841145
Uttar Pradesh,GONDA,2011,Summer,Moong(Green Gram),26,22,0.846153846
Uttar Pradesh,GONDA,2011,Summer,Onion,581,5324,9.163511188
Uttar Pradesh,GONDA,2011,Summer,Urad,386,256,0.663212435
Uttar Pradesh,GONDA,2012,Kharif,Arhar/Tur,6022,3842,0.637994022
Uttar Pradesh,GONDA,2012,Kharif,Dry chillies,27,22,0.814814815
Uttar Pradesh,GONDA,2012,Kharif,Groundnut,22,22,1
Uttar Pradesh,GONDA,2012,Kharif,Guar seed,12,10,0.833333333
Uttar Pradesh,GONDA,2012,Kharif,Maize,47026,53045,1.127993025
Uttar Pradesh,GONDA,2012,Kharif,Rice,122264,287932,2.35500229
Uttar Pradesh,GONDA,2012,Kharif,Sesamum,320,60,0.1875
Uttar Pradesh,GONDA,2012,Kharif,Sugarcane,73651,4370745,59.34400076
Uttar Pradesh,GONDA,2012,Kharif,Sweet potato,53,686,12.94339623
Uttar Pradesh,GONDA,2012,Kharif,Urad,633,420,0.663507109
Uttar Pradesh,GONDA,2012,Rabi,Barley,713,1898,2.661991585
Uttar Pradesh,GONDA,2012,Rabi,Coriander,18,10,0.555555556
Uttar Pradesh,GONDA,2012,Rabi,Garlic,61,317,5.196721311
Uttar Pradesh,GONDA,2012,Rabi,Gram,769,852,1.10793238
Uttar Pradesh,GONDA,2012,Rabi,Linseed,40,18,0.45
Uttar Pradesh,GONDA,2012,Rabi,Maize,196,614,3.132653061
Uttar Pradesh,GONDA,2012,Rabi,Masoor,14791,13268,0.897031979
Uttar Pradesh,GONDA,2012,Rabi,Onion,195,4486,23.00512821
Uttar Pradesh,GONDA,2012,Rabi,Peas & beans (Pulses),3155,4714,1.494136292
Uttar Pradesh,GONDA,2012,Rabi,Potato,3314,80702,24.35184068
Uttar Pradesh,GONDA,2012,Rabi,Rapeseed &Mustard,8966,8645,0.964198082
Uttar Pradesh,GONDA,2012,Rabi,Tobacco,2295,4852,2.11416122
Uttar Pradesh,GONDA,2012,Rabi,Wheat,155802,454007,2.91399982
Uttar Pradesh,GONDA,2012,Summer,Banana,9,402,44.66666667
Uttar Pradesh,GONDA,2012,Summer,Maize,2239,4135,1.84680661
Uttar Pradesh,GONDA,2012,Summer,Moong(Green Gram),75,61,0.813333333
Uttar Pradesh,GONDA,2012,Summer,Onion,570,6666,11.69473684
Uttar Pradesh,GONDA,2012,Summer,Urad,352,244,0.693181818
Uttar Pradesh,GONDA,2013,Kharif,Arhar/Tur,5424,3368,0.620943953
Uttar Pradesh,GONDA,2013,Kharif,Dry chillies,6,5,0.833333333
Uttar Pradesh,GONDA,2013,Kharif,Groundnut,43,39,0.906976744
Uttar Pradesh,GONDA,2013,Kharif,Guar seed,22,18,0.818181818
Uttar Pradesh,GONDA,2013,Kharif,Maize,45958,51933,1.130010009
Uttar Pradesh,GONDA,2013,Kharif,Rice,126768,310582,2.450003155
Uttar Pradesh,GONDA,2013,Kharif,Sesamum,345,51,0.147826087
Uttar Pradesh,GONDA,2013,Kharif,Sugarcane,81115,4680984,57.70799482
Uttar Pradesh,GONDA,2013,Kharif,Sweet potato,19,251,13.21052632
Uttar Pradesh,GONDA,2013,Kharif,Urad,1240,553,0.445967742
Uttar Pradesh,GONDA,2013,Rabi,Barley,540,1547,2.864814815
Uttar Pradesh,GONDA,2013,Rabi,Coriander,56,31,0.553571429
Uttar Pradesh,GONDA,2013,Rabi,Garlic,68,399,5.867647059
Uttar Pradesh,GONDA,2013,Rabi,Gram,496,212,0.427419355
Uttar Pradesh,GONDA,2013,Rabi,Linseed,52,21,0.403846154
Uttar Pradesh,GONDA,2013,Rabi,Maize,256,910,3.5546875
Uttar Pradesh,GONDA,2013,Rabi,Masoor,15268,13192,0.864029342
Uttar Pradesh,GONDA,2013,Rabi,Onion,181,3681,20.33701657
Uttar Pradesh,GONDA,2013,Rabi,Peas & beans (Pulses),2637,2616,0.992036405
Uttar Pradesh,GONDA,2013,Rabi,Potato,3283,69485,21.1650929
Uttar Pradesh,GONDA,2013,Rabi,Rapeseed &Mustard,7507,3898,0.519248701
Uttar Pradesh,GONDA,2013,Rabi,Tobacco,2017,6065,3.006941001
Uttar Pradesh,GONDA,2013,Rabi,Wheat,153277,456919,2.981001716
Uttar Pradesh,GONDA,2013,Summer,Banana,156,6793,43.54487179
Uttar Pradesh,GONDA,2013,Summer,Maize,2582,4743,1.836948102
Uttar Pradesh,GONDA,2013,Summer,Moong(Green Gram),316,211,0.667721519
Uttar Pradesh,GONDA,2013,Summer,Onion,681,9164,13.45668135
Uttar Pradesh,GONDA,2013,Summer,Urad,568,329,0.579225352
Uttar Pradesh,GONDA,2014,Kharif,Arhar/Tur,5967,3500,0.58655941
Uttar Pradesh,GONDA,2014,Kharif,Dry chillies,143,118,0.825174825
Uttar Pradesh,GONDA,2014,Kharif,Guar seed,21,17,0.80952381
Uttar Pradesh,GONDA,2014,Kharif,Maize,43274,50155,1.159010029
Uttar Pradesh,GONDA,2014,Kharif,Moong(Green Gram),44,14,0.318181818
Uttar Pradesh,GONDA,2014,Kharif,Rice,134534,278485,2.069997175
Uttar Pradesh,GONDA,2014,Kharif,Sesamum,342,67,0.195906433
Uttar Pradesh,GONDA,2014,Kharif,Sugarcane,79442,4088721,51.46800181
Uttar Pradesh,GONDA,2014,Kharif,Sweet potato,3,37,12.33333333
Uttar Pradesh,GONDA,2014,Kharif,Urad,722,387,0.53601108
Uttar Pradesh,GONDA,2014,Rabi,Barley,957,1641,1.714733542
Uttar Pradesh,GONDA,2014,Rabi,Coriander,13,6,0.461538462
Uttar Pradesh,GONDA,2014,Rabi,Garlic,47,272,5.787234043
Uttar Pradesh,GONDA,2014,Rabi,Gram,593,178,0.300168634
Uttar Pradesh,GONDA,2014,Rabi,Linseed,27,16,0.592592593
Uttar Pradesh,GONDA,2014,Rabi,Maize,237,567,2.392405063
Uttar Pradesh,GONDA,2014,Rabi,Masoor,14552,11118,0.764018692
Uttar Pradesh,GONDA,2014,Rabi,Onion,169,2586,15.30177515
Uttar Pradesh,GONDA,2014,Rabi,Peas & beans (Pulses),3278,2475,0.755033557
Uttar Pradesh,GONDA,2014,Rabi,Potato,3042,68624,22.55884287
Uttar Pradesh,GONDA,2014,Rabi,Rapeseed &Mustard,7759,5719,0.737079521
Uttar Pradesh,GONDA,2014,Rabi,Tobacco,1968,5625,2.858231707
Uttar Pradesh,GONDA,2014,Rabi,Wheat,154990,401889,2.592999548
Uttar Pradesh,GONDA,2014,Summer,Banana,39,1759,45.1025641
Uttar Pradesh,GONDA,2014,Summer,Maize,2789,4959,1.778056651
Uttar Pradesh,GONDA,2014,Summer,Moong(Green Gram),378,254,0.671957672
Uttar Pradesh,GONDA,2014,Summer,Onion,767,14542,18.95958279
Uttar Pradesh,GONDA,2014,Summer,Sunflower,9,15,1.666666667
Uttar Pradesh,GONDA,2014,Summer,Urad,671,362,0.539493294
Uttar Pradesh,GORAKHPUR,1997,Kharif,Arhar/Tur,15003,14079,0.938412318
Uttar Pradesh,GORAKHPUR,1997,Kharif,Bajra,626,1056,1.686900958
Uttar Pradesh,GORAKHPUR,1997,Kharif,Groundnut,2682,2148,0.800894855
Uttar Pradesh,GORAKHPUR,1997,Kharif,Jowar,47,47,1
Uttar Pradesh,GORAKHPUR,1997,Kharif,Maize,4322,6583,1.523137436
Uttar Pradesh,GORAKHPUR,1997,Kharif,Moong(Green Gram),12,3,0.25
Uttar Pradesh,GORAKHPUR,1997,Kharif,Oilseeds total,5843,3987,0.682354955
Uttar Pradesh,GORAKHPUR,1997,Kharif,Onion,347,3572,10.29394813
Uttar Pradesh,GORAKHPUR,1997,Kharif,Rice,152774,245823,1.60906306
Uttar Pradesh,GORAKHPUR,1997,Kharif,Sesamum,398,60,0.150753769
Uttar Pradesh,GORAKHPUR,1997,Kharif,Small millets,2365,1652,0.698520085
Uttar Pradesh,GORAKHPUR,1997,Kharif,Sugarcane,6719,379133,56.42699807
Uttar Pradesh,GORAKHPUR,1997,Kharif,Total foodgrain,361515,675047,1.867272451
Uttar Pradesh,GORAKHPUR,1997,Kharif,Urad,83,34,0.409638554
Uttar Pradesh,GORAKHPUR,1997,Rabi,Barley,3117,7801,2.502726981
Uttar Pradesh,GORAKHPUR,1997,Rabi,Gram,2655,1788,0.673446328
Uttar Pradesh,GORAKHPUR,1997,Rabi,Linseed,52,22,0.423076923
Uttar Pradesh,GORAKHPUR,1997,Rabi,Masoor,4136,4032,0.974854932
Uttar Pradesh,GORAKHPUR,1997,Rabi,Peas & beans (Pulses),3573,4641,1.29890848
Uttar Pradesh,GORAKHPUR,1997,Rabi,Rapeseed &Mustard,2690,1729,0.642750929
Uttar Pradesh,GORAKHPUR,1997,Rabi,Sunflower,21,28,1.333333333
Uttar Pradesh,GORAKHPUR,1997,Rabi,Wheat,172165,386693,2.246060465
Uttar Pradesh,GORAKHPUR,1997,Summer,Maize,164,259,1.579268293
Uttar Pradesh,GORAKHPUR,1997,Summer,Moong(Green Gram),135,58,0.42962963
Uttar Pradesh,GORAKHPUR,1997,Summer,Rice,298,479,1.60738255
Uttar Pradesh,GORAKHPUR,1997,Summer,Urad,40,19,0.475
Uttar Pradesh,GORAKHPUR,1997,Whole Year,Potato,5167,44217,8.557576931
Uttar Pradesh,GORAKHPUR,1997,Whole Year,Sugarcane,6719,379193,56.43592797
Uttar Pradesh,GORAKHPUR,1998,Kharif,Arhar/Tur,9362,5625,0.600833155
Uttar Pradesh,GORAKHPUR,1998,Kharif,Bajra,269,427,1.587360595
Uttar Pradesh,GORAKHPUR,1998,Kharif,Groundnut,1860,1542,0.829032258
Uttar Pradesh,GORAKHPUR,1998,Kharif,Jowar,23,17,0.739130435
Uttar Pradesh,GORAKHPUR,1998,Kharif,Maize,3403,1480,0.434910373
Uttar Pradesh,GORAKHPUR,1998,Kharif,Moong(Green Gram),4,1,0.25
Uttar Pradesh,GORAKHPUR,1998,Kharif,Ragi,7,9,1.285714286
Uttar Pradesh,GORAKHPUR,1998,Kharif,Rice,139260,197081,1.415201781
Uttar Pradesh,GORAKHPUR,1998,Kharif,Sesamum,226,28,0.123893805
Uttar Pradesh,GORAKHPUR,1998,Kharif,Small millets,1181,473,0.400508044
Uttar Pradesh,GORAKHPUR,1998,Kharif,Urad,73,20,0.273972603
Uttar Pradesh,GORAKHPUR,1998,Rabi,Barley,3851,8975,2.33056349
Uttar Pradesh,GORAKHPUR,1998,Rabi,Gram,2126,1708,0.803386642
Uttar Pradesh,GORAKHPUR,1998,Rabi,Linseed,82,31,0.37804878
Uttar Pradesh,GORAKHPUR,1998,Rabi,Masoor,3867,2684,0.694078097
Uttar Pradesh,GORAKHPUR,1998,Rabi,Peas & beans (Pulses),3805,4018,1.055978975
Uttar Pradesh,GORAKHPUR,1998,Rabi,Rapeseed &Mustard,3013,2052,0.681048789
Uttar Pradesh,GORAKHPUR,1998,Rabi,Sunflower,14,17,1.214285714
Uttar Pradesh,GORAKHPUR,1998,Rabi,Wheat,180742,417867,2.31195295
Uttar Pradesh,GORAKHPUR,1998,Summer,Maize,161,163,1.01242236
Uttar Pradesh,GORAKHPUR,1998,Summer,Moong(Green Gram),124,54,0.435483871
Uttar Pradesh,GORAKHPUR,1998,Summer,Rice,247,350,1.417004049
Uttar Pradesh,GORAKHPUR,1998,Summer,Urad,28,22,0.785714286
Uttar Pradesh,GORAKHPUR,1998,Whole Year,Onion,244,2946,12.07377049
Uttar Pradesh,GORAKHPUR,1998,Whole Year,Potato,5058,74418,14.71293001
Uttar Pradesh,GORAKHPUR,1998,Whole Year,Sugarcane,5701,288425,50.5920014
Uttar Pradesh,GORAKHPUR,1999,Kharif,Arhar/Tur,11972,9195,0.768042098
Uttar Pradesh,GORAKHPUR,1999,Kharif,Bajra,378,675,1.785714286
Uttar Pradesh,GORAKHPUR,1999,Kharif,Groundnut,2201,2564,1.164925034
Uttar Pradesh,GORAKHPUR,1999,Kharif,Jowar,94,122,1.29787234
Uttar Pradesh,GORAKHPUR,1999,Kharif,Maize,3613,3985,1.102961528
Uttar Pradesh,GORAKHPUR,1999,Kharif,Rice,151577,285787,1.88542457
Uttar Pradesh,GORAKHPUR,1999,Kharif,Small millets,162,105,0.648148148
Uttar Pradesh,GORAKHPUR,1999,Kharif,Soyabean,1,1,1
Uttar Pradesh,GORAKHPUR,1999,Kharif,Sunflower,50,65,1.3
Uttar Pradesh,GORAKHPUR,1999,Kharif,Urad,135,56,0.414814815
Uttar Pradesh,GORAKHPUR,1999,Rabi,Barley,2840,6224,2.191549296
Uttar Pradesh,GORAKHPUR,1999,Rabi,Gram,1695,1498,0.883775811
Uttar Pradesh,GORAKHPUR,1999,Rabi,Linseed,57,25,0.438596491
Uttar Pradesh,GORAKHPUR,1999,Rabi,Maize,199,288,1.447236181
Uttar Pradesh,GORAKHPUR,1999,Rabi,Rapeseed &Mustard,3006,2556,0.850299401
Uttar Pradesh,GORAKHPUR,1999,Rabi,Wheat,178806,434243,2.42857063
Uttar Pradesh,GORAKHPUR,1999,Summer,Moong(Green Gram),91,67,0.736263736
Uttar Pradesh,GORAKHPUR,1999,Summer,Rice,204,385,1.887254902
Uttar Pradesh,GORAKHPUR,1999,Summer,Urad,21,15,0.714285714
Uttar Pradesh,GORAKHPUR,1999,Whole Year,Onion,321,4602,14.3364486
Uttar Pradesh,GORAKHPUR,1999,Whole Year,Peas & beans (Pulses),3541,4865,1.373905676
Uttar Pradesh,GORAKHPUR,1999,Whole Year,Potato,5219,69469,13.31078751
Uttar Pradesh,GORAKHPUR,1999,Whole Year,Sugarcane,5217,295324,56.60801227
Uttar Pradesh,GORAKHPUR,2000,Kharif,Arhar/Tur,9948,7977,0.801869723
Uttar Pradesh,GORAKHPUR,2000,Kharif,Bajra,278,466,1.676258993
Uttar Pradesh,GORAKHPUR,2000,Kharif,Groundnut,2011,2120,1.05420189
Uttar Pradesh,GORAKHPUR,2000,Kharif,Jowar,42,53,1.261904762
Uttar Pradesh,GORAKHPUR,2000,Kharif,Maize,3264,4759,1.458026961
Uttar Pradesh,GORAKHPUR,2000,Kharif,Moong(Green Gram),4,1,0.25
Uttar Pradesh,GORAKHPUR,2000,Kharif,Rice,149402,278272,1.862572121
Uttar Pradesh,GORAKHPUR,2000,Kharif,Sesamum,179,29,0.162011173
Uttar Pradesh,GORAKHPUR,2000,Kharif,Small millets,224,151,0.674107143
Uttar Pradesh,GORAKHPUR,2000,Kharif,Urad,70,29,0.414285714
Uttar Pradesh,GORAKHPUR,2000,Rabi,Barley,2686,3441,1.281087118
Uttar Pradesh,GORAKHPUR,2000,Rabi,Gram,1383,1090,0.788141721
Uttar Pradesh,GORAKHPUR,2000,Rabi,Linseed,33,12,0.363636364
Uttar Pradesh,GORAKHPUR,2000,Rabi,Maize,173,281,1.624277457
Uttar Pradesh,GORAKHPUR,2000,Rabi,Masoor,3656,3836,1.049234136
Uttar Pradesh,GORAKHPUR,2000,Rabi,Moong(Green Gram),46,21,0.456521739
Uttar Pradesh,GORAKHPUR,2000,Rabi,Peas & beans (Pulses),3283,4550,1.385927505
Uttar Pradesh,GORAKHPUR,2000,Rabi,Rapeseed &Mustard,2965,1900,0.640809444
Uttar Pradesh,GORAKHPUR,2000,Rabi,Urad,16,7,0.4375
Uttar Pradesh,GORAKHPUR,2000,Rabi,Wheat,180722,431174,2.385841237
Uttar Pradesh,GORAKHPUR,2000,Summer,Rice,229,427,1.864628821
Uttar Pradesh,GORAKHPUR,2000,Whole Year,Potato,4362,61713,14.14786795
Uttar Pradesh,GORAKHPUR,2000,Whole Year,Sugarcane,4213,230367,54.68003798
Uttar Pradesh,GORAKHPUR,2000,Whole Year,Turmeric,2,4,2
Uttar Pradesh,GORAKHPUR,2001,Kharif,Arhar/Tur,8773,3796,0.432691212
Uttar Pradesh,GORAKHPUR,2001,Kharif,Bajra,136,191,1.404411765
Uttar Pradesh,GORAKHPUR,2001,Kharif,Groundnut,2169,2312,1.065929
Uttar Pradesh,GORAKHPUR,2001,Kharif,Jowar,23,31,1.347826087
Uttar Pradesh,GORAKHPUR,2001,Kharif,Maize,2890,5261,1.820415225
Uttar Pradesh,GORAKHPUR,2001,Kharif,Moong(Green Gram),1,0.1,0.1
Uttar Pradesh,GORAKHPUR,2001,Kharif,Rice,155864,262873,1.686553662
Uttar Pradesh,GORAKHPUR,2001,Kharif,Sesamum,165,41,0.248484848
Uttar Pradesh,GORAKHPUR,2001,Kharif,Small millets,210,156,0.742857143
Uttar Pradesh,GORAKHPUR,2001,Kharif,Sunflower,117,225,1.923076923
Uttar Pradesh,GORAKHPUR,2001,Kharif,Urad,50,21,0.42
Uttar Pradesh,GORAKHPUR,2001,Rabi,Barley,2877,6326,2.198818213
Uttar Pradesh,GORAKHPUR,2001,Rabi,Gram,1253,1115,0.889864326
Uttar Pradesh,GORAKHPUR,2001,Rabi,Linseed,31,13,0.419354839
Uttar Pradesh,GORAKHPUR,2001,Rabi,Maize,272,443,1.628676471
Uttar Pradesh,GORAKHPUR,2001,Rabi,Masoor,2853,2123,0.744128987
Uttar Pradesh,GORAKHPUR,2001,Rabi,Peas & beans (Pulses),3358,4060,1.209053008
Uttar Pradesh,GORAKHPUR,2001,Rabi,Rapeseed &Mustard,2962,1950,0.65833896
Uttar Pradesh,GORAKHPUR,2001,Rabi,Urad,12,6,0.5
Uttar Pradesh,GORAKHPUR,2001,Rabi,Wheat,187175,494151,2.640048083
Uttar Pradesh,GORAKHPUR,2001,Summer,Rice,208,351,1.6875
Uttar Pradesh,GORAKHPUR,2001,Whole Year,Potato,4038,55381,13.7149579
Uttar Pradesh,GORAKHPUR,2001,Whole Year,Sugarcane,4216,236012,55.9800759
Uttar Pradesh,GORAKHPUR,2001,Whole Year,Turmeric,2,4,2
Uttar Pradesh,GORAKHPUR,2002,Kharif,Bajra,209,313,1.497607656
Uttar Pradesh,GORAKHPUR,2002,Kharif,Groundnut,2285,2079,0.909846827
Uttar Pradesh,GORAKHPUR,2002,Kharif,Jowar,131,178,1.358778626
Uttar Pradesh,GORAKHPUR,2002,Kharif,Maize,3564,4764,1.336700337
Uttar Pradesh,GORAKHPUR,2002,Kharif,Moong(Green Gram),5,2,0.4
Uttar Pradesh,GORAKHPUR,2002,Kharif,Rice,151601,227291,1.499271113
Uttar Pradesh,GORAKHPUR,2002,Kharif,Sesamum,196,32,0.163265306
Uttar Pradesh,GORAKHPUR,2002,Kharif,Small millets,112,94,0.839285714
Uttar Pradesh,GORAKHPUR,2002,Kharif,Sunflower,26,38,1.461538462
Uttar Pradesh,GORAKHPUR,2002,Kharif,Urad,16,6,0.375
Uttar Pradesh,GORAKHPUR,2002,Rabi,Barley,2716,4171,1.535714286
Uttar Pradesh,GORAKHPUR,2002,Rabi,Gram,1064,882,0.828947368
Uttar Pradesh,GORAKHPUR,2002,Rabi,Linseed,40,17,0.425
Uttar Pradesh,GORAKHPUR,2002,Rabi,Maize,289,320,1.107266436
Uttar Pradesh,GORAKHPUR,2002,Rabi,Masoor,2738,1632,0.596055515
Uttar Pradesh,GORAKHPUR,2002,Rabi,Onion,68,702,10.32352941
Uttar Pradesh,GORAKHPUR,2002,Rabi,Peas & beans (Pulses),2996,3682,1.228971963
Uttar Pradesh,GORAKHPUR,2002,Rabi,Ragi,38,56,1.473684211
Uttar Pradesh,GORAKHPUR,2002,Rabi,Rapeseed &Mustard,2973,1791,0.602421796
Uttar Pradesh,GORAKHPUR,2002,Rabi,Wheat,185344,389444,2.101195615
Uttar Pradesh,GORAKHPUR,2002,Summer,Moong(Green Gram),29,17,0.586206897
Uttar Pradesh,GORAKHPUR,2002,Summer,Onion,145,1621,11.17931034
Uttar Pradesh,GORAKHPUR,2002,Summer,Rice,160,240,1.5
Uttar Pradesh,GORAKHPUR,2002,Summer,Urad,7,4,0.571428571
Uttar Pradesh,GORAKHPUR,2002,Whole Year,Potato,4547,105486,23.19903233
Uttar Pradesh,GORAKHPUR,2002,Whole Year,Sugarcane,3909,221374,56.63187516
Uttar Pradesh,GORAKHPUR,2003,Kharif,Arhar/Tur,8659,4974,0.574431228
Uttar Pradesh,GORAKHPUR,2003,Kharif,Bajra,154,228,1.480519481
Uttar Pradesh,GORAKHPUR,2003,Kharif,Groundnut,2694,3138,1.16481069
Uttar Pradesh,GORAKHPUR,2003,Kharif,Jowar,29,40,1.379310345
Uttar Pradesh,GORAKHPUR,2003,Kharif,Maize,3495,3159,0.903862661
Uttar Pradesh,GORAKHPUR,2003,Kharif,Moong(Green Gram),2,0,0
Uttar Pradesh,GORAKHPUR,2003,Kharif,Rice,150889,305263,2.023096448
Uttar Pradesh,GORAKHPUR,2003,Kharif,Sesamum,196,25,0.12755102
Uttar Pradesh,GORAKHPUR,2003,Kharif,Sunflower,86,144,1.674418605
Uttar Pradesh,GORAKHPUR,2003,Kharif,Urad,27,7,0.259259259
Uttar Pradesh,GORAKHPUR,2003,Rabi,Barley,2463,4593,1.864799026
Uttar Pradesh,GORAKHPUR,2003,Rabi,Gram,894,820,0.917225951
Uttar Pradesh,GORAKHPUR,2003,Rabi,Linseed,38,19,0.5
Uttar Pradesh,GORAKHPUR,2003,Rabi,Maize,18,25,1.388888889
Uttar Pradesh,GORAKHPUR,2003,Rabi,Masoor,2530,2393,0.945849802
Uttar Pradesh,GORAKHPUR,2003,Rabi,Onion,65,933,14.35384615
Uttar Pradesh,GORAKHPUR,2003,Rabi,Peas & beans (Pulses),3095,4246,1.371890145
Uttar Pradesh,GORAKHPUR,2003,Rabi,Ragi,34,50,1.470588235
Uttar Pradesh,GORAKHPUR,2003,Rabi,Rapeseed &Mustard,3289,2724,0.828215263
Uttar Pradesh,GORAKHPUR,2003,Rabi,Wheat,188283,445288,2.364993122
Uttar Pradesh,GORAKHPUR,2003,Summer,Maize,303,414,1.366336634
Uttar Pradesh,GORAKHPUR,2003,Summer,Moong(Green Gram),23,12,0.52173913
Uttar Pradesh,GORAKHPUR,2003,Summer,Onion,140,1426,10.18571429
Uttar Pradesh,GORAKHPUR,2003,Summer,Rice,142,287,2.021126761
Uttar Pradesh,GORAKHPUR,2003,Summer,Urad,3,2,0.666666667
Uttar Pradesh,GORAKHPUR,2003,Whole Year,Potato,4499,79857,17.74994443
Uttar Pradesh,GORAKHPUR,2003,Whole Year,Sugarcane,3830,202117,52.77206266
Uttar Pradesh,GORAKHPUR,2004,Kharif,Bajra,161,279,1.732919255
Uttar Pradesh,GORAKHPUR,2004,Kharif,Groundnut,3584,2312,0.645089286
Uttar Pradesh,GORAKHPUR,2004,Kharif,Jowar,29,34,1.172413793
Uttar Pradesh,GORAKHPUR,2004,Kharif,Maize,3889,4838,1.244021599
Uttar Pradesh,GORAKHPUR,2004,Kharif,Rice,148255,224879,1.51683923
Uttar Pradesh,GORAKHPUR,2004,Kharif,Sannhamp,1,,
Uttar Pradesh,GORAKHPUR,2004,Kharif,Sesamum,151,24,0.158940397
Uttar Pradesh,GORAKHPUR,2004,Kharif,Small millets,11,4,0.363636364
Uttar Pradesh,GORAKHPUR,2004,Kharif,Sugarcane,3114,173026,55.56390495
Uttar Pradesh,GORAKHPUR,2004,Rabi,Barley,2323,4482,1.929401636
Uttar Pradesh,GORAKHPUR,2004,Rabi,Gram,750,642,0.856
Uttar Pradesh,GORAKHPUR,2004,Rabi,Linseed,19,9,0.473684211
Uttar Pradesh,GORAKHPUR,2004,Rabi,Maize,9,42,4.666666667
Uttar Pradesh,GORAKHPUR,2004,Rabi,Potato,4504,74523,16.54595915
Uttar Pradesh,GORAKHPUR,2004,Rabi,Rapeseed &Mustard,3184,2165,0.679962312
Uttar Pradesh,GORAKHPUR,2004,Rabi,Wheat,184279,441701,2.396914461
Uttar Pradesh,GORAKHPUR,2004,Summer,Sunflower,1,2,2
Uttar Pradesh,GORAKHPUR,2004,Whole Year,Banana,724,26331,36.36878453
Uttar Pradesh,GORAKHPUR,2004,Whole Year,Dry chillies,13,12,0.923076923
Uttar Pradesh,GORAKHPUR,2004,Whole Year,Garlic,2,9,4.5
Uttar Pradesh,GORAKHPUR,2004,Whole Year,Guar seed,38,32,0.842105263
Uttar Pradesh,GORAKHPUR,2004,Whole Year,Onion,179,2085,11.64804469
Uttar Pradesh,GORAKHPUR,2004,Whole Year,Sweet potato,30,349,11.63333333
Uttar Pradesh,GORAKHPUR,2005,Kharif,Bajra,155,243,1.567741935
Uttar Pradesh,GORAKHPUR,2005,Kharif,Jowar,23,29,1.260869565
Uttar Pradesh,GORAKHPUR,2005,Kharif,Maize,4678,7751,1.65690466
Uttar Pradesh,GORAKHPUR,2005,Kharif,Rice,150889,271902,1.802000146
Uttar Pradesh,GORAKHPUR,2005,Kharif,Sesamum,316,56,0.17721519
Uttar Pradesh,GORAKHPUR,2005,Kharif,Small millets,40,29,0.725
Uttar Pradesh,GORAKHPUR,2005,Kharif,Sugarcane,3337,187953,56.32394366
Uttar Pradesh,GORAKHPUR,2005,Rabi,Barley,2869,2964,1.033112583
Uttar Pradesh,GORAKHPUR,2005,Rabi,Gram,2657,2346,0.882950696
Uttar Pradesh,GORAKHPUR,2005,Rabi,Linseed,38,16,0.421052632
Uttar Pradesh,GORAKHPUR,2005,Rabi,Potato,4222,94708,22.43202274
Uttar Pradesh,GORAKHPUR,2005,Rabi,Rapeseed &Mustard,3204,2033,0.634519351
Uttar Pradesh,GORAKHPUR,2005,Rabi,Wheat,187412,410807,2.191999445
Uttar Pradesh,GORAKHPUR,2005,Summer,Sunflower,41,52,1.268292683
Uttar Pradesh,GORAKHPUR,2005,Whole Year,Banana,804,30636,38.10447761
Uttar Pradesh,GORAKHPUR,2005,Whole Year,Coriander,21,12,0.571428571
Uttar Pradesh,GORAKHPUR,2005,Whole Year,Dry chillies,4,3,0.75
Uttar Pradesh,GORAKHPUR,2005,Whole Year,Garlic,2,9,4.5
Uttar Pradesh,GORAKHPUR,2005,Whole Year,Guar seed,24,19,0.791666667
Uttar Pradesh,GORAKHPUR,2005,Whole Year,Onion,242,3115,12.87190083
Uttar Pradesh,GORAKHPUR,2005,Whole Year,Sweet potato,11,144,13.09090909
Uttar Pradesh,GORAKHPUR,2006,Kharif,Arhar/Tur,8613,4644,0.539184953
Uttar Pradesh,GORAKHPUR,2006,Kharif,Bajra,161,260,1.614906832
Uttar Pradesh,GORAKHPUR,2006,Kharif,Dry ginger,5,15,3
Uttar Pradesh,GORAKHPUR,2006,Kharif,Groundnut,3648,3393,0.930098684
Uttar Pradesh,GORAKHPUR,2006,Kharif,Jowar,29,37,1.275862069
Uttar Pradesh,GORAKHPUR,2006,Kharif,Maize,4293,5354,1.247146518
Uttar Pradesh,GORAKHPUR,2006,Kharif,Other Kharif pulses,79,41,0.518987342
Uttar Pradesh,GORAKHPUR,2006,Kharif,Rice,145171,246210,1.69599989
Uttar Pradesh,GORAKHPUR,2006,Kharif,Sannhamp,2,1,0.5
Uttar Pradesh,GORAKHPUR,2006,Kharif,Sesamum,204,34,0.166666667
Uttar Pradesh,GORAKHPUR,2006,Kharif,Small millets,10,6,0.6
Uttar Pradesh,GORAKHPUR,2006,Kharif,Sugarcane,4225,231327,54.75195266
Uttar Pradesh,GORAKHPUR,2006,Kharif,Sweet potato,23,314,13.65217391
Uttar Pradesh,GORAKHPUR,2006,Rabi,Barley,895,1742,1.946368715
Uttar Pradesh,GORAKHPUR,2006,Rabi,Garlic,3,13,4.333333333
Uttar Pradesh,GORAKHPUR,2006,Rabi,Gram,867,616,0.710495963
Uttar Pradesh,GORAKHPUR,2006,Rabi,Linseed,23,8,0.347826087
Uttar Pradesh,GORAKHPUR,2006,Rabi,Maize,4,13,3.25
Uttar Pradesh,GORAKHPUR,2006,Rabi,Masoor,1739,1068,0.614146061
Uttar Pradesh,GORAKHPUR,2006,Rabi,Onion,52,998,19.19230769
Uttar Pradesh,GORAKHPUR,2006,Rabi,Other  Rabi pulses,2084,2015,0.966890595
Uttar Pradesh,GORAKHPUR,2006,Rabi,Potato,4667,86013,18.43004071
Uttar Pradesh,GORAKHPUR,2006,Rabi,Rapeseed &Mustard,3679,2297,0.624354444
Uttar Pradesh,GORAKHPUR,2006,Rabi,Wheat,184304,465368,2.52500217
Uttar Pradesh,GORAKHPUR,2006,Summer,Maize,228,302,1.324561404
Uttar Pradesh,GORAKHPUR,2006,Summer,Onion,119,1386,11.64705882
Uttar Pradesh,GORAKHPUR,2006,Summer,Rice,174,295,1.695402299
Uttar Pradesh,GORAKHPUR,2006,Whole Year,Banana,767,29772,38.81616688
Uttar Pradesh,GORAKHPUR,2006,Whole Year,Coriander,27,14,0.518518519
Uttar Pradesh,GORAKHPUR,2006,Whole Year,Dry chillies,13,12,0.923076923
Uttar Pradesh,GORAKHPUR,2006,Whole Year,Guar seed,21,17,0.80952381
Uttar Pradesh,GORAKHPUR,2007,Kharif,Arhar/Tur,5291,3177,0.6004536
Uttar Pradesh,GORAKHPUR,2007,Kharif,Bajra,117,182,1.555555556
Uttar Pradesh,GORAKHPUR,2007,Kharif,Dry chillies,16,15,0.9375
Uttar Pradesh,GORAKHPUR,2007,Kharif,Groundnut,2851,2170,0.761136443
Uttar Pradesh,GORAKHPUR,2007,Kharif,Guar seed,3,2,0.666666667
Uttar Pradesh,GORAKHPUR,2007,Kharif,Jowar,28,22,0.785714286
Uttar Pradesh,GORAKHPUR,2007,Kharif,Maize,4019,2039,0.507340134
Uttar Pradesh,GORAKHPUR,2007,Kharif,Rice,149578,282104,1.885999278
Uttar Pradesh,GORAKHPUR,2007,Kharif,Sesamum,1025,158,0.154146341
Uttar Pradesh,GORAKHPUR,2007,Kharif,Small millets,5,3,0.6
Uttar Pradesh,GORAKHPUR,2007,Kharif,Sugarcane,2046,107390,52.48778104
Uttar Pradesh,GORAKHPUR,2007,Kharif,Sweet potato,11,148,13.45454545
Uttar Pradesh,GORAKHPUR,2007,Kharif,Urad,7,3,0.428571429
Uttar Pradesh,GORAKHPUR,2007,Rabi,Barley,1798,4254,2.36596218
Uttar Pradesh,GORAKHPUR,2007,Rabi,Coriander,21,12,0.571428571
Uttar Pradesh,GORAKHPUR,2007,Rabi,Gram,523,375,0.717017208
Uttar Pradesh,GORAKHPUR,2007,Rabi,Linseed,8,2,0.25
Uttar Pradesh,GORAKHPUR,2007,Rabi,Maize,17,46,2.705882353
Uttar Pradesh,GORAKHPUR,2007,Rabi,Masoor,2118,1756,0.829084042
Uttar Pradesh,GORAKHPUR,2007,Rabi,Onion,39,545,13.97435897
Uttar Pradesh,GORAKHPUR,2007,Rabi,Other  Rabi pulses,2558,2399,0.937842064
Uttar Pradesh,GORAKHPUR,2007,Rabi,Potato,4982,109484,21.97591329
Uttar Pradesh,GORAKHPUR,2007,Rabi,Rapeseed &Mustard,3075,2234,0.726504065
Uttar Pradesh,GORAKHPUR,2007,Rabi,Turmeric,1,3,3
Uttar Pradesh,GORAKHPUR,2007,Rabi,Wheat,186639,512996,2.748600239
Uttar Pradesh,GORAKHPUR,2007,Summer,Maize,292,420,1.438356164
Uttar Pradesh,GORAKHPUR,2007,Summer,Moong(Green Gram),26,16,0.615384615
Uttar Pradesh,GORAKHPUR,2007,Summer,Onion,106,1431,13.5
Uttar Pradesh,GORAKHPUR,2007,Summer,Rice,138,260,1.884057971
Uttar Pradesh,GORAKHPUR,2007,Summer,Sunflower,3,5,1.666666667
Uttar Pradesh,GORAKHPUR,2007,Summer,Urad,5,3,0.6
Uttar Pradesh,GORAKHPUR,2008,Kharif,Arhar/Tur,3866,2531,0.654681842
Uttar Pradesh,GORAKHPUR,2008,Kharif,Bajra,53,92,1.735849057
Uttar Pradesh,GORAKHPUR,2008,Kharif,Dry chillies,2,2,1
Uttar Pradesh,GORAKHPUR,2008,Kharif,Groundnut,3082,3085,1.000973394
Uttar Pradesh,GORAKHPUR,2008,Kharif,Guar seed,17,14,0.823529412
Uttar Pradesh,GORAKHPUR,2008,Kharif,Jowar,40,48,1.2
Uttar Pradesh,GORAKHPUR,2008,Kharif,Maize,7008,,
Uttar Pradesh,GORAKHPUR,2008,Kharif,Rice,152772,296072,1.93799911
Uttar Pradesh,GORAKHPUR,2008,Kharif,Sesamum,21,3,0.142857143
Uttar Pradesh,GORAKHPUR,2008,Kharif,Small millets,2,1,0.5
Uttar Pradesh,GORAKHPUR,2008,Kharif,Sugarcane,3312,160632,48.5
Uttar Pradesh,GORAKHPUR,2008,Kharif,Sweet potato,2,25,12.5
Uttar Pradesh,GORAKHPUR,2008,Kharif,Urad,3,2,0.666666667
Uttar Pradesh,GORAKHPUR,2008,Rabi,Barley,1123,2627,2.339269813
Uttar Pradesh,GORAKHPUR,2008,Rabi,Coriander,18,10,0.555555556
Uttar Pradesh,GORAKHPUR,2008,Rabi,Garlic,2,12,6
Uttar Pradesh,GORAKHPUR,2008,Rabi,Gram,470,444,0.944680851
Uttar Pradesh,GORAKHPUR,2008,Rabi,Linseed,1,,
Uttar Pradesh,GORAKHPUR,2008,Rabi,Maize,15,39,2.6
Uttar Pradesh,GORAKHPUR,2008,Rabi,Masoor,1801,1256,0.697390339
Uttar Pradesh,GORAKHPUR,2008,Rabi,Onion,44,516,11.72727273
Uttar Pradesh,GORAKHPUR,2008,Rabi,Peas & beans (Pulses),2494,3010,1.206896552
Uttar Pradesh,GORAKHPUR,2008,Rabi,Potato,4441,49677,11.18599415
Uttar Pradesh,GORAKHPUR,2008,Rabi,Rapeseed &Mustard,3074,1918,0.623942746
Uttar Pradesh,GORAKHPUR,2008,Rabi,Wheat,188362,512497,2.720808868
Uttar Pradesh,GORAKHPUR,2008,Summer,Banana,804,30636,38.10447761
Uttar Pradesh,GORAKHPUR,2008,Summer,Maize,233,349,1.497854077
Uttar Pradesh,GORAKHPUR,2008,Summer,Moong(Green Gram),56,42,0.75
Uttar Pradesh,GORAKHPUR,2008,Summer,Rice,157,304,1.936305732
Uttar Pradesh,GORAKHPUR,2008,Summer,Urad,11,7,0.636363636
Uttar Pradesh,GORAKHPUR,2009,Kharif,Arhar/Tur,3967,2565,0.646584321
Uttar Pradesh,GORAKHPUR,2009,Kharif,Bajra,11,19,1.727272727
Uttar Pradesh,GORAKHPUR,2009,Kharif,Dry chillies,10,9,0.9
Uttar Pradesh,GORAKHPUR,2009,Kharif,Groundnut,3065,2066,0.67406199
Uttar Pradesh,GORAKHPUR,2009,Kharif,Guar seed,17,14,0.823529412
Uttar Pradesh,GORAKHPUR,2009,Kharif,Jowar,4,4,1
Uttar Pradesh,GORAKHPUR,2009,Kharif,Maize,1991,1995,1.002009041
Uttar Pradesh,GORAKHPUR,2009,Kharif,Rice,152407,277533,1.820999035
Uttar Pradesh,GORAKHPUR,2009,Kharif,Sesamum,267,28,0.104868914
Uttar Pradesh,GORAKHPUR,2009,Kharif,Small millets,12,5,0.416666667
Uttar Pradesh,GORAKHPUR,2009,Kharif,Sugarcane,2812,140263,49.88015647
Uttar Pradesh,GORAKHPUR,2009,Kharif,Sweet potato,15,204,13.6
Uttar Pradesh,GORAKHPUR,2009,Kharif,Urad,114,44,0.385964912
Uttar Pradesh,GORAKHPUR,2009,Rabi,Barley,2036,4687,2.302062868
Uttar Pradesh,GORAKHPUR,2009,Rabi,Coriander,15,8,0.533333333
Uttar Pradesh,GORAKHPUR,2009,Rabi,Garlic,3,16,5.333333333
Uttar Pradesh,GORAKHPUR,2009,Rabi,Gram,603,459,0.76119403
Uttar Pradesh,GORAKHPUR,2009,Rabi,Maize,16,49,3.0625
Uttar Pradesh,GORAKHPUR,2009,Rabi,Masoor,1309,983,0.750954927
Uttar Pradesh,GORAKHPUR,2009,Rabi,Onion,41,704,17.17073171
Uttar Pradesh,GORAKHPUR,2009,Rabi,Peas & beans (Pulses),2416,3100,1.283112583
Uttar Pradesh,GORAKHPUR,2009,Rabi,Potato,4638,115328,24.86589047
Uttar Pradesh,GORAKHPUR,2009,Rabi,Rapeseed &Mustard,3482,2618,0.751866743
Uttar Pradesh,GORAKHPUR,2009,Rabi,Wheat,189211,501319,2.649523548
Uttar Pradesh,GORAKHPUR,2009,Summer,Banana,768,31581,41.12109375
Uttar Pradesh,GORAKHPUR,2009,Summer,Maize,250,364,1.456
Uttar Pradesh,GORAKHPUR,2009,Summer,Moong(Green Gram),52,37,0.711538462
Uttar Pradesh,GORAKHPUR,2009,Summer,Onion,129,1792,13.89147287
Uttar Pradesh,GORAKHPUR,2009,Summer,Rice,89,162,1.820224719
Uttar Pradesh,GORAKHPUR,2009,Summer,Sunflower,13,29,2.230769231
Uttar Pradesh,GORAKHPUR,2009,Summer,Urad,8,5,0.625
Uttar Pradesh,GORAKHPUR,2010,Kharif,Arhar/Tur,4966,3146,0.633507853
Uttar Pradesh,GORAKHPUR,2010,Kharif,Bajra,34,58,1.705882353
Uttar Pradesh,GORAKHPUR,2010,Kharif,Dry chillies,9,8,0.888888889
Uttar Pradesh,GORAKHPUR,2010,Kharif,Dry ginger,1,3,3
Uttar Pradesh,GORAKHPUR,2010,Kharif,Groundnut,3291,4035,1.226071103
Uttar Pradesh,GORAKHPUR,2010,Kharif,Guar seed,16,13,0.8125
Uttar Pradesh,GORAKHPUR,2010,Kharif,Jowar,3,3,1
Uttar Pradesh,GORAKHPUR,2010,Kharif,Maize,2896,1182,0.408149171
Uttar Pradesh,GORAKHPUR,2010,Kharif,Rice,153977,312111,2.026997539
Uttar Pradesh,GORAKHPUR,2010,Kharif,Sesamum,294,58,0.197278912
Uttar Pradesh,GORAKHPUR,2010,Kharif,Sugarcane,3097,162555,52.48789151
Uttar Pradesh,GORAKHPUR,2010,Kharif,Sweet potato,12,148,12.33333333
Uttar Pradesh,GORAKHPUR,2010,Kharif,Urad,37,25,0.675675676
Uttar Pradesh,GORAKHPUR,2010,Rabi,Barley,2084,5514,2.645873321
Uttar Pradesh,GORAKHPUR,2010,Rabi,Gram,626,578,0.923322684
Uttar Pradesh,GORAKHPUR,2010,Rabi,Linseed,32,15,0.46875
Uttar Pradesh,GORAKHPUR,2010,Rabi,Maize,15,45,3
Uttar Pradesh,GORAKHPUR,2010,Rabi,Masoor,1407,1089,0.773987207
Uttar Pradesh,GORAKHPUR,2010,Rabi,Onion,83,1528,18.40963855
Uttar Pradesh,GORAKHPUR,2010,Rabi,Peas & beans (Pulses),2152,2507,1.164962825
Uttar Pradesh,GORAKHPUR,2010,Rabi,Potato,4925,88182,17.90497462
Uttar Pradesh,GORAKHPUR,2010,Rabi,Rapeseed &Mustard,3463,2680,0.773895466
Uttar Pradesh,GORAKHPUR,2010,Rabi,Turmeric,1,3,3
Uttar Pradesh,GORAKHPUR,2010,Rabi,Wheat,190446,557387,2.926745639
Uttar Pradesh,GORAKHPUR,2010,Summer,Maize,263,385,1.463878327
Uttar Pradesh,GORAKHPUR,2010,Summer,Moong(Green Gram),95,85,0.894736842
Uttar Pradesh,GORAKHPUR,2010,Summer,Rice,152,308,2.026315789
Uttar Pradesh,GORAKHPUR,2010,Summer,Urad,9,6,0.666666667
Uttar Pradesh,GORAKHPUR,2011,Kharif,Arhar/Tur,3522,2879,0.817433277
Uttar Pradesh,GORAKHPUR,2011,Kharif,Bajra,22,45,2.045454545
Uttar Pradesh,GORAKHPUR,2011,Kharif,Dry chillies,3,2,0.666666667
Uttar Pradesh,GORAKHPUR,2011,Kharif,Dry ginger,1,3,3
Uttar Pradesh,GORAKHPUR,2011,Kharif,Groundnut,3540,5154,1.455932203
Uttar Pradesh,GORAKHPUR,2011,Kharif,Guar seed,18,15,0.833333333
Uttar Pradesh,GORAKHPUR,2011,Kharif,Maize,2576,2764,1.072981366
Uttar Pradesh,GORAKHPUR,2011,Kharif,Moong(Green Gram),7,3,0.428571429
Uttar Pradesh,GORAKHPUR,2011,Kharif,Rice,152103,332041,2.183000993
Uttar Pradesh,GORAKHPUR,2011,Kharif,Sesamum,246,53,0.215447154
Uttar Pradesh,GORAKHPUR,2011,Kharif,Small millets,6,6,1
Uttar Pradesh,GORAKHPUR,2011,Kharif,Sugarcane,2839,164310,57.87601268
Uttar Pradesh,GORAKHPUR,2011,Kharif,Sweet potato,13,169,13
Uttar Pradesh,GORAKHPUR,2011,Kharif,Urad,45,30,0.666666667
Uttar Pradesh,GORAKHPUR,2011,Rabi,Barley,1609,4413,2.742697328
Uttar Pradesh,GORAKHPUR,2011,Rabi,Coriander,16,9,0.5625
Uttar Pradesh,GORAKHPUR,2011,Rabi,Garlic,26,134,5.153846154
Uttar Pradesh,GORAKHPUR,2011,Rabi,Gram,472,510,1.080508475
Uttar Pradesh,GORAKHPUR,2011,Rabi,Linseed,29,13,0.448275862
Uttar Pradesh,GORAKHPUR,2011,Rabi,Maize,88,236,2.681818182
Uttar Pradesh,GORAKHPUR,2011,Rabi,Masoor,1294,845,0.65301391
Uttar Pradesh,GORAKHPUR,2011,Rabi,Onion,43,984,22.88372093
Uttar Pradesh,GORAKHPUR,2011,Rabi,Peas & beans (Pulses),2142,2318,1.0821662
Uttar Pradesh,GORAKHPUR,2011,Rabi,Potato,4474,69521,15.53889137
Uttar Pradesh,GORAKHPUR,2011,Rabi,Rapeseed &Mustard,3071,2153,0.701074569
Uttar Pradesh,GORAKHPUR,2011,Rabi,Wheat,188998,578523,3.061000646
Uttar Pradesh,GORAKHPUR,2011,Summer,Banana,667,29141,43.68965517
Uttar Pradesh,GORAKHPUR,2011,Summer,Maize,273,451,1.652014652
Uttar Pradesh,GORAKHPUR,2011,Summer,Moong(Green Gram),65,55,0.846153846
Uttar Pradesh,GORAKHPUR,2011,Summer,Onion,138,1495,10.83333333
Uttar Pradesh,GORAKHPUR,2011,Summer,Rice,147,321,2.183673469
Uttar Pradesh,GORAKHPUR,2011,Summer,Urad,8,5,0.625
Uttar Pradesh,GORAKHPUR,2012,Kharif,Arhar/Tur,4121,2956,0.717301626
Uttar Pradesh,GORAKHPUR,2012,Kharif,Bajra,6,12,2
Uttar Pradesh,GORAKHPUR,2012,Kharif,Dry chillies,1,1,1
Uttar Pradesh,GORAKHPUR,2012,Kharif,Groundnut,3196,4676,1.463078849
Uttar Pradesh,GORAKHPUR,2012,Kharif,Guar seed,14,11,0.785714286
Uttar Pradesh,GORAKHPUR,2012,Kharif,Maize,2445,3205,1.310838446
Uttar Pradesh,GORAKHPUR,2012,Kharif,Rice,151122,344256,2.278000556
Uttar Pradesh,GORAKHPUR,2012,Kharif,Sesamum,195,36,0.184615385
Uttar Pradesh,GORAKHPUR,2012,Kharif,Small millets,28,29,1.035714286
Uttar Pradesh,GORAKHPUR,2012,Kharif,Sugarcane,2714,175737,64.75202653
Uttar Pradesh,GORAKHPUR,2012,Kharif,Sweet potato,7,90,12.85714286
Uttar Pradesh,GORAKHPUR,2012,Kharif,Urad,33,22,0.666666667
Uttar Pradesh,GORAKHPUR,2012,Rabi,Barley,1773,4879,2.751833051
Uttar Pradesh,GORAKHPUR,2012,Rabi,Coriander,8,4,0.5
Uttar Pradesh,GORAKHPUR,2012,Rabi,Garlic,2,11,5.5
Uttar Pradesh,GORAKHPUR,2012,Rabi,Gram,486,464,0.95473251
Uttar Pradesh,GORAKHPUR,2012,Rabi,Linseed,23,11,0.47826087
Uttar Pradesh,GORAKHPUR,2012,Rabi,Maize,9,28,3.111111111
Uttar Pradesh,GORAKHPUR,2012,Rabi,Masoor,1269,961,0.757289204
Uttar Pradesh,GORAKHPUR,2012,Rabi,Onion,47,1081,23
Uttar Pradesh,GORAKHPUR,2012,Rabi,Peas & beans (Pulses),2339,2431,1.039333048
Uttar Pradesh,GORAKHPUR,2012,Rabi,Potato,4587,61686,13.44800523
Uttar Pradesh,GORAKHPUR,2012,Rabi,Rapeseed &Mustard,546,362,0.663003663
Uttar Pradesh,GORAKHPUR,2012,Rabi,Turmeric,4,11,2.75
Uttar Pradesh,GORAKHPUR,2012,Rabi,Wheat,190259,592467,3.114002491
Uttar Pradesh,GORAKHPUR,2012,Summer,Banana,761,33981,44.65308804
Uttar Pradesh,GORAKHPUR,2012,Summer,Maize,296,547,1.847972973
Uttar Pradesh,GORAKHPUR,2012,Summer,Moong(Green Gram),40,33,0.825
Uttar Pradesh,GORAKHPUR,2012,Summer,Onion,120,1306,10.88333333
Uttar Pradesh,GORAKHPUR,2012,Summer,Rice,147,335,2.278911565
Uttar Pradesh,GORAKHPUR,2012,Summer,Urad,9,6,0.666666667
Uttar Pradesh,GORAKHPUR,2013,Kharif,Arhar/Tur,3147,2922,0.928503337
Uttar Pradesh,GORAKHPUR,2013,Kharif,Bajra,6,12,2
Uttar Pradesh,GORAKHPUR,2013,Kharif,Dry chillies,1,1,1
Uttar Pradesh,GORAKHPUR,2013,Kharif,Groundnut,3042,3848,1.264957265
Uttar Pradesh,GORAKHPUR,2013,Kharif,Guar seed,15,13,0.866666667
Uttar Pradesh,GORAKHPUR,2013,Kharif,Maize,2588,2459,0.95015456
Uttar Pradesh,GORAKHPUR,2013,Kharif,Rice,150740,362228,2.402998541
Uttar Pradesh,GORAKHPUR,2013,Kharif,Sesamum,208,31,0.149038462
Uttar Pradesh,GORAKHPUR,2013,Kharif,Small millets,14,10,0.714285714
Uttar Pradesh,GORAKHPUR,2013,Kharif,Sugarcane,2722,170277,62.55584129
Uttar Pradesh,GORAKHPUR,2013,Kharif,Sweet potato,6,79,13.16666667
Uttar Pradesh,GORAKHPUR,2013,Kharif,Urad,12,5,0.416666667
Uttar Pradesh,GORAKHPUR,2013,Rabi,Barley,2317,7052,3.04359085
Uttar Pradesh,GORAKHPUR,2013,Rabi,Coriander,6,3,0.5
Uttar Pradesh,GORAKHPUR,2013,Rabi,Garlic,1,6,6
Uttar Pradesh,GORAKHPUR,2013,Rabi,Gram,981,643,0.655453619
Uttar Pradesh,GORAKHPUR,2013,Rabi,Linseed,31,12,0.387096774
Uttar Pradesh,GORAKHPUR,2013,Rabi,Maize,12,43,3.583333333
Uttar Pradesh,GORAKHPUR,2013,Rabi,Masoor,1250,916,0.7328
Uttar Pradesh,GORAKHPUR,2013,Rabi,Onion,39,793,20.33333333
Uttar Pradesh,GORAKHPUR,2013,Rabi,Peas & beans (Pulses),1480,861,0.581756757
Uttar Pradesh,GORAKHPUR,2013,Rabi,Potato,4542,84874,18.68648173
Uttar Pradesh,GORAKHPUR,2013,Rabi,Rapeseed &Mustard,3817,2718,0.712077548
Uttar Pradesh,GORAKHPUR,2013,Rabi,Wheat,190537,618676,3.247012391
Uttar Pradesh,GORAKHPUR,2013,Summer,Banana,529,23033,43.54064272
Uttar Pradesh,GORAKHPUR,2013,Summer,Maize,201,369,1.835820896
Uttar Pradesh,GORAKHPUR,2013,Summer,Moong(Green Gram),109,73,0.669724771
Uttar Pradesh,GORAKHPUR,2013,Summer,Onion,165,2220,13.45454545
Uttar Pradesh,GORAKHPUR,2013,Summer,Rice,47,113,2.404255319
Uttar Pradesh,GORAKHPUR,2013,Summer,Sunflower,66,106,1.606060606
Uttar Pradesh,GORAKHPUR,2013,Summer,Urad,69,40,0.579710145
Uttar Pradesh,GORAKHPUR,2014,Kharif,Arhar/Tur,3518,1279,0.36355884
Uttar Pradesh,GORAKHPUR,2014,Kharif,Bajra,4,8,2
Uttar Pradesh,GORAKHPUR,2014,Kharif,Dry chillies,8,7,0.875
Uttar Pradesh,GORAKHPUR,2014,Kharif,Groundnut,3042,3258,1.071005917
Uttar Pradesh,GORAKHPUR,2014,Kharif,Guar seed,16,13,0.8125
Uttar Pradesh,GORAKHPUR,2014,Kharif,Maize,2600,4022,1.546923077
Uttar Pradesh,GORAKHPUR,2014,Kharif,Rice,152431,336873,2.210003215
Uttar Pradesh,GORAKHPUR,2014,Kharif,Sesamum,250,49,0.196
Uttar Pradesh,GORAKHPUR,2014,Kharif,Small millets,38,29,0.763157895
Uttar Pradesh,GORAKHPUR,2014,Kharif,Sugarcane,2948,181208,61.46811398
Uttar Pradesh,GORAKHPUR,2014,Kharif,Sweet potato,5,62,12.4
Uttar Pradesh,GORAKHPUR,2014,Kharif,Urad,2,1,0.5
Uttar Pradesh,GORAKHPUR,2014,Rabi,Barley,1873,3413,1.822210358
Uttar Pradesh,GORAKHPUR,2014,Rabi,Coriander,10,5,0.5
Uttar Pradesh,GORAKHPUR,2014,Rabi,Garlic,1,6,6
Uttar Pradesh,GORAKHPUR,2014,Rabi,Gram,855,312,0.364912281
Uttar Pradesh,GORAKHPUR,2014,Rabi,Linseed,26,15,0.576923077
Uttar Pradesh,GORAKHPUR,2014,Rabi,Maize,33,119,3.606060606
Uttar Pradesh,GORAKHPUR,2014,Rabi,Masoor,1151,487,0.423110339
Uttar Pradesh,GORAKHPUR,2014,Rabi,Onion,32,490,15.3125
Uttar Pradesh,GORAKHPUR,2014,Rabi,Peas & beans (Pulses),2123,1030,0.485162506
Uttar Pradesh,GORAKHPUR,2014,Rabi,Potato,4275,60078,14.05333333
Uttar Pradesh,GORAKHPUR,2014,Rabi,Rapeseed &Mustard,3251,1467,0.451245771
Uttar Pradesh,GORAKHPUR,2014,Rabi,Wheat,190247,331410,1.74199856
Uttar Pradesh,GORAKHPUR,2014,Summer,Banana,500,22556,45.112
Uttar Pradesh,GORAKHPUR,2014,Summer,Maize,238,423,1.777310924
Uttar Pradesh,GORAKHPUR,2014,Summer,Moong(Green Gram),97,65,0.670103093
Uttar Pradesh,GORAKHPUR,2014,Summer,Onion,139,1163,8.366906475
Uttar Pradesh,GORAKHPUR,2014,Summer,Rice,52,115,2.211538462
Uttar Pradesh,GORAKHPUR,2014,Summer,Urad,26,14,0.538461538
Uttar Pradesh,HAMIRPUR,1997,Kharif,Arhar/Tur,14492,17711,1.22212255
Uttar Pradesh,HAMIRPUR,1997,Kharif,Bajra,378,296,0.783068783
Uttar Pradesh,HAMIRPUR,1997,Kharif,Castor seed,1,1,1
Uttar Pradesh,HAMIRPUR,1997,Kharif,Groundnut,840,580,0.69047619
Uttar Pradesh,HAMIRPUR,1997,Kharif,Jowar,41874,40752,0.97320533
Uttar Pradesh,HAMIRPUR,1997,Kharif,Maize,2,3,1.5
Uttar Pradesh,HAMIRPUR,1997,Kharif,Moong(Green Gram),2783,771,0.277039166
Uttar Pradesh,HAMIRPUR,1997,Kharif,Oilseeds total,22708,10846,0.477629029
Uttar Pradesh,HAMIRPUR,1997,Kharif,Onion,29,299,10.31034483
Uttar Pradesh,HAMIRPUR,1997,Kharif,Rice,1573,1771,1.125874126
Uttar Pradesh,HAMIRPUR,1997,Kharif,Sesamum,3410,457,0.134017595
Uttar Pradesh,HAMIRPUR,1997,Kharif,Small millets,88,63,0.715909091
Uttar Pradesh,HAMIRPUR,1997,Kharif,Soyabean,3074,2481,0.807091737
Uttar Pradesh,HAMIRPUR,1997,Kharif,Total foodgrain,335499,368500,1.09836393
Uttar Pradesh,HAMIRPUR,1997,Kharif,Urad,28713,9389,0.326994741
Uttar Pradesh,HAMIRPUR,1997,Rabi,Barley,2326,4167,1.791487532
Uttar Pradesh,HAMIRPUR,1997,Rabi,Gram,88593,71400,0.805932749
Uttar Pradesh,HAMIRPUR,1997,Rabi,Linseed,10321,5233,0.507024513
Uttar Pradesh,HAMIRPUR,1997,Rabi,Masoor,34266,23712,0.691997899
Uttar Pradesh,HAMIRPUR,1997,Rabi,Peas & beans (Pulses),29522,33212,1.124991532
Uttar Pradesh,HAMIRPUR,1997,Rabi,Rapeseed &Mustard,5051,2079,0.411601663
Uttar Pradesh,HAMIRPUR,1997,Rabi,Sunflower,11,15,1.363636364
Uttar Pradesh,HAMIRPUR,1997,Rabi,Wheat,90998,165253,1.816006945
Uttar Pradesh,HAMIRPUR,1997,Whole Year,Potato,41,601,14.65853659
Uttar Pradesh,HAMIRPUR,1997,Whole Year,Sugarcane,2687,116307,43.28507629
Uttar Pradesh,HAMIRPUR,1998,Kharif,Arhar/Tur,11118,12090,1.087425796
Uttar Pradesh,HAMIRPUR,1998,Kharif,Bajra,578,319,0.551903114
Uttar Pradesh,HAMIRPUR,1998,Kharif,Groundnut,594,288,0.484848485
Uttar Pradesh,HAMIRPUR,1998,Kharif,Jowar,32113,19769,0.615607386
Uttar Pradesh,HAMIRPUR,1998,Kharif,Maize,5,5,1
Uttar Pradesh,HAMIRPUR,1998,Kharif,Moong(Green Gram),1922,369,0.191987513
Uttar Pradesh,HAMIRPUR,1998,Kharif,Moth,2,1,0.5
Uttar Pradesh,HAMIRPUR,1998,Kharif,Rice,1019,1651,1.620215898
Uttar Pradesh,HAMIRPUR,1998,Kharif,Sesamum,1994,160,0.080240722
Uttar Pradesh,HAMIRPUR,1998,Kharif,Small millets,54,34,0.62962963
Uttar Pradesh,HAMIRPUR,1998,Kharif,Soyabean,2708,1183,0.436853767
Uttar Pradesh,HAMIRPUR,1998,Kharif,Urad,16100,3832,0.238012422
Uttar Pradesh,HAMIRPUR,1998,Rabi,Barley,1705,3419,2.005278592
Uttar Pradesh,HAMIRPUR,1998,Rabi,Castor seed,1,1,1
Uttar Pradesh,HAMIRPUR,1998,Rabi,Gram,94921,78332,0.825233615
Uttar Pradesh,HAMIRPUR,1998,Rabi,Linseed,9301,4427,0.475970326
Uttar Pradesh,HAMIRPUR,1998,Rabi,Masoor,39022,35042,0.898006253
Uttar Pradesh,HAMIRPUR,1998,Rabi,Peas & beans (Pulses),38911,43152,1.108992316
Uttar Pradesh,HAMIRPUR,1998,Rabi,Rapeseed &Mustard,4150,2248,0.541686747
Uttar Pradesh,HAMIRPUR,1998,Rabi,Sunflower,9,11,1.222222222
Uttar Pradesh,HAMIRPUR,1998,Rabi,Wheat,86392,184098,2.1309612
Uttar Pradesh,HAMIRPUR,1998,Whole Year,Onion,33,401,12.15151515
Uttar Pradesh,HAMIRPUR,1998,Whole Year,Potato,52,1186,22.80769231
Uttar Pradesh,HAMIRPUR,1998,Whole Year,Sannhamp,585,213,0.364102564
Uttar Pradesh,HAMIRPUR,1998,Whole Year,Sugarcane,2781,125876,45.26285509
Uttar Pradesh,HAMIRPUR,1998,Whole Year,Tobacco,28,169,6.035714286
Uttar Pradesh,HAMIRPUR,1999,Kharif,Arhar/Tur,12596,22949,1.821927596
Uttar Pradesh,HAMIRPUR,1999,Kharif,Bajra,611,264,0.43207856
Uttar Pradesh,HAMIRPUR,1999,Kharif,Groundnut,572,356,0.622377622
Uttar Pradesh,HAMIRPUR,1999,Kharif,Jowar,36712,30367,0.827168228
Uttar Pradesh,HAMIRPUR,1999,Kharif,Maize,1,1,1
Uttar Pradesh,HAMIRPUR,1999,Kharif,Moong(Green Gram),2370,659,0.278059072
Uttar Pradesh,HAMIRPUR,1999,Kharif,Rice,1407,1529,1.086709311
Uttar Pradesh,HAMIRPUR,1999,Kharif,Small millets,57,33,0.578947368
Uttar Pradesh,HAMIRPUR,1999,Kharif,Soyabean,1238,972,0.785137318
Uttar Pradesh,HAMIRPUR,1999,Kharif,Sunflower,11,14,1.272727273
Uttar Pradesh,HAMIRPUR,1999,Kharif,Urad,19429,6276,0.323022286
Uttar Pradesh,HAMIRPUR,1999,Rabi,Barley,1569,2628,1.674952199
Uttar Pradesh,HAMIRPUR,1999,Rabi,Gram,84685,81293,0.959945681
Uttar Pradesh,HAMIRPUR,1999,Rabi,Linseed,8485,4285,0.505008839
Uttar Pradesh,HAMIRPUR,1999,Rabi,Rapeseed &Mustard,4214,1871,0.443996203
Uttar Pradesh,HAMIRPUR,1999,Rabi,Wheat,91166,217795,2.388993704
Uttar Pradesh,HAMIRPUR,1999,Summer,Moong(Green Gram),4,2,0.5
Uttar Pradesh,HAMIRPUR,1999,Whole Year,Onion,77,1085,14.09090909
Uttar Pradesh,HAMIRPUR,1999,Whole Year,Peas & beans (Pulses),29164,34297,1.176004663
Uttar Pradesh,HAMIRPUR,1999,Whole Year,Potato,46,1037,22.54347826
Uttar Pradesh,HAMIRPUR,1999,Whole Year,Sugarcane,3063,164590,53.73490042
Uttar Pradesh,HAMIRPUR,1999,Whole Year,Tobacco,24,176,7.333333333
Uttar Pradesh,HAMIRPUR,2000,Kharif,Arhar/Tur,12995,11712,0.901269719
Uttar Pradesh,HAMIRPUR,2000,Kharif,Bajra,412,347,0.84223301
Uttar Pradesh,HAMIRPUR,2000,Kharif,Castor seed,1,0.1,0.1
Uttar Pradesh,HAMIRPUR,2000,Kharif,Groundnut,589,365,0.619694397
Uttar Pradesh,HAMIRPUR,2000,Kharif,Jowar,36657,29619,0.808003928
Uttar Pradesh,HAMIRPUR,2000,Kharif,Maize,3,5,1.666666667
Uttar Pradesh,HAMIRPUR,2000,Kharif,Moong(Green Gram),2935,1009,0.343781942
Uttar Pradesh,HAMIRPUR,2000,Kharif,Rice,1668,1657,0.993405276
Uttar Pradesh,HAMIRPUR,2000,Kharif,Sesamum,5487,664,0.121013304
Uttar Pradesh,HAMIRPUR,2000,Kharif,Small millets,61,41,0.672131148
Uttar Pradesh,HAMIRPUR,2000,Kharif,Soyabean,256,152,0.59375
Uttar Pradesh,HAMIRPUR,2000,Kharif,Urad,23317,11262,0.48299524
Uttar Pradesh,HAMIRPUR,2000,Rabi,Barley,1584,1096,0.691919192
Uttar Pradesh,HAMIRPUR,2000,Rabi,Gram,93974,65946,0.701747292
Uttar Pradesh,HAMIRPUR,2000,Rabi,Linseed,6087,2557,0.420075571
Uttar Pradesh,HAMIRPUR,2000,Rabi,Masoor,58208,21537,0.370000687
Uttar Pradesh,HAMIRPUR,2000,Rabi,Moong(Green Gram),3,1,0.333333333
Uttar Pradesh,HAMIRPUR,2000,Rabi,Peas & beans (Pulses),19558,11441,0.584978014
Uttar Pradesh,HAMIRPUR,2000,Rabi,Rapeseed &Mustard,3256,1514,0.464987715
Uttar Pradesh,HAMIRPUR,2000,Rabi,Urad,1,0.1,0.1
Uttar Pradesh,HAMIRPUR,2000,Rabi,Wheat,83658,167500,2.002199431
Uttar Pradesh,HAMIRPUR,2000,Whole Year,Potato,30,640,21.33333333
Uttar Pradesh,HAMIRPUR,2000,Whole Year,Sugarcane,3340,148784,44.54610778
Uttar Pradesh,HAMIRPUR,2001,Kharif,Arhar/Tur,12496,12862,1.029289373
Uttar Pradesh,HAMIRPUR,2001,Kharif,Bajra,316,232,0.734177215
Uttar Pradesh,HAMIRPUR,2001,Kharif,Groundnut,540,406,0.751851852
Uttar Pradesh,HAMIRPUR,2001,Kharif,Jowar,35318,37705,1.067585934
Uttar Pradesh,HAMIRPUR,2001,Kharif,Maize,5,5,1
Uttar Pradesh,HAMIRPUR,2001,Kharif,Moong(Green Gram),2228,546,0.245062837
Uttar Pradesh,HAMIRPUR,2001,Kharif,Rice,1320,1759,1.332575758
Uttar Pradesh,HAMIRPUR,2001,Kharif,Sesamum,3965,825,0.208070618
Uttar Pradesh,HAMIRPUR,2001,Kharif,Small millets,37,24,0.648648649
Uttar Pradesh,HAMIRPUR,2001,Kharif,Soyabean,154,111,0.720779221
Uttar Pradesh,HAMIRPUR,2001,Kharif,Sunflower,4,8,2
Uttar Pradesh,HAMIRPUR,2001,Kharif,Urad,20958,6245,0.297976906
Uttar Pradesh,HAMIRPUR,2001,Rabi,Barley,1620,1496,0.92345679
Uttar Pradesh,HAMIRPUR,2001,Rabi,Gram,99884,85498,0.855972929
Uttar Pradesh,HAMIRPUR,2001,Rabi,Linseed,3466,1383,0.399019042
Uttar Pradesh,HAMIRPUR,2001,Rabi,Maize,1,2,2
Uttar Pradesh,HAMIRPUR,2001,Rabi,Masoor,35464,30038,0.846999774
Uttar Pradesh,HAMIRPUR,2001,Rabi,Moong(Green Gram),3,1,0.333333333
Uttar Pradesh,HAMIRPUR,2001,Rabi,Peas & beans (Pulses),19136,21145,1.104985368
Uttar Pradesh,HAMIRPUR,2001,Rabi,Rapeseed &Mustard,3725,2321,0.623087248
Uttar Pradesh,HAMIRPUR,2001,Rabi,Wheat,83234,183181,2.200795348
Uttar Pradesh,HAMIRPUR,2001,Whole Year,Potato,23,567,24.65217391
Uttar Pradesh,HAMIRPUR,2001,Whole Year,Sugarcane,3220,166386,51.67267081
Uttar Pradesh,HAMIRPUR,2001,Whole Year,Tobacco,16,100,6.25
Uttar Pradesh,HAMIRPUR,2002,Kharif,Bajra,478,208,0.435146444
Uttar Pradesh,HAMIRPUR,2002,Kharif,Groundnut,288,126,0.4375
Uttar Pradesh,HAMIRPUR,2002,Kharif,Jowar,31614,27317,0.864079205
Uttar Pradesh,HAMIRPUR,2002,Kharif,Moong(Green Gram),2275,626,0.275164835
Uttar Pradesh,HAMIRPUR,2002,Kharif,Rice,546,447,0.818681319
Uttar Pradesh,HAMIRPUR,2002,Kharif,Sesamum,2516,410,0.162957075
Uttar Pradesh,HAMIRPUR,2002,Kharif,Small millets,29,19,0.655172414
Uttar Pradesh,HAMIRPUR,2002,Kharif,Soyabean,51,8,0.156862745
Uttar Pradesh,HAMIRPUR,2002,Kharif,Urad,24019,8479,0.353012199
Uttar Pradesh,HAMIRPUR,2002,Rabi,Barley,1531,1323,0.864141084
Uttar Pradesh,HAMIRPUR,2002,Rabi,Gram,106110,86732,0.817378192
Uttar Pradesh,HAMIRPUR,2002,Rabi,Linseed,3017,1674,0.554855817
Uttar Pradesh,HAMIRPUR,2002,Rabi,Masoor,29766,20806,0.69898542
Uttar Pradesh,HAMIRPUR,2002,Rabi,Onion,59,609,10.3220339
Uttar Pradesh,HAMIRPUR,2002,Rabi,Peas & beans (Pulses),21092,22147,1.050018965
Uttar Pradesh,HAMIRPUR,2002,Rabi,Rapeseed &Mustard,3702,1938,0.52350081
Uttar Pradesh,HAMIRPUR,2002,Rabi,Wheat,79609,171062,2.148777148
Uttar Pradesh,HAMIRPUR,2002,Summer,Moong(Green Gram),2,1,0.5
Uttar Pradesh,HAMIRPUR,2002,Summer,Onion,20,224,11.2
Uttar Pradesh,HAMIRPUR,2002,Whole Year,Potato,53,1229,23.18867925
Uttar Pradesh,HAMIRPUR,2002,Whole Year,Sannhamp,396,125,0.315656566
Uttar Pradesh,HAMIRPUR,2002,Whole Year,Sugarcane,3405,172138,50.55447871
Uttar Pradesh,HAMIRPUR,2002,Whole Year,Tobacco,11,65,5.909090909
Uttar Pradesh,HAMIRPUR,2003,Kharif,Arhar/Tur,12105,17528,1.447996696
Uttar Pradesh,HAMIRPUR,2003,Kharif,Bajra,548,466,0.850364964
Uttar Pradesh,HAMIRPUR,2003,Kharif,Groundnut,341,118,0.346041056
Uttar Pradesh,HAMIRPUR,2003,Kharif,Jowar,34113,33446,0.980447337
Uttar Pradesh,HAMIRPUR,2003,Kharif,Maize,2,2,1
Uttar Pradesh,HAMIRPUR,2003,Kharif,Moong(Green Gram),3910,540,0.138107417
Uttar Pradesh,HAMIRPUR,2003,Kharif,Rice,478,556,1.163179916
Uttar Pradesh,HAMIRPUR,2003,Kharif,Sesamum,3582,376,0.104969291
Uttar Pradesh,HAMIRPUR,2003,Kharif,Soyabean,59,63,1.06779661
Uttar Pradesh,HAMIRPUR,2003,Kharif,Sunflower,15,25,1.666666667
Uttar Pradesh,HAMIRPUR,2003,Kharif,Urad,38341,6595,0.172009076
Uttar Pradesh,HAMIRPUR,2003,Rabi,Barley,1399,1537,1.098641887
Uttar Pradesh,HAMIRPUR,2003,Rabi,Gram,98591,96125,0.974987575
Uttar Pradesh,HAMIRPUR,2003,Rabi,Linseed,2992,1595,0.533088235
Uttar Pradesh,HAMIRPUR,2003,Rabi,Masoor,30847,31125,1.009012222
Uttar Pradesh,HAMIRPUR,2003,Rabi,Onion,40,574,14.35
Uttar Pradesh,HAMIRPUR,2003,Rabi,Peas & beans (Pulses),25063,31429,1.25399992
Uttar Pradesh,HAMIRPUR,2003,Rabi,Rapeseed &Mustard,3647,2612,0.7162051
Uttar Pradesh,HAMIRPUR,2003,Rabi,Wheat,82199,190150,2.313288483
Uttar Pradesh,HAMIRPUR,2003,Summer,Moong(Green Gram),6,3,0.5
Uttar Pradesh,HAMIRPUR,2003,Summer,Onion,24,237,9.875
Uttar Pradesh,HAMIRPUR,2003,Whole Year,Potato,29,606,20.89655172
Uttar Pradesh,HAMIRPUR,2003,Whole Year,Sannhamp,553,166,0.300180832
Uttar Pradesh,HAMIRPUR,2003,Whole Year,Sugarcane,2964,125026,42.18151147
Uttar Pradesh,HAMIRPUR,2003,Whole Year,Tobacco,12,88,7.333333333
Uttar Pradesh,HAMIRPUR,2004,Kharif,Bajra,626,712,1.137380192
Uttar Pradesh,HAMIRPUR,2004,Kharif,Cotton(lint),1,,
Uttar Pradesh,HAMIRPUR,2004,Kharif,Groundnut,569,265,0.46572935
Uttar Pradesh,HAMIRPUR,2004,Kharif,Jowar,24681,20061,0.812811474
Uttar Pradesh,HAMIRPUR,2004,Kharif,Maize,4,6,1.5
Uttar Pradesh,HAMIRPUR,2004,Kharif,Rice,630,683,1.084126984
Uttar Pradesh,HAMIRPUR,2004,Kharif,Sannhamp,453,125,0.27593819
Uttar Pradesh,HAMIRPUR,2004,Kharif,Sesamum,6876,674,0.098022106
Uttar Pradesh,HAMIRPUR,2004,Kharif,Small millets,47,18,0.382978723
Uttar Pradesh,HAMIRPUR,2004,Kharif,Soyabean,129,53,0.410852713
Uttar Pradesh,HAMIRPUR,2004,Kharif,Sugarcane,2996,115900,38.68491322
Uttar Pradesh,HAMIRPUR,2004,Rabi,Barley,1165,1863,1.599141631
Uttar Pradesh,HAMIRPUR,2004,Rabi,Gram,87347,54954,0.629145821
Uttar Pradesh,HAMIRPUR,2004,Rabi,Linseed,3635,1567,0.431086657
Uttar Pradesh,HAMIRPUR,2004,Rabi,Potato,40,895,22.375
Uttar Pradesh,HAMIRPUR,2004,Rabi,Rapeseed &Mustard,6740,4691,0.695994065
Uttar Pradesh,HAMIRPUR,2004,Rabi,Wheat,74974,130023,1.734241204
Uttar Pradesh,HAMIRPUR,2004,Summer,Sunflower,1,2,2
Uttar Pradesh,HAMIRPUR,2004,Whole Year,Dry chillies,99,93,0.939393939
Uttar Pradesh,HAMIRPUR,2004,Whole Year,Guar seed,6,5,0.833333333
Uttar Pradesh,HAMIRPUR,2004,Whole Year,Onion,107,1153,10.77570093
Uttar Pradesh,HAMIRPUR,2004,Whole Year,Sweet potato,9,105,11.66666667
Uttar Pradesh,HAMIRPUR,2004,Whole Year,Tobacco,10,50,5
Uttar Pradesh,HAMIRPUR,2005,Kharif,Jowar,20933,11362,0.542779344
Uttar Pradesh,HAMIRPUR,2005,Kharif,Rice,203,158,0.778325123
Uttar Pradesh,HAMIRPUR,2005,Kharif,Sannhamp,571,197,0.345008757
Uttar Pradesh,HAMIRPUR,2005,Kharif,Sesamum,3581,348,0.097179559
Uttar Pradesh,HAMIRPUR,2005,Kharif,Small millets,3,2,0.666666667
Uttar Pradesh,HAMIRPUR,2005,Kharif,Soyabean,13,10,0.769230769
Uttar Pradesh,HAMIRPUR,2005,Kharif,Sugarcane,4065,127931,31.47134071
Uttar Pradesh,HAMIRPUR,2005,Rabi,Barley,1243,1240,0.997586484
Uttar Pradesh,HAMIRPUR,2005,Rabi,Gram,61043,48581,0.795848828
Uttar Pradesh,HAMIRPUR,2005,Rabi,Linseed,3933,1750,0.444952962
Uttar Pradesh,HAMIRPUR,2005,Rabi,Potato,39,875,22.43589744
Uttar Pradesh,HAMIRPUR,2005,Rabi,Rapeseed &Mustard,3617,2380,0.658003871
Uttar Pradesh,HAMIRPUR,2005,Rabi,Wheat,74916,174709,2.332065246
Uttar Pradesh,HAMIRPUR,2005,Whole Year,Coriander,11,6,0.545454545
Uttar Pradesh,HAMIRPUR,2005,Whole Year,Dry chillies,63,57,0.904761905
Uttar Pradesh,HAMIRPUR,2005,Whole Year,Garlic,1,4,4
Uttar Pradesh,HAMIRPUR,2005,Whole Year,Onion,151,1941,12.85430464
Uttar Pradesh,HAMIRPUR,2005,Whole Year,Sweet potato,12,157,13.08333333
Uttar Pradesh,HAMIRPUR,2005,Whole Year,Tobacco,7,43,6.142857143
Uttar Pradesh,HAMIRPUR,2006,Kharif,Arhar/Tur,20377,12841,0.630171272
Uttar Pradesh,HAMIRPUR,2006,Kharif,Bajra,626,542,0.865814696
Uttar Pradesh,HAMIRPUR,2006,Kharif,Cotton(lint),1,,
Uttar Pradesh,HAMIRPUR,2006,Kharif,Groundnut,513,278,0.541910331
Uttar Pradesh,HAMIRPUR,2006,Kharif,Jowar,28590,15858,0.554669465
Uttar Pradesh,HAMIRPUR,2006,Kharif,Other Kharif pulses,39657,11860,0.299064478
Uttar Pradesh,HAMIRPUR,2006,Kharif,Rice,630,537,0.852380952
Uttar Pradesh,HAMIRPUR,2006,Kharif,Sannhamp,604,168,0.278145695
Uttar Pradesh,HAMIRPUR,2006,Kharif,Sesamum,9790,1577,0.161082737
Uttar Pradesh,HAMIRPUR,2006,Kharif,Small millets,113,71,0.628318584
Uttar Pradesh,HAMIRPUR,2006,Kharif,Soyabean,129,126,0.976744186
Uttar Pradesh,HAMIRPUR,2006,Kharif,Sugarcane,4430,189001,42.66388262
Uttar Pradesh,HAMIRPUR,2006,Rabi,Barley,1818,1585,0.871837184
Uttar Pradesh,HAMIRPUR,2006,Rabi,Gram,85949,53186,0.618808828
Uttar Pradesh,HAMIRPUR,2006,Rabi,Linseed,2310,727,0.314718615
Uttar Pradesh,HAMIRPUR,2006,Rabi,Masoor,40453,18244,0.45099251
Uttar Pradesh,HAMIRPUR,2006,Rabi,Onion,31,595,19.19354839
Uttar Pradesh,HAMIRPUR,2006,Rabi,Other  Rabi pulses,33862,22586,0.667001358
Uttar Pradesh,HAMIRPUR,2006,Rabi,Potato,45,983,21.84444444
Uttar Pradesh,HAMIRPUR,2006,Rabi,Rapeseed &Mustard,5260,2341,0.445057034
Uttar Pradesh,HAMIRPUR,2006,Rabi,Tobacco,13,70,5.384615385
Uttar Pradesh,HAMIRPUR,2006,Rabi,Wheat,82453,168500,2.043588469
Uttar Pradesh,HAMIRPUR,2006,Summer,Onion,29,338,11.65517241
Uttar Pradesh,HAMIRPUR,2006,Whole Year,Coriander,17,9,0.529411765
Uttar Pradesh,HAMIRPUR,2006,Whole Year,Dry chillies,78,74,0.948717949
Uttar Pradesh,HAMIRPUR,2006,Whole Year,Guar seed,29,24,0.827586207
Uttar Pradesh,HAMIRPUR,2007,Kharif,Arhar/Tur,19648,8934,0.454702769
Uttar Pradesh,HAMIRPUR,2007,Kharif,Bajra,604,834,1.380794702
Uttar Pradesh,HAMIRPUR,2007,Kharif,Dry chillies,87,84,0.965517241
Uttar Pradesh,HAMIRPUR,2007,Kharif,Groundnut,398,93,0.233668342
Uttar Pradesh,HAMIRPUR,2007,Kharif,Jowar,20471,3552,0.173513751
Uttar Pradesh,HAMIRPUR,2007,Kharif,Maize,5,7,1.4
Uttar Pradesh,HAMIRPUR,2007,Kharif,Moong(Green Gram),3456,377,0.109085648
Uttar Pradesh,HAMIRPUR,2007,Kharif,Rice,254,125,0.492125984
Uttar Pradesh,HAMIRPUR,2007,Kharif,Sannhamp,319,62,0.194357367
Uttar Pradesh,HAMIRPUR,2007,Kharif,Sesamum,8446,878,0.103954535
Uttar Pradesh,HAMIRPUR,2007,Kharif,Small millets,64,40,0.625
Uttar Pradesh,HAMIRPUR,2007,Kharif,Soyabean,16,11,0.6875
Uttar Pradesh,HAMIRPUR,2007,Kharif,Sugarcane,3452,91216,26.42410197
Uttar Pradesh,HAMIRPUR,2007,Kharif,Sweet potato,3,40,13.33333333
Uttar Pradesh,HAMIRPUR,2007,Kharif,Urad,13550,1938,0.14302583
Uttar Pradesh,HAMIRPUR,2007,Rabi,Barley,1890,899,0.475661376
Uttar Pradesh,HAMIRPUR,2007,Rabi,Coriander,22,13,0.590909091
Uttar Pradesh,HAMIRPUR,2007,Rabi,Gram,61328,31454,0.512881555
Uttar Pradesh,HAMIRPUR,2007,Rabi,Linseed,3934,1145,0.291052364
Uttar Pradesh,HAMIRPUR,2007,Rabi,Masoor,33651,13528,0.402008856
Uttar Pradesh,HAMIRPUR,2007,Rabi,Onion,83,1160,13.97590361
Uttar Pradesh,HAMIRPUR,2007,Rabi,Other  Rabi pulses,12139,7368,0.606969273
Uttar Pradesh,HAMIRPUR,2007,Rabi,Potato,55,1209,21.98181818
Uttar Pradesh,HAMIRPUR,2007,Rabi,Rapeseed &Mustard,4097,1651,0.402977789
Uttar Pradesh,HAMIRPUR,2007,Rabi,Tobacco,10,56,5.6
Uttar Pradesh,HAMIRPUR,2007,Rabi,Wheat,63790,118391,1.855949208
Uttar Pradesh,HAMIRPUR,2007,Summer,Onion,10,135,13.5
Uttar Pradesh,HAMIRPUR,2008,Kharif,Arhar/Tur,11084,8896,0.80259834
Uttar Pradesh,HAMIRPUR,2008,Kharif,Bajra,300,396,1.32
Uttar Pradesh,HAMIRPUR,2008,Kharif,Dry chillies,83,82,0.987951807
Uttar Pradesh,HAMIRPUR,2008,Kharif,Groundnut,11098,4672,0.420976753
Uttar Pradesh,HAMIRPUR,2008,Kharif,Guar seed,8,7,0.875
Uttar Pradesh,HAMIRPUR,2008,Kharif,Jowar,15529,6433,0.414257196
Uttar Pradesh,HAMIRPUR,2008,Kharif,Moong(Green Gram),1335,203,0.152059925
Uttar Pradesh,HAMIRPUR,2008,Kharif,Rice,201,259,1.288557214
Uttar Pradesh,HAMIRPUR,2008,Kharif,Sannhamp,186,60,0.322580645
Uttar Pradesh,HAMIRPUR,2008,Kharif,Sesamum,7131,800,0.112186229
Uttar Pradesh,HAMIRPUR,2008,Kharif,Small millets,1,,
Uttar Pradesh,HAMIRPUR,2008,Kharif,Soyabean,13,11,0.846153846
Uttar Pradesh,HAMIRPUR,2008,Kharif,Sugarcane,1005,40940,40.73631841
Uttar Pradesh,HAMIRPUR,2008,Kharif,Sweet potato,2,25,12.5
Uttar Pradesh,HAMIRPUR,2008,Kharif,Urad,4619,822,0.177960598
Uttar Pradesh,HAMIRPUR,2008,Rabi,Barley,2685,2524,0.940037244
Uttar Pradesh,HAMIRPUR,2008,Rabi,Coriander,25,15,0.6
Uttar Pradesh,HAMIRPUR,2008,Rabi,Garlic,20,118,5.9
Uttar Pradesh,HAMIRPUR,2008,Rabi,Gram,84760,68203,0.804660217
Uttar Pradesh,HAMIRPUR,2008,Rabi,Linseed,3585,1441,0.40195258
Uttar Pradesh,HAMIRPUR,2008,Rabi,Masoor,34798,27282,0.784010575
Uttar Pradesh,HAMIRPUR,2008,Rabi,Onion,88,1032,11.72727273
Uttar Pradesh,HAMIRPUR,2008,Rabi,Peas & beans (Pulses),17407,18643,1.071005917
Uttar Pradesh,HAMIRPUR,2008,Rabi,Potato,42,861,20.5
Uttar Pradesh,HAMIRPUR,2008,Rabi,Rapeseed &Mustard,7010,5195,0.741084165
Uttar Pradesh,HAMIRPUR,2008,Rabi,Tobacco,1,5,5
Uttar Pradesh,HAMIRPUR,2008,Rabi,Wheat,98732,244034,2.471680914
Uttar Pradesh,HAMIRPUR,2008,Summer,Moong(Green Gram),1,1,1
Uttar Pradesh,HAMIRPUR,2009,Kharif,Arhar/Tur,18725,11601,0.619546061
Uttar Pradesh,HAMIRPUR,2009,Kharif,Bajra,539,366,0.67903525
Uttar Pradesh,HAMIRPUR,2009,Kharif,Dry chillies,82,72,0.87804878
Uttar Pradesh,HAMIRPUR,2009,Kharif,Groundnut,65,10,0.153846154
Uttar Pradesh,HAMIRPUR,2009,Kharif,Guar seed,9,7,0.777777778
Uttar Pradesh,HAMIRPUR,2009,Kharif,Jowar,19635,8432,0.429437229
Uttar Pradesh,HAMIRPUR,2009,Kharif,Moong(Green Gram),4285,381,0.088914819
Uttar Pradesh,HAMIRPUR,2009,Kharif,Rice,64,61,0.953125
Uttar Pradesh,HAMIRPUR,2009,Kharif,Sannhamp,46,8,0.173913043
Uttar Pradesh,HAMIRPUR,2009,Kharif,Sesamum,29643,1364,0.046014236
Uttar Pradesh,HAMIRPUR,2009,Kharif,Small millets,3,2,0.666666667
Uttar Pradesh,HAMIRPUR,2009,Kharif,Soyabean,9,9,1
Uttar Pradesh,HAMIRPUR,2009,Kharif,Sugarcane,902,36161,40.08980044
Uttar Pradesh,HAMIRPUR,2009,Kharif,Sweet potato,5,68,13.6
Uttar Pradesh,HAMIRPUR,2009,Kharif,Urad,17358,2118,0.122018666
Uttar Pradesh,HAMIRPUR,2009,Rabi,Barley,1647,1687,1.024286582
Uttar Pradesh,HAMIRPUR,2009,Rabi,Coriander,54,31,0.574074074
Uttar Pradesh,HAMIRPUR,2009,Rabi,Garlic,7,38,5.428571429
Uttar Pradesh,HAMIRPUR,2009,Rabi,Gram,77955,54900,0.704252453
Uttar Pradesh,HAMIRPUR,2009,Rabi,Linseed,3585,1398,0.389958159
Uttar Pradesh,HAMIRPUR,2009,Rabi,Masoor,52466,34103,0.650001906
Uttar Pradesh,HAMIRPUR,2009,Rabi,Onion,126,2164,17.17460317
Uttar Pradesh,HAMIRPUR,2009,Rabi,Peas & beans (Pulses),14539,14655,1.00797854
Uttar Pradesh,HAMIRPUR,2009,Rabi,Potato,83,2064,24.86746988
Uttar Pradesh,HAMIRPUR,2009,Rabi,Rapeseed &Mustard,7057,4715,0.668130934
Uttar Pradesh,HAMIRPUR,2009,Rabi,Tobacco,1,6,6
Uttar Pradesh,HAMIRPUR,2009,Rabi,Wheat,89212,225092,2.523113482
Uttar Pradesh,HAMIRPUR,2009,Summer,Moong(Green Gram),16,12,0.75
Uttar Pradesh,HAMIRPUR,2009,Summer,Onion,23,320,13.91304348
Uttar Pradesh,HAMIRPUR,2010,Kharif,Arhar/Tur,19913,18004,0.904132978
Uttar Pradesh,HAMIRPUR,2010,Kharif,Bajra,492,285,0.579268293
Uttar Pradesh,HAMIRPUR,2010,Kharif,Dry chillies,79,69,0.873417722
Uttar Pradesh,HAMIRPUR,2010,Kharif,Groundnut,239,119,0.49790795
Uttar Pradesh,HAMIRPUR,2010,Kharif,Guar seed,9,8,0.888888889
Uttar Pradesh,HAMIRPUR,2010,Kharif,Jowar,22648,16551,0.730793006
Uttar Pradesh,HAMIRPUR,2010,Kharif,Maize,1,1,1
Uttar Pradesh,HAMIRPUR,2010,Kharif,Moong(Green Gram),4001,1320,0.329917521
Uttar Pradesh,HAMIRPUR,2010,Kharif,Rice,159,177,1.113207547
Uttar Pradesh,HAMIRPUR,2010,Kharif,Sannhamp,335,109,0.325373134
Uttar Pradesh,HAMIRPUR,2010,Kharif,Sesamum,34529,2969,0.085985693
Uttar Pradesh,HAMIRPUR,2010,Kharif,Small millets,7,5,0.714285714
Uttar Pradesh,HAMIRPUR,2010,Kharif,Soyabean,14,17,1.214285714
Uttar Pradesh,HAMIRPUR,2010,Kharif,Sugarcane,2009,98981,49.26879044
Uttar Pradesh,HAMIRPUR,2010,Kharif,Sweet potato,4,49,12.25
Uttar Pradesh,HAMIRPUR,2010,Kharif,Urad,26934,10423,0.386982995
Uttar Pradesh,HAMIRPUR,2010,Rabi,Barley,2256,5211,2.309840426
Uttar Pradesh,HAMIRPUR,2010,Rabi,Gram,69866,57089,0.817121347
Uttar Pradesh,HAMIRPUR,2010,Rabi,Linseed,3210,1470,0.457943925
Uttar Pradesh,HAMIRPUR,2010,Rabi,Masoor,49788,24745,0.497007311
Uttar Pradesh,HAMIRPUR,2010,Rabi,Onion,164,3019,18.40853659
Uttar Pradesh,HAMIRPUR,2010,Rabi,Peas & beans (Pulses),12418,11511,0.926960863
Uttar Pradesh,HAMIRPUR,2010,Rabi,Potato,87,2123,24.40229885
Uttar Pradesh,HAMIRPUR,2010,Rabi,Rapeseed &Mustard,9492,6407,0.674989465
Uttar Pradesh,HAMIRPUR,2010,Rabi,Tobacco,7,35,5
Uttar Pradesh,HAMIRPUR,2010,Rabi,Wheat,95371,254843,2.672122553
Uttar Pradesh,HAMIRPUR,2010,Summer,Moong(Green Gram),31,28,0.903225806
Uttar Pradesh,HAMIRPUR,2011,Kharif,Arhar/Tur,17537,18628,1.062211325
Uttar Pradesh,HAMIRPUR,2011,Kharif,Bajra,393,329,0.837150127
Uttar Pradesh,HAMIRPUR,2011,Kharif,Dry chillies,38,32,0.842105263
Uttar Pradesh,HAMIRPUR,2011,Kharif,Groundnut,136,116,0.852941176
Uttar Pradesh,HAMIRPUR,2011,Kharif,Guar seed,4,3,0.75
Uttar Pradesh,HAMIRPUR,2011,Kharif,Jowar,19213,18902,0.983813043
Uttar Pradesh,HAMIRPUR,2011,Kharif,Maize,6,7,1.166666667
Uttar Pradesh,HAMIRPUR,2011,Kharif,Moong(Green Gram),4232,1435,0.339083176
Uttar Pradesh,HAMIRPUR,2011,Kharif,Rice,76,119,1.565789474
Uttar Pradesh,HAMIRPUR,2011,Kharif,Sannhamp,322,88,0.273291925
Uttar Pradesh,HAMIRPUR,2011,Kharif,Sesamum,35006,5636,0.161000971
Uttar Pradesh,HAMIRPUR,2011,Kharif,Small millets,29,30,1.034482759
Uttar Pradesh,HAMIRPUR,2011,Kharif,Soyabean,13,16,1.230769231
Uttar Pradesh,HAMIRPUR,2011,Kharif,Sugarcane,2925,140707,48.10495726
Uttar Pradesh,HAMIRPUR,2011,Kharif,Sweet potato,3,39,13
Uttar Pradesh,HAMIRPUR,2011,Kharif,Urad,15542,5486,0.352979025
Uttar Pradesh,HAMIRPUR,2011,Rabi,Barley,2198,4788,2.178343949
Uttar Pradesh,HAMIRPUR,2011,Rabi,Coriander,117,65,0.555555556
Uttar Pradesh,HAMIRPUR,2011,Rabi,Garlic,5,26,5.2
Uttar Pradesh,HAMIRPUR,2011,Rabi,Gram,72163,72079,0.998835969
Uttar Pradesh,HAMIRPUR,2011,Rabi,Linseed,4340,1858,0.428110599
Uttar Pradesh,HAMIRPUR,2011,Rabi,Masoor,51784,32054,0.618994284
Uttar Pradesh,HAMIRPUR,2011,Rabi,Onion,318,7274,22.87421384
Uttar Pradesh,HAMIRPUR,2011,Rabi,Peas & beans (Pulses),9234,9788,1.059995668
Uttar Pradesh,HAMIRPUR,2011,Rabi,Potato,62,1369,22.08064516
Uttar Pradesh,HAMIRPUR,2011,Rabi,Rapeseed &Mustard,11345,8940,0.78801234
Uttar Pradesh,HAMIRPUR,2011,Rabi,Tobacco,6,31,5.166666667
Uttar Pradesh,HAMIRPUR,2011,Rabi,Wheat,91427,265718,2.906340578
Uttar Pradesh,HAMIRPUR,2011,Summer,Maize,2,3,1.5
Uttar Pradesh,HAMIRPUR,2011,Summer,Moong(Green Gram),24,20,0.833333333
Uttar Pradesh,HAMIRPUR,2011,Summer,Onion,26,282,10.84615385
Uttar Pradesh,HAMIRPUR,2012,Kharif,Arhar/Tur,17274,16664,0.964686813
Uttar Pradesh,HAMIRPUR,2012,Kharif,Bajra,317,538,1.697160883
Uttar Pradesh,HAMIRPUR,2012,Kharif,Dry chillies,74,59,0.797297297
Uttar Pradesh,HAMIRPUR,2012,Kharif,Groundnut,212,129,0.608490566
Uttar Pradesh,HAMIRPUR,2012,Kharif,Guar seed,11,9,0.818181818
Uttar Pradesh,HAMIRPUR,2012,Kharif,Jowar,18074,23853,1.319741065
Uttar Pradesh,HAMIRPUR,2012,Kharif,Moong(Green Gram),3566,1391,0.390072911
Uttar Pradesh,HAMIRPUR,2012,Kharif,Rice,97,181,1.865979381
Uttar Pradesh,HAMIRPUR,2012,Kharif,Sannhamp,683,252,0.368960469
Uttar Pradesh,HAMIRPUR,2012,Kharif,Sesamum,33610,6856,0.203986909
Uttar Pradesh,HAMIRPUR,2012,Kharif,Small millets,5,5,1
Uttar Pradesh,HAMIRPUR,2012,Kharif,Soyabean,17,24,1.411764706
Uttar Pradesh,HAMIRPUR,2012,Kharif,Sugarcane,3426,127290,37.15411559
Uttar Pradesh,HAMIRPUR,2012,Kharif,Urad,13304,5641,0.424007817
Uttar Pradesh,HAMIRPUR,2012,Rabi,Barley,3276,8851,2.701770452
Uttar Pradesh,HAMIRPUR,2012,Rabi,Coriander,49,27,0.551020408
Uttar Pradesh,HAMIRPUR,2012,Rabi,Garlic,6,31,5.166666667
Uttar Pradesh,HAMIRPUR,2012,Rabi,Gram,78207,72028,0.920991727
Uttar Pradesh,HAMIRPUR,2012,Rabi,Linseed,3478,1350,0.388154112
Uttar Pradesh,HAMIRPUR,2012,Rabi,Masoor,32357,21809,0.674011806
Uttar Pradesh,HAMIRPUR,2012,Rabi,Onion,112,2576,23
Uttar Pradesh,HAMIRPUR,2012,Rabi,Peas & beans (Pulses),10985,13237,1.205006827
Uttar Pradesh,HAMIRPUR,2012,Rabi,Potato,37,901,24.35135135
Uttar Pradesh,HAMIRPUR,2012,Rabi,Rapeseed &Mustard,12965,10929,0.84296182
Uttar Pradesh,HAMIRPUR,2012,Rabi,Tobacco,5,27,5.4
Uttar Pradesh,HAMIRPUR,2012,Rabi,Wheat,113299,322731,2.848489395
Uttar Pradesh,HAMIRPUR,2012,Summer,Moong(Green Gram),31,25,0.806451613
Uttar Pradesh,HAMIRPUR,2012,Summer,Onion,16,174,10.875
Uttar Pradesh,HAMIRPUR,2013,Kharif,Arhar/Tur,15250,17034,1.116983607
Uttar Pradesh,HAMIRPUR,2013,Kharif,Bajra,359,619,1.724233983
Uttar Pradesh,HAMIRPUR,2013,Kharif,Dry chillies,128,103,0.8046875
Uttar Pradesh,HAMIRPUR,2013,Kharif,Groundnut,336,243,0.723214286
Uttar Pradesh,HAMIRPUR,2013,Kharif,Guar seed,9,7,0.777777778
Uttar Pradesh,HAMIRPUR,2013,Kharif,Jowar,15537,16574,1.066743902
Uttar Pradesh,HAMIRPUR,2013,Kharif,Maize,1,2,2
Uttar Pradesh,HAMIRPUR,2013,Kharif,Moong(Green Gram),4049,1551,0.383057545
Uttar Pradesh,HAMIRPUR,2013,Kharif,Rice,84,152,1.80952381
Uttar Pradesh,HAMIRPUR,2013,Kharif,Sannhamp,478,136,0.284518828
Uttar Pradesh,HAMIRPUR,2013,Kharif,Sesamum,45344,8615,0.189992061
Uttar Pradesh,HAMIRPUR,2013,Kharif,Small millets,2,2,1
Uttar Pradesh,HAMIRPUR,2013,Kharif,Soyabean,100,58,0.58
Uttar Pradesh,HAMIRPUR,2013,Kharif,Sugarcane,4828,215662,44.66901408
Uttar Pradesh,HAMIRPUR,2013,Kharif,Sweet potato,5,66,13.2
Uttar Pradesh,HAMIRPUR,2013,Kharif,Urad,16168,6500,0.402028699
Uttar Pradesh,HAMIRPUR,2013,Rabi,Barley,2992,8901,2.974933155
Uttar Pradesh,HAMIRPUR,2013,Rabi,Coriander,97,53,0.546391753
Uttar Pradesh,HAMIRPUR,2013,Rabi,Garlic,6,35,5.833333333
Uttar Pradesh,HAMIRPUR,2013,Rabi,Gram,80843,32219,0.398537907
Uttar Pradesh,HAMIRPUR,2013,Rabi,Linseed,2440,728,0.298360656
Uttar Pradesh,HAMIRPUR,2013,Rabi,Maize,154,547,3.551948052
Uttar Pradesh,HAMIRPUR,2013,Rabi,Masoor,21558,10046,0.465998701
Uttar Pradesh,HAMIRPUR,2013,Rabi,Onion,74,1505,20.33783784
Uttar Pradesh,HAMIRPUR,2013,Rabi,Peas & beans (Pulses),11525,11525,1
Uttar Pradesh,HAMIRPUR,2013,Rabi,Potato,36,762,21.16666667
Uttar Pradesh,HAMIRPUR,2013,Rabi,Rapeseed &Mustard,14083,7073,0.502236739
Uttar Pradesh,HAMIRPUR,2013,Rabi,Tobacco,7,39,5.571428571
Uttar Pradesh,HAMIRPUR,2013,Rabi,Turmeric,2,6,3
Uttar Pradesh,HAMIRPUR,2013,Rabi,Wheat,111347,298733,2.682901201
Uttar Pradesh,HAMIRPUR,2013,Summer,Moong(Green Gram),7,5,0.714285714
Uttar Pradesh,HAMIRPUR,2013,Summer,Onion,43,579,13.46511628
Uttar Pradesh,HAMIRPUR,2014,Kharif,Arhar/Tur,14682,3555,0.242133224
Uttar Pradesh,HAMIRPUR,2014,Kharif,Bajra,386,281,0.727979275
Uttar Pradesh,HAMIRPUR,2014,Kharif,Dry chillies,57,47,0.824561404
Uttar Pradesh,HAMIRPUR,2014,Kharif,Groundnut,197,90,0.456852792
Uttar Pradesh,HAMIRPUR,2014,Kharif,Guar seed,5,4,0.8
Uttar Pradesh,HAMIRPUR,2014,Kharif,Jowar,15783,12989,0.822974086
Uttar Pradesh,HAMIRPUR,2014,Kharif,Moong(Green Gram),4638,1340,0.288917637
Uttar Pradesh,HAMIRPUR,2014,Kharif,Rice,41,66,1.609756098
Uttar Pradesh,HAMIRPUR,2014,Kharif,Sannhamp,435,167,0.383908046
Uttar Pradesh,HAMIRPUR,2014,Kharif,Sesamum,47650,9673,0.203001049
Uttar Pradesh,HAMIRPUR,2014,Kharif,Soyabean,79,57,0.721518987
Uttar Pradesh,HAMIRPUR,2014,Kharif,Sugarcane,5381,217635,40.44508456
Uttar Pradesh,HAMIRPUR,2014,Kharif,Sweet potato,3,37,12.33333333
Uttar Pradesh,HAMIRPUR,2014,Kharif,Urad,17064,5051,0.296003282
Uttar Pradesh,HAMIRPUR,2014,Rabi,Barley,4051,6965,1.719328561
Uttar Pradesh,HAMIRPUR,2014,Rabi,Coriander,320,155,0.484375
Uttar Pradesh,HAMIRPUR,2014,Rabi,Garlic,10,58,5.8
Uttar Pradesh,HAMIRPUR,2014,Rabi,Gram,69319,13331,0.192313796
Uttar Pradesh,HAMIRPUR,2014,Rabi,Linseed,2123,1229,0.578897786
Uttar Pradesh,HAMIRPUR,2014,Rabi,Masoor,27400,5507,0.200985401
Uttar Pradesh,HAMIRPUR,2014,Rabi,Onion,77,1178,15.2987013
Uttar Pradesh,HAMIRPUR,2014,Rabi,Peas & beans (Pulses),20721,10153,0.489986005
Uttar Pradesh,HAMIRPUR,2014,Rabi,Potato,55,1241,22.56363636
Uttar Pradesh,HAMIRPUR,2014,Rabi,Rapeseed &Mustard,19110,7587,0.397017268
Uttar Pradesh,HAMIRPUR,2014,Rabi,Tobacco,7,30,4.285714286
Uttar Pradesh,HAMIRPUR,2014,Rabi,Wheat,113329,171992,1.517634498
Uttar Pradesh,HAMIRPUR,2014,Summer,Moong(Green Gram),121,81,0.669421488
Uttar Pradesh,HAMIRPUR,2014,Summer,Onion,23,348,15.13043478
Uttar Pradesh,HAPUR,2012,Kharif,Arhar/Tur,942,924,0.98089172
Uttar Pradesh,HAPUR,2012,Kharif,Bajra,13,30,2.307692308
Uttar Pradesh,HAPUR,2012,Kharif,Maize,1255,2976,2.371314741
Uttar Pradesh,HAPUR,2012,Kharif,Moong(Green Gram),38,19,0.5
Uttar Pradesh,HAPUR,2012,Kharif,Rice,20160,59593,2.956001984
Uttar Pradesh,HAPUR,2012,Kharif,Sugarcane,37894,2368375,62.5
Uttar Pradesh,HAPUR,2012,Kharif,Sweet potato,3,38,12.66666667
Uttar Pradesh,HAPUR,2012,Kharif,Urad,878,582,0.662870159
Uttar Pradesh,HAPUR,2012,Rabi,Barley,405,1079,2.664197531
Uttar Pradesh,HAPUR,2012,Rabi,Masoor,210,187,0.89047619
Uttar Pradesh,HAPUR,2012,Rabi,Onion,5,115,23
Uttar Pradesh,HAPUR,2012,Rabi,Potato,3874,95727,24.71011874
Uttar Pradesh,HAPUR,2012,Rabi,Rapeseed &Mustard,1906,2520,1.322140609
Uttar Pradesh,HAPUR,2012,Rabi,Wheat,43672,207835,4.758998901
Uttar Pradesh,HAPUR,2012,Summer,Maize,212,392,1.849056604
Uttar Pradesh,HAPUR,2012,Summer,Moong(Green Gram),262,180,0.687022901
Uttar Pradesh,HAPUR,2012,Summer,Urad,94,65,0.691489362
Uttar Pradesh,HAPUR,2013,Kharif,Arhar/Tur,1067,746,0.699156514
Uttar Pradesh,HAPUR,2013,Kharif,Bajra,1,1,1
Uttar Pradesh,HAPUR,2013,Kharif,Maize,1352,3234,2.392011834
Uttar Pradesh,HAPUR,2013,Kharif,Moong(Green Gram),40,13,0.325
Uttar Pradesh,HAPUR,2013,Kharif,Rice,20322,59422,2.924023226
Uttar Pradesh,HAPUR,2013,Kharif,Sugarcane,38509,2510171,65.18400893
Uttar Pradesh,HAPUR,2013,Kharif,Urad,876,391,0.446347032
Uttar Pradesh,HAPUR,2013,Rabi,Barley,370,1331,3.597297297
Uttar Pradesh,HAPUR,2013,Rabi,Garlic,203,1189,5.857142857
Uttar Pradesh,HAPUR,2013,Rabi,Masoor,264,182,0.689393939
Uttar Pradesh,HAPUR,2013,Rabi,Onion,2,41,20.5
Uttar Pradesh,HAPUR,2013,Rabi,Peas & beans (Pulses),101,100,0.99009901
Uttar Pradesh,HAPUR,2013,Rabi,Potato,3950,86074,21.79088608
Uttar Pradesh,HAPUR,2013,Rabi,Rapeseed &Mustard,1963,2928,1.491594498
Uttar Pradesh,HAPUR,2013,Rabi,Turmeric,7,20,2.857142857
Uttar Pradesh,HAPUR,2013,Rabi,Wheat,42412,197216,4.650004716
Uttar Pradesh,HAPUR,2013,Summer,Maize,200,367,1.835
Uttar Pradesh,HAPUR,2013,Summer,Moong(Green Gram),306,185,0.604575163
Uttar Pradesh,HAPUR,2013,Summer,Onion,7,89,12.71428571
Uttar Pradesh,HAPUR,2013,Summer,Urad,162,94,0.580246914
Uttar Pradesh,HAPUR,2014,Kharif,Arhar/Tur,730,563,0.771232877
Uttar Pradesh,HAPUR,2014,Kharif,Dry chillies,40,33,0.825
Uttar Pradesh,HAPUR,2014,Kharif,Maize,659,1551,2.353566009
Uttar Pradesh,HAPUR,2014,Kharif,Moong(Green Gram),26,8,0.307692308
Uttar Pradesh,HAPUR,2014,Kharif,Rice,20839,61496,2.951005327
Uttar Pradesh,HAPUR,2014,Kharif,Sugarcane,35923,2526393,70.32800713
Uttar Pradesh,HAPUR,2014,Kharif,Urad,867,465,0.53633218
Uttar Pradesh,HAPUR,2014,Rabi,Barley,190,571,3.005263158
Uttar Pradesh,HAPUR,2014,Rabi,Coriander,3,2,0.666666667
Uttar Pradesh,HAPUR,2014,Rabi,Masoor,216,116,0.537037037
Uttar Pradesh,HAPUR,2014,Rabi,Peas & beans (Pulses),16,12,0.75
Uttar Pradesh,HAPUR,2014,Rabi,Potato,4216,102348,24.27609108
Uttar Pradesh,HAPUR,2014,Rabi,Rapeseed &Mustard,2344,2782,1.186860068
Uttar Pradesh,HAPUR,2014,Rabi,Turmeric,7,20,2.857142857
Uttar Pradesh,HAPUR,2014,Rabi,Wheat,44552,136507,3.063992638
Uttar Pradesh,HAPUR,2014,Summer,Maize,162,288,1.777777778
Uttar Pradesh,HAPUR,2014,Summer,Moong(Green Gram),214,165,0.771028037
Uttar Pradesh,HAPUR,2014,Summer,Onion,13,197,15.15384615
Uttar Pradesh,HAPUR,2014,Summer,Urad,72,39,0.541666667
Uttar Pradesh,HARDOI,1997,Kharif,Arhar/Tur,9323,3279,0.351710823
Uttar Pradesh,HARDOI,1997,Kharif,Bajra,6033,6651,1.102436599
Uttar Pradesh,HARDOI,1997,Kharif,Castor seed,1,1,1
Uttar Pradesh,HARDOI,1997,Kharif,Groundnut,18936,14069,0.742976341
Uttar Pradesh,HARDOI,1997,Kharif,Jowar,18273,20364,1.114431128
Uttar Pradesh,HARDOI,1997,Kharif,Maize,55553,91996,1.656004176
Uttar Pradesh,HARDOI,1997,Kharif,Moong(Green Gram),317,102,0.321766562
Uttar Pradesh,HARDOI,1997,Kharif,Moth,12,6,0.5
Uttar Pradesh,HARDOI,1997,Kharif,Oilseeds total,50614,27412,0.541589284
Uttar Pradesh,HARDOI,1997,Kharif,Onion,765,7876,10.29542484
Uttar Pradesh,HARDOI,1997,Kharif,Rice,113939,250053,2.194621684
Uttar Pradesh,HARDOI,1997,Kharif,Sesamum,9059,1359,0.150016558
Uttar Pradesh,HARDOI,1997,Kharif,Small millets,63,49,0.777777778
Uttar Pradesh,HARDOI,1997,Kharif,Soyabean,33,34,1.03030303
Uttar Pradesh,HARDOI,1997,Kharif,Total foodgrain,523164,1069462,2.044219403
Uttar Pradesh,HARDOI,1997,Kharif,Urad,21515,5745,0.267023007
Uttar Pradesh,HARDOI,1997,Rabi,Barley,8019,12543,1.56416012
Uttar Pradesh,HARDOI,1997,Rabi,Gram,11694,8128,0.695057294
Uttar Pradesh,HARDOI,1997,Rabi,Linseed,61,26,0.426229508
Uttar Pradesh,HARDOI,1997,Rabi,Masoor,6651,5714,0.859118929
Uttar Pradesh,HARDOI,1997,Rabi,Peas & beans (Pulses),1665,1857,1.115315315
Uttar Pradesh,HARDOI,1997,Rabi,Rapeseed &Mustard,22013,11143,0.506200881
Uttar Pradesh,HARDOI,1997,Rabi,Sunflower,511,780,1.526418787
Uttar Pradesh,HARDOI,1997,Rabi,Wheat,268143,661994,2.468809553
Uttar Pradesh,HARDOI,1997,Summer,Maize,106,168,1.58490566
Uttar Pradesh,HARDOI,1997,Summer,Moong(Green Gram),289,123,0.425605536
Uttar Pradesh,HARDOI,1997,Summer,Rice,17,37,2.176470588
Uttar Pradesh,HARDOI,1997,Summer,Urad,1552,653,0.420747423
Uttar Pradesh,HARDOI,1997,Whole Year,Potato,10548,111176,10.54000758
Uttar Pradesh,HARDOI,1997,Whole Year,Sugarcane,23549,1198362,50.88802072
Uttar Pradesh,HARDOI,1998,Kharif,Arhar/Tur,9254,9693,1.047438945
Uttar Pradesh,HARDOI,1998,Kharif,Bajra,5844,2940,0.503080082
Uttar Pradesh,HARDOI,1998,Kharif,Groundnut,18675,4762,0.254993307
Uttar Pradesh,HARDOI,1998,Kharif,Jowar,18087,11573,0.639851827
Uttar Pradesh,HARDOI,1998,Kharif,Maize,55411,61728,1.114002635
Uttar Pradesh,HARDOI,1998,Kharif,Moong(Green Gram),310,84,0.270967742
Uttar Pradesh,HARDOI,1998,Kharif,Moth,20,8,0.4
Uttar Pradesh,HARDOI,1998,Kharif,Ragi,2,3,1.5
Uttar Pradesh,HARDOI,1998,Kharif,Rice,114318,234782,2.053762312
Uttar Pradesh,HARDOI,1998,Kharif,Sesamum,8882,417,0.046948885
Uttar Pradesh,HARDOI,1998,Kharif,Small millets,52,28,0.538461538
Uttar Pradesh,HARDOI,1998,Kharif,Soyabean,31,13,0.419354839
Uttar Pradesh,HARDOI,1998,Kharif,Urad,21176,3007,0.142000378
Uttar Pradesh,HARDOI,1998,Rabi,Barley,8045,13517,1.680174021
Uttar Pradesh,HARDOI,1998,Rabi,Gram,11610,7348,0.63290267
Uttar Pradesh,HARDOI,1998,Rabi,Linseed,49,18,0.367346939
Uttar Pradesh,HARDOI,1998,Rabi,Masoor,6634,5480,0.826047633
Uttar Pradesh,HARDOI,1998,Rabi,Peas & beans (Pulses),1656,1749,1.05615942
Uttar Pradesh,HARDOI,1998,Rabi,Rapeseed &Mustard,22320,14802,0.663172043
Uttar Pradesh,HARDOI,1998,Rabi,Sunflower,585,716,1.223931624
Uttar Pradesh,HARDOI,1998,Rabi,Wheat,269042,680818,2.530526832
Uttar Pradesh,HARDOI,1998,Summer,Maize,114,116,1.01754386
Uttar Pradesh,HARDOI,1998,Summer,Moong(Green Gram),270,117,0.433333333
Uttar Pradesh,HARDOI,1998,Summer,Rice,17,35,2.058823529
Uttar Pradesh,HARDOI,1998,Summer,Urad,1490,444,0.297986577
Uttar Pradesh,HARDOI,1998,Whole Year,Onion,826,9974,12.07506053
Uttar Pradesh,HARDOI,1998,Whole Year,Potato,10624,151934,14.30101657
Uttar Pradesh,HARDOI,1998,Whole Year,Sannhamp,37,14,0.378378378
Uttar Pradesh,HARDOI,1998,Whole Year,Sugarcane,23489,1175671,50.05198178
Uttar Pradesh,HARDOI,1998,Whole Year,Tobacco,109,705,6.467889908
Uttar Pradesh,HARDOI,1998,Whole Year,Turmeric,1,2,2
Uttar Pradesh,HARDOI,1999,Kharif,Arhar/Tur,8728,7130,0.816911091
Uttar Pradesh,HARDOI,1999,Kharif,Bajra,4683,5096,1.08819133
Uttar Pradesh,HARDOI,1999,Kharif,Groundnut,18552,12615,0.679980595
Uttar Pradesh,HARDOI,1999,Kharif,Jowar,17826,17723,0.994221923
Uttar Pradesh,HARDOI,1999,Kharif,Maize,56143,87134,1.55200114
Uttar Pradesh,HARDOI,1999,Kharif,Moong(Green Gram),336,115,0.342261905
Uttar Pradesh,HARDOI,1999,Kharif,Rice,111718,224346,2.008145509
Uttar Pradesh,HARDOI,1999,Kharif,Small millets,55,32,0.581818182
Uttar Pradesh,HARDOI,1999,Kharif,Soyabean,33,25,0.757575758
Uttar Pradesh,HARDOI,1999,Kharif,Sunflower,608,860,1.414473684
Uttar Pradesh,HARDOI,1999,Kharif,Urad,21248,11793,0.555016943
Uttar Pradesh,HARDOI,1999,Rabi,Barley,6421,10394,1.618750973
Uttar Pradesh,HARDOI,1999,Rabi,Gram,8277,7529,0.909629093
Uttar Pradesh,HARDOI,1999,Rabi,Linseed,42,19,0.452380952
Uttar Pradesh,HARDOI,1999,Rabi,Maize,117,169,1.444444444
Uttar Pradesh,HARDOI,1999,Rabi,Rapeseed &Mustard,21562,18238,0.845839904
Uttar Pradesh,HARDOI,1999,Rabi,Wheat,280467,781594,2.786759227
Uttar Pradesh,HARDOI,1999,Summer,Moong(Green Gram),279,206,0.738351254
Uttar Pradesh,HARDOI,1999,Summer,Rice,15,30,2
Uttar Pradesh,HARDOI,1999,Summer,Urad,1490,485,0.325503356
Uttar Pradesh,HARDOI,1999,Whole Year,Moth,9,4,0.444444444
Uttar Pradesh,HARDOI,1999,Whole Year,Onion,942,13503,14.3343949
Uttar Pradesh,HARDOI,1999,Whole Year,Peas & beans (Pulses),1373,1702,1.239621267
Uttar Pradesh,HARDOI,1999,Whole Year,Potato,10519,173574,16.50099819
Uttar Pradesh,HARDOI,1999,Whole Year,Sugarcane,23480,1257683,53.56401193
Uttar Pradesh,HARDOI,1999,Whole Year,Tobacco,106,677,6.386792453
Uttar Pradesh,HARDOI,1999,Whole Year,Turmeric,3,5,1.666666667
Uttar Pradesh,HARDOI,2000,Kharif,Arhar/Tur,8065,7284,0.90316181
Uttar Pradesh,HARDOI,2000,Kharif,Bajra,5096,3994,0.783751962
Uttar Pradesh,HARDOI,2000,Kharif,Groundnut,16080,6947,0.432027363
Uttar Pradesh,HARDOI,2000,Kharif,Jowar,15677,14096,0.899151623
Uttar Pradesh,HARDOI,2000,Kharif,Maize,53365,85651,1.605003279
Uttar Pradesh,HARDOI,2000,Kharif,Moong(Green Gram),302,53,0.175496689
Uttar Pradesh,HARDOI,2000,Kharif,Moth,8,2,0.25
Uttar Pradesh,HARDOI,2000,Kharif,Rice,127531,216441,1.697163827
Uttar Pradesh,HARDOI,2000,Kharif,Sesamum,11774,1538,0.130626805
Uttar Pradesh,HARDOI,2000,Kharif,Small millets,21,14,0.666666667
Uttar Pradesh,HARDOI,2000,Kharif,Soyabean,16,9,0.5625
Uttar Pradesh,HARDOI,2000,Kharif,Urad,21665,6608,0.305008078
Uttar Pradesh,HARDOI,2000,Rabi,Barley,5874,9983,1.699523323
Uttar Pradesh,HARDOI,2000,Rabi,Gram,4786,3831,0.800459674
Uttar Pradesh,HARDOI,2000,Rabi,Linseed,11,4,0.363636364
Uttar Pradesh,HARDOI,2000,Rabi,Maize,148,240,1.621621622
Uttar Pradesh,HARDOI,2000,Rabi,Masoor,6566,7042,1.07249467
Uttar Pradesh,HARDOI,2000,Rabi,Moong(Green Gram),283,162,0.572438163
Uttar Pradesh,HARDOI,2000,Rabi,Peas & beans (Pulses),1316,1615,1.227203647
Uttar Pradesh,HARDOI,2000,Rabi,Rapeseed &Mustard,17396,15207,0.874166475
Uttar Pradesh,HARDOI,2000,Rabi,Urad,1884,1075,0.57059448
Uttar Pradesh,HARDOI,2000,Rabi,Wheat,294156,798160,2.713390174
Uttar Pradesh,HARDOI,2000,Summer,Rice,15,25,1.666666667
Uttar Pradesh,HARDOI,2000,Whole Year,Potato,11334,155661,13.73398624
Uttar Pradesh,HARDOI,2000,Whole Year,Sugarcane,24127,1329205,55.0920131
Uttar Pradesh,HARDOI,2000,Whole Year,Turmeric,8,14,1.75
Uttar Pradesh,HARDOI,2001,Kharif,Arhar/Tur,4895,5138,1.049642492
Uttar Pradesh,HARDOI,2001,Kharif,Bajra,4553,3772,0.828464749
Uttar Pradesh,HARDOI,2001,Kharif,Groundnut,11836,7125,0.601977019
Uttar Pradesh,HARDOI,2001,Kharif,Jowar,11736,11938,1.017211997
Uttar Pradesh,HARDOI,2001,Kharif,Maize,53966,82082,1.5209947
Uttar Pradesh,HARDOI,2001,Kharif,Moong(Green Gram),132,44,0.333333333
Uttar Pradesh,HARDOI,2001,Kharif,Moth,4,1,0.25
Uttar Pradesh,HARDOI,2001,Kharif,Rice,154011,264047,1.714468447
Uttar Pradesh,HARDOI,2001,Kharif,Sesamum,12001,4308,0.358970086
Uttar Pradesh,HARDOI,2001,Kharif,Small millets,13,8,0.615384615
Uttar Pradesh,HARDOI,2001,Kharif,Soyabean,41,30,0.731707317
Uttar Pradesh,HARDOI,2001,Kharif,Sunflower,129,249,1.930232558
Uttar Pradesh,HARDOI,2001,Kharif,Urad,15650,7966,0.509009585
Uttar Pradesh,HARDOI,2001,Rabi,Barley,3651,5981,1.63818132
Uttar Pradesh,HARDOI,2001,Rabi,Gram,2181,1784,0.817973407
Uttar Pradesh,HARDOI,2001,Rabi,Linseed,35,15,0.428571429
Uttar Pradesh,HARDOI,2001,Rabi,Maize,244,397,1.62704918
Uttar Pradesh,HARDOI,2001,Rabi,Masoor,11672,8055,0.690113091
Uttar Pradesh,HARDOI,2001,Rabi,Peas & beans (Pulses),1484,1742,1.173854447
Uttar Pradesh,HARDOI,2001,Rabi,Rapeseed &Mustard,12864,10742,0.835043532
Uttar Pradesh,HARDOI,2001,Rabi,Urad,4011,1957,0.487908252
Uttar Pradesh,HARDOI,2001,Rabi,Wheat,305726,795789,2.602948392
Uttar Pradesh,HARDOI,2001,Whole Year,Potato,9235,157512,17.05598267
Uttar Pradesh,HARDOI,2001,Whole Year,Sugarcane,25536,1326851,51.96001723
Uttar Pradesh,HARDOI,2001,Whole Year,Tobacco,63,391,6.206349206
Uttar Pradesh,HARDOI,2001,Whole Year,Turmeric,4,7,1.75
Uttar Pradesh,HARDOI,2002,Kharif,Bajra,2407,2012,0.835895305
Uttar Pradesh,HARDOI,2002,Kharif,Groundnut,4802,3664,0.76301541
Uttar Pradesh,HARDOI,2002,Kharif,Jowar,9279,12937,1.394223515
Uttar Pradesh,HARDOI,2002,Kharif,Maize,40028,35585,0.889002698
Uttar Pradesh,HARDOI,2002,Kharif,Moong(Green Gram),46,19,0.413043478
Uttar Pradesh,HARDOI,2002,Kharif,Rice,85917,143964,1.675617165
Uttar Pradesh,HARDOI,2002,Kharif,Sesamum,10867,2923,0.268979479
Uttar Pradesh,HARDOI,2002,Kharif,Small millets,12,7,0.583333333
Uttar Pradesh,HARDOI,2002,Kharif,Soyabean,22,4,0.181818182
Uttar Pradesh,HARDOI,2002,Kharif,Sunflower,78,112,1.435897436
Uttar Pradesh,HARDOI,2002,Kharif,Urad,18192,8459,0.464984609
Uttar Pradesh,HARDOI,2002,Rabi,Barley,4048,7031,1.736907115
Uttar Pradesh,HARDOI,2002,Rabi,Gram,2288,2096,0.916083916
Uttar Pradesh,HARDOI,2002,Rabi,Linseed,32,13,0.40625
Uttar Pradesh,HARDOI,2002,Rabi,Maize,181,200,1.104972376
Uttar Pradesh,HARDOI,2002,Rabi,Masoor,10738,8343,0.776960328
Uttar Pradesh,HARDOI,2002,Rabi,Onion,269,2776,10.3197026
Uttar Pradesh,HARDOI,2002,Rabi,Peas & beans (Pulses),1376,1448,1.052325581
Uttar Pradesh,HARDOI,2002,Rabi,Rapeseed &Mustard,13506,10052,0.74426181
Uttar Pradesh,HARDOI,2002,Rabi,Wheat,303374,868139,2.861613058
Uttar Pradesh,HARDOI,2002,Summer,Moong(Green Gram),178,104,0.584269663
Uttar Pradesh,HARDOI,2002,Summer,Onion,357,3991,11.17927171
Uttar Pradesh,HARDOI,2002,Summer,Rice,1,2,2
Uttar Pradesh,HARDOI,2002,Summer,Urad,3811,2395,0.628443978
Uttar Pradesh,HARDOI,2002,Whole Year,Potato,10229,166988,16.32495845
Uttar Pradesh,HARDOI,2002,Whole Year,Sugarcane,27383,1328185,48.50399883
Uttar Pradesh,HARDOI,2002,Whole Year,Tobacco,56,330,5.892857143
Uttar Pradesh,HARDOI,2003,Kharif,Arhar/Tur,3030,3418,1.128052805
Uttar Pradesh,HARDOI,2003,Kharif,Bajra,5036,3447,0.684471803
Uttar Pradesh,HARDOI,2003,Kharif,Groundnut,5233,2303,0.440091726
Uttar Pradesh,HARDOI,2003,Kharif,Jowar,11164,10799,0.967305625
Uttar Pradesh,HARDOI,2003,Kharif,Maize,52093,68138,1.308006834
Uttar Pradesh,HARDOI,2003,Kharif,Moong(Green Gram),170,45,0.264705882
Uttar Pradesh,HARDOI,2003,Kharif,Moth,3,1,0.333333333
Uttar Pradesh,HARDOI,2003,Kharif,Rice,130256,267702,2.055198993
Uttar Pradesh,HARDOI,2003,Kharif,Sesamum,11427,2045,0.178962107
Uttar Pradesh,HARDOI,2003,Kharif,Soyabean,13,14,1.076923077
Uttar Pradesh,HARDOI,2003,Kharif,Sunflower,365,609,1.668493151
Uttar Pradesh,HARDOI,2003,Kharif,Urad,19220,5747,0.299011446
Uttar Pradesh,HARDOI,2003,Rabi,Barley,3396,6326,1.862779741
Uttar Pradesh,HARDOI,2003,Rabi,Gram,1478,1286,0.870094723
Uttar Pradesh,HARDOI,2003,Rabi,Linseed,9,4,0.444444444
Uttar Pradesh,HARDOI,2003,Rabi,Masoor,11103,9460,0.852021976
Uttar Pradesh,HARDOI,2003,Rabi,Onion,209,3000,14.35406699
Uttar Pradesh,HARDOI,2003,Rabi,Peas & beans (Pulses),1061,1039,0.979264844
Uttar Pradesh,HARDOI,2003,Rabi,Rapeseed &Mustard,13179,10872,0.824948782
Uttar Pradesh,HARDOI,2003,Rabi,Wheat,306396,866936,2.829462526
Uttar Pradesh,HARDOI,2003,Summer,Maize,253,346,1.367588933
Uttar Pradesh,HARDOI,2003,Summer,Moong(Green Gram),274,166,0.605839416
Uttar Pradesh,HARDOI,2003,Summer,Onion,552,5621,10.18297101
Uttar Pradesh,HARDOI,2003,Summer,Rice,1,2,2
Uttar Pradesh,HARDOI,2003,Summer,Urad,4038,2245,0.555968301
Uttar Pradesh,HARDOI,2003,Whole Year,Potato,10570,169395,16.02601703
Uttar Pradesh,HARDOI,2003,Whole Year,Sannhamp,7,2,0.285714286
Uttar Pradesh,HARDOI,2003,Whole Year,Sugarcane,27449,1292409,47.08401035
Uttar Pradesh,HARDOI,2003,Whole Year,Tobacco,54,404,7.481481481
Uttar Pradesh,HARDOI,2003,Whole Year,Turmeric,1,2,2
Uttar Pradesh,HARDOI,2004,Kharif,Bajra,4328,4643,1.072781885
Uttar Pradesh,HARDOI,2004,Kharif,Groundnut,5244,6177,1.17791762
Uttar Pradesh,HARDOI,2004,Kharif,Jowar,9371,8984,0.95870238
Uttar Pradesh,HARDOI,2004,Kharif,Maize,46602,81554,1.750010729
Uttar Pradesh,HARDOI,2004,Kharif,Rice,147130,345455,2.347957589
Uttar Pradesh,HARDOI,2004,Kharif,Sannhamp,8,2,0.25
Uttar Pradesh,HARDOI,2004,Kharif,Sesamum,10707,2505,0.233959092
Uttar Pradesh,HARDOI,2004,Kharif,Small millets,8,3,0.375
Uttar Pradesh,HARDOI,2004,Kharif,Soyabean,13,5,0.384615385
Uttar Pradesh,HARDOI,2004,Kharif,Sugarcane,25856,1305107,50.47598236
Uttar Pradesh,HARDOI,2004,Rabi,Barley,3082,4913,1.594094744
Uttar Pradesh,HARDOI,2004,Rabi,Gram,1521,1428,0.938856016
Uttar Pradesh,HARDOI,2004,Rabi,Linseed,8,4,0.5
Uttar Pradesh,HARDOI,2004,Rabi,Potato,9835,198687,20.20203355
Uttar Pradesh,HARDOI,2004,Rabi,Rapeseed &Mustard,12579,9123,0.72525638
Uttar Pradesh,HARDOI,2004,Rabi,Wheat,312973,821886,2.626060395
Uttar Pradesh,HARDOI,2004,Summer,Sunflower,924,1816,1.965367965
Uttar Pradesh,HARDOI,2004,Whole Year,Dry chillies,741,695,0.937921727
Uttar Pradesh,HARDOI,2004,Whole Year,Garlic,121,524,4.330578512
Uttar Pradesh,HARDOI,2004,Whole Year,Guar seed,22,19,0.863636364
Uttar Pradesh,HARDOI,2004,Whole Year,Onion,621,7061,11.37037037
Uttar Pradesh,HARDOI,2004,Whole Year,Sweet potato,1006,11692,11.6222664
Uttar Pradesh,HARDOI,2004,Whole Year,Tobacco,69,300,4.347826087
Uttar Pradesh,HARDOI,2005,Kharif,Bajra,13501,12472,0.923783423
Uttar Pradesh,HARDOI,2005,Kharif,Jowar,13753,13934,1.013160765
Uttar Pradesh,HARDOI,2005,Kharif,Maize,51978,63725,1.225999461
Uttar Pradesh,HARDOI,2005,Kharif,Rice,127800,278476,2.178998435
Uttar Pradesh,HARDOI,2005,Kharif,Sannhamp,4,1,0.25
Uttar Pradesh,HARDOI,2005,Kharif,Sesamum,12323,2341,0.189969975
Uttar Pradesh,HARDOI,2005,Kharif,Sugarcane,32683,1560417,47.74399535
Uttar Pradesh,HARDOI,2005,Rabi,Barley,3437,5399,1.570846669
Uttar Pradesh,HARDOI,2005,Rabi,Gram,11985,13681,1.141510221
Uttar Pradesh,HARDOI,2005,Rabi,Linseed,4,2,0.5
Uttar Pradesh,HARDOI,2005,Rabi,Potato,11432,186502,16.31403079
Uttar Pradesh,HARDOI,2005,Rabi,Rapeseed &Mustard,13699,11083,0.809037156
Uttar Pradesh,HARDOI,2005,Rabi,Turmeric,1,4,4
Uttar Pradesh,HARDOI,2005,Rabi,Wheat,300504,800543,2.664001145
Uttar Pradesh,HARDOI,2005,Summer,Sunflower,465,563,1.210752688
Uttar Pradesh,HARDOI,2005,Whole Year,Coriander,97,56,0.577319588
Uttar Pradesh,HARDOI,2005,Whole Year,Dry chillies,537,491,0.91433892
Uttar Pradesh,HARDOI,2005,Whole Year,Garlic,127,553,4.354330709
Uttar Pradesh,HARDOI,2005,Whole Year,Guar seed,23,19,0.826086957
Uttar Pradesh,HARDOI,2005,Whole Year,Onion,776,10006,12.8943299
Uttar Pradesh,HARDOI,2005,Whole Year,Sweet potato,1035,13539,13.08115942
Uttar Pradesh,HARDOI,2005,Whole Year,Tobacco,55,311,5.654545455
Uttar Pradesh,HARDOI,2006,Kharif,Arhar/Tur,3925,3138,0.799490446
Uttar Pradesh,HARDOI,2006,Kharif,Bajra,13022,19668,1.510367071
Uttar Pradesh,HARDOI,2006,Kharif,Dry ginger,2,6,3
Uttar Pradesh,HARDOI,2006,Kharif,Groundnut,5244,3860,0.736079329
Uttar Pradesh,HARDOI,2006,Kharif,Jowar,3862,4273,1.106421543
Uttar Pradesh,HARDOI,2006,Kharif,Maize,46602,61701,1.32399897
Uttar Pradesh,HARDOI,2006,Kharif,Other Kharif pulses,22847,12350,0.54055237
Uttar Pradesh,HARDOI,2006,Kharif,Rice,147130,298674,2.03000068
Uttar Pradesh,HARDOI,2006,Kharif,Sesamum,10673,2978,0.279021831
Uttar Pradesh,HARDOI,2006,Kharif,Small millets,1,1,1
Uttar Pradesh,HARDOI,2006,Kharif,Soyabean,13,13,1
Uttar Pradesh,HARDOI,2006,Kharif,Sugarcane,25856,1367472,52.88799505
Uttar Pradesh,HARDOI,2006,Kharif,Sweet potato,845,11533,13.64852071
Uttar Pradesh,HARDOI,2006,Rabi,Barley,2711,4503,1.661010697
Uttar Pradesh,HARDOI,2006,Rabi,Garlic,329,1447,4.398176292
Uttar Pradesh,HARDOI,2006,Rabi,Gram,1470,1152,0.783673469
Uttar Pradesh,HARDOI,2006,Rabi,Linseed,8,3,0.375
Uttar Pradesh,HARDOI,2006,Rabi,Masoor,12936,9159,0.708024119
Uttar Pradesh,HARDOI,2006,Rabi,Onion,273,5237,19.18315018
Uttar Pradesh,HARDOI,2006,Rabi,Other  Rabi pulses,436,422,0.967889908
Uttar Pradesh,HARDOI,2006,Rabi,Potato,10504,166194,15.82197258
Uttar Pradesh,HARDOI,2006,Rabi,Rapeseed &Mustard,12353,9630,0.779567716
Uttar Pradesh,HARDOI,2006,Rabi,Tobacco,77,410,5.324675325
Uttar Pradesh,HARDOI,2006,Rabi,Wheat,307716,923145,2.999990251
Uttar Pradesh,HARDOI,2006,Summer,Maize,327,434,1.327217125
Uttar Pradesh,HARDOI,2006,Summer,Onion,311,3622,11.64630225
Uttar Pradesh,HARDOI,2006,Summer,Rice,35,71,2.028571429
Uttar Pradesh,HARDOI,2006,Summer,Sunflower,966,1466,1.517598344
Uttar Pradesh,HARDOI,2006,Summer,Tobacco,2,6,3
Uttar Pradesh,HARDOI,2006,Whole Year,Coriander,49,26,0.530612245
Uttar Pradesh,HARDOI,2006,Whole Year,Dry chillies,521,494,0.948176583
Uttar Pradesh,HARDOI,2006,Whole Year,Guar seed,34,29,0.852941176
Uttar Pradesh,HARDOI,2007,Kharif,Arhar/Tur,1995,2018,1.011528822
Uttar Pradesh,HARDOI,2007,Kharif,Bajra,8610,9242,1.07340302
Uttar Pradesh,HARDOI,2007,Kharif,Dry chillies,529,510,0.964083176
Uttar Pradesh,HARDOI,2007,Kharif,Groundnut,5957,5743,0.964075877
Uttar Pradesh,HARDOI,2007,Kharif,Guar seed,25,21,0.84
Uttar Pradesh,HARDOI,2007,Kharif,Jowar,6910,5068,0.733429812
Uttar Pradesh,HARDOI,2007,Kharif,Maize,47770,70556,1.476993929
Uttar Pradesh,HARDOI,2007,Kharif,Moong(Green Gram),190,38,0.2
Uttar Pradesh,HARDOI,2007,Kharif,Rice,151320,294469,1.94600185
Uttar Pradesh,HARDOI,2007,Kharif,Sesamum,11618,3090,0.265966604
Uttar Pradesh,HARDOI,2007,Kharif,Sugarcane,43216,2081110,48.15600703
Uttar Pradesh,HARDOI,2007,Kharif,Sweet potato,960,12924,13.4625
Uttar Pradesh,HARDOI,2007,Kharif,Urad,18306,8402,0.458975199
Uttar Pradesh,HARDOI,2007,Rabi,Barley,2199,4108,1.868121874
Uttar Pradesh,HARDOI,2007,Rabi,Coriander,62,36,0.580645161
Uttar Pradesh,HARDOI,2007,Rabi,Gram,932,920,0.987124464
Uttar Pradesh,HARDOI,2007,Rabi,Linseed,7,2,0.285714286
Uttar Pradesh,HARDOI,2007,Rabi,Masoor,11643,10397,0.892982908
Uttar Pradesh,HARDOI,2007,Rabi,Onion,369,5156,13.97289973
Uttar Pradesh,HARDOI,2007,Rabi,Other  Rabi pulses,1332,1250,0.938438438
Uttar Pradesh,HARDOI,2007,Rabi,Potato,10388,194733,18.74595687
Uttar Pradesh,HARDOI,2007,Rabi,Rapeseed &Mustard,10807,11284,1.044138059
Uttar Pradesh,HARDOI,2007,Rabi,Tobacco,7,39,5.571428571
Uttar Pradesh,HARDOI,2007,Rabi,Turmeric,1,3,3
Uttar Pradesh,HARDOI,2007,Rabi,Wheat,309644,924287,2.984998902
Uttar Pradesh,HARDOI,2007,Summer,Maize,110,158,1.436363636
Uttar Pradesh,HARDOI,2007,Summer,Moong(Green Gram),241,131,0.543568465
Uttar Pradesh,HARDOI,2007,Summer,Onion,298,3881,13.02348993
Uttar Pradesh,HARDOI,2007,Summer,Rice,39,76,1.948717949
Uttar Pradesh,HARDOI,2007,Summer,Sunflower,605,1704,2.816528926
Uttar Pradesh,HARDOI,2007,Summer,Urad,2567,1140,0.444098169
Uttar Pradesh,HARDOI,2008,Kharif,Arhar/Tur,1565,1559,0.996166134
Uttar Pradesh,HARDOI,2008,Kharif,Bajra,5491,6579,1.198142415
Uttar Pradesh,HARDOI,2008,Kharif,Dry chillies,407,406,0.997542998
Uttar Pradesh,HARDOI,2008,Kharif,Groundnut,8523,6350,0.745042825
Uttar Pradesh,HARDOI,2008,Kharif,Guar seed,26,22,0.846153846
Uttar Pradesh,HARDOI,2008,Kharif,Jowar,6943,7536,1.085409765
Uttar Pradesh,HARDOI,2008,Kharif,Maize,51373,75056,1.461000915
Uttar Pradesh,HARDOI,2008,Kharif,Moong(Green Gram),84,31,0.369047619
Uttar Pradesh,HARDOI,2008,Kharif,Rice,161906,339517,2.097000729
Uttar Pradesh,HARDOI,2008,Kharif,Sannhamp,7,2,0.285714286
Uttar Pradesh,HARDOI,2008,Kharif,Sesamum,13934,3024,0.217023109
Uttar Pradesh,HARDOI,2008,Kharif,Sugarcane,39157,1878596,47.97599408
Uttar Pradesh,HARDOI,2008,Kharif,Sweet potato,968,11889,12.28202479
Uttar Pradesh,HARDOI,2008,Kharif,Urad,19171,9125,0.475979344
Uttar Pradesh,HARDOI,2008,Rabi,Barley,2312,4374,1.891868512
Uttar Pradesh,HARDOI,2008,Rabi,Coriander,137,82,0.598540146
Uttar Pradesh,HARDOI,2008,Rabi,Garlic,301,1773,5.890365449
Uttar Pradesh,HARDOI,2008,Rabi,Gram,1191,1367,1.147774979
Uttar Pradesh,HARDOI,2008,Rabi,Linseed,27,12,0.444444444
Uttar Pradesh,HARDOI,2008,Rabi,Masoor,9153,8723,0.953020867
Uttar Pradesh,HARDOI,2008,Rabi,Onion,243,2849,11.72427984
Uttar Pradesh,HARDOI,2008,Rabi,Peas & beans (Pulses),737,890,1.207598372
Uttar Pradesh,HARDOI,2008,Rabi,Potato,12498,194944,15.59801568
Uttar Pradesh,HARDOI,2008,Rabi,Rapeseed &Mustard,12840,12290,0.957165109
Uttar Pradesh,HARDOI,2008,Rabi,Tobacco,58,302,5.206896552
Uttar Pradesh,HARDOI,2008,Rabi,Wheat,325908,1009330,3.096978288
Uttar Pradesh,HARDOI,2008,Summer,Maize,203,304,1.497536946
Uttar Pradesh,HARDOI,2008,Summer,Moong(Green Gram),232,129,0.556034483
Uttar Pradesh,HARDOI,2008,Summer,Rice,42,88,2.095238095
Uttar Pradesh,HARDOI,2008,Summer,Sunflower,279,555,1.989247312
Uttar Pradesh,HARDOI,2008,Summer,Urad,4545,3150,0.693069307
Uttar Pradesh,HARDOI,2009,Kharif,Arhar/Tur,3157,2299,0.728222997
Uttar Pradesh,HARDOI,2009,Kharif,Bajra,4106,4714,1.148075986
Uttar Pradesh,HARDOI,2009,Kharif,Dry chillies,547,482,0.881170018
Uttar Pradesh,HARDOI,2009,Kharif,Groundnut,8287,9522,1.149028599
Uttar Pradesh,HARDOI,2009,Kharif,Guar seed,26,22,0.846153846
Uttar Pradesh,HARDOI,2009,Kharif,Jowar,10161,8973,0.883082374
Uttar Pradesh,HARDOI,2009,Kharif,Maize,37110,52436,1.412988413
Uttar Pradesh,HARDOI,2009,Kharif,Moong(Green Gram),156,23,0.147435897
Uttar Pradesh,HARDOI,2009,Kharif,Rice,123955,279271,2.253003106
Uttar Pradesh,HARDOI,2009,Kharif,Sesamum,22389,3627,0.161999196
Uttar Pradesh,HARDOI,2009,Kharif,Small millets,11,7,0.636363636
Uttar Pradesh,HARDOI,2009,Kharif,Sugarcane,31654,1610682,50.8839957
Uttar Pradesh,HARDOI,2009,Kharif,Sweet potato,963,13097,13.60020768
Uttar Pradesh,HARDOI,2009,Kharif,Urad,21954,11745,0.534982236
Uttar Pradesh,HARDOI,2009,Rabi,Barley,2032,2817,1.386318898
Uttar Pradesh,HARDOI,2009,Rabi,Coriander,82,47,0.573170732
Uttar Pradesh,HARDOI,2009,Rabi,Garlic,189,1004,5.312169312
Uttar Pradesh,HARDOI,2009,Rabi,Gram,620,543,0.875806452
Uttar Pradesh,HARDOI,2009,Rabi,Linseed,18,8,0.444444444
Uttar Pradesh,HARDOI,2009,Rabi,Masoor,10166,10573,1.040035412
Uttar Pradesh,HARDOI,2009,Rabi,Onion,189,2448,12.95238095
Uttar Pradesh,HARDOI,2009,Rabi,Peas & beans (Pulses),676,868,1.284023669
Uttar Pradesh,HARDOI,2009,Rabi,Potato,11909,320959,26.95096146
Uttar Pradesh,HARDOI,2009,Rabi,Rapeseed &Mustard,13117,12845,0.979263551
Uttar Pradesh,HARDOI,2009,Rabi,Tobacco,57,327,5.736842105
Uttar Pradesh,HARDOI,2009,Rabi,Wheat,330637,1020013,3.084993513
Uttar Pradesh,HARDOI,2009,Summer,Maize,349,508,1.455587393
Uttar Pradesh,HARDOI,2009,Summer,Moong(Green Gram),170,88,0.517647059
Uttar Pradesh,HARDOI,2009,Summer,Onion,492,4937,10.03455285
Uttar Pradesh,HARDOI,2009,Summer,Rice,13,29,2.230769231
Uttar Pradesh,HARDOI,2009,Summer,Sunflower,228,524,2.298245614
Uttar Pradesh,HARDOI,2009,Summer,Urad,3783,2697,0.712926249
Uttar Pradesh,HARDOI,2010,Kharif,Arhar/Tur,1854,1510,0.814455232
Uttar Pradesh,HARDOI,2010,Kharif,Bajra,4146,5233,1.262180415
Uttar Pradesh,HARDOI,2010,Kharif,Dry chillies,508,445,0.875984252
Uttar Pradesh,HARDOI,2010,Kharif,Dry ginger,1,3,3
Uttar Pradesh,HARDOI,2010,Kharif,Groundnut,7557,6491,0.858938732
Uttar Pradesh,HARDOI,2010,Kharif,Guar seed,27,22,0.814814815
Uttar Pradesh,HARDOI,2010,Kharif,Jowar,6511,7052,1.083090155
Uttar Pradesh,HARDOI,2010,Kharif,Maize,41051,46036,1.121434313
Uttar Pradesh,HARDOI,2010,Kharif,Moong(Green Gram),119,56,0.470588235
Uttar Pradesh,HARDOI,2010,Kharif,Rice,130217,265252,2.036999777
Uttar Pradesh,HARDOI,2010,Kharif,Sesamum,25644,5283,0.206013102
Uttar Pradesh,HARDOI,2010,Kharif,Sugarcane,30600,1629389,53.24800654
Uttar Pradesh,HARDOI,2010,Kharif,Sweet potato,720,8867,12.31527778
Uttar Pradesh,HARDOI,2010,Kharif,Urad,24022,11002,0.457996836
Uttar Pradesh,HARDOI,2010,Rabi,Barley,1813,3547,1.956425814
Uttar Pradesh,HARDOI,2010,Rabi,Gram,738,438,0.593495935
Uttar Pradesh,HARDOI,2010,Rabi,Linseed,7,3,0.428571429
Uttar Pradesh,HARDOI,2010,Rabi,Masoor,7778,6930,0.890974544
Uttar Pradesh,HARDOI,2010,Rabi,Onion,211,3884,18.40758294
Uttar Pradesh,HARDOI,2010,Rabi,Peas & beans (Pulses),1200,1430,1.191666667
Uttar Pradesh,HARDOI,2010,Rabi,Potato,12585,215971,17.1609853
Uttar Pradesh,HARDOI,2010,Rabi,Rapeseed &Mustard,13372,12195,0.911980257
Uttar Pradesh,HARDOI,2010,Rabi,Tobacco,57,289,5.070175439
Uttar Pradesh,HARDOI,2010,Rabi,Wheat,341765,1139960,3.335508317
Uttar Pradesh,HARDOI,2010,Summer,Maize,354,519,1.466101695
Uttar Pradesh,HARDOI,2010,Summer,Moong(Green Gram),174,80,0.459770115
Uttar Pradesh,HARDOI,2010,Summer,Rice,26,53,2.038461538
Uttar Pradesh,HARDOI,2010,Summer,Sunflower,282,595,2.109929078
Uttar Pradesh,HARDOI,2010,Summer,Urad,4064,3068,0.75492126
Uttar Pradesh,HARDOI,2011,Kharif,Arhar/Tur,1729,1550,0.896471949
Uttar Pradesh,HARDOI,2011,Kharif,Bajra,3546,3462,0.976311337
Uttar Pradesh,HARDOI,2011,Kharif,Dry chillies,351,291,0.829059829
Uttar Pradesh,HARDOI,2011,Kharif,Groundnut,8034,7014,0.873039582
Uttar Pradesh,HARDOI,2011,Kharif,Guar seed,19,16,0.842105263
Uttar Pradesh,HARDOI,2011,Kharif,Jowar,5969,4366,0.731445803
Uttar Pradesh,HARDOI,2011,Kharif,Maize,39781,53346,1.340991931
Uttar Pradesh,HARDOI,2011,Kharif,Moong(Green Gram),218,92,0.422018349
Uttar Pradesh,HARDOI,2011,Kharif,Rice,152396,342586,2.247998635
Uttar Pradesh,HARDOI,2011,Kharif,Sesamum,22354,4068,0.181980854
Uttar Pradesh,HARDOI,2011,Kharif,Sugarcane,31481,1775906,56.41199454
Uttar Pradesh,HARDOI,2011,Kharif,Sweet potato,891,11577,12.99326599
Uttar Pradesh,HARDOI,2011,Kharif,Urad,22854,12935,0.565984073
Uttar Pradesh,HARDOI,2011,Rabi,Barley,1724,3988,2.313225058
Uttar Pradesh,HARDOI,2011,Rabi,Coriander,110,61,0.554545455
Uttar Pradesh,HARDOI,2011,Rabi,Garlic,218,1127,5.169724771
Uttar Pradesh,HARDOI,2011,Rabi,Gram,583,750,1.2864494
Uttar Pradesh,HARDOI,2011,Rabi,Linseed,15,7,0.466666667
Uttar Pradesh,HARDOI,2011,Rabi,Maize,121,289,2.388429752
Uttar Pradesh,HARDOI,2011,Rabi,Masoor,8840,8283,0.93699095
Uttar Pradesh,HARDOI,2011,Rabi,Onion,164,3751,22.87195122
Uttar Pradesh,HARDOI,2011,Rabi,Peas & beans (Pulses),1222,1322,1.081833061
Uttar Pradesh,HARDOI,2011,Rabi,Potato,10973,196417,17.90002734
Uttar Pradesh,HARDOI,2011,Rabi,Rapeseed &Mustard,13479,12649,0.938422732
Uttar Pradesh,HARDOI,2011,Rabi,Tobacco,38,198,5.210526316
Uttar Pradesh,HARDOI,2011,Rabi,Turmeric,2,6,3
Uttar Pradesh,HARDOI,2011,Rabi,Wheat,327969,1176241,3.586439572
Uttar Pradesh,HARDOI,2011,Summer,Banana,9,393,43.66666667
Uttar Pradesh,HARDOI,2011,Summer,Maize,560,926,1.653571429
Uttar Pradesh,HARDOI,2011,Summer,Moong(Green Gram),112,58,0.517857143
Uttar Pradesh,HARDOI,2011,Summer,Onion,403,4597,11.40694789
Uttar Pradesh,HARDOI,2011,Summer,Rice,1,2,2
Uttar Pradesh,HARDOI,2011,Summer,Sunflower,70,120,1.714285714
Uttar Pradesh,HARDOI,2011,Summer,Urad,3274,2213,0.675931582
Uttar Pradesh,HARDOI,2012,Kharif,Arhar/Tur,1642,1333,0.81181486
Uttar Pradesh,HARDOI,2012,Kharif,Bajra,4028,4852,1.204568024
Uttar Pradesh,HARDOI,2012,Kharif,Dry chillies,468,376,0.803418803
Uttar Pradesh,HARDOI,2012,Kharif,Groundnut,10187,10625,1.042995975
Uttar Pradesh,HARDOI,2012,Kharif,Guar seed,25,20,0.8
Uttar Pradesh,HARDOI,2012,Kharif,Jowar,6175,7502,1.214898785
Uttar Pradesh,HARDOI,2012,Kharif,Maize,36598,70122,1.916006339
Uttar Pradesh,HARDOI,2012,Kharif,Moong(Green Gram),91,46,0.505494505
Uttar Pradesh,HARDOI,2012,Kharif,Rice,144505,354615,2.453998132
Uttar Pradesh,HARDOI,2012,Kharif,Sesamum,20884,4281,0.204989466
Uttar Pradesh,HARDOI,2012,Kharif,Sugarcane,35834,2210098,61.67600603
Uttar Pradesh,HARDOI,2012,Kharif,Sweet potato,800,10358,12.9475
Uttar Pradesh,HARDOI,2012,Kharif,Urad,23664,13938,0.588995943
Uttar Pradesh,HARDOI,2012,Rabi,Barley,1714,3460,2.018669778
Uttar Pradesh,HARDOI,2012,Rabi,Coriander,97,53,0.546391753
Uttar Pradesh,HARDOI,2012,Rabi,Garlic,236,1226,5.194915254
Uttar Pradesh,HARDOI,2012,Rabi,Gram,737,872,1.183175034
Uttar Pradesh,HARDOI,2012,Rabi,Linseed,13,6,0.461538462
Uttar Pradesh,HARDOI,2012,Rabi,Masoor,8226,7996,0.972039874
Uttar Pradesh,HARDOI,2012,Rabi,Onion,124,2852,23
Uttar Pradesh,HARDOI,2012,Rabi,Peas & beans (Pulses),1159,911,0.786022433
Uttar Pradesh,HARDOI,2012,Rabi,Potato,11867,205418,17.31001938
Uttar Pradesh,HARDOI,2012,Rabi,Rapeseed &Mustard,13592,12816,0.942907593
Uttar Pradesh,HARDOI,2012,Rabi,Tobacco,45,243,5.4
Uttar Pradesh,HARDOI,2012,Rabi,Turmeric,8,22,2.75
Uttar Pradesh,HARDOI,2012,Rabi,Wheat,327776,1041832,3.178487748
Uttar Pradesh,HARDOI,2012,Summer,Banana,4,178,44.5
Uttar Pradesh,HARDOI,2012,Summer,Maize,260,480,1.846153846
Uttar Pradesh,HARDOI,2012,Summer,Moong(Green Gram),146,47,0.321917808
Uttar Pradesh,HARDOI,2012,Summer,Onion,164,1863,11.3597561
Uttar Pradesh,HARDOI,2012,Summer,Rice,10,25,2.5
Uttar Pradesh,HARDOI,2012,Summer,Sunflower,133,104,0.781954887
Uttar Pradesh,HARDOI,2012,Summer,Urad,3435,2161,0.629112082
Uttar Pradesh,HARDOI,2013,Kharif,Arhar/Tur,1526,1121,0.734600262
Uttar Pradesh,HARDOI,2013,Kharif,Bajra,3780,4490,1.187830688
Uttar Pradesh,HARDOI,2013,Kharif,Cotton(lint),6,1,0.166666667
Uttar Pradesh,HARDOI,2013,Kharif,Dry chillies,456,368,0.807017544
Uttar Pradesh,HARDOI,2013,Kharif,Groundnut,8905,10170,1.142055025
Uttar Pradesh,HARDOI,2013,Kharif,Guar seed,52,43,0.826923077
Uttar Pradesh,HARDOI,2013,Kharif,Jowar,4039,4363,1.080217876
Uttar Pradesh,HARDOI,2013,Kharif,Maize,42656,81729,1.916002438
Uttar Pradesh,HARDOI,2013,Kharif,Moong(Green Gram),174,56,0.32183908
Uttar Pradesh,HARDOI,2013,Kharif,Rice,149084,375095,2.515997693
Uttar Pradesh,HARDOI,2013,Kharif,Sesamum,18078,3796,0.20997898
Uttar Pradesh,HARDOI,2013,Kharif,Soyabean,2,1,0.5
Uttar Pradesh,HARDOI,2013,Kharif,Sugarcane,39111,2272036,58.09199458
Uttar Pradesh,HARDOI,2013,Kharif,Sweet potato,658,8695,13.21428571
Uttar Pradesh,HARDOI,2013,Kharif,Urad,18225,10953,0.600987654
Uttar Pradesh,HARDOI,2013,Rabi,Barley,3554,8931,2.512943163
Uttar Pradesh,HARDOI,2013,Rabi,Coriander,104,57,0.548076923
Uttar Pradesh,HARDOI,2013,Rabi,Garlic,173,1014,5.861271676
Uttar Pradesh,HARDOI,2013,Rabi,Gram,891,423,0.474747475
Uttar Pradesh,HARDOI,2013,Rabi,Linseed,38,15,0.394736842
Uttar Pradesh,HARDOI,2013,Rabi,Maize,137,487,3.554744526
Uttar Pradesh,HARDOI,2013,Rabi,Masoor,8334,6701,0.804055676
Uttar Pradesh,HARDOI,2013,Rabi,Onion,332,6753,20.34036145
Uttar Pradesh,HARDOI,2013,Rabi,Peas & beans (Pulses),1057,1000,0.946073794
Uttar Pradesh,HARDOI,2013,Rabi,Potato,11217,204407,18.22296514
Uttar Pradesh,HARDOI,2013,Rabi,Rapeseed &Mustard,13422,11028,0.82163612
Uttar Pradesh,HARDOI,2013,Rabi,Tobacco,4,22,5.5
Uttar Pradesh,HARDOI,2013,Rabi,Turmeric,16,46,2.875
Uttar Pradesh,HARDOI,2013,Rabi,Wheat,318253,1130771,3.553056845
Uttar Pradesh,HARDOI,2013,Summer,Maize,643,1181,1.836702955
Uttar Pradesh,HARDOI,2013,Summer,Moong(Green Gram),165,86,0.521212121
Uttar Pradesh,HARDOI,2013,Summer,Onion,303,4077,13.45544554
Uttar Pradesh,HARDOI,2013,Summer,Rice,96,242,2.520833333
Uttar Pradesh,HARDOI,2013,Summer,Sunflower,483,773,1.600414079
Uttar Pradesh,HARDOI,2013,Summer,Tobacco,5,15,3
Uttar Pradesh,HARDOI,2013,Summer,Urad,3117,2101,0.674045557
Uttar Pradesh,HARDOI,2014,Kharif,Arhar/Tur,1448,560,0.386740331
Uttar Pradesh,HARDOI,2014,Kharif,Bajra,3830,3785,0.988250653
Uttar Pradesh,HARDOI,2014,Kharif,Dry chillies,51,42,0.823529412
Uttar Pradesh,HARDOI,2014,Kharif,Groundnut,7247,6892,0.951014213
Uttar Pradesh,HARDOI,2014,Kharif,Guar seed,30,25,0.833333333
Uttar Pradesh,HARDOI,2014,Kharif,Jowar,4727,4585,0.969959805
Uttar Pradesh,HARDOI,2014,Kharif,Maize,32000,54048,1.689
Uttar Pradesh,HARDOI,2014,Kharif,Moong(Green Gram),89,29,0.325842697
Uttar Pradesh,HARDOI,2014,Kharif,Rice,142184,279392,1.965003095
Uttar Pradesh,HARDOI,2014,Kharif,Sesamum,19828,3629,0.183024006
Uttar Pradesh,HARDOI,2014,Kharif,Sugarcane,37032,2226216,60.11600778
Uttar Pradesh,HARDOI,2014,Kharif,Sweet potato,806,9984,12.38709677
Uttar Pradesh,HARDOI,2014,Kharif,Urad,18511,10699,0.57798066
Uttar Pradesh,HARDOI,2014,Rabi,Barley,1471,1997,1.357579878
Uttar Pradesh,HARDOI,2014,Rabi,Coriander,108,52,0.481481481
Uttar Pradesh,HARDOI,2014,Rabi,Garlic,148,857,5.790540541
Uttar Pradesh,HARDOI,2014,Rabi,Gram,479,256,0.534446764
Uttar Pradesh,HARDOI,2014,Rabi,Maize,79,189,2.392405063
Uttar Pradesh,HARDOI,2014,Rabi,Masoor,7038,4575,0.650042626
Uttar Pradesh,HARDOI,2014,Rabi,Onion,327,5003,15.29969419
Uttar Pradesh,HARDOI,2014,Rabi,Peas & beans (Pulses),1338,1555,1.162182362
Uttar Pradesh,HARDOI,2014,Rabi,Potato,10874,209357,19.25298878
Uttar Pradesh,HARDOI,2014,Rabi,Rapeseed &Mustard,11891,6893,0.579682113
Uttar Pradesh,HARDOI,2014,Rabi,Turmeric,5,14,2.8
Uttar Pradesh,HARDOI,2014,Rabi,Wheat,326194,719258,2.205000705
Uttar Pradesh,HARDOI,2014,Summer,Maize,1490,2649,1.777852349
Uttar Pradesh,HARDOI,2014,Summer,Moong(Green Gram),187,92,0.49197861
Uttar Pradesh,HARDOI,2014,Summer,Onion,282,2766,9.808510638
Uttar Pradesh,HARDOI,2014,Summer,Rice,50,98,1.96
Uttar Pradesh,HARDOI,2014,Summer,Tobacco,2,5,2.5
Uttar Pradesh,HARDOI,2014,Summer,Urad,2686,1891,0.704020849
Uttar Pradesh,HATHRAS,1997,Kharif,Arhar/Tur,6727,4455,0.662256578
Uttar Pradesh,HATHRAS,1997,Kharif,Bajra,35535,65771,1.850879415
Uttar Pradesh,HATHRAS,1997,Kharif,Groundnut,2,1,0.5
Uttar Pradesh,HATHRAS,1997,Kharif,Jowar,4,2,0.5
Uttar Pradesh,HATHRAS,1997,Kharif,Maize,8233,18848,2.289323454
Uttar Pradesh,HATHRAS,1997,Kharif,Moong(Green Gram),64,19,0.296875
Uttar Pradesh,HATHRAS,1997,Kharif,Rice,8294,18393,2.2176272
Uttar Pradesh,HATHRAS,1997,Kharif,Sesamum,51,12,0.235294118
Uttar Pradesh,HATHRAS,1997,Kharif,Urad,136,72,0.529411765
Uttar Pradesh,HATHRAS,1997,Rabi,Barley,10337,33701,3.260230241
Uttar Pradesh,HATHRAS,1997,Rabi,Gram,1607,1617,1.006222775
Uttar Pradesh,HATHRAS,1997,Rabi,Masoor,441,374,0.848072562
Uttar Pradesh,HATHRAS,1997,Rabi,Peas & beans (Pulses),1104,1766,1.599637681
Uttar Pradesh,HATHRAS,1997,Rabi,Rapeseed &Mustard,26228,17748,0.676681409
Uttar Pradesh,HATHRAS,1997,Rabi,Sunflower,342,296,0.865497076
Uttar Pradesh,HATHRAS,1997,Rabi,Wheat,83956,282738,3.367692601
Uttar Pradesh,HATHRAS,1997,Summer,Maize,42,66,1.571428571
Uttar Pradesh,HATHRAS,1997,Summer,Moong(Green Gram),7855,2561,0.326034373
Uttar Pradesh,HATHRAS,1997,Summer,Rice,1,2,2
Uttar Pradesh,HATHRAS,1997,Summer,Urad,44,20,0.454545455
Uttar Pradesh,HATHRAS,1997,Whole Year,Potato,10094,177349,17.5697444
Uttar Pradesh,HATHRAS,1997,Whole Year,Sugarcane,516,30572,59.24806202
Uttar Pradesh,HATHRAS,1998,Kharif,Arhar/Tur,6590,4459,0.676631259
Uttar Pradesh,HATHRAS,1998,Kharif,Bajra,36744,53351,1.451964947
Uttar Pradesh,HATHRAS,1998,Kharif,Cotton(lint),1638,152,0.092796093
Uttar Pradesh,HATHRAS,1998,Kharif,Jowar,3,1,0.333333333
Uttar Pradesh,HATHRAS,1998,Kharif,Maize,8306,6862,0.826149771
Uttar Pradesh,HATHRAS,1998,Kharif,Moong(Green Gram),43,9,0.209302326
Uttar Pradesh,HATHRAS,1998,Kharif,Rice,8394,19007,2.264355492
Uttar Pradesh,HATHRAS,1998,Kharif,Sesamum,49,9,0.183673469
Uttar Pradesh,HATHRAS,1998,Kharif,Urad,152,41,0.269736842
Uttar Pradesh,HATHRAS,1998,Rabi,Barley,9153,30147,3.293674205
Uttar Pradesh,HATHRAS,1998,Rabi,Gram,1411,1374,0.973777463
Uttar Pradesh,HATHRAS,1998,Rabi,Linseed,3,1,0.333333333
Uttar Pradesh,HATHRAS,1998,Rabi,Masoor,381,276,0.724409449
Uttar Pradesh,HATHRAS,1998,Rabi,Peas & beans (Pulses),1528,2090,1.367801047
Uttar Pradesh,HATHRAS,1998,Rabi,Rapeseed &Mustard,25117,21462,0.854481029
Uttar Pradesh,HATHRAS,1998,Rabi,Sunflower,451,567,1.257206208
Uttar Pradesh,HATHRAS,1998,Rabi,Wheat,82530,279550,3.38725312
Uttar Pradesh,HATHRAS,1998,Summer,Maize,30,30,1
Uttar Pradesh,HATHRAS,1998,Summer,Moong(Green Gram),7453,2966,0.397960553
Uttar Pradesh,HATHRAS,1998,Summer,Urad,55,28,0.509090909
Uttar Pradesh,HATHRAS,1998,Whole Year,Onion,76,918,12.07894737
Uttar Pradesh,HATHRAS,1998,Whole Year,Potato,10871,318172,29.26796063
Uttar Pradesh,HATHRAS,1998,Whole Year,Sugarcane,486,27200,55.96707819
Uttar Pradesh,HATHRAS,1998,Whole Year,Tobacco,31,205,6.612903226
Uttar Pradesh,HATHRAS,1999,Kharif,Arhar/Tur,6396,4562,0.713258286
Uttar Pradesh,HATHRAS,1999,Kharif,Bajra,37806,54592,1.444003597
Uttar Pradesh,HATHRAS,1999,Kharif,Cotton(lint),1946,1212,0.622816033
Uttar Pradesh,HATHRAS,1999,Kharif,Jowar,22,17,0.772727273
Uttar Pradesh,HATHRAS,1999,Kharif,Maize,8521,12119,1.42225091
Uttar Pradesh,HATHRAS,1999,Kharif,Moong(Green Gram),53,15,0.283018868
Uttar Pradesh,HATHRAS,1999,Kharif,Rice,9048,15969,1.764920424
Uttar Pradesh,HATHRAS,1999,Kharif,Sunflower,276,235,0.851449275
Uttar Pradesh,HATHRAS,1999,Kharif,Urad,174,72,0.413793103
Uttar Pradesh,HATHRAS,1999,Rabi,Barley,8977,29239,3.257101482
Uttar Pradesh,HATHRAS,1999,Rabi,Gram,1141,1284,1.125328659
Uttar Pradesh,HATHRAS,1999,Rabi,Maize,62,90,1.451612903
Uttar Pradesh,HATHRAS,1999,Rabi,Rapeseed &Mustard,22373,28574,1.277164439
Uttar Pradesh,HATHRAS,1999,Rabi,Wheat,84433,303250,3.591605178
Uttar Pradesh,HATHRAS,1999,Summer,Moong(Green Gram),6049,2293,0.379070921
Uttar Pradesh,HATHRAS,1999,Summer,Urad,52,27,0.519230769
Uttar Pradesh,HATHRAS,1999,Whole Year,Moth,3,1,0.333333333
Uttar Pradesh,HATHRAS,1999,Whole Year,Onion,92,1319,14.33695652
Uttar Pradesh,HATHRAS,1999,Whole Year,Peas & beans (Pulses),1561,3188,2.042280589
Uttar Pradesh,HATHRAS,1999,Whole Year,Potato,11719,334988,28.58503285
Uttar Pradesh,HATHRAS,1999,Whole Year,Sugarcane,504,30436,60.38888889
Uttar Pradesh,HATHRAS,1999,Whole Year,Tobacco,16,120,7.5
Uttar Pradesh,HATHRAS,2000,Kharif,Arhar/Tur,6983,6076,0.870113132
Uttar Pradesh,HATHRAS,2000,Kharif,Bajra,47279,83773,1.771886038
Uttar Pradesh,HATHRAS,2000,Kharif,Cotton(lint),1519,1188,0.782093483
Uttar Pradesh,HATHRAS,2000,Kharif,Jowar,27,22,0.814814815
Uttar Pradesh,HATHRAS,2000,Kharif,Maize,8570,17076,1.992532089
Uttar Pradesh,HATHRAS,2000,Kharif,Moong(Green Gram),54,16,0.296296296
Uttar Pradesh,HATHRAS,2000,Kharif,Rice,9989,21446,2.146961658
Uttar Pradesh,HATHRAS,2000,Kharif,Sesamum,60,14,0.233333333
Uttar Pradesh,HATHRAS,2000,Kharif,Urad,155,64,0.412903226
Uttar Pradesh,HATHRAS,2000,Rabi,Barley,9968,27429,2.751705457
Uttar Pradesh,HATHRAS,2000,Rabi,Gram,546,631,1.155677656
Uttar Pradesh,HATHRAS,2000,Rabi,Maize,58,94,1.620689655
Uttar Pradesh,HATHRAS,2000,Rabi,Masoor,704,572,0.8125
Uttar Pradesh,HATHRAS,2000,Rabi,Moong(Green Gram),3256,1214,0.372850123
Uttar Pradesh,HATHRAS,2000,Rabi,Peas & beans (Pulses),932,1777,1.906652361
Uttar Pradesh,HATHRAS,2000,Rabi,Rapeseed &Mustard,10935,11498,1.051486054
Uttar Pradesh,HATHRAS,2000,Rabi,Urad,15,7,0.466666667
Uttar Pradesh,HATHRAS,2000,Rabi,Wheat,99205,342160,3.449019707
Uttar Pradesh,HATHRAS,2000,Whole Year,Potato,12544,370688,29.55102041
Uttar Pradesh,HATHRAS,2000,Whole Year,Sugarcane,468,24163,51.63034188
Uttar Pradesh,HATHRAS,2001,Kharif,Arhar/Tur,7566,3644,0.481628337
Uttar Pradesh,HATHRAS,2001,Kharif,Bajra,44273,40381,0.912090891
Uttar Pradesh,HATHRAS,2001,Kharif,Cotton(lint),1324,1147,0.866314199
Uttar Pradesh,HATHRAS,2001,Kharif,Jowar,36,28,0.777777778
Uttar Pradesh,HATHRAS,2001,Kharif,Maize,6528,11248,1.723039216
Uttar Pradesh,HATHRAS,2001,Kharif,Moong(Green Gram),109,30,0.275229358
Uttar Pradesh,HATHRAS,2001,Kharif,Moth,3,1,0.333333333
Uttar Pradesh,HATHRAS,2001,Kharif,Rice,10296,14187,1.377913753
Uttar Pradesh,HATHRAS,2001,Kharif,Sesamum,47,13,0.276595745
Uttar Pradesh,HATHRAS,2001,Kharif,Sunflower,51,58,1.137254902
Uttar Pradesh,HATHRAS,2001,Kharif,Urad,233,95,0.407725322
Uttar Pradesh,HATHRAS,2001,Rabi,Barley,8518,23581,2.768372857
Uttar Pradesh,HATHRAS,2001,Rabi,Gram,783,935,1.19412516
Uttar Pradesh,HATHRAS,2001,Rabi,Maize,76,124,1.631578947
Uttar Pradesh,HATHRAS,2001,Rabi,Masoor,796,636,0.798994975
Uttar Pradesh,HATHRAS,2001,Rabi,Moong(Green Gram),2810,745,0.265124555
Uttar Pradesh,HATHRAS,2001,Rabi,Peas & beans (Pulses),1097,1949,1.776663628
Uttar Pradesh,HATHRAS,2001,Rabi,Rapeseed &Mustard,13135,17801,1.355234107
Uttar Pradesh,HATHRAS,2001,Rabi,Urad,22,7,0.318181818
Uttar Pradesh,HATHRAS,2001,Rabi,Wheat,96473,296188,3.070164709
Uttar Pradesh,HATHRAS,2001,Whole Year,Potato,13241,419660,31.69398082
Uttar Pradesh,HATHRAS,2001,Whole Year,Sugarcane,479,25110,52.4217119
Uttar Pradesh,HATHRAS,2001,Whole Year,Tobacco,9,64,7.111111111
Uttar Pradesh,HATHRAS,2002,Kharif,Bajra,37065,69334,1.870605693
Uttar Pradesh,HATHRAS,2002,Kharif,Cotton(lint),1448,199,0.137430939
Uttar Pradesh,HATHRAS,2002,Kharif,Jowar,21,21,1
Uttar Pradesh,HATHRAS,2002,Kharif,Maize,1282,924,0.72074883
Uttar Pradesh,HATHRAS,2002,Kharif,Moong(Green Gram),63,18,0.285714286
Uttar Pradesh,HATHRAS,2002,Kharif,Rice,13872,21805,1.571871396
Uttar Pradesh,HATHRAS,2002,Kharif,Sesamum,35,6,0.171428571
Uttar Pradesh,HATHRAS,2002,Kharif,Small millets,3,2,0.666666667
Uttar Pradesh,HATHRAS,2002,Kharif,Sunflower,24,34,1.416666667
Uttar Pradesh,HATHRAS,2002,Kharif,Urad,191,76,0.397905759
Uttar Pradesh,HATHRAS,2002,Rabi,Barley,7817,24145,3.088780862
Uttar Pradesh,HATHRAS,2002,Rabi,Gram,506,488,0.964426877
Uttar Pradesh,HATHRAS,2002,Rabi,Maize,51,57,1.117647059
Uttar Pradesh,HATHRAS,2002,Rabi,Masoor,672,655,0.974702381
Uttar Pradesh,HATHRAS,2002,Rabi,Onion,37,382,10.32432432
Uttar Pradesh,HATHRAS,2002,Rabi,Peas & beans (Pulses),171,285,1.666666667
Uttar Pradesh,HATHRAS,2002,Rabi,Rapeseed &Mustard,13373,12797,0.956928139
Uttar Pradesh,HATHRAS,2002,Rabi,Wheat,93992,313339,3.333677334
Uttar Pradesh,HATHRAS,2002,Summer,Moong(Green Gram),1985,486,0.244836272
Uttar Pradesh,HATHRAS,2002,Summer,Onion,14,157,11.21428571
Uttar Pradesh,HATHRAS,2002,Summer,Urad,28,12,0.428571429
Uttar Pradesh,HATHRAS,2002,Whole Year,Potato,18080,596025,32.96598451
Uttar Pradesh,HATHRAS,2002,Whole Year,Sugarcane,481,26170,54.40748441
Uttar Pradesh,HATHRAS,2002,Whole Year,Tobacco,12,74,6.166666667
Uttar Pradesh,HATHRAS,2003,Kharif,Arhar/Tur,5605,4784,0.85352364
Uttar Pradesh,HATHRAS,2003,Kharif,Bajra,45512,79405,1.744704693
Uttar Pradesh,HATHRAS,2003,Kharif,Jowar,28,25,0.892857143
Uttar Pradesh,HATHRAS,2003,Kharif,Maize,4852,8627,1.778029678
Uttar Pradesh,HATHRAS,2003,Kharif,Moong(Green Gram),59,14,0.237288136
Uttar Pradesh,HATHRAS,2003,Kharif,Rice,7129,13766,1.930986113
Uttar Pradesh,HATHRAS,2003,Kharif,Sesamum,12,2,0.166666667
Uttar Pradesh,HATHRAS,2003,Kharif,Sunflower,132,224,1.696969697
Uttar Pradesh,HATHRAS,2003,Kharif,Urad,200,47,0.235
Uttar Pradesh,HATHRAS,2003,Rabi,Barley,7768,21371,2.751158599
Uttar Pradesh,HATHRAS,2003,Rabi,Gram,333,454,1.363363363
Uttar Pradesh,HATHRAS,2003,Rabi,Maize,1,1,1
Uttar Pradesh,HATHRAS,2003,Rabi,Masoor,572,517,0.903846154
Uttar Pradesh,HATHRAS,2003,Rabi,Onion,30,430,14.33333333
Uttar Pradesh,HATHRAS,2003,Rabi,Peas & beans (Pulses),368,747,2.029891304
Uttar Pradesh,HATHRAS,2003,Rabi,Rapeseed &Mustard,11543,14592,1.264142771
Uttar Pradesh,HATHRAS,2003,Rabi,Wheat,92938,297247,3.198336525
Uttar Pradesh,HATHRAS,2003,Summer,Maize,109,149,1.366972477
Uttar Pradesh,HATHRAS,2003,Summer,Moong(Green Gram),1852,1363,0.735961123
Uttar Pradesh,HATHRAS,2003,Summer,Onion,14,138,9.857142857
Uttar Pradesh,HATHRAS,2003,Summer,Urad,31,17,0.548387097
Uttar Pradesh,HATHRAS,2003,Whole Year,Potato,20111,574189,28.55099199
Uttar Pradesh,HATHRAS,2003,Whole Year,Sannhamp,5,2,0.4
Uttar Pradesh,HATHRAS,2003,Whole Year,Sugarcane,543,28086,51.72375691
Uttar Pradesh,HATHRAS,2003,Whole Year,Tobacco,3,21,7
Uttar Pradesh,HATHRAS,2004,Kharif,Bajra,48713,82667,1.697021329
Uttar Pradesh,HATHRAS,2004,Kharif,Cotton(lint),1869,271,0.144997325
Uttar Pradesh,HATHRAS,2004,Kharif,Groundnut,1,1,1
Uttar Pradesh,HATHRAS,2004,Kharif,Jowar,52,39,0.75
Uttar Pradesh,HATHRAS,2004,Kharif,Maize,4571,8040,1.758914898
Uttar Pradesh,HATHRAS,2004,Kharif,Rice,9536,20936,2.195469799
Uttar Pradesh,HATHRAS,2004,Kharif,Sesamum,30,5,0.166666667
Uttar Pradesh,HATHRAS,2004,Kharif,Sugarcane,490,24338,49.66938776
Uttar Pradesh,HATHRAS,2004,Rabi,Barley,6600,17732,2.686666667
Uttar Pradesh,HATHRAS,2004,Rabi,Gram,237,294,1.240506329
Uttar Pradesh,HATHRAS,2004,Rabi,Maize,1,5,5
Uttar Pradesh,HATHRAS,2004,Rabi,Potato,20411,672583,32.95198667
Uttar Pradesh,HATHRAS,2004,Rabi,Rapeseed &Mustard,13997,16649,1.189469172
Uttar Pradesh,HATHRAS,2004,Rabi,Turmeric,1,2,2
Uttar Pradesh,HATHRAS,2004,Rabi,Wheat,92265,280353,3.038562835
Uttar Pradesh,HATHRAS,2004,Summer,Sunflower,380,747,1.965789474
Uttar Pradesh,HATHRAS,2004,Whole Year,Dry chillies,275,258,0.938181818
Uttar Pradesh,HATHRAS,2004,Whole Year,Garlic,77,334,4.337662338
Uttar Pradesh,HATHRAS,2004,Whole Year,Onion,38,434,11.42105263
Uttar Pradesh,HATHRAS,2004,Whole Year,Sweet potato,104,1209,11.625
Uttar Pradesh,HATHRAS,2004,Whole Year,Tobacco,4,24,6
Uttar Pradesh,HATHRAS,2005,Kharif,Bajra,43426,71262,1.64099848
Uttar Pradesh,HATHRAS,2005,Kharif,Cotton(lint),1508,307,0.203580902
Uttar Pradesh,HATHRAS,2005,Kharif,Jowar,6,6,1
Uttar Pradesh,HATHRAS,2005,Kharif,Maize,2309,3427,1.484192291
Uttar Pradesh,HATHRAS,2005,Kharif,Rice,7755,16045,2.06898775
Uttar Pradesh,HATHRAS,2005,Kharif,Sannhamp,3,1,0.333333333
Uttar Pradesh,HATHRAS,2005,Kharif,Sesamum,48,9,0.1875
Uttar Pradesh,HATHRAS,2005,Kharif,Sugarcane,1337,67357,50.37920718
Uttar Pradesh,HATHRAS,2005,Rabi,Barley,4636,13934,3.005608283
Uttar Pradesh,HATHRAS,2005,Rabi,Gram,135,176,1.303703704
Uttar Pradesh,HATHRAS,2005,Rabi,Potato,15940,455964,28.60501882
Uttar Pradesh,HATHRAS,2005,Rabi,Rapeseed &Mustard,11765,15802,1.343136422
Uttar Pradesh,HATHRAS,2005,Rabi,Wheat,81572,255076,3.127004364
Uttar Pradesh,HATHRAS,2005,Summer,Sunflower,108,131,1.212962963
Uttar Pradesh,HATHRAS,2005,Whole Year,Coriander,58,33,0.568965517
Uttar Pradesh,HATHRAS,2005,Whole Year,Dry chillies,195,178,0.912820513
Uttar Pradesh,HATHRAS,2005,Whole Year,Garlic,120,523,4.358333333
Uttar Pradesh,HATHRAS,2005,Whole Year,Guar seed,23,19,0.826086957
Uttar Pradesh,HATHRAS,2005,Whole Year,Onion,42,539,12.83333333
Uttar Pradesh,HATHRAS,2005,Whole Year,Sweet potato,91,1190,13.07692308
Uttar Pradesh,HATHRAS,2006,Kharif,Arhar/Tur,10751,11497,1.069388894
Uttar Pradesh,HATHRAS,2006,Kharif,Bajra,46411,74490,1.605007434
Uttar Pradesh,HATHRAS,2006,Kharif,Cotton(lint),1869,359,0.192081327
Uttar Pradesh,HATHRAS,2006,Kharif,Maize,5340,9628,1.802996255
Uttar Pradesh,HATHRAS,2006,Kharif,Other Kharif pulses,1685,674,0.4
Uttar Pradesh,HATHRAS,2006,Kharif,Rice,8922,16952,1.900022416
Uttar Pradesh,HATHRAS,2006,Kharif,Sesamum,30,5,0.166666667
Uttar Pradesh,HATHRAS,2006,Kharif,Sugarcane,516,27785,53.84689922
Uttar Pradesh,HATHRAS,2006,Kharif,Sweet potato,142,1938,13.64788732
Uttar Pradesh,HATHRAS,2006,Rabi,Barley,3866,9323,2.411536472
Uttar Pradesh,HATHRAS,2006,Rabi,Garlic,144,633,4.395833333
Uttar Pradesh,HATHRAS,2006,Rabi,Gram,29,24,0.827586207
Uttar Pradesh,HATHRAS,2006,Rabi,Masoor,393,356,0.905852417
Uttar Pradesh,HATHRAS,2006,Rabi,Onion,13,249,19.15384615
Uttar Pradesh,HATHRAS,2006,Rabi,Other  Rabi pulses,56,54,0.964285714
Uttar Pradesh,HATHRAS,2006,Rabi,Potato,22467,662237,29.475987
Uttar Pradesh,HATHRAS,2006,Rabi,Rapeseed &Mustard,13997,15199,1.085875545
Uttar Pradesh,HATHRAS,2006,Rabi,Wheat,85405,238280,2.790000585
Uttar Pradesh,HATHRAS,2006,Summer,Maize,140,186,1.328571429
Uttar Pradesh,HATHRAS,2006,Summer,Onion,2,23,11.5
Uttar Pradesh,HATHRAS,2006,Summer,Sunflower,373,558,1.495978552
Uttar Pradesh,HATHRAS,2006,Whole Year,Coriander,43,22,0.511627907
Uttar Pradesh,HATHRAS,2006,Whole Year,Dry chillies,201,191,0.950248756
Uttar Pradesh,HATHRAS,2006,Whole Year,Guar seed,28,24,0.857142857
Uttar Pradesh,HATHRAS,2007,Kharif,Arhar/Tur,5630,5474,0.972291297
Uttar Pradesh,HATHRAS,2007,Kharif,Bajra,42988,74842,1.740997488
Uttar Pradesh,HATHRAS,2007,Kharif,Cotton(lint),1518,414,0.272727273
Uttar Pradesh,HATHRAS,2007,Kharif,Dry chillies,207,200,0.966183575
Uttar Pradesh,HATHRAS,2007,Kharif,Jowar,5,3,0.6
Uttar Pradesh,HATHRAS,2007,Kharif,Maize,2552,4647,1.820924765
Uttar Pradesh,HATHRAS,2007,Kharif,Moong(Green Gram),78,16,0.205128205
Uttar Pradesh,HATHRAS,2007,Kharif,Rice,9837,20127,2.046050625
Uttar Pradesh,HATHRAS,2007,Kharif,Sesamum,15,2,0.133333333
Uttar Pradesh,HATHRAS,2007,Kharif,Sugarcane,362,19015,52.52762431
Uttar Pradesh,HATHRAS,2007,Kharif,Sweet potato,69,929,13.46376812
Uttar Pradesh,HATHRAS,2007,Kharif,Urad,172,75,0.436046512
Uttar Pradesh,HATHRAS,2007,Rabi,Barley,4314,11448,2.653685675
Uttar Pradesh,HATHRAS,2007,Rabi,Coriander,57,33,0.578947368
Uttar Pradesh,HATHRAS,2007,Rabi,Gram,84,113,1.345238095
Uttar Pradesh,HATHRAS,2007,Rabi,Masoor,745,540,0.724832215
Uttar Pradesh,HATHRAS,2007,Rabi,Onion,30,419,13.96666667
Uttar Pradesh,HATHRAS,2007,Rabi,Other  Rabi pulses,155,145,0.935483871
Uttar Pradesh,HATHRAS,2007,Rabi,Potato,30548,823971,26.97299332
Uttar Pradesh,HATHRAS,2007,Rabi,Rapeseed &Mustard,13870,14158,1.020764239
Uttar Pradesh,HATHRAS,2007,Rabi,Wheat,82596,253983,3.075003632
Uttar Pradesh,HATHRAS,2007,Summer,Maize,49,71,1.448979592
Uttar Pradesh,HATHRAS,2007,Summer,Moong(Green Gram),1681,777,0.462224866
Uttar Pradesh,HATHRAS,2007,Summer,Onion,5,82,16.4
Uttar Pradesh,HATHRAS,2007,Summer,Sunflower,54,152,2.814814815
Uttar Pradesh,HATHRAS,2007,Summer,Urad,28,19,0.678571429
Uttar Pradesh,HATHRAS,2008,Kharif,Arhar/Tur,5039,3630,0.720381028
Uttar Pradesh,HATHRAS,2008,Kharif,Bajra,47052,69448,1.475984018
Uttar Pradesh,HATHRAS,2008,Kharif,Cotton(lint),1094,240,0.219378428
Uttar Pradesh,HATHRAS,2008,Kharif,Dry chillies,130,130,1
Uttar Pradesh,HATHRAS,2008,Kharif,Guar seed,86,72,0.837209302
Uttar Pradesh,HATHRAS,2008,Kharif,Jowar,29,29,1
Uttar Pradesh,HATHRAS,2008,Kharif,Maize,3626,6668,1.838940982
Uttar Pradesh,HATHRAS,2008,Kharif,Moong(Green Gram),146,54,0.369863014
Uttar Pradesh,HATHRAS,2008,Kharif,Rice,11098,21630,1.94899982
Uttar Pradesh,HATHRAS,2008,Kharif,Sesamum,150,25,0.166666667
Uttar Pradesh,HATHRAS,2008,Kharif,Sugarcane,212,10843,51.14622642
Uttar Pradesh,HATHRAS,2008,Kharif,Sweet potato,62,761,12.27419355
Uttar Pradesh,HATHRAS,2008,Kharif,Urad,167,90,0.538922156
Uttar Pradesh,HATHRAS,2008,Rabi,Barley,2850,8415,2.952631579
Uttar Pradesh,HATHRAS,2008,Rabi,Coriander,55,33,0.6
Uttar Pradesh,HATHRAS,2008,Rabi,Garlic,160,942,5.8875
Uttar Pradesh,HATHRAS,2008,Rabi,Gram,52,53,1.019230769
Uttar Pradesh,HATHRAS,2008,Rabi,Masoor,301,266,0.88372093
Uttar Pradesh,HATHRAS,2008,Rabi,Onion,17,199,11.70588235
Uttar Pradesh,HATHRAS,2008,Rabi,Peas & beans (Pulses),207,250,1.207729469
Uttar Pradesh,HATHRAS,2008,Rabi,Potato,37053,780299,21.05899657
Uttar Pradesh,HATHRAS,2008,Rabi,Rapeseed &Mustard,11162,9543,0.854954309
Uttar Pradesh,HATHRAS,2008,Rabi,Wheat,77916,226813,2.910993891
Uttar Pradesh,HATHRAS,2008,Summer,Maize,262,392,1.496183206
Uttar Pradesh,HATHRAS,2008,Summer,Moong(Green Gram),1618,921,0.569221261
Uttar Pradesh,HATHRAS,2008,Summer,Rice,4,8,2
Uttar Pradesh,HATHRAS,2008,Summer,Sunflower,33,58,1.757575758
Uttar Pradesh,HATHRAS,2008,Summer,Urad,17,16,0.941176471
Uttar Pradesh,HATHRAS,2009,Kharif,Arhar/Tur,2286,1622,0.709536308
Uttar Pradesh,HATHRAS,2009,Kharif,Bajra,37786,67108,1.776001694
Uttar Pradesh,HATHRAS,2009,Kharif,Cotton(lint),1504,254,0.168882979
Uttar Pradesh,HATHRAS,2009,Kharif,Dry chillies,202,178,0.881188119
Uttar Pradesh,HATHRAS,2009,Kharif,Guar seed,27,23,0.851851852
Uttar Pradesh,HATHRAS,2009,Kharif,Jowar,9,8,0.888888889
Uttar Pradesh,HATHRAS,2009,Kharif,Maize,3447,7170,2.080069626
Uttar Pradesh,HATHRAS,2009,Kharif,Moong(Green Gram),7,1,0.142857143
Uttar Pradesh,HATHRAS,2009,Kharif,Rice,16011,28227,1.762975454
Uttar Pradesh,HATHRAS,2009,Kharif,Sesamum,82,9,0.109756098
Uttar Pradesh,HATHRAS,2009,Kharif,Sugarcane,365,20012,54.82739726
Uttar Pradesh,HATHRAS,2009,Kharif,Sweet potato,94,1278,13.59574468
Uttar Pradesh,HATHRAS,2009,Kharif,Urad,54,21,0.388888889
Uttar Pradesh,HATHRAS,2009,Rabi,Barley,2591,6905,2.664994211
Uttar Pradesh,HATHRAS,2009,Rabi,Coriander,40,23,0.575
Uttar Pradesh,HATHRAS,2009,Rabi,Garlic,206,1094,5.310679612
Uttar Pradesh,HATHRAS,2009,Rabi,Gram,8,7,0.875
Uttar Pradesh,HATHRAS,2009,Rabi,Masoor,238,191,0.802521008
Uttar Pradesh,HATHRAS,2009,Rabi,Onion,19,326,17.15789474
Uttar Pradesh,HATHRAS,2009,Rabi,Peas & beans (Pulses),50,64,1.28
Uttar Pradesh,HATHRAS,2009,Rabi,Potato,39142,1124315,28.72400491
Uttar Pradesh,HATHRAS,2009,Rabi,Rapeseed &Mustard,9282,9424,1.015298427
Uttar Pradesh,HATHRAS,2009,Rabi,Wheat,85579,237824,2.778999521
Uttar Pradesh,HATHRAS,2009,Summer,Maize,183,266,1.453551913
Uttar Pradesh,HATHRAS,2009,Summer,Moong(Green Gram),1415,822,0.580918728
Uttar Pradesh,HATHRAS,2009,Summer,Onion,7,97,13.85714286
Uttar Pradesh,HATHRAS,2009,Summer,Sunflower,31,68,2.193548387
Uttar Pradesh,HATHRAS,2009,Summer,Urad,76,54,0.710526316
Uttar Pradesh,HATHRAS,2010,Kharif,Arhar/Tur,5222,3708,0.710072769
Uttar Pradesh,HATHRAS,2010,Kharif,Bajra,45450,80583,1.7730033
Uttar Pradesh,HATHRAS,2010,Kharif,Cotton(lint),1247,225,0.180433039
Uttar Pradesh,HATHRAS,2010,Kharif,Dry chillies,451,394,0.873614191
Uttar Pradesh,HATHRAS,2010,Kharif,Groundnut,16,16,1
Uttar Pradesh,HATHRAS,2010,Kharif,Guar seed,33,27,0.818181818
Uttar Pradesh,HATHRAS,2010,Kharif,Jowar,2,2,1
Uttar Pradesh,HATHRAS,2010,Kharif,Maize,2804,5860,2.089871612
Uttar Pradesh,HATHRAS,2010,Kharif,Moong(Green Gram),65,39,0.6
Uttar Pradesh,HATHRAS,2010,Kharif,Rice,17158,30044,1.751019932
Uttar Pradesh,HATHRAS,2010,Kharif,Sesamum,214,42,0.196261682
Uttar Pradesh,HATHRAS,2010,Kharif,Sugarcane,387,21334,55.12661499
Uttar Pradesh,HATHRAS,2010,Kharif,Sweet potato,44,542,12.31818182
Uttar Pradesh,HATHRAS,2010,Kharif,Urad,136,92,0.676470588
Uttar Pradesh,HATHRAS,2010,Rabi,Barley,2878,8853,3.07609451
Uttar Pradesh,HATHRAS,2010,Rabi,Gram,14,12,0.857142857
Uttar Pradesh,HATHRAS,2010,Rabi,Masoor,311,274,0.881028939
Uttar Pradesh,HATHRAS,2010,Rabi,Onion,6,110,18.33333333
Uttar Pradesh,HATHRAS,2010,Rabi,Peas & beans (Pulses),12,14,1.166666667
Uttar Pradesh,HATHRAS,2010,Rabi,Potato,43685,1304565,29.86299645
Uttar Pradesh,HATHRAS,2010,Rabi,Rapeseed &Mustard,8703,12167,1.39802367
Uttar Pradesh,HATHRAS,2010,Rabi,Wheat,80230,243177,3.03099838
Uttar Pradesh,HATHRAS,2010,Summer,Maize,149,218,1.463087248
Uttar Pradesh,HATHRAS,2010,Summer,Moong(Green Gram),1683,1471,0.874034462
Uttar Pradesh,HATHRAS,2010,Summer,Sunflower,12,18,1.5
Uttar Pradesh,HATHRAS,2010,Summer,Urad,25,20,0.8
Uttar Pradesh,HATHRAS,2011,Kharif,Arhar/Tur,4046,3559,0.879634207
Uttar Pradesh,HATHRAS,2011,Kharif,Bajra,43593,79252,1.817998302
Uttar Pradesh,HATHRAS,2011,Kharif,Cotton(lint),613,125,0.203915171
Uttar Pradesh,HATHRAS,2011,Kharif,Dry chillies,183,152,0.830601093
Uttar Pradesh,HATHRAS,2011,Kharif,Groundnut,12,12,1
Uttar Pradesh,HATHRAS,2011,Kharif,Guar seed,35,29,0.828571429
Uttar Pradesh,HATHRAS,2011,Kharif,Maize,3433,7539,2.19603845
Uttar Pradesh,HATHRAS,2011,Kharif,Moong(Green Gram),72,42,0.583333333
Uttar Pradesh,HATHRAS,2011,Kharif,Rice,18259,38472,2.107015718
Uttar Pradesh,HATHRAS,2011,Kharif,Sesamum,126,27,0.214285714
Uttar Pradesh,HATHRAS,2011,Kharif,Sugarcane,223,13040,58.47533632
Uttar Pradesh,HATHRAS,2011,Kharif,Sweet potato,82,1066,13
Uttar Pradesh,HATHRAS,2011,Kharif,Urad,135,90,0.666666667
Uttar Pradesh,HATHRAS,2011,Rabi,Barley,2535,8540,3.368836292
Uttar Pradesh,HATHRAS,2011,Rabi,Coriander,54,30,0.555555556
Uttar Pradesh,HATHRAS,2011,Rabi,Garlic,249,1287,5.168674699
Uttar Pradesh,HATHRAS,2011,Rabi,Gram,16,19,1.1875
Uttar Pradesh,HATHRAS,2011,Rabi,Masoor,673,1297,1.927191679
Uttar Pradesh,HATHRAS,2011,Rabi,Onion,19,435,22.89473684
Uttar Pradesh,HATHRAS,2011,Rabi,Peas & beans (Pulses),72,103,1.430555556
Uttar Pradesh,HATHRAS,2011,Rabi,Potato,43577,972421,22.31500562
Uttar Pradesh,HATHRAS,2011,Rabi,Rapeseed &Mustard,9339,12398,1.32755113
Uttar Pradesh,HATHRAS,2011,Rabi,Wheat,86515,290777,3.361000982
Uttar Pradesh,HATHRAS,2011,Summer,Banana,1,44,44
Uttar Pradesh,HATHRAS,2011,Summer,Maize,161,266,1.652173913
Uttar Pradesh,HATHRAS,2011,Summer,Moong(Green Gram),1168,1058,0.905821918
Uttar Pradesh,HATHRAS,2011,Summer,Onion,87,942,10.82758621
Uttar Pradesh,HATHRAS,2011,Summer,Sunflower,16,28,1.75
Uttar Pradesh,HATHRAS,2011,Summer,Urad,35,31,0.885714286
Uttar Pradesh,HATHRAS,2012,Kharif,Arhar/Tur,3845,4055,1.054616385
Uttar Pradesh,HATHRAS,2012,Kharif,Bajra,45388,86373,1.90299198
Uttar Pradesh,HATHRAS,2012,Kharif,Cotton(lint),1248,247,0.197916667
Uttar Pradesh,HATHRAS,2012,Kharif,Dry chillies,235,189,0.804255319
Uttar Pradesh,HATHRAS,2012,Kharif,Groundnut,2,2,1
Uttar Pradesh,HATHRAS,2012,Kharif,Guar seed,36,29,0.805555556
Uttar Pradesh,HATHRAS,2012,Kharif,Jowar,1,1,1
Uttar Pradesh,HATHRAS,2012,Kharif,Maize,3022,6500,2.150893448
Uttar Pradesh,HATHRAS,2012,Kharif,Moong(Green Gram),47,52,1.106382979
Uttar Pradesh,HATHRAS,2012,Kharif,Rice,20857,47137,2.26000863
Uttar Pradesh,HATHRAS,2012,Kharif,Sesamum,99,18,0.181818182
Uttar Pradesh,HATHRAS,2012,Kharif,Sugarcane,530,32012,60.4
Uttar Pradesh,HATHRAS,2012,Kharif,Sweet potato,141,1825,12.94326241
Uttar Pradesh,HATHRAS,2012,Kharif,Urad,375,248,0.661333333
Uttar Pradesh,HATHRAS,2012,Rabi,Barley,2307,7452,3.230169051
Uttar Pradesh,HATHRAS,2012,Rabi,Coriander,76,41,0.539473684
Uttar Pradesh,HATHRAS,2012,Rabi,Garlic,112,582,5.196428571
Uttar Pradesh,HATHRAS,2012,Rabi,Gram,9,10,1.111111111
Uttar Pradesh,HATHRAS,2012,Rabi,Masoor,280,395,1.410714286
Uttar Pradesh,HATHRAS,2012,Rabi,Onion,21,483,23
Uttar Pradesh,HATHRAS,2012,Rabi,Peas & beans (Pulses),157,234,1.49044586
Uttar Pradesh,HATHRAS,2012,Rabi,Potato,42523,1384847,32.56701079
Uttar Pradesh,HATHRAS,2012,Rabi,Rapeseed &Mustard,8934,13347,1.493955675
Uttar Pradesh,HATHRAS,2012,Rabi,Tobacco,2,12,6
Uttar Pradesh,HATHRAS,2012,Rabi,Turmeric,3,8,2.666666667
Uttar Pradesh,HATHRAS,2012,Rabi,Wheat,76850,275584,3.585998699
Uttar Pradesh,HATHRAS,2012,Summer,Banana,1,45,45
Uttar Pradesh,HATHRAS,2012,Summer,Maize,164,303,1.847560976
Uttar Pradesh,HATHRAS,2012,Summer,Moong(Green Gram),1247,1102,0.88372093
Uttar Pradesh,HATHRAS,2012,Summer,Onion,11,120,10.90909091
Uttar Pradesh,HATHRAS,2012,Summer,Sunflower,16,12,0.75
Uttar Pradesh,HATHRAS,2012,Summer,Urad,12,12,1
Uttar Pradesh,HATHRAS,2013,Kharif,Arhar/Tur,4207,2545,0.604944141
Uttar Pradesh,HATHRAS,2013,Kharif,Bajra,45373,82760,1.823992242
Uttar Pradesh,HATHRAS,2013,Kharif,Cotton(lint),943,152,0.161187699
Uttar Pradesh,HATHRAS,2013,Kharif,Dry chillies,220,178,0.809090909
Uttar Pradesh,HATHRAS,2013,Kharif,Groundnut,4,4,1
Uttar Pradesh,HATHRAS,2013,Kharif,Guar seed,188,155,0.824468085
Uttar Pradesh,HATHRAS,2013,Kharif,Jowar,10,9,0.9
Uttar Pradesh,HATHRAS,2013,Kharif,Maize,2827,5677,2.008135833
Uttar Pradesh,HATHRAS,2013,Kharif,Moong(Green Gram),19,6,0.315789474
Uttar Pradesh,HATHRAS,2013,Kharif,Rice,23223,54690,2.354992895
Uttar Pradesh,HATHRAS,2013,Kharif,Sesamum,91,13,0.142857143
Uttar Pradesh,HATHRAS,2013,Kharif,Sugarcane,326,20039,61.46932515
Uttar Pradesh,HATHRAS,2013,Kharif,Sweet potato,91,1202,13.20879121
Uttar Pradesh,HATHRAS,2013,Kharif,Urad,124,55,0.443548387
Uttar Pradesh,HATHRAS,2013,Rabi,Barley,1861,6266,3.367006985
Uttar Pradesh,HATHRAS,2013,Rabi,Coriander,142,78,0.549295775
Uttar Pradesh,HATHRAS,2013,Rabi,Garlic,119,697,5.857142857
Uttar Pradesh,HATHRAS,2013,Rabi,Gram,23,10,0.434782609
Uttar Pradesh,HATHRAS,2013,Rabi,Masoor,426,1024,2.403755869
Uttar Pradesh,HATHRAS,2013,Rabi,Onion,51,1037,20.33333333
Uttar Pradesh,HATHRAS,2013,Rabi,Peas & beans (Pulses),39,39,1
Uttar Pradesh,HATHRAS,2013,Rabi,Potato,46616,1247164,26.75399005
Uttar Pradesh,HATHRAS,2013,Rabi,Rapeseed &Mustard,10505,12513,1.191147073
Uttar Pradesh,HATHRAS,2013,Rabi,Turmeric,1,3,3
Uttar Pradesh,HATHRAS,2013,Rabi,Wheat,79227,308906,3.898999079
Uttar Pradesh,HATHRAS,2013,Summer,Maize,419,770,1.837708831
Uttar Pradesh,HATHRAS,2013,Summer,Moong(Green Gram),1470,806,0.54829932
Uttar Pradesh,HATHRAS,2013,Summer,Onion,14,188,13.42857143
Uttar Pradesh,HATHRAS,2013,Summer,Rice,12,28,2.333333333
Uttar Pradesh,HATHRAS,2013,Summer,Urad,35,32,0.914285714
Uttar Pradesh,HATHRAS,2014,Kharif,Arhar/Tur,3137,3765,1.200191266
Uttar Pradesh,HATHRAS,2014,Kharif,Bajra,36688,80604,2.197012647
Uttar Pradesh,HATHRAS,2014,Kharif,Cotton(lint),1173,333,0.283887468
Uttar Pradesh,HATHRAS,2014,Kharif,Dry chillies,303,250,0.825082508
Uttar Pradesh,HATHRAS,2014,Kharif,Guar seed,59,48,0.813559322
Uttar Pradesh,HATHRAS,2014,Kharif,Jowar,2,2,1
Uttar Pradesh,HATHRAS,2014,Kharif,Maize,3042,6516,2.142011834
Uttar Pradesh,HATHRAS,2014,Kharif,Moong(Green Gram),23,7,0.304347826
Uttar Pradesh,HATHRAS,2014,Kharif,Rice,29465,56956,1.93300526
Uttar Pradesh,HATHRAS,2014,Kharif,Sesamum,147,29,0.197278912
Uttar Pradesh,HATHRAS,2014,Kharif,Sugarcane,262,15038,57.39694656
Uttar Pradesh,HATHRAS,2014,Kharif,Sweet potato,93,1152,12.38709677
Uttar Pradesh,HATHRAS,2014,Kharif,Urad,61,33,0.540983607
Uttar Pradesh,HATHRAS,2014,Rabi,Barley,2984,7458,2.499329759
Uttar Pradesh,HATHRAS,2014,Rabi,Coriander,108,53,0.490740741
Uttar Pradesh,HATHRAS,2014,Rabi,Garlic,84,487,5.797619048
Uttar Pradesh,HATHRAS,2014,Rabi,Gram,4,1,0.25
Uttar Pradesh,HATHRAS,2014,Rabi,Masoor,307,194,0.631921824
Uttar Pradesh,HATHRAS,2014,Rabi,Onion,2,31,15.5
Uttar Pradesh,HATHRAS,2014,Rabi,Peas & beans (Pulses),66,85,1.287878788
Uttar Pradesh,HATHRAS,2014,Rabi,Potato,47100,1097571,23.30299363
Uttar Pradesh,HATHRAS,2014,Rabi,Rapeseed &Mustard,8832,11029,1.248754529
Uttar Pradesh,HATHRAS,2014,Rabi,Turmeric,1,3,3
Uttar Pradesh,HATHRAS,2014,Rabi,Wheat,82134,191947,2.336998076
Uttar Pradesh,HATHRAS,2014,Summer,Maize,255,453,1.776470588
Uttar Pradesh,HATHRAS,2014,Summer,Moong(Green Gram),1625,907,0.558153846
Uttar Pradesh,HATHRAS,2014,Summer,Onion,20,302,15.1
Uttar Pradesh,HATHRAS,2014,Summer,Sunflower,3,5,1.666666667
Uttar Pradesh,HATHRAS,2014,Summer,Urad,125,104,0.832
Uttar Pradesh,JALAUN,1997,Kharif,Arhar/Tur,8227,9023,1.096754589
Uttar Pradesh,JALAUN,1997,Kharif,Bajra,12924,18327,1.418059424
Uttar Pradesh,JALAUN,1997,Kharif,Groundnut,84,68,0.80952381
Uttar Pradesh,JALAUN,1997,Kharif,Jowar,15024,10065,0.669928115
Uttar Pradesh,JALAUN,1997,Kharif,Maize,10,11,1.1
Uttar Pradesh,JALAUN,1997,Kharif,Moong(Green Gram),847,176,0.207792208
Uttar Pradesh,JALAUN,1997,Kharif,Oilseeds total,30726,15900,0.517477055
Uttar Pradesh,JALAUN,1997,Kharif,Onion,59,607,10.28813559
Uttar Pradesh,JALAUN,1997,Kharif,Rice,1754,1053,0.600342075
Uttar Pradesh,JALAUN,1997,Kharif,Sesamum,7520,353,0.046941489
Uttar Pradesh,JALAUN,1997,Kharif,Small millets,1,1,1
Uttar Pradesh,JALAUN,1997,Kharif,Soyabean,10665,11017,1.033005157
Uttar Pradesh,JALAUN,1997,Kharif,Total foodgrain,350684,443075,1.263459411
Uttar Pradesh,JALAUN,1997,Kharif,Urad,17629,5677,0.322026207
Uttar Pradesh,JALAUN,1997,Rabi,Barley,10101,16517,1.635184635
Uttar Pradesh,JALAUN,1997,Rabi,Gram,66443,54430,0.819198411
Uttar Pradesh,JALAUN,1997,Rabi,Linseed,1937,535,0.27620031
Uttar Pradesh,JALAUN,1997,Rabi,Masoor,30259,14131,0.467001553
Uttar Pradesh,JALAUN,1997,Rabi,Peas & beans (Pulses),79603,66946,0.840998455
Uttar Pradesh,JALAUN,1997,Rabi,Rapeseed &Mustard,10505,3908,0.372013327
Uttar Pradesh,JALAUN,1997,Rabi,Sunflower,14,19,1.357142857
Uttar Pradesh,JALAUN,1997,Rabi,Wheat,107680,246624,2.290341753
Uttar Pradesh,JALAUN,1997,Summer,Moong(Green Gram),182,94,0.516483516
Uttar Pradesh,JALAUN,1997,Whole Year,Potato,331,4856,14.67069486
Uttar Pradesh,JALAUN,1997,Whole Year,Sugarcane,1509,79372,52.59907223
Uttar Pradesh,JALAUN,1998,Kharif,Arhar/Tur,6902,9392,1.360764996
Uttar Pradesh,JALAUN,1998,Kharif,Bajra,12892,14954,1.159944151
Uttar Pradesh,JALAUN,1998,Kharif,Groundnut,85,51,0.6
Uttar Pradesh,JALAUN,1998,Kharif,Jowar,12785,10191,0.797105984
Uttar Pradesh,JALAUN,1998,Kharif,Maize,14,6,0.428571429
Uttar Pradesh,JALAUN,1998,Kharif,Moong(Green Gram),572,190,0.332167832
Uttar Pradesh,JALAUN,1998,Kharif,Moth,7,3,0.428571429
Uttar Pradesh,JALAUN,1998,Kharif,Rice,1654,1253,0.757557437
Uttar Pradesh,JALAUN,1998,Kharif,Sesamum,5524,1127,0.204018827
Uttar Pradesh,JALAUN,1998,Kharif,Small millets,4,3,0.75
Uttar Pradesh,JALAUN,1998,Kharif,Soyabean,15508,4621,0.297975239
Uttar Pradesh,JALAUN,1998,Kharif,Urad,11705,3476,0.296967108
Uttar Pradesh,JALAUN,1998,Rabi,Barley,8121,14061,1.731437015
Uttar Pradesh,JALAUN,1998,Rabi,Gram,69012,52612,0.762360169
Uttar Pradesh,JALAUN,1998,Rabi,Linseed,1996,549,0.2750501
Uttar Pradesh,JALAUN,1998,Rabi,Masoor,33256,24875,0.747985326
Uttar Pradesh,JALAUN,1998,Rabi,Peas & beans (Pulses),87465,73383,0.838998457
Uttar Pradesh,JALAUN,1998,Rabi,Rapeseed &Mustard,9769,4934,0.505067049
Uttar Pradesh,JALAUN,1998,Rabi,Sunflower,2,2,1
Uttar Pradesh,JALAUN,1998,Rabi,Wheat,102623,292601,2.851222436
Uttar Pradesh,JALAUN,1998,Summer,Moong(Green Gram),26,11,0.423076923
Uttar Pradesh,JALAUN,1998,Whole Year,Onion,83,1008,12.14457831
Uttar Pradesh,JALAUN,1998,Whole Year,Potato,356,8123,22.81741573
Uttar Pradesh,JALAUN,1998,Whole Year,Sannhamp,185,68,0.367567568
Uttar Pradesh,JALAUN,1998,Whole Year,Sugarcane,1488,78787,52.94825269
Uttar Pradesh,JALAUN,1999,Kharif,Arhar/Tur,6822,14238,2.08707124
Uttar Pradesh,JALAUN,1999,Kharif,Bajra,11993,15407,1.284666055
Uttar Pradesh,JALAUN,1999,Kharif,Groundnut,37,21,0.567567568
Uttar Pradesh,JALAUN,1999,Kharif,Jowar,13732,13320,0.969997087
Uttar Pradesh,JALAUN,1999,Kharif,Maize,4,1,0.25
Uttar Pradesh,JALAUN,1999,Kharif,Moong(Green Gram),434,106,0.244239631
Uttar Pradesh,JALAUN,1999,Kharif,Rice,1661,1361,0.819385912
Uttar Pradesh,JALAUN,1999,Kharif,Small millets,2,2,1
Uttar Pradesh,JALAUN,1999,Kharif,Soyabean,2026,679,0.335143139
Uttar Pradesh,JALAUN,1999,Kharif,Sunflower,1,1,1
Uttar Pradesh,JALAUN,1999,Kharif,Urad,9653,1622,0.168030664
Uttar Pradesh,JALAUN,1999,Rabi,Barley,7627,20418,2.67706831
Uttar Pradesh,JALAUN,1999,Rabi,Gram,69538,85844,1.234490494
Uttar Pradesh,JALAUN,1999,Rabi,Linseed,2255,1145,0.507760532
Uttar Pradesh,JALAUN,1999,Rabi,Rapeseed &Mustard,10908,8748,0.801980198
Uttar Pradesh,JALAUN,1999,Rabi,Wheat,115812,377398,3.258712396
Uttar Pradesh,JALAUN,1999,Summer,Moong(Green Gram),19,14,0.736842105
Uttar Pradesh,JALAUN,1999,Whole Year,Onion,119,1677,14.09243697
Uttar Pradesh,JALAUN,1999,Whole Year,Peas & beans (Pulses),47108,74054,1.572004755
Uttar Pradesh,JALAUN,1999,Whole Year,Potato,330,7437,22.53636364
Uttar Pradesh,JALAUN,1999,Whole Year,Sugarcane,1737,74597,42.94588371
Uttar Pradesh,JALAUN,2000,Kharif,Arhar/Tur,7472,10342,1.384100642
Uttar Pradesh,JALAUN,2000,Kharif,Bajra,12928,13376,1.034653465
Uttar Pradesh,JALAUN,2000,Kharif,Castor seed,12,8,0.666666667
Uttar Pradesh,JALAUN,2000,Kharif,Groundnut,88,69,0.784090909
Uttar Pradesh,JALAUN,2000,Kharif,Jowar,14643,14288,0.975756334
Uttar Pradesh,JALAUN,2000,Kharif,Maize,4,5,1.25
Uttar Pradesh,JALAUN,2000,Kharif,Moong(Green Gram),654,207,0.316513761
Uttar Pradesh,JALAUN,2000,Kharif,Moth,7,2,0.285714286
Uttar Pradesh,JALAUN,2000,Kharif,Rice,2211,2164,0.97874265
Uttar Pradesh,JALAUN,2000,Kharif,Sesamum,9602,2020,0.210372839
Uttar Pradesh,JALAUN,2000,Kharif,Soyabean,1353,934,0.690317812
Uttar Pradesh,JALAUN,2000,Kharif,Urad,16530,5736,0.347005445
Uttar Pradesh,JALAUN,2000,Rabi,Barley,8623,14525,1.684448568
Uttar Pradesh,JALAUN,2000,Rabi,Gram,84494,61005,0.722003929
Uttar Pradesh,JALAUN,2000,Rabi,Linseed,911,199,0.218441273
Uttar Pradesh,JALAUN,2000,Rabi,Masoor,62804,31214,0.49700656
Uttar Pradesh,JALAUN,2000,Rabi,Moong(Green Gram),17,10,0.588235294
Uttar Pradesh,JALAUN,2000,Rabi,Peas & beans (Pulses),29277,28867,0.985995833
Uttar Pradesh,JALAUN,2000,Rabi,Rapeseed &Mustard,6937,3654,0.526740666
Uttar Pradesh,JALAUN,2000,Rabi,Wheat,117674,339140,2.882030015
Uttar Pradesh,JALAUN,2000,Whole Year,Potato,179,3815,21.31284916
Uttar Pradesh,JALAUN,2000,Whole Year,Sugarcane,1947,81226,41.71854135
Uttar Pradesh,JALAUN,2001,Kharif,Arhar/Tur,7242,13493,1.863159348
Uttar Pradesh,JALAUN,2001,Kharif,Bajra,11774,10582,0.89875998
Uttar Pradesh,JALAUN,2001,Kharif,Cotton(lint),2,6,3
Uttar Pradesh,JALAUN,2001,Kharif,Groundnut,175,170,0.971428571
Uttar Pradesh,JALAUN,2001,Kharif,Jowar,14573,21188,1.453921636
Uttar Pradesh,JALAUN,2001,Kharif,Maize,11,8,0.727272727
Uttar Pradesh,JALAUN,2001,Kharif,Moong(Green Gram),555,158,0.284684685
Uttar Pradesh,JALAUN,2001,Kharif,Moth,1,0.1,0.1
Uttar Pradesh,JALAUN,2001,Kharif,Rice,1089,769,0.706152433
Uttar Pradesh,JALAUN,2001,Kharif,Sesamum,8474,2195,0.259027614
Uttar Pradesh,JALAUN,2001,Kharif,Soyabean,885,642,0.725423729
Uttar Pradesh,JALAUN,2001,Kharif,Sunflower,14,27,1.928571429
Uttar Pradesh,JALAUN,2001,Kharif,Urad,25164,9638,0.383007471
Uttar Pradesh,JALAUN,2001,Rabi,Barley,7865,20270,2.577240941
Uttar Pradesh,JALAUN,2001,Rabi,Gram,89830,112693,1.254514082
Uttar Pradesh,JALAUN,2001,Rabi,Linseed,572,260,0.454545455
Uttar Pradesh,JALAUN,2001,Rabi,Masoor,43604,51845,1.188996422
Uttar Pradesh,JALAUN,2001,Rabi,Moong(Green Gram),5,2,0.4
Uttar Pradesh,JALAUN,2001,Rabi,Peas & beans (Pulses),33537,60702,1.810000895
Uttar Pradesh,JALAUN,2001,Rabi,Rapeseed &Mustard,8434,6983,0.827958264
Uttar Pradesh,JALAUN,2001,Rabi,Wheat,125152,412320,3.294553823
Uttar Pradesh,JALAUN,2001,Whole Year,Potato,228,5623,24.6622807
Uttar Pradesh,JALAUN,2001,Whole Year,Sugarcane,1777,82836,46.61564434
Uttar Pradesh,JALAUN,2002,Kharif,Bajra,12063,11975,0.992704966
Uttar Pradesh,JALAUN,2002,Kharif,Groundnut,84,34,0.404761905
Uttar Pradesh,JALAUN,2002,Kharif,Jowar,10123,8107,0.800849551
Uttar Pradesh,JALAUN,2002,Kharif,Maize,2,1,0.5
Uttar Pradesh,JALAUN,2002,Kharif,Moong(Green Gram),453,219,0.483443709
Uttar Pradesh,JALAUN,2002,Kharif,Rice,395,221,0.559493671
Uttar Pradesh,JALAUN,2002,Kharif,Sesamum,3148,438,0.139135959
Uttar Pradesh,JALAUN,2002,Kharif,Soyabean,327,53,0.162079511
Uttar Pradesh,JALAUN,2002,Kharif,Sunflower,1,1,1
Uttar Pradesh,JALAUN,2002,Kharif,Urad,18299,6039,0.330018034
Uttar Pradesh,JALAUN,2002,Rabi,Barley,7799,17569,2.252724708
Uttar Pradesh,JALAUN,2002,Rabi,Gram,87908,93766,1.066637849
Uttar Pradesh,JALAUN,2002,Rabi,Linseed,418,242,0.578947368
Uttar Pradesh,JALAUN,2002,Rabi,Masoor,36133,38951,1.077989649
Uttar Pradesh,JALAUN,2002,Rabi,Onion,99,1022,10.32323232
Uttar Pradesh,JALAUN,2002,Rabi,Peas & beans (Pulses),49803,94128,1.890006626
Uttar Pradesh,JALAUN,2002,Rabi,Rapeseed &Mustard,7332,4216,0.575013639
Uttar Pradesh,JALAUN,2002,Rabi,Wheat,127202,388518,3.054338768
Uttar Pradesh,JALAUN,2002,Summer,Moong(Green Gram),13,7,0.538461538
Uttar Pradesh,JALAUN,2002,Summer,Onion,20,224,11.2
Uttar Pradesh,JALAUN,2002,Whole Year,Potato,316,7331,23.19936709
Uttar Pradesh,JALAUN,2002,Whole Year,Sannhamp,104,33,0.317307692
Uttar Pradesh,JALAUN,2002,Whole Year,Sugarcane,1856,83802,45.15193966
Uttar Pradesh,JALAUN,2003,Kharif,Arhar/Tur,6697,10399,1.552784829
Uttar Pradesh,JALAUN,2003,Kharif,Bajra,15935,7325,0.45967995
Uttar Pradesh,JALAUN,2003,Kharif,Groundnut,119,94,0.789915966
Uttar Pradesh,JALAUN,2003,Kharif,Jowar,12650,14200,1.122529644
Uttar Pradesh,JALAUN,2003,Kharif,Maize,35,51,1.457142857
Uttar Pradesh,JALAUN,2003,Kharif,Moong(Green Gram),1180,221,0.187288136
Uttar Pradesh,JALAUN,2003,Kharif,Rice,861,770,0.894308943
Uttar Pradesh,JALAUN,2003,Kharif,Sesamum,8911,481,0.053978229
Uttar Pradesh,JALAUN,2003,Kharif,Soyabean,537,576,1.072625698
Uttar Pradesh,JALAUN,2003,Kharif,Sunflower,8,13,1.625
Uttar Pradesh,JALAUN,2003,Kharif,Urad,61468,4549,0.074005987
Uttar Pradesh,JALAUN,2003,Rabi,Barley,7389,14920,2.019217756
Uttar Pradesh,JALAUN,2003,Rabi,Gram,69659,83407,1.197361432
Uttar Pradesh,JALAUN,2003,Rabi,Linseed,490,248,0.506122449
Uttar Pradesh,JALAUN,2003,Rabi,Masoor,38917,45183,1.161009328
Uttar Pradesh,JALAUN,2003,Rabi,Onion,142,2038,14.35211268
Uttar Pradesh,JALAUN,2003,Rabi,Peas & beans (Pulses),60315,121535,2.015004559
Uttar Pradesh,JALAUN,2003,Rabi,Ragi,4,6,1.5
Uttar Pradesh,JALAUN,2003,Rabi,Rapeseed &Mustard,7159,6021,0.841039251
Uttar Pradesh,JALAUN,2003,Rabi,Wheat,130683,389793,2.982736852
Uttar Pradesh,JALAUN,2003,Summer,Moong(Green Gram),1,1,1
Uttar Pradesh,JALAUN,2003,Summer,Onion,34,335,9.852941176
Uttar Pradesh,JALAUN,2003,Whole Year,Potato,251,5250,20.91633466
Uttar Pradesh,JALAUN,2003,Whole Year,Sannhamp,88,26,0.295454545
Uttar Pradesh,JALAUN,2003,Whole Year,Sugarcane,1851,91766,49.57644516
Uttar Pradesh,JALAUN,2004,Kharif,Bajra,13210,10668,0.807570023
Uttar Pradesh,JALAUN,2004,Kharif,Groundnut,153,150,0.980392157
Uttar Pradesh,JALAUN,2004,Kharif,Jowar,8985,12114,1.348247078
Uttar Pradesh,JALAUN,2004,Kharif,Maize,22,20,0.909090909
Uttar Pradesh,JALAUN,2004,Kharif,Rice,930,519,0.558064516
Uttar Pradesh,JALAUN,2004,Kharif,Sannhamp,83,23,0.277108434
Uttar Pradesh,JALAUN,2004,Kharif,Sesamum,15616,2467,0.157978996
Uttar Pradesh,JALAUN,2004,Kharif,Soyabean,989,408,0.412537917
Uttar Pradesh,JALAUN,2004,Kharif,Sugarcane,1579,95199,60.29069031
Uttar Pradesh,JALAUN,2004,Rabi,Barley,6727,14560,2.164412071
Uttar Pradesh,JALAUN,2004,Rabi,Gram,56153,60693,1.080850533
Uttar Pradesh,JALAUN,2004,Rabi,Linseed,624,320,0.512820513
Uttar Pradesh,JALAUN,2004,Rabi,Potato,281,4015,14.28825623
Uttar Pradesh,JALAUN,2004,Rabi,Rapeseed &Mustard,9538,7401,0.775948836
Uttar Pradesh,JALAUN,2004,Rabi,Wheat,116483,370251,3.178583999
Uttar Pradesh,JALAUN,2004,Summer,Sunflower,4,8,2
Uttar Pradesh,JALAUN,2004,Whole Year,Dry chillies,64,60,0.9375
Uttar Pradesh,JALAUN,2004,Whole Year,Guar seed,69,58,0.84057971
Uttar Pradesh,JALAUN,2004,Whole Year,Onion,93,1007,10.82795699
Uttar Pradesh,JALAUN,2004,Whole Year,Sweet potato,21,244,11.61904762
Uttar Pradesh,JALAUN,2005,Kharif,Bajra,14343,15305,1.067071045
Uttar Pradesh,JALAUN,2005,Kharif,Jowar,6225,8799,1.413493976
Uttar Pradesh,JALAUN,2005,Kharif,Rice,818,869,1.062347188
Uttar Pradesh,JALAUN,2005,Kharif,Sannhamp,71,25,0.352112676
Uttar Pradesh,JALAUN,2005,Kharif,Sesamum,14724,5006,0.339989133
Uttar Pradesh,JALAUN,2005,Kharif,Soyabean,348,273,0.784482759
Uttar Pradesh,JALAUN,2005,Kharif,Sugarcane,2447,54986,22.47078055
Uttar Pradesh,JALAUN,2005,Rabi,Barley,8002,16112,2.013496626
Uttar Pradesh,JALAUN,2005,Rabi,Gram,69059,67539,0.977989835
Uttar Pradesh,JALAUN,2005,Rabi,Linseed,390,164,0.420512821
Uttar Pradesh,JALAUN,2005,Rabi,Potato,176,3948,22.43181818
Uttar Pradesh,JALAUN,2005,Rabi,Rapeseed &Mustard,7059,5386,0.762997592
Uttar Pradesh,JALAUN,2005,Rabi,Wheat,121025,372083,3.074430903
Uttar Pradesh,JALAUN,2005,Whole Year,Coriander,2,1,0.5
Uttar Pradesh,JALAUN,2005,Whole Year,Dry chillies,102,93,0.911764706
Uttar Pradesh,JALAUN,2005,Whole Year,Guar seed,74,60,0.810810811
Uttar Pradesh,JALAUN,2005,Whole Year,Onion,243,3106,12.781893
Uttar Pradesh,JALAUN,2005,Whole Year,Sweet potato,10,131,13.1
Uttar Pradesh,JALAUN,2006,Kharif,Arhar/Tur,8677,6019,0.693672928
Uttar Pradesh,JALAUN,2006,Kharif,Bajra,14402,26385,1.832037217
Uttar Pradesh,JALAUN,2006,Kharif,Groundnut,34,27,0.794117647
Uttar Pradesh,JALAUN,2006,Kharif,Jowar,11791,19857,1.684081079
Uttar Pradesh,JALAUN,2006,Kharif,Maize,8,7,0.875
Uttar Pradesh,JALAUN,2006,Kharif,Other Kharif pulses,34492,17763,0.514988983
Uttar Pradesh,JALAUN,2006,Kharif,Rice,1485,1217,0.81952862
Uttar Pradesh,JALAUN,2006,Kharif,Sannhamp,93,26,0.279569892
Uttar Pradesh,JALAUN,2006,Kharif,Sesamum,26665,4133,0.154997187
Uttar Pradesh,JALAUN,2006,Kharif,Soyabean,905,883,0.975690608
Uttar Pradesh,JALAUN,2006,Kharif,Sugarcane,3644,140416,38.53347969
Uttar Pradesh,JALAUN,2006,Rabi,Barley,6727,7369,1.095436301
Uttar Pradesh,JALAUN,2006,Rabi,Gram,56153,36923,0.657542785
Uttar Pradesh,JALAUN,2006,Rabi,Linseed,624,212,0.33974359
Uttar Pradesh,JALAUN,2006,Rabi,Masoor,45968,30293,0.659001914
Uttar Pradesh,JALAUN,2006,Rabi,Onion,52,998,19.19230769
Uttar Pradesh,JALAUN,2006,Rabi,Other  Rabi pulses,59003,61717,1.045997661
Uttar Pradesh,JALAUN,2006,Rabi,Potato,466,10176,21.83690987
Uttar Pradesh,JALAUN,2006,Rabi,Rapeseed &Mustard,15702,6940,0.441981913
Uttar Pradesh,JALAUN,2006,Rabi,Wheat,116484,328038,2.816163593
Uttar Pradesh,JALAUN,2006,Summer,Onion,27,315,11.66666667
Uttar Pradesh,JALAUN,2006,Whole Year,Coriander,3,1,0.333333333
Uttar Pradesh,JALAUN,2006,Whole Year,Dry chillies,94,89,0.946808511
Uttar Pradesh,JALAUN,2006,Whole Year,Guar seed,81,68,0.839506173
Uttar Pradesh,JALAUN,2007,Kharif,Arhar/Tur,8509,4480,0.526501352
Uttar Pradesh,JALAUN,2007,Kharif,Bajra,12489,6637,0.531427656
Uttar Pradesh,JALAUN,2007,Kharif,Dry chillies,78,75,0.961538462
Uttar Pradesh,JALAUN,2007,Kharif,Groundnut,14,6,0.428571429
Uttar Pradesh,JALAUN,2007,Kharif,Guar seed,81,68,0.839506173
Uttar Pradesh,JALAUN,2007,Kharif,Jowar,10657,2634,0.24716149
Uttar Pradesh,JALAUN,2007,Kharif,Maize,81,45,0.555555556
Uttar Pradesh,JALAUN,2007,Kharif,Moong(Green Gram),869,239,0.275028769
Uttar Pradesh,JALAUN,2007,Kharif,Rice,233,130,0.557939914
Uttar Pradesh,JALAUN,2007,Kharif,Sannhamp,48,9,0.1875
Uttar Pradesh,JALAUN,2007,Kharif,Sesamum,27015,3377,0.125004627
Uttar Pradesh,JALAUN,2007,Kharif,Soyabean,716,480,0.670391061
Uttar Pradesh,JALAUN,2007,Kharif,Sugarcane,1153,23005,19.95229835
Uttar Pradesh,JALAUN,2007,Kharif,Sweet potato,1,14,14
Uttar Pradesh,JALAUN,2007,Kharif,Urad,17300,4187,0.242023121
Uttar Pradesh,JALAUN,2007,Rabi,Barley,12762,14431,1.130778875
Uttar Pradesh,JALAUN,2007,Rabi,Coriander,21,12,0.571428571
Uttar Pradesh,JALAUN,2007,Rabi,Gram,20094,11794,0.586941376
Uttar Pradesh,JALAUN,2007,Rabi,Linseed,530,148,0.279245283
Uttar Pradesh,JALAUN,2007,Rabi,Masoor,17505,10888,0.621993716
Uttar Pradesh,JALAUN,2007,Rabi,Onion,104,1453,13.97115385
Uttar Pradesh,JALAUN,2007,Rabi,Other  Rabi pulses,48152,45167,0.938008805
Uttar Pradesh,JALAUN,2007,Rabi,Potato,391,8592,21.97442455
Uttar Pradesh,JALAUN,2007,Rabi,Rapeseed &Mustard,6170,2326,0.376985413
Uttar Pradesh,JALAUN,2007,Rabi,Wheat,103722,174829,1.685553692
Uttar Pradesh,JALAUN,2007,Summer,Onion,27,365,13.51851852
Uttar Pradesh,JALAUN,2008,Kharif,Arhar/Tur,6683,8277,1.238515637
Uttar Pradesh,JALAUN,2008,Kharif,Bajra,8429,5136,0.60932495
Uttar Pradesh,JALAUN,2008,Kharif,Dry chillies,85,85,1
Uttar Pradesh,JALAUN,2008,Kharif,Groundnut,149,63,0.422818792
Uttar Pradesh,JALAUN,2008,Kharif,Guar seed,75,63,0.84
Uttar Pradesh,JALAUN,2008,Kharif,Jowar,9105,16744,1.838989566
Uttar Pradesh,JALAUN,2008,Kharif,Maize,4,4,1
Uttar Pradesh,JALAUN,2008,Kharif,Moong(Green Gram),653,276,0.422664625
Uttar Pradesh,JALAUN,2008,Kharif,Rice,432,496,1.148148148
Uttar Pradesh,JALAUN,2008,Kharif,Sannhamp,8,3,0.375
Uttar Pradesh,JALAUN,2008,Kharif,Sesamum,37843,7947,0.209999207
Uttar Pradesh,JALAUN,2008,Kharif,Soyabean,355,305,0.85915493
Uttar Pradesh,JALAUN,2008,Kharif,Sugarcane,1998,46056,23.05105105
Uttar Pradesh,JALAUN,2008,Kharif,Sweet potato,1,12,12
Uttar Pradesh,JALAUN,2008,Kharif,Urad,12976,5022,0.387022195
Uttar Pradesh,JALAUN,2008,Rabi,Barley,11216,23824,2.124108417
Uttar Pradesh,JALAUN,2008,Rabi,Coriander,7,4,0.571428571
Uttar Pradesh,JALAUN,2008,Rabi,Garlic,1,6,6
Uttar Pradesh,JALAUN,2008,Rabi,Gram,37649,42541,1.12993705
Uttar Pradesh,JALAUN,2008,Rabi,Linseed,297,170,0.572390572
Uttar Pradesh,JALAUN,2008,Rabi,Masoor,36354,42280,1.163008197
Uttar Pradesh,JALAUN,2008,Rabi,Onion,115,1348,11.72173913
Uttar Pradesh,JALAUN,2008,Rabi,Peas & beans (Pulses),57936,72768,1.256006628
Uttar Pradesh,JALAUN,2008,Rabi,Potato,411,8425,20.49878345
Uttar Pradesh,JALAUN,2008,Rabi,Rapeseed &Mustard,10493,9024,0.860001906
Uttar Pradesh,JALAUN,2008,Rabi,Wheat,157937,498571,3.156771371
Uttar Pradesh,JALAUN,2008,Summer,Moong(Green Gram),9,7,0.777777778
Uttar Pradesh,JALAUN,2008,Summer,Sunflower,1,2,2
Uttar Pradesh,JALAUN,2009,Kharif,Arhar/Tur,7975,7869,0.986708464
Uttar Pradesh,JALAUN,2009,Kharif,Bajra,19495,17250,0.884842267
Uttar Pradesh,JALAUN,2009,Kharif,Dry chillies,85,75,0.882352941
Uttar Pradesh,JALAUN,2009,Kharif,Groundnut,3,2,0.666666667
Uttar Pradesh,JALAUN,2009,Kharif,Guar seed,70,58,0.828571429
Uttar Pradesh,JALAUN,2009,Kharif,Jowar,9248,10501,1.135488754
Uttar Pradesh,JALAUN,2009,Kharif,Maize,1,2,2
Uttar Pradesh,JALAUN,2009,Kharif,Moong(Green Gram),882,219,0.24829932
Uttar Pradesh,JALAUN,2009,Kharif,Rice,227,230,1.013215859
Uttar Pradesh,JALAUN,2009,Kharif,Sannhamp,21,4,0.19047619
Uttar Pradesh,JALAUN,2009,Kharif,Sesamum,61149,7705,0.126003696
Uttar Pradesh,JALAUN,2009,Kharif,Sugarcane,493,15803,32.05476673
Uttar Pradesh,JALAUN,2009,Kharif,Sweet potato,7,95,13.57142857
Uttar Pradesh,JALAUN,2009,Kharif,Urad,15628,6689,0.428013821
Uttar Pradesh,JALAUN,2009,Rabi,Barley,7771,15809,2.034358512
Uttar Pradesh,JALAUN,2009,Rabi,Coriander,49,28,0.571428571
Uttar Pradesh,JALAUN,2009,Rabi,Garlic,2,10,5
Uttar Pradesh,JALAUN,2009,Rabi,Gram,40322,39042,0.968255543
Uttar Pradesh,JALAUN,2009,Rabi,Linseed,428,234,0.546728972
Uttar Pradesh,JALAUN,2009,Rabi,Masoor,57724,51605,0.893995565
Uttar Pradesh,JALAUN,2009,Rabi,Onion,65,1116,17.16923077
Uttar Pradesh,JALAUN,2009,Rabi,Peas & beans (Pulses),48905,73504,1.502995604
Uttar Pradesh,JALAUN,2009,Rabi,Potato,510,12682,24.86666667
Uttar Pradesh,JALAUN,2009,Rabi,Rapeseed &Mustard,10734,9081,0.846003354
Uttar Pradesh,JALAUN,2009,Rabi,Wheat,143554,401291,2.795401034
Uttar Pradesh,JALAUN,2009,Summer,Banana,1,41,41
Uttar Pradesh,JALAUN,2009,Summer,Moong(Green Gram),109,78,0.71559633
Uttar Pradesh,JALAUN,2009,Summer,Onion,142,1973,13.8943662
Uttar Pradesh,JALAUN,2009,Summer,Sunflower,1,2,2
Uttar Pradesh,JALAUN,2010,Kharif,Arhar/Tur,7313,7963,1.088882811
Uttar Pradesh,JALAUN,2010,Kharif,Bajra,15683,13399,0.854364599
Uttar Pradesh,JALAUN,2010,Kharif,Dry chillies,176,154,0.875
Uttar Pradesh,JALAUN,2010,Kharif,Groundnut,1,1,1
Uttar Pradesh,JALAUN,2010,Kharif,Guar seed,76,63,0.828947368
Uttar Pradesh,JALAUN,2010,Kharif,Jowar,8954,9899,1.105539424
Uttar Pradesh,JALAUN,2010,Kharif,Maize,56,107,1.910714286
Uttar Pradesh,JALAUN,2010,Kharif,Moong(Green Gram),975,553,0.567179487
Uttar Pradesh,JALAUN,2010,Kharif,Rice,339,458,1.351032448
Uttar Pradesh,JALAUN,2010,Kharif,Sannhamp,9,3,0.333333333
Uttar Pradesh,JALAUN,2010,Kharif,Sesamum,49714,8253,0.166009575
Uttar Pradesh,JALAUN,2010,Kharif,Soyabean,21,26,1.238095238
Uttar Pradesh,JALAUN,2010,Kharif,Sugarcane,1769,66657,37.68061051
Uttar Pradesh,JALAUN,2010,Kharif,Sweet potato,4,49,12.25
Uttar Pradesh,JALAUN,2010,Kharif,Urad,7000,3661,0.523
Uttar Pradesh,JALAUN,2010,Rabi,Barley,7332,20423,2.785460993
Uttar Pradesh,JALAUN,2010,Rabi,Gram,42593,48225,1.1322283
Uttar Pradesh,JALAUN,2010,Rabi,Linseed,352,203,0.576704545
Uttar Pradesh,JALAUN,2010,Rabi,Maize,14,42,3
Uttar Pradesh,JALAUN,2010,Rabi,Masoor,45535,36792,0.807993851
Uttar Pradesh,JALAUN,2010,Rabi,Onion,135,2485,18.40740741
Uttar Pradesh,JALAUN,2010,Rabi,Peas & beans (Pulses),54379,67919,1.248993178
Uttar Pradesh,JALAUN,2010,Rabi,Potato,332,8099,24.39457831
Uttar Pradesh,JALAUN,2010,Rabi,Rapeseed &Mustard,10212,6954,0.680963572
Uttar Pradesh,JALAUN,2010,Rabi,Wheat,135223,432152,3.19584686
Uttar Pradesh,JALAUN,2010,Summer,Moong(Green Gram),374,334,0.893048128
Uttar Pradesh,JALAUN,2011,Kharif,Arhar/Tur,4575,5072,1.10863388
Uttar Pradesh,JALAUN,2011,Kharif,Bajra,9902,9488,0.958190265
Uttar Pradesh,JALAUN,2011,Kharif,Dry chillies,37,31,0.837837838
Uttar Pradesh,JALAUN,2011,Kharif,Groundnut,2,2,1
Uttar Pradesh,JALAUN,2011,Kharif,Guar seed,47,38,0.808510638
Uttar Pradesh,JALAUN,2011,Kharif,Jowar,5243,5738,1.094411596
Uttar Pradesh,JALAUN,2011,Kharif,Maize,4,5,1.25
Uttar Pradesh,JALAUN,2011,Kharif,Moong(Green Gram),793,443,0.558638083
Uttar Pradesh,JALAUN,2011,Kharif,Rice,1062,1951,1.837099812
Uttar Pradesh,JALAUN,2011,Kharif,Sannhamp,30,8,0.266666667
Uttar Pradesh,JALAUN,2011,Kharif,Sesamum,41712,5798,0.139000767
Uttar Pradesh,JALAUN,2011,Kharif,Soyabean,48,60,1.25
Uttar Pradesh,JALAUN,2011,Kharif,Sugarcane,1709,69346,40.57694558
Uttar Pradesh,JALAUN,2011,Kharif,Sweet potato,3,39,13
Uttar Pradesh,JALAUN,2011,Kharif,Urad,7956,3532,0.443941679
Uttar Pradesh,JALAUN,2011,Rabi,Barley,5595,9689,1.731724754
Uttar Pradesh,JALAUN,2011,Rabi,Coriander,7,4,0.571428571
Uttar Pradesh,JALAUN,2011,Rabi,Garlic,1,5,5
Uttar Pradesh,JALAUN,2011,Rabi,Gram,38427,50373,1.310875166
Uttar Pradesh,JALAUN,2011,Rabi,Linseed,263,116,0.441064639
Uttar Pradesh,JALAUN,2011,Rabi,Maize,2,5,2.5
Uttar Pradesh,JALAUN,2011,Rabi,Masoor,36225,42999,1.18699793
Uttar Pradesh,JALAUN,2011,Rabi,Onion,49,1121,22.87755102
Uttar Pradesh,JALAUN,2011,Rabi,Peas & beans (Pulses),69134,127690,1.846992797
Uttar Pradesh,JALAUN,2011,Rabi,Potato,597,13182,22.08040201
Uttar Pradesh,JALAUN,2011,Rabi,Rapeseed &Mustard,10751,8042,0.74802344
Uttar Pradesh,JALAUN,2011,Rabi,Wheat,142049,477297,3.360087012
Uttar Pradesh,JALAUN,2011,Summer,Maize,1,2,2
Uttar Pradesh,JALAUN,2011,Summer,Moong(Green Gram),99,83,0.838383838
Uttar Pradesh,JALAUN,2011,Summer,Onion,415,4496,10.83373494
Uttar Pradesh,JALAUN,2012,Kharif,Arhar/Tur,6431,8934,1.389208521
Uttar Pradesh,JALAUN,2012,Kharif,Bajra,13111,23399,1.784684616
Uttar Pradesh,JALAUN,2012,Kharif,Dry chillies,92,74,0.804347826
Uttar Pradesh,JALAUN,2012,Kharif,Groundnut,9,18,2
Uttar Pradesh,JALAUN,2012,Kharif,Guar seed,367,299,0.814713896
Uttar Pradesh,JALAUN,2012,Kharif,Jowar,7244,13737,1.896327996
Uttar Pradesh,JALAUN,2012,Kharif,Maize,21,22,1.047619048
Uttar Pradesh,JALAUN,2012,Kharif,Moong(Green Gram),853,488,0.572098476
Uttar Pradesh,JALAUN,2012,Kharif,Rice,512,555,1.083984375
Uttar Pradesh,JALAUN,2012,Kharif,Sannhamp,77,29,0.376623377
Uttar Pradesh,JALAUN,2012,Kharif,Sesamum,30334,4368,0.143996835
Uttar Pradesh,JALAUN,2012,Kharif,Soyabean,35,49,1.4
Uttar Pradesh,JALAUN,2012,Kharif,Sugarcane,1752,65094,37.15410959
Uttar Pradesh,JALAUN,2012,Kharif,Sweet potato,3,39,13
Uttar Pradesh,JALAUN,2012,Kharif,Urad,6519,3442,0.527995091
Uttar Pradesh,JALAUN,2012,Rabi,Barley,7705,16681,2.16495782
Uttar Pradesh,JALAUN,2012,Rabi,Coriander,2,1,0.5
Uttar Pradesh,JALAUN,2012,Rabi,Gram,37734,51906,1.375576403
Uttar Pradesh,JALAUN,2012,Rabi,Linseed,368,221,0.600543478
Uttar Pradesh,JALAUN,2012,Rabi,Maize,2,6,3
Uttar Pradesh,JALAUN,2012,Rabi,Masoor,35274,43175,1.223989341
Uttar Pradesh,JALAUN,2012,Rabi,Onion,26,598,23
Uttar Pradesh,JALAUN,2012,Rabi,Peas & beans (Pulses),62909,115375,1.833998315
Uttar Pradesh,JALAUN,2012,Rabi,Potato,420,10228,24.35238095
Uttar Pradesh,JALAUN,2012,Rabi,Rapeseed &Mustard,9701,8576,0.884032574
Uttar Pradesh,JALAUN,2012,Rabi,Turmeric,2,6,3
Uttar Pradesh,JALAUN,2012,Rabi,Wheat,145440,467112,3.211716172
Uttar Pradesh,JALAUN,2012,Summer,Moong(Green Gram),99,81,0.818181818
Uttar Pradesh,JALAUN,2012,Summer,Onion,128,1392,10.875
Uttar Pradesh,JALAUN,2013,Kharif,Arhar/Tur,6663,5490,0.823953174
Uttar Pradesh,JALAUN,2013,Kharif,Bajra,11922,8002,0.671196108
Uttar Pradesh,JALAUN,2013,Kharif,Dry chillies,111,90,0.810810811
Uttar Pradesh,JALAUN,2013,Kharif,Groundnut,55,39,0.709090909
Uttar Pradesh,JALAUN,2013,Kharif,Guar seed,127,105,0.826771654
Uttar Pradesh,JALAUN,2013,Kharif,Jowar,6656,8402,1.262319712
Uttar Pradesh,JALAUN,2013,Kharif,Maize,22,13,0.590909091
Uttar Pradesh,JALAUN,2013,Kharif,Moong(Green Gram),1182,294,0.248730964
Uttar Pradesh,JALAUN,2013,Kharif,Rice,520,934,1.796153846
Uttar Pradesh,JALAUN,2013,Kharif,Sannhamp,62,18,0.290322581
Uttar Pradesh,JALAUN,2013,Kharif,Sesamum,34005,1768,0.051992354
Uttar Pradesh,JALAUN,2013,Kharif,Soyabean,43,25,0.581395349
Uttar Pradesh,JALAUN,2013,Kharif,Sugarcane,1609,64614,40.15786203
Uttar Pradesh,JALAUN,2013,Kharif,Urad,8991,3884,0.431987543
Uttar Pradesh,JALAUN,2013,Rabi,Barley,9130,25477,2.790470975
Uttar Pradesh,JALAUN,2013,Rabi,Coriander,3,2,0.666666667
Uttar Pradesh,JALAUN,2013,Rabi,Gram,39648,29517,0.744476392
Uttar Pradesh,JALAUN,2013,Rabi,Linseed,175,126,0.72
Uttar Pradesh,JALAUN,2013,Rabi,Maize,212,753,3.551886792
Uttar Pradesh,JALAUN,2013,Rabi,Masoor,23707,18017,0.759986502
Uttar Pradesh,JALAUN,2013,Rabi,Onion,95,1932,20.33684211
Uttar Pradesh,JALAUN,2013,Rabi,Peas & beans (Pulses),79474,123503,1.554005083
Uttar Pradesh,JALAUN,2013,Rabi,Potato,617,13059,21.16531605
Uttar Pradesh,JALAUN,2013,Rabi,Rapeseed &Mustard,15583,7799,0.500481294
Uttar Pradesh,JALAUN,2013,Rabi,Turmeric,2,6,3
Uttar Pradesh,JALAUN,2013,Rabi,Wheat,149458,445320,2.979566166
Uttar Pradesh,JALAUN,2013,Summer,Moong(Green Gram),157,105,0.668789809
Uttar Pradesh,JALAUN,2013,Summer,Onion,126,1695,13.45238095
Uttar Pradesh,JALAUN,2014,Kharif,Arhar/Tur,5366,1750,0.326127469
Uttar Pradesh,JALAUN,2014,Kharif,Bajra,15683,12932,0.824587133
Uttar Pradesh,JALAUN,2014,Kharif,Dry chillies,103,85,0.825242718
Uttar Pradesh,JALAUN,2014,Kharif,Groundnut,17,15,0.882352941
Uttar Pradesh,JALAUN,2014,Kharif,Guar seed,166,135,0.813253012
Uttar Pradesh,JALAUN,2014,Kharif,Jowar,6810,5877,0.862995595
Uttar Pradesh,JALAUN,2014,Kharif,Maize,3,3,1
Uttar Pradesh,JALAUN,2014,Kharif,Moong(Green Gram),1006,240,0.238568588
Uttar Pradesh,JALAUN,2014,Kharif,Rice,509,890,1.748526523
Uttar Pradesh,JALAUN,2014,Kharif,Sannhamp,61,23,0.37704918
Uttar Pradesh,JALAUN,2014,Kharif,Sesamum,35353,4490,0.12700478
Uttar Pradesh,JALAUN,2014,Kharif,Small millets,43,32,0.744186047
Uttar Pradesh,JALAUN,2014,Kharif,Soyabean,25,18,0.72
Uttar Pradesh,JALAUN,2014,Kharif,Sugarcane,1344,54341,40.43229167
Uttar Pradesh,JALAUN,2014,Kharif,Urad,8779,3801,0.43296503
Uttar Pradesh,JALAUN,2014,Rabi,Barley,7928,8856,1.117053481
Uttar Pradesh,JALAUN,2014,Rabi,Coriander,1,,
Uttar Pradesh,JALAUN,2014,Rabi,Garlic,2,12,6
Uttar Pradesh,JALAUN,2014,Rabi,Gram,36148,11736,0.324665265
Uttar Pradesh,JALAUN,2014,Rabi,Linseed,128,74,0.578125
Uttar Pradesh,JALAUN,2014,Rabi,Masoor,24018,11072,0.460987593
Uttar Pradesh,JALAUN,2014,Rabi,Onion,11,168,15.27272727
Uttar Pradesh,JALAUN,2014,Rabi,Peas & beans (Pulses),76325,70295,0.920995742
Uttar Pradesh,JALAUN,2014,Rabi,Potato,257,5798,22.56031128
Uttar Pradesh,JALAUN,2014,Rabi,Rapeseed &Mustard,11680,3591,0.30744863
Uttar Pradesh,JALAUN,2014,Rabi,Wheat,155125,206239,1.329502015
Uttar Pradesh,JALAUN,2014,Summer,Moong(Green Gram),439,295,0.671981777
Uttar Pradesh,JALAUN,2014,Summer,Onion,141,2132,15.12056738
Uttar Pradesh,JALAUN,2014,Summer,Sunflower,2,3,1.5
Uttar Pradesh,JAUNPUR,1997,Kharif,Arhar/Tur,11101,12714,1.145302225
Uttar Pradesh,JAUNPUR,1997,Kharif,Bajra,5438,5773,1.061603531
Uttar Pradesh,JAUNPUR,1997,Kharif,Jowar,4984,4833,0.96970305
Uttar Pradesh,JAUNPUR,1997,Kharif,Maize,48505,66888,1.378991857
Uttar Pradesh,JAUNPUR,1997,Kharif,Moong(Green Gram),31,10,0.322580645
Uttar Pradesh,JAUNPUR,1997,Kharif,Moth,2,1,0.5
Uttar Pradesh,JAUNPUR,1997,Kharif,Oilseeds total,2762,2042,0.739319334
Uttar Pradesh,JAUNPUR,1997,Kharif,Onion,1344,13288,9.886904762
Uttar Pradesh,JAUNPUR,1997,Kharif,Rice,123113,276701,2.247536816
Uttar Pradesh,JAUNPUR,1997,Kharif,Sesamum,539,81,0.150278293
Uttar Pradesh,JAUNPUR,1997,Kharif,Small millets,30,19,0.633333333
Uttar Pradesh,JAUNPUR,1997,Kharif,Total foodgrain,401841,822574,2.04701362
Uttar Pradesh,JAUNPUR,1997,Kharif,Urad,5329,3831,0.718896603
Uttar Pradesh,JAUNPUR,1997,Rabi,Barley,1137,1385,1.218117854
Uttar Pradesh,JAUNPUR,1997,Rabi,Gram,9554,9136,0.956248692
Uttar Pradesh,JAUNPUR,1997,Rabi,Linseed,63,24,0.380952381
Uttar Pradesh,JAUNPUR,1997,Rabi,Masoor,112,65,0.580357143
Uttar Pradesh,JAUNPUR,1997,Rabi,Peas & beans (Pulses),6508,7569,1.163030117
Uttar Pradesh,JAUNPUR,1997,Rabi,Rapeseed &Mustard,2102,1859,0.884395814
Uttar Pradesh,JAUNPUR,1997,Rabi,Sunflower,58,78,1.344827586
Uttar Pradesh,JAUNPUR,1997,Rabi,Wheat,183914,432462,2.351435997
Uttar Pradesh,JAUNPUR,1997,Summer,Maize,234,370,1.581196581
Uttar Pradesh,JAUNPUR,1997,Summer,Moong(Green Gram),820,440,0.536585366
Uttar Pradesh,JAUNPUR,1997,Summer,Rice,3,7,2.333333333
Uttar Pradesh,JAUNPUR,1997,Summer,Urad,1026,370,0.360623782
Uttar Pradesh,JAUNPUR,1997,Whole Year,Potato,10831,188275,17.38297479
Uttar Pradesh,JAUNPUR,1997,Whole Year,Sugarcane,14939,834313,55.84798179
Uttar Pradesh,JAUNPUR,1998,Kharif,Arhar/Tur,11341,13367,1.178643859
Uttar Pradesh,JAUNPUR,1998,Kharif,Bajra,5853,5283,0.902614044
Uttar Pradesh,JAUNPUR,1998,Kharif,Jowar,4720,3242,0.686864407
Uttar Pradesh,JAUNPUR,1998,Kharif,Maize,48124,76710,1.594007148
Uttar Pradesh,JAUNPUR,1998,Kharif,Moong(Green Gram),30,10,0.333333333
Uttar Pradesh,JAUNPUR,1998,Kharif,Ragi,1,1,1
Uttar Pradesh,JAUNPUR,1998,Kharif,Rice,124648,231524,1.857422502
Uttar Pradesh,JAUNPUR,1998,Kharif,Sesamum,495,61,0.123232323
Uttar Pradesh,JAUNPUR,1998,Kharif,Small millets,23,15,0.652173913
Uttar Pradesh,JAUNPUR,1998,Kharif,Urad,5181,2409,0.464968153
Uttar Pradesh,JAUNPUR,1998,Rabi,Barley,1143,1428,1.249343832
Uttar Pradesh,JAUNPUR,1998,Rabi,Gram,9695,8172,0.842908716
Uttar Pradesh,JAUNPUR,1998,Rabi,Linseed,63,17,0.26984127
Uttar Pradesh,JAUNPUR,1998,Rabi,Masoor,121,99,0.818181818
Uttar Pradesh,JAUNPUR,1998,Rabi,Peas & beans (Pulses),6845,7167,1.047041636
Uttar Pradesh,JAUNPUR,1998,Rabi,Rapeseed &Mustard,2098,996,0.474737846
Uttar Pradesh,JAUNPUR,1998,Rabi,Sunflower,53,65,1.226415094
Uttar Pradesh,JAUNPUR,1998,Rabi,Wheat,187329,425697,2.27245648
Uttar Pradesh,JAUNPUR,1998,Summer,Maize,233,237,1.017167382
Uttar Pradesh,JAUNPUR,1998,Summer,Moong(Green Gram),834,361,0.432853717
Uttar Pradesh,JAUNPUR,1998,Summer,Rice,3,6,2
Uttar Pradesh,JAUNPUR,1998,Summer,Urad,1072,836,0.779850746
Uttar Pradesh,JAUNPUR,1998,Whole Year,Onion,1398,16547,11.83619456
Uttar Pradesh,JAUNPUR,1998,Whole Year,Potato,11423,232801,20.38002276
Uttar Pradesh,JAUNPUR,1998,Whole Year,Sannhamp,1215,443,0.364609053
Uttar Pradesh,JAUNPUR,1998,Whole Year,Sugarcane,14713,609883,41.45198124
Uttar Pradesh,JAUNPUR,1998,Whole Year,Tobacco,130,806,6.2
Uttar Pradesh,JAUNPUR,1999,Kharif,Arhar/Tur,10889,15504,1.423822206
Uttar Pradesh,JAUNPUR,1999,Kharif,Bajra,5360,5113,0.95391791
Uttar Pradesh,JAUNPUR,1999,Kharif,Jowar,4651,4055,0.871855515
Uttar Pradesh,JAUNPUR,1999,Kharif,Maize,48175,43695,0.907005708
Uttar Pradesh,JAUNPUR,1999,Kharif,Moong(Green Gram),46,22,0.47826087
Uttar Pradesh,JAUNPUR,1999,Kharif,Rice,126076,303487,2.407175037
Uttar Pradesh,JAUNPUR,1999,Kharif,Small millets,23,13,0.565217391
Uttar Pradesh,JAUNPUR,1999,Kharif,Sunflower,45,59,1.311111111
Uttar Pradesh,JAUNPUR,1999,Kharif,Urad,5232,1967,0.375955657
Uttar Pradesh,JAUNPUR,1999,Rabi,Barley,1127,1916,1.700088731
Uttar Pradesh,JAUNPUR,1999,Rabi,Gram,9259,9251,0.999135976
Uttar Pradesh,JAUNPUR,1999,Rabi,Linseed,39,17,0.435897436
Uttar Pradesh,JAUNPUR,1999,Rabi,Maize,238,345,1.449579832
Uttar Pradesh,JAUNPUR,1999,Rabi,Rapeseed &Mustard,2098,1622,0.773117255
Uttar Pradesh,JAUNPUR,1999,Rabi,Wheat,188020,442667,2.354361238
Uttar Pradesh,JAUNPUR,1999,Summer,Moong(Green Gram),824,608,0.737864078
Uttar Pradesh,JAUNPUR,1999,Summer,Rice,5,12,2.4
Uttar Pradesh,JAUNPUR,1999,Whole Year,Onion,1408,17793,12.63707386
Uttar Pradesh,JAUNPUR,1999,Whole Year,Peas & beans (Pulses),6975,7233,1.036989247
Uttar Pradesh,JAUNPUR,1999,Whole Year,Potato,11631,246577,21.1999828
Uttar Pradesh,JAUNPUR,1999,Whole Year,Sugarcane,14731,611985,41.54402281
Uttar Pradesh,JAUNPUR,1999,Whole Year,Tobacco,130,622,4.784615385
Uttar Pradesh,JAUNPUR,1999,Whole Year,Turmeric,1,2,2
Uttar Pradesh,JAUNPUR,2000,Kharif,Arhar/Tur,10545,17411,1.651114272
Uttar Pradesh,JAUNPUR,2000,Kharif,Bajra,4896,7538,1.539624183
Uttar Pradesh,JAUNPUR,2000,Kharif,Jowar,4403,6266,1.4231206
Uttar Pradesh,JAUNPUR,2000,Kharif,Maize,47345,88014,1.858992502
Uttar Pradesh,JAUNPUR,2000,Kharif,Moong(Green Gram),41,12,0.292682927
Uttar Pradesh,JAUNPUR,2000,Kharif,Rice,126846,260090,2.050439115
Uttar Pradesh,JAUNPUR,2000,Kharif,Sesamum,479,77,0.160751566
Uttar Pradesh,JAUNPUR,2000,Kharif,Small millets,17,11,0.647058824
Uttar Pradesh,JAUNPUR,2000,Kharif,Urad,5240,3657,0.697900763
Uttar Pradesh,JAUNPUR,2000,Rabi,Barley,1101,1403,1.274296094
Uttar Pradesh,JAUNPUR,2000,Rabi,Gram,9132,8791,0.962658782
Uttar Pradesh,JAUNPUR,2000,Rabi,Linseed,38,16,0.421052632
Uttar Pradesh,JAUNPUR,2000,Rabi,Maize,244,396,1.62295082
Uttar Pradesh,JAUNPUR,2000,Rabi,Masoor,118,63,0.533898305
Uttar Pradesh,JAUNPUR,2000,Rabi,Moong(Green Gram),829,473,0.570566948
Uttar Pradesh,JAUNPUR,2000,Rabi,Peas & beans (Pulses),6952,8245,1.185989643
Uttar Pradesh,JAUNPUR,2000,Rabi,Rapeseed &Mustard,2125,2126,1.000470588
Uttar Pradesh,JAUNPUR,2000,Rabi,Urad,1086,486,0.447513812
Uttar Pradesh,JAUNPUR,2000,Rabi,Wheat,185685,478279,2.575754638
Uttar Pradesh,JAUNPUR,2000,Summer,Rice,3,6,2
Uttar Pradesh,JAUNPUR,2000,Whole Year,Potato,11685,250421,21.43097989
Uttar Pradesh,JAUNPUR,2000,Whole Year,Sugarcane,14775,736741,49.86402707
Uttar Pradesh,JAUNPUR,2001,Kharif,Arhar/Tur,10875,11858,1.090390805
Uttar Pradesh,JAUNPUR,2001,Kharif,Bajra,5140,3331,0.648054475
Uttar Pradesh,JAUNPUR,2001,Kharif,Jowar,4608,4481,0.972439236
Uttar Pradesh,JAUNPUR,2001,Kharif,Maize,47162,78855,1.672002884
Uttar Pradesh,JAUNPUR,2001,Kharif,Moong(Green Gram),25,7,0.28
Uttar Pradesh,JAUNPUR,2001,Kharif,Rice,129896,268798,2.069332389
Uttar Pradesh,JAUNPUR,2001,Kharif,Sesamum,449,113,0.251670379
Uttar Pradesh,JAUNPUR,2001,Kharif,Small millets,10,6,0.6
Uttar Pradesh,JAUNPUR,2001,Kharif,Sunflower,53,103,1.943396226
Uttar Pradesh,JAUNPUR,2001,Kharif,Urad,5211,3439,0.659950106
Uttar Pradesh,JAUNPUR,2001,Rabi,Barley,1102,1849,1.677858439
Uttar Pradesh,JAUNPUR,2001,Rabi,Gram,9226,12442,1.3485801
Uttar Pradesh,JAUNPUR,2001,Rabi,Linseed,36,14,0.388888889
Uttar Pradesh,JAUNPUR,2001,Rabi,Maize,253,412,1.628458498
Uttar Pradesh,JAUNPUR,2001,Rabi,Masoor,123,86,0.699186992
Uttar Pradesh,JAUNPUR,2001,Rabi,Peas & beans (Pulses),6933,5623,0.811048608
Uttar Pradesh,JAUNPUR,2001,Rabi,Rapeseed &Mustard,2125,2157,1.015058824
Uttar Pradesh,JAUNPUR,2001,Rabi,Urad,1109,584,0.526600541
Uttar Pradesh,JAUNPUR,2001,Rabi,Wheat,187032,452739,2.420649942
Uttar Pradesh,JAUNPUR,2001,Summer,Rice,3,6,2
Uttar Pradesh,JAUNPUR,2001,Whole Year,Potato,11716,255655,21.821014
Uttar Pradesh,JAUNPUR,2001,Whole Year,Sugarcane,14409,726156,50.3960025
Uttar Pradesh,JAUNPUR,2001,Whole Year,Tobacco,35,217,6.2
Uttar Pradesh,JAUNPUR,2001,Whole Year,Turmeric,4,7,1.75
Uttar Pradesh,JAUNPUR,2002,Kharif,Bajra,4560,5187,1.1375
Uttar Pradesh,JAUNPUR,2002,Kharif,Groundnut,4,3,0.75
Uttar Pradesh,JAUNPUR,2002,Kharif,Jowar,3918,4299,1.097243492
Uttar Pradesh,JAUNPUR,2002,Kharif,Maize,40505,51239,1.26500432
Uttar Pradesh,JAUNPUR,2002,Kharif,Moong(Green Gram),20,13,0.65
Uttar Pradesh,JAUNPUR,2002,Kharif,Rice,123457,243387,1.971431349
Uttar Pradesh,JAUNPUR,2002,Kharif,Sesamum,335,54,0.16119403
Uttar Pradesh,JAUNPUR,2002,Kharif,Soyabean,5,1,0.2
Uttar Pradesh,JAUNPUR,2002,Kharif,Sunflower,31,44,1.419354839
Uttar Pradesh,JAUNPUR,2002,Kharif,Urad,4966,3461,0.696939186
Uttar Pradesh,JAUNPUR,2002,Rabi,Barley,878,1421,1.618451025
Uttar Pradesh,JAUNPUR,2002,Rabi,Gram,6939,6847,0.986741605
Uttar Pradesh,JAUNPUR,2002,Rabi,Linseed,18,4,0.222222222
Uttar Pradesh,JAUNPUR,2002,Rabi,Maize,347,384,1.106628242
Uttar Pradesh,JAUNPUR,2002,Rabi,Masoor,176,111,0.630681818
Uttar Pradesh,JAUNPUR,2002,Rabi,Onion,126,1300,10.31746032
Uttar Pradesh,JAUNPUR,2002,Rabi,Peas & beans (Pulses),6757,8257,1.221992008
Uttar Pradesh,JAUNPUR,2002,Rabi,Rapeseed &Mustard,1904,1705,0.895483193
Uttar Pradesh,JAUNPUR,2002,Rabi,Wheat,188178,436832,2.321376569
Uttar Pradesh,JAUNPUR,2002,Summer,Moong(Green Gram),724,423,0.584254144
Uttar Pradesh,JAUNPUR,2002,Summer,Onion,995,11124,11.1798995
Uttar Pradesh,JAUNPUR,2002,Summer,Urad,707,336,0.475247525
Uttar Pradesh,JAUNPUR,2002,Whole Year,Potato,10246,172020,16.78899083
Uttar Pradesh,JAUNPUR,2002,Whole Year,Sannhamp,634,200,0.315457413
Uttar Pradesh,JAUNPUR,2002,Whole Year,Sugarcane,13119,618692,47.15999695
Uttar Pradesh,JAUNPUR,2002,Whole Year,Tobacco,22,130,5.909090909
Uttar Pradesh,JAUNPUR,2003,Kharif,Arhar/Tur,9396,8408,0.894848872
Uttar Pradesh,JAUNPUR,2003,Kharif,Bajra,5022,3869,0.770410195
Uttar Pradesh,JAUNPUR,2003,Kharif,Groundnut,6,4,0.666666667
Uttar Pradesh,JAUNPUR,2003,Kharif,Jowar,3727,4064,1.09042125
Uttar Pradesh,JAUNPUR,2003,Kharif,Maize,40537,66197,1.633001949
Uttar Pradesh,JAUNPUR,2003,Kharif,Moong(Green Gram),38,9,0.236842105
Uttar Pradesh,JAUNPUR,2003,Kharif,Rice,129566,293353,2.264120217
Uttar Pradesh,JAUNPUR,2003,Kharif,Sesamum,380,49,0.128947368
Uttar Pradesh,JAUNPUR,2003,Kharif,Sunflower,3,5,1.666666667
Uttar Pradesh,JAUNPUR,2003,Kharif,Urad,5121,2135,0.41691076
Uttar Pradesh,JAUNPUR,2003,Rabi,Barley,851,1165,1.368977673
Uttar Pradesh,JAUNPUR,2003,Rabi,Gram,6659,8521,1.279621565
Uttar Pradesh,JAUNPUR,2003,Rabi,Linseed,18,9,0.5
Uttar Pradesh,JAUNPUR,2003,Rabi,Masoor,258,201,0.779069767
Uttar Pradesh,JAUNPUR,2003,Rabi,Onion,168,2411,14.35119048
Uttar Pradesh,JAUNPUR,2003,Rabi,Peas & beans (Pulses),6530,7810,1.196018377
Uttar Pradesh,JAUNPUR,2003,Rabi,Ragi,7,10,1.428571429
Uttar Pradesh,JAUNPUR,2003,Rabi,Rapeseed &Mustard,2043,2034,0.995594714
Uttar Pradesh,JAUNPUR,2003,Rabi,Wheat,196337,463089,2.358643557
Uttar Pradesh,JAUNPUR,2003,Summer,Maize,302,413,1.367549669
Uttar Pradesh,JAUNPUR,2003,Summer,Moong(Green Gram),729,441,0.604938272
Uttar Pradesh,JAUNPUR,2003,Summer,Onion,754,6199,8.221485411
Uttar Pradesh,JAUNPUR,2003,Summer,Urad,957,576,0.601880878
Uttar Pradesh,JAUNPUR,2003,Whole Year,Potato,10607,176119,16.60403507
Uttar Pradesh,JAUNPUR,2003,Whole Year,Sannhamp,365,110,0.301369863
Uttar Pradesh,JAUNPUR,2003,Whole Year,Sugarcane,12763,492141,38.55997806
Uttar Pradesh,JAUNPUR,2003,Whole Year,Tobacco,26,195,7.5
Uttar Pradesh,JAUNPUR,2003,Whole Year,Turmeric,1,2,2
Uttar Pradesh,JAUNPUR,2004,Kharif,Bajra,4999,5334,1.067013403
Uttar Pradesh,JAUNPUR,2004,Kharif,Jowar,2983,3871,1.297686892
Uttar Pradesh,JAUNPUR,2004,Kharif,Maize,42731,87769,2.053988907
Uttar Pradesh,JAUNPUR,2004,Kharif,Rice,137757,162226,1.177624368
Uttar Pradesh,JAUNPUR,2004,Kharif,Sannhamp,186,52,0.279569892
Uttar Pradesh,JAUNPUR,2004,Kharif,Sesamum,471,76,0.161358811
Uttar Pradesh,JAUNPUR,2004,Kharif,Small millets,5,2,0.4
Uttar Pradesh,JAUNPUR,2004,Kharif,Sugarcane,10237,436547,42.64403634
Uttar Pradesh,JAUNPUR,2004,Rabi,Barley,710,943,1.328169014
Uttar Pradesh,JAUNPUR,2004,Rabi,Gram,5855,4756,0.812297182
Uttar Pradesh,JAUNPUR,2004,Rabi,Linseed,2,1,0.5
Uttar Pradesh,JAUNPUR,2004,Rabi,Potato,10075,153432,15.22898263
Uttar Pradesh,JAUNPUR,2004,Rabi,Rapeseed &Mustard,2027,2013,0.993093241
Uttar Pradesh,JAUNPUR,2004,Rabi,Wheat,193364,404269,2.090714921
Uttar Pradesh,JAUNPUR,2004,Summer,Sunflower,5,10,2
Uttar Pradesh,JAUNPUR,2004,Whole Year,Banana,3,109,36.33333333
Uttar Pradesh,JAUNPUR,2004,Whole Year,Dry chillies,4,4,1
Uttar Pradesh,JAUNPUR,2004,Whole Year,Guar seed,30,25,0.833333333
Uttar Pradesh,JAUNPUR,2004,Whole Year,Onion,826,9821,11.88983051
Uttar Pradesh,JAUNPUR,2004,Whole Year,Sweet potato,107,1243,11.61682243
Uttar Pradesh,JAUNPUR,2004,Whole Year,Tobacco,12,46,3.833333333
Uttar Pradesh,JAUNPUR,2005,Kharif,Bajra,4846,6153,1.269706975
Uttar Pradesh,JAUNPUR,2005,Kharif,Jowar,3426,4963,1.448628138
Uttar Pradesh,JAUNPUR,2005,Kharif,Maize,43228,63156,1.460997502
Uttar Pradesh,JAUNPUR,2005,Kharif,Rice,112040,214557,1.91500357
Uttar Pradesh,JAUNPUR,2005,Kharif,Sannhamp,387,134,0.34625323
Uttar Pradesh,JAUNPUR,2005,Kharif,Sesamum,370,66,0.178378378
Uttar Pradesh,JAUNPUR,2005,Kharif,Sugarcane,12667,606901,47.911976
Uttar Pradesh,JAUNPUR,2005,Rabi,Barley,951,1610,1.692954784
Uttar Pradesh,JAUNPUR,2005,Rabi,Gram,5199,4802,0.923639161
Uttar Pradesh,JAUNPUR,2005,Rabi,Linseed,18,6,0.333333333
Uttar Pradesh,JAUNPUR,2005,Rabi,Potato,8926,170924,19.14900291
Uttar Pradesh,JAUNPUR,2005,Rabi,Rapeseed &Mustard,2042,2363,1.157198825
Uttar Pradesh,JAUNPUR,2005,Rabi,Wheat,174791,416702,2.384001465
Uttar Pradesh,JAUNPUR,2005,Whole Year,Banana,3,114,38
Uttar Pradesh,JAUNPUR,2005,Whole Year,Coriander,37,21,0.567567568
Uttar Pradesh,JAUNPUR,2005,Whole Year,Dry chillies,5,4,0.8
Uttar Pradesh,JAUNPUR,2005,Whole Year,Garlic,9,39,4.333333333
Uttar Pradesh,JAUNPUR,2005,Whole Year,Guar seed,22,18,0.818181818
Uttar Pradesh,JAUNPUR,2005,Whole Year,Onion,946,12213,12.91014799
Uttar Pradesh,JAUNPUR,2005,Whole Year,Sweet potato,118,1544,13.08474576
Uttar Pradesh,JAUNPUR,2005,Whole Year,Tobacco,40,217,5.425
Uttar Pradesh,JAUNPUR,2006,Kharif,Arhar/Tur,7775,5986,0.769903537
Uttar Pradesh,JAUNPUR,2006,Kharif,Bajra,12330,14407,1.168450933
Uttar Pradesh,JAUNPUR,2006,Kharif,Jowar,1465,1958,1.336518771
Uttar Pradesh,JAUNPUR,2006,Kharif,Maize,43413,57349,1.321009836
Uttar Pradesh,JAUNPUR,2006,Kharif,Other Kharif pulses,5965,4080,0.683989941
Uttar Pradesh,JAUNPUR,2006,Kharif,Rice,144237,266983,1.85100217
Uttar Pradesh,JAUNPUR,2006,Kharif,Sannhamp,70,20,0.285714286
Uttar Pradesh,JAUNPUR,2006,Kharif,Sesamum,570,96,0.168421053
Uttar Pradesh,JAUNPUR,2006,Kharif,Small millets,5,3,0.6
Uttar Pradesh,JAUNPUR,2006,Kharif,Sugarcane,10545,620679,58.86002845
Uttar Pradesh,JAUNPUR,2006,Kharif,Sweet potato,88,1201,13.64772727
Uttar Pradesh,JAUNPUR,2006,Rabi,Barley,716,1140,1.592178771
Uttar Pradesh,JAUNPUR,2006,Rabi,Garlic,36,158,4.388888889
Uttar Pradesh,JAUNPUR,2006,Rabi,Gram,5855,5056,0.86353544
Uttar Pradesh,JAUNPUR,2006,Rabi,Linseed,1,,
Uttar Pradesh,JAUNPUR,2006,Rabi,Masoor,27,21,0.777777778
Uttar Pradesh,JAUNPUR,2006,Rabi,Onion,57,1093,19.1754386
Uttar Pradesh,JAUNPUR,2006,Rabi,Other  Rabi pulses,4913,5252,1.069000611
Uttar Pradesh,JAUNPUR,2006,Rabi,Potato,10075,152646,15.15096774
Uttar Pradesh,JAUNPUR,2006,Rabi,Rapeseed &Mustard,2026,2085,1.029121422
Uttar Pradesh,JAUNPUR,2006,Rabi,Wheat,193364,518796,2.683002007
Uttar Pradesh,JAUNPUR,2006,Summer,Maize,451,598,1.32594235
Uttar Pradesh,JAUNPUR,2006,Summer,Onion,263,3063,11.64638783
Uttar Pradesh,JAUNPUR,2006,Summer,Sunflower,24,36,1.5
Uttar Pradesh,JAUNPUR,2006,Summer,Tobacco,11,32,2.909090909
Uttar Pradesh,JAUNPUR,2006,Whole Year,Banana,9,349,38.77777778
Uttar Pradesh,JAUNPUR,2006,Whole Year,Coriander,54,28,0.518518519
Uttar Pradesh,JAUNPUR,2006,Whole Year,Dry chillies,5,5,1
Uttar Pradesh,JAUNPUR,2006,Whole Year,Guar seed,27,23,0.851851852
Uttar Pradesh,JAUNPUR,2007,Kharif,Arhar/Tur,8561,7905,0.923373438
Uttar Pradesh,JAUNPUR,2007,Kharif,Bajra,5190,5564,1.072061657
Uttar Pradesh,JAUNPUR,2007,Kharif,Dry chillies,5,5,1
Uttar Pradesh,JAUNPUR,2007,Kharif,Guar seed,27,23,0.851851852
Uttar Pradesh,JAUNPUR,2007,Kharif,Jowar,3201,3909,1.221180881
Uttar Pradesh,JAUNPUR,2007,Kharif,Maize,45185,63485,1.40500166
Uttar Pradesh,JAUNPUR,2007,Kharif,Moong(Green Gram),126,25,0.198412698
Uttar Pradesh,JAUNPUR,2007,Kharif,Rice,138085,265261,1.920997936
Uttar Pradesh,JAUNPUR,2007,Kharif,Sannhamp,237,46,0.194092827
Uttar Pradesh,JAUNPUR,2007,Kharif,Sesamum,412,63,0.152912621
Uttar Pradesh,JAUNPUR,2007,Kharif,Sugarcane,7699,413991,53.77204832
Uttar Pradesh,JAUNPUR,2007,Kharif,Sweet potato,131,1764,13.46564885
Uttar Pradesh,JAUNPUR,2007,Kharif,Urad,4572,3932,0.860017498
Uttar Pradesh,JAUNPUR,2007,Rabi,Barley,620,1165,1.879032258
Uttar Pradesh,JAUNPUR,2007,Rabi,Coriander,27,16,0.592592593
Uttar Pradesh,JAUNPUR,2007,Rabi,Gram,5632,4732,0.840198864
Uttar Pradesh,JAUNPUR,2007,Rabi,Linseed,1,,
Uttar Pradesh,JAUNPUR,2007,Rabi,Masoor,19,17,0.894736842
Uttar Pradesh,JAUNPUR,2007,Rabi,Onion,68,950,13.97058824
Uttar Pradesh,JAUNPUR,2007,Rabi,Other  Rabi pulses,6005,9962,1.658950874
Uttar Pradesh,JAUNPUR,2007,Rabi,Potato,9969,204195,20.48299729
Uttar Pradesh,JAUNPUR,2007,Rabi,Rapeseed &Mustard,2037,2358,1.157584683
Uttar Pradesh,JAUNPUR,2007,Rabi,Wheat,196970,521380,2.647002082
Uttar Pradesh,JAUNPUR,2007,Summer,Maize,409,588,1.437652812
Uttar Pradesh,JAUNPUR,2007,Summer,Moong(Green Gram),351,191,0.544159544
Uttar Pradesh,JAUNPUR,2007,Summer,Onion,713,8339,11.69565217
Uttar Pradesh,JAUNPUR,2007,Summer,Sunflower,1,2,2
Uttar Pradesh,JAUNPUR,2007,Summer,Tobacco,2,5,2.5
Uttar Pradesh,JAUNPUR,2007,Summer,Urad,1077,573,0.532033426
Uttar Pradesh,JAUNPUR,2008,Kharif,Arhar/Tur,9258,7354,0.79434003
Uttar Pradesh,JAUNPUR,2008,Kharif,Bajra,5347,5159,0.964840097
Uttar Pradesh,JAUNPUR,2008,Kharif,Dry chillies,5,5,1
Uttar Pradesh,JAUNPUR,2008,Kharif,Guar seed,3,3,1
Uttar Pradesh,JAUNPUR,2008,Kharif,Jowar,2961,3618,1.221884498
Uttar Pradesh,JAUNPUR,2008,Kharif,Maize,43965,58078,1.321005345
Uttar Pradesh,JAUNPUR,2008,Kharif,Moong(Green Gram),12,4,0.333333333
Uttar Pradesh,JAUNPUR,2008,Kharif,Rice,144174,309686,2.14800172
Uttar Pradesh,JAUNPUR,2008,Kharif,Sannhamp,184,59,0.320652174
Uttar Pradesh,JAUNPUR,2008,Kharif,Sesamum,425,70,0.164705882
Uttar Pradesh,JAUNPUR,2008,Kharif,Sugarcane,10010,535935,53.53996004
Uttar Pradesh,JAUNPUR,2008,Kharif,Sweet potato,126,1548,12.28571429
Uttar Pradesh,JAUNPUR,2008,Kharif,Urad,5021,2315,0.461063533
Uttar Pradesh,JAUNPUR,2008,Rabi,Barley,303,549,1.811881188
Uttar Pradesh,JAUNPUR,2008,Rabi,Coriander,21,12,0.571428571
Uttar Pradesh,JAUNPUR,2008,Rabi,Garlic,22,130,5.909090909
Uttar Pradesh,JAUNPUR,2008,Rabi,Gram,4331,4675,1.079427384
Uttar Pradesh,JAUNPUR,2008,Rabi,Linseed,4,1,0.25
Uttar Pradesh,JAUNPUR,2008,Rabi,Masoor,154,153,0.993506494
Uttar Pradesh,JAUNPUR,2008,Rabi,Onion,110,1290,11.72727273
Uttar Pradesh,JAUNPUR,2008,Rabi,Peas & beans (Pulses),5737,6569,1.145023531
Uttar Pradesh,JAUNPUR,2008,Rabi,Potato,10365,141047,13.60800772
Uttar Pradesh,JAUNPUR,2008,Rabi,Rapeseed &Mustard,2606,2936,1.126630852
Uttar Pradesh,JAUNPUR,2008,Rabi,Wheat,188256,538224,2.85900051
Uttar Pradesh,JAUNPUR,2008,Summer,Banana,3,114,38
Uttar Pradesh,JAUNPUR,2008,Summer,Maize,438,655,1.49543379
Uttar Pradesh,JAUNPUR,2008,Summer,Moong(Green Gram),712,592,0.831460674
Uttar Pradesh,JAUNPUR,2008,Summer,Sunflower,11,20,1.818181818
Uttar Pradesh,JAUNPUR,2008,Summer,Urad,1023,619,0.605083089
Uttar Pradesh,JAUNPUR,2009,Kharif,Arhar/Tur,8186,4691,0.573051551
Uttar Pradesh,JAUNPUR,2009,Kharif,Bajra,3156,4404,1.395437262
Uttar Pradesh,JAUNPUR,2009,Kharif,Dry chillies,5,4,0.8
Uttar Pradesh,JAUNPUR,2009,Kharif,Guar seed,18,15,0.833333333
Uttar Pradesh,JAUNPUR,2009,Kharif,Jowar,4009,4428,1.104514842
Uttar Pradesh,JAUNPUR,2009,Kharif,Maize,42773,62534,1.461997054
Uttar Pradesh,JAUNPUR,2009,Kharif,Moong(Green Gram),19,3,0.157894737
Uttar Pradesh,JAUNPUR,2009,Kharif,Rice,129556,255484,1.971996666
Uttar Pradesh,JAUNPUR,2009,Kharif,Sannhamp,163,30,0.18404908
Uttar Pradesh,JAUNPUR,2009,Kharif,Sesamum,258,27,0.104651163
Uttar Pradesh,JAUNPUR,2009,Kharif,Sugarcane,7451,404410,54.27593612
Uttar Pradesh,JAUNPUR,2009,Kharif,Sweet potato,114,1550,13.59649123
Uttar Pradesh,JAUNPUR,2009,Kharif,Urad,5913,2258,0.381870455
Uttar Pradesh,JAUNPUR,2009,Rabi,Barley,334,575,1.721556886
Uttar Pradesh,JAUNPUR,2009,Rabi,Coriander,42,24,0.571428571
Uttar Pradesh,JAUNPUR,2009,Rabi,Garlic,53,282,5.320754717
Uttar Pradesh,JAUNPUR,2009,Rabi,Gram,5250,4633,0.88247619
Uttar Pradesh,JAUNPUR,2009,Rabi,Linseed,4,1,0.25
Uttar Pradesh,JAUNPUR,2009,Rabi,Masoor,124,117,0.943548387
Uttar Pradesh,JAUNPUR,2009,Rabi,Onion,223,4080,18.29596413
Uttar Pradesh,JAUNPUR,2009,Rabi,Peas & beans (Pulses),5065,5450,1.076011846
Uttar Pradesh,JAUNPUR,2009,Rabi,Potato,11372,259680,22.83503342
Uttar Pradesh,JAUNPUR,2009,Rabi,Rapeseed &Mustard,2695,3005,1.115027829
Uttar Pradesh,JAUNPUR,2009,Rabi,Tobacco,8,46,5.75
Uttar Pradesh,JAUNPUR,2009,Rabi,Wheat,201324,547803,2.721001967
Uttar Pradesh,JAUNPUR,2009,Summer,Banana,1,41,41
Uttar Pradesh,JAUNPUR,2009,Summer,Maize,309,450,1.45631068
Uttar Pradesh,JAUNPUR,2009,Summer,Moong(Green Gram),766,762,0.994778068
Uttar Pradesh,JAUNPUR,2009,Summer,Onion,824,18027,21.87742718
Uttar Pradesh,JAUNPUR,2009,Summer,Sunflower,19,42,2.210526316
Uttar Pradesh,JAUNPUR,2009,Summer,Urad,988,799,0.808704453
Uttar Pradesh,JAUNPUR,2010,Kharif,Arhar/Tur,10539,8145,0.772843723
Uttar Pradesh,JAUNPUR,2010,Kharif,Bajra,6050,8266,1.366280992
Uttar Pradesh,JAUNPUR,2010,Kharif,Dry chillies,1,1,1
Uttar Pradesh,JAUNPUR,2010,Kharif,Guar seed,11,9,0.818181818
Uttar Pradesh,JAUNPUR,2010,Kharif,Jowar,3497,4239,1.21218187
Uttar Pradesh,JAUNPUR,2010,Kharif,Maize,43183,63479,1.469999768
Uttar Pradesh,JAUNPUR,2010,Kharif,Moong(Green Gram),8,4,0.5
Uttar Pradesh,JAUNPUR,2010,Kharif,Rice,139885,292220,2.08900168
Uttar Pradesh,JAUNPUR,2010,Kharif,Sannhamp,172,56,0.325581395
Uttar Pradesh,JAUNPUR,2010,Kharif,Sesamum,402,79,0.196517413
Uttar Pradesh,JAUNPUR,2010,Kharif,Sugarcane,8640,482838,55.88402778
Uttar Pradesh,JAUNPUR,2010,Kharif,Sweet potato,115,1416,12.31304348
Uttar Pradesh,JAUNPUR,2010,Kharif,Urad,5017,3386,0.674905322
Uttar Pradesh,JAUNPUR,2010,Rabi,Barley,641,1186,1.850234009
Uttar Pradesh,JAUNPUR,2010,Rabi,Gram,5396,5213,0.96608599
Uttar Pradesh,JAUNPUR,2010,Rabi,Linseed,4,2,0.5
Uttar Pradesh,JAUNPUR,2010,Rabi,Masoor,150,116,0.773333333
Uttar Pradesh,JAUNPUR,2010,Rabi,Onion,208,3829,18.40865385
Uttar Pradesh,JAUNPUR,2010,Rabi,Peas & beans (Pulses),5970,9863,1.652093802
Uttar Pradesh,JAUNPUR,2010,Rabi,Potato,10511,161323,15.34801636
Uttar Pradesh,JAUNPUR,2010,Rabi,Rapeseed &Mustard,2686,3213,1.196202532
Uttar Pradesh,JAUNPUR,2010,Rabi,Tobacco,9,46,5.111111111
Uttar Pradesh,JAUNPUR,2010,Rabi,Wheat,208204,594006,2.852999942
Uttar Pradesh,JAUNPUR,2010,Summer,Maize,316,463,1.465189873
Uttar Pradesh,JAUNPUR,2010,Summer,Moong(Green Gram),836,841,1.005980861
Uttar Pradesh,JAUNPUR,2010,Summer,Sunflower,12,26,2.166666667
Uttar Pradesh,JAUNPUR,2010,Summer,Urad,1162,858,0.7383821
Uttar Pradesh,JAUNPUR,2011,Kharif,Arhar/Tur,13236,12280,0.927772741
Uttar Pradesh,JAUNPUR,2011,Kharif,Bajra,10366,16251,1.567721397
Uttar Pradesh,JAUNPUR,2011,Kharif,Cotton(lint),42,10,0.238095238
Uttar Pradesh,JAUNPUR,2011,Kharif,Dry chillies,4,3,0.75
Uttar Pradesh,JAUNPUR,2011,Kharif,Guar seed,19,16,0.842105263
Uttar Pradesh,JAUNPUR,2011,Kharif,Jowar,5264,5573,1.058700608
Uttar Pradesh,JAUNPUR,2011,Kharif,Maize,51370,74897,1.457991045
Uttar Pradesh,JAUNPUR,2011,Kharif,Moong(Green Gram),12,5,0.416666667
Uttar Pradesh,JAUNPUR,2011,Kharif,Rice,139160,311301,2.237000575
Uttar Pradesh,JAUNPUR,2011,Kharif,Sannhamp,212,58,0.273584906
Uttar Pradesh,JAUNPUR,2011,Kharif,Sesamum,383,83,0.216710183
Uttar Pradesh,JAUNPUR,2011,Kharif,Sugarcane,10082,530716,52.63995239
Uttar Pradesh,JAUNPUR,2011,Kharif,Sweet potato,115,1494,12.99130435
Uttar Pradesh,JAUNPUR,2011,Kharif,Urad,5658,3785,0.668964298
Uttar Pradesh,JAUNPUR,2011,Rabi,Barley,433,829,1.914549654
Uttar Pradesh,JAUNPUR,2011,Rabi,Coriander,22,12,0.545454545
Uttar Pradesh,JAUNPUR,2011,Rabi,Garlic,16,83,5.1875
Uttar Pradesh,JAUNPUR,2011,Rabi,Gram,4261,5266,1.235860127
Uttar Pradesh,JAUNPUR,2011,Rabi,Maize,94,224,2.382978723
Uttar Pradesh,JAUNPUR,2011,Rabi,Masoor,1713,1795,1.047869235
Uttar Pradesh,JAUNPUR,2011,Rabi,Onion,187,4278,22.87700535
Uttar Pradesh,JAUNPUR,2011,Rabi,Peas & beans (Pulses),5331,7572,1.420371412
Uttar Pradesh,JAUNPUR,2011,Rabi,Potato,10422,206418,19.80598733
Uttar Pradesh,JAUNPUR,2011,Rabi,Rapeseed &Mustard,3287,4511,1.372376027
Uttar Pradesh,JAUNPUR,2011,Rabi,Wheat,205686,654758,3.183289091
Uttar Pradesh,JAUNPUR,2011,Summer,Banana,1,44,44
Uttar Pradesh,JAUNPUR,2011,Summer,Maize,313,517,1.651757188
Uttar Pradesh,JAUNPUR,2011,Summer,Moong(Green Gram),756,594,0.785714286
Uttar Pradesh,JAUNPUR,2011,Summer,Onion,761,13233,17.38896189
Uttar Pradesh,JAUNPUR,2011,Summer,Sunflower,9,16,1.777777778
Uttar Pradesh,JAUNPUR,2011,Summer,Urad,1090,924,0.847706422
Uttar Pradesh,JAUNPUR,2012,Kharif,Arhar/Tur,8571,9095,1.06113639
Uttar Pradesh,JAUNPUR,2012,Kharif,Bajra,5502,7778,1.413667757
Uttar Pradesh,JAUNPUR,2012,Kharif,Dry chillies,3,2,0.666666667
Uttar Pradesh,JAUNPUR,2012,Kharif,Guar seed,1,1,1
Uttar Pradesh,JAUNPUR,2012,Kharif,Jowar,3213,4374,1.361344538
Uttar Pradesh,JAUNPUR,2012,Kharif,Maize,44245,78181,1.767001921
Uttar Pradesh,JAUNPUR,2012,Kharif,Moong(Green Gram),10,5,0.5
Uttar Pradesh,JAUNPUR,2012,Kharif,Rice,147185,343971,2.336997656
Uttar Pradesh,JAUNPUR,2012,Kharif,Sannhamp,270,99,0.366666667
Uttar Pradesh,JAUNPUR,2012,Kharif,Sesamum,536,100,0.186567164
Uttar Pradesh,JAUNPUR,2012,Kharif,Sugarcane,9578,535027,55.85999165
Uttar Pradesh,JAUNPUR,2012,Kharif,Sweet potato,80,1035,12.9375
Uttar Pradesh,JAUNPUR,2012,Kharif,Urad,6107,2174,0.355984935
Uttar Pradesh,JAUNPUR,2012,Rabi,Barley,588,1027,1.746598639
Uttar Pradesh,JAUNPUR,2012,Rabi,Coriander,31,17,0.548387097
Uttar Pradesh,JAUNPUR,2012,Rabi,Garlic,20,104,5.2
Uttar Pradesh,JAUNPUR,2012,Rabi,Gram,4934,5666,1.14835833
Uttar Pradesh,JAUNPUR,2012,Rabi,Masoor,114,96,0.842105263
Uttar Pradesh,JAUNPUR,2012,Rabi,Onion,220,5061,23.00454545
Uttar Pradesh,JAUNPUR,2012,Rabi,Peas & beans (Pulses),5207,6086,1.168811216
Uttar Pradesh,JAUNPUR,2012,Rabi,Potato,10168,151859,14.93499213
Uttar Pradesh,JAUNPUR,2012,Rabi,Rapeseed &Mustard,355,448,1.261971831
Uttar Pradesh,JAUNPUR,2012,Rabi,Tobacco,10,54,5.4
Uttar Pradesh,JAUNPUR,2012,Rabi,Wheat,210453,655140,3.112999102
Uttar Pradesh,JAUNPUR,2012,Summer,Banana,4,179,44.75
Uttar Pradesh,JAUNPUR,2012,Summer,Maize,563,1040,1.847246892
Uttar Pradesh,JAUNPUR,2012,Summer,Moong(Green Gram),809,749,0.925834363
Uttar Pradesh,JAUNPUR,2012,Summer,Onion,805,9950,12.36024845
Uttar Pradesh,JAUNPUR,2012,Summer,Urad,1046,794,0.759082218
Uttar Pradesh,JAUNPUR,2013,Kharif,Arhar/Tur,13327,12808,0.961056502
Uttar Pradesh,JAUNPUR,2013,Kharif,Bajra,10287,8962,0.871196656
Uttar Pradesh,JAUNPUR,2013,Kharif,Cotton(lint),22,5,0.227272727
Uttar Pradesh,JAUNPUR,2013,Kharif,Dry chillies,3,2,0.666666667
Uttar Pradesh,JAUNPUR,2013,Kharif,Guar seed,30,25,0.833333333
Uttar Pradesh,JAUNPUR,2013,Kharif,Jowar,4008,3239,0.808133733
Uttar Pradesh,JAUNPUR,2013,Kharif,Maize,43857,69119,1.576008391
Uttar Pradesh,JAUNPUR,2013,Kharif,Moong(Green Gram),10,3,0.3
Uttar Pradesh,JAUNPUR,2013,Kharif,Rice,149517,342394,2.290000468
Uttar Pradesh,JAUNPUR,2013,Kharif,Sannhamp,155,44,0.283870968
Uttar Pradesh,JAUNPUR,2013,Kharif,Sesamum,757,111,0.14663144
Uttar Pradesh,JAUNPUR,2013,Kharif,Sugarcane,11306,648557,57.36396604
Uttar Pradesh,JAUNPUR,2013,Kharif,Sweet potato,12,159,13.25
Uttar Pradesh,JAUNPUR,2013,Kharif,Urad,6220,2799,0.45
Uttar Pradesh,JAUNPUR,2013,Rabi,Barley,42,78,1.857142857
Uttar Pradesh,JAUNPUR,2013,Rabi,Coriander,36,20,0.555555556
Uttar Pradesh,JAUNPUR,2013,Rabi,Garlic,20,117,5.85
Uttar Pradesh,JAUNPUR,2013,Rabi,Gram,5129,4812,0.93819458
Uttar Pradesh,JAUNPUR,2013,Rabi,Linseed,16,3,0.1875
Uttar Pradesh,JAUNPUR,2013,Rabi,Maize,64,227,3.546875
Uttar Pradesh,JAUNPUR,2013,Rabi,Masoor,145,106,0.731034483
Uttar Pradesh,JAUNPUR,2013,Rabi,Onion,366,7444,20.33879781
Uttar Pradesh,JAUNPUR,2013,Rabi,Peas & beans (Pulses),5274,4473,0.848122867
Uttar Pradesh,JAUNPUR,2013,Rabi,Potato,10034,104855,10.4499701
Uttar Pradesh,JAUNPUR,2013,Rabi,Rapeseed &Mustard,3471,3522,1.014693172
Uttar Pradesh,JAUNPUR,2013,Rabi,Tobacco,9,50,5.555555556
Uttar Pradesh,JAUNPUR,2013,Rabi,Wheat,210671,602940,2.861998092
Uttar Pradesh,JAUNPUR,2013,Summer,Maize,359,659,1.835654596
Uttar Pradesh,JAUNPUR,2013,Summer,Moong(Green Gram),803,654,0.814445828
Uttar Pradesh,JAUNPUR,2013,Summer,Onion,821,11925,14.52496955
Uttar Pradesh,JAUNPUR,2013,Summer,Sunflower,18,29,1.611111111
Uttar Pradesh,JAUNPUR,2013,Summer,Urad,961,781,0.812695109
Uttar Pradesh,JAUNPUR,2014,Kharif,Arhar/Tur,11954,11677,0.97682784
Uttar Pradesh,JAUNPUR,2014,Kharif,Bajra,6630,8217,1.239366516
Uttar Pradesh,JAUNPUR,2014,Kharif,Dry chillies,3,2,0.666666667
Uttar Pradesh,JAUNPUR,2014,Kharif,Guar seed,23,18,0.782608696
Uttar Pradesh,JAUNPUR,2014,Kharif,Jowar,3214,4713,1.466397013
Uttar Pradesh,JAUNPUR,2014,Kharif,Maize,45029,71506,1.587998845
Uttar Pradesh,JAUNPUR,2014,Kharif,Moong(Green Gram),11,3,0.272727273
Uttar Pradesh,JAUNPUR,2014,Kharif,Rice,140428,338993,2.413998633
Uttar Pradesh,JAUNPUR,2014,Kharif,Sannhamp,148,57,0.385135135
Uttar Pradesh,JAUNPUR,2014,Kharif,Sesamum,156,30,0.192307692
Uttar Pradesh,JAUNPUR,2014,Kharif,Sugarcane,9870,565156,57.25997974
Uttar Pradesh,JAUNPUR,2014,Kharif,Sweet potato,98,1214,12.3877551
Uttar Pradesh,JAUNPUR,2014,Kharif,Urad,6124,4054,0.66198563
Uttar Pradesh,JAUNPUR,2014,Rabi,Barley,600,1050,1.75
Uttar Pradesh,JAUNPUR,2014,Rabi,Coriander,31,15,0.483870968
Uttar Pradesh,JAUNPUR,2014,Rabi,Garlic,22,127,5.772727273
Uttar Pradesh,JAUNPUR,2014,Rabi,Gram,4664,3032,0.650085763
Uttar Pradesh,JAUNPUR,2014,Rabi,Maize,35,84,2.4
Uttar Pradesh,JAUNPUR,2014,Rabi,Masoor,148,85,0.574324324
Uttar Pradesh,JAUNPUR,2014,Rabi,Onion,192,2937,15.296875
Uttar Pradesh,JAUNPUR,2014,Rabi,Peas & beans (Pulses),5839,5612,0.96112348
Uttar Pradesh,JAUNPUR,2014,Rabi,Potato,9686,143605,14.82603758
Uttar Pradesh,JAUNPUR,2014,Rabi,Rapeseed &Mustard,3578,2777,0.776131917
Uttar Pradesh,JAUNPUR,2014,Rabi,Tobacco,9,38,4.222222222
Uttar Pradesh,JAUNPUR,2014,Rabi,Wheat,209445,405486,1.936002292
Uttar Pradesh,JAUNPUR,2014,Summer,Maize,440,782,1.777272727
Uttar Pradesh,JAUNPUR,2014,Summer,Moong(Green Gram),850,507,0.596470588
Uttar Pradesh,JAUNPUR,2014,Summer,Onion,793,18823,23.73644388
Uttar Pradesh,JAUNPUR,2014,Summer,Sunflower,13,22,1.692307692
Uttar Pradesh,JAUNPUR,2014,Summer,Urad,922,516,0.559652928
Uttar Pradesh,JHANSI,1997,Kharif,Arhar/Tur,4855,3825,0.78784758
Uttar Pradesh,JHANSI,1997,Kharif,Bajra,14,20,1.428571429
Uttar Pradesh,JHANSI,1997,Kharif,Groundnut,34722,34965,1.006998445
Uttar Pradesh,JHANSI,1997,Kharif,Jowar,14440,10023,0.694113573
Uttar Pradesh,JHANSI,1997,Kharif,Maize,2153,2448,1.137018114
Uttar Pradesh,JHANSI,1997,Kharif,Moong(Green Gram),7249,1754,0.241964409
Uttar Pradesh,JHANSI,1997,Kharif,Moth,5,3,0.6
Uttar Pradesh,JHANSI,1997,Kharif,Oilseeds total,68993,58363,0.845926398
Uttar Pradesh,JHANSI,1997,Kharif,Onion,81,834,10.2962963
Uttar Pradesh,JHANSI,1997,Kharif,Rice,2306,1385,0.600607112
Uttar Pradesh,JHANSI,1997,Kharif,Sesamum,4405,700,0.158910329
Uttar Pradesh,JHANSI,1997,Kharif,Small millets,30,15,0.5
Uttar Pradesh,JHANSI,1997,Kharif,Soyabean,14203,16092,1.13300007
Uttar Pradesh,JHANSI,1997,Kharif,Total foodgrain,357382,471382,1.318986407
Uttar Pradesh,JHANSI,1997,Kharif,Urad,51834,20993,0.405004437
Uttar Pradesh,JHANSI,1997,Rabi,Barley,3553,4835,1.360821841
Uttar Pradesh,JHANSI,1997,Rabi,Gram,54028,48563,0.898848745
Uttar Pradesh,JHANSI,1997,Rabi,Linseed,9623,4359,0.452977242
Uttar Pradesh,JHANSI,1997,Rabi,Masoor,21407,18389,0.859018078
Uttar Pradesh,JHANSI,1997,Rabi,Peas & beans (Pulses),69042,75256,1.090003186
Uttar Pradesh,JHANSI,1997,Rabi,Rapeseed &Mustard,6040,2247,0.372019868
Uttar Pradesh,JHANSI,1997,Rabi,Wheat,126332,283802,2.246477535
Uttar Pradesh,JHANSI,1997,Summer,Maize,2,3,1.5
Uttar Pradesh,JHANSI,1997,Summer,Moong(Green Gram),130,67,0.515384615
Uttar Pradesh,JHANSI,1997,Summer,Urad,2,1,0.5
Uttar Pradesh,JHANSI,1997,Whole Year,Potato,293,4298,14.66894198
Uttar Pradesh,JHANSI,1997,Whole Year,Sugarcane,106,5575,52.59433962
Uttar Pradesh,JHANSI,1998,Kharif,Arhar/Tur,3402,2308,0.678424456
Uttar Pradesh,JHANSI,1998,Kharif,Bajra,12,14,1.166666667
Uttar Pradesh,JHANSI,1998,Kharif,Groundnut,34091,37739,1.107007715
Uttar Pradesh,JHANSI,1998,Kharif,Jowar,9867,4033,0.408736191
Uttar Pradesh,JHANSI,1998,Kharif,Maize,2279,1006,0.441421676
Uttar Pradesh,JHANSI,1998,Kharif,Moong(Green Gram),5754,731,0.127042058
Uttar Pradesh,JHANSI,1998,Kharif,Moth,5,2,0.4
Uttar Pradesh,JHANSI,1998,Kharif,Rice,1976,1498,0.758097166
Uttar Pradesh,JHANSI,1998,Kharif,Sesamum,2951,454,0.153846154
Uttar Pradesh,JHANSI,1998,Kharif,Small millets,34,16,0.470588235
Uttar Pradesh,JHANSI,1998,Kharif,Soyabean,12591,4193,0.333015646
Uttar Pradesh,JHANSI,1998,Kharif,Urad,38781,6787,0.17500838
Uttar Pradesh,JHANSI,1998,Rabi,Barley,3025,5238,1.731570248
Uttar Pradesh,JHANSI,1998,Rabi,Gram,56168,39143,0.696891468
Uttar Pradesh,JHANSI,1998,Rabi,Linseed,6844,2395,0.349941555
Uttar Pradesh,JHANSI,1998,Rabi,Masoor,25987,15956,0.613999307
Uttar Pradesh,JHANSI,1998,Rabi,Peas & beans (Pulses),80261,75205,0.937005519
Uttar Pradesh,JHANSI,1998,Rabi,Rapeseed &Mustard,4414,2809,0.636384232
Uttar Pradesh,JHANSI,1998,Rabi,Wheat,118757,260926,2.197142063
Uttar Pradesh,JHANSI,1998,Summer,Maize,2,2,1
Uttar Pradesh,JHANSI,1998,Summer,Moong(Green Gram),111,48,0.432432432
Uttar Pradesh,JHANSI,1998,Summer,Urad,2,1,0.5
Uttar Pradesh,JHANSI,1998,Whole Year,Onion,120,1457,12.14166667
Uttar Pradesh,JHANSI,1998,Whole Year,Potato,305,6959,22.81639344
Uttar Pradesh,JHANSI,1998,Whole Year,Sannhamp,50,18,0.36
Uttar Pradesh,JHANSI,1998,Whole Year,Sugarcane,111,5877,52.94594595
Uttar Pradesh,JHANSI,1998,Whole Year,Turmeric,6,11,1.833333333
Uttar Pradesh,JHANSI,1999,Kharif,Arhar/Tur,3460,4887,1.412427746
Uttar Pradesh,JHANSI,1999,Kharif,Bajra,135,165,1.222222222
Uttar Pradesh,JHANSI,1999,Kharif,Groundnut,30667,24411,0.796002217
Uttar Pradesh,JHANSI,1999,Kharif,Jowar,10023,3766,0.375735808
Uttar Pradesh,JHANSI,1999,Kharif,Maize,2045,670,0.327628362
Uttar Pradesh,JHANSI,1999,Kharif,Moong(Green Gram),4897,1072,0.218909536
Uttar Pradesh,JHANSI,1999,Kharif,Rice,1575,1291,0.81968254
Uttar Pradesh,JHANSI,1999,Kharif,Small millets,30,11,0.366666667
Uttar Pradesh,JHANSI,1999,Kharif,Soyabean,3310,1940,0.586102719
Uttar Pradesh,JHANSI,1999,Kharif,Sunflower,116,151,1.301724138
Uttar Pradesh,JHANSI,1999,Kharif,Urad,27835,8768,0.314999102
Uttar Pradesh,JHANSI,1999,Rabi,Barley,3180,4486,1.410691824
Uttar Pradesh,JHANSI,1999,Rabi,Gram,53938,59103,1.095758093
Uttar Pradesh,JHANSI,1999,Rabi,Linseed,7280,3866,0.531043956
Uttar Pradesh,JHANSI,1999,Rabi,Maize,4,6,1.5
Uttar Pradesh,JHANSI,1999,Rabi,Rapeseed &Mustard,5597,4489,0.802036805
Uttar Pradesh,JHANSI,1999,Rabi,Wheat,129179,338754,2.62236122
Uttar Pradesh,JHANSI,1999,Summer,Moong(Green Gram),116,86,0.74137931
Uttar Pradesh,JHANSI,1999,Summer,Urad,2,1,0.5
Uttar Pradesh,JHANSI,1999,Whole Year,Moth,6,2,0.333333333
Uttar Pradesh,JHANSI,1999,Whole Year,Onion,132,1861,14.09848485
Uttar Pradesh,JHANSI,1999,Whole Year,Peas & beans (Pulses),61787,90394,1.462993834
Uttar Pradesh,JHANSI,1999,Whole Year,Potato,366,8248,22.53551913
Uttar Pradesh,JHANSI,1999,Whole Year,Sugarcane,101,4338,42.95049505
Uttar Pradesh,JHANSI,1999,Whole Year,Turmeric,5,8,1.6
Uttar Pradesh,JHANSI,2000,Kharif,Arhar/Tur,2837,3194,1.125837152
Uttar Pradesh,JHANSI,2000,Kharif,Bajra,148,158,1.067567568
Uttar Pradesh,JHANSI,2000,Kharif,Groundnut,31239,32176,1.029994558
Uttar Pradesh,JHANSI,2000,Kharif,Jowar,8082,6982,0.863895075
Uttar Pradesh,JHANSI,2000,Kharif,Maize,1996,2446,1.225450902
Uttar Pradesh,JHANSI,2000,Kharif,Moong(Green Gram),5718,1784,0.311997202
Uttar Pradesh,JHANSI,2000,Kharif,Rice,2972,2910,0.979138627
Uttar Pradesh,JHANSI,2000,Kharif,Sesamum,4323,909,0.210270645
Uttar Pradesh,JHANSI,2000,Kharif,Small millets,26,13,0.5
Uttar Pradesh,JHANSI,2000,Kharif,Soyabean,4667,2329,0.499035783
Uttar Pradesh,JHANSI,2000,Kharif,Urad,56677,21764,0.384000565
Uttar Pradesh,JHANSI,2000,Rabi,Barley,3714,4359,1.173667205
Uttar Pradesh,JHANSI,2000,Rabi,Gram,69007,58460,0.847160433
Uttar Pradesh,JHANSI,2000,Rabi,Linseed,4165,1249,0.299879952
Uttar Pradesh,JHANSI,2000,Rabi,Maize,4,6,1.5
Uttar Pradesh,JHANSI,2000,Rabi,Masoor,41110,13525,0.328995378
Uttar Pradesh,JHANSI,2000,Rabi,Moong(Green Gram),97,55,0.567010309
Uttar Pradesh,JHANSI,2000,Rabi,Peas & beans (Pulses),43272,40632,0.938990571
Uttar Pradesh,JHANSI,2000,Rabi,Rapeseed &Mustard,3157,1663,0.526765917
Uttar Pradesh,JHANSI,2000,Rabi,Urad,2,1,0.5
Uttar Pradesh,JHANSI,2000,Rabi,Wheat,128977,298897,2.317444195
Uttar Pradesh,JHANSI,2000,Whole Year,Potato,275,5860,21.30909091
Uttar Pradesh,JHANSI,2000,Whole Year,Sugarcane,95,3963,41.71578947
Uttar Pradesh,JHANSI,2000,Whole Year,Turmeric,4,7,1.75
Uttar Pradesh,JHANSI,2001,Kharif,Arhar/Tur,2734,4249,1.554133138
Uttar Pradesh,JHANSI,2001,Kharif,Bajra,101,89,0.881188119
Uttar Pradesh,JHANSI,2001,Kharif,Groundnut,31626,30234,0.955985581
Uttar Pradesh,JHANSI,2001,Kharif,Jowar,7524,4308,0.572567783
Uttar Pradesh,JHANSI,2001,Kharif,Maize,1861,1279,0.687264911
Uttar Pradesh,JHANSI,2001,Kharif,Moong(Green Gram),4947,1083,0.218920558
Uttar Pradesh,JHANSI,2001,Kharif,Rice,2986,2107,0.705626256
Uttar Pradesh,JHANSI,2001,Kharif,Sesamum,2540,331,0.130314961
Uttar Pradesh,JHANSI,2001,Kharif,Small millets,10,4,0.4
Uttar Pradesh,JHANSI,2001,Kharif,Soyabean,1418,930,0.655853315
Uttar Pradesh,JHANSI,2001,Kharif,Urad,53906,18921,0.350999889
Uttar Pradesh,JHANSI,2001,Rabi,Barley,3618,5867,1.621614151
Uttar Pradesh,JHANSI,2001,Rabi,Gram,89040,100032,1.123450135
Uttar Pradesh,JHANSI,2001,Rabi,Linseed,2925,1363,0.465982906
Uttar Pradesh,JHANSI,2001,Rabi,Masoor,26847,22364,0.833016724
Uttar Pradesh,JHANSI,2001,Rabi,Moong(Green Gram),19,10,0.526315789
Uttar Pradesh,JHANSI,2001,Rabi,Peas & beans (Pulses),42348,66656,1.574005856
Uttar Pradesh,JHANSI,2001,Rabi,Rapeseed &Mustard,3471,2798,0.80610775
Uttar Pradesh,JHANSI,2001,Rabi,Urad,1,0.1,0.1
Uttar Pradesh,JHANSI,2001,Rabi,Wheat,130628,363138,2.779939982
Uttar Pradesh,JHANSI,2001,Whole Year,Potato,201,4957,24.66169154
Uttar Pradesh,JHANSI,2001,Whole Year,Sugarcane,80,3730,46.625
Uttar Pradesh,JHANSI,2001,Whole Year,Turmeric,3,5,1.666666667
Uttar Pradesh,JHANSI,2002,Kharif,Bajra,62,58,0.935483871
Uttar Pradesh,JHANSI,2002,Kharif,Groundnut,20045,7697,0.383986031
Uttar Pradesh,JHANSI,2002,Kharif,Jowar,3497,695,0.198741779
Uttar Pradesh,JHANSI,2002,Kharif,Maize,1278,404,0.316118936
Uttar Pradesh,JHANSI,2002,Kharif,Moong(Green Gram),2832,261,0.092161017
Uttar Pradesh,JHANSI,2002,Kharif,Rice,688,384,0.558139535
Uttar Pradesh,JHANSI,2002,Kharif,Sesamum,1111,104,0.093609361
Uttar Pradesh,JHANSI,2002,Kharif,Small millets,7,3,0.428571429
Uttar Pradesh,JHANSI,2002,Kharif,Soyabean,245,40,0.163265306
Uttar Pradesh,JHANSI,2002,Kharif,Urad,47386,8056,0.170008019
Uttar Pradesh,JHANSI,2002,Rabi,Barley,3288,4884,1.48540146
Uttar Pradesh,JHANSI,2002,Rabi,Gram,91283,74021,0.810895786
Uttar Pradesh,JHANSI,2002,Rabi,Linseed,1924,1156,0.600831601
Uttar Pradesh,JHANSI,2002,Rabi,Masoor,19705,15803,0.801979193
Uttar Pradesh,JHANSI,2002,Rabi,Onion,23,237,10.30434783
Uttar Pradesh,JHANSI,2002,Rabi,Peas & beans (Pulses),55967,95032,1.698000608
Uttar Pradesh,JHANSI,2002,Rabi,Rapeseed &Mustard,2365,1509,0.638054968
Uttar Pradesh,JHANSI,2002,Rabi,Wheat,119796,306875,2.561646466
Uttar Pradesh,JHANSI,2002,Summer,Moong(Green Gram),53,31,0.58490566
Uttar Pradesh,JHANSI,2002,Summer,Onion,80,894,11.175
Uttar Pradesh,JHANSI,2002,Summer,Rice,1,1,1
Uttar Pradesh,JHANSI,2002,Summer,Urad,5,3,0.6
Uttar Pradesh,JHANSI,2002,Whole Year,Potato,346,8027,23.19942197
Uttar Pradesh,JHANSI,2002,Whole Year,Sannhamp,3,1,0.333333333
Uttar Pradesh,JHANSI,2002,Whole Year,Sugarcane,37,1671,45.16216216
Uttar Pradesh,JHANSI,2003,Kharif,Arhar/Tur,2040,2017,0.98872549
Uttar Pradesh,JHANSI,2003,Kharif,Bajra,42,17,0.404761905
Uttar Pradesh,JHANSI,2003,Kharif,Groundnut,21625,13235,0.612023121
Uttar Pradesh,JHANSI,2003,Kharif,Jowar,6430,5817,0.90466563
Uttar Pradesh,JHANSI,2003,Kharif,Maize,1961,367,0.187149414
Uttar Pradesh,JHANSI,2003,Kharif,Moong(Green Gram),5644,773,0.136959603
Uttar Pradesh,JHANSI,2003,Kharif,Moth,2,1,0.5
Uttar Pradesh,JHANSI,2003,Kharif,Rice,2220,3455,1.556306306
Uttar Pradesh,JHANSI,2003,Kharif,Sesamum,3193,283,0.088631381
Uttar Pradesh,JHANSI,2003,Kharif,Soyabean,405,434,1.071604938
Uttar Pradesh,JHANSI,2003,Kharif,Urad,113106,9388,0.083001786
Uttar Pradesh,JHANSI,2003,Rabi,Barley,3347,5382,1.608007171
Uttar Pradesh,JHANSI,2003,Rabi,Gram,66292,66993,1.010574428
Uttar Pradesh,JHANSI,2003,Rabi,Linseed,3129,1583,0.505912432
Uttar Pradesh,JHANSI,2003,Rabi,Masoor,19590,17846,0.910974987
Uttar Pradesh,JHANSI,2003,Rabi,Onion,34,488,14.35294118
Uttar Pradesh,JHANSI,2003,Rabi,Peas & beans (Pulses),81950,124482,1.51899939
Uttar Pradesh,JHANSI,2003,Rabi,Ragi,4,6,1.5
Uttar Pradesh,JHANSI,2003,Rabi,Rapeseed &Mustard,2335,1418,0.607280514
Uttar Pradesh,JHANSI,2003,Rabi,Wheat,125419,329689,2.628700596
Uttar Pradesh,JHANSI,2003,Summer,Maize,1,1,1
Uttar Pradesh,JHANSI,2003,Summer,Moong(Green Gram),47,28,0.595744681
Uttar Pradesh,JHANSI,2003,Summer,Onion,83,819,9.86746988
Uttar Pradesh,JHANSI,2003,Summer,Urad,2,1,0.5
Uttar Pradesh,JHANSI,2003,Whole Year,Potato,388,8115,20.91494845
Uttar Pradesh,JHANSI,2003,Whole Year,Sannhamp,23,7,0.304347826
Uttar Pradesh,JHANSI,2003,Whole Year,Sugarcane,67,3321,49.56716418
Uttar Pradesh,JHANSI,2004,Kharif,Bajra,24,21,0.875
Uttar Pradesh,JHANSI,2004,Kharif,Groundnut,26480,24573,0.927983384
Uttar Pradesh,JHANSI,2004,Kharif,Jowar,4373,3934,0.899611251
Uttar Pradesh,JHANSI,2004,Kharif,Maize,2317,1365,0.589123867
Uttar Pradesh,JHANSI,2004,Kharif,Rice,3461,2911,0.841086391
Uttar Pradesh,JHANSI,2004,Kharif,Sannhamp,21,6,0.285714286
Uttar Pradesh,JHANSI,2004,Kharif,Sesamum,8197,828,0.101012566
Uttar Pradesh,JHANSI,2004,Kharif,Small millets,5,2,0.4
Uttar Pradesh,JHANSI,2004,Kharif,Soyabean,1499,619,0.412941961
Uttar Pradesh,JHANSI,2004,Kharif,Sugarcane,67,4040,60.29850746
Uttar Pradesh,JHANSI,2004,Rabi,Barley,2882,3788,1.314365024
Uttar Pradesh,JHANSI,2004,Rabi,Gram,45641,40908,0.89629938
Uttar Pradesh,JHANSI,2004,Rabi,Linseed,7540,3868,0.512997347
Uttar Pradesh,JHANSI,2004,Rabi,Potato,387,5529,14.28682171
Uttar Pradesh,JHANSI,2004,Rabi,Rapeseed &Mustard,7096,5289,0.745349493
Uttar Pradesh,JHANSI,2004,Rabi,Wheat,105343,240036,2.278613672
Uttar Pradesh,JHANSI,2004,Summer,Sunflower,12,23,1.916666667
Uttar Pradesh,JHANSI,2004,Whole Year,Dry chillies,5,5,1
Uttar Pradesh,JHANSI,2004,Whole Year,Garlic,13,56,4.307692308
Uttar Pradesh,JHANSI,2004,Whole Year,Guar seed,15,13,0.866666667
Uttar Pradesh,JHANSI,2004,Whole Year,Onion,69,779,11.28985507
Uttar Pradesh,JHANSI,2004,Whole Year,Sweet potato,8,93,11.625
Uttar Pradesh,JHANSI,2005,Kharif,Bajra,40,42,1.05
Uttar Pradesh,JHANSI,2005,Kharif,Jowar,5519,2554,0.462764994
Uttar Pradesh,JHANSI,2005,Kharif,Maize,1282,733,0.571762871
Uttar Pradesh,JHANSI,2005,Kharif,Rice,1909,3581,1.875851231
Uttar Pradesh,JHANSI,2005,Kharif,Sannhamp,27,9,0.333333333
Uttar Pradesh,JHANSI,2005,Kharif,Sesamum,3176,578,0.181989924
Uttar Pradesh,JHANSI,2005,Kharif,Soyabean,455,356,0.782417582
Uttar Pradesh,JHANSI,2005,Kharif,Sugarcane,67,1506,22.47761194
Uttar Pradesh,JHANSI,2005,Rabi,Barley,1214,2444,2.013179572
Uttar Pradesh,JHANSI,2005,Rabi,Gram,60843,46507,0.764377167
Uttar Pradesh,JHANSI,2005,Rabi,Linseed,4034,1698,0.420922162
Uttar Pradesh,JHANSI,2005,Rabi,Potato,269,6034,22.43122677
Uttar Pradesh,JHANSI,2005,Rabi,Rapeseed &Mustard,1134,706,0.622574956
Uttar Pradesh,JHANSI,2005,Rabi,Wheat,126839,263023,2.073676078
Uttar Pradesh,JHANSI,2005,Whole Year,Coriander,21,12,0.571428571
Uttar Pradesh,JHANSI,2005,Whole Year,Dry chillies,5,5,1
Uttar Pradesh,JHANSI,2005,Whole Year,Guar seed,4,3,0.75
Uttar Pradesh,JHANSI,2005,Whole Year,Onion,235,3025,12.87234043
Uttar Pradesh,JHANSI,2005,Whole Year,Sweet potato,4,52,13
Uttar Pradesh,JHANSI,2006,Kharif,Arhar/Tur,3910,1515,0.387468031
Uttar Pradesh,JHANSI,2006,Kharif,Bajra,17,31,1.823529412
Uttar Pradesh,JHANSI,2006,Kharif,Dry ginger,117,360,3.076923077
Uttar Pradesh,JHANSI,2006,Kharif,Groundnut,31041,15676,0.505009504
Uttar Pradesh,JHANSI,2006,Kharif,Jowar,9616,9296,0.96672213
Uttar Pradesh,JHANSI,2006,Kharif,Maize,2411,1283,0.532144338
Uttar Pradesh,JHANSI,2006,Kharif,Other Kharif pulses,73774,30704,0.416189986
Uttar Pradesh,JHANSI,2006,Kharif,Rice,1082,1365,1.26155268
Uttar Pradesh,JHANSI,2006,Kharif,Sannhamp,17,4,0.235294118
Uttar Pradesh,JHANSI,2006,Kharif,Sesamum,8195,1705,0.208053691
Uttar Pradesh,JHANSI,2006,Kharif,Soyabean,602,588,0.976744186
Uttar Pradesh,JHANSI,2006,Kharif,Sugarcane,139,5356,38.5323741
Uttar Pradesh,JHANSI,2006,Rabi,Barley,4080,7842,1.922058824
Uttar Pradesh,JHANSI,2006,Rabi,Garlic,4,18,4.5
Uttar Pradesh,JHANSI,2006,Rabi,Gram,58587,35246,0.601601038
Uttar Pradesh,JHANSI,2006,Rabi,Linseed,6619,2250,0.339930503
Uttar Pradesh,JHANSI,2006,Rabi,Masoor,27686,13954,0.504009247
Uttar Pradesh,JHANSI,2006,Rabi,Onion,44,844,19.18181818
Uttar Pradesh,JHANSI,2006,Rabi,Other  Rabi pulses,100185,98782,0.985995908
Uttar Pradesh,JHANSI,2006,Rabi,Potato,175,3821,21.83428571
Uttar Pradesh,JHANSI,2006,Rabi,Rapeseed &Mustard,6465,3905,0.604021655
Uttar Pradesh,JHANSI,2006,Rabi,Wheat,112811,234758,2.08098501
Uttar Pradesh,JHANSI,2006,Summer,Onion,10,116,11.6
Uttar Pradesh,JHANSI,2006,Whole Year,Coriander,144,75,0.520833333
Uttar Pradesh,JHANSI,2007,Kharif,Arhar/Tur,2084,179,0.085892514
Uttar Pradesh,JHANSI,2007,Kharif,Bajra,89,46,0.516853933
Uttar Pradesh,JHANSI,2007,Kharif,Dry chillies,12,12,1
Uttar Pradesh,JHANSI,2007,Kharif,Dry ginger,165,373,2.260606061
Uttar Pradesh,JHANSI,2007,Kharif,Groundnut,21063,8151,0.386981911
Uttar Pradesh,JHANSI,2007,Kharif,Guar seed,8,7,0.875
Uttar Pradesh,JHANSI,2007,Kharif,Jowar,4564,1282,0.280893953
Uttar Pradesh,JHANSI,2007,Kharif,Maize,1729,801,0.463273569
Uttar Pradesh,JHANSI,2007,Kharif,Moong(Green Gram),4943,737,0.149099737
Uttar Pradesh,JHANSI,2007,Kharif,Rice,3994,3047,0.762894342
Uttar Pradesh,JHANSI,2007,Kharif,Sannhamp,3,1,0.333333333
Uttar Pradesh,JHANSI,2007,Kharif,Sesamum,18414,2707,0.147007712
Uttar Pradesh,JHANSI,2007,Kharif,Soyabean,1368,916,0.669590643
Uttar Pradesh,JHANSI,2007,Kharif,Sugarcane,22,439,19.95454545
Uttar Pradesh,JHANSI,2007,Kharif,Urad,53158,8239,0.154990782
Uttar Pradesh,JHANSI,2007,Rabi,Barley,4104,5935,1.446150097
Uttar Pradesh,JHANSI,2007,Rabi,Coriander,29,17,0.586206897
Uttar Pradesh,JHANSI,2007,Rabi,Gram,20694,12715,0.614429303
Uttar Pradesh,JHANSI,2007,Rabi,Linseed,6033,1683,0.278965689
Uttar Pradesh,JHANSI,2007,Rabi,Masoor,15100,6553,0.43397351
Uttar Pradesh,JHANSI,2007,Rabi,Onion,34,475,13.97058824
Uttar Pradesh,JHANSI,2007,Rabi,Other  Rabi pulses,36308,36562,1.006995703
Uttar Pradesh,JHANSI,2007,Rabi,Potato,430,9450,21.97674419
Uttar Pradesh,JHANSI,2007,Rabi,Rapeseed &Mustard,4754,3033,0.637989062
Uttar Pradesh,JHANSI,2007,Rabi,Wheat,101013,191527,1.896062883
Uttar Pradesh,JHANSI,2007,Summer,Moong(Green Gram),7,4,0.571428571
Uttar Pradesh,JHANSI,2007,Summer,Onion,30,405,13.5
Uttar Pradesh,JHANSI,2007,Summer,Urad,1,1,1
Uttar Pradesh,JHANSI,2008,Kharif,Arhar/Tur,1084,877,0.80904059
Uttar Pradesh,JHANSI,2008,Kharif,Bajra,314,193,0.614649682
Uttar Pradesh,JHANSI,2008,Kharif,Dry chillies,6,6,1
Uttar Pradesh,JHANSI,2008,Kharif,Groundnut,10994,9378,0.853010733
Uttar Pradesh,JHANSI,2008,Kharif,Guar seed,10,8,0.8
Uttar Pradesh,JHANSI,2008,Kharif,Jowar,10022,8759,0.87397725
Uttar Pradesh,JHANSI,2008,Kharif,Maize,3965,2387,0.602017654
Uttar Pradesh,JHANSI,2008,Kharif,Moong(Green Gram),3959,1073,0.271028037
Uttar Pradesh,JHANSI,2008,Kharif,Rice,1689,3197,1.892835998
Uttar Pradesh,JHANSI,2008,Kharif,Sesamum,44902,6376,0.141998129
Uttar Pradesh,JHANSI,2008,Kharif,Small millets,1,1,1
Uttar Pradesh,JHANSI,2008,Kharif,Soyabean,332,285,0.858433735
Uttar Pradesh,JHANSI,2008,Kharif,Sugarcane,41,946,23.07317073
Uttar Pradesh,JHANSI,2008,Kharif,Urad,27424,9900,0.360997666
Uttar Pradesh,JHANSI,2008,Rabi,Barley,4343,9225,2.12410776
Uttar Pradesh,JHANSI,2008,Rabi,Coriander,51,30,0.588235294
Uttar Pradesh,JHANSI,2008,Rabi,Garlic,5,29,5.8
Uttar Pradesh,JHANSI,2008,Rabi,Gram,24090,28080,1.165628892
Uttar Pradesh,JHANSI,2008,Rabi,Linseed,4961,2848,0.574077807
Uttar Pradesh,JHANSI,2008,Rabi,Maize,1,3,3
Uttar Pradesh,JHANSI,2008,Rabi,Masoor,27765,31152,1.121988115
Uttar Pradesh,JHANSI,2008,Rabi,Onion,138,1618,11.72463768
Uttar Pradesh,JHANSI,2008,Rabi,Peas & beans (Pulses),59329,89527,1.50899223
Uttar Pradesh,JHANSI,2008,Rabi,Potato,786,16112,20.49872774
Uttar Pradesh,JHANSI,2008,Rabi,Rapeseed &Mustard,12541,11111,0.885974005
Uttar Pradesh,JHANSI,2008,Rabi,Wheat,116956,318318,2.721690208
Uttar Pradesh,JHANSI,2008,Summer,Moong(Green Gram),4,3,0.75
Uttar Pradesh,JHANSI,2008,Summer,Urad,2,1,0.5
Uttar Pradesh,JHANSI,2009,Kharif,Arhar/Tur,4046,1230,0.304003955
Uttar Pradesh,JHANSI,2009,Kharif,Bajra,13,11,0.846153846
Uttar Pradesh,JHANSI,2009,Kharif,Dry chillies,2,2,1
Uttar Pradesh,JHANSI,2009,Kharif,Dry ginger,89,267,3
Uttar Pradesh,JHANSI,2009,Kharif,Groundnut,20993,8586,0.408993474
Uttar Pradesh,JHANSI,2009,Kharif,Guar seed,7,6,0.857142857
Uttar Pradesh,JHANSI,2009,Kharif,Jowar,6590,1981,0.30060698
Uttar Pradesh,JHANSI,2009,Kharif,Maize,2372,723,0.304806071
Uttar Pradesh,JHANSI,2009,Kharif,Moong(Green Gram),4898,348,0.071049408
Uttar Pradesh,JHANSI,2009,Kharif,Rice,1823,3167,1.737246297
Uttar Pradesh,JHANSI,2009,Kharif,Sesamum,86984,3305,0.037995493
Uttar Pradesh,JHANSI,2009,Kharif,Soyabean,191,202,1.057591623
Uttar Pradesh,JHANSI,2009,Kharif,Sugarcane,39,1250,32.05128205
Uttar Pradesh,JHANSI,2009,Kharif,Sweet potato,2,27,13.5
Uttar Pradesh,JHANSI,2009,Kharif,Urad,64819,5056,0.07800182
Uttar Pradesh,JHANSI,2009,Rabi,Barley,5093,10361,2.034360887
Uttar Pradesh,JHANSI,2009,Rabi,Coriander,66,37,0.560606061
Uttar Pradesh,JHANSI,2009,Rabi,Garlic,2,11,5.5
Uttar Pradesh,JHANSI,2009,Rabi,Gram,42362,42149,0.994971909
Uttar Pradesh,JHANSI,2009,Rabi,Linseed,5083,2775,0.545937439
Uttar Pradesh,JHANSI,2009,Rabi,Masoor,50693,44762,0.883001598
Uttar Pradesh,JHANSI,2009,Rabi,Onion,5,86,17.2
Uttar Pradesh,JHANSI,2009,Rabi,Peas & beans (Pulses),42125,59818,1.420011869
Uttar Pradesh,JHANSI,2009,Rabi,Potato,361,8976,24.86426593
Uttar Pradesh,JHANSI,2009,Rabi,Rapeseed &Mustard,11829,8682,0.733958915
Uttar Pradesh,JHANSI,2009,Rabi,Wheat,128909,319425,2.477910774
Uttar Pradesh,JHANSI,2009,Summer,Moong(Green Gram),88,63,0.715909091
Uttar Pradesh,JHANSI,2009,Summer,Onion,33,458,13.87878788
Uttar Pradesh,JHANSI,2009,Summer,Sunflower,9,20,2.222222222
Uttar Pradesh,JHANSI,2009,Summer,Urad,5,3,0.6
Uttar Pradesh,JHANSI,2010,Kharif,Arhar/Tur,3836,3045,0.79379562
Uttar Pradesh,JHANSI,2010,Kharif,Bajra,35,30,0.857142857
Uttar Pradesh,JHANSI,2010,Kharif,Dry chillies,1,1,1
Uttar Pradesh,JHANSI,2010,Kharif,Dry ginger,89,253,2.842696629
Uttar Pradesh,JHANSI,2010,Kharif,Groundnut,17788,20598,1.157971666
Uttar Pradesh,JHANSI,2010,Kharif,Guar seed,6,5,0.833333333
Uttar Pradesh,JHANSI,2010,Kharif,Jowar,3213,4114,1.28042328
Uttar Pradesh,JHANSI,2010,Kharif,Maize,2043,1612,0.789035732
Uttar Pradesh,JHANSI,2010,Kharif,Moong(Green Gram),5074,2162,0.426093812
Uttar Pradesh,JHANSI,2010,Kharif,Rice,2067,4738,2.292210934
Uttar Pradesh,JHANSI,2010,Kharif,Sannhamp,2,1,0.5
Uttar Pradesh,JHANSI,2010,Kharif,Sesamum,76589,24126,0.315006071
Uttar Pradesh,JHANSI,2010,Kharif,Small millets,5,4,0.8
Uttar Pradesh,JHANSI,2010,Kharif,Soyabean,293,360,1.228668942
Uttar Pradesh,JHANSI,2010,Kharif,Sugarcane,80,3015,37.6875
Uttar Pradesh,JHANSI,2010,Kharif,Sweet potato,1,12,12
Uttar Pradesh,JHANSI,2010,Kharif,Urad,33623,17551,0.521993873
Uttar Pradesh,JHANSI,2010,Rabi,Barley,3918,9169,2.340224604
Uttar Pradesh,JHANSI,2010,Rabi,Gram,57102,55859,0.978231936
Uttar Pradesh,JHANSI,2010,Rabi,Linseed,3857,2226,0.577132486
Uttar Pradesh,JHANSI,2010,Rabi,Masoor,57969,39419,0.68000138
Uttar Pradesh,JHANSI,2010,Rabi,Onion,15,276,18.4
Uttar Pradesh,JHANSI,2010,Rabi,Peas & beans (Pulses),37066,40476,1.091998058
Uttar Pradesh,JHANSI,2010,Rabi,Potato,520,12686,24.39615385
Uttar Pradesh,JHANSI,2010,Rabi,Rapeseed &Mustard,12360,6576,0.532038835
Uttar Pradesh,JHANSI,2010,Rabi,Turmeric,3,9,3
Uttar Pradesh,JHANSI,2010,Rabi,Wheat,142456,384439,2.698650811
Uttar Pradesh,JHANSI,2010,Summer,Moong(Green Gram),55,49,0.890909091
Uttar Pradesh,JHANSI,2010,Summer,Sunflower,22,47,2.136363636
Uttar Pradesh,JHANSI,2010,Summer,Urad,11,7,0.636363636
Uttar Pradesh,JHANSI,2011,Kharif,Arhar/Tur,1913,1854,0.96915839
Uttar Pradesh,JHANSI,2011,Kharif,Bajra,30,29,0.966666667
Uttar Pradesh,JHANSI,2011,Kharif,Dry chillies,3,3,1
Uttar Pradesh,JHANSI,2011,Kharif,Dry ginger,79,225,2.848101266
Uttar Pradesh,JHANSI,2011,Kharif,Groundnut,21481,22813,1.062008286
Uttar Pradesh,JHANSI,2011,Kharif,Guar seed,7,6,0.857142857
Uttar Pradesh,JHANSI,2011,Kharif,Jowar,2580,2867,1.11124031
Uttar Pradesh,JHANSI,2011,Kharif,Maize,2594,2223,0.856977641
Uttar Pradesh,JHANSI,2011,Kharif,Moong(Green Gram),4688,2302,0.491040956
Uttar Pradesh,JHANSI,2011,Kharif,Rice,10590,21265,2.00802644
Uttar Pradesh,JHANSI,2011,Kharif,Sannhamp,8,2,0.25
Uttar Pradesh,JHANSI,2011,Kharif,Sesamum,97306,34154,0.350995828
Uttar Pradesh,JHANSI,2011,Kharif,Small millets,21,19,0.904761905
Uttar Pradesh,JHANSI,2011,Kharif,Soyabean,1210,1515,1.252066116
Uttar Pradesh,JHANSI,2011,Kharif,Sugarcane,333,13512,40.57657658
Uttar Pradesh,JHANSI,2011,Kharif,Sweet potato,1,13,13
Uttar Pradesh,JHANSI,2011,Kharif,Urad,47241,27825,0.58900108
Uttar Pradesh,JHANSI,2011,Rabi,Barley,5874,10173,1.731869254
Uttar Pradesh,JHANSI,2011,Rabi,Coriander,24,13,0.541666667
Uttar Pradesh,JHANSI,2011,Rabi,Garlic,9,46,5.111111111
Uttar Pradesh,JHANSI,2011,Rabi,Gram,46059,59414,1.289954189
Uttar Pradesh,JHANSI,2011,Rabi,Linseed,2132,942,0.441838649
Uttar Pradesh,JHANSI,2011,Rabi,Maize,60,143,2.383333333
Uttar Pradesh,JHANSI,2011,Rabi,Masoor,35901,30121,0.839001699
Uttar Pradesh,JHANSI,2011,Rabi,Onion,12,274,22.83333333
Uttar Pradesh,JHANSI,2011,Rabi,Peas & beans (Pulses),40963,63083,1.539999512
Uttar Pradesh,JHANSI,2011,Rabi,Potato,642,14176,22.08099688
Uttar Pradesh,JHANSI,2011,Rabi,Rapeseed &Mustard,14653,10931,0.745990582
Uttar Pradesh,JHANSI,2011,Rabi,Turmeric,1,3,3
Uttar Pradesh,JHANSI,2011,Rabi,Wheat,178532,558556,3.128604396
Uttar Pradesh,JHANSI,2011,Summer,Moong(Green Gram),27,23,0.851851852
Uttar Pradesh,JHANSI,2011,Summer,Onion,22,238,10.81818182
Uttar Pradesh,JHANSI,2011,Summer,Urad,4,2,0.5
Uttar Pradesh,JHANSI,2012,Kharif,Arhar/Tur,786,323,0.410941476
Uttar Pradesh,JHANSI,2012,Kharif,Bajra,44,82,1.863636364
Uttar Pradesh,JHANSI,2012,Kharif,Dry ginger,52,255,4.903846154
Uttar Pradesh,JHANSI,2012,Kharif,Groundnut,22107,21687,0.981001493
Uttar Pradesh,JHANSI,2012,Kharif,Guar seed,26,21,0.807692308
Uttar Pradesh,JHANSI,2012,Kharif,Jowar,1559,3003,1.926234766
Uttar Pradesh,JHANSI,2012,Kharif,Maize,1219,1256,1.030352748
Uttar Pradesh,JHANSI,2012,Kharif,Moong(Green Gram),5854,2915,0.49795012
Uttar Pradesh,JHANSI,2012,Kharif,Rice,10042,19893,1.980979884
Uttar Pradesh,JHANSI,2012,Kharif,Sannhamp,1,,
Uttar Pradesh,JHANSI,2012,Kharif,Sesamum,106791,23067,0.216001348
Uttar Pradesh,JHANSI,2012,Kharif,Small millets,20,19,0.95
Uttar Pradesh,JHANSI,2012,Kharif,Soyabean,1395,1973,1.414336918
Uttar Pradesh,JHANSI,2012,Kharif,Sugarcane,228,8471,37.15350877
Uttar Pradesh,JHANSI,2012,Kharif,Urad,49841,27462,0.550992155
Uttar Pradesh,JHANSI,2012,Rabi,Barley,5627,11437,2.03252177
Uttar Pradesh,JHANSI,2012,Rabi,Coriander,2,1,0.5
Uttar Pradesh,JHANSI,2012,Rabi,Garlic,3,16,5.333333333
Uttar Pradesh,JHANSI,2012,Rabi,Gram,60810,68517,1.126739023
Uttar Pradesh,JHANSI,2012,Rabi,Linseed,1309,787,0.601222307
Uttar Pradesh,JHANSI,2012,Rabi,Masoor,23871,18882,0.791001634
Uttar Pradesh,JHANSI,2012,Rabi,Onion,57,1311,23
Uttar Pradesh,JHANSI,2012,Rabi,Peas & beans (Pulses),44782,78503,1.753003439
Uttar Pradesh,JHANSI,2012,Rabi,Potato,470,11445,24.35106383
Uttar Pradesh,JHANSI,2012,Rabi,Rapeseed &Mustard,7780,6372,0.819023136
Uttar Pradesh,JHANSI,2012,Rabi,Turmeric,27,76,2.814814815
Uttar Pradesh,JHANSI,2012,Rabi,Wheat,156091,434532,2.783837633
Uttar Pradesh,JHANSI,2012,Summer,Moong(Green Gram),22,18,0.818181818
Uttar Pradesh,JHANSI,2012,Summer,Onion,27,294,10.88888889
Uttar Pradesh,JHANSI,2012,Summer,Urad,8,6,0.75
Uttar Pradesh,JHANSI,2013,Kharif,Arhar/Tur,1036,845,0.815637066
Uttar Pradesh,JHANSI,2013,Kharif,Bajra,2,1,0.5
Uttar Pradesh,JHANSI,2013,Kharif,Dry ginger,63,323,5.126984127
Uttar Pradesh,JHANSI,2013,Kharif,Groundnut,26546,19671,0.741015596
Uttar Pradesh,JHANSI,2013,Kharif,Guar seed,11,9,0.818181818
Uttar Pradesh,JHANSI,2013,Kharif,Jowar,1396,837,0.599570201
Uttar Pradesh,JHANSI,2013,Kharif,Maize,912,857,0.939692982
Uttar Pradesh,JHANSI,2013,Kharif,Moong(Green Gram),5594,1723,0.308008581
Uttar Pradesh,JHANSI,2013,Kharif,Rice,10738,20907,1.947010617
Uttar Pradesh,JHANSI,2013,Kharif,Sannhamp,4,1,0.25
Uttar Pradesh,JHANSI,2013,Kharif,Sesamum,64536,11229,0.173995909
Uttar Pradesh,JHANSI,2013,Kharif,Small millets,23,19,0.826086957
Uttar Pradesh,JHANSI,2013,Kharif,Soyabean,3158,1818,0.575680811
Uttar Pradesh,JHANSI,2013,Kharif,Sugarcane,208,8353,40.15865385
Uttar Pradesh,JHANSI,2013,Kharif,Urad,67237,22995,0.341999197
Uttar Pradesh,JHANSI,2013,Rabi,Barley,5172,8817,1.704756381
Uttar Pradesh,JHANSI,2013,Rabi,Coriander,7,4,0.571428571
Uttar Pradesh,JHANSI,2013,Rabi,Garlic,9,53,5.888888889
Uttar Pradesh,JHANSI,2013,Rabi,Gram,54969,15696,0.28554276
Uttar Pradesh,JHANSI,2013,Rabi,Linseed,744,537,0.721774194
Uttar Pradesh,JHANSI,2013,Rabi,Maize,415,1475,3.554216867
Uttar Pradesh,JHANSI,2013,Rabi,Masoor,16967,4361,0.257028349
Uttar Pradesh,JHANSI,2013,Rabi,Onion,50,1017,20.34
Uttar Pradesh,JHANSI,2013,Rabi,Peas & beans (Pulses),56429,37243,0.659997519
Uttar Pradesh,JHANSI,2013,Rabi,Potato,802,16974,21.16458853
Uttar Pradesh,JHANSI,2013,Rabi,Rapeseed &Mustard,9819,3034,0.308992769
Uttar Pradesh,JHANSI,2013,Rabi,Turmeric,26,75,2.884615385
Uttar Pradesh,JHANSI,2013,Rabi,Wheat,153384,235384,1.534605956
Uttar Pradesh,JHANSI,2013,Summer,Moong(Green Gram),62,41,0.661290323
Uttar Pradesh,JHANSI,2013,Summer,Onion,20,269,13.45
Uttar Pradesh,JHANSI,2013,Summer,Sunflower,93,149,1.602150538
Uttar Pradesh,JHANSI,2013,Summer,Urad,2,1,0.5
Uttar Pradesh,JHANSI,2014,Kharif,Arhar/Tur,3525,1212,0.343829787
Uttar Pradesh,JHANSI,2014,Kharif,Bajra,4923,3945,0.801340646
Uttar Pradesh,JHANSI,2014,Kharif,Cotton(lint),73,22,0.301369863
Uttar Pradesh,JHANSI,2014,Kharif,Dry chillies,6,5,0.833333333
Uttar Pradesh,JHANSI,2014,Kharif,Dry ginger,35,161,4.6
Uttar Pradesh,JHANSI,2014,Kharif,Ginger,35,161,4.6
Uttar Pradesh,JHANSI,2014,Kharif,Groundnut,30159,27234,0.903014026
Uttar Pradesh,JHANSI,2014,Kharif,Guar seed,40,33,0.825
Uttar Pradesh,JHANSI,2014,Kharif,Jowar,1321,1148,0.869038607
Uttar Pradesh,JHANSI,2014,Kharif,Maize,1152,772,0.670138889
Uttar Pradesh,JHANSI,2014,Kharif,Moong(Green Gram),5880,1829,0.311054422
Uttar Pradesh,JHANSI,2014,Kharif,Rice,9590,17694,1.845046924
Uttar Pradesh,JHANSI,2014,Kharif,Sannhamp,1,1,1
Uttar Pradesh,JHANSI,2014,Kharif,Sesamum,83502,25218,0.302004742
Uttar Pradesh,JHANSI,2014,Kharif,Soyabean,1407,1009,0.717128643
Uttar Pradesh,JHANSI,2014,Kharif,Sugarcane,165,6671,40.43030303
Uttar Pradesh,JHANSI,2014,Kharif,Sweet potato,7,87,12.42857143
Uttar Pradesh,JHANSI,2014,Kharif,Urad,76089,23131,0.303999264
Uttar Pradesh,JHANSI,2014,Rabi,Barley,7560,8444,1.116931217
Uttar Pradesh,JHANSI,2014,Rabi,Coriander,4,2,0.5
Uttar Pradesh,JHANSI,2014,Rabi,Gram,50891,16634,0.326855436
Uttar Pradesh,JHANSI,2014,Rabi,Linseed,344,199,0.578488372
Uttar Pradesh,JHANSI,2014,Rabi,Masoor,12945,3819,0.295017381
Uttar Pradesh,JHANSI,2014,Rabi,Onion,29,444,15.31034483
Uttar Pradesh,JHANSI,2014,Rabi,Peas & beans (Pulses),94681,62395,0.659002334
Uttar Pradesh,JHANSI,2014,Rabi,Potato,446,10061,22.55829596
Uttar Pradesh,JHANSI,2014,Rabi,Rapeseed &Mustard,7966,2375,0.298142104
Uttar Pradesh,JHANSI,2014,Rabi,Turmeric,9,26,2.888888889
Uttar Pradesh,JHANSI,2014,Rabi,Wheat,155061,183641,1.18431456
Uttar Pradesh,JHANSI,2014,Summer,Moong(Green Gram),34,23,0.676470588
Uttar Pradesh,JHANSI,2014,Summer,Onion,19,287,15.10526316
Uttar Pradesh,JHANSI,2014,Summer,Rice,2,4,2
Uttar Pradesh,JHANSI,2014,Summer,Sunflower,148,253,1.709459459
Uttar Pradesh,JHANSI,2014,Summer,Urad,2,1,0.5
Uttar Pradesh,KANNAUJ,1997,Kharif,Arhar/Tur,3571,3669,1.027443293
Uttar Pradesh,KANNAUJ,1997,Kharif,Bajra,4782,7840,1.639481389
Uttar Pradesh,KANNAUJ,1997,Kharif,Groundnut,1475,1182,0.801355932
Uttar Pradesh,KANNAUJ,1997,Kharif,Jowar,2760,3299,1.195289855
Uttar Pradesh,KANNAUJ,1997,Kharif,Maize,48859,100014,2.046992366
Uttar Pradesh,KANNAUJ,1997,Kharif,Moong(Green Gram),57,25,0.438596491
Uttar Pradesh,KANNAUJ,1997,Kharif,Moth,1,1,1
Uttar Pradesh,KANNAUJ,1997,Kharif,Rice,15841,40925,2.583485891
Uttar Pradesh,KANNAUJ,1997,Kharif,Sesamum,1427,285,0.199719692
Uttar Pradesh,KANNAUJ,1997,Kharif,Urad,429,297,0.692307692
Uttar Pradesh,KANNAUJ,1997,Rabi,Barley,1989,4194,2.108597285
Uttar Pradesh,KANNAUJ,1997,Rabi,Gram,3378,4038,1.195381883
Uttar Pradesh,KANNAUJ,1997,Rabi,Masoor,111,83,0.747747748
Uttar Pradesh,KANNAUJ,1997,Rabi,Peas & beans (Pulses),2459,3811,1.549816999
Uttar Pradesh,KANNAUJ,1997,Rabi,Rapeseed &Mustard,14734,9594,0.651147007
Uttar Pradesh,KANNAUJ,1997,Rabi,Sunflower,5528,8371,1.514290883
Uttar Pradesh,KANNAUJ,1997,Rabi,Wheat,74492,228029,3.061120657
Uttar Pradesh,KANNAUJ,1997,Summer,Maize,33,52,1.575757576
Uttar Pradesh,KANNAUJ,1997,Summer,Moong(Green Gram),2168,1296,0.597785978
Uttar Pradesh,KANNAUJ,1997,Summer,Urad,1904,893,0.469012605
Uttar Pradesh,KANNAUJ,1997,Whole Year,Potato,29118,474158,16.28401676
Uttar Pradesh,KANNAUJ,1997,Whole Year,Sugarcane,570,32729,57.41929825
Uttar Pradesh,KANNAUJ,1998,Kharif,Arhar/Tur,3188,3485,1.093161857
Uttar Pradesh,KANNAUJ,1998,Kharif,Bajra,4486,5294,1.180115916
Uttar Pradesh,KANNAUJ,1998,Kharif,Groundnut,1191,987,0.828715365
Uttar Pradesh,KANNAUJ,1998,Kharif,Jowar,2945,2605,0.884550085
Uttar Pradesh,KANNAUJ,1998,Kharif,Maize,48917,81104,1.657992109
Uttar Pradesh,KANNAUJ,1998,Kharif,Moong(Green Gram),52,11,0.211538462
Uttar Pradesh,KANNAUJ,1998,Kharif,Moth,4,1,0.25
Uttar Pradesh,KANNAUJ,1998,Kharif,Rice,20370,41452,2.034953363
Uttar Pradesh,KANNAUJ,1998,Kharif,Sesamum,1141,90,0.078878177
Uttar Pradesh,KANNAUJ,1998,Kharif,Urad,400,280,0.7
Uttar Pradesh,KANNAUJ,1998,Rabi,Barley,1901,4784,2.516570226
Uttar Pradesh,KANNAUJ,1998,Rabi,Gram,2958,3726,1.259634888
Uttar Pradesh,KANNAUJ,1998,Rabi,Masoor,105,76,0.723809524
Uttar Pradesh,KANNAUJ,1998,Rabi,Peas & beans (Pulses),3212,5438,1.693026152
Uttar Pradesh,KANNAUJ,1998,Rabi,Rapeseed &Mustard,12848,14551,1.132549813
Uttar Pradesh,KANNAUJ,1998,Rabi,Sunflower,5999,7163,1.194032339
Uttar Pradesh,KANNAUJ,1998,Rabi,Wheat,74968,259444,3.460729911
Uttar Pradesh,KANNAUJ,1998,Summer,Maize,25,26,1.04
Uttar Pradesh,KANNAUJ,1998,Summer,Moong(Green Gram),1941,1617,0.833075734
Uttar Pradesh,KANNAUJ,1998,Summer,Urad,1864,817,0.438304721
Uttar Pradesh,KANNAUJ,1998,Whole Year,Onion,894,9810,10.97315436
Uttar Pradesh,KANNAUJ,1998,Whole Year,Potato,30261,823220,27.20399194
Uttar Pradesh,KANNAUJ,1998,Whole Year,Sannhamp,31,11,0.35483871
Uttar Pradesh,KANNAUJ,1998,Whole Year,Sugarcane,663,34525,52.07390649
Uttar Pradesh,KANNAUJ,1998,Whole Year,Tobacco,110,701,6.372727273
Uttar Pradesh,KANNAUJ,1998,Whole Year,Turmeric,4,8,2
Uttar Pradesh,KANNAUJ,1999,Kharif,Arhar/Tur,2856,3392,1.18767507
Uttar Pradesh,KANNAUJ,1999,Kharif,Bajra,4485,5443,1.213600892
Uttar Pradesh,KANNAUJ,1999,Kharif,Groundnut,689,803,1.165457184
Uttar Pradesh,KANNAUJ,1999,Kharif,Jowar,2219,2436,1.097791798
Uttar Pradesh,KANNAUJ,1999,Kharif,Maize,50140,112665,2.247008377
Uttar Pradesh,KANNAUJ,1999,Kharif,Moong(Green Gram),47,13,0.276595745
Uttar Pradesh,KANNAUJ,1999,Kharif,Rice,23585,49882,2.11498834
Uttar Pradesh,KANNAUJ,1999,Kharif,Sunflower,4210,6100,1.448931116
Uttar Pradesh,KANNAUJ,1999,Kharif,Urad,325,271,0.833846154
Uttar Pradesh,KANNAUJ,1999,Rabi,Barley,1557,4031,2.588953115
Uttar Pradesh,KANNAUJ,1999,Rabi,Gram,2438,3161,1.296554553
Uttar Pradesh,KANNAUJ,1999,Rabi,Maize,36,52,1.444444444
Uttar Pradesh,KANNAUJ,1999,Rabi,Rapeseed &Mustard,11880,14058,1.183333333
Uttar Pradesh,KANNAUJ,1999,Rabi,Wheat,76983,262872,3.414675967
Uttar Pradesh,KANNAUJ,1999,Summer,Moong(Green Gram),2052,1045,0.509259259
Uttar Pradesh,KANNAUJ,1999,Summer,Rice,2,4,2
Uttar Pradesh,KANNAUJ,1999,Summer,Urad,2033,1145,0.563207083
Uttar Pradesh,KANNAUJ,1999,Whole Year,Moth,4,2,0.5
Uttar Pradesh,KANNAUJ,1999,Whole Year,Onion,945,13547,14.33544974
Uttar Pradesh,KANNAUJ,1999,Whole Year,Peas & beans (Pulses),2427,4803,1.978986403
Uttar Pradesh,KANNAUJ,1999,Whole Year,Potato,33384,808160,24.20800383
Uttar Pradesh,KANNAUJ,1999,Whole Year,Sugarcane,592,26611,44.95101351
Uttar Pradesh,KANNAUJ,1999,Whole Year,Tobacco,52,315,6.057692308
Uttar Pradesh,KANNAUJ,2000,Kharif,Arhar/Tur,2717,3100,1.140964299
Uttar Pradesh,KANNAUJ,2000,Kharif,Bajra,4101,5091,1.241404535
Uttar Pradesh,KANNAUJ,2000,Kharif,Groundnut,716,924,1.290502793
Uttar Pradesh,KANNAUJ,2000,Kharif,Jowar,1833,2492,1.359519913
Uttar Pradesh,KANNAUJ,2000,Kharif,Jute,7,6,0.857142857
Uttar Pradesh,KANNAUJ,2000,Kharif,Maize,48898,119702,2.447993783
Uttar Pradesh,KANNAUJ,2000,Kharif,Moong(Green Gram),46,14,0.304347826
Uttar Pradesh,KANNAUJ,2000,Kharif,Rice,20703,33539,1.620006762
Uttar Pradesh,KANNAUJ,2000,Kharif,Sesamum,1405,301,0.214234875
Uttar Pradesh,KANNAUJ,2000,Kharif,Small millets,112,164,1.464285714
Uttar Pradesh,KANNAUJ,2000,Kharif,Soyabean,18,11,0.611111111
Uttar Pradesh,KANNAUJ,2000,Kharif,Urad,302,167,0.552980132
Uttar Pradesh,KANNAUJ,2000,Rabi,Barley,1695,3727,2.198820059
Uttar Pradesh,KANNAUJ,2000,Rabi,Gram,2177,2787,1.280202113
Uttar Pradesh,KANNAUJ,2000,Rabi,Maize,75,122,1.626666667
Uttar Pradesh,KANNAUJ,2000,Rabi,Masoor,113,71,0.628318584
Uttar Pradesh,KANNAUJ,2000,Rabi,Moong(Green Gram),1819,977,0.537108301
Uttar Pradesh,KANNAUJ,2000,Rabi,Peas & beans (Pulses),2196,3887,1.77003643
Uttar Pradesh,KANNAUJ,2000,Rabi,Rapeseed &Mustard,11565,15737,1.360743623
Uttar Pradesh,KANNAUJ,2000,Rabi,Urad,1931,962,0.498187468
Uttar Pradesh,KANNAUJ,2000,Rabi,Wheat,78524,279793,3.563152667
Uttar Pradesh,KANNAUJ,2000,Whole Year,Potato,32479,807850,24.87299486
Uttar Pradesh,KANNAUJ,2000,Whole Year,Sugarcane,474,24351,51.37341772
Uttar Pradesh,KANNAUJ,2001,Kharif,Arhar/Tur,3101,3812,1.229280877
Uttar Pradesh,KANNAUJ,2001,Kharif,Bajra,3684,3900,1.058631922
Uttar Pradesh,KANNAUJ,2001,Kharif,Cotton(lint),8,12,1.5
Uttar Pradesh,KANNAUJ,2001,Kharif,Groundnut,928,779,0.839439655
Uttar Pradesh,KANNAUJ,2001,Kharif,Jowar,1882,1758,0.934112646
Uttar Pradesh,KANNAUJ,2001,Kharif,Maize,52740,103107,1.955005688
Uttar Pradesh,KANNAUJ,2001,Kharif,Moong(Green Gram),85,23,0.270588235
Uttar Pradesh,KANNAUJ,2001,Kharif,Moth,1,0.1,0.1
Uttar Pradesh,KANNAUJ,2001,Kharif,Rice,22922,45047,1.96522991
Uttar Pradesh,KANNAUJ,2001,Kharif,Sesamum,1463,240,0.16404648
Uttar Pradesh,KANNAUJ,2001,Kharif,Sunflower,507,649,1.280078895
Uttar Pradesh,KANNAUJ,2001,Kharif,Urad,363,181,0.49862259
Uttar Pradesh,KANNAUJ,2001,Rabi,Barley,1754,4161,2.372291904
Uttar Pradesh,KANNAUJ,2001,Rabi,Gram,2360,2877,1.219067797
Uttar Pradesh,KANNAUJ,2001,Rabi,Maize,102,166,1.62745098
Uttar Pradesh,KANNAUJ,2001,Rabi,Masoor,94,75,0.79787234
Uttar Pradesh,KANNAUJ,2001,Rabi,Moong(Green Gram),1501,818,0.54497002
Uttar Pradesh,KANNAUJ,2001,Rabi,Peas & beans (Pulses),2489,4138,1.662515066
Uttar Pradesh,KANNAUJ,2001,Rabi,Rapeseed &Mustard,11884,13826,1.163412992
Uttar Pradesh,KANNAUJ,2001,Rabi,Urad,1907,1198,0.628211851
Uttar Pradesh,KANNAUJ,2001,Rabi,Wheat,76950,235689,3.06288499
Uttar Pradesh,KANNAUJ,2001,Whole Year,Potato,33061,886365,26.8099876
Uttar Pradesh,KANNAUJ,2001,Whole Year,Sugarcane,539,28780,53.39517625
Uttar Pradesh,KANNAUJ,2001,Whole Year,Tobacco,8,52,6.5
Uttar Pradesh,KANNAUJ,2001,Whole Year,Turmeric,1,2,2
Uttar Pradesh,KANNAUJ,2002,Kharif,Bajra,3533,4026,1.139541466
Uttar Pradesh,KANNAUJ,2002,Kharif,Groundnut,834,547,0.6558753
Uttar Pradesh,KANNAUJ,2002,Kharif,Jowar,1319,1440,1.091736164
Uttar Pradesh,KANNAUJ,2002,Kharif,Maize,44726,61767,1.381008809
Uttar Pradesh,KANNAUJ,2002,Kharif,Moong(Green Gram),70,47,0.671428571
Uttar Pradesh,KANNAUJ,2002,Kharif,Rice,16078,34519,2.146971016
Uttar Pradesh,KANNAUJ,2002,Kharif,Sesamum,1270,204,0.160629921
Uttar Pradesh,KANNAUJ,2002,Kharif,Sunflower,2734,3497,1.279078274
Uttar Pradesh,KANNAUJ,2002,Kharif,Urad,273,181,0.663003663
Uttar Pradesh,KANNAUJ,2002,Rabi,Barley,1552,4652,2.99742268
Uttar Pradesh,KANNAUJ,2002,Rabi,Gram,1848,2319,1.25487013
Uttar Pradesh,KANNAUJ,2002,Rabi,Maize,43,48,1.11627907
Uttar Pradesh,KANNAUJ,2002,Rabi,Masoor,119,91,0.764705882
Uttar Pradesh,KANNAUJ,2002,Rabi,Onion,335,3457,10.31940299
Uttar Pradesh,KANNAUJ,2002,Rabi,Peas & beans (Pulses),1852,3098,1.672786177
Uttar Pradesh,KANNAUJ,2002,Rabi,Rapeseed &Mustard,10243,11465,1.119300986
Uttar Pradesh,KANNAUJ,2002,Rabi,Wheat,73959,206337,2.789883584
Uttar Pradesh,KANNAUJ,2002,Summer,Moong(Green Gram),1356,1207,0.890117994
Uttar Pradesh,KANNAUJ,2002,Summer,Onion,771,8620,11.18028534
Uttar Pradesh,KANNAUJ,2002,Summer,Urad,1680,1411,0.839880952
Uttar Pradesh,KANNAUJ,2002,Whole Year,Potato,36615,807251,22.04700259
Uttar Pradesh,KANNAUJ,2002,Whole Year,Sannhamp,45,14,0.311111111
Uttar Pradesh,KANNAUJ,2002,Whole Year,Sugarcane,404,19939,49.3539604
Uttar Pradesh,KANNAUJ,2002,Whole Year,Tobacco,16,95,5.9375
Uttar Pradesh,KANNAUJ,2002,Whole Year,Turmeric,4,7,1.75
Uttar Pradesh,KANNAUJ,2003,Kharif,Arhar/Tur,2386,2358,0.988264878
Uttar Pradesh,KANNAUJ,2003,Kharif,Bajra,3283,2083,0.634480658
Uttar Pradesh,KANNAUJ,2003,Kharif,Groundnut,801,535,0.667915106
Uttar Pradesh,KANNAUJ,2003,Kharif,Jowar,1311,1187,0.905415713
Uttar Pradesh,KANNAUJ,2003,Kharif,Maize,47808,61959,1.295996486
Uttar Pradesh,KANNAUJ,2003,Kharif,Moong(Green Gram),71,17,0.23943662
Uttar Pradesh,KANNAUJ,2003,Kharif,Moth,4,2,0.5
Uttar Pradesh,KANNAUJ,2003,Kharif,Rice,19017,36763,1.933165063
Uttar Pradesh,KANNAUJ,2003,Kharif,Sesamum,1318,171,0.129742033
Uttar Pradesh,KANNAUJ,2003,Kharif,Soyabean,1,1,1
Uttar Pradesh,KANNAUJ,2003,Kharif,Sunflower,3848,6372,1.655925156
Uttar Pradesh,KANNAUJ,2003,Kharif,Urad,351,204,0.581196581
Uttar Pradesh,KANNAUJ,2003,Rabi,Barley,1526,3788,2.482306684
Uttar Pradesh,KANNAUJ,2003,Rabi,Gram,1895,2393,1.262796834
Uttar Pradesh,KANNAUJ,2003,Rabi,Masoor,135,121,0.896296296
Uttar Pradesh,KANNAUJ,2003,Rabi,Onion,409,5870,14.35207824
Uttar Pradesh,KANNAUJ,2003,Rabi,Peas & beans (Pulses),1709,3220,1.884142774
Uttar Pradesh,KANNAUJ,2003,Rabi,Rapeseed &Mustard,10060,10539,1.047614314
Uttar Pradesh,KANNAUJ,2003,Rabi,Wheat,75218,245740,3.267037145
Uttar Pradesh,KANNAUJ,2003,Summer,Maize,29,40,1.379310345
Uttar Pradesh,KANNAUJ,2003,Summer,Moong(Green Gram),1362,808,0.593245228
Uttar Pradesh,KANNAUJ,2003,Summer,Onion,664,6761,10.18222892
Uttar Pradesh,KANNAUJ,2003,Summer,Urad,1599,1403,0.87742339
Uttar Pradesh,KANNAUJ,2003,Whole Year,Potato,36571,791067,21.63099177
Uttar Pradesh,KANNAUJ,2003,Whole Year,Sannhamp,29,9,0.310344828
Uttar Pradesh,KANNAUJ,2003,Whole Year,Sugarcane,348,16452,47.27586207
Uttar Pradesh,KANNAUJ,2003,Whole Year,Tobacco,3,21,7
Uttar Pradesh,KANNAUJ,2003,Whole Year,Turmeric,1,2,2
Uttar Pradesh,KANNAUJ,2004,Kharif,Bajra,2932,1832,0.624829468
Uttar Pradesh,KANNAUJ,2004,Kharif,Cotton(lint),2,,
Uttar Pradesh,KANNAUJ,2004,Kharif,Groundnut,858,706,0.822843823
Uttar Pradesh,KANNAUJ,2004,Kharif,Jowar,1440,1068,0.741666667
Uttar Pradesh,KANNAUJ,2004,Kharif,Maize,47866,86542,1.808005683
Uttar Pradesh,KANNAUJ,2004,Kharif,Rice,18978,45665,2.406207187
Uttar Pradesh,KANNAUJ,2004,Kharif,Sannhamp,44,12,0.272727273
Uttar Pradesh,KANNAUJ,2004,Kharif,Sesamum,1523,244,0.160210112
Uttar Pradesh,KANNAUJ,2004,Kharif,Sugarcane,358,19139,53.46089385
Uttar Pradesh,KANNAUJ,2004,Rabi,Barley,1529,2952,1.930673643
Uttar Pradesh,KANNAUJ,2004,Rabi,Gram,1895,2145,1.131926121
Uttar Pradesh,KANNAUJ,2004,Rabi,Potato,35899,758941,21.14100671
Uttar Pradesh,KANNAUJ,2004,Rabi,Rapeseed &Mustard,9830,10474,1.065513733
Uttar Pradesh,KANNAUJ,2004,Rabi,Wheat,72942,227285,3.115968852
Uttar Pradesh,KANNAUJ,2004,Summer,Sunflower,4131,8469,2.050108932
Uttar Pradesh,KANNAUJ,2004,Whole Year,Dry chillies,260,244,0.938461538
Uttar Pradesh,KANNAUJ,2004,Whole Year,Garlic,133,576,4.330827068
Uttar Pradesh,KANNAUJ,2004,Whole Year,Onion,955,10981,11.49842932
Uttar Pradesh,KANNAUJ,2004,Whole Year,Sweet potato,487,5660,11.62217659
Uttar Pradesh,KANNAUJ,2004,Whole Year,Tobacco,5,22,4.4
Uttar Pradesh,KANNAUJ,2005,Kharif,Bajra,3634,5679,1.562740782
Uttar Pradesh,KANNAUJ,2005,Kharif,Jowar,167,190,1.137724551
Uttar Pradesh,KANNAUJ,2005,Kharif,Maize,48104,68837,1.431003659
Uttar Pradesh,KANNAUJ,2005,Kharif,Rice,19679,49965,2.539000965
Uttar Pradesh,KANNAUJ,2005,Kharif,Sannhamp,35,12,0.342857143
Uttar Pradesh,KANNAUJ,2005,Kharif,Sesamum,1318,235,0.178300455
Uttar Pradesh,KANNAUJ,2005,Kharif,Sugarcane,355,16506,46.49577465
Uttar Pradesh,KANNAUJ,2005,Rabi,Barley,1510,3586,2.374834437
Uttar Pradesh,KANNAUJ,2005,Rabi,Gram,2273,3141,1.381874175
Uttar Pradesh,KANNAUJ,2005,Rabi,Potato,37507,676401,18.03399365
Uttar Pradesh,KANNAUJ,2005,Rabi,Rapeseed &Mustard,11320,15682,1.385335689
Uttar Pradesh,KANNAUJ,2005,Rabi,Turmeric,2,9,4.5
Uttar Pradesh,KANNAUJ,2005,Rabi,Wheat,75236,251799,3.346788771
Uttar Pradesh,KANNAUJ,2005,Summer,Sunflower,4300,5229,1.216046512
Uttar Pradesh,KANNAUJ,2005,Whole Year,Coriander,66,38,0.575757576
Uttar Pradesh,KANNAUJ,2005,Whole Year,Dry chillies,219,200,0.913242009
Uttar Pradesh,KANNAUJ,2005,Whole Year,Garlic,1851,8065,4.357104268
Uttar Pradesh,KANNAUJ,2005,Whole Year,Onion,1300,16748,12.88307692
Uttar Pradesh,KANNAUJ,2005,Whole Year,Sweet potato,558,7299,13.08064516
Uttar Pradesh,KANNAUJ,2005,Whole Year,Tobacco,30,139,4.633333333
Uttar Pradesh,KANNAUJ,2006,Kharif,Arhar/Tur,2296,1574,0.68554007
Uttar Pradesh,KANNAUJ,2006,Kharif,Bajra,2474,4084,1.650767987
Uttar Pradesh,KANNAUJ,2006,Kharif,Groundnut,1129,816,0.722763508
Uttar Pradesh,KANNAUJ,2006,Kharif,Jowar,2008,2086,1.038844622
Uttar Pradesh,KANNAUJ,2006,Kharif,Maize,49512,77932,1.574002262
Uttar Pradesh,KANNAUJ,2006,Kharif,Other Kharif pulses,3595,2110,0.586926287
Uttar Pradesh,KANNAUJ,2006,Kharif,Rice,17211,41289,2.398989019
Uttar Pradesh,KANNAUJ,2006,Kharif,Sannhamp,37,10,0.27027027
Uttar Pradesh,KANNAUJ,2006,Kharif,Sesamum,1488,250,0.168010753
Uttar Pradesh,KANNAUJ,2006,Kharif,Sugarcane,358,20322,56.76536313
Uttar Pradesh,KANNAUJ,2006,Kharif,Sweet potato,411,5610,13.64963504
Uttar Pradesh,KANNAUJ,2006,Rabi,Barley,1498,3707,2.474632844
Uttar Pradesh,KANNAUJ,2006,Rabi,Garlic,1248,5487,4.396634615
Uttar Pradesh,KANNAUJ,2006,Rabi,Gram,2005,2331,1.162593516
Uttar Pradesh,KANNAUJ,2006,Rabi,Masoor,77,94,1.220779221
Uttar Pradesh,KANNAUJ,2006,Rabi,Onion,293,5620,19.18088737
Uttar Pradesh,KANNAUJ,2006,Rabi,Other  Rabi pulses,1572,2732,1.737913486
Uttar Pradesh,KANNAUJ,2006,Rabi,Potato,37857,957555,25.29400111
Uttar Pradesh,KANNAUJ,2006,Rabi,Rapeseed &Mustard,9780,12009,1.22791411
Uttar Pradesh,KANNAUJ,2006,Rabi,Tobacco,5,27,5.4
Uttar Pradesh,KANNAUJ,2006,Rabi,Wheat,74147,258686,3.488826251
Uttar Pradesh,KANNAUJ,2006,Summer,Maize,71,94,1.323943662
Uttar Pradesh,KANNAUJ,2006,Summer,Onion,477,5554,11.64360587
Uttar Pradesh,KANNAUJ,2006,Summer,Sunflower,5118,6980,1.36381399
Uttar Pradesh,KANNAUJ,2006,Whole Year,Coriander,29,15,0.517241379
Uttar Pradesh,KANNAUJ,2006,Whole Year,Dry chillies,269,255,0.94795539
Uttar Pradesh,KANNAUJ,2006,Whole Year,Guar seed,4,3,0.75
Uttar Pradesh,KANNAUJ,2007,Kharif,Arhar/Tur,1959,2018,1.030117407
Uttar Pradesh,KANNAUJ,2007,Kharif,Bajra,3389,6212,1.832989082
Uttar Pradesh,KANNAUJ,2007,Kharif,Dry chillies,228,220,0.964912281
Uttar Pradesh,KANNAUJ,2007,Kharif,Groundnut,1366,817,0.598096633
Uttar Pradesh,KANNAUJ,2007,Kharif,Guar seed,5,4,0.8
Uttar Pradesh,KANNAUJ,2007,Kharif,Jowar,1169,1040,0.889649273
Uttar Pradesh,KANNAUJ,2007,Kharif,Maize,48518,93058,1.918009811
Uttar Pradesh,KANNAUJ,2007,Kharif,Moong(Green Gram),46,9,0.195652174
Uttar Pradesh,KANNAUJ,2007,Kharif,Rice,16925,44682,2.64
Uttar Pradesh,KANNAUJ,2007,Kharif,Sesamum,1306,201,0.153905054
Uttar Pradesh,KANNAUJ,2007,Kharif,Sugarcane,399,20206,50.64160401
Uttar Pradesh,KANNAUJ,2007,Kharif,Sweet potato,426,5736,13.46478873
Uttar Pradesh,KANNAUJ,2007,Kharif,Urad,399,167,0.418546366
Uttar Pradesh,KANNAUJ,2007,Rabi,Barley,1427,3326,2.33076384
Uttar Pradesh,KANNAUJ,2007,Rabi,Coriander,57,33,0.578947368
Uttar Pradesh,KANNAUJ,2007,Rabi,Gram,1809,2190,1.210613599
Uttar Pradesh,KANNAUJ,2007,Rabi,Masoor,244,148,0.606557377
Uttar Pradesh,KANNAUJ,2007,Rabi,Onion,384,5366,13.97395833
Uttar Pradesh,KANNAUJ,2007,Rabi,Other  Rabi pulses,6603,12097,1.83204604
Uttar Pradesh,KANNAUJ,2007,Rabi,Potato,36889,750765,20.35200195
Uttar Pradesh,KANNAUJ,2007,Rabi,Rapeseed &Mustard,9560,12339,1.290690377
Uttar Pradesh,KANNAUJ,2007,Rabi,Turmeric,5,15,3
Uttar Pradesh,KANNAUJ,2007,Rabi,Wheat,73305,255343,3.483295819
Uttar Pradesh,KANNAUJ,2007,Summer,Maize,108,155,1.435185185
Uttar Pradesh,KANNAUJ,2007,Summer,Moong(Green Gram),1260,841,0.667460317
Uttar Pradesh,KANNAUJ,2007,Summer,Onion,619,7859,12.69628433
Uttar Pradesh,KANNAUJ,2007,Summer,Sunflower,3684,4413,1.197882736
Uttar Pradesh,KANNAUJ,2007,Summer,Urad,1859,1214,0.653039268
Uttar Pradesh,KANNAUJ,2008,Kharif,Arhar/Tur,1577,2047,1.298034242
Uttar Pradesh,KANNAUJ,2008,Kharif,Bajra,2621,5749,2.193437619
Uttar Pradesh,KANNAUJ,2008,Kharif,Dry chillies,178,177,0.994382022
Uttar Pradesh,KANNAUJ,2008,Kharif,Groundnut,1514,1081,0.714002642
Uttar Pradesh,KANNAUJ,2008,Kharif,Guar seed,2,1,0.5
Uttar Pradesh,KANNAUJ,2008,Kharif,Jowar,693,885,1.277056277
Uttar Pradesh,KANNAUJ,2008,Kharif,Maize,48856,88185,1.804998363
Uttar Pradesh,KANNAUJ,2008,Kharif,Moong(Green Gram),87,32,0.367816092
Uttar Pradesh,KANNAUJ,2008,Kharif,Rice,19972,54384,2.723012217
Uttar Pradesh,KANNAUJ,2008,Kharif,Sannhamp,53,17,0.320754717
Uttar Pradesh,KANNAUJ,2008,Kharif,Sesamum,1394,230,0.164992826
Uttar Pradesh,KANNAUJ,2008,Kharif,Sugarcane,94,4203,44.71276596
Uttar Pradesh,KANNAUJ,2008,Kharif,Sweet potato,392,4814,12.28061224
Uttar Pradesh,KANNAUJ,2008,Kharif,Urad,349,174,0.498567335
Uttar Pradesh,KANNAUJ,2008,Rabi,Barley,1150,2712,2.35826087
Uttar Pradesh,KANNAUJ,2008,Rabi,Coriander,48,29,0.604166667
Uttar Pradesh,KANNAUJ,2008,Rabi,Garlic,1916,11285,5.889874739
Uttar Pradesh,KANNAUJ,2008,Rabi,Gram,1119,1703,1.521894549
Uttar Pradesh,KANNAUJ,2008,Rabi,Masoor,121,107,0.884297521
Uttar Pradesh,KANNAUJ,2008,Rabi,Onion,281,3294,11.72241993
Uttar Pradesh,KANNAUJ,2008,Rabi,Peas & beans (Pulses),1045,1769,1.692822967
Uttar Pradesh,KANNAUJ,2008,Rabi,Potato,40893,880508,21.53199814
Uttar Pradesh,KANNAUJ,2008,Rabi,Rapeseed &Mustard,10599,14886,1.40447212
Uttar Pradesh,KANNAUJ,2008,Rabi,Wheat,75066,268557,3.577611702
Uttar Pradesh,KANNAUJ,2008,Summer,Maize,118,177,1.5
Uttar Pradesh,KANNAUJ,2008,Summer,Moong(Green Gram),1253,996,0.794892259
Uttar Pradesh,KANNAUJ,2008,Summer,Sunflower,3083,4051,1.31397989
Uttar Pradesh,KANNAUJ,2008,Summer,Tobacco,6,14,2.333333333
Uttar Pradesh,KANNAUJ,2008,Summer,Urad,1423,1390,0.976809557
Uttar Pradesh,KANNAUJ,2009,Kharif,Arhar/Tur,1466,1165,0.7946794
Uttar Pradesh,KANNAUJ,2009,Kharif,Bajra,1973,3952,2.003041054
Uttar Pradesh,KANNAUJ,2009,Kharif,Dry chillies,227,200,0.881057269
Uttar Pradesh,KANNAUJ,2009,Kharif,Groundnut,1597,1076,0.673763306
Uttar Pradesh,KANNAUJ,2009,Kharif,Guar seed,2,2,1
Uttar Pradesh,KANNAUJ,2009,Kharif,Jowar,623,667,1.070626003
Uttar Pradesh,KANNAUJ,2009,Kharif,Maize,37164,54148,1.457001399
Uttar Pradesh,KANNAUJ,2009,Kharif,Moong(Green Gram),46,7,0.152173913
Uttar Pradesh,KANNAUJ,2009,Kharif,Rice,13821,36764,2.66001013
Uttar Pradesh,KANNAUJ,2009,Kharif,Sannhamp,50,9,0.18
Uttar Pradesh,KANNAUJ,2009,Kharif,Sesamum,1850,193,0.104324324
Uttar Pradesh,KANNAUJ,2009,Kharif,Sugarcane,163,8372,51.36196319
Uttar Pradesh,KANNAUJ,2009,Kharif,Sweet potato,455,6188,13.6
Uttar Pradesh,KANNAUJ,2009,Kharif,Urad,228,105,0.460526316
Uttar Pradesh,KANNAUJ,2009,Rabi,Barley,1043,2099,2.012464046
Uttar Pradesh,KANNAUJ,2009,Rabi,Coriander,43,24,0.558139535
Uttar Pradesh,KANNAUJ,2009,Rabi,Garlic,1617,8592,5.313543599
Uttar Pradesh,KANNAUJ,2009,Rabi,Gram,996,1212,1.21686747
Uttar Pradesh,KANNAUJ,2009,Rabi,Maize,4,12,3
Uttar Pradesh,KANNAUJ,2009,Rabi,Masoor,134,108,0.805970149
Uttar Pradesh,KANNAUJ,2009,Rabi,Onion,303,5204,17.17491749
Uttar Pradesh,KANNAUJ,2009,Rabi,Peas & beans (Pulses),832,1156,1.389423077
Uttar Pradesh,KANNAUJ,2009,Rabi,Potato,44727,1060746,23.71601046
Uttar Pradesh,KANNAUJ,2009,Rabi,Rapeseed &Mustard,8340,10963,1.314508393
Uttar Pradesh,KANNAUJ,2009,Rabi,Tobacco,19,93,4.894736842
Uttar Pradesh,KANNAUJ,2009,Rabi,Turmeric,3,10,3.333333333
Uttar Pradesh,KANNAUJ,2009,Rabi,Wheat,72427,250571,3.459635219
Uttar Pradesh,KANNAUJ,2009,Summer,Banana,2,83,41.5
Uttar Pradesh,KANNAUJ,2009,Summer,Maize,1701,2475,1.455026455
Uttar Pradesh,KANNAUJ,2009,Summer,Moong(Green Gram),1197,1021,0.852965748
Uttar Pradesh,KANNAUJ,2009,Summer,Onion,822,13316,16.19951338
Uttar Pradesh,KANNAUJ,2009,Summer,Sunflower,1429,2071,1.44926522
Uttar Pradesh,KANNAUJ,2009,Summer,Tobacco,2,9,4.5
Uttar Pradesh,KANNAUJ,2009,Summer,Urad,1445,1156,0.8
Uttar Pradesh,KANNAUJ,2010,Kharif,Arhar/Tur,1776,1665,0.9375
Uttar Pradesh,KANNAUJ,2010,Kharif,Bajra,2821,5660,2.006380716
Uttar Pradesh,KANNAUJ,2010,Kharif,Dry chillies,72,63,0.875
Uttar Pradesh,KANNAUJ,2010,Kharif,Groundnut,1775,1753,0.987605634
Uttar Pradesh,KANNAUJ,2010,Kharif,Guar seed,3,3,1
Uttar Pradesh,KANNAUJ,2010,Kharif,Jowar,935,1096,1.172192513
Uttar Pradesh,KANNAUJ,2010,Kharif,Maize,37712,77574,2.057011031
Uttar Pradesh,KANNAUJ,2010,Kharif,Moong(Green Gram),78,37,0.474358974
Uttar Pradesh,KANNAUJ,2010,Kharif,Rice,15388,42933,2.790031193
Uttar Pradesh,KANNAUJ,2010,Kharif,Sannhamp,6,2,0.333333333
Uttar Pradesh,KANNAUJ,2010,Kharif,Sesamum,2330,459,0.196995708
Uttar Pradesh,KANNAUJ,2010,Kharif,Sugarcane,197,10530,53.45177665
Uttar Pradesh,KANNAUJ,2010,Kharif,Sweet potato,201,2475,12.31343284
Uttar Pradesh,KANNAUJ,2010,Kharif,Urad,329,236,0.717325228
Uttar Pradesh,KANNAUJ,2010,Rabi,Barley,975,2854,2.927179487
Uttar Pradesh,KANNAUJ,2010,Rabi,Gram,908,1384,1.524229075
Uttar Pradesh,KANNAUJ,2010,Rabi,Masoor,146,165,1.130136986
Uttar Pradesh,KANNAUJ,2010,Rabi,Onion,496,9130,18.40725806
Uttar Pradesh,KANNAUJ,2010,Rabi,Peas & beans (Pulses),994,1453,1.461770624
Uttar Pradesh,KANNAUJ,2010,Rabi,Potato,44810,1052766,23.49399688
Uttar Pradesh,KANNAUJ,2010,Rabi,Rapeseed &Mustard,8086,10892,1.34701954
Uttar Pradesh,KANNAUJ,2010,Rabi,Tobacco,20,102,5.1
Uttar Pradesh,KANNAUJ,2010,Rabi,Wheat,73545,262612,3.570766198
Uttar Pradesh,KANNAUJ,2010,Summer,Maize,2637,3866,1.466059917
Uttar Pradesh,KANNAUJ,2010,Summer,Moong(Green Gram),1218,978,0.802955665
Uttar Pradesh,KANNAUJ,2010,Summer,Sunflower,672,919,1.367559524
Uttar Pradesh,KANNAUJ,2010,Summer,Urad,1476,1523,1.031842818
Uttar Pradesh,KANNAUJ,2011,Kharif,Arhar/Tur,1669,2236,1.339724386
Uttar Pradesh,KANNAUJ,2011,Kharif,Bajra,2211,3959,1.790592492
Uttar Pradesh,KANNAUJ,2011,Kharif,Dry chillies,206,171,0.830097087
Uttar Pradesh,KANNAUJ,2011,Kharif,Groundnut,2167,2170,1.001384402
Uttar Pradesh,KANNAUJ,2011,Kharif,Guar seed,3,3,1
Uttar Pradesh,KANNAUJ,2011,Kharif,Jowar,741,911,1.229419703
Uttar Pradesh,KANNAUJ,2011,Kharif,Maize,41368,97628,2.359988397
Uttar Pradesh,KANNAUJ,2011,Kharif,Moong(Green Gram),94,40,0.425531915
Uttar Pradesh,KANNAUJ,2011,Kharif,Rice,16289,45577,2.798023206
Uttar Pradesh,KANNAUJ,2011,Kharif,Sannhamp,28,8,0.285714286
Uttar Pradesh,KANNAUJ,2011,Kharif,Sesamum,1986,508,0.255790534
Uttar Pradesh,KANNAUJ,2011,Kharif,Sugarcane,226,13101,57.96902655
Uttar Pradesh,KANNAUJ,2011,Kharif,Sweet potato,471,6120,12.99363057
Uttar Pradesh,KANNAUJ,2011,Kharif,Urad,349,242,0.693409742
Uttar Pradesh,KANNAUJ,2011,Rabi,Barley,1030,3301,3.204854369
Uttar Pradesh,KANNAUJ,2011,Rabi,Coriander,45,25,0.555555556
Uttar Pradesh,KANNAUJ,2011,Rabi,Garlic,2019,10434,5.167904903
Uttar Pradesh,KANNAUJ,2011,Rabi,Gram,1096,1686,1.538321168
Uttar Pradesh,KANNAUJ,2011,Rabi,Maize,16,38,2.375
Uttar Pradesh,KANNAUJ,2011,Rabi,Masoor,134,115,0.858208955
Uttar Pradesh,KANNAUJ,2011,Rabi,Onion,353,8075,22.87535411
Uttar Pradesh,KANNAUJ,2011,Rabi,Peas & beans (Pulses),948,1455,1.534810127
Uttar Pradesh,KANNAUJ,2011,Rabi,Potato,43789,880071,20.09799265
Uttar Pradesh,KANNAUJ,2011,Rabi,Rapeseed &Mustard,8350,11051,1.323473054
Uttar Pradesh,KANNAUJ,2011,Rabi,Tobacco,20,88,4.4
Uttar Pradesh,KANNAUJ,2011,Rabi,Turmeric,4,11,2.75
Uttar Pradesh,KANNAUJ,2011,Rabi,Wheat,74109,277001,3.73775115
Uttar Pradesh,KANNAUJ,2011,Summer,Maize,3176,5250,1.65302267
Uttar Pradesh,KANNAUJ,2011,Summer,Moong(Green Gram),813,455,0.559655597
Uttar Pradesh,KANNAUJ,2011,Summer,Onion,772,8749,11.33290155
Uttar Pradesh,KANNAUJ,2011,Summer,Sunflower,553,943,1.705244123
Uttar Pradesh,KANNAUJ,2011,Summer,Urad,1111,944,0.849684968
Uttar Pradesh,KANNAUJ,2012,Kharif,Arhar/Tur,1787,2075,1.161163962
Uttar Pradesh,KANNAUJ,2012,Kharif,Bajra,2572,5879,2.285769829
Uttar Pradesh,KANNAUJ,2012,Kharif,Dry chillies,140,112,0.8
Uttar Pradesh,KANNAUJ,2012,Kharif,Groundnut,2434,2417,0.993015612
Uttar Pradesh,KANNAUJ,2012,Kharif,Guar seed,3,2,0.666666667
Uttar Pradesh,KANNAUJ,2012,Kharif,Jowar,836,1149,1.374401914
Uttar Pradesh,KANNAUJ,2012,Kharif,Maize,42936,92656,2.158002609
Uttar Pradesh,KANNAUJ,2012,Kharif,Moong(Green Gram),107,54,0.504672897
Uttar Pradesh,KANNAUJ,2012,Kharif,Rice,17275,52257,3.025007236
Uttar Pradesh,KANNAUJ,2012,Kharif,Sannhamp,26,10,0.384615385
Uttar Pradesh,KANNAUJ,2012,Kharif,Sesamum,2454,491,0.2000815
Uttar Pradesh,KANNAUJ,2012,Kharif,Sugarcane,215,13051,60.70232558
Uttar Pradesh,KANNAUJ,2012,Kharif,Sweet potato,487,6305,12.94661191
Uttar Pradesh,KANNAUJ,2012,Kharif,Urad,328,227,0.692073171
Uttar Pradesh,KANNAUJ,2012,Rabi,Barley,917,2864,3.123227917
Uttar Pradesh,KANNAUJ,2012,Rabi,Coriander,45,24,0.533333333
Uttar Pradesh,KANNAUJ,2012,Rabi,Garlic,2101,10913,5.194193241
Uttar Pradesh,KANNAUJ,2012,Rabi,Gram,992,1352,1.362903226
Uttar Pradesh,KANNAUJ,2012,Rabi,Maize,39,122,3.128205128
Uttar Pradesh,KANNAUJ,2012,Rabi,Masoor,186,227,1.220430108
Uttar Pradesh,KANNAUJ,2012,Rabi,Onion,433,9960,23.00230947
Uttar Pradesh,KANNAUJ,2012,Rabi,Peas & beans (Pulses),913,1469,1.60898138
Uttar Pradesh,KANNAUJ,2012,Rabi,Potato,43644,1374175,31.48600037
Uttar Pradesh,KANNAUJ,2012,Rabi,Rapeseed &Mustard,7966,11300,1.418528747
Uttar Pradesh,KANNAUJ,2012,Rabi,Tobacco,19,103,5.421052632
Uttar Pradesh,KANNAUJ,2012,Rabi,Wheat,70105,268920,3.835960345
Uttar Pradesh,KANNAUJ,2012,Summer,Maize,2166,4001,1.847183749
Uttar Pradesh,KANNAUJ,2012,Summer,Moong(Green Gram),998,591,0.592184369
Uttar Pradesh,KANNAUJ,2012,Summer,Onion,832,10953,13.16466346
Uttar Pradesh,KANNAUJ,2012,Summer,Urad,1349,1091,0.80874722
Uttar Pradesh,KANNAUJ,2013,Kharif,Arhar/Tur,1342,1374,1.023845007
Uttar Pradesh,KANNAUJ,2013,Kharif,Bajra,1341,2365,1.763609247
Uttar Pradesh,KANNAUJ,2013,Kharif,Dry chillies,126,101,0.801587302
Uttar Pradesh,KANNAUJ,2013,Kharif,Groundnut,1478,1320,0.893098782
Uttar Pradesh,KANNAUJ,2013,Kharif,Jowar,488,679,1.391393443
Uttar Pradesh,KANNAUJ,2013,Kharif,Maize,40094,87806,2.190003492
Uttar Pradesh,KANNAUJ,2013,Kharif,Moong(Green Gram),96,31,0.322916667
Uttar Pradesh,KANNAUJ,2013,Kharif,Rice,21390,63165,2.953015428
Uttar Pradesh,KANNAUJ,2013,Kharif,Sannhamp,18,5,0.277777778
Uttar Pradesh,KANNAUJ,2013,Kharif,Sesamum,1884,66,0.035031847
Uttar Pradesh,KANNAUJ,2013,Kharif,Sugarcane,204,12157,59.59313725
Uttar Pradesh,KANNAUJ,2013,Kharif,Sweet potato,342,4520,13.21637427
Uttar Pradesh,KANNAUJ,2013,Kharif,Urad,399,229,0.573934837
Uttar Pradesh,KANNAUJ,2013,Rabi,Barley,1910,5385,2.819371728
Uttar Pradesh,KANNAUJ,2013,Rabi,Coriander,28,15,0.535714286
Uttar Pradesh,KANNAUJ,2013,Rabi,Garlic,1537,9005,5.858815875
Uttar Pradesh,KANNAUJ,2013,Rabi,Gram,998,608,0.609218437
Uttar Pradesh,KANNAUJ,2013,Rabi,Linseed,10,4,0.4
Uttar Pradesh,KANNAUJ,2013,Rabi,Maize,14,50,3.571428571
Uttar Pradesh,KANNAUJ,2013,Rabi,Masoor,185,128,0.691891892
Uttar Pradesh,KANNAUJ,2013,Rabi,Onion,448,9111,20.33705357
Uttar Pradesh,KANNAUJ,2013,Rabi,Peas & beans (Pulses),793,1387,1.749054224
Uttar Pradesh,KANNAUJ,2013,Rabi,Potato,49253,1024856,20.80799139
Uttar Pradesh,KANNAUJ,2013,Rabi,Rapeseed &Mustard,8002,8700,1.087228193
Uttar Pradesh,KANNAUJ,2013,Rabi,Tobacco,11,51,4.636363636
Uttar Pradesh,KANNAUJ,2013,Rabi,Turmeric,1,3,3
Uttar Pradesh,KANNAUJ,2013,Rabi,Wheat,77569,297075,3.829816035
Uttar Pradesh,KANNAUJ,2013,Summer,Maize,19734,36251,1.836981859
Uttar Pradesh,KANNAUJ,2013,Summer,Moong(Green Gram),1048,632,0.603053435
Uttar Pradesh,KANNAUJ,2013,Summer,Onion,684,9328,13.6374269
Uttar Pradesh,KANNAUJ,2013,Summer,Sunflower,1205,1933,1.604149378
Uttar Pradesh,KANNAUJ,2013,Summer,Urad,1976,1401,0.709008097
Uttar Pradesh,KANNAUJ,2014,Kharif,Arhar/Tur,1052,520,0.494296578
Uttar Pradesh,KANNAUJ,2014,Kharif,Bajra,1081,1179,1.090656799
Uttar Pradesh,KANNAUJ,2014,Kharif,Dry chillies,42,35,0.833333333
Uttar Pradesh,KANNAUJ,2014,Kharif,Groundnut,1134,980,0.864197531
Uttar Pradesh,KANNAUJ,2014,Kharif,Guar seed,2,2,1
Uttar Pradesh,KANNAUJ,2014,Kharif,Jowar,563,505,0.896980462
Uttar Pradesh,KANNAUJ,2014,Kharif,Maize,34990,62282,1.779994284
Uttar Pradesh,KANNAUJ,2014,Kharif,Moong(Green Gram),93,30,0.322580645
Uttar Pradesh,KANNAUJ,2014,Kharif,Rice,22007,52355,2.379015768
Uttar Pradesh,KANNAUJ,2014,Kharif,Sannhamp,19,7,0.368421053
Uttar Pradesh,KANNAUJ,2014,Kharif,Sesamum,1287,53,0.041181041
Uttar Pradesh,KANNAUJ,2014,Kharif,Sugarcane,130,7490,57.61538462
Uttar Pradesh,KANNAUJ,2014,Kharif,Sweet potato,284,3518,12.38732394
Uttar Pradesh,KANNAUJ,2014,Kharif,Urad,297,156,0.525252525
Uttar Pradesh,KANNAUJ,2014,Rabi,Barley,838,1199,1.430787589
Uttar Pradesh,KANNAUJ,2014,Rabi,Coriander,26,13,0.5
Uttar Pradesh,KANNAUJ,2014,Rabi,Garlic,1544,8943,5.792098446
Uttar Pradesh,KANNAUJ,2014,Rabi,Gram,847,345,0.407319953
Uttar Pradesh,KANNAUJ,2014,Rabi,Maize,19,46,2.421052632
Uttar Pradesh,KANNAUJ,2014,Rabi,Masoor,128,69,0.5390625
Uttar Pradesh,KANNAUJ,2014,Rabi,Onion,389,5951,15.29820051
Uttar Pradesh,KANNAUJ,2014,Rabi,Peas & beans (Pulses),641,352,0.549141966
Uttar Pradesh,KANNAUJ,2014,Rabi,Potato,44678,985329,22.05400868
Uttar Pradesh,KANNAUJ,2014,Rabi,Rapeseed &Mustard,7523,5996,0.797022464
Uttar Pradesh,KANNAUJ,2014,Rabi,Tobacco,2,7,3.5
Uttar Pradesh,KANNAUJ,2014,Rabi,Wheat,76686,108049,1.408979475
Uttar Pradesh,KANNAUJ,2014,Summer,Maize,16444,29237,1.777973729
Uttar Pradesh,KANNAUJ,2014,Summer,Moong(Green Gram),985,535,0.543147208
Uttar Pradesh,KANNAUJ,2014,Summer,Onion,566,9049,15.98763251
Uttar Pradesh,KANNAUJ,2014,Summer,Sunflower,926,1496,1.615550756
Uttar Pradesh,KANNAUJ,2014,Summer,Urad,1656,1158,0.699275362
Uttar Pradesh,KANPUR DEHAT,1997,Kharif,Arhar/Tur,10215,18589,1.819774841
Uttar Pradesh,KANPUR DEHAT,1997,Kharif,Bajra,12792,17115,1.337945591
Uttar Pradesh,KANPUR DEHAT,1997,Kharif,Groundnut,32,26,0.8125
Uttar Pradesh,KANPUR DEHAT,1997,Kharif,Jowar,8182,9779,1.195184551
Uttar Pradesh,KANPUR DEHAT,1997,Kharif,Maize,14380,24173,1.681015299
Uttar Pradesh,KANPUR DEHAT,1997,Kharif,Moong(Green Gram),82,36,0.43902439
Uttar Pradesh,KANPUR DEHAT,1997,Kharif,Rice,45187,101835,2.253634895
Uttar Pradesh,KANPUR DEHAT,1997,Kharif,Sesamum,1489,298,0.200134318
Uttar Pradesh,KANPUR DEHAT,1997,Kharif,Soyabean,54,55,1.018518519
Uttar Pradesh,KANPUR DEHAT,1997,Kharif,Urad,6787,4452,0.655959923
Uttar Pradesh,KANPUR DEHAT,1997,Rabi,Barley,8139,22813,2.802924192
Uttar Pradesh,KANPUR DEHAT,1997,Rabi,Gram,25138,28016,1.114488026
Uttar Pradesh,KANPUR DEHAT,1997,Rabi,Linseed,51,22,0.431372549
Uttar Pradesh,KANPUR DEHAT,1997,Rabi,Masoor,194,146,0.75257732
Uttar Pradesh,KANPUR DEHAT,1997,Rabi,Peas & beans (Pulses),8515,13888,1.63100411
Uttar Pradesh,KANPUR DEHAT,1997,Rabi,Rapeseed &Mustard,29913,16534,0.552736269
Uttar Pradesh,KANPUR DEHAT,1997,Rabi,Sunflower,446,675,1.513452915
Uttar Pradesh,KANPUR DEHAT,1997,Rabi,Wheat,99835,281182,2.816467171
Uttar Pradesh,KANPUR DEHAT,1997,Summer,Maize,25,39,1.56
Uttar Pradesh,KANPUR DEHAT,1997,Summer,Urad,342,160,0.467836257
Uttar Pradesh,KANPUR DEHAT,1997,Whole Year,Potato,1759,24082,13.69073337
Uttar Pradesh,KANPUR DEHAT,1997,Whole Year,Sugarcane,3899,149372,38.31033598
Uttar Pradesh,KANPUR DEHAT,1998,Kharif,Arhar/Tur,9895,17565,1.775138959
Uttar Pradesh,KANPUR DEHAT,1998,Kharif,Bajra,12487,12452,0.997197085
Uttar Pradesh,KANPUR DEHAT,1998,Kharif,Cotton(lint),35,4,0.114285714
Uttar Pradesh,KANPUR DEHAT,1998,Kharif,Groundnut,28,23,0.821428571
Uttar Pradesh,KANPUR DEHAT,1998,Kharif,Jowar,8247,9037,1.095792409
Uttar Pradesh,KANPUR DEHAT,1998,Kharif,Maize,14413,10968,0.760979671
Uttar Pradesh,KANPUR DEHAT,1998,Kharif,Moong(Green Gram),87,19,0.218390805
Uttar Pradesh,KANPUR DEHAT,1998,Kharif,Rice,45393,104018,2.291498689
Uttar Pradesh,KANPUR DEHAT,1998,Kharif,Sesamum,1431,113,0.078965758
Uttar Pradesh,KANPUR DEHAT,1998,Kharif,Soyabean,63,26,0.412698413
Uttar Pradesh,KANPUR DEHAT,1998,Kharif,Urad,6883,2127,0.309022229
Uttar Pradesh,KANPUR DEHAT,1998,Rabi,Barley,8112,21816,2.689349112
Uttar Pradesh,KANPUR DEHAT,1998,Rabi,Gram,24819,34952,1.408275918
Uttar Pradesh,KANPUR DEHAT,1998,Rabi,Linseed,44,17,0.386363636
Uttar Pradesh,KANPUR DEHAT,1998,Rabi,Masoor,191,138,0.722513089
Uttar Pradesh,KANPUR DEHAT,1998,Rabi,Peas & beans (Pulses),8361,14155,1.692979309
Uttar Pradesh,KANPUR DEHAT,1998,Rabi,Rapeseed &Mustard,29937,29313,0.979156228
Uttar Pradesh,KANPUR DEHAT,1998,Rabi,Sunflower,395,727,1.840506329
Uttar Pradesh,KANPUR DEHAT,1998,Rabi,Wheat,100380,325983,3.24748954
Uttar Pradesh,KANPUR DEHAT,1998,Summer,Maize,23,23,1
Uttar Pradesh,KANPUR DEHAT,1998,Summer,Moong(Green Gram),463,291,0.628509719
Uttar Pradesh,KANPUR DEHAT,1998,Summer,Urad,328,144,0.43902439
Uttar Pradesh,KANPUR DEHAT,1998,Whole Year,Onion,187,2052,10.97326203
Uttar Pradesh,KANPUR DEHAT,1998,Whole Year,Potato,1677,39885,23.78354204
Uttar Pradesh,KANPUR DEHAT,1998,Whole Year,Sannhamp,132,48,0.363636364
Uttar Pradesh,KANPUR DEHAT,1998,Whole Year,Sugarcane,3951,189843,48.04935459
Uttar Pradesh,KANPUR DEHAT,1998,Whole Year,Tobacco,2,13,6.5
Uttar Pradesh,KANPUR DEHAT,1999,Rabi,Barley,7933,20740,2.614395563
Uttar Pradesh,KANPUR DEHAT,2002,Kharif,Maize,13037,14549,1.115977602
Uttar Pradesh,KANPUR DEHAT,2003,Kharif,Arhar/Tur,9143,13411,1.466805206
Uttar Pradesh,KANPUR DEHAT,2003,Kharif,Bajra,13996,14856,1.061446127
Uttar Pradesh,KANPUR DEHAT,2003,Kharif,Groundnut,8,5,0.625
Uttar Pradesh,KANPUR DEHAT,2003,Kharif,Jowar,16642,19503,1.171914433
Uttar Pradesh,KANPUR DEHAT,2003,Kharif,Maize,15116,13347,0.882971686
Uttar Pradesh,KANPUR DEHAT,2003,Kharif,Moong(Green Gram),210,49,0.233333333
Uttar Pradesh,KANPUR DEHAT,2003,Kharif,Rice,52617,109175,2.074899747
Uttar Pradesh,KANPUR DEHAT,2003,Kharif,Sesamum,929,121,0.130247578
Uttar Pradesh,KANPUR DEHAT,2003,Kharif,Soyabean,84,90,1.071428571
Uttar Pradesh,KANPUR DEHAT,2003,Kharif,Sunflower,16,27,1.6875
Uttar Pradesh,KANPUR DEHAT,2003,Kharif,Urad,9136,4550,0.498029772
Uttar Pradesh,KANPUR DEHAT,2003,Rabi,Barley,5971,14824,2.48266622
Uttar Pradesh,KANPUR DEHAT,2003,Rabi,Gram,27468,39672,1.44429882
Uttar Pradesh,KANPUR DEHAT,2003,Rabi,Linseed,40,20,0.5
Uttar Pradesh,KANPUR DEHAT,2003,Rabi,Masoor,202,182,0.900990099
Uttar Pradesh,KANPUR DEHAT,2003,Rabi,Onion,130,1866,14.35384615
Uttar Pradesh,KANPUR DEHAT,2003,Rabi,Peas & beans (Pulses),3165,6406,2.024012638
Uttar Pradesh,KANPUR DEHAT,2003,Rabi,Rapeseed &Mustard,22481,31730,1.411414083
Uttar Pradesh,KANPUR DEHAT,2003,Rabi,Wheat,119071,447734,3.760227091
Uttar Pradesh,KANPUR DEHAT,2003,Summer,Maize,44,60,1.363636364
Uttar Pradesh,KANPUR DEHAT,2003,Summer,Moong(Green Gram),522,310,0.593869732
Uttar Pradesh,KANPUR DEHAT,2003,Summer,Onion,128,1303,10.1796875
Uttar Pradesh,KANPUR DEHAT,2003,Summer,Urad,372,326,0.876344086
Uttar Pradesh,KANPUR DEHAT,2003,Whole Year,Potato,2549,57149,22.42016477
Uttar Pradesh,KANPUR DEHAT,2003,Whole Year,Sannhamp,35,11,0.314285714
Uttar Pradesh,KANPUR DEHAT,2003,Whole Year,Sugarcane,2785,116090,41.68402154
Uttar Pradesh,KANPUR DEHAT,2003,Whole Year,Tobacco,1,4,4
Uttar Pradesh,KANPUR DEHAT,2003,Whole Year,Turmeric,4,7,1.75
Uttar Pradesh,KANPUR DEHAT,2004,Kharif,Bajra,14128,18377,1.300750283
Uttar Pradesh,KANPUR DEHAT,2004,Kharif,Groundnut,12,10,0.833333333
Uttar Pradesh,KANPUR DEHAT,2004,Kharif,Jowar,15089,11841,0.784743853
Uttar Pradesh,KANPUR DEHAT,2004,Kharif,Maize,15490,21020,1.357004519
Uttar Pradesh,KANPUR DEHAT,2004,Kharif,Rice,52802,126264,2.391273058
Uttar Pradesh,KANPUR DEHAT,2004,Kharif,Sannhamp,25,7,0.28
Uttar Pradesh,KANPUR DEHAT,2004,Kharif,Sesamum,1352,216,0.159763314
Uttar Pradesh,KANPUR DEHAT,2004,Kharif,Small millets,3,1,0.333333333
Uttar Pradesh,KANPUR DEHAT,2004,Kharif,Soyabean,122,50,0.409836066
Uttar Pradesh,KANPUR DEHAT,2004,Kharif,Sugarcane,2501,113826,45.51219512
Uttar Pradesh,KANPUR DEHAT,2004,Rabi,Barley,5666,10940,1.93081539
Uttar Pradesh,KANPUR DEHAT,2004,Rabi,Gram,26993,32182,1.192235024
Uttar Pradesh,KANPUR DEHAT,2004,Rabi,Linseed,68,31,0.455882353
Uttar Pradesh,KANPUR DEHAT,2004,Rabi,Potato,2916,85547,29.33710562
Uttar Pradesh,KANPUR DEHAT,2004,Rabi,Rapeseed &Mustard,23637,29257,1.237762829
Uttar Pradesh,KANPUR DEHAT,2004,Rabi,Turmeric,3,5,1.666666667
Uttar Pradesh,KANPUR DEHAT,2004,Rabi,Wheat,116802,377903,3.235415489
Uttar Pradesh,KANPUR DEHAT,2004,Summer,Sunflower,31,61,1.967741935
Uttar Pradesh,KANPUR DEHAT,2004,Whole Year,Banana,1,36,36
Uttar Pradesh,KANPUR DEHAT,2004,Whole Year,Dry chillies,147,138,0.93877551
Uttar Pradesh,KANPUR DEHAT,2004,Whole Year,Garlic,1,4,4
Uttar Pradesh,KANPUR DEHAT,2004,Whole Year,Guar seed,14,12,0.857142857
Uttar Pradesh,KANPUR DEHAT,2004,Whole Year,Onion,349,3903,11.18338109
Uttar Pradesh,KANPUR DEHAT,2004,Whole Year,Sweet potato,341,3963,11.62170088
Uttar Pradesh,KANPUR DEHAT,2005,Kharif,Bajra,16856,21853,1.296452302
Uttar Pradesh,KANPUR DEHAT,2005,Kharif,Jowar,15373,19071,1.240551616
Uttar Pradesh,KANPUR DEHAT,2005,Kharif,Maize,16611,20083,1.209018121
Uttar Pradesh,KANPUR DEHAT,2005,Kharif,Rice,55080,123765,2.247004357
Uttar Pradesh,KANPUR DEHAT,2005,Kharif,Sannhamp,50,17,0.34
Uttar Pradesh,KANPUR DEHAT,2005,Kharif,Sesamum,629,112,0.178060413
Uttar Pradesh,KANPUR DEHAT,2005,Kharif,Soyabean,145,113,0.779310345
Uttar Pradesh,KANPUR DEHAT,2005,Kharif,Sugarcane,2772,117566,42.41197691
Uttar Pradesh,KANPUR DEHAT,2005,Rabi,Barley,6175,12062,1.953360324
Uttar Pradesh,KANPUR DEHAT,2005,Rabi,Gram,28185,42969,1.524534327
Uttar Pradesh,KANPUR DEHAT,2005,Rabi,Linseed,40,17,0.425
Uttar Pradesh,KANPUR DEHAT,2005,Rabi,Potato,2366,93263,39.41800507
Uttar Pradesh,KANPUR DEHAT,2005,Rabi,Rapeseed &Mustard,23553,31761,1.348490638
Uttar Pradesh,KANPUR DEHAT,2005,Rabi,Turmeric,4,18,4.5
Uttar Pradesh,KANPUR DEHAT,2005,Rabi,Wheat,99562,304537,3.058767401
Uttar Pradesh,KANPUR DEHAT,2005,Summer,Sunflower,18,25,1.388888889
Uttar Pradesh,KANPUR DEHAT,2005,Whole Year,Banana,1,38,38
Uttar Pradesh,KANPUR DEHAT,2005,Whole Year,Coriander,1101,630,0.572207084
Uttar Pradesh,KANPUR DEHAT,2005,Whole Year,Dry chillies,135,123,0.911111111
Uttar Pradesh,KANPUR DEHAT,2005,Whole Year,Garlic,145,632,4.35862069
Uttar Pradesh,KANPUR DEHAT,2005,Whole Year,Onion,441,5655,12.82312925
Uttar Pradesh,KANPUR DEHAT,2005,Whole Year,Sweet potato,317,4146,13.07886435
Uttar Pradesh,KANPUR DEHAT,2006,Kharif,Arhar/Tur,9523,13490,1.416570408
Uttar Pradesh,KANPUR DEHAT,2006,Kharif,Bajra,11999,18927,1.577381448
Uttar Pradesh,KANPUR DEHAT,2006,Kharif,Groundnut,17,12,0.705882353
Uttar Pradesh,KANPUR DEHAT,2006,Kharif,Jowar,15783,21998,1.393778116
Uttar Pradesh,KANPUR DEHAT,2006,Kharif,Maize,16583,16583,1
Uttar Pradesh,KANPUR DEHAT,2006,Kharif,Other Kharif pulses,9115,4968,0.545035656
Uttar Pradesh,KANPUR DEHAT,2006,Kharif,Rice,56707,107290,1.892006278
Uttar Pradesh,KANPUR DEHAT,2006,Kharif,Sannhamp,27,7,0.259259259
Uttar Pradesh,KANPUR DEHAT,2006,Kharif,Sesamum,1352,227,0.167899408
Uttar Pradesh,KANPUR DEHAT,2006,Kharif,Soyabean,113,110,0.973451327
Uttar Pradesh,KANPUR DEHAT,2006,Kharif,Sugarcane,2408,108620,45.10797342
Uttar Pradesh,KANPUR DEHAT,2006,Kharif,Sweet potato,315,4300,13.65079365
Uttar Pradesh,KANPUR DEHAT,2006,Rabi,Barley,5142,12725,2.474718009
Uttar Pradesh,KANPUR DEHAT,2006,Rabi,Garlic,93,409,4.397849462
Uttar Pradesh,KANPUR DEHAT,2006,Rabi,Gram,20694,27396,1.323861989
Uttar Pradesh,KANPUR DEHAT,2006,Rabi,Linseed,53,19,0.358490566
Uttar Pradesh,KANPUR DEHAT,2006,Rabi,Masoor,489,594,1.214723926
Uttar Pradesh,KANPUR DEHAT,2006,Rabi,Onion,144,2762,19.18055556
Uttar Pradesh,KANPUR DEHAT,2006,Rabi,Other  Rabi pulses,2664,5245,1.968843844
Uttar Pradesh,KANPUR DEHAT,2006,Rabi,Potato,3377,86053,25.48208469
Uttar Pradesh,KANPUR DEHAT,2006,Rabi,Rapeseed &Mustard,27482,26743,0.973109672
Uttar Pradesh,KANPUR DEHAT,2006,Rabi,Turmeric,3,10,3.333333333
Uttar Pradesh,KANPUR DEHAT,2006,Rabi,Wheat,112329,386438,3.4402336
Uttar Pradesh,KANPUR DEHAT,2006,Summer,Maize,52,69,1.326923077
Uttar Pradesh,KANPUR DEHAT,2006,Summer,Onion,152,1770,11.64473684
Uttar Pradesh,KANPUR DEHAT,2006,Summer,Sunflower,157,214,1.363057325
Uttar Pradesh,KANPUR DEHAT,2006,Whole Year,Coriander,506,263,0.519762846
Uttar Pradesh,KANPUR DEHAT,2006,Whole Year,Dry chillies,150,142,0.946666667
Uttar Pradesh,KANPUR DEHAT,2006,Whole Year,Guar seed,28,23,0.821428571
Uttar Pradesh,KANPUR DEHAT,2007,Kharif,Arhar/Tur,9613,13540,1.40850931
Uttar Pradesh,KANPUR DEHAT,2007,Kharif,Bajra,19347,35987,1.860081666
Uttar Pradesh,KANPUR DEHAT,2007,Kharif,Cotton(lint),1,,
Uttar Pradesh,KANPUR DEHAT,2007,Kharif,Dry chillies,146,141,0.965753425
Uttar Pradesh,KANPUR DEHAT,2007,Kharif,Groundnut,18,11,0.611111111
Uttar Pradesh,KANPUR DEHAT,2007,Kharif,Guar seed,12,10,0.833333333
Uttar Pradesh,KANPUR DEHAT,2007,Kharif,Jowar,12881,14253,1.106513469
Uttar Pradesh,KANPUR DEHAT,2007,Kharif,Maize,17033,20525,1.205013797
Uttar Pradesh,KANPUR DEHAT,2007,Kharif,Moong(Green Gram),280,56,0.2
Uttar Pradesh,KANPUR DEHAT,2007,Kharif,Rice,56442,114747,2.033007335
Uttar Pradesh,KANPUR DEHAT,2007,Kharif,Sannhamp,35,7,0.2
Uttar Pradesh,KANPUR DEHAT,2007,Kharif,Sesamum,1320,204,0.154545455
Uttar Pradesh,KANPUR DEHAT,2007,Kharif,Soyabean,154,103,0.668831169
Uttar Pradesh,KANPUR DEHAT,2007,Kharif,Sugarcane,2592,131265,50.64236111
Uttar Pradesh,KANPUR DEHAT,2007,Kharif,Sweet potato,324,4362,13.46296296
Uttar Pradesh,KANPUR DEHAT,2007,Kharif,Urad,7475,2048,0.273979933
Uttar Pradesh,KANPUR DEHAT,2007,Rabi,Barley,3997,9316,2.330748061
Uttar Pradesh,KANPUR DEHAT,2007,Rabi,Coriander,1039,602,0.579403272
Uttar Pradesh,KANPUR DEHAT,2007,Rabi,Gram,25541,37665,1.474687757
Uttar Pradesh,KANPUR DEHAT,2007,Rabi,Linseed,45,11,0.244444444
Uttar Pradesh,KANPUR DEHAT,2007,Rabi,Masoor,500,303,0.606
Uttar Pradesh,KANPUR DEHAT,2007,Rabi,Onion,244,3409,13.97131148
Uttar Pradesh,KANPUR DEHAT,2007,Rabi,Other  Rabi pulses,2039,3735,1.831780284
Uttar Pradesh,KANPUR DEHAT,2007,Rabi,Potato,4134,92574,22.39332366
Uttar Pradesh,KANPUR DEHAT,2007,Rabi,Rapeseed &Mustard,22253,31493,1.415224913
Uttar Pradesh,KANPUR DEHAT,2007,Rabi,Turmeric,9,28,3.111111111
Uttar Pradesh,KANPUR DEHAT,2007,Rabi,Wheat,119298,394367,3.305730188
Uttar Pradesh,KANPUR DEHAT,2007,Summer,Maize,139,200,1.438848921
Uttar Pradesh,KANPUR DEHAT,2007,Summer,Moong(Green Gram),609,406,0.666666667
Uttar Pradesh,KANPUR DEHAT,2007,Summer,Onion,172,1951,11.34302326
Uttar Pradesh,KANPUR DEHAT,2007,Summer,Sunflower,36,42,1.166666667
Uttar Pradesh,KANPUR DEHAT,2007,Summer,Urad,458,299,0.652838428
Uttar Pradesh,KANPUR DEHAT,2008,Kharif,Arhar/Tur,8414,14990,1.781554552
Uttar Pradesh,KANPUR DEHAT,2008,Kharif,Bajra,13692,28522,2.083114227
Uttar Pradesh,KANPUR DEHAT,2008,Kharif,Dry chillies,152,152,1
Uttar Pradesh,KANPUR DEHAT,2008,Kharif,Guar seed,12,10,0.833333333
Uttar Pradesh,KANPUR DEHAT,2008,Kharif,Jowar,11984,15247,1.272279706
Uttar Pradesh,KANPUR DEHAT,2008,Kharif,Maize,13338,14698,1.101964312
Uttar Pradesh,KANPUR DEHAT,2008,Kharif,Moong(Green Gram),138,51,0.369565217
Uttar Pradesh,KANPUR DEHAT,2008,Kharif,Rice,52436,125374,2.390990922
Uttar Pradesh,KANPUR DEHAT,2008,Kharif,Sannhamp,23,7,0.304347826
Uttar Pradesh,KANPUR DEHAT,2008,Kharif,Sesamum,1163,192,0.165090284
Uttar Pradesh,KANPUR DEHAT,2008,Kharif,Small millets,7,4,0.571428571
Uttar Pradesh,KANPUR DEHAT,2008,Kharif,Soyabean,81,70,0.864197531
Uttar Pradesh,KANPUR DEHAT,2008,Kharif,Sugarcane,2595,116044,44.71830443
Uttar Pradesh,KANPUR DEHAT,2008,Kharif,Sweet potato,282,3464,12.28368794
Uttar Pradesh,KANPUR DEHAT,2008,Kharif,Urad,4487,1835,0.408959216
Uttar Pradesh,KANPUR DEHAT,2008,Rabi,Barley,5113,12058,2.358302367
Uttar Pradesh,KANPUR DEHAT,2008,Rabi,Coriander,775,463,0.597419355
Uttar Pradesh,KANPUR DEHAT,2008,Rabi,Garlic,193,1137,5.89119171
Uttar Pradesh,KANPUR DEHAT,2008,Rabi,Gram,25805,40909,1.585312924
Uttar Pradesh,KANPUR DEHAT,2008,Rabi,Linseed,26,12,0.461538462
Uttar Pradesh,KANPUR DEHAT,2008,Rabi,Maize,5,13,2.6
Uttar Pradesh,KANPUR DEHAT,2008,Rabi,Masoor,424,374,0.882075472
Uttar Pradesh,KANPUR DEHAT,2008,Rabi,Onion,344,4032,11.72093023
Uttar Pradesh,KANPUR DEHAT,2008,Rabi,Peas & beans (Pulses),2738,4737,1.73009496
Uttar Pradesh,KANPUR DEHAT,2008,Rabi,Potato,3126,73202,23.41714651
Uttar Pradesh,KANPUR DEHAT,2008,Rabi,Rapeseed &Mustard,22752,29503,1.296721167
Uttar Pradesh,KANPUR DEHAT,2008,Rabi,Wheat,118454,437945,3.697173586
Uttar Pradesh,KANPUR DEHAT,2008,Summer,Banana,1,38,38
Uttar Pradesh,KANPUR DEHAT,2008,Summer,Maize,166,248,1.493975904
Uttar Pradesh,KANPUR DEHAT,2008,Summer,Moong(Green Gram),574,456,0.794425087
Uttar Pradesh,KANPUR DEHAT,2008,Summer,Sunflower,58,106,1.827586207
Uttar Pradesh,KANPUR DEHAT,2008,Summer,Urad,399,390,0.977443609
Uttar Pradesh,KANPUR DEHAT,2009,Kharif,Arhar/Tur,7622,4298,0.563893991
Uttar Pradesh,KANPUR DEHAT,2009,Kharif,Bajra,15423,21313,1.381897167
Uttar Pradesh,KANPUR DEHAT,2009,Kharif,Dry chillies,146,129,0.883561644
Uttar Pradesh,KANPUR DEHAT,2009,Kharif,Guar seed,13,11,0.846153846
Uttar Pradesh,KANPUR DEHAT,2009,Kharif,Jowar,12247,12913,1.054380665
Uttar Pradesh,KANPUR DEHAT,2009,Kharif,Maize,11291,11573,1.024975644
Uttar Pradesh,KANPUR DEHAT,2009,Kharif,Moong(Green Gram),192,28,0.145833333
Uttar Pradesh,KANPUR DEHAT,2009,Kharif,Rice,29397,66114,2.249005001
Uttar Pradesh,KANPUR DEHAT,2009,Kharif,Sannhamp,61,11,0.180327869
Uttar Pradesh,KANPUR DEHAT,2009,Kharif,Sesamum,1250,130,0.104
Uttar Pradesh,KANPUR DEHAT,2009,Kharif,Sugarcane,1663,85415,51.36199639
Uttar Pradesh,KANPUR DEHAT,2009,Kharif,Sweet potato,316,4297,13.59810127
Uttar Pradesh,KANPUR DEHAT,2009,Kharif,Urad,5829,3223,0.55292503
Uttar Pradesh,KANPUR DEHAT,2009,Rabi,Barley,4972,10006,2.012469831
Uttar Pradesh,KANPUR DEHAT,2009,Rabi,Coriander,1157,657,0.567847882
Uttar Pradesh,KANPUR DEHAT,2009,Rabi,Garlic,119,632,5.31092437
Uttar Pradesh,KANPUR DEHAT,2009,Rabi,Gram,25908,31498,1.215763471
Uttar Pradesh,KANPUR DEHAT,2009,Rabi,Linseed,26,12,0.461538462
Uttar Pradesh,KANPUR DEHAT,2009,Rabi,Masoor,616,494,0.801948052
Uttar Pradesh,KANPUR DEHAT,2009,Rabi,Onion,365,6268,17.17260274
Uttar Pradesh,KANPUR DEHAT,2009,Rabi,Peas & beans (Pulses),2369,2608,1.10088645
Uttar Pradesh,KANPUR DEHAT,2009,Rabi,Potato,3316,83641,25.223462
Uttar Pradesh,KANPUR DEHAT,2009,Rabi,Rapeseed &Mustard,22726,23637,1.040086245
Uttar Pradesh,KANPUR DEHAT,2009,Rabi,Turmeric,3,10,3.333333333
Uttar Pradesh,KANPUR DEHAT,2009,Rabi,Wheat,119223,412472,3.459668017
Uttar Pradesh,KANPUR DEHAT,2009,Summer,Banana,1,41,41
Uttar Pradesh,KANPUR DEHAT,2009,Summer,Maize,189,275,1.455026455
Uttar Pradesh,KANPUR DEHAT,2009,Summer,Moong(Green Gram),807,688,0.852540273
Uttar Pradesh,KANPUR DEHAT,2009,Summer,Onion,205,3023,14.74634146
Uttar Pradesh,KANPUR DEHAT,2009,Summer,Sunflower,21,47,2.238095238
Uttar Pradesh,KANPUR DEHAT,2009,Summer,Urad,525,420,0.8
Uttar Pradesh,KANPUR DEHAT,2010,Kharif,Arhar/Tur,8041,17200,2.139037433
Uttar Pradesh,KANPUR DEHAT,2010,Kharif,Bajra,17706,34439,1.945046877
Uttar Pradesh,KANPUR DEHAT,2010,Kharif,Dry chillies,93,81,0.870967742
Uttar Pradesh,KANPUR DEHAT,2010,Kharif,Groundnut,4,4,1
Uttar Pradesh,KANPUR DEHAT,2010,Kharif,Guar seed,13,11,0.846153846
Uttar Pradesh,KANPUR DEHAT,2010,Kharif,Jowar,13317,16431,1.23383645
Uttar Pradesh,KANPUR DEHAT,2010,Kharif,Maize,11763,14516,1.234038936
Uttar Pradesh,KANPUR DEHAT,2010,Kharif,Moong(Green Gram),215,101,0.469767442
Uttar Pradesh,KANPUR DEHAT,2010,Kharif,Rice,43449,99976,2.300996571
Uttar Pradesh,KANPUR DEHAT,2010,Kharif,Sannhamp,24,8,0.333333333
Uttar Pradesh,KANPUR DEHAT,2010,Kharif,Sesamum,1420,280,0.197183099
Uttar Pradesh,KANPUR DEHAT,2010,Kharif,Soyabean,105,129,1.228571429
Uttar Pradesh,KANPUR DEHAT,2010,Kharif,Sugarcane,2695,144048,53.45009276
Uttar Pradesh,KANPUR DEHAT,2010,Kharif,Sweet potato,311,3830,12.31511254
Uttar Pradesh,KANPUR DEHAT,2010,Kharif,Urad,6874,4564,0.66395112
Uttar Pradesh,KANPUR DEHAT,2010,Rabi,Barley,3593,10517,2.927080434
Uttar Pradesh,KANPUR DEHAT,2010,Rabi,Gram,20674,32747,1.583970204
Uttar Pradesh,KANPUR DEHAT,2010,Rabi,Linseed,17,8,0.470588235
Uttar Pradesh,KANPUR DEHAT,2010,Rabi,Maize,5,15,3
Uttar Pradesh,KANPUR DEHAT,2010,Rabi,Masoor,467,526,1.12633833
Uttar Pradesh,KANPUR DEHAT,2010,Rabi,Onion,386,7106,18.40932642
Uttar Pradesh,KANPUR DEHAT,2010,Rabi,Peas & beans (Pulses),2733,3709,1.357116722
Uttar Pradesh,KANPUR DEHAT,2010,Rabi,Potato,3322,67802,20.40999398
Uttar Pradesh,KANPUR DEHAT,2010,Rabi,Rapeseed &Mustard,22707,31871,1.40357599
Uttar Pradesh,KANPUR DEHAT,2010,Rabi,Wheat,111495,435774,3.908462263
Uttar Pradesh,KANPUR DEHAT,2010,Summer,Maize,159,233,1.465408805
Uttar Pradesh,KANPUR DEHAT,2010,Summer,Moong(Green Gram),749,770,1.028037383
Uttar Pradesh,KANPUR DEHAT,2010,Summer,Urad,521,538,1.032629559
Uttar Pradesh,KANPUR DEHAT,2011,Kharif,Arhar/Tur,7328,10975,1.497680131
Uttar Pradesh,KANPUR DEHAT,2011,Kharif,Bajra,14047,28718,2.044422297
Uttar Pradesh,KANPUR DEHAT,2011,Kharif,Dry chillies,137,114,0.832116788
Uttar Pradesh,KANPUR DEHAT,2011,Kharif,Groundnut,5,5,1
Uttar Pradesh,KANPUR DEHAT,2011,Kharif,Guar seed,49,40,0.816326531
Uttar Pradesh,KANPUR DEHAT,2011,Kharif,Jowar,12756,18497,1.450062716
Uttar Pradesh,KANPUR DEHAT,2011,Kharif,Maize,12963,19963,1.539998457
Uttar Pradesh,KANPUR DEHAT,2011,Kharif,Moong(Green Gram),175,74,0.422857143
Uttar Pradesh,KANPUR DEHAT,2011,Kharif,Rice,43053,115425,2.68099784
Uttar Pradesh,KANPUR DEHAT,2011,Kharif,Sannhamp,16,4,0.25
Uttar Pradesh,KANPUR DEHAT,2011,Kharif,Sesamum,1320,338,0.256060606
Uttar Pradesh,KANPUR DEHAT,2011,Kharif,Small millets,2,2,1
Uttar Pradesh,KANPUR DEHAT,2011,Kharif,Soyabean,157,197,1.25477707
Uttar Pradesh,KANPUR DEHAT,2011,Kharif,Sugarcane,2461,142659,57.96789923
Uttar Pradesh,KANPUR DEHAT,2011,Kharif,Sweet potato,360,4678,12.99444444
Uttar Pradesh,KANPUR DEHAT,2011,Kharif,Urad,6531,4683,0.717041801
Uttar Pradesh,KANPUR DEHAT,2011,Rabi,Barley,5267,16881,3.205050313
Uttar Pradesh,KANPUR DEHAT,2011,Rabi,Coriander,1071,593,0.553688142
Uttar Pradesh,KANPUR DEHAT,2011,Rabi,Garlic,224,1157,5.165178571
Uttar Pradesh,KANPUR DEHAT,2011,Rabi,Gram,23814,40238,1.68967834
Uttar Pradesh,KANPUR DEHAT,2011,Rabi,Linseed,12,5,0.416666667
Uttar Pradesh,KANPUR DEHAT,2011,Rabi,Maize,22,53,2.409090909
Uttar Pradesh,KANPUR DEHAT,2011,Rabi,Masoor,443,379,0.855530474
Uttar Pradesh,KANPUR DEHAT,2011,Rabi,Onion,460,10523,22.87608696
Uttar Pradesh,KANPUR DEHAT,2011,Rabi,Peas & beans (Pulses),2514,5292,2.105011933
Uttar Pradesh,KANPUR DEHAT,2011,Rabi,Potato,3457,69970,20.24009257
Uttar Pradesh,KANPUR DEHAT,2011,Rabi,Rapeseed &Mustard,22941,30216,1.317117824
Uttar Pradesh,KANPUR DEHAT,2011,Rabi,Turmeric,2,5,2.5
Uttar Pradesh,KANPUR DEHAT,2011,Rabi,Wheat,122856,486582,3.960588005
Uttar Pradesh,KANPUR DEHAT,2011,Summer,Maize,143,236,1.65034965
Uttar Pradesh,KANPUR DEHAT,2011,Summer,Moong(Green Gram),631,427,0.676703645
Uttar Pradesh,KANPUR DEHAT,2011,Summer,Onion,204,2312,11.33333333
Uttar Pradesh,KANPUR DEHAT,2011,Summer,Sunflower,29,50,1.724137931
Uttar Pradesh,KANPUR DEHAT,2011,Summer,Urad,536,456,0.850746269
Uttar Pradesh,KANPUR DEHAT,2012,Kharif,Arhar/Tur,8394,12934,1.540862521
Uttar Pradesh,KANPUR DEHAT,2012,Kharif,Bajra,16921,41065,2.426866024
Uttar Pradesh,KANPUR DEHAT,2012,Kharif,Dry chillies,103,83,0.805825243
Uttar Pradesh,KANPUR DEHAT,2012,Kharif,Groundnut,6,6,1
Uttar Pradesh,KANPUR DEHAT,2012,Kharif,Guar seed,18,15,0.833333333
Uttar Pradesh,KANPUR DEHAT,2012,Kharif,Jowar,13371,19876,1.486500636
Uttar Pradesh,KANPUR DEHAT,2012,Kharif,Maize,12197,24138,1.979011232
Uttar Pradesh,KANPUR DEHAT,2012,Kharif,Moong(Green Gram),204,103,0.504901961
Uttar Pradesh,KANPUR DEHAT,2012,Kharif,Rice,39670,119367,3.008999244
Uttar Pradesh,KANPUR DEHAT,2012,Kharif,Sannhamp,23,8,0.347826087
Uttar Pradesh,KANPUR DEHAT,2012,Kharif,Sesamum,1238,247,0.199515347
Uttar Pradesh,KANPUR DEHAT,2012,Kharif,Soyabean,116,164,1.413793103
Uttar Pradesh,KANPUR DEHAT,2012,Kharif,Sugarcane,2575,156314,60.70446602
Uttar Pradesh,KANPUR DEHAT,2012,Kharif,Sweet potato,273,3534,12.94505495
Uttar Pradesh,KANPUR DEHAT,2012,Kharif,Urad,4205,3339,0.794054697
Uttar Pradesh,KANPUR DEHAT,2012,Rabi,Barley,4731,14778,3.123652505
Uttar Pradesh,KANPUR DEHAT,2012,Rabi,Coriander,1408,762,0.541193182
Uttar Pradesh,KANPUR DEHAT,2012,Rabi,Garlic,217,1127,5.193548387
Uttar Pradesh,KANPUR DEHAT,2012,Rabi,Gram,22069,30776,1.394535321
Uttar Pradesh,KANPUR DEHAT,2012,Rabi,Linseed,17,8,0.470588235
Uttar Pradesh,KANPUR DEHAT,2012,Rabi,Maize,3,9,3
Uttar Pradesh,KANPUR DEHAT,2012,Rabi,Masoor,301,367,1.219269103
Uttar Pradesh,KANPUR DEHAT,2012,Rabi,Onion,296,6809,23.00337838
Uttar Pradesh,KANPUR DEHAT,2012,Rabi,Peas & beans (Pulses),2282,4062,1.780017528
Uttar Pradesh,KANPUR DEHAT,2012,Rabi,Potato,3516,93106,26.48065984
Uttar Pradesh,KANPUR DEHAT,2012,Rabi,Rapeseed &Mustard,23181,32584,1.405633924
Uttar Pradesh,KANPUR DEHAT,2012,Rabi,Wheat,120580,435969,3.615599602
Uttar Pradesh,KANPUR DEHAT,2012,Summer,Banana,3,134,44.66666667
Uttar Pradesh,KANPUR DEHAT,2012,Summer,Maize,148,273,1.844594595
Uttar Pradesh,KANPUR DEHAT,2012,Summer,Moong(Green Gram),618,510,0.825242718
Uttar Pradesh,KANPUR DEHAT,2012,Summer,Onion,191,2175,11.38743455
Uttar Pradesh,KANPUR DEHAT,2012,Summer,Sunflower,105,82,0.780952381
Uttar Pradesh,KANPUR DEHAT,2012,Summer,Urad,577,467,0.809358752
Uttar Pradesh,KANPUR DEHAT,2013,Kharif,Arhar/Tur,7560,8595,1.136904762
Uttar Pradesh,KANPUR DEHAT,2013,Kharif,Bajra,16563,41123,2.48282316
Uttar Pradesh,KANPUR DEHAT,2013,Kharif,Dry chillies,146,118,0.808219178
Uttar Pradesh,KANPUR DEHAT,2013,Kharif,Groundnut,11,10,0.909090909
Uttar Pradesh,KANPUR DEHAT,2013,Kharif,Guar seed,58,48,0.827586207
Uttar Pradesh,KANPUR DEHAT,2013,Kharif,Jowar,11678,17337,1.484586402
Uttar Pradesh,KANPUR DEHAT,2013,Kharif,Maize,13297,26315,1.979017824
Uttar Pradesh,KANPUR DEHAT,2013,Kharif,Moong(Green Gram),280,90,0.321428571
Uttar Pradesh,KANPUR DEHAT,2013,Kharif,Rice,41454,112299,2.70900275
Uttar Pradesh,KANPUR DEHAT,2013,Kharif,Sannhamp,20,6,0.3
Uttar Pradesh,KANPUR DEHAT,2013,Kharif,Sesamum,2385,83,0.034800839
Uttar Pradesh,KANPUR DEHAT,2013,Kharif,Small millets,6,4,0.666666667
Uttar Pradesh,KANPUR DEHAT,2013,Kharif,Soyabean,96,55,0.572916667
Uttar Pradesh,KANPUR DEHAT,2013,Kharif,Sugarcane,2313,137838,59.59273671
Uttar Pradesh,KANPUR DEHAT,2013,Kharif,Sweet potato,358,4731,13.2150838
Uttar Pradesh,KANPUR DEHAT,2013,Kharif,Urad,6148,3228,0.525048796
Uttar Pradesh,KANPUR DEHAT,2013,Rabi,Barley,3302,9310,2.819503331
Uttar Pradesh,KANPUR DEHAT,2013,Rabi,Coriander,1271,695,0.546813533
Uttar Pradesh,KANPUR DEHAT,2013,Rabi,Garlic,161,944,5.863354037
Uttar Pradesh,KANPUR DEHAT,2013,Rabi,Gram,16165,12200,0.754716981
Uttar Pradesh,KANPUR DEHAT,2013,Rabi,Linseed,7,3,0.428571429
Uttar Pradesh,KANPUR DEHAT,2013,Rabi,Maize,10,36,3.6
Uttar Pradesh,KANPUR DEHAT,2013,Rabi,Masoor,307,212,0.690553746
Uttar Pradesh,KANPUR DEHAT,2013,Rabi,Onion,169,3437,20.33727811
Uttar Pradesh,KANPUR DEHAT,2013,Rabi,Peas & beans (Pulses),2427,3684,1.517923362
Uttar Pradesh,KANPUR DEHAT,2013,Rabi,Potato,3623,75635,20.87634557
Uttar Pradesh,KANPUR DEHAT,2013,Rabi,Rapeseed &Mustard,23167,23078,0.996158329
Uttar Pradesh,KANPUR DEHAT,2013,Rabi,Wheat,127503,457446,3.587727348
Uttar Pradesh,KANPUR DEHAT,2013,Summer,Maize,166,305,1.837349398
Uttar Pradesh,KANPUR DEHAT,2013,Summer,Moong(Green Gram),686,510,0.743440233
Uttar Pradesh,KANPUR DEHAT,2013,Summer,Onion,157,2008,12.78980892
Uttar Pradesh,KANPUR DEHAT,2013,Summer,Sunflower,38,61,1.605263158
Uttar Pradesh,KANPUR DEHAT,2013,Summer,Urad,548,389,0.709854015
Uttar Pradesh,KANPUR DEHAT,2014,Kharif,Arhar/Tur,7732,3814,0.493274703
Uttar Pradesh,KANPUR DEHAT,2014,Kharif,Bajra,18127,38679,2.133778342
Uttar Pradesh,KANPUR DEHAT,2014,Kharif,Dry chillies,116,95,0.818965517
Uttar Pradesh,KANPUR DEHAT,2014,Kharif,Guar seed,6,5,0.833333333
Uttar Pradesh,KANPUR DEHAT,2014,Kharif,Jowar,11802,13451,1.139722081
Uttar Pradesh,KANPUR DEHAT,2014,Kharif,Maize,11363,18238,1.605033882
Uttar Pradesh,KANPUR DEHAT,2014,Kharif,Moong(Green Gram),426,136,0.319248826
Uttar Pradesh,KANPUR DEHAT,2014,Kharif,Rice,37513,92770,2.473009357
Uttar Pradesh,KANPUR DEHAT,2014,Kharif,Sannhamp,2,1,0.5
Uttar Pradesh,KANPUR DEHAT,2014,Kharif,Sesamum,2451,100,0.040799674
Uttar Pradesh,KANPUR DEHAT,2014,Kharif,Soyabean,20,14,0.7
Uttar Pradesh,KANPUR DEHAT,2014,Kharif,Sugarcane,2304,132740,57.61284722
Uttar Pradesh,KANPUR DEHAT,2014,Kharif,Sweet potato,209,2589,12.38755981
Uttar Pradesh,KANPUR DEHAT,2014,Kharif,Urad,5378,3915,0.727965787
Uttar Pradesh,KANPUR DEHAT,2014,Rabi,Barley,6717,9607,1.4302516
Uttar Pradesh,KANPUR DEHAT,2014,Rabi,Coriander,1184,574,0.484797297
Uttar Pradesh,KANPUR DEHAT,2014,Rabi,Garlic,202,1170,5.792079208
Uttar Pradesh,KANPUR DEHAT,2014,Rabi,Gram,22825,6730,0.294852136
Uttar Pradesh,KANPUR DEHAT,2014,Rabi,Linseed,6,3,0.5
Uttar Pradesh,KANPUR DEHAT,2014,Rabi,Maize,34,81,2.382352941
Uttar Pradesh,KANPUR DEHAT,2014,Rabi,Masoor,244,131,0.536885246
Uttar Pradesh,KANPUR DEHAT,2014,Rabi,Onion,414,6334,15.29951691
Uttar Pradesh,KANPUR DEHAT,2014,Rabi,Peas & beans (Pulses),2338,1286,0.550042772
Uttar Pradesh,KANPUR DEHAT,2014,Rabi,Potato,3672,79191,21.56617647
Uttar Pradesh,KANPUR DEHAT,2014,Rabi,Rapeseed &Mustard,20675,13191,0.638016929
Uttar Pradesh,KANPUR DEHAT,2014,Rabi,Wheat,122103,203542,1.66696969
Uttar Pradesh,KANPUR DEHAT,2014,Summer,Maize,180,320,1.777777778
Uttar Pradesh,KANPUR DEHAT,2014,Summer,Moong(Green Gram),824,680,0.825242718
Uttar Pradesh,KANPUR DEHAT,2014,Summer,Onion,166,2377,14.31927711
Uttar Pradesh,KANPUR DEHAT,2014,Summer,Urad,537,375,0.698324022
Uttar Pradesh,KANPUR NAGAR,1997,Kharif,Arhar/Tur,9861,17694,1.794341345
Uttar Pradesh,KANPUR NAGAR,1997,Kharif,Bajra,1053,1726,1.639126306
Uttar Pradesh,KANPUR NAGAR,1997,Kharif,Castor seed,10,6,0.6
Uttar Pradesh,KANPUR NAGAR,1997,Kharif,Groundnut,304,243,0.799342105
Uttar Pradesh,KANPUR NAGAR,1997,Kharif,Jowar,17045,22645,1.328542094
Uttar Pradesh,KANPUR NAGAR,1997,Kharif,Maize,20421,49194,2.408990745
Uttar Pradesh,KANPUR NAGAR,1997,Kharif,Moong(Green Gram),350,155,0.442857143
Uttar Pradesh,KANPUR NAGAR,1997,Kharif,Oilseeds total,59531,33998,0.571097411
Uttar Pradesh,KANPUR NAGAR,1997,Kharif,Onion,512,3301,6.447265625
Uttar Pradesh,KANPUR NAGAR,1997,Kharif,Rice,37026,79325,2.142413439
Uttar Pradesh,KANPUR NAGAR,1997,Kharif,Sesamum,2744,549,0.200072886
Uttar Pradesh,KANPUR NAGAR,1997,Kharif,Soyabean,80,81,1.0125
Uttar Pradesh,KANPUR NAGAR,1997,Kharif,Total foodgrain,472330,1055792,2.235284653
Uttar Pradesh,KANPUR NAGAR,1997,Kharif,Urad,5821,4331,0.744030235
Uttar Pradesh,KANPUR NAGAR,1997,Rabi,Barley,9290,20230,2.177610334
Uttar Pradesh,KANPUR NAGAR,1997,Rabi,Gram,24679,28840,1.168604887
Uttar Pradesh,KANPUR NAGAR,1997,Rabi,Linseed,247,105,0.425101215
Uttar Pradesh,KANPUR NAGAR,1997,Rabi,Masoor,204,153,0.75
Uttar Pradesh,KANPUR NAGAR,1997,Rabi,Peas & beans (Pulses),4293,6653,1.549732122
Uttar Pradesh,KANPUR NAGAR,1997,Rabi,Rapeseed &Mustard,20463,9804,0.479108635
Uttar Pradesh,KANPUR NAGAR,1997,Rabi,Sunflower,3698,5600,1.514332071
Uttar Pradesh,KANPUR NAGAR,1997,Rabi,Wheat,100821,301675,2.992184168
Uttar Pradesh,KANPUR NAGAR,1997,Summer,Maize,12,19,1.583333333
Uttar Pradesh,KANPUR NAGAR,1997,Summer,Moong(Green Gram),1236,739,0.59789644
Uttar Pradesh,KANPUR NAGAR,1997,Summer,Urad,405,190,0.469135802
Uttar Pradesh,KANPUR NAGAR,1997,Whole Year,Potato,11325,143646,12.68397351
Uttar Pradesh,KANPUR NAGAR,1997,Whole Year,Sugarcane,4125,200013,48.488
Uttar Pradesh,KANPUR NAGAR,1998,Kharif,Arhar/Tur,9144,17872,1.954505687
Uttar Pradesh,KANPUR NAGAR,1998,Kharif,Bajra,1091,1287,1.179651696
Uttar Pradesh,KANPUR NAGAR,1998,Kharif,Cotton(lint),13,1,0.076923077
Uttar Pradesh,KANPUR NAGAR,1998,Kharif,Groundnut,324,269,0.830246914
Uttar Pradesh,KANPUR NAGAR,1998,Kharif,Jowar,16017,12685,0.791971031
Uttar Pradesh,KANPUR NAGAR,1998,Kharif,Maize,19901,33872,1.702025024
Uttar Pradesh,KANPUR NAGAR,1998,Kharif,Moong(Green Gram),440,96,0.218181818
Uttar Pradesh,KANPUR NAGAR,1998,Kharif,Rice,37150,77053,2.07410498
Uttar Pradesh,KANPUR NAGAR,1998,Kharif,Sesamum,2380,188,0.078991597
Uttar Pradesh,KANPUR NAGAR,1998,Kharif,Soyabean,96,40,0.416666667
Uttar Pradesh,KANPUR NAGAR,1998,Kharif,Urad,5685,1637,0.287950748
Uttar Pradesh,KANPUR NAGAR,1998,Rabi,Barley,9307,19191,2.061996347
Uttar Pradesh,KANPUR NAGAR,1998,Rabi,Castor seed,9,6,0.666666667
Uttar Pradesh,KANPUR NAGAR,1998,Rabi,Gram,24427,28718,1.175666271
Uttar Pradesh,KANPUR NAGAR,1998,Rabi,Linseed,278,105,0.377697842
Uttar Pradesh,KANPUR NAGAR,1998,Rabi,Masoor,204,148,0.725490196
Uttar Pradesh,KANPUR NAGAR,1998,Rabi,Peas & beans (Pulses),4305,7289,1.693147503
Uttar Pradesh,KANPUR NAGAR,1998,Rabi,Rapeseed &Mustard,20176,17103,0.847690325
Uttar Pradesh,KANPUR NAGAR,1998,Rabi,Sunflower,1880,2111,1.12287234
Uttar Pradesh,KANPUR NAGAR,1998,Rabi,Wheat,102090,317626,3.111235185
Uttar Pradesh,KANPUR NAGAR,1998,Summer,Maize,14,14,1
Uttar Pradesh,KANPUR NAGAR,1998,Summer,Moong(Green Gram),736,463,0.629076087
Uttar Pradesh,KANPUR NAGAR,1998,Summer,Rice,1,2,2
Uttar Pradesh,KANPUR NAGAR,1998,Summer,Urad,432,189,0.4375
Uttar Pradesh,KANPUR NAGAR,1998,Whole Year,Onion,293,3215,10.97269625
Uttar Pradesh,KANPUR NAGAR,1998,Whole Year,Potato,11084,236444,21.3320101
Uttar Pradesh,KANPUR NAGAR,1998,Whole Year,Sannhamp,201,73,0.36318408
Uttar Pradesh,KANPUR NAGAR,1998,Whole Year,Sugarcane,3932,204354,51.97202442
Uttar Pradesh,KANPUR NAGAR,1998,Whole Year,Tobacco,626,3927,6.273162939
Uttar Pradesh,KANPUR NAGAR,1998,Whole Year,Turmeric,4,7,1.75
Uttar Pradesh,KANPUR NAGAR,1999,Kharif,Arhar/Tur,19993,42383,2.119891962
Uttar Pradesh,KANPUR NAGAR,1999,Kharif,Bajra,10729,15753,1.468263585
Uttar Pradesh,KANPUR NAGAR,1999,Kharif,Castor seed,9,6,0.666666667
Uttar Pradesh,KANPUR NAGAR,1999,Kharif,Cotton(lint),12,12,1
Uttar Pradesh,KANPUR NAGAR,1999,Kharif,Groundnut,367,428,1.166212534
Uttar Pradesh,KANPUR NAGAR,1999,Kharif,Jowar,31633,45639,1.442765466
Uttar Pradesh,KANPUR NAGAR,1999,Kharif,Maize,35841,62611,1.746909963
Uttar Pradesh,KANPUR NAGAR,1999,Kharif,Moong(Green Gram),779,220,0.28241335
Uttar Pradesh,KANPUR NAGAR,1999,Kharif,Rice,81418,182417,2.240499644
Uttar Pradesh,KANPUR NAGAR,1999,Kharif,Small millets,10,5,0.5
Uttar Pradesh,KANPUR NAGAR,1999,Kharif,Soyabean,352,269,0.764204545
Uttar Pradesh,KANPUR NAGAR,1999,Kharif,Urad,12701,7788,0.613180065
Uttar Pradesh,KANPUR NAGAR,1999,Rabi,Barley,9394,19116,2.034915904
Uttar Pradesh,KANPUR NAGAR,1999,Rabi,Gram,48011,58041,1.208910458
Uttar Pradesh,KANPUR NAGAR,1999,Rabi,Linseed,390,171,0.438461538
Uttar Pradesh,KANPUR NAGAR,1999,Rabi,Maize,27,39,1.444444444
Uttar Pradesh,KANPUR NAGAR,1999,Rabi,Rapeseed &Mustard,52652,66676,1.266352655
Uttar Pradesh,KANPUR NAGAR,1999,Rabi,Wheat,203576,666531,3.274113844
Uttar Pradesh,KANPUR NAGAR,1999,Summer,Moong(Green Gram),1255,639,0.509163347
Uttar Pradesh,KANPUR NAGAR,1999,Summer,Urad,878,494,0.562642369
Uttar Pradesh,KANPUR NAGAR,1999,Whole Year,Moth,12,5,0.416666667
Uttar Pradesh,KANPUR NAGAR,1999,Whole Year,Onion,526,7540,14.33460076
Uttar Pradesh,KANPUR NAGAR,1999,Whole Year,Peas & beans (Pulses),12600,24935,1.978968254
Uttar Pradesh,KANPUR NAGAR,1999,Whole Year,Potato,11874,314572,26.49250463
Uttar Pradesh,KANPUR NAGAR,1999,Whole Year,Sugarcane,7645,318165,41.61739699
Uttar Pradesh,KANPUR NAGAR,1999,Whole Year,Tobacco,656,3145,4.794207317
Uttar Pradesh,KANPUR NAGAR,1999,Whole Year,Turmeric,9,14,1.555555556
Uttar Pradesh,KANPUR NAGAR,2000,Kharif,Arhar/Tur,20134,46020,2.285685904
Uttar Pradesh,KANPUR NAGAR,2000,Kharif,Bajra,10735,13859,1.291010713
Uttar Pradesh,KANPUR NAGAR,2000,Kharif,Castor seed,1,1,1
Uttar Pradesh,KANPUR NAGAR,2000,Kharif,Cotton(lint),10,12,1.2
Uttar Pradesh,KANPUR NAGAR,2000,Kharif,Groundnut,366,472,1.289617486
Uttar Pradesh,KANPUR NAGAR,2000,Kharif,Jowar,31821,39932,1.254894566
Uttar Pradesh,KANPUR NAGAR,2000,Kharif,Maize,36123,53650,1.485203333
Uttar Pradesh,KANPUR NAGAR,2000,Kharif,Moong(Green Gram),761,230,0.302233903
Uttar Pradesh,KANPUR NAGAR,2000,Kharif,Rice,79780,139920,1.753823013
Uttar Pradesh,KANPUR NAGAR,2000,Kharif,Sesamum,3757,804,0.214000532
Uttar Pradesh,KANPUR NAGAR,2000,Kharif,Small millets,5,3,0.6
Uttar Pradesh,KANPUR NAGAR,2000,Kharif,Soyabean,261,152,0.582375479
Uttar Pradesh,KANPUR NAGAR,2000,Kharif,Urad,12702,8189,0.644701622
Uttar Pradesh,KANPUR NAGAR,2000,Rabi,Barley,16861,36814,2.183381769
Uttar Pradesh,KANPUR NAGAR,2000,Rabi,Gram,47390,59226,1.249757333
Uttar Pradesh,KANPUR NAGAR,2000,Rabi,Linseed,360,130,0.361111111
Uttar Pradesh,KANPUR NAGAR,2000,Rabi,Maize,53,86,1.622641509
Uttar Pradesh,KANPUR NAGAR,2000,Rabi,Masoor,335,209,0.623880597
Uttar Pradesh,KANPUR NAGAR,2000,Rabi,Moong(Green Gram),1181,635,0.537679932
Uttar Pradesh,KANPUR NAGAR,2000,Rabi,Peas & beans (Pulses),11018,19502,1.770012706
Uttar Pradesh,KANPUR NAGAR,2000,Rabi,Rapeseed &Mustard,46109,52429,1.137066516
Uttar Pradesh,KANPUR NAGAR,2000,Rabi,Urad,854,425,0.49765808
Uttar Pradesh,KANPUR NAGAR,2000,Rabi,Wheat,209038,647014,3.095198002
Uttar Pradesh,KANPUR NAGAR,2000,Whole Year,Potato,11794,284809,24.1486349
Uttar Pradesh,KANPUR NAGAR,2000,Whole Year,Sugarcane,7609,361383,47.49415166
Uttar Pradesh,KANPUR NAGAR,2000,Whole Year,Turmeric,5,8,1.6
Uttar Pradesh,KANPUR NAGAR,2001,Kharif,Arhar/Tur,17403,36787,2.113830949
Uttar Pradesh,KANPUR NAGAR,2001,Kharif,Bajra,12305,15895,1.291751321
Uttar Pradesh,KANPUR NAGAR,2001,Kharif,Cotton(lint),14,12,0.857142857
Uttar Pradesh,KANPUR NAGAR,2001,Kharif,Groundnut,231,194,0.83982684
Uttar Pradesh,KANPUR NAGAR,2001,Kharif,Jowar,31987,31693,0.990808766
Uttar Pradesh,KANPUR NAGAR,2001,Kharif,Maize,34971,62611,1.790369163
Uttar Pradesh,KANPUR NAGAR,2001,Kharif,Moong(Green Gram),510,141,0.276470588
Uttar Pradesh,KANPUR NAGAR,2001,Kharif,Rice,102651,199417,1.942669823
Uttar Pradesh,KANPUR NAGAR,2001,Kharif,Sesamum,3286,539,0.164029215
Uttar Pradesh,KANPUR NAGAR,2001,Kharif,Small millets,28,18,0.642857143
Uttar Pradesh,KANPUR NAGAR,2001,Kharif,Soyabean,105,76,0.723809524
Uttar Pradesh,KANPUR NAGAR,2001,Kharif,Sunflower,1271,3751,2.951219512
Uttar Pradesh,KANPUR NAGAR,2001,Kharif,Urad,16868,7955,0.471603035
Uttar Pradesh,KANPUR NAGAR,2001,Rabi,Barley,13514,30467,2.254476839
Uttar Pradesh,KANPUR NAGAR,2001,Rabi,Gram,44512,54145,1.216413551
Uttar Pradesh,KANPUR NAGAR,2001,Rabi,Linseed,393,165,0.419847328
Uttar Pradesh,KANPUR NAGAR,2001,Rabi,Maize,119,194,1.630252101
Uttar Pradesh,KANPUR NAGAR,2001,Rabi,Masoor,1096,876,0.799270073
Uttar Pradesh,KANPUR NAGAR,2001,Rabi,Moong(Green Gram),1337,729,0.545250561
Uttar Pradesh,KANPUR NAGAR,2001,Rabi,Peas & beans (Pulses),6831,10685,1.564192651
Uttar Pradesh,KANPUR NAGAR,2001,Rabi,Rapeseed &Mustard,40771,47198,1.157636555
Uttar Pradesh,KANPUR NAGAR,2001,Rabi,Urad,886,556,0.627539503
Uttar Pradesh,KANPUR NAGAR,2001,Rabi,Wheat,219787,723117,3.290080851
Uttar Pradesh,KANPUR NAGAR,2001,Whole Year,Potato,11703,285382,24.38537127
Uttar Pradesh,KANPUR NAGAR,2001,Whole Year,Sugarcane,7085,339860,47.96894848
Uttar Pradesh,KANPUR NAGAR,2001,Whole Year,Tobacco,7,46,6.571428571
Uttar Pradesh,KANPUR NAGAR,2001,Whole Year,Turmeric,5,9,1.8
Uttar Pradesh,KANPUR NAGAR,2002,Kharif,Bajra,14022,16705,1.191342177
Uttar Pradesh,KANPUR NAGAR,2002,Kharif,Groundnut,90,59,0.655555556
Uttar Pradesh,KANPUR NAGAR,2002,Kharif,Jowar,28302,34487,1.218535793
Uttar Pradesh,KANPUR NAGAR,2002,Kharif,Maize,16528,20247,1.225012101
Uttar Pradesh,KANPUR NAGAR,2002,Kharif,Moong(Green Gram),354,238,0.672316384
Uttar Pradesh,KANPUR NAGAR,2002,Kharif,Rice,83843,154159,1.838662739
Uttar Pradesh,KANPUR NAGAR,2002,Kharif,Sesamum,2646,426,0.160997732
Uttar Pradesh,KANPUR NAGAR,2002,Kharif,Small millets,5,3,0.6
Uttar Pradesh,KANPUR NAGAR,2002,Kharif,Soyabean,36,6,0.166666667
Uttar Pradesh,KANPUR NAGAR,2002,Kharif,Sunflower,966,1864,1.929606625
Uttar Pradesh,KANPUR NAGAR,2002,Kharif,Urad,16146,10975,0.679734919
Uttar Pradesh,KANPUR NAGAR,2002,Rabi,Barley,12854,31378,2.441107826
Uttar Pradesh,KANPUR NAGAR,2002,Rabi,Gram,44670,60773,1.360488023
Uttar Pradesh,KANPUR NAGAR,2002,Rabi,Linseed,161,70,0.434782609
Uttar Pradesh,KANPUR NAGAR,2002,Rabi,Maize,123,136,1.105691057
Uttar Pradesh,KANPUR NAGAR,2002,Rabi,Masoor,850,648,0.762352941
Uttar Pradesh,KANPUR NAGAR,2002,Rabi,Onion,238,2456,10.31932773
Uttar Pradesh,KANPUR NAGAR,2002,Rabi,Peas & beans (Pulses),6050,9882,1.63338843
Uttar Pradesh,KANPUR NAGAR,2002,Rabi,Rapeseed &Mustard,38046,39988,1.051043474
Uttar Pradesh,KANPUR NAGAR,2002,Rabi,Wheat,217858,642237,2.947961516
Uttar Pradesh,KANPUR NAGAR,2002,Summer,Moong(Green Gram),1067,558,0.522961575
Uttar Pradesh,KANPUR NAGAR,2002,Summer,Onion,252,2818,11.18253968
Uttar Pradesh,KANPUR NAGAR,2002,Summer,Rice,4,8,2
Uttar Pradesh,KANPUR NAGAR,2002,Summer,Urad,752,632,0.840425532
Uttar Pradesh,KANPUR NAGAR,2002,Whole Year,Potato,13204,327768,24.82338685
Uttar Pradesh,KANPUR NAGAR,2002,Whole Year,Sannhamp,62,20,0.322580645
Uttar Pradesh,KANPUR NAGAR,2002,Whole Year,Sugarcane,6595,287101,43.53313116
Uttar Pradesh,KANPUR NAGAR,2002,Whole Year,Tobacco,19,112,5.894736842
Uttar Pradesh,KANPUR NAGAR,2002,Whole Year,Turmeric,8,14,1.75
Uttar Pradesh,KANPUR NAGAR,2003,Kharif,Arhar/Tur,6533,12147,1.859329558
Uttar Pradesh,KANPUR NAGAR,2003,Kharif,Bajra,831,991,1.19253911
Uttar Pradesh,KANPUR NAGAR,2003,Kharif,Groundnut,156,104,0.666666667
Uttar Pradesh,KANPUR NAGAR,2003,Kharif,Jowar,14268,15199,1.065250911
Uttar Pradesh,KANPUR NAGAR,2003,Kharif,Maize,18305,25902,1.415023218
Uttar Pradesh,KANPUR NAGAR,2003,Kharif,Moong(Green Gram),224,53,0.236607143
Uttar Pradesh,KANPUR NAGAR,2003,Kharif,Rice,36528,74896,2.050372317
Uttar Pradesh,KANPUR NAGAR,2003,Kharif,Sesamum,2127,277,0.130230371
Uttar Pradesh,KANPUR NAGAR,2003,Kharif,Soyabean,9,10,1.111111111
Uttar Pradesh,KANPUR NAGAR,2003,Kharif,Sunflower,1721,2850,1.656013945
Uttar Pradesh,KANPUR NAGAR,2003,Kharif,Urad,8673,5143,0.592989738
Uttar Pradesh,KANPUR NAGAR,2003,Rabi,Barley,5602,13934,2.487325955
Uttar Pradesh,KANPUR NAGAR,2003,Rabi,Gram,15351,14983,0.97602762
Uttar Pradesh,KANPUR NAGAR,2003,Rabi,Linseed,123,61,0.495934959
Uttar Pradesh,KANPUR NAGAR,2003,Rabi,Masoor,796,717,0.900753769
Uttar Pradesh,KANPUR NAGAR,2003,Rabi,Onion,140,2009,14.35
Uttar Pradesh,KANPUR NAGAR,2003,Rabi,Peas & beans (Pulses),2195,3519,1.603189066
Uttar Pradesh,KANPUR NAGAR,2003,Rabi,Rapeseed &Mustard,12877,10831,0.84111206
Uttar Pradesh,KANPUR NAGAR,2003,Rabi,Wheat,98981,325992,3.293480567
Uttar Pradesh,KANPUR NAGAR,2003,Summer,Maize,52,71,1.365384615
Uttar Pradesh,KANPUR NAGAR,2003,Summer,Moong(Green Gram),601,356,0.59234609
Uttar Pradesh,KANPUR NAGAR,2003,Summer,Onion,205,2088,10.18536585
Uttar Pradesh,KANPUR NAGAR,2003,Summer,Urad,332,291,0.876506024
Uttar Pradesh,KANPUR NAGAR,2003,Whole Year,Potato,6867,154659,22.52206204
Uttar Pradesh,KANPUR NAGAR,2003,Whole Year,Sannhamp,50,15,0.3
Uttar Pradesh,KANPUR NAGAR,2003,Whole Year,Sugarcane,4099,173413,42.30617224
Uttar Pradesh,KANPUR NAGAR,2003,Whole Year,Tobacco,2,5,2.5
Uttar Pradesh,KANPUR NAGAR,2003,Whole Year,Turmeric,3,5,1.666666667
Uttar Pradesh,KANPUR NAGAR,2004,Kharif,Bajra,794,1290,1.624685139
Uttar Pradesh,KANPUR NAGAR,2004,Kharif,Groundnut,151,124,0.821192053
Uttar Pradesh,KANPUR NAGAR,2004,Kharif,Jowar,13446,14115,1.049754574
Uttar Pradesh,KANPUR NAGAR,2004,Kharif,Maize,19494,29027,1.489022263
Uttar Pradesh,KANPUR NAGAR,2004,Kharif,Rice,37165,71748,1.930526033
Uttar Pradesh,KANPUR NAGAR,2004,Kharif,Sannhamp,40,11,0.275
Uttar Pradesh,KANPUR NAGAR,2004,Kharif,Sesamum,2221,355,0.159837911
Uttar Pradesh,KANPUR NAGAR,2004,Kharif,Small millets,5,2,0.4
Uttar Pradesh,KANPUR NAGAR,2004,Kharif,Soyabean,7,3,0.428571429
Uttar Pradesh,KANPUR NAGAR,2004,Kharif,Sugarcane,4090,210973,51.58264059
Uttar Pradesh,KANPUR NAGAR,2004,Rabi,Barley,5233,8423,1.609592968
Uttar Pradesh,KANPUR NAGAR,2004,Rabi,Gram,16457,15780,0.95886249
Uttar Pradesh,KANPUR NAGAR,2004,Rabi,Linseed,158,73,0.462025316
Uttar Pradesh,KANPUR NAGAR,2004,Rabi,Potato,10473,220530,21.05700372
Uttar Pradesh,KANPUR NAGAR,2004,Rabi,Rapeseed &Mustard,16064,13588,0.845866534
Uttar Pradesh,KANPUR NAGAR,2004,Rabi,Wheat,103011,265513,2.577520847
Uttar Pradesh,KANPUR NAGAR,2004,Summer,Sunflower,1697,3316,1.954036535
Uttar Pradesh,KANPUR NAGAR,2004,Whole Year,Dry chillies,1873,1758,0.938601175
Uttar Pradesh,KANPUR NAGAR,2004,Whole Year,Guar seed,29,24,0.827586207
Uttar Pradesh,KANPUR NAGAR,2004,Whole Year,Onion,299,3382,11.31103679
Uttar Pradesh,KANPUR NAGAR,2004,Whole Year,Sweet potato,499,5800,11.62324649
Uttar Pradesh,KANPUR NAGAR,2004,Whole Year,Tobacco,157,824,5.248407643
Uttar Pradesh,KANPUR NAGAR,2005,Kharif,Bajra,801,1252,1.563046192
Uttar Pradesh,KANPUR NAGAR,2005,Kharif,Jowar,14741,17173,1.164982023
Uttar Pradesh,KANPUR NAGAR,2005,Kharif,Maize,20819,21673,1.041020222
Uttar Pradesh,KANPUR NAGAR,2005,Kharif,Rice,32279,64493,1.997986307
Uttar Pradesh,KANPUR NAGAR,2005,Kharif,Sannhamp,62,21,0.338709677
Uttar Pradesh,KANPUR NAGAR,2005,Kharif,Sesamum,2311,411,0.177845089
Uttar Pradesh,KANPUR NAGAR,2005,Kharif,Soyabean,9,7,0.777777778
Uttar Pradesh,KANPUR NAGAR,2005,Kharif,Sugarcane,4652,148063,31.82781599
Uttar Pradesh,KANPUR NAGAR,2005,Rabi,Barley,2724,7583,2.783773862
Uttar Pradesh,KANPUR NAGAR,2005,Rabi,Gram,10937,14518,1.327420682
Uttar Pradesh,KANPUR NAGAR,2005,Rabi,Linseed,104,43,0.413461538
Uttar Pradesh,KANPUR NAGAR,2005,Rabi,Potato,6280,162853,25.93200637
Uttar Pradesh,KANPUR NAGAR,2005,Rabi,Rapeseed &Mustard,17339,18137,1.046023415
Uttar Pradesh,KANPUR NAGAR,2005,Rabi,Turmeric,4,18,4.5
Uttar Pradesh,KANPUR NAGAR,2005,Rabi,Wheat,89745,250922,2.795944064
Uttar Pradesh,KANPUR NAGAR,2005,Summer,Sunflower,1718,2280,1.327124563
Uttar Pradesh,KANPUR NAGAR,2005,Whole Year,Coriander,356,204,0.573033708
Uttar Pradesh,KANPUR NAGAR,2005,Whole Year,Dry chillies,1785,1630,0.913165266
Uttar Pradesh,KANPUR NAGAR,2005,Whole Year,Garlic,29,126,4.344827586
Uttar Pradesh,KANPUR NAGAR,2005,Whole Year,Guar seed,105,85,0.80952381
Uttar Pradesh,KANPUR NAGAR,2005,Whole Year,Onion,209,2677,12.80861244
Uttar Pradesh,KANPUR NAGAR,2005,Whole Year,Sweet potato,480,6279,13.08125
Uttar Pradesh,KANPUR NAGAR,2005,Whole Year,Tobacco,37,170,4.594594595
Uttar Pradesh,KANPUR NAGAR,2006,Kharif,Arhar/Tur,7105,8637,1.215622801
Uttar Pradesh,KANPUR NAGAR,2006,Kharif,Bajra,3344,5519,1.65041866
Uttar Pradesh,KANPUR NAGAR,2006,Kharif,Groundnut,492,356,0.723577236
Uttar Pradesh,KANPUR NAGAR,2006,Kharif,Jowar,9587,10598,1.105455304
Uttar Pradesh,KANPUR NAGAR,2006,Kharif,Maize,19540,21846,1.11801433
Uttar Pradesh,KANPUR NAGAR,2006,Kharif,Other Kharif pulses,10507,4477,0.426096888
Uttar Pradesh,KANPUR NAGAR,2006,Kharif,Rice,30487,49480,1.622986847
Uttar Pradesh,KANPUR NAGAR,2006,Kharif,Sannhamp,2,1,0.5
Uttar Pradesh,KANPUR NAGAR,2006,Kharif,Sesamum,1711,287,0.167738165
Uttar Pradesh,KANPUR NAGAR,2006,Kharif,Small millets,5,3,0.6
Uttar Pradesh,KANPUR NAGAR,2006,Kharif,Soyabean,7,7,1
Uttar Pradesh,KANPUR NAGAR,2006,Kharif,Sugarcane,4492,216974,48.30231523
Uttar Pradesh,KANPUR NAGAR,2006,Kharif,Sweet potato,313,4272,13.6485623
Uttar Pradesh,KANPUR NAGAR,2006,Rabi,Barley,4013,8932,2.22576626
Uttar Pradesh,KANPUR NAGAR,2006,Rabi,Garlic,142,624,4.394366197
Uttar Pradesh,KANPUR NAGAR,2006,Rabi,Gram,13674,14014,1.024864707
Uttar Pradesh,KANPUR NAGAR,2006,Rabi,Linseed,384,135,0.3515625
Uttar Pradesh,KANPUR NAGAR,2006,Rabi,Masoor,1047,1272,1.214899713
Uttar Pradesh,KANPUR NAGAR,2006,Rabi,Onion,63,1209,19.19047619
Uttar Pradesh,KANPUR NAGAR,2006,Rabi,Other  Rabi pulses,2224,3251,1.461780576
Uttar Pradesh,KANPUR NAGAR,2006,Rabi,Potato,9781,231428,23.66097536
Uttar Pradesh,KANPUR NAGAR,2006,Rabi,Rapeseed &Mustard,13463,12035,0.893931516
Uttar Pradesh,KANPUR NAGAR,2006,Rabi,Tobacco,85,452,5.317647059
Uttar Pradesh,KANPUR NAGAR,2006,Rabi,Wheat,89726,270138,3.01069924
Uttar Pradesh,KANPUR NAGAR,2006,Summer,Maize,59,78,1.322033898
Uttar Pradesh,KANPUR NAGAR,2006,Summer,Onion,180,2096,11.64444444
Uttar Pradesh,KANPUR NAGAR,2006,Summer,Sunflower,518,1086,2.096525097
Uttar Pradesh,KANPUR NAGAR,2006,Summer,Tobacco,79,233,2.949367089
Uttar Pradesh,KANPUR NAGAR,2006,Whole Year,Coriander,584,304,0.520547945
Uttar Pradesh,KANPUR NAGAR,2006,Whole Year,Dry chillies,1599,1517,0.948717949
Uttar Pradesh,KANPUR NAGAR,2006,Whole Year,Guar seed,45,38,0.844444444
Uttar Pradesh,KANPUR NAGAR,2007,Kharif,Arhar/Tur,5418,10951,2.021225544
Uttar Pradesh,KANPUR NAGAR,2007,Kharif,Bajra,412,755,1.832524272
Uttar Pradesh,KANPUR NAGAR,2007,Kharif,Dry chillies,1639,1580,0.964002441
Uttar Pradesh,KANPUR NAGAR,2007,Kharif,Groundnut,395,236,0.597468354
Uttar Pradesh,KANPUR NAGAR,2007,Kharif,Guar seed,49,41,0.836734694
Uttar Pradesh,KANPUR NAGAR,2007,Kharif,Jowar,14071,15292,1.086774216
Uttar Pradesh,KANPUR NAGAR,2007,Kharif,Maize,23186,37306,1.608988183
Uttar Pradesh,KANPUR NAGAR,2007,Kharif,Moong(Green Gram),261,52,0.199233716
Uttar Pradesh,KANPUR NAGAR,2007,Kharif,Rice,33909,63986,1.886991654
Uttar Pradesh,KANPUR NAGAR,2007,Kharif,Sannhamp,47,9,0.191489362
Uttar Pradesh,KANPUR NAGAR,2007,Kharif,Sesamum,2086,321,0.15388303
Uttar Pradesh,KANPUR NAGAR,2007,Kharif,Soyabean,12,8,0.666666667
Uttar Pradesh,KANPUR NAGAR,2007,Kharif,Sugarcane,5413,221218,40.86791059
Uttar Pradesh,KANPUR NAGAR,2007,Kharif,Sweet potato,420,5654,13.46190476
Uttar Pradesh,KANPUR NAGAR,2007,Kharif,Urad,6437,2536,0.393972347
Uttar Pradesh,KANPUR NAGAR,2007,Rabi,Barley,2487,4029,1.620024125
Uttar Pradesh,KANPUR NAGAR,2007,Rabi,Coriander,493,286,0.580121704
Uttar Pradesh,KANPUR NAGAR,2007,Rabi,Gram,13187,10756,0.815651778
Uttar Pradesh,KANPUR NAGAR,2007,Rabi,Linseed,172,44,0.255813953
Uttar Pradesh,KANPUR NAGAR,2007,Rabi,Maize,23,65,2.826086957
Uttar Pradesh,KANPUR NAGAR,2007,Rabi,Masoor,1169,707,0.604790419
Uttar Pradesh,KANPUR NAGAR,2007,Rabi,Onion,413,5771,13.97336562
Uttar Pradesh,KANPUR NAGAR,2007,Rabi,Other  Rabi pulses,2184,4001,1.831959707
Uttar Pradesh,KANPUR NAGAR,2007,Rabi,Potato,12252,279431,22.80697029
Uttar Pradesh,KANPUR NAGAR,2007,Rabi,Rapeseed &Mustard,13937,11126,0.798306666
Uttar Pradesh,KANPUR NAGAR,2007,Rabi,Turmeric,2,6,3
Uttar Pradesh,KANPUR NAGAR,2007,Rabi,Wheat,99847,266372,2.667801737
Uttar Pradesh,KANPUR NAGAR,2007,Summer,Maize,67,96,1.432835821
Uttar Pradesh,KANPUR NAGAR,2007,Summer,Moong(Green Gram),473,316,0.66807611
Uttar Pradesh,KANPUR NAGAR,2007,Summer,Onion,292,2480,8.493150685
Uttar Pradesh,KANPUR NAGAR,2007,Summer,Sunflower,2644,1391,0.526096823
Uttar Pradesh,KANPUR NAGAR,2007,Summer,Tobacco,101,251,2.485148515
Uttar Pradesh,KANPUR NAGAR,2007,Summer,Urad,335,219,0.653731343
Uttar Pradesh,KANPUR NAGAR,2008,Kharif,Arhar/Tur,5140,10603,2.062840467
Uttar Pradesh,KANPUR NAGAR,2008,Kharif,Bajra,684,1500,2.192982456
Uttar Pradesh,KANPUR NAGAR,2008,Kharif,Dry chillies,1683,1678,0.997029115
Uttar Pradesh,KANPUR NAGAR,2008,Kharif,Groundnut,204,146,0.715686275
Uttar Pradesh,KANPUR NAGAR,2008,Kharif,Jowar,12020,17890,1.488352745
Uttar Pradesh,KANPUR NAGAR,2008,Kharif,Maize,18910,32525,1.719989424
Uttar Pradesh,KANPUR NAGAR,2008,Kharif,Moong(Green Gram),690,255,0.369565217
Uttar Pradesh,KANPUR NAGAR,2008,Kharif,Rice,34040,74003,2.174001175
Uttar Pradesh,KANPUR NAGAR,2008,Kharif,Sannhamp,70,22,0.314285714
Uttar Pradesh,KANPUR NAGAR,2008,Kharif,Sesamum,1685,278,0.164985163
Uttar Pradesh,KANPUR NAGAR,2008,Kharif,Soyabean,3,2,0.666666667
Uttar Pradesh,KANPUR NAGAR,2008,Kharif,Sugarcane,5891,228712,38.82396877
Uttar Pradesh,KANPUR NAGAR,2008,Kharif,Sweet potato,353,4335,12.28045326
Uttar Pradesh,KANPUR NAGAR,2008,Kharif,Urad,5921,2576,0.435061645
Uttar Pradesh,KANPUR NAGAR,2008,Rabi,Barley,3570,6483,1.815966387
Uttar Pradesh,KANPUR NAGAR,2008,Rabi,Coriander,518,309,0.596525097
Uttar Pradesh,KANPUR NAGAR,2008,Rabi,Garlic,52,306,5.884615385
Uttar Pradesh,KANPUR NAGAR,2008,Rabi,Gram,13385,17198,1.284871124
Uttar Pradesh,KANPUR NAGAR,2008,Rabi,Linseed,95,43,0.452631579
Uttar Pradesh,KANPUR NAGAR,2008,Rabi,Masoor,1050,927,0.882857143
Uttar Pradesh,KANPUR NAGAR,2008,Rabi,Onion,215,2520,11.72093023
Uttar Pradesh,KANPUR NAGAR,2008,Rabi,Peas & beans (Pulses),1854,3037,1.638079827
Uttar Pradesh,KANPUR NAGAR,2008,Rabi,Potato,11681,310574,26.58796336
Uttar Pradesh,KANPUR NAGAR,2008,Rabi,Rapeseed &Mustard,14515,14013,0.965415088
Uttar Pradesh,KANPUR NAGAR,2008,Rabi,Wheat,101671,298443,2.935379803
Uttar Pradesh,KANPUR NAGAR,2008,Summer,Maize,317,474,1.495268139
Uttar Pradesh,KANPUR NAGAR,2008,Summer,Moong(Green Gram),499,397,0.795591182
Uttar Pradesh,KANPUR NAGAR,2008,Summer,Sunflower,1161,4334,3.732988803
Uttar Pradesh,KANPUR NAGAR,2008,Summer,Tobacco,143,325,2.272727273
Uttar Pradesh,KANPUR NAGAR,2008,Summer,Urad,395,386,0.97721519
Uttar Pradesh,KANPUR NAGAR,2009,Kharif,Arhar/Tur,5272,6201,1.176213961
Uttar Pradesh,KANPUR NAGAR,2009,Kharif,Bajra,890,1782,2.002247191
Uttar Pradesh,KANPUR NAGAR,2009,Kharif,Dry chillies,1716,1512,0.881118881
Uttar Pradesh,KANPUR NAGAR,2009,Kharif,Groundnut,202,136,0.673267327
Uttar Pradesh,KANPUR NAGAR,2009,Kharif,Guar seed,46,38,0.826086957
Uttar Pradesh,KANPUR NAGAR,2009,Kharif,Jowar,11048,12568,1.137581463
Uttar Pradesh,KANPUR NAGAR,2009,Kharif,Maize,17259,23783,1.378005678
Uttar Pradesh,KANPUR NAGAR,2009,Kharif,Moong(Green Gram),267,39,0.146067416
Uttar Pradesh,KANPUR NAGAR,2009,Kharif,Rice,24103,55485,2.301995602
Uttar Pradesh,KANPUR NAGAR,2009,Kharif,Sannhamp,26,5,0.192307692
Uttar Pradesh,KANPUR NAGAR,2009,Kharif,Sesamum,2648,275,0.103851964
Uttar Pradesh,KANPUR NAGAR,2009,Kharif,Soyabean,51,54,1.058823529
Uttar Pradesh,KANPUR NAGAR,2009,Kharif,Sugarcane,2391,98414,41.16018402
Uttar Pradesh,KANPUR NAGAR,2009,Kharif,Sweet potato,413,5617,13.60048426
Uttar Pradesh,KANPUR NAGAR,2009,Kharif,Urad,6997,2701,0.386022581
Uttar Pradesh,KANPUR NAGAR,2009,Rabi,Barley,5705,11842,2.07572305
Uttar Pradesh,KANPUR NAGAR,2009,Rabi,Coriander,364,207,0.568681319
Uttar Pradesh,KANPUR NAGAR,2009,Rabi,Garlic,50,266,5.32
Uttar Pradesh,KANPUR NAGAR,2009,Rabi,Gram,14948,17586,1.176478459
Uttar Pradesh,KANPUR NAGAR,2009,Rabi,Linseed,157,69,0.439490446
Uttar Pradesh,KANPUR NAGAR,2009,Rabi,Maize,278,850,3.057553957
Uttar Pradesh,KANPUR NAGAR,2009,Rabi,Masoor,724,581,0.802486188
Uttar Pradesh,KANPUR NAGAR,2009,Rabi,Onion,498,8553,17.1746988
Uttar Pradesh,KANPUR NAGAR,2009,Rabi,Peas & beans (Pulses),2424,4048,1.669966997
Uttar Pradesh,KANPUR NAGAR,2009,Rabi,Potato,13123,349019,26.59597653
Uttar Pradesh,KANPUR NAGAR,2009,Rabi,Rapeseed &Mustard,14332,15047,1.049888362
Uttar Pradesh,KANPUR NAGAR,2009,Rabi,Tobacco,63,309,4.904761905
Uttar Pradesh,KANPUR NAGAR,2009,Rabi,Turmeric,2,7,3.5
Uttar Pradesh,KANPUR NAGAR,2009,Rabi,Wheat,100134,295050,2.946551621
Uttar Pradesh,KANPUR NAGAR,2009,Summer,Maize,971,1413,1.455200824
Uttar Pradesh,KANPUR NAGAR,2009,Summer,Moong(Green Gram),476,406,0.852941176
Uttar Pradesh,KANPUR NAGAR,2009,Summer,Onion,264,2916,11.04545455
Uttar Pradesh,KANPUR NAGAR,2009,Summer,Sunflower,884,1554,1.757918552
Uttar Pradesh,KANPUR NAGAR,2009,Summer,Tobacco,45,192,4.266666667
Uttar Pradesh,KANPUR NAGAR,2009,Summer,Urad,358,286,0.798882682
Uttar Pradesh,KANPUR NAGAR,2010,Kharif,Arhar/Tur,5804,9984,1.72019297
Uttar Pradesh,KANPUR NAGAR,2010,Kharif,Bajra,1203,2414,2.006650042
Uttar Pradesh,KANPUR NAGAR,2010,Kharif,Dry chillies,1684,1473,0.874703088
Uttar Pradesh,KANPUR NAGAR,2010,Kharif,Groundnut,163,161,0.987730061
Uttar Pradesh,KANPUR NAGAR,2010,Kharif,Guar seed,49,41,0.836734694
Uttar Pradesh,KANPUR NAGAR,2010,Kharif,Jowar,12258,16761,1.367351933
Uttar Pradesh,KANPUR NAGAR,2010,Kharif,Maize,20134,25006,1.241978742
Uttar Pradesh,KANPUR NAGAR,2010,Kharif,Moong(Green Gram),336,158,0.470238095
Uttar Pradesh,KANPUR NAGAR,2010,Kharif,Rice,31353,70638,2.252990144
Uttar Pradesh,KANPUR NAGAR,2010,Kharif,Sannhamp,11,4,0.363636364
Uttar Pradesh,KANPUR NAGAR,2010,Kharif,Sesamum,2383,469,0.196810743
Uttar Pradesh,KANPUR NAGAR,2010,Kharif,Soyabean,3,4,1.333333333
Uttar Pradesh,KANPUR NAGAR,2010,Kharif,Sugarcane,2972,129936,43.72005384
Uttar Pradesh,KANPUR NAGAR,2010,Kharif,Sweet potato,396,4876,12.31313131
Uttar Pradesh,KANPUR NAGAR,2010,Kharif,Urad,7516,4998,0.664981373
Uttar Pradesh,KANPUR NAGAR,2010,Rabi,Barley,4624,10732,2.320934256
Uttar Pradesh,KANPUR NAGAR,2010,Rabi,Gram,15769,22995,1.458240852
Uttar Pradesh,KANPUR NAGAR,2010,Rabi,Masoor,449,506,1.126948775
Uttar Pradesh,KANPUR NAGAR,2010,Rabi,Onion,265,4878,18.40754717
Uttar Pradesh,KANPUR NAGAR,2010,Rabi,Peas & beans (Pulses),2361,3745,1.586192291
Uttar Pradesh,KANPUR NAGAR,2010,Rabi,Potato,12355,216460,17.52003238
Uttar Pradesh,KANPUR NAGAR,2010,Rabi,Rapeseed &Mustard,13614,17099,1.255986485
Uttar Pradesh,KANPUR NAGAR,2010,Rabi,Tobacco,65,330,5.076923077
Uttar Pradesh,KANPUR NAGAR,2010,Rabi,Turmeric,5,16,3.2
Uttar Pradesh,KANPUR NAGAR,2010,Rabi,Wheat,101518,353250,3.479678481
Uttar Pradesh,KANPUR NAGAR,2010,Summer,Maize,1320,1935,1.465909091
Uttar Pradesh,KANPUR NAGAR,2010,Summer,Moong(Green Gram),847,870,1.027154664
Uttar Pradesh,KANPUR NAGAR,2010,Summer,Sunflower,181,318,1.756906077
Uttar Pradesh,KANPUR NAGAR,2010,Summer,Urad,563,581,1.031971581
Uttar Pradesh,KANPUR NAGAR,2011,Kharif,Arhar/Tur,6196,16072,2.593931569
Uttar Pradesh,KANPUR NAGAR,2011,Kharif,Bajra,1819,3257,1.790544255
Uttar Pradesh,KANPUR NAGAR,2011,Kharif,Dry chillies,1265,1050,0.830039526
Uttar Pradesh,KANPUR NAGAR,2011,Kharif,Groundnut,256,256,1
Uttar Pradesh,KANPUR NAGAR,2011,Kharif,Guar seed,38,31,0.815789474
Uttar Pradesh,KANPUR NAGAR,2011,Kharif,Jowar,11564,15532,1.343133864
Uttar Pradesh,KANPUR NAGAR,2011,Kharif,Maize,19898,26982,1.35601568
Uttar Pradesh,KANPUR NAGAR,2011,Kharif,Moong(Green Gram),297,126,0.424242424
Uttar Pradesh,KANPUR NAGAR,2011,Kharif,Rice,33478,90658,2.707987335
Uttar Pradesh,KANPUR NAGAR,2011,Kharif,Sannhamp,6,2,0.333333333
Uttar Pradesh,KANPUR NAGAR,2011,Kharif,Sesamum,2289,586,0.25600699
Uttar Pradesh,KANPUR NAGAR,2011,Kharif,Sugarcane,2932,138308,47.17189632
Uttar Pradesh,KANPUR NAGAR,2011,Kharif,Sweet potato,379,4925,12.99472296
Uttar Pradesh,KANPUR NAGAR,2011,Kharif,Urad,6006,3315,0.551948052
Uttar Pradesh,KANPUR NAGAR,2011,Rabi,Barley,5066,13785,2.721081721
Uttar Pradesh,KANPUR NAGAR,2011,Rabi,Coriander,407,225,0.552825553
Uttar Pradesh,KANPUR NAGAR,2011,Rabi,Garlic,135,698,5.17037037
Uttar Pradesh,KANPUR NAGAR,2011,Rabi,Gram,17134,21575,1.259192249
Uttar Pradesh,KANPUR NAGAR,2011,Rabi,Maize,634,1512,2.384858044
Uttar Pradesh,KANPUR NAGAR,2011,Rabi,Masoor,1173,1004,0.855924979
Uttar Pradesh,KANPUR NAGAR,2011,Rabi,Onion,415,9493,22.8746988
Uttar Pradesh,KANPUR NAGAR,2011,Rabi,Peas & beans (Pulses),1607,2466,1.534536403
Uttar Pradesh,KANPUR NAGAR,2011,Rabi,Potato,12454,211344,16.96996949
Uttar Pradesh,KANPUR NAGAR,2011,Rabi,Rapeseed &Mustard,15368,17876,1.163196252
Uttar Pradesh,KANPUR NAGAR,2011,Rabi,Tobacco,136,602,4.426470588
Uttar Pradesh,KANPUR NAGAR,2011,Rabi,Turmeric,7,20,2.857142857
Uttar Pradesh,KANPUR NAGAR,2011,Rabi,Wheat,102955,356662,3.464251372
Uttar Pradesh,KANPUR NAGAR,2011,Summer,Maize,1317,2177,1.652999241
Uttar Pradesh,KANPUR NAGAR,2011,Summer,Moong(Green Gram),710,481,0.677464789
Uttar Pradesh,KANPUR NAGAR,2011,Summer,Onion,477,4017,8.421383648
Uttar Pradesh,KANPUR NAGAR,2011,Summer,Sunflower,303,517,1.706270627
Uttar Pradesh,KANPUR NAGAR,2011,Summer,Tobacco,39,121,3.102564103
Uttar Pradesh,KANPUR NAGAR,2011,Summer,Urad,509,433,0.850687623
Uttar Pradesh,KANPUR NAGAR,2012,Kharif,Arhar/Tur,6482,14105,2.176025918
Uttar Pradesh,KANPUR NAGAR,2012,Kharif,Bajra,1562,2074,1.327784891
Uttar Pradesh,KANPUR NAGAR,2012,Kharif,Dry chillies,1303,1047,0.803530315
Uttar Pradesh,KANPUR NAGAR,2012,Kharif,Dry ginger,32,157,4.90625
Uttar Pradesh,KANPUR NAGAR,2012,Kharif,Groundnut,388,385,0.992268041
Uttar Pradesh,KANPUR NAGAR,2012,Kharif,Guar seed,40,33,0.825
Uttar Pradesh,KANPUR NAGAR,2012,Kharif,Jowar,12693,18996,1.496572914
Uttar Pradesh,KANPUR NAGAR,2012,Kharif,Maize,19538,28584,1.462995189
Uttar Pradesh,KANPUR NAGAR,2012,Kharif,Moong(Green Gram),397,201,0.506297229
Uttar Pradesh,KANPUR NAGAR,2012,Kharif,Rice,31891,74689,2.342008717
Uttar Pradesh,KANPUR NAGAR,2012,Kharif,Sannhamp,17,6,0.352941176
Uttar Pradesh,KANPUR NAGAR,2012,Kharif,Sesamum,3205,641,0.2
Uttar Pradesh,KANPUR NAGAR,2012,Kharif,Sugarcane,3031,167626,55.30386011
Uttar Pradesh,KANPUR NAGAR,2012,Kharif,Sweet potato,266,3444,12.94736842
Uttar Pradesh,KANPUR NAGAR,2012,Kharif,Urad,6199,3161,0.509920955
Uttar Pradesh,KANPUR NAGAR,2012,Rabi,Barley,4800,14994,3.12375
Uttar Pradesh,KANPUR NAGAR,2012,Rabi,Coriander,420,227,0.54047619
Uttar Pradesh,KANPUR NAGAR,2012,Rabi,Garlic,147,764,5.197278912
Uttar Pradesh,KANPUR NAGAR,2012,Rabi,Gram,16588,20591,1.241319026
Uttar Pradesh,KANPUR NAGAR,2012,Rabi,Maize,5,16,3.2
Uttar Pradesh,KANPUR NAGAR,2012,Rabi,Masoor,1168,1425,1.220034247
Uttar Pradesh,KANPUR NAGAR,2012,Rabi,Onion,374,8603,23.0026738
Uttar Pradesh,KANPUR NAGAR,2012,Rabi,Peas & beans (Pulses),1638,2635,1.608669109
Uttar Pradesh,KANPUR NAGAR,2012,Rabi,Potato,12346,138016,11.17900535
Uttar Pradesh,KANPUR NAGAR,2012,Rabi,Rapeseed &Mustard,14896,19777,1.327671858
Uttar Pradesh,KANPUR NAGAR,2012,Rabi,Tobacco,93,503,5.408602151
Uttar Pradesh,KANPUR NAGAR,2012,Rabi,Turmeric,12,34,2.833333333
Uttar Pradesh,KANPUR NAGAR,2012,Rabi,Wheat,106886,380275,3.557762476
Uttar Pradesh,KANPUR NAGAR,2012,Summer,Maize,1229,2270,1.847030106
Uttar Pradesh,KANPUR NAGAR,2012,Summer,Moong(Green Gram),648,535,0.825617284
Uttar Pradesh,KANPUR NAGAR,2012,Summer,Onion,486,2868,5.901234568
Uttar Pradesh,KANPUR NAGAR,2012,Summer,Sunflower,329,255,0.775075988
Uttar Pradesh,KANPUR NAGAR,2012,Summer,Tobacco,48,154,3.208333333
Uttar Pradesh,KANPUR NAGAR,2012,Summer,Urad,749,606,0.809078772
Uttar Pradesh,KANPUR NAGAR,2013,Kharif,Arhar/Tur,4876,13264,2.72026251
Uttar Pradesh,KANPUR NAGAR,2013,Kharif,Bajra,1171,2066,1.764304014
Uttar Pradesh,KANPUR NAGAR,2013,Kharif,Dry chillies,1459,1178,0.80740233
Uttar Pradesh,KANPUR NAGAR,2013,Kharif,Groundnut,188,168,0.893617021
Uttar Pradesh,KANPUR NAGAR,2013,Kharif,Jowar,11585,15418,1.330858869
Uttar Pradesh,KANPUR NAGAR,2013,Kharif,Maize,20161,37056,1.838004067
Uttar Pradesh,KANPUR NAGAR,2013,Kharif,Moong(Green Gram),307,98,0.319218241
Uttar Pradesh,KANPUR NAGAR,2013,Kharif,Rice,33584,85941,2.558986422
Uttar Pradesh,KANPUR NAGAR,2013,Kharif,Sannhamp,34,9,0.264705882
Uttar Pradesh,KANPUR NAGAR,2013,Kharif,Sesamum,2501,88,0.035185926
Uttar Pradesh,KANPUR NAGAR,2013,Kharif,Sugarcane,3109,167911,54.00804117
Uttar Pradesh,KANPUR NAGAR,2013,Kharif,Sweet potato,497,6568,13.21529175
Uttar Pradesh,KANPUR NAGAR,2013,Kharif,Urad,7236,2641,0.364980652
Uttar Pradesh,KANPUR NAGAR,2013,Rabi,Barley,5756,16968,2.947880473
Uttar Pradesh,KANPUR NAGAR,2013,Rabi,Coriander,314,172,0.547770701
Uttar Pradesh,KANPUR NAGAR,2013,Rabi,Garlic,96,562,5.854166667
Uttar Pradesh,KANPUR NAGAR,2013,Rabi,Gram,15798,7888,0.499303709
Uttar Pradesh,KANPUR NAGAR,2013,Rabi,Linseed,130,53,0.407692308
Uttar Pradesh,KANPUR NAGAR,2013,Rabi,Maize,156,554,3.551282051
Uttar Pradesh,KANPUR NAGAR,2013,Rabi,Masoor,789,545,0.690747782
Uttar Pradesh,KANPUR NAGAR,2013,Rabi,Onion,420,8542,20.33809524
Uttar Pradesh,KANPUR NAGAR,2013,Rabi,Peas & beans (Pulses),2569,5053,1.966913196
Uttar Pradesh,KANPUR NAGAR,2013,Rabi,Potato,11841,123786,10.45401571
Uttar Pradesh,KANPUR NAGAR,2013,Rabi,Rapeseed &Mustard,13808,15913,1.152447856
Uttar Pradesh,KANPUR NAGAR,2013,Rabi,Tobacco,71,327,4.605633803
Uttar Pradesh,KANPUR NAGAR,2013,Rabi,Turmeric,1,3,3
Uttar Pradesh,KANPUR NAGAR,2013,Rabi,Wheat,102821,395335,3.844885772
Uttar Pradesh,KANPUR NAGAR,2013,Summer,Maize,2436,4475,1.837027915
Uttar Pradesh,KANPUR NAGAR,2013,Summer,Moong(Green Gram),824,612,0.742718447
Uttar Pradesh,KANPUR NAGAR,2013,Summer,Onion,235,2075,8.829787234
Uttar Pradesh,KANPUR NAGAR,2013,Summer,Sunflower,210,337,1.604761905
Uttar Pradesh,KANPUR NAGAR,2013,Summer,Tobacco,36,111,3.083333333
Uttar Pradesh,KANPUR NAGAR,2013,Summer,Urad,434,308,0.709677419
Uttar Pradesh,KANPUR NAGAR,2014,Kharif,Arhar/Tur,4771,3684,0.772165165
Uttar Pradesh,KANPUR NAGAR,2014,Kharif,Bajra,1022,1264,1.236790607
Uttar Pradesh,KANPUR NAGAR,2014,Kharif,Dry chillies,1648,1359,0.824635922
Uttar Pradesh,KANPUR NAGAR,2014,Kharif,Groundnut,98,85,0.867346939
Uttar Pradesh,KANPUR NAGAR,2014,Kharif,Guar seed,26,21,0.807692308
Uttar Pradesh,KANPUR NAGAR,2014,Kharif,Jowar,12252,9359,0.763875286
Uttar Pradesh,KANPUR NAGAR,2014,Kharif,Maize,17941,21206,1.181985397
Uttar Pradesh,KANPUR NAGAR,2014,Kharif,Moong(Green Gram),286,92,0.321678322
Uttar Pradesh,KANPUR NAGAR,2014,Kharif,Rice,29881,69204,2.315986747
Uttar Pradesh,KANPUR NAGAR,2014,Kharif,Sannhamp,9,3,0.333333333
Uttar Pradesh,KANPUR NAGAR,2014,Kharif,Sesamum,2593,106,0.04087929
Uttar Pradesh,KANPUR NAGAR,2014,Kharif,Small millets,15,11,0.733333333
Uttar Pradesh,KANPUR NAGAR,2014,Kharif,Sugarcane,2819,140262,49.75594182
Uttar Pradesh,KANPUR NAGAR,2014,Kharif,Sweet potato,322,3989,12.38819876
Uttar Pradesh,KANPUR NAGAR,2014,Kharif,Urad,6649,2188,0.329072041
Uttar Pradesh,KANPUR NAGAR,2014,Rabi,Barley,5441,7037,1.293328432
Uttar Pradesh,KANPUR NAGAR,2014,Rabi,Coriander,187,91,0.486631016
Uttar Pradesh,KANPUR NAGAR,2014,Rabi,Garlic,66,382,5.787878788
Uttar Pradesh,KANPUR NAGAR,2014,Rabi,Gram,15162,11180,0.73736974
Uttar Pradesh,KANPUR NAGAR,2014,Rabi,Linseed,2,1,0.5
Uttar Pradesh,KANPUR NAGAR,2014,Rabi,Maize,362,866,2.392265193
Uttar Pradesh,KANPUR NAGAR,2014,Rabi,Masoor,692,372,0.537572254
Uttar Pradesh,KANPUR NAGAR,2014,Rabi,Onion,280,4284,15.3
Uttar Pradesh,KANPUR NAGAR,2014,Rabi,Peas & beans (Pulses),2269,1248,0.550022036
Uttar Pradesh,KANPUR NAGAR,2014,Rabi,Potato,11866,110200,9.287038598
Uttar Pradesh,KANPUR NAGAR,2014,Rabi,Rapeseed &Mustard,14049,11420,0.812869243
Uttar Pradesh,KANPUR NAGAR,2014,Rabi,Tobacco,52,169,3.25
Uttar Pradesh,KANPUR NAGAR,2014,Rabi,Turmeric,1,3,3
Uttar Pradesh,KANPUR NAGAR,2014,Rabi,Wheat,102753,155171,1.510135957
Uttar Pradesh,KANPUR NAGAR,2014,Summer,Maize,2492,4431,1.778089888
Uttar Pradesh,KANPUR NAGAR,2014,Summer,Moong(Green Gram),908,749,0.824889868
Uttar Pradesh,KANPUR NAGAR,2014,Summer,Onion,255,3588,14.07058824
Uttar Pradesh,KANPUR NAGAR,2014,Summer,Sunflower,148,239,1.614864865
Uttar Pradesh,KANPUR NAGAR,2014,Summer,Tobacco,18,47,2.611111111
Uttar Pradesh,KANPUR NAGAR,2014,Summer,Urad,679,475,0.699558174
Uttar Pradesh,KASGANJ,2009,Kharif,Arhar/Tur,1336,1196,0.895209581
Uttar Pradesh,KASGANJ,2009,Kharif,Bajra,31743,64978,2.047002489
Uttar Pradesh,KASGANJ,2009,Kharif,Groundnut,115,78,0.67826087
Uttar Pradesh,KASGANJ,2009,Kharif,Jowar,9,8,0.888888889
Uttar Pradesh,KASGANJ,2009,Kharif,Maize,28401,58904,2.074011478
Uttar Pradesh,KASGANJ,2009,Kharif,Moong(Green Gram),250,37,0.148
Uttar Pradesh,KASGANJ,2009,Kharif,Rice,14317,29679,2.072990152
Uttar Pradesh,KASGANJ,2009,Kharif,Sesamum,174,18,0.103448276
Uttar Pradesh,KASGANJ,2009,Kharif,Sugarcane,5236,280859,53.63999236
Uttar Pradesh,KASGANJ,2009,Kharif,Sweet potato,2914,39631,13.6002059
Uttar Pradesh,KASGANJ,2009,Kharif,Urad,439,167,0.380410023
Uttar Pradesh,KASGANJ,2009,Rabi,Barley,3136,8358,2.665178571
Uttar Pradesh,KASGANJ,2009,Rabi,Coriander,49,28,0.571428571
Uttar Pradesh,KASGANJ,2009,Rabi,Garlic,4629,24594,5.313026572
Uttar Pradesh,KASGANJ,2009,Rabi,Gram,105,86,0.819047619
Uttar Pradesh,KASGANJ,2009,Rabi,Masoor,1534,1232,0.803129074
Uttar Pradesh,KASGANJ,2009,Rabi,Onion,109,1872,17.17431193
Uttar Pradesh,KASGANJ,2009,Rabi,Peas & beans (Pulses),2,3,1.5
Uttar Pradesh,KASGANJ,2009,Rabi,Potato,4236,120599,28.47001889
Uttar Pradesh,KASGANJ,2009,Rabi,Rapeseed &Mustard,10301,16945,1.644985924
Uttar Pradesh,KASGANJ,2009,Rabi,Tobacco,4740,29063,6.131434599
Uttar Pradesh,KASGANJ,2009,Rabi,Wheat,94515,278914,2.951002486
Uttar Pradesh,KASGANJ,2009,Summer,Maize,4400,6402,1.455
Uttar Pradesh,KASGANJ,2009,Summer,Moong(Green Gram),841,488,0.580261593
Uttar Pradesh,KASGANJ,2009,Summer,Onion,65,903,13.89230769
Uttar Pradesh,KASGANJ,2009,Summer,Rice,38,79,2.078947368
Uttar Pradesh,KASGANJ,2009,Summer,Sunflower,104,229,2.201923077
Uttar Pradesh,KASGANJ,2009,Summer,Tobacco,14,60,4.285714286
Uttar Pradesh,KASGANJ,2009,Summer,Urad,332,236,0.710843373
Uttar Pradesh,KASGANJ,2010,Kharif,Arhar/Tur,2071,1672,0.80733945
Uttar Pradesh,KASGANJ,2010,Kharif,Bajra,35149,66638,1.89587186
Uttar Pradesh,KASGANJ,2010,Kharif,Dry chillies,86,75,0.872093023
Uttar Pradesh,KASGANJ,2010,Kharif,Groundnut,21,21,1
Uttar Pradesh,KASGANJ,2010,Kharif,Jowar,7,7,1
Uttar Pradesh,KASGANJ,2010,Kharif,Maize,27677,52808,1.908010261
Uttar Pradesh,KASGANJ,2010,Kharif,Moong(Green Gram),500,299,0.598
Uttar Pradesh,KASGANJ,2010,Kharif,Rice,17901,37216,2.078990001
Uttar Pradesh,KASGANJ,2010,Kharif,Sannhamp,6,1,0.166666667
Uttar Pradesh,KASGANJ,2010,Kharif,Sesamum,713,141,0.197755961
Uttar Pradesh,KASGANJ,2010,Kharif,Sugarcane,5778,282174,48.83592939
Uttar Pradesh,KASGANJ,2010,Kharif,Sweet potato,4429,54543,12.31496952
Uttar Pradesh,KASGANJ,2010,Kharif,Urad,871,588,0.675086108
Uttar Pradesh,KASGANJ,2010,Rabi,Barley,2672,8219,3.075973054
Uttar Pradesh,KASGANJ,2010,Rabi,Gram,27,24,0.888888889
Uttar Pradesh,KASGANJ,2010,Rabi,Masoor,1967,1733,0.881037112
Uttar Pradesh,KASGANJ,2010,Rabi,Onion,81,1491,18.40740741
Uttar Pradesh,KASGANJ,2010,Rabi,Peas & beans (Pulses),110,128,1.163636364
Uttar Pradesh,KASGANJ,2010,Rabi,Potato,5136,137239,26.7209891
Uttar Pradesh,KASGANJ,2010,Rabi,Rapeseed &Mustard,8223,12565,1.528031132
Uttar Pradesh,KASGANJ,2010,Rabi,Tobacco,6486,32923,5.076009867
Uttar Pradesh,KASGANJ,2010,Rabi,Turmeric,13,41,3.153846154
Uttar Pradesh,KASGANJ,2010,Rabi,Wheat,93870,319064,3.398998615
Uttar Pradesh,KASGANJ,2010,Summer,Maize,2502,3668,1.466027178
Uttar Pradesh,KASGANJ,2010,Summer,Moong(Green Gram),1613,1276,0.791072536
Uttar Pradesh,KASGANJ,2010,Summer,Sunflower,30,46,1.533333333
Uttar Pradesh,KASGANJ,2010,Summer,Urad,331,261,0.788519637
Uttar Pradesh,KASGANJ,2011,Kharif,Arhar/Tur,1284,1056,0.822429907
Uttar Pradesh,KASGANJ,2011,Kharif,Bajra,37701,99628,2.642582425
Uttar Pradesh,KASGANJ,2011,Kharif,Dry chillies,73,61,0.835616438
Uttar Pradesh,KASGANJ,2011,Kharif,Groundnut,163,163,1
Uttar Pradesh,KASGANJ,2011,Kharif,Jowar,11,8,0.727272727
Uttar Pradesh,KASGANJ,2011,Kharif,Maize,30240,82162,2.716997354
Uttar Pradesh,KASGANJ,2011,Kharif,Moong(Green Gram),471,274,0.581740977
Uttar Pradesh,KASGANJ,2011,Kharif,Rice,16107,41411,2.570993978
Uttar Pradesh,KASGANJ,2011,Kharif,Sesamum,598,130,0.217391304
Uttar Pradesh,KASGANJ,2011,Kharif,Sugarcane,8721,491969,56.41199404
Uttar Pradesh,KASGANJ,2011,Kharif,Sweet potato,3672,47714,12.99400871
Uttar Pradesh,KASGANJ,2011,Kharif,Urad,1018,681,0.668958743
Uttar Pradesh,KASGANJ,2011,Rabi,Barley,3130,10545,3.369009585
Uttar Pradesh,KASGANJ,2011,Rabi,Coriander,43,23,0.534883721
Uttar Pradesh,KASGANJ,2011,Rabi,Garlic,4463,23065,5.168048398
Uttar Pradesh,KASGANJ,2011,Rabi,Gram,25,29,1.16
Uttar Pradesh,KASGANJ,2011,Rabi,Maize,22,53,2.409090909
Uttar Pradesh,KASGANJ,2011,Rabi,Masoor,1496,2883,1.927139037
Uttar Pradesh,KASGANJ,2011,Rabi,Onion,269,6153,22.87360595
Uttar Pradesh,KASGANJ,2011,Rabi,Peas & beans (Pulses),26,37,1.423076923
Uttar Pradesh,KASGANJ,2011,Rabi,Potato,4206,114433,27.20708512
Uttar Pradesh,KASGANJ,2011,Rabi,Rapeseed &Mustard,8370,14974,1.789008363
Uttar Pradesh,KASGANJ,2011,Rabi,Tobacco,5247,28554,5.441966838
Uttar Pradesh,KASGANJ,2011,Rabi,Turmeric,7,20,2.857142857
Uttar Pradesh,KASGANJ,2011,Rabi,Wheat,95125,345875,3.636005256
Uttar Pradesh,KASGANJ,2011,Summer,Maize,2679,4428,1.652855543
Uttar Pradesh,KASGANJ,2011,Summer,Moong(Green Gram),797,722,0.905897114
Uttar Pradesh,KASGANJ,2011,Summer,Onion,107,1159,10.8317757
Uttar Pradesh,KASGANJ,2011,Summer,Rice,8,21,2.625
Uttar Pradesh,KASGANJ,2011,Summer,Sunflower,7,12,1.714285714
Uttar Pradesh,KASGANJ,2011,Summer,Tobacco,20,62,3.1
Uttar Pradesh,KASGANJ,2011,Summer,Urad,198,176,0.888888889
Uttar Pradesh,KASGANJ,2012,Kharif,Arhar/Tur,1516,1729,1.140501319
Uttar Pradesh,KASGANJ,2012,Kharif,Bajra,36350,104271,2.868528198
Uttar Pradesh,KASGANJ,2012,Kharif,Cotton(lint),1,,
Uttar Pradesh,KASGANJ,2012,Kharif,Dry chillies,88,71,0.806818182
Uttar Pradesh,KASGANJ,2012,Kharif,Groundnut,111,110,0.990990991
Uttar Pradesh,KASGANJ,2012,Kharif,Guar seed,22,18,0.818181818
Uttar Pradesh,KASGANJ,2012,Kharif,Jowar,15,17,1.133333333
Uttar Pradesh,KASGANJ,2012,Kharif,Maize,31511,90500,2.872012948
Uttar Pradesh,KASGANJ,2012,Kharif,Moong(Green Gram),311,341,1.096463023
Uttar Pradesh,KASGANJ,2012,Kharif,Rice,17238,46974,2.725026105
Uttar Pradesh,KASGANJ,2012,Kharif,Sesamum,586,110,0.187713311
Uttar Pradesh,KASGANJ,2012,Kharif,Sugarcane,7013,411102,58.61999144
Uttar Pradesh,KASGANJ,2012,Kharif,Sweet potato,3479,45042,12.9468238
Uttar Pradesh,KASGANJ,2012,Kharif,Urad,913,605,0.662650602
Uttar Pradesh,KASGANJ,2012,Rabi,Barley,2451,7917,3.230110159
Uttar Pradesh,KASGANJ,2012,Rabi,Coriander,79,43,0.544303797
Uttar Pradesh,KASGANJ,2012,Rabi,Garlic,2744,14252,5.193877551
Uttar Pradesh,KASGANJ,2012,Rabi,Masoor,1509,2128,1.410205434
Uttar Pradesh,KASGANJ,2012,Rabi,Onion,215,4946,23.00465116
Uttar Pradesh,KASGANJ,2012,Rabi,Potato,4248,110274,25.95903955
Uttar Pradesh,KASGANJ,2012,Rabi,Rapeseed &Mustard,8106,15985,1.971996052
Uttar Pradesh,KASGANJ,2012,Rabi,Tobacco,5154,30975,6.009895227
Uttar Pradesh,KASGANJ,2012,Rabi,Turmeric,7,20,2.857142857
Uttar Pradesh,KASGANJ,2012,Rabi,Wheat,94210,320314,3.4
Uttar Pradesh,KASGANJ,2012,Summer,Maize,3213,5935,1.847183318
Uttar Pradesh,KASGANJ,2012,Summer,Moong(Green Gram),1023,783,0.765395894
Uttar Pradesh,KASGANJ,2012,Summer,Onion,89,968,10.87640449
Uttar Pradesh,KASGANJ,2012,Summer,Sunflower,25,20,0.8
Uttar Pradesh,KASGANJ,2012,Summer,Tobacco,27,87,3.222222222
Uttar Pradesh,KASGANJ,2012,Summer,Urad,145,148,1.020689655
Uttar Pradesh,KASGANJ,2013,Kharif,Arhar/Tur,1661,2302,1.385912101
Uttar Pradesh,KASGANJ,2013,Kharif,Bajra,39422,123115,3.123002384
Uttar Pradesh,KASGANJ,2013,Kharif,Dry chillies,19,15,0.789473684
Uttar Pradesh,KASGANJ,2013,Kharif,Groundnut,150,134,0.893333333
Uttar Pradesh,KASGANJ,2013,Kharif,Guar seed,4,3,0.75
Uttar Pradesh,KASGANJ,2013,Kharif,Jowar,22,20,0.909090909
Uttar Pradesh,KASGANJ,2013,Kharif,Maize,31168,91946,2.950012834
Uttar Pradesh,KASGANJ,2013,Kharif,Moong(Green Gram),313,100,0.319488818
Uttar Pradesh,KASGANJ,2013,Kharif,Rice,17015,37977,2.23197179
Uttar Pradesh,KASGANJ,2013,Kharif,Sesamum,729,107,0.146776406
Uttar Pradesh,KASGANJ,2013,Kharif,Sugarcane,7531,467012,62.0119506
Uttar Pradesh,KASGANJ,2013,Kharif,Sweet potato,3214,42473,13.21499689
Uttar Pradesh,KASGANJ,2013,Kharif,Urad,1065,475,0.44600939
Uttar Pradesh,KASGANJ,2013,Rabi,Barley,2489,8381,3.367215749
Uttar Pradesh,KASGANJ,2013,Rabi,Coriander,39,21,0.538461538
Uttar Pradesh,KASGANJ,2013,Rabi,Garlic,4370,25604,5.859038902
Uttar Pradesh,KASGANJ,2013,Rabi,Gram,41,17,0.414634146
Uttar Pradesh,KASGANJ,2013,Rabi,Masoor,1390,3342,2.404316547
Uttar Pradesh,KASGANJ,2013,Rabi,Onion,127,2583,20.33858268
Uttar Pradesh,KASGANJ,2013,Rabi,Peas & beans (Pulses),1726,1712,0.99188876
Uttar Pradesh,KASGANJ,2013,Rabi,Potato,4138,104054,25.14596423
Uttar Pradesh,KASGANJ,2013,Rabi,Rapeseed &Mustard,9685,15008,1.549612803
Uttar Pradesh,KASGANJ,2013,Rabi,Tobacco,4724,29516,6.248094835
Uttar Pradesh,KASGANJ,2013,Rabi,Turmeric,2,6,3
Uttar Pradesh,KASGANJ,2013,Rabi,Wheat,97331,342897,3.522998839
Uttar Pradesh,KASGANJ,2013,Summer,Maize,5806,10666,1.837065105
Uttar Pradesh,KASGANJ,2013,Summer,Moong(Green Gram),355,226,0.636619718
Uttar Pradesh,KASGANJ,2013,Summer,Onion,99,1332,13.45454545
Uttar Pradesh,KASGANJ,2013,Summer,Sunflower,4,6,1.5
Uttar Pradesh,KASGANJ,2013,Summer,Urad,355,330,0.929577465
Uttar Pradesh,KASGANJ,2014,Kharif,Arhar/Tur,1143,1323,1.157480315
Uttar Pradesh,KASGANJ,2014,Kharif,Bajra,47288,157611,3.33300203
Uttar Pradesh,KASGANJ,2014,Kharif,Dry chillies,72,59,0.819444444
Uttar Pradesh,KASGANJ,2014,Kharif,Groundnut,110,95,0.863636364
Uttar Pradesh,KASGANJ,2014,Kharif,Jowar,31,30,0.967741935
Uttar Pradesh,KASGANJ,2014,Kharif,Maize,29316,98912,3.373993724
Uttar Pradesh,KASGANJ,2014,Kharif,Moong(Green Gram),264,85,0.321969697
Uttar Pradesh,KASGANJ,2014,Kharif,Rice,19146,45740,2.389010759
Uttar Pradesh,KASGANJ,2014,Kharif,Sesamum,1142,225,0.197022767
Uttar Pradesh,KASGANJ,2014,Kharif,Sugarcane,7331,404876,55.22793616
Uttar Pradesh,KASGANJ,2014,Kharif,Sweet potato,3524,43653,12.38734393
Uttar Pradesh,KASGANJ,2014,Kharif,Urad,738,395,0.535230352
Uttar Pradesh,KASGANJ,2014,Rabi,Barley,3527,8815,2.499291182
Uttar Pradesh,KASGANJ,2014,Rabi,Coriander,50,24,0.48
Uttar Pradesh,KASGANJ,2014,Rabi,Garlic,3908,22636,5.792221085
Uttar Pradesh,KASGANJ,2014,Rabi,Gram,70,21,0.3
Uttar Pradesh,KASGANJ,2014,Rabi,Masoor,1645,1042,0.63343465
Uttar Pradesh,KASGANJ,2014,Rabi,Onion,190,2907,15.3
Uttar Pradesh,KASGANJ,2014,Rabi,Potato,4995,112927,22.60800801
Uttar Pradesh,KASGANJ,2014,Rabi,Rapeseed &Mustard,9210,13465,1.461997828
Uttar Pradesh,KASGANJ,2014,Rabi,Tobacco,9634,45395,4.71195765
Uttar Pradesh,KASGANJ,2014,Rabi,Turmeric,1,3,3
Uttar Pradesh,KASGANJ,2014,Rabi,Wheat,98653,229467,2.326001237
Uttar Pradesh,KASGANJ,2014,Summer,Maize,6006,10679,1.778055278
Uttar Pradesh,KASGANJ,2014,Summer,Moong(Green Gram),895,567,0.633519553
Uttar Pradesh,KASGANJ,2014,Summer,Onion,126,1906,15.12698413
Uttar Pradesh,KASGANJ,2014,Summer,Sunflower,1,1,1
Uttar Pradesh,KASGANJ,2014,Summer,Urad,726,603,0.830578512
Uttar Pradesh,KAUSHAMBI,1997,Kharif,Arhar/Tur,7847,23120,2.946348923
Uttar Pradesh,KAUSHAMBI,1997,Kharif,Bajra,17929,27673,1.543477048
Uttar Pradesh,KAUSHAMBI,1997,Kharif,Groundnut,82,73,0.890243902
Uttar Pradesh,KAUSHAMBI,1997,Kharif,Jowar,12851,14544,1.131740721
Uttar Pradesh,KAUSHAMBI,1997,Kharif,Maize,52,110,2.115384615
Uttar Pradesh,KAUSHAMBI,1997,Kharif,Moong(Green Gram),29,10,0.344827586
Uttar Pradesh,KAUSHAMBI,1997,Kharif,Rice,30563,43697,1.429735301
Uttar Pradesh,KAUSHAMBI,1997,Kharif,Sesamum,1252,408,0.325878594
Uttar Pradesh,KAUSHAMBI,1997,Kharif,Small millets,43,30,0.697674419
Uttar Pradesh,KAUSHAMBI,1997,Kharif,Urad,887,503,0.567080045
Uttar Pradesh,KAUSHAMBI,1997,Rabi,Barley,6406,12327,1.924289728
Uttar Pradesh,KAUSHAMBI,1997,Rabi,Gram,19137,23886,1.248158018
Uttar Pradesh,KAUSHAMBI,1997,Rabi,Linseed,19,6,0.315789474
Uttar Pradesh,KAUSHAMBI,1997,Rabi,Masoor,17,12,0.705882353
Uttar Pradesh,KAUSHAMBI,1997,Rabi,Peas & beans (Pulses),2656,2639,0.993599398
Uttar Pradesh,KAUSHAMBI,1997,Rabi,Rapeseed &Mustard,1327,640,0.482290882
Uttar Pradesh,KAUSHAMBI,1997,Rabi,Sunflower,5,7,1.4
Uttar Pradesh,KAUSHAMBI,1997,Rabi,Wheat,64286,136926,2.129950534
Uttar Pradesh,KAUSHAMBI,1997,Summer,Maize,3,5,1.666666667
Uttar Pradesh,KAUSHAMBI,1997,Summer,Moong(Green Gram),80,47,0.5875
Uttar Pradesh,KAUSHAMBI,1997,Summer,Urad,95,50,0.526315789
Uttar Pradesh,KAUSHAMBI,1997,Whole Year,Potato,3428,64260,18.74562427
Uttar Pradesh,KAUSHAMBI,1997,Whole Year,Sugarcane,3183,88641,27.84825636
Uttar Pradesh,KAUSHAMBI,1998,Kharif,Arhar/Tur,7560,19630,2.596560847
Uttar Pradesh,KAUSHAMBI,1998,Kharif,Bajra,17174,19648,1.144054967
Uttar Pradesh,KAUSHAMBI,1998,Kharif,Groundnut,82,53,0.646341463
Uttar Pradesh,KAUSHAMBI,1998,Kharif,Jowar,12810,6359,0.496409055
Uttar Pradesh,KAUSHAMBI,1998,Kharif,Maize,51,70,1.37254902
Uttar Pradesh,KAUSHAMBI,1998,Kharif,Moong(Green Gram),31,10,0.322580645
Uttar Pradesh,KAUSHAMBI,1998,Kharif,Rice,30650,47496,1.549624796
Uttar Pradesh,KAUSHAMBI,1998,Kharif,Sesamum,1091,181,0.165902841
Uttar Pradesh,KAUSHAMBI,1998,Kharif,Small millets,33,21,0.636363636
Uttar Pradesh,KAUSHAMBI,1998,Kharif,Urad,859,407,0.473806752
Uttar Pradesh,KAUSHAMBI,1998,Rabi,Barley,6610,10550,1.596066566
Uttar Pradesh,KAUSHAMBI,1998,Rabi,Gram,20474,20962,1.023835108
Uttar Pradesh,KAUSHAMBI,1998,Rabi,Linseed,27,9,0.333333333
Uttar Pradesh,KAUSHAMBI,1998,Rabi,Masoor,40,32,0.8
Uttar Pradesh,KAUSHAMBI,1998,Rabi,Peas & beans (Pulses),2171,2375,1.093965914
Uttar Pradesh,KAUSHAMBI,1998,Rabi,Rapeseed &Mustard,1028,797,0.775291829
Uttar Pradesh,KAUSHAMBI,1998,Rabi,Sunflower,6,7,1.166666667
Uttar Pradesh,KAUSHAMBI,1998,Rabi,Wheat,61902,116998,1.890052018
Uttar Pradesh,KAUSHAMBI,1998,Summer,Maize,4,4,1
Uttar Pradesh,KAUSHAMBI,1998,Summer,Moong(Green Gram),80,38,0.475
Uttar Pradesh,KAUSHAMBI,1998,Summer,Urad,70,21,0.3
Uttar Pradesh,KAUSHAMBI,1998,Whole Year,Onion,232,2818,12.14655172
Uttar Pradesh,KAUSHAMBI,1998,Whole Year,Potato,3875,72232,18.64051613
Uttar Pradesh,KAUSHAMBI,1998,Whole Year,Sannhamp,25,9,0.36
Uttar Pradesh,KAUSHAMBI,1998,Whole Year,Sugarcane,2703,107098,39.62190159
Uttar Pradesh,KAUSHAMBI,1998,Whole Year,Tobacco,34,204,6
Uttar Pradesh,KAUSHAMBI,1998,Whole Year,Turmeric,11,20,1.818181818
Uttar Pradesh,KAUSHAMBI,1999,Kharif,Arhar/Tur,7092,17367,2.448815567
Uttar Pradesh,KAUSHAMBI,1999,Kharif,Bajra,15104,11582,0.766816737
Uttar Pradesh,KAUSHAMBI,1999,Kharif,Groundnut,91,76,0.835164835
Uttar Pradesh,KAUSHAMBI,1999,Kharif,Jowar,12010,7229,0.601915071
Uttar Pradesh,KAUSHAMBI,1999,Kharif,Maize,73,149,2.04109589
Uttar Pradesh,KAUSHAMBI,1999,Kharif,Moong(Green Gram),83,39,0.469879518
Uttar Pradesh,KAUSHAMBI,1999,Kharif,Rice,24975,50043,2.003723724
Uttar Pradesh,KAUSHAMBI,1999,Kharif,Small millets,58,31,0.534482759
Uttar Pradesh,KAUSHAMBI,1999,Kharif,Sunflower,3,4,1.333333333
Uttar Pradesh,KAUSHAMBI,1999,Kharif,Urad,566,242,0.427561837
Uttar Pradesh,KAUSHAMBI,1999,Rabi,Barley,5682,7595,1.336677226
Uttar Pradesh,KAUSHAMBI,1999,Rabi,Gram,18238,12461,0.683243777
Uttar Pradesh,KAUSHAMBI,1999,Rabi,Linseed,4,1,0.25
Uttar Pradesh,KAUSHAMBI,1999,Rabi,Maize,3,5,1.666666667
Uttar Pradesh,KAUSHAMBI,1999,Rabi,Rapeseed &Mustard,1706,987,0.578546307
Uttar Pradesh,KAUSHAMBI,1999,Rabi,Wheat,60369,151060,2.502277659
Uttar Pradesh,KAUSHAMBI,1999,Summer,Moong(Green Gram),64,38,0.59375
Uttar Pradesh,KAUSHAMBI,1999,Summer,Urad,75,41,0.546666667
Uttar Pradesh,KAUSHAMBI,1999,Whole Year,Onion,201,2881,14.33333333
Uttar Pradesh,KAUSHAMBI,1999,Whole Year,Peas & beans (Pulses),1667,2856,1.713257349
Uttar Pradesh,KAUSHAMBI,1999,Whole Year,Potato,3395,63863,18.81089838
Uttar Pradesh,KAUSHAMBI,1999,Whole Year,Sugarcane,3333,95402,28.62346235
Uttar Pradesh,KAUSHAMBI,1999,Whole Year,Tobacco,48,260,5.416666667
Uttar Pradesh,KAUSHAMBI,1999,Whole Year,Turmeric,9,14,1.555555556
Uttar Pradesh,KAUSHAMBI,2000,Kharif,Arhar/Tur,7188,21314,2.965219811
Uttar Pradesh,KAUSHAMBI,2000,Kharif,Bajra,14528,10843,0.746351872
Uttar Pradesh,KAUSHAMBI,2000,Kharif,Groundnut,81,68,0.839506173
Uttar Pradesh,KAUSHAMBI,2000,Kharif,Jowar,12452,7369,0.591792483
Uttar Pradesh,KAUSHAMBI,2000,Kharif,Maize,42,89,2.119047619
Uttar Pradesh,KAUSHAMBI,2000,Kharif,Moong(Green Gram),25,8,0.32
Uttar Pradesh,KAUSHAMBI,2000,Kharif,Rice,31025,67116,2.163287671
Uttar Pradesh,KAUSHAMBI,2000,Kharif,Sesamum,1132,321,0.283568905
Uttar Pradesh,KAUSHAMBI,2000,Kharif,Small millets,39,26,0.666666667
Uttar Pradesh,KAUSHAMBI,2000,Kharif,Urad,852,396,0.464788732
Uttar Pradesh,KAUSHAMBI,2000,Rabi,Barley,5876,7813,1.329646018
Uttar Pradesh,KAUSHAMBI,2000,Rabi,Gram,18946,18473,0.975034308
Uttar Pradesh,KAUSHAMBI,2000,Rabi,Linseed,25,8,0.32
Uttar Pradesh,KAUSHAMBI,2000,Rabi,Maize,4,6,1.5
Uttar Pradesh,KAUSHAMBI,2000,Rabi,Masoor,38,17,0.447368421
Uttar Pradesh,KAUSHAMBI,2000,Rabi,Moong(Green Gram),75,78,1.04
Uttar Pradesh,KAUSHAMBI,2000,Rabi,Peas & beans (Pulses),1922,2110,1.097814776
Uttar Pradesh,KAUSHAMBI,2000,Rabi,Rapeseed &Mustard,809,628,0.776266996
Uttar Pradesh,KAUSHAMBI,2000,Rabi,Urad,77,84,1.090909091
Uttar Pradesh,KAUSHAMBI,2000,Rabi,Wheat,59590,138944,2.331666387
Uttar Pradesh,KAUSHAMBI,2000,Whole Year,Potato,3570,50844,14.24201681
Uttar Pradesh,KAUSHAMBI,2000,Whole Year,Sugarcane,2753,113948,41.39048311
Uttar Pradesh,KAUSHAMBI,2000,Whole Year,Turmeric,9,16,1.777777778
Uttar Pradesh,KAUSHAMBI,2001,Kharif,Arhar/Tur,6655,17886,2.687603306
Uttar Pradesh,KAUSHAMBI,2001,Kharif,Bajra,9530,10068,1.056453305
Uttar Pradesh,KAUSHAMBI,2001,Kharif,Groundnut,403,338,0.838709677
Uttar Pradesh,KAUSHAMBI,2001,Kharif,Jowar,13050,16101,1.233793103
Uttar Pradesh,KAUSHAMBI,2001,Kharif,Maize,115,222,1.930434783
Uttar Pradesh,KAUSHAMBI,2001,Kharif,Moong(Green Gram),13,4,0.307692308
Uttar Pradesh,KAUSHAMBI,2001,Kharif,Rice,49500,108109,2.184020202
Uttar Pradesh,KAUSHAMBI,2001,Kharif,Sesamum,864,225,0.260416667
Uttar Pradesh,KAUSHAMBI,2001,Kharif,Small millets,16,12,0.75
Uttar Pradesh,KAUSHAMBI,2001,Kharif,Urad,1210,534,0.441322314
Uttar Pradesh,KAUSHAMBI,2001,Rabi,Barley,4070,6617,1.625798526
Uttar Pradesh,KAUSHAMBI,2001,Rabi,Gram,15143,16085,1.06220696
Uttar Pradesh,KAUSHAMBI,2001,Rabi,Linseed,5,2,0.4
Uttar Pradesh,KAUSHAMBI,2001,Rabi,Maize,30,49,1.633333333
Uttar Pradesh,KAUSHAMBI,2001,Rabi,Masoor,119,79,0.663865546
Uttar Pradesh,KAUSHAMBI,2001,Rabi,Moong(Green Gram),56,36,0.642857143
Uttar Pradesh,KAUSHAMBI,2001,Rabi,Peas & beans (Pulses),1606,1672,1.04109589
Uttar Pradesh,KAUSHAMBI,2001,Rabi,Rapeseed &Mustard,1242,1174,0.945249597
Uttar Pradesh,KAUSHAMBI,2001,Rabi,Urad,111,58,0.522522523
Uttar Pradesh,KAUSHAMBI,2001,Rabi,Wheat,65813,153750,2.336164588
Uttar Pradesh,KAUSHAMBI,2001,Whole Year,Potato,3396,56102,16.52002356
Uttar Pradesh,KAUSHAMBI,2001,Whole Year,Sugarcane,2827,113545,40.16448532
Uttar Pradesh,KAUSHAMBI,2001,Whole Year,Tobacco,18,112,6.222222222
Uttar Pradesh,KAUSHAMBI,2001,Whole Year,Turmeric,1,2,2
Uttar Pradesh,KAUSHAMBI,2002,Kharif,Bajra,12105,12748,1.053118546
Uttar Pradesh,KAUSHAMBI,2002,Kharif,Groundnut,361,236,0.653739612
Uttar Pradesh,KAUSHAMBI,2002,Kharif,Jowar,11164,12101,1.083930491
Uttar Pradesh,KAUSHAMBI,2002,Kharif,Maize,86,118,1.372093023
Uttar Pradesh,KAUSHAMBI,2002,Kharif,Moong(Green Gram),38,26,0.684210526
Uttar Pradesh,KAUSHAMBI,2002,Kharif,Rice,23959,37592,1.569013732
Uttar Pradesh,KAUSHAMBI,2002,Kharif,Sesamum,528,172,0.325757576
Uttar Pradesh,KAUSHAMBI,2002,Kharif,Small millets,2,1,0.5
Uttar Pradesh,KAUSHAMBI,2002,Kharif,Sunflower,1,1,1
Uttar Pradesh,KAUSHAMBI,2002,Kharif,Urad,909,437,0.480748075
Uttar Pradesh,KAUSHAMBI,2002,Rabi,Barley,4291,4880,1.137264041
Uttar Pradesh,KAUSHAMBI,2002,Rabi,Gram,16254,14774,0.90894549
Uttar Pradesh,KAUSHAMBI,2002,Rabi,Linseed,3,1,0.333333333
Uttar Pradesh,KAUSHAMBI,2002,Rabi,Maize,22,24,1.090909091
Uttar Pradesh,KAUSHAMBI,2002,Rabi,Masoor,63,63,1
Uttar Pradesh,KAUSHAMBI,2002,Rabi,Onion,155,1600,10.32258065
Uttar Pradesh,KAUSHAMBI,2002,Rabi,Peas & beans (Pulses),1604,1562,0.973815461
Uttar Pradesh,KAUSHAMBI,2002,Rabi,Rapeseed &Mustard,1205,886,0.73526971
Uttar Pradesh,KAUSHAMBI,2002,Rabi,Wheat,67520,139755,2.069831161
Uttar Pradesh,KAUSHAMBI,2002,Summer,Moong(Green Gram),114,66,0.578947368
Uttar Pradesh,KAUSHAMBI,2002,Summer,Onion,43,481,11.18604651
Uttar Pradesh,KAUSHAMBI,2002,Summer,Urad,219,87,0.397260274
Uttar Pradesh,KAUSHAMBI,2002,Whole Year,Potato,4558,76429,16.76810004
Uttar Pradesh,KAUSHAMBI,2002,Whole Year,Sannhamp,9,3,0.333333333
Uttar Pradesh,KAUSHAMBI,2002,Whole Year,Sugarcane,2407,102148,42.43788949
Uttar Pradesh,KAUSHAMBI,2002,Whole Year,Tobacco,14,82,5.857142857
Uttar Pradesh,KAUSHAMBI,2002,Whole Year,Turmeric,1,2,2
Uttar Pradesh,KAUSHAMBI,2003,Kharif,Arhar/Tur,6276,17267,2.751274697
Uttar Pradesh,KAUSHAMBI,2003,Kharif,Bajra,11997,14270,1.189464033
Uttar Pradesh,KAUSHAMBI,2003,Kharif,Groundnut,533,356,0.667917448
Uttar Pradesh,KAUSHAMBI,2003,Kharif,Jowar,12542,15972,1.273481103
Uttar Pradesh,KAUSHAMBI,2003,Kharif,Maize,140,160,1.142857143
Uttar Pradesh,KAUSHAMBI,2003,Kharif,Moong(Green Gram),34,19,0.558823529
Uttar Pradesh,KAUSHAMBI,2003,Kharif,Rice,41462,77682,1.873570981
Uttar Pradesh,KAUSHAMBI,2003,Kharif,Sesamum,1304,343,0.26303681
Uttar Pradesh,KAUSHAMBI,2003,Kharif,Sunflower,1,2,2
Uttar Pradesh,KAUSHAMBI,2003,Kharif,Urad,1402,627,0.44721826
Uttar Pradesh,KAUSHAMBI,2003,Rabi,Barley,3627,6208,1.711607389
Uttar Pradesh,KAUSHAMBI,2003,Rabi,Gram,14472,15863,1.096116639
Uttar Pradesh,KAUSHAMBI,2003,Rabi,Masoor,45,45,1
Uttar Pradesh,KAUSHAMBI,2003,Rabi,Onion,187,2684,14.35294118
Uttar Pradesh,KAUSHAMBI,2003,Rabi,Peas & beans (Pulses),1506,1629,1.081673307
Uttar Pradesh,KAUSHAMBI,2003,Rabi,Rapeseed &Mustard,1154,725,0.628249567
Uttar Pradesh,KAUSHAMBI,2003,Rabi,Wheat,68407,165024,2.412384697
Uttar Pradesh,KAUSHAMBI,2003,Summer,Maize,42,57,1.357142857
Uttar Pradesh,KAUSHAMBI,2003,Summer,Moong(Green Gram),95,25,0.263157895
Uttar Pradesh,KAUSHAMBI,2003,Summer,Onion,55,543,9.872727273
Uttar Pradesh,KAUSHAMBI,2003,Summer,Urad,148,61,0.412162162
Uttar Pradesh,KAUSHAMBI,2003,Whole Year,Potato,3986,51515,12.92398394
Uttar Pradesh,KAUSHAMBI,2003,Whole Year,Sannhamp,6,2,0.333333333
Uttar Pradesh,KAUSHAMBI,2003,Whole Year,Sugarcane,2352,106511,45.28528912
Uttar Pradesh,KAUSHAMBI,2003,Whole Year,Tobacco,22,138,6.272727273
Uttar Pradesh,KAUSHAMBI,2003,Whole Year,Turmeric,2,4,2
Uttar Pradesh,KAUSHAMBI,2004,Kharif,Bajra,9291,12654,1.36196319
Uttar Pradesh,KAUSHAMBI,2004,Kharif,Groundnut,654,538,0.822629969
Uttar Pradesh,KAUSHAMBI,2004,Kharif,Jowar,7219,11968,1.657847347
Uttar Pradesh,KAUSHAMBI,2004,Kharif,Maize,168,142,0.845238095
Uttar Pradesh,KAUSHAMBI,2004,Kharif,Rice,44335,85788,1.934994925
Uttar Pradesh,KAUSHAMBI,2004,Kharif,Sannhamp,15,4,0.266666667
Uttar Pradesh,KAUSHAMBI,2004,Kharif,Sesamum,1712,426,0.248831776
Uttar Pradesh,KAUSHAMBI,2004,Kharif,Small millets,14,5,0.357142857
Uttar Pradesh,KAUSHAMBI,2004,Kharif,Sugarcane,1659,113267,68.2742616
Uttar Pradesh,KAUSHAMBI,2004,Rabi,Barley,3251,3973,1.222085512
Uttar Pradesh,KAUSHAMBI,2004,Rabi,Gram,14105,16345,1.158808933
Uttar Pradesh,KAUSHAMBI,2004,Rabi,Linseed,8,4,0.5
Uttar Pradesh,KAUSHAMBI,2004,Rabi,Maize,11,51,4.636363636
Uttar Pradesh,KAUSHAMBI,2004,Rabi,Potato,3363,36283,10.78887898
Uttar Pradesh,KAUSHAMBI,2004,Rabi,Rapeseed &Mustard,1405,1045,0.743772242
Uttar Pradesh,KAUSHAMBI,2004,Rabi,Turmeric,1,2,2
Uttar Pradesh,KAUSHAMBI,2004,Rabi,Wheat,67754,155817,2.29974614
Uttar Pradesh,KAUSHAMBI,2004,Summer,Sunflower,1,2,2
Uttar Pradesh,KAUSHAMBI,2004,Whole Year,Banana,191,6946,36.36649215
Uttar Pradesh,KAUSHAMBI,2004,Whole Year,Dry chillies,369,347,0.940379404
Uttar Pradesh,KAUSHAMBI,2004,Whole Year,Garlic,63,273,4.333333333
Uttar Pradesh,KAUSHAMBI,2004,Whole Year,Guar seed,43,36,0.837209302
Uttar Pradesh,KAUSHAMBI,2004,Whole Year,Onion,197,2150,10.91370558
Uttar Pradesh,KAUSHAMBI,2004,Whole Year,Sweet potato,859,9984,11.62281723
Uttar Pradesh,KAUSHAMBI,2004,Whole Year,Tobacco,20,87,4.35
Uttar Pradesh,KAUSHAMBI,2005,Kharif,Bajra,9916,10962,1.105486083
Uttar Pradesh,KAUSHAMBI,2005,Kharif,Jowar,5801,10934,1.88484744
Uttar Pradesh,KAUSHAMBI,2005,Kharif,Rice,41745,69130,1.656006707
Uttar Pradesh,KAUSHAMBI,2005,Kharif,Sesamum,696,177,0.254310345
Uttar Pradesh,KAUSHAMBI,2005,Kharif,Sugarcane,2927,108441,37.04851384
Uttar Pradesh,KAUSHAMBI,2005,Rabi,Barley,3970,4461,1.123677582
Uttar Pradesh,KAUSHAMBI,2005,Rabi,Gram,16916,19812,1.171198865
Uttar Pradesh,KAUSHAMBI,2005,Rabi,Potato,4882,91313,18.70401475
Uttar Pradesh,KAUSHAMBI,2005,Rabi,Rapeseed &Mustard,1536,1291,0.840494792
Uttar Pradesh,KAUSHAMBI,2005,Rabi,Turmeric,2,9,4.5
Uttar Pradesh,KAUSHAMBI,2005,Rabi,Wheat,65938,137415,2.084003154
Uttar Pradesh,KAUSHAMBI,2005,Summer,Sunflower,2,3,1.5
Uttar Pradesh,KAUSHAMBI,2005,Whole Year,Banana,209,7964,38.10526316
Uttar Pradesh,KAUSHAMBI,2005,Whole Year,Coriander,19,11,0.578947368
Uttar Pradesh,KAUSHAMBI,2005,Whole Year,Dry chillies,339,310,0.914454277
Uttar Pradesh,KAUSHAMBI,2005,Whole Year,Garlic,54,235,4.351851852
Uttar Pradesh,KAUSHAMBI,2005,Whole Year,Guar seed,24,19,0.791666667
Uttar Pradesh,KAUSHAMBI,2005,Whole Year,Onion,465,5951,12.79784946
Uttar Pradesh,KAUSHAMBI,2005,Whole Year,Sweet potato,626,8188,13.0798722
Uttar Pradesh,KAUSHAMBI,2006,Kharif,Arhar/Tur,11925,7973,0.668595388
Uttar Pradesh,KAUSHAMBI,2006,Kharif,Bajra,10204,11865,1.162779302
Uttar Pradesh,KAUSHAMBI,2006,Kharif,Groundnut,643,465,0.723172628
Uttar Pradesh,KAUSHAMBI,2006,Kharif,Jowar,7102,11485,1.617150099
Uttar Pradesh,KAUSHAMBI,2006,Kharif,Maize,186,247,1.327956989
Uttar Pradesh,KAUSHAMBI,2006,Kharif,Other Kharif pulses,1937,880,0.45431079
Uttar Pradesh,KAUSHAMBI,2006,Kharif,Rice,44367,67260,1.515991615
Uttar Pradesh,KAUSHAMBI,2006,Kharif,Sannhamp,3,1,0.333333333
Uttar Pradesh,KAUSHAMBI,2006,Kharif,Sesamum,3086,500,0.162022035
Uttar Pradesh,KAUSHAMBI,2006,Kharif,Small millets,13,8,0.615384615
Uttar Pradesh,KAUSHAMBI,2006,Kharif,Sugarcane,1832,60239,32.88155022
Uttar Pradesh,KAUSHAMBI,2006,Kharif,Sweet potato,637,8694,13.64835165
Uttar Pradesh,KAUSHAMBI,2006,Rabi,Barley,2611,3879,1.485637687
Uttar Pradesh,KAUSHAMBI,2006,Rabi,Garlic,57,250,4.385964912
Uttar Pradesh,KAUSHAMBI,2006,Rabi,Gram,13292,13692,1.030093289
Uttar Pradesh,KAUSHAMBI,2006,Rabi,Linseed,11,4,0.363636364
Uttar Pradesh,KAUSHAMBI,2006,Rabi,Maize,11,35,3.181818182
Uttar Pradesh,KAUSHAMBI,2006,Rabi,Masoor,121,81,0.669421488
Uttar Pradesh,KAUSHAMBI,2006,Rabi,Onion,135,2590,19.18518519
Uttar Pradesh,KAUSHAMBI,2006,Rabi,Other  Rabi pulses,1720,1446,0.840697674
Uttar Pradesh,KAUSHAMBI,2006,Rabi,Potato,3404,49913,14.66304348
Uttar Pradesh,KAUSHAMBI,2006,Rabi,Rapeseed &Mustard,1308,821,0.627675841
Uttar Pradesh,KAUSHAMBI,2006,Rabi,Tobacco,20,107,5.35
Uttar Pradesh,KAUSHAMBI,2006,Rabi,Turmeric,1,3,3
Uttar Pradesh,KAUSHAMBI,2006,Rabi,Wheat,68503,149126,2.176926558
Uttar Pradesh,KAUSHAMBI,2006,Summer,Maize,87,115,1.32183908
Uttar Pradesh,KAUSHAMBI,2006,Summer,Onion,82,955,11.64634146
Uttar Pradesh,KAUSHAMBI,2006,Summer,Sunflower,1,1,1
Uttar Pradesh,KAUSHAMBI,2006,Whole Year,Banana,395,15332,38.81518987
Uttar Pradesh,KAUSHAMBI,2006,Whole Year,Coriander,69,36,0.52173913
Uttar Pradesh,KAUSHAMBI,2006,Whole Year,Dry chillies,338,321,0.949704142
Uttar Pradesh,KAUSHAMBI,2006,Whole Year,Guar seed,28,24,0.857142857
Uttar Pradesh,KAUSHAMBI,2007,Kharif,Arhar/Tur,12463,17421,1.39781754
Uttar Pradesh,KAUSHAMBI,2007,Kharif,Bajra,11593,13917,1.200465798
Uttar Pradesh,KAUSHAMBI,2007,Kharif,Dry chillies,362,349,0.964088398
Uttar Pradesh,KAUSHAMBI,2007,Kharif,Groundnut,1063,635,0.597365945
Uttar Pradesh,KAUSHAMBI,2007,Kharif,Guar seed,30,25,0.833333333
Uttar Pradesh,KAUSHAMBI,2007,Kharif,Jowar,7835,13575,1.732610083
Uttar Pradesh,KAUSHAMBI,2007,Kharif,Maize,173,249,1.439306358
Uttar Pradesh,KAUSHAMBI,2007,Kharif,Moong(Green Gram),40,8,0.2
Uttar Pradesh,KAUSHAMBI,2007,Kharif,Rice,40533,64042,1.579996546
Uttar Pradesh,KAUSHAMBI,2007,Kharif,Sannhamp,7,1,0.142857143
Uttar Pradesh,KAUSHAMBI,2007,Kharif,Sesamum,2011,462,0.22973645
Uttar Pradesh,KAUSHAMBI,2007,Kharif,Small millets,9,5,0.555555556
Uttar Pradesh,KAUSHAMBI,2007,Kharif,Sugarcane,1548,69041,44.6001292
Uttar Pradesh,KAUSHAMBI,2007,Kharif,Sweet potato,592,7970,13.46283784
Uttar Pradesh,KAUSHAMBI,2007,Kharif,Urad,1240,659,0.531451613
Uttar Pradesh,KAUSHAMBI,2007,Rabi,Barley,1063,1040,0.978363123
Uttar Pradesh,KAUSHAMBI,2007,Rabi,Coriander,21,12,0.571428571
Uttar Pradesh,KAUSHAMBI,2007,Rabi,Gram,14516,14468,0.996693304
Uttar Pradesh,KAUSHAMBI,2007,Rabi,Linseed,7,3,0.428571429
Uttar Pradesh,KAUSHAMBI,2007,Rabi,Masoor,140,114,0.814285714
Uttar Pradesh,KAUSHAMBI,2007,Rabi,Onion,192,2683,13.97395833
Uttar Pradesh,KAUSHAMBI,2007,Rabi,Other  Rabi pulses,660,672,1.018181818
Uttar Pradesh,KAUSHAMBI,2007,Rabi,Potato,5410,63925,11.81608133
Uttar Pradesh,KAUSHAMBI,2007,Rabi,Rapeseed &Mustard,1900,1540,0.810526316
Uttar Pradesh,KAUSHAMBI,2007,Rabi,Turmeric,5,15,3
Uttar Pradesh,KAUSHAMBI,2007,Rabi,Wheat,63597,132208,2.078840197
Uttar Pradesh,KAUSHAMBI,2007,Summer,Maize,92,132,1.434782609
Uttar Pradesh,KAUSHAMBI,2007,Summer,Moong(Green Gram),298,134,0.44966443
Uttar Pradesh,KAUSHAMBI,2007,Summer,Onion,74,999,13.5
Uttar Pradesh,KAUSHAMBI,2007,Summer,Sunflower,2,3,1.5
Uttar Pradesh,KAUSHAMBI,2007,Summer,Urad,248,122,0.491935484
Uttar Pradesh,KAUSHAMBI,2008,Kharif,Arhar/Tur,7847,9014,1.148719256
Uttar Pradesh,KAUSHAMBI,2008,Kharif,Bajra,8612,10945,1.270901068
Uttar Pradesh,KAUSHAMBI,2008,Kharif,Dry chillies,260,259,0.996153846
Uttar Pradesh,KAUSHAMBI,2008,Kharif,Groundnut,225,161,0.715555556
Uttar Pradesh,KAUSHAMBI,2008,Kharif,Guar seed,31,26,0.838709677
Uttar Pradesh,KAUSHAMBI,2008,Kharif,Jowar,4782,8355,1.747176913
Uttar Pradesh,KAUSHAMBI,2008,Kharif,Maize,190,284,1.494736842
Uttar Pradesh,KAUSHAMBI,2008,Kharif,Moong(Green Gram),33,12,0.363636364
Uttar Pradesh,KAUSHAMBI,2008,Kharif,Rice,57888,122086,2.109003593
Uttar Pradesh,KAUSHAMBI,2008,Kharif,Sesamum,1840,210,0.114130435
Uttar Pradesh,KAUSHAMBI,2008,Kharif,Small millets,10,6,0.6
Uttar Pradesh,KAUSHAMBI,2008,Kharif,Sugarcane,1480,81806,55.27432432
Uttar Pradesh,KAUSHAMBI,2008,Kharif,Sweet potato,740,9089,12.28243243
Uttar Pradesh,KAUSHAMBI,2008,Kharif,Urad,966,498,0.51552795
Uttar Pradesh,KAUSHAMBI,2008,Rabi,Barley,1677,1396,0.832438879
Uttar Pradesh,KAUSHAMBI,2008,Rabi,Coriander,64,38,0.59375
Uttar Pradesh,KAUSHAMBI,2008,Rabi,Garlic,94,554,5.893617021
Uttar Pradesh,KAUSHAMBI,2008,Rabi,Gram,9076,11346,1.250110181
Uttar Pradesh,KAUSHAMBI,2008,Rabi,Linseed,4,1,0.25
Uttar Pradesh,KAUSHAMBI,2008,Rabi,Masoor,150,120,0.8
Uttar Pradesh,KAUSHAMBI,2008,Rabi,Onion,975,11429,11.72205128
Uttar Pradesh,KAUSHAMBI,2008,Rabi,Peas & beans (Pulses),1903,1566,0.822911193
Uttar Pradesh,KAUSHAMBI,2008,Rabi,Potato,4275,65399,15.2980117
Uttar Pradesh,KAUSHAMBI,2008,Rabi,Rapeseed &Mustard,1918,1717,0.895203337
Uttar Pradesh,KAUSHAMBI,2008,Rabi,Tobacco,20,104,5.2
Uttar Pradesh,KAUSHAMBI,2008,Rabi,Wheat,69406,180525,2.600999914
Uttar Pradesh,KAUSHAMBI,2008,Summer,Banana,209,7964,38.10526316
Uttar Pradesh,KAUSHAMBI,2008,Summer,Maize,103,154,1.495145631
Uttar Pradesh,KAUSHAMBI,2008,Summer,Moong(Green Gram),278,220,0.791366906
Uttar Pradesh,KAUSHAMBI,2008,Summer,Sunflower,5,9,1.8
Uttar Pradesh,KAUSHAMBI,2008,Summer,Urad,370,222,0.6
Uttar Pradesh,KAUSHAMBI,2009,Kharif,Arhar/Tur,3418,1227,0.358981861
Uttar Pradesh,KAUSHAMBI,2009,Kharif,Bajra,9689,10314,1.064506141
Uttar Pradesh,KAUSHAMBI,2009,Kharif,Dry chillies,334,294,0.880239521
Uttar Pradesh,KAUSHAMBI,2009,Kharif,Groundnut,655,442,0.67480916
Uttar Pradesh,KAUSHAMBI,2009,Kharif,Guar seed,21,18,0.857142857
Uttar Pradesh,KAUSHAMBI,2009,Kharif,Jowar,1951,2629,1.347514095
Uttar Pradesh,KAUSHAMBI,2009,Kharif,Maize,115,167,1.452173913
Uttar Pradesh,KAUSHAMBI,2009,Kharif,Moong(Green Gram),15,2,0.133333333
Uttar Pradesh,KAUSHAMBI,2009,Kharif,Rice,28255,51594,1.826013095
Uttar Pradesh,KAUSHAMBI,2009,Kharif,Sannhamp,74,14,0.189189189
Uttar Pradesh,KAUSHAMBI,2009,Kharif,Sesamum,2376,694,0.292087542
Uttar Pradesh,KAUSHAMBI,2009,Kharif,Sugarcane,484,21076,43.54545455
Uttar Pradesh,KAUSHAMBI,2009,Kharif,Sweet potato,691,9398,13.60057887
Uttar Pradesh,KAUSHAMBI,2009,Kharif,Urad,926,427,0.46112311
Uttar Pradesh,KAUSHAMBI,2009,Rabi,Barley,2577,3458,1.341870392
Uttar Pradesh,KAUSHAMBI,2009,Rabi,Coriander,62,35,0.564516129
Uttar Pradesh,KAUSHAMBI,2009,Rabi,Garlic,36,192,5.333333333
Uttar Pradesh,KAUSHAMBI,2009,Rabi,Gram,12976,12647,0.974645499
Uttar Pradesh,KAUSHAMBI,2009,Rabi,Linseed,1,,
Uttar Pradesh,KAUSHAMBI,2009,Rabi,Maize,12,37,3.083333333
Uttar Pradesh,KAUSHAMBI,2009,Rabi,Masoor,81,61,0.75308642
Uttar Pradesh,KAUSHAMBI,2009,Rabi,Onion,228,4267,18.71491228
Uttar Pradesh,KAUSHAMBI,2009,Rabi,Peas & beans (Pulses),1383,1132,0.818510484
Uttar Pradesh,KAUSHAMBI,2009,Rabi,Potato,4332,88893,20.5200831
Uttar Pradesh,KAUSHAMBI,2009,Rabi,Rapeseed &Mustard,1489,1371,0.920752183
Uttar Pradesh,KAUSHAMBI,2009,Rabi,Turmeric,5,16,3.2
Uttar Pradesh,KAUSHAMBI,2009,Rabi,Wheat,70698,168299,2.380534103
Uttar Pradesh,KAUSHAMBI,2009,Summer,Banana,264,10856,41.12121212
Uttar Pradesh,KAUSHAMBI,2009,Summer,Maize,37,54,1.459459459
Uttar Pradesh,KAUSHAMBI,2009,Summer,Moong(Green Gram),371,259,0.698113208
Uttar Pradesh,KAUSHAMBI,2009,Summer,Onion,97,1348,13.89690722
Uttar Pradesh,KAUSHAMBI,2009,Summer,Sunflower,4,9,2.25
Uttar Pradesh,KAUSHAMBI,2009,Summer,Urad,278,157,0.564748201
Uttar Pradesh,KAUSHAMBI,2010,Kharif,Arhar/Tur,10343,8300,0.802475104
Uttar Pradesh,KAUSHAMBI,2010,Kharif,Bajra,11661,13595,1.165851985
Uttar Pradesh,KAUSHAMBI,2010,Kharif,Dry chillies,430,376,0.874418605
Uttar Pradesh,KAUSHAMBI,2010,Kharif,Groundnut,560,553,0.9875
Uttar Pradesh,KAUSHAMBI,2010,Kharif,Guar seed,18,15,0.833333333
Uttar Pradesh,KAUSHAMBI,2010,Kharif,Jowar,6862,8245,1.201544739
Uttar Pradesh,KAUSHAMBI,2010,Kharif,Maize,76,134,1.763157895
Uttar Pradesh,KAUSHAMBI,2010,Kharif,Moong(Green Gram),57,27,0.473684211
Uttar Pradesh,KAUSHAMBI,2010,Kharif,Rice,40103,79965,1.993990475
Uttar Pradesh,KAUSHAMBI,2010,Kharif,Sannhamp,13,4,0.307692308
Uttar Pradesh,KAUSHAMBI,2010,Kharif,Sesamum,3023,617,0.204101886
Uttar Pradesh,KAUSHAMBI,2010,Kharif,Small millets,26,18,0.692307692
Uttar Pradesh,KAUSHAMBI,2010,Kharif,Sugarcane,1572,91712,58.34096692
Uttar Pradesh,KAUSHAMBI,2010,Kharif,Sweet potato,657,8091,12.31506849
Uttar Pradesh,KAUSHAMBI,2010,Kharif,Urad,1282,813,0.634165367
Uttar Pradesh,KAUSHAMBI,2010,Rabi,Barley,2169,3988,1.838635316
Uttar Pradesh,KAUSHAMBI,2010,Rabi,Gram,11136,11324,1.016882184
Uttar Pradesh,KAUSHAMBI,2010,Rabi,Linseed,4,2,0.5
Uttar Pradesh,KAUSHAMBI,2010,Rabi,Masoor,170,49,0.288235294
Uttar Pradesh,KAUSHAMBI,2010,Rabi,Onion,180,3313,18.40555556
Uttar Pradesh,KAUSHAMBI,2010,Rabi,Peas & beans (Pulses),1479,1336,0.903313049
Uttar Pradesh,KAUSHAMBI,2010,Rabi,Potato,4910,99172,20.19796334
Uttar Pradesh,KAUSHAMBI,2010,Rabi,Rapeseed &Mustard,1704,1609,0.944248826
Uttar Pradesh,KAUSHAMBI,2010,Rabi,Turmeric,6,19,3.166666667
Uttar Pradesh,KAUSHAMBI,2010,Rabi,Wheat,71572,192775,2.693441569
Uttar Pradesh,KAUSHAMBI,2010,Summer,Maize,96,141,1.46875
Uttar Pradesh,KAUSHAMBI,2010,Summer,Moong(Green Gram),364,338,0.928571429
Uttar Pradesh,KAUSHAMBI,2010,Summer,Sunflower,4,9,2.25
Uttar Pradesh,KAUSHAMBI,2010,Summer,Urad,139,126,0.90647482
Uttar Pradesh,KAUSHAMBI,2011,Kharif,Arhar/Tur,9611,11530,1.199667048
Uttar Pradesh,KAUSHAMBI,2011,Kharif,Bajra,7346,12483,1.699292132
Uttar Pradesh,KAUSHAMBI,2011,Kharif,Dry chillies,420,349,0.830952381
Uttar Pradesh,KAUSHAMBI,2011,Kharif,Groundnut,739,740,1.00135318
Uttar Pradesh,KAUSHAMBI,2011,Kharif,Guar seed,24,20,0.833333333
Uttar Pradesh,KAUSHAMBI,2011,Kharif,Jowar,6701,10404,1.552604089
Uttar Pradesh,KAUSHAMBI,2011,Kharif,Maize,118,118,1
Uttar Pradesh,KAUSHAMBI,2011,Kharif,Moong(Green Gram),44,19,0.431818182
Uttar Pradesh,KAUSHAMBI,2011,Kharif,Rice,45799,111108,2.425991834
Uttar Pradesh,KAUSHAMBI,2011,Kharif,Sannhamp,11,3,0.272727273
Uttar Pradesh,KAUSHAMBI,2011,Kharif,Sesamum,1345,333,0.247583643
Uttar Pradesh,KAUSHAMBI,2011,Kharif,Sugarcane,1846,103145,55.87486457
Uttar Pradesh,KAUSHAMBI,2011,Kharif,Sweet potato,663,8615,12.99396682
Uttar Pradesh,KAUSHAMBI,2011,Kharif,Urad,994,622,0.625754527
Uttar Pradesh,KAUSHAMBI,2011,Rabi,Barley,1470,2821,1.919047619
Uttar Pradesh,KAUSHAMBI,2011,Rabi,Coriander,69,38,0.550724638
Uttar Pradesh,KAUSHAMBI,2011,Rabi,Garlic,90,465,5.166666667
Uttar Pradesh,KAUSHAMBI,2011,Rabi,Gram,12715,16808,1.321903264
Uttar Pradesh,KAUSHAMBI,2011,Rabi,Linseed,2,1,0.5
Uttar Pradesh,KAUSHAMBI,2011,Rabi,Maize,335,799,2.385074627
Uttar Pradesh,KAUSHAMBI,2011,Rabi,Masoor,222,184,0.828828829
Uttar Pradesh,KAUSHAMBI,2011,Rabi,Onion,288,6588,22.875
Uttar Pradesh,KAUSHAMBI,2011,Rabi,Peas & beans (Pulses),1373,1617,1.177713037
Uttar Pradesh,KAUSHAMBI,2011,Rabi,Potato,4764,74661,15.67191436
Uttar Pradesh,KAUSHAMBI,2011,Rabi,Rapeseed &Mustard,2073,1942,0.936806561
Uttar Pradesh,KAUSHAMBI,2011,Rabi,Turmeric,26,73,2.807692308
Uttar Pradesh,KAUSHAMBI,2011,Rabi,Wheat,72593,209721,2.888997562
Uttar Pradesh,KAUSHAMBI,2011,Summer,Banana,228,9962,43.69298246
Uttar Pradesh,KAUSHAMBI,2011,Summer,Maize,79,131,1.658227848
Uttar Pradesh,KAUSHAMBI,2011,Summer,Moong(Green Gram),379,394,1.039577836
Uttar Pradesh,KAUSHAMBI,2011,Summer,Onion,80,867,10.8375
Uttar Pradesh,KAUSHAMBI,2011,Summer,Sunflower,4,7,1.75
Uttar Pradesh,KAUSHAMBI,2011,Summer,Urad,185,178,0.962162162
Uttar Pradesh,KAUSHAMBI,2012,Kharif,Arhar/Tur,7878,9643,1.224041635
Uttar Pradesh,KAUSHAMBI,2012,Kharif,Bajra,6416,8254,1.286471322
Uttar Pradesh,KAUSHAMBI,2012,Kharif,Dry chillies,362,291,0.803867403
Uttar Pradesh,KAUSHAMBI,2012,Kharif,Groundnut,115,123,1.069565217
Uttar Pradesh,KAUSHAMBI,2012,Kharif,Guar seed,26,21,0.807692308
Uttar Pradesh,KAUSHAMBI,2012,Kharif,Jowar,6176,8501,1.376457254
Uttar Pradesh,KAUSHAMBI,2012,Kharif,Maize,136,155,1.139705882
Uttar Pradesh,KAUSHAMBI,2012,Kharif,Moong(Green Gram),36,18,0.5
Uttar Pradesh,KAUSHAMBI,2012,Kharif,Rice,46141,100357,2.175007044
Uttar Pradesh,KAUSHAMBI,2012,Kharif,Sannhamp,20,8,0.4
Uttar Pradesh,KAUSHAMBI,2012,Kharif,Sesamum,1343,266,0.198064036
Uttar Pradesh,KAUSHAMBI,2012,Kharif,Sugarcane,1787,109252,61.13710129
Uttar Pradesh,KAUSHAMBI,2012,Kharif,Sweet potato,512,6629,12.94726563
Uttar Pradesh,KAUSHAMBI,2012,Kharif,Urad,1190,836,0.702521008
Uttar Pradesh,KAUSHAMBI,2012,Rabi,Barley,2809,7741,2.755784977
Uttar Pradesh,KAUSHAMBI,2012,Rabi,Coriander,83,45,0.542168675
Uttar Pradesh,KAUSHAMBI,2012,Rabi,Garlic,65,337,5.184615385
Uttar Pradesh,KAUSHAMBI,2012,Rabi,Gram,12974,17227,1.327809465
Uttar Pradesh,KAUSHAMBI,2012,Rabi,Linseed,5,3,0.6
Uttar Pradesh,KAUSHAMBI,2012,Rabi,Maize,7,22,3.142857143
Uttar Pradesh,KAUSHAMBI,2012,Rabi,Masoor,112,97,0.866071429
Uttar Pradesh,KAUSHAMBI,2012,Rabi,Onion,180,4140,23
Uttar Pradesh,KAUSHAMBI,2012,Rabi,Peas & beans (Pulses),1335,1429,1.070411985
Uttar Pradesh,KAUSHAMBI,2012,Rabi,Potato,4014,78642,19.59192825
Uttar Pradesh,KAUSHAMBI,2012,Rabi,Rapeseed &Mustard,1572,1582,1.006361323
Uttar Pradesh,KAUSHAMBI,2012,Rabi,Tobacco,19,103,5.421052632
Uttar Pradesh,KAUSHAMBI,2012,Rabi,Turmeric,24,68,2.833333333
Uttar Pradesh,KAUSHAMBI,2012,Rabi,Wheat,75647,219631,2.903366954
Uttar Pradesh,KAUSHAMBI,2012,Summer,Banana,262,11699,44.65267176
Uttar Pradesh,KAUSHAMBI,2012,Summer,Maize,87,161,1.850574713
Uttar Pradesh,KAUSHAMBI,2012,Summer,Moong(Green Gram),392,372,0.948979592
Uttar Pradesh,KAUSHAMBI,2012,Summer,Onion,106,1153,10.87735849
Uttar Pradesh,KAUSHAMBI,2012,Summer,Sunflower,7,6,0.857142857
Uttar Pradesh,KAUSHAMBI,2012,Summer,Urad,166,128,0.771084337
Uttar Pradesh,KAUSHAMBI,2013,Kharif,Arhar/Tur,6844,4172,0.609585038
Uttar Pradesh,KAUSHAMBI,2013,Kharif,Bajra,7835,7486,0.955456286
Uttar Pradesh,KAUSHAMBI,2013,Kharif,Dry chillies,348,280,0.804597701
Uttar Pradesh,KAUSHAMBI,2013,Kharif,Groundnut,24,21,0.875
Uttar Pradesh,KAUSHAMBI,2013,Kharif,Guar seed,26,21,0.807692308
Uttar Pradesh,KAUSHAMBI,2013,Kharif,Jowar,3670,3095,0.843324251
Uttar Pradesh,KAUSHAMBI,2013,Kharif,Maize,184,199,1.081521739
Uttar Pradesh,KAUSHAMBI,2013,Kharif,Moong(Green Gram),32,10,0.3125
Uttar Pradesh,KAUSHAMBI,2013,Kharif,Rice,50894,112425,2.209003026
Uttar Pradesh,KAUSHAMBI,2013,Kharif,Sannhamp,19,5,0.263157895
Uttar Pradesh,KAUSHAMBI,2013,Kharif,Sesamum,1527,261,0.170923379
Uttar Pradesh,KAUSHAMBI,2013,Kharif,Sugarcane,1401,95589,68.22912206
Uttar Pradesh,KAUSHAMBI,2013,Kharif,Sweet potato,497,6568,13.21529175
Uttar Pradesh,KAUSHAMBI,2013,Kharif,Urad,967,598,0.618407446
Uttar Pradesh,KAUSHAMBI,2013,Rabi,Barley,1835,6148,3.350408719
Uttar Pradesh,KAUSHAMBI,2013,Rabi,Coriander,74,40,0.540540541
Uttar Pradesh,KAUSHAMBI,2013,Rabi,Garlic,95,557,5.863157895
Uttar Pradesh,KAUSHAMBI,2013,Rabi,Gram,8370,2511,0.3
Uttar Pradesh,KAUSHAMBI,2013,Rabi,Linseed,19,7,0.368421053
Uttar Pradesh,KAUSHAMBI,2013,Rabi,Maize,158,561,3.550632911
Uttar Pradesh,KAUSHAMBI,2013,Rabi,Masoor,122,65,0.532786885
Uttar Pradesh,KAUSHAMBI,2013,Rabi,Onion,242,4922,20.33884298
Uttar Pradesh,KAUSHAMBI,2013,Rabi,Peas & beans (Pulses),1020,1081,1.059803922
Uttar Pradesh,KAUSHAMBI,2013,Rabi,Potato,3397,46930,13.815131
Uttar Pradesh,KAUSHAMBI,2013,Rabi,Rapeseed &Mustard,1828,1488,0.814004376
Uttar Pradesh,KAUSHAMBI,2013,Rabi,Tobacco,18,99,5.5
Uttar Pradesh,KAUSHAMBI,2013,Rabi,Turmeric,24,69,2.875
Uttar Pradesh,KAUSHAMBI,2013,Rabi,Wheat,66491,161600,2.430404115
Uttar Pradesh,KAUSHAMBI,2013,Summer,Banana,200,8709,43.545
Uttar Pradesh,KAUSHAMBI,2013,Summer,Maize,100,184,1.84
Uttar Pradesh,KAUSHAMBI,2013,Summer,Moong(Green Gram),385,215,0.558441558
Uttar Pradesh,KAUSHAMBI,2013,Summer,Onion,131,1763,13.45801527
Uttar Pradesh,KAUSHAMBI,2013,Summer,Urad,274,159,0.580291971
Uttar Pradesh,KAUSHAMBI,2014,Kharif,Arhar/Tur,8962,5232,0.583798259
Uttar Pradesh,KAUSHAMBI,2014,Kharif,Bajra,11306,10588,0.936493897
Uttar Pradesh,KAUSHAMBI,2014,Kharif,Dry chillies,62,51,0.822580645
Uttar Pradesh,KAUSHAMBI,2014,Kharif,Groundnut,20,17,0.85
Uttar Pradesh,KAUSHAMBI,2014,Kharif,Guar seed,15,12,0.8
Uttar Pradesh,KAUSHAMBI,2014,Kharif,Jowar,6199,6338,1.022422971
Uttar Pradesh,KAUSHAMBI,2014,Kharif,Maize,77,137,1.779220779
Uttar Pradesh,KAUSHAMBI,2014,Kharif,Moong(Green Gram),46,15,0.326086957
Uttar Pradesh,KAUSHAMBI,2014,Kharif,Rice,43224,93494,2.16301129
Uttar Pradesh,KAUSHAMBI,2014,Kharif,Sannhamp,18,7,0.388888889
Uttar Pradesh,KAUSHAMBI,2014,Kharif,Sesamum,1543,234,0.151652625
Uttar Pradesh,KAUSHAMBI,2014,Kharif,Sugarcane,1439,94659,65.78109798
Uttar Pradesh,KAUSHAMBI,2014,Kharif,Sweet potato,667,8262,12.3868066
Uttar Pradesh,KAUSHAMBI,2014,Kharif,Urad,1035,482,0.465700483
Uttar Pradesh,KAUSHAMBI,2014,Rabi,Barley,3803,3854,1.013410465
Uttar Pradesh,KAUSHAMBI,2014,Rabi,Coriander,128,62,0.484375
Uttar Pradesh,KAUSHAMBI,2014,Rabi,Garlic,104,602,5.788461538
Uttar Pradesh,KAUSHAMBI,2014,Rabi,Gram,9795,3158,0.322409393
Uttar Pradesh,KAUSHAMBI,2014,Rabi,Linseed,1,1,1
Uttar Pradesh,KAUSHAMBI,2014,Rabi,Maize,458,1096,2.3930131
Uttar Pradesh,KAUSHAMBI,2014,Rabi,Masoor,273,44,0.161172161
Uttar Pradesh,KAUSHAMBI,2014,Rabi,Onion,227,3473,15.29955947
Uttar Pradesh,KAUSHAMBI,2014,Rabi,Peas & beans (Pulses),1793,1311,0.731176799
Uttar Pradesh,KAUSHAMBI,2014,Rabi,Potato,3992,61473,15.3990481
Uttar Pradesh,KAUSHAMBI,2014,Rabi,Rapeseed &Mustard,1807,744,0.411732153
Uttar Pradesh,KAUSHAMBI,2014,Rabi,Turmeric,19,54,2.842105263
Uttar Pradesh,KAUSHAMBI,2014,Rabi,Wheat,70882,108449,1.52999351
Uttar Pradesh,KAUSHAMBI,2014,Summer,Banana,245,11052,45.11020408
Uttar Pradesh,KAUSHAMBI,2014,Summer,Maize,94,167,1.776595745
Uttar Pradesh,KAUSHAMBI,2014,Summer,Moong(Green Gram),340,169,0.497058824
Uttar Pradesh,KAUSHAMBI,2014,Summer,Onion,66,998,15.12121212
Uttar Pradesh,KAUSHAMBI,2014,Summer,Urad,351,78,0.222222222
Uttar Pradesh,KHERI,1997,Kharif,Arhar/Tur,3853,1233,0.320010382
Uttar Pradesh,KHERI,1997,Kharif,Bajra,228,251,1.100877193
Uttar Pradesh,KHERI,1997,Kharif,Castor seed,5,3,0.6
Uttar Pradesh,KHERI,1997,Kharif,Groundnut,7266,6743,0.928020919
Uttar Pradesh,KHERI,1997,Kharif,Jowar,779,868,1.114249037
Uttar Pradesh,KHERI,1997,Kharif,Maize,14604,14560,0.996987127
Uttar Pradesh,KHERI,1997,Kharif,Moong(Green Gram),67,21,0.313432836
Uttar Pradesh,KHERI,1997,Kharif,Oilseeds total,47938,19470,0.40614961
Uttar Pradesh,KHERI,1997,Kharif,Onion,147,1513,10.29251701
Uttar Pradesh,KHERI,1997,Kharif,Rice,184332,475902,2.58176551
Uttar Pradesh,KHERI,1997,Kharif,Sesamum,7111,1067,0.15004922
Uttar Pradesh,KHERI,1997,Kharif,Small millets,426,365,0.856807512
Uttar Pradesh,KHERI,1997,Kharif,Soyabean,2,2,1
Uttar Pradesh,KHERI,1997,Kharif,Total foodgrain,432961,955691,2.207337381
Uttar Pradesh,KHERI,1997,Kharif,Urad,5382,1336,0.248234857
Uttar Pradesh,KHERI,1997,Rabi,Barley,1052,1646,1.564638783
Uttar Pradesh,KHERI,1997,Rabi,Gram,1017,826,0.812192724
Uttar Pradesh,KHERI,1997,Rabi,Linseed,73,31,0.424657534
Uttar Pradesh,KHERI,1997,Rabi,Masoor,26766,19084,0.712994097
Uttar Pradesh,KHERI,1997,Rabi,Peas & beans (Pulses),870,970,1.114942529
Uttar Pradesh,KHERI,1997,Rabi,Rapeseed &Mustard,33471,11609,0.346837561
Uttar Pradesh,KHERI,1997,Rabi,Sunflower,10,15,1.5
Uttar Pradesh,KHERI,1997,Rabi,Wheat,192629,437513,2.271272757
Uttar Pradesh,KHERI,1997,Summer,Maize,266,420,1.578947368
Uttar Pradesh,KHERI,1997,Summer,Moong(Green Gram),193,82,0.424870466
Uttar Pradesh,KHERI,1997,Summer,Rice,187,483,2.582887701
Uttar Pradesh,KHERI,1997,Summer,Urad,310,131,0.422580645
Uttar Pradesh,KHERI,1997,Whole Year,Potato,998,8086,8.102204409
Uttar Pradesh,KHERI,1997,Whole Year,Sugarcane,182084,10287746,56.5
Uttar Pradesh,KHERI,1998,Kharif,Arhar/Tur,3321,2094,0.630532972
Uttar Pradesh,KHERI,1998,Kharif,Bajra,204,103,0.504901961
Uttar Pradesh,KHERI,1998,Kharif,Groundnut,7020,3614,0.514814815
Uttar Pradesh,KHERI,1998,Kharif,Jowar,639,437,0.683881064
Uttar Pradesh,KHERI,1998,Kharif,Jute,5,4,0.8
Uttar Pradesh,KHERI,1998,Kharif,Maize,15875,8509,0.536
Uttar Pradesh,KHERI,1998,Kharif,Moong(Green Gram),80,22,0.275
Uttar Pradesh,KHERI,1998,Kharif,Rice,189267,421981,2.229554016
Uttar Pradesh,KHERI,1998,Kharif,Sesamum,5851,497,0.084942745
Uttar Pradesh,KHERI,1998,Kharif,Small millets,389,152,0.390745501
Uttar Pradesh,KHERI,1998,Kharif,Soyabean,3,1,0.333333333
Uttar Pradesh,KHERI,1998,Kharif,Urad,4316,1118,0.259036145
Uttar Pradesh,KHERI,1998,Rabi,Barley,1015,1705,1.679802956
Uttar Pradesh,KHERI,1998,Rabi,Castor seed,4,3,0.75
Uttar Pradesh,KHERI,1998,Rabi,Gram,760,570,0.75
Uttar Pradesh,KHERI,1998,Rabi,Linseed,95,36,0.378947368
Uttar Pradesh,KHERI,1998,Rabi,Masoor,26431,17233,0.651999546
Uttar Pradesh,KHERI,1998,Rabi,Peas & beans (Pulses),926,978,1.056155508
Uttar Pradesh,KHERI,1998,Rabi,Rapeseed &Mustard,33553,19093,0.569040026
Uttar Pradesh,KHERI,1998,Rabi,Sunflower,2,2,1
Uttar Pradesh,KHERI,1998,Rabi,Wheat,197697,479549,2.425676667
Uttar Pradesh,KHERI,1998,Summer,Maize,202,205,1.014851485
Uttar Pradesh,KHERI,1998,Summer,Moong(Green Gram),139,60,0.431654676
Uttar Pradesh,KHERI,1998,Summer,Rice,158,352,2.227848101
Uttar Pradesh,KHERI,1998,Summer,Urad,263,78,0.296577947
Uttar Pradesh,KHERI,1998,Whole Year,Onion,106,1280,12.0754717
Uttar Pradesh,KHERI,1998,Whole Year,Potato,1482,25215,17.01417004
Uttar Pradesh,KHERI,1998,Whole Year,Sannhamp,6,2,0.333333333
Uttar Pradesh,KHERI,1998,Whole Year,Sugarcane,189213,9810316,51.84800199
Uttar Pradesh,KHERI,1998,Whole Year,Turmeric,78,145,1.858974359
Uttar Pradesh,KHERI,1999,Kharif,Arhar/Tur,3047,2983,0.978995734
Uttar Pradesh,KHERI,1999,Kharif,Bajra,214,233,1.088785047
Uttar Pradesh,KHERI,1999,Kharif,Groundnut,5949,7178,1.206589343
Uttar Pradesh,KHERI,1999,Kharif,Jowar,566,598,1.056537102
Uttar Pradesh,KHERI,1999,Kharif,Jute,2,1,0.5
Uttar Pradesh,KHERI,1999,Kharif,Maize,13245,15536,1.172970932
Uttar Pradesh,KHERI,1999,Kharif,Moong(Green Gram),63,22,0.349206349
Uttar Pradesh,KHERI,1999,Kharif,Rice,188822,481946,2.552382667
Uttar Pradesh,KHERI,1999,Kharif,Small millets,429,282,0.657342657
Uttar Pradesh,KHERI,1999,Kharif,Sunflower,3,4,1.333333333
Uttar Pradesh,KHERI,1999,Kharif,Urad,4052,1592,0.392892399
Uttar Pradesh,KHERI,1999,Rabi,Barley,789,1277,1.618504436
Uttar Pradesh,KHERI,1999,Rabi,Gram,431,392,0.909512761
Uttar Pradesh,KHERI,1999,Rabi,Linseed,95,42,0.442105263
Uttar Pradesh,KHERI,1999,Rabi,Maize,238,345,1.449579832
Uttar Pradesh,KHERI,1999,Rabi,Rapeseed &Mustard,33585,22609,0.673187435
Uttar Pradesh,KHERI,1999,Rabi,Wheat,199737,554059,2.773942735
Uttar Pradesh,KHERI,1999,Summer,Moong(Green Gram),126,93,0.738095238
Uttar Pradesh,KHERI,1999,Summer,Rice,176,449,2.551136364
Uttar Pradesh,KHERI,1999,Summer,Urad,358,117,0.326815642
Uttar Pradesh,KHERI,1999,Whole Year,Onion,160,2294,14.3375
Uttar Pradesh,KHERI,1999,Whole Year,Peas & beans (Pulses),755,936,1.239735099
Uttar Pradesh,KHERI,1999,Whole Year,Potato,1313,24357,18.55064737
Uttar Pradesh,KHERI,1999,Whole Year,Sugarcane,189363,10924730,57.69199896
Uttar Pradesh,KHERI,1999,Whole Year,Turmeric,87,135,1.551724138
Uttar Pradesh,KHERI,2000,Kharif,Arhar/Tur,2871,2492,0.867990247
Uttar Pradesh,KHERI,2000,Kharif,Bajra,228,179,0.785087719
Uttar Pradesh,KHERI,2000,Kharif,Groundnut,6561,5833,0.889041305
Uttar Pradesh,KHERI,2000,Kharif,Jowar,526,473,0.899239544
Uttar Pradesh,KHERI,2000,Kharif,Jute,6,5,0.833333333
Uttar Pradesh,KHERI,2000,Kharif,Maize,12742,9314,0.730968451
Uttar Pradesh,KHERI,2000,Kharif,Moong(Green Gram),69,12,0.173913043
Uttar Pradesh,KHERI,2000,Kharif,Rice,188067,477644,2.539754449
Uttar Pradesh,KHERI,2000,Kharif,Sesamum,5682,1097,0.193065822
Uttar Pradesh,KHERI,2000,Kharif,Small millets,386,259,0.670984456
Uttar Pradesh,KHERI,2000,Kharif,Urad,3756,1409,0.37513312
Uttar Pradesh,KHERI,2000,Rabi,Barley,629,1069,1.699523052
Uttar Pradesh,KHERI,2000,Rabi,Gram,381,361,0.947506562
Uttar Pradesh,KHERI,2000,Rabi,Linseed,41,15,0.365853659
Uttar Pradesh,KHERI,2000,Rabi,Maize,274,444,1.620437956
Uttar Pradesh,KHERI,2000,Rabi,Masoor,23429,17197,0.734004866
Uttar Pradesh,KHERI,2000,Rabi,Moong(Green Gram),79,45,0.569620253
Uttar Pradesh,KHERI,2000,Rabi,Peas & beans (Pulses),815,814,0.998773006
Uttar Pradesh,KHERI,2000,Rabi,Rapeseed &Mustard,32382,22820,0.704712495
Uttar Pradesh,KHERI,2000,Rabi,Urad,362,207,0.571823204
Uttar Pradesh,KHERI,2000,Rabi,Wheat,200654,535409,2.668319595
Uttar Pradesh,KHERI,2000,Summer,Rice,137,334,2.437956204
Uttar Pradesh,KHERI,2000,Whole Year,Potato,1208,16421,13.59354305
Uttar Pradesh,KHERI,2000,Whole Year,Sugarcane,191836,9630935,50.20400238
Uttar Pradesh,KHERI,2000,Whole Year,Turmeric,70,122,1.742857143
Uttar Pradesh,KHERI,2001,Kharif,Arhar/Tur,2322,1726,0.74332472
Uttar Pradesh,KHERI,2001,Kharif,Bajra,410,340,0.829268293
Uttar Pradesh,KHERI,2001,Kharif,Groundnut,7694,6278,0.815960489
Uttar Pradesh,KHERI,2001,Kharif,Jowar,317,313,0.987381703
Uttar Pradesh,KHERI,2001,Kharif,Maize,12395,10152,0.819039935
Uttar Pradesh,KHERI,2001,Kharif,Moong(Green Gram),175,58,0.331428571
Uttar Pradesh,KHERI,2001,Kharif,Rice,187416,484045,2.582730397
Uttar Pradesh,KHERI,2001,Kharif,Sesamum,5209,1307,0.250911883
Uttar Pradesh,KHERI,2001,Kharif,Small millets,375,267,0.712
Uttar Pradesh,KHERI,2001,Kharif,Sunflower,11,21,1.909090909
Uttar Pradesh,KHERI,2001,Kharif,Urad,3193,1261,0.394926402
Uttar Pradesh,KHERI,2001,Rabi,Barley,624,1022,1.637820513
Uttar Pradesh,KHERI,2001,Rabi,Gram,253,237,0.936758893
Uttar Pradesh,KHERI,2001,Rabi,Linseed,6,3,0.5
Uttar Pradesh,KHERI,2001,Rabi,Maize,651,1060,1.628264209
Uttar Pradesh,KHERI,2001,Rabi,Masoor,23794,16156,0.678994705
Uttar Pradesh,KHERI,2001,Rabi,Peas & beans (Pulses),1064,1249,1.17387218
Uttar Pradesh,KHERI,2001,Rabi,Rapeseed &Mustard,31919,22224,0.696262414
Uttar Pradesh,KHERI,2001,Rabi,Urad,442,216,0.488687783
Uttar Pradesh,KHERI,2001,Rabi,Wheat,197365,589646,2.987591518
Uttar Pradesh,KHERI,2001,Summer,Rice,128,331,2.5859375
Uttar Pradesh,KHERI,2001,Whole Year,Potato,1177,21233,18.03993203
Uttar Pradesh,KHERI,2001,Whole Year,Sugarcane,215963,11500462,53.2520015
Uttar Pradesh,KHERI,2001,Whole Year,Turmeric,75,134,1.786666667
Uttar Pradesh,KHERI,2002,Kharif,Bajra,396,289,0.72979798
Uttar Pradesh,KHERI,2002,Kharif,Groundnut,8948,6711,0.75
Uttar Pradesh,KHERI,2002,Kharif,Jowar,272,256,0.941176471
Uttar Pradesh,KHERI,2002,Kharif,Maize,9174,7651,0.833987356
Uttar Pradesh,KHERI,2002,Kharif,Moong(Green Gram),28,11,0.392857143
Uttar Pradesh,KHERI,2002,Kharif,Rice,172651,363489,2.105339674
Uttar Pradesh,KHERI,2002,Kharif,Sesamum,4587,642,0.139960759
Uttar Pradesh,KHERI,2002,Kharif,Small millets,185,105,0.567567568
Uttar Pradesh,KHERI,2002,Kharif,Urad,3123,1274,0.407941082
Uttar Pradesh,KHERI,2002,Rabi,Barley,648,1126,1.737654321
Uttar Pradesh,KHERI,2002,Rabi,Gram,165,151,0.915151515
Uttar Pradesh,KHERI,2002,Rabi,Linseed,29,13,0.448275862
Uttar Pradesh,KHERI,2002,Rabi,Maize,724,802,1.107734807
Uttar Pradesh,KHERI,2002,Rabi,Masoor,21500,17479,0.812976744
Uttar Pradesh,KHERI,2002,Rabi,Onion,44,454,10.31818182
Uttar Pradesh,KHERI,2002,Rabi,Peas & beans (Pulses),816,858,1.051470588
Uttar Pradesh,KHERI,2002,Rabi,Rapeseed &Mustard,29894,17266,0.577574095
Uttar Pradesh,KHERI,2002,Rabi,Wheat,195218,527329,2.701231444
Uttar Pradesh,KHERI,2002,Summer,Moong(Green Gram),103,60,0.582524272
Uttar Pradesh,KHERI,2002,Summer,Onion,95,1062,11.17894737
Uttar Pradesh,KHERI,2002,Summer,Rice,288,606,2.104166667
Uttar Pradesh,KHERI,2002,Summer,Urad,498,313,0.628514056
Uttar Pradesh,KHERI,2002,Whole Year,Potato,1355,23546,17.37712177
Uttar Pradesh,KHERI,2002,Whole Year,Sannhamp,7,2,0.285714286
Uttar Pradesh,KHERI,2002,Whole Year,Sugarcane,224036,12005641,53.58799925
Uttar Pradesh,KHERI,2002,Whole Year,Turmeric,33,60,1.818181818
Uttar Pradesh,KHERI,2003,Kharif,Arhar/Tur,1709,1138,0.665886483
Uttar Pradesh,KHERI,2003,Kharif,Bajra,434,345,0.794930876
Uttar Pradesh,KHERI,2003,Kharif,Groundnut,5200,3110,0.598076923
Uttar Pradesh,KHERI,2003,Kharif,Jowar,323,309,0.956656347
Uttar Pradesh,KHERI,2003,Kharif,Maize,9120,7515,0.824013158
Uttar Pradesh,KHERI,2003,Kharif,Moong(Green Gram),30,8,0.266666667
Uttar Pradesh,KHERI,2003,Kharif,Rice,179692,428236,2.383166752
Uttar Pradesh,KHERI,2003,Kharif,Sesamum,4081,257,0.062974761
Uttar Pradesh,KHERI,2003,Kharif,Sunflower,4,7,1.75
Uttar Pradesh,KHERI,2003,Kharif,Urad,3188,972,0.30489335
Uttar Pradesh,KHERI,2003,Rabi,Barley,557,1038,1.863554758
Uttar Pradesh,KHERI,2003,Rabi,Gram,157,136,0.866242038
Uttar Pradesh,KHERI,2003,Rabi,Linseed,20,10,0.5
Uttar Pradesh,KHERI,2003,Rabi,Maize,28,38,1.357142857
Uttar Pradesh,KHERI,2003,Rabi,Masoor,23478,18125,0.771999319
Uttar Pradesh,KHERI,2003,Rabi,Onion,41,588,14.34146341
Uttar Pradesh,KHERI,2003,Rabi,Peas & beans (Pulses),742,726,0.978436658
Uttar Pradesh,KHERI,2003,Rabi,Rapeseed &Mustard,30266,20255,0.669232802
Uttar Pradesh,KHERI,2003,Rabi,Wheat,203270,580397,2.855300831
Uttar Pradesh,KHERI,2003,Summer,Maize,810,1107,1.366666667
Uttar Pradesh,KHERI,2003,Summer,Moong(Green Gram),83,50,0.602409639
Uttar Pradesh,KHERI,2003,Summer,Onion,72,733,10.18055556
Uttar Pradesh,KHERI,2003,Summer,Rice,471,1122,2.382165605
Uttar Pradesh,KHERI,2003,Summer,Urad,266,118,0.443609023
Uttar Pradesh,KHERI,2003,Whole Year,Potato,1297,19829,15.28835775
Uttar Pradesh,KHERI,2003,Whole Year,Sannhamp,7,2,0.285714286
Uttar Pradesh,KHERI,2003,Whole Year,Sugarcane,219325,10975023,50.04
Uttar Pradesh,KHERI,2003,Whole Year,Turmeric,26,47,1.807692308
Uttar Pradesh,KHERI,2004,Kharif,Bajra,353,370,1.04815864
Uttar Pradesh,KHERI,2004,Kharif,Groundnut,7323,6151,0.839956302
Uttar Pradesh,KHERI,2004,Kharif,Jowar,185,207,1.118918919
Uttar Pradesh,KHERI,2004,Kharif,Maize,9360,9070,0.969017094
Uttar Pradesh,KHERI,2004,Kharif,Rice,190686,397276,2.08340413
Uttar Pradesh,KHERI,2004,Kharif,Sannhamp,24,7,0.291666667
Uttar Pradesh,KHERI,2004,Kharif,Sesamum,4739,545,0.115003165
Uttar Pradesh,KHERI,2004,Kharif,Small millets,211,71,0.336492891
Uttar Pradesh,KHERI,2004,Kharif,Soyabean,14,6,0.428571429
Uttar Pradesh,KHERI,2004,Kharif,Sugarcane,211097,12790789,60.59199799
Uttar Pradesh,KHERI,2004,Rabi,Barley,409,652,1.594132029
Uttar Pradesh,KHERI,2004,Rabi,Gram,121,114,0.94214876
Uttar Pradesh,KHERI,2004,Rabi,Linseed,5,2,0.4
Uttar Pradesh,KHERI,2004,Rabi,Maize,17,79,4.647058824
Uttar Pradesh,KHERI,2004,Rabi,Potato,1143,21824,19.0936133
Uttar Pradesh,KHERI,2004,Rabi,Rapeseed &Mustard,29700,17826,0.60020202
Uttar Pradesh,KHERI,2004,Rabi,Turmeric,40,70,1.75
Uttar Pradesh,KHERI,2004,Rabi,Wheat,204074,568658,2.786528416
Uttar Pradesh,KHERI,2004,Summer,Sunflower,166,326,1.963855422
Uttar Pradesh,KHERI,2004,Whole Year,Banana,28,1019,36.39285714
Uttar Pradesh,KHERI,2004,Whole Year,Dry chillies,367,344,0.9373297
Uttar Pradesh,KHERI,2004,Whole Year,Garlic,9,39,4.333333333
Uttar Pradesh,KHERI,2004,Whole Year,Guar seed,114,97,0.850877193
Uttar Pradesh,KHERI,2004,Whole Year,Onion,106,1197,11.29245283
Uttar Pradesh,KHERI,2004,Whole Year,Sweet potato,63,732,11.61904762
Uttar Pradesh,KHERI,2005,Kharif,Bajra,466,376,0.806866953
Uttar Pradesh,KHERI,2005,Kharif,Jowar,540,526,0.974074074
Uttar Pradesh,KHERI,2005,Kharif,Maize,8675,8987,1.035965418
Uttar Pradesh,KHERI,2005,Kharif,Rice,176122,396803,2.253000761
Uttar Pradesh,KHERI,2005,Kharif,Sesamum,4067,537,0.132038358
Uttar Pradesh,KHERI,2005,Kharif,Small millets,358,276,0.770949721
Uttar Pradesh,KHERI,2005,Kharif,Sugarcane,231170,13119360,56.75200069
Uttar Pradesh,KHERI,2005,Rabi,Barley,628,987,1.571656051
Uttar Pradesh,KHERI,2005,Rabi,Gram,172,197,1.145348837
Uttar Pradesh,KHERI,2005,Rabi,Linseed,10,4,0.4
Uttar Pradesh,KHERI,2005,Rabi,Potato,1589,27969,17.60163625
Uttar Pradesh,KHERI,2005,Rabi,Rapeseed &Mustard,32504,25983,0.799378538
Uttar Pradesh,KHERI,2005,Rabi,Turmeric,36,161,4.472222222
Uttar Pradesh,KHERI,2005,Rabi,Wheat,201483,556093,2.759999603
Uttar Pradesh,KHERI,2005,Summer,Sunflower,4,5,1.25
Uttar Pradesh,KHERI,2005,Whole Year,Banana,49,1867,38.10204082
Uttar Pradesh,KHERI,2005,Whole Year,Coriander,157,90,0.573248408
Uttar Pradesh,KHERI,2005,Whole Year,Dry chillies,170,155,0.911764706
Uttar Pradesh,KHERI,2005,Whole Year,Garlic,133,579,4.353383459
Uttar Pradesh,KHERI,2005,Whole Year,Guar seed,62,50,0.806451613
Uttar Pradesh,KHERI,2005,Whole Year,Onion,124,1598,12.88709677
Uttar Pradesh,KHERI,2005,Whole Year,Sweet potato,53,693,13.0754717
Uttar Pradesh,KHERI,2006,Kharif,Arhar/Tur,1260,1007,0.799206349
Uttar Pradesh,KHERI,2006,Kharif,Bajra,336,494,1.470238095
Uttar Pradesh,KHERI,2006,Kharif,Dry ginger,8,25,3.125
Uttar Pradesh,KHERI,2006,Kharif,Groundnut,7670,5883,0.767014342
Uttar Pradesh,KHERI,2006,Kharif,Jowar,187,136,0.727272727
Uttar Pradesh,KHERI,2006,Kharif,Maize,8376,8795,1.050023878
Uttar Pradesh,KHERI,2006,Kharif,Other Kharif pulses,2940,1266,0.430612245
Uttar Pradesh,KHERI,2006,Kharif,Rice,183844,376880,2.049998912
Uttar Pradesh,KHERI,2006,Kharif,Sannhamp,31,9,0.290322581
Uttar Pradesh,KHERI,2006,Kharif,Sesamum,3389,295,0.087046326
Uttar Pradesh,KHERI,2006,Kharif,Small millets,154,92,0.597402597
Uttar Pradesh,KHERI,2006,Kharif,Soyabean,15,14,0.933333333
Uttar Pradesh,KHERI,2006,Kharif,Sugarcane,227118,13423582,59.1039988
Uttar Pradesh,KHERI,2006,Kharif,Sweet potato,54,737,13.64814815
Uttar Pradesh,KHERI,2006,Rabi,Barley,383,636,1.660574413
Uttar Pradesh,KHERI,2006,Rabi,Garlic,53,233,4.396226415
Uttar Pradesh,KHERI,2006,Rabi,Gram,48,37,0.770833333
Uttar Pradesh,KHERI,2006,Rabi,Linseed,3,1,0.333333333
Uttar Pradesh,KHERI,2006,Rabi,Maize,4,13,3.25
Uttar Pradesh,KHERI,2006,Rabi,Masoor,22397,19866,0.886993794
Uttar Pradesh,KHERI,2006,Rabi,Onion,57,1093,19.1754386
Uttar Pradesh,KHERI,2006,Rabi,Other  Rabi pulses,663,641,0.966817496
Uttar Pradesh,KHERI,2006,Rabi,Potato,1143,19801,17.32370954
Uttar Pradesh,KHERI,2006,Rabi,Rapeseed &Mustard,29700,24362,0.82026936
Uttar Pradesh,KHERI,2006,Rabi,Turmeric,51,174,3.411764706
Uttar Pradesh,KHERI,2006,Rabi,Wheat,190523,575379,3.019997586
Uttar Pradesh,KHERI,2006,Summer,Maize,1112,1474,1.325539568
Uttar Pradesh,KHERI,2006,Summer,Onion,55,640,11.63636364
Uttar Pradesh,KHERI,2006,Summer,Rice,2881,5906,2.049982645
Uttar Pradesh,KHERI,2006,Summer,Sunflower,6,9,1.5
Uttar Pradesh,KHERI,2006,Whole Year,Banana,28,1087,38.82142857
Uttar Pradesh,KHERI,2006,Whole Year,Coriander,160,83,0.51875
Uttar Pradesh,KHERI,2006,Whole Year,Dry chillies,324,307,0.947530864
Uttar Pradesh,KHERI,2006,Whole Year,Guar seed,64,54,0.84375
Uttar Pradesh,KHERI,2007,Kharif,Arhar/Tur,1374,1390,1.011644833
Uttar Pradesh,KHERI,2007,Kharif,Bajra,855,746,0.87251462
Uttar Pradesh,KHERI,2007,Kharif,Dry chillies,172,166,0.965116279
Uttar Pradesh,KHERI,2007,Kharif,Dry ginger,8,19,2.375
Uttar Pradesh,KHERI,2007,Kharif,Groundnut,10657,5446,0.511025617
Uttar Pradesh,KHERI,2007,Kharif,Guar seed,59,49,0.830508475
Uttar Pradesh,KHERI,2007,Kharif,Jowar,217,216,0.995391705
Uttar Pradesh,KHERI,2007,Kharif,Maize,8307,7119,0.856988082
Uttar Pradesh,KHERI,2007,Kharif,Moong(Green Gram),50,10,0.2
Uttar Pradesh,KHERI,2007,Kharif,Rice,179820,372227,2.069997776
Uttar Pradesh,KHERI,2007,Kharif,Sannhamp,5,1,0.2
Uttar Pradesh,KHERI,2007,Kharif,Sesamum,3676,426,0.115886834
Uttar Pradesh,KHERI,2007,Kharif,Soyabean,12,8,0.666666667
Uttar Pradesh,KHERI,2007,Kharif,Sugarcane,224650,11942394,53.16
Uttar Pradesh,KHERI,2007,Kharif,Sweet potato,53,714,13.47169811
Uttar Pradesh,KHERI,2007,Kharif,Urad,2889,1505,0.520941502
Uttar Pradesh,KHERI,2007,Rabi,Barley,394,736,1.868020305
Uttar Pradesh,KHERI,2007,Rabi,Coriander,90,52,0.577777778
Uttar Pradesh,KHERI,2007,Rabi,Gram,128,126,0.984375
Uttar Pradesh,KHERI,2007,Rabi,Linseed,10,2,0.2
Uttar Pradesh,KHERI,2007,Rabi,Masoor,18196,16704,0.918003957
Uttar Pradesh,KHERI,2007,Rabi,Onion,194,2711,13.9742268
Uttar Pradesh,KHERI,2007,Rabi,Other  Rabi pulses,559,524,0.937388193
Uttar Pradesh,KHERI,2007,Rabi,Potato,1359,25934,19.08314937
Uttar Pradesh,KHERI,2007,Rabi,Rapeseed &Mustard,31845,28230,0.886481394
Uttar Pradesh,KHERI,2007,Rabi,Turmeric,46,141,3.065217391
Uttar Pradesh,KHERI,2007,Rabi,Wheat,200467,639089,3.188001018
Uttar Pradesh,KHERI,2007,Summer,Maize,1323,1901,1.436885865
Uttar Pradesh,KHERI,2007,Summer,Moong(Green Gram),75,41,0.546666667
Uttar Pradesh,KHERI,2007,Summer,Onion,13,104,8
Uttar Pradesh,KHERI,2007,Summer,Rice,1401,2900,2.069950036
Uttar Pradesh,KHERI,2007,Summer,Urad,249,137,0.550200803
Uttar Pradesh,KHERI,2008,Kharif,Arhar/Tur,1298,1293,0.99614792
Uttar Pradesh,KHERI,2008,Kharif,Bajra,346,363,1.049132948
Uttar Pradesh,KHERI,2008,Kharif,Dry chillies,314,313,0.996815287
Uttar Pradesh,KHERI,2008,Kharif,Groundnut,6738,3612,0.536064114
Uttar Pradesh,KHERI,2008,Kharif,Guar seed,61,51,0.836065574
Uttar Pradesh,KHERI,2008,Kharif,Jowar,200,185,0.925
Uttar Pradesh,KHERI,2008,Kharif,Maize,7983,6043,0.75698359
Uttar Pradesh,KHERI,2008,Kharif,Moong(Green Gram),80,30,0.375
Uttar Pradesh,KHERI,2008,Kharif,Rice,187595,334107,1.781001626
Uttar Pradesh,KHERI,2008,Kharif,Sesamum,4367,306,0.070070987
Uttar Pradesh,KHERI,2008,Kharif,Small millets,16,10,0.625
Uttar Pradesh,KHERI,2008,Kharif,Sugarcane,215109,10663383,49.57199838
Uttar Pradesh,KHERI,2008,Kharif,Sweet potato,56,688,12.28571429
Uttar Pradesh,KHERI,2008,Kharif,Urad,2139,725,0.338943432
Uttar Pradesh,KHERI,2008,Rabi,Barley,360,681,1.891666667
Uttar Pradesh,KHERI,2008,Rabi,Coriander,244,145,0.594262295
Uttar Pradesh,KHERI,2008,Rabi,Garlic,67,395,5.895522388
Uttar Pradesh,KHERI,2008,Rabi,Gram,72,83,1.152777778
Uttar Pradesh,KHERI,2008,Rabi,Linseed,9,4,0.444444444
Uttar Pradesh,KHERI,2008,Rabi,Maize,4,11,2.75
Uttar Pradesh,KHERI,2008,Rabi,Masoor,18562,15908,0.857019718
Uttar Pradesh,KHERI,2008,Rabi,Onion,84,985,11.72619048
Uttar Pradesh,KHERI,2008,Rabi,Peas & beans (Pulses),503,607,1.206759443
Uttar Pradesh,KHERI,2008,Rabi,Potato,1259,21485,17.06513106
Uttar Pradesh,KHERI,2008,Rabi,Rapeseed &Mustard,40698,35982,0.88412207
Uttar Pradesh,KHERI,2008,Rabi,Wheat,193189,649888,3.364001056
Uttar Pradesh,KHERI,2008,Summer,Banana,49,1867,38.10204082
Uttar Pradesh,KHERI,2008,Summer,Maize,1125,1683,1.496
Uttar Pradesh,KHERI,2008,Summer,Moong(Green Gram),78,44,0.564102564
Uttar Pradesh,KHERI,2008,Summer,Rice,2657,4732,1.780955965
Uttar Pradesh,KHERI,2008,Summer,Sunflower,3,6,2
Uttar Pradesh,KHERI,2008,Summer,Urad,162,47,0.290123457
Uttar Pradesh,KHERI,2009,Kharif,Arhar/Tur,1172,853,0.7278157
Uttar Pradesh,KHERI,2009,Kharif,Bajra,311,253,0.813504823
Uttar Pradesh,KHERI,2009,Kharif,Dry chillies,269,237,0.881040892
Uttar Pradesh,KHERI,2009,Kharif,Dry ginger,4,12,3
Uttar Pradesh,KHERI,2009,Kharif,Groundnut,5859,4013,0.684929169
Uttar Pradesh,KHERI,2009,Kharif,Guar seed,72,60,0.833333333
Uttar Pradesh,KHERI,2009,Kharif,Jowar,115,101,0.87826087
Uttar Pradesh,KHERI,2009,Kharif,Maize,12606,10110,0.801999048
Uttar Pradesh,KHERI,2009,Kharif,Moong(Green Gram),49,7,0.142857143
Uttar Pradesh,KHERI,2009,Kharif,Rice,163394,321886,1.969998898
Uttar Pradesh,KHERI,2009,Kharif,Sesamum,4997,520,0.104062437
Uttar Pradesh,KHERI,2009,Kharif,Small millets,340,143,0.420588235
Uttar Pradesh,KHERI,2009,Kharif,Sugarcane,213876,12863358,60.14399933
Uttar Pradesh,KHERI,2009,Kharif,Sweet potato,56,762,13.60714286
Uttar Pradesh,KHERI,2009,Kharif,Urad,3395,1558,0.458910162
Uttar Pradesh,KHERI,2009,Rabi,Barley,286,397,1.388111888
Uttar Pradesh,KHERI,2009,Rabi,Coriander,143,81,0.566433566
Uttar Pradesh,KHERI,2009,Rabi,Garlic,61,324,5.31147541
Uttar Pradesh,KHERI,2009,Rabi,Gram,111,97,0.873873874
Uttar Pradesh,KHERI,2009,Rabi,Linseed,8,3,0.375
Uttar Pradesh,KHERI,2009,Rabi,Maize,4,12,3
Uttar Pradesh,KHERI,2009,Rabi,Masoor,21599,16890,0.781980647
Uttar Pradesh,KHERI,2009,Rabi,Onion,79,1023,12.94936709
Uttar Pradesh,KHERI,2009,Rabi,Peas & beans (Pulses),665,853,1.282706767
Uttar Pradesh,KHERI,2009,Rabi,Potato,1811,41889,23.13031474
Uttar Pradesh,KHERI,2009,Rabi,Rapeseed &Mustard,32559,25369,0.779170122
Uttar Pradesh,KHERI,2009,Rabi,Turmeric,64,212,3.3125
Uttar Pradesh,KHERI,2009,Rabi,Wheat,202431,600613,2.967001102
Uttar Pradesh,KHERI,2009,Summer,Banana,37,1521,41.10810811
Uttar Pradesh,KHERI,2009,Summer,Maize,1530,2226,1.454901961
Uttar Pradesh,KHERI,2009,Summer,Moong(Green Gram),32,17,0.53125
Uttar Pradesh,KHERI,2009,Summer,Onion,52,523,10.05769231
Uttar Pradesh,KHERI,2009,Summer,Rice,3019,5947,1.969857569
Uttar Pradesh,KHERI,2009,Summer,Urad,181,91,0.502762431
Uttar Pradesh,KHERI,2010,Kharif,Arhar/Tur,1103,898,0.814143246
Uttar Pradesh,KHERI,2010,Kharif,Bajra,115,135,1.173913043
Uttar Pradesh,KHERI,2010,Kharif,Dry chillies,250,219,0.876
Uttar Pradesh,KHERI,2010,Kharif,Dry ginger,9,25,2.777777778
Uttar Pradesh,KHERI,2010,Kharif,Groundnut,7826,6589,0.841937133
Uttar Pradesh,KHERI,2010,Kharif,Guar seed,64,53,0.828125
Uttar Pradesh,KHERI,2010,Kharif,Jowar,185,144,0.778378378
Uttar Pradesh,KHERI,2010,Kharif,Maize,8843,6579,0.743978288
Uttar Pradesh,KHERI,2010,Kharif,Moong(Green Gram),42,20,0.476190476
Uttar Pradesh,KHERI,2010,Kharif,Rice,181676,393329,2.165002532
Uttar Pradesh,KHERI,2010,Kharif,Sesamum,4765,1177,0.247009444
Uttar Pradesh,KHERI,2010,Kharif,Small millets,128,108,0.84375
Uttar Pradesh,KHERI,2010,Kharif,Sugarcane,232123,12982175,55.92799938
Uttar Pradesh,KHERI,2010,Kharif,Sweet potato,54,665,12.31481481
Uttar Pradesh,KHERI,2010,Kharif,Urad,3478,2316,0.665899942
Uttar Pradesh,KHERI,2010,Rabi,Barley,103,202,1.961165049
Uttar Pradesh,KHERI,2010,Rabi,Gram,111,66,0.594594595
Uttar Pradesh,KHERI,2010,Rabi,Linseed,20,9,0.45
Uttar Pradesh,KHERI,2010,Rabi,Maize,3,9,3
Uttar Pradesh,KHERI,2010,Rabi,Masoor,17597,16805,0.954992328
Uttar Pradesh,KHERI,2010,Rabi,Onion,90,1657,18.41111111
Uttar Pradesh,KHERI,2010,Rabi,Peas & beans (Pulses),591,705,1.192893401
Uttar Pradesh,KHERI,2010,Rabi,Potato,1155,22392,19.38701299
Uttar Pradesh,KHERI,2010,Rabi,Rapeseed &Mustard,30715,28258,0.920006511
Uttar Pradesh,KHERI,2010,Rabi,Turmeric,77,242,3.142857143
Uttar Pradesh,KHERI,2010,Rabi,Wheat,191001,652077,3.413997832
Uttar Pradesh,KHERI,2010,Summer,Maize,1108,1624,1.465703971
Uttar Pradesh,KHERI,2010,Summer,Moong(Green Gram),104,48,0.461538462
Uttar Pradesh,KHERI,2010,Summer,Rice,3707,8026,2.165093067
Uttar Pradesh,KHERI,2010,Summer,Urad,214,121,0.565420561
Uttar Pradesh,KHERI,2011,Kharif,Arhar/Tur,756,677,0.895502646
Uttar Pradesh,KHERI,2011,Kharif,Bajra,493,535,1.085192698
Uttar Pradesh,KHERI,2011,Kharif,Dry chillies,266,221,0.830827068
Uttar Pradesh,KHERI,2011,Kharif,Dry ginger,15,42,2.8
Uttar Pradesh,KHERI,2011,Kharif,Groundnut,6225,4893,0.786024096
Uttar Pradesh,KHERI,2011,Kharif,Guar seed,2,1,0.5
Uttar Pradesh,KHERI,2011,Kharif,Jowar,116,81,0.698275862
Uttar Pradesh,KHERI,2011,Kharif,Maize,8861,7922,0.894030019
Uttar Pradesh,KHERI,2011,Kharif,Moong(Green Gram),6,3,0.5
Uttar Pradesh,KHERI,2011,Kharif,Rice,184419,443159,2.403000775
Uttar Pradesh,KHERI,2011,Kharif,Sesamum,4264,1087,0.254924953
Uttar Pradesh,KHERI,2011,Kharif,Small millets,261,242,0.927203065
Uttar Pradesh,KHERI,2011,Kharif,Sugarcane,231031,14305440,61.92000208
Uttar Pradesh,KHERI,2011,Kharif,Sweet potato,55,715,13
Uttar Pradesh,KHERI,2011,Kharif,Urad,2762,1804,0.653149891
Uttar Pradesh,KHERI,2011,Rabi,Barley,604,1397,2.312913907
Uttar Pradesh,KHERI,2011,Rabi,Coriander,159,88,0.553459119
Uttar Pradesh,KHERI,2011,Rabi,Garlic,140,723,5.164285714
Uttar Pradesh,KHERI,2011,Rabi,Gram,82,105,1.280487805
Uttar Pradesh,KHERI,2011,Rabi,Maize,107,255,2.38317757
Uttar Pradesh,KHERI,2011,Rabi,Masoor,18740,15610,0.832977588
Uttar Pradesh,KHERI,2011,Rabi,Onion,75,1716,22.88
Uttar Pradesh,KHERI,2011,Rabi,Peas & beans (Pulses),595,644,1.082352941
Uttar Pradesh,KHERI,2011,Rabi,Potato,1578,45051,28.54942966
Uttar Pradesh,KHERI,2011,Rabi,Rapeseed &Mustard,32317,26536,0.821115821
Uttar Pradesh,KHERI,2011,Rabi,Turmeric,128,361,2.8203125
Uttar Pradesh,KHERI,2011,Rabi,Wheat,197303,671817,3.405001444
Uttar Pradesh,KHERI,2011,Summer,Banana,103,4500,43.68932039
Uttar Pradesh,KHERI,2011,Summer,Maize,1316,2175,1.652735562
Uttar Pradesh,KHERI,2011,Summer,Moong(Green Gram),73,38,0.520547945
Uttar Pradesh,KHERI,2011,Summer,Onion,118,1346,11.40677966
Uttar Pradesh,KHERI,2011,Summer,Rice,3183,7649,2.403078856
Uttar Pradesh,KHERI,2011,Summer,Urad,155,88,0.567741935
Uttar Pradesh,KHERI,2012,Kharif,Arhar/Tur,1102,894,0.811252269
Uttar Pradesh,KHERI,2012,Kharif,Bajra,527,453,0.859582543
Uttar Pradesh,KHERI,2012,Kharif,Dry chillies,302,242,0.801324503
Uttar Pradesh,KHERI,2012,Kharif,Dry ginger,25,122,4.88
Uttar Pradesh,KHERI,2012,Kharif,Groundnut,8256,6250,0.757025194
Uttar Pradesh,KHERI,2012,Kharif,Guar seed,52,42,0.807692308
Uttar Pradesh,KHERI,2012,Kharif,Jowar,165,200,1.212121212
Uttar Pradesh,KHERI,2012,Kharif,Maize,8717,8647,0.991969714
Uttar Pradesh,KHERI,2012,Kharif,Moong(Green Gram),100,51,0.51
Uttar Pradesh,KHERI,2012,Kharif,Rice,183167,469457,2.562999885
Uttar Pradesh,KHERI,2012,Kharif,Sesamum,3532,826,0.233861835
Uttar Pradesh,KHERI,2012,Kharif,Small millets,304,426,1.401315789
Uttar Pradesh,KHERI,2012,Kharif,Sugarcane,238233,14359732,60.27599871
Uttar Pradesh,KHERI,2012,Kharif,Sweet potato,93,1204,12.94623656
Uttar Pradesh,KHERI,2012,Kharif,Urad,2221,1439,0.647906348
Uttar Pradesh,KHERI,2012,Rabi,Barley,918,1853,2.018518519
Uttar Pradesh,KHERI,2012,Rabi,Coriander,92,50,0.543478261
Uttar Pradesh,KHERI,2012,Rabi,Garlic,126,654,5.19047619
Uttar Pradesh,KHERI,2012,Rabi,Gram,154,182,1.181818182
Uttar Pradesh,KHERI,2012,Rabi,Masoor,14333,11567,0.807018768
Uttar Pradesh,KHERI,2012,Rabi,Onion,76,1748,23
Uttar Pradesh,KHERI,2012,Rabi,Peas & beans (Pulses),505,397,0.786138614
Uttar Pradesh,KHERI,2012,Rabi,Potato,1314,30733,23.38888889
Uttar Pradesh,KHERI,2012,Rabi,Rapeseed &Mustard,32273,27171,0.841911195
Uttar Pradesh,KHERI,2012,Rabi,Turmeric,93,263,2.827956989
Uttar Pradesh,KHERI,2012,Rabi,Wheat,183938,640472,3.481999369
Uttar Pradesh,KHERI,2012,Summer,Banana,49,2188,44.65306122
Uttar Pradesh,KHERI,2012,Summer,Maize,1504,2778,1.847074468
Uttar Pradesh,KHERI,2012,Summer,Moong(Green Gram),127,41,0.322834646
Uttar Pradesh,KHERI,2012,Summer,Onion,76,863,11.35526316
Uttar Pradesh,KHERI,2012,Summer,Rice,3512,9001,2.562927107
Uttar Pradesh,KHERI,2012,Summer,Small millets,3,4,1.333333333
Uttar Pradesh,KHERI,2012,Summer,Sunflower,1,1,1
Uttar Pradesh,KHERI,2012,Summer,Urad,199,104,0.522613065
Uttar Pradesh,KHERI,2013,Kharif,Arhar/Tur,1031,757,0.734238603
Uttar Pradesh,KHERI,2013,Kharif,Bajra,548,440,0.802919708
Uttar Pradesh,KHERI,2013,Kharif,Dry chillies,295,238,0.806779661
Uttar Pradesh,KHERI,2013,Kharif,Dry ginger,12,62,5.166666667
Uttar Pradesh,KHERI,2013,Kharif,Groundnut,5770,4126,0.71507799
Uttar Pradesh,KHERI,2013,Kharif,Guar seed,5,4,0.8
Uttar Pradesh,KHERI,2013,Kharif,Jowar,272,294,1.080882353
Uttar Pradesh,KHERI,2013,Kharif,Maize,8260,15289,1.850968523
Uttar Pradesh,KHERI,2013,Kharif,Moong(Green Gram),1153,370,0.320901995
Uttar Pradesh,KHERI,2013,Kharif,Rice,173556,467907,2.696000138
Uttar Pradesh,KHERI,2013,Kharif,Sesamum,3415,857,0.250951684
Uttar Pradesh,KHERI,2013,Kharif,Small millets,38,27,0.710526316
Uttar Pradesh,KHERI,2013,Kharif,Sugarcane,240036,15040656,62.660001
Uttar Pradesh,KHERI,2013,Kharif,Sweet potato,47,621,13.21276596
Uttar Pradesh,KHERI,2013,Kharif,Urad,3062,1877,0.61299804
Uttar Pradesh,KHERI,2013,Rabi,Barley,846,2126,2.513002364
Uttar Pradesh,KHERI,2013,Rabi,Coriander,159,87,0.547169811
Uttar Pradesh,KHERI,2013,Rabi,Garlic,64,375,5.859375
Uttar Pradesh,KHERI,2013,Rabi,Gram,233,111,0.47639485
Uttar Pradesh,KHERI,2013,Rabi,Maize,17,60,3.529411765
Uttar Pradesh,KHERI,2013,Rabi,Masoor,11146,9084,0.815000897
Uttar Pradesh,KHERI,2013,Rabi,Onion,14,285,20.35714286
Uttar Pradesh,KHERI,2013,Rabi,Peas & beans (Pulses),586,554,0.945392491
Uttar Pradesh,KHERI,2013,Rabi,Potato,1359,22187,16.32597498
Uttar Pradesh,KHERI,2013,Rabi,Rapeseed &Mustard,28322,21147,0.746663371
Uttar Pradesh,KHERI,2013,Rabi,Turmeric,111,321,2.891891892
Uttar Pradesh,KHERI,2013,Rabi,Wheat,195575,705439,3.606999872
Uttar Pradesh,KHERI,2013,Summer,Banana,100,4354,43.54
Uttar Pradesh,KHERI,2013,Summer,Maize,1136,2087,1.837147887
Uttar Pradesh,KHERI,2013,Summer,Moong(Green Gram),76,40,0.526315789
Uttar Pradesh,KHERI,2013,Summer,Onion,80,1077,13.4625
Uttar Pradesh,KHERI,2013,Summer,Rice,2526,6810,2.695961995
Uttar Pradesh,KHERI,2013,Summer,Urad,133,69,0.518796992
Uttar Pradesh,KHERI,2014,Kharif,Arhar/Tur,829,320,0.386007238
Uttar Pradesh,KHERI,2014,Kharif,Bajra,284,305,1.073943662
Uttar Pradesh,KHERI,2014,Kharif,Dry chillies,115,95,0.826086957
Uttar Pradesh,KHERI,2014,Kharif,Dry ginger,14,65,4.642857143
Uttar Pradesh,KHERI,2014,Kharif,Ginger,14,65,4.642857143
Uttar Pradesh,KHERI,2014,Kharif,Groundnut,6959,5637,0.810030177
Uttar Pradesh,KHERI,2014,Kharif,Guar seed,39,32,0.820512821
Uttar Pradesh,KHERI,2014,Kharif,Jowar,159,115,0.72327044
Uttar Pradesh,KHERI,2014,Kharif,Maize,6113,7770,1.271061672
Uttar Pradesh,KHERI,2014,Kharif,Moong(Green Gram),120,39,0.325
Uttar Pradesh,KHERI,2014,Kharif,Rice,155403,423318,2.724001467
Uttar Pradesh,KHERI,2014,Kharif,Sannhamp,1,1,1
Uttar Pradesh,KHERI,2014,Kharif,Sesamum,3241,707,0.218142549
Uttar Pradesh,KHERI,2014,Kharif,Small millets,1,1,1
Uttar Pradesh,KHERI,2014,Kharif,Sugarcane,268653,17757963,66.09999888
Uttar Pradesh,KHERI,2014,Kharif,Sweet potato,16,198,12.375
Uttar Pradesh,KHERI,2014,Kharif,Urad,2661,1887,0.709131905
Uttar Pradesh,KHERI,2014,Rabi,Barley,223,303,1.358744395
Uttar Pradesh,KHERI,2014,Rabi,Coriander,165,80,0.484848485
Uttar Pradesh,KHERI,2014,Rabi,Garlic,67,388,5.791044776
Uttar Pradesh,KHERI,2014,Rabi,Gram,124,66,0.532258065
Uttar Pradesh,KHERI,2014,Rabi,Linseed,79,46,0.582278481
Uttar Pradesh,KHERI,2014,Rabi,Maize,150,359,2.393333333
Uttar Pradesh,KHERI,2014,Rabi,Masoor,13574,9814,0.722999853
Uttar Pradesh,KHERI,2014,Rabi,Onion,26,398,15.30769231
Uttar Pradesh,KHERI,2014,Rabi,Peas & beans (Pulses),429,499,1.163170163
Uttar Pradesh,KHERI,2014,Rabi,Potato,1574,29522,18.75603558
Uttar Pradesh,KHERI,2014,Rabi,Rapeseed &Mustard,29860,20674,0.692364367
Uttar Pradesh,KHERI,2014,Rabi,Turmeric,107,304,2.841121495
Uttar Pradesh,KHERI,2014,Rabi,Wheat,185828,498172,2.680823127
Uttar Pradesh,KHERI,2014,Summer,Banana,67,3023,45.11940299
Uttar Pradesh,KHERI,2014,Summer,Maize,1695,3014,1.778171091
Uttar Pradesh,KHERI,2014,Summer,Moong(Green Gram),26,13,0.5
Uttar Pradesh,KHERI,2014,Summer,Onion,28,274,9.785714286
Uttar Pradesh,KHERI,2014,Summer,Rice,1822,4963,2.723929748
Uttar Pradesh,KHERI,2014,Summer,Sunflower,142,297,2.091549296
Uttar Pradesh,KHERI,2014,Summer,Urad,201,84,0.417910448
Uttar Pradesh,KUSHI NAGAR,1997,Kharif,Arhar/Tur,1621,1521,0.938309685
Uttar Pradesh,KUSHI NAGAR,1997,Kharif,Bajra,310,523,1.687096774
Uttar Pradesh,KUSHI NAGAR,1997,Kharif,Groundnut,153,123,0.803921569
Uttar Pradesh,KUSHI NAGAR,1997,Kharif,Jowar,51,50,0.980392157
Uttar Pradesh,KUSHI NAGAR,1997,Kharif,Maize,2442,3719,1.522932023
Uttar Pradesh,KUSHI NAGAR,1997,Kharif,Moong(Green Gram),17,5,0.294117647
Uttar Pradesh,KUSHI NAGAR,1997,Kharif,Rice,111830,290944,2.601663239
Uttar Pradesh,KUSHI NAGAR,1997,Kharif,Sesamum,54,8,0.148148148
Uttar Pradesh,KUSHI NAGAR,1997,Kharif,Small millets,258,209,0.810077519
Uttar Pradesh,KUSHI NAGAR,1997,Kharif,Urad,112,47,0.419642857
Uttar Pradesh,KUSHI NAGAR,1997,Rabi,Barley,212,531,2.504716981
Uttar Pradesh,KUSHI NAGAR,1997,Rabi,Gram,30,20,0.666666667
Uttar Pradesh,KUSHI NAGAR,1997,Rabi,Linseed,7,3,0.428571429
Uttar Pradesh,KUSHI NAGAR,1997,Rabi,Masoor,3972,3872,0.974823766
Uttar Pradesh,KUSHI NAGAR,1997,Rabi,Peas & beans (Pulses),925,1202,1.299459459
Uttar Pradesh,KUSHI NAGAR,1997,Rabi,Rapeseed &Mustard,9692,6230,0.642798184
Uttar Pradesh,KUSHI NAGAR,1997,Rabi,Sunflower,16,22,1.375
Uttar Pradesh,KUSHI NAGAR,1997,Rabi,Wheat,103187,243419,2.359008402
Uttar Pradesh,KUSHI NAGAR,1997,Summer,Maize,780,1232,1.579487179
Uttar Pradesh,KUSHI NAGAR,1997,Summer,Moong(Green Gram),299,127,0.424749164
Uttar Pradesh,KUSHI NAGAR,1997,Summer,Urad,491,230,0.468431772
Uttar Pradesh,KUSHI NAGAR,1997,Whole Year,Potato,1931,16525,8.557742103
Uttar Pradesh,KUSHI NAGAR,1997,Whole Year,Sugarcane,74539,4130951,55.4199949
Uttar Pradesh,KUSHI NAGAR,1998,Kharif,Arhar/Tur,1475,886,0.600677966
Uttar Pradesh,KUSHI NAGAR,1998,Kharif,Bajra,226,358,1.584070796
Uttar Pradesh,KUSHI NAGAR,1998,Kharif,Groundnut,138,114,0.826086957
Uttar Pradesh,KUSHI NAGAR,1998,Kharif,Jowar,83,60,0.722891566
Uttar Pradesh,KUSHI NAGAR,1998,Kharif,Maize,2373,1032,0.434892541
Uttar Pradesh,KUSHI NAGAR,1998,Kharif,Moong(Green Gram),16,3,0.1875
Uttar Pradesh,KUSHI NAGAR,1998,Kharif,Moth,5,2,0.4
Uttar Pradesh,KUSHI NAGAR,1998,Kharif,Ragi,32,41,1.28125
Uttar Pradesh,KUSHI NAGAR,1998,Kharif,Rice,112395,292763,2.604768895
Uttar Pradesh,KUSHI NAGAR,1998,Kharif,Sesamum,69,9,0.130434783
Uttar Pradesh,KUSHI NAGAR,1998,Kharif,Small millets,248,126,0.508064516
Uttar Pradesh,KUSHI NAGAR,1998,Kharif,Urad,117,31,0.264957265
Uttar Pradesh,KUSHI NAGAR,1998,Rabi,Barley,211,492,2.331753555
Uttar Pradesh,KUSHI NAGAR,1998,Rabi,Gram,154,124,0.805194805
Uttar Pradesh,KUSHI NAGAR,1998,Rabi,Linseed,29,11,0.379310345
Uttar Pradesh,KUSHI NAGAR,1998,Rabi,Masoor,4016,2788,0.694223108
Uttar Pradesh,KUSHI NAGAR,1998,Rabi,Peas & beans (Pulses),942,995,1.05626327
Uttar Pradesh,KUSHI NAGAR,1998,Rabi,Rapeseed &Mustard,9944,6772,0.681013677
Uttar Pradesh,KUSHI NAGAR,1998,Rabi,Sunflower,4,4,1
Uttar Pradesh,KUSHI NAGAR,1998,Rabi,Wheat,106768,247802,2.320938858
Uttar Pradesh,KUSHI NAGAR,1998,Summer,Maize,820,832,1.014634146
Uttar Pradesh,KUSHI NAGAR,1998,Summer,Moong(Green Gram),270,117,0.433333333
Uttar Pradesh,KUSHI NAGAR,1998,Summer,Urad,467,364,0.779443255
Uttar Pradesh,KUSHI NAGAR,1998,Whole Year,Onion,121,1461,12.07438017
Uttar Pradesh,KUSHI NAGAR,1998,Whole Year,Potato,2035,29941,14.71302211
Uttar Pradesh,KUSHI NAGAR,1998,Whole Year,Sannhamp,271,99,0.365313653
Uttar Pradesh,KUSHI NAGAR,1998,Whole Year,Sugarcane,73192,3529025,48.21599355
Uttar Pradesh,KUSHI NAGAR,1998,Whole Year,Turmeric,205,381,1.858536585
Uttar Pradesh,KUSHI NAGAR,1999,Kharif,Arhar/Tur,1391,892,0.641265277
Uttar Pradesh,KUSHI NAGAR,1999,Kharif,Bajra,204,364,1.784313725
Uttar Pradesh,KUSHI NAGAR,1999,Kharif,Groundnut,158,184,1.164556962
Uttar Pradesh,KUSHI NAGAR,1999,Kharif,Jowar,55,71,1.290909091
Uttar Pradesh,KUSHI NAGAR,1999,Kharif,Maize,2474,2729,1.103071948
Uttar Pradesh,KUSHI NAGAR,1999,Kharif,Moong(Green Gram),5,1,0.2
Uttar Pradesh,KUSHI NAGAR,1999,Kharif,Rice,115083,288530,2.507147016
Uttar Pradesh,KUSHI NAGAR,1999,Kharif,Small millets,222,163,0.734234234
Uttar Pradesh,KUSHI NAGAR,1999,Kharif,Urad,115,48,0.417391304
Uttar Pradesh,KUSHI NAGAR,1999,Rabi,Barley,210,460,2.19047619
Uttar Pradesh,KUSHI NAGAR,1999,Rabi,Gram,37,33,0.891891892
Uttar Pradesh,KUSHI NAGAR,1999,Rabi,Linseed,7,3,0.428571429
Uttar Pradesh,KUSHI NAGAR,1999,Rabi,Maize,907,1314,1.448732084
Uttar Pradesh,KUSHI NAGAR,1999,Rabi,Ragi,16,27,1.6875
Uttar Pradesh,KUSHI NAGAR,1999,Rabi,Rapeseed &Mustard,10020,6960,0.694610778
Uttar Pradesh,KUSHI NAGAR,1999,Rabi,Wheat,108126,283271,2.619823169
Uttar Pradesh,KUSHI NAGAR,1999,Summer,Moong(Green Gram),276,204,0.739130435
Uttar Pradesh,KUSHI NAGAR,1999,Summer,Urad,377,257,0.681697613
Uttar Pradesh,KUSHI NAGAR,1999,Whole Year,Moth,3,1,0.333333333
Uttar Pradesh,KUSHI NAGAR,1999,Whole Year,Onion,154,2208,14.33766234
Uttar Pradesh,KUSHI NAGAR,1999,Whole Year,Peas & beans (Pulses),960,1319,1.373958333
Uttar Pradesh,KUSHI NAGAR,1999,Whole Year,Potato,2067,27513,13.31059507
Uttar Pradesh,KUSHI NAGAR,1999,Whole Year,Sugarcane,73096,3920577,53.63599923
Uttar Pradesh,KUSHI NAGAR,1999,Whole Year,Turmeric,226,352,1.557522124
Uttar Pradesh,KUSHI NAGAR,2000,Kharif,Arhar/Tur,1363,1093,0.801907557
Uttar Pradesh,KUSHI NAGAR,2000,Kharif,Bajra,196,329,1.678571429
Uttar Pradesh,KUSHI NAGAR,2000,Kharif,Groundnut,210,221,1.052380952
Uttar Pradesh,KUSHI NAGAR,2000,Kharif,Jowar,44,56,1.272727273
Uttar Pradesh,KUSHI NAGAR,2000,Kharif,Maize,2360,3441,1.458050847
Uttar Pradesh,KUSHI NAGAR,2000,Kharif,Moong(Green Gram),5,2,0.4
Uttar Pradesh,KUSHI NAGAR,2000,Kharif,Rice,118027,340514,2.885051725
Uttar Pradesh,KUSHI NAGAR,2000,Kharif,Sesamum,29,5,0.172413793
Uttar Pradesh,KUSHI NAGAR,2000,Kharif,Small millets,145,102,0.703448276
Uttar Pradesh,KUSHI NAGAR,2000,Kharif,Urad,108,45,0.416666667
Uttar Pradesh,KUSHI NAGAR,2000,Rabi,Barley,146,187,1.280821918
Uttar Pradesh,KUSHI NAGAR,2000,Rabi,Gram,23,18,0.782608696
Uttar Pradesh,KUSHI NAGAR,2000,Rabi,Linseed,15,5,0.333333333
Uttar Pradesh,KUSHI NAGAR,2000,Rabi,Maize,934,1515,1.622055675
Uttar Pradesh,KUSHI NAGAR,2000,Rabi,Masoor,3857,4047,1.049261084
Uttar Pradesh,KUSHI NAGAR,2000,Rabi,Moong(Green Gram),210,95,0.452380952
Uttar Pradesh,KUSHI NAGAR,2000,Rabi,Peas & beans (Pulses),792,1098,1.386363636
Uttar Pradesh,KUSHI NAGAR,2000,Rabi,Rapeseed &Mustard,10261,7376,0.71883832
Uttar Pradesh,KUSHI NAGAR,2000,Rabi,Urad,331,152,0.459214502
Uttar Pradesh,KUSHI NAGAR,2000,Rabi,Wheat,110993,329185,2.965817664
Uttar Pradesh,KUSHI NAGAR,2000,Whole Year,Potato,1870,26457,14.14812834
Uttar Pradesh,KUSHI NAGAR,2000,Whole Year,Sugarcane,69640,3321828,47.7
Uttar Pradesh,KUSHI NAGAR,2000,Whole Year,Turmeric,272,474,1.742647059
Uttar Pradesh,KUSHI NAGAR,2001,Kharif,Arhar/Tur,1363,702,0.515040352
Uttar Pradesh,KUSHI NAGAR,2001,Kharif,Bajra,154,217,1.409090909
Uttar Pradesh,KUSHI NAGAR,2001,Kharif,Groundnut,195,208,1.066666667
Uttar Pradesh,KUSHI NAGAR,2001,Kharif,Jowar,20,27,1.35
Uttar Pradesh,KUSHI NAGAR,2001,Kharif,Maize,2262,4118,1.820512821
Uttar Pradesh,KUSHI NAGAR,2001,Kharif,Moong(Green Gram),20,6,0.3
Uttar Pradesh,KUSHI NAGAR,2001,Kharif,Moth,2,1,0.5
Uttar Pradesh,KUSHI NAGAR,2001,Kharif,Rice,118068,286058,2.422824135
Uttar Pradesh,KUSHI NAGAR,2001,Kharif,Sesamum,30,8,0.266666667
Uttar Pradesh,KUSHI NAGAR,2001,Kharif,Small millets,18,140,7.777777778
Uttar Pradesh,KUSHI NAGAR,2001,Kharif,Urad,21,9,0.428571429
Uttar Pradesh,KUSHI NAGAR,2001,Rabi,Barley,198,435,2.196969697
Uttar Pradesh,KUSHI NAGAR,2001,Rabi,Gram,23,21,0.913043478
Uttar Pradesh,KUSHI NAGAR,2001,Rabi,Linseed,4,2,0.5
Uttar Pradesh,KUSHI NAGAR,2001,Rabi,Maize,842,1372,1.629453682
Uttar Pradesh,KUSHI NAGAR,2001,Rabi,Masoor,3912,2910,0.743865031
Uttar Pradesh,KUSHI NAGAR,2001,Rabi,Peas & beans (Pulses),683,826,1.209370425
Uttar Pradesh,KUSHI NAGAR,2001,Rabi,Rapeseed &Mustard,9732,6417,0.659371147
Uttar Pradesh,KUSHI NAGAR,2001,Rabi,Urad,299,147,0.491638796
Uttar Pradesh,KUSHI NAGAR,2001,Rabi,Wheat,107899,289561,2.683630061
Uttar Pradesh,KUSHI NAGAR,2001,Whole Year,Potato,1546,21203,13.71474774
Uttar Pradesh,KUSHI NAGAR,2001,Whole Year,Sugarcane,74161,3911251,52.73999811
Uttar Pradesh,KUSHI NAGAR,2001,Whole Year,Turmeric,495,886,1.78989899
Uttar Pradesh,KUSHI NAGAR,2002,Kharif,Bajra,128,192,1.5
Uttar Pradesh,KUSHI NAGAR,2002,Kharif,Groundnut,226,206,0.911504425
Uttar Pradesh,KUSHI NAGAR,2002,Kharif,Jowar,18,24,1.333333333
Uttar Pradesh,KUSHI NAGAR,2002,Kharif,Maize,1935,4510,2.330749354
Uttar Pradesh,KUSHI NAGAR,2002,Kharif,Moong(Green Gram),14,4,0.285714286
Uttar Pradesh,KUSHI NAGAR,2002,Kharif,Rice,117743,313789,2.665033165
Uttar Pradesh,KUSHI NAGAR,2002,Kharif,Sesamum,25,4,0.16
Uttar Pradesh,KUSHI NAGAR,2002,Kharif,Small millets,86,51,0.593023256
Uttar Pradesh,KUSHI NAGAR,2002,Kharif,Sunflower,3,4,1.333333333
Uttar Pradesh,KUSHI NAGAR,2002,Kharif,Urad,28,11,0.392857143
Uttar Pradesh,KUSHI NAGAR,2002,Rabi,Barley,104,160,1.538461538
Uttar Pradesh,KUSHI NAGAR,2002,Rabi,Gram,24,20,0.833333333
Uttar Pradesh,KUSHI NAGAR,2002,Rabi,Linseed,11,5,0.454545455
Uttar Pradesh,KUSHI NAGAR,2002,Rabi,Maize,1121,1241,1.107047279
Uttar Pradesh,KUSHI NAGAR,2002,Rabi,Masoor,3733,2225,0.59603536
Uttar Pradesh,KUSHI NAGAR,2002,Rabi,Onion,43,444,10.3255814
Uttar Pradesh,KUSHI NAGAR,2002,Rabi,Peas & beans (Pulses),603,741,1.228855721
Uttar Pradesh,KUSHI NAGAR,2002,Rabi,Ragi,3,4,1.333333333
Uttar Pradesh,KUSHI NAGAR,2002,Rabi,Rapeseed &Mustard,8819,5782,0.65562989
Uttar Pradesh,KUSHI NAGAR,2002,Rabi,Wheat,108098,243781,2.25518511
Uttar Pradesh,KUSHI NAGAR,2002,Summer,Moong(Green Gram),166,96,0.578313253
Uttar Pradesh,KUSHI NAGAR,2002,Summer,Onion,36,403,11.19444444
Uttar Pradesh,KUSHI NAGAR,2002,Summer,Rice,3,8,2.666666667
Uttar Pradesh,KUSHI NAGAR,2002,Summer,Urad,279,148,0.53046595
Uttar Pradesh,KUSHI NAGAR,2002,Whole Year,Potato,1538,35680,23.19895969
Uttar Pradesh,KUSHI NAGAR,2002,Whole Year,Sannhamp,190,60,0.315789474
Uttar Pradesh,KUSHI NAGAR,2002,Whole Year,Sugarcane,74974,3908545,52.13200576
Uttar Pradesh,KUSHI NAGAR,2002,Whole Year,Turmeric,478,868,1.815899582
Uttar Pradesh,KUSHI NAGAR,2003,Kharif,Arhar/Tur,1065,552,0.518309859
Uttar Pradesh,KUSHI NAGAR,2003,Kharif,Bajra,104,154,1.480769231
Uttar Pradesh,KUSHI NAGAR,2003,Kharif,Groundnut,287,334,1.163763066
Uttar Pradesh,KUSHI NAGAR,2003,Kharif,Jowar,21,29,1.380952381
Uttar Pradesh,KUSHI NAGAR,2003,Kharif,Maize,2150,3661,1.702790698
Uttar Pradesh,KUSHI NAGAR,2003,Kharif,Moong(Green Gram),12,3,0.25
Uttar Pradesh,KUSHI NAGAR,2003,Kharif,Moth,3,1,0.333333333
Uttar Pradesh,KUSHI NAGAR,2003,Kharif,Rice,120358,317165,2.635180046
Uttar Pradesh,KUSHI NAGAR,2003,Kharif,Sesamum,19,3,0.157894737
Uttar Pradesh,KUSHI NAGAR,2003,Kharif,Sunflower,3,5,1.666666667
Uttar Pradesh,KUSHI NAGAR,2003,Kharif,Urad,22,5,0.227272727
Uttar Pradesh,KUSHI NAGAR,2003,Rabi,Barley,127,237,1.866141732
Uttar Pradesh,KUSHI NAGAR,2003,Rabi,Gram,20,18,0.9
Uttar Pradesh,KUSHI NAGAR,2003,Rabi,Linseed,4,2,0.5
Uttar Pradesh,KUSHI NAGAR,2003,Rabi,Maize,1818,2485,1.366886689
Uttar Pradesh,KUSHI NAGAR,2003,Rabi,Masoor,3913,2751,0.703041145
Uttar Pradesh,KUSHI NAGAR,2003,Rabi,Onion,48,689,14.35416667
Uttar Pradesh,KUSHI NAGAR,2003,Rabi,Peas & beans (Pulses),675,926,1.371851852
Uttar Pradesh,KUSHI NAGAR,2003,Rabi,Ragi,39,57,1.461538462
Uttar Pradesh,KUSHI NAGAR,2003,Rabi,Rapeseed &Mustard,9365,7516,0.802562734
Uttar Pradesh,KUSHI NAGAR,2003,Rabi,Wheat,115364,297940,2.582608093
Uttar Pradesh,KUSHI NAGAR,2003,Summer,Maize,1358,1857,1.367452135
Uttar Pradesh,KUSHI NAGAR,2003,Summer,Moong(Green Gram),140,74,0.528571429
Uttar Pradesh,KUSHI NAGAR,2003,Summer,Onion,39,397,10.17948718
Uttar Pradesh,KUSHI NAGAR,2003,Summer,Urad,231,113,0.489177489
Uttar Pradesh,KUSHI NAGAR,2003,Whole Year,Potato,1548,25167,16.25775194
Uttar Pradesh,KUSHI NAGAR,2003,Whole Year,Sannhamp,118,35,0.296610169
Uttar Pradesh,KUSHI NAGAR,2003,Whole Year,Sugarcane,71161,3570574,50.17599528
Uttar Pradesh,KUSHI NAGAR,2003,Whole Year,Turmeric,383,693,1.809399478
Uttar Pradesh,KUSHI NAGAR,2004,Kharif,Bajra,94,163,1.734042553
Uttar Pradesh,KUSHI NAGAR,2004,Kharif,Groundnut,376,243,0.646276596
Uttar Pradesh,KUSHI NAGAR,2004,Kharif,Jowar,16,19,1.1875
Uttar Pradesh,KUSHI NAGAR,2004,Kharif,Maize,3023,3760,1.243797552
Uttar Pradesh,KUSHI NAGAR,2004,Kharif,Rice,123633,289803,2.344058625
Uttar Pradesh,KUSHI NAGAR,2004,Kharif,Sannhamp,176,49,0.278409091
Uttar Pradesh,KUSHI NAGAR,2004,Kharif,Sesamum,69,11,0.15942029
Uttar Pradesh,KUSHI NAGAR,2004,Kharif,Small millets,41,14,0.341463415
Uttar Pradesh,KUSHI NAGAR,2004,Kharif,Sugarcane,68437,3642491,53.22400164
Uttar Pradesh,KUSHI NAGAR,2004,Rabi,Barley,122,235,1.926229508
Uttar Pradesh,KUSHI NAGAR,2004,Rabi,Gram,10,9,0.9
Uttar Pradesh,KUSHI NAGAR,2004,Rabi,Linseed,5,2,0.4
Uttar Pradesh,KUSHI NAGAR,2004,Rabi,Maize,1546,9585,6.199870634
Uttar Pradesh,KUSHI NAGAR,2004,Rabi,Potato,1594,25468,15.97741531
Uttar Pradesh,KUSHI NAGAR,2004,Rabi,Rapeseed &Mustard,9907,7503,0.757343293
Uttar Pradesh,KUSHI NAGAR,2004,Rabi,Turmeric,802,1394,1.738154613
Uttar Pradesh,KUSHI NAGAR,2004,Rabi,Wheat,117782,312133,2.650090846
Uttar Pradesh,KUSHI NAGAR,2004,Whole Year,Banana,194,7055,36.36597938
Uttar Pradesh,KUSHI NAGAR,2004,Whole Year,Dry chillies,13,12,0.923076923
Uttar Pradesh,KUSHI NAGAR,2004,Whole Year,Garlic,8,35,4.375
Uttar Pradesh,KUSHI NAGAR,2004,Whole Year,Onion,71,825,11.61971831
Uttar Pradesh,KUSHI NAGAR,2004,Whole Year,Sweet potato,84,976,11.61904762
Uttar Pradesh,KUSHI NAGAR,2005,Kharif,Bajra,98,154,1.571428571
Uttar Pradesh,KUSHI NAGAR,2005,Kharif,Jowar,17,22,1.294117647
Uttar Pradesh,KUSHI NAGAR,2005,Kharif,Maize,2317,3186,1.375053949
Uttar Pradesh,KUSHI NAGAR,2005,Kharif,Rice,120335,305651,2.540000831
Uttar Pradesh,KUSHI NAGAR,2005,Kharif,Sannhamp,101,35,0.346534653
Uttar Pradesh,KUSHI NAGAR,2005,Kharif,Sesamum,22,4,0.181818182
Uttar Pradesh,KUSHI NAGAR,2005,Kharif,Small millets,56,43,0.767857143
Uttar Pradesh,KUSHI NAGAR,2005,Kharif,Sugarcane,70771,3729349,52.69600543
Uttar Pradesh,KUSHI NAGAR,2005,Rabi,Barley,157,162,1.031847134
Uttar Pradesh,KUSHI NAGAR,2005,Rabi,Gram,80,71,0.8875
Uttar Pradesh,KUSHI NAGAR,2005,Rabi,Linseed,3,1,0.333333333
Uttar Pradesh,KUSHI NAGAR,2005,Rabi,Potato,1394,31270,22.43185079
Uttar Pradesh,KUSHI NAGAR,2005,Rabi,Rapeseed &Mustard,9469,6704,0.707994508
Uttar Pradesh,KUSHI NAGAR,2005,Rabi,Turmeric,379,1689,4.45646438
Uttar Pradesh,KUSHI NAGAR,2005,Rabi,Wheat,111757,214685,1.920998237
Uttar Pradesh,KUSHI NAGAR,2005,Whole Year,Banana,280,10670,38.10714286
Uttar Pradesh,KUSHI NAGAR,2005,Whole Year,Coriander,85,49,0.576470588
Uttar Pradesh,KUSHI NAGAR,2005,Whole Year,Dry chillies,5,5,1
Uttar Pradesh,KUSHI NAGAR,2005,Whole Year,Garlic,2,9,4.5
Uttar Pradesh,KUSHI NAGAR,2005,Whole Year,Onion,79,1014,12.83544304
Uttar Pradesh,KUSHI NAGAR,2005,Whole Year,Sweet potato,67,877,13.08955224
Uttar Pradesh,KUSHI NAGAR,2006,Kharif,Arhar/Tur,1272,686,0.539308176
Uttar Pradesh,KUSHI NAGAR,2006,Kharif,Bajra,103,166,1.611650485
Uttar Pradesh,KUSHI NAGAR,2006,Kharif,Groundnut,468,435,0.929487179
Uttar Pradesh,KUSHI NAGAR,2006,Kharif,Jowar,16,20,1.25
Uttar Pradesh,KUSHI NAGAR,2006,Kharif,Maize,2924,2737,0.936046512
Uttar Pradesh,KUSHI NAGAR,2006,Kharif,Other Kharif pulses,738,376,0.509485095
Uttar Pradesh,KUSHI NAGAR,2006,Kharif,Rice,119909,264879,2.209000158
Uttar Pradesh,KUSHI NAGAR,2006,Kharif,Sannhamp,244,68,0.278688525
Uttar Pradesh,KUSHI NAGAR,2006,Kharif,Sesamum,104,18,0.173076923
Uttar Pradesh,KUSHI NAGAR,2006,Kharif,Small millets,42,25,0.595238095
Uttar Pradesh,KUSHI NAGAR,2006,Kharif,Sugarcane,74959,4041190,53.91200523
Uttar Pradesh,KUSHI NAGAR,2006,Kharif,Sweet potato,119,1624,13.64705882
Uttar Pradesh,KUSHI NAGAR,2006,Rabi,Barley,120,233,1.941666667
Uttar Pradesh,KUSHI NAGAR,2006,Rabi,Garlic,22,97,4.409090909
Uttar Pradesh,KUSHI NAGAR,2006,Rabi,Gram,10,7,0.7
Uttar Pradesh,KUSHI NAGAR,2006,Rabi,Linseed,5,2,0.4
Uttar Pradesh,KUSHI NAGAR,2006,Rabi,Maize,1491,6076,4.075117371
Uttar Pradesh,KUSHI NAGAR,2006,Rabi,Masoor,2274,1396,0.613896218
Uttar Pradesh,KUSHI NAGAR,2006,Rabi,Onion,23,441,19.17391304
Uttar Pradesh,KUSHI NAGAR,2006,Rabi,Other  Rabi pulses,484,468,0.966942149
Uttar Pradesh,KUSHI NAGAR,2006,Rabi,Potato,1688,31110,18.43009479
Uttar Pradesh,KUSHI NAGAR,2006,Rabi,Rapeseed &Mustard,10368,7538,0.727044753
Uttar Pradesh,KUSHI NAGAR,2006,Rabi,Turmeric,873,2969,3.40091638
Uttar Pradesh,KUSHI NAGAR,2006,Rabi,Wheat,117988,329658,2.793996
Uttar Pradesh,KUSHI NAGAR,2006,Summer,Maize,1428,1894,1.326330532
Uttar Pradesh,KUSHI NAGAR,2006,Summer,Onion,71,827,11.64788732
Uttar Pradesh,KUSHI NAGAR,2006,Whole Year,Banana,155,6016,38.81290323
Uttar Pradesh,KUSHI NAGAR,2006,Whole Year,Coriander,74,39,0.527027027
Uttar Pradesh,KUSHI NAGAR,2006,Whole Year,Dry chillies,15,14,0.933333333
Uttar Pradesh,KUSHI NAGAR,2006,Whole Year,Guar seed,8,7,0.875
Uttar Pradesh,KUSHI NAGAR,2007,Kharif,Arhar/Tur,1006,604,0.600397614
Uttar Pradesh,KUSHI NAGAR,2007,Kharif,Bajra,108,168,1.555555556
Uttar Pradesh,KUSHI NAGAR,2007,Kharif,Dry chillies,6,6,1
Uttar Pradesh,KUSHI NAGAR,2007,Kharif,Dry ginger,4,9,2.25
Uttar Pradesh,KUSHI NAGAR,2007,Kharif,Groundnut,394,300,0.76142132
Uttar Pradesh,KUSHI NAGAR,2007,Kharif,Guar seed,12,10,0.833333333
Uttar Pradesh,KUSHI NAGAR,2007,Kharif,Jowar,48,38,0.791666667
Uttar Pradesh,KUSHI NAGAR,2007,Kharif,Maize,3132,2421,0.772988506
Uttar Pradesh,KUSHI NAGAR,2007,Kharif,Rice,122757,308611,2.513999202
Uttar Pradesh,KUSHI NAGAR,2007,Kharif,Sannhamp,188,36,0.191489362
Uttar Pradesh,KUSHI NAGAR,2007,Kharif,Sesamum,112,17,0.151785714
Uttar Pradesh,KUSHI NAGAR,2007,Kharif,Small millets,38,23,0.605263158
Uttar Pradesh,KUSHI NAGAR,2007,Kharif,Sugarcane,72109,3733804,51.77999972
Uttar Pradesh,KUSHI NAGAR,2007,Kharif,Sweet potato,22,296,13.45454545
Uttar Pradesh,KUSHI NAGAR,2007,Kharif,Urad,9,4,0.444444444
Uttar Pradesh,KUSHI NAGAR,2007,Rabi,Barley,118,279,2.36440678
Uttar Pradesh,KUSHI NAGAR,2007,Rabi,Coriander,74,43,0.581081081
Uttar Pradesh,KUSHI NAGAR,2007,Rabi,Gram,11,8,0.727272727
Uttar Pradesh,KUSHI NAGAR,2007,Rabi,Maize,1312,3823,2.913871951
Uttar Pradesh,KUSHI NAGAR,2007,Rabi,Masoor,3773,3128,0.829048503
Uttar Pradesh,KUSHI NAGAR,2007,Rabi,Onion,20,279,13.95
Uttar Pradesh,KUSHI NAGAR,2007,Rabi,Other  Rabi pulses,507,476,0.938856016
Uttar Pradesh,KUSHI NAGAR,2007,Rabi,Potato,1598,35118,21.97622028
Uttar Pradesh,KUSHI NAGAR,2007,Rabi,Rapeseed &Mustard,9600,7422,0.773125
Uttar Pradesh,KUSHI NAGAR,2007,Rabi,Turmeric,840,2579,3.070238095
Uttar Pradesh,KUSHI NAGAR,2007,Rabi,Wheat,107561,331611,3.083004063
Uttar Pradesh,KUSHI NAGAR,2007,Summer,Maize,1747,2510,1.436748712
Uttar Pradesh,KUSHI NAGAR,2007,Summer,Moong(Green Gram),130,83,0.638461538
Uttar Pradesh,KUSHI NAGAR,2007,Summer,Onion,43,580,13.48837209
Uttar Pradesh,KUSHI NAGAR,2007,Summer,Sunflower,48,77,1.604166667
Uttar Pradesh,KUSHI NAGAR,2007,Summer,Urad,203,114,0.561576355
Uttar Pradesh,KUSHI NAGAR,2008,Kharif,Arhar/Tur,877,574,0.654503991
Uttar Pradesh,KUSHI NAGAR,2008,Kharif,Bajra,125,216,1.728
Uttar Pradesh,KUSHI NAGAR,2008,Kharif,Dry chillies,7,7,1
Uttar Pradesh,KUSHI NAGAR,2008,Kharif,Groundnut,401,359,0.895261845
Uttar Pradesh,KUSHI NAGAR,2008,Kharif,Jowar,19,23,1.210526316
Uttar Pradesh,KUSHI NAGAR,2008,Kharif,Maize,2102,1949,0.927212179
Uttar Pradesh,KUSHI NAGAR,2008,Kharif,Moong(Green Gram),16,6,0.375
Uttar Pradesh,KUSHI NAGAR,2008,Kharif,Rice,121337,313049,2.579996209
Uttar Pradesh,KUSHI NAGAR,2008,Kharif,Sannhamp,307,98,0.319218241
Uttar Pradesh,KUSHI NAGAR,2008,Kharif,Sesamum,96,16,0.166666667
Uttar Pradesh,KUSHI NAGAR,2008,Kharif,Small millets,25,15,0.6
Uttar Pradesh,KUSHI NAGAR,2008,Kharif,Sugarcane,66418,3221273,48.5
Uttar Pradesh,KUSHI NAGAR,2008,Kharif,Sweet potato,71,872,12.28169014
Uttar Pradesh,KUSHI NAGAR,2008,Kharif,Urad,18,10,0.555555556
Uttar Pradesh,KUSHI NAGAR,2008,Rabi,Barley,13,31,2.384615385
Uttar Pradesh,KUSHI NAGAR,2008,Rabi,Coriander,179,107,0.597765363
Uttar Pradesh,KUSHI NAGAR,2008,Rabi,Garlic,7,41,5.857142857
Uttar Pradesh,KUSHI NAGAR,2008,Rabi,Gram,3,3,1
Uttar Pradesh,KUSHI NAGAR,2008,Rabi,Linseed,2,1,0.5
Uttar Pradesh,KUSHI NAGAR,2008,Rabi,Maize,459,1205,2.625272331
Uttar Pradesh,KUSHI NAGAR,2008,Rabi,Masoor,3184,2219,0.696922111
Uttar Pradesh,KUSHI NAGAR,2008,Rabi,Onion,24,281,11.70833333
Uttar Pradesh,KUSHI NAGAR,2008,Rabi,Peas & beans (Pulses),922,1113,1.207158351
Uttar Pradesh,KUSHI NAGAR,2008,Rabi,Potato,1428,15974,11.18627451
Uttar Pradesh,KUSHI NAGAR,2008,Rabi,Rapeseed &Mustard,9688,6033,0.622729149
Uttar Pradesh,KUSHI NAGAR,2008,Rabi,Wheat,115299,330447,2.866000572
Uttar Pradesh,KUSHI NAGAR,2008,Summer,Banana,280,10670,38.10714286
Uttar Pradesh,KUSHI NAGAR,2008,Summer,Maize,1982,2965,1.495963673
Uttar Pradesh,KUSHI NAGAR,2008,Summer,Moong(Green Gram),197,147,0.746192893
Uttar Pradesh,KUSHI NAGAR,2008,Summer,Urad,235,146,0.621276596
Uttar Pradesh,KUSHI NAGAR,2009,Kharif,Arhar/Tur,597,386,0.646566164
Uttar Pradesh,KUSHI NAGAR,2009,Kharif,Bajra,95,162,1.705263158
Uttar Pradesh,KUSHI NAGAR,2009,Kharif,Dry chillies,9,8,0.888888889
Uttar Pradesh,KUSHI NAGAR,2009,Kharif,Groundnut,332,224,0.674698795
Uttar Pradesh,KUSHI NAGAR,2009,Kharif,Guar seed,7,6,0.857142857
Uttar Pradesh,KUSHI NAGAR,2009,Kharif,Jowar,16,16,1
Uttar Pradesh,KUSHI NAGAR,2009,Kharif,Maize,3110,3122,1.003858521
Uttar Pradesh,KUSHI NAGAR,2009,Kharif,Rice,122496,265081,2.163997192
Uttar Pradesh,KUSHI NAGAR,2009,Kharif,Sannhamp,98,18,0.183673469
Uttar Pradesh,KUSHI NAGAR,2009,Kharif,Sesamum,84,9,0.107142857
Uttar Pradesh,KUSHI NAGAR,2009,Kharif,Small millets,14,6,0.428571429
Uttar Pradesh,KUSHI NAGAR,2009,Kharif,Sugarcane,67018,3534261,52.7359963
Uttar Pradesh,KUSHI NAGAR,2009,Kharif,Sweet potato,73,993,13.60273973
Uttar Pradesh,KUSHI NAGAR,2009,Kharif,Urad,21,8,0.380952381
Uttar Pradesh,KUSHI NAGAR,2009,Rabi,Barley,103,237,2.300970874
Uttar Pradesh,KUSHI NAGAR,2009,Rabi,Coriander,100,57,0.57
Uttar Pradesh,KUSHI NAGAR,2009,Rabi,Garlic,8,43,5.375
Uttar Pradesh,KUSHI NAGAR,2009,Rabi,Gram,1,1,1
Uttar Pradesh,KUSHI NAGAR,2009,Rabi,Maize,1393,4256,3.055276382
Uttar Pradesh,KUSHI NAGAR,2009,Rabi,Masoor,2513,1887,0.750895344
Uttar Pradesh,KUSHI NAGAR,2009,Rabi,Onion,39,670,17.17948718
Uttar Pradesh,KUSHI NAGAR,2009,Rabi,Peas & beans (Pulses),345,443,1.284057971
Uttar Pradesh,KUSHI NAGAR,2009,Rabi,Potato,598,14870,24.86622074
Uttar Pradesh,KUSHI NAGAR,2009,Rabi,Rapeseed &Mustard,9577,7390,0.771640388
Uttar Pradesh,KUSHI NAGAR,2009,Rabi,Turmeric,791,2614,3.304677623
Uttar Pradesh,KUSHI NAGAR,2009,Rabi,Wheat,115798,302696,2.614000242
Uttar Pradesh,KUSHI NAGAR,2009,Summer,Banana,440,18093,41.12045455
Uttar Pradesh,KUSHI NAGAR,2009,Summer,Maize,1303,1896,1.455103607
Uttar Pradesh,KUSHI NAGAR,2009,Summer,Moong(Green Gram),148,106,0.716216216
Uttar Pradesh,KUSHI NAGAR,2009,Summer,Onion,42,583,13.88095238
Uttar Pradesh,KUSHI NAGAR,2009,Summer,Urad,62,38,0.612903226
Uttar Pradesh,KUSHI NAGAR,2010,Kharif,Arhar/Tur,570,388,0.680701754
Uttar Pradesh,KUSHI NAGAR,2010,Kharif,Bajra,45,77,1.711111111
Uttar Pradesh,KUSHI NAGAR,2010,Kharif,Cotton(lint),5,1,0.2
Uttar Pradesh,KUSHI NAGAR,2010,Kharif,Dry chillies,8,7,0.875
Uttar Pradesh,KUSHI NAGAR,2010,Kharif,Dry ginger,2,5,2.5
Uttar Pradesh,KUSHI NAGAR,2010,Kharif,Groundnut,458,562,1.227074236
Uttar Pradesh,KUSHI NAGAR,2010,Kharif,Guar seed,5,4,0.8
Uttar Pradesh,KUSHI NAGAR,2010,Kharif,Jowar,13,14,1.076923077
Uttar Pradesh,KUSHI NAGAR,2010,Kharif,Maize,2558,4338,1.695856138
Uttar Pradesh,KUSHI NAGAR,2010,Kharif,Rice,125415,292844,2.334999801
Uttar Pradesh,KUSHI NAGAR,2010,Kharif,Sannhamp,87,28,0.32183908
Uttar Pradesh,KUSHI NAGAR,2010,Kharif,Sesamum,196,38,0.193877551
Uttar Pradesh,KUSHI NAGAR,2010,Kharif,Small millets,25,21,0.84
Uttar Pradesh,KUSHI NAGAR,2010,Kharif,Sugarcane,73143,3763646,51.45599716
Uttar Pradesh,KUSHI NAGAR,2010,Kharif,Sweet potato,70,862,12.31428571
Uttar Pradesh,KUSHI NAGAR,2010,Kharif,Urad,12,8,0.666666667
Uttar Pradesh,KUSHI NAGAR,2010,Rabi,Barley,95,251,2.642105263
Uttar Pradesh,KUSHI NAGAR,2010,Rabi,Gram,11,10,0.909090909
Uttar Pradesh,KUSHI NAGAR,2010,Rabi,Maize,1279,3842,3.003909304
Uttar Pradesh,KUSHI NAGAR,2010,Rabi,Masoor,4191,3244,0.774039609
Uttar Pradesh,KUSHI NAGAR,2010,Rabi,Onion,28,515,18.39285714
Uttar Pradesh,KUSHI NAGAR,2010,Rabi,Peas & beans (Pulses),401,467,1.164588529
Uttar Pradesh,KUSHI NAGAR,2010,Rabi,Potato,1574,28182,17.9047014
Uttar Pradesh,KUSHI NAGAR,2010,Rabi,Rapeseed &Mustard,9847,7499,0.761551742
Uttar Pradesh,KUSHI NAGAR,2010,Rabi,Turmeric,703,2209,3.142247511
Uttar Pradesh,KUSHI NAGAR,2010,Rabi,Wheat,119090,345837,2.903996977
Uttar Pradesh,KUSHI NAGAR,2010,Summer,Maize,1583,2321,1.466203411
Uttar Pradesh,KUSHI NAGAR,2010,Summer,Moong(Green Gram),165,147,0.890909091
Uttar Pradesh,KUSHI NAGAR,2010,Summer,Sunflower,1,2,2
Uttar Pradesh,KUSHI NAGAR,2010,Summer,Urad,214,133,0.621495327
Uttar Pradesh,KUSHI NAGAR,2011,Kharif,Arhar/Tur,946,773,0.817124736
Uttar Pradesh,KUSHI NAGAR,2011,Kharif,Bajra,70,143,2.042857143
Uttar Pradesh,KUSHI NAGAR,2011,Kharif,Dry chillies,20,17,0.85
Uttar Pradesh,KUSHI NAGAR,2011,Kharif,Dry ginger,2,5,2.5
Uttar Pradesh,KUSHI NAGAR,2011,Kharif,Groundnut,404,509,1.25990099
Uttar Pradesh,KUSHI NAGAR,2011,Kharif,Guar seed,6,5,0.833333333
Uttar Pradesh,KUSHI NAGAR,2011,Kharif,Maize,3038,6447,2.122119816
Uttar Pradesh,KUSHI NAGAR,2011,Kharif,Moong(Green Gram),1,,
Uttar Pradesh,KUSHI NAGAR,2011,Kharif,Rice,127193,303991,2.389997877
Uttar Pradesh,KUSHI NAGAR,2011,Kharif,Sannhamp,105,29,0.276190476
Uttar Pradesh,KUSHI NAGAR,2011,Kharif,Sesamum,69,15,0.217391304
Uttar Pradesh,KUSHI NAGAR,2011,Kharif,Sugarcane,72231,3758612,52.03599563
Uttar Pradesh,KUSHI NAGAR,2011,Kharif,Sweet potato,76,988,13
Uttar Pradesh,KUSHI NAGAR,2011,Kharif,Urad,14,9,0.642857143
Uttar Pradesh,KUSHI NAGAR,2011,Rabi,Barley,79,217,2.746835443
Uttar Pradesh,KUSHI NAGAR,2011,Rabi,Coriander,131,72,0.549618321
Uttar Pradesh,KUSHI NAGAR,2011,Rabi,Garlic,9,47,5.222222222
Uttar Pradesh,KUSHI NAGAR,2011,Rabi,Linseed,3,1,0.333333333
Uttar Pradesh,KUSHI NAGAR,2011,Rabi,Maize,1238,3322,2.683360258
Uttar Pradesh,KUSHI NAGAR,2011,Rabi,Masoor,3528,2304,0.653061224
Uttar Pradesh,KUSHI NAGAR,2011,Rabi,Onion,31,709,22.87096774
Uttar Pradesh,KUSHI NAGAR,2011,Rabi,Peas & beans (Pulses),619,670,1.082390953
Uttar Pradesh,KUSHI NAGAR,2011,Rabi,Potato,1275,19812,15.53882353
Uttar Pradesh,KUSHI NAGAR,2011,Rabi,Rapeseed &Mustard,9818,9111,0.927989407
Uttar Pradesh,KUSHI NAGAR,2011,Rabi,Turmeric,756,2129,2.816137566
Uttar Pradesh,KUSHI NAGAR,2011,Rabi,Wheat,113535,342535,3.016999163
Uttar Pradesh,KUSHI NAGAR,2011,Summer,Banana,567,24771,43.68783069
Uttar Pradesh,KUSHI NAGAR,2011,Summer,Maize,1516,2506,1.653034301
Uttar Pradesh,KUSHI NAGAR,2011,Summer,Moong(Green Gram),134,113,0.843283582
Uttar Pradesh,KUSHI NAGAR,2011,Summer,Onion,43,466,10.8372093
Uttar Pradesh,KUSHI NAGAR,2011,Summer,Urad,139,93,0.669064748
Uttar Pradesh,KUSHI NAGAR,2012,Kharif,Arhar/Tur,684,490,0.716374269
Uttar Pradesh,KUSHI NAGAR,2012,Kharif,Bajra,91,189,2.076923077
Uttar Pradesh,KUSHI NAGAR,2012,Kharif,Dry chillies,7,6,0.857142857
Uttar Pradesh,KUSHI NAGAR,2012,Kharif,Dry ginger,6,29,4.833333333
Uttar Pradesh,KUSHI NAGAR,2012,Kharif,Groundnut,482,735,1.524896266
Uttar Pradesh,KUSHI NAGAR,2012,Kharif,Guar seed,6,5,0.833333333
Uttar Pradesh,KUSHI NAGAR,2012,Kharif,Jowar,9,13,1.444444444
Uttar Pradesh,KUSHI NAGAR,2012,Kharif,Maize,3091,6587,2.131025558
Uttar Pradesh,KUSHI NAGAR,2012,Kharif,Moong(Green Gram),9,5,0.555555556
Uttar Pradesh,KUSHI NAGAR,2012,Kharif,Rice,132485,327370,2.470996717
Uttar Pradesh,KUSHI NAGAR,2012,Kharif,Sannhamp,146,54,0.369863014
Uttar Pradesh,KUSHI NAGAR,2012,Kharif,Sesamum,63,12,0.19047619
Uttar Pradesh,KUSHI NAGAR,2012,Kharif,Small millets,25,26,1.04
Uttar Pradesh,KUSHI NAGAR,2012,Kharif,Sugarcane,70220,3989900,56.8199943
Uttar Pradesh,KUSHI NAGAR,2012,Kharif,Sweet potato,57,738,12.94736842
Uttar Pradesh,KUSHI NAGAR,2012,Kharif,Urad,22,14,0.636363636
Uttar Pradesh,KUSHI NAGAR,2012,Rabi,Barley,86,237,2.755813953
Uttar Pradesh,KUSHI NAGAR,2012,Rabi,Coriander,94,51,0.542553191
Uttar Pradesh,KUSHI NAGAR,2012,Rabi,Garlic,5,26,5.2
Uttar Pradesh,KUSHI NAGAR,2012,Rabi,Gram,1,1,1
Uttar Pradesh,KUSHI NAGAR,2012,Rabi,Linseed,3,1,0.333333333
Uttar Pradesh,KUSHI NAGAR,2012,Rabi,Maize,1417,4437,3.131263232
Uttar Pradesh,KUSHI NAGAR,2012,Rabi,Masoor,3635,2752,0.757083906
Uttar Pradesh,KUSHI NAGAR,2012,Rabi,Onion,30,690,23
Uttar Pradesh,KUSHI NAGAR,2012,Rabi,Peas & beans (Pulses),534,555,1.039325843
Uttar Pradesh,KUSHI NAGAR,2012,Rabi,Potato,1383,18598,13.44757773
Uttar Pradesh,KUSHI NAGAR,2012,Rabi,Rapeseed &Mustard,10245,8001,0.780966325
Uttar Pradesh,KUSHI NAGAR,2012,Rabi,Turmeric,714,2021,2.830532213
Uttar Pradesh,KUSHI NAGAR,2012,Rabi,Wheat,113917,330929,2.90500101
Uttar Pradesh,KUSHI NAGAR,2012,Summer,Banana,435,19424,44.65287356
Uttar Pradesh,KUSHI NAGAR,2012,Summer,Maize,1527,2820,1.84675835
Uttar Pradesh,KUSHI NAGAR,2012,Summer,Moong(Green Gram),150,122,0.813333333
Uttar Pradesh,KUSHI NAGAR,2012,Summer,Onion,39,424,10.87179487
Uttar Pradesh,KUSHI NAGAR,2012,Summer,Sunflower,1,1,1
Uttar Pradesh,KUSHI NAGAR,2012,Summer,Urad,125,86,0.688
Uttar Pradesh,KUSHI NAGAR,2013,Kharif,Arhar/Tur,1058,982,0.928166352
Uttar Pradesh,KUSHI NAGAR,2013,Kharif,Bajra,68,141,2.073529412
Uttar Pradesh,KUSHI NAGAR,2013,Kharif,Cotton(lint),5,1,0.2
Uttar Pradesh,KUSHI NAGAR,2013,Kharif,Dry chillies,19,15,0.789473684
Uttar Pradesh,KUSHI NAGAR,2013,Kharif,Dry ginger,2,10,5
Uttar Pradesh,KUSHI NAGAR,2013,Kharif,Groundnut,982,1276,1.299389002
Uttar Pradesh,KUSHI NAGAR,2013,Kharif,Guar seed,28,23,0.821428571
Uttar Pradesh,KUSHI NAGAR,2013,Kharif,Jowar,12,16,1.333333333
Uttar Pradesh,KUSHI NAGAR,2013,Kharif,Maize,2553,6852,2.683901293
Uttar Pradesh,KUSHI NAGAR,2013,Kharif,Moong(Green Gram),1,1,1
Uttar Pradesh,KUSHI NAGAR,2013,Kharif,Rice,122607,320863,2.617003923
Uttar Pradesh,KUSHI NAGAR,2013,Kharif,Sannhamp,125,35,0.28
Uttar Pradesh,KUSHI NAGAR,2013,Kharif,Sesamum,77,11,0.142857143
Uttar Pradesh,KUSHI NAGAR,2013,Kharif,Small millets,26,19,0.730769231
Uttar Pradesh,KUSHI NAGAR,2013,Kharif,Sugarcane,99104,5923248,59.76800129
Uttar Pradesh,KUSHI NAGAR,2013,Kharif,Sweet potato,52,687,13.21153846
Uttar Pradesh,KUSHI NAGAR,2013,Kharif,Urad,17,8,0.470588235
Uttar Pradesh,KUSHI NAGAR,2013,Rabi,Barley,123,374,3.040650407
Uttar Pradesh,KUSHI NAGAR,2013,Rabi,Coriander,26,14,0.538461538
Uttar Pradesh,KUSHI NAGAR,2013,Rabi,Garlic,3,17,5.666666667
Uttar Pradesh,KUSHI NAGAR,2013,Rabi,Linseed,19,8,0.421052632
Uttar Pradesh,KUSHI NAGAR,2013,Rabi,Maize,3095,10997,3.553150242
Uttar Pradesh,KUSHI NAGAR,2013,Rabi,Masoor,2753,2016,0.732292045
Uttar Pradesh,KUSHI NAGAR,2013,Rabi,Onion,64,1302,20.34375
Uttar Pradesh,KUSHI NAGAR,2013,Rabi,Peas & beans (Pulses),552,321,0.581521739
Uttar Pradesh,KUSHI NAGAR,2013,Rabi,Potato,1430,26722,18.68671329
Uttar Pradesh,KUSHI NAGAR,2013,Rabi,Rapeseed &Mustard,9483,6614,0.69745861
Uttar Pradesh,KUSHI NAGAR,2013,Rabi,Turmeric,709,2052,2.894217207
Uttar Pradesh,KUSHI NAGAR,2013,Rabi,Wheat,115703,351737,3.039998963
Uttar Pradesh,KUSHI NAGAR,2013,Summer,Banana,375,16328,43.54133333
Uttar Pradesh,KUSHI NAGAR,2013,Summer,Maize,1715,3150,1.836734694
Uttar Pradesh,KUSHI NAGAR,2013,Summer,Moong(Green Gram),180,120,0.666666667
Uttar Pradesh,KUSHI NAGAR,2013,Summer,Onion,34,458,13.47058824
Uttar Pradesh,KUSHI NAGAR,2013,Summer,Sunflower,1,1,1
Uttar Pradesh,KUSHI NAGAR,2013,Summer,Urad,88,51,0.579545455
Uttar Pradesh,KUSHI NAGAR,2014,Kharif,Arhar/Tur,720,262,0.363888889
Uttar Pradesh,KUSHI NAGAR,2014,Kharif,Bajra,92,176,1.913043478
Uttar Pradesh,KUSHI NAGAR,2014,Kharif,Dry chillies,13,10,0.769230769
Uttar Pradesh,KUSHI NAGAR,2014,Kharif,Dry ginger,3,14,4.666666667
Uttar Pradesh,KUSHI NAGAR,2014,Kharif,Ginger,3,14,4.666666667
Uttar Pradesh,KUSHI NAGAR,2014,Kharif,Groundnut,429,512,1.193473193
Uttar Pradesh,KUSHI NAGAR,2014,Kharif,Maize,2551,6204,2.431987456
Uttar Pradesh,KUSHI NAGAR,2014,Kharif,Moong(Green Gram),28,9,0.321428571
Uttar Pradesh,KUSHI NAGAR,2014,Kharif,Rice,118425,253666,2.141997045
Uttar Pradesh,KUSHI NAGAR,2014,Kharif,Sannhamp,88,34,0.386363636
Uttar Pradesh,KUSHI NAGAR,2014,Kharif,Sesamum,73,15,0.205479452
Uttar Pradesh,KUSHI NAGAR,2014,Kharif,Small millets,32,24,0.75
Uttar Pradesh,KUSHI NAGAR,2014,Kharif,Sugarcane,70102,4217897,60.16799806
Uttar Pradesh,KUSHI NAGAR,2014,Kharif,Sweet potato,40,495,12.375
Uttar Pradesh,KUSHI NAGAR,2014,Kharif,Urad,26,14,0.538461538
Uttar Pradesh,KUSHI NAGAR,2014,Rabi,Barley,85,155,1.823529412
Uttar Pradesh,KUSHI NAGAR,2014,Rabi,Coriander,73,36,0.493150685
Uttar Pradesh,KUSHI NAGAR,2014,Rabi,Garlic,5,29,5.8
Uttar Pradesh,KUSHI NAGAR,2014,Rabi,Gram,25,9,0.36
Uttar Pradesh,KUSHI NAGAR,2014,Rabi,Maize,1278,4608,3.605633803
Uttar Pradesh,KUSHI NAGAR,2014,Rabi,Masoor,3729,1577,0.422901582
Uttar Pradesh,KUSHI NAGAR,2014,Rabi,Onion,42,643,15.30952381
Uttar Pradesh,KUSHI NAGAR,2014,Rabi,Peas & beans (Pulses),485,235,0.484536082
Uttar Pradesh,KUSHI NAGAR,2014,Rabi,Potato,1439,20223,14.05350938
Uttar Pradesh,KUSHI NAGAR,2014,Rabi,Rapeseed &Mustard,9696,5024,0.518151815
Uttar Pradesh,KUSHI NAGAR,2014,Rabi,Turmeric,729,2068,2.836762689
Uttar Pradesh,KUSHI NAGAR,2014,Rabi,Wheat,116559,193954,1.66399849
Uttar Pradesh,KUSHI NAGAR,2014,Summer,Banana,548,24722,45.11313869
Uttar Pradesh,KUSHI NAGAR,2014,Summer,Maize,1450,2578,1.777931034
Uttar Pradesh,KUSHI NAGAR,2014,Summer,Moong(Green Gram),130,87,0.669230769
Uttar Pradesh,KUSHI NAGAR,2014,Summer,Onion,34,285,8.382352941
Uttar Pradesh,KUSHI NAGAR,2014,Summer,Sunflower,1,2,2
Uttar Pradesh,KUSHI NAGAR,2014,Summer,Urad,102,55,0.539215686
Uttar Pradesh,LALITPUR,1997,Kharif,Arhar/Tur,124,107,0.862903226
Uttar Pradesh,LALITPUR,1997,Kharif,Bajra,51,72,1.411764706
Uttar Pradesh,LALITPUR,1997,Kharif,Groundnut,4678,3780,0.808037623
Uttar Pradesh,LALITPUR,1997,Kharif,Jowar,13376,7892,0.590011962
Uttar Pradesh,LALITPUR,1997,Kharif,Maize,20845,28349,1.359990405
Uttar Pradesh,LALITPUR,1997,Kharif,Moong(Green Gram),2881,1037,0.359944464
Uttar Pradesh,LALITPUR,1997,Kharif,Oilseeds total,30696,24456,0.796716185
Uttar Pradesh,LALITPUR,1997,Kharif,Onion,71,731,10.29577465
Uttar Pradesh,LALITPUR,1997,Kharif,Rice,6709,4023,0.599642272
Uttar Pradesh,LALITPUR,1997,Kharif,Sesamum,3147,522,0.165872259
Uttar Pradesh,LALITPUR,1997,Kharif,Small millets,2165,1324,0.611547344
Uttar Pradesh,LALITPUR,1997,Kharif,Soyabean,13867,15531,1.119997115
Uttar Pradesh,LALITPUR,1997,Kharif,Total foodgrain,303472,372407,1.2271544
Uttar Pradesh,LALITPUR,1997,Kharif,Urad,40257,15902,0.395012048
Uttar Pradesh,LALITPUR,1997,Rabi,Barley,4049,5509,1.36058286
Uttar Pradesh,LALITPUR,1997,Rabi,Gram,63310,67905,1.072579371
Uttar Pradesh,LALITPUR,1997,Rabi,Linseed,7908,4191,0.529969651
Uttar Pradesh,LALITPUR,1997,Rabi,Masoor,19631,16019,0.816005298
Uttar Pradesh,LALITPUR,1997,Rabi,Peas & beans (Pulses),21475,25899,1.206006985
Uttar Pradesh,LALITPUR,1997,Rabi,Rapeseed &Mustard,1071,398,0.371615313
Uttar Pradesh,LALITPUR,1997,Rabi,Sunflower,25,34,1.36
Uttar Pradesh,LALITPUR,1997,Rabi,Wheat,107132,197615,1.844593585
Uttar Pradesh,LALITPUR,1997,Summer,Moong(Green Gram),1438,740,0.514603616
Uttar Pradesh,LALITPUR,1997,Summer,Rice,3,2,0.666666667
Uttar Pradesh,LALITPUR,1997,Summer,Urad,26,12,0.461538462
Uttar Pradesh,LALITPUR,1997,Whole Year,Potato,434,6366,14.66820276
Uttar Pradesh,LALITPUR,1997,Whole Year,Sugarcane,252,13255,52.59920635
Uttar Pradesh,LALITPUR,1998,Kharif,Arhar/Tur,135,104,0.77037037
Uttar Pradesh,LALITPUR,1998,Kharif,Bajra,30,36,1.2
Uttar Pradesh,LALITPUR,1998,Kharif,Groundnut,5849,3516,0.601128398
Uttar Pradesh,LALITPUR,1998,Kharif,Jowar,7675,4688,0.610814332
Uttar Pradesh,LALITPUR,1998,Kharif,Maize,21015,27004,1.284986914
Uttar Pradesh,LALITPUR,1998,Kharif,Moong(Green Gram),3120,864,0.276923077
Uttar Pradesh,LALITPUR,1998,Kharif,Rice,9983,7581,0.759390965
Uttar Pradesh,LALITPUR,1998,Kharif,Sesamum,2940,556,0.189115646
Uttar Pradesh,LALITPUR,1998,Kharif,Small millets,2047,1302,0.63605276
Uttar Pradesh,LALITPUR,1998,Kharif,Soyabean,14759,8811,0.596991666
Uttar Pradesh,LALITPUR,1998,Kharif,Urad,43463,9084,0.209005361
Uttar Pradesh,LALITPUR,1998,Rabi,Barley,4171,7222,1.731479262
Uttar Pradesh,LALITPUR,1998,Rabi,Gram,58996,47584,0.806563157
Uttar Pradesh,LALITPUR,1998,Rabi,Linseed,2592,1376,0.530864198
Uttar Pradesh,LALITPUR,1998,Rabi,Masoor,25021,17465,0.698013669
Uttar Pradesh,LALITPUR,1998,Rabi,Peas & beans (Pulses),35488,27113,0.764004734
Uttar Pradesh,LALITPUR,1998,Rabi,Rapeseed &Mustard,1203,766,0.63674148
Uttar Pradesh,LALITPUR,1998,Rabi,Sunflower,105,129,1.228571429
Uttar Pradesh,LALITPUR,1998,Rabi,Wheat,95284,181784,1.907812434
Uttar Pradesh,LALITPUR,1998,Summer,Moong(Green Gram),640,277,0.4328125
Uttar Pradesh,LALITPUR,1998,Summer,Urad,6,3,0.5
Uttar Pradesh,LALITPUR,1998,Whole Year,Onion,82,996,12.14634146
Uttar Pradesh,LALITPUR,1998,Whole Year,Potato,406,9264,22.81773399
Uttar Pradesh,LALITPUR,1998,Whole Year,Sannhamp,31,11,0.35483871
Uttar Pradesh,LALITPUR,1998,Whole Year,Sugarcane,243,12866,52.94650206
Uttar Pradesh,LALITPUR,1999,Kharif,Arhar/Tur,98,130,1.326530612
Uttar Pradesh,LALITPUR,1999,Kharif,Bajra,15,18,1.2
Uttar Pradesh,LALITPUR,1999,Kharif,Groundnut,7393,4217,0.570404437
Uttar Pradesh,LALITPUR,1999,Kharif,Jowar,7515,3791,0.504457751
Uttar Pradesh,LALITPUR,1999,Kharif,Maize,23030,17411,0.756013895
Uttar Pradesh,LALITPUR,1999,Kharif,Moong(Green Gram),3335,747,0.223988006
Uttar Pradesh,LALITPUR,1999,Kharif,Rice,7330,6002,0.818826739
Uttar Pradesh,LALITPUR,1999,Kharif,Small millets,1640,1123,0.684756098
Uttar Pradesh,LALITPUR,1999,Kharif,Soyabean,9284,8495,0.91501508
Uttar Pradesh,LALITPUR,1999,Kharif,Sunflower,32,42,1.3125
Uttar Pradesh,LALITPUR,1999,Kharif,Urad,43786,16288,0.371991047
Uttar Pradesh,LALITPUR,1999,Rabi,Barley,4606,6498,1.410768563
Uttar Pradesh,LALITPUR,1999,Rabi,Gram,53603,50047,0.933660429
Uttar Pradesh,LALITPUR,1999,Rabi,Linseed,2105,1069,0.50783848
Uttar Pradesh,LALITPUR,1999,Rabi,Rapeseed &Mustard,849,681,0.802120141
Uttar Pradesh,LALITPUR,1999,Rabi,Wheat,107874,218595,2.026391902
Uttar Pradesh,LALITPUR,1999,Summer,Moong(Green Gram),563,415,0.737122558
Uttar Pradesh,LALITPUR,1999,Summer,Rice,1,1,1
Uttar Pradesh,LALITPUR,1999,Summer,Urad,14,7,0.5
Uttar Pradesh,LALITPUR,1999,Whole Year,Onion,94,1325,14.09574468
Uttar Pradesh,LALITPUR,1999,Whole Year,Peas & beans (Pulses),32971,34554,1.048011889
Uttar Pradesh,LALITPUR,1999,Whole Year,Potato,429,9668,22.53613054
Uttar Pradesh,LALITPUR,1999,Whole Year,Sugarcane,195,8374,42.94358974
Uttar Pradesh,LALITPUR,1999,Whole Year,Turmeric,13,20,1.538461538
Uttar Pradesh,LALITPUR,2000,Kharif,Arhar/Tur,92,104,1.130434783
Uttar Pradesh,LALITPUR,2000,Kharif,Groundnut,7713,6209,0.805004538
Uttar Pradesh,LALITPUR,2000,Kharif,Jowar,5914,3792,0.641190396
Uttar Pradesh,LALITPUR,2000,Kharif,Maize,26025,49395,1.897982709
Uttar Pradesh,LALITPUR,2000,Kharif,Moong(Green Gram),3611,1184,0.327887012
Uttar Pradesh,LALITPUR,2000,Kharif,Rice,7337,7183,0.979010495
Uttar Pradesh,LALITPUR,2000,Kharif,Sesamum,3935,828,0.210419314
Uttar Pradesh,LALITPUR,2000,Kharif,Small millets,1568,1151,0.734056122
Uttar Pradesh,LALITPUR,2000,Kharif,Soyabean,8187,5035,0.614999389
Uttar Pradesh,LALITPUR,2000,Kharif,Urad,52308,19772,0.377991894
Uttar Pradesh,LALITPUR,2000,Rabi,Barley,5545,6508,1.173669973
Uttar Pradesh,LALITPUR,2000,Rabi,Gram,47233,37622,0.796519383
Uttar Pradesh,LALITPUR,2000,Rabi,Linseed,1234,269,0.217990276
Uttar Pradesh,LALITPUR,2000,Rabi,Masoor,40215,21274,0.52900659
Uttar Pradesh,LALITPUR,2000,Rabi,Moong(Green Gram),267,153,0.573033708
Uttar Pradesh,LALITPUR,2000,Rabi,Peas & beans (Pulses),29299,26486,0.903989897
Uttar Pradesh,LALITPUR,2000,Rabi,Rapeseed &Mustard,478,252,0.527196653
Uttar Pradesh,LALITPUR,2000,Rabi,Urad,4,2,0.5
Uttar Pradesh,LALITPUR,2000,Rabi,Wheat,94797,152435,1.608015022
Uttar Pradesh,LALITPUR,2000,Whole Year,Potato,330,7033,21.31212121
Uttar Pradesh,LALITPUR,2000,Whole Year,Sugarcane,191,7968,41.71727749
Uttar Pradesh,LALITPUR,2001,Kharif,Arhar/Tur,38,26,0.684210526
Uttar Pradesh,LALITPUR,2001,Kharif,Bajra,168,148,0.880952381
Uttar Pradesh,LALITPUR,2001,Kharif,Groundnut,8164,5005,0.613057325
Uttar Pradesh,LALITPUR,2001,Kharif,Jowar,4955,4668,0.942078708
Uttar Pradesh,LALITPUR,2001,Kharif,Maize,26176,28401,1.085001528
Uttar Pradesh,LALITPUR,2001,Kharif,Moong(Green Gram),4364,1571,0.359990834
Uttar Pradesh,LALITPUR,2001,Kharif,Rice,7435,5239,0.704640215
Uttar Pradesh,LALITPUR,2001,Kharif,Sesamum,3492,455,0.130297824
Uttar Pradesh,LALITPUR,2001,Kharif,Small millets,1338,971,0.725710015
Uttar Pradesh,LALITPUR,2001,Kharif,Soyabean,7766,5708,0.734998712
Uttar Pradesh,LALITPUR,2001,Kharif,Sunflower,40,77,1.925
Uttar Pradesh,LALITPUR,2001,Kharif,Urad,55956,26355,0.470995068
Uttar Pradesh,LALITPUR,2001,Rabi,Barley,5791,9391,1.621654291
Uttar Pradesh,LALITPUR,2001,Rabi,Gram,49369,42699,0.864894975
Uttar Pradesh,LALITPUR,2001,Rabi,Linseed,601,274,0.455906822
Uttar Pradesh,LALITPUR,2001,Rabi,Maize,1,2,2
Uttar Pradesh,LALITPUR,2001,Rabi,Masoor,33202,23241,0.699987953
Uttar Pradesh,LALITPUR,2001,Rabi,Moong(Green Gram),377,190,0.50397878
Uttar Pradesh,LALITPUR,2001,Rabi,Peas & beans (Pulses),33387,28145,0.842992782
Uttar Pradesh,LALITPUR,2001,Rabi,Rapeseed &Mustard,427,356,0.833723653
Uttar Pradesh,LALITPUR,2001,Rabi,Urad,215,106,0.493023256
Uttar Pradesh,LALITPUR,2001,Rabi,Wheat,94847,172493,1.818644765
Uttar Pradesh,LALITPUR,2001,Whole Year,Potato,315,7769,24.66349206
Uttar Pradesh,LALITPUR,2001,Whole Year,Sugarcane,170,7925,46.61764706
Uttar Pradesh,LALITPUR,2001,Whole Year,Turmeric,1,2,2
Uttar Pradesh,LALITPUR,2002,Kharif,Bajra,1,1,1
Uttar Pradesh,LALITPUR,2002,Kharif,Groundnut,6230,1047,0.168057785
Uttar Pradesh,LALITPUR,2002,Kharif,Jowar,3827,2414,0.630781291
Uttar Pradesh,LALITPUR,2002,Kharif,Maize,23535,7837,0.332993414
Uttar Pradesh,LALITPUR,2002,Kharif,Moong(Green Gram),2501,198,0.079168333
Uttar Pradesh,LALITPUR,2002,Kharif,Rice,5529,612,0.110689094
Uttar Pradesh,LALITPUR,2002,Kharif,Sesamum,2591,109,0.042068699
Uttar Pradesh,LALITPUR,2002,Kharif,Small millets,924,411,0.444805195
Uttar Pradesh,LALITPUR,2002,Kharif,Soyabean,3799,615,0.161884707
Uttar Pradesh,LALITPUR,2002,Kharif,Sunflower,8,12,1.5
Uttar Pradesh,LALITPUR,2002,Kharif,Urad,77509,11626,0.149995484
Uttar Pradesh,LALITPUR,2002,Rabi,Barley,4546,6752,1.485261769
Uttar Pradesh,LALITPUR,2002,Rabi,Gram,48548,42081,0.866791629
Uttar Pradesh,LALITPUR,2002,Rabi,Linseed,122,71,0.581967213
Uttar Pradesh,LALITPUR,2002,Rabi,Masoor,22328,15741,0.704989251
Uttar Pradesh,LALITPUR,2002,Rabi,Onion,44,454,10.31818182
Uttar Pradesh,LALITPUR,2002,Rabi,Peas & beans (Pulses),35460,27730,0.782007896
Uttar Pradesh,LALITPUR,2002,Rabi,Rapeseed &Mustard,329,190,0.577507599
Uttar Pradesh,LALITPUR,2002,Rabi,Wheat,76896,126477,1.644779963
Uttar Pradesh,LALITPUR,2002,Summer,Moong(Green Gram),105,61,0.580952381
Uttar Pradesh,LALITPUR,2002,Summer,Onion,17,190,11.17647059
Uttar Pradesh,LALITPUR,2002,Summer,Urad,69,36,0.52173913
Uttar Pradesh,LALITPUR,2002,Whole Year,Potato,297,6890,23.1986532
Uttar Pradesh,LALITPUR,2002,Whole Year,Sugarcane,126,5689,45.15079365
Uttar Pradesh,LALITPUR,2002,Whole Year,Turmeric,1,2,2
Uttar Pradesh,LALITPUR,2003,Kharif,Arhar/Tur,27,31,1.148148148
Uttar Pradesh,LALITPUR,2003,Kharif,Bajra,1,0,0
Uttar Pradesh,LALITPUR,2003,Kharif,Groundnut,6702,6555,0.978066249
Uttar Pradesh,LALITPUR,2003,Kharif,Jowar,7541,9962,1.321044954
Uttar Pradesh,LALITPUR,2003,Kharif,Maize,28856,36791,1.274986138
Uttar Pradesh,LALITPUR,2003,Kharif,Moong(Green Gram),3841,1022,0.266076543
Uttar Pradesh,LALITPUR,2003,Kharif,Rice,6004,3870,0.644570286
Uttar Pradesh,LALITPUR,2003,Kharif,Sesamum,3869,642,0.16593435
Uttar Pradesh,LALITPUR,2003,Kharif,Soyabean,3514,3771,1.073136027
Uttar Pradesh,LALITPUR,2003,Kharif,Sunflower,9,15,1.666666667
Uttar Pradesh,LALITPUR,2003,Kharif,Urad,97702,14167,0.145002149
Uttar Pradesh,LALITPUR,2003,Rabi,Barley,5842,9393,1.607839781
Uttar Pradesh,LALITPUR,2003,Rabi,Gram,49561,51883,1.046851355
Uttar Pradesh,LALITPUR,2003,Rabi,Linseed,108,55,0.509259259
Uttar Pradesh,LALITPUR,2003,Rabi,Masoor,21916,25466,1.161982114
Uttar Pradesh,LALITPUR,2003,Rabi,Onion,81,1163,14.35802469
Uttar Pradesh,LALITPUR,2003,Rabi,Peas & beans (Pulses),45721,56374,1.233000153
Uttar Pradesh,LALITPUR,2003,Rabi,Rapeseed &Mustard,682,539,0.790322581
Uttar Pradesh,LALITPUR,2003,Rabi,Wheat,98336,198633,2.019941832
Uttar Pradesh,LALITPUR,2003,Summer,Moong(Green Gram),307,186,0.605863192
Uttar Pradesh,LALITPUR,2003,Summer,Onion,18,178,9.888888889
Uttar Pradesh,LALITPUR,2003,Summer,Urad,31,15,0.483870968
Uttar Pradesh,LALITPUR,2003,Whole Year,Potato,422,8826,20.91469194
Uttar Pradesh,LALITPUR,2003,Whole Year,Sannhamp,14,4,0.285714286
Uttar Pradesh,LALITPUR,2003,Whole Year,Sugarcane,93,4610,49.56989247
Uttar Pradesh,LALITPUR,2003,Whole Year,Turmeric,2,4,2
Uttar Pradesh,LALITPUR,2004,Kharif,Groundnut,6933,5117,0.73806433
Uttar Pradesh,LALITPUR,2004,Kharif,Jowar,5342,4737,0.886746537
Uttar Pradesh,LALITPUR,2004,Kharif,Maize,33374,30671,0.919008809
Uttar Pradesh,LALITPUR,2004,Kharif,Rice,5668,2203,0.388673253
Uttar Pradesh,LALITPUR,2004,Kharif,Sannhamp,30,8,0.266666667
Uttar Pradesh,LALITPUR,2004,Kharif,Sesamum,8130,1244,0.15301353
Uttar Pradesh,LALITPUR,2004,Kharif,Small millets,1356,554,0.408554572
Uttar Pradesh,LALITPUR,2004,Kharif,Soyabean,5968,2465,0.413036193
Uttar Pradesh,LALITPUR,2004,Kharif,Sugarcane,104,6270,60.28846154
Uttar Pradesh,LALITPUR,2004,Rabi,Barley,5257,6909,1.31424767
Uttar Pradesh,LALITPUR,2004,Rabi,Gram,41570,49095,1.181019966
Uttar Pradesh,LALITPUR,2004,Rabi,Linseed,232,119,0.512931034
Uttar Pradesh,LALITPUR,2004,Rabi,Potato,391,5587,14.28900256
Uttar Pradesh,LALITPUR,2004,Rabi,Rapeseed &Mustard,2948,2197,0.745251018
Uttar Pradesh,LALITPUR,2004,Rabi,Turmeric,6,10,1.666666667
Uttar Pradesh,LALITPUR,2004,Rabi,Wheat,95863,191074,1.993198627
Uttar Pradesh,LALITPUR,2004,Summer,Sunflower,6,12,2
Uttar Pradesh,LALITPUR,2004,Whole Year,Dry chillies,9,8,0.888888889
Uttar Pradesh,LALITPUR,2004,Whole Year,Onion,115,1196,10.4
Uttar Pradesh,LALITPUR,2004,Whole Year,Sweet potato,59,686,11.62711864
Uttar Pradesh,LALITPUR,2005,Kharif,Jowar,2383,1235,0.518254301
Uttar Pradesh,LALITPUR,2005,Kharif,Maize,29515,21457,0.726986278
Uttar Pradesh,LALITPUR,2005,Kharif,Rice,3484,2146,0.615958668
Uttar Pradesh,LALITPUR,2005,Kharif,Sannhamp,7,2,0.285714286
Uttar Pradesh,LALITPUR,2005,Kharif,Sesamum,5163,645,0.124927368
Uttar Pradesh,LALITPUR,2005,Kharif,Small millets,482,313,0.649377593
Uttar Pradesh,LALITPUR,2005,Kharif,Soyabean,2613,2046,0.783008037
Uttar Pradesh,LALITPUR,2005,Kharif,Sugarcane,95,2135,22.47368421
Uttar Pradesh,LALITPUR,2005,Rabi,Barley,6636,13361,2.013411694
Uttar Pradesh,LALITPUR,2005,Rabi,Gram,39321,43404,1.103837644
Uttar Pradesh,LALITPUR,2005,Rabi,Linseed,203,86,0.42364532
Uttar Pradesh,LALITPUR,2005,Rabi,Potato,332,7448,22.43373494
Uttar Pradesh,LALITPUR,2005,Rabi,Rapeseed &Mustard,860,533,0.619767442
Uttar Pradesh,LALITPUR,2005,Rabi,Wheat,93430,152102,1.627978165
Uttar Pradesh,LALITPUR,2005,Summer,Sunflower,3,4,1.333333333
Uttar Pradesh,LALITPUR,2005,Whole Year,Coriander,34,19,0.558823529
Uttar Pradesh,LALITPUR,2005,Whole Year,Dry chillies,11,10,0.909090909
Uttar Pradesh,LALITPUR,2005,Whole Year,Garlic,5,22,4.4
Uttar Pradesh,LALITPUR,2005,Whole Year,Onion,96,1225,12.76041667
Uttar Pradesh,LALITPUR,2005,Whole Year,Sweet potato,50,654,13.08
Uttar Pradesh,LALITPUR,2006,Kharif,Dry ginger,539,1657,3.074211503
Uttar Pradesh,LALITPUR,2006,Kharif,Groundnut,7350,5277,0.717959184
Uttar Pradesh,LALITPUR,2006,Kharif,Jowar,4176,6552,1.568965517
Uttar Pradesh,LALITPUR,2006,Kharif,Maize,39225,36950,0.942001275
Uttar Pradesh,LALITPUR,2006,Kharif,Other Kharif pulses,94139,75110,0.797862735
Uttar Pradesh,LALITPUR,2006,Kharif,Rice,4996,3612,0.722978383
Uttar Pradesh,LALITPUR,2006,Kharif,Sannhamp,10,3,0.3
Uttar Pradesh,LALITPUR,2006,Kharif,Sesamum,13212,2140,0.161973963
Uttar Pradesh,LALITPUR,2006,Kharif,Small millets,1750,1115,0.637142857
Uttar Pradesh,LALITPUR,2006,Kharif,Soyabean,5297,5170,0.976024165
Uttar Pradesh,LALITPUR,2006,Kharif,Sugarcane,398,15334,38.52763819
Uttar Pradesh,LALITPUR,2006,Kharif,Sweet potato,51,696,13.64705882
Uttar Pradesh,LALITPUR,2006,Rabi,Barley,5625,10812,1.922133333
Uttar Pradesh,LALITPUR,2006,Rabi,Gram,43508,43726,1.005010573
Uttar Pradesh,LALITPUR,2006,Rabi,Linseed,232,79,0.340517241
Uttar Pradesh,LALITPUR,2006,Rabi,Masoor,33067,29562,0.894003085
Uttar Pradesh,LALITPUR,2006,Rabi,Onion,105,2014,19.18095238
Uttar Pradesh,LALITPUR,2006,Rabi,Other  Rabi pulses,58071,64285,1.10700694
Uttar Pradesh,LALITPUR,2006,Rabi,Potato,598,13059,21.83779264
Uttar Pradesh,LALITPUR,2006,Rabi,Rapeseed &Mustard,2901,1596,0.550155119
Uttar Pradesh,LALITPUR,2006,Rabi,Turmeric,6,20,3.333333333
Uttar Pradesh,LALITPUR,2006,Rabi,Wheat,96659,180269,1.864999638
Uttar Pradesh,LALITPUR,2006,Summer,Onion,17,198,11.64705882
Uttar Pradesh,LALITPUR,2006,Whole Year,Dry chillies,7,7,1
Uttar Pradesh,LALITPUR,2007,Kharif,Dry ginger,560,1268,2.264285714
Uttar Pradesh,LALITPUR,2007,Kharif,Groundnut,7644,4250,0.555991627
Uttar Pradesh,LALITPUR,2007,Kharif,Jowar,1090,514,0.471559633
Uttar Pradesh,LALITPUR,2007,Kharif,Maize,32753,24696,0.754007267
Uttar Pradesh,LALITPUR,2007,Kharif,Moong(Green Gram),2538,1312,0.516942474
Uttar Pradesh,LALITPUR,2007,Kharif,Rice,3485,1049,0.301004304
Uttar Pradesh,LALITPUR,2007,Kharif,Sannhamp,11,2,0.181818182
Uttar Pradesh,LALITPUR,2007,Kharif,Sesamum,5973,914,0.153021932
Uttar Pradesh,LALITPUR,2007,Kharif,Small millets,469,281,0.599147122
Uttar Pradesh,LALITPUR,2007,Kharif,Soyabean,2174,1457,0.670193192
Uttar Pradesh,LALITPUR,2007,Kharif,Sugarcane,148,2953,19.9527027
Uttar Pradesh,LALITPUR,2007,Kharif,Sweet potato,37,498,13.45945946
Uttar Pradesh,LALITPUR,2007,Kharif,Urad,42732,22904,0.535991763
Uttar Pradesh,LALITPUR,2007,Rabi,Barley,4530,6552,1.446357616
Uttar Pradesh,LALITPUR,2007,Rabi,Coriander,27,16,0.592592593
Uttar Pradesh,LALITPUR,2007,Rabi,Gram,23608,20728,0.878007455
Uttar Pradesh,LALITPUR,2007,Rabi,Linseed,181,51,0.281767956
Uttar Pradesh,LALITPUR,2007,Rabi,Masoor,26313,21761,0.827005663
Uttar Pradesh,LALITPUR,2007,Rabi,Onion,75,1048,13.97333333
Uttar Pradesh,LALITPUR,2007,Rabi,Other  Rabi pulses,49298,49890,1.012008601
Uttar Pradesh,LALITPUR,2007,Rabi,Potato,510,11208,21.97647059
Uttar Pradesh,LALITPUR,2007,Rabi,Rapeseed &Mustard,750,314,0.418666667
Uttar Pradesh,LALITPUR,2007,Rabi,Turmeric,1,3,3
Uttar Pradesh,LALITPUR,2007,Rabi,Wheat,62313,98392,1.578996357
Uttar Pradesh,LALITPUR,2007,Summer,Moong(Green Gram),56,30,0.535714286
Uttar Pradesh,LALITPUR,2007,Summer,Urad,63,35,0.555555556
Uttar Pradesh,LALITPUR,2008,Kharif,Arhar/Tur,45,53,1.177777778
Uttar Pradesh,LALITPUR,2008,Kharif,Dry chillies,6,6,1
Uttar Pradesh,LALITPUR,2008,Kharif,Groundnut,26,33,1.269230769
Uttar Pradesh,LALITPUR,2008,Kharif,Jowar,4897,5694,1.162752706
Uttar Pradesh,LALITPUR,2008,Kharif,Maize,39130,40460,1.033989267
Uttar Pradesh,LALITPUR,2008,Kharif,Moong(Green Gram),4002,2321,0.57996002
Uttar Pradesh,LALITPUR,2008,Kharif,Rice,3207,2402,0.748986592
Uttar Pradesh,LALITPUR,2008,Kharif,Sesamum,9059,1531,0.169003201
Uttar Pradesh,LALITPUR,2008,Kharif,Small millets,406,246,0.60591133
Uttar Pradesh,LALITPUR,2008,Kharif,Soyabean,9645,8285,0.858994298
Uttar Pradesh,LALITPUR,2008,Kharif,Sugarcane,73,1684,23.06849315
Uttar Pradesh,LALITPUR,2008,Kharif,Sweet potato,47,578,12.29787234
Uttar Pradesh,LALITPUR,2008,Kharif,Urad,92272,59608,0.646003121
Uttar Pradesh,LALITPUR,2008,Rabi,Barley,8091,17187,2.124212088
Uttar Pradesh,LALITPUR,2008,Rabi,Coriander,33,20,0.606060606
Uttar Pradesh,LALITPUR,2008,Rabi,Garlic,1,6,6
Uttar Pradesh,LALITPUR,2008,Rabi,Gram,28772,27790,0.965869595
Uttar Pradesh,LALITPUR,2008,Rabi,Linseed,28,16,0.571428571
Uttar Pradesh,LALITPUR,2008,Rabi,Masoor,28596,24564,0.859001259
Uttar Pradesh,LALITPUR,2008,Rabi,Onion,168,1969,11.7202381
Uttar Pradesh,LALITPUR,2008,Rabi,Peas & beans (Pulses),70733,75260,1.064001244
Uttar Pradesh,LALITPUR,2008,Rabi,Potato,435,8917,20.49885057
Uttar Pradesh,LALITPUR,2008,Rabi,Rapeseed &Mustard,4255,3716,0.873325499
Uttar Pradesh,LALITPUR,2008,Rabi,Wheat,110610,231297,2.091103878
Uttar Pradesh,LALITPUR,2008,Summer,Moong(Green Gram),7,5,0.714285714
Uttar Pradesh,LALITPUR,2008,Summer,Urad,20,13,0.65
Uttar Pradesh,LALITPUR,2009,Kharif,Arhar/Tur,93,56,0.602150538
Uttar Pradesh,LALITPUR,2009,Kharif,Dry chillies,3,2,0.666666667
Uttar Pradesh,LALITPUR,2009,Kharif,Dry ginger,593,1781,3.003372681
Uttar Pradesh,LALITPUR,2009,Kharif,Groundnut,9034,7607,0.842041178
Uttar Pradesh,LALITPUR,2009,Kharif,Jowar,2543,3670,1.44317735
Uttar Pradesh,LALITPUR,2009,Kharif,Maize,43221,75032,1.736007959
Uttar Pradesh,LALITPUR,2009,Kharif,Moong(Green Gram),3910,1826,0.467007673
Uttar Pradesh,LALITPUR,2009,Kharif,Rice,3434,2136,0.622015143
Uttar Pradesh,LALITPUR,2009,Kharif,Sesamum,11526,3481,0.302012841
Uttar Pradesh,LALITPUR,2009,Kharif,Small millets,307,157,0.511400651
Uttar Pradesh,LALITPUR,2009,Kharif,Soyabean,6346,6695,1.054995273
Uttar Pradesh,LALITPUR,2009,Kharif,Sugarcane,129,4135,32.05426357
Uttar Pradesh,LALITPUR,2009,Kharif,Sweet potato,49,667,13.6122449
Uttar Pradesh,LALITPUR,2009,Kharif,Urad,138562,53901,0.389002757
Uttar Pradesh,LALITPUR,2009,Rabi,Barley,9695,19724,2.034450748
Uttar Pradesh,LALITPUR,2009,Rabi,Coriander,30,17,0.566666667
Uttar Pradesh,LALITPUR,2009,Rabi,Garlic,3,16,5.333333333
Uttar Pradesh,LALITPUR,2009,Rabi,Gram,28390,33898,1.194011976
Uttar Pradesh,LALITPUR,2009,Rabi,Linseed,26,14,0.538461538
Uttar Pradesh,LALITPUR,2009,Rabi,Masoor,28519,29973,1.050983555
Uttar Pradesh,LALITPUR,2009,Rabi,Onion,86,1477,17.1744186
Uttar Pradesh,LALITPUR,2009,Rabi,Peas & beans (Pulses),65849,92254,1.400993181
Uttar Pradesh,LALITPUR,2009,Rabi,Potato,434,10792,24.86635945
Uttar Pradesh,LALITPUR,2009,Rabi,Rapeseed &Mustard,6963,4554,0.654028436
Uttar Pradesh,LALITPUR,2009,Rabi,Turmeric,10,33,3.3
Uttar Pradesh,LALITPUR,2009,Rabi,Wheat,116621,279191,2.394002795
Uttar Pradesh,LALITPUR,2009,Summer,Moong(Green Gram),300,216,0.72
Uttar Pradesh,LALITPUR,2009,Summer,Onion,17,236,13.88235294
Uttar Pradesh,LALITPUR,2009,Summer,Urad,116,72,0.620689655
Uttar Pradesh,LALITPUR,2010,Kharif,Arhar/Tur,220,147,0.668181818
Uttar Pradesh,LALITPUR,2010,Kharif,Dry chillies,10,9,0.9
Uttar Pradesh,LALITPUR,2010,Kharif,Dry ginger,729,2073,2.843621399
Uttar Pradesh,LALITPUR,2010,Kharif,Groundnut,11372,11508,1.011959198
Uttar Pradesh,LALITPUR,2010,Kharif,Jowar,931,1148,1.233082707
Uttar Pradesh,LALITPUR,2010,Kharif,Maize,38266,61493,1.606987927
Uttar Pradesh,LALITPUR,2010,Kharif,Moong(Green Gram),5820,4062,0.697938144
Uttar Pradesh,LALITPUR,2010,Kharif,Rice,2833,1856,0.655135898
Uttar Pradesh,LALITPUR,2010,Kharif,Sannhamp,15,5,0.333333333
Uttar Pradesh,LALITPUR,2010,Kharif,Sesamum,14489,3898,0.269031679
Uttar Pradesh,LALITPUR,2010,Kharif,Small millets,91,73,0.802197802
Uttar Pradesh,LALITPUR,2010,Kharif,Soyabean,9972,12286,1.232049739
Uttar Pradesh,LALITPUR,2010,Kharif,Sugarcane,284,10702,37.68309859
Uttar Pradesh,LALITPUR,2010,Kharif,Sweet potato,47,579,12.31914894
Uttar Pradesh,LALITPUR,2010,Kharif,Urad,157281,138722,0.882001005
Uttar Pradesh,LALITPUR,2010,Rabi,Barley,8469,19818,2.340063762
Uttar Pradesh,LALITPUR,2010,Rabi,Gram,19642,21119,1.075196009
Uttar Pradesh,LALITPUR,2010,Rabi,Linseed,18,10,0.555555556
Uttar Pradesh,LALITPUR,2010,Rabi,Masoor,25441,20200,0.793993947
Uttar Pradesh,LALITPUR,2010,Rabi,Onion,162,2982,18.40740741
Uttar Pradesh,LALITPUR,2010,Rabi,Peas & beans (Pulses),60377,72151,1.195008033
Uttar Pradesh,LALITPUR,2010,Rabi,Potato,471,11490,24.39490446
Uttar Pradesh,LALITPUR,2010,Rabi,Rapeseed &Mustard,8609,5062,0.587989314
Uttar Pradesh,LALITPUR,2010,Rabi,Turmeric,1,3,3
Uttar Pradesh,LALITPUR,2010,Rabi,Wheat,125595,295996,2.356749871
Uttar Pradesh,LALITPUR,2010,Summer,Moong(Green Gram),275,246,0.894545455
Uttar Pradesh,LALITPUR,2010,Summer,Urad,67,42,0.626865672
Uttar Pradesh,LALITPUR,2011,Kharif,Arhar/Tur,15,10,0.666666667
Uttar Pradesh,LALITPUR,2011,Kharif,Dry chillies,9,7,0.777777778
Uttar Pradesh,LALITPUR,2011,Kharif,Dry ginger,688,1952,2.837209302
Uttar Pradesh,LALITPUR,2011,Kharif,Groundnut,12146,11271,0.927959822
Uttar Pradesh,LALITPUR,2011,Kharif,Jowar,566,591,1.044169611
Uttar Pradesh,LALITPUR,2011,Kharif,Maize,32922,38288,1.162991313
Uttar Pradesh,LALITPUR,2011,Kharif,Moong(Green Gram),4421,2741,0.619995476
Uttar Pradesh,LALITPUR,2011,Kharif,Rice,1631,1132,0.694052728
Uttar Pradesh,LALITPUR,2011,Kharif,Sesamum,15468,3326,0.215024567
Uttar Pradesh,LALITPUR,2011,Kharif,Small millets,16,15,0.9375
Uttar Pradesh,LALITPUR,2011,Kharif,Soyabean,14406,18036,1.251978342
Uttar Pradesh,LALITPUR,2011,Kharif,Sugarcane,199,8075,40.57788945
Uttar Pradesh,LALITPUR,2011,Kharif,Sweet potato,35,455,13
Uttar Pradesh,LALITPUR,2011,Kharif,Urad,156051,124529,0.798001935
Uttar Pradesh,LALITPUR,2011,Rabi,Barley,8724,20405,2.338950023
Uttar Pradesh,LALITPUR,2011,Rabi,Coriander,36,20,0.555555556
Uttar Pradesh,LALITPUR,2011,Rabi,Garlic,3,16,5.333333333
Uttar Pradesh,LALITPUR,2011,Rabi,Gram,21247,25900,1.218995623
Uttar Pradesh,LALITPUR,2011,Rabi,Linseed,11,5,0.454545455
Uttar Pradesh,LALITPUR,2011,Rabi,Masoor,28776,29438,1.023005282
Uttar Pradesh,LALITPUR,2011,Rabi,Onion,140,3203,22.87857143
Uttar Pradesh,LALITPUR,2011,Rabi,Peas & beans (Pulses),64074,86372,1.348003871
Uttar Pradesh,LALITPUR,2011,Rabi,Potato,517,11416,22.08123791
Uttar Pradesh,LALITPUR,2011,Rabi,Rapeseed &Mustard,7211,4500,0.624046595
Uttar Pradesh,LALITPUR,2011,Rabi,Turmeric,8,22,2.75
Uttar Pradesh,LALITPUR,2011,Rabi,Wheat,162594,423557,2.604997724
Uttar Pradesh,LALITPUR,2011,Summer,Moong(Green Gram),95,80,0.842105263
Uttar Pradesh,LALITPUR,2011,Summer,Onion,11,119,10.81818182
Uttar Pradesh,LALITPUR,2011,Summer,Urad,66,44,0.666666667
Uttar Pradesh,LALITPUR,2012,Kharif,Arhar/Tur,53,34,0.641509434
Uttar Pradesh,LALITPUR,2012,Kharif,Dry chillies,9,7,0.777777778
Uttar Pradesh,LALITPUR,2012,Kharif,Dry ginger,642,3142,4.894080997
Uttar Pradesh,LALITPUR,2012,Kharif,Groundnut,6675,7950,1.191011236
Uttar Pradesh,LALITPUR,2012,Kharif,Jowar,75,83,1.106666667
Uttar Pradesh,LALITPUR,2012,Kharif,Maize,25280,33092,1.309018987
Uttar Pradesh,LALITPUR,2012,Kharif,Moong(Green Gram),5556,3550,0.638948884
Uttar Pradesh,LALITPUR,2012,Kharif,Rice,1315,1427,1.085171103
Uttar Pradesh,LALITPUR,2012,Kharif,Sesamum,12211,2247,0.184014413
Uttar Pradesh,LALITPUR,2012,Kharif,Small millets,38,37,0.973684211
Uttar Pradesh,LALITPUR,2012,Kharif,Soyabean,10911,15428,1.413985886
Uttar Pradesh,LALITPUR,2012,Kharif,Sugarcane,37,1375,37.16216216
Uttar Pradesh,LALITPUR,2012,Kharif,Sweet potato,43,556,12.93023256
Uttar Pradesh,LALITPUR,2012,Kharif,Urad,158317,122221,0.772001743
Uttar Pradesh,LALITPUR,2012,Rabi,Barley,8725,19675,2.255014327
Uttar Pradesh,LALITPUR,2012,Rabi,Coriander,31,17,0.548387097
Uttar Pradesh,LALITPUR,2012,Rabi,Garlic,6,31,5.166666667
Uttar Pradesh,LALITPUR,2012,Rabi,Gram,22327,32819,1.469924307
Uttar Pradesh,LALITPUR,2012,Rabi,Masoor,19330,24124,1.248008277
Uttar Pradesh,LALITPUR,2012,Rabi,Onion,118,2715,23.00847458
Uttar Pradesh,LALITPUR,2012,Rabi,Peas & beans (Pulses),54718,94662,1.729997441
Uttar Pradesh,LALITPUR,2012,Rabi,Potato,435,10593,24.35172414
Uttar Pradesh,LALITPUR,2012,Rabi,Rapeseed &Mustard,5898,4347,0.737029502
Uttar Pradesh,LALITPUR,2012,Rabi,Turmeric,3,8,2.666666667
Uttar Pradesh,LALITPUR,2012,Rabi,Wheat,163229,437611,2.680963554
Uttar Pradesh,LALITPUR,2012,Summer,Moong(Green Gram),101,82,0.811881188
Uttar Pradesh,LALITPUR,2012,Summer,Onion,10,109,10.9
Uttar Pradesh,LALITPUR,2012,Summer,Urad,67,46,0.686567164
Uttar Pradesh,LALITPUR,2013,Kharif,Arhar/Tur,8,7,0.875
Uttar Pradesh,LALITPUR,2013,Kharif,Dry chillies,30,24,0.8
Uttar Pradesh,LALITPUR,2013,Kharif,Dry ginger,663,3399,5.126696833
Uttar Pradesh,LALITPUR,2013,Kharif,Groundnut,12214,7487,0.612985099
Uttar Pradesh,LALITPUR,2013,Kharif,Jowar,86,111,1.290697674
Uttar Pradesh,LALITPUR,2013,Kharif,Maize,26120,14679,0.561983155
Uttar Pradesh,LALITPUR,2013,Kharif,Moong(Green Gram),4861,904,0.185969965
Uttar Pradesh,LALITPUR,2013,Kharif,Rice,1355,963,0.710701107
Uttar Pradesh,LALITPUR,2013,Kharif,Sannhamp,14,4,0.285714286
Uttar Pradesh,LALITPUR,2013,Kharif,Sesamum,7316,593,0.081055221
Uttar Pradesh,LALITPUR,2013,Kharif,Small millets,23,19,0.826086957
Uttar Pradesh,LALITPUR,2013,Kharif,Soyabean,19166,11040,0.576020035
Uttar Pradesh,LALITPUR,2013,Kharif,Sugarcane,56,2249,40.16071429
Uttar Pradesh,LALITPUR,2013,Kharif,Sweet potato,10,132,13.2
Uttar Pradesh,LALITPUR,2013,Kharif,Urad,118208,30025,0.254001421
Uttar Pradesh,LALITPUR,2013,Rabi,Barley,7914,19943,2.51996462
Uttar Pradesh,LALITPUR,2013,Rabi,Coriander,52,28,0.538461538
Uttar Pradesh,LALITPUR,2013,Rabi,Gram,19101,8729,0.456991781
Uttar Pradesh,LALITPUR,2013,Rabi,Linseed,120,87,0.725
Uttar Pradesh,LALITPUR,2013,Rabi,Masoor,16146,8993,0.556980057
Uttar Pradesh,LALITPUR,2013,Rabi,Onion,258,5247,20.3372093
Uttar Pradesh,LALITPUR,2013,Rabi,Peas & beans (Pulses),63268,61750,0.976006828
Uttar Pradesh,LALITPUR,2013,Rabi,Potato,340,7196,21.16470588
Uttar Pradesh,LALITPUR,2013,Rabi,Rapeseed &Mustard,5586,2307,0.412996778
Uttar Pradesh,LALITPUR,2013,Rabi,Turmeric,12,35,2.916666667
Uttar Pradesh,LALITPUR,2013,Rabi,Wheat,178578,372871,2.088000762
Uttar Pradesh,LALITPUR,2013,Summer,Moong(Green Gram),127,85,0.669291339
Uttar Pradesh,LALITPUR,2013,Summer,Onion,12,162,13.5
Uttar Pradesh,LALITPUR,2013,Summer,Sunflower,161,258,1.602484472
Uttar Pradesh,LALITPUR,2013,Summer,Urad,59,34,0.576271186
Uttar Pradesh,LALITPUR,2014,Kharif,Arhar/Tur,10,3,0.3
Uttar Pradesh,LALITPUR,2014,Kharif,Dry chillies,16,13,0.8125
Uttar Pradesh,LALITPUR,2014,Kharif,Dry ginger,826,3810,4.612590799
Uttar Pradesh,LALITPUR,2014,Kharif,Ginger,826,3810,4.612590799
Uttar Pradesh,LALITPUR,2014,Kharif,Groundnut,10706,7815,0.729964506
Uttar Pradesh,LALITPUR,2014,Kharif,Jowar,14,12,0.857142857
Uttar Pradesh,LALITPUR,2014,Kharif,Maize,20987,20903,0.995997522
Uttar Pradesh,LALITPUR,2014,Kharif,Moong(Green Gram),5023,2873,0.571968943
Uttar Pradesh,LALITPUR,2014,Kharif,Rice,962,750,0.77962578
Uttar Pradesh,LALITPUR,2014,Kharif,Sesamum,6594,1147,0.173946012
Uttar Pradesh,LALITPUR,2014,Kharif,Small millets,16,12,0.75
Uttar Pradesh,LALITPUR,2014,Kharif,Soyabean,50181,35980,0.717004444
Uttar Pradesh,LALITPUR,2014,Kharif,Sugarcane,52,2102,40.42307692
Uttar Pradesh,LALITPUR,2014,Kharif,Sweet potato,37,458,12.37837838
Uttar Pradesh,LALITPUR,2014,Kharif,Urad,142838,104272,0.73000182
Uttar Pradesh,LALITPUR,2014,Rabi,Barley,9401,15079,1.6039783
Uttar Pradesh,LALITPUR,2014,Rabi,Coriander,37,18,0.486486486
Uttar Pradesh,LALITPUR,2014,Rabi,Garlic,3,17,5.666666667
Uttar Pradesh,LALITPUR,2014,Rabi,Gram,13216,9740,0.736985472
Uttar Pradesh,LALITPUR,2014,Rabi,Maize,1,2,2
Uttar Pradesh,LALITPUR,2014,Rabi,Masoor,13035,9190,0.705024933
Uttar Pradesh,LALITPUR,2014,Rabi,Onion,170,2601,15.3
Uttar Pradesh,LALITPUR,2014,Rabi,Peas & beans (Pulses),68573,57190,0.834001721
Uttar Pradesh,LALITPUR,2014,Rabi,Potato,331,7467,22.55891239
Uttar Pradesh,LALITPUR,2014,Rabi,Rapeseed &Mustard,4598,1830,0.39799913
Uttar Pradesh,LALITPUR,2014,Rabi,Turmeric,12,34,2.833333333
Uttar Pradesh,LALITPUR,2014,Rabi,Wheat,173401,367957,2.12200045
Uttar Pradesh,LALITPUR,2014,Summer,Moong(Green Gram),91,61,0.67032967
Uttar Pradesh,LALITPUR,2014,Summer,Onion,11,167,15.18181818
Uttar Pradesh,LALITPUR,2014,Summer,Sunflower,5,9,1.8
Uttar Pradesh,LALITPUR,2014,Summer,Urad,148,80,0.540540541
Uttar Pradesh,LUCKNOW,1997,Kharif,Arhar/Tur,4268,1501,0.351686973
Uttar Pradesh,LUCKNOW,1997,Kharif,Bajra,2131,2349,1.10229939
Uttar Pradesh,LUCKNOW,1997,Kharif,Groundnut,371,585,1.576819407
Uttar Pradesh,LUCKNOW,1997,Kharif,Jowar,6566,7317,1.114377094
Uttar Pradesh,LUCKNOW,1997,Kharif,Maize,4269,4006,0.938393066
Uttar Pradesh,LUCKNOW,1997,Kharif,Moong(Green Gram),95,31,0.326315789
Uttar Pradesh,LUCKNOW,1997,Kharif,Moth,10,5,0.5
Uttar Pradesh,LUCKNOW,1997,Kharif,Oilseeds total,4719,2290,0.485272303
Uttar Pradesh,LUCKNOW,1997,Kharif,Onion,232,2388,10.29310345
Uttar Pradesh,LUCKNOW,1997,Kharif,Rice,53897,91903,1.705159842
Uttar Pradesh,LUCKNOW,1997,Kharif,Sesamum,933,140,0.150053591
Uttar Pradesh,LUCKNOW,1997,Kharif,Small millets,145,124,0.855172414
Uttar Pradesh,LUCKNOW,1997,Kharif,Soyabean,3,3,1
Uttar Pradesh,LUCKNOW,1997,Kharif,Total foodgrain,170845,299311,1.751944745
Uttar Pradesh,LUCKNOW,1997,Kharif,Urad,5639,1399,0.248093634
Uttar Pradesh,LUCKNOW,1997,Rabi,Barley,1459,2282,1.56408499
Uttar Pradesh,LUCKNOW,1997,Rabi,Gram,4026,3269,0.811972181
Uttar Pradesh,LUCKNOW,1997,Rabi,Linseed,74,32,0.432432432
Uttar Pradesh,LUCKNOW,1997,Rabi,Masoor,760,653,0.859210526
Uttar Pradesh,LUCKNOW,1997,Rabi,Peas & beans (Pulses),2592,2890,1.114969136
Uttar Pradesh,LUCKNOW,1997,Rabi,Rapeseed &Mustard,3296,1466,0.444781553
Uttar Pradesh,LUCKNOW,1997,Rabi,Sunflower,42,64,1.523809524
Uttar Pradesh,LUCKNOW,1997,Rabi,Wheat,81707,180057,2.203691238
Uttar Pradesh,LUCKNOW,1997,Summer,Maize,118,186,1.576271186
Uttar Pradesh,LUCKNOW,1997,Summer,Rice,3,5,1.666666667
Uttar Pradesh,LUCKNOW,1997,Summer,Urad,3153,1327,0.420869014
Uttar Pradesh,LUCKNOW,1997,Whole Year,Potato,6081,49273,8.102779148
Uttar Pradesh,LUCKNOW,1997,Whole Year,Sugarcane,518,26642,51.43243243
Uttar Pradesh,LUCKNOW,1998,Kharif,Arhar/Tur,3894,2455,0.630457114
Uttar Pradesh,LUCKNOW,1998,Kharif,Bajra,1827,919,0.5030104
Uttar Pradesh,LUCKNOW,1998,Kharif,Groundnut,327,168,0.513761468
Uttar Pradesh,LUCKNOW,1998,Kharif,Jowar,5935,2953,0.497556866
Uttar Pradesh,LUCKNOW,1998,Kharif,Maize,3652,1097,0.300383352
Uttar Pradesh,LUCKNOW,1998,Kharif,Moong(Green Gram),105,28,0.266666667
Uttar Pradesh,LUCKNOW,1998,Kharif,Ragi,17,22,1.294117647
Uttar Pradesh,LUCKNOW,1998,Kharif,Rice,55254,91055,1.647934991
Uttar Pradesh,LUCKNOW,1998,Kharif,Sesamum,844,167,0.197867299
Uttar Pradesh,LUCKNOW,1998,Kharif,Small millets,180,91,0.505555556
Uttar Pradesh,LUCKNOW,1998,Kharif,Soyabean,3,1,0.333333333
Uttar Pradesh,LUCKNOW,1998,Kharif,Urad,4984,434,0.087078652
Uttar Pradesh,LUCKNOW,1998,Rabi,Barley,1320,2218,1.68030303
Uttar Pradesh,LUCKNOW,1998,Rabi,Gram,3488,2616,0.75
Uttar Pradesh,LUCKNOW,1998,Rabi,Linseed,73,28,0.383561644
Uttar Pradesh,LUCKNOW,1998,Rabi,Masoor,842,695,0.825415677
Uttar Pradesh,LUCKNOW,1998,Rabi,Peas & beans (Pulses),2885,3047,1.056152513
Uttar Pradesh,LUCKNOW,1998,Rabi,Rapeseed &Mustard,3416,1223,0.358021077
Uttar Pradesh,LUCKNOW,1998,Rabi,Sunflower,26,32,1.230769231
Uttar Pradesh,LUCKNOW,1998,Rabi,Wheat,81146,159930,1.970891972
Uttar Pradesh,LUCKNOW,1998,Summer,Maize,105,106,1.00952381
Uttar Pradesh,LUCKNOW,1998,Summer,Moong(Green Gram),102,44,0.431372549
Uttar Pradesh,LUCKNOW,1998,Summer,Rice,6,10,1.666666667
Uttar Pradesh,LUCKNOW,1998,Summer,Urad,2830,844,0.298233216
Uttar Pradesh,LUCKNOW,1998,Whole Year,Onion,214,2584,12.07476636
Uttar Pradesh,LUCKNOW,1998,Whole Year,Potato,6038,147309,24.39698576
Uttar Pradesh,LUCKNOW,1998,Whole Year,Sannhamp,5,2,0.4
Uttar Pradesh,LUCKNOW,1998,Whole Year,Sugarcane,516,25336,49.10077519
Uttar Pradesh,LUCKNOW,1998,Whole Year,Tobacco,1,7,7
Uttar Pradesh,LUCKNOW,1999,Kharif,Arhar/Tur,3924,3841,0.978848114
Uttar Pradesh,LUCKNOW,1999,Kharif,Bajra,1866,2030,1.087888532
Uttar Pradesh,LUCKNOW,1999,Kharif,Groundnut,297,358,1.205387205
Uttar Pradesh,LUCKNOW,1999,Kharif,Jowar,6026,3749,0.622137405
Uttar Pradesh,LUCKNOW,1999,Kharif,Maize,3612,3475,0.962070875
Uttar Pradesh,LUCKNOW,1999,Kharif,Moong(Green Gram),117,40,0.341880342
Uttar Pradesh,LUCKNOW,1999,Kharif,Rice,55483,94571,1.704504082
Uttar Pradesh,LUCKNOW,1999,Kharif,Small millets,150,97,0.646666667
Uttar Pradesh,LUCKNOW,1999,Kharif,Soyabean,3,2,0.666666667
Uttar Pradesh,LUCKNOW,1999,Kharif,Sunflower,21,30,1.428571429
Uttar Pradesh,LUCKNOW,1999,Kharif,Urad,5154,2010,0.389988359
Uttar Pradesh,LUCKNOW,1999,Rabi,Barley,1157,1873,1.618841832
Uttar Pradesh,LUCKNOW,1999,Rabi,Gram,3048,2772,0.909448819
Uttar Pradesh,LUCKNOW,1999,Rabi,Linseed,46,20,0.434782609
Uttar Pradesh,LUCKNOW,1999,Rabi,Maize,121,175,1.446280992
Uttar Pradesh,LUCKNOW,1999,Rabi,Ragi,2,3,1.5
Uttar Pradesh,LUCKNOW,1999,Rabi,Rapeseed &Mustard,3768,1735,0.460456476
Uttar Pradesh,LUCKNOW,1999,Rabi,Wheat,80848,204973,2.535288443
Uttar Pradesh,LUCKNOW,1999,Summer,Moong(Green Gram),122,90,0.737704918
Uttar Pradesh,LUCKNOW,1999,Summer,Rice,7,12,1.714285714
Uttar Pradesh,LUCKNOW,1999,Summer,Urad,2799,912,0.325830654
Uttar Pradesh,LUCKNOW,1999,Whole Year,Onion,259,3713,14.33590734
Uttar Pradesh,LUCKNOW,1999,Whole Year,Peas & beans (Pulses),2986,3703,1.240120563
Uttar Pradesh,LUCKNOW,1999,Whole Year,Potato,5638,104590,18.55090458
Uttar Pradesh,LUCKNOW,1999,Whole Year,Sugarcane,391,19957,51.04092072
Uttar Pradesh,LUCKNOW,1999,Whole Year,Tobacco,1,8,8
Uttar Pradesh,LUCKNOW,1999,Whole Year,Turmeric,2,3,1.5
Uttar Pradesh,LUCKNOW,2000,Kharif,Arhar/Tur,3638,3158,0.868059373
Uttar Pradesh,LUCKNOW,2000,Kharif,Bajra,1572,1232,0.783715013
Uttar Pradesh,LUCKNOW,2000,Kharif,Groundnut,296,194,0.655405405
Uttar Pradesh,LUCKNOW,2000,Kharif,Jowar,5557,3271,0.588626957
Uttar Pradesh,LUCKNOW,2000,Kharif,Maize,2974,2405,0.808675185
Uttar Pradesh,LUCKNOW,2000,Kharif,Moong(Green Gram),128,23,0.1796875
Uttar Pradesh,LUCKNOW,2000,Kharif,Rice,51533,65339,1.267906002
Uttar Pradesh,LUCKNOW,2000,Kharif,Sesamum,944,123,0.13029661
Uttar Pradesh,LUCKNOW,2000,Kharif,Small millets,98,67,0.683673469
Uttar Pradesh,LUCKNOW,2000,Kharif,Urad,5275,1023,0.193933649
Uttar Pradesh,LUCKNOW,2000,Rabi,Barley,1072,1822,1.699626866
Uttar Pradesh,LUCKNOW,2000,Rabi,Gram,2739,2596,0.947791165
Uttar Pradesh,LUCKNOW,2000,Rabi,Linseed,50,18,0.36
Uttar Pradesh,LUCKNOW,2000,Rabi,Maize,151,245,1.622516556
Uttar Pradesh,LUCKNOW,2000,Rabi,Masoor,1174,1259,1.072402044
Uttar Pradesh,LUCKNOW,2000,Rabi,Moong(Green Gram),89,51,0.573033708
Uttar Pradesh,LUCKNOW,2000,Rabi,Peas & beans (Pulses),3144,3141,0.999045802
Uttar Pradesh,LUCKNOW,2000,Rabi,Rapeseed &Mustard,3305,2652,0.802420575
Uttar Pradesh,LUCKNOW,2000,Rabi,Urad,2376,1029,0.433080808
Uttar Pradesh,LUCKNOW,2000,Rabi,Wheat,95132,247809,2.604896355
Uttar Pradesh,LUCKNOW,2000,Summer,Rice,6,8,1.333333333
Uttar Pradesh,LUCKNOW,2000,Whole Year,Potato,5107,69423,13.59369493
Uttar Pradesh,LUCKNOW,2000,Whole Year,Sugarcane,488,27422,56.19262295
Uttar Pradesh,LUCKNOW,2001,Kharif,Arhar/Tur,3399,3346,0.984407179
Uttar Pradesh,LUCKNOW,2001,Kharif,Bajra,1555,1288,0.82829582
Uttar Pradesh,LUCKNOW,2001,Kharif,Groundnut,236,400,1.694915254
Uttar Pradesh,LUCKNOW,2001,Kharif,Jowar,5432,4292,0.790132548
Uttar Pradesh,LUCKNOW,2001,Kharif,Maize,3042,2421,0.795857988
Uttar Pradesh,LUCKNOW,2001,Kharif,Moong(Green Gram),100,33,0.33
Uttar Pradesh,LUCKNOW,2001,Kharif,Rice,52458,90256,1.720538335
Uttar Pradesh,LUCKNOW,2001,Kharif,Sesamum,1081,230,0.212765957
Uttar Pradesh,LUCKNOW,2001,Kharif,Small millets,84,58,0.69047619
Uttar Pradesh,LUCKNOW,2001,Kharif,Sunflower,6,11,1.833333333
Uttar Pradesh,LUCKNOW,2001,Kharif,Urad,5027,1176,0.233936742
Uttar Pradesh,LUCKNOW,2001,Rabi,Barley,943,1545,1.638388123
Uttar Pradesh,LUCKNOW,2001,Rabi,Gram,2480,2327,0.938306452
Uttar Pradesh,LUCKNOW,2001,Rabi,Linseed,82,34,0.414634146
Uttar Pradesh,LUCKNOW,2001,Rabi,Maize,136,222,1.632352941
Uttar Pradesh,LUCKNOW,2001,Rabi,Masoor,1544,1066,0.690414508
Uttar Pradesh,LUCKNOW,2001,Rabi,Peas & beans (Pulses),2855,3352,1.17408056
Uttar Pradesh,LUCKNOW,2001,Rabi,Rapeseed &Mustard,3321,1893,0.570009033
Uttar Pradesh,LUCKNOW,2001,Rabi,Urad,2138,1236,0.578110384
Uttar Pradesh,LUCKNOW,2001,Rabi,Wheat,85715,213302,2.488502596
Uttar Pradesh,LUCKNOW,2001,Summer,Rice,2,3,1.5
Uttar Pradesh,LUCKNOW,2001,Whole Year,Potato,4591,105745,23.03310826
Uttar Pradesh,LUCKNOW,2001,Whole Year,Sugarcane,540,28514,52.8037037
Uttar Pradesh,LUCKNOW,2001,Whole Year,Turmeric,3,5,1.666666667
Uttar Pradesh,LUCKNOW,2002,Kharif,Bajra,1435,1046,0.728919861
Uttar Pradesh,LUCKNOW,2002,Kharif,Groundnut,131,112,0.854961832
Uttar Pradesh,LUCKNOW,2002,Kharif,Jowar,4099,4440,1.083191022
Uttar Pradesh,LUCKNOW,2002,Kharif,Maize,2524,1262,0.5
Uttar Pradesh,LUCKNOW,2002,Kharif,Moong(Green Gram),34,14,0.411764706
Uttar Pradesh,LUCKNOW,2002,Kharif,Rice,40753,74299,1.823154124
Uttar Pradesh,LUCKNOW,2002,Kharif,Sesamum,728,138,0.18956044
Uttar Pradesh,LUCKNOW,2002,Kharif,Small millets,62,36,0.580645161
Uttar Pradesh,LUCKNOW,2002,Kharif,Sunflower,2,3,1.5
Uttar Pradesh,LUCKNOW,2002,Kharif,Urad,4640,2051,0.442025862
Uttar Pradesh,LUCKNOW,2002,Rabi,Barley,777,1350,1.737451737
Uttar Pradesh,LUCKNOW,2002,Rabi,Gram,2326,2131,0.91616509
Uttar Pradesh,LUCKNOW,2002,Rabi,Linseed,39,17,0.435897436
Uttar Pradesh,LUCKNOW,2002,Rabi,Maize,132,146,1.106060606
Uttar Pradesh,LUCKNOW,2002,Rabi,Masoor,1729,1385,0.801041064
Uttar Pradesh,LUCKNOW,2002,Rabi,Onion,44,454,10.31818182
Uttar Pradesh,LUCKNOW,2002,Rabi,Peas & beans (Pulses),2786,2931,1.052045944
Uttar Pradesh,LUCKNOW,2002,Rabi,Rapeseed &Mustard,2914,2001,0.686684969
Uttar Pradesh,LUCKNOW,2002,Rabi,Wheat,84411,203626,2.41231593
Uttar Pradesh,LUCKNOW,2002,Summer,Moong(Green Gram),66,39,0.590909091
Uttar Pradesh,LUCKNOW,2002,Summer,Onion,126,1409,11.18253968
Uttar Pradesh,LUCKNOW,2002,Summer,Rice,3,5,1.666666667
Uttar Pradesh,LUCKNOW,2002,Summer,Urad,2195,1051,0.47881549
Uttar Pradesh,LUCKNOW,2002,Whole Year,Potato,5358,96910,18.08697275
Uttar Pradesh,LUCKNOW,2002,Whole Year,Sugarcane,427,20260,47.44730679
Uttar Pradesh,LUCKNOW,2003,Kharif,Arhar/Tur,2260,1504,0.665486726
Uttar Pradesh,LUCKNOW,2003,Kharif,Bajra,1708,1359,0.795667447
Uttar Pradesh,LUCKNOW,2003,Kharif,Groundnut,140,72,0.514285714
Uttar Pradesh,LUCKNOW,2003,Kharif,Jowar,4636,3639,0.784943917
Uttar Pradesh,LUCKNOW,2003,Kharif,Maize,2584,2018,0.780959752
Uttar Pradesh,LUCKNOW,2003,Kharif,Moong(Green Gram),63,17,0.26984127
Uttar Pradesh,LUCKNOW,2003,Kharif,Rice,48397,102433,2.116515486
Uttar Pradesh,LUCKNOW,2003,Kharif,Sesamum,736,94,0.127717391
Uttar Pradesh,LUCKNOW,2003,Kharif,Soyabean,2,2,1
Uttar Pradesh,LUCKNOW,2003,Kharif,Sunflower,7,12,1.714285714
Uttar Pradesh,LUCKNOW,2003,Kharif,Urad,5595,1449,0.258981233
Uttar Pradesh,LUCKNOW,2003,Rabi,Barley,675,1257,1.862222222
Uttar Pradesh,LUCKNOW,2003,Rabi,Gram,2232,1942,0.870071685
Uttar Pradesh,LUCKNOW,2003,Rabi,Linseed,62,31,0.5
Uttar Pradesh,LUCKNOW,2003,Rabi,Maize,6,8,1.333333333
Uttar Pradesh,LUCKNOW,2003,Rabi,Masoor,1955,1569,0.802557545
Uttar Pradesh,LUCKNOW,2003,Rabi,Onion,50,718,14.36
Uttar Pradesh,LUCKNOW,2003,Rabi,Peas & beans (Pulses),2491,2573,1.032918507
Uttar Pradesh,LUCKNOW,2003,Rabi,Rapeseed &Mustard,2965,1939,0.653962901
Uttar Pradesh,LUCKNOW,2003,Rabi,Wheat,85337,198410,2.325017284
Uttar Pradesh,LUCKNOW,2003,Summer,Maize,133,182,1.368421053
Uttar Pradesh,LUCKNOW,2003,Summer,Moong(Green Gram),48,29,0.604166667
Uttar Pradesh,LUCKNOW,2003,Summer,Onion,118,1202,10.18644068
Uttar Pradesh,LUCKNOW,2003,Summer,Urad,2443,1088,0.445354073
Uttar Pradesh,LUCKNOW,2003,Whole Year,Potato,4895,76783,15.68600613
Uttar Pradesh,LUCKNOW,2003,Whole Year,Sannhamp,1,,
Uttar Pradesh,LUCKNOW,2003,Whole Year,Sugarcane,425,20412,48.02823529
Uttar Pradesh,LUCKNOW,2004,Kharif,Bajra,1806,1893,1.048172757
Uttar Pradesh,LUCKNOW,2004,Kharif,Groundnut,142,130,0.915492958
Uttar Pradesh,LUCKNOW,2004,Kharif,Jowar,4542,4026,0.886393659
Uttar Pradesh,LUCKNOW,2004,Kharif,Maize,2776,3398,1.224063401
Uttar Pradesh,LUCKNOW,2004,Kharif,Rice,52825,99033,1.87473734
Uttar Pradesh,LUCKNOW,2004,Kharif,Sesamum,854,140,0.163934426
Uttar Pradesh,LUCKNOW,2004,Kharif,Small millets,54,19,0.351851852
Uttar Pradesh,LUCKNOW,2004,Kharif,Soyabean,2,1,0.5
Uttar Pradesh,LUCKNOW,2004,Kharif,Sugarcane,428,23165,54.12383178
Uttar Pradesh,LUCKNOW,2004,Rabi,Barley,604,963,1.594370861
Uttar Pradesh,LUCKNOW,2004,Rabi,Gram,2131,2001,0.938995777
Uttar Pradesh,LUCKNOW,2004,Rabi,Linseed,76,35,0.460526316
Uttar Pradesh,LUCKNOW,2004,Rabi,Maize,2,9,4.5
Uttar Pradesh,LUCKNOW,2004,Rabi,Potato,4858,78928,16.24701523
Uttar Pradesh,LUCKNOW,2004,Rabi,Rapeseed &Mustard,2894,2141,0.739806496
Uttar Pradesh,LUCKNOW,2004,Rabi,Wheat,84992,205682,2.420016002
Uttar Pradesh,LUCKNOW,2004,Summer,Sunflower,27,53,1.962962963
Uttar Pradesh,LUCKNOW,2004,Whole Year,Banana,13,473,36.38461538
Uttar Pradesh,LUCKNOW,2004,Whole Year,Dry chillies,84,79,0.94047619
Uttar Pradesh,LUCKNOW,2004,Whole Year,Garlic,5,22,4.4
Uttar Pradesh,LUCKNOW,2004,Whole Year,Onion,167,1964,11.76047904
Uttar Pradesh,LUCKNOW,2004,Whole Year,Sweet potato,112,1302,11.625
Uttar Pradesh,LUCKNOW,2005,Kharif,Bajra,1317,1063,0.807137434
Uttar Pradesh,LUCKNOW,2005,Kharif,Jowar,3354,3270,0.974955277
Uttar Pradesh,LUCKNOW,2005,Kharif,Maize,2772,2891,1.042929293
Uttar Pradesh,LUCKNOW,2005,Kharif,Rice,35499,68300,1.923997859
Uttar Pradesh,LUCKNOW,2005,Kharif,Sesamum,722,114,0.157894737
Uttar Pradesh,LUCKNOW,2005,Kharif,Small millets,76,56,0.736842105
Uttar Pradesh,LUCKNOW,2005,Kharif,Sugarcane,398,19679,49.44472362
Uttar Pradesh,LUCKNOW,2005,Rabi,Barley,340,534,1.570588235
Uttar Pradesh,LUCKNOW,2005,Rabi,Gram,1831,2090,1.141452758
Uttar Pradesh,LUCKNOW,2005,Rabi,Linseed,11,4,0.363636364
Uttar Pradesh,LUCKNOW,2005,Rabi,Potato,3515,55312,15.73598862
Uttar Pradesh,LUCKNOW,2005,Rabi,Rapeseed &Mustard,2806,2242,0.799002138
Uttar Pradesh,LUCKNOW,2005,Rabi,Wheat,82078,194437,2.368929555
Uttar Pradesh,LUCKNOW,2005,Summer,Sunflower,1,1,1
Uttar Pradesh,LUCKNOW,2005,Whole Year,Banana,23,876,38.08695652
Uttar Pradesh,LUCKNOW,2005,Whole Year,Coriander,169,97,0.573964497
Uttar Pradesh,LUCKNOW,2005,Whole Year,Dry chillies,100,91,0.91
Uttar Pradesh,LUCKNOW,2005,Whole Year,Garlic,91,397,4.362637363
Uttar Pradesh,LUCKNOW,2005,Whole Year,Guar seed,6,5,0.833333333
Uttar Pradesh,LUCKNOW,2005,Whole Year,Onion,188,2409,12.81382979
Uttar Pradesh,LUCKNOW,2005,Whole Year,Sweet potato,103,1348,13.08737864
Uttar Pradesh,LUCKNOW,2006,Kharif,Arhar/Tur,1055,844,0.8
Uttar Pradesh,LUCKNOW,2006,Kharif,Bajra,939,1379,1.4685836
Uttar Pradesh,LUCKNOW,2006,Kharif,Groundnut,142,115,0.809859155
Uttar Pradesh,LUCKNOW,2006,Kharif,Jowar,1451,1424,0.981392143
Uttar Pradesh,LUCKNOW,2006,Kharif,Maize,2529,2779,1.098853302
Uttar Pradesh,LUCKNOW,2006,Kharif,Other Kharif pulses,10059,4103,0.407893429
Uttar Pradesh,LUCKNOW,2006,Kharif,Rice,48107,93520,1.943999834
Uttar Pradesh,LUCKNOW,2006,Kharif,Sesamum,986,211,0.213995943
Uttar Pradesh,LUCKNOW,2006,Kharif,Small millets,54,33,0.611111111
Uttar Pradesh,LUCKNOW,2006,Kharif,Sugarcane,428,24221,56.5911215
Uttar Pradesh,LUCKNOW,2006,Kharif,Sweet potato,62,846,13.64516129
Uttar Pradesh,LUCKNOW,2006,Rabi,Barley,414,688,1.661835749
Uttar Pradesh,LUCKNOW,2006,Rabi,Garlic,190,835,4.394736842
Uttar Pradesh,LUCKNOW,2006,Rabi,Gram,1627,1275,0.783650891
Uttar Pradesh,LUCKNOW,2006,Rabi,Linseed,76,27,0.355263158
Uttar Pradesh,LUCKNOW,2006,Rabi,Maize,2,6,3
Uttar Pradesh,LUCKNOW,2006,Rabi,Masoor,2299,2025,0.880817747
Uttar Pradesh,LUCKNOW,2006,Rabi,Onion,45,863,19.17777778
Uttar Pradesh,LUCKNOW,2006,Rabi,Other  Rabi pulses,1957,1892,0.966785897
Uttar Pradesh,LUCKNOW,2006,Rabi,Potato,4570,78439,17.16389497
Uttar Pradesh,LUCKNOW,2006,Rabi,Rapeseed &Mustard,3399,2691,0.791703442
Uttar Pradesh,LUCKNOW,2006,Rabi,Wheat,84067,224459,2.670001308
Uttar Pradesh,LUCKNOW,2006,Summer,Maize,169,224,1.325443787
Uttar Pradesh,LUCKNOW,2006,Summer,Onion,121,1409,11.6446281
Uttar Pradesh,LUCKNOW,2006,Summer,Sunflower,1,2,2
Uttar Pradesh,LUCKNOW,2006,Whole Year,Banana,14,544,38.85714286
Uttar Pradesh,LUCKNOW,2006,Whole Year,Coriander,188,98,0.521276596
Uttar Pradesh,LUCKNOW,2006,Whole Year,Dry chillies,142,135,0.950704225
Uttar Pradesh,LUCKNOW,2006,Whole Year,Guar seed,6,5,0.833333333
Uttar Pradesh,LUCKNOW,2007,Kharif,Arhar/Tur,1414,1430,1.011315417
Uttar Pradesh,LUCKNOW,2007,Kharif,Bajra,578,1377,2.382352941
Uttar Pradesh,LUCKNOW,2007,Kharif,Dry chillies,114,110,0.964912281
Uttar Pradesh,LUCKNOW,2007,Kharif,Groundnut,111,81,0.72972973
Uttar Pradesh,LUCKNOW,2007,Kharif,Guar seed,7,6,0.857142857
Uttar Pradesh,LUCKNOW,2007,Kharif,Jowar,4310,3075,0.713457077
Uttar Pradesh,LUCKNOW,2007,Kharif,Maize,3021,4447,1.472029129
Uttar Pradesh,LUCKNOW,2007,Kharif,Moong(Green Gram),560,111,0.198214286
Uttar Pradesh,LUCKNOW,2007,Kharif,Rice,47542,87097,1.832001178
Uttar Pradesh,LUCKNOW,2007,Kharif,Sesamum,678,142,0.209439528
Uttar Pradesh,LUCKNOW,2007,Kharif,Small millets,41,24,0.585365854
Uttar Pradesh,LUCKNOW,2007,Kharif,Sugarcane,472,25520,54.06779661
Uttar Pradesh,LUCKNOW,2007,Kharif,Sweet potato,61,821,13.45901639
Uttar Pradesh,LUCKNOW,2007,Kharif,Urad,7672,3606,0.470020855
Uttar Pradesh,LUCKNOW,2007,Rabi,Barley,223,416,1.865470852
Uttar Pradesh,LUCKNOW,2007,Rabi,Coriander,138,80,0.579710145
Uttar Pradesh,LUCKNOW,2007,Rabi,Gram,2900,2862,0.986896552
Uttar Pradesh,LUCKNOW,2007,Rabi,Linseed,10,3,0.3
Uttar Pradesh,LUCKNOW,2007,Rabi,Masoor,2522,2070,0.820777161
Uttar Pradesh,LUCKNOW,2007,Rabi,Onion,47,657,13.9787234
Uttar Pradesh,LUCKNOW,2007,Rabi,Other  Rabi pulses,489,459,0.938650307
Uttar Pradesh,LUCKNOW,2007,Rabi,Potato,4538,109243,24.07293962
Uttar Pradesh,LUCKNOW,2007,Rabi,Rapeseed &Mustard,1662,1591,0.957280385
Uttar Pradesh,LUCKNOW,2007,Rabi,Wheat,82853,213761,2.580003138
Uttar Pradesh,LUCKNOW,2007,Summer,Maize,98,141,1.43877551
Uttar Pradesh,LUCKNOW,2007,Summer,Moong(Green Gram),49,27,0.551020408
Uttar Pradesh,LUCKNOW,2007,Summer,Onion,57,453,7.947368421
Uttar Pradesh,LUCKNOW,2007,Summer,Tobacco,4,10,2.5
Uttar Pradesh,LUCKNOW,2007,Summer,Urad,1476,1002,0.678861789
Uttar Pradesh,LUCKNOW,2008,Kharif,Arhar/Tur,1113,1109,0.99640611
Uttar Pradesh,LUCKNOW,2008,Kharif,Bajra,751,789,1.050599201
Uttar Pradesh,LUCKNOW,2008,Kharif,Dry chillies,101,101,1
Uttar Pradesh,LUCKNOW,2008,Kharif,Groundnut,121,80,0.661157025
Uttar Pradesh,LUCKNOW,2008,Kharif,Guar seed,4,3,0.75
Uttar Pradesh,LUCKNOW,2008,Kharif,Jowar,2833,2402,0.847864455
Uttar Pradesh,LUCKNOW,2008,Kharif,Maize,2398,2821,1.176396997
Uttar Pradesh,LUCKNOW,2008,Kharif,Moong(Green Gram),85,31,0.364705882
Uttar Pradesh,LUCKNOW,2008,Kharif,Rice,56308,118810,2.110002131
Uttar Pradesh,LUCKNOW,2008,Kharif,Sesamum,764,178,0.232984293
Uttar Pradesh,LUCKNOW,2008,Kharif,Small millets,6,4,0.666666667
Uttar Pradesh,LUCKNOW,2008,Kharif,Sugarcane,398,20187,50.72110553
Uttar Pradesh,LUCKNOW,2008,Kharif,Sweet potato,76,933,12.27631579
Uttar Pradesh,LUCKNOW,2008,Kharif,Urad,6256,2484,0.397058824
Uttar Pradesh,LUCKNOW,2008,Rabi,Barley,250,473,1.892
Uttar Pradesh,LUCKNOW,2008,Rabi,Coriander,174,104,0.597701149
Uttar Pradesh,LUCKNOW,2008,Rabi,Garlic,81,477,5.888888889
Uttar Pradesh,LUCKNOW,2008,Rabi,Gram,318,365,1.147798742
Uttar Pradesh,LUCKNOW,2008,Rabi,Linseed,31,14,0.451612903
Uttar Pradesh,LUCKNOW,2008,Rabi,Masoor,2464,2047,0.830762987
Uttar Pradesh,LUCKNOW,2008,Rabi,Onion,38,445,11.71052632
Uttar Pradesh,LUCKNOW,2008,Rabi,Peas & beans (Pulses),1105,1334,1.207239819
Uttar Pradesh,LUCKNOW,2008,Rabi,Potato,5076,89018,17.53703704
Uttar Pradesh,LUCKNOW,2008,Rabi,Rapeseed &Mustard,3104,2773,0.893363402
Uttar Pradesh,LUCKNOW,2008,Rabi,Wheat,83894,229032,2.730016449
Uttar Pradesh,LUCKNOW,2008,Summer,Banana,23,876,38.08695652
Uttar Pradesh,LUCKNOW,2008,Summer,Maize,126,188,1.492063492
Uttar Pradesh,LUCKNOW,2008,Summer,Moong(Green Gram),25,14,0.56
Uttar Pradesh,LUCKNOW,2008,Summer,Urad,2027,795,0.392205229
Uttar Pradesh,LUCKNOW,2009,Kharif,Arhar/Tur,752,548,0.728723404
Uttar Pradesh,LUCKNOW,2009,Kharif,Bajra,1300,1059,0.814615385
Uttar Pradesh,LUCKNOW,2009,Kharif,Dry chillies,42,37,0.880952381
Uttar Pradesh,LUCKNOW,2009,Kharif,Groundnut,90,85,0.944444444
Uttar Pradesh,LUCKNOW,2009,Kharif,Guar seed,5,4,0.8
Uttar Pradesh,LUCKNOW,2009,Kharif,Jowar,2493,2191,0.87886081
Uttar Pradesh,LUCKNOW,2009,Kharif,Maize,1330,1598,1.201503759
Uttar Pradesh,LUCKNOW,2009,Kharif,Moong(Green Gram),52,8,0.153846154
Uttar Pradesh,LUCKNOW,2009,Kharif,Rice,43549,95329,2.189005488
Uttar Pradesh,LUCKNOW,2009,Kharif,Sesamum,926,198,0.213822894
Uttar Pradesh,LUCKNOW,2009,Kharif,Small millets,14,7,0.5
Uttar Pradesh,LUCKNOW,2009,Kharif,Sugarcane,277,14752,53.25631769
Uttar Pradesh,LUCKNOW,2009,Kharif,Sweet potato,42,571,13.5952381
Uttar Pradesh,LUCKNOW,2009,Kharif,Urad,5959,2670,0.448061755
Uttar Pradesh,LUCKNOW,2009,Rabi,Barley,256,355,1.38671875
Uttar Pradesh,LUCKNOW,2009,Rabi,Coriander,163,93,0.570552147
Uttar Pradesh,LUCKNOW,2009,Rabi,Garlic,81,430,5.308641975
Uttar Pradesh,LUCKNOW,2009,Rabi,Gram,1243,1089,0.876106195
Uttar Pradesh,LUCKNOW,2009,Rabi,Linseed,24,11,0.458333333
Uttar Pradesh,LUCKNOW,2009,Rabi,Masoor,2140,1752,0.818691589
Uttar Pradesh,LUCKNOW,2009,Rabi,Onion,10,130,13
Uttar Pradesh,LUCKNOW,2009,Rabi,Peas & beans (Pulses),947,1215,1.282998944
Uttar Pradesh,LUCKNOW,2009,Rabi,Potato,4811,93054,19.34192476
Uttar Pradesh,LUCKNOW,2009,Rabi,Rapeseed &Mustard,3205,2731,0.852106084
Uttar Pradesh,LUCKNOW,2009,Rabi,Tobacco,2,12,6
Uttar Pradesh,LUCKNOW,2009,Rabi,Turmeric,1,3,3
Uttar Pradesh,LUCKNOW,2009,Rabi,Wheat,85135,226629,2.661995654
Uttar Pradesh,LUCKNOW,2009,Summer,Banana,23,946,41.13043478
Uttar Pradesh,LUCKNOW,2009,Summer,Maize,175,255,1.457142857
Uttar Pradesh,LUCKNOW,2009,Summer,Moong(Green Gram),108,56,0.518518519
Uttar Pradesh,LUCKNOW,2009,Summer,Onion,115,1157,10.06086957
Uttar Pradesh,LUCKNOW,2009,Summer,Rice,2,4,2
Uttar Pradesh,LUCKNOW,2009,Summer,Urad,1687,1149,0.681090694
Uttar Pradesh,LUCKNOW,2010,Kharif,Arhar/Tur,855,696,0.814035088
Uttar Pradesh,LUCKNOW,2010,Kharif,Bajra,853,1000,1.172332943
Uttar Pradesh,LUCKNOW,2010,Kharif,Dry chillies,27,23,0.851851852
Uttar Pradesh,LUCKNOW,2010,Kharif,Groundnut,10,5,0.5
Uttar Pradesh,LUCKNOW,2010,Kharif,Guar seed,6,5,0.833333333
Uttar Pradesh,LUCKNOW,2010,Kharif,Jowar,2449,1901,0.776235198
Uttar Pradesh,LUCKNOW,2010,Kharif,Maize,1359,1485,1.092715232
Uttar Pradesh,LUCKNOW,2010,Kharif,Moong(Green Gram),77,36,0.467532468
Uttar Pradesh,LUCKNOW,2010,Kharif,Rice,48833,93320,1.911002805
Uttar Pradesh,LUCKNOW,2010,Kharif,Sesamum,918,157,0.171023965
Uttar Pradesh,LUCKNOW,2010,Kharif,Small millets,4,3,0.75
Uttar Pradesh,LUCKNOW,2010,Kharif,Sugarcane,184,10188,55.36956522
Uttar Pradesh,LUCKNOW,2010,Kharif,Sweet potato,11,136,12.36363636
Uttar Pradesh,LUCKNOW,2010,Kharif,Urad,6232,3322,0.533055199
Uttar Pradesh,LUCKNOW,2010,Rabi,Barley,139,272,1.956834532
Uttar Pradesh,LUCKNOW,2010,Rabi,Gram,1227,728,0.593317033
Uttar Pradesh,LUCKNOW,2010,Rabi,Linseed,29,13,0.448275862
Uttar Pradesh,LUCKNOW,2010,Rabi,Maize,20,60,3
Uttar Pradesh,LUCKNOW,2010,Rabi,Masoor,2376,2059,0.866582492
Uttar Pradesh,LUCKNOW,2010,Rabi,Onion,70,1288,18.4
Uttar Pradesh,LUCKNOW,2010,Rabi,Peas & beans (Pulses),709,845,1.191819464
Uttar Pradesh,LUCKNOW,2010,Rabi,Potato,4979,101477,20.3810002
Uttar Pradesh,LUCKNOW,2010,Rabi,Rapeseed &Mustard,3446,3195,0.927161927
Uttar Pradesh,LUCKNOW,2010,Rabi,Turmeric,2,6,3
Uttar Pradesh,LUCKNOW,2010,Rabi,Wheat,83618,236473,2.828015499
Uttar Pradesh,LUCKNOW,2010,Summer,Maize,89,131,1.471910112
Uttar Pradesh,LUCKNOW,2010,Summer,Moong(Green Gram),42,19,0.452380952
Uttar Pradesh,LUCKNOW,2010,Summer,Urad,1681,999,0.594289114
Uttar Pradesh,LUCKNOW,2011,Kharif,Arhar/Tur,931,835,0.89688507
Uttar Pradesh,LUCKNOW,2011,Kharif,Bajra,907,983,1.083792723
Uttar Pradesh,LUCKNOW,2011,Kharif,Cotton(lint),118,28,0.237288136
Uttar Pradesh,LUCKNOW,2011,Kharif,Dry chillies,92,76,0.826086957
Uttar Pradesh,LUCKNOW,2011,Kharif,Groundnut,124,100,0.806451613
Uttar Pradesh,LUCKNOW,2011,Kharif,Guar seed,6,5,0.833333333
Uttar Pradesh,LUCKNOW,2011,Kharif,Jowar,2577,1806,0.700814901
Uttar Pradesh,LUCKNOW,2011,Kharif,Maize,1614,1773,1.098513011
Uttar Pradesh,LUCKNOW,2011,Kharif,Moong(Green Gram),26,11,0.423076923
Uttar Pradesh,LUCKNOW,2011,Kharif,Rice,52978,106645,2.013005398
Uttar Pradesh,LUCKNOW,2011,Kharif,Sesamum,620,104,0.167741935
Uttar Pradesh,LUCKNOW,2011,Kharif,Small millets,2,2,1
Uttar Pradesh,LUCKNOW,2011,Kharif,Sugarcane,174,9728,55.90804598
Uttar Pradesh,LUCKNOW,2011,Kharif,Sweet potato,26,338,13
Uttar Pradesh,LUCKNOW,2011,Kharif,Urad,6392,2282,0.357008761
Uttar Pradesh,LUCKNOW,2011,Rabi,Barley,169,391,2.313609467
Uttar Pradesh,LUCKNOW,2011,Rabi,Coriander,109,60,0.550458716
Uttar Pradesh,LUCKNOW,2011,Rabi,Garlic,86,444,5.162790698
Uttar Pradesh,LUCKNOW,2011,Rabi,Gram,1070,1376,1.285981308
Uttar Pradesh,LUCKNOW,2011,Rabi,Linseed,6,3,0.5
Uttar Pradesh,LUCKNOW,2011,Rabi,Masoor,4038,3370,0.83457157
Uttar Pradesh,LUCKNOW,2011,Rabi,Onion,39,892,22.87179487
Uttar Pradesh,LUCKNOW,2011,Rabi,Peas & beans (Pulses),820,887,1.081707317
Uttar Pradesh,LUCKNOW,2011,Rabi,Potato,5769,100156,17.36106778
Uttar Pradesh,LUCKNOW,2011,Rabi,Rapeseed &Mustard,3361,2827,0.841118715
Uttar Pradesh,LUCKNOW,2011,Rabi,Turmeric,1,3,3
Uttar Pradesh,LUCKNOW,2011,Rabi,Wheat,82274,222469,2.704001264
Uttar Pradesh,LUCKNOW,2011,Summer,Maize,103,170,1.650485437
Uttar Pradesh,LUCKNOW,2011,Summer,Moong(Green Gram),26,13,0.5
Uttar Pradesh,LUCKNOW,2011,Summer,Onion,116,1323,11.40517241
Uttar Pradesh,LUCKNOW,2011,Summer,Urad,1480,770,0.52027027
Uttar Pradesh,LUCKNOW,2012,Kharif,Arhar/Tur,802,651,0.811720698
Uttar Pradesh,LUCKNOW,2012,Kharif,Bajra,814,699,0.858722359
Uttar Pradesh,LUCKNOW,2012,Kharif,Dry chillies,68,55,0.808823529
Uttar Pradesh,LUCKNOW,2012,Kharif,Groundnut,88,56,0.636363636
Uttar Pradesh,LUCKNOW,2012,Kharif,Guar seed,6,5,0.833333333
Uttar Pradesh,LUCKNOW,2012,Kharif,Jowar,2271,2759,1.214883311
Uttar Pradesh,LUCKNOW,2012,Kharif,Maize,1311,1907,1.454614798
Uttar Pradesh,LUCKNOW,2012,Kharif,Moong(Green Gram),113,57,0.504424779
Uttar Pradesh,LUCKNOW,2012,Kharif,Rice,51138,104833,2.050001955
Uttar Pradesh,LUCKNOW,2012,Kharif,Sesamum,896,163,0.181919643
Uttar Pradesh,LUCKNOW,2012,Kharif,Small millets,11,10,0.909090909
Uttar Pradesh,LUCKNOW,2012,Kharif,Sugarcane,264,16191,61.32954545
Uttar Pradesh,LUCKNOW,2012,Kharif,Sweet potato,69,893,12.94202899
Uttar Pradesh,LUCKNOW,2012,Kharif,Urad,6030,1857,0.307960199
Uttar Pradesh,LUCKNOW,2012,Rabi,Barley,136,274,2.014705882
Uttar Pradesh,LUCKNOW,2012,Rabi,Coriander,142,77,0.542253521
Uttar Pradesh,LUCKNOW,2012,Rabi,Garlic,83,431,5.192771084
Uttar Pradesh,LUCKNOW,2012,Rabi,Gram,938,1110,1.18336887
Uttar Pradesh,LUCKNOW,2012,Rabi,Linseed,3,1,0.333333333
Uttar Pradesh,LUCKNOW,2012,Rabi,Masoor,1847,1523,0.824580401
Uttar Pradesh,LUCKNOW,2012,Rabi,Onion,60,1380,23
Uttar Pradesh,LUCKNOW,2012,Rabi,Peas & beans (Pulses),821,645,0.785627284
Uttar Pradesh,LUCKNOW,2012,Rabi,Potato,4573,74782,16.35294118
Uttar Pradesh,LUCKNOW,2012,Rabi,Rapeseed &Mustard,3457,3558,1.029216083
Uttar Pradesh,LUCKNOW,2012,Rabi,Turmeric,1,3,3
Uttar Pradesh,LUCKNOW,2012,Rabi,Wheat,83388,239490,2.871995971
Uttar Pradesh,LUCKNOW,2012,Summer,Banana,24,1072,44.66666667
Uttar Pradesh,LUCKNOW,2012,Summer,Maize,130,240,1.846153846
Uttar Pradesh,LUCKNOW,2012,Summer,Moong(Green Gram),33,10,0.303030303
Uttar Pradesh,LUCKNOW,2012,Summer,Onion,163,1851,11.35582822
Uttar Pradesh,LUCKNOW,2012,Summer,Urad,1513,820,0.541969597
Uttar Pradesh,LUCKNOW,2013,Kharif,Arhar/Tur,812,596,0.733990148
Uttar Pradesh,LUCKNOW,2013,Kharif,Bajra,787,632,0.803049555
Uttar Pradesh,LUCKNOW,2013,Kharif,Dry chillies,30,24,0.8
Uttar Pradesh,LUCKNOW,2013,Kharif,Groundnut,55,48,0.872727273
Uttar Pradesh,LUCKNOW,2013,Kharif,Guar seed,5,4,0.8
Uttar Pradesh,LUCKNOW,2013,Kharif,Jowar,2095,2263,1.080190931
Uttar Pradesh,LUCKNOW,2013,Kharif,Maize,1253,2106,1.680766161
Uttar Pradesh,LUCKNOW,2013,Kharif,Moong(Green Gram),118,38,0.322033898
Uttar Pradesh,LUCKNOW,2013,Kharif,Rice,52159,105674,2.025997431
Uttar Pradesh,LUCKNOW,2013,Kharif,Sesamum,877,176,0.200684151
Uttar Pradesh,LUCKNOW,2013,Kharif,Small millets,6,5,0.833333333
Uttar Pradesh,LUCKNOW,2013,Kharif,Sugarcane,202,12667,62.70792079
Uttar Pradesh,LUCKNOW,2013,Kharif,Sweet potato,31,410,13.22580645
Uttar Pradesh,LUCKNOW,2013,Kharif,Urad,5614,1589,0.283042394
Uttar Pradesh,LUCKNOW,2013,Rabi,Barley,150,376,2.506666667
Uttar Pradesh,LUCKNOW,2013,Rabi,Coriander,131,72,0.549618321
Uttar Pradesh,LUCKNOW,2013,Rabi,Garlic,189,1107,5.857142857
Uttar Pradesh,LUCKNOW,2013,Rabi,Gram,1172,556,0.47440273
Uttar Pradesh,LUCKNOW,2013,Rabi,Maize,10,35,3.5
Uttar Pradesh,LUCKNOW,2013,Rabi,Masoor,1726,1214,0.703360371
Uttar Pradesh,LUCKNOW,2013,Rabi,Onion,59,1200,20.33898305
Uttar Pradesh,LUCKNOW,2013,Rabi,Peas & beans (Pulses),783,741,0.946360153
Uttar Pradesh,LUCKNOW,2013,Rabi,Potato,4709,62658,13.30600977
Uttar Pradesh,LUCKNOW,2013,Rabi,Rapeseed &Mustard,4641,2414,0.52014652
Uttar Pradesh,LUCKNOW,2013,Rabi,Turmeric,1,3,3
Uttar Pradesh,LUCKNOW,2013,Rabi,Wheat,81363,241811,2.972002016
Uttar Pradesh,LUCKNOW,2013,Summer,Banana,77,3353,43.54545455
Uttar Pradesh,LUCKNOW,2013,Summer,Maize,103,189,1.834951456
Uttar Pradesh,LUCKNOW,2013,Summer,Moong(Green Gram),50,26,0.52
Uttar Pradesh,LUCKNOW,2013,Summer,Onion,60,807,13.45
Uttar Pradesh,LUCKNOW,2013,Summer,Urad,980,511,0.521428571
Uttar Pradesh,LUCKNOW,2014,Kharif,Arhar/Tur,532,206,0.387218045
Uttar Pradesh,LUCKNOW,2014,Kharif,Bajra,628,674,1.073248408
Uttar Pradesh,LUCKNOW,2014,Kharif,Dry chillies,38,31,0.815789474
Uttar Pradesh,LUCKNOW,2014,Kharif,Groundnut,60,51,0.85
Uttar Pradesh,LUCKNOW,2014,Kharif,Guar seed,6,5,0.833333333
Uttar Pradesh,LUCKNOW,2014,Kharif,Jowar,1743,1595,0.915088927
Uttar Pradesh,LUCKNOW,2014,Kharif,Maize,1431,1069,0.747030049
Uttar Pradesh,LUCKNOW,2014,Kharif,Moong(Green Gram),45,14,0.311111111
Uttar Pradesh,LUCKNOW,2014,Kharif,Rice,54126,125843,2.325000924
Uttar Pradesh,LUCKNOW,2014,Kharif,Sesamum,541,106,0.195933457
Uttar Pradesh,LUCKNOW,2014,Kharif,Small millets,1,1,1
Uttar Pradesh,LUCKNOW,2014,Kharif,Sugarcane,195,12853,65.91282051
Uttar Pradesh,LUCKNOW,2014,Kharif,Sweet potato,33,409,12.39393939
Uttar Pradesh,LUCKNOW,2014,Kharif,Urad,5342,2708,0.506926245
Uttar Pradesh,LUCKNOW,2014,Rabi,Barley,121,164,1.355371901
Uttar Pradesh,LUCKNOW,2014,Rabi,Coriander,64,31,0.484375
Uttar Pradesh,LUCKNOW,2014,Rabi,Garlic,103,597,5.796116505
Uttar Pradesh,LUCKNOW,2014,Rabi,Gram,646,346,0.535603715
Uttar Pradesh,LUCKNOW,2014,Rabi,Maize,21,50,2.380952381
Uttar Pradesh,LUCKNOW,2014,Rabi,Masoor,1230,688,0.559349593
Uttar Pradesh,LUCKNOW,2014,Rabi,Onion,19,290,15.26315789
Uttar Pradesh,LUCKNOW,2014,Rabi,Peas & beans (Pulses),815,947,1.16196319
Uttar Pradesh,LUCKNOW,2014,Rabi,Potato,4243,61511,14.49705397
Uttar Pradesh,LUCKNOW,2014,Rabi,Rapeseed &Mustard,3844,1616,0.420395421
Uttar Pradesh,LUCKNOW,2014,Rabi,Wheat,79315,144512,1.822000883
Uttar Pradesh,LUCKNOW,2014,Summer,Banana,159,7173,45.11320755
Uttar Pradesh,LUCKNOW,2014,Summer,Maize,129,229,1.775193798
Uttar Pradesh,LUCKNOW,2014,Summer,Moong(Green Gram),26,13,0.5
Uttar Pradesh,LUCKNOW,2014,Summer,Onion,80,772,9.65
Uttar Pradesh,LUCKNOW,2014,Summer,Urad,957,399,0.4169279
Uttar Pradesh,MAHARAJGANJ,1997,Kharif,Arhar/Tur,2272,2132,0.938380282
Uttar Pradesh,MAHARAJGANJ,1997,Kharif,Bajra,11,19,1.727272727
Uttar Pradesh,MAHARAJGANJ,1997,Kharif,Groundnut,1313,1052,0.801218583
Uttar Pradesh,MAHARAJGANJ,1997,Kharif,Jowar,5,5,1
Uttar Pradesh,MAHARAJGANJ,1997,Kharif,Maize,201,306,1.52238806
Uttar Pradesh,MAHARAJGANJ,1997,Kharif,Moong(Green Gram),2,1,0.5
Uttar Pradesh,MAHARAJGANJ,1997,Kharif,Rice,164729,373051,2.264634642
Uttar Pradesh,MAHARAJGANJ,1997,Kharif,Sesamum,49,7,0.142857143
Uttar Pradesh,MAHARAJGANJ,1997,Kharif,Small millets,86,64,0.744186047
Uttar Pradesh,MAHARAJGANJ,1997,Kharif,Urad,16,7,0.4375
Uttar Pradesh,MAHARAJGANJ,1997,Rabi,Barley,273,683,2.501831502
Uttar Pradesh,MAHARAJGANJ,1997,Rabi,Gram,432,291,0.673611111
Uttar Pradesh,MAHARAJGANJ,1997,Rabi,Linseed,574,244,0.425087108
Uttar Pradesh,MAHARAJGANJ,1997,Rabi,Masoor,16622,16203,0.974792444
Uttar Pradesh,MAHARAJGANJ,1997,Rabi,Peas & beans (Pulses),1679,2181,1.298987493
Uttar Pradesh,MAHARAJGANJ,1997,Rabi,Rapeseed &Mustard,5389,3464,0.64279087
Uttar Pradesh,MAHARAJGANJ,1997,Rabi,Sunflower,20,27,1.35
Uttar Pradesh,MAHARAJGANJ,1997,Rabi,Wheat,133674,295708,2.212157936
Uttar Pradesh,MAHARAJGANJ,1997,Summer,Maize,234,370,1.581196581
Uttar Pradesh,MAHARAJGANJ,1997,Summer,Moong(Green Gram),156,66,0.423076923
Uttar Pradesh,MAHARAJGANJ,1997,Summer,Rice,165,374,2.266666667
Uttar Pradesh,MAHARAJGANJ,1997,Summer,Urad,106,50,0.471698113
Uttar Pradesh,MAHARAJGANJ,1997,Whole Year,Potato,3025,25887,8.55768595
Uttar Pradesh,MAHARAJGANJ,1997,Whole Year,Sugarcane,19706,1106689,56.16000203
Uttar Pradesh,MAHARAJGANJ,1998,Kharif,Arhar/Tur,1611,968,0.600869025
Uttar Pradesh,MAHARAJGANJ,1998,Kharif,Bajra,115,182,1.582608696
Uttar Pradesh,MAHARAJGANJ,1998,Kharif,Groundnut,962,798,0.82952183
Uttar Pradesh,MAHARAJGANJ,1998,Kharif,Maize,148,65,0.439189189
Uttar Pradesh,MAHARAJGANJ,1998,Kharif,Moong(Green Gram),7,2,0.285714286
Uttar Pradesh,MAHARAJGANJ,1998,Kharif,Moth,1,,
Uttar Pradesh,MAHARAJGANJ,1998,Kharif,Ragi,1,1,1
Uttar Pradesh,MAHARAJGANJ,1998,Kharif,Rice,163828,348183,2.125296042
Uttar Pradesh,MAHARAJGANJ,1998,Kharif,Sesamum,69,8,0.115942029
Uttar Pradesh,MAHARAJGANJ,1998,Kharif,Small millets,31,13,0.419354839
Uttar Pradesh,MAHARAJGANJ,1998,Kharif,Urad,23,6,0.260869565
Uttar Pradesh,MAHARAJGANJ,1998,Rabi,Barley,213,496,2.328638498
Uttar Pradesh,MAHARAJGANJ,1998,Rabi,Gram,363,292,0.804407713
Uttar Pradesh,MAHARAJGANJ,1998,Rabi,Linseed,601,228,0.37936772
Uttar Pradesh,MAHARAJGANJ,1998,Rabi,Masoor,17087,10884,0.636975478
Uttar Pradesh,MAHARAJGANJ,1998,Rabi,Peas & beans (Pulses),1710,1806,1.056140351
Uttar Pradesh,MAHARAJGANJ,1998,Rabi,Rapeseed &Mustard,5517,3758,0.681167301
Uttar Pradesh,MAHARAJGANJ,1998,Rabi,Sunflower,3,4,1.333333333
Uttar Pradesh,MAHARAJGANJ,1998,Rabi,Wheat,135996,307903,2.264059237
Uttar Pradesh,MAHARAJGANJ,1998,Summer,Maize,230,233,1.013043478
Uttar Pradesh,MAHARAJGANJ,1998,Summer,Moong(Green Gram),184,80,0.434782609
Uttar Pradesh,MAHARAJGANJ,1998,Summer,Rice,182,387,2.126373626
Uttar Pradesh,MAHARAJGANJ,1998,Summer,Urad,129,100,0.775193798
Uttar Pradesh,MAHARAJGANJ,1998,Whole Year,Onion,326,3937,12.07668712
Uttar Pradesh,MAHARAJGANJ,1998,Whole Year,Potato,2968,43668,14.71293801
Uttar Pradesh,MAHARAJGANJ,1998,Whole Year,Sannhamp,1,,
Uttar Pradesh,MAHARAJGANJ,1998,Whole Year,Sugarcane,18602,1038884,55.84797334
Uttar Pradesh,MAHARAJGANJ,1998,Whole Year,Turmeric,7,13,1.857142857
Uttar Pradesh,MAHARAJGANJ,1999,Kharif,Arhar/Tur,1966,1261,0.641403866
Uttar Pradesh,MAHARAJGANJ,1999,Kharif,Bajra,43,77,1.790697674
Uttar Pradesh,MAHARAJGANJ,1999,Kharif,Groundnut,930,1084,1.165591398
Uttar Pradesh,MAHARAJGANJ,1999,Kharif,Maize,173,191,1.104046243
Uttar Pradesh,MAHARAJGANJ,1999,Kharif,Moong(Green Gram),5,2,0.4
Uttar Pradesh,MAHARAJGANJ,1999,Kharif,Rice,162602,446907,2.748471729
Uttar Pradesh,MAHARAJGANJ,1999,Kharif,Small millets,17,11,0.647058824
Uttar Pradesh,MAHARAJGANJ,1999,Kharif,Sunflower,6,8,1.333333333
Uttar Pradesh,MAHARAJGANJ,1999,Kharif,Urad,23,9,0.391304348
Uttar Pradesh,MAHARAJGANJ,1999,Rabi,Barley,162,355,2.191358025
Uttar Pradesh,MAHARAJGANJ,1999,Rabi,Gram,173,153,0.884393064
Uttar Pradesh,MAHARAJGANJ,1999,Rabi,Linseed,662,291,0.439577039
Uttar Pradesh,MAHARAJGANJ,1999,Rabi,Maize,258,374,1.449612403
Uttar Pradesh,MAHARAJGANJ,1999,Rabi,Rapeseed &Mustard,5326,4528,0.850168982
Uttar Pradesh,MAHARAJGANJ,1999,Rabi,Wheat,138592,394975,2.849911972
Uttar Pradesh,MAHARAJGANJ,1999,Summer,Moong(Green Gram),182,134,0.736263736
Uttar Pradesh,MAHARAJGANJ,1999,Summer,Rice,176,484,2.75
Uttar Pradesh,MAHARAJGANJ,1999,Summer,Urad,132,90,0.681818182
Uttar Pradesh,MAHARAJGANJ,1999,Whole Year,Onion,350,5017,14.33428571
Uttar Pradesh,MAHARAJGANJ,1999,Whole Year,Peas & beans (Pulses),1839,2527,1.374116368
Uttar Pradesh,MAHARAJGANJ,1999,Whole Year,Potato,3100,41263,13.31064516
Uttar Pradesh,MAHARAJGANJ,1999,Whole Year,Sugarcane,18041,1007987,55.87201375
Uttar Pradesh,MAHARAJGANJ,1999,Whole Year,Turmeric,50,78,1.56
Uttar Pradesh,MAHARAJGANJ,2000,Kharif,Arhar/Tur,1314,1053,0.801369863
Uttar Pradesh,MAHARAJGANJ,2000,Kharif,Bajra,2,3,1.5
Uttar Pradesh,MAHARAJGANJ,2000,Kharif,Groundnut,873,920,1.053837342
Uttar Pradesh,MAHARAJGANJ,2000,Kharif,Jowar,1,1,1
Uttar Pradesh,MAHARAJGANJ,2000,Kharif,Maize,135,197,1.459259259
Uttar Pradesh,MAHARAJGANJ,2000,Kharif,Rice,166489,418224,2.512021815
Uttar Pradesh,MAHARAJGANJ,2000,Kharif,Sesamum,52,8,0.153846154
Uttar Pradesh,MAHARAJGANJ,2000,Kharif,Small millets,16,11,0.6875
Uttar Pradesh,MAHARAJGANJ,2000,Kharif,Urad,29,12,0.413793103
Uttar Pradesh,MAHARAJGANJ,2000,Rabi,Barley,157,201,1.280254777
Uttar Pradesh,MAHARAJGANJ,2000,Rabi,Gram,144,113,0.784722222
Uttar Pradesh,MAHARAJGANJ,2000,Rabi,Linseed,499,180,0.360721443
Uttar Pradesh,MAHARAJGANJ,2000,Rabi,Maize,279,452,1.620071685
Uttar Pradesh,MAHARAJGANJ,2000,Rabi,Masoor,16255,14028,0.862996001
Uttar Pradesh,MAHARAJGANJ,2000,Rabi,Moong(Green Gram),148,67,0.452702703
Uttar Pradesh,MAHARAJGANJ,2000,Rabi,Peas & beans (Pulses),1620,2245,1.385802469
Uttar Pradesh,MAHARAJGANJ,2000,Rabi,Rapeseed &Mustard,4944,3169,0.640978964
Uttar Pradesh,MAHARAJGANJ,2000,Rabi,Urad,72,33,0.458333333
Uttar Pradesh,MAHARAJGANJ,2000,Rabi,Wheat,135820,391392,2.881696363
Uttar Pradesh,MAHARAJGANJ,2000,Summer,Rice,179,450,2.51396648
Uttar Pradesh,MAHARAJGANJ,2000,Whole Year,Potato,2886,40831,14.14795565
Uttar Pradesh,MAHARAJGANJ,2000,Whole Year,Sugarcane,17444,829637,47.56002064
Uttar Pradesh,MAHARAJGANJ,2000,Whole Year,Turmeric,20,35,1.75
Uttar Pradesh,MAHARAJGANJ,2001,Kharif,Arhar/Tur,1353,697,0.515151515
Uttar Pradesh,MAHARAJGANJ,2001,Kharif,Bajra,2,3,1.5
Uttar Pradesh,MAHARAJGANJ,2001,Kharif,Groundnut,976,1040,1.06557377
Uttar Pradesh,MAHARAJGANJ,2001,Kharif,Maize,152,277,1.822368421
Uttar Pradesh,MAHARAJGANJ,2001,Kharif,Moong(Green Gram),1,0.1,0.1
Uttar Pradesh,MAHARAJGANJ,2001,Kharif,Rice,165097,370150,2.2420153
Uttar Pradesh,MAHARAJGANJ,2001,Kharif,Sesamum,81,20,0.24691358
Uttar Pradesh,MAHARAJGANJ,2001,Kharif,Small millets,14,12,0.857142857
Uttar Pradesh,MAHARAJGANJ,2001,Kharif,Sunflower,19,37,1.947368421
Uttar Pradesh,MAHARAJGANJ,2001,Kharif,Urad,8,3,0.375
Uttar Pradesh,MAHARAJGANJ,2001,Rabi,Barley,165,363,2.2
Uttar Pradesh,MAHARAJGANJ,2001,Rabi,Gram,168,149,0.886904762
Uttar Pradesh,MAHARAJGANJ,2001,Rabi,Linseed,394,166,0.421319797
Uttar Pradesh,MAHARAJGANJ,2001,Rabi,Maize,340,554,1.629411765
Uttar Pradesh,MAHARAJGANJ,2001,Rabi,Masoor,14797,11009,0.744002163
Uttar Pradesh,MAHARAJGANJ,2001,Rabi,Peas & beans (Pulses),1519,1836,1.208689928
Uttar Pradesh,MAHARAJGANJ,2001,Rabi,Rapeseed &Mustard,5176,3476,0.671561051
Uttar Pradesh,MAHARAJGANJ,2001,Rabi,Urad,88,43,0.488636364
Uttar Pradesh,MAHARAJGANJ,2001,Rabi,Wheat,138696,369366,2.66313376
Uttar Pradesh,MAHARAJGANJ,2001,Summer,Rice,176,395,2.244318182
Uttar Pradesh,MAHARAJGANJ,2001,Whole Year,Potato,2745,37648,13.7151184
Uttar Pradesh,MAHARAJGANJ,2001,Whole Year,Sugarcane,18186,1057407,58.14401188
Uttar Pradesh,MAHARAJGANJ,2001,Whole Year,Turmeric,19,34,1.789473684
Uttar Pradesh,MAHARAJGANJ,2002,Kharif,Bajra,3,5,1.666666667
Uttar Pradesh,MAHARAJGANJ,2002,Kharif,Groundnut,1044,950,0.909961686
Uttar Pradesh,MAHARAJGANJ,2002,Kharif,Maize,133,178,1.338345865
Uttar Pradesh,MAHARAJGANJ,2002,Kharif,Rice,162597,436958,2.687368156
Uttar Pradesh,MAHARAJGANJ,2002,Kharif,Sesamum,90,14,0.155555556
Uttar Pradesh,MAHARAJGANJ,2002,Kharif,Small millets,17,12,0.705882353
Uttar Pradesh,MAHARAJGANJ,2002,Kharif,Sunflower,4,6,1.5
Uttar Pradesh,MAHARAJGANJ,2002,Kharif,Urad,24,10,0.416666667
Uttar Pradesh,MAHARAJGANJ,2002,Rabi,Barley,146,224,1.534246575
Uttar Pradesh,MAHARAJGANJ,2002,Rabi,Gram,82,68,0.829268293
Uttar Pradesh,MAHARAJGANJ,2002,Rabi,Linseed,442,191,0.432126697
Uttar Pradesh,MAHARAJGANJ,2002,Rabi,Maize,394,436,1.106598985
Uttar Pradesh,MAHARAJGANJ,2002,Rabi,Masoor,12907,7693,0.59603316
Uttar Pradesh,MAHARAJGANJ,2002,Rabi,Onion,23,237,10.30434783
Uttar Pradesh,MAHARAJGANJ,2002,Rabi,Peas & beans (Pulses),1442,1772,1.228848821
Uttar Pradesh,MAHARAJGANJ,2002,Rabi,Ragi,1,2,2
Uttar Pradesh,MAHARAJGANJ,2002,Rabi,Rapeseed &Mustard,4466,2367,0.530004478
Uttar Pradesh,MAHARAJGANJ,2002,Rabi,Wheat,139007,305287,2.196198753
Uttar Pradesh,MAHARAJGANJ,2002,Summer,Moong(Green Gram),118,68,0.576271186
Uttar Pradesh,MAHARAJGANJ,2002,Summer,Onion,230,2571,11.17826087
Uttar Pradesh,MAHARAJGANJ,2002,Summer,Rice,172,462,2.686046512
Uttar Pradesh,MAHARAJGANJ,2002,Summer,Urad,43,23,0.534883721
Uttar Pradesh,MAHARAJGANJ,2002,Whole Year,Potato,2957,68600,23.19918837
Uttar Pradesh,MAHARAJGANJ,2002,Whole Year,Sugarcane,22684,1267945,55.896006
Uttar Pradesh,MAHARAJGANJ,2002,Whole Year,Turmeric,17,31,1.823529412
Uttar Pradesh,MAHARAJGANJ,2003,Kharif,Arhar/Tur,846,439,0.51891253
Uttar Pradesh,MAHARAJGANJ,2003,Kharif,Bajra,1,1,1
Uttar Pradesh,MAHARAJGANJ,2003,Kharif,Groundnut,1136,1324,1.165492958
Uttar Pradesh,MAHARAJGANJ,2003,Kharif,Jowar,1,1,1
Uttar Pradesh,MAHARAJGANJ,2003,Kharif,Maize,157,142,0.904458599
Uttar Pradesh,MAHARAJGANJ,2003,Kharif,Rice,163882,450103,2.746506633
Uttar Pradesh,MAHARAJGANJ,2003,Kharif,Sesamum,85,11,0.129411765
Uttar Pradesh,MAHARAJGANJ,2003,Kharif,Urad,13,3,0.230769231
Uttar Pradesh,MAHARAJGANJ,2003,Rabi,Barley,108,201,1.861111111
Uttar Pradesh,MAHARAJGANJ,2003,Rabi,Gram,83,76,0.915662651
Uttar Pradesh,MAHARAJGANJ,2003,Rabi,Linseed,313,154,0.49201278
Uttar Pradesh,MAHARAJGANJ,2003,Rabi,Maize,4,5,1.25
Uttar Pradesh,MAHARAJGANJ,2003,Rabi,Masoor,12135,8737,0.719983519
Uttar Pradesh,MAHARAJGANJ,2003,Rabi,Onion,30,431,14.36666667
Uttar Pradesh,MAHARAJGANJ,2003,Rabi,Peas & beans (Pulses),1347,1848,1.371937639
Uttar Pradesh,MAHARAJGANJ,2003,Rabi,Ragi,1,1,1
Uttar Pradesh,MAHARAJGANJ,2003,Rabi,Rapeseed &Mustard,4454,4176,0.937584194
Uttar Pradesh,MAHARAJGANJ,2003,Rabi,Wheat,143548,365487,2.546096079
Uttar Pradesh,MAHARAJGANJ,2003,Summer,Maize,441,603,1.367346939
Uttar Pradesh,MAHARAJGANJ,2003,Summer,Moong(Green Gram),78,42,0.538461538
Uttar Pradesh,MAHARAJGANJ,2003,Summer,Onion,278,2831,10.18345324
Uttar Pradesh,MAHARAJGANJ,2003,Summer,Rice,214,588,2.747663551
Uttar Pradesh,MAHARAJGANJ,2003,Summer,Urad,36,18,0.5
Uttar Pradesh,MAHARAJGANJ,2003,Whole Year,Potato,3019,42372,14.03511096
Uttar Pradesh,MAHARAJGANJ,2003,Whole Year,Sannhamp,6,2,0.333333333
Uttar Pradesh,MAHARAJGANJ,2003,Whole Year,Sugarcane,20595,999928,48.55197864
Uttar Pradesh,MAHARAJGANJ,2003,Whole Year,Turmeric,21,38,1.80952381
Uttar Pradesh,MAHARAJGANJ,2004,Kharif,Groundnut,1315,848,0.64486692
Uttar Pradesh,MAHARAJGANJ,2004,Kharif,Maize,151,188,1.245033113
Uttar Pradesh,MAHARAJGANJ,2004,Kharif,Rice,171788,385422,2.243590938
Uttar Pradesh,MAHARAJGANJ,2004,Kharif,Sannhamp,15,4,0.266666667
Uttar Pradesh,MAHARAJGANJ,2004,Kharif,Sesamum,133,22,0.165413534
Uttar Pradesh,MAHARAJGANJ,2004,Kharif,Small millets,15,5,0.333333333
Uttar Pradesh,MAHARAJGANJ,2004,Kharif,Sugarcane,17972,1022535,56.8960049
Uttar Pradesh,MAHARAJGANJ,2004,Rabi,Barley,104,201,1.932692308
Uttar Pradesh,MAHARAJGANJ,2004,Rabi,Gram,96,82,0.854166667
Uttar Pradesh,MAHARAJGANJ,2004,Rabi,Linseed,391,180,0.460358056
Uttar Pradesh,MAHARAJGANJ,2004,Rabi,Maize,8,38,4.75
Uttar Pradesh,MAHARAJGANJ,2004,Rabi,Potato,2875,43381,15.08904348
Uttar Pradesh,MAHARAJGANJ,2004,Rabi,Rapeseed &Mustard,4879,2715,0.556466489
Uttar Pradesh,MAHARAJGANJ,2004,Rabi,Turmeric,36,63,1.75
Uttar Pradesh,MAHARAJGANJ,2004,Rabi,Wheat,148003,369882,2.499152044
Uttar Pradesh,MAHARAJGANJ,2004,Whole Year,Banana,181,6583,36.37016575
Uttar Pradesh,MAHARAJGANJ,2004,Whole Year,Dry chillies,25,23,0.92
Uttar Pradesh,MAHARAJGANJ,2004,Whole Year,Garlic,1,4,4
Uttar Pradesh,MAHARAJGANJ,2004,Whole Year,Onion,314,3828,12.1910828
Uttar Pradesh,MAHARAJGANJ,2004,Whole Year,Sweet potato,9,105,11.66666667
Uttar Pradesh,MAHARAJGANJ,2005,Kharif,Bajra,2,3,1.5
Uttar Pradesh,MAHARAJGANJ,2005,Kharif,Maize,188,312,1.659574468
Uttar Pradesh,MAHARAJGANJ,2005,Kharif,Rice,158717,370763,2.336000554
Uttar Pradesh,MAHARAJGANJ,2005,Kharif,Sannhamp,6,2,0.333333333
Uttar Pradesh,MAHARAJGANJ,2005,Kharif,Sesamum,1,,
Uttar Pradesh,MAHARAJGANJ,2005,Kharif,Small millets,2,2,1
Uttar Pradesh,MAHARAJGANJ,2005,Kharif,Sugarcane,22815,1369356,60.01998685
Uttar Pradesh,MAHARAJGANJ,2005,Rabi,Barley,100,104,1.04
Uttar Pradesh,MAHARAJGANJ,2005,Rabi,Gram,43,38,0.88372093
Uttar Pradesh,MAHARAJGANJ,2005,Rabi,Linseed,416,172,0.413461538
Uttar Pradesh,MAHARAJGANJ,2005,Rabi,Potato,1871,41970,22.43185462
Uttar Pradesh,MAHARAJGANJ,2005,Rabi,Rapeseed &Mustard,3286,1415,0.430614729
Uttar Pradesh,MAHARAJGANJ,2005,Rabi,Turmeric,21,94,4.476190476
Uttar Pradesh,MAHARAJGANJ,2005,Rabi,Wheat,142975,202596,1.417002973
Uttar Pradesh,MAHARAJGANJ,2005,Whole Year,Banana,201,7659,38.10447761
Uttar Pradesh,MAHARAJGANJ,2005,Whole Year,Coriander,30,17,0.566666667
Uttar Pradesh,MAHARAJGANJ,2005,Whole Year,Dry chillies,25,23,0.92
Uttar Pradesh,MAHARAJGANJ,2005,Whole Year,Onion,376,4851,12.90159574
Uttar Pradesh,MAHARAJGANJ,2005,Whole Year,Sweet potato,3,39,13
Uttar Pradesh,MAHARAJGANJ,2006,Kharif,Arhar/Tur,734,396,0.539509537
Uttar Pradesh,MAHARAJGANJ,2006,Kharif,Bajra,21,34,1.619047619
Uttar Pradesh,MAHARAJGANJ,2006,Kharif,Dry ginger,2,6,3
Uttar Pradesh,MAHARAJGANJ,2006,Kharif,Groundnut,1267,1178,0.929755328
Uttar Pradesh,MAHARAJGANJ,2006,Kharif,Maize,247,308,1.246963563
Uttar Pradesh,MAHARAJGANJ,2006,Kharif,Other Kharif pulses,161,85,0.527950311
Uttar Pradesh,MAHARAJGANJ,2006,Kharif,Rice,168666,389281,2.307999241
Uttar Pradesh,MAHARAJGANJ,2006,Kharif,Sannhamp,15,4,0.266666667
Uttar Pradesh,MAHARAJGANJ,2006,Kharif,Sesamum,133,22,0.165413534
Uttar Pradesh,MAHARAJGANJ,2006,Kharif,Small millets,1,1,1
Uttar Pradesh,MAHARAJGANJ,2006,Kharif,Sugarcane,22711,1143453,50.34798115
Uttar Pradesh,MAHARAJGANJ,2006,Kharif,Sweet potato,15,205,13.66666667
Uttar Pradesh,MAHARAJGANJ,2006,Rabi,Barley,98,191,1.948979592
Uttar Pradesh,MAHARAJGANJ,2006,Rabi,Garlic,13,57,4.384615385
Uttar Pradesh,MAHARAJGANJ,2006,Rabi,Gram,49,35,0.714285714
Uttar Pradesh,MAHARAJGANJ,2006,Rabi,Linseed,315,110,0.349206349
Uttar Pradesh,MAHARAJGANJ,2006,Rabi,Maize,8,26,3.25
Uttar Pradesh,MAHARAJGANJ,2006,Rabi,Masoor,9610,5901,0.614047867
Uttar Pradesh,MAHARAJGANJ,2006,Rabi,Onion,24,460,19.16666667
Uttar Pradesh,MAHARAJGANJ,2006,Rabi,Other  Rabi pulses,1383,1338,0.967462039
Uttar Pradesh,MAHARAJGANJ,2006,Rabi,Potato,3164,58313,18.43015171
Uttar Pradesh,MAHARAJGANJ,2006,Rabi,Rapeseed &Mustard,5301,2258,0.425957367
Uttar Pradesh,MAHARAJGANJ,2006,Rabi,Turmeric,41,140,3.414634146
Uttar Pradesh,MAHARAJGANJ,2006,Rabi,Wheat,143903,400133,2.780574415
Uttar Pradesh,MAHARAJGANJ,2006,Summer,Maize,453,601,1.326710817
Uttar Pradesh,MAHARAJGANJ,2006,Summer,Onion,298,3470,11.6442953
Uttar Pradesh,MAHARAJGANJ,2006,Summer,Rice,187,432,2.310160428
Uttar Pradesh,MAHARAJGANJ,2006,Whole Year,Banana,252,9782,38.81746032
Uttar Pradesh,MAHARAJGANJ,2006,Whole Year,Coriander,76,39,0.513157895
Uttar Pradesh,MAHARAJGANJ,2006,Whole Year,Dry chillies,24,23,0.958333333
Uttar Pradesh,MAHARAJGANJ,2006,Whole Year,Guar seed,2,2,1
Uttar Pradesh,MAHARAJGANJ,2007,Kharif,Arhar/Tur,862,517,0.599767981
Uttar Pradesh,MAHARAJGANJ,2007,Kharif,Bajra,2,3,1.5
Uttar Pradesh,MAHARAJGANJ,2007,Kharif,Dry chillies,25,24,0.96
Uttar Pradesh,MAHARAJGANJ,2007,Kharif,Dry ginger,1,2,2
Uttar Pradesh,MAHARAJGANJ,2007,Kharif,Groundnut,1945,1480,0.76092545
Uttar Pradesh,MAHARAJGANJ,2007,Kharif,Maize,163,83,0.509202454
Uttar Pradesh,MAHARAJGANJ,2007,Kharif,Rice,161982,358952,2.215999309
Uttar Pradesh,MAHARAJGANJ,2007,Kharif,Sannhamp,5,1,0.2
Uttar Pradesh,MAHARAJGANJ,2007,Kharif,Sesamum,214,33,0.154205607
Uttar Pradesh,MAHARAJGANJ,2007,Kharif,Small millets,5,3,0.6
Uttar Pradesh,MAHARAJGANJ,2007,Kharif,Sugarcane,19911,1117087,56.10401286
Uttar Pradesh,MAHARAJGANJ,2007,Kharif,Sweet potato,2,27,13.5
Uttar Pradesh,MAHARAJGANJ,2007,Kharif,Urad,18,8,0.444444444
Uttar Pradesh,MAHARAJGANJ,2007,Rabi,Barley,56,133,2.375
Uttar Pradesh,MAHARAJGANJ,2007,Rabi,Coriander,31,18,0.580645161
Uttar Pradesh,MAHARAJGANJ,2007,Rabi,Gram,8,6,0.75
Uttar Pradesh,MAHARAJGANJ,2007,Rabi,Linseed,320,80,0.25
Uttar Pradesh,MAHARAJGANJ,2007,Rabi,Maize,1,3,3
Uttar Pradesh,MAHARAJGANJ,2007,Rabi,Masoor,9489,7866,0.828959848
Uttar Pradesh,MAHARAJGANJ,2007,Rabi,Onion,14,196,14
Uttar Pradesh,MAHARAJGANJ,2007,Rabi,Other  Rabi pulses,1128,1058,0.937943262
Uttar Pradesh,MAHARAJGANJ,2007,Rabi,Potato,2730,59994,21.97582418
Uttar Pradesh,MAHARAJGANJ,2007,Rabi,Rapeseed &Mustard,4292,2522,0.587604846
Uttar Pradesh,MAHARAJGANJ,2007,Rabi,Turmeric,44,135,3.068181818
Uttar Pradesh,MAHARAJGANJ,2007,Rabi,Wheat,149600,444162,2.968997326
Uttar Pradesh,MAHARAJGANJ,2007,Summer,Maize,357,513,1.43697479
Uttar Pradesh,MAHARAJGANJ,2007,Summer,Moong(Green Gram),67,43,0.641791045
Uttar Pradesh,MAHARAJGANJ,2007,Summer,Onion,289,3902,13.5017301
Uttar Pradesh,MAHARAJGANJ,2007,Summer,Rice,106,235,2.216981132
Uttar Pradesh,MAHARAJGANJ,2007,Summer,Sunflower,1,2,2
Uttar Pradesh,MAHARAJGANJ,2007,Summer,Urad,49,27,0.551020408
Uttar Pradesh,MAHARAJGANJ,2008,Kharif,Arhar/Tur,567,371,0.654320988
Uttar Pradesh,MAHARAJGANJ,2008,Kharif,Bajra,1,2,2
Uttar Pradesh,MAHARAJGANJ,2008,Kharif,Dry chillies,21,21,1
Uttar Pradesh,MAHARAJGANJ,2008,Kharif,Groundnut,1205,1079,0.895435685
Uttar Pradesh,MAHARAJGANJ,2008,Kharif,Maize,119,46,0.386554622
Uttar Pradesh,MAHARAJGANJ,2008,Kharif,Rice,165274,381287,2.306999286
Uttar Pradesh,MAHARAJGANJ,2008,Kharif,Sesamum,3,1,0.333333333
Uttar Pradesh,MAHARAJGANJ,2008,Kharif,Small millets,1,1,1
Uttar Pradesh,MAHARAJGANJ,2008,Kharif,Sugarcane,19090,996651,52.20801467
Uttar Pradesh,MAHARAJGANJ,2008,Kharif,Sweet potato,5,61,12.2
Uttar Pradesh,MAHARAJGANJ,2008,Kharif,Urad,10,5,0.5
Uttar Pradesh,MAHARAJGANJ,2008,Rabi,Barley,98,229,2.336734694
Uttar Pradesh,MAHARAJGANJ,2008,Rabi,Coriander,30,18,0.6
Uttar Pradesh,MAHARAJGANJ,2008,Rabi,Garlic,1,6,6
Uttar Pradesh,MAHARAJGANJ,2008,Rabi,Gram,52,49,0.942307692
Uttar Pradesh,MAHARAJGANJ,2008,Rabi,Linseed,266,120,0.45112782
Uttar Pradesh,MAHARAJGANJ,2008,Rabi,Maize,1,3,3
Uttar Pradesh,MAHARAJGANJ,2008,Rabi,Masoor,10207,7114,0.696972666
Uttar Pradesh,MAHARAJGANJ,2008,Rabi,Onion,11,129,11.72727273
Uttar Pradesh,MAHARAJGANJ,2008,Rabi,Peas & beans (Pulses),1003,1211,1.207377866
Uttar Pradesh,MAHARAJGANJ,2008,Rabi,Potato,2630,29419,11.18593156
Uttar Pradesh,MAHARAJGANJ,2008,Rabi,Rapeseed &Mustard,3462,2160,0.623916811
Uttar Pradesh,MAHARAJGANJ,2008,Rabi,Wheat,146715,413443,2.818000886
Uttar Pradesh,MAHARAJGANJ,2008,Summer,Banana,201,7659,38.10447761
Uttar Pradesh,MAHARAJGANJ,2008,Summer,Maize,226,338,1.495575221
Uttar Pradesh,MAHARAJGANJ,2008,Summer,Moong(Green Gram),31,23,0.741935484
Uttar Pradesh,MAHARAJGANJ,2008,Summer,Rice,155,357,2.303225806
Uttar Pradesh,MAHARAJGANJ,2008,Summer,Sunflower,1,2,2
Uttar Pradesh,MAHARAJGANJ,2008,Summer,Urad,50,31,0.62
Uttar Pradesh,MAHARAJGANJ,2009,Kharif,Arhar/Tur,633,409,0.646129542
Uttar Pradesh,MAHARAJGANJ,2009,Kharif,Bajra,1,2,2
Uttar Pradesh,MAHARAJGANJ,2009,Kharif,Dry chillies,10,9,0.9
Uttar Pradesh,MAHARAJGANJ,2009,Kharif,Groundnut,1352,911,0.673816568
Uttar Pradesh,MAHARAJGANJ,2009,Kharif,Maize,191,191,1
Uttar Pradesh,MAHARAJGANJ,2009,Kharif,Rice,167645,407210,2.42900176
Uttar Pradesh,MAHARAJGANJ,2009,Kharif,Sesamum,108,11,0.101851852
Uttar Pradesh,MAHARAJGANJ,2009,Kharif,Sugarcane,13746,703410,51.1719773
Uttar Pradesh,MAHARAJGANJ,2009,Kharif,Sweet potato,5,68,13.6
Uttar Pradesh,MAHARAJGANJ,2009,Kharif,Urad,6,2,0.333333333
Uttar Pradesh,MAHARAJGANJ,2009,Rabi,Barley,65,150,2.307692308
Uttar Pradesh,MAHARAJGANJ,2009,Rabi,Coriander,40,23,0.575
Uttar Pradesh,MAHARAJGANJ,2009,Rabi,Garlic,3,16,5.333333333
Uttar Pradesh,MAHARAJGANJ,2009,Rabi,Gram,7,5,0.714285714
Uttar Pradesh,MAHARAJGANJ,2009,Rabi,Linseed,185,82,0.443243243
Uttar Pradesh,MAHARAJGANJ,2009,Rabi,Maize,19,58,3.052631579
Uttar Pradesh,MAHARAJGANJ,2009,Rabi,Masoor,10098,7584,0.75103981
Uttar Pradesh,MAHARAJGANJ,2009,Rabi,Onion,71,1219,17.16901408
Uttar Pradesh,MAHARAJGANJ,2009,Rabi,Peas & beans (Pulses),1295,1662,1.283397683
Uttar Pradesh,MAHARAJGANJ,2009,Rabi,Potato,2767,68804,24.86591977
Uttar Pradesh,MAHARAJGANJ,2009,Rabi,Rapeseed &Mustard,3547,2666,0.751621088
Uttar Pradesh,MAHARAJGANJ,2009,Rabi,Turmeric,1,3,3
Uttar Pradesh,MAHARAJGANJ,2009,Rabi,Wheat,147110,432651,2.941003331
Uttar Pradesh,MAHARAJGANJ,2009,Summer,Banana,208,8553,41.12019231
Uttar Pradesh,MAHARAJGANJ,2009,Summer,Maize,410,596,1.453658537
Uttar Pradesh,MAHARAJGANJ,2009,Summer,Moong(Green Gram),61,44,0.721311475
Uttar Pradesh,MAHARAJGANJ,2009,Summer,Onion,450,6252,13.89333333
Uttar Pradesh,MAHARAJGANJ,2009,Summer,Rice,94,228,2.425531915
Uttar Pradesh,MAHARAJGANJ,2009,Summer,Sunflower,10,22,2.2
Uttar Pradesh,MAHARAJGANJ,2009,Summer,Urad,72,45,0.625
Uttar Pradesh,MAHARAJGANJ,2010,Kharif,Arhar/Tur,396,269,0.679292929
Uttar Pradesh,MAHARAJGANJ,2010,Kharif,Dry chillies,27,24,0.888888889
Uttar Pradesh,MAHARAJGANJ,2010,Kharif,Dry ginger,1,3,3
Uttar Pradesh,MAHARAJGANJ,2010,Kharif,Groundnut,1094,1341,1.225776965
Uttar Pradesh,MAHARAJGANJ,2010,Kharif,Guar seed,24,20,0.833333333
Uttar Pradesh,MAHARAJGANJ,2010,Kharif,Maize,78,91,1.166666667
Uttar Pradesh,MAHARAJGANJ,2010,Kharif,Rice,167451,363536,2.170999277
Uttar Pradesh,MAHARAJGANJ,2010,Kharif,Sesamum,50,10,0.2
Uttar Pradesh,MAHARAJGANJ,2010,Kharif,Small millets,1,1,1
Uttar Pradesh,MAHARAJGANJ,2010,Kharif,Sugarcane,18632,1059788,56.87999141
Uttar Pradesh,MAHARAJGANJ,2010,Kharif,Sweet potato,6,74,12.33333333
Uttar Pradesh,MAHARAJGANJ,2010,Kharif,Urad,16,11,0.6875
Uttar Pradesh,MAHARAJGANJ,2010,Rabi,Barley,52,138,2.653846154
Uttar Pradesh,MAHARAJGANJ,2010,Rabi,Gram,17,16,0.941176471
Uttar Pradesh,MAHARAJGANJ,2010,Rabi,Linseed,166,76,0.457831325
Uttar Pradesh,MAHARAJGANJ,2010,Rabi,Masoor,6427,4974,0.773922514
Uttar Pradesh,MAHARAJGANJ,2010,Rabi,Onion,11,203,18.45454545
Uttar Pradesh,MAHARAJGANJ,2010,Rabi,Peas & beans (Pulses),1039,1211,1.165543792
Uttar Pradesh,MAHARAJGANJ,2010,Rabi,Potato,2111,37798,17.90525817
Uttar Pradesh,MAHARAJGANJ,2010,Rabi,Rapeseed &Mustard,3228,2498,0.773853779
Uttar Pradesh,MAHARAJGANJ,2010,Rabi,Turmeric,3,10,3.333333333
Uttar Pradesh,MAHARAJGANJ,2010,Rabi,Wheat,150724,479001,3.178000849
Uttar Pradesh,MAHARAJGANJ,2010,Summer,Maize,341,500,1.46627566
Uttar Pradesh,MAHARAJGANJ,2010,Summer,Moong(Green Gram),42,38,0.904761905
Uttar Pradesh,MAHARAJGANJ,2010,Summer,Rice,28,61,2.178571429
Uttar Pradesh,MAHARAJGANJ,2010,Summer,Sunflower,2,4,2
Uttar Pradesh,MAHARAJGANJ,2010,Summer,Urad,97,60,0.618556701
Uttar Pradesh,MAHARAJGANJ,2011,Kharif,Arhar/Tur,661,540,0.816944024
Uttar Pradesh,MAHARAJGANJ,2011,Kharif,Bajra,273,556,2.036630037
Uttar Pradesh,MAHARAJGANJ,2011,Kharif,Dry chillies,14,12,0.857142857
Uttar Pradesh,MAHARAJGANJ,2011,Kharif,Dry ginger,1,3,3
Uttar Pradesh,MAHARAJGANJ,2011,Kharif,Groundnut,1042,1008,0.967370441
Uttar Pradesh,MAHARAJGANJ,2011,Kharif,Guar seed,2,1,0.5
Uttar Pradesh,MAHARAJGANJ,2011,Kharif,Jowar,1,1,1
Uttar Pradesh,MAHARAJGANJ,2011,Kharif,Maize,93,162,1.741935484
Uttar Pradesh,MAHARAJGANJ,2011,Kharif,Rice,166780,399271,2.393998081
Uttar Pradesh,MAHARAJGANJ,2011,Kharif,Sesamum,48,10,0.208333333
Uttar Pradesh,MAHARAJGANJ,2011,Kharif,Sugarcane,18812,1121872,59.63597704
Uttar Pradesh,MAHARAJGANJ,2011,Kharif,Sweet potato,3,39,13
Uttar Pradesh,MAHARAJGANJ,2011,Kharif,Urad,19,13,0.684210526
Uttar Pradesh,MAHARAJGANJ,2011,Rabi,Barley,71,195,2.746478873
Uttar Pradesh,MAHARAJGANJ,2011,Rabi,Coriander,55,30,0.545454545
Uttar Pradesh,MAHARAJGANJ,2011,Rabi,Gram,52,56,1.076923077
Uttar Pradesh,MAHARAJGANJ,2011,Rabi,Linseed,219,100,0.456621005
Uttar Pradesh,MAHARAJGANJ,2011,Rabi,Maize,8,21,2.625
Uttar Pradesh,MAHARAJGANJ,2011,Rabi,Masoor,8508,5556,0.65303244
Uttar Pradesh,MAHARAJGANJ,2011,Rabi,Onion,16,366,22.875
Uttar Pradesh,MAHARAJGANJ,2011,Rabi,Peas & beans (Pulses),1218,1318,1.082101806
Uttar Pradesh,MAHARAJGANJ,2011,Rabi,Potato,2296,39138,17.04616725
Uttar Pradesh,MAHARAJGANJ,2011,Rabi,Rapeseed &Mustard,3506,2458,0.701083856
Uttar Pradesh,MAHARAJGANJ,2011,Rabi,Turmeric,5,14,2.8
Uttar Pradesh,MAHARAJGANJ,2011,Rabi,Wheat,149390,490896,3.286003079
Uttar Pradesh,MAHARAJGANJ,2011,Summer,Banana,174,7602,43.68965517
Uttar Pradesh,MAHARAJGANJ,2011,Summer,Maize,402,664,1.651741294
Uttar Pradesh,MAHARAJGANJ,2011,Summer,Moong(Green Gram),42,35,0.833333333
Uttar Pradesh,MAHARAJGANJ,2011,Summer,Onion,321,3477,10.8317757
Uttar Pradesh,MAHARAJGANJ,2011,Summer,Rice,19,45,2.368421053
Uttar Pradesh,MAHARAJGANJ,2011,Summer,Sunflower,7,12,1.714285714
Uttar Pradesh,MAHARAJGANJ,2011,Summer,Tobacco,5,15,3
Uttar Pradesh,MAHARAJGANJ,2011,Summer,Urad,44,29,0.659090909
Uttar Pradesh,MAHARAJGANJ,2012,Kharif,Arhar/Tur,397,285,0.717884131
Uttar Pradesh,MAHARAJGANJ,2012,Kharif,Dry chillies,13,10,0.769230769
Uttar Pradesh,MAHARAJGANJ,2012,Kharif,Groundnut,1075,1714,1.594418605
Uttar Pradesh,MAHARAJGANJ,2012,Kharif,Guar seed,5,4,0.8
Uttar Pradesh,MAHARAJGANJ,2012,Kharif,Maize,59,117,1.983050847
Uttar Pradesh,MAHARAJGANJ,2012,Kharif,Rice,164762,405150,2.459001469
Uttar Pradesh,MAHARAJGANJ,2012,Kharif,Sesamum,74,14,0.189189189
Uttar Pradesh,MAHARAJGANJ,2012,Kharif,Sugarcane,18611,1130283,60.73198646
Uttar Pradesh,MAHARAJGANJ,2012,Kharif,Sweet potato,2,26,13
Uttar Pradesh,MAHARAJGANJ,2012,Kharif,Urad,6,4,0.666666667
Uttar Pradesh,MAHARAJGANJ,2012,Rabi,Barley,58,159,2.74137931
Uttar Pradesh,MAHARAJGANJ,2012,Rabi,Coriander,36,20,0.555555556
Uttar Pradesh,MAHARAJGANJ,2012,Rabi,Garlic,1,5,5
Uttar Pradesh,MAHARAJGANJ,2012,Rabi,Gram,20,19,0.95
Uttar Pradesh,MAHARAJGANJ,2012,Rabi,Linseed,136,61,0.448529412
Uttar Pradesh,MAHARAJGANJ,2012,Rabi,Maize,3,9,3
Uttar Pradesh,MAHARAJGANJ,2012,Rabi,Masoor,10144,7679,0.756999211
Uttar Pradesh,MAHARAJGANJ,2012,Rabi,Onion,14,322,23
Uttar Pradesh,MAHARAJGANJ,2012,Rabi,Peas & beans (Pulses),1192,1238,1.038590604
Uttar Pradesh,MAHARAJGANJ,2012,Rabi,Potato,2553,54667,21.41284763
Uttar Pradesh,MAHARAJGANJ,2012,Rabi,Rapeseed &Mustard,3124,2075,0.664212548
Uttar Pradesh,MAHARAJGANJ,2012,Rabi,Turmeric,3,9,3
Uttar Pradesh,MAHARAJGANJ,2012,Rabi,Wheat,154351,510902,3.310001231
Uttar Pradesh,MAHARAJGANJ,2012,Summer,Banana,159,7100,44.65408805
Uttar Pradesh,MAHARAJGANJ,2012,Summer,Maize,300,554,1.846666667
Uttar Pradesh,MAHARAJGANJ,2012,Summer,Moong(Green Gram),43,35,0.813953488
Uttar Pradesh,MAHARAJGANJ,2012,Summer,Onion,285,3101,10.88070175
Uttar Pradesh,MAHARAJGANJ,2012,Summer,Rice,20,49,2.45
Uttar Pradesh,MAHARAJGANJ,2012,Summer,Sunflower,12,9,0.75
Uttar Pradesh,MAHARAJGANJ,2012,Summer,Urad,50,35,0.7
Uttar Pradesh,MAHARAJGANJ,2013,Kharif,Arhar/Tur,467,434,0.929336188
Uttar Pradesh,MAHARAJGANJ,2013,Kharif,Dry chillies,6,5,0.833333333
Uttar Pradesh,MAHARAJGANJ,2013,Kharif,Groundnut,1308,1377,1.052752294
Uttar Pradesh,MAHARAJGANJ,2013,Kharif,Maize,34,67,1.970588235
Uttar Pradesh,MAHARAJGANJ,2013,Kharif,Rice,161164,398397,2.471997468
Uttar Pradesh,MAHARAJGANJ,2013,Kharif,Sesamum,83,12,0.144578313
Uttar Pradesh,MAHARAJGANJ,2013,Kharif,Sugarcane,18510,1129480,61.0199892
Uttar Pradesh,MAHARAJGANJ,2013,Kharif,Sweet potato,2,27,13.5
Uttar Pradesh,MAHARAJGANJ,2013,Kharif,Urad,63,28,0.444444444
Uttar Pradesh,MAHARAJGANJ,2013,Rabi,Barley,113,344,3.044247788
Uttar Pradesh,MAHARAJGANJ,2013,Rabi,Coriander,14,8,0.571428571
Uttar Pradesh,MAHARAJGANJ,2013,Rabi,Gram,123,81,0.658536585
Uttar Pradesh,MAHARAJGANJ,2013,Rabi,Linseed,76,31,0.407894737
Uttar Pradesh,MAHARAJGANJ,2013,Rabi,Maize,51,181,3.549019608
Uttar Pradesh,MAHARAJGANJ,2013,Rabi,Masoor,9465,5745,0.606973059
Uttar Pradesh,MAHARAJGANJ,2013,Rabi,Onion,50,1017,20.34
Uttar Pradesh,MAHARAJGANJ,2013,Rabi,Peas & beans (Pulses),1180,687,0.58220339
Uttar Pradesh,MAHARAJGANJ,2013,Rabi,Potato,2737,42443,15.50712459
Uttar Pradesh,MAHARAJGANJ,2013,Rabi,Rapeseed &Mustard,3511,2500,0.71204785
Uttar Pradesh,MAHARAJGANJ,2013,Rabi,Turmeric,3,9,3
Uttar Pradesh,MAHARAJGANJ,2013,Rabi,Wheat,148850,500136,3.36
Uttar Pradesh,MAHARAJGANJ,2013,Summer,Banana,112,4877,43.54464286
Uttar Pradesh,MAHARAJGANJ,2013,Summer,Maize,321,590,1.838006231
Uttar Pradesh,MAHARAJGANJ,2013,Summer,Moong(Green Gram),40,27,0.675
Uttar Pradesh,MAHARAJGANJ,2013,Summer,Onion,348,4682,13.45402299
Uttar Pradesh,MAHARAJGANJ,2013,Summer,Rice,110,272,2.472727273
Uttar Pradesh,MAHARAJGANJ,2013,Summer,Sunflower,12,19,1.583333333
Uttar Pradesh,MAHARAJGANJ,2013,Summer,Urad,60,35,0.583333333
Uttar Pradesh,MAHARAJGANJ,2014,Kharif,Arhar/Tur,301,109,0.362126246
Uttar Pradesh,MAHARAJGANJ,2014,Kharif,Dry chillies,8,7,0.875
Uttar Pradesh,MAHARAJGANJ,2014,Kharif,Groundnut,1154,1800,1.559792028
Uttar Pradesh,MAHARAJGANJ,2014,Kharif,Maize,79,161,2.037974684
Uttar Pradesh,MAHARAJGANJ,2014,Kharif,Rice,165814,406742,2.453001556
Uttar Pradesh,MAHARAJGANJ,2014,Kharif,Sesamum,35,7,0.2
Uttar Pradesh,MAHARAJGANJ,2014,Kharif,Soyabean,6,4,0.666666667
Uttar Pradesh,MAHARAJGANJ,2014,Kharif,Sugarcane,15932,952033,59.75602561
Uttar Pradesh,MAHARAJGANJ,2014,Kharif,Urad,18,10,0.555555556
Uttar Pradesh,MAHARAJGANJ,2014,Rabi,Barley,66,120,1.818181818
Uttar Pradesh,MAHARAJGANJ,2014,Rabi,Coriander,42,20,0.476190476
Uttar Pradesh,MAHARAJGANJ,2014,Rabi,Garlic,1,6,6
Uttar Pradesh,MAHARAJGANJ,2014,Rabi,Gram,24,9,0.375
Uttar Pradesh,MAHARAJGANJ,2014,Rabi,Linseed,171,99,0.578947368
Uttar Pradesh,MAHARAJGANJ,2014,Rabi,Maize,8,29,3.625
Uttar Pradesh,MAHARAJGANJ,2014,Rabi,Masoor,8508,3599,0.423013634
Uttar Pradesh,MAHARAJGANJ,2014,Rabi,Onion,21,321,15.28571429
Uttar Pradesh,MAHARAJGANJ,2014,Rabi,Peas & beans (Pulses),1042,505,0.484644914
Uttar Pradesh,MAHARAJGANJ,2014,Rabi,Potato,2296,38933,16.95688153
Uttar Pradesh,MAHARAJGANJ,2014,Rabi,Rapeseed &Mustard,3409,1510,0.442945145
Uttar Pradesh,MAHARAJGANJ,2014,Rabi,Turmeric,3,8,2.666666667
Uttar Pradesh,MAHARAJGANJ,2014,Rabi,Wheat,152333,361486,2.372998628
Uttar Pradesh,MAHARAJGANJ,2014,Summer,Banana,73,3293,45.10958904
Uttar Pradesh,MAHARAJGANJ,2014,Summer,Maize,380,676,1.778947368
Uttar Pradesh,MAHARAJGANJ,2014,Summer,Moong(Green Gram),74,50,0.675675676
Uttar Pradesh,MAHARAJGANJ,2014,Summer,Onion,332,2778,8.36746988
Uttar Pradesh,MAHARAJGANJ,2014,Summer,Rice,110,270,2.454545455
Uttar Pradesh,MAHARAJGANJ,2014,Summer,Sunflower,16,27,1.6875
Uttar Pradesh,MAHARAJGANJ,2014,Summer,Urad,65,35,0.538461538
Uttar Pradesh,MAHOBA,1997,Kharif,Arhar/Tur,4432,4268,0.96299639
Uttar Pradesh,MAHOBA,1997,Kharif,Bajra,8,6,0.75
Uttar Pradesh,MAHOBA,1997,Kharif,Groundnut,11048,7623,0.689989138
Uttar Pradesh,MAHOBA,1997,Kharif,Jowar,12750,8614,0.675607843
Uttar Pradesh,MAHOBA,1997,Kharif,Maize,1,2,2
Uttar Pradesh,MAHOBA,1997,Kharif,Moong(Green Gram),4365,1353,0.309965636
Uttar Pradesh,MAHOBA,1997,Kharif,Rice,1042,1173,1.12571977
Uttar Pradesh,MAHOBA,1997,Kharif,Sesamum,5297,609,0.114970738
Uttar Pradesh,MAHOBA,1997,Kharif,Small millets,397,262,0.659949622
Uttar Pradesh,MAHOBA,1997,Kharif,Soyabean,894,721,0.806487696
Uttar Pradesh,MAHOBA,1997,Kharif,Urad,16692,6176,0.369997604
Uttar Pradesh,MAHOBA,1997,Rabi,Barley,2345,4202,1.791897655
Uttar Pradesh,MAHOBA,1997,Rabi,Gram,46394,34383,0.741108764
Uttar Pradesh,MAHOBA,1997,Rabi,Linseed,10753,4258,0.395982517
Uttar Pradesh,MAHOBA,1997,Rabi,Masoor,13344,9781,0.732988609
Uttar Pradesh,MAHOBA,1997,Rabi,Peas & beans (Pulses),43662,53137,1.217007925
Uttar Pradesh,MAHOBA,1997,Rabi,Rapeseed &Mustard,3455,1423,0.41186686
Uttar Pradesh,MAHOBA,1997,Rabi,Sunflower,51,69,1.352941176
Uttar Pradesh,MAHOBA,1997,Rabi,Wheat,69343,118336,1.706531301
Uttar Pradesh,MAHOBA,1997,Summer,Moong(Green Gram),2,1,0.5
Uttar Pradesh,MAHOBA,1997,Whole Year,Potato,67,983,14.67164179
Uttar Pradesh,MAHOBA,1997,Whole Year,Sugarcane,1027,39485,38.44693281
Uttar Pradesh,MAHOBA,1998,Kharif,Arhar/Tur,3238,3494,1.079061149
Uttar Pradesh,MAHOBA,1998,Kharif,Bajra,2,1,0.5
Uttar Pradesh,MAHOBA,1998,Kharif,Groundnut,11029,5338,0.483996736
Uttar Pradesh,MAHOBA,1998,Kharif,Jowar,9026,4925,0.545645912
Uttar Pradesh,MAHOBA,1998,Kharif,Moong(Green Gram),4108,990,0.240993184
Uttar Pradesh,MAHOBA,1998,Kharif,Rice,869,1408,1.620253165
Uttar Pradesh,MAHOBA,1998,Kharif,Sesamum,5582,687,0.123074167
Uttar Pradesh,MAHOBA,1998,Kharif,Small millets,295,185,0.627118644
Uttar Pradesh,MAHOBA,1998,Kharif,Soyabean,1250,546,0.4368
Uttar Pradesh,MAHOBA,1998,Kharif,Urad,16440,5540,0.336982968
Uttar Pradesh,MAHOBA,1998,Rabi,Barley,2270,4552,2.005286344
Uttar Pradesh,MAHOBA,1998,Rabi,Gram,46558,30835,0.662292195
Uttar Pradesh,MAHOBA,1998,Rabi,Linseed,9957,3555,0.357035252
Uttar Pradesh,MAHOBA,1998,Rabi,Masoor,18697,9966,0.533026689
Uttar Pradesh,MAHOBA,1998,Rabi,Peas & beans (Pulses),52088,52401,1.006009062
Uttar Pradesh,MAHOBA,1998,Rabi,Rapeseed &Mustard,2513,1362,0.541981695
Uttar Pradesh,MAHOBA,1998,Rabi,Sunflower,16,19,1.1875
Uttar Pradesh,MAHOBA,1998,Rabi,Wheat,63669,123021,1.932196202
Uttar Pradesh,MAHOBA,1998,Whole Year,Onion,72,875,12.15277778
Uttar Pradesh,MAHOBA,1998,Whole Year,Potato,127,2898,22.81889764
Uttar Pradesh,MAHOBA,1998,Whole Year,Sannhamp,401,146,0.364089776
Uttar Pradesh,MAHOBA,1998,Whole Year,Sugarcane,893,39812,44.58230683
Uttar Pradesh,MAHOBA,1998,Whole Year,Tobacco,25,150,6
Uttar Pradesh,MAHOBA,1999,Kharif,Arhar/Tur,3235,4661,1.440803709
Uttar Pradesh,MAHOBA,1999,Kharif,Bajra,10,4,0.4
Uttar Pradesh,MAHOBA,1999,Kharif,Groundnut,10875,6764,0.621977011
Uttar Pradesh,MAHOBA,1999,Kharif,Jowar,8729,7751,0.887959675
Uttar Pradesh,MAHOBA,1999,Kharif,Maize,5,4,0.8
Uttar Pradesh,MAHOBA,1999,Kharif,Moong(Green Gram),4618,1284,0.278042443
Uttar Pradesh,MAHOBA,1999,Kharif,Rice,1139,1238,1.086918349
Uttar Pradesh,MAHOBA,1999,Kharif,Small millets,313,187,0.597444089
Uttar Pradesh,MAHOBA,1999,Kharif,Soyabean,593,466,0.785834739
Uttar Pradesh,MAHOBA,1999,Kharif,Sunflower,61,79,1.295081967
Uttar Pradesh,MAHOBA,1999,Kharif,Urad,17139,5690,0.331991365
Uttar Pradesh,MAHOBA,1999,Rabi,Barley,2566,4299,1.675370226
Uttar Pradesh,MAHOBA,1999,Rabi,Gram,42935,29051,0.67662746
Uttar Pradesh,MAHOBA,1999,Rabi,Linseed,8775,3835,0.437037037
Uttar Pradesh,MAHOBA,1999,Rabi,Rapeseed &Mustard,2861,1270,0.443900734
Uttar Pradesh,MAHOBA,1999,Rabi,Wheat,67838,148821,2.193770453
Uttar Pradesh,MAHOBA,1999,Whole Year,Moth,25,10,0.4
Uttar Pradesh,MAHOBA,1999,Whole Year,Onion,156,2199,14.09615385
Uttar Pradesh,MAHOBA,1999,Whole Year,Peas & beans (Pulses),47993,61095,1.272998146
Uttar Pradesh,MAHOBA,1999,Whole Year,Potato,122,2749,22.53278689
Uttar Pradesh,MAHOBA,1999,Whole Year,Sugarcane,991,49435,49.8839556
Uttar Pradesh,MAHOBA,1999,Whole Year,Tobacco,14,76,5.428571429
Uttar Pradesh,MAHOBA,2000,Kharif,Arhar/Tur,3073,2377,0.773511227
Uttar Pradesh,MAHOBA,2000,Kharif,Bajra,4,3,0.75
Uttar Pradesh,MAHOBA,2000,Kharif,Groundnut,11332,7014,0.618955171
Uttar Pradesh,MAHOBA,2000,Kharif,Jowar,7916,6283,0.793708944
Uttar Pradesh,MAHOBA,2000,Kharif,Maize,8,15,1.875
Uttar Pradesh,MAHOBA,2000,Kharif,Moong(Green Gram),4273,1316,0.307980342
Uttar Pradesh,MAHOBA,2000,Kharif,Moth,25,7,0.28
Uttar Pradesh,MAHOBA,2000,Kharif,Rice,1206,1198,0.993366501
Uttar Pradesh,MAHOBA,2000,Kharif,Sesamum,6159,745,0.120961195
Uttar Pradesh,MAHOBA,2000,Kharif,Small millets,287,192,0.668989547
Uttar Pradesh,MAHOBA,2000,Kharif,Soyabean,413,245,0.593220339
Uttar Pradesh,MAHOBA,2000,Kharif,Urad,16821,5467,0.325010404
Uttar Pradesh,MAHOBA,2000,Rabi,Barley,2875,1989,0.691826087
Uttar Pradesh,MAHOBA,2000,Rabi,Gram,48082,25925,0.539183062
Uttar Pradesh,MAHOBA,2000,Rabi,Linseed,7899,2433,0.308013673
Uttar Pradesh,MAHOBA,2000,Rabi,Masoor,25231,7872,0.311997146
Uttar Pradesh,MAHOBA,2000,Rabi,Moong(Green Gram),1,1,1
Uttar Pradesh,MAHOBA,2000,Rabi,Peas & beans (Pulses),44322,25840,0.583006182
Uttar Pradesh,MAHOBA,2000,Rabi,Rapeseed &Mustard,2753,1280,0.46494733
Uttar Pradesh,MAHOBA,2000,Rabi,Wheat,63464,88521,1.394822261
Uttar Pradesh,MAHOBA,2000,Whole Year,Potato,90,1918,21.31111111
Uttar Pradesh,MAHOBA,2000,Whole Year,Sugarcane,1015,43801,43.15369458
Uttar Pradesh,MAHOBA,2001,Kharif,Arhar/Tur,2643,3086,1.167612561
Uttar Pradesh,MAHOBA,2001,Kharif,Bajra,1,1,1
Uttar Pradesh,MAHOBA,2001,Kharif,Groundnut,10382,5243,0.505008669
Uttar Pradesh,MAHOBA,2001,Kharif,Jowar,6854,4844,0.706740589
Uttar Pradesh,MAHOBA,2001,Kharif,Maize,8,9,1.125
Uttar Pradesh,MAHOBA,2001,Kharif,Moong(Green Gram),4365,847,0.194043528
Uttar Pradesh,MAHOBA,2001,Kharif,Moth,2,1,0.5
Uttar Pradesh,MAHOBA,2001,Kharif,Rice,940,1252,1.331914894
Uttar Pradesh,MAHOBA,2001,Kharif,Sesamum,4530,403,0.088962472
Uttar Pradesh,MAHOBA,2001,Kharif,Small millets,205,140,0.682926829
Uttar Pradesh,MAHOBA,2001,Kharif,Soyabean,207,150,0.724637681
Uttar Pradesh,MAHOBA,2001,Kharif,Sunflower,10,19,1.9
Uttar Pradesh,MAHOBA,2001,Kharif,Urad,17707,5826,0.329022421
Uttar Pradesh,MAHOBA,2001,Rabi,Barley,3405,3144,0.923348018
Uttar Pradesh,MAHOBA,2001,Rabi,Gram,66801,54188,0.811185461
Uttar Pradesh,MAHOBA,2001,Rabi,Linseed,7441,3750,0.503964521
Uttar Pradesh,MAHOBA,2001,Rabi,Masoor,25340,15103,0.596014207
Uttar Pradesh,MAHOBA,2001,Rabi,Peas & beans (Pulses),39445,40707,1.031993916
Uttar Pradesh,MAHOBA,2001,Rabi,Rapeseed &Mustard,2977,1061,0.356399059
Uttar Pradesh,MAHOBA,2001,Rabi,Wheat,67182,118679,1.766529725
Uttar Pradesh,MAHOBA,2001,Whole Year,Potato,87,2146,24.66666667
Uttar Pradesh,MAHOBA,2001,Whole Year,Sugarcane,1014,52397,51.67357002
Uttar Pradesh,MAHOBA,2001,Whole Year,Tobacco,22,137,6.227272727
Uttar Pradesh,MAHOBA,2002,Kharif,Bajra,1,0,0
Uttar Pradesh,MAHOBA,2002,Kharif,Groundnut,6972,3061,0.439041882
Uttar Pradesh,MAHOBA,2002,Kharif,Jowar,5854,4122,0.704133926
Uttar Pradesh,MAHOBA,2002,Kharif,Maize,1,,
Uttar Pradesh,MAHOBA,2002,Kharif,Moong(Green Gram),4130,995,0.240920097
Uttar Pradesh,MAHOBA,2002,Kharif,Moth,2,1,0.5
Uttar Pradesh,MAHOBA,2002,Kharif,Rice,758,621,0.819261214
Uttar Pradesh,MAHOBA,2002,Kharif,Sesamum,2861,309,0.108004194
Uttar Pradesh,MAHOBA,2002,Kharif,Small millets,127,70,0.551181102
Uttar Pradesh,MAHOBA,2002,Kharif,Soyabean,74,12,0.162162162
Uttar Pradesh,MAHOBA,2002,Kharif,Sunflower,5,7,1.4
Uttar Pradesh,MAHOBA,2002,Kharif,Urad,21382,7869,0.36801983
Uttar Pradesh,MAHOBA,2002,Rabi,Barley,2818,2435,0.864088006
Uttar Pradesh,MAHOBA,2002,Rabi,Gram,82785,53142,0.641927885
Uttar Pradesh,MAHOBA,2002,Rabi,Linseed,7668,2599,0.338941054
Uttar Pradesh,MAHOBA,2002,Rabi,Masoor,22442,10144,0.452009625
Uttar Pradesh,MAHOBA,2002,Rabi,Onion,69,712,10.31884058
Uttar Pradesh,MAHOBA,2002,Rabi,Peas & beans (Pulses),33286,25797,0.775010515
Uttar Pradesh,MAHOBA,2002,Rabi,Rapeseed &Mustard,2711,878,0.323865732
Uttar Pradesh,MAHOBA,2002,Rabi,Wheat,58607,72264,1.233026772
Uttar Pradesh,MAHOBA,2002,Summer,Onion,26,290,11.15384615
Uttar Pradesh,MAHOBA,2002,Whole Year,Potato,124,2877,23.2016129
Uttar Pradesh,MAHOBA,2002,Whole Year,Sannhamp,225,71,0.315555556
Uttar Pradesh,MAHOBA,2002,Whole Year,Sugarcane,1224,61877,50.55310458
Uttar Pradesh,MAHOBA,2002,Whole Year,Tobacco,26,153,5.884615385
Uttar Pradesh,MAHOBA,2003,Kharif,Arhar/Tur,3431,4081,1.18944914
Uttar Pradesh,MAHOBA,2003,Kharif,Bajra,3,3,1
Uttar Pradesh,MAHOBA,2003,Kharif,Groundnut,7123,2465,0.346062053
Uttar Pradesh,MAHOBA,2003,Kharif,Jowar,8662,5686,0.656430386
Uttar Pradesh,MAHOBA,2003,Kharif,Maize,18,22,1.222222222
Uttar Pradesh,MAHOBA,2003,Kharif,Moong(Green Gram),7340,888,0.120980926
Uttar Pradesh,MAHOBA,2003,Kharif,Moth,3,1,0.333333333
Uttar Pradesh,MAHOBA,2003,Kharif,Rice,759,884,1.164690382
Uttar Pradesh,MAHOBA,2003,Kharif,Sesamum,4569,302,0.066097614
Uttar Pradesh,MAHOBA,2003,Kharif,Soyabean,68,73,1.073529412
Uttar Pradesh,MAHOBA,2003,Kharif,Sunflower,23,38,1.652173913
Uttar Pradesh,MAHOBA,2003,Kharif,Urad,39748,4293,0.108005434
Uttar Pradesh,MAHOBA,2003,Rabi,Barley,2664,2927,1.098723724
Uttar Pradesh,MAHOBA,2003,Rabi,Gram,72727,61048,0.839413148
Uttar Pradesh,MAHOBA,2003,Rabi,Linseed,6609,3490,0.528067786
Uttar Pradesh,MAHOBA,2003,Rabi,Masoor,22116,15238,0.689003436
Uttar Pradesh,MAHOBA,2003,Rabi,Onion,85,1220,14.35294118
Uttar Pradesh,MAHOBA,2003,Rabi,Peas & beans (Pulses),43602,40811,0.935989175
Uttar Pradesh,MAHOBA,2003,Rabi,Rapeseed &Mustard,2138,961,0.4494855
Uttar Pradesh,MAHOBA,2003,Rabi,Wheat,65646,94088,1.433263261
Uttar Pradesh,MAHOBA,2003,Summer,Moong(Green Gram),2,1,0.5
Uttar Pradesh,MAHOBA,2003,Summer,Onion,45,444,9.866666667
Uttar Pradesh,MAHOBA,2003,Whole Year,Potato,129,2698,20.91472868
Uttar Pradesh,MAHOBA,2003,Whole Year,Sannhamp,307,92,0.299674267
Uttar Pradesh,MAHOBA,2003,Whole Year,Sugarcane,1315,55471,42.18326996
Uttar Pradesh,MAHOBA,2003,Whole Year,Tobacco,15,113,7.533333333
Uttar Pradesh,MAHOBA,2004,Kharif,Bajra,23,26,1.130434783
Uttar Pradesh,MAHOBA,2004,Kharif,Groundnut,7647,3556,0.465018962
Uttar Pradesh,MAHOBA,2004,Kharif,Jowar,5769,5027,0.871381522
Uttar Pradesh,MAHOBA,2004,Kharif,Maize,24,37,1.541666667
Uttar Pradesh,MAHOBA,2004,Kharif,Rice,724,784,1.082872928
Uttar Pradesh,MAHOBA,2004,Kharif,Sannhamp,222,62,0.279279279
Uttar Pradesh,MAHOBA,2004,Kharif,Sesamum,7783,763,0.098034177
Uttar Pradesh,MAHOBA,2004,Kharif,Small millets,127,46,0.362204724
Uttar Pradesh,MAHOBA,2004,Kharif,Soyabean,175,72,0.411428571
Uttar Pradesh,MAHOBA,2004,Kharif,Sugarcane,1547,59846,38.68519716
Uttar Pradesh,MAHOBA,2004,Rabi,Barley,2494,3987,1.598636728
Uttar Pradesh,MAHOBA,2004,Rabi,Gram,67115,63068,0.939700514
Uttar Pradesh,MAHOBA,2004,Rabi,Linseed,7578,4456,0.588017947
Uttar Pradesh,MAHOBA,2004,Rabi,Potato,135,3022,22.38518519
Uttar Pradesh,MAHOBA,2004,Rabi,Rapeseed &Mustard,3241,1309,0.403887689
Uttar Pradesh,MAHOBA,2004,Rabi,Wheat,63683,106844,1.677747594
Uttar Pradesh,MAHOBA,2004,Summer,Sunflower,147,289,1.965986395
Uttar Pradesh,MAHOBA,2004,Whole Year,Dry chillies,50,47,0.94
Uttar Pradesh,MAHOBA,2004,Whole Year,Garlic,1,4,4
Uttar Pradesh,MAHOBA,2004,Whole Year,Onion,130,1417,10.9
Uttar Pradesh,MAHOBA,2004,Whole Year,Sweet potato,26,302,11.61538462
Uttar Pradesh,MAHOBA,2004,Whole Year,Tobacco,7,32,4.571428571
Uttar Pradesh,MAHOBA,2005,Kharif,Jowar,5667,3705,0.653785071
Uttar Pradesh,MAHOBA,2005,Kharif,Maize,20,26,1.3
Uttar Pradesh,MAHOBA,2005,Kharif,Rice,406,315,0.775862069
Uttar Pradesh,MAHOBA,2005,Kharif,Sannhamp,218,75,0.344036697
Uttar Pradesh,MAHOBA,2005,Kharif,Sesamum,4447,409,0.091972116
Uttar Pradesh,MAHOBA,2005,Kharif,Small millets,60,40,0.666666667
Uttar Pradesh,MAHOBA,2005,Kharif,Soyabean,11,9,0.818181818
Uttar Pradesh,MAHOBA,2005,Kharif,Sugarcane,1876,59038,31.47014925
Uttar Pradesh,MAHOBA,2005,Rabi,Barley,3709,3701,0.997843084
Uttar Pradesh,MAHOBA,2005,Rabi,Gram,72607,44053,0.606732133
Uttar Pradesh,MAHOBA,2005,Rabi,Linseed,5600,2492,0.445
Uttar Pradesh,MAHOBA,2005,Rabi,Potato,234,5249,22.43162393
Uttar Pradesh,MAHOBA,2005,Rabi,Rapeseed &Mustard,1824,629,0.344846491
Uttar Pradesh,MAHOBA,2005,Rabi,Wheat,64497,74756,1.159061662
Uttar Pradesh,MAHOBA,2005,Summer,Sunflower,23,29,1.260869565
Uttar Pradesh,MAHOBA,2005,Whole Year,Coriander,33,19,0.575757576
Uttar Pradesh,MAHOBA,2005,Whole Year,Dry chillies,26,24,0.923076923
Uttar Pradesh,MAHOBA,2005,Whole Year,Onion,88,1129,12.82954545
Uttar Pradesh,MAHOBA,2005,Whole Year,Sweet potato,17,222,13.05882353
Uttar Pradesh,MAHOBA,2005,Whole Year,Tobacco,15,86,5.733333333
Uttar Pradesh,MAHOBA,2006,Kharif,Arhar/Tur,4843,3056,0.631013834
Uttar Pradesh,MAHOBA,2006,Kharif,Bajra,34,29,0.852941176
Uttar Pradesh,MAHOBA,2006,Kharif,Groundnut,8176,4440,0.543052838
Uttar Pradesh,MAHOBA,2006,Kharif,Jowar,5207,4532,0.870366814
Uttar Pradesh,MAHOBA,2006,Kharif,Maize,17,23,1.352941176
Uttar Pradesh,MAHOBA,2006,Kharif,Other Kharif pulses,44284,16350,0.36920784
Uttar Pradesh,MAHOBA,2006,Kharif,Rice,109,93,0.853211009
Uttar Pradesh,MAHOBA,2006,Kharif,Sannhamp,210,58,0.276190476
Uttar Pradesh,MAHOBA,2006,Kharif,Sesamum,9970,1605,0.160982949
Uttar Pradesh,MAHOBA,2006,Kharif,Small millets,98,61,0.62244898
Uttar Pradesh,MAHOBA,2006,Kharif,Soyabean,66,64,0.96969697
Uttar Pradesh,MAHOBA,2006,Kharif,Sugarcane,1869,79739,42.66399144
Uttar Pradesh,MAHOBA,2006,Kharif,Sweet potato,143,1952,13.65034965
Uttar Pradesh,MAHOBA,2006,Rabi,Barley,3020,2632,0.871523179
Uttar Pradesh,MAHOBA,2006,Rabi,Gram,70133,40146,0.572426675
Uttar Pradesh,MAHOBA,2006,Rabi,Linseed,7182,2406,0.335004177
Uttar Pradesh,MAHOBA,2006,Rabi,Masoor,25343,9580,0.378013653
Uttar Pradesh,MAHOBA,2006,Rabi,Onion,268,5141,19.18283582
Uttar Pradesh,MAHOBA,2006,Rabi,Other  Rabi pulses,38614,24829,0.643005128
Uttar Pradesh,MAHOBA,2006,Rabi,Potato,170,3712,21.83529412
Uttar Pradesh,MAHOBA,2006,Rabi,Rapeseed &Mustard,3092,1159,0.374838292
Uttar Pradesh,MAHOBA,2006,Rabi,Tobacco,6,32,5.333333333
Uttar Pradesh,MAHOBA,2006,Rabi,Wheat,68763,91125,1.325203961
Uttar Pradesh,MAHOBA,2006,Summer,Onion,54,629,11.64814815
Uttar Pradesh,MAHOBA,2006,Whole Year,Coriander,26,14,0.538461538
Uttar Pradesh,MAHOBA,2006,Whole Year,Dry chillies,50,48,0.96
Uttar Pradesh,MAHOBA,2006,Whole Year,Guar seed,3,3,1
Uttar Pradesh,MAHOBA,2007,Kharif,Arhar/Tur,4931,2274,0.461164064
Uttar Pradesh,MAHOBA,2007,Kharif,Bajra,1,1,1
Uttar Pradesh,MAHOBA,2007,Kharif,Dry chillies,31,30,0.967741935
Uttar Pradesh,MAHOBA,2007,Kharif,Groundnut,7038,1591,0.226058539
Uttar Pradesh,MAHOBA,2007,Kharif,Jowar,4085,1259,0.308200734
Uttar Pradesh,MAHOBA,2007,Kharif,Moong(Green Gram),5572,936,0.167982771
Uttar Pradesh,MAHOBA,2007,Kharif,Rice,330,163,0.493939394
Uttar Pradesh,MAHOBA,2007,Kharif,Sannhamp,87,17,0.195402299
Uttar Pradesh,MAHOBA,2007,Kharif,Sesamum,10098,798,0.07902555
Uttar Pradesh,MAHOBA,2007,Kharif,Small millets,80,48,0.6
Uttar Pradesh,MAHOBA,2007,Kharif,Sugarcane,2603,68782,26.42412601
Uttar Pradesh,MAHOBA,2007,Kharif,Sweet potato,7,94,13.42857143
Uttar Pradesh,MAHOBA,2007,Kharif,Urad,25503,4871,0.190997138
Uttar Pradesh,MAHOBA,2007,Rabi,Barley,1374,653,0.475254731
Uttar Pradesh,MAHOBA,2007,Rabi,Coriander,21,12,0.571428571
Uttar Pradesh,MAHOBA,2007,Rabi,Gram,48273,19090,0.395459159
Uttar Pradesh,MAHOBA,2007,Rabi,Linseed,5894,910,0.154394299
Uttar Pradesh,MAHOBA,2007,Rabi,Masoor,28924,5322,0.183999447
Uttar Pradesh,MAHOBA,2007,Rabi,Onion,4,56,14
Uttar Pradesh,MAHOBA,2007,Rabi,Other  Rabi pulses,51774,16827,0.325008692
Uttar Pradesh,MAHOBA,2007,Rabi,Potato,85,1868,21.97647059
Uttar Pradesh,MAHOBA,2007,Rabi,Rapeseed &Mustard,2959,906,0.306184522
Uttar Pradesh,MAHOBA,2007,Rabi,Wheat,15169,8644,0.569846397
Uttar Pradesh,MAHOBA,2008,Kharif,Arhar/Tur,4130,3337,0.807990315
Uttar Pradesh,MAHOBA,2008,Kharif,Bajra,3,4,1.333333333
Uttar Pradesh,MAHOBA,2008,Kharif,Dry chillies,42,42,1
Uttar Pradesh,MAHOBA,2008,Kharif,Groundnut,504,212,0.420634921
Uttar Pradesh,MAHOBA,2008,Kharif,Guar seed,1,1,1
Uttar Pradesh,MAHOBA,2008,Kharif,Jowar,5907,4723,0.799559844
Uttar Pradesh,MAHOBA,2008,Kharif,Maize,5,7,1.4
Uttar Pradesh,MAHOBA,2008,Kharif,Moong(Green Gram),6568,2621,0.399056029
Uttar Pradesh,MAHOBA,2008,Kharif,Rice,293,378,1.290102389
Uttar Pradesh,MAHOBA,2008,Kharif,Sannhamp,190,61,0.321052632
Uttar Pradesh,MAHOBA,2008,Kharif,Sesamum,19440,2061,0.106018519
Uttar Pradesh,MAHOBA,2008,Kharif,Small millets,70,43,0.614285714
Uttar Pradesh,MAHOBA,2008,Kharif,Soyabean,28,24,0.857142857
Uttar Pradesh,MAHOBA,2008,Kharif,Sugarcane,1617,65870,40.73593074
Uttar Pradesh,MAHOBA,2008,Kharif,Sweet potato,1,12,12
Uttar Pradesh,MAHOBA,2008,Kharif,Urad,44909,21242,0.473000957
Uttar Pradesh,MAHOBA,2008,Rabi,Barley,2055,1932,0.940145985
Uttar Pradesh,MAHOBA,2008,Rabi,Coriander,30,18,0.6
Uttar Pradesh,MAHOBA,2008,Rabi,Garlic,1,6,6
Uttar Pradesh,MAHOBA,2008,Rabi,Gram,43154,47388,1.098113732
Uttar Pradesh,MAHOBA,2008,Rabi,Linseed,6158,3436,0.557973368
Uttar Pradesh,MAHOBA,2008,Rabi,Masoor,17944,15880,0.884975479
Uttar Pradesh,MAHOBA,2008,Rabi,Onion,18,211,11.72222222
Uttar Pradesh,MAHOBA,2008,Rabi,Peas & beans (Pulses),26623,25718,0.966006836
Uttar Pradesh,MAHOBA,2008,Rabi,Potato,56,1148,20.5
Uttar Pradesh,MAHOBA,2008,Rabi,Rapeseed &Mustard,2692,1834,0.68127786
Uttar Pradesh,MAHOBA,2008,Rabi,Wheat,36764,76546,2.082091176
Uttar Pradesh,MAHOBA,2009,Kharif,Arhar/Tur,5718,3454,0.604057363
Uttar Pradesh,MAHOBA,2009,Kharif,Bajra,38,26,0.684210526
Uttar Pradesh,MAHOBA,2009,Kharif,Dry chillies,41,36,0.87804878
Uttar Pradesh,MAHOBA,2009,Kharif,Groundnut,9034,1382,0.15297764
Uttar Pradesh,MAHOBA,2009,Kharif,Guar seed,14,12,0.857142857
Uttar Pradesh,MAHOBA,2009,Kharif,Jowar,6150,2552,0.41495935
Uttar Pradesh,MAHOBA,2009,Kharif,Maize,8,12,1.5
Uttar Pradesh,MAHOBA,2009,Kharif,Moong(Green Gram),8831,786,0.089004643
Uttar Pradesh,MAHOBA,2009,Kharif,Rice,212,203,0.95754717
Uttar Pradesh,MAHOBA,2009,Kharif,Sannhamp,99,18,0.181818182
Uttar Pradesh,MAHOBA,2009,Kharif,Sesamum,30922,1422,0.045986676
Uttar Pradesh,MAHOBA,2009,Kharif,Small millets,26,13,0.5
Uttar Pradesh,MAHOBA,2009,Kharif,Soyabean,138,146,1.057971014
Uttar Pradesh,MAHOBA,2009,Kharif,Sugarcane,1477,59213,40.09004739
Uttar Pradesh,MAHOBA,2009,Kharif,Sweet potato,19,259,13.63157895
Uttar Pradesh,MAHOBA,2009,Kharif,Urad,54366,5219,0.095997498
Uttar Pradesh,MAHOBA,2009,Rabi,Barley,4840,4957,1.024173554
Uttar Pradesh,MAHOBA,2009,Rabi,Coriander,96,55,0.572916667
Uttar Pradesh,MAHOBA,2009,Rabi,Garlic,1,5,5
Uttar Pradesh,MAHOBA,2009,Rabi,Gram,73161,47098,0.643758287
Uttar Pradesh,MAHOBA,2009,Rabi,Linseed,7503,3954,0.526989204
Uttar Pradesh,MAHOBA,2009,Rabi,Masoor,20241,10869,0.536979398
Uttar Pradesh,MAHOBA,2009,Rabi,Onion,48,824,17.16666667
Uttar Pradesh,MAHOBA,2009,Rabi,Peas & beans (Pulses),24086,20545,0.852985137
Uttar Pradesh,MAHOBA,2009,Rabi,Potato,109,2710,24.86238532
Uttar Pradesh,MAHOBA,2009,Rabi,Rapeseed &Mustard,4211,1668,0.396105438
Uttar Pradesh,MAHOBA,2009,Rabi,Tobacco,13,74,5.692307692
Uttar Pradesh,MAHOBA,2009,Rabi,Wheat,66084,102970,1.558168392
Uttar Pradesh,MAHOBA,2010,Kharif,Arhar/Tur,3948,1894,0.479736575
Uttar Pradesh,MAHOBA,2010,Kharif,Bajra,12,7,0.583333333
Uttar Pradesh,MAHOBA,2010,Kharif,Dry chillies,61,54,0.885245902
Uttar Pradesh,MAHOBA,2010,Kharif,Groundnut,5961,2694,0.451937594
Uttar Pradesh,MAHOBA,2010,Kharif,Jowar,4716,4176,0.885496183
Uttar Pradesh,MAHOBA,2010,Kharif,Maize,81,119,1.469135802
Uttar Pradesh,MAHOBA,2010,Kharif,Moong(Green Gram),7976,3462,0.434052156
Uttar Pradesh,MAHOBA,2010,Kharif,Rice,76,85,1.118421053
Uttar Pradesh,MAHOBA,2010,Kharif,Sannhamp,55,18,0.327272727
Uttar Pradesh,MAHOBA,2010,Kharif,Sesamum,26755,3558,0.132984489
Uttar Pradesh,MAHOBA,2010,Kharif,Small millets,63,48,0.761904762
Uttar Pradesh,MAHOBA,2010,Kharif,Soyabean,124,153,1.233870968
Uttar Pradesh,MAHOBA,2010,Kharif,Sugarcane,1570,77352,49.26878981
Uttar Pradesh,MAHOBA,2010,Kharif,Sweet potato,7,86,12.28571429
Uttar Pradesh,MAHOBA,2010,Kharif,Urad,47995,22174,0.462006459
Uttar Pradesh,MAHOBA,2010,Rabi,Barley,2281,5268,2.309513371
Uttar Pradesh,MAHOBA,2010,Rabi,Gram,61648,41964,0.680703348
Uttar Pradesh,MAHOBA,2010,Rabi,Linseed,6564,3006,0.457952468
Uttar Pradesh,MAHOBA,2010,Rabi,Masoor,33528,11835,0.352988547
Uttar Pradesh,MAHOBA,2010,Rabi,Onion,34,626,18.41176471
Uttar Pradesh,MAHOBA,2010,Rabi,Peas & beans (Pulses),25007,15279,0.610988923
Uttar Pradesh,MAHOBA,2010,Rabi,Potato,89,2171,24.39325843
Uttar Pradesh,MAHOBA,2010,Rabi,Rapeseed &Mustard,5191,2935,0.565401657
Uttar Pradesh,MAHOBA,2010,Rabi,Tobacco,9,46,5.111111111
Uttar Pradesh,MAHOBA,2010,Rabi,Wheat,62202,76976,1.237516479
Uttar Pradesh,MAHOBA,2011,Kharif,Arhar/Tur,4293,3661,0.852783601
Uttar Pradesh,MAHOBA,2011,Kharif,Dry chillies,46,38,0.826086957
Uttar Pradesh,MAHOBA,2011,Kharif,Groundnut,6269,2602,0.415058223
Uttar Pradesh,MAHOBA,2011,Kharif,Guar seed,4,3,0.75
Uttar Pradesh,MAHOBA,2011,Kharif,Jowar,4051,3127,0.771908171
Uttar Pradesh,MAHOBA,2011,Kharif,Maize,6,7,1.166666667
Uttar Pradesh,MAHOBA,2011,Kharif,Moong(Green Gram),7201,2513,0.348979308
Uttar Pradesh,MAHOBA,2011,Kharif,Rice,58,90,1.551724138
Uttar Pradesh,MAHOBA,2011,Kharif,Sannhamp,62,17,0.274193548
Uttar Pradesh,MAHOBA,2011,Kharif,Sesamum,24929,2942,0.118015163
Uttar Pradesh,MAHOBA,2011,Kharif,Small millets,39,44,1.128205128
Uttar Pradesh,MAHOBA,2011,Kharif,Soyabean,974,1219,1.251540041
Uttar Pradesh,MAHOBA,2011,Kharif,Sugarcane,2577,123967,48.10516104
Uttar Pradesh,MAHOBA,2011,Kharif,Sweet potato,13,169,13
Uttar Pradesh,MAHOBA,2011,Kharif,Urad,45321,19080,0.420996889
Uttar Pradesh,MAHOBA,2011,Rabi,Barley,4090,8910,2.178484108
Uttar Pradesh,MAHOBA,2011,Rabi,Coriander,22,12,0.545454545
Uttar Pradesh,MAHOBA,2011,Rabi,Gram,62972,63971,1.015864194
Uttar Pradesh,MAHOBA,2011,Rabi,Linseed,8049,3445,0.428003479
Uttar Pradesh,MAHOBA,2011,Rabi,Maize,5,12,2.4
Uttar Pradesh,MAHOBA,2011,Rabi,Masoor,39164,27611,0.705009703
Uttar Pradesh,MAHOBA,2011,Rabi,Onion,44,1007,22.88636364
Uttar Pradesh,MAHOBA,2011,Rabi,Peas & beans (Pulses),25646,27031,1.054004523
Uttar Pradesh,MAHOBA,2011,Rabi,Potato,107,2363,22.08411215
Uttar Pradesh,MAHOBA,2011,Rabi,Rapeseed &Mustard,6099,2574,0.422036399
Uttar Pradesh,MAHOBA,2011,Rabi,Tobacco,6,31,5.166666667
Uttar Pradesh,MAHOBA,2011,Rabi,Wheat,62984,116023,1.842102756
Uttar Pradesh,MAHOBA,2011,Summer,Onion,5,54,10.8
Uttar Pradesh,MAHOBA,2012,Kharif,Arhar/Tur,4012,3170,0.790129611
Uttar Pradesh,MAHOBA,2012,Kharif,Bajra,2,3,1.5
Uttar Pradesh,MAHOBA,2012,Kharif,Dry chillies,42,34,0.80952381
Uttar Pradesh,MAHOBA,2012,Kharif,Groundnut,8368,4853,0.579947419
Uttar Pradesh,MAHOBA,2012,Kharif,Guar seed,4,3,0.75
Uttar Pradesh,MAHOBA,2012,Kharif,Jowar,3676,3584,0.974972797
Uttar Pradesh,MAHOBA,2012,Kharif,Maize,8,15,1.875
Uttar Pradesh,MAHOBA,2012,Kharif,Moong(Green Gram),8692,3998,0.459963185
Uttar Pradesh,MAHOBA,2012,Kharif,Rice,56,105,1.875
Uttar Pradesh,MAHOBA,2012,Kharif,Sannhamp,99,37,0.373737374
Uttar Pradesh,MAHOBA,2012,Kharif,Sesamum,31134,3923,0.126003726
Uttar Pradesh,MAHOBA,2012,Kharif,Small millets,28,28,1
Uttar Pradesh,MAHOBA,2012,Kharif,Soyabean,743,1051,1.414535666
Uttar Pradesh,MAHOBA,2012,Kharif,Sugarcane,2487,92402,37.1540008
Uttar Pradesh,MAHOBA,2012,Kharif,Urad,48617,26885,0.552995866
Uttar Pradesh,MAHOBA,2012,Rabi,Barley,4429,11967,2.701964326
Uttar Pradesh,MAHOBA,2012,Rabi,Coriander,90,49,0.544444444
Uttar Pradesh,MAHOBA,2012,Rabi,Gram,63321,57995,0.915888884
Uttar Pradesh,MAHOBA,2012,Rabi,Linseed,8363,3245,0.388018654
Uttar Pradesh,MAHOBA,2012,Rabi,Masoor,27799,17180,0.618007842
Uttar Pradesh,MAHOBA,2012,Rabi,Onion,13,299,23
Uttar Pradesh,MAHOBA,2012,Rabi,Peas & beans (Pulses),24629,23668,0.960980957
Uttar Pradesh,MAHOBA,2012,Rabi,Potato,114,2776,24.35087719
Uttar Pradesh,MAHOBA,2012,Rabi,Rapeseed &Mustard,5575,2459,0.441076233
Uttar Pradesh,MAHOBA,2012,Rabi,Turmeric,2,6,3
Uttar Pradesh,MAHOBA,2012,Rabi,Wheat,71221,140868,1.977899777
Uttar Pradesh,MAHOBA,2013,Kharif,Arhar/Tur,6710,6189,0.922354694
Uttar Pradesh,MAHOBA,2013,Kharif,Dry chillies,43,35,0.813953488
Uttar Pradesh,MAHOBA,2013,Kharif,Groundnut,6646,4805,0.722991273
Uttar Pradesh,MAHOBA,2013,Kharif,Guar seed,6,4,0.666666667
Uttar Pradesh,MAHOBA,2013,Kharif,Jowar,3571,2905,0.81349762
Uttar Pradesh,MAHOBA,2013,Kharif,Maize,5,9,1.8
Uttar Pradesh,MAHOBA,2013,Kharif,Moong(Green Gram),6907,2148,0.310988852
Uttar Pradesh,MAHOBA,2013,Kharif,Rice,48,86,1.791666667
Uttar Pradesh,MAHOBA,2013,Kharif,Sannhamp,89,25,0.280898876
Uttar Pradesh,MAHOBA,2013,Kharif,Sesamum,30449,3228,0.106013334
Uttar Pradesh,MAHOBA,2013,Kharif,Small millets,16,13,0.8125
Uttar Pradesh,MAHOBA,2013,Kharif,Soyabean,1543,889,0.576150356
Uttar Pradesh,MAHOBA,2013,Kharif,Sugarcane,3617,161568,44.66906276
Uttar Pradesh,MAHOBA,2013,Kharif,Sweet potato,4,53,13.25
Uttar Pradesh,MAHOBA,2013,Kharif,Urad,45645,17436,0.381991456
Uttar Pradesh,MAHOBA,2013,Rabi,Barley,5072,15089,2.974960568
Uttar Pradesh,MAHOBA,2013,Rabi,Coriander,32,18,0.5625
Uttar Pradesh,MAHOBA,2013,Rabi,Gram,61370,25198,0.410591494
Uttar Pradesh,MAHOBA,2013,Rabi,Linseed,6887,2107,0.305938725
Uttar Pradesh,MAHOBA,2013,Rabi,Maize,1392,4946,3.55316092
Uttar Pradesh,MAHOBA,2013,Rabi,Masoor,25823,8986,0.347984355
Uttar Pradesh,MAHOBA,2013,Rabi,Onion,11,224,20.36363636
Uttar Pradesh,MAHOBA,2013,Rabi,Peas & beans (Pulses),29727,18431,0.620008746
Uttar Pradesh,MAHOBA,2013,Rabi,Potato,101,2138,21.16831683
Uttar Pradesh,MAHOBA,2013,Rabi,Rapeseed &Mustard,6871,1477,0.214961432
Uttar Pradesh,MAHOBA,2013,Rabi,Wheat,74888,129180,1.724975964
Uttar Pradesh,MAHOBA,2014,Kharif,Arhar/Tur,2609,1292,0.495208892
Uttar Pradesh,MAHOBA,2014,Kharif,Bajra,1,1,1
Uttar Pradesh,MAHOBA,2014,Kharif,Dry chillies,43,35,0.813953488
Uttar Pradesh,MAHOBA,2014,Kharif,Groundnut,11609,4609,0.397019554
Uttar Pradesh,MAHOBA,2014,Kharif,Guar seed,56,46,0.821428571
Uttar Pradesh,MAHOBA,2014,Kharif,Jowar,1704,936,0.549295775
Uttar Pradesh,MAHOBA,2014,Kharif,Maize,18,32,1.777777778
Uttar Pradesh,MAHOBA,2014,Kharif,Moong(Green Gram),7074,1238,0.175007068
Uttar Pradesh,MAHOBA,2014,Kharif,Rice,12,19,1.583333333
Uttar Pradesh,MAHOBA,2014,Kharif,Sannhamp,58,22,0.379310345
Uttar Pradesh,MAHOBA,2014,Kharif,Sesamum,31808,2895,0.091014839
Uttar Pradesh,MAHOBA,2014,Kharif,Small millets,12,8,0.666666667
Uttar Pradesh,MAHOBA,2014,Kharif,Soyabean,339,243,0.716814159
Uttar Pradesh,MAHOBA,2014,Kharif,Sugarcane,2545,102932,40.44479371
Uttar Pradesh,MAHOBA,2014,Kharif,Sweet potato,7,87,12.42857143
Uttar Pradesh,MAHOBA,2014,Kharif,Urad,50433,15634,0.309995439
Uttar Pradesh,MAHOBA,2014,Rabi,Barley,10701,18398,1.719278572
Uttar Pradesh,MAHOBA,2014,Rabi,Coriander,27,13,0.481481481
Uttar Pradesh,MAHOBA,2014,Rabi,Garlic,1,6,6
Uttar Pradesh,MAHOBA,2014,Rabi,Gram,54605,9576,0.175368556
Uttar Pradesh,MAHOBA,2014,Rabi,Linseed,6222,3603,0.579074253
Uttar Pradesh,MAHOBA,2014,Rabi,Masoor,24737,3983,0.161013866
Uttar Pradesh,MAHOBA,2014,Rabi,Onion,84,1285,15.29761905
Uttar Pradesh,MAHOBA,2014,Rabi,Peas & beans (Pulses),37842,16688,0.440991491
Uttar Pradesh,MAHOBA,2014,Rabi,Potato,84,1895,22.55952381
Uttar Pradesh,MAHOBA,2014,Rabi,Rapeseed &Mustard,5736,741,0.1291841
Uttar Pradesh,MAHOBA,2014,Rabi,Wheat,69598,67961,0.976479209
Uttar Pradesh,MAHOBA,2014,Summer,Onion,1,15,15
Uttar Pradesh,MAINPURI,1997,Kharif,Arhar/Tur,1941,1286,0.66254508
Uttar Pradesh,MAINPURI,1997,Kharif,Bajra,14972,26838,1.792546086
Uttar Pradesh,MAINPURI,1997,Kharif,Groundnut,207,166,0.801932367
Uttar Pradesh,MAINPURI,1997,Kharif,Jowar,1156,647,0.559688581
Uttar Pradesh,MAINPURI,1997,Kharif,Maize,30790,64751,2.102987983
Uttar Pradesh,MAINPURI,1997,Kharif,Moong(Green Gram),22,6,0.272727273
Uttar Pradesh,MAINPURI,1997,Kharif,Oilseeds total,14253,7461,0.523468743
Uttar Pradesh,MAINPURI,1997,Kharif,Onion,534,5280,9.887640449
Uttar Pradesh,MAINPURI,1997,Kharif,Rice,60647,137159,2.261595792
Uttar Pradesh,MAINPURI,1997,Kharif,Sesamum,129,30,0.23255814
Uttar Pradesh,MAINPURI,1997,Kharif,Total foodgrain,263299,626538,2.379568475
Uttar Pradesh,MAINPURI,1997,Kharif,Urad,314,167,0.531847134
Uttar Pradesh,MAINPURI,1997,Rabi,Barley,5596,18244,3.260185847
Uttar Pradesh,MAINPURI,1997,Rabi,Gram,2714,2731,1.006263817
Uttar Pradesh,MAINPURI,1997,Rabi,Masoor,108,91,0.842592593
Uttar Pradesh,MAINPURI,1997,Rabi,Peas & beans (Pulses),2786,4457,1.599784637
Uttar Pradesh,MAINPURI,1997,Rabi,Rapeseed &Mustard,13752,7122,0.517888307
Uttar Pradesh,MAINPURI,1997,Rabi,Sunflower,165,143,0.866666667
Uttar Pradesh,MAINPURI,1997,Rabi,Wheat,130748,365483,2.795323829
Uttar Pradesh,MAINPURI,1997,Summer,Maize,102,161,1.578431373
Uttar Pradesh,MAINPURI,1997,Summer,Moong(Green Gram),7709,2559,0.331949669
Uttar Pradesh,MAINPURI,1997,Summer,Urad,3694,1958,0.530048728
Uttar Pradesh,MAINPURI,1997,Whole Year,Potato,8579,127758,14.89194545
Uttar Pradesh,MAINPURI,1997,Whole Year,Sugarcane,499,27565,55.24048096
Uttar Pradesh,MAINPURI,1998,Kharif,Arhar/Tur,2089,1413,0.676400191
Uttar Pradesh,MAINPURI,1998,Kharif,Bajra,15150,18601,1.227788779
Uttar Pradesh,MAINPURI,1998,Kharif,Groundnut,138,114,0.826086957
Uttar Pradesh,MAINPURI,1998,Kharif,Jowar,1015,371,0.365517241
Uttar Pradesh,MAINPURI,1998,Kharif,Maize,31947,46131,1.443985351
Uttar Pradesh,MAINPURI,1998,Kharif,Moong(Green Gram),38,8,0.210526316
Uttar Pradesh,MAINPURI,1998,Kharif,Moth,1,,
Uttar Pradesh,MAINPURI,1998,Kharif,Rice,63872,136170,2.13192009
Uttar Pradesh,MAINPURI,1998,Kharif,Sesamum,126,23,0.182539683
Uttar Pradesh,MAINPURI,1998,Kharif,Urad,356,95,0.266853933
Uttar Pradesh,MAINPURI,1998,Rabi,Barley,4264,14044,3.293621013
Uttar Pradesh,MAINPURI,1998,Rabi,Gram,1578,1537,0.974017744
Uttar Pradesh,MAINPURI,1998,Rabi,Linseed,2,1,0.5
Uttar Pradesh,MAINPURI,1998,Rabi,Masoor,50,36,0.72
Uttar Pradesh,MAINPURI,1998,Rabi,Peas & beans (Pulses),2598,3554,1.367975366
Uttar Pradesh,MAINPURI,1998,Rabi,Rapeseed &Mustard,9706,9483,0.977024521
Uttar Pradesh,MAINPURI,1998,Rabi,Sunflower,165,208,1.260606061
Uttar Pradesh,MAINPURI,1998,Rabi,Wheat,132997,393099,2.955698249
Uttar Pradesh,MAINPURI,1998,Summer,Maize,99,100,1.01010101
Uttar Pradesh,MAINPURI,1998,Summer,Moong(Green Gram),8435,5322,0.630942501
Uttar Pradesh,MAINPURI,1998,Summer,Urad,3236,1673,0.516996292
Uttar Pradesh,MAINPURI,1998,Whole Year,Onion,450,5434,12.07555556
Uttar Pradesh,MAINPURI,1998,Whole Year,Potato,12157,274019,22.5400181
Uttar Pradesh,MAINPURI,1998,Whole Year,Sannhamp,4,1,0.25
Uttar Pradesh,MAINPURI,1998,Whole Year,Sugarcane,486,27200,55.96707819
Uttar Pradesh,MAINPURI,1998,Whole Year,Tobacco,134,813,6.067164179
Uttar Pradesh,MAINPURI,1999,Kharif,Arhar/Tur,2631,1877,0.713416952
Uttar Pradesh,MAINPURI,1999,Kharif,Bajra,15945,24207,1.518156162
Uttar Pradesh,MAINPURI,1999,Kharif,Groundnut,95,79,0.831578947
Uttar Pradesh,MAINPURI,1999,Kharif,Jowar,1581,1246,0.788108792
Uttar Pradesh,MAINPURI,1999,Kharif,Maize,31059,53328,1.716990244
Uttar Pradesh,MAINPURI,1999,Kharif,Moong(Green Gram),27,7,0.259259259
Uttar Pradesh,MAINPURI,1999,Kharif,Rice,61188,124111,2.028355233
Uttar Pradesh,MAINPURI,1999,Kharif,Sunflower,47,40,0.85106383
Uttar Pradesh,MAINPURI,1999,Kharif,Urad,146,61,0.417808219
Uttar Pradesh,MAINPURI,1999,Rabi,Barley,4962,16162,3.257154373
Uttar Pradesh,MAINPURI,1999,Rabi,Gram,2241,2522,1.125390451
Uttar Pradesh,MAINPURI,1999,Rabi,Maize,45,65,1.444444444
Uttar Pradesh,MAINPURI,1999,Rabi,Rapeseed &Mustard,10543,12557,1.191027222
Uttar Pradesh,MAINPURI,1999,Rabi,Wheat,138441,415669,3.00249926
Uttar Pradesh,MAINPURI,1999,Summer,Moong(Green Gram),7643,5396,0.706005495
Uttar Pradesh,MAINPURI,1999,Summer,Urad,1722,982,0.570267131
Uttar Pradesh,MAINPURI,1999,Whole Year,Onion,362,5189,14.33425414
Uttar Pradesh,MAINPURI,1999,Whole Year,Peas & beans (Pulses),3057,6242,2.041871115
Uttar Pradesh,MAINPURI,1999,Whole Year,Potato,8821,200060,22.67996826
Uttar Pradesh,MAINPURI,1999,Whole Year,Sugarcane,457,27597,60.38730853
Uttar Pradesh,MAINPURI,1999,Whole Year,Tobacco,97,524,5.402061856
Uttar Pradesh,MAINPURI,1999,Whole Year,Turmeric,1,1,1
Uttar Pradesh,MAINPURI,2000,Kharif,Arhar/Tur,1531,1332,0.870019595
Uttar Pradesh,MAINPURI,2000,Kharif,Bajra,17087,26848,1.571252999
Uttar Pradesh,MAINPURI,2000,Kharif,Groundnut,96,80,0.833333333
Uttar Pradesh,MAINPURI,2000,Kharif,Jowar,913,748,0.819277108
Uttar Pradesh,MAINPURI,2000,Kharif,Maize,34027,72648,2.135010433
Uttar Pradesh,MAINPURI,2000,Kharif,Moong(Green Gram),22,7,0.318181818
Uttar Pradesh,MAINPURI,2000,Kharif,Rice,64729,130602,2.017673686
Uttar Pradesh,MAINPURI,2000,Kharif,Sesamum,196,46,0.234693878
Uttar Pradesh,MAINPURI,2000,Kharif,Urad,190,79,0.415789474
Uttar Pradesh,MAINPURI,2000,Rabi,Barley,3982,10957,2.751632346
Uttar Pradesh,MAINPURI,2000,Rabi,Gram,1306,1508,1.15467075
Uttar Pradesh,MAINPURI,2000,Rabi,Linseed,3,1,0.333333333
Uttar Pradesh,MAINPURI,2000,Rabi,Maize,287,466,1.62369338
Uttar Pradesh,MAINPURI,2000,Rabi,Masoor,111,90,0.810810811
Uttar Pradesh,MAINPURI,2000,Rabi,Moong(Green Gram),6777,2474,0.365058285
Uttar Pradesh,MAINPURI,2000,Rabi,Peas & beans (Pulses),1614,3078,1.907063197
Uttar Pradesh,MAINPURI,2000,Rabi,Rapeseed &Mustard,8867,10871,1.226006541
Uttar Pradesh,MAINPURI,2000,Rabi,Urad,1560,694,0.444871795
Uttar Pradesh,MAINPURI,2000,Rabi,Wheat,132468,431832,3.25989673
Uttar Pradesh,MAINPURI,2000,Whole Year,Potato,10328,236553,22.90404725
Uttar Pradesh,MAINPURI,2000,Whole Year,Sugarcane,436,22510,51.62844037
Uttar Pradesh,MAINPURI,2000,Whole Year,Turmeric,1,2,2
Uttar Pradesh,MAINPURI,2001,Kharif,Arhar/Tur,1654,1137,0.687424426
Uttar Pradesh,MAINPURI,2001,Kharif,Bajra,13307,19228,1.444953784
Uttar Pradesh,MAINPURI,2001,Kharif,Groundnut,94,79,0.840425532
Uttar Pradesh,MAINPURI,2001,Kharif,Jowar,773,599,0.774902975
Uttar Pradesh,MAINPURI,2001,Kharif,Maize,43144,89955,2.084994437
Uttar Pradesh,MAINPURI,2001,Kharif,Moong(Green Gram),14,4,0.285714286
Uttar Pradesh,MAINPURI,2001,Kharif,Moth,1,1,1
Uttar Pradesh,MAINPURI,2001,Kharif,Rice,67429,141118,2.092838393
Uttar Pradesh,MAINPURI,2001,Kharif,Sesamum,87,25,0.287356322
Uttar Pradesh,MAINPURI,2001,Kharif,Sunflower,19,22,1.157894737
Uttar Pradesh,MAINPURI,2001,Kharif,Urad,235,96,0.408510638
Uttar Pradesh,MAINPURI,2001,Rabi,Barley,4146,11478,2.76845152
Uttar Pradesh,MAINPURI,2001,Rabi,Gram,1365,1631,1.194871795
Uttar Pradesh,MAINPURI,2001,Rabi,Maize,262,427,1.629770992
Uttar Pradesh,MAINPURI,2001,Rabi,Masoor,68,55,0.808823529
Uttar Pradesh,MAINPURI,2001,Rabi,Moong(Green Gram),6000,3072,0.512
Uttar Pradesh,MAINPURI,2001,Rabi,Peas & beans (Pulses),1615,2834,1.754798762
Uttar Pradesh,MAINPURI,2001,Rabi,Rapeseed &Mustard,8355,10009,1.19796529
Uttar Pradesh,MAINPURI,2001,Rabi,Urad,1340,417,0.31119403
Uttar Pradesh,MAINPURI,2001,Rabi,Wheat,131562,419863,3.191369848
Uttar Pradesh,MAINPURI,2001,Whole Year,Potato,8763,205072,23.40203127
Uttar Pradesh,MAINPURI,2001,Whole Year,Sugarcane,524,27469,52.42175573
Uttar Pradesh,MAINPURI,2001,Whole Year,Tobacco,6,37,6.166666667
Uttar Pradesh,MAINPURI,2002,Kharif,Bajra,21270,26704,1.255477198
Uttar Pradesh,MAINPURI,2002,Kharif,Groundnut,21,14,0.666666667
Uttar Pradesh,MAINPURI,2002,Kharif,Jowar,1206,1196,0.991708126
Uttar Pradesh,MAINPURI,2002,Kharif,Maize,25511,35486,1.391007801
Uttar Pradesh,MAINPURI,2002,Kharif,Moong(Green Gram),3,1,0.333333333
Uttar Pradesh,MAINPURI,2002,Kharif,Rice,52388,100585,1.920000764
Uttar Pradesh,MAINPURI,2002,Kharif,Sesamum,21,3,0.142857143
Uttar Pradesh,MAINPURI,2002,Kharif,Sunflower,7,10,1.428571429
Uttar Pradesh,MAINPURI,2002,Kharif,Urad,96,38,0.395833333
Uttar Pradesh,MAINPURI,2002,Rabi,Barley,4476,13825,3.088695264
Uttar Pradesh,MAINPURI,2002,Rabi,Gram,1406,1355,0.963726885
Uttar Pradesh,MAINPURI,2002,Rabi,Maize,144,159,1.104166667
Uttar Pradesh,MAINPURI,2002,Rabi,Masoor,50,49,0.98
Uttar Pradesh,MAINPURI,2002,Rabi,Onion,174,1796,10.32183908
Uttar Pradesh,MAINPURI,2002,Rabi,Peas & beans (Pulses),1568,2612,1.665816327
Uttar Pradesh,MAINPURI,2002,Rabi,Rapeseed &Mustard,8792,10137,1.152979982
Uttar Pradesh,MAINPURI,2002,Rabi,Wheat,129362,395830,3.05986302
Uttar Pradesh,MAINPURI,2002,Summer,Moong(Green Gram),3858,2731,0.70787973
Uttar Pradesh,MAINPURI,2002,Summer,Onion,124,1386,11.17741935
Uttar Pradesh,MAINPURI,2002,Summer,Rice,4,8,2
Uttar Pradesh,MAINPURI,2002,Summer,Urad,946,394,0.416490486
Uttar Pradesh,MAINPURI,2002,Whole Year,Potato,11416,285206,24.98300631
Uttar Pradesh,MAINPURI,2002,Whole Year,Sugarcane,420,22851,54.40714286
Uttar Pradesh,MAINPURI,2002,Whole Year,Tobacco,8,47,5.875
Uttar Pradesh,MAINPURI,2003,Kharif,Arhar/Tur,1109,1075,0.969341749
Uttar Pradesh,MAINPURI,2003,Kharif,Bajra,11023,10564,0.958359793
Uttar Pradesh,MAINPURI,2003,Kharif,Groundnut,75,50,0.666666667
Uttar Pradesh,MAINPURI,2003,Kharif,Jowar,946,841,0.889006342
Uttar Pradesh,MAINPURI,2003,Kharif,Maize,36106,64630,1.790007201
Uttar Pradesh,MAINPURI,2003,Kharif,Moong(Green Gram),17,4,0.235294118
Uttar Pradesh,MAINPURI,2003,Kharif,Rice,57993,93556,1.613229183
Uttar Pradesh,MAINPURI,2003,Kharif,Sesamum,134,17,0.126865672
Uttar Pradesh,MAINPURI,2003,Kharif,Sunflower,110,186,1.690909091
Uttar Pradesh,MAINPURI,2003,Kharif,Urad,128,30,0.234375
Uttar Pradesh,MAINPURI,2003,Rabi,Barley,4306,11847,2.751277288
Uttar Pradesh,MAINPURI,2003,Rabi,Gram,1080,1473,1.363888889
Uttar Pradesh,MAINPURI,2003,Rabi,Linseed,1,0,0
Uttar Pradesh,MAINPURI,2003,Rabi,Masoor,98,89,0.908163265
Uttar Pradesh,MAINPURI,2003,Rabi,Onion,141,2024,14.35460993
Uttar Pradesh,MAINPURI,2003,Rabi,Peas & beans (Pulses),1807,3669,2.030437189
Uttar Pradesh,MAINPURI,2003,Rabi,Rapeseed &Mustard,8937,9384,1.050016784
Uttar Pradesh,MAINPURI,2003,Rabi,Wheat,116444,359361,3.086127237
Uttar Pradesh,MAINPURI,2003,Summer,Maize,90,123,1.366666667
Uttar Pradesh,MAINPURI,2003,Summer,Moong(Green Gram),2411,1702,0.705931149
Uttar Pradesh,MAINPURI,2003,Summer,Onion,218,2151,9.866972477
Uttar Pradesh,MAINPURI,2003,Summer,Urad,952,524,0.550420168
Uttar Pradesh,MAINPURI,2003,Whole Year,Potato,11760,272303,23.15501701
Uttar Pradesh,MAINPURI,2003,Whole Year,Sugarcane,527,27258,51.72296015
Uttar Pradesh,MAINPURI,2003,Whole Year,Tobacco,2,13,6.5
Uttar Pradesh,MAINPURI,2004,Kharif,Bajra,7909,14594,1.8452396
Uttar Pradesh,MAINPURI,2004,Kharif,Groundnut,214,176,0.822429907
Uttar Pradesh,MAINPURI,2004,Kharif,Jowar,751,567,0.754993342
Uttar Pradesh,MAINPURI,2004,Kharif,Maize,45791,94833,2.070996484
Uttar Pradesh,MAINPURI,2004,Kharif,Rice,81474,179085,2.198063186
Uttar Pradesh,MAINPURI,2004,Kharif,Sesamum,78,13,0.166666667
Uttar Pradesh,MAINPURI,2004,Kharif,Sugarcane,361,17930,49.66759003
Uttar Pradesh,MAINPURI,2004,Rabi,Barley,3514,9441,2.686681844
Uttar Pradesh,MAINPURI,2004,Rabi,Gram,921,1143,1.241042345
Uttar Pradesh,MAINPURI,2004,Rabi,Potato,12601,266272,21.13102135
Uttar Pradesh,MAINPURI,2004,Rabi,Rapeseed &Mustard,7962,9594,1.204973625
Uttar Pradesh,MAINPURI,2004,Rabi,Wheat,117857,317173,2.691168111
Uttar Pradesh,MAINPURI,2004,Summer,Sunflower,135,265,1.962962963
Uttar Pradesh,MAINPURI,2004,Whole Year,Dry chillies,61,57,0.93442623
Uttar Pradesh,MAINPURI,2004,Whole Year,Garlic,15317,66336,4.330874192
Uttar Pradesh,MAINPURI,2004,Whole Year,Guar seed,64,54,0.84375
Uttar Pradesh,MAINPURI,2004,Whole Year,Onion,661,7659,11.58698941
Uttar Pradesh,MAINPURI,2004,Whole Year,Sweet potato,477,5544,11.62264151
Uttar Pradesh,MAINPURI,2004,Whole Year,Tobacco,2,12,6
Uttar Pradesh,MAINPURI,2005,Kharif,Bajra,10339,16947,1.639133378
Uttar Pradesh,MAINPURI,2005,Kharif,Jowar,1002,945,0.943113772
Uttar Pradesh,MAINPURI,2005,Kharif,Maize,36106,64160,1.776989974
Uttar Pradesh,MAINPURI,2005,Kharif,Rice,56735,133441,2.352004935
Uttar Pradesh,MAINPURI,2005,Kharif,Sesamum,125,22,0.176
Uttar Pradesh,MAINPURI,2005,Kharif,Sugarcane,527,26550,50.37950664
Uttar Pradesh,MAINPURI,2005,Rabi,Barley,2836,8524,3.005641749
Uttar Pradesh,MAINPURI,2005,Rabi,Gram,1124,1464,1.302491103
Uttar Pradesh,MAINPURI,2005,Rabi,Linseed,1,1,1
Uttar Pradesh,MAINPURI,2005,Rabi,Potato,11760,243996,20.74795918
Uttar Pradesh,MAINPURI,2005,Rabi,Rapeseed &Mustard,8937,10998,1.2306143
Uttar Pradesh,MAINPURI,2005,Rabi,Wheat,102329,327993,3.205279051
Uttar Pradesh,MAINPURI,2005,Summer,Sunflower,266,322,1.210526316
Uttar Pradesh,MAINPURI,2005,Whole Year,Banana,1,38,38
Uttar Pradesh,MAINPURI,2005,Whole Year,Coriander,42,24,0.571428571
Uttar Pradesh,MAINPURI,2005,Whole Year,Dry chillies,140,128,0.914285714
Uttar Pradesh,MAINPURI,2005,Whole Year,Garlic,8353,36395,4.357117203
Uttar Pradesh,MAINPURI,2005,Whole Year,Guar seed,6,5,0.833333333
Uttar Pradesh,MAINPURI,2005,Whole Year,Onion,402,5175,12.87313433
Uttar Pradesh,MAINPURI,2005,Whole Year,Sweet potato,775,10138,13.08129032
Uttar Pradesh,MAINPURI,2005,Whole Year,Tobacco,29,166,5.724137931
Uttar Pradesh,MAINPURI,2006,Kharif,Arhar/Tur,1240,1050,0.846774194
Uttar Pradesh,MAINPURI,2006,Kharif,Bajra,6475,12536,1.936061776
Uttar Pradesh,MAINPURI,2006,Kharif,Groundnut,214,155,0.724299065
Uttar Pradesh,MAINPURI,2006,Kharif,Maize,51579,103467,2.00599081
Uttar Pradesh,MAINPURI,2006,Kharif,Other Kharif pulses,5334,2157,0.404386952
Uttar Pradesh,MAINPURI,2006,Kharif,Rice,81474,204174,2.506001915
Uttar Pradesh,MAINPURI,2006,Kharif,Sesamum,78,13,0.166666667
Uttar Pradesh,MAINPURI,2006,Kharif,Sugarcane,361,19438,53.84487535
Uttar Pradesh,MAINPURI,2006,Kharif,Sweet potato,484,6606,13.64876033
Uttar Pradesh,MAINPURI,2006,Rabi,Barley,3541,8539,2.411465688
Uttar Pradesh,MAINPURI,2006,Rabi,Garlic,6876,30234,4.397033159
Uttar Pradesh,MAINPURI,2006,Rabi,Gram,919,762,0.829162133
Uttar Pradesh,MAINPURI,2006,Rabi,Masoor,37,34,0.918918919
Uttar Pradesh,MAINPURI,2006,Rabi,Onion,140,2685,19.17857143
Uttar Pradesh,MAINPURI,2006,Rabi,Other  Rabi pulses,1638,1584,0.967032967
Uttar Pradesh,MAINPURI,2006,Rabi,Potato,13997,274761,19.62999214
Uttar Pradesh,MAINPURI,2006,Rabi,Rapeseed &Mustard,8624,10767,1.248492579
Uttar Pradesh,MAINPURI,2006,Rabi,Tobacco,2,11,5.5
Uttar Pradesh,MAINPURI,2006,Rabi,Wheat,119101,355515,2.984987532
Uttar Pradesh,MAINPURI,2006,Summer,Maize,277,367,1.324909747
Uttar Pradesh,MAINPURI,2006,Summer,Onion,452,5264,11.6460177
Uttar Pradesh,MAINPURI,2006,Summer,Rice,18,45,2.5
Uttar Pradesh,MAINPURI,2006,Summer,Sunflower,152,227,1.493421053
Uttar Pradesh,MAINPURI,2006,Whole Year,Coriander,22,11,0.5
Uttar Pradesh,MAINPURI,2006,Whole Year,Dry chillies,101,96,0.95049505
Uttar Pradesh,MAINPURI,2006,Whole Year,Guar seed,30,25,0.833333333
Uttar Pradesh,MAINPURI,2007,Kharif,Arhar/Tur,802,780,0.972568579
Uttar Pradesh,MAINPURI,2007,Kharif,Bajra,14056,24581,1.748790552
Uttar Pradesh,MAINPURI,2007,Kharif,Dry chillies,214,206,0.962616822
Uttar Pradesh,MAINPURI,2007,Kharif,Groundnut,611,366,0.599018003
Uttar Pradesh,MAINPURI,2007,Kharif,Guar seed,74,62,0.837837838
Uttar Pradesh,MAINPURI,2007,Kharif,Jowar,831,519,0.624548736
Uttar Pradesh,MAINPURI,2007,Kharif,Maize,45135,100335,2.222997674
Uttar Pradesh,MAINPURI,2007,Kharif,Moong(Green Gram),51,10,0.196078431
Uttar Pradesh,MAINPURI,2007,Kharif,Rice,75962,185195,2.437995313
Uttar Pradesh,MAINPURI,2007,Kharif,Sesamum,279,43,0.154121864
Uttar Pradesh,MAINPURI,2007,Kharif,Sugarcane,453,23795,52.52759382
Uttar Pradesh,MAINPURI,2007,Kharif,Sweet potato,386,5196,13.4611399
Uttar Pradesh,MAINPURI,2007,Kharif,Urad,145,64,0.44137931
Uttar Pradesh,MAINPURI,2007,Rabi,Barley,3149,8356,2.653540807
Uttar Pradesh,MAINPURI,2007,Rabi,Coriander,42,24,0.571428571
Uttar Pradesh,MAINPURI,2007,Rabi,Gram,1059,1428,1.348441926
Uttar Pradesh,MAINPURI,2007,Rabi,Masoor,172,125,0.726744186
Uttar Pradesh,MAINPURI,2007,Rabi,Onion,160,2236,13.975
Uttar Pradesh,MAINPURI,2007,Rabi,Other  Rabi pulses,1655,1553,0.93836858
Uttar Pradesh,MAINPURI,2007,Rabi,Potato,12614,241520,19.14697955
Uttar Pradesh,MAINPURI,2007,Rabi,Rapeseed &Mustard,9905,15836,1.598788491
Uttar Pradesh,MAINPURI,2007,Rabi,Tobacco,187,1192,6.374331551
Uttar Pradesh,MAINPURI,2007,Rabi,Turmeric,2,6,3
Uttar Pradesh,MAINPURI,2007,Rabi,Wheat,142968,451350,3.157000168
Uttar Pradesh,MAINPURI,2007,Summer,Maize,307,441,1.436482085
Uttar Pradesh,MAINPURI,2007,Summer,Moong(Green Gram),1772,1536,0.866817156
Uttar Pradesh,MAINPURI,2007,Summer,Onion,498,8191,16.44779116
Uttar Pradesh,MAINPURI,2007,Summer,Rice,19,46,2.421052632
Uttar Pradesh,MAINPURI,2007,Summer,Sunflower,424,1194,2.816037736
Uttar Pradesh,MAINPURI,2007,Summer,Urad,1858,1258,0.677072121
Uttar Pradesh,MAINPURI,2008,Kharif,Arhar/Tur,701,550,0.784593438
Uttar Pradesh,MAINPURI,2008,Kharif,Bajra,12808,24668,1.92598376
Uttar Pradesh,MAINPURI,2008,Kharif,Dry chillies,131,131,1
Uttar Pradesh,MAINPURI,2008,Kharif,Groundnut,562,401,0.713523132
Uttar Pradesh,MAINPURI,2008,Kharif,Guar seed,24,20,0.833333333
Uttar Pradesh,MAINPURI,2008,Kharif,Jowar,730,724,0.991780822
Uttar Pradesh,MAINPURI,2008,Kharif,Maize,42434,100484,2.368006787
Uttar Pradesh,MAINPURI,2008,Kharif,Moong(Green Gram),13,5,0.384615385
Uttar Pradesh,MAINPURI,2008,Kharif,Rice,83634,209336,2.503001172
Uttar Pradesh,MAINPURI,2008,Kharif,Sesamum,257,42,0.163424125
Uttar Pradesh,MAINPURI,2008,Kharif,Sugarcane,423,21636,51.14893617
Uttar Pradesh,MAINPURI,2008,Kharif,Sweet potato,371,4557,12.28301887
Uttar Pradesh,MAINPURI,2008,Kharif,Urad,155,83,0.535483871
Uttar Pradesh,MAINPURI,2008,Rabi,Barley,2551,7532,2.952567621
Uttar Pradesh,MAINPURI,2008,Rabi,Coriander,63,38,0.603174603
Uttar Pradesh,MAINPURI,2008,Rabi,Garlic,7974,46967,5.890017557
Uttar Pradesh,MAINPURI,2008,Rabi,Gram,1134,1141,1.00617284
Uttar Pradesh,MAINPURI,2008,Rabi,Masoor,62,55,0.887096774
Uttar Pradesh,MAINPURI,2008,Rabi,Onion,280,3282,11.72142857
Uttar Pradesh,MAINPURI,2008,Rabi,Peas & beans (Pulses),1475,1780,1.206779661
Uttar Pradesh,MAINPURI,2008,Rabi,Potato,13748,267687,19.4709776
Uttar Pradesh,MAINPURI,2008,Rabi,Rapeseed &Mustard,8567,13472,1.572545815
Uttar Pradesh,MAINPURI,2008,Rabi,Wheat,146567,490560,3.347001713
Uttar Pradesh,MAINPURI,2008,Summer,Banana,1,38,38
Uttar Pradesh,MAINPURI,2008,Summer,Maize,311,465,1.495176849
Uttar Pradesh,MAINPURI,2008,Summer,Moong(Green Gram),3687,3499,0.949010035
Uttar Pradesh,MAINPURI,2008,Summer,Rice,105,263,2.504761905
Uttar Pradesh,MAINPURI,2008,Summer,Sunflower,330,584,1.76969697
Uttar Pradesh,MAINPURI,2008,Summer,Urad,2137,2015,0.942910622
Uttar Pradesh,MAINPURI,2009,Kharif,Arhar/Tur,629,418,0.6645469
Uttar Pradesh,MAINPURI,2009,Kharif,Bajra,10899,19654,1.803284705
Uttar Pradesh,MAINPURI,2009,Kharif,Dry chillies,129,114,0.88372093
Uttar Pradesh,MAINPURI,2009,Kharif,Groundnut,183,123,0.672131148
Uttar Pradesh,MAINPURI,2009,Kharif,Guar seed,12,10,0.833333333
Uttar Pradesh,MAINPURI,2009,Kharif,Jowar,703,670,0.953058321
Uttar Pradesh,MAINPURI,2009,Kharif,Maize,30973,54977,1.774997579
Uttar Pradesh,MAINPURI,2009,Kharif,Moong(Green Gram),3,1,0.333333333
Uttar Pradesh,MAINPURI,2009,Kharif,Rice,60622,137673,2.271007225
Uttar Pradesh,MAINPURI,2009,Kharif,Sesamum,269,28,0.104089219
Uttar Pradesh,MAINPURI,2009,Kharif,Sugarcane,369,15942,43.20325203
Uttar Pradesh,MAINPURI,2009,Kharif,Sweet potato,193,2625,13.60103627
Uttar Pradesh,MAINPURI,2009,Kharif,Urad,95,36,0.378947368
Uttar Pradesh,MAINPURI,2009,Rabi,Barley,2024,6067,2.997529644
Uttar Pradesh,MAINPURI,2009,Rabi,Coriander,12,7,0.583333333
Uttar Pradesh,MAINPURI,2009,Rabi,Garlic,8784,46669,5.312955373
Uttar Pradesh,MAINPURI,2009,Rabi,Gram,973,804,0.82631038
Uttar Pradesh,MAINPURI,2009,Rabi,Masoor,81,65,0.802469136
Uttar Pradesh,MAINPURI,2009,Rabi,Onion,332,5702,17.1746988
Uttar Pradesh,MAINPURI,2009,Rabi,Peas & beans (Pulses),1095,1405,1.283105023
Uttar Pradesh,MAINPURI,2009,Rabi,Potato,17405,447639,25.7189888
Uttar Pradesh,MAINPURI,2009,Rabi,Rapeseed &Mustard,9718,15136,1.557522124
Uttar Pradesh,MAINPURI,2009,Rabi,Wheat,143887,468064,3.252997144
Uttar Pradesh,MAINPURI,2009,Summer,Maize,301,438,1.455149502
Uttar Pradesh,MAINPURI,2009,Summer,Moong(Green Gram),3178,2183,0.686910006
Uttar Pradesh,MAINPURI,2009,Summer,Onion,496,6936,13.98387097
Uttar Pradesh,MAINPURI,2009,Summer,Rice,39,89,2.282051282
Uttar Pradesh,MAINPURI,2009,Summer,Sunflower,320,704,2.2
Uttar Pradesh,MAINPURI,2009,Summer,Urad,1206,1263,1.047263682
Uttar Pradesh,MAINPURI,2010,Kharif,Arhar/Tur,980,670,0.683673469
Uttar Pradesh,MAINPURI,2010,Kharif,Bajra,20651,38045,1.842283667
Uttar Pradesh,MAINPURI,2010,Kharif,Dry chillies,66,58,0.878787879
Uttar Pradesh,MAINPURI,2010,Kharif,Groundnut,711,702,0.987341772
Uttar Pradesh,MAINPURI,2010,Kharif,Guar seed,67,56,0.835820896
Uttar Pradesh,MAINPURI,2010,Kharif,Jowar,759,752,0.990777339
Uttar Pradesh,MAINPURI,2010,Kharif,Maize,32821,71517,2.179001249
Uttar Pradesh,MAINPURI,2010,Kharif,Moong(Green Gram),50,23,0.46
Uttar Pradesh,MAINPURI,2010,Kharif,Rice,49602,120434,2.428006935
Uttar Pradesh,MAINPURI,2010,Kharif,Sesamum,236,46,0.194915254
Uttar Pradesh,MAINPURI,2010,Kharif,Sugarcane,430,21889,50.90465116
Uttar Pradesh,MAINPURI,2010,Kharif,Sweet potato,310,3818,12.31612903
Uttar Pradesh,MAINPURI,2010,Kharif,Urad,235,159,0.676595745
Uttar Pradesh,MAINPURI,2010,Rabi,Barley,1376,4588,3.334302326
Uttar Pradesh,MAINPURI,2010,Rabi,Gram,917,1790,1.952017448
Uttar Pradesh,MAINPURI,2010,Rabi,Masoor,140,124,0.885714286
Uttar Pradesh,MAINPURI,2010,Rabi,Onion,168,3093,18.41071429
Uttar Pradesh,MAINPURI,2010,Rabi,Peas & beans (Pulses),1441,3440,2.38723109
Uttar Pradesh,MAINPURI,2010,Rabi,Potato,11309,307062,27.15200283
Uttar Pradesh,MAINPURI,2010,Rabi,Rapeseed &Mustard,7054,10823,1.534306776
Uttar Pradesh,MAINPURI,2010,Rabi,Wheat,160611,559880,3.485938074
Uttar Pradesh,MAINPURI,2010,Summer,Maize,240,352,1.466666667
Uttar Pradesh,MAINPURI,2010,Summer,Moong(Green Gram),4876,6597,1.35295324
Uttar Pradesh,MAINPURI,2010,Summer,Sunflower,786,1670,2.124681934
Uttar Pradesh,MAINPURI,2010,Summer,Urad,1474,1162,0.788331072
Uttar Pradesh,MAINPURI,2011,Kharif,Arhar/Tur,804,709,0.881840796
Uttar Pradesh,MAINPURI,2011,Kharif,Bajra,14567,33755,2.317223862
Uttar Pradesh,MAINPURI,2011,Kharif,Dry chillies,129,107,0.829457364
Uttar Pradesh,MAINPURI,2011,Kharif,Groundnut,895,896,1.001117318
Uttar Pradesh,MAINPURI,2011,Kharif,Guar seed,79,64,0.810126582
Uttar Pradesh,MAINPURI,2011,Kharif,Jowar,665,513,0.771428571
Uttar Pradesh,MAINPURI,2011,Kharif,Maize,43370,108772,2.508000922
Uttar Pradesh,MAINPURI,2011,Kharif,Moong(Green Gram),115,49,0.426086957
Uttar Pradesh,MAINPURI,2011,Kharif,Rice,64437,168825,2.620000931
Uttar Pradesh,MAINPURI,2011,Kharif,Sesamum,236,51,0.216101695
Uttar Pradesh,MAINPURI,2011,Kharif,Sugarcane,529,25114,47.47448015
Uttar Pradesh,MAINPURI,2011,Kharif,Sweet potato,349,4535,12.99426934
Uttar Pradesh,MAINPURI,2011,Kharif,Urad,265,177,0.667924528
Uttar Pradesh,MAINPURI,2011,Rabi,Barley,1854,6135,3.309061489
Uttar Pradesh,MAINPURI,2011,Rabi,Coriander,216,120,0.555555556
Uttar Pradesh,MAINPURI,2011,Rabi,Garlic,8112,41923,5.168022682
Uttar Pradesh,MAINPURI,2011,Rabi,Gram,853,1327,1.555685815
Uttar Pradesh,MAINPURI,2011,Rabi,Maize,8,19,2.375
Uttar Pradesh,MAINPURI,2011,Rabi,Masoor,107,206,1.925233645
Uttar Pradesh,MAINPURI,2011,Rabi,Onion,375,8578,22.87466667
Uttar Pradesh,MAINPURI,2011,Rabi,Peas & beans (Pulses),1445,2390,1.653979239
Uttar Pradesh,MAINPURI,2011,Rabi,Potato,13824,326274,23.60199653
Uttar Pradesh,MAINPURI,2011,Rabi,Rapeseed &Mustard,9158,13913,1.51921817
Uttar Pradesh,MAINPURI,2011,Rabi,Wheat,161486,603796,3.738999046
Uttar Pradesh,MAINPURI,2011,Summer,Maize,400,661,1.6525
Uttar Pradesh,MAINPURI,2011,Summer,Moong(Green Gram),3206,3841,1.198066126
Uttar Pradesh,MAINPURI,2011,Summer,Onion,590,8197,13.89322034
Uttar Pradesh,MAINPURI,2011,Summer,Rice,21,55,2.619047619
Uttar Pradesh,MAINPURI,2011,Summer,Sunflower,594,1014,1.707070707
Uttar Pradesh,MAINPURI,2011,Summer,Urad,1369,1933,1.411979547
Uttar Pradesh,MAINPURI,2012,Kharif,Arhar/Tur,750,844,1.125333333
Uttar Pradesh,MAINPURI,2012,Kharif,Bajra,17867,42410,2.373649745
Uttar Pradesh,MAINPURI,2012,Kharif,Dry chillies,83,66,0.795180723
Uttar Pradesh,MAINPURI,2012,Kharif,Groundnut,1699,1687,0.992937022
Uttar Pradesh,MAINPURI,2012,Kharif,Guar seed,89,73,0.820224719
Uttar Pradesh,MAINPURI,2012,Kharif,Jowar,495,542,1.094949495
Uttar Pradesh,MAINPURI,2012,Kharif,Maize,41509,111618,2.689007203
Uttar Pradesh,MAINPURI,2012,Kharif,Moong(Green Gram),154,78,0.506493506
Uttar Pradesh,MAINPURI,2012,Kharif,Rice,59963,157943,2.634007638
Uttar Pradesh,MAINPURI,2012,Kharif,Sannhamp,18,7,0.388888889
Uttar Pradesh,MAINPURI,2012,Kharif,Sesamum,297,56,0.188552189
Uttar Pradesh,MAINPURI,2012,Kharif,Sugarcane,555,25170,45.35135135
Uttar Pradesh,MAINPURI,2012,Kharif,Sweet potato,376,4868,12.94680851
Uttar Pradesh,MAINPURI,2012,Kharif,Urad,370,245,0.662162162
Uttar Pradesh,MAINPURI,2012,Rabi,Barley,2526,8221,3.254552652
Uttar Pradesh,MAINPURI,2012,Rabi,Coriander,77,42,0.545454545
Uttar Pradesh,MAINPURI,2012,Rabi,Garlic,8536,44336,5.194001874
Uttar Pradesh,MAINPURI,2012,Rabi,Gram,921,1660,1.802388708
Uttar Pradesh,MAINPURI,2012,Rabi,Masoor,110,216,1.963636364
Uttar Pradesh,MAINPURI,2012,Rabi,Onion,588,13526,23.00340136
Uttar Pradesh,MAINPURI,2012,Rabi,Peas & beans (Pulses),910,1880,2.065934066
Uttar Pradesh,MAINPURI,2012,Rabi,Potato,14241,409956,28.78702338
Uttar Pradesh,MAINPURI,2012,Rabi,Rapeseed &Mustard,8231,13744,1.669784959
Uttar Pradesh,MAINPURI,2012,Rabi,Tobacco,1,5,5
Uttar Pradesh,MAINPURI,2012,Rabi,Turmeric,62,176,2.838709677
Uttar Pradesh,MAINPURI,2012,Rabi,Wheat,152558,548751,3.596999174
Uttar Pradesh,MAINPURI,2012,Summer,Banana,25,1116,44.64
Uttar Pradesh,MAINPURI,2012,Summer,Maize,175,323,1.845714286
Uttar Pradesh,MAINPURI,2012,Summer,Moong(Green Gram),3520,3956,1.123863636
Uttar Pradesh,MAINPURI,2012,Summer,Onion,485,5521,11.38350515
Uttar Pradesh,MAINPURI,2012,Summer,Rice,21,55,2.619047619
Uttar Pradesh,MAINPURI,2012,Summer,Sunflower,434,339,0.781105991
Uttar Pradesh,MAINPURI,2012,Summer,Urad,1382,1287,0.931259045
Uttar Pradesh,MAINPURI,2013,Kharif,Arhar/Tur,1185,1495,1.261603376
Uttar Pradesh,MAINPURI,2013,Kharif,Bajra,18327,41819,2.28182463
Uttar Pradesh,MAINPURI,2013,Kharif,Dry chillies,108,87,0.805555556
Uttar Pradesh,MAINPURI,2013,Kharif,Groundnut,1425,2467,1.73122807
Uttar Pradesh,MAINPURI,2013,Kharif,Guar seed,4,3,0.75
Uttar Pradesh,MAINPURI,2013,Kharif,Jowar,497,444,0.893360161
Uttar Pradesh,MAINPURI,2013,Kharif,Maize,41055,108016,2.631007185
Uttar Pradesh,MAINPURI,2013,Kharif,Moong(Green Gram),222,71,0.31981982
Uttar Pradesh,MAINPURI,2013,Kharif,Rice,65174,172059,2.639994476
Uttar Pradesh,MAINPURI,2013,Kharif,Sannhamp,17,5,0.294117647
Uttar Pradesh,MAINPURI,2013,Kharif,Sesamum,463,50,0.107991361
Uttar Pradesh,MAINPURI,2013,Kharif,Sugarcane,547,26252,47.99268739
Uttar Pradesh,MAINPURI,2013,Kharif,Sweet potato,479,6330,13.21503132
Uttar Pradesh,MAINPURI,2013,Kharif,Urad,474,212,0.447257384
Uttar Pradesh,MAINPURI,2013,Rabi,Barley,2894,9795,3.384588804
Uttar Pradesh,MAINPURI,2013,Rabi,Coriander,159,87,0.547169811
Uttar Pradesh,MAINPURI,2013,Rabi,Garlic,7865,46081,5.85899555
Uttar Pradesh,MAINPURI,2013,Rabi,Gram,987,1858,1.882472138
Uttar Pradesh,MAINPURI,2013,Rabi,Maize,17,60,3.529411765
Uttar Pradesh,MAINPURI,2013,Rabi,Masoor,118,113,0.957627119
Uttar Pradesh,MAINPURI,2013,Rabi,Onion,420,8542,20.33809524
Uttar Pradesh,MAINPURI,2013,Rabi,Peas & beans (Pulses),1218,2666,2.188834154
Uttar Pradesh,MAINPURI,2013,Rabi,Potato,14204,381804,26.88003379
Uttar Pradesh,MAINPURI,2013,Rabi,Rapeseed &Mustard,7197,11497,1.597471169
Uttar Pradesh,MAINPURI,2013,Rabi,Tobacco,146,803,5.5
Uttar Pradesh,MAINPURI,2013,Rabi,Wheat,153478,581375,3.788002189
Uttar Pradesh,MAINPURI,2013,Summer,Banana,13,566,43.53846154
Uttar Pradesh,MAINPURI,2013,Summer,Maize,761,1398,1.837056505
Uttar Pradesh,MAINPURI,2013,Summer,Moong(Green Gram),3253,2407,0.73993237
Uttar Pradesh,MAINPURI,2013,Summer,Onion,471,5709,12.12101911
Uttar Pradesh,MAINPURI,2013,Summer,Rice,216,570,2.638888889
Uttar Pradesh,MAINPURI,2013,Summer,Sunflower,11,18,1.636363636
Uttar Pradesh,MAINPURI,2013,Summer,Urad,1172,964,0.822525597
Uttar Pradesh,MAINPURI,2014,Kharif,Arhar/Tur,634,696,1.097791798
Uttar Pradesh,MAINPURI,2014,Kharif,Bajra,21434,51063,2.382336475
Uttar Pradesh,MAINPURI,2014,Kharif,Dry chillies,181,149,0.82320442
Uttar Pradesh,MAINPURI,2014,Kharif,Groundnut,804,1588,1.975124378
Uttar Pradesh,MAINPURI,2014,Kharif,Guar seed,81,66,0.814814815
Uttar Pradesh,MAINPURI,2014,Kharif,Jowar,1770,4300,2.429378531
Uttar Pradesh,MAINPURI,2014,Kharif,Maize,49703,128134,2.57799328
Uttar Pradesh,MAINPURI,2014,Kharif,Moong(Green Gram),62,20,0.322580645
Uttar Pradesh,MAINPURI,2014,Kharif,Rice,73176,190843,2.607999891
Uttar Pradesh,MAINPURI,2014,Kharif,Sesamum,86,8,0.093023256
Uttar Pradesh,MAINPURI,2014,Kharif,Sugarcane,338,14234,42.11242604
Uttar Pradesh,MAINPURI,2014,Kharif,Sweet potato,282,3493,12.38652482
Uttar Pradesh,MAINPURI,2014,Kharif,Urad,279,124,0.444444444
Uttar Pradesh,MAINPURI,2014,Rabi,Barley,2081,3837,1.843825084
Uttar Pradesh,MAINPURI,2014,Rabi,Coriander,109,53,0.486238532
Uttar Pradesh,MAINPURI,2014,Rabi,Garlic,6937,40181,5.792273317
Uttar Pradesh,MAINPURI,2014,Rabi,Gram,813,911,1.120541205
Uttar Pradesh,MAINPURI,2014,Rabi,Masoor,67,63,0.940298507
Uttar Pradesh,MAINPURI,2014,Rabi,Onion,365,5584,15.29863014
Uttar Pradesh,MAINPURI,2014,Rabi,Peas & beans (Pulses),1120,500,0.446428571
Uttar Pradesh,MAINPURI,2014,Rabi,Potato,15606,445504,28.54696911
Uttar Pradesh,MAINPURI,2014,Rabi,Rapeseed &Mustard,6137,10727,1.747922438
Uttar Pradesh,MAINPURI,2014,Rabi,Wheat,149855,349312,2.330999967
Uttar Pradesh,MAINPURI,2014,Summer,Banana,27,1218,45.11111111
Uttar Pradesh,MAINPURI,2014,Summer,Maize,1024,1821,1.778320313
Uttar Pradesh,MAINPURI,2014,Summer,Moong(Green Gram),3581,3649,1.018989109
Uttar Pradesh,MAINPURI,2014,Summer,Onion,474,7653,16.14556962
Uttar Pradesh,MAINPURI,2014,Summer,Rice,63,164,2.603174603
Uttar Pradesh,MAINPURI,2014,Summer,Sunflower,169,289,1.710059172
Uttar Pradesh,MAINPURI,2014,Summer,Urad,1260,1385,1.099206349
Uttar Pradesh,MATHURA,1997,Kharif,Arhar/Tur,5782,3830,0.662400553
Uttar Pradesh,MATHURA,1997,Kharif,Bajra,40061,49281,1.230149023
Uttar Pradesh,MATHURA,1997,Kharif,Groundnut,2,2,1
Uttar Pradesh,MATHURA,1997,Kharif,Jowar,3078,1723,0.559779077
Uttar Pradesh,MATHURA,1997,Kharif,Maize,818,1873,2.289731051
Uttar Pradesh,MATHURA,1997,Kharif,Moong(Green Gram),112,32,0.285714286
Uttar Pradesh,MATHURA,1997,Kharif,Oilseeds total,57659,34382,0.59629893
Uttar Pradesh,MATHURA,1997,Kharif,Onion,31,306,9.870967742
Uttar Pradesh,MATHURA,1997,Kharif,Rice,25931,56690,2.186186418
Uttar Pradesh,MATHURA,1997,Kharif,Sesamum,725,169,0.233103448
Uttar Pradesh,MATHURA,1997,Kharif,Total foodgrain,257979,699089,2.709867857
Uttar Pradesh,MATHURA,1997,Kharif,Urad,366,194,0.530054645
Uttar Pradesh,MATHURA,1997,Rabi,Barley,12825,41813,3.260272904
Uttar Pradesh,MATHURA,1997,Rabi,Gram,1078,1085,1.006493506
Uttar Pradesh,MATHURA,1997,Rabi,Masoor,221,187,0.846153846
Uttar Pradesh,MATHURA,1997,Rabi,Peas & beans (Pulses),124,198,1.596774194
Uttar Pradesh,MATHURA,1997,Rabi,Rapeseed &Mustard,56408,33758,0.598461211
Uttar Pradesh,MATHURA,1997,Rabi,Sunflower,524,453,0.864503817
Uttar Pradesh,MATHURA,1997,Rabi,Wheat,162711,540940,3.324544745
Uttar Pradesh,MATHURA,1997,Summer,Maize,14,22,1.571428571
Uttar Pradesh,MATHURA,1997,Summer,Moong(Green Gram),4825,1206,0.249948187
Uttar Pradesh,MATHURA,1997,Summer,Urad,33,15,0.454545455
Uttar Pradesh,MATHURA,1997,Whole Year,Potato,3237,56873,17.56966327
Uttar Pradesh,MATHURA,1997,Whole Year,Sugarcane,14488,748972,51.6960243
Uttar Pradesh,MATHURA,1998,Kharif,Arhar/Tur,3903,2641,0.67665898
Uttar Pradesh,MATHURA,1998,Kharif,Bajra,43204,37903,0.877303027
Uttar Pradesh,MATHURA,1998,Kharif,Cotton(lint),996,93,0.093373494
Uttar Pradesh,MATHURA,1998,Kharif,Groundnut,1,1,1
Uttar Pradesh,MATHURA,1998,Kharif,Jowar,31,11,0.35483871
Uttar Pradesh,MATHURA,1998,Kharif,Maize,582,481,0.826460481
Uttar Pradesh,MATHURA,1998,Kharif,Moong(Green Gram),75,16,0.213333333
Uttar Pradesh,MATHURA,1998,Kharif,Moth,2,1,0.5
Uttar Pradesh,MATHURA,1998,Kharif,Rice,31123,59471,1.910837644
Uttar Pradesh,MATHURA,1998,Kharif,Sesamum,551,100,0.181488203
Uttar Pradesh,MATHURA,1998,Kharif,Urad,388,104,0.268041237
Uttar Pradesh,MATHURA,1998,Rabi,Barley,12430,35924,2.890104586
Uttar Pradesh,MATHURA,1998,Rabi,Gram,1038,1011,0.973988439
Uttar Pradesh,MATHURA,1998,Rabi,Masoor,270,196,0.725925926
Uttar Pradesh,MATHURA,1998,Rabi,Peas & beans (Pulses),126,172,1.365079365
Uttar Pradesh,MATHURA,1998,Rabi,Rapeseed &Mustard,41774,24931,0.596806626
Uttar Pradesh,MATHURA,1998,Rabi,Sunflower,446,561,1.257847534
Uttar Pradesh,MATHURA,1998,Rabi,Wheat,179992,540527,3.003061247
Uttar Pradesh,MATHURA,1998,Summer,Maize,37,38,1.027027027
Uttar Pradesh,MATHURA,1998,Summer,Moong(Green Gram),3482,1718,0.493394601
Uttar Pradesh,MATHURA,1998,Summer,Urad,15,8,0.533333333
Uttar Pradesh,MATHURA,1998,Whole Year,Onion,36,435,12.08333333
Uttar Pradesh,MATHURA,1998,Whole Year,Potato,5057,107412,21.24026102
Uttar Pradesh,MATHURA,1998,Whole Year,Sannhamp,14,5,0.357142857
Uttar Pradesh,MATHURA,1998,Whole Year,Sugarcane,11769,683638,58.08802787
Uttar Pradesh,MATHURA,1998,Whole Year,Tobacco,5,31,6.2
Uttar Pradesh,MATHURA,1999,Kharif,Arhar/Tur,3767,2687,0.713299708
Uttar Pradesh,MATHURA,1999,Kharif,Bajra,48149,60689,1.260441546
Uttar Pradesh,MATHURA,1999,Kharif,Cotton(lint),868,541,0.623271889
Uttar Pradesh,MATHURA,1999,Kharif,Groundnut,1,1,1
Uttar Pradesh,MATHURA,1999,Kharif,Jowar,66,52,0.787878788
Uttar Pradesh,MATHURA,1999,Kharif,Maize,571,812,1.42206655
Uttar Pradesh,MATHURA,1999,Kharif,Moong(Green Gram),80,22,0.275
Uttar Pradesh,MATHURA,1999,Kharif,Rice,39971,82441,2.062520327
Uttar Pradesh,MATHURA,1999,Kharif,Small millets,3,2,0.666666667
Uttar Pradesh,MATHURA,1999,Kharif,Sunflower,308,263,0.853896104
Uttar Pradesh,MATHURA,1999,Kharif,Urad,315,131,0.415873016
Uttar Pradesh,MATHURA,1999,Rabi,Barley,11733,38216,3.257137987
Uttar Pradesh,MATHURA,1999,Rabi,Gram,522,588,1.126436782
Uttar Pradesh,MATHURA,1999,Rabi,Maize,17,24,1.411764706
Uttar Pradesh,MATHURA,1999,Rabi,Rapeseed &Mustard,33632,40153,1.193892721
Uttar Pradesh,MATHURA,1999,Rabi,Wheat,195013,658504,3.376718475
Uttar Pradesh,MATHURA,1999,Summer,Moong(Green Gram),1979,267,0.134916625
Uttar Pradesh,MATHURA,1999,Summer,Urad,11,6,0.545454545
Uttar Pradesh,MATHURA,1999,Whole Year,Onion,32,459,14.34375
Uttar Pradesh,MATHURA,1999,Whole Year,Peas & beans (Pulses),138,282,2.043478261
Uttar Pradesh,MATHURA,1999,Whole Year,Potato,7070,191703,27.11499293
Uttar Pradesh,MATHURA,1999,Whole Year,Sugarcane,10269,659886,64.26000584
Uttar Pradesh,MATHURA,1999,Whole Year,Tobacco,5,23,4.6
Uttar Pradesh,MATHURA,2000,Kharif,Arhar/Tur,4418,3844,0.870076958
Uttar Pradesh,MATHURA,2000,Kharif,Bajra,62258,82184,1.320055254
Uttar Pradesh,MATHURA,2000,Kharif,Cotton(lint),618,482,0.779935275
Uttar Pradesh,MATHURA,2000,Kharif,Groundnut,3,2,0.666666667
Uttar Pradesh,MATHURA,2000,Kharif,Jowar,2126,1741,0.818908749
Uttar Pradesh,MATHURA,2000,Kharif,Maize,682,1359,1.992668622
Uttar Pradesh,MATHURA,2000,Kharif,Moong(Green Gram),57,17,0.298245614
Uttar Pradesh,MATHURA,2000,Kharif,Rice,38821,80997,2.086422297
Uttar Pradesh,MATHURA,2000,Kharif,Sesamum,1248,290,0.232371795
Uttar Pradesh,MATHURA,2000,Kharif,Small millets,10,6,0.6
Uttar Pradesh,MATHURA,2000,Kharif,Urad,646,369,0.57120743
Uttar Pradesh,MATHURA,2000,Rabi,Barley,14635,47484,3.244550735
Uttar Pradesh,MATHURA,2000,Rabi,Gram,273,315,1.153846154
Uttar Pradesh,MATHURA,2000,Rabi,Linseed,1,0.1,0.1
Uttar Pradesh,MATHURA,2000,Rabi,Maize,10,16,1.6
Uttar Pradesh,MATHURA,2000,Rabi,Masoor,120,97,0.808333333
Uttar Pradesh,MATHURA,2000,Rabi,Moong(Green Gram),521,140,0.268714012
Uttar Pradesh,MATHURA,2000,Rabi,Peas & beans (Pulses),71,135,1.901408451
Uttar Pradesh,MATHURA,2000,Rabi,Rapeseed &Mustard,18311,21537,1.176178254
Uttar Pradesh,MATHURA,2000,Rabi,Wheat,209170,713512,3.411158388
Uttar Pradesh,MATHURA,2000,Whole Year,Potato,6137,161704,26.34903047
Uttar Pradesh,MATHURA,2000,Whole Year,Sugarcane,10454,497318,47.57202985
Uttar Pradesh,MATHURA,2001,Kharif,Arhar/Tur,5777,3508,0.607235589
Uttar Pradesh,MATHURA,2001,Kharif,Bajra,55253,47249,0.855139087
Uttar Pradesh,MATHURA,2001,Kharif,Cotton(lint),672,582,0.866071429
Uttar Pradesh,MATHURA,2001,Kharif,Jowar,916,710,0.77510917
Uttar Pradesh,MATHURA,2001,Kharif,Maize,733,1425,1.944065484
Uttar Pradesh,MATHURA,2001,Kharif,Moong(Green Gram),71,19,0.267605634
Uttar Pradesh,MATHURA,2001,Kharif,Rice,36964,75917,2.053809112
Uttar Pradesh,MATHURA,2001,Kharif,Sesamum,1634,474,0.290085679
Uttar Pradesh,MATHURA,2001,Kharif,Sunflower,12,14,1.166666667
Uttar Pradesh,MATHURA,2001,Kharif,Urad,616,251,0.407467532
Uttar Pradesh,MATHURA,2001,Rabi,Barley,11979,35960,3.001920027
Uttar Pradesh,MATHURA,2001,Rabi,Gram,238,284,1.193277311
Uttar Pradesh,MATHURA,2001,Rabi,Maize,13,21,1.615384615
Uttar Pradesh,MATHURA,2001,Rabi,Masoor,64,51,0.796875
Uttar Pradesh,MATHURA,2001,Rabi,Moong(Green Gram),608,170,0.279605263
Uttar Pradesh,MATHURA,2001,Rabi,Peas & beans (Pulses),174,309,1.775862069
Uttar Pradesh,MATHURA,2001,Rabi,Rapeseed &Mustard,33313,46610,1.399153484
Uttar Pradesh,MATHURA,2001,Rabi,Urad,5,1,0.2
Uttar Pradesh,MATHURA,2001,Rabi,Wheat,200804,627902,3.126939702
Uttar Pradesh,MATHURA,2001,Whole Year,Potato,5965,202894,34.01408215
Uttar Pradesh,MATHURA,2001,Whole Year,Sugarcane,10576,449776,42.5279879
Uttar Pradesh,MATHURA,2002,Kharif,Bajra,42930,44875,1.045306313
Uttar Pradesh,MATHURA,2002,Kharif,Cotton(lint),1200,971,0.809166667
Uttar Pradesh,MATHURA,2002,Kharif,Jowar,614,609,0.991856678
Uttar Pradesh,MATHURA,2002,Kharif,Maize,423,498,1.177304965
Uttar Pradesh,MATHURA,2002,Kharif,Moong(Green Gram),27,7,0.259259259
Uttar Pradesh,MATHURA,2002,Kharif,Rice,25096,43496,1.733184571
Uttar Pradesh,MATHURA,2002,Kharif,Sesamum,473,76,0.160676533
Uttar Pradesh,MATHURA,2002,Kharif,Small millets,1,1,1
Uttar Pradesh,MATHURA,2002,Kharif,Urad,307,123,0.400651466
Uttar Pradesh,MATHURA,2002,Rabi,Barley,10610,31374,2.957021678
Uttar Pradesh,MATHURA,2002,Rabi,Gram,157,151,0.961783439
Uttar Pradesh,MATHURA,2002,Rabi,Maize,9,10,1.111111111
Uttar Pradesh,MATHURA,2002,Rabi,Masoor,59,58,0.983050847
Uttar Pradesh,MATHURA,2002,Rabi,Onion,8,82,10.25
Uttar Pradesh,MATHURA,2002,Rabi,Peas & beans (Pulses),16,27,1.6875
Uttar Pradesh,MATHURA,2002,Rabi,Rapeseed &Mustard,44296,51899,1.17164078
Uttar Pradesh,MATHURA,2002,Rabi,Wheat,188938,663797,3.513305952
Uttar Pradesh,MATHURA,2002,Summer,Moong(Green Gram),408,196,0.480392157
Uttar Pradesh,MATHURA,2002,Summer,Onion,4,45,11.25
Uttar Pradesh,MATHURA,2002,Summer,Rice,7,12,1.714285714
Uttar Pradesh,MATHURA,2002,Summer,Urad,7,3,0.428571429
Uttar Pradesh,MATHURA,2002,Whole Year,Potato,7782,216254,27.78900026
Uttar Pradesh,MATHURA,2002,Whole Year,Sannhamp,19,6,0.315789474
Uttar Pradesh,MATHURA,2002,Whole Year,Sugarcane,9275,500665,53.98005391
Uttar Pradesh,MATHURA,2003,Kharif,Arhar/Tur,3366,2898,0.860962567
Uttar Pradesh,MATHURA,2003,Kharif,Bajra,49633,60820,1.225394395
Uttar Pradesh,MATHURA,2003,Kharif,Jowar,115,102,0.886956522
Uttar Pradesh,MATHURA,2003,Kharif,Maize,291,502,1.725085911
Uttar Pradesh,MATHURA,2003,Kharif,Moong(Green Gram),56,13,0.232142857
Uttar Pradesh,MATHURA,2003,Kharif,Moth,3,1,0.333333333
Uttar Pradesh,MATHURA,2003,Kharif,Rice,33054,67858,2.052943668
Uttar Pradesh,MATHURA,2003,Kharif,Sesamum,484,63,0.130165289
Uttar Pradesh,MATHURA,2003,Kharif,Soyabean,1,1,1
Uttar Pradesh,MATHURA,2003,Kharif,Sunflower,4,7,1.75
Uttar Pradesh,MATHURA,2003,Kharif,Urad,316,75,0.237341772
Uttar Pradesh,MATHURA,2003,Rabi,Barley,10061,25253,2.509989067
Uttar Pradesh,MATHURA,2003,Rabi,Gram,134,183,1.365671642
Uttar Pradesh,MATHURA,2003,Rabi,Masoor,73,66,0.904109589
Uttar Pradesh,MATHURA,2003,Rabi,Onion,9,129,14.33333333
Uttar Pradesh,MATHURA,2003,Rabi,Peas & beans (Pulses),34,69,2.029411765
Uttar Pradesh,MATHURA,2003,Rabi,Rapeseed &Mustard,36897,50795,1.37667019
Uttar Pradesh,MATHURA,2003,Rabi,Wheat,198346,655433,3.304493158
Uttar Pradesh,MATHURA,2003,Summer,Maize,8,11,1.375
Uttar Pradesh,MATHURA,2003,Summer,Moong(Green Gram),873,349,0.399770905
Uttar Pradesh,MATHURA,2003,Summer,Onion,7,69,9.857142857
Uttar Pradesh,MATHURA,2003,Summer,Urad,8,4,0.5
Uttar Pradesh,MATHURA,2003,Whole Year,Potato,8391,204514,24.37301871
Uttar Pradesh,MATHURA,2003,Whole Year,Sannhamp,15,4,0.266666667
Uttar Pradesh,MATHURA,2003,Whole Year,Sugarcane,8048,396638,49.28404573
Uttar Pradesh,MATHURA,2004,Kharif,Bajra,43620,59471,1.363388354
Uttar Pradesh,MATHURA,2004,Kharif,Cotton(lint),1469,213,0.144996596
Uttar Pradesh,MATHURA,2004,Kharif,Jowar,204,154,0.754901961
Uttar Pradesh,MATHURA,2004,Kharif,Maize,204,421,2.06372549
Uttar Pradesh,MATHURA,2004,Kharif,Rice,37089,94625,2.551295532
Uttar Pradesh,MATHURA,2004,Kharif,Sannhamp,4,1,0.25
Uttar Pradesh,MATHURA,2004,Kharif,Sesamum,488,78,0.159836066
Uttar Pradesh,MATHURA,2004,Kharif,Sugarcane,6292,300154,47.70406866
Uttar Pradesh,MATHURA,2004,Rabi,Barley,8989,24151,2.686728223
Uttar Pradesh,MATHURA,2004,Rabi,Gram,84,104,1.238095238
Uttar Pradesh,MATHURA,2004,Rabi,Potato,8608,250166,29.06203532
Uttar Pradesh,MATHURA,2004,Rabi,Rapeseed &Mustard,49141,58670,1.193911398
Uttar Pradesh,MATHURA,2004,Rabi,Wheat,188891,589554,3.121133352
Uttar Pradesh,MATHURA,2004,Summer,Sunflower,8,16,2
Uttar Pradesh,MATHURA,2004,Whole Year,Dry chillies,26,25,0.961538462
Uttar Pradesh,MATHURA,2004,Whole Year,Garlic,1,4,4
Uttar Pradesh,MATHURA,2004,Whole Year,Guar seed,211,179,0.848341232
Uttar Pradesh,MATHURA,2004,Whole Year,Onion,24,274,11.41666667
Uttar Pradesh,MATHURA,2004,Whole Year,Sweet potato,66,767,11.62121212
Uttar Pradesh,MATHURA,2005,Kharif,Bajra,44429,59561,1.340588354
Uttar Pradesh,MATHURA,2005,Kharif,Cotton(lint),1436,292,0.203342618
Uttar Pradesh,MATHURA,2005,Kharif,Jowar,86,81,0.941860465
Uttar Pradesh,MATHURA,2005,Kharif,Maize,907,1630,1.797133407
Uttar Pradesh,MATHURA,2005,Kharif,Rice,32880,82858,2.520012165
Uttar Pradesh,MATHURA,2005,Kharif,Sannhamp,10,4,0.4
Uttar Pradesh,MATHURA,2005,Kharif,Sesamum,399,71,0.177944862
Uttar Pradesh,MATHURA,2005,Kharif,Sugarcane,8048,366828,45.58001988
Uttar Pradesh,MATHURA,2005,Rabi,Barley,10061,31096,3.090746447
Uttar Pradesh,MATHURA,2005,Rabi,Gram,134,175,1.305970149
Uttar Pradesh,MATHURA,2005,Rabi,Potato,8391,244061,29.08604457
Uttar Pradesh,MATHURA,2005,Rabi,Rapeseed &Mustard,41847,65950,1.575979162
Uttar Pradesh,MATHURA,2005,Rabi,Wheat,198347,654148,3.297997953
Uttar Pradesh,MATHURA,2005,Summer,Sunflower,3,4,1.333333333
Uttar Pradesh,MATHURA,2005,Whole Year,Banana,1,38,38
Uttar Pradesh,MATHURA,2005,Whole Year,Coriander,2,1,0.5
Uttar Pradesh,MATHURA,2005,Whole Year,Dry chillies,9,8,0.888888889
Uttar Pradesh,MATHURA,2005,Whole Year,Garlic,3,13,4.333333333
Uttar Pradesh,MATHURA,2005,Whole Year,Guar seed,210,170,0.80952381
Uttar Pradesh,MATHURA,2005,Whole Year,Onion,12,153,12.75
Uttar Pradesh,MATHURA,2005,Whole Year,Sweet potato,49,641,13.08163265
Uttar Pradesh,MATHURA,2006,Kharif,Arhar/Tur,3372,2857,0.847271649
Uttar Pradesh,MATHURA,2006,Kharif,Bajra,43620,40488,0.928198074
Uttar Pradesh,MATHURA,2006,Kharif,Cotton(lint),1453,333,0.229181005
Uttar Pradesh,MATHURA,2006,Kharif,Jowar,204,232,1.137254902
Uttar Pradesh,MATHURA,2006,Kharif,Maize,204,370,1.81372549
Uttar Pradesh,MATHURA,2006,Kharif,Other Kharif pulses,1134,470,0.414462081
Uttar Pradesh,MATHURA,2006,Kharif,Rice,37089,77442,2.08800453
Uttar Pradesh,MATHURA,2006,Kharif,Sannhamp,4,1,0.25
Uttar Pradesh,MATHURA,2006,Kharif,Sesamum,488,82,0.168032787
Uttar Pradesh,MATHURA,2006,Kharif,Sugarcane,6292,278660,44.28798474
Uttar Pradesh,MATHURA,2006,Kharif,Sweet potato,53,723,13.64150943
Uttar Pradesh,MATHURA,2006,Rabi,Barley,8989,22464,2.4990544
Uttar Pradesh,MATHURA,2006,Rabi,Garlic,10,44,4.4
Uttar Pradesh,MATHURA,2006,Rabi,Gram,84,70,0.833333333
Uttar Pradesh,MATHURA,2006,Rabi,Masoor,71,64,0.901408451
Uttar Pradesh,MATHURA,2006,Rabi,Onion,10,192,19.2
Uttar Pradesh,MATHURA,2006,Rabi,Other  Rabi pulses,19,18,0.947368421
Uttar Pradesh,MATHURA,2006,Rabi,Potato,8608,246998,28.69400558
Uttar Pradesh,MATHURA,2006,Rabi,Rapeseed &Mustard,49137,81173,1.651973055
Uttar Pradesh,MATHURA,2006,Rabi,Wheat,188891,538340,2.850003441
Uttar Pradesh,MATHURA,2006,Summer,Maize,12,16,1.333333333
Uttar Pradesh,MATHURA,2006,Summer,Onion,14,163,11.64285714
Uttar Pradesh,MATHURA,2006,Summer,Sunflower,7,10,1.428571429
Uttar Pradesh,MATHURA,2006,Whole Year,Banana,1,39,39
Uttar Pradesh,MATHURA,2006,Whole Year,Dry chillies,17,16,0.941176471
Uttar Pradesh,MATHURA,2006,Whole Year,Guar seed,210,177,0.842857143
Uttar Pradesh,MATHURA,2007,Kharif,Arhar/Tur,3049,2965,0.972449984
Uttar Pradesh,MATHURA,2007,Kharif,Bajra,38500,52706,1.368987013
Uttar Pradesh,MATHURA,2007,Kharif,Cotton(lint),794,217,0.273299748
Uttar Pradesh,MATHURA,2007,Kharif,Dry chillies,17,16,0.941176471
Uttar Pradesh,MATHURA,2007,Kharif,Guar seed,210,176,0.838095238
Uttar Pradesh,MATHURA,2007,Kharif,Jowar,50,31,0.62
Uttar Pradesh,MATHURA,2007,Kharif,Maize,275,624,2.269090909
Uttar Pradesh,MATHURA,2007,Kharif,Moong(Green Gram),37,7,0.189189189
Uttar Pradesh,MATHURA,2007,Kharif,Rice,42229,103377,2.448009662
Uttar Pradesh,MATHURA,2007,Kharif,Sesamum,455,70,0.153846154
Uttar Pradesh,MATHURA,2007,Kharif,Sugarcane,5910,286399,48.46006768
Uttar Pradesh,MATHURA,2007,Kharif,Sweet potato,36,485,13.47222222
Uttar Pradesh,MATHURA,2007,Kharif,Urad,411,180,0.437956204
Uttar Pradesh,MATHURA,2007,Rabi,Barley,10998,29185,2.653664303
Uttar Pradesh,MATHURA,2007,Rabi,Gram,2,3,1.5
Uttar Pradesh,MATHURA,2007,Rabi,Masoor,33,24,0.727272727
Uttar Pradesh,MATHURA,2007,Rabi,Onion,12,167,13.91666667
Uttar Pradesh,MATHURA,2007,Rabi,Other  Rabi pulses,11,10,0.909090909
Uttar Pradesh,MATHURA,2007,Rabi,Potato,14215,356484,25.07801618
Uttar Pradesh,MATHURA,2007,Rabi,Rapeseed &Mustard,52659,86990,1.651949334
Uttar Pradesh,MATHURA,2007,Rabi,Wheat,172287,628848,3.650002612
Uttar Pradesh,MATHURA,2007,Summer,Maize,26,37,1.423076923
Uttar Pradesh,MATHURA,2007,Summer,Moong(Green Gram),921,690,0.749185668
Uttar Pradesh,MATHURA,2008,Kharif,Arhar/Tur,1822,1428,0.783754116
Uttar Pradesh,MATHURA,2008,Kharif,Bajra,40426,55828,1.380992431
Uttar Pradesh,MATHURA,2008,Kharif,Cotton(lint),1004,220,0.219123506
Uttar Pradesh,MATHURA,2008,Kharif,Dry chillies,13,13,1
Uttar Pradesh,MATHURA,2008,Kharif,Guar seed,209,176,0.842105263
Uttar Pradesh,MATHURA,2008,Kharif,Jowar,95,94,0.989473684
Uttar Pradesh,MATHURA,2008,Kharif,Maize,221,517,2.339366516
Uttar Pradesh,MATHURA,2008,Kharif,Moong(Green Gram),16,6,0.375
Uttar Pradesh,MATHURA,2008,Kharif,Rice,45394,119522,2.632991144
Uttar Pradesh,MATHURA,2008,Kharif,Sesamum,462,76,0.164502165
Uttar Pradesh,MATHURA,2008,Kharif,Sugarcane,5602,246062,43.92395573
Uttar Pradesh,MATHURA,2008,Kharif,Sweet potato,23,282,12.26086957
Uttar Pradesh,MATHURA,2008,Kharif,Urad,60,32,0.533333333
Uttar Pradesh,MATHURA,2008,Rabi,Barley,5613,16573,2.952610012
Uttar Pradesh,MATHURA,2008,Rabi,Coriander,1,1,1
Uttar Pradesh,MATHURA,2008,Rabi,Garlic,6,35,5.833333333
Uttar Pradesh,MATHURA,2008,Rabi,Gram,14,14,1
Uttar Pradesh,MATHURA,2008,Rabi,Masoor,39,34,0.871794872
Uttar Pradesh,MATHURA,2008,Rabi,Onion,6,71,11.83333333
Uttar Pradesh,MATHURA,2008,Rabi,Peas & beans (Pulses),10,12,1.2
Uttar Pradesh,MATHURA,2008,Rabi,Potato,15347,416364,27.12999283
Uttar Pradesh,MATHURA,2008,Rabi,Rapeseed &Mustard,43905,78805,1.794898075
Uttar Pradesh,MATHURA,2008,Rabi,Wheat,180271,689717,3.826000854
Uttar Pradesh,MATHURA,2008,Summer,Banana,1,38,38
Uttar Pradesh,MATHURA,2008,Summer,Maize,46,69,1.5
Uttar Pradesh,MATHURA,2008,Summer,Moong(Green Gram),1285,732,0.569649805
Uttar Pradesh,MATHURA,2009,Kharif,Arhar/Tur,1758,1167,0.663822526
Uttar Pradesh,MATHURA,2009,Kharif,Bajra,33077,34929,1.055990567
Uttar Pradesh,MATHURA,2009,Kharif,Cotton(lint),1122,189,0.168449198
Uttar Pradesh,MATHURA,2009,Kharif,Dry chillies,7,6,0.857142857
Uttar Pradesh,MATHURA,2009,Kharif,Guar seed,210,176,0.838095238
Uttar Pradesh,MATHURA,2009,Kharif,Jowar,10,9,0.9
Uttar Pradesh,MATHURA,2009,Kharif,Maize,181,337,1.861878453
Uttar Pradesh,MATHURA,2009,Kharif,Moong(Green Gram),8,1,0.125
Uttar Pradesh,MATHURA,2009,Kharif,Rice,42931,92817,2.162004146
Uttar Pradesh,MATHURA,2009,Kharif,Sesamum,558,58,0.103942652
Uttar Pradesh,MATHURA,2009,Kharif,Sugarcane,5487,237060,43.20393658
Uttar Pradesh,MATHURA,2009,Kharif,Sweet potato,7,95,13.57142857
Uttar Pradesh,MATHURA,2009,Kharif,Urad,86,33,0.38372093
Uttar Pradesh,MATHURA,2009,Rabi,Barley,8202,24584,2.997317727
Uttar Pradesh,MATHURA,2009,Rabi,Coriander,1,1,1
Uttar Pradesh,MATHURA,2009,Rabi,Garlic,4,21,5.25
Uttar Pradesh,MATHURA,2009,Rabi,Gram,26,22,0.846153846
Uttar Pradesh,MATHURA,2009,Rabi,Masoor,46,37,0.804347826
Uttar Pradesh,MATHURA,2009,Rabi,Onion,11,189,17.18181818
Uttar Pradesh,MATHURA,2009,Rabi,Peas & beans (Pulses),2,3,1.5
Uttar Pradesh,MATHURA,2009,Rabi,Potato,13482,360374,26.73001038
Uttar Pradesh,MATHURA,2009,Rabi,Rapeseed &Mustard,42570,69095,1.623091379
Uttar Pradesh,MATHURA,2009,Rabi,Wheat,191200,616046,3.221997908
Uttar Pradesh,MATHURA,2009,Summer,Banana,1,41,41
Uttar Pradesh,MATHURA,2009,Summer,Maize,8,11,1.375
Uttar Pradesh,MATHURA,2009,Summer,Moong(Green Gram),2240,1967,0.878125
Uttar Pradesh,MATHURA,2009,Summer,Onion,9,126,14
Uttar Pradesh,MATHURA,2010,Kharif,Arhar/Tur,2911,1816,0.623840605
Uttar Pradesh,MATHURA,2010,Kharif,Bajra,42720,53058,1.241994382
Uttar Pradesh,MATHURA,2010,Kharif,Cotton(lint),1326,239,0.180241327
Uttar Pradesh,MATHURA,2010,Kharif,Dry chillies,1,1,1
Uttar Pradesh,MATHURA,2010,Kharif,Guar seed,63,52,0.825396825
Uttar Pradesh,MATHURA,2010,Kharif,Jowar,134,133,0.992537313
Uttar Pradesh,MATHURA,2010,Kharif,Maize,77,164,2.12987013
Uttar Pradesh,MATHURA,2010,Kharif,Moong(Green Gram),10,5,0.5
Uttar Pradesh,MATHURA,2010,Kharif,Rice,47142,101167,2.146005685
Uttar Pradesh,MATHURA,2010,Kharif,Sannhamp,2,1,0.5
Uttar Pradesh,MATHURA,2010,Kharif,Sesamum,644,126,0.195652174
Uttar Pradesh,MATHURA,2010,Kharif,Sugarcane,4983,253655,50.90407385
Uttar Pradesh,MATHURA,2010,Kharif,Sweet potato,3,37,12.33333333
Uttar Pradesh,MATHURA,2010,Kharif,Urad,115,78,0.67826087
Uttar Pradesh,MATHURA,2010,Rabi,Barley,6772,22577,3.333874778
Uttar Pradesh,MATHURA,2010,Rabi,Gram,32,62,1.9375
Uttar Pradesh,MATHURA,2010,Rabi,Masoor,32,28,0.875
Uttar Pradesh,MATHURA,2010,Rabi,Onion,6,110,18.33333333
Uttar Pradesh,MATHURA,2010,Rabi,Potato,11656,352757,30.26398421
Uttar Pradesh,MATHURA,2010,Rabi,Rapeseed &Mustard,46861,85053,1.815006082
Uttar Pradesh,MATHURA,2010,Rabi,Wheat,192631,722174,3.749001978
Uttar Pradesh,MATHURA,2010,Summer,Moong(Green Gram),1504,1029,0.684175532
Uttar Pradesh,MATHURA,2011,Kharif,Arhar/Tur,2266,1997,0.881288614
Uttar Pradesh,MATHURA,2011,Kharif,Bajra,41639,56587,1.35899037
Uttar Pradesh,MATHURA,2011,Kharif,Cotton(lint),1178,315,0.267402377
Uttar Pradesh,MATHURA,2011,Kharif,Dry chillies,2,2,1
Uttar Pradesh,MATHURA,2011,Kharif,Guar seed,83,68,0.819277108
Uttar Pradesh,MATHURA,2011,Kharif,Jowar,25,19,0.76
Uttar Pradesh,MATHURA,2011,Kharif,Maize,245,617,2.518367347
Uttar Pradesh,MATHURA,2011,Kharif,Moong(Green Gram),17,7,0.411764706
Uttar Pradesh,MATHURA,2011,Kharif,Rice,45927,104300,2.270995275
Uttar Pradesh,MATHURA,2011,Kharif,Sesamum,306,67,0.218954248
Uttar Pradesh,MATHURA,2011,Kharif,Sugarcane,4375,207708,47.47611429
Uttar Pradesh,MATHURA,2011,Kharif,Sweet potato,24,312,13
Uttar Pradesh,MATHURA,2011,Kharif,Urad,140,94,0.671428571
Uttar Pradesh,MATHURA,2011,Rabi,Barley,5040,16678,3.309126984
Uttar Pradesh,MATHURA,2011,Rabi,Coriander,12,7,0.583333333
Uttar Pradesh,MATHURA,2011,Rabi,Garlic,4,21,5.25
Uttar Pradesh,MATHURA,2011,Rabi,Gram,10,15,1.5
Uttar Pradesh,MATHURA,2011,Rabi,Masoor,62,119,1.919354839
Uttar Pradesh,MATHURA,2011,Rabi,Onion,4,91,22.75
Uttar Pradesh,MATHURA,2011,Rabi,Peas & beans (Pulses),5,8,1.6
Uttar Pradesh,MATHURA,2011,Rabi,Potato,12319,375742,30.50101469
Uttar Pradesh,MATHURA,2011,Rabi,Rapeseed &Mustard,45358,77215,1.702345782
Uttar Pradesh,MATHURA,2011,Rabi,Wheat,193061,712202,3.68899985
Uttar Pradesh,MATHURA,2011,Summer,Maize,13,22,1.692307692
Uttar Pradesh,MATHURA,2011,Summer,Moong(Green Gram),1983,1356,0.683812405
Uttar Pradesh,MATHURA,2011,Summer,Onion,97,1133,11.68041237
Uttar Pradesh,MATHURA,2012,Kharif,Arhar/Tur,1752,1973,1.126141553
Uttar Pradesh,MATHURA,2012,Kharif,Bajra,38866,52430,1.348993979
Uttar Pradesh,MATHURA,2012,Kharif,Cotton(lint),1405,376,0.267615658
Uttar Pradesh,MATHURA,2012,Kharif,Dry chillies,12,10,0.833333333
Uttar Pradesh,MATHURA,2012,Kharif,Guar seed,52,42,0.807692308
Uttar Pradesh,MATHURA,2012,Kharif,Jowar,38,42,1.105263158
Uttar Pradesh,MATHURA,2012,Kharif,Maize,153,427,2.790849673
Uttar Pradesh,MATHURA,2012,Kharif,Moong(Green Gram),19,10,0.526315789
Uttar Pradesh,MATHURA,2012,Kharif,Rice,48596,120081,2.471005844
Uttar Pradesh,MATHURA,2012,Kharif,Sesamum,419,79,0.188544153
Uttar Pradesh,MATHURA,2012,Kharif,Sugarcane,856,38821,45.35163551
Uttar Pradesh,MATHURA,2012,Kharif,Sweet potato,19,246,12.94736842
Uttar Pradesh,MATHURA,2012,Kharif,Urad,173,115,0.664739884
Uttar Pradesh,MATHURA,2012,Rabi,Barley,4416,14372,3.254528986
Uttar Pradesh,MATHURA,2012,Rabi,Gram,18,33,1.833333333
Uttar Pradesh,MATHURA,2012,Rabi,Masoor,17,33,1.941176471
Uttar Pradesh,MATHURA,2012,Rabi,Onion,6,138,23
Uttar Pradesh,MATHURA,2012,Rabi,Peas & beans (Pulses),1,2,2
Uttar Pradesh,MATHURA,2012,Rabi,Potato,12004,347732,28.96801066
Uttar Pradesh,MATHURA,2012,Rabi,Rapeseed &Mustard,48588,83700,1.722647567
Uttar Pradesh,MATHURA,2012,Rabi,Wheat,196974,735895,3.73600069
Uttar Pradesh,MATHURA,2012,Summer,Maize,13,24,1.846153846
Uttar Pradesh,MATHURA,2012,Summer,Moong(Green Gram),1743,1561,0.895582329
Uttar Pradesh,MATHURA,2012,Summer,Onion,131,1244,9.496183206
Uttar Pradesh,MATHURA,2013,Kharif,Arhar/Tur,1822,2299,1.26180022
Uttar Pradesh,MATHURA,2013,Kharif,Bajra,43279,66650,1.540007856
Uttar Pradesh,MATHURA,2013,Kharif,Cotton(lint),1217,328,0.269515201
Uttar Pradesh,MATHURA,2013,Kharif,Dry chillies,16,13,0.8125
Uttar Pradesh,MATHURA,2013,Kharif,Guar seed,47,39,0.829787234
Uttar Pradesh,MATHURA,2013,Kharif,Jowar,39,35,0.897435897
Uttar Pradesh,MATHURA,2013,Kharif,Maize,145,393,2.710344828
Uttar Pradesh,MATHURA,2013,Kharif,Moong(Green Gram),33,11,0.333333333
Uttar Pradesh,MATHURA,2013,Kharif,Rice,52654,126580,2.403995898
Uttar Pradesh,MATHURA,2013,Kharif,Sesamum,422,45,0.106635071
Uttar Pradesh,MATHURA,2013,Kharif,Sugarcane,585,28075,47.99145299
Uttar Pradesh,MATHURA,2013,Kharif,Sweet potato,35,463,13.22857143
Uttar Pradesh,MATHURA,2013,Kharif,Urad,150,67,0.446666667
Uttar Pradesh,MATHURA,2013,Rabi,Barley,3872,13106,3.38481405
Uttar Pradesh,MATHURA,2013,Rabi,Gram,18,34,1.888888889
Uttar Pradesh,MATHURA,2013,Rabi,Masoor,70,67,0.957142857
Uttar Pradesh,MATHURA,2013,Rabi,Onion,6,122,20.33333333
Uttar Pradesh,MATHURA,2013,Rabi,Peas & beans (Pulses),1,2,2
Uttar Pradesh,MATHURA,2013,Rabi,Potato,11662,307515,26.36897616
Uttar Pradesh,MATHURA,2013,Rabi,Rapeseed &Mustard,43331,65798,1.51849715
Uttar Pradesh,MATHURA,2013,Rabi,Wheat,194364,677553,3.486000494
Uttar Pradesh,MATHURA,2013,Summer,Maize,38,70,1.842105263
Uttar Pradesh,MATHURA,2013,Summer,Moong(Green Gram),1865,1570,0.841823056
Uttar Pradesh,MATHURA,2013,Summer,Onion,4,48,12
Uttar Pradesh,MATHURA,2014,Kharif,Arhar/Tur,2067,2296,1.110788582
Uttar Pradesh,MATHURA,2014,Kharif,Bajra,39390,51443,1.305991368
Uttar Pradesh,MATHURA,2014,Kharif,Cotton(lint),1514,446,0.294583884
Uttar Pradesh,MATHURA,2014,Kharif,Dry chillies,6,5,0.833333333
Uttar Pradesh,MATHURA,2014,Kharif,Guar seed,87,71,0.816091954
Uttar Pradesh,MATHURA,2014,Kharif,Jowar,28,68,2.428571429
Uttar Pradesh,MATHURA,2014,Kharif,Maize,197,512,2.598984772
Uttar Pradesh,MATHURA,2014,Kharif,Moong(Green Gram),21,7,0.333333333
Uttar Pradesh,MATHURA,2014,Kharif,Rice,49400,114756,2.322995951
Uttar Pradesh,MATHURA,2014,Kharif,Sesamum,561,54,0.096256684
Uttar Pradesh,MATHURA,2014,Kharif,Sugarcane,990,41691,42.11212121
Uttar Pradesh,MATHURA,2014,Kharif,Sweet potato,39,483,12.38461538
Uttar Pradesh,MATHURA,2014,Kharif,Urad,215,95,0.441860465
Uttar Pradesh,MATHURA,2014,Rabi,Barley,4706,8677,1.843816405
Uttar Pradesh,MATHURA,2014,Rabi,Gram,16,18,1.125
Uttar Pradesh,MATHURA,2014,Rabi,Masoor,33,31,0.939393939
Uttar Pradesh,MATHURA,2014,Rabi,Onion,1,15,15
Uttar Pradesh,MATHURA,2014,Rabi,Peas & beans (Pulses),6,2,0.333333333
Uttar Pradesh,MATHURA,2014,Rabi,Potato,14903,348238,23.36697309
Uttar Pradesh,MATHURA,2014,Rabi,Rapeseed &Mustard,39052,45650,1.168954215
Uttar Pradesh,MATHURA,2014,Rabi,Wheat,194214,407849,2.09999794
Uttar Pradesh,MATHURA,2014,Summer,Maize,56,100,1.785714286
Uttar Pradesh,MATHURA,2014,Summer,Moong(Green Gram),2292,1622,0.707678883
Uttar Pradesh,MATHURA,2014,Summer,Onion,3,48,16
Uttar Pradesh,MAU,1997,Kharif,Arhar/Tur,3672,2426,0.660675381
Uttar Pradesh,MAU,1997,Kharif,Bajra,240,246,1.025
Uttar Pradesh,MAU,1997,Kharif,Groundnut,451,404,0.89578714
Uttar Pradesh,MAU,1997,Kharif,Jowar,49,33,0.673469388
Uttar Pradesh,MAU,1997,Kharif,Maize,734,755,1.028610354
Uttar Pradesh,MAU,1997,Kharif,Moong(Green Gram),4,1,0.25
Uttar Pradesh,MAU,1997,Kharif,Rice,87189,151667,1.739519894
Uttar Pradesh,MAU,1997,Kharif,Sesamum,56,9,0.160714286
Uttar Pradesh,MAU,1997,Kharif,Small millets,207,164,0.792270531
Uttar Pradesh,MAU,1997,Kharif,Soyabean,4,4,1
Uttar Pradesh,MAU,1997,Kharif,Urad,10,4,0.4
Uttar Pradesh,MAU,1997,Rabi,Barley,3265,5284,1.618376723
Uttar Pradesh,MAU,1997,Rabi,Gram,2968,3295,1.110175202
Uttar Pradesh,MAU,1997,Rabi,Linseed,3,1,0.333333333
Uttar Pradesh,MAU,1997,Rabi,Masoor,306,265,0.866013072
Uttar Pradesh,MAU,1997,Rabi,Peas & beans (Pulses),2499,2986,1.194877951
Uttar Pradesh,MAU,1997,Rabi,Rapeseed &Mustard,127,74,0.582677165
Uttar Pradesh,MAU,1997,Rabi,Sunflower,3,4,1.333333333
Uttar Pradesh,MAU,1997,Rabi,Wheat,91207,214116,2.347582971
Uttar Pradesh,MAU,1997,Summer,Maize,44,70,1.590909091
Uttar Pradesh,MAU,1997,Summer,Moong(Green Gram),165,89,0.539393939
Uttar Pradesh,MAU,1997,Summer,Urad,44,16,0.363636364
Uttar Pradesh,MAU,1997,Whole Year,Potato,2356,32546,13.81409168
Uttar Pradesh,MAU,1997,Whole Year,Sugarcane,11434,553177,48.380007
Uttar Pradesh,MAU,1998,Kharif,Arhar/Tur,3589,3308,0.92170521
Uttar Pradesh,MAU,1998,Kharif,Bajra,416,517,1.242788462
Uttar Pradesh,MAU,1998,Kharif,Groundnut,761,494,0.649145861
Uttar Pradesh,MAU,1998,Kharif,Jowar,103,64,0.621359223
Uttar Pradesh,MAU,1998,Kharif,Maize,760,558,0.734210526
Uttar Pradesh,MAU,1998,Kharif,Moong(Green Gram),4,1,0.25
Uttar Pradesh,MAU,1998,Kharif,Moth,1,1,1
Uttar Pradesh,MAU,1998,Kharif,Ragi,29,37,1.275862069
Uttar Pradesh,MAU,1998,Kharif,Rice,88317,155987,1.76621715
Uttar Pradesh,MAU,1998,Kharif,Sesamum,54,7,0.12962963
Uttar Pradesh,MAU,1998,Kharif,Small millets,155,111,0.716129032
Uttar Pradesh,MAU,1998,Kharif,Urad,66,18,0.272727273
Uttar Pradesh,MAU,1998,Rabi,Barley,3073,4592,1.494305239
Uttar Pradesh,MAU,1998,Rabi,Gram,2560,3020,1.1796875
Uttar Pradesh,MAU,1998,Rabi,Linseed,4,2,0.5
Uttar Pradesh,MAU,1998,Rabi,Masoor,432,355,0.821759259
Uttar Pradesh,MAU,1998,Rabi,Peas & beans (Pulses),2825,3508,1.241769912
Uttar Pradesh,MAU,1998,Rabi,Rapeseed &Mustard,191,158,0.827225131
Uttar Pradesh,MAU,1998,Rabi,Sunflower,3,4,1.333333333
Uttar Pradesh,MAU,1998,Rabi,Wheat,91754,212091,2.311517754
Uttar Pradesh,MAU,1998,Summer,Maize,22,22,1
Uttar Pradesh,MAU,1998,Summer,Moong(Green Gram),148,64,0.432432432
Uttar Pradesh,MAU,1998,Summer,Urad,26,20,0.769230769
Uttar Pradesh,MAU,1998,Whole Year,Onion,106,1280,12.0754717
Uttar Pradesh,MAU,1998,Whole Year,Potato,2201,48528,22.04815993
Uttar Pradesh,MAU,1998,Whole Year,Sannhamp,4,1,0.25
Uttar Pradesh,MAU,1998,Whole Year,Sugarcane,10402,372017,35.76398769
Uttar Pradesh,MAU,1998,Whole Year,Turmeric,3,6,2
Uttar Pradesh,MAU,1999,Kharif,Arhar/Tur,3824,3727,0.974633891
Uttar Pradesh,MAU,1999,Kharif,Bajra,362,584,1.613259669
Uttar Pradesh,MAU,1999,Kharif,Groundnut,735,611,0.831292517
Uttar Pradesh,MAU,1999,Kharif,Jowar,134,160,1.194029851
Uttar Pradesh,MAU,1999,Kharif,Maize,1281,1428,1.114754098
Uttar Pradesh,MAU,1999,Kharif,Moong(Green Gram),6,2,0.333333333
Uttar Pradesh,MAU,1999,Kharif,Rice,89139,186084,2.087571097
Uttar Pradesh,MAU,1999,Kharif,Small millets,180,108,0.6
Uttar Pradesh,MAU,1999,Kharif,Soyabean,3,2,0.666666667
Uttar Pradesh,MAU,1999,Kharif,Urad,98,41,0.418367347
Uttar Pradesh,MAU,1999,Rabi,Barley,3015,5040,1.671641791
Uttar Pradesh,MAU,1999,Rabi,Gram,2351,2040,0.867715866
Uttar Pradesh,MAU,1999,Rabi,Linseed,3,1,0.333333333
Uttar Pradesh,MAU,1999,Rabi,Maize,20,29,1.45
Uttar Pradesh,MAU,1999,Rabi,Rapeseed &Mustard,146,101,0.691780822
Uttar Pradesh,MAU,1999,Rabi,Wheat,92319,211816,2.29439227
Uttar Pradesh,MAU,1999,Summer,Moong(Green Gram),115,85,0.739130435
Uttar Pradesh,MAU,1999,Summer,Urad,14,9,0.642857143
Uttar Pradesh,MAU,1999,Whole Year,Onion,157,2251,14.33757962
Uttar Pradesh,MAU,1999,Whole Year,Peas & beans (Pulses),2715,3015,1.110497238
Uttar Pradesh,MAU,1999,Whole Year,Potato,2219,27777,12.51780081
Uttar Pradesh,MAU,1999,Whole Year,Sugarcane,10166,418880,41.20401338
Uttar Pradesh,MAU,2000,Kharif,Arhar/Tur,3634,3489,0.960099064
Uttar Pradesh,MAU,2000,Kharif,Bajra,229,180,0.786026201
Uttar Pradesh,MAU,2000,Kharif,Groundnut,610,510,0.836065574
Uttar Pradesh,MAU,2000,Kharif,Jowar,99,121,1.222222222
Uttar Pradesh,MAU,2000,Kharif,Maize,617,1020,1.653160454
Uttar Pradesh,MAU,2000,Kharif,Moong(Green Gram),5,1,0.2
Uttar Pradesh,MAU,2000,Kharif,Rice,90471,169071,1.868786683
Uttar Pradesh,MAU,2000,Kharif,Sesamum,17,3,0.176470588
Uttar Pradesh,MAU,2000,Kharif,Small millets,114,98,0.859649123
Uttar Pradesh,MAU,2000,Kharif,Urad,88,37,0.420454545
Uttar Pradesh,MAU,2000,Rabi,Barley,2753,4939,1.794042862
Uttar Pradesh,MAU,2000,Rabi,Gram,2118,2685,1.267705382
Uttar Pradesh,MAU,2000,Rabi,Linseed,1,0.1,0.1
Uttar Pradesh,MAU,2000,Rabi,Maize,28,45,1.607142857
Uttar Pradesh,MAU,2000,Rabi,Masoor,457,395,0.864332604
Uttar Pradesh,MAU,2000,Rabi,Moong(Green Gram),73,42,0.575342466
Uttar Pradesh,MAU,2000,Rabi,Peas & beans (Pulses),2505,3472,1.386027944
Uttar Pradesh,MAU,2000,Rabi,Rapeseed &Mustard,88,88,1
Uttar Pradesh,MAU,2000,Rabi,Urad,20,9,0.45
Uttar Pradesh,MAU,2000,Rabi,Wheat,92729,214380,2.311898112
Uttar Pradesh,MAU,2000,Whole Year,Potato,1796,33311,18.54732739
Uttar Pradesh,MAU,2000,Whole Year,Sugarcane,9474,445297,47.00200549
Uttar Pradesh,MAU,2001,Kharif,Arhar/Tur,3236,2834,0.875772559
Uttar Pradesh,MAU,2001,Kharif,Bajra,170,202,1.188235294
Uttar Pradesh,MAU,2001,Kharif,Groundnut,526,442,0.840304183
Uttar Pradesh,MAU,2001,Kharif,Jowar,51,54,1.058823529
Uttar Pradesh,MAU,2001,Kharif,Maize,585,844,1.442735043
Uttar Pradesh,MAU,2001,Kharif,Moong(Green Gram),9,2,0.222222222
Uttar Pradesh,MAU,2001,Kharif,Rice,91166,174232,1.911151087
Uttar Pradesh,MAU,2001,Kharif,Sesamum,18,4,0.222222222
Uttar Pradesh,MAU,2001,Kharif,Small millets,98,51,0.520408163
Uttar Pradesh,MAU,2001,Kharif,Urad,14,6,0.428571429
Uttar Pradesh,MAU,2001,Rabi,Barley,2428,3818,1.572487644
Uttar Pradesh,MAU,2001,Rabi,Gram,1836,1708,0.930283224
Uttar Pradesh,MAU,2001,Rabi,Linseed,2,1,0.5
Uttar Pradesh,MAU,2001,Rabi,Maize,43,70,1.627906977
Uttar Pradesh,MAU,2001,Rabi,Masoor,600,666,1.11
Uttar Pradesh,MAU,2001,Rabi,Peas & beans (Pulses),2245,2204,0.981737194
Uttar Pradesh,MAU,2001,Rabi,Rapeseed &Mustard,134,137,1.02238806
Uttar Pradesh,MAU,2001,Rabi,Urad,18,9,0.5
Uttar Pradesh,MAU,2001,Rabi,Wheat,89439,221632,2.478024128
Uttar Pradesh,MAU,2001,Whole Year,Potato,1565,41529,26.53610224
Uttar Pradesh,MAU,2001,Whole Year,Sugarcane,9024,421565,46.71597961
Uttar Pradesh,MAU,2002,Kharif,Bajra,142,190,1.338028169
Uttar Pradesh,MAU,2002,Kharif,Groundnut,485,318,0.655670103
Uttar Pradesh,MAU,2002,Kharif,Jowar,59,66,1.118644068
Uttar Pradesh,MAU,2002,Kharif,Maize,711,969,1.362869198
Uttar Pradesh,MAU,2002,Kharif,Moong(Green Gram),11,3,0.272727273
Uttar Pradesh,MAU,2002,Kharif,Rice,90346,195837,2.167633321
Uttar Pradesh,MAU,2002,Kharif,Sesamum,11,2,0.181818182
Uttar Pradesh,MAU,2002,Kharif,Small millets,74,45,0.608108108
Uttar Pradesh,MAU,2002,Kharif,Sunflower,1,1,1
Uttar Pradesh,MAU,2002,Kharif,Urad,16,7,0.4375
Uttar Pradesh,MAU,2002,Rabi,Barley,2414,3249,1.345898923
Uttar Pradesh,MAU,2002,Rabi,Gram,1738,1564,0.899884925
Uttar Pradesh,MAU,2002,Rabi,Linseed,3,1,0.333333333
Uttar Pradesh,MAU,2002,Rabi,Maize,143,158,1.104895105
Uttar Pradesh,MAU,2002,Rabi,Masoor,400,345,0.8625
Uttar Pradesh,MAU,2002,Rabi,Onion,41,423,10.31707317
Uttar Pradesh,MAU,2002,Rabi,Peas & beans (Pulses),1973,1950,0.988342625
Uttar Pradesh,MAU,2002,Rabi,Ragi,4,6,1.5
Uttar Pradesh,MAU,2002,Rabi,Rapeseed &Mustard,106,95,0.896226415
Uttar Pradesh,MAU,2002,Rabi,Wheat,91686,197205,2.150873634
Uttar Pradesh,MAU,2002,Summer,Moong(Green Gram),64,37,0.578125
Uttar Pradesh,MAU,2002,Summer,Onion,83,928,11.18072289
Uttar Pradesh,MAU,2002,Summer,Urad,6,3,0.5
Uttar Pradesh,MAU,2002,Whole Year,Potato,1390,29057,20.90431655
Uttar Pradesh,MAU,2002,Whole Year,Sannhamp,4,1,0.25
Uttar Pradesh,MAU,2002,Whole Year,Sugarcane,9261,400779,43.27599611
Uttar Pradesh,MAU,2002,Whole Year,Turmeric,1,2,2
Uttar Pradesh,MAU,2003,Kharif,Arhar/Tur,3219,3292,1.02267785
Uttar Pradesh,MAU,2003,Kharif,Bajra,136,183,1.345588235
Uttar Pradesh,MAU,2003,Kharif,Groundnut,552,369,0.668478261
Uttar Pradesh,MAU,2003,Kharif,Jowar,70,79,1.128571429
Uttar Pradesh,MAU,2003,Kharif,Maize,631,520,0.824088748
Uttar Pradesh,MAU,2003,Kharif,Moong(Green Gram),3,1,0.333333333
Uttar Pradesh,MAU,2003,Kharif,Rice,91170,192364,2.109948448
Uttar Pradesh,MAU,2003,Kharif,Sesamum,20,3,0.15
Uttar Pradesh,MAU,2003,Kharif,Urad,19,5,0.263157895
Uttar Pradesh,MAU,2003,Rabi,Barley,2539,4211,1.658526979
Uttar Pradesh,MAU,2003,Rabi,Gram,1610,1870,1.161490683
Uttar Pradesh,MAU,2003,Rabi,Linseed,7,3,0.428571429
Uttar Pradesh,MAU,2003,Rabi,Maize,107,146,1.364485981
Uttar Pradesh,MAU,2003,Rabi,Masoor,489,620,1.267893661
Uttar Pradesh,MAU,2003,Rabi,Onion,39,560,14.35897436
Uttar Pradesh,MAU,2003,Rabi,Peas & beans (Pulses),2037,2436,1.195876289
Uttar Pradesh,MAU,2003,Rabi,Ragi,9,13,1.444444444
Uttar Pradesh,MAU,2003,Rabi,Rapeseed &Mustard,137,137,1
Uttar Pradesh,MAU,2003,Rabi,Wheat,91626,231294,2.524327156
Uttar Pradesh,MAU,2003,Summer,Maize,185,253,1.367567568
Uttar Pradesh,MAU,2003,Summer,Moong(Green Gram),78,47,0.602564103
Uttar Pradesh,MAU,2003,Summer,Onion,94,957,10.18085106
Uttar Pradesh,MAU,2003,Summer,Urad,6,3,0.5
Uttar Pradesh,MAU,2003,Whole Year,Potato,1530,30197,19.73660131
Uttar Pradesh,MAU,2003,Whole Year,Sannhamp,2,,
Uttar Pradesh,MAU,2003,Whole Year,Sugarcane,8784,380699,43.34005009
Uttar Pradesh,MAU,2004,Kharif,Bajra,77,125,1.623376623
Uttar Pradesh,MAU,2004,Kharif,Groundnut,507,417,0.822485207
Uttar Pradesh,MAU,2004,Kharif,Jowar,32,34,1.0625
Uttar Pradesh,MAU,2004,Kharif,Maize,368,439,1.192934783
Uttar Pradesh,MAU,2004,Kharif,Rice,90051,116405,1.292656384
Uttar Pradesh,MAU,2004,Kharif,Sesamum,24,4,0.166666667
Uttar Pradesh,MAU,2004,Kharif,Small millets,35,14,0.4
Uttar Pradesh,MAU,2004,Kharif,Sugarcane,7040,310858,44.15596591
Uttar Pradesh,MAU,2004,Rabi,Barley,2424,3637,1.500412541
Uttar Pradesh,MAU,2004,Rabi,Gram,1437,1160,0.8072373
Uttar Pradesh,MAU,2004,Rabi,Maize,106,449,4.235849057
Uttar Pradesh,MAU,2004,Rabi,Potato,1407,24086,17.11869225
Uttar Pradesh,MAU,2004,Rabi,Rapeseed &Mustard,112,111,0.991071429
Uttar Pradesh,MAU,2004,Rabi,Wheat,92212,198574,2.153450744
Uttar Pradesh,MAU,2004,Whole Year,Dry chillies,7,6,0.857142857
Uttar Pradesh,MAU,2004,Whole Year,Garlic,7,31,4.428571429
Uttar Pradesh,MAU,2004,Whole Year,Guar seed,4,3,0.75
Uttar Pradesh,MAU,2004,Whole Year,Onion,195,2220,11.38461538
Uttar Pradesh,MAU,2004,Whole Year,Sweet potato,7,81,11.57142857
Uttar Pradesh,MAU,2005,Kharif,Bajra,164,248,1.512195122
Uttar Pradesh,MAU,2005,Kharif,Jowar,92,117,1.27173913
Uttar Pradesh,MAU,2005,Kharif,Maize,623,509,0.817014446
Uttar Pradesh,MAU,2005,Kharif,Rice,90387,158629,1.754997953
Uttar Pradesh,MAU,2005,Kharif,Sannhamp,2,1,0.5
Uttar Pradesh,MAU,2005,Kharif,Sesamum,32,6,0.1875
Uttar Pradesh,MAU,2005,Kharif,Small millets,23,13,0.565217391
Uttar Pradesh,MAU,2005,Kharif,Sugarcane,9386,435886,46.44001705
Uttar Pradesh,MAU,2005,Rabi,Barley,2489,4165,1.673362796
Uttar Pradesh,MAU,2005,Rabi,Gram,1632,1724,1.056372549
Uttar Pradesh,MAU,2005,Rabi,Linseed,8,4,0.5
Uttar Pradesh,MAU,2005,Rabi,Potato,1501,45137,30.07128581
Uttar Pradesh,MAU,2005,Rabi,Rapeseed &Mustard,164,190,1.158536585
Uttar Pradesh,MAU,2005,Rabi,Wheat,88008,208931,2.374000091
Uttar Pradesh,MAU,2005,Whole Year,Banana,1,38,38
Uttar Pradesh,MAU,2005,Whole Year,Coriander,16,9,0.5625
Uttar Pradesh,MAU,2005,Whole Year,Dry chillies,2,2,1
Uttar Pradesh,MAU,2005,Whole Year,Garlic,3,13,4.333333333
Uttar Pradesh,MAU,2005,Whole Year,Onion,141,1817,12.88652482
Uttar Pradesh,MAU,2005,Whole Year,Sweet potato,9,118,13.11111111
Uttar Pradesh,MAU,2006,Kharif,Arhar/Tur,2507,885,0.353011568
Uttar Pradesh,MAU,2006,Kharif,Bajra,309,478,1.546925566
Uttar Pradesh,MAU,2006,Kharif,Dry ginger,3,9,3
Uttar Pradesh,MAU,2006,Kharif,Groundnut,499,361,0.723446894
Uttar Pradesh,MAU,2006,Kharif,Jowar,22,27,1.227272727
Uttar Pradesh,MAU,2006,Kharif,Maize,421,437,1.038004751
Uttar Pradesh,MAU,2006,Kharif,Other Kharif pulses,93,50,0.537634409
Uttar Pradesh,MAU,2006,Kharif,Rice,85278,88433,1.036996646
Uttar Pradesh,MAU,2006,Kharif,Sesamum,22,4,0.181818182
Uttar Pradesh,MAU,2006,Kharif,Small millets,47,29,0.617021277
Uttar Pradesh,MAU,2006,Kharif,Sugarcane,7040,269491,38.27997159
Uttar Pradesh,MAU,2006,Rabi,Barley,652,1145,1.756134969
Uttar Pradesh,MAU,2006,Rabi,Garlic,20,88,4.4
Uttar Pradesh,MAU,2006,Rabi,Gram,529,557,1.052930057
Uttar Pradesh,MAU,2006,Rabi,Maize,102,296,2.901960784
Uttar Pradesh,MAU,2006,Rabi,Masoor,75,70,0.933333333
Uttar Pradesh,MAU,2006,Rabi,Onion,84,1611,19.17857143
Uttar Pradesh,MAU,2006,Rabi,Other  Rabi pulses,1915,1852,0.967101828
Uttar Pradesh,MAU,2006,Rabi,Potato,1553,38635,24.87765615
Uttar Pradesh,MAU,2006,Rabi,Rapeseed &Mustard,100,103,1.03
Uttar Pradesh,MAU,2006,Rabi,Wheat,87596,213033,2.431994612
Uttar Pradesh,MAU,2006,Summer,Maize,189,250,1.322751323
Uttar Pradesh,MAU,2006,Summer,Onion,118,1374,11.6440678
Uttar Pradesh,MAU,2006,Whole Year,Coriander,20,10,0.5
Uttar Pradesh,MAU,2006,Whole Year,Dry chillies,7,7,1
Uttar Pradesh,MAU,2007,Kharif,Arhar/Tur,1496,993,0.663770053
Uttar Pradesh,MAU,2007,Kharif,Bajra,55,86,1.563636364
Uttar Pradesh,MAU,2007,Kharif,Dry chillies,5,5,1
Uttar Pradesh,MAU,2007,Kharif,Groundnut,86,51,0.593023256
Uttar Pradesh,MAU,2007,Kharif,Jowar,5,4,0.8
Uttar Pradesh,MAU,2007,Kharif,Maize,91,75,0.824175824
Uttar Pradesh,MAU,2007,Kharif,Rice,74202,133489,1.798994636
Uttar Pradesh,MAU,2007,Kharif,Small millets,43,26,0.604651163
Uttar Pradesh,MAU,2007,Kharif,Sugarcane,6253,255773,40.90404606
Uttar Pradesh,MAU,2007,Kharif,Sweet potato,9,121,13.44444444
Uttar Pradesh,MAU,2007,Kharif,Urad,29,13,0.448275862
Uttar Pradesh,MAU,2007,Rabi,Barley,641,1363,2.126365055
Uttar Pradesh,MAU,2007,Rabi,Coriander,17,10,0.588235294
Uttar Pradesh,MAU,2007,Rabi,Gram,517,656,1.268858801
Uttar Pradesh,MAU,2007,Rabi,Masoor,671,778,1.159463487
Uttar Pradesh,MAU,2007,Rabi,Onion,132,1844,13.96969697
Uttar Pradesh,MAU,2007,Rabi,Other  Rabi pulses,1886,2658,1.409331919
Uttar Pradesh,MAU,2007,Rabi,Potato,1385,29210,21.09025271
Uttar Pradesh,MAU,2007,Rabi,Rapeseed &Mustard,104,120,1.153846154
Uttar Pradesh,MAU,2007,Rabi,Wheat,89033,228993,2.572001393
Uttar Pradesh,MAU,2007,Summer,Maize,189,272,1.439153439
Uttar Pradesh,MAU,2007,Summer,Moong(Green Gram),64,41,0.640625
Uttar Pradesh,MAU,2007,Summer,Onion,118,985,8.347457627
Uttar Pradesh,MAU,2007,Summer,Urad,11,6,0.545454545
Uttar Pradesh,MAU,2008,Kharif,Arhar/Tur,1942,396,0.203913491
Uttar Pradesh,MAU,2008,Kharif,Bajra,48,80,1.666666667
Uttar Pradesh,MAU,2008,Kharif,Dry chillies,5,5,1
Uttar Pradesh,MAU,2008,Kharif,Groundnut,370,264,0.713513514
Uttar Pradesh,MAU,2008,Kharif,Guar seed,1,1,1
Uttar Pradesh,MAU,2008,Kharif,Maize,242,109,0.450413223
Uttar Pradesh,MAU,2008,Kharif,Rice,91102,182022,1.998002239
Uttar Pradesh,MAU,2008,Kharif,Sesamum,20,3,0.15
Uttar Pradesh,MAU,2008,Kharif,Small millets,58,36,0.620689655
Uttar Pradesh,MAU,2008,Kharif,Sugarcane,7306,290574,39.77196825
Uttar Pradesh,MAU,2008,Kharif,Sweet potato,9,111,12.33333333
Uttar Pradesh,MAU,2008,Kharif,Urad,10,5,0.5
Uttar Pradesh,MAU,2008,Rabi,Barley,2315,5440,2.349892009
Uttar Pradesh,MAU,2008,Rabi,Coriander,15,9,0.6
Uttar Pradesh,MAU,2008,Rabi,Garlic,1,6,6
Uttar Pradesh,MAU,2008,Rabi,Gram,1438,1976,1.374130737
Uttar Pradesh,MAU,2008,Rabi,Masoor,673,795,1.18127786
Uttar Pradesh,MAU,2008,Rabi,Onion,167,1958,11.7245509
Uttar Pradesh,MAU,2008,Rabi,Peas & beans (Pulses),1709,2146,1.255705091
Uttar Pradesh,MAU,2008,Rabi,Potato,1630,31991,19.62638037
Uttar Pradesh,MAU,2008,Rabi,Rapeseed &Mustard,134,151,1.126865672
Uttar Pradesh,MAU,2008,Rabi,Wheat,94140,259356,2.755003187
Uttar Pradesh,MAU,2008,Summer,Banana,1,38,38
Uttar Pradesh,MAU,2008,Summer,Maize,179,268,1.497206704
Uttar Pradesh,MAU,2008,Summer,Moong(Green Gram),91,68,0.747252747
Uttar Pradesh,MAU,2008,Summer,Urad,10,6,0.6
Uttar Pradesh,MAU,2009,Kharif,Arhar/Tur,1579,1306,0.827105763
Uttar Pradesh,MAU,2009,Kharif,Bajra,370,628,1.697297297
Uttar Pradesh,MAU,2009,Kharif,Dry chillies,10,9,0.9
Uttar Pradesh,MAU,2009,Kharif,Groundnut,468,315,0.673076923
Uttar Pradesh,MAU,2009,Kharif,Guar seed,1,1,1
Uttar Pradesh,MAU,2009,Kharif,Jowar,47,51,1.085106383
Uttar Pradesh,MAU,2009,Kharif,Maize,274,414,1.510948905
Uttar Pradesh,MAU,2009,Kharif,Moong(Green Gram),1,,
Uttar Pradesh,MAU,2009,Kharif,Rice,76241,111464,1.461995514
Uttar Pradesh,MAU,2009,Kharif,Sesamum,10,1,0.1
Uttar Pradesh,MAU,2009,Kharif,Small millets,16,10,0.625
Uttar Pradesh,MAU,2009,Kharif,Sugarcane,6148,257650,41.90793754
Uttar Pradesh,MAU,2009,Kharif,Sweet potato,7,95,13.57142857
Uttar Pradesh,MAU,2009,Kharif,Urad,24,9,0.375
Uttar Pradesh,MAU,2009,Rabi,Barley,2413,5423,2.247409863
Uttar Pradesh,MAU,2009,Rabi,Coriander,13,7,0.538461538
Uttar Pradesh,MAU,2009,Rabi,Garlic,11,58,5.272727273
Uttar Pradesh,MAU,2009,Rabi,Gram,1326,1368,1.031674208
Uttar Pradesh,MAU,2009,Rabi,Masoor,610,644,1.055737705
Uttar Pradesh,MAU,2009,Rabi,Onion,206,3538,17.17475728
Uttar Pradesh,MAU,2009,Rabi,Peas & beans (Pulses),1814,2193,1.20893054
Uttar Pradesh,MAU,2009,Rabi,Potato,1368,33091,24.18932749
Uttar Pradesh,MAU,2009,Rabi,Rapeseed &Mustard,134,150,1.119402985
Uttar Pradesh,MAU,2009,Rabi,Turmeric,3,10,3.333333333
Uttar Pradesh,MAU,2009,Rabi,Wheat,94791,227498,2.39999578
Uttar Pradesh,MAU,2009,Summer,Banana,2,82,41
Uttar Pradesh,MAU,2009,Summer,Maize,180,262,1.455555556
Uttar Pradesh,MAU,2009,Summer,Moong(Green Gram),73,52,0.712328767
Uttar Pradesh,MAU,2009,Summer,Onion,112,860,7.678571429
Uttar Pradesh,MAU,2009,Summer,Sunflower,12,26,2.166666667
Uttar Pradesh,MAU,2009,Summer,Urad,22,14,0.636363636
Uttar Pradesh,MAU,2010,Kharif,Arhar/Tur,2549,2025,0.794429188
Uttar Pradesh,MAU,2010,Kharif,Bajra,100,97,0.97
Uttar Pradesh,MAU,2010,Kharif,Dry chillies,10,9,0.9
Uttar Pradesh,MAU,2010,Kharif,Dry ginger,1,3,3
Uttar Pradesh,MAU,2010,Kharif,Groundnut,586,579,0.988054608
Uttar Pradesh,MAU,2010,Kharif,Jowar,4,5,1.25
Uttar Pradesh,MAU,2010,Kharif,Maize,263,387,1.47148289
Uttar Pradesh,MAU,2010,Kharif,Rice,84040,155894,1.85499762
Uttar Pradesh,MAU,2010,Kharif,Sesamum,22,4,0.181818182
Uttar Pradesh,MAU,2010,Kharif,Small millets,17,12,0.705882353
Uttar Pradesh,MAU,2010,Kharif,Sugarcane,6873,295951,43.05994471
Uttar Pradesh,MAU,2010,Kharif,Sweet potato,7,86,12.28571429
Uttar Pradesh,MAU,2010,Kharif,Urad,5,3,0.6
Uttar Pradesh,MAU,2010,Rabi,Barley,2201,5752,2.613357565
Uttar Pradesh,MAU,2010,Rabi,Gram,1348,1612,1.195845697
Uttar Pradesh,MAU,2010,Rabi,Masoor,385,423,1.098701299
Uttar Pradesh,MAU,2010,Rabi,Onion,87,1602,18.4137931
Uttar Pradesh,MAU,2010,Rabi,Peas & beans (Pulses),1560,1980,1.269230769
Uttar Pradesh,MAU,2010,Rabi,Potato,1092,32505,29.76648352
Uttar Pradesh,MAU,2010,Rabi,Rapeseed &Mustard,135,161,1.192592593
Uttar Pradesh,MAU,2010,Rabi,Wheat,93122,262883,2.82299564
Uttar Pradesh,MAU,2010,Summer,Maize,173,254,1.468208092
Uttar Pradesh,MAU,2010,Summer,Moong(Green Gram),57,51,0.894736842
Uttar Pradesh,MAU,2010,Summer,Sunflower,16,34,2.125
Uttar Pradesh,MAU,2010,Summer,Urad,24,15,0.625
Uttar Pradesh,MAU,2011,Kharif,Arhar/Tur,2463,2679,1.087697929
Uttar Pradesh,MAU,2011,Kharif,Bajra,80,118,1.475
Uttar Pradesh,MAU,2011,Kharif,Dry chillies,42,35,0.833333333
Uttar Pradesh,MAU,2011,Kharif,Groundnut,500,501,1.002
Uttar Pradesh,MAU,2011,Kharif,Jowar,11,12,1.090909091
Uttar Pradesh,MAU,2011,Kharif,Maize,310,531,1.712903226
Uttar Pradesh,MAU,2011,Kharif,Moong(Green Gram),3,1,0.333333333
Uttar Pradesh,MAU,2011,Kharif,Rice,91733,218691,2.383994855
Uttar Pradesh,MAU,2011,Kharif,Sesamum,27,6,0.222222222
Uttar Pradesh,MAU,2011,Kharif,Small millets,3,3,1
Uttar Pradesh,MAU,2011,Kharif,Sugarcane,6973,310912,44.58798222
Uttar Pradesh,MAU,2011,Kharif,Sweet potato,6,78,13
Uttar Pradesh,MAU,2011,Kharif,Urad,10,7,0.7
Uttar Pradesh,MAU,2011,Rabi,Barley,2396,5694,2.376460768
Uttar Pradesh,MAU,2011,Rabi,Coriander,10,5,0.5
Uttar Pradesh,MAU,2011,Rabi,Garlic,1,5,5
Uttar Pradesh,MAU,2011,Rabi,Gram,932,1215,1.303648069
Uttar Pradesh,MAU,2011,Rabi,Maize,2,4,2
Uttar Pradesh,MAU,2011,Rabi,Masoor,385,504,1.309090909
Uttar Pradesh,MAU,2011,Rabi,Onion,145,3317,22.87586207
Uttar Pradesh,MAU,2011,Rabi,Peas & beans (Pulses),1711,2332,1.362945646
Uttar Pradesh,MAU,2011,Rabi,Potato,1190,32488,27.30084034
Uttar Pradesh,MAU,2011,Rabi,Rapeseed &Mustard,139,159,1.143884892
Uttar Pradesh,MAU,2011,Rabi,Wheat,94869,284417,2.997997238
Uttar Pradesh,MAU,2011,Summer,Maize,146,241,1.650684932
Uttar Pradesh,MAU,2011,Summer,Moong(Green Gram),57,48,0.842105263
Uttar Pradesh,MAU,2011,Summer,Onion,136,1100,8.088235294
Uttar Pradesh,MAU,2011,Summer,Sunflower,15,26,1.733333333
Uttar Pradesh,MAU,2011,Summer,Urad,23,15,0.652173913
Uttar Pradesh,MAU,2012,Kharif,Arhar/Tur,2402,2629,1.09450458
Uttar Pradesh,MAU,2012,Kharif,Bajra,87,168,1.931034483
Uttar Pradesh,MAU,2012,Kharif,Dry chillies,44,35,0.795454545
Uttar Pradesh,MAU,2012,Kharif,Groundnut,535,531,0.992523364
Uttar Pradesh,MAU,2012,Kharif,Jowar,88,126,1.431818182
Uttar Pradesh,MAU,2012,Kharif,Maize,275,488,1.774545455
Uttar Pradesh,MAU,2012,Kharif,Rice,84412,180557,2.138996825
Uttar Pradesh,MAU,2012,Kharif,Sesamum,30,5,0.166666667
Uttar Pradesh,MAU,2012,Kharif,Small millets,31,31,1
Uttar Pradesh,MAU,2012,Kharif,Sugarcane,7161,342783,47.86803519
Uttar Pradesh,MAU,2012,Kharif,Sweet potato,6,78,13
Uttar Pradesh,MAU,2012,Kharif,Urad,3,2,0.666666667
Uttar Pradesh,MAU,2012,Rabi,Barley,2242,5854,2.611061552
Uttar Pradesh,MAU,2012,Rabi,Coriander,12,6,0.5
Uttar Pradesh,MAU,2012,Rabi,Garlic,5,26,5.2
Uttar Pradesh,MAU,2012,Rabi,Gram,1463,2430,1.660970608
Uttar Pradesh,MAU,2012,Rabi,Masoor,249,332,1.333333333
Uttar Pradesh,MAU,2012,Rabi,Onion,121,2783,23
Uttar Pradesh,MAU,2012,Rabi,Peas & beans (Pulses),1503,2226,1.481037924
Uttar Pradesh,MAU,2012,Rabi,Potato,1119,27718,24.77033065
Uttar Pradesh,MAU,2012,Rabi,Rapeseed &Mustard,183,231,1.262295082
Uttar Pradesh,MAU,2012,Rabi,Wheat,94885,315208,3.322000316
Uttar Pradesh,MAU,2012,Summer,Maize,183,338,1.846994536
Uttar Pradesh,MAU,2012,Summer,Moong(Green Gram),66,54,0.818181818
Uttar Pradesh,MAU,2012,Summer,Onion,127,1205,9.488188976
Uttar Pradesh,MAU,2012,Summer,Sunflower,14,11,0.785714286
Uttar Pradesh,MAU,2012,Summer,Urad,16,11,0.6875
Uttar Pradesh,MAU,2013,Kharif,Arhar/Tur,2375,1747,0.735578947
Uttar Pradesh,MAU,2013,Kharif,Bajra,40,51,1.275
Uttar Pradesh,MAU,2013,Kharif,Groundnut,429,383,0.892773893
Uttar Pradesh,MAU,2013,Kharif,Guar seed,2,2,1
Uttar Pradesh,MAU,2013,Kharif,Jowar,13,15,1.153846154
Uttar Pradesh,MAU,2013,Kharif,Maize,245,344,1.404081633
Uttar Pradesh,MAU,2013,Kharif,Moong(Green Gram),1,1,1
Uttar Pradesh,MAU,2013,Kharif,Rice,88001,184626,2.097998886
Uttar Pradesh,MAU,2013,Kharif,Sesamum,19,3,0.157894737
Uttar Pradesh,MAU,2013,Kharif,Small millets,17,14,0.823529412
Uttar Pradesh,MAU,2013,Kharif,Sugarcane,6662,341254,51.22395677
Uttar Pradesh,MAU,2013,Kharif,Sweet potato,6,79,13.16666667
Uttar Pradesh,MAU,2013,Rabi,Barley,2124,5326,2.507532957
Uttar Pradesh,MAU,2013,Rabi,Coriander,12,6,0.5
Uttar Pradesh,MAU,2013,Rabi,Garlic,1,6,6
Uttar Pradesh,MAU,2013,Rabi,Gram,1403,1120,0.79828938
Uttar Pradesh,MAU,2013,Rabi,Maize,39,139,3.564102564
Uttar Pradesh,MAU,2013,Rabi,Masoor,287,333,1.160278746
Uttar Pradesh,MAU,2013,Rabi,Onion,162,3295,20.33950617
Uttar Pradesh,MAU,2013,Rabi,Peas & beans (Pulses),1205,686,0.569294606
Uttar Pradesh,MAU,2013,Rabi,Potato,1117,10984,9.833482543
Uttar Pradesh,MAU,2013,Rabi,Rapeseed &Mustard,206,209,1.014563107
Uttar Pradesh,MAU,2013,Rabi,Wheat,93556,285626,3.052994998
Uttar Pradesh,MAU,2013,Summer,Maize,192,353,1.838541667
Uttar Pradesh,MAU,2013,Summer,Moong(Green Gram),75,50,0.666666667
Uttar Pradesh,MAU,2013,Summer,Onion,147,1978,13.45578231
Uttar Pradesh,MAU,2013,Summer,Sunflower,14,22,1.571428571
Uttar Pradesh,MAU,2013,Summer,Urad,18,10,0.555555556
Uttar Pradesh,MAU,2014,Kharif,Arhar/Tur,2289,2938,1.283529926
Uttar Pradesh,MAU,2014,Kharif,Bajra,67,133,1.985074627
Uttar Pradesh,MAU,2014,Kharif,Groundnut,542,468,0.863468635
Uttar Pradesh,MAU,2014,Kharif,Jowar,7,8,1.142857143
Uttar Pradesh,MAU,2014,Kharif,Maize,316,493,1.560126582
Uttar Pradesh,MAU,2014,Kharif,Moong(Green Gram),2,1,0.5
Uttar Pradesh,MAU,2014,Kharif,Rice,91396,160583,1.757002495
Uttar Pradesh,MAU,2014,Kharif,Sesamum,36,7,0.194444444
Uttar Pradesh,MAU,2014,Kharif,Small millets,102,74,0.725490196
Uttar Pradesh,MAU,2014,Kharif,Sugarcane,6411,332115,51.80393074
Uttar Pradesh,MAU,2014,Rabi,Barley,2425,3253,1.341443299
Uttar Pradesh,MAU,2014,Rabi,Coriander,12,6,0.5
Uttar Pradesh,MAU,2014,Rabi,Garlic,1,6,6
Uttar Pradesh,MAU,2014,Rabi,Gram,1171,1661,1.418445773
Uttar Pradesh,MAU,2014,Rabi,Maize,8,12,1.5
Uttar Pradesh,MAU,2014,Rabi,Masoor,306,282,0.921568627
Uttar Pradesh,MAU,2014,Rabi,Onion,164,2509,15.29878049
Uttar Pradesh,MAU,2014,Rabi,Peas & beans (Pulses),1562,2228,1.42637644
Uttar Pradesh,MAU,2014,Rabi,Potato,1231,16530,13.42810723
Uttar Pradesh,MAU,2014,Rabi,Rapeseed &Mustard,182,142,0.78021978
Uttar Pradesh,MAU,2014,Rabi,Wheat,95097,198467,2.086995384
Uttar Pradesh,MAU,2014,Summer,Maize,199,354,1.778894472
Uttar Pradesh,MAU,2014,Summer,Moong(Green Gram),78,52,0.666666667
Uttar Pradesh,MAU,2014,Summer,Onion,143,2706,18.92307692
Uttar Pradesh,MAU,2014,Summer,Sunflower,19,33,1.736842105
Uttar Pradesh,MAU,2014,Summer,Urad,17,9,0.529411765
Uttar Pradesh,MEERUT,1997,Kharif,Arhar/Tur,986,693,0.702839757
Uttar Pradesh,MEERUT,1997,Kharif,Bajra,27,38,1.407407407
Uttar Pradesh,MEERUT,1997,Kharif,Jowar,50,4,0.08
Uttar Pradesh,MEERUT,1997,Kharif,Maize,4556,6817,1.496268657
Uttar Pradesh,MEERUT,1997,Kharif,Moong(Green Gram),14,6,0.428571429
Uttar Pradesh,MEERUT,1997,Kharif,Oilseeds total,3110,3509,1.12829582
Uttar Pradesh,MEERUT,1997,Kharif,Onion,151,1493,9.887417219
Uttar Pradesh,MEERUT,1997,Kharif,Rice,17696,44758,2.529272152
Uttar Pradesh,MEERUT,1997,Kharif,Sesamum,4,1,0.25
Uttar Pradesh,MEERUT,1997,Kharif,Small millets,1,2,2
Uttar Pradesh,MEERUT,1997,Kharif,Total foodgrain,110470,349476,3.163537612
Uttar Pradesh,MEERUT,1997,Kharif,Urad,328,136,0.414634146
Uttar Pradesh,MEERUT,1997,Rabi,Barley,343,1076,3.137026239
Uttar Pradesh,MEERUT,1997,Rabi,Gram,393,342,0.870229008
Uttar Pradesh,MEERUT,1997,Rabi,Masoor,548,464,0.846715328
Uttar Pradesh,MEERUT,1997,Rabi,Peas & beans (Pulses),875,1137,1.299428571
Uttar Pradesh,MEERUT,1997,Rabi,Rapeseed &Mustard,2827,3131,1.107534489
Uttar Pradesh,MEERUT,1997,Rabi,Sunflower,279,377,1.35125448
Uttar Pradesh,MEERUT,1997,Rabi,Wheat,82592,291966,3.535039713
Uttar Pradesh,MEERUT,1997,Summer,Maize,816,1289,1.579656863
Uttar Pradesh,MEERUT,1997,Summer,Moong(Green Gram),376,177,0.470744681
Uttar Pradesh,MEERUT,1997,Summer,Urad,914,571,0.624726477
Uttar Pradesh,MEERUT,1997,Whole Year,Potato,7995,132285,16.54596623
Uttar Pradesh,MEERUT,1997,Whole Year,Sugarcane,119796,8097970,67.59799993
Uttar Pradesh,MEERUT,1998,Kharif,Arhar/Tur,770,278,0.361038961
Uttar Pradesh,MEERUT,1998,Kharif,Bajra,44,54,1.227272727
Uttar Pradesh,MEERUT,1998,Kharif,Cotton(lint),129,18,0.139534884
Uttar Pradesh,MEERUT,1998,Kharif,Jowar,122,72,0.590163934
Uttar Pradesh,MEERUT,1998,Kharif,Maize,3964,7003,1.766649849
Uttar Pradesh,MEERUT,1998,Kharif,Moong(Green Gram),6,2,0.333333333
Uttar Pradesh,MEERUT,1998,Kharif,Rice,18878,41048,2.17438288
Uttar Pradesh,MEERUT,1998,Kharif,Urad,255,68,0.266666667
Uttar Pradesh,MEERUT,1998,Rabi,Barley,328,998,3.042682927
Uttar Pradesh,MEERUT,1998,Rabi,Gram,317,280,0.883280757
Uttar Pradesh,MEERUT,1998,Rabi,Masoor,518,291,0.561776062
Uttar Pradesh,MEERUT,1998,Rabi,Peas & beans (Pulses),751,770,1.025299601
Uttar Pradesh,MEERUT,1998,Rabi,Rapeseed &Mustard,2819,2488,0.882582476
Uttar Pradesh,MEERUT,1998,Rabi,Sunflower,191,197,1.031413613
Uttar Pradesh,MEERUT,1998,Rabi,Wheat,81965,288369,3.518196791
Uttar Pradesh,MEERUT,1998,Summer,Maize,844,856,1.014218009
Uttar Pradesh,MEERUT,1998,Summer,Moong(Green Gram),256,164,0.640625
Uttar Pradesh,MEERUT,1998,Summer,Urad,798,447,0.560150376
Uttar Pradesh,MEERUT,1998,Whole Year,Onion,127,1534,12.07874016
Uttar Pradesh,MEERUT,1998,Whole Year,Potato,8706,174155,20.00402022
Uttar Pradesh,MEERUT,1998,Whole Year,Sugarcane,118335,7667161,64.7919973
Uttar Pradesh,MEERUT,1999,Kharif,Arhar/Tur,656,481,0.733231707
Uttar Pradesh,MEERUT,1999,Kharif,Bajra,411,620,1.508515815
Uttar Pradesh,MEERUT,1999,Kharif,Castor seed,1,1,1
Uttar Pradesh,MEERUT,1999,Kharif,Cotton(lint),89,112,1.258426966
Uttar Pradesh,MEERUT,1999,Kharif,Jowar,40,31,0.775
Uttar Pradesh,MEERUT,1999,Kharif,Maize,3146,3789,1.204386523
Uttar Pradesh,MEERUT,1999,Kharif,Moong(Green Gram),2,1,0.5
Uttar Pradesh,MEERUT,1999,Kharif,Rice,20624,51208,2.482932506
Uttar Pradesh,MEERUT,1999,Kharif,Sunflower,62,81,1.306451613
Uttar Pradesh,MEERUT,1999,Kharif,Urad,235,98,0.417021277
Uttar Pradesh,MEERUT,1999,Rabi,Barley,320,833,2.603125
Uttar Pradesh,MEERUT,1999,Rabi,Gram,270,262,0.97037037
Uttar Pradesh,MEERUT,1999,Rabi,Maize,783,1135,1.449553001
Uttar Pradesh,MEERUT,1999,Rabi,Rapeseed &Mustard,2625,2908,1.107809524
Uttar Pradesh,MEERUT,1999,Rabi,Wheat,83892,324153,3.863932199
Uttar Pradesh,MEERUT,1999,Summer,Moong(Green Gram),280,87,0.310714286
Uttar Pradesh,MEERUT,1999,Summer,Urad,726,338,0.465564738
Uttar Pradesh,MEERUT,1999,Whole Year,Onion,122,1720,14.09836066
Uttar Pradesh,MEERUT,1999,Whole Year,Peas & beans (Pulses),780,1410,1.807692308
Uttar Pradesh,MEERUT,1999,Whole Year,Potato,8445,252185,29.86204855
Uttar Pradesh,MEERUT,1999,Whole Year,Sugarcane,119706,6809356,56.88399913
Uttar Pradesh,MEERUT,1999,Whole Year,Turmeric,1,2,2
Uttar Pradesh,MEERUT,2000,Kharif,Arhar/Tur,750,583,0.777333333
Uttar Pradesh,MEERUT,2000,Kharif,Bajra,76,97,1.276315789
Uttar Pradesh,MEERUT,2000,Kharif,Cotton(lint),74,94,1.27027027
Uttar Pradesh,MEERUT,2000,Kharif,Groundnut,1,1,1
Uttar Pradesh,MEERUT,2000,Kharif,Jowar,40,32,0.8
Uttar Pradesh,MEERUT,2000,Kharif,Maize,2640,5504,2.084848485
Uttar Pradesh,MEERUT,2000,Kharif,Moong(Green Gram),5,2,0.4
Uttar Pradesh,MEERUT,2000,Kharif,Rice,21226,48008,2.261754452
Uttar Pradesh,MEERUT,2000,Kharif,Sesamum,4,1,0.25
Uttar Pradesh,MEERUT,2000,Kharif,Urad,411,171,0.416058394
Uttar Pradesh,MEERUT,2000,Rabi,Barley,309,1000,3.236245955
Uttar Pradesh,MEERUT,2000,Rabi,Gram,204,174,0.852941176
Uttar Pradesh,MEERUT,2000,Rabi,Maize,679,1101,1.621502209
Uttar Pradesh,MEERUT,2000,Rabi,Masoor,537,336,0.625698324
Uttar Pradesh,MEERUT,2000,Rabi,Moong(Green Gram),238,94,0.394957983
Uttar Pradesh,MEERUT,2000,Rabi,Peas & beans (Pulses),908,937,1.031938326
Uttar Pradesh,MEERUT,2000,Rabi,Rapeseed &Mustard,2626,3219,1.225818736
Uttar Pradesh,MEERUT,2000,Rabi,Urad,619,335,0.541195477
Uttar Pradesh,MEERUT,2000,Rabi,Wheat,86329,312225,3.616687324
Uttar Pradesh,MEERUT,2000,Whole Year,Potato,7353,158950,21.61702706
Uttar Pradesh,MEERUT,2000,Whole Year,Sugarcane,120582,7450038,61.78399761
Uttar Pradesh,MEERUT,2000,Whole Year,Turmeric,7,12,1.714285714
Uttar Pradesh,MEERUT,2001,Kharif,Arhar/Tur,861,654,0.759581882
Uttar Pradesh,MEERUT,2001,Kharif,Bajra,74,74,1
Uttar Pradesh,MEERUT,2001,Kharif,Cotton(lint),72,94,1.305555556
Uttar Pradesh,MEERUT,2001,Kharif,Jowar,62,54,0.870967742
Uttar Pradesh,MEERUT,2001,Kharif,Maize,2404,5764,2.397670549
Uttar Pradesh,MEERUT,2001,Kharif,Moong(Green Gram),10,3,0.3
Uttar Pradesh,MEERUT,2001,Kharif,Rice,19823,42559,2.146950512
Uttar Pradesh,MEERUT,2001,Kharif,Sesamum,1,0.1,0.1
Uttar Pradesh,MEERUT,2001,Kharif,Sunflower,28,54,1.928571429
Uttar Pradesh,MEERUT,2001,Kharif,Urad,734,299,0.407356948
Uttar Pradesh,MEERUT,2001,Rabi,Barley,354,1133,3.200564972
Uttar Pradesh,MEERUT,2001,Rabi,Gram,176,176,1
Uttar Pradesh,MEERUT,2001,Rabi,Maize,597,973,1.629815745
Uttar Pradesh,MEERUT,2001,Rabi,Masoor,493,394,0.799188641
Uttar Pradesh,MEERUT,2001,Rabi,Moong(Green Gram),197,84,0.426395939
Uttar Pradesh,MEERUT,2001,Rabi,Peas & beans (Pulses),829,1002,1.208685163
Uttar Pradesh,MEERUT,2001,Rabi,Rapeseed &Mustard,2673,3170,1.185933408
Uttar Pradesh,MEERUT,2001,Rabi,Urad,538,260,0.483271375
Uttar Pradesh,MEERUT,2001,Rabi,Wheat,82542,306025,3.707506482
Uttar Pradesh,MEERUT,2001,Whole Year,Potato,6769,174857,25.83202836
Uttar Pradesh,MEERUT,2001,Whole Year,Sugarcane,122707,7932762,64.64799889
Uttar Pradesh,MEERUT,2001,Whole Year,Turmeric,1,2,2
Uttar Pradesh,MEERUT,2002,Kharif,Bajra,40,51,1.275
Uttar Pradesh,MEERUT,2002,Kharif,Cotton(lint),32,35,1.09375
Uttar Pradesh,MEERUT,2002,Kharif,Jowar,47,42,0.893617021
Uttar Pradesh,MEERUT,2002,Kharif,Maize,1615,2148,1.33003096
Uttar Pradesh,MEERUT,2002,Kharif,Moong(Green Gram),1,0,0
Uttar Pradesh,MEERUT,2002,Kharif,Rice,13220,30021,2.270877458
Uttar Pradesh,MEERUT,2002,Kharif,Sunflower,2,3,1.5
Uttar Pradesh,MEERUT,2002,Kharif,Urad,888,354,0.398648649
Uttar Pradesh,MEERUT,2002,Rabi,Barley,296,863,2.915540541
Uttar Pradesh,MEERUT,2002,Rabi,Gram,114,104,0.912280702
Uttar Pradesh,MEERUT,2002,Rabi,Maize,472,523,1.108050847
Uttar Pradesh,MEERUT,2002,Rabi,Masoor,458,349,0.762008734
Uttar Pradesh,MEERUT,2002,Rabi,Onion,12,124,10.33333333
Uttar Pradesh,MEERUT,2002,Rabi,Peas & beans (Pulses),624,767,1.229166667
Uttar Pradesh,MEERUT,2002,Rabi,Rapeseed &Mustard,2595,2680,1.032755299
Uttar Pradesh,MEERUT,2002,Rabi,Wheat,76456,279984,3.662027833
Uttar Pradesh,MEERUT,2002,Summer,Moong(Green Gram),139,75,0.539568345
Uttar Pradesh,MEERUT,2002,Summer,Onion,93,1040,11.1827957
Uttar Pradesh,MEERUT,2002,Summer,Urad,372,151,0.405913978
Uttar Pradesh,MEERUT,2002,Whole Year,Potato,6477,168434,26.00494056
Uttar Pradesh,MEERUT,2002,Whole Year,Sannhamp,7,2,0.285714286
Uttar Pradesh,MEERUT,2002,Whole Year,Sugarcane,127563,7963503,62.42800028
Uttar Pradesh,MEERUT,2002,Whole Year,Turmeric,1,2,2
Uttar Pradesh,MEERUT,2003,Kharif,Arhar/Tur,918,785,0.855119826
Uttar Pradesh,MEERUT,2003,Kharif,Bajra,58,83,1.431034483
Uttar Pradesh,MEERUT,2003,Kharif,Jowar,36,31,0.861111111
Uttar Pradesh,MEERUT,2003,Kharif,Maize,1507,2049,1.359654944
Uttar Pradesh,MEERUT,2003,Kharif,Moong(Green Gram),8,5,0.625
Uttar Pradesh,MEERUT,2003,Kharif,Rice,14320,33423,2.33400838
Uttar Pradesh,MEERUT,2003,Kharif,Sunflower,11,18,1.636363636
Uttar Pradesh,MEERUT,2003,Kharif,Urad,904,214,0.236725664
Uttar Pradesh,MEERUT,2003,Rabi,Barley,338,854,2.526627219
Uttar Pradesh,MEERUT,2003,Rabi,Gram,112,117,1.044642857
Uttar Pradesh,MEERUT,2003,Rabi,Masoor,475,427,0.898947368
Uttar Pradesh,MEERUT,2003,Rabi,Onion,10,144,14.4
Uttar Pradesh,MEERUT,2003,Rabi,Peas & beans (Pulses),650,892,1.372307692
Uttar Pradesh,MEERUT,2003,Rabi,Rapeseed &Mustard,2841,2422,0.852516719
Uttar Pradesh,MEERUT,2003,Rabi,Wheat,77880,293444,3.767899332
Uttar Pradesh,MEERUT,2003,Summer,Maize,436,596,1.366972477
Uttar Pradesh,MEERUT,2003,Summer,Moong(Green Gram),114,62,0.543859649
Uttar Pradesh,MEERUT,2003,Summer,Onion,87,859,9.873563218
Uttar Pradesh,MEERUT,2003,Summer,Urad,419,205,0.489260143
Uttar Pradesh,MEERUT,2003,Whole Year,Potato,6455,135013,20.91603408
Uttar Pradesh,MEERUT,2003,Whole Year,Sugarcane,128721,8302505,64.50000388
Uttar Pradesh,MEERUT,2003,Whole Year,Turmeric,1,2,2
Uttar Pradesh,MEERUT,2004,Kharif,Bajra,73,108,1.479452055
Uttar Pradesh,MEERUT,2004,Kharif,Cotton(lint),45,8,0.177777778
Uttar Pradesh,MEERUT,2004,Kharif,Maize,1073,1182,1.101584343
Uttar Pradesh,MEERUT,2004,Kharif,Rice,15186,38020,2.503621757
Uttar Pradesh,MEERUT,2004,Kharif,Sannhamp,4,1,0.25
Uttar Pradesh,MEERUT,2004,Kharif,Sugarcane,128829,8762949,68.02000326
Uttar Pradesh,MEERUT,2004,Rabi,Barley,223,621,2.784753363
Uttar Pradesh,MEERUT,2004,Rabi,Gram,68,63,0.926470588
Uttar Pradesh,MEERUT,2004,Rabi,Potato,6162,162689,26.40197988
Uttar Pradesh,MEERUT,2004,Rabi,Rapeseed &Mustard,3699,4798,1.297107326
Uttar Pradesh,MEERUT,2004,Rabi,Turmeric,2,3,1.5
Uttar Pradesh,MEERUT,2004,Rabi,Wheat,79633,288080,3.61759572
Uttar Pradesh,MEERUT,2004,Summer,Sunflower,3,6,2
Uttar Pradesh,MEERUT,2004,Whole Year,Dry chillies,154,145,0.941558442
Uttar Pradesh,MEERUT,2004,Whole Year,Garlic,3,13,4.333333333
Uttar Pradesh,MEERUT,2004,Whole Year,Onion,88,1068,12.13636364
Uttar Pradesh,MEERUT,2004,Whole Year,Sweet potato,18,209,11.61111111
Uttar Pradesh,MEERUT,2005,Kharif,Bajra,51,73,1.431372549
Uttar Pradesh,MEERUT,2005,Kharif,Cotton(lint),41,8,0.195121951
Uttar Pradesh,MEERUT,2005,Kharif,Jowar,29,23,0.793103448
Uttar Pradesh,MEERUT,2005,Kharif,Maize,1259,1960,1.556791104
Uttar Pradesh,MEERUT,2005,Kharif,Rice,12110,27199,2.245995045
Uttar Pradesh,MEERUT,2005,Kharif,Sugarcane,129623,8792587,67.83199741
Uttar Pradesh,MEERUT,2005,Rabi,Barley,278,785,2.823741007
Uttar Pradesh,MEERUT,2005,Rabi,Gram,88,78,0.886363636
Uttar Pradesh,MEERUT,2005,Rabi,Potato,6114,99004,16.19299967
Uttar Pradesh,MEERUT,2005,Rabi,Rapeseed &Mustard,3156,3907,1.237959442
Uttar Pradesh,MEERUT,2005,Rabi,Wheat,79001,285036,3.608004962
Uttar Pradesh,MEERUT,2005,Whole Year,Coriander,9,5,0.555555556
Uttar Pradesh,MEERUT,2005,Whole Year,Dry chillies,126,115,0.912698413
Uttar Pradesh,MEERUT,2005,Whole Year,Garlic,2,8,4
Uttar Pradesh,MEERUT,2005,Whole Year,Onion,126,1627,12.91269841
Uttar Pradesh,MEERUT,2005,Whole Year,Sweet potato,4,52,13
Uttar Pradesh,MEERUT,2006,Kharif,Arhar/Tur,762,731,0.959317585
Uttar Pradesh,MEERUT,2006,Kharif,Bajra,52,64,1.230769231
Uttar Pradesh,MEERUT,2006,Kharif,Cotton(lint),40,9,0.225
Uttar Pradesh,MEERUT,2006,Kharif,Maize,279,524,1.878136201
Uttar Pradesh,MEERUT,2006,Kharif,Other Kharif pulses,951,530,0.557308097
Uttar Pradesh,MEERUT,2006,Kharif,Rice,15848,39921,2.518992933
Uttar Pradesh,MEERUT,2006,Kharif,Sugarcane,128829,8928365,69.30399988
Uttar Pradesh,MEERUT,2006,Kharif,Sweet potato,18,246,13.66666667
Uttar Pradesh,MEERUT,2006,Rabi,Barley,222,816,3.675675676
Uttar Pradesh,MEERUT,2006,Rabi,Gram,122,89,0.729508197
Uttar Pradesh,MEERUT,2006,Rabi,Masoor,332,234,0.704819277
Uttar Pradesh,MEERUT,2006,Rabi,Onion,4,77,19.25
Uttar Pradesh,MEERUT,2006,Rabi,Other  Rabi pulses,361,349,0.966759003
Uttar Pradesh,MEERUT,2006,Rabi,Potato,6247,92481,14.80406595
Uttar Pradesh,MEERUT,2006,Rabi,Rapeseed &Mustard,4596,4534,0.986510009
Uttar Pradesh,MEERUT,2006,Rabi,Turmeric,2,7,3.5
Uttar Pradesh,MEERUT,2006,Rabi,Wheat,81314,302651,3.722003591
Uttar Pradesh,MEERUT,2006,Summer,Maize,221,293,1.325791855
Uttar Pradesh,MEERUT,2006,Summer,Onion,121,1409,11.6446281
Uttar Pradesh,MEERUT,2006,Whole Year,Coriander,12,6,0.5
Uttar Pradesh,MEERUT,2006,Whole Year,Dry chillies,172,163,0.947674419
Uttar Pradesh,MEERUT,2007,Kharif,Arhar/Tur,705,602,0.853900709
Uttar Pradesh,MEERUT,2007,Kharif,Bajra,37,56,1.513513514
Uttar Pradesh,MEERUT,2007,Kharif,Cotton(lint),5,1,0.2
Uttar Pradesh,MEERUT,2007,Kharif,Dry chillies,156,150,0.961538462
Uttar Pradesh,MEERUT,2007,Kharif,Maize,449,883,1.966592428
Uttar Pradesh,MEERUT,2007,Kharif,Moong(Green Gram),5,1,0.2
Uttar Pradesh,MEERUT,2007,Kharif,Rice,13707,32335,2.359013643
Uttar Pradesh,MEERUT,2007,Kharif,Sannhamp,6,1,0.166666667
Uttar Pradesh,MEERUT,2007,Kharif,Sugarcane,136578,9501458,69.56799777
Uttar Pradesh,MEERUT,2007,Kharif,Sweet potato,5,67,13.4
Uttar Pradesh,MEERUT,2007,Kharif,Urad,614,269,0.438110749
Uttar Pradesh,MEERUT,2007,Rabi,Barley,144,434,3.013888889
Uttar Pradesh,MEERUT,2007,Rabi,Coriander,58,34,0.586206897
Uttar Pradesh,MEERUT,2007,Rabi,Gram,25,19,0.76
Uttar Pradesh,MEERUT,2007,Rabi,Masoor,219,159,0.726027397
Uttar Pradesh,MEERUT,2007,Rabi,Onion,8,112,14
Uttar Pradesh,MEERUT,2007,Rabi,Other  Rabi pulses,179,168,0.938547486
Uttar Pradesh,MEERUT,2007,Rabi,Potato,6046,103701,17.15200132
Uttar Pradesh,MEERUT,2007,Rabi,Rapeseed &Mustard,3660,4892,1.336612022
Uttar Pradesh,MEERUT,2007,Rabi,Wheat,77856,288301,3.70300298
Uttar Pradesh,MEERUT,2007,Summer,Maize,90,129,1.433333333
Uttar Pradesh,MEERUT,2007,Summer,Moong(Green Gram),96,66,0.6875
Uttar Pradesh,MEERUT,2007,Summer,Onion,81,1094,13.50617284
Uttar Pradesh,MEERUT,2007,Summer,Sunflower,2,3,1.5
Uttar Pradesh,MEERUT,2007,Summer,Urad,261,147,0.563218391
Uttar Pradesh,MEERUT,2008,Kharif,Arhar/Tur,898,683,0.760579065
Uttar Pradesh,MEERUT,2008,Kharif,Bajra,16,29,1.8125
Uttar Pradesh,MEERUT,2008,Kharif,Cotton(lint),4,1,0.25
Uttar Pradesh,MEERUT,2008,Kharif,Dry chillies,152,152,1
Uttar Pradesh,MEERUT,2008,Kharif,Maize,702,1542,2.196581197
Uttar Pradesh,MEERUT,2008,Kharif,Moong(Green Gram),14,5,0.357142857
Uttar Pradesh,MEERUT,2008,Kharif,Rice,17372,39938,2.298986875
Uttar Pradesh,MEERUT,2008,Kharif,Sugarcane,129457,8221037,63.50399747
Uttar Pradesh,MEERUT,2008,Kharif,Sweet potato,5,61,12.2
Uttar Pradesh,MEERUT,2008,Kharif,Urad,588,316,0.537414966
Uttar Pradesh,MEERUT,2008,Rabi,Barley,103,370,3.59223301
Uttar Pradesh,MEERUT,2008,Rabi,Coriander,5,3,0.6
Uttar Pradesh,MEERUT,2008,Rabi,Garlic,2,12,6
Uttar Pradesh,MEERUT,2008,Rabi,Gram,35,34,0.971428571
Uttar Pradesh,MEERUT,2008,Rabi,Masoor,436,385,0.883027523
Uttar Pradesh,MEERUT,2008,Rabi,Onion,46,539,11.7173913
Uttar Pradesh,MEERUT,2008,Rabi,Peas & beans (Pulses),68,82,1.205882353
Uttar Pradesh,MEERUT,2008,Rabi,Potato,5449,117922,21.64103505
Uttar Pradesh,MEERUT,2008,Rabi,Rapeseed &Mustard,3714,4105,1.105277329
Uttar Pradesh,MEERUT,2008,Rabi,Wheat,87795,314833,3.586001481
Uttar Pradesh,MEERUT,2008,Summer,Maize,208,311,1.495192308
Uttar Pradesh,MEERUT,2008,Summer,Moong(Green Gram),95,65,0.684210526
Uttar Pradesh,MEERUT,2008,Summer,Urad,292,182,0.623287671
Uttar Pradesh,MEERUT,2009,Kharif,Arhar/Tur,1011,810,0.801186944
Uttar Pradesh,MEERUT,2009,Kharif,Bajra,126,242,1.920634921
Uttar Pradesh,MEERUT,2009,Kharif,Cotton(lint),18,3,0.166666667
Uttar Pradesh,MEERUT,2009,Kharif,Dry chillies,152,134,0.881578947
Uttar Pradesh,MEERUT,2009,Kharif,Maize,339,645,1.902654867
Uttar Pradesh,MEERUT,2009,Kharif,Moong(Green Gram),14,2,0.142857143
Uttar Pradesh,MEERUT,2009,Kharif,Rice,17629,45113,2.559022066
Uttar Pradesh,MEERUT,2009,Kharif,Sugarcane,128483,8430027,65.61200314
Uttar Pradesh,MEERUT,2009,Kharif,Sweet potato,9,122,13.55555556
Uttar Pradesh,MEERUT,2009,Kharif,Urad,1230,470,0.382113821
Uttar Pradesh,MEERUT,2009,Rabi,Barley,202,703,3.48019802
Uttar Pradesh,MEERUT,2009,Rabi,Coriander,20,11,0.55
Uttar Pradesh,MEERUT,2009,Rabi,Garlic,1,5,5
Uttar Pradesh,MEERUT,2009,Rabi,Gram,92,76,0.826086957
Uttar Pradesh,MEERUT,2009,Rabi,Masoor,259,208,0.803088803
Uttar Pradesh,MEERUT,2009,Rabi,Onion,44,756,17.18181818
Uttar Pradesh,MEERUT,2009,Rabi,Peas & beans (Pulses),45,58,1.288888889
Uttar Pradesh,MEERUT,2009,Rabi,Potato,5701,126853,22.25100859
Uttar Pradesh,MEERUT,2009,Rabi,Rapeseed &Mustard,4118,5392,1.309373482
Uttar Pradesh,MEERUT,2009,Rabi,Turmeric,2,7,3.5
Uttar Pradesh,MEERUT,2009,Rabi,Wheat,81622,299308,3.667001544
Uttar Pradesh,MEERUT,2009,Summer,Maize,130,189,1.453846154
Uttar Pradesh,MEERUT,2009,Summer,Moong(Green Gram),110,88,0.8
Uttar Pradesh,MEERUT,2009,Summer,Onion,67,931,13.89552239
Uttar Pradesh,MEERUT,2009,Summer,Urad,264,164,0.621212121
Uttar Pradesh,MEERUT,2010,Kharif,Arhar/Tur,1126,739,0.656305506
Uttar Pradesh,MEERUT,2010,Kharif,Bajra,20,36,1.8
Uttar Pradesh,MEERUT,2010,Kharif,Cotton(lint),22,4,0.181818182
Uttar Pradesh,MEERUT,2010,Kharif,Dry chillies,123,108,0.87804878
Uttar Pradesh,MEERUT,2010,Kharif,Maize,237,464,1.957805907
Uttar Pradesh,MEERUT,2010,Kharif,Moong(Green Gram),16,8,0.5
Uttar Pradesh,MEERUT,2010,Kharif,Rice,17605,38608,2.193013348
Uttar Pradesh,MEERUT,2010,Kharif,Sugarcane,129711,8560407,65.9959988
Uttar Pradesh,MEERUT,2010,Kharif,Sweet potato,1,12,12
Uttar Pradesh,MEERUT,2010,Kharif,Urad,876,591,0.674657534
Uttar Pradesh,MEERUT,2010,Rabi,Barley,150,508,3.386666667
Uttar Pradesh,MEERUT,2010,Rabi,Gram,225,198,0.88
Uttar Pradesh,MEERUT,2010,Rabi,Masoor,504,353,0.700396825
Uttar Pradesh,MEERUT,2010,Rabi,Onion,40,736,18.4
Uttar Pradesh,MEERUT,2010,Rabi,Peas & beans (Pulses),92,107,1.163043478
Uttar Pradesh,MEERUT,2010,Rabi,Potato,5111,96981,18.97495598
Uttar Pradesh,MEERUT,2010,Rabi,Rapeseed &Mustard,4067,4859,1.194738136
Uttar Pradesh,MEERUT,2010,Rabi,Turmeric,2,6,3
Uttar Pradesh,MEERUT,2010,Rabi,Wheat,81215,331357,4.079997537
Uttar Pradesh,MEERUT,2010,Summer,Maize,143,210,1.468531469
Uttar Pradesh,MEERUT,2010,Summer,Moong(Green Gram),125,132,1.056
Uttar Pradesh,MEERUT,2010,Summer,Urad,183,114,0.62295082
Uttar Pradesh,MEERUT,2011,Kharif,Arhar/Tur,1117,780,0.698299015
Uttar Pradesh,MEERUT,2011,Kharif,Bajra,7,13,1.857142857
Uttar Pradesh,MEERUT,2011,Kharif,Cotton(lint),47,11,0.234042553
Uttar Pradesh,MEERUT,2011,Kharif,Dry chillies,151,125,0.82781457
Uttar Pradesh,MEERUT,2011,Kharif,Maize,347,750,2.161383285
Uttar Pradesh,MEERUT,2011,Kharif,Moong(Green Gram),53,22,0.41509434
Uttar Pradesh,MEERUT,2011,Kharif,Rice,16159,42143,2.608020298
Uttar Pradesh,MEERUT,2011,Kharif,Sesamum,2,1,0.5
Uttar Pradesh,MEERUT,2011,Kharif,Sugarcane,130586,8236843,63.07600355
Uttar Pradesh,MEERUT,2011,Kharif,Sweet potato,4,52,13
Uttar Pradesh,MEERUT,2011,Kharif,Urad,1075,719,0.668837209
Uttar Pradesh,MEERUT,2011,Rabi,Barley,105,404,3.847619048
Uttar Pradesh,MEERUT,2011,Rabi,Coriander,72,40,0.555555556
Uttar Pradesh,MEERUT,2011,Rabi,Garlic,15,78,5.2
Uttar Pradesh,MEERUT,2011,Rabi,Gram,26,31,1.192307692
Uttar Pradesh,MEERUT,2011,Rabi,Masoor,581,512,0.881239243
Uttar Pradesh,MEERUT,2011,Rabi,Onion,167,3820,22.8742515
Uttar Pradesh,MEERUT,2011,Rabi,Peas & beans (Pulses),147,211,1.43537415
Uttar Pradesh,MEERUT,2011,Rabi,Potato,4869,114446,23.50503183
Uttar Pradesh,MEERUT,2011,Rabi,Rapeseed &Mustard,3850,4501,1.169090909
Uttar Pradesh,MEERUT,2011,Rabi,Wheat,78449,330192,4.209002027
Uttar Pradesh,MEERUT,2011,Summer,Maize,232,383,1.650862069
Uttar Pradesh,MEERUT,2011,Summer,Moong(Green Gram),82,64,0.780487805
Uttar Pradesh,MEERUT,2011,Summer,Onion,91,986,10.83516484
Uttar Pradesh,MEERUT,2011,Summer,Urad,153,102,0.666666667
Uttar Pradesh,MEERUT,2012,Kharif,Arhar/Tur,1198,1175,0.980801336
Uttar Pradesh,MEERUT,2012,Kharif,Bajra,30,70,2.333333333
Uttar Pradesh,MEERUT,2012,Kharif,Cotton(lint),7,2,0.285714286
Uttar Pradesh,MEERUT,2012,Kharif,Dry chillies,147,118,0.802721088
Uttar Pradesh,MEERUT,2012,Kharif,Guar seed,4,3,0.75
Uttar Pradesh,MEERUT,2012,Kharif,Jowar,948,1046,1.103375527
Uttar Pradesh,MEERUT,2012,Kharif,Maize,244,579,2.37295082
Uttar Pradesh,MEERUT,2012,Kharif,Moong(Green Gram),25,13,0.52
Uttar Pradesh,MEERUT,2012,Kharif,Rice,16117,44273,2.746975244
Uttar Pradesh,MEERUT,2012,Kharif,Sugarcane,132541,9023391,68.07999789
Uttar Pradesh,MEERUT,2012,Kharif,Sweet potato,5,65,13
Uttar Pradesh,MEERUT,2012,Kharif,Urad,1016,674,0.663385827
Uttar Pradesh,MEERUT,2012,Rabi,Barley,235,626,2.663829787
Uttar Pradesh,MEERUT,2012,Rabi,Coriander,39,21,0.538461538
Uttar Pradesh,MEERUT,2012,Rabi,Gram,21,23,1.095238095
Uttar Pradesh,MEERUT,2012,Rabi,Maize,1,3,3
Uttar Pradesh,MEERUT,2012,Rabi,Masoor,393,350,0.890585242
Uttar Pradesh,MEERUT,2012,Rabi,Onion,20,460,23
Uttar Pradesh,MEERUT,2012,Rabi,Peas & beans (Pulses),218,326,1.495412844
Uttar Pradesh,MEERUT,2012,Rabi,Potato,5253,130569,24.85608224
Uttar Pradesh,MEERUT,2012,Rabi,Rapeseed &Mustard,4795,6339,1.322002086
Uttar Pradesh,MEERUT,2012,Rabi,Turmeric,16,45,2.8125
Uttar Pradesh,MEERUT,2012,Rabi,Wheat,78236,323115,4.13000409
Uttar Pradesh,MEERUT,2012,Summer,Maize,119,220,1.848739496
Uttar Pradesh,MEERUT,2012,Summer,Moong(Green Gram),77,53,0.688311688
Uttar Pradesh,MEERUT,2012,Summer,Onion,73,794,10.87671233
Uttar Pradesh,MEERUT,2012,Summer,Urad,301,208,0.6910299
Uttar Pradesh,MEERUT,2013,Kharif,Arhar/Tur,965,675,0.699481865
Uttar Pradesh,MEERUT,2013,Kharif,Bajra,46,62,1.347826087
Uttar Pradesh,MEERUT,2013,Kharif,Cotton(lint),11,2,0.181818182
Uttar Pradesh,MEERUT,2013,Kharif,Dry chillies,64,51,0.796875
Uttar Pradesh,MEERUT,2013,Kharif,Guar seed,2,2,1
Uttar Pradesh,MEERUT,2013,Kharif,Maize,677,1619,2.391432792
Uttar Pradesh,MEERUT,2013,Kharif,Moong(Green Gram),41,13,0.317073171
Uttar Pradesh,MEERUT,2013,Kharif,Rice,14493,39305,2.711998896
Uttar Pradesh,MEERUT,2013,Kharif,Sugarcane,135532,9643373,71.152001
Uttar Pradesh,MEERUT,2013,Kharif,Sweet potato,2,26,13
Uttar Pradesh,MEERUT,2013,Kharif,Urad,1126,502,0.445825933
Uttar Pradesh,MEERUT,2013,Rabi,Barley,77,277,3.597402597
Uttar Pradesh,MEERUT,2013,Rabi,Coriander,15,8,0.533333333
Uttar Pradesh,MEERUT,2013,Rabi,Garlic,1,6,6
Uttar Pradesh,MEERUT,2013,Rabi,Gram,23,18,0.782608696
Uttar Pradesh,MEERUT,2013,Rabi,Masoor,466,322,0.690987124
Uttar Pradesh,MEERUT,2013,Rabi,Onion,74,1505,20.33783784
Uttar Pradesh,MEERUT,2013,Rabi,Peas & beans (Pulses),795,790,0.993710692
Uttar Pradesh,MEERUT,2013,Rabi,Potato,5733,114798,20.02407117
Uttar Pradesh,MEERUT,2013,Rabi,Rapeseed &Mustard,4872,7268,1.491789819
Uttar Pradesh,MEERUT,2013,Rabi,Turmeric,10,29,2.9
Uttar Pradesh,MEERUT,2013,Rabi,Wheat,76532,328475,4.291995505
Uttar Pradesh,MEERUT,2013,Summer,Maize,146,268,1.835616438
Uttar Pradesh,MEERUT,2013,Summer,Moong(Green Gram),93,56,0.602150538
Uttar Pradesh,MEERUT,2013,Summer,Onion,152,1940,12.76315789
Uttar Pradesh,MEERUT,2013,Summer,Rice,21,57,2.714285714
Uttar Pradesh,MEERUT,2013,Summer,Urad,298,173,0.580536913
Uttar Pradesh,MEERUT,2014,Kharif,Arhar/Tur,963,743,0.771547248
Uttar Pradesh,MEERUT,2014,Kharif,Bajra,27,55,2.037037037
Uttar Pradesh,MEERUT,2014,Kharif,Cotton(lint),9,3,0.333333333
Uttar Pradesh,MEERUT,2014,Kharif,Dry chillies,34,28,0.823529412
Uttar Pradesh,MEERUT,2014,Kharif,Maize,167,393,2.353293413
Uttar Pradesh,MEERUT,2014,Kharif,Moong(Green Gram),19,6,0.315789474
Uttar Pradesh,MEERUT,2014,Kharif,Rice,14466,42892,2.96502143
Uttar Pradesh,MEERUT,2014,Kharif,Sesamum,1,,
Uttar Pradesh,MEERUT,2014,Kharif,Sugarcane,121109,9506088,78.49200307
Uttar Pradesh,MEERUT,2014,Kharif,Urad,908,487,0.536343612
Uttar Pradesh,MEERUT,2014,Rabi,Barley,91,273,3
Uttar Pradesh,MEERUT,2014,Rabi,Coriander,8,4,0.5
Uttar Pradesh,MEERUT,2014,Rabi,Gram,6,2,0.333333333
Uttar Pradesh,MEERUT,2014,Rabi,Linseed,29,17,0.586206897
Uttar Pradesh,MEERUT,2014,Rabi,Maize,16,38,2.375
Uttar Pradesh,MEERUT,2014,Rabi,Masoor,329,177,0.537993921
Uttar Pradesh,MEERUT,2014,Rabi,Onion,21,321,15.28571429
Uttar Pradesh,MEERUT,2014,Rabi,Peas & beans (Pulses),275,208,0.756363636
Uttar Pradesh,MEERUT,2014,Rabi,Potato,5443,112844,20.73194929
Uttar Pradesh,MEERUT,2014,Rabi,Rapeseed &Mustard,5283,5130,0.971039182
Uttar Pradesh,MEERUT,2014,Rabi,Turmeric,11,31,2.818181818
Uttar Pradesh,MEERUT,2014,Rabi,Wheat,76072,245180,3.222999264
Uttar Pradesh,MEERUT,2014,Summer,Maize,67,119,1.776119403
Uttar Pradesh,MEERUT,2014,Summer,Moong(Green Gram),100,77,0.77
Uttar Pradesh,MEERUT,2014,Summer,Rice,162,480,2.962962963
Uttar Pradesh,MEERUT,2014,Summer,Urad,101,54,0.534653465
Uttar Pradesh,MIRZAPUR,1997,Kharif,Arhar/Tur,13899,8461,0.608748831
Uttar Pradesh,MIRZAPUR,1997,Kharif,Bajra,11653,16050,1.377327727
Uttar Pradesh,MIRZAPUR,1997,Kharif,Groundnut,1692,1356,0.80141844
Uttar Pradesh,MIRZAPUR,1997,Kharif,Jowar,4622,3284,0.710514929
Uttar Pradesh,MIRZAPUR,1997,Kharif,Maize,2671,3068,1.148633471
Uttar Pradesh,MIRZAPUR,1997,Kharif,Moong(Green Gram),302,101,0.334437086
Uttar Pradesh,MIRZAPUR,1997,Kharif,Moth,5,3,0.6
Uttar Pradesh,MIRZAPUR,1997,Kharif,Oilseeds total,13519,5396,0.399141948
Uttar Pradesh,MIRZAPUR,1997,Kharif,Onion,220,2265,10.29545455
Uttar Pradesh,MIRZAPUR,1997,Kharif,Rice,100385,187366,1.866474075
Uttar Pradesh,MIRZAPUR,1997,Kharif,Sesamum,1968,144,0.073170732
Uttar Pradesh,MIRZAPUR,1997,Kharif,Small millets,2886,1965,0.680873181
Uttar Pradesh,MIRZAPUR,1997,Kharif,Total foodgrain,278084,441078,1.586132248
Uttar Pradesh,MIRZAPUR,1997,Kharif,Urad,1062,623,0.586629002
Uttar Pradesh,MIRZAPUR,1997,Rabi,Barley,6161,9241,1.499918844
Uttar Pradesh,MIRZAPUR,1997,Rabi,Gram,18714,14393,0.769103345
Uttar Pradesh,MIRZAPUR,1997,Rabi,Linseed,6875,2727,0.396654545
Uttar Pradesh,MIRZAPUR,1997,Rabi,Masoor,4741,3200,0.674963088
Uttar Pradesh,MIRZAPUR,1997,Rabi,Peas & beans (Pulses),3818,4960,1.299109481
Uttar Pradesh,MIRZAPUR,1997,Rabi,Rapeseed &Mustard,2983,1167,0.391216896
Uttar Pradesh,MIRZAPUR,1997,Rabi,Sunflower,1,2,2
Uttar Pradesh,MIRZAPUR,1997,Rabi,Wheat,107142,188348,1.75792873
Uttar Pradesh,MIRZAPUR,1997,Summer,Maize,4,6,1.5
Uttar Pradesh,MIRZAPUR,1997,Summer,Moong(Green Gram),2,1,0.5
Uttar Pradesh,MIRZAPUR,1997,Summer,Urad,17,8,0.470588235
Uttar Pradesh,MIRZAPUR,1997,Whole Year,Potato,2553,37146,14.54994125
Uttar Pradesh,MIRZAPUR,1997,Whole Year,Sugarcane,3011,130544,43.35569578
Uttar Pradesh,MIRZAPUR,1998,Kharif,Arhar/Tur,14795,18373,1.241838459
Uttar Pradesh,MIRZAPUR,1998,Kharif,Bajra,12490,16988,1.360128102
Uttar Pradesh,MIRZAPUR,1998,Kharif,Groundnut,1732,1436,0.829099307
Uttar Pradesh,MIRZAPUR,1998,Kharif,Jowar,4556,9181,2.015144864
Uttar Pradesh,MIRZAPUR,1998,Kharif,Maize,2423,2820,1.163846471
Uttar Pradesh,MIRZAPUR,1998,Kharif,Moong(Green Gram),254,55,0.216535433
Uttar Pradesh,MIRZAPUR,1998,Kharif,Moth,8,3,0.375
Uttar Pradesh,MIRZAPUR,1998,Kharif,Rice,105655,230950,2.185888032
Uttar Pradesh,MIRZAPUR,1998,Kharif,Sesamum,1937,213,0.109963862
Uttar Pradesh,MIRZAPUR,1998,Kharif,Small millets,2474,990,0.400161681
Uttar Pradesh,MIRZAPUR,1998,Kharif,Soyabean,10,4,0.4
Uttar Pradesh,MIRZAPUR,1998,Kharif,Urad,1020,419,0.410784314
Uttar Pradesh,MIRZAPUR,1998,Rabi,Barley,6277,7158,1.140353672
Uttar Pradesh,MIRZAPUR,1998,Rabi,Castor seed,2,1,0.5
Uttar Pradesh,MIRZAPUR,1998,Rabi,Gram,17662,15918,0.901256936
Uttar Pradesh,MIRZAPUR,1998,Rabi,Linseed,6705,2204,0.328709918
Uttar Pradesh,MIRZAPUR,1998,Rabi,Masoor,5044,4207,0.83406027
Uttar Pradesh,MIRZAPUR,1998,Rabi,Peas & beans (Pulses),4247,4485,1.056039557
Uttar Pradesh,MIRZAPUR,1998,Rabi,Rapeseed &Mustard,3417,1738,0.508633304
Uttar Pradesh,MIRZAPUR,1998,Rabi,Sunflower,3,4,1.333333333
Uttar Pradesh,MIRZAPUR,1998,Rabi,Wheat,109136,214785,1.96804904
Uttar Pradesh,MIRZAPUR,1998,Summer,Maize,4,4,1
Uttar Pradesh,MIRZAPUR,1998,Summer,Moong(Green Gram),43,22,0.511627907
Uttar Pradesh,MIRZAPUR,1998,Summer,Urad,5,2,0.4
Uttar Pradesh,MIRZAPUR,1998,Whole Year,Onion,251,3048,12.14342629
Uttar Pradesh,MIRZAPUR,1998,Whole Year,Potato,2499,52489,21.0040016
Uttar Pradesh,MIRZAPUR,1998,Whole Year,Sannhamp,272,99,0.363970588
Uttar Pradesh,MIRZAPUR,1998,Whole Year,Sugarcane,2684,110871,41.30812221
Uttar Pradesh,MIRZAPUR,1998,Whole Year,Turmeric,5,9,1.8
Uttar Pradesh,MIRZAPUR,1999,Kharif,Arhar/Tur,13783,15427,1.119277371
Uttar Pradesh,MIRZAPUR,1999,Kharif,Bajra,11511,10338,0.898097472
Uttar Pradesh,MIRZAPUR,1999,Kharif,Groundnut,1934,2253,1.164943123
Uttar Pradesh,MIRZAPUR,1999,Kharif,Jowar,4426,4240,0.957975599
Uttar Pradesh,MIRZAPUR,1999,Kharif,Maize,2361,3950,1.673019907
Uttar Pradesh,MIRZAPUR,1999,Kharif,Moong(Green Gram),202,57,0.282178218
Uttar Pradesh,MIRZAPUR,1999,Kharif,Rice,107865,261050,2.420154823
Uttar Pradesh,MIRZAPUR,1999,Kharif,Small millets,2300,2089,0.90826087
Uttar Pradesh,MIRZAPUR,1999,Kharif,Soyabean,12,9,0.75
Uttar Pradesh,MIRZAPUR,1999,Kharif,Sunflower,1,2,2
Uttar Pradesh,MIRZAPUR,1999,Kharif,Urad,999,543,0.543543544
Uttar Pradesh,MIRZAPUR,1999,Rabi,Barley,6125,9569,1.562285714
Uttar Pradesh,MIRZAPUR,1999,Rabi,Gram,15735,16368,1.040228789
Uttar Pradesh,MIRZAPUR,1999,Rabi,Linseed,6165,2404,0.389943228
Uttar Pradesh,MIRZAPUR,1999,Rabi,Maize,3,4,1.333333333
Uttar Pradesh,MIRZAPUR,1999,Rabi,Ragi,22,37,1.681818182
Uttar Pradesh,MIRZAPUR,1999,Rabi,Rapeseed &Mustard,3938,1466,0.372270188
Uttar Pradesh,MIRZAPUR,1999,Rabi,Wheat,111494,239884,2.151541787
Uttar Pradesh,MIRZAPUR,1999,Summer,Moong(Green Gram),8,4,0.5
Uttar Pradesh,MIRZAPUR,1999,Summer,Urad,5,2,0.4
Uttar Pradesh,MIRZAPUR,1999,Whole Year,Moth,3,1,0.333333333
Uttar Pradesh,MIRZAPUR,1999,Whole Year,Onion,274,3862,14.09489051
Uttar Pradesh,MIRZAPUR,1999,Whole Year,Peas & beans (Pulses),4627,4798,1.036956992
Uttar Pradesh,MIRZAPUR,1999,Whole Year,Potato,2267,47414,20.91486546
Uttar Pradesh,MIRZAPUR,1999,Whole Year,Sugarcane,2475,77472,31.30181818
Uttar Pradesh,MIRZAPUR,1999,Whole Year,Turmeric,2,3,1.5
Uttar Pradesh,MIRZAPUR,2000,Kharif,Arhar/Tur,13449,11989,0.891441743
Uttar Pradesh,MIRZAPUR,2000,Kharif,Bajra,11200,14950,1.334821429
Uttar Pradesh,MIRZAPUR,2000,Kharif,Groundnut,2101,2711,1.290337934
Uttar Pradesh,MIRZAPUR,2000,Kharif,Jowar,4357,7616,1.747991737
Uttar Pradesh,MIRZAPUR,2000,Kharif,Maize,2416,2310,0.956125828
Uttar Pradesh,MIRZAPUR,2000,Kharif,Moong(Green Gram),205,62,0.302439024
Uttar Pradesh,MIRZAPUR,2000,Kharif,Moth,5,1,0.2
Uttar Pradesh,MIRZAPUR,2000,Kharif,Rice,106923,207490,1.940555353
Uttar Pradesh,MIRZAPUR,2000,Kharif,Sesamum,1511,215,0.142289874
Uttar Pradesh,MIRZAPUR,2000,Kharif,Small millets,2140,1012,0.472897196
Uttar Pradesh,MIRZAPUR,2000,Kharif,Urad,1011,512,0.506429278
Uttar Pradesh,MIRZAPUR,2000,Rabi,Barley,6085,7577,1.245193098
Uttar Pradesh,MIRZAPUR,2000,Rabi,Gram,15778,13492,0.855114717
Uttar Pradesh,MIRZAPUR,2000,Rabi,Linseed,6125,2297,0.375020408
Uttar Pradesh,MIRZAPUR,2000,Rabi,Maize,3,5,1.666666667
Uttar Pradesh,MIRZAPUR,2000,Rabi,Masoor,4904,3791,0.773042414
Uttar Pradesh,MIRZAPUR,2000,Rabi,Moong(Green Gram),8,4,0.5
Uttar Pradesh,MIRZAPUR,2000,Rabi,Peas & beans (Pulses),4841,5756,1.189010535
Uttar Pradesh,MIRZAPUR,2000,Rabi,Rapeseed &Mustard,3925,1117,0.284585987
Uttar Pradesh,MIRZAPUR,2000,Rabi,Urad,5,2,0.4
Uttar Pradesh,MIRZAPUR,2000,Rabi,Wheat,114440,226272,1.977210765
Uttar Pradesh,MIRZAPUR,2000,Whole Year,Potato,2160,46971,21.74583333
Uttar Pradesh,MIRZAPUR,2000,Whole Year,Sugarcane,2384,169960,71.29194631
Uttar Pradesh,MIRZAPUR,2000,Whole Year,Turmeric,1,2,2
Uttar Pradesh,MIRZAPUR,2001,Kharif,Arhar/Tur,14065,15211,1.081478848
Uttar Pradesh,MIRZAPUR,2001,Kharif,Bajra,10892,12660,1.16232097
Uttar Pradesh,MIRZAPUR,2001,Kharif,Groundnut,2185,1833,0.838901602
Uttar Pradesh,MIRZAPUR,2001,Kharif,Jowar,4136,5471,1.322775629
Uttar Pradesh,MIRZAPUR,2001,Kharif,Maize,2126,1108,0.52116651
Uttar Pradesh,MIRZAPUR,2001,Kharif,Moong(Green Gram),211,58,0.274881517
Uttar Pradesh,MIRZAPUR,2001,Kharif,Moth,4,2,0.5
Uttar Pradesh,MIRZAPUR,2001,Kharif,Rice,110842,246817,2.226746179
Uttar Pradesh,MIRZAPUR,2001,Kharif,Sesamum,1315,177,0.13460076
Uttar Pradesh,MIRZAPUR,2001,Kharif,Small millets,1354,790,0.583456425
Uttar Pradesh,MIRZAPUR,2001,Kharif,Soyabean,6,4,0.666666667
Uttar Pradesh,MIRZAPUR,2001,Kharif,Sunflower,2,4,2
Uttar Pradesh,MIRZAPUR,2001,Kharif,Urad,917,354,0.386041439
Uttar Pradesh,MIRZAPUR,2001,Rabi,Barley,5313,7171,1.349708263
Uttar Pradesh,MIRZAPUR,2001,Rabi,Gram,17396,16128,0.92710968
Uttar Pradesh,MIRZAPUR,2001,Rabi,Linseed,5163,2267,0.439085803
Uttar Pradesh,MIRZAPUR,2001,Rabi,Maize,3,5,1.666666667
Uttar Pradesh,MIRZAPUR,2001,Rabi,Masoor,6239,5384,0.862958808
Uttar Pradesh,MIRZAPUR,2001,Rabi,Peas & beans (Pulses),5137,6529,1.270975277
Uttar Pradesh,MIRZAPUR,2001,Rabi,Rapeseed &Mustard,3504,1710,0.488013699
Uttar Pradesh,MIRZAPUR,2001,Rabi,Urad,4,2,0.5
Uttar Pradesh,MIRZAPUR,2001,Rabi,Wheat,114486,223370,1.951068253
Uttar Pradesh,MIRZAPUR,2001,Whole Year,Potato,2139,52752,24.66199158
Uttar Pradesh,MIRZAPUR,2001,Whole Year,Sugarcane,2456,127577,51.94503257
Uttar Pradesh,MIRZAPUR,2001,Whole Year,Turmeric,1,2,2
Uttar Pradesh,MIRZAPUR,2002,Kharif,Bajra,8962,9176,1.023878599
Uttar Pradesh,MIRZAPUR,2002,Kharif,Groundnut,2658,4816,1.811888638
Uttar Pradesh,MIRZAPUR,2002,Kharif,Jowar,3492,3074,0.880297824
Uttar Pradesh,MIRZAPUR,2002,Kharif,Maize,1999,1733,0.866933467
Uttar Pradesh,MIRZAPUR,2002,Kharif,Moong(Green Gram),127,36,0.283464567
Uttar Pradesh,MIRZAPUR,2002,Kharif,Rice,89277,167705,1.87847934
Uttar Pradesh,MIRZAPUR,2002,Kharif,Sesamum,1017,94,0.092428712
Uttar Pradesh,MIRZAPUR,2002,Kharif,Small millets,1219,659,0.540607055
Uttar Pradesh,MIRZAPUR,2002,Kharif,Sunflower,2,3,1.5
Uttar Pradesh,MIRZAPUR,2002,Kharif,Urad,774,273,0.352713178
Uttar Pradesh,MIRZAPUR,2002,Rabi,Barley,5206,5315,1.02093738
Uttar Pradesh,MIRZAPUR,2002,Rabi,Gram,17815,19242,1.080101038
Uttar Pradesh,MIRZAPUR,2002,Rabi,Linseed,5309,3217,0.605952157
Uttar Pradesh,MIRZAPUR,2002,Rabi,Maize,1,1,1
Uttar Pradesh,MIRZAPUR,2002,Rabi,Masoor,6465,5314,0.821964424
Uttar Pradesh,MIRZAPUR,2002,Rabi,Onion,264,2724,10.31818182
Uttar Pradesh,MIRZAPUR,2002,Rabi,Peas & beans (Pulses),5102,4852,0.950999608
Uttar Pradesh,MIRZAPUR,2002,Rabi,Ragi,3,4,1.333333333
Uttar Pradesh,MIRZAPUR,2002,Rabi,Rapeseed &Mustard,3396,1878,0.553003534
Uttar Pradesh,MIRZAPUR,2002,Rabi,Wheat,107904,205147,1.901199214
Uttar Pradesh,MIRZAPUR,2002,Summer,Moong(Green Gram),5,3,0.6
Uttar Pradesh,MIRZAPUR,2002,Summer,Onion,110,1230,11.18181818
Uttar Pradesh,MIRZAPUR,2002,Summer,Urad,7,4,0.571428571
Uttar Pradesh,MIRZAPUR,2002,Whole Year,Potato,2208,51223,23.19882246
Uttar Pradesh,MIRZAPUR,2002,Whole Year,Sannhamp,88,28,0.318181818
Uttar Pradesh,MIRZAPUR,2002,Whole Year,Sugarcane,1859,122371,65.82625067
Uttar Pradesh,MIRZAPUR,2002,Whole Year,Turmeric,1,2,2
Uttar Pradesh,MIRZAPUR,2003,Kharif,Arhar/Tur,13576,14202,1.046110784
Uttar Pradesh,MIRZAPUR,2003,Kharif,Bajra,10476,12794,1.221267659
Uttar Pradesh,MIRZAPUR,2003,Kharif,Groundnut,2664,2787,1.046171171
Uttar Pradesh,MIRZAPUR,2003,Kharif,Jowar,3640,4431,1.217307692
Uttar Pradesh,MIRZAPUR,2003,Kharif,Maize,2110,2410,1.142180095
Uttar Pradesh,MIRZAPUR,2003,Kharif,Moong(Green Gram),205,48,0.234146341
Uttar Pradesh,MIRZAPUR,2003,Kharif,Rice,103594,215028,2.075680059
Uttar Pradesh,MIRZAPUR,2003,Kharif,Sesamum,1248,256,0.205128205
Uttar Pradesh,MIRZAPUR,2003,Kharif,Sunflower,7,12,1.714285714
Uttar Pradesh,MIRZAPUR,2003,Kharif,Urad,818,513,0.627139364
Uttar Pradesh,MIRZAPUR,2003,Rabi,Barley,5867,6821,1.162604397
Uttar Pradesh,MIRZAPUR,2003,Rabi,Gram,16853,18934,1.123479499
Uttar Pradesh,MIRZAPUR,2003,Rabi,Linseed,5024,2612,0.519904459
Uttar Pradesh,MIRZAPUR,2003,Rabi,Maize,6,8,1.333333333
Uttar Pradesh,MIRZAPUR,2003,Rabi,Masoor,7223,5959,0.825003461
Uttar Pradesh,MIRZAPUR,2003,Rabi,Onion,232,3330,14.35344828
Uttar Pradesh,MIRZAPUR,2003,Rabi,Peas & beans (Pulses),5432,7838,1.442930781
Uttar Pradesh,MIRZAPUR,2003,Rabi,Ragi,3,4,1.333333333
Uttar Pradesh,MIRZAPUR,2003,Rabi,Rapeseed &Mustard,3350,2121,0.633134328
Uttar Pradesh,MIRZAPUR,2003,Rabi,Wheat,112193,239018,2.130418119
Uttar Pradesh,MIRZAPUR,2003,Summer,Maize,3,4,1.333333333
Uttar Pradesh,MIRZAPUR,2003,Summer,Moong(Green Gram),4,2,0.5
Uttar Pradesh,MIRZAPUR,2003,Summer,Onion,64,631,9.859375
Uttar Pradesh,MIRZAPUR,2003,Summer,Urad,3,2,0.666666667
Uttar Pradesh,MIRZAPUR,2003,Whole Year,Potato,2155,45072,20.91508121
Uttar Pradesh,MIRZAPUR,2003,Whole Year,Sannhamp,94,28,0.29787234
Uttar Pradesh,MIRZAPUR,2003,Whole Year,Sugarcane,1933,96411,49.87635799
Uttar Pradesh,MIRZAPUR,2004,Kharif,Bajra,10781,9478,0.879139226
Uttar Pradesh,MIRZAPUR,2004,Kharif,Groundnut,2927,3176,1.085070038
Uttar Pradesh,MIRZAPUR,2004,Kharif,Jowar,3579,2306,0.644314054
Uttar Pradesh,MIRZAPUR,2004,Kharif,Maize,2046,1199,0.586021505
Uttar Pradesh,MIRZAPUR,2004,Kharif,Rice,90318,99621,1.103002724
Uttar Pradesh,MIRZAPUR,2004,Kharif,Sannhamp,96,27,0.28125
Uttar Pradesh,MIRZAPUR,2004,Kharif,Sesamum,1738,247,0.142117376
Uttar Pradesh,MIRZAPUR,2004,Kharif,Small millets,788,378,0.479695431
Uttar Pradesh,MIRZAPUR,2004,Kharif,Sugarcane,1756,75573,43.03701595
Uttar Pradesh,MIRZAPUR,2004,Rabi,Barley,5324,3741,0.702667168
Uttar Pradesh,MIRZAPUR,2004,Rabi,Gram,14864,14517,0.976655005
Uttar Pradesh,MIRZAPUR,2004,Rabi,Linseed,4043,1367,0.338115261
Uttar Pradesh,MIRZAPUR,2004,Rabi,Maize,32,148,4.625
Uttar Pradesh,MIRZAPUR,2004,Rabi,Potato,2092,31618,15.11376673
Uttar Pradesh,MIRZAPUR,2004,Rabi,Rapeseed &Mustard,2437,1709,0.701272056
Uttar Pradesh,MIRZAPUR,2004,Rabi,Turmeric,11,19,1.727272727
Uttar Pradesh,MIRZAPUR,2004,Rabi,Wheat,98249,142366,1.44903256
Uttar Pradesh,MIRZAPUR,2004,Summer,Sunflower,2,4,2
Uttar Pradesh,MIRZAPUR,2004,Whole Year,Banana,1,36,36
Uttar Pradesh,MIRZAPUR,2004,Whole Year,Dry chillies,1025,962,0.938536585
Uttar Pradesh,MIRZAPUR,2004,Whole Year,Garlic,2,9,4.5
Uttar Pradesh,MIRZAPUR,2004,Whole Year,Guar seed,66,56,0.848484848
Uttar Pradesh,MIRZAPUR,2004,Whole Year,Onion,295,3143,10.65423729
Uttar Pradesh,MIRZAPUR,2004,Whole Year,Sweet potato,1,11,11
Uttar Pradesh,MIRZAPUR,2005,Kharif,Bajra,11578,14049,1.213422007
Uttar Pradesh,MIRZAPUR,2005,Kharif,Jowar,3939,5198,1.31962427
Uttar Pradesh,MIRZAPUR,2005,Kharif,Maize,2683,2865,1.067834514
Uttar Pradesh,MIRZAPUR,2005,Kharif,Rice,103594,151765,1.464997973
Uttar Pradesh,MIRZAPUR,2005,Kharif,Sannhamp,133,46,0.345864662
Uttar Pradesh,MIRZAPUR,2005,Kharif,Sesamum,1417,179,0.126323218
Uttar Pradesh,MIRZAPUR,2005,Kharif,Small millets,1285,1218,0.947859922
Uttar Pradesh,MIRZAPUR,2005,Kharif,Sugarcane,1885,66639,35.35225464
Uttar Pradesh,MIRZAPUR,2005,Rabi,Barley,13319,9100,0.683234477
Uttar Pradesh,MIRZAPUR,2005,Rabi,Gram,22774,18342,0.805392114
Uttar Pradesh,MIRZAPUR,2005,Rabi,Linseed,4422,1932,0.436906377
Uttar Pradesh,MIRZAPUR,2005,Rabi,Potato,322,7223,22.43167702
Uttar Pradesh,MIRZAPUR,2005,Rabi,Rapeseed &Mustard,2941,1335,0.453927236
Uttar Pradesh,MIRZAPUR,2005,Rabi,Wheat,78382,124713,1.591092343
Uttar Pradesh,MIRZAPUR,2005,Summer,Sunflower,3,4,1.333333333
Uttar Pradesh,MIRZAPUR,2005,Whole Year,Banana,1,38,38
Uttar Pradesh,MIRZAPUR,2005,Whole Year,Coriander,10,6,0.6
Uttar Pradesh,MIRZAPUR,2005,Whole Year,Dry chillies,1152,1052,0.913194444
Uttar Pradesh,MIRZAPUR,2005,Whole Year,Garlic,2,9,4.5
Uttar Pradesh,MIRZAPUR,2005,Whole Year,Guar seed,34,28,0.823529412
Uttar Pradesh,MIRZAPUR,2005,Whole Year,Onion,231,2961,12.81818182
Uttar Pradesh,MIRZAPUR,2005,Whole Year,Sweet potato,4,52,13
Uttar Pradesh,MIRZAPUR,2006,Kharif,Arhar/Tur,13646,10748,0.787630075
Uttar Pradesh,MIRZAPUR,2006,Kharif,Bajra,12909,12135,0.940041831
Uttar Pradesh,MIRZAPUR,2006,Kharif,Dry ginger,1,3,3
Uttar Pradesh,MIRZAPUR,2006,Kharif,Groundnut,2927,4405,1.504953878
Uttar Pradesh,MIRZAPUR,2006,Kharif,Jowar,2694,2629,0.975872309
Uttar Pradesh,MIRZAPUR,2006,Kharif,Maize,2361,1492,0.63193562
Uttar Pradesh,MIRZAPUR,2006,Kharif,Other Kharif pulses,658,311,0.472644377
Uttar Pradesh,MIRZAPUR,2006,Kharif,Rice,99740,194094,1.945999599
Uttar Pradesh,MIRZAPUR,2006,Kharif,Sannhamp,82,23,0.280487805
Uttar Pradesh,MIRZAPUR,2006,Kharif,Sesamum,1408,142,0.100852273
Uttar Pradesh,MIRZAPUR,2006,Kharif,Small millets,129,116,0.899224806
Uttar Pradesh,MIRZAPUR,2006,Kharif,Sugarcane,1756,76035,43.3001139
Uttar Pradesh,MIRZAPUR,2006,Rabi,Barley,3317,3484,1.050346699
Uttar Pradesh,MIRZAPUR,2006,Rabi,Garlic,16,71,4.4375
Uttar Pradesh,MIRZAPUR,2006,Rabi,Gram,13209,13905,1.052691347
Uttar Pradesh,MIRZAPUR,2006,Rabi,Linseed,3792,1874,0.494198312
Uttar Pradesh,MIRZAPUR,2006,Rabi,Maize,37,117,3.162162162
Uttar Pradesh,MIRZAPUR,2006,Rabi,Masoor,8353,6758,0.80905064
Uttar Pradesh,MIRZAPUR,2006,Rabi,Onion,210,4028,19.18095238
Uttar Pradesh,MIRZAPUR,2006,Rabi,Other  Rabi pulses,4724,6746,1.428027096
Uttar Pradesh,MIRZAPUR,2006,Rabi,Potato,2177,47539,21.83693156
Uttar Pradesh,MIRZAPUR,2006,Rabi,Rapeseed &Mustard,2535,1420,0.560157791
Uttar Pradesh,MIRZAPUR,2006,Rabi,Turmeric,11,37,3.363636364
Uttar Pradesh,MIRZAPUR,2006,Rabi,Wheat,101402,206329,2.034762628
Uttar Pradesh,MIRZAPUR,2006,Summer,Onion,75,873,11.64
Uttar Pradesh,MIRZAPUR,2006,Summer,Sunflower,3,5,1.666666667
Uttar Pradesh,MIRZAPUR,2006,Whole Year,Coriander,11,6,0.545454545
Uttar Pradesh,MIRZAPUR,2006,Whole Year,Dry chillies,1019,967,0.948969578
Uttar Pradesh,MIRZAPUR,2006,Whole Year,Guar seed,66,56,0.848484848
Uttar Pradesh,MIRZAPUR,2007,Kharif,Arhar/Tur,12732,8964,0.70405278
Uttar Pradesh,MIRZAPUR,2007,Kharif,Bajra,9845,9501,0.965058405
Uttar Pradesh,MIRZAPUR,2007,Kharif,Dry chillies,1230,1186,0.964227642
Uttar Pradesh,MIRZAPUR,2007,Kharif,Groundnut,2985,3197,1.071021776
Uttar Pradesh,MIRZAPUR,2007,Kharif,Guar seed,63,53,0.841269841
Uttar Pradesh,MIRZAPUR,2007,Kharif,Jowar,4087,4481,1.09640323
Uttar Pradesh,MIRZAPUR,2007,Kharif,Maize,2137,1691,0.79129621
Uttar Pradesh,MIRZAPUR,2007,Kharif,Moong(Green Gram),187,37,0.197860963
Uttar Pradesh,MIRZAPUR,2007,Kharif,Rice,78848,111806,1.417994115
Uttar Pradesh,MIRZAPUR,2007,Kharif,Sannhamp,105,20,0.19047619
Uttar Pradesh,MIRZAPUR,2007,Kharif,Sesamum,1688,216,0.127962085
Uttar Pradesh,MIRZAPUR,2007,Kharif,Small millets,799,393,0.491864831
Uttar Pradesh,MIRZAPUR,2007,Kharif,Sugarcane,1604,91768,57.21197007
Uttar Pradesh,MIRZAPUR,2007,Kharif,Urad,972,461,0.474279835
Uttar Pradesh,MIRZAPUR,2007,Rabi,Barley,815,575,0.705521472
Uttar Pradesh,MIRZAPUR,2007,Rabi,Gram,11613,10085,0.868423319
Uttar Pradesh,MIRZAPUR,2007,Rabi,Linseed,4029,1112,0.275999007
Uttar Pradesh,MIRZAPUR,2007,Rabi,Maize,24,67,2.791666667
Uttar Pradesh,MIRZAPUR,2007,Rabi,Masoor,6387,4337,0.679035541
Uttar Pradesh,MIRZAPUR,2007,Rabi,Onion,244,3409,13.97131148
Uttar Pradesh,MIRZAPUR,2007,Rabi,Other  Rabi pulses,4817,7216,1.498027818
Uttar Pradesh,MIRZAPUR,2007,Rabi,Potato,2074,45578,21.975892
Uttar Pradesh,MIRZAPUR,2007,Rabi,Rapeseed &Mustard,2922,1304,0.446269678
Uttar Pradesh,MIRZAPUR,2007,Rabi,Wheat,90412,172158,1.904149892
Uttar Pradesh,MIRZAPUR,2007,Summer,Onion,53,716,13.50943396
Uttar Pradesh,MIRZAPUR,2008,Kharif,Arhar/Tur,13812,13265,0.960396756
Uttar Pradesh,MIRZAPUR,2008,Kharif,Bajra,9520,9330,0.980042017
Uttar Pradesh,MIRZAPUR,2008,Kharif,Dry chillies,1413,1409,0.997169144
Uttar Pradesh,MIRZAPUR,2008,Kharif,Groundnut,2589,3917,1.512939359
Uttar Pradesh,MIRZAPUR,2008,Kharif,Guar seed,61,51,0.836065574
Uttar Pradesh,MIRZAPUR,2008,Kharif,Jowar,3260,4690,1.438650307
Uttar Pradesh,MIRZAPUR,2008,Kharif,Maize,1332,771,0.578828829
Uttar Pradesh,MIRZAPUR,2008,Kharif,Moong(Green Gram),132,49,0.371212121
Uttar Pradesh,MIRZAPUR,2008,Kharif,Rice,108567,221368,2.038998959
Uttar Pradesh,MIRZAPUR,2008,Kharif,Sannhamp,116,37,0.318965517
Uttar Pradesh,MIRZAPUR,2008,Kharif,Sesamum,1143,216,0.188976378
Uttar Pradesh,MIRZAPUR,2008,Kharif,Small millets,871,601,0.690011481
Uttar Pradesh,MIRZAPUR,2008,Kharif,Sugarcane,678,35474,52.32153392
Uttar Pradesh,MIRZAPUR,2008,Kharif,Urad,608,317,0.521381579
Uttar Pradesh,MIRZAPUR,2008,Rabi,Barley,5157,5499,1.066317627
Uttar Pradesh,MIRZAPUR,2008,Rabi,Coriander,9,5,0.555555556
Uttar Pradesh,MIRZAPUR,2008,Rabi,Garlic,1,6,6
Uttar Pradesh,MIRZAPUR,2008,Rabi,Gram,14223,13631,0.958377276
Uttar Pradesh,MIRZAPUR,2008,Rabi,Linseed,2620,883,0.337022901
Uttar Pradesh,MIRZAPUR,2008,Rabi,Maize,16,42,2.625
Uttar Pradesh,MIRZAPUR,2008,Rabi,Masoor,6167,4619,0.748986541
Uttar Pradesh,MIRZAPUR,2008,Rabi,Onion,243,2849,11.72427984
Uttar Pradesh,MIRZAPUR,2008,Rabi,Peas & beans (Pulses),3830,5328,1.391122715
Uttar Pradesh,MIRZAPUR,2008,Rabi,Potato,2051,42043,20.49878108
Uttar Pradesh,MIRZAPUR,2008,Rabi,Rapeseed &Mustard,2474,1450,0.586095392
Uttar Pradesh,MIRZAPUR,2008,Rabi,Wheat,94972,187259,1.971728509
Uttar Pradesh,MIRZAPUR,2008,Summer,Banana,1,38,38
Uttar Pradesh,MIRZAPUR,2008,Summer,Moong(Green Gram),3,2,0.666666667
Uttar Pradesh,MIRZAPUR,2009,Kharif,Arhar/Tur,13659,5178,0.379090709
Uttar Pradesh,MIRZAPUR,2009,Kharif,Bajra,9249,11661,1.26078495
Uttar Pradesh,MIRZAPUR,2009,Kharif,Dry chillies,1168,1029,0.880993151
Uttar Pradesh,MIRZAPUR,2009,Kharif,Groundnut,2334,2971,1.272922022
Uttar Pradesh,MIRZAPUR,2009,Kharif,Guar seed,58,49,0.844827586
Uttar Pradesh,MIRZAPUR,2009,Kharif,Jowar,3949,4075,1.031906812
Uttar Pradesh,MIRZAPUR,2009,Kharif,Maize,1749,1196,0.683819325
Uttar Pradesh,MIRZAPUR,2009,Kharif,Moong(Green Gram),119,18,0.151260504
Uttar Pradesh,MIRZAPUR,2009,Kharif,Rice,61987,96080,1.55000242
Uttar Pradesh,MIRZAPUR,2009,Kharif,Sannhamp,66,12,0.181818182
Uttar Pradesh,MIRZAPUR,2009,Kharif,Sesamum,1613,211,0.130812151
Uttar Pradesh,MIRZAPUR,2009,Kharif,Small millets,460,196,0.426086957
Uttar Pradesh,MIRZAPUR,2009,Kharif,Sugarcane,1696,86564,51.04009434
Uttar Pradesh,MIRZAPUR,2009,Kharif,Sweet potato,1,14,14
Uttar Pradesh,MIRZAPUR,2009,Kharif,Urad,822,376,0.457420925
Uttar Pradesh,MIRZAPUR,2009,Rabi,Barley,5020,4256,0.847808765
Uttar Pradesh,MIRZAPUR,2009,Rabi,Coriander,8,5,0.625
Uttar Pradesh,MIRZAPUR,2009,Rabi,Garlic,1,5,5
Uttar Pradesh,MIRZAPUR,2009,Rabi,Gram,14136,12639,0.89410017
Uttar Pradesh,MIRZAPUR,2009,Rabi,Linseed,3421,1482,0.433206665
Uttar Pradesh,MIRZAPUR,2009,Rabi,Maize,34,104,3.058823529
Uttar Pradesh,MIRZAPUR,2009,Rabi,Masoor,4948,3968,0.801940178
Uttar Pradesh,MIRZAPUR,2009,Rabi,Onion,249,4114,16.52208835
Uttar Pradesh,MIRZAPUR,2009,Rabi,Peas & beans (Pulses),3978,5963,1.49899447
Uttar Pradesh,MIRZAPUR,2009,Rabi,Potato,1679,41750,24.86599166
Uttar Pradesh,MIRZAPUR,2009,Rabi,Rapeseed &Mustard,2571,1670,0.649552703
Uttar Pradesh,MIRZAPUR,2009,Rabi,Turmeric,3,10,3.333333333
Uttar Pradesh,MIRZAPUR,2009,Rabi,Wheat,94173,187454,1.990528071
Uttar Pradesh,MIRZAPUR,2009,Summer,Banana,1,41,41
Uttar Pradesh,MIRZAPUR,2009,Summer,Maize,2,3,1.5
Uttar Pradesh,MIRZAPUR,2009,Summer,Moong(Green Gram),13,10,0.769230769
Uttar Pradesh,MIRZAPUR,2009,Summer,Onion,49,681,13.89795918
Uttar Pradesh,MIRZAPUR,2009,Summer,Urad,12,7,0.583333333
Uttar Pradesh,MIRZAPUR,2010,Kharif,Arhar/Tur,13063,11080,0.848197198
Uttar Pradesh,MIRZAPUR,2010,Kharif,Bajra,10446,14564,1.394217882
Uttar Pradesh,MIRZAPUR,2010,Kharif,Dry chillies,716,627,0.875698324
Uttar Pradesh,MIRZAPUR,2010,Kharif,Groundnut,2480,4293,1.731048387
Uttar Pradesh,MIRZAPUR,2010,Kharif,Guar seed,56,47,0.839285714
Uttar Pradesh,MIRZAPUR,2010,Kharif,Jowar,3139,2517,0.801847722
Uttar Pradesh,MIRZAPUR,2010,Kharif,Maize,1360,702,0.516176471
Uttar Pradesh,MIRZAPUR,2010,Kharif,Moong(Green Gram),83,39,0.469879518
Uttar Pradesh,MIRZAPUR,2010,Kharif,Rice,64224,132879,2.0689929
Uttar Pradesh,MIRZAPUR,2010,Kharif,Sannhamp,55,18,0.327272727
Uttar Pradesh,MIRZAPUR,2010,Kharif,Sesamum,1702,155,0.09106933
Uttar Pradesh,MIRZAPUR,2010,Kharif,Small millets,2,1,0.5
Uttar Pradesh,MIRZAPUR,2010,Kharif,Sugarcane,1817,97202,53.49587232
Uttar Pradesh,MIRZAPUR,2010,Kharif,Urad,785,455,0.579617834
Uttar Pradesh,MIRZAPUR,2010,Rabi,Barley,4701,6440,1.369921293
Uttar Pradesh,MIRZAPUR,2010,Rabi,Gram,13222,13372,1.011344728
Uttar Pradesh,MIRZAPUR,2010,Rabi,Linseed,4047,1562,0.385964912
Uttar Pradesh,MIRZAPUR,2010,Rabi,Maize,55,165,3
Uttar Pradesh,MIRZAPUR,2010,Rabi,Masoor,4693,2736,0.582995951
Uttar Pradesh,MIRZAPUR,2010,Rabi,Onion,233,4289,18.40772532
Uttar Pradesh,MIRZAPUR,2010,Rabi,Peas & beans (Pulses),3644,6045,1.658891328
Uttar Pradesh,MIRZAPUR,2010,Rabi,Potato,1685,41106,24.39525223
Uttar Pradesh,MIRZAPUR,2010,Rabi,Rapeseed &Mustard,2521,1366,0.541848473
Uttar Pradesh,MIRZAPUR,2010,Rabi,Wheat,97121,224822,2.314864962
Uttar Pradesh,MIRZAPUR,2010,Summer,Moong(Green Gram),3,3,1
Uttar Pradesh,MIRZAPUR,2010,Summer,Urad,5,3,0.6
Uttar Pradesh,MIRZAPUR,2011,Kharif,Arhar/Tur,10546,10384,0.984638726
Uttar Pradesh,MIRZAPUR,2011,Kharif,Bajra,8687,15700,1.807298262
Uttar Pradesh,MIRZAPUR,2011,Kharif,Dry chillies,829,688,0.829915561
Uttar Pradesh,MIRZAPUR,2011,Kharif,Groundnut,2222,4931,2.219171917
Uttar Pradesh,MIRZAPUR,2011,Kharif,Guar seed,65,53,0.815384615
Uttar Pradesh,MIRZAPUR,2011,Kharif,Jowar,2681,2662,0.992913092
Uttar Pradesh,MIRZAPUR,2011,Kharif,Maize,1220,755,0.618852459
Uttar Pradesh,MIRZAPUR,2011,Kharif,Moong(Green Gram),94,40,0.425531915
Uttar Pradesh,MIRZAPUR,2011,Kharif,Rice,91949,199897,2.17399863
Uttar Pradesh,MIRZAPUR,2011,Kharif,Sannhamp,76,21,0.276315789
Uttar Pradesh,MIRZAPUR,2011,Kharif,Sesamum,1660,138,0.08313253
Uttar Pradesh,MIRZAPUR,2011,Kharif,Small millets,7,7,1
Uttar Pradesh,MIRZAPUR,2011,Kharif,Sugarcane,1697,94442,55.65232764
Uttar Pradesh,MIRZAPUR,2011,Kharif,Urad,586,308,0.52559727
Uttar Pradesh,MIRZAPUR,2011,Rabi,Barley,3980,8274,2.078894472
Uttar Pradesh,MIRZAPUR,2011,Rabi,Garlic,4,21,5.25
Uttar Pradesh,MIRZAPUR,2011,Rabi,Gram,13326,14559,1.092525889
Uttar Pradesh,MIRZAPUR,2011,Rabi,Linseed,3568,1577,0.441984305
Uttar Pradesh,MIRZAPUR,2011,Rabi,Maize,222,529,2.382882883
Uttar Pradesh,MIRZAPUR,2011,Rabi,Masoor,6024,5849,0.970949535
Uttar Pradesh,MIRZAPUR,2011,Rabi,Onion,271,6199,22.87453875
Uttar Pradesh,MIRZAPUR,2011,Rabi,Peas & beans (Pulses),3144,3697,1.175890585
Uttar Pradesh,MIRZAPUR,2011,Rabi,Potato,1877,35425,18.87320192
Uttar Pradesh,MIRZAPUR,2011,Rabi,Rapeseed &Mustard,2461,1526,0.620073141
Uttar Pradesh,MIRZAPUR,2011,Rabi,Wheat,98230,241442,2.457925277
Uttar Pradesh,MIRZAPUR,2011,Summer,Moong(Green Gram),4,3,0.75
Uttar Pradesh,MIRZAPUR,2011,Summer,Onion,66,715,10.83333333
Uttar Pradesh,MIRZAPUR,2011,Summer,Urad,6,4,0.666666667
Uttar Pradesh,MIRZAPUR,2012,Kharif,Arhar/Tur,12968,13863,1.069016039
Uttar Pradesh,MIRZAPUR,2012,Kharif,Bajra,9573,13046,1.362791184
Uttar Pradesh,MIRZAPUR,2012,Kharif,Dry chillies,1071,860,0.802987862
Uttar Pradesh,MIRZAPUR,2012,Kharif,Groundnut,2719,4989,1.834865759
Uttar Pradesh,MIRZAPUR,2012,Kharif,Guar seed,61,50,0.819672131
Uttar Pradesh,MIRZAPUR,2012,Kharif,Jowar,3457,3267,0.945039051
Uttar Pradesh,MIRZAPUR,2012,Kharif,Maize,1216,1168,0.960526316
Uttar Pradesh,MIRZAPUR,2012,Kharif,Moong(Green Gram),88,44,0.5
Uttar Pradesh,MIRZAPUR,2012,Kharif,Rice,89158,208630,2.34000314
Uttar Pradesh,MIRZAPUR,2012,Kharif,Sannhamp,91,34,0.373626374
Uttar Pradesh,MIRZAPUR,2012,Kharif,Sesamum,1538,137,0.089076723
Uttar Pradesh,MIRZAPUR,2012,Kharif,Sugarcane,1444,78328,54.24376731
Uttar Pradesh,MIRZAPUR,2012,Kharif,Urad,695,593,0.85323741
Uttar Pradesh,MIRZAPUR,2012,Rabi,Barley,3590,5381,1.498885794
Uttar Pradesh,MIRZAPUR,2012,Rabi,Gram,13516,15544,1.150044392
Uttar Pradesh,MIRZAPUR,2012,Rabi,Linseed,3498,1406,0.401943968
Uttar Pradesh,MIRZAPUR,2012,Rabi,Maize,17,53,3.117647059
Uttar Pradesh,MIRZAPUR,2012,Rabi,Masoor,4887,4042,0.827092286
Uttar Pradesh,MIRZAPUR,2012,Rabi,Onion,282,6487,23.0035461
Uttar Pradesh,MIRZAPUR,2012,Rabi,Peas & beans (Pulses),3447,4819,1.39802727
Uttar Pradesh,MIRZAPUR,2012,Rabi,Potato,1865,45417,24.35227882
Uttar Pradesh,MIRZAPUR,2012,Rabi,Rapeseed &Mustard,2399,1307,0.544810338
Uttar Pradesh,MIRZAPUR,2012,Rabi,Turmeric,1,3,3
Uttar Pradesh,MIRZAPUR,2012,Rabi,Wheat,96784,253905,2.62341916
Uttar Pradesh,MIRZAPUR,2012,Summer,Maize,3,5,1.666666667
Uttar Pradesh,MIRZAPUR,2012,Summer,Moong(Green Gram),3,2,0.666666667
Uttar Pradesh,MIRZAPUR,2012,Summer,Onion,56,609,10.875
Uttar Pradesh,MIRZAPUR,2012,Summer,Urad,7,5,0.714285714
Uttar Pradesh,MIRZAPUR,2013,Kharif,Arhar/Tur,11810,11270,0.954276037
Uttar Pradesh,MIRZAPUR,2013,Kharif,Bajra,13855,16730,1.207506315
Uttar Pradesh,MIRZAPUR,2013,Kharif,Dry chillies,658,531,0.806990881
Uttar Pradesh,MIRZAPUR,2013,Kharif,Groundnut,2172,2924,1.346224678
Uttar Pradesh,MIRZAPUR,2013,Kharif,Guar seed,27,22,0.814814815
Uttar Pradesh,MIRZAPUR,2013,Kharif,Jowar,2608,2451,0.939800613
Uttar Pradesh,MIRZAPUR,2013,Kharif,Maize,1188,971,0.817340067
Uttar Pradesh,MIRZAPUR,2013,Kharif,Moong(Green Gram),86,28,0.325581395
Uttar Pradesh,MIRZAPUR,2013,Kharif,Rice,81099,186771,2.303000037
Uttar Pradesh,MIRZAPUR,2013,Kharif,Sannhamp,66,19,0.287878788
Uttar Pradesh,MIRZAPUR,2013,Kharif,Sesamum,1485,157,0.105723906
Uttar Pradesh,MIRZAPUR,2013,Kharif,Sugarcane,1718,109528,63.7532014
Uttar Pradesh,MIRZAPUR,2013,Kharif,Urad,704,627,0.890625
Uttar Pradesh,MIRZAPUR,2013,Rabi,Barley,4737,10065,2.124762508
Uttar Pradesh,MIRZAPUR,2013,Rabi,Gram,9852,11116,1.128298823
Uttar Pradesh,MIRZAPUR,2013,Rabi,Linseed,3629,1604,0.44199504
Uttar Pradesh,MIRZAPUR,2013,Rabi,Maize,76,270,3.552631579
Uttar Pradesh,MIRZAPUR,2013,Rabi,Masoor,8031,5461,0.679990039
Uttar Pradesh,MIRZAPUR,2013,Rabi,Onion,260,5288,20.33846154
Uttar Pradesh,MIRZAPUR,2013,Rabi,Peas & beans (Pulses),4354,4916,1.129076711
Uttar Pradesh,MIRZAPUR,2013,Rabi,Potato,1842,38986,21.165038
Uttar Pradesh,MIRZAPUR,2013,Rabi,Rapeseed &Mustard,2695,2151,0.798144712
Uttar Pradesh,MIRZAPUR,2013,Rabi,Wheat,97530,248407,2.546980416
Uttar Pradesh,MIRZAPUR,2013,Summer,Banana,1,44,44
Uttar Pradesh,MIRZAPUR,2013,Summer,Moong(Green Gram),5,4,0.8
Uttar Pradesh,MIRZAPUR,2013,Summer,Onion,85,1143,13.44705882
Uttar Pradesh,MIRZAPUR,2013,Summer,Urad,6,3,0.5
Uttar Pradesh,MIRZAPUR,2014,Kharif,Arhar/Tur,12636,10257,0.811728395
Uttar Pradesh,MIRZAPUR,2014,Kharif,Bajra,8430,10942,1.297983393
Uttar Pradesh,MIRZAPUR,2014,Kharif,Dry chillies,658,543,0.825227964
Uttar Pradesh,MIRZAPUR,2014,Kharif,Groundnut,143,234,1.636363636
Uttar Pradesh,MIRZAPUR,2014,Kharif,Guar seed,53,43,0.811320755
Uttar Pradesh,MIRZAPUR,2014,Kharif,Jowar,3947,4465,1.131238916
Uttar Pradesh,MIRZAPUR,2014,Kharif,Maize,1343,1530,1.139240506
Uttar Pradesh,MIRZAPUR,2014,Kharif,Moong(Green Gram),124,40,0.322580645
Uttar Pradesh,MIRZAPUR,2014,Kharif,Rice,81132,187821,2.315005177
Uttar Pradesh,MIRZAPUR,2014,Kharif,Sannhamp,84,32,0.380952381
Uttar Pradesh,MIRZAPUR,2014,Kharif,Sesamum,1514,347,0.229194188
Uttar Pradesh,MIRZAPUR,2014,Kharif,Sugarcane,1596,104987,65.78132832
Uttar Pradesh,MIRZAPUR,2014,Kharif,Urad,656,461,0.702743902
Uttar Pradesh,MIRZAPUR,2014,Rabi,Barley,3697,5754,1.556397079
Uttar Pradesh,MIRZAPUR,2014,Rabi,Gram,12948,12987,1.003012048
Uttar Pradesh,MIRZAPUR,2014,Rabi,Linseed,3278,1898,0.579011592
Uttar Pradesh,MIRZAPUR,2014,Rabi,Maize,11,26,2.363636364
Uttar Pradesh,MIRZAPUR,2014,Rabi,Masoor,3848,2709,0.704002079
Uttar Pradesh,MIRZAPUR,2014,Rabi,Onion,327,5003,15.29969419
Uttar Pradesh,MIRZAPUR,2014,Rabi,Peas & beans (Pulses),3158,3935,1.246041799
Uttar Pradesh,MIRZAPUR,2014,Rabi,Potato,1714,57520,33.55892649
Uttar Pradesh,MIRZAPUR,2014,Rabi,Rapeseed &Mustard,2458,1551,0.631000814
Uttar Pradesh,MIRZAPUR,2014,Rabi,Wheat,98339,174733,1.776843368
Uttar Pradesh,MIRZAPUR,2014,Summer,Moong(Green Gram),5,4,0.8
Uttar Pradesh,MIRZAPUR,2014,Summer,Onion,91,1376,15.12087912
Uttar Pradesh,MIRZAPUR,2014,Summer,Urad,6,3,0.5
Uttar Pradesh,MORADABAD,1997,Kharif,Arhar/Tur,648,446,0.688271605
Uttar Pradesh,MORADABAD,1997,Kharif,Bajra,39670,45263,1.140988152
Uttar Pradesh,MORADABAD,1997,Kharif,Groundnut,3,3,1
Uttar Pradesh,MORADABAD,1997,Kharif,Jowar,2248,2431,1.081405694
Uttar Pradesh,MORADABAD,1997,Kharif,Maize,2576,4521,1.755046584
Uttar Pradesh,MORADABAD,1997,Kharif,Moong(Green Gram),80,23,0.2875
Uttar Pradesh,MORADABAD,1997,Kharif,Moth,2,1,0.5
Uttar Pradesh,MORADABAD,1997,Kharif,Oilseeds total,11534,6406,0.555401422
Uttar Pradesh,MORADABAD,1997,Kharif,Onion,389,3846,9.88688946
Uttar Pradesh,MORADABAD,1997,Kharif,Rice,108473,266267,2.454684576
Uttar Pradesh,MORADABAD,1997,Kharif,Sesamum,245,33,0.134693878
Uttar Pradesh,MORADABAD,1997,Kharif,Small millets,5,3,0.6
Uttar Pradesh,MORADABAD,1997,Kharif,Total foodgrain,326554,198143,0.606769478
Uttar Pradesh,MORADABAD,1997,Kharif,Urad,2185,1505,0.688787185
Uttar Pradesh,MORADABAD,1997,Rabi,Barley,322,773,2.400621118
Uttar Pradesh,MORADABAD,1997,Rabi,Gram,189,162,0.857142857
Uttar Pradesh,MORADABAD,1997,Rabi,Masoor,1760,1323,0.751704545
Uttar Pradesh,MORADABAD,1997,Rabi,Peas & beans (Pulses),551,716,1.299455535
Uttar Pradesh,MORADABAD,1997,Rabi,Rapeseed &Mustard,11261,6337,0.562738656
Uttar Pradesh,MORADABAD,1997,Rabi,Sunflower,25,33,1.32
Uttar Pradesh,MORADABAD,1997,Rabi,Wheat,167350,474190,2.833522558
Uttar Pradesh,MORADABAD,1997,Summer,Maize,253,400,1.581027668
Uttar Pradesh,MORADABAD,1997,Summer,Moong(Green Gram),119,51,0.428571429
Uttar Pradesh,MORADABAD,1997,Summer,Rice,2,5,2.5
Uttar Pradesh,MORADABAD,1997,Summer,Urad,109,51,0.467889908
Uttar Pradesh,MORADABAD,1997,Whole Year,Potato,8746,134094,15.3320375
Uttar Pradesh,MORADABAD,1997,Whole Year,Sugarcane,58797,3874370,65.8940082
Uttar Pradesh,MORADABAD,1998,Kharif,Arhar/Tur,617,614,0.995137763
Uttar Pradesh,MORADABAD,1998,Kharif,Bajra,36299,37536,1.034078074
Uttar Pradesh,MORADABAD,1998,Kharif,Cotton(lint),1,,
Uttar Pradesh,MORADABAD,1998,Kharif,Groundnut,1,1,1
Uttar Pradesh,MORADABAD,1998,Kharif,Jowar,2458,1956,0.795768918
Uttar Pradesh,MORADABAD,1998,Kharif,Maize,2164,2402,1.109981516
Uttar Pradesh,MORADABAD,1998,Kharif,Moong(Green Gram),232,50,0.215517241
Uttar Pradesh,MORADABAD,1998,Kharif,Moth,1,,
Uttar Pradesh,MORADABAD,1998,Kharif,Rice,113283,242782,2.143145927
Uttar Pradesh,MORADABAD,1998,Kharif,Sesamum,98,6,0.06122449
Uttar Pradesh,MORADABAD,1998,Kharif,Small millets,1,1,1
Uttar Pradesh,MORADABAD,1998,Kharif,Urad,1928,609,0.315871369
Uttar Pradesh,MORADABAD,1998,Rabi,Barley,319,760,2.382445141
Uttar Pradesh,MORADABAD,1998,Rabi,Gram,121,107,0.884297521
Uttar Pradesh,MORADABAD,1998,Rabi,Masoor,1891,1161,0.613960867
Uttar Pradesh,MORADABAD,1998,Rabi,Peas & beans (Pulses),528,541,1.024621212
Uttar Pradesh,MORADABAD,1998,Rabi,Rapeseed &Mustard,8378,5894,0.703509191
Uttar Pradesh,MORADABAD,1998,Rabi,Sunflower,14,15,1.071428571
Uttar Pradesh,MORADABAD,1998,Rabi,Wheat,170143,479685,2.819304938
Uttar Pradesh,MORADABAD,1998,Summer,Maize,363,368,1.013774105
Uttar Pradesh,MORADABAD,1998,Summer,Moong(Green Gram),19,10,0.526315789
Uttar Pradesh,MORADABAD,1998,Summer,Rice,3,6,2
Uttar Pradesh,MORADABAD,1998,Summer,Urad,26,12,0.461538462
Uttar Pradesh,MORADABAD,1998,Whole Year,Onion,370,4494,12.14594595
Uttar Pradesh,MORADABAD,1998,Whole Year,Potato,9631,268223,27.84996366
Uttar Pradesh,MORADABAD,1998,Whole Year,Sannhamp,7,2,0.285714286
Uttar Pradesh,MORADABAD,1998,Whole Year,Sugarcane,57258,3797809,66.32800657
Uttar Pradesh,MORADABAD,1998,Whole Year,Tobacco,131,823,6.282442748
Uttar Pradesh,MORADABAD,1998,Whole Year,Turmeric,7,13,1.857142857
Uttar Pradesh,MORADABAD,1999,Kharif,Arhar/Tur,585,691,1.181196581
Uttar Pradesh,MORADABAD,1999,Kharif,Bajra,37278,32374,0.868447878
Uttar Pradesh,MORADABAD,1999,Kharif,Jowar,2230,1866,0.8367713
Uttar Pradesh,MORADABAD,1999,Kharif,Maize,2392,3667,1.533026756
Uttar Pradesh,MORADABAD,1999,Kharif,Moong(Green Gram),69,19,0.275362319
Uttar Pradesh,MORADABAD,1999,Kharif,Rice,128647,279097,2.169479273
Uttar Pradesh,MORADABAD,1999,Kharif,Sunflower,4,4,1
Uttar Pradesh,MORADABAD,1999,Kharif,Urad,1867,1155,0.618639529
Uttar Pradesh,MORADABAD,1999,Rabi,Barley,278,702,2.525179856
Uttar Pradesh,MORADABAD,1999,Rabi,Gram,120,117,0.975
Uttar Pradesh,MORADABAD,1999,Rabi,Maize,235,340,1.446808511
Uttar Pradesh,MORADABAD,1999,Rabi,Rapeseed &Mustard,9222,8743,0.948058989
Uttar Pradesh,MORADABAD,1999,Rabi,Wheat,181446,561816,3.09632618
Uttar Pradesh,MORADABAD,1999,Summer,Moong(Green Gram),25,14,0.56
Uttar Pradesh,MORADABAD,1999,Summer,Rice,5,11,2.2
Uttar Pradesh,MORADABAD,1999,Summer,Urad,22,11,0.5
Uttar Pradesh,MORADABAD,1999,Whole Year,Onion,488,6879,14.09631148
Uttar Pradesh,MORADABAD,1999,Whole Year,Peas & beans (Pulses),481,870,1.808731809
Uttar Pradesh,MORADABAD,1999,Whole Year,Potato,9897,220426,22.27200162
Uttar Pradesh,MORADABAD,1999,Whole Year,Sugarcane,72143,3910728,54.20800355
Uttar Pradesh,MORADABAD,1999,Whole Year,Tobacco,86,392,4.558139535
Uttar Pradesh,MORADABAD,1999,Whole Year,Turmeric,14,22,1.571428571
Uttar Pradesh,MORADABAD,2000,Kharif,Arhar/Tur,735,815,1.108843537
Uttar Pradesh,MORADABAD,2000,Kharif,Bajra,36389,43824,1.204319987
Uttar Pradesh,MORADABAD,2000,Kharif,Jowar,1449,1019,0.703243616
Uttar Pradesh,MORADABAD,2000,Kharif,Maize,2050,2688,1.311219512
Uttar Pradesh,MORADABAD,2000,Kharif,Moong(Green Gram),53,16,0.301886792
Uttar Pradesh,MORADABAD,2000,Kharif,Rice,134465,308851,2.296887666
Uttar Pradesh,MORADABAD,2000,Kharif,Sesamum,286,46,0.160839161
Uttar Pradesh,MORADABAD,2000,Kharif,Small millets,1,1,1
Uttar Pradesh,MORADABAD,2000,Kharif,Urad,2826,2325,0.822717622
Uttar Pradesh,MORADABAD,2000,Rabi,Barley,334,761,2.278443114
Uttar Pradesh,MORADABAD,2000,Rabi,Gram,125,107,0.856
Uttar Pradesh,MORADABAD,2000,Rabi,Linseed,1,0.1,0.1
Uttar Pradesh,MORADABAD,2000,Rabi,Maize,391,634,1.621483376
Uttar Pradesh,MORADABAD,2000,Rabi,Masoor,2951,2812,0.952897323
Uttar Pradesh,MORADABAD,2000,Rabi,Moong(Green Gram),27,12,0.444444444
Uttar Pradesh,MORADABAD,2000,Rabi,Peas & beans (Pulses),461,476,1.032537961
Uttar Pradesh,MORADABAD,2000,Rabi,Rapeseed &Mustard,7857,7427,0.945271732
Uttar Pradesh,MORADABAD,2000,Rabi,Urad,32,15,0.46875
Uttar Pradesh,MORADABAD,2000,Rabi,Wheat,196895,623383,3.166068209
Uttar Pradesh,MORADABAD,2000,Summer,Rice,1,2,2
Uttar Pradesh,MORADABAD,2000,Whole Year,Potato,8239,227899,27.66100255
Uttar Pradesh,MORADABAD,2000,Whole Year,Sugarcane,66451,3476451,52.31600728
Uttar Pradesh,MORADABAD,2000,Whole Year,Turmeric,11,19,1.727272727
Uttar Pradesh,MORADABAD,2001,Kharif,Arhar/Tur,1339,1221,0.911874533
Uttar Pradesh,MORADABAD,2001,Kharif,Bajra,34917,36342,1.040811066
Uttar Pradesh,MORADABAD,2001,Kharif,Groundnut,40,34,0.85
Uttar Pradesh,MORADABAD,2001,Kharif,Jowar,1183,1231,1.04057481
Uttar Pradesh,MORADABAD,2001,Kharif,Maize,2363,3556,1.504866695
Uttar Pradesh,MORADABAD,2001,Kharif,Moong(Green Gram),121,33,0.272727273
Uttar Pradesh,MORADABAD,2001,Kharif,Rice,136399,314024,2.302245618
Uttar Pradesh,MORADABAD,2001,Kharif,Sesamum,454,113,0.248898678
Uttar Pradesh,MORADABAD,2001,Kharif,Small millets,4,4,1
Uttar Pradesh,MORADABAD,2001,Kharif,Sunflower,2,2,1
Uttar Pradesh,MORADABAD,2001,Kharif,Urad,10458,4267,0.408013004
Uttar Pradesh,MORADABAD,2001,Rabi,Barley,318,786,2.471698113
Uttar Pradesh,MORADABAD,2001,Rabi,Gram,115,115,1
Uttar Pradesh,MORADABAD,2001,Rabi,Maize,708,1153,1.628531073
Uttar Pradesh,MORADABAD,2001,Rabi,Masoor,4026,3997,0.992796821
Uttar Pradesh,MORADABAD,2001,Rabi,Moong(Green Gram),22,11,0.5
Uttar Pradesh,MORADABAD,2001,Rabi,Peas & beans (Pulses),561,678,1.20855615
Uttar Pradesh,MORADABAD,2001,Rabi,Rapeseed &Mustard,8550,8710,1.01871345
Uttar Pradesh,MORADABAD,2001,Rabi,Urad,39,19,0.487179487
Uttar Pradesh,MORADABAD,2001,Rabi,Wheat,197483,623133,3.155375399
Uttar Pradesh,MORADABAD,2001,Whole Year,Potato,8545,188161,22.0200117
Uttar Pradesh,MORADABAD,2001,Whole Year,Sugarcane,66165,3564706,53.87600695
Uttar Pradesh,MORADABAD,2001,Whole Year,Tobacco,1,6,6
Uttar Pradesh,MORADABAD,2001,Whole Year,Turmeric,4,7,1.75
Uttar Pradesh,MORADABAD,2002,Kharif,Bajra,35917,34904,0.971796085
Uttar Pradesh,MORADABAD,2002,Kharif,Groundnut,3,2,0.666666667
Uttar Pradesh,MORADABAD,2002,Kharif,Jowar,929,811,0.872981701
Uttar Pradesh,MORADABAD,2002,Kharif,Maize,1655,1630,0.98489426
Uttar Pradesh,MORADABAD,2002,Kharif,Moong(Green Gram),158,45,0.284810127
Uttar Pradesh,MORADABAD,2002,Kharif,Moth,2,1,0.5
Uttar Pradesh,MORADABAD,2002,Kharif,Rice,96795,215401,2.225331887
Uttar Pradesh,MORADABAD,2002,Kharif,Sesamum,295,48,0.162711864
Uttar Pradesh,MORADABAD,2002,Kharif,Small millets,2,1,0.5
Uttar Pradesh,MORADABAD,2002,Kharif,Sunflower,60,66,1.1
Uttar Pradesh,MORADABAD,2002,Kharif,Urad,20124,17105,0.849980123
Uttar Pradesh,MORADABAD,2002,Rabi,Barley,304,745,2.450657895
Uttar Pradesh,MORADABAD,2002,Rabi,Gram,44,40,0.909090909
Uttar Pradesh,MORADABAD,2002,Rabi,Maize,674,746,1.106824926
Uttar Pradesh,MORADABAD,2002,Rabi,Masoor,3201,3172,0.990940331
Uttar Pradesh,MORADABAD,2002,Rabi,Onion,67,691,10.31343284
Uttar Pradesh,MORADABAD,2002,Rabi,Peas & beans (Pulses),345,424,1.228985507
Uttar Pradesh,MORADABAD,2002,Rabi,Rapeseed &Mustard,7681,6911,0.899752636
Uttar Pradesh,MORADABAD,2002,Rabi,Wheat,195259,575001,2.944811763
Uttar Pradesh,MORADABAD,2002,Summer,Moong(Green Gram),29,17,0.586206897
Uttar Pradesh,MORADABAD,2002,Summer,Onion,235,2627,11.1787234
Uttar Pradesh,MORADABAD,2002,Summer,Rice,3,7,2.333333333
Uttar Pradesh,MORADABAD,2002,Summer,Urad,21,11,0.523809524
Uttar Pradesh,MORADABAD,2002,Whole Year,Potato,9923,281853,28.40401088
Uttar Pradesh,MORADABAD,2002,Whole Year,Sugarcane,74269,3888428,52.35600318
Uttar Pradesh,MORADABAD,2002,Whole Year,Tobacco,204,605,2.965686275
Uttar Pradesh,MORADABAD,2002,Whole Year,Turmeric,5,9,1.8
Uttar Pradesh,MORADABAD,2003,Kharif,Arhar/Tur,799,659,0.824780976
Uttar Pradesh,MORADABAD,2003,Kharif,Bajra,43206,56157,1.299750035
Uttar Pradesh,MORADABAD,2003,Kharif,Groundnut,1,1,1
Uttar Pradesh,MORADABAD,2003,Kharif,Jowar,505,627,1.241584158
Uttar Pradesh,MORADABAD,2003,Kharif,Maize,1442,2234,1.549237171
Uttar Pradesh,MORADABAD,2003,Kharif,Moong(Green Gram),192,45,0.234375
Uttar Pradesh,MORADABAD,2003,Kharif,Moth,19,7,0.368421053
Uttar Pradesh,MORADABAD,2003,Kharif,Rice,122354,291505,2.382472171
Uttar Pradesh,MORADABAD,2003,Kharif,Sesamum,364,47,0.129120879
Uttar Pradesh,MORADABAD,2003,Kharif,Soyabean,1,1,1
Uttar Pradesh,MORADABAD,2003,Kharif,Sunflower,5,8,1.6
Uttar Pradesh,MORADABAD,2003,Kharif,Urad,13465,9776,0.726030449
Uttar Pradesh,MORADABAD,2003,Rabi,Barley,314,743,2.366242038
Uttar Pradesh,MORADABAD,2003,Rabi,Gram,36,38,1.055555556
Uttar Pradesh,MORADABAD,2003,Rabi,Linseed,1,1,1
Uttar Pradesh,MORADABAD,2003,Rabi,Masoor,3567,2996,0.839921503
Uttar Pradesh,MORADABAD,2003,Rabi,Onion,99,1421,14.35353535
Uttar Pradesh,MORADABAD,2003,Rabi,Peas & beans (Pulses),306,420,1.37254902
Uttar Pradesh,MORADABAD,2003,Rabi,Ragi,2,3,1.5
Uttar Pradesh,MORADABAD,2003,Rabi,Rapeseed &Mustard,6861,6679,0.973473255
Uttar Pradesh,MORADABAD,2003,Rabi,Wheat,206414,653948,3.16813782
Uttar Pradesh,MORADABAD,2003,Summer,Maize,1249,1707,1.366693355
Uttar Pradesh,MORADABAD,2003,Summer,Moong(Green Gram),27,15,0.555555556
Uttar Pradesh,MORADABAD,2003,Summer,Onion,220,2171,9.868181818
Uttar Pradesh,MORADABAD,2003,Summer,Rice,13,31,2.384615385
Uttar Pradesh,MORADABAD,2003,Summer,Urad,24,12,0.5
Uttar Pradesh,MORADABAD,2003,Whole Year,Potato,9938,282557,28.43197827
Uttar Pradesh,MORADABAD,2003,Whole Year,Sannhamp,3,1,0.333333333
Uttar Pradesh,MORADABAD,2003,Whole Year,Sugarcane,68174,3594406,52.72400035
Uttar Pradesh,MORADABAD,2003,Whole Year,Tobacco,89,384,4.314606742
Uttar Pradesh,MORADABAD,2003,Whole Year,Turmeric,6,11,1.833333333
Uttar Pradesh,MORADABAD,2004,Kharif,Bajra,39054,34899,0.893608849
Uttar Pradesh,MORADABAD,2004,Kharif,Groundnut,1,1,1
Uttar Pradesh,MORADABAD,2004,Kharif,Jowar,541,541,1
Uttar Pradesh,MORADABAD,2004,Kharif,Maize,1539,1815,1.179337232
Uttar Pradesh,MORADABAD,2004,Kharif,Rice,138207,326147,2.359844292
Uttar Pradesh,MORADABAD,2004,Kharif,Sannhamp,14,4,0.285714286
Uttar Pradesh,MORADABAD,2004,Kharif,Sesamum,844,134,0.158767773
Uttar Pradesh,MORADABAD,2004,Kharif,Soyabean,3,1,0.333333333
Uttar Pradesh,MORADABAD,2004,Kharif,Sugarcane,59559,3760079,63.13200356
Uttar Pradesh,MORADABAD,2004,Rabi,Barley,243,513,2.111111111
Uttar Pradesh,MORADABAD,2004,Rabi,Gram,40,37,0.925
Uttar Pradesh,MORADABAD,2004,Rabi,Linseed,1,1,1
Uttar Pradesh,MORADABAD,2004,Rabi,Potato,9739,274270,28.16202896
Uttar Pradesh,MORADABAD,2004,Rabi,Rapeseed &Mustard,7973,7955,0.997742381
Uttar Pradesh,MORADABAD,2004,Rabi,Turmeric,9,16,1.777777778
Uttar Pradesh,MORADABAD,2004,Rabi,Wheat,213188,548751,2.574023866
Uttar Pradesh,MORADABAD,2004,Summer,Sunflower,5,9,1.8
Uttar Pradesh,MORADABAD,2004,Whole Year,Banana,2,73,36.5
Uttar Pradesh,MORADABAD,2004,Whole Year,Dry chillies,1024,961,0.938476563
Uttar Pradesh,MORADABAD,2004,Whole Year,Garlic,37,160,4.324324324
Uttar Pradesh,MORADABAD,2004,Whole Year,Guar seed,18,15,0.833333333
Uttar Pradesh,MORADABAD,2004,Whole Year,Onion,172,2022,11.75581395
Uttar Pradesh,MORADABAD,2004,Whole Year,Sweet potato,169,1964,11.62130178
Uttar Pradesh,MORADABAD,2004,Whole Year,Tobacco,88,356,4.045454545
Uttar Pradesh,MORADABAD,2005,Kharif,Bajra,41323,40207,0.972993248
Uttar Pradesh,MORADABAD,2005,Kharif,Jowar,443,428,0.966139955
Uttar Pradesh,MORADABAD,2005,Kharif,Maize,855,909,1.063157895
Uttar Pradesh,MORADABAD,2005,Kharif,Rice,114978,233865,2.033997808
Uttar Pradesh,MORADABAD,2005,Kharif,Sesamum,280,50,0.178571429
Uttar Pradesh,MORADABAD,2005,Kharif,Soyabean,1,1,1
Uttar Pradesh,MORADABAD,2005,Kharif,Sugarcane,68437,4085141,59.6919941
Uttar Pradesh,MORADABAD,2005,Rabi,Barley,152,309,2.032894737
Uttar Pradesh,MORADABAD,2005,Rabi,Gram,26,23,0.884615385
Uttar Pradesh,MORADABAD,2005,Rabi,Linseed,1,,
Uttar Pradesh,MORADABAD,2005,Rabi,Potato,9179,235294,25.63394705
Uttar Pradesh,MORADABAD,2005,Rabi,Rapeseed &Mustard,7095,8895,1.253699789
Uttar Pradesh,MORADABAD,2005,Rabi,Turmeric,4,18,4.5
Uttar Pradesh,MORADABAD,2005,Rabi,Wheat,199542,560114,2.806998025
Uttar Pradesh,MORADABAD,2005,Summer,Sunflower,14,20,1.428571429
Uttar Pradesh,MORADABAD,2005,Whole Year,Banana,7,267,38.14285714
Uttar Pradesh,MORADABAD,2005,Whole Year,Dry chillies,802,733,0.913965087
Uttar Pradesh,MORADABAD,2005,Whole Year,Garlic,3,13,4.333333333
Uttar Pradesh,MORADABAD,2005,Whole Year,Guar seed,34,28,0.823529412
Uttar Pradesh,MORADABAD,2005,Whole Year,Onion,306,3945,12.89215686
Uttar Pradesh,MORADABAD,2005,Whole Year,Sweet potato,139,1818,13.07913669
Uttar Pradesh,MORADABAD,2005,Whole Year,Tobacco,90,414,4.6
Uttar Pradesh,MORADABAD,2006,Kharif,Arhar/Tur,8283,5478,0.661354582
Uttar Pradesh,MORADABAD,2006,Kharif,Bajra,35686,34899,0.977946534
Uttar Pradesh,MORADABAD,2006,Kharif,Jowar,322,371,1.152173913
Uttar Pradesh,MORADABAD,2006,Kharif,Maize,1752,1685,0.961757991
Uttar Pradesh,MORADABAD,2006,Kharif,Other Kharif pulses,12921,10466,0.809999226
Uttar Pradesh,MORADABAD,2006,Kharif,Rice,138207,289405,2.093996686
Uttar Pradesh,MORADABAD,2006,Kharif,Sannhamp,67,19,0.28358209
Uttar Pradesh,MORADABAD,2006,Kharif,Sesamum,705,118,0.167375887
Uttar Pradesh,MORADABAD,2006,Kharif,Sugarcane,77814,4935275,63.42399825
Uttar Pradesh,MORADABAD,2006,Kharif,Sweet potato,180,2457,13.65
Uttar Pradesh,MORADABAD,2006,Rabi,Barley,214,462,2.158878505
Uttar Pradesh,MORADABAD,2006,Rabi,Garlic,44,193,4.386363636
Uttar Pradesh,MORADABAD,2006,Rabi,Gram,41,30,0.731707317
Uttar Pradesh,MORADABAD,2006,Rabi,Linseed,1,,
Uttar Pradesh,MORADABAD,2006,Rabi,Masoor,4852,3421,0.705070074
Uttar Pradesh,MORADABAD,2006,Rabi,Onion,64,1228,19.1875
Uttar Pradesh,MORADABAD,2006,Rabi,Other  Rabi pulses,281,272,0.96797153
Uttar Pradesh,MORADABAD,2006,Rabi,Potato,12447,357353,28.70997027
Uttar Pradesh,MORADABAD,2006,Rabi,Rapeseed &Mustard,6258,6900,1.102588686
Uttar Pradesh,MORADABAD,2006,Rabi,Turmeric,3,10,3.333333333
Uttar Pradesh,MORADABAD,2006,Rabi,Wheat,195267,592635,3.034998233
Uttar Pradesh,MORADABAD,2006,Summer,Maize,905,1200,1.325966851
Uttar Pradesh,MORADABAD,2006,Summer,Onion,211,2457,11.64454976
Uttar Pradesh,MORADABAD,2006,Summer,Rice,117,245,2.094017094
Uttar Pradesh,MORADABAD,2006,Summer,Sunflower,5,8,1.6
Uttar Pradesh,MORADABAD,2006,Summer,Tobacco,78,230,2.948717949
Uttar Pradesh,MORADABAD,2006,Whole Year,Banana,2,78,39
Uttar Pradesh,MORADABAD,2006,Whole Year,Coriander,12,6,0.5
Uttar Pradesh,MORADABAD,2006,Whole Year,Dry chillies,836,793,0.948564593
Uttar Pradesh,MORADABAD,2006,Whole Year,Guar seed,43,36,0.837209302
Uttar Pradesh,MORADABAD,2007,Kharif,Arhar/Tur,617,520,0.842787682
Uttar Pradesh,MORADABAD,2007,Kharif,Bajra,31231,38317,1.226889949
Uttar Pradesh,MORADABAD,2007,Kharif,Dry chillies,734,707,0.963215259
Uttar Pradesh,MORADABAD,2007,Kharif,Groundnut,3,2,0.666666667
Uttar Pradesh,MORADABAD,2007,Kharif,Guar seed,30,25,0.833333333
Uttar Pradesh,MORADABAD,2007,Kharif,Jowar,174,109,0.626436782
Uttar Pradesh,MORADABAD,2007,Kharif,Maize,1604,2130,1.327930175
Uttar Pradesh,MORADABAD,2007,Kharif,Moong(Green Gram),171,34,0.198830409
Uttar Pradesh,MORADABAD,2007,Kharif,Rice,139065,325690,2.341998346
Uttar Pradesh,MORADABAD,2007,Kharif,Sannhamp,1,,
Uttar Pradesh,MORADABAD,2007,Kharif,Sesamum,1447,223,0.154111956
Uttar Pradesh,MORADABAD,2007,Kharif,Sugarcane,72167,4072817,56.43600261
Uttar Pradesh,MORADABAD,2007,Kharif,Sweet potato,72,969,13.45833333
Uttar Pradesh,MORADABAD,2007,Kharif,Urad,11177,9612,0.859980317
Uttar Pradesh,MORADABAD,2007,Rabi,Barley,161,356,2.211180124
Uttar Pradesh,MORADABAD,2007,Rabi,Coriander,6,3,0.5
Uttar Pradesh,MORADABAD,2007,Rabi,Gram,28,21,0.75
Uttar Pradesh,MORADABAD,2007,Rabi,Linseed,7,2,0.285714286
Uttar Pradesh,MORADABAD,2007,Rabi,Masoor,1160,673,0.580172414
Uttar Pradesh,MORADABAD,2007,Rabi,Onion,73,1020,13.97260274
Uttar Pradesh,MORADABAD,2007,Rabi,Other  Rabi pulses,236,222,0.940677966
Uttar Pradesh,MORADABAD,2007,Rabi,Potato,10374,257057,24.77896665
Uttar Pradesh,MORADABAD,2007,Rabi,Rapeseed &Mustard,10235,12375,1.209086468
Uttar Pradesh,MORADABAD,2007,Rabi,Turmeric,6,18,3
Uttar Pradesh,MORADABAD,2007,Rabi,Wheat,205981,605172,2.937999136
Uttar Pradesh,MORADABAD,2007,Summer,Maize,1517,2180,1.437046803
Uttar Pradesh,MORADABAD,2007,Summer,Onion,100,1350,13.5
Uttar Pradesh,MORADABAD,2007,Summer,Sunflower,4,11,2.75
Uttar Pradesh,MORADABAD,2007,Summer,Tobacco,109,271,2.486238532
Uttar Pradesh,MORADABAD,2007,Summer,Urad,23,13,0.565217391
Uttar Pradesh,MORADABAD,2008,Kharif,Arhar/Tur,196,159,0.81122449
Uttar Pradesh,MORADABAD,2008,Kharif,Bajra,28531,30632,1.073639199
Uttar Pradesh,MORADABAD,2008,Kharif,Dry chillies,851,848,0.996474736
Uttar Pradesh,MORADABAD,2008,Kharif,Groundnut,4,4,1
Uttar Pradesh,MORADABAD,2008,Kharif,Guar seed,42,35,0.833333333
Uttar Pradesh,MORADABAD,2008,Kharif,Jowar,36,64,1.777777778
Uttar Pradesh,MORADABAD,2008,Kharif,Maize,1079,1412,1.308619092
Uttar Pradesh,MORADABAD,2008,Kharif,Moong(Green Gram),211,78,0.369668246
Uttar Pradesh,MORADABAD,2008,Kharif,Rice,136178,302043,2.218001439
Uttar Pradesh,MORADABAD,2008,Kharif,Sesamum,885,146,0.164971751
Uttar Pradesh,MORADABAD,2008,Kharif,Sugarcane,58520,3175997,54.27199248
Uttar Pradesh,MORADABAD,2008,Kharif,Sweet potato,41,504,12.29268293
Uttar Pradesh,MORADABAD,2008,Kharif,Urad,12361,11001,0.889976539
Uttar Pradesh,MORADABAD,2008,Rabi,Barley,157,365,2.324840764
Uttar Pradesh,MORADABAD,2008,Rabi,Coriander,8,5,0.625
Uttar Pradesh,MORADABAD,2008,Rabi,Garlic,62,365,5.887096774
Uttar Pradesh,MORADABAD,2008,Rabi,Gram,54,53,0.981481481
Uttar Pradesh,MORADABAD,2008,Rabi,Masoor,1590,1242,0.781132075
Uttar Pradesh,MORADABAD,2008,Rabi,Onion,63,738,11.71428571
Uttar Pradesh,MORADABAD,2008,Rabi,Peas & beans (Pulses),350,422,1.205714286
Uttar Pradesh,MORADABAD,2008,Rabi,Potato,11475,244326,21.29202614
Uttar Pradesh,MORADABAD,2008,Rabi,Rapeseed &Mustard,10400,11220,1.078846154
Uttar Pradesh,MORADABAD,2008,Rabi,Wheat,200496,646600,3.225001995
Uttar Pradesh,MORADABAD,2008,Summer,Banana,7,267,38.14285714
Uttar Pradesh,MORADABAD,2008,Summer,Maize,1880,2812,1.495744681
Uttar Pradesh,MORADABAD,2008,Summer,Moong(Green Gram),2,2,1
Uttar Pradesh,MORADABAD,2008,Summer,Rice,369,818,2.216802168
Uttar Pradesh,MORADABAD,2008,Summer,Sunflower,2,4,2
Uttar Pradesh,MORADABAD,2008,Summer,Tobacco,118,268,2.271186441
Uttar Pradesh,MORADABAD,2008,Summer,Urad,5,3,0.6
Uttar Pradesh,MORADABAD,2009,Kharif,Arhar/Tur,735,494,0.672108844
Uttar Pradesh,MORADABAD,2009,Kharif,Bajra,42149,53201,1.262212627
Uttar Pradesh,MORADABAD,2009,Kharif,Dry chillies,850,749,0.881176471
Uttar Pradesh,MORADABAD,2009,Kharif,Groundnut,100,67,0.67
Uttar Pradesh,MORADABAD,2009,Kharif,Guar seed,33,28,0.848484848
Uttar Pradesh,MORADABAD,2009,Kharif,Jowar,107,102,0.953271028
Uttar Pradesh,MORADABAD,2009,Kharif,Maize,2148,3209,1.493947858
Uttar Pradesh,MORADABAD,2009,Kharif,Moong(Green Gram),191,28,0.146596859
Uttar Pradesh,MORADABAD,2009,Kharif,Rice,120321,279506,2.323002635
Uttar Pradesh,MORADABAD,2009,Kharif,Sesamum,912,95,0.104166667
Uttar Pradesh,MORADABAD,2009,Kharif,Sugarcane,62780,3526478,56.17199745
Uttar Pradesh,MORADABAD,2009,Kharif,Sweet potato,82,1115,13.59756098
Uttar Pradesh,MORADABAD,2009,Kharif,Urad,17779,15628,0.879014568
Uttar Pradesh,MORADABAD,2009,Rabi,Barley,94,216,2.29787234
Uttar Pradesh,MORADABAD,2009,Rabi,Coriander,4,2,0.5
Uttar Pradesh,MORADABAD,2009,Rabi,Garlic,34,181,5.323529412
Uttar Pradesh,MORADABAD,2009,Rabi,Gram,22,18,0.818181818
Uttar Pradesh,MORADABAD,2009,Rabi,Masoor,1115,896,0.803587444
Uttar Pradesh,MORADABAD,2009,Rabi,Onion,39,670,17.17948718
Uttar Pradesh,MORADABAD,2009,Rabi,Peas & beans (Pulses),222,285,1.283783784
Uttar Pradesh,MORADABAD,2009,Rabi,Potato,8848,216245,24.43998644
Uttar Pradesh,MORADABAD,2009,Rabi,Rapeseed &Mustard,6319,7144,1.130558633
Uttar Pradesh,MORADABAD,2009,Rabi,Turmeric,16,53,3.3125
Uttar Pradesh,MORADABAD,2009,Rabi,Wheat,204774,611865,2.988001406
Uttar Pradesh,MORADABAD,2009,Summer,Banana,4,164,41
Uttar Pradesh,MORADABAD,2009,Summer,Maize,1911,2780,1.45473574
Uttar Pradesh,MORADABAD,2009,Summer,Onion,175,2431,13.89142857
Uttar Pradesh,MORADABAD,2009,Summer,Rice,664,1542,2.322289157
Uttar Pradesh,MORADABAD,2009,Summer,Tobacco,123,526,4.276422764
Uttar Pradesh,MORADABAD,2009,Summer,Urad,1,1,1
Uttar Pradesh,MORADABAD,2010,Kharif,Arhar/Tur,458,331,0.722707424
Uttar Pradesh,MORADABAD,2010,Kharif,Bajra,40968,46207,1.127880297
Uttar Pradesh,MORADABAD,2010,Kharif,Dry chillies,623,545,0.874799358
Uttar Pradesh,MORADABAD,2010,Kharif,Guar seed,36,30,0.833333333
Uttar Pradesh,MORADABAD,2010,Kharif,Jowar,172,54,0.313953488
Uttar Pradesh,MORADABAD,2010,Kharif,Maize,1884,2176,1.154989384
Uttar Pradesh,MORADABAD,2010,Kharif,Moong(Green Gram),110,52,0.472727273
Uttar Pradesh,MORADABAD,2010,Kharif,Rice,125006,224136,1.793001936
Uttar Pradesh,MORADABAD,2010,Kharif,Sesamum,751,148,0.197070573
Uttar Pradesh,MORADABAD,2010,Kharif,Sugarcane,71306,3689087,51.73599697
Uttar Pradesh,MORADABAD,2010,Kharif,Sweet potato,50,616,12.32
Uttar Pradesh,MORADABAD,2010,Kharif,Urad,16829,15634,0.928991622
Uttar Pradesh,MORADABAD,2010,Rabi,Barley,110,289,2.627272727
Uttar Pradesh,MORADABAD,2010,Rabi,Gram,25,22,0.88
Uttar Pradesh,MORADABAD,2010,Rabi,Masoor,1131,793,0.701149425
Uttar Pradesh,MORADABAD,2010,Rabi,Onion,32,589,18.40625
Uttar Pradesh,MORADABAD,2010,Rabi,Peas & beans (Pulses),68,79,1.161764706
Uttar Pradesh,MORADABAD,2010,Rabi,Potato,10068,264829,26.30403258
Uttar Pradesh,MORADABAD,2010,Rabi,Rapeseed &Mustard,8477,9672,1.140969683
Uttar Pradesh,MORADABAD,2010,Rabi,Wheat,196087,612968,3.126000194
Uttar Pradesh,MORADABAD,2010,Summer,Maize,1774,2601,1.466178129
Uttar Pradesh,MORADABAD,2010,Summer,Rice,473,848,1.792811839
Uttar Pradesh,MORADABAD,2010,Summer,Urad,3,2,0.666666667
Uttar Pradesh,MORADABAD,2011,Kharif,Arhar/Tur,453,366,0.80794702
Uttar Pradesh,MORADABAD,2011,Kharif,Bajra,28798,33579,1.166018474
Uttar Pradesh,MORADABAD,2011,Kharif,Dry chillies,550,456,0.829090909
Uttar Pradesh,MORADABAD,2011,Kharif,Groundnut,3,3,1
Uttar Pradesh,MORADABAD,2011,Kharif,Guar seed,37,31,0.837837838
Uttar Pradesh,MORADABAD,2011,Kharif,Jowar,105,32,0.304761905
Uttar Pradesh,MORADABAD,2011,Kharif,Maize,1473,2100,1.425661914
Uttar Pradesh,MORADABAD,2011,Kharif,Moong(Green Gram),224,95,0.424107143
Uttar Pradesh,MORADABAD,2011,Kharif,Rice,128889,277111,2.149997284
Uttar Pradesh,MORADABAD,2011,Kharif,Sesamum,838,182,0.217183771
Uttar Pradesh,MORADABAD,2011,Kharif,Sugarcane,69975,3925598,56.10000715
Uttar Pradesh,MORADABAD,2011,Kharif,Sweet potato,85,1104,12.98823529
Uttar Pradesh,MORADABAD,2011,Kharif,Urad,18316,17748,0.968988862
Uttar Pradesh,MORADABAD,2011,Rabi,Barley,142,386,2.718309859
Uttar Pradesh,MORADABAD,2011,Rabi,Coriander,8,4,0.5
Uttar Pradesh,MORADABAD,2011,Rabi,Garlic,25,129,5.16
Uttar Pradesh,MORADABAD,2011,Rabi,Gram,10,12,1.2
Uttar Pradesh,MORADABAD,2011,Rabi,Maize,43,103,2.395348837
Uttar Pradesh,MORADABAD,2011,Rabi,Masoor,967,1177,1.217166494
Uttar Pradesh,MORADABAD,2011,Rabi,Onion,33,755,22.87878788
Uttar Pradesh,MORADABAD,2011,Rabi,Peas & beans (Pulses),245,405,1.653061224
Uttar Pradesh,MORADABAD,2011,Rabi,Potato,9763,250099,25.61702346
Uttar Pradesh,MORADABAD,2011,Rabi,Rapeseed &Mustard,10424,11913,1.142843438
Uttar Pradesh,MORADABAD,2011,Rabi,Turmeric,24,68,2.833333333
Uttar Pradesh,MORADABAD,2011,Rabi,Wheat,193634,615756,3.17999938
Uttar Pradesh,MORADABAD,2011,Summer,Banana,2,87,43.5
Uttar Pradesh,MORADABAD,2011,Summer,Maize,1859,3073,1.653039268
Uttar Pradesh,MORADABAD,2011,Summer,Onion,221,2394,10.83257919
Uttar Pradesh,MORADABAD,2011,Summer,Rice,425,914,2.150588235
Uttar Pradesh,MORADABAD,2011,Summer,Tobacco,123,380,3.089430894
Uttar Pradesh,MORADABAD,2011,Summer,Urad,3,2,0.666666667
Uttar Pradesh,MORADABAD,2012,Kharif,Arhar/Tur,57,49,0.859649123
Uttar Pradesh,MORADABAD,2012,Kharif,Bajra,3336,3486,1.044964029
Uttar Pradesh,MORADABAD,2012,Kharif,Dry chillies,148,119,0.804054054
Uttar Pradesh,MORADABAD,2012,Kharif,Guar seed,36,29,0.805555556
Uttar Pradesh,MORADABAD,2012,Kharif,Jowar,44,22,0.5
Uttar Pradesh,MORADABAD,2012,Kharif,Maize,135,121,0.896296296
Uttar Pradesh,MORADABAD,2012,Kharif,Moong(Green Gram),110,56,0.509090909
Uttar Pradesh,MORADABAD,2012,Kharif,Rice,90672,215799,2.37999603
Uttar Pradesh,MORADABAD,2012,Kharif,Sesamum,17,3,0.176470588
Uttar Pradesh,MORADABAD,2012,Kharif,Sugarcane,53415,3390571,63.47600861
Uttar Pradesh,MORADABAD,2012,Kharif,Sweet potato,3,39,13
Uttar Pradesh,MORADABAD,2012,Kharif,Urad,6488,5327,0.821054254
Uttar Pradesh,MORADABAD,2012,Rabi,Barley,18,48,2.666666667
Uttar Pradesh,MORADABAD,2012,Rabi,Garlic,7,36,5.142857143
Uttar Pradesh,MORADABAD,2012,Rabi,Gram,44,49,1.113636364
Uttar Pradesh,MORADABAD,2012,Rabi,Masoor,524,473,0.902671756
Uttar Pradesh,MORADABAD,2012,Rabi,Onion,3,69,23
Uttar Pradesh,MORADABAD,2012,Rabi,Peas & beans (Pulses),193,247,1.279792746
Uttar Pradesh,MORADABAD,2012,Rabi,Potato,1190,27515,23.12184874
Uttar Pradesh,MORADABAD,2012,Rabi,Rapeseed &Mustard,2799,3478,1.242586638
Uttar Pradesh,MORADABAD,2012,Rabi,Wheat,118320,362769,3.065998986
Uttar Pradesh,MORADABAD,2012,Summer,Banana,3,134,44.66666667
Uttar Pradesh,MORADABAD,2012,Summer,Maize,51,94,1.843137255
Uttar Pradesh,MORADABAD,2012,Summer,Moong(Green Gram),2,2,1
Uttar Pradesh,MORADABAD,2012,Summer,Onion,53,577,10.88679245
Uttar Pradesh,MORADABAD,2012,Summer,Rice,476,1133,2.380252101
Uttar Pradesh,MORADABAD,2012,Summer,Urad,2,1,0.5
Uttar Pradesh,MORADABAD,2013,Kharif,Arhar/Tur,25,23,0.92
Uttar Pradesh,MORADABAD,2013,Kharif,Bajra,3105,4102,1.321095008
Uttar Pradesh,MORADABAD,2013,Kharif,Dry chillies,604,488,0.80794702
Uttar Pradesh,MORADABAD,2013,Kharif,Guar seed,37,30,0.810810811
Uttar Pradesh,MORADABAD,2013,Kharif,Jowar,36,19,0.527777778
Uttar Pradesh,MORADABAD,2013,Kharif,Maize,52,81,1.557692308
Uttar Pradesh,MORADABAD,2013,Kharif,Moong(Green Gram),22,7,0.318181818
Uttar Pradesh,MORADABAD,2013,Kharif,Rice,95250,207931,2.183002625
Uttar Pradesh,MORADABAD,2013,Kharif,Sesamum,26,4,0.153846154
Uttar Pradesh,MORADABAD,2013,Kharif,Sugarcane,47214,3024340,64.05600034
Uttar Pradesh,MORADABAD,2013,Kharif,Sweet potato,415,5484,13.21445783
Uttar Pradesh,MORADABAD,2013,Kharif,Urad,4306,3604,0.836971667
Uttar Pradesh,MORADABAD,2013,Rabi,Barley,25,72,2.88
Uttar Pradesh,MORADABAD,2013,Rabi,Garlic,17,100,5.882352941
Uttar Pradesh,MORADABAD,2013,Rabi,Gram,30,12,0.4
Uttar Pradesh,MORADABAD,2013,Rabi,Masoor,577,911,1.578856153
Uttar Pradesh,MORADABAD,2013,Rabi,Onion,9,183,20.33333333
Uttar Pradesh,MORADABAD,2013,Rabi,Peas & beans (Pulses),321,321,1
Uttar Pradesh,MORADABAD,2013,Rabi,Potato,1327,25498,19.21477016
Uttar Pradesh,MORADABAD,2013,Rabi,Rapeseed &Mustard,2195,2531,1.153075171
Uttar Pradesh,MORADABAD,2013,Rabi,Turmeric,1,3,3
Uttar Pradesh,MORADABAD,2013,Rabi,Wheat,122018,394362,3.231998558
Uttar Pradesh,MORADABAD,2013,Summer,Maize,20,37,1.85
Uttar Pradesh,MORADABAD,2013,Summer,Onion,29,390,13.44827586
Uttar Pradesh,MORADABAD,2013,Summer,Rice,713,1556,2.182328191
Uttar Pradesh,MORADABAD,2013,Summer,Urad,6,3,0.5
Uttar Pradesh,MORADABAD,2014,Kharif,Arhar/Tur,83,54,0.65060241
Uttar Pradesh,MORADABAD,2014,Kharif,Bajra,4475,6207,1.387039106
Uttar Pradesh,MORADABAD,2014,Kharif,Dry chillies,100,82,0.82
Uttar Pradesh,MORADABAD,2014,Kharif,Guar seed,35,29,0.828571429
Uttar Pradesh,MORADABAD,2014,Kharif,Jowar,651,715,1.098310292
Uttar Pradesh,MORADABAD,2014,Kharif,Maize,173,327,1.89017341
Uttar Pradesh,MORADABAD,2014,Kharif,Moong(Green Gram),23,8,0.347826087
Uttar Pradesh,MORADABAD,2014,Kharif,Rice,87934,205941,2.341995133
Uttar Pradesh,MORADABAD,2014,Kharif,Sesamum,36,7,0.194444444
Uttar Pradesh,MORADABAD,2014,Kharif,Sugarcane,44938,2900119,64.53600516
Uttar Pradesh,MORADABAD,2014,Kharif,Sweet potato,40,495,12.375
Uttar Pradesh,MORADABAD,2014,Kharif,Urad,3494,3532,1.010875787
Uttar Pradesh,MORADABAD,2014,Rabi,Barley,7,12,1.714285714
Uttar Pradesh,MORADABAD,2014,Rabi,Garlic,7,40,5.714285714
Uttar Pradesh,MORADABAD,2014,Rabi,Gram,161,48,0.298136646
Uttar Pradesh,MORADABAD,2014,Rabi,Maize,4,9,2.25
Uttar Pradesh,MORADABAD,2014,Rabi,Masoor,750,364,0.485333333
Uttar Pradesh,MORADABAD,2014,Rabi,Onion,30,459,15.3
Uttar Pradesh,MORADABAD,2014,Rabi,Peas & beans (Pulses),175,168,0.96
Uttar Pradesh,MORADABAD,2014,Rabi,Potato,1692,46724,27.61465721
Uttar Pradesh,MORADABAD,2014,Rabi,Rapeseed &Mustard,2183,1331,0.609711406
Uttar Pradesh,MORADABAD,2014,Rabi,Wheat,122232,196916,1.611002029
Uttar Pradesh,MORADABAD,2014,Summer,Maize,49,87,1.775510204
Uttar Pradesh,MORADABAD,2014,Summer,Moong(Green Gram),4,2,0.5
Uttar Pradesh,MORADABAD,2014,Summer,Onion,45,681,15.13333333
Uttar Pradesh,MORADABAD,2014,Summer,Rice,552,1293,2.342391304
Uttar Pradesh,MORADABAD,2014,Summer,Urad,8,4,0.5
Uttar Pradesh,MUZAFFARNAGAR,1997,Kharif,Arhar/Tur,200,139,0.695
Uttar Pradesh,MUZAFFARNAGAR,1997,Kharif,Groundnut,117,132,1.128205128
Uttar Pradesh,MUZAFFARNAGAR,1997,Kharif,Jowar,1,1,1
Uttar Pradesh,MUZAFFARNAGAR,1997,Kharif,Maize,1900,3336,1.755789474
Uttar Pradesh,MUZAFFARNAGAR,1997,Kharif,Moong(Green Gram),5,1,0.2
Uttar Pradesh,MUZAFFARNAGAR,1997,Kharif,Oilseeds total,3104,2272,0.731958763
Uttar Pradesh,MUZAFFARNAGAR,1997,Kharif,Onion,451,4459,9.88691796
Uttar Pradesh,MUZAFFARNAGAR,1997,Kharif,Rice,39413,117226,2.974297821
Uttar Pradesh,MUZAFFARNAGAR,1997,Kharif,Total foodgrain,180492,554179,3.070379851
Uttar Pradesh,MUZAFFARNAGAR,1997,Kharif,Urad,478,199,0.416317992
Uttar Pradesh,MUZAFFARNAGAR,1997,Rabi,Barley,755,1814,2.402649007
Uttar Pradesh,MUZAFFARNAGAR,1997,Rabi,Gram,438,375,0.856164384
Uttar Pradesh,MUZAFFARNAGAR,1997,Rabi,Linseed,11,5,0.454545455
Uttar Pradesh,MUZAFFARNAGAR,1997,Rabi,Masoor,1316,1115,0.847264438
Uttar Pradesh,MUZAFFARNAGAR,1997,Rabi,Peas & beans (Pulses),358,417,1.164804469
Uttar Pradesh,MUZAFFARNAGAR,1997,Rabi,Rapeseed &Mustard,2712,1781,0.656710914
Uttar Pradesh,MUZAFFARNAGAR,1997,Rabi,Sunflower,262,354,1.351145038
Uttar Pradesh,MUZAFFARNAGAR,1997,Rabi,Wheat,129534,424896,3.280188985
Uttar Pradesh,MUZAFFARNAGAR,1997,Summer,Maize,161,254,1.577639752
Uttar Pradesh,MUZAFFARNAGAR,1997,Summer,Moong(Green Gram),301,164,0.544850498
Uttar Pradesh,MUZAFFARNAGAR,1997,Summer,Urad,5629,4239,0.753064487
Uttar Pradesh,MUZAFFARNAGAR,1997,Whole Year,Potato,2753,42470,15.42680712
Uttar Pradesh,MUZAFFARNAGAR,1997,Whole Year,Sugarcane,207556,14079769,67.83600089
Uttar Pradesh,MUZAFFARNAGAR,1998,Kharif,Arhar/Tur,211,130,0.616113744
Uttar Pradesh,MUZAFFARNAGAR,1998,Kharif,Bajra,6,7,1.166666667
Uttar Pradesh,MUZAFFARNAGAR,1998,Kharif,Cotton(lint),541,84,0.155268022
Uttar Pradesh,MUZAFFARNAGAR,1998,Kharif,Jowar,1,1,1
Uttar Pradesh,MUZAFFARNAGAR,1998,Kharif,Maize,1641,2511,1.530164534
Uttar Pradesh,MUZAFFARNAGAR,1998,Kharif,Moong(Green Gram),8,2,0.25
Uttar Pradesh,MUZAFFARNAGAR,1998,Kharif,Ragi,2,3,1.5
Uttar Pradesh,MUZAFFARNAGAR,1998,Kharif,Rice,41593,105401,2.534104296
Uttar Pradesh,MUZAFFARNAGAR,1998,Kharif,Small millets,2,3,1.5
Uttar Pradesh,MUZAFFARNAGAR,1998,Kharif,Soyabean,18,8,0.444444444
Uttar Pradesh,MUZAFFARNAGAR,1998,Kharif,Urad,378,101,0.267195767
Uttar Pradesh,MUZAFFARNAGAR,1998,Rabi,Barley,695,1658,2.385611511
Uttar Pradesh,MUZAFFARNAGAR,1998,Rabi,Gram,316,276,0.873417722
Uttar Pradesh,MUZAFFARNAGAR,1998,Rabi,Masoor,1105,505,0.457013575
Uttar Pradesh,MUZAFFARNAGAR,1998,Rabi,Peas & beans (Pulses),352,361,1.025568182
Uttar Pradesh,MUZAFFARNAGAR,1998,Rabi,Rapeseed &Mustard,2496,2086,0.835737179
Uttar Pradesh,MUZAFFARNAGAR,1998,Rabi,Sunflower,302,369,1.221854305
Uttar Pradesh,MUZAFFARNAGAR,1998,Rabi,Wheat,133333,403063,3.022980057
Uttar Pradesh,MUZAFFARNAGAR,1998,Summer,Maize,120,121,1.008333333
Uttar Pradesh,MUZAFFARNAGAR,1998,Summer,Moong(Green Gram),215,163,0.758139535
Uttar Pradesh,MUZAFFARNAGAR,1998,Summer,Rice,1,3,3
Uttar Pradesh,MUZAFFARNAGAR,1998,Summer,Urad,4682,3132,0.668944895
Uttar Pradesh,MUZAFFARNAGAR,1998,Whole Year,Onion,409,4939,12.07579462
Uttar Pradesh,MUZAFFARNAGAR,1998,Whole Year,Potato,2802,60184,21.47894361
Uttar Pradesh,MUZAFFARNAGAR,1998,Whole Year,Sannhamp,12,4,0.333333333
Uttar Pradesh,MUZAFFARNAGAR,1998,Whole Year,Sugarcane,209326,14387395,68.73200176
Uttar Pradesh,MUZAFFARNAGAR,1999,Kharif,Arhar/Tur,123,97,0.788617886
Uttar Pradesh,MUZAFFARNAGAR,1999,Kharif,Bajra,2,3,1.5
Uttar Pradesh,MUZAFFARNAGAR,1999,Kharif,Cotton(lint),466,529,1.135193133
Uttar Pradesh,MUZAFFARNAGAR,1999,Kharif,Groundnut,41,38,0.926829268
Uttar Pradesh,MUZAFFARNAGAR,1999,Kharif,Jowar,5,4,0.8
Uttar Pradesh,MUZAFFARNAGAR,1999,Kharif,Maize,1102,1734,1.573502722
Uttar Pradesh,MUZAFFARNAGAR,1999,Kharif,Moong(Green Gram),13,4,0.307692308
Uttar Pradesh,MUZAFFARNAGAR,1999,Kharif,Rice,41988,105345,2.508931123
Uttar Pradesh,MUZAFFARNAGAR,1999,Kharif,Soyabean,1,1,1
Uttar Pradesh,MUZAFFARNAGAR,1999,Kharif,Sunflower,150,196,1.306666667
Uttar Pradesh,MUZAFFARNAGAR,1999,Kharif,Urad,370,154,0.416216216
Uttar Pradesh,MUZAFFARNAGAR,1999,Rabi,Barley,669,1693,2.53064275
Uttar Pradesh,MUZAFFARNAGAR,1999,Rabi,Gram,276,268,0.971014493
Uttar Pradesh,MUZAFFARNAGAR,1999,Rabi,Maize,98,142,1.448979592
Uttar Pradesh,MUZAFFARNAGAR,1999,Rabi,Rapeseed &Mustard,2324,2566,1.104130809
Uttar Pradesh,MUZAFFARNAGAR,1999,Rabi,Wheat,136640,478756,3.503776347
Uttar Pradesh,MUZAFFARNAGAR,1999,Summer,Moong(Green Gram),218,118,0.541284404
Uttar Pradesh,MUZAFFARNAGAR,1999,Summer,Urad,4017,1739,0.432910132
Uttar Pradesh,MUZAFFARNAGAR,1999,Whole Year,Onion,408,5849,14.33578431
Uttar Pradesh,MUZAFFARNAGAR,1999,Whole Year,Peas & beans (Pulses),282,390,1.382978723
Uttar Pradesh,MUZAFFARNAGAR,1999,Whole Year,Potato,2860,72438,25.32797203
Uttar Pradesh,MUZAFFARNAGAR,1999,Whole Year,Sugarcane,212099,13469135,63.50400049
Uttar Pradesh,MUZAFFARNAGAR,2000,Kharif,Arhar/Tur,116,96,0.827586207
Uttar Pradesh,MUZAFFARNAGAR,2000,Kharif,Bajra,27,40,1.481481481
Uttar Pradesh,MUZAFFARNAGAR,2000,Kharif,Cotton(lint),374,371,0.99197861
Uttar Pradesh,MUZAFFARNAGAR,2000,Kharif,Groundnut,43,53,1.23255814
Uttar Pradesh,MUZAFFARNAGAR,2000,Kharif,Maize,823,1365,1.658566221
Uttar Pradesh,MUZAFFARNAGAR,2000,Kharif,Moong(Green Gram),14,4,0.285714286
Uttar Pradesh,MUZAFFARNAGAR,2000,Kharif,Rice,41836,93538,2.235825605
Uttar Pradesh,MUZAFFARNAGAR,2000,Kharif,Sesamum,3,0.1,0.033333333
Uttar Pradesh,MUZAFFARNAGAR,2000,Kharif,Small millets,4,6,1.5
Uttar Pradesh,MUZAFFARNAGAR,2000,Kharif,Urad,513,214,0.417153996
Uttar Pradesh,MUZAFFARNAGAR,2000,Rabi,Barley,1332,3036,2.279279279
Uttar Pradesh,MUZAFFARNAGAR,2000,Rabi,Gram,221,188,0.850678733
Uttar Pradesh,MUZAFFARNAGAR,2000,Rabi,Linseed,1,0.1,0.1
Uttar Pradesh,MUZAFFARNAGAR,2000,Rabi,Maize,81,131,1.617283951
Uttar Pradesh,MUZAFFARNAGAR,2000,Rabi,Masoor,1034,840,0.81237911
Uttar Pradesh,MUZAFFARNAGAR,2000,Rabi,Moong(Green Gram),225,101,0.448888889
Uttar Pradesh,MUZAFFARNAGAR,2000,Rabi,Peas & beans (Pulses),358,369,1.030726257
Uttar Pradesh,MUZAFFARNAGAR,2000,Rabi,Rapeseed &Mustard,2179,2177,0.999082148
Uttar Pradesh,MUZAFFARNAGAR,2000,Rabi,Urad,4150,2357,0.567951807
Uttar Pradesh,MUZAFFARNAGAR,2000,Rabi,Wheat,135558,473174,3.490564924
Uttar Pradesh,MUZAFFARNAGAR,2000,Whole Year,Potato,2603,54902,21.09181713
Uttar Pradesh,MUZAFFARNAGAR,2000,Whole Year,Sugarcane,214102,13445606,62.80000187
Uttar Pradesh,MUZAFFARNAGAR,2001,Kharif,Arhar/Tur,126,91,0.722222222
Uttar Pradesh,MUZAFFARNAGAR,2001,Kharif,Bajra,13,15,1.153846154
Uttar Pradesh,MUZAFFARNAGAR,2001,Kharif,Cotton(lint),229,306,1.336244541
Uttar Pradesh,MUZAFFARNAGAR,2001,Kharif,Groundnut,39,48,1.230769231
Uttar Pradesh,MUZAFFARNAGAR,2001,Kharif,Jowar,6,5,0.833333333
Uttar Pradesh,MUZAFFARNAGAR,2001,Kharif,Maize,953,1638,1.718782791
Uttar Pradesh,MUZAFFARNAGAR,2001,Kharif,Moong(Green Gram),7,2,0.285714286
Uttar Pradesh,MUZAFFARNAGAR,2001,Kharif,Rice,38253,101853,2.662614697
Uttar Pradesh,MUZAFFARNAGAR,2001,Kharif,Sesamum,2,1,0.5
Uttar Pradesh,MUZAFFARNAGAR,2001,Kharif,Sunflower,8,15,1.875
Uttar Pradesh,MUZAFFARNAGAR,2001,Kharif,Urad,826,337,0.407990315
Uttar Pradesh,MUZAFFARNAGAR,2001,Rabi,Barley,708,1749,2.470338983
Uttar Pradesh,MUZAFFARNAGAR,2001,Rabi,Gram,147,147,1
Uttar Pradesh,MUZAFFARNAGAR,2001,Rabi,Linseed,1,0.1,0.1
Uttar Pradesh,MUZAFFARNAGAR,2001,Rabi,Maize,97,158,1.628865979
Uttar Pradesh,MUZAFFARNAGAR,2001,Rabi,Masoor,968,506,0.522727273
Uttar Pradesh,MUZAFFARNAGAR,2001,Rabi,Moong(Green Gram),192,97,0.505208333
Uttar Pradesh,MUZAFFARNAGAR,2001,Rabi,Peas & beans (Pulses),443,536,1.20993228
Uttar Pradesh,MUZAFFARNAGAR,2001,Rabi,Rapeseed &Mustard,2448,2459,1.004493464
Uttar Pradesh,MUZAFFARNAGAR,2001,Rabi,Urad,3590,1964,0.547075209
Uttar Pradesh,MUZAFFARNAGAR,2001,Rabi,Wheat,131725,489194,3.713752135
Uttar Pradesh,MUZAFFARNAGAR,2001,Whole Year,Potato,2332,57512,24.66209262
Uttar Pradesh,MUZAFFARNAGAR,2001,Whole Year,Sugarcane,218382,14090880,64.52399923
Uttar Pradesh,MUZAFFARNAGAR,2001,Whole Year,Turmeric,13,26,2
Uttar Pradesh,MUZAFFARNAGAR,2002,Kharif,Bajra,4,5,1.25
Uttar Pradesh,MUZAFFARNAGAR,2002,Kharif,Cotton(lint),150,171,1.14
Uttar Pradesh,MUZAFFARNAGAR,2002,Kharif,Groundnut,46,48,1.043478261
Uttar Pradesh,MUZAFFARNAGAR,2002,Kharif,Jowar,3,2,0.666666667
Uttar Pradesh,MUZAFFARNAGAR,2002,Kharif,Maize,1005,1124,1.11840796
Uttar Pradesh,MUZAFFARNAGAR,2002,Kharif,Moong(Green Gram),25,7,0.28
Uttar Pradesh,MUZAFFARNAGAR,2002,Kharif,Rice,19082,44682,2.341578451
Uttar Pradesh,MUZAFFARNAGAR,2002,Kharif,Sunflower,4,6,1.5
Uttar Pradesh,MUZAFFARNAGAR,2002,Kharif,Urad,1737,693,0.398963731
Uttar Pradesh,MUZAFFARNAGAR,2002,Rabi,Barley,739,1810,2.449255751
Uttar Pradesh,MUZAFFARNAGAR,2002,Rabi,Gram,142,129,0.908450704
Uttar Pradesh,MUZAFFARNAGAR,2002,Rabi,Linseed,3,1,0.333333333
Uttar Pradesh,MUZAFFARNAGAR,2002,Rabi,Maize,107,119,1.112149533
Uttar Pradesh,MUZAFFARNAGAR,2002,Rabi,Masoor,782,340,0.434782609
Uttar Pradesh,MUZAFFARNAGAR,2002,Rabi,Peas & beans (Pulses),282,347,1.230496454
Uttar Pradesh,MUZAFFARNAGAR,2002,Rabi,Rapeseed &Mustard,2325,2081,0.895053763
Uttar Pradesh,MUZAFFARNAGAR,2002,Rabi,Wheat,115850,388212,3.350988347
Uttar Pradesh,MUZAFFARNAGAR,2002,Summer,Moong(Green Gram),137,79,0.576642336
Uttar Pradesh,MUZAFFARNAGAR,2002,Summer,Onion,73,816,11.17808219
Uttar Pradesh,MUZAFFARNAGAR,2002,Summer,Urad,3211,1853,0.577078792
Uttar Pradesh,MUZAFFARNAGAR,2002,Whole Year,Onion,31,320,10.32258065
Uttar Pradesh,MUZAFFARNAGAR,2002,Whole Year,Potato,2554,59250,23.19890368
Uttar Pradesh,MUZAFFARNAGAR,2002,Whole Year,Sugarcane,227040,14590499,64.26400194
Uttar Pradesh,MUZAFFARNAGAR,2002,Whole Year,Turmeric,7,13,1.857142857
Uttar Pradesh,MUZAFFARNAGAR,2003,Kharif,Arhar/Tur,124,80,0.64516129
Uttar Pradesh,MUZAFFARNAGAR,2003,Kharif,Groundnut,39,33,0.846153846
Uttar Pradesh,MUZAFFARNAGAR,2003,Kharif,Maize,544,625,1.148897059
Uttar Pradesh,MUZAFFARNAGAR,2003,Kharif,Moong(Green Gram),24,6,0.25
Uttar Pradesh,MUZAFFARNAGAR,2003,Kharif,Rice,26432,66673,2.522434927
Uttar Pradesh,MUZAFFARNAGAR,2003,Kharif,Sesamum,6,1,0.166666667
Uttar Pradesh,MUZAFFARNAGAR,2003,Kharif,Soyabean,2,2,1
Uttar Pradesh,MUZAFFARNAGAR,2003,Kharif,Sunflower,2,3,1.5
Uttar Pradesh,MUZAFFARNAGAR,2003,Kharif,Urad,1458,345,0.236625514
Uttar Pradesh,MUZAFFARNAGAR,2003,Rabi,Barley,640,1517,2.3703125
Uttar Pradesh,MUZAFFARNAGAR,2003,Rabi,Gram,127,134,1.05511811
Uttar Pradesh,MUZAFFARNAGAR,2003,Rabi,Maize,1,1,1
Uttar Pradesh,MUZAFFARNAGAR,2003,Rabi,Masoor,675,296,0.438518519
Uttar Pradesh,MUZAFFARNAGAR,2003,Rabi,Onion,19,272,14.31578947
Uttar Pradesh,MUZAFFARNAGAR,2003,Rabi,Peas & beans (Pulses),232,318,1.370689655
Uttar Pradesh,MUZAFFARNAGAR,2003,Rabi,Rapeseed &Mustard,2525,2506,0.992475248
Uttar Pradesh,MUZAFFARNAGAR,2003,Rabi,Wheat,125015,433333,3.46624805
Uttar Pradesh,MUZAFFARNAGAR,2003,Summer,Maize,88,120,1.363636364
Uttar Pradesh,MUZAFFARNAGAR,2003,Summer,Moong(Green Gram),119,63,0.529411765
Uttar Pradesh,MUZAFFARNAGAR,2003,Summer,Onion,52,513,9.865384615
Uttar Pradesh,MUZAFFARNAGAR,2003,Summer,Urad,2869,1452,0.506099686
Uttar Pradesh,MUZAFFARNAGAR,2003,Whole Year,Potato,2653,46305,17.45382586
Uttar Pradesh,MUZAFFARNAGAR,2003,Whole Year,Sannhamp,1,,
Uttar Pradesh,MUZAFFARNAGAR,2003,Whole Year,Sugarcane,228041,15503139,67.98399849
Uttar Pradesh,MUZAFFARNAGAR,2003,Whole Year,Turmeric,10,18,1.8
Uttar Pradesh,MUZAFFARNAGAR,2004,Kharif,Cotton(lint),87,15,0.172413793
Uttar Pradesh,MUZAFFARNAGAR,2004,Kharif,Groundnut,28,23,0.821428571
Uttar Pradesh,MUZAFFARNAGAR,2004,Kharif,Jowar,5,4,0.8
Uttar Pradesh,MUZAFFARNAGAR,2004,Kharif,Maize,448,659,1.470982143
Uttar Pradesh,MUZAFFARNAGAR,2004,Kharif,Rice,31015,80429,2.593229083
Uttar Pradesh,MUZAFFARNAGAR,2004,Kharif,Sannhamp,1,,
Uttar Pradesh,MUZAFFARNAGAR,2004,Kharif,Sesamum,11,2,0.181818182
Uttar Pradesh,MUZAFFARNAGAR,2004,Kharif,Soyabean,10,4,0.4
Uttar Pradesh,MUZAFFARNAGAR,2004,Kharif,Sugarcane,225693,15962815,70.7280022
Uttar Pradesh,MUZAFFARNAGAR,2004,Rabi,Barley,508,1074,2.114173228
Uttar Pradesh,MUZAFFARNAGAR,2004,Rabi,Gram,95,88,0.926315789
Uttar Pradesh,MUZAFFARNAGAR,2004,Rabi,Maize,6,28,4.666666667
Uttar Pradesh,MUZAFFARNAGAR,2004,Rabi,Potato,2591,38925,15.02315708
Uttar Pradesh,MUZAFFARNAGAR,2004,Rabi,Rapeseed &Mustard,3396,3370,0.992343934
Uttar Pradesh,MUZAFFARNAGAR,2004,Rabi,Turmeric,4,7,1.75
Uttar Pradesh,MUZAFFARNAGAR,2004,Rabi,Wheat,129299,426390,3.297705319
Uttar Pradesh,MUZAFFARNAGAR,2004,Summer,Sunflower,19,37,1.947368421
Uttar Pradesh,MUZAFFARNAGAR,2004,Whole Year,Banana,3,109,36.33333333
Uttar Pradesh,MUZAFFARNAGAR,2004,Whole Year,Dry chillies,246,231,0.93902439
Uttar Pradesh,MUZAFFARNAGAR,2004,Whole Year,Garlic,86,372,4.325581395
Uttar Pradesh,MUZAFFARNAGAR,2004,Whole Year,Onion,107,1217,11.37383178
Uttar Pradesh,MUZAFFARNAGAR,2004,Whole Year,Sweet potato,62,721,11.62903226
Uttar Pradesh,MUZAFFARNAGAR,2004,Whole Year,Tobacco,2,12,6
Uttar Pradesh,MUZAFFARNAGAR,2005,Kharif,Cotton(lint),67,14,0.208955224
Uttar Pradesh,MUZAFFARNAGAR,2005,Kharif,Maize,525,777,1.48
Uttar Pradesh,MUZAFFARNAGAR,2005,Kharif,Rice,22442,50876,2.266999376
Uttar Pradesh,MUZAFFARNAGAR,2005,Kharif,Sugarcane,224740,15205908,67.65999822
Uttar Pradesh,MUZAFFARNAGAR,2005,Rabi,Barley,664,1352,2.036144578
Uttar Pradesh,MUZAFFARNAGAR,2005,Rabi,Gram,58,52,0.896551724
Uttar Pradesh,MUZAFFARNAGAR,2005,Rabi,Potato,2653,59512,22.43196381
Uttar Pradesh,MUZAFFARNAGAR,2005,Rabi,Rapeseed &Mustard,3361,3874,1.152633145
Uttar Pradesh,MUZAFFARNAGAR,2005,Rabi,Turmeric,8,36,4.5
Uttar Pradesh,MUZAFFARNAGAR,2005,Rabi,Wheat,123911,416093,3.357998886
Uttar Pradesh,MUZAFFARNAGAR,2005,Summer,Sunflower,2,3,1.5
Uttar Pradesh,MUZAFFARNAGAR,2005,Whole Year,Banana,3,114,38
Uttar Pradesh,MUZAFFARNAGAR,2005,Whole Year,Dry chillies,167,153,0.916167665
Uttar Pradesh,MUZAFFARNAGAR,2005,Whole Year,Garlic,61,266,4.360655738
Uttar Pradesh,MUZAFFARNAGAR,2005,Whole Year,Onion,64,827,12.921875
Uttar Pradesh,MUZAFFARNAGAR,2005,Whole Year,Sweet potato,39,510,13.07692308
Uttar Pradesh,MUZAFFARNAGAR,2006,Kharif,Arhar/Tur,118,77,0.652542373
Uttar Pradesh,MUZAFFARNAGAR,2006,Kharif,Cotton(lint),44,10,0.227272727
Uttar Pradesh,MUZAFFARNAGAR,2006,Kharif,Groundnut,21,18,0.857142857
Uttar Pradesh,MUZAFFARNAGAR,2006,Kharif,Maize,328,463,1.411585366
Uttar Pradesh,MUZAFFARNAGAR,2006,Kharif,Other Kharif pulses,4210,2311,0.548931116
Uttar Pradesh,MUZAFFARNAGAR,2006,Kharif,Rice,25690,57854,2.252004671
Uttar Pradesh,MUZAFFARNAGAR,2006,Kharif,Sesamum,3,1,0.333333333
Uttar Pradesh,MUZAFFARNAGAR,2006,Kharif,Soyabean,10,10,1
Uttar Pradesh,MUZAFFARNAGAR,2006,Kharif,Sugarcane,232610,16087308,69.16000172
Uttar Pradesh,MUZAFFARNAGAR,2006,Kharif,Sweet potato,71,969,13.64788732
Uttar Pradesh,MUZAFFARNAGAR,2006,Rabi,Barley,451,974,2.159645233
Uttar Pradesh,MUZAFFARNAGAR,2006,Rabi,Garlic,100,440,4.4
Uttar Pradesh,MUZAFFARNAGAR,2006,Rabi,Gram,66,48,0.727272727
Uttar Pradesh,MUZAFFARNAGAR,2006,Rabi,Masoor,569,240,0.421792619
Uttar Pradesh,MUZAFFARNAGAR,2006,Rabi,Onion,50,959,19.18
Uttar Pradesh,MUZAFFARNAGAR,2006,Rabi,Other  Rabi pulses,133,129,0.969924812
Uttar Pradesh,MUZAFFARNAGAR,2006,Rabi,Potato,2288,49963,21.83697552
Uttar Pradesh,MUZAFFARNAGAR,2006,Rabi,Rapeseed &Mustard,3396,3488,1.027090695
Uttar Pradesh,MUZAFFARNAGAR,2006,Rabi,Turmeric,4,13,3.25
Uttar Pradesh,MUZAFFARNAGAR,2006,Rabi,Wheat,125867,407683,3.238998308
Uttar Pradesh,MUZAFFARNAGAR,2006,Summer,Maize,97,128,1.319587629
Uttar Pradesh,MUZAFFARNAGAR,2006,Summer,Onion,93,1083,11.64516129
Uttar Pradesh,MUZAFFARNAGAR,2006,Summer,Sunflower,19,28,1.473684211
Uttar Pradesh,MUZAFFARNAGAR,2006,Whole Year,Banana,3,116,38.66666667
Uttar Pradesh,MUZAFFARNAGAR,2006,Whole Year,Dry chillies,258,245,0.949612403
Uttar Pradesh,MUZAFFARNAGAR,2007,Kharif,Arhar/Tur,56,47,0.839285714
Uttar Pradesh,MUZAFFARNAGAR,2007,Kharif,Cotton(lint),74,20,0.27027027
Uttar Pradesh,MUZAFFARNAGAR,2007,Kharif,Dry chillies,230,222,0.965217391
Uttar Pradesh,MUZAFFARNAGAR,2007,Kharif,Groundnut,16,11,0.6875
Uttar Pradesh,MUZAFFARNAGAR,2007,Kharif,Maize,200,254,1.27
Uttar Pradesh,MUZAFFARNAGAR,2007,Kharif,Moong(Green Gram),18,4,0.222222222
Uttar Pradesh,MUZAFFARNAGAR,2007,Kharif,Rice,22302,55911,2.506994888
Uttar Pradesh,MUZAFFARNAGAR,2007,Kharif,Sesamum,4,1,0.25
Uttar Pradesh,MUZAFFARNAGAR,2007,Kharif,Sugarcane,230067,15119083,65.71600012
Uttar Pradesh,MUZAFFARNAGAR,2007,Kharif,Sweet potato,27,364,13.48148148
Uttar Pradesh,MUZAFFARNAGAR,2007,Kharif,Urad,1174,514,0.437819421
Uttar Pradesh,MUZAFFARNAGAR,2007,Rabi,Barley,415,918,2.212048193
Uttar Pradesh,MUZAFFARNAGAR,2007,Rabi,Gram,78,58,0.743589744
Uttar Pradesh,MUZAFFARNAGAR,2007,Rabi,Masoor,523,175,0.334608031
Uttar Pradesh,MUZAFFARNAGAR,2007,Rabi,Onion,56,783,13.98214286
Uttar Pradesh,MUZAFFARNAGAR,2007,Rabi,Other  Rabi pulses,149,140,0.939597315
Uttar Pradesh,MUZAFFARNAGAR,2007,Rabi,Potato,2284,50194,21.97635727
Uttar Pradesh,MUZAFFARNAGAR,2007,Rabi,Rapeseed &Mustard,2750,3183,1.157454545
Uttar Pradesh,MUZAFFARNAGAR,2007,Rabi,Tobacco,1,6,6
Uttar Pradesh,MUZAFFARNAGAR,2007,Rabi,Turmeric,4,12,3
Uttar Pradesh,MUZAFFARNAGAR,2007,Rabi,Wheat,130570,429967,3.292999923
Uttar Pradesh,MUZAFFARNAGAR,2007,Summer,Maize,19,27,1.421052632
Uttar Pradesh,MUZAFFARNAGAR,2007,Summer,Moong(Green Gram),78,49,0.628205128
Uttar Pradesh,MUZAFFARNAGAR,2007,Summer,Onion,85,1148,13.50588235
Uttar Pradesh,MUZAFFARNAGAR,2007,Summer,Urad,1954,1278,0.654042989
Uttar Pradesh,MUZAFFARNAGAR,2008,Kharif,Arhar/Tur,95,62,0.652631579
Uttar Pradesh,MUZAFFARNAGAR,2008,Kharif,Cotton(lint),114,25,0.219298246
Uttar Pradesh,MUZAFFARNAGAR,2008,Kharif,Dry chillies,206,205,0.995145631
Uttar Pradesh,MUZAFFARNAGAR,2008,Kharif,Maize,137,193,1.408759124
Uttar Pradesh,MUZAFFARNAGAR,2008,Kharif,Moong(Green Gram),13,5,0.384615385
Uttar Pradesh,MUZAFFARNAGAR,2008,Kharif,Rice,29373,68938,2.346985327
Uttar Pradesh,MUZAFFARNAGAR,2008,Kharif,Sannhamp,2,1,0.5
Uttar Pradesh,MUZAFFARNAGAR,2008,Kharif,Sesamum,38,6,0.157894737
Uttar Pradesh,MUZAFFARNAGAR,2008,Kharif,Sugarcane,230648,13733705,59.54400212
Uttar Pradesh,MUZAFFARNAGAR,2008,Kharif,Sweet potato,16,197,12.3125
Uttar Pradesh,MUZAFFARNAGAR,2008,Kharif,Urad,827,445,0.53808948
Uttar Pradesh,MUZAFFARNAGAR,2008,Rabi,Barley,375,872,2.325333333
Uttar Pradesh,MUZAFFARNAGAR,2008,Rabi,Garlic,55,324,5.890909091
Uttar Pradesh,MUZAFFARNAGAR,2008,Rabi,Gram,88,87,0.988636364
Uttar Pradesh,MUZAFFARNAGAR,2008,Rabi,Linseed,9,4,0.444444444
Uttar Pradesh,MUZAFFARNAGAR,2008,Rabi,Masoor,530,193,0.364150943
Uttar Pradesh,MUZAFFARNAGAR,2008,Rabi,Onion,39,457,11.71794872
Uttar Pradesh,MUZAFFARNAGAR,2008,Rabi,Peas & beans (Pulses),116,140,1.206896552
Uttar Pradesh,MUZAFFARNAGAR,2008,Rabi,Potato,2474,50714,20.49878739
Uttar Pradesh,MUZAFFARNAGAR,2008,Rabi,Rapeseed &Mustard,2964,3337,1.125843455
Uttar Pradesh,MUZAFFARNAGAR,2008,Rabi,Wheat,130611,428927,3.284003644
Uttar Pradesh,MUZAFFARNAGAR,2008,Summer,Banana,3,114,38
Uttar Pradesh,MUZAFFARNAGAR,2008,Summer,Maize,11,16,1.454545455
Uttar Pradesh,MUZAFFARNAGAR,2008,Summer,Moong(Green Gram),68,51,0.75
Uttar Pradesh,MUZAFFARNAGAR,2008,Summer,Rice,6,14,2.333333333
Uttar Pradesh,MUZAFFARNAGAR,2008,Summer,Urad,1891,1201,0.635113696
Uttar Pradesh,MUZAFFARNAGAR,2009,Kharif,Arhar/Tur,155,104,0.670967742
Uttar Pradesh,MUZAFFARNAGAR,2009,Kharif,Cotton(lint),234,39,0.166666667
Uttar Pradesh,MUZAFFARNAGAR,2009,Kharif,Dry chillies,221,194,0.877828054
Uttar Pradesh,MUZAFFARNAGAR,2009,Kharif,Maize,279,283,1.014336918
Uttar Pradesh,MUZAFFARNAGAR,2009,Kharif,Moong(Green Gram),9,1,0.111111111
Uttar Pradesh,MUZAFFARNAGAR,2009,Kharif,Rice,35635,92794,2.604012909
Uttar Pradesh,MUZAFFARNAGAR,2009,Kharif,Sugarcane,233825,16421997,70.23199829
Uttar Pradesh,MUZAFFARNAGAR,2009,Kharif,Sweet potato,17,231,13.58823529
Uttar Pradesh,MUZAFFARNAGAR,2009,Kharif,Urad,1776,679,0.38231982
Uttar Pradesh,MUZAFFARNAGAR,2009,Rabi,Barley,385,883,2.293506494
Uttar Pradesh,MUZAFFARNAGAR,2009,Rabi,Coriander,5,3,0.6
Uttar Pradesh,MUZAFFARNAGAR,2009,Rabi,Garlic,65,345,5.307692308
Uttar Pradesh,MUZAFFARNAGAR,2009,Rabi,Gram,39,32,0.820512821
Uttar Pradesh,MUZAFFARNAGAR,2009,Rabi,Linseed,5,2,0.4
Uttar Pradesh,MUZAFFARNAGAR,2009,Rabi,Masoor,491,382,0.778004073
Uttar Pradesh,MUZAFFARNAGAR,2009,Rabi,Onion,33,567,17.18181818
Uttar Pradesh,MUZAFFARNAGAR,2009,Rabi,Peas & beans (Pulses),127,163,1.283464567
Uttar Pradesh,MUZAFFARNAGAR,2009,Rabi,Potato,2507,62339,24.86597527
Uttar Pradesh,MUZAFFARNAGAR,2009,Rabi,Rapeseed &Mustard,3642,4061,1.115046678
Uttar Pradesh,MUZAFFARNAGAR,2009,Rabi,Turmeric,6,20,3.333333333
Uttar Pradesh,MUZAFFARNAGAR,2009,Rabi,Wheat,133556,459032,3.43700021
Uttar Pradesh,MUZAFFARNAGAR,2009,Summer,Banana,9,370,41.11111111
Uttar Pradesh,MUZAFFARNAGAR,2009,Summer,Maize,17,25,1.470588235
Uttar Pradesh,MUZAFFARNAGAR,2009,Summer,Moong(Green Gram),72,52,0.722222222
Uttar Pradesh,MUZAFFARNAGAR,2009,Summer,Onion,63,875,13.88888889
Uttar Pradesh,MUZAFFARNAGAR,2009,Summer,Rice,9,23,2.555555556
Uttar Pradesh,MUZAFFARNAGAR,2009,Summer,Sunflower,1,2,2
Uttar Pradesh,MUZAFFARNAGAR,2009,Summer,Urad,1270,763,0.600787402
Uttar Pradesh,MUZAFFARNAGAR,2010,Kharif,Arhar/Tur,115,86,0.747826087
Uttar Pradesh,MUZAFFARNAGAR,2010,Kharif,Cotton(lint),121,22,0.181818182
Uttar Pradesh,MUZAFFARNAGAR,2010,Kharif,Dry chillies,216,189,0.875
Uttar Pradesh,MUZAFFARNAGAR,2010,Kharif,Groundnut,1,1,1
Uttar Pradesh,MUZAFFARNAGAR,2010,Kharif,Maize,117,155,1.324786325
Uttar Pradesh,MUZAFFARNAGAR,2010,Kharif,Moong(Green Gram),2,1,0.5
Uttar Pradesh,MUZAFFARNAGAR,2010,Kharif,Rice,37128,82944,2.234001293
Uttar Pradesh,MUZAFFARNAGAR,2010,Kharif,Sannhamp,1,,
Uttar Pradesh,MUZAFFARNAGAR,2010,Kharif,Sesamum,6,1,0.166666667
Uttar Pradesh,MUZAFFARNAGAR,2010,Kharif,Sugarcane,231873,14395603,62.08399857
Uttar Pradesh,MUZAFFARNAGAR,2010,Kharif,Sweet potato,37,455,12.2972973
Uttar Pradesh,MUZAFFARNAGAR,2010,Kharif,Urad,1175,793,0.674893617
Uttar Pradesh,MUZAFFARNAGAR,2010,Rabi,Barley,314,824,2.624203822
Uttar Pradesh,MUZAFFARNAGAR,2010,Rabi,Gram,34,33,0.970588235
Uttar Pradesh,MUZAFFARNAGAR,2010,Rabi,Masoor,529,268,0.506616257
Uttar Pradesh,MUZAFFARNAGAR,2010,Rabi,Onion,80,1473,18.4125
Uttar Pradesh,MUZAFFARNAGAR,2010,Rabi,Peas & beans (Pulses),81,94,1.160493827
Uttar Pradesh,MUZAFFARNAGAR,2010,Rabi,Potato,2422,59085,24.39512799
Uttar Pradesh,MUZAFFARNAGAR,2010,Rabi,Rapeseed &Mustard,4031,4819,1.195484991
Uttar Pradesh,MUZAFFARNAGAR,2010,Rabi,Wheat,121871,411408,3.375766179
Uttar Pradesh,MUZAFFARNAGAR,2010,Summer,Maize,10,15,1.5
Uttar Pradesh,MUZAFFARNAGAR,2010,Summer,Moong(Green Gram),115,103,0.895652174
Uttar Pradesh,MUZAFFARNAGAR,2010,Summer,Rice,34,76,2.235294118
Uttar Pradesh,MUZAFFARNAGAR,2010,Summer,Urad,1543,887,0.57485418
Uttar Pradesh,MUZAFFARNAGAR,2011,Kharif,Arhar/Tur,64,52,0.8125
Uttar Pradesh,MUZAFFARNAGAR,2011,Kharif,Cotton(lint),85,20,0.235294118
Uttar Pradesh,MUZAFFARNAGAR,2011,Kharif,Dry chillies,90,75,0.833333333
Uttar Pradesh,MUZAFFARNAGAR,2011,Kharif,Maize,517,750,1.450676983
Uttar Pradesh,MUZAFFARNAGAR,2011,Kharif,Moong(Green Gram),8,3,0.375
Uttar Pradesh,MUZAFFARNAGAR,2011,Kharif,Rice,37144,86880,2.339004954
Uttar Pradesh,MUZAFFARNAGAR,2011,Kharif,Sesamum,4,1,0.25
Uttar Pradesh,MUZAFFARNAGAR,2011,Kharif,Sugarcane,232053,15464940,66.64399943
Uttar Pradesh,MUZAFFARNAGAR,2011,Kharif,Sweet potato,35,455,13
Uttar Pradesh,MUZAFFARNAGAR,2011,Kharif,Urad,943,631,0.669141039
Uttar Pradesh,MUZAFFARNAGAR,2011,Rabi,Barley,357,970,2.717086835
Uttar Pradesh,MUZAFFARNAGAR,2011,Rabi,Coriander,3,1,0.333333333
Uttar Pradesh,MUZAFFARNAGAR,2011,Rabi,Garlic,34,176,5.176470588
Uttar Pradesh,MUZAFFARNAGAR,2011,Rabi,Gram,165,194,1.175757576
Uttar Pradesh,MUZAFFARNAGAR,2011,Rabi,Linseed,2,1,0.5
Uttar Pradesh,MUZAFFARNAGAR,2011,Rabi,Masoor,337,156,0.462908012
Uttar Pradesh,MUZAFFARNAGAR,2011,Rabi,Onion,43,984,22.88372093
Uttar Pradesh,MUZAFFARNAGAR,2011,Rabi,Peas & beans (Pulses),56,80,1.428571429
Uttar Pradesh,MUZAFFARNAGAR,2011,Rabi,Potato,1999,19110,9.55977989
Uttar Pradesh,MUZAFFARNAGAR,2011,Rabi,Rapeseed &Mustard,5526,5631,1.019001086
Uttar Pradesh,MUZAFFARNAGAR,2011,Rabi,Turmeric,21,59,2.80952381
Uttar Pradesh,MUZAFFARNAGAR,2011,Rabi,Wheat,133841,525995,3.929999029
Uttar Pradesh,MUZAFFARNAGAR,2011,Summer,Banana,5,218,43.6
Uttar Pradesh,MUZAFFARNAGAR,2011,Summer,Maize,15,25,1.666666667
Uttar Pradesh,MUZAFFARNAGAR,2011,Summer,Moong(Green Gram),73,62,0.849315068
Uttar Pradesh,MUZAFFARNAGAR,2011,Summer,Onion,49,531,10.83673469
Uttar Pradesh,MUZAFFARNAGAR,2011,Summer,Rice,34,80,2.352941176
Uttar Pradesh,MUZAFFARNAGAR,2011,Summer,Urad,1408,794,0.563920455
Uttar Pradesh,MUZAFFARNAGAR,2012,Kharif,Arhar/Tur,32,27,0.84375
Uttar Pradesh,MUZAFFARNAGAR,2012,Kharif,Cotton(lint),50,11,0.22
Uttar Pradesh,MUZAFFARNAGAR,2012,Kharif,Dry chillies,23,18,0.782608696
Uttar Pradesh,MUZAFFARNAGAR,2012,Kharif,Maize,18,24,1.333333333
Uttar Pradesh,MUZAFFARNAGAR,2012,Kharif,Moong(Green Gram),1,1,1
Uttar Pradesh,MUZAFFARNAGAR,2012,Kharif,Rice,14646,36644,2.501980063
Uttar Pradesh,MUZAFFARNAGAR,2012,Kharif,Sugarcane,172512,12320117,71.41600005
Uttar Pradesh,MUZAFFARNAGAR,2012,Kharif,Urad,859,570,0.663562282
Uttar Pradesh,MUZAFFARNAGAR,2012,Rabi,Barley,141,376,2.666666667
Uttar Pradesh,MUZAFFARNAGAR,2012,Rabi,Garlic,2,10,5
Uttar Pradesh,MUZAFFARNAGAR,2012,Rabi,Gram,13,14,1.076923077
Uttar Pradesh,MUZAFFARNAGAR,2012,Rabi,Linseed,5,2,0.4
Uttar Pradesh,MUZAFFARNAGAR,2012,Rabi,Masoor,247,237,0.95951417
Uttar Pradesh,MUZAFFARNAGAR,2012,Rabi,Onion,8,184,23
Uttar Pradesh,MUZAFFARNAGAR,2012,Rabi,Peas & beans (Pulses),46,69,1.5
Uttar Pradesh,MUZAFFARNAGAR,2012,Rabi,Potato,1209,31510,26.06286187
Uttar Pradesh,MUZAFFARNAGAR,2012,Rabi,Rapeseed &Mustard,3690,4111,1.114092141
Uttar Pradesh,MUZAFFARNAGAR,2012,Rabi,Turmeric,19,54,2.842105263
Uttar Pradesh,MUZAFFARNAGAR,2012,Rabi,Wheat,81418,297013,3.64800167
Uttar Pradesh,MUZAFFARNAGAR,2012,Summer,Banana,9,402,44.66666667
Uttar Pradesh,MUZAFFARNAGAR,2012,Summer,Maize,5,9,1.8
Uttar Pradesh,MUZAFFARNAGAR,2012,Summer,Moong(Green Gram),47,38,0.808510638
Uttar Pradesh,MUZAFFARNAGAR,2012,Summer,Onion,21,228,10.85714286
Uttar Pradesh,MUZAFFARNAGAR,2012,Summer,Rice,2,5,2.5
Uttar Pradesh,MUZAFFARNAGAR,2012,Summer,Urad,730,491,0.67260274
Uttar Pradesh,MUZAFFARNAGAR,2013,Kharif,Arhar/Tur,101,88,0.871287129
Uttar Pradesh,MUZAFFARNAGAR,2013,Kharif,Cotton(lint),25,6,0.24
Uttar Pradesh,MUZAFFARNAGAR,2013,Kharif,Dry chillies,37,30,0.810810811
Uttar Pradesh,MUZAFFARNAGAR,2013,Kharif,Maize,24,29,1.208333333
Uttar Pradesh,MUZAFFARNAGAR,2013,Kharif,Rice,11064,25857,2.337039046
Uttar Pradesh,MUZAFFARNAGAR,2013,Kharif,Sugarcane,172978,12617707,72.94399866
Uttar Pradesh,MUZAFFARNAGAR,2013,Kharif,Sweet potato,20,265,13.25
Uttar Pradesh,MUZAFFARNAGAR,2013,Kharif,Urad,678,302,0.445427729
Uttar Pradesh,MUZAFFARNAGAR,2013,Rabi,Barley,172,494,2.872093023
Uttar Pradesh,MUZAFFARNAGAR,2013,Rabi,Coriander,3,1,0.333333333
Uttar Pradesh,MUZAFFARNAGAR,2013,Rabi,Garlic,43,252,5.860465116
Uttar Pradesh,MUZAFFARNAGAR,2013,Rabi,Gram,15,6,0.4
Uttar Pradesh,MUZAFFARNAGAR,2013,Rabi,Masoor,267,213,0.797752809
Uttar Pradesh,MUZAFFARNAGAR,2013,Rabi,Onion,17,346,20.35294118
Uttar Pradesh,MUZAFFARNAGAR,2013,Rabi,Peas & beans (Pulses),32,32,1
Uttar Pradesh,MUZAFFARNAGAR,2013,Rabi,Potato,986,10772,10.92494929
Uttar Pradesh,MUZAFFARNAGAR,2013,Rabi,Rapeseed &Mustard,4563,4143,0.907955293
Uttar Pradesh,MUZAFFARNAGAR,2013,Rabi,Turmeric,37,107,2.891891892
Uttar Pradesh,MUZAFFARNAGAR,2013,Rabi,Wheat,75244,279155,3.70999681
Uttar Pradesh,MUZAFFARNAGAR,2013,Summer,Banana,9,392,43.55555556
Uttar Pradesh,MUZAFFARNAGAR,2013,Summer,Maize,1,2,2
Uttar Pradesh,MUZAFFARNAGAR,2013,Summer,Moong(Green Gram),12,8,0.666666667
Uttar Pradesh,MUZAFFARNAGAR,2013,Summer,Onion,28,377,13.46428571
Uttar Pradesh,MUZAFFARNAGAR,2013,Summer,Rice,1,2,2
Uttar Pradesh,MUZAFFARNAGAR,2013,Summer,Urad,444,313,0.704954955
Uttar Pradesh,MUZAFFARNAGAR,2014,Kharif,Arhar/Tur,20,13,0.65
Uttar Pradesh,MUZAFFARNAGAR,2014,Kharif,Dry chillies,219,181,0.826484018
Uttar Pradesh,MUZAFFARNAGAR,2014,Kharif,Maize,31,44,1.419354839
Uttar Pradesh,MUZAFFARNAGAR,2014,Kharif,Moong(Green Gram),3,1,0.333333333
Uttar Pradesh,MUZAFFARNAGAR,2014,Kharif,Rice,10667,25729,2.412018374
Uttar Pradesh,MUZAFFARNAGAR,2014,Kharif,Sannhamp,1,1,1
Uttar Pradesh,MUZAFFARNAGAR,2014,Kharif,Sugarcane,164216,11803189,71.87599868
Uttar Pradesh,MUZAFFARNAGAR,2014,Kharif,Sweet potato,18,223,12.38888889
Uttar Pradesh,MUZAFFARNAGAR,2014,Kharif,Urad,618,525,0.849514563
Uttar Pradesh,MUZAFFARNAGAR,2014,Rabi,Barley,144,247,1.715277778
Uttar Pradesh,MUZAFFARNAGAR,2014,Rabi,Garlic,40,232,5.8
Uttar Pradesh,MUZAFFARNAGAR,2014,Rabi,Gram,2,1,0.5
Uttar Pradesh,MUZAFFARNAGAR,2014,Rabi,Masoor,269,214,0.795539033
Uttar Pradesh,MUZAFFARNAGAR,2014,Rabi,Onion,7,107,15.28571429
Uttar Pradesh,MUZAFFARNAGAR,2014,Rabi,Peas & beans (Pulses),37,28,0.756756757
Uttar Pradesh,MUZAFFARNAGAR,2014,Rabi,Potato,1162,31676,27.25989673
Uttar Pradesh,MUZAFFARNAGAR,2014,Rabi,Rapeseed &Mustard,4352,2602,0.597886029
Uttar Pradesh,MUZAFFARNAGAR,2014,Rabi,Turmeric,29,82,2.827586207
Uttar Pradesh,MUZAFFARNAGAR,2014,Rabi,Wheat,78843,221470,2.809000165
Uttar Pradesh,MUZAFFARNAGAR,2014,Summer,Banana,9,406,45.11111111
Uttar Pradesh,MUZAFFARNAGAR,2014,Summer,Maize,4,7,1.75
Uttar Pradesh,MUZAFFARNAGAR,2014,Summer,Moong(Green Gram),14,10,0.714285714
Uttar Pradesh,MUZAFFARNAGAR,2014,Summer,Onion,20,302,15.1
Uttar Pradesh,MUZAFFARNAGAR,2014,Summer,Rice,109,263,2.412844037
Uttar Pradesh,MUZAFFARNAGAR,2014,Summer,Urad,485,318,0.655670103
Uttar Pradesh,PILIBHIT,1997,Kharif,Arhar/Tur,566,294,0.519434629
Uttar Pradesh,PILIBHIT,1997,Kharif,Bajra,97,134,1.381443299
Uttar Pradesh,PILIBHIT,1997,Kharif,Groundnut,348,310,0.890804598
Uttar Pradesh,PILIBHIT,1997,Kharif,Jowar,178,188,1.056179775
Uttar Pradesh,PILIBHIT,1997,Kharif,Maize,495,648,1.309090909
Uttar Pradesh,PILIBHIT,1997,Kharif,Moong(Green Gram),2,1,0.5
Uttar Pradesh,PILIBHIT,1997,Kharif,Oilseeds total,7977,4103,0.514353767
Uttar Pradesh,PILIBHIT,1997,Kharif,Onion,34,462,13.58823529
Uttar Pradesh,PILIBHIT,1997,Kharif,Rice,144926,434147,2.995646054
Uttar Pradesh,PILIBHIT,1997,Kharif,Sesamum,1194,150,0.125628141
Uttar Pradesh,PILIBHIT,1997,Kharif,Total foodgrain,292262,777962,2.661865039
Uttar Pradesh,PILIBHIT,1997,Kharif,Urad,510,250,0.490196078
Uttar Pradesh,PILIBHIT,1997,Rabi,Barley,79,141,1.784810127
Uttar Pradesh,PILIBHIT,1997,Rabi,Gram,30,19,0.633333333
Uttar Pradesh,PILIBHIT,1997,Rabi,Linseed,18,8,0.444444444
Uttar Pradesh,PILIBHIT,1997,Rabi,Masoor,6049,4275,0.706728385
Uttar Pradesh,PILIBHIT,1997,Rabi,Peas & beans (Pulses),145,188,1.296551724
Uttar Pradesh,PILIBHIT,1997,Rabi,Rapeseed &Mustard,6303,3476,0.551483421
Uttar Pradesh,PILIBHIT,1997,Rabi,Sunflower,114,159,1.394736842
Uttar Pradesh,PILIBHIT,1997,Rabi,Wheat,138401,336031,2.42795211
Uttar Pradesh,PILIBHIT,1997,Summer,Maize,143,226,1.58041958
Uttar Pradesh,PILIBHIT,1997,Summer,Moong(Green Gram),52,22,0.423076923
Uttar Pradesh,PILIBHIT,1997,Summer,Rice,442,1324,2.995475113
Uttar Pradesh,PILIBHIT,1997,Summer,Urad,138,65,0.471014493
Uttar Pradesh,PILIBHIT,1997,Whole Year,Potato,698,8943,12.81232092
Uttar Pradesh,PILIBHIT,1997,Whole Year,Sugarcane,48198,3038980,63.05199386
Uttar Pradesh,PILIBHIT,1998,Kharif,Arhar/Tur,378,435,1.150793651
Uttar Pradesh,PILIBHIT,1998,Kharif,Bajra,13,8,0.615384615
Uttar Pradesh,PILIBHIT,1998,Kharif,Cotton(lint),3,,
Uttar Pradesh,PILIBHIT,1998,Kharif,Groundnut,524,218,0.416030534
Uttar Pradesh,PILIBHIT,1998,Kharif,Jowar,103,49,0.475728155
Uttar Pradesh,PILIBHIT,1998,Kharif,Maize,429,90,0.20979021
Uttar Pradesh,PILIBHIT,1998,Kharif,Rice,148002,385748,2.606370184
Uttar Pradesh,PILIBHIT,1998,Kharif,Sesamum,1059,153,0.144475921
Uttar Pradesh,PILIBHIT,1998,Kharif,Urad,303,66,0.217821782
Uttar Pradesh,PILIBHIT,1998,Rabi,Barley,61,145,2.37704918
Uttar Pradesh,PILIBHIT,1998,Rabi,Gram,23,21,0.913043478
Uttar Pradesh,PILIBHIT,1998,Rabi,Linseed,10,4,0.4
Uttar Pradesh,PILIBHIT,1998,Rabi,Masoor,6462,3732,0.577530176
Uttar Pradesh,PILIBHIT,1998,Rabi,Peas & beans (Pulses),136,144,1.058823529
Uttar Pradesh,PILIBHIT,1998,Rabi,Rapeseed &Mustard,5899,3737,0.633497203
Uttar Pradesh,PILIBHIT,1998,Rabi,Sunflower,73,94,1.287671233
Uttar Pradesh,PILIBHIT,1998,Rabi,Wheat,141945,391650,2.759167283
Uttar Pradesh,PILIBHIT,1998,Summer,Maize,95,96,1.010526316
Uttar Pradesh,PILIBHIT,1998,Summer,Moong(Green Gram),44,23,0.522727273
Uttar Pradesh,PILIBHIT,1998,Summer,Rice,394,1027,2.606598985
Uttar Pradesh,PILIBHIT,1998,Summer,Urad,132,61,0.462121212
Uttar Pradesh,PILIBHIT,1998,Whole Year,Onion,23,384,16.69565217
Uttar Pradesh,PILIBHIT,1998,Whole Year,Potato,618,14867,24.0566343
Uttar Pradesh,PILIBHIT,1998,Whole Year,Sannhamp,10,4,0.4
Uttar Pradesh,PILIBHIT,1998,Whole Year,Sugarcane,45485,2832806,62.2800044
Uttar Pradesh,PILIBHIT,1998,Whole Year,Turmeric,1,2,2
Uttar Pradesh,PILIBHIT,1999,Kharif,Arhar/Tur,205,207,1.009756098
Uttar Pradesh,PILIBHIT,1999,Kharif,Bajra,30,29,0.966666667
Uttar Pradesh,PILIBHIT,1999,Kharif,Groundnut,498,175,0.351405622
Uttar Pradesh,PILIBHIT,1999,Kharif,Jowar,44,28,0.636363636
Uttar Pradesh,PILIBHIT,1999,Kharif,Maize,396,588,1.484848485
Uttar Pradesh,PILIBHIT,1999,Kharif,Rice,149592,397044,2.654179368
Uttar Pradesh,PILIBHIT,1999,Kharif,Sunflower,57,93,1.631578947
Uttar Pradesh,PILIBHIT,1999,Kharif,Urad,255,67,0.262745098
Uttar Pradesh,PILIBHIT,1999,Rabi,Barley,48,80,1.666666667
Uttar Pradesh,PILIBHIT,1999,Rabi,Gram,16,15,0.9375
Uttar Pradesh,PILIBHIT,1999,Rabi,Linseed,12,5,0.416666667
Uttar Pradesh,PILIBHIT,1999,Rabi,Maize,121,175,1.446280992
Uttar Pradesh,PILIBHIT,1999,Rabi,Rapeseed &Mustard,6204,4106,0.661831077
Uttar Pradesh,PILIBHIT,1999,Rabi,Wheat,140527,489298,3.481878927
Uttar Pradesh,PILIBHIT,1999,Summer,Moong(Green Gram),32,17,0.53125
Uttar Pradesh,PILIBHIT,1999,Summer,Rice,579,1537,2.654576857
Uttar Pradesh,PILIBHIT,1999,Summer,Urad,136,66,0.485294118
Uttar Pradesh,PILIBHIT,1999,Whole Year,Onion,30,430,14.33333333
Uttar Pradesh,PILIBHIT,1999,Whole Year,Peas & beans (Pulses),149,269,1.805369128
Uttar Pradesh,PILIBHIT,1999,Whole Year,Potato,552,11042,20.00362319
Uttar Pradesh,PILIBHIT,1999,Whole Year,Sugarcane,43328,2676630,61.77598781
Uttar Pradesh,PILIBHIT,1999,Whole Year,Turmeric,1,1,1
Uttar Pradesh,PILIBHIT,2000,Kharif,Arhar/Tur,241,208,0.863070539
Uttar Pradesh,PILIBHIT,2000,Kharif,Bajra,39,56,1.435897436
Uttar Pradesh,PILIBHIT,2000,Kharif,Groundnut,639,391,0.611893584
Uttar Pradesh,PILIBHIT,2000,Kharif,Jowar,30,25,0.833333333
Uttar Pradesh,PILIBHIT,2000,Kharif,Maize,152,280,1.842105263
Uttar Pradesh,PILIBHIT,2000,Kharif,Rice,150878,404330,2.679847294
Uttar Pradesh,PILIBHIT,2000,Kharif,Sesamum,488,51,0.104508197
Uttar Pradesh,PILIBHIT,2000,Kharif,Small millets,2,3,1.5
Uttar Pradesh,PILIBHIT,2000,Kharif,Urad,212,149,0.702830189
Uttar Pradesh,PILIBHIT,2000,Rabi,Barley,41,93,2.268292683
Uttar Pradesh,PILIBHIT,2000,Rabi,Gram,25,21,0.84
Uttar Pradesh,PILIBHIT,2000,Rabi,Linseed,8,3,0.375
Uttar Pradesh,PILIBHIT,2000,Rabi,Maize,107,173,1.61682243
Uttar Pradesh,PILIBHIT,2000,Rabi,Masoor,6163,5445,0.883498296
Uttar Pradesh,PILIBHIT,2000,Rabi,Moong(Green Gram),42,19,0.452380952
Uttar Pradesh,PILIBHIT,2000,Rabi,Peas & beans (Pulses),135,249,1.844444444
Uttar Pradesh,PILIBHIT,2000,Rabi,Rapeseed &Mustard,6319,4274,0.676372844
Uttar Pradesh,PILIBHIT,2000,Rabi,Urad,155,71,0.458064516
Uttar Pradesh,PILIBHIT,2000,Rabi,Wheat,141609,458179,3.235521754
Uttar Pradesh,PILIBHIT,2000,Summer,Rice,513,1375,2.680311891
Uttar Pradesh,PILIBHIT,2000,Whole Year,Potato,581,12475,21.47160069
Uttar Pradesh,PILIBHIT,2000,Whole Year,Sugarcane,43675,2433746,55.72400687
Uttar Pradesh,PILIBHIT,2001,Kharif,Arhar/Tur,173,179,1.034682081
Uttar Pradesh,PILIBHIT,2001,Kharif,Bajra,8,3,0.375
Uttar Pradesh,PILIBHIT,2001,Kharif,Cotton(lint),2,1,0.5
Uttar Pradesh,PILIBHIT,2001,Kharif,Groundnut,697,554,0.794835007
Uttar Pradesh,PILIBHIT,2001,Kharif,Jowar,29,22,0.75862069
Uttar Pradesh,PILIBHIT,2001,Kharif,Maize,255,374,1.466666667
Uttar Pradesh,PILIBHIT,2001,Kharif,Moong(Green Gram),1,0.1,0.1
Uttar Pradesh,PILIBHIT,2001,Kharif,Rice,140480,426304,3.034624146
Uttar Pradesh,PILIBHIT,2001,Kharif,Sesamum,508,129,0.253937008
Uttar Pradesh,PILIBHIT,2001,Kharif,Soyabean,1,1,1
Uttar Pradesh,PILIBHIT,2001,Kharif,Sunflower,50,97,1.94
Uttar Pradesh,PILIBHIT,2001,Kharif,Urad,185,93,0.502702703
Uttar Pradesh,PILIBHIT,2001,Rabi,Barley,31,77,2.483870968
Uttar Pradesh,PILIBHIT,2001,Rabi,Gram,16,16,1
Uttar Pradesh,PILIBHIT,2001,Rabi,Linseed,6,3,0.5
Uttar Pradesh,PILIBHIT,2001,Rabi,Maize,86,140,1.627906977
Uttar Pradesh,PILIBHIT,2001,Rabi,Masoor,5505,3496,0.635059037
Uttar Pradesh,PILIBHIT,2001,Rabi,Moong(Green Gram),19,10,0.526315789
Uttar Pradesh,PILIBHIT,2001,Rabi,Peas & beans (Pulses),189,304,1.608465608
Uttar Pradesh,PILIBHIT,2001,Rabi,Rapeseed &Mustard,6655,5114,0.768444778
Uttar Pradesh,PILIBHIT,2001,Rabi,Urad,133,66,0.496240602
Uttar Pradesh,PILIBHIT,2001,Rabi,Wheat,140985,429988,3.04988474
Uttar Pradesh,PILIBHIT,2001,Summer,Rice,369,1120,3.035230352
Uttar Pradesh,PILIBHIT,2001,Whole Year,Potato,467,10536,22.56102784
Uttar Pradesh,PILIBHIT,2001,Whole Year,Sugarcane,49713,3036868,61.08800515
Uttar Pradesh,PILIBHIT,2001,Whole Year,Turmeric,6,11,1.833333333
Uttar Pradesh,PILIBHIT,2002,Kharif,Bajra,22,27,1.227272727
Uttar Pradesh,PILIBHIT,2002,Kharif,Groundnut,885,741,0.837288136
Uttar Pradesh,PILIBHIT,2002,Kharif,Jowar,2,2,1
Uttar Pradesh,PILIBHIT,2002,Kharif,Maize,312,332,1.064102564
Uttar Pradesh,PILIBHIT,2002,Kharif,Moong(Green Gram),1,0,0
Uttar Pradesh,PILIBHIT,2002,Kharif,Rice,144387,405772,2.810308407
Uttar Pradesh,PILIBHIT,2002,Kharif,Sesamum,544,39,0.071691176
Uttar Pradesh,PILIBHIT,2002,Kharif,Small millets,2,3,1.5
Uttar Pradesh,PILIBHIT,2002,Kharif,Sunflower,166,238,1.43373494
Uttar Pradesh,PILIBHIT,2002,Kharif,Urad,176,102,0.579545455
Uttar Pradesh,PILIBHIT,2002,Rabi,Barley,34,61,1.794117647
Uttar Pradesh,PILIBHIT,2002,Rabi,Gram,11,10,0.909090909
Uttar Pradesh,PILIBHIT,2002,Rabi,Linseed,6,3,0.5
Uttar Pradesh,PILIBHIT,2002,Rabi,Maize,106,117,1.103773585
Uttar Pradesh,PILIBHIT,2002,Rabi,Masoor,5548,3573,0.644015862
Uttar Pradesh,PILIBHIT,2002,Rabi,Onion,14,145,10.35714286
Uttar Pradesh,PILIBHIT,2002,Rabi,Peas & beans (Pulses),156,192,1.230769231
Uttar Pradesh,PILIBHIT,2002,Rabi,Ragi,2,3,1.5
Uttar Pradesh,PILIBHIT,2002,Rabi,Rapeseed &Mustard,6329,3318,0.524253437
Uttar Pradesh,PILIBHIT,2002,Rabi,Wheat,149641,449372,3.003000515
Uttar Pradesh,PILIBHIT,2002,Summer,Moong(Green Gram),16,9,0.5625
Uttar Pradesh,PILIBHIT,2002,Summer,Onion,23,257,11.17391304
Uttar Pradesh,PILIBHIT,2002,Summer,Rice,723,2032,2.810511757
Uttar Pradesh,PILIBHIT,2002,Summer,Urad,113,60,0.530973451
Uttar Pradesh,PILIBHIT,2002,Whole Year,Potato,619,11925,19.26494346
Uttar Pradesh,PILIBHIT,2002,Whole Year,Sugarcane,57731,3322073,57.54400582
Uttar Pradesh,PILIBHIT,2002,Whole Year,Turmeric,4,7,1.75
Uttar Pradesh,PILIBHIT,2003,Kharif,Arhar/Tur,112,112,1
Uttar Pradesh,PILIBHIT,2003,Kharif,Bajra,5,40,8
Uttar Pradesh,PILIBHIT,2003,Kharif,Groundnut,655,436,0.665648855
Uttar Pradesh,PILIBHIT,2003,Kharif,Jowar,7,6,0.857142857
Uttar Pradesh,PILIBHIT,2003,Kharif,Maize,232,442,1.905172414
Uttar Pradesh,PILIBHIT,2003,Kharif,Rice,157680,428098,2.714979706
Uttar Pradesh,PILIBHIT,2003,Kharif,Sesamum,289,30,0.103806228
Uttar Pradesh,PILIBHIT,2003,Kharif,Soyabean,5,6,1.2
Uttar Pradesh,PILIBHIT,2003,Kharif,Sunflower,55,93,1.690909091
Uttar Pradesh,PILIBHIT,2003,Kharif,Urad,212,116,0.547169811
Uttar Pradesh,PILIBHIT,2003,Rabi,Barley,26,67,2.576923077
Uttar Pradesh,PILIBHIT,2003,Rabi,Gram,13,14,1.076923077
Uttar Pradesh,PILIBHIT,2003,Rabi,Masoor,5027,3368,0.669982097
Uttar Pradesh,PILIBHIT,2003,Rabi,Onion,12,172,14.33333333
Uttar Pradesh,PILIBHIT,2003,Rabi,Peas & beans (Pulses),161,221,1.372670807
Uttar Pradesh,PILIBHIT,2003,Rabi,Rapeseed &Mustard,5917,3933,0.664694947
Uttar Pradesh,PILIBHIT,2003,Rabi,Wheat,162548,498135,3.064540936
Uttar Pradesh,PILIBHIT,2003,Summer,Maize,87,119,1.367816092
Uttar Pradesh,PILIBHIT,2003,Summer,Moong(Green Gram),18,10,0.555555556
Uttar Pradesh,PILIBHIT,2003,Summer,Onion,28,285,10.17857143
Uttar Pradesh,PILIBHIT,2003,Summer,Rice,995,2701,2.714572864
Uttar Pradesh,PILIBHIT,2003,Summer,Urad,80,39,0.4875
Uttar Pradesh,PILIBHIT,2003,Whole Year,Potato,531,11289,21.25988701
Uttar Pradesh,PILIBHIT,2003,Whole Year,Sugarcane,48994,2396982,48.92399069
Uttar Pradesh,PILIBHIT,2003,Whole Year,Turmeric,10,18,1.8
Uttar Pradesh,PILIBHIT,2004,Kharif,Bajra,10,14,1.4
Uttar Pradesh,PILIBHIT,2004,Kharif,Groundnut,687,566,0.823871907
Uttar Pradesh,PILIBHIT,2004,Kharif,Jowar,4,3,0.75
Uttar Pradesh,PILIBHIT,2004,Kharif,Maize,372,570,1.532258065
Uttar Pradesh,PILIBHIT,2004,Kharif,Rice,165534,418292,2.526924982
Uttar Pradesh,PILIBHIT,2004,Kharif,Sannhamp,116,32,0.275862069
Uttar Pradesh,PILIBHIT,2004,Kharif,Sesamum,633,134,0.211690363
Uttar Pradesh,PILIBHIT,2004,Kharif,Soyabean,1,,
Uttar Pradesh,PILIBHIT,2004,Kharif,Sugarcane,44817,2782777,62.09199634
Uttar Pradesh,PILIBHIT,2004,Rabi,Barley,14,30,2.142857143
Uttar Pradesh,PILIBHIT,2004,Rabi,Gram,6,5,0.833333333
Uttar Pradesh,PILIBHIT,2004,Rabi,Linseed,2,1,0.5
Uttar Pradesh,PILIBHIT,2004,Rabi,Potato,579,13293,22.95854922
Uttar Pradesh,PILIBHIT,2004,Rabi,Rapeseed &Mustard,7480,4593,0.614037433
Uttar Pradesh,PILIBHIT,2004,Rabi,Turmeric,4,7,1.75
Uttar Pradesh,PILIBHIT,2004,Rabi,Wheat,173247,536748,3.098166202
Uttar Pradesh,PILIBHIT,2004,Summer,Sunflower,50,98,1.96
Uttar Pradesh,PILIBHIT,2004,Whole Year,Garlic,45,195,4.333333333
Uttar Pradesh,PILIBHIT,2004,Whole Year,Guar seed,76,64,0.842105263
Uttar Pradesh,PILIBHIT,2004,Whole Year,Onion,19,233,12.26315789
Uttar Pradesh,PILIBHIT,2004,Whole Year,Sweet potato,30,348,11.6
Uttar Pradesh,PILIBHIT,2004,Whole Year,Tobacco,2,14,7
Uttar Pradesh,PILIBHIT,2005,Kharif,Bajra,2,3,1.5
Uttar Pradesh,PILIBHIT,2005,Kharif,Jowar,9,8,0.888888889
Uttar Pradesh,PILIBHIT,2005,Kharif,Maize,200,299,1.495
Uttar Pradesh,PILIBHIT,2005,Kharif,Rice,151953,380642,2.504998256
Uttar Pradesh,PILIBHIT,2005,Kharif,Sesamum,344,47,0.136627907
Uttar Pradesh,PILIBHIT,2005,Kharif,Soyabean,17,13,0.764705882
Uttar Pradesh,PILIBHIT,2005,Kharif,Sugarcane,52083,3010397,57.79999232
Uttar Pradesh,PILIBHIT,2005,Rabi,Barley,30,61,2.033333333
Uttar Pradesh,PILIBHIT,2005,Rabi,Gram,17,15,0.882352941
Uttar Pradesh,PILIBHIT,2005,Rabi,Potato,638,14335,22.46865204
Uttar Pradesh,PILIBHIT,2005,Rabi,Rapeseed &Mustard,7543,5153,0.68314994
Uttar Pradesh,PILIBHIT,2005,Rabi,Turmeric,22,98,4.454545455
Uttar Pradesh,PILIBHIT,2005,Rabi,Wheat,152401,502161,3.294998064
Uttar Pradesh,PILIBHIT,2005,Summer,Sunflower,55,66,1.2
Uttar Pradesh,PILIBHIT,2005,Whole Year,Guar seed,73,59,0.808219178
Uttar Pradesh,PILIBHIT,2005,Whole Year,Onion,55,708,12.87272727
Uttar Pradesh,PILIBHIT,2005,Whole Year,Sweet potato,25,327,13.08
Uttar Pradesh,PILIBHIT,2006,Kharif,Arhar/Tur,106,90,0.849056604
Uttar Pradesh,PILIBHIT,2006,Kharif,Bajra,13,18,1.384615385
Uttar Pradesh,PILIBHIT,2006,Kharif,Groundnut,776,718,0.925257732
Uttar Pradesh,PILIBHIT,2006,Kharif,Jowar,2,2,1
Uttar Pradesh,PILIBHIT,2006,Kharif,Maize,519,875,1.685934489
Uttar Pradesh,PILIBHIT,2006,Kharif,Other Kharif pulses,308,218,0.707792208
Uttar Pradesh,PILIBHIT,2006,Kharif,Rice,165534,397116,2.398999601
Uttar Pradesh,PILIBHIT,2006,Kharif,Sannhamp,116,32,0.275862069
Uttar Pradesh,PILIBHIT,2006,Kharif,Sesamum,702,85,0.121082621
Uttar Pradesh,PILIBHIT,2006,Kharif,Soyabean,1,1,1
Uttar Pradesh,PILIBHIT,2006,Kharif,Sugarcane,61177,3857087,63.04799189
Uttar Pradesh,PILIBHIT,2006,Kharif,Sweet potato,214,2921,13.64953271
Uttar Pradesh,PILIBHIT,2006,Rabi,Barley,13,28,2.153846154
Uttar Pradesh,PILIBHIT,2006,Rabi,Garlic,1,4,4
Uttar Pradesh,PILIBHIT,2006,Rabi,Gram,13,9,0.692307692
Uttar Pradesh,PILIBHIT,2006,Rabi,Linseed,2,,
Uttar Pradesh,PILIBHIT,2006,Rabi,Masoor,2886,1509,0.522869023
Uttar Pradesh,PILIBHIT,2006,Rabi,Other  Rabi pulses,343,332,0.967930029
Uttar Pradesh,PILIBHIT,2006,Rabi,Potato,780,13752,17.63076923
Uttar Pradesh,PILIBHIT,2006,Rabi,Rapeseed &Mustard,6559,5310,0.80957463
Uttar Pradesh,PILIBHIT,2006,Rabi,Turmeric,4,14,3.5
Uttar Pradesh,PILIBHIT,2006,Rabi,Wheat,155439,516990,3.325999267
Uttar Pradesh,PILIBHIT,2006,Summer,Maize,169,224,1.325443787
Uttar Pradesh,PILIBHIT,2006,Summer,Onion,17,198,11.64705882
Uttar Pradesh,PILIBHIT,2006,Summer,Rice,6314,15147,2.398954704
Uttar Pradesh,PILIBHIT,2006,Summer,Sunflower,7,11,1.571428571
Uttar Pradesh,PILIBHIT,2006,Whole Year,Coriander,6,3,0.5
Uttar Pradesh,PILIBHIT,2006,Whole Year,Dry chillies,2,2,1
Uttar Pradesh,PILIBHIT,2006,Whole Year,Guar seed,12,10,0.833333333
Uttar Pradesh,PILIBHIT,2007,Kharif,Arhar/Tur,41,36,0.87804878
Uttar Pradesh,PILIBHIT,2007,Kharif,Bajra,13,19,1.461538462
Uttar Pradesh,PILIBHIT,2007,Kharif,Dry ginger,4,9,2.25
Uttar Pradesh,PILIBHIT,2007,Kharif,Groundnut,937,716,0.764140875
Uttar Pradesh,PILIBHIT,2007,Kharif,Guar seed,39,33,0.846153846
Uttar Pradesh,PILIBHIT,2007,Kharif,Jowar,2,1,0.5
Uttar Pradesh,PILIBHIT,2007,Kharif,Maize,303,500,1.650165017
Uttar Pradesh,PILIBHIT,2007,Kharif,Moong(Green Gram),1,,
Uttar Pradesh,PILIBHIT,2007,Kharif,Rice,160112,455198,2.842997402
Uttar Pradesh,PILIBHIT,2007,Kharif,Sannhamp,1,,
Uttar Pradesh,PILIBHIT,2007,Kharif,Sesamum,1313,148,0.112718964
Uttar Pradesh,PILIBHIT,2007,Kharif,Soyabean,18,12,0.666666667
Uttar Pradesh,PILIBHIT,2007,Kharif,Sugarcane,73023,4096298,56.09599715
Uttar Pradesh,PILIBHIT,2007,Kharif,Sweet potato,14,188,13.42857143
Uttar Pradesh,PILIBHIT,2007,Kharif,Urad,250,203,0.812
Uttar Pradesh,PILIBHIT,2007,Rabi,Barley,21,46,2.19047619
Uttar Pradesh,PILIBHIT,2007,Rabi,Gram,17,13,0.764705882
Uttar Pradesh,PILIBHIT,2007,Rabi,Masoor,3267,3318,1.015610652
Uttar Pradesh,PILIBHIT,2007,Rabi,Onion,4,56,14
Uttar Pradesh,PILIBHIT,2007,Rabi,Other  Rabi pulses,264,248,0.939393939
Uttar Pradesh,PILIBHIT,2007,Rabi,Potato,853,19548,22.91676436
Uttar Pradesh,PILIBHIT,2007,Rabi,Rapeseed &Mustard,9562,7529,0.787387576
Uttar Pradesh,PILIBHIT,2007,Rabi,Turmeric,2,6,3
Uttar Pradesh,PILIBHIT,2007,Rabi,Wheat,158818,586991,3.695997935
Uttar Pradesh,PILIBHIT,2007,Summer,Maize,74,106,1.432432432
Uttar Pradesh,PILIBHIT,2007,Summer,Moong(Green Gram),16,10,0.625
Uttar Pradesh,PILIBHIT,2007,Summer,Onion,40,540,13.5
Uttar Pradesh,PILIBHIT,2007,Summer,Rice,9110,25900,2.843029638
Uttar Pradesh,PILIBHIT,2007,Summer,Sunflower,1,3,3
Uttar Pradesh,PILIBHIT,2007,Summer,Urad,71,40,0.563380282
Uttar Pradesh,PILIBHIT,2008,Kharif,Arhar/Tur,22,19,0.863636364
Uttar Pradesh,PILIBHIT,2008,Kharif,Dry chillies,2,2,1
Uttar Pradesh,PILIBHIT,2008,Kharif,Groundnut,622,287,0.461414791
Uttar Pradesh,PILIBHIT,2008,Kharif,Guar seed,40,34,0.85
Uttar Pradesh,PILIBHIT,2008,Kharif,Maize,256,494,1.9296875
Uttar Pradesh,PILIBHIT,2008,Kharif,Rice,154385,345822,2.239997409
Uttar Pradesh,PILIBHIT,2008,Kharif,Sesamum,412,39,0.094660194
Uttar Pradesh,PILIBHIT,2008,Kharif,Soyabean,13,11,0.846153846
Uttar Pradesh,PILIBHIT,2008,Kharif,Sugarcane,61556,3204852,52.06400676
Uttar Pradesh,PILIBHIT,2008,Kharif,Sweet potato,8,98,12.25
Uttar Pradesh,PILIBHIT,2008,Kharif,Urad,146,91,0.623287671
Uttar Pradesh,PILIBHIT,2008,Rabi,Barley,17,46,2.705882353
Uttar Pradesh,PILIBHIT,2008,Rabi,Coriander,1,1,1
Uttar Pradesh,PILIBHIT,2008,Rabi,Garlic,7,41,5.857142857
Uttar Pradesh,PILIBHIT,2008,Rabi,Gram,4,4,1
Uttar Pradesh,PILIBHIT,2008,Rabi,Masoor,2558,2328,0.910086005
Uttar Pradesh,PILIBHIT,2008,Rabi,Onion,7,82,11.71428571
Uttar Pradesh,PILIBHIT,2008,Rabi,Peas & beans (Pulses),240,290,1.208333333
Uttar Pradesh,PILIBHIT,2008,Rabi,Potato,592,8875,14.99155405
Uttar Pradesh,PILIBHIT,2008,Rabi,Rapeseed &Mustard,9552,8469,0.886620603
Uttar Pradesh,PILIBHIT,2008,Rabi,Wheat,155015,564565,3.642002387
Uttar Pradesh,PILIBHIT,2008,Summer,Maize,87,130,1.494252874
Uttar Pradesh,PILIBHIT,2008,Summer,Moong(Green Gram),5,4,0.8
Uttar Pradesh,PILIBHIT,2008,Summer,Rice,7665,17170,2.240052185
Uttar Pradesh,PILIBHIT,2008,Summer,Sunflower,9,17,1.888888889
Uttar Pradesh,PILIBHIT,2008,Summer,Urad,73,45,0.616438356
Uttar Pradesh,PILIBHIT,2009,Kharif,Arhar/Tur,19,15,0.789473684
Uttar Pradesh,PILIBHIT,2009,Kharif,Bajra,1,2,2
Uttar Pradesh,PILIBHIT,2009,Kharif,Dry chillies,1,1,1
Uttar Pradesh,PILIBHIT,2009,Kharif,Groundnut,527,495,0.939278937
Uttar Pradesh,PILIBHIT,2009,Kharif,Guar seed,48,40,0.833333333
Uttar Pradesh,PILIBHIT,2009,Kharif,Maize,302,565,1.870860927
Uttar Pradesh,PILIBHIT,2009,Kharif,Rice,154810,403280,2.604999677
Uttar Pradesh,PILIBHIT,2009,Kharif,Sesamum,1307,127,0.09716909
Uttar Pradesh,PILIBHIT,2009,Kharif,Soyabean,49,51,1.040816327
Uttar Pradesh,PILIBHIT,2009,Kharif,Sugarcane,50456,3308703,65.57600682
Uttar Pradesh,PILIBHIT,2009,Kharif,Sweet potato,19,258,13.57894737
Uttar Pradesh,PILIBHIT,2009,Kharif,Urad,169,125,0.73964497
Uttar Pradesh,PILIBHIT,2009,Rabi,Barley,5,11,2.2
Uttar Pradesh,PILIBHIT,2009,Rabi,Garlic,11,58,5.272727273
Uttar Pradesh,PILIBHIT,2009,Rabi,Gram,1,1,1
Uttar Pradesh,PILIBHIT,2009,Rabi,Masoor,3449,2912,0.844302696
Uttar Pradesh,PILIBHIT,2009,Rabi,Onion,1,17,17
Uttar Pradesh,PILIBHIT,2009,Rabi,Peas & beans (Pulses),541,694,1.282809612
Uttar Pradesh,PILIBHIT,2009,Rabi,Potato,492,11157,22.67682927
Uttar Pradesh,PILIBHIT,2009,Rabi,Rapeseed &Mustard,8000,6313,0.789125
Uttar Pradesh,PILIBHIT,2009,Rabi,Turmeric,7,23,3.285714286
Uttar Pradesh,PILIBHIT,2009,Rabi,Wheat,158573,535818,3.378998947
Uttar Pradesh,PILIBHIT,2009,Summer,Banana,6,247,41.16666667
Uttar Pradesh,PILIBHIT,2009,Summer,Maize,85,124,1.458823529
Uttar Pradesh,PILIBHIT,2009,Summer,Moong(Green Gram),22,16,0.727272727
Uttar Pradesh,PILIBHIT,2009,Summer,Onion,16,222,13.875
Uttar Pradesh,PILIBHIT,2009,Summer,Rice,8682,22617,2.605044921
Uttar Pradesh,PILIBHIT,2009,Summer,Sunflower,1,2,2
Uttar Pradesh,PILIBHIT,2009,Summer,Urad,144,89,0.618055556
Uttar Pradesh,PILIBHIT,2010,Kharif,Arhar/Tur,7,5,0.714285714
Uttar Pradesh,PILIBHIT,2010,Kharif,Dry chillies,1,1,1
Uttar Pradesh,PILIBHIT,2010,Kharif,Dry ginger,1,3,3
Uttar Pradesh,PILIBHIT,2010,Kharif,Groundnut,325,312,0.96
Uttar Pradesh,PILIBHIT,2010,Kharif,Guar seed,8,7,0.875
Uttar Pradesh,PILIBHIT,2010,Kharif,Jowar,5,5,1
Uttar Pradesh,PILIBHIT,2010,Kharif,Maize,176,287,1.630681818
Uttar Pradesh,PILIBHIT,2010,Kharif,Rice,149172,370692,2.484997184
Uttar Pradesh,PILIBHIT,2010,Kharif,Sesamum,835,113,0.135329341
Uttar Pradesh,PILIBHIT,2010,Kharif,Soyabean,121,149,1.231404959
Uttar Pradesh,PILIBHIT,2010,Kharif,Sugarcane,56183,3376823,60.10399943
Uttar Pradesh,PILIBHIT,2010,Kharif,Urad,136,88,0.647058824
Uttar Pradesh,PILIBHIT,2010,Rabi,Barley,5,13,2.6
Uttar Pradesh,PILIBHIT,2010,Rabi,Gram,1,1,1
Uttar Pradesh,PILIBHIT,2010,Rabi,Masoor,3403,2893,0.850132236
Uttar Pradesh,PILIBHIT,2010,Rabi,Onion,6,110,18.33333333
Uttar Pradesh,PILIBHIT,2010,Rabi,Peas & beans (Pulses),415,899,2.16626506
Uttar Pradesh,PILIBHIT,2010,Rabi,Potato,514,10556,20.53696498
Uttar Pradesh,PILIBHIT,2010,Rabi,Rapeseed &Mustard,9690,7684,0.792982456
Uttar Pradesh,PILIBHIT,2010,Rabi,Turmeric,10,32,3.2
Uttar Pradesh,PILIBHIT,2010,Rabi,Wheat,149823,567230,3.786000814
Uttar Pradesh,PILIBHIT,2010,Summer,Maize,33,48,1.454545455
Uttar Pradesh,PILIBHIT,2010,Summer,Moong(Green Gram),12,11,0.916666667
Uttar Pradesh,PILIBHIT,2010,Summer,Rice,8391,20852,2.485043499
Uttar Pradesh,PILIBHIT,2010,Summer,Sunflower,6,13,2.166666667
Uttar Pradesh,PILIBHIT,2010,Summer,Urad,63,39,0.619047619
Uttar Pradesh,PILIBHIT,2011,Kharif,Arhar/Tur,20,18,0.9
Uttar Pradesh,PILIBHIT,2011,Kharif,Bajra,36,60,1.666666667
Uttar Pradesh,PILIBHIT,2011,Kharif,Groundnut,378,571,1.510582011
Uttar Pradesh,PILIBHIT,2011,Kharif,Guar seed,29,24,0.827586207
Uttar Pradesh,PILIBHIT,2011,Kharif,Jowar,32,24,0.75
Uttar Pradesh,PILIBHIT,2011,Kharif,Maize,256,488,1.90625
Uttar Pradesh,PILIBHIT,2011,Kharif,Rice,152550,427750,2.803998689
Uttar Pradesh,PILIBHIT,2011,Kharif,Sesamum,887,119,0.13416009
Uttar Pradesh,PILIBHIT,2011,Kharif,Soyabean,304,381,1.253289474
Uttar Pradesh,PILIBHIT,2011,Kharif,Sugarcane,55543,3575414,64.37200007
Uttar Pradesh,PILIBHIT,2011,Kharif,Sweet potato,49,637,13
Uttar Pradesh,PILIBHIT,2011,Kharif,Urad,166,166,1
Uttar Pradesh,PILIBHIT,2011,Rabi,Barley,5,15,3
Uttar Pradesh,PILIBHIT,2011,Rabi,Garlic,21,108,5.142857143
Uttar Pradesh,PILIBHIT,2011,Rabi,Gram,3,3,1
Uttar Pradesh,PILIBHIT,2011,Rabi,Maize,1,2,2
Uttar Pradesh,PILIBHIT,2011,Rabi,Masoor,2363,2292,0.969953449
Uttar Pradesh,PILIBHIT,2011,Rabi,Onion,125,2859,22.872
Uttar Pradesh,PILIBHIT,2011,Rabi,Peas & beans (Pulses),458,796,1.737991266
Uttar Pradesh,PILIBHIT,2011,Rabi,Potato,465,10098,21.71612903
Uttar Pradesh,PILIBHIT,2011,Rabi,Rapeseed &Mustard,10906,8223,0.75398863
Uttar Pradesh,PILIBHIT,2011,Rabi,Turmeric,33,93,2.818181818
Uttar Pradesh,PILIBHIT,2011,Rabi,Wheat,150414,575935,3.82899863
Uttar Pradesh,PILIBHIT,2011,Summer,Banana,83,3626,43.68674699
Uttar Pradesh,PILIBHIT,2011,Summer,Maize,97,160,1.649484536
Uttar Pradesh,PILIBHIT,2011,Summer,Moong(Green Gram),11,9,0.818181818
Uttar Pradesh,PILIBHIT,2011,Summer,Onion,16,173,10.8125
Uttar Pradesh,PILIBHIT,2011,Summer,Rice,7258,20351,2.803940479
Uttar Pradesh,PILIBHIT,2011,Summer,Sunflower,5,9,1.8
Uttar Pradesh,PILIBHIT,2011,Summer,Urad,87,58,0.666666667
Uttar Pradesh,PILIBHIT,2012,Kharif,Arhar/Tur,135,131,0.97037037
Uttar Pradesh,PILIBHIT,2012,Kharif,Groundnut,242,353,1.458677686
Uttar Pradesh,PILIBHIT,2012,Kharif,Guar seed,33,27,0.818181818
Uttar Pradesh,PILIBHIT,2012,Kharif,Maize,117,245,2.094017094
Uttar Pradesh,PILIBHIT,2012,Kharif,Rice,152957,423844,2.771001
Uttar Pradesh,PILIBHIT,2012,Kharif,Sesamum,1149,145,0.126196693
Uttar Pradesh,PILIBHIT,2012,Kharif,Soyabean,163,231,1.417177914
Uttar Pradesh,PILIBHIT,2012,Kharif,Sugarcane,55380,3636251,65.66000361
Uttar Pradesh,PILIBHIT,2012,Kharif,Sweet potato,18,233,12.94444444
Uttar Pradesh,PILIBHIT,2012,Rabi,Barley,5,14,2.8
Uttar Pradesh,PILIBHIT,2012,Rabi,Garlic,21,109,5.19047619
Uttar Pradesh,PILIBHIT,2012,Rabi,Gram,3,3,1
Uttar Pradesh,PILIBHIT,2012,Rabi,Masoor,2092,2110,1.008604207
Uttar Pradesh,PILIBHIT,2012,Rabi,Onion,1,23,23
Uttar Pradesh,PILIBHIT,2012,Rabi,Peas & beans (Pulses),412,875,2.123786408
Uttar Pradesh,PILIBHIT,2012,Rabi,Potato,470,9474,20.15744681
Uttar Pradesh,PILIBHIT,2012,Rabi,Rapeseed &Mustard,11747,12969,1.10402656
Uttar Pradesh,PILIBHIT,2012,Rabi,Turmeric,2,6,3
Uttar Pradesh,PILIBHIT,2012,Rabi,Wheat,136892,494317,3.610999912
Uttar Pradesh,PILIBHIT,2012,Summer,Banana,18,804,44.66666667
Uttar Pradesh,PILIBHIT,2012,Summer,Maize,80,148,1.85
Uttar Pradesh,PILIBHIT,2012,Summer,Moong(Green Gram),77,63,0.818181818
Uttar Pradesh,PILIBHIT,2012,Summer,Onion,39,424,10.87179487
Uttar Pradesh,PILIBHIT,2012,Summer,Rice,8583,23783,2.770942561
Uttar Pradesh,PILIBHIT,2012,Summer,Sunflower,5,4,0.8
Uttar Pradesh,PILIBHIT,2012,Summer,Urad,89,62,0.696629213
Uttar Pradesh,PILIBHIT,2013,Kharif,Arhar/Tur,6,5,0.833333333
Uttar Pradesh,PILIBHIT,2013,Kharif,Groundnut,352,504,1.431818182
Uttar Pradesh,PILIBHIT,2013,Kharif,Guar seed,32,26,0.8125
Uttar Pradesh,PILIBHIT,2013,Kharif,Maize,281,570,2.028469751
Uttar Pradesh,PILIBHIT,2013,Kharif,Rice,135908,380135,2.797002384
Uttar Pradesh,PILIBHIT,2013,Kharif,Sesamum,863,93,0.107763615
Uttar Pradesh,PILIBHIT,2013,Kharif,Soyabean,901,519,0.576026637
Uttar Pradesh,PILIBHIT,2013,Kharif,Sugarcane,74784,4430802,59.24799422
Uttar Pradesh,PILIBHIT,2013,Kharif,Urad,105,80,0.761904762
Uttar Pradesh,PILIBHIT,2013,Rabi,Barley,2,6,3
Uttar Pradesh,PILIBHIT,2013,Rabi,Garlic,41,240,5.853658537
Uttar Pradesh,PILIBHIT,2013,Rabi,Gram,4,2,0.5
Uttar Pradesh,PILIBHIT,2013,Rabi,Masoor,1701,1650,0.970017637
Uttar Pradesh,PILIBHIT,2013,Rabi,Onion,1,20,20
Uttar Pradesh,PILIBHIT,2013,Rabi,Peas & beans (Pulses),557,1202,2.157989228
Uttar Pradesh,PILIBHIT,2013,Rabi,Potato,528,13587,25.73295455
Uttar Pradesh,PILIBHIT,2013,Rabi,Rapeseed &Mustard,9455,8349,0.883024855
Uttar Pradesh,PILIBHIT,2013,Rabi,Turmeric,95,275,2.894736842
Uttar Pradesh,PILIBHIT,2013,Rabi,Wheat,143500,525354,3.661003484
Uttar Pradesh,PILIBHIT,2013,Summer,Banana,1,44,44
Uttar Pradesh,PILIBHIT,2013,Summer,Maize,49,90,1.836734694
Uttar Pradesh,PILIBHIT,2013,Summer,Moong(Green Gram),11,7,0.636363636
Uttar Pradesh,PILIBHIT,2013,Summer,Onion,5,67,13.4
Uttar Pradesh,PILIBHIT,2013,Summer,Rice,10502,29374,2.796991049
Uttar Pradesh,PILIBHIT,2013,Summer,Sunflower,42,67,1.595238095
Uttar Pradesh,PILIBHIT,2013,Summer,Tobacco,635,1952,3.074015748
Uttar Pradesh,PILIBHIT,2013,Summer,Urad,52,30,0.576923077
Uttar Pradesh,PILIBHIT,2014,Kharif,Dry chillies,6,5,0.833333333
Uttar Pradesh,PILIBHIT,2014,Kharif,Groundnut,342,383,1.119883041
Uttar Pradesh,PILIBHIT,2014,Kharif,Maize,476,935,1.964285714
Uttar Pradesh,PILIBHIT,2014,Kharif,Rice,118036,309963,2.626003931
Uttar Pradesh,PILIBHIT,2014,Kharif,Sesamum,785,122,0.155414013
Uttar Pradesh,PILIBHIT,2014,Kharif,Soyabean,292,209,0.715753425
Uttar Pradesh,PILIBHIT,2014,Kharif,Sugarcane,93620,6500973,69.44000214
Uttar Pradesh,PILIBHIT,2014,Kharif,Urad,51,42,0.823529412
Uttar Pradesh,PILIBHIT,2014,Rabi,Barley,398,683,1.716080402
Uttar Pradesh,PILIBHIT,2014,Rabi,Garlic,23,133,5.782608696
Uttar Pradesh,PILIBHIT,2014,Rabi,Gram,1,,
Uttar Pradesh,PILIBHIT,2014,Rabi,Masoor,2281,2060,0.90311267
Uttar Pradesh,PILIBHIT,2014,Rabi,Onion,5,76,15.2
Uttar Pradesh,PILIBHIT,2014,Rabi,Peas & beans (Pulses),295,289,0.979661017
Uttar Pradesh,PILIBHIT,2014,Rabi,Potato,489,8516,17.41513292
Uttar Pradesh,PILIBHIT,2014,Rabi,Rapeseed &Mustard,9573,6051,0.632090254
Uttar Pradesh,PILIBHIT,2014,Rabi,Turmeric,95,270,2.842105263
Uttar Pradesh,PILIBHIT,2014,Rabi,Wheat,144784,371371,2.565000276
Uttar Pradesh,PILIBHIT,2014,Summer,Banana,22,992,45.09090909
Uttar Pradesh,PILIBHIT,2014,Summer,Maize,108,192,1.777777778
Uttar Pradesh,PILIBHIT,2014,Summer,Moong(Green Gram),1,1,1
Uttar Pradesh,PILIBHIT,2014,Summer,Onion,2,30,15
Uttar Pradesh,PILIBHIT,2014,Summer,Rice,10953,28763,2.626038528
Uttar Pradesh,PILIBHIT,2014,Summer,Sunflower,155,265,1.709677419
Uttar Pradesh,PILIBHIT,2014,Summer,Urad,69,37,0.536231884
Uttar Pradesh,PRATAPGARH,1997,Kharif,Arhar/Tur,13054,15443,1.183009039
Uttar Pradesh,PRATAPGARH,1997,Kharif,Bajra,14319,17911,1.250855507
Uttar Pradesh,PRATAPGARH,1997,Kharif,Groundnut,3,3,1
Uttar Pradesh,PRATAPGARH,1997,Kharif,Jowar,6363,7222,1.134999214
Uttar Pradesh,PRATAPGARH,1997,Kharif,Maize,2336,4948,2.118150685
Uttar Pradesh,PRATAPGARH,1997,Kharif,Moong(Green Gram),419,141,0.336515513
Uttar Pradesh,PRATAPGARH,1997,Kharif,Moth,1,1,1
Uttar Pradesh,PRATAPGARH,1997,Kharif,Rice,109370,228671,2.090801865
Uttar Pradesh,PRATAPGARH,1997,Kharif,Sesamum,882,287,0.325396825
Uttar Pradesh,PRATAPGARH,1997,Kharif,Small millets,102,108,1.058823529
Uttar Pradesh,PRATAPGARH,1997,Kharif,Urad,5599,3177,0.567422754
Uttar Pradesh,PRATAPGARH,1997,Rabi,Barley,3268,6288,1.924112607
Uttar Pradesh,PRATAPGARH,1997,Rabi,Gram,8266,10869,1.314904428
Uttar Pradesh,PRATAPGARH,1997,Rabi,Linseed,176,59,0.335227273
Uttar Pradesh,PRATAPGARH,1997,Rabi,Masoor,16,12,0.75
Uttar Pradesh,PRATAPGARH,1997,Rabi,Peas & beans (Pulses),4793,4763,0.993740872
Uttar Pradesh,PRATAPGARH,1997,Rabi,Rapeseed &Mustard,1645,794,0.482674772
Uttar Pradesh,PRATAPGARH,1997,Rabi,Sunflower,8,11,1.375
Uttar Pradesh,PRATAPGARH,1997,Rabi,Wheat,142980,317913,2.223478808
Uttar Pradesh,PRATAPGARH,1997,Summer,Maize,26,41,1.576923077
Uttar Pradesh,PRATAPGARH,1997,Summer,Moong(Green Gram),2891,1963,0.679003805
Uttar Pradesh,PRATAPGARH,1997,Summer,Urad,4917,2483,0.504982713
Uttar Pradesh,PRATAPGARH,1997,Whole Year,Potato,7004,131295,18.74571673
Uttar Pradesh,PRATAPGARH,1997,Whole Year,Sugarcane,2051,106919,52.1301804
Uttar Pradesh,PRATAPGARH,1998,Kharif,Arhar/Tur,14984,22043,1.471102509
Uttar Pradesh,PRATAPGARH,1998,Kharif,Bajra,19820,12364,0.623814329
Uttar Pradesh,PRATAPGARH,1998,Kharif,Jowar,7220,5583,0.773268698
Uttar Pradesh,PRATAPGARH,1998,Kharif,Maize,2011,2779,1.381899552
Uttar Pradesh,PRATAPGARH,1998,Kharif,Moong(Green Gram),546,184,0.336996337
Uttar Pradesh,PRATAPGARH,1998,Kharif,Ragi,26,33,1.269230769
Uttar Pradesh,PRATAPGARH,1998,Kharif,Rice,111838,174882,1.563708221
Uttar Pradesh,PRATAPGARH,1998,Kharif,Sesamum,987,164,0.166160081
Uttar Pradesh,PRATAPGARH,1998,Kharif,Small millets,82,68,0.829268293
Uttar Pradesh,PRATAPGARH,1998,Kharif,Urad,6704,3174,0.473448687
Uttar Pradesh,PRATAPGARH,1998,Rabi,Barley,3301,5268,1.595880036
Uttar Pradesh,PRATAPGARH,1998,Rabi,Gram,8082,8274,1.023756496
Uttar Pradesh,PRATAPGARH,1998,Rabi,Linseed,178,62,0.348314607
Uttar Pradesh,PRATAPGARH,1998,Rabi,Masoor,16,13,0.8125
Uttar Pradesh,PRATAPGARH,1998,Rabi,Peas & beans (Pulses),4952,5418,1.094103393
Uttar Pradesh,PRATAPGARH,1998,Rabi,Rapeseed &Mustard,1768,1371,0.775452489
Uttar Pradesh,PRATAPGARH,1998,Rabi,Sunflower,4,5,1.25
Uttar Pradesh,PRATAPGARH,1998,Rabi,Wheat,142527,279966,1.964301501
Uttar Pradesh,PRATAPGARH,1998,Summer,Maize,52,53,1.019230769
Uttar Pradesh,PRATAPGARH,1998,Summer,Moong(Green Gram),2991,1636,0.546974256
Uttar Pradesh,PRATAPGARH,1998,Summer,Urad,4426,2005,0.453004971
Uttar Pradesh,PRATAPGARH,1998,Whole Year,Onion,425,5162,12.14588235
Uttar Pradesh,PRATAPGARH,1998,Whole Year,Potato,7383,148797,20.15400244
Uttar Pradesh,PRATAPGARH,1998,Whole Year,Sannhamp,408,149,0.365196078
Uttar Pradesh,PRATAPGARH,1998,Whole Year,Sugarcane,2280,82800,36.31578947
Uttar Pradesh,PRATAPGARH,1998,Whole Year,Tobacco,1,6,6
Uttar Pradesh,PRATAPGARH,1998,Whole Year,Turmeric,1,2,2
Uttar Pradesh,PRATAPGARH,1999,Kharif,Arhar/Tur,12158,11503,0.946126008
Uttar Pradesh,PRATAPGARH,1999,Kharif,Bajra,13987,11311,0.808679488
Uttar Pradesh,PRATAPGARH,1999,Kharif,Groundnut,1,1,1
Uttar Pradesh,PRATAPGARH,1999,Kharif,Jowar,6028,4017,0.666390179
Uttar Pradesh,PRATAPGARH,1999,Kharif,Maize,2040,4152,2.035294118
Uttar Pradesh,PRATAPGARH,1999,Kharif,Moong(Green Gram),565,264,0.467256637
Uttar Pradesh,PRATAPGARH,1999,Kharif,Rice,112157,228834,2.04030065
Uttar Pradesh,PRATAPGARH,1999,Kharif,Small millets,59,48,0.813559322
Uttar Pradesh,PRATAPGARH,1999,Kharif,Sunflower,6,8,1.333333333
Uttar Pradesh,PRATAPGARH,1999,Kharif,Urad,5403,2307,0.426985008
Uttar Pradesh,PRATAPGARH,1999,Rabi,Barley,2844,5561,1.955344585
Uttar Pradesh,PRATAPGARH,1999,Rabi,Gram,7345,7107,0.967597005
Uttar Pradesh,PRATAPGARH,1999,Rabi,Linseed,184,68,0.369565217
Uttar Pradesh,PRATAPGARH,1999,Rabi,Maize,85,123,1.447058824
Uttar Pradesh,PRATAPGARH,1999,Rabi,Ragi,14,24,1.714285714
Uttar Pradesh,PRATAPGARH,1999,Rabi,Rapeseed &Mustard,1461,845,0.578370979
Uttar Pradesh,PRATAPGARH,1999,Rabi,Wheat,143113,329835,2.304717251
Uttar Pradesh,PRATAPGARH,1999,Summer,Moong(Green Gram),2885,1670,0.578856153
Uttar Pradesh,PRATAPGARH,1999,Summer,Urad,4280,2868,0.670093458
Uttar Pradesh,PRATAPGARH,1999,Whole Year,Onion,327,4688,14.33639144
Uttar Pradesh,PRATAPGARH,1999,Whole Year,Peas & beans (Pulses),4892,8380,1.713000818
Uttar Pradesh,PRATAPGARH,1999,Whole Year,Potato,6771,127369,18.8109585
Uttar Pradesh,PRATAPGARH,1999,Whole Year,Sugarcane,2108,118604,56.26375712
Uttar Pradesh,PRATAPGARH,1999,Whole Year,Tobacco,2,15,7.5
Uttar Pradesh,PRATAPGARH,2000,Kharif,Arhar/Tur,12410,14859,1.197340854
Uttar Pradesh,PRATAPGARH,2000,Kharif,Bajra,13950,14426,1.034121864
Uttar Pradesh,PRATAPGARH,2000,Kharif,Groundnut,1,1,1
Uttar Pradesh,PRATAPGARH,2000,Kharif,Jowar,6070,7786,1.282701812
Uttar Pradesh,PRATAPGARH,2000,Kharif,Maize,1749,3703,2.117209834
Uttar Pradesh,PRATAPGARH,2000,Kharif,Moong(Green Gram),534,161,0.301498127
Uttar Pradesh,PRATAPGARH,2000,Kharif,Rice,109804,172170,1.567975666
Uttar Pradesh,PRATAPGARH,2000,Kharif,Sesamum,902,256,0.283813747
Uttar Pradesh,PRATAPGARH,2000,Kharif,Small millets,29,36,1.24137931
Uttar Pradesh,PRATAPGARH,2000,Kharif,Urad,5562,2481,0.446062567
Uttar Pradesh,PRATAPGARH,2000,Rabi,Barley,2955,3929,1.329610829
Uttar Pradesh,PRATAPGARH,2000,Rabi,Gram,7615,6540,0.858831254
Uttar Pradesh,PRATAPGARH,2000,Rabi,Linseed,204,70,0.343137255
Uttar Pradesh,PRATAPGARH,2000,Rabi,Maize,48,78,1.625
Uttar Pradesh,PRATAPGARH,2000,Rabi,Masoor,18,8,0.444444444
Uttar Pradesh,PRATAPGARH,2000,Rabi,Moong(Green Gram),2966,1809,0.60991234
Uttar Pradesh,PRATAPGARH,2000,Rabi,Peas & beans (Pulses),4919,5401,1.097987396
Uttar Pradesh,PRATAPGARH,2000,Rabi,Rapeseed &Mustard,1537,1194,0.776837996
Uttar Pradesh,PRATAPGARH,2000,Rabi,Urad,4771,1670,0.35003144
Uttar Pradesh,PRATAPGARH,2000,Rabi,Wheat,142951,333524,2.33313513
Uttar Pradesh,PRATAPGARH,2000,Whole Year,Potato,7200,102544,14.24222222
Uttar Pradesh,PRATAPGARH,2000,Whole Year,Sugarcane,2094,99722,47.62273161
Uttar Pradesh,PRATAPGARH,2000,Whole Year,Turmeric,2,3,1.5
Uttar Pradesh,PRATAPGARH,2001,Kharif,Arhar/Tur,12287,17895,1.456417352
Uttar Pradesh,PRATAPGARH,2001,Kharif,Bajra,14037,16306,1.161644226
Uttar Pradesh,PRATAPGARH,2001,Kharif,Groundnut,3,2,0.666666667
Uttar Pradesh,PRATAPGARH,2001,Kharif,Jowar,6086,6600,1.084456129
Uttar Pradesh,PRATAPGARH,2001,Kharif,Maize,1839,3547,1.928765633
Uttar Pradesh,PRATAPGARH,2001,Kharif,Moong(Green Gram),662,182,0.274924471
Uttar Pradesh,PRATAPGARH,2001,Kharif,Rice,116257,231694,1.992946661
Uttar Pradesh,PRATAPGARH,2001,Kharif,Sesamum,831,217,0.261131167
Uttar Pradesh,PRATAPGARH,2001,Kharif,Small millets,27,26,0.962962963
Uttar Pradesh,PRATAPGARH,2001,Kharif,Sunflower,12,23,1.916666667
Uttar Pradesh,PRATAPGARH,2001,Kharif,Urad,5840,2073,0.354965753
Uttar Pradesh,PRATAPGARH,2001,Rabi,Barley,2190,3560,1.625570776
Uttar Pradesh,PRATAPGARH,2001,Rabi,Gram,5660,4841,0.855300353
Uttar Pradesh,PRATAPGARH,2001,Rabi,Linseed,114,41,0.359649123
Uttar Pradesh,PRATAPGARH,2001,Rabi,Maize,49,80,1.632653061
Uttar Pradesh,PRATAPGARH,2001,Rabi,Masoor,22,15,0.681818182
Uttar Pradesh,PRATAPGARH,2001,Rabi,Moong(Green Gram),2404,1447,0.601913478
Uttar Pradesh,PRATAPGARH,2001,Rabi,Peas & beans (Pulses),4966,5170,1.04107934
Uttar Pradesh,PRATAPGARH,2001,Rabi,Rapeseed &Mustard,1720,1626,0.945348837
Uttar Pradesh,PRATAPGARH,2001,Rabi,Urad,4591,1850,0.402962318
Uttar Pradesh,PRATAPGARH,2001,Rabi,Wheat,147666,316131,2.140851652
Uttar Pradesh,PRATAPGARH,2001,Whole Year,Potato,6738,105362,15.63698427
Uttar Pradesh,PRATAPGARH,2001,Whole Year,Sugarcane,2115,82510,39.01182033
Uttar Pradesh,PRATAPGARH,2001,Whole Year,Turmeric,1,2,2
Uttar Pradesh,PRATAPGARH,2002,Kharif,Bajra,15006,14088,0.93882447
Uttar Pradesh,PRATAPGARH,2002,Kharif,Jowar,4271,4254,0.996019668
Uttar Pradesh,PRATAPGARH,2002,Kharif,Maize,866,1192,1.376443418
Uttar Pradesh,PRATAPGARH,2002,Kharif,Moong(Green Gram),355,238,0.670422535
Uttar Pradesh,PRATAPGARH,2002,Kharif,Moth,3,1,0.333333333
Uttar Pradesh,PRATAPGARH,2002,Kharif,Rice,99302,179042,1.803004975
Uttar Pradesh,PRATAPGARH,2002,Kharif,Sesamum,645,210,0.325581395
Uttar Pradesh,PRATAPGARH,2002,Kharif,Small millets,8,8,1
Uttar Pradesh,PRATAPGARH,2002,Kharif,Urad,4778,1352,0.282963583
Uttar Pradesh,PRATAPGARH,2002,Rabi,Barley,2102,3696,1.758325404
Uttar Pradesh,PRATAPGARH,2002,Rabi,Gram,4937,4690,0.949969617
Uttar Pradesh,PRATAPGARH,2002,Rabi,Linseed,53,24,0.452830189
Uttar Pradesh,PRATAPGARH,2002,Rabi,Maize,49,54,1.102040816
Uttar Pradesh,PRATAPGARH,2002,Rabi,Masoor,16,16,1
Uttar Pradesh,PRATAPGARH,2002,Rabi,Onion,91,939,10.31868132
Uttar Pradesh,PRATAPGARH,2002,Rabi,Peas & beans (Pulses),4755,4123,0.867087277
Uttar Pradesh,PRATAPGARH,2002,Rabi,Ragi,3,4,1.333333333
Uttar Pradesh,PRATAPGARH,2002,Rabi,Rapeseed &Mustard,1605,1181,0.735825545
Uttar Pradesh,PRATAPGARH,2002,Rabi,Wheat,144715,295327,2.040749058
Uttar Pradesh,PRATAPGARH,2002,Summer,Moong(Green Gram),2528,1987,0.785996835
Uttar Pradesh,PRATAPGARH,2002,Summer,Onion,325,3633,11.17846154
Uttar Pradesh,PRATAPGARH,2002,Summer,Urad,4723,2470,0.522972687
Uttar Pradesh,PRATAPGARH,2002,Whole Year,Potato,6397,107406,16.79005784
Uttar Pradesh,PRATAPGARH,2002,Whole Year,Sannhamp,94,30,0.319148936
Uttar Pradesh,PRATAPGARH,2002,Whole Year,Sugarcane,1272,54721,43.01965409
Uttar Pradesh,PRATAPGARH,2003,Kharif,Arhar/Tur,11069,16137,1.457855271
Uttar Pradesh,PRATAPGARH,2003,Kharif,Bajra,13441,16505,1.227959229
Uttar Pradesh,PRATAPGARH,2003,Kharif,Jowar,4878,5139,1.053505535
Uttar Pradesh,PRATAPGARH,2003,Kharif,Maize,1238,1416,1.143780291
Uttar Pradesh,PRATAPGARH,2003,Kharif,Moong(Green Gram),260,147,0.565384615
Uttar Pradesh,PRATAPGARH,2003,Kharif,Rice,107856,239818,2.223501706
Uttar Pradesh,PRATAPGARH,2003,Kharif,Sesamum,408,107,0.262254902
Uttar Pradesh,PRATAPGARH,2003,Kharif,Urad,5237,2095,0.40003819
Uttar Pradesh,PRATAPGARH,2003,Rabi,Barley,1671,2860,1.71154997
Uttar Pradesh,PRATAPGARH,2003,Rabi,Gram,4702,4165,0.885793279
Uttar Pradesh,PRATAPGARH,2003,Rabi,Linseed,48,24,0.5
Uttar Pradesh,PRATAPGARH,2003,Rabi,Masoor,17,17,1
Uttar Pradesh,PRATAPGARH,2003,Rabi,Onion,94,1349,14.35106383
Uttar Pradesh,PRATAPGARH,2003,Rabi,Peas & beans (Pulses),4379,5863,1.338890158
Uttar Pradesh,PRATAPGARH,2003,Rabi,Ragi,7,10,1.428571429
Uttar Pradesh,PRATAPGARH,2003,Rabi,Rapeseed &Mustard,1381,867,0.627805938
Uttar Pradesh,PRATAPGARH,2003,Rabi,Wheat,145987,390260,2.673251728
Uttar Pradesh,PRATAPGARH,2003,Summer,Maize,43,59,1.372093023
Uttar Pradesh,PRATAPGARH,2003,Summer,Moong(Green Gram),2377,621,0.261253681
Uttar Pradesh,PRATAPGARH,2003,Summer,Onion,343,3385,9.868804665
Uttar Pradesh,PRATAPGARH,2003,Summer,Urad,4914,1656,0.336996337
Uttar Pradesh,PRATAPGARH,2003,Whole Year,Potato,5791,94833,16.37592816
Uttar Pradesh,PRATAPGARH,2003,Whole Year,Sannhamp,60,18,0.3
Uttar Pradesh,PRATAPGARH,2003,Whole Year,Sugarcane,1571,65794,41.880331
Uttar Pradesh,PRATAPGARH,2004,Kharif,Bajra,11594,11284,0.973262032
Uttar Pradesh,PRATAPGARH,2004,Kharif,Groundnut,4,3,0.75
Uttar Pradesh,PRATAPGARH,2004,Kharif,Jowar,3909,4600,1.176771553
Uttar Pradesh,PRATAPGARH,2004,Kharif,Maize,1014,858,0.846153846
Uttar Pradesh,PRATAPGARH,2004,Kharif,Rice,96432,157306,1.631263481
Uttar Pradesh,PRATAPGARH,2004,Kharif,Sannhamp,69,19,0.275362319
Uttar Pradesh,PRATAPGARH,2004,Kharif,Sesamum,818,204,0.249388753
Uttar Pradesh,PRATAPGARH,2004,Kharif,Small millets,1,,
Uttar Pradesh,PRATAPGARH,2004,Kharif,Sugarcane,1221,66653,54.58886159
Uttar Pradesh,PRATAPGARH,2004,Rabi,Barley,1862,2275,1.221804511
Uttar Pradesh,PRATAPGARH,2004,Rabi,Gram,4740,4483,0.945780591
Uttar Pradesh,PRATAPGARH,2004,Rabi,Linseed,16,8,0.5
Uttar Pradesh,PRATAPGARH,2004,Rabi,Maize,5,23,4.6
Uttar Pradesh,PRATAPGARH,2004,Rabi,Potato,6131,77968,12.71701191
Uttar Pradesh,PRATAPGARH,2004,Rabi,Rapeseed &Mustard,1667,1240,0.74385123
Uttar Pradesh,PRATAPGARH,2004,Rabi,Wheat,147299,304995,2.070584322
Uttar Pradesh,PRATAPGARH,2004,Whole Year,Dry chillies,11,10,0.909090909
Uttar Pradesh,PRATAPGARH,2004,Whole Year,Garlic,4,4,1
Uttar Pradesh,PRATAPGARH,2004,Whole Year,Guar seed,28,24,0.857142857
Uttar Pradesh,PRATAPGARH,2004,Whole Year,Onion,410,4743,11.56829268
Uttar Pradesh,PRATAPGARH,2004,Whole Year,Sweet potato,587,6822,11.62180579
Uttar Pradesh,PRATAPGARH,2005,Kharif,Bajra,14590,14015,0.960589445
Uttar Pradesh,PRATAPGARH,2005,Kharif,Jowar,4400,6369,1.4475
Uttar Pradesh,PRATAPGARH,2005,Kharif,Maize,1298,1667,1.284283513
Uttar Pradesh,PRATAPGARH,2005,Kharif,Rice,106016,198038,1.868001056
Uttar Pradesh,PRATAPGARH,2005,Kharif,Sannhamp,50,17,0.34
Uttar Pradesh,PRATAPGARH,2005,Kharif,Sesamum,408,104,0.254901961
Uttar Pradesh,PRATAPGARH,2005,Kharif,Sugarcane,827,28096,33.97339782
Uttar Pradesh,PRATAPGARH,2005,Rabi,Barley,1467,1649,1.124062713
Uttar Pradesh,PRATAPGARH,2005,Rabi,Gram,4315,4082,0.946002317
Uttar Pradesh,PRATAPGARH,2005,Rabi,Linseed,35,16,0.457142857
Uttar Pradesh,PRATAPGARH,2005,Rabi,Potato,4620,87360,18.90909091
Uttar Pradesh,PRATAPGARH,2005,Rabi,Rapeseed &Mustard,1462,1229,0.840629275
Uttar Pradesh,PRATAPGARH,2005,Rabi,Wheat,144353,294336,2.039001614
Uttar Pradesh,PRATAPGARH,2005,Whole Year,Banana,2,76,38
Uttar Pradesh,PRATAPGARH,2005,Whole Year,Coriander,25,14,0.56
Uttar Pradesh,PRATAPGARH,2005,Whole Year,Dry chillies,16,14,0.875
Uttar Pradesh,PRATAPGARH,2005,Whole Year,Garlic,7,30,4.285714286
Uttar Pradesh,PRATAPGARH,2005,Whole Year,Guar seed,1,1,1
Uttar Pradesh,PRATAPGARH,2005,Whole Year,Onion,478,6165,12.89748954
Uttar Pradesh,PRATAPGARH,2005,Whole Year,Sweet potato,554,7247,13.08122744
Uttar Pradesh,PRATAPGARH,2006,Kharif,Arhar/Tur,6816,5395,0.791519953
Uttar Pradesh,PRATAPGARH,2006,Kharif,Bajra,11298,9962,0.881748982
Uttar Pradesh,PRATAPGARH,2006,Kharif,Groundnut,7,5,0.714285714
Uttar Pradesh,PRATAPGARH,2006,Kharif,Jowar,3475,5152,1.482589928
Uttar Pradesh,PRATAPGARH,2006,Kharif,Maize,965,1279,1.325388601
Uttar Pradesh,PRATAPGARH,2006,Kharif,Other Kharif pulses,9956,4124,0.414222579
Uttar Pradesh,PRATAPGARH,2006,Kharif,Rice,98612,184503,1.870999473
Uttar Pradesh,PRATAPGARH,2006,Kharif,Sannhamp,43,12,0.279069767
Uttar Pradesh,PRATAPGARH,2006,Kharif,Sesamum,686,111,0.16180758
Uttar Pradesh,PRATAPGARH,2006,Kharif,Sugarcane,1221,55142,45.16134316
Uttar Pradesh,PRATAPGARH,2006,Kharif,Sweet potato,453,6183,13.64900662
Uttar Pradesh,PRATAPGARH,2006,Rabi,Barley,1881,2795,1.485911749
Uttar Pradesh,PRATAPGARH,2006,Rabi,Garlic,80,352,4.4
Uttar Pradesh,PRATAPGARH,2006,Rabi,Gram,4744,4493,0.947091062
Uttar Pradesh,PRATAPGARH,2006,Rabi,Linseed,22,8,0.363636364
Uttar Pradesh,PRATAPGARH,2006,Rabi,Masoor,16,11,0.6875
Uttar Pradesh,PRATAPGARH,2006,Rabi,Onion,124,2378,19.17741935
Uttar Pradesh,PRATAPGARH,2006,Rabi,Other  Rabi pulses,4648,3909,0.841006885
Uttar Pradesh,PRATAPGARH,2006,Rabi,Potato,6479,117417,18.12270412
Uttar Pradesh,PRATAPGARH,2006,Rabi,Rapeseed &Mustard,1675,1051,0.627462687
Uttar Pradesh,PRATAPGARH,2006,Rabi,Wheat,147300,359998,2.443978276
Uttar Pradesh,PRATAPGARH,2006,Summer,Maize,73,97,1.328767123
Uttar Pradesh,PRATAPGARH,2006,Summer,Onion,268,3121,11.64552239
Uttar Pradesh,PRATAPGARH,2006,Whole Year,Coriander,128,67,0.5234375
Uttar Pradesh,PRATAPGARH,2006,Whole Year,Dry chillies,21,20,0.952380952
Uttar Pradesh,PRATAPGARH,2006,Whole Year,Guar seed,4,3,0.75
Uttar Pradesh,PRATAPGARH,2007,Kharif,Arhar/Tur,6814,6251,0.917375991
Uttar Pradesh,PRATAPGARH,2007,Kharif,Bajra,12931,9332,0.721676591
Uttar Pradesh,PRATAPGARH,2007,Kharif,Dry chillies,17,16,0.941176471
Uttar Pradesh,PRATAPGARH,2007,Kharif,Guar seed,34,29,0.852941176
Uttar Pradesh,PRATAPGARH,2007,Kharif,Jowar,3814,4092,1.072889355
Uttar Pradesh,PRATAPGARH,2007,Kharif,Maize,1215,1746,1.437037037
Uttar Pradesh,PRATAPGARH,2007,Kharif,Moong(Green Gram),485,97,0.2
Uttar Pradesh,PRATAPGARH,2007,Kharif,Rice,102207,196340,1.921003454
Uttar Pradesh,PRATAPGARH,2007,Kharif,Sesamum,709,163,0.229901269
Uttar Pradesh,PRATAPGARH,2007,Kharif,Small millets,8,5,0.625
Uttar Pradesh,PRATAPGARH,2007,Kharif,Sugarcane,1136,50665,44.59947183
Uttar Pradesh,PRATAPGARH,2007,Kharif,Sweet potato,509,6853,13.46365422
Uttar Pradesh,PRATAPGARH,2007,Kharif,Urad,5590,2812,0.503041145
Uttar Pradesh,PRATAPGARH,2007,Rabi,Barley,827,809,0.978234583
Uttar Pradesh,PRATAPGARH,2007,Rabi,Coriander,29,17,0.586206897
Uttar Pradesh,PRATAPGARH,2007,Rabi,Gram,3361,3291,0.979172865
Uttar Pradesh,PRATAPGARH,2007,Rabi,Linseed,17,6,0.352941176
Uttar Pradesh,PRATAPGARH,2007,Rabi,Maize,1,2,2
Uttar Pradesh,PRATAPGARH,2007,Rabi,Masoor,19,16,0.842105263
Uttar Pradesh,PRATAPGARH,2007,Rabi,Onion,71,992,13.97183099
Uttar Pradesh,PRATAPGARH,2007,Rabi,Other  Rabi pulses,3846,3916,1.018200728
Uttar Pradesh,PRATAPGARH,2007,Rabi,Potato,6071,113619,18.71503871
Uttar Pradesh,PRATAPGARH,2007,Rabi,Rapeseed &Mustard,1448,1174,0.810773481
Uttar Pradesh,PRATAPGARH,2007,Rabi,Wheat,148528,344876,2.321959496
Uttar Pradesh,PRATAPGARH,2007,Summer,Maize,64,92,1.4375
Uttar Pradesh,PRATAPGARH,2007,Summer,Moong(Green Gram),1861,1645,0.883933369
Uttar Pradesh,PRATAPGARH,2007,Summer,Onion,201,2714,13.50248756
Uttar Pradesh,PRATAPGARH,2007,Summer,Urad,2527,1370,0.542144836
Uttar Pradesh,PRATAPGARH,2008,Kharif,Arhar/Tur,8791,9369,1.065749062
Uttar Pradesh,PRATAPGARH,2008,Kharif,Bajra,10680,8804,0.824344569
Uttar Pradesh,PRATAPGARH,2008,Kharif,Dry chillies,17,17,1
Uttar Pradesh,PRATAPGARH,2008,Kharif,Groundnut,20837,14482,0.695013678
Uttar Pradesh,PRATAPGARH,2008,Kharif,Guar seed,13,11,0.846153846
Uttar Pradesh,PRATAPGARH,2008,Kharif,Jowar,3919,5540,1.413625925
Uttar Pradesh,PRATAPGARH,2008,Kharif,Maize,823,1232,1.496962333
Uttar Pradesh,PRATAPGARH,2008,Kharif,Moong(Green Gram),320,118,0.36875
Uttar Pradesh,PRATAPGARH,2008,Kharif,Rice,95782,209092,2.182998893
Uttar Pradesh,PRATAPGARH,2008,Kharif,Sannhamp,59,19,0.322033898
Uttar Pradesh,PRATAPGARH,2008,Kharif,Sesamum,575,65,0.113043478
Uttar Pradesh,PRATAPGARH,2008,Kharif,Sugarcane,1158,64008,55.2746114
Uttar Pradesh,PRATAPGARH,2008,Kharif,Sweet potato,479,5883,12.28183716
Uttar Pradesh,PRATAPGARH,2008,Kharif,Urad,5127,2938,0.573044665
Uttar Pradesh,PRATAPGARH,2008,Rabi,Barley,1196,995,0.831939799
Uttar Pradesh,PRATAPGARH,2008,Rabi,Coriander,30,18,0.6
Uttar Pradesh,PRATAPGARH,2008,Rabi,Garlic,7,41,5.857142857
Uttar Pradesh,PRATAPGARH,2008,Rabi,Gram,3353,2808,0.837458992
Uttar Pradesh,PRATAPGARH,2008,Rabi,Linseed,4,1,0.25
Uttar Pradesh,PRATAPGARH,2008,Rabi,Masoor,88,70,0.795454545
Uttar Pradesh,PRATAPGARH,2008,Rabi,Onion,127,1489,11.72440945
Uttar Pradesh,PRATAPGARH,2008,Rabi,Peas & beans (Pulses),3701,3046,0.823020805
Uttar Pradesh,PRATAPGARH,2008,Rabi,Potato,5136,81626,15.89291277
Uttar Pradesh,PRATAPGARH,2008,Rabi,Rapeseed &Mustard,2134,1910,0.895032802
Uttar Pradesh,PRATAPGARH,2008,Rabi,Wheat,146433,398091,2.718588023
Uttar Pradesh,PRATAPGARH,2008,Summer,Banana,2,76,38
Uttar Pradesh,PRATAPGARH,2008,Summer,Maize,49,73,1.489795918
Uttar Pradesh,PRATAPGARH,2008,Summer,Moong(Green Gram),2326,1841,0.791487532
Uttar Pradesh,PRATAPGARH,2008,Summer,Urad,4620,2361,0.511038961
Uttar Pradesh,PRATAPGARH,2009,Kharif,Arhar/Tur,7500,7269,0.9692
Uttar Pradesh,PRATAPGARH,2009,Kharif,Bajra,12710,8012,0.630369788
Uttar Pradesh,PRATAPGARH,2009,Kharif,Dry chillies,6,5,0.833333333
Uttar Pradesh,PRATAPGARH,2009,Kharif,Groundnut,1,1,1
Uttar Pradesh,PRATAPGARH,2009,Kharif,Guar seed,16,13,0.8125
Uttar Pradesh,PRATAPGARH,2009,Kharif,Jowar,2986,3446,1.154052244
Uttar Pradesh,PRATAPGARH,2009,Kharif,Maize,660,960,1.454545455
Uttar Pradesh,PRATAPGARH,2009,Kharif,Moong(Green Gram),333,50,0.15015015
Uttar Pradesh,PRATAPGARH,2009,Kharif,Rice,97382,207132,2.127004991
Uttar Pradesh,PRATAPGARH,2009,Kharif,Sannhamp,37,7,0.189189189
Uttar Pradesh,PRATAPGARH,2009,Kharif,Sesamum,1535,235,0.153094463
Uttar Pradesh,PRATAPGARH,2009,Kharif,Small millets,4,2,0.5
Uttar Pradesh,PRATAPGARH,2009,Kharif,Sugarcane,1081,47073,43.54579093
Uttar Pradesh,PRATAPGARH,2009,Kharif,Sweet potato,585,7956,13.6
Uttar Pradesh,PRATAPGARH,2009,Kharif,Urad,7121,3888,0.545990732
Uttar Pradesh,PRATAPGARH,2009,Rabi,Barley,1397,1874,1.341445956
Uttar Pradesh,PRATAPGARH,2009,Rabi,Coriander,34,19,0.558823529
Uttar Pradesh,PRATAPGARH,2009,Rabi,Garlic,112,595,5.3125
Uttar Pradesh,PRATAPGARH,2009,Rabi,Gram,3867,2408,0.622704939
Uttar Pradesh,PRATAPGARH,2009,Rabi,Linseed,3,1,0.333333333
Uttar Pradesh,PRATAPGARH,2009,Rabi,Masoor,122,93,0.762295082
Uttar Pradesh,PRATAPGARH,2009,Rabi,Onion,151,2826,18.71523179
Uttar Pradesh,PRATAPGARH,2009,Rabi,Peas & beans (Pulses),3850,3153,0.818961039
Uttar Pradesh,PRATAPGARH,2009,Rabi,Potato,5430,109438,20.15432781
Uttar Pradesh,PRATAPGARH,2009,Rabi,Rapeseed &Mustard,2297,2114,0.920330866
Uttar Pradesh,PRATAPGARH,2009,Rabi,Wheat,144989,345218,2.38099442
Uttar Pradesh,PRATAPGARH,2009,Summer,Banana,3,123,41
Uttar Pradesh,PRATAPGARH,2009,Summer,Maize,20,29,1.45
Uttar Pradesh,PRATAPGARH,2009,Summer,Moong(Green Gram),1418,858,0.605077574
Uttar Pradesh,PRATAPGARH,2009,Summer,Onion,156,2167,13.89102564
Uttar Pradesh,PRATAPGARH,2009,Summer,Urad,4451,2061,0.463042013
Uttar Pradesh,PRATAPGARH,2010,Kharif,Arhar/Tur,7082,7217,1.019062412
Uttar Pradesh,PRATAPGARH,2010,Kharif,Bajra,10859,8230,0.757896676
Uttar Pradesh,PRATAPGARH,2010,Kharif,Dry chillies,2,2,1
Uttar Pradesh,PRATAPGARH,2010,Kharif,Guar seed,14,12,0.857142857
Uttar Pradesh,PRATAPGARH,2010,Kharif,Jowar,3292,4281,1.300425273
Uttar Pradesh,PRATAPGARH,2010,Kharif,Maize,578,1018,1.761245675
Uttar Pradesh,PRATAPGARH,2010,Kharif,Moong(Green Gram),308,145,0.470779221
Uttar Pradesh,PRATAPGARH,2010,Kharif,Rice,96664,193811,2.00499669
Uttar Pradesh,PRATAPGARH,2010,Kharif,Sannhamp,24,8,0.333333333
Uttar Pradesh,PRATAPGARH,2010,Kharif,Sesamum,706,144,0.203966006
Uttar Pradesh,PRATAPGARH,2010,Kharif,Sugarcane,946,55191,58.34143763
Uttar Pradesh,PRATAPGARH,2010,Kharif,Sweet potato,516,6354,12.31395349
Uttar Pradesh,PRATAPGARH,2010,Kharif,Urad,3987,2516,0.631050915
Uttar Pradesh,PRATAPGARH,2010,Rabi,Barley,549,1009,1.837887067
Uttar Pradesh,PRATAPGARH,2010,Rabi,Gram,3794,3375,0.889562467
Uttar Pradesh,PRATAPGARH,2010,Rabi,Linseed,5,3,0.6
Uttar Pradesh,PRATAPGARH,2010,Rabi,Masoor,96,28,0.291666667
Uttar Pradesh,PRATAPGARH,2010,Rabi,Onion,56,1031,18.41071429
Uttar Pradesh,PRATAPGARH,2010,Rabi,Peas & beans (Pulses),3977,3594,0.903696253
Uttar Pradesh,PRATAPGARH,2010,Rabi,Potato,6087,124728,20.49088221
Uttar Pradesh,PRATAPGARH,2010,Rabi,Rapeseed &Mustard,2197,2074,0.944014565
Uttar Pradesh,PRATAPGARH,2010,Rabi,Wheat,147798,415599,2.811939268
Uttar Pradesh,PRATAPGARH,2010,Summer,Maize,21,31,1.476190476
Uttar Pradesh,PRATAPGARH,2010,Summer,Moong(Green Gram),1207,1119,0.927091964
Uttar Pradesh,PRATAPGARH,2010,Summer,Urad,6214,3051,0.490988091
Uttar Pradesh,PRATAPGARH,2011,Kharif,Arhar/Tur,6712,7760,1.15613826
Uttar Pradesh,PRATAPGARH,2011,Kharif,Bajra,10687,7900,0.73921587
Uttar Pradesh,PRATAPGARH,2011,Kharif,Dry chillies,4,3,0.75
Uttar Pradesh,PRATAPGARH,2011,Kharif,Guar seed,16,13,0.8125
Uttar Pradesh,PRATAPGARH,2011,Kharif,Jowar,3439,3893,1.132015121
Uttar Pradesh,PRATAPGARH,2011,Kharif,Maize,853,854,1.001172333
Uttar Pradesh,PRATAPGARH,2011,Kharif,Moong(Green Gram),248,105,0.423387097
Uttar Pradesh,PRATAPGARH,2011,Kharif,Rice,97289,225516,2.318001007
Uttar Pradesh,PRATAPGARH,2011,Kharif,Sannhamp,26,7,0.269230769
Uttar Pradesh,PRATAPGARH,2011,Kharif,Sesamum,643,159,0.247278383
Uttar Pradesh,PRATAPGARH,2011,Kharif,Sugarcane,1084,60568,55.87453875
Uttar Pradesh,PRATAPGARH,2011,Kharif,Sweet potato,508,6601,12.99409449
Uttar Pradesh,PRATAPGARH,2011,Kharif,Urad,5495,3319,0.60400364
Uttar Pradesh,PRATAPGARH,2011,Rabi,Barley,1252,2402,1.918530351
Uttar Pradesh,PRATAPGARH,2011,Rabi,Coriander,19,10,0.526315789
Uttar Pradesh,PRATAPGARH,2011,Rabi,Garlic,10,52,5.2
Uttar Pradesh,PRATAPGARH,2011,Rabi,Gram,3666,3895,1.062465903
Uttar Pradesh,PRATAPGARH,2011,Rabi,Linseed,7,3,0.428571429
Uttar Pradesh,PRATAPGARH,2011,Rabi,Masoor,125,103,0.824
Uttar Pradesh,PRATAPGARH,2011,Rabi,Onion,56,1281,22.875
Uttar Pradesh,PRATAPGARH,2011,Rabi,Peas & beans (Pulses),4240,4993,1.17759434
Uttar Pradesh,PRATAPGARH,2011,Rabi,Potato,5896,86919,14.74202849
Uttar Pradesh,PRATAPGARH,2011,Rabi,Rapeseed &Mustard,2178,2040,0.936639118
Uttar Pradesh,PRATAPGARH,2011,Rabi,Wheat,148783,436512,2.933883575
Uttar Pradesh,PRATAPGARH,2011,Summer,Maize,17,28,1.647058824
Uttar Pradesh,PRATAPGARH,2011,Summer,Moong(Green Gram),1234,559,0.452998379
Uttar Pradesh,PRATAPGARH,2011,Summer,Onion,354,3835,10.83333333
Uttar Pradesh,PRATAPGARH,2011,Summer,Urad,4647,2514,0.54099419
Uttar Pradesh,PRATAPGARH,2012,Kharif,Arhar/Tur,6720,7765,1.155505952
Uttar Pradesh,PRATAPGARH,2012,Kharif,Bajra,10954,8418,0.768486398
Uttar Pradesh,PRATAPGARH,2012,Kharif,Dry chillies,3,2,0.666666667
Uttar Pradesh,PRATAPGARH,2012,Kharif,Guar seed,19,15,0.789473684
Uttar Pradesh,PRATAPGARH,2012,Kharif,Jowar,3353,4612,1.375484641
Uttar Pradesh,PRATAPGARH,2012,Kharif,Maize,766,872,1.138381201
Uttar Pradesh,PRATAPGARH,2012,Kharif,Moong(Green Gram),190,97,0.510526316
Uttar Pradesh,PRATAPGARH,2012,Kharif,Rice,99174,240993,2.430001815
Uttar Pradesh,PRATAPGARH,2012,Kharif,Sannhamp,3,1,0.333333333
Uttar Pradesh,PRATAPGARH,2012,Kharif,Sesamum,649,129,0.198767334
Uttar Pradesh,PRATAPGARH,2012,Kharif,Sugarcane,1039,63521,61.13666987
Uttar Pradesh,PRATAPGARH,2012,Kharif,Sweet potato,425,5502,12.94588235
Uttar Pradesh,PRATAPGARH,2012,Kharif,Urad,6061,4503,0.742946708
Uttar Pradesh,PRATAPGARH,2012,Rabi,Barley,1212,3340,2.755775578
Uttar Pradesh,PRATAPGARH,2012,Rabi,Coriander,29,16,0.551724138
Uttar Pradesh,PRATAPGARH,2012,Rabi,Garlic,11,57,5.181818182
Uttar Pradesh,PRATAPGARH,2012,Rabi,Gram,3769,3387,0.898646856
Uttar Pradesh,PRATAPGARH,2012,Rabi,Linseed,6,3,0.5
Uttar Pradesh,PRATAPGARH,2012,Rabi,Masoor,64,55,0.859375
Uttar Pradesh,PRATAPGARH,2012,Rabi,Onion,55,1265,23
Uttar Pradesh,PRATAPGARH,2012,Rabi,Peas & beans (Pulses),4151,4442,1.070103589
Uttar Pradesh,PRATAPGARH,2012,Rabi,Potato,5773,98816,17.11692361
Uttar Pradesh,PRATAPGARH,2012,Rabi,Rapeseed &Mustard,1878,1891,1.006922258
Uttar Pradesh,PRATAPGARH,2012,Rabi,Wheat,146677,413042,2.815997055
Uttar Pradesh,PRATAPGARH,2012,Summer,Banana,1,45,45
Uttar Pradesh,PRATAPGARH,2012,Summer,Maize,19,35,1.842105263
Uttar Pradesh,PRATAPGARH,2012,Summer,Moong(Green Gram),1274,671,0.526687598
Uttar Pradesh,PRATAPGARH,2012,Summer,Onion,331,3601,10.87915408
Uttar Pradesh,PRATAPGARH,2012,Summer,Small millets,7,10,1.428571429
Uttar Pradesh,PRATAPGARH,2012,Summer,Urad,4758,2779,0.584068937
Uttar Pradesh,PRATAPGARH,2013,Kharif,Arhar/Tur,7134,8944,1.253714606
Uttar Pradesh,PRATAPGARH,2013,Kharif,Bajra,10816,8848,0.818047337
Uttar Pradesh,PRATAPGARH,2013,Kharif,Dry chillies,4,3,0.75
Uttar Pradesh,PRATAPGARH,2013,Kharif,Jowar,3515,3652,1.038975818
Uttar Pradesh,PRATAPGARH,2013,Kharif,Maize,538,582,1.081784387
Uttar Pradesh,PRATAPGARH,2013,Kharif,Moong(Green Gram),173,56,0.323699422
Uttar Pradesh,PRATAPGARH,2013,Kharif,Rice,99245,237791,2.395999798
Uttar Pradesh,PRATAPGARH,2013,Kharif,Sannhamp,14,4,0.285714286
Uttar Pradesh,PRATAPGARH,2013,Kharif,Sesamum,562,96,0.170818505
Uttar Pradesh,PRATAPGARH,2013,Kharif,Sugarcane,1000,68229,68.229
Uttar Pradesh,PRATAPGARH,2013,Kharif,Sweet potato,426,5629,13.21361502
Uttar Pradesh,PRATAPGARH,2013,Kharif,Urad,5370,3603,0.670949721
Uttar Pradesh,PRATAPGARH,2013,Rabi,Barley,895,2999,3.350837989
Uttar Pradesh,PRATAPGARH,2013,Rabi,Coriander,45,25,0.555555556
Uttar Pradesh,PRATAPGARH,2013,Rabi,Garlic,13,76,5.846153846
Uttar Pradesh,PRATAPGARH,2013,Rabi,Gram,3317,2643,0.796804341
Uttar Pradesh,PRATAPGARH,2013,Rabi,Linseed,51,18,0.352941176
Uttar Pradesh,PRATAPGARH,2013,Rabi,Maize,3,11,3.666666667
Uttar Pradesh,PRATAPGARH,2013,Rabi,Masoor,33,18,0.545454545
Uttar Pradesh,PRATAPGARH,2013,Rabi,Onion,112,2278,20.33928571
Uttar Pradesh,PRATAPGARH,2013,Rabi,Peas & beans (Pulses),4251,4506,1.059985886
Uttar Pradesh,PRATAPGARH,2013,Rabi,Potato,5868,89806,15.30436264
Uttar Pradesh,PRATAPGARH,2013,Rabi,Rapeseed &Mustard,2230,1815,0.813901345
Uttar Pradesh,PRATAPGARH,2013,Rabi,Tobacco,2,11,5.5
Uttar Pradesh,PRATAPGARH,2013,Rabi,Wheat,147814,415653,2.812000216
Uttar Pradesh,PRATAPGARH,2013,Summer,Maize,22,40,1.818181818
Uttar Pradesh,PRATAPGARH,2013,Summer,Moong(Green Gram),1136,1075,0.946302817
Uttar Pradesh,PRATAPGARH,2013,Summer,Onion,380,5113,13.45526316
Uttar Pradesh,PRATAPGARH,2013,Summer,Small millets,8,11,1.375
Uttar Pradesh,PRATAPGARH,2013,Summer,Urad,4468,2328,0.521038496
Uttar Pradesh,PRATAPGARH,2014,Kharif,Arhar/Tur,6102,5500,0.901343822
Uttar Pradesh,PRATAPGARH,2014,Kharif,Bajra,9860,7733,0.784279919
Uttar Pradesh,PRATAPGARH,2014,Kharif,Dry chillies,3,2,0.666666667
Uttar Pradesh,PRATAPGARH,2014,Kharif,Guar seed,13,10,0.769230769
Uttar Pradesh,PRATAPGARH,2014,Kharif,Jowar,3219,5510,1.711711712
Uttar Pradesh,PRATAPGARH,2014,Kharif,Maize,572,1017,1.777972028
Uttar Pradesh,PRATAPGARH,2014,Kharif,Moong(Green Gram),264,84,0.318181818
Uttar Pradesh,PRATAPGARH,2014,Kharif,Rice,104143,235676,2.263003754
Uttar Pradesh,PRATAPGARH,2014,Kharif,Sannhamp,17,6,0.352941176
Uttar Pradesh,PRATAPGARH,2014,Kharif,Sesamum,603,92,0.152570481
Uttar Pradesh,PRATAPGARH,2014,Kharif,Sugarcane,846,55651,65.78132388
Uttar Pradesh,PRATAPGARH,2014,Kharif,Sweet potato,278,3444,12.38848921
Uttar Pradesh,PRATAPGARH,2014,Kharif,Urad,5573,3678,0.659967701
Uttar Pradesh,PRATAPGARH,2014,Rabi,Barley,777,1131,1.455598456
Uttar Pradesh,PRATAPGARH,2014,Rabi,Coriander,59,29,0.491525424
Uttar Pradesh,PRATAPGARH,2014,Rabi,Garlic,53,307,5.79245283
Uttar Pradesh,PRATAPGARH,2014,Rabi,Gram,2945,1676,0.56910017
Uttar Pradesh,PRATAPGARH,2014,Rabi,Masoor,15,2,0.133333333
Uttar Pradesh,PRATAPGARH,2014,Rabi,Onion,151,2310,15.29801325
Uttar Pradesh,PRATAPGARH,2014,Rabi,Peas & beans (Pulses),4228,3091,0.731078524
Uttar Pradesh,PRATAPGARH,2014,Rabi,Potato,4602,75643,16.43698392
Uttar Pradesh,PRATAPGARH,2014,Rabi,Rapeseed &Mustard,1657,683,0.412190706
Uttar Pradesh,PRATAPGARH,2014,Rabi,Wheat,138562,191903,1.384961245
Uttar Pradesh,PRATAPGARH,2014,Summer,Maize,35,62,1.771428571
Uttar Pradesh,PRATAPGARH,2014,Summer,Moong(Green Gram),1414,597,0.422206506
Uttar Pradesh,PRATAPGARH,2014,Summer,Onion,398,6019,15.12311558
Uttar Pradesh,PRATAPGARH,2014,Summer,Small millets,6,5,0.833333333
Uttar Pradesh,PRATAPGARH,2014,Summer,Urad,4457,722,0.161992372
Uttar Pradesh,RAE BARELI,1997,Kharif,Arhar/Tur,13751,8124,0.590793397
Uttar Pradesh,RAE BARELI,1997,Kharif,Bajra,2987,3293,1.102443924
Uttar Pradesh,RAE BARELI,1997,Kharif,Groundnut,2853,4500,1.577287066
Uttar Pradesh,RAE BARELI,1997,Kharif,Jowar,15289,14621,0.956308457
Uttar Pradesh,RAE BARELI,1997,Kharif,Maize,146,137,0.938356164
Uttar Pradesh,RAE BARELI,1997,Kharif,Moong(Green Gram),886,285,0.321670429
Uttar Pradesh,RAE BARELI,1997,Kharif,Moth,1,1,1
Uttar Pradesh,RAE BARELI,1997,Kharif,Oilseeds total,13457,10910,0.810730475
Uttar Pradesh,RAE BARELI,1997,Kharif,Onion,313,3222,10.29392971
Uttar Pradesh,RAE BARELI,1997,Kharif,Rice,139896,240099,1.716267799
Uttar Pradesh,RAE BARELI,1997,Kharif,Sesamum,1971,296,0.150177575
Uttar Pradesh,RAE BARELI,1997,Kharif,Small millets,40,56,1.4
Uttar Pradesh,RAE BARELI,1997,Kharif,Total foodgrain,380647,620260,1.629488739
Uttar Pradesh,RAE BARELI,1997,Kharif,Urad,13506,5497,0.407004294
Uttar Pradesh,RAE BARELI,1997,Rabi,Barley,5197,8129,1.564171637
Uttar Pradesh,RAE BARELI,1997,Rabi,Gram,9134,7416,0.811911539
Uttar Pradesh,RAE BARELI,1997,Rabi,Linseed,287,122,0.425087108
Uttar Pradesh,RAE BARELI,1997,Rabi,Masoor,81,69,0.851851852
Uttar Pradesh,RAE BARELI,1997,Rabi,Peas & beans (Pulses),4549,5072,1.114970323
Uttar Pradesh,RAE BARELI,1997,Rabi,Rapeseed &Mustard,8261,5862,0.709599322
Uttar Pradesh,RAE BARELI,1997,Rabi,Sunflower,85,130,1.529411765
Uttar Pradesh,RAE BARELI,1997,Rabi,Wheat,169054,324779,1.92115537
Uttar Pradesh,RAE BARELI,1997,Summer,Maize,1,2,2
Uttar Pradesh,RAE BARELI,1997,Summer,Moong(Green Gram),528,224,0.424242424
Uttar Pradesh,RAE BARELI,1997,Summer,Rice,1,2,2
Uttar Pradesh,RAE BARELI,1997,Summer,Urad,5296,2145,0.405022659
Uttar Pradesh,RAE BARELI,1997,Whole Year,Potato,5453,44184,8.102695764
Uttar Pradesh,RAE BARELI,1997,Whole Year,Sugarcane,4404,196454,44.60808356
Uttar Pradesh,RAE BARELI,1998,Kharif,Arhar/Tur,14056,15513,1.103656801
Uttar Pradesh,RAE BARELI,1998,Kharif,Bajra,3024,1521,0.50297619
Uttar Pradesh,RAE BARELI,1998,Kharif,Groundnut,2866,1476,0.515003489
Uttar Pradesh,RAE BARELI,1998,Kharif,Jowar,15675,11208,0.715023923
Uttar Pradesh,RAE BARELI,1998,Kharif,Maize,160,48,0.3
Uttar Pradesh,RAE BARELI,1998,Kharif,Moong(Green Gram),849,230,0.270906949
Uttar Pradesh,RAE BARELI,1998,Kharif,Moth,3,1,0.333333333
Uttar Pradesh,RAE BARELI,1998,Kharif,Ragi,38,48,1.263157895
Uttar Pradesh,RAE BARELI,1998,Kharif,Rice,140703,240025,1.70589824
Uttar Pradesh,RAE BARELI,1998,Kharif,Sesamum,2126,419,0.197083725
Uttar Pradesh,RAE BARELI,1998,Kharif,Small millets,45,52,1.155555556
Uttar Pradesh,RAE BARELI,1998,Kharif,Urad,13594,5234,0.385022804
Uttar Pradesh,RAE BARELI,1998,Rabi,Barley,5352,4805,0.897795217
Uttar Pradesh,RAE BARELI,1998,Rabi,Gram,9184,8172,0.889808362
Uttar Pradesh,RAE BARELI,1998,Rabi,Linseed,335,127,0.379104478
Uttar Pradesh,RAE BARELI,1998,Rabi,Masoor,91,75,0.824175824
Uttar Pradesh,RAE BARELI,1998,Rabi,Peas & beans (Pulses),4822,5092,1.055993364
Uttar Pradesh,RAE BARELI,1998,Rabi,Rapeseed &Mustard,8394,5588,0.665713605
Uttar Pradesh,RAE BARELI,1998,Rabi,Sunflower,81,99,1.222222222
Uttar Pradesh,RAE BARELI,1998,Rabi,Wheat,171889,349843,2.035284399
Uttar Pradesh,RAE BARELI,1998,Summer,Moong(Green Gram),540,234,0.433333333
Uttar Pradesh,RAE BARELI,1998,Summer,Rice,1,2,2
Uttar Pradesh,RAE BARELI,1998,Summer,Urad,5324,2332,0.438016529
Uttar Pradesh,RAE BARELI,1998,Whole Year,Onion,326,3936,12.07361963
Uttar Pradesh,RAE BARELI,1998,Whole Year,Potato,5751,97848,17.01408451
Uttar Pradesh,RAE BARELI,1998,Whole Year,Sannhamp,83,30,0.361445783
Uttar Pradesh,RAE BARELI,1998,Whole Year,Sugarcane,4632,252463,54.5041019
Uttar Pradesh,RAE BARELI,1998,Whole Year,Tobacco,15,76,5.066666667
Uttar Pradesh,RAE BARELI,1998,Whole Year,Turmeric,3,6,2
Uttar Pradesh,RAE BARELI,1999,Kharif,Arhar/Tur,13433,16893,1.25757463
Uttar Pradesh,RAE BARELI,1999,Kharif,Bajra,2582,2809,1.087916344
Uttar Pradesh,RAE BARELI,1999,Kharif,Groundnut,2818,3400,1.206529454
Uttar Pradesh,RAE BARELI,1999,Kharif,Jowar,15264,14824,0.971174004
Uttar Pradesh,RAE BARELI,1999,Kharif,Maize,132,127,0.962121212
Uttar Pradesh,RAE BARELI,1999,Kharif,Moong(Green Gram),889,304,0.341957255
Uttar Pradesh,RAE BARELI,1999,Kharif,Rice,136174,252465,1.85398828
Uttar Pradesh,RAE BARELI,1999,Kharif,Small millets,57,96,1.684210526
Uttar Pradesh,RAE BARELI,1999,Kharif,Sunflower,72,102,1.416666667
Uttar Pradesh,RAE BARELI,1999,Kharif,Urad,12932,6906,0.534024126
Uttar Pradesh,RAE BARELI,1999,Rabi,Barley,5168,5912,1.143962848
Uttar Pradesh,RAE BARELI,1999,Rabi,Gram,9097,8106,0.891062988
Uttar Pradesh,RAE BARELI,1999,Rabi,Linseed,324,142,0.438271605
Uttar Pradesh,RAE BARELI,1999,Rabi,Maize,2,3,1.5
Uttar Pradesh,RAE BARELI,1999,Rabi,Ragi,56,95,1.696428571
Uttar Pradesh,RAE BARELI,1999,Rabi,Rapeseed &Mustard,6948,4987,0.717760507
Uttar Pradesh,RAE BARELI,1999,Rabi,Wheat,174488,405706,2.325122645
Uttar Pradesh,RAE BARELI,1999,Summer,Moong(Green Gram),592,437,0.738175676
Uttar Pradesh,RAE BARELI,1999,Summer,Urad,5220,2709,0.518965517
Uttar Pradesh,RAE BARELI,1999,Whole Year,Moth,3,1,0.333333333
Uttar Pradesh,RAE BARELI,1999,Whole Year,Onion,348,4989,14.3362069
Uttar Pradesh,RAE BARELI,1999,Whole Year,Peas & beans (Pulses),4961,6152,1.240072566
Uttar Pradesh,RAE BARELI,1999,Whole Year,Potato,6279,116481,18.5508839
Uttar Pradesh,RAE BARELI,1999,Whole Year,Sugarcane,4483,226983,50.6319429
Uttar Pradesh,RAE BARELI,1999,Whole Year,Tobacco,9,56,6.222222222
Uttar Pradesh,RAE BARELI,1999,Whole Year,Turmeric,5,8,1.6
Uttar Pradesh,RAE BARELI,2000,Kharif,Arhar/Tur,13455,16630,1.235971758
Uttar Pradesh,RAE BARELI,2000,Kharif,Bajra,2681,2101,0.783662812
Uttar Pradesh,RAE BARELI,2000,Kharif,Groundnut,2793,1833,0.656283566
Uttar Pradesh,RAE BARELI,2000,Kharif,Jowar,15181,11338,0.746854621
Uttar Pradesh,RAE BARELI,2000,Kharif,Maize,130,105,0.807692308
Uttar Pradesh,RAE BARELI,2000,Kharif,Moong(Green Gram),876,155,0.176940639
Uttar Pradesh,RAE BARELI,2000,Kharif,Moth,3,1,0.333333333
Uttar Pradesh,RAE BARELI,2000,Kharif,Rice,136455,209971,1.538756367
Uttar Pradesh,RAE BARELI,2000,Kharif,Sesamum,1774,232,0.130777903
Uttar Pradesh,RAE BARELI,2000,Kharif,Small millets,57,83,1.456140351
Uttar Pradesh,RAE BARELI,2000,Kharif,Urad,13229,5173,0.391034848
Uttar Pradesh,RAE BARELI,2000,Rabi,Barley,4869,7115,1.461285685
Uttar Pradesh,RAE BARELI,2000,Rabi,Gram,8871,8975,1.011723594
Uttar Pradesh,RAE BARELI,2000,Rabi,Linseed,300,108,0.36
Uttar Pradesh,RAE BARELI,2000,Rabi,Masoor,134,144,1.074626866
Uttar Pradesh,RAE BARELI,2000,Rabi,Moong(Green Gram),526,300,0.570342205
Uttar Pradesh,RAE BARELI,2000,Rabi,Peas & beans (Pulses),4836,4831,0.998966088
Uttar Pradesh,RAE BARELI,2000,Rabi,Rapeseed &Mustard,6989,5159,0.738159966
Uttar Pradesh,RAE BARELI,2000,Rabi,Urad,4730,1958,0.413953488
Uttar Pradesh,RAE BARELI,2000,Rabi,Wheat,174808,382444,2.187794609
Uttar Pradesh,RAE BARELI,2000,Whole Year,Potato,5900,80202,13.59355932
Uttar Pradesh,RAE BARELI,2000,Whole Year,Sugarcane,4487,214856,47.88410965
Uttar Pradesh,RAE BARELI,2000,Whole Year,Turmeric,5,9,1.8
Uttar Pradesh,RAE BARELI,2001,Kharif,Arhar/Tur,11933,13499,1.131232716
Uttar Pradesh,RAE BARELI,2001,Kharif,Bajra,1408,1166,0.828125
Uttar Pradesh,RAE BARELI,2001,Kharif,Groundnut,2162,3662,1.693802035
Uttar Pradesh,RAE BARELI,2001,Kharif,Jowar,13742,14408,1.048464561
Uttar Pradesh,RAE BARELI,2001,Kharif,Maize,128,206,1.609375
Uttar Pradesh,RAE BARELI,2001,Kharif,Moong(Green Gram),830,276,0.33253012
Uttar Pradesh,RAE BARELI,2001,Kharif,Moth,7,3,0.428571429
Uttar Pradesh,RAE BARELI,2001,Kharif,Rice,142774,299278,2.096165969
Uttar Pradesh,RAE BARELI,2001,Kharif,Sesamum,1936,412,0.212809917
Uttar Pradesh,RAE BARELI,2001,Kharif,Small millets,37,49,1.324324324
Uttar Pradesh,RAE BARELI,2001,Kharif,Soyabean,2,1,0.5
Uttar Pradesh,RAE BARELI,2001,Kharif,Sunflower,20,39,1.95
Uttar Pradesh,RAE BARELI,2001,Kharif,Urad,14571,4619,0.31699952
Uttar Pradesh,RAE BARELI,2001,Rabi,Barley,4580,6862,1.498253275
Uttar Pradesh,RAE BARELI,2001,Rabi,Gram,7220,7448,1.031578947
Uttar Pradesh,RAE BARELI,2001,Rabi,Linseed,241,101,0.419087137
Uttar Pradesh,RAE BARELI,2001,Rabi,Maize,17,28,1.647058824
Uttar Pradesh,RAE BARELI,2001,Rabi,Masoor,163,113,0.693251534
Uttar Pradesh,RAE BARELI,2001,Rabi,Peas & beans (Pulses),4516,5302,1.17404783
Uttar Pradesh,RAE BARELI,2001,Rabi,Rapeseed &Mustard,7921,5766,0.727938392
Uttar Pradesh,RAE BARELI,2001,Rabi,Urad,4204,2073,0.493101808
Uttar Pradesh,RAE BARELI,2001,Rabi,Wheat,177911,394379,2.21672072
Uttar Pradesh,RAE BARELI,2001,Whole Year,Potato,5708,99799,17.48405746
Uttar Pradesh,RAE BARELI,2001,Whole Year,Sugarcane,5078,247095,48.65990547
Uttar Pradesh,RAE BARELI,2001,Whole Year,Tobacco,3,19,6.333333333
Uttar Pradesh,RAE BARELI,2001,Whole Year,Turmeric,23,41,1.782608696
Uttar Pradesh,RAE BARELI,2002,Kharif,Bajra,1353,923,0.682187731
Uttar Pradesh,RAE BARELI,2002,Kharif,Groundnut,2101,2433,1.15801999
Uttar Pradesh,RAE BARELI,2002,Kharif,Jowar,11421,11024,0.965239471
Uttar Pradesh,RAE BARELI,2002,Kharif,Maize,197,205,1.040609137
Uttar Pradesh,RAE BARELI,2002,Kharif,Moong(Green Gram),698,282,0.404011461
Uttar Pradesh,RAE BARELI,2002,Kharif,Rice,114773,223545,1.947714184
Uttar Pradesh,RAE BARELI,2002,Kharif,Sesamum,1650,314,0.19030303
Uttar Pradesh,RAE BARELI,2002,Kharif,Small millets,3,4,1.333333333
Uttar Pradesh,RAE BARELI,2002,Kharif,Sunflower,18,26,1.444444444
Uttar Pradesh,RAE BARELI,2002,Kharif,Urad,13392,5986,0.446983274
Uttar Pradesh,RAE BARELI,2002,Rabi,Barley,3883,6744,1.736801442
Uttar Pradesh,RAE BARELI,2002,Rabi,Gram,6806,5733,0.84234499
Uttar Pradesh,RAE BARELI,2002,Rabi,Linseed,260,112,0.430769231
Uttar Pradesh,RAE BARELI,2002,Rabi,Maize,4,4,1
Uttar Pradesh,RAE BARELI,2002,Rabi,Masoor,182,146,0.802197802
Uttar Pradesh,RAE BARELI,2002,Rabi,Onion,175,1806,10.32
Uttar Pradesh,RAE BARELI,2002,Rabi,Peas & beans (Pulses),4277,4499,1.051905541
Uttar Pradesh,RAE BARELI,2002,Rabi,Ragi,3,4,1.333333333
Uttar Pradesh,RAE BARELI,2002,Rabi,Rapeseed &Mustard,7326,5755,0.785558286
Uttar Pradesh,RAE BARELI,2002,Rabi,Wheat,181384,369605,2.037693512
Uttar Pradesh,RAE BARELI,2002,Summer,Moong(Green Gram),431,252,0.584686775
Uttar Pradesh,RAE BARELI,2002,Summer,Onion,194,2169,11.18041237
Uttar Pradesh,RAE BARELI,2002,Summer,Rice,3,6,2
Uttar Pradesh,RAE BARELI,2002,Summer,Urad,4233,2307,0.545003544
Uttar Pradesh,RAE BARELI,2002,Whole Year,Potato,5024,75169,14.96198248
Uttar Pradesh,RAE BARELI,2002,Whole Year,Sannhamp,12,4,0.333333333
Uttar Pradesh,RAE BARELI,2002,Whole Year,Sugarcane,5177,200764,38.77998841
Uttar Pradesh,RAE BARELI,2002,Whole Year,Tobacco,2,12,6
Uttar Pradesh,RAE BARELI,2002,Whole Year,Turmeric,4,7,1.75
Uttar Pradesh,RAE BARELI,2003,Kharif,Arhar/Tur,10772,9803,0.91004456
Uttar Pradesh,RAE BARELI,2003,Kharif,Bajra,2007,1596,0.795216741
Uttar Pradesh,RAE BARELI,2003,Kharif,Groundnut,2148,1323,0.615921788
Uttar Pradesh,RAE BARELI,2003,Kharif,Jowar,11668,9956,0.853273912
Uttar Pradesh,RAE BARELI,2003,Kharif,Maize,187,256,1.368983957
Uttar Pradesh,RAE BARELI,2003,Kharif,Moong(Green Gram),900,241,0.267777778
Uttar Pradesh,RAE BARELI,2003,Kharif,Rice,137691,274443,1.993180382
Uttar Pradesh,RAE BARELI,2003,Kharif,Sesamum,1891,243,0.128503437
Uttar Pradesh,RAE BARELI,2003,Kharif,Sunflower,58,97,1.672413793
Uttar Pradesh,RAE BARELI,2003,Kharif,Urad,14874,4150,0.279010354
Uttar Pradesh,RAE BARELI,2003,Rabi,Barley,3676,6848,1.86289445
Uttar Pradesh,RAE BARELI,2003,Rabi,Gram,6690,5717,0.854559043
Uttar Pradesh,RAE BARELI,2003,Rabi,Linseed,211,104,0.492890995
Uttar Pradesh,RAE BARELI,2003,Rabi,Maize,2,3,1.5
Uttar Pradesh,RAE BARELI,2003,Rabi,Masoor,269,216,0.802973978
Uttar Pradesh,RAE BARELI,2003,Rabi,Onion,204,2928,14.35294118
Uttar Pradesh,RAE BARELI,2003,Rabi,Peas & beans (Pulses),4356,4265,0.979109275
Uttar Pradesh,RAE BARELI,2003,Rabi,Ragi,3,4,1.333333333
Uttar Pradesh,RAE BARELI,2003,Rabi,Rapeseed &Mustard,6923,5133,0.741441572
Uttar Pradesh,RAE BARELI,2003,Rabi,Wheat,183703,421984,2.297099122
Uttar Pradesh,RAE BARELI,2003,Summer,Maize,45,61,1.355555556
Uttar Pradesh,RAE BARELI,2003,Summer,Moong(Green Gram),342,207,0.605263158
Uttar Pradesh,RAE BARELI,2003,Summer,Onion,234,2383,10.18376068
Uttar Pradesh,RAE BARELI,2003,Summer,Rice,1,2,2
Uttar Pradesh,RAE BARELI,2003,Summer,Urad,4485,2126,0.474024526
Uttar Pradesh,RAE BARELI,2003,Whole Year,Potato,5302,68406,12.9019238
Uttar Pradesh,RAE BARELI,2003,Whole Year,Sannhamp,15,5,0.333333333
Uttar Pradesh,RAE BARELI,2003,Whole Year,Sugarcane,4873,183439,37.64395649
Uttar Pradesh,RAE BARELI,2003,Whole Year,Tobacco,2,15,7.5
Uttar Pradesh,RAE BARELI,2003,Whole Year,Turmeric,7,13,1.857142857
Uttar Pradesh,RAE BARELI,2004,Kharif,Bajra,1406,1474,1.048364154
Uttar Pradesh,RAE BARELI,2004,Kharif,Groundnut,2282,1830,0.801928133
Uttar Pradesh,RAE BARELI,2004,Kharif,Jowar,11621,9287,0.799156699
Uttar Pradesh,RAE BARELI,2004,Kharif,Maize,153,216,1.411764706
Uttar Pradesh,RAE BARELI,2004,Kharif,Rice,136369,279701,2.051059992
Uttar Pradesh,RAE BARELI,2004,Kharif,Sannhamp,32,9,0.28125
Uttar Pradesh,RAE BARELI,2004,Kharif,Sesamum,1900,312,0.164210526
Uttar Pradesh,RAE BARELI,2004,Kharif,Small millets,1,,
Uttar Pradesh,RAE BARELI,2004,Kharif,Sugarcane,4883,236200,48.37190252
Uttar Pradesh,RAE BARELI,2004,Rabi,Barley,3407,5431,1.59407103
Uttar Pradesh,RAE BARELI,2004,Rabi,Gram,6684,6959,1.041143028
Uttar Pradesh,RAE BARELI,2004,Rabi,Linseed,247,114,0.461538462
Uttar Pradesh,RAE BARELI,2004,Rabi,Maize,37,171,4.621621622
Uttar Pradesh,RAE BARELI,2004,Rabi,Potato,5078,122649,24.153013
Uttar Pradesh,RAE BARELI,2004,Rabi,Rapeseed &Mustard,10147,9287,0.915245885
Uttar Pradesh,RAE BARELI,2004,Rabi,Turmeric,40,70,1.75
Uttar Pradesh,RAE BARELI,2004,Rabi,Wheat,183488,394478,2.149884461
Uttar Pradesh,RAE BARELI,2004,Summer,Sunflower,11,22,2
Uttar Pradesh,RAE BARELI,2004,Whole Year,Banana,1,36,36
Uttar Pradesh,RAE BARELI,2004,Whole Year,Dry chillies,626,588,0.939297125
Uttar Pradesh,RAE BARELI,2004,Whole Year,Garlic,81,351,4.333333333
Uttar Pradesh,RAE BARELI,2004,Whole Year,Guar seed,25,21,0.84
Uttar Pradesh,RAE BARELI,2004,Whole Year,Onion,454,5227,11.51321586
Uttar Pradesh,RAE BARELI,2004,Whole Year,Sweet potato,551,6404,11.62250454
Uttar Pradesh,RAE BARELI,2004,Whole Year,Tobacco,2,11,5.5
Uttar Pradesh,RAE BARELI,2005,Kharif,Bajra,3531,2849,0.806853583
Uttar Pradesh,RAE BARELI,2005,Kharif,Jowar,10393,9092,0.87481959
Uttar Pradesh,RAE BARELI,2005,Kharif,Maize,181,159,0.878453039
Uttar Pradesh,RAE BARELI,2005,Kharif,Rice,136732,281121,2.056000059
Uttar Pradesh,RAE BARELI,2005,Kharif,Sannhamp,13,5,0.384615385
Uttar Pradesh,RAE BARELI,2005,Kharif,Sesamum,1838,289,0.157236126
Uttar Pradesh,RAE BARELI,2005,Kharif,Sugarcane,4241,199853,47.12402735
Uttar Pradesh,RAE BARELI,2005,Rabi,Barley,3735,5867,1.5708166
Uttar Pradesh,RAE BARELI,2005,Rabi,Gram,6988,8617,1.23311391
Uttar Pradesh,RAE BARELI,2005,Rabi,Linseed,206,85,0.412621359
Uttar Pradesh,RAE BARELI,2005,Rabi,Potato,5560,99096,17.82302158
Uttar Pradesh,RAE BARELI,2005,Rabi,Rapeseed &Mustard,7357,4847,0.658828327
Uttar Pradesh,RAE BARELI,2005,Rabi,Turmeric,6,27,4.5
Uttar Pradesh,RAE BARELI,2005,Rabi,Wheat,184790,380296,2.057990151
Uttar Pradesh,RAE BARELI,2005,Summer,Sunflower,10,12,1.2
Uttar Pradesh,RAE BARELI,2005,Whole Year,Banana,1,38,38
Uttar Pradesh,RAE BARELI,2005,Whole Year,Coriander,551,315,0.57168784
Uttar Pradesh,RAE BARELI,2005,Whole Year,Dry chillies,666,608,0.912912913
Uttar Pradesh,RAE BARELI,2005,Whole Year,Garlic,206,897,4.354368932
Uttar Pradesh,RAE BARELI,2005,Whole Year,Guar seed,43,35,0.813953488
Uttar Pradesh,RAE BARELI,2005,Whole Year,Onion,486,6250,12.8600823
Uttar Pradesh,RAE BARELI,2005,Whole Year,Sweet potato,572,7482,13.08041958
Uttar Pradesh,RAE BARELI,2005,Whole Year,Tobacco,4,23,5.75
Uttar Pradesh,RAE BARELI,2006,Kharif,Arhar/Tur,14555,9207,0.632566128
Uttar Pradesh,RAE BARELI,2006,Kharif,Bajra,1530,2247,1.468627451
Uttar Pradesh,RAE BARELI,2006,Kharif,Groundnut,2648,1899,0.717145015
Uttar Pradesh,RAE BARELI,2006,Kharif,Jowar,11172,9548,0.854636591
Uttar Pradesh,RAE BARELI,2006,Kharif,Maize,200,255,1.275
Uttar Pradesh,RAE BARELI,2006,Kharif,Other Kharif pulses,21151,10964,0.518367926
Uttar Pradesh,RAE BARELI,2006,Kharif,Rice,136669,248738,1.820003073
Uttar Pradesh,RAE BARELI,2006,Kharif,Sannhamp,34,9,0.264705882
Uttar Pradesh,RAE BARELI,2006,Kharif,Sesamum,1917,409,0.213354199
Uttar Pradesh,RAE BARELI,2006,Kharif,Sugarcane,6532,237739,36.39605021
Uttar Pradesh,RAE BARELI,2006,Kharif,Sweet potato,379,5173,13.64907652
Uttar Pradesh,RAE BARELI,2006,Rabi,Barley,3322,5518,1.661047562
Uttar Pradesh,RAE BARELI,2006,Rabi,Garlic,199,875,4.396984925
Uttar Pradesh,RAE BARELI,2006,Rabi,Gram,6834,5561,0.81372549
Uttar Pradesh,RAE BARELI,2006,Rabi,Linseed,212,74,0.349056604
Uttar Pradesh,RAE BARELI,2006,Rabi,Maize,37,116,3.135135135
Uttar Pradesh,RAE BARELI,2006,Rabi,Masoor,297,217,0.730639731
Uttar Pradesh,RAE BARELI,2006,Rabi,Onion,173,3318,19.17919075
Uttar Pradesh,RAE BARELI,2006,Rabi,Other  Rabi pulses,4326,4183,0.966944059
Uttar Pradesh,RAE BARELI,2006,Rabi,Potato,5474,81886,14.95907928
Uttar Pradesh,RAE BARELI,2006,Rabi,Rapeseed &Mustard,10176,7397,0.726906447
Uttar Pradesh,RAE BARELI,2006,Rabi,Tobacco,2,11,5.5
Uttar Pradesh,RAE BARELI,2006,Rabi,Turmeric,42,143,3.404761905
Uttar Pradesh,RAE BARELI,2006,Rabi,Wheat,184220,431415,2.341846705
Uttar Pradesh,RAE BARELI,2006,Summer,Maize,1,1,1
Uttar Pradesh,RAE BARELI,2006,Summer,Onion,323,3761,11.64396285
Uttar Pradesh,RAE BARELI,2006,Summer,Sunflower,18,27,1.5
Uttar Pradesh,RAE BARELI,2006,Whole Year,Coriander,394,205,0.520304569
Uttar Pradesh,RAE BARELI,2006,Whole Year,Dry chillies,574,544,0.947735192
Uttar Pradesh,RAE BARELI,2006,Whole Year,Guar seed,38,32,0.842105263
Uttar Pradesh,RAE BARELI,2007,Kharif,Arhar/Tur,6883,6425,0.933459247
Uttar Pradesh,RAE BARELI,2007,Kharif,Bajra,1931,1685,0.872604868
Uttar Pradesh,RAE BARELI,2007,Kharif,Dry chillies,562,541,0.962633452
Uttar Pradesh,RAE BARELI,2007,Kharif,Groundnut,2848,1808,0.634831461
Uttar Pradesh,RAE BARELI,2007,Kharif,Guar seed,33,28,0.848484848
Uttar Pradesh,RAE BARELI,2007,Kharif,Jowar,7665,5871,0.765949119
Uttar Pradesh,RAE BARELI,2007,Kharif,Maize,119,104,0.87394958
Uttar Pradesh,RAE BARELI,2007,Kharif,Moong(Green Gram),628,125,0.199044586
Uttar Pradesh,RAE BARELI,2007,Kharif,Rice,135591,287182,2.118001932
Uttar Pradesh,RAE BARELI,2007,Kharif,Sannhamp,30,5,0.166666667
Uttar Pradesh,RAE BARELI,2007,Kharif,Sesamum,1951,409,0.209636084
Uttar Pradesh,RAE BARELI,2007,Kharif,Small millets,1,1,1
Uttar Pradesh,RAE BARELI,2007,Kharif,Sugarcane,4971,193789,38.98390666
Uttar Pradesh,RAE BARELI,2007,Kharif,Sweet potato,564,7593,13.46276596
Uttar Pradesh,RAE BARELI,2007,Kharif,Urad,15633,8004,0.511993859
Uttar Pradesh,RAE BARELI,2007,Rabi,Barley,1244,2324,1.868167203
Uttar Pradesh,RAE BARELI,2007,Rabi,Coriander,422,245,0.58056872
Uttar Pradesh,RAE BARELI,2007,Rabi,Gram,12479,12243,0.981088228
Uttar Pradesh,RAE BARELI,2007,Rabi,Linseed,227,57,0.251101322
Uttar Pradesh,RAE BARELI,2007,Rabi,Maize,1,3,3
Uttar Pradesh,RAE BARELI,2007,Rabi,Masoor,211,173,0.819905213
Uttar Pradesh,RAE BARELI,2007,Rabi,Onion,137,1914,13.97080292
Uttar Pradesh,RAE BARELI,2007,Rabi,Other  Rabi pulses,530,497,0.937735849
Uttar Pradesh,RAE BARELI,2007,Rabi,Potato,5961,80259,13.4640161
Uttar Pradesh,RAE BARELI,2007,Rabi,Rapeseed &Mustard,8422,10402,1.235098551
Uttar Pradesh,RAE BARELI,2007,Rabi,Turmeric,35,107,3.057142857
Uttar Pradesh,RAE BARELI,2007,Rabi,Wheat,179429,417668,2.327761956
Uttar Pradesh,RAE BARELI,2007,Summer,Maize,1,1,1
Uttar Pradesh,RAE BARELI,2007,Summer,Moong(Green Gram),414,225,0.543478261
Uttar Pradesh,RAE BARELI,2007,Summer,Onion,59,469,7.949152542
Uttar Pradesh,RAE BARELI,2007,Summer,Rice,4,8,2
Uttar Pradesh,RAE BARELI,2007,Summer,Sunflower,273,769,2.816849817
Uttar Pradesh,RAE BARELI,2007,Summer,Urad,2940,1338,0.455102041
Uttar Pradesh,RAE BARELI,2008,Kharif,Arhar/Tur,7062,5111,0.723732654
Uttar Pradesh,RAE BARELI,2008,Kharif,Bajra,1272,1335,1.049528302
Uttar Pradesh,RAE BARELI,2008,Kharif,Dry chillies,854,851,0.996487119
Uttar Pradesh,RAE BARELI,2008,Kharif,Groundnut,1780,1326,0.74494382
Uttar Pradesh,RAE BARELI,2008,Kharif,Guar seed,97,81,0.835051546
Uttar Pradesh,RAE BARELI,2008,Kharif,Jowar,7922,6304,0.795758647
Uttar Pradesh,RAE BARELI,2008,Kharif,Maize,11,13,1.181818182
Uttar Pradesh,RAE BARELI,2008,Kharif,Moong(Green Gram),531,196,0.369114878
Uttar Pradesh,RAE BARELI,2008,Kharif,Rice,142503,318922,2.238002007
Uttar Pradesh,RAE BARELI,2008,Kharif,Sannhamp,17,6,0.352941176
Uttar Pradesh,RAE BARELI,2008,Kharif,Sesamum,1218,283,0.232348112
Uttar Pradesh,RAE BARELI,2008,Kharif,Sugarcane,3398,117313,34.52413184
Uttar Pradesh,RAE BARELI,2008,Kharif,Sweet potato,530,6509,12.28113208
Uttar Pradesh,RAE BARELI,2008,Kharif,Urad,15193,5545,0.36497071
Uttar Pradesh,RAE BARELI,2008,Rabi,Barley,3343,6325,1.892013162
Uttar Pradesh,RAE BARELI,2008,Rabi,Coriander,396,236,0.595959596
Uttar Pradesh,RAE BARELI,2008,Rabi,Garlic,154,907,5.88961039
Uttar Pradesh,RAE BARELI,2008,Rabi,Gram,6972,8035,1.152467011
Uttar Pradesh,RAE BARELI,2008,Rabi,Linseed,87,39,0.448275862
Uttar Pradesh,RAE BARELI,2008,Rabi,Maize,2,5,2.5
Uttar Pradesh,RAE BARELI,2008,Rabi,Masoor,265,220,0.830188679
Uttar Pradesh,RAE BARELI,2008,Rabi,Onion,315,3692,11.72063492
Uttar Pradesh,RAE BARELI,2008,Rabi,Peas & beans (Pulses),3700,4466,1.207027027
Uttar Pradesh,RAE BARELI,2008,Rabi,Potato,5826,89926,15.43529008
Uttar Pradesh,RAE BARELI,2008,Rabi,Rapeseed &Mustard,8533,7896,0.925348646
Uttar Pradesh,RAE BARELI,2008,Rabi,Wheat,187533,477643,2.546981065
Uttar Pradesh,RAE BARELI,2008,Summer,Banana,1,38,38
Uttar Pradesh,RAE BARELI,2008,Summer,Maize,2,3,1.5
Uttar Pradesh,RAE BARELI,2008,Summer,Moong(Green Gram),476,265,0.556722689
Uttar Pradesh,RAE BARELI,2008,Summer,Sunflower,36,72,2
Uttar Pradesh,RAE BARELI,2008,Summer,Urad,4044,2220,0.548961424
Uttar Pradesh,RAE BARELI,2009,Kharif,Arhar/Tur,4615,2929,0.634669556
Uttar Pradesh,RAE BARELI,2009,Kharif,Bajra,1528,1244,0.814136126
Uttar Pradesh,RAE BARELI,2009,Kharif,Dry chillies,397,350,0.881612091
Uttar Pradesh,RAE BARELI,2009,Kharif,Dry ginger,5,15,3
Uttar Pradesh,RAE BARELI,2009,Kharif,Groundnut,1628,1066,0.654791155
Uttar Pradesh,RAE BARELI,2009,Kharif,Guar seed,66,55,0.833333333
Uttar Pradesh,RAE BARELI,2009,Kharif,Jowar,5625,4594,0.816711111
Uttar Pradesh,RAE BARELI,2009,Kharif,Maize,80,96,1.2
Uttar Pradesh,RAE BARELI,2009,Kharif,Moong(Green Gram),589,87,0.14770798
Uttar Pradesh,RAE BARELI,2009,Kharif,Rice,123177,269388,2.186999196
Uttar Pradesh,RAE BARELI,2009,Kharif,Sannhamp,6,1,0.166666667
Uttar Pradesh,RAE BARELI,2009,Kharif,Sesamum,3493,749,0.214428858
Uttar Pradesh,RAE BARELI,2009,Kharif,Sugarcane,2977,88869,29.85186429
Uttar Pradesh,RAE BARELI,2009,Kharif,Sweet potato,397,5399,13.59949622
Uttar Pradesh,RAE BARELI,2009,Kharif,Urad,12059,5969,0.494983
Uttar Pradesh,RAE BARELI,2009,Rabi,Barley,3458,4794,1.386350492
Uttar Pradesh,RAE BARELI,2009,Rabi,Coriander,257,146,0.568093385
Uttar Pradesh,RAE BARELI,2009,Rabi,Garlic,133,707,5.315789474
Uttar Pradesh,RAE BARELI,2009,Rabi,Gram,6455,6079,0.941750581
Uttar Pradesh,RAE BARELI,2009,Rabi,Linseed,107,47,0.439252336
Uttar Pradesh,RAE BARELI,2009,Rabi,Masoor,337,276,0.818991098
Uttar Pradesh,RAE BARELI,2009,Rabi,Onion,254,3290,12.95275591
Uttar Pradesh,RAE BARELI,2009,Rabi,Peas & beans (Pulses),3193,4098,1.283432509
Uttar Pradesh,RAE BARELI,2009,Rabi,Potato,5370,81425,15.16294227
Uttar Pradesh,RAE BARELI,2009,Rabi,Rapeseed &Mustard,8125,5990,0.737230769
Uttar Pradesh,RAE BARELI,2009,Rabi,Turmeric,16,53,3.3125
Uttar Pradesh,RAE BARELI,2009,Rabi,Wheat,189172,472714,2.498858182
Uttar Pradesh,RAE BARELI,2009,Summer,Banana,9,370,41.11111111
Uttar Pradesh,RAE BARELI,2009,Summer,Maize,1,2,2
Uttar Pradesh,RAE BARELI,2009,Summer,Moong(Green Gram),469,244,0.520255864
Uttar Pradesh,RAE BARELI,2009,Summer,Onion,198,1991,10.05555556
Uttar Pradesh,RAE BARELI,2009,Summer,Sunflower,26,60,2.307692308
Uttar Pradesh,RAE BARELI,2009,Summer,Urad,3968,2087,0.525957661
Uttar Pradesh,RAE BARELI,2010,Kharif,Arhar/Tur,6724,4429,0.658685306
Uttar Pradesh,RAE BARELI,2010,Kharif,Bajra,771,904,1.172503243
Uttar Pradesh,RAE BARELI,2010,Kharif,Dry chillies,361,316,0.87534626
Uttar Pradesh,RAE BARELI,2010,Kharif,Groundnut,1114,1293,1.160682226
Uttar Pradesh,RAE BARELI,2010,Kharif,Guar seed,55,46,0.836363636
Uttar Pradesh,RAE BARELI,2010,Kharif,Jowar,6869,6003,0.873926336
Uttar Pradesh,RAE BARELI,2010,Kharif,Maize,46,50,1.086956522
Uttar Pradesh,RAE BARELI,2010,Kharif,Moong(Green Gram),1300,611,0.47
Uttar Pradesh,RAE BARELI,2010,Kharif,Rice,80776,172941,2.14099485
Uttar Pradesh,RAE BARELI,2010,Kharif,Sannhamp,33,11,0.333333333
Uttar Pradesh,RAE BARELI,2010,Kharif,Sesamum,2553,438,0.171562867
Uttar Pradesh,RAE BARELI,2010,Kharif,Sugarcane,2246,99345,44.23196794
Uttar Pradesh,RAE BARELI,2010,Kharif,Sweet potato,488,6010,12.31557377
Uttar Pradesh,RAE BARELI,2010,Kharif,Urad,10636,5073,0.476965024
Uttar Pradesh,RAE BARELI,2010,Rabi,Barley,1204,2355,1.955980066
Uttar Pradesh,RAE BARELI,2010,Rabi,Gram,3318,2056,0.619650392
Uttar Pradesh,RAE BARELI,2010,Rabi,Linseed,99,46,0.464646465
Uttar Pradesh,RAE BARELI,2010,Rabi,Maize,1,3,3
Uttar Pradesh,RAE BARELI,2010,Rabi,Masoor,101,88,0.871287129
Uttar Pradesh,RAE BARELI,2010,Rabi,Onion,329,6056,18.40729483
Uttar Pradesh,RAE BARELI,2010,Rabi,Peas & beans (Pulses),2634,3140,1.192103265
Uttar Pradesh,RAE BARELI,2010,Rabi,Potato,5774,100237,17.36006235
Uttar Pradesh,RAE BARELI,2010,Rabi,Rapeseed &Mustard,6521,4858,0.744977764
Uttar Pradesh,RAE BARELI,2010,Rabi,Tobacco,1,5,5
Uttar Pradesh,RAE BARELI,2010,Rabi,Turmeric,6,19,3.166666667
Uttar Pradesh,RAE BARELI,2010,Rabi,Wheat,166471,448960,2.696926191
Uttar Pradesh,RAE BARELI,2010,Summer,Maize,1,1,1
Uttar Pradesh,RAE BARELI,2010,Summer,Moong(Green Gram),489,224,0.45807771
Uttar Pradesh,RAE BARELI,2010,Summer,Rice,2,4,2
Uttar Pradesh,RAE BARELI,2010,Summer,Sunflower,5,10,2
Uttar Pradesh,RAE BARELI,2010,Summer,Urad,4953,2264,0.457096709
Uttar Pradesh,RAE BARELI,2011,Kharif,Arhar/Tur,5608,4315,0.769436519
Uttar Pradesh,RAE BARELI,2011,Kharif,Bajra,802,869,1.083541147
Uttar Pradesh,RAE BARELI,2011,Kharif,Dry chillies,196,163,0.831632653
Uttar Pradesh,RAE BARELI,2011,Kharif,Groundnut,1151,929,0.80712424
Uttar Pradesh,RAE BARELI,2011,Kharif,Guar seed,58,47,0.810344828
Uttar Pradesh,RAE BARELI,2011,Kharif,Jowar,6843,4827,0.705392372
Uttar Pradesh,RAE BARELI,2011,Kharif,Maize,63,69,1.095238095
Uttar Pradesh,RAE BARELI,2011,Kharif,Moong(Green Gram),914,388,0.424507659
Uttar Pradesh,RAE BARELI,2011,Kharif,Rice,83159,188438,2.265996465
Uttar Pradesh,RAE BARELI,2011,Kharif,Sannhamp,37,10,0.27027027
Uttar Pradesh,RAE BARELI,2011,Kharif,Sesamum,2787,465,0.166846071
Uttar Pradesh,RAE BARELI,2011,Kharif,Sugarcane,2169,111478,51.39603504
Uttar Pradesh,RAE BARELI,2011,Kharif,Sweet potato,472,6133,12.99364407
Uttar Pradesh,RAE BARELI,2011,Kharif,Urad,13673,6139,0.448987055
Uttar Pradesh,RAE BARELI,2011,Rabi,Barley,2125,4916,2.313411765
Uttar Pradesh,RAE BARELI,2011,Rabi,Coriander,388,215,0.554123711
Uttar Pradesh,RAE BARELI,2011,Rabi,Garlic,197,1018,5.16751269
Uttar Pradesh,RAE BARELI,2011,Rabi,Gram,5520,6339,1.148369565
Uttar Pradesh,RAE BARELI,2011,Rabi,Linseed,73,33,0.452054795
Uttar Pradesh,RAE BARELI,2011,Rabi,Maize,13,31,2.384615385
Uttar Pradesh,RAE BARELI,2011,Rabi,Masoor,91,76,0.835164835
Uttar Pradesh,RAE BARELI,2011,Rabi,Onion,301,6885,22.87375415
Uttar Pradesh,RAE BARELI,2011,Rabi,Peas & beans (Pulses),1856,2008,1.081896552
Uttar Pradesh,RAE BARELI,2011,Rabi,Potato,4297,57081,13.28391901
Uttar Pradesh,RAE BARELI,2011,Rabi,Rapeseed &Mustard,6686,5631,0.842207598
Uttar Pradesh,RAE BARELI,2011,Rabi,Turmeric,15,42,2.8
Uttar Pradesh,RAE BARELI,2011,Rabi,Wheat,132299,379830,2.870996757
Uttar Pradesh,RAE BARELI,2011,Summer,Banana,23,1005,43.69565217
Uttar Pradesh,RAE BARELI,2011,Summer,Maize,1,2,2
Uttar Pradesh,RAE BARELI,2011,Summer,Moong(Green Gram),226,117,0.517699115
Uttar Pradesh,RAE BARELI,2011,Summer,Onion,123,1403,11.40650407
Uttar Pradesh,RAE BARELI,2011,Summer,Rice,1,2,2
Uttar Pradesh,RAE BARELI,2011,Summer,Sunflower,11,19,1.727272727
Uttar Pradesh,RAE BARELI,2011,Summer,Tobacco,4,12,3
Uttar Pradesh,RAE BARELI,2011,Summer,Urad,2635,1217,0.461859583
Uttar Pradesh,RAE BARELI,2012,Kharif,Arhar/Tur,4988,3918,0.785485164
Uttar Pradesh,RAE BARELI,2012,Kharif,Bajra,518,445,0.859073359
Uttar Pradesh,RAE BARELI,2012,Kharif,Dry chillies,38,31,0.815789474
Uttar Pradesh,RAE BARELI,2012,Kharif,Groundnut,1461,931,0.637234771
Uttar Pradesh,RAE BARELI,2012,Kharif,Guar seed,62,51,0.822580645
Uttar Pradesh,RAE BARELI,2012,Kharif,Jowar,6010,5866,0.976039933
Uttar Pradesh,RAE BARELI,2012,Kharif,Maize,51,74,1.450980392
Uttar Pradesh,RAE BARELI,2012,Kharif,Moong(Green Gram),829,420,0.506634499
Uttar Pradesh,RAE BARELI,2012,Kharif,Rice,84448,204618,2.423005873
Uttar Pradesh,RAE BARELI,2012,Kharif,Sannhamp,22,8,0.363636364
Uttar Pradesh,RAE BARELI,2012,Kharif,Sesamum,2552,464,0.181818182
Uttar Pradesh,RAE BARELI,2012,Kharif,Sugarcane,2295,118266,51.53202614
Uttar Pradesh,RAE BARELI,2012,Kharif,Sweet potato,206,2667,12.94660194
Uttar Pradesh,RAE BARELI,2012,Kharif,Urad,12677,5527,0.435986432
Uttar Pradesh,RAE BARELI,2012,Rabi,Barley,1754,3541,2.018814139
Uttar Pradesh,RAE BARELI,2012,Rabi,Coriander,366,198,0.540983607
Uttar Pradesh,RAE BARELI,2012,Rabi,Garlic,164,852,5.195121951
Uttar Pradesh,RAE BARELI,2012,Rabi,Gram,4631,5533,1.194774347
Uttar Pradesh,RAE BARELI,2012,Rabi,Linseed,43,19,0.441860465
Uttar Pradesh,RAE BARELI,2012,Rabi,Masoor,61,50,0.819672131
Uttar Pradesh,RAE BARELI,2012,Rabi,Onion,241,5544,23.00414938
Uttar Pradesh,RAE BARELI,2012,Rabi,Peas & beans (Pulses),2224,1748,0.785971223
Uttar Pradesh,RAE BARELI,2012,Rabi,Potato,3995,69729,17.45406758
Uttar Pradesh,RAE BARELI,2012,Rabi,Rapeseed &Mustard,6570,6761,1.029071537
Uttar Pradesh,RAE BARELI,2012,Rabi,Turmeric,19,54,2.842105263
Uttar Pradesh,RAE BARELI,2012,Rabi,Wheat,131752,373644,2.835964539
Uttar Pradesh,RAE BARELI,2012,Summer,Banana,12,536,44.66666667
Uttar Pradesh,RAE BARELI,2012,Summer,Maize,1,2,2
Uttar Pradesh,RAE BARELI,2012,Summer,Moong(Green Gram),238,76,0.319327731
Uttar Pradesh,RAE BARELI,2012,Summer,Onion,116,1318,11.36206897
Uttar Pradesh,RAE BARELI,2012,Summer,Small millets,5,7,1.4
Uttar Pradesh,RAE BARELI,2012,Summer,Sunflower,39,31,0.794871795
Uttar Pradesh,RAE BARELI,2012,Summer,Tobacco,2,6,3
Uttar Pradesh,RAE BARELI,2012,Summer,Urad,2249,1111,0.493997332
Uttar Pradesh,RAE BARELI,2013,Kharif,Arhar/Tur,5051,3439,0.680855276
Uttar Pradesh,RAE BARELI,2013,Kharif,Bajra,668,537,0.803892216
Uttar Pradesh,RAE BARELI,2013,Kharif,Dry chillies,388,313,0.806701031
Uttar Pradesh,RAE BARELI,2013,Kharif,Groundnut,1267,307,0.242304657
Uttar Pradesh,RAE BARELI,2013,Kharif,Guar seed,68,56,0.823529412
Uttar Pradesh,RAE BARELI,2013,Kharif,Jowar,6268,5289,0.843809828
Uttar Pradesh,RAE BARELI,2013,Kharif,Maize,36,61,1.694444444
Uttar Pradesh,RAE BARELI,2013,Kharif,Moong(Green Gram),922,296,0.321041215
Uttar Pradesh,RAE BARELI,2013,Kharif,Rice,89513,219665,2.454001095
Uttar Pradesh,RAE BARELI,2013,Kharif,Sannhamp,28,8,0.285714286
Uttar Pradesh,RAE BARELI,2013,Kharif,Sesamum,3100,624,0.201290323
Uttar Pradesh,RAE BARELI,2013,Kharif,Sugarcane,2146,114193,53.21202237
Uttar Pradesh,RAE BARELI,2013,Kharif,Sweet potato,61,806,13.21311475
Uttar Pradesh,RAE BARELI,2013,Kharif,Urad,13157,4868,0.36999316
Uttar Pradesh,RAE BARELI,2013,Rabi,Barley,1112,2794,2.512589928
Uttar Pradesh,RAE BARELI,2013,Rabi,Coriander,387,212,0.547803618
Uttar Pradesh,RAE BARELI,2013,Rabi,Garlic,161,943,5.857142857
Uttar Pradesh,RAE BARELI,2013,Rabi,Gram,6002,2947,0.491002999
Uttar Pradesh,RAE BARELI,2013,Rabi,Linseed,37,15,0.405405405
Uttar Pradesh,RAE BARELI,2013,Rabi,Maize,1,4,4
Uttar Pradesh,RAE BARELI,2013,Rabi,Masoor,38,27,0.710526316
Uttar Pradesh,RAE BARELI,2013,Rabi,Onion,277,5634,20.33935018
Uttar Pradesh,RAE BARELI,2013,Rabi,Peas & beans (Pulses),1931,1827,0.946141895
Uttar Pradesh,RAE BARELI,2013,Rabi,Potato,5103,47647,9.337056633
Uttar Pradesh,RAE BARELI,2013,Rabi,Rapeseed &Mustard,7102,5412,0.762038862
Uttar Pradesh,RAE BARELI,2013,Rabi,Tobacco,1,5,5
Uttar Pradesh,RAE BARELI,2013,Rabi,Turmeric,14,41,2.928571429
Uttar Pradesh,RAE BARELI,2013,Rabi,Wheat,134767,400393,2.971001803
Uttar Pradesh,RAE BARELI,2013,Summer,Moong(Green Gram),52,27,0.519230769
Uttar Pradesh,RAE BARELI,2013,Summer,Onion,36,484,13.44444444
Uttar Pradesh,RAE BARELI,2013,Summer,Small millets,4,6,1.5
Uttar Pradesh,RAE BARELI,2013,Summer,Urad,1083,442,0.408125577
Uttar Pradesh,RAE BARELI,2014,Kharif,Arhar/Tur,4871,1372,0.281667009
Uttar Pradesh,RAE BARELI,2014,Kharif,Bajra,622,667,1.072347267
Uttar Pradesh,RAE BARELI,2014,Kharif,Dry chillies,442,365,0.825791855
Uttar Pradesh,RAE BARELI,2014,Kharif,Groundnut,1120,454,0.405357143
Uttar Pradesh,RAE BARELI,2014,Kharif,Guar seed,62,51,0.822580645
Uttar Pradesh,RAE BARELI,2014,Kharif,Jowar,5553,3693,0.665045921
Uttar Pradesh,RAE BARELI,2014,Kharif,Maize,21,30,1.428571429
Uttar Pradesh,RAE BARELI,2014,Kharif,Moong(Green Gram),820,262,0.319512195
Uttar Pradesh,RAE BARELI,2014,Kharif,Rice,104251,246449,2.363996508
Uttar Pradesh,RAE BARELI,2014,Kharif,Sannhamp,31,11,0.35483871
Uttar Pradesh,RAE BARELI,2014,Kharif,Sesamum,3290,647,0.196656535
Uttar Pradesh,RAE BARELI,2014,Kharif,Sugarcane,2306,125317,54.34388552
Uttar Pradesh,RAE BARELI,2014,Kharif,Sweet potato,210,2601,12.38571429
Uttar Pradesh,RAE BARELI,2014,Kharif,Urad,13639,2564,0.187990322
Uttar Pradesh,RAE BARELI,2014,Rabi,Barley,2653,3602,1.357708255
Uttar Pradesh,RAE BARELI,2014,Rabi,Coriander,367,178,0.485013624
Uttar Pradesh,RAE BARELI,2014,Rabi,Garlic,187,1083,5.79144385
Uttar Pradesh,RAE BARELI,2014,Rabi,Gram,4705,972,0.206588735
Uttar Pradesh,RAE BARELI,2014,Rabi,Linseed,28,16,0.571428571
Uttar Pradesh,RAE BARELI,2014,Rabi,Maize,139,333,2.395683453
Uttar Pradesh,RAE BARELI,2014,Rabi,Masoor,60,34,0.566666667
Uttar Pradesh,RAE BARELI,2014,Rabi,Onion,288,4406,15.29861111
Uttar Pradesh,RAE BARELI,2014,Rabi,Peas & beans (Pulses),2867,3331,1.161841646
Uttar Pradesh,RAE BARELI,2014,Rabi,Potato,4298,60967,14.18496975
Uttar Pradesh,RAE BARELI,2014,Rabi,Rapeseed &Mustard,7698,4582,0.595219538
Uttar Pradesh,RAE BARELI,2014,Rabi,Tobacco,3,13,4.333333333
Uttar Pradesh,RAE BARELI,2014,Rabi,Turmeric,36,102,2.833333333
Uttar Pradesh,RAE BARELI,2014,Rabi,Wheat,167432,270235,1.613998519
Uttar Pradesh,RAE BARELI,2014,Summer,Moong(Green Gram),280,139,0.496428571
Uttar Pradesh,RAE BARELI,2014,Summer,Onion,122,1192,9.770491803
Uttar Pradesh,RAE BARELI,2014,Summer,Sunflower,2,4,2
Uttar Pradesh,RAE BARELI,2014,Summer,Tobacco,1,3,3
Uttar Pradesh,RAE BARELI,2014,Summer,Urad,2412,1160,0.48092869
Uttar Pradesh,RAMPUR,1997,Kharif,Arhar/Tur,666,458,0.687687688
Uttar Pradesh,RAMPUR,1997,Kharif,Bajra,3442,2910,0.845438698
Uttar Pradesh,RAMPUR,1997,Kharif,Groundnut,19,15,0.789473684
Uttar Pradesh,RAMPUR,1997,Kharif,Jowar,3112,3366,1.081619537
Uttar Pradesh,RAMPUR,1997,Kharif,Maize,374,656,1.754010695
Uttar Pradesh,RAMPUR,1997,Kharif,Oilseeds total,11076,11270,1.017515349
Uttar Pradesh,RAMPUR,1997,Kharif,Onion,89,880,9.887640449
Uttar Pradesh,RAMPUR,1997,Kharif,Rice,129699,328252,2.530875334
Uttar Pradesh,RAMPUR,1997,Kharif,Sesamum,110,15,0.136363636
Uttar Pradesh,RAMPUR,1997,Kharif,Soyabean,2,2,1
Uttar Pradesh,RAMPUR,1997,Kharif,Total foodgrain,255996,696034,2.718925296
Uttar Pradesh,RAMPUR,1997,Kharif,Urad,667,460,0.689655172
Uttar Pradesh,RAMPUR,1997,Rabi,Barley,75,180,2.4
Uttar Pradesh,RAMPUR,1997,Rabi,Gram,149,128,0.859060403
Uttar Pradesh,RAMPUR,1997,Rabi,Linseed,8,4,0.5
Uttar Pradesh,RAMPUR,1997,Rabi,Masoor,3276,2464,0.752136752
Uttar Pradesh,RAMPUR,1997,Rabi,Peas & beans (Pulses),546,709,1.298534799
Uttar Pradesh,RAMPUR,1997,Rabi,Rapeseed &Mustard,9127,8861,0.970855703
Uttar Pradesh,RAMPUR,1997,Rabi,Sunflower,1810,2373,1.311049724
Uttar Pradesh,RAMPUR,1997,Rabi,Wheat,113537,355416,3.13039802
Uttar Pradesh,RAMPUR,1997,Summer,Maize,48,76,1.583333333
Uttar Pradesh,RAMPUR,1997,Summer,Moong(Green Gram),10,4,0.4
Uttar Pradesh,RAMPUR,1997,Summer,Rice,368,931,2.529891304
Uttar Pradesh,RAMPUR,1997,Summer,Urad,7,3,0.428571429
Uttar Pradesh,RAMPUR,1997,Whole Year,Potato,3179,41951,13.19628814
Uttar Pradesh,RAMPUR,1997,Whole Year,Sugarcane,25408,1534846,60.40798174
Uttar Pradesh,RAMPUR,1998,Kharif,Arhar/Tur,483,480,0.99378882
Uttar Pradesh,RAMPUR,1998,Kharif,Bajra,3641,2541,0.697885196
Uttar Pradesh,RAMPUR,1998,Kharif,Cotton(lint),1,,
Uttar Pradesh,RAMPUR,1998,Kharif,Groundnut,9,7,0.777777778
Uttar Pradesh,RAMPUR,1998,Kharif,Jowar,2524,2008,0.795562599
Uttar Pradesh,RAMPUR,1998,Kharif,Maize,324,360,1.111111111
Uttar Pradesh,RAMPUR,1998,Kharif,Moong(Green Gram),2,1,0.5
Uttar Pradesh,RAMPUR,1998,Kharif,Rice,133421,245914,1.843143133
Uttar Pradesh,RAMPUR,1998,Kharif,Sesamum,123,7,0.056910569
Uttar Pradesh,RAMPUR,1998,Kharif,Soyabean,1,,
Uttar Pradesh,RAMPUR,1998,Kharif,Urad,622,197,0.316720257
Uttar Pradesh,RAMPUR,1998,Rabi,Barley,35,83,2.371428571
Uttar Pradesh,RAMPUR,1998,Rabi,Gram,136,120,0.882352941
Uttar Pradesh,RAMPUR,1998,Rabi,Linseed,2,1,0.5
Uttar Pradesh,RAMPUR,1998,Rabi,Masoor,3274,2010,0.613927917
Uttar Pradesh,RAMPUR,1998,Rabi,Peas & beans (Pulses),2537,2601,1.025226646
Uttar Pradesh,RAMPUR,1998,Rabi,Rapeseed &Mustard,6181,5796,0.937712344
Uttar Pradesh,RAMPUR,1998,Rabi,Sunflower,2438,2521,1.034044299
Uttar Pradesh,RAMPUR,1998,Rabi,Wheat,123479,399829,3.238032378
Uttar Pradesh,RAMPUR,1998,Summer,Maize,27,27,1
Uttar Pradesh,RAMPUR,1998,Summer,Moong(Green Gram),6,3,0.5
Uttar Pradesh,RAMPUR,1998,Summer,Rice,140,258,1.842857143
Uttar Pradesh,RAMPUR,1998,Summer,Urad,9,4,0.444444444
Uttar Pradesh,RAMPUR,1998,Whole Year,Onion,288,3498,12.14583333
Uttar Pradesh,RAMPUR,1998,Whole Year,Potato,3595,67597,18.80305981
Uttar Pradesh,RAMPUR,1998,Whole Year,Sugarcane,24675,1523829,61.75598784
Uttar Pradesh,RAMPUR,1998,Whole Year,Turmeric,5,9,1.8
Uttar Pradesh,RAMPUR,1999,Kharif,Arhar/Tur,491,580,1.181262729
Uttar Pradesh,RAMPUR,1999,Kharif,Bajra,3908,2583,0.660951894
Uttar Pradesh,RAMPUR,1999,Kharif,Groundnut,11,13,1.181818182
Uttar Pradesh,RAMPUR,1999,Kharif,Jowar,2231,1867,0.836844464
Uttar Pradesh,RAMPUR,1999,Kharif,Maize,329,504,1.531914894
Uttar Pradesh,RAMPUR,1999,Kharif,Moong(Green Gram),3,1,0.333333333
Uttar Pradesh,RAMPUR,1999,Kharif,Rice,133293,306205,2.297232413
Uttar Pradesh,RAMPUR,1999,Kharif,Sunflower,1166,1257,1.078044597
Uttar Pradesh,RAMPUR,1999,Kharif,Urad,675,418,0.619259259
Uttar Pradesh,RAMPUR,1999,Rabi,Barley,43,109,2.534883721
Uttar Pradesh,RAMPUR,1999,Rabi,Gram,124,120,0.967741935
Uttar Pradesh,RAMPUR,1999,Rabi,Maize,15,22,1.466666667
Uttar Pradesh,RAMPUR,1999,Rabi,Rapeseed &Mustard,6460,6125,0.948142415
Uttar Pradesh,RAMPUR,1999,Rabi,Wheat,129140,459512,3.558246864
Uttar Pradesh,RAMPUR,1999,Summer,Moong(Green Gram),9,5,0.555555556
Uttar Pradesh,RAMPUR,1999,Summer,Rice,235,540,2.29787234
Uttar Pradesh,RAMPUR,1999,Summer,Urad,23,11,0.47826087
Uttar Pradesh,RAMPUR,1999,Whole Year,Onion,346,4877,14.09537572
Uttar Pradesh,RAMPUR,1999,Whole Year,Peas & beans (Pulses),901,1629,1.807991121
Uttar Pradesh,RAMPUR,1999,Whole Year,Potato,2836,68938,24.30818054
Uttar Pradesh,RAMPUR,1999,Whole Year,Sugarcane,24380,1509805,61.92801477
Uttar Pradesh,RAMPUR,1999,Whole Year,Turmeric,15,23,1.533333333
Uttar Pradesh,RAMPUR,2000,Kharif,Arhar/Tur,468,519,1.108974359
Uttar Pradesh,RAMPUR,2000,Kharif,Bajra,3939,3550,0.901243971
Uttar Pradesh,RAMPUR,2000,Kharif,Groundnut,8,10,1.25
Uttar Pradesh,RAMPUR,2000,Kharif,Jowar,2029,1426,0.702809266
Uttar Pradesh,RAMPUR,2000,Kharif,Maize,189,248,1.312169312
Uttar Pradesh,RAMPUR,2000,Kharif,Moong(Green Gram),5,2,0.4
Uttar Pradesh,RAMPUR,2000,Kharif,Rice,136636,307990,2.254091162
Uttar Pradesh,RAMPUR,2000,Kharif,Sesamum,125,20,0.16
Uttar Pradesh,RAMPUR,2000,Kharif,Soyabean,3,2,0.666666667
Uttar Pradesh,RAMPUR,2000,Kharif,Urad,707,582,0.823196605
Uttar Pradesh,RAMPUR,2000,Rabi,Barley,53,121,2.283018868
Uttar Pradesh,RAMPUR,2000,Rabi,Gram,88,75,0.852272727
Uttar Pradesh,RAMPUR,2000,Rabi,Linseed,92,33,0.358695652
Uttar Pradesh,RAMPUR,2000,Rabi,Maize,26,42,1.615384615
Uttar Pradesh,RAMPUR,2000,Rabi,Masoor,3022,2880,0.953011251
Uttar Pradesh,RAMPUR,2000,Rabi,Moong(Green Gram),12,5,0.416666667
Uttar Pradesh,RAMPUR,2000,Rabi,Peas & beans (Pulses),971,1002,1.03192585
Uttar Pradesh,RAMPUR,2000,Rabi,Rapeseed &Mustard,4204,3881,0.923168411
Uttar Pradesh,RAMPUR,2000,Rabi,Urad,14,6,0.428571429
Uttar Pradesh,RAMPUR,2000,Rabi,Wheat,133686,489037,3.658101821
Uttar Pradesh,RAMPUR,2000,Summer,Rice,186,419,2.252688172
Uttar Pradesh,RAMPUR,2000,Whole Year,Potato,2182,43103,19.75389551
Uttar Pradesh,RAMPUR,2000,Whole Year,Sugarcane,21210,1233998,58.18000943
Uttar Pradesh,RAMPUR,2000,Whole Year,Turmeric,29,51,1.75862069
Uttar Pradesh,RAMPUR,2001,Kharif,Arhar/Tur,358,326,0.910614525
Uttar Pradesh,RAMPUR,2001,Kharif,Bajra,3830,5118,1.336292428
Uttar Pradesh,RAMPUR,2001,Kharif,Cotton(lint),1,1,1
Uttar Pradesh,RAMPUR,2001,Kharif,Groundnut,9,8,0.888888889
Uttar Pradesh,RAMPUR,2001,Kharif,Jowar,2146,2232,1.040074557
Uttar Pradesh,RAMPUR,2001,Kharif,Maize,255,384,1.505882353
Uttar Pradesh,RAMPUR,2001,Kharif,Moong(Green Gram),5,1,0.2
Uttar Pradesh,RAMPUR,2001,Kharif,Rice,138520,332478,2.400216575
Uttar Pradesh,RAMPUR,2001,Kharif,Sesamum,49,12,0.244897959
Uttar Pradesh,RAMPUR,2001,Kharif,Small millets,1,1,1
Uttar Pradesh,RAMPUR,2001,Kharif,Soyabean,6,4,0.666666667
Uttar Pradesh,RAMPUR,2001,Kharif,Sunflower,898,1028,1.144766147
Uttar Pradesh,RAMPUR,2001,Kharif,Urad,1547,631,0.407886231
Uttar Pradesh,RAMPUR,2001,Rabi,Barley,54,133,2.462962963
Uttar Pradesh,RAMPUR,2001,Rabi,Gram,96,96,1
Uttar Pradesh,RAMPUR,2001,Rabi,Maize,51,83,1.62745098
Uttar Pradesh,RAMPUR,2001,Rabi,Masoor,4072,5371,1.319007859
Uttar Pradesh,RAMPUR,2001,Rabi,Moong(Green Gram),33,17,0.515151515
Uttar Pradesh,RAMPUR,2001,Rabi,Peas & beans (Pulses),766,926,1.208877285
Uttar Pradesh,RAMPUR,2001,Rabi,Rapeseed &Mustard,3909,4849,1.240470709
Uttar Pradesh,RAMPUR,2001,Rabi,Urad,18,9,0.5
Uttar Pradesh,RAMPUR,2001,Rabi,Wheat,133854,466293,3.483594065
Uttar Pradesh,RAMPUR,2001,Summer,Rice,432,1037,2.400462963
Uttar Pradesh,RAMPUR,2001,Whole Year,Potato,2381,80199,33.68290634
Uttar Pradesh,RAMPUR,2001,Whole Year,Sugarcane,23820,1434345,60.21599496
Uttar Pradesh,RAMPUR,2001,Whole Year,Tobacco,1,6,6
Uttar Pradesh,RAMPUR,2001,Whole Year,Turmeric,35,63,1.8
Uttar Pradesh,RAMPUR,2002,Kharif,Bajra,3450,2733,0.792173913
Uttar Pradesh,RAMPUR,2002,Kharif,Groundnut,8,5,0.625
Uttar Pradesh,RAMPUR,2002,Kharif,Jowar,2046,1818,0.88856305
Uttar Pradesh,RAMPUR,2002,Kharif,Maize,223,247,1.107623318
Uttar Pradesh,RAMPUR,2002,Kharif,Moong(Green Gram),4,1,0.25
Uttar Pradesh,RAMPUR,2002,Kharif,Rice,133921,301776,2.253388192
Uttar Pradesh,RAMPUR,2002,Kharif,Sesamum,37,6,0.162162162
Uttar Pradesh,RAMPUR,2002,Kharif,Small millets,1,1,1
Uttar Pradesh,RAMPUR,2002,Kharif,Sunflower,1387,1518,1.09444845
Uttar Pradesh,RAMPUR,2002,Kharif,Urad,2458,2025,0.823840521
Uttar Pradesh,RAMPUR,2002,Rabi,Barley,24,59,2.458333333
Uttar Pradesh,RAMPUR,2002,Rabi,Gram,48,44,0.916666667
Uttar Pradesh,RAMPUR,2002,Rabi,Linseed,2,1,0.5
Uttar Pradesh,RAMPUR,2002,Rabi,Maize,87,96,1.103448276
Uttar Pradesh,RAMPUR,2002,Rabi,Masoor,3021,4015,1.329030122
Uttar Pradesh,RAMPUR,2002,Rabi,Onion,14,145,10.35714286
Uttar Pradesh,RAMPUR,2002,Rabi,Peas & beans (Pulses),867,1065,1.228373702
Uttar Pradesh,RAMPUR,2002,Rabi,Rapeseed &Mustard,2926,2149,0.734449761
Uttar Pradesh,RAMPUR,2002,Rabi,Wheat,127615,387862,3.03931356
Uttar Pradesh,RAMPUR,2002,Summer,Moong(Green Gram),42,24,0.571428571
Uttar Pradesh,RAMPUR,2002,Summer,Onion,223,2493,11.1793722
Uttar Pradesh,RAMPUR,2002,Summer,Rice,676,1523,2.25295858
Uttar Pradesh,RAMPUR,2002,Summer,Urad,26,14,0.538461538
Uttar Pradesh,RAMPUR,2002,Whole Year,Potato,2017,61926,30.70203272
Uttar Pradesh,RAMPUR,2002,Whole Year,Sugarcane,22714,1381011,60.79999119
Uttar Pradesh,RAMPUR,2002,Whole Year,Turmeric,42,76,1.80952381
Uttar Pradesh,RAMPUR,2003,Kharif,Arhar/Tur,161,133,0.826086957
Uttar Pradesh,RAMPUR,2003,Kharif,Bajra,3478,3541,1.018113859
Uttar Pradesh,RAMPUR,2003,Kharif,Groundnut,7,5,0.714285714
Uttar Pradesh,RAMPUR,2003,Kharif,Jowar,1076,1286,1.195167286
Uttar Pradesh,RAMPUR,2003,Kharif,Maize,120,11,0.091666667
Uttar Pradesh,RAMPUR,2003,Kharif,Moong(Green Gram),26,6,0.230769231
Uttar Pradesh,RAMPUR,2003,Kharif,Rice,137198,290515,2.117487135
Uttar Pradesh,RAMPUR,2003,Kharif,Sesamum,21,3,0.142857143
Uttar Pradesh,RAMPUR,2003,Kharif,Soyabean,2,2,1
Uttar Pradesh,RAMPUR,2003,Kharif,Sunflower,2106,3568,1.694207028
Uttar Pradesh,RAMPUR,2003,Kharif,Urad,2757,1845,0.669205658
Uttar Pradesh,RAMPUR,2003,Rabi,Barley,37,87,2.351351351
Uttar Pradesh,RAMPUR,2003,Rabi,Gram,50,53,1.06
Uttar Pradesh,RAMPUR,2003,Rabi,Linseed,3,1,0.333333333
Uttar Pradesh,RAMPUR,2003,Rabi,Masoor,2256,2418,1.071808511
Uttar Pradesh,RAMPUR,2003,Rabi,Onion,35,503,14.37142857
Uttar Pradesh,RAMPUR,2003,Rabi,Peas & beans (Pulses),1293,1774,1.372003094
Uttar Pradesh,RAMPUR,2003,Rabi,Rapeseed &Mustard,2961,3268,1.103681189
Uttar Pradesh,RAMPUR,2003,Rabi,Wheat,139277,487304,3.498811721
Uttar Pradesh,RAMPUR,2003,Summer,Maize,40,55,1.375
Uttar Pradesh,RAMPUR,2003,Summer,Moong(Green Gram),17,9,0.529411765
Uttar Pradesh,RAMPUR,2003,Summer,Onion,63,622,9.873015873
Uttar Pradesh,RAMPUR,2003,Summer,Rice,1334,2824,2.116941529
Uttar Pradesh,RAMPUR,2003,Summer,Urad,14,7,0.5
Uttar Pradesh,RAMPUR,2003,Whole Year,Potato,1722,45784,26.58768873
Uttar Pradesh,RAMPUR,2003,Whole Year,Sugarcane,21101,1204023,57.05999716
Uttar Pradesh,RAMPUR,2003,Whole Year,Turmeric,46,83,1.804347826
Uttar Pradesh,RAMPUR,2004,Kharif,Bajra,3298,3309,1.003335355
Uttar Pradesh,RAMPUR,2004,Kharif,Groundnut,6,5,0.833333333
Uttar Pradesh,RAMPUR,2004,Kharif,Jowar,1059,1055,0.996222852
Uttar Pradesh,RAMPUR,2004,Kharif,Maize,99,117,1.181818182
Uttar Pradesh,RAMPUR,2004,Kharif,Rice,144038,319405,2.217505103
Uttar Pradesh,RAMPUR,2004,Kharif,Sannhamp,1,,
Uttar Pradesh,RAMPUR,2004,Kharif,Sesamum,4,1,0.25
Uttar Pradesh,RAMPUR,2004,Kharif,Soyabean,20,8,0.4
Uttar Pradesh,RAMPUR,2004,Kharif,Sugarcane,17457,1141129,65.36798992
Uttar Pradesh,RAMPUR,2004,Rabi,Barley,28,59,2.107142857
Uttar Pradesh,RAMPUR,2004,Rabi,Gram,50,46,0.92
Uttar Pradesh,RAMPUR,2004,Rabi,Linseed,5,2,0.4
Uttar Pradesh,RAMPUR,2004,Rabi,Potato,2197,57650,26.24032772
Uttar Pradesh,RAMPUR,2004,Rabi,Rapeseed &Mustard,3643,4616,1.267087565
Uttar Pradesh,RAMPUR,2004,Rabi,Turmeric,44,76,1.727272727
Uttar Pradesh,RAMPUR,2004,Rabi,Wheat,143963,429175,2.981147934
Uttar Pradesh,RAMPUR,2004,Summer,Sunflower,1870,3374,1.804278075
Uttar Pradesh,RAMPUR,2004,Whole Year,Banana,1,36,36
Uttar Pradesh,RAMPUR,2004,Whole Year,Dry chillies,96,90,0.9375
Uttar Pradesh,RAMPUR,2004,Whole Year,Garlic,176,762,4.329545455
Uttar Pradesh,RAMPUR,2004,Whole Year,Guar seed,10,9,0.9
Uttar Pradesh,RAMPUR,2004,Whole Year,Onion,66,786,11.90909091
Uttar Pradesh,RAMPUR,2004,Whole Year,Sweet potato,93,1081,11.62365591
Uttar Pradesh,RAMPUR,2005,Kharif,Bajra,3401,3595,1.057042046
Uttar Pradesh,RAMPUR,2005,Kharif,Jowar,1266,1225,0.967614534
Uttar Pradesh,RAMPUR,2005,Kharif,Maize,225,239,1.062222222
Uttar Pradesh,RAMPUR,2005,Kharif,Rice,129443,257333,1.988002441
Uttar Pradesh,RAMPUR,2005,Kharif,Sesamum,36,6,0.166666667
Uttar Pradesh,RAMPUR,2005,Kharif,Soyabean,5,4,0.8
Uttar Pradesh,RAMPUR,2005,Kharif,Sugarcane,22385,1291525,57.69600179
Uttar Pradesh,RAMPUR,2005,Rabi,Barley,73,149,2.04109589
Uttar Pradesh,RAMPUR,2005,Rabi,Gram,54,48,0.888888889
Uttar Pradesh,RAMPUR,2005,Rabi,Potato,1722,41840,24.29732869
Uttar Pradesh,RAMPUR,2005,Rabi,Rapeseed &Mustard,1888,2246,1.189618644
Uttar Pradesh,RAMPUR,2005,Rabi,Turmeric,53,236,4.452830189
Uttar Pradesh,RAMPUR,2005,Rabi,Wheat,121309,369386,3.045000783
Uttar Pradesh,RAMPUR,2005,Summer,Sunflower,1479,2159,1.459770115
Uttar Pradesh,RAMPUR,2005,Whole Year,Coriander,1,1,1
Uttar Pradesh,RAMPUR,2005,Whole Year,Dry chillies,43,39,0.906976744
Uttar Pradesh,RAMPUR,2005,Whole Year,Garlic,529,2305,4.357277883
Uttar Pradesh,RAMPUR,2005,Whole Year,Guar seed,9,7,0.777777778
Uttar Pradesh,RAMPUR,2005,Whole Year,Onion,100,1287,12.87
Uttar Pradesh,RAMPUR,2005,Whole Year,Sweet potato,115,1504,13.07826087
Uttar Pradesh,RAMPUR,2006,Kharif,Arhar/Tur,86,57,0.662790698
Uttar Pradesh,RAMPUR,2006,Kharif,Bajra,3298,4850,1.470588235
Uttar Pradesh,RAMPUR,2006,Kharif,Jowar,1059,1222,1.153918791
Uttar Pradesh,RAMPUR,2006,Kharif,Maize,57,55,0.964912281
Uttar Pradesh,RAMPUR,2006,Kharif,Other Kharif pulses,2692,2206,0.819465082
Uttar Pradesh,RAMPUR,2006,Kharif,Rice,144038,303776,2.108999014
Uttar Pradesh,RAMPUR,2006,Kharif,Sannhamp,1,,
Uttar Pradesh,RAMPUR,2006,Kharif,Sesamum,4,1,0.25
Uttar Pradesh,RAMPUR,2006,Kharif,Soyabean,20,19,0.95
Uttar Pradesh,RAMPUR,2006,Kharif,Sugarcane,17457,1065715,61.04800367
Uttar Pradesh,RAMPUR,2006,Kharif,Sweet potato,118,1611,13.65254237
Uttar Pradesh,RAMPUR,2006,Rabi,Barley,41,88,2.146341463
Uttar Pradesh,RAMPUR,2006,Rabi,Garlic,485,2133,4.397938144
Uttar Pradesh,RAMPUR,2006,Rabi,Gram,6,4,0.666666667
Uttar Pradesh,RAMPUR,2006,Rabi,Masoor,2618,1846,0.705118411
Uttar Pradesh,RAMPUR,2006,Rabi,Onion,12,230,19.16666667
Uttar Pradesh,RAMPUR,2006,Rabi,Other  Rabi pulses,1009,976,0.967294351
Uttar Pradesh,RAMPUR,2006,Rabi,Potato,2482,64699,26.06728445
Uttar Pradesh,RAMPUR,2006,Rabi,Rapeseed &Mustard,3375,3272,0.969481481
Uttar Pradesh,RAMPUR,2006,Rabi,Turmeric,44,150,3.409090909
Uttar Pradesh,RAMPUR,2006,Rabi,Wheat,140239,451990,3.222997882
Uttar Pradesh,RAMPUR,2006,Summer,Maize,47,62,1.319148936
Uttar Pradesh,RAMPUR,2006,Summer,Onion,57,664,11.64912281
Uttar Pradesh,RAMPUR,2006,Summer,Rice,1530,3227,2.109150327
Uttar Pradesh,RAMPUR,2006,Summer,Sunflower,389,646,1.66066838
Uttar Pradesh,RAMPUR,2006,Whole Year,Coriander,2,1,0.5
Uttar Pradesh,RAMPUR,2006,Whole Year,Dry chillies,128,121,0.9453125
Uttar Pradesh,RAMPUR,2006,Whole Year,Guar seed,6,5,0.833333333
Uttar Pradesh,RAMPUR,2007,Kharif,Arhar/Tur,43,36,0.837209302
Uttar Pradesh,RAMPUR,2007,Kharif,Bajra,2694,4925,1.8281366
Uttar Pradesh,RAMPUR,2007,Kharif,Dry chillies,96,93,0.96875
Uttar Pradesh,RAMPUR,2007,Kharif,Groundnut,45,37,0.822222222
Uttar Pradesh,RAMPUR,2007,Kharif,Jowar,1393,869,0.623833453
Uttar Pradesh,RAMPUR,2007,Kharif,Maize,174,231,1.327586207
Uttar Pradesh,RAMPUR,2007,Kharif,Rice,134046,301335,2.247996956
Uttar Pradesh,RAMPUR,2007,Kharif,Sesamum,167,26,0.155688623
Uttar Pradesh,RAMPUR,2007,Kharif,Sugarcane,18562,1097385,59.1199763
Uttar Pradesh,RAMPUR,2007,Kharif,Sweet potato,74,996,13.45945946
Uttar Pradesh,RAMPUR,2007,Kharif,Urad,1201,731,0.60865945
Uttar Pradesh,RAMPUR,2007,Rabi,Barley,3251,7192,2.212242387
Uttar Pradesh,RAMPUR,2007,Rabi,Gram,78,59,0.756410256
Uttar Pradesh,RAMPUR,2007,Rabi,Linseed,2,,
Uttar Pradesh,RAMPUR,2007,Rabi,Masoor,1227,712,0.580277099
Uttar Pradesh,RAMPUR,2007,Rabi,Onion,15,209,13.93333333
Uttar Pradesh,RAMPUR,2007,Rabi,Other  Rabi pulses,555,521,0.938738739
Uttar Pradesh,RAMPUR,2007,Rabi,Potato,2698,60703,22.49925871
Uttar Pradesh,RAMPUR,2007,Rabi,Rapeseed &Mustard,4416,4198,0.950634058
Uttar Pradesh,RAMPUR,2007,Rabi,Turmeric,38,117,3.078947368
Uttar Pradesh,RAMPUR,2007,Rabi,Wheat,146951,496837,3.380970528
Uttar Pradesh,RAMPUR,2007,Summer,Maize,26,38,1.461538462
Uttar Pradesh,RAMPUR,2007,Summer,Moong(Green Gram),9,5,0.555555556
Uttar Pradesh,RAMPUR,2007,Summer,Onion,25,338,13.52
Uttar Pradesh,RAMPUR,2007,Summer,Rice,1507,3388,2.248175182
Uttar Pradesh,RAMPUR,2007,Summer,Sunflower,1319,3716,2.817285823
Uttar Pradesh,RAMPUR,2007,Summer,Urad,11,6,0.545454545
Uttar Pradesh,RAMPUR,2008,Kharif,Arhar/Tur,52,42,0.807692308
Uttar Pradesh,RAMPUR,2008,Kharif,Bajra,2459,3500,1.423342822
Uttar Pradesh,RAMPUR,2008,Kharif,Dry chillies,75,75,1
Uttar Pradesh,RAMPUR,2008,Kharif,Guar seed,7,6,0.857142857
Uttar Pradesh,RAMPUR,2008,Kharif,Jowar,1189,2039,1.714886459
Uttar Pradesh,RAMPUR,2008,Kharif,Maize,134,175,1.305970149
Uttar Pradesh,RAMPUR,2008,Kharif,Moong(Green Gram),8,3,0.375
Uttar Pradesh,RAMPUR,2008,Kharif,Rice,139590,274294,1.964997493
Uttar Pradesh,RAMPUR,2008,Kharif,Sesamum,60,10,0.166666667
Uttar Pradesh,RAMPUR,2008,Kharif,Soyabean,11,9,0.818181818
Uttar Pradesh,RAMPUR,2008,Kharif,Sugarcane,24001,1218675,50.77600933
Uttar Pradesh,RAMPUR,2008,Kharif,Sweet potato,53,651,12.28301887
Uttar Pradesh,RAMPUR,2008,Kharif,Urad,2607,2985,1.144994246
Uttar Pradesh,RAMPUR,2008,Rabi,Barley,7,16,2.285714286
Uttar Pradesh,RAMPUR,2008,Rabi,Coriander,29,17,0.586206897
Uttar Pradesh,RAMPUR,2008,Rabi,Garlic,226,1331,5.889380531
Uttar Pradesh,RAMPUR,2008,Rabi,Gram,9,9,1
Uttar Pradesh,RAMPUR,2008,Rabi,Masoor,1432,1118,0.780726257
Uttar Pradesh,RAMPUR,2008,Rabi,Onion,19,223,11.73684211
Uttar Pradesh,RAMPUR,2008,Rabi,Peas & beans (Pulses),677,817,1.206794682
Uttar Pradesh,RAMPUR,2008,Rabi,Potato,2391,50072,20.94186533
Uttar Pradesh,RAMPUR,2008,Rabi,Rapeseed &Mustard,4824,5019,1.040422886
Uttar Pradesh,RAMPUR,2008,Rabi,Wheat,135631,469961,3.46499694
Uttar Pradesh,RAMPUR,2008,Summer,Maize,38,57,1.5
Uttar Pradesh,RAMPUR,2008,Summer,Moong(Green Gram),87,65,0.747126437
Uttar Pradesh,RAMPUR,2008,Summer,Rice,3816,7498,1.964884696
Uttar Pradesh,RAMPUR,2008,Summer,Sunflower,882,1737,1.969387755
Uttar Pradesh,RAMPUR,2008,Summer,Urad,14,9,0.642857143
Uttar Pradesh,RAMPUR,2009,Kharif,Arhar/Tur,5,4,0.8
Uttar Pradesh,RAMPUR,2009,Kharif,Bajra,2394,2746,1.147034252
Uttar Pradesh,RAMPUR,2009,Kharif,Dry chillies,37,32,0.864864865
Uttar Pradesh,RAMPUR,2009,Kharif,Guar seed,11,9,0.818181818
Uttar Pradesh,RAMPUR,2009,Kharif,Jowar,602,574,0.953488372
Uttar Pradesh,RAMPUR,2009,Kharif,Maize,485,724,1.492783505
Uttar Pradesh,RAMPUR,2009,Kharif,Moong(Green Gram),14,2,0.142857143
Uttar Pradesh,RAMPUR,2009,Kharif,Rice,116154,260766,2.245002325
Uttar Pradesh,RAMPUR,2009,Kharif,Sesamum,11,1,0.090909091
Uttar Pradesh,RAMPUR,2009,Kharif,Soyabean,68,72,1.058823529
Uttar Pradesh,RAMPUR,2009,Kharif,Sugarcane,19403,1079117,55.61598722
Uttar Pradesh,RAMPUR,2009,Kharif,Sweet potato,37,503,13.59459459
Uttar Pradesh,RAMPUR,2009,Kharif,Urad,4964,5848,1.178082192
Uttar Pradesh,RAMPUR,2009,Rabi,Barley,29,66,2.275862069
Uttar Pradesh,RAMPUR,2009,Rabi,Coriander,28,16,0.571428571
Uttar Pradesh,RAMPUR,2009,Rabi,Garlic,77,409,5.311688312
Uttar Pradesh,RAMPUR,2009,Rabi,Masoor,1247,1001,0.802726544
Uttar Pradesh,RAMPUR,2009,Rabi,Onion,20,344,17.2
Uttar Pradesh,RAMPUR,2009,Rabi,Peas & beans (Pulses),1242,1594,1.283413849
Uttar Pradesh,RAMPUR,2009,Rabi,Potato,2169,50794,23.41816505
Uttar Pradesh,RAMPUR,2009,Rabi,Rapeseed &Mustard,4125,4426,1.072969697
Uttar Pradesh,RAMPUR,2009,Rabi,Wheat,148645,486069,3.269998991
Uttar Pradesh,RAMPUR,2009,Summer,Maize,74,108,1.459459459
Uttar Pradesh,RAMPUR,2009,Summer,Moong(Green Gram),13,10,0.769230769
Uttar Pradesh,RAMPUR,2009,Summer,Onion,63,875,13.88888889
Uttar Pradesh,RAMPUR,2009,Summer,Rice,4084,9169,2.24510284
Uttar Pradesh,RAMPUR,2009,Summer,Sunflower,570,841,1.475438596
Uttar Pradesh,RAMPUR,2010,Kharif,Arhar/Tur,10,7,0.7
Uttar Pradesh,RAMPUR,2010,Kharif,Bajra,1559,926,0.593970494
Uttar Pradesh,RAMPUR,2010,Kharif,Dry chillies,174,152,0.873563218
Uttar Pradesh,RAMPUR,2010,Kharif,Groundnut,24,24,1
Uttar Pradesh,RAMPUR,2010,Kharif,Jowar,293,91,0.310580205
Uttar Pradesh,RAMPUR,2010,Kharif,Maize,187,216,1.155080214
Uttar Pradesh,RAMPUR,2010,Kharif,Moong(Green Gram),8,4,0.5
Uttar Pradesh,RAMPUR,2010,Kharif,Rice,140906,267580,1.898996494
Uttar Pradesh,RAMPUR,2010,Kharif,Sesamum,3,1,0.333333333
Uttar Pradesh,RAMPUR,2010,Kharif,Sugarcane,24643,1301939,52.83200097
Uttar Pradesh,RAMPUR,2010,Kharif,Sweet potato,2,24,12
Uttar Pradesh,RAMPUR,2010,Kharif,Urad,3260,2911,0.892944785
Uttar Pradesh,RAMPUR,2010,Rabi,Barley,1,3,3
Uttar Pradesh,RAMPUR,2010,Rabi,Masoor,1207,846,0.70091135
Uttar Pradesh,RAMPUR,2010,Rabi,Onion,10,184,18.4
Uttar Pradesh,RAMPUR,2010,Rabi,Peas & beans (Pulses),699,815,1.165951359
Uttar Pradesh,RAMPUR,2010,Rabi,Potato,1961,47726,24.33758287
Uttar Pradesh,RAMPUR,2010,Rabi,Rapeseed &Mustard,3366,3788,1.125371361
Uttar Pradesh,RAMPUR,2010,Rabi,Wheat,144796,491872,3.396999917
Uttar Pradesh,RAMPUR,2010,Summer,Maize,14,20,1.428571429
Uttar Pradesh,RAMPUR,2010,Summer,Moong(Green Gram),2,2,1
Uttar Pradesh,RAMPUR,2010,Summer,Rice,5170,9818,1.899032882
Uttar Pradesh,RAMPUR,2010,Summer,Sunflower,3,4,1.333333333
Uttar Pradesh,RAMPUR,2011,Kharif,Arhar/Tur,63,51,0.80952381
Uttar Pradesh,RAMPUR,2011,Kharif,Bajra,2617,2805,1.071837982
Uttar Pradesh,RAMPUR,2011,Kharif,Dry chillies,72,60,0.833333333
Uttar Pradesh,RAMPUR,2011,Kharif,Groundnut,15,14,0.933333333
Uttar Pradesh,RAMPUR,2011,Kharif,Guar seed,5,4,0.8
Uttar Pradesh,RAMPUR,2011,Kharif,Jowar,943,290,0.307529162
Uttar Pradesh,RAMPUR,2011,Kharif,Maize,80,114,1.425
Uttar Pradesh,RAMPUR,2011,Kharif,Moong(Green Gram),18,8,0.444444444
Uttar Pradesh,RAMPUR,2011,Kharif,Rice,140595,306075,2.17699776
Uttar Pradesh,RAMPUR,2011,Kharif,Sesamum,25,5,0.2
Uttar Pradesh,RAMPUR,2011,Kharif,Soyabean,102,128,1.254901961
Uttar Pradesh,RAMPUR,2011,Kharif,Sugarcane,23487,1366474,58.18001448
Uttar Pradesh,RAMPUR,2011,Kharif,Sweet potato,40,520,13
Uttar Pradesh,RAMPUR,2011,Kharif,Urad,4611,5814,1.260897853
Uttar Pradesh,RAMPUR,2011,Rabi,Barley,255,693,2.717647059
Uttar Pradesh,RAMPUR,2011,Rabi,Coriander,14,8,0.571428571
Uttar Pradesh,RAMPUR,2011,Rabi,Garlic,207,1070,5.169082126
Uttar Pradesh,RAMPUR,2011,Rabi,Gram,13,15,1.153846154
Uttar Pradesh,RAMPUR,2011,Rabi,Linseed,17,8,0.470588235
Uttar Pradesh,RAMPUR,2011,Rabi,Maize,10,24,2.4
Uttar Pradesh,RAMPUR,2011,Rabi,Masoor,2120,2580,1.216981132
Uttar Pradesh,RAMPUR,2011,Rabi,Onion,39,892,22.87179487
Uttar Pradesh,RAMPUR,2011,Rabi,Peas & beans (Pulses),1249,2066,1.654123299
Uttar Pradesh,RAMPUR,2011,Rabi,Potato,1992,52012,26.11044177
Uttar Pradesh,RAMPUR,2011,Rabi,Rapeseed &Mustard,4332,5259,1.21398892
Uttar Pradesh,RAMPUR,2011,Rabi,Wheat,144074,504115,3.499000514
Uttar Pradesh,RAMPUR,2011,Summer,Maize,36,59,1.638888889
Uttar Pradesh,RAMPUR,2011,Summer,Onion,25,271,10.84
Uttar Pradesh,RAMPUR,2011,Summer,Rice,5994,13049,2.177010344
Uttar Pradesh,RAMPUR,2011,Summer,Sunflower,9,15,1.666666667
Uttar Pradesh,RAMPUR,2012,Kharif,Arhar/Tur,17,15,0.882352941
Uttar Pradesh,RAMPUR,2012,Kharif,Bajra,5984,2663,0.445020053
Uttar Pradesh,RAMPUR,2012,Kharif,Dry chillies,2,2,1
Uttar Pradesh,RAMPUR,2012,Kharif,Groundnut,21,20,0.952380952
Uttar Pradesh,RAMPUR,2012,Kharif,Guar seed,5,4,0.8
Uttar Pradesh,RAMPUR,2012,Kharif,Jowar,1298,649,0.5
Uttar Pradesh,RAMPUR,2012,Kharif,Maize,75,67,0.893333333
Uttar Pradesh,RAMPUR,2012,Kharif,Moong(Green Gram),22,11,0.5
Uttar Pradesh,RAMPUR,2012,Kharif,Rice,133026,302368,2.272999263
Uttar Pradesh,RAMPUR,2012,Kharif,Sesamum,39,7,0.179487179
Uttar Pradesh,RAMPUR,2012,Kharif,Soyabean,102,144,1.411764706
Uttar Pradesh,RAMPUR,2012,Kharif,Sugarcane,24650,1449420,58.8
Uttar Pradesh,RAMPUR,2012,Kharif,Sweet potato,46,596,12.95652174
Uttar Pradesh,RAMPUR,2012,Kharif,Urad,2310,1478,0.63982684
Uttar Pradesh,RAMPUR,2012,Rabi,Coriander,3,2,0.666666667
Uttar Pradesh,RAMPUR,2012,Rabi,Garlic,216,1122,5.194444444
Uttar Pradesh,RAMPUR,2012,Rabi,Masoor,878,792,0.902050114
Uttar Pradesh,RAMPUR,2012,Rabi,Onion,7,161,23
Uttar Pradesh,RAMPUR,2012,Rabi,Peas & beans (Pulses),410,525,1.280487805
Uttar Pradesh,RAMPUR,2012,Rabi,Potato,1344,31076,23.12202381
Uttar Pradesh,RAMPUR,2012,Rabi,Rapeseed &Mustard,4320,4856,1.124074074
Uttar Pradesh,RAMPUR,2012,Rabi,Wheat,140318,487184,3.471999316
Uttar Pradesh,RAMPUR,2012,Summer,Maize,91,168,1.846153846
Uttar Pradesh,RAMPUR,2012,Summer,Moong(Green Gram),4,3,0.75
Uttar Pradesh,RAMPUR,2012,Summer,Onion,146,1588,10.87671233
Uttar Pradesh,RAMPUR,2012,Summer,Rice,4516,10265,2.273029229
Uttar Pradesh,RAMPUR,2012,Summer,Sunflower,12,16,1.333333333
Uttar Pradesh,RAMPUR,2013,Kharif,Arhar/Tur,33,30,0.909090909
Uttar Pradesh,RAMPUR,2013,Kharif,Bajra,2352,1409,0.599064626
Uttar Pradesh,RAMPUR,2013,Kharif,Dry chillies,112,90,0.803571429
Uttar Pradesh,RAMPUR,2013,Kharif,Groundnut,55,59,1.072727273
Uttar Pradesh,RAMPUR,2013,Kharif,Guar seed,6,5,0.833333333
Uttar Pradesh,RAMPUR,2013,Kharif,Jowar,1498,798,0.53271028
Uttar Pradesh,RAMPUR,2013,Kharif,Maize,101,157,1.554455446
Uttar Pradesh,RAMPUR,2013,Kharif,Rice,136970,306950,2.241001679
Uttar Pradesh,RAMPUR,2013,Kharif,Sesamum,39,6,0.153846154
Uttar Pradesh,RAMPUR,2013,Kharif,Soyabean,102,59,0.578431373
Uttar Pradesh,RAMPUR,2013,Kharif,Sugarcane,22271,1389354,62.38399713
Uttar Pradesh,RAMPUR,2013,Kharif,Sweet potato,193,2550,13.21243523
Uttar Pradesh,RAMPUR,2013,Kharif,Urad,6307,4301,0.681940701
Uttar Pradesh,RAMPUR,2013,Rabi,Coriander,12,7,0.583333333
Uttar Pradesh,RAMPUR,2013,Rabi,Garlic,182,1066,5.857142857
Uttar Pradesh,RAMPUR,2013,Rabi,Maize,299,1063,3.555183946
Uttar Pradesh,RAMPUR,2013,Rabi,Masoor,1714,2705,1.578179697
Uttar Pradesh,RAMPUR,2013,Rabi,Onion,110,2237,20.33636364
Uttar Pradesh,RAMPUR,2013,Rabi,Peas & beans (Pulses),2333,2333,1
Uttar Pradesh,RAMPUR,2013,Rabi,Potato,1458,28016,19.21536351
Uttar Pradesh,RAMPUR,2013,Rabi,Rapeseed &Mustard,3497,3959,1.13211324
Uttar Pradesh,RAMPUR,2013,Rabi,Turmeric,11,32,2.909090909
Uttar Pradesh,RAMPUR,2013,Rabi,Wheat,147277,508106,3.450002376
Uttar Pradesh,RAMPUR,2013,Summer,Maize,12,22,1.833333333
Uttar Pradesh,RAMPUR,2013,Summer,Onion,16,215,13.4375
Uttar Pradesh,RAMPUR,2013,Summer,Rice,6050,13558,2.240991736
Uttar Pradesh,RAMPUR,2013,Summer,Sunflower,14,20,1.428571429
Uttar Pradesh,RAMPUR,2014,Kharif,Arhar/Tur,32,21,0.65625
Uttar Pradesh,RAMPUR,2014,Kharif,Bajra,2031,1995,0.982274742
Uttar Pradesh,RAMPUR,2014,Kharif,Dry chillies,63,52,0.825396825
Uttar Pradesh,RAMPUR,2014,Kharif,Groundnut,60,74,1.233333333
Uttar Pradesh,RAMPUR,2014,Kharif,Guar seed,5,4,0.8
Uttar Pradesh,RAMPUR,2014,Kharif,Jowar,298,318,1.067114094
Uttar Pradesh,RAMPUR,2014,Kharif,Maize,45,85,1.888888889
Uttar Pradesh,RAMPUR,2014,Kharif,Moong(Green Gram),4,1,0.25
Uttar Pradesh,RAMPUR,2014,Kharif,Rice,124076,280412,2.260001934
Uttar Pradesh,RAMPUR,2014,Kharif,Sesamum,19,4,0.210526316
Uttar Pradesh,RAMPUR,2014,Kharif,Soyabean,30,22,0.733333333
Uttar Pradesh,RAMPUR,2014,Kharif,Sugarcane,28625,1784483,62.34001747
Uttar Pradesh,RAMPUR,2014,Kharif,Sweet potato,61,756,12.39344262
Uttar Pradesh,RAMPUR,2014,Kharif,Urad,5836,5696,0.976010966
Uttar Pradesh,RAMPUR,2014,Rabi,Coriander,4,2,0.5
Uttar Pradesh,RAMPUR,2014,Rabi,Garlic,145,840,5.793103448
Uttar Pradesh,RAMPUR,2014,Rabi,Maize,2,5,2.5
Uttar Pradesh,RAMPUR,2014,Rabi,Masoor,522,253,0.48467433
Uttar Pradesh,RAMPUR,2014,Rabi,Onion,9,138,15.33333333
Uttar Pradesh,RAMPUR,2014,Rabi,Peas & beans (Pulses),1466,1409,0.96111869
Uttar Pradesh,RAMPUR,2014,Rabi,Potato,1606,34617,21.55479452
Uttar Pradesh,RAMPUR,2014,Rabi,Rapeseed &Mustard,3577,2431,0.679619793
Uttar Pradesh,RAMPUR,2014,Rabi,Turmeric,18,51,2.833333333
Uttar Pradesh,RAMPUR,2014,Rabi,Wheat,147846,264644,1.7899977
Uttar Pradesh,RAMPUR,2014,Summer,Maize,42,75,1.785714286
Uttar Pradesh,RAMPUR,2014,Summer,Onion,21,318,15.14285714
Uttar Pradesh,RAMPUR,2014,Summer,Rice,8614,19468,2.260041792
Uttar Pradesh,RAMPUR,2014,Summer,Sunflower,12,9,0.75
Uttar Pradesh,RAMPUR,2014,Summer,Urad,2,1,0.5
Uttar Pradesh,SAHARANPUR,1997,Kharif,Arhar/Tur,39,27,0.692307692
Uttar Pradesh,SAHARANPUR,1997,Kharif,Bajra,140,204,1.457142857
Uttar Pradesh,SAHARANPUR,1997,Kharif,Groundnut,5582,7078,1.2680043
Uttar Pradesh,SAHARANPUR,1997,Kharif,Maize,9594,12587,1.311965812
Uttar Pradesh,SAHARANPUR,1997,Kharif,Oilseeds total,6904,7329,1.061558517
Uttar Pradesh,SAHARANPUR,1997,Kharif,Onion,250,2472,9.888
Uttar Pradesh,SAHARANPUR,1997,Kharif,Rice,74098,197286,2.662501012
Uttar Pradesh,SAHARANPUR,1997,Kharif,Sesamum,121,25,0.20661157
Uttar Pradesh,SAHARANPUR,1997,Kharif,Soyabean,6,6,1
Uttar Pradesh,SAHARANPUR,1997,Kharif,Total foodgrain,221867,575163,2.592377415
Uttar Pradesh,SAHARANPUR,1997,Kharif,Urad,203,84,0.413793103
Uttar Pradesh,SAHARANPUR,1997,Rabi,Barley,116,279,2.405172414
Uttar Pradesh,SAHARANPUR,1997,Rabi,Gram,197,168,0.852791878
Uttar Pradesh,SAHARANPUR,1997,Rabi,Masoor,5757,4876,0.846968907
Uttar Pradesh,SAHARANPUR,1997,Rabi,Peas & beans (Pulses),298,347,1.16442953
Uttar Pradesh,SAHARANPUR,1997,Rabi,Rapeseed &Mustard,1144,751,0.656468531
Uttar Pradesh,SAHARANPUR,1997,Rabi,Sunflower,51,69,1.352941176
Uttar Pradesh,SAHARANPUR,1997,Rabi,Wheat,126784,356303,2.810315182
Uttar Pradesh,SAHARANPUR,1997,Summer,Maize,175,277,1.582857143
Uttar Pradesh,SAHARANPUR,1997,Summer,Moong(Green Gram),60,33,0.55
Uttar Pradesh,SAHARANPUR,1997,Summer,Urad,4406,2692,0.61098502
Uttar Pradesh,SAHARANPUR,1997,Whole Year,Potato,801,12357,15.42696629
Uttar Pradesh,SAHARANPUR,1997,Whole Year,Sugarcane,113902,7548513,66.27199698
Uttar Pradesh,SAHARANPUR,1998,Kharif,Arhar/Tur,32,20,0.625
Uttar Pradesh,SAHARANPUR,1998,Kharif,Bajra,148,171,1.155405405
Uttar Pradesh,SAHARANPUR,1998,Kharif,Cotton(lint),524,106,0.202290076
Uttar Pradesh,SAHARANPUR,1998,Kharif,Groundnut,5033,4234,0.841247765
Uttar Pradesh,SAHARANPUR,1998,Kharif,Maize,8611,13180,1.530600395
Uttar Pradesh,SAHARANPUR,1998,Kharif,Rice,76479,185236,2.422050498
Uttar Pradesh,SAHARANPUR,1998,Kharif,Sesamum,67,12,0.179104478
Uttar Pradesh,SAHARANPUR,1998,Kharif,Urad,159,43,0.270440252
Uttar Pradesh,SAHARANPUR,1998,Rabi,Barley,113,270,2.389380531
Uttar Pradesh,SAHARANPUR,1998,Rabi,Gram,112,98,0.875
Uttar Pradesh,SAHARANPUR,1998,Rabi,Masoor,5237,2393,0.456940997
Uttar Pradesh,SAHARANPUR,1998,Rabi,Peas & beans (Pulses),317,325,1.025236593
Uttar Pradesh,SAHARANPUR,1998,Rabi,Rapeseed &Mustard,1092,913,0.836080586
Uttar Pradesh,SAHARANPUR,1998,Rabi,Sunflower,39,48,1.230769231
Uttar Pradesh,SAHARANPUR,1998,Rabi,Wheat,126209,354722,2.810591955
Uttar Pradesh,SAHARANPUR,1998,Summer,Maize,192,195,1.015625
Uttar Pradesh,SAHARANPUR,1998,Summer,Moong(Green Gram),44,34,0.772727273
Uttar Pradesh,SAHARANPUR,1998,Summer,Urad,4229,2009,0.475053204
Uttar Pradesh,SAHARANPUR,1998,Whole Year,Onion,241,2910,12.0746888
Uttar Pradesh,SAHARANPUR,1998,Whole Year,Potato,809,17377,21.47960445
Uttar Pradesh,SAHARANPUR,1998,Whole Year,Sugarcane,114027,7446875,65.30799723
Uttar Pradesh,SAHARANPUR,1999,Kharif,Arhar/Tur,23,18,0.782608696
Uttar Pradesh,SAHARANPUR,1999,Kharif,Bajra,76,107,1.407894737
Uttar Pradesh,SAHARANPUR,1999,Kharif,Cotton(lint),292,318,1.089041096
Uttar Pradesh,SAHARANPUR,1999,Kharif,Groundnut,4373,4102,0.938028813
Uttar Pradesh,SAHARANPUR,1999,Kharif,Maize,8778,13325,1.517999544
Uttar Pradesh,SAHARANPUR,1999,Kharif,Rice,73505,174750,2.377389293
Uttar Pradesh,SAHARANPUR,1999,Kharif,Sunflower,30,39,1.3
Uttar Pradesh,SAHARANPUR,1999,Kharif,Urad,150,62,0.413333333
Uttar Pradesh,SAHARANPUR,1999,Rabi,Barley,114,288,2.526315789
Uttar Pradesh,SAHARANPUR,1999,Rabi,Gram,87,85,0.977011494
Uttar Pradesh,SAHARANPUR,1999,Rabi,Maize,135,195,1.444444444
Uttar Pradesh,SAHARANPUR,1999,Rabi,Rapeseed &Mustard,1102,1216,1.103448276
Uttar Pradesh,SAHARANPUR,1999,Rabi,Wheat,125274,380873,3.040319619
Uttar Pradesh,SAHARANPUR,1999,Summer,Moong(Green Gram),62,33,0.532258065
Uttar Pradesh,SAHARANPUR,1999,Summer,Urad,4184,2251,0.538001912
Uttar Pradesh,SAHARANPUR,1999,Whole Year,Onion,196,2809,14.33163265
Uttar Pradesh,SAHARANPUR,1999,Whole Year,Peas & beans (Pulses),302,418,1.38410596
Uttar Pradesh,SAHARANPUR,1999,Whole Year,Potato,1067,27025,25.32802249
Uttar Pradesh,SAHARANPUR,1999,Whole Year,Sugarcane,117551,7308381,62.17200194
Uttar Pradesh,SAHARANPUR,1999,Whole Year,Turmeric,7,11,1.571428571
Uttar Pradesh,SAHARANPUR,2000,Kharif,Arhar/Tur,16,13,0.8125
Uttar Pradesh,SAHARANPUR,2000,Kharif,Bajra,76,112,1.473684211
Uttar Pradesh,SAHARANPUR,2000,Kharif,Cotton(lint),305,441,1.445901639
Uttar Pradesh,SAHARANPUR,2000,Kharif,Groundnut,4062,4992,1.228951256
Uttar Pradesh,SAHARANPUR,2000,Kharif,Maize,8157,12301,1.508029913
Uttar Pradesh,SAHARANPUR,2000,Kharif,Rice,71743,170555,2.377305103
Uttar Pradesh,SAHARANPUR,2000,Kharif,Sesamum,79,13,0.164556962
Uttar Pradesh,SAHARANPUR,2000,Kharif,Urad,219,91,0.415525114
Uttar Pradesh,SAHARANPUR,2000,Rabi,Barley,127,289,2.275590551
Uttar Pradesh,SAHARANPUR,2000,Rabi,Gram,53,45,0.849056604
Uttar Pradesh,SAHARANPUR,2000,Rabi,Linseed,2,1,0.5
Uttar Pradesh,SAHARANPUR,2000,Rabi,Maize,87,141,1.620689655
Uttar Pradesh,SAHARANPUR,2000,Rabi,Masoor,4137,3359,0.81194102
Uttar Pradesh,SAHARANPUR,2000,Rabi,Moong(Green Gram),48,22,0.458333333
Uttar Pradesh,SAHARANPUR,2000,Rabi,Peas & beans (Pulses),270,279,1.033333333
Uttar Pradesh,SAHARANPUR,2000,Rabi,Rapeseed &Mustard,946,945,0.998942918
Uttar Pradesh,SAHARANPUR,2000,Rabi,Urad,3759,1838,0.48895983
Uttar Pradesh,SAHARANPUR,2000,Rabi,Wheat,121506,357788,2.944611789
Uttar Pradesh,SAHARANPUR,2000,Summer,Rice,1396,3162,2.26504298
Uttar Pradesh,SAHARANPUR,2000,Whole Year,Potato,791,16684,21.09228824
Uttar Pradesh,SAHARANPUR,2000,Whole Year,Sugarcane,123149,7052990,57.27200383
Uttar Pradesh,SAHARANPUR,2000,Whole Year,Turmeric,1,2,2
Uttar Pradesh,SAHARANPUR,2001,Kharif,Arhar/Tur,12,9,0.75
Uttar Pradesh,SAHARANPUR,2001,Kharif,Bajra,52,59,1.134615385
Uttar Pradesh,SAHARANPUR,2001,Kharif,Cotton(lint),191,253,1.32460733
Uttar Pradesh,SAHARANPUR,2001,Kharif,Groundnut,3517,4333,1.232015923
Uttar Pradesh,SAHARANPUR,2001,Kharif,Maize,7878,13534,1.717948718
Uttar Pradesh,SAHARANPUR,2001,Kharif,Moong(Green Gram),2,0.1,0.05
Uttar Pradesh,SAHARANPUR,2001,Kharif,Rice,64769,146049,2.254921336
Uttar Pradesh,SAHARANPUR,2001,Kharif,Sesamum,63,15,0.238095238
Uttar Pradesh,SAHARANPUR,2001,Kharif,Small millets,1,0.1,0.1
Uttar Pradesh,SAHARANPUR,2001,Kharif,Urad,426,174,0.408450704
Uttar Pradesh,SAHARANPUR,2001,Rabi,Barley,121,299,2.47107438
Uttar Pradesh,SAHARANPUR,2001,Rabi,Gram,61,61,1
Uttar Pradesh,SAHARANPUR,2001,Rabi,Maize,82,134,1.634146341
Uttar Pradesh,SAHARANPUR,2001,Rabi,Masoor,3175,1661,0.523149606
Uttar Pradesh,SAHARANPUR,2001,Rabi,Moong(Green Gram),45,22,0.488888889
Uttar Pradesh,SAHARANPUR,2001,Rabi,Peas & beans (Pulses),220,266,1.209090909
Uttar Pradesh,SAHARANPUR,2001,Rabi,Rapeseed &Mustard,958,963,1.005219207
Uttar Pradesh,SAHARANPUR,2001,Rabi,Urad,4123,1756,0.425903468
Uttar Pradesh,SAHARANPUR,2001,Rabi,Wheat,115362,343928,2.981293667
Uttar Pradesh,SAHARANPUR,2001,Whole Year,Potato,654,16129,24.66207951
Uttar Pradesh,SAHARANPUR,2001,Whole Year,Sugarcane,131558,7348830,55.86000091
Uttar Pradesh,SAHARANPUR,2001,Whole Year,Turmeric,17,29,1.705882353
Uttar Pradesh,SAHARANPUR,2002,Kharif,Bajra,39,50,1.282051282
Uttar Pradesh,SAHARANPUR,2002,Kharif,Cotton(lint),163,188,1.153374233
Uttar Pradesh,SAHARANPUR,2002,Kharif,Groundnut,2638,2725,1.03297953
Uttar Pradesh,SAHARANPUR,2002,Kharif,Maize,7072,7914,1.119061086
Uttar Pradesh,SAHARANPUR,2002,Kharif,Rice,57907,134817,2.328164125
Uttar Pradesh,SAHARANPUR,2002,Kharif,Sesamum,235,38,0.161702128
Uttar Pradesh,SAHARANPUR,2002,Kharif,Urad,490,196,0.4
Uttar Pradesh,SAHARANPUR,2002,Rabi,Barley,88,216,2.454545455
Uttar Pradesh,SAHARANPUR,2002,Rabi,Gram,68,62,0.911764706
Uttar Pradesh,SAHARANPUR,2002,Rabi,Maize,66,73,1.106060606
Uttar Pradesh,SAHARANPUR,2002,Rabi,Masoor,3029,1318,0.435127105
Uttar Pradesh,SAHARANPUR,2002,Rabi,Peas & beans (Pulses),168,206,1.226190476
Uttar Pradesh,SAHARANPUR,2002,Rabi,Rapeseed &Mustard,877,785,0.895096921
Uttar Pradesh,SAHARANPUR,2002,Rabi,Wheat,115306,331467,2.87467261
Uttar Pradesh,SAHARANPUR,2002,Summer,Moong(Green Gram),44,26,0.590909091
Uttar Pradesh,SAHARANPUR,2002,Summer,Onion,81,906,11.18518519
Uttar Pradesh,SAHARANPUR,2002,Summer,Urad,4029,2804,0.695954331
Uttar Pradesh,SAHARANPUR,2002,Whole Year,Onion,30,310,10.33333333
Uttar Pradesh,SAHARANPUR,2002,Whole Year,Potato,691,16031,23.19971056
Uttar Pradesh,SAHARANPUR,2002,Whole Year,Sannhamp,6,2,0.333333333
Uttar Pradesh,SAHARANPUR,2002,Whole Year,Sugarcane,135765,7839614,57.74399882
Uttar Pradesh,SAHARANPUR,2002,Whole Year,Turmeric,3,5,1.666666667
Uttar Pradesh,SAHARANPUR,2003,Kharif,Arhar/Tur,7,4,0.571428571
Uttar Pradesh,SAHARANPUR,2003,Kharif,Bajra,3,4,1.333333333
Uttar Pradesh,SAHARANPUR,2003,Kharif,Groundnut,3648,3101,0.850054825
Uttar Pradesh,SAHARANPUR,2003,Kharif,Maize,7180,8250,1.14902507
Uttar Pradesh,SAHARANPUR,2003,Kharif,Rice,57924,119053,2.055331124
Uttar Pradesh,SAHARANPUR,2003,Kharif,Sesamum,86,11,0.127906977
Uttar Pradesh,SAHARANPUR,2003,Kharif,Sunflower,10,17,1.7
Uttar Pradesh,SAHARANPUR,2003,Kharif,Urad,527,125,0.237191651
Uttar Pradesh,SAHARANPUR,2003,Rabi,Barley,86,204,2.372093023
Uttar Pradesh,SAHARANPUR,2003,Rabi,Gram,39,41,1.051282051
Uttar Pradesh,SAHARANPUR,2003,Rabi,Masoor,3066,1343,0.438030007
Uttar Pradesh,SAHARANPUR,2003,Rabi,Onion,22,316,14.36363636
Uttar Pradesh,SAHARANPUR,2003,Rabi,Peas & beans (Pulses),215,295,1.372093023
Uttar Pradesh,SAHARANPUR,2003,Rabi,Rapeseed &Mustard,957,950,0.992685475
Uttar Pradesh,SAHARANPUR,2003,Rabi,Wheat,122149,354308,2.900621372
Uttar Pradesh,SAHARANPUR,2003,Summer,Maize,83,114,1.373493976
Uttar Pradesh,SAHARANPUR,2003,Summer,Moong(Green Gram),45,24,0.533333333
Uttar Pradesh,SAHARANPUR,2003,Summer,Onion,63,622,9.873015873
Uttar Pradesh,SAHARANPUR,2003,Summer,Rice,3,6,2
Uttar Pradesh,SAHARANPUR,2003,Summer,Urad,3532,2003,0.567100793
Uttar Pradesh,SAHARANPUR,2003,Whole Year,Potato,728,12707,17.45467033
Uttar Pradesh,SAHARANPUR,2003,Whole Year,Sugarcane,133770,8199566,61.2960006
Uttar Pradesh,SAHARANPUR,2003,Whole Year,Tobacco,7,30,4.285714286
Uttar Pradesh,SAHARANPUR,2003,Whole Year,Turmeric,3,5,1.666666667
Uttar Pradesh,SAHARANPUR,2004,Kharif,Bajra,6,9,1.5
Uttar Pradesh,SAHARANPUR,2004,Kharif,Cotton(lint),95,16,0.168421053
Uttar Pradesh,SAHARANPUR,2004,Kharif,Groundnut,4158,3543,0.852092352
Uttar Pradesh,SAHARANPUR,2004,Kharif,Maize,8029,11819,1.472038859
Uttar Pradesh,SAHARANPUR,2004,Kharif,Rice,59988,134030,2.234280189
Uttar Pradesh,SAHARANPUR,2004,Kharif,Sannhamp,7,2,0.285714286
Uttar Pradesh,SAHARANPUR,2004,Kharif,Sesamum,171,27,0.157894737
Uttar Pradesh,SAHARANPUR,2004,Kharif,Sugarcane,127284,8094753,63.59599793
Uttar Pradesh,SAHARANPUR,2004,Rabi,Barley,82,173,2.109756098
Uttar Pradesh,SAHARANPUR,2004,Rabi,Gram,39,36,0.923076923
Uttar Pradesh,SAHARANPUR,2004,Rabi,Potato,678,10185,15.02212389
Uttar Pradesh,SAHARANPUR,2004,Rabi,Rapeseed &Mustard,1599,1587,0.99249531
Uttar Pradesh,SAHARANPUR,2004,Rabi,Turmeric,5,9,1.8
Uttar Pradesh,SAHARANPUR,2004,Rabi,Wheat,120088,320022,2.664895743
Uttar Pradesh,SAHARANPUR,2004,Whole Year,Dry chillies,84,79,0.94047619
Uttar Pradesh,SAHARANPUR,2004,Whole Year,Garlic,3,13,4.333333333
Uttar Pradesh,SAHARANPUR,2004,Whole Year,Guar seed,209,177,0.846889952
Uttar Pradesh,SAHARANPUR,2004,Whole Year,Onion,57,649,11.38596491
Uttar Pradesh,SAHARANPUR,2004,Whole Year,Sweet potato,31,360,11.61290323
Uttar Pradesh,SAHARANPUR,2005,Kharif,Bajra,22,32,1.454545455
Uttar Pradesh,SAHARANPUR,2005,Kharif,Cotton(lint),44,9,0.204545455
Uttar Pradesh,SAHARANPUR,2005,Kharif,Maize,7531,11146,1.480015934
Uttar Pradesh,SAHARANPUR,2005,Kharif,Rice,50264,115205,2.291998249
Uttar Pradesh,SAHARANPUR,2005,Kharif,Sesamum,88,16,0.181818182
Uttar Pradesh,SAHARANPUR,2005,Kharif,Sugarcane,140825,8715378,61.88800284
Uttar Pradesh,SAHARANPUR,2005,Rabi,Barley,75,153,2.04
Uttar Pradesh,SAHARANPUR,2005,Rabi,Gram,33,29,0.878787879
Uttar Pradesh,SAHARANPUR,2005,Rabi,Potato,733,16443,22.4324693
Uttar Pradesh,SAHARANPUR,2005,Rabi,Rapeseed &Mustard,980,1130,1.153061224
Uttar Pradesh,SAHARANPUR,2005,Rabi,Turmeric,5,22,4.4
Uttar Pradesh,SAHARANPUR,2005,Rabi,Wheat,116145,311849,2.684997202
Uttar Pradesh,SAHARANPUR,2005,Summer,Sunflower,5,6,1.2
Uttar Pradesh,SAHARANPUR,2005,Whole Year,Dry chillies,47,43,0.914893617
Uttar Pradesh,SAHARANPUR,2005,Whole Year,Garlic,8,35,4.375
Uttar Pradesh,SAHARANPUR,2005,Whole Year,Guar seed,160,130,0.8125
Uttar Pradesh,SAHARANPUR,2005,Whole Year,Onion,108,1388,12.85185185
Uttar Pradesh,SAHARANPUR,2005,Whole Year,Sweet potato,23,301,13.08695652
Uttar Pradesh,SAHARANPUR,2006,Kharif,Arhar/Tur,2,1,0.5
Uttar Pradesh,SAHARANPUR,2006,Kharif,Cotton(lint),118,25,0.211864407
Uttar Pradesh,SAHARANPUR,2006,Kharif,Dry ginger,9,28,3.111111111
Uttar Pradesh,SAHARANPUR,2006,Kharif,Groundnut,3008,2578,0.857047872
Uttar Pradesh,SAHARANPUR,2006,Kharif,Maize,7652,10805,1.412049137
Uttar Pradesh,SAHARANPUR,2006,Kharif,Other Kharif pulses,3177,1351,0.425243941
Uttar Pradesh,SAHARANPUR,2006,Kharif,Rice,56475,127803,2.263001328
Uttar Pradesh,SAHARANPUR,2006,Kharif,Sannhamp,7,2,0.285714286
Uttar Pradesh,SAHARANPUR,2006,Kharif,Sesamum,235,39,0.165957447
Uttar Pradesh,SAHARANPUR,2006,Kharif,Sugarcane,137615,8692314,63.16400102
Uttar Pradesh,SAHARANPUR,2006,Kharif,Sweet potato,28,382,13.64285714
Uttar Pradesh,SAHARANPUR,2006,Rabi,Barley,44,95,2.159090909
Uttar Pradesh,SAHARANPUR,2006,Rabi,Garlic,7,31,4.428571429
Uttar Pradesh,SAHARANPUR,2006,Rabi,Gram,50,37,0.74
Uttar Pradesh,SAHARANPUR,2006,Rabi,Masoor,2877,1214,0.421967327
Uttar Pradesh,SAHARANPUR,2006,Rabi,Onion,31,595,19.19354839
Uttar Pradesh,SAHARANPUR,2006,Rabi,Other  Rabi pulses,174,168,0.965517241
Uttar Pradesh,SAHARANPUR,2006,Rabi,Potato,626,13670,21.8370607
Uttar Pradesh,SAHARANPUR,2006,Rabi,Rapeseed &Mustard,1507,1548,1.02720637
Uttar Pradesh,SAHARANPUR,2006,Rabi,Turmeric,4,14,3.5
Uttar Pradesh,SAHARANPUR,2006,Rabi,Wheat,114276,335857,2.938998565
Uttar Pradesh,SAHARANPUR,2006,Summer,Maize,91,121,1.32967033
Uttar Pradesh,SAHARANPUR,2006,Summer,Onion,136,1584,11.64705882
Uttar Pradesh,SAHARANPUR,2006,Whole Year,Dry chillies,57,54,0.947368421
Uttar Pradesh,SAHARANPUR,2006,Whole Year,Guar seed,159,134,0.842767296
Uttar Pradesh,SAHARANPUR,2007,Kharif,Arhar/Tur,1,1,1
Uttar Pradesh,SAHARANPUR,2007,Kharif,Bajra,28,44,1.571428571
Uttar Pradesh,SAHARANPUR,2007,Kharif,Dry chillies,43,41,0.953488372
Uttar Pradesh,SAHARANPUR,2007,Kharif,Groundnut,3823,2791,0.730054931
Uttar Pradesh,SAHARANPUR,2007,Kharif,Guar seed,234,197,0.841880342
Uttar Pradesh,SAHARANPUR,2007,Kharif,Maize,7657,9701,1.266945279
Uttar Pradesh,SAHARANPUR,2007,Kharif,Moong(Green Gram),2,,
Uttar Pradesh,SAHARANPUR,2007,Kharif,Rice,49206,112879,2.294008861
Uttar Pradesh,SAHARANPUR,2007,Kharif,Sesamum,261,40,0.153256705
Uttar Pradesh,SAHARANPUR,2007,Kharif,Sugarcane,132262,8368481,63.271998
Uttar Pradesh,SAHARANPUR,2007,Kharif,Sweet potato,22,296,13.45454545
Uttar Pradesh,SAHARANPUR,2007,Kharif,Urad,277,122,0.440433213
Uttar Pradesh,SAHARANPUR,2007,Rabi,Barley,123,272,2.211382114
Uttar Pradesh,SAHARANPUR,2007,Rabi,Gram,91,68,0.747252747
Uttar Pradesh,SAHARANPUR,2007,Rabi,Masoor,2830,942,0.332862191
Uttar Pradesh,SAHARANPUR,2007,Rabi,Onion,26,363,13.96153846
Uttar Pradesh,SAHARANPUR,2007,Rabi,Other  Rabi pulses,190,178,0.936842105
Uttar Pradesh,SAHARANPUR,2007,Rabi,Potato,653,14350,21.9754977
Uttar Pradesh,SAHARANPUR,2007,Rabi,Rapeseed &Mustard,1343,1555,1.157855547
Uttar Pradesh,SAHARANPUR,2007,Rabi,Turmeric,4,13,3.25
Uttar Pradesh,SAHARANPUR,2007,Rabi,Wheat,115197,332343,2.884997005
Uttar Pradesh,SAHARANPUR,2007,Summer,Maize,70,101,1.442857143
Uttar Pradesh,SAHARANPUR,2007,Summer,Moong(Green Gram),116,74,0.637931034
Uttar Pradesh,SAHARANPUR,2007,Summer,Onion,38,513,13.5
Uttar Pradesh,SAHARANPUR,2007,Summer,Urad,2530,1720,0.679841897
Uttar Pradesh,SAHARANPUR,2008,Kharif,Cotton(lint),35,8,0.228571429
Uttar Pradesh,SAHARANPUR,2008,Kharif,Dry chillies,22,22,1
Uttar Pradesh,SAHARANPUR,2008,Kharif,Groundnut,3880,3632,0.936082474
Uttar Pradesh,SAHARANPUR,2008,Kharif,Guar seed,173,145,0.838150289
Uttar Pradesh,SAHARANPUR,2008,Kharif,Maize,9323,13108,1.405985198
Uttar Pradesh,SAHARANPUR,2008,Kharif,Rice,47858,106580,2.227004889
Uttar Pradesh,SAHARANPUR,2008,Kharif,Sesamum,164,27,0.164634146
Uttar Pradesh,SAHARANPUR,2008,Kharif,Sugarcane,125345,6855870,54.69599904
Uttar Pradesh,SAHARANPUR,2008,Kharif,Sweet potato,19,233,12.26315789
Uttar Pradesh,SAHARANPUR,2008,Kharif,Urad,911,490,0.537870472
Uttar Pradesh,SAHARANPUR,2008,Rabi,Barley,267,621,2.325842697
Uttar Pradesh,SAHARANPUR,2008,Rabi,Garlic,9,53,5.888888889
Uttar Pradesh,SAHARANPUR,2008,Rabi,Gram,37,36,0.972972973
Uttar Pradesh,SAHARANPUR,2008,Rabi,Masoor,3516,1280,0.364050057
Uttar Pradesh,SAHARANPUR,2008,Rabi,Onion,20,235,11.75
Uttar Pradesh,SAHARANPUR,2008,Rabi,Peas & beans (Pulses),43,52,1.209302326
Uttar Pradesh,SAHARANPUR,2008,Rabi,Potato,671,13755,20.49925484
Uttar Pradesh,SAHARANPUR,2008,Rabi,Rapeseed &Mustard,1061,1195,1.126295947
Uttar Pradesh,SAHARANPUR,2008,Rabi,Wheat,139357,412915,2.9630015
Uttar Pradesh,SAHARANPUR,2008,Summer,Maize,24,36,1.5
Uttar Pradesh,SAHARANPUR,2008,Summer,Moong(Green Gram),44,33,0.75
Uttar Pradesh,SAHARANPUR,2008,Summer,Urad,2418,1429,0.590984285
Uttar Pradesh,SAHARANPUR,2009,Kharif,Arhar/Tur,1,1,1
Uttar Pradesh,SAHARANPUR,2009,Kharif,Cotton(lint),21,4,0.19047619
Uttar Pradesh,SAHARANPUR,2009,Kharif,Dry chillies,11,10,0.909090909
Uttar Pradesh,SAHARANPUR,2009,Kharif,Groundnut,3911,4091,1.046024035
Uttar Pradesh,SAHARANPUR,2009,Kharif,Guar seed,189,158,0.835978836
Uttar Pradesh,SAHARANPUR,2009,Kharif,Maize,7799,7908,1.013976151
Uttar Pradesh,SAHARANPUR,2009,Kharif,Rice,51884,118140,2.277002544
Uttar Pradesh,SAHARANPUR,2009,Kharif,Sesamum,239,25,0.10460251
Uttar Pradesh,SAHARANPUR,2009,Kharif,Sugarcane,128136,8028489,62.65599831
Uttar Pradesh,SAHARANPUR,2009,Kharif,Sweet potato,25,340,13.6
Uttar Pradesh,SAHARANPUR,2009,Kharif,Urad,1642,627,0.381851401
Uttar Pradesh,SAHARANPUR,2009,Rabi,Barley,100,229,2.29
Uttar Pradesh,SAHARANPUR,2009,Rabi,Coriander,6,3,0.5
Uttar Pradesh,SAHARANPUR,2009,Rabi,Garlic,9,48,5.333333333
Uttar Pradesh,SAHARANPUR,2009,Rabi,Gram,20,17,0.85
Uttar Pradesh,SAHARANPUR,2009,Rabi,Masoor,2201,1712,0.77782826
Uttar Pradesh,SAHARANPUR,2009,Rabi,Onion,40,687,17.175
Uttar Pradesh,SAHARANPUR,2009,Rabi,Peas & beans (Pulses),33,42,1.272727273
Uttar Pradesh,SAHARANPUR,2009,Rabi,Potato,602,14969,24.8654485
Uttar Pradesh,SAHARANPUR,2009,Rabi,Rapeseed &Mustard,1139,1268,1.113257243
Uttar Pradesh,SAHARANPUR,2009,Rabi,Turmeric,9,30,3.333333333
Uttar Pradesh,SAHARANPUR,2009,Rabi,Wheat,112619,343713,3.051998331
Uttar Pradesh,SAHARANPUR,2009,Summer,Maize,7,10,1.428571429
Uttar Pradesh,SAHARANPUR,2009,Summer,Moong(Green Gram),25,18,0.72
Uttar Pradesh,SAHARANPUR,2009,Summer,Onion,36,500,13.88888889
Uttar Pradesh,SAHARANPUR,2009,Summer,Urad,2061,1393,0.675885492
Uttar Pradesh,SAHARANPUR,2010,Kharif,Arhar/Tur,3,2,0.666666667
Uttar Pradesh,SAHARANPUR,2010,Kharif,Cotton(lint),11,2,0.181818182
Uttar Pradesh,SAHARANPUR,2010,Kharif,Dry chillies,35,31,0.885714286
Uttar Pradesh,SAHARANPUR,2010,Kharif,Dry ginger,2,5,2.5
Uttar Pradesh,SAHARANPUR,2010,Kharif,Groundnut,2996,3553,1.185914553
Uttar Pradesh,SAHARANPUR,2010,Kharif,Guar seed,185,154,0.832432432
Uttar Pradesh,SAHARANPUR,2010,Kharif,Maize,7725,10212,1.321941748
Uttar Pradesh,SAHARANPUR,2010,Kharif,Rice,54830,120023,2.189002371
Uttar Pradesh,SAHARANPUR,2010,Kharif,Sesamum,67,13,0.194029851
Uttar Pradesh,SAHARANPUR,2010,Kharif,Sugarcane,142703,8686617,60.87199989
Uttar Pradesh,SAHARANPUR,2010,Kharif,Sweet potato,21,259,12.33333333
Uttar Pradesh,SAHARANPUR,2010,Kharif,Urad,525,355,0.676190476
Uttar Pradesh,SAHARANPUR,2010,Rabi,Barley,45,118,2.622222222
Uttar Pradesh,SAHARANPUR,2010,Rabi,Gram,18,18,1
Uttar Pradesh,SAHARANPUR,2010,Rabi,Masoor,2339,1186,0.507054297
Uttar Pradesh,SAHARANPUR,2010,Rabi,Onion,33,607,18.39393939
Uttar Pradesh,SAHARANPUR,2010,Rabi,Peas & beans (Pulses),25,29,1.16
Uttar Pradesh,SAHARANPUR,2010,Rabi,Potato,589,14368,24.39388795
Uttar Pradesh,SAHARANPUR,2010,Rabi,Rapeseed &Mustard,1272,1520,1.194968553
Uttar Pradesh,SAHARANPUR,2010,Rabi,Tobacco,1,5,5
Uttar Pradesh,SAHARANPUR,2010,Rabi,Turmeric,5,16,3.2
Uttar Pradesh,SAHARANPUR,2010,Rabi,Wheat,106909,320727,3
Uttar Pradesh,SAHARANPUR,2010,Summer,Maize,12,17,1.416666667
Uttar Pradesh,SAHARANPUR,2010,Summer,Moong(Green Gram),16,14,0.875
Uttar Pradesh,SAHARANPUR,2010,Summer,Urad,2115,954,0.45106383
Uttar Pradesh,SAHARANPUR,2011,Kharif,Arhar/Tur,1,1,1
Uttar Pradesh,SAHARANPUR,2011,Kharif,Bajra,27,50,1.851851852
Uttar Pradesh,SAHARANPUR,2011,Kharif,Cotton(lint),19,5,0.263157895
Uttar Pradesh,SAHARANPUR,2011,Kharif,Dry chillies,6,5,0.833333333
Uttar Pradesh,SAHARANPUR,2011,Kharif,Dry ginger,2,6,3
Uttar Pradesh,SAHARANPUR,2011,Kharif,Groundnut,4064,5011,1.233021654
Uttar Pradesh,SAHARANPUR,2011,Kharif,Guar seed,188,154,0.819148936
Uttar Pradesh,SAHARANPUR,2011,Kharif,Maize,7580,10991,1.45
Uttar Pradesh,SAHARANPUR,2011,Kharif,Rice,52344,119920,2.290998013
Uttar Pradesh,SAHARANPUR,2011,Kharif,Sesamum,71,15,0.211267606
Uttar Pradesh,SAHARANPUR,2011,Kharif,Sugarcane,139043,7927676,57.01600224
Uttar Pradesh,SAHARANPUR,2011,Kharif,Sweet potato,23,299,13
Uttar Pradesh,SAHARANPUR,2011,Kharif,Urad,733,490,0.668485675
Uttar Pradesh,SAHARANPUR,2011,Rabi,Barley,46,125,2.717391304
Uttar Pradesh,SAHARANPUR,2011,Rabi,Coriander,12,7,0.583333333
Uttar Pradesh,SAHARANPUR,2011,Rabi,Garlic,15,77,5.133333333
Uttar Pradesh,SAHARANPUR,2011,Rabi,Gram,13,15,1.153846154
Uttar Pradesh,SAHARANPUR,2011,Rabi,Masoor,1924,891,0.463097713
Uttar Pradesh,SAHARANPUR,2011,Rabi,Onion,16,366,22.875
Uttar Pradesh,SAHARANPUR,2011,Rabi,Peas & beans (Pulses),44,63,1.431818182
Uttar Pradesh,SAHARANPUR,2011,Rabi,Potato,432,4130,9.560185185
Uttar Pradesh,SAHARANPUR,2011,Rabi,Rapeseed &Mustard,1182,1204,1.018612521
Uttar Pradesh,SAHARANPUR,2011,Rabi,Turmeric,32,90,2.8125
Uttar Pradesh,SAHARANPUR,2011,Rabi,Wheat,112582,391335,3.475999716
Uttar Pradesh,SAHARANPUR,2011,Summer,Maize,22,36,1.636363636
Uttar Pradesh,SAHARANPUR,2011,Summer,Moong(Green Gram),18,15,0.833333333
Uttar Pradesh,SAHARANPUR,2011,Summer,Onion,35,379,10.82857143
Uttar Pradesh,SAHARANPUR,2011,Summer,Rice,2,5,2.5
Uttar Pradesh,SAHARANPUR,2011,Summer,Urad,2004,1257,0.627245509
Uttar Pradesh,SAHARANPUR,2012,Kharif,Arhar/Tur,1,1,1
Uttar Pradesh,SAHARANPUR,2012,Kharif,Bajra,3,6,2
Uttar Pradesh,SAHARANPUR,2012,Kharif,Cotton(lint),8,2,0.25
Uttar Pradesh,SAHARANPUR,2012,Kharif,Dry chillies,23,18,0.782608696
Uttar Pradesh,SAHARANPUR,2012,Kharif,Dry ginger,4,20,5
Uttar Pradesh,SAHARANPUR,2012,Kharif,Groundnut,3237,3467,1.071053445
Uttar Pradesh,SAHARANPUR,2012,Kharif,Guar seed,31,25,0.806451613
Uttar Pradesh,SAHARANPUR,2012,Kharif,Maize,7758,10233,1.319025522
Uttar Pradesh,SAHARANPUR,2012,Kharif,Rice,54042,141428,2.617001591
Uttar Pradesh,SAHARANPUR,2012,Kharif,Sesamum,81,15,0.185185185
Uttar Pradesh,SAHARANPUR,2012,Kharif,Sugarcane,137383,8557312,62.28799779
Uttar Pradesh,SAHARANPUR,2012,Kharif,Sweet potato,26,337,12.96153846
Uttar Pradesh,SAHARANPUR,2012,Kharif,Urad,760,504,0.663157895
Uttar Pradesh,SAHARANPUR,2012,Rabi,Barley,29,77,2.655172414
Uttar Pradesh,SAHARANPUR,2012,Rabi,Coriander,1,1,1
Uttar Pradesh,SAHARANPUR,2012,Rabi,Garlic,4,21,5.25
Uttar Pradesh,SAHARANPUR,2012,Rabi,Gram,18,20,1.111111111
Uttar Pradesh,SAHARANPUR,2012,Rabi,Masoor,1589,1522,0.957835116
Uttar Pradesh,SAHARANPUR,2012,Rabi,Onion,25,575,23
Uttar Pradesh,SAHARANPUR,2012,Rabi,Peas & beans (Pulses),11,17,1.545454545
Uttar Pradesh,SAHARANPUR,2012,Rabi,Potato,455,11859,26.06373626
Uttar Pradesh,SAHARANPUR,2012,Rabi,Rapeseed &Mustard,1178,1312,1.113752122
Uttar Pradesh,SAHARANPUR,2012,Rabi,Turmeric,15,42,2.8
Uttar Pradesh,SAHARANPUR,2012,Rabi,Wheat,110575,374739,3.389002939
Uttar Pradesh,SAHARANPUR,2012,Summer,Maize,20,37,1.85
Uttar Pradesh,SAHARANPUR,2012,Summer,Moong(Green Gram),16,13,0.8125
Uttar Pradesh,SAHARANPUR,2012,Summer,Onion,36,392,10.88888889
Uttar Pradesh,SAHARANPUR,2012,Summer,Urad,2176,1136,0.522058824
Uttar Pradesh,SAHARANPUR,2013,Kharif,Bajra,2,4,2
Uttar Pradesh,SAHARANPUR,2013,Kharif,Cotton(lint),2,,
Uttar Pradesh,SAHARANPUR,2013,Kharif,Dry chillies,7,6,0.857142857
Uttar Pradesh,SAHARANPUR,2013,Kharif,Dry ginger,4,20,5
Uttar Pradesh,SAHARANPUR,2013,Kharif,Groundnut,3860,3984,1.032124352
Uttar Pradesh,SAHARANPUR,2013,Kharif,Guar seed,88,72,0.818181818
Uttar Pradesh,SAHARANPUR,2013,Kharif,Maize,7205,8574,1.19000694
Uttar Pradesh,SAHARANPUR,2013,Kharif,Rice,57786,141345,2.446007684
Uttar Pradesh,SAHARANPUR,2013,Kharif,Sesamum,87,13,0.149425287
Uttar Pradesh,SAHARANPUR,2013,Kharif,Sugarcane,136450,8432610,61.8
Uttar Pradesh,SAHARANPUR,2013,Kharif,Sweet potato,25,330,13.2
Uttar Pradesh,SAHARANPUR,2013,Kharif,Urad,858,383,0.446386946
Uttar Pradesh,SAHARANPUR,2013,Rabi,Barley,74,213,2.878378378
Uttar Pradesh,SAHARANPUR,2013,Rabi,Coriander,5,3,0.6
Uttar Pradesh,SAHARANPUR,2013,Rabi,Gram,10,4,0.4
Uttar Pradesh,SAHARANPUR,2013,Rabi,Masoor,2167,1729,0.79787725
Uttar Pradesh,SAHARANPUR,2013,Rabi,Onion,24,488,20.33333333
Uttar Pradesh,SAHARANPUR,2013,Rabi,Peas & beans (Pulses),14,14,1
Uttar Pradesh,SAHARANPUR,2013,Rabi,Potato,473,5168,10.92600423
Uttar Pradesh,SAHARANPUR,2013,Rabi,Rapeseed &Mustard,876,795,0.907534247
Uttar Pradesh,SAHARANPUR,2013,Rabi,Turmeric,49,142,2.897959184
Uttar Pradesh,SAHARANPUR,2013,Rabi,Wheat,109144,378184,3.465000366
Uttar Pradesh,SAHARANPUR,2013,Summer,Maize,6,11,1.833333333
Uttar Pradesh,SAHARANPUR,2013,Summer,Moong(Green Gram),4,3,0.75
Uttar Pradesh,SAHARANPUR,2013,Summer,Onion,34,458,13.47058824
Uttar Pradesh,SAHARANPUR,2013,Summer,Urad,2176,1253,0.575827206
Uttar Pradesh,SAHARANPUR,2014,Kharif,Bajra,3,6,2
Uttar Pradesh,SAHARANPUR,2014,Kharif,Cotton(lint),7,2,0.285714286
Uttar Pradesh,SAHARANPUR,2014,Kharif,Dry chillies,51,42,0.823529412
Uttar Pradesh,SAHARANPUR,2014,Kharif,Groundnut,3840,3886,1.011979167
Uttar Pradesh,SAHARANPUR,2014,Kharif,Maize,7497,10608,1.414965986
Uttar Pradesh,SAHARANPUR,2014,Kharif,Rice,62552,155629,2.487993989
Uttar Pradesh,SAHARANPUR,2014,Kharif,Sesamum,50,10,0.2
Uttar Pradesh,SAHARANPUR,2014,Kharif,Sugarcane,124052,8169569,65.85600393
Uttar Pradesh,SAHARANPUR,2014,Kharif,Urad,1149,977,0.850304613
Uttar Pradesh,SAHARANPUR,2014,Rabi,Barley,14,24,1.714285714
Uttar Pradesh,SAHARANPUR,2014,Rabi,Coriander,2,1,0.5
Uttar Pradesh,SAHARANPUR,2014,Rabi,Garlic,2,11,5.5
Uttar Pradesh,SAHARANPUR,2014,Rabi,Gram,14,4,0.285714286
Uttar Pradesh,SAHARANPUR,2014,Rabi,Masoor,1674,1331,0.795101553
Uttar Pradesh,SAHARANPUR,2014,Rabi,Onion,25,382,15.28
Uttar Pradesh,SAHARANPUR,2014,Rabi,Peas & beans (Pulses),43,33,0.76744186
Uttar Pradesh,SAHARANPUR,2014,Rabi,Potato,754,20554,27.25994695
Uttar Pradesh,SAHARANPUR,2014,Rabi,Rapeseed &Mustard,1103,659,0.597461469
Uttar Pradesh,SAHARANPUR,2014,Rabi,Turmeric,14,40,2.857142857
Uttar Pradesh,SAHARANPUR,2014,Rabi,Wheat,118844,244224,2.054996466
Uttar Pradesh,SAHARANPUR,2014,Summer,Moong(Green Gram),5,3,0.6
Uttar Pradesh,SAHARANPUR,2014,Summer,Onion,20,302,15.1
Uttar Pradesh,SAHARANPUR,2014,Summer,Urad,1269,832,0.655634358
Uttar Pradesh,SAMBHAL,2012,Kharif,Arhar/Tur,367,314,0.855585831
Uttar Pradesh,SAMBHAL,2012,Kharif,Bajra,70841,88622,1.250998715
Uttar Pradesh,SAMBHAL,2012,Kharif,Dry chillies,688,552,0.802325581
Uttar Pradesh,SAMBHAL,2012,Kharif,Guar seed,25,20,0.8
Uttar Pradesh,SAMBHAL,2012,Kharif,Jowar,170,85,0.5
Uttar Pradesh,SAMBHAL,2012,Kharif,Maize,4504,4050,0.89920071
Uttar Pradesh,SAMBHAL,2012,Kharif,Moong(Green Gram),148,75,0.506756757
Uttar Pradesh,SAMBHAL,2012,Kharif,Rice,35823,86262,2.40800603
Uttar Pradesh,SAMBHAL,2012,Kharif,Sesamum,1382,259,0.187409551
Uttar Pradesh,SAMBHAL,2012,Kharif,Sugarcane,29444,1753685,59.56001223
Uttar Pradesh,SAMBHAL,2012,Kharif,Sweet potato,140,1812,12.94285714
Uttar Pradesh,SAMBHAL,2012,Kharif,Urad,14713,13286,0.903010943
Uttar Pradesh,SAMBHAL,2012,Rabi,Barley,738,1967,2.665311653
Uttar Pradesh,SAMBHAL,2012,Rabi,Coriander,11,6,0.545454545
Uttar Pradesh,SAMBHAL,2012,Rabi,Garlic,132,686,5.196969697
Uttar Pradesh,SAMBHAL,2012,Rabi,Gram,9,10,1.111111111
Uttar Pradesh,SAMBHAL,2012,Rabi,Masoor,811,732,0.902589396
Uttar Pradesh,SAMBHAL,2012,Rabi,Onion,33,759,23
Uttar Pradesh,SAMBHAL,2012,Rabi,Peas & beans (Pulses),61,78,1.278688525
Uttar Pradesh,SAMBHAL,2012,Rabi,Potato,8991,207485,23.07696585
Uttar Pradesh,SAMBHAL,2012,Rabi,Rapeseed &Mustard,13619,20129,1.478008664
Uttar Pradesh,SAMBHAL,2012,Rabi,Wheat,140493,450702,3.208003246
Uttar Pradesh,SAMBHAL,2012,Summer,Maize,1442,2663,1.846740638
Uttar Pradesh,SAMBHAL,2012,Summer,Onion,96,1045,10.88541667
Uttar Pradesh,SAMBHAL,2012,Summer,Tobacco,123,395,3.211382114
Uttar Pradesh,SAMBHAL,2013,Kharif,Arhar/Tur,457,412,0.901531729
Uttar Pradesh,SAMBHAL,2013,Kharif,Bajra,72566,100564,1.385828074
Uttar Pradesh,SAMBHAL,2013,Kharif,Dry chillies,138,112,0.811594203
Uttar Pradesh,SAMBHAL,2013,Kharif,Groundnut,10,11,1.1
Uttar Pradesh,SAMBHAL,2013,Kharif,Guar seed,3,3,1
Uttar Pradesh,SAMBHAL,2013,Kharif,Jowar,136,73,0.536764706
Uttar Pradesh,SAMBHAL,2013,Kharif,Maize,3714,6436,1.732902531
Uttar Pradesh,SAMBHAL,2013,Kharif,Moong(Green Gram),123,39,0.317073171
Uttar Pradesh,SAMBHAL,2013,Kharif,Rice,40134,92388,2.301988339
Uttar Pradesh,SAMBHAL,2013,Kharif,Sesamum,747,110,0.147255689
Uttar Pradesh,SAMBHAL,2013,Kharif,Sugarcane,28638,1762153,61.53198547
Uttar Pradesh,SAMBHAL,2013,Kharif,Sweet potato,108,1427,13.21296296
Uttar Pradesh,SAMBHAL,2013,Kharif,Urad,14949,12467,0.833968827
Uttar Pradesh,SAMBHAL,2013,Rabi,Barley,747,2147,2.87416332
Uttar Pradesh,SAMBHAL,2013,Rabi,Coriander,26,14,0.538461538
Uttar Pradesh,SAMBHAL,2013,Rabi,Garlic,244,1429,5.856557377
Uttar Pradesh,SAMBHAL,2013,Rabi,Gram,2,1,0.5
Uttar Pradesh,SAMBHAL,2013,Rabi,Masoor,940,1483,1.577659574
Uttar Pradesh,SAMBHAL,2013,Rabi,Onion,74,1505,20.33783784
Uttar Pradesh,SAMBHAL,2013,Rabi,Peas & beans (Pulses),318,318,1
Uttar Pradesh,SAMBHAL,2013,Rabi,Potato,10081,179301,17.78603313
Uttar Pradesh,SAMBHAL,2013,Rabi,Rapeseed &Mustard,11640,15589,1.339261168
Uttar Pradesh,SAMBHAL,2013,Rabi,Turmeric,97,280,2.886597938
Uttar Pradesh,SAMBHAL,2013,Rabi,Wheat,139875,492500,3.521000894
Uttar Pradesh,SAMBHAL,2013,Summer,Maize,1474,2708,1.837177748
Uttar Pradesh,SAMBHAL,2013,Summer,Onion,179,2409,13.45810056
Uttar Pradesh,SAMBHAL,2013,Summer,Sunflower,12,17,1.416666667
Uttar Pradesh,SAMBHAL,2013,Summer,Tobacco,91,280,3.076923077
Uttar Pradesh,SAMBHAL,2013,Summer,Urad,10,6,0.6
Uttar Pradesh,SAMBHAL,2014,Kharif,Arhar/Tur,388,252,0.649484536
Uttar Pradesh,SAMBHAL,2014,Kharif,Bajra,74352,111751,1.502999247
Uttar Pradesh,SAMBHAL,2014,Kharif,Dry chillies,716,590,0.824022346
Uttar Pradesh,SAMBHAL,2014,Kharif,Groundnut,5,6,1.2
Uttar Pradesh,SAMBHAL,2014,Kharif,Guar seed,6,5,0.833333333
Uttar Pradesh,SAMBHAL,2014,Kharif,Jowar,159,175,1.100628931
Uttar Pradesh,SAMBHAL,2014,Kharif,Maize,4160,8836,2.124038462
Uttar Pradesh,SAMBHAL,2014,Kharif,Moong(Green Gram),222,71,0.31981982
Uttar Pradesh,SAMBHAL,2014,Kharif,Rice,35060,76746,2.188990302
Uttar Pradesh,SAMBHAL,2014,Kharif,Sesamum,2168,427,0.19695572
Uttar Pradesh,SAMBHAL,2014,Kharif,Sugarcane,28914,1833148,63.40001383
Uttar Pradesh,SAMBHAL,2014,Kharif,Sweet potato,65,805,12.38461538
Uttar Pradesh,SAMBHAL,2014,Kharif,Urad,13077,10998,0.841018582
Uttar Pradesh,SAMBHAL,2014,Rabi,Barley,650,1114,1.713846154
Uttar Pradesh,SAMBHAL,2014,Rabi,Coriander,85,41,0.482352941
Uttar Pradesh,SAMBHAL,2014,Rabi,Garlic,184,1066,5.793478261
Uttar Pradesh,SAMBHAL,2014,Rabi,Gram,5,1,0.2
Uttar Pradesh,SAMBHAL,2014,Rabi,Maize,222,531,2.391891892
Uttar Pradesh,SAMBHAL,2014,Rabi,Masoor,970,470,0.484536082
Uttar Pradesh,SAMBHAL,2014,Rabi,Onion,74,1132,15.2972973
Uttar Pradesh,SAMBHAL,2014,Rabi,Peas & beans (Pulses),268,258,0.962686567
Uttar Pradesh,SAMBHAL,2014,Rabi,Potato,11367,305681,26.89196798
Uttar Pradesh,SAMBHAL,2014,Rabi,Rapeseed &Mustard,10575,10217,0.966146572
Uttar Pradesh,SAMBHAL,2014,Rabi,Wheat,143456,283613,1.977003402
Uttar Pradesh,SAMBHAL,2014,Summer,Banana,4,180,45
Uttar Pradesh,SAMBHAL,2014,Summer,Maize,1728,3072,1.777777778
Uttar Pradesh,SAMBHAL,2014,Summer,Onion,52,786,15.11538462
Uttar Pradesh,SAMBHAL,2014,Summer,Tobacco,162,425,2.62345679
Uttar Pradesh,SAMBHAL,2014,Summer,Urad,67,36,0.537313433
Uttar Pradesh,SANT KABEER NAGAR,1997,Kharif,Arhar/Tur,3895,2412,0.619255456
Uttar Pradesh,SANT KABEER NAGAR,1997,Kharif,Bajra,227,466,2.052863436
Uttar Pradesh,SANT KABEER NAGAR,1997,Kharif,Groundnut,938,839,0.89445629
Uttar Pradesh,SANT KABEER NAGAR,1997,Kharif,Jowar,1,1,1
Uttar Pradesh,SANT KABEER NAGAR,1997,Kharif,Maize,1635,2088,1.27706422
Uttar Pradesh,SANT KABEER NAGAR,1997,Kharif,Moong(Green Gram),10,3,0.3
Uttar Pradesh,SANT KABEER NAGAR,1997,Kharif,Rice,82567,151002,1.828842031
Uttar Pradesh,SANT KABEER NAGAR,1997,Kharif,Sesamum,128,19,0.1484375
Uttar Pradesh,SANT KABEER NAGAR,1997,Kharif,Small millets,72,50,0.694444444
Uttar Pradesh,SANT KABEER NAGAR,1997,Kharif,Urad,61,35,0.573770492
Uttar Pradesh,SANT KABEER NAGAR,1997,Rabi,Barley,656,1811,2.760670732
Uttar Pradesh,SANT KABEER NAGAR,1997,Rabi,Gram,1663,947,0.569452796
Uttar Pradesh,SANT KABEER NAGAR,1997,Rabi,Linseed,28,10,0.357142857
Uttar Pradesh,SANT KABEER NAGAR,1997,Rabi,Masoor,1288,1240,0.962732919
Uttar Pradesh,SANT KABEER NAGAR,1997,Rabi,Peas & beans (Pulses),4305,5724,1.329616725
Uttar Pradesh,SANT KABEER NAGAR,1997,Rabi,Rapeseed &Mustard,1998,1639,0.82032032
Uttar Pradesh,SANT KABEER NAGAR,1997,Rabi,Sunflower,21,28,1.333333333
Uttar Pradesh,SANT KABEER NAGAR,1997,Rabi,Wheat,79324,184883,2.330732187
Uttar Pradesh,SANT KABEER NAGAR,1997,Summer,Maize,11,17,1.545454545
Uttar Pradesh,SANT KABEER NAGAR,1997,Summer,Moong(Green Gram),8,3,0.375
Uttar Pradesh,SANT KABEER NAGAR,1997,Summer,Rice,83,152,1.831325301
Uttar Pradesh,SANT KABEER NAGAR,1997,Summer,Urad,12,6,0.5
Uttar Pradesh,SANT KABEER NAGAR,1997,Whole Year,Potato,2252,19554,8.68294849
Uttar Pradesh,SANT KABEER NAGAR,1997,Whole Year,Sugarcane,4645,283624,61.06006459
Uttar Pradesh,SANT KABEER NAGAR,1998,Kharif,Arhar/Tur,3898,2824,0.724474089
Uttar Pradesh,SANT KABEER NAGAR,1998,Kharif,Bajra,227,437,1.925110132
Uttar Pradesh,SANT KABEER NAGAR,1998,Kharif,Groundnut,939,610,0.649627263
Uttar Pradesh,SANT KABEER NAGAR,1998,Kharif,Jowar,1,1,1
Uttar Pradesh,SANT KABEER NAGAR,1998,Kharif,Maize,1636,712,0.435207824
Uttar Pradesh,SANT KABEER NAGAR,1998,Kharif,Moong(Green Gram),6,2,0.333333333
Uttar Pradesh,SANT KABEER NAGAR,1998,Kharif,Rice,81670,110377,1.351499939
Uttar Pradesh,SANT KABEER NAGAR,1998,Kharif,Sesamum,127,15,0.118110236
Uttar Pradesh,SANT KABEER NAGAR,1998,Kharif,Small millets,80,32,0.4
Uttar Pradesh,SANT KABEER NAGAR,1998,Kharif,Urad,45,21,0.466666667
Uttar Pradesh,SANT KABEER NAGAR,1998,Rabi,Barley,597,1392,2.331658291
Uttar Pradesh,SANT KABEER NAGAR,1998,Rabi,Gram,1932,1457,0.754140787
Uttar Pradesh,SANT KABEER NAGAR,1998,Rabi,Linseed,28,8,0.285714286
Uttar Pradesh,SANT KABEER NAGAR,1998,Rabi,Masoor,679,532,0.783505155
Uttar Pradesh,SANT KABEER NAGAR,1998,Rabi,Peas & beans (Pulses),4529,4542,1.002870391
Uttar Pradesh,SANT KABEER NAGAR,1998,Rabi,Rapeseed &Mustard,2010,1687,0.839303483
Uttar Pradesh,SANT KABEER NAGAR,1998,Rabi,Sunflower,18,22,1.222222222
Uttar Pradesh,SANT KABEER NAGAR,1998,Rabi,Wheat,78031,167957,2.152439415
Uttar Pradesh,SANT KABEER NAGAR,1998,Summer,Maize,12,12,1
Uttar Pradesh,SANT KABEER NAGAR,1998,Summer,Moong(Green Gram),13,7,0.538461538
Uttar Pradesh,SANT KABEER NAGAR,1998,Summer,Rice,83,112,1.34939759
Uttar Pradesh,SANT KABEER NAGAR,1998,Summer,Urad,14,6,0.428571429
Uttar Pradesh,SANT KABEER NAGAR,1998,Whole Year,Onion,124,1506,12.14516129
Uttar Pradesh,SANT KABEER NAGAR,1998,Whole Year,Potato,2260,33251,14.71283186
Uttar Pradesh,SANT KABEER NAGAR,1998,Whole Year,Sannhamp,3,1,0.333333333
Uttar Pradesh,SANT KABEER NAGAR,1998,Whole Year,Sugarcane,4656,242820,52.15206186
Uttar Pradesh,SANT KABEER NAGAR,1998,Whole Year,Turmeric,57,106,1.859649123
Uttar Pradesh,SANT KABEER NAGAR,1999,Kharif,Arhar/Tur,4958,4274,0.862041146
Uttar Pradesh,SANT KABEER NAGAR,1999,Kharif,Bajra,220,457,2.077272727
Uttar Pradesh,SANT KABEER NAGAR,1999,Kharif,Jowar,1,1,1
Uttar Pradesh,SANT KABEER NAGAR,1999,Kharif,Maize,845,1192,1.410650888
Uttar Pradesh,SANT KABEER NAGAR,1999,Kharif,Rice,89701,201454,2.245838954
Uttar Pradesh,SANT KABEER NAGAR,1999,Kharif,Small millets,67,44,0.656716418
Uttar Pradesh,SANT KABEER NAGAR,1999,Kharif,Sunflower,14,18,1.285714286
Uttar Pradesh,SANT KABEER NAGAR,1999,Kharif,Urad,47,20,0.425531915
Uttar Pradesh,SANT KABEER NAGAR,1999,Rabi,Barley,594,1580,2.65993266
Uttar Pradesh,SANT KABEER NAGAR,1999,Rabi,Gram,1912,1783,0.932531381
Uttar Pradesh,SANT KABEER NAGAR,1999,Rabi,Linseed,27,13,0.481481481
Uttar Pradesh,SANT KABEER NAGAR,1999,Rabi,Maize,13,19,1.461538462
Uttar Pradesh,SANT KABEER NAGAR,1999,Rabi,Rapeseed &Mustard,2043,2343,1.146842878
Uttar Pradesh,SANT KABEER NAGAR,1999,Rabi,Wheat,78125,225566,2.8872448
Uttar Pradesh,SANT KABEER NAGAR,1999,Summer,Moong(Green Gram),16,9,0.5625
Uttar Pradesh,SANT KABEER NAGAR,1999,Summer,Rice,84,189,2.25
Uttar Pradesh,SANT KABEER NAGAR,1999,Summer,Urad,13,6,0.461538462
Uttar Pradesh,SANT KABEER NAGAR,1999,Whole Year,Onion,100,1410,14.1
Uttar Pradesh,SANT KABEER NAGAR,1999,Whole Year,Peas & beans (Pulses),4551,6504,1.429136454
Uttar Pradesh,SANT KABEER NAGAR,1999,Whole Year,Potato,2390,37007,15.48410042
Uttar Pradesh,SANT KABEER NAGAR,1999,Whole Year,Sugarcane,4959,273281,55.10808631
Uttar Pradesh,SANT KABEER NAGAR,1999,Whole Year,Turmeric,5,8,1.6
Uttar Pradesh,SANT KABEER NAGAR,2000,Kharif,Arhar/Tur,3050,2015,0.660655738
Uttar Pradesh,SANT KABEER NAGAR,2000,Kharif,Bajra,37,69,1.864864865
Uttar Pradesh,SANT KABEER NAGAR,2000,Kharif,Groundnut,558,466,0.835125448
Uttar Pradesh,SANT KABEER NAGAR,2000,Kharif,Jowar,21,29,1.380952381
Uttar Pradesh,SANT KABEER NAGAR,2000,Kharif,Maize,1362,616,0.452276065
Uttar Pradesh,SANT KABEER NAGAR,2000,Kharif,Rice,85220,174596,2.048767895
Uttar Pradesh,SANT KABEER NAGAR,2000,Kharif,Sesamum,134,22,0.164179104
Uttar Pradesh,SANT KABEER NAGAR,2000,Kharif,Small millets,60,57,0.95
Uttar Pradesh,SANT KABEER NAGAR,2000,Kharif,Urad,24,10,0.416666667
Uttar Pradesh,SANT KABEER NAGAR,2000,Rabi,Barley,523,1225,2.342256214
Uttar Pradesh,SANT KABEER NAGAR,2000,Rabi,Gram,1083,1261,1.164358264
Uttar Pradesh,SANT KABEER NAGAR,2000,Rabi,Linseed,16,7,0.4375
Uttar Pradesh,SANT KABEER NAGAR,2000,Rabi,Maize,3,5,1.666666667
Uttar Pradesh,SANT KABEER NAGAR,2000,Rabi,Masoor,1467,1383,0.942740286
Uttar Pradesh,SANT KABEER NAGAR,2000,Rabi,Peas & beans (Pulses),4282,4799,1.120737973
Uttar Pradesh,SANT KABEER NAGAR,2000,Rabi,Rapeseed &Mustard,1859,2002,1.076923077
Uttar Pradesh,SANT KABEER NAGAR,2000,Rabi,Urad,5,2,0.4
Uttar Pradesh,SANT KABEER NAGAR,2000,Rabi,Wheat,83803,202647,2.418135389
Uttar Pradesh,SANT KABEER NAGAR,2000,Summer,Rice,5,10,2
Uttar Pradesh,SANT KABEER NAGAR,2000,Whole Year,Potato,1827,23077,12.63108922
Uttar Pradesh,SANT KABEER NAGAR,2000,Whole Year,Sugarcane,3665,192852,52.61991814
Uttar Pradesh,SANT KABEER NAGAR,2001,Kharif,Arhar/Tur,3380,1721,0.509171598
Uttar Pradesh,SANT KABEER NAGAR,2001,Kharif,Bajra,24,42,1.75
Uttar Pradesh,SANT KABEER NAGAR,2001,Kharif,Groundnut,766,643,0.839425587
Uttar Pradesh,SANT KABEER NAGAR,2001,Kharif,Jowar,3,3,1
Uttar Pradesh,SANT KABEER NAGAR,2001,Kharif,Maize,1542,1112,0.721141375
Uttar Pradesh,SANT KABEER NAGAR,2001,Kharif,Rice,89102,196191,2.201869767
Uttar Pradesh,SANT KABEER NAGAR,2001,Kharif,Small millets,79,72,0.911392405
Uttar Pradesh,SANT KABEER NAGAR,2001,Kharif,Sunflower,3,6,2
Uttar Pradesh,SANT KABEER NAGAR,2001,Kharif,Urad,26,10,0.384615385
Uttar Pradesh,SANT KABEER NAGAR,2001,Rabi,Barley,493,1315,2.667342799
Uttar Pradesh,SANT KABEER NAGAR,2001,Rabi,Gram,956,812,0.849372385
Uttar Pradesh,SANT KABEER NAGAR,2001,Rabi,Linseed,24,10,0.416666667
Uttar Pradesh,SANT KABEER NAGAR,2001,Rabi,Maize,30,49,1.633333333
Uttar Pradesh,SANT KABEER NAGAR,2001,Rabi,Masoor,1349,1078,0.799110452
Uttar Pradesh,SANT KABEER NAGAR,2001,Rabi,Peas & beans (Pulses),4428,4043,0.913053297
Uttar Pradesh,SANT KABEER NAGAR,2001,Rabi,Rapeseed &Mustard,2242,1807,0.805976806
Uttar Pradesh,SANT KABEER NAGAR,2001,Rabi,Urad,8,4,0.5
Uttar Pradesh,SANT KABEER NAGAR,2001,Rabi,Wheat,89677,238337,2.657727176
Uttar Pradesh,SANT KABEER NAGAR,2001,Summer,Rice,10,22,2.2
Uttar Pradesh,SANT KABEER NAGAR,2001,Whole Year,Potato,2071,51075,24.66199903
Uttar Pradesh,SANT KABEER NAGAR,2001,Whole Year,Sugarcane,3933,238623,60.6720061
Uttar Pradesh,SANT KABEER NAGAR,2001,Whole Year,Turmeric,15,27,1.8
Uttar Pradesh,SANT KABEER NAGAR,2002,Kharif,Bajra,27,46,1.703703704
Uttar Pradesh,SANT KABEER NAGAR,2002,Kharif,Groundnut,784,513,0.654336735
Uttar Pradesh,SANT KABEER NAGAR,2002,Kharif,Maize,1546,1344,0.869340233
Uttar Pradesh,SANT KABEER NAGAR,2002,Kharif,Rice,89895,89921,1.000289226
Uttar Pradesh,SANT KABEER NAGAR,2002,Kharif,Sesamum,125,20,0.16
Uttar Pradesh,SANT KABEER NAGAR,2002,Kharif,Small millets,50,34,0.68
Uttar Pradesh,SANT KABEER NAGAR,2002,Kharif,Urad,29,12,0.413793103
Uttar Pradesh,SANT KABEER NAGAR,2002,Rabi,Barley,554,1375,2.481949458
Uttar Pradesh,SANT KABEER NAGAR,2002,Rabi,Gram,769,430,0.55916775
Uttar Pradesh,SANT KABEER NAGAR,2002,Rabi,Linseed,7,2,0.285714286
Uttar Pradesh,SANT KABEER NAGAR,2002,Rabi,Maize,46,51,1.108695652
Uttar Pradesh,SANT KABEER NAGAR,2002,Rabi,Masoor,1327,1013,0.763376036
Uttar Pradesh,SANT KABEER NAGAR,2002,Rabi,Onion,4,41,10.25
Uttar Pradesh,SANT KABEER NAGAR,2002,Rabi,Peas & beans (Pulses),4046,2917,0.720958972
Uttar Pradesh,SANT KABEER NAGAR,2002,Rabi,Ragi,6,9,1.5
Uttar Pradesh,SANT KABEER NAGAR,2002,Rabi,Rapeseed &Mustard,1990,1229,0.61758794
Uttar Pradesh,SANT KABEER NAGAR,2002,Rabi,Wheat,87964,208651,2.372004456
Uttar Pradesh,SANT KABEER NAGAR,2002,Summer,Moong(Green Gram),2,1,0.5
Uttar Pradesh,SANT KABEER NAGAR,2002,Summer,Onion,52,582,11.19230769
Uttar Pradesh,SANT KABEER NAGAR,2002,Summer,Rice,74,74,1
Uttar Pradesh,SANT KABEER NAGAR,2002,Summer,Urad,8,4,0.5
Uttar Pradesh,SANT KABEER NAGAR,2002,Whole Year,Potato,2126,49321,23.19896519
Uttar Pradesh,SANT KABEER NAGAR,2002,Whole Year,Sugarcane,4022,232102,57.70810542
Uttar Pradesh,SANT KABEER NAGAR,2002,Whole Year,Turmeric,12,22,1.833333333
Uttar Pradesh,SANT KABEER NAGAR,2003,Kharif,Arhar/Tur,3687,1476,0.400325468
Uttar Pradesh,SANT KABEER NAGAR,2003,Kharif,Bajra,17,29,1.705882353
Uttar Pradesh,SANT KABEER NAGAR,2003,Kharif,Groundnut,759,507,0.66798419
Uttar Pradesh,SANT KABEER NAGAR,2003,Kharif,Jowar,11,14,1.272727273
Uttar Pradesh,SANT KABEER NAGAR,2003,Kharif,Maize,1438,1721,1.196801113
Uttar Pradesh,SANT KABEER NAGAR,2003,Kharif,Rice,89836,205872,2.291642549
Uttar Pradesh,SANT KABEER NAGAR,2003,Kharif,Sesamum,104,14,0.134615385
Uttar Pradesh,SANT KABEER NAGAR,2003,Kharif,Urad,18,4,0.222222222
Uttar Pradesh,SANT KABEER NAGAR,2003,Rabi,Barley,563,1289,2.289520426
Uttar Pradesh,SANT KABEER NAGAR,2003,Rabi,Gram,683,119,0.174231332
Uttar Pradesh,SANT KABEER NAGAR,2003,Rabi,Linseed,25,12,0.48
Uttar Pradesh,SANT KABEER NAGAR,2003,Rabi,Masoor,1313,966,0.735719726
Uttar Pradesh,SANT KABEER NAGAR,2003,Rabi,Onion,6,86,14.33333333
Uttar Pradesh,SANT KABEER NAGAR,2003,Rabi,Peas & beans (Pulses),4040,4161,1.029950495
Uttar Pradesh,SANT KABEER NAGAR,2003,Rabi,Ragi,9,13,1.444444444
Uttar Pradesh,SANT KABEER NAGAR,2003,Rabi,Rapeseed &Mustard,2161,1320,0.61082832
Uttar Pradesh,SANT KABEER NAGAR,2003,Rabi,Wheat,90847,236098,2.598853017
Uttar Pradesh,SANT KABEER NAGAR,2003,Summer,Maize,35,48,1.371428571
Uttar Pradesh,SANT KABEER NAGAR,2003,Summer,Moong(Green Gram),2,1,0.5
Uttar Pradesh,SANT KABEER NAGAR,2003,Summer,Onion,115,1135,9.869565217
Uttar Pradesh,SANT KABEER NAGAR,2003,Summer,Rice,10,23,2.3
Uttar Pradesh,SANT KABEER NAGAR,2003,Summer,Urad,1,1,1
Uttar Pradesh,SANT KABEER NAGAR,2003,Whole Year,Potato,2083,24361,11.69515122
Uttar Pradesh,SANT KABEER NAGAR,2003,Whole Year,Sugarcane,3881,190728,49.14403504
Uttar Pradesh,SANT KABEER NAGAR,2003,Whole Year,Turmeric,6,11,1.833333333
Uttar Pradesh,SANT KABEER NAGAR,2004,Kharif,Bajra,23,43,1.869565217
Uttar Pradesh,SANT KABEER NAGAR,2004,Kharif,Groundnut,877,721,0.822120867
Uttar Pradesh,SANT KABEER NAGAR,2004,Kharif,Maize,1522,2341,1.538107753
Uttar Pradesh,SANT KABEER NAGAR,2004,Kharif,Rice,91204,128752,1.41169247
Uttar Pradesh,SANT KABEER NAGAR,2004,Kharif,Sannhamp,3,1,0.333333333
Uttar Pradesh,SANT KABEER NAGAR,2004,Kharif,Sesamum,126,20,0.158730159
Uttar Pradesh,SANT KABEER NAGAR,2004,Kharif,Small millets,62,21,0.338709677
Uttar Pradesh,SANT KABEER NAGAR,2004,Kharif,Sugarcane,3937,218535,55.50800102
Uttar Pradesh,SANT KABEER NAGAR,2004,Rabi,Barley,565,1146,2.028318584
Uttar Pradesh,SANT KABEER NAGAR,2004,Rabi,Gram,655,598,0.912977099
Uttar Pradesh,SANT KABEER NAGAR,2004,Rabi,Linseed,13,6,0.461538462
Uttar Pradesh,SANT KABEER NAGAR,2004,Rabi,Potato,2101,47026,22.38267492
Uttar Pradesh,SANT KABEER NAGAR,2004,Rabi,Rapeseed &Mustard,2225,2212,0.994157303
Uttar Pradesh,SANT KABEER NAGAR,2004,Rabi,Turmeric,9,16,1.777777778
Uttar Pradesh,SANT KABEER NAGAR,2004,Rabi,Wheat,90187,209399,2.321831306
Uttar Pradesh,SANT KABEER NAGAR,2004,Whole Year,Banana,18,655,36.38888889
Uttar Pradesh,SANT KABEER NAGAR,2004,Whole Year,Dry chillies,46,43,0.934782609
Uttar Pradesh,SANT KABEER NAGAR,2004,Whole Year,Garlic,1,4,4
Uttar Pradesh,SANT KABEER NAGAR,2004,Whole Year,Guar seed,9,7,0.777777778
Uttar Pradesh,SANT KABEER NAGAR,2004,Whole Year,Onion,86,1040,12.09302326
Uttar Pradesh,SANT KABEER NAGAR,2004,Whole Year,Sweet potato,1087,1255,1.154553818
Uttar Pradesh,SANT KABEER NAGAR,2005,Kharif,Maize,1343,1725,1.284437826
Uttar Pradesh,SANT KABEER NAGAR,2005,Kharif,Rice,86338,158258,1.833005166
Uttar Pradesh,SANT KABEER NAGAR,2005,Kharif,Sesamum,110,19,0.172727273
Uttar Pradesh,SANT KABEER NAGAR,2005,Kharif,Small millets,62,48,0.774193548
Uttar Pradesh,SANT KABEER NAGAR,2005,Kharif,Sugarcane,4031,233024,57.80798809
Uttar Pradesh,SANT KABEER NAGAR,2005,Rabi,Barley,451,900,1.99556541
Uttar Pradesh,SANT KABEER NAGAR,2005,Rabi,Gram,255,228,0.894117647
Uttar Pradesh,SANT KABEER NAGAR,2005,Rabi,Linseed,25,10,0.4
Uttar Pradesh,SANT KABEER NAGAR,2005,Rabi,Potato,3676,82460,22.43199129
Uttar Pradesh,SANT KABEER NAGAR,2005,Rabi,Rapeseed &Mustard,1941,2251,1.159711489
Uttar Pradesh,SANT KABEER NAGAR,2005,Rabi,Turmeric,7,31,4.428571429
Uttar Pradesh,SANT KABEER NAGAR,2005,Rabi,Wheat,84569,179033,2.117005049
Uttar Pradesh,SANT KABEER NAGAR,2005,Whole Year,Banana,172,6554,38.10465116
Uttar Pradesh,SANT KABEER NAGAR,2005,Whole Year,Coriander,18,10,0.555555556
Uttar Pradesh,SANT KABEER NAGAR,2005,Whole Year,Dry chillies,59,54,0.915254237
Uttar Pradesh,SANT KABEER NAGAR,2005,Whole Year,Garlic,2,9,4.5
Uttar Pradesh,SANT KABEER NAGAR,2005,Whole Year,Guar seed,12,10,0.833333333
Uttar Pradesh,SANT KABEER NAGAR,2005,Whole Year,Onion,172,2221,12.9127907
Uttar Pradesh,SANT KABEER NAGAR,2005,Whole Year,Sweet potato,92,1203,13.07608696
Uttar Pradesh,SANT KABEER NAGAR,2006,Kharif,Arhar/Tur,3494,2280,0.652547224
Uttar Pradesh,SANT KABEER NAGAR,2006,Kharif,Bajra,20,33,1.65
Uttar Pradesh,SANT KABEER NAGAR,2006,Kharif,Groundnut,841,608,0.72294887
Uttar Pradesh,SANT KABEER NAGAR,2006,Kharif,Maize,1587,2104,1.325771897
Uttar Pradesh,SANT KABEER NAGAR,2006,Kharif,Other Kharif pulses,62,35,0.564516129
Uttar Pradesh,SANT KABEER NAGAR,2006,Kharif,Rice,85996,121168,1.408995767
Uttar Pradesh,SANT KABEER NAGAR,2006,Kharif,Sannhamp,3,1,0.333333333
Uttar Pradesh,SANT KABEER NAGAR,2006,Kharif,Sesamum,126,21,0.166666667
Uttar Pradesh,SANT KABEER NAGAR,2006,Kharif,Small millets,46,28,0.608695652
Uttar Pradesh,SANT KABEER NAGAR,2006,Kharif,Sugarcane,4475,237694,53.11597765
Uttar Pradesh,SANT KABEER NAGAR,2006,Kharif,Sweet potato,193,2634,13.64766839
Uttar Pradesh,SANT KABEER NAGAR,2006,Rabi,Barley,608,1287,2.116776316
Uttar Pradesh,SANT KABEER NAGAR,2006,Rabi,Garlic,21,92,4.380952381
Uttar Pradesh,SANT KABEER NAGAR,2006,Rabi,Gram,656,478,0.728658537
Uttar Pradesh,SANT KABEER NAGAR,2006,Rabi,Linseed,13,4,0.307692308
Uttar Pradesh,SANT KABEER NAGAR,2006,Rabi,Masoor,1351,952,0.704663212
Uttar Pradesh,SANT KABEER NAGAR,2006,Rabi,Onion,8,154,19.25
Uttar Pradesh,SANT KABEER NAGAR,2006,Rabi,Other  Rabi pulses,2955,2858,0.967174281
Uttar Pradesh,SANT KABEER NAGAR,2006,Rabi,Potato,1615,35267,21.8371517
Uttar Pradesh,SANT KABEER NAGAR,2006,Rabi,Rapeseed &Mustard,2144,2211,1.03125
Uttar Pradesh,SANT KABEER NAGAR,2006,Rabi,Turmeric,6,20,3.333333333
Uttar Pradesh,SANT KABEER NAGAR,2006,Rabi,Wheat,90187,221508,2.456096777
Uttar Pradesh,SANT KABEER NAGAR,2006,Summer,Maize,14,19,1.357142857
Uttar Pradesh,SANT KABEER NAGAR,2006,Summer,Onion,38,443,11.65789474
Uttar Pradesh,SANT KABEER NAGAR,2006,Summer,Rice,77,108,1.402597403
Uttar Pradesh,SANT KABEER NAGAR,2006,Whole Year,Banana,24,932,38.83333333
Uttar Pradesh,SANT KABEER NAGAR,2006,Whole Year,Coriander,21,11,0.523809524
Uttar Pradesh,SANT KABEER NAGAR,2006,Whole Year,Dry chillies,40,38,0.95
Uttar Pradesh,SANT KABEER NAGAR,2006,Whole Year,Guar seed,3,2,0.666666667
Uttar Pradesh,SANT KABEER NAGAR,2007,Kharif,Arhar/Tur,2915,2228,0.76432247
Uttar Pradesh,SANT KABEER NAGAR,2007,Kharif,Bajra,547,853,1.559414991
Uttar Pradesh,SANT KABEER NAGAR,2007,Kharif,Dry chillies,53,51,0.962264151
Uttar Pradesh,SANT KABEER NAGAR,2007,Kharif,Dry ginger,1,2,2
Uttar Pradesh,SANT KABEER NAGAR,2007,Kharif,Groundnut,1299,777,0.598152425
Uttar Pradesh,SANT KABEER NAGAR,2007,Kharif,Maize,1604,2305,1.437032419
Uttar Pradesh,SANT KABEER NAGAR,2007,Kharif,Rice,92217,172907,1.875001355
Uttar Pradesh,SANT KABEER NAGAR,2007,Kharif,Sannhamp,2,1,0.5
Uttar Pradesh,SANT KABEER NAGAR,2007,Kharif,Sesamum,117,18,0.153846154
Uttar Pradesh,SANT KABEER NAGAR,2007,Kharif,Small millets,12,7,0.583333333
Uttar Pradesh,SANT KABEER NAGAR,2007,Kharif,Sugarcane,3994,206442,51.68803205
Uttar Pradesh,SANT KABEER NAGAR,2007,Kharif,Sweet potato,52,700,13.46153846
Uttar Pradesh,SANT KABEER NAGAR,2007,Kharif,Urad,19,8,0.421052632
Uttar Pradesh,SANT KABEER NAGAR,2007,Rabi,Barley,496,1091,2.199596774
Uttar Pradesh,SANT KABEER NAGAR,2007,Rabi,Coriander,26,15,0.576923077
Uttar Pradesh,SANT KABEER NAGAR,2007,Rabi,Gram,442,331,0.748868778
Uttar Pradesh,SANT KABEER NAGAR,2007,Rabi,Linseed,3,1,0.333333333
Uttar Pradesh,SANT KABEER NAGAR,2007,Rabi,Maize,3,8,2.666666667
Uttar Pradesh,SANT KABEER NAGAR,2007,Rabi,Masoor,1255,910,0.725099602
Uttar Pradesh,SANT KABEER NAGAR,2007,Rabi,Onion,13,182,14
Uttar Pradesh,SANT KABEER NAGAR,2007,Rabi,Other  Rabi pulses,3448,3234,0.937935035
Uttar Pradesh,SANT KABEER NAGAR,2007,Rabi,Potato,2107,46303,21.97579497
Uttar Pradesh,SANT KABEER NAGAR,2007,Rabi,Rapeseed &Mustard,2316,2680,1.15716753
Uttar Pradesh,SANT KABEER NAGAR,2007,Rabi,Turmeric,9,28,3.111111111
Uttar Pradesh,SANT KABEER NAGAR,2007,Rabi,Wheat,91295,240928,2.639005422
Uttar Pradesh,SANT KABEER NAGAR,2007,Summer,Maize,69,99,1.434782609
Uttar Pradesh,SANT KABEER NAGAR,2007,Summer,Onion,360,4860,13.5
Uttar Pradesh,SANT KABEER NAGAR,2007,Summer,Sunflower,7,11,1.571428571
Uttar Pradesh,SANT KABEER NAGAR,2008,Kharif,Arhar/Tur,2355,1528,0.648832272
Uttar Pradesh,SANT KABEER NAGAR,2008,Kharif,Dry chillies,49,49,1
Uttar Pradesh,SANT KABEER NAGAR,2008,Kharif,Groundnut,745,532,0.71409396
Uttar Pradesh,SANT KABEER NAGAR,2008,Kharif,Guar seed,12,10,0.833333333
Uttar Pradesh,SANT KABEER NAGAR,2008,Kharif,Maize,1251,1871,1.495603517
Uttar Pradesh,SANT KABEER NAGAR,2008,Kharif,Rice,108544,210033,1.935003317
Uttar Pradesh,SANT KABEER NAGAR,2008,Kharif,Sannhamp,1,1,1
Uttar Pradesh,SANT KABEER NAGAR,2008,Kharif,Sesamum,109,18,0.165137615
Uttar Pradesh,SANT KABEER NAGAR,2008,Kharif,Sugarcane,3355,155457,46.33591654
Uttar Pradesh,SANT KABEER NAGAR,2008,Kharif,Sweet potato,106,1302,12.28301887
Uttar Pradesh,SANT KABEER NAGAR,2008,Kharif,Urad,21,11,0.523809524
Uttar Pradesh,SANT KABEER NAGAR,2008,Rabi,Barley,45,99,2.2
Uttar Pradesh,SANT KABEER NAGAR,2008,Rabi,Coriander,54,32,0.592592593
Uttar Pradesh,SANT KABEER NAGAR,2008,Rabi,Garlic,3,18,6
Uttar Pradesh,SANT KABEER NAGAR,2008,Rabi,Gram,365,360,0.98630137
Uttar Pradesh,SANT KABEER NAGAR,2008,Rabi,Linseed,7,3,0.428571429
Uttar Pradesh,SANT KABEER NAGAR,2008,Rabi,Maize,16,42,2.625
Uttar Pradesh,SANT KABEER NAGAR,2008,Rabi,Masoor,1217,1075,0.883319638
Uttar Pradesh,SANT KABEER NAGAR,2008,Rabi,Onion,25,293,11.72
Uttar Pradesh,SANT KABEER NAGAR,2008,Rabi,Peas & beans (Pulses),3697,4462,1.206924533
Uttar Pradesh,SANT KABEER NAGAR,2008,Rabi,Potato,1950,39973,20.49897436
Uttar Pradesh,SANT KABEER NAGAR,2008,Rabi,Rapeseed &Mustard,2312,2615,1.131055363
Uttar Pradesh,SANT KABEER NAGAR,2008,Rabi,Wheat,92660,250553,2.704003885
Uttar Pradesh,SANT KABEER NAGAR,2008,Summer,Banana,172,6554,38.10465116
Uttar Pradesh,SANT KABEER NAGAR,2008,Summer,Maize,41,61,1.487804878
Uttar Pradesh,SANT KABEER NAGAR,2008,Summer,Rice,65,126,1.938461538
Uttar Pradesh,SANT KABEER NAGAR,2008,Summer,Sunflower,11,21,1.909090909
Uttar Pradesh,SANT KABEER NAGAR,2009,Kharif,Arhar/Tur,2290,1484,0.648034934
Uttar Pradesh,SANT KABEER NAGAR,2009,Kharif,Bajra,27,50,1.851851852
Uttar Pradesh,SANT KABEER NAGAR,2009,Kharif,Dry chillies,27,24,0.888888889
Uttar Pradesh,SANT KABEER NAGAR,2009,Kharif,Groundnut,394,266,0.675126904
Uttar Pradesh,SANT KABEER NAGAR,2009,Kharif,Guar seed,7,6,0.857142857
Uttar Pradesh,SANT KABEER NAGAR,2009,Kharif,Maize,1808,2631,1.455199115
Uttar Pradesh,SANT KABEER NAGAR,2009,Kharif,Rice,86158,166113,1.928004364
Uttar Pradesh,SANT KABEER NAGAR,2009,Kharif,Sannhamp,13,2,0.153846154
Uttar Pradesh,SANT KABEER NAGAR,2009,Kharif,Sesamum,159,17,0.106918239
Uttar Pradesh,SANT KABEER NAGAR,2009,Kharif,Sugarcane,3790,193184,50.97203166
Uttar Pradesh,SANT KABEER NAGAR,2009,Kharif,Sweet potato,27,367,13.59259259
Uttar Pradesh,SANT KABEER NAGAR,2009,Kharif,Urad,8,3,0.375
Uttar Pradesh,SANT KABEER NAGAR,2009,Rabi,Barley,470,1078,2.293617021
Uttar Pradesh,SANT KABEER NAGAR,2009,Rabi,Coriander,77,44,0.571428571
Uttar Pradesh,SANT KABEER NAGAR,2009,Rabi,Garlic,5,26,5.2
Uttar Pradesh,SANT KABEER NAGAR,2009,Rabi,Gram,377,310,0.822281167
Uttar Pradesh,SANT KABEER NAGAR,2009,Rabi,Linseed,5,2,0.4
Uttar Pradesh,SANT KABEER NAGAR,2009,Rabi,Maize,1,3,3
Uttar Pradesh,SANT KABEER NAGAR,2009,Rabi,Masoor,1284,1031,0.802959502
Uttar Pradesh,SANT KABEER NAGAR,2009,Rabi,Onion,2,34,17
Uttar Pradesh,SANT KABEER NAGAR,2009,Rabi,Peas & beans (Pulses),3256,4178,1.283169533
Uttar Pradesh,SANT KABEER NAGAR,2009,Rabi,Potato,1485,36926,24.86599327
Uttar Pradesh,SANT KABEER NAGAR,2009,Rabi,Rapeseed &Mustard,2071,2311,1.115886045
Uttar Pradesh,SANT KABEER NAGAR,2009,Rabi,Turmeric,28,93,3.321428571
Uttar Pradesh,SANT KABEER NAGAR,2009,Rabi,Wheat,91717,252864,2.757002519
Uttar Pradesh,SANT KABEER NAGAR,2009,Summer,Banana,61,2508,41.1147541
Uttar Pradesh,SANT KABEER NAGAR,2009,Summer,Maize,37,54,1.459459459
Uttar Pradesh,SANT KABEER NAGAR,2009,Summer,Onion,100,1390,13.9
Uttar Pradesh,SANT KABEER NAGAR,2009,Summer,Rice,63,121,1.920634921
Uttar Pradesh,SANT KABEER NAGAR,2010,Kharif,Arhar/Tur,3201,2033,0.635114027
Uttar Pradesh,SANT KABEER NAGAR,2010,Kharif,Bajra,42,79,1.880952381
Uttar Pradesh,SANT KABEER NAGAR,2010,Kharif,Dry chillies,7,6,0.857142857
Uttar Pradesh,SANT KABEER NAGAR,2010,Kharif,Groundnut,806,796,0.987593052
Uttar Pradesh,SANT KABEER NAGAR,2010,Kharif,Guar seed,34,28,0.823529412
Uttar Pradesh,SANT KABEER NAGAR,2010,Kharif,Maize,1461,1686,1.154004107
Uttar Pradesh,SANT KABEER NAGAR,2010,Kharif,Rice,90035,173768,1.930004998
Uttar Pradesh,SANT KABEER NAGAR,2010,Kharif,Sesamum,170,34,0.2
Uttar Pradesh,SANT KABEER NAGAR,2010,Kharif,Sugarcane,3877,203574,52.50812484
Uttar Pradesh,SANT KABEER NAGAR,2010,Kharif,Sweet potato,94,1158,12.31914894
Uttar Pradesh,SANT KABEER NAGAR,2010,Kharif,Urad,5,3,0.6
Uttar Pradesh,SANT KABEER NAGAR,2010,Rabi,Barley,535,1389,2.596261682
Uttar Pradesh,SANT KABEER NAGAR,2010,Rabi,Gram,494,440,0.890688259
Uttar Pradesh,SANT KABEER NAGAR,2010,Rabi,Maize,1,3,3
Uttar Pradesh,SANT KABEER NAGAR,2010,Rabi,Masoor,1225,859,0.70122449
Uttar Pradesh,SANT KABEER NAGAR,2010,Rabi,Onion,8,147,18.375
Uttar Pradesh,SANT KABEER NAGAR,2010,Rabi,Peas & beans (Pulses),3576,4166,1.164988814
Uttar Pradesh,SANT KABEER NAGAR,2010,Rabi,Potato,2029,49497,24.39477575
Uttar Pradesh,SANT KABEER NAGAR,2010,Rabi,Rapeseed &Mustard,2261,2704,1.195931004
Uttar Pradesh,SANT KABEER NAGAR,2010,Rabi,Turmeric,17,53,3.117647059
Uttar Pradesh,SANT KABEER NAGAR,2010,Rabi,Wheat,90776,251903,2.774995594
Uttar Pradesh,SANT KABEER NAGAR,2010,Summer,Maize,45,66,1.466666667
Uttar Pradesh,SANT KABEER NAGAR,2011,Kharif,Arhar/Tur,3195,2389,0.747730829
Uttar Pradesh,SANT KABEER NAGAR,2011,Kharif,Bajra,14,29,2.071428571
Uttar Pradesh,SANT KABEER NAGAR,2011,Kharif,Dry chillies,6,5,0.833333333
Uttar Pradesh,SANT KABEER NAGAR,2011,Kharif,Groundnut,1246,1247,1.000802568
Uttar Pradesh,SANT KABEER NAGAR,2011,Kharif,Guar seed,30,25,0.833333333
Uttar Pradesh,SANT KABEER NAGAR,2011,Kharif,Maize,1553,2733,1.759819704
Uttar Pradesh,SANT KABEER NAGAR,2011,Kharif,Rice,90665,190578,2.102001875
Uttar Pradesh,SANT KABEER NAGAR,2011,Kharif,Sesamum,176,38,0.215909091
Uttar Pradesh,SANT KABEER NAGAR,2011,Kharif,Small millets,13,12,0.923076923
Uttar Pradesh,SANT KABEER NAGAR,2011,Kharif,Sugarcane,3737,209586,56.08402462
Uttar Pradesh,SANT KABEER NAGAR,2011,Kharif,Sweet potato,94,1221,12.9893617
Uttar Pradesh,SANT KABEER NAGAR,2011,Kharif,Urad,10,7,0.7
Uttar Pradesh,SANT KABEER NAGAR,2011,Rabi,Barley,536,1441,2.688432836
Uttar Pradesh,SANT KABEER NAGAR,2011,Rabi,Coriander,16,9,0.5625
Uttar Pradesh,SANT KABEER NAGAR,2011,Rabi,Gram,370,436,1.178378378
Uttar Pradesh,SANT KABEER NAGAR,2011,Rabi,Linseed,4,2,0.5
Uttar Pradesh,SANT KABEER NAGAR,2011,Rabi,Maize,6,14,2.333333333
Uttar Pradesh,SANT KABEER NAGAR,2011,Rabi,Masoor,1121,987,0.880463872
Uttar Pradesh,SANT KABEER NAGAR,2011,Rabi,Onion,5,114,22.8
Uttar Pradesh,SANT KABEER NAGAR,2011,Rabi,Peas & beans (Pulses),3931,5629,1.431951157
Uttar Pradesh,SANT KABEER NAGAR,2011,Rabi,Potato,2215,48909,22.08081264
Uttar Pradesh,SANT KABEER NAGAR,2011,Rabi,Rapeseed &Mustard,2237,2548,1.139025481
Uttar Pradesh,SANT KABEER NAGAR,2011,Rabi,Turmeric,9,25,2.777777778
Uttar Pradesh,SANT KABEER NAGAR,2011,Rabi,Wheat,91629,266457,2.907998559
Uttar Pradesh,SANT KABEER NAGAR,2011,Summer,Banana,42,1835,43.69047619
Uttar Pradesh,SANT KABEER NAGAR,2011,Summer,Maize,34,56,1.647058824
Uttar Pradesh,SANT KABEER NAGAR,2011,Summer,Onion,103,1116,10.83495146
Uttar Pradesh,SANT KABEER NAGAR,2011,Summer,Rice,65,137,2.107692308
Uttar Pradesh,SANT KABEER NAGAR,2012,Kharif,Arhar/Tur,3254,2767,0.850338045
Uttar Pradesh,SANT KABEER NAGAR,2012,Kharif,Bajra,10,24,2.4
Uttar Pradesh,SANT KABEER NAGAR,2012,Kharif,Dry chillies,134,108,0.805970149
Uttar Pradesh,SANT KABEER NAGAR,2012,Kharif,Groundnut,1873,1860,0.993059263
Uttar Pradesh,SANT KABEER NAGAR,2012,Kharif,Guar seed,18,14,0.777777778
Uttar Pradesh,SANT KABEER NAGAR,2012,Kharif,Maize,1586,2929,1.846784363
Uttar Pradesh,SANT KABEER NAGAR,2012,Kharif,Rice,87731,200202,2.281998381
Uttar Pradesh,SANT KABEER NAGAR,2012,Kharif,Sesamum,124,23,0.185483871
Uttar Pradesh,SANT KABEER NAGAR,2012,Kharif,Sugarcane,3981,240229,60.34388345
Uttar Pradesh,SANT KABEER NAGAR,2012,Kharif,Urad,3,2,0.666666667
Uttar Pradesh,SANT KABEER NAGAR,2012,Rabi,Barley,48,128,2.666666667
Uttar Pradesh,SANT KABEER NAGAR,2012,Rabi,Coriander,25,13,0.52
Uttar Pradesh,SANT KABEER NAGAR,2012,Rabi,Garlic,5,26,5.2
Uttar Pradesh,SANT KABEER NAGAR,2012,Rabi,Gram,305,338,1.108196721
Uttar Pradesh,SANT KABEER NAGAR,2012,Rabi,Linseed,4,2,0.5
Uttar Pradesh,SANT KABEER NAGAR,2012,Rabi,Masoor,1095,974,0.889497717
Uttar Pradesh,SANT KABEER NAGAR,2012,Rabi,Onion,2,46,23
Uttar Pradesh,SANT KABEER NAGAR,2012,Rabi,Peas & beans (Pulses),3535,5281,1.493917963
Uttar Pradesh,SANT KABEER NAGAR,2012,Rabi,Potato,1932,47048,24.35196687
Uttar Pradesh,SANT KABEER NAGAR,2012,Rabi,Rapeseed &Mustard,2187,2758,1.261088249
Uttar Pradesh,SANT KABEER NAGAR,2012,Rabi,Turmeric,34,96,2.823529412
Uttar Pradesh,SANT KABEER NAGAR,2012,Rabi,Wheat,91860,274110,2.983997387
Uttar Pradesh,SANT KABEER NAGAR,2012,Summer,Banana,29,1295,44.65517241
Uttar Pradesh,SANT KABEER NAGAR,2012,Summer,Maize,19,35,1.842105263
Uttar Pradesh,SANT KABEER NAGAR,2012,Summer,Onion,109,1186,10.88073394
Uttar Pradesh,SANT KABEER NAGAR,2012,Summer,Rice,65,148,2.276923077
Uttar Pradesh,SANT KABEER NAGAR,2013,Kharif,Arhar/Tur,2936,2561,0.872275204
Uttar Pradesh,SANT KABEER NAGAR,2013,Kharif,Bajra,11,21,1.909090909
Uttar Pradesh,SANT KABEER NAGAR,2013,Kharif,Dry chillies,105,85,0.80952381
Uttar Pradesh,SANT KABEER NAGAR,2013,Kharif,Groundnut,700,625,0.892857143
Uttar Pradesh,SANT KABEER NAGAR,2013,Kharif,Maize,1773,3257,1.836999436
Uttar Pradesh,SANT KABEER NAGAR,2013,Kharif,Rice,89987,208230,2.314000911
Uttar Pradesh,SANT KABEER NAGAR,2013,Kharif,Sesamum,543,80,0.14732965
Uttar Pradesh,SANT KABEER NAGAR,2013,Kharif,Small millets,12,8,0.666666667
Uttar Pradesh,SANT KABEER NAGAR,2013,Kharif,Sugarcane,3031,186601,61.56417024
Uttar Pradesh,SANT KABEER NAGAR,2013,Kharif,Sweet potato,89,1176,13.21348315
Uttar Pradesh,SANT KABEER NAGAR,2013,Kharif,Urad,13,6,0.461538462
Uttar Pradesh,SANT KABEER NAGAR,2013,Rabi,Barley,477,1375,2.882599581
Uttar Pradesh,SANT KABEER NAGAR,2013,Rabi,Coriander,23,13,0.565217391
Uttar Pradesh,SANT KABEER NAGAR,2013,Rabi,Garlic,1,6,6
Uttar Pradesh,SANT KABEER NAGAR,2013,Rabi,Gram,401,170,0.42394015
Uttar Pradesh,SANT KABEER NAGAR,2013,Rabi,Linseed,7,3,0.428571429
Uttar Pradesh,SANT KABEER NAGAR,2013,Rabi,Maize,151,536,3.549668874
Uttar Pradesh,SANT KABEER NAGAR,2013,Rabi,Masoor,1139,787,0.69095698
Uttar Pradesh,SANT KABEER NAGAR,2013,Rabi,Onion,19,386,20.31578947
Uttar Pradesh,SANT KABEER NAGAR,2013,Rabi,Peas & beans (Pulses),3905,3874,0.99206146
Uttar Pradesh,SANT KABEER NAGAR,2013,Rabi,Potato,2250,47621,21.16488889
Uttar Pradesh,SANT KABEER NAGAR,2013,Rabi,Rapeseed &Mustard,2895,2941,1.015889465
Uttar Pradesh,SANT KABEER NAGAR,2013,Rabi,Turmeric,34,98,2.882352941
Uttar Pradesh,SANT KABEER NAGAR,2013,Rabi,Wheat,92210,304201,3.299002277
Uttar Pradesh,SANT KABEER NAGAR,2013,Summer,Banana,31,1350,43.5483871
Uttar Pradesh,SANT KABEER NAGAR,2013,Summer,Maize,34,63,1.852941176
Uttar Pradesh,SANT KABEER NAGAR,2013,Summer,Onion,139,1870,13.45323741
Uttar Pradesh,SANT KABEER NAGAR,2013,Summer,Rice,67,155,2.313432836
Uttar Pradesh,SANT KABEER NAGAR,2014,Kharif,Arhar/Tur,3270,2070,0.633027523
Uttar Pradesh,SANT KABEER NAGAR,2014,Kharif,Bajra,22,42,1.909090909
Uttar Pradesh,SANT KABEER NAGAR,2014,Kharif,Dry chillies,134,110,0.820895522
Uttar Pradesh,SANT KABEER NAGAR,2014,Kharif,Groundnut,818,707,0.864303178
Uttar Pradesh,SANT KABEER NAGAR,2014,Kharif,Guar seed,14,12,0.857142857
Uttar Pradesh,SANT KABEER NAGAR,2014,Kharif,Maize,1425,2534,1.778245614
Uttar Pradesh,SANT KABEER NAGAR,2014,Kharif,Rice,90918,162561,1.787995776
Uttar Pradesh,SANT KABEER NAGAR,2014,Kharif,Sesamum,147,29,0.197278912
Uttar Pradesh,SANT KABEER NAGAR,2014,Kharif,Sugarcane,3606,226168,62.71991126
Uttar Pradesh,SANT KABEER NAGAR,2014,Kharif,Sweet potato,47,582,12.38297872
Uttar Pradesh,SANT KABEER NAGAR,2014,Kharif,Urad,3,2,0.666666667
Uttar Pradesh,SANT KABEER NAGAR,2014,Rabi,Barley,324,556,1.716049383
Uttar Pradesh,SANT KABEER NAGAR,2014,Rabi,Coriander,29,14,0.482758621
Uttar Pradesh,SANT KABEER NAGAR,2014,Rabi,Garlic,6,35,5.833333333
Uttar Pradesh,SANT KABEER NAGAR,2014,Rabi,Gram,402,121,0.300995025
Uttar Pradesh,SANT KABEER NAGAR,2014,Rabi,Linseed,5,3,0.6
Uttar Pradesh,SANT KABEER NAGAR,2014,Rabi,Masoor,1365,733,0.536996337
Uttar Pradesh,SANT KABEER NAGAR,2014,Rabi,Onion,2,31,15.5
Uttar Pradesh,SANT KABEER NAGAR,2014,Rabi,Peas & beans (Pulses),3386,2556,0.754873006
Uttar Pradesh,SANT KABEER NAGAR,2014,Rabi,Potato,2107,47532,22.55908875
Uttar Pradesh,SANT KABEER NAGAR,2014,Rabi,Rapeseed &Mustard,2167,1690,0.779880018
Uttar Pradesh,SANT KABEER NAGAR,2014,Rabi,Turmeric,34,96,2.823529412
Uttar Pradesh,SANT KABEER NAGAR,2014,Rabi,Wheat,90522,224042,2.475000552
Uttar Pradesh,SANT KABEER NAGAR,2014,Summer,Banana,58,2616,45.10344828
Uttar Pradesh,SANT KABEER NAGAR,2014,Summer,Maize,22,39,1.772727273
Uttar Pradesh,SANT KABEER NAGAR,2014,Summer,Onion,100,1512,15.12
Uttar Pradesh,SANT KABEER NAGAR,2014,Summer,Rice,60,107,1.783333333
Uttar Pradesh,SANT RAVIDAS NAGAR,1997,Kharif,Arhar/Tur,4780,2869,0.600209205
Uttar Pradesh,SANT RAVIDAS NAGAR,1997,Kharif,Bajra,8781,12861,1.464639563
Uttar Pradesh,SANT RAVIDAS NAGAR,1997,Kharif,Jowar,1717,1220,0.710541642
Uttar Pradesh,SANT RAVIDAS NAGAR,1997,Kharif,Maize,1085,1246,1.148387097
Uttar Pradesh,SANT RAVIDAS NAGAR,1997,Kharif,Moong(Green Gram),9,3,0.333333333
Uttar Pradesh,SANT RAVIDAS NAGAR,1997,Kharif,Rice,25492,58265,2.285619018
Uttar Pradesh,SANT RAVIDAS NAGAR,1997,Kharif,Sesamum,601,44,0.073211314
Uttar Pradesh,SANT RAVIDAS NAGAR,1997,Kharif,Small millets,1,2,2
Uttar Pradesh,SANT RAVIDAS NAGAR,1997,Kharif,Urad,865,508,0.587283237
Uttar Pradesh,SANT RAVIDAS NAGAR,1997,Rabi,Barley,632,948,1.5
Uttar Pradesh,SANT RAVIDAS NAGAR,1997,Rabi,Gram,2331,1022,0.438438438
Uttar Pradesh,SANT RAVIDAS NAGAR,1997,Rabi,Linseed,13,5,0.384615385
Uttar Pradesh,SANT RAVIDAS NAGAR,1997,Rabi,Masoor,2,1,0.5
Uttar Pradesh,SANT RAVIDAS NAGAR,1997,Rabi,Peas & beans (Pulses),1429,1856,1.298810357
Uttar Pradesh,SANT RAVIDAS NAGAR,1997,Rabi,Rapeseed &Mustard,190,75,0.394736842
Uttar Pradesh,SANT RAVIDAS NAGAR,1997,Rabi,Wheat,44792,131500,2.935792106
Uttar Pradesh,SANT RAVIDAS NAGAR,1997,Summer,Moong(Green Gram),25,10,0.4
Uttar Pradesh,SANT RAVIDAS NAGAR,1997,Summer,Urad,23,11,0.47826087
Uttar Pradesh,SANT RAVIDAS NAGAR,1997,Whole Year,Potato,1397,20326,14.54974946
Uttar Pradesh,SANT RAVIDAS NAGAR,1997,Whole Year,Sugarcane,2079,90138,43.35642136
Uttar Pradesh,SANT RAVIDAS NAGAR,1998,Kharif,Arhar/Tur,4816,4554,0.945598007
Uttar Pradesh,SANT RAVIDAS NAGAR,1998,Kharif,Bajra,9012,12483,1.385153129
Uttar Pradesh,SANT RAVIDAS NAGAR,1998,Kharif,Jowar,1738,3502,2.014959724
Uttar Pradesh,SANT RAVIDAS NAGAR,1998,Kharif,Maize,1094,1273,1.163619744
Uttar Pradesh,SANT RAVIDAS NAGAR,1998,Kharif,Moong(Green Gram),10,2,0.2
Uttar Pradesh,SANT RAVIDAS NAGAR,1998,Kharif,Rice,25915,54970,2.121165348
Uttar Pradesh,SANT RAVIDAS NAGAR,1998,Kharif,Sesamum,508,56,0.11023622
Uttar Pradesh,SANT RAVIDAS NAGAR,1998,Kharif,Urad,862,354,0.410672854
Uttar Pradesh,SANT RAVIDAS NAGAR,1998,Rabi,Barley,484,552,1.140495868
Uttar Pradesh,SANT RAVIDAS NAGAR,1998,Rabi,Gram,2048,1843,0.899902344
Uttar Pradesh,SANT RAVIDAS NAGAR,1998,Rabi,Linseed,10,3,0.3
Uttar Pradesh,SANT RAVIDAS NAGAR,1998,Rabi,Masoor,7,6,0.857142857
Uttar Pradesh,SANT RAVIDAS NAGAR,1998,Rabi,Peas & beans (Pulses),1510,1594,1.055629139
Uttar Pradesh,SANT RAVIDAS NAGAR,1998,Rabi,Rapeseed &Mustard,170,87,0.511764706
Uttar Pradesh,SANT RAVIDAS NAGAR,1998,Rabi,Wheat,45432,89822,1.977064624
Uttar Pradesh,SANT RAVIDAS NAGAR,1998,Summer,Moong(Green Gram),26,13,0.5
Uttar Pradesh,SANT RAVIDAS NAGAR,1998,Summer,Urad,27,13,0.481481481
Uttar Pradesh,SANT RAVIDAS NAGAR,1998,Whole Year,Onion,46,559,12.15217391
Uttar Pradesh,SANT RAVIDAS NAGAR,1998,Whole Year,Potato,1384,29070,21.00433526
Uttar Pradesh,SANT RAVIDAS NAGAR,1998,Whole Year,Sannhamp,451,164,0.363636364
Uttar Pradesh,SANT RAVIDAS NAGAR,1998,Whole Year,Sugarcane,2078,85838,41.30798845
Uttar Pradesh,SANT RAVIDAS NAGAR,1999,Kharif,Arhar/Tur,3879,4258,1.097705594
Uttar Pradesh,SANT RAVIDAS NAGAR,1999,Kharif,Bajra,8741,16968,1.941196659
Uttar Pradesh,SANT RAVIDAS NAGAR,1999,Kharif,Jowar,1395,1336,0.957706093
Uttar Pradesh,SANT RAVIDAS NAGAR,1999,Kharif,Maize,959,1604,1.6725756
Uttar Pradesh,SANT RAVIDAS NAGAR,1999,Kharif,Moong(Green Gram),8,2,0.25
Uttar Pradesh,SANT RAVIDAS NAGAR,1999,Kharif,Rice,28176,71301,2.530557922
Uttar Pradesh,SANT RAVIDAS NAGAR,1999,Kharif,Urad,789,428,0.542458809
Uttar Pradesh,SANT RAVIDAS NAGAR,1999,Rabi,Barley,507,792,1.562130178
Uttar Pradesh,SANT RAVIDAS NAGAR,1999,Rabi,Gram,1911,2671,1.397697541
Uttar Pradesh,SANT RAVIDAS NAGAR,1999,Rabi,Linseed,8,3,0.375
Uttar Pradesh,SANT RAVIDAS NAGAR,1999,Rabi,Rapeseed &Mustard,172,64,0.372093023
Uttar Pradesh,SANT RAVIDAS NAGAR,1999,Rabi,Wheat,47071,119380,2.536168766
Uttar Pradesh,SANT RAVIDAS NAGAR,1999,Summer,Moong(Green Gram),24,13,0.541666667
Uttar Pradesh,SANT RAVIDAS NAGAR,1999,Summer,Urad,24,12,0.5
Uttar Pradesh,SANT RAVIDAS NAGAR,1999,Whole Year,Onion,60,846,14.1
Uttar Pradesh,SANT RAVIDAS NAGAR,1999,Whole Year,Peas & beans (Pulses),1427,1480,1.037140855
Uttar Pradesh,SANT RAVIDAS NAGAR,1999,Whole Year,Potato,1464,30620,20.91530055
Uttar Pradesh,SANT RAVIDAS NAGAR,1999,Whole Year,Sugarcane,1993,62385,31.3020572
Uttar Pradesh,SANT RAVIDAS NAGAR,2000,Kharif,Arhar/Tur,4356,7192,1.651056015
Uttar Pradesh,SANT RAVIDAS NAGAR,2000,Kharif,Bajra,9309,9945,1.06832098
Uttar Pradesh,SANT RAVIDAS NAGAR,2000,Kharif,Jowar,1629,2591,1.590546347
Uttar Pradesh,SANT RAVIDAS NAGAR,2000,Kharif,Maize,969,926,0.955624355
Uttar Pradesh,SANT RAVIDAS NAGAR,2000,Kharif,Moong(Green Gram),7,2,0.285714286
Uttar Pradesh,SANT RAVIDAS NAGAR,2000,Kharif,Rice,27806,56897,2.046213048
Uttar Pradesh,SANT RAVIDAS NAGAR,2000,Kharif,Sesamum,357,51,0.142857143
Uttar Pradesh,SANT RAVIDAS NAGAR,2000,Kharif,Small millets,65,20,0.307692308
Uttar Pradesh,SANT RAVIDAS NAGAR,2000,Kharif,Urad,920,466,0.506521739
Uttar Pradesh,SANT RAVIDAS NAGAR,2000,Rabi,Barley,422,525,1.244075829
Uttar Pradesh,SANT RAVIDAS NAGAR,2000,Rabi,Gram,1831,1287,0.702894593
Uttar Pradesh,SANT RAVIDAS NAGAR,2000,Rabi,Linseed,13,5,0.384615385
Uttar Pradesh,SANT RAVIDAS NAGAR,2000,Rabi,Masoor,13,10,0.769230769
Uttar Pradesh,SANT RAVIDAS NAGAR,2000,Rabi,Moong(Green Gram),23,10,0.434782609
Uttar Pradesh,SANT RAVIDAS NAGAR,2000,Rabi,Peas & beans (Pulses),1430,1700,1.188811189
Uttar Pradesh,SANT RAVIDAS NAGAR,2000,Rabi,Rapeseed &Mustard,170,48,0.282352941
Uttar Pradesh,SANT RAVIDAS NAGAR,2000,Rabi,Urad,17,8,0.470588235
Uttar Pradesh,SANT RAVIDAS NAGAR,2000,Rabi,Wheat,47490,115353,2.428995578
Uttar Pradesh,SANT RAVIDAS NAGAR,2000,Whole Year,Potato,1448,31488,21.74585635
Uttar Pradesh,SANT RAVIDAS NAGAR,2000,Whole Year,Sugarcane,1544,55627,36.02784974
Uttar Pradesh,SANT RAVIDAS NAGAR,2001,Kharif,Arhar/Tur,4473,4420,0.988151129
Uttar Pradesh,SANT RAVIDAS NAGAR,2001,Kharif,Bajra,8931,13915,1.558056209
Uttar Pradesh,SANT RAVIDAS NAGAR,2001,Kharif,Jowar,1624,1821,1.121305419
Uttar Pradesh,SANT RAVIDAS NAGAR,2001,Kharif,Maize,929,484,0.520990312
Uttar Pradesh,SANT RAVIDAS NAGAR,2001,Kharif,Moong(Green Gram),3,1,0.333333333
Uttar Pradesh,SANT RAVIDAS NAGAR,2001,Kharif,Rice,28129,58604,2.083401472
Uttar Pradesh,SANT RAVIDAS NAGAR,2001,Kharif,Sesamum,427,58,0.135831382
Uttar Pradesh,SANT RAVIDAS NAGAR,2001,Kharif,Small millets,4,6,1.5
Uttar Pradesh,SANT RAVIDAS NAGAR,2001,Kharif,Urad,774,298,0.38501292
Uttar Pradesh,SANT RAVIDAS NAGAR,2001,Rabi,Barley,530,715,1.349056604
Uttar Pradesh,SANT RAVIDAS NAGAR,2001,Rabi,Gram,1306,1206,0.923430322
Uttar Pradesh,SANT RAVIDAS NAGAR,2001,Rabi,Linseed,6,2,0.333333333
Uttar Pradesh,SANT RAVIDAS NAGAR,2001,Rabi,Masoor,5,11,2.2
Uttar Pradesh,SANT RAVIDAS NAGAR,2001,Rabi,Peas & beans (Pulses),1090,1188,1.089908257
Uttar Pradesh,SANT RAVIDAS NAGAR,2001,Rabi,Rapeseed &Mustard,165,81,0.490909091
Uttar Pradesh,SANT RAVIDAS NAGAR,2001,Rabi,Urad,18,9,0.5
Uttar Pradesh,SANT RAVIDAS NAGAR,2001,Rabi,Wheat,45282,104577,2.309460713
Uttar Pradesh,SANT RAVIDAS NAGAR,2001,Whole Year,Potato,1136,28016,24.66197183
Uttar Pradesh,SANT RAVIDAS NAGAR,2001,Whole Year,Sugarcane,1549,48490,31.30406714
Uttar Pradesh,SANT RAVIDAS NAGAR,2002,Kharif,Bajra,8657,15037,1.736975858
Uttar Pradesh,SANT RAVIDAS NAGAR,2002,Kharif,Jowar,1424,1192,0.837078652
Uttar Pradesh,SANT RAVIDAS NAGAR,2002,Kharif,Maize,699,520,0.743919886
Uttar Pradesh,SANT RAVIDAS NAGAR,2002,Kharif,Moong(Green Gram),3,1,0.333333333
Uttar Pradesh,SANT RAVIDAS NAGAR,2002,Kharif,Rice,28652,65832,2.297640653
Uttar Pradesh,SANT RAVIDAS NAGAR,2002,Kharif,Sesamum,202,19,0.094059406
Uttar Pradesh,SANT RAVIDAS NAGAR,2002,Kharif,Small millets,2,3,1.5
Uttar Pradesh,SANT RAVIDAS NAGAR,2002,Kharif,Urad,671,237,0.353204173
Uttar Pradesh,SANT RAVIDAS NAGAR,2002,Rabi,Barley,266,256,0.962406015
Uttar Pradesh,SANT RAVIDAS NAGAR,2002,Rabi,Gram,1201,1244,1.035803497
Uttar Pradesh,SANT RAVIDAS NAGAR,2002,Rabi,Linseed,3,1,0.333333333
Uttar Pradesh,SANT RAVIDAS NAGAR,2002,Rabi,Masoor,6,9,1.5
Uttar Pradesh,SANT RAVIDAS NAGAR,2002,Rabi,Onion,2,21,10.5
Uttar Pradesh,SANT RAVIDAS NAGAR,2002,Rabi,Peas & beans (Pulses),1140,1057,0.927192982
Uttar Pradesh,SANT RAVIDAS NAGAR,2002,Rabi,Ragi,2,3,1.5
Uttar Pradesh,SANT RAVIDAS NAGAR,2002,Rabi,Rapeseed &Mustard,99,46,0.464646465
Uttar Pradesh,SANT RAVIDAS NAGAR,2002,Rabi,Wheat,46202,96504,2.088740747
Uttar Pradesh,SANT RAVIDAS NAGAR,2002,Summer,Moong(Green Gram),26,15,0.576923077
Uttar Pradesh,SANT RAVIDAS NAGAR,2002,Summer,Onion,44,492,11.18181818
Uttar Pradesh,SANT RAVIDAS NAGAR,2002,Summer,Urad,12,6,0.5
Uttar Pradesh,SANT RAVIDAS NAGAR,2002,Whole Year,Potato,1238,28720,23.19870759
Uttar Pradesh,SANT RAVIDAS NAGAR,2002,Whole Year,Sannhamp,81,25,0.308641975
Uttar Pradesh,SANT RAVIDAS NAGAR,2002,Whole Year,Sugarcane,1213,42261,34.84006595
Uttar Pradesh,SANT RAVIDAS NAGAR,2003,Kharif,Arhar/Tur,3656,2688,0.735229759
Uttar Pradesh,SANT RAVIDAS NAGAR,2003,Kharif,Bajra,8188,8318,1.015876893
Uttar Pradesh,SANT RAVIDAS NAGAR,2003,Kharif,Jowar,1276,1332,1.043887147
Uttar Pradesh,SANT RAVIDAS NAGAR,2003,Kharif,Maize,658,751,1.141337386
Uttar Pradesh,SANT RAVIDAS NAGAR,2003,Kharif,Moong(Green Gram),3,1,0.333333333
Uttar Pradesh,SANT RAVIDAS NAGAR,2003,Kharif,Rice,29014,78633,2.710174399
Uttar Pradesh,SANT RAVIDAS NAGAR,2003,Kharif,Sesamum,159,33,0.20754717
Uttar Pradesh,SANT RAVIDAS NAGAR,2003,Kharif,Urad,627,393,0.626794258
Uttar Pradesh,SANT RAVIDAS NAGAR,2003,Rabi,Barley,260,292,1.123076923
Uttar Pradesh,SANT RAVIDAS NAGAR,2003,Rabi,Gram,986,995,1.009127789
Uttar Pradesh,SANT RAVIDAS NAGAR,2003,Rabi,Linseed,1,0,0
Uttar Pradesh,SANT RAVIDAS NAGAR,2003,Rabi,Masoor,6,7,1.166666667
Uttar Pradesh,SANT RAVIDAS NAGAR,2003,Rabi,Onion,4,58,14.5
Uttar Pradesh,SANT RAVIDAS NAGAR,2003,Rabi,Peas & beans (Pulses),1029,1225,1.19047619
Uttar Pradesh,SANT RAVIDAS NAGAR,2003,Rabi,Ragi,2,3,1.5
Uttar Pradesh,SANT RAVIDAS NAGAR,2003,Rabi,Rapeseed &Mustard,92,46,0.5
Uttar Pradesh,SANT RAVIDAS NAGAR,2003,Rabi,Wheat,46434,101931,2.195180256
Uttar Pradesh,SANT RAVIDAS NAGAR,2003,Summer,Moong(Green Gram),16,9,0.5625
Uttar Pradesh,SANT RAVIDAS NAGAR,2003,Summer,Onion,7,69,9.857142857
Uttar Pradesh,SANT RAVIDAS NAGAR,2003,Summer,Urad,19,9,0.473684211
Uttar Pradesh,SANT RAVIDAS NAGAR,2003,Whole Year,Potato,1107,23153,20.91508582
Uttar Pradesh,SANT RAVIDAS NAGAR,2003,Whole Year,Sannhamp,55,17,0.309090909
Uttar Pradesh,SANT RAVIDAS NAGAR,2003,Whole Year,Sugarcane,1080,38597,35.73796296
Uttar Pradesh,SANT RAVIDAS NAGAR,2004,Kharif,Bajra,9037,9220,1.020250083
Uttar Pradesh,SANT RAVIDAS NAGAR,2004,Kharif,Jowar,1393,669,0.480258435
Uttar Pradesh,SANT RAVIDAS NAGAR,2004,Kharif,Maize,622,364,0.585209003
Uttar Pradesh,SANT RAVIDAS NAGAR,2004,Kharif,Rice,26519,16851,0.6354312
Uttar Pradesh,SANT RAVIDAS NAGAR,2004,Kharif,Sannhamp,41,11,0.268292683
Uttar Pradesh,SANT RAVIDAS NAGAR,2004,Kharif,Sesamum,266,38,0.142857143
Uttar Pradesh,SANT RAVIDAS NAGAR,2004,Kharif,Soyabean,1,1,1
Uttar Pradesh,SANT RAVIDAS NAGAR,2004,Kharif,Sugarcane,1079,46437,43.03707136
Uttar Pradesh,SANT RAVIDAS NAGAR,2004,Rabi,Barley,247,174,0.704453441
Uttar Pradesh,SANT RAVIDAS NAGAR,2004,Rabi,Gram,967,790,0.816959669
Uttar Pradesh,SANT RAVIDAS NAGAR,2004,Rabi,Linseed,4,1,0.25
Uttar Pradesh,SANT RAVIDAS NAGAR,2004,Rabi,Potato,1055,15945,15.11374408
Uttar Pradesh,SANT RAVIDAS NAGAR,2004,Rabi,Rapeseed &Mustard,112,59,0.526785714
Uttar Pradesh,SANT RAVIDAS NAGAR,2004,Rabi,Wheat,46740,73047,1.56283697
Uttar Pradesh,SANT RAVIDAS NAGAR,2004,Whole Year,Guar seed,57,49,0.859649123
Uttar Pradesh,SANT RAVIDAS NAGAR,2004,Whole Year,Onion,7,81,11.57142857
Uttar Pradesh,SANT RAVIDAS NAGAR,2005,Kharif,Bajra,8086,8024,0.992332426
Uttar Pradesh,SANT RAVIDAS NAGAR,2005,Kharif,Jowar,1329,1607,1.209179834
Uttar Pradesh,SANT RAVIDAS NAGAR,2005,Kharif,Maize,630,495,0.785714286
Uttar Pradesh,SANT RAVIDAS NAGAR,2005,Kharif,Rice,30057,49895,1.660012643
Uttar Pradesh,SANT RAVIDAS NAGAR,2005,Kharif,Sannhamp,60,21,0.35
Uttar Pradesh,SANT RAVIDAS NAGAR,2005,Kharif,Sesamum,185,23,0.124324324
Uttar Pradesh,SANT RAVIDAS NAGAR,2005,Kharif,Sugarcane,1197,42316,35.35171261
Uttar Pradesh,SANT RAVIDAS NAGAR,2005,Rabi,Barley,393,269,0.684478372
Uttar Pradesh,SANT RAVIDAS NAGAR,2005,Rabi,Gram,2141,1550,0.723960766
Uttar Pradesh,SANT RAVIDAS NAGAR,2005,Rabi,Linseed,10,4,0.4
Uttar Pradesh,SANT RAVIDAS NAGAR,2005,Rabi,Potato,1286,28847,22.43157076
Uttar Pradesh,SANT RAVIDAS NAGAR,2005,Rabi,Rapeseed &Mustard,110,50,0.454545455
Uttar Pradesh,SANT RAVIDAS NAGAR,2005,Rabi,Wheat,47416,97772,2.062004387
Uttar Pradesh,SANT RAVIDAS NAGAR,2005,Whole Year,Dry chillies,3,3,1
Uttar Pradesh,SANT RAVIDAS NAGAR,2005,Whole Year,Guar seed,61,49,0.803278689
Uttar Pradesh,SANT RAVIDAS NAGAR,2005,Whole Year,Onion,16,206,12.875
Uttar Pradesh,SANT RAVIDAS NAGAR,2006,Kharif,Arhar/Tur,2621,2333,0.890118275
Uttar Pradesh,SANT RAVIDAS NAGAR,2006,Kharif,Bajra,6508,5929,0.911032575
Uttar Pradesh,SANT RAVIDAS NAGAR,2006,Kharif,Jowar,505,566,1.120792079
Uttar Pradesh,SANT RAVIDAS NAGAR,2006,Kharif,Maize,135,88,0.651851852
Uttar Pradesh,SANT RAVIDAS NAGAR,2006,Kharif,Other Kharif pulses,709,351,0.49506347
Uttar Pradesh,SANT RAVIDAS NAGAR,2006,Kharif,Rice,33388,52553,1.574008626
Uttar Pradesh,SANT RAVIDAS NAGAR,2006,Kharif,Sannhamp,35,10,0.285714286
Uttar Pradesh,SANT RAVIDAS NAGAR,2006,Kharif,Sesamum,235,25,0.106382979
Uttar Pradesh,SANT RAVIDAS NAGAR,2006,Kharif,Sugarcane,1223,52956,43.30008177
Uttar Pradesh,SANT RAVIDAS NAGAR,2006,Kharif,Sweet potato,39,532,13.64102564
Uttar Pradesh,SANT RAVIDAS NAGAR,2006,Rabi,Barley,1759,1848,1.05059693
Uttar Pradesh,SANT RAVIDAS NAGAR,2006,Rabi,Garlic,8,35,4.375
Uttar Pradesh,SANT RAVIDAS NAGAR,2006,Rabi,Gram,1646,1724,1.047387606
Uttar Pradesh,SANT RAVIDAS NAGAR,2006,Rabi,Linseed,32,16,0.5
Uttar Pradesh,SANT RAVIDAS NAGAR,2006,Rabi,Masoor,1,1,1
Uttar Pradesh,SANT RAVIDAS NAGAR,2006,Rabi,Onion,2,38,19
Uttar Pradesh,SANT RAVIDAS NAGAR,2006,Rabi,Other  Rabi pulses,2712,2943,1.085176991
Uttar Pradesh,SANT RAVIDAS NAGAR,2006,Rabi,Potato,1401,30593,21.83654532
Uttar Pradesh,SANT RAVIDAS NAGAR,2006,Rabi,Rapeseed &Mustard,288,153,0.53125
Uttar Pradesh,SANT RAVIDAS NAGAR,2006,Rabi,Wheat,37926,92691,2.443996203
Uttar Pradesh,SANT RAVIDAS NAGAR,2006,Summer,Onion,6,70,11.66666667
Uttar Pradesh,SANT RAVIDAS NAGAR,2006,Summer,Sunflower,3,4,1.333333333
Uttar Pradesh,SANT RAVIDAS NAGAR,2006,Whole Year,Dry chillies,2,2,1
Uttar Pradesh,SANT RAVIDAS NAGAR,2006,Whole Year,Guar seed,67,56,0.835820896
Uttar Pradesh,SANT RAVIDAS NAGAR,2007,Kharif,Arhar/Tur,4135,3269,0.790568319
Uttar Pradesh,SANT RAVIDAS NAGAR,2007,Kharif,Bajra,9012,7541,0.836773191
Uttar Pradesh,SANT RAVIDAS NAGAR,2007,Kharif,Guar seed,16,13,0.8125
Uttar Pradesh,SANT RAVIDAS NAGAR,2007,Kharif,Jowar,1467,1270,0.865712338
Uttar Pradesh,SANT RAVIDAS NAGAR,2007,Kharif,Maize,649,513,0.790446841
Uttar Pradesh,SANT RAVIDAS NAGAR,2007,Kharif,Moong(Green Gram),4,1,0.25
Uttar Pradesh,SANT RAVIDAS NAGAR,2007,Kharif,Rice,25758,43016,1.670005435
Uttar Pradesh,SANT RAVIDAS NAGAR,2007,Kharif,Sannhamp,41,8,0.195121951
Uttar Pradesh,SANT RAVIDAS NAGAR,2007,Kharif,Sesamum,313,40,0.127795527
Uttar Pradesh,SANT RAVIDAS NAGAR,2007,Kharif,Sugarcane,977,55896,57.21187308
Uttar Pradesh,SANT RAVIDAS NAGAR,2007,Kharif,Urad,663,314,0.473604827
Uttar Pradesh,SANT RAVIDAS NAGAR,2007,Rabi,Barley,222,157,0.707207207
Uttar Pradesh,SANT RAVIDAS NAGAR,2007,Rabi,Gram,755,645,0.854304636
Uttar Pradesh,SANT RAVIDAS NAGAR,2007,Rabi,Linseed,3,1,0.333333333
Uttar Pradesh,SANT RAVIDAS NAGAR,2007,Rabi,Onion,5,70,14
Uttar Pradesh,SANT RAVIDAS NAGAR,2007,Rabi,Other  Rabi pulses,1017,1182,1.162241888
Uttar Pradesh,SANT RAVIDAS NAGAR,2007,Rabi,Potato,1065,23404,21.97558685
Uttar Pradesh,SANT RAVIDAS NAGAR,2007,Rabi,Rapeseed &Mustard,124,56,0.451612903
Uttar Pradesh,SANT RAVIDAS NAGAR,2007,Rabi,Wheat,47158,103606,2.196997328
Uttar Pradesh,SANT RAVIDAS NAGAR,2007,Summer,Moong(Green Gram),31,20,0.64516129
Uttar Pradesh,SANT RAVIDAS NAGAR,2007,Summer,Onion,31,418,13.48387097
Uttar Pradesh,SANT RAVIDAS NAGAR,2007,Summer,Urad,11,6,0.545454545
Uttar Pradesh,SANT RAVIDAS NAGAR,2008,Kharif,Arhar/Tur,3148,3153,1.00158831
Uttar Pradesh,SANT RAVIDAS NAGAR,2008,Kharif,Bajra,6589,5773,0.876157232
Uttar Pradesh,SANT RAVIDAS NAGAR,2008,Kharif,Dry chillies,1,1,1
Uttar Pradesh,SANT RAVIDAS NAGAR,2008,Kharif,Guar seed,41,34,0.829268293
Uttar Pradesh,SANT RAVIDAS NAGAR,2008,Kharif,Jowar,1133,1259,1.111209179
Uttar Pradesh,SANT RAVIDAS NAGAR,2008,Kharif,Maize,514,298,0.579766537
Uttar Pradesh,SANT RAVIDAS NAGAR,2008,Kharif,Moong(Green Gram),2,1,0.5
Uttar Pradesh,SANT RAVIDAS NAGAR,2008,Kharif,Rice,27762,55274,1.990994885
Uttar Pradesh,SANT RAVIDAS NAGAR,2008,Kharif,Sannhamp,29,9,0.310344828
Uttar Pradesh,SANT RAVIDAS NAGAR,2008,Kharif,Sesamum,259,34,0.131274131
Uttar Pradesh,SANT RAVIDAS NAGAR,2008,Kharif,Sugarcane,785,41073,52.32229299
Uttar Pradesh,SANT RAVIDAS NAGAR,2008,Kharif,Urad,551,288,0.522686025
Uttar Pradesh,SANT RAVIDAS NAGAR,2008,Rabi,Barley,190,203,1.068421053
Uttar Pradesh,SANT RAVIDAS NAGAR,2008,Rabi,Gram,838,693,0.826968974
Uttar Pradesh,SANT RAVIDAS NAGAR,2008,Rabi,Linseed,2,1,0.5
Uttar Pradesh,SANT RAVIDAS NAGAR,2008,Rabi,Onion,2,23,11.5
Uttar Pradesh,SANT RAVIDAS NAGAR,2008,Rabi,Peas & beans (Pulses),1031,1113,1.079534433
Uttar Pradesh,SANT RAVIDAS NAGAR,2008,Rabi,Potato,1280,26239,20.49921875
Uttar Pradesh,SANT RAVIDAS NAGAR,2008,Rabi,Rapeseed &Mustard,107,60,0.560747664
Uttar Pradesh,SANT RAVIDAS NAGAR,2008,Rabi,Wheat,46622,121539,2.606902321
Uttar Pradesh,SANT RAVIDAS NAGAR,2008,Summer,Moong(Green Gram),33,25,0.757575758
Uttar Pradesh,SANT RAVIDAS NAGAR,2008,Summer,Sunflower,9,17,1.888888889
Uttar Pradesh,SANT RAVIDAS NAGAR,2008,Summer,Urad,14,9,0.642857143
Uttar Pradesh,SANT RAVIDAS NAGAR,2009,Kharif,Arhar/Tur,3762,844,0.224348751
Uttar Pradesh,SANT RAVIDAS NAGAR,2009,Kharif,Bajra,7930,8947,1.128247163
Uttar Pradesh,SANT RAVIDAS NAGAR,2009,Kharif,Dry chillies,1,1,1
Uttar Pradesh,SANT RAVIDAS NAGAR,2009,Kharif,Guar seed,48,40,0.833333333
Uttar Pradesh,SANT RAVIDAS NAGAR,2009,Kharif,Jowar,1348,1356,1.005934718
Uttar Pradesh,SANT RAVIDAS NAGAR,2009,Kharif,Maize,524,358,0.683206107
Uttar Pradesh,SANT RAVIDAS NAGAR,2009,Kharif,Rice,22857,44320,1.939012119
Uttar Pradesh,SANT RAVIDAS NAGAR,2009,Kharif,Sannhamp,33,6,0.181818182
Uttar Pradesh,SANT RAVIDAS NAGAR,2009,Kharif,Sesamum,259,34,0.131274131
Uttar Pradesh,SANT RAVIDAS NAGAR,2009,Kharif,Sugarcane,938,47875,51.03944563
Uttar Pradesh,SANT RAVIDAS NAGAR,2009,Kharif,Sweet potato,8,109,13.625
Uttar Pradesh,SANT RAVIDAS NAGAR,2009,Kharif,Urad,513,234,0.456140351
Uttar Pradesh,SANT RAVIDAS NAGAR,2009,Rabi,Barley,206,174,0.844660194
Uttar Pradesh,SANT RAVIDAS NAGAR,2009,Rabi,Coriander,3,2,0.666666667
Uttar Pradesh,SANT RAVIDAS NAGAR,2009,Rabi,Garlic,5,27,5.4
Uttar Pradesh,SANT RAVIDAS NAGAR,2009,Rabi,Gram,840,770,0.916666667
Uttar Pradesh,SANT RAVIDAS NAGAR,2009,Rabi,Linseed,1,,
Uttar Pradesh,SANT RAVIDAS NAGAR,2009,Rabi,Masoor,1,1,1
Uttar Pradesh,SANT RAVIDAS NAGAR,2009,Rabi,Onion,2,33,16.5
Uttar Pradesh,SANT RAVIDAS NAGAR,2009,Rabi,Peas & beans (Pulses),1083,1300,1.200369344
Uttar Pradesh,SANT RAVIDAS NAGAR,2009,Rabi,Potato,1191,29616,24.86649874
Uttar Pradesh,SANT RAVIDAS NAGAR,2009,Rabi,Rapeseed &Mustard,126,74,0.587301587
Uttar Pradesh,SANT RAVIDAS NAGAR,2009,Rabi,Wheat,48144,107554,2.234006314
Uttar Pradesh,SANT RAVIDAS NAGAR,2009,Summer,Moong(Green Gram),16,11,0.6875
Uttar Pradesh,SANT RAVIDAS NAGAR,2009,Summer,Onion,57,792,13.89473684
Uttar Pradesh,SANT RAVIDAS NAGAR,2009,Summer,Urad,11,7,0.636363636
Uttar Pradesh,SANT RAVIDAS NAGAR,2010,Kharif,Arhar/Tur,4483,4263,0.950925719
Uttar Pradesh,SANT RAVIDAS NAGAR,2010,Kharif,Bajra,9397,10278,1.093753326
Uttar Pradesh,SANT RAVIDAS NAGAR,2010,Kharif,Dry chillies,1,1,1
Uttar Pradesh,SANT RAVIDAS NAGAR,2010,Kharif,Dry ginger,2,5,2.5
Uttar Pradesh,SANT RAVIDAS NAGAR,2010,Kharif,Guar seed,47,39,0.829787234
Uttar Pradesh,SANT RAVIDAS NAGAR,2010,Kharif,Jowar,794,456,0.574307305
Uttar Pradesh,SANT RAVIDAS NAGAR,2010,Kharif,Maize,571,505,0.88441331
Uttar Pradesh,SANT RAVIDAS NAGAR,2010,Kharif,Moong(Green Gram),2,1,0.5
Uttar Pradesh,SANT RAVIDAS NAGAR,2010,Kharif,Rice,22116,44918,2.031018267
Uttar Pradesh,SANT RAVIDAS NAGAR,2010,Kharif,Sannhamp,28,9,0.321428571
Uttar Pradesh,SANT RAVIDAS NAGAR,2010,Kharif,Sesamum,290,49,0.168965517
Uttar Pradesh,SANT RAVIDAS NAGAR,2010,Kharif,Sugarcane,1084,57990,53.49630996
Uttar Pradesh,SANT RAVIDAS NAGAR,2010,Kharif,Sweet potato,9,111,12.33333333
Uttar Pradesh,SANT RAVIDAS NAGAR,2010,Kharif,Urad,507,294,0.579881657
Uttar Pradesh,SANT RAVIDAS NAGAR,2010,Rabi,Barley,143,196,1.370629371
Uttar Pradesh,SANT RAVIDAS NAGAR,2010,Rabi,Gram,639,616,0.96400626
Uttar Pradesh,SANT RAVIDAS NAGAR,2010,Rabi,Linseed,2,1,0.5
Uttar Pradesh,SANT RAVIDAS NAGAR,2010,Rabi,Masoor,5,3,0.6
Uttar Pradesh,SANT RAVIDAS NAGAR,2010,Rabi,Onion,3,55,18.33333333
Uttar Pradesh,SANT RAVIDAS NAGAR,2010,Rabi,Peas & beans (Pulses),1127,1375,1.220053239
Uttar Pradesh,SANT RAVIDAS NAGAR,2010,Rabi,Potato,1289,31445,24.39487975
Uttar Pradesh,SANT RAVIDAS NAGAR,2010,Rabi,Rapeseed &Mustard,150,86,0.573333333
Uttar Pradesh,SANT RAVIDAS NAGAR,2010,Rabi,Wheat,44634,128055,2.86900121
Uttar Pradesh,SANT RAVIDAS NAGAR,2010,Summer,Moong(Green Gram),27,24,0.888888889
Uttar Pradesh,SANT RAVIDAS NAGAR,2010,Summer,Sunflower,6,13,2.166666667
Uttar Pradesh,SANT RAVIDAS NAGAR,2010,Summer,Urad,12,8,0.666666667
Uttar Pradesh,SANT RAVIDAS NAGAR,2011,Kharif,Arhar/Tur,4086,5254,1.285854136
Uttar Pradesh,SANT RAVIDAS NAGAR,2011,Kharif,Bajra,8552,15456,1.807296539
Uttar Pradesh,SANT RAVIDAS NAGAR,2011,Kharif,Dry ginger,2,6,3
Uttar Pradesh,SANT RAVIDAS NAGAR,2011,Kharif,Guar seed,44,36,0.818181818
Uttar Pradesh,SANT RAVIDAS NAGAR,2011,Kharif,Jowar,1221,1994,1.633087633
Uttar Pradesh,SANT RAVIDAS NAGAR,2011,Kharif,Maize,624,523,0.838141026
Uttar Pradesh,SANT RAVIDAS NAGAR,2011,Kharif,Moong(Green Gram),24,10,0.416666667
Uttar Pradesh,SANT RAVIDAS NAGAR,2011,Kharif,Rice,27635,67098,2.428007961
Uttar Pradesh,SANT RAVIDAS NAGAR,2011,Kharif,Sannhamp,19,5,0.263157895
Uttar Pradesh,SANT RAVIDAS NAGAR,2011,Kharif,Sesamum,262,41,0.15648855
Uttar Pradesh,SANT RAVIDAS NAGAR,2011,Kharif,Sugarcane,1043,58045,55.65196548
Uttar Pradesh,SANT RAVIDAS NAGAR,2011,Kharif,Sweet potato,11,143,13
Uttar Pradesh,SANT RAVIDAS NAGAR,2011,Kharif,Urad,667,350,0.524737631
Uttar Pradesh,SANT RAVIDAS NAGAR,2011,Rabi,Barley,205,426,2.07804878
Uttar Pradesh,SANT RAVIDAS NAGAR,2011,Rabi,Gram,725,739,1.019310345
Uttar Pradesh,SANT RAVIDAS NAGAR,2011,Rabi,Maize,30,72,2.4
Uttar Pradesh,SANT RAVIDAS NAGAR,2011,Rabi,Masoor,4,3,0.75
Uttar Pradesh,SANT RAVIDAS NAGAR,2011,Rabi,Onion,4,92,23
Uttar Pradesh,SANT RAVIDAS NAGAR,2011,Rabi,Peas & beans (Pulses),924,935,1.011904762
Uttar Pradesh,SANT RAVIDAS NAGAR,2011,Rabi,Potato,1192,22496,18.87248322
Uttar Pradesh,SANT RAVIDAS NAGAR,2011,Rabi,Rapeseed &Mustard,154,81,0.525974026
Uttar Pradesh,SANT RAVIDAS NAGAR,2011,Rabi,Wheat,47418,149041,3.1431313
Uttar Pradesh,SANT RAVIDAS NAGAR,2011,Summer,Moong(Green Gram),14,12,0.857142857
Uttar Pradesh,SANT RAVIDAS NAGAR,2011,Summer,Onion,48,520,10.83333333
Uttar Pradesh,SANT RAVIDAS NAGAR,2011,Summer,Sunflower,36,61,1.694444444
Uttar Pradesh,SANT RAVIDAS NAGAR,2011,Summer,Urad,11,7,0.636363636
Uttar Pradesh,SANT RAVIDAS NAGAR,2012,Kharif,Arhar/Tur,4177,5604,1.341632751
Uttar Pradesh,SANT RAVIDAS NAGAR,2012,Kharif,Bajra,8719,10510,1.205413465
Uttar Pradesh,SANT RAVIDAS NAGAR,2012,Kharif,Dry chillies,8,7,0.875
Uttar Pradesh,SANT RAVIDAS NAGAR,2012,Kharif,Dry ginger,5,24,4.8
Uttar Pradesh,SANT RAVIDAS NAGAR,2012,Kharif,Guar seed,27,22,0.814814815
Uttar Pradesh,SANT RAVIDAS NAGAR,2012,Kharif,Jowar,1320,1345,1.018939394
Uttar Pradesh,SANT RAVIDAS NAGAR,2012,Kharif,Maize,746,716,0.959785523
Uttar Pradesh,SANT RAVIDAS NAGAR,2012,Kharif,Rice,23422,59750,2.551020408
Uttar Pradesh,SANT RAVIDAS NAGAR,2012,Kharif,Sannhamp,30,11,0.366666667
Uttar Pradesh,SANT RAVIDAS NAGAR,2012,Kharif,Sesamum,241,47,0.195020747
Uttar Pradesh,SANT RAVIDAS NAGAR,2012,Kharif,Sugarcane,1003,54407,54.2442672
Uttar Pradesh,SANT RAVIDAS NAGAR,2012,Kharif,Urad,552,471,0.85326087
Uttar Pradesh,SANT RAVIDAS NAGAR,2012,Rabi,Barley,323,484,1.498452012
Uttar Pradesh,SANT RAVIDAS NAGAR,2012,Rabi,Gram,793,863,1.088272383
Uttar Pradesh,SANT RAVIDAS NAGAR,2012,Rabi,Onion,5,115,23
Uttar Pradesh,SANT RAVIDAS NAGAR,2012,Rabi,Peas & beans (Pulses),1132,1322,1.167844523
Uttar Pradesh,SANT RAVIDAS NAGAR,2012,Rabi,Potato,1398,34044,24.35193133
Uttar Pradesh,SANT RAVIDAS NAGAR,2012,Rabi,Rapeseed &Mustard,154,81,0.525974026
Uttar Pradesh,SANT RAVIDAS NAGAR,2012,Rabi,Wheat,48269,137416,2.846878949
Uttar Pradesh,SANT RAVIDAS NAGAR,2012,Summer,Moong(Green Gram),21,17,0.80952381
Uttar Pradesh,SANT RAVIDAS NAGAR,2012,Summer,Onion,56,609,10.875
Uttar Pradesh,SANT RAVIDAS NAGAR,2012,Summer,Urad,12,8,0.666666667
Uttar Pradesh,SANT RAVIDAS NAGAR,2013,Kharif,Arhar/Tur,4367,5053,1.157087245
Uttar Pradesh,SANT RAVIDAS NAGAR,2013,Kharif,Bajra,9004,12088,1.342514438
Uttar Pradesh,SANT RAVIDAS NAGAR,2013,Kharif,Dry chillies,19,15,0.789473684
Uttar Pradesh,SANT RAVIDAS NAGAR,2013,Kharif,Guar seed,7,6,0.857142857
Uttar Pradesh,SANT RAVIDAS NAGAR,2013,Kharif,Jowar,1734,1788,1.031141869
Uttar Pradesh,SANT RAVIDAS NAGAR,2013,Kharif,Maize,651,739,1.135176651
Uttar Pradesh,SANT RAVIDAS NAGAR,2013,Kharif,Rice,27721,70938,2.558998593
Uttar Pradesh,SANT RAVIDAS NAGAR,2013,Kharif,Sannhamp,23,6,0.260869565
Uttar Pradesh,SANT RAVIDAS NAGAR,2013,Kharif,Sesamum,243,54,0.222222222
Uttar Pradesh,SANT RAVIDAS NAGAR,2013,Kharif,Sugarcane,946,60310,63.75264271
Uttar Pradesh,SANT RAVIDAS NAGAR,2013,Kharif,Sweet potato,2,27,13.5
Uttar Pradesh,SANT RAVIDAS NAGAR,2013,Kharif,Urad,389,346,0.889460154
Uttar Pradesh,SANT RAVIDAS NAGAR,2013,Rabi,Barley,361,767,2.12465374
Uttar Pradesh,SANT RAVIDAS NAGAR,2013,Rabi,Gram,722,648,0.897506925
Uttar Pradesh,SANT RAVIDAS NAGAR,2013,Rabi,Linseed,2,1,0.5
Uttar Pradesh,SANT RAVIDAS NAGAR,2013,Rabi,Maize,4,14,3.5
Uttar Pradesh,SANT RAVIDAS NAGAR,2013,Rabi,Masoor,5,3,0.6
Uttar Pradesh,SANT RAVIDAS NAGAR,2013,Rabi,Onion,16,325,20.3125
Uttar Pradesh,SANT RAVIDAS NAGAR,2013,Rabi,Peas & beans (Pulses),1076,1050,0.975836431
Uttar Pradesh,SANT RAVIDAS NAGAR,2013,Rabi,Potato,1419,30033,21.16490486
Uttar Pradesh,SANT RAVIDAS NAGAR,2013,Rabi,Rapeseed &Mustard,147,96,0.653061224
Uttar Pradesh,SANT RAVIDAS NAGAR,2013,Rabi,Wheat,48216,131630,2.730006637
Uttar Pradesh,SANT RAVIDAS NAGAR,2013,Summer,Moong(Green Gram),21,14,0.666666667
Uttar Pradesh,SANT RAVIDAS NAGAR,2013,Summer,Onion,70,942,13.45714286
Uttar Pradesh,SANT RAVIDAS NAGAR,2013,Summer,Sunflower,15,24,1.6
Uttar Pradesh,SANT RAVIDAS NAGAR,2013,Summer,Urad,24,14,0.583333333
Uttar Pradesh,SANT RAVIDAS NAGAR,2014,Kharif,Arhar/Tur,5543,5755,1.038246437
Uttar Pradesh,SANT RAVIDAS NAGAR,2014,Kharif,Bajra,9694,11383,1.174231483
Uttar Pradesh,SANT RAVIDAS NAGAR,2014,Kharif,Dry ginger,2,9,4.5
Uttar Pradesh,SANT RAVIDAS NAGAR,2014,Kharif,Ginger,2,9,4.5
Uttar Pradesh,SANT RAVIDAS NAGAR,2014,Kharif,Guar seed,35,29,0.828571429
Uttar Pradesh,SANT RAVIDAS NAGAR,2014,Kharif,Jowar,2530,2893,1.143478261
Uttar Pradesh,SANT RAVIDAS NAGAR,2014,Kharif,Maize,501,530,1.057884232
Uttar Pradesh,SANT RAVIDAS NAGAR,2014,Kharif,Rice,27981,61950,2.214002359
Uttar Pradesh,SANT RAVIDAS NAGAR,2014,Kharif,Sannhamp,58,22,0.379310345
Uttar Pradesh,SANT RAVIDAS NAGAR,2014,Kharif,Sesamum,231,57,0.246753247
Uttar Pradesh,SANT RAVIDAS NAGAR,2014,Kharif,Sugarcane,1100,72359,65.78090909
Uttar Pradesh,SANT RAVIDAS NAGAR,2014,Kharif,Sweet potato,4,50,12.5
Uttar Pradesh,SANT RAVIDAS NAGAR,2014,Kharif,Urad,803,564,0.702366127
Uttar Pradesh,SANT RAVIDAS NAGAR,2014,Rabi,Barley,261,406,1.555555556
Uttar Pradesh,SANT RAVIDAS NAGAR,2014,Rabi,Gram,806,723,0.897022333
Uttar Pradesh,SANT RAVIDAS NAGAR,2014,Rabi,Maize,6,15,2.5
Uttar Pradesh,SANT RAVIDAS NAGAR,2014,Rabi,Onion,1,15,15
Uttar Pradesh,SANT RAVIDAS NAGAR,2014,Rabi,Peas & beans (Pulses),1131,1146,1.013262599
Uttar Pradesh,SANT RAVIDAS NAGAR,2014,Rabi,Potato,1183,39700,33.55874894
Uttar Pradesh,SANT RAVIDAS NAGAR,2014,Rabi,Rapeseed &Mustard,148,73,0.493243243
Uttar Pradesh,SANT RAVIDAS NAGAR,2014,Rabi,Wheat,48033,74114,1.542980867
Uttar Pradesh,SANT RAVIDAS NAGAR,2014,Summer,Moong(Green Gram),27,18,0.666666667
Uttar Pradesh,SANT RAVIDAS NAGAR,2014,Summer,Onion,64,968,15.125
Uttar Pradesh,SANT RAVIDAS NAGAR,2014,Summer,Urad,10,6,0.6
Uttar Pradesh,SHAHJAHANPUR,1997,Kharif,Arhar/Tur,1666,866,0.519807923
Uttar Pradesh,SHAHJAHANPUR,1997,Kharif,Bajra,5189,7173,1.382347273
Uttar Pradesh,SHAHJAHANPUR,1997,Kharif,Groundnut,8030,7243,0.901992528
Uttar Pradesh,SHAHJAHANPUR,1997,Kharif,Jowar,1702,1791,1.052291422
Uttar Pradesh,SHAHJAHANPUR,1997,Kharif,Maize,1678,2196,1.308700834
Uttar Pradesh,SHAHJAHANPUR,1997,Kharif,Moong(Green Gram),98,28,0.285714286
Uttar Pradesh,SHAHJAHANPUR,1997,Kharif,Oilseeds total,32918,18440,0.560179841
Uttar Pradesh,SHAHJAHANPUR,1997,Kharif,Onion,166,2257,13.59638554
Uttar Pradesh,SHAHJAHANPUR,1997,Kharif,Rice,161820,424904,2.625781733
Uttar Pradesh,SHAHJAHANPUR,1997,Kharif,Sesamum,10377,1494,0.143972246
Uttar Pradesh,SHAHJAHANPUR,1997,Kharif,Soyabean,350,356,1.017142857
Uttar Pradesh,SHAHJAHANPUR,1997,Kharif,Total foodgrain,413893,1121727,2.710185966
Uttar Pradesh,SHAHJAHANPUR,1997,Kharif,Urad,10498,4378,0.417031816
Uttar Pradesh,SHAHJAHANPUR,1997,Rabi,Barley,638,1137,1.782131661
Uttar Pradesh,SHAHJAHANPUR,1997,Rabi,Gram,1579,1012,0.64091197
Uttar Pradesh,SHAHJAHANPUR,1997,Rabi,Linseed,107,46,0.429906542
Uttar Pradesh,SHAHJAHANPUR,1997,Rabi,Masoor,10272,7260,0.706775701
Uttar Pradesh,SHAHJAHANPUR,1997,Rabi,Peas & beans (Pulses),712,925,1.299157303
Uttar Pradesh,SHAHJAHANPUR,1997,Rabi,Rapeseed &Mustard,13922,9116,0.654790978
Uttar Pradesh,SHAHJAHANPUR,1997,Rabi,Sunflower,132,185,1.401515152
Uttar Pradesh,SHAHJAHANPUR,1997,Rabi,Wheat,216503,667049,3.081015044
Uttar Pradesh,SHAHJAHANPUR,1997,Summer,Maize,96,152,1.583333333
Uttar Pradesh,SHAHJAHANPUR,1997,Summer,Moong(Green Gram),104,44,0.423076923
Uttar Pradesh,SHAHJAHANPUR,1997,Summer,Rice,1013,2660,2.625863771
Uttar Pradesh,SHAHJAHANPUR,1997,Summer,Urad,325,152,0.467692308
Uttar Pradesh,SHAHJAHANPUR,1997,Whole Year,Potato,5080,65089,12.81279528
Uttar Pradesh,SHAHJAHANPUR,1997,Whole Year,Sugarcane,46691,2832836,60.67199246
Uttar Pradesh,SHAHJAHANPUR,1998,Kharif,Arhar/Tur,1434,1651,1.151324965
Uttar Pradesh,SHAHJAHANPUR,1998,Kharif,Bajra,5247,3243,0.618067467
Uttar Pradesh,SHAHJAHANPUR,1998,Kharif,Groundnut,8918,1320,0.14801525
Uttar Pradesh,SHAHJAHANPUR,1998,Kharif,Jowar,3723,1767,0.474617244
Uttar Pradesh,SHAHJAHANPUR,1998,Kharif,Maize,5097,1068,0.209535021
Uttar Pradesh,SHAHJAHANPUR,1998,Kharif,Moong(Green Gram),60,13,0.216666667
Uttar Pradesh,SHAHJAHANPUR,1998,Kharif,Moth,2,1,0.5
Uttar Pradesh,SHAHJAHANPUR,1998,Kharif,Rice,171346,379215,2.213153502
Uttar Pradesh,SHAHJAHANPUR,1998,Kharif,Sesamum,8649,268,0.030986241
Uttar Pradesh,SHAHJAHANPUR,1998,Kharif,Soyabean,163,68,0.417177914
Uttar Pradesh,SHAHJAHANPUR,1998,Kharif,Urad,10252,974,0.095005853
Uttar Pradesh,SHAHJAHANPUR,1998,Rabi,Barley,685,1633,2.383941606
Uttar Pradesh,SHAHJAHANPUR,1998,Rabi,Gram,1913,1693,0.884997386
Uttar Pradesh,SHAHJAHANPUR,1998,Rabi,Linseed,53,20,0.377358491
Uttar Pradesh,SHAHJAHANPUR,1998,Rabi,Masoor,10865,6275,0.577542568
Uttar Pradesh,SHAHJAHANPUR,1998,Rabi,Peas & beans (Pulses),946,999,1.05602537
Uttar Pradesh,SHAHJAHANPUR,1998,Rabi,Rapeseed &Mustard,15992,10398,0.6502001
Uttar Pradesh,SHAHJAHANPUR,1998,Rabi,Sunflower,111,142,1.279279279
Uttar Pradesh,SHAHJAHANPUR,1998,Rabi,Wheat,243703,674459,2.767544921
Uttar Pradesh,SHAHJAHANPUR,1998,Summer,Maize,108,109,1.009259259
Uttar Pradesh,SHAHJAHANPUR,1998,Summer,Moong(Green Gram),76,39,0.513157895
Uttar Pradesh,SHAHJAHANPUR,1998,Summer,Rice,1028,2275,2.213035019
Uttar Pradesh,SHAHJAHANPUR,1998,Summer,Urad,326,151,0.463190184
Uttar Pradesh,SHAHJAHANPUR,1998,Whole Year,Onion,319,5331,16.71159875
Uttar Pradesh,SHAHJAHANPUR,1998,Whole Year,Potato,4706,72529,15.4120272
Uttar Pradesh,SHAHJAHANPUR,1998,Whole Year,Sugarcane,49925,2876079,57.60799199
Uttar Pradesh,SHAHJAHANPUR,1998,Whole Year,Tobacco,197,1208,6.131979695
Uttar Pradesh,SHAHJAHANPUR,1998,Whole Year,Turmeric,14,26,1.857142857
Uttar Pradesh,SHAHJAHANPUR,1999,Kharif,Arhar/Tur,979,988,1.009193054
Uttar Pradesh,SHAHJAHANPUR,1999,Kharif,Bajra,4335,4265,0.983852364
Uttar Pradesh,SHAHJAHANPUR,1999,Kharif,Cotton(lint),8,6,0.75
Uttar Pradesh,SHAHJAHANPUR,1999,Kharif,Groundnut,4799,1685,0.351114816
Uttar Pradesh,SHAHJAHANPUR,1999,Kharif,Jowar,2501,1561,0.62415034
Uttar Pradesh,SHAHJAHANPUR,1999,Kharif,Maize,3836,5695,1.484619395
Uttar Pradesh,SHAHJAHANPUR,1999,Kharif,Moong(Green Gram),32,9,0.28125
Uttar Pradesh,SHAHJAHANPUR,1999,Kharif,Rice,190128,467747,2.460168939
Uttar Pradesh,SHAHJAHANPUR,1999,Kharif,Soyabean,32,25,0.78125
Uttar Pradesh,SHAHJAHANPUR,1999,Kharif,Sunflower,47,77,1.638297872
Uttar Pradesh,SHAHJAHANPUR,1999,Kharif,Urad,9215,3428,0.37200217
Uttar Pradesh,SHAHJAHANPUR,1999,Rabi,Barley,571,953,1.669001751
Uttar Pradesh,SHAHJAHANPUR,1999,Rabi,Gram,787,716,0.90978399
Uttar Pradesh,SHAHJAHANPUR,1999,Rabi,Linseed,80,35,0.4375
Uttar Pradesh,SHAHJAHANPUR,1999,Rabi,Maize,107,155,1.448598131
Uttar Pradesh,SHAHJAHANPUR,1999,Rabi,Rapeseed &Mustard,11728,9846,0.839529332
Uttar Pradesh,SHAHJAHANPUR,1999,Rabi,Wheat,252100,799254,3.170384768
Uttar Pradesh,SHAHJAHANPUR,1999,Summer,Moong(Green Gram),85,46,0.541176471
Uttar Pradesh,SHAHJAHANPUR,1999,Summer,Rice,1143,2812,2.460192476
Uttar Pradesh,SHAHJAHANPUR,1999,Summer,Urad,286,139,0.486013986
Uttar Pradesh,SHAHJAHANPUR,1999,Whole Year,Onion,276,3956,14.33333333
Uttar Pradesh,SHAHJAHANPUR,1999,Whole Year,Peas & beans (Pulses),1213,2193,1.807914262
Uttar Pradesh,SHAHJAHANPUR,1999,Whole Year,Potato,5980,119627,20.00451505
Uttar Pradesh,SHAHJAHANPUR,1999,Whole Year,Sugarcane,52941,2966390,56.03199788
Uttar Pradesh,SHAHJAHANPUR,1999,Whole Year,Tobacco,207,1118,5.400966184
Uttar Pradesh,SHAHJAHANPUR,1999,Whole Year,Turmeric,12,19,1.583333333
Uttar Pradesh,SHAHJAHANPUR,2000,Kharif,Arhar/Tur,933,804,0.861736334
Uttar Pradesh,SHAHJAHANPUR,2000,Kharif,Bajra,4617,6650,1.440329218
Uttar Pradesh,SHAHJAHANPUR,2000,Kharif,Groundnut,5399,3310,0.613076496
Uttar Pradesh,SHAHJAHANPUR,2000,Kharif,Jowar,1660,1397,0.841566265
Uttar Pradesh,SHAHJAHANPUR,2000,Kharif,Maize,3358,6196,1.84514592
Uttar Pradesh,SHAHJAHANPUR,2000,Kharif,Moong(Green Gram),41,13,0.317073171
Uttar Pradesh,SHAHJAHANPUR,2000,Kharif,Moth,2,1,0.5
Uttar Pradesh,SHAHJAHANPUR,2000,Kharif,Rice,195853,443656,2.265249958
Uttar Pradesh,SHAHJAHANPUR,2000,Kharif,Sesamum,9773,889,0.090964903
Uttar Pradesh,SHAHJAHANPUR,2000,Kharif,Soyabean,8,5,0.625
Uttar Pradesh,SHAHJAHANPUR,2000,Kharif,Urad,8248,2804,0.339961203
Uttar Pradesh,SHAHJAHANPUR,2000,Rabi,Barley,628,1431,2.27866242
Uttar Pradesh,SHAHJAHANPUR,2000,Rabi,Gram,556,476,0.856115108
Uttar Pradesh,SHAHJAHANPUR,2000,Rabi,Linseed,71,26,0.366197183
Uttar Pradesh,SHAHJAHANPUR,2000,Rabi,Maize,125,203,1.624
Uttar Pradesh,SHAHJAHANPUR,2000,Rabi,Masoor,9477,8373,0.883507439
Uttar Pradesh,SHAHJAHANPUR,2000,Rabi,Moong(Green Gram),92,41,0.445652174
Uttar Pradesh,SHAHJAHANPUR,2000,Rabi,Peas & beans (Pulses),1212,2240,1.848184818
Uttar Pradesh,SHAHJAHANPUR,2000,Rabi,Rapeseed &Mustard,9644,7605,0.788573206
Uttar Pradesh,SHAHJAHANPUR,2000,Rabi,Urad,206,95,0.461165049
Uttar Pradesh,SHAHJAHANPUR,2000,Rabi,Wheat,257834,844816,3.276588813
Uttar Pradesh,SHAHJAHANPUR,2000,Whole Year,Potato,5151,110596,21.47078237
Uttar Pradesh,SHAHJAHANPUR,2000,Whole Year,Sugarcane,51148,2648239,51.77600297
Uttar Pradesh,SHAHJAHANPUR,2000,Whole Year,Turmeric,5,9,1.8
Uttar Pradesh,SHAHJAHANPUR,2001,Kharif,Arhar/Tur,506,523,1.033596838
Uttar Pradesh,SHAHJAHANPUR,2001,Kharif,Bajra,3553,1172,0.329862088
Uttar Pradesh,SHAHJAHANPUR,2001,Kharif,Cotton(lint),2,1,0.5
Uttar Pradesh,SHAHJAHANPUR,2001,Kharif,Groundnut,5050,4015,0.795049505
Uttar Pradesh,SHAHJAHANPUR,2001,Kharif,Jowar,1367,1035,0.757132407
Uttar Pradesh,SHAHJAHANPUR,2001,Kharif,Maize,3496,4454,1.27402746
Uttar Pradesh,SHAHJAHANPUR,2001,Kharif,Moong(Green Gram),23,6,0.260869565
Uttar Pradesh,SHAHJAHANPUR,2001,Kharif,Rice,213911,509203,2.380443268
Uttar Pradesh,SHAHJAHANPUR,2001,Kharif,Sesamum,10120,3289,0.325
Uttar Pradesh,SHAHJAHANPUR,2001,Kharif,Soyabean,74,53,0.716216216
Uttar Pradesh,SHAHJAHANPUR,2001,Kharif,Sunflower,266,513,1.928571429
Uttar Pradesh,SHAHJAHANPUR,2001,Kharif,Urad,6584,2798,0.424969623
Uttar Pradesh,SHAHJAHANPUR,2001,Rabi,Barley,552,1363,2.469202899
Uttar Pradesh,SHAHJAHANPUR,2001,Rabi,Gram,435,435,1
Uttar Pradesh,SHAHJAHANPUR,2001,Rabi,Linseed,24,10,0.416666667
Uttar Pradesh,SHAHJAHANPUR,2001,Rabi,Maize,126,205,1.626984127
Uttar Pradesh,SHAHJAHANPUR,2001,Rabi,Masoor,10280,8769,0.853015564
Uttar Pradesh,SHAHJAHANPUR,2001,Rabi,Moong(Green Gram),101,51,0.504950495
Uttar Pradesh,SHAHJAHANPUR,2001,Rabi,Peas & beans (Pulses),1151,1848,1.605560382
Uttar Pradesh,SHAHJAHANPUR,2001,Rabi,Rapeseed &Mustard,10208,8608,0.843260188
Uttar Pradesh,SHAHJAHANPUR,2001,Rabi,Urad,232,114,0.49137931
Uttar Pradesh,SHAHJAHANPUR,2001,Rabi,Wheat,260163,857663,3.296637108
Uttar Pradesh,SHAHJAHANPUR,2001,Summer,Rice,1258,2994,2.379968203
Uttar Pradesh,SHAHJAHANPUR,2001,Whole Year,Potato,4510,76291,16.91596452
Uttar Pradesh,SHAHJAHANPUR,2001,Whole Year,Sugarcane,48261,2482932,51.44800149
Uttar Pradesh,SHAHJAHANPUR,2001,Whole Year,Tobacco,198,1265,6.388888889
Uttar Pradesh,SHAHJAHANPUR,2001,Whole Year,Turmeric,4,7,1.75
Uttar Pradesh,SHAHJAHANPUR,2002,Kharif,Bajra,5165,3849,0.745208132
Uttar Pradesh,SHAHJAHANPUR,2002,Kharif,Groundnut,4181,3499,0.836881129
Uttar Pradesh,SHAHJAHANPUR,2002,Kharif,Jowar,945,929,0.983068783
Uttar Pradesh,SHAHJAHANPUR,2002,Kharif,Maize,1713,2278,1.329830706
Uttar Pradesh,SHAHJAHANPUR,2002,Kharif,Moong(Green Gram),61,17,0.278688525
Uttar Pradesh,SHAHJAHANPUR,2002,Kharif,Rice,141350,293162,2.074014857
Uttar Pradesh,SHAHJAHANPUR,2002,Kharif,Sesamum,11491,1379,0.120006962
Uttar Pradesh,SHAHJAHANPUR,2002,Kharif,Soyabean,81,13,0.160493827
Uttar Pradesh,SHAHJAHANPUR,2002,Kharif,Sunflower,20,29,1.45
Uttar Pradesh,SHAHJAHANPUR,2002,Kharif,Urad,10655,4496,0.42196152
Uttar Pradesh,SHAHJAHANPUR,2002,Rabi,Barley,517,933,1.804642166
Uttar Pradesh,SHAHJAHANPUR,2002,Rabi,Gram,674,614,0.910979228
Uttar Pradesh,SHAHJAHANPUR,2002,Rabi,Linseed,41,18,0.43902439
Uttar Pradesh,SHAHJAHANPUR,2002,Rabi,Maize,84,93,1.107142857
Uttar Pradesh,SHAHJAHANPUR,2002,Rabi,Masoor,9555,7988,0.836002093
Uttar Pradesh,SHAHJAHANPUR,2002,Rabi,Onion,128,1321,10.3203125
Uttar Pradesh,SHAHJAHANPUR,2002,Rabi,Peas & beans (Pulses),664,816,1.228915663
Uttar Pradesh,SHAHJAHANPUR,2002,Rabi,Rapeseed &Mustard,9899,7455,0.753106374
Uttar Pradesh,SHAHJAHANPUR,2002,Rabi,Wheat,242036,768266,3.1741807
Uttar Pradesh,SHAHJAHANPUR,2002,Summer,Moong(Green Gram),92,53,0.576086957
Uttar Pradesh,SHAHJAHANPUR,2002,Summer,Onion,112,1252,11.17857143
Uttar Pradesh,SHAHJAHANPUR,2002,Summer,Rice,1839,3814,2.073953235
Uttar Pradesh,SHAHJAHANPUR,2002,Summer,Urad,173,92,0.531791908
Uttar Pradesh,SHAHJAHANPUR,2002,Whole Year,Potato,5657,96752,17.10305816
Uttar Pradesh,SHAHJAHANPUR,2002,Whole Year,Sugarcane,51226,2656580,51.85999297
Uttar Pradesh,SHAHJAHANPUR,2002,Whole Year,Tobacco,294,1762,5.993197279
Uttar Pradesh,SHAHJAHANPUR,2002,Whole Year,Turmeric,5,9,1.8
Uttar Pradesh,SHAHJAHANPUR,2003,Kharif,Arhar/Tur,335,334,0.997014925
Uttar Pradesh,SHAHJAHANPUR,2003,Kharif,Bajra,6171,7226,1.170960946
Uttar Pradesh,SHAHJAHANPUR,2003,Kharif,Groundnut,7408,4926,0.664956803
Uttar Pradesh,SHAHJAHANPUR,2003,Kharif,Jowar,1635,1451,0.887461774
Uttar Pradesh,SHAHJAHANPUR,2003,Kharif,Maize,3326,4740,1.425135298
Uttar Pradesh,SHAHJAHANPUR,2003,Kharif,Moong(Green Gram),23,13,0.565217391
Uttar Pradesh,SHAHJAHANPUR,2003,Kharif,Rice,186774,421045,2.254301991
Uttar Pradesh,SHAHJAHANPUR,2003,Kharif,Sesamum,9498,247,0.026005475
Uttar Pradesh,SHAHJAHANPUR,2003,Kharif,Soyabean,180,193,1.072222222
Uttar Pradesh,SHAHJAHANPUR,2003,Kharif,Sunflower,14,24,1.714285714
Uttar Pradesh,SHAHJAHANPUR,2003,Kharif,Urad,9571,2632,0.274997388
Uttar Pradesh,SHAHJAHANPUR,2003,Rabi,Barley,760,1970,2.592105263
Uttar Pradesh,SHAHJAHANPUR,2003,Rabi,Gram,408,430,1.053921569
Uttar Pradesh,SHAHJAHANPUR,2003,Rabi,Linseed,289,142,0.491349481
Uttar Pradesh,SHAHJAHANPUR,2003,Rabi,Masoor,7847,6725,0.85701542
Uttar Pradesh,SHAHJAHANPUR,2003,Rabi,Onion,201,2885,14.35323383
Uttar Pradesh,SHAHJAHANPUR,2003,Rabi,Peas & beans (Pulses),948,1301,1.372362869
Uttar Pradesh,SHAHJAHANPUR,2003,Rabi,Rapeseed &Mustard,7248,4936,0.681015453
Uttar Pradesh,SHAHJAHANPUR,2003,Rabi,Wheat,252370,808690,3.204382454
Uttar Pradesh,SHAHJAHANPUR,2003,Summer,Maize,84,115,1.369047619
Uttar Pradesh,SHAHJAHANPUR,2003,Summer,Moong(Green Gram),15,8,0.533333333
Uttar Pradesh,SHAHJAHANPUR,2003,Summer,Onion,137,1395,10.18248175
Uttar Pradesh,SHAHJAHANPUR,2003,Summer,Rice,4167,9392,2.253899688
Uttar Pradesh,SHAHJAHANPUR,2003,Summer,Urad,92,45,0.489130435
Uttar Pradesh,SHAHJAHANPUR,2003,Whole Year,Potato,5302,79557,15.00509242
Uttar Pradesh,SHAHJAHANPUR,2003,Whole Year,Sannhamp,5,2,0.4
Uttar Pradesh,SHAHJAHANPUR,2003,Whole Year,Sugarcane,45657,2358093,51.64800578
Uttar Pradesh,SHAHJAHANPUR,2004,Kharif,Bajra,5265,4851,0.921367521
Uttar Pradesh,SHAHJAHANPUR,2004,Kharif,Groundnut,5697,4688,0.82288924
Uttar Pradesh,SHAHJAHANPUR,2004,Kharif,Jowar,1390,1061,0.763309353
Uttar Pradesh,SHAHJAHANPUR,2004,Kharif,Maize,3134,5093,1.62507977
Uttar Pradesh,SHAHJAHANPUR,2004,Kharif,Rice,204915,483179,2.357948418
Uttar Pradesh,SHAHJAHANPUR,2004,Kharif,Sannhamp,2,1,0.5
Uttar Pradesh,SHAHJAHANPUR,2004,Kharif,Sesamum,7999,2256,0.282035254
Uttar Pradesh,SHAHJAHANPUR,2004,Kharif,Soyabean,65,27,0.415384615
Uttar Pradesh,SHAHJAHANPUR,2004,Kharif,Sugarcane,38905,2328853,59.85999229
Uttar Pradesh,SHAHJAHANPUR,2004,Rabi,Barley,680,1437,2.113235294
Uttar Pradesh,SHAHJAHANPUR,2004,Rabi,Gram,324,299,0.922839506
Uttar Pradesh,SHAHJAHANPUR,2004,Rabi,Linseed,253,116,0.458498024
Uttar Pradesh,SHAHJAHANPUR,2004,Rabi,Potato,5020,138974,27.68406375
Uttar Pradesh,SHAHJAHANPUR,2004,Rabi,Rapeseed &Mustard,6987,4697,0.672248461
Uttar Pradesh,SHAHJAHANPUR,2004,Rabi,Turmeric,3,5,1.666666667
Uttar Pradesh,SHAHJAHANPUR,2004,Rabi,Wheat,252570,782584,3.098483589
Uttar Pradesh,SHAHJAHANPUR,2004,Summer,Sunflower,6,12,2
Uttar Pradesh,SHAHJAHANPUR,2004,Whole Year,Banana,2,73,36.5
Uttar Pradesh,SHAHJAHANPUR,2004,Whole Year,Dry chillies,35,33,0.942857143
Uttar Pradesh,SHAHJAHANPUR,2004,Whole Year,Garlic,83,359,4.325301205
Uttar Pradesh,SHAHJAHANPUR,2004,Whole Year,Guar seed,7,6,0.857142857
Uttar Pradesh,SHAHJAHANPUR,2004,Whole Year,Onion,320,3552,11.1
Uttar Pradesh,SHAHJAHANPUR,2004,Whole Year,Sweet potato,462,5370,11.62337662
Uttar Pradesh,SHAHJAHANPUR,2004,Whole Year,Tobacco,92,397,4.315217391
Uttar Pradesh,SHAHJAHANPUR,2005,Kharif,Bajra,3310,2828,0.854380665
Uttar Pradesh,SHAHJAHANPUR,2005,Kharif,Jowar,1966,1827,0.929298067
Uttar Pradesh,SHAHJAHANPUR,2005,Kharif,Maize,3657,5511,1.506972929
Uttar Pradesh,SHAHJAHANPUR,2005,Kharif,Rice,191956,408482,2.127998083
Uttar Pradesh,SHAHJAHANPUR,2005,Kharif,Sannhamp,4,1,0.25
Uttar Pradesh,SHAHJAHANPUR,2005,Kharif,Sesamum,9323,1389,0.148986378
Uttar Pradesh,SHAHJAHANPUR,2005,Kharif,Soyabean,180,141,0.783333333
Uttar Pradesh,SHAHJAHANPUR,2005,Kharif,Sugarcane,49860,2960487,59.37599278
Uttar Pradesh,SHAHJAHANPUR,2005,Rabi,Barley,574,1169,2.036585366
Uttar Pradesh,SHAHJAHANPUR,2005,Rabi,Gram,543,483,0.889502762
Uttar Pradesh,SHAHJAHANPUR,2005,Rabi,Linseed,289,119,0.411764706
Uttar Pradesh,SHAHJAHANPUR,2005,Rabi,Potato,6423,212171,33.03300638
Uttar Pradesh,SHAHJAHANPUR,2005,Rabi,Rapeseed &Mustard,7677,7351,0.957535496
Uttar Pradesh,SHAHJAHANPUR,2005,Rabi,Wheat,247112,864892,3.5
Uttar Pradesh,SHAHJAHANPUR,2005,Summer,Sunflower,29,35,1.206896552
Uttar Pradesh,SHAHJAHANPUR,2005,Whole Year,Coriander,158,90,0.569620253
Uttar Pradesh,SHAHJAHANPUR,2005,Whole Year,Dry chillies,35,32,0.914285714
Uttar Pradesh,SHAHJAHANPUR,2005,Whole Year,Garlic,16,70,4.375
Uttar Pradesh,SHAHJAHANPUR,2005,Whole Year,Guar seed,48,39,0.8125
Uttar Pradesh,SHAHJAHANPUR,2005,Whole Year,Onion,420,5406,12.87142857
Uttar Pradesh,SHAHJAHANPUR,2005,Whole Year,Sweet potato,442,5782,13.08144796
Uttar Pradesh,SHAHJAHANPUR,2005,Whole Year,Tobacco,114,651,5.710526316
Uttar Pradesh,SHAHJAHANPUR,2006,Kharif,Arhar/Tur,934,789,0.844753747
Uttar Pradesh,SHAHJAHANPUR,2006,Kharif,Bajra,4666,5291,1.133947707
Uttar Pradesh,SHAHJAHANPUR,2006,Kharif,Groundnut,6101,6278,1.029011637
Uttar Pradesh,SHAHJAHANPUR,2006,Kharif,Jowar,1553,1592,1.025112685
Uttar Pradesh,SHAHJAHANPUR,2006,Kharif,Maize,2973,5610,1.886982846
Uttar Pradesh,SHAHJAHANPUR,2006,Kharif,Other Kharif pulses,8300,5128,0.617831325
Uttar Pradesh,SHAHJAHANPUR,2006,Kharif,Rice,204915,459829,2.243998731
Uttar Pradesh,SHAHJAHANPUR,2006,Kharif,Sannhamp,2,1,0.5
Uttar Pradesh,SHAHJAHANPUR,2006,Kharif,Sesamum,4765,548,0.115005247
Uttar Pradesh,SHAHJAHANPUR,2006,Kharif,Soyabean,56,55,0.982142857
Uttar Pradesh,SHAHJAHANPUR,2006,Kharif,Sugarcane,50232,2858804,56.91200828
Uttar Pradesh,SHAHJAHANPUR,2006,Kharif,Sweet potato,344,4695,13.64825581
Uttar Pradesh,SHAHJAHANPUR,2006,Rabi,Barley,680,1469,2.160294118
Uttar Pradesh,SHAHJAHANPUR,2006,Rabi,Gram,324,236,0.728395062
Uttar Pradesh,SHAHJAHANPUR,2006,Rabi,Linseed,253,89,0.351778656
Uttar Pradesh,SHAHJAHANPUR,2006,Rabi,Masoor,8187,7745,0.94601197
Uttar Pradesh,SHAHJAHANPUR,2006,Rabi,Onion,184,3529,19.17934783
Uttar Pradesh,SHAHJAHANPUR,2006,Rabi,Other  Rabi pulses,842,814,0.966745843
Uttar Pradesh,SHAHJAHANPUR,2006,Rabi,Potato,5020,92097,18.34601594
Uttar Pradesh,SHAHJAHANPUR,2006,Rabi,Rapeseed &Mustard,6987,6517,0.932732217
Uttar Pradesh,SHAHJAHANPUR,2006,Rabi,Tobacco,85,452,5.317647059
Uttar Pradesh,SHAHJAHANPUR,2006,Rabi,Turmeric,4,14,3.5
Uttar Pradesh,SHAHJAHANPUR,2006,Rabi,Wheat,252570,869346,3.442000238
Uttar Pradesh,SHAHJAHANPUR,2006,Summer,Maize,55,73,1.327272727
Uttar Pradesh,SHAHJAHANPUR,2006,Summer,Onion,171,1991,11.64327485
Uttar Pradesh,SHAHJAHANPUR,2006,Summer,Rice,6258,14043,2.24400767
Uttar Pradesh,SHAHJAHANPUR,2006,Summer,Sunflower,6,9,1.5
Uttar Pradesh,SHAHJAHANPUR,2006,Summer,Tobacco,7,21,3
Uttar Pradesh,SHAHJAHANPUR,2006,Whole Year,Banana,2,78,39
Uttar Pradesh,SHAHJAHANPUR,2006,Whole Year,Coriander,120,63,0.525
Uttar Pradesh,SHAHJAHANPUR,2006,Whole Year,Dry chillies,28,27,0.964285714
Uttar Pradesh,SHAHJAHANPUR,2006,Whole Year,Guar seed,44,37,0.840909091
Uttar Pradesh,SHAHJAHANPUR,2007,Kharif,Arhar/Tur,186,162,0.870967742
Uttar Pradesh,SHAHJAHANPUR,2007,Kharif,Bajra,4063,4735,1.165395028
Uttar Pradesh,SHAHJAHANPUR,2007,Kharif,Dry chillies,29,28,0.965517241
Uttar Pradesh,SHAHJAHANPUR,2007,Kharif,Groundnut,5347,4085,0.763979802
Uttar Pradesh,SHAHJAHANPUR,2007,Kharif,Guar seed,46,39,0.847826087
Uttar Pradesh,SHAHJAHANPUR,2007,Kharif,Jowar,1068,666,0.623595506
Uttar Pradesh,SHAHJAHANPUR,2007,Kharif,Maize,2636,4368,1.657056146
Uttar Pradesh,SHAHJAHANPUR,2007,Kharif,Moong(Green Gram),48,10,0.208333333
Uttar Pradesh,SHAHJAHANPUR,2007,Kharif,Rice,183655,442792,2.410998884
Uttar Pradesh,SHAHJAHANPUR,2007,Kharif,Sannhamp,3,1,0.333333333
Uttar Pradesh,SHAHJAHANPUR,2007,Kharif,Sesamum,6765,616,0.091056911
Uttar Pradesh,SHAHJAHANPUR,2007,Kharif,Soyabean,26,17,0.653846154
Uttar Pradesh,SHAHJAHANPUR,2007,Kharif,Sugarcane,41285,2183151,52.88000484
Uttar Pradesh,SHAHJAHANPUR,2007,Kharif,Sweet potato,457,6152,13.46170678
Uttar Pradesh,SHAHJAHANPUR,2007,Kharif,Urad,7158,5211,0.727996647
Uttar Pradesh,SHAHJAHANPUR,2007,Rabi,Barley,1052,2326,2.211026616
Uttar Pradesh,SHAHJAHANPUR,2007,Rabi,Coriander,104,61,0.586538462
Uttar Pradesh,SHAHJAHANPUR,2007,Rabi,Gram,368,275,0.747282609
Uttar Pradesh,SHAHJAHANPUR,2007,Rabi,Linseed,253,64,0.252964427
Uttar Pradesh,SHAHJAHANPUR,2007,Rabi,Maize,4,11,2.75
Uttar Pradesh,SHAHJAHANPUR,2007,Rabi,Masoor,6497,6458,0.993997229
Uttar Pradesh,SHAHJAHANPUR,2007,Rabi,Onion,286,3996,13.97202797
Uttar Pradesh,SHAHJAHANPUR,2007,Rabi,Other  Rabi pulses,1238,1161,0.937802908
Uttar Pradesh,SHAHJAHANPUR,2007,Rabi,Potato,6144,133399,21.71207682
Uttar Pradesh,SHAHJAHANPUR,2007,Rabi,Rapeseed &Mustard,6043,5718,0.946218766
Uttar Pradesh,SHAHJAHANPUR,2007,Rabi,Tobacco,106,593,5.594339623
Uttar Pradesh,SHAHJAHANPUR,2007,Rabi,Wheat,248575,895865,3.604002816
Uttar Pradesh,SHAHJAHANPUR,2007,Summer,Maize,128,184,1.4375
Uttar Pradesh,SHAHJAHANPUR,2007,Summer,Onion,208,2808,13.5
Uttar Pradesh,SHAHJAHANPUR,2007,Summer,Rice,6077,14652,2.411058088
Uttar Pradesh,SHAHJAHANPUR,2007,Summer,Sunflower,11,31,2.818181818
Uttar Pradesh,SHAHJAHANPUR,2007,Summer,Tobacco,47,117,2.489361702
Uttar Pradesh,SHAHJAHANPUR,2007,Summer,Urad,149,83,0.55704698
Uttar Pradesh,SHAHJAHANPUR,2008,Kharif,Arhar/Tur,129,110,0.852713178
Uttar Pradesh,SHAHJAHANPUR,2008,Kharif,Bajra,2807,3674,1.30887068
Uttar Pradesh,SHAHJAHANPUR,2008,Kharif,Dry chillies,38,37,0.973684211
Uttar Pradesh,SHAHJAHANPUR,2008,Kharif,Groundnut,5854,2699,0.461052272
Uttar Pradesh,SHAHJAHANPUR,2008,Kharif,Guar seed,63,53,0.841269841
Uttar Pradesh,SHAHJAHANPUR,2008,Kharif,Jowar,1574,1486,0.944091487
Uttar Pradesh,SHAHJAHANPUR,2008,Kharif,Maize,1633,3163,1.936925903
Uttar Pradesh,SHAHJAHANPUR,2008,Kharif,Moong(Green Gram),46,17,0.369565217
Uttar Pradesh,SHAHJAHANPUR,2008,Kharif,Rice,217806,490281,2.250998595
Uttar Pradesh,SHAHJAHANPUR,2008,Kharif,Sannhamp,20,6,0.3
Uttar Pradesh,SHAHJAHANPUR,2008,Kharif,Sesamum,6321,310,0.049042873
Uttar Pradesh,SHAHJAHANPUR,2008,Kharif,Sugarcane,37629,1985156,52.75601265
Uttar Pradesh,SHAHJAHANPUR,2008,Kharif,Sweet potato,461,5662,12.28199566
Uttar Pradesh,SHAHJAHANPUR,2008,Kharif,Urad,7243,2731,0.377053707
Uttar Pradesh,SHAHJAHANPUR,2008,Rabi,Barley,3295,9004,2.73262519
Uttar Pradesh,SHAHJAHANPUR,2008,Rabi,Coriander,114,68,0.596491228
Uttar Pradesh,SHAHJAHANPUR,2008,Rabi,Garlic,52,306,5.884615385
Uttar Pradesh,SHAHJAHANPUR,2008,Rabi,Gram,2384,2372,0.994966443
Uttar Pradesh,SHAHJAHANPUR,2008,Rabi,Linseed,172,77,0.447674419
Uttar Pradesh,SHAHJAHANPUR,2008,Rabi,Maize,2,5,2.5
Uttar Pradesh,SHAHJAHANPUR,2008,Rabi,Masoor,26393,22540,0.854014322
Uttar Pradesh,SHAHJAHANPUR,2008,Rabi,Onion,225,2638,11.72444444
Uttar Pradesh,SHAHJAHANPUR,2008,Rabi,Peas & beans (Pulses),925,1116,1.206486486
Uttar Pradesh,SHAHJAHANPUR,2008,Rabi,Potato,9389,121409,12.93098307
Uttar Pradesh,SHAHJAHANPUR,2008,Rabi,Rapeseed &Mustard,14219,9994,0.702862367
Uttar Pradesh,SHAHJAHANPUR,2008,Rabi,Tobacco,88,459,5.215909091
Uttar Pradesh,SHAHJAHANPUR,2008,Rabi,Wheat,253928,915410,3.604998267
Uttar Pradesh,SHAHJAHANPUR,2008,Summer,Maize,126,189,1.5
Uttar Pradesh,SHAHJAHANPUR,2008,Summer,Moong(Green Gram),37,28,0.756756757
Uttar Pradesh,SHAHJAHANPUR,2008,Summer,Rice,5295,11919,2.250991501
Uttar Pradesh,SHAHJAHANPUR,2008,Summer,Sunflower,1,2,2
Uttar Pradesh,SHAHJAHANPUR,2008,Summer,Tobacco,4,9,2.25
Uttar Pradesh,SHAHJAHANPUR,2008,Summer,Urad,138,86,0.623188406
Uttar Pradesh,SHAHJAHANPUR,2009,Kharif,Arhar/Tur,625,497,0.7952
Uttar Pradesh,SHAHJAHANPUR,2009,Kharif,Bajra,4722,6181,1.308979246
Uttar Pradesh,SHAHJAHANPUR,2009,Kharif,Dry chillies,33,29,0.878787879
Uttar Pradesh,SHAHJAHANPUR,2009,Kharif,Groundnut,6619,6222,0.940021151
Uttar Pradesh,SHAHJAHANPUR,2009,Kharif,Guar seed,42,35,0.833333333
Uttar Pradesh,SHAHJAHANPUR,2009,Kharif,Jowar,2691,2228,0.827945002
Uttar Pradesh,SHAHJAHANPUR,2009,Kharif,Maize,1507,2863,1.899800929
Uttar Pradesh,SHAHJAHANPUR,2009,Kharif,Moong(Green Gram),12,2,0.166666667
Uttar Pradesh,SHAHJAHANPUR,2009,Kharif,Rice,162992,425246,2.608999215
Uttar Pradesh,SHAHJAHANPUR,2009,Kharif,Sesamum,7208,533,0.073945616
Uttar Pradesh,SHAHJAHANPUR,2009,Kharif,Soyabean,36,38,1.055555556
Uttar Pradesh,SHAHJAHANPUR,2009,Kharif,Sugarcane,38892,2218089,57.03201172
Uttar Pradesh,SHAHJAHANPUR,2009,Kharif,Sweet potato,801,10894,13.60049938
Uttar Pradesh,SHAHJAHANPUR,2009,Kharif,Urad,9267,3623,0.39095716
Uttar Pradesh,SHAHJAHANPUR,2009,Rabi,Barley,1806,4143,2.294019934
Uttar Pradesh,SHAHJAHANPUR,2009,Rabi,Coriander,54,31,0.574074074
Uttar Pradesh,SHAHJAHANPUR,2009,Rabi,Garlic,113,600,5.309734513
Uttar Pradesh,SHAHJAHANPUR,2009,Rabi,Gram,173,142,0.820809249
Uttar Pradesh,SHAHJAHANPUR,2009,Rabi,Masoor,22962,19242,0.837993206
Uttar Pradesh,SHAHJAHANPUR,2009,Rabi,Onion,318,5461,17.17295597
Uttar Pradesh,SHAHJAHANPUR,2009,Rabi,Peas & beans (Pulses),895,1148,1.282681564
Uttar Pradesh,SHAHJAHANPUR,2009,Rabi,Potato,8812,160422,18.2049478
Uttar Pradesh,SHAHJAHANPUR,2009,Rabi,Rapeseed &Mustard,14506,12329,0.849924169
Uttar Pradesh,SHAHJAHANPUR,2009,Rabi,Tobacco,298,1709,5.734899329
Uttar Pradesh,SHAHJAHANPUR,2009,Rabi,Turmeric,10,33,3.3
Uttar Pradesh,SHAHJAHANPUR,2009,Rabi,Wheat,259172,927317,3.577998395
Uttar Pradesh,SHAHJAHANPUR,2009,Summer,Banana,9,370,41.11111111
Uttar Pradesh,SHAHJAHANPUR,2009,Summer,Maize,207,301,1.45410628
Uttar Pradesh,SHAHJAHANPUR,2009,Summer,Moong(Green Gram),35,25,0.714285714
Uttar Pradesh,SHAHJAHANPUR,2009,Summer,Onion,112,1556,13.89285714
Uttar Pradesh,SHAHJAHANPUR,2009,Summer,Rice,6535,19010,2.908951798
Uttar Pradesh,SHAHJAHANPUR,2009,Summer,Sunflower,1,2,2
Uttar Pradesh,SHAHJAHANPUR,2009,Summer,Tobacco,40,171,4.275
Uttar Pradesh,SHAHJAHANPUR,2009,Summer,Urad,121,76,0.628099174
Uttar Pradesh,SHAHJAHANPUR,2010,Kharif,Arhar/Tur,264,199,0.753787879
Uttar Pradesh,SHAHJAHANPUR,2010,Kharif,Bajra,4131,481,0.116436698
Uttar Pradesh,SHAHJAHANPUR,2010,Kharif,Dry chillies,187,164,0.877005348
Uttar Pradesh,SHAHJAHANPUR,2010,Kharif,Groundnut,4997,4787,0.957974785
Uttar Pradesh,SHAHJAHANPUR,2010,Kharif,Guar seed,49,41,0.836734694
Uttar Pradesh,SHAHJAHANPUR,2010,Kharif,Jowar,1078,1086,1.00742115
Uttar Pradesh,SHAHJAHANPUR,2010,Kharif,Maize,2156,,
Uttar Pradesh,SHAHJAHANPUR,2010,Kharif,Moong(Green Gram),79,37,0.46835443
Uttar Pradesh,SHAHJAHANPUR,2010,Kharif,Rice,211075,430171,2.038000711
Uttar Pradesh,SHAHJAHANPUR,2010,Kharif,Sesamum,8048,821,0.102012922
Uttar Pradesh,SHAHJAHANPUR,2010,Kharif,Soyabean,122,150,1.229508197
Uttar Pradesh,SHAHJAHANPUR,2010,Kharif,Sugarcane,45579,2567192,56.32400886
Uttar Pradesh,SHAHJAHANPUR,2010,Kharif,Sweet potato,501,6170,12.31536926
Uttar Pradesh,SHAHJAHANPUR,2010,Kharif,Urad,9073,953,0.105036923
Uttar Pradesh,SHAHJAHANPUR,2010,Rabi,Barley,1043,2736,2.623202301
Uttar Pradesh,SHAHJAHANPUR,2010,Rabi,Gram,44,39,0.886363636
Uttar Pradesh,SHAHJAHANPUR,2010,Rabi,Linseed,5,2,0.4
Uttar Pradesh,SHAHJAHANPUR,2010,Rabi,Masoor,22547,16843,0.747017342
Uttar Pradesh,SHAHJAHANPUR,2010,Rabi,Onion,217,3995,18.41013825
Uttar Pradesh,SHAHJAHANPUR,2010,Rabi,Peas & beans (Pulses),617,1336,2.165316045
Uttar Pradesh,SHAHJAHANPUR,2010,Rabi,Potato,9668,150202,15.53599504
Uttar Pradesh,SHAHJAHANPUR,2010,Rabi,Rapeseed &Mustard,14651,12497,0.852979319
Uttar Pradesh,SHAHJAHANPUR,2010,Rabi,Tobacco,602,3056,5.07641196
Uttar Pradesh,SHAHJAHANPUR,2010,Rabi,Turmeric,132,415,3.143939394
Uttar Pradesh,SHAHJAHANPUR,2010,Rabi,Wheat,249556,898651,3.600999375
Uttar Pradesh,SHAHJAHANPUR,2010,Summer,Maize,15,22,1.466666667
Uttar Pradesh,SHAHJAHANPUR,2010,Summer,Moong(Green Gram),10,9,0.9
Uttar Pradesh,SHAHJAHANPUR,2010,Summer,Rice,5949,12124,2.037989578
Uttar Pradesh,SHAHJAHANPUR,2010,Summer,Sunflower,3,6,2
Uttar Pradesh,SHAHJAHANPUR,2010,Summer,Urad,198,124,0.626262626
Uttar Pradesh,SHAHJAHANPUR,2011,Kharif,Arhar/Tur,172,157,0.912790698
Uttar Pradesh,SHAHJAHANPUR,2011,Kharif,Bajra,5753,7151,1.24300365
Uttar Pradesh,SHAHJAHANPUR,2011,Kharif,Dry chillies,63,52,0.825396825
Uttar Pradesh,SHAHJAHANPUR,2011,Kharif,Groundnut,4043,4637,1.146920604
Uttar Pradesh,SHAHJAHANPUR,2011,Kharif,Guar seed,49,40,0.816326531
Uttar Pradesh,SHAHJAHANPUR,2011,Kharif,Jowar,1478,1121,0.758457375
Uttar Pradesh,SHAHJAHANPUR,2011,Kharif,Maize,1784,2460,1.378923767
Uttar Pradesh,SHAHJAHANPUR,2011,Kharif,Moong(Green Gram),10,4,0.4
Uttar Pradesh,SHAHJAHANPUR,2011,Kharif,Rice,191093,500281,2.61799752
Uttar Pradesh,SHAHJAHANPUR,2011,Kharif,Sesamum,8289,895,0.107974424
Uttar Pradesh,SHAHJAHANPUR,2011,Kharif,Soyabean,113,141,1.247787611
Uttar Pradesh,SHAHJAHANPUR,2011,Kharif,Sugarcane,41556,2458952,59.17200886
Uttar Pradesh,SHAHJAHANPUR,2011,Kharif,Sweet potato,513,6666,12.99415205
Uttar Pradesh,SHAHJAHANPUR,2011,Kharif,Urad,8499,5584,0.657018473
Uttar Pradesh,SHAHJAHANPUR,2011,Rabi,Barley,417,1211,2.904076739
Uttar Pradesh,SHAHJAHANPUR,2011,Rabi,Coriander,85,47,0.552941176
Uttar Pradesh,SHAHJAHANPUR,2011,Rabi,Garlic,63,326,5.174603175
Uttar Pradesh,SHAHJAHANPUR,2011,Rabi,Gram,32,38,1.1875
Uttar Pradesh,SHAHJAHANPUR,2011,Rabi,Maize,26,62,2.384615385
Uttar Pradesh,SHAHJAHANPUR,2011,Rabi,Masoor,22340,18676,0.835989257
Uttar Pradesh,SHAHJAHANPUR,2011,Rabi,Onion,140,3203,22.87857143
Uttar Pradesh,SHAHJAHANPUR,2011,Rabi,Peas & beans (Pulses),553,961,1.737793852
Uttar Pradesh,SHAHJAHANPUR,2011,Rabi,Potato,11213,243479,21.71399269
Uttar Pradesh,SHAHJAHANPUR,2011,Rabi,Rapeseed &Mustard,16058,13482,0.839581517
Uttar Pradesh,SHAHJAHANPUR,2011,Rabi,Tobacco,604,3154,5.221854305
Uttar Pradesh,SHAHJAHANPUR,2011,Rabi,Turmeric,49,138,2.816326531
Uttar Pradesh,SHAHJAHANPUR,2011,Rabi,Wheat,247222,940185,3.802998924
Uttar Pradesh,SHAHJAHANPUR,2011,Summer,Maize,88,146,1.659090909
Uttar Pradesh,SHAHJAHANPUR,2011,Summer,Moong(Green Gram),28,24,0.857142857
Uttar Pradesh,SHAHJAHANPUR,2011,Summer,Onion,112,1213,10.83035714
Uttar Pradesh,SHAHJAHANPUR,2011,Summer,Rice,5679,14868,2.618066561
Uttar Pradesh,SHAHJAHANPUR,2011,Summer,Sunflower,3,5,1.666666667
Uttar Pradesh,SHAHJAHANPUR,2011,Summer,Tobacco,16,50,3.125
Uttar Pradesh,SHAHJAHANPUR,2011,Summer,Urad,110,73,0.663636364
Uttar Pradesh,SHAHJAHANPUR,2012,Kharif,Arhar/Tur,202,197,0.975247525
Uttar Pradesh,SHAHJAHANPUR,2012,Kharif,Bajra,3581,3432,0.958391511
Uttar Pradesh,SHAHJAHANPUR,2012,Kharif,Dry chillies,115,93,0.808695652
Uttar Pradesh,SHAHJAHANPUR,2012,Kharif,Groundnut,4279,3269,0.763963543
Uttar Pradesh,SHAHJAHANPUR,2012,Kharif,Guar seed,50,41,0.82
Uttar Pradesh,SHAHJAHANPUR,2012,Kharif,Jowar,185,199,1.075675676
Uttar Pradesh,SHAHJAHANPUR,2012,Kharif,Maize,1695,3212,1.894985251
Uttar Pradesh,SHAHJAHANPUR,2012,Kharif,Moong(Green Gram),123,63,0.512195122
Uttar Pradesh,SHAHJAHANPUR,2012,Kharif,Rice,215646,579441,2.687000918
Uttar Pradesh,SHAHJAHANPUR,2012,Kharif,Sesamum,8352,894,0.10704023
Uttar Pradesh,SHAHJAHANPUR,2012,Kharif,Soyabean,18,25,1.388888889
Uttar Pradesh,SHAHJAHANPUR,2012,Kharif,Sugarcane,46086,2829680,61.39999132
Uttar Pradesh,SHAHJAHANPUR,2012,Kharif,Sweet potato,412,5334,12.94660194
Uttar Pradesh,SHAHJAHANPUR,2012,Kharif,Urad,9263,5048,0.544963835
Uttar Pradesh,SHAHJAHANPUR,2012,Rabi,Barley,107,285,2.663551402
Uttar Pradesh,SHAHJAHANPUR,2012,Rabi,Coriander,20,11,0.55
Uttar Pradesh,SHAHJAHANPUR,2012,Rabi,Garlic,181,940,5.193370166
Uttar Pradesh,SHAHJAHANPUR,2012,Rabi,Gram,77,85,1.103896104
Uttar Pradesh,SHAHJAHANPUR,2012,Rabi,Linseed,4,2,0.5
Uttar Pradesh,SHAHJAHANPUR,2012,Rabi,Masoor,30344,29403,0.968988927
Uttar Pradesh,SHAHJAHANPUR,2012,Rabi,Onion,234,5383,23.0042735
Uttar Pradesh,SHAHJAHANPUR,2012,Rabi,Peas & beans (Pulses),516,1095,2.122093023
Uttar Pradesh,SHAHJAHANPUR,2012,Rabi,Potato,10941,238973,21.84197057
Uttar Pradesh,SHAHJAHANPUR,2012,Rabi,Rapeseed &Mustard,15926,15364,0.964711792
Uttar Pradesh,SHAHJAHANPUR,2012,Rabi,Tobacco,338,1827,5.405325444
Uttar Pradesh,SHAHJAHANPUR,2012,Rabi,Turmeric,36,102,2.833333333
Uttar Pradesh,SHAHJAHANPUR,2012,Rabi,Wheat,264247,959481,3.631000541
Uttar Pradesh,SHAHJAHANPUR,2012,Summer,Banana,3,134,44.66666667
Uttar Pradesh,SHAHJAHANPUR,2012,Summer,Maize,83,153,1.843373494
Uttar Pradesh,SHAHJAHANPUR,2012,Summer,Moong(Green Gram),28,23,0.821428571
Uttar Pradesh,SHAHJAHANPUR,2012,Summer,Onion,107,1164,10.87850467
Uttar Pradesh,SHAHJAHANPUR,2012,Summer,Rice,5581,14996,2.686973661
Uttar Pradesh,SHAHJAHANPUR,2012,Summer,Tobacco,17,55,3.235294118
Uttar Pradesh,SHAHJAHANPUR,2012,Summer,Urad,137,95,0.693430657
Uttar Pradesh,SHAHJAHANPUR,2013,Kharif,Arhar/Tur,1464,1282,0.87568306
Uttar Pradesh,SHAHJAHANPUR,2013,Kharif,Bajra,3199,4005,1.251953736
Uttar Pradesh,SHAHJAHANPUR,2013,Kharif,Dry chillies,76,61,0.802631579
Uttar Pradesh,SHAHJAHANPUR,2013,Kharif,Groundnut,4688,6905,1.472909556
Uttar Pradesh,SHAHJAHANPUR,2013,Kharif,Guar seed,15,13,0.866666667
Uttar Pradesh,SHAHJAHANPUR,2013,Kharif,Jowar,866,780,0.900692841
Uttar Pradesh,SHAHJAHANPUR,2013,Kharif,Maize,1587,1763,1.110901071
Uttar Pradesh,SHAHJAHANPUR,2013,Kharif,Moong(Green Gram),74,24,0.324324324
Uttar Pradesh,SHAHJAHANPUR,2013,Kharif,Rice,198105,531714,2.684000909
Uttar Pradesh,SHAHJAHANPUR,2013,Kharif,Sesamum,7230,629,0.086998617
Uttar Pradesh,SHAHJAHANPUR,2013,Kharif,Soyabean,18,10,0.555555556
Uttar Pradesh,SHAHJAHANPUR,2013,Kharif,Sugarcane,40137,2444664,60.90799013
Uttar Pradesh,SHAHJAHANPUR,2013,Kharif,Sweet potato,750,9912,13.216
Uttar Pradesh,SHAHJAHANPUR,2013,Kharif,Urad,8176,4636,0.56702544
Uttar Pradesh,SHAHJAHANPUR,2013,Rabi,Barley,63,174,2.761904762
Uttar Pradesh,SHAHJAHANPUR,2013,Rabi,Coriander,177,97,0.548022599
Uttar Pradesh,SHAHJAHANPUR,2013,Rabi,Garlic,97,569,5.865979381
Uttar Pradesh,SHAHJAHANPUR,2013,Rabi,Gram,95,41,0.431578947
Uttar Pradesh,SHAHJAHANPUR,2013,Rabi,Linseed,1,,
Uttar Pradesh,SHAHJAHANPUR,2013,Rabi,Masoor,18705,15843,0.846992783
Uttar Pradesh,SHAHJAHANPUR,2013,Rabi,Onion,227,4617,20.33920705
Uttar Pradesh,SHAHJAHANPUR,2013,Rabi,Peas & beans (Pulses),803,1733,2.158156912
Uttar Pradesh,SHAHJAHANPUR,2013,Rabi,Potato,12353,419187,33.93402412
Uttar Pradesh,SHAHJAHANPUR,2013,Rabi,Rapeseed &Mustard,12506,9692,0.774988006
Uttar Pradesh,SHAHJAHANPUR,2013,Rabi,Tobacco,535,2943,5.500934579
Uttar Pradesh,SHAHJAHANPUR,2013,Rabi,Turmeric,27,78,2.888888889
Uttar Pradesh,SHAHJAHANPUR,2013,Rabi,Wheat,255240,934689,3.66200047
Uttar Pradesh,SHAHJAHANPUR,2013,Summer,Maize,272,500,1.838235294
Uttar Pradesh,SHAHJAHANPUR,2013,Summer,Moong(Green Gram),80,53,0.6625
Uttar Pradesh,SHAHJAHANPUR,2013,Summer,Onion,85,1144,13.45882353
Uttar Pradesh,SHAHJAHANPUR,2013,Summer,Rice,5320,14279,2.684022556
Uttar Pradesh,SHAHJAHANPUR,2013,Summer,Sunflower,5,8,1.6
Uttar Pradesh,SHAHJAHANPUR,2013,Summer,Tobacco,46,141,3.065217391
Uttar Pradesh,SHAHJAHANPUR,2013,Summer,Urad,104,60,0.576923077
Uttar Pradesh,SHAHJAHANPUR,2014,Kharif,Arhar/Tur,145,105,0.724137931
Uttar Pradesh,SHAHJAHANPUR,2014,Kharif,Bajra,4166,6795,1.63106097
Uttar Pradesh,SHAHJAHANPUR,2014,Kharif,Dry chillies,7,6,0.857142857
Uttar Pradesh,SHAHJAHANPUR,2014,Kharif,Groundnut,3661,4093,1.118000546
Uttar Pradesh,SHAHJAHANPUR,2014,Kharif,Guar seed,2,2,1
Uttar Pradesh,SHAHJAHANPUR,2014,Kharif,Jowar,1146,1091,0.952006981
Uttar Pradesh,SHAHJAHANPUR,2014,Kharif,Maize,1807,1928,1.066961815
Uttar Pradesh,SHAHJAHANPUR,2014,Kharif,Moong(Green Gram),11,4,0.363636364
Uttar Pradesh,SHAHJAHANPUR,2014,Kharif,Rice,203946,572069,2.805002305
Uttar Pradesh,SHAHJAHANPUR,2014,Kharif,Sesamum,7485,1250,0.167000668
Uttar Pradesh,SHAHJAHANPUR,2014,Kharif,Sugarcane,42195,2850863,67.56400047
Uttar Pradesh,SHAHJAHANPUR,2014,Kharif,Sweet potato,922,11421,12.38720174
Uttar Pradesh,SHAHJAHANPUR,2014,Kharif,Urad,8123,4728,0.582050966
Uttar Pradesh,SHAHJAHANPUR,2014,Rabi,Barley,2166,3714,1.71468144
Uttar Pradesh,SHAHJAHANPUR,2014,Rabi,Coriander,32,16,0.5
Uttar Pradesh,SHAHJAHANPUR,2014,Rabi,Garlic,85,493,5.8
Uttar Pradesh,SHAHJAHANPUR,2014,Rabi,Gram,67,20,0.298507463
Uttar Pradesh,SHAHJAHANPUR,2014,Rabi,Maize,10,24,2.4
Uttar Pradesh,SHAHJAHANPUR,2014,Rabi,Masoor,21772,20509,0.941989712
Uttar Pradesh,SHAHJAHANPUR,2014,Rabi,Onion,327,5003,15.29969419
Uttar Pradesh,SHAHJAHANPUR,2014,Rabi,Peas & beans (Pulses),505,495,0.98019802
Uttar Pradesh,SHAHJAHANPUR,2014,Rabi,Potato,7444,86060,11.56098872
Uttar Pradesh,SHAHJAHANPUR,2014,Rabi,Rapeseed &Mustard,14791,8370,0.56588466
Uttar Pradesh,SHAHJAHANPUR,2014,Rabi,Tobacco,512,2167,4.232421875
Uttar Pradesh,SHAHJAHANPUR,2014,Rabi,Turmeric,22,62,2.818181818
Uttar Pradesh,SHAHJAHANPUR,2014,Rabi,Wheat,260462,517017,1.984999731
Uttar Pradesh,SHAHJAHANPUR,2014,Summer,Banana,4,180,45
Uttar Pradesh,SHAHJAHANPUR,2014,Summer,Maize,165,293,1.775757576
Uttar Pradesh,SHAHJAHANPUR,2014,Summer,Moong(Green Gram),46,31,0.673913043
Uttar Pradesh,SHAHJAHANPUR,2014,Summer,Onion,90,1361,15.12222222
Uttar Pradesh,SHAHJAHANPUR,2014,Summer,Rice,5379,15088,2.804982339
Uttar Pradesh,SHAHJAHANPUR,2014,Summer,Tobacco,46,120,2.608695652
Uttar Pradesh,SHAHJAHANPUR,2014,Summer,Urad,285,154,0.540350877
Uttar Pradesh,SHAMLI,2012,Kharif,Arhar/Tur,4,3,0.75
Uttar Pradesh,SHAMLI,2012,Kharif,Cotton(lint),34,8,0.235294118
Uttar Pradesh,SHAMLI,2012,Kharif,Dry chillies,68,55,0.808823529
Uttar Pradesh,SHAMLI,2012,Kharif,Maize,38,50,1.315789474
Uttar Pradesh,SHAMLI,2012,Kharif,Moong(Green Gram),4,2,0.5
Uttar Pradesh,SHAMLI,2012,Kharif,Rice,20766,53639,2.583020322
Uttar Pradesh,SHAMLI,2012,Kharif,Sesamum,21,4,0.19047619
Uttar Pradesh,SHAMLI,2012,Kharif,Sugarcane,65987,4689300,71.06399745
Uttar Pradesh,SHAMLI,2012,Kharif,Sweet potato,16,207,12.9375
Uttar Pradesh,SHAMLI,2012,Kharif,Urad,201,133,0.661691542
Uttar Pradesh,SHAMLI,2012,Rabi,Barley,161,429,2.664596273
Uttar Pradesh,SHAMLI,2012,Rabi,Garlic,339,1761,5.194690265
Uttar Pradesh,SHAMLI,2012,Rabi,Gram,4,5,1.25
Uttar Pradesh,SHAMLI,2012,Rabi,Masoor,81,77,0.950617284
Uttar Pradesh,SHAMLI,2012,Rabi,Onion,35,805,23
Uttar Pradesh,SHAMLI,2012,Rabi,Peas & beans (Pulses),15,22,1.466666667
Uttar Pradesh,SHAMLI,2012,Rabi,Potato,644,16784,26.0621118
Uttar Pradesh,SHAMLI,2012,Rabi,Rapeseed &Mustard,829,924,1.114595899
Uttar Pradesh,SHAMLI,2012,Rabi,Turmeric,3,9,3
Uttar Pradesh,SHAMLI,2012,Rabi,Wheat,50033,188124,3.759998401
Uttar Pradesh,SHAMLI,2012,Summer,Maize,33,61,1.848484848
Uttar Pradesh,SHAMLI,2012,Summer,Moong(Green Gram),103,84,0.815533981
Uttar Pradesh,SHAMLI,2012,Summer,Onion,8,87,10.875
Uttar Pradesh,SHAMLI,2012,Summer,Rice,25,65,2.6
Uttar Pradesh,SHAMLI,2012,Summer,Urad,590,331,0.561016949
Uttar Pradesh,SHAMLI,2013,Kharif,Arhar/Tur,5,5,1
Uttar Pradesh,SHAMLI,2013,Kharif,Cotton(lint),9,2,0.222222222
Uttar Pradesh,SHAMLI,2013,Kharif,Dry chillies,56,45,0.803571429
Uttar Pradesh,SHAMLI,2013,Kharif,Maize,79,94,1.189873418
Uttar Pradesh,SHAMLI,2013,Kharif,Rice,19778,52234,2.641015269
Uttar Pradesh,SHAMLI,2013,Kharif,Sesamum,23,3,0.130434783
Uttar Pradesh,SHAMLI,2013,Kharif,Sugarcane,65837,5045221,76.63200024
Uttar Pradesh,SHAMLI,2013,Kharif,Urad,437,195,0.446224256
Uttar Pradesh,SHAMLI,2013,Rabi,Barley,175,503,2.874285714
Uttar Pradesh,SHAMLI,2013,Rabi,Garlic,65,381,5.861538462
Uttar Pradesh,SHAMLI,2013,Rabi,Gram,1,1,1
Uttar Pradesh,SHAMLI,2013,Rabi,Masoor,62,50,0.806451613
Uttar Pradesh,SHAMLI,2013,Rabi,Onion,50,1017,20.34
Uttar Pradesh,SHAMLI,2013,Rabi,Peas & beans (Pulses),12,12,1
Uttar Pradesh,SHAMLI,2013,Rabi,Potato,422,4610,10.92417062
Uttar Pradesh,SHAMLI,2013,Rabi,Rapeseed &Mustard,1223,1110,0.907604252
Uttar Pradesh,SHAMLI,2013,Rabi,Turmeric,16,46,2.875
Uttar Pradesh,SHAMLI,2013,Rabi,Wheat,46385,173665,3.743990514
Uttar Pradesh,SHAMLI,2013,Summer,Moong(Green Gram),26,17,0.653846154
Uttar Pradesh,SHAMLI,2013,Summer,Onion,3,40,13.33333333
Uttar Pradesh,SHAMLI,2013,Summer,Rice,78,206,2.641025641
Uttar Pradesh,SHAMLI,2013,Summer,Urad,661,396,0.599092284
Uttar Pradesh,SHAMLI,2014,Kharif,Dry chillies,47,39,0.829787234
Uttar Pradesh,SHAMLI,2014,Kharif,Maize,67,95,1.417910448
Uttar Pradesh,SHAMLI,2014,Kharif,Rice,22666,59952,2.645018971
Uttar Pradesh,SHAMLI,2014,Kharif,Sesamum,17,3,0.176470588
Uttar Pradesh,SHAMLI,2014,Kharif,Sugarcane,62990,4966384,78.84400699
Uttar Pradesh,SHAMLI,2014,Kharif,Urad,424,360,0.849056604
Uttar Pradesh,SHAMLI,2014,Rabi,Barley,103,177,1.718446602
Uttar Pradesh,SHAMLI,2014,Rabi,Garlic,202,1170,5.792079208
Uttar Pradesh,SHAMLI,2014,Rabi,Masoor,65,51,0.784615385
Uttar Pradesh,SHAMLI,2014,Rabi,Onion,24,367,15.29166667
Uttar Pradesh,SHAMLI,2014,Rabi,Peas & beans (Pulses),7,5,0.714285714
Uttar Pradesh,SHAMLI,2014,Rabi,Potato,308,8396,27.25974026
Uttar Pradesh,SHAMLI,2014,Rabi,Rapeseed &Mustard,940,562,0.59787234
Uttar Pradesh,SHAMLI,2014,Rabi,Turmeric,8,23,2.875
Uttar Pradesh,SHAMLI,2014,Rabi,Wheat,49296,149367,3.030002434
Uttar Pradesh,SHAMLI,2014,Summer,Moong(Green Gram),24,16,0.666666667
Uttar Pradesh,SHAMLI,2014,Summer,Onion,1,15,15
Uttar Pradesh,SHAMLI,2014,Summer,Rice,257,680,2.645914397
Uttar Pradesh,SHAMLI,2014,Summer,Urad,577,379,0.656845754
Uttar Pradesh,SHRAVASTI,1997,Kharif,Arhar/Tur,3878,2119,0.546415678
Uttar Pradesh,SHRAVASTI,1997,Kharif,Bajra,11,20,1.818181818
Uttar Pradesh,SHRAVASTI,1997,Kharif,Groundnut,72,58,0.805555556
Uttar Pradesh,SHRAVASTI,1997,Kharif,Jowar,286,325,1.136363636
Uttar Pradesh,SHRAVASTI,1997,Kharif,Maize,37001,24643,0.666009027
Uttar Pradesh,SHRAVASTI,1997,Kharif,Rice,69338,102960,1.484900055
Uttar Pradesh,SHRAVASTI,1997,Kharif,Sesamum,200,31,0.155
Uttar Pradesh,SHRAVASTI,1997,Kharif,Small millets,238,204,0.857142857
Uttar Pradesh,SHRAVASTI,1997,Kharif,Urad,392,128,0.326530612
Uttar Pradesh,SHRAVASTI,1997,Rabi,Barley,399,821,2.05764411
Uttar Pradesh,SHRAVASTI,1997,Rabi,Gram,1946,571,0.293422405
Uttar Pradesh,SHRAVASTI,1997,Rabi,Linseed,238,89,0.37394958
Uttar Pradesh,SHRAVASTI,1997,Rabi,Masoor,25660,14036,0.546999221
Uttar Pradesh,SHRAVASTI,1997,Rabi,Peas & beans (Pulses),335,435,1.298507463
Uttar Pradesh,SHRAVASTI,1997,Rabi,Rapeseed &Mustard,4996,2724,0.545236189
Uttar Pradesh,SHRAVASTI,1997,Rabi,Wheat,80899,159238,1.968355604
Uttar Pradesh,SHRAVASTI,1997,Summer,Maize,72,114,1.583333333
Uttar Pradesh,SHRAVASTI,1997,Summer,Moong(Green Gram),4,2,0.5
Uttar Pradesh,SHRAVASTI,1997,Summer,Urad,7,3,0.428571429
Uttar Pradesh,SHRAVASTI,1997,Whole Year,Potato,1364,12828,9.404692082
Uttar Pradesh,SHRAVASTI,1997,Whole Year,Sugarcane,1561,76227,48.83215887
Uttar Pradesh,SHRAVASTI,1998,Kharif,Arhar/Tur,3857,2356,0.610837438
Uttar Pradesh,SHRAVASTI,1998,Kharif,Bajra,10,15,1.5
Uttar Pradesh,SHRAVASTI,1998,Kharif,Groundnut,74,61,0.824324324
Uttar Pradesh,SHRAVASTI,1998,Kharif,Jowar,256,230,0.8984375
Uttar Pradesh,SHRAVASTI,1998,Kharif,Jute,42,32,0.761904762
Uttar Pradesh,SHRAVASTI,1998,Kharif,Maize,41297,17386,0.420999104
Uttar Pradesh,SHRAVASTI,1998,Kharif,Moong(Green Gram),40,8,0.2
Uttar Pradesh,SHRAVASTI,1998,Kharif,Rice,70718,115290,1.630278006
Uttar Pradesh,SHRAVASTI,1998,Kharif,Sesamum,195,24,0.123076923
Uttar Pradesh,SHRAVASTI,1998,Kharif,Small millets,217,85,0.391705069
Uttar Pradesh,SHRAVASTI,1998,Kharif,Urad,340,105,0.308823529
Uttar Pradesh,SHRAVASTI,1998,Rabi,Barley,399,974,2.441102757
Uttar Pradesh,SHRAVASTI,1998,Rabi,Gram,1850,1021,0.551891892
Uttar Pradesh,SHRAVASTI,1998,Rabi,Linseed,166,46,0.277108434
Uttar Pradesh,SHRAVASTI,1998,Rabi,Masoor,26590,18453,0.6939827
Uttar Pradesh,SHRAVASTI,1998,Rabi,Peas & beans (Pulses),335,354,1.056716418
Uttar Pradesh,SHRAVASTI,1998,Rabi,Rapeseed &Mustard,5483,3461,0.631223783
Uttar Pradesh,SHRAVASTI,1998,Rabi,Wheat,81620,172354,2.111663808
Uttar Pradesh,SHRAVASTI,1998,Summer,Maize,68,69,1.014705882
Uttar Pradesh,SHRAVASTI,1998,Summer,Moong(Green Gram),3,2,0.666666667
Uttar Pradesh,SHRAVASTI,1998,Summer,Urad,9,4,0.444444444
Uttar Pradesh,SHRAVASTI,1998,Whole Year,Onion,530,6400,12.0754717
Uttar Pradesh,SHRAVASTI,1998,Whole Year,Potato,1387,22484,16.21052632
Uttar Pradesh,SHRAVASTI,1998,Whole Year,Sannhamp,13,5,0.384615385
Uttar Pradesh,SHRAVASTI,1998,Whole Year,Sugarcane,1686,82214,48.76275208
Uttar Pradesh,SHRAVASTI,1998,Whole Year,Turmeric,16,30,1.875
Uttar Pradesh,SHRAVASTI,1999,Kharif,Arhar/Tur,5141,3879,0.754522466
Uttar Pradesh,SHRAVASTI,1999,Kharif,Bajra,11,19,1.727272727
Uttar Pradesh,SHRAVASTI,1999,Kharif,Groundnut,100,117,1.17
Uttar Pradesh,SHRAVASTI,1999,Kharif,Jowar,264,178,0.674242424
Uttar Pradesh,SHRAVASTI,1999,Kharif,Jute,30,23,0.766666667
Uttar Pradesh,SHRAVASTI,1999,Kharif,Maize,42540,36457,0.857005172
Uttar Pradesh,SHRAVASTI,1999,Kharif,Moong(Green Gram),20,5,0.25
Uttar Pradesh,SHRAVASTI,1999,Kharif,Rice,73377,124666,1.698979244
Uttar Pradesh,SHRAVASTI,1999,Kharif,Small millets,104,69,0.663461538
Uttar Pradesh,SHRAVASTI,1999,Rabi,Barley,406,633,1.5591133
Uttar Pradesh,SHRAVASTI,1999,Rabi,Gram,1973,1288,0.652812975
Uttar Pradesh,SHRAVASTI,1999,Rabi,Linseed,179,83,0.463687151
Uttar Pradesh,SHRAVASTI,1999,Rabi,Maize,88,128,1.454545455
Uttar Pradesh,SHRAVASTI,1999,Rabi,Rapeseed &Mustard,5816,3934,0.676409904
Uttar Pradesh,SHRAVASTI,1999,Rabi,Wheat,90059,215379,2.391532218
Uttar Pradesh,SHRAVASTI,1999,Summer,Moong(Green Gram),3,2,0.666666667
Uttar Pradesh,SHRAVASTI,1999,Summer,Urad,9,5,0.555555556
Uttar Pradesh,SHRAVASTI,1999,Whole Year,Onion,1052,15080,14.33460076
Uttar Pradesh,SHRAVASTI,1999,Whole Year,Peas & beans (Pulses),331,315,0.951661631
Uttar Pradesh,SHRAVASTI,1999,Whole Year,Potato,1699,45160,26.58034138
Uttar Pradesh,SHRAVASTI,1999,Whole Year,Sugarcane,2322,121332,52.25322997
Uttar Pradesh,SHRAVASTI,1999,Whole Year,Turmeric,22,34,1.545454545
Uttar Pradesh,SHRAVASTI,2000,Kharif,Arhar/Tur,4999,2824,0.564912983
Uttar Pradesh,SHRAVASTI,2000,Kharif,Bajra,28,48,1.714285714
Uttar Pradesh,SHRAVASTI,2000,Kharif,Groundnut,99,128,1.292929293
Uttar Pradesh,SHRAVASTI,2000,Kharif,Jowar,241,298,1.236514523
Uttar Pradesh,SHRAVASTI,2000,Kharif,Jute,16,13,0.8125
Uttar Pradesh,SHRAVASTI,2000,Kharif,Maize,41351,33784,0.817005635
Uttar Pradesh,SHRAVASTI,2000,Kharif,Moong(Green Gram),20,6,0.3
Uttar Pradesh,SHRAVASTI,2000,Kharif,Rice,77496,138415,1.786092185
Uttar Pradesh,SHRAVASTI,2000,Kharif,Sesamum,210,34,0.161904762
Uttar Pradesh,SHRAVASTI,2000,Kharif,Small millets,40,26,0.65
Uttar Pradesh,SHRAVASTI,2000,Kharif,Urad,432,102,0.236111111
Uttar Pradesh,SHRAVASTI,2000,Rabi,Barley,337,721,2.139465875
Uttar Pradesh,SHRAVASTI,2000,Rabi,Gram,1950,1124,0.576410256
Uttar Pradesh,SHRAVASTI,2000,Rabi,Linseed,163,69,0.423312883
Uttar Pradesh,SHRAVASTI,2000,Rabi,Maize,87,141,1.620689655
Uttar Pradesh,SHRAVASTI,2000,Rabi,Masoor,26556,18536,0.697996686
Uttar Pradesh,SHRAVASTI,2000,Rabi,Moong(Green Gram),3,1,0.333333333
Uttar Pradesh,SHRAVASTI,2000,Rabi,Peas & beans (Pulses),302,298,0.986754967
Uttar Pradesh,SHRAVASTI,2000,Rabi,Rapeseed &Mustard,6638,4026,0.606507984
Uttar Pradesh,SHRAVASTI,2000,Rabi,Urad,10,5,0.5
Uttar Pradesh,SHRAVASTI,2000,Rabi,Wheat,93469,211766,2.265628176
Uttar Pradesh,SHRAVASTI,2000,Whole Year,Potato,2000,39191,19.5955
Uttar Pradesh,SHRAVASTI,2000,Whole Year,Sugarcane,3041,162256,53.35613285
Uttar Pradesh,SHRAVASTI,2000,Whole Year,Turmeric,226,394,1.743362832
Uttar Pradesh,SHRAVASTI,2001,Kharif,Arhar/Tur,4410,3124,0.708390023
Uttar Pradesh,SHRAVASTI,2001,Kharif,Bajra,111,178,1.603603604
Uttar Pradesh,SHRAVASTI,2001,Kharif,Groundnut,281,300,1.067615658
Uttar Pradesh,SHRAVASTI,2001,Kharif,Jowar,228,272,1.192982456
Uttar Pradesh,SHRAVASTI,2001,Kharif,Maize,25448,24277,0.953984596
Uttar Pradesh,SHRAVASTI,2001,Kharif,Moth,11,4,0.363636364
Uttar Pradesh,SHRAVASTI,2001,Kharif,Rice,73835,142250,1.926593079
Uttar Pradesh,SHRAVASTI,2001,Kharif,Sesamum,614,153,0.249185668
Uttar Pradesh,SHRAVASTI,2001,Kharif,Small millets,62,44,0.709677419
Uttar Pradesh,SHRAVASTI,2001,Kharif,Sunflower,5,10,2
Uttar Pradesh,SHRAVASTI,2001,Kharif,Urad,517,186,0.359767892
Uttar Pradesh,SHRAVASTI,2001,Rabi,Barley,137,340,2.481751825
Uttar Pradesh,SHRAVASTI,2001,Rabi,Gram,380,247,0.65
Uttar Pradesh,SHRAVASTI,2001,Rabi,Linseed,328,138,0.420731707
Uttar Pradesh,SHRAVASTI,2001,Rabi,Maize,107,174,1.626168224
Uttar Pradesh,SHRAVASTI,2001,Rabi,Masoor,26361,17056,0.647016426
Uttar Pradesh,SHRAVASTI,2001,Rabi,Peas & beans (Pulses),199,213,1.070351759
Uttar Pradesh,SHRAVASTI,2001,Rabi,Rapeseed &Mustard,2991,1974,0.65997994
Uttar Pradesh,SHRAVASTI,2001,Rabi,Urad,9,4,0.444444444
Uttar Pradesh,SHRAVASTI,2001,Rabi,Wheat,60549,151480,2.501775422
Uttar Pradesh,SHRAVASTI,2001,Whole Year,Potato,427,10531,24.66276347
Uttar Pradesh,SHRAVASTI,2001,Whole Year,Sugarcane,3055,159703,52.27594108
Uttar Pradesh,SHRAVASTI,2001,Whole Year,Turmeric,6,11,1.833333333
Uttar Pradesh,SHRAVASTI,2002,Kharif,Bajra,61,94,1.540983607
Uttar Pradesh,SHRAVASTI,2002,Kharif,Groundnut,346,240,0.693641618
Uttar Pradesh,SHRAVASTI,2002,Kharif,Jowar,51,58,1.137254902
Uttar Pradesh,SHRAVASTI,2002,Kharif,Maize,25905,21708,0.837984945
Uttar Pradesh,SHRAVASTI,2002,Kharif,Rice,68489,62505,0.912628305
Uttar Pradesh,SHRAVASTI,2002,Kharif,Sesamum,611,98,0.160392799
Uttar Pradesh,SHRAVASTI,2002,Kharif,Small millets,115,50,0.434782609
Uttar Pradesh,SHRAVASTI,2002,Kharif,Urad,505,108,0.213861386
Uttar Pradesh,SHRAVASTI,2002,Rabi,Barley,84,207,2.464285714
Uttar Pradesh,SHRAVASTI,2002,Rabi,Gram,142,73,0.514084507
Uttar Pradesh,SHRAVASTI,2002,Rabi,Linseed,157,68,0.433121019
Uttar Pradesh,SHRAVASTI,2002,Rabi,Maize,501,555,1.107784431
Uttar Pradesh,SHRAVASTI,2002,Rabi,Masoor,23512,20220,0.85998639
Uttar Pradesh,SHRAVASTI,2002,Rabi,Onion,36,371,10.30555556
Uttar Pradesh,SHRAVASTI,2002,Rabi,Peas & beans (Pulses),126,93,0.738095238
Uttar Pradesh,SHRAVASTI,2002,Rabi,Ragi,1,1,1
Uttar Pradesh,SHRAVASTI,2002,Rabi,Rapeseed &Mustard,2952,1768,0.598915989
Uttar Pradesh,SHRAVASTI,2002,Rabi,Wheat,59790,127578,2.133768189
Uttar Pradesh,SHRAVASTI,2002,Summer,Moong(Green Gram),5,3,0.6
Uttar Pradesh,SHRAVASTI,2002,Summer,Onion,64,715,11.171875
Uttar Pradesh,SHRAVASTI,2002,Summer,Urad,38,20,0.526315789
Uttar Pradesh,SHRAVASTI,2002,Whole Year,Potato,400,9279,23.1975
Uttar Pradesh,SHRAVASTI,2002,Whole Year,Sugarcane,3063,161873,52.84786157
Uttar Pradesh,SHRAVASTI,2002,Whole Year,Turmeric,4,7,1.75
Uttar Pradesh,SHRAVASTI,2003,Kharif,Arhar/Tur,3160,1503,0.475632911
Uttar Pradesh,SHRAVASTI,2003,Kharif,Bajra,5,7,1.4
Uttar Pradesh,SHRAVASTI,2003,Kharif,Groundnut,216,155,0.717592593
Uttar Pradesh,SHRAVASTI,2003,Kharif,Jowar,105,134,1.276190476
Uttar Pradesh,SHRAVASTI,2003,Kharif,Maize,27211,26204,0.962992907
Uttar Pradesh,SHRAVASTI,2003,Kharif,Rice,66303,125715,1.896068051
Uttar Pradesh,SHRAVASTI,2003,Kharif,Sesamum,322,42,0.130434783
Uttar Pradesh,SHRAVASTI,2003,Kharif,Sunflower,4,7,1.75
Uttar Pradesh,SHRAVASTI,2003,Kharif,Urad,477,139,0.291404612
Uttar Pradesh,SHRAVASTI,2003,Rabi,Barley,91,204,2.241758242
Uttar Pradesh,SHRAVASTI,2003,Rabi,Gram,148,101,0.682432432
Uttar Pradesh,SHRAVASTI,2003,Rabi,Linseed,131,65,0.496183206
Uttar Pradesh,SHRAVASTI,2003,Rabi,Masoor,23422,19628,0.838015541
Uttar Pradesh,SHRAVASTI,2003,Rabi,Onion,23,330,14.34782609
Uttar Pradesh,SHRAVASTI,2003,Rabi,Peas & beans (Pulses),114,156,1.368421053
Uttar Pradesh,SHRAVASTI,2003,Rabi,Rapeseed &Mustard,2916,1820,0.624142661
Uttar Pradesh,SHRAVASTI,2003,Rabi,Wheat,59693,162825,2.727706766
Uttar Pradesh,SHRAVASTI,2003,Summer,Maize,284,388,1.366197183
Uttar Pradesh,SHRAVASTI,2003,Summer,Moong(Green Gram),4,2,0.5
Uttar Pradesh,SHRAVASTI,2003,Summer,Onion,77,760,9.87012987
Uttar Pradesh,SHRAVASTI,2003,Summer,Urad,381,187,0.490813648
Uttar Pradesh,SHRAVASTI,2003,Whole Year,Potato,395,7460,18.88607595
Uttar Pradesh,SHRAVASTI,2003,Whole Year,Sugarcane,2799,141999,50.73204716
Uttar Pradesh,SHRAVASTI,2003,Whole Year,Turmeric,3,5,1.666666667
Uttar Pradesh,SHRAVASTI,2004,Kharif,Bajra,2,4,2
Uttar Pradesh,SHRAVASTI,2004,Kharif,Groundnut,227,154,0.678414097
Uttar Pradesh,SHRAVASTI,2004,Kharif,Jowar,201,206,1.024875622
Uttar Pradesh,SHRAVASTI,2004,Kharif,Maize,24529,22248,0.907008031
Uttar Pradesh,SHRAVASTI,2004,Kharif,Rice,69819,112400,1.609876968
Uttar Pradesh,SHRAVASTI,2004,Kharif,Sesamum,292,47,0.160958904
Uttar Pradesh,SHRAVASTI,2004,Kharif,Small millets,15,6,0.4
Uttar Pradesh,SHRAVASTI,2004,Kharif,Sugarcane,2452,126896,51.75203915
Uttar Pradesh,SHRAVASTI,2004,Rabi,Barley,61,123,2.016393443
Uttar Pradesh,SHRAVASTI,2004,Rabi,Gram,147,136,0.925170068
Uttar Pradesh,SHRAVASTI,2004,Rabi,Linseed,122,56,0.459016393
Uttar Pradesh,SHRAVASTI,2004,Rabi,Maize,7,32,4.571428571
Uttar Pradesh,SHRAVASTI,2004,Rabi,Potato,400,8953,22.3825
Uttar Pradesh,SHRAVASTI,2004,Rabi,Rapeseed &Mustard,2716,1745,0.642488954
Uttar Pradesh,SHRAVASTI,2004,Rabi,Turmeric,5,9,1.8
Uttar Pradesh,SHRAVASTI,2004,Rabi,Wheat,58437,134523,2.302017557
Uttar Pradesh,SHRAVASTI,2004,Whole Year,Banana,6,218,36.33333333
Uttar Pradesh,SHRAVASTI,2004,Whole Year,Dry chillies,15,14,0.933333333
Uttar Pradesh,SHRAVASTI,2004,Whole Year,Garlic,19,82,4.315789474
Uttar Pradesh,SHRAVASTI,2004,Whole Year,Guar seed,43,36,0.837209302
Uttar Pradesh,SHRAVASTI,2004,Whole Year,Onion,98,1134,11.57142857
Uttar Pradesh,SHRAVASTI,2004,Whole Year,Sweet potato,18,209,11.61111111
Uttar Pradesh,SHRAVASTI,2005,Kharif,Jowar,1,1,1
Uttar Pradesh,SHRAVASTI,2005,Kharif,Maize,24476,19287,0.787996405
Uttar Pradesh,SHRAVASTI,2005,Kharif,Rice,72030,129294,1.795002082
Uttar Pradesh,SHRAVASTI,2005,Kharif,Sesamum,332,59,0.177710843
Uttar Pradesh,SHRAVASTI,2005,Kharif,Small millets,28,16,0.571428571
Uttar Pradesh,SHRAVASTI,2005,Kharif,Sugarcane,3721,186318,50.07202365
Uttar Pradesh,SHRAVASTI,2005,Rabi,Barley,111,197,1.774774775
Uttar Pradesh,SHRAVASTI,2005,Rabi,Gram,7,7,1
Uttar Pradesh,SHRAVASTI,2005,Rabi,Linseed,136,56,0.411764706
Uttar Pradesh,SHRAVASTI,2005,Rabi,Potato,484,10857,22.43181818
Uttar Pradesh,SHRAVASTI,2005,Rabi,Rapeseed &Mustard,2326,1803,0.775150473
Uttar Pradesh,SHRAVASTI,2005,Rabi,Turmeric,4,18,4.5
Uttar Pradesh,SHRAVASTI,2005,Rabi,Wheat,62816,142655,2.270997835
Uttar Pradesh,SHRAVASTI,2005,Whole Year,Banana,4,153,38.25
Uttar Pradesh,SHRAVASTI,2005,Whole Year,Coriander,2,1,0.5
Uttar Pradesh,SHRAVASTI,2005,Whole Year,Dry chillies,3,3,1
Uttar Pradesh,SHRAVASTI,2005,Whole Year,Garlic,2,9,4.5
Uttar Pradesh,SHRAVASTI,2005,Whole Year,Guar seed,52,42,0.807692308
Uttar Pradesh,SHRAVASTI,2005,Whole Year,Onion,88,1135,12.89772727
Uttar Pradesh,SHRAVASTI,2005,Whole Year,Sweet potato,20,262,13.1
Uttar Pradesh,SHRAVASTI,2006,Kharif,Arhar/Tur,3561,2327,0.653468127
Uttar Pradesh,SHRAVASTI,2006,Kharif,Bajra,2,4,2
Uttar Pradesh,SHRAVASTI,2006,Kharif,Groundnut,322,233,0.723602484
Uttar Pradesh,SHRAVASTI,2006,Kharif,Jowar,252,283,1.123015873
Uttar Pradesh,SHRAVASTI,2006,Kharif,Maize,23789,16248,0.68300475
Uttar Pradesh,SHRAVASTI,2006,Kharif,Other Kharif pulses,332,186,0.560240964
Uttar Pradesh,SHRAVASTI,2006,Kharif,Rice,66170,95152,1.437993048
Uttar Pradesh,SHRAVASTI,2006,Kharif,Sesamum,365,61,0.167123288
Uttar Pradesh,SHRAVASTI,2006,Kharif,Sugarcane,3459,204510,59.12402428
Uttar Pradesh,SHRAVASTI,2006,Kharif,Sweet potato,49,669,13.65306122
Uttar Pradesh,SHRAVASTI,2006,Rabi,Barley,50,100,2
Uttar Pradesh,SHRAVASTI,2006,Rabi,Garlic,15,66,4.4
Uttar Pradesh,SHRAVASTI,2006,Rabi,Gram,139,105,0.755395683
Uttar Pradesh,SHRAVASTI,2006,Rabi,Linseed,100,35,0.35
Uttar Pradesh,SHRAVASTI,2006,Rabi,Masoor,22809,12408,0.543995791
Uttar Pradesh,SHRAVASTI,2006,Rabi,Onion,41,786,19.17073171
Uttar Pradesh,SHRAVASTI,2006,Rabi,Other  Rabi pulses,121,117,0.966942149
Uttar Pradesh,SHRAVASTI,2006,Rabi,Potato,460,10045,21.83695652
Uttar Pradesh,SHRAVASTI,2006,Rabi,Rapeseed &Mustard,3570,3209,0.898879552
Uttar Pradesh,SHRAVASTI,2006,Rabi,Turmeric,5,17,3.4
Uttar Pradesh,SHRAVASTI,2006,Rabi,Wheat,58426,153251,2.622993188
Uttar Pradesh,SHRAVASTI,2006,Summer,Maize,521,691,1.326295585
Uttar Pradesh,SHRAVASTI,2006,Summer,Onion,64,745,11.640625
Uttar Pradesh,SHRAVASTI,2006,Whole Year,Banana,10,388,38.8
Uttar Pradesh,SHRAVASTI,2006,Whole Year,Coriander,9,5,0.555555556
Uttar Pradesh,SHRAVASTI,2006,Whole Year,Dry chillies,8,7,0.875
Uttar Pradesh,SHRAVASTI,2006,Whole Year,Guar seed,62,52,0.838709677
Uttar Pradesh,SHRAVASTI,2007,Kharif,Arhar/Tur,3384,2589,0.765070922
Uttar Pradesh,SHRAVASTI,2007,Kharif,Dry chillies,11,11,1
Uttar Pradesh,SHRAVASTI,2007,Kharif,Groundnut,294,176,0.598639456
Uttar Pradesh,SHRAVASTI,2007,Kharif,Guar seed,69,58,0.84057971
Uttar Pradesh,SHRAVASTI,2007,Kharif,Jowar,67,63,0.940298507
Uttar Pradesh,SHRAVASTI,2007,Kharif,Maize,22774,16329,0.717001844
Uttar Pradesh,SHRAVASTI,2007,Kharif,Rice,69358,129561,1.868003691
Uttar Pradesh,SHRAVASTI,2007,Kharif,Sesamum,515,79,0.153398058
Uttar Pradesh,SHRAVASTI,2007,Kharif,Sugarcane,2731,133554,48.90296595
Uttar Pradesh,SHRAVASTI,2007,Kharif,Sweet potato,9,121,13.44444444
Uttar Pradesh,SHRAVASTI,2007,Kharif,Urad,251,110,0.438247012
Uttar Pradesh,SHRAVASTI,2007,Rabi,Barley,78,173,2.217948718
Uttar Pradesh,SHRAVASTI,2007,Rabi,Coriander,5,3,0.6
Uttar Pradesh,SHRAVASTI,2007,Rabi,Gram,262,196,0.748091603
Uttar Pradesh,SHRAVASTI,2007,Rabi,Linseed,14,3,0.214285714
Uttar Pradesh,SHRAVASTI,2007,Rabi,Masoor,21784,12330,0.566011752
Uttar Pradesh,SHRAVASTI,2007,Rabi,Onion,36,502,13.94444444
Uttar Pradesh,SHRAVASTI,2007,Rabi,Other  Rabi pulses,147,138,0.93877551
Uttar Pradesh,SHRAVASTI,2007,Rabi,Potato,431,9472,21.97679814
Uttar Pradesh,SHRAVASTI,2007,Rabi,Rapeseed &Mustard,2427,1825,0.751957149
Uttar Pradesh,SHRAVASTI,2007,Rabi,Wheat,59470,137614,2.314007062
Uttar Pradesh,SHRAVASTI,2007,Summer,Maize,521,749,1.437619962
Uttar Pradesh,SHRAVASTI,2007,Summer,Moong(Green Gram),11,7,0.636363636
Uttar Pradesh,SHRAVASTI,2007,Summer,Onion,64,1225,19.140625
Uttar Pradesh,SHRAVASTI,2008,Kharif,Arhar/Tur,2903,1902,0.655184292
Uttar Pradesh,SHRAVASTI,2008,Kharif,Dry chillies,7,7,1
Uttar Pradesh,SHRAVASTI,2008,Kharif,Groundnut,70,50,0.714285714
Uttar Pradesh,SHRAVASTI,2008,Kharif,Guar seed,25,21,0.84
Uttar Pradesh,SHRAVASTI,2008,Kharif,Jowar,111,123,1.108108108
Uttar Pradesh,SHRAVASTI,2008,Kharif,Maize,14273,10291,0.7210117
Uttar Pradesh,SHRAVASTI,2008,Kharif,Rice,71092,162801,2.290004501
Uttar Pradesh,SHRAVASTI,2008,Kharif,Sesamum,292,48,0.164383562
Uttar Pradesh,SHRAVASTI,2008,Kharif,Soyabean,42,36,0.857142857
Uttar Pradesh,SHRAVASTI,2008,Kharif,Sugarcane,2809,114648,40.81452474
Uttar Pradesh,SHRAVASTI,2008,Kharif,Sweet potato,5,62,12.4
Uttar Pradesh,SHRAVASTI,2008,Kharif,Urad,348,187,0.537356322
Uttar Pradesh,SHRAVASTI,2008,Rabi,Barley,198,458,2.313131313
Uttar Pradesh,SHRAVASTI,2008,Rabi,Garlic,3,18,6
Uttar Pradesh,SHRAVASTI,2008,Rabi,Gram,461,457,0.99132321
Uttar Pradesh,SHRAVASTI,2008,Rabi,Linseed,338,152,0.449704142
Uttar Pradesh,SHRAVASTI,2008,Rabi,Masoor,21656,14856,0.685999261
Uttar Pradesh,SHRAVASTI,2008,Rabi,Onion,253,2966,11.72332016
Uttar Pradesh,SHRAVASTI,2008,Rabi,Peas & beans (Pulses),216,261,1.208333333
Uttar Pradesh,SHRAVASTI,2008,Rabi,Potato,580,11889,20.49827586
Uttar Pradesh,SHRAVASTI,2008,Rabi,Rapeseed &Mustard,2004,1431,0.714071856
Uttar Pradesh,SHRAVASTI,2008,Rabi,Wheat,60890,162515,2.668993267
Uttar Pradesh,SHRAVASTI,2008,Summer,Banana,4,153,38.25
Uttar Pradesh,SHRAVASTI,2008,Summer,Maize,248,371,1.495967742
Uttar Pradesh,SHRAVASTI,2008,Summer,Moong(Green Gram),23,17,0.739130435
Uttar Pradesh,SHRAVASTI,2008,Summer,Rice,12,27,2.25
Uttar Pradesh,SHRAVASTI,2009,Kharif,Arhar/Tur,2438,1059,0.434372436
Uttar Pradesh,SHRAVASTI,2009,Kharif,Dry chillies,9,8,0.888888889
Uttar Pradesh,SHRAVASTI,2009,Kharif,Groundnut,43,29,0.674418605
Uttar Pradesh,SHRAVASTI,2009,Kharif,Guar seed,2,2,1
Uttar Pradesh,SHRAVASTI,2009,Kharif,Jowar,10,10,1
Uttar Pradesh,SHRAVASTI,2009,Kharif,Maize,10041,6768,0.674036451
Uttar Pradesh,SHRAVASTI,2009,Kharif,Rice,68558,147125,2.145993174
Uttar Pradesh,SHRAVASTI,2009,Kharif,Sesamum,215,22,0.102325581
Uttar Pradesh,SHRAVASTI,2009,Kharif,Sugarcane,8233,405734,49.2814284
Uttar Pradesh,SHRAVASTI,2009,Kharif,Sweet potato,20,272,13.6
Uttar Pradesh,SHRAVASTI,2009,Kharif,Urad,634,242,0.38170347
Uttar Pradesh,SHRAVASTI,2009,Rabi,Barley,234,525,2.243589744
Uttar Pradesh,SHRAVASTI,2009,Rabi,Coriander,3,2,0.666666667
Uttar Pradesh,SHRAVASTI,2009,Rabi,Garlic,1,5,5
Uttar Pradesh,SHRAVASTI,2009,Rabi,Gram,403,333,0.82630273
Uttar Pradesh,SHRAVASTI,2009,Rabi,Linseed,118,52,0.440677966
Uttar Pradesh,SHRAVASTI,2009,Rabi,Masoor,20658,15927,0.770984606
Uttar Pradesh,SHRAVASTI,2009,Rabi,Onion,111,1906,17.17117117
Uttar Pradesh,SHRAVASTI,2009,Rabi,Peas & beans (Pulses),258,331,1.282945736
Uttar Pradesh,SHRAVASTI,2009,Rabi,Potato,549,13651,24.86520947
Uttar Pradesh,SHRAVASTI,2009,Rabi,Rapeseed &Mustard,2062,1523,0.738603298
Uttar Pradesh,SHRAVASTI,2009,Rabi,Wheat,58266,155622,2.670888683
Uttar Pradesh,SHRAVASTI,2009,Summer,Banana,8,329,41.125
Uttar Pradesh,SHRAVASTI,2009,Summer,Maize,85,124,1.458823529
Uttar Pradesh,SHRAVASTI,2009,Summer,Moong(Green Gram),71,51,0.718309859
Uttar Pradesh,SHRAVASTI,2009,Summer,Onion,25,384,15.36
Uttar Pradesh,SHRAVASTI,2009,Summer,Urad,40,25,0.625
Uttar Pradesh,SHRAVASTI,2010,Kharif,Arhar/Tur,2468,991,0.401539708
Uttar Pradesh,SHRAVASTI,2010,Kharif,Dry chillies,3,2,0.666666667
Uttar Pradesh,SHRAVASTI,2010,Kharif,Groundnut,416,411,0.987980769
Uttar Pradesh,SHRAVASTI,2010,Kharif,Guar seed,38,32,0.842105263
Uttar Pradesh,SHRAVASTI,2010,Kharif,Jowar,90,99,1.1
Uttar Pradesh,SHRAVASTI,2010,Kharif,Maize,16140,11863,0.735006196
Uttar Pradesh,SHRAVASTI,2010,Kharif,Rice,71137,135658,1.906996359
Uttar Pradesh,SHRAVASTI,2010,Kharif,Sesamum,680,134,0.197058824
Uttar Pradesh,SHRAVASTI,2010,Kharif,Small millets,44,37,0.840909091
Uttar Pradesh,SHRAVASTI,2010,Kharif,Sugarcane,6436,338885,52.65459913
Uttar Pradesh,SHRAVASTI,2010,Kharif,Sweet potato,21,259,12.33333333
Uttar Pradesh,SHRAVASTI,2010,Kharif,Urad,495,334,0.674747475
Uttar Pradesh,SHRAVASTI,2010,Rabi,Barley,42,107,2.547619048
Uttar Pradesh,SHRAVASTI,2010,Rabi,Gram,116,107,0.922413793
Uttar Pradesh,SHRAVASTI,2010,Rabi,Linseed,25,11,0.44
Uttar Pradesh,SHRAVASTI,2010,Rabi,Masoor,20782,14859,0.714993745
Uttar Pradesh,SHRAVASTI,2010,Rabi,Onion,31,571,18.41935484
Uttar Pradesh,SHRAVASTI,2010,Rabi,Peas & beans (Pulses),145,169,1.165517241
Uttar Pradesh,SHRAVASTI,2010,Rabi,Potato,401,9783,24.39650873
Uttar Pradesh,SHRAVASTI,2010,Rabi,Rapeseed &Mustard,2600,1617,0.621923077
Uttar Pradesh,SHRAVASTI,2010,Rabi,Wheat,62301,169210,2.716007769
Uttar Pradesh,SHRAVASTI,2010,Summer,Maize,107,157,1.46728972
Uttar Pradesh,SHRAVASTI,2010,Summer,Moong(Green Gram),1,1,1
Uttar Pradesh,SHRAVASTI,2010,Summer,Urad,34,21,0.617647059
Uttar Pradesh,SHRAVASTI,2011,Kharif,Arhar/Tur,3324,1306,0.39290012
Uttar Pradesh,SHRAVASTI,2011,Kharif,Dry chillies,4,3,0.75
Uttar Pradesh,SHRAVASTI,2011,Kharif,Groundnut,290,290,1
Uttar Pradesh,SHRAVASTI,2011,Kharif,Guar seed,36,29,0.805555556
Uttar Pradesh,SHRAVASTI,2011,Kharif,Jowar,164,151,0.920731707
Uttar Pradesh,SHRAVASTI,2011,Kharif,Maize,15802,11235,0.710985951
Uttar Pradesh,SHRAVASTI,2011,Kharif,Rice,74974,139452,1.860004802
Uttar Pradesh,SHRAVASTI,2011,Kharif,Sesamum,558,121,0.216845878
Uttar Pradesh,SHRAVASTI,2011,Kharif,Sugarcane,6838,393560,57.5548406
Uttar Pradesh,SHRAVASTI,2011,Kharif,Sweet potato,21,273,13
Uttar Pradesh,SHRAVASTI,2011,Kharif,Urad,571,382,0.669001751
Uttar Pradesh,SHRAVASTI,2011,Rabi,Barley,149,400,2.684563758
Uttar Pradesh,SHRAVASTI,2011,Rabi,Coriander,7,4,0.571428571
Uttar Pradesh,SHRAVASTI,2011,Rabi,Gram,139,164,1.179856115
Uttar Pradesh,SHRAVASTI,2011,Rabi,Linseed,3,1,0.333333333
Uttar Pradesh,SHRAVASTI,2011,Rabi,Maize,109,243,2.229357798
Uttar Pradesh,SHRAVASTI,2011,Rabi,Masoor,20798,13685,0.657995961
Uttar Pradesh,SHRAVASTI,2011,Rabi,Onion,65,1487,22.87692308
Uttar Pradesh,SHRAVASTI,2011,Rabi,Peas & beans (Pulses),738,1057,1.432249322
Uttar Pradesh,SHRAVASTI,2011,Rabi,Potato,517,11416,22.08123791
Uttar Pradesh,SHRAVASTI,2011,Rabi,Rapeseed &Mustard,2651,909,0.342889476
Uttar Pradesh,SHRAVASTI,2011,Rabi,Turmeric,10,28,2.8
Uttar Pradesh,SHRAVASTI,2011,Rabi,Wheat,67143,198340,2.953993715
Uttar Pradesh,SHRAVASTI,2011,Summer,Banana,10,437,43.7
Uttar Pradesh,SHRAVASTI,2011,Summer,Maize,124,205,1.653225806
Uttar Pradesh,SHRAVASTI,2011,Summer,Onion,64,586,9.15625
Uttar Pradesh,SHRAVASTI,2011,Summer,Urad,28,19,0.678571429
Uttar Pradesh,SHRAVASTI,2012,Kharif,Arhar/Tur,2210,1237,0.559728507
Uttar Pradesh,SHRAVASTI,2012,Kharif,Groundnut,215,213,0.990697674
Uttar Pradesh,SHRAVASTI,2012,Kharif,Guar seed,12,10,0.833333333
Uttar Pradesh,SHRAVASTI,2012,Kharif,Jowar,100,131,1.31
Uttar Pradesh,SHRAVASTI,2012,Kharif,Maize,14629,11147,0.76197963
Uttar Pradesh,SHRAVASTI,2012,Kharif,Rice,73500,163832,2.229006803
Uttar Pradesh,SHRAVASTI,2012,Kharif,Sesamum,377,70,0.185676393
Uttar Pradesh,SHRAVASTI,2012,Kharif,Small millets,46,43,0.934782609
Uttar Pradesh,SHRAVASTI,2012,Kharif,Sugarcane,7126,394448,55.35335392
Uttar Pradesh,SHRAVASTI,2012,Kharif,Sweet potato,69,894,12.95652174
Uttar Pradesh,SHRAVASTI,2012,Kharif,Urad,461,306,0.663774403
Uttar Pradesh,SHRAVASTI,2012,Rabi,Barley,159,423,2.660377358
Uttar Pradesh,SHRAVASTI,2012,Rabi,Coriander,1,1,1
Uttar Pradesh,SHRAVASTI,2012,Rabi,Garlic,53,275,5.188679245
Uttar Pradesh,SHRAVASTI,2012,Rabi,Gram,122,135,1.106557377
Uttar Pradesh,SHRAVASTI,2012,Rabi,Linseed,18,8,0.444444444
Uttar Pradesh,SHRAVASTI,2012,Rabi,Maize,8,25,3.125
Uttar Pradesh,SHRAVASTI,2012,Rabi,Masoor,17108,12591,0.735971475
Uttar Pradesh,SHRAVASTI,2012,Rabi,Onion,30,690,23
Uttar Pradesh,SHRAVASTI,2012,Rabi,Peas & beans (Pulses),271,405,1.494464945
Uttar Pradesh,SHRAVASTI,2012,Rabi,Potato,668,16267,24.35179641
Uttar Pradesh,SHRAVASTI,2012,Rabi,Rapeseed &Mustard,2778,1608,0.578833693
Uttar Pradesh,SHRAVASTI,2012,Rabi,Turmeric,5,14,2.8
Uttar Pradesh,SHRAVASTI,2012,Rabi,Wheat,63787,171523,2.68899619
Uttar Pradesh,SHRAVASTI,2012,Summer,Maize,95,175,1.842105263
Uttar Pradesh,SHRAVASTI,2012,Summer,Moong(Green Gram),1,1,1
Uttar Pradesh,SHRAVASTI,2012,Summer,Onion,82,958,11.68292683
Uttar Pradesh,SHRAVASTI,2012,Summer,Urad,31,21,0.677419355
Uttar Pradesh,SHRAVASTI,2013,Kharif,Arhar/Tur,1622,868,0.5351418
Uttar Pradesh,SHRAVASTI,2013,Kharif,Bajra,2,4,2
Uttar Pradesh,SHRAVASTI,2013,Kharif,Dry chillies,8,7,0.875
Uttar Pradesh,SHRAVASTI,2013,Kharif,Groundnut,158,141,0.892405063
Uttar Pradesh,SHRAVASTI,2013,Kharif,Guar seed,40,33,0.825
Uttar Pradesh,SHRAVASTI,2013,Kharif,Jowar,162,158,0.975308642
Uttar Pradesh,SHRAVASTI,2013,Kharif,Maize,19101,15930,0.833987749
Uttar Pradesh,SHRAVASTI,2013,Kharif,Rice,75337,155119,2.059001553
Uttar Pradesh,SHRAVASTI,2013,Kharif,Sesamum,296,43,0.14527027
Uttar Pradesh,SHRAVASTI,2013,Kharif,Sugarcane,8308,453832,54.62590274
Uttar Pradesh,SHRAVASTI,2013,Kharif,Sweet potato,48,635,13.22916667
Uttar Pradesh,SHRAVASTI,2013,Kharif,Urad,545,243,0.44587156
Uttar Pradesh,SHRAVASTI,2013,Rabi,Barley,38,109,2.868421053
Uttar Pradesh,SHRAVASTI,2013,Rabi,Coriander,13,7,0.538461538
Uttar Pradesh,SHRAVASTI,2013,Rabi,Garlic,8,47,5.875
Uttar Pradesh,SHRAVASTI,2013,Rabi,Gram,39,17,0.435897436
Uttar Pradesh,SHRAVASTI,2013,Rabi,Linseed,63,25,0.396825397
Uttar Pradesh,SHRAVASTI,2013,Rabi,Maize,16,57,3.5625
Uttar Pradesh,SHRAVASTI,2013,Rabi,Masoor,19977,18019,0.901987285
Uttar Pradesh,SHRAVASTI,2013,Rabi,Onion,67,1363,20.34328358
Uttar Pradesh,SHRAVASTI,2013,Rabi,Peas & beans (Pulses),666,660,0.990990991
Uttar Pradesh,SHRAVASTI,2013,Rabi,Potato,794,16805,21.16498741
Uttar Pradesh,SHRAVASTI,2013,Rabi,Rapeseed &Mustard,2919,2105,0.721137376
Uttar Pradesh,SHRAVASTI,2013,Rabi,Wheat,70928,216401,3.050995376
Uttar Pradesh,SHRAVASTI,2013,Summer,Banana,8,348,43.5
Uttar Pradesh,SHRAVASTI,2013,Summer,Maize,164,301,1.835365854
Uttar Pradesh,SHRAVASTI,2013,Summer,Onion,95,1278,13.45263158
Uttar Pradesh,SHRAVASTI,2013,Summer,Urad,26,15,0.576923077
Uttar Pradesh,SHRAVASTI,2014,Kharif,Arhar/Tur,1547,625,0.404007757
Uttar Pradesh,SHRAVASTI,2014,Kharif,Bajra,3,6,2
Uttar Pradesh,SHRAVASTI,2014,Kharif,Dry chillies,1,1,1
Uttar Pradesh,SHRAVASTI,2014,Kharif,Groundnut,159,137,0.86163522
Uttar Pradesh,SHRAVASTI,2014,Kharif,Guar seed,26,22,0.846153846
Uttar Pradesh,SHRAVASTI,2014,Kharif,Jowar,26,27,1.038461538
Uttar Pradesh,SHRAVASTI,2014,Kharif,Maize,10870,8381,0.771021159
Uttar Pradesh,SHRAVASTI,2014,Kharif,Rice,79949,173889,2.174999062
Uttar Pradesh,SHRAVASTI,2014,Kharif,Sesamum,227,45,0.198237885
Uttar Pradesh,SHRAVASTI,2014,Kharif,Sugarcane,7179,379471,52.85847611
Uttar Pradesh,SHRAVASTI,2014,Kharif,Urad,334,179,0.535928144
Uttar Pradesh,SHRAVASTI,2014,Rabi,Barley,163,280,1.717791411
Uttar Pradesh,SHRAVASTI,2014,Rabi,Coriander,5,3,0.6
Uttar Pradesh,SHRAVASTI,2014,Rabi,Garlic,3,18,6
Uttar Pradesh,SHRAVASTI,2014,Rabi,Gram,123,37,0.300813008
Uttar Pradesh,SHRAVASTI,2014,Rabi,Maize,2,5,2.5
Uttar Pradesh,SHRAVASTI,2014,Rabi,Masoor,19467,10999,0.565007449
Uttar Pradesh,SHRAVASTI,2014,Rabi,Onion,22,337,15.31818182
Uttar Pradesh,SHRAVASTI,2014,Rabi,Peas & beans (Pulses),592,447,0.755067568
Uttar Pradesh,SHRAVASTI,2014,Rabi,Potato,465,10490,22.55913978
Uttar Pradesh,SHRAVASTI,2014,Rabi,Rapeseed &Mustard,2464,1400,0.568181818
Uttar Pradesh,SHRAVASTI,2014,Rabi,Turmeric,2,6,3
Uttar Pradesh,SHRAVASTI,2014,Rabi,Wheat,68165,182410,2.676006748
Uttar Pradesh,SHRAVASTI,2014,Summer,Banana,7,316,45.14285714
Uttar Pradesh,SHRAVASTI,2014,Summer,Maize,119,212,1.781512605
Uttar Pradesh,SHRAVASTI,2014,Summer,Onion,90,1706,18.95555556
Uttar Pradesh,SHRAVASTI,2014,Summer,Urad,11,6,0.545454545
Uttar Pradesh,SIDDHARTH NAGAR,1997,Kharif,Arhar/Tur,5028,3113,0.619132856
Uttar Pradesh,SIDDHARTH NAGAR,1997,Kharif,Bajra,16,33,2.0625
Uttar Pradesh,SIDDHARTH NAGAR,1997,Kharif,Groundnut,470,421,0.895744681
Uttar Pradesh,SIDDHARTH NAGAR,1997,Kharif,Jowar,3,4,1.333333333
Uttar Pradesh,SIDDHARTH NAGAR,1997,Kharif,Maize,1581,2019,1.277039848
Uttar Pradesh,SIDDHARTH NAGAR,1997,Kharif,Moong(Green Gram),3,1,0.333333333
Uttar Pradesh,SIDDHARTH NAGAR,1997,Kharif,Rice,180716,325255,1.799812966
Uttar Pradesh,SIDDHARTH NAGAR,1997,Kharif,Sesamum,10,2,0.2
Uttar Pradesh,SIDDHARTH NAGAR,1997,Kharif,Small millets,3278,2301,0.70195241
Uttar Pradesh,SIDDHARTH NAGAR,1997,Kharif,Urad,844,490,0.58056872
Uttar Pradesh,SIDDHARTH NAGAR,1997,Rabi,Barley,1224,3378,2.759803922
Uttar Pradesh,SIDDHARTH NAGAR,1997,Rabi,Gram,6676,3802,0.569502696
Uttar Pradesh,SIDDHARTH NAGAR,1997,Rabi,Linseed,1470,550,0.37414966
Uttar Pradesh,SIDDHARTH NAGAR,1997,Rabi,Masoor,4948,4765,0.96301536
Uttar Pradesh,SIDDHARTH NAGAR,1997,Rabi,Peas & beans (Pulses),5483,7290,1.329564107
Uttar Pradesh,SIDDHARTH NAGAR,1997,Rabi,Rapeseed &Mustard,5883,4825,0.820159782
Uttar Pradesh,SIDDHARTH NAGAR,1997,Rabi,Sunflower,6,8,1.333333333
Uttar Pradesh,SIDDHARTH NAGAR,1997,Rabi,Wheat,125071,265528,2.123018126
Uttar Pradesh,SIDDHARTH NAGAR,1997,Summer,Maize,23,36,1.565217391
Uttar Pradesh,SIDDHARTH NAGAR,1997,Summer,Moong(Green Gram),13,6,0.461538462
Uttar Pradesh,SIDDHARTH NAGAR,1997,Summer,Rice,64,115,1.796875
Uttar Pradesh,SIDDHARTH NAGAR,1997,Summer,Urad,3,1,0.333333333
Uttar Pradesh,SIDDHARTH NAGAR,1997,Whole Year,Potato,2740,23792,8.683211679
Uttar Pradesh,SIDDHARTH NAGAR,1997,Whole Year,Sugarcane,3968,242286,61.05997984
Uttar Pradesh,SIDDHARTH NAGAR,1998,Kharif,Arhar/Tur,3982,2884,0.724259166
Uttar Pradesh,SIDDHARTH NAGAR,1998,Kharif,Bajra,9,17,1.888888889
Uttar Pradesh,SIDDHARTH NAGAR,1998,Kharif,Groundnut,253,164,0.648221344
Uttar Pradesh,SIDDHARTH NAGAR,1998,Kharif,Jowar,15,8,0.533333333
Uttar Pradesh,SIDDHARTH NAGAR,1998,Kharif,Maize,1245,541,0.434538153
Uttar Pradesh,SIDDHARTH NAGAR,1998,Kharif,Moong(Green Gram),1,,
Uttar Pradesh,SIDDHARTH NAGAR,1998,Kharif,Ragi,15,19,1.266666667
Uttar Pradesh,SIDDHARTH NAGAR,1998,Kharif,Rice,149112,156394,1.048835774
Uttar Pradesh,SIDDHARTH NAGAR,1998,Kharif,Small millets,1476,587,0.397696477
Uttar Pradesh,SIDDHARTH NAGAR,1998,Kharif,Urad,438,204,0.465753425
Uttar Pradesh,SIDDHARTH NAGAR,1998,Rabi,Barley,1059,2468,2.330500472
Uttar Pradesh,SIDDHARTH NAGAR,1998,Rabi,Gram,5871,4428,0.754215636
Uttar Pradesh,SIDDHARTH NAGAR,1998,Rabi,Linseed,1447,398,0.275051831
Uttar Pradesh,SIDDHARTH NAGAR,1998,Rabi,Masoor,5030,3939,0.783101392
Uttar Pradesh,SIDDHARTH NAGAR,1998,Rabi,Peas & beans (Pulses),5566,5583,1.003054258
Uttar Pradesh,SIDDHARTH NAGAR,1998,Rabi,Rapeseed &Mustard,5966,5008,0.839423399
Uttar Pradesh,SIDDHARTH NAGAR,1998,Rabi,Sunflower,23,28,1.217391304
Uttar Pradesh,SIDDHARTH NAGAR,1998,Rabi,Wheat,125339,289935,2.313206584
Uttar Pradesh,SIDDHARTH NAGAR,1998,Summer,Maize,20,20,1
Uttar Pradesh,SIDDHARTH NAGAR,1998,Summer,Moong(Green Gram),10,5,0.5
Uttar Pradesh,SIDDHARTH NAGAR,1998,Summer,Rice,48,50,1.041666667
Uttar Pradesh,SIDDHARTH NAGAR,1998,Summer,Urad,2,1,0.5
Uttar Pradesh,SIDDHARTH NAGAR,1998,Whole Year,Onion,323,3923,12.14551084
Uttar Pradesh,SIDDHARTH NAGAR,1998,Whole Year,Potato,2775,40829,14.71315315
Uttar Pradesh,SIDDHARTH NAGAR,1998,Whole Year,Sannhamp,5,2,0.4
Uttar Pradesh,SIDDHARTH NAGAR,1998,Whole Year,Sugarcane,3068,160002,52.15189048
Uttar Pradesh,SIDDHARTH NAGAR,1999,Kharif,Arhar/Tur,5681,4898,0.862172153
Uttar Pradesh,SIDDHARTH NAGAR,1999,Kharif,Bajra,12,25,2.083333333
Uttar Pradesh,SIDDHARTH NAGAR,1999,Kharif,Groundnut,305,254,0.832786885
Uttar Pradesh,SIDDHARTH NAGAR,1999,Kharif,Jowar,11,11,1
Uttar Pradesh,SIDDHARTH NAGAR,1999,Kharif,Maize,1529,2158,1.411379987
Uttar Pradesh,SIDDHARTH NAGAR,1999,Kharif,Rice,165261,339177,2.052371703
Uttar Pradesh,SIDDHARTH NAGAR,1999,Kharif,Small millets,21,18,0.857142857
Uttar Pradesh,SIDDHARTH NAGAR,1999,Kharif,Sunflower,21,27,1.285714286
Uttar Pradesh,SIDDHARTH NAGAR,1999,Kharif,Urad,492,204,0.414634146
Uttar Pradesh,SIDDHARTH NAGAR,1999,Rabi,Barley,1002,2665,2.659680639
Uttar Pradesh,SIDDHARTH NAGAR,1999,Rabi,Gram,5217,4867,0.932911635
Uttar Pradesh,SIDDHARTH NAGAR,1999,Rabi,Linseed,1451,670,0.461750517
Uttar Pradesh,SIDDHARTH NAGAR,1999,Rabi,Maize,25,36,1.44
Uttar Pradesh,SIDDHARTH NAGAR,1999,Rabi,Ragi,13,22,1.692307692
Uttar Pradesh,SIDDHARTH NAGAR,1999,Rabi,Rapeseed &Mustard,6314,7243,1.147133354
Uttar Pradesh,SIDDHARTH NAGAR,1999,Rabi,Wheat,128653,377736,2.936083885
Uttar Pradesh,SIDDHARTH NAGAR,1999,Summer,Moong(Green Gram),15,8,0.533333333
Uttar Pradesh,SIDDHARTH NAGAR,1999,Summer,Rice,53,109,2.056603774
Uttar Pradesh,SIDDHARTH NAGAR,1999,Summer,Urad,2,1,0.5
Uttar Pradesh,SIDDHARTH NAGAR,1999,Whole Year,Onion,377,5314,14.09549072
Uttar Pradesh,SIDDHARTH NAGAR,1999,Whole Year,Peas & beans (Pulses),5808,8300,1.429063361
Uttar Pradesh,SIDDHARTH NAGAR,1999,Whole Year,Potato,2829,43804,15.48391658
Uttar Pradesh,SIDDHARTH NAGAR,1999,Whole Year,Sugarcane,3227,177834,55.10814998
Uttar Pradesh,SIDDHARTH NAGAR,2000,Kharif,Arhar/Tur,4447,2938,0.660670115
Uttar Pradesh,SIDDHARTH NAGAR,2000,Kharif,Bajra,12,22,1.833333333
Uttar Pradesh,SIDDHARTH NAGAR,2000,Kharif,Groundnut,305,254,0.832786885
Uttar Pradesh,SIDDHARTH NAGAR,2000,Kharif,Jowar,11,15,1.363636364
Uttar Pradesh,SIDDHARTH NAGAR,2000,Kharif,Maize,1270,574,0.451968504
Uttar Pradesh,SIDDHARTH NAGAR,2000,Kharif,Rice,165059,273971,1.659836786
Uttar Pradesh,SIDDHARTH NAGAR,2000,Kharif,Sesamum,2,0.1,0.05
Uttar Pradesh,SIDDHARTH NAGAR,2000,Kharif,Small millets,1310,891,0.680152672
Uttar Pradesh,SIDDHARTH NAGAR,2000,Kharif,Urad,457,190,0.415754923
Uttar Pradesh,SIDDHARTH NAGAR,2000,Rabi,Barley,187,438,2.342245989
Uttar Pradesh,SIDDHARTH NAGAR,2000,Rabi,Gram,2962,3450,1.164753545
Uttar Pradesh,SIDDHARTH NAGAR,2000,Rabi,Linseed,965,412,0.426943005
Uttar Pradesh,SIDDHARTH NAGAR,2000,Rabi,Maize,20,32,1.6
Uttar Pradesh,SIDDHARTH NAGAR,2000,Rabi,Masoor,3945,3720,0.942965779
Uttar Pradesh,SIDDHARTH NAGAR,2000,Rabi,Moong(Green Gram),10,4,0.4
Uttar Pradesh,SIDDHARTH NAGAR,2000,Rabi,Peas & beans (Pulses),5643,6325,1.1208577
Uttar Pradesh,SIDDHARTH NAGAR,2000,Rabi,Rapeseed &Mustard,6650,7162,1.076992481
Uttar Pradesh,SIDDHARTH NAGAR,2000,Rabi,Urad,2,1,0.5
Uttar Pradesh,SIDDHARTH NAGAR,2000,Rabi,Wheat,130412,357941,2.74469374
Uttar Pradesh,SIDDHARTH NAGAR,2000,Summer,Rice,48,80,1.666666667
Uttar Pradesh,SIDDHARTH NAGAR,2000,Whole Year,Potato,3076,38853,12.6310143
Uttar Pradesh,SIDDHARTH NAGAR,2000,Whole Year,Sugarcane,3327,156535,47.0498948
Uttar Pradesh,SIDDHARTH NAGAR,2001,Kharif,Arhar/Tur,3119,634,0.203270279
Uttar Pradesh,SIDDHARTH NAGAR,2001,Kharif,Bajra,12,21,1.75
Uttar Pradesh,SIDDHARTH NAGAR,2001,Kharif,Groundnut,239,200,0.836820084
Uttar Pradesh,SIDDHARTH NAGAR,2001,Kharif,Jowar,11,10,0.909090909
Uttar Pradesh,SIDDHARTH NAGAR,2001,Kharif,Maize,946,682,0.720930233
Uttar Pradesh,SIDDHARTH NAGAR,2001,Kharif,Moong(Green Gram),1,0.1,0.1
Uttar Pradesh,SIDDHARTH NAGAR,2001,Kharif,Rice,152097,280586,1.844783263
Uttar Pradesh,SIDDHARTH NAGAR,2001,Kharif,Sesamum,126,32,0.253968254
Uttar Pradesh,SIDDHARTH NAGAR,2001,Kharif,Small millets,1303,930,0.713737529
Uttar Pradesh,SIDDHARTH NAGAR,2001,Kharif,Soyabean,20,15,0.75
Uttar Pradesh,SIDDHARTH NAGAR,2001,Kharif,Sunflower,26,50,1.923076923
Uttar Pradesh,SIDDHARTH NAGAR,2001,Kharif,Urad,344,141,0.409883721
Uttar Pradesh,SIDDHARTH NAGAR,2001,Rabi,Barley,517,1379,2.667311412
Uttar Pradesh,SIDDHARTH NAGAR,2001,Rabi,Gram,3350,2844,0.848955224
Uttar Pradesh,SIDDHARTH NAGAR,2001,Rabi,Linseed,877,368,0.419612315
Uttar Pradesh,SIDDHARTH NAGAR,2001,Rabi,Maize,50,81,1.62
Uttar Pradesh,SIDDHARTH NAGAR,2001,Rabi,Masoor,5079,4058,0.798976176
Uttar Pradesh,SIDDHARTH NAGAR,2001,Rabi,Peas & beans (Pulses),6200,7893,1.273064516
Uttar Pradesh,SIDDHARTH NAGAR,2001,Rabi,Rapeseed &Mustard,7302,5885,0.805943577
Uttar Pradesh,SIDDHARTH NAGAR,2001,Rabi,Urad,2,1,0.5
Uttar Pradesh,SIDDHARTH NAGAR,2001,Rabi,Wheat,128961,312721,2.424926916
Uttar Pradesh,SIDDHARTH NAGAR,2001,Summer,Rice,20,37,1.85
Uttar Pradesh,SIDDHARTH NAGAR,2001,Whole Year,Potato,2567,63307,24.6618621
Uttar Pradesh,SIDDHARTH NAGAR,2001,Whole Year,Sugarcane,3117,155700,49.9518768
Uttar Pradesh,SIDDHARTH NAGAR,2001,Whole Year,Tobacco,1,6,6
Uttar Pradesh,SIDDHARTH NAGAR,2002,Kharif,Bajra,51,86,1.68627451
Uttar Pradesh,SIDDHARTH NAGAR,2002,Kharif,Groundnut,234,153,0.653846154
Uttar Pradesh,SIDDHARTH NAGAR,2002,Kharif,Jowar,37,44,1.189189189
Uttar Pradesh,SIDDHARTH NAGAR,2002,Kharif,Maize,1556,1352,0.868894602
Uttar Pradesh,SIDDHARTH NAGAR,2002,Kharif,Rice,169559,137859,0.813044427
Uttar Pradesh,SIDDHARTH NAGAR,2002,Kharif,Small millets,190,131,0.689473684
Uttar Pradesh,SIDDHARTH NAGAR,2002,Kharif,Sunflower,1,1,1
Uttar Pradesh,SIDDHARTH NAGAR,2002,Kharif,Urad,595,237,0.398319328
Uttar Pradesh,SIDDHARTH NAGAR,2002,Rabi,Barley,122,303,2.483606557
Uttar Pradesh,SIDDHARTH NAGAR,2002,Rabi,Gram,1283,717,0.558846454
Uttar Pradesh,SIDDHARTH NAGAR,2002,Rabi,Linseed,430,87,0.202325581
Uttar Pradesh,SIDDHARTH NAGAR,2002,Rabi,Maize,87,96,1.103448276
Uttar Pradesh,SIDDHARTH NAGAR,2002,Rabi,Masoor,6557,5003,0.763001373
Uttar Pradesh,SIDDHARTH NAGAR,2002,Rabi,Onion,44,454,10.31818182
Uttar Pradesh,SIDDHARTH NAGAR,2002,Rabi,Peas & beans (Pulses),4465,3456,0.774020157
Uttar Pradesh,SIDDHARTH NAGAR,2002,Rabi,Ragi,27,39,1.444444444
Uttar Pradesh,SIDDHARTH NAGAR,2002,Rabi,Rapeseed &Mustard,6273,3870,0.616929699
Uttar Pradesh,SIDDHARTH NAGAR,2002,Rabi,Wheat,148348,303272,2.044328201
Uttar Pradesh,SIDDHARTH NAGAR,2002,Summer,Moong(Green Gram),16,9,0.5625
Uttar Pradesh,SIDDHARTH NAGAR,2002,Summer,Onion,40,447,11.175
Uttar Pradesh,SIDDHARTH NAGAR,2002,Summer,Urad,1,1,1
Uttar Pradesh,SIDDHARTH NAGAR,2002,Whole Year,Potato,2359,54726,23.19881306
Uttar Pradesh,SIDDHARTH NAGAR,2002,Whole Year,Sugarcane,3074,136043,44.25601822
Uttar Pradesh,SIDDHARTH NAGAR,2002,Whole Year,Turmeric,1,2,2
Uttar Pradesh,SIDDHARTH NAGAR,2003,Kharif,Arhar/Tur,5394,1829,0.33908046
Uttar Pradesh,SIDDHARTH NAGAR,2003,Kharif,Bajra,84,144,1.714285714
Uttar Pradesh,SIDDHARTH NAGAR,2003,Kharif,Groundnut,104,69,0.663461538
Uttar Pradesh,SIDDHARTH NAGAR,2003,Kharif,Jowar,86,112,1.302325581
Uttar Pradesh,SIDDHARTH NAGAR,2003,Kharif,Maize,1078,1291,1.197588126
Uttar Pradesh,SIDDHARTH NAGAR,2003,Kharif,Moong(Green Gram),3,1,0.333333333
Uttar Pradesh,SIDDHARTH NAGAR,2003,Kharif,Rice,173147,362578,2.094047255
Uttar Pradesh,SIDDHARTH NAGAR,2003,Kharif,Urad,533,127,0.238273921
Uttar Pradesh,SIDDHARTH NAGAR,2003,Rabi,Barley,64,146,2.28125
Uttar Pradesh,SIDDHARTH NAGAR,2003,Rabi,Gram,155,33,0.212903226
Uttar Pradesh,SIDDHARTH NAGAR,2003,Rabi,Linseed,557,275,0.493716338
Uttar Pradesh,SIDDHARTH NAGAR,2003,Rabi,Masoor,4785,3661,0.765099269
Uttar Pradesh,SIDDHARTH NAGAR,2003,Rabi,Onion,28,402,14.35714286
Uttar Pradesh,SIDDHARTH NAGAR,2003,Rabi,Peas & beans (Pulses),3432,2715,0.791083916
Uttar Pradesh,SIDDHARTH NAGAR,2003,Rabi,Ragi,6,9,1.5
Uttar Pradesh,SIDDHARTH NAGAR,2003,Rabi,Rapeseed &Mustard,4510,2539,0.562971175
Uttar Pradesh,SIDDHARTH NAGAR,2003,Rabi,Wheat,144404,353931,2.450977812
Uttar Pradesh,SIDDHARTH NAGAR,2003,Summer,Maize,123,168,1.365853659
Uttar Pradesh,SIDDHARTH NAGAR,2003,Summer,Moong(Green Gram),33,17,0.515151515
Uttar Pradesh,SIDDHARTH NAGAR,2003,Summer,Onion,53,523,9.867924528
Uttar Pradesh,SIDDHARTH NAGAR,2003,Summer,Urad,50,24,0.48
Uttar Pradesh,SIDDHARTH NAGAR,2003,Whole Year,Potato,2043,23893,11.69505629
Uttar Pradesh,SIDDHARTH NAGAR,2003,Whole Year,Sugarcane,4749,264519,55.69993683
Uttar Pradesh,SIDDHARTH NAGAR,2004,Kharif,Bajra,69,131,1.898550725
Uttar Pradesh,SIDDHARTH NAGAR,2004,Kharif,Groundnut,70,58,0.828571429
Uttar Pradesh,SIDDHARTH NAGAR,2004,Kharif,Jowar,22,17,0.772727273
Uttar Pradesh,SIDDHARTH NAGAR,2004,Kharif,Maize,922,1418,1.537960954
Uttar Pradesh,SIDDHARTH NAGAR,2004,Kharif,Rice,169257,149191,0.881446558
Uttar Pradesh,SIDDHARTH NAGAR,2004,Kharif,Small millets,134,45,0.335820896
Uttar Pradesh,SIDDHARTH NAGAR,2004,Kharif,Sugarcane,5069,281370,55.50798974
Uttar Pradesh,SIDDHARTH NAGAR,2004,Rabi,Barley,77,156,2.025974026
Uttar Pradesh,SIDDHARTH NAGAR,2004,Rabi,Gram,121,110,0.909090909
Uttar Pradesh,SIDDHARTH NAGAR,2004,Rabi,Linseed,688,316,0.459302326
Uttar Pradesh,SIDDHARTH NAGAR,2004,Rabi,Potato,2193,49086,22.38303694
Uttar Pradesh,SIDDHARTH NAGAR,2004,Rabi,Rapeseed &Mustard,4653,4625,0.993982377
Uttar Pradesh,SIDDHARTH NAGAR,2004,Rabi,Wheat,145118,252776,1.741865241
Uttar Pradesh,SIDDHARTH NAGAR,2004,Whole Year,Banana,9,327,36.33333333
Uttar Pradesh,SIDDHARTH NAGAR,2004,Whole Year,Dry chillies,3,3,1
Uttar Pradesh,SIDDHARTH NAGAR,2004,Whole Year,Guar seed,48,41,0.854166667
Uttar Pradesh,SIDDHARTH NAGAR,2004,Whole Year,Onion,179,2153,12.02793296
Uttar Pradesh,SIDDHARTH NAGAR,2004,Whole Year,Sweet potato,37,430,11.62162162
Uttar Pradesh,SIDDHARTH NAGAR,2005,Kharif,Bajra,84,147,1.75
Uttar Pradesh,SIDDHARTH NAGAR,2005,Kharif,Jowar,86,113,1.313953488
Uttar Pradesh,SIDDHARTH NAGAR,2005,Kharif,Maize,1078,1384,1.283858998
Uttar Pradesh,SIDDHARTH NAGAR,2005,Kharif,Rice,173147,288290,1.665001415
Uttar Pradesh,SIDDHARTH NAGAR,2005,Kharif,Small millets,323,249,0.770897833
Uttar Pradesh,SIDDHARTH NAGAR,2005,Kharif,Sugarcane,4749,274530,57.80795957
Uttar Pradesh,SIDDHARTH NAGAR,2005,Rabi,Barley,93,186,2
Uttar Pradesh,SIDDHARTH NAGAR,2005,Rabi,Gram,974,869,0.892197125
Uttar Pradesh,SIDDHARTH NAGAR,2005,Rabi,Linseed,511,211,0.412915851
Uttar Pradesh,SIDDHARTH NAGAR,2005,Rabi,Potato,2359,52917,22.4319627
Uttar Pradesh,SIDDHARTH NAGAR,2005,Rabi,Rapeseed &Mustard,3229,3746,1.16011149
Uttar Pradesh,SIDDHARTH NAGAR,2005,Rabi,Wheat,145043,371890,2.563998263
Uttar Pradesh,SIDDHARTH NAGAR,2005,Whole Year,Banana,1,38,38
Uttar Pradesh,SIDDHARTH NAGAR,2005,Whole Year,Coriander,246,141,0.573170732
Uttar Pradesh,SIDDHARTH NAGAR,2005,Whole Year,Dry chillies,19,17,0.894736842
Uttar Pradesh,SIDDHARTH NAGAR,2005,Whole Year,Garlic,43,187,4.348837209
Uttar Pradesh,SIDDHARTH NAGAR,2005,Whole Year,Guar seed,55,44,0.8
Uttar Pradesh,SIDDHARTH NAGAR,2005,Whole Year,Onion,104,1336,12.84615385
Uttar Pradesh,SIDDHARTH NAGAR,2005,Whole Year,Sweet potato,41,536,13.07317073
Uttar Pradesh,SIDDHARTH NAGAR,2006,Kharif,Arhar/Tur,5054,3298,0.652552434
Uttar Pradesh,SIDDHARTH NAGAR,2006,Kharif,Bajra,92,153,1.663043478
Uttar Pradesh,SIDDHARTH NAGAR,2006,Kharif,Groundnut,70,51,0.728571429
Uttar Pradesh,SIDDHARTH NAGAR,2006,Kharif,Jowar,22,26,1.181818182
Uttar Pradesh,SIDDHARTH NAGAR,2006,Kharif,Maize,819,1086,1.326007326
Uttar Pradesh,SIDDHARTH NAGAR,2006,Kharif,Other Kharif pulses,535,300,0.560747664
Uttar Pradesh,SIDDHARTH NAGAR,2006,Kharif,Rice,170011,236995,1.393998035
Uttar Pradesh,SIDDHARTH NAGAR,2006,Kharif,Small millets,676,406,0.600591716
Uttar Pradesh,SIDDHARTH NAGAR,2006,Kharif,Sugarcane,5069,269245,53.11599921
Uttar Pradesh,SIDDHARTH NAGAR,2006,Kharif,Sweet potato,109,1488,13.65137615
Uttar Pradesh,SIDDHARTH NAGAR,2006,Rabi,Barley,3,7,2.333333333
Uttar Pradesh,SIDDHARTH NAGAR,2006,Rabi,Garlic,30,132,4.4
Uttar Pradesh,SIDDHARTH NAGAR,2006,Rabi,Gram,64,47,0.734375
Uttar Pradesh,SIDDHARTH NAGAR,2006,Rabi,Linseed,900,316,0.351111111
Uttar Pradesh,SIDDHARTH NAGAR,2006,Rabi,Masoor,4726,3332,0.705035971
Uttar Pradesh,SIDDHARTH NAGAR,2006,Rabi,Onion,29,556,19.17241379
Uttar Pradesh,SIDDHARTH NAGAR,2006,Rabi,Other  Rabi pulses,3805,3679,0.966885677
Uttar Pradesh,SIDDHARTH NAGAR,2006,Rabi,Potato,2560,55903,21.83710938
Uttar Pradesh,SIDDHARTH NAGAR,2006,Rabi,Rapeseed &Mustard,4748,4895,1.030960404
Uttar Pradesh,SIDDHARTH NAGAR,2006,Rabi,Wheat,152837,385149,2.51999843
Uttar Pradesh,SIDDHARTH NAGAR,2006,Summer,Maize,394,522,1.324873096
Uttar Pradesh,SIDDHARTH NAGAR,2006,Summer,Onion,177,2061,11.6440678
Uttar Pradesh,SIDDHARTH NAGAR,2006,Whole Year,Banana,9,349,38.77777778
Uttar Pradesh,SIDDHARTH NAGAR,2006,Whole Year,Coriander,152,79,0.519736842
Uttar Pradesh,SIDDHARTH NAGAR,2006,Whole Year,Dry chillies,13,13,1
Uttar Pradesh,SIDDHARTH NAGAR,2006,Whole Year,Guar seed,12,10,0.833333333
Uttar Pradesh,SIDDHARTH NAGAR,2007,Kharif,Arhar/Tur,3578,2735,0.764393516
Uttar Pradesh,SIDDHARTH NAGAR,2007,Kharif,Dry chillies,19,18,0.947368421
Uttar Pradesh,SIDDHARTH NAGAR,2007,Kharif,Groundnut,70,42,0.6
Uttar Pradesh,SIDDHARTH NAGAR,2007,Kharif,Guar seed,35,29,0.828571429
Uttar Pradesh,SIDDHARTH NAGAR,2007,Kharif,Maize,504,724,1.436507937
Uttar Pradesh,SIDDHARTH NAGAR,2007,Kharif,Rice,187537,391390,2.087001498
Uttar Pradesh,SIDDHARTH NAGAR,2007,Kharif,Sugarcane,4024,207992,51.68787276
Uttar Pradesh,SIDDHARTH NAGAR,2007,Kharif,Sweet potato,55,740,13.45454545
Uttar Pradesh,SIDDHARTH NAGAR,2007,Kharif,Urad,625,274,0.4384
Uttar Pradesh,SIDDHARTH NAGAR,2007,Rabi,Barley,7,16,2.285714286
Uttar Pradesh,SIDDHARTH NAGAR,2007,Rabi,Coriander,244,141,0.577868852
Uttar Pradesh,SIDDHARTH NAGAR,2007,Rabi,Gram,50,37,0.74
Uttar Pradesh,SIDDHARTH NAGAR,2007,Rabi,Linseed,19,5,0.263157895
Uttar Pradesh,SIDDHARTH NAGAR,2007,Rabi,Maize,524,1472,2.809160305
Uttar Pradesh,SIDDHARTH NAGAR,2007,Rabi,Masoor,3741,2712,0.724939856
Uttar Pradesh,SIDDHARTH NAGAR,2007,Rabi,Onion,145,2026,13.97241379
Uttar Pradesh,SIDDHARTH NAGAR,2007,Rabi,Other  Rabi pulses,3415,3203,0.937920937
Uttar Pradesh,SIDDHARTH NAGAR,2007,Rabi,Potato,2352,51688,21.97619048
Uttar Pradesh,SIDDHARTH NAGAR,2007,Rabi,Rapeseed &Mustard,4672,5405,1.156892123
Uttar Pradesh,SIDDHARTH NAGAR,2007,Rabi,Wheat,167141,375232,2.245002722
Uttar Pradesh,SIDDHARTH NAGAR,2007,Summer,Onion,23,311,13.52173913
Uttar Pradesh,SIDDHARTH NAGAR,2008,Kharif,Arhar/Tur,2771,1798,0.648863226
Uttar Pradesh,SIDDHARTH NAGAR,2008,Kharif,Dry chillies,12,12,1
Uttar Pradesh,SIDDHARTH NAGAR,2008,Kharif,Groundnut,126,90,0.714285714
Uttar Pradesh,SIDDHARTH NAGAR,2008,Kharif,Guar seed,32,27,0.84375
Uttar Pradesh,SIDDHARTH NAGAR,2008,Kharif,Maize,667,998,1.496251874
Uttar Pradesh,SIDDHARTH NAGAR,2008,Kharif,Rice,171877,405973,2.361997242
Uttar Pradesh,SIDDHARTH NAGAR,2008,Kharif,Small millets,3,2,0.666666667
Uttar Pradesh,SIDDHARTH NAGAR,2008,Kharif,Sugarcane,2249,104209,46.33570476
Uttar Pradesh,SIDDHARTH NAGAR,2008,Kharif,Sweet potato,58,712,12.27586207
Uttar Pradesh,SIDDHARTH NAGAR,2008,Kharif,Urad,710,382,0.538028169
Uttar Pradesh,SIDDHARTH NAGAR,2008,Rabi,Barley,7,15,2.142857143
Uttar Pradesh,SIDDHARTH NAGAR,2008,Rabi,Coriander,232,139,0.599137931
Uttar Pradesh,SIDDHARTH NAGAR,2008,Rabi,Garlic,45,265,5.888888889
Uttar Pradesh,SIDDHARTH NAGAR,2008,Rabi,Gram,305,301,0.986885246
Uttar Pradesh,SIDDHARTH NAGAR,2008,Rabi,Linseed,1553,699,0.450096587
Uttar Pradesh,SIDDHARTH NAGAR,2008,Rabi,Masoor,4662,4116,0.882882883
Uttar Pradesh,SIDDHARTH NAGAR,2008,Rabi,Onion,211,2473,11.72037915
Uttar Pradesh,SIDDHARTH NAGAR,2008,Rabi,Peas & beans (Pulses),3737,4511,1.207118009
Uttar Pradesh,SIDDHARTH NAGAR,2008,Rabi,Potato,2120,43458,20.4990566
Uttar Pradesh,SIDDHARTH NAGAR,2008,Rabi,Rapeseed &Mustard,3834,4336,1.130933751
Uttar Pradesh,SIDDHARTH NAGAR,2008,Rabi,Wheat,167255,422821,2.528002152
Uttar Pradesh,SIDDHARTH NAGAR,2008,Summer,Banana,1,38,38
Uttar Pradesh,SIDDHARTH NAGAR,2008,Summer,Maize,189,283,1.497354497
Uttar Pradesh,SIDDHARTH NAGAR,2009,Kharif,Arhar/Tur,2528,1637,0.647547468
Uttar Pradesh,SIDDHARTH NAGAR,2009,Kharif,Groundnut,40,27,0.675
Uttar Pradesh,SIDDHARTH NAGAR,2009,Kharif,Guar seed,36,30,0.833333333
Uttar Pradesh,SIDDHARTH NAGAR,2009,Kharif,Maize,699,1017,1.454935622
Uttar Pradesh,SIDDHARTH NAGAR,2009,Kharif,Rice,172893,363940,2.105001359
Uttar Pradesh,SIDDHARTH NAGAR,2009,Kharif,Sugarcane,2577,131355,50.97206054
Uttar Pradesh,SIDDHARTH NAGAR,2009,Kharif,Sweet potato,60,816,13.6
Uttar Pradesh,SIDDHARTH NAGAR,2009,Kharif,Urad,233,89,0.381974249
Uttar Pradesh,SIDDHARTH NAGAR,2009,Rabi,Barley,6,14,2.333333333
Uttar Pradesh,SIDDHARTH NAGAR,2009,Rabi,Coriander,219,124,0.566210046
Uttar Pradesh,SIDDHARTH NAGAR,2009,Rabi,Garlic,128,680,5.3125
Uttar Pradesh,SIDDHARTH NAGAR,2009,Rabi,Gram,212,175,0.825471698
Uttar Pradesh,SIDDHARTH NAGAR,2009,Rabi,Linseed,1533,676,0.440965427
Uttar Pradesh,SIDDHARTH NAGAR,2009,Rabi,Masoor,3518,2825,0.803013076
Uttar Pradesh,SIDDHARTH NAGAR,2009,Rabi,Onion,180,3091,17.17222222
Uttar Pradesh,SIDDHARTH NAGAR,2009,Rabi,Peas & beans (Pulses),3190,4094,1.28338558
Uttar Pradesh,SIDDHARTH NAGAR,2009,Rabi,Potato,1941,48265,24.86604843
Uttar Pradesh,SIDDHARTH NAGAR,2009,Rabi,Rapeseed &Mustard,3359,3749,1.116105984
Uttar Pradesh,SIDDHARTH NAGAR,2009,Rabi,Wheat,166621,388394,2.331002695
Uttar Pradesh,SIDDHARTH NAGAR,2009,Summer,Banana,46,1892,41.13043478
Uttar Pradesh,SIDDHARTH NAGAR,2009,Summer,Maize,272,395,1.452205882
Uttar Pradesh,SIDDHARTH NAGAR,2009,Summer,Onion,201,2792,13.89054726
Uttar Pradesh,SIDDHARTH NAGAR,2010,Kharif,Arhar/Tur,1862,1177,0.632116004
Uttar Pradesh,SIDDHARTH NAGAR,2010,Kharif,Groundnut,39,39,1
Uttar Pradesh,SIDDHARTH NAGAR,2010,Kharif,Guar seed,34,28,0.823529412
Uttar Pradesh,SIDDHARTH NAGAR,2010,Kharif,Maize,608,702,1.154605263
Uttar Pradesh,SIDDHARTH NAGAR,2010,Kharif,Rice,175157,415297,2.37099859
Uttar Pradesh,SIDDHARTH NAGAR,2010,Kharif,Sugarcane,2343,123026,52.50789586
Uttar Pradesh,SIDDHARTH NAGAR,2010,Kharif,Sweet potato,65,800,12.30769231
Uttar Pradesh,SIDDHARTH NAGAR,2010,Kharif,Urad,231,156,0.675324675
Uttar Pradesh,SIDDHARTH NAGAR,2010,Rabi,Barley,6,15,2.5
Uttar Pradesh,SIDDHARTH NAGAR,2010,Rabi,Gram,14,13,0.928571429
Uttar Pradesh,SIDDHARTH NAGAR,2010,Rabi,Linseed,1361,623,0.457751653
Uttar Pradesh,SIDDHARTH NAGAR,2010,Rabi,Masoor,3108,2179,0.701093951
Uttar Pradesh,SIDDHARTH NAGAR,2010,Rabi,Onion,208,3829,18.40865385
Uttar Pradesh,SIDDHARTH NAGAR,2010,Rabi,Peas & beans (Pulses),3255,3792,1.164976959
Uttar Pradesh,SIDDHARTH NAGAR,2010,Rabi,Potato,1913,46668,24.3951908
Uttar Pradesh,SIDDHARTH NAGAR,2010,Rabi,Rapeseed &Mustard,3434,4107,1.195981363
Uttar Pradesh,SIDDHARTH NAGAR,2010,Rabi,Wheat,159332,499984,3.138001155
Uttar Pradesh,SIDDHARTH NAGAR,2010,Summer,Maize,86,126,1.465116279
Uttar Pradesh,SIDDHARTH NAGAR,2011,Kharif,Arhar/Tur,2058,1539,0.747813411
Uttar Pradesh,SIDDHARTH NAGAR,2011,Kharif,Groundnut,46,46,1
Uttar Pradesh,SIDDHARTH NAGAR,2011,Kharif,Guar seed,12,10,0.833333333
Uttar Pradesh,SIDDHARTH NAGAR,2011,Kharif,Maize,602,1059,1.759136213
Uttar Pradesh,SIDDHARTH NAGAR,2011,Kharif,Rice,169824,435429,2.564001555
Uttar Pradesh,SIDDHARTH NAGAR,2011,Kharif,Sugarcane,2217,124338,56.08389716
Uttar Pradesh,SIDDHARTH NAGAR,2011,Kharif,Sweet potato,106,1378,13
Uttar Pradesh,SIDDHARTH NAGAR,2011,Kharif,Urad,199,133,0.668341709
Uttar Pradesh,SIDDHARTH NAGAR,2011,Rabi,Barley,5,13,2.6
Uttar Pradesh,SIDDHARTH NAGAR,2011,Rabi,Coriander,291,161,0.553264605
Uttar Pradesh,SIDDHARTH NAGAR,2011,Rabi,Garlic,56,289,5.160714286
Uttar Pradesh,SIDDHARTH NAGAR,2011,Rabi,Gram,15,18,1.2
Uttar Pradesh,SIDDHARTH NAGAR,2011,Rabi,Linseed,1559,707,0.453495831
Uttar Pradesh,SIDDHARTH NAGAR,2011,Rabi,Maize,2,5,2.5
Uttar Pradesh,SIDDHARTH NAGAR,2011,Rabi,Masoor,3698,3258,0.881016766
Uttar Pradesh,SIDDHARTH NAGAR,2011,Rabi,Onion,178,4072,22.87640449
Uttar Pradesh,SIDDHARTH NAGAR,2011,Rabi,Peas & beans (Pulses),3178,4551,1.432032725
Uttar Pradesh,SIDDHARTH NAGAR,2011,Rabi,Potato,1747,38576,22.0812822
Uttar Pradesh,SIDDHARTH NAGAR,2011,Rabi,Rapeseed &Mustard,3276,3731,1.138888889
Uttar Pradesh,SIDDHARTH NAGAR,2011,Rabi,Wheat,157619,537638,3.410997405
Uttar Pradesh,SIDDHARTH NAGAR,2011,Summer,Maize,73,121,1.657534247
Uttar Pradesh,SIDDHARTH NAGAR,2011,Summer,Onion,221,2394,10.83257919
Uttar Pradesh,SIDDHARTH NAGAR,2012,Kharif,Arhar/Tur,2080,1768,0.85
Uttar Pradesh,SIDDHARTH NAGAR,2012,Kharif,Groundnut,34,34,1
Uttar Pradesh,SIDDHARTH NAGAR,2012,Kharif,Guar seed,29,24,0.827586207
Uttar Pradesh,SIDDHARTH NAGAR,2012,Kharif,Maize,575,1062,1.846956522
Uttar Pradesh,SIDDHARTH NAGAR,2012,Kharif,Rice,160991,411332,2.554999969
Uttar Pradesh,SIDDHARTH NAGAR,2012,Kharif,Sugarcane,2231,134628,60.34424025
Uttar Pradesh,SIDDHARTH NAGAR,2012,Kharif,Sweet potato,109,1411,12.94495413
Uttar Pradesh,SIDDHARTH NAGAR,2012,Kharif,Urad,224,149,0.665178571
Uttar Pradesh,SIDDHARTH NAGAR,2012,Rabi,Barley,5,13,2.6
Uttar Pradesh,SIDDHARTH NAGAR,2012,Rabi,Coriander,283,153,0.540636042
Uttar Pradesh,SIDDHARTH NAGAR,2012,Rabi,Garlic,64,332,5.1875
Uttar Pradesh,SIDDHARTH NAGAR,2012,Rabi,Gram,14,15,1.071428571
Uttar Pradesh,SIDDHARTH NAGAR,2012,Rabi,Linseed,1492,671,0.449731903
Uttar Pradesh,SIDDHARTH NAGAR,2012,Rabi,Masoor,3049,2714,0.890127911
Uttar Pradesh,SIDDHARTH NAGAR,2012,Rabi,Onion,178,4095,23.00561798
Uttar Pradesh,SIDDHARTH NAGAR,2012,Rabi,Peas & beans (Pulses),2795,4176,1.494096601
Uttar Pradesh,SIDDHARTH NAGAR,2012,Rabi,Potato,1500,36528,24.352
Uttar Pradesh,SIDDHARTH NAGAR,2012,Rabi,Rapeseed &Mustard,2998,3780,1.26084056
Uttar Pradesh,SIDDHARTH NAGAR,2012,Rabi,Wheat,159883,567105,3.546999994
Uttar Pradesh,SIDDHARTH NAGAR,2012,Summer,Maize,97,179,1.845360825
Uttar Pradesh,SIDDHARTH NAGAR,2012,Summer,Onion,204,2219,10.87745098
Uttar Pradesh,SIDDHARTH NAGAR,2013,Kharif,Arhar/Tur,1900,1658,0.872631579
Uttar Pradesh,SIDDHARTH NAGAR,2013,Kharif,Groundnut,37,33,0.891891892
Uttar Pradesh,SIDDHARTH NAGAR,2013,Kharif,Guar seed,26,21,0.807692308
Uttar Pradesh,SIDDHARTH NAGAR,2013,Kharif,Maize,626,1150,1.837060703
Uttar Pradesh,SIDDHARTH NAGAR,2013,Kharif,Rice,173903,477016,2.743000408
Uttar Pradesh,SIDDHARTH NAGAR,2013,Kharif,Sesamum,8,1,0.125
Uttar Pradesh,SIDDHARTH NAGAR,2013,Kharif,Sugarcane,2114,130146,61.56385998
Uttar Pradesh,SIDDHARTH NAGAR,2013,Kharif,Sweet potato,80,1058,13.225
Uttar Pradesh,SIDDHARTH NAGAR,2013,Kharif,Urad,329,147,0.446808511
Uttar Pradesh,SIDDHARTH NAGAR,2013,Rabi,Barley,7,20,2.857142857
Uttar Pradesh,SIDDHARTH NAGAR,2013,Rabi,Coriander,264,144,0.545454545
Uttar Pradesh,SIDDHARTH NAGAR,2013,Rabi,Garlic,61,357,5.852459016
Uttar Pradesh,SIDDHARTH NAGAR,2013,Rabi,Gram,12,5,0.416666667
Uttar Pradesh,SIDDHARTH NAGAR,2013,Rabi,Linseed,1278,518,0.405320814
Uttar Pradesh,SIDDHARTH NAGAR,2013,Rabi,Maize,46,163,3.543478261
Uttar Pradesh,SIDDHARTH NAGAR,2013,Rabi,Masoor,3318,2293,0.691078963
Uttar Pradesh,SIDDHARTH NAGAR,2013,Rabi,Onion,184,3742,20.33695652
Uttar Pradesh,SIDDHARTH NAGAR,2013,Rabi,Peas & beans (Pulses),3305,3278,0.99183056
Uttar Pradesh,SIDDHARTH NAGAR,2013,Rabi,Potato,1833,38796,21.16530278
Uttar Pradesh,SIDDHARTH NAGAR,2013,Rabi,Rapeseed &Mustard,3240,3292,1.016049383
Uttar Pradesh,SIDDHARTH NAGAR,2013,Rabi,Wheat,157897,596693,3.779001501
Uttar Pradesh,SIDDHARTH NAGAR,2013,Summer,Maize,6,11,1.833333333
Uttar Pradesh,SIDDHARTH NAGAR,2013,Summer,Onion,204,2745,13.45588235
Uttar Pradesh,SIDDHARTH NAGAR,2014,Kharif,Arhar/Tur,1961,1241,0.632840388
Uttar Pradesh,SIDDHARTH NAGAR,2014,Kharif,Groundnut,30,26,0.866666667
Uttar Pradesh,SIDDHARTH NAGAR,2014,Kharif,Guar seed,22,18,0.818181818
Uttar Pradesh,SIDDHARTH NAGAR,2014,Kharif,Maize,644,1145,1.777950311
Uttar Pradesh,SIDDHARTH NAGAR,2014,Kharif,Rice,170404,414082,2.430001643
Uttar Pradesh,SIDDHARTH NAGAR,2014,Kharif,Sugarcane,2377,149086,62.72023559
Uttar Pradesh,SIDDHARTH NAGAR,2014,Kharif,Sweet potato,90,1115,12.38888889
Uttar Pradesh,SIDDHARTH NAGAR,2014,Kharif,Urad,226,121,0.53539823
Uttar Pradesh,SIDDHARTH NAGAR,2014,Rabi,Barley,6,10,1.666666667
Uttar Pradesh,SIDDHARTH NAGAR,2014,Rabi,Coriander,289,140,0.484429066
Uttar Pradesh,SIDDHARTH NAGAR,2014,Rabi,Garlic,62,359,5.790322581
Uttar Pradesh,SIDDHARTH NAGAR,2014,Rabi,Linseed,1496,866,0.578877005
Uttar Pradesh,SIDDHARTH NAGAR,2014,Rabi,Maize,13,31,2.384615385
Uttar Pradesh,SIDDHARTH NAGAR,2014,Rabi,Masoor,3070,1648,0.536807818
Uttar Pradesh,SIDDHARTH NAGAR,2014,Rabi,Onion,194,2968,15.29896907
Uttar Pradesh,SIDDHARTH NAGAR,2014,Rabi,Peas & beans (Pulses),3108,2347,0.755148005
Uttar Pradesh,SIDDHARTH NAGAR,2014,Rabi,Potato,1679,37877,22.55926147
Uttar Pradesh,SIDDHARTH NAGAR,2014,Rabi,Rapeseed &Mustard,3230,2520,0.780185759
Uttar Pradesh,SIDDHARTH NAGAR,2014,Rabi,Wheat,161544,408222,2.527001931
Uttar Pradesh,SIDDHARTH NAGAR,2014,Summer,Banana,14,632,45.14285714
Uttar Pradesh,SIDDHARTH NAGAR,2014,Summer,Maize,6,11,1.833333333
Uttar Pradesh,SIDDHARTH NAGAR,2014,Summer,Onion,216,3266,15.12037037
Uttar Pradesh,SITAPUR,1997,Kharif,Arhar/Tur,16603,7103,0.42781425
Uttar Pradesh,SITAPUR,1997,Kharif,Bajra,2972,3276,1.102288022
Uttar Pradesh,SITAPUR,1997,Kharif,Groundnut,5765,3004,0.521075455
Uttar Pradesh,SITAPUR,1997,Kharif,Jowar,12842,8898,0.692882729
Uttar Pradesh,SITAPUR,1997,Kharif,Maize,24379,14944,0.612986587
Uttar Pradesh,SITAPUR,1997,Kharif,Moong(Green Gram),10,3,0.3
Uttar Pradesh,SITAPUR,1997,Kharif,Moth,2,1,0.5
Uttar Pradesh,SITAPUR,1997,Kharif,Oilseeds total,26406,8003,0.303075059
Uttar Pradesh,SITAPUR,1997,Kharif,Onion,226,2327,10.29646018
Uttar Pradesh,SITAPUR,1997,Kharif,Rice,141093,313355,2.22091103
Uttar Pradesh,SITAPUR,1997,Kharif,Sesamum,5317,797,0.149896558
Uttar Pradesh,SITAPUR,1997,Kharif,Small millets,1751,1407,0.803540834
Uttar Pradesh,SITAPUR,1997,Kharif,Soyabean,23,23,1
Uttar Pradesh,SITAPUR,1997,Kharif,Total foodgrain,440490,803328,1.8237145
Uttar Pradesh,SITAPUR,1997,Kharif,Urad,8073,2293,0.284033197
Uttar Pradesh,SITAPUR,1997,Rabi,Barley,6871,10747,1.564110028
Uttar Pradesh,SITAPUR,1997,Rabi,Gram,5868,2042,0.347989093
Uttar Pradesh,SITAPUR,1997,Rabi,Linseed,393,167,0.424936387
Uttar Pradesh,SITAPUR,1997,Rabi,Masoor,22421,12466,0.55599661
Uttar Pradesh,SITAPUR,1997,Rabi,Peas & beans (Pulses),1204,1342,1.11461794
Uttar Pradesh,SITAPUR,1997,Rabi,Rapeseed &Mustard,14873,3959,0.26618705
Uttar Pradesh,SITAPUR,1997,Rabi,Sunflower,35,53,1.514285714
Uttar Pradesh,SITAPUR,1997,Rabi,Wheat,192766,423769,2.198359669
Uttar Pradesh,SITAPUR,1997,Summer,Maize,44,69,1.568181818
Uttar Pradesh,SITAPUR,1997,Summer,Moong(Green Gram),6,3,0.5
Uttar Pradesh,SITAPUR,1997,Summer,Urad,3585,1610,0.449093445
Uttar Pradesh,SITAPUR,1997,Whole Year,Potato,4357,35304,8.102823043
Uttar Pradesh,SITAPUR,1997,Whole Year,Sugarcane,84364,4205039,49.84399744
Uttar Pradesh,SITAPUR,1998,Kharif,Arhar/Tur,15337,16969,1.106409337
Uttar Pradesh,SITAPUR,1998,Kharif,Bajra,2766,1391,0.502892263
Uttar Pradesh,SITAPUR,1998,Kharif,Groundnut,5947,2307,0.387926686
Uttar Pradesh,SITAPUR,1998,Kharif,Jowar,12343,4921,0.398687515
Uttar Pradesh,SITAPUR,1998,Kharif,Maize,24188,5104,0.211013726
Uttar Pradesh,SITAPUR,1998,Kharif,Moong(Green Gram),9,3,0.333333333
Uttar Pradesh,SITAPUR,1998,Kharif,Moth,1,,
Uttar Pradesh,SITAPUR,1998,Kharif,Ragi,3,4,1.333333333
Uttar Pradesh,SITAPUR,1998,Kharif,Rice,141182,250568,1.774787154
Uttar Pradesh,SITAPUR,1998,Kharif,Sesamum,5355,1056,0.19719888
Uttar Pradesh,SITAPUR,1998,Kharif,Small millets,1587,741,0.466918715
Uttar Pradesh,SITAPUR,1998,Kharif,Soyabean,12,5,0.416666667
Uttar Pradesh,SITAPUR,1998,Kharif,Urad,8022,2222,0.276988282
Uttar Pradesh,SITAPUR,1998,Rabi,Barley,6265,10527,1.68028731
Uttar Pradesh,SITAPUR,1998,Rabi,Gram,4431,3324,0.750169262
Uttar Pradesh,SITAPUR,1998,Rabi,Linseed,391,148,0.378516624
Uttar Pradesh,SITAPUR,1998,Rabi,Masoor,22079,18238,0.826033788
Uttar Pradesh,SITAPUR,1998,Rabi,Peas & beans (Pulses),2006,2118,1.055832502
Uttar Pradesh,SITAPUR,1998,Rabi,Rapeseed &Mustard,15124,9200,0.608304681
Uttar Pradesh,SITAPUR,1998,Rabi,Sunflower,30,37,1.233333333
Uttar Pradesh,SITAPUR,1998,Rabi,Wheat,199123,443661,2.228075109
Uttar Pradesh,SITAPUR,1998,Summer,Maize,45,46,1.022222222
Uttar Pradesh,SITAPUR,1998,Summer,Moong(Green Gram),17,7,0.411764706
Uttar Pradesh,SITAPUR,1998,Summer,Urad,4021,1295,0.322059189
Uttar Pradesh,SITAPUR,1998,Whole Year,Onion,239,2886,12.07531381
Uttar Pradesh,SITAPUR,1998,Whole Year,Potato,4300,73161,17.01418605
Uttar Pradesh,SITAPUR,1998,Whole Year,Sannhamp,1,,
Uttar Pradesh,SITAPUR,1998,Whole Year,Sugarcane,84044,4482571,53.33600257
Uttar Pradesh,SITAPUR,1998,Whole Year,Tobacco,522,3130,5.996168582
Uttar Pradesh,SITAPUR,1998,Whole Year,Turmeric,47,87,1.85106383
Uttar Pradesh,SITAPUR,1999,Kharif,Arhar/Tur,14353,23171,1.614366335
Uttar Pradesh,SITAPUR,1999,Kharif,Bajra,3549,3862,1.088193857
Uttar Pradesh,SITAPUR,1999,Kharif,Cotton(lint),11,12,1.090909091
Uttar Pradesh,SITAPUR,1999,Kharif,Groundnut,4687,4739,1.011094517
Uttar Pradesh,SITAPUR,1999,Kharif,Jowar,11201,12646,1.129006339
Uttar Pradesh,SITAPUR,1999,Kharif,Maize,20456,22543,1.102023856
Uttar Pradesh,SITAPUR,1999,Kharif,Moong(Green Gram),6,2,0.333333333
Uttar Pradesh,SITAPUR,1999,Kharif,Rice,156206,320394,2.05109919
Uttar Pradesh,SITAPUR,1999,Kharif,Small millets,1388,847,0.610230548
Uttar Pradesh,SITAPUR,1999,Kharif,Soyabean,5,4,0.8
Uttar Pradesh,SITAPUR,1999,Kharif,Sunflower,19,27,1.421052632
Uttar Pradesh,SITAPUR,1999,Kharif,Urad,6196,2788,0.449967721
Uttar Pradesh,SITAPUR,1999,Rabi,Barley,5803,9393,1.618645528
Uttar Pradesh,SITAPUR,1999,Rabi,Gram,3076,2798,0.909622887
Uttar Pradesh,SITAPUR,1999,Rabi,Linseed,279,122,0.437275986
Uttar Pradesh,SITAPUR,1999,Rabi,Maize,37,54,1.459459459
Uttar Pradesh,SITAPUR,1999,Rabi,Ragi,1,2,2
Uttar Pradesh,SITAPUR,1999,Rabi,Rapeseed &Mustard,14377,8798,0.611949642
Uttar Pradesh,SITAPUR,1999,Rabi,Wheat,198814,481591,2.422319354
Uttar Pradesh,SITAPUR,1999,Summer,Moong(Green Gram),10,7,0.7
Uttar Pradesh,SITAPUR,1999,Summer,Urad,4105,1609,0.391961023
Uttar Pradesh,SITAPUR,1999,Whole Year,Onion,290,4157,14.33448276
Uttar Pradesh,SITAPUR,1999,Whole Year,Peas & beans (Pulses),2449,3037,1.240097999
Uttar Pradesh,SITAPUR,1999,Whole Year,Potato,4759,88283,18.55074596
Uttar Pradesh,SITAPUR,1999,Whole Year,Sugarcane,95830,5249951,54.78400292
Uttar Pradesh,SITAPUR,1999,Whole Year,Tobacco,686,3720,5.422740525
Uttar Pradesh,SITAPUR,1999,Whole Year,Turmeric,109,170,1.559633028
Uttar Pradesh,SITAPUR,2000,Kharif,Arhar/Tur,13084,16505,1.261464384
Uttar Pradesh,SITAPUR,2000,Kharif,Bajra,3513,2753,0.783660689
Uttar Pradesh,SITAPUR,2000,Kharif,Castor seed,1,0.1,0.1
Uttar Pradesh,SITAPUR,2000,Kharif,Groundnut,6441,4227,0.656264555
Uttar Pradesh,SITAPUR,2000,Kharif,Jowar,10656,13149,1.233952703
Uttar Pradesh,SITAPUR,2000,Kharif,Maize,17119,14808,0.865003797
Uttar Pradesh,SITAPUR,2000,Kharif,Moong(Green Gram),9,2,0.222222222
Uttar Pradesh,SITAPUR,2000,Kharif,Rice,163309,232696,1.424881666
Uttar Pradesh,SITAPUR,2000,Kharif,Sesamum,6690,783,0.117040359
Uttar Pradesh,SITAPUR,2000,Kharif,Small millets,997,690,0.692076229
Uttar Pradesh,SITAPUR,2000,Kharif,Soyabean,13,8,0.615384615
Uttar Pradesh,SITAPUR,2000,Kharif,Urad,6398,1747,0.273054079
Uttar Pradesh,SITAPUR,2000,Rabi,Barley,5186,8814,1.699575781
Uttar Pradesh,SITAPUR,2000,Rabi,Gram,2184,2070,0.947802198
Uttar Pradesh,SITAPUR,2000,Rabi,Linseed,201,72,0.358208955
Uttar Pradesh,SITAPUR,2000,Rabi,Maize,70,114,1.628571429
Uttar Pradesh,SITAPUR,2000,Rabi,Masoor,25062,17995,0.718019312
Uttar Pradesh,SITAPUR,2000,Rabi,Moong(Green Gram),10,6,0.6
Uttar Pradesh,SITAPUR,2000,Rabi,Peas & beans (Pulses),2446,2444,0.999182339
Uttar Pradesh,SITAPUR,2000,Rabi,Rapeseed &Mustard,13713,8262,0.602493984
Uttar Pradesh,SITAPUR,2000,Rabi,Urad,3568,1598,0.447869955
Uttar Pradesh,SITAPUR,2000,Rabi,Wheat,206207,459802,2.229807911
Uttar Pradesh,SITAPUR,2000,Whole Year,Potato,3847,52295,13.59370938
Uttar Pradesh,SITAPUR,2000,Whole Year,Sugarcane,94889,5006723,52.76399793
Uttar Pradesh,SITAPUR,2000,Whole Year,Turmeric,135,235,1.740740741
Uttar Pradesh,SITAPUR,2001,Kharif,Arhar/Tur,11156,13122,1.176228039
Uttar Pradesh,SITAPUR,2001,Kharif,Bajra,3162,2620,0.8285895
Uttar Pradesh,SITAPUR,2001,Kharif,Cotton(lint),11,12,1.090909091
Uttar Pradesh,SITAPUR,2001,Kharif,Groundnut,3351,3006,0.897045658
Uttar Pradesh,SITAPUR,2001,Kharif,Jowar,8714,8053,0.924145054
Uttar Pradesh,SITAPUR,2001,Kharif,Maize,15251,11011,0.721985444
Uttar Pradesh,SITAPUR,2001,Kharif,Moong(Green Gram),6,2,0.333333333
Uttar Pradesh,SITAPUR,2001,Kharif,Rice,160975,276372,1.716862867
Uttar Pradesh,SITAPUR,2001,Kharif,Sesamum,8003,1761,0.220042484
Uttar Pradesh,SITAPUR,2001,Kharif,Small millets,675,440,0.651851852
Uttar Pradesh,SITAPUR,2001,Kharif,Soyabean,6,4,0.666666667
Uttar Pradesh,SITAPUR,2001,Kharif,Sunflower,41,79,1.926829268
Uttar Pradesh,SITAPUR,2001,Kharif,Urad,6629,1419,0.214059436
Uttar Pradesh,SITAPUR,2001,Rabi,Barley,3825,6267,1.638431373
Uttar Pradesh,SITAPUR,2001,Rabi,Gram,1317,1236,0.938496583
Uttar Pradesh,SITAPUR,2001,Rabi,Linseed,58,24,0.413793103
Uttar Pradesh,SITAPUR,2001,Rabi,Maize,73,119,1.630136986
Uttar Pradesh,SITAPUR,2001,Rabi,Masoor,28842,20161,0.699015325
Uttar Pradesh,SITAPUR,2001,Rabi,Peas & beans (Pulses),2339,2746,1.174005985
Uttar Pradesh,SITAPUR,2001,Rabi,Rapeseed &Mustard,16345,10729,0.656408688
Uttar Pradesh,SITAPUR,2001,Rabi,Urad,2931,1167,0.398157625
Uttar Pradesh,SITAPUR,2001,Rabi,Wheat,198535,487280,2.454378321
Uttar Pradesh,SITAPUR,2001,Whole Year,Potato,3180,49544,15.57987421
Uttar Pradesh,SITAPUR,2001,Whole Year,Sugarcane,112345,6347493,56.50000445
Uttar Pradesh,SITAPUR,2001,Whole Year,Tobacco,599,3775,6.302170284
Uttar Pradesh,SITAPUR,2001,Whole Year,Turmeric,120,215,1.791666667
Uttar Pradesh,SITAPUR,2002,Kharif,Bajra,4262,2940,0.689816987
Uttar Pradesh,SITAPUR,2002,Kharif,Groundnut,2733,1115,0.407976583
Uttar Pradesh,SITAPUR,2002,Kharif,Jowar,6951,5738,0.825492735
Uttar Pradesh,SITAPUR,2002,Kharif,Maize,16048,10544,0.657028913
Uttar Pradesh,SITAPUR,2002,Kharif,Moong(Green Gram),12,5,0.416666667
Uttar Pradesh,SITAPUR,2002,Kharif,Rice,119808,188830,1.576105101
Uttar Pradesh,SITAPUR,2002,Kharif,Sesamum,6820,757,0.110997067
Uttar Pradesh,SITAPUR,2002,Kharif,Small millets,661,393,0.594553707
Uttar Pradesh,SITAPUR,2002,Kharif,Soyabean,9,1,0.111111111
Uttar Pradesh,SITAPUR,2002,Kharif,Sunflower,2,3,1.5
Uttar Pradesh,SITAPUR,2002,Kharif,Urad,6659,2184,0.327977174
Uttar Pradesh,SITAPUR,2002,Rabi,Barley,3714,6451,1.736941303
Uttar Pradesh,SITAPUR,2002,Rabi,Gram,1358,1244,0.916053019
Uttar Pradesh,SITAPUR,2002,Rabi,Linseed,55,24,0.436363636
Uttar Pradesh,SITAPUR,2002,Rabi,Maize,117,130,1.111111111
Uttar Pradesh,SITAPUR,2002,Rabi,Masoor,26349,20552,0.779991651
Uttar Pradesh,SITAPUR,2002,Rabi,Onion,92,950,10.32608696
Uttar Pradesh,SITAPUR,2002,Rabi,Peas & beans (Pulses),2154,2266,1.051996286
Uttar Pradesh,SITAPUR,2002,Rabi,Rapeseed &Mustard,14579,8875,0.608752315
Uttar Pradesh,SITAPUR,2002,Rabi,Wheat,198589,484999,2.442224897
Uttar Pradesh,SITAPUR,2002,Summer,Moong(Green Gram),16,9,0.5625
Uttar Pradesh,SITAPUR,2002,Summer,Onion,160,1789,11.18125
Uttar Pradesh,SITAPUR,2002,Summer,Urad,2894,1059,0.365929509
Uttar Pradesh,SITAPUR,2002,Whole Year,Potato,3796,73384,19.33192835
Uttar Pradesh,SITAPUR,2002,Whole Year,Sannhamp,2,1,0.5
Uttar Pradesh,SITAPUR,2002,Whole Year,Sugarcane,128516,6397526,49.77999627
Uttar Pradesh,SITAPUR,2002,Whole Year,Tobacco,412,2463,5.97815534
Uttar Pradesh,SITAPUR,2002,Whole Year,Turmeric,88,160,1.818181818
Uttar Pradesh,SITAPUR,2003,Kharif,Arhar/Tur,8239,6786,0.823643646
Uttar Pradesh,SITAPUR,2003,Kharif,Bajra,5408,4716,0.87204142
Uttar Pradesh,SITAPUR,2003,Kharif,Groundnut,2208,689,0.312047101
Uttar Pradesh,SITAPUR,2003,Kharif,Jowar,6776,6736,0.994096812
Uttar Pradesh,SITAPUR,2003,Kharif,Maize,16580,11407,0.687997587
Uttar Pradesh,SITAPUR,2003,Kharif,Moong(Green Gram),61,16,0.262295082
Uttar Pradesh,SITAPUR,2003,Kharif,Rice,140773,262915,1.867652178
Uttar Pradesh,SITAPUR,2003,Kharif,Sesamum,7786,654,0.083996918
Uttar Pradesh,SITAPUR,2003,Kharif,Sunflower,2,3,1.5
Uttar Pradesh,SITAPUR,2003,Kharif,Urad,8413,1548,0.184000951
Uttar Pradesh,SITAPUR,2003,Rabi,Barley,3127,5825,1.862807803
Uttar Pradesh,SITAPUR,2003,Rabi,Gram,1237,1076,0.869846403
Uttar Pradesh,SITAPUR,2003,Rabi,Linseed,54,27,0.5
Uttar Pradesh,SITAPUR,2003,Rabi,Maize,20,28,1.4
Uttar Pradesh,SITAPUR,2003,Rabi,Masoor,31766,25413,0.800006296
Uttar Pradesh,SITAPUR,2003,Rabi,Onion,53,761,14.35849057
Uttar Pradesh,SITAPUR,2003,Rabi,Peas & beans (Pulses),2007,1965,0.979073244
Uttar Pradesh,SITAPUR,2003,Rabi,Ragi,1,2,2
Uttar Pradesh,SITAPUR,2003,Rabi,Rapeseed &Mustard,14991,9444,0.629977987
Uttar Pradesh,SITAPUR,2003,Rabi,Wheat,215644,542147,2.514083397
Uttar Pradesh,SITAPUR,2003,Summer,Maize,1296,1772,1.367283951
Uttar Pradesh,SITAPUR,2003,Summer,Moong(Green Gram),8,5,0.625
Uttar Pradesh,SITAPUR,2003,Summer,Onion,166,1690,10.18072289
Uttar Pradesh,SITAPUR,2003,Summer,Urad,2852,950,0.333099579
Uttar Pradesh,SITAPUR,2003,Whole Year,Potato,4253,57526,13.52598166
Uttar Pradesh,SITAPUR,2003,Whole Year,Sannhamp,2,1,0.5
Uttar Pradesh,SITAPUR,2003,Whole Year,Sugarcane,122227,5691378,46.56399977
Uttar Pradesh,SITAPUR,2003,Whole Year,Tobacco,450,3226,7.168888889
Uttar Pradesh,SITAPUR,2003,Whole Year,Turmeric,65,118,1.815384615
Uttar Pradesh,SITAPUR,2004,Kharif,Bajra,5418,5528,1.020302695
Uttar Pradesh,SITAPUR,2004,Kharif,Cotton(lint),3,1,0.333333333
Uttar Pradesh,SITAPUR,2004,Kharif,Groundnut,1552,723,0.465850515
Uttar Pradesh,SITAPUR,2004,Kharif,Jowar,7051,8197,1.162530138
Uttar Pradesh,SITAPUR,2004,Kharif,Maize,17774,14308,0.804996062
Uttar Pradesh,SITAPUR,2004,Kharif,Rice,158642,241358,1.521400386
Uttar Pradesh,SITAPUR,2004,Kharif,Sannhamp,19,5,0.263157895
Uttar Pradesh,SITAPUR,2004,Kharif,Sesamum,10239,1126,0.109971677
Uttar Pradesh,SITAPUR,2004,Kharif,Small millets,576,204,0.354166667
Uttar Pradesh,SITAPUR,2004,Kharif,Soyabean,28,11,0.392857143
Uttar Pradesh,SITAPUR,2004,Kharif,Sugarcane,110205,6100067,55.35199855
Uttar Pradesh,SITAPUR,2004,Rabi,Barley,2802,4466,1.593861527
Uttar Pradesh,SITAPUR,2004,Rabi,Gram,1596,1498,0.938596491
Uttar Pradesh,SITAPUR,2004,Rabi,Linseed,64,29,0.453125
Uttar Pradesh,SITAPUR,2004,Rabi,Maize,1,5,5
Uttar Pradesh,SITAPUR,2004,Rabi,Potato,3880,74083,19.0935567
Uttar Pradesh,SITAPUR,2004,Rabi,Rapeseed &Mustard,14662,9560,0.652025645
Uttar Pradesh,SITAPUR,2004,Rabi,Turmeric,51,88,1.725490196
Uttar Pradesh,SITAPUR,2004,Rabi,Wheat,209974,476720,2.270376332
Uttar Pradesh,SITAPUR,2004,Summer,Sunflower,86,169,1.965116279
Uttar Pradesh,SITAPUR,2004,Whole Year,Banana,5,182,36.4
Uttar Pradesh,SITAPUR,2004,Whole Year,Dry chillies,124,116,0.935483871
Uttar Pradesh,SITAPUR,2004,Whole Year,Garlic,184,797,4.331521739
Uttar Pradesh,SITAPUR,2004,Whole Year,Guar seed,96,81,0.84375
Uttar Pradesh,SITAPUR,2004,Whole Year,Onion,295,3507,11.88813559
Uttar Pradesh,SITAPUR,2004,Whole Year,Sweet potato,443,5149,11.62302483
Uttar Pradesh,SITAPUR,2004,Whole Year,Tobacco,566,2755,4.867491166
Uttar Pradesh,SITAPUR,2005,Kharif,Bajra,4760,3066,0.644117647
Uttar Pradesh,SITAPUR,2005,Kharif,Jowar,6165,6014,0.975506894
Uttar Pradesh,SITAPUR,2005,Kharif,Maize,16303,16564,1.016009323
Uttar Pradesh,SITAPUR,2005,Kharif,Rice,133490,221860,1.661997153
Uttar Pradesh,SITAPUR,2005,Kharif,Sannhamp,1,,
Uttar Pradesh,SITAPUR,2005,Kharif,Sesamum,7295,868,0.118985607
Uttar Pradesh,SITAPUR,2005,Kharif,Small millets,970,681,0.702061856
Uttar Pradesh,SITAPUR,2005,Kharif,Sugarcane,125376,6743724,53.7879977
Uttar Pradesh,SITAPUR,2005,Rabi,Barley,5441,8547,1.570850947
Uttar Pradesh,SITAPUR,2005,Rabi,Gram,1138,1299,1.141476274
Uttar Pradesh,SITAPUR,2005,Rabi,Linseed,102,42,0.411764706
Uttar Pradesh,SITAPUR,2005,Rabi,Potato,3329,58595,17.6013818
Uttar Pradesh,SITAPUR,2005,Rabi,Rapeseed &Mustard,8314,5820,0.700024056
Uttar Pradesh,SITAPUR,2005,Rabi,Turmeric,157,700,4.458598726
Uttar Pradesh,SITAPUR,2005,Rabi,Wheat,202584,484784,2.393002409
Uttar Pradesh,SITAPUR,2005,Summer,Sunflower,2,2,1
Uttar Pradesh,SITAPUR,2005,Whole Year,Banana,14,534,38.14285714
Uttar Pradesh,SITAPUR,2005,Whole Year,Coriander,216,124,0.574074074
Uttar Pradesh,SITAPUR,2005,Whole Year,Dry chillies,81,74,0.913580247
Uttar Pradesh,SITAPUR,2005,Whole Year,Garlic,268,1168,4.358208955
Uttar Pradesh,SITAPUR,2005,Whole Year,Guar seed,62,50,0.806451613
Uttar Pradesh,SITAPUR,2005,Whole Year,Onion,162,2078,12.82716049
Uttar Pradesh,SITAPUR,2005,Whole Year,Sweet potato,473,6187,13.08033827
Uttar Pradesh,SITAPUR,2005,Whole Year,Tobacco,339,1970,5.81120944
Uttar Pradesh,SITAPUR,2006,Kharif,Arhar/Tur,8345,5736,0.687357699
Uttar Pradesh,SITAPUR,2006,Kharif,Bajra,2154,1634,0.758588672
Uttar Pradesh,SITAPUR,2006,Kharif,Cotton(lint),15,3,0.2
Uttar Pradesh,SITAPUR,2006,Kharif,Dry ginger,1,3,3
Uttar Pradesh,SITAPUR,2006,Kharif,Groundnut,2271,1581,0.696169089
Uttar Pradesh,SITAPUR,2006,Kharif,Jowar,7530,7424,0.985922975
Uttar Pradesh,SITAPUR,2006,Kharif,Maize,13169,12616,0.958007442
Uttar Pradesh,SITAPUR,2006,Kharif,Other Kharif pulses,12203,6064,0.496926985
Uttar Pradesh,SITAPUR,2006,Kharif,Rice,158642,257317,1.621997958
Uttar Pradesh,SITAPUR,2006,Kharif,Sannhamp,6,2,0.333333333
Uttar Pradesh,SITAPUR,2006,Kharif,Sesamum,11046,1348,0.122035126
Uttar Pradesh,SITAPUR,2006,Kharif,Small millets,285,179,0.628070175
Uttar Pradesh,SITAPUR,2006,Kharif,Soyabean,13,13,1
Uttar Pradesh,SITAPUR,2006,Kharif,Sugarcane,137821,7645758,55.47600148
Uttar Pradesh,SITAPUR,2006,Kharif,Sweet potato,282,3849,13.64893617
Uttar Pradesh,SITAPUR,2006,Rabi,Barley,1784,2964,1.661434978
Uttar Pradesh,SITAPUR,2006,Rabi,Garlic,257,1130,4.39688716
Uttar Pradesh,SITAPUR,2006,Rabi,Gram,1349,1057,0.783543365
Uttar Pradesh,SITAPUR,2006,Rabi,Linseed,60,21,0.35
Uttar Pradesh,SITAPUR,2006,Rabi,Masoor,39459,27108,0.686991561
Uttar Pradesh,SITAPUR,2006,Rabi,Onion,42,806,19.19047619
Uttar Pradesh,SITAPUR,2006,Rabi,Other  Rabi pulses,1706,1650,0.967174678
Uttar Pradesh,SITAPUR,2006,Rabi,Potato,2105,36467,17.3239905
Uttar Pradesh,SITAPUR,2006,Rabi,Rapeseed &Mustard,14662,13090,0.892784068
Uttar Pradesh,SITAPUR,2006,Rabi,Tobacco,707,3762,5.321074965
Uttar Pradesh,SITAPUR,2006,Rabi,Turmeric,41,139,3.390243902
Uttar Pradesh,SITAPUR,2006,Rabi,Wheat,190985,522614,2.736413854
Uttar Pradesh,SITAPUR,2006,Summer,Maize,285,378,1.326315789
Uttar Pradesh,SITAPUR,2006,Summer,Onion,195,2271,11.64615385
Uttar Pradesh,SITAPUR,2006,Summer,Rice,10,16,1.6
Uttar Pradesh,SITAPUR,2006,Summer,Sunflower,2296,3483,1.516986063
Uttar Pradesh,SITAPUR,2006,Summer,Tobacco,29,85,2.931034483
Uttar Pradesh,SITAPUR,2006,Whole Year,Banana,41,1591,38.80487805
Uttar Pradesh,SITAPUR,2006,Whole Year,Coriander,186,97,0.521505376
Uttar Pradesh,SITAPUR,2006,Whole Year,Dry chillies,104,99,0.951923077
Uttar Pradesh,SITAPUR,2006,Whole Year,Guar seed,55,46,0.836363636
Uttar Pradesh,SITAPUR,2007,Kharif,Arhar/Tur,7227,7633,1.056178221
Uttar Pradesh,SITAPUR,2007,Kharif,Bajra,4117,2745,0.666747632
Uttar Pradesh,SITAPUR,2007,Kharif,Dry chillies,122,118,0.967213115
Uttar Pradesh,SITAPUR,2007,Kharif,Dry ginger,1,2,2
Uttar Pradesh,SITAPUR,2007,Kharif,Groundnut,1850,623,0.336756757
Uttar Pradesh,SITAPUR,2007,Kharif,Guar seed,61,51,0.836065574
Uttar Pradesh,SITAPUR,2007,Kharif,Jowar,5826,4922,0.844833505
Uttar Pradesh,SITAPUR,2007,Kharif,Maize,16826,13865,0.824022346
Uttar Pradesh,SITAPUR,2007,Kharif,Moong(Green Gram),5,1,0.2
Uttar Pradesh,SITAPUR,2007,Kharif,Rice,149280,260494,1.74500268
Uttar Pradesh,SITAPUR,2007,Kharif,Sesamum,9998,1050,0.105021004
Uttar Pradesh,SITAPUR,2007,Kharif,Small millets,374,225,0.601604278
Uttar Pradesh,SITAPUR,2007,Kharif,Sugarcane,122295,6372059,52.10400262
Uttar Pradesh,SITAPUR,2007,Kharif,Sweet potato,259,3487,13.46332046
Uttar Pradesh,SITAPUR,2007,Kharif,Urad,9182,3416,0.372032237
Uttar Pradesh,SITAPUR,2007,Rabi,Barley,1719,3211,1.867946481
Uttar Pradesh,SITAPUR,2007,Rabi,Coriander,250,145,0.58
Uttar Pradesh,SITAPUR,2007,Rabi,Gram,1231,1215,0.987002437
Uttar Pradesh,SITAPUR,2007,Rabi,Linseed,44,11,0.25
Uttar Pradesh,SITAPUR,2007,Rabi,Masoor,20022,13675,0.682998701
Uttar Pradesh,SITAPUR,2007,Rabi,Onion,32,447,13.96875
Uttar Pradesh,SITAPUR,2007,Rabi,Other  Rabi pulses,1616,1516,0.938118812
Uttar Pradesh,SITAPUR,2007,Rabi,Potato,7258,138508,19.08349408
Uttar Pradesh,SITAPUR,2007,Rabi,Rapeseed &Mustard,24942,22701,0.910151552
Uttar Pradesh,SITAPUR,2007,Rabi,Tobacco,633,3542,5.595576619
Uttar Pradesh,SITAPUR,2007,Rabi,Turmeric,52,160,3.076923077
Uttar Pradesh,SITAPUR,2007,Rabi,Wheat,188632,522105,2.76784957
Uttar Pradesh,SITAPUR,2007,Summer,Maize,341,490,1.436950147
Uttar Pradesh,SITAPUR,2007,Summer,Moong(Green Gram),4,2,0.5
Uttar Pradesh,SITAPUR,2007,Summer,Onion,251,1996,7.952191235
Uttar Pradesh,SITAPUR,2007,Summer,Rice,15,26,1.733333333
Uttar Pradesh,SITAPUR,2007,Summer,Tobacco,5,12,2.4
Uttar Pradesh,SITAPUR,2007,Summer,Urad,982,387,0.394093686
Uttar Pradesh,SITAPUR,2008,Kharif,Arhar/Tur,4343,5870,1.351600276
Uttar Pradesh,SITAPUR,2008,Kharif,Bajra,3257,2591,0.795517347
Uttar Pradesh,SITAPUR,2008,Kharif,Cotton(lint),7,2,0.285714286
Uttar Pradesh,SITAPUR,2008,Kharif,Dry chillies,59,59,1
Uttar Pradesh,SITAPUR,2008,Kharif,Groundnut,2067,1277,0.61780358
Uttar Pradesh,SITAPUR,2008,Kharif,Guar seed,13,11,0.846153846
Uttar Pradesh,SITAPUR,2008,Kharif,Jowar,3877,3891,1.003611039
Uttar Pradesh,SITAPUR,2008,Kharif,Maize,16461,7078,0.429986028
Uttar Pradesh,SITAPUR,2008,Kharif,Moong(Green Gram),2,1,0.5
Uttar Pradesh,SITAPUR,2008,Kharif,Rice,148440,257098,1.731999461
Uttar Pradesh,SITAPUR,2008,Kharif,Sesamum,6741,1314,0.194926569
Uttar Pradesh,SITAPUR,2008,Kharif,Small millets,457,281,0.61487965
Uttar Pradesh,SITAPUR,2008,Kharif,Sugarcane,125569,5561702,44.29199882
Uttar Pradesh,SITAPUR,2008,Kharif,Sweet potato,148,1818,12.28378378
Uttar Pradesh,SITAPUR,2008,Kharif,Urad,7798,2792,0.358040523
Uttar Pradesh,SITAPUR,2008,Rabi,Barley,1719,3252,1.891797557
Uttar Pradesh,SITAPUR,2008,Rabi,Coriander,184,110,0.597826087
Uttar Pradesh,SITAPUR,2008,Rabi,Garlic,233,1372,5.888412017
Uttar Pradesh,SITAPUR,2008,Rabi,Gram,830,953,1.148192771
Uttar Pradesh,SITAPUR,2008,Rabi,Masoor,22503,17102,0.759987557
Uttar Pradesh,SITAPUR,2008,Rabi,Onion,32,375,11.71875
Uttar Pradesh,SITAPUR,2008,Rabi,Peas & beans (Pulses),2939,3547,1.206873086
Uttar Pradesh,SITAPUR,2008,Rabi,Potato,4799,81896,17.06522192
Uttar Pradesh,SITAPUR,2008,Rabi,Rapeseed &Mustard,20912,16438,0.786055853
Uttar Pradesh,SITAPUR,2008,Rabi,Tobacco,301,1570,5.215946844
Uttar Pradesh,SITAPUR,2008,Rabi,Wheat,223913,656513,2.932000375
Uttar Pradesh,SITAPUR,2008,Summer,Banana,14,534,38.14285714
Uttar Pradesh,SITAPUR,2008,Summer,Maize,225,337,1.497777778
Uttar Pradesh,SITAPUR,2008,Summer,Rice,62,107,1.725806452
Uttar Pradesh,SITAPUR,2008,Summer,Urad,2238,654,0.292225201
Uttar Pradesh,SITAPUR,2009,Kharif,Arhar/Tur,5198,4671,0.898614852
Uttar Pradesh,SITAPUR,2009,Kharif,Bajra,3016,1558,0.516578249
Uttar Pradesh,SITAPUR,2009,Kharif,Cotton(lint),6,1,0.166666667
Uttar Pradesh,SITAPUR,2009,Kharif,Dry chillies,236,208,0.881355932
Uttar Pradesh,SITAPUR,2009,Kharif,Groundnut,2367,1340,0.566117448
Uttar Pradesh,SITAPUR,2009,Kharif,Guar seed,57,48,0.842105263
Uttar Pradesh,SITAPUR,2009,Kharif,Jowar,4470,3820,0.85458613
Uttar Pradesh,SITAPUR,2009,Kharif,Maize,15199,11870,0.780972432
Uttar Pradesh,SITAPUR,2009,Kharif,Rice,148649,275595,1.853998345
Uttar Pradesh,SITAPUR,2009,Kharif,Sesamum,10480,4412,0.420992366
Uttar Pradesh,SITAPUR,2009,Kharif,Small millets,278,141,0.507194245
Uttar Pradesh,SITAPUR,2009,Kharif,Sugarcane,112607,6114560,54.29999911
Uttar Pradesh,SITAPUR,2009,Kharif,Sweet potato,236,3210,13.60169492
Uttar Pradesh,SITAPUR,2009,Kharif,Urad,9610,4622,0.480957336
Uttar Pradesh,SITAPUR,2009,Rabi,Barley,1173,1626,1.386189258
Uttar Pradesh,SITAPUR,2009,Rabi,Coriander,696,395,0.567528736
Uttar Pradesh,SITAPUR,2009,Rabi,Garlic,237,1259,5.312236287
Uttar Pradesh,SITAPUR,2009,Rabi,Gram,794,695,0.875314861
Uttar Pradesh,SITAPUR,2009,Rabi,Masoor,22924,17445,0.760992846
Uttar Pradesh,SITAPUR,2009,Rabi,Onion,30,389,12.96666667
Uttar Pradesh,SITAPUR,2009,Rabi,Peas & beans (Pulses),2842,3647,1.283251232
Uttar Pradesh,SITAPUR,2009,Rabi,Potato,4156,96128,23.12993263
Uttar Pradesh,SITAPUR,2009,Rabi,Rapeseed &Mustard,16233,13328,0.821043553
Uttar Pradesh,SITAPUR,2009,Rabi,Tobacco,482,2764,5.734439834
Uttar Pradesh,SITAPUR,2009,Rabi,Turmeric,34,112,3.294117647
Uttar Pradesh,SITAPUR,2009,Rabi,Wheat,223901,592666,2.647000237
Uttar Pradesh,SITAPUR,2009,Summer,Banana,15,617,41.13333333
Uttar Pradesh,SITAPUR,2009,Summer,Maize,282,410,1.453900709
Uttar Pradesh,SITAPUR,2009,Summer,Onion,53,533,10.05660377
Uttar Pradesh,SITAPUR,2009,Summer,Rice,25,46,1.84
Uttar Pradesh,SITAPUR,2009,Summer,Sunflower,4,9,2.25
Uttar Pradesh,SITAPUR,2009,Summer,Tobacco,16,68,4.25
Uttar Pradesh,SITAPUR,2009,Summer,Urad,2376,1195,0.502946128
Uttar Pradesh,SITAPUR,2010,Kharif,Arhar/Tur,4201,4619,1.099500119
Uttar Pradesh,SITAPUR,2010,Kharif,Bajra,2906,2600,0.894700619
Uttar Pradesh,SITAPUR,2010,Kharif,Dry chillies,48,42,0.875
Uttar Pradesh,SITAPUR,2010,Kharif,Groundnut,1594,1231,0.772271016
Uttar Pradesh,SITAPUR,2010,Kharif,Guar seed,55,46,0.836363636
Uttar Pradesh,SITAPUR,2010,Kharif,Jowar,3975,4568,1.14918239
Uttar Pradesh,SITAPUR,2010,Kharif,Maize,14454,10999,0.760965823
Uttar Pradesh,SITAPUR,2010,Kharif,Moong(Green Gram),2,1,0.5
Uttar Pradesh,SITAPUR,2010,Kharif,Rice,156947,310441,1.977998942
Uttar Pradesh,SITAPUR,2010,Kharif,Sannhamp,12,4,0.333333333
Uttar Pradesh,SITAPUR,2010,Kharif,Sesamum,8632,1709,0.197984245
Uttar Pradesh,SITAPUR,2010,Kharif,Small millets,122,97,0.795081967
Uttar Pradesh,SITAPUR,2010,Kharif,Sugarcane,120267,6065305,50.43199714
Uttar Pradesh,SITAPUR,2010,Kharif,Sweet potato,188,2315,12.31382979
Uttar Pradesh,SITAPUR,2010,Kharif,Urad,8960,6129,0.684040179
Uttar Pradesh,SITAPUR,2010,Rabi,Barley,1189,2326,1.95626577
Uttar Pradesh,SITAPUR,2010,Rabi,Gram,898,533,0.593541203
Uttar Pradesh,SITAPUR,2010,Rabi,Maize,7,21,3
Uttar Pradesh,SITAPUR,2010,Rabi,Masoor,25657,20782,0.809993374
Uttar Pradesh,SITAPUR,2010,Rabi,Onion,31,571,18.41935484
Uttar Pradesh,SITAPUR,2010,Rabi,Peas & beans (Pulses),2619,3122,1.192058037
Uttar Pradesh,SITAPUR,2010,Rabi,Potato,4020,77938,19.38756219
Uttar Pradesh,SITAPUR,2010,Rabi,Rapeseed &Mustard,19830,18839,0.950025214
Uttar Pradesh,SITAPUR,2010,Rabi,Tobacco,921,4675,5.076004343
Uttar Pradesh,SITAPUR,2010,Rabi,Turmeric,18,57,3.166666667
Uttar Pradesh,SITAPUR,2010,Rabi,Wheat,217102,665418,3.065001704
Uttar Pradesh,SITAPUR,2010,Summer,Maize,227,333,1.466960352
Uttar Pradesh,SITAPUR,2010,Summer,Moong(Green Gram),1,1,1
Uttar Pradesh,SITAPUR,2010,Summer,Rice,29,57,1.965517241
Uttar Pradesh,SITAPUR,2010,Summer,Urad,2033,939,0.461878997
Uttar Pradesh,SITAPUR,2011,Kharif,Arhar/Tur,4316,4483,1.038693234
Uttar Pradesh,SITAPUR,2011,Kharif,Bajra,4053,3867,0.954108068
Uttar Pradesh,SITAPUR,2011,Kharif,Dry chillies,114,95,0.833333333
Uttar Pradesh,SITAPUR,2011,Kharif,Groundnut,2449,2101,0.857901184
Uttar Pradesh,SITAPUR,2011,Kharif,Guar seed,33,27,0.818181818
Uttar Pradesh,SITAPUR,2011,Kharif,Jowar,3724,3014,0.809344791
Uttar Pradesh,SITAPUR,2011,Kharif,Maize,15642,11434,0.730980693
Uttar Pradesh,SITAPUR,2011,Kharif,Moong(Green Gram),57,24,0.421052632
Uttar Pradesh,SITAPUR,2011,Kharif,Rice,155655,346177,2.224001799
Uttar Pradesh,SITAPUR,2011,Kharif,Sesamum,10824,2565,0.236973392
Uttar Pradesh,SITAPUR,2011,Kharif,Small millets,106,98,0.924528302
Uttar Pradesh,SITAPUR,2011,Kharif,Sugarcane,118735,6708528,56.50000421
Uttar Pradesh,SITAPUR,2011,Kharif,Sweet potato,223,2898,12.9955157
Uttar Pradesh,SITAPUR,2011,Kharif,Urad,9641,6064,0.628980396
Uttar Pradesh,SITAPUR,2011,Rabi,Barley,1019,2357,2.313052012
Uttar Pradesh,SITAPUR,2011,Rabi,Coriander,367,203,0.553133515
Uttar Pradesh,SITAPUR,2011,Rabi,Garlic,180,930,5.166666667
Uttar Pradesh,SITAPUR,2011,Rabi,Gram,579,745,1.286701209
Uttar Pradesh,SITAPUR,2011,Rabi,Linseed,2,1,0.5
Uttar Pradesh,SITAPUR,2011,Rabi,Maize,21,50,2.380952381
Uttar Pradesh,SITAPUR,2011,Rabi,Masoor,20228,16081,0.794987147
Uttar Pradesh,SITAPUR,2011,Rabi,Onion,34,778,22.88235294
Uttar Pradesh,SITAPUR,2011,Rabi,Peas & beans (Pulses),2621,2836,1.08202976
Uttar Pradesh,SITAPUR,2011,Rabi,Potato,4166,118937,28.54944791
Uttar Pradesh,SITAPUR,2011,Rabi,Rapeseed &Mustard,24432,17622,0.721267191
Uttar Pradesh,SITAPUR,2011,Rabi,Tobacco,495,2585,5.222222222
Uttar Pradesh,SITAPUR,2011,Rabi,Turmeric,56,158,2.821428571
Uttar Pradesh,SITAPUR,2011,Rabi,Wheat,215859,682114,3.159997962
Uttar Pradesh,SITAPUR,2011,Summer,Banana,35,1529,43.68571429
Uttar Pradesh,SITAPUR,2011,Summer,Maize,239,395,1.652719665
Uttar Pradesh,SITAPUR,2011,Summer,Moong(Green Gram),20,11,0.55
Uttar Pradesh,SITAPUR,2011,Summer,Onion,171,1951,11.40935673
Uttar Pradesh,SITAPUR,2011,Summer,Rice,26,58,2.230769231
Uttar Pradesh,SITAPUR,2011,Summer,Tobacco,5,16,3.2
Uttar Pradesh,SITAPUR,2011,Summer,Urad,1477,843,0.570751523
Uttar Pradesh,SITAPUR,2012,Kharif,Arhar/Tur,3435,3894,1.133624454
Uttar Pradesh,SITAPUR,2012,Kharif,Bajra,1992,1693,0.849899598
Uttar Pradesh,SITAPUR,2012,Kharif,Dry chillies,72,58,0.805555556
Uttar Pradesh,SITAPUR,2012,Kharif,Groundnut,2608,2102,0.805981595
Uttar Pradesh,SITAPUR,2012,Kharif,Guar seed,44,36,0.818181818
Uttar Pradesh,SITAPUR,2012,Kharif,Jowar,3502,4915,1.403483724
Uttar Pradesh,SITAPUR,2012,Kharif,Maize,12925,12162,0.940967118
Uttar Pradesh,SITAPUR,2012,Kharif,Rice,162205,388481,2.395000154
Uttar Pradesh,SITAPUR,2012,Kharif,Sannhamp,5,2,0.4
Uttar Pradesh,SITAPUR,2012,Kharif,Sesamum,9782,2377,0.242997342
Uttar Pradesh,SITAPUR,2012,Kharif,Small millets,26,31,1.192307692
Uttar Pradesh,SITAPUR,2012,Kharif,Sugarcane,133669,8443069,63.16400212
Uttar Pradesh,SITAPUR,2012,Kharif,Sweet potato,260,3366,12.94615385
Uttar Pradesh,SITAPUR,2012,Kharif,Urad,11219,6720,0.598983867
Uttar Pradesh,SITAPUR,2012,Rabi,Barley,709,1431,2.018335684
Uttar Pradesh,SITAPUR,2012,Rabi,Coriander,344,186,0.540697674
Uttar Pradesh,SITAPUR,2012,Rabi,Garlic,182,945,5.192307692
Uttar Pradesh,SITAPUR,2012,Rabi,Gram,248,294,1.185483871
Uttar Pradesh,SITAPUR,2012,Rabi,Linseed,9,4,0.444444444
Uttar Pradesh,SITAPUR,2012,Rabi,Maize,4,13,3.25
Uttar Pradesh,SITAPUR,2012,Rabi,Masoor,19285,15004,0.778014001
Uttar Pradesh,SITAPUR,2012,Rabi,Onion,37,851,23
Uttar Pradesh,SITAPUR,2012,Rabi,Peas & beans (Pulses),2161,1699,0.786210088
Uttar Pradesh,SITAPUR,2012,Rabi,Potato,4239,99144,23.38853503
Uttar Pradesh,SITAPUR,2012,Rabi,Rapeseed &Mustard,26840,23776,0.885842027
Uttar Pradesh,SITAPUR,2012,Rabi,Tobacco,484,2617,5.407024793
Uttar Pradesh,SITAPUR,2012,Rabi,Turmeric,65,184,2.830769231
Uttar Pradesh,SITAPUR,2012,Rabi,Wheat,212016,674635,3.182000415
Uttar Pradesh,SITAPUR,2012,Summer,Banana,32,1429,44.65625
Uttar Pradesh,SITAPUR,2012,Summer,Maize,298,550,1.845637584
Uttar Pradesh,SITAPUR,2012,Summer,Moong(Green Gram),2,1,0.5
Uttar Pradesh,SITAPUR,2012,Summer,Onion,160,1817,11.35625
Uttar Pradesh,SITAPUR,2012,Summer,Rice,26,63,2.423076923
Uttar Pradesh,SITAPUR,2012,Summer,Tobacco,3,10,3.333333333
Uttar Pradesh,SITAPUR,2012,Summer,Urad,2127,1111,0.522331923
Uttar Pradesh,SITAPUR,2013,Kharif,Arhar/Tur,3600,3300,0.916666667
Uttar Pradesh,SITAPUR,2013,Kharif,Bajra,1874,1519,0.810565635
Uttar Pradesh,SITAPUR,2013,Kharif,Dry chillies,46,37,0.804347826
Uttar Pradesh,SITAPUR,2013,Kharif,Groundnut,2164,1203,0.555914972
Uttar Pradesh,SITAPUR,2013,Kharif,Guar seed,40,33,0.825
Uttar Pradesh,SITAPUR,2013,Kharif,Jowar,4212,3859,0.916191833
Uttar Pradesh,SITAPUR,2013,Kharif,Maize,11176,10762,0.962956335
Uttar Pradesh,SITAPUR,2013,Kharif,Moong(Green Gram),97,31,0.319587629
Uttar Pradesh,SITAPUR,2013,Kharif,Rice,169741,413998,2.438998238
Uttar Pradesh,SITAPUR,2013,Kharif,Sannhamp,1,,
Uttar Pradesh,SITAPUR,2013,Kharif,Sesamum,8497,2141,0.251971284
Uttar Pradesh,SITAPUR,2013,Kharif,Small millets,28,21,0.75
Uttar Pradesh,SITAPUR,2013,Kharif,Sugarcane,144143,9322593,64.6760023
Uttar Pradesh,SITAPUR,2013,Kharif,Sweet potato,447,5907,13.2147651
Uttar Pradesh,SITAPUR,2013,Kharif,Urad,12310,6426,0.522014622
Uttar Pradesh,SITAPUR,2013,Rabi,Barley,565,1419,2.511504425
Uttar Pradesh,SITAPUR,2013,Rabi,Coriander,361,198,0.548476454
Uttar Pradesh,SITAPUR,2013,Rabi,Garlic,107,627,5.859813084
Uttar Pradesh,SITAPUR,2013,Rabi,Gram,587,279,0.475298126
Uttar Pradesh,SITAPUR,2013,Rabi,Linseed,1,1,1
Uttar Pradesh,SITAPUR,2013,Rabi,Maize,10,35,3.5
Uttar Pradesh,SITAPUR,2013,Rabi,Masoor,18223,10879,0.596992811
Uttar Pradesh,SITAPUR,2013,Rabi,Onion,91,1851,20.34065934
Uttar Pradesh,SITAPUR,2013,Rabi,Peas & beans (Pulses),1762,1667,0.946083995
Uttar Pradesh,SITAPUR,2013,Rabi,Potato,4214,80074,19.00189843
Uttar Pradesh,SITAPUR,2013,Rabi,Rapeseed &Mustard,23466,16488,0.702633598
Uttar Pradesh,SITAPUR,2013,Rabi,Tobacco,374,2058,5.502673797
Uttar Pradesh,SITAPUR,2013,Rabi,Turmeric,58,168,2.896551724
Uttar Pradesh,SITAPUR,2013,Rabi,Wheat,210932,651569,3.089000247
Uttar Pradesh,SITAPUR,2013,Summer,Banana,278,12104,43.53956835
Uttar Pradesh,SITAPUR,2013,Summer,Maize,181,333,1.839779006
Uttar Pradesh,SITAPUR,2013,Summer,Onion,121,1628,13.45454545
Uttar Pradesh,SITAPUR,2013,Summer,Rice,44,107,2.431818182
Uttar Pradesh,SITAPUR,2013,Summer,Urad,851,443,0.520564042
Uttar Pradesh,SITAPUR,2014,Kharif,Arhar/Tur,2401,1975,0.822573928
Uttar Pradesh,SITAPUR,2014,Kharif,Bajra,2478,2580,1.041162228
Uttar Pradesh,SITAPUR,2014,Kharif,Dry chillies,45,37,0.822222222
Uttar Pradesh,SITAPUR,2014,Kharif,Groundnut,2390,2032,0.850209205
Uttar Pradesh,SITAPUR,2014,Kharif,Guar seed,47,38,0.808510638
Uttar Pradesh,SITAPUR,2014,Kharif,Jowar,3215,3531,1.098289269
Uttar Pradesh,SITAPUR,2014,Kharif,Maize,8686,7470,0.860004605
Uttar Pradesh,SITAPUR,2014,Kharif,Moong(Green Gram),1,,
Uttar Pradesh,SITAPUR,2014,Kharif,Rice,164128,382911,2.333002291
Uttar Pradesh,SITAPUR,2014,Kharif,Sesamum,5618,1747,0.310964756
Uttar Pradesh,SITAPUR,2014,Kharif,Small millets,25,18,0.72
Uttar Pradesh,SITAPUR,2014,Kharif,Sugarcane,148655,9903396,66.61999933
Uttar Pradesh,SITAPUR,2014,Kharif,Sweet potato,581,7197,12.38726334
Uttar Pradesh,SITAPUR,2014,Kharif,Urad,11239,6979,0.620962719
Uttar Pradesh,SITAPUR,2014,Rabi,Barley,568,771,1.357394366
Uttar Pradesh,SITAPUR,2014,Rabi,Coriander,440,214,0.486363636
Uttar Pradesh,SITAPUR,2014,Rabi,Garlic,162,938,5.790123457
Uttar Pradesh,SITAPUR,2014,Rabi,Gram,483,259,0.536231884
Uttar Pradesh,SITAPUR,2014,Rabi,Maize,71,170,2.394366197
Uttar Pradesh,SITAPUR,2014,Rabi,Masoor,15046,8260,0.548983118
Uttar Pradesh,SITAPUR,2014,Rabi,Onion,12,184,15.33333333
Uttar Pradesh,SITAPUR,2014,Rabi,Peas & beans (Pulses),1710,1987,1.161988304
Uttar Pradesh,SITAPUR,2014,Rabi,Potato,4182,95584,22.85604974
Uttar Pradesh,SITAPUR,2014,Rabi,Rapeseed &Mustard,25374,15874,0.625601009
Uttar Pradesh,SITAPUR,2014,Rabi,Tobacco,247,1045,4.230769231
Uttar Pradesh,SITAPUR,2014,Rabi,Turmeric,44,125,2.840909091
Uttar Pradesh,SITAPUR,2014,Rabi,Wheat,208675,372484,1.784995807
Uttar Pradesh,SITAPUR,2014,Summer,Banana,123,5549,45.11382114
Uttar Pradesh,SITAPUR,2014,Summer,Maize,227,404,1.779735683
Uttar Pradesh,SITAPUR,2014,Summer,Onion,81,792,9.777777778
Uttar Pradesh,SITAPUR,2014,Summer,Rice,75,175,2.333333333
Uttar Pradesh,SITAPUR,2014,Summer,Sunflower,1,2,2
Uttar Pradesh,SITAPUR,2014,Summer,Urad,719,299,0.415855355
Uttar Pradesh,SONBHADRA,1997,Kharif,Arhar/Tur,10594,6358,0.600151029
Uttar Pradesh,SONBHADRA,1997,Kharif,Bajra,184,273,1.483695652
Uttar Pradesh,SONBHADRA,1997,Kharif,Groundnut,124,99,0.798387097
Uttar Pradesh,SONBHADRA,1997,Kharif,Jowar,2950,2096,0.710508475
Uttar Pradesh,SONBHADRA,1997,Kharif,Maize,15291,8961,0.586030999
Uttar Pradesh,SONBHADRA,1997,Kharif,Moong(Green Gram),134,45,0.335820896
Uttar Pradesh,SONBHADRA,1997,Kharif,Moth,5,2,0.4
Uttar Pradesh,SONBHADRA,1997,Kharif,Rice,80194,126656,1.579370028
Uttar Pradesh,SONBHADRA,1997,Kharif,Sesamum,5641,411,0.072859422
Uttar Pradesh,SONBHADRA,1997,Kharif,Small millets,21537,13367,0.62065283
Uttar Pradesh,SONBHADRA,1997,Kharif,Urad,3665,2150,0.586630286
Uttar Pradesh,SONBHADRA,1997,Rabi,Barley,18614,22382,1.20242828
Uttar Pradesh,SONBHADRA,1997,Rabi,Gram,14707,11291,0.767729653
Uttar Pradesh,SONBHADRA,1997,Rabi,Linseed,9066,3554,0.392014119
Uttar Pradesh,SONBHADRA,1997,Rabi,Masoor,7832,5287,0.675051073
Uttar Pradesh,SONBHADRA,1997,Rabi,Peas & beans (Pulses),2328,3024,1.298969072
Uttar Pradesh,SONBHADRA,1997,Rabi,Rapeseed &Mustard,4676,1830,0.391360137
Uttar Pradesh,SONBHADRA,1997,Rabi,Sunflower,1,1,1
Uttar Pradesh,SONBHADRA,1997,Rabi,Wheat,58020,59628,1.027714581
Uttar Pradesh,SONBHADRA,1997,Whole Year,Potato,2553,37146,14.54994125
Uttar Pradesh,SONBHADRA,1997,Whole Year,Sugarcane,322,13961,43.35714286
Uttar Pradesh,SONBHADRA,1998,Kharif,Arhar/Tur,10563,9987,0.945470037
Uttar Pradesh,SONBHADRA,1998,Kharif,Bajra,182,239,1.313186813
Uttar Pradesh,SONBHADRA,1998,Kharif,Groundnut,208,172,0.826923077
Uttar Pradesh,SONBHADRA,1998,Kharif,Jowar,2879,5801,2.014935742
Uttar Pradesh,SONBHADRA,1998,Kharif,Maize,15600,19906,1.276025641
Uttar Pradesh,SONBHADRA,1998,Kharif,Moong(Green Gram),138,30,0.217391304
Uttar Pradesh,SONBHADRA,1998,Kharif,Moth,2,1,0.5
Uttar Pradesh,SONBHADRA,1998,Kharif,Ragi,95,121,1.273684211
Uttar Pradesh,SONBHADRA,1998,Kharif,Rice,80496,147115,1.827606341
Uttar Pradesh,SONBHADRA,1998,Kharif,Sesamum,5930,652,0.10994941
Uttar Pradesh,SONBHADRA,1998,Kharif,Small millets,20737,13752,0.663162463
Uttar Pradesh,SONBHADRA,1998,Kharif,Urad,3742,1538,0.411010155
Uttar Pradesh,SONBHADRA,1998,Rabi,Barley,18430,15530,0.842647857
Uttar Pradesh,SONBHADRA,1998,Rabi,Gram,14671,12214,0.832526753
Uttar Pradesh,SONBHADRA,1998,Rabi,Linseed,9099,3012,0.331025387
Uttar Pradesh,SONBHADRA,1998,Rabi,Masoor,7878,6570,0.833968012
Uttar Pradesh,SONBHADRA,1998,Rabi,Peas & beans (Pulses),2370,2503,1.056118143
Uttar Pradesh,SONBHADRA,1998,Rabi,Rapeseed &Mustard,4797,2440,0.50865124
Uttar Pradesh,SONBHADRA,1998,Rabi,Wheat,58323,62289,1.068000617
Uttar Pradesh,SONBHADRA,1998,Summer,Maize,4,4,1
Uttar Pradesh,SONBHADRA,1998,Summer,Moong(Green Gram),5,3,0.6
Uttar Pradesh,SONBHADRA,1998,Summer,Urad,1,,
Uttar Pradesh,SONBHADRA,1998,Whole Year,Onion,343,4166,12.14577259
Uttar Pradesh,SONBHADRA,1998,Whole Year,Potato,798,16761,21.0037594
Uttar Pradesh,SONBHADRA,1998,Whole Year,Sannhamp,148,54,0.364864865
Uttar Pradesh,SONBHADRA,1998,Whole Year,Sugarcane,346,14293,41.30924855
Uttar Pradesh,SONBHADRA,1998,Whole Year,Turmeric,6,11,1.833333333
Uttar Pradesh,SONBHADRA,1999,Kharif,Arhar/Tur,12621,10516,0.833214484
Uttar Pradesh,SONBHADRA,1999,Kharif,Bajra,138,187,1.355072464
Uttar Pradesh,SONBHADRA,1999,Kharif,Groundnut,306,357,1.166666667
Uttar Pradesh,SONBHADRA,1999,Kharif,Jowar,3250,3113,0.957846154
Uttar Pradesh,SONBHADRA,1999,Kharif,Maize,15907,13028,0.819010499
Uttar Pradesh,SONBHADRA,1999,Kharif,Moong(Green Gram),96,27,0.28125
Uttar Pradesh,SONBHADRA,1999,Kharif,Rice,85193,174875,2.052692123
Uttar Pradesh,SONBHADRA,1999,Kharif,Small millets,17906,9958,0.556126438
Uttar Pradesh,SONBHADRA,1999,Kharif,Sunflower,1,1,1
Uttar Pradesh,SONBHADRA,1999,Kharif,Urad,3309,1797,0.54306437
Uttar Pradesh,SONBHADRA,1999,Rabi,Barley,18000,18663,1.036833333
Uttar Pradesh,SONBHADRA,1999,Rabi,Gram,14733,9979,0.677323016
Uttar Pradesh,SONBHADRA,1999,Rabi,Linseed,9135,3015,0.330049261
Uttar Pradesh,SONBHADRA,1999,Rabi,Maize,1,2,2
Uttar Pradesh,SONBHADRA,1999,Rabi,Ragi,141,239,1.695035461
Uttar Pradesh,SONBHADRA,1999,Rabi,Rapeseed &Mustard,4947,1841,0.372144734
Uttar Pradesh,SONBHADRA,1999,Rabi,Wheat,58876,80314,1.364121204
Uttar Pradesh,SONBHADRA,1999,Summer,Moong(Green Gram),2,1,0.5
Uttar Pradesh,SONBHADRA,1999,Summer,Urad,2,1,0.5
Uttar Pradesh,SONBHADRA,1999,Whole Year,Moth,14,6,0.428571429
Uttar Pradesh,SONBHADRA,1999,Whole Year,Onion,341,4807,14.09677419
Uttar Pradesh,SONBHADRA,1999,Whole Year,Peas & beans (Pulses),2498,2590,1.036829464
Uttar Pradesh,SONBHADRA,1999,Whole Year,Potato,835,17464,20.91497006
Uttar Pradesh,SONBHADRA,1999,Whole Year,Sugarcane,357,11175,31.30252101
Uttar Pradesh,SONBHADRA,1999,Whole Year,Turmeric,1,2,2
Uttar Pradesh,SONBHADRA,2000,Kharif,Arhar/Tur,11804,7643,0.647492375
Uttar Pradesh,SONBHADRA,2000,Kharif,Bajra,62,82,1.322580645
Uttar Pradesh,SONBHADRA,2000,Kharif,Groundnut,294,379,1.289115646
Uttar Pradesh,SONBHADRA,2000,Kharif,Jowar,2989,2040,0.682502509
Uttar Pradesh,SONBHADRA,2000,Kharif,Maize,15874,12556,0.790978959
Uttar Pradesh,SONBHADRA,2000,Kharif,Moong(Green Gram),103,31,0.300970874
Uttar Pradesh,SONBHADRA,2000,Kharif,Rice,86337,125793,1.456999896
Uttar Pradesh,SONBHADRA,2000,Kharif,Sesamum,5840,829,0.141952055
Uttar Pradesh,SONBHADRA,2000,Kharif,Small millets,16672,11412,0.68450096
Uttar Pradesh,SONBHADRA,2000,Kharif,Urad,3444,2118,0.614982578
Uttar Pradesh,SONBHADRA,2000,Rabi,Barley,17143,15121,0.882050983
Uttar Pradesh,SONBHADRA,2000,Rabi,Gram,13355,8607,0.644477724
Uttar Pradesh,SONBHADRA,2000,Rabi,Linseed,8421,3107,0.368958556
Uttar Pradesh,SONBHADRA,2000,Rabi,Maize,1,1,1
Uttar Pradesh,SONBHADRA,2000,Rabi,Masoor,8808,6808,0.772933697
Uttar Pradesh,SONBHADRA,2000,Rabi,Moong(Green Gram),12,5,0.416666667
Uttar Pradesh,SONBHADRA,2000,Rabi,Peas & beans (Pulses),3038,3612,1.188940092
Uttar Pradesh,SONBHADRA,2000,Rabi,Rapeseed &Mustard,4124,1173,0.28443259
Uttar Pradesh,SONBHADRA,2000,Rabi,Urad,2,1,0.5
Uttar Pradesh,SONBHADRA,2000,Rabi,Wheat,59174,71567,1.209433197
Uttar Pradesh,SONBHADRA,2000,Whole Year,Potato,808,17571,21.74628713
Uttar Pradesh,SONBHADRA,2000,Whole Year,Sugarcane,352,20213,57.42329545
Uttar Pradesh,SONBHADRA,2000,Whole Year,Turmeric,3,5,1.666666667
Uttar Pradesh,SONBHADRA,2001,Kharif,Arhar/Tur,12193,9639,0.790535553
Uttar Pradesh,SONBHADRA,2001,Kharif,Bajra,641,814,1.269890796
Uttar Pradesh,SONBHADRA,2001,Kharif,Groundnut,328,275,0.838414634
Uttar Pradesh,SONBHADRA,2001,Kharif,Jowar,2215,1398,0.631151242
Uttar Pradesh,SONBHADRA,2001,Kharif,Maize,15054,7843,0.520991099
Uttar Pradesh,SONBHADRA,2001,Kharif,Moong(Green Gram),76,21,0.276315789
Uttar Pradesh,SONBHADRA,2001,Kharif,Rice,89244,181172,2.030074851
Uttar Pradesh,SONBHADRA,2001,Kharif,Sesamum,5510,468,0.084936479
Uttar Pradesh,SONBHADRA,2001,Kharif,Small millets,16115,10370,0.643499845
Uttar Pradesh,SONBHADRA,2001,Kharif,Sunflower,5,10,2
Uttar Pradesh,SONBHADRA,2001,Kharif,Urad,3248,1254,0.386083744
Uttar Pradesh,SONBHADRA,2001,Rabi,Barley,14964,15628,1.044373162
Uttar Pradesh,SONBHADRA,2001,Rabi,Gram,11767,11064,0.94025665
Uttar Pradesh,SONBHADRA,2001,Rabi,Linseed,8250,3003,0.364
Uttar Pradesh,SONBHADRA,2001,Rabi,Maize,7,11,1.571428571
Uttar Pradesh,SONBHADRA,2001,Rabi,Masoor,10898,7204,0.661038723
Uttar Pradesh,SONBHADRA,2001,Rabi,Peas & beans (Pulses),3606,3011,0.834997227
Uttar Pradesh,SONBHADRA,2001,Rabi,Rapeseed &Mustard,4062,1218,0.29985229
Uttar Pradesh,SONBHADRA,2001,Rabi,Urad,1,0.1,0.1
Uttar Pradesh,SONBHADRA,2001,Rabi,Wheat,61150,99663,1.629811938
Uttar Pradesh,SONBHADRA,2001,Whole Year,Potato,771,19014,24.6614786
Uttar Pradesh,SONBHADRA,2001,Whole Year,Sugarcane,350,15388,43.96571429
Uttar Pradesh,SONBHADRA,2001,Whole Year,Turmeric,9,16,1.777777778
Uttar Pradesh,SONBHADRA,2002,Kharif,Bajra,489,668,1.36605317
Uttar Pradesh,SONBHADRA,2002,Kharif,Groundnut,320,580,1.8125
Uttar Pradesh,SONBHADRA,2002,Kharif,Jowar,3151,2637,0.836877182
Uttar Pradesh,SONBHADRA,2002,Kharif,Maize,14730,10591,0.719008826
Uttar Pradesh,SONBHADRA,2002,Kharif,Moong(Green Gram),45,12,0.266666667
Uttar Pradesh,SONBHADRA,2002,Kharif,Rice,79557,113616,1.428108149
Uttar Pradesh,SONBHADRA,2002,Kharif,Sesamum,5042,469,0.093018643
Uttar Pradesh,SONBHADRA,2002,Kharif,Small millets,14040,9577,0.682122507
Uttar Pradesh,SONBHADRA,2002,Kharif,Sunflower,1,1,1
Uttar Pradesh,SONBHADRA,2002,Kharif,Urad,3023,1067,0.352960635
Uttar Pradesh,SONBHADRA,2002,Rabi,Barley,14901,14755,0.990202
Uttar Pradesh,SONBHADRA,2002,Rabi,Gram,12709,12118,0.953497521
Uttar Pradesh,SONBHADRA,2002,Rabi,Linseed,7844,3271,0.417006629
Uttar Pradesh,SONBHADRA,2002,Rabi,Maize,13,14,1.076923077
Uttar Pradesh,SONBHADRA,2002,Rabi,Masoor,11202,7349,0.656043564
Uttar Pradesh,SONBHADRA,2002,Rabi,Onion,480,4954,10.32083333
Uttar Pradesh,SONBHADRA,2002,Rabi,Peas & beans (Pulses),3805,3425,0.900131406
Uttar Pradesh,SONBHADRA,2002,Rabi,Ragi,156,229,1.467948718
Uttar Pradesh,SONBHADRA,2002,Rabi,Rapeseed &Mustard,3901,1469,0.37657011
Uttar Pradesh,SONBHADRA,2002,Rabi,Wheat,63344,105689,1.668492675
Uttar Pradesh,SONBHADRA,2002,Summer,Moong(Green Gram),17,10,0.588235294
Uttar Pradesh,SONBHADRA,2002,Summer,Onion,14,156,11.14285714
Uttar Pradesh,SONBHADRA,2002,Summer,Urad,3,2,0.666666667
Uttar Pradesh,SONBHADRA,2002,Whole Year,Potato,868,20137,23.19930876
Uttar Pradesh,SONBHADRA,2002,Whole Year,Sannhamp,485,153,0.315463918
Uttar Pradesh,SONBHADRA,2002,Whole Year,Sugarcane,271,14523,53.5904059
Uttar Pradesh,SONBHADRA,2002,Whole Year,Turmeric,3,5,1.666666667
Uttar Pradesh,SONBHADRA,2003,Kharif,Arhar/Tur,14609,12149,0.831610651
Uttar Pradesh,SONBHADRA,2003,Kharif,Bajra,541,617,1.140480591
Uttar Pradesh,SONBHADRA,2003,Kharif,Groundnut,317,331,1.044164038
Uttar Pradesh,SONBHADRA,2003,Kharif,Jowar,3205,2962,0.924180967
Uttar Pradesh,SONBHADRA,2003,Kharif,Maize,17016,19432,1.141984015
Uttar Pradesh,SONBHADRA,2003,Kharif,Moong(Green Gram),11,2,0.181818182
Uttar Pradesh,SONBHADRA,2003,Kharif,Rice,96168,182495,1.897668663
Uttar Pradesh,SONBHADRA,2003,Kharif,Sesamum,5675,1163,0.204933921
Uttar Pradesh,SONBHADRA,2003,Kharif,Sunflower,6,10,1.666666667
Uttar Pradesh,SONBHADRA,2003,Kharif,Urad,3206,2010,0.62694947
Uttar Pradesh,SONBHADRA,2003,Rabi,Barley,14071,14741,1.047615663
Uttar Pradesh,SONBHADRA,2003,Rabi,Gram,12633,12176,0.963824903
Uttar Pradesh,SONBHADRA,2003,Rabi,Linseed,7802,3394,0.435016662
Uttar Pradesh,SONBHADRA,2003,Rabi,Maize,7,10,1.428571429
Uttar Pradesh,SONBHADRA,2003,Rabi,Masoor,11420,8748,0.766024518
Uttar Pradesh,SONBHADRA,2003,Rabi,Onion,539,7736,14.35250464
Uttar Pradesh,SONBHADRA,2003,Rabi,Peas & beans (Pulses),4186,3596,0.859053989
Uttar Pradesh,SONBHADRA,2003,Rabi,Ragi,2,3,1.5
Uttar Pradesh,SONBHADRA,2003,Rabi,Rapeseed &Mustard,3720,1398,0.375806452
Uttar Pradesh,SONBHADRA,2003,Rabi,Wheat,68750,98798,1.437061818
Uttar Pradesh,SONBHADRA,2003,Summer,Maize,11,15,1.363636364
Uttar Pradesh,SONBHADRA,2003,Summer,Moong(Green Gram),13,7,0.538461538
Uttar Pradesh,SONBHADRA,2003,Summer,Onion,25,247,9.88
Uttar Pradesh,SONBHADRA,2003,Summer,Urad,8,4,0.5
Uttar Pradesh,SONBHADRA,2003,Whole Year,Potato,891,18635,20.91470258
Uttar Pradesh,SONBHADRA,2003,Whole Year,Sannhamp,325,98,0.301538462
Uttar Pradesh,SONBHADRA,2003,Whole Year,Sugarcane,384,13723,35.73697917
Uttar Pradesh,SONBHADRA,2003,Whole Year,Turmeric,3,5,1.666666667
Uttar Pradesh,SONBHADRA,2004,Kharif,Bajra,366,387,1.057377049
Uttar Pradesh,SONBHADRA,2004,Kharif,Groundnut,286,310,1.083916084
Uttar Pradesh,SONBHADRA,2004,Kharif,Jowar,2805,1624,0.578966132
Uttar Pradesh,SONBHADRA,2004,Kharif,Maize,16515,9678,0.586012716
Uttar Pradesh,SONBHADRA,2004,Kharif,Rice,68909,34420,0.49949934
Uttar Pradesh,SONBHADRA,2004,Kharif,Sannhamp,153,42,0.274509804
Uttar Pradesh,SONBHADRA,2004,Kharif,Sesamum,4614,655,0.141959254
Uttar Pradesh,SONBHADRA,2004,Kharif,Small millets,9974,3424,0.343292561
Uttar Pradesh,SONBHADRA,2004,Kharif,Sugarcane,235,10114,43.03829787
Uttar Pradesh,SONBHADRA,2004,Rabi,Barley,11179,7328,0.655514805
Uttar Pradesh,SONBHADRA,2004,Rabi,Gram,10435,7972,0.763967417
Uttar Pradesh,SONBHADRA,2004,Rabi,Linseed,5952,1917,0.322076613
Uttar Pradesh,SONBHADRA,2004,Rabi,Maize,28,130,4.642857143
Uttar Pradesh,SONBHADRA,2004,Rabi,Potato,828,12515,15.1147343
Uttar Pradesh,SONBHADRA,2004,Rabi,Rapeseed &Mustard,2891,1016,0.351435489
Uttar Pradesh,SONBHADRA,2004,Rabi,Turmeric,5,9,1.8
Uttar Pradesh,SONBHADRA,2004,Rabi,Wheat,52029,53275,1.023948183
Uttar Pradesh,SONBHADRA,2004,Whole Year,Dry chillies,16,15,0.9375
Uttar Pradesh,SONBHADRA,2004,Whole Year,Onion,476,4890,10.27310924
Uttar Pradesh,SONBHADRA,2004,Whole Year,Sweet potato,3,35,11.66666667
Uttar Pradesh,SONBHADRA,2005,Kharif,Bajra,884,808,0.914027149
Uttar Pradesh,SONBHADRA,2005,Kharif,Jowar,3754,3436,0.915290357
Uttar Pradesh,SONBHADRA,2005,Kharif,Maize,22361,16614,0.742990027
Uttar Pradesh,SONBHADRA,2005,Kharif,Rice,82683,83841,1.014005297
Uttar Pradesh,SONBHADRA,2005,Kharif,Sannhamp,618,213,0.344660194
Uttar Pradesh,SONBHADRA,2005,Kharif,Sesamum,7682,615,0.080057277
Uttar Pradesh,SONBHADRA,2005,Kharif,Small millets,14518,9353,0.644234743
Uttar Pradesh,SONBHADRA,2005,Kharif,Sugarcane,414,14636,35.352657
Uttar Pradesh,SONBHADRA,2005,Rabi,Barley,14395,5980,0.415422022
Uttar Pradesh,SONBHADRA,2005,Rabi,Gram,13474,9566,0.709959923
Uttar Pradesh,SONBHADRA,2005,Rabi,Linseed,7158,2391,0.334031852
Uttar Pradesh,SONBHADRA,2005,Rabi,Potato,1055,23666,22.43222749
Uttar Pradesh,SONBHADRA,2005,Rabi,Rapeseed &Mustard,3557,1621,0.455721113
Uttar Pradesh,SONBHADRA,2005,Rabi,Turmeric,8,36,4.5
Uttar Pradesh,SONBHADRA,2005,Rabi,Wheat,68750,69866,1.016232727
Uttar Pradesh,SONBHADRA,2005,Whole Year,Coriander,40,23,0.575
Uttar Pradesh,SONBHADRA,2005,Whole Year,Dry chillies,28,25,0.892857143
Uttar Pradesh,SONBHADRA,2005,Whole Year,Garlic,3,13,4.333333333
Uttar Pradesh,SONBHADRA,2005,Whole Year,Guar seed,15,12,0.8
Uttar Pradesh,SONBHADRA,2005,Whole Year,Onion,918,11719,12.76579521
Uttar Pradesh,SONBHADRA,2005,Whole Year,Sweet potato,34,445,13.08823529
Uttar Pradesh,SONBHADRA,2006,Kharif,Arhar/Tur,13245,6657,0.502604757
Uttar Pradesh,SONBHADRA,2006,Kharif,Bajra,403,429,1.064516129
Uttar Pradesh,SONBHADRA,2006,Kharif,Groundnut,360,542,1.505555556
Uttar Pradesh,SONBHADRA,2006,Kharif,Jowar,2276,2704,1.188049209
Uttar Pradesh,SONBHADRA,2006,Kharif,Maize,16909,10568,0.624992607
Uttar Pradesh,SONBHADRA,2006,Kharif,Other Kharif pulses,3038,1504,0.495062541
Uttar Pradesh,SONBHADRA,2006,Kharif,Rice,82060,120218,1.465001219
Uttar Pradesh,SONBHADRA,2006,Kharif,Sannhamp,218,60,0.275229358
Uttar Pradesh,SONBHADRA,2006,Kharif,Sesamum,4742,465,0.09805989
Uttar Pradesh,SONBHADRA,2006,Kharif,Small millets,10291,6242,0.606549412
Uttar Pradesh,SONBHADRA,2006,Kharif,Sugarcane,186,8054,43.30107527
Uttar Pradesh,SONBHADRA,2006,Kharif,Sweet potato,92,1256,13.65217391
Uttar Pradesh,SONBHADRA,2006,Rabi,Barley,11360,9720,0.855633803
Uttar Pradesh,SONBHADRA,2006,Rabi,Garlic,11,48,4.363636364
Uttar Pradesh,SONBHADRA,2006,Rabi,Gram,8903,7355,0.826126025
Uttar Pradesh,SONBHADRA,2006,Rabi,Linseed,4590,1427,0.310893246
Uttar Pradesh,SONBHADRA,2006,Rabi,Maize,28,88,3.142857143
Uttar Pradesh,SONBHADRA,2006,Rabi,Masoor,9161,5323,0.581050104
Uttar Pradesh,SONBHADRA,2006,Rabi,Onion,472,9054,19.18220339
Uttar Pradesh,SONBHADRA,2006,Rabi,Other  Rabi pulses,3399,2056,0.604883789
Uttar Pradesh,SONBHADRA,2006,Rabi,Potato,843,18409,21.83748517
Uttar Pradesh,SONBHADRA,2006,Rabi,Rapeseed &Mustard,3402,1802,0.529688419
Uttar Pradesh,SONBHADRA,2006,Rabi,Turmeric,5,17,3.4
Uttar Pradesh,SONBHADRA,2006,Rabi,Wheat,52112,67457,1.294461928
Uttar Pradesh,SONBHADRA,2006,Summer,Maize,5,7,1.4
Uttar Pradesh,SONBHADRA,2006,Summer,Onion,12,140,11.66666667
Uttar Pradesh,SONBHADRA,2006,Whole Year,Coriander,22,11,0.5
Uttar Pradesh,SONBHADRA,2006,Whole Year,Dry chillies,19,18,0.947368421
Uttar Pradesh,SONBHADRA,2007,Kharif,Arhar/Tur,11717,8094,0.690791158
Uttar Pradesh,SONBHADRA,2007,Kharif,Bajra,1343,1403,1.044676098
Uttar Pradesh,SONBHADRA,2007,Kharif,Dry chillies,20,19,0.95
Uttar Pradesh,SONBHADRA,2007,Kharif,Dry ginger,1,,
Uttar Pradesh,SONBHADRA,2007,Kharif,Groundnut,235,252,1.072340426
Uttar Pradesh,SONBHADRA,2007,Kharif,Jowar,2952,3265,1.10602981
Uttar Pradesh,SONBHADRA,2007,Kharif,Maize,14450,11430,0.79100346
Uttar Pradesh,SONBHADRA,2007,Kharif,Moong(Green Gram),43,9,0.209302326
Uttar Pradesh,SONBHADRA,2007,Kharif,Rice,30582,31408,1.027009352
Uttar Pradesh,SONBHADRA,2007,Kharif,Sannhamp,139,27,0.194244604
Uttar Pradesh,SONBHADRA,2007,Kharif,Sesamum,5976,765,0.128012048
Uttar Pradesh,SONBHADRA,2007,Kharif,Small millets,9115,5589,0.613165112
Uttar Pradesh,SONBHADRA,2007,Kharif,Sugarcane,174,9955,57.21264368
Uttar Pradesh,SONBHADRA,2007,Kharif,Sweet potato,34,458,13.47058824
Uttar Pradesh,SONBHADRA,2007,Kharif,Urad,2666,1264,0.47411853
Uttar Pradesh,SONBHADRA,2007,Rabi,Barley,4923,3475,0.705870404
Uttar Pradesh,SONBHADRA,2007,Rabi,Coriander,54,31,0.574074074
Uttar Pradesh,SONBHADRA,2007,Rabi,Gram,6683,6949,1.039802484
Uttar Pradesh,SONBHADRA,2007,Rabi,Linseed,1644,626,0.380778589
Uttar Pradesh,SONBHADRA,2007,Rabi,Masoor,5955,4532,0.761041142
Uttar Pradesh,SONBHADRA,2007,Rabi,Onion,550,7685,13.97272727
Uttar Pradesh,SONBHADRA,2007,Rabi,Other  Rabi pulses,2966,1854,0.625084289
Uttar Pradesh,SONBHADRA,2007,Rabi,Potato,1591,34964,21.97611565
Uttar Pradesh,SONBHADRA,2007,Rabi,Rapeseed &Mustard,2275,1020,0.448351648
Uttar Pradesh,SONBHADRA,2007,Rabi,Turmeric,4,12,3
Uttar Pradesh,SONBHADRA,2007,Rabi,Wheat,22193,35292,1.590231154
Uttar Pradesh,SONBHADRA,2007,Summer,Onion,80,1080,13.5
Uttar Pradesh,SONBHADRA,2008,Kharif,Arhar/Tur,11045,5195,0.470348574
Uttar Pradesh,SONBHADRA,2008,Kharif,Bajra,288,293,1.017361111
Uttar Pradesh,SONBHADRA,2008,Kharif,Dry chillies,21,21,1
Uttar Pradesh,SONBHADRA,2008,Kharif,Groundnut,254,384,1.511811024
Uttar Pradesh,SONBHADRA,2008,Kharif,Guar seed,3,3,1
Uttar Pradesh,SONBHADRA,2008,Kharif,Jowar,1982,1690,0.852674067
Uttar Pradesh,SONBHADRA,2008,Kharif,Maize,16524,9567,0.578976035
Uttar Pradesh,SONBHADRA,2008,Kharif,Moong(Green Gram),52,19,0.365384615
Uttar Pradesh,SONBHADRA,2008,Kharif,Rice,27301,37703,1.381011685
Uttar Pradesh,SONBHADRA,2008,Kharif,Sesamum,4771,620,0.129951792
Uttar Pradesh,SONBHADRA,2008,Kharif,Small millets,10023,6139,0.61249127
Uttar Pradesh,SONBHADRA,2008,Kharif,Sugarcane,88,4604,52.31818182
Uttar Pradesh,SONBHADRA,2008,Kharif,Sweet potato,34,418,12.29411765
Uttar Pradesh,SONBHADRA,2008,Kharif,Urad,1713,894,0.521891419
Uttar Pradesh,SONBHADRA,2008,Rabi,Barley,11248,9623,0.855529872
Uttar Pradesh,SONBHADRA,2008,Rabi,Coriander,43,26,0.604651163
Uttar Pradesh,SONBHADRA,2008,Rabi,Garlic,11,65,5.909090909
Uttar Pradesh,SONBHADRA,2008,Rabi,Gram,6770,7212,1.065288035
Uttar Pradesh,SONBHADRA,2008,Rabi,Linseed,4784,1612,0.336956522
Uttar Pradesh,SONBHADRA,2008,Rabi,Masoor,10026,6587,0.656991821
Uttar Pradesh,SONBHADRA,2008,Rabi,Onion,435,5099,11.72183908
Uttar Pradesh,SONBHADRA,2008,Rabi,Peas & beans (Pulses),2866,1912,0.667131891
Uttar Pradesh,SONBHADRA,2008,Rabi,Potato,771,15805,20.49935149
Uttar Pradesh,SONBHADRA,2008,Rabi,Rapeseed &Mustard,2715,1510,0.556169429
Uttar Pradesh,SONBHADRA,2008,Rabi,Wheat,47669,71770,1.505590635
Uttar Pradesh,SONBHADRA,2008,Summer,Moong(Green Gram),11,8,0.727272727
Uttar Pradesh,SONBHADRA,2008,Summer,Urad,3,2,0.666666667
Uttar Pradesh,SONBHADRA,2009,Kharif,Arhar/Tur,8648,4799,0.554925994
Uttar Pradesh,SONBHADRA,2009,Kharif,Bajra,321,426,1.327102804
Uttar Pradesh,SONBHADRA,2009,Kharif,Dry chillies,21,18,0.857142857
Uttar Pradesh,SONBHADRA,2009,Kharif,Groundnut,257,327,1.272373541
Uttar Pradesh,SONBHADRA,2009,Kharif,Guar seed,4,3,0.75
Uttar Pradesh,SONBHADRA,2009,Kharif,Jowar,2015,2020,1.00248139
Uttar Pradesh,SONBHADRA,2009,Kharif,Maize,12356,8452,0.684040142
Uttar Pradesh,SONBHADRA,2009,Kharif,Moong(Green Gram),36,5,0.138888889
Uttar Pradesh,SONBHADRA,2009,Kharif,Rice,17327,21399,1.235008946
Uttar Pradesh,SONBHADRA,2009,Kharif,Sannhamp,78,15,0.192307692
Uttar Pradesh,SONBHADRA,2009,Kharif,Sesamum,4372,573,0.131061299
Uttar Pradesh,SONBHADRA,2009,Kharif,Small millets,4524,2394,0.529177719
Uttar Pradesh,SONBHADRA,2009,Kharif,Sugarcane,199,10157,51.04020101
Uttar Pradesh,SONBHADRA,2009,Kharif,Sweet potato,39,530,13.58974359
Uttar Pradesh,SONBHADRA,2009,Kharif,Urad,2341,1070,0.457069628
Uttar Pradesh,SONBHADRA,2009,Rabi,Barley,7130,6045,0.847826087
Uttar Pradesh,SONBHADRA,2009,Rabi,Coriander,29,16,0.551724138
Uttar Pradesh,SONBHADRA,2009,Rabi,Garlic,14,74,5.285714286
Uttar Pradesh,SONBHADRA,2009,Rabi,Gram,8806,8640,0.981149216
Uttar Pradesh,SONBHADRA,2009,Rabi,Linseed,5701,1693,0.296965445
Uttar Pradesh,SONBHADRA,2009,Rabi,Masoor,8059,6641,0.824047649
Uttar Pradesh,SONBHADRA,2009,Rabi,Onion,832,13746,16.52163462
Uttar Pradesh,SONBHADRA,2009,Rabi,Peas & beans (Pulses),3698,3239,0.875878853
Uttar Pradesh,SONBHADRA,2009,Rabi,Potato,825,20514,24.86545455
Uttar Pradesh,SONBHADRA,2009,Rabi,Rapeseed &Mustard,2901,1714,0.590830748
Uttar Pradesh,SONBHADRA,2009,Rabi,Turmeric,4,13,3.25
Uttar Pradesh,SONBHADRA,2009,Rabi,Wheat,56692,107924,1.903690115
Uttar Pradesh,SONBHADRA,2009,Summer,Maize,5,7,1.4
Uttar Pradesh,SONBHADRA,2009,Summer,Moong(Green Gram),16,11,0.6875
Uttar Pradesh,SONBHADRA,2009,Summer,Onion,36,500,13.88888889
Uttar Pradesh,SONBHADRA,2009,Summer,Urad,1,1,1
Uttar Pradesh,SONBHADRA,2010,Kharif,Arhar/Tur,9190,6389,0.695212187
Uttar Pradesh,SONBHADRA,2010,Kharif,Bajra,156,192,1.230769231
Uttar Pradesh,SONBHADRA,2010,Kharif,Dry chillies,22,19,0.863636364
Uttar Pradesh,SONBHADRA,2010,Kharif,Groundnut,254,440,1.732283465
Uttar Pradesh,SONBHADRA,2010,Kharif,Guar seed,4,3,0.75
Uttar Pradesh,SONBHADRA,2010,Kharif,Jowar,2182,2087,0.956461962
Uttar Pradesh,SONBHADRA,2010,Kharif,Maize,13355,12260,0.918008237
Uttar Pradesh,SONBHADRA,2010,Kharif,Moong(Green Gram),15,7,0.466666667
Uttar Pradesh,SONBHADRA,2010,Kharif,Rice,27442,42014,1.531010859
Uttar Pradesh,SONBHADRA,2010,Kharif,Sannhamp,134,44,0.328358209
Uttar Pradesh,SONBHADRA,2010,Kharif,Sesamum,6169,1273,0.206354352
Uttar Pradesh,SONBHADRA,2010,Kharif,Small millets,7247,5076,0.700427763
Uttar Pradesh,SONBHADRA,2010,Kharif,Sugarcane,174,9308,53.49425287
Uttar Pradesh,SONBHADRA,2010,Kharif,Urad,2713,1574,0.580169554
Uttar Pradesh,SONBHADRA,2010,Rabi,Barley,12043,10856,0.901436519
Uttar Pradesh,SONBHADRA,2010,Rabi,Gram,11881,13163,1.107903375
Uttar Pradesh,SONBHADRA,2010,Rabi,Linseed,5209,1943,0.373008255
Uttar Pradesh,SONBHADRA,2010,Rabi,Masoor,11638,6215,0.534026465
Uttar Pradesh,SONBHADRA,2010,Rabi,Onion,481,8855,18.40956341
Uttar Pradesh,SONBHADRA,2010,Rabi,Peas & beans (Pulses),3190,2300,0.721003135
Uttar Pradesh,SONBHADRA,2010,Rabi,Potato,988,24102,24.39473684
Uttar Pradesh,SONBHADRA,2010,Rabi,Rapeseed &Mustard,3095,1817,0.587075929
Uttar Pradesh,SONBHADRA,2010,Rabi,Turmeric,7,22,3.142857143
Uttar Pradesh,SONBHADRA,2010,Rabi,Wheat,53912,92894,1.723067221
Uttar Pradesh,SONBHADRA,2010,Summer,Maize,1,2,2
Uttar Pradesh,SONBHADRA,2010,Summer,Moong(Green Gram),2,2,1
Uttar Pradesh,SONBHADRA,2010,Summer,Sunflower,1,2,2
Uttar Pradesh,SONBHADRA,2011,Kharif,Arhar/Tur,10745,9224,0.858445789
Uttar Pradesh,SONBHADRA,2011,Kharif,Bajra,290,524,1.806896552
Uttar Pradesh,SONBHADRA,2011,Kharif,Dry chillies,21,17,0.80952381
Uttar Pradesh,SONBHADRA,2011,Kharif,Groundnut,360,798,2.216666667
Uttar Pradesh,SONBHADRA,2011,Kharif,Guar seed,2,2,1
Uttar Pradesh,SONBHADRA,2011,Kharif,Jowar,2536,4118,1.623817035
Uttar Pradesh,SONBHADRA,2011,Kharif,Maize,15902,13771,0.865991699
Uttar Pradesh,SONBHADRA,2011,Kharif,Moong(Green Gram),19,8,0.421052632
Uttar Pradesh,SONBHADRA,2011,Kharif,Rice,32987,67260,2.038985055
Uttar Pradesh,SONBHADRA,2011,Kharif,Sannhamp,164,45,0.274390244
Uttar Pradesh,SONBHADRA,2011,Kharif,Sesamum,5608,1071,0.190977175
Uttar Pradesh,SONBHADRA,2011,Kharif,Small millets,7198,6535,0.907891081
Uttar Pradesh,SONBHADRA,2011,Kharif,Sugarcane,206,11464,55.65048544
Uttar Pradesh,SONBHADRA,2011,Kharif,Sweet potato,40,520,13
Uttar Pradesh,SONBHADRA,2011,Kharif,Urad,2538,1332,0.524822695
Uttar Pradesh,SONBHADRA,2011,Rabi,Barley,9717,10609,1.09179788
Uttar Pradesh,SONBHADRA,2011,Rabi,Coriander,34,19,0.558823529
Uttar Pradesh,SONBHADRA,2011,Rabi,Garlic,13,67,5.153846154
Uttar Pradesh,SONBHADRA,2011,Rabi,Gram,10806,11410,1.055894873
Uttar Pradesh,SONBHADRA,2011,Rabi,Linseed,5606,3038,0.541919372
Uttar Pradesh,SONBHADRA,2011,Rabi,Maize,1,2,2
Uttar Pradesh,SONBHADRA,2011,Rabi,Masoor,14120,11705,0.828966006
Uttar Pradesh,SONBHADRA,2011,Rabi,Onion,632,14457,22.875
Uttar Pradesh,SONBHADRA,2011,Rabi,Peas & beans (Pulses),3428,2976,0.868144691
Uttar Pradesh,SONBHADRA,2011,Rabi,Potato,1140,21515,18.87280702
Uttar Pradesh,SONBHADRA,2011,Rabi,Rapeseed &Mustard,3237,1372,0.423849243
Uttar Pradesh,SONBHADRA,2011,Rabi,Turmeric,2,6,3
Uttar Pradesh,SONBHADRA,2011,Rabi,Wheat,55981,105693,1.888015577
Uttar Pradesh,SONBHADRA,2011,Summer,Maize,1,2,2
Uttar Pradesh,SONBHADRA,2011,Summer,Moong(Green Gram),2,2,1
Uttar Pradesh,SONBHADRA,2011,Summer,Onion,38,411,10.81578947
Uttar Pradesh,SONBHADRA,2012,Kharif,Arhar/Tur,13087,14127,1.079468175
Uttar Pradesh,SONBHADRA,2012,Kharif,Bajra,294,246,0.836734694
Uttar Pradesh,SONBHADRA,2012,Kharif,Dry chillies,10,8,0.8
Uttar Pradesh,SONBHADRA,2012,Kharif,Groundnut,373,685,1.836461126
Uttar Pradesh,SONBHADRA,2012,Kharif,Guar seed,3,2,0.666666667
Uttar Pradesh,SONBHADRA,2012,Kharif,Jowar,2775,4010,1.445045045
Uttar Pradesh,SONBHADRA,2012,Kharif,Maize,15340,15401,1.003976532
Uttar Pradesh,SONBHADRA,2012,Kharif,Moong(Green Gram),27,14,0.518518519
Uttar Pradesh,SONBHADRA,2012,Kharif,Rice,35344,73586,2.081994115
Uttar Pradesh,SONBHADRA,2012,Kharif,Sannhamp,136,50,0.367647059
Uttar Pradesh,SONBHADRA,2012,Kharif,Sesamum,6412,1552,0.242046163
Uttar Pradesh,SONBHADRA,2012,Kharif,Small millets,7278,6938,0.953283869
Uttar Pradesh,SONBHADRA,2012,Kharif,Sugarcane,185,10035,54.24324324
Uttar Pradesh,SONBHADRA,2012,Kharif,Sweet potato,9,117,13
Uttar Pradesh,SONBHADRA,2012,Kharif,Urad,3251,2773,0.852968317
Uttar Pradesh,SONBHADRA,2012,Rabi,Barley,9449,14164,1.498994603
Uttar Pradesh,SONBHADRA,2012,Rabi,Coriander,24,13,0.541666667
Uttar Pradesh,SONBHADRA,2012,Rabi,Garlic,17,88,5.176470588
Uttar Pradesh,SONBHADRA,2012,Rabi,Gram,11139,13482,1.210342041
Uttar Pradesh,SONBHADRA,2012,Rabi,Linseed,5381,2997,0.556959673
Uttar Pradesh,SONBHADRA,2012,Rabi,Masoor,9468,7991,0.844000845
Uttar Pradesh,SONBHADRA,2012,Rabi,Onion,646,14860,23.00309598
Uttar Pradesh,SONBHADRA,2012,Rabi,Peas & beans (Pulses),3312,3060,0.923913043
Uttar Pradesh,SONBHADRA,2012,Rabi,Potato,1219,29685,24.35192781
Uttar Pradesh,SONBHADRA,2012,Rabi,Rapeseed &Mustard,3596,1809,0.503058954
Uttar Pradesh,SONBHADRA,2012,Rabi,Turmeric,2,5,2.5
Uttar Pradesh,SONBHADRA,2012,Rabi,Wheat,54811,117261,2.139369835
Uttar Pradesh,SONBHADRA,2012,Summer,Maize,1,2,2
Uttar Pradesh,SONBHADRA,2012,Summer,Moong(Green Gram),2,2,1
Uttar Pradesh,SONBHADRA,2012,Summer,Onion,19,207,10.89473684
Uttar Pradesh,SONBHADRA,2013,Kharif,Arhar/Tur,10339,8663,0.837895348
Uttar Pradesh,SONBHADRA,2013,Kharif,Bajra,182,293,1.60989011
Uttar Pradesh,SONBHADRA,2013,Kharif,Dry chillies,14,12,0.857142857
Uttar Pradesh,SONBHADRA,2013,Kharif,Groundnut,367,494,1.346049046
Uttar Pradesh,SONBHADRA,2013,Kharif,Jowar,2788,4463,1.600789096
Uttar Pradesh,SONBHADRA,2013,Kharif,Maize,13328,15500,1.162965186
Uttar Pradesh,SONBHADRA,2013,Kharif,Moong(Green Gram),13,4,0.307692308
Uttar Pradesh,SONBHADRA,2013,Kharif,Rice,30842,66680,2.161986901
Uttar Pradesh,SONBHADRA,2013,Kharif,Sannhamp,141,40,0.283687943
Uttar Pradesh,SONBHADRA,2013,Kharif,Sesamum,4309,1069,0.248085403
Uttar Pradesh,SONBHADRA,2013,Kharif,Small millets,6977,5619,0.80536047
Uttar Pradesh,SONBHADRA,2013,Kharif,Sugarcane,230,14663,63.75217391
Uttar Pradesh,SONBHADRA,2013,Kharif,Sweet potato,24,317,13.20833333
Uttar Pradesh,SONBHADRA,2013,Kharif,Urad,3107,2765,0.889925974
Uttar Pradesh,SONBHADRA,2013,Rabi,Barley,6457,13719,2.1246709
Uttar Pradesh,SONBHADRA,2013,Rabi,Coriander,22,12,0.545454545
Uttar Pradesh,SONBHADRA,2013,Rabi,Garlic,24,141,5.875
Uttar Pradesh,SONBHADRA,2013,Rabi,Gram,10741,11063,1.029978587
Uttar Pradesh,SONBHADRA,2013,Rabi,Linseed,5166,3105,0.601045296
Uttar Pradesh,SONBHADRA,2013,Rabi,Maize,79,281,3.556962025
Uttar Pradesh,SONBHADRA,2013,Rabi,Masoor,9788,6969,0.711994279
Uttar Pradesh,SONBHADRA,2013,Rabi,Onion,763,15518,20.33813893
Uttar Pradesh,SONBHADRA,2013,Rabi,Peas & beans (Pulses),4069,3296,0.810027034
Uttar Pradesh,SONBHADRA,2013,Rabi,Potato,1127,23853,21.16503993
Uttar Pradesh,SONBHADRA,2013,Rabi,Rapeseed &Mustard,3610,2108,0.583933518
Uttar Pradesh,SONBHADRA,2013,Rabi,Turmeric,5,14,2.8
Uttar Pradesh,SONBHADRA,2013,Rabi,Wheat,57853,135887,2.348832386
Uttar Pradesh,SONBHADRA,2013,Summer,Moong(Green Gram),5,3,0.6
Uttar Pradesh,SONBHADRA,2013,Summer,Onion,52,700,13.46153846
Uttar Pradesh,SONBHADRA,2014,Kharif,Arhar/Tur,10409,9186,0.882505524
Uttar Pradesh,SONBHADRA,2014,Kharif,Bajra,169,259,1.532544379
Uttar Pradesh,SONBHADRA,2014,Kharif,Dry chillies,4,3,0.75
Uttar Pradesh,SONBHADRA,2014,Kharif,Groundnut,303,496,1.636963696
Uttar Pradesh,SONBHADRA,2014,Kharif,Jowar,2557,2657,1.03910833
Uttar Pradesh,SONBHADRA,2014,Kharif,Maize,15760,16548,1.05
Uttar Pradesh,SONBHADRA,2014,Kharif,Moong(Green Gram),26,8,0.307692308
Uttar Pradesh,SONBHADRA,2014,Kharif,Rice,29426,52290,1.776999932
Uttar Pradesh,SONBHADRA,2014,Kharif,Sannhamp,157,61,0.388535032
Uttar Pradesh,SONBHADRA,2014,Kharif,Sesamum,4870,1237,0.254004107
Uttar Pradesh,SONBHADRA,2014,Kharif,Small millets,6295,4661,0.740428912
Uttar Pradesh,SONBHADRA,2014,Kharif,Sugarcane,219,14406,65.78082192
Uttar Pradesh,SONBHADRA,2014,Kharif,Urad,2601,1829,0.70319108
Uttar Pradesh,SONBHADRA,2014,Rabi,Barley,8624,12930,1.499304267
Uttar Pradesh,SONBHADRA,2014,Rabi,Coriander,24,12,0.5
Uttar Pradesh,SONBHADRA,2014,Rabi,Garlic,4,23,5.75
Uttar Pradesh,SONBHADRA,2014,Rabi,Gram,10941,10424,0.95274655
Uttar Pradesh,SONBHADRA,2014,Rabi,Linseed,4781,2768,0.578958377
Uttar Pradesh,SONBHADRA,2014,Rabi,Maize,41,98,2.390243902
Uttar Pradesh,SONBHADRA,2014,Rabi,Masoor,8739,5095,0.583018652
Uttar Pradesh,SONBHADRA,2014,Rabi,Onion,831,12713,15.29843562
Uttar Pradesh,SONBHADRA,2014,Rabi,Peas & beans (Pulses),3624,2935,0.809878587
Uttar Pradesh,SONBHADRA,2014,Rabi,Potato,1016,34096,33.55905512
Uttar Pradesh,SONBHADRA,2014,Rabi,Rapeseed &Mustard,4003,1549,0.38695978
Uttar Pradesh,SONBHADRA,2014,Rabi,Turmeric,6,17,2.833333333
Uttar Pradesh,SONBHADRA,2014,Rabi,Wheat,57789,117617,2.035283531
Uttar Pradesh,SONBHADRA,2014,Summer,Moong(Green Gram),3,2,0.666666667
Uttar Pradesh,SONBHADRA,2014,Summer,Onion,49,741,15.12244898
Uttar Pradesh,SULTANPUR,1997,Kharif,Arhar/Tur,10986,16874,1.535954852
Uttar Pradesh,SULTANPUR,1997,Kharif,Bajra,534,554,1.037453184
Uttar Pradesh,SULTANPUR,1997,Kharif,Groundnut,13,10,0.769230769
Uttar Pradesh,SULTANPUR,1997,Kharif,Jowar,9790,12929,1.320633299
Uttar Pradesh,SULTANPUR,1997,Kharif,Maize,5823,5258,0.902970977
Uttar Pradesh,SULTANPUR,1997,Kharif,Moong(Green Gram),48,14,0.291666667
Uttar Pradesh,SULTANPUR,1997,Kharif,Oilseeds total,4784,2588,0.5409699
Uttar Pradesh,SULTANPUR,1997,Kharif,Onion,476,4706,9.886554622
Uttar Pradesh,SULTANPUR,1997,Kharif,Rice,158244,334187,2.111846263
Uttar Pradesh,SULTANPUR,1997,Kharif,Sesamum,459,72,0.156862745
Uttar Pradesh,SULTANPUR,1997,Kharif,Small millets,488,337,0.69057377
Uttar Pradesh,SULTANPUR,1997,Kharif,Total foodgrain,385922,830469,2.151908935
Uttar Pradesh,SULTANPUR,1997,Kharif,Urad,2870,1202,0.418815331
Uttar Pradesh,SULTANPUR,1997,Rabi,Barley,2452,4657,1.899265905
Uttar Pradesh,SULTANPUR,1997,Rabi,Gram,11279,7888,0.69935278
Uttar Pradesh,SULTANPUR,1997,Rabi,Linseed,423,180,0.425531915
Uttar Pradesh,SULTANPUR,1997,Rabi,Masoor,3646,2367,0.649204608
Uttar Pradesh,SULTANPUR,1997,Rabi,Peas & beans (Pulses),9358,10914,1.166274845
Uttar Pradesh,SULTANPUR,1997,Rabi,Rapeseed &Mustard,3511,1815,0.516946739
Uttar Pradesh,SULTANPUR,1997,Rabi,Sunflower,378,511,1.351851852
Uttar Pradesh,SULTANPUR,1997,Rabi,Wheat,162420,428513,2.638301933
Uttar Pradesh,SULTANPUR,1997,Summer,Maize,207,327,1.579710145
Uttar Pradesh,SULTANPUR,1997,Summer,Moong(Green Gram),1070,573,0.535514019
Uttar Pradesh,SULTANPUR,1997,Summer,Rice,18,38,2.111111111
Uttar Pradesh,SULTANPUR,1997,Summer,Urad,6418,3562,0.555001558
Uttar Pradesh,SULTANPUR,1997,Whole Year,Potato,6309,66810,10.58963386
Uttar Pradesh,SULTANPUR,1997,Whole Year,Sugarcane,10323,496619,48.10801124
Uttar Pradesh,SULTANPUR,1998,Kharif,Arhar/Tur,10823,19532,1.804675229
Uttar Pradesh,SULTANPUR,1998,Kharif,Bajra,509,635,1.247544204
Uttar Pradesh,SULTANPUR,1998,Kharif,Groundnut,9,7,0.777777778
Uttar Pradesh,SULTANPUR,1998,Kharif,Jowar,9436,3651,0.386922425
Uttar Pradesh,SULTANPUR,1998,Kharif,Maize,5420,3778,0.69704797
Uttar Pradesh,SULTANPUR,1998,Kharif,Moong(Green Gram),66,14,0.212121212
Uttar Pradesh,SULTANPUR,1998,Kharif,Moth,3,1,0.333333333
Uttar Pradesh,SULTANPUR,1998,Kharif,Rice,159948,317796,1.986870733
Uttar Pradesh,SULTANPUR,1998,Kharif,Sesamum,406,50,0.123152709
Uttar Pradesh,SULTANPUR,1998,Kharif,Small millets,483,251,0.519668737
Uttar Pradesh,SULTANPUR,1998,Kharif,Urad,2812,996,0.354196302
Uttar Pradesh,SULTANPUR,1998,Rabi,Barley,2432,5475,2.251233553
Uttar Pradesh,SULTANPUR,1998,Rabi,Castor seed,2,1,0.5
Uttar Pradesh,SULTANPUR,1998,Rabi,Gram,10834,8363,0.771921728
Uttar Pradesh,SULTANPUR,1998,Rabi,Linseed,491,186,0.378818737
Uttar Pradesh,SULTANPUR,1998,Rabi,Masoor,3844,3911,1.017429761
Uttar Pradesh,SULTANPUR,1998,Rabi,Peas & beans (Pulses),9589,9436,0.984044217
Uttar Pradesh,SULTANPUR,1998,Rabi,Rapeseed &Mustard,3453,2250,0.651607298
Uttar Pradesh,SULTANPUR,1998,Rabi,Sunflower,318,329,1.034591195
Uttar Pradesh,SULTANPUR,1998,Rabi,Wheat,163360,393140,2.40658668
Uttar Pradesh,SULTANPUR,1998,Summer,Maize,218,221,1.013761468
Uttar Pradesh,SULTANPUR,1998,Summer,Moong(Green Gram),1168,853,0.730308219
Uttar Pradesh,SULTANPUR,1998,Summer,Rice,8,16,2
Uttar Pradesh,SULTANPUR,1998,Summer,Urad,6246,3285,0.525936599
Uttar Pradesh,SULTANPUR,1998,Whole Year,Onion,602,7269,12.07475083
Uttar Pradesh,SULTANPUR,1998,Whole Year,Potato,6535,137856,21.09502678
Uttar Pradesh,SULTANPUR,1998,Whole Year,Sannhamp,60,22,0.366666667
Uttar Pradesh,SULTANPUR,1998,Whole Year,Sugarcane,10230,401753,39.27204301
Uttar Pradesh,SULTANPUR,1999,Kharif,Arhar/Tur,10699,21186,1.980185064
Uttar Pradesh,SULTANPUR,1999,Kharif,Bajra,564,861,1.526595745
Uttar Pradesh,SULTANPUR,1999,Kharif,Groundnut,10,12,1.2
Uttar Pradesh,SULTANPUR,1999,Kharif,Jowar,9429,8848,0.938381589
Uttar Pradesh,SULTANPUR,1999,Kharif,Maize,5213,4827,0.925954345
Uttar Pradesh,SULTANPUR,1999,Kharif,Moong(Green Gram),65,18,0.276923077
Uttar Pradesh,SULTANPUR,1999,Kharif,Rice,159882,340777,2.131428178
Uttar Pradesh,SULTANPUR,1999,Kharif,Small millets,732,528,0.721311475
Uttar Pradesh,SULTANPUR,1999,Kharif,Sunflower,307,400,1.302931596
Uttar Pradesh,SULTANPUR,1999,Kharif,Urad,2870,1162,0.404878049
Uttar Pradesh,SULTANPUR,1999,Rabi,Barley,2521,5904,2.341927806
Uttar Pradesh,SULTANPUR,1999,Rabi,Gram,10908,9526,0.873303997
Uttar Pradesh,SULTANPUR,1999,Rabi,Linseed,427,188,0.44028103
Uttar Pradesh,SULTANPUR,1999,Rabi,Maize,229,332,1.449781659
Uttar Pradesh,SULTANPUR,1999,Rabi,Ragi,97,164,1.690721649
Uttar Pradesh,SULTANPUR,1999,Rabi,Rapeseed &Mustard,3523,2148,0.609707636
Uttar Pradesh,SULTANPUR,1999,Rabi,Wheat,163955,443276,2.703644293
Uttar Pradesh,SULTANPUR,1999,Summer,Moong(Green Gram),1143,1048,0.916885389
Uttar Pradesh,SULTANPUR,1999,Summer,Rice,9,19,2.111111111
Uttar Pradesh,SULTANPUR,1999,Summer,Urad,6954,4791,0.688955997
Uttar Pradesh,SULTANPUR,1999,Whole Year,Moth,1,1,1
Uttar Pradesh,SULTANPUR,1999,Whole Year,Onion,639,9160,14.33489828
Uttar Pradesh,SULTANPUR,1999,Whole Year,Peas & beans (Pulses),9797,9137,0.932632439
Uttar Pradesh,SULTANPUR,1999,Whole Year,Potato,6731,100003,14.85707919
Uttar Pradesh,SULTANPUR,1999,Whole Year,Sugarcane,10266,409039,39.84404831
Uttar Pradesh,SULTANPUR,1999,Whole Year,Turmeric,1,2,2
Uttar Pradesh,SULTANPUR,2000,Kharif,Arhar/Tur,10709,20923,1.953777197
Uttar Pradesh,SULTANPUR,2000,Kharif,Bajra,615,955,1.552845528
Uttar Pradesh,SULTANPUR,2000,Kharif,Groundnut,5,4,0.8
Uttar Pradesh,SULTANPUR,2000,Kharif,Jowar,9293,7083,0.762186592
Uttar Pradesh,SULTANPUR,2000,Kharif,Maize,5159,7228,1.401046714
Uttar Pradesh,SULTANPUR,2000,Kharif,Moong(Green Gram),94,28,0.29787234
Uttar Pradesh,SULTANPUR,2000,Kharif,Rice,160083,329111,2.055877264
Uttar Pradesh,SULTANPUR,2000,Kharif,Sesamum,337,54,0.160237389
Uttar Pradesh,SULTANPUR,2000,Kharif,Small millets,596,405,0.679530201
Uttar Pradesh,SULTANPUR,2000,Kharif,Urad,2767,1220,0.440910734
Uttar Pradesh,SULTANPUR,2000,Rabi,Barley,2561,5488,2.142912925
Uttar Pradesh,SULTANPUR,2000,Rabi,Gram,10400,12251,1.177980769
Uttar Pradesh,SULTANPUR,2000,Rabi,Linseed,418,151,0.361244019
Uttar Pradesh,SULTANPUR,2000,Rabi,Maize,224,363,1.620535714
Uttar Pradesh,SULTANPUR,2000,Rabi,Masoor,4035,3570,0.884758364
Uttar Pradesh,SULTANPUR,2000,Rabi,Moong(Green Gram),1136,717,0.631161972
Uttar Pradesh,SULTANPUR,2000,Rabi,Peas & beans (Pulses),10101,10209,1.010692011
Uttar Pradesh,SULTANPUR,2000,Rabi,Rapeseed &Mustard,3337,2223,0.666167216
Uttar Pradesh,SULTANPUR,2000,Rabi,Urad,6971,3527,0.505953235
Uttar Pradesh,SULTANPUR,2000,Rabi,Wheat,163002,413259,2.53530018
Uttar Pradesh,SULTANPUR,2000,Summer,Rice,7,14,2
Uttar Pradesh,SULTANPUR,2000,Whole Year,Potato,6684,108806,16.2785757
Uttar Pradesh,SULTANPUR,2000,Whole Year,Sugarcane,9650,447721,46.39595855
Uttar Pradesh,SULTANPUR,2001,Kharif,Arhar/Tur,10615,16633,1.566933585
Uttar Pradesh,SULTANPUR,2001,Kharif,Bajra,502,632,1.258964143
Uttar Pradesh,SULTANPUR,2001,Kharif,Groundnut,2,2,1
Uttar Pradesh,SULTANPUR,2001,Kharif,Jowar,9091,8531,0.938400616
Uttar Pradesh,SULTANPUR,2001,Kharif,Maize,5169,7697,1.489069453
Uttar Pradesh,SULTANPUR,2001,Kharif,Moong(Green Gram),137,38,0.277372263
Uttar Pradesh,SULTANPUR,2001,Kharif,Rice,160521,358439,2.232972633
Uttar Pradesh,SULTANPUR,2001,Kharif,Sesamum,337,84,0.24925816
Uttar Pradesh,SULTANPUR,2001,Kharif,Small millets,582,382,0.656357388
Uttar Pradesh,SULTANPUR,2001,Kharif,Sunflower,123,141,1.146341463
Uttar Pradesh,SULTANPUR,2001,Kharif,Urad,2825,1153,0.408141593
Uttar Pradesh,SULTANPUR,2001,Rabi,Barley,2239,5321,2.376507369
Uttar Pradesh,SULTANPUR,2001,Rabi,Gram,7530,9674,1.284727756
Uttar Pradesh,SULTANPUR,2001,Rabi,Linseed,196,83,0.423469388
Uttar Pradesh,SULTANPUR,2001,Rabi,Maize,306,498,1.62745098
Uttar Pradesh,SULTANPUR,2001,Rabi,Masoor,4673,5271,1.127969185
Uttar Pradesh,SULTANPUR,2001,Rabi,Peas & beans (Pulses),10113,9284,0.918026303
Uttar Pradesh,SULTANPUR,2001,Rabi,Rapeseed &Mustard,3727,3239,0.86906359
Uttar Pradesh,SULTANPUR,2001,Rabi,Urad,6125,3706,0.605061224
Uttar Pradesh,SULTANPUR,2001,Rabi,Wheat,163760,431839,2.637023693
Uttar Pradesh,SULTANPUR,2001,Summer,Rice,17,38,2.235294118
Uttar Pradesh,SULTANPUR,2001,Whole Year,Potato,6373,157286,24.68005649
Uttar Pradesh,SULTANPUR,2001,Whole Year,Sugarcane,9637,481657,49.97997302
Uttar Pradesh,SULTANPUR,2002,Kharif,Bajra,400,552,1.38
Uttar Pradesh,SULTANPUR,2002,Kharif,Groundnut,14,9,0.642857143
Uttar Pradesh,SULTANPUR,2002,Kharif,Jowar,7536,6415,0.851247346
Uttar Pradesh,SULTANPUR,2002,Kharif,Maize,4038,6021,1.491084695
Uttar Pradesh,SULTANPUR,2002,Kharif,Moong(Green Gram),97,28,0.288659794
Uttar Pradesh,SULTANPUR,2002,Kharif,Rice,127534,263269,2.064304421
Uttar Pradesh,SULTANPUR,2002,Kharif,Sesamum,256,41,0.16015625
Uttar Pradesh,SULTANPUR,2002,Kharif,Small millets,184,100,0.543478261
Uttar Pradesh,SULTANPUR,2002,Kharif,Sunflower,78,86,1.102564103
Uttar Pradesh,SULTANPUR,2002,Kharif,Urad,2835,1673,0.590123457
Uttar Pradesh,SULTANPUR,2002,Rabi,Barley,1995,4878,2.445112782
Uttar Pradesh,SULTANPUR,2002,Rabi,Gram,7166,7175,1.001255931
Uttar Pradesh,SULTANPUR,2002,Rabi,Linseed,182,79,0.434065934
Uttar Pradesh,SULTANPUR,2002,Rabi,Maize,297,329,1.107744108
Uttar Pradesh,SULTANPUR,2002,Rabi,Masoor,5312,5013,0.943712349
Uttar Pradesh,SULTANPUR,2002,Rabi,Onion,263,2714,10.31939163
Uttar Pradesh,SULTANPUR,2002,Rabi,Peas & beans (Pulses),10285,8958,0.870977151
Uttar Pradesh,SULTANPUR,2002,Rabi,Ragi,5,7,1.4
Uttar Pradesh,SULTANPUR,2002,Rabi,Rapeseed &Mustard,3772,3086,0.818133616
Uttar Pradesh,SULTANPUR,2002,Rabi,Wheat,165268,424135,2.566346782
Uttar Pradesh,SULTANPUR,2002,Summer,Moong(Green Gram),1121,656,0.585191793
Uttar Pradesh,SULTANPUR,2002,Summer,Onion,676,7558,11.18047337
Uttar Pradesh,SULTANPUR,2002,Summer,Urad,6455,4183,0.648024787
Uttar Pradesh,SULTANPUR,2002,Whole Year,Potato,6799,84090,12.36799529
Uttar Pradesh,SULTANPUR,2002,Whole Year,Sannhamp,2,1,0.5
Uttar Pradesh,SULTANPUR,2002,Whole Year,Sugarcane,9999,427037,42.7079708
Uttar Pradesh,SULTANPUR,2003,Kharif,Arhar/Tur,9169,11651,1.270694732
Uttar Pradesh,SULTANPUR,2003,Kharif,Bajra,262,358,1.366412214
Uttar Pradesh,SULTANPUR,2003,Kharif,Groundnut,7,5,0.714285714
Uttar Pradesh,SULTANPUR,2003,Kharif,Jowar,8328,8044,0.965898175
Uttar Pradesh,SULTANPUR,2003,Kharif,Maize,4871,11427,2.345924861
Uttar Pradesh,SULTANPUR,2003,Kharif,Moong(Green Gram),80,19,0.2375
Uttar Pradesh,SULTANPUR,2003,Kharif,Rice,157553,358923,2.278109589
Uttar Pradesh,SULTANPUR,2003,Kharif,Sesamum,347,45,0.129682997
Uttar Pradesh,SULTANPUR,2003,Kharif,Sunflower,69,115,1.666666667
Uttar Pradesh,SULTANPUR,2003,Kharif,Urad,3265,2210,0.676875957
Uttar Pradesh,SULTANPUR,2003,Rabi,Barley,2198,5021,2.284349409
Uttar Pradesh,SULTANPUR,2003,Rabi,Gram,7053,7438,1.054586701
Uttar Pradesh,SULTANPUR,2003,Rabi,Linseed,156,77,0.493589744
Uttar Pradesh,SULTANPUR,2003,Rabi,Masoor,5504,4557,0.827943314
Uttar Pradesh,SULTANPUR,2003,Rabi,Onion,287,4119,14.35191638
Uttar Pradesh,SULTANPUR,2003,Rabi,Peas & beans (Pulses),10290,8942,0.868999028
Uttar Pradesh,SULTANPUR,2003,Rabi,Ragi,1,1,1
Uttar Pradesh,SULTANPUR,2003,Rabi,Rapeseed &Mustard,3879,2984,0.769270431
Uttar Pradesh,SULTANPUR,2003,Rabi,Wheat,166983,462053,2.767066109
Uttar Pradesh,SULTANPUR,2003,Summer,Maize,292,399,1.366438356
Uttar Pradesh,SULTANPUR,2003,Summer,Moong(Green Gram),1143,692,0.605424322
Uttar Pradesh,SULTANPUR,2003,Summer,Onion,779,7932,10.18228498
Uttar Pradesh,SULTANPUR,2003,Summer,Urad,6473,3243,0.501004171
Uttar Pradesh,SULTANPUR,2003,Whole Year,Potato,7069,106975,15.13297496
Uttar Pradesh,SULTANPUR,2003,Whole Year,Sannhamp,12,4,0.333333333
Uttar Pradesh,SULTANPUR,2003,Whole Year,Sugarcane,10419,425554,40.84403494
Uttar Pradesh,SULTANPUR,2004,Kharif,Bajra,313,491,1.568690096
Uttar Pradesh,SULTANPUR,2004,Kharif,Groundnut,18,15,0.833333333
Uttar Pradesh,SULTANPUR,2004,Kharif,Jowar,7758,5366,0.691673112
Uttar Pradesh,SULTANPUR,2004,Kharif,Maize,4908,10258,2.09005705
Uttar Pradesh,SULTANPUR,2004,Kharif,Rice,155041,315565,2.035364839
Uttar Pradesh,SULTANPUR,2004,Kharif,Sannhamp,4,1,0.25
Uttar Pradesh,SULTANPUR,2004,Kharif,Sesamum,363,58,0.159779614
Uttar Pradesh,SULTANPUR,2004,Kharif,Small millets,135,48,0.355555556
Uttar Pradesh,SULTANPUR,2004,Kharif,Sugarcane,9823,520933,53.03196579
Uttar Pradesh,SULTANPUR,2004,Rabi,Barley,2064,4212,2.040697674
Uttar Pradesh,SULTANPUR,2004,Rabi,Gram,6878,4888,0.710671707
Uttar Pradesh,SULTANPUR,2004,Rabi,Linseed,145,67,0.462068966
Uttar Pradesh,SULTANPUR,2004,Rabi,Maize,2,9,4.5
Uttar Pradesh,SULTANPUR,2004,Rabi,Potato,6809,104285,15.31575855
Uttar Pradesh,SULTANPUR,2004,Rabi,Rapeseed &Mustard,3819,3082,0.807017544
Uttar Pradesh,SULTANPUR,2004,Rabi,Wheat,167024,422457,2.52931914
Uttar Pradesh,SULTANPUR,2004,Summer,Sunflower,53,104,1.962264151
Uttar Pradesh,SULTANPUR,2004,Whole Year,Banana,10,364,36.4
Uttar Pradesh,SULTANPUR,2004,Whole Year,Dry chillies,7,7,1
Uttar Pradesh,SULTANPUR,2004,Whole Year,Garlic,7,30,4.285714286
Uttar Pradesh,SULTANPUR,2004,Whole Year,Guar seed,72,61,0.847222222
Uttar Pradesh,SULTANPUR,2004,Whole Year,Onion,979,11566,11.81409602
Uttar Pradesh,SULTANPUR,2004,Whole Year,Sweet potato,1695,19700,11.62241888
Uttar Pradesh,SULTANPUR,2005,Kharif,Bajra,375,588,1.568
Uttar Pradesh,SULTANPUR,2005,Kharif,Jowar,5763,4984,0.864827347
Uttar Pradesh,SULTANPUR,2005,Kharif,Maize,4178,6296,1.50694112
Uttar Pradesh,SULTANPUR,2005,Kharif,Rice,156578,333041,2.126997407
Uttar Pradesh,SULTANPUR,2005,Kharif,Sannhamp,7,2,0.285714286
Uttar Pradesh,SULTANPUR,2005,Kharif,Sesamum,146,26,0.178082192
Uttar Pradesh,SULTANPUR,2005,Kharif,Small millets,180,118,0.655555556
Uttar Pradesh,SULTANPUR,2005,Kharif,Sugarcane,9984,582027,58.29597356
Uttar Pradesh,SULTANPUR,2005,Rabi,Barley,2185,4059,1.857665904
Uttar Pradesh,SULTANPUR,2005,Rabi,Gram,11236,10021,0.891865433
Uttar Pradesh,SULTANPUR,2005,Rabi,Linseed,165,68,0.412121212
Uttar Pradesh,SULTANPUR,2005,Rabi,Potato,7458,146058,19.5840708
Uttar Pradesh,SULTANPUR,2005,Rabi,Rapeseed &Mustard,4977,5753,1.155917219
Uttar Pradesh,SULTANPUR,2005,Rabi,Wheat,164944,425554,2.579990785
Uttar Pradesh,SULTANPUR,2005,Summer,Sunflower,79,101,1.278481013
Uttar Pradesh,SULTANPUR,2005,Whole Year,Banana,10,381,38.1
Uttar Pradesh,SULTANPUR,2005,Whole Year,Coriander,48,27,0.5625
Uttar Pradesh,SULTANPUR,2005,Whole Year,Dry chillies,7,7,1
Uttar Pradesh,SULTANPUR,2005,Whole Year,Garlic,21,92,4.380952381
Uttar Pradesh,SULTANPUR,2005,Whole Year,Guar seed,67,54,0.805970149
Uttar Pradesh,SULTANPUR,2005,Whole Year,Onion,1150,14821,12.88782609
Uttar Pradesh,SULTANPUR,2005,Whole Year,Sweet potato,1692,22132,13.08037825
Uttar Pradesh,SULTANPUR,2006,Kharif,Arhar/Tur,8336,11157,1.338411708
Uttar Pradesh,SULTANPUR,2006,Kharif,Bajra,305,456,1.495081967
Uttar Pradesh,SULTANPUR,2006,Kharif,Groundnut,18,13,0.722222222
Uttar Pradesh,SULTANPUR,2006,Kharif,Jowar,7603,5779,0.760094699
Uttar Pradesh,SULTANPUR,2006,Kharif,Maize,5102,6663,1.305958448
Uttar Pradesh,SULTANPUR,2006,Kharif,Other Kharif pulses,10283,5855,0.569386366
Uttar Pradesh,SULTANPUR,2006,Kharif,Rice,157713,281833,1.786999169
Uttar Pradesh,SULTANPUR,2006,Kharif,Sannhamp,8,2,0.25
Uttar Pradesh,SULTANPUR,2006,Kharif,Sesamum,400,68,0.17
Uttar Pradesh,SULTANPUR,2006,Kharif,Small millets,117,75,0.641025641
Uttar Pradesh,SULTANPUR,2006,Kharif,Sugarcane,10423,565510,54.25597237
Uttar Pradesh,SULTANPUR,2006,Kharif,Sweet potato,1537,20978,13.64866623
Uttar Pradesh,SULTANPUR,2006,Rabi,Barley,1712,3585,2.094042056
Uttar Pradesh,SULTANPUR,2006,Rabi,Garlic,11,48,4.363636364
Uttar Pradesh,SULTANPUR,2006,Rabi,Gram,6057,4458,0.736007925
Uttar Pradesh,SULTANPUR,2006,Rabi,Linseed,120,42,0.35
Uttar Pradesh,SULTANPUR,2006,Rabi,Maize,3,10,3.333333333
Uttar Pradesh,SULTANPUR,2006,Rabi,Masoor,5829,4989,0.855892949
Uttar Pradesh,SULTANPUR,2006,Rabi,Onion,230,4412,19.1826087
Uttar Pradesh,SULTANPUR,2006,Rabi,Other  Rabi pulses,9904,9577,0.966983037
Uttar Pradesh,SULTANPUR,2006,Rabi,Potato,6875,79612,11.57992727
Uttar Pradesh,SULTANPUR,2006,Rabi,Rapeseed &Mustard,4038,5103,1.263744428
Uttar Pradesh,SULTANPUR,2006,Rabi,Wheat,165817,452172,2.726933909
Uttar Pradesh,SULTANPUR,2006,Summer,Maize,333,442,1.327327327
Uttar Pradesh,SULTANPUR,2006,Summer,Onion,777,9048,11.64478764
Uttar Pradesh,SULTANPUR,2006,Summer,Sunflower,9,14,1.555555556
Uttar Pradesh,SULTANPUR,2006,Whole Year,Banana,9,349,38.77777778
Uttar Pradesh,SULTANPUR,2006,Whole Year,Coriander,148,77,0.52027027
Uttar Pradesh,SULTANPUR,2006,Whole Year,Dry chillies,7,7,1
Uttar Pradesh,SULTANPUR,2006,Whole Year,Guar seed,63,53,0.841269841
Uttar Pradesh,SULTANPUR,2007,Kharif,Arhar/Tur,9277,11814,1.273472028
Uttar Pradesh,SULTANPUR,2007,Kharif,Bajra,489,763,1.560327198
Uttar Pradesh,SULTANPUR,2007,Kharif,Dry chillies,7,7,1
Uttar Pradesh,SULTANPUR,2007,Kharif,Groundnut,23,14,0.608695652
Uttar Pradesh,SULTANPUR,2007,Kharif,Guar seed,52,44,0.846153846
Uttar Pradesh,SULTANPUR,2007,Kharif,Jowar,8423,7165,0.850647038
Uttar Pradesh,SULTANPUR,2007,Kharif,Maize,5049,6665,1.320063379
Uttar Pradesh,SULTANPUR,2007,Kharif,Moong(Green Gram),49,10,0.204081633
Uttar Pradesh,SULTANPUR,2007,Kharif,Rice,156243,320923,2.053999219
Uttar Pradesh,SULTANPUR,2007,Kharif,Sannhamp,5,1,0.2
Uttar Pradesh,SULTANPUR,2007,Kharif,Sesamum,443,68,0.153498871
Uttar Pradesh,SULTANPUR,2007,Kharif,Small millets,119,72,0.605042017
Uttar Pradesh,SULTANPUR,2007,Kharif,Sugarcane,11431,579415,50.68804129
Uttar Pradesh,SULTANPUR,2007,Kharif,Sweet potato,1620,21810,13.46296296
Uttar Pradesh,SULTANPUR,2007,Kharif,Urad,3288,2219,0.674878345
Uttar Pradesh,SULTANPUR,2007,Rabi,Barley,1902,3496,1.838065195
Uttar Pradesh,SULTANPUR,2007,Rabi,Coriander,49,28,0.571428571
Uttar Pradesh,SULTANPUR,2007,Rabi,Gram,5886,6052,1.028202514
Uttar Pradesh,SULTANPUR,2007,Rabi,Linseed,127,32,0.251968504
Uttar Pradesh,SULTANPUR,2007,Rabi,Maize,2,5,2.5
Uttar Pradesh,SULTANPUR,2007,Rabi,Masoor,6152,7007,1.138979194
Uttar Pradesh,SULTANPUR,2007,Rabi,Onion,270,3773,13.97407407
Uttar Pradesh,SULTANPUR,2007,Rabi,Other  Rabi pulses,10416,9770,0.937980031
Uttar Pradesh,SULTANPUR,2007,Rabi,Potato,6711,88075,13.12397556
Uttar Pradesh,SULTANPUR,2007,Rabi,Rapeseed &Mustard,3971,4598,1.157894737
Uttar Pradesh,SULTANPUR,2007,Rabi,Wheat,168720,471569,2.794979848
Uttar Pradesh,SULTANPUR,2007,Summer,Maize,333,479,1.438438438
Uttar Pradesh,SULTANPUR,2007,Summer,Moong(Green Gram),754,382,0.5066313
Uttar Pradesh,SULTANPUR,2007,Summer,Onion,777,14878,19.14800515
Uttar Pradesh,SULTANPUR,2007,Summer,Sunflower,51,83,1.62745098
Uttar Pradesh,SULTANPUR,2007,Summer,Urad,6223,4225,0.678932991
Uttar Pradesh,SULTANPUR,2008,Kharif,Arhar/Tur,6936,7070,1.019319493
Uttar Pradesh,SULTANPUR,2008,Kharif,Bajra,97,160,1.649484536
Uttar Pradesh,SULTANPUR,2008,Kharif,Dry chillies,1,1,1
Uttar Pradesh,SULTANPUR,2008,Kharif,Guar seed,55,46,0.836363636
Uttar Pradesh,SULTANPUR,2008,Kharif,Jowar,6274,4489,0.715492509
Uttar Pradesh,SULTANPUR,2008,Kharif,Maize,3616,3063,0.847068584
Uttar Pradesh,SULTANPUR,2008,Kharif,Moong(Green Gram),57,21,0.368421053
Uttar Pradesh,SULTANPUR,2008,Kharif,Rice,173487,380110,2.190999902
Uttar Pradesh,SULTANPUR,2008,Kharif,Sannhamp,2,1,0.5
Uttar Pradesh,SULTANPUR,2008,Kharif,Sesamum,389,64,0.164524422
Uttar Pradesh,SULTANPUR,2008,Kharif,Small millets,91,56,0.615384615
Uttar Pradesh,SULTANPUR,2008,Kharif,Sugarcane,7724,355798,46.0639565
Uttar Pradesh,SULTANPUR,2008,Kharif,Sweet potato,1665,20450,12.28228228
Uttar Pradesh,SULTANPUR,2008,Kharif,Urad,2774,1501,0.54109589
Uttar Pradesh,SULTANPUR,2008,Rabi,Barley,2084,4690,2.250479846
Uttar Pradesh,SULTANPUR,2008,Rabi,Coriander,35,21,0.6
Uttar Pradesh,SULTANPUR,2008,Rabi,Garlic,40,236,5.9
Uttar Pradesh,SULTANPUR,2008,Rabi,Gram,2836,2961,1.044076164
Uttar Pradesh,SULTANPUR,2008,Rabi,Linseed,181,81,0.447513812
Uttar Pradesh,SULTANPUR,2008,Rabi,Maize,65,171,2.630769231
Uttar Pradesh,SULTANPUR,2008,Rabi,Masoor,6194,5996,0.968033581
Uttar Pradesh,SULTANPUR,2008,Rabi,Onion,231,2708,11.72294372
Uttar Pradesh,SULTANPUR,2008,Rabi,Peas & beans (Pulses),10257,12380,1.206980599
Uttar Pradesh,SULTANPUR,2008,Rabi,Potato,7550,90404,11.97403974
Uttar Pradesh,SULTANPUR,2008,Rabi,Rapeseed &Mustard,3956,2706,0.684024267
Uttar Pradesh,SULTANPUR,2008,Rabi,Wheat,169501,478331,2.82199515
Uttar Pradesh,SULTANPUR,2008,Summer,Banana,10,381,38.1
Uttar Pradesh,SULTANPUR,2008,Summer,Maize,344,514,1.494186047
Uttar Pradesh,SULTANPUR,2008,Summer,Moong(Green Gram),1058,607,0.573724008
Uttar Pradesh,SULTANPUR,2008,Summer,Sunflower,51,95,1.862745098
Uttar Pradesh,SULTANPUR,2008,Summer,Urad,5196,2905,0.559083911
Uttar Pradesh,SULTANPUR,2009,Kharif,Arhar/Tur,6406,7693,1.200905401
Uttar Pradesh,SULTANPUR,2009,Kharif,Bajra,238,398,1.672268908
Uttar Pradesh,SULTANPUR,2009,Kharif,Dry chillies,6,5,0.833333333
Uttar Pradesh,SULTANPUR,2009,Kharif,Groundnut,32,22,0.6875
Uttar Pradesh,SULTANPUR,2009,Kharif,Guar seed,62,52,0.838709677
Uttar Pradesh,SULTANPUR,2009,Kharif,Jowar,5607,4712,0.840378099
Uttar Pradesh,SULTANPUR,2009,Kharif,Maize,5109,7265,1.422000391
Uttar Pradesh,SULTANPUR,2009,Kharif,Moong(Green Gram),69,10,0.144927536
Uttar Pradesh,SULTANPUR,2009,Kharif,Rice,133285,303223,2.274997186
Uttar Pradesh,SULTANPUR,2009,Kharif,Sesamum,536,56,0.104477612
Uttar Pradesh,SULTANPUR,2009,Kharif,Small millets,42,27,0.642857143
Uttar Pradesh,SULTANPUR,2009,Kharif,Sugarcane,10689,541248,50.63598091
Uttar Pradesh,SULTANPUR,2009,Kharif,Sweet potato,1442,19611,13.5998613
Uttar Pradesh,SULTANPUR,2009,Kharif,Urad,3333,1886,0.565856586
Uttar Pradesh,SULTANPUR,2009,Rabi,Barley,840,1810,2.154761905
Uttar Pradesh,SULTANPUR,2009,Rabi,Coriander,37,21,0.567567568
Uttar Pradesh,SULTANPUR,2009,Rabi,Garlic,10,53,5.3
Uttar Pradesh,SULTANPUR,2009,Rabi,Gram,7861,7890,1.003689098
Uttar Pradesh,SULTANPUR,2009,Rabi,Linseed,118,52,0.440677966
Uttar Pradesh,SULTANPUR,2009,Rabi,Maize,107,327,3.056074766
Uttar Pradesh,SULTANPUR,2009,Rabi,Masoor,5582,5158,0.924041562
Uttar Pradesh,SULTANPUR,2009,Rabi,Onion,232,3984,17.17241379
Uttar Pradesh,SULTANPUR,2009,Rabi,Peas & beans (Pulses),8972,11514,1.283325903
Uttar Pradesh,SULTANPUR,2009,Rabi,Potato,7559,147983,19.57706046
Uttar Pradesh,SULTANPUR,2009,Rabi,Rapeseed &Mustard,3756,2926,0.779020234
Uttar Pradesh,SULTANPUR,2009,Rabi,Turmeric,2,7,3.5
Uttar Pradesh,SULTANPUR,2009,Rabi,Wheat,169281,462122,2.729910622
Uttar Pradesh,SULTANPUR,2009,Summer,Banana,22,905,41.13636364
Uttar Pradesh,SULTANPUR,2009,Summer,Maize,458,666,1.454148472
Uttar Pradesh,SULTANPUR,2009,Summer,Moong(Green Gram),1170,974,0.832478632
Uttar Pradesh,SULTANPUR,2009,Summer,Onion,885,12434,14.04971751
Uttar Pradesh,SULTANPUR,2009,Summer,Sunflower,34,75,2.205882353
Uttar Pradesh,SULTANPUR,2009,Summer,Urad,6616,3341,0.504987908
Uttar Pradesh,SULTANPUR,2010,Kharif,Arhar/Tur,8731,19711,2.257587905
Uttar Pradesh,SULTANPUR,2010,Kharif,Bajra,159,163,1.025157233
Uttar Pradesh,SULTANPUR,2010,Kharif,Dry chillies,15,13,0.866666667
Uttar Pradesh,SULTANPUR,2010,Kharif,Groundnut,18,9,0.5
Uttar Pradesh,SULTANPUR,2010,Kharif,Guar seed,60,50,0.833333333
Uttar Pradesh,SULTANPUR,2010,Kharif,Jowar,4813,3241,0.673384583
Uttar Pradesh,SULTANPUR,2010,Kharif,Maize,4624,4582,0.990916955
Uttar Pradesh,SULTANPUR,2010,Kharif,Moong(Green Gram),34,16,0.470588235
Uttar Pradesh,SULTANPUR,2010,Kharif,Rice,90048,216836,2.40800462
Uttar Pradesh,SULTANPUR,2010,Kharif,Sannhamp,2,1,0.5
Uttar Pradesh,SULTANPUR,2010,Kharif,Sesamum,529,104,0.196597353
Uttar Pradesh,SULTANPUR,2010,Kharif,Small millets,115,89,0.773913043
Uttar Pradesh,SULTANPUR,2010,Kharif,Sugarcane,10140,446079,43.99201183
Uttar Pradesh,SULTANPUR,2010,Kharif,Sweet potato,1391,17130,12.31488138
Uttar Pradesh,SULTANPUR,2010,Kharif,Urad,1769,958,0.541548898
Uttar Pradesh,SULTANPUR,2010,Rabi,Barley,1048,2347,2.239503817
Uttar Pradesh,SULTANPUR,2010,Rabi,Gram,3728,4014,1.076716738
Uttar Pradesh,SULTANPUR,2010,Rabi,Linseed,53,24,0.452830189
Uttar Pradesh,SULTANPUR,2010,Rabi,Maize,84,252,3
Uttar Pradesh,SULTANPUR,2010,Rabi,Masoor,4124,3592,0.87099903
Uttar Pradesh,SULTANPUR,2010,Rabi,Onion,303,5578,18.40924092
Uttar Pradesh,SULTANPUR,2010,Rabi,Peas & beans (Pulses),6003,7155,1.191904048
Uttar Pradesh,SULTANPUR,2010,Rabi,Potato,4927,122472,24.85731683
Uttar Pradesh,SULTANPUR,2010,Rabi,Rapeseed &Mustard,2764,2877,1.040882779
Uttar Pradesh,SULTANPUR,2010,Rabi,Wheat,103237,327043,3.167885545
Uttar Pradesh,SULTANPUR,2010,Summer,Maize,402,589,1.465174129
Uttar Pradesh,SULTANPUR,2010,Summer,Moong(Green Gram),1214,558,0.459637562
Uttar Pradesh,SULTANPUR,2010,Summer,Sunflower,42,89,2.119047619
Uttar Pradesh,SULTANPUR,2010,Summer,Urad,7587,3945,0.519968367
Uttar Pradesh,SULTANPUR,2011,Kharif,Arhar/Tur,5590,8831,1.579785331
Uttar Pradesh,SULTANPUR,2011,Kharif,Bajra,120,227,1.891666667
Uttar Pradesh,SULTANPUR,2011,Kharif,Dry chillies,13,11,0.846153846
Uttar Pradesh,SULTANPUR,2011,Kharif,Guar seed,58,47,0.810344828
Uttar Pradesh,SULTANPUR,2011,Kharif,Jowar,4918,4120,0.837738918
Uttar Pradesh,SULTANPUR,2011,Kharif,Maize,4693,5228,1.113999574
Uttar Pradesh,SULTANPUR,2011,Kharif,Moong(Green Gram),16,7,0.4375
Uttar Pradesh,SULTANPUR,2011,Kharif,Rice,93636,227161,2.426000683
Uttar Pradesh,SULTANPUR,2011,Kharif,Sannhamp,239,65,0.271966527
Uttar Pradesh,SULTANPUR,2011,Kharif,Sesamum,17,4,0.235294118
Uttar Pradesh,SULTANPUR,2011,Kharif,Small millets,24,22,0.916666667
Uttar Pradesh,SULTANPUR,2011,Kharif,Sugarcane,8973,537088,59.85601248
Uttar Pradesh,SULTANPUR,2011,Kharif,Sweet potato,1331,17295,12.99398948
Uttar Pradesh,SULTANPUR,2011,Kharif,Urad,1761,939,0.533219761
Uttar Pradesh,SULTANPUR,2011,Rabi,Barley,1091,2858,2.619615032
Uttar Pradesh,SULTANPUR,2011,Rabi,Coriander,59,33,0.559322034
Uttar Pradesh,SULTANPUR,2011,Rabi,Garlic,21,109,5.19047619
Uttar Pradesh,SULTANPUR,2011,Rabi,Gram,2448,3235,1.321486928
Uttar Pradesh,SULTANPUR,2011,Rabi,Linseed,12,5,0.416666667
Uttar Pradesh,SULTANPUR,2011,Rabi,Maize,74,176,2.378378378
Uttar Pradesh,SULTANPUR,2011,Rabi,Masoor,5022,5343,1.063918757
Uttar Pradesh,SULTANPUR,2011,Rabi,Onion,138,3156,22.86956522
Uttar Pradesh,SULTANPUR,2011,Rabi,Peas & beans (Pulses),5787,6261,1.081907724
Uttar Pradesh,SULTANPUR,2011,Rabi,Potato,5273,128416,24.35349896
Uttar Pradesh,SULTANPUR,2011,Rabi,Rapeseed &Mustard,2682,1791,0.667785235
Uttar Pradesh,SULTANPUR,2011,Rabi,Wheat,104286,332464,3.188002225
Uttar Pradesh,SULTANPUR,2011,Summer,Banana,27,1180,43.7037037
Uttar Pradesh,SULTANPUR,2011,Summer,Maize,285,471,1.652631579
Uttar Pradesh,SULTANPUR,2011,Summer,Moong(Green Gram),648,322,0.49691358
Uttar Pradesh,SULTANPUR,2011,Summer,Onion,383,2387,6.232375979
Uttar Pradesh,SULTANPUR,2011,Summer,Sunflower,14,24,1.714285714
Uttar Pradesh,SULTANPUR,2011,Summer,Urad,4027,2050,0.509063819
Uttar Pradesh,SULTANPUR,2012,Kharif,Arhar/Tur,5642,4771,0.84562212
Uttar Pradesh,SULTANPUR,2012,Kharif,Bajra,141,119,0.843971631
Uttar Pradesh,SULTANPUR,2012,Kharif,Dry chillies,13,10,0.769230769
Uttar Pradesh,SULTANPUR,2012,Kharif,Groundnut,17,17,1
Uttar Pradesh,SULTANPUR,2012,Kharif,Guar seed,57,46,0.807017544
Uttar Pradesh,SULTANPUR,2012,Kharif,Jowar,4842,4019,0.830028914
Uttar Pradesh,SULTANPUR,2012,Kharif,Maize,4323,5935,1.372889197
Uttar Pradesh,SULTANPUR,2012,Kharif,Moong(Green Gram),20,10,0.5
Uttar Pradesh,SULTANPUR,2012,Kharif,Rice,93861,236060,2.514995579
Uttar Pradesh,SULTANPUR,2012,Kharif,Sannhamp,2,1,0.5
Uttar Pradesh,SULTANPUR,2012,Kharif,Sesamum,291,54,0.18556701
Uttar Pradesh,SULTANPUR,2012,Kharif,Small millets,18,17,0.944444444
Uttar Pradesh,SULTANPUR,2012,Kharif,Sugarcane,9482,575975,60.74404134
Uttar Pradesh,SULTANPUR,2012,Kharif,Sweet potato,971,12571,12.94644696
Uttar Pradesh,SULTANPUR,2012,Kharif,Urad,1691,1253,0.740981668
Uttar Pradesh,SULTANPUR,2012,Rabi,Barley,1035,2769,2.675362319
Uttar Pradesh,SULTANPUR,2012,Rabi,Coriander,97,53,0.546391753
Uttar Pradesh,SULTANPUR,2012,Rabi,Garlic,31,161,5.193548387
Uttar Pradesh,SULTANPUR,2012,Rabi,Gram,3484,2153,0.617967853
Uttar Pradesh,SULTANPUR,2012,Rabi,Linseed,15,7,0.466666667
Uttar Pradesh,SULTANPUR,2012,Rabi,Maize,70,219,3.128571429
Uttar Pradesh,SULTANPUR,2012,Rabi,Masoor,5014,3249,0.64798564
Uttar Pradesh,SULTANPUR,2012,Rabi,Onion,135,3106,23.00740741
Uttar Pradesh,SULTANPUR,2012,Rabi,Peas & beans (Pulses),6989,6053,0.866075261
Uttar Pradesh,SULTANPUR,2012,Rabi,Potato,5182,87896,16.96179081
Uttar Pradesh,SULTANPUR,2012,Rabi,Rapeseed &Mustard,2746,2033,0.740349599
Uttar Pradesh,SULTANPUR,2012,Rabi,Wheat,104661,325914,3.113996618
Uttar Pradesh,SULTANPUR,2012,Summer,Maize,304,561,1.845394737
Uttar Pradesh,SULTANPUR,2012,Summer,Moong(Green Gram),736,500,0.679347826
Uttar Pradesh,SULTANPUR,2012,Summer,Onion,407,3343,8.213759214
Uttar Pradesh,SULTANPUR,2012,Summer,Sunflower,39,31,0.794871795
Uttar Pradesh,SULTANPUR,2012,Summer,Urad,4070,2654,0.652088452
Uttar Pradesh,SULTANPUR,2013,Kharif,Arhar/Tur,5567,3830,0.687982756
Uttar Pradesh,SULTANPUR,2013,Kharif,Bajra,158,150,0.949367089
Uttar Pradesh,SULTANPUR,2013,Kharif,Dry chillies,27,22,0.814814815
Uttar Pradesh,SULTANPUR,2013,Kharif,Groundnut,18,14,0.777777778
Uttar Pradesh,SULTANPUR,2013,Kharif,Guar seed,58,48,0.827586207
Uttar Pradesh,SULTANPUR,2013,Kharif,Jowar,4951,2049,0.413855787
Uttar Pradesh,SULTANPUR,2013,Kharif,Maize,4455,1853,0.415937149
Uttar Pradesh,SULTANPUR,2013,Kharif,Moong(Green Gram),21,6,0.285714286
Uttar Pradesh,SULTANPUR,2013,Kharif,Rice,93449,227735,2.436997721
Uttar Pradesh,SULTANPUR,2013,Kharif,Sannhamp,2,1,0.5
Uttar Pradesh,SULTANPUR,2013,Kharif,Sesamum,542,80,0.147601476
Uttar Pradesh,SULTANPUR,2013,Kharif,Small millets,5,4,0.8
Uttar Pradesh,SULTANPUR,2013,Kharif,Sugarcane,10192,556198,54.57201727
Uttar Pradesh,SULTANPUR,2013,Kharif,Sweet potato,1000,13215,13.215
Uttar Pradesh,SULTANPUR,2013,Kharif,Urad,1608,592,0.368159204
Uttar Pradesh,SULTANPUR,2013,Rabi,Barley,1052,3046,2.895437262
Uttar Pradesh,SULTANPUR,2013,Rabi,Coriander,84,46,0.547619048
Uttar Pradesh,SULTANPUR,2013,Rabi,Garlic,29,170,5.862068966
Uttar Pradesh,SULTANPUR,2013,Rabi,Gram,3898,1467,0.376346845
Uttar Pradesh,SULTANPUR,2013,Rabi,Linseed,54,22,0.407407407
Uttar Pradesh,SULTANPUR,2013,Rabi,Maize,77,274,3.558441558
Uttar Pradesh,SULTANPUR,2013,Rabi,Masoor,6574,2380,0.362032248
Uttar Pradesh,SULTANPUR,2013,Rabi,Onion,172,3498,20.3372093
Uttar Pradesh,SULTANPUR,2013,Rabi,Peas & beans (Pulses),6115,1553,0.253965658
Uttar Pradesh,SULTANPUR,2013,Rabi,Potato,5170,85905,16.61605416
Uttar Pradesh,SULTANPUR,2013,Rabi,Rapeseed &Mustard,2906,1373,0.47247075
Uttar Pradesh,SULTANPUR,2013,Rabi,Wheat,104250,256247,2.458004796
Uttar Pradesh,SULTANPUR,2013,Summer,Maize,454,834,1.837004405
Uttar Pradesh,SULTANPUR,2013,Summer,Moong(Green Gram),676,279,0.412721893
Uttar Pradesh,SULTANPUR,2013,Summer,Onion,438,5186,11.84018265
Uttar Pradesh,SULTANPUR,2013,Summer,Sunflower,13,21,1.615384615
Uttar Pradesh,SULTANPUR,2013,Summer,Urad,4089,1901,0.464905845
Uttar Pradesh,SULTANPUR,2014,Kharif,Arhar/Tur,5565,2685,0.482479784
Uttar Pradesh,SULTANPUR,2014,Kharif,Bajra,168,207,1.232142857
Uttar Pradesh,SULTANPUR,2014,Kharif,Groundnut,23,12,0.52173913
Uttar Pradesh,SULTANPUR,2014,Kharif,Guar seed,59,48,0.813559322
Uttar Pradesh,SULTANPUR,2014,Kharif,Jowar,4857,5246,1.080090591
Uttar Pradesh,SULTANPUR,2014,Kharif,Maize,4271,3105,0.72699602
Uttar Pradesh,SULTANPUR,2014,Kharif,Moong(Green Gram),16,5,0.3125
Uttar Pradesh,SULTANPUR,2014,Kharif,Rice,85103,151568,1.780994795
Uttar Pradesh,SULTANPUR,2014,Kharif,Sesamum,345,94,0.272463768
Uttar Pradesh,SULTANPUR,2014,Kharif,Small millets,7,5,0.714285714
Uttar Pradesh,SULTANPUR,2014,Kharif,Sugarcane,10951,648825,59.24801388
Uttar Pradesh,SULTANPUR,2014,Kharif,Sweet potato,1227,15200,12.38793806
Uttar Pradesh,SULTANPUR,2014,Kharif,Urad,1700,889,0.522941176
Uttar Pradesh,SULTANPUR,2014,Rabi,Barley,1200,2062,1.718333333
Uttar Pradesh,SULTANPUR,2014,Rabi,Coriander,110,53,0.481818182
Uttar Pradesh,SULTANPUR,2014,Rabi,Garlic,44,255,5.795454545
Uttar Pradesh,SULTANPUR,2014,Rabi,Gram,2699,852,0.315672471
Uttar Pradesh,SULTANPUR,2014,Rabi,Linseed,22,12,0.545454545
Uttar Pradesh,SULTANPUR,2014,Rabi,Maize,34,81,2.382352941
Uttar Pradesh,SULTANPUR,2014,Rabi,Masoor,4994,2427,0.48598318
Uttar Pradesh,SULTANPUR,2014,Rabi,Onion,122,1866,15.29508197
Uttar Pradesh,SULTANPUR,2014,Rabi,Peas & beans (Pulses),5972,3870,0.648024113
Uttar Pradesh,SULTANPUR,2014,Rabi,Potato,5340,134066,25.10599251
Uttar Pradesh,SULTANPUR,2014,Rabi,Rapeseed &Mustard,2722,1301,0.477957384
Uttar Pradesh,SULTANPUR,2014,Rabi,Wheat,104295,238836,2.290004315
Uttar Pradesh,SULTANPUR,2014,Summer,Banana,11,496,45.09090909
Uttar Pradesh,SULTANPUR,2014,Summer,Maize,228,405,1.776315789
Uttar Pradesh,SULTANPUR,2014,Summer,Moong(Green Gram),593,278,0.468802698
Uttar Pradesh,SULTANPUR,2014,Summer,Onion,407,3533,8.680589681
Uttar Pradesh,SULTANPUR,2014,Summer,Sunflower,6,10,1.666666667
Uttar Pradesh,SULTANPUR,2014,Summer,Tobacco,3,8,2.666666667
Uttar Pradesh,SULTANPUR,2014,Summer,Urad,3633,2303,0.633911368
Uttar Pradesh,UNNAO,1997,Kharif,Arhar/Tur,10685,5746,0.537763219
Uttar Pradesh,UNNAO,1997,Kharif,Bajra,1098,1211,1.10291439
Uttar Pradesh,UNNAO,1997,Kharif,Groundnut,5209,5318,1.020925322
Uttar Pradesh,UNNAO,1997,Kharif,Jowar,11032,9146,0.829042785
Uttar Pradesh,UNNAO,1997,Kharif,Maize,39323,65866,1.674999364
Uttar Pradesh,UNNAO,1997,Kharif,Moong(Green Gram),2320,478,0.206034483
Uttar Pradesh,UNNAO,1997,Kharif,Moth,5,3,0.6
Uttar Pradesh,UNNAO,1997,Kharif,Oilseeds total,23502,13762,0.585567186
Uttar Pradesh,UNNAO,1997,Kharif,Onion,324,3336,10.2962963
Uttar Pradesh,UNNAO,1997,Kharif,Rice,93169,158595,1.702229282
Uttar Pradesh,UNNAO,1997,Kharif,Sesamum,3206,481,0.150031192
Uttar Pradesh,UNNAO,1997,Kharif,Small millets,25,25,1
Uttar Pradesh,UNNAO,1997,Kharif,Soyabean,28,29,1.035714286
Uttar Pradesh,UNNAO,1997,Kharif,Total foodgrain,378231,699710,1.849954129
Uttar Pradesh,UNNAO,1997,Kharif,Urad,8274,2184,0.263959391
Uttar Pradesh,UNNAO,1997,Rabi,Barley,6360,9948,1.564150943
Uttar Pradesh,UNNAO,1997,Rabi,Gram,7202,5848,0.811996668
Uttar Pradesh,UNNAO,1997,Rabi,Linseed,558,238,0.426523297
Uttar Pradesh,UNNAO,1997,Rabi,Masoor,548,471,0.859489051
Uttar Pradesh,UNNAO,1997,Rabi,Peas & beans (Pulses),1624,1811,1.115147783
Uttar Pradesh,UNNAO,1997,Rabi,Rapeseed &Mustard,14272,7347,0.514784193
Uttar Pradesh,UNNAO,1997,Rabi,Sunflower,229,349,1.524017467
Uttar Pradesh,UNNAO,1997,Rabi,Wheat,193705,436790,2.254923724
Uttar Pradesh,UNNAO,1997,Summer,Maize,330,521,1.578787879
Uttar Pradesh,UNNAO,1997,Summer,Moong(Green Gram),427,181,0.423887588
Uttar Pradesh,UNNAO,1997,Summer,Urad,2104,886,0.421102662
Uttar Pradesh,UNNAO,1997,Whole Year,Potato,5982,84131,14.06402541
Uttar Pradesh,UNNAO,1997,Whole Year,Sugarcane,2361,94477,40.01567133
Uttar Pradesh,UNNAO,1998,Kharif,Arhar/Tur,9117,8475,0.929582099
Uttar Pradesh,UNNAO,1998,Kharif,Bajra,897,451,0.502787068
Uttar Pradesh,UNNAO,1998,Kharif,Groundnut,4071,395,0.097027757
Uttar Pradesh,UNNAO,1998,Kharif,Jowar,10148,8006,0.788923926
Uttar Pradesh,UNNAO,1998,Kharif,Maize,36370,31496,0.865988452
Uttar Pradesh,UNNAO,1998,Kharif,Moong(Green Gram),2057,179,0.087019932
Uttar Pradesh,UNNAO,1998,Kharif,Moth,4,2,0.5
Uttar Pradesh,UNNAO,1998,Kharif,Ragi,2,3,1.5
Uttar Pradesh,UNNAO,1998,Kharif,Rice,96125,141883,1.476026008
Uttar Pradesh,UNNAO,1998,Kharif,Sesamum,2908,574,0.19738652
Uttar Pradesh,UNNAO,1998,Kharif,Small millets,27,13,0.481481481
Uttar Pradesh,UNNAO,1998,Kharif,Soyabean,16,7,0.4375
Uttar Pradesh,UNNAO,1998,Kharif,Urad,7696,908,0.117983368
Uttar Pradesh,UNNAO,1998,Rabi,Barley,5619,9441,1.680192205
Uttar Pradesh,UNNAO,1998,Rabi,Castor seed,1,,
Uttar Pradesh,UNNAO,1998,Rabi,Gram,6430,4823,0.75007776
Uttar Pradesh,UNNAO,1998,Rabi,Linseed,472,179,0.379237288
Uttar Pradesh,UNNAO,1998,Rabi,Masoor,701,579,0.82596291
Uttar Pradesh,UNNAO,1998,Rabi,Peas & beans (Pulses),1652,1744,1.055690073
Uttar Pradesh,UNNAO,1998,Rabi,Rapeseed &Mustard,14526,10476,0.721189591
Uttar Pradesh,UNNAO,1998,Rabi,Sunflower,319,390,1.222570533
Uttar Pradesh,UNNAO,1998,Rabi,Wheat,197635,430859,2.18007438
Uttar Pradesh,UNNAO,1998,Summer,Maize,293,297,1.013651877
Uttar Pradesh,UNNAO,1998,Summer,Moong(Green Gram),394,171,0.434010152
Uttar Pradesh,UNNAO,1998,Summer,Urad,1969,587,0.298120874
Uttar Pradesh,UNNAO,1998,Whole Year,Onion,383,4625,12.07571802
Uttar Pradesh,UNNAO,1998,Whole Year,Potato,6568,140870,21.44792935
Uttar Pradesh,UNNAO,1998,Whole Year,Sannhamp,23,8,0.347826087
Uttar Pradesh,UNNAO,1998,Whole Year,Sugarcane,2205,68140,30.90249433
Uttar Pradesh,UNNAO,1998,Whole Year,Tobacco,4,25,6.25
Uttar Pradesh,UNNAO,1998,Whole Year,Turmeric,8,15,1.875
Uttar Pradesh,UNNAO,1999,Kharif,Arhar/Tur,8971,11568,1.289488351
Uttar Pradesh,UNNAO,1999,Kharif,Bajra,983,1070,1.088504578
Uttar Pradesh,UNNAO,1999,Kharif,Castor seed,1,1,1
Uttar Pradesh,UNNAO,1999,Kharif,Groundnut,2829,3856,1.363025804
Uttar Pradesh,UNNAO,1999,Kharif,Jowar,10117,9346,0.923791638
Uttar Pradesh,UNNAO,1999,Kharif,Maize,37719,48318,1.280998966
Uttar Pradesh,UNNAO,1999,Kharif,Moong(Green Gram),2140,625,0.292056075
Uttar Pradesh,UNNAO,1999,Kharif,Rice,97663,146633,1.501418142
Uttar Pradesh,UNNAO,1999,Kharif,Small millets,24,16,0.666666667
Uttar Pradesh,UNNAO,1999,Kharif,Soyabean,18,14,0.777777778
Uttar Pradesh,UNNAO,1999,Kharif,Sunflower,155,219,1.412903226
Uttar Pradesh,UNNAO,1999,Kharif,Urad,7961,3503,0.440020098
Uttar Pradesh,UNNAO,1999,Rabi,Barley,5271,8532,1.618668184
Uttar Pradesh,UNNAO,1999,Rabi,Gram,6021,5477,0.90964956
Uttar Pradesh,UNNAO,1999,Rabi,Linseed,399,175,0.438596491
Uttar Pradesh,UNNAO,1999,Rabi,Maize,211,306,1.450236967
Uttar Pradesh,UNNAO,1999,Rabi,Ragi,3,5,1.666666667
Uttar Pradesh,UNNAO,1999,Rabi,Rapeseed &Mustard,13770,11537,0.837835875
Uttar Pradesh,UNNAO,1999,Rabi,Wheat,207814,518877,2.496833707
Uttar Pradesh,UNNAO,1999,Summer,Moong(Green Gram),459,339,0.738562092
Uttar Pradesh,UNNAO,1999,Summer,Urad,2605,849,0.325911708
Uttar Pradesh,UNNAO,1999,Whole Year,Moth,8,3,0.375
Uttar Pradesh,UNNAO,1999,Whole Year,Onion,449,6436,14.33407572
Uttar Pradesh,UNNAO,1999,Whole Year,Peas & beans (Pulses),1912,2371,1.240062762
Uttar Pradesh,UNNAO,1999,Whole Year,Potato,7104,129961,18.29405968
Uttar Pradesh,UNNAO,1999,Whole Year,Sugarcane,2104,84011,39.92918251
Uttar Pradesh,UNNAO,1999,Whole Year,Turmeric,13,20,1.538461538
Uttar Pradesh,UNNAO,2000,Kharif,Arhar/Tur,7612,10127,1.330399369
Uttar Pradesh,UNNAO,2000,Kharif,Bajra,874,685,0.78375286
Uttar Pradesh,UNNAO,2000,Kharif,Groundnut,3499,2297,0.656473278
Uttar Pradesh,UNNAO,2000,Kharif,Jowar,7947,9102,1.145337863
Uttar Pradesh,UNNAO,2000,Kharif,Jute,1,1,1
Uttar Pradesh,UNNAO,2000,Kharif,Maize,37359,57047,1.526994834
Uttar Pradesh,UNNAO,2000,Kharif,Moong(Green Gram),1979,350,0.176856998
Uttar Pradesh,UNNAO,2000,Kharif,Moth,30,9,0.3
Uttar Pradesh,UNNAO,2000,Kharif,Rice,93204,105622,1.133234625
Uttar Pradesh,UNNAO,2000,Kharif,Sesamum,4756,622,0.13078217
Uttar Pradesh,UNNAO,2000,Kharif,Small millets,5,5,1
Uttar Pradesh,UNNAO,2000,Kharif,Soyabean,2,1,0.5
Uttar Pradesh,UNNAO,2000,Kharif,Urad,10226,2669,0.261001369
Uttar Pradesh,UNNAO,2000,Rabi,Barley,4249,7222,1.699694046
Uttar Pradesh,UNNAO,2000,Rabi,Gram,4773,4525,0.948041064
Uttar Pradesh,UNNAO,2000,Rabi,Linseed,297,107,0.36026936
Uttar Pradesh,UNNAO,2000,Rabi,Maize,396,642,1.621212121
Uttar Pradesh,UNNAO,2000,Rabi,Masoor,1120,1201,1.072321429
Uttar Pradesh,UNNAO,2000,Rabi,Moong(Green Gram),254,145,0.570866142
Uttar Pradesh,UNNAO,2000,Rabi,Peas & beans (Pulses),1847,1845,0.998917163
Uttar Pradesh,UNNAO,2000,Rabi,Rapeseed &Mustard,10434,10055,0.963676442
Uttar Pradesh,UNNAO,2000,Rabi,Urad,2063,875,0.424139603
Uttar Pradesh,UNNAO,2000,Rabi,Wheat,206256,469647,2.277010123
Uttar Pradesh,UNNAO,2000,Whole Year,Potato,5491,74642,13.59351666
Uttar Pradesh,UNNAO,2000,Whole Year,Sugarcane,1532,57342,37.42950392
Uttar Pradesh,UNNAO,2000,Whole Year,Turmeric,11,19,1.727272727
Uttar Pradesh,UNNAO,2001,Kharif,Arhar/Tur,7627,8675,1.137406582
Uttar Pradesh,UNNAO,2001,Kharif,Bajra,700,580,0.828571429
Uttar Pradesh,UNNAO,2001,Kharif,Groundnut,3511,2475,0.704927371
Uttar Pradesh,UNNAO,2001,Kharif,Jowar,7967,9248,1.160788252
Uttar Pradesh,UNNAO,2001,Kharif,Maize,38887,54403,1.399002237
Uttar Pradesh,UNNAO,2001,Kharif,Moong(Green Gram),2303,764,0.331741207
Uttar Pradesh,UNNAO,2001,Kharif,Moth,12,5,0.416666667
Uttar Pradesh,UNNAO,2001,Kharif,Rice,99276,155812,1.569483057
Uttar Pradesh,UNNAO,2001,Kharif,Sesamum,5437,2789,0.51296671
Uttar Pradesh,UNNAO,2001,Kharif,Small millets,4,3,0.75
Uttar Pradesh,UNNAO,2001,Kharif,Sunflower,20,39,1.95
Uttar Pradesh,UNNAO,2001,Kharif,Urad,12406,4317,0.347976785
Uttar Pradesh,UNNAO,2001,Rabi,Barley,3952,6475,1.638410931
Uttar Pradesh,UNNAO,2001,Rabi,Gram,4708,4418,0.938402719
Uttar Pradesh,UNNAO,2001,Rabi,Linseed,278,117,0.420863309
Uttar Pradesh,UNNAO,2001,Rabi,Maize,505,823,1.62970297
Uttar Pradesh,UNNAO,2001,Rabi,Masoor,1154,796,0.689774697
Uttar Pradesh,UNNAO,2001,Rabi,Peas & beans (Pulses),1738,2040,1.173762946
Uttar Pradesh,UNNAO,2001,Rabi,Rapeseed &Mustard,12769,11826,0.926149268
Uttar Pradesh,UNNAO,2001,Rabi,Urad,2643,1290,0.488081725
Uttar Pradesh,UNNAO,2001,Rabi,Wheat,209993,515813,2.456334259
Uttar Pradesh,UNNAO,2001,Whole Year,Potato,5424,95273,17.56508112
Uttar Pradesh,UNNAO,2001,Whole Year,Sugarcane,1402,67607,48.22182596
Uttar Pradesh,UNNAO,2001,Whole Year,Turmeric,7,13,1.857142857
Uttar Pradesh,UNNAO,2002,Kharif,Bajra,1089,794,0.729109275
Uttar Pradesh,UNNAO,2002,Kharif,Groundnut,2160,2644,1.224074074
Uttar Pradesh,UNNAO,2002,Kharif,Jowar,6592,6963,1.05628034
Uttar Pradesh,UNNAO,2002,Kharif,Maize,29735,24383,0.820010089
Uttar Pradesh,UNNAO,2002,Kharif,Moong(Green Gram),2232,529,0.237007168
Uttar Pradesh,UNNAO,2002,Kharif,Rice,59042,84666,1.433996138
Uttar Pradesh,UNNAO,2002,Kharif,Sesamum,3704,670,0.180885529
Uttar Pradesh,UNNAO,2002,Kharif,Small millets,11,14,1.272727273
Uttar Pradesh,UNNAO,2002,Kharif,Sunflower,51,73,1.431372549
Uttar Pradesh,UNNAO,2002,Kharif,Urad,12089,5162,0.426999752
Uttar Pradesh,UNNAO,2002,Rabi,Barley,3784,6572,1.736786469
Uttar Pradesh,UNNAO,2002,Rabi,Gram,5120,4690,0.916015625
Uttar Pradesh,UNNAO,2002,Rabi,Linseed,183,79,0.431693989
Uttar Pradesh,UNNAO,2002,Rabi,Maize,395,437,1.106329114
Uttar Pradesh,UNNAO,2002,Rabi,Masoor,1104,884,0.800724638
Uttar Pradesh,UNNAO,2002,Rabi,Onion,216,2229,10.31944444
Uttar Pradesh,UNNAO,2002,Rabi,Peas & beans (Pulses),1694,1782,1.051948052
Uttar Pradesh,UNNAO,2002,Rabi,Ragi,8,12,1.5
Uttar Pradesh,UNNAO,2002,Rabi,Rapeseed &Mustard,12392,8622,0.695771465
Uttar Pradesh,UNNAO,2002,Rabi,Wheat,213721,538964,2.521811146
Uttar Pradesh,UNNAO,2002,Summer,Moong(Green Gram),229,134,0.585152838
Uttar Pradesh,UNNAO,2002,Summer,Onion,248,2772,11.17741935
Uttar Pradesh,UNNAO,2002,Summer,Urad,2827,1170,0.413866289
Uttar Pradesh,UNNAO,2002,Whole Year,Potato,6836,130458,19.08396723
Uttar Pradesh,UNNAO,2002,Whole Year,Sannhamp,4,1,0.25
Uttar Pradesh,UNNAO,2002,Whole Year,Sugarcane,1346,81767,60.74814264
Uttar Pradesh,UNNAO,2002,Whole Year,Tobacco,1,6,6
Uttar Pradesh,UNNAO,2002,Whole Year,Turmeric,1,2,2
Uttar Pradesh,UNNAO,2003,Kharif,Arhar/Tur,5081,4194,0.825428065
Uttar Pradesh,UNNAO,2003,Kharif,Bajra,1547,1230,0.795087266
Uttar Pradesh,UNNAO,2003,Kharif,Groundnut,2310,536,0.232034632
Uttar Pradesh,UNNAO,2003,Kharif,Jowar,7658,7488,0.977800992
Uttar Pradesh,UNNAO,2003,Kharif,Maize,38843,55507,1.429009088
Uttar Pradesh,UNNAO,2003,Kharif,Moong(Green Gram),2828,1168,0.41301273
Uttar Pradesh,UNNAO,2003,Kharif,Rice,87407,169705,1.941549304
Uttar Pradesh,UNNAO,2003,Kharif,Sesamum,4228,626,0.148060549
Uttar Pradesh,UNNAO,2003,Kharif,Sunflower,221,369,1.669683258
Uttar Pradesh,UNNAO,2003,Kharif,Urad,16125,5337,0.330976744
Uttar Pradesh,UNNAO,2003,Rabi,Barley,3499,6518,1.862817948
Uttar Pradesh,UNNAO,2003,Rabi,Gram,4996,4332,0.867093675
Uttar Pradesh,UNNAO,2003,Rabi,Linseed,212,104,0.490566038
Uttar Pradesh,UNNAO,2003,Rabi,Masoor,1417,1137,0.802399435
Uttar Pradesh,UNNAO,2003,Rabi,Onion,193,2770,14.35233161
Uttar Pradesh,UNNAO,2003,Rabi,Peas & beans (Pulses),1578,1545,0.979087452
Uttar Pradesh,UNNAO,2003,Rabi,Rapeseed &Mustard,12698,8692,0.684517247
Uttar Pradesh,UNNAO,2003,Rabi,Wheat,218556,565367,2.586829005
Uttar Pradesh,UNNAO,2003,Summer,Maize,411,562,1.367396594
Uttar Pradesh,UNNAO,2003,Summer,Moong(Green Gram),233,141,0.605150215
Uttar Pradesh,UNNAO,2003,Summer,Onion,255,2597,10.18431373
Uttar Pradesh,UNNAO,2003,Summer,Rice,1,2,2
Uttar Pradesh,UNNAO,2003,Summer,Urad,2513,1108,0.440907282
Uttar Pradesh,UNNAO,2003,Whole Year,Potato,6710,112614,16.78301043
Uttar Pradesh,UNNAO,2003,Whole Year,Sannhamp,7,2,0.285714286
Uttar Pradesh,UNNAO,2003,Whole Year,Sugarcane,1254,49545,39.50956938
Uttar Pradesh,UNNAO,2003,Whole Year,Tobacco,3,22,7.333333333
Uttar Pradesh,UNNAO,2003,Whole Year,Turmeric,3,5,1.666666667
Uttar Pradesh,UNNAO,2004,Kharif,Bajra,1665,1746,1.048648649
Uttar Pradesh,UNNAO,2004,Kharif,Groundnut,2173,2264,1.041877589
Uttar Pradesh,UNNAO,2004,Kharif,Jowar,6666,7158,1.073807381
Uttar Pradesh,UNNAO,2004,Kharif,Maize,40062,61175,1.527008137
Uttar Pradesh,UNNAO,2004,Kharif,Rice,94154,164546,1.747626229
Uttar Pradesh,UNNAO,2004,Kharif,Sannhamp,13,4,0.307692308
Uttar Pradesh,UNNAO,2004,Kharif,Sesamum,5600,920,0.164285714
Uttar Pradesh,UNNAO,2004,Kharif,Small millets,13,5,0.384615385
Uttar Pradesh,UNNAO,2004,Kharif,Soyabean,2,1,0.5
Uttar Pradesh,UNNAO,2004,Kharif,Sugarcane,1142,66133,57.90980736
Uttar Pradesh,UNNAO,2004,Rabi,Barley,3065,4885,1.593800979
Uttar Pradesh,UNNAO,2004,Rabi,Gram,4826,4154,0.860754248
Uttar Pradesh,UNNAO,2004,Rabi,Linseed,173,80,0.462427746
Uttar Pradesh,UNNAO,2004,Rabi,Potato,6559,109161,16.64293337
Uttar Pradesh,UNNAO,2004,Rabi,Rapeseed &Mustard,13729,10426,0.759414378
Uttar Pradesh,UNNAO,2004,Rabi,Turmeric,6,10,1.666666667
Uttar Pradesh,UNNAO,2004,Rabi,Wheat,223707,542488,2.424993407
Uttar Pradesh,UNNAO,2004,Summer,Sunflower,566,1112,1.964664311
Uttar Pradesh,UNNAO,2004,Whole Year,Banana,1,36,36
Uttar Pradesh,UNNAO,2004,Whole Year,Dry chillies,752,706,0.938829787
Uttar Pradesh,UNNAO,2004,Whole Year,Garlic,170,736,4.329411765
Uttar Pradesh,UNNAO,2004,Whole Year,Onion,415,4757,11.4626506
Uttar Pradesh,UNNAO,2004,Whole Year,Sweet potato,807,9379,11.622057
Uttar Pradesh,UNNAO,2005,Kharif,Bajra,1803,1455,0.806988353
Uttar Pradesh,UNNAO,2005,Kharif,Jowar,5071,5822,1.148097022
Uttar Pradesh,UNNAO,2005,Kharif,Maize,32310,31115,0.963014547
Uttar Pradesh,UNNAO,2005,Kharif,Rice,87407,150078,1.717002071
Uttar Pradesh,UNNAO,2005,Kharif,Sannhamp,8,3,0.375
Uttar Pradesh,UNNAO,2005,Kharif,Sesamum,4787,754,0.157509923
Uttar Pradesh,UNNAO,2005,Kharif,Small millets,8,6,0.75
Uttar Pradesh,UNNAO,2005,Kharif,Sugarcane,779,42820,54.96790757
Uttar Pradesh,UNNAO,2005,Rabi,Barley,3500,5498,1.570857143
Uttar Pradesh,UNNAO,2005,Rabi,Gram,4997,5704,1.141484891
Uttar Pradesh,UNNAO,2005,Rabi,Linseed,193,80,0.414507772
Uttar Pradesh,UNNAO,2005,Rabi,Potato,6574,135740,20.6480073
Uttar Pradesh,UNNAO,2005,Rabi,Rapeseed &Mustard,13534,12911,0.953967785
Uttar Pradesh,UNNAO,2005,Rabi,Turmeric,2,9,4.5
Uttar Pradesh,UNNAO,2005,Rabi,Wheat,218555,520358,2.380901832
Uttar Pradesh,UNNAO,2005,Summer,Sunflower,86,104,1.209302326
Uttar Pradesh,UNNAO,2005,Whole Year,Coriander,64,36,0.5625
Uttar Pradesh,UNNAO,2005,Whole Year,Dry chillies,502,550,1.09561753
Uttar Pradesh,UNNAO,2005,Whole Year,Garlic,91,397,4.362637363
Uttar Pradesh,UNNAO,2005,Whole Year,Guar seed,51,41,0.803921569
Uttar Pradesh,UNNAO,2005,Whole Year,Onion,327,4196,12.83180428
Uttar Pradesh,UNNAO,2005,Whole Year,Sweet potato,658,8607,13.08054711
Uttar Pradesh,UNNAO,2005,Whole Year,Tobacco,3,19,6.333333333
Uttar Pradesh,UNNAO,2006,Kharif,Arhar/Tur,4995,4461,0.893093093
Uttar Pradesh,UNNAO,2006,Kharif,Bajra,2048,3008,1.46875
Uttar Pradesh,UNNAO,2006,Kharif,Dry ginger,1,3,3
Uttar Pradesh,UNNAO,2006,Kharif,Groundnut,887,790,0.890642616
Uttar Pradesh,UNNAO,2006,Kharif,Jowar,5940,6611,1.112962963
Uttar Pradesh,UNNAO,2006,Kharif,Maize,41565,39113,0.94100806
Uttar Pradesh,UNNAO,2006,Kharif,Other Kharif pulses,23542,12364,0.525189024
Uttar Pradesh,UNNAO,2006,Kharif,Rice,89698,129883,1.4480033
Uttar Pradesh,UNNAO,2006,Kharif,Sannhamp,9,2,0.222222222
Uttar Pradesh,UNNAO,2006,Kharif,Sesamum,3685,1415,0.383989145
Uttar Pradesh,UNNAO,2006,Kharif,Small millets,14,8,0.571428571
Uttar Pradesh,UNNAO,2006,Kharif,Soyabean,2,2,1
Uttar Pradesh,UNNAO,2006,Kharif,Sugarcane,4606,262763,57.04798089
Uttar Pradesh,UNNAO,2006,Kharif,Sweet potato,610,8326,13.64918033
Uttar Pradesh,UNNAO,2006,Rabi,Barley,2006,3332,1.661016949
Uttar Pradesh,UNNAO,2006,Rabi,Garlic,67,295,4.402985075
Uttar Pradesh,UNNAO,2006,Rabi,Gram,4822,3778,0.783492327
Uttar Pradesh,UNNAO,2006,Rabi,Linseed,145,51,0.351724138
Uttar Pradesh,UNNAO,2006,Rabi,Masoor,1096,802,0.731751825
Uttar Pradesh,UNNAO,2006,Rabi,Onion,269,5160,19.18215613
Uttar Pradesh,UNNAO,2006,Rabi,Other  Rabi pulses,1556,1505,0.96722365
Uttar Pradesh,UNNAO,2006,Rabi,Potato,7053,151703,21.50900326
Uttar Pradesh,UNNAO,2006,Rabi,Rapeseed &Mustard,12779,8926,0.69848971
Uttar Pradesh,UNNAO,2006,Rabi,Turmeric,13,44,3.384615385
Uttar Pradesh,UNNAO,2006,Rabi,Wheat,222960,638307,2.862876749
Uttar Pradesh,UNNAO,2006,Summer,Maize,518,687,1.326254826
Uttar Pradesh,UNNAO,2006,Summer,Onion,102,1188,11.64705882
Uttar Pradesh,UNNAO,2006,Summer,Sunflower,341,517,1.516129032
Uttar Pradesh,UNNAO,2006,Whole Year,Banana,1,39,39
Uttar Pradesh,UNNAO,2006,Whole Year,Coriander,85,44,0.517647059
Uttar Pradesh,UNNAO,2006,Whole Year,Dry chillies,592,562,0.949324324
Uttar Pradesh,UNNAO,2006,Whole Year,Guar seed,55,46,0.836363636
Uttar Pradesh,UNNAO,2007,Kharif,Arhar/Tur,3692,5023,1.360509209
Uttar Pradesh,UNNAO,2007,Kharif,Bajra,411,1232,2.99756691
Uttar Pradesh,UNNAO,2007,Kharif,Dry chillies,654,630,0.963302752
Uttar Pradesh,UNNAO,2007,Kharif,Groundnut,5522,5080,0.919956537
Uttar Pradesh,UNNAO,2007,Kharif,Guar seed,61,51,0.836065574
Uttar Pradesh,UNNAO,2007,Kharif,Jowar,5841,6842,1.171374765
Uttar Pradesh,UNNAO,2007,Kharif,Maize,38383,46827,1.219993226
Uttar Pradesh,UNNAO,2007,Kharif,Moong(Green Gram),3261,649,0.199018706
Uttar Pradesh,UNNAO,2007,Kharif,Rice,90658,171525,1.892000706
Uttar Pradesh,UNNAO,2007,Kharif,Sannhamp,3,1,0.333333333
Uttar Pradesh,UNNAO,2007,Kharif,Sesamum,3852,1587,0.411993769
Uttar Pradesh,UNNAO,2007,Kharif,Sugarcane,1436,74882,52.14623955
Uttar Pradesh,UNNAO,2007,Kharif,Sweet potato,539,7257,13.46382189
Uttar Pradesh,UNNAO,2007,Kharif,Urad,19305,10521,0.544988345
Uttar Pradesh,UNNAO,2007,Rabi,Barley,2157,4029,1.867872045
Uttar Pradesh,UNNAO,2007,Rabi,Coriander,99,57,0.575757576
Uttar Pradesh,UNNAO,2007,Rabi,Gram,3642,3594,0.986820428
Uttar Pradesh,UNNAO,2007,Rabi,Linseed,130,33,0.253846154
Uttar Pradesh,UNNAO,2007,Rabi,Masoor,1054,865,0.820683112
Uttar Pradesh,UNNAO,2007,Rabi,Onion,219,3060,13.97260274
Uttar Pradesh,UNNAO,2007,Rabi,Other  Rabi pulses,1059,993,0.937677054
Uttar Pradesh,UNNAO,2007,Rabi,Potato,7287,153442,21.05695073
Uttar Pradesh,UNNAO,2007,Rabi,Rapeseed &Mustard,13698,12775,0.9326179
Uttar Pradesh,UNNAO,2007,Rabi,Turmeric,7,22,3.142857143
Uttar Pradesh,UNNAO,2007,Rabi,Wheat,226162,599103,2.64899939
Uttar Pradesh,UNNAO,2007,Summer,Maize,193,278,1.440414508
Uttar Pradesh,UNNAO,2007,Summer,Moong(Green Gram),141,77,0.546099291
Uttar Pradesh,UNNAO,2007,Summer,Onion,90,716,7.955555556
Uttar Pradesh,UNNAO,2007,Summer,Sunflower,350,986,2.817142857
Uttar Pradesh,UNNAO,2007,Summer,Urad,3213,2098,0.6529723
Uttar Pradesh,UNNAO,2008,Kharif,Arhar/Tur,3067,5433,1.771437887
Uttar Pradesh,UNNAO,2008,Kharif,Bajra,1422,1493,1.049929677
Uttar Pradesh,UNNAO,2008,Kharif,Dry chillies,608,606,0.996710526
Uttar Pradesh,UNNAO,2008,Kharif,Groundnut,2766,2290,0.82791034
Uttar Pradesh,UNNAO,2008,Kharif,Guar seed,59,50,0.847457627
Uttar Pradesh,UNNAO,2008,Kharif,Jowar,4715,5658,1.2
Uttar Pradesh,UNNAO,2008,Kharif,Maize,31978,40132,1.254987804
Uttar Pradesh,UNNAO,2008,Kharif,Moong(Green Gram),5200,1924,0.37
Uttar Pradesh,UNNAO,2008,Kharif,Rice,91689,193922,2.114997437
Uttar Pradesh,UNNAO,2008,Kharif,Sannhamp,479,153,0.319415449
Uttar Pradesh,UNNAO,2008,Kharif,Sesamum,5906,2469,0.418049441
Uttar Pradesh,UNNAO,2008,Kharif,Small millets,3,2,0.666666667
Uttar Pradesh,UNNAO,2008,Kharif,Sugarcane,1434,68275,47.61157601
Uttar Pradesh,UNNAO,2008,Kharif,Sweet potato,667,8192,12.28185907
Uttar Pradesh,UNNAO,2008,Kharif,Urad,19568,10469,0.535006132
Uttar Pradesh,UNNAO,2008,Rabi,Barley,2494,4718,1.891740176
Uttar Pradesh,UNNAO,2008,Rabi,Coriander,142,85,0.598591549
Uttar Pradesh,UNNAO,2008,Rabi,Garlic,179,1054,5.888268156
Uttar Pradesh,UNNAO,2008,Rabi,Gram,4055,4656,1.148212084
Uttar Pradesh,UNNAO,2008,Rabi,Linseed,78,35,0.448717949
Uttar Pradesh,UNNAO,2008,Rabi,Masoor,979,813,0.830439224
Uttar Pradesh,UNNAO,2008,Rabi,Onion,203,2380,11.72413793
Uttar Pradesh,UNNAO,2008,Rabi,Peas & beans (Pulses),952,1149,1.206932773
Uttar Pradesh,UNNAO,2008,Rabi,Potato,8077,163341,20.22297883
Uttar Pradesh,UNNAO,2008,Rabi,Rapeseed &Mustard,15934,14904,0.935358353
Uttar Pradesh,UNNAO,2008,Rabi,Wheat,232176,686542,2.956989525
Uttar Pradesh,UNNAO,2008,Summer,Maize,300,449,1.496666667
Uttar Pradesh,UNNAO,2008,Summer,Moong(Green Gram),187,104,0.556149733
Uttar Pradesh,UNNAO,2008,Summer,Sunflower,162,323,1.99382716
Uttar Pradesh,UNNAO,2008,Summer,Urad,3322,2545,0.766104756
Uttar Pradesh,UNNAO,2009,Kharif,Arhar/Tur,2561,1114,0.434986333
Uttar Pradesh,UNNAO,2009,Kharif,Bajra,1053,858,0.814814815
Uttar Pradesh,UNNAO,2009,Kharif,Dry chillies,317,279,0.880126183
Uttar Pradesh,UNNAO,2009,Kharif,Groundnut,2713,2279,0.840029488
Uttar Pradesh,UNNAO,2009,Kharif,Guar seed,10,8,0.8
Uttar Pradesh,UNNAO,2009,Kharif,Jowar,3551,3435,0.967333146
Uttar Pradesh,UNNAO,2009,Kharif,Maize,22779,31617,1.387988937
Uttar Pradesh,UNNAO,2009,Kharif,Moong(Green Gram),3448,511,0.148201856
Uttar Pradesh,UNNAO,2009,Kharif,Rice,56056,100452,1.791993721
Uttar Pradesh,UNNAO,2009,Kharif,Sesamum,8210,1199,0.146041413
Uttar Pradesh,UNNAO,2009,Kharif,Small millets,2,2,1
Uttar Pradesh,UNNAO,2009,Kharif,Sugarcane,688,39336,57.1744186
Uttar Pradesh,UNNAO,2009,Kharif,Sweet potato,317,4311,13.59936909
Uttar Pradesh,UNNAO,2009,Kharif,Urad,18967,10299,0.542995729
Uttar Pradesh,UNNAO,2009,Rabi,Barley,1590,2204,1.386163522
Uttar Pradesh,UNNAO,2009,Rabi,Coriander,181,102,0.563535912
Uttar Pradesh,UNNAO,2009,Rabi,Garlic,258,1371,5.313953488
Uttar Pradesh,UNNAO,2009,Rabi,Gram,4307,3772,0.875783608
Uttar Pradesh,UNNAO,2009,Rabi,Linseed,143,63,0.440559441
Uttar Pradesh,UNNAO,2009,Rabi,Masoor,1073,878,0.818266542
Uttar Pradesh,UNNAO,2009,Rabi,Onion,164,2124,12.95121951
Uttar Pradesh,UNNAO,2009,Rabi,Peas & beans (Pulses),991,1272,1.283551968
Uttar Pradesh,UNNAO,2009,Rabi,Potato,8173,204472,25.01798605
Uttar Pradesh,UNNAO,2009,Rabi,Rapeseed &Mustard,14466,15051,1.040439652
Uttar Pradesh,UNNAO,2009,Rabi,Turmeric,6,20,3.333333333
Uttar Pradesh,UNNAO,2009,Rabi,Wheat,236773,653471,2.759905057
Uttar Pradesh,UNNAO,2009,Summer,Maize,214,311,1.453271028
Uttar Pradesh,UNNAO,2009,Summer,Moong(Green Gram),210,109,0.519047619
Uttar Pradesh,UNNAO,2009,Summer,Onion,378,3802,10.05820106
Uttar Pradesh,UNNAO,2009,Summer,Sunflower,136,312,2.294117647
Uttar Pradesh,UNNAO,2009,Summer,Urad,3280,2450,0.74695122
Uttar Pradesh,UNNAO,2010,Kharif,Arhar/Tur,3354,3155,0.940667859
Uttar Pradesh,UNNAO,2010,Kharif,Bajra,1841,2159,1.172732211
Uttar Pradesh,UNNAO,2010,Kharif,Dry chillies,555,485,0.873873874
Uttar Pradesh,UNNAO,2010,Kharif,Groundnut,2850,1257,0.441052632
Uttar Pradesh,UNNAO,2010,Kharif,Guar seed,30,25,0.833333333
Uttar Pradesh,UNNAO,2010,Kharif,Jowar,4538,4088,0.900837373
Uttar Pradesh,UNNAO,2010,Kharif,Maize,28135,22086,0.785000889
Uttar Pradesh,UNNAO,2010,Kharif,Moong(Green Gram),4327,2034,0.470071643
Uttar Pradesh,UNNAO,2010,Kharif,Rice,81000,138186,1.706
Uttar Pradesh,UNNAO,2010,Kharif,Sannhamp,4,1,0.25
Uttar Pradesh,UNNAO,2010,Kharif,Sesamum,11746,623,0.053039333
Uttar Pradesh,UNNAO,2010,Kharif,Small millets,1,1,1
Uttar Pradesh,UNNAO,2010,Kharif,Sugarcane,1030,55619,53.99902913
Uttar Pradesh,UNNAO,2010,Kharif,Sweet potato,452,5566,12.31415929
Uttar Pradesh,UNNAO,2010,Kharif,Urad,23732,11605,0.489002191
Uttar Pradesh,UNNAO,2010,Rabi,Barley,1484,2903,1.956199461
Uttar Pradesh,UNNAO,2010,Rabi,Gram,3589,2131,0.593758707
Uttar Pradesh,UNNAO,2010,Rabi,Linseed,81,37,0.456790123
Uttar Pradesh,UNNAO,2010,Rabi,Maize,1,3,3
Uttar Pradesh,UNNAO,2010,Rabi,Masoor,687,595,0.866084425
Uttar Pradesh,UNNAO,2010,Rabi,Onion,199,3663,18.40703518
Uttar Pradesh,UNNAO,2010,Rabi,Peas & beans (Pulses),714,851,1.191876751
Uttar Pradesh,UNNAO,2010,Rabi,Potato,9049,210199,23.22897558
Uttar Pradesh,UNNAO,2010,Rabi,Rapeseed &Mustard,13430,12064,0.898287416
Uttar Pradesh,UNNAO,2010,Rabi,Turmeric,1,3,3
Uttar Pradesh,UNNAO,2010,Rabi,Wheat,239040,708754,2.965001673
Uttar Pradesh,UNNAO,2010,Summer,Maize,1285,1884,1.46614786
Uttar Pradesh,UNNAO,2010,Summer,Moong(Green Gram),271,124,0.457564576
Uttar Pradesh,UNNAO,2010,Summer,Rice,11,19,1.727272727
Uttar Pradesh,UNNAO,2010,Summer,Sunflower,89,188,2.112359551
Uttar Pradesh,UNNAO,2010,Summer,Urad,3436,1979,0.575960419
Uttar Pradesh,UNNAO,2011,Kharif,Arhar/Tur,2851,3202,1.123114697
Uttar Pradesh,UNNAO,2011,Kharif,Bajra,1827,1981,1.084291188
Uttar Pradesh,UNNAO,2011,Kharif,Dry chillies,545,452,0.829357798
Uttar Pradesh,UNNAO,2011,Kharif,Groundnut,2587,1563,0.60417472
Uttar Pradesh,UNNAO,2011,Kharif,Guar seed,66,54,0.818181818
Uttar Pradesh,UNNAO,2011,Kharif,Jowar,4954,4061,0.819741623
Uttar Pradesh,UNNAO,2011,Kharif,Maize,30832,31541,1.022995589
Uttar Pradesh,UNNAO,2011,Kharif,Moong(Green Gram),4392,1862,0.423952641
Uttar Pradesh,UNNAO,2011,Kharif,Rice,96881,173708,1.793003788
Uttar Pradesh,UNNAO,2011,Kharif,Sannhamp,1,,
Uttar Pradesh,UNNAO,2011,Kharif,Sesamum,11750,811,0.069021277
Uttar Pradesh,UNNAO,2011,Kharif,Sugarcane,1155,68969,59.71341991
Uttar Pradesh,UNNAO,2011,Kharif,Sweet potato,517,6718,12.99419729
Uttar Pradesh,UNNAO,2011,Kharif,Urad,25801,12849,0.498003953
Uttar Pradesh,UNNAO,2011,Rabi,Barley,1311,3033,2.313501144
Uttar Pradesh,UNNAO,2011,Rabi,Coriander,159,88,0.553459119
Uttar Pradesh,UNNAO,2011,Rabi,Garlic,319,1649,5.169278997
Uttar Pradesh,UNNAO,2011,Rabi,Gram,3069,4788,1.560117302
Uttar Pradesh,UNNAO,2011,Rabi,Linseed,61,27,0.442622951
Uttar Pradesh,UNNAO,2011,Rabi,Maize,9,21,2.333333333
Uttar Pradesh,UNNAO,2011,Rabi,Masoor,782,653,0.835038363
Uttar Pradesh,UNNAO,2011,Rabi,Onion,218,4987,22.87614679
Uttar Pradesh,UNNAO,2011,Rabi,Peas & beans (Pulses),664,719,1.082831325
Uttar Pradesh,UNNAO,2011,Rabi,Potato,8520,163635,19.20598592
Uttar Pradesh,UNNAO,2011,Rabi,Rapeseed &Mustard,14459,13862,0.958710838
Uttar Pradesh,UNNAO,2011,Rabi,Turmeric,19,53,2.789473684
Uttar Pradesh,UNNAO,2011,Rabi,Wheat,240711,718277,2.98398079
Uttar Pradesh,UNNAO,2011,Summer,Maize,1322,2185,1.65279879
Uttar Pradesh,UNNAO,2011,Summer,Moong(Green Gram),193,100,0.518134715
Uttar Pradesh,UNNAO,2011,Summer,Onion,205,2338,11.40487805
Uttar Pradesh,UNNAO,2011,Summer,Sunflower,43,74,1.720930233
Uttar Pradesh,UNNAO,2011,Summer,Urad,3070,1495,0.486970684
Uttar Pradesh,UNNAO,2012,Kharif,Arhar/Tur,2427,1985,0.817882159
Uttar Pradesh,UNNAO,2012,Kharif,Bajra,814,699,0.858722359
Uttar Pradesh,UNNAO,2012,Kharif,Dry chillies,300,241,0.803333333
Uttar Pradesh,UNNAO,2012,Kharif,Groundnut,2703,1619,0.598964114
Uttar Pradesh,UNNAO,2012,Kharif,Guar seed,44,36,0.818181818
Uttar Pradesh,UNNAO,2012,Kharif,Jowar,3625,5050,1.393103448
Uttar Pradesh,UNNAO,2012,Kharif,Maize,28266,33354,1.180004245
Uttar Pradesh,UNNAO,2012,Kharif,Moong(Green Gram),4528,2296,0.507067138
Uttar Pradesh,UNNAO,2012,Kharif,Rice,98269,192804,1.962002259
Uttar Pradesh,UNNAO,2012,Kharif,Sannhamp,2,1,0.5
Uttar Pradesh,UNNAO,2012,Kharif,Sesamum,11796,1085,0.091980332
Uttar Pradesh,UNNAO,2012,Kharif,Sugarcane,942,57771,61.32802548
Uttar Pradesh,UNNAO,2012,Kharif,Sweet potato,494,6396,12.94736842
Uttar Pradesh,UNNAO,2012,Kharif,Urad,26085,13173,0.505002875
Uttar Pradesh,UNNAO,2012,Rabi,Barley,1231,2485,2.018683997
Uttar Pradesh,UNNAO,2012,Rabi,Coriander,108,58,0.537037037
Uttar Pradesh,UNNAO,2012,Rabi,Garlic,287,1491,5.195121951
Uttar Pradesh,UNNAO,2012,Rabi,Gram,3073,3638,1.183859421
Uttar Pradesh,UNNAO,2012,Rabi,Linseed,26,12,0.461538462
Uttar Pradesh,UNNAO,2012,Rabi,Maize,2,6,3
Uttar Pradesh,UNNAO,2012,Rabi,Masoor,692,571,0.825144509
Uttar Pradesh,UNNAO,2012,Rabi,Onion,215,4946,23.00465116
Uttar Pradesh,UNNAO,2012,Rabi,Peas & beans (Pulses),683,537,0.786237189
Uttar Pradesh,UNNAO,2012,Rabi,Potato,7848,159424,20.31396534
Uttar Pradesh,UNNAO,2012,Rabi,Rapeseed &Mustard,12989,13830,1.064747094
Uttar Pradesh,UNNAO,2012,Rabi,Tobacco,2,11,5.5
Uttar Pradesh,UNNAO,2012,Rabi,Turmeric,19,54,2.842105263
Uttar Pradesh,UNNAO,2012,Rabi,Wheat,240113,686003,2.857000662
Uttar Pradesh,UNNAO,2012,Summer,Maize,252,466,1.849206349
Uttar Pradesh,UNNAO,2012,Summer,Moong(Green Gram),209,67,0.320574163
Uttar Pradesh,UNNAO,2012,Summer,Onion,275,3124,11.36
Uttar Pradesh,UNNAO,2012,Summer,Rice,11,22,2
Uttar Pradesh,UNNAO,2012,Summer,Sunflower,124,96,0.774193548
Uttar Pradesh,UNNAO,2012,Summer,Tobacco,1,3,3
Uttar Pradesh,UNNAO,2012,Summer,Urad,2702,2126,0.786824574
Uttar Pradesh,UNNAO,2013,Kharif,Arhar/Tur,2020,1459,0.722277228
Uttar Pradesh,UNNAO,2013,Kharif,Bajra,962,773,0.803534304
Uttar Pradesh,UNNAO,2013,Kharif,Dry chillies,570,461,0.80877193
Uttar Pradesh,UNNAO,2013,Kharif,Groundnut,2732,2311,0.845900439
Uttar Pradesh,UNNAO,2013,Kharif,Guar seed,17,14,0.823529412
Uttar Pradesh,UNNAO,2013,Kharif,Jowar,3801,2674,0.703499079
Uttar Pradesh,UNNAO,2013,Kharif,Maize,27678,43150,1.558999928
Uttar Pradesh,UNNAO,2013,Kharif,Moong(Green Gram),4030,1294,0.321091811
Uttar Pradesh,UNNAO,2013,Kharif,Rice,102455,218229,2.129998536
Uttar Pradesh,UNNAO,2013,Kharif,Sesamum,11764,1506,0.128017681
Uttar Pradesh,UNNAO,2013,Kharif,Sugarcane,927,58129,62.70658037
Uttar Pradesh,UNNAO,2013,Kharif,Sweet potato,482,6370,13.21576763
Uttar Pradesh,UNNAO,2013,Kharif,Urad,25481,14091,0.553000275
Uttar Pradesh,UNNAO,2013,Rabi,Barley,1191,2992,2.512174643
Uttar Pradesh,UNNAO,2013,Rabi,Coriander,105,57,0.542857143
Uttar Pradesh,UNNAO,2013,Rabi,Garlic,147,861,5.857142857
Uttar Pradesh,UNNAO,2013,Rabi,Gram,3039,1442,0.47449819
Uttar Pradesh,UNNAO,2013,Rabi,Linseed,94,38,0.404255319
Uttar Pradesh,UNNAO,2013,Rabi,Maize,256,910,3.5546875
Uttar Pradesh,UNNAO,2013,Rabi,Masoor,554,390,0.703971119
Uttar Pradesh,UNNAO,2013,Rabi,Onion,199,4047,20.33668342
Uttar Pradesh,UNNAO,2013,Rabi,Peas & beans (Pulses),660,624,0.945454545
Uttar Pradesh,UNNAO,2013,Rabi,Potato,9662,175037,18.11602153
Uttar Pradesh,UNNAO,2013,Rabi,Rapeseed &Mustard,15792,12800,0.810536981
Uttar Pradesh,UNNAO,2013,Rabi,Tobacco,4,22,5.5
Uttar Pradesh,UNNAO,2013,Rabi,Turmeric,17,49,2.882352941
Uttar Pradesh,UNNAO,2013,Rabi,Wheat,241717,736753,3.047998279
Uttar Pradesh,UNNAO,2013,Summer,Banana,17,740,43.52941176
Uttar Pradesh,UNNAO,2013,Summer,Maize,851,1563,1.83666275
Uttar Pradesh,UNNAO,2013,Summer,Moong(Green Gram),242,126,0.520661157
Uttar Pradesh,UNNAO,2013,Summer,Onion,280,3768,13.45714286
Uttar Pradesh,UNNAO,2013,Summer,Sunflower,86,138,1.604651163
Uttar Pradesh,UNNAO,2013,Summer,Tobacco,1,3,3
Uttar Pradesh,UNNAO,2013,Summer,Urad,2582,1410,0.546088304
Uttar Pradesh,UNNAO,2014,Kharif,Arhar/Tur,2164,968,0.447319778
Uttar Pradesh,UNNAO,2014,Kharif,Bajra,1124,1245,1.107651246
Uttar Pradesh,UNNAO,2014,Kharif,Dry chillies,460,379,0.823913043
Uttar Pradesh,UNNAO,2014,Kharif,Groundnut,1945,1731,0.889974293
Uttar Pradesh,UNNAO,2014,Kharif,Guar seed,33,27,0.818181818
Uttar Pradesh,UNNAO,2014,Kharif,Jowar,3041,1514,0.497862545
Uttar Pradesh,UNNAO,2014,Kharif,Maize,23550,33182,1.409002123
Uttar Pradesh,UNNAO,2014,Kharif,Moong(Green Gram),3732,1194,0.319935691
Uttar Pradesh,UNNAO,2014,Kharif,Rice,96435,161818,1.678000726
Uttar Pradesh,UNNAO,2014,Kharif,Sesamum,12031,1985,0.164990441
Uttar Pradesh,UNNAO,2014,Kharif,Sugarcane,695,45809,65.91223022
Uttar Pradesh,UNNAO,2014,Kharif,Sweet potato,474,5872,12.38818565
Uttar Pradesh,UNNAO,2014,Kharif,Urad,23716,7992,0.336987688
Uttar Pradesh,UNNAO,2014,Rabi,Barley,1316,1787,1.357902736
Uttar Pradesh,UNNAO,2014,Rabi,Coriander,128,62,0.484375
Uttar Pradesh,UNNAO,2014,Rabi,Garlic,193,1118,5.792746114
Uttar Pradesh,UNNAO,2014,Rabi,Gram,3037,1541,0.507408627
Uttar Pradesh,UNNAO,2014,Rabi,Linseed,15,9,0.6
Uttar Pradesh,UNNAO,2014,Rabi,Maize,1,2,2
Uttar Pradesh,UNNAO,2014,Rabi,Masoor,795,445,0.559748428
Uttar Pradesh,UNNAO,2014,Rabi,Onion,218,3335,15.29816514
Uttar Pradesh,UNNAO,2014,Rabi,Peas & beans (Pulses),606,704,1.161716172
Uttar Pradesh,UNNAO,2014,Rabi,Potato,9838,199653,20.29406383
Uttar Pradesh,UNNAO,2014,Rabi,Rapeseed &Mustard,15484,8566,0.553216223
Uttar Pradesh,UNNAO,2014,Rabi,Turmeric,10,28,2.8
Uttar Pradesh,UNNAO,2014,Rabi,Wheat,243188,488078,2.006998701
Uttar Pradesh,UNNAO,2014,Summer,Banana,4,180,45
Uttar Pradesh,UNNAO,2014,Summer,Maize,1018,1810,1.777996071
Uttar Pradesh,UNNAO,2014,Summer,Moong(Green Gram),301,149,0.495016611
Uttar Pradesh,UNNAO,2014,Summer,Onion,334,3264,9.77245509
Uttar Pradesh,UNNAO,2014,Summer,Rice,1,2,2
Uttar Pradesh,UNNAO,2014,Summer,Sunflower,158,331,2.094936709
Uttar Pradesh,UNNAO,2014,Summer,Urad,2280,1359,0.596052632
Uttar Pradesh,VARANASI,1997,Kharif,Arhar/Tur,6379,7306,1.145320583
Uttar Pradesh,VARANASI,1997,Kharif,Bajra,5355,5685,1.06162465
Uttar Pradesh,VARANASI,1997,Kharif,Groundnut,2,2,1
Uttar Pradesh,VARANASI,1997,Kharif,Jowar,3118,3024,0.96985247
Uttar Pradesh,VARANASI,1997,Kharif,Maize,6123,8628,1.40911318
Uttar Pradesh,VARANASI,1997,Kharif,Moong(Green Gram),550,184,0.334545455
Uttar Pradesh,VARANASI,1997,Kharif,Oilseeds total,892,711,0.797085202
Uttar Pradesh,VARANASI,1997,Kharif,Onion,556,5497,9.886690647
Uttar Pradesh,VARANASI,1997,Kharif,Rice,43189,115352,2.670865267
Uttar Pradesh,VARANASI,1997,Kharif,Sesamum,106,16,0.150943396
Uttar Pradesh,VARANASI,1997,Kharif,Small millets,12,7,0.583333333
Uttar Pradesh,VARANASI,1997,Kharif,Total foodgrain,142671,348071,2.439675898
Uttar Pradesh,VARANASI,1997,Kharif,Urad,2653,1907,0.718808896
Uttar Pradesh,VARANASI,1997,Rabi,Barley,133,162,1.218045113
Uttar Pradesh,VARANASI,1997,Rabi,Gram,2630,2515,0.956273764
Uttar Pradesh,VARANASI,1997,Rabi,Masoor,479,280,0.584551148
Uttar Pradesh,VARANASI,1997,Rabi,Peas & beans (Pulses),2747,3195,1.163087004
Uttar Pradesh,VARANASI,1997,Rabi,Rapeseed &Mustard,784,693,0.883928571
Uttar Pradesh,VARANASI,1997,Rabi,Wheat,69282,199806,2.883952542
Uttar Pradesh,VARANASI,1997,Summer,Maize,9,14,1.555555556
Uttar Pradesh,VARANASI,1997,Summer,Moong(Green Gram),12,6,0.5
Uttar Pradesh,VARANASI,1997,Whole Year,Potato,4401,72254,16.41763236
Uttar Pradesh,VARANASI,1997,Whole Year,Sugarcane,7943,326171,41.06395568
Uttar Pradesh,VARANASI,1998,Kharif,Arhar/Tur,5743,6769,1.178652272
Uttar Pradesh,VARANASI,1998,Kharif,Bajra,5248,6740,1.28429878
Uttar Pradesh,VARANASI,1998,Kharif,Jowar,2874,1974,0.686847599
Uttar Pradesh,VARANASI,1998,Kharif,Maize,5912,3390,0.573410014
Uttar Pradesh,VARANASI,1998,Kharif,Moong(Green Gram),502,170,0.338645418
Uttar Pradesh,VARANASI,1998,Kharif,Rice,49869,121321,2.43279392
Uttar Pradesh,VARANASI,1998,Kharif,Sesamum,27,3,0.111111111
Uttar Pradesh,VARANASI,1998,Kharif,Urad,2276,1059,0.465289982
Uttar Pradesh,VARANASI,1998,Rabi,Barley,37,46,1.243243243
Uttar Pradesh,VARANASI,1998,Rabi,Gram,2780,2343,0.842805755
Uttar Pradesh,VARANASI,1998,Rabi,Masoor,207,170,0.821256039
Uttar Pradesh,VARANASI,1998,Rabi,Peas & beans (Pulses),1989,2082,1.046757164
Uttar Pradesh,VARANASI,1998,Rabi,Rapeseed &Mustard,642,305,0.475077882
Uttar Pradesh,VARANASI,1998,Rabi,Wheat,68591,154746,2.25606858
Uttar Pradesh,VARANASI,1998,Summer,Maize,9,9,1
Uttar Pradesh,VARANASI,1998,Summer,Moong(Green Gram),10,4,0.4
Uttar Pradesh,VARANASI,1998,Whole Year,Onion,410,4853,11.83658537
Uttar Pradesh,VARANASI,1998,Whole Year,Potato,4713,107529,22.8154042
Uttar Pradesh,VARANASI,1998,Whole Year,Sannhamp,2122,772,0.363807729
Uttar Pradesh,VARANASI,1998,Whole Year,Sugarcane,8629,383438,44.43597172
Uttar Pradesh,VARANASI,1999,Kharif,Arhar/Tur,5750,8187,1.423826087
Uttar Pradesh,VARANASI,1999,Kharif,Bajra,5255,5012,0.953758325
Uttar Pradesh,VARANASI,1999,Kharif,Jowar,2899,2527,0.87167989
Uttar Pradesh,VARANASI,1999,Kharif,Maize,5932,6788,1.14430209
Uttar Pradesh,VARANASI,1999,Kharif,Moong(Green Gram),495,231,0.466666667
Uttar Pradesh,VARANASI,1999,Kharif,Rice,50073,136151,2.719050187
Uttar Pradesh,VARANASI,1999,Kharif,Urad,2277,856,0.375933245
Uttar Pradesh,VARANASI,1999,Rabi,Barley,258,439,1.701550388
Uttar Pradesh,VARANASI,1999,Rabi,Gram,2963,2961,0.999325008
Uttar Pradesh,VARANASI,1999,Rabi,Maize,16,23,1.4375
Uttar Pradesh,VARANASI,1999,Rabi,Rapeseed &Mustard,676,522,0.772189349
Uttar Pradesh,VARANASI,1999,Rabi,Wheat,68652,185859,2.707262716
Uttar Pradesh,VARANASI,1999,Summer,Moong(Green Gram),16,12,0.75
Uttar Pradesh,VARANASI,1999,Summer,Urad,1,1,1
Uttar Pradesh,VARANASI,1999,Whole Year,Onion,476,6015,12.63655462
Uttar Pradesh,VARANASI,1999,Whole Year,Peas & beans (Pulses),2198,2279,1.036851683
Uttar Pradesh,VARANASI,1999,Whole Year,Potato,4597,104967,22.83380466
Uttar Pradesh,VARANASI,1999,Whole Year,Sugarcane,8720,350928,40.2440367
Uttar Pradesh,VARANASI,2000,Kharif,Arhar/Tur,5775,8342,1.444502165
Uttar Pradesh,VARANASI,2000,Kharif,Bajra,5203,5069,0.974245628
Uttar Pradesh,VARANASI,2000,Kharif,Jowar,2984,2689,0.90113941
Uttar Pradesh,VARANASI,2000,Kharif,Maize,5922,8301,1.401722391
Uttar Pradesh,VARANASI,2000,Kharif,Moong(Green Gram),514,156,0.303501946
Uttar Pradesh,VARANASI,2000,Kharif,Rice,50174,120656,2.404751465
Uttar Pradesh,VARANASI,2000,Kharif,Sesamum,34,5,0.147058824
Uttar Pradesh,VARANASI,2000,Kharif,Urad,2269,1584,0.698104892
Uttar Pradesh,VARANASI,2000,Rabi,Barley,298,380,1.275167785
Uttar Pradesh,VARANASI,2000,Rabi,Gram,3104,2988,0.962628866
Uttar Pradesh,VARANASI,2000,Rabi,Linseed,2039,871,0.427170181
Uttar Pradesh,VARANASI,2000,Rabi,Maize,18,29,1.611111111
Uttar Pradesh,VARANASI,2000,Rabi,Masoor,281,149,0.53024911
Uttar Pradesh,VARANASI,2000,Rabi,Moong(Green Gram),15,9,0.6
Uttar Pradesh,VARANASI,2000,Rabi,Peas & beans (Pulses),2420,2870,1.185950413
Uttar Pradesh,VARANASI,2000,Rabi,Rapeseed &Mustard,689,689,1
Uttar Pradesh,VARANASI,2000,Rabi,Urad,1,0.1,0.1
Uttar Pradesh,VARANASI,2000,Rabi,Wheat,67491,170635,2.528263028
Uttar Pradesh,VARANASI,2000,Whole Year,Potato,4163,94330,22.65914004
Uttar Pradesh,VARANASI,2000,Whole Year,Sugarcane,8717,282884,32.45199036
Uttar Pradesh,VARANASI,2001,Kharif,Arhar/Tur,3690,4064,1.101355014
Uttar Pradesh,VARANASI,2001,Kharif,Bajra,4169,3763,0.902614536
Uttar Pradesh,VARANASI,2001,Kharif,Groundnut,1,1,1
Uttar Pradesh,VARANASI,2001,Kharif,Jowar,2286,2105,0.920822397
Uttar Pradesh,VARANASI,2001,Kharif,Maize,3519,5627,1.599033816
Uttar Pradesh,VARANASI,2001,Kharif,Moong(Green Gram),299,82,0.274247492
Uttar Pradesh,VARANASI,2001,Kharif,Moth,28,11,0.392857143
Uttar Pradesh,VARANASI,2001,Kharif,Rice,50666,126909,2.504815853
Uttar Pradesh,VARANASI,2001,Kharif,Sesamum,69,17,0.246376812
Uttar Pradesh,VARANASI,2001,Kharif,Small millets,68,89,1.308823529
Uttar Pradesh,VARANASI,2001,Kharif,Sunflower,12,23,1.916666667
Uttar Pradesh,VARANASI,2001,Kharif,Urad,2032,1341,0.659940945
Uttar Pradesh,VARANASI,2001,Rabi,Barley,300,503,1.676666667
Uttar Pradesh,VARANASI,2001,Rabi,Gram,2892,3314,1.145919779
Uttar Pradesh,VARANASI,2001,Rabi,Linseed,6,2,0.333333333
Uttar Pradesh,VARANASI,2001,Rabi,Maize,5,8,1.6
Uttar Pradesh,VARANASI,2001,Rabi,Masoor,207,146,0.70531401
Uttar Pradesh,VARANASI,2001,Rabi,Moong(Green Gram),8,6,0.75
Uttar Pradesh,VARANASI,2001,Rabi,Peas & beans (Pulses),3035,2461,0.810873147
Uttar Pradesh,VARANASI,2001,Rabi,Rapeseed &Mustard,476,483,1.014705882
Uttar Pradesh,VARANASI,2001,Rabi,Urad,16,8,0.5
Uttar Pradesh,VARANASI,2001,Rabi,Wheat,64746,165141,2.55059772
Uttar Pradesh,VARANASI,2001,Whole Year,Potato,3272,69239,21.16106357
Uttar Pradesh,VARANASI,2001,Whole Year,Sugarcane,5044,216670,42.95598731
Uttar Pradesh,VARANASI,2001,Whole Year,Turmeric,140,251,1.792857143
Uttar Pradesh,VARANASI,2002,Kharif,Bajra,4758,4513,0.948507776
Uttar Pradesh,VARANASI,2002,Kharif,Jowar,2509,2197,0.875647668
Uttar Pradesh,VARANASI,2002,Kharif,Maize,2983,4454,1.493127724
Uttar Pradesh,VARANASI,2002,Kharif,Moong(Green Gram),364,245,0.673076923
Uttar Pradesh,VARANASI,2002,Kharif,Moth,2,1,0.5
Uttar Pradesh,VARANASI,2002,Kharif,Rice,49582,89166,1.798354241
Uttar Pradesh,VARANASI,2002,Kharif,Sesamum,78,12,0.153846154
Uttar Pradesh,VARANASI,2002,Kharif,Small millets,15,9,0.6
Uttar Pradesh,VARANASI,2002,Kharif,Urad,2053,801,0.39016074
Uttar Pradesh,VARANASI,2002,Rabi,Barley,421,682,1.619952494
Uttar Pradesh,VARANASI,2002,Rabi,Gram,2799,2444,0.873168989
Uttar Pradesh,VARANASI,2002,Rabi,Linseed,19,4,0.210526316
Uttar Pradesh,VARANASI,2002,Rabi,Maize,8,9,1.125
Uttar Pradesh,VARANASI,2002,Rabi,Masoor,245,154,0.628571429
Uttar Pradesh,VARANASI,2002,Rabi,Onion,63,650,10.31746032
Uttar Pradesh,VARANASI,2002,Rabi,Peas & beans (Pulses),3092,3805,1.230595084
Uttar Pradesh,VARANASI,2002,Rabi,Rapeseed &Mustard,517,463,0.895551257
Uttar Pradesh,VARANASI,2002,Rabi,Wheat,66918,142279,2.126169342
Uttar Pradesh,VARANASI,2002,Summer,Moong(Green Gram),3,2,0.666666667
Uttar Pradesh,VARANASI,2002,Summer,Onion,69,771,11.17391304
Uttar Pradesh,VARANASI,2002,Summer,Urad,16,8,0.5
Uttar Pradesh,VARANASI,2002,Whole Year,Potato,3508,72472,20.65906499
Uttar Pradesh,VARANASI,2002,Whole Year,Sannhamp,500,158,0.316
Uttar Pradesh,VARANASI,2002,Whole Year,Sugarcane,5006,210492,42.04794247
Uttar Pradesh,VARANASI,2002,Whole Year,Turmeric,5,9,1.8
Uttar Pradesh,VARANASI,2003,Kharif,Arhar/Tur,4121,3688,0.894928415
Uttar Pradesh,VARANASI,2003,Kharif,Bajra,4004,4430,1.106393606
Uttar Pradesh,VARANASI,2003,Kharif,Jowar,2077,1948,0.937891189
Uttar Pradesh,VARANASI,2003,Kharif,Maize,2984,5523,1.850871314
Uttar Pradesh,VARANASI,2003,Kharif,Moong(Green Gram),297,69,0.232323232
Uttar Pradesh,VARANASI,2003,Kharif,Moth,1,0,0
Uttar Pradesh,VARANASI,2003,Kharif,Rice,50096,133775,2.670372884
Uttar Pradesh,VARANASI,2003,Kharif,Sesamum,82,11,0.134146341
Uttar Pradesh,VARANASI,2003,Kharif,Sunflower,21,35,1.666666667
Uttar Pradesh,VARANASI,2003,Kharif,Urad,1893,790,0.417326994
Uttar Pradesh,VARANASI,2003,Rabi,Barley,590,808,1.369491525
Uttar Pradesh,VARANASI,2003,Rabi,Gram,2710,4208,1.552767528
Uttar Pradesh,VARANASI,2003,Rabi,Linseed,12,6,0.5
Uttar Pradesh,VARANASI,2003,Rabi,Maize,5,7,1.4
Uttar Pradesh,VARANASI,2003,Rabi,Masoor,281,218,0.775800712
Uttar Pradesh,VARANASI,2003,Rabi,Onion,78,1120,14.35897436
Uttar Pradesh,VARANASI,2003,Rabi,Peas & beans (Pulses),2988,4760,1.593038822
Uttar Pradesh,VARANASI,2003,Rabi,Ragi,3,4,1.333333333
Uttar Pradesh,VARANASI,2003,Rabi,Rapeseed &Mustard,516,514,0.996124031
Uttar Pradesh,VARANASI,2003,Rabi,Wheat,68777,178850,2.600433284
Uttar Pradesh,VARANASI,2003,Summer,Maize,11,15,1.363636364
Uttar Pradesh,VARANASI,2003,Summer,Moong(Green Gram),21,13,0.619047619
Uttar Pradesh,VARANASI,2003,Summer,Onion,99,814,8.222222222
Uttar Pradesh,VARANASI,2003,Summer,Urad,53,32,0.603773585
Uttar Pradesh,VARANASI,2003,Whole Year,Potato,3311,54499,16.45998188
Uttar Pradesh,VARANASI,2003,Whole Year,Sannhamp,543,163,0.300184162
Uttar Pradesh,VARANASI,2003,Whole Year,Sugarcane,5015,202927,40.46400798
Uttar Pradesh,VARANASI,2004,Kharif,Bajra,3538,3069,0.867439231
Uttar Pradesh,VARANASI,2004,Kharif,Jowar,2138,2721,1.272684752
Uttar Pradesh,VARANASI,2004,Kharif,Maize,3039,5130,1.688055281
Uttar Pradesh,VARANASI,2004,Kharif,Rice,48948,28319,0.57855275
Uttar Pradesh,VARANASI,2004,Kharif,Sannhamp,437,121,0.276887872
Uttar Pradesh,VARANASI,2004,Kharif,Sesamum,226,36,0.159292035
Uttar Pradesh,VARANASI,2004,Kharif,Small millets,9,4,0.444444444
Uttar Pradesh,VARANASI,2004,Kharif,Sugarcane,4092,148343,36.25195503
Uttar Pradesh,VARANASI,2004,Rabi,Barley,615,817,1.328455285
Uttar Pradesh,VARANASI,2004,Rabi,Gram,2382,2155,0.904701931
Uttar Pradesh,VARANASI,2004,Rabi,Linseed,3,2,0.666666667
Uttar Pradesh,VARANASI,2004,Rabi,Potato,3243,64156,19.78291705
Uttar Pradesh,VARANASI,2004,Rabi,Rapeseed &Mustard,591,587,0.99323181
Uttar Pradesh,VARANASI,2004,Rabi,Turmeric,2,3,1.5
Uttar Pradesh,VARANASI,2004,Rabi,Wheat,69457,132019,1.900729948
Uttar Pradesh,VARANASI,2004,Whole Year,Dry chillies,308,289,0.938311688
Uttar Pradesh,VARANASI,2004,Whole Year,Guar seed,54,46,0.851851852
Uttar Pradesh,VARANASI,2004,Whole Year,Onion,149,1669,11.20134228
Uttar Pradesh,VARANASI,2004,Whole Year,Sweet potato,23,267,11.60869565
Uttar Pradesh,VARANASI,2005,Kharif,Bajra,4008,5337,1.331586826
Uttar Pradesh,VARANASI,2005,Kharif,Jowar,2250,3259,1.448444444
Uttar Pradesh,VARANASI,2005,Kharif,Maize,3147,4598,1.461074039
Uttar Pradesh,VARANASI,2005,Kharif,Rice,47369,72048,1.520994743
Uttar Pradesh,VARANASI,2005,Kharif,Sannhamp,653,225,0.344563553
Uttar Pradesh,VARANASI,2005,Kharif,Sesamum,96,17,0.177083333
Uttar Pradesh,VARANASI,2005,Kharif,Sugarcane,5362,236293,44.06807162
Uttar Pradesh,VARANASI,2005,Rabi,Barley,581,984,1.69363167
Uttar Pradesh,VARANASI,2005,Rabi,Gram,2722,2514,0.923585599
Uttar Pradesh,VARANASI,2005,Rabi,Linseed,7,3,0.428571429
Uttar Pradesh,VARANASI,2005,Rabi,Potato,3347,72481,21.6555124
Uttar Pradesh,VARANASI,2005,Rabi,Rapeseed &Mustard,543,628,1.156537753
Uttar Pradesh,VARANASI,2005,Rabi,Wheat,69323,148663,2.144497497
Uttar Pradesh,VARANASI,2005,Summer,Sunflower,19,24,1.263157895
Uttar Pradesh,VARANASI,2005,Whole Year,Coriander,24,14,0.583333333
Uttar Pradesh,VARANASI,2005,Whole Year,Dry chillies,291,266,0.914089347
Uttar Pradesh,VARANASI,2005,Whole Year,Garlic,2,9,4.5
Uttar Pradesh,VARANASI,2005,Whole Year,Guar seed,52,42,0.807692308
Uttar Pradesh,VARANASI,2005,Whole Year,Onion,199,2560,12.86432161
Uttar Pradesh,VARANASI,2005,Whole Year,Sweet potato,10,131,13.1
Uttar Pradesh,VARANASI,2006,Kharif,Arhar/Tur,1278,984,0.769953052
Uttar Pradesh,VARANASI,2006,Kharif,Bajra,2455,3262,1.328716904
Uttar Pradesh,VARANASI,2006,Kharif,Jowar,1661,2221,1.337146297
Uttar Pradesh,VARANASI,2006,Kharif,Maize,8331,11005,1.320969872
Uttar Pradesh,VARANASI,2006,Kharif,Other Kharif pulses,1291,802,0.621223857
Uttar Pradesh,VARANASI,2006,Kharif,Rice,60959,95645,1.569005397
Uttar Pradesh,VARANASI,2006,Kharif,Sannhamp,444,123,0.277027027
Uttar Pradesh,VARANASI,2006,Kharif,Sesamum,55,9,0.163636364
Uttar Pradesh,VARANASI,2006,Kharif,Sugarcane,4818,199812,41.47198007
Uttar Pradesh,VARANASI,2006,Kharif,Sweet potato,18,246,13.66666667
Uttar Pradesh,VARANASI,2006,Rabi,Barley,267,425,1.5917603
Uttar Pradesh,VARANASI,2006,Rabi,Garlic,78,343,4.397435897
Uttar Pradesh,VARANASI,2006,Rabi,Gram,2210,1908,0.863348416
Uttar Pradesh,VARANASI,2006,Rabi,Masoor,172,133,0.773255814
Uttar Pradesh,VARANASI,2006,Rabi,Onion,90,1726,19.17777778
Uttar Pradesh,VARANASI,2006,Rabi,Other  Rabi pulses,2638,2820,1.06899166
Uttar Pradesh,VARANASI,2006,Rabi,Potato,2986,58021,19.43101139
Uttar Pradesh,VARANASI,2006,Rabi,Rapeseed &Mustard,560,576,1.028571429
Uttar Pradesh,VARANASI,2006,Rabi,Turmeric,2,7,3.5
Uttar Pradesh,VARANASI,2006,Rabi,Wheat,69702,176671,2.534661846
Uttar Pradesh,VARANASI,2006,Summer,Maize,23,31,1.347826087
Uttar Pradesh,VARANASI,2006,Summer,Onion,85,990,11.64705882
Uttar Pradesh,VARANASI,2006,Whole Year,Coriander,51,27,0.529411765
Uttar Pradesh,VARANASI,2006,Whole Year,Dry chillies,273,259,0.948717949
Uttar Pradesh,VARANASI,2006,Whole Year,Guar seed,52,44,0.846153846
Uttar Pradesh,VARANASI,2007,Kharif,Arhar/Tur,4233,3909,0.92345854
Uttar Pradesh,VARANASI,2007,Kharif,Bajra,4497,4847,1.077829664
Uttar Pradesh,VARANASI,2007,Kharif,Dry chillies,283,273,0.964664311
Uttar Pradesh,VARANASI,2007,Kharif,Guar seed,53,44,0.830188679
Uttar Pradesh,VARANASI,2007,Kharif,Jowar,2377,2903,1.221287337
Uttar Pradesh,VARANASI,2007,Kharif,Maize,2870,4033,1.405226481
Uttar Pradesh,VARANASI,2007,Kharif,Moong(Green Gram),191,38,0.19895288
Uttar Pradesh,VARANASI,2007,Kharif,Rice,50910,86343,1.695992929
Uttar Pradesh,VARANASI,2007,Kharif,Sannhamp,432,84,0.194444444
Uttar Pradesh,VARANASI,2007,Kharif,Sesamum,344,53,0.154069767
Uttar Pradesh,VARANASI,2007,Kharif,Sugarcane,4095,180442,44.06398046
Uttar Pradesh,VARANASI,2007,Kharif,Sweet potato,13,175,13.46153846
Uttar Pradesh,VARANASI,2007,Kharif,Urad,1732,1490,0.860277136
Uttar Pradesh,VARANASI,2007,Rabi,Barley,219,412,1.881278539
Uttar Pradesh,VARANASI,2007,Rabi,Coriander,44,25,0.568181818
Uttar Pradesh,VARANASI,2007,Rabi,Gram,2819,2369,0.840368925
Uttar Pradesh,VARANASI,2007,Rabi,Maize,38,106,2.789473684
Uttar Pradesh,VARANASI,2007,Rabi,Masoor,148,134,0.905405405
Uttar Pradesh,VARANASI,2007,Rabi,Onion,84,1174,13.97619048
Uttar Pradesh,VARANASI,2007,Rabi,Other  Rabi pulses,2603,4319,1.659239339
Uttar Pradesh,VARANASI,2007,Rabi,Potato,3171,65809,20.7533901
Uttar Pradesh,VARANASI,2007,Rabi,Rapeseed &Mustard,623,721,1.157303371
Uttar Pradesh,VARANASI,2007,Rabi,Turmeric,1,3,3
Uttar Pradesh,VARANASI,2007,Rabi,Wheat,76433,194260,2.541572357
Uttar Pradesh,VARANASI,2007,Summer,Maize,36,52,1.444444444
Uttar Pradesh,VARANASI,2007,Summer,Moong(Green Gram),62,34,0.548387097
Uttar Pradesh,VARANASI,2007,Summer,Onion,113,1373,12.15044248
Uttar Pradesh,VARANASI,2007,Summer,Urad,18,10,0.555555556
Uttar Pradesh,VARANASI,2008,Kharif,Arhar/Tur,3925,3118,0.794394904
Uttar Pradesh,VARANASI,2008,Kharif,Bajra,3912,4342,1.1099182
Uttar Pradesh,VARANASI,2008,Kharif,Dry chillies,286,285,0.996503497
Uttar Pradesh,VARANASI,2008,Kharif,Groundnut,9,6,0.666666667
Uttar Pradesh,VARANASI,2008,Kharif,Guar seed,56,47,0.839285714
Uttar Pradesh,VARANASI,2008,Kharif,Jowar,2182,2666,1.221814849
Uttar Pradesh,VARANASI,2008,Kharif,Maize,2535,3349,1.321104536
Uttar Pradesh,VARANASI,2008,Kharif,Moong(Green Gram),224,83,0.370535714
Uttar Pradesh,VARANASI,2008,Kharif,Rice,51740,111034,2.145999227
Uttar Pradesh,VARANASI,2008,Kharif,Sannhamp,349,112,0.320916905
Uttar Pradesh,VARANASI,2008,Kharif,Sesamum,328,54,0.164634146
Uttar Pradesh,VARANASI,2008,Kharif,Sugarcane,4142,182977,44.17600193
Uttar Pradesh,VARANASI,2008,Kharif,Sweet potato,13,160,12.30769231
Uttar Pradesh,VARANASI,2008,Kharif,Urad,1728,796,0.460648148
Uttar Pradesh,VARANASI,2008,Rabi,Barley,212,384,1.811320755
Uttar Pradesh,VARANASI,2008,Rabi,Coriander,20,12,0.6
Uttar Pradesh,VARANASI,2008,Rabi,Garlic,6,35,5.833333333
Uttar Pradesh,VARANASI,2008,Rabi,Gram,2154,2325,1.079387187
Uttar Pradesh,VARANASI,2008,Rabi,Linseed,1,1,1
Uttar Pradesh,VARANASI,2008,Rabi,Masoor,208,207,0.995192308
Uttar Pradesh,VARANASI,2008,Rabi,Onion,88,1032,11.72727273
Uttar Pradesh,VARANASI,2008,Rabi,Peas & beans (Pulses),2522,2888,1.145122918
Uttar Pradesh,VARANASI,2008,Rabi,Potato,3232,43981,13.60798267
Uttar Pradesh,VARANASI,2008,Rabi,Rapeseed &Mustard,659,743,1.127465857
Uttar Pradesh,VARANASI,2008,Rabi,Wheat,69728,196842,2.822997935
Uttar Pradesh,VARANASI,2008,Summer,Maize,34,51,1.5
Uttar Pradesh,VARANASI,2008,Summer,Moong(Green Gram),80,67,0.8375
Uttar Pradesh,VARANASI,2008,Summer,Sunflower,1,2,2
Uttar Pradesh,VARANASI,2008,Summer,Urad,63,38,0.603174603
Uttar Pradesh,VARANASI,2009,Kharif,Arhar/Tur,4816,2759,0.57288206
Uttar Pradesh,VARANASI,2009,Kharif,Bajra,4370,5170,1.183066362
Uttar Pradesh,VARANASI,2009,Kharif,Dry chillies,288,254,0.881944444
Uttar Pradesh,VARANASI,2009,Kharif,Guar seed,53,45,0.849056604
Uttar Pradesh,VARANASI,2009,Kharif,Jowar,2777,3067,1.10442924
Uttar Pradesh,VARANASI,2009,Kharif,Maize,1325,1937,1.461886792
Uttar Pradesh,VARANASI,2009,Kharif,Moong(Green Gram),213,31,0.145539906
Uttar Pradesh,VARANASI,2009,Kharif,Rice,39295,58274,1.482987657
Uttar Pradesh,VARANASI,2009,Kharif,Sannhamp,329,60,0.182370821
Uttar Pradesh,VARANASI,2009,Kharif,Sesamum,101,11,0.108910891
Uttar Pradesh,VARANASI,2009,Kharif,Sugarcane,3788,178850,47.21488912
Uttar Pradesh,VARANASI,2009,Kharif,Sweet potato,15,204,13.6
Uttar Pradesh,VARANASI,2009,Kharif,Urad,2263,864,0.381794079
Uttar Pradesh,VARANASI,2009,Rabi,Barley,568,978,1.721830986
Uttar Pradesh,VARANASI,2009,Rabi,Coriander,39,22,0.564102564
Uttar Pradesh,VARANASI,2009,Rabi,Garlic,3,16,5.333333333
Uttar Pradesh,VARANASI,2009,Rabi,Gram,2229,1967,0.882458502
Uttar Pradesh,VARANASI,2009,Rabi,Linseed,6,2,0.333333333
Uttar Pradesh,VARANASI,2009,Rabi,Maize,12,37,3.083333333
Uttar Pradesh,VARANASI,2009,Rabi,Masoor,209,196,0.937799043
Uttar Pradesh,VARANASI,2009,Rabi,Onion,183,3349,18.30054645
Uttar Pradesh,VARANASI,2009,Rabi,Peas & beans (Pulses),2764,2974,1.075976845
Uttar Pradesh,VARANASI,2009,Rabi,Potato,3450,78781,22.83507246
Uttar Pradesh,VARANASI,2009,Rabi,Rapeseed &Mustard,780,870,1.115384615
Uttar Pradesh,VARANASI,2009,Rabi,Wheat,70988,178387,2.512917676
Uttar Pradesh,VARANASI,2009,Summer,Maize,25,36,1.44
Uttar Pradesh,VARANASI,2009,Summer,Moong(Green Gram),40,40,1
Uttar Pradesh,VARANASI,2009,Summer,Onion,115,2236,19.44347826
Uttar Pradesh,VARANASI,2009,Summer,Sunflower,1,2,2
Uttar Pradesh,VARANASI,2009,Summer,Urad,97,78,0.804123711
Uttar Pradesh,VARANASI,2010,Kharif,Arhar/Tur,4327,3344,0.772821817
Uttar Pradesh,VARANASI,2010,Kharif,Bajra,5626,6550,1.164237469
Uttar Pradesh,VARANASI,2010,Kharif,Dry chillies,331,290,0.876132931
Uttar Pradesh,VARANASI,2010,Kharif,Groundnut,1,1,1
Uttar Pradesh,VARANASI,2010,Kharif,Guar seed,53,44,0.830188679
Uttar Pradesh,VARANASI,2010,Kharif,Jowar,2525,3061,1.212277228
Uttar Pradesh,VARANASI,2010,Kharif,Maize,3109,4570,1.469926021
Uttar Pradesh,VARANASI,2010,Kharif,Moong(Green Gram),276,130,0.471014493
Uttar Pradesh,VARANASI,2010,Kharif,Rice,42021,84882,2.019990005
Uttar Pradesh,VARANASI,2010,Kharif,Sannhamp,361,118,0.326869806
Uttar Pradesh,VARANASI,2010,Kharif,Sesamum,445,88,0.197752809
Uttar Pradesh,VARANASI,2010,Kharif,Sugarcane,3972,174402,43.90785498
Uttar Pradesh,VARANASI,2010,Kharif,Sweet potato,46,567,12.32608696
Uttar Pradesh,VARANASI,2010,Kharif,Urad,1991,1344,0.67503767
Uttar Pradesh,VARANASI,2010,Rabi,Barley,245,453,1.848979592
Uttar Pradesh,VARANASI,2010,Rabi,Gram,2236,2160,0.966010733
Uttar Pradesh,VARANASI,2010,Rabi,Linseed,1,1,1
Uttar Pradesh,VARANASI,2010,Rabi,Masoor,203,158,0.778325123
Uttar Pradesh,VARANASI,2010,Rabi,Onion,95,1749,18.41052632
Uttar Pradesh,VARANASI,2010,Rabi,Peas & beans (Pulses),3048,5035,1.651902887
Uttar Pradesh,VARANASI,2010,Rabi,Potato,3465,61199,17.66204906
Uttar Pradesh,VARANASI,2010,Rabi,Rapeseed &Mustard,760,909,1.196052632
Uttar Pradesh,VARANASI,2010,Rabi,Wheat,70642,198007,2.802964242
Uttar Pradesh,VARANASI,2010,Summer,Maize,34,50,1.470588235
Uttar Pradesh,VARANASI,2010,Summer,Moong(Green Gram),57,57,1
Uttar Pradesh,VARANASI,2010,Summer,Urad,48,36,0.75
Uttar Pradesh,VARANASI,2011,Kharif,Arhar/Tur,4386,4069,0.927724578
Uttar Pradesh,VARANASI,2011,Kharif,Bajra,5068,8017,1.581886346
Uttar Pradesh,VARANASI,2011,Kharif,Dry chillies,407,338,0.83046683
Uttar Pradesh,VARANASI,2011,Kharif,Guar seed,53,43,0.811320755
Uttar Pradesh,VARANASI,2011,Kharif,Jowar,1688,1787,1.058649289
Uttar Pradesh,VARANASI,2011,Kharif,Maize,3162,4610,1.457938014
Uttar Pradesh,VARANASI,2011,Kharif,Moong(Green Gram),270,115,0.425925926
Uttar Pradesh,VARANASI,2011,Kharif,Rice,50950,112854,2.214995093
Uttar Pradesh,VARANASI,2011,Kharif,Sannhamp,276,76,0.275362319
Uttar Pradesh,VARANASI,2011,Kharif,Sesamum,529,115,0.217391304
Uttar Pradesh,VARANASI,2011,Kharif,Sugarcane,4056,201869,49.77046351
Uttar Pradesh,VARANASI,2011,Kharif,Sweet potato,21,273,13
Uttar Pradesh,VARANASI,2011,Kharif,Urad,1970,1318,0.669035533
Uttar Pradesh,VARANASI,2011,Rabi,Barley,362,694,1.917127072
Uttar Pradesh,VARANASI,2011,Rabi,Coriander,19,10,0.526315789
Uttar Pradesh,VARANASI,2011,Rabi,Garlic,1,5,5
Uttar Pradesh,VARANASI,2011,Rabi,Gram,2251,2782,1.235895158
Uttar Pradesh,VARANASI,2011,Rabi,Linseed,18,8,0.444444444
Uttar Pradesh,VARANASI,2011,Rabi,Maize,14,34,2.428571429
Uttar Pradesh,VARANASI,2011,Rabi,Masoor,195,204,1.046153846
Uttar Pradesh,VARANASI,2011,Rabi,Onion,95,2173,22.87368421
Uttar Pradesh,VARANASI,2011,Rabi,Peas & beans (Pulses),2956,4198,1.420162382
Uttar Pradesh,VARANASI,2011,Rabi,Potato,3344,60153,17.98833732
Uttar Pradesh,VARANASI,2011,Rabi,Rapeseed &Mustard,763,1047,1.372214941
Uttar Pradesh,VARANASI,2011,Rabi,Wheat,69610,210381,3.022281281
Uttar Pradesh,VARANASI,2011,Summer,Maize,28,46,1.642857143
Uttar Pradesh,VARANASI,2011,Summer,Moong(Green Gram),48,38,0.791666667
Uttar Pradesh,VARANASI,2011,Summer,Onion,149,2425,16.27516779
Uttar Pradesh,VARANASI,2011,Summer,Urad,36,30,0.833333333
Uttar Pradesh,VARANASI,2012,Kharif,Arhar/Tur,4217,4474,1.060943799
Uttar Pradesh,VARANASI,2012,Kharif,Bajra,5470,6865,1.255027422
Uttar Pradesh,VARANASI,2012,Kharif,Dry chillies,494,397,0.803643725
Uttar Pradesh,VARANASI,2012,Kharif,Groundnut,1,1,1
Uttar Pradesh,VARANASI,2012,Kharif,Guar seed,53,43,0.811320755
Uttar Pradesh,VARANASI,2012,Kharif,Jowar,2398,3264,1.361134279
Uttar Pradesh,VARANASI,2012,Kharif,Maize,2880,5128,1.780555556
Uttar Pradesh,VARANASI,2012,Kharif,Moong(Green Gram),245,124,0.506122449
Uttar Pradesh,VARANASI,2012,Kharif,Rice,42757,103814,2.428000094
Uttar Pradesh,VARANASI,2012,Kharif,Sannhamp,366,135,0.368852459
Uttar Pradesh,VARANASI,2012,Kharif,Sesamum,495,92,0.185858586
Uttar Pradesh,VARANASI,2012,Kharif,Sugarcane,4163,214578,51.54407879
Uttar Pradesh,VARANASI,2012,Kharif,Sweet potato,22,285,12.95454545
Uttar Pradesh,VARANASI,2012,Kharif,Urad,1723,613,0.355774811
Uttar Pradesh,VARANASI,2012,Rabi,Barley,826,1442,1.745762712
Uttar Pradesh,VARANASI,2012,Rabi,Coriander,18,10,0.555555556
Uttar Pradesh,VARANASI,2012,Rabi,Gram,2330,2675,1.14806867
Uttar Pradesh,VARANASI,2012,Rabi,Linseed,2,1,0.5
Uttar Pradesh,VARANASI,2012,Rabi,Maize,10,31,3.1
Uttar Pradesh,VARANASI,2012,Rabi,Masoor,201,168,0.835820896
Uttar Pradesh,VARANASI,2012,Rabi,Onion,117,2691,23
Uttar Pradesh,VARANASI,2012,Rabi,Peas & beans (Pulses),2907,3397,1.168558652
Uttar Pradesh,VARANASI,2012,Rabi,Potato,3355,59669,17.78509687
Uttar Pradesh,VARANASI,2012,Rabi,Rapeseed &Mustard,742,936,1.261455526
Uttar Pradesh,VARANASI,2012,Rabi,Wheat,69705,214609,3.078817875
Uttar Pradesh,VARANASI,2012,Summer,Maize,31,57,1.838709677
Uttar Pradesh,VARANASI,2012,Summer,Moong(Green Gram),49,45,0.918367347
Uttar Pradesh,VARANASI,2012,Summer,Onion,148,2068,13.97297297
Uttar Pradesh,VARANASI,2012,Summer,Urad,52,40,0.769230769
Uttar Pradesh,VARANASI,2013,Kharif,Arhar/Tur,4226,4061,0.960955987
Uttar Pradesh,VARANASI,2013,Kharif,Bajra,5283,5550,1.050539466
Uttar Pradesh,VARANASI,2013,Kharif,Dry chillies,356,288,0.808988764
Uttar Pradesh,VARANASI,2013,Kharif,Groundnut,8,7,0.875
Uttar Pradesh,VARANASI,2013,Kharif,Guar seed,54,44,0.814814815
Uttar Pradesh,VARANASI,2013,Kharif,Jowar,2555,2065,0.808219178
Uttar Pradesh,VARANASI,2013,Kharif,Maize,2906,4902,1.686854783
Uttar Pradesh,VARANASI,2013,Kharif,Moong(Green Gram),283,91,0.32155477
Uttar Pradesh,VARANASI,2013,Kharif,Rice,46938,100964,2.151007712
Uttar Pradesh,VARANASI,2013,Kharif,Sannhamp,349,99,0.283667622
Uttar Pradesh,VARANASI,2013,Kharif,Sesamum,638,94,0.147335423
Uttar Pradesh,VARANASI,2013,Kharif,Sugarcane,3901,236962,60.74391182
Uttar Pradesh,VARANASI,2013,Kharif,Sweet potato,29,383,13.20689655
Uttar Pradesh,VARANASI,2013,Kharif,Urad,2549,1147,0.449980384
Uttar Pradesh,VARANASI,2013,Rabi,Barley,149,275,1.845637584
Uttar Pradesh,VARANASI,2013,Rabi,Coriander,17,9,0.529411765
Uttar Pradesh,VARANASI,2013,Rabi,Garlic,4,24,6
Uttar Pradesh,VARANASI,2013,Rabi,Gram,1919,1834,0.955706097
Uttar Pradesh,VARANASI,2013,Rabi,Linseed,1,,
Uttar Pradesh,VARANASI,2013,Rabi,Maize,6,21,3.5
Uttar Pradesh,VARANASI,2013,Rabi,Masoor,184,135,0.733695652
Uttar Pradesh,VARANASI,2013,Rabi,Onion,193,3925,20.33678756
Uttar Pradesh,VARANASI,2013,Rabi,Peas & beans (Pulses),2915,2408,0.826072041
Uttar Pradesh,VARANASI,2013,Rabi,Potato,3289,76160,23.15597446
Uttar Pradesh,VARANASI,2013,Rabi,Rapeseed &Mustard,751,762,1.014647137
Uttar Pradesh,VARANASI,2013,Rabi,Wheat,69399,188955,2.722733757
Uttar Pradesh,VARANASI,2013,Summer,Maize,31,57,1.838709677
Uttar Pradesh,VARANASI,2013,Summer,Moong(Green Gram),85,69,0.811764706
Uttar Pradesh,VARANASI,2013,Summer,Onion,160,2280,14.25
Uttar Pradesh,VARANASI,2013,Summer,Urad,97,79,0.81443299
Uttar Pradesh,VARANASI,2014,Kharif,Arhar/Tur,4062,3537,0.870753323
Uttar Pradesh,VARANASI,2014,Kharif,Bajra,5430,5898,1.086187845
Uttar Pradesh,VARANASI,2014,Kharif,Dry chillies,291,240,0.824742268
Uttar Pradesh,VARANASI,2014,Kharif,Guar seed,14,12,0.857142857
Uttar Pradesh,VARANASI,2014,Kharif,Jowar,2243,2195,0.978600089
Uttar Pradesh,VARANASI,2014,Kharif,Maize,2791,4446,1.592977427
Uttar Pradesh,VARANASI,2014,Kharif,Moong(Green Gram),241,77,0.319502075
Uttar Pradesh,VARANASI,2014,Kharif,Rice,43862,101848,2.32200994
Uttar Pradesh,VARANASI,2014,Kharif,Sannhamp,357,137,0.383753501
Uttar Pradesh,VARANASI,2014,Kharif,Sesamum,336,66,0.196428571
Uttar Pradesh,VARANASI,2014,Kharif,Sugarcane,3996,252707,63.23998999
Uttar Pradesh,VARANASI,2014,Kharif,Sweet potato,43,533,12.39534884
Uttar Pradesh,VARANASI,2014,Kharif,Urad,2162,1431,0.661887142
Uttar Pradesh,VARANASI,2014,Rabi,Barley,162,283,1.74691358
Uttar Pradesh,VARANASI,2014,Rabi,Coriander,23,11,0.47826087
Uttar Pradesh,VARANASI,2014,Rabi,Garlic,4,23,5.75
Uttar Pradesh,VARANASI,2014,Rabi,Gram,2078,1261,0.606833494
Uttar Pradesh,VARANASI,2014,Rabi,Linseed,1,1,1
Uttar Pradesh,VARANASI,2014,Rabi,Maize,22,52,2.363636364
Uttar Pradesh,VARANASI,2014,Rabi,Masoor,178,102,0.573033708
Uttar Pradesh,VARANASI,2014,Rabi,Onion,84,1285,15.29761905
Uttar Pradesh,VARANASI,2014,Rabi,Peas & beans (Pulses),2912,2097,0.720123626
Uttar Pradesh,VARANASI,2014,Rabi,Potato,3237,55612,17.18010504
Uttar Pradesh,VARANASI,2014,Rabi,Rapeseed &Mustard,705,547,0.775886525
Uttar Pradesh,VARANASI,2014,Rabi,Wheat,68617,127010,1.850999024
Uttar Pradesh,VARANASI,2014,Summer,Maize,59,105,1.779661017
Uttar Pradesh,VARANASI,2014,Summer,Moong(Green Gram),61,36,0.590163934
Uttar Pradesh,VARANASI,2014,Summer,Onion,169,2382,14.09467456
Uttar Pradesh,VARANASI,2014,Summer,Urad,90,51,0.566666667
Uttarakhand,ALMORA,2000,Kharif,Arhar/Tur,5,2,0.4
Uttarakhand,ALMORA,2000,Kharif,Horse-gram,1244,684,0.549839228
Uttarakhand,ALMORA,2000,Kharif,Maize,1922,2504,1.302809573
Uttarakhand,ALMORA,2000,Kharif,Other Cereals & Millets,107,32,0.299065421
Uttarakhand,ALMORA,2000,Kharif,Other Kharif pulses,1539,980,0.636777128
Uttarakhand,ALMORA,2000,Kharif,Potato,419,9302,22.20047733
Uttarakhand,ALMORA,2000,Kharif,Ragi,31583,34356,1.087800399
Uttarakhand,ALMORA,2000,Kharif,Rice,21297,21003,0.986195239
Uttarakhand,ALMORA,2000,Kharif,Sesamum,123,19,0.154471545
Uttarakhand,ALMORA,2000,Kharif,Small millets,15012,16709,1.113042899
Uttarakhand,ALMORA,2000,Kharif,Soyabean,273,150,0.549450549
Uttarakhand,ALMORA,2000,Kharif,Urad,882,368,0.41723356
Uttarakhand,ALMORA,2000,Rabi,Barley,3436,2934,0.853899884
Uttarakhand,ALMORA,2000,Rabi,Masoor,1083,552,0.509695291
Uttarakhand,ALMORA,2000,Rabi,other oilseeds,5,2,0.4
Uttarakhand,ALMORA,2000,Rabi,Peas & beans (Pulses),63,38,0.603174603
Uttarakhand,ALMORA,2000,Rabi,Potato,560,12432,22.2
Uttarakhand,ALMORA,2000,Rabi,Rapeseed &Mustard,330,132,0.4
Uttarakhand,ALMORA,2000,Rabi,Wheat,40825,42476,1.040440906
Uttarakhand,ALMORA,2000,Whole Year,Dry ginger,121,1109,9.165289256
Uttarakhand,ALMORA,2000,Whole Year,Garlic,173,190,1.098265896
Uttarakhand,ALMORA,2000,Whole Year,Onion,330,957,2.9
Uttarakhand,ALMORA,2001,Kharif,Horse-gram,1146,573,0.5
Uttarakhand,ALMORA,2001,Kharif,Maize,2104,2495,1.185836502
Uttarakhand,ALMORA,2001,Kharif,Other Cereals & Millets,317,95,0.299684543
Uttarakhand,ALMORA,2001,Kharif,Other Kharif pulses,1459,825,0.565455792
Uttarakhand,ALMORA,2001,Kharif,Potato,357,7929,22.21008403
Uttarakhand,ALMORA,2001,Kharif,Ragi,34170,37620,1.100965759
Uttarakhand,ALMORA,2001,Kharif,Rice,20696,25969,1.254783533
Uttarakhand,ALMORA,2001,Kharif,Sesamum,142,23,0.161971831
Uttarakhand,ALMORA,2001,Kharif,Small millets,16940,20882,1.23270366
Uttarakhand,ALMORA,2001,Kharif,Soyabean,453,249,0.549668874
Uttarakhand,ALMORA,2001,Kharif,Urad,881,499,0.566401816
Uttarakhand,ALMORA,2001,Rabi,Barley,2976,2580,0.866935484
Uttarakhand,ALMORA,2001,Rabi,Gram,46,24,0.52173913
Uttarakhand,ALMORA,2001,Rabi,Masoor,1743,882,0.506024096
Uttarakhand,ALMORA,2001,Rabi,Other Cereals & Millets,32,28,0.875
Uttarakhand,ALMORA,2001,Rabi,other oilseeds,39,16,0.41025641
Uttarakhand,ALMORA,2001,Rabi,Peas & beans (Pulses),62,36,0.580645161
Uttarakhand,ALMORA,2001,Rabi,Potato,824,18301,22.20995146
Uttarakhand,ALMORA,2001,Rabi,Rapeseed &Mustard,300,120,0.4
Uttarakhand,ALMORA,2001,Rabi,Wheat,40102,32333,0.806269014
Uttarakhand,ALMORA,2001,Whole Year,Dry ginger,195,1755,9
Uttarakhand,ALMORA,2001,Whole Year,Garlic,184,196,1.065217391
Uttarakhand,ALMORA,2001,Whole Year,Onion,343,947,2.760932945
Uttarakhand,ALMORA,2002,Kharif,Horse-gram,1307,614,0.469778118
Uttarakhand,ALMORA,2002,Kharif,Maize,1917,1601,0.835159103
Uttarakhand,ALMORA,2002,Kharif,Other Cereals & Millets,2983,895,0.300033523
Uttarakhand,ALMORA,2002,Kharif,Other Kharif pulses,1468,861,0.586512262
Uttarakhand,ALMORA,2002,Kharif,Potato,124,2754,22.20967742
Uttarakhand,ALMORA,2002,Kharif,Ragi,34578,27597,0.798108624
Uttarakhand,ALMORA,2002,Kharif,Rice,23828,15941,0.669002854
Uttarakhand,ALMORA,2002,Kharif,Sesamum,128,13,0.1015625
Uttarakhand,ALMORA,2002,Kharif,Small millets,14208,11202,0.788429054
Uttarakhand,ALMORA,2002,Kharif,Soyabean,331,166,0.501510574
Uttarakhand,ALMORA,2002,Kharif,Sunflower,4,2,0.5
Uttarakhand,ALMORA,2002,Kharif,Urad,839,310,0.369487485
Uttarakhand,ALMORA,2002,Rabi,Barley,3402,2779,0.816872428
Uttarakhand,ALMORA,2002,Rabi,Gram,31,16,0.516129032
Uttarakhand,ALMORA,2002,Rabi,Masoor,1265,595,0.470355731
Uttarakhand,ALMORA,2002,Rabi,Peas & beans (Pulses),40,18,0.45
Uttarakhand,ALMORA,2002,Rabi,Potato,996,22121,22.20983936
Uttarakhand,ALMORA,2002,Rabi,Rapeseed &Mustard,390,148,0.379487179
Uttarakhand,ALMORA,2002,Rabi,Wheat,45193,42431,0.93888434
Uttarakhand,ALMORA,2002,Whole Year,Dry ginger,112,952,8.5
Uttarakhand,ALMORA,2002,Whole Year,Garlic,163,179,1.098159509
Uttarakhand,ALMORA,2002,Whole Year,Onion,345,952,2.75942029
Uttarakhand,ALMORA,2003,Kharif,Horse-gram,1268,1014,0.799684543
Uttarakhand,ALMORA,2003,Kharif,Maize,2445,2690,1.100204499
Uttarakhand,ALMORA,2003,Kharif,Other Cereals & Millets,16291,15049,0.923761586
Uttarakhand,ALMORA,2003,Kharif,Other Kharif pulses,1406,1245,0.885490754
Uttarakhand,ALMORA,2003,Kharif,other oilseeds,13,7,0.538461538
Uttarakhand,ALMORA,2003,Kharif,Ragi,34268,35680,1.041204622
Uttarakhand,ALMORA,2003,Kharif,Rice,20137,20615,1.023737399
Uttarakhand,ALMORA,2003,Kharif,Sesamum,123,16,0.130081301
Uttarakhand,ALMORA,2003,Kharif,Soyabean,332,498,1.5
Uttarakhand,ALMORA,2003,Kharif,Sunflower,13,12,0.923076923
Uttarakhand,ALMORA,2003,Kharif,Urad,839,315,0.375446961
Uttarakhand,ALMORA,2003,Rabi,Barley,3698,2600,0.703082747
Uttarakhand,ALMORA,2003,Rabi,Masoor,354,221,0.624293785
Uttarakhand,ALMORA,2003,Rabi,Peas & beans (Pulses),93,60,0.64516129
Uttarakhand,ALMORA,2003,Rabi,Rapeseed &Mustard,489,240,0.490797546
Uttarakhand,ALMORA,2003,Rabi,Wheat,42793,28843,0.674012105
Uttarakhand,ALMORA,2003,Whole Year,Dry ginger,135,1215,9
Uttarakhand,ALMORA,2003,Whole Year,Garlic,173,,
Uttarakhand,ALMORA,2003,Whole Year,Onion,300,3600,12
Uttarakhand,ALMORA,2003,Whole Year,Potato,1070,14980,14
Uttarakhand,ALMORA,2004,Kharif,Arhar/Tur,7,4,0.571428571
Uttarakhand,ALMORA,2004,Kharif,Horse-gram,1192,834,0.69966443
Uttarakhand,ALMORA,2004,Kharif,Maize,2052,2257,1.099902534
Uttarakhand,ALMORA,2004,Kharif,Other Cereals & Millets,14865,19123,1.286444669
Uttarakhand,ALMORA,2004,Kharif,Other Kharif pulses,1685,1415,0.839762611
Uttarakhand,ALMORA,2004,Kharif,other oilseeds,30,18,0.6
Uttarakhand,ALMORA,2004,Kharif,Ragi,35617,37385,1.049639217
Uttarakhand,ALMORA,2004,Kharif,Rice,21444,21008,0.979667972
Uttarakhand,ALMORA,2004,Kharif,Sesamum,177,40,0.225988701
Uttarakhand,ALMORA,2004,Kharif,Soyabean,319,383,1.200626959
Uttarakhand,ALMORA,2004,Kharif,Sunflower,2,2,1
Uttarakhand,ALMORA,2004,Kharif,Urad,1112,445,0.400179856
Uttarakhand,ALMORA,2004,Rabi,Barley,2888,3645,1.262119114
Uttarakhand,ALMORA,2004,Rabi,Gram,12,7,0.583333333
Uttarakhand,ALMORA,2004,Rabi,Masoor,118,71,0.601694915
Uttarakhand,ALMORA,2004,Rabi,other oilseeds,2,1,0.5
Uttarakhand,ALMORA,2004,Rabi,Peas & beans (Pulses),94,66,0.70212766
Uttarakhand,ALMORA,2004,Rabi,Rapeseed &Mustard,483,193,0.399585921
Uttarakhand,ALMORA,2004,Rabi,Wheat,43026,52461,1.219286013
Uttarakhand,ALMORA,2004,Whole Year,Dry ginger,69,656,9.507246377
Uttarakhand,ALMORA,2004,Whole Year,Onion,286,2288,8
Uttarakhand,ALMORA,2004,Whole Year,Potato,854,11102,13
Uttarakhand,ALMORA,2005,Kharif,Horse-gram,1436,808,0.562674095
Uttarakhand,ALMORA,2005,Kharif,Maize,1887,1234,0.653948066
Uttarakhand,ALMORA,2005,Kharif,Other Cereals & Millets,14546,15808,1.086759247
Uttarakhand,ALMORA,2005,Kharif,Other Kharif pulses,1731,1065,0.6152513
Uttarakhand,ALMORA,2005,Kharif,other oilseeds,42,18,0.428571429
Uttarakhand,ALMORA,2005,Kharif,Ragi,33648,35043,1.041458631
Uttarakhand,ALMORA,2005,Kharif,Rice,21212,22000,1.037148784
Uttarakhand,ALMORA,2005,Kharif,Sesamum,152,33,0.217105263
Uttarakhand,ALMORA,2005,Kharif,Soyabean,213,138,0.647887324
Uttarakhand,ALMORA,2005,Kharif,Urad,1056,492,0.465909091
Uttarakhand,ALMORA,2005,Rabi,Barley,2837,1171,0.412759958
Uttarakhand,ALMORA,2005,Rabi,Gram,18,11,0.611111111
Uttarakhand,ALMORA,2005,Rabi,Masoor,1278,575,0.449921753
Uttarakhand,ALMORA,2005,Rabi,Peas & beans (Pulses),78,51,0.653846154
Uttarakhand,ALMORA,2005,Rabi,Rapeseed &Mustard,434,239,0.550691244
Uttarakhand,ALMORA,2005,Rabi,Wheat,39917,23932,0.599544054
Uttarakhand,ALMORA,2005,Whole Year,Dry ginger,170,1530,9
Uttarakhand,ALMORA,2005,Whole Year,Onion,257,2699,10.50194553
Uttarakhand,ALMORA,2005,Whole Year,Potato,958,12741,13.29958246
Uttarakhand,ALMORA,2006,Kharif,Arhar/Tur,1,1,1
Uttarakhand,ALMORA,2006,Kharif,Groundnut,33,28,0.848484848
Uttarakhand,ALMORA,2006,Kharif,Horse-gram,1266,968,0.764612954
Uttarakhand,ALMORA,2006,Kharif,Maize,1726,1597,0.925260718
Uttarakhand,ALMORA,2006,Kharif,Other Kharif pulses,1413,883,0.624911536
Uttarakhand,ALMORA,2006,Kharif,Potato,787,6690,8.500635324
Uttarakhand,ALMORA,2006,Kharif,Ragi,34215,41329,1.207920503
Uttarakhand,ALMORA,2006,Kharif,Rice,23031,28882,1.254048891
Uttarakhand,ALMORA,2006,Kharif,Sesamum,114,26,0.228070175
Uttarakhand,ALMORA,2006,Kharif,Small millets,14423,17703,1.227414546
Uttarakhand,ALMORA,2006,Kharif,Soyabean,193,248,1.284974093
Uttarakhand,ALMORA,2006,Kharif,Urad,820,590,0.719512195
Uttarakhand,ALMORA,2006,Rabi,Barley,2818,2792,0.990773598
Uttarakhand,ALMORA,2006,Rabi,Gram,3,2,0.666666667
Uttarakhand,ALMORA,2006,Rabi,Masoor,954,353,0.370020964
Uttarakhand,ALMORA,2006,Rabi,Peas & beans (Pulses),19,14,0.736842105
Uttarakhand,ALMORA,2006,Rabi,Potato,939,8921,9.500532481
Uttarakhand,ALMORA,2006,Rabi,Rapeseed &Mustard,436,109,0.25
Uttarakhand,ALMORA,2006,Rabi,Wheat,42173,45430,1.077229507
Uttarakhand,ALMORA,2006,Whole Year,Dry ginger,118,1003,8.5
Uttarakhand,ALMORA,2006,Whole Year,Garlic,150,165,1.1
Uttarakhand,ALMORA,2006,Whole Year,Onion,392,2156,5.5
Uttarakhand,ALMORA,2006,Whole Year,Tobacco,1,,
Uttarakhand,ALMORA,2007,Kharif,Arhar/Tur,5,4,0.8
Uttarakhand,ALMORA,2007,Kharif,Dry chillies,1783,802,0.449803702
Uttarakhand,ALMORA,2007,Kharif,Horse-gram,1478,1153,0.780108254
Uttarakhand,ALMORA,2007,Kharif,Maize,1857,1857,1
Uttarakhand,ALMORA,2007,Kharif,Other Cereals & Millets,14290,16260,1.137858642
Uttarakhand,ALMORA,2007,Kharif,Other Kharif pulses,1600,1089,0.680625
Uttarakhand,ALMORA,2007,Kharif,other oilseeds,4,2,0.5
Uttarakhand,ALMORA,2007,Kharif,Potato,216,1728,8
Uttarakhand,ALMORA,2007,Kharif,Ragi,36138,42998,1.189827882
Uttarakhand,ALMORA,2007,Kharif,Rice,22299,25409,1.139468138
Uttarakhand,ALMORA,2007,Kharif,Sesamum,175,35,0.2
Uttarakhand,ALMORA,2007,Kharif,Soyabean,371,473,1.274932615
Uttarakhand,ALMORA,2007,Kharif,Urad,1062,797,0.75047081
Uttarakhand,ALMORA,2007,Rabi,Barley,3335,2220,0.665667166
Uttarakhand,ALMORA,2007,Rabi,Gram,21,9,0.428571429
Uttarakhand,ALMORA,2007,Rabi,Masoor,1321,528,0.399697199
Uttarakhand,ALMORA,2007,Rabi,Other  Rabi pulses,1,,
Uttarakhand,ALMORA,2007,Rabi,Other Cereals & Millets,125,94,0.752
Uttarakhand,ALMORA,2007,Rabi,other oilseeds,3,1,0.333333333
Uttarakhand,ALMORA,2007,Rabi,Peas & beans (Pulses),19,12,0.631578947
Uttarakhand,ALMORA,2007,Rabi,Potato,636,3158,4.965408805
Uttarakhand,ALMORA,2007,Rabi,Rapeseed &Mustard,767,307,0.400260756
Uttarakhand,ALMORA,2007,Rabi,Wheat,42750,30587,0.71548538
Uttarakhand,ALMORA,2007,Whole Year,Dry ginger,146,1168,8
Uttarakhand,ALMORA,2007,Whole Year,Garlic,176,211,1.198863636
Uttarakhand,ALMORA,2007,Whole Year,Onion,361,1805,5
Uttarakhand,ALMORA,2008,Kharif,Arhar/Tur,5,4,0.8
Uttarakhand,ALMORA,2008,Kharif,Horse-gram,1303,1016,0.779739064
Uttarakhand,ALMORA,2008,Kharif,Maize,1690,1690,1
Uttarakhand,ALMORA,2008,Kharif,Other Cereals & Millets,14660,15808,1.078308322
Uttarakhand,ALMORA,2008,Kharif,Other Kharif pulses,1430,973,0.68041958
Uttarakhand,ALMORA,2008,Kharif,other oilseeds,1,1,1
Uttarakhand,ALMORA,2008,Kharif,Potato,187,1870,10
Uttarakhand,ALMORA,2008,Kharif,Ragi,31210,40697,1.303973086
Uttarakhand,ALMORA,2008,Kharif,Rice,20493,20160,0.983750549
Uttarakhand,ALMORA,2008,Kharif,Sesamum,212,42,0.198113208
Uttarakhand,ALMORA,2008,Kharif,Soyabean,355,408,1.149295775
Uttarakhand,ALMORA,2008,Kharif,Urad,929,725,0.780409042
Uttarakhand,ALMORA,2008,Rabi,Barley,2755,1954,0.709255898
Uttarakhand,ALMORA,2008,Rabi,Gram,1,,
Uttarakhand,ALMORA,2008,Rabi,Masoor,1055,285,0.27014218
Uttarakhand,ALMORA,2008,Rabi,Other Cereals & Millets,222,159,0.716216216
Uttarakhand,ALMORA,2008,Rabi,Peas & beans (Pulses),32,10,0.3125
Uttarakhand,ALMORA,2008,Rabi,Potato,481,3367,7
Uttarakhand,ALMORA,2008,Rabi,Rapeseed &Mustard,426,96,0.225352113
Uttarakhand,ALMORA,2008,Rabi,Wheat,41699,30078,0.721312262
Uttarakhand,ALMORA,2008,Whole Year,Dry ginger,89,846,9.505617978
Uttarakhand,ALMORA,2008,Whole Year,Garlic,176,238,1.352272727
Uttarakhand,ALMORA,2008,Whole Year,Onion,325,1300,4
Uttarakhand,ALMORA,2009,Kharif,Arhar/Tur,24,18,0.75
Uttarakhand,ALMORA,2009,Kharif,Horse-gram,1523,1188,0.780039396
Uttarakhand,ALMORA,2009,Kharif,Maize,1924,1924,1
Uttarakhand,ALMORA,2009,Kharif,Other Cereals & Millets,2,1,0.5
Uttarakhand,ALMORA,2009,Kharif,Other Kharif pulses,1531,1528,0.998040496
Uttarakhand,ALMORA,2009,Kharif,other oilseeds,21,15,0.714285714
Uttarakhand,ALMORA,2009,Kharif,Potato,284,2840,10
Uttarakhand,ALMORA,2009,Kharif,Ragi,32920,34777,1.056409478
Uttarakhand,ALMORA,2009,Kharif,Rice,21069,20655,0.980350278
Uttarakhand,ALMORA,2009,Kharif,Sesamum,188,38,0.20212766
Uttarakhand,ALMORA,2009,Kharif,Small millets,14453,13895,0.961392099
Uttarakhand,ALMORA,2009,Kharif,Soyabean,398,531,1.334170854
Uttarakhand,ALMORA,2009,Kharif,Urad,956,746,0.780334728
Uttarakhand,ALMORA,2009,Rabi,Barley,2964,2413,0.814102564
Uttarakhand,ALMORA,2009,Rabi,Masoor,911,507,0.556531284
Uttarakhand,ALMORA,2009,Rabi,Other Cereals & Millets,96,91,0.947916667
Uttarakhand,ALMORA,2009,Rabi,other oilseeds,1,1,1
Uttarakhand,ALMORA,2009,Rabi,Peas & beans (Pulses),19,8,0.421052632
Uttarakhand,ALMORA,2009,Rabi,Potato,487,3825,7.854209446
Uttarakhand,ALMORA,2009,Rabi,Rapeseed &Mustard,762,459,0.602362205
Uttarakhand,ALMORA,2009,Rabi,Wheat,41022,38381,0.935619911
Uttarakhand,ALMORA,2009,Whole Year,Dry ginger,538,5111,9.5
Uttarakhand,ALMORA,2009,Whole Year,Garlic,62,155,2.5
Uttarakhand,ALMORA,2009,Whole Year,Onion,547,2188,4
Uttarakhand,ALMORA,2010,Kharif,Arhar/Tur,4,3,0.75
Uttarakhand,ALMORA,2010,Kharif,Horse-gram,1782,1408,0.790123457
Uttarakhand,ALMORA,2010,Kharif,Maize,1656,2887,1.743357488
Uttarakhand,ALMORA,2010,Kharif,Other Cereals & Millets,15671,18435,1.176376747
Uttarakhand,ALMORA,2010,Kharif,Other Kharif pulses,1628,1628,1
Uttarakhand,ALMORA,2010,Kharif,other oilseeds,33,14,0.424242424
Uttarakhand,ALMORA,2010,Kharif,Potato,408,2835,6.948529412
Uttarakhand,ALMORA,2010,Kharif,Ragi,35970,43859,1.219321657
Uttarakhand,ALMORA,2010,Kharif,Rice,19294,19886,1.030683114
Uttarakhand,ALMORA,2010,Kharif,Sesamum,116,30,0.25862069
Uttarakhand,ALMORA,2010,Kharif,Soyabean,300,392,1.306666667
Uttarakhand,ALMORA,2010,Kharif,Urad,1045,811,0.776076555
Uttarakhand,ALMORA,2010,Rabi,Barley,3297,3433,1.041249621
Uttarakhand,ALMORA,2010,Rabi,Gram,97,55,0.567010309
Uttarakhand,ALMORA,2010,Rabi,Masoor,908,386,0.425110132
Uttarakhand,ALMORA,2010,Rabi,Other Cereals & Millets,97,112,1.154639175
Uttarakhand,ALMORA,2010,Rabi,Peas & beans (Pulses),22,12,0.545454545
Uttarakhand,ALMORA,2010,Rabi,Potato,573,4718,8.233856894
Uttarakhand,ALMORA,2010,Rabi,Rapeseed &Mustard,503,342,0.679920477
Uttarakhand,ALMORA,2010,Rabi,Wheat,39933,51314,1.285002379
Uttarakhand,ALMORA,2010,Whole Year,Dry ginger,202,1616,8
Uttarakhand,ALMORA,2010,Whole Year,Garlic,177,248,1.401129944
Uttarakhand,ALMORA,2010,Whole Year,Onion,468,2109,4.506410256
Uttarakhand,ALMORA,2011,Kharif,Arhar/Tur,51,39,0.764705882
Uttarakhand,ALMORA,2011,Kharif,Horse-gram,1282,1020,0.795631825
Uttarakhand,ALMORA,2011,Kharif,Maize,1487,2653,1.784129119
Uttarakhand,ALMORA,2011,Kharif,Other Kharif pulses,1567,1802,1.149968092
Uttarakhand,ALMORA,2011,Kharif,Potato,230,1622,7.052173913
Uttarakhand,ALMORA,2011,Kharif,Ragi,34053,43573,1.279564209
Uttarakhand,ALMORA,2011,Kharif,Rice,18736,21252,1.134286934
Uttarakhand,ALMORA,2011,Kharif,Sesamum,105,27,0.257142857
Uttarakhand,ALMORA,2011,Kharif,Small millets,14870,18366,1.235104237
Uttarakhand,ALMORA,2011,Kharif,Soyabean,405,567,1.4
Uttarakhand,ALMORA,2011,Kharif,Urad,875,683,0.780571429
Uttarakhand,ALMORA,2011,Rabi,Barley,2705,2859,1.056931608
Uttarakhand,ALMORA,2011,Rabi,Gram,109,63,0.577981651
Uttarakhand,ALMORA,2011,Rabi,Masoor,855,837,0.978947368
Uttarakhand,ALMORA,2011,Rabi,Other Cereals & Millets,191,182,0.952879581
Uttarakhand,ALMORA,2011,Rabi,Peas & beans (Pulses),51,26,0.509803922
Uttarakhand,ALMORA,2011,Rabi,Potato,713,4500,6.311360449
Uttarakhand,ALMORA,2011,Rabi,Rapeseed &Mustard,480,346,0.720833333
Uttarakhand,ALMORA,2011,Rabi,Wheat,36774,37345,1.015527275
Uttarakhand,ALMORA,2011,Whole Year,Garlic,185,574,3.102702703
Uttarakhand,ALMORA,2011,Whole Year,Ginger,184,1509,8.201086957
Uttarakhand,ALMORA,2011,Whole Year,Onion,396,1820,4.595959596
Uttarakhand,ALMORA,2011,Whole Year,Turmeric,884,7249,8.200226244
Uttarakhand,ALMORA,2012,Kharif,Arhar/Tur,24,18,0.75
Uttarakhand,ALMORA,2012,Kharif,Groundnut,26,26,1
Uttarakhand,ALMORA,2012,Kharif,Horse-gram,1587,1270,0.800252048
Uttarakhand,ALMORA,2012,Kharif,Maize,2028,3103,1.530078895
Uttarakhand,ALMORA,2012,Kharif,Other Kharif pulses,1702,1963,1.153349001
Uttarakhand,ALMORA,2012,Kharif,Potato,631,4417,7
Uttarakhand,ALMORA,2012,Kharif,Ragi,32971,39118,1.186436565
Uttarakhand,ALMORA,2012,Kharif,Rice,18288,19656,1.07480315
Uttarakhand,ALMORA,2012,Kharif,Sesamum,96,24,0.25
Uttarakhand,ALMORA,2012,Kharif,Small millets,14301,17299,1.20963569
Uttarakhand,ALMORA,2012,Kharif,Soyabean,460,646,1.404347826
Uttarakhand,ALMORA,2012,Kharif,Urad,955,740,0.77486911
Uttarakhand,ALMORA,2012,Rabi,Barley,2447,2927,1.196158562
Uttarakhand,ALMORA,2012,Rabi,Gram,2,1,0.5
Uttarakhand,ALMORA,2012,Rabi,Masoor,797,195,0.244667503
Uttarakhand,ALMORA,2012,Rabi,Other Cereals & Millets,100,96,0.96
Uttarakhand,ALMORA,2012,Rabi,Peas & beans (Pulses),56,28,0.5
Uttarakhand,ALMORA,2012,Rabi,Potato,1039,7124,6.856592878
Uttarakhand,ALMORA,2012,Rabi,Rapeseed &Mustard,651,330,0.506912442
Uttarakhand,ALMORA,2012,Rabi,Wheat,37533,49359,1.315082727
Uttarakhand,ALMORA,2012,Whole Year,Garlic,185,546,2.951351351
Uttarakhand,ALMORA,2012,Whole Year,Ginger,215,1742,8.102325581
Uttarakhand,ALMORA,2012,Whole Year,Onion,326,1500,4.601226994
Uttarakhand,ALMORA,2012,Whole Year,Turmeric,123,886,7.203252033
Uttarakhand,ALMORA,2013,Kharif,Arhar/Tur,19,15,0.789473684
Uttarakhand,ALMORA,2013,Kharif,Horse-gram,1668,1251,0.75
Uttarakhand,ALMORA,2013,Kharif,Maize,1623,1962,1.208872458
Uttarakhand,ALMORA,2013,Kharif,Other Kharif pulses,1682,1938,1.152199762
Uttarakhand,ALMORA,2013,Kharif,Potato,610,4575,7.5
Uttarakhand,ALMORA,2013,Kharif,Ragi,33882,39550,1.167286465
Uttarakhand,ALMORA,2013,Kharif,Rice,15597,18545,1.189010707
Uttarakhand,ALMORA,2013,Kharif,Sesamum,164,42,0.256097561
Uttarakhand,ALMORA,2013,Kharif,Small millets,14424,15518,1.075845813
Uttarakhand,ALMORA,2013,Kharif,Soyabean,389,547,1.406169666
Uttarakhand,ALMORA,2013,Kharif,Sunflower,9,9,1
Uttarakhand,ALMORA,2013,Kharif,Urad,1021,715,0.70029383
Uttarakhand,ALMORA,2013,Rabi,Barley,2490,3398,1.364658635
Uttarakhand,ALMORA,2013,Rabi,Gram,21,12,0.571428571
Uttarakhand,ALMORA,2013,Rabi,Masoor,681,582,0.854625551
Uttarakhand,ALMORA,2013,Rabi,Peas & beans (Pulses),14,7,0.5
Uttarakhand,ALMORA,2013,Rabi,Potato,715,5907,8.261538462
Uttarakhand,ALMORA,2013,Rabi,Rapeseed &Mustard,561,432,0.770053476
Uttarakhand,ALMORA,2013,Rabi,Wheat,34854,45099,1.293940437
Uttarakhand,ALMORA,2013,Whole Year,Garlic,175,263,1.502857143
Uttarakhand,ALMORA,2013,Whole Year,Ginger,293,2381,8.126279863
Uttarakhand,ALMORA,2013,Whole Year,Onion,338,1606,4.75147929
Uttarakhand,ALMORA,2013,Whole Year,Turmeric,134,247,1.843283582
Uttarakhand,ALMORA,2014,Kharif,Arhar/Tur,50,39,0.78
Uttarakhand,ALMORA,2014,Kharif,Ginger,150,1361,9.073333333
Uttarakhand,ALMORA,2014,Kharif,Groundnut,1,1,1
Uttarakhand,ALMORA,2014,Kharif,Horse-gram,1694,1401,0.8270366
Uttarakhand,ALMORA,2014,Kharif,Maize,1999,2303,1.152076038
Uttarakhand,ALMORA,2014,Kharif,Other Kharif pulses,1717,1010,0.588235294
Uttarakhand,ALMORA,2014,Kharif,Potato,238,2096,8.806722689
Uttarakhand,ALMORA,2014,Kharif,Pulses total,5140,3652,0.710505837
Uttarakhand,ALMORA,2014,Kharif,Ragi,33569,40898,1.218326432
Uttarakhand,ALMORA,2014,Kharif,Rice,16897,19776,1.170385275
Uttarakhand,ALMORA,2014,Kharif,Sesamum,138,37,0.268115942
Uttarakhand,ALMORA,2014,Kharif,Small millets,12912,16340,1.265489467
Uttarakhand,ALMORA,2014,Kharif,Soyabean,386,283,0.733160622
Uttarakhand,ALMORA,2014,Kharif,Total foodgrain,69700,82372,1.181807747
Uttarakhand,ALMORA,2014,Kharif,Urad,862,605,0.701856148
Uttarakhand,ALMORA,2014,Rabi,Barley,2692,2778,1.031946508
Uttarakhand,ALMORA,2014,Rabi,Gram,5,3,0.6
Uttarakhand,ALMORA,2014,Rabi,Lentil,929,693,0.745963402
Uttarakhand,ALMORA,2014,Rabi,Masoor,929,693,0.745963402
Uttarakhand,ALMORA,2014,Rabi,Other Cereals & Millets,268,249,0.929104478
Uttarakhand,ALMORA,2014,Rabi,Peas & beans (Pulses),129,66,0.511627907
Uttarakhand,ALMORA,2014,Rabi,Potato,925,7400,8
Uttarakhand,ALMORA,2014,Rabi,Pulses total,1195,872,0.729707113
Uttarakhand,ALMORA,2014,Rabi,Rapeseed &Mustard,685,374,0.545985401
Uttarakhand,ALMORA,2014,Rabi,Total foodgrain,39987,45039,1.126341061
Uttarakhand,ALMORA,2014,Rabi,Wheat,35964,41250,1.146980314
Uttarakhand,ALMORA,2014,Whole Year,Garlic,212,320,1.509433962
Uttarakhand,ALMORA,2014,Whole Year,Ginger,143,1297,9.06993007
Uttarakhand,ALMORA,2014,Whole Year,Onion,523,2484,4.749521989
Uttarakhand,ALMORA,2014,Whole Year,Pulses total,6335,4524,0.714127861
Uttarakhand,ALMORA,2014,Whole Year,Rice,16897,19776,1.170385275
Uttarakhand,ALMORA,2014,Whole Year,Total foodgrain,109687,127411,1.161587061
Uttarakhand,ALMORA,2014,Whole Year,Turmeric,166,302,1.819277108
Uttarakhand,BAGESHWAR,2000,Kharif,Horse-gram,287,215,0.74912892
Uttarakhand,BAGESHWAR,2000,Kharif,Maize,391,432,1.104859335
Uttarakhand,BAGESHWAR,2000,Kharif,Other Cereals & Millets,780,312,0.4
Uttarakhand,BAGESHWAR,2000,Kharif,Other Kharif pulses,562,389,0.692170819
Uttarakhand,BAGESHWAR,2000,Kharif,Ragi,7469,10370,1.388405409
Uttarakhand,BAGESHWAR,2000,Kharif,Rice,13020,25585,1.965053763
Uttarakhand,BAGESHWAR,2000,Kharif,Sesamum,5,1,0.2
Uttarakhand,BAGESHWAR,2000,Kharif,Small millets,681,752,1.104258443
Uttarakhand,BAGESHWAR,2000,Kharif,Soyabean,116,81,0.698275862
Uttarakhand,BAGESHWAR,2000,Kharif,Urad,129,65,0.503875969
Uttarakhand,BAGESHWAR,2000,Rabi,Barley,2867,4341,1.514126264
Uttarakhand,BAGESHWAR,2000,Rabi,Gram,5,3,0.6
Uttarakhand,BAGESHWAR,2000,Rabi,Masoor,1079,593,0.549582947
Uttarakhand,BAGESHWAR,2000,Rabi,Other Cereals & Millets,10,10,1
Uttarakhand,BAGESHWAR,2000,Rabi,Peas & beans (Pulses),15,8,0.533333333
Uttarakhand,BAGESHWAR,2000,Rabi,Potato,137,2755,20.10948905
Uttarakhand,BAGESHWAR,2000,Rabi,Rapeseed &Mustard,162,81,0.5
Uttarakhand,BAGESHWAR,2000,Rabi,Wheat,14725,19025,1.292020374
Uttarakhand,BAGESHWAR,2000,Whole Year,Dry ginger,5,55,11
Uttarakhand,BAGESHWAR,2000,Whole Year,Garlic,30,36,1.2
Uttarakhand,BAGESHWAR,2000,Whole Year,Onion,116,355,3.060344828
Uttarakhand,BAGESHWAR,2001,Kharif,Horse-gram,298,158,0.530201342
Uttarakhand,BAGESHWAR,2001,Kharif,Maize,393,428,1.089058524
Uttarakhand,BAGESHWAR,2001,Kharif,Other Cereals & Millets,137,55,0.401459854
Uttarakhand,BAGESHWAR,2001,Kharif,Other Kharif pulses,589,319,0.541595925
Uttarakhand,BAGESHWAR,2001,Kharif,Potato,55,1088,19.78181818
Uttarakhand,BAGESHWAR,2001,Kharif,Ragi,7075,9066,1.281413428
Uttarakhand,BAGESHWAR,2001,Kharif,Rice,14239,17553,1.232741063
Uttarakhand,BAGESHWAR,2001,Kharif,Sesamum,10,2,0.2
Uttarakhand,BAGESHWAR,2001,Kharif,Small millets,1340,1962,1.464179104
Uttarakhand,BAGESHWAR,2001,Kharif,Soyabean,186,112,0.602150538
Uttarakhand,BAGESHWAR,2001,Kharif,Urad,95,53,0.557894737
Uttarakhand,BAGESHWAR,2001,Rabi,Barley,1301,1644,1.263643351
Uttarakhand,BAGESHWAR,2001,Rabi,Masoor,968,523,0.540289256
Uttarakhand,BAGESHWAR,2001,Rabi,Other Cereals & Millets,5,6,1.2
Uttarakhand,BAGESHWAR,2001,Rabi,Potato,529,10464,19.78071834
Uttarakhand,BAGESHWAR,2001,Rabi,Rapeseed &Mustard,80,42,0.525
Uttarakhand,BAGESHWAR,2001,Rabi,Wheat,14639,18882,1.289842202
Uttarakhand,BAGESHWAR,2001,Whole Year,Dry ginger,15,165,11
Uttarakhand,BAGESHWAR,2001,Whole Year,Garlic,20,25,1.25
Uttarakhand,BAGESHWAR,2001,Whole Year,Onion,89,272,3.056179775
Uttarakhand,BAGESHWAR,2002,Kharif,Horse-gram,151,91,0.602649007
Uttarakhand,BAGESHWAR,2002,Kharif,Maize,573,382,0.666666667
Uttarakhand,BAGESHWAR,2002,Kharif,Other Cereals & Millets,411,164,0.399026764
Uttarakhand,BAGESHWAR,2002,Kharif,Other Kharif pulses,493,311,0.630831643
Uttarakhand,BAGESHWAR,2002,Kharif,Potato,423,8367,19.78014184
Uttarakhand,BAGESHWAR,2002,Kharif,Ragi,5770,5544,0.960831889
Uttarakhand,BAGESHWAR,2002,Kharif,Rice,13348,13177,0.987189092
Uttarakhand,BAGESHWAR,2002,Kharif,Small millets,1125,675,0.6
Uttarakhand,BAGESHWAR,2002,Kharif,Sunflower,58,35,0.603448276
Uttarakhand,BAGESHWAR,2002,Kharif,Urad,101,45,0.445544554
Uttarakhand,BAGESHWAR,2002,Rabi,Barley,2070,3005,1.451690821
Uttarakhand,BAGESHWAR,2002,Rabi,Masoor,986,444,0.45030426
Uttarakhand,BAGESHWAR,2002,Rabi,other oilseeds,34,16,0.470588235
Uttarakhand,BAGESHWAR,2002,Rabi,Peas & beans (Pulses),14,7,0.5
Uttarakhand,BAGESHWAR,2002,Rabi,Potato,251,4965,19.78087649
Uttarakhand,BAGESHWAR,2002,Rabi,Rapeseed &Mustard,99,48,0.484848485
Uttarakhand,BAGESHWAR,2002,Rabi,Wheat,14306,18445,1.289319167
Uttarakhand,BAGESHWAR,2002,Whole Year,Dry ginger,10,112,11.2
Uttarakhand,BAGESHWAR,2002,Whole Year,Garlic,34,46,1.352941176
Uttarakhand,BAGESHWAR,2002,Whole Year,Onion,116,355,3.060344828
Uttarakhand,BAGESHWAR,2003,Kharif,Horse-gram,63,46,0.73015873
Uttarakhand,BAGESHWAR,2003,Kharif,Maize,1275,1705,1.337254902
Uttarakhand,BAGESHWAR,2003,Kharif,Other Cereals & Millets,726,520,0.716253444
Uttarakhand,BAGESHWAR,2003,Kharif,Other Kharif pulses,1857,1470,0.791599354
Uttarakhand,BAGESHWAR,2003,Kharif,other oilseeds,1,1,1
Uttarakhand,BAGESHWAR,2003,Kharif,Ragi,5780,9803,1.696020761
Uttarakhand,BAGESHWAR,2003,Kharif,Rice,12602,18981,1.506189494
Uttarakhand,BAGESHWAR,2003,Kharif,Sesamum,7,1,0.142857143
Uttarakhand,BAGESHWAR,2003,Kharif,Soyabean,75,107,1.426666667
Uttarakhand,BAGESHWAR,2003,Kharif,Urad,138,55,0.398550725
Uttarakhand,BAGESHWAR,2003,Rabi,Barley,1913,2130,1.113434396
Uttarakhand,BAGESHWAR,2003,Rabi,Gram,1,1,1
Uttarakhand,BAGESHWAR,2003,Rabi,Masoor,1571,829,0.52768937
Uttarakhand,BAGESHWAR,2003,Rabi,Other  Rabi pulses,3,1,0.333333333
Uttarakhand,BAGESHWAR,2003,Rabi,Other Cereals & Millets,134,137,1.02238806
Uttarakhand,BAGESHWAR,2003,Rabi,other oilseeds,1,,
Uttarakhand,BAGESHWAR,2003,Rabi,Peas & beans (Pulses),1,,
Uttarakhand,BAGESHWAR,2003,Rabi,Rapeseed &Mustard,183,101,0.551912568
Uttarakhand,BAGESHWAR,2003,Rabi,Wheat,14170,13787,0.972971066
Uttarakhand,BAGESHWAR,2003,Whole Year,Dry ginger,10,110,11
Uttarakhand,BAGESHWAR,2003,Whole Year,Garlic,45,,
Uttarakhand,BAGESHWAR,2003,Whole Year,Onion,116,1276,11
Uttarakhand,BAGESHWAR,2003,Whole Year,Potato,480,6000,12.5
Uttarakhand,BAGESHWAR,2004,Kharif,Arhar/Tur,1,1,1
Uttarakhand,BAGESHWAR,2004,Kharif,Horse-gram,358,251,0.701117318
Uttarakhand,BAGESHWAR,2004,Kharif,Maize,428,529,1.235981308
Uttarakhand,BAGESHWAR,2004,Kharif,Other Cereals & Millets,856,821,0.95911215
Uttarakhand,BAGESHWAR,2004,Kharif,Other Kharif pulses,612,520,0.849673203
Uttarakhand,BAGESHWAR,2004,Kharif,Ragi,6261,7736,1.23558537
Uttarakhand,BAGESHWAR,2004,Kharif,Rice,12481,16619,1.331543947
Uttarakhand,BAGESHWAR,2004,Kharif,Sesamum,23,5,0.217391304
Uttarakhand,BAGESHWAR,2004,Kharif,Soyabean,60,72,1.2
Uttarakhand,BAGESHWAR,2004,Kharif,Urad,120,49,0.408333333
Uttarakhand,BAGESHWAR,2004,Rabi,Barley,1923,2638,1.371814873
Uttarakhand,BAGESHWAR,2004,Rabi,Gram,11,9,0.818181818
Uttarakhand,BAGESHWAR,2004,Rabi,Masoor,1193,716,0.600167645
Uttarakhand,BAGESHWAR,2004,Rabi,Other  Rabi pulses,1,1,1
Uttarakhand,BAGESHWAR,2004,Rabi,Other Cereals & Millets,8,12,1.5
Uttarakhand,BAGESHWAR,2004,Rabi,Peas & beans (Pulses),61,37,0.606557377
Uttarakhand,BAGESHWAR,2004,Rabi,Rapeseed &Mustard,61,31,0.508196721
Uttarakhand,BAGESHWAR,2004,Rabi,Wheat,13621,21527,1.580427281
Uttarakhand,BAGESHWAR,2004,Whole Year,Dry ginger,8,88,11
Uttarakhand,BAGESHWAR,2004,Whole Year,Onion,152,1368,9
Uttarakhand,BAGESHWAR,2004,Whole Year,Potato,433,4980,11.50115473
Uttarakhand,BAGESHWAR,2005,Kharif,Horse-gram,29,17,0.586206897
Uttarakhand,BAGESHWAR,2005,Kharif,Maize,1468,1058,0.720708447
Uttarakhand,BAGESHWAR,2005,Kharif,Other Cereals & Millets,1359,1156,0.85062546
Uttarakhand,BAGESHWAR,2005,Kharif,Other Kharif pulses,1034,557,0.53868472
Uttarakhand,BAGESHWAR,2005,Kharif,other oilseeds,38,19,0.5
Uttarakhand,BAGESHWAR,2005,Kharif,Ragi,5840,7160,1.226027397
Uttarakhand,BAGESHWAR,2005,Kharif,Rice,15699,22304,1.420727435
Uttarakhand,BAGESHWAR,2005,Kharif,Sesamum,20,5,0.25
Uttarakhand,BAGESHWAR,2005,Kharif,Urad,137,68,0.496350365
Uttarakhand,BAGESHWAR,2005,Rabi,Barley,1786,1050,0.587905935
Uttarakhand,BAGESHWAR,2005,Rabi,Gram,12,7,0.583333333
Uttarakhand,BAGESHWAR,2005,Rabi,Masoor,1040,530,0.509615385
Uttarakhand,BAGESHWAR,2005,Rabi,Peas & beans (Pulses),6,4,0.666666667
Uttarakhand,BAGESHWAR,2005,Rabi,Rapeseed &Mustard,145,73,0.503448276
Uttarakhand,BAGESHWAR,2005,Rabi,Wheat,17565,17334,0.986848847
Uttarakhand,BAGESHWAR,2005,Whole Year,Dry ginger,7,77,11
Uttarakhand,BAGESHWAR,2005,Whole Year,Onion,158,1548,9.797468354
Uttarakhand,BAGESHWAR,2005,Whole Year,Potato,336,4267,12.69940476
Uttarakhand,BAGESHWAR,2006,Kharif,Arhar/Tur,1,1,1
Uttarakhand,BAGESHWAR,2006,Kharif,Horse-gram,17,14,0.823529412
Uttarakhand,BAGESHWAR,2006,Kharif,Maize,355,337,0.949295775
Uttarakhand,BAGESHWAR,2006,Kharif,Other Cereals & Millets,366,123,0.336065574
Uttarakhand,BAGESHWAR,2006,Kharif,Other Kharif pulses,1064,688,0.646616541
Uttarakhand,BAGESHWAR,2006,Kharif,other oilseeds,1,1,1
Uttarakhand,BAGESHWAR,2006,Kharif,Potato,251,1855,7.390438247
Uttarakhand,BAGESHWAR,2006,Kharif,Ragi,6230,6973,1.119261637
Uttarakhand,BAGESHWAR,2006,Kharif,Rice,13759,16922,1.229885893
Uttarakhand,BAGESHWAR,2006,Kharif,Sesamum,8,2,0.25
Uttarakhand,BAGESHWAR,2006,Kharif,Small millets,2192,1974,0.900547445
Uttarakhand,BAGESHWAR,2006,Kharif,Soyabean,20,25,1.25
Uttarakhand,BAGESHWAR,2006,Kharif,Urad,128,91,0.7109375
Uttarakhand,BAGESHWAR,2006,Rabi,Barley,2124,2487,1.170903955
Uttarakhand,BAGESHWAR,2006,Rabi,Gram,14,7,0.5
Uttarakhand,BAGESHWAR,2006,Rabi,Masoor,1264,569,0.450158228
Uttarakhand,BAGESHWAR,2006,Rabi,Peas & beans (Pulses),27,18,0.666666667
Uttarakhand,BAGESHWAR,2006,Rabi,Potato,105,1050,10
Uttarakhand,BAGESHWAR,2006,Rabi,Rapeseed &Mustard,363,91,0.250688705
Uttarakhand,BAGESHWAR,2006,Rabi,Wheat,15907,18907,1.188596216
Uttarakhand,BAGESHWAR,2006,Whole Year,Dry ginger,6,66,11
Uttarakhand,BAGESHWAR,2006,Whole Year,Garlic,37,52,1.405405405
Uttarakhand,BAGESHWAR,2006,Whole Year,Onion,133,665,5
Uttarakhand,BAGESHWAR,2006,Whole Year,Turmeric,36,79,2.194444444
Uttarakhand,BAGESHWAR,2007,Kharif,Arhar/Tur,37,30,0.810810811
Uttarakhand,BAGESHWAR,2007,Kharif,Dry chillies,187,75,0.401069519
Uttarakhand,BAGESHWAR,2007,Kharif,Horse-gram,18,17,0.944444444
Uttarakhand,BAGESHWAR,2007,Kharif,Maize,806,988,1.225806452
Uttarakhand,BAGESHWAR,2007,Kharif,Other Cereals & Millets,750,850,1.133333333
Uttarakhand,BAGESHWAR,2007,Kharif,Other Kharif pulses,746,565,0.757372654
Uttarakhand,BAGESHWAR,2007,Kharif,Potato,51,441,8.647058824
Uttarakhand,BAGESHWAR,2007,Kharif,Ragi,6053,8623,1.424582851
Uttarakhand,BAGESHWAR,2007,Kharif,Rice,12781,16239,1.270557859
Uttarakhand,BAGESHWAR,2007,Kharif,Sesamum,24,5,0.208333333
Uttarakhand,BAGESHWAR,2007,Kharif,Soyabean,7,9,1.285714286
Uttarakhand,BAGESHWAR,2007,Kharif,Urad,129,102,0.790697674
Uttarakhand,BAGESHWAR,2007,Rabi,Barley,2739,3206,1.170500183
Uttarakhand,BAGESHWAR,2007,Rabi,Gram,6,3,0.5
Uttarakhand,BAGESHWAR,2007,Rabi,Masoor,1040,442,0.425
Uttarakhand,BAGESHWAR,2007,Rabi,Other  Rabi pulses,52,23,0.442307692
Uttarakhand,BAGESHWAR,2007,Rabi,Peas & beans (Pulses),12,8,0.666666667
Uttarakhand,BAGESHWAR,2007,Rabi,Potato,125,606,4.848
Uttarakhand,BAGESHWAR,2007,Rabi,Rapeseed &Mustard,180,77,0.427777778
Uttarakhand,BAGESHWAR,2007,Rabi,Wheat,14872,17266,1.160973642
Uttarakhand,BAGESHWAR,2007,Whole Year,Dry ginger,11,129,11.72727273
Uttarakhand,BAGESHWAR,2007,Whole Year,Garlic,45,68,1.511111111
Uttarakhand,BAGESHWAR,2007,Whole Year,Onion,156,936,6
Uttarakhand,BAGESHWAR,2007,Whole Year,Tobacco,4,12,3
Uttarakhand,BAGESHWAR,2007,Whole Year,Turmeric,42,80,1.904761905
Uttarakhand,BAGESHWAR,2008,Kharif,Arhar/Tur,4,2,0.5
Uttarakhand,BAGESHWAR,2008,Kharif,Groundnut,1,1,1
Uttarakhand,BAGESHWAR,2008,Kharif,Horse-gram,255,242,0.949019608
Uttarakhand,BAGESHWAR,2008,Kharif,Maize,381,519,1.362204724
Uttarakhand,BAGESHWAR,2008,Kharif,Other Cereals & Millets,755,644,0.852980132
Uttarakhand,BAGESHWAR,2008,Kharif,Other Kharif pulses,633,475,0.750394945
Uttarakhand,BAGESHWAR,2008,Kharif,Potato,49,597,12.18367347
Uttarakhand,BAGESHWAR,2008,Kharif,Ragi,5828,9387,1.610672615
Uttarakhand,BAGESHWAR,2008,Kharif,Rice,14862,20439,1.375252321
Uttarakhand,BAGESHWAR,2008,Kharif,Sesamum,9,2,0.222222222
Uttarakhand,BAGESHWAR,2008,Kharif,Soyabean,45,54,1.2
Uttarakhand,BAGESHWAR,2008,Kharif,Urad,124,61,0.491935484
Uttarakhand,BAGESHWAR,2008,Rabi,Barley,1480,1546,1.044594595
Uttarakhand,BAGESHWAR,2008,Rabi,Gram,10,3,0.3
Uttarakhand,BAGESHWAR,2008,Rabi,Masoor,1036,285,0.275096525
Uttarakhand,BAGESHWAR,2008,Rabi,Other  Rabi pulses,1,,
Uttarakhand,BAGESHWAR,2008,Rabi,Peas & beans (Pulses),7,2,0.285714286
Uttarakhand,BAGESHWAR,2008,Rabi,Potato,139,1112,8
Uttarakhand,BAGESHWAR,2008,Rabi,Rapeseed &Mustard,127,32,0.251968504
Uttarakhand,BAGESHWAR,2008,Rabi,Wheat,15894,16426,1.03347175
Uttarakhand,BAGESHWAR,2008,Whole Year,Dry ginger,9,72,8
Uttarakhand,BAGESHWAR,2008,Whole Year,Garlic,48,71,1.479166667
Uttarakhand,BAGESHWAR,2008,Whole Year,Onion,124,620,5
Uttarakhand,BAGESHWAR,2008,Whole Year,Turmeric,41,86,2.097560976
Uttarakhand,BAGESHWAR,2009,Kharif,Arhar/Tur,3,1,0.333333333
Uttarakhand,BAGESHWAR,2009,Kharif,Horse-gram,270,234,0.866666667
Uttarakhand,BAGESHWAR,2009,Kharif,Maize,376,512,1.361702128
Uttarakhand,BAGESHWAR,2009,Kharif,Other Cereals & Millets,86,47,0.546511628
Uttarakhand,BAGESHWAR,2009,Kharif,Other Kharif pulses,950,930,0.978947368
Uttarakhand,BAGESHWAR,2009,Kharif,other oilseeds,18,13,0.722222222
Uttarakhand,BAGESHWAR,2009,Kharif,Potato,69,600,8.695652174
Uttarakhand,BAGESHWAR,2009,Kharif,Ragi,6341,9327,1.470903643
Uttarakhand,BAGESHWAR,2009,Kharif,Rice,12629,16972,1.343891044
Uttarakhand,BAGESHWAR,2009,Kharif,Sesamum,5,1,0.2
Uttarakhand,BAGESHWAR,2009,Kharif,Small millets,1064,1196,1.12406015
Uttarakhand,BAGESHWAR,2009,Kharif,Soyabean,7,9,1.285714286
Uttarakhand,BAGESHWAR,2009,Kharif,Urad,167,82,0.491017964
Uttarakhand,BAGESHWAR,2009,Rabi,Barley,1507,1824,1.210351692
Uttarakhand,BAGESHWAR,2009,Rabi,Gram,10,7,0.7
Uttarakhand,BAGESHWAR,2009,Rabi,Masoor,1356,919,0.677728614
Uttarakhand,BAGESHWAR,2009,Rabi,Other  Rabi pulses,130,98,0.753846154
Uttarakhand,BAGESHWAR,2009,Rabi,Peas & beans (Pulses),8,5,0.625
Uttarakhand,BAGESHWAR,2009,Rabi,Potato,185,851,4.6
Uttarakhand,BAGESHWAR,2009,Rabi,Rapeseed &Mustard,96,50,0.520833333
Uttarakhand,BAGESHWAR,2009,Rabi,Wheat,14552,16585,1.139705882
Uttarakhand,BAGESHWAR,2009,Whole Year,Dry ginger,21,60,2.857142857
Uttarakhand,BAGESHWAR,2009,Whole Year,Garlic,58,145,2.5
Uttarakhand,BAGESHWAR,2009,Whole Year,Onion,164,656,4
Uttarakhand,BAGESHWAR,2009,Whole Year,Turmeric,54,65,1.203703704
Uttarakhand,BAGESHWAR,2010,Kharif,Horse-gram,234,214,0.914529915
Uttarakhand,BAGESHWAR,2010,Kharif,Maize,303,400,1.320132013
Uttarakhand,BAGESHWAR,2010,Kharif,Other Cereals & Millets,1020,972,0.952941176
Uttarakhand,BAGESHWAR,2010,Kharif,Other Kharif pulses,738,556,0.753387534
Uttarakhand,BAGESHWAR,2010,Kharif,Potato,197,1369,6.949238579
Uttarakhand,BAGESHWAR,2010,Kharif,Ragi,6319,7238,1.145434404
Uttarakhand,BAGESHWAR,2010,Kharif,Rice,13700,16519,1.205766423
Uttarakhand,BAGESHWAR,2010,Kharif,Sesamum,14,4,0.285714286
Uttarakhand,BAGESHWAR,2010,Kharif,Soyabean,70,93,1.328571429
Uttarakhand,BAGESHWAR,2010,Kharif,Urad,82,46,0.56097561
Uttarakhand,BAGESHWAR,2010,Rabi,Barley,1237,1596,1.29021827
Uttarakhand,BAGESHWAR,2010,Rabi,Gram,5,3,0.6
Uttarakhand,BAGESHWAR,2010,Rabi,Masoor,1401,965,0.688793719
Uttarakhand,BAGESHWAR,2010,Rabi,other oilseeds,1,1,1
Uttarakhand,BAGESHWAR,2010,Rabi,Peas & beans (Pulses),8,6,0.75
Uttarakhand,BAGESHWAR,2010,Rabi,Potato,85,515,6.058823529
Uttarakhand,BAGESHWAR,2010,Rabi,Rapeseed &Mustard,62,20,0.322580645
Uttarakhand,BAGESHWAR,2010,Rabi,Wheat,14903,18950,1.271556063
Uttarakhand,BAGESHWAR,2010,Whole Year,Dry ginger,5,43,8.6
Uttarakhand,BAGESHWAR,2010,Whole Year,Garlic,40,58,1.45
Uttarakhand,BAGESHWAR,2010,Whole Year,Onion,115,519,4.513043478
Uttarakhand,BAGESHWAR,2010,Whole Year,Turmeric,37,72,1.945945946
Uttarakhand,BAGESHWAR,2011,Kharif,Arhar/Tur,19,5,0.263157895
Uttarakhand,BAGESHWAR,2011,Kharif,Horse-gram,239,206,0.861924686
Uttarakhand,BAGESHWAR,2011,Kharif,Maize,406,577,1.421182266
Uttarakhand,BAGESHWAR,2011,Kharif,Other Kharif pulses,590,472,0.8
Uttarakhand,BAGESHWAR,2011,Kharif,Potato,74,532,7.189189189
Uttarakhand,BAGESHWAR,2011,Kharif,Ragi,5534,7895,1.426635345
Uttarakhand,BAGESHWAR,2011,Kharif,Rice,13727,19455,1.417279814
Uttarakhand,BAGESHWAR,2011,Kharif,Sesamum,14,4,0.285714286
Uttarakhand,BAGESHWAR,2011,Kharif,Small millets,881,543,0.616345062
Uttarakhand,BAGESHWAR,2011,Kharif,Soyabean,178,251,1.41011236
Uttarakhand,BAGESHWAR,2011,Kharif,Urad,97,55,0.567010309
Uttarakhand,BAGESHWAR,2011,Rabi,Barley,983,1628,1.656154629
Uttarakhand,BAGESHWAR,2011,Rabi,Gram,3,2,0.666666667
Uttarakhand,BAGESHWAR,2011,Rabi,Masoor,1437,1130,0.786360473
Uttarakhand,BAGESHWAR,2011,Rabi,Peas & beans (Pulses),9,6,0.666666667
Uttarakhand,BAGESHWAR,2011,Rabi,Potato,122,647,5.303278689
Uttarakhand,BAGESHWAR,2011,Rabi,Rapeseed &Mustard,78,26,0.333333333
Uttarakhand,BAGESHWAR,2011,Rabi,Wheat,14509,20632,1.422013922
Uttarakhand,BAGESHWAR,2011,Whole Year,Garlic,45,131,2.911111111
Uttarakhand,BAGESHWAR,2011,Whole Year,Ginger,5,43,8.6
Uttarakhand,BAGESHWAR,2011,Whole Year,Onion,106,488,4.603773585
Uttarakhand,BAGESHWAR,2011,Whole Year,Turmeric,49,417,8.510204082
Uttarakhand,BAGESHWAR,2012,Kharif,Arhar/Tur,2,2,1
Uttarakhand,BAGESHWAR,2012,Kharif,Horse-gram,441,367,0.832199546
Uttarakhand,BAGESHWAR,2012,Kharif,Maize,429,603,1.405594406
Uttarakhand,BAGESHWAR,2012,Kharif,Other Kharif pulses,691,556,0.80463097
Uttarakhand,BAGESHWAR,2012,Kharif,Potato,301,2835,9.418604651
Uttarakhand,BAGESHWAR,2012,Kharif,Ragi,5994,9211,1.53670337
Uttarakhand,BAGESHWAR,2012,Kharif,Rice,13272,19740,1.487341772
Uttarakhand,BAGESHWAR,2012,Kharif,Sesamum,3,1,0.333333333
Uttarakhand,BAGESHWAR,2012,Kharif,Small millets,1379,1034,0.749818709
Uttarakhand,BAGESHWAR,2012,Kharif,Soyabean,42,59,1.404761905
Uttarakhand,BAGESHWAR,2012,Kharif,Urad,148,83,0.560810811
Uttarakhand,BAGESHWAR,2012,Rabi,Barley,1290,1621,1.256589147
Uttarakhand,BAGESHWAR,2012,Rabi,Gram,7,4,0.571428571
Uttarakhand,BAGESHWAR,2012,Rabi,Masoor,1211,766,0.632535095
Uttarakhand,BAGESHWAR,2012,Rabi,other oilseeds,5,2,0.4
Uttarakhand,BAGESHWAR,2012,Rabi,Peas & beans (Pulses),17,12,0.705882353
Uttarakhand,BAGESHWAR,2012,Rabi,Potato,71,700,9.85915493
Uttarakhand,BAGESHWAR,2012,Rabi,Rapeseed &Mustard,134,44,0.328358209
Uttarakhand,BAGESHWAR,2012,Rabi,Wheat,15252,24090,1.579464988
Uttarakhand,BAGESHWAR,2012,Whole Year,Garlic,57,148,2.596491228
Uttarakhand,BAGESHWAR,2012,Whole Year,Ginger,8,69,8.625
Uttarakhand,BAGESHWAR,2012,Whole Year,Onion,136,626,4.602941176
Uttarakhand,BAGESHWAR,2012,Whole Year,Turmeric,54,351,6.5
Uttarakhand,BAGESHWAR,2013,Kharif,Arhar/Tur,12,9,0.75
Uttarakhand,BAGESHWAR,2013,Kharif,Groundnut,2,2,1
Uttarakhand,BAGESHWAR,2013,Kharif,Horse-gram,233,119,0.510729614
Uttarakhand,BAGESHWAR,2013,Kharif,Maize,337,473,1.403560831
Uttarakhand,BAGESHWAR,2013,Kharif,Other Kharif pulses,1189,876,0.736753574
Uttarakhand,BAGESHWAR,2013,Kharif,Potato,328,2706,8.25
Uttarakhand,BAGESHWAR,2013,Kharif,Ragi,5451,8086,1.483397542
Uttarakhand,BAGESHWAR,2013,Kharif,Rice,13580,19492,1.435346097
Uttarakhand,BAGESHWAR,2013,Kharif,Sesamum,3,1,0.333333333
Uttarakhand,BAGESHWAR,2013,Kharif,Small millets,1134,856,0.754850088
Uttarakhand,BAGESHWAR,2013,Kharif,Soyabean,26,37,1.423076923
Uttarakhand,BAGESHWAR,2013,Kharif,Urad,119,68,0.571428571
Uttarakhand,BAGESHWAR,2013,Rabi,Barley,1485,1913,1.288215488
Uttarakhand,BAGESHWAR,2013,Rabi,Gram,13,7,0.538461538
Uttarakhand,BAGESHWAR,2013,Rabi,Masoor,1113,730,0.655884996
Uttarakhand,BAGESHWAR,2013,Rabi,Peas & beans (Pulses),7,5,0.714285714
Uttarakhand,BAGESHWAR,2013,Rabi,Potato,75,598,7.973333333
Uttarakhand,BAGESHWAR,2013,Rabi,Rapeseed &Mustard,134,45,0.335820896
Uttarakhand,BAGESHWAR,2013,Rabi,Wheat,14603,25288,1.731698966
Uttarakhand,BAGESHWAR,2013,Whole Year,Garlic,44,67,1.522727273
Uttarakhand,BAGESHWAR,2013,Whole Year,Ginger,10,86,8.6
Uttarakhand,BAGESHWAR,2013,Whole Year,Onion,137,634,4.627737226
Uttarakhand,BAGESHWAR,2013,Whole Year,Turmeric,62,112,1.806451613
Uttarakhand,BAGESHWAR,2014,Kharif,Bajra,2,2,1
Uttarakhand,BAGESHWAR,2014,Kharif,Ginger,18,155,8.611111111
Uttarakhand,BAGESHWAR,2014,Kharif,Horse-gram,191,99,0.518324607
Uttarakhand,BAGESHWAR,2014,Kharif,Maize,279,279,1
Uttarakhand,BAGESHWAR,2014,Kharif,Other Cereals & Millets,17,8,0.470588235
Uttarakhand,BAGESHWAR,2014,Kharif,Other Kharif pulses,952,1049,1.101890756
Uttarakhand,BAGESHWAR,2014,Kharif,Potato,29,267,9.206896552
Uttarakhand,BAGESHWAR,2014,Kharif,Pulses total,1220,1139,0.933606557
Uttarakhand,BAGESHWAR,2014,Kharif,Ragi,6374,8455,1.326482586
Uttarakhand,BAGESHWAR,2014,Kharif,Rice,13130,19916,1.516831683
Uttarakhand,BAGESHWAR,2014,Kharif,Sesamum,8,2,0.25
Uttarakhand,BAGESHWAR,2014,Kharif,Small millets,712,837,1.175561798
Uttarakhand,BAGESHWAR,2014,Kharif,Soyabean,25,20,0.8
Uttarakhand,BAGESHWAR,2014,Kharif,Total foodgrain,21798,30724,1.409487109
Uttarakhand,BAGESHWAR,2014,Kharif,Urad,141,79,0.560283688
Uttarakhand,BAGESHWAR,2014,Rabi,Barley,922,903,0.979392625
Uttarakhand,BAGESHWAR,2014,Rabi,Gram,4,2,0.5
Uttarakhand,BAGESHWAR,2014,Rabi,Lentil,1091,687,0.629697525
Uttarakhand,BAGESHWAR,2014,Rabi,Masoor,1091,687,0.629697525
Uttarakhand,BAGESHWAR,2014,Rabi,Peas & beans (Pulses),3,2,0.666666667
Uttarakhand,BAGESHWAR,2014,Rabi,Potato,95,757,7.968421053
Uttarakhand,BAGESHWAR,2014,Rabi,Pulses total,1826,1150,0.629791895
Uttarakhand,BAGESHWAR,2014,Rabi,Rapeseed &Mustard,176,76,0.431818182
Uttarakhand,BAGESHWAR,2014,Rabi,Total foodgrain,16924,15296,0.903805247
Uttarakhand,BAGESHWAR,2014,Rabi,Wheat,14904,13702,0.91935051
Uttarakhand,BAGESHWAR,2014,Whole Year,Garlic,54,83,1.537037037
Uttarakhand,BAGESHWAR,2014,Whole Year,Ginger,12,103,8.583333333
Uttarakhand,BAGESHWAR,2014,Whole Year,Onion,123,569,4.62601626
Uttarakhand,BAGESHWAR,2014,Whole Year,Pulses total,3046,2289,0.751477347
Uttarakhand,BAGESHWAR,2014,Whole Year,Rice,13130,19916,1.516831683
Uttarakhand,BAGESHWAR,2014,Whole Year,Total foodgrain,38722,46020,1.18847167
Uttarakhand,BAGESHWAR,2014,Whole Year,Turmeric,52,94,1.807692308
Uttarakhand,CHAMOLI,2000,Kharif,Arhar/Tur,100,55,0.55
Uttarakhand,CHAMOLI,2000,Kharif,Horse-gram,392,235,0.599489796
Uttarakhand,CHAMOLI,2000,Kharif,Maize,211,268,1.27014218
Uttarakhand,CHAMOLI,2000,Kharif,Other Cereals & Millets,580,174,0.3
Uttarakhand,CHAMOLI,2000,Kharif,Other Kharif pulses,670,412,0.614925373
Uttarakhand,CHAMOLI,2000,Kharif,Potato,1560,28626,18.35
Uttarakhand,CHAMOLI,2000,Kharif,Ragi,10639,17942,1.686436695
Uttarakhand,CHAMOLI,2000,Kharif,Rice,14294,15263,1.067790681
Uttarakhand,CHAMOLI,2000,Kharif,Sesamum,52,8,0.153846154
Uttarakhand,CHAMOLI,2000,Kharif,Small millets,4830,4558,0.9436853
Uttarakhand,CHAMOLI,2000,Kharif,Soyabean,361,237,0.656509695
Uttarakhand,CHAMOLI,2000,Kharif,Urad,438,219,0.5
Uttarakhand,CHAMOLI,2000,Rabi,Barley,1702,1771,1.040540541
Uttarakhand,CHAMOLI,2000,Rabi,Masoor,67,27,0.402985075
Uttarakhand,CHAMOLI,2000,Rabi,Other  Rabi pulses,1,,
Uttarakhand,CHAMOLI,2000,Rabi,Other Cereals & Millets,39,43,1.102564103
Uttarakhand,CHAMOLI,2000,Rabi,other oilseeds,6,3,0.5
Uttarakhand,CHAMOLI,2000,Rabi,Peas & beans (Pulses),3,2,0.666666667
Uttarakhand,CHAMOLI,2000,Rabi,Potato,8,147,18.375
Uttarakhand,CHAMOLI,2000,Rabi,Rapeseed &Mustard,550,248,0.450909091
Uttarakhand,CHAMOLI,2000,Rabi,Wheat,14699,17359,1.180964691
Uttarakhand,CHAMOLI,2000,Whole Year,Dry ginger,7,36,5.142857143
Uttarakhand,CHAMOLI,2000,Whole Year,Garlic,39,62,1.58974359
Uttarakhand,CHAMOLI,2000,Whole Year,Onion,54,437,8.092592593
Uttarakhand,CHAMOLI,2000,Whole Year,Sugarcane,6795,373725,55
Uttarakhand,CHAMOLI,2001,Kharif,Arhar/Tur,101,56,0.554455446
Uttarakhand,CHAMOLI,2001,Kharif,Horse-gram,321,177,0.551401869
Uttarakhand,CHAMOLI,2001,Kharif,Maize,233,245,1.051502146
Uttarakhand,CHAMOLI,2001,Kharif,Other Cereals & Millets,843,253,0.300118624
Uttarakhand,CHAMOLI,2001,Kharif,Other Kharif pulses,836,506,0.605263158
Uttarakhand,CHAMOLI,2001,Kharif,Potato,1604,20627,12.85972569
Uttarakhand,CHAMOLI,2001,Kharif,Ragi,9133,11520,1.261359904
Uttarakhand,CHAMOLI,2001,Kharif,Rice,11108,13503,1.215610371
Uttarakhand,CHAMOLI,2001,Kharif,Sesamum,25,4,0.16
Uttarakhand,CHAMOLI,2001,Kharif,Small millets,4564,3443,0.754382121
Uttarakhand,CHAMOLI,2001,Kharif,Soyabean,179,118,0.659217877
Uttarakhand,CHAMOLI,2001,Kharif,Urad,305,248,0.813114754
Uttarakhand,CHAMOLI,2001,Rabi,Barley,1205,1766,1.465560166
Uttarakhand,CHAMOLI,2001,Rabi,Gram,1,,
Uttarakhand,CHAMOLI,2001,Rabi,Masoor,35,14,0.4
Uttarakhand,CHAMOLI,2001,Rabi,other oilseeds,5,2,0.4
Uttarakhand,CHAMOLI,2001,Rabi,Peas & beans (Pulses),4,3,0.75
Uttarakhand,CHAMOLI,2001,Rabi,Potato,3,39,13
Uttarakhand,CHAMOLI,2001,Rabi,Rapeseed &Mustard,553,254,0.459312839
Uttarakhand,CHAMOLI,2001,Rabi,Wheat,13006,17131,1.31716131
Uttarakhand,CHAMOLI,2001,Whole Year,Garlic,40,68,1.7
Uttarakhand,CHAMOLI,2001,Whole Year,Onion,43,308,7.162790698
Uttarakhand,CHAMOLI,2001,Whole Year,Sugarcane,6174,339570,55
Uttarakhand,CHAMOLI,2002,Kharif,Arhar/Tur,68,34,0.5
Uttarakhand,CHAMOLI,2002,Kharif,Horse-gram,211,116,0.549763033
Uttarakhand,CHAMOLI,2002,Kharif,Maize,169,154,0.911242604
Uttarakhand,CHAMOLI,2002,Kharif,Other Cereals & Millets,738,221,0.299457995
Uttarakhand,CHAMOLI,2002,Kharif,Other Kharif pulses,1096,657,0.599452555
Uttarakhand,CHAMOLI,2002,Kharif,Potato,1739,22364,12.86026452
Uttarakhand,CHAMOLI,2002,Kharif,Ragi,9728,12271,1.261410362
Uttarakhand,CHAMOLI,2002,Kharif,Rice,11321,12945,1.143450225
Uttarakhand,CHAMOLI,2002,Kharif,Sesamum,35,4,0.114285714
Uttarakhand,CHAMOLI,2002,Kharif,Small millets,5602,4600,0.821135309
Uttarakhand,CHAMOLI,2002,Kharif,Soyabean,266,160,0.601503759
Uttarakhand,CHAMOLI,2002,Kharif,Urad,277,130,0.469314079
Uttarakhand,CHAMOLI,2002,Rabi,Barley,1467,2056,1.401499659
Uttarakhand,CHAMOLI,2002,Rabi,Masoor,49,15,0.306122449
Uttarakhand,CHAMOLI,2002,Rabi,Other  Rabi pulses,1,,
Uttarakhand,CHAMOLI,2002,Rabi,Other Cereals & Millets,21,23,1.095238095
Uttarakhand,CHAMOLI,2002,Rabi,other oilseeds,4,2,0.5
Uttarakhand,CHAMOLI,2002,Rabi,Peas & beans (Pulses),6,4,0.666666667
Uttarakhand,CHAMOLI,2002,Rabi,Potato,14,180,12.85714286
Uttarakhand,CHAMOLI,2002,Rabi,Rapeseed &Mustard,502,201,0.400398406
Uttarakhand,CHAMOLI,2002,Rabi,Wheat,14750,19955,1.352881356
Uttarakhand,CHAMOLI,2002,Whole Year,Dry ginger,3,22,7.333333333
Uttarakhand,CHAMOLI,2002,Whole Year,Garlic,51,83,1.62745098
Uttarakhand,CHAMOLI,2002,Whole Year,Onion,42,301,7.166666667
Uttarakhand,CHAMOLI,2003,Kharif,Arhar/Tur,117,88,0.752136752
Uttarakhand,CHAMOLI,2003,Kharif,Horse-gram,236,198,0.838983051
Uttarakhand,CHAMOLI,2003,Kharif,Maize,233,324,1.39055794
Uttarakhand,CHAMOLI,2003,Kharif,Other Cereals & Millets,6154,5622,0.913552161
Uttarakhand,CHAMOLI,2003,Kharif,Other Kharif pulses,864,542,0.627314815
Uttarakhand,CHAMOLI,2003,Kharif,other oilseeds,29,14,0.482758621
Uttarakhand,CHAMOLI,2003,Kharif,Ragi,10034,14650,1.460035878
Uttarakhand,CHAMOLI,2003,Kharif,Rice,14193,17611,1.240822941
Uttarakhand,CHAMOLI,2003,Kharif,Sesamum,16,2,0.125
Uttarakhand,CHAMOLI,2003,Kharif,Soyabean,514,699,1.359922179
Uttarakhand,CHAMOLI,2003,Kharif,Sunflower,4,4,1
Uttarakhand,CHAMOLI,2003,Kharif,Urad,372,122,0.327956989
Uttarakhand,CHAMOLI,2003,Rabi,Barley,1712,2120,1.238317757
Uttarakhand,CHAMOLI,2003,Rabi,Masoor,74,43,0.581081081
Uttarakhand,CHAMOLI,2003,Rabi,Other  Rabi pulses,14,6,0.428571429
Uttarakhand,CHAMOLI,2003,Rabi,Other Cereals & Millets,4,4,1
Uttarakhand,CHAMOLI,2003,Rabi,other oilseeds,6,2,0.333333333
Uttarakhand,CHAMOLI,2003,Rabi,Peas & beans (Pulses),12,9,0.75
Uttarakhand,CHAMOLI,2003,Rabi,Rapeseed &Mustard,590,348,0.589830508
Uttarakhand,CHAMOLI,2003,Rabi,Wheat,14082,13440,0.954409885
Uttarakhand,CHAMOLI,2003,Whole Year,Garlic,57,,
Uttarakhand,CHAMOLI,2003,Whole Year,Onion,57,798,14
Uttarakhand,CHAMOLI,2003,Whole Year,Potato,1873,32778,17.50026695
Uttarakhand,CHAMOLI,2004,Kharif,Arhar/Tur,118,79,0.669491525
Uttarakhand,CHAMOLI,2004,Kharif,Horse-gram,366,275,0.75136612
Uttarakhand,CHAMOLI,2004,Kharif,Maize,187,238,1.272727273
Uttarakhand,CHAMOLI,2004,Kharif,Other Cereals & Millets,6196,5630,0.908650742
Uttarakhand,CHAMOLI,2004,Kharif,Other Kharif pulses,1520,1037,0.682236842
Uttarakhand,CHAMOLI,2004,Kharif,other oilseeds,33,20,0.606060606
Uttarakhand,CHAMOLI,2004,Kharif,Ragi,10268,16517,1.608589794
Uttarakhand,CHAMOLI,2004,Kharif,Rice,12768,16579,1.298480576
Uttarakhand,CHAMOLI,2004,Kharif,Sesamum,27,6,0.222222222
Uttarakhand,CHAMOLI,2004,Kharif,Soyabean,249,274,1.100401606
Uttarakhand,CHAMOLI,2004,Kharif,Urad,407,140,0.343980344
Uttarakhand,CHAMOLI,2004,Rabi,Barley,1291,1818,1.408210689
Uttarakhand,CHAMOLI,2004,Rabi,Masoor,45,27,0.6
Uttarakhand,CHAMOLI,2004,Rabi,Other Cereals & Millets,28,38,1.357142857
Uttarakhand,CHAMOLI,2004,Rabi,Peas & beans (Pulses),11,8,0.727272727
Uttarakhand,CHAMOLI,2004,Rabi,Rapeseed &Mustard,532,239,0.44924812
Uttarakhand,CHAMOLI,2004,Rabi,Wheat,12525,16803,1.341556886
Uttarakhand,CHAMOLI,2004,Whole Year,Dry ginger,6,48,8
Uttarakhand,CHAMOLI,2004,Whole Year,Onion,51,536,10.50980392
Uttarakhand,CHAMOLI,2004,Whole Year,Potato,2500,31250,12.5
Uttarakhand,CHAMOLI,2005,Kharif,Arhar/Tur,116,64,0.551724138
Uttarakhand,CHAMOLI,2005,Kharif,Horse-gram,258,199,0.771317829
Uttarakhand,CHAMOLI,2005,Kharif,Maize,195,171,0.876923077
Uttarakhand,CHAMOLI,2005,Kharif,Other Cereals & Millets,6220,4988,0.80192926
Uttarakhand,CHAMOLI,2005,Kharif,Other Kharif pulses,795,472,0.593710692
Uttarakhand,CHAMOLI,2005,Kharif,other oilseeds,100,43,0.43
Uttarakhand,CHAMOLI,2005,Kharif,Ragi,8665,11984,1.383035199
Uttarakhand,CHAMOLI,2005,Kharif,Rice,10219,14658,1.434386926
Uttarakhand,CHAMOLI,2005,Kharif,Sesamum,19,5,0.263157895
Uttarakhand,CHAMOLI,2005,Kharif,Soyabean,342,214,0.625730994
Uttarakhand,CHAMOLI,2005,Kharif,Urad,395,265,0.670886076
Uttarakhand,CHAMOLI,2005,Rabi,Barley,1547,2627,1.698125404
Uttarakhand,CHAMOLI,2005,Rabi,Masoor,52,27,0.519230769
Uttarakhand,CHAMOLI,2005,Rabi,Other Cereals & Millets,3,4,1.333333333
Uttarakhand,CHAMOLI,2005,Rabi,Peas & beans (Pulses),19,11,0.578947368
Uttarakhand,CHAMOLI,2005,Rabi,Rapeseed &Mustard,524,183,0.349236641
Uttarakhand,CHAMOLI,2005,Rabi,Wheat,13492,11464,0.849688704
Uttarakhand,CHAMOLI,2005,Whole Year,Dry ginger,1,8,8
Uttarakhand,CHAMOLI,2005,Whole Year,Onion,54,1188,22
Uttarakhand,CHAMOLI,2005,Whole Year,Potato,2058,39102,19
Uttarakhand,CHAMOLI,2006,Kharif,Arhar/Tur,110,61,0.554545455
Uttarakhand,CHAMOLI,2006,Kharif,Horse-gram,361,188,0.520775623
Uttarakhand,CHAMOLI,2006,Kharif,Maize,192,173,0.901041667
Uttarakhand,CHAMOLI,2006,Kharif,Other Cereals & Millets,537,257,0.47858473
Uttarakhand,CHAMOLI,2006,Kharif,Other Kharif pulses,484,349,0.72107438
Uttarakhand,CHAMOLI,2006,Kharif,other oilseeds,4,2,0.5
Uttarakhand,CHAMOLI,2006,Kharif,Potato,1825,14040,7.693150685
Uttarakhand,CHAMOLI,2006,Kharif,Ragi,10746,15518,1.444072213
Uttarakhand,CHAMOLI,2006,Kharif,Rice,12317,16421,1.333198019
Uttarakhand,CHAMOLI,2006,Kharif,Sesamum,20,5,0.25
Uttarakhand,CHAMOLI,2006,Kharif,Small millets,4453,4569,1.026049854
Uttarakhand,CHAMOLI,2006,Kharif,Soyabean,541,362,0.669131238
Uttarakhand,CHAMOLI,2006,Kharif,Urad,364,262,0.71978022
Uttarakhand,CHAMOLI,2006,Rabi,Barley,1357,2035,1.49963154
Uttarakhand,CHAMOLI,2006,Rabi,Gram,1,,
Uttarakhand,CHAMOLI,2006,Rabi,Masoor,61,37,0.606557377
Uttarakhand,CHAMOLI,2006,Rabi,Other Cereals & Millets,64,70,1.09375
Uttarakhand,CHAMOLI,2006,Rabi,other oilseeds,2,1,0.5
Uttarakhand,CHAMOLI,2006,Rabi,Peas & beans (Pulses),24,17,0.708333333
Uttarakhand,CHAMOLI,2006,Rabi,Potato,7,77,11
Uttarakhand,CHAMOLI,2006,Rabi,Rapeseed &Mustard,497,273,0.549295775
Uttarakhand,CHAMOLI,2006,Rabi,Wheat,14702,22130,1.505237383
Uttarakhand,CHAMOLI,2006,Whole Year,Dry ginger,5,38,7.6
Uttarakhand,CHAMOLI,2006,Whole Year,Garlic,57,103,1.807017544
Uttarakhand,CHAMOLI,2006,Whole Year,Onion,56,392,7
Uttarakhand,CHAMOLI,2007,Kharif,Arhar/Tur,107,76,0.710280374
Uttarakhand,CHAMOLI,2007,Kharif,Dry chillies,119,29,0.243697479
Uttarakhand,CHAMOLI,2007,Kharif,Horse-gram,310,225,0.725806452
Uttarakhand,CHAMOLI,2007,Kharif,Maize,177,172,0.971751412
Uttarakhand,CHAMOLI,2007,Kharif,Other Cereals & Millets,5526,4496,0.813608397
Uttarakhand,CHAMOLI,2007,Kharif,Other Kharif pulses,1187,943,0.794439764
Uttarakhand,CHAMOLI,2007,Kharif,other oilseeds,40,20,0.5
Uttarakhand,CHAMOLI,2007,Kharif,Potato,2281,23209,10.17492328
Uttarakhand,CHAMOLI,2007,Kharif,Ragi,9099,13875,1.524892845
Uttarakhand,CHAMOLI,2007,Kharif,Rice,11905,17754,1.491306174
Uttarakhand,CHAMOLI,2007,Kharif,Sesamum,38,8,0.210526316
Uttarakhand,CHAMOLI,2007,Kharif,Soyabean,363,318,0.876033058
Uttarakhand,CHAMOLI,2007,Kharif,Urad,420,351,0.835714286
Uttarakhand,CHAMOLI,2007,Rabi,Barley,1849,2576,1.393185506
Uttarakhand,CHAMOLI,2007,Rabi,Gram,1,,
Uttarakhand,CHAMOLI,2007,Rabi,Masoor,44,20,0.454545455
Uttarakhand,CHAMOLI,2007,Rabi,Other  Rabi pulses,11,5,0.454545455
Uttarakhand,CHAMOLI,2007,Rabi,Peas & beans (Pulses),27,18,0.666666667
Uttarakhand,CHAMOLI,2007,Rabi,Potato,27,216,8
Uttarakhand,CHAMOLI,2007,Rabi,Rapeseed &Mustard,528,264,0.5
Uttarakhand,CHAMOLI,2007,Rabi,Wheat,14210,18225,1.282547502
Uttarakhand,CHAMOLI,2007,Whole Year,Dry ginger,2,14,7
Uttarakhand,CHAMOLI,2007,Whole Year,Garlic,42,67,1.595238095
Uttarakhand,CHAMOLI,2007,Whole Year,Onion,39,234,6
Uttarakhand,CHAMOLI,2007,Whole Year,Tobacco,1,3,3
Uttarakhand,CHAMOLI,2008,Kharif,Arhar/Tur,164,78,0.475609756
Uttarakhand,CHAMOLI,2008,Kharif,Horse-gram,369,268,0.726287263
Uttarakhand,CHAMOLI,2008,Kharif,Maize,204,131,0.642156863
Uttarakhand,CHAMOLI,2008,Kharif,Other Cereals & Millets,5057,4776,0.944433459
Uttarakhand,CHAMOLI,2008,Kharif,Other Kharif pulses,1285,1029,0.80077821
Uttarakhand,CHAMOLI,2008,Kharif,other oilseeds,55,25,0.454545455
Uttarakhand,CHAMOLI,2008,Kharif,Potato,1840,19344,10.51304348
Uttarakhand,CHAMOLI,2008,Kharif,Ragi,9472,14286,1.508234797
Uttarakhand,CHAMOLI,2008,Kharif,Rice,11714,15380,1.312958853
Uttarakhand,CHAMOLI,2008,Kharif,Sesamum,16,3,0.1875
Uttarakhand,CHAMOLI,2008,Kharif,Soyabean,350,359,1.025714286
Uttarakhand,CHAMOLI,2008,Kharif,Urad,366,288,0.786885246
Uttarakhand,CHAMOLI,2008,Rabi,Barley,1438,1375,0.956189152
Uttarakhand,CHAMOLI,2008,Rabi,Masoor,42,13,0.30952381
Uttarakhand,CHAMOLI,2008,Rabi,Peas & beans (Pulses),3,1,0.333333333
Uttarakhand,CHAMOLI,2008,Rabi,Potato,6,42,7
Uttarakhand,CHAMOLI,2008,Rabi,Rapeseed &Mustard,504,202,0.400793651
Uttarakhand,CHAMOLI,2008,Rabi,Wheat,13756,12257,0.891029369
Uttarakhand,CHAMOLI,2008,Whole Year,Dry ginger,1,8,8
Uttarakhand,CHAMOLI,2008,Whole Year,Garlic,60,102,1.7
Uttarakhand,CHAMOLI,2008,Whole Year,Onion,31,155,5
Uttarakhand,CHAMOLI,2009,Kharif,Arhar/Tur,110,52,0.472727273
Uttarakhand,CHAMOLI,2009,Kharif,Horse-gram,421,220,0.522565321
Uttarakhand,CHAMOLI,2009,Kharif,Maize,205,132,0.643902439
Uttarakhand,CHAMOLI,2009,Kharif,Other Cereals & Millets,594,267,0.449494949
Uttarakhand,CHAMOLI,2009,Kharif,Other Kharif pulses,1255,1012,0.806374502
Uttarakhand,CHAMOLI,2009,Kharif,Potato,2888,34402,11.91204986
Uttarakhand,CHAMOLI,2009,Kharif,Ragi,10142,14645,1.443995267
Uttarakhand,CHAMOLI,2009,Kharif,Rice,11673,13813,1.18332905
Uttarakhand,CHAMOLI,2009,Kharif,Sesamum,22,4,0.181818182
Uttarakhand,CHAMOLI,2009,Kharif,Small millets,4636,4474,0.965056083
Uttarakhand,CHAMOLI,2009,Kharif,Soyabean,390,399,1.023076923
Uttarakhand,CHAMOLI,2009,Kharif,Urad,402,316,0.786069652
Uttarakhand,CHAMOLI,2009,Rabi,Barley,1628,2157,1.324938575
Uttarakhand,CHAMOLI,2009,Rabi,Masoor,85,50,0.588235294
Uttarakhand,CHAMOLI,2009,Rabi,Other Cereals & Millets,14,14,1
Uttarakhand,CHAMOLI,2009,Rabi,other oilseeds,7,2,0.285714286
Uttarakhand,CHAMOLI,2009,Rabi,Peas & beans (Pulses),11,4,0.363636364
Uttarakhand,CHAMOLI,2009,Rabi,Potato,20,140,7
Uttarakhand,CHAMOLI,2009,Rabi,Rapeseed &Mustard,479,193,0.402922756
Uttarakhand,CHAMOLI,2009,Rabi,Wheat,14235,17854,1.254232525
Uttarakhand,CHAMOLI,2009,Whole Year,Dry ginger,4,32,8
Uttarakhand,CHAMOLI,2009,Whole Year,Garlic,63,139,2.206349206
Uttarakhand,CHAMOLI,2009,Whole Year,Onion,64,320,5
Uttarakhand,CHAMOLI,2010,Kharif,Arhar/Tur,114,53,0.464912281
Uttarakhand,CHAMOLI,2010,Kharif,Horse-gram,406,421,1.036945813
Uttarakhand,CHAMOLI,2010,Kharif,Maize,196,175,0.892857143
Uttarakhand,CHAMOLI,2010,Kharif,Other Cereals & Millets,6901,6079,0.880886828
Uttarakhand,CHAMOLI,2010,Kharif,Other Kharif pulses,1214,1165,0.959637562
Uttarakhand,CHAMOLI,2010,Kharif,other oilseeds,13,6,0.461538462
Uttarakhand,CHAMOLI,2010,Kharif,Potato,2234,22957,10.27618621
Uttarakhand,CHAMOLI,2010,Kharif,Ragi,10069,14964,1.486145595
Uttarakhand,CHAMOLI,2010,Kharif,Rice,12407,17532,1.413073265
Uttarakhand,CHAMOLI,2010,Kharif,Sesamum,35,6,0.171428571
Uttarakhand,CHAMOLI,2010,Kharif,Soyabean,436,435,0.997706422
Uttarakhand,CHAMOLI,2010,Kharif,Urad,365,318,0.871232877
Uttarakhand,CHAMOLI,2010,Rabi,Barley,1925,2889,1.500779221
Uttarakhand,CHAMOLI,2010,Rabi,Masoor,33,20,0.606060606
Uttarakhand,CHAMOLI,2010,Rabi,Other Cereals & Millets,1,1,1
Uttarakhand,CHAMOLI,2010,Rabi,Peas & beans (Pulses),27,19,0.703703704
Uttarakhand,CHAMOLI,2010,Rabi,Potato,17,217,12.76470588
Uttarakhand,CHAMOLI,2010,Rabi,Rapeseed &Mustard,668,309,0.46257485
Uttarakhand,CHAMOLI,2010,Rabi,Wheat,15295,21943,1.434651847
Uttarakhand,CHAMOLI,2010,Whole Year,Dry ginger,3,23,7.666666667
Uttarakhand,CHAMOLI,2010,Whole Year,Garlic,66,116,1.757575758
Uttarakhand,CHAMOLI,2010,Whole Year,Onion,62,359,5.790322581
Uttarakhand,CHAMOLI,2011,Kharif,Arhar/Tur,104,45,0.432692308
Uttarakhand,CHAMOLI,2011,Kharif,Horse-gram,334,286,0.856287425
Uttarakhand,CHAMOLI,2011,Kharif,Maize,199,178,0.894472362
Uttarakhand,CHAMOLI,2011,Kharif,Other Kharif pulses,1032,950,0.920542636
Uttarakhand,CHAMOLI,2011,Kharif,Potato,2045,30484,14.90660147
Uttarakhand,CHAMOLI,2011,Kharif,Ragi,9583,13977,1.458520296
Uttarakhand,CHAMOLI,2011,Kharif,Rice,11001,14557,1.323243342
Uttarakhand,CHAMOLI,2011,Kharif,Sesamum,21,4,0.19047619
Uttarakhand,CHAMOLI,2011,Kharif,Small millets,5074,5061,0.997437919
Uttarakhand,CHAMOLI,2011,Kharif,Soyabean,475,474,0.997894737
Uttarakhand,CHAMOLI,2011,Kharif,Urad,343,226,0.658892128
Uttarakhand,CHAMOLI,2011,Rabi,Barley,1951,2737,1.402870323
Uttarakhand,CHAMOLI,2011,Rabi,Masoor,80,49,0.6125
Uttarakhand,CHAMOLI,2011,Rabi,Other Cereals & Millets,28,24,0.857142857
Uttarakhand,CHAMOLI,2011,Rabi,Peas & beans (Pulses),33,24,0.727272727
Uttarakhand,CHAMOLI,2011,Rabi,Potato,11,109,9.909090909
Uttarakhand,CHAMOLI,2011,Rabi,Rapeseed &Mustard,575,273,0.474782609
Uttarakhand,CHAMOLI,2011,Rabi,Wheat,13471,19786,1.468784797
Uttarakhand,CHAMOLI,2011,Whole Year,Garlic,61,275,4.508196721
Uttarakhand,CHAMOLI,2011,Whole Year,Ginger,5,38,7.6
Uttarakhand,CHAMOLI,2011,Whole Year,Onion,74,429,5.797297297
Uttarakhand,CHAMOLI,2011,Whole Year,Turmeric,6,46,7.666666667
Uttarakhand,CHAMOLI,2012,Kharif,Arhar/Tur,130,67,0.515384615
Uttarakhand,CHAMOLI,2012,Kharif,Horse-gram,373,404,1.08310992
Uttarakhand,CHAMOLI,2012,Kharif,Maize,197,177,0.898477157
Uttarakhand,CHAMOLI,2012,Kharif,Other Kharif pulses,1036,697,0.672779923
Uttarakhand,CHAMOLI,2012,Kharif,Potato,1575,11813,7.50031746
Uttarakhand,CHAMOLI,2012,Kharif,Ragi,10058,15521,1.543149732
Uttarakhand,CHAMOLI,2012,Kharif,Rice,11983,16414,1.369773846
Uttarakhand,CHAMOLI,2012,Kharif,Sesamum,12,3,0.25
Uttarakhand,CHAMOLI,2012,Kharif,Small millets,6197,6732,1.086332096
Uttarakhand,CHAMOLI,2012,Kharif,Soyabean,367,374,1.019073569
Uttarakhand,CHAMOLI,2012,Kharif,Urad,481,409,0.85031185
Uttarakhand,CHAMOLI,2012,Rabi,Barley,2030,2818,1.38817734
Uttarakhand,CHAMOLI,2012,Rabi,Gram,3,2,0.666666667
Uttarakhand,CHAMOLI,2012,Rabi,Masoor,52,42,0.807692308
Uttarakhand,CHAMOLI,2012,Rabi,Other Cereals & Millets,27,19,0.703703704
Uttarakhand,CHAMOLI,2012,Rabi,Peas & beans (Pulses),21,16,0.761904762
Uttarakhand,CHAMOLI,2012,Rabi,Potato,18,180,10
Uttarakhand,CHAMOLI,2012,Rabi,Rapeseed &Mustard,422,198,0.469194313
Uttarakhand,CHAMOLI,2012,Rabi,Wheat,14346,20585,1.434894744
Uttarakhand,CHAMOLI,2012,Whole Year,Garlic,131,557,4.251908397
Uttarakhand,CHAMOLI,2012,Whole Year,Ginger,17,164,9.647058824
Uttarakhand,CHAMOLI,2012,Whole Year,Onion,115,660,5.739130435
Uttarakhand,CHAMOLI,2012,Whole Year,Turmeric,34,236,6.941176471
Uttarakhand,CHAMOLI,2013,Kharif,Arhar/Tur,149,76,0.510067114
Uttarakhand,CHAMOLI,2013,Kharif,Horse-gram,318,261,0.820754717
Uttarakhand,CHAMOLI,2013,Kharif,Maize,187,168,0.898395722
Uttarakhand,CHAMOLI,2013,Kharif,Other Kharif pulses,1289,1199,0.930178433
Uttarakhand,CHAMOLI,2013,Kharif,other oilseeds,2,1,0.5
Uttarakhand,CHAMOLI,2013,Kharif,Potato,2364,22868,9.673434856
Uttarakhand,CHAMOLI,2013,Kharif,Ragi,9828,15062,1.532560033
Uttarakhand,CHAMOLI,2013,Kharif,Rice,11779,15234,1.293318618
Uttarakhand,CHAMOLI,2013,Kharif,Sesamum,18,4,0.222222222
Uttarakhand,CHAMOLI,2013,Kharif,Small millets,4989,5364,1.075165364
Uttarakhand,CHAMOLI,2013,Kharif,Soyabean,386,394,1.020725389
Uttarakhand,CHAMOLI,2013,Kharif,Urad,333,325,0.975975976
Uttarakhand,CHAMOLI,2013,Rabi,Barley,1506,2095,1.391102258
Uttarakhand,CHAMOLI,2013,Rabi,Masoor,34,29,0.852941176
Uttarakhand,CHAMOLI,2013,Rabi,Peas & beans (Pulses),84,63,0.75
Uttarakhand,CHAMOLI,2013,Rabi,Potato,13,120,9.230769231
Uttarakhand,CHAMOLI,2013,Rabi,Rapeseed &Mustard,407,193,0.474201474
Uttarakhand,CHAMOLI,2013,Rabi,Wheat,14362,19922,1.387132711
Uttarakhand,CHAMOLI,2013,Whole Year,Garlic,86,157,1.825581395
Uttarakhand,CHAMOLI,2013,Whole Year,Ginger,3,42,14
Uttarakhand,CHAMOLI,2013,Whole Year,Onion,99,549,5.545454545
Uttarakhand,CHAMOLI,2013,Whole Year,Turmeric,1,2,2
Uttarakhand,CHAMOLI,2014,Kharif,Arhar/Tur,191,98,0.513089005
Uttarakhand,CHAMOLI,2014,Kharif,Ginger,1,14,14
Uttarakhand,CHAMOLI,2014,Kharif,Horse-gram,555,381,0.686486486
Uttarakhand,CHAMOLI,2014,Kharif,Maize,181,320,1.767955801
Uttarakhand,CHAMOLI,2014,Kharif,Other Cereals & Millets,319,209,0.655172414
Uttarakhand,CHAMOLI,2014,Kharif,Other Kharif pulses,1168,1504,1.287671233
Uttarakhand,CHAMOLI,2014,Kharif,other oilseeds,15,8,0.533333333
Uttarakhand,CHAMOLI,2014,Kharif,Potato,1816,22346,12.30506608
Uttarakhand,CHAMOLI,2014,Kharif,Pulses total,2901,2923,1.007583592
Uttarakhand,CHAMOLI,2014,Kharif,Ragi,8784,12676,1.443078324
Uttarakhand,CHAMOLI,2014,Kharif,Rice,11265,14414,1.279538393
Uttarakhand,CHAMOLI,2014,Kharif,Sesamum,16,3,0.1875
Uttarakhand,CHAMOLI,2014,Kharif,Small millets,5036,5913,1.174146148
Uttarakhand,CHAMOLI,2014,Kharif,Soyabean,536,576,1.074626866
Uttarakhand,CHAMOLI,2014,Kharif,Total foodgrain,28048,36141,1.288541072
Uttarakhand,CHAMOLI,2014,Kharif,Urad,549,626,1.140255009
Uttarakhand,CHAMOLI,2014,Rabi,Barley,1650,2164,1.311515152
Uttarakhand,CHAMOLI,2014,Rabi,Lentil,33,28,0.848484848
Uttarakhand,CHAMOLI,2014,Rabi,Masoor,33,28,0.848484848
Uttarakhand,CHAMOLI,2014,Rabi,Other Cereals & Millets,42,34,0.80952381
Uttarakhand,CHAMOLI,2014,Rabi,other oilseeds,4,2,0.5
Uttarakhand,CHAMOLI,2014,Rabi,Peas & beans (Pulses),24,18,0.75
Uttarakhand,CHAMOLI,2014,Rabi,Potato,40,369,9.225
Uttarakhand,CHAMOLI,2014,Rabi,Pulses total,129,105,0.813953488
Uttarakhand,CHAMOLI,2014,Rabi,Rapeseed &Mustard,557,324,0.581687612
Uttarakhand,CHAMOLI,2014,Rabi,Total foodgrain,15255,17630,1.15568666
Uttarakhand,CHAMOLI,2014,Rabi,Wheat,13506,15386,1.139197394
Uttarakhand,CHAMOLI,2014,Whole Year,Garlic,58,104,1.793103448
Uttarakhand,CHAMOLI,2014,Whole Year,Ginger,5,70,14
Uttarakhand,CHAMOLI,2014,Whole Year,Onion,69,383,5.550724638
Uttarakhand,CHAMOLI,2014,Whole Year,Pulses total,3030,3028,0.999339934
Uttarakhand,CHAMOLI,2014,Whole Year,Rice,11265,14414,1.279538393
Uttarakhand,CHAMOLI,2014,Whole Year,Total foodgrain,43303,53771,1.241738448
Uttarakhand,CHAMPAWAT,2000,Kharif,Horse-gram,423,212,0.501182033
Uttarakhand,CHAMPAWAT,2000,Kharif,Maize,934,1377,1.474304069
Uttarakhand,CHAMPAWAT,2000,Kharif,Other Cereals & Millets,734,147,0.20027248
Uttarakhand,CHAMPAWAT,2000,Kharif,Other Kharif pulses,964,661,0.685684647
Uttarakhand,CHAMPAWAT,2000,Kharif,Potato,109,1872,17.17431193
Uttarakhand,CHAMPAWAT,2000,Kharif,Ragi,8061,7279,0.902989704
Uttarakhand,CHAMPAWAT,2000,Kharif,Rice,11388,13786,1.210572532
Uttarakhand,CHAMPAWAT,2000,Kharif,Sesamum,15,2,0.133333333
Uttarakhand,CHAMPAWAT,2000,Kharif,Small millets,1027,1522,1.481986368
Uttarakhand,CHAMPAWAT,2000,Kharif,Soyabean,963,578,0.600207684
Uttarakhand,CHAMPAWAT,2000,Kharif,Urad,368,173,0.470108696
Uttarakhand,CHAMPAWAT,2000,Rabi,Barley,1316,1941,1.474924012
Uttarakhand,CHAMPAWAT,2000,Rabi,Gram,39,22,0.564102564
Uttarakhand,CHAMPAWAT,2000,Rabi,Linseed,5,1,0.2
Uttarakhand,CHAMPAWAT,2000,Rabi,Maize,5,7,1.4
Uttarakhand,CHAMPAWAT,2000,Rabi,Masoor,1025,513,0.500487805
Uttarakhand,CHAMPAWAT,2000,Rabi,Other  Rabi pulses,4,2,0.5
Uttarakhand,CHAMPAWAT,2000,Rabi,Other Cereals & Millets,417,417,1
Uttarakhand,CHAMPAWAT,2000,Rabi,other oilseeds,1,1,1
Uttarakhand,CHAMPAWAT,2000,Rabi,Peas & beans (Pulses),29,20,0.689655172
Uttarakhand,CHAMPAWAT,2000,Rabi,Potato,565,9701,17.1699115
Uttarakhand,CHAMPAWAT,2000,Rabi,Rapeseed &Mustard,573,287,0.5008726
Uttarakhand,CHAMPAWAT,2000,Rabi,Urad,1,,
Uttarakhand,CHAMPAWAT,2000,Rabi,Wheat,12969,18935,1.460020048
Uttarakhand,CHAMPAWAT,2000,Whole Year,Dry ginger,260,2860,11
Uttarakhand,CHAMPAWAT,2000,Whole Year,Onion,171,804,4.701754386
Uttarakhand,CHAMPAWAT,2000,Whole Year,Tobacco,40,307,7.675
Uttarakhand,CHAMPAWAT,2001,Kharif,Maize,777,891,1.146718147
Uttarakhand,CHAMPAWAT,2001,Kharif,Moth,4,1,0.25
Uttarakhand,CHAMPAWAT,2001,Kharif,Other Cereals & Millets,1255,251,0.2
Uttarakhand,CHAMPAWAT,2001,Kharif,Other Kharif pulses,1178,825,0.700339559
Uttarakhand,CHAMPAWAT,2001,Kharif,Ragi,7518,11999,1.59603618
Uttarakhand,CHAMPAWAT,2001,Kharif,Rice,11458,13187,1.150898935
Uttarakhand,CHAMPAWAT,2001,Kharif,Sesamum,17,3,0.176470588
Uttarakhand,CHAMPAWAT,2001,Kharif,Small millets,1002,1506,1.502994012
Uttarakhand,CHAMPAWAT,2001,Kharif,Soyabean,1657,1077,0.649969825
Uttarakhand,CHAMPAWAT,2001,Kharif,Urad,366,227,0.620218579
Uttarakhand,CHAMPAWAT,2001,Rabi,Barley,1555,2000,1.286173633
Uttarakhand,CHAMPAWAT,2001,Rabi,Gram,26,15,0.576923077
Uttarakhand,CHAMPAWAT,2001,Rabi,Maize,10,12,1.2
Uttarakhand,CHAMPAWAT,2001,Rabi,Masoor,1154,576,0.499133449
Uttarakhand,CHAMPAWAT,2001,Rabi,Other Cereals & Millets,407,523,1.285012285
Uttarakhand,CHAMPAWAT,2001,Rabi,Peas & beans (Pulses),41,27,0.658536585
Uttarakhand,CHAMPAWAT,2001,Rabi,Potato,616,10256,16.64935065
Uttarakhand,CHAMPAWAT,2001,Rabi,Rapeseed &Mustard,376,188,0.5
Uttarakhand,CHAMPAWAT,2001,Rabi,Rice,3,4,1.333333333
Uttarakhand,CHAMPAWAT,2001,Rabi,Urad,1,,
Uttarakhand,CHAMPAWAT,2001,Rabi,Wheat,11969,15259,1.274876765
Uttarakhand,CHAMPAWAT,2001,Whole Year,Dry ginger,165,1815,11
Uttarakhand,CHAMPAWAT,2001,Whole Year,Onion,215,2146,9.981395349
Uttarakhand,CHAMPAWAT,2001,Whole Year,Tobacco,17,130,7.647058824
Uttarakhand,CHAMPAWAT,2001,Whole Year,Turmeric,2,4,2
Uttarakhand,CHAMPAWAT,2002,Kharif,Maize,773,812,1.050452781
Uttarakhand,CHAMPAWAT,2002,Kharif,Other Cereals & Millets,1281,256,0.199843872
Uttarakhand,CHAMPAWAT,2002,Kharif,Other Kharif pulses,891,623,0.699214366
Uttarakhand,CHAMPAWAT,2002,Kharif,Ragi,4879,6911,1.416478787
Uttarakhand,CHAMPAWAT,2002,Kharif,Rice,8625,10526,1.220405797
Uttarakhand,CHAMPAWAT,2002,Kharif,Sesamum,14,2,0.142857143
Uttarakhand,CHAMPAWAT,2002,Kharif,Small millets,750,920,1.226666667
Uttarakhand,CHAMPAWAT,2002,Kharif,Soyabean,1087,598,0.550137994
Uttarakhand,CHAMPAWAT,2002,Kharif,Urad,242,92,0.380165289
Uttarakhand,CHAMPAWAT,2002,Rabi,Barley,1372,1981,1.443877551
Uttarakhand,CHAMPAWAT,2002,Rabi,Gram,63,32,0.507936508
Uttarakhand,CHAMPAWAT,2002,Rabi,Maize,5,7,1.4
Uttarakhand,CHAMPAWAT,2002,Rabi,Masoor,1172,492,0.419795222
Uttarakhand,CHAMPAWAT,2002,Rabi,Other Cereals & Millets,105,105,1
Uttarakhand,CHAMPAWAT,2002,Rabi,Peas & beans (Pulses),14,8,0.571428571
Uttarakhand,CHAMPAWAT,2002,Rabi,Potato,719,11971,16.64951321
Uttarakhand,CHAMPAWAT,2002,Rabi,Rapeseed &Mustard,399,188,0.471177945
Uttarakhand,CHAMPAWAT,2002,Rabi,Urad,1,,
Uttarakhand,CHAMPAWAT,2002,Rabi,Wheat,10351,14567,1.407303642
Uttarakhand,CHAMPAWAT,2002,Whole Year,Dry ginger,230,2530,11
Uttarakhand,CHAMPAWAT,2002,Whole Year,Garlic,19,24,1.263157895
Uttarakhand,CHAMPAWAT,2002,Whole Year,Onion,197,1966,9.979695431
Uttarakhand,CHAMPAWAT,2002,Whole Year,Tobacco,5,38,7.6
Uttarakhand,CHAMPAWAT,2002,Whole Year,Turmeric,3,5,1.666666667
Uttarakhand,CHAMPAWAT,2003,Kharif,Arhar/Tur,2,1,0.5
Uttarakhand,CHAMPAWAT,2003,Kharif,Groundnut,1,1,1
Uttarakhand,CHAMPAWAT,2003,Kharif,Horse-gram,196,151,0.770408163
Uttarakhand,CHAMPAWAT,2003,Kharif,Maize,556,737,1.325539568
Uttarakhand,CHAMPAWAT,2003,Kharif,Other Cereals & Millets,1846,1893,1.025460455
Uttarakhand,CHAMPAWAT,2003,Kharif,Other Kharif pulses,647,589,0.910355487
Uttarakhand,CHAMPAWAT,2003,Kharif,other oilseeds,163,151,0.926380368
Uttarakhand,CHAMPAWAT,2003,Kharif,Ragi,5750,8780,1.526956522
Uttarakhand,CHAMPAWAT,2003,Kharif,Rice,8726,11134,1.27595691
Uttarakhand,CHAMPAWAT,2003,Kharif,Sesamum,14,2,0.142857143
Uttarakhand,CHAMPAWAT,2003,Kharif,Soyabean,1089,1832,1.682277319
Uttarakhand,CHAMPAWAT,2003,Kharif,Urad,344,127,0.369186047
Uttarakhand,CHAMPAWAT,2003,Rabi,Barley,1140,1646,1.443859649
Uttarakhand,CHAMPAWAT,2003,Rabi,Gram,38,19,0.5
Uttarakhand,CHAMPAWAT,2003,Rabi,Masoor,1059,608,0.574126534
Uttarakhand,CHAMPAWAT,2003,Rabi,Other  Rabi pulses,9,5,0.555555556
Uttarakhand,CHAMPAWAT,2003,Rabi,Other Cereals & Millets,104,163,1.567307692
Uttarakhand,CHAMPAWAT,2003,Rabi,Peas & beans (Pulses),7,5,0.714285714
Uttarakhand,CHAMPAWAT,2003,Rabi,Rapeseed &Mustard,510,337,0.660784314
Uttarakhand,CHAMPAWAT,2003,Rabi,Wheat,9641,15568,1.614770252
Uttarakhand,CHAMPAWAT,2003,Summer,Maize,5,8,1.6
Uttarakhand,CHAMPAWAT,2003,Summer,Urad,1,,
Uttarakhand,CHAMPAWAT,2003,Whole Year,Dry ginger,180,1350,7.5
Uttarakhand,CHAMPAWAT,2003,Whole Year,Garlic,61,,
Uttarakhand,CHAMPAWAT,2003,Whole Year,Onion,171,2103,12.29824561
Uttarakhand,CHAMPAWAT,2003,Whole Year,Potato,839,15102,18
Uttarakhand,CHAMPAWAT,2003,Whole Year,Sugarcane,42,2432,57.9047619
Uttarakhand,CHAMPAWAT,2003,Whole Year,Tobacco,2,6,3
Uttarakhand,CHAMPAWAT,2004,Kharif,Arhar/Tur,78,35,0.448717949
Uttarakhand,CHAMPAWAT,2004,Kharif,Groundnut,1,1,1
Uttarakhand,CHAMPAWAT,2004,Kharif,Horse-gram,21,15,0.714285714
Uttarakhand,CHAMPAWAT,2004,Kharif,Maize,923,1131,1.225352113
Uttarakhand,CHAMPAWAT,2004,Kharif,Other Cereals & Millets,1244,1655,1.330385852
Uttarakhand,CHAMPAWAT,2004,Kharif,Other Kharif pulses,2711,2010,0.741423829
Uttarakhand,CHAMPAWAT,2004,Kharif,other oilseeds,71,43,0.605633803
Uttarakhand,CHAMPAWAT,2004,Kharif,Ragi,7280,10201,1.401236264
Uttarakhand,CHAMPAWAT,2004,Kharif,Rice,9861,12201,1.237298448
Uttarakhand,CHAMPAWAT,2004,Kharif,Sesamum,33,7,0.212121212
Uttarakhand,CHAMPAWAT,2004,Kharif,Soyabean,139,160,1.151079137
Uttarakhand,CHAMPAWAT,2004,Kharif,Urad,415,181,0.436144578
Uttarakhand,CHAMPAWAT,2004,Rabi,Barley,1432,2657,1.855446927
Uttarakhand,CHAMPAWAT,2004,Rabi,Gram,50,35,0.7
Uttarakhand,CHAMPAWAT,2004,Rabi,Masoor,1232,616,0.5
Uttarakhand,CHAMPAWAT,2004,Rabi,Other  Rabi pulses,2,1,0.5
Uttarakhand,CHAMPAWAT,2004,Rabi,Other Cereals & Millets,151,263,1.741721854
Uttarakhand,CHAMPAWAT,2004,Rabi,other oilseeds,52,29,0.557692308
Uttarakhand,CHAMPAWAT,2004,Rabi,Peas & beans (Pulses),35,25,0.714285714
Uttarakhand,CHAMPAWAT,2004,Rabi,Rapeseed &Mustard,516,310,0.600775194
Uttarakhand,CHAMPAWAT,2004,Rabi,Wheat,11991,19635,1.637478109
Uttarakhand,CHAMPAWAT,2004,Summer,Maize,5,9,1.8
Uttarakhand,CHAMPAWAT,2004,Whole Year,Dry ginger,283,2264,8
Uttarakhand,CHAMPAWAT,2004,Whole Year,Onion,227,1589,7
Uttarakhand,CHAMPAWAT,2004,Whole Year,Potato,742,8904,12
Uttarakhand,CHAMPAWAT,2004,Whole Year,Sugarcane,17,1046,61.52941176
Uttarakhand,CHAMPAWAT,2004,Whole Year,Tobacco,4,14,3.5
Uttarakhand,CHAMPAWAT,2005,Kharif,Arhar/Tur,3,2,0.666666667
Uttarakhand,CHAMPAWAT,2005,Kharif,Horse-gram,27,17,0.62962963
Uttarakhand,CHAMPAWAT,2005,Kharif,Maize,848,692,0.816037736
Uttarakhand,CHAMPAWAT,2005,Kharif,Other Cereals & Millets,1675,1759,1.050149254
Uttarakhand,CHAMPAWAT,2005,Kharif,Other Kharif pulses,1784,951,0.533071749
Uttarakhand,CHAMPAWAT,2005,Kharif,other oilseeds,875,411,0.469714286
Uttarakhand,CHAMPAWAT,2005,Kharif,Ragi,6655,12168,1.828399699
Uttarakhand,CHAMPAWAT,2005,Kharif,Rice,9395,11923,1.269079297
Uttarakhand,CHAMPAWAT,2005,Kharif,Sesamum,9,2,0.222222222
Uttarakhand,CHAMPAWAT,2005,Kharif,Urad,405,206,0.508641975
Uttarakhand,CHAMPAWAT,2005,Rabi,Barley,1393,1421,1.020100503
Uttarakhand,CHAMPAWAT,2005,Rabi,Gram,10,6,0.6
Uttarakhand,CHAMPAWAT,2005,Rabi,Masoor,931,456,0.489795918
Uttarakhand,CHAMPAWAT,2005,Rabi,Other  Rabi pulses,16,9,0.5625
Uttarakhand,CHAMPAWAT,2005,Rabi,Other Cereals & Millets,234,257,1.098290598
Uttarakhand,CHAMPAWAT,2005,Rabi,other oilseeds,2,1,0.5
Uttarakhand,CHAMPAWAT,2005,Rabi,Peas & beans (Pulses),32,21,0.65625
Uttarakhand,CHAMPAWAT,2005,Rabi,Rapeseed &Mustard,494,272,0.550607287
Uttarakhand,CHAMPAWAT,2005,Rabi,Wheat,11440,13954,1.219755245
Uttarakhand,CHAMPAWAT,2005,Summer,Maize,5,9,1.8
Uttarakhand,CHAMPAWAT,2005,Whole Year,Dry ginger,566,4245,7.5
Uttarakhand,CHAMPAWAT,2005,Whole Year,Onion,202,2323,11.5
Uttarakhand,CHAMPAWAT,2005,Whole Year,Potato,625,8938,14.3008
Uttarakhand,CHAMPAWAT,2005,Whole Year,Sugarcane,7,427,61
Uttarakhand,CHAMPAWAT,2006,Kharif,Horse-gram,5,3,0.6
Uttarakhand,CHAMPAWAT,2006,Kharif,Maize,870,879,1.010344828
Uttarakhand,CHAMPAWAT,2006,Kharif,Other Cereals & Millets,981,400,0.407747197
Uttarakhand,CHAMPAWAT,2006,Kharif,Other Kharif pulses,2787,960,0.344456405
Uttarakhand,CHAMPAWAT,2006,Kharif,other oilseeds,716,394,0.55027933
Uttarakhand,CHAMPAWAT,2006,Kharif,Potato,241,1756,7.286307054
Uttarakhand,CHAMPAWAT,2006,Kharif,Ragi,7302,8028,1.099424815
Uttarakhand,CHAMPAWAT,2006,Kharif,Rice,10109,12137,1.200613315
Uttarakhand,CHAMPAWAT,2006,Kharif,Sesamum,7,1,0.142857143
Uttarakhand,CHAMPAWAT,2006,Kharif,Small millets,1148,1335,1.162891986
Uttarakhand,CHAMPAWAT,2006,Kharif,Soyabean,385,375,0.974025974
Uttarakhand,CHAMPAWAT,2006,Kharif,Urad,416,229,0.550480769
Uttarakhand,CHAMPAWAT,2006,Rabi,Barley,1474,1507,1.02238806
Uttarakhand,CHAMPAWAT,2006,Rabi,Gram,43,17,0.395348837
Uttarakhand,CHAMPAWAT,2006,Rabi,Maize,11,18,1.636363636
Uttarakhand,CHAMPAWAT,2006,Rabi,Masoor,1126,439,0.389875666
Uttarakhand,CHAMPAWAT,2006,Rabi,Other  Rabi pulses,5,2,0.4
Uttarakhand,CHAMPAWAT,2006,Rabi,Other Cereals & Millets,127,126,0.992125984
Uttarakhand,CHAMPAWAT,2006,Rabi,Peas & beans (Pulses),76,46,0.605263158
Uttarakhand,CHAMPAWAT,2006,Rabi,Potato,628,6782,10.79936306
Uttarakhand,CHAMPAWAT,2006,Rabi,Rapeseed &Mustard,863,224,0.259559676
Uttarakhand,CHAMPAWAT,2006,Rabi,Wheat,10570,12896,1.220056764
Uttarakhand,CHAMPAWAT,2006,Whole Year,Dry ginger,345,2933,8.501449275
Uttarakhand,CHAMPAWAT,2006,Whole Year,Garlic,129,168,1.302325581
Uttarakhand,CHAMPAWAT,2006,Whole Year,Onion,262,1572,6
Uttarakhand,CHAMPAWAT,2006,Whole Year,Tobacco,1,,
Uttarakhand,CHAMPAWAT,2007,Kharif,Arhar/Tur,31,23,0.741935484
Uttarakhand,CHAMPAWAT,2007,Kharif,Dry chillies,465,116,0.249462366
Uttarakhand,CHAMPAWAT,2007,Kharif,Horse-gram,140,77,0.55
Uttarakhand,CHAMPAWAT,2007,Kharif,Maize,618,587,0.949838188
Uttarakhand,CHAMPAWAT,2007,Kharif,Moong(Green Gram),2,1,0.5
Uttarakhand,CHAMPAWAT,2007,Kharif,Other Cereals & Millets,1215,1340,1.102880658
Uttarakhand,CHAMPAWAT,2007,Kharif,Other Kharif pulses,845,534,0.631952663
Uttarakhand,CHAMPAWAT,2007,Kharif,other oilseeds,64,34,0.53125
Uttarakhand,CHAMPAWAT,2007,Kharif,Potato,1,6,6
Uttarakhand,CHAMPAWAT,2007,Kharif,Ragi,4787,8259,1.725297681
Uttarakhand,CHAMPAWAT,2007,Kharif,Rice,6948,9490,1.365860679
Uttarakhand,CHAMPAWAT,2007,Kharif,Sesamum,44,10,0.227272727
Uttarakhand,CHAMPAWAT,2007,Kharif,Soyabean,1050,998,0.95047619
Uttarakhand,CHAMPAWAT,2007,Kharif,Urad,297,178,0.599326599
Uttarakhand,CHAMPAWAT,2007,Rabi,Barley,956,955,0.998953975
Uttarakhand,CHAMPAWAT,2007,Rabi,Gram,12,5,0.416666667
Uttarakhand,CHAMPAWAT,2007,Rabi,Masoor,619,217,0.350565428
Uttarakhand,CHAMPAWAT,2007,Rabi,Other  Rabi pulses,14,6,0.428571429
Uttarakhand,CHAMPAWAT,2007,Rabi,Other Cereals & Millets,177,128,0.723163842
Uttarakhand,CHAMPAWAT,2007,Rabi,other oilseeds,3,1,0.333333333
Uttarakhand,CHAMPAWAT,2007,Rabi,Peas & beans (Pulses),56,32,0.571428571
Uttarakhand,CHAMPAWAT,2007,Rabi,Potato,180,900,5
Uttarakhand,CHAMPAWAT,2007,Rabi,Rapeseed &Mustard,378,151,0.399470899
Uttarakhand,CHAMPAWAT,2007,Rabi,Wheat,8114,7593,0.935789993
Uttarakhand,CHAMPAWAT,2007,Summer,Maize,19,31,1.631578947
Uttarakhand,CHAMPAWAT,2007,Summer,Moong(Green Gram),1,,
Uttarakhand,CHAMPAWAT,2007,Summer,Urad,1,1,1
Uttarakhand,CHAMPAWAT,2007,Whole Year,Dry ginger,307,2456,8
Uttarakhand,CHAMPAWAT,2007,Whole Year,Garlic,66,92,1.393939394
Uttarakhand,CHAMPAWAT,2007,Whole Year,Onion,158,869,5.5
Uttarakhand,CHAMPAWAT,2007,Whole Year,Sugarcane,7,434,62
Uttarakhand,CHAMPAWAT,2008,Kharif,Arhar/Tur,9,5,0.555555556
Uttarakhand,CHAMPAWAT,2008,Kharif,Horse-gram,190,105,0.552631579
Uttarakhand,CHAMPAWAT,2008,Kharif,Maize,658,624,0.948328267
Uttarakhand,CHAMPAWAT,2008,Kharif,Other Cereals & Millets,976,1252,1.282786885
Uttarakhand,CHAMPAWAT,2008,Kharif,Other Kharif pulses,985,645,0.654822335
Uttarakhand,CHAMPAWAT,2008,Kharif,other oilseeds,219,115,0.525114155
Uttarakhand,CHAMPAWAT,2008,Kharif,Potato,190,1425,7.5
Uttarakhand,CHAMPAWAT,2008,Kharif,Ragi,6747,10617,1.573588261
Uttarakhand,CHAMPAWAT,2008,Kharif,Rice,10060,9498,0.944135189
Uttarakhand,CHAMPAWAT,2008,Kharif,Sesamum,56,13,0.232142857
Uttarakhand,CHAMPAWAT,2008,Kharif,Soyabean,911,888,0.974753019
Uttarakhand,CHAMPAWAT,2008,Kharif,Urad,414,248,0.599033816
Uttarakhand,CHAMPAWAT,2008,Rabi,Barley,1080,1005,0.930555556
Uttarakhand,CHAMPAWAT,2008,Rabi,Gram,17,6,0.352941176
Uttarakhand,CHAMPAWAT,2008,Rabi,Masoor,855,235,0.274853801
Uttarakhand,CHAMPAWAT,2008,Rabi,Other Cereals & Millets,163,151,0.926380368
Uttarakhand,CHAMPAWAT,2008,Rabi,other oilseeds,2,1,0.5
Uttarakhand,CHAMPAWAT,2008,Rabi,Peas & beans (Pulses),19,7,0.368421053
Uttarakhand,CHAMPAWAT,2008,Rabi,Potato,245,1715,7
Uttarakhand,CHAMPAWAT,2008,Rabi,Rapeseed &Mustard,529,130,0.245746692
Uttarakhand,CHAMPAWAT,2008,Rabi,Wheat,10043,9987,0.994423977
Uttarakhand,CHAMPAWAT,2008,Summer,Maize,11,15,1.363636364
Uttarakhand,CHAMPAWAT,2008,Summer,Urad,1,1,1
Uttarakhand,CHAMPAWAT,2008,Whole Year,Dry ginger,604,9704,16.06622517
Uttarakhand,CHAMPAWAT,2008,Whole Year,Garlic,145,218,1.503448276
Uttarakhand,CHAMPAWAT,2008,Whole Year,Onion,204,918,4.5
Uttarakhand,CHAMPAWAT,2008,Whole Year,Sugarcane,2,106,53
Uttarakhand,CHAMPAWAT,2008,Whole Year,Tobacco,1,3,3
Uttarakhand,CHAMPAWAT,2008,Whole Year,Turmeric,1,2,2
Uttarakhand,CHAMPAWAT,2009,Kharif,Arhar/Tur,4,1,0.25
Uttarakhand,CHAMPAWAT,2009,Kharif,Groundnut,19,15,0.789473684
Uttarakhand,CHAMPAWAT,2009,Kharif,Horse-gram,98,54,0.551020408
Uttarakhand,CHAMPAWAT,2009,Kharif,Maize,495,470,0.949494949
Uttarakhand,CHAMPAWAT,2009,Kharif,Other Cereals & Millets,102,36,0.352941176
Uttarakhand,CHAMPAWAT,2009,Kharif,Other Kharif pulses,817,587,0.718482252
Uttarakhand,CHAMPAWAT,2009,Kharif,other oilseeds,147,110,0.74829932
Uttarakhand,CHAMPAWAT,2009,Kharif,Potato,98,1000,10.20408163
Uttarakhand,CHAMPAWAT,2009,Kharif,Ragi,4696,5484,1.167802385
Uttarakhand,CHAMPAWAT,2009,Kharif,Rice,6848,8222,1.200642523
Uttarakhand,CHAMPAWAT,2009,Kharif,Sesamum,34,6,0.176470588
Uttarakhand,CHAMPAWAT,2009,Kharif,Small millets,706,944,1.337110482
Uttarakhand,CHAMPAWAT,2009,Kharif,Soyabean,598,583,0.974916388
Uttarakhand,CHAMPAWAT,2009,Kharif,Urad,290,174,0.6
Uttarakhand,CHAMPAWAT,2009,Rabi,Barley,750,920,1.226666667
Uttarakhand,CHAMPAWAT,2009,Rabi,Gram,11,8,0.727272727
Uttarakhand,CHAMPAWAT,2009,Rabi,Maize,10,15,1.5
Uttarakhand,CHAMPAWAT,2009,Rabi,Masoor,598,419,0.700668896
Uttarakhand,CHAMPAWAT,2009,Rabi,Other  Rabi pulses,8,5,0.625
Uttarakhand,CHAMPAWAT,2009,Rabi,Other Cereals & Millets,88,86,0.977272727
Uttarakhand,CHAMPAWAT,2009,Rabi,other oilseeds,1,1,1
Uttarakhand,CHAMPAWAT,2009,Rabi,Peas & beans (Pulses),22,18,0.818181818
Uttarakhand,CHAMPAWAT,2009,Rabi,Potato,185,2533,13.69189189
Uttarakhand,CHAMPAWAT,2009,Rabi,Rapeseed &Mustard,436,253,0.580275229
Uttarakhand,CHAMPAWAT,2009,Rabi,Wheat,7310,8809,1.20506156
Uttarakhand,CHAMPAWAT,2009,Whole Year,Dry ginger,404,2848,7.04950495
Uttarakhand,CHAMPAWAT,2009,Whole Year,Garlic,93,214,2.301075269
Uttarakhand,CHAMPAWAT,2009,Whole Year,Onion,150,1200,8
Uttarakhand,CHAMPAWAT,2009,Whole Year,Sugarcane,2,125,62.5
Uttarakhand,CHAMPAWAT,2009,Whole Year,Turmeric,6,5,0.833333333
Uttarakhand,CHAMPAWAT,2010,Kharif,Arhar/Tur,5,4,0.8
Uttarakhand,CHAMPAWAT,2010,Kharif,Groundnut,21,22,1.047619048
Uttarakhand,CHAMPAWAT,2010,Kharif,Horse-gram,15,9,0.6
Uttarakhand,CHAMPAWAT,2010,Kharif,Maize,592,552,0.932432432
Uttarakhand,CHAMPAWAT,2010,Kharif,Other Cereals & Millets,1212,1345,1.109735974
Uttarakhand,CHAMPAWAT,2010,Kharif,Other Kharif pulses,1873,1596,0.852108916
Uttarakhand,CHAMPAWAT,2010,Kharif,other oilseeds,28,11,0.392857143
Uttarakhand,CHAMPAWAT,2010,Kharif,Ragi,5858,8030,1.370775009
Uttarakhand,CHAMPAWAT,2010,Kharif,Rice,7216,7455,1.033120843
Uttarakhand,CHAMPAWAT,2010,Kharif,Sesamum,43,8,0.186046512
Uttarakhand,CHAMPAWAT,2010,Kharif,Urad,310,181,0.583870968
Uttarakhand,CHAMPAWAT,2010,Rabi,Barley,929,1102,1.186221744
Uttarakhand,CHAMPAWAT,2010,Rabi,Gram,6,4,0.666666667
Uttarakhand,CHAMPAWAT,2010,Rabi,Maize,10,16,1.6
Uttarakhand,CHAMPAWAT,2010,Rabi,Masoor,719,528,0.734353268
Uttarakhand,CHAMPAWAT,2010,Rabi,Other  Rabi pulses,4,2,0.5
Uttarakhand,CHAMPAWAT,2010,Rabi,Other Cereals & Millets,76,87,1.144736842
Uttarakhand,CHAMPAWAT,2010,Rabi,other oilseeds,1,1,1
Uttarakhand,CHAMPAWAT,2010,Rabi,Peas & beans (Pulses),21,17,0.80952381
Uttarakhand,CHAMPAWAT,2010,Rabi,Potato,164,2678,16.32926829
Uttarakhand,CHAMPAWAT,2010,Rabi,Rapeseed &Mustard,484,413,0.853305785
Uttarakhand,CHAMPAWAT,2010,Rabi,Rice,10,,
Uttarakhand,CHAMPAWAT,2010,Rabi,Urad,2,1,0.5
Uttarakhand,CHAMPAWAT,2010,Rabi,Wheat,9435,11861,1.257127716
Uttarakhand,CHAMPAWAT,2010,Whole Year,Dry ginger,479,3802,7.93736952
Uttarakhand,CHAMPAWAT,2010,Whole Year,Garlic,144,184,1.277777778
Uttarakhand,CHAMPAWAT,2010,Whole Year,Onion,186,1396,7.505376344
Uttarakhand,CHAMPAWAT,2010,Whole Year,Sugarcane,2,125,62.5
Uttarakhand,CHAMPAWAT,2010,Whole Year,Turmeric,53,99,1.867924528
Uttarakhand,CHAMPAWAT,2011,Kharif,Arhar/Tur,331,83,0.250755287
Uttarakhand,CHAMPAWAT,2011,Kharif,Groundnut,33,42,1.272727273
Uttarakhand,CHAMPAWAT,2011,Kharif,Horse-gram,630,365,0.579365079
Uttarakhand,CHAMPAWAT,2011,Kharif,Maize,645,603,0.934883721
Uttarakhand,CHAMPAWAT,2011,Kharif,Other Kharif pulses,986,959,0.972616633
Uttarakhand,CHAMPAWAT,2011,Kharif,Potato,107,1144,10.69158879
Uttarakhand,CHAMPAWAT,2011,Kharif,Ragi,6335,8290,1.308602999
Uttarakhand,CHAMPAWAT,2011,Kharif,Rice,7360,9130,1.24048913
Uttarakhand,CHAMPAWAT,2011,Kharif,Sesamum,29,5,0.172413793
Uttarakhand,CHAMPAWAT,2011,Kharif,Small millets,1369,1773,1.295105917
Uttarakhand,CHAMPAWAT,2011,Kharif,Urad,566,332,0.586572438
Uttarakhand,CHAMPAWAT,2011,Rabi,Barley,1240,1577,1.271774194
Uttarakhand,CHAMPAWAT,2011,Rabi,Gram,36,22,0.611111111
Uttarakhand,CHAMPAWAT,2011,Rabi,Masoor,841,815,0.969084423
Uttarakhand,CHAMPAWAT,2011,Rabi,Other Cereals & Millets,124,105,0.846774194
Uttarakhand,CHAMPAWAT,2011,Rabi,Peas & beans (Pulses),31,25,0.806451613
Uttarakhand,CHAMPAWAT,2011,Rabi,Potato,362,2976,8.220994475
Uttarakhand,CHAMPAWAT,2011,Rabi,Rapeseed &Mustard,800,671,0.83875
Uttarakhand,CHAMPAWAT,2011,Rabi,Wheat,8477,10140,1.196177893
Uttarakhand,CHAMPAWAT,2011,Summer,Maize,11,17,1.545454545
Uttarakhand,CHAMPAWAT,2011,Whole Year,Garlic,221,729,3.298642534
Uttarakhand,CHAMPAWAT,2011,Whole Year,Ginger,496,4479,9.030241935
Uttarakhand,CHAMPAWAT,2011,Whole Year,Onion,268,2012,7.507462687
Uttarakhand,CHAMPAWAT,2011,Whole Year,Sugarcane,1,61,61
Uttarakhand,CHAMPAWAT,2011,Whole Year,Turmeric,97,876,9.030927835
Uttarakhand,CHAMPAWAT,2012,Kharif,Arhar/Tur,33,8,0.242424242
Uttarakhand,CHAMPAWAT,2012,Kharif,Groundnut,8,8,1
Uttarakhand,CHAMPAWAT,2012,Kharif,Horse-gram,785,453,0.577070064
Uttarakhand,CHAMPAWAT,2012,Kharif,Maize,769,721,0.937581274
Uttarakhand,CHAMPAWAT,2012,Kharif,Other Kharif pulses,767,745,0.971316819
Uttarakhand,CHAMPAWAT,2012,Kharif,Potato,10,99,9.9
Uttarakhand,CHAMPAWAT,2012,Kharif,Ragi,4870,6810,1.39835729
Uttarakhand,CHAMPAWAT,2012,Kharif,Rice,6006,8150,1.356976357
Uttarakhand,CHAMPAWAT,2012,Kharif,Sesamum,69,18,0.260869565
Uttarakhand,CHAMPAWAT,2012,Kharif,Small millets,1009,1280,1.268582755
Uttarakhand,CHAMPAWAT,2012,Kharif,Soyabean,260,254,0.976923077
Uttarakhand,CHAMPAWAT,2012,Kharif,Urad,341,196,0.574780059
Uttarakhand,CHAMPAWAT,2012,Rabi,Barley,1016,1394,1.372047244
Uttarakhand,CHAMPAWAT,2012,Rabi,Gram,16,10,0.625
Uttarakhand,CHAMPAWAT,2012,Rabi,Masoor,869,981,1.128883774
Uttarakhand,CHAMPAWAT,2012,Rabi,Other  Rabi pulses,1,,
Uttarakhand,CHAMPAWAT,2012,Rabi,Other Cereals & Millets,1,1,1
Uttarakhand,CHAMPAWAT,2012,Rabi,other oilseeds,1,1,1
Uttarakhand,CHAMPAWAT,2012,Rabi,Peas & beans (Pulses),34,28,0.823529412
Uttarakhand,CHAMPAWAT,2012,Rabi,Potato,279,2317,8.304659498
Uttarakhand,CHAMPAWAT,2012,Rabi,Rapeseed &Mustard,730,692,0.947945205
Uttarakhand,CHAMPAWAT,2012,Rabi,Wheat,6943,8909,1.283162898
Uttarakhand,CHAMPAWAT,2012,Summer,Maize,13,12,0.923076923
Uttarakhand,CHAMPAWAT,2012,Summer,Urad,1,1,1
Uttarakhand,CHAMPAWAT,2012,Whole Year,Garlic,172,568,3.302325581
Uttarakhand,CHAMPAWAT,2012,Whole Year,Ginger,648,3408,5.259259259
Uttarakhand,CHAMPAWAT,2012,Whole Year,Onion,226,1697,7.508849558
Uttarakhand,CHAMPAWAT,2012,Whole Year,Sugarcane,9,540,60
Uttarakhand,CHAMPAWAT,2012,Whole Year,Turmeric,78,601,7.705128205
Uttarakhand,CHAMPAWAT,2013,Kharif,Arhar/Tur,24,5,0.208333333
Uttarakhand,CHAMPAWAT,2013,Kharif,Groundnut,132,148,1.121212121
Uttarakhand,CHAMPAWAT,2013,Kharif,Horse-gram,229,132,0.576419214
Uttarakhand,CHAMPAWAT,2013,Kharif,Maize,632,591,0.935126582
Uttarakhand,CHAMPAWAT,2013,Kharif,Other Kharif pulses,1215,1102,0.906995885
Uttarakhand,CHAMPAWAT,2013,Kharif,Potato,185,2697,14.57837838
Uttarakhand,CHAMPAWAT,2013,Kharif,Ragi,4846,7328,1.51217499
Uttarakhand,CHAMPAWAT,2013,Kharif,Rice,6406,9417,1.470028099
Uttarakhand,CHAMPAWAT,2013,Kharif,Sesamum,145,25,0.172413793
Uttarakhand,CHAMPAWAT,2013,Kharif,Small millets,712,942,1.323033708
Uttarakhand,CHAMPAWAT,2013,Kharif,Soyabean,102,100,0.980392157
Uttarakhand,CHAMPAWAT,2013,Kharif,Urad,335,175,0.52238806
Uttarakhand,CHAMPAWAT,2013,Rabi,Barley,1087,1426,1.311867525
Uttarakhand,CHAMPAWAT,2013,Rabi,Gram,6,4,0.666666667
Uttarakhand,CHAMPAWAT,2013,Rabi,Masoor,622,635,1.020900322
Uttarakhand,CHAMPAWAT,2013,Rabi,Other  Rabi pulses,1,1,1
Uttarakhand,CHAMPAWAT,2013,Rabi,Peas & beans (Pulses),25,22,0.88
Uttarakhand,CHAMPAWAT,2013,Rabi,Potato,320,4124,12.8875
Uttarakhand,CHAMPAWAT,2013,Rabi,Rapeseed &Mustard,523,540,1.03250478
Uttarakhand,CHAMPAWAT,2013,Rabi,Wheat,6971,10463,1.500932434
Uttarakhand,CHAMPAWAT,2013,Summer,Maize,4,10,2.5
Uttarakhand,CHAMPAWAT,2013,Whole Year,Garlic,161,219,1.360248447
Uttarakhand,CHAMPAWAT,2013,Whole Year,Ginger,432,3078,7.125
Uttarakhand,CHAMPAWAT,2013,Whole Year,Onion,216,1581,7.319444444
Uttarakhand,CHAMPAWAT,2013,Whole Year,Sugarcane,1,57,57
Uttarakhand,CHAMPAWAT,2013,Whole Year,Turmeric,110,198,1.8
Uttarakhand,CHAMPAWAT,2014,Kharif,Arhar/Tur,58,15,0.25862069
Uttarakhand,CHAMPAWAT,2014,Kharif,Ginger,694,6878,9.910662824
Uttarakhand,CHAMPAWAT,2014,Kharif,Groundnut,26,29,1.115384615
Uttarakhand,CHAMPAWAT,2014,Kharif,Horse-gram,721,831,1.152565881
Uttarakhand,CHAMPAWAT,2014,Kharif,Maize,563,563,1
Uttarakhand,CHAMPAWAT,2014,Kharif,Other Kharif pulses,645,592,0.917829457
Uttarakhand,CHAMPAWAT,2014,Kharif,Pulses total,1887,1851,0.980922099
Uttarakhand,CHAMPAWAT,2014,Kharif,Ragi,4336,6405,1.477167897
Uttarakhand,CHAMPAWAT,2014,Kharif,Rice,6312,8191,1.297686946
Uttarakhand,CHAMPAWAT,2014,Kharif,Sesamum,80,14,0.175
Uttarakhand,CHAMPAWAT,2014,Kharif,Small millets,944,1302,1.379237288
Uttarakhand,CHAMPAWAT,2014,Kharif,Soyabean,348,279,0.801724138
Uttarakhand,CHAMPAWAT,2014,Kharif,Sugarcane,9,577,64.11111111
Uttarakhand,CHAMPAWAT,2014,Kharif,Total foodgrain,14404,18604,1.291585671
Uttarakhand,CHAMPAWAT,2014,Kharif,Urad,825,705,0.854545455
Uttarakhand,CHAMPAWAT,2014,Rabi,Barley,900,1192,1.324444444
Uttarakhand,CHAMPAWAT,2014,Rabi,Gram,32,20,0.625
Uttarakhand,CHAMPAWAT,2014,Rabi,Lentil,634,456,0.719242902
Uttarakhand,CHAMPAWAT,2014,Rabi,Masoor,634,456,0.719242902
Uttarakhand,CHAMPAWAT,2014,Rabi,Other Cereals & Millets,32,33,1.03125
Uttarakhand,CHAMPAWAT,2014,Rabi,Peas & beans (Pulses),52,46,0.884615385
Uttarakhand,CHAMPAWAT,2014,Rabi,Potato,140,1803,12.87857143
Uttarakhand,CHAMPAWAT,2014,Rabi,Pulses total,913,662,0.725082147
Uttarakhand,CHAMPAWAT,2014,Rabi,Rapeseed &Mustard,583,458,0.785591767
Uttarakhand,CHAMPAWAT,2014,Rabi,Total foodgrain,8879,13305,1.498479559
Uttarakhand,CHAMPAWAT,2014,Rabi,Wheat,7229,11558,1.598838014
Uttarakhand,CHAMPAWAT,2014,Summer,Maize,4,10,2.5
Uttarakhand,CHAMPAWAT,2014,Summer,Total foodgrain,4,10,2.5
Uttarakhand,CHAMPAWAT,2014,Whole Year,Garlic,153,213,1.392156863
Uttarakhand,CHAMPAWAT,2014,Whole Year,Ginger,465,4609,9.911827957
Uttarakhand,CHAMPAWAT,2014,Whole Year,Onion,216,1582,7.324074074
Uttarakhand,CHAMPAWAT,2014,Whole Year,Pulses total,2800,2512,0.897142857
Uttarakhand,CHAMPAWAT,2014,Whole Year,Rice,6312,8191,1.297686946
Uttarakhand,CHAMPAWAT,2014,Whole Year,Total foodgrain,23287,31919,1.37067892
Uttarakhand,CHAMPAWAT,2014,Whole Year,Turmeric,1,2,2
Uttarakhand,DEHRADUN,2000,Kharif,Arhar/Tur,193,107,0.554404145
Uttarakhand,DEHRADUN,2000,Kharif,Groundnut,232,190,0.818965517
Uttarakhand,DEHRADUN,2000,Kharif,Horse-gram,690,353,0.511594203
Uttarakhand,DEHRADUN,2000,Kharif,Maize,11602,19229,1.657386657
Uttarakhand,DEHRADUN,2000,Kharif,Moong(Green Gram),2,1,0.5
Uttarakhand,DEHRADUN,2000,Kharif,Moth,6,2,0.333333333
Uttarakhand,DEHRADUN,2000,Kharif,Other Cereals & Millets,147,44,0.299319728
Uttarakhand,DEHRADUN,2000,Kharif,Other Kharif pulses,1147,608,0.530078466
Uttarakhand,DEHRADUN,2000,Kharif,Potato,246,6376,25.91869919
Uttarakhand,DEHRADUN,2000,Kharif,Ragi,2694,4054,1.504825538
Uttarakhand,DEHRADUN,2000,Kharif,Rice,13786,25606,1.857391557
Uttarakhand,DEHRADUN,2000,Kharif,Sesamum,504,99,0.196428571
Uttarakhand,DEHRADUN,2000,Kharif,Small millets,2009,1341,0.667496267
Uttarakhand,DEHRADUN,2000,Kharif,Sunflower,8,7,0.875
Uttarakhand,DEHRADUN,2000,Kharif,Urad,712,338,0.474719101
Uttarakhand,DEHRADUN,2000,Rabi,Barley,1050,227,0.216190476
Uttarakhand,DEHRADUN,2000,Rabi,Gram,103,77,0.747572816
Uttarakhand,DEHRADUN,2000,Rabi,Linseed,1,,
Uttarakhand,DEHRADUN,2000,Rabi,Maize,7,11,1.571428571
Uttarakhand,DEHRADUN,2000,Rabi,Masoor,712,406,0.570224719
Uttarakhand,DEHRADUN,2000,Rabi,Other  Rabi pulses,5,3,0.6
Uttarakhand,DEHRADUN,2000,Rabi,other oilseeds,77,54,0.701298701
Uttarakhand,DEHRADUN,2000,Rabi,Peas & beans (Pulses),463,321,0.693304536
Uttarakhand,DEHRADUN,2000,Rabi,Potato,1000,25920,25.92
Uttarakhand,DEHRADUN,2000,Rabi,Rapeseed &Mustard,1369,911,0.665449233
Uttarakhand,DEHRADUN,2000,Rabi,Wheat,24142,31074,1.287134454
Uttarakhand,DEHRADUN,2000,Whole Year,Dry ginger,753,7062,9.378486056
Uttarakhand,DEHRADUN,2000,Whole Year,Garlic,11,20,1.818181818
Uttarakhand,DEHRADUN,2000,Whole Year,Onion,25,201,8.04
Uttarakhand,DEHRADUN,2000,Whole Year,Sugarcane,64543,3762857,58.30000155
Uttarakhand,DEHRADUN,2000,Whole Year,Tobacco,23,169,7.347826087
Uttarakhand,DEHRADUN,2000,Whole Year,Turmeric,13,22,1.692307692
Uttarakhand,DEHRADUN,2001,Kharif,Arhar/Tur,162,91,0.561728395
Uttarakhand,DEHRADUN,2001,Kharif,Groundnut,232,197,0.849137931
Uttarakhand,DEHRADUN,2001,Kharif,Horse-gram,462,208,0.45021645
Uttarakhand,DEHRADUN,2001,Kharif,Maize,11527,14420,1.250975969
Uttarakhand,DEHRADUN,2001,Kharif,Moong(Green Gram),11,4,0.363636364
Uttarakhand,DEHRADUN,2001,Kharif,Other Cereals & Millets,452,136,0.300884956
Uttarakhand,DEHRADUN,2001,Kharif,Other Kharif pulses,1134,598,0.527336861
Uttarakhand,DEHRADUN,2001,Kharif,Potato,63,1631,25.88888889
Uttarakhand,DEHRADUN,2001,Kharif,Ragi,3215,4670,1.452566096
Uttarakhand,DEHRADUN,2001,Kharif,Rice,13364,24396,1.825501347
Uttarakhand,DEHRADUN,2001,Kharif,Sesamum,540,104,0.192592593
Uttarakhand,DEHRADUN,2001,Kharif,Small millets,1667,1430,0.857828434
Uttarakhand,DEHRADUN,2001,Kharif,Soyabean,23,14,0.608695652
Uttarakhand,DEHRADUN,2001,Kharif,Sunflower,5,5,1
Uttarakhand,DEHRADUN,2001,Kharif,Urad,659,330,0.500758725
Uttarakhand,DEHRADUN,2001,Rabi,Barley,999,1530,1.531531532
Uttarakhand,DEHRADUN,2001,Rabi,Gram,216,167,0.773148148
Uttarakhand,DEHRADUN,2001,Rabi,Linseed,2,1,0.5
Uttarakhand,DEHRADUN,2001,Rabi,Maize,5,8,1.6
Uttarakhand,DEHRADUN,2001,Rabi,Masoor,448,259,0.578125
Uttarakhand,DEHRADUN,2001,Rabi,Other  Rabi pulses,94,47,0.5
Uttarakhand,DEHRADUN,2001,Rabi,other oilseeds,80,57,0.7125
Uttarakhand,DEHRADUN,2001,Rabi,Peas & beans (Pulses),459,300,0.653594771
Uttarakhand,DEHRADUN,2001,Rabi,Potato,746,19314,25.89008043
Uttarakhand,DEHRADUN,2001,Rabi,Rapeseed &Mustard,1086,727,0.669429098
Uttarakhand,DEHRADUN,2001,Rabi,Wheat,24899,43065,1.729587534
Uttarakhand,DEHRADUN,2001,Whole Year,Dry ginger,679,6355,9.359351988
Uttarakhand,DEHRADUN,2001,Whole Year,Garlic,9,17,1.888888889
Uttarakhand,DEHRADUN,2001,Whole Year,Onion,31,249,8.032258065
Uttarakhand,DEHRADUN,2001,Whole Year,Sugarcane,67615,3941955,58.30000739
Uttarakhand,DEHRADUN,2001,Whole Year,Tobacco,34,250,7.352941176
Uttarakhand,DEHRADUN,2001,Whole Year,Turmeric,11,19,1.727272727
Uttarakhand,DEHRADUN,2002,Kharif,Arhar/Tur,158,89,0.563291139
Uttarakhand,DEHRADUN,2002,Kharif,Groundnut,258,181,0.701550388
Uttarakhand,DEHRADUN,2002,Kharif,Horse-gram,511,245,0.479452055
Uttarakhand,DEHRADUN,2002,Kharif,Maize,11713,15611,1.332792624
Uttarakhand,DEHRADUN,2002,Kharif,Moong(Green Gram),2,1,0.5
Uttarakhand,DEHRADUN,2002,Kharif,Other Cereals & Millets,324,97,0.299382716
Uttarakhand,DEHRADUN,2002,Kharif,Other Kharif pulses,1160,608,0.524137931
Uttarakhand,DEHRADUN,2002,Kharif,Potato,279,7224,25.89247312
Uttarakhand,DEHRADUN,2002,Kharif,Ragi,2706,3185,1.177014043
Uttarakhand,DEHRADUN,2002,Kharif,Rice,13106,25244,1.926140699
Uttarakhand,DEHRADUN,2002,Kharif,Sesamum,313,43,0.137380192
Uttarakhand,DEHRADUN,2002,Kharif,Small millets,3152,2371,0.752220812
Uttarakhand,DEHRADUN,2002,Kharif,Soyabean,8,4,0.5
Uttarakhand,DEHRADUN,2002,Kharif,Sunflower,24,13,0.541666667
Uttarakhand,DEHRADUN,2002,Kharif,Urad,704,288,0.409090909
Uttarakhand,DEHRADUN,2002,Rabi,Barley,1256,1988,1.582802548
Uttarakhand,DEHRADUN,2002,Rabi,Gram,109,82,0.752293578
Uttarakhand,DEHRADUN,2002,Rabi,Linseed,135,38,0.281481481
Uttarakhand,DEHRADUN,2002,Rabi,Maize,1,1,1
Uttarakhand,DEHRADUN,2002,Rabi,Masoor,785,397,0.505732484
Uttarakhand,DEHRADUN,2002,Rabi,Other  Rabi pulses,13,7,0.538461538
Uttarakhand,DEHRADUN,2002,Rabi,Other Cereals & Millets,1,1,1
Uttarakhand,DEHRADUN,2002,Rabi,other oilseeds,46,31,0.673913043
Uttarakhand,DEHRADUN,2002,Rabi,Peas & beans (Pulses),540,367,0.67962963
Uttarakhand,DEHRADUN,2002,Rabi,Potato,707,18304,25.88967468
Uttarakhand,DEHRADUN,2002,Rabi,Rapeseed &Mustard,1252,794,0.634185304
Uttarakhand,DEHRADUN,2002,Rabi,Small millets,1,1,1
Uttarakhand,DEHRADUN,2002,Rabi,Wheat,23295,41447,1.779223009
Uttarakhand,DEHRADUN,2002,Whole Year,Dry ginger,646,6333,9.803405573
Uttarakhand,DEHRADUN,2002,Whole Year,Garlic,2,4,2
Uttarakhand,DEHRADUN,2002,Whole Year,Onion,33,265,8.03030303
Uttarakhand,DEHRADUN,2002,Whole Year,Sugarcane,6071,334148,55.04002635
Uttarakhand,DEHRADUN,2002,Whole Year,Turmeric,13,24,1.846153846
Uttarakhand,DEHRADUN,2003,Kharif,Arhar/Tur,197,170,0.862944162
Uttarakhand,DEHRADUN,2003,Kharif,Groundnut,78,74,0.948717949
Uttarakhand,DEHRADUN,2003,Kharif,Horse-gram,430,315,0.73255814
Uttarakhand,DEHRADUN,2003,Kharif,Maize,10439,17994,1.723728326
Uttarakhand,DEHRADUN,2003,Kharif,Moong(Green Gram),2,1,0.5
Uttarakhand,DEHRADUN,2003,Kharif,Other Cereals & Millets,1961,1608,0.819989801
Uttarakhand,DEHRADUN,2003,Kharif,Other Kharif pulses,1400,647,0.462142857
Uttarakhand,DEHRADUN,2003,Kharif,other oilseeds,35,22,0.628571429
Uttarakhand,DEHRADUN,2003,Kharif,Ragi,2810,4130,1.46975089
Uttarakhand,DEHRADUN,2003,Kharif,Rice,13220,27981,2.116565809
Uttarakhand,DEHRADUN,2003,Kharif,Sesamum,185,34,0.183783784
Uttarakhand,DEHRADUN,2003,Kharif,Soyabean,11,14,1.272727273
Uttarakhand,DEHRADUN,2003,Kharif,Sunflower,10,10,1
Uttarakhand,DEHRADUN,2003,Kharif,Urad,716,281,0.392458101
Uttarakhand,DEHRADUN,2003,Rabi,Barley,1301,1250,0.960799385
Uttarakhand,DEHRADUN,2003,Rabi,Gram,65,52,0.8
Uttarakhand,DEHRADUN,2003,Rabi,Masoor,581,304,0.5232358
Uttarakhand,DEHRADUN,2003,Rabi,Other  Rabi pulses,2,1,0.5
Uttarakhand,DEHRADUN,2003,Rabi,Other Cereals & Millets,1,1,1
Uttarakhand,DEHRADUN,2003,Rabi,Peas & beans (Pulses),662,488,0.737160121
Uttarakhand,DEHRADUN,2003,Rabi,Rapeseed &Mustard,1207,1073,0.888980944
Uttarakhand,DEHRADUN,2003,Rabi,Wheat,25386,41161,1.621405499
Uttarakhand,DEHRADUN,2003,Whole Year,Dry ginger,1269,10437,8.224586288
Uttarakhand,DEHRADUN,2003,Whole Year,Garlic,11,,
Uttarakhand,DEHRADUN,2003,Whole Year,Onion,81,899,11.09876543
Uttarakhand,DEHRADUN,2003,Whole Year,Potato,1386,23090,16.65945166
Uttarakhand,DEHRADUN,2003,Whole Year,Sugarcane,8154,448470,55
Uttarakhand,DEHRADUN,2003,Whole Year,Tobacco,4,13,3.25
Uttarakhand,DEHRADUN,2004,Kharif,Arhar/Tur,68,48,0.705882353
Uttarakhand,DEHRADUN,2004,Kharif,Groundnut,252,311,1.234126984
Uttarakhand,DEHRADUN,2004,Kharif,Horse-gram,190,143,0.752631579
Uttarakhand,DEHRADUN,2004,Kharif,Maize,11500,19106,1.661391304
Uttarakhand,DEHRADUN,2004,Kharif,Moong(Green Gram),2,1,0.5
Uttarakhand,DEHRADUN,2004,Kharif,Other Cereals & Millets,1593,1568,0.98430634
Uttarakhand,DEHRADUN,2004,Kharif,Other Kharif pulses,1831,1053,0.575095576
Uttarakhand,DEHRADUN,2004,Kharif,other oilseeds,21,13,0.619047619
Uttarakhand,DEHRADUN,2004,Kharif,Ragi,2437,3591,1.473533032
Uttarakhand,DEHRADUN,2004,Kharif,Rice,12317,23415,1.901031095
Uttarakhand,DEHRADUN,2004,Kharif,Sesamum,178,43,0.241573034
Uttarakhand,DEHRADUN,2004,Kharif,Soyabean,9,11,1.222222222
Uttarakhand,DEHRADUN,2004,Kharif,Urad,810,347,0.428395062
Uttarakhand,DEHRADUN,2004,Rabi,Barley,846,1456,1.721040189
Uttarakhand,DEHRADUN,2004,Rabi,Gram,42,38,0.904761905
Uttarakhand,DEHRADUN,2004,Rabi,Masoor,583,340,0.583190395
Uttarakhand,DEHRADUN,2004,Rabi,Other  Rabi pulses,5,4,0.8
Uttarakhand,DEHRADUN,2004,Rabi,other oilseeds,3,2,0.666666667
Uttarakhand,DEHRADUN,2004,Rabi,Peas & beans (Pulses),449,318,0.708240535
Uttarakhand,DEHRADUN,2004,Rabi,Rapeseed &Mustard,1304,996,0.763803681
Uttarakhand,DEHRADUN,2004,Rabi,Wheat,23608,46131,1.954041003
Uttarakhand,DEHRADUN,2004,Summer,Maize,1,2,2
Uttarakhand,DEHRADUN,2004,Whole Year,Dry ginger,883,7296,8.262740657
Uttarakhand,DEHRADUN,2004,Whole Year,Onion,48,495,10.3125
Uttarakhand,DEHRADUN,2004,Whole Year,Potato,716,9979,13.93715084
Uttarakhand,DEHRADUN,2004,Whole Year,Sugarcane,5324,282704,53.09992487
Uttarakhand,DEHRADUN,2004,Whole Year,Tobacco,5,18,3.6
Uttarakhand,DEHRADUN,2005,Kharif,Arhar/Tur,141,72,0.510638298
Uttarakhand,DEHRADUN,2005,Kharif,Groundnut,143,139,0.972027972
Uttarakhand,DEHRADUN,2005,Kharif,Horse-gram,475,296,0.623157895
Uttarakhand,DEHRADUN,2005,Kharif,Jowar,3,2,0.666666667
Uttarakhand,DEHRADUN,2005,Kharif,Maize,10917,16854,1.543830723
Uttarakhand,DEHRADUN,2005,Kharif,Moong(Green Gram),1,,
Uttarakhand,DEHRADUN,2005,Kharif,Other Cereals & Millets,2043,1466,0.717572198
Uttarakhand,DEHRADUN,2005,Kharif,Other Kharif pulses,1223,734,0.600163532
Uttarakhand,DEHRADUN,2005,Kharif,other oilseeds,11,4,0.363636364
Uttarakhand,DEHRADUN,2005,Kharif,Ragi,2692,3589,1.33320951
Uttarakhand,DEHRADUN,2005,Kharif,Rice,12344,25667,2.079309786
Uttarakhand,DEHRADUN,2005,Kharif,Sesamum,168,50,0.297619048
Uttarakhand,DEHRADUN,2005,Kharif,Soyabean,5,4,0.8
Uttarakhand,DEHRADUN,2005,Kharif,Sunflower,2,2,1
Uttarakhand,DEHRADUN,2005,Kharif,Urad,750,451,0.601333333
Uttarakhand,DEHRADUN,2005,Rabi,Barley,1052,734,0.697718631
Uttarakhand,DEHRADUN,2005,Rabi,Gram,37,28,0.756756757
Uttarakhand,DEHRADUN,2005,Rabi,Masoor,565,294,0.520353982
Uttarakhand,DEHRADUN,2005,Rabi,Other  Rabi pulses,4,2,0.5
Uttarakhand,DEHRADUN,2005,Rabi,other oilseeds,7,5,0.714285714
Uttarakhand,DEHRADUN,2005,Rabi,Peas & beans (Pulses),326,260,0.797546012
Uttarakhand,DEHRADUN,2005,Rabi,Rapeseed &Mustard,1194,879,0.736180905
Uttarakhand,DEHRADUN,2005,Rabi,Wheat,23057,34236,1.484841914
Uttarakhand,DEHRADUN,2005,Whole Year,Dry ginger,823,7443,9.043742406
Uttarakhand,DEHRADUN,2005,Whole Year,Onion,31,341,11
Uttarakhand,DEHRADUN,2005,Whole Year,Potato,1332,19526,14.65915916
Uttarakhand,DEHRADUN,2005,Whole Year,Sugarcane,4899,322354,65.79995918
Uttarakhand,DEHRADUN,2005,Whole Year,Tobacco,14,49,3.5
Uttarakhand,DEHRADUN,2006,Kharif,Arhar/Tur,100,51,0.51
Uttarakhand,DEHRADUN,2006,Kharif,Groundnut,163,179,1.098159509
Uttarakhand,DEHRADUN,2006,Kharif,Horse-gram,636,401,0.630503145
Uttarakhand,DEHRADUN,2006,Kharif,Maize,10681,17667,1.654058609
Uttarakhand,DEHRADUN,2006,Kharif,Moong(Green Gram),1,1,1
Uttarakhand,DEHRADUN,2006,Kharif,Other Cereals & Millets,132,69,0.522727273
Uttarakhand,DEHRADUN,2006,Kharif,Other Kharif pulses,966,571,0.591097308
Uttarakhand,DEHRADUN,2006,Kharif,other oilseeds,85,47,0.552941176
Uttarakhand,DEHRADUN,2006,Kharif,Potato,301,3311,11
Uttarakhand,DEHRADUN,2006,Kharif,Ragi,1993,2664,1.336678374
Uttarakhand,DEHRADUN,2006,Kharif,Rice,12091,24734,2.045653792
Uttarakhand,DEHRADUN,2006,Kharif,Sesamum,142,35,0.246478873
Uttarakhand,DEHRADUN,2006,Kharif,Small millets,1494,1180,0.789825971
Uttarakhand,DEHRADUN,2006,Kharif,Soyabean,14,11,0.785714286
Uttarakhand,DEHRADUN,2006,Kharif,Urad,648,453,0.699074074
Uttarakhand,DEHRADUN,2006,Rabi,Barley,867,1349,1.555940023
Uttarakhand,DEHRADUN,2006,Rabi,Gram,43,34,0.790697674
Uttarakhand,DEHRADUN,2006,Rabi,Masoor,496,301,0.606854839
Uttarakhand,DEHRADUN,2006,Rabi,Other  Rabi pulses,4,2,0.5
Uttarakhand,DEHRADUN,2006,Rabi,other oilseeds,961,505,0.525494277
Uttarakhand,DEHRADUN,2006,Rabi,Peas & beans (Pulses),233,152,0.652360515
Uttarakhand,DEHRADUN,2006,Rabi,Potato,976,13670,14.00614754
Uttarakhand,DEHRADUN,2006,Rabi,Rapeseed &Mustard,306,207,0.676470588
Uttarakhand,DEHRADUN,2006,Rabi,Wheat,23270,51809,2.226428878
Uttarakhand,DEHRADUN,2006,Whole Year,Dry ginger,531,5221,9.832391714
Uttarakhand,DEHRADUN,2006,Whole Year,Garlic,23,46,2
Uttarakhand,DEHRADUN,2006,Whole Year,Onion,42,386,9.19047619
Uttarakhand,DEHRADUN,2006,Whole Year,Sugarcane,4855,309749,63.8
Uttarakhand,DEHRADUN,2006,Whole Year,Tobacco,1,4,4
Uttarakhand,DEHRADUN,2006,Whole Year,Turmeric,11,22,2
Uttarakhand,DEHRADUN,2007,Kharif,Arhar/Tur,269,212,0.788104089
Uttarakhand,DEHRADUN,2007,Kharif,Dry chillies,366,89,0.243169399
Uttarakhand,DEHRADUN,2007,Kharif,Groundnut,151,128,0.847682119
Uttarakhand,DEHRADUN,2007,Kharif,Horse-gram,652,619,0.949386503
Uttarakhand,DEHRADUN,2007,Kharif,Maize,11006,23349,2.121479193
Uttarakhand,DEHRADUN,2007,Kharif,Other Cereals & Millets,1441,1237,0.858431645
Uttarakhand,DEHRADUN,2007,Kharif,Other Kharif pulses,1110,925,0.833333333
Uttarakhand,DEHRADUN,2007,Kharif,other oilseeds,13,7,0.538461538
Uttarakhand,DEHRADUN,2007,Kharif,Potato,311,4157,13.36655949
Uttarakhand,DEHRADUN,2007,Kharif,Ragi,2108,3612,1.713472486
Uttarakhand,DEHRADUN,2007,Kharif,Rice,11795,25112,2.129037728
Uttarakhand,DEHRADUN,2007,Kharif,Sesamum,149,33,0.22147651
Uttarakhand,DEHRADUN,2007,Kharif,Soyabean,7,6,0.857142857
Uttarakhand,DEHRADUN,2007,Kharif,Urad,834,717,0.85971223
Uttarakhand,DEHRADUN,2007,Rabi,Barley,842,1371,1.628266033
Uttarakhand,DEHRADUN,2007,Rabi,Gram,30,25,0.833333333
Uttarakhand,DEHRADUN,2007,Rabi,Masoor,510,318,0.623529412
Uttarakhand,DEHRADUN,2007,Rabi,Other  Rabi pulses,2,1,0.5
Uttarakhand,DEHRADUN,2007,Rabi,other oilseeds,811,243,0.299630086
Uttarakhand,DEHRADUN,2007,Rabi,Peas & beans (Pulses),331,254,0.767371601
Uttarakhand,DEHRADUN,2007,Rabi,Potato,845,6869,8.128994083
Uttarakhand,DEHRADUN,2007,Rabi,Rapeseed &Mustard,254,168,0.661417323
Uttarakhand,DEHRADUN,2007,Rabi,Wheat,21717,48286,2.223419441
Uttarakhand,DEHRADUN,2007,Whole Year,Dry ginger,646,7047,10.90866873
Uttarakhand,DEHRADUN,2007,Whole Year,Garlic,73,131,1.794520548
Uttarakhand,DEHRADUN,2007,Whole Year,Onion,35,257,7.342857143
Uttarakhand,DEHRADUN,2007,Whole Year,Sugarcane,4988,314244,63
Uttarakhand,DEHRADUN,2007,Whole Year,Tobacco,1,3,3
Uttarakhand,DEHRADUN,2007,Whole Year,Turmeric,8,17,2.125
Uttarakhand,DEHRADUN,2008,Kharif,Arhar/Tur,236,223,0.944915254
Uttarakhand,DEHRADUN,2008,Kharif,Bajra,20,19,0.95
Uttarakhand,DEHRADUN,2008,Kharif,Groundnut,89,76,0.853932584
Uttarakhand,DEHRADUN,2008,Kharif,Horse-gram,561,533,0.950089127
Uttarakhand,DEHRADUN,2008,Kharif,Maize,10659,16938,1.589079651
Uttarakhand,DEHRADUN,2008,Kharif,Moong(Green Gram),4,1,0.25
Uttarakhand,DEHRADUN,2008,Kharif,Moth,281,98,0.348754448
Uttarakhand,DEHRADUN,2008,Kharif,Other Cereals & Millets,1348,1130,0.838278932
Uttarakhand,DEHRADUN,2008,Kharif,Other Kharif pulses,944,788,0.834745763
Uttarakhand,DEHRADUN,2008,Kharif,other oilseeds,39,20,0.512820513
Uttarakhand,DEHRADUN,2008,Kharif,Potato,195,2749,14.0974359
Uttarakhand,DEHRADUN,2008,Kharif,Ragi,1966,3541,1.801119023
Uttarakhand,DEHRADUN,2008,Kharif,Rice,11428,23706,2.074378719
Uttarakhand,DEHRADUN,2008,Kharif,Sesamum,296,70,0.236486486
Uttarakhand,DEHRADUN,2008,Kharif,Soyabean,7,5,0.714285714
Uttarakhand,DEHRADUN,2008,Kharif,Urad,861,580,0.673635308
Uttarakhand,DEHRADUN,2008,Rabi,Barley,695,301,0.433093525
Uttarakhand,DEHRADUN,2008,Rabi,Gram,34,19,0.558823529
Uttarakhand,DEHRADUN,2008,Rabi,Masoor,426,176,0.41314554
Uttarakhand,DEHRADUN,2008,Rabi,other oilseeds,708,531,0.75
Uttarakhand,DEHRADUN,2008,Rabi,Peas & beans (Pulses),145,60,0.413793103
Uttarakhand,DEHRADUN,2008,Rabi,Potato,754,13854,18.37400531
Uttarakhand,DEHRADUN,2008,Rabi,Rapeseed &Mustard,316,207,0.655063291
Uttarakhand,DEHRADUN,2008,Rabi,Wheat,20700,39422,1.904444444
Uttarakhand,DEHRADUN,2008,Whole Year,Dry ginger,643,8982,13.9688958
Uttarakhand,DEHRADUN,2008,Whole Year,Garlic,19,31,1.631578947
Uttarakhand,DEHRADUN,2008,Whole Year,Onion,32,205,6.40625
Uttarakhand,DEHRADUN,2008,Whole Year,Sugarcane,4966,313851,63.19995973
Uttarakhand,DEHRADUN,2008,Whole Year,Turmeric,7,16,2.285714286
Uttarakhand,DEHRADUN,2009,Kharif,Arhar/Tur,221,208,0.941176471
Uttarakhand,DEHRADUN,2009,Kharif,Groundnut,82,70,0.853658537
Uttarakhand,DEHRADUN,2009,Kharif,Horse-gram,604,574,0.950331126
Uttarakhand,DEHRADUN,2009,Kharif,Maize,10325,16427,1.590992736
Uttarakhand,DEHRADUN,2009,Kharif,Other Cereals & Millets,66,35,0.53030303
Uttarakhand,DEHRADUN,2009,Kharif,Other Kharif pulses,1208,1013,0.838576159
Uttarakhand,DEHRADUN,2009,Kharif,other oilseeds,58,43,0.74137931
Uttarakhand,DEHRADUN,2009,Kharif,Potato,289,2764,9.564013841
Uttarakhand,DEHRADUN,2009,Kharif,Ragi,1817,2525,1.389653275
Uttarakhand,DEHRADUN,2009,Kharif,Rice,11168,21268,1.904369628
Uttarakhand,DEHRADUN,2009,Kharif,Sesamum,204,39,0.191176471
Uttarakhand,DEHRADUN,2009,Kharif,Small millets,1420,1099,0.773943662
Uttarakhand,DEHRADUN,2009,Kharif,Soyabean,10,7,0.7
Uttarakhand,DEHRADUN,2009,Kharif,Urad,563,378,0.671403197
Uttarakhand,DEHRADUN,2009,Rabi,Barley,823,1403,1.704738761
Uttarakhand,DEHRADUN,2009,Rabi,Gram,23,20,0.869565217
Uttarakhand,DEHRADUN,2009,Rabi,Masoor,432,259,0.599537037
Uttarakhand,DEHRADUN,2009,Rabi,Other  Rabi pulses,4,3,0.75
Uttarakhand,DEHRADUN,2009,Rabi,other oilseeds,732,219,0.299180328
Uttarakhand,DEHRADUN,2009,Rabi,Peas & beans (Pulses),246,177,0.719512195
Uttarakhand,DEHRADUN,2009,Rabi,Potato,1216,17179,14.12746711
Uttarakhand,DEHRADUN,2009,Rabi,Rapeseed &Mustard,277,255,0.920577617
Uttarakhand,DEHRADUN,2009,Rabi,Wheat,20796,44126,2.121850356
Uttarakhand,DEHRADUN,2009,Whole Year,Dry ginger,630,6188,9.822222222
Uttarakhand,DEHRADUN,2009,Whole Year,Garlic,25,63,2.52
Uttarakhand,DEHRADUN,2009,Whole Year,Onion,43,258,6
Uttarakhand,DEHRADUN,2009,Whole Year,Sugarcane,4556,267437,58.6999561
Uttarakhand,DEHRADUN,2009,Whole Year,Turmeric,12,12,1
Uttarakhand,DEHRADUN,2010,Kharif,Arhar/Tur,235,208,0.885106383
Uttarakhand,DEHRADUN,2010,Kharif,Groundnut,128,138,1.078125
Uttarakhand,DEHRADUN,2010,Kharif,Horse-gram,722,614,0.850415512
Uttarakhand,DEHRADUN,2010,Kharif,Maize,9540,17522,1.836687631
Uttarakhand,DEHRADUN,2010,Kharif,Moth,5,2,0.4
Uttarakhand,DEHRADUN,2010,Kharif,Other Cereals & Millets,1646,1457,0.885176185
Uttarakhand,DEHRADUN,2010,Kharif,Other Kharif pulses,1030,1094,1.062135922
Uttarakhand,DEHRADUN,2010,Kharif,other oilseeds,69,31,0.449275362
Uttarakhand,DEHRADUN,2010,Kharif,Ragi,1902,3191,1.677707676
Uttarakhand,DEHRADUN,2010,Kharif,Rice,11193,21827,1.950058072
Uttarakhand,DEHRADUN,2010,Kharif,Sesamum,136,30,0.220588235
Uttarakhand,DEHRADUN,2010,Kharif,Soyabean,14,12,0.857142857
Uttarakhand,DEHRADUN,2010,Kharif,Urad,575,372,0.646956522
Uttarakhand,DEHRADUN,2010,Rabi,Barley,746,1491,1.998659517
Uttarakhand,DEHRADUN,2010,Rabi,Gram,30,22,0.733333333
Uttarakhand,DEHRADUN,2010,Rabi,Masoor,410,286,0.697560976
Uttarakhand,DEHRADUN,2010,Rabi,Other  Rabi pulses,4,2,0.5
Uttarakhand,DEHRADUN,2010,Rabi,other oilseeds,689,413,0.599419448
Uttarakhand,DEHRADUN,2010,Rabi,Peas & beans (Pulses),191,134,0.701570681
Uttarakhand,DEHRADUN,2010,Rabi,Potato,667,14721,22.07046477
Uttarakhand,DEHRADUN,2010,Rabi,Rapeseed &Mustard,353,211,0.597733711
Uttarakhand,DEHRADUN,2010,Rabi,Wheat,20956,48703,2.324059935
Uttarakhand,DEHRADUN,2010,Whole Year,Dry ginger,567,6036,10.64550265
Uttarakhand,DEHRADUN,2010,Whole Year,Garlic,44,86,1.954545455
Uttarakhand,DEHRADUN,2010,Whole Year,Onion,42,256,6.095238095
Uttarakhand,DEHRADUN,2010,Whole Year,Sugarcane,4546,266850,58.69995601
Uttarakhand,DEHRADUN,2010,Whole Year,Turmeric,5,10,2
Uttarakhand,DEHRADUN,2011,Kharif,Arhar/Tur,247,219,0.886639676
Uttarakhand,DEHRADUN,2011,Kharif,Groundnut,133,140,1.052631579
Uttarakhand,DEHRADUN,2011,Kharif,Horse-gram,717,538,0.750348675
Uttarakhand,DEHRADUN,2011,Kharif,Maize,9244,15920,1.722198183
Uttarakhand,DEHRADUN,2011,Kharif,Moth,1,1,1
Uttarakhand,DEHRADUN,2011,Kharif,Other Kharif pulses,192,133,0.692708333
Uttarakhand,DEHRADUN,2011,Kharif,Potato,30,300,10
Uttarakhand,DEHRADUN,2011,Kharif,Ragi,1830,2810,1.535519126
Uttarakhand,DEHRADUN,2011,Kharif,Rice,10905,23083,2.116735442
Uttarakhand,DEHRADUN,2011,Kharif,Sesamum,72,17,0.236111111
Uttarakhand,DEHRADUN,2011,Kharif,Small millets,1497,1330,0.888443554
Uttarakhand,DEHRADUN,2011,Kharif,Soyabean,13,11,0.846153846
Uttarakhand,DEHRADUN,2011,Kharif,Sunflower,4,2,0.5
Uttarakhand,DEHRADUN,2011,Kharif,Urad,816,545,0.667892157
Uttarakhand,DEHRADUN,2011,Rabi,Barley,742,1418,1.911051213
Uttarakhand,DEHRADUN,2011,Rabi,Gram,18,15,0.833333333
Uttarakhand,DEHRADUN,2011,Rabi,Masoor,446,293,0.656950673
Uttarakhand,DEHRADUN,2011,Rabi,Other  Rabi pulses,15,9,0.6
Uttarakhand,DEHRADUN,2011,Rabi,other oilseeds,697,811,1.163558106
Uttarakhand,DEHRADUN,2011,Rabi,Peas & beans (Pulses),202,144,0.712871287
Uttarakhand,DEHRADUN,2011,Rabi,Potato,814,17365,21.33292383
Uttarakhand,DEHRADUN,2011,Rabi,Rapeseed &Mustard,206,135,0.655339806
Uttarakhand,DEHRADUN,2011,Rabi,Wheat,21250,51864,2.440658824
Uttarakhand,DEHRADUN,2011,Whole Year,Garlic,19,91,4.789473684
Uttarakhand,DEHRADUN,2011,Whole Year,Ginger,569,8488,14.91739895
Uttarakhand,DEHRADUN,2011,Whole Year,Onion,51,311,6.098039216
Uttarakhand,DEHRADUN,2011,Whole Year,Sugarcane,4414,264840,60
Uttarakhand,DEHRADUN,2011,Whole Year,Turmeric,17,155,9.117647059
Uttarakhand,DEHRADUN,2012,Kharif,Arhar/Tur,274,250,0.912408759
Uttarakhand,DEHRADUN,2012,Kharif,Groundnut,79,89,1.126582278
Uttarakhand,DEHRADUN,2012,Kharif,Horse-gram,668,307,0.459580838
Uttarakhand,DEHRADUN,2012,Kharif,Maize,8811,13126,1.489728748
Uttarakhand,DEHRADUN,2012,Kharif,Moth,3,1,0.333333333
Uttarakhand,DEHRADUN,2012,Kharif,Other Kharif pulses,1256,1079,0.859076433
Uttarakhand,DEHRADUN,2012,Kharif,other oilseeds,19,10,0.526315789
Uttarakhand,DEHRADUN,2012,Kharif,Potato,144,1426,9.902777778
Uttarakhand,DEHRADUN,2012,Kharif,Ragi,1322,1774,1.341906203
Uttarakhand,DEHRADUN,2012,Kharif,Rice,11047,22704,2.055218611
Uttarakhand,DEHRADUN,2012,Kharif,Sesamum,80,20,0.25
Uttarakhand,DEHRADUN,2012,Kharif,Small millets,1192,1136,0.953020134
Uttarakhand,DEHRADUN,2012,Kharif,Soyabean,12,17,1.416666667
Uttarakhand,DEHRADUN,2012,Kharif,Sunflower,1,1,1
Uttarakhand,DEHRADUN,2012,Kharif,Urad,645,423,0.655813953
Uttarakhand,DEHRADUN,2012,Rabi,Barley,688,1406,2.043604651
Uttarakhand,DEHRADUN,2012,Rabi,Gram,22,18,0.818181818
Uttarakhand,DEHRADUN,2012,Rabi,Masoor,390,283,0.725641026
Uttarakhand,DEHRADUN,2012,Rabi,Other  Rabi pulses,2,1,0.5
Uttarakhand,DEHRADUN,2012,Rabi,other oilseeds,679,321,0.47275405
Uttarakhand,DEHRADUN,2012,Rabi,Peas & beans (Pulses),346,246,0.710982659
Uttarakhand,DEHRADUN,2012,Rabi,Potato,922,18955,20.55856833
Uttarakhand,DEHRADUN,2012,Rabi,Rapeseed &Mustard,241,153,0.634854772
Uttarakhand,DEHRADUN,2012,Rabi,Wheat,19931,45287,2.272189052
Uttarakhand,DEHRADUN,2012,Summer,Maize,2,2,1
Uttarakhand,DEHRADUN,2012,Summer,Urad,43,22,0.511627907
Uttarakhand,DEHRADUN,2012,Whole Year,Garlic,33,155,4.696969697
Uttarakhand,DEHRADUN,2012,Whole Year,Ginger,658,10436,15.86018237
Uttarakhand,DEHRADUN,2012,Whole Year,Onion,38,228,6
Uttarakhand,DEHRADUN,2012,Whole Year,Sugarcane,4420,266084,60.2
Uttarakhand,DEHRADUN,2012,Whole Year,Turmeric,52,424,8.153846154
Uttarakhand,DEHRADUN,2013,Kharif,Arhar/Tur,477,451,0.945492662
Uttarakhand,DEHRADUN,2013,Kharif,Groundnut,54,61,1.12962963
Uttarakhand,DEHRADUN,2013,Kharif,Horse-gram,932,420,0.450643777
Uttarakhand,DEHRADUN,2013,Kharif,Maize,8647,10335,1.195212212
Uttarakhand,DEHRADUN,2013,Kharif,Moong(Green Gram),11,6,0.545454545
Uttarakhand,DEHRADUN,2013,Kharif,Moth,6,2,0.333333333
Uttarakhand,DEHRADUN,2013,Kharif,Other Kharif pulses,1116,952,0.853046595
Uttarakhand,DEHRADUN,2013,Kharif,other oilseeds,24,13,0.541666667
Uttarakhand,DEHRADUN,2013,Kharif,Potato,161,1585,9.844720497
Uttarakhand,DEHRADUN,2013,Kharif,Ragi,1611,2568,1.594040968
Uttarakhand,DEHRADUN,2013,Kharif,Rice,10112,21537,2.129845728
Uttarakhand,DEHRADUN,2013,Kharif,Sesamum,73,16,0.219178082
Uttarakhand,DEHRADUN,2013,Kharif,Small millets,1018,996,0.978388998
Uttarakhand,DEHRADUN,2013,Kharif,Soyabean,7,6,0.857142857
Uttarakhand,DEHRADUN,2013,Kharif,Sunflower,6,6,1
Uttarakhand,DEHRADUN,2013,Kharif,Urad,531,346,0.651600753
Uttarakhand,DEHRADUN,2013,Rabi,Barley,763,1731,2.268676278
Uttarakhand,DEHRADUN,2013,Rabi,Gram,8,7,0.875
Uttarakhand,DEHRADUN,2013,Rabi,Masoor,444,403,0.907657658
Uttarakhand,DEHRADUN,2013,Rabi,other oilseeds,454,213,0.469162996
Uttarakhand,DEHRADUN,2013,Rabi,Peas & beans (Pulses),391,266,0.680306905
Uttarakhand,DEHRADUN,2013,Rabi,Potato,839,11587,13.81048868
Uttarakhand,DEHRADUN,2013,Rabi,Rapeseed &Mustard,226,139,0.615044248
Uttarakhand,DEHRADUN,2013,Rabi,Wheat,19062,47191,2.475658378
Uttarakhand,DEHRADUN,2013,Summer,Maize,3,7,2.333333333
Uttarakhand,DEHRADUN,2013,Whole Year,Garlic,29,59,2.034482759
Uttarakhand,DEHRADUN,2013,Whole Year,Ginger,560,6518,11.63928571
Uttarakhand,DEHRADUN,2013,Whole Year,Onion,51,318,6.235294118
Uttarakhand,DEHRADUN,2013,Whole Year,Sugarcane,3905,254607,65.20025608
Uttarakhand,DEHRADUN,2013,Whole Year,Turmeric,30,62,2.066666667
Uttarakhand,DEHRADUN,2014,Kharif,Arhar/Tur,357,280,0.784313725
Uttarakhand,DEHRADUN,2014,Kharif,Ginger,449,8156,18.16481069
Uttarakhand,DEHRADUN,2014,Kharif,Groundnut,74,81,1.094594595
Uttarakhand,DEHRADUN,2014,Kharif,Horse-gram,917,795,0.86695747
Uttarakhand,DEHRADUN,2014,Kharif,Maize,8367,20194,2.413529341
Uttarakhand,DEHRADUN,2014,Kharif,Moong(Green Gram),15,8,0.533333333
Uttarakhand,DEHRADUN,2014,Kharif,Other Cereals & Millets,4,2,0.5
Uttarakhand,DEHRADUN,2014,Kharif,Other Kharif pulses,1276,1433,1.123040752
Uttarakhand,DEHRADUN,2014,Kharif,other oilseeds,11,11,1
Uttarakhand,DEHRADUN,2014,Kharif,Potato,151,1860,12.31788079
Uttarakhand,DEHRADUN,2014,Kharif,Pulses total,3581,3533,0.986595923
Uttarakhand,DEHRADUN,2014,Kharif,Ragi,1187,2139,1.802021904
Uttarakhand,DEHRADUN,2014,Kharif,Rice,9179,17672,1.92526419
Uttarakhand,DEHRADUN,2014,Kharif,Sesamum,82,22,0.268292683
Uttarakhand,DEHRADUN,2014,Kharif,Small millets,998,1237,1.239478958
Uttarakhand,DEHRADUN,2014,Kharif,Soyabean,18,17,0.944444444
Uttarakhand,DEHRADUN,2014,Kharif,Sugarcane,4707,309721,65.80008498
Uttarakhand,DEHRADUN,2014,Kharif,Total foodgrain,22930,44394,1.936066289
Uttarakhand,DEHRADUN,2014,Kharif,Urad,630,634,1.006349206
Uttarakhand,DEHRADUN,2014,Rabi,Barley,623,706,1.133226324
Uttarakhand,DEHRADUN,2014,Rabi,Gram,20,17,0.85
Uttarakhand,DEHRADUN,2014,Rabi,Lentil,402,339,0.843283582
Uttarakhand,DEHRADUN,2014,Rabi,Masoor,402,339,0.843283582
Uttarakhand,DEHRADUN,2014,Rabi,Other  Rabi pulses,1,1,1
Uttarakhand,DEHRADUN,2014,Rabi,other oilseeds,395,185,0.46835443
Uttarakhand,DEHRADUN,2014,Rabi,Peas & beans (Pulses),328,226,0.68902439
Uttarakhand,DEHRADUN,2014,Rabi,Potato,754,7571,10.04111406
Uttarakhand,DEHRADUN,2014,Rabi,Pulses total,1131,855,0.75596817
Uttarakhand,DEHRADUN,2014,Rabi,Rapeseed &Mustard,351,233,0.663817664
Uttarakhand,DEHRADUN,2014,Rabi,Total foodgrain,20195,30704,1.520376331
Uttarakhand,DEHRADUN,2014,Rabi,Wheat,18821,29415,1.562881887
Uttarakhand,DEHRADUN,2014,Summer,Maize,2,5,2.5
Uttarakhand,DEHRADUN,2014,Summer,Total foodgrain,3,6,2
Uttarakhand,DEHRADUN,2014,Whole Year,Garlic,41,82,2
Uttarakhand,DEHRADUN,2014,Whole Year,Ginger,155,3079,19.86451613
Uttarakhand,DEHRADUN,2014,Whole Year,Onion,53,331,6.245283019
Uttarakhand,DEHRADUN,2014,Whole Year,Pulses total,4712,4389,0.931451613
Uttarakhand,DEHRADUN,2014,Whole Year,Rice,9179,17672,1.92526419
Uttarakhand,DEHRADUN,2014,Whole Year,Sunflower,1,1,1
Uttarakhand,DEHRADUN,2014,Whole Year,Total foodgrain,43128,75104,1.741420887
Uttarakhand,DEHRADUN,2014,Whole Year,Turmeric,359,747,2.080779944
Uttarakhand,HARIDWAR,2000,Kharif,Arhar/Tur,1,1,1
Uttarakhand,HARIDWAR,2000,Kharif,Bajra,11,15,1.363636364
Uttarakhand,HARIDWAR,2000,Kharif,Groundnut,1513,1286,0.849966953
Uttarakhand,HARIDWAR,2000,Kharif,Maize,1962,2876,1.465851172
Uttarakhand,HARIDWAR,2000,Kharif,Moong(Green Gram),3,1,0.333333333
Uttarakhand,HARIDWAR,2000,Kharif,Rice,23046,48675,2.112080187
Uttarakhand,HARIDWAR,2000,Kharif,Sesamum,301,60,0.199335548
Uttarakhand,HARIDWAR,2000,Kharif,Urad,41,21,0.512195122
Uttarakhand,HARIDWAR,2000,Rabi,Barley,72,85,1.180555556
Uttarakhand,HARIDWAR,2000,Rabi,Gram,91,73,0.802197802
Uttarakhand,HARIDWAR,2000,Rabi,Maize,33,53,1.606060606
Uttarakhand,HARIDWAR,2000,Rabi,Masoor,2061,1237,0.600194081
Uttarakhand,HARIDWAR,2000,Rabi,Moong(Green Gram),72,20,0.277777778
Uttarakhand,HARIDWAR,2000,Rabi,Other  Rabi pulses,20,11,0.55
Uttarakhand,HARIDWAR,2000,Rabi,other oilseeds,3,2,0.666666667
Uttarakhand,HARIDWAR,2000,Rabi,Peas & beans (Pulses),250,188,0.752
Uttarakhand,HARIDWAR,2000,Rabi,Potato,520,13000,25
Uttarakhand,HARIDWAR,2000,Rabi,Rapeseed &Mustard,494,351,0.710526316
Uttarakhand,HARIDWAR,2000,Rabi,Urad,1017,345,0.339233038
Uttarakhand,HARIDWAR,2000,Rabi,Wheat,45701,113134,2.4755257
Uttarakhand,HARIDWAR,2000,Whole Year,Dry ginger,4,34,8.5
Uttarakhand,HARIDWAR,2000,Whole Year,Onion,11,105,9.545454545
Uttarakhand,HARIDWAR,2000,Whole Year,Tobacco,27,145,5.37037037
Uttarakhand,HARIDWAR,2000,Whole Year,Turmeric,1,9,9
Uttarakhand,HARIDWAR,2001,Kharif,Arhar/Tur,17,12,0.705882353
Uttarakhand,HARIDWAR,2001,Kharif,Bajra,37,48,1.297297297
Uttarakhand,HARIDWAR,2001,Kharif,Groundnut,863,777,0.900347625
Uttarakhand,HARIDWAR,2001,Kharif,Maize,1763,2674,1.516732842
Uttarakhand,HARIDWAR,2001,Kharif,Moong(Green Gram),2,1,0.5
Uttarakhand,HARIDWAR,2001,Kharif,Rice,21616,45520,2.10584752
Uttarakhand,HARIDWAR,2001,Kharif,Sesamum,327,65,0.198776758
Uttarakhand,HARIDWAR,2001,Kharif,Sunflower,1,,
Uttarakhand,HARIDWAR,2001,Kharif,Urad,69,31,0.449275362
Uttarakhand,HARIDWAR,2001,Rabi,Barley,52,60,1.153846154
Uttarakhand,HARIDWAR,2001,Rabi,Gram,68,54,0.794117647
Uttarakhand,HARIDWAR,2001,Rabi,Linseed,1,,
Uttarakhand,HARIDWAR,2001,Rabi,Maize,102,163,1.598039216
Uttarakhand,HARIDWAR,2001,Rabi,Masoor,1561,904,0.579115951
Uttarakhand,HARIDWAR,2001,Rabi,Moong(Green Gram),31,8,0.258064516
Uttarakhand,HARIDWAR,2001,Rabi,Other  Rabi pulses,6,3,0.5
Uttarakhand,HARIDWAR,2001,Rabi,other oilseeds,10,7,0.7
Uttarakhand,HARIDWAR,2001,Rabi,Peas & beans (Pulses),204,145,0.710784314
Uttarakhand,HARIDWAR,2001,Rabi,Potato,345,6900,20
Uttarakhand,HARIDWAR,2001,Rabi,Rapeseed &Mustard,501,366,0.730538922
Uttarakhand,HARIDWAR,2001,Rabi,Rice,2,4,2
Uttarakhand,HARIDWAR,2001,Rabi,Urad,990,370,0.373737374
Uttarakhand,HARIDWAR,2001,Rabi,Wheat,43020,108978,2.533193863
Uttarakhand,HARIDWAR,2001,Whole Year,Onion,9,90,10
Uttarakhand,HARIDWAR,2001,Whole Year,Tobacco,21,112,5.333333333
Uttarakhand,HARIDWAR,2001,Whole Year,Turmeric,2,3,1.5
Uttarakhand,HARIDWAR,2002,Kharif,Arhar/Tur,4,3,0.75
Uttarakhand,HARIDWAR,2002,Kharif,Bajra,1,1,1
Uttarakhand,HARIDWAR,2002,Kharif,Groundnut,860,688,0.8
Uttarakhand,HARIDWAR,2002,Kharif,Maize,1196,2154,1.801003344
Uttarakhand,HARIDWAR,2002,Kharif,Moong(Green Gram),3,1,0.333333333
Uttarakhand,HARIDWAR,2002,Kharif,Rice,16208,34127,2.105565153
Uttarakhand,HARIDWAR,2002,Kharif,Sesamum,188,32,0.170212766
Uttarakhand,HARIDWAR,2002,Kharif,Urad,57,27,0.473684211
Uttarakhand,HARIDWAR,2002,Rabi,Barley,31,33,1.064516129
Uttarakhand,HARIDWAR,2002,Rabi,Gram,78,59,0.756410256
Uttarakhand,HARIDWAR,2002,Rabi,Linseed,20,6,0.3
Uttarakhand,HARIDWAR,2002,Rabi,Maize,65,98,1.507692308
Uttarakhand,HARIDWAR,2002,Rabi,Masoor,1613,807,0.500309981
Uttarakhand,HARIDWAR,2002,Rabi,Moong(Green Gram),20,5,0.25
Uttarakhand,HARIDWAR,2002,Rabi,Other  Rabi pulses,6,3,0.5
Uttarakhand,HARIDWAR,2002,Rabi,Peas & beans (Pulses),229,165,0.720524017
Uttarakhand,HARIDWAR,2002,Rabi,Potato,422,8440,20
Uttarakhand,HARIDWAR,2002,Rabi,Rapeseed &Mustard,545,376,0.689908257
Uttarakhand,HARIDWAR,2002,Rabi,Urad,735,331,0.450340136
Uttarakhand,HARIDWAR,2002,Rabi,Wheat,41267,96891,2.347905106
Uttarakhand,HARIDWAR,2002,Whole Year,Dry ginger,1,,
Uttarakhand,HARIDWAR,2002,Whole Year,Garlic,3,,
Uttarakhand,HARIDWAR,2002,Whole Year,Onion,3,30,10
Uttarakhand,HARIDWAR,2002,Whole Year,Sugarcane,72498,4487626,61.89999724
Uttarakhand,HARIDWAR,2002,Whole Year,Tobacco,24,129,5.375
Uttarakhand,HARIDWAR,2002,Whole Year,Turmeric,2,4,2
Uttarakhand,HARIDWAR,2003,Kharif,Arhar/Tur,20,13,0.65
Uttarakhand,HARIDWAR,2003,Kharif,Bajra,1,1,1
Uttarakhand,HARIDWAR,2003,Kharif,Groundnut,1134,1134,1
Uttarakhand,HARIDWAR,2003,Kharif,Maize,1344,2412,1.794642857
Uttarakhand,HARIDWAR,2003,Kharif,Moong(Green Gram),2,1,0.5
Uttarakhand,HARIDWAR,2003,Kharif,Rice,18833,38260,2.031540381
Uttarakhand,HARIDWAR,2003,Kharif,Sesamum,330,73,0.221212121
Uttarakhand,HARIDWAR,2003,Kharif,Sunflower,35,35,1
Uttarakhand,HARIDWAR,2003,Kharif,Urad,70,33,0.471428571
Uttarakhand,HARIDWAR,2003,Rabi,Barley,24,24,1
Uttarakhand,HARIDWAR,2003,Rabi,Gram,28,22,0.785714286
Uttarakhand,HARIDWAR,2003,Rabi,Masoor,1306,781,0.598009188
Uttarakhand,HARIDWAR,2003,Rabi,Peas & beans (Pulses),162,122,0.75308642
Uttarakhand,HARIDWAR,2003,Rabi,Rapeseed &Mustard,555,521,0.938738739
Uttarakhand,HARIDWAR,2003,Rabi,Wheat,44239,100645,2.275028821
Uttarakhand,HARIDWAR,2003,Summer,Maize,81,133,1.641975309
Uttarakhand,HARIDWAR,2003,Summer,Moong(Green Gram),22,7,0.318181818
Uttarakhand,HARIDWAR,2003,Summer,Rice,2,7,3.5
Uttarakhand,HARIDWAR,2003,Summer,Urad,587,212,0.361158433
Uttarakhand,HARIDWAR,2003,Whole Year,Garlic,1,,
Uttarakhand,HARIDWAR,2003,Whole Year,Onion,5,53,10.6
Uttarakhand,HARIDWAR,2003,Whole Year,Potato,525,9450,18
Uttarakhand,HARIDWAR,2003,Whole Year,Sugarcane,69922,4328172,61.90000286
Uttarakhand,HARIDWAR,2003,Whole Year,Tobacco,13,46,3.538461538
Uttarakhand,HARIDWAR,2004,Kharif,Arhar/Tur,3,2,0.666666667
Uttarakhand,HARIDWAR,2004,Kharif,Groundnut,1307,1614,1.234889059
Uttarakhand,HARIDWAR,2004,Kharif,Maize,1396,2246,1.608882521
Uttarakhand,HARIDWAR,2004,Kharif,Moong(Green Gram),1,,
Uttarakhand,HARIDWAR,2004,Kharif,Other Kharif pulses,8,2,0.25
Uttarakhand,HARIDWAR,2004,Kharif,other oilseeds,5,3,0.6
Uttarakhand,HARIDWAR,2004,Kharif,Rice,19891,45130,2.268865316
Uttarakhand,HARIDWAR,2004,Kharif,Sesamum,272,68,0.25
Uttarakhand,HARIDWAR,2004,Kharif,Soyabean,2,2,1
Uttarakhand,HARIDWAR,2004,Kharif,Urad,68,37,0.544117647
Uttarakhand,HARIDWAR,2004,Rabi,Barley,33,46,1.393939394
Uttarakhand,HARIDWAR,2004,Rabi,Gram,22,18,0.818181818
Uttarakhand,HARIDWAR,2004,Rabi,Linseed,8,2,0.25
Uttarakhand,HARIDWAR,2004,Rabi,Masoor,1371,823,0.600291758
Uttarakhand,HARIDWAR,2004,Rabi,Other  Rabi pulses,528,219,0.414772727
Uttarakhand,HARIDWAR,2004,Rabi,other oilseeds,3,2,0.666666667
Uttarakhand,HARIDWAR,2004,Rabi,Peas & beans (Pulses),105,84,0.8
Uttarakhand,HARIDWAR,2004,Rabi,Rapeseed &Mustard,741,519,0.700404858
Uttarakhand,HARIDWAR,2004,Rabi,Wheat,45326,97771,2.157062172
Uttarakhand,HARIDWAR,2004,Summer,Maize,48,96,2
Uttarakhand,HARIDWAR,2004,Summer,Moong(Green Gram),10,4,0.4
Uttarakhand,HARIDWAR,2004,Whole Year,Onion,2,24,12
Uttarakhand,HARIDWAR,2004,Whole Year,Potato,416,7280,17.5
Uttarakhand,HARIDWAR,2004,Whole Year,Sugarcane,67703,4204356,62.09999557
Uttarakhand,HARIDWAR,2004,Whole Year,Tobacco,18,72,4
Uttarakhand,HARIDWAR,2005,Kharif,Arhar/Tur,5,3,0.6
Uttarakhand,HARIDWAR,2005,Kharif,Groundnut,1505,1463,0.972093023
Uttarakhand,HARIDWAR,2005,Kharif,Maize,1288,2519,1.955745342
Uttarakhand,HARIDWAR,2005,Kharif,Rice,17137,31462,1.835910603
Uttarakhand,HARIDWAR,2005,Kharif,Sesamum,303,76,0.250825083
Uttarakhand,HARIDWAR,2005,Kharif,Soyabean,5,3,0.6
Uttarakhand,HARIDWAR,2005,Kharif,Sunflower,1,1,1
Uttarakhand,HARIDWAR,2005,Kharif,Urad,40,23,0.575
Uttarakhand,HARIDWAR,2005,Rabi,Barley,23,16,0.695652174
Uttarakhand,HARIDWAR,2005,Rabi,Gram,15,11,0.733333333
Uttarakhand,HARIDWAR,2005,Rabi,Masoor,1051,322,0.306374881
Uttarakhand,HARIDWAR,2005,Rabi,Other  Rabi pulses,4,2,0.5
Uttarakhand,HARIDWAR,2005,Rabi,Peas & beans (Pulses),106,72,0.679245283
Uttarakhand,HARIDWAR,2005,Rabi,Rapeseed &Mustard,646,452,0.699690402
Uttarakhand,HARIDWAR,2005,Rabi,Wheat,42147,101746,2.414074549
Uttarakhand,HARIDWAR,2005,Summer,Maize,47,92,1.957446809
Uttarakhand,HARIDWAR,2005,Summer,Urad,343,87,0.253644315
Uttarakhand,HARIDWAR,2005,Whole Year,Onion,9,108,12
Uttarakhand,HARIDWAR,2005,Whole Year,Potato,322,5635,17.5
Uttarakhand,HARIDWAR,2005,Whole Year,Sugarcane,70591,4390760,62.19999717
Uttarakhand,HARIDWAR,2005,Whole Year,Tobacco,11,44,4
Uttarakhand,HARIDWAR,2006,Kharif,Bajra,2,2,1
Uttarakhand,HARIDWAR,2006,Kharif,Groundnut,1335,1464,1.096629213
Uttarakhand,HARIDWAR,2006,Kharif,Maize,1056,1498,1.418560606
Uttarakhand,HARIDWAR,2006,Kharif,other oilseeds,3,2,0.666666667
Uttarakhand,HARIDWAR,2006,Kharif,Rice,12611,24586,1.949567838
Uttarakhand,HARIDWAR,2006,Kharif,Sesamum,220,83,0.377272727
Uttarakhand,HARIDWAR,2006,Kharif,Urad,53,20,0.377358491
Uttarakhand,HARIDWAR,2006,Rabi,Barley,20,22,1.1
Uttarakhand,HARIDWAR,2006,Rabi,Gram,12,9,0.75
Uttarakhand,HARIDWAR,2006,Rabi,Maize,32,52,1.625
Uttarakhand,HARIDWAR,2006,Rabi,Masoor,915,641,0.700546448
Uttarakhand,HARIDWAR,2006,Rabi,Moong(Green Gram),12,5,0.416666667
Uttarakhand,HARIDWAR,2006,Rabi,Other  Rabi pulses,9,,
Uttarakhand,HARIDWAR,2006,Rabi,other oilseeds,50,26,0.52
Uttarakhand,HARIDWAR,2006,Rabi,Peas & beans (Pulses),88,114,1.295454545
Uttarakhand,HARIDWAR,2006,Rabi,Potato,261,1984,7.601532567
Uttarakhand,HARIDWAR,2006,Rabi,Rapeseed &Mustard,563,422,0.74955595
Uttarakhand,HARIDWAR,2006,Rabi,Urad,273,172,0.63003663
Uttarakhand,HARIDWAR,2006,Rabi,Wheat,42028,115351,2.744622633
Uttarakhand,HARIDWAR,2006,Whole Year,Onion,5,63,12.6
Uttarakhand,HARIDWAR,2006,Whole Year,Sugarcane,74944,4601562,61.40000534
Uttarakhand,HARIDWAR,2006,Whole Year,Tobacco,4,16,4
Uttarakhand,HARIDWAR,2007,Kharif,Arhar/Tur,1,1,1
Uttarakhand,HARIDWAR,2007,Kharif,Dry chillies,11,2,0.181818182
Uttarakhand,HARIDWAR,2007,Kharif,Groundnut,1261,1072,0.850118953
Uttarakhand,HARIDWAR,2007,Kharif,Maize,883,1080,1.223103058
Uttarakhand,HARIDWAR,2007,Kharif,other oilseeds,6,3,0.5
Uttarakhand,HARIDWAR,2007,Kharif,Rice,10953,24659,2.251346663
Uttarakhand,HARIDWAR,2007,Kharif,Sesamum,240,84,0.35
Uttarakhand,HARIDWAR,2007,Kharif,Urad,52,23,0.442307692
Uttarakhand,HARIDWAR,2007,Rabi,Barley,16,17,1.0625
Uttarakhand,HARIDWAR,2007,Rabi,Gram,9,7,0.777777778
Uttarakhand,HARIDWAR,2007,Rabi,Masoor,563,310,0.55062167
Uttarakhand,HARIDWAR,2007,Rabi,Other  Rabi pulses,1,1,1
Uttarakhand,HARIDWAR,2007,Rabi,other oilseeds,64,21,0.328125
Uttarakhand,HARIDWAR,2007,Rabi,Peas & beans (Pulses),29,29,1
Uttarakhand,HARIDWAR,2007,Rabi,Potato,218,3322,15.23853211
Uttarakhand,HARIDWAR,2007,Rabi,Rapeseed &Mustard,450,416,0.924444444
Uttarakhand,HARIDWAR,2007,Rabi,Wheat,42591,110529,2.595125731
Uttarakhand,HARIDWAR,2007,Summer,Maize,9,15,1.666666667
Uttarakhand,HARIDWAR,2007,Summer,Moong(Green Gram),2,1,0.5
Uttarakhand,HARIDWAR,2007,Summer,Rice,2,7,3.5
Uttarakhand,HARIDWAR,2007,Summer,Urad,236,106,0.449152542
Uttarakhand,HARIDWAR,2007,Whole Year,Onion,6,54,9
Uttarakhand,HARIDWAR,2007,Whole Year,Sugarcane,74811,4630801,61.90000134
Uttarakhand,HARIDWAR,2007,Whole Year,Turmeric,2,4,2
Uttarakhand,HARIDWAR,2008,Kharif,Arhar/Tur,2,1,0.5
Uttarakhand,HARIDWAR,2008,Kharif,Groundnut,1088,1538,1.413602941
Uttarakhand,HARIDWAR,2008,Kharif,Maize,1106,1830,1.654611212
Uttarakhand,HARIDWAR,2008,Kharif,Other Kharif pulses,5,4,0.8
Uttarakhand,HARIDWAR,2008,Kharif,Rice,17140,37098,2.164410735
Uttarakhand,HARIDWAR,2008,Kharif,Sesamum,270,68,0.251851852
Uttarakhand,HARIDWAR,2008,Kharif,Soyabean,3,3,1
Uttarakhand,HARIDWAR,2008,Kharif,Urad,70,32,0.457142857
Uttarakhand,HARIDWAR,2008,Rabi,Barley,13,22,1.692307692
Uttarakhand,HARIDWAR,2008,Rabi,Gram,11,6,0.545454545
Uttarakhand,HARIDWAR,2008,Rabi,Masoor,647,450,0.695517774
Uttarakhand,HARIDWAR,2008,Rabi,Other  Rabi pulses,1,1,1
Uttarakhand,HARIDWAR,2008,Rabi,other oilseeds,50,39,0.78
Uttarakhand,HARIDWAR,2008,Rabi,Peas & beans (Pulses),59,32,0.542372881
Uttarakhand,HARIDWAR,2008,Rabi,Potato,270,2605,9.648148148
Uttarakhand,HARIDWAR,2008,Rabi,Rapeseed &Mustard,809,743,0.9184178
Uttarakhand,HARIDWAR,2008,Rabi,Wheat,48301,133799,2.770108279
Uttarakhand,HARIDWAR,2008,Summer,Maize,25,37,1.48
Uttarakhand,HARIDWAR,2008,Summer,Rice,1,3,3
Uttarakhand,HARIDWAR,2008,Summer,Urad,182,115,0.631868132
Uttarakhand,HARIDWAR,2008,Whole Year,Onion,2,18,9
Uttarakhand,HARIDWAR,2008,Whole Year,Sugarcane,69035,3569110,51.70000724
Uttarakhand,HARIDWAR,2008,Whole Year,Tobacco,5,18,3.6
Uttarakhand,HARIDWAR,2009,Kharif,Arhar/Tur,1,1,1
Uttarakhand,HARIDWAR,2009,Kharif,Groundnut,1168,1731,1.482020548
Uttarakhand,HARIDWAR,2009,Kharif,Maize,1014,2047,2.018737673
Uttarakhand,HARIDWAR,2009,Kharif,Other Kharif pulses,4,3,0.75
Uttarakhand,HARIDWAR,2009,Kharif,other oilseeds,6,4,0.666666667
Uttarakhand,HARIDWAR,2009,Kharif,Rice,19245,42373,2.201766693
Uttarakhand,HARIDWAR,2009,Kharif,Sesamum,306,66,0.215686275
Uttarakhand,HARIDWAR,2009,Kharif,Urad,87,39,0.448275862
Uttarakhand,HARIDWAR,2009,Rabi,Barley,13,17,1.307692308
Uttarakhand,HARIDWAR,2009,Rabi,Gram,7,5,0.714285714
Uttarakhand,HARIDWAR,2009,Rabi,Maize,20,32,1.6
Uttarakhand,HARIDWAR,2009,Rabi,Masoor,539,320,0.593692022
Uttarakhand,HARIDWAR,2009,Rabi,Moong(Green Gram),1,1,1
Uttarakhand,HARIDWAR,2009,Rabi,Other  Rabi pulses,7,5,0.714285714
Uttarakhand,HARIDWAR,2009,Rabi,other oilseeds,51,15,0.294117647
Uttarakhand,HARIDWAR,2009,Rabi,Peas & beans (Pulses),46,46,1
Uttarakhand,HARIDWAR,2009,Rabi,Potato,215,4738,22.0372093
Uttarakhand,HARIDWAR,2009,Rabi,Rapeseed &Mustard,987,905,0.916919959
Uttarakhand,HARIDWAR,2009,Rabi,Urad,191,104,0.544502618
Uttarakhand,HARIDWAR,2009,Rabi,Wheat,48268,131649,2.727459186
Uttarakhand,HARIDWAR,2009,Whole Year,Sugarcane,66518,4011035,60.29999399
Uttarakhand,HARIDWAR,2009,Whole Year,Tobacco,11,7,0.636363636
Uttarakhand,HARIDWAR,2010,Kharif,Arhar/Tur,1,,
Uttarakhand,HARIDWAR,2010,Kharif,Groundnut,1048,1135,1.083015267
Uttarakhand,HARIDWAR,2010,Kharif,Maize,838,1556,1.856801909
Uttarakhand,HARIDWAR,2010,Kharif,Rice,18237,29285,1.605801393
Uttarakhand,HARIDWAR,2010,Kharif,Sesamum,300,64,0.213333333
Uttarakhand,HARIDWAR,2010,Kharif,Urad,63,27,0.428571429
Uttarakhand,HARIDWAR,2010,Rabi,Barley,17,34,2
Uttarakhand,HARIDWAR,2010,Rabi,Gram,3,2,0.666666667
Uttarakhand,HARIDWAR,2010,Rabi,Maize,16,30,1.875
Uttarakhand,HARIDWAR,2010,Rabi,Masoor,453,366,0.80794702
Uttarakhand,HARIDWAR,2010,Rabi,Moong(Green Gram),3,2,0.666666667
Uttarakhand,HARIDWAR,2010,Rabi,Other  Rabi pulses,3,2,0.666666667
Uttarakhand,HARIDWAR,2010,Rabi,other oilseeds,41,32,0.780487805
Uttarakhand,HARIDWAR,2010,Rabi,Peas & beans (Pulses),45,35,0.777777778
Uttarakhand,HARIDWAR,2010,Rabi,Potato,163,2588,15.87730061
Uttarakhand,HARIDWAR,2010,Rabi,Rapeseed &Mustard,764,596,0.780104712
Uttarakhand,HARIDWAR,2010,Rabi,Rice,16,38,2.375
Uttarakhand,HARIDWAR,2010,Rabi,Urad,167,95,0.568862275
Uttarakhand,HARIDWAR,2010,Rabi,Wheat,45410,116064,2.555912795
Uttarakhand,HARIDWAR,2010,Whole Year,Sugarcane,68331,4120359,60.29999561
Uttarakhand,HARIDWAR,2010,Whole Year,Tobacco,3,8,2.666666667
Uttarakhand,HARIDWAR,2010,Whole Year,Turmeric,1,2,2
Uttarakhand,HARIDWAR,2011,Kharif,Arhar/Tur,1,1,1
Uttarakhand,HARIDWAR,2011,Kharif,Groundnut,925,1196,1.292972973
Uttarakhand,HARIDWAR,2011,Kharif,Maize,775,1134,1.463225806
Uttarakhand,HARIDWAR,2011,Kharif,Rice,15440,30652,1.985233161
Uttarakhand,HARIDWAR,2011,Kharif,Sesamum,299,66,0.220735786
Uttarakhand,HARIDWAR,2011,Kharif,Sunflower,3,2,0.666666667
Uttarakhand,HARIDWAR,2011,Kharif,Urad,50,30,0.6
Uttarakhand,HARIDWAR,2011,Rabi,Barley,20,38,1.9
Uttarakhand,HARIDWAR,2011,Rabi,Gram,2,1,0.5
Uttarakhand,HARIDWAR,2011,Rabi,Masoor,474,302,0.637130802
Uttarakhand,HARIDWAR,2011,Rabi,other oilseeds,47,37,0.787234043
Uttarakhand,HARIDWAR,2011,Rabi,Peas & beans (Pulses),3,2,0.666666667
Uttarakhand,HARIDWAR,2011,Rabi,Potato,171,3838,22.44444444
Uttarakhand,HARIDWAR,2011,Rabi,Rapeseed &Mustard,737,579,0.785617368
Uttarakhand,HARIDWAR,2011,Rabi,Wheat,43595,121697,2.791535727
Uttarakhand,HARIDWAR,2011,Summer,Maize,7,13,1.857142857
Uttarakhand,HARIDWAR,2011,Summer,Urad,77,19,0.246753247
Uttarakhand,HARIDWAR,2011,Whole Year,Ginger,1,9,9
Uttarakhand,HARIDWAR,2011,Whole Year,Onion,2,13,6.5
Uttarakhand,HARIDWAR,2011,Whole Year,Sugarcane,69409,4199245,60.5000072
Uttarakhand,HARIDWAR,2011,Whole Year,Tobacco,3,5,1.666666667
Uttarakhand,HARIDWAR,2011,Whole Year,Turmeric,1,9,9
Uttarakhand,HARIDWAR,2012,Kharif,Bajra,1,1,1
Uttarakhand,HARIDWAR,2012,Kharif,Groundnut,866,1011,1.16743649
Uttarakhand,HARIDWAR,2012,Kharif,Maize,779,1339,1.718870347
Uttarakhand,HARIDWAR,2012,Kharif,Rice,13575,30673,2.259521179
Uttarakhand,HARIDWAR,2012,Kharif,Sesamum,215,55,0.255813953
Uttarakhand,HARIDWAR,2012,Kharif,Urad,46,27,0.586956522
Uttarakhand,HARIDWAR,2012,Rabi,Barley,13,16,1.230769231
Uttarakhand,HARIDWAR,2012,Rabi,Gram,5,3,0.6
Uttarakhand,HARIDWAR,2012,Rabi,Masoor,350,169,0.482857143
Uttarakhand,HARIDWAR,2012,Rabi,other oilseeds,27,13,0.481481481
Uttarakhand,HARIDWAR,2012,Rabi,Peas & beans (Pulses),11,12,1.090909091
Uttarakhand,HARIDWAR,2012,Rabi,Potato,249,4446,17.85542169
Uttarakhand,HARIDWAR,2012,Rabi,Rapeseed &Mustard,764,600,0.785340314
Uttarakhand,HARIDWAR,2012,Rabi,Wheat,42752,123830,2.89647268
Uttarakhand,HARIDWAR,2012,Summer,Moong(Green Gram),3,2,0.666666667
Uttarakhand,HARIDWAR,2012,Summer,Urad,56,28,0.5
Uttarakhand,HARIDWAR,2012,Whole Year,Onion,6,42,7
Uttarakhand,HARIDWAR,2012,Whole Year,Sugarcane,72123,4363442,60.50000693
Uttarakhand,HARIDWAR,2012,Whole Year,Turmeric,10,80,8
Uttarakhand,HARIDWAR,2013,Kharif,Arhar/Tur,1,1,1
Uttarakhand,HARIDWAR,2013,Kharif,Bajra,1,1,1
Uttarakhand,HARIDWAR,2013,Kharif,Groundnut,949,1108,1.167544784
Uttarakhand,HARIDWAR,2013,Kharif,Maize,561,1056,1.882352941
Uttarakhand,HARIDWAR,2013,Kharif,Other Kharif pulses,1,1,1
Uttarakhand,HARIDWAR,2013,Kharif,Rice,11781,23232,1.971988796
Uttarakhand,HARIDWAR,2013,Kharif,Sesamum,209,53,0.253588517
Uttarakhand,HARIDWAR,2013,Kharif,Urad,78,47,0.602564103
Uttarakhand,HARIDWAR,2013,Rabi,Barley,12,22,1.833333333
Uttarakhand,HARIDWAR,2013,Rabi,Gram,3,2,0.666666667
Uttarakhand,HARIDWAR,2013,Rabi,Masoor,364,230,0.631868132
Uttarakhand,HARIDWAR,2013,Rabi,other oilseeds,12,6,0.5
Uttarakhand,HARIDWAR,2013,Rabi,Peas & beans (Pulses),25,21,0.84
Uttarakhand,HARIDWAR,2013,Rabi,Potato,177,3815,21.55367232
Uttarakhand,HARIDWAR,2013,Rabi,Rapeseed &Mustard,915,723,0.790163934
Uttarakhand,HARIDWAR,2013,Rabi,Wheat,43982,118889,2.703128553
Uttarakhand,HARIDWAR,2013,Summer,Maize,7,17,2.428571429
Uttarakhand,HARIDWAR,2013,Summer,Rice,5,17,3.4
Uttarakhand,HARIDWAR,2013,Summer,Urad,49,20,0.408163265
Uttarakhand,HARIDWAR,2013,Whole Year,Ginger,1,6,6
Uttarakhand,HARIDWAR,2013,Whole Year,Onion,4,25,6.25
Uttarakhand,HARIDWAR,2013,Whole Year,Sugarcane,75730,4286318,56.6
Uttarakhand,HARIDWAR,2013,Whole Year,Turmeric,19,34,1.789473684
Uttarakhand,HARIDWAR,2014,Kharif,Arhar/Tur,1,1,1
Uttarakhand,HARIDWAR,2014,Kharif,Groundnut,1022,1127,1.102739726
Uttarakhand,HARIDWAR,2014,Kharif,Maize,483,681,1.409937888
Uttarakhand,HARIDWAR,2014,Kharif,Pulses total,208,124,0.596153846
Uttarakhand,HARIDWAR,2014,Kharif,Rice,12985,28856,2.22225645
Uttarakhand,HARIDWAR,2014,Kharif,Sesamum,210,52,0.247619048
Uttarakhand,HARIDWAR,2014,Kharif,Sugarcane,72710,4304432,59.2
Uttarakhand,HARIDWAR,2014,Kharif,Total foodgrain,13548,29585,2.183717154
Uttarakhand,HARIDWAR,2014,Kharif,Urad,79,47,0.594936709
Uttarakhand,HARIDWAR,2014,Rabi,Barley,14,15,1.071428571
Uttarakhand,HARIDWAR,2014,Rabi,Lentil,343,106,0.309037901
Uttarakhand,HARIDWAR,2014,Rabi,Linseed,2,1,0.5
Uttarakhand,HARIDWAR,2014,Rabi,Masoor,343,106,0.309037901
Uttarakhand,HARIDWAR,2014,Rabi,Other  Rabi pulses,1,1,1
Uttarakhand,HARIDWAR,2014,Rabi,other oilseeds,18,9,0.5
Uttarakhand,HARIDWAR,2014,Rabi,Peas & beans (Pulses),7,6,0.857142857
Uttarakhand,HARIDWAR,2014,Rabi,Potato,164,3402,20.74390244
Uttarakhand,HARIDWAR,2014,Rabi,Pulses total,373,125,0.335120643
Uttarakhand,HARIDWAR,2014,Rabi,Rapeseed &Mustard,1028,812,0.789883268
Uttarakhand,HARIDWAR,2014,Rabi,Total foodgrain,44662,91654,2.05216963
Uttarakhand,HARIDWAR,2014,Rabi,Wheat,44297,91526,2.066189584
Uttarakhand,HARIDWAR,2014,Summer,Maize,7,10,1.428571429
Uttarakhand,HARIDWAR,2014,Summer,Moong(Green Gram),1,1,1
Uttarakhand,HARIDWAR,2014,Summer,Pulses total,96,54,0.5625
Uttarakhand,HARIDWAR,2014,Summer,Rice,48,151,3.145833333
Uttarakhand,HARIDWAR,2014,Summer,Total foodgrain,108,191,1.768518519
Uttarakhand,HARIDWAR,2014,Summer,Urad,52,29,0.557692308
Uttarakhand,HARIDWAR,2014,Whole Year,Ginger,2,40,20
Uttarakhand,HARIDWAR,2014,Whole Year,Onion,9,56,6.222222222
Uttarakhand,HARIDWAR,2014,Whole Year,Pulses total,677,303,0.447562777
Uttarakhand,HARIDWAR,2014,Whole Year,Rice,13033,29007,2.225657945
Uttarakhand,HARIDWAR,2014,Whole Year,Tobacco,5,10,2
Uttarakhand,HARIDWAR,2014,Whole Year,Total foodgrain,58318,121430,2.082204465
Uttarakhand,HARIDWAR,2014,Whole Year,Turmeric,23,42,1.826086957
Uttarakhand,NAINITAL,2000,Kharif,Arhar/Tur,1,1,1
Uttarakhand,NAINITAL,2000,Kharif,Groundnut,5,5,1
Uttarakhand,NAINITAL,2000,Kharif,Horse-gram,638,338,0.529780564
Uttarakhand,NAINITAL,2000,Kharif,Maize,7620,10614,1.392913386
Uttarakhand,NAINITAL,2000,Kharif,Moth,38,15,0.394736842
Uttarakhand,NAINITAL,2000,Kharif,Other Cereals & Millets,105,32,0.304761905
Uttarakhand,NAINITAL,2000,Kharif,Other Kharif pulses,821,441,0.537149817
Uttarakhand,NAINITAL,2000,Kharif,Potato,1173,25079,21.38022165
Uttarakhand,NAINITAL,2000,Kharif,Ragi,3845,6062,1.576592978
Uttarakhand,NAINITAL,2000,Kharif,Rice,15012,36426,2.426458833
Uttarakhand,NAINITAL,2000,Kharif,Sesamum,34,7,0.205882353
Uttarakhand,NAINITAL,2000,Kharif,Small millets,559,723,1.293381038
Uttarakhand,NAINITAL,2000,Kharif,Soyabean,2190,1654,0.755251142
Uttarakhand,NAINITAL,2000,Kharif,Urad,760,353,0.464473684
Uttarakhand,NAINITAL,2000,Rabi,Barley,810,352,0.434567901
Uttarakhand,NAINITAL,2000,Rabi,Gram,458,297,0.648471616
Uttarakhand,NAINITAL,2000,Rabi,Masoor,494,278,0.562753036
Uttarakhand,NAINITAL,2000,Rabi,Moong(Green Gram),2,1,0.5
Uttarakhand,NAINITAL,2000,Rabi,Other  Rabi pulses,10,5,0.5
Uttarakhand,NAINITAL,2000,Rabi,Peas & beans (Pulses),418,285,0.681818182
Uttarakhand,NAINITAL,2000,Rabi,Potato,755,16142,21.38013245
Uttarakhand,NAINITAL,2000,Rabi,Rapeseed &Mustard,1662,1089,0.655234657
Uttarakhand,NAINITAL,2000,Rabi,Rice,42,131,3.119047619
Uttarakhand,NAINITAL,2000,Rabi,Small millets,2,3,1.5
Uttarakhand,NAINITAL,2000,Rabi,Wheat,24706,58551,2.369910143
Uttarakhand,NAINITAL,2000,Whole Year,Dry ginger,274,2193,8.003649635
Uttarakhand,NAINITAL,2000,Whole Year,Garlic,54,67,1.240740741
Uttarakhand,NAINITAL,2000,Whole Year,Onion,154,1299,8.435064935
Uttarakhand,NAINITAL,2000,Whole Year,Sugarcane,6741,402438,59.7000445
Uttarakhand,NAINITAL,2000,Whole Year,Turmeric,5,6,1.2
Uttarakhand,NAINITAL,2001,Kharif,Groundnut,6,5,0.833333333
Uttarakhand,NAINITAL,2001,Kharif,Horse-gram,609,305,0.500821018
Uttarakhand,NAINITAL,2001,Kharif,Maize,6258,8285,1.323905401
Uttarakhand,NAINITAL,2001,Kharif,Moong(Green Gram),1,,
Uttarakhand,NAINITAL,2001,Kharif,Moth,7,3,0.428571429
Uttarakhand,NAINITAL,2001,Kharif,Other Cereals & Millets,11,3,0.272727273
Uttarakhand,NAINITAL,2001,Kharif,Other Kharif pulses,674,397,0.589020772
Uttarakhand,NAINITAL,2001,Kharif,Potato,1513,33860,22.37937872
Uttarakhand,NAINITAL,2001,Kharif,Ragi,3048,4893,1.605314961
Uttarakhand,NAINITAL,2001,Kharif,Rice,15546,37644,2.421458896
Uttarakhand,NAINITAL,2001,Kharif,Sesamum,17,3,0.176470588
Uttarakhand,NAINITAL,2001,Kharif,Small millets,605,754,1.246280992
Uttarakhand,NAINITAL,2001,Kharif,Soyabean,4416,3001,0.679574275
Uttarakhand,NAINITAL,2001,Kharif,Urad,879,390,0.443686007
Uttarakhand,NAINITAL,2001,Rabi,Barley,948,1132,1.194092827
Uttarakhand,NAINITAL,2001,Rabi,Gram,569,369,0.648506151
Uttarakhand,NAINITAL,2001,Rabi,Masoor,447,251,0.561521253
Uttarakhand,NAINITAL,2001,Rabi,Moong(Green Gram),6,2,0.333333333
Uttarakhand,NAINITAL,2001,Rabi,Other  Rabi pulses,15,7,0.466666667
Uttarakhand,NAINITAL,2001,Rabi,Peas & beans (Pulses),276,179,0.648550725
Uttarakhand,NAINITAL,2001,Rabi,Potato,704,15756,22.38068182
Uttarakhand,NAINITAL,2001,Rabi,Rapeseed &Mustard,977,659,0.674513818
Uttarakhand,NAINITAL,2001,Rabi,Rice,54,138,2.555555556
Uttarakhand,NAINITAL,2001,Rabi,Small millets,1,1,1
Uttarakhand,NAINITAL,2001,Rabi,Wheat,27861,61450,2.205592046
Uttarakhand,NAINITAL,2001,Whole Year,Dry ginger,325,2785,8.569230769
Uttarakhand,NAINITAL,2001,Whole Year,Garlic,35,44,1.257142857
Uttarakhand,NAINITAL,2001,Whole Year,Onion,153,1464,9.568627451
Uttarakhand,NAINITAL,2001,Whole Year,Sugarcane,6580,392826,59.7
Uttarakhand,NAINITAL,2001,Whole Year,Turmeric,1,2,2
Uttarakhand,NAINITAL,2002,Kharif,Arhar/Tur,62,31,0.5
Uttarakhand,NAINITAL,2002,Kharif,Groundnut,6,4,0.666666667
Uttarakhand,NAINITAL,2002,Kharif,Horse-gram,443,213,0.480812641
Uttarakhand,NAINITAL,2002,Kharif,Maize,3903,4173,1.069177556
Uttarakhand,NAINITAL,2002,Kharif,Other Cereals & Millets,5,2,0.4
Uttarakhand,NAINITAL,2002,Kharif,Other Kharif pulses,581,334,0.574870912
Uttarakhand,NAINITAL,2002,Kharif,Potato,1407,31489,22.38024165
Uttarakhand,NAINITAL,2002,Kharif,Ragi,5079,6558,1.291199055
Uttarakhand,NAINITAL,2002,Kharif,Rice,11960,28567,2.388545151
Uttarakhand,NAINITAL,2002,Kharif,Sesamum,25,3,0.12
Uttarakhand,NAINITAL,2002,Kharif,Small millets,892,904,1.013452915
Uttarakhand,NAINITAL,2002,Kharif,Soyabean,6798,4686,0.689320388
Uttarakhand,NAINITAL,2002,Kharif,Urad,938,370,0.39445629
Uttarakhand,NAINITAL,2002,Rabi,Barley,1149,1237,1.076588338
Uttarakhand,NAINITAL,2002,Rabi,Gram,431,237,0.549883991
Uttarakhand,NAINITAL,2002,Rabi,Masoor,445,196,0.440449438
Uttarakhand,NAINITAL,2002,Rabi,Other  Rabi pulses,2,1,0.5
Uttarakhand,NAINITAL,2002,Rabi,other oilseeds,94,64,0.680851064
Uttarakhand,NAINITAL,2002,Rabi,Peas & beans (Pulses),148,99,0.668918919
Uttarakhand,NAINITAL,2002,Rabi,Potato,1013,22671,22.38005923
Uttarakhand,NAINITAL,2002,Rabi,Rapeseed &Mustard,641,403,0.628705148
Uttarakhand,NAINITAL,2002,Rabi,Rice,80,220,2.75
Uttarakhand,NAINITAL,2002,Rabi,Wheat,26423,66752,2.526283919
Uttarakhand,NAINITAL,2002,Whole Year,Dry ginger,334,2926,8.760479042
Uttarakhand,NAINITAL,2002,Whole Year,Garlic,62,83,1.338709677
Uttarakhand,NAINITAL,2002,Whole Year,Onion,148,1416,9.567567568
Uttarakhand,NAINITAL,2002,Whole Year,Sugarcane,6403,370734,57.90004685
Uttarakhand,NAINITAL,2002,Whole Year,Turmeric,1,2,2
Uttarakhand,NAINITAL,2003,Kharif,Arhar/Tur,1,1,1
Uttarakhand,NAINITAL,2003,Kharif,Groundnut,4,4,1
Uttarakhand,NAINITAL,2003,Kharif,Horse-gram,507,371,0.731755424
Uttarakhand,NAINITAL,2003,Kharif,Maize,6284,9579,1.524347549
Uttarakhand,NAINITAL,2003,Kharif,Moth,2,1,0.5
Uttarakhand,NAINITAL,2003,Kharif,Other Cereals & Millets,573,640,1.116928447
Uttarakhand,NAINITAL,2003,Kharif,Other Kharif pulses,868,513,0.591013825
Uttarakhand,NAINITAL,2003,Kharif,other oilseeds,81,50,0.617283951
Uttarakhand,NAINITAL,2003,Kharif,Ragi,3105,4228,1.361674718
Uttarakhand,NAINITAL,2003,Kharif,Rice,11985,30665,2.558614935
Uttarakhand,NAINITAL,2003,Kharif,Sesamum,15,3,0.2
Uttarakhand,NAINITAL,2003,Kharif,Soyabean,8462,7969,0.941739541
Uttarakhand,NAINITAL,2003,Kharif,Urad,582,241,0.414089347
Uttarakhand,NAINITAL,2003,Rabi,Barley,928,963,1.037715517
Uttarakhand,NAINITAL,2003,Rabi,Gram,531,423,0.796610169
Uttarakhand,NAINITAL,2003,Rabi,Masoor,551,385,0.698729583
Uttarakhand,NAINITAL,2003,Rabi,Other  Rabi pulses,9,6,0.666666667
Uttarakhand,NAINITAL,2003,Rabi,Peas & beans (Pulses),193,148,0.766839378
Uttarakhand,NAINITAL,2003,Rabi,Rapeseed &Mustard,793,699,0.881462799
Uttarakhand,NAINITAL,2003,Rabi,Wheat,26607,66039,2.482016011
Uttarakhand,NAINITAL,2003,Summer,Rice,117,437,3.735042735
Uttarakhand,NAINITAL,2003,Whole Year,Dry ginger,239,1889,7.90376569
Uttarakhand,NAINITAL,2003,Whole Year,Garlic,70,,
Uttarakhand,NAINITAL,2003,Whole Year,Onion,143,1748,12.22377622
Uttarakhand,NAINITAL,2003,Whole Year,Potato,2966,50484,17.02090357
Uttarakhand,NAINITAL,2003,Whole Year,Sugarcane,5133,297201,57.90005845
Uttarakhand,NAINITAL,2004,Kharif,Arhar/Tur,4,3,0.75
Uttarakhand,NAINITAL,2004,Kharif,Horse-gram,502,351,0.699203187
Uttarakhand,NAINITAL,2004,Kharif,Maize,4899,9745,1.989181466
Uttarakhand,NAINITAL,2004,Kharif,Moong(Green Gram),1,,
Uttarakhand,NAINITAL,2004,Kharif,Moth,4,1,0.25
Uttarakhand,NAINITAL,2004,Kharif,Other Cereals & Millets,798,983,1.231829574
Uttarakhand,NAINITAL,2004,Kharif,Other Kharif pulses,543,359,0.661141805
Uttarakhand,NAINITAL,2004,Kharif,other oilseeds,59,41,0.694915254
Uttarakhand,NAINITAL,2004,Kharif,Ragi,3220,4332,1.345341615
Uttarakhand,NAINITAL,2004,Kharif,Rice,12032,29665,2.465508644
Uttarakhand,NAINITAL,2004,Kharif,Sesamum,25,6,0.24
Uttarakhand,NAINITAL,2004,Kharif,Soyabean,8690,12072,1.389182969
Uttarakhand,NAINITAL,2004,Kharif,Urad,578,304,0.525951557
Uttarakhand,NAINITAL,2004,Rabi,Barley,931,1421,1.526315789
Uttarakhand,NAINITAL,2004,Rabi,Gram,530,423,0.798113208
Uttarakhand,NAINITAL,2004,Rabi,Masoor,446,342,0.766816143
Uttarakhand,NAINITAL,2004,Rabi,Other Cereals & Millets,2,3,1.5
Uttarakhand,NAINITAL,2004,Rabi,other oilseeds,2,1,0.5
Uttarakhand,NAINITAL,2004,Rabi,Peas & beans (Pulses),94,71,0.755319149
Uttarakhand,NAINITAL,2004,Rabi,Rapeseed &Mustard,986,542,0.54969574
Uttarakhand,NAINITAL,2004,Rabi,Wheat,26637,66306,2.489244284
Uttarakhand,NAINITAL,2004,Summer,Maize,1,2,2
Uttarakhand,NAINITAL,2004,Summer,Rice,116,345,2.974137931
Uttarakhand,NAINITAL,2004,Whole Year,Dry ginger,236,2120,8.983050847
Uttarakhand,NAINITAL,2004,Whole Year,Onion,194,2021,10.41752577
Uttarakhand,NAINITAL,2004,Whole Year,Potato,2621,32875,12.54292255
Uttarakhand,NAINITAL,2004,Whole Year,Sugarcane,4559,256672,56.3000658
Uttarakhand,NAINITAL,2005,Kharif,Arhar/Tur,3,2,0.666666667
Uttarakhand,NAINITAL,2005,Kharif,Horse-gram,688,396,0.575581395
Uttarakhand,NAINITAL,2005,Kharif,Maize,5829,8529,1.463201235
Uttarakhand,NAINITAL,2005,Kharif,Moth,9,3,0.333333333
Uttarakhand,NAINITAL,2005,Kharif,Other Cereals & Millets,660,811,1.228787879
Uttarakhand,NAINITAL,2005,Kharif,Other Kharif pulses,405,267,0.659259259
Uttarakhand,NAINITAL,2005,Kharif,other oilseeds,99,49,0.494949495
Uttarakhand,NAINITAL,2005,Kharif,Ragi,3481,5067,1.455616202
Uttarakhand,NAINITAL,2005,Kharif,Rice,12251,32381,2.643131173
Uttarakhand,NAINITAL,2005,Kharif,Sesamum,23,6,0.260869565
Uttarakhand,NAINITAL,2005,Kharif,Soyabean,8034,9829,1.223425442
Uttarakhand,NAINITAL,2005,Kharif,Urad,572,332,0.58041958
Uttarakhand,NAINITAL,2005,Rabi,Barley,940,834,0.887234043
Uttarakhand,NAINITAL,2005,Rabi,Gram,665,485,0.729323308
Uttarakhand,NAINITAL,2005,Rabi,Masoor,454,232,0.511013216
Uttarakhand,NAINITAL,2005,Rabi,Other Cereals & Millets,6,11,1.833333333
Uttarakhand,NAINITAL,2005,Rabi,other oilseeds,142,128,0.901408451
Uttarakhand,NAINITAL,2005,Rabi,Peas & beans (Pulses),92,68,0.739130435
Uttarakhand,NAINITAL,2005,Rabi,Rapeseed &Mustard,827,731,0.883917775
Uttarakhand,NAINITAL,2005,Rabi,Wheat,26205,58752,2.242014883
Uttarakhand,NAINITAL,2005,Summer,Maize,1,2,2
Uttarakhand,NAINITAL,2005,Summer,Rice,127,381,3
Uttarakhand,NAINITAL,2005,Whole Year,Dry ginger,337,2651,7.866468843
Uttarakhand,NAINITAL,2005,Whole Year,Onion,179,2148,12
Uttarakhand,NAINITAL,2005,Whole Year,Potato,3094,41889,13.53878474
Uttarakhand,NAINITAL,2005,Whole Year,Sugarcane,4550,271180,59.6
Uttarakhand,NAINITAL,2006,Kharif,Groundnut,112,101,0.901785714
Uttarakhand,NAINITAL,2006,Kharif,Horse-gram,391,266,0.680306905
Uttarakhand,NAINITAL,2006,Kharif,Maize,4114,5819,1.414438503
Uttarakhand,NAINITAL,2006,Kharif,Moth,10,3,0.3
Uttarakhand,NAINITAL,2006,Kharif,Other Kharif pulses,579,375,0.647668394
Uttarakhand,NAINITAL,2006,Kharif,Potato,644,6181,9.597826087
Uttarakhand,NAINITAL,2006,Kharif,Ragi,3373,5236,1.552327305
Uttarakhand,NAINITAL,2006,Kharif,Rice,11584,29414,2.539191989
Uttarakhand,NAINITAL,2006,Kharif,Sesamum,15,4,0.266666667
Uttarakhand,NAINITAL,2006,Kharif,Small millets,564,753,1.335106383
Uttarakhand,NAINITAL,2006,Kharif,Soyabean,5578,8565,1.535496594
Uttarakhand,NAINITAL,2006,Kharif,Sunflower,8,10,1.25
Uttarakhand,NAINITAL,2006,Kharif,Urad,640,453,0.7078125
Uttarakhand,NAINITAL,2006,Rabi,Barley,989,1249,1.26289181
Uttarakhand,NAINITAL,2006,Rabi,Gram,636,526,0.827044025
Uttarakhand,NAINITAL,2006,Rabi,Linseed,40,15,0.375
Uttarakhand,NAINITAL,2006,Rabi,Masoor,424,349,0.823113208
Uttarakhand,NAINITAL,2006,Rabi,Peas & beans (Pulses),263,196,0.745247148
Uttarakhand,NAINITAL,2006,Rabi,Potato,1725,17216,9.980289855
Uttarakhand,NAINITAL,2006,Rabi,Rapeseed &Mustard,836,721,0.862440191
Uttarakhand,NAINITAL,2006,Rabi,Rice,107,337,3.14953271
Uttarakhand,NAINITAL,2006,Rabi,Wheat,24352,54786,2.249753614
Uttarakhand,NAINITAL,2006,Whole Year,Dry ginger,315,2835,9
Uttarakhand,NAINITAL,2006,Whole Year,Garlic,73,102,1.397260274
Uttarakhand,NAINITAL,2006,Whole Year,Onion,204,1372,6.725490196
Uttarakhand,NAINITAL,2006,Whole Year,Sugarcane,4680,282204,60.3
Uttarakhand,NAINITAL,2006,Whole Year,Turmeric,57,138,2.421052632
Uttarakhand,NAINITAL,2007,Kharif,Arhar/Tur,8,7,0.875
Uttarakhand,NAINITAL,2007,Kharif,Dry chillies,864,363,0.420138889
Uttarakhand,NAINITAL,2007,Kharif,Groundnut,62,47,0.758064516
Uttarakhand,NAINITAL,2007,Kharif,Horse-gram,769,577,0.750325098
Uttarakhand,NAINITAL,2007,Kharif,Maize,4991,7924,1.587657784
Uttarakhand,NAINITAL,2007,Kharif,Moong(Green Gram),4,1,0.25
Uttarakhand,NAINITAL,2007,Kharif,Moth,8,3,0.375
Uttarakhand,NAINITAL,2007,Kharif,Other Cereals & Millets,498,716,1.437751004
Uttarakhand,NAINITAL,2007,Kharif,Other Kharif pulses,295,220,0.745762712
Uttarakhand,NAINITAL,2007,Kharif,other oilseeds,6,4,0.666666667
Uttarakhand,NAINITAL,2007,Kharif,Potato,1355,18845,13.90774908
Uttarakhand,NAINITAL,2007,Kharif,Ragi,4205,6830,1.624256837
Uttarakhand,NAINITAL,2007,Kharif,Rice,12778,32173,2.517843168
Uttarakhand,NAINITAL,2007,Kharif,Sesamum,17,4,0.235294118
Uttarakhand,NAINITAL,2007,Kharif,Soyabean,5434,8239,1.516194332
Uttarakhand,NAINITAL,2007,Kharif,Urad,1293,939,0.726218097
Uttarakhand,NAINITAL,2007,Rabi,Barley,981,1134,1.155963303
Uttarakhand,NAINITAL,2007,Rabi,Gram,415,348,0.838554217
Uttarakhand,NAINITAL,2007,Rabi,Masoor,452,289,0.639380531
Uttarakhand,NAINITAL,2007,Rabi,other oilseeds,34,9,0.264705882
Uttarakhand,NAINITAL,2007,Rabi,Peas & beans (Pulses),73,62,0.849315068
Uttarakhand,NAINITAL,2007,Rabi,Potato,1435,8850,6.167247387
Uttarakhand,NAINITAL,2007,Rabi,Rapeseed &Mustard,890,625,0.702247191
Uttarakhand,NAINITAL,2007,Rabi,Wheat,25055,60168,2.401436839
Uttarakhand,NAINITAL,2007,Summer,Rice,45,152,3.377777778
Uttarakhand,NAINITAL,2007,Whole Year,Dry ginger,271,2575,9.501845018
Uttarakhand,NAINITAL,2007,Whole Year,Garlic,101,152,1.504950495
Uttarakhand,NAINITAL,2007,Whole Year,Onion,218,1426,6.541284404
Uttarakhand,NAINITAL,2007,Whole Year,Sugarcane,5354,331948,62
Uttarakhand,NAINITAL,2007,Whole Year,Tobacco,4,12,3
Uttarakhand,NAINITAL,2007,Whole Year,Turmeric,57,108,1.894736842
Uttarakhand,NAINITAL,2008,Kharif,Arhar/Tur,1,1,1
Uttarakhand,NAINITAL,2008,Kharif,Groundnut,99,84,0.848484848
Uttarakhand,NAINITAL,2008,Kharif,Horse-gram,800,600,0.75
Uttarakhand,NAINITAL,2008,Kharif,Maize,4950,7389,1.492727273
Uttarakhand,NAINITAL,2008,Kharif,Moong(Green Gram),2,1,0.5
Uttarakhand,NAINITAL,2008,Kharif,Moth,62,22,0.35483871
Uttarakhand,NAINITAL,2008,Kharif,Other Cereals & Millets,575,763,1.326956522
Uttarakhand,NAINITAL,2008,Kharif,Other Kharif pulses,402,300,0.746268657
Uttarakhand,NAINITAL,2008,Kharif,Potato,1545,14623,9.464724919
Uttarakhand,NAINITAL,2008,Kharif,Ragi,3357,4228,1.259457849
Uttarakhand,NAINITAL,2008,Kharif,Rice,13320,29248,2.195795796
Uttarakhand,NAINITAL,2008,Kharif,Sesamum,20,5,0.25
Uttarakhand,NAINITAL,2008,Kharif,Soyabean,4096,5799,1.415771484
Uttarakhand,NAINITAL,2008,Kharif,Urad,1443,1141,0.790713791
Uttarakhand,NAINITAL,2008,Rabi,Barley,1147,1372,1.196163906
Uttarakhand,NAINITAL,2008,Rabi,Gram,494,262,0.530364372
Uttarakhand,NAINITAL,2008,Rabi,Masoor,384,186,0.484375
Uttarakhand,NAINITAL,2008,Rabi,other oilseeds,37,23,0.621621622
Uttarakhand,NAINITAL,2008,Rabi,Peas & beans (Pulses),43,16,0.372093023
Uttarakhand,NAINITAL,2008,Rabi,Potato,1543,11606,7.521710953
Uttarakhand,NAINITAL,2008,Rabi,Rapeseed &Mustard,586,320,0.546075085
Uttarakhand,NAINITAL,2008,Rabi,Wheat,24237,61970,2.556834592
Uttarakhand,NAINITAL,2008,Summer,Rice,164,516,3.146341463
Uttarakhand,NAINITAL,2008,Whole Year,Dry ginger,317,2669,8.41955836
Uttarakhand,NAINITAL,2008,Whole Year,Garlic,102,163,1.598039216
Uttarakhand,NAINITAL,2008,Whole Year,Onion,169,734,4.343195266
Uttarakhand,NAINITAL,2008,Whole Year,Sugarcane,4652,247021,53.09995701
Uttarakhand,NAINITAL,2008,Whole Year,Turmeric,84,181,2.154761905
Uttarakhand,NAINITAL,2009,Kharif,Bajra,1,1,1
Uttarakhand,NAINITAL,2009,Kharif,Groundnut,67,57,0.850746269
Uttarakhand,NAINITAL,2009,Kharif,Horse-gram,557,418,0.750448833
Uttarakhand,NAINITAL,2009,Kharif,Maize,4487,7249,1.615556051
Uttarakhand,NAINITAL,2009,Kharif,Moong(Green Gram),1,1,1
Uttarakhand,NAINITAL,2009,Kharif,Moth,18,7,0.388888889
Uttarakhand,NAINITAL,2009,Kharif,Other Kharif pulses,281,245,0.871886121
Uttarakhand,NAINITAL,2009,Kharif,other oilseeds,29,21,0.724137931
Uttarakhand,NAINITAL,2009,Kharif,Potato,2268,18570,8.187830688
Uttarakhand,NAINITAL,2009,Kharif,Ragi,3004,4245,1.413115846
Uttarakhand,NAINITAL,2009,Kharif,Rice,13190,38931,2.951554208
Uttarakhand,NAINITAL,2009,Kharif,Sesamum,5,1,0.2
Uttarakhand,NAINITAL,2009,Kharif,Small millets,605,909,1.502479339
Uttarakhand,NAINITAL,2009,Kharif,Soyabean,4990,9877,1.979358717
Uttarakhand,NAINITAL,2009,Kharif,Urad,1034,816,0.789168279
Uttarakhand,NAINITAL,2009,Rabi,Barley,903,1284,1.42192691
Uttarakhand,NAINITAL,2009,Rabi,Gram,314,283,0.901273885
Uttarakhand,NAINITAL,2009,Rabi,Masoor,378,259,0.685185185
Uttarakhand,NAINITAL,2009,Rabi,other oilseeds,53,27,0.509433962
Uttarakhand,NAINITAL,2009,Rabi,Peas & beans (Pulses),118,99,0.838983051
Uttarakhand,NAINITAL,2009,Rabi,Potato,1568,19384,12.3622449
Uttarakhand,NAINITAL,2009,Rabi,Rapeseed &Mustard,725,879,1.212413793
Uttarakhand,NAINITAL,2009,Rabi,Rice,141,402,2.85106383
Uttarakhand,NAINITAL,2009,Rabi,Wheat,23931,61979,2.589904308
Uttarakhand,NAINITAL,2009,Whole Year,Dry ginger,237,2000,8.438818565
Uttarakhand,NAINITAL,2009,Whole Year,Garlic,79,213,2.696202532
Uttarakhand,NAINITAL,2009,Whole Year,Onion,140,840,6
Uttarakhand,NAINITAL,2009,Whole Year,Sugarcane,4004,250650,62.5999001
Uttarakhand,NAINITAL,2009,Whole Year,Turmeric,81,65,0.802469136
Uttarakhand,NAINITAL,2010,Kharif,Arhar/Tur,2,2,1
Uttarakhand,NAINITAL,2010,Kharif,Groundnut,76,80,1.052631579
Uttarakhand,NAINITAL,2010,Kharif,Horse-gram,866,659,0.760969977
Uttarakhand,NAINITAL,2010,Kharif,Maize,5404,9116,1.686898594
Uttarakhand,NAINITAL,2010,Kharif,Moong(Green Gram),2,1,0.5
Uttarakhand,NAINITAL,2010,Kharif,Moth,17,7,0.411764706
Uttarakhand,NAINITAL,2010,Kharif,Other Cereals & Millets,467,646,1.383297645
Uttarakhand,NAINITAL,2010,Kharif,Other Kharif pulses,554,483,0.871841155
Uttarakhand,NAINITAL,2010,Kharif,Potato,1038,7459,7.185934489
Uttarakhand,NAINITAL,2010,Kharif,Ragi,2914,3719,1.276252574
Uttarakhand,NAINITAL,2010,Kharif,Rice,12543,29300,2.335964283
Uttarakhand,NAINITAL,2010,Kharif,Sesamum,15,3,0.2
Uttarakhand,NAINITAL,2010,Kharif,Soyabean,5443,10185,1.871210729
Uttarakhand,NAINITAL,2010,Kharif,Urad,1023,773,0.755620723
Uttarakhand,NAINITAL,2010,Rabi,Barley,912,1380,1.513157895
Uttarakhand,NAINITAL,2010,Rabi,Gram,425,370,0.870588235
Uttarakhand,NAINITAL,2010,Rabi,Masoor,376,216,0.574468085
Uttarakhand,NAINITAL,2010,Rabi,Other  Rabi pulses,1,1,1
Uttarakhand,NAINITAL,2010,Rabi,Other Cereals & Millets,2,2,1
Uttarakhand,NAINITAL,2010,Rabi,other oilseeds,24,20,0.833333333
Uttarakhand,NAINITAL,2010,Rabi,Peas & beans (Pulses),122,104,0.852459016
Uttarakhand,NAINITAL,2010,Rabi,Potato,1229,13558,11.03173312
Uttarakhand,NAINITAL,2010,Rabi,Rapeseed &Mustard,613,837,1.365415987
Uttarakhand,NAINITAL,2010,Rabi,Rice,124,410,3.306451613
Uttarakhand,NAINITAL,2010,Rabi,Wheat,23947,67161,2.804568422
Uttarakhand,NAINITAL,2010,Whole Year,Dry ginger,402,4026,10.01492537
Uttarakhand,NAINITAL,2010,Whole Year,Garlic,104,143,1.375
Uttarakhand,NAINITAL,2010,Whole Year,Onion,187,1216,6.502673797
Uttarakhand,NAINITAL,2010,Whole Year,Sugarcane,3953,247458,62.60005059
Uttarakhand,NAINITAL,2010,Whole Year,Turmeric,91,178,1.956043956
Uttarakhand,NAINITAL,2011,Kharif,Arhar/Tur,2,1,0.5
Uttarakhand,NAINITAL,2011,Kharif,Groundnut,39,50,1.282051282
Uttarakhand,NAINITAL,2011,Kharif,Horse-gram,557,426,0.76481149
Uttarakhand,NAINITAL,2011,Kharif,Maize,4703,8623,1.833510525
Uttarakhand,NAINITAL,2011,Kharif,Moth,1,1,1
Uttarakhand,NAINITAL,2011,Kharif,Other Kharif pulses,372,247,0.663978495
Uttarakhand,NAINITAL,2011,Kharif,Potato,1292,14326,11.08823529
Uttarakhand,NAINITAL,2011,Kharif,Ragi,2875,4260,1.48173913
Uttarakhand,NAINITAL,2011,Kharif,Rice,12914,36461,2.823369986
Uttarakhand,NAINITAL,2011,Kharif,Sesamum,11,1,0.090909091
Uttarakhand,NAINITAL,2011,Kharif,Small millets,538,696,1.293680297
Uttarakhand,NAINITAL,2011,Kharif,Soyabean,5612,10757,1.91678546
Uttarakhand,NAINITAL,2011,Kharif,Sunflower,6,2,0.333333333
Uttarakhand,NAINITAL,2011,Kharif,Urad,821,624,0.760048721
Uttarakhand,NAINITAL,2011,Rabi,Barley,899,1187,1.320355951
Uttarakhand,NAINITAL,2011,Rabi,Gram,435,386,0.887356322
Uttarakhand,NAINITAL,2011,Rabi,Masoor,339,249,0.734513274
Uttarakhand,NAINITAL,2011,Rabi,Other Cereals & Millets,1,1,1
Uttarakhand,NAINITAL,2011,Rabi,other oilseeds,22,26,1.181818182
Uttarakhand,NAINITAL,2011,Rabi,Peas & beans (Pulses),508,437,0.86023622
Uttarakhand,NAINITAL,2011,Rabi,Potato,1106,12273,11.09674503
Uttarakhand,NAINITAL,2011,Rabi,Rapeseed &Mustard,388,483,1.244845361
Uttarakhand,NAINITAL,2011,Rabi,Wheat,24277,66130,2.723977427
Uttarakhand,NAINITAL,2011,Summer,Rice,140,463,3.307142857
Uttarakhand,NAINITAL,2011,Whole Year,Garlic,142,426,3
Uttarakhand,NAINITAL,2011,Whole Year,Ginger,271,3004,11.08487085
Uttarakhand,NAINITAL,2011,Whole Year,Onion,246,1605,6.524390244
Uttarakhand,NAINITAL,2011,Whole Year,Sugarcane,3952,245024,62
Uttarakhand,NAINITAL,2011,Whole Year,Turmeric,108,1194,11.05555556
Uttarakhand,NAINITAL,2012,Kharif,Arhar/Tur,13,7,0.538461538
Uttarakhand,NAINITAL,2012,Kharif,Groundnut,50,50,1
Uttarakhand,NAINITAL,2012,Kharif,Horse-gram,713,538,0.754558205
Uttarakhand,NAINITAL,2012,Kharif,Maize,4448,9554,2.147931655
Uttarakhand,NAINITAL,2012,Kharif,Moth,17,7,0.411764706
Uttarakhand,NAINITAL,2012,Kharif,Other Kharif pulses,641,412,0.64274571
Uttarakhand,NAINITAL,2012,Kharif,other oilseeds,1,1,1
Uttarakhand,NAINITAL,2012,Kharif,Potato,1120,7130,6.366071429
Uttarakhand,NAINITAL,2012,Kharif,Ragi,2815,3769,1.338898757
Uttarakhand,NAINITAL,2012,Kharif,Rice,11777,34682,2.944892587
Uttarakhand,NAINITAL,2012,Kharif,Sesamum,22,6,0.272727273
Uttarakhand,NAINITAL,2012,Kharif,Small millets,552,641,1.161231884
Uttarakhand,NAINITAL,2012,Kharif,Soyabean,5670,15487,2.731393298
Uttarakhand,NAINITAL,2012,Kharif,Urad,1149,877,0.763272411
Uttarakhand,NAINITAL,2012,Rabi,Barley,917,1682,1.834242094
Uttarakhand,NAINITAL,2012,Rabi,Gram,476,423,0.888655462
Uttarakhand,NAINITAL,2012,Rabi,Masoor,362,266,0.73480663
Uttarakhand,NAINITAL,2012,Rabi,other oilseeds,25,13,0.52
Uttarakhand,NAINITAL,2012,Rabi,Peas & beans (Pulses),194,165,0.850515464
Uttarakhand,NAINITAL,2012,Rabi,Potato,748,8235,11.00935829
Uttarakhand,NAINITAL,2012,Rabi,Rapeseed &Mustard,521,532,1.021113244
Uttarakhand,NAINITAL,2012,Rabi,Wheat,23052,72264,3.134825612
Uttarakhand,NAINITAL,2012,Summer,Rice,176,565,3.210227273
Uttarakhand,NAINITAL,2012,Whole Year,Garlic,129,355,2.751937984
Uttarakhand,NAINITAL,2012,Whole Year,Ginger,364,4063,11.16208791
Uttarakhand,NAINITAL,2012,Whole Year,Onion,273,1779,6.516483516
Uttarakhand,NAINITAL,2012,Whole Year,Sugarcane,3960,247500,62.5
Uttarakhand,NAINITAL,2012,Whole Year,Turmeric,141,1269,9
Uttarakhand,NAINITAL,2013,Kharif,Arhar/Tur,2,2,1
Uttarakhand,NAINITAL,2013,Kharif,Groundnut,57,76,1.333333333
Uttarakhand,NAINITAL,2013,Kharif,Horse-gram,721,505,0.700416089
Uttarakhand,NAINITAL,2013,Kharif,Maize,3889,8276,2.128053484
Uttarakhand,NAINITAL,2013,Kharif,Moong(Green Gram),4,2,0.5
Uttarakhand,NAINITAL,2013,Kharif,Moth,20,9,0.45
Uttarakhand,NAINITAL,2013,Kharif,Other Kharif pulses,644,471,0.73136646
Uttarakhand,NAINITAL,2013,Kharif,other oilseeds,10,8,0.8
Uttarakhand,NAINITAL,2013,Kharif,Potato,1323,3799,2.871504157
Uttarakhand,NAINITAL,2013,Kharif,Ragi,3224,4471,1.3867866
Uttarakhand,NAINITAL,2013,Kharif,Rice,12158,31691,2.60659648
Uttarakhand,NAINITAL,2013,Kharif,Sesamum,25,4,0.16
Uttarakhand,NAINITAL,2013,Kharif,Small millets,523,790,1.510516252
Uttarakhand,NAINITAL,2013,Kharif,Soyabean,6089,11008,1.807850222
Uttarakhand,NAINITAL,2013,Kharif,Sunflower,1,1,1
Uttarakhand,NAINITAL,2013,Kharif,Urad,949,717,0.755532139
Uttarakhand,NAINITAL,2013,Rabi,Barley,1137,1582,1.391380827
Uttarakhand,NAINITAL,2013,Rabi,Gram,461,408,0.885032538
Uttarakhand,NAINITAL,2013,Rabi,Masoor,349,262,0.750716332
Uttarakhand,NAINITAL,2013,Rabi,other oilseeds,17,8,0.470588235
Uttarakhand,NAINITAL,2013,Rabi,Peas & beans (Pulses),305,265,0.868852459
Uttarakhand,NAINITAL,2013,Rabi,Potato,649,7334,11.30046225
Uttarakhand,NAINITAL,2013,Rabi,Rapeseed &Mustard,433,568,1.311778291
Uttarakhand,NAINITAL,2013,Rabi,Wheat,23558,69400,2.945920706
Uttarakhand,NAINITAL,2013,Summer,Rice,177,589,3.327683616
Uttarakhand,NAINITAL,2013,Whole Year,Garlic,128,181,1.4140625
Uttarakhand,NAINITAL,2013,Whole Year,Ginger,249,2744,11.02008032
Uttarakhand,NAINITAL,2013,Whole Year,Onion,325,2088,6.424615385
Uttarakhand,NAINITAL,2013,Whole Year,Sugarcane,3915,221589,56.6
Uttarakhand,NAINITAL,2013,Whole Year,Turmeric,161,322,2
Uttarakhand,NAINITAL,2014,Kharif,Arhar/Tur,60,32,0.533333333
Uttarakhand,NAINITAL,2014,Kharif,Ginger,287,3126,10.89198606
Uttarakhand,NAINITAL,2014,Kharif,Groundnut,61,67,1.098360656
Uttarakhand,NAINITAL,2014,Kharif,Horse-gram,755,633,0.838410596
Uttarakhand,NAINITAL,2014,Kharif,Maize,3770,7655,2.030503979
Uttarakhand,NAINITAL,2014,Kharif,Moong(Green Gram),1,1,1
Uttarakhand,NAINITAL,2014,Kharif,Moth,37,16,0.432432432
Uttarakhand,NAINITAL,2014,Kharif,Other Kharif pulses,448,370,0.825892857
Uttarakhand,NAINITAL,2014,Kharif,Potato,970,9751,10.05257732
Uttarakhand,NAINITAL,2014,Kharif,Pulses total,2033,1528,0.751598623
Uttarakhand,NAINITAL,2014,Kharif,Ragi,2374,3561,1.5
Uttarakhand,NAINITAL,2014,Kharif,Rice,11597,32544,2.806242994
Uttarakhand,NAINITAL,2014,Kharif,Sesamum,11,1,0.090909091
Uttarakhand,NAINITAL,2014,Kharif,Small millets,448,648,1.446428571
Uttarakhand,NAINITAL,2014,Kharif,Soyabean,6950,11030,1.58705036
Uttarakhand,NAINITAL,2014,Kharif,Sugarcane,3721,238516,64.09997313
Uttarakhand,NAINITAL,2014,Kharif,Total foodgrain,20341,46056,2.264195467
Uttarakhand,NAINITAL,2014,Kharif,Urad,851,596,0.700352526
Uttarakhand,NAINITAL,2014,Rabi,Barley,1006,1175,1.167992048
Uttarakhand,NAINITAL,2014,Rabi,Gram,509,450,0.884086444
Uttarakhand,NAINITAL,2014,Rabi,Lentil,372,230,0.61827957
Uttarakhand,NAINITAL,2014,Rabi,Masoor,372,230,0.61827957
Uttarakhand,NAINITAL,2014,Rabi,Other  Rabi pulses,1,1,1
Uttarakhand,NAINITAL,2014,Rabi,Peas & beans (Pulses),111,97,0.873873874
Uttarakhand,NAINITAL,2014,Rabi,Potato,724,6808,9.403314917
Uttarakhand,NAINITAL,2014,Rabi,Pulses total,1330,1072,0.806015038
Uttarakhand,NAINITAL,2014,Rabi,Rapeseed &Mustard,325,427,1.313846154
Uttarakhand,NAINITAL,2014,Rabi,Total foodgrain,25523,57090,2.236806018
Uttarakhand,NAINITAL,2014,Rabi,Wheat,23524,55137,2.343861588
Uttarakhand,NAINITAL,2014,Summer,Rice,196,617,3.147959184
Uttarakhand,NAINITAL,2014,Summer,Total foodgrain,196,617,3.147959184
Uttarakhand,NAINITAL,2014,Whole Year,Garlic,137,195,1.423357664
Uttarakhand,NAINITAL,2014,Whole Year,Ginger,283,3075,10.86572438
Uttarakhand,NAINITAL,2014,Whole Year,Onion,359,2307,6.426183844
Uttarakhand,NAINITAL,2014,Whole Year,Pulses total,3363,2600,0.773119239
Uttarakhand,NAINITAL,2014,Whole Year,Rice,11793,33161,2.811922327
Uttarakhand,NAINITAL,2014,Whole Year,Total foodgrain,46060,103763,2.252778984
Uttarakhand,NAINITAL,2014,Whole Year,Turmeric,150,299,1.993333333
Uttarakhand,PAURI GARHWAL,2000,Kharif,Arhar/Tur,320,128,0.4
Uttarakhand,PAURI GARHWAL,2000,Kharif,Horse-gram,1656,911,0.550120773
Uttarakhand,PAURI GARHWAL,2000,Kharif,Maize,1920,2221,1.156770833
Uttarakhand,PAURI GARHWAL,2000,Kharif,Other Cereals & Millets,634,159,0.250788644
Uttarakhand,PAURI GARHWAL,2000,Kharif,Other Kharif pulses,966,550,0.569358178
Uttarakhand,PAURI GARHWAL,2000,Kharif,Potato,69,1543,22.36231884
Uttarakhand,PAURI GARHWAL,2000,Kharif,Ragi,25430,31871,1.253283523
Uttarakhand,PAURI GARHWAL,2000,Kharif,Rice,21654,23225,1.072550106
Uttarakhand,PAURI GARHWAL,2000,Kharif,Sesamum,105,16,0.152380952
Uttarakhand,PAURI GARHWAL,2000,Kharif,Small millets,18981,21676,1.141984089
Uttarakhand,PAURI GARHWAL,2000,Kharif,Soyabean,330,182,0.551515152
Uttarakhand,PAURI GARHWAL,2000,Kharif,Urad,3195,1332,0.416901408
Uttarakhand,PAURI GARHWAL,2000,Rabi,Barley,6110,4586,0.750572831
Uttarakhand,PAURI GARHWAL,2000,Rabi,Gram,41,23,0.56097561
Uttarakhand,PAURI GARHWAL,2000,Rabi,Masoor,813,350,0.430504305
Uttarakhand,PAURI GARHWAL,2000,Rabi,Other  Rabi pulses,20,7,0.35
Uttarakhand,PAURI GARHWAL,2000,Rabi,Other Cereals & Millets,440,440,1
Uttarakhand,PAURI GARHWAL,2000,Rabi,Peas & beans (Pulses),10,6,0.6
Uttarakhand,PAURI GARHWAL,2000,Rabi,Potato,404,9029,22.3490099
Uttarakhand,PAURI GARHWAL,2000,Rabi,Rapeseed &Mustard,327,131,0.400611621
Uttarakhand,PAURI GARHWAL,2000,Rabi,Wheat,33371,29105,0.872164454
Uttarakhand,PAURI GARHWAL,2000,Whole Year,Dry ginger,15,138,9.2
Uttarakhand,PAURI GARHWAL,2000,Whole Year,Garlic,5,7,1.4
Uttarakhand,PAURI GARHWAL,2000,Whole Year,Onion,460,3997,8.689130435
Uttarakhand,PAURI GARHWAL,2000,Whole Year,Turmeric,1,2,2
Uttarakhand,PAURI GARHWAL,2001,Kharif,Arhar/Tur,413,205,0.496368039
Uttarakhand,PAURI GARHWAL,2001,Kharif,Horse-gram,1491,746,0.500335345
Uttarakhand,PAURI GARHWAL,2001,Kharif,Maize,2108,1809,0.858159393
Uttarakhand,PAURI GARHWAL,2001,Kharif,Other Cereals & Millets,251,63,0.250996016
Uttarakhand,PAURI GARHWAL,2001,Kharif,Other Kharif pulses,779,411,0.527599487
Uttarakhand,PAURI GARHWAL,2001,Kharif,Potato,139,2208,15.88489209
Uttarakhand,PAURI GARHWAL,2001,Kharif,Ragi,31368,38446,1.225643968
Uttarakhand,PAURI GARHWAL,2001,Kharif,Rice,22633,25051,1.106835152
Uttarakhand,PAURI GARHWAL,2001,Kharif,Sesamum,67,11,0.164179104
Uttarakhand,PAURI GARHWAL,2001,Kharif,Small millets,19026,23206,1.219699359
Uttarakhand,PAURI GARHWAL,2001,Kharif,Soyabean,387,213,0.550387597
Uttarakhand,PAURI GARHWAL,2001,Kharif,Urad,3691,2528,0.684909239
Uttarakhand,PAURI GARHWAL,2001,Rabi,Barley,6379,6054,0.949051575
Uttarakhand,PAURI GARHWAL,2001,Rabi,Gram,73,41,0.561643836
Uttarakhand,PAURI GARHWAL,2001,Rabi,Masoor,766,325,0.424281984
Uttarakhand,PAURI GARHWAL,2001,Rabi,Other  Rabi pulses,1,,
Uttarakhand,PAURI GARHWAL,2001,Rabi,Other Cereals & Millets,301,286,0.950166113
Uttarakhand,PAURI GARHWAL,2001,Rabi,Peas & beans (Pulses),95,55,0.578947368
Uttarakhand,PAURI GARHWAL,2001,Rabi,Potato,359,5705,15.8913649
Uttarakhand,PAURI GARHWAL,2001,Rabi,Rapeseed &Mustard,363,149,0.41046832
Uttarakhand,PAURI GARHWAL,2001,Rabi,Wheat,35127,35332,1.005835967
Uttarakhand,PAURI GARHWAL,2001,Whole Year,Dry ginger,32,277,8.65625
Uttarakhand,PAURI GARHWAL,2001,Whole Year,Garlic,10,14,1.4
Uttarakhand,PAURI GARHWAL,2001,Whole Year,Onion,380,1045,2.75
Uttarakhand,PAURI GARHWAL,2002,Kharif,Arhar/Tur,357,125,0.350140056
Uttarakhand,PAURI GARHWAL,2002,Kharif,Horse-gram,1686,792,0.46975089
Uttarakhand,PAURI GARHWAL,2002,Kharif,Maize,2412,1930,0.800165837
Uttarakhand,PAURI GARHWAL,2002,Kharif,Other Kharif pulses,811,448,0.552404439
Uttarakhand,PAURI GARHWAL,2002,Kharif,Potato,132,2097,15.88636364
Uttarakhand,PAURI GARHWAL,2002,Kharif,Ragi,28491,22656,0.795198484
Uttarakhand,PAURI GARHWAL,2002,Kharif,Rice,24263,17844,0.735440795
Uttarakhand,PAURI GARHWAL,2002,Kharif,Sesamum,85,9,0.105882353
Uttarakhand,PAURI GARHWAL,2002,Kharif,Small millets,20545,16086,0.782964225
Uttarakhand,PAURI GARHWAL,2002,Kharif,Soyabean,300,150,0.5
Uttarakhand,PAURI GARHWAL,2002,Kharif,Sunflower,19,12,0.631578947
Uttarakhand,PAURI GARHWAL,2002,Kharif,Urad,3112,1089,0.349935733
Uttarakhand,PAURI GARHWAL,2002,Rabi,Barley,7233,7524,1.040232269
Uttarakhand,PAURI GARHWAL,2002,Rabi,Gram,66,33,0.5
Uttarakhand,PAURI GARHWAL,2002,Rabi,Masoor,972,379,0.389917695
Uttarakhand,PAURI GARHWAL,2002,Rabi,Other  Rabi pulses,1,,
Uttarakhand,PAURI GARHWAL,2002,Rabi,Other Cereals & Millets,68,68,1
Uttarakhand,PAURI GARHWAL,2002,Rabi,Peas & beans (Pulses),3,2,0.666666667
Uttarakhand,PAURI GARHWAL,2002,Rabi,Potato,531,8438,15.89077213
Uttarakhand,PAURI GARHWAL,2002,Rabi,Rapeseed &Mustard,382,145,0.379581152
Uttarakhand,PAURI GARHWAL,2002,Rabi,Wheat,34679,41324,1.191614522
Uttarakhand,PAURI GARHWAL,2002,Whole Year,Dry ginger,16,131,8.1875
Uttarakhand,PAURI GARHWAL,2002,Whole Year,Garlic,22,32,1.454545455
Uttarakhand,PAURI GARHWAL,2002,Whole Year,Onion,500,1375,2.75
Uttarakhand,PAURI GARHWAL,2003,Kharif,Arhar/Tur,358,251,0.701117318
Uttarakhand,PAURI GARHWAL,2003,Kharif,Groundnut,9,7,0.777777778
Uttarakhand,PAURI GARHWAL,2003,Kharif,Horse-gram,1910,1188,0.621989529
Uttarakhand,PAURI GARHWAL,2003,Kharif,Maize,2305,3105,1.347071584
Uttarakhand,PAURI GARHWAL,2003,Kharif,Other Cereals & Millets,19414,22958,1.182548676
Uttarakhand,PAURI GARHWAL,2003,Kharif,Other Kharif pulses,627,480,0.765550239
Uttarakhand,PAURI GARHWAL,2003,Kharif,other oilseeds,3,2,0.666666667
Uttarakhand,PAURI GARHWAL,2003,Kharif,Ragi,29243,34038,1.163970865
Uttarakhand,PAURI GARHWAL,2003,Kharif,Rice,23354,26596,1.138819902
Uttarakhand,PAURI GARHWAL,2003,Kharif,Sesamum,58,7,0.120689655
Uttarakhand,PAURI GARHWAL,2003,Kharif,Soyabean,370,341,0.921621622
Uttarakhand,PAURI GARHWAL,2003,Kharif,Urad,3540,1317,0.372033898
Uttarakhand,PAURI GARHWAL,2003,Rabi,Barley,6721,6106,0.90849576
Uttarakhand,PAURI GARHWAL,2003,Rabi,Gram,46,35,0.760869565
Uttarakhand,PAURI GARHWAL,2003,Rabi,Masoor,234,161,0.688034188
Uttarakhand,PAURI GARHWAL,2003,Rabi,Other  Rabi pulses,1,,
Uttarakhand,PAURI GARHWAL,2003,Rabi,Other Cereals & Millets,154,135,0.876623377
Uttarakhand,PAURI GARHWAL,2003,Rabi,Rapeseed &Mustard,444,289,0.650900901
Uttarakhand,PAURI GARHWAL,2003,Rabi,Wheat,35720,33221,0.930039194
Uttarakhand,PAURI GARHWAL,2003,Whole Year,Dry ginger,30,270,9
Uttarakhand,PAURI GARHWAL,2003,Whole Year,Garlic,30,,
Uttarakhand,PAURI GARHWAL,2003,Whole Year,Onion,340,3060,9
Uttarakhand,PAURI GARHWAL,2003,Whole Year,Potato,710,9940,14
Uttarakhand,PAURI GARHWAL,2004,Kharif,Arhar/Tur,302,188,0.622516556
Uttarakhand,PAURI GARHWAL,2004,Kharif,Groundnut,9,11,1.222222222
Uttarakhand,PAURI GARHWAL,2004,Kharif,Horse-gram,2198,1583,0.720200182
Uttarakhand,PAURI GARHWAL,2004,Kharif,Maize,2305,2651,1.15010846
Uttarakhand,PAURI GARHWAL,2004,Kharif,Other Cereals & Millets,19636,22973,1.169942962
Uttarakhand,PAURI GARHWAL,2004,Kharif,Other Kharif pulses,571,460,0.805604203
Uttarakhand,PAURI GARHWAL,2004,Kharif,Ragi,28370,32138,1.132816355
Uttarakhand,PAURI GARHWAL,2004,Kharif,Rice,21854,25259,1.155806717
Uttarakhand,PAURI GARHWAL,2004,Kharif,Sesamum,116,26,0.224137931
Uttarakhand,PAURI GARHWAL,2004,Kharif,Soyabean,348,348,1
Uttarakhand,PAURI GARHWAL,2004,Kharif,Sunflower,3,3,1
Uttarakhand,PAURI GARHWAL,2004,Kharif,Urad,3649,1733,0.474924637
Uttarakhand,PAURI GARHWAL,2004,Rabi,Barley,6491,7442,1.146510553
Uttarakhand,PAURI GARHWAL,2004,Rabi,Gram,87,52,0.597701149
Uttarakhand,PAURI GARHWAL,2004,Rabi,Masoor,320,192,0.6
Uttarakhand,PAURI GARHWAL,2004,Rabi,Other  Rabi pulses,7,4,0.571428571
Uttarakhand,PAURI GARHWAL,2004,Rabi,Other Cereals & Millets,33,36,1.090909091
Uttarakhand,PAURI GARHWAL,2004,Rabi,other oilseeds,7,4,0.571428571
Uttarakhand,PAURI GARHWAL,2004,Rabi,Peas & beans (Pulses),24,17,0.708333333
Uttarakhand,PAURI GARHWAL,2004,Rabi,Rapeseed &Mustard,505,354,0.700990099
Uttarakhand,PAURI GARHWAL,2004,Rabi,Wheat,33530,41765,1.245600954
Uttarakhand,PAURI GARHWAL,2004,Whole Year,Dry ginger,27,257,9.518518519
Uttarakhand,PAURI GARHWAL,2004,Whole Year,Onion,481,4570,9.501039501
Uttarakhand,PAURI GARHWAL,2004,Whole Year,Potato,612,7650,12.5
Uttarakhand,PAURI GARHWAL,2004,Whole Year,Sugarcane,18,1107,61.5
Uttarakhand,PAURI GARHWAL,2005,Kharif,Arhar/Tur,291,145,0.498281787
Uttarakhand,PAURI GARHWAL,2005,Kharif,Horse-gram,1917,1267,0.660928534
Uttarakhand,PAURI GARHWAL,2005,Kharif,Maize,2305,1816,0.787852495
Uttarakhand,PAURI GARHWAL,2005,Kharif,Other Cereals & Millets,19208,20049,1.04378384
Uttarakhand,PAURI GARHWAL,2005,Kharif,Other Kharif pulses,505,295,0.584158416
Uttarakhand,PAURI GARHWAL,2005,Kharif,Ragi,28363,32283,1.138208229
Uttarakhand,PAURI GARHWAL,2005,Kharif,Rice,22335,22878,1.024311619
Uttarakhand,PAURI GARHWAL,2005,Kharif,Sesamum,101,24,0.237623762
Uttarakhand,PAURI GARHWAL,2005,Kharif,Soyabean,440,234,0.531818182
Uttarakhand,PAURI GARHWAL,2005,Kharif,Urad,3528,1835,0.520124717
Uttarakhand,PAURI GARHWAL,2005,Rabi,Barley,6777,2001,0.295263391
Uttarakhand,PAURI GARHWAL,2005,Rabi,Gram,80,40,0.5
Uttarakhand,PAURI GARHWAL,2005,Rabi,Masoor,917,459,0.500545256
Uttarakhand,PAURI GARHWAL,2005,Rabi,Other Cereals & Millets,76,25,0.328947368
Uttarakhand,PAURI GARHWAL,2005,Rabi,Peas & beans (Pulses),20,11,0.55
Uttarakhand,PAURI GARHWAL,2005,Rabi,Rapeseed &Mustard,492,172,0.349593496
Uttarakhand,PAURI GARHWAL,2005,Rabi,Wheat,35005,13198,0.377031853
Uttarakhand,PAURI GARHWAL,2005,Whole Year,Dry ginger,28,252,9
Uttarakhand,PAURI GARHWAL,2005,Whole Year,Onion,471,9420,20
Uttarakhand,PAURI GARHWAL,2005,Whole Year,Potato,663,11603,17.50075415
Uttarakhand,PAURI GARHWAL,2005,Whole Year,Sugarcane,10,610,61
Uttarakhand,PAURI GARHWAL,2006,Kharif,Arhar/Tur,319,159,0.498432602
Uttarakhand,PAURI GARHWAL,2006,Kharif,Horse-gram,2050,1439,0.70195122
Uttarakhand,PAURI GARHWAL,2006,Kharif,Maize,2286,1829,0.800087489
Uttarakhand,PAURI GARHWAL,2006,Kharif,Other Cereals & Millets,913,354,0.387732749
Uttarakhand,PAURI GARHWAL,2006,Kharif,Other Kharif pulses,590,372,0.630508475
Uttarakhand,PAURI GARHWAL,2006,Kharif,other oilseeds,1,1,1
Uttarakhand,PAURI GARHWAL,2006,Kharif,Potato,96,816,8.5
Uttarakhand,PAURI GARHWAL,2006,Kharif,Ragi,27967,40196,1.437265348
Uttarakhand,PAURI GARHWAL,2006,Kharif,Rice,23476,24496,1.043448628
Uttarakhand,PAURI GARHWAL,2006,Kharif,Sesamum,82,14,0.170731707
Uttarakhand,PAURI GARHWAL,2006,Kharif,Small millets,20104,22993,1.143702746
Uttarakhand,PAURI GARHWAL,2006,Kharif,Soyabean,364,209,0.574175824
Uttarakhand,PAURI GARHWAL,2006,Kharif,Urad,3738,2486,0.66506153
Uttarakhand,PAURI GARHWAL,2006,Rabi,Barley,6704,6381,0.951819809
Uttarakhand,PAURI GARHWAL,2006,Rabi,Gram,78,55,0.705128205
Uttarakhand,PAURI GARHWAL,2006,Rabi,Masoor,994,646,0.649899396
Uttarakhand,PAURI GARHWAL,2006,Rabi,Other  Rabi pulses,22,10,0.454545455
Uttarakhand,PAURI GARHWAL,2006,Rabi,Other Cereals & Millets,216,211,0.976851852
Uttarakhand,PAURI GARHWAL,2006,Rabi,other oilseeds,4,,
Uttarakhand,PAURI GARHWAL,2006,Rabi,Peas & beans (Pulses),82,62,0.756097561
Uttarakhand,PAURI GARHWAL,2006,Rabi,Potato,453,3624,8
Uttarakhand,PAURI GARHWAL,2006,Rabi,Rapeseed &Mustard,491,221,0.450101833
Uttarakhand,PAURI GARHWAL,2006,Rabi,Wheat,33706,41418,1.228801994
Uttarakhand,PAURI GARHWAL,2006,Whole Year,Dry ginger,67,503,7.507462687
Uttarakhand,PAURI GARHWAL,2006,Whole Year,Garlic,30,45,1.5
Uttarakhand,PAURI GARHWAL,2006,Whole Year,Onion,437,1967,4.501144165
Uttarakhand,PAURI GARHWAL,2006,Whole Year,Sugarcane,5,307,61.4
Uttarakhand,PAURI GARHWAL,2006,Whole Year,Tobacco,1,4,4
Uttarakhand,PAURI GARHWAL,2006,Whole Year,Turmeric,2,,
Uttarakhand,PAURI GARHWAL,2007,Kharif,Arhar/Tur,851,638,0.749706228
Uttarakhand,PAURI GARHWAL,2007,Kharif,Bajra,42,40,0.952380952
Uttarakhand,PAURI GARHWAL,2007,Kharif,Dry chillies,903,240,0.265780731
Uttarakhand,PAURI GARHWAL,2007,Kharif,Horse-gram,1462,1181,0.807797538
Uttarakhand,PAURI GARHWAL,2007,Kharif,Maize,2065,1757,0.850847458
Uttarakhand,PAURI GARHWAL,2007,Kharif,Other Cereals & Millets,17527,19506,1.112911508
Uttarakhand,PAURI GARHWAL,2007,Kharif,Other Kharif pulses,903,658,0.728682171
Uttarakhand,PAURI GARHWAL,2007,Kharif,other oilseeds,8,4,0.5
Uttarakhand,PAURI GARHWAL,2007,Kharif,Potato,116,870,7.5
Uttarakhand,PAURI GARHWAL,2007,Kharif,Ragi,26135,32789,1.25460111
Uttarakhand,PAURI GARHWAL,2007,Kharif,Rice,21179,20499,0.967892724
Uttarakhand,PAURI GARHWAL,2007,Kharif,Sesamum,93,19,0.204301075
Uttarakhand,PAURI GARHWAL,2007,Kharif,Soyabean,313,250,0.798722045
Uttarakhand,PAURI GARHWAL,2007,Kharif,Urad,3479,2825,0.812014947
Uttarakhand,PAURI GARHWAL,2007,Rabi,Barley,6558,5514,0.840805124
Uttarakhand,PAURI GARHWAL,2007,Rabi,Gram,199,85,0.427135678
Uttarakhand,PAURI GARHWAL,2007,Rabi,Masoor,994,398,0.400402414
Uttarakhand,PAURI GARHWAL,2007,Rabi,Other  Rabi pulses,7,3,0.428571429
Uttarakhand,PAURI GARHWAL,2007,Rabi,Other Cereals & Millets,121,91,0.752066116
Uttarakhand,PAURI GARHWAL,2007,Rabi,Peas & beans (Pulses),20,12,0.6
Uttarakhand,PAURI GARHWAL,2007,Rabi,Potato,527,3953,7.500948767
Uttarakhand,PAURI GARHWAL,2007,Rabi,Rapeseed &Mustard,834,396,0.474820144
Uttarakhand,PAURI GARHWAL,2007,Rabi,Wheat,31068,29201,0.939906013
Uttarakhand,PAURI GARHWAL,2007,Whole Year,Dry ginger,47,376,8
Uttarakhand,PAURI GARHWAL,2007,Whole Year,Garlic,35,63,1.8
Uttarakhand,PAURI GARHWAL,2007,Whole Year,Onion,480,1920,4
Uttarakhand,PAURI GARHWAL,2007,Whole Year,Sugarcane,5,310,62
Uttarakhand,PAURI GARHWAL,2007,Whole Year,Turmeric,1,2,2
Uttarakhand,PAURI GARHWAL,2008,Kharif,Arhar/Tur,266,200,0.751879699
Uttarakhand,PAURI GARHWAL,2008,Kharif,Horse-gram,1515,1224,0.807920792
Uttarakhand,PAURI GARHWAL,2008,Kharif,Maize,2069,1761,0.851135814
Uttarakhand,PAURI GARHWAL,2008,Kharif,Other Cereals & Millets,17249,20418,1.183720795
Uttarakhand,PAURI GARHWAL,2008,Kharif,Other Kharif pulses,890,634,0.712359551
Uttarakhand,PAURI GARHWAL,2008,Kharif,other oilseeds,6,3,0.5
Uttarakhand,PAURI GARHWAL,2008,Kharif,Potato,165,2063,12.5030303
Uttarakhand,PAURI GARHWAL,2008,Kharif,Ragi,25359,33073,1.304191806
Uttarakhand,PAURI GARHWAL,2008,Kharif,Rice,19373,20652,1.066019718
Uttarakhand,PAURI GARHWAL,2008,Kharif,Sesamum,92,17,0.184782609
Uttarakhand,PAURI GARHWAL,2008,Kharif,Soyabean,278,202,0.726618705
Uttarakhand,PAURI GARHWAL,2008,Kharif,Urad,3734,2289,0.613015533
Uttarakhand,PAURI GARHWAL,2008,Rabi,Barley,6156,4223,0.685997401
Uttarakhand,PAURI GARHWAL,2008,Rabi,Gram,75,17,0.226666667
Uttarakhand,PAURI GARHWAL,2008,Rabi,Masoor,863,388,0.449594438
Uttarakhand,PAURI GARHWAL,2008,Rabi,Other  Rabi pulses,1,,
Uttarakhand,PAURI GARHWAL,2008,Rabi,Other Cereals & Millets,439,303,0.690205011
Uttarakhand,PAURI GARHWAL,2008,Rabi,other oilseeds,2,1,0.5
Uttarakhand,PAURI GARHWAL,2008,Rabi,Peas & beans (Pulses),5,2,0.4
Uttarakhand,PAURI GARHWAL,2008,Rabi,Potato,472,5217,11.0529661
Uttarakhand,PAURI GARHWAL,2008,Rabi,Rapeseed &Mustard,646,210,0.325077399
Uttarakhand,PAURI GARHWAL,2008,Rabi,Wheat,29334,20847,0.71067703
Uttarakhand,PAURI GARHWAL,2008,Whole Year,Dry ginger,82,779,9.5
Uttarakhand,PAURI GARHWAL,2008,Whole Year,Garlic,36,59,1.638888889
Uttarakhand,PAURI GARHWAL,2008,Whole Year,Onion,488,1952,4
Uttarakhand,PAURI GARHWAL,2008,Whole Year,Turmeric,1,2,2
Uttarakhand,PAURI GARHWAL,2009,Kharif,Arhar/Tur,173,130,0.751445087
Uttarakhand,PAURI GARHWAL,2009,Kharif,Horse-gram,1875,677,0.361066667
Uttarakhand,PAURI GARHWAL,2009,Kharif,Maize,2093,1781,0.850931677
Uttarakhand,PAURI GARHWAL,2009,Kharif,Other Cereals & Millets,46,16,0.347826087
Uttarakhand,PAURI GARHWAL,2009,Kharif,Other Kharif pulses,379,358,0.944591029
Uttarakhand,PAURI GARHWAL,2009,Kharif,Potato,173,1816,10.49710983
Uttarakhand,PAURI GARHWAL,2009,Kharif,Ragi,23441,26100,1.113433727
Uttarakhand,PAURI GARHWAL,2009,Kharif,Rice,18829,20304,1.078336608
Uttarakhand,PAURI GARHWAL,2009,Kharif,Sesamum,91,16,0.175824176
Uttarakhand,PAURI GARHWAL,2009,Kharif,Small millets,16559,18299,1.105078809
Uttarakhand,PAURI GARHWAL,2009,Kharif,Soyabean,266,186,0.69924812
Uttarakhand,PAURI GARHWAL,2009,Kharif,Urad,3114,1909,0.613037893
Uttarakhand,PAURI GARHWAL,2009,Rabi,Barley,5858,5524,0.942983954
Uttarakhand,PAURI GARHWAL,2009,Rabi,Gram,145,50,0.344827586
Uttarakhand,PAURI GARHWAL,2009,Rabi,Masoor,842,557,0.66152019
Uttarakhand,PAURI GARHWAL,2009,Rabi,Other  Rabi pulses,5,3,0.6
Uttarakhand,PAURI GARHWAL,2009,Rabi,Other Cereals & Millets,3,3,1
Uttarakhand,PAURI GARHWAL,2009,Rabi,other oilseeds,4,2,0.5
Uttarakhand,PAURI GARHWAL,2009,Rabi,Peas & beans (Pulses),20,8,0.4
Uttarakhand,PAURI GARHWAL,2009,Rabi,Potato,480,4097,8.535416667
Uttarakhand,PAURI GARHWAL,2009,Rabi,Rapeseed &Mustard,733,275,0.375170532
Uttarakhand,PAURI GARHWAL,2009,Rabi,Wheat,28246,25523,0.903596969
Uttarakhand,PAURI GARHWAL,2009,Whole Year,Dry ginger,51,485,9.509803922
Uttarakhand,PAURI GARHWAL,2009,Whole Year,Garlic,58,122,2.103448276
Uttarakhand,PAURI GARHWAL,2009,Whole Year,Onion,583,2043,3.504288165
Uttarakhand,PAURI GARHWAL,2009,Whole Year,Turmeric,1,1,1
Uttarakhand,PAURI GARHWAL,2010,Kharif,Arhar/Tur,437,268,0.613272311
Uttarakhand,PAURI GARHWAL,2010,Kharif,Horse-gram,1479,1124,0.759972955
Uttarakhand,PAURI GARHWAL,2010,Kharif,Maize,1952,1708,0.875
Uttarakhand,PAURI GARHWAL,2010,Kharif,Other Cereals & Millets,16696,18265,1.093974605
Uttarakhand,PAURI GARHWAL,2010,Kharif,Other Kharif pulses,472,322,0.68220339
Uttarakhand,PAURI GARHWAL,2010,Kharif,other oilseeds,13,6,0.461538462
Uttarakhand,PAURI GARHWAL,2010,Kharif,Potato,65,580,8.923076923
Uttarakhand,PAURI GARHWAL,2010,Kharif,Ragi,22794,26877,1.179126086
Uttarakhand,PAURI GARHWAL,2010,Kharif,Rice,17180,18646,1.085331781
Uttarakhand,PAURI GARHWAL,2010,Kharif,Sesamum,81,16,0.197530864
Uttarakhand,PAURI GARHWAL,2010,Kharif,Soyabean,382,274,0.717277487
Uttarakhand,PAURI GARHWAL,2010,Kharif,Urad,3291,2691,0.817684594
Uttarakhand,PAURI GARHWAL,2010,Rabi,Barley,5896,6382,1.082428765
Uttarakhand,PAURI GARHWAL,2010,Rabi,Gram,93,71,0.76344086
Uttarakhand,PAURI GARHWAL,2010,Rabi,Masoor,960,508,0.529166667
Uttarakhand,PAURI GARHWAL,2010,Rabi,Other Cereals & Millets,5,5,1
Uttarakhand,PAURI GARHWAL,2010,Rabi,Peas & beans (Pulses),46,26,0.565217391
Uttarakhand,PAURI GARHWAL,2010,Rabi,Potato,378,3386,8.957671958
Uttarakhand,PAURI GARHWAL,2010,Rabi,Rapeseed &Mustard,1203,674,0.560266002
Uttarakhand,PAURI GARHWAL,2010,Rabi,Wheat,28243,32893,1.164642566
Uttarakhand,PAURI GARHWAL,2010,Whole Year,Dry ginger,78,509,6.525641026
Uttarakhand,PAURI GARHWAL,2010,Whole Year,Garlic,88,130,1.477272727
Uttarakhand,PAURI GARHWAL,2010,Whole Year,Onion,502,2536,5.051792829
Uttarakhand,PAURI GARHWAL,2010,Whole Year,Turmeric,1,2,2
Uttarakhand,PAURI GARHWAL,2011,Kharif,Arhar/Tur,154,110,0.714285714
Uttarakhand,PAURI GARHWAL,2011,Kharif,Horse-gram,1843,1294,0.702116115
Uttarakhand,PAURI GARHWAL,2011,Kharif,Maize,2435,2195,0.901437372
Uttarakhand,PAURI GARHWAL,2011,Kharif,Other Kharif pulses,376,254,0.675531915
Uttarakhand,PAURI GARHWAL,2011,Kharif,Potato,134,1550,11.56716418
Uttarakhand,PAURI GARHWAL,2011,Kharif,Ragi,21641,28377,1.311261032
Uttarakhand,PAURI GARHWAL,2011,Kharif,Rice,15980,18438,1.153817272
Uttarakhand,PAURI GARHWAL,2011,Kharif,Sesamum,52,10,0.192307692
Uttarakhand,PAURI GARHWAL,2011,Kharif,Small millets,15536,19438,1.251158599
Uttarakhand,PAURI GARHWAL,2011,Kharif,Soyabean,380,93,0.244736842
Uttarakhand,PAURI GARHWAL,2011,Kharif,Sunflower,10,4,0.4
Uttarakhand,PAURI GARHWAL,2011,Kharif,Urad,3553,3156,0.888263439
Uttarakhand,PAURI GARHWAL,2011,Rabi,Barley,6044,6426,1.063203177
Uttarakhand,PAURI GARHWAL,2011,Rabi,Gram,87,66,0.75862069
Uttarakhand,PAURI GARHWAL,2011,Rabi,Masoor,847,505,0.59622196
Uttarakhand,PAURI GARHWAL,2011,Rabi,Other Cereals & Millets,73,55,0.753424658
Uttarakhand,PAURI GARHWAL,2011,Rabi,Peas & beans (Pulses),25,18,0.72
Uttarakhand,PAURI GARHWAL,2011,Rabi,Potato,290,2878,9.924137931
Uttarakhand,PAURI GARHWAL,2011,Rabi,Rapeseed &Mustard,1204,632,0.524916944
Uttarakhand,PAURI GARHWAL,2011,Rabi,Wheat,25293,32345,1.27881232
Uttarakhand,PAURI GARHWAL,2011,Whole Year,Garlic,125,400,3.2
Uttarakhand,PAURI GARHWAL,2011,Whole Year,Ginger,95,665,7
Uttarakhand,PAURI GARHWAL,2011,Whole Year,Onion,513,2309,4.500974659
Uttarakhand,PAURI GARHWAL,2011,Whole Year,Turmeric,49,343,7
Uttarakhand,PAURI GARHWAL,2012,Kharif,Arhar/Tur,307,268,0.872964169
Uttarakhand,PAURI GARHWAL,2012,Kharif,Horse-gram,1824,1069,0.586074561
Uttarakhand,PAURI GARHWAL,2012,Kharif,Maize,2124,2166,1.019774011
Uttarakhand,PAURI GARHWAL,2012,Kharif,Other Kharif pulses,321,307,0.956386293
Uttarakhand,PAURI GARHWAL,2012,Kharif,Potato,171,1796,10.50292398
Uttarakhand,PAURI GARHWAL,2012,Kharif,Ragi,22065,30360,1.375934738
Uttarakhand,PAURI GARHWAL,2012,Kharif,Rice,15526,18211,1.172935721
Uttarakhand,PAURI GARHWAL,2012,Kharif,Sesamum,52,17,0.326923077
Uttarakhand,PAURI GARHWAL,2012,Kharif,Small millets,15014,18013,1.199746903
Uttarakhand,PAURI GARHWAL,2012,Kharif,Soyabean,319,198,0.620689655
Uttarakhand,PAURI GARHWAL,2012,Kharif,Urad,3629,2983,0.821989529
Uttarakhand,PAURI GARHWAL,2012,Rabi,Barley,5942,7392,1.244025581
Uttarakhand,PAURI GARHWAL,2012,Rabi,Gram,23,17,0.739130435
Uttarakhand,PAURI GARHWAL,2012,Rabi,Masoor,1493,1190,0.797052914
Uttarakhand,PAURI GARHWAL,2012,Rabi,Other Cereals & Millets,255,192,0.752941176
Uttarakhand,PAURI GARHWAL,2012,Rabi,Peas & beans (Pulses),9,6,0.666666667
Uttarakhand,PAURI GARHWAL,2012,Rabi,Potato,291,2561,8.800687285
Uttarakhand,PAURI GARHWAL,2012,Rabi,Rapeseed &Mustard,1209,632,0.522746071
Uttarakhand,PAURI GARHWAL,2012,Rabi,Wheat,22730,31016,1.364540255
Uttarakhand,PAURI GARHWAL,2012,Whole Year,Garlic,133,386,2.902255639
Uttarakhand,PAURI GARHWAL,2012,Whole Year,Ginger,158,1359,8.601265823
Uttarakhand,PAURI GARHWAL,2012,Whole Year,Onion,626,2820,4.504792332
Uttarakhand,PAURI GARHWAL,2012,Whole Year,Turmeric,38,247,6.5
Uttarakhand,PAURI GARHWAL,2013,Kharif,Arhar/Tur,248,216,0.870967742
Uttarakhand,PAURI GARHWAL,2013,Kharif,Horse-gram,2111,1526,0.722880152
Uttarakhand,PAURI GARHWAL,2013,Kharif,Maize,2095,2136,1.019570406
Uttarakhand,PAURI GARHWAL,2013,Kharif,Other Kharif pulses,297,283,0.952861953
Uttarakhand,PAURI GARHWAL,2013,Kharif,Potato,108,938,8.685185185
Uttarakhand,PAURI GARHWAL,2013,Kharif,Ragi,19798,25075,1.266542075
Uttarakhand,PAURI GARHWAL,2013,Kharif,Rice,13923,17909,1.286288875
Uttarakhand,PAURI GARHWAL,2013,Kharif,Sesamum,51,16,0.31372549
Uttarakhand,PAURI GARHWAL,2013,Kharif,Small millets,15122,18321,1.211546092
Uttarakhand,PAURI GARHWAL,2013,Kharif,Soyabean,322,199,0.618012422
Uttarakhand,PAURI GARHWAL,2013,Kharif,Sunflower,23,22,0.956521739
Uttarakhand,PAURI GARHWAL,2013,Kharif,Urad,3855,2789,0.723476005
Uttarakhand,PAURI GARHWAL,2013,Rabi,Barley,6042,7450,1.233035419
Uttarakhand,PAURI GARHWAL,2013,Rabi,Gram,23,17,0.739130435
Uttarakhand,PAURI GARHWAL,2013,Rabi,Masoor,790,499,0.63164557
Uttarakhand,PAURI GARHWAL,2013,Rabi,Peas & beans (Pulses),18,12,0.666666667
Uttarakhand,PAURI GARHWAL,2013,Rabi,Potato,298,2750,9.228187919
Uttarakhand,PAURI GARHWAL,2013,Rabi,Rapeseed &Mustard,1084,569,0.524907749
Uttarakhand,PAURI GARHWAL,2013,Rabi,Wheat,22431,30675,1.367527083
Uttarakhand,PAURI GARHWAL,2013,Whole Year,Garlic,131,194,1.480916031
Uttarakhand,PAURI GARHWAL,2013,Whole Year,Ginger,171,1501,8.777777778
Uttarakhand,PAURI GARHWAL,2013,Whole Year,Onion,593,2699,4.55143339
Uttarakhand,PAURI GARHWAL,2013,Whole Year,Turmeric,80,138,1.725
Uttarakhand,PAURI GARHWAL,2014,Kharif,Arhar/Tur,361,315,0.872576177
Uttarakhand,PAURI GARHWAL,2014,Kharif,Ginger,154,1343,8.720779221
Uttarakhand,PAURI GARHWAL,2014,Kharif,Horse-gram,2286,1529,0.668853893
Uttarakhand,PAURI GARHWAL,2014,Kharif,Maize,2348,4118,1.753833049
Uttarakhand,PAURI GARHWAL,2014,Kharif,Other Cereals & Millets,16,8,0.5
Uttarakhand,PAURI GARHWAL,2014,Kharif,Other Kharif pulses,501,491,0.98003992
Uttarakhand,PAURI GARHWAL,2014,Kharif,Potato,49,211,4.306122449
Uttarakhand,PAURI GARHWAL,2014,Kharif,Pulses total,8309,5609,0.675051149
Uttarakhand,PAURI GARHWAL,2014,Kharif,Ragi,20634,28065,1.36013376
Uttarakhand,PAURI GARHWAL,2014,Kharif,Rice,14566,17359,1.191747906
Uttarakhand,PAURI GARHWAL,2014,Kharif,Sesamum,38,13,0.342105263
Uttarakhand,PAURI GARHWAL,2014,Kharif,Small millets,14005,17113,1.221920743
Uttarakhand,PAURI GARHWAL,2014,Kharif,Soyabean,351,99,0.282051282
Uttarakhand,PAURI GARHWAL,2014,Kharif,Total foodgrain,58945,71602,1.214725592
Uttarakhand,PAURI GARHWAL,2014,Kharif,Urad,4228,2604,0.61589404
Uttarakhand,PAURI GARHWAL,2014,Rabi,Barley,6192,7004,1.131136951
Uttarakhand,PAURI GARHWAL,2014,Rabi,Gram,20,13,0.65
Uttarakhand,PAURI GARHWAL,2014,Rabi,Lentil,1028,518,0.503891051
Uttarakhand,PAURI GARHWAL,2014,Rabi,Masoor,1028,518,0.503891051
Uttarakhand,PAURI GARHWAL,2014,Rabi,Other Cereals & Millets,193,147,0.761658031
Uttarakhand,PAURI GARHWAL,2014,Rabi,Peas & beans (Pulses),59,41,0.694915254
Uttarakhand,PAURI GARHWAL,2014,Rabi,Potato,540,5173,9.57962963
Uttarakhand,PAURI GARHWAL,2014,Rabi,Pulses total,1232,640,0.519480519
Uttarakhand,PAURI GARHWAL,2014,Rabi,Rapeseed &Mustard,1706,896,0.525205158
Uttarakhand,PAURI GARHWAL,2014,Rabi,Total foodgrain,28344,32870,1.159681061
Uttarakhand,PAURI GARHWAL,2014,Rabi,Wheat,20852,25147,1.205975446
Uttarakhand,PAURI GARHWAL,2014,Whole Year,Garlic,261,386,1.478927203
Uttarakhand,PAURI GARHWAL,2014,Whole Year,Ginger,153,1334,8.718954248
Uttarakhand,PAURI GARHWAL,2014,Whole Year,Onion,824,3686,4.473300971
Uttarakhand,PAURI GARHWAL,2014,Whole Year,Pulses total,9541,6250,0.655067603
Uttarakhand,PAURI GARHWAL,2014,Whole Year,Rice,14566,17359,1.191747906
Uttarakhand,PAURI GARHWAL,2014,Whole Year,Sunflower,17,16,0.941176471
Uttarakhand,PAURI GARHWAL,2014,Whole Year,Total foodgrain,87289,104472,1.196851837
Uttarakhand,PAURI GARHWAL,2014,Whole Year,Turmeric,116,196,1.689655172
Uttarakhand,PITHORAGARH,2000,Kharif,Horse-gram,134,80,0.597014925
Uttarakhand,PITHORAGARH,2000,Kharif,Maize,3586,4665,1.300892359
Uttarakhand,PITHORAGARH,2000,Kharif,Other Cereals & Millets,1827,457,0.250136836
Uttarakhand,PITHORAGARH,2000,Kharif,Other Kharif pulses,1988,1136,0.571428571
Uttarakhand,PITHORAGARH,2000,Kharif,Ragi,8717,11608,1.331650797
Uttarakhand,PITHORAGARH,2000,Kharif,Rice,23052,26656,1.156342183
Uttarakhand,PITHORAGARH,2000,Kharif,Sesamum,213,33,0.154929577
Uttarakhand,PITHORAGARH,2000,Kharif,Small millets,950,1338,1.408421053
Uttarakhand,PITHORAGARH,2000,Kharif,Soyabean,1169,818,0.69974337
Uttarakhand,PITHORAGARH,2000,Kharif,Sunflower,164,164,1
Uttarakhand,PITHORAGARH,2000,Kharif,Urad,672,336,0.5
Uttarakhand,PITHORAGARH,2000,Rabi,Barley,3401,4878,1.434284034
Uttarakhand,PITHORAGARH,2000,Rabi,Gram,28,18,0.642857143
Uttarakhand,PITHORAGARH,2000,Rabi,Masoor,4347,2174,0.500115022
Uttarakhand,PITHORAGARH,2000,Rabi,Other Cereals & Millets,279,279,1
Uttarakhand,PITHORAGARH,2000,Rabi,Peas & beans (Pulses),30,23,0.766666667
Uttarakhand,PITHORAGARH,2000,Rabi,Potato,532,10204,19.18045113
Uttarakhand,PITHORAGARH,2000,Rabi,Rapeseed &Mustard,457,229,0.501094092
Uttarakhand,PITHORAGARH,2000,Rabi,Wheat,26883,36139,1.344306811
Uttarakhand,PITHORAGARH,2000,Whole Year,Dry ginger,66,275,4.166666667
Uttarakhand,PITHORAGARH,2000,Whole Year,Garlic,85,102,1.2
Uttarakhand,PITHORAGARH,2000,Whole Year,Onion,265,1402,5.290566038
Uttarakhand,PITHORAGARH,2000,Whole Year,Tobacco,5,38,7.6
Uttarakhand,PITHORAGARH,2001,Kharif,Maize,4948,6195,1.252021019
Uttarakhand,PITHORAGARH,2001,Kharif,Other Cereals & Millets,2987,747,0.250083696
Uttarakhand,PITHORAGARH,2001,Kharif,Other Kharif pulses,1793,991,0.552704964
Uttarakhand,PITHORAGARH,2001,Kharif,Ragi,8416,10723,1.274120722
Uttarakhand,PITHORAGARH,2001,Kharif,Rice,23070,28672,1.242826181
Uttarakhand,PITHORAGARH,2001,Kharif,Sesamum,10,2,0.2
Uttarakhand,PITHORAGARH,2001,Kharif,Small millets,1217,1549,1.272801972
Uttarakhand,PITHORAGARH,2001,Kharif,Soyabean,1207,785,0.650372825
Uttarakhand,PITHORAGARH,2001,Kharif,Urad,776,571,0.735824742
Uttarakhand,PITHORAGARH,2001,Rabi,Barley,3472,4115,1.185195853
Uttarakhand,PITHORAGARH,2001,Rabi,Gram,21,16,0.761904762
Uttarakhand,PITHORAGARH,2001,Rabi,Masoor,4268,2130,0.499062793
Uttarakhand,PITHORAGARH,2001,Rabi,Other  Rabi pulses,12,5,0.416666667
Uttarakhand,PITHORAGARH,2001,Rabi,Other Cereals & Millets,221,262,1.185520362
Uttarakhand,PITHORAGARH,2001,Rabi,other oilseeds,12,6,0.5
Uttarakhand,PITHORAGARH,2001,Rabi,Peas & beans (Pulses),23,16,0.695652174
Uttarakhand,PITHORAGARH,2001,Rabi,Potato,320,7232,22.6
Uttarakhand,PITHORAGARH,2001,Rabi,Rapeseed &Mustard,245,125,0.510204082
Uttarakhand,PITHORAGARH,2001,Rabi,Wheat,28203,42374,1.502464277
Uttarakhand,PITHORAGARH,2001,Whole Year,Dry ginger,55,293,5.327272727
Uttarakhand,PITHORAGARH,2001,Whole Year,Garlic,76,94,1.236842105
Uttarakhand,PITHORAGARH,2001,Whole Year,Onion,234,714,3.051282051
Uttarakhand,PITHORAGARH,2001,Whole Year,Tobacco,6,46,7.666666667
Uttarakhand,PITHORAGARH,2002,Kharif,Horse-gram,267,147,0.550561798
Uttarakhand,PITHORAGARH,2002,Kharif,Maize,3290,3237,0.983890578
Uttarakhand,PITHORAGARH,2002,Kharif,Other Cereals & Millets,2210,553,0.250226244
Uttarakhand,PITHORAGARH,2002,Kharif,Other Kharif pulses,1861,1037,0.557227297
Uttarakhand,PITHORAGARH,2002,Kharif,Potato,359,8114,22.60167131
Uttarakhand,PITHORAGARH,2002,Kharif,Ragi,9135,11710,1.281882868
Uttarakhand,PITHORAGARH,2002,Kharif,Rice,23911,29266,1.223955502
Uttarakhand,PITHORAGARH,2002,Kharif,Sesamum,27,4,0.148148148
Uttarakhand,PITHORAGARH,2002,Kharif,Small millets,901,1123,1.246392897
Uttarakhand,PITHORAGARH,2002,Kharif,Soyabean,1513,908,0.600132188
Uttarakhand,PITHORAGARH,2002,Kharif,Urad,699,287,0.410586552
Uttarakhand,PITHORAGARH,2002,Rabi,Barley,3518,5535,1.573337123
Uttarakhand,PITHORAGARH,2002,Rabi,Gram,70,43,0.614285714
Uttarakhand,PITHORAGARH,2002,Rabi,Masoor,4369,1791,0.409933623
Uttarakhand,PITHORAGARH,2002,Rabi,Other  Rabi pulses,18,7,0.388888889
Uttarakhand,PITHORAGARH,2002,Rabi,Other Cereals & Millets,254,254,1
Uttarakhand,PITHORAGARH,2002,Rabi,other oilseeds,363,174,0.479338843
Uttarakhand,PITHORAGARH,2002,Rabi,Peas & beans (Pulses),116,81,0.698275862
Uttarakhand,PITHORAGARH,2002,Rabi,Potato,594,13424,22.5993266
Uttarakhand,PITHORAGARH,2002,Rabi,Rapeseed &Mustard,321,154,0.479750779
Uttarakhand,PITHORAGARH,2002,Rabi,Wheat,27462,36862,1.342291166
Uttarakhand,PITHORAGARH,2002,Whole Year,Dry ginger,87,422,4.850574713
Uttarakhand,PITHORAGARH,2002,Whole Year,Garlic,148,192,1.297297297
Uttarakhand,PITHORAGARH,2002,Whole Year,Onion,350,1068,3.051428571
Uttarakhand,PITHORAGARH,2002,Whole Year,Tobacco,4,31,7.75
Uttarakhand,PITHORAGARH,2003,Kharif,Arhar/Tur,14,10,0.714285714
Uttarakhand,PITHORAGARH,2003,Kharif,Horse-gram,118,96,0.813559322
Uttarakhand,PITHORAGARH,2003,Kharif,Maize,3616,4480,1.238938053
Uttarakhand,PITHORAGARH,2003,Kharif,Other Cereals & Millets,3168,2466,0.778409091
Uttarakhand,PITHORAGARH,2003,Kharif,Other Kharif pulses,1725,902,0.522898551
Uttarakhand,PITHORAGARH,2003,Kharif,other oilseeds,21,11,0.523809524
Uttarakhand,PITHORAGARH,2003,Kharif,Ragi,7050,10385,1.473049645
Uttarakhand,PITHORAGARH,2003,Kharif,Rice,19629,25879,1.318406439
Uttarakhand,PITHORAGARH,2003,Kharif,Sesamum,24,3,0.125
Uttarakhand,PITHORAGARH,2003,Kharif,Soyabean,1145,1718,1.500436681
Uttarakhand,PITHORAGARH,2003,Kharif,Urad,845,330,0.390532544
Uttarakhand,PITHORAGARH,2003,Rabi,Barley,3698,4407,1.191725257
Uttarakhand,PITHORAGARH,2003,Rabi,Gram,5,3,0.6
Uttarakhand,PITHORAGARH,2003,Rabi,Masoor,3747,2398,0.63997865
Uttarakhand,PITHORAGARH,2003,Rabi,Other  Rabi pulses,2,1,0.5
Uttarakhand,PITHORAGARH,2003,Rabi,Other Cereals & Millets,200,241,1.205
Uttarakhand,PITHORAGARH,2003,Rabi,other oilseeds,70,22,0.314285714
Uttarakhand,PITHORAGARH,2003,Rabi,Peas & beans (Pulses),73,53,0.726027397
Uttarakhand,PITHORAGARH,2003,Rabi,Rapeseed &Mustard,511,317,0.62035225
Uttarakhand,PITHORAGARH,2003,Rabi,Wheat,25348,31179,1.230037873
Uttarakhand,PITHORAGARH,2003,Whole Year,Dry ginger,102,408,4
Uttarakhand,PITHORAGARH,2003,Whole Year,Garlic,151,,
Uttarakhand,PITHORAGARH,2003,Whole Year,Onion,274,3151,11.5
Uttarakhand,PITHORAGARH,2003,Whole Year,Potato,425,5950,14
Uttarakhand,PITHORAGARH,2004,Kharif,Horse-gram,377,279,0.74005305
Uttarakhand,PITHORAGARH,2004,Kharif,Maize,2960,3546,1.197972973
Uttarakhand,PITHORAGARH,2004,Kharif,Other Cereals & Millets,3262,3068,0.940527284
Uttarakhand,PITHORAGARH,2004,Kharif,Other Kharif pulses,1976,1084,0.548582996
Uttarakhand,PITHORAGARH,2004,Kharif,other oilseeds,31,28,0.903225806
Uttarakhand,PITHORAGARH,2004,Kharif,Ragi,10159,14568,1.433999409
Uttarakhand,PITHORAGARH,2004,Kharif,Rice,25060,32672,1.303750998
Uttarakhand,PITHORAGARH,2004,Kharif,Sesamum,21,5,0.238095238
Uttarakhand,PITHORAGARH,2004,Kharif,Soyabean,1343,1704,1.268801191
Uttarakhand,PITHORAGARH,2004,Kharif,Urad,805,346,0.429813665
Uttarakhand,PITHORAGARH,2004,Rabi,Barley,4389,6818,1.553429027
Uttarakhand,PITHORAGARH,2004,Rabi,Gram,18,13,0.722222222
Uttarakhand,PITHORAGARH,2004,Rabi,Masoor,4807,2884,0.599958394
Uttarakhand,PITHORAGARH,2004,Rabi,Other  Rabi pulses,194,123,0.634020619
Uttarakhand,PITHORAGARH,2004,Rabi,Other Cereals & Millets,247,392,1.587044534
Uttarakhand,PITHORAGARH,2004,Rabi,other oilseeds,9,5,0.555555556
Uttarakhand,PITHORAGARH,2004,Rabi,Peas & beans (Pulses),34,20,0.588235294
Uttarakhand,PITHORAGARH,2004,Rabi,Rapeseed &Mustard,530,318,0.6
Uttarakhand,PITHORAGARH,2004,Rabi,Wheat,27728,46059,1.661100692
Uttarakhand,PITHORAGARH,2004,Whole Year,Dry ginger,107,482,4.504672897
Uttarakhand,PITHORAGARH,2004,Whole Year,Onion,287,1722,6
Uttarakhand,PITHORAGARH,2004,Whole Year,Potato,667,7337,11
Uttarakhand,PITHORAGARH,2005,Kharif,Groundnut,44,43,0.977272727
Uttarakhand,PITHORAGARH,2005,Kharif,Horse-gram,323,288,0.891640867
Uttarakhand,PITHORAGARH,2005,Kharif,Maize,3585,3657,1.020083682
Uttarakhand,PITHORAGARH,2005,Kharif,Other Cereals & Millets,2478,2251,0.908393866
Uttarakhand,PITHORAGARH,2005,Kharif,Other Kharif pulses,1842,1073,0.582519001
Uttarakhand,PITHORAGARH,2005,Kharif,other oilseeds,21,9,0.428571429
Uttarakhand,PITHORAGARH,2005,Kharif,Ragi,8511,12142,1.426624368
Uttarakhand,PITHORAGARH,2005,Kharif,Rice,22696,28472,1.254494184
Uttarakhand,PITHORAGARH,2005,Kharif,Sesamum,25,6,0.24
Uttarakhand,PITHORAGARH,2005,Kharif,Soyabean,1734,2915,1.681084198
Uttarakhand,PITHORAGARH,2005,Kharif,Urad,712,406,0.570224719
Uttarakhand,PITHORAGARH,2005,Rabi,Barley,3382,4025,1.190124187
Uttarakhand,PITHORAGARH,2005,Rabi,Gram,29,16,0.551724138
Uttarakhand,PITHORAGARH,2005,Rabi,Masoor,4341,2474,0.569914766
Uttarakhand,PITHORAGARH,2005,Rabi,Other Cereals & Millets,327,360,1.100917431
Uttarakhand,PITHORAGARH,2005,Rabi,Peas & beans (Pulses),42,23,0.547619048
Uttarakhand,PITHORAGARH,2005,Rabi,Rapeseed &Mustard,508,279,0.549212598
Uttarakhand,PITHORAGARH,2005,Rabi,Wheat,26082,31728,1.21647113
Uttarakhand,PITHORAGARH,2005,Whole Year,Dry ginger,63,252,4
Uttarakhand,PITHORAGARH,2005,Whole Year,Onion,293,2930,10
Uttarakhand,PITHORAGARH,2005,Whole Year,Potato,511,5621,11
Uttarakhand,PITHORAGARH,2006,Kharif,Horse-gram,1319,1075,0.815011372
Uttarakhand,PITHORAGARH,2006,Kharif,Maize,3282,3446,1.049969531
Uttarakhand,PITHORAGARH,2006,Kharif,Other Cereals & Millets,803,340,0.423412204
Uttarakhand,PITHORAGARH,2006,Kharif,Other Kharif pulses,1473,1022,0.693822132
Uttarakhand,PITHORAGARH,2006,Kharif,other oilseeds,5,3,0.6
Uttarakhand,PITHORAGARH,2006,Kharif,Potato,393,4716,12
Uttarakhand,PITHORAGARH,2006,Kharif,Ragi,7921,12007,1.515843959
Uttarakhand,PITHORAGARH,2006,Kharif,Rice,21000,27134,1.292095238
Uttarakhand,PITHORAGARH,2006,Kharif,Sesamum,52,10,0.192307692
Uttarakhand,PITHORAGARH,2006,Kharif,Small millets,1160,1666,1.436206897
Uttarakhand,PITHORAGARH,2006,Kharif,Soyabean,1109,1650,1.487826871
Uttarakhand,PITHORAGARH,2006,Kharif,Urad,963,568,0.589823468
Uttarakhand,PITHORAGARH,2006,Rabi,Barley,3490,4811,1.378510029
Uttarakhand,PITHORAGARH,2006,Rabi,Gram,26,12,0.461538462
Uttarakhand,PITHORAGARH,2006,Rabi,Masoor,4225,1268,0.300118343
Uttarakhand,PITHORAGARH,2006,Rabi,Other Cereals & Millets,242,,
Uttarakhand,PITHORAGARH,2006,Rabi,other oilseeds,17,8,0.470588235
Uttarakhand,PITHORAGARH,2006,Rabi,Peas & beans (Pulses),71,32,0.450704225
Uttarakhand,PITHORAGARH,2006,Rabi,Potato,508,4572,9
Uttarakhand,PITHORAGARH,2006,Rabi,Rapeseed &Mustard,589,147,0.249575552
Uttarakhand,PITHORAGARH,2006,Rabi,Wheat,24923,38536,1.546202303
Uttarakhand,PITHORAGARH,2006,Whole Year,Dry ginger,69,518,7.507246377
Uttarakhand,PITHORAGARH,2006,Whole Year,Garlic,161,209,1.298136646
Uttarakhand,PITHORAGARH,2006,Whole Year,Onion,315,1890,6
Uttarakhand,PITHORAGARH,2006,Whole Year,Tobacco,1,4,4
Uttarakhand,PITHORAGARH,2006,Whole Year,Turmeric,89,205,2.303370787
Uttarakhand,PITHORAGARH,2007,Kharif,Dry chillies,330,99,0.3
Uttarakhand,PITHORAGARH,2007,Kharif,Groundnut,2,1,0.5
Uttarakhand,PITHORAGARH,2007,Kharif,Horse-gram,484,392,0.809917355
Uttarakhand,PITHORAGARH,2007,Kharif,Maize,2975,3168,1.06487395
Uttarakhand,PITHORAGARH,2007,Kharif,Other Cereals & Millets,1977,1745,0.882650481
Uttarakhand,PITHORAGARH,2007,Kharif,Other Kharif pulses,1946,1546,0.794450154
Uttarakhand,PITHORAGARH,2007,Kharif,other oilseeds,6,3,0.5
Uttarakhand,PITHORAGARH,2007,Kharif,Potato,372,1618,4.349462366
Uttarakhand,PITHORAGARH,2007,Kharif,Ragi,8171,12676,1.551340105
Uttarakhand,PITHORAGARH,2007,Kharif,Rice,21247,28915,1.360898009
Uttarakhand,PITHORAGARH,2007,Kharif,Sesamum,22,4,0.181818182
Uttarakhand,PITHORAGARH,2007,Kharif,Soyabean,1129,1524,1.349867139
Uttarakhand,PITHORAGARH,2007,Kharif,Urad,846,398,0.470449173
Uttarakhand,PITHORAGARH,2007,Rabi,Barley,3804,4794,1.260252366
Uttarakhand,PITHORAGARH,2007,Rabi,Gram,18,8,0.444444444
Uttarakhand,PITHORAGARH,2007,Rabi,Masoor,3514,1370,0.389869095
Uttarakhand,PITHORAGARH,2007,Rabi,Other  Rabi pulses,1,,
Uttarakhand,PITHORAGARH,2007,Rabi,Other Cereals & Millets,375,263,0.701333333
Uttarakhand,PITHORAGARH,2007,Rabi,other oilseeds,18,4,0.222222222
Uttarakhand,PITHORAGARH,2007,Rabi,Peas & beans (Pulses),61,29,0.475409836
Uttarakhand,PITHORAGARH,2007,Rabi,Potato,599,2995,5
Uttarakhand,PITHORAGARH,2007,Rabi,Rapeseed &Mustard,673,303,0.450222883
Uttarakhand,PITHORAGARH,2007,Rabi,Wheat,23025,33348,1.448338762
Uttarakhand,PITHORAGARH,2007,Summer,Maize,54,87,1.611111111
Uttarakhand,PITHORAGARH,2007,Whole Year,Dry ginger,66,200,3.03030303
Uttarakhand,PITHORAGARH,2007,Whole Year,Garlic,205,287,1.4
Uttarakhand,PITHORAGARH,2007,Whole Year,Onion,341,1705,5
Uttarakhand,PITHORAGARH,2007,Whole Year,Turmeric,109,185,1.697247706
Uttarakhand,PITHORAGARH,2008,Kharif,Groundnut,23,16,0.695652174
Uttarakhand,PITHORAGARH,2008,Kharif,Horse-gram,543,440,0.810313076
Uttarakhand,PITHORAGARH,2008,Kharif,Maize,2625,2756,1.049904762
Uttarakhand,PITHORAGARH,2008,Kharif,Other Cereals & Millets,1986,2082,1.048338369
Uttarakhand,PITHORAGARH,2008,Kharif,Other Kharif pulses,1750,1394,0.796571429
Uttarakhand,PITHORAGARH,2008,Kharif,other oilseeds,97,49,0.505154639
Uttarakhand,PITHORAGARH,2008,Kharif,Potato,673,6370,9.465081724
Uttarakhand,PITHORAGARH,2008,Kharif,Ragi,8978,13042,1.452662063
Uttarakhand,PITHORAGARH,2008,Kharif,Rice,20875,29805,1.427784431
Uttarakhand,PITHORAGARH,2008,Kharif,Sesamum,200,43,0.215
Uttarakhand,PITHORAGARH,2008,Kharif,Soyabean,1107,1273,1.149954833
Uttarakhand,PITHORAGARH,2008,Kharif,Urad,675,547,0.81037037
Uttarakhand,PITHORAGARH,2008,Rabi,Barley,3529,3653,1.035137433
Uttarakhand,PITHORAGARH,2008,Rabi,Gram,4,1,0.25
Uttarakhand,PITHORAGARH,2008,Rabi,Masoor,3745,1311,0.350066756
Uttarakhand,PITHORAGARH,2008,Rabi,Other  Rabi pulses,198,89,0.449494949
Uttarakhand,PITHORAGARH,2008,Rabi,Other Cereals & Millets,166,170,1.024096386
Uttarakhand,PITHORAGARH,2008,Rabi,Peas & beans (Pulses),52,22,0.423076923
Uttarakhand,PITHORAGARH,2008,Rabi,Potato,490,3430,7
Uttarakhand,PITHORAGARH,2008,Rabi,Rapeseed &Mustard,574,141,0.245644599
Uttarakhand,PITHORAGARH,2008,Rabi,Wheat,22543,23218,1.029942776
Uttarakhand,PITHORAGARH,2008,Whole Year,Dry ginger,75,525,7
Uttarakhand,PITHORAGARH,2008,Whole Year,Garlic,222,311,1.400900901
Uttarakhand,PITHORAGARH,2008,Whole Year,Onion,291,1164,4
Uttarakhand,PITHORAGARH,2008,Whole Year,Tobacco,5,18,3.6
Uttarakhand,PITHORAGARH,2008,Whole Year,Turmeric,81,146,1.802469136
Uttarakhand,PITHORAGARH,2009,Kharif,Arhar/Tur,179,49,0.273743017
Uttarakhand,PITHORAGARH,2009,Kharif,Horse-gram,706,664,0.940509915
Uttarakhand,PITHORAGARH,2009,Kharif,Maize,2635,2767,1.050094877
Uttarakhand,PITHORAGARH,2009,Kharif,Other Cereals & Millets,1801,630,0.349805664
Uttarakhand,PITHORAGARH,2009,Kharif,Other Kharif pulses,1437,1370,0.953375087
Uttarakhand,PITHORAGARH,2009,Kharif,other oilseeds,316,229,0.724683544
Uttarakhand,PITHORAGARH,2009,Kharif,Potato,539,3852,7.146567718
Uttarakhand,PITHORAGARH,2009,Kharif,Ragi,8752,13261,1.515196527
Uttarakhand,PITHORAGARH,2009,Kharif,Rice,21239,27527,1.296059136
Uttarakhand,PITHORAGARH,2009,Kharif,Sesamum,56,12,0.214285714
Uttarakhand,PITHORAGARH,2009,Kharif,Small millets,1174,1690,1.439522998
Uttarakhand,PITHORAGARH,2009,Kharif,Soyabean,928,1338,1.441810345
Uttarakhand,PITHORAGARH,2009,Kharif,Urad,708,574,0.810734463
Uttarakhand,PITHORAGARH,2009,Rabi,Barley,3849,5271,1.36944661
Uttarakhand,PITHORAGARH,2009,Rabi,Gram,1,1,1
Uttarakhand,PITHORAGARH,2009,Rabi,Masoor,3965,1784,0.449936948
Uttarakhand,PITHORAGARH,2009,Rabi,Other  Rabi pulses,3,2,0.666666667
Uttarakhand,PITHORAGARH,2009,Rabi,Other Cereals & Millets,96,93,0.96875
Uttarakhand,PITHORAGARH,2009,Rabi,Peas & beans (Pulses),53,24,0.452830189
Uttarakhand,PITHORAGARH,2009,Rabi,Potato,457,1828,4
Uttarakhand,PITHORAGARH,2009,Rabi,Rapeseed &Mustard,465,174,0.374193548
Uttarakhand,PITHORAGARH,2009,Rabi,Wheat,25225,33811,1.340376611
Uttarakhand,PITHORAGARH,2009,Whole Year,Dry ginger,83,304,3.662650602
Uttarakhand,PITHORAGARH,2009,Whole Year,Garlic,203,609,3
Uttarakhand,PITHORAGARH,2009,Whole Year,Onion,315,1260,4
Uttarakhand,PITHORAGARH,2010,Kharif,Arhar/Tur,5,4,0.8
Uttarakhand,PITHORAGARH,2010,Kharif,Horse-gram,756,989,1.308201058
Uttarakhand,PITHORAGARH,2010,Kharif,Maize,3038,3494,1.150098749
Uttarakhand,PITHORAGARH,2010,Kharif,Other Cereals & Millets,1902,1818,0.955835962
Uttarakhand,PITHORAGARH,2010,Kharif,Other Kharif pulses,2288,2324,1.015734266
Uttarakhand,PITHORAGARH,2010,Kharif,other oilseeds,246,177,0.719512195
Uttarakhand,PITHORAGARH,2010,Kharif,Potato,440,2734,6.213636364
Uttarakhand,PITHORAGARH,2010,Kharif,Ragi,8193,11538,1.408275357
Uttarakhand,PITHORAGARH,2010,Kharif,Rice,22525,28454,1.263218646
Uttarakhand,PITHORAGARH,2010,Kharif,Sesamum,51,13,0.254901961
Uttarakhand,PITHORAGARH,2010,Kharif,Soyabean,690,1059,1.534782609
Uttarakhand,PITHORAGARH,2010,Kharif,Urad,663,525,0.791855204
Uttarakhand,PITHORAGARH,2010,Rabi,Barley,3347,4538,1.355841052
Uttarakhand,PITHORAGARH,2010,Rabi,Gram,36,21,0.583333333
Uttarakhand,PITHORAGARH,2010,Rabi,Masoor,4196,3462,0.825071497
Uttarakhand,PITHORAGARH,2010,Rabi,Other  Rabi pulses,16,9,0.5625
Uttarakhand,PITHORAGARH,2010,Rabi,Other Cereals & Millets,118,142,1.203389831
Uttarakhand,PITHORAGARH,2010,Rabi,other oilseeds,11,3,0.272727273
Uttarakhand,PITHORAGARH,2010,Rabi,Peas & beans (Pulses),64,35,0.546875
Uttarakhand,PITHORAGARH,2010,Rabi,Potato,560,6951,12.4125
Uttarakhand,PITHORAGARH,2010,Rabi,Rapeseed &Mustard,541,160,0.295748614
Uttarakhand,PITHORAGARH,2010,Rabi,Wheat,24540,33734,1.374653627
Uttarakhand,PITHORAGARH,2010,Whole Year,Dry ginger,108,702,6.5
Uttarakhand,PITHORAGARH,2010,Whole Year,Garlic,255,338,1.325490196
Uttarakhand,PITHORAGARH,2010,Whole Year,Onion,467,2105,4.507494647
Uttarakhand,PITHORAGARH,2010,Whole Year,Tobacco,4,12,3
Uttarakhand,PITHORAGARH,2011,Kharif,Arhar/Tur,134,45,0.335820896
Uttarakhand,PITHORAGARH,2011,Kharif,Groundnut,35,45,1.285714286
Uttarakhand,PITHORAGARH,2011,Kharif,Horse-gram,583,706,1.210977702
Uttarakhand,PITHORAGARH,2011,Kharif,Maize,3141,3628,1.155046164
Uttarakhand,PITHORAGARH,2011,Kharif,Other Kharif pulses,1971,1891,0.959411466
Uttarakhand,PITHORAGARH,2011,Kharif,Potato,669,5779,8.638266069
Uttarakhand,PITHORAGARH,2011,Kharif,Ragi,7729,11475,1.484668133
Uttarakhand,PITHORAGARH,2011,Kharif,Rice,21606,27841,1.288577247
Uttarakhand,PITHORAGARH,2011,Kharif,Sesamum,58,15,0.25862069
Uttarakhand,PITHORAGARH,2011,Kharif,Small millets,1250,1891,1.5128
Uttarakhand,PITHORAGARH,2011,Kharif,Soyabean,591,906,1.532994924
Uttarakhand,PITHORAGARH,2011,Kharif,Urad,652,517,0.792944785
Uttarakhand,PITHORAGARH,2011,Rabi,Barley,2889,3818,1.321564555
Uttarakhand,PITHORAGARH,2011,Rabi,Gram,4,2,0.5
Uttarakhand,PITHORAGARH,2011,Rabi,Masoor,4092,3722,0.909579668
Uttarakhand,PITHORAGARH,2011,Rabi,Other Cereals & Millets,51,38,0.745098039
Uttarakhand,PITHORAGARH,2011,Rabi,Peas & beans (Pulses),143,79,0.552447552
Uttarakhand,PITHORAGARH,2011,Rabi,Potato,331,4109,12.41389728
Uttarakhand,PITHORAGARH,2011,Rabi,Rapeseed &Mustard,601,181,0.301164725
Uttarakhand,PITHORAGARH,2011,Rabi,Wheat,24488,33616,1.372754002
Uttarakhand,PITHORAGARH,2011,Whole Year,Garlic,245,662,2.702040816
Uttarakhand,PITHORAGARH,2011,Whole Year,Ginger,115,1064,9.252173913
Uttarakhand,PITHORAGARH,2011,Whole Year,Onion,353,1617,4.580736544
Uttarakhand,PITHORAGARH,2011,Whole Year,Tobacco,2,3,1.5
Uttarakhand,PITHORAGARH,2011,Whole Year,Turmeric,62,574,9.258064516
Uttarakhand,PITHORAGARH,2012,Kharif,Arhar/Tur,85,28,0.329411765
Uttarakhand,PITHORAGARH,2012,Kharif,Horse-gram,723,1043,1.442600277
Uttarakhand,PITHORAGARH,2012,Kharif,Maize,3600,4626,1.285
Uttarakhand,PITHORAGARH,2012,Kharif,Other Kharif pulses,2140,2143,1.001401869
Uttarakhand,PITHORAGARH,2012,Kharif,other oilseeds,16,12,0.75
Uttarakhand,PITHORAGARH,2012,Kharif,Potato,403,3343,8.29528536
Uttarakhand,PITHORAGARH,2012,Kharif,Ragi,8055,11837,1.469522036
Uttarakhand,PITHORAGARH,2012,Kharif,Rice,20204,26027,1.288210255
Uttarakhand,PITHORAGARH,2012,Kharif,Sesamum,21,6,0.285714286
Uttarakhand,PITHORAGARH,2012,Kharif,Small millets,1809,1951,1.078496407
Uttarakhand,PITHORAGARH,2012,Kharif,Soyabean,882,1306,1.480725624
Uttarakhand,PITHORAGARH,2012,Kharif,Urad,749,592,0.790387183
Uttarakhand,PITHORAGARH,2012,Rabi,Barley,3179,4552,1.431896823
Uttarakhand,PITHORAGARH,2012,Rabi,Gram,7,5,0.714285714
Uttarakhand,PITHORAGARH,2012,Rabi,Masoor,3963,4065,1.025738077
Uttarakhand,PITHORAGARH,2012,Rabi,Other Cereals & Millets,243,120,0.49382716
Uttarakhand,PITHORAGARH,2012,Rabi,Peas & beans (Pulses),202,112,0.554455446
Uttarakhand,PITHORAGARH,2012,Rabi,Potato,482,5985,12.41701245
Uttarakhand,PITHORAGARH,2012,Rabi,Rapeseed &Mustard,567,172,0.30335097
Uttarakhand,PITHORAGARH,2012,Rabi,Wheat,23696,36813,1.553553342
Uttarakhand,PITHORAGARH,2012,Whole Year,Garlic,234,620,2.64957265
Uttarakhand,PITHORAGARH,2012,Whole Year,Ginger,90,710,7.888888889
Uttarakhand,PITHORAGARH,2012,Whole Year,Onion,423,1939,4.58392435
Uttarakhand,PITHORAGARH,2012,Whole Year,Turmeric,131,1068,8.152671756
Uttarakhand,PITHORAGARH,2013,Kharif,Arhar/Tur,1,1,1
Uttarakhand,PITHORAGARH,2013,Kharif,Groundnut,2,2,1
Uttarakhand,PITHORAGARH,2013,Kharif,Horse-gram,647,924,1.42812983
Uttarakhand,PITHORAGARH,2013,Kharif,Maize,2557,5370,2.100117325
Uttarakhand,PITHORAGARH,2013,Kharif,Other Kharif pulses,2171,1979,0.911561492
Uttarakhand,PITHORAGARH,2013,Kharif,other oilseeds,8,5,0.625
Uttarakhand,PITHORAGARH,2013,Kharif,Potato,836,15795,18.89354067
Uttarakhand,PITHORAGARH,2013,Kharif,Ragi,7501,11646,1.552592988
Uttarakhand,PITHORAGARH,2013,Kharif,Rice,20597,28280,1.373015488
Uttarakhand,PITHORAGARH,2013,Kharif,Sesamum,61,17,0.278688525
Uttarakhand,PITHORAGARH,2013,Kharif,Small millets,1695,1869,1.102654867
Uttarakhand,PITHORAGARH,2013,Kharif,Soyabean,710,965,1.35915493
Uttarakhand,PITHORAGARH,2013,Kharif,Urad,730,569,0.779452055
Uttarakhand,PITHORAGARH,2013,Rabi,Barley,3536,4831,1.366233032
Uttarakhand,PITHORAGARH,2013,Rabi,Gram,5,4,0.8
Uttarakhand,PITHORAGARH,2013,Rabi,Masoor,3772,3976,1.054082715
Uttarakhand,PITHORAGARH,2013,Rabi,Peas & beans (Pulses),196,115,0.586734694
Uttarakhand,PITHORAGARH,2013,Rabi,Potato,627,4999,7.972886762
Uttarakhand,PITHORAGARH,2013,Rabi,Rapeseed &Mustard,707,606,0.857142857
Uttarakhand,PITHORAGARH,2013,Rabi,Wheat,22572,36007,1.59520645
Uttarakhand,PITHORAGARH,2013,Whole Year,Garlic,295,428,1.450847458
Uttarakhand,PITHORAGARH,2013,Whole Year,Ginger,150,998,6.653333333
Uttarakhand,PITHORAGARH,2013,Whole Year,Onion,477,2201,4.614255765
Uttarakhand,PITHORAGARH,2013,Whole Year,Tobacco,6,22,3.666666667
Uttarakhand,PITHORAGARH,2013,Whole Year,Turmeric,88,163,1.852272727
Uttarakhand,PITHORAGARH,2014,Kharif,Arhar/Tur,1,1,1
Uttarakhand,PITHORAGARH,2014,Kharif,Ginger,129,1299,10.06976744
Uttarakhand,PITHORAGARH,2014,Kharif,Horse-gram,809,713,0.881334981
Uttarakhand,PITHORAGARH,2014,Kharif,Maize,3079,6370,2.068853524
Uttarakhand,PITHORAGARH,2014,Kharif,Other Cereals & Millets,516,209,0.40503876
Uttarakhand,PITHORAGARH,2014,Kharif,Other Kharif pulses,2384,2064,0.865771812
Uttarakhand,PITHORAGARH,2014,Kharif,other oilseeds,103,69,0.669902913
Uttarakhand,PITHORAGARH,2014,Kharif,Potato,620,9479,15.28870968
Uttarakhand,PITHORAGARH,2014,Kharif,Pulses total,4304,3586,0.833178439
Uttarakhand,PITHORAGARH,2014,Kharif,Ragi,7227,10270,1.421059914
Uttarakhand,PITHORAGARH,2014,Kharif,Rice,20131,25550,1.269186826
Uttarakhand,PITHORAGARH,2014,Kharif,Sesamum,46,13,0.282608696
Uttarakhand,PITHORAGARH,2014,Kharif,Small millets,1336,1808,1.353293413
Uttarakhand,PITHORAGARH,2014,Kharif,Soyabean,709,643,0.906911142
Uttarakhand,PITHORAGARH,2014,Kharif,Total foodgrain,36220,47563,1.31316952
Uttarakhand,PITHORAGARH,2014,Kharif,Urad,737,578,0.784260516
Uttarakhand,PITHORAGARH,2014,Rabi,Barley,3416,4462,1.306206089
Uttarakhand,PITHORAGARH,2014,Rabi,Gram,1,1,1
Uttarakhand,PITHORAGARH,2014,Rabi,Lentil,4017,3105,0.772964899
Uttarakhand,PITHORAGARH,2014,Rabi,Masoor,4017,3105,0.772964899
Uttarakhand,PITHORAGARH,2014,Rabi,Other Cereals & Millets,64,64,1
Uttarakhand,PITHORAGARH,2014,Rabi,Peas & beans (Pulses),168,98,0.583333333
Uttarakhand,PITHORAGARH,2014,Rabi,Potato,509,3998,7.854616896
Uttarakhand,PITHORAGARH,2014,Rabi,Pulses total,4958,3806,0.767648245
Uttarakhand,PITHORAGARH,2014,Rabi,Rapeseed &Mustard,827,705,0.852478839
Uttarakhand,PITHORAGARH,2014,Rabi,Total foodgrain,29462,38719,1.314201344
Uttarakhand,PITHORAGARH,2014,Rabi,Wheat,21796,30989,1.421774638
Uttarakhand,PITHORAGARH,2014,Whole Year,Garlic,265,379,1.430188679
Uttarakhand,PITHORAGARH,2014,Whole Year,Ginger,128,1288,10.0625
Uttarakhand,PITHORAGARH,2014,Whole Year,Onion,430,1984,4.613953488
Uttarakhand,PITHORAGARH,2014,Whole Year,Pulses total,9262,7392,0.798099762
Uttarakhand,PITHORAGARH,2014,Whole Year,Rice,20131,25550,1.269186826
Uttarakhand,PITHORAGARH,2014,Whole Year,Total foodgrain,65682,86282,1.31363235
Uttarakhand,RUDRA PRAYAG,2000,Kharif,Arhar/Tur,61,37,0.606557377
Uttarakhand,RUDRA PRAYAG,2000,Kharif,Horse-gram,217,109,0.502304147
Uttarakhand,RUDRA PRAYAG,2000,Kharif,Maize,162,175,1.080246914
Uttarakhand,RUDRA PRAYAG,2000,Kharif,Other Kharif pulses,121,69,0.570247934
Uttarakhand,RUDRA PRAYAG,2000,Kharif,Potato,261,4233,16.2183908
Uttarakhand,RUDRA PRAYAG,2000,Kharif,Ragi,6846,8945,1.306602396
Uttarakhand,RUDRA PRAYAG,2000,Kharif,Rice,10050,12865,1.280099502
Uttarakhand,RUDRA PRAYAG,2000,Kharif,Sesamum,11,2,0.181818182
Uttarakhand,RUDRA PRAYAG,2000,Kharif,Small millets,2823,3573,1.265674814
Uttarakhand,RUDRA PRAYAG,2000,Kharif,Soyabean,58,38,0.655172414
Uttarakhand,RUDRA PRAYAG,2000,Kharif,Urad,307,128,0.416938111
Uttarakhand,RUDRA PRAYAG,2000,Rabi,Barley,1465,1494,1.019795222
Uttarakhand,RUDRA PRAYAG,2000,Rabi,Masoor,56,23,0.410714286
Uttarakhand,RUDRA PRAYAG,2000,Rabi,Peas & beans (Pulses),3,2,0.666666667
Uttarakhand,RUDRA PRAYAG,2000,Rabi,Potato,72,1168,16.22222222
Uttarakhand,RUDRA PRAYAG,2000,Rabi,Rapeseed &Mustard,151,53,0.350993377
Uttarakhand,RUDRA PRAYAG,2000,Rabi,Wheat,10916,12959,1.187156468
Uttarakhand,RUDRA PRAYAG,2000,Whole Year,Garlic,24,33,1.375
Uttarakhand,RUDRA PRAYAG,2000,Whole Year,Onion,18,138,7.666666667
Uttarakhand,RUDRA PRAYAG,2001,Kharif,Arhar/Tur,104,65,0.625
Uttarakhand,RUDRA PRAYAG,2001,Kharif,Horse-gram,120,54,0.45
Uttarakhand,RUDRA PRAYAG,2001,Kharif,Maize,156,149,0.955128205
Uttarakhand,RUDRA PRAYAG,2001,Kharif,Other Cereals & Millets,7,2,0.285714286
Uttarakhand,RUDRA PRAYAG,2001,Kharif,Other Kharif pulses,164,85,0.518292683
Uttarakhand,RUDRA PRAYAG,2001,Kharif,Potato,187,3106,16.60962567
Uttarakhand,RUDRA PRAYAG,2001,Kharif,Ragi,7080,8030,1.134180791
Uttarakhand,RUDRA PRAYAG,2001,Kharif,Rice,9307,11419,1.22692597
Uttarakhand,RUDRA PRAYAG,2001,Kharif,Sesamum,17,3,0.176470588
Uttarakhand,RUDRA PRAYAG,2001,Kharif,Small millets,2942,2805,0.953433039
Uttarakhand,RUDRA PRAYAG,2001,Kharif,Soyabean,73,37,0.506849315
Uttarakhand,RUDRA PRAYAG,2001,Kharif,Urad,280,168,0.6
Uttarakhand,RUDRA PRAYAG,2001,Rabi,Barley,1081,1382,1.278445883
Uttarakhand,RUDRA PRAYAG,2001,Rabi,Gram,19,10,0.526315789
Uttarakhand,RUDRA PRAYAG,2001,Rabi,Masoor,52,21,0.403846154
Uttarakhand,RUDRA PRAYAG,2001,Rabi,other oilseeds,1,,
Uttarakhand,RUDRA PRAYAG,2001,Rabi,Peas & beans (Pulses),2,1,0.5
Uttarakhand,RUDRA PRAYAG,2001,Rabi,Potato,50,831,16.62
Uttarakhand,RUDRA PRAYAG,2001,Rabi,Rapeseed &Mustard,214,75,0.35046729
Uttarakhand,RUDRA PRAYAG,2001,Rabi,Wheat,10528,14144,1.343465046
Uttarakhand,RUDRA PRAYAG,2001,Whole Year,Dry ginger,6,18,3
Uttarakhand,RUDRA PRAYAG,2001,Whole Year,Garlic,11,15,1.363636364
Uttarakhand,RUDRA PRAYAG,2001,Whole Year,Onion,17,120,7.058823529
Uttarakhand,RUDRA PRAYAG,2002,Kharif,Arhar/Tur,49,27,0.551020408
Uttarakhand,RUDRA PRAYAG,2002,Kharif,Horse-gram,142,64,0.450704225
Uttarakhand,RUDRA PRAYAG,2002,Kharif,Maize,157,128,0.815286624
Uttarakhand,RUDRA PRAYAG,2002,Kharif,Other Cereals & Millets,12,3,0.25
Uttarakhand,RUDRA PRAYAG,2002,Kharif,Other Kharif pulses,91,48,0.527472527
Uttarakhand,RUDRA PRAYAG,2002,Kharif,Potato,132,2193,16.61363636
Uttarakhand,RUDRA PRAYAG,2002,Kharif,Ragi,6755,9939,1.471354552
Uttarakhand,RUDRA PRAYAG,2002,Kharif,Rice,8675,11012,1.269394813
Uttarakhand,RUDRA PRAYAG,2002,Kharif,Sesamum,3,,
Uttarakhand,RUDRA PRAYAG,2002,Kharif,Small millets,2694,2971,1.102821084
Uttarakhand,RUDRA PRAYAG,2002,Kharif,Soyabean,40,18,0.45
Uttarakhand,RUDRA PRAYAG,2002,Kharif,Urad,230,76,0.330434783
Uttarakhand,RUDRA PRAYAG,2002,Rabi,Barley,1236,1880,1.521035599
Uttarakhand,RUDRA PRAYAG,2002,Rabi,Masoor,29,11,0.379310345
Uttarakhand,RUDRA PRAYAG,2002,Rabi,Other  Rabi pulses,8,3,0.375
Uttarakhand,RUDRA PRAYAG,2002,Rabi,Other Cereals & Millets,8,8,1
Uttarakhand,RUDRA PRAYAG,2002,Rabi,Peas & beans (Pulses),2,1,0.5
Uttarakhand,RUDRA PRAYAG,2002,Rabi,Potato,64,1063,16.609375
Uttarakhand,RUDRA PRAYAG,2002,Rabi,Rapeseed &Mustard,213,70,0.328638498
Uttarakhand,RUDRA PRAYAG,2002,Rabi,Wheat,9579,12201,1.273723771
Uttarakhand,RUDRA PRAYAG,2002,Whole Year,Dry ginger,9,,
Uttarakhand,RUDRA PRAYAG,2002,Whole Year,Garlic,12,16,1.333333333
Uttarakhand,RUDRA PRAYAG,2002,Whole Year,Onion,15,106,7.066666667
Uttarakhand,RUDRA PRAYAG,2003,Kharif,Arhar/Tur,73,62,0.849315068
Uttarakhand,RUDRA PRAYAG,2003,Kharif,Horse-gram,168,116,0.69047619
Uttarakhand,RUDRA PRAYAG,2003,Kharif,Maize,155,198,1.277419355
Uttarakhand,RUDRA PRAYAG,2003,Kharif,Other Cereals & Millets,2869,3326,1.159288951
Uttarakhand,RUDRA PRAYAG,2003,Kharif,Other Kharif pulses,116,73,0.629310345
Uttarakhand,RUDRA PRAYAG,2003,Kharif,Ragi,6382,9330,1.461924162
Uttarakhand,RUDRA PRAYAG,2003,Kharif,Rice,9274,12151,1.310222126
Uttarakhand,RUDRA PRAYAG,2003,Kharif,Sesamum,15,2,0.133333333
Uttarakhand,RUDRA PRAYAG,2003,Kharif,Soyabean,46,91,1.97826087
Uttarakhand,RUDRA PRAYAG,2003,Kharif,Urad,349,79,0.226361032
Uttarakhand,RUDRA PRAYAG,2003,Rabi,Barley,1126,1173,1.041740675
Uttarakhand,RUDRA PRAYAG,2003,Rabi,Masoor,30,21,0.7
Uttarakhand,RUDRA PRAYAG,2003,Rabi,Other Cereals & Millets,25,27,1.08
Uttarakhand,RUDRA PRAYAG,2003,Rabi,other oilseeds,1,,
Uttarakhand,RUDRA PRAYAG,2003,Rabi,Peas & beans (Pulses),1,1,1
Uttarakhand,RUDRA PRAYAG,2003,Rabi,Rapeseed &Mustard,188,113,0.60106383
Uttarakhand,RUDRA PRAYAG,2003,Rabi,Wheat,10386,11427,1.10023108
Uttarakhand,RUDRA PRAYAG,2003,Whole Year,Dry ginger,1,10,10
Uttarakhand,RUDRA PRAYAG,2003,Whole Year,Garlic,18,,
Uttarakhand,RUDRA PRAYAG,2003,Whole Year,Onion,21,231,11
Uttarakhand,RUDRA PRAYAG,2003,Whole Year,Potato,203,2944,14.50246305
Uttarakhand,RUDRA PRAYAG,2004,Kharif,Arhar/Tur,92,70,0.760869565
Uttarakhand,RUDRA PRAYAG,2004,Kharif,Horse-gram,156,117,0.75
Uttarakhand,RUDRA PRAYAG,2004,Kharif,Maize,186,231,1.241935484
Uttarakhand,RUDRA PRAYAG,2004,Kharif,Other Cereals & Millets,2847,3337,1.172110994
Uttarakhand,RUDRA PRAYAG,2004,Kharif,Other Kharif pulses,151,112,0.741721854
Uttarakhand,RUDRA PRAYAG,2004,Kharif,Ragi,7126,8769,1.230564131
Uttarakhand,RUDRA PRAYAG,2004,Kharif,Rice,8799,11669,1.326173429
Uttarakhand,RUDRA PRAYAG,2004,Kharif,Sesamum,17,4,0.235294118
Uttarakhand,RUDRA PRAYAG,2004,Kharif,Soyabean,70,70,1
Uttarakhand,RUDRA PRAYAG,2004,Kharif,Urad,280,87,0.310714286
Uttarakhand,RUDRA PRAYAG,2004,Rabi,Barley,1140,1473,1.292105263
Uttarakhand,RUDRA PRAYAG,2004,Rabi,Masoor,58,41,0.706896552
Uttarakhand,RUDRA PRAYAG,2004,Rabi,Other Cereals & Millets,27,37,1.37037037
Uttarakhand,RUDRA PRAYAG,2004,Rabi,other oilseeds,7,4,0.571428571
Uttarakhand,RUDRA PRAYAG,2004,Rabi,Peas & beans (Pulses),6,4,0.666666667
Uttarakhand,RUDRA PRAYAG,2004,Rabi,Rapeseed &Mustard,340,170,0.5
Uttarakhand,RUDRA PRAYAG,2004,Rabi,Wheat,9789,14043,1.434569415
Uttarakhand,RUDRA PRAYAG,2004,Whole Year,Onion,22,242,11
Uttarakhand,RUDRA PRAYAG,2004,Whole Year,Potato,124,1550,12.5
Uttarakhand,RUDRA PRAYAG,2005,Kharif,Arhar/Tur,103,65,0.631067961
Uttarakhand,RUDRA PRAYAG,2005,Kharif,Horse-gram,72,42,0.583333333
Uttarakhand,RUDRA PRAYAG,2005,Kharif,Maize,194,159,0.819587629
Uttarakhand,RUDRA PRAYAG,2005,Kharif,Other Cereals & Millets,2577,3260,1.265036865
Uttarakhand,RUDRA PRAYAG,2005,Kharif,Other Kharif pulses,226,125,0.553097345
Uttarakhand,RUDRA PRAYAG,2005,Kharif,other oilseeds,14,7,0.5
Uttarakhand,RUDRA PRAYAG,2005,Kharif,Ragi,5719,7953,1.390627732
Uttarakhand,RUDRA PRAYAG,2005,Kharif,Rice,8016,10720,1.337325349
Uttarakhand,RUDRA PRAYAG,2005,Kharif,Sesamum,29,6,0.206896552
Uttarakhand,RUDRA PRAYAG,2005,Kharif,Soyabean,65,36,0.553846154
Uttarakhand,RUDRA PRAYAG,2005,Kharif,Urad,214,98,0.457943925
Uttarakhand,RUDRA PRAYAG,2005,Rabi,Barley,1056,1161,1.099431818
Uttarakhand,RUDRA PRAYAG,2005,Rabi,Masoor,63,30,0.476190476
Uttarakhand,RUDRA PRAYAG,2005,Rabi,other oilseeds,4,2,0.5
Uttarakhand,RUDRA PRAYAG,2005,Rabi,Peas & beans (Pulses),5,4,0.8
Uttarakhand,RUDRA PRAYAG,2005,Rabi,Rapeseed &Mustard,154,77,0.5
Uttarakhand,RUDRA PRAYAG,2005,Rabi,Wheat,9054,9227,1.019107577
Uttarakhand,RUDRA PRAYAG,2005,Whole Year,Onion,24,276,11.5
Uttarakhand,RUDRA PRAYAG,2005,Whole Year,Potato,217,3103,14.29953917
Uttarakhand,RUDRA PRAYAG,2006,Kharif,Arhar/Tur,71,45,0.633802817
Uttarakhand,RUDRA PRAYAG,2006,Kharif,Horse-gram,155,104,0.670967742
Uttarakhand,RUDRA PRAYAG,2006,Kharif,Maize,156,128,0.820512821
Uttarakhand,RUDRA PRAYAG,2006,Kharif,Other Kharif pulses,192,124,0.645833333
Uttarakhand,RUDRA PRAYAG,2006,Kharif,Potato,236,3004,12.72881356
Uttarakhand,RUDRA PRAYAG,2006,Kharif,Ragi,5950,9100,1.529411765
Uttarakhand,RUDRA PRAYAG,2006,Kharif,Rice,8876,13713,1.544952681
Uttarakhand,RUDRA PRAYAG,2006,Kharif,Sesamum,27,6,0.222222222
Uttarakhand,RUDRA PRAYAG,2006,Kharif,Small millets,2781,3484,1.252786767
Uttarakhand,RUDRA PRAYAG,2006,Kharif,Soyabean,38,22,0.578947368
Uttarakhand,RUDRA PRAYAG,2006,Kharif,Urad,270,147,0.544444444
Uttarakhand,RUDRA PRAYAG,2006,Rabi,Barley,1230,1633,1.327642276
Uttarakhand,RUDRA PRAYAG,2006,Rabi,Masoor,42,15,0.357142857
Uttarakhand,RUDRA PRAYAG,2006,Rabi,Other Cereals & Millets,15,,
Uttarakhand,RUDRA PRAYAG,2006,Rabi,Peas & beans (Pulses),11,11,1
Uttarakhand,RUDRA PRAYAG,2006,Rabi,Potato,34,170,5
Uttarakhand,RUDRA PRAYAG,2006,Rabi,Rapeseed &Mustard,188,38,0.20212766
Uttarakhand,RUDRA PRAYAG,2006,Rabi,Wheat,9695,13752,1.418463125
Uttarakhand,RUDRA PRAYAG,2006,Whole Year,Dry ginger,2,18,9
Uttarakhand,RUDRA PRAYAG,2006,Whole Year,Garlic,14,20,1.428571429
Uttarakhand,RUDRA PRAYAG,2006,Whole Year,Onion,23,81,3.52173913
Uttarakhand,RUDRA PRAYAG,2007,Kharif,Arhar/Tur,60,48,0.8
Uttarakhand,RUDRA PRAYAG,2007,Kharif,Dry chillies,102,26,0.254901961
Uttarakhand,RUDRA PRAYAG,2007,Kharif,Horse-gram,183,56,0.306010929
Uttarakhand,RUDRA PRAYAG,2007,Kharif,Maize,171,207,1.210526316
Uttarakhand,RUDRA PRAYAG,2007,Kharif,Other Cereals & Millets,2964,4803,1.620445344
Uttarakhand,RUDRA PRAYAG,2007,Kharif,Other Kharif pulses,188,133,0.707446809
Uttarakhand,RUDRA PRAYAG,2007,Kharif,Potato,156,2035,13.04487179
Uttarakhand,RUDRA PRAYAG,2007,Kharif,Ragi,6571,11435,1.740222188
Uttarakhand,RUDRA PRAYAG,2007,Kharif,Rice,9614,15150,1.575826919
Uttarakhand,RUDRA PRAYAG,2007,Kharif,Sesamum,21,5,0.238095238
Uttarakhand,RUDRA PRAYAG,2007,Kharif,Soyabean,64,58,0.90625
Uttarakhand,RUDRA PRAYAG,2007,Kharif,Urad,303,130,0.429042904
Uttarakhand,RUDRA PRAYAG,2007,Rabi,Barley,1081,1442,1.333950046
Uttarakhand,RUDRA PRAYAG,2007,Rabi,Masoor,8,3,0.375
Uttarakhand,RUDRA PRAYAG,2007,Rabi,Other Cereals & Millets,24,17,0.708333333
Uttarakhand,RUDRA PRAYAG,2007,Rabi,Peas & beans (Pulses),13,8,0.615384615
Uttarakhand,RUDRA PRAYAG,2007,Rabi,Potato,32,224,7
Uttarakhand,RUDRA PRAYAG,2007,Rabi,Rapeseed &Mustard,208,83,0.399038462
Uttarakhand,RUDRA PRAYAG,2007,Rabi,Wheat,11333,14848,1.310156181
Uttarakhand,RUDRA PRAYAG,2007,Whole Year,Dry ginger,1,10,10
Uttarakhand,RUDRA PRAYAG,2007,Whole Year,Garlic,14,18,1.285714286
Uttarakhand,RUDRA PRAYAG,2007,Whole Year,Onion,8,28,3.5
Uttarakhand,RUDRA PRAYAG,2008,Kharif,Arhar/Tur,88,79,0.897727273
Uttarakhand,RUDRA PRAYAG,2008,Kharif,Horse-gram,184,56,0.304347826
Uttarakhand,RUDRA PRAYAG,2008,Kharif,Maize,204,245,1.200980392
Uttarakhand,RUDRA PRAYAG,2008,Kharif,Other Cereals & Millets,3060,3312,1.082352941
Uttarakhand,RUDRA PRAYAG,2008,Kharif,Other Kharif pulses,168,120,0.714285714
Uttarakhand,RUDRA PRAYAG,2008,Kharif,Potato,214,2408,11.25233645
Uttarakhand,RUDRA PRAYAG,2008,Kharif,Ragi,6504,10941,1.682195572
Uttarakhand,RUDRA PRAYAG,2008,Kharif,Rice,9719,16340,1.681242926
Uttarakhand,RUDRA PRAYAG,2008,Kharif,Sesamum,49,8,0.163265306
Uttarakhand,RUDRA PRAYAG,2008,Kharif,Soyabean,72,68,0.944444444
Uttarakhand,RUDRA PRAYAG,2008,Kharif,Urad,258,133,0.515503876
Uttarakhand,RUDRA PRAYAG,2008,Rabi,Barley,1370,1621,1.183211679
Uttarakhand,RUDRA PRAYAG,2008,Rabi,Masoor,10,3,0.3
Uttarakhand,RUDRA PRAYAG,2008,Rabi,other oilseeds,20,15,0.75
Uttarakhand,RUDRA PRAYAG,2008,Rabi,Peas & beans (Pulses),3,1,0.333333333
Uttarakhand,RUDRA PRAYAG,2008,Rabi,Potato,27,176,6.518518519
Uttarakhand,RUDRA PRAYAG,2008,Rabi,Rapeseed &Mustard,243,73,0.300411523
Uttarakhand,RUDRA PRAYAG,2008,Rabi,Wheat,11115,13358,1.20179937
Uttarakhand,RUDRA PRAYAG,2008,Whole Year,Dry ginger,5,49,9.8
Uttarakhand,RUDRA PRAYAG,2008,Whole Year,Garlic,19,32,1.684210526
Uttarakhand,RUDRA PRAYAG,2008,Whole Year,Onion,10,45,4.5
Uttarakhand,RUDRA PRAYAG,2009,Kharif,Arhar/Tur,62,56,0.903225806
Uttarakhand,RUDRA PRAYAG,2009,Kharif,Horse-gram,177,69,0.389830508
Uttarakhand,RUDRA PRAYAG,2009,Kharif,Maize,200,240,1.2
Uttarakhand,RUDRA PRAYAG,2009,Kharif,Other Kharif pulses,133,121,0.909774436
Uttarakhand,RUDRA PRAYAG,2009,Kharif,Potato,173,1802,10.41618497
Uttarakhand,RUDRA PRAYAG,2009,Kharif,Ragi,6335,8950,1.412786109
Uttarakhand,RUDRA PRAYAG,2009,Kharif,Rice,7940,11077,1.395088161
Uttarakhand,RUDRA PRAYAG,2009,Kharif,Sesamum,24,4,0.166666667
Uttarakhand,RUDRA PRAYAG,2009,Kharif,Small millets,3028,4558,1.505284016
Uttarakhand,RUDRA PRAYAG,2009,Kharif,Soyabean,129,129,1
Uttarakhand,RUDRA PRAYAG,2009,Kharif,Urad,250,129,0.516
Uttarakhand,RUDRA PRAYAG,2009,Rabi,Barley,1326,1758,1.325791855
Uttarakhand,RUDRA PRAYAG,2009,Rabi,Masoor,46,26,0.565217391
Uttarakhand,RUDRA PRAYAG,2009,Rabi,Other Cereals & Millets,1,1,1
Uttarakhand,RUDRA PRAYAG,2009,Rabi,Peas & beans (Pulses),53,22,0.41509434
Uttarakhand,RUDRA PRAYAG,2009,Rabi,Potato,19,114,6
Uttarakhand,RUDRA PRAYAG,2009,Rabi,Rapeseed &Mustard,244,90,0.368852459
Uttarakhand,RUDRA PRAYAG,2009,Rabi,Wheat,9425,12493,1.325517241
Uttarakhand,RUDRA PRAYAG,2009,Whole Year,Dry ginger,1,9,9
Uttarakhand,RUDRA PRAYAG,2009,Whole Year,Garlic,27,57,2.111111111
Uttarakhand,RUDRA PRAYAG,2009,Whole Year,Onion,24,60,2.5
Uttarakhand,RUDRA PRAYAG,2010,Kharif,Arhar/Tur,45,39,0.866666667
Uttarakhand,RUDRA PRAYAG,2010,Kharif,Horse-gram,158,110,0.696202532
Uttarakhand,RUDRA PRAYAG,2010,Kharif,Maize,191,228,1.193717277
Uttarakhand,RUDRA PRAYAG,2010,Kharif,Other Cereals & Millets,2960,4046,1.366891892
Uttarakhand,RUDRA PRAYAG,2010,Kharif,Other Kharif pulses,136,108,0.794117647
Uttarakhand,RUDRA PRAYAG,2010,Kharif,Potato,175,1471,8.405714286
Uttarakhand,RUDRA PRAYAG,2010,Kharif,Ragi,6961,11832,1.699755782
Uttarakhand,RUDRA PRAYAG,2010,Kharif,Rice,9726,14897,1.531667695
Uttarakhand,RUDRA PRAYAG,2010,Kharif,Sesamum,7,1,0.142857143
Uttarakhand,RUDRA PRAYAG,2010,Kharif,Soyabean,57,55,0.964912281
Uttarakhand,RUDRA PRAYAG,2010,Kharif,Urad,233,91,0.39055794
Uttarakhand,RUDRA PRAYAG,2010,Rabi,Barley,1064,1578,1.483082707
Uttarakhand,RUDRA PRAYAG,2010,Rabi,Masoor,43,35,0.813953488
Uttarakhand,RUDRA PRAYAG,2010,Rabi,Peas & beans (Pulses),9,6,0.666666667
Uttarakhand,RUDRA PRAYAG,2010,Rabi,Potato,38,477,12.55263158
Uttarakhand,RUDRA PRAYAG,2010,Rabi,Rapeseed &Mustard,269,143,0.531598513
Uttarakhand,RUDRA PRAYAG,2010,Rabi,Wheat,10554,16347,1.548891416
Uttarakhand,RUDRA PRAYAG,2010,Whole Year,Garlic,33,49,1.484848485
Uttarakhand,RUDRA PRAYAG,2010,Whole Year,Onion,27,150,5.555555556
Uttarakhand,RUDRA PRAYAG,2011,Kharif,Arhar/Tur,94,87,0.925531915
Uttarakhand,RUDRA PRAYAG,2011,Kharif,Horse-gram,109,111,1.018348624
Uttarakhand,RUDRA PRAYAG,2011,Kharif,Maize,175,191,1.091428571
Uttarakhand,RUDRA PRAYAG,2011,Kharif,Other Kharif pulses,77,52,0.675324675
Uttarakhand,RUDRA PRAYAG,2011,Kharif,Potato,94,782,8.319148936
Uttarakhand,RUDRA PRAYAG,2011,Kharif,Ragi,6323,9392,1.485370868
Uttarakhand,RUDRA PRAYAG,2011,Kharif,Rice,9017,12658,1.403792836
Uttarakhand,RUDRA PRAYAG,2011,Kharif,Sesamum,12,3,0.25
Uttarakhand,RUDRA PRAYAG,2011,Kharif,Small millets,2833,4382,1.546770208
Uttarakhand,RUDRA PRAYAG,2011,Kharif,Soyabean,37,35,0.945945946
Uttarakhand,RUDRA PRAYAG,2011,Kharif,Urad,213,87,0.408450704
Uttarakhand,RUDRA PRAYAG,2011,Rabi,Barley,1129,1835,1.625332152
Uttarakhand,RUDRA PRAYAG,2011,Rabi,Masoor,27,16,0.592592593
Uttarakhand,RUDRA PRAYAG,2011,Rabi,Peas & beans (Pulses),6,4,0.666666667
Uttarakhand,RUDRA PRAYAG,2011,Rabi,Potato,13,129,9.923076923
Uttarakhand,RUDRA PRAYAG,2011,Rabi,Rapeseed &Mustard,294,154,0.523809524
Uttarakhand,RUDRA PRAYAG,2011,Rabi,Wheat,9644,14363,1.489319784
Uttarakhand,RUDRA PRAYAG,2011,Whole Year,Garlic,20,56,2.8
Uttarakhand,RUDRA PRAYAG,2011,Whole Year,Ginger,1,8,8
Uttarakhand,RUDRA PRAYAG,2011,Whole Year,Onion,18,99,5.5
Uttarakhand,RUDRA PRAYAG,2012,Kharif,Arhar/Tur,104,87,0.836538462
Uttarakhand,RUDRA PRAYAG,2012,Kharif,Horse-gram,184,97,0.527173913
Uttarakhand,RUDRA PRAYAG,2012,Kharif,Maize,190,177,0.931578947
Uttarakhand,RUDRA PRAYAG,2012,Kharif,Other Kharif pulses,62,46,0.741935484
Uttarakhand,RUDRA PRAYAG,2012,Kharif,Potato,115,978,8.504347826
Uttarakhand,RUDRA PRAYAG,2012,Kharif,Ragi,7005,10506,1.499785867
Uttarakhand,RUDRA PRAYAG,2012,Kharif,Rice,9268,12439,1.342145015
Uttarakhand,RUDRA PRAYAG,2012,Kharif,Sesamum,26,9,0.346153846
Uttarakhand,RUDRA PRAYAG,2012,Kharif,Small millets,2541,3971,1.562770563
Uttarakhand,RUDRA PRAYAG,2012,Kharif,Soyabean,85,70,0.823529412
Uttarakhand,RUDRA PRAYAG,2012,Kharif,Urad,284,154,0.542253521
Uttarakhand,RUDRA PRAYAG,2012,Rabi,Barley,1160,1655,1.426724138
Uttarakhand,RUDRA PRAYAG,2012,Rabi,Masoor,32,26,0.8125
Uttarakhand,RUDRA PRAYAG,2012,Rabi,Other Cereals & Millets,1,1,1
Uttarakhand,RUDRA PRAYAG,2012,Rabi,Peas & beans (Pulses),1,1,1
Uttarakhand,RUDRA PRAYAG,2012,Rabi,Potato,102,896,8.784313725
Uttarakhand,RUDRA PRAYAG,2012,Rabi,Rapeseed &Mustard,411,217,0.527980535
Uttarakhand,RUDRA PRAYAG,2012,Rabi,Wheat,10411,16260,1.561809624
Uttarakhand,RUDRA PRAYAG,2012,Whole Year,Garlic,40,108,2.7
Uttarakhand,RUDRA PRAYAG,2012,Whole Year,Ginger,1,6,6
Uttarakhand,RUDRA PRAYAG,2012,Whole Year,Onion,25,134,5.36
Uttarakhand,RUDRA PRAYAG,2013,Kharif,Arhar/Tur,70,59,0.842857143
Uttarakhand,RUDRA PRAYAG,2013,Kharif,Horse-gram,176,108,0.613636364
Uttarakhand,RUDRA PRAYAG,2013,Kharif,Maize,156,145,0.929487179
Uttarakhand,RUDRA PRAYAG,2013,Kharif,Other Kharif pulses,134,127,0.947761194
Uttarakhand,RUDRA PRAYAG,2013,Kharif,Potato,98,584,5.959183673
Uttarakhand,RUDRA PRAYAG,2013,Kharif,Ragi,5841,9588,1.641499743
Uttarakhand,RUDRA PRAYAG,2013,Kharif,Rice,8495,11408,1.342907593
Uttarakhand,RUDRA PRAYAG,2013,Kharif,Sesamum,27,9,0.333333333
Uttarakhand,RUDRA PRAYAG,2013,Kharif,Small millets,3065,4820,1.572593801
Uttarakhand,RUDRA PRAYAG,2013,Kharif,Soyabean,51,42,0.823529412
Uttarakhand,RUDRA PRAYAG,2013,Kharif,Urad,245,207,0.844897959
Uttarakhand,RUDRA PRAYAG,2013,Rabi,Barley,1114,1611,1.446140036
Uttarakhand,RUDRA PRAYAG,2013,Rabi,Masoor,43,37,0.860465116
Uttarakhand,RUDRA PRAYAG,2013,Rabi,Peas & beans (Pulses),14,12,0.857142857
Uttarakhand,RUDRA PRAYAG,2013,Rabi,Potato,57,526,9.228070175
Uttarakhand,RUDRA PRAYAG,2013,Rabi,Rapeseed &Mustard,325,154,0.473846154
Uttarakhand,RUDRA PRAYAG,2013,Rabi,Wheat,9929,16337,1.645382214
Uttarakhand,RUDRA PRAYAG,2013,Whole Year,Garlic,44,64,1.454545455
Uttarakhand,RUDRA PRAYAG,2013,Whole Year,Onion,31,172,5.548387097
Uttarakhand,RUDRA PRAYAG,2014,Kharif,Arhar/Tur,71,60,0.845070423
Uttarakhand,RUDRA PRAYAG,2014,Kharif,Horse-gram,162,103,0.635802469
Uttarakhand,RUDRA PRAYAG,2014,Kharif,Maize,205,363,1.770731707
Uttarakhand,RUDRA PRAYAG,2014,Kharif,Other Kharif pulses,124,120,0.967741935
Uttarakhand,RUDRA PRAYAG,2014,Kharif,Potato,253,1509,5.964426877
Uttarakhand,RUDRA PRAYAG,2014,Kharif,Pulses total,591,424,0.717428088
Uttarakhand,RUDRA PRAYAG,2014,Kharif,Ragi,6388,9627,1.507044458
Uttarakhand,RUDRA PRAYAG,2014,Kharif,Rice,8944,11675,1.305344365
Uttarakhand,RUDRA PRAYAG,2014,Kharif,Sesamum,3,1,0.333333333
Uttarakhand,RUDRA PRAYAG,2014,Kharif,Small millets,2949,4732,1.604611733
Uttarakhand,RUDRA PRAYAG,2014,Kharif,Soyabean,65,54,0.830769231
Uttarakhand,RUDRA PRAYAG,2014,Kharif,Total foodgrain,19089,26832,1.405626277
Uttarakhand,RUDRA PRAYAG,2014,Kharif,Urad,246,152,0.617886179
Uttarakhand,RUDRA PRAYAG,2014,Rabi,Barley,1354,1604,1.184638109
Uttarakhand,RUDRA PRAYAG,2014,Rabi,Lentil,21,14,0.666666667
Uttarakhand,RUDRA PRAYAG,2014,Rabi,Masoor,21,14,0.666666667
Uttarakhand,RUDRA PRAYAG,2014,Rabi,Potato,137,1225,8.941605839
Uttarakhand,RUDRA PRAYAG,2014,Rabi,Pulses total,41,26,0.634146341
Uttarakhand,RUDRA PRAYAG,2014,Rabi,Rapeseed &Mustard,349,166,0.475644699
Uttarakhand,RUDRA PRAYAG,2014,Rabi,Total foodgrain,11300,13579,1.201681416
Uttarakhand,RUDRA PRAYAG,2014,Rabi,Wheat,9925,11961,1.205138539
Uttarakhand,RUDRA PRAYAG,2014,Whole Year,Garlic,34,49,1.441176471
Uttarakhand,RUDRA PRAYAG,2014,Whole Year,Ginger,1,9,9
Uttarakhand,RUDRA PRAYAG,2014,Whole Year,Onion,32,177,5.53125
Uttarakhand,RUDRA PRAYAG,2014,Whole Year,Pulses total,632,450,0.712025316
Uttarakhand,RUDRA PRAYAG,2014,Whole Year,Rice,8944,11675,1.305344365
Uttarakhand,RUDRA PRAYAG,2014,Whole Year,Total foodgrain,30389,40411,1.329790385
Uttarakhand,RUDRA PRAYAG,2014,Whole Year,Turmeric,1,2,2
Uttarakhand,TEHRI GARHWAL,2000,Kharif,Arhar/Tur,973,516,0.530318602
Uttarakhand,TEHRI GARHWAL,2000,Kharif,Horse-gram,2641,1109,0.419916698
Uttarakhand,TEHRI GARHWAL,2000,Kharif,Maize,1926,2017,1.047248183
Uttarakhand,TEHRI GARHWAL,2000,Kharif,Other Cereals & Millets,56,11,0.196428571
Uttarakhand,TEHRI GARHWAL,2000,Kharif,Other Kharif pulses,1841,948,0.514937534
Uttarakhand,TEHRI GARHWAL,2000,Kharif,Potato,796,21986,27.62060302
Uttarakhand,TEHRI GARHWAL,2000,Kharif,Ragi,15802,21047,1.33192001
Uttarakhand,TEHRI GARHWAL,2000,Kharif,Rice,14289,24913,1.743508993
Uttarakhand,TEHRI GARHWAL,2000,Kharif,Sesamum,529,53,0.100189036
Uttarakhand,TEHRI GARHWAL,2000,Kharif,Small millets,21097,24628,1.167369768
Uttarakhand,TEHRI GARHWAL,2000,Kharif,Soyabean,693,416,0.6002886
Uttarakhand,TEHRI GARHWAL,2000,Kharif,Urad,1647,687,0.41712204
Uttarakhand,TEHRI GARHWAL,2000,Rabi,Barley,3282,2159,0.657830591
Uttarakhand,TEHRI GARHWAL,2000,Rabi,Gram,46,24,0.52173913
Uttarakhand,TEHRI GARHWAL,2000,Rabi,Masoor,1254,589,0.46969697
Uttarakhand,TEHRI GARHWAL,2000,Rabi,Other  Rabi pulses,4,1,0.25
Uttarakhand,TEHRI GARHWAL,2000,Rabi,Other Cereals & Millets,121,133,1.099173554
Uttarakhand,TEHRI GARHWAL,2000,Rabi,other oilseeds,1,,
Uttarakhand,TEHRI GARHWAL,2000,Rabi,Peas & beans (Pulses),240,146,0.608333333
Uttarakhand,TEHRI GARHWAL,2000,Rabi,Potato,907,25051,27.61962514
Uttarakhand,TEHRI GARHWAL,2000,Rabi,Rapeseed &Mustard,1286,437,0.339813375
Uttarakhand,TEHRI GARHWAL,2000,Rabi,Wheat,31952,30370,0.950488232
Uttarakhand,TEHRI GARHWAL,2000,Whole Year,Dry ginger,112,1941,17.33035714
Uttarakhand,TEHRI GARHWAL,2000,Whole Year,Garlic,14,21,1.5
Uttarakhand,TEHRI GARHWAL,2000,Whole Year,Onion,136,840,6.176470588
Uttarakhand,TEHRI GARHWAL,2000,Whole Year,Tobacco,7,54,7.714285714
Uttarakhand,TEHRI GARHWAL,2001,Kharif,Arhar/Tur,961,507,0.527575442
Uttarakhand,TEHRI GARHWAL,2001,Kharif,Horse-gram,2372,735,0.309865093
Uttarakhand,TEHRI GARHWAL,2001,Kharif,Maize,1884,2069,1.098195329
Uttarakhand,TEHRI GARHWAL,2001,Kharif,Other Cereals & Millets,29,6,0.206896552
Uttarakhand,TEHRI GARHWAL,2001,Kharif,Other Kharif pulses,1187,603,0.50800337
Uttarakhand,TEHRI GARHWAL,2001,Kharif,Potato,757,15988,21.12021136
Uttarakhand,TEHRI GARHWAL,2001,Kharif,Ragi,14683,15366,1.046516379
Uttarakhand,TEHRI GARHWAL,2001,Kharif,Rice,12750,20753,1.627686275
Uttarakhand,TEHRI GARHWAL,2001,Kharif,Sesamum,395,47,0.118987342
Uttarakhand,TEHRI GARHWAL,2001,Kharif,Small millets,19117,21697,1.134958414
Uttarakhand,TEHRI GARHWAL,2001,Kharif,Soyabean,669,318,0.475336323
Uttarakhand,TEHRI GARHWAL,2001,Kharif,Urad,1761,1037,0.58886996
Uttarakhand,TEHRI GARHWAL,2001,Rabi,Barley,2537,2854,1.124950729
Uttarakhand,TEHRI GARHWAL,2001,Rabi,Gram,5,3,0.6
Uttarakhand,TEHRI GARHWAL,2001,Rabi,Masoor,1043,490,0.469798658
Uttarakhand,TEHRI GARHWAL,2001,Rabi,Other  Rabi pulses,21,7,0.333333333
Uttarakhand,TEHRI GARHWAL,2001,Rabi,Other Cereals & Millets,247,278,1.125506073
Uttarakhand,TEHRI GARHWAL,2001,Rabi,other oilseeds,72,24,0.333333333
Uttarakhand,TEHRI GARHWAL,2001,Rabi,Peas & beans (Pulses),176,104,0.590909091
Uttarakhand,TEHRI GARHWAL,2001,Rabi,Potato,304,6420,21.11842105
Uttarakhand,TEHRI GARHWAL,2001,Rabi,Rapeseed &Mustard,875,298,0.340571429
Uttarakhand,TEHRI GARHWAL,2001,Rabi,Wheat,27140,32631,1.202321297
Uttarakhand,TEHRI GARHWAL,2001,Whole Year,Dry ginger,179,2775,15.5027933
Uttarakhand,TEHRI GARHWAL,2001,Whole Year,Garlic,13,20,1.538461538
Uttarakhand,TEHRI GARHWAL,2001,Whole Year,Onion,78,413,5.294871795
Uttarakhand,TEHRI GARHWAL,2001,Whole Year,Tobacco,6,46,7.666666667
Uttarakhand,TEHRI GARHWAL,2002,Kharif,Arhar/Tur,890,445,0.5
Uttarakhand,TEHRI GARHWAL,2002,Kharif,Horse-gram,2289,938,0.409785933
Uttarakhand,TEHRI GARHWAL,2002,Kharif,Maize,1641,1042,0.634978672
Uttarakhand,TEHRI GARHWAL,2002,Kharif,Other Cereals & Millets,55,11,0.2
Uttarakhand,TEHRI GARHWAL,2002,Kharif,Other Kharif pulses,1030,521,0.505825243
Uttarakhand,TEHRI GARHWAL,2002,Kharif,Potato,647,13665,21.12055641
Uttarakhand,TEHRI GARHWAL,2002,Kharif,Ragi,14630,15907,1.087286398
Uttarakhand,TEHRI GARHWAL,2002,Kharif,Rice,12642,15232,1.204872647
Uttarakhand,TEHRI GARHWAL,2002,Kharif,Sesamum,735,81,0.110204082
Uttarakhand,TEHRI GARHWAL,2002,Kharif,Small millets,18199,18632,1.023792516
Uttarakhand,TEHRI GARHWAL,2002,Kharif,Soyabean,542,233,0.429889299
Uttarakhand,TEHRI GARHWAL,2002,Kharif,Urad,1524,518,0.339895013
Uttarakhand,TEHRI GARHWAL,2002,Rabi,Barley,2620,3126,1.193129771
Uttarakhand,TEHRI GARHWAL,2002,Rabi,Gram,26,13,0.5
Uttarakhand,TEHRI GARHWAL,2002,Rabi,Masoor,960,384,0.4
Uttarakhand,TEHRI GARHWAL,2002,Rabi,Other Cereals & Millets,9,9,1
Uttarakhand,TEHRI GARHWAL,2002,Rabi,other oilseeds,1,,
Uttarakhand,TEHRI GARHWAL,2002,Rabi,Peas & beans (Pulses),206,122,0.59223301
Uttarakhand,TEHRI GARHWAL,2002,Rabi,Potato,478,10095,21.11924686
Uttarakhand,TEHRI GARHWAL,2002,Rabi,Rapeseed &Mustard,820,254,0.309756098
Uttarakhand,TEHRI GARHWAL,2002,Rabi,Wheat,26962,35700,1.32408575
Uttarakhand,TEHRI GARHWAL,2002,Whole Year,Dry ginger,159,2295,14.43396226
Uttarakhand,TEHRI GARHWAL,2002,Whole Year,Garlic,28,43,1.535714286
Uttarakhand,TEHRI GARHWAL,2002,Whole Year,Onion,109,578,5.302752294
Uttarakhand,TEHRI GARHWAL,2002,Whole Year,Tobacco,1,8,8
Uttarakhand,TEHRI GARHWAL,2003,Kharif,Arhar/Tur,956,688,0.719665272
Uttarakhand,TEHRI GARHWAL,2003,Kharif,Horse-gram,2628,2102,0.799847793
Uttarakhand,TEHRI GARHWAL,2003,Kharif,Maize,1711,2945,1.721215663
Uttarakhand,TEHRI GARHWAL,2003,Kharif,Other Cereals & Millets,19630,28583,1.456087621
Uttarakhand,TEHRI GARHWAL,2003,Kharif,Other Kharif pulses,1227,562,0.45802771
Uttarakhand,TEHRI GARHWAL,2003,Kharif,other oilseeds,13,5,0.384615385
Uttarakhand,TEHRI GARHWAL,2003,Kharif,Ragi,15768,24630,1.562024353
Uttarakhand,TEHRI GARHWAL,2003,Kharif,Rice,13038,19395,1.487574781
Uttarakhand,TEHRI GARHWAL,2003,Kharif,Sesamum,379,64,0.168865435
Uttarakhand,TEHRI GARHWAL,2003,Kharif,Soyabean,460,414,0.9
Uttarakhand,TEHRI GARHWAL,2003,Kharif,Urad,1934,650,0.336091003
Uttarakhand,TEHRI GARHWAL,2003,Rabi,Barley,2411,2406,0.997926172
Uttarakhand,TEHRI GARHWAL,2003,Rabi,Gram,2,1,0.5
Uttarakhand,TEHRI GARHWAL,2003,Rabi,Masoor,620,370,0.596774194
Uttarakhand,TEHRI GARHWAL,2003,Rabi,Other Cereals & Millets,36,45,1.25
Uttarakhand,TEHRI GARHWAL,2003,Rabi,other oilseeds,5,2,0.4
Uttarakhand,TEHRI GARHWAL,2003,Rabi,Peas & beans (Pulses),344,170,0.494186047
Uttarakhand,TEHRI GARHWAL,2003,Rabi,Rapeseed &Mustard,894,545,0.609619687
Uttarakhand,TEHRI GARHWAL,2003,Rabi,Wheat,29585,39970,1.351022478
Uttarakhand,TEHRI GARHWAL,2003,Whole Year,Dry ginger,121,2178,18
Uttarakhand,TEHRI GARHWAL,2003,Whole Year,Garlic,24,,
Uttarakhand,TEHRI GARHWAL,2003,Whole Year,Onion,129,1355,10.50387597
Uttarakhand,TEHRI GARHWAL,2003,Whole Year,Potato,1675,22613,13.50029851
Uttarakhand,TEHRI GARHWAL,2003,Whole Year,Tobacco,4,13,3.25
Uttarakhand,TEHRI GARHWAL,2004,Kharif,Arhar/Tur,955,607,0.635602094
Uttarakhand,TEHRI GARHWAL,2004,Kharif,Horse-gram,2503,1752,0.699960048
Uttarakhand,TEHRI GARHWAL,2004,Kharif,Maize,2060,2163,1.05
Uttarakhand,TEHRI GARHWAL,2004,Kharif,Other Cereals & Millets,20551,24829,1.208165053
Uttarakhand,TEHRI GARHWAL,2004,Kharif,Other Kharif pulses,1049,704,0.671115348
Uttarakhand,TEHRI GARHWAL,2004,Kharif,other oilseeds,4,2,0.5
Uttarakhand,TEHRI GARHWAL,2004,Kharif,Ragi,14836,20241,1.364316527
Uttarakhand,TEHRI GARHWAL,2004,Kharif,Rice,13909,19229,1.38248616
Uttarakhand,TEHRI GARHWAL,2004,Kharif,Sesamum,463,104,0.22462203
Uttarakhand,TEHRI GARHWAL,2004,Kharif,Soyabean,580,551,0.95
Uttarakhand,TEHRI GARHWAL,2004,Kharif,Urad,1919,806,0.420010422
Uttarakhand,TEHRI GARHWAL,2004,Rabi,Barley,2538,3719,1.465327029
Uttarakhand,TEHRI GARHWAL,2004,Rabi,Gram,10,5,0.5
Uttarakhand,TEHRI GARHWAL,2004,Rabi,Masoor,626,376,0.600638978
Uttarakhand,TEHRI GARHWAL,2004,Rabi,Other Cereals & Millets,16,25,1.5625
Uttarakhand,TEHRI GARHWAL,2004,Rabi,other oilseeds,6,3,0.5
Uttarakhand,TEHRI GARHWAL,2004,Rabi,Peas & beans (Pulses),231,116,0.502164502
Uttarakhand,TEHRI GARHWAL,2004,Rabi,Rapeseed &Mustard,1270,762,0.6
Uttarakhand,TEHRI GARHWAL,2004,Rabi,Wheat,31846,50045,1.571468944
Uttarakhand,TEHRI GARHWAL,2004,Whole Year,Dry ginger,216,3456,16
Uttarakhand,TEHRI GARHWAL,2004,Whole Year,Onion,126,1033,8.198412698
Uttarakhand,TEHRI GARHWAL,2004,Whole Year,Potato,1313,13261,10.09977152
Uttarakhand,TEHRI GARHWAL,2004,Whole Year,Tobacco,3,10,3.333333333
Uttarakhand,TEHRI GARHWAL,2005,Kharif,Arhar/Tur,703,371,0.527738265
Uttarakhand,TEHRI GARHWAL,2005,Kharif,Horse-gram,2651,1352,0.509996228
Uttarakhand,TEHRI GARHWAL,2005,Kharif,Maize,1972,1885,0.955882353
Uttarakhand,TEHRI GARHWAL,2005,Kharif,Other Cereals & Millets,19425,24099,1.240617761
Uttarakhand,TEHRI GARHWAL,2005,Kharif,Other Kharif pulses,1089,612,0.561983471
Uttarakhand,TEHRI GARHWAL,2005,Kharif,other oilseeds,12,5,0.416666667
Uttarakhand,TEHRI GARHWAL,2005,Kharif,Ragi,13733,18681,1.360300007
Uttarakhand,TEHRI GARHWAL,2005,Kharif,Rice,12164,17668,1.452482736
Uttarakhand,TEHRI GARHWAL,2005,Kharif,Sesamum,397,81,0.204030227
Uttarakhand,TEHRI GARHWAL,2005,Kharif,Soyabean,658,400,0.607902736
Uttarakhand,TEHRI GARHWAL,2005,Kharif,Urad,1893,1007,0.531959852
Uttarakhand,TEHRI GARHWAL,2005,Rabi,Barley,2297,1421,0.618633
Uttarakhand,TEHRI GARHWAL,2005,Rabi,Masoor,1230,615,0.5
Uttarakhand,TEHRI GARHWAL,2005,Rabi,Other Cereals & Millets,9,7,0.777777778
Uttarakhand,TEHRI GARHWAL,2005,Rabi,Peas & beans (Pulses),217,130,0.599078341
Uttarakhand,TEHRI GARHWAL,2005,Rabi,Rapeseed &Mustard,1069,428,0.400374181
Uttarakhand,TEHRI GARHWAL,2005,Rabi,Wheat,28409,29649,1.04364814
Uttarakhand,TEHRI GARHWAL,2005,Whole Year,Dry ginger,208,3744,18
Uttarakhand,TEHRI GARHWAL,2005,Whole Year,Onion,56,560,10
Uttarakhand,TEHRI GARHWAL,2005,Whole Year,Potato,1216,16416,13.5
Uttarakhand,TEHRI GARHWAL,2006,Kharif,Arhar/Tur,945,499,0.528042328
Uttarakhand,TEHRI GARHWAL,2006,Kharif,Horse-gram,2501,1628,0.650939624
Uttarakhand,TEHRI GARHWAL,2006,Kharif,Maize,1882,1799,0.955897981
Uttarakhand,TEHRI GARHWAL,2006,Kharif,Other Cereals & Millets,9,4,0.444444444
Uttarakhand,TEHRI GARHWAL,2006,Kharif,Other Kharif pulses,1066,685,0.642589118
Uttarakhand,TEHRI GARHWAL,2006,Kharif,other oilseeds,3,,
Uttarakhand,TEHRI GARHWAL,2006,Kharif,Potato,820,10882,13.27073171
Uttarakhand,TEHRI GARHWAL,2006,Kharif,Ragi,14002,20773,1.483573775
Uttarakhand,TEHRI GARHWAL,2006,Kharif,Rice,12573,19964,1.587846974
Uttarakhand,TEHRI GARHWAL,2006,Kharif,Sesamum,374,79,0.211229947
Uttarakhand,TEHRI GARHWAL,2006,Kharif,Small millets,17934,22649,1.262908442
Uttarakhand,TEHRI GARHWAL,2006,Kharif,Soyabean,456,283,0.620614035
Uttarakhand,TEHRI GARHWAL,2006,Kharif,Urad,1919,1007,0.524752475
Uttarakhand,TEHRI GARHWAL,2006,Rabi,Barley,2645,2898,1.095652174
Uttarakhand,TEHRI GARHWAL,2006,Rabi,Gram,11,4,0.363636364
Uttarakhand,TEHRI GARHWAL,2006,Rabi,Masoor,1145,344,0.300436681
Uttarakhand,TEHRI GARHWAL,2006,Rabi,Other  Rabi pulses,1,,
Uttarakhand,TEHRI GARHWAL,2006,Rabi,Other Cereals & Millets,18,,
Uttarakhand,TEHRI GARHWAL,2006,Rabi,other oilseeds,1,,
Uttarakhand,TEHRI GARHWAL,2006,Rabi,Peas & beans (Pulses),94,47,0.5
Uttarakhand,TEHRI GARHWAL,2006,Rabi,Potato,242,1573,6.5
Uttarakhand,TEHRI GARHWAL,2006,Rabi,Rapeseed &Mustard,1053,263,0.249762583
Uttarakhand,TEHRI GARHWAL,2006,Rabi,Wheat,27625,40873,1.479565611
Uttarakhand,TEHRI GARHWAL,2006,Whole Year,Dry ginger,198,2475,12.5
Uttarakhand,TEHRI GARHWAL,2006,Whole Year,Garlic,27,43,1.592592593
Uttarakhand,TEHRI GARHWAL,2006,Whole Year,Onion,166,830,5
Uttarakhand,TEHRI GARHWAL,2007,Kharif,Arhar/Tur,1189,883,0.742640875
Uttarakhand,TEHRI GARHWAL,2007,Kharif,Dry chillies,434,122,0.281105991
Uttarakhand,TEHRI GARHWAL,2007,Kharif,Horse-gram,2671,1990,0.745039311
Uttarakhand,TEHRI GARHWAL,2007,Kharif,Maize,1728,1621,0.938078704
Uttarakhand,TEHRI GARHWAL,2007,Kharif,Other Cereals & Millets,18532,25373,1.369145262
Uttarakhand,TEHRI GARHWAL,2007,Kharif,Other Kharif pulses,1273,993,0.780047133
Uttarakhand,TEHRI GARHWAL,2007,Kharif,Potato,423,5004,11.82978723
Uttarakhand,TEHRI GARHWAL,2007,Kharif,Ragi,13403,21395,1.596284414
Uttarakhand,TEHRI GARHWAL,2007,Kharif,Rice,12991,20457,1.574705565
Uttarakhand,TEHRI GARHWAL,2007,Kharif,Sesamum,361,63,0.174515235
Uttarakhand,TEHRI GARHWAL,2007,Kharif,Soyabean,768,902,1.174479167
Uttarakhand,TEHRI GARHWAL,2007,Kharif,Urad,1599,1548,0.968105066
Uttarakhand,TEHRI GARHWAL,2007,Rabi,Barley,2286,2268,0.992125984
Uttarakhand,TEHRI GARHWAL,2007,Rabi,Gram,7,2,0.285714286
Uttarakhand,TEHRI GARHWAL,2007,Rabi,Masoor,989,465,0.470171891
Uttarakhand,TEHRI GARHWAL,2007,Rabi,Other  Rabi pulses,2,1,0.5
Uttarakhand,TEHRI GARHWAL,2007,Rabi,Other Cereals & Millets,43,30,0.697674419
Uttarakhand,TEHRI GARHWAL,2007,Rabi,other oilseeds,249,68,0.273092369
Uttarakhand,TEHRI GARHWAL,2007,Rabi,Peas & beans (Pulses),88,55,0.625
Uttarakhand,TEHRI GARHWAL,2007,Rabi,Potato,610,3050,5
Uttarakhand,TEHRI GARHWAL,2007,Rabi,Rapeseed &Mustard,927,394,0.425026969
Uttarakhand,TEHRI GARHWAL,2007,Rabi,Wheat,28357,34275,1.208696265
Uttarakhand,TEHRI GARHWAL,2007,Whole Year,Dry ginger,143,1830,12.7972028
Uttarakhand,TEHRI GARHWAL,2007,Whole Year,Garlic,26,39,1.5
Uttarakhand,TEHRI GARHWAL,2007,Whole Year,Onion,110,440,4
Uttarakhand,TEHRI GARHWAL,2007,Whole Year,Tobacco,2,6,3
Uttarakhand,TEHRI GARHWAL,2008,Kharif,Arhar/Tur,1238,821,0.663166397
Uttarakhand,TEHRI GARHWAL,2008,Kharif,Horse-gram,2986,2225,0.745144005
Uttarakhand,TEHRI GARHWAL,2008,Kharif,Maize,1818,1863,1.024752475
Uttarakhand,TEHRI GARHWAL,2008,Kharif,Other Cereals & Millets,19351,27146,1.40282156
Uttarakhand,TEHRI GARHWAL,2008,Kharif,Other Kharif pulses,1177,917,0.779099405
Uttarakhand,TEHRI GARHWAL,2008,Kharif,other oilseeds,1,1,1
Uttarakhand,TEHRI GARHWAL,2008,Kharif,Potato,531,6247,11.7645951
Uttarakhand,TEHRI GARHWAL,2008,Kharif,Ragi,15129,22820,1.508361425
Uttarakhand,TEHRI GARHWAL,2008,Kharif,Rice,13844,22795,1.646561687
Uttarakhand,TEHRI GARHWAL,2008,Kharif,Sesamum,409,72,0.17603912
Uttarakhand,TEHRI GARHWAL,2008,Kharif,Soyabean,831,769,0.925391095
Uttarakhand,TEHRI GARHWAL,2008,Kharif,Urad,2384,2305,0.966862416
Uttarakhand,TEHRI GARHWAL,2008,Rabi,Barley,2752,2109,0.766351744
Uttarakhand,TEHRI GARHWAL,2008,Rabi,Masoor,1217,323,0.265406738
Uttarakhand,TEHRI GARHWAL,2008,Rabi,Other Cereals & Millets,8,6,0.75
Uttarakhand,TEHRI GARHWAL,2008,Rabi,other oilseeds,1,1,1
Uttarakhand,TEHRI GARHWAL,2008,Rabi,Peas & beans (Pulses),56,14,0.25
Uttarakhand,TEHRI GARHWAL,2008,Rabi,Potato,527,3803,7.216318786
Uttarakhand,TEHRI GARHWAL,2008,Rabi,Rapeseed &Mustard,1092,344,0.315018315
Uttarakhand,TEHRI GARHWAL,2008,Rabi,Wheat,29670,23922,0.806268959
Uttarakhand,TEHRI GARHWAL,2008,Whole Year,Dry ginger,240,2105,8.770833333
Uttarakhand,TEHRI GARHWAL,2008,Whole Year,Garlic,61,95,1.557377049
Uttarakhand,TEHRI GARHWAL,2008,Whole Year,Onion,164,656,4
Uttarakhand,TEHRI GARHWAL,2009,Kharif,Arhar/Tur,856,568,0.663551402
Uttarakhand,TEHRI GARHWAL,2009,Kharif,Horse-gram,2460,1405,0.571138211
Uttarakhand,TEHRI GARHWAL,2009,Kharif,Maize,1851,1897,1.024851432
Uttarakhand,TEHRI GARHWAL,2009,Kharif,Other Kharif pulses,1042,571,0.547984645
Uttarakhand,TEHRI GARHWAL,2009,Kharif,other oilseeds,2,2,1
Uttarakhand,TEHRI GARHWAL,2009,Kharif,Potato,692,4900,7.080924855
Uttarakhand,TEHRI GARHWAL,2009,Kharif,Ragi,13106,14978,1.142835343
Uttarakhand,TEHRI GARHWAL,2009,Kharif,Rice,11129,13318,1.196693324
Uttarakhand,TEHRI GARHWAL,2009,Kharif,Sesamum,273,48,0.175824176
Uttarakhand,TEHRI GARHWAL,2009,Kharif,Small millets,16352,13914,0.850905088
Uttarakhand,TEHRI GARHWAL,2009,Kharif,Soyabean,418,383,0.916267943
Uttarakhand,TEHRI GARHWAL,2009,Kharif,Urad,1823,1763,0.967087219
Uttarakhand,TEHRI GARHWAL,2009,Rabi,Barley,2268,1907,0.840828924
Uttarakhand,TEHRI GARHWAL,2009,Rabi,Gram,10,3,0.3
Uttarakhand,TEHRI GARHWAL,2009,Rabi,Masoor,918,669,0.72875817
Uttarakhand,TEHRI GARHWAL,2009,Rabi,other oilseeds,2,1,0.5
Uttarakhand,TEHRI GARHWAL,2009,Rabi,Peas & beans (Pulses),181,109,0.602209945
Uttarakhand,TEHRI GARHWAL,2009,Rabi,Potato,289,2920,10.10380623
Uttarakhand,TEHRI GARHWAL,2009,Rabi,Rapeseed &Mustard,893,313,0.350503919
Uttarakhand,TEHRI GARHWAL,2009,Rabi,Wheat,23617,24202,1.024770293
Uttarakhand,TEHRI GARHWAL,2009,Whole Year,Dry ginger,158,1833,11.60126582
Uttarakhand,TEHRI GARHWAL,2009,Whole Year,Garlic,26,52,2
Uttarakhand,TEHRI GARHWAL,2009,Whole Year,Onion,102,256,2.509803922
Uttarakhand,TEHRI GARHWAL,2010,Kharif,Arhar/Tur,831,541,0.651022864
Uttarakhand,TEHRI GARHWAL,2010,Kharif,Horse-gram,2433,1859,0.764077271
Uttarakhand,TEHRI GARHWAL,2010,Kharif,Maize,1936,2120,1.095041322
Uttarakhand,TEHRI GARHWAL,2010,Kharif,Other Cereals & Millets,16489,22635,1.372733337
Uttarakhand,TEHRI GARHWAL,2010,Kharif,Other Kharif pulses,1005,774,0.770149254
Uttarakhand,TEHRI GARHWAL,2010,Kharif,other oilseeds,1,1,1
Uttarakhand,TEHRI GARHWAL,2010,Kharif,Potato,500,5158,10.316
Uttarakhand,TEHRI GARHWAL,2010,Kharif,Ragi,12299,17161,1.395316692
Uttarakhand,TEHRI GARHWAL,2010,Kharif,Rice,11396,16656,1.461565462
Uttarakhand,TEHRI GARHWAL,2010,Kharif,Sesamum,257,46,0.178988327
Uttarakhand,TEHRI GARHWAL,2010,Kharif,Soyabean,491,406,0.82688391
Uttarakhand,TEHRI GARHWAL,2010,Kharif,Urad,1725,1590,0.92173913
Uttarakhand,TEHRI GARHWAL,2010,Rabi,Barley,2388,2867,1.200586265
Uttarakhand,TEHRI GARHWAL,2010,Rabi,Gram,24,14,0.583333333
Uttarakhand,TEHRI GARHWAL,2010,Rabi,Masoor,977,987,1.010235415
Uttarakhand,TEHRI GARHWAL,2010,Rabi,Other Cereals & Millets,18,21,1.166666667
Uttarakhand,TEHRI GARHWAL,2010,Rabi,other oilseeds,7,4,0.571428571
Uttarakhand,TEHRI GARHWAL,2010,Rabi,Peas & beans (Pulses),128,69,0.5390625
Uttarakhand,TEHRI GARHWAL,2010,Rabi,Potato,325,2595,7.984615385
Uttarakhand,TEHRI GARHWAL,2010,Rabi,Rapeseed &Mustard,858,460,0.536130536
Uttarakhand,TEHRI GARHWAL,2010,Rabi,Wheat,23815,36932,1.550787319
Uttarakhand,TEHRI GARHWAL,2010,Whole Year,Dry ginger,158,1559,9.867088608
Uttarakhand,TEHRI GARHWAL,2010,Whole Year,Garlic,26,42,1.615384615
Uttarakhand,TEHRI GARHWAL,2010,Whole Year,Onion,126,857,6.801587302
Uttarakhand,TEHRI GARHWAL,2011,Kharif,Arhar/Tur,1057,793,0.750236518
Uttarakhand,TEHRI GARHWAL,2011,Kharif,Horse-gram,2861,2336,0.816497728
Uttarakhand,TEHRI GARHWAL,2011,Kharif,Maize,1782,1964,1.102132435
Uttarakhand,TEHRI GARHWAL,2011,Kharif,Other Kharif pulses,1208,758,0.627483444
Uttarakhand,TEHRI GARHWAL,2011,Kharif,Potato,499,4534,9.086172345
Uttarakhand,TEHRI GARHWAL,2011,Kharif,Ragi,13220,19995,1.512481089
Uttarakhand,TEHRI GARHWAL,2011,Kharif,Rice,12377,18413,1.487678759
Uttarakhand,TEHRI GARHWAL,2011,Kharif,Sesamum,396,78,0.196969697
Uttarakhand,TEHRI GARHWAL,2011,Kharif,Small millets,16354,21691,1.326342179
Uttarakhand,TEHRI GARHWAL,2011,Kharif,Soyabean,719,617,0.8581363
Uttarakhand,TEHRI GARHWAL,2011,Kharif,Urad,2031,1760,0.866568193
Uttarakhand,TEHRI GARHWAL,2011,Rabi,Barley,1911,2362,1.236002093
Uttarakhand,TEHRI GARHWAL,2011,Rabi,Gram,17,11,0.647058824
Uttarakhand,TEHRI GARHWAL,2011,Rabi,Masoor,1016,743,0.731299213
Uttarakhand,TEHRI GARHWAL,2011,Rabi,Other Cereals & Millets,9,7,0.777777778
Uttarakhand,TEHRI GARHWAL,2011,Rabi,Peas & beans (Pulses),104,57,0.548076923
Uttarakhand,TEHRI GARHWAL,2011,Rabi,Potato,270,2538,9.4
Uttarakhand,TEHRI GARHWAL,2011,Rabi,Rapeseed &Mustard,764,420,0.54973822
Uttarakhand,TEHRI GARHWAL,2011,Rabi,Wheat,24140,33558,1.390140845
Uttarakhand,TEHRI GARHWAL,2011,Whole Year,Garlic,48,144,3
Uttarakhand,TEHRI GARHWAL,2011,Whole Year,Ginger,163,1583,9.711656442
Uttarakhand,TEHRI GARHWAL,2011,Whole Year,Onion,113,768,6.796460177
Uttarakhand,TEHRI GARHWAL,2012,Kharif,Arhar/Tur,1197,913,0.762740184
Uttarakhand,TEHRI GARHWAL,2012,Kharif,Horse-gram,2877,2529,0.879040667
Uttarakhand,TEHRI GARHWAL,2012,Kharif,Maize,2107,2436,1.156146179
Uttarakhand,TEHRI GARHWAL,2012,Kharif,Other Kharif pulses,1021,704,0.689520078
Uttarakhand,TEHRI GARHWAL,2012,Kharif,other oilseeds,1,1,1
Uttarakhand,TEHRI GARHWAL,2012,Kharif,Potato,1014,9508,9.376725838
Uttarakhand,TEHRI GARHWAL,2012,Kharif,Ragi,12497,18674,1.494278627
Uttarakhand,TEHRI GARHWAL,2012,Kharif,Rice,11108,16012,1.441483615
Uttarakhand,TEHRI GARHWAL,2012,Kharif,Sesamum,449,109,0.242761693
Uttarakhand,TEHRI GARHWAL,2012,Kharif,Small millets,16702,23711,1.419650341
Uttarakhand,TEHRI GARHWAL,2012,Kharif,Soyabean,605,542,0.895867769
Uttarakhand,TEHRI GARHWAL,2012,Kharif,Urad,2264,1456,0.643109541
Uttarakhand,TEHRI GARHWAL,2012,Rabi,Barley,1734,2361,1.361591696
Uttarakhand,TEHRI GARHWAL,2012,Rabi,Gram,10,6,0.6
Uttarakhand,TEHRI GARHWAL,2012,Rabi,Masoor,1061,791,0.745523091
Uttarakhand,TEHRI GARHWAL,2012,Rabi,Other Cereals & Millets,4,3,0.75
Uttarakhand,TEHRI GARHWAL,2012,Rabi,Peas & beans (Pulses),163,90,0.552147239
Uttarakhand,TEHRI GARHWAL,2012,Rabi,Potato,371,3364,9.067385445
Uttarakhand,TEHRI GARHWAL,2012,Rabi,Rapeseed &Mustard,1032,570,0.552325581
Uttarakhand,TEHRI GARHWAL,2012,Rabi,Wheat,24807,37149,1.497520861
Uttarakhand,TEHRI GARHWAL,2012,Whole Year,Garlic,37,107,2.891891892
Uttarakhand,TEHRI GARHWAL,2012,Whole Year,Ginger,201,2323,11.55721393
Uttarakhand,TEHRI GARHWAL,2012,Whole Year,Onion,105,712,6.780952381
Uttarakhand,TEHRI GARHWAL,2013,Kharif,Arhar/Tur,1033,788,0.762826718
Uttarakhand,TEHRI GARHWAL,2013,Kharif,Horse-gram,2607,2021,0.77522056
Uttarakhand,TEHRI GARHWAL,2013,Kharif,Maize,1788,2068,1.156599553
Uttarakhand,TEHRI GARHWAL,2013,Kharif,Other Kharif pulses,1066,733,0.687617261
Uttarakhand,TEHRI GARHWAL,2013,Kharif,Potato,872,7854,9.006880734
Uttarakhand,TEHRI GARHWAL,2013,Kharif,Ragi,12131,17695,1.458659632
Uttarakhand,TEHRI GARHWAL,2013,Kharif,Rice,11352,17596,1.550035236
Uttarakhand,TEHRI GARHWAL,2013,Kharif,Sesamum,432,105,0.243055556
Uttarakhand,TEHRI GARHWAL,2013,Kharif,Small millets,15082,22233,1.474141361
Uttarakhand,TEHRI GARHWAL,2013,Kharif,Soyabean,574,514,0.895470383
Uttarakhand,TEHRI GARHWAL,2013,Kharif,Urad,1817,1574,0.866263071
Uttarakhand,TEHRI GARHWAL,2013,Rabi,Barley,1885,2603,1.380901857
Uttarakhand,TEHRI GARHWAL,2013,Rabi,Gram,16,10,0.625
Uttarakhand,TEHRI GARHWAL,2013,Rabi,Masoor,1123,994,0.885129118
Uttarakhand,TEHRI GARHWAL,2013,Rabi,other oilseeds,4,2,0.5
Uttarakhand,TEHRI GARHWAL,2013,Rabi,Peas & beans (Pulses),176,91,0.517045455
Uttarakhand,TEHRI GARHWAL,2013,Rabi,Potato,380,3719,9.786842105
Uttarakhand,TEHRI GARHWAL,2013,Rabi,Rapeseed &Mustard,848,466,0.549528302
Uttarakhand,TEHRI GARHWAL,2013,Rabi,Wheat,22379,32752,1.463514902
Uttarakhand,TEHRI GARHWAL,2013,Whole Year,Garlic,48,78,1.625
Uttarakhand,TEHRI GARHWAL,2013,Whole Year,Ginger,141,1248,8.85106383
Uttarakhand,TEHRI GARHWAL,2013,Whole Year,Onion,56,367,6.553571429
Uttarakhand,TEHRI GARHWAL,2014,Kharif,Arhar/Tur,1620,1733,1.069753086
Uttarakhand,TEHRI GARHWAL,2014,Kharif,Ginger,196,2415,12.32142857
Uttarakhand,TEHRI GARHWAL,2014,Kharif,Horse-gram,3177,2430,0.764872521
Uttarakhand,TEHRI GARHWAL,2014,Kharif,Maize,2049,5172,2.524158126
Uttarakhand,TEHRI GARHWAL,2014,Kharif,Other Kharif pulses,1589,1463,0.920704846
Uttarakhand,TEHRI GARHWAL,2014,Kharif,other oilseeds,3,2,0.666666667
Uttarakhand,TEHRI GARHWAL,2014,Kharif,Potato,507,4908,9.680473373
Uttarakhand,TEHRI GARHWAL,2014,Kharif,Pulses total,10697,9229,0.862765261
Uttarakhand,TEHRI GARHWAL,2014,Kharif,Ragi,11756,17704,1.505954406
Uttarakhand,TEHRI GARHWAL,2014,Kharif,Rice,11291,18985,1.681427686
Uttarakhand,TEHRI GARHWAL,2014,Kharif,Sesamum,373,92,0.246648794
Uttarakhand,TEHRI GARHWAL,2014,Kharif,Small millets,15909,24118,1.515997234
Uttarakhand,TEHRI GARHWAL,2014,Kharif,Soyabean,569,565,0.992970123
Uttarakhand,TEHRI GARHWAL,2014,Kharif,Total foodgrain,49798,73730,1.480581549
Uttarakhand,TEHRI GARHWAL,2014,Kharif,Urad,2407,2125,0.882841712
Uttarakhand,TEHRI GARHWAL,2014,Rabi,Barley,2050,2509,1.223902439
Uttarakhand,TEHRI GARHWAL,2014,Rabi,Gram,5,3,0.6
Uttarakhand,TEHRI GARHWAL,2014,Rabi,Lentil,980,788,0.804081633
Uttarakhand,TEHRI GARHWAL,2014,Rabi,Masoor,980,788,0.804081633
Uttarakhand,TEHRI GARHWAL,2014,Rabi,Other Cereals & Millets,4,3,0.75
Uttarakhand,TEHRI GARHWAL,2014,Rabi,Peas & beans (Pulses),220,113,0.513636364
Uttarakhand,TEHRI GARHWAL,2014,Rabi,Potato,684,5966,8.722222222
Uttarakhand,TEHRI GARHWAL,2014,Rabi,Pulses total,1388,981,0.706772334
Uttarakhand,TEHRI GARHWAL,2014,Rabi,Rapeseed &Mustard,1051,315,0.299714558
Uttarakhand,TEHRI GARHWAL,2014,Rabi,Total foodgrain,27002,29407,1.089067476
Uttarakhand,TEHRI GARHWAL,2014,Rabi,Wheat,23743,25991,1.094680537
Uttarakhand,TEHRI GARHWAL,2014,Whole Year,Garlic,49,80,1.632653061
Uttarakhand,TEHRI GARHWAL,2014,Whole Year,Ginger,286,3524,12.32167832
Uttarakhand,TEHRI GARHWAL,2014,Whole Year,Onion,161,1055,6.552795031
Uttarakhand,TEHRI GARHWAL,2014,Whole Year,Pulses total,12085,10210,0.844848986
Uttarakhand,TEHRI GARHWAL,2014,Whole Year,Rice,11291,18985,1.681427686
Uttarakhand,TEHRI GARHWAL,2014,Whole Year,Total foodgrain,76800,103137,1.342929688
Uttarakhand,TEHRI GARHWAL,2014,Whole Year,Turmeric,31,48,1.548387097
Uttarakhand,UDAM SINGH NAGAR,2000,Kharif,Arhar/Tur,43,32,0.744186047
Uttarakhand,UDAM SINGH NAGAR,2000,Kharif,Maize,604,1110,1.837748344
Uttarakhand,UDAM SINGH NAGAR,2000,Kharif,Moong(Green Gram),40,14,0.35
Uttarakhand,UDAM SINGH NAGAR,2000,Kharif,Other Kharif pulses,2,1,0.5
Uttarakhand,UDAM SINGH NAGAR,2000,Kharif,Rice,94531,290122,3.06906729
Uttarakhand,UDAM SINGH NAGAR,2000,Kharif,Soyabean,118,89,0.754237288
Uttarakhand,UDAM SINGH NAGAR,2000,Kharif,Sunflower,41,56,1.365853659
Uttarakhand,UDAM SINGH NAGAR,2000,Kharif,Urad,100,52,0.52
Uttarakhand,UDAM SINGH NAGAR,2000,Rabi,Barley,77,91,1.181818182
Uttarakhand,UDAM SINGH NAGAR,2000,Rabi,Gram,181,145,0.801104972
Uttarakhand,UDAM SINGH NAGAR,2000,Rabi,Linseed,11,4,0.363636364
Uttarakhand,UDAM SINGH NAGAR,2000,Rabi,Maize,18,28,1.555555556
Uttarakhand,UDAM SINGH NAGAR,2000,Rabi,Masoor,1949,1228,0.630066701
Uttarakhand,UDAM SINGH NAGAR,2000,Rabi,Moong(Green Gram),36,10,0.277777778
Uttarakhand,UDAM SINGH NAGAR,2000,Rabi,Other  Rabi pulses,63,25,0.396825397
Uttarakhand,UDAM SINGH NAGAR,2000,Rabi,other oilseeds,35,26,0.742857143
Uttarakhand,UDAM SINGH NAGAR,2000,Rabi,Peas & beans (Pulses),1496,1272,0.85026738
Uttarakhand,UDAM SINGH NAGAR,2000,Rabi,Potato,683,14732,21.56954612
Uttarakhand,UDAM SINGH NAGAR,2000,Rabi,Rapeseed &Mustard,5026,3770,0.750099483
Uttarakhand,UDAM SINGH NAGAR,2000,Rabi,Rice,3020,9447,3.128145695
Uttarakhand,UDAM SINGH NAGAR,2000,Rabi,Wheat,83673,285412,3.411040599
Uttarakhand,UDAM SINGH NAGAR,2000,Whole Year,Onion,18,177,9.833333333
Uttarakhand,UDAM SINGH NAGAR,2000,Whole Year,Sugarcane,38399,2292420,59.69999219
Uttarakhand,UDAM SINGH NAGAR,2000,Whole Year,Turmeric,132,,
Uttarakhand,UDAM SINGH NAGAR,2001,Kharif,Arhar/Tur,20,17,0.85
Uttarakhand,UDAM SINGH NAGAR,2001,Kharif,Bajra,7,9,1.285714286
Uttarakhand,UDAM SINGH NAGAR,2001,Kharif,Groundnut,35,35,1
Uttarakhand,UDAM SINGH NAGAR,2001,Kharif,Maize,316,479,1.515822785
Uttarakhand,UDAM SINGH NAGAR,2001,Kharif,Moong(Green Gram),53,27,0.509433962
Uttarakhand,UDAM SINGH NAGAR,2001,Kharif,Other Kharif pulses,11,7,0.636363636
Uttarakhand,UDAM SINGH NAGAR,2001,Kharif,Rice,94713,289134,3.052738272
Uttarakhand,UDAM SINGH NAGAR,2001,Kharif,Sesamum,4,1,0.25
Uttarakhand,UDAM SINGH NAGAR,2001,Kharif,Soyabean,132,99,0.75
Uttarakhand,UDAM SINGH NAGAR,2001,Kharif,Sunflower,41,41,1
Uttarakhand,UDAM SINGH NAGAR,2001,Kharif,Urad,268,119,0.444029851
Uttarakhand,UDAM SINGH NAGAR,2001,Rabi,Barley,58,70,1.206896552
Uttarakhand,UDAM SINGH NAGAR,2001,Rabi,Gram,201,161,0.800995025
Uttarakhand,UDAM SINGH NAGAR,2001,Rabi,Linseed,12,5,0.416666667
Uttarakhand,UDAM SINGH NAGAR,2001,Rabi,Maize,8,,
Uttarakhand,UDAM SINGH NAGAR,2001,Rabi,Masoor,1878,1127,0.600106496
Uttarakhand,UDAM SINGH NAGAR,2001,Rabi,Moong(Green Gram),22,6,0.272727273
Uttarakhand,UDAM SINGH NAGAR,2001,Rabi,Other  Rabi pulses,58,22,0.379310345
Uttarakhand,UDAM SINGH NAGAR,2001,Rabi,other oilseeds,16,13,0.8125
Uttarakhand,UDAM SINGH NAGAR,2001,Rabi,Peas & beans (Pulses),1676,1341,0.800119332
Uttarakhand,UDAM SINGH NAGAR,2001,Rabi,Potato,629,13568,21.57074722
Uttarakhand,UDAM SINGH NAGAR,2001,Rabi,Rapeseed &Mustard,5133,4106,0.799922073
Uttarakhand,UDAM SINGH NAGAR,2001,Rabi,Rice,3702,11709,3.162884927
Uttarakhand,UDAM SINGH NAGAR,2001,Rabi,Urad,1,,
Uttarakhand,UDAM SINGH NAGAR,2001,Rabi,Wheat,85908,279034,3.24805606
Uttarakhand,UDAM SINGH NAGAR,2001,Whole Year,Dry ginger,3,27,9
Uttarakhand,UDAM SINGH NAGAR,2001,Whole Year,Onion,13,130,10
Uttarakhand,UDAM SINGH NAGAR,2001,Whole Year,Sugarcane,38268,2284600,59.70001045
Uttarakhand,UDAM SINGH NAGAR,2001,Whole Year,Turmeric,29,69,2.379310345
Uttarakhand,UDAM SINGH NAGAR,2002,Kharif,Arhar/Tur,25,16,0.64
Uttarakhand,UDAM SINGH NAGAR,2002,Kharif,Bajra,3,4,1.333333333
Uttarakhand,UDAM SINGH NAGAR,2002,Kharif,Groundnut,55,47,0.854545455
Uttarakhand,UDAM SINGH NAGAR,2002,Kharif,Maize,265,477,1.8
Uttarakhand,UDAM SINGH NAGAR,2002,Kharif,Moong(Green Gram),71,20,0.281690141
Uttarakhand,UDAM SINGH NAGAR,2002,Kharif,Other Kharif pulses,10,4,0.4
Uttarakhand,UDAM SINGH NAGAR,2002,Kharif,Rice,94281,288037,3.055090633
Uttarakhand,UDAM SINGH NAGAR,2002,Kharif,Sesamum,5,1,0.2
Uttarakhand,UDAM SINGH NAGAR,2002,Kharif,Soyabean,413,281,0.680387409
Uttarakhand,UDAM SINGH NAGAR,2002,Kharif,Sunflower,133,120,0.902255639
Uttarakhand,UDAM SINGH NAGAR,2002,Kharif,Urad,489,235,0.480572597
Uttarakhand,UDAM SINGH NAGAR,2002,Rabi,Barley,60,66,1.1
Uttarakhand,UDAM SINGH NAGAR,2002,Rabi,Gram,76,60,0.789473684
Uttarakhand,UDAM SINGH NAGAR,2002,Rabi,Linseed,37345,16151,0.432480921
Uttarakhand,UDAM SINGH NAGAR,2002,Rabi,Maize,11,21,1.909090909
Uttarakhand,UDAM SINGH NAGAR,2002,Rabi,Masoor,1461,760,0.52019165
Uttarakhand,UDAM SINGH NAGAR,2002,Rabi,Moong(Green Gram),28,7,0.25
Uttarakhand,UDAM SINGH NAGAR,2002,Rabi,Onion,8497,87690,10.32011298
Uttarakhand,UDAM SINGH NAGAR,2002,Rabi,Other  Rabi pulses,2,1,0.5
Uttarakhand,UDAM SINGH NAGAR,2002,Rabi,other oilseeds,45,31,0.688888889
Uttarakhand,UDAM SINGH NAGAR,2002,Rabi,Peas & beans (Pulses),1890,1550,0.82010582
Uttarakhand,UDAM SINGH NAGAR,2002,Rabi,Potato,815,17580,21.57055215
Uttarakhand,UDAM SINGH NAGAR,2002,Rabi,Rapeseed &Mustard,4806,3316,0.68997087
Uttarakhand,UDAM SINGH NAGAR,2002,Rabi,Rice,4010,11429,2.850124688
Uttarakhand,UDAM SINGH NAGAR,2002,Rabi,Urad,65,29,0.446153846
Uttarakhand,UDAM SINGH NAGAR,2002,Rabi,Wheat,88050,275550,3.129471891
Uttarakhand,UDAM SINGH NAGAR,2002,Summer,Moong(Green Gram),34489,19967,0.578938212
Uttarakhand,UDAM SINGH NAGAR,2002,Summer,Onion,11216,125394,11.17992154
Uttarakhand,UDAM SINGH NAGAR,2002,Whole Year,Dry ginger,5,,
Uttarakhand,UDAM SINGH NAGAR,2002,Whole Year,Garlic,6,6,1
Uttarakhand,UDAM SINGH NAGAR,2002,Whole Year,Onion,22,220,10
Uttarakhand,UDAM SINGH NAGAR,2002,Whole Year,Sannhamp,4007,1262,0.31494884
Uttarakhand,UDAM SINGH NAGAR,2002,Whole Year,Sugarcane,37481,2170150,57.90000267
Uttarakhand,UDAM SINGH NAGAR,2002,Whole Year,Tobacco,700,2621,3.744285714
Uttarakhand,UDAM SINGH NAGAR,2002,Whole Year,Turmeric,123,260,2.113821138
Uttarakhand,UDAM SINGH NAGAR,2003,Kharif,Arhar/Tur,12,10,0.833333333
Uttarakhand,UDAM SINGH NAGAR,2003,Kharif,Bajra,2,2,1
Uttarakhand,UDAM SINGH NAGAR,2003,Kharif,Groundnut,47,47,1
Uttarakhand,UDAM SINGH NAGAR,2003,Kharif,Maize,310,563,1.816129032
Uttarakhand,UDAM SINGH NAGAR,2003,Kharif,Moong(Green Gram),9,3,0.333333333
Uttarakhand,UDAM SINGH NAGAR,2003,Kharif,Ragi,2,2,1
Uttarakhand,UDAM SINGH NAGAR,2003,Kharif,Rice,96566,254699,2.637563946
Uttarakhand,UDAM SINGH NAGAR,2003,Kharif,Sesamum,5,1,0.2
Uttarakhand,UDAM SINGH NAGAR,2003,Kharif,Soyabean,1355,1133,0.836162362
Uttarakhand,UDAM SINGH NAGAR,2003,Kharif,Sunflower,200,240,1.2
Uttarakhand,UDAM SINGH NAGAR,2003,Kharif,Urad,389,177,0.455012853
Uttarakhand,UDAM SINGH NAGAR,2003,Rabi,Barley,64,64,1
Uttarakhand,UDAM SINGH NAGAR,2003,Rabi,Gram,50,45,0.9
Uttarakhand,UDAM SINGH NAGAR,2003,Rabi,Linseed,11,4,0.363636364
Uttarakhand,UDAM SINGH NAGAR,2003,Rabi,Masoor,1241,943,0.759871072
Uttarakhand,UDAM SINGH NAGAR,2003,Rabi,Other  Rabi pulses,2,2,1
Uttarakhand,UDAM SINGH NAGAR,2003,Rabi,other oilseeds,4,3,0.75
Uttarakhand,UDAM SINGH NAGAR,2003,Rabi,Peas & beans (Pulses),2373,2065,0.87020649
Uttarakhand,UDAM SINGH NAGAR,2003,Rabi,Rapeseed &Mustard,5082,4772,0.939000394
Uttarakhand,UDAM SINGH NAGAR,2003,Rabi,Wheat,92086,318680,3.460678062
Uttarakhand,UDAM SINGH NAGAR,2003,Summer,Maize,51,83,1.62745098
Uttarakhand,UDAM SINGH NAGAR,2003,Summer,Moong(Green Gram),17,5,0.294117647
Uttarakhand,UDAM SINGH NAGAR,2003,Summer,Rice,5536,20682,3.735910405
Uttarakhand,UDAM SINGH NAGAR,2003,Summer,Urad,57,21,0.368421053
Uttarakhand,UDAM SINGH NAGAR,2003,Whole Year,Dry ginger,6,42,7
Uttarakhand,UDAM SINGH NAGAR,2003,Whole Year,Onion,48,576,12
Uttarakhand,UDAM SINGH NAGAR,2003,Whole Year,Potato,1050,19950,19
Uttarakhand,UDAM SINGH NAGAR,2003,Whole Year,Sugarcane,33626,1946945,57.8999881
Uttarakhand,UDAM SINGH NAGAR,2004,Kharif,Arhar/Tur,18,11,0.611111111
Uttarakhand,UDAM SINGH NAGAR,2004,Kharif,Groundnut,55,68,1.236363636
Uttarakhand,UDAM SINGH NAGAR,2004,Kharif,Maize,252,685,2.718253968
Uttarakhand,UDAM SINGH NAGAR,2004,Kharif,Other Kharif pulses,1,,
Uttarakhand,UDAM SINGH NAGAR,2004,Kharif,Rice,100560,270220,2.687151949
Uttarakhand,UDAM SINGH NAGAR,2004,Kharif,Sesamum,7,2,0.285714286
Uttarakhand,UDAM SINGH NAGAR,2004,Kharif,Soyabean,1439,2002,1.391243919
Uttarakhand,UDAM SINGH NAGAR,2004,Kharif,Sunflower,200,240,1.2
Uttarakhand,UDAM SINGH NAGAR,2004,Kharif,Urad,352,201,0.571022727
Uttarakhand,UDAM SINGH NAGAR,2004,Rabi,Barley,35,48,1.371428571
Uttarakhand,UDAM SINGH NAGAR,2004,Rabi,Gram,35,35,1
Uttarakhand,UDAM SINGH NAGAR,2004,Rabi,Linseed,13,5,0.384615385
Uttarakhand,UDAM SINGH NAGAR,2004,Rabi,Masoor,709,425,0.599435825
Uttarakhand,UDAM SINGH NAGAR,2004,Rabi,Other  Rabi pulses,11,8,0.727272727
Uttarakhand,UDAM SINGH NAGAR,2004,Rabi,other oilseeds,30,18,0.6
Uttarakhand,UDAM SINGH NAGAR,2004,Rabi,Peas & beans (Pulses),2168,1951,0.899907749
Uttarakhand,UDAM SINGH NAGAR,2004,Rabi,Rapeseed &Mustard,6525,4568,0.700076628
Uttarakhand,UDAM SINGH NAGAR,2004,Rabi,Wheat,95309,307290,3.224144624
Uttarakhand,UDAM SINGH NAGAR,2004,Summer,Maize,19,38,2
Uttarakhand,UDAM SINGH NAGAR,2004,Summer,Moong(Green Gram),6,2,0.333333333
Uttarakhand,UDAM SINGH NAGAR,2004,Summer,Rice,7395,22022,2.97795808
Uttarakhand,UDAM SINGH NAGAR,2004,Summer,Urad,25,11,0.44
Uttarakhand,UDAM SINGH NAGAR,2004,Whole Year,Dry ginger,13,91,7
Uttarakhand,UDAM SINGH NAGAR,2004,Whole Year,Onion,144,1656,11.5
Uttarakhand,UDAM SINGH NAGAR,2004,Whole Year,Potato,958,16765,17.5
Uttarakhand,UDAM SINGH NAGAR,2004,Whole Year,Sugarcane,28646,1612770,56.30000698
Uttarakhand,UDAM SINGH NAGAR,2005,Kharif,Arhar/Tur,23,14,0.608695652
Uttarakhand,UDAM SINGH NAGAR,2005,Kharif,Maize,203,443,2.18226601
Uttarakhand,UDAM SINGH NAGAR,2005,Kharif,Other Kharif pulses,17,10,0.588235294
Uttarakhand,UDAM SINGH NAGAR,2005,Kharif,Ragi,50,73,1.46
Uttarakhand,UDAM SINGH NAGAR,2005,Kharif,Rice,101780,269787,2.650687758
Uttarakhand,UDAM SINGH NAGAR,2005,Kharif,Sesamum,10,3,0.3
Uttarakhand,UDAM SINGH NAGAR,2005,Kharif,Soyabean,1345,2059,1.530855019
Uttarakhand,UDAM SINGH NAGAR,2005,Kharif,Sunflower,115,138,1.2
Uttarakhand,UDAM SINGH NAGAR,2005,Kharif,Urad,321,176,0.548286604
Uttarakhand,UDAM SINGH NAGAR,2005,Rabi,Barley,25,22,0.88
Uttarakhand,UDAM SINGH NAGAR,2005,Rabi,Gram,36,26,0.722222222
Uttarakhand,UDAM SINGH NAGAR,2005,Rabi,Linseed,14,5,0.357142857
Uttarakhand,UDAM SINGH NAGAR,2005,Rabi,Masoor,721,252,0.349514563
Uttarakhand,UDAM SINGH NAGAR,2005,Rabi,Other  Rabi pulses,6,4,0.666666667
Uttarakhand,UDAM SINGH NAGAR,2005,Rabi,Other Cereals & Millets,6,11,1.833333333
Uttarakhand,UDAM SINGH NAGAR,2005,Rabi,other oilseeds,27,19,0.703703704
Uttarakhand,UDAM SINGH NAGAR,2005,Rabi,Peas & beans (Pulses),2440,1769,0.725
Uttarakhand,UDAM SINGH NAGAR,2005,Rabi,Rapeseed &Mustard,7834,5593,0.713939239
Uttarakhand,UDAM SINGH NAGAR,2005,Rabi,Wheat,93451,281919,3.016757445
Uttarakhand,UDAM SINGH NAGAR,2005,Summer,Maize,36,79,2.194444444
Uttarakhand,UDAM SINGH NAGAR,2005,Summer,Moong(Green Gram),15,7,0.466666667
Uttarakhand,UDAM SINGH NAGAR,2005,Summer,Rice,8844,42265,4.778946178
Uttarakhand,UDAM SINGH NAGAR,2005,Summer,Urad,56,14,0.25
Uttarakhand,UDAM SINGH NAGAR,2005,Whole Year,Dry ginger,18,117,6.5
Uttarakhand,UDAM SINGH NAGAR,2005,Whole Year,Onion,222,2553,11.5
Uttarakhand,UDAM SINGH NAGAR,2005,Whole Year,Potato,948,16590,17.5
Uttarakhand,UDAM SINGH NAGAR,2005,Whole Year,Sugarcane,27691,1650384,59.60001445
Uttarakhand,UDAM SINGH NAGAR,2006,Kharif,Arhar/Tur,14,9,0.642857143
Uttarakhand,UDAM SINGH NAGAR,2006,Kharif,Bajra,9,11,1.222222222
Uttarakhand,UDAM SINGH NAGAR,2006,Kharif,Groundnut,106,116,1.094339623
Uttarakhand,UDAM SINGH NAGAR,2006,Kharif,Maize,108,200,1.851851852
Uttarakhand,UDAM SINGH NAGAR,2006,Kharif,Moong(Green Gram),1,1,1
Uttarakhand,UDAM SINGH NAGAR,2006,Kharif,other oilseeds,1,1,1
Uttarakhand,UDAM SINGH NAGAR,2006,Kharif,Rice,100822,283757,2.814435341
Uttarakhand,UDAM SINGH NAGAR,2006,Kharif,Sesamum,12,3,0.25
Uttarakhand,UDAM SINGH NAGAR,2006,Kharif,Soyabean,191,286,1.497382199
Uttarakhand,UDAM SINGH NAGAR,2006,Kharif,Sunflower,39,47,1.205128205
Uttarakhand,UDAM SINGH NAGAR,2006,Kharif,Urad,182,127,0.697802198
Uttarakhand,UDAM SINGH NAGAR,2006,Rabi,Barley,5,6,1.2
Uttarakhand,UDAM SINGH NAGAR,2006,Rabi,Gram,5,5,1
Uttarakhand,UDAM SINGH NAGAR,2006,Rabi,Maize,38,61,1.605263158
Uttarakhand,UDAM SINGH NAGAR,2006,Rabi,Masoor,634,666,1.050473186
Uttarakhand,UDAM SINGH NAGAR,2006,Rabi,Moong(Green Gram),18,8,0.444444444
Uttarakhand,UDAM SINGH NAGAR,2006,Rabi,Other  Rabi pulses,9,4,0.444444444
Uttarakhand,UDAM SINGH NAGAR,2006,Rabi,Peas & beans (Pulses),3269,3596,1.10003059
Uttarakhand,UDAM SINGH NAGAR,2006,Rabi,Potato,913,15673,17.16648412
Uttarakhand,UDAM SINGH NAGAR,2006,Rabi,Rapeseed &Mustard,6305,4420,0.701030928
Uttarakhand,UDAM SINGH NAGAR,2006,Rabi,Rice,9816,30871,3.1449674
Uttarakhand,UDAM SINGH NAGAR,2006,Rabi,Urad,62,39,0.629032258
Uttarakhand,UDAM SINGH NAGAR,2006,Rabi,Wheat,96024,319090,3.323023411
Uttarakhand,UDAM SINGH NAGAR,2006,Whole Year,Dry ginger,8,108,13.5
Uttarakhand,UDAM SINGH NAGAR,2006,Whole Year,Onion,26,182,7
Uttarakhand,UDAM SINGH NAGAR,2006,Whole Year,Sugarcane,34385,2073416,60.30001454
Uttarakhand,UDAM SINGH NAGAR,2006,Whole Year,Turmeric,12,31,2.583333333
Uttarakhand,UDAM SINGH NAGAR,2007,Kharif,Arhar/Tur,5,4,0.8
Uttarakhand,UDAM SINGH NAGAR,2007,Kharif,Groundnut,70,70,1
Uttarakhand,UDAM SINGH NAGAR,2007,Kharif,Maize,166,252,1.518072289
Uttarakhand,UDAM SINGH NAGAR,2007,Kharif,Moong(Green Gram),2,1,0.5
Uttarakhand,UDAM SINGH NAGAR,2007,Kharif,other oilseeds,1,1,1
Uttarakhand,UDAM SINGH NAGAR,2007,Kharif,Rice,94447,268565,2.843552469
Uttarakhand,UDAM SINGH NAGAR,2007,Kharif,Sesamum,2,1,0.5
Uttarakhand,UDAM SINGH NAGAR,2007,Kharif,Soyabean,167,267,1.598802395
Uttarakhand,UDAM SINGH NAGAR,2007,Kharif,Sunflower,45,43,0.955555556
Uttarakhand,UDAM SINGH NAGAR,2007,Kharif,Urad,278,128,0.460431655
Uttarakhand,UDAM SINGH NAGAR,2007,Rabi,Barley,7,5,0.714285714
Uttarakhand,UDAM SINGH NAGAR,2007,Rabi,Gram,30,23,0.766666667
Uttarakhand,UDAM SINGH NAGAR,2007,Rabi,Masoor,422,401,0.950236967
Uttarakhand,UDAM SINGH NAGAR,2007,Rabi,Other  Rabi pulses,2,1,0.5
Uttarakhand,UDAM SINGH NAGAR,2007,Rabi,Peas & beans (Pulses),2147,2254,1.049836982
Uttarakhand,UDAM SINGH NAGAR,2007,Rabi,Potato,847,15110,17.83943329
Uttarakhand,UDAM SINGH NAGAR,2007,Rabi,Rapeseed &Mustard,4437,3732,0.841108857
Uttarakhand,UDAM SINGH NAGAR,2007,Rabi,Wheat,97910,373379,3.813491982
Uttarakhand,UDAM SINGH NAGAR,2007,Summer,Moong(Green Gram),11,5,0.454545455
Uttarakhand,UDAM SINGH NAGAR,2007,Summer,Rice,12317,41705,3.38597061
Uttarakhand,UDAM SINGH NAGAR,2007,Summer,Urad,61,27,0.442622951
Uttarakhand,UDAM SINGH NAGAR,2007,Whole Year,Dry ginger,1,14,14
Uttarakhand,UDAM SINGH NAGAR,2007,Whole Year,Garlic,8,12,1.5
Uttarakhand,UDAM SINGH NAGAR,2007,Whole Year,Onion,20,160,8
Uttarakhand,UDAM SINGH NAGAR,2007,Whole Year,Sugarcane,37367,2316754,62
Uttarakhand,UDAM SINGH NAGAR,2007,Whole Year,Turmeric,4,7,1.75
Uttarakhand,UDAM SINGH NAGAR,2008,Kharif,Arhar/Tur,4,3,0.75
Uttarakhand,UDAM SINGH NAGAR,2008,Kharif,Groundnut,55,80,1.454545455
Uttarakhand,UDAM SINGH NAGAR,2008,Kharif,Maize,77,117,1.519480519
Uttarakhand,UDAM SINGH NAGAR,2008,Kharif,Moong(Green Gram),50,23,0.46
Uttarakhand,UDAM SINGH NAGAR,2008,Kharif,Other Kharif pulses,3,38,12.66666667
Uttarakhand,UDAM SINGH NAGAR,2008,Kharif,other oilseeds,2,1,0.5
Uttarakhand,UDAM SINGH NAGAR,2008,Kharif,Rice,102098,265223,2.597729632
Uttarakhand,UDAM SINGH NAGAR,2008,Kharif,Soyabean,116,168,1.448275862
Uttarakhand,UDAM SINGH NAGAR,2008,Kharif,Sunflower,37,35,0.945945946
Uttarakhand,UDAM SINGH NAGAR,2008,Kharif,Urad,104,48,0.461538462
Uttarakhand,UDAM SINGH NAGAR,2008,Rabi,Barley,14,17,1.214285714
Uttarakhand,UDAM SINGH NAGAR,2008,Rabi,Gram,36,12,0.333333333
Uttarakhand,UDAM SINGH NAGAR,2008,Rabi,Masoor,378,263,0.695767196
Uttarakhand,UDAM SINGH NAGAR,2008,Rabi,other oilseeds,33,23,0.696969697
Uttarakhand,UDAM SINGH NAGAR,2008,Rabi,Peas & beans (Pulses),2372,1067,0.449831366
Uttarakhand,UDAM SINGH NAGAR,2008,Rabi,Potato,910,17856,19.62197802
Uttarakhand,UDAM SINGH NAGAR,2008,Rabi,Rapeseed &Mustard,5284,5152,0.975018925
Uttarakhand,UDAM SINGH NAGAR,2008,Rabi,Wheat,99870,373227,3.737128267
Uttarakhand,UDAM SINGH NAGAR,2008,Summer,Maize,56,98,1.75
Uttarakhand,UDAM SINGH NAGAR,2008,Summer,Rice,12489,39278,3.145007607
Uttarakhand,UDAM SINGH NAGAR,2008,Summer,Urad,20,13,0.65
Uttarakhand,UDAM SINGH NAGAR,2008,Whole Year,Onion,4,28,7
Uttarakhand,UDAM SINGH NAGAR,2008,Whole Year,Sugarcane,29252,1553281,53.09999316
Uttarakhand,UDAM SINGH NAGAR,2009,Kharif,Arhar/Tur,7,3,0.428571429
Uttarakhand,UDAM SINGH NAGAR,2009,Kharif,Groundnut,33,28,0.848484848
Uttarakhand,UDAM SINGH NAGAR,2009,Kharif,Maize,69,105,1.52173913
Uttarakhand,UDAM SINGH NAGAR,2009,Kharif,Moong(Green Gram),7,5,0.714285714
Uttarakhand,UDAM SINGH NAGAR,2009,Kharif,Rice,105297,303122,2.878733487
Uttarakhand,UDAM SINGH NAGAR,2009,Kharif,Sesamum,14,3,0.214285714
Uttarakhand,UDAM SINGH NAGAR,2009,Kharif,Soyabean,88,170,1.931818182
Uttarakhand,UDAM SINGH NAGAR,2009,Kharif,Sunflower,5,6,1.2
Uttarakhand,UDAM SINGH NAGAR,2009,Kharif,Urad,507,234,0.461538462
Uttarakhand,UDAM SINGH NAGAR,2009,Rabi,Barley,11,15,1.363636364
Uttarakhand,UDAM SINGH NAGAR,2009,Rabi,Gram,5,3,0.6
Uttarakhand,UDAM SINGH NAGAR,2009,Rabi,Maize,33,56,1.696969697
Uttarakhand,UDAM SINGH NAGAR,2009,Rabi,Masoor,382,252,0.659685864
Uttarakhand,UDAM SINGH NAGAR,2009,Rabi,Moong(Green Gram),7,5,0.714285714
Uttarakhand,UDAM SINGH NAGAR,2009,Rabi,Other  Rabi pulses,4,3,0.75
Uttarakhand,UDAM SINGH NAGAR,2009,Rabi,other oilseeds,9,5,0.555555556
Uttarakhand,UDAM SINGH NAGAR,2009,Rabi,Peas & beans (Pulses),4181,4599,1.099976082
Uttarakhand,UDAM SINGH NAGAR,2009,Rabi,Potato,551,11610,21.0707804
Uttarakhand,UDAM SINGH NAGAR,2009,Rabi,Rapeseed &Mustard,5869,6749,1.149940365
Uttarakhand,UDAM SINGH NAGAR,2009,Rabi,Rice,13634,38898,2.853014523
Uttarakhand,UDAM SINGH NAGAR,2009,Rabi,Urad,16,9,0.5625
Uttarakhand,UDAM SINGH NAGAR,2009,Rabi,Wheat,104469,397478,3.804745905
Uttarakhand,UDAM SINGH NAGAR,2009,Whole Year,Onion,5,25,5
Uttarakhand,UDAM SINGH NAGAR,2009,Whole Year,Sugarcane,24908,1559241,62.60000803
Uttarakhand,UDAM SINGH NAGAR,2009,Whole Year,Turmeric,1,1,1
Uttarakhand,UDAM SINGH NAGAR,2010,Kharif,Groundnut,57,74,1.298245614
Uttarakhand,UDAM SINGH NAGAR,2010,Kharif,Maize,64,141,2.203125
Uttarakhand,UDAM SINGH NAGAR,2010,Kharif,Moong(Green Gram),100,53,0.53
Uttarakhand,UDAM SINGH NAGAR,2010,Kharif,other oilseeds,28,20,0.714285714
Uttarakhand,UDAM SINGH NAGAR,2010,Kharif,Rice,104602,257494,2.461654653
Uttarakhand,UDAM SINGH NAGAR,2010,Kharif,Sesamum,5,1,0.2
Uttarakhand,UDAM SINGH NAGAR,2010,Kharif,Soyabean,40,47,1.175
Uttarakhand,UDAM SINGH NAGAR,2010,Kharif,Urad,199,116,0.582914573
Uttarakhand,UDAM SINGH NAGAR,2010,Rabi,Barley,17,28,1.647058824
Uttarakhand,UDAM SINGH NAGAR,2010,Rabi,Gram,9,6,0.666666667
Uttarakhand,UDAM SINGH NAGAR,2010,Rabi,Maize,38,84,2.210526316
Uttarakhand,UDAM SINGH NAGAR,2010,Rabi,Masoor,302,174,0.57615894
Uttarakhand,UDAM SINGH NAGAR,2010,Rabi,Moong(Green Gram),13,7,0.538461538
Uttarakhand,UDAM SINGH NAGAR,2010,Rabi,Other  Rabi pulses,5,3,0.6
Uttarakhand,UDAM SINGH NAGAR,2010,Rabi,other oilseeds,10,10,1
Uttarakhand,UDAM SINGH NAGAR,2010,Rabi,Peas & beans (Pulses),5414,5955,1.099926117
Uttarakhand,UDAM SINGH NAGAR,2010,Rabi,Potato,316,6739,21.32594937
Uttarakhand,UDAM SINGH NAGAR,2010,Rabi,Rapeseed &Mustard,5484,5632,1.0269876
Uttarakhand,UDAM SINGH NAGAR,2010,Rabi,Rice,15127,50055,3.308983936
Uttarakhand,UDAM SINGH NAGAR,2010,Rabi,Urad,7,4,0.571428571
Uttarakhand,UDAM SINGH NAGAR,2010,Rabi,Wheat,102068,406529,3.982923149
Uttarakhand,UDAM SINGH NAGAR,2010,Whole Year,Onion,1,5,5
Uttarakhand,UDAM SINGH NAGAR,2010,Whole Year,Sugarcane,25570,1600682,62.6
Uttarakhand,UDAM SINGH NAGAR,2010,Whole Year,Turmeric,3,7,2.333333333
Uttarakhand,UDAM SINGH NAGAR,2011,Kharif,Groundnut,49,65,1.326530612
Uttarakhand,UDAM SINGH NAGAR,2011,Kharif,Maize,18,41,2.277777778
Uttarakhand,UDAM SINGH NAGAR,2011,Kharif,Rice,101637,295392,2.906343162
Uttarakhand,UDAM SINGH NAGAR,2011,Kharif,Sesamum,3,1,0.333333333
Uttarakhand,UDAM SINGH NAGAR,2011,Kharif,Soyabean,217,281,1.294930876
Uttarakhand,UDAM SINGH NAGAR,2011,Kharif,Urad,180,75,0.416666667
Uttarakhand,UDAM SINGH NAGAR,2011,Rabi,Barley,25,29,1.16
Uttarakhand,UDAM SINGH NAGAR,2011,Rabi,Gram,8,5,0.625
Uttarakhand,UDAM SINGH NAGAR,2011,Rabi,Masoor,280,206,0.735714286
Uttarakhand,UDAM SINGH NAGAR,2011,Rabi,Other  Rabi pulses,8,5,0.625
Uttarakhand,UDAM SINGH NAGAR,2011,Rabi,other oilseeds,14,16,1.142857143
Uttarakhand,UDAM SINGH NAGAR,2011,Rabi,Peas & beans (Pulses),4934,5526,1.119983786
Uttarakhand,UDAM SINGH NAGAR,2011,Rabi,Potato,353,4093,11.59490085
Uttarakhand,UDAM SINGH NAGAR,2011,Rabi,Rapeseed &Mustard,5360,5336,0.995522388
Uttarakhand,UDAM SINGH NAGAR,2011,Rabi,Wheat,98128,404453,4.121687999
Uttarakhand,UDAM SINGH NAGAR,2011,Summer,Maize,29,64,2.206896552
Uttarakhand,UDAM SINGH NAGAR,2011,Summer,Moong(Green Gram),3,2,0.666666667
Uttarakhand,UDAM SINGH NAGAR,2011,Summer,Rice,13540,44804,3.30901034
Uttarakhand,UDAM SINGH NAGAR,2011,Whole Year,Onion,1,6,6
Uttarakhand,UDAM SINGH NAGAR,2011,Whole Year,Sugarcane,26434,1638908,62
Uttarakhand,UDAM SINGH NAGAR,2011,Whole Year,Turmeric,19,174,9.157894737
Uttarakhand,UDAM SINGH NAGAR,2012,Kharif,Arhar/Tur,2,2,1
Uttarakhand,UDAM SINGH NAGAR,2012,Kharif,Groundnut,38,51,1.342105263
Uttarakhand,UDAM SINGH NAGAR,2012,Kharif,Maize,26,64,2.461538462
Uttarakhand,UDAM SINGH NAGAR,2012,Kharif,other oilseeds,1,1,1
Uttarakhand,UDAM SINGH NAGAR,2012,Kharif,Rice,103064,318027,3.085723434
Uttarakhand,UDAM SINGH NAGAR,2012,Kharif,Soyabean,183,286,1.56284153
Uttarakhand,UDAM SINGH NAGAR,2012,Kharif,Sunflower,2,2,1
Uttarakhand,UDAM SINGH NAGAR,2012,Kharif,Urad,387,341,0.881136951
Uttarakhand,UDAM SINGH NAGAR,2012,Rabi,Barley,40,11,0.275
Uttarakhand,UDAM SINGH NAGAR,2012,Rabi,Gram,28,17,0.607142857
Uttarakhand,UDAM SINGH NAGAR,2012,Rabi,Masoor,289,111,0.384083045
Uttarakhand,UDAM SINGH NAGAR,2012,Rabi,other oilseeds,14,7,0.5
Uttarakhand,UDAM SINGH NAGAR,2012,Rabi,Peas & beans (Pulses),4243,4761,1.122083432
Uttarakhand,UDAM SINGH NAGAR,2012,Rabi,Potato,505,8655,17.13861386
Uttarakhand,UDAM SINGH NAGAR,2012,Rabi,Rapeseed &Mustard,5766,7517,1.303676726
Uttarakhand,UDAM SINGH NAGAR,2012,Rabi,Wheat,97632,369820,3.787897411
Uttarakhand,UDAM SINGH NAGAR,2012,Summer,Maize,36,88,2.444444444
Uttarakhand,UDAM SINGH NAGAR,2012,Summer,Moong(Green Gram),9,7,0.777777778
Uttarakhand,UDAM SINGH NAGAR,2012,Summer,Rice,14024,44987,3.207857958
Uttarakhand,UDAM SINGH NAGAR,2012,Summer,Urad,14,7,0.5
Uttarakhand,UDAM SINGH NAGAR,2012,Whole Year,Sugarcane,23471,1466938,62.5000213
Uttarakhand,UDAM SINGH NAGAR,2012,Whole Year,Turmeric,11,84,7.636363636
Uttarakhand,UDAM SINGH NAGAR,2013,Kharif,Arhar/Tur,4,3,0.75
Uttarakhand,UDAM SINGH NAGAR,2013,Kharif,Groundnut,22,29,1.318181818
Uttarakhand,UDAM SINGH NAGAR,2013,Kharif,Maize,22,54,2.454545455
Uttarakhand,UDAM SINGH NAGAR,2013,Kharif,Moth,1,,
Uttarakhand,UDAM SINGH NAGAR,2013,Kharif,Rice,102169,321436,3.146120643
Uttarakhand,UDAM SINGH NAGAR,2013,Kharif,Sesamum,2,1,0.5
Uttarakhand,UDAM SINGH NAGAR,2013,Kharif,Soyabean,372,421,1.13172043
Uttarakhand,UDAM SINGH NAGAR,2013,Kharif,Sunflower,1,1,1
Uttarakhand,UDAM SINGH NAGAR,2013,Kharif,Urad,228,260,1.140350877
Uttarakhand,UDAM SINGH NAGAR,2013,Rabi,Barley,13,21,1.615384615
Uttarakhand,UDAM SINGH NAGAR,2013,Rabi,Gram,8,5,0.625
Uttarakhand,UDAM SINGH NAGAR,2013,Rabi,Linseed,2,1,0.5
Uttarakhand,UDAM SINGH NAGAR,2013,Rabi,Masoor,268,215,0.802238806
Uttarakhand,UDAM SINGH NAGAR,2013,Rabi,Other  Rabi pulses,3,2,0.666666667
Uttarakhand,UDAM SINGH NAGAR,2013,Rabi,other oilseeds,7,3,0.428571429
Uttarakhand,UDAM SINGH NAGAR,2013,Rabi,Peas & beans (Pulses),4281,4816,1.124970801
Uttarakhand,UDAM SINGH NAGAR,2013,Rabi,Potato,755,8532,11.30066225
Uttarakhand,UDAM SINGH NAGAR,2013,Rabi,Rapeseed &Mustard,5025,4295,0.854726368
Uttarakhand,UDAM SINGH NAGAR,2013,Rabi,Wheat,98911,378237,3.824013507
Uttarakhand,UDAM SINGH NAGAR,2013,Summer,Maize,34,84,2.470588235
Uttarakhand,UDAM SINGH NAGAR,2013,Summer,Moong(Green Gram),10,5,0.5
Uttarakhand,UDAM SINGH NAGAR,2013,Summer,Rice,12238,40704,3.326033666
Uttarakhand,UDAM SINGH NAGAR,2013,Summer,Urad,17,7,0.411764706
Uttarakhand,UDAM SINGH NAGAR,2013,Whole Year,Ginger,3,34,11.33333333
Uttarakhand,UDAM SINGH NAGAR,2013,Whole Year,Sugarcane,22948,1298857,56.60000872
Uttarakhand,UDAM SINGH NAGAR,2013,Whole Year,Turmeric,17,39,2.294117647
Uttarakhand,UDAM SINGH NAGAR,2014,Kharif,Arhar/Tur,1,1,1
Uttarakhand,UDAM SINGH NAGAR,2014,Kharif,Groundnut,1,1,1
Uttarakhand,UDAM SINGH NAGAR,2014,Kharif,Maize,24,53,2.208333333
Uttarakhand,UDAM SINGH NAGAR,2014,Kharif,Moong(Green Gram),1,1,1
Uttarakhand,UDAM SINGH NAGAR,2014,Kharif,Pulses total,311,151,0.485530547
Uttarakhand,UDAM SINGH NAGAR,2014,Kharif,Rice,101482,330419,3.255937013
Uttarakhand,UDAM SINGH NAGAR,2014,Kharif,Sesamum,3,1,0.333333333
Uttarakhand,UDAM SINGH NAGAR,2014,Kharif,Soyabean,643,592,0.920684292
Uttarakhand,UDAM SINGH NAGAR,2014,Kharif,Sugarcane,19590,1255719,64.1
Uttarakhand,UDAM SINGH NAGAR,2014,Kharif,Total foodgrain,101728,330581,3.249655945
Uttarakhand,UDAM SINGH NAGAR,2014,Kharif,Urad,220,107,0.486363636
Uttarakhand,UDAM SINGH NAGAR,2014,Rabi,Barley,14,16,1.142857143
Uttarakhand,UDAM SINGH NAGAR,2014,Rabi,Gram,3,3,1
Uttarakhand,UDAM SINGH NAGAR,2014,Rabi,Lentil,287,152,0.529616725
Uttarakhand,UDAM SINGH NAGAR,2014,Rabi,Masoor,287,152,0.529616725
Uttarakhand,UDAM SINGH NAGAR,2014,Rabi,other oilseeds,3,2,0.666666667
Uttarakhand,UDAM SINGH NAGAR,2014,Rabi,Peas & beans (Pulses),3716,4181,1.125134553
Uttarakhand,UDAM SINGH NAGAR,2014,Rabi,Potato,271,4238,15.63837638
Uttarakhand,UDAM SINGH NAGAR,2014,Rabi,Pulses total,5290,5817,1.099621928
Uttarakhand,UDAM SINGH NAGAR,2014,Rabi,Rapeseed &Mustard,5429,4435,0.816909191
Uttarakhand,UDAM SINGH NAGAR,2014,Rabi,Total foodgrain,103377,300673,2.90850963
Uttarakhand,UDAM SINGH NAGAR,2014,Rabi,Wheat,99357,296321,2.982386747
Uttarakhand,UDAM SINGH NAGAR,2014,Summer,Maize,23,55,2.391304348
Uttarakhand,UDAM SINGH NAGAR,2014,Summer,Moong(Green Gram),16,8,0.5
Uttarakhand,UDAM SINGH NAGAR,2014,Summer,Pulses total,1,1,1
Uttarakhand,UDAM SINGH NAGAR,2014,Summer,Rice,12150,38236,3.146995885
Uttarakhand,UDAM SINGH NAGAR,2014,Summer,Total foodgrain,12194,38302,3.141052977
Uttarakhand,UDAM SINGH NAGAR,2014,Summer,Urad,5,3,0.6
Uttarakhand,UDAM SINGH NAGAR,2014,Whole Year,Pulses total,5602,5968,1.065333809
Uttarakhand,UDAM SINGH NAGAR,2014,Whole Year,Rice,113632,368655,3.244288581
Uttarakhand,UDAM SINGH NAGAR,2014,Whole Year,Sunflower,19,23,1.210526316
Uttarakhand,UDAM SINGH NAGAR,2014,Whole Year,Total foodgrain,217299,669556,3.081265906
Uttarakhand,UDAM SINGH NAGAR,2014,Whole Year,Turmeric,4,8,2
Uttarakhand,UTTAR KASHI,2000,Kharif,Arhar/Tur,193,102,0.528497409
Uttarakhand,UTTAR KASHI,2000,Kharif,Horse-gram,901,541,0.600443951
Uttarakhand,UTTAR KASHI,2000,Kharif,Maize,627,814,1.298245614
Uttarakhand,UTTAR KASHI,2000,Kharif,Other Cereals & Millets,626,219,0.349840256
Uttarakhand,UTTAR KASHI,2000,Kharif,Other Kharif pulses,927,649,0.700107875
Uttarakhand,UTTAR KASHI,2000,Kharif,Potato,1653,39292,23.77011494
Uttarakhand,UTTAR KASHI,2000,Kharif,Ragi,6647,8752,1.316684218
Uttarakhand,UTTAR KASHI,2000,Kharif,Rice,10126,14949,1.476298637
Uttarakhand,UTTAR KASHI,2000,Kharif,Sesamum,808,142,0.175742574
Uttarakhand,UTTAR KASHI,2000,Kharif,Small millets,5195,3564,0.686044273
Uttarakhand,UTTAR KASHI,2000,Kharif,Soyabean,207,139,0.671497585
Uttarakhand,UTTAR KASHI,2000,Kharif,Urad,909,409,0.449944994
Uttarakhand,UTTAR KASHI,2000,Rabi,Barley,209,205,0.980861244
Uttarakhand,UTTAR KASHI,2000,Rabi,Gram,1,1,1
Uttarakhand,UTTAR KASHI,2000,Rabi,Masoor,350,186,0.531428571
Uttarakhand,UTTAR KASHI,2000,Rabi,Other Cereals & Millets,1,1,1
Uttarakhand,UTTAR KASHI,2000,Rabi,Peas & beans (Pulses),382,287,0.751308901
Uttarakhand,UTTAR KASHI,2000,Rabi,Potato,330,7844,23.76969697
Uttarakhand,UTTAR KASHI,2000,Rabi,Rapeseed &Mustard,1019,408,0.400392542
Uttarakhand,UTTAR KASHI,2000,Rabi,Wheat,12778,16497,1.291047112
Uttarakhand,UTTAR KASHI,2000,Whole Year,Dry ginger,2,22,11
Uttarakhand,UTTAR KASHI,2000,Whole Year,Garlic,8,11,1.375
Uttarakhand,UTTAR KASHI,2000,Whole Year,Onion,23,315,13.69565217
Uttarakhand,UTTAR KASHI,2001,Kharif,Arhar/Tur,156,100,0.641025641
Uttarakhand,UTTAR KASHI,2001,Kharif,Horse-gram,962,481,0.5
Uttarakhand,UTTAR KASHI,2001,Kharif,Maize,471,543,1.152866242
Uttarakhand,UTTAR KASHI,2001,Kharif,Other Cereals & Millets,1122,393,0.35026738
Uttarakhand,UTTAR KASHI,2001,Kharif,Other Kharif pulses,1250,841,0.6728
Uttarakhand,UTTAR KASHI,2001,Kharif,Potato,3086,69064,22.37977965
Uttarakhand,UTTAR KASHI,2001,Kharif,Ragi,6073,9630,1.585707229
Uttarakhand,UTTAR KASHI,2001,Kharif,Rice,10316,14861,1.440577743
Uttarakhand,UTTAR KASHI,2001,Kharif,Sesamum,756,132,0.174603175
Uttarakhand,UTTAR KASHI,2001,Kharif,Small millets,6106,4717,0.772518834
Uttarakhand,UTTAR KASHI,2001,Kharif,Soyabean,306,153,0.5
Uttarakhand,UTTAR KASHI,2001,Kharif,Urad,655,459,0.700763359
Uttarakhand,UTTAR KASHI,2001,Rabi,Barley,312,403,1.291666667
Uttarakhand,UTTAR KASHI,2001,Rabi,Gram,14,8,0.571428571
Uttarakhand,UTTAR KASHI,2001,Rabi,Masoor,286,149,0.520979021
Uttarakhand,UTTAR KASHI,2001,Rabi,Other  Rabi pulses,4,2,0.5
Uttarakhand,UTTAR KASHI,2001,Rabi,other oilseeds,3,1,0.333333333
Uttarakhand,UTTAR KASHI,2001,Rabi,Peas & beans (Pulses),233,163,0.699570815
Uttarakhand,UTTAR KASHI,2001,Rabi,Potato,310,6938,22.38064516
Uttarakhand,UTTAR KASHI,2001,Rabi,Rapeseed &Mustard,1092,448,0.41025641
Uttarakhand,UTTAR KASHI,2001,Rabi,Wheat,13565,21005,1.548470328
Uttarakhand,UTTAR KASHI,2001,Whole Year,Dry ginger,6,67,11.16666667
Uttarakhand,UTTAR KASHI,2001,Whole Year,Garlic,5,7,1.4
Uttarakhand,UTTAR KASHI,2001,Whole Year,Onion,37,191,5.162162162
Uttarakhand,UTTAR KASHI,2001,Whole Year,Tobacco,42,323,7.69047619
Uttarakhand,UTTAR KASHI,2002,Kharif,Arhar/Tur,180,90,0.5
Uttarakhand,UTTAR KASHI,2002,Kharif,Horse-gram,582,279,0.479381443
Uttarakhand,UTTAR KASHI,2002,Kharif,Maize,497,426,0.857142857
Uttarakhand,UTTAR KASHI,2002,Kharif,Other Cereals & Millets,835,292,0.349700599
Uttarakhand,UTTAR KASHI,2002,Kharif,Other Kharif pulses,1352,939,0.694526627
Uttarakhand,UTTAR KASHI,2002,Kharif,Potato,2499,55927,22.3797519
Uttarakhand,UTTAR KASHI,2002,Kharif,Ragi,5640,7308,1.295744681
Uttarakhand,UTTAR KASHI,2002,Kharif,Rice,9051,9608,1.061540161
Uttarakhand,UTTAR KASHI,2002,Kharif,Sesamum,594,77,0.12962963
Uttarakhand,UTTAR KASHI,2002,Kharif,Small millets,5111,3150,0.616317746
Uttarakhand,UTTAR KASHI,2002,Kharif,Soyabean,190,91,0.478947368
Uttarakhand,UTTAR KASHI,2002,Kharif,Urad,593,213,0.359190556
Uttarakhand,UTTAR KASHI,2002,Rabi,Barley,250,356,1.424
Uttarakhand,UTTAR KASHI,2002,Rabi,Gram,4,2,0.5
Uttarakhand,UTTAR KASHI,2002,Rabi,Masoor,345,166,0.48115942
Uttarakhand,UTTAR KASHI,2002,Rabi,Other  Rabi pulses,13,6,0.461538462
Uttarakhand,UTTAR KASHI,2002,Rabi,Other Cereals & Millets,5,6,1.2
Uttarakhand,UTTAR KASHI,2002,Rabi,Peas & beans (Pulses),342,212,0.619883041
Uttarakhand,UTTAR KASHI,2002,Rabi,Potato,199,4454,22.38190955
Uttarakhand,UTTAR KASHI,2002,Rabi,Rapeseed &Mustard,1053,400,0.379867047
Uttarakhand,UTTAR KASHI,2002,Rabi,Wheat,12485,19528,1.56411694
Uttarakhand,UTTAR KASHI,2002,Whole Year,Dry ginger,6,65,10.83333333
Uttarakhand,UTTAR KASHI,2002,Whole Year,Garlic,12,17,1.416666667
Uttarakhand,UTTAR KASHI,2002,Whole Year,Onion,40,207,5.175
Uttarakhand,UTTAR KASHI,2002,Whole Year,Tobacco,4,31,7.75
Uttarakhand,UTTAR KASHI,2003,Kharif,Arhar/Tur,212,159,0.75
Uttarakhand,UTTAR KASHI,2003,Kharif,Horse-gram,647,469,0.72488408
Uttarakhand,UTTAR KASHI,2003,Kharif,Maize,536,714,1.332089552
Uttarakhand,UTTAR KASHI,2003,Kharif,Other Cereals & Millets,5085,4612,0.906981318
Uttarakhand,UTTAR KASHI,2003,Kharif,Other Kharif pulses,1327,753,0.567445365
Uttarakhand,UTTAR KASHI,2003,Kharif,other oilseeds,52,31,0.596153846
Uttarakhand,UTTAR KASHI,2003,Kharif,Ragi,6229,9893,1.588216407
Uttarakhand,UTTAR KASHI,2003,Kharif,Rice,10114,16864,1.667391734
Uttarakhand,UTTAR KASHI,2003,Kharif,Sesamum,686,86,0.125364431
Uttarakhand,UTTAR KASHI,2003,Kharif,Soyabean,139,229,1.647482014
Uttarakhand,UTTAR KASHI,2003,Kharif,Urad,656,178,0.271341463
Uttarakhand,UTTAR KASHI,2003,Rabi,Barley,204,237,1.161764706
Uttarakhand,UTTAR KASHI,2003,Rabi,Masoor,250,104,0.416
Uttarakhand,UTTAR KASHI,2003,Rabi,Other  Rabi pulses,1,,
Uttarakhand,UTTAR KASHI,2003,Rabi,Other Cereals & Millets,2,2,1
Uttarakhand,UTTAR KASHI,2003,Rabi,Peas & beans (Pulses),530,265,0.5
Uttarakhand,UTTAR KASHI,2003,Rabi,Rapeseed &Mustard,1099,670,0.609645132
Uttarakhand,UTTAR KASHI,2003,Rabi,Wheat,13344,15693,1.176034173
Uttarakhand,UTTAR KASHI,2003,Whole Year,Dry ginger,1,11,11
Uttarakhand,UTTAR KASHI,2003,Whole Year,Garlic,12,,
Uttarakhand,UTTAR KASHI,2003,Whole Year,Onion,34,333,9.794117647
Uttarakhand,UTTAR KASHI,2003,Whole Year,Potato,2852,48484,17
Uttarakhand,UTTAR KASHI,2004,Kharif,Arhar/Tur,187,134,0.71657754
Uttarakhand,UTTAR KASHI,2004,Kharif,Horse-gram,712,534,0.75
Uttarakhand,UTTAR KASHI,2004,Kharif,Maize,353,439,1.243626062
Uttarakhand,UTTAR KASHI,2004,Kharif,Other Cereals & Millets,4145,4553,1.098431846
Uttarakhand,UTTAR KASHI,2004,Kharif,Other Kharif pulses,1658,1162,0.700844391
Uttarakhand,UTTAR KASHI,2004,Kharif,other oilseeds,3,2,0.666666667
Uttarakhand,UTTAR KASHI,2004,Kharif,Ragi,5429,8618,1.587400995
Uttarakhand,UTTAR KASHI,2004,Kharif,Rice,10488,14210,1.35488177
Uttarakhand,UTTAR KASHI,2004,Kharif,Sesamum,676,152,0.224852071
Uttarakhand,UTTAR KASHI,2004,Kharif,Soyabean,99,119,1.202020202
Uttarakhand,UTTAR KASHI,2004,Kharif,Sunflower,1,1,1
Uttarakhand,UTTAR KASHI,2004,Kharif,Urad,697,261,0.37446198
Uttarakhand,UTTAR KASHI,2004,Rabi,Barley,243,333,1.37037037
Uttarakhand,UTTAR KASHI,2004,Rabi,Gram,6,4,0.666666667
Uttarakhand,UTTAR KASHI,2004,Rabi,Masoor,295,148,0.501694915
Uttarakhand,UTTAR KASHI,2004,Rabi,Other  Rabi pulses,8,4,0.5
Uttarakhand,UTTAR KASHI,2004,Rabi,Peas & beans (Pulses),540,270,0.5
Uttarakhand,UTTAR KASHI,2004,Rabi,Rapeseed &Mustard,997,598,0.599799398
Uttarakhand,UTTAR KASHI,2004,Rabi,Wheat,12167,19385,1.593244021
Uttarakhand,UTTAR KASHI,2004,Whole Year,Dry ginger,1,12,12
Uttarakhand,UTTAR KASHI,2004,Whole Year,Onion,25,150,6
Uttarakhand,UTTAR KASHI,2004,Whole Year,Potato,2148,27924,13
Uttarakhand,UTTAR KASHI,2004,Whole Year,Tobacco,1,3,3
Uttarakhand,UTTAR KASHI,2005,Kharif,Arhar/Tur,224,142,0.633928571
Uttarakhand,UTTAR KASHI,2005,Kharif,Horse-gram,695,434,0.624460432
Uttarakhand,UTTAR KASHI,2005,Kharif,Maize,681,718,1.054331865
Uttarakhand,UTTAR KASHI,2005,Kharif,Other Cereals & Millets,4885,4740,0.970317298
Uttarakhand,UTTAR KASHI,2005,Kharif,Other Kharif pulses,1789,1074,0.600335383
Uttarakhand,UTTAR KASHI,2005,Kharif,other oilseeds,94,44,0.468085106
Uttarakhand,UTTAR KASHI,2005,Kharif,Ragi,7022,10577,1.506266021
Uttarakhand,UTTAR KASHI,2005,Kharif,Rice,10211,16600,1.625697777
Uttarakhand,UTTAR KASHI,2005,Kharif,Sesamum,908,250,0.275330396
Uttarakhand,UTTAR KASHI,2005,Kharif,Soyabean,44,28,0.636363636
Uttarakhand,UTTAR KASHI,2005,Kharif,Sunflower,1,1,1
Uttarakhand,UTTAR KASHI,2005,Kharif,Urad,665,412,0.619548872
Uttarakhand,UTTAR KASHI,2005,Rabi,Barley,305,271,0.88852459
Uttarakhand,UTTAR KASHI,2005,Rabi,Gram,2,1,0.5
Uttarakhand,UTTAR KASHI,2005,Rabi,Masoor,329,156,0.474164134
Uttarakhand,UTTAR KASHI,2005,Rabi,other oilseeds,2,1,0.5
Uttarakhand,UTTAR KASHI,2005,Rabi,Peas & beans (Pulses),454,204,0.449339207
Uttarakhand,UTTAR KASHI,2005,Rabi,Rapeseed &Mustard,1318,692,0.525037936
Uttarakhand,UTTAR KASHI,2005,Rabi,Wheat,13413,15077,1.124058749
Uttarakhand,UTTAR KASHI,2005,Whole Year,Dry ginger,1,11,11
Uttarakhand,UTTAR KASHI,2005,Whole Year,Onion,40,600,15
Uttarakhand,UTTAR KASHI,2005,Whole Year,Potato,3456,58061,16.80005787
Uttarakhand,UTTAR KASHI,2005,Whole Year,Tobacco,1,4,4
Uttarakhand,UTTAR KASHI,2006,Kharif,Arhar/Tur,266,169,0.635338346
Uttarakhand,UTTAR KASHI,2006,Kharif,Horse-gram,822,659,0.801703163
Uttarakhand,UTTAR KASHI,2006,Kharif,Maize,455,478,1.050549451
Uttarakhand,UTTAR KASHI,2006,Kharif,Other Cereals & Millets,874,424,0.485125858
Uttarakhand,UTTAR KASHI,2006,Kharif,Other Kharif pulses,2249,1728,0.768341485
Uttarakhand,UTTAR KASHI,2006,Kharif,other oilseeds,12,,
Uttarakhand,UTTAR KASHI,2006,Kharif,Potato,2680,30541,11.39589552
Uttarakhand,UTTAR KASHI,2006,Kharif,Ragi,5941,9357,1.574987376
Uttarakhand,UTTAR KASHI,2006,Kharif,Rice,11413,17968,1.574345045
Uttarakhand,UTTAR KASHI,2006,Kharif,Sesamum,726,163,0.224517906
Uttarakhand,UTTAR KASHI,2006,Kharif,Small millets,4797,5933,1.236814676
Uttarakhand,UTTAR KASHI,2006,Kharif,Soyabean,438,293,0.668949772
Uttarakhand,UTTAR KASHI,2006,Kharif,Urad,800,590,0.7375
Uttarakhand,UTTAR KASHI,2006,Rabi,Barley,357,529,1.481792717
Uttarakhand,UTTAR KASHI,2006,Rabi,Gram,5,3,0.6
Uttarakhand,UTTAR KASHI,2006,Rabi,Masoor,397,218,0.549118388
Uttarakhand,UTTAR KASHI,2006,Rabi,Peas & beans (Pulses),746,597,0.800268097
Uttarakhand,UTTAR KASHI,2006,Rabi,Potato,308,2618,8.5
Uttarakhand,UTTAR KASHI,2006,Rabi,Rapeseed &Mustard,990,446,0.450505051
Uttarakhand,UTTAR KASHI,2006,Rabi,Wheat,12895,21570,1.672741373
Uttarakhand,UTTAR KASHI,2006,Whole Year,Dry ginger,4,44,11
Uttarakhand,UTTAR KASHI,2006,Whole Year,Garlic,13,20,1.538461538
Uttarakhand,UTTAR KASHI,2006,Whole Year,Onion,55,330,6
Uttarakhand,UTTAR KASHI,2006,Whole Year,Tobacco,4,16,4
Uttarakhand,UTTAR KASHI,2007,Kharif,Arhar/Tur,369,295,0.799457995
Uttarakhand,UTTAR KASHI,2007,Kharif,Dry chillies,107,37,0.345794393
Uttarakhand,UTTAR KASHI,2007,Kharif,Horse-gram,834,718,0.860911271
Uttarakhand,UTTAR KASHI,2007,Kharif,Maize,557,697,1.251346499
Uttarakhand,UTTAR KASHI,2007,Kharif,Other Cereals & Millets,5367,5086,0.947643004
Uttarakhand,UTTAR KASHI,2007,Kharif,Other Kharif pulses,1827,1534,0.839627805
Uttarakhand,UTTAR KASHI,2007,Kharif,other oilseeds,2,1,0.5
Uttarakhand,UTTAR KASHI,2007,Kharif,Potato,2257,14334,6.350908285
Uttarakhand,UTTAR KASHI,2007,Kharif,Ragi,5828,9665,1.65837337
Uttarakhand,UTTAR KASHI,2007,Kharif,Rice,10868,18781,1.728100847
Uttarakhand,UTTAR KASHI,2007,Kharif,Sesamum,775,174,0.224516129
Uttarakhand,UTTAR KASHI,2007,Kharif,Soyabean,190,190,1
Uttarakhand,UTTAR KASHI,2007,Kharif,Urad,817,640,0.783353733
Uttarakhand,UTTAR KASHI,2007,Rabi,Barley,250,354,1.416
Uttarakhand,UTTAR KASHI,2007,Rabi,Gram,8,4,0.5
Uttarakhand,UTTAR KASHI,2007,Rabi,Masoor,397,189,0.476070529
Uttarakhand,UTTAR KASHI,2007,Rabi,other oilseeds,2,1,0.5
Uttarakhand,UTTAR KASHI,2007,Rabi,Peas & beans (Pulses),1027,745,0.725413827
Uttarakhand,UTTAR KASHI,2007,Rabi,Potato,612,4590,7.5
Uttarakhand,UTTAR KASHI,2007,Rabi,Rapeseed &Mustard,1500,788,0.525333333
Uttarakhand,UTTAR KASHI,2007,Rabi,Wheat,11917,20528,1.722581187
Uttarakhand,UTTAR KASHI,2007,Whole Year,Dry ginger,9,95,10.55555556
Uttarakhand,UTTAR KASHI,2007,Whole Year,Garlic,27,46,1.703703704
Uttarakhand,UTTAR KASHI,2007,Whole Year,Onion,44,264,6
Uttarakhand,UTTAR KASHI,2007,Whole Year,Sugarcane,1,62,62
Uttarakhand,UTTAR KASHI,2008,Kharif,Arhar/Tur,366,293,0.800546448
Uttarakhand,UTTAR KASHI,2008,Kharif,Horse-gram,825,710,0.860606061
Uttarakhand,UTTAR KASHI,2008,Kharif,Maize,339,424,1.250737463
Uttarakhand,UTTAR KASHI,2008,Kharif,Other Cereals & Millets,5545,6070,1.094679892
Uttarakhand,UTTAR KASHI,2008,Kharif,Other Kharif pulses,1448,1215,0.839088398
Uttarakhand,UTTAR KASHI,2008,Kharif,Potato,2134,14970,7.014995314
Uttarakhand,UTTAR KASHI,2008,Kharif,Ragi,6157,10995,1.785772292
Uttarakhand,UTTAR KASHI,2008,Kharif,Rice,10785,18180,1.685674548
Uttarakhand,UTTAR KASHI,2008,Kharif,Sesamum,599,135,0.225375626
Uttarakhand,UTTAR KASHI,2008,Kharif,Soyabean,157,137,0.872611465
Uttarakhand,UTTAR KASHI,2008,Kharif,Urad,790,519,0.656962025
Uttarakhand,UTTAR KASHI,2008,Rabi,Barley,167,153,0.916167665
Uttarakhand,UTTAR KASHI,2008,Rabi,Gram,1,,
Uttarakhand,UTTAR KASHI,2008,Rabi,Masoor,329,74,0.224924012
Uttarakhand,UTTAR KASHI,2008,Rabi,Peas & beans (Pulses),720,270,0.375
Uttarakhand,UTTAR KASHI,2008,Rabi,Potato,402,2613,6.5
Uttarakhand,UTTAR KASHI,2008,Rabi,Rapeseed &Mustard,915,256,0.279781421
Uttarakhand,UTTAR KASHI,2008,Rabi,Wheat,11919,12423,1.042285427
Uttarakhand,UTTAR KASHI,2008,Whole Year,Dry ginger,3,34,11.33333333
Uttarakhand,UTTAR KASHI,2008,Whole Year,Garlic,16,28,1.75
Uttarakhand,UTTAR KASHI,2008,Whole Year,Onion,25,125,5
Uttarakhand,UTTAR KASHI,2009,Kharif,Arhar/Tur,291,233,0.800687285
Uttarakhand,UTTAR KASHI,2009,Kharif,Horse-gram,847,406,0.479338843
Uttarakhand,UTTAR KASHI,2009,Kharif,Maize,429,537,1.251748252
Uttarakhand,UTTAR KASHI,2009,Kharif,Other Cereals & Millets,1070,428,0.4
Uttarakhand,UTTAR KASHI,2009,Kharif,Other Kharif pulses,2218,1924,0.867448151
Uttarakhand,UTTAR KASHI,2009,Kharif,other oilseeds,1,1,1
Uttarakhand,UTTAR KASHI,2009,Kharif,Potato,2714,31984,11.78481945
Uttarakhand,UTTAR KASHI,2009,Kharif,Ragi,5608,8686,1.548858773
Uttarakhand,UTTAR KASHI,2009,Kharif,Rice,10352,14134,1.365340031
Uttarakhand,UTTAR KASHI,2009,Kharif,Sesamum,737,162,0.219810041
Uttarakhand,UTTAR KASHI,2009,Kharif,Small millets,3914,3596,0.918753194
Uttarakhand,UTTAR KASHI,2009,Kharif,Soyabean,48,48,1
Uttarakhand,UTTAR KASHI,2009,Kharif,Urad,830,545,0.656626506
Uttarakhand,UTTAR KASHI,2009,Rabi,Barley,306,338,1.104575163
Uttarakhand,UTTAR KASHI,2009,Rabi,Gram,2,1,0.5
Uttarakhand,UTTAR KASHI,2009,Rabi,Masoor,340,201,0.591176471
Uttarakhand,UTTAR KASHI,2009,Rabi,Other  Rabi pulses,3,2,0.666666667
Uttarakhand,UTTAR KASHI,2009,Rabi,Peas & beans (Pulses),546,383,0.701465201
Uttarakhand,UTTAR KASHI,2009,Rabi,Potato,201,1307,6.502487562
Uttarakhand,UTTAR KASHI,2009,Rabi,Rapeseed &Mustard,1194,418,0.350083752
Uttarakhand,UTTAR KASHI,2009,Rabi,Wheat,11750,16429,1.398212766
Uttarakhand,UTTAR KASHI,2009,Whole Year,Dry ginger,5,57,11.4
Uttarakhand,UTTAR KASHI,2009,Whole Year,Garlic,9,20,2.222222222
Uttarakhand,UTTAR KASHI,2009,Whole Year,Onion,21,105,5
Uttarakhand,UTTAR KASHI,2010,Kharif,Arhar/Tur,284,221,0.778169014
Uttarakhand,UTTAR KASHI,2010,Kharif,Horse-gram,839,772,0.920143027
Uttarakhand,UTTAR KASHI,2010,Kharif,Maize,483,595,1.231884058
Uttarakhand,UTTAR KASHI,2010,Kharif,Other Cereals & Millets,4896,5342,1.091094771
Uttarakhand,UTTAR KASHI,2010,Kharif,Other Kharif pulses,2081,2250,1.081210956
Uttarakhand,UTTAR KASHI,2010,Kharif,Potato,2521,27724,10.99722332
Uttarakhand,UTTAR KASHI,2010,Kharif,Ragi,5928,10877,1.834851552
Uttarakhand,UTTAR KASHI,2010,Kharif,Rice,10397,17132,1.647783014
Uttarakhand,UTTAR KASHI,2010,Kharif,Sesamum,827,187,0.226118501
Uttarakhand,UTTAR KASHI,2010,Kharif,Soyabean,212,216,1.018867925
Uttarakhand,UTTAR KASHI,2010,Kharif,Urad,901,851,0.944506104
Uttarakhand,UTTAR KASHI,2010,Rabi,Barley,257,355,1.381322957
Uttarakhand,UTTAR KASHI,2010,Rabi,Masoor,249,303,1.21686747
Uttarakhand,UTTAR KASHI,2010,Rabi,Peas & beans (Pulses),539,367,0.680890538
Uttarakhand,UTTAR KASHI,2010,Rabi,Potato,278,1679,6.039568345
Uttarakhand,UTTAR KASHI,2010,Rabi,Rapeseed &Mustard,861,491,0.570267131
Uttarakhand,UTTAR KASHI,2010,Rabi,Wheat,12126,20489,1.689675078
Uttarakhand,UTTAR KASHI,2010,Whole Year,Dry ginger,3,29,9.666666667
Uttarakhand,UTTAR KASHI,2010,Whole Year,Garlic,18,28,1.555555556
Uttarakhand,UTTAR KASHI,2010,Whole Year,Onion,47,306,6.510638298
Uttarakhand,UTTAR KASHI,2010,Whole Year,Tobacco,1,3,3
Uttarakhand,UTTAR KASHI,2011,Kharif,Arhar/Tur,380,312,0.821052632
Uttarakhand,UTTAR KASHI,2011,Kharif,Horse-gram,861,832,0.966318235
Uttarakhand,UTTAR KASHI,2011,Kharif,Maize,462,577,1.248917749
Uttarakhand,UTTAR KASHI,2011,Kharif,Other Kharif pulses,1818,1330,0.731573157
Uttarakhand,UTTAR KASHI,2011,Kharif,Potato,2449,17437,7.120049
Uttarakhand,UTTAR KASHI,2011,Kharif,Ragi,5388,9990,1.854120267
Uttarakhand,UTTAR KASHI,2011,Kharif,Rice,10619,17165,1.616442226
Uttarakhand,UTTAR KASHI,2011,Kharif,Sesamum,673,169,0.251114413
Uttarakhand,UTTAR KASHI,2011,Kharif,Small millets,3741,4693,1.254477412
Uttarakhand,UTTAR KASHI,2011,Kharif,Soyabean,414,422,1.019323671
Uttarakhand,UTTAR KASHI,2011,Kharif,Sunflower,1,,
Uttarakhand,UTTAR KASHI,2011,Kharif,Urad,816,851,1.042892157
Uttarakhand,UTTAR KASHI,2011,Rabi,Barley,174,246,1.413793103
Uttarakhand,UTTAR KASHI,2011,Rabi,Gram,1,1,1
Uttarakhand,UTTAR KASHI,2011,Rabi,Masoor,244,178,0.729508197
Uttarakhand,UTTAR KASHI,2011,Rabi,Peas & beans (Pulses),347,228,0.657060519
Uttarakhand,UTTAR KASHI,2011,Rabi,Potato,86,543,6.313953488
Uttarakhand,UTTAR KASHI,2011,Rabi,Rapeseed &Mustard,904,497,0.549778761
Uttarakhand,UTTAR KASHI,2011,Rabi,Wheat,11503,18907,1.643658176
Uttarakhand,UTTAR KASHI,2011,Whole Year,Garlic,21,74,3.523809524
Uttarakhand,UTTAR KASHI,2011,Whole Year,Ginger,2,20,10
Uttarakhand,UTTAR KASHI,2011,Whole Year,Onion,8,52,6.5
Uttarakhand,UTTAR KASHI,2011,Whole Year,Tobacco,1,1,1
Uttarakhand,UTTAR KASHI,2012,Kharif,Arhar/Tur,360,316,0.877777778
Uttarakhand,UTTAR KASHI,2012,Kharif,Horse-gram,692,623,0.900289017
Uttarakhand,UTTAR KASHI,2012,Kharif,Maize,588,609,1.035714286
Uttarakhand,UTTAR KASHI,2012,Kharif,Other Kharif pulses,1575,1098,0.697142857
Uttarakhand,UTTAR KASHI,2012,Kharif,other oilseeds,5,1,0.2
Uttarakhand,UTTAR KASHI,2012,Kharif,Potato,2855,25661,8.988091068
Uttarakhand,UTTAR KASHI,2012,Kharif,Ragi,5558,10212,1.837351565
Uttarakhand,UTTAR KASHI,2012,Kharif,Rice,9919,18604,1.875592298
Uttarakhand,UTTAR KASHI,2012,Kharif,Sesamum,733,218,0.297407913
Uttarakhand,UTTAR KASHI,2012,Kharif,Small millets,4361,4893,1.121990369
Uttarakhand,UTTAR KASHI,2012,Kharif,Soyabean,182,176,0.967032967
Uttarakhand,UTTAR KASHI,2012,Kharif,Urad,692,930,1.343930636
Uttarakhand,UTTAR KASHI,2012,Rabi,Barley,246,387,1.573170732
Uttarakhand,UTTAR KASHI,2012,Rabi,Masoor,206,154,0.747572816
Uttarakhand,UTTAR KASHI,2012,Rabi,Peas & beans (Pulses),820,540,0.658536585
Uttarakhand,UTTAR KASHI,2012,Rabi,Potato,240,794,3.308333333
Uttarakhand,UTTAR KASHI,2012,Rabi,Rapeseed &Mustard,790,436,0.551898734
Uttarakhand,UTTAR KASHI,2012,Rabi,Wheat,10584,18387,1.737244898
Uttarakhand,UTTAR KASHI,2012,Whole Year,Garlic,27,97,3.592592593
Uttarakhand,UTTAR KASHI,2012,Whole Year,Ginger,13,129,9.923076923
Uttarakhand,UTTAR KASHI,2012,Whole Year,Onion,23,150,6.52173913
Uttarakhand,UTTAR KASHI,2013,Kharif,Arhar/Tur,290,254,0.875862069
Uttarakhand,UTTAR KASHI,2013,Kharif,Horse-gram,881,1207,1.370034052
Uttarakhand,UTTAR KASHI,2013,Kharif,Maize,1040,1078,1.036538462
Uttarakhand,UTTAR KASHI,2013,Kharif,Other Kharif pulses,2102,1440,0.685061846
Uttarakhand,UTTAR KASHI,2013,Kharif,other oilseeds,17,9,0.529411765
Uttarakhand,UTTAR KASHI,2013,Kharif,Potato,2361,21329,9.033883947
Uttarakhand,UTTAR KASHI,2013,Kharif,Ragi,4543,7734,1.702399296
Uttarakhand,UTTAR KASHI,2013,Kharif,Rice,9010,15981,1.773695893
Uttarakhand,UTTAR KASHI,2013,Kharif,Sesamum,588,174,0.295918367
Uttarakhand,UTTAR KASHI,2013,Kharif,Small millets,4371,4322,0.988789751
Uttarakhand,UTTAR KASHI,2013,Kharif,Soyabean,144,141,0.979166667
Uttarakhand,UTTAR KASHI,2013,Kharif,Urad,891,1047,1.175084175
Uttarakhand,UTTAR KASHI,2013,Rabi,Barley,247,371,1.502024291
Uttarakhand,UTTAR KASHI,2013,Rabi,Gram,5,5,1
Uttarakhand,UTTAR KASHI,2013,Rabi,Masoor,236,230,0.974576271
Uttarakhand,UTTAR KASHI,2013,Rabi,Other  Rabi pulses,4,2,0.5
Uttarakhand,UTTAR KASHI,2013,Rabi,Peas & beans (Pulses),708,468,0.661016949
Uttarakhand,UTTAR KASHI,2013,Rabi,Potato,153,889,5.810457516
Uttarakhand,UTTAR KASHI,2013,Rabi,Rapeseed &Mustard,873,437,0.500572738
Uttarakhand,UTTAR KASHI,2013,Rabi,Wheat,10023,17874,1.783298414
Uttarakhand,UTTAR KASHI,2013,Whole Year,Garlic,17,27,1.588235294
Uttarakhand,UTTAR KASHI,2013,Whole Year,Ginger,2,18,9
Uttarakhand,UTTAR KASHI,2013,Whole Year,Onion,32,212,6.625
Uttarakhand,UTTAR KASHI,2014,Kharif,Arhar/Tur,379,279,0.736147757
Uttarakhand,UTTAR KASHI,2014,Kharif,Ginger,3,27,9
Uttarakhand,UTTAR KASHI,2014,Kharif,Horse-gram,842,868,1.03087886
Uttarakhand,UTTAR KASHI,2014,Kharif,Maize,410,1064,2.595121951
Uttarakhand,UTTAR KASHI,2014,Kharif,Other Cereals & Millets,337,151,0.448071217
Uttarakhand,UTTAR KASHI,2014,Kharif,Other Kharif pulses,1913,1763,0.921589127
Uttarakhand,UTTAR KASHI,2014,Kharif,other oilseeds,2,1,0.5
Uttarakhand,UTTAR KASHI,2014,Kharif,Potato,1928,17751,9.206950207
Uttarakhand,UTTAR KASHI,2014,Kharif,Pulses total,4288,3886,0.90625
Uttarakhand,UTTAR KASHI,2014,Kharif,Ragi,5275,9233,1.750331754
Uttarakhand,UTTAR KASHI,2014,Kharif,Rice,9919,16499,1.663373324
Uttarakhand,UTTAR KASHI,2014,Kharif,Sesamum,532,157,0.295112782
Uttarakhand,UTTAR KASHI,2014,Kharif,Small millets,4285,4498,1.049708285
Uttarakhand,UTTAR KASHI,2014,Kharif,Soyabean,172,169,0.98255814
Uttarakhand,UTTAR KASHI,2014,Kharif,Total foodgrain,24195,35035,1.448026452
Uttarakhand,UTTAR KASHI,2014,Kharif,Urad,835,680,0.814371257
Uttarakhand,UTTAR KASHI,2014,Rabi,Barley,221,272,1.230769231
Uttarakhand,UTTAR KASHI,2014,Rabi,Gram,2,2,1
Uttarakhand,UTTAR KASHI,2014,Rabi,Lentil,280,236,0.842857143
Uttarakhand,UTTAR KASHI,2014,Rabi,Masoor,280,236,0.842857143
Uttarakhand,UTTAR KASHI,2014,Rabi,Other  Rabi pulses,3,2,0.666666667
Uttarakhand,UTTAR KASHI,2014,Rabi,Peas & beans (Pulses),755,499,0.660927152
Uttarakhand,UTTAR KASHI,2014,Rabi,Potato,279,1785,6.397849462
Uttarakhand,UTTAR KASHI,2014,Rabi,Pulses total,1058,744,0.703213611
Uttarakhand,UTTAR KASHI,2014,Rabi,Rapeseed &Mustard,985,742,0.753299492
Uttarakhand,UTTAR KASHI,2014,Rabi,Total foodgrain,11222,14654,1.305827838
Uttarakhand,UTTAR KASHI,2014,Rabi,Wheat,9961,13643,1.369641602
Uttarakhand,UTTAR KASHI,2014,Whole Year,Garlic,27,43,1.592592593
Uttarakhand,UTTAR KASHI,2014,Whole Year,Ginger,2,18,9
Uttarakhand,UTTAR KASHI,2014,Whole Year,Onion,26,172,6.615384615
Uttarakhand,UTTAR KASHI,2014,Whole Year,Pulses total,5346,4630,0.866068088
Uttarakhand,UTTAR KASHI,2014,Whole Year,Rice,9919,16499,1.663373324
Uttarakhand,UTTAR KASHI,2014,Whole Year,Sunflower,3,3,1
Uttarakhand,UTTAR KASHI,2014,Whole Year,Total foodgrain,35417,49689,1.402970325
West Bengal,24 PARAGANAS NORTH,1997,Autumn,Rice,15017,33840,2.253446094
West Bengal,24 PARAGANAS NORTH,1997,Kharif,Jute,52568,677510,12.88825902
West Bengal,24 PARAGANAS NORTH,1997,Kharif,Mesta,690,6710,9.724637681
West Bengal,24 PARAGANAS NORTH,1997,Kharif,Urad,1992,1310,0.657630522
West Bengal,24 PARAGANAS NORTH,1997,Rabi,Gram,267,160,0.599250936
West Bengal,24 PARAGANAS NORTH,1997,Rabi,Khesari,117,90,0.769230769
West Bengal,24 PARAGANAS NORTH,1997,Rabi,Masoor,6179,3720,0.602039165
West Bengal,24 PARAGANAS NORTH,1997,Rabi,Moong(Green Gram),65,49,0.753846154
West Bengal,24 PARAGANAS NORTH,1997,Rabi,Oilseeds total,4205800,3183800,0.757002235
West Bengal,24 PARAGANAS NORTH,1997,Rabi,Urad,295,58,0.196610169
West Bengal,24 PARAGANAS NORTH,1997,Rabi,Wheat,6790,11950,1.75994109
West Bengal,24 PARAGANAS NORTH,1997,Summer,Moong(Green Gram),175,5,0.028571429
West Bengal,24 PARAGANAS NORTH,1997,Summer,Rice,98044,269690,2.750703766
West Bengal,24 PARAGANAS NORTH,1997,Whole Year,Arecanut,1345,1274,0.947211896
West Bengal,24 PARAGANAS NORTH,1997,Whole Year,Arhar/Tur,45,40,0.888888889
West Bengal,24 PARAGANAS NORTH,1997,Whole Year,Coconut,2975,40162,13.49983193
West Bengal,24 PARAGANAS NORTH,1997,Whole Year,Dry chillies,3916,7706,1.967824311
West Bengal,24 PARAGANAS NORTH,1997,Whole Year,Groundnut,1719,2840,1.652123328
West Bengal,24 PARAGANAS NORTH,1997,Whole Year,Linseed,123,20,0.162601626
West Bengal,24 PARAGANAS NORTH,1997,Whole Year,Maize,5,10,2
West Bengal,24 PARAGANAS NORTH,1997,Whole Year,Potato,6199,131431,21.20196806
West Bengal,24 PARAGANAS NORTH,1997,Whole Year,Pulses total,975200,595700,0.610849057
West Bengal,24 PARAGANAS NORTH,1997,Whole Year,Rapeseed &Mustard,33993,25070,0.73750478
West Bengal,24 PARAGANAS NORTH,1997,Whole Year,Sesamum,6188,3875,0.626212023
West Bengal,24 PARAGANAS NORTH,1997,Whole Year,Sugarcane,183,12060,65.90163934
West Bengal,24 PARAGANAS NORTH,1997,Whole Year,Turmeric,820,1701,2.074390244
West Bengal,24 PARAGANAS NORTH,1997,Winter,Rice,193202,381990,1.977153446
West Bengal,24 PARAGANAS NORTH,1998,Autumn,Rice,21417,45870,2.141756549
West Bengal,24 PARAGANAS NORTH,1998,Kharif,Arhar/Tur,61,50,0.819672131
West Bengal,24 PARAGANAS NORTH,1998,Kharif,Dry ginger,287,409,1.425087108
West Bengal,24 PARAGANAS NORTH,1998,Kharif,Jute,58511,815790,13.94250654
West Bengal,24 PARAGANAS NORTH,1998,Kharif,Mesta,1159,10440,9.007765315
West Bengal,24 PARAGANAS NORTH,1998,Kharif,Moong(Green Gram),14,6,0.428571429
West Bengal,24 PARAGANAS NORTH,1998,Kharif,Sunflower,12,8,0.666666667
West Bengal,24 PARAGANAS NORTH,1998,Kharif,Urad,1738,1240,0.713463751
West Bengal,24 PARAGANAS NORTH,1998,Rabi,Gram,1191,890,0.747271201
West Bengal,24 PARAGANAS NORTH,1998,Rabi,Khesari,202,200,0.99009901
West Bengal,24 PARAGANAS NORTH,1998,Rabi,Linseed,149,30,0.201342282
West Bengal,24 PARAGANAS NORTH,1998,Rabi,Masoor,4901,3220,0.657008774
West Bengal,24 PARAGANAS NORTH,1998,Rabi,Peas & beans (Pulses),1081,790,0.73080481
West Bengal,24 PARAGANAS NORTH,1998,Rabi,Rapeseed &Mustard,33603,24310,0.723447311
West Bengal,24 PARAGANAS NORTH,1998,Rabi,Wheat,8621,18030,2.091404709
West Bengal,24 PARAGANAS NORTH,1998,Summer,Moong(Green Gram),86,30,0.348837209
West Bengal,24 PARAGANAS NORTH,1998,Summer,Rice,114251,425881,3.727591006
West Bengal,24 PARAGANAS NORTH,1998,Whole Year,Arecanut,1383,2196,1.587852495
West Bengal,24 PARAGANAS NORTH,1998,Whole Year,Coconut,2990,55682.8,18.62301003
West Bengal,24 PARAGANAS NORTH,1998,Whole Year,Dry chillies,3416,4447,1.301814988
West Bengal,24 PARAGANAS NORTH,1998,Whole Year,Groundnut,2110,3248,1.539336493
West Bengal,24 PARAGANAS NORTH,1998,Whole Year,Potato,7927,166929,21.05828182
West Bengal,24 PARAGANAS NORTH,1998,Whole Year,Sesamum,2956,3035,1.026725304
West Bengal,24 PARAGANAS NORTH,1998,Whole Year,Sugarcane,352,23160,65.79545455
West Bengal,24 PARAGANAS NORTH,1998,Whole Year,Turmeric,822,2044,2.486618005
West Bengal,24 PARAGANAS NORTH,1998,Winter,Rice,199701,391190,1.958878523
West Bengal,24 PARAGANAS NORTH,1999,Autumn,Dry chillies,1054,1067,1.012333966
West Bengal,24 PARAGANAS NORTH,1999,Autumn,Rice,25760,60990,2.367624224
West Bengal,24 PARAGANAS NORTH,1999,Autumn,Sesamum,10,3,0.3
West Bengal,24 PARAGANAS NORTH,1999,Kharif,Arhar/Tur,74,90,1.216216216
West Bengal,24 PARAGANAS NORTH,1999,Kharif,Dry ginger,256,358,1.3984375
West Bengal,24 PARAGANAS NORTH,1999,Kharif,Groundnut,17,37,2.176470588
West Bengal,24 PARAGANAS NORTH,1999,Kharif,Jute,57060,790480,13.85348756
West Bengal,24 PARAGANAS NORTH,1999,Kharif,Mesta,637,7530,11.82103611
West Bengal,24 PARAGANAS NORTH,1999,Kharif,Sunflower,7,9,1.285714286
West Bengal,24 PARAGANAS NORTH,1999,Kharif,Urad,3317,2531,0.763038891
West Bengal,24 PARAGANAS NORTH,1999,Rabi,Dry chillies,2722,4181,1.536002939
West Bengal,24 PARAGANAS NORTH,1999,Rabi,Gram,909,727,0.799779978
West Bengal,24 PARAGANAS NORTH,1999,Rabi,Khesari,84,71,0.845238095
West Bengal,24 PARAGANAS NORTH,1999,Rabi,Masoor,4520,2201,0.486946903
West Bengal,24 PARAGANAS NORTH,1999,Rabi,Peas & beans (Pulses),496,465,0.9375
West Bengal,24 PARAGANAS NORTH,1999,Rabi,Rapeseed &Mustard,35859,30606,0.853509579
West Bengal,24 PARAGANAS NORTH,1999,Rabi,Wheat,7672,16278,2.121741397
West Bengal,24 PARAGANAS NORTH,1999,Summer,Groundnut,2441,3910,1.60180254
West Bengal,24 PARAGANAS NORTH,1999,Summer,Moong(Green Gram),109,30,0.275229358
West Bengal,24 PARAGANAS NORTH,1999,Summer,Rice,112461,345460,3.071820453
West Bengal,24 PARAGANAS NORTH,1999,Summer,Sesamum,3766,3280,0.870950611
West Bengal,24 PARAGANAS NORTH,1999,Whole Year,Arecanut,1410,2280,1.617021277
West Bengal,24 PARAGANAS NORTH,1999,Whole Year,Coconut,3010,49878.7,16.57099668
West Bengal,24 PARAGANAS NORTH,1999,Whole Year,Sugarcane,1003,59461,59.28315055
West Bengal,24 PARAGANAS NORTH,1999,Whole Year,Turmeric,864,2243,2.596064815
West Bengal,24 PARAGANAS NORTH,1999,Winter,Potato,7554,159827,21.15792957
West Bengal,24 PARAGANAS NORTH,1999,Winter,Rice,192944,423850,2.196751389
West Bengal,24 PARAGANAS NORTH,2000,Autumn,Rice,28438,47660,1.675926577
West Bengal,24 PARAGANAS NORTH,2000,Kharif,Arhar/Tur,43,30,0.697674419
West Bengal,24 PARAGANAS NORTH,2000,Kharif,Dry ginger,248,233,0.939516129
West Bengal,24 PARAGANAS NORTH,2000,Kharif,Jute,55824,776920,13.91731155
West Bengal,24 PARAGANAS NORTH,2000,Kharif,Mesta,971,8120,8.362512873
West Bengal,24 PARAGANAS NORTH,2000,Kharif,Sunflower,11,6,0.545454545
West Bengal,24 PARAGANAS NORTH,2000,Kharif,Urad,1266,770,0.60821485
West Bengal,24 PARAGANAS NORTH,2000,Rabi,Gram,1123,780,0.694568121
West Bengal,24 PARAGANAS NORTH,2000,Rabi,Groundnut,980,750,0.765306122
West Bengal,24 PARAGANAS NORTH,2000,Rabi,Khesari,284,290,1.021126761
West Bengal,24 PARAGANAS NORTH,2000,Rabi,Masoor,9229,7850,0.850579694
West Bengal,24 PARAGANAS NORTH,2000,Rabi,Peas & beans (Pulses),518,440,0.849420849
West Bengal,24 PARAGANAS NORTH,2000,Rabi,Rapeseed &Mustard,40274,35430,0.879723891
West Bengal,24 PARAGANAS NORTH,2000,Rabi,Wheat,13556,33850,2.497049277
West Bengal,24 PARAGANAS NORTH,2000,Summer,Groundnut,3000,5139,1.713
West Bengal,24 PARAGANAS NORTH,2000,Summer,Moong(Green Gram),384,198,0.515625
West Bengal,24 PARAGANAS NORTH,2000,Summer,Rice,109077,341715,3.13278693
West Bengal,24 PARAGANAS NORTH,2000,Whole Year,Arecanut,1405,2713,1.930960854
West Bengal,24 PARAGANAS NORTH,2000,Whole Year,Coconut,3051,63509.6,20.81599476
West Bengal,24 PARAGANAS NORTH,2000,Whole Year,Dry chillies,2913,3311,1.136628905
West Bengal,24 PARAGANAS NORTH,2000,Whole Year,Potato,8452,189017,22.36358258
West Bengal,24 PARAGANAS NORTH,2000,Whole Year,Sesamum,4191,4397,1.049152947
West Bengal,24 PARAGANAS NORTH,2000,Whole Year,Sugarcane,1005,64640,64.31840796
West Bengal,24 PARAGANAS NORTH,2000,Whole Year,Turmeric,815,2082,2.554601227
West Bengal,24 PARAGANAS NORTH,2000,Winter,Rice,136439,251580,1.843900937
West Bengal,24 PARAGANAS NORTH,2001,Autumn,Rice,32824,75912,2.312698026
West Bengal,24 PARAGANAS NORTH,2001,Kharif,Arhar/Tur,27,40,1.481481481
West Bengal,24 PARAGANAS NORTH,2001,Kharif,Cotton(lint),250,620,2.48
West Bengal,24 PARAGANAS NORTH,2001,Kharif,Dry ginger,267,253,0.947565543
West Bengal,24 PARAGANAS NORTH,2001,Kharif,Jute,61405,886561,14.43792851
West Bengal,24 PARAGANAS NORTH,2001,Kharif,Mesta,1059,11169,10.54674221
West Bengal,24 PARAGANAS NORTH,2001,Kharif,Sunflower,304,451,1.483552632
West Bengal,24 PARAGANAS NORTH,2001,Kharif,Urad,1738,935,0.537974684
West Bengal,24 PARAGANAS NORTH,2001,Rabi,Gram,818,665,0.812958435
West Bengal,24 PARAGANAS NORTH,2001,Rabi,Groundnut,974,592,0.607802875
West Bengal,24 PARAGANAS NORTH,2001,Rabi,Khesari,487,391,0.802874743
West Bengal,24 PARAGANAS NORTH,2001,Rabi,Linseed,176,71,0.403409091
West Bengal,24 PARAGANAS NORTH,2001,Rabi,Masoor,5101,2296,0.450107822
West Bengal,24 PARAGANAS NORTH,2001,Rabi,Peas & beans (Pulses),799,512,0.640801001
West Bengal,24 PARAGANAS NORTH,2001,Rabi,Rapeseed &Mustard,44542,29782,0.668627363
West Bengal,24 PARAGANAS NORTH,2001,Rabi,Wheat,16621,34176,2.056193971
West Bengal,24 PARAGANAS NORTH,2001,Summer,Groundnut,2860,3932,1.374825175
West Bengal,24 PARAGANAS NORTH,2001,Summer,Moong(Green Gram),15,6,0.4
West Bengal,24 PARAGANAS NORTH,2001,Summer,Rice,100153,316329,3.15845756
West Bengal,24 PARAGANAS NORTH,2001,Whole Year,Arecanut,1452,2680,1.845730028
West Bengal,24 PARAGANAS NORTH,2001,Whole Year,Coconut,3134,66735.4,21.29400128
West Bengal,24 PARAGANAS NORTH,2001,Whole Year,Dry chillies,3619,5184,1.432439901
West Bengal,24 PARAGANAS NORTH,2001,Whole Year,Potato,7067,138137,19.54676666
West Bengal,24 PARAGANAS NORTH,2001,Whole Year,Sesamum,3032,2910,0.959762533
West Bengal,24 PARAGANAS NORTH,2001,Whole Year,Sugarcane,2453,180124,73.43008561
West Bengal,24 PARAGANAS NORTH,2001,Whole Year,Turmeric,833,2164,2.597839136
West Bengal,24 PARAGANAS NORTH,2001,Winter,Rice,198499,463190,2.333462637
West Bengal,24 PARAGANAS NORTH,2002,Autumn,Dry chillies,1152,1175,1.019965278
West Bengal,24 PARAGANAS NORTH,2002,Autumn,Rice,17781,39008,2.193802373
West Bengal,24 PARAGANAS NORTH,2002,Kharif,Cotton(lint),15,60,4
West Bengal,24 PARAGANAS NORTH,2002,Kharif,Dry ginger,269,283,1.05204461
West Bengal,24 PARAGANAS NORTH,2002,Kharif,Jute,60581,973220,16.06477278
West Bengal,24 PARAGANAS NORTH,2002,Kharif,Mesta,1105,9503,8.6
West Bengal,24 PARAGANAS NORTH,2002,Kharif,Urad,1224,879,0.718137255
West Bengal,24 PARAGANAS NORTH,2002,Rabi,Dry chillies,3070,6521,2.124104235
West Bengal,24 PARAGANAS NORTH,2002,Rabi,Gram,951,709,0.74553102
West Bengal,24 PARAGANAS NORTH,2002,Rabi,Groundnut,982,768,0.782077393
West Bengal,24 PARAGANAS NORTH,2002,Rabi,Khesari,404,555,1.373762376
West Bengal,24 PARAGANAS NORTH,2002,Rabi,Masoor,4487,2491,0.555159349
West Bengal,24 PARAGANAS NORTH,2002,Rabi,Peas & beans (Pulses),728,572,0.785714286
West Bengal,24 PARAGANAS NORTH,2002,Rabi,Rapeseed &Mustard,32542,28747,0.883381476
West Bengal,24 PARAGANAS NORTH,2002,Rabi,Wheat,9675,21520,2.224289406
West Bengal,24 PARAGANAS NORTH,2002,Summer,Groundnut,217,305,1.405529954
West Bengal,24 PARAGANAS NORTH,2002,Summer,Moong(Green Gram),44,18,0.409090909
West Bengal,24 PARAGANAS NORTH,2002,Summer,Rice,88692,276560,3.118206828
West Bengal,24 PARAGANAS NORTH,2002,Summer,Sesamum,4098,4035,0.984626647
West Bengal,24 PARAGANAS NORTH,2002,Whole Year,Arecanut,1486,3856,2.594885599
West Bengal,24 PARAGANAS NORTH,2002,Whole Year,Coconut,2847,48746.3,17.12198806
West Bengal,24 PARAGANAS NORTH,2002,Whole Year,Sugarcane,407,29177,71.68796069
West Bengal,24 PARAGANAS NORTH,2002,Whole Year,Turmeric,879,2730,3.105802048
West Bengal,24 PARAGANAS NORTH,2002,Winter,Potato,7054,163433,23.16884037
West Bengal,24 PARAGANAS NORTH,2002,Winter,Rice,180898,436010,2.410253292
West Bengal,24 PARAGANAS NORTH,2003,Autumn,Rice,13747,33482,2.435585946
West Bengal,24 PARAGANAS NORTH,2003,Kharif,Arhar/Tur,10,10,1
West Bengal,24 PARAGANAS NORTH,2003,Kharif,Cotton(lint),133,439,3.30075188
West Bengal,24 PARAGANAS NORTH,2003,Kharif,Dry ginger,271,288,1.062730627
West Bengal,24 PARAGANAS NORTH,2003,Kharif,Jute,54776,965155,17.62003432
West Bengal,24 PARAGANAS NORTH,2003,Kharif,Mesta,626,5290,8.450479233
West Bengal,24 PARAGANAS NORTH,2003,Kharif,Sunflower,2077,1861,0.896003852
West Bengal,24 PARAGANAS NORTH,2003,Kharif,Urad,1597,1143,0.715716969
West Bengal,24 PARAGANAS NORTH,2003,Rabi,Gram,235,240,1.021276596
West Bengal,24 PARAGANAS NORTH,2003,Rabi,Groundnut,1457,1495,1.026080988
West Bengal,24 PARAGANAS NORTH,2003,Rabi,Khesari,81,124,1.530864198
West Bengal,24 PARAGANAS NORTH,2003,Rabi,Masoor,4234,2556,0.603684459
West Bengal,24 PARAGANAS NORTH,2003,Rabi,Peas & beans (Pulses),425,509,1.197647059
West Bengal,24 PARAGANAS NORTH,2003,Rabi,Rapeseed &Mustard,29348,28723,0.97870383
West Bengal,24 PARAGANAS NORTH,2003,Rabi,Safflower,1022,907,0.887475538
West Bengal,24 PARAGANAS NORTH,2003,Rabi,Wheat,11167,26299,2.355064028
West Bengal,24 PARAGANAS NORTH,2003,Summer,Groundnut,1456,2149,1.475961538
West Bengal,24 PARAGANAS NORTH,2003,Summer,Moong(Green Gram),14,4,0.285714286
West Bengal,24 PARAGANAS NORTH,2003,Summer,Rice,83792,265326,3.166483674
West Bengal,24 PARAGANAS NORTH,2003,Whole Year,Arecanut,1540,4457,2.894155844
West Bengal,24 PARAGANAS NORTH,2003,Whole Year,Coconut,2886,60314.5,20.89899515
West Bengal,24 PARAGANAS NORTH,2003,Whole Year,Dry chillies,4188,8685,2.073782235
West Bengal,24 PARAGANAS NORTH,2003,Whole Year,Potato,6366,144202,22.65190072
West Bengal,24 PARAGANAS NORTH,2003,Whole Year,Sesamum,4705,4883,1.037832094
West Bengal,24 PARAGANAS NORTH,2003,Whole Year,Sugarcane,482,36632,76
West Bengal,24 PARAGANAS NORTH,2003,Whole Year,Turmeric,926,2845,3.072354212
West Bengal,24 PARAGANAS NORTH,2003,Winter,Rice,169933,402803,2.370363614
West Bengal,24 PARAGANAS NORTH,2004,Autumn,Rice,18746,42098,2.245705751
West Bengal,24 PARAGANAS NORTH,2004,Kharif,Cotton(lint),162,985,6.080246914
West Bengal,24 PARAGANAS NORTH,2004,Kharif,Dry ginger,277,489,1.76534296
West Bengal,24 PARAGANAS NORTH,2004,Kharif,Jute,50888,888510,17.46010847
West Bengal,24 PARAGANAS NORTH,2004,Kharif,Mesta,542,5404,9.970479705
West Bengal,24 PARAGANAS NORTH,2004,Kharif,Sunflower,1575,2021,1.283174603
West Bengal,24 PARAGANAS NORTH,2004,Kharif,Urad,854,767,0.898126464
West Bengal,24 PARAGANAS NORTH,2004,Rabi,Arhar/Tur,4,4,1
West Bengal,24 PARAGANAS NORTH,2004,Rabi,Gram,648,626,0.966049383
West Bengal,24 PARAGANAS NORTH,2004,Rabi,Khesari,831,828,0.996389892
West Bengal,24 PARAGANAS NORTH,2004,Rabi,Linseed,139,32,0.230215827
West Bengal,24 PARAGANAS NORTH,2004,Rabi,Masoor,4181,2368,0.566371681
West Bengal,24 PARAGANAS NORTH,2004,Rabi,Peas & beans (Pulses),701,446,0.636233951
West Bengal,24 PARAGANAS NORTH,2004,Rabi,Rapeseed &Mustard,31545,25832,0.818893644
West Bengal,24 PARAGANAS NORTH,2004,Rabi,Wheat,5810,12484,2.148709122
West Bengal,24 PARAGANAS NORTH,2004,Summer,Moong(Green Gram),286,95,0.332167832
West Bengal,24 PARAGANAS NORTH,2004,Summer,Rice,89345,276187,3.091241815
West Bengal,24 PARAGANAS NORTH,2004,Whole Year,Coconut,2886,60314.5,20.89899515
West Bengal,24 PARAGANAS NORTH,2004,Whole Year,Dry chillies,4034,8520,2.112047595
West Bengal,24 PARAGANAS NORTH,2004,Whole Year,Groundnut,1030,1662,1.613592233
West Bengal,24 PARAGANAS NORTH,2004,Whole Year,Potato,5981,126037,21.07289751
West Bengal,24 PARAGANAS NORTH,2004,Whole Year,Sesamum,5852,6266,1.070745044
West Bengal,24 PARAGANAS NORTH,2004,Whole Year,Sugarcane,317,23086,72.82649842
West Bengal,24 PARAGANAS NORTH,2004,Whole Year,Turmeric,1012,3231,3.192687747
West Bengal,24 PARAGANAS NORTH,2004,Winter,Rice,157096,368303,2.344445435
West Bengal,24 PARAGANAS NORTH,2005,Autumn,Rice,18148,43726,2.409411505
West Bengal,24 PARAGANAS NORTH,2005,Kharif,Cotton(lint),137,445,3.248175182
West Bengal,24 PARAGANAS NORTH,2005,Kharif,Dry ginger,270,645,2.388888889
West Bengal,24 PARAGANAS NORTH,2005,Kharif,Jute,48189,821829,17.05428625
West Bengal,24 PARAGANAS NORTH,2005,Kharif,Maize,3,6,2
West Bengal,24 PARAGANAS NORTH,2005,Kharif,Mesta,1750,26495,15.14
West Bengal,24 PARAGANAS NORTH,2005,Kharif,Sunflower,1580,2029,1.284177215
West Bengal,24 PARAGANAS NORTH,2005,Kharif,Urad,1730,1454,0.840462428
West Bengal,24 PARAGANAS NORTH,2005,Rabi,Arhar/Tur,40,44,1.1
West Bengal,24 PARAGANAS NORTH,2005,Rabi,Gram,819,811,0.99023199
West Bengal,24 PARAGANAS NORTH,2005,Rabi,Khesari,685,573,0.83649635
West Bengal,24 PARAGANAS NORTH,2005,Rabi,Linseed,15,6,0.4
West Bengal,24 PARAGANAS NORTH,2005,Rabi,Masoor,6751,4173,0.618130647
West Bengal,24 PARAGANAS NORTH,2005,Rabi,Peas & beans (Pulses),1109,882,0.795311091
West Bengal,24 PARAGANAS NORTH,2005,Rabi,Rapeseed &Mustard,32263,34868,1.080742646
West Bengal,24 PARAGANAS NORTH,2005,Rabi,Wheat,7444,16214,2.178130038
West Bengal,24 PARAGANAS NORTH,2005,Summer,Moong(Green Gram),297,91,0.306397306
West Bengal,24 PARAGANAS NORTH,2005,Summer,Rice,96675,283954,2.937201965
West Bengal,24 PARAGANAS NORTH,2005,Whole Year,Arecanut,1597,8189,5.127739512
West Bengal,24 PARAGANAS NORTH,2005,Whole Year,Coconut,3258,58878,18.0718232
West Bengal,24 PARAGANAS NORTH,2005,Whole Year,Dry chillies,3244,5551,1.711159063
West Bengal,24 PARAGANAS NORTH,2005,Whole Year,Groundnut,1384,2216,1.601156069
West Bengal,24 PARAGANAS NORTH,2005,Whole Year,Potato,5747,127290,22.14894728
West Bengal,24 PARAGANAS NORTH,2005,Whole Year,Sesamum,9343,9526,1.019586856
West Bengal,24 PARAGANAS NORTH,2005,Whole Year,Sugarcane,503,38390,76.32206759
West Bengal,24 PARAGANAS NORTH,2005,Whole Year,Turmeric,924,3033,3.282467532
West Bengal,24 PARAGANAS NORTH,2005,Winter,Rice,162284,389682,2.401234872
West Bengal,24 PARAGANAS NORTH,2006,Autumn,Rice,17719,46279,2.61182911
West Bengal,24 PARAGANAS NORTH,2006,Kharif,Cotton(lint),137,445,3.248175182
West Bengal,24 PARAGANAS NORTH,2006,Kharif,Dry ginger,312,674,2.16025641
West Bengal,24 PARAGANAS NORTH,2006,Kharif,Jute,60388,1118763,18.52624694
West Bengal,24 PARAGANAS NORTH,2006,Kharif,Mesta,863,11503,13.32908459
West Bengal,24 PARAGANAS NORTH,2006,Kharif,Sunflower,1691,1721,1.017740982
West Bengal,24 PARAGANAS NORTH,2006,Kharif,Urad,2190,1636,0.747031963
West Bengal,24 PARAGANAS NORTH,2006,Rabi,Arhar/Tur,35,17,0.485714286
West Bengal,24 PARAGANAS NORTH,2006,Rabi,Gram,713,481,0.674614306
West Bengal,24 PARAGANAS NORTH,2006,Rabi,Khesari,822,730,0.888077859
West Bengal,24 PARAGANAS NORTH,2006,Rabi,Linseed,28,8,0.285714286
West Bengal,24 PARAGANAS NORTH,2006,Rabi,Masoor,8840,4331,0.489932127
West Bengal,24 PARAGANAS NORTH,2006,Rabi,Peas & beans (Pulses),855,592,0.692397661
West Bengal,24 PARAGANAS NORTH,2006,Rabi,Rapeseed &Mustard,33100,27673,0.836042296
West Bengal,24 PARAGANAS NORTH,2006,Rabi,Wheat,7043,16885,2.397415874
West Bengal,24 PARAGANAS NORTH,2006,Summer,Moong(Green Gram),148,55,0.371621622
West Bengal,24 PARAGANAS NORTH,2006,Summer,Rice,89707,271884,3.030800272
West Bengal,24 PARAGANAS NORTH,2006,Whole Year,Arecanut,1627,1775,1.090964966
West Bengal,24 PARAGANAS NORTH,2006,Whole Year,Coconut,3338,75095000,22497.00419
West Bengal,24 PARAGANAS NORTH,2006,Whole Year,Dry chillies,3293,7984,2.424536896
West Bengal,24 PARAGANAS NORTH,2006,Whole Year,Groundnut,1673,2926,1.748953975
West Bengal,24 PARAGANAS NORTH,2006,Whole Year,Potato,6619,113971,17.21876416
West Bengal,24 PARAGANAS NORTH,2006,Whole Year,Sesamum,10542,12297,1.166476949
West Bengal,24 PARAGANAS NORTH,2006,Whole Year,Sugarcane,403,27386,67.95533499
West Bengal,24 PARAGANAS NORTH,2006,Whole Year,Turmeric,1042,3407,3.269673704
West Bengal,24 PARAGANAS NORTH,2006,Winter,Rice,170626,407810,2.39008123
West Bengal,24 PARAGANAS NORTH,2007,Autumn,Rice,20861,44993,2.15679977
West Bengal,24 PARAGANAS NORTH,2007,Kharif,Cotton(lint),2980,834,0.279865772
West Bengal,24 PARAGANAS NORTH,2007,Kharif,Dry ginger,336,748,2.226190476
West Bengal,24 PARAGANAS NORTH,2007,Kharif,Garlic,126,954,7.571428571
West Bengal,24 PARAGANAS NORTH,2007,Kharif,Jute,55339,981028,17.72760621
West Bengal,24 PARAGANAS NORTH,2007,Kharif,Mesta,295,4215,14.28813559
West Bengal,24 PARAGANAS NORTH,2007,Kharif,Sunflower,1456,1819,1.249313187
West Bengal,24 PARAGANAS NORTH,2007,Kharif,Urad,836,808,0.966507177
West Bengal,24 PARAGANAS NORTH,2007,Rabi,Arhar/Tur,9,10,1.111111111
West Bengal,24 PARAGANAS NORTH,2007,Rabi,Gram,510,432,0.847058824
West Bengal,24 PARAGANAS NORTH,2007,Rabi,Khesari,556,537,0.965827338
West Bengal,24 PARAGANAS NORTH,2007,Rabi,Linseed,10,3,0.3
West Bengal,24 PARAGANAS NORTH,2007,Rabi,Masoor,6537,4259,0.651522105
West Bengal,24 PARAGANAS NORTH,2007,Rabi,Peas & beans (Pulses),645,459,0.711627907
West Bengal,24 PARAGANAS NORTH,2007,Rabi,Rapeseed &Mustard,33208,34481,1.038334136
West Bengal,24 PARAGANAS NORTH,2007,Rabi,Safflower,140,382,2.728571429
West Bengal,24 PARAGANAS NORTH,2007,Rabi,Wheat,6966,17849,2.562302613
West Bengal,24 PARAGANAS NORTH,2007,Summer,Groundnut,2214,3859,1.742999097
West Bengal,24 PARAGANAS NORTH,2007,Summer,Maize,58,195,3.362068966
West Bengal,24 PARAGANAS NORTH,2007,Summer,Moong(Green Gram),59,38,0.644067797
West Bengal,24 PARAGANAS NORTH,2007,Summer,Rice,95528,294718,3.08514781
West Bengal,24 PARAGANAS NORTH,2007,Summer,Sesamum,11818,11901,1.007023185
West Bengal,24 PARAGANAS NORTH,2007,Whole Year,Arecanut,1673,4454,2.662283323
West Bengal,24 PARAGANAS NORTH,2007,Whole Year,Coconut,3629,47018000,12956.18628
West Bengal,24 PARAGANAS NORTH,2007,Whole Year,Dry chillies,4987,8375,1.679366353
West Bengal,24 PARAGANAS NORTH,2007,Whole Year,Potato,10706,233062,21.76928825
West Bengal,24 PARAGANAS NORTH,2007,Whole Year,Sugarcane,447,49358,110.4205817
West Bengal,24 PARAGANAS NORTH,2007,Whole Year,Turmeric,1285,3742,2.912062257
West Bengal,24 PARAGANAS NORTH,2007,Winter,Rice,157175,404941,2.576370288
West Bengal,24 PARAGANAS NORTH,2008,Autumn,Rice,22083,59411,2.690350043
West Bengal,24 PARAGANAS NORTH,2008,Kharif,Cotton(lint),398,358,0.899497487
West Bengal,24 PARAGANAS NORTH,2008,Kharif,Dry ginger,347,748,2.155619597
West Bengal,24 PARAGANAS NORTH,2008,Kharif,Jute,54250,920163,16.96152995
West Bengal,24 PARAGANAS NORTH,2008,Kharif,Mesta,827,10236,12.37726723
West Bengal,24 PARAGANAS NORTH,2008,Kharif,Sunflower,894,985,1.101789709
West Bengal,24 PARAGANAS NORTH,2008,Kharif,Urad,2461,2162,0.878504673
West Bengal,24 PARAGANAS NORTH,2008,Rabi,Gram,407,378,0.928746929
West Bengal,24 PARAGANAS NORTH,2008,Rabi,Khesari,446,571,1.280269058
West Bengal,24 PARAGANAS NORTH,2008,Rabi,Linseed,61,14,0.229508197
West Bengal,24 PARAGANAS NORTH,2008,Rabi,Maize,32,91,2.84375
West Bengal,24 PARAGANAS NORTH,2008,Rabi,Masoor,5288,2854,0.539712557
West Bengal,24 PARAGANAS NORTH,2008,Rabi,Peas & beans (Pulses),454,352,0.775330396
West Bengal,24 PARAGANAS NORTH,2008,Rabi,Rapeseed &Mustard,39652,37025,0.933748613
West Bengal,24 PARAGANAS NORTH,2008,Rabi,Wheat,8566,19002,2.218304926
West Bengal,24 PARAGANAS NORTH,2008,Summer,Groundnut,1813,3885,2.142857143
West Bengal,24 PARAGANAS NORTH,2008,Summer,Maize,61,233,3.819672131
West Bengal,24 PARAGANAS NORTH,2008,Summer,Moong(Green Gram),90,39,0.433333333
West Bengal,24 PARAGANAS NORTH,2008,Summer,Rice,95232,271409,2.849976899
West Bengal,24 PARAGANAS NORTH,2008,Summer,Sesamum,7707,8358,1.084468665
West Bengal,24 PARAGANAS NORTH,2008,Whole Year,Arecanut,1673,4454,2.662283323
West Bengal,24 PARAGANAS NORTH,2008,Whole Year,Coconut,3639,47018,12.92058258
West Bengal,24 PARAGANAS NORTH,2008,Whole Year,Dry chillies,4987,8475,1.699418488
West Bengal,24 PARAGANAS NORTH,2008,Whole Year,Potato,6914,126976,18.36505641
West Bengal,24 PARAGANAS NORTH,2008,Whole Year,Sugarcane,403,35362,87.74689826
West Bengal,24 PARAGANAS NORTH,2008,Whole Year,Turmeric,1285,3742,2.912062257
West Bengal,24 PARAGANAS NORTH,2008,Winter,Rice,157226,406213,2.583624846
West Bengal,24 PARAGANAS NORTH,2009,Autumn,Rice,18839,50488,2.679972398
West Bengal,24 PARAGANAS NORTH,2009,Autumn,Sesamum,10,6,0.6
West Bengal,24 PARAGANAS NORTH,2009,Kharif,Cotton(lint),84,97,1.154761905
West Bengal,24 PARAGANAS NORTH,2009,Kharif,Jute,53654,1094852,20.40578522
West Bengal,24 PARAGANAS NORTH,2009,Kharif,Mesta,581,8256,14.20998279
West Bengal,24 PARAGANAS NORTH,2009,Kharif,Sunflower,762,1538,2.018372703
West Bengal,24 PARAGANAS NORTH,2009,Kharif,Urad,2394,1695,0.70802005
West Bengal,24 PARAGANAS NORTH,2009,Rabi,Gram,569,583,1.024604569
West Bengal,24 PARAGANAS NORTH,2009,Rabi,Khesari,190,258,1.357894737
West Bengal,24 PARAGANAS NORTH,2009,Rabi,Linseed,6,3,0.5
West Bengal,24 PARAGANAS NORTH,2009,Rabi,Maize,53,219,4.132075472
West Bengal,24 PARAGANAS NORTH,2009,Rabi,Masoor,6217,5116,0.822904938
West Bengal,24 PARAGANAS NORTH,2009,Rabi,Peas & beans (Pulses),795,2199,2.766037736
West Bengal,24 PARAGANAS NORTH,2009,Rabi,Potato,7593,254965,33.5789543
West Bengal,24 PARAGANAS NORTH,2009,Rabi,Rapeseed &Mustard,40553,52327,1.290336103
West Bengal,24 PARAGANAS NORTH,2009,Rabi,Safflower,437,427,0.977116705
West Bengal,24 PARAGANAS NORTH,2009,Rabi,Wheat,7388,20855,2.82282079
West Bengal,24 PARAGANAS NORTH,2009,Summer,Groundnut,1425,2830,1.985964912
West Bengal,24 PARAGANAS NORTH,2009,Summer,Maize,179,601,3.357541899
West Bengal,24 PARAGANAS NORTH,2009,Summer,Moong(Green Gram),156,71,0.455128205
West Bengal,24 PARAGANAS NORTH,2009,Summer,Rice,88725,276708,3.118715131
West Bengal,24 PARAGANAS NORTH,2009,Summer,Sesamum,6941,8815,1.269989915
West Bengal,24 PARAGANAS NORTH,2009,Whole Year,Sugarcane,376,17705,47.08776596
West Bengal,24 PARAGANAS NORTH,2009,Winter,Rice,127578,331194,2.596011852
West Bengal,24 PARAGANAS NORTH,2010,Autumn,Maize,9,23,2.555555556
West Bengal,24 PARAGANAS NORTH,2010,Autumn,Rice,18514,42008,2.268985632
West Bengal,24 PARAGANAS NORTH,2010,Kharif,Cotton(lint),30,59,1.966666667
West Bengal,24 PARAGANAS NORTH,2010,Kharif,Jute,50154,955031,19.04197073
West Bengal,24 PARAGANAS NORTH,2010,Kharif,Mesta,360,4681,13.00277778
West Bengal,24 PARAGANAS NORTH,2010,Kharif,Sunflower,606,709,1.169966997
West Bengal,24 PARAGANAS NORTH,2010,Kharif,Urad,1375,1164,0.846545455
West Bengal,24 PARAGANAS NORTH,2010,Rabi,Gram,69,63,0.913043478
West Bengal,24 PARAGANAS NORTH,2010,Rabi,Groundnut,59,75,1.271186441
West Bengal,24 PARAGANAS NORTH,2010,Rabi,Khesari,255,207,0.811764706
West Bengal,24 PARAGANAS NORTH,2010,Rabi,Maize,53,159,3
West Bengal,24 PARAGANAS NORTH,2010,Rabi,Masoor,5477,4907,0.895928428
West Bengal,24 PARAGANAS NORTH,2010,Rabi,Peas & beans (Pulses),563,716,1.271758437
West Bengal,24 PARAGANAS NORTH,2010,Rabi,Potato,9164,331334,36.1560454
West Bengal,24 PARAGANAS NORTH,2010,Rabi,Rapeseed &Mustard,37474,52882,1.411165074
West Bengal,24 PARAGANAS NORTH,2010,Rabi,Safflower,42,58,1.380952381
West Bengal,24 PARAGANAS NORTH,2010,Rabi,Wheat,7361,19720,2.678983834
West Bengal,24 PARAGANAS NORTH,2010,Summer,Groundnut,1234,2510,2.034035656
West Bengal,24 PARAGANAS NORTH,2010,Summer,Maize,101,247,2.445544554
West Bengal,24 PARAGANAS NORTH,2010,Summer,Moong(Green Gram),63,40,0.634920635
West Bengal,24 PARAGANAS NORTH,2010,Summer,Rice,77633,261587,3.369533575
West Bengal,24 PARAGANAS NORTH,2010,Summer,Sesamum,6219,7024,1.129442032
West Bengal,24 PARAGANAS NORTH,2010,Whole Year,Sugarcane,824,66901,81.19053398
West Bengal,24 PARAGANAS NORTH,2010,Winter,Rice,127578,302957,2.374680588
West Bengal,24 PARAGANAS NORTH,2011,Autumn,Rice,15789,42918,2.718221547
West Bengal,24 PARAGANAS NORTH,2011,Kharif,Jute,56734,1019477,17.96941869
West Bengal,24 PARAGANAS NORTH,2011,Kharif,Mesta,710,12274,17.28732394
West Bengal,24 PARAGANAS NORTH,2011,Kharif,Sunflower,564,645,1.143617021
West Bengal,24 PARAGANAS NORTH,2011,Kharif,Urad,1739,1876,1.078780909
West Bengal,24 PARAGANAS NORTH,2011,Rabi,Gram,337,358,1.06231454
West Bengal,24 PARAGANAS NORTH,2011,Rabi,Groundnut,80,84,1.05
West Bengal,24 PARAGANAS NORTH,2011,Rabi,Khesari,454,310,0.682819383
West Bengal,24 PARAGANAS NORTH,2011,Rabi,Linseed,35,12,0.342857143
West Bengal,24 PARAGANAS NORTH,2011,Rabi,Maize,45,137,3.044444444
West Bengal,24 PARAGANAS NORTH,2011,Rabi,Masoor,6228,5456,0.876043674
West Bengal,24 PARAGANAS NORTH,2011,Rabi,Peas & beans (Pulses),440,387,0.879545455
West Bengal,24 PARAGANAS NORTH,2011,Rabi,Potato,7031,205602,29.24221306
West Bengal,24 PARAGANAS NORTH,2011,Rabi,Rapeseed &Mustard,40112,41407,1.032284603
West Bengal,24 PARAGANAS NORTH,2011,Rabi,Safflower,35,39,1.114285714
West Bengal,24 PARAGANAS NORTH,2011,Rabi,Wheat,7155,20288,2.835499651
West Bengal,24 PARAGANAS NORTH,2011,Summer,Groundnut,1885,4158,2.205835544
West Bengal,24 PARAGANAS NORTH,2011,Summer,Maize,124,330,2.661290323
West Bengal,24 PARAGANAS NORTH,2011,Summer,Moong(Green Gram),368,230,0.625
West Bengal,24 PARAGANAS NORTH,2011,Summer,Rice,71962,225593,3.134890637
West Bengal,24 PARAGANAS NORTH,2011,Summer,Sesamum,8231,8620,1.047260357
West Bengal,24 PARAGANAS NORTH,2011,Whole Year,Sugarcane,453,38809,85.67108168
West Bengal,24 PARAGANAS NORTH,2011,Winter,Rice,133756,329019,2.459844792
West Bengal,24 PARAGANAS NORTH,2012,Autumn,Rice,13891,36080,2.5973652
West Bengal,24 PARAGANAS NORTH,2012,Kharif,Cotton(lint),76,205,2.697368421
West Bengal,24 PARAGANAS NORTH,2012,Kharif,Jute,47442,754344,15.90034147
West Bengal,24 PARAGANAS NORTH,2012,Kharif,Mesta,645,9339,14.47906977
West Bengal,24 PARAGANAS NORTH,2012,Kharif,Sunflower,368,451,1.225543478
West Bengal,24 PARAGANAS NORTH,2012,Kharif,Urad,1937,1313,0.677852349
West Bengal,24 PARAGANAS NORTH,2012,Rabi,Gram,852,899,1.055164319
West Bengal,24 PARAGANAS NORTH,2012,Rabi,Groundnut,66,88,1.333333333
West Bengal,24 PARAGANAS NORTH,2012,Rabi,Khesari,372,452,1.215053763
West Bengal,24 PARAGANAS NORTH,2012,Rabi,Maize,56,162,2.892857143
West Bengal,24 PARAGANAS NORTH,2012,Rabi,Masoor,7834,5907,0.754020934
West Bengal,24 PARAGANAS NORTH,2012,Rabi,Peas & beans (Pulses),680,799,1.175
West Bengal,24 PARAGANAS NORTH,2012,Rabi,Potato,6442,205185,31.85113319
West Bengal,24 PARAGANAS NORTH,2012,Rabi,Rapeseed &Mustard,45687,60761,1.329940683
West Bengal,24 PARAGANAS NORTH,2012,Rabi,Safflower,80,87,1.0875
West Bengal,24 PARAGANAS NORTH,2012,Rabi,Wheat,7212,19859,2.753605103
West Bengal,24 PARAGANAS NORTH,2012,Summer,Groundnut,2211,6460,2.921754862
West Bengal,24 PARAGANAS NORTH,2012,Summer,Maize,144,365,2.534722222
West Bengal,24 PARAGANAS NORTH,2012,Summer,Moong(Green Gram),318,195,0.613207547
West Bengal,24 PARAGANAS NORTH,2012,Summer,Rice,70500,249051,3.532638298
West Bengal,24 PARAGANAS NORTH,2012,Summer,Sesamum,8756,9858,1.125856556
West Bengal,24 PARAGANAS NORTH,2012,Whole Year,Sugarcane,714,72345,101.3235294
West Bengal,24 PARAGANAS NORTH,2012,Winter,Rice,133093,364032,2.735170144
West Bengal,24 PARAGANAS NORTH,2013,Autumn,Rice,16286,46047,2.827397765
West Bengal,24 PARAGANAS NORTH,2013,Kharif,Cotton(lint),77,239,3.103896104
West Bengal,24 PARAGANAS NORTH,2013,Kharif,Jute,48855,910676,18.64038481
West Bengal,24 PARAGANAS NORTH,2013,Kharif,Sunflower,119,113,0.949579832
West Bengal,24 PARAGANAS NORTH,2013,Kharif,Urad,2223,1787,0.803868646
West Bengal,24 PARAGANAS NORTH,2013,Rabi,Gram,856,953,1.113317757
West Bengal,24 PARAGANAS NORTH,2013,Rabi,Groundnut,66,85,1.287878788
West Bengal,24 PARAGANAS NORTH,2013,Rabi,Khesari,402,520,1.293532338
West Bengal,24 PARAGANAS NORTH,2013,Rabi,Maize,45,149,3.311111111
West Bengal,24 PARAGANAS NORTH,2013,Rabi,Masoor,7855,6790,0.864417568
West Bengal,24 PARAGANAS NORTH,2013,Rabi,Peas & beans (Pulses),687,794,1.155749636
West Bengal,24 PARAGANAS NORTH,2013,Rabi,Potato,8646,277973,32.15047421
West Bengal,24 PARAGANAS NORTH,2013,Rabi,Rapeseed &Mustard,46865,67112,1.432028166
West Bengal,24 PARAGANAS NORTH,2013,Rabi,Safflower,58,60,1.034482759
West Bengal,24 PARAGANAS NORTH,2013,Rabi,Urad,515,226,0.438834951
West Bengal,24 PARAGANAS NORTH,2013,Rabi,Wheat,7804,22079,2.829190159
West Bengal,24 PARAGANAS NORTH,2013,Summer,Groundnut,2259,6667,2.951305888
West Bengal,24 PARAGANAS NORTH,2013,Summer,Maize,129,333,2.581395349
West Bengal,24 PARAGANAS NORTH,2013,Summer,Moong(Green Gram),327,198,0.605504587
West Bengal,24 PARAGANAS NORTH,2013,Summer,Rice,70880,231275,3.262909142
West Bengal,24 PARAGANAS NORTH,2013,Summer,Sesamum,10505,13105,1.24750119
West Bengal,24 PARAGANAS NORTH,2013,Whole Year,Sugarcane,1781,178513,100.2318922
West Bengal,24 PARAGANAS NORTH,2013,Winter,Rice,131943,391081,2.964014764
West Bengal,24 PARAGANAS NORTH,2014,Autumn,Maize,54,342,6.333333333
West Bengal,24 PARAGANAS NORTH,2014,Autumn,Rice,15876,42913,2.703010834
West Bengal,24 PARAGANAS NORTH,2014,Kharif,Jute,50694,882884,17.41594666
West Bengal,24 PARAGANAS NORTH,2014,Kharif,Mesta,569,6202,10.89982425
West Bengal,24 PARAGANAS NORTH,2014,Kharif,Sunflower,350,403,1.151428571
West Bengal,24 PARAGANAS NORTH,2014,Kharif,Urad,2655,2080,0.783427495
West Bengal,24 PARAGANAS NORTH,2014,Rabi,Gram,440,495,1.125
West Bengal,24 PARAGANAS NORTH,2014,Rabi,Groundnut,87,105,1.206896552
West Bengal,24 PARAGANAS NORTH,2014,Rabi,Khesari,619,615,0.993537964
West Bengal,24 PARAGANAS NORTH,2014,Rabi,Linseed,11,5,0.454545455
West Bengal,24 PARAGANAS NORTH,2014,Rabi,Maize,49,149,3.040816327
West Bengal,24 PARAGANAS NORTH,2014,Rabi,Masoor,7844,6962,0.887557369
West Bengal,24 PARAGANAS NORTH,2014,Rabi,Peas & beans (Pulses),639,765,1.197183099
West Bengal,24 PARAGANAS NORTH,2014,Rabi,Potato,9776,323514,33.09267594
West Bengal,24 PARAGANAS NORTH,2014,Rabi,Rapeseed &Mustard,46580,62081,1.33278231
West Bengal,24 PARAGANAS NORTH,2014,Rabi,Safflower,58,62,1.068965517
West Bengal,24 PARAGANAS NORTH,2014,Rabi,Urad,780,960,1.230769231
West Bengal,24 PARAGANAS NORTH,2014,Rabi,Wheat,8083,23857,2.951503155
West Bengal,24 PARAGANAS NORTH,2014,Summer,Groundnut,2143,4622,2.156789547
West Bengal,24 PARAGANAS NORTH,2014,Summer,Maize,132,343,2.598484848
West Bengal,24 PARAGANAS NORTH,2014,Summer,Moong(Green Gram),273,165,0.604395604
West Bengal,24 PARAGANAS NORTH,2014,Summer,Rice,70898,239229,3.374270078
West Bengal,24 PARAGANAS NORTH,2014,Summer,Sesamum,10992,13749,1.250818777
West Bengal,24 PARAGANAS NORTH,2014,Whole Year,Sugarcane,885,82334,93.03276836
West Bengal,24 PARAGANAS NORTH,2014,Winter,Rice,139767,401623,2.873518069
West Bengal,24 PARAGANAS SOUTH,1997,Autumn,Rice,2409,5270,2.187629722
West Bengal,24 PARAGANAS SOUTH,1997,Kharif,Cotton(lint),26000,52000,2
West Bengal,24 PARAGANAS SOUTH,1997,Kharif,Jute,944,10250,10.85805085
West Bengal,24 PARAGANAS SOUTH,1997,Kharif,Moong(Green Gram),170,141,0.829411765
West Bengal,24 PARAGANAS SOUTH,1997,Kharif,Urad,128,80,0.625
West Bengal,24 PARAGANAS SOUTH,1997,Rabi,Khesari,942,820,0.870488323
West Bengal,24 PARAGANAS SOUTH,1997,Rabi,Masoor,26,20,0.769230769
West Bengal,24 PARAGANAS SOUTH,1997,Rabi,Moong(Green Gram),500,500,1
West Bengal,24 PARAGANAS SOUTH,1997,Rabi,Oilseeds total,635700,502300,0.790152588
West Bengal,24 PARAGANAS SOUTH,1997,Rabi,Urad,874,743,0.850114416
West Bengal,24 PARAGANAS SOUTH,1997,Rabi,Wheat,1101,1560,1.416893733
West Bengal,24 PARAGANAS SOUTH,1997,Summer,Moong(Green Gram),2297,61,0.026556378
West Bengal,24 PARAGANAS SOUTH,1997,Summer,Rice,54664,135730,2.482986975
West Bengal,24 PARAGANAS SOUTH,1997,Whole Year,Arecanut,810,1620,2
West Bengal,24 PARAGANAS SOUTH,1997,Whole Year,Coconut,3485,41820,12
West Bengal,24 PARAGANAS SOUTH,1997,Whole Year,Dry chillies,17998,8906,0.494832759
West Bengal,24 PARAGANAS SOUTH,1997,Whole Year,Groundnut,73,46,0.630136986
West Bengal,24 PARAGANAS SOUTH,1997,Whole Year,Potato,1446,27504,19.02074689
West Bengal,24 PARAGANAS SOUTH,1997,Whole Year,Pulses total,509600,303400,0.595368917
West Bengal,24 PARAGANAS SOUTH,1997,Whole Year,Rapeseed &Mustard,4519,3290,0.728037176
West Bengal,24 PARAGANAS SOUTH,1997,Whole Year,Sesamum,1487,1520,1.022192334
West Bengal,24 PARAGANAS SOUTH,1997,Whole Year,Sugarcane,35,2310,66
West Bengal,24 PARAGANAS SOUTH,1997,Whole Year,Sunflower,278,1,0.003597122
West Bengal,24 PARAGANAS SOUTH,1997,Whole Year,Turmeric,240,144,0.6
West Bengal,24 PARAGANAS SOUTH,1997,Winter,Rice,373220,494160,1.324044799
West Bengal,24 PARAGANAS SOUTH,1998,Autumn,Rice,4337,7600,1.752363385
West Bengal,24 PARAGANAS SOUTH,1998,Kharif,Arhar/Tur,3,2,0.666666667
West Bengal,24 PARAGANAS SOUTH,1998,Kharif,Cotton(lint),200,73,0.365
West Bengal,24 PARAGANAS SOUTH,1998,Kharif,Dry ginger,85,26,0.305882353
West Bengal,24 PARAGANAS SOUTH,1998,Kharif,Jute,1984,26420,13.31653226
West Bengal,24 PARAGANAS SOUTH,1998,Kharif,Maize,2,10,5
West Bengal,24 PARAGANAS SOUTH,1998,Kharif,Moong(Green Gram),150,128,0.853333333
West Bengal,24 PARAGANAS SOUTH,1998,Kharif,Sunflower,137,103,0.751824818
West Bengal,24 PARAGANAS SOUTH,1998,Kharif,Urad,142,100,0.704225352
West Bengal,24 PARAGANAS SOUTH,1998,Rabi,Khesari,921,630,0.684039088
West Bengal,24 PARAGANAS SOUTH,1998,Rabi,Masoor,206,140,0.67961165
West Bengal,24 PARAGANAS SOUTH,1998,Rabi,Moong(Green Gram),300,300,1
West Bengal,24 PARAGANAS SOUTH,1998,Rabi,Peas & beans (Pulses),159,120,0.754716981
West Bengal,24 PARAGANAS SOUTH,1998,Rabi,Rapeseed &Mustard,3223,1620,0.502637294
West Bengal,24 PARAGANAS SOUTH,1998,Rabi,Urad,400,320,0.8
West Bengal,24 PARAGANAS SOUTH,1998,Rabi,Wheat,1293,2290,1.771075019
West Bengal,24 PARAGANAS SOUTH,1998,Summer,Moong(Green Gram),1429,460,0.321903429
West Bengal,24 PARAGANAS SOUTH,1998,Summer,Rice,80890,241720,2.988255656
West Bengal,24 PARAGANAS SOUTH,1998,Whole Year,Arecanut,810,1620,2
West Bengal,24 PARAGANAS SOUTH,1998,Whole Year,Coconut,3485,41820,12
West Bengal,24 PARAGANAS SOUTH,1998,Whole Year,Dry chillies,17302,6442,0.372326899
West Bengal,24 PARAGANAS SOUTH,1998,Whole Year,Groundnut,69,62,0.898550725
West Bengal,24 PARAGANAS SOUTH,1998,Whole Year,Potato,1286,19604,15.24416796
West Bengal,24 PARAGANAS SOUTH,1998,Whole Year,Sesamum,1610,1710,1.062111801
West Bengal,24 PARAGANAS SOUTH,1998,Whole Year,Sugarcane,308,20270,65.81168831
West Bengal,24 PARAGANAS SOUTH,1998,Whole Year,Turmeric,350,210,0.6
West Bengal,24 PARAGANAS SOUTH,1998,Winter,Rice,363033,500380,1.378331997
West Bengal,24 PARAGANAS SOUTH,1999,Autumn,Dry chillies,669,268,0.400597907
West Bengal,24 PARAGANAS SOUTH,1999,Autumn,Rice,5314,10920,2.054949191
West Bengal,24 PARAGANAS SOUTH,1999,Kharif,Cotton(lint),750,2040,2.72
West Bengal,24 PARAGANAS SOUTH,1999,Kharif,Dry ginger,134,450,3.358208955
West Bengal,24 PARAGANAS SOUTH,1999,Kharif,Jute,538,7650,14.21933086
West Bengal,24 PARAGANAS SOUTH,1999,Kharif,Moong(Green Gram),80,56,0.7
West Bengal,24 PARAGANAS SOUTH,1999,Kharif,Sunflower,130,79,0.607692308
West Bengal,24 PARAGANAS SOUTH,1999,Kharif,Urad,7,5,0.714285714
West Bengal,24 PARAGANAS SOUTH,1999,Rabi,Dry chillies,15997,6399,0.400012502
West Bengal,24 PARAGANAS SOUTH,1999,Rabi,Gram,7,6,0.857142857
West Bengal,24 PARAGANAS SOUTH,1999,Rabi,Khesari,3214,2951,0.918170504
West Bengal,24 PARAGANAS SOUTH,1999,Rabi,Masoor,1157,468,0.404494382
West Bengal,24 PARAGANAS SOUTH,1999,Rabi,Moong(Green Gram),300,330,1.1
West Bengal,24 PARAGANAS SOUTH,1999,Rabi,Peas & beans (Pulses),729,684,0.938271605
West Bengal,24 PARAGANAS SOUTH,1999,Rabi,Rapeseed &Mustard,3143,2793,0.888641425
West Bengal,24 PARAGANAS SOUTH,1999,Rabi,Urad,400,300,0.75
West Bengal,24 PARAGANAS SOUTH,1999,Rabi,Wheat,2093,2841,1.357381749
West Bengal,24 PARAGANAS SOUTH,1999,Summer,Groundnut,30,28,0.933333333
West Bengal,24 PARAGANAS SOUTH,1999,Summer,Moong(Green Gram),1723,500,0.290191526
West Bengal,24 PARAGANAS SOUTH,1999,Summer,Rice,76997,216290,2.809070483
West Bengal,24 PARAGANAS SOUTH,1999,Summer,Sesamum,2612,2630,1.006891271
West Bengal,24 PARAGANAS SOUTH,1999,Whole Year,Arecanut,810,1620,2
West Bengal,24 PARAGANAS SOUTH,1999,Whole Year,Coconut,3485,41820,12
West Bengal,24 PARAGANAS SOUTH,1999,Whole Year,Sugarcane,28,1660,59.28571429
West Bengal,24 PARAGANAS SOUTH,1999,Whole Year,Turmeric,389,214,0.550128535
West Bengal,24 PARAGANAS SOUTH,1999,Winter,Potato,5432,92946,17.11082474
West Bengal,24 PARAGANAS SOUTH,1999,Winter,Rice,373726,705620,1.888067729
West Bengal,24 PARAGANAS SOUTH,2000,Autumn,Rice,6927,12540,1.810307492
West Bengal,24 PARAGANAS SOUTH,2000,Kharif,Cotton(lint),1188,2732,2.2996633
West Bengal,24 PARAGANAS SOUTH,2000,Kharif,Dry ginger,219,88,0.401826484
West Bengal,24 PARAGANAS SOUTH,2000,Kharif,Jute,1751,18120,10.34837236
West Bengal,24 PARAGANAS SOUTH,2000,Kharif,Sunflower,232,142,0.612068966
West Bengal,24 PARAGANAS SOUTH,2000,Kharif,Urad,319,190,0.595611285
West Bengal,24 PARAGANAS SOUTH,2000,Rabi,Gram,140,120,0.857142857
West Bengal,24 PARAGANAS SOUTH,2000,Rabi,Khesari,5624,5100,0.906827881
West Bengal,24 PARAGANAS SOUTH,2000,Rabi,Masoor,70,40,0.571428571
West Bengal,24 PARAGANAS SOUTH,2000,Rabi,Peas & beans (Pulses),263,220,0.836501901
West Bengal,24 PARAGANAS SOUTH,2000,Rabi,Rapeseed &Mustard,2314,1300,0.561797753
West Bengal,24 PARAGANAS SOUTH,2000,Rabi,Urad,20,15,0.75
West Bengal,24 PARAGANAS SOUTH,2000,Rabi,Wheat,3275,5720,1.746564885
West Bengal,24 PARAGANAS SOUTH,2000,Summer,Groundnut,177,168,0.949152542
West Bengal,24 PARAGANAS SOUTH,2000,Summer,Moong(Green Gram),2266,1195,0.527360989
West Bengal,24 PARAGANAS SOUTH,2000,Summer,Rice,83471,226170,2.709563801
West Bengal,24 PARAGANAS SOUTH,2000,Whole Year,Arecanut,760,570,0.75
West Bengal,24 PARAGANAS SOUTH,2000,Whole Year,Coconut,3235,33967.5,10.5
West Bengal,24 PARAGANAS SOUTH,2000,Whole Year,Dry chillies,14627,7668,0.524236002
West Bengal,24 PARAGANAS SOUTH,2000,Whole Year,Potato,3830,78595,20.52088773
West Bengal,24 PARAGANAS SOUTH,2000,Whole Year,Sesamum,2994,2417,0.807281229
West Bengal,24 PARAGANAS SOUTH,2000,Whole Year,Sugarcane,27,1740,64.44444444
West Bengal,24 PARAGANAS SOUTH,2000,Whole Year,Turmeric,500,300,0.6
West Bengal,24 PARAGANAS SOUTH,2000,Winter,Rice,335463,628220,1.872695349
West Bengal,24 PARAGANAS SOUTH,2001,Autumn,Rice,11309,31783,2.810416482
West Bengal,24 PARAGANAS SOUTH,2001,Kharif,Cotton(lint),1544,3860,2.5
West Bengal,24 PARAGANAS SOUTH,2001,Kharif,Dry ginger,94,38,0.404255319
West Bengal,24 PARAGANAS SOUTH,2001,Kharif,Jute,1160,16565,14.28017241
West Bengal,24 PARAGANAS SOUTH,2001,Kharif,Moong(Green Gram),20,15,0.75
West Bengal,24 PARAGANAS SOUTH,2001,Kharif,Sunflower,810,1037,1.280246914
West Bengal,24 PARAGANAS SOUTH,2001,Kharif,Urad,120,65,0.541666667
West Bengal,24 PARAGANAS SOUTH,2001,Rabi,Gram,2,2,1
West Bengal,24 PARAGANAS SOUTH,2001,Rabi,Khesari,4709,4422,0.939052877
West Bengal,24 PARAGANAS SOUTH,2001,Rabi,Linseed,3,1,0.333333333
West Bengal,24 PARAGANAS SOUTH,2001,Rabi,Masoor,1067,755,0.707591378
West Bengal,24 PARAGANAS SOUTH,2001,Rabi,Peas & beans (Pulses),534,342,0.640449438
West Bengal,24 PARAGANAS SOUTH,2001,Rabi,Rapeseed &Mustard,2423,1834,0.756912918
West Bengal,24 PARAGANAS SOUTH,2001,Rabi,Wheat,1227,2457,2.002444988
West Bengal,24 PARAGANAS SOUTH,2001,Summer,Groundnut,336,454,1.351190476
West Bengal,24 PARAGANAS SOUTH,2001,Summer,Moong(Green Gram),2468,967,0.391815235
West Bengal,24 PARAGANAS SOUTH,2001,Summer,Rice,82240,235784,2.867023346
West Bengal,24 PARAGANAS SOUTH,2001,Whole Year,Arecanut,875,1575,1.8
West Bengal,24 PARAGANAS SOUTH,2001,Whole Year,Coconut,3825,51637.5,13.5
West Bengal,24 PARAGANAS SOUTH,2001,Whole Year,Dry chillies,12229,7582,0.620001635
West Bengal,24 PARAGANAS SOUTH,2001,Whole Year,Potato,4269,83509,19.56172406
West Bengal,24 PARAGANAS SOUTH,2001,Whole Year,Sesamum,960,1249,1.301041667
West Bengal,24 PARAGANAS SOUTH,2001,Whole Year,Sugarcane,58,4259,73.43103448
West Bengal,24 PARAGANAS SOUTH,2001,Whole Year,Turmeric,236,142,0.601694915
West Bengal,24 PARAGANAS SOUTH,2001,Winter,Rice,336114,736064,2.189923657
West Bengal,24 PARAGANAS SOUTH,2002,Autumn,Dry chillies,512,384,0.75
West Bengal,24 PARAGANAS SOUTH,2002,Autumn,Rice,14120,33419,2.366784703
West Bengal,24 PARAGANAS SOUTH,2002,Kharif,Cotton(lint),808,1414,1.75
West Bengal,24 PARAGANAS SOUTH,2002,Kharif,Dry ginger,260,182,0.7
West Bengal,24 PARAGANAS SOUTH,2002,Kharif,Jute,1353,16692,12.33702882
West Bengal,24 PARAGANAS SOUTH,2002,Kharif,Sunflower,1728,2246,1.299768519
West Bengal,24 PARAGANAS SOUTH,2002,Kharif,Urad,125,90,0.72
West Bengal,24 PARAGANAS SOUTH,2002,Rabi,Dry chillies,8991,8200,0.912023134
West Bengal,24 PARAGANAS SOUTH,2002,Rabi,Khesari,5175,5945,1.148792271
West Bengal,24 PARAGANAS SOUTH,2002,Rabi,Masoor,326,363,1.113496933
West Bengal,24 PARAGANAS SOUTH,2002,Rabi,Peas & beans (Pulses),839,664,0.791418355
West Bengal,24 PARAGANAS SOUTH,2002,Rabi,Rapeseed &Mustard,3804,3290,0.864879075
West Bengal,24 PARAGANAS SOUTH,2002,Rabi,Wheat,1187,2321,1.955349621
West Bengal,24 PARAGANAS SOUTH,2002,Summer,Groundnut,169,211,1.24852071
West Bengal,24 PARAGANAS SOUTH,2002,Summer,Moong(Green Gram),2802,1148,0.409707352
West Bengal,24 PARAGANAS SOUTH,2002,Summer,Rice,76088,212342,2.790742298
West Bengal,24 PARAGANAS SOUTH,2002,Summer,Sesamum,1273,1244,0.977219167
West Bengal,24 PARAGANAS SOUTH,2002,Whole Year,Arecanut,889,1645,1.850393701
West Bengal,24 PARAGANAS SOUTH,2002,Whole Year,Coconut,3895,55309,14.2
West Bengal,24 PARAGANAS SOUTH,2002,Whole Year,Sugarcane,214,15341,71.68691589
West Bengal,24 PARAGANAS SOUTH,2002,Whole Year,Turmeric,450,450,1
West Bengal,24 PARAGANAS SOUTH,2002,Winter,Potato,3530,61968,17.55467422
West Bengal,24 PARAGANAS SOUTH,2002,Winter,Rice,343596,694975,2.022651602
West Bengal,24 PARAGANAS SOUTH,2003,Autumn,Rice,16217,34196,2.108651415
West Bengal,24 PARAGANAS SOUTH,2003,Kharif,Cotton(lint),1296,2333,1.800154321
West Bengal,24 PARAGANAS SOUTH,2003,Kharif,Dry ginger,257,231,0.898832685
West Bengal,24 PARAGANAS SOUTH,2003,Kharif,Jute,3188,50665,15.89240903
West Bengal,24 PARAGANAS SOUTH,2003,Kharif,Maize,400,1160,2.9
West Bengal,24 PARAGANAS SOUTH,2003,Kharif,Sunflower,3175,1206,0.37984252
West Bengal,24 PARAGANAS SOUTH,2003,Kharif,Urad,25,18,0.72
West Bengal,24 PARAGANAS SOUTH,2003,Rabi,Khesari,4078,4172,1.023050515
West Bengal,24 PARAGANAS SOUTH,2003,Rabi,Linseed,4,2,0.5
West Bengal,24 PARAGANAS SOUTH,2003,Rabi,Masoor,337,245,0.727002967
West Bengal,24 PARAGANAS SOUTH,2003,Rabi,Peas & beans (Pulses),589,705,1.196943973
West Bengal,24 PARAGANAS SOUTH,2003,Rabi,Rapeseed &Mustard,3258,3455,1.060466544
West Bengal,24 PARAGANAS SOUTH,2003,Rabi,Wheat,1879,3983,2.119744545
West Bengal,24 PARAGANAS SOUTH,2003,Summer,Groundnut,175,228,1.302857143
West Bengal,24 PARAGANAS SOUTH,2003,Summer,Moong(Green Gram),5299,1660,0.313266654
West Bengal,24 PARAGANAS SOUTH,2003,Summer,Rice,77367,219865,2.841844714
West Bengal,24 PARAGANAS SOUTH,2003,Whole Year,Arecanut,880,1760,2
West Bengal,24 PARAGANAS SOUTH,2003,Whole Year,Coconut,3319,44806.5,13.5
West Bengal,24 PARAGANAS SOUTH,2003,Whole Year,Dry chillies,10348,12651,1.222555083
West Bengal,24 PARAGANAS SOUTH,2003,Whole Year,Potato,3663,75515,20.61561562
West Bengal,24 PARAGANAS SOUTH,2003,Whole Year,Sesamum,2139,2052,0.959326788
West Bengal,24 PARAGANAS SOUTH,2003,Whole Year,Sugarcane,205,22922,111.8146341
West Bengal,24 PARAGANAS SOUTH,2003,Whole Year,Turmeric,485,970,2
West Bengal,24 PARAGANAS SOUTH,2003,Winter,Rice,353858,715537,2.022102086
West Bengal,24 PARAGANAS SOUTH,2004,Autumn,Rice,3151,7148,2.268486195
West Bengal,24 PARAGANAS SOUTH,2004,Kharif,Cotton(lint),797,3596,4.511919699
West Bengal,24 PARAGANAS SOUTH,2004,Kharif,Dry ginger,275,540,1.963636364
West Bengal,24 PARAGANAS SOUTH,2004,Kharif,Jute,821,12227,14.89281364
West Bengal,24 PARAGANAS SOUTH,2004,Kharif,Maize,252,655,2.599206349
West Bengal,24 PARAGANAS SOUTH,2004,Kharif,Sunflower,3761,5209,1.385003988
West Bengal,24 PARAGANAS SOUTH,2004,Kharif,Urad,46,41,0.891304348
West Bengal,24 PARAGANAS SOUTH,2004,Rabi,Arhar/Tur,19,17,0.894736842
West Bengal,24 PARAGANAS SOUTH,2004,Rabi,Khesari,2586,3247,1.255607115
West Bengal,24 PARAGANAS SOUTH,2004,Rabi,Masoor,386,241,0.624352332
West Bengal,24 PARAGANAS SOUTH,2004,Rabi,Peas & beans (Pulses),235,150,0.638297872
West Bengal,24 PARAGANAS SOUTH,2004,Rabi,Rapeseed &Mustard,1904,1743,0.915441176
West Bengal,24 PARAGANAS SOUTH,2004,Rabi,Wheat,3052,5885,1.928243775
West Bengal,24 PARAGANAS SOUTH,2004,Summer,Moong(Green Gram),6108,2021,0.330877538
West Bengal,24 PARAGANAS SOUTH,2004,Summer,Rice,55881,184157,3.295520839
West Bengal,24 PARAGANAS SOUTH,2004,Whole Year,Coconut,3331,43303,13
West Bengal,24 PARAGANAS SOUTH,2004,Whole Year,Dry chillies,1252,1306,1.04313099
West Bengal,24 PARAGANAS SOUTH,2004,Whole Year,Groundnut,154,206,1.337662338
West Bengal,24 PARAGANAS SOUTH,2004,Whole Year,Potato,3243,74523,22.97964847
West Bengal,24 PARAGANAS SOUTH,2004,Whole Year,Sesamum,2234,3174,1.420769919
West Bengal,24 PARAGANAS SOUTH,2004,Whole Year,Sugarcane,47,3423,72.82978723
West Bengal,24 PARAGANAS SOUTH,2004,Whole Year,Turmeric,518,1088,2.1003861
West Bengal,24 PARAGANAS SOUTH,2004,Winter,Rice,338291,720977,2.131233169
West Bengal,24 PARAGANAS SOUTH,2005,Autumn,Rice,2163,6267,2.897364771
West Bengal,24 PARAGANAS SOUTH,2005,Kharif,Cotton(lint),1316,3343,2.540273556
West Bengal,24 PARAGANAS SOUTH,2005,Kharif,Dry ginger,295,374,1.26779661
West Bengal,24 PARAGANAS SOUTH,2005,Kharif,Jute,1424,19645,13.79564607
West Bengal,24 PARAGANAS SOUTH,2005,Kharif,Maize,245,511,2.085714286
West Bengal,24 PARAGANAS SOUTH,2005,Kharif,Mesta,1,15,15
West Bengal,24 PARAGANAS SOUTH,2005,Kharif,Sunflower,7190,8786,1.221974965
West Bengal,24 PARAGANAS SOUTH,2005,Kharif,Urad,56,47,0.839285714
West Bengal,24 PARAGANAS SOUTH,2005,Rabi,Arhar/Tur,22,24,1.090909091
West Bengal,24 PARAGANAS SOUTH,2005,Rabi,Barley,14,13,0.928571429
West Bengal,24 PARAGANAS SOUTH,2005,Rabi,Gram,291,288,0.989690722
West Bengal,24 PARAGANAS SOUTH,2005,Rabi,Khesari,2409,2922,1.212951432
West Bengal,24 PARAGANAS SOUTH,2005,Rabi,Linseed,2,1,0.5
West Bengal,24 PARAGANAS SOUTH,2005,Rabi,Masoor,656,643,0.980182927
West Bengal,24 PARAGANAS SOUTH,2005,Rabi,Peas & beans (Pulses),625,497,0.7952
West Bengal,24 PARAGANAS SOUTH,2005,Rabi,Rapeseed &Mustard,3838,3879,1.010682647
West Bengal,24 PARAGANAS SOUTH,2005,Rabi,Wheat,3252,5042,1.550430504
West Bengal,24 PARAGANAS SOUTH,2005,Summer,Moong(Green Gram),4844,1482,0.3059455
West Bengal,24 PARAGANAS SOUTH,2005,Summer,Rice,54729,157009,2.868844671
West Bengal,24 PARAGANAS SOUTH,2005,Whole Year,Arecanut,777,1249,1.607464607
West Bengal,24 PARAGANAS SOUTH,2005,Whole Year,Coconut,3199,42908,13.41294154
West Bengal,24 PARAGANAS SOUTH,2005,Whole Year,Dry chillies,1199,1302,1.085904921
West Bengal,24 PARAGANAS SOUTH,2005,Whole Year,Groundnut,458,455,0.993449782
West Bengal,24 PARAGANAS SOUTH,2005,Whole Year,Potato,2096,32909,15.70085878
West Bengal,24 PARAGANAS SOUTH,2005,Whole Year,Sesamum,1579,1872,1.185560481
West Bengal,24 PARAGANAS SOUTH,2005,Whole Year,Sugarcane,59,4503,76.3220339
West Bengal,24 PARAGANAS SOUTH,2005,Whole Year,Turmeric,530,1086,2.049056604
West Bengal,24 PARAGANAS SOUTH,2005,Winter,Rice,339079,682030,2.011419168
West Bengal,24 PARAGANAS SOUTH,2006,Autumn,Rice,8002,18174,2.271182204
West Bengal,24 PARAGANAS SOUTH,2006,Kharif,Cotton(lint),4851,10381,2.13997114
West Bengal,24 PARAGANAS SOUTH,2006,Kharif,Dry ginger,307,360,1.172638436
West Bengal,24 PARAGANAS SOUTH,2006,Kharif,Jute,628,7781,12.39012739
West Bengal,24 PARAGANAS SOUTH,2006,Kharif,Maize,250,521,2.084
West Bengal,24 PARAGANAS SOUTH,2006,Kharif,Sunflower,9077,12109,1.334031068
West Bengal,24 PARAGANAS SOUTH,2006,Kharif,Urad,65,49,0.753846154
West Bengal,24 PARAGANAS SOUTH,2006,Rabi,Gram,12,8,0.666666667
West Bengal,24 PARAGANAS SOUTH,2006,Rabi,Khesari,3968,4059,1.022933468
West Bengal,24 PARAGANAS SOUTH,2006,Rabi,Masoor,183,102,0.557377049
West Bengal,24 PARAGANAS SOUTH,2006,Rabi,Peas & beans (Pulses),218,151,0.69266055
West Bengal,24 PARAGANAS SOUTH,2006,Rabi,Rapeseed &Mustard,1404,885,0.63034188
West Bengal,24 PARAGANAS SOUTH,2006,Rabi,Wheat,1610,3302,2.050931677
West Bengal,24 PARAGANAS SOUTH,2006,Summer,Moong(Green Gram),5677,2124,0.374141272
West Bengal,24 PARAGANAS SOUTH,2006,Summer,Rice,76956,229965,2.988266022
West Bengal,24 PARAGANAS SOUTH,2006,Whole Year,Arecanut,798,1286,1.611528822
West Bengal,24 PARAGANAS SOUTH,2006,Whole Year,Coconut,3232,41466600,12830.01238
West Bengal,24 PARAGANAS SOUTH,2006,Whole Year,Dry chillies,1235,1453,1.176518219
West Bengal,24 PARAGANAS SOUTH,2006,Whole Year,Groundnut,177,162,0.915254237
West Bengal,24 PARAGANAS SOUTH,2006,Whole Year,Potato,4139,62835,15.18120319
West Bengal,24 PARAGANAS SOUTH,2006,Whole Year,Sesamum,1468,2016,1.373297003
West Bengal,24 PARAGANAS SOUTH,2006,Whole Year,Sugarcane,51,3466,67.96078431
West Bengal,24 PARAGANAS SOUTH,2006,Whole Year,Turmeric,555,1113,2.005405405
West Bengal,24 PARAGANAS SOUTH,2006,Winter,Rice,330060,662961,2.008607526
West Bengal,24 PARAGANAS SOUTH,2007,Autumn,Rice,780,1793,2.298717949
West Bengal,24 PARAGANAS SOUTH,2007,Kharif,Cotton(lint),1600,2672,1.67
West Bengal,24 PARAGANAS SOUTH,2007,Kharif,Dry ginger,205,270,1.317073171
West Bengal,24 PARAGANAS SOUTH,2007,Kharif,Garlic,750,4985,6.646666667
West Bengal,24 PARAGANAS SOUTH,2007,Kharif,Jute,667,7636,11.44827586
West Bengal,24 PARAGANAS SOUTH,2007,Kharif,Sunflower,10702,12800,1.196038124
West Bengal,24 PARAGANAS SOUTH,2007,Kharif,Urad,58,56,0.965517241
West Bengal,24 PARAGANAS SOUTH,2007,Rabi,Arhar/Tur,9,10,1.111111111
West Bengal,24 PARAGANAS SOUTH,2007,Rabi,Barley,17,15,0.882352941
West Bengal,24 PARAGANAS SOUTH,2007,Rabi,Gram,34,29,0.852941176
West Bengal,24 PARAGANAS SOUTH,2007,Rabi,Khesari,4579,3567,0.778991046
West Bengal,24 PARAGANAS SOUTH,2007,Rabi,Linseed,3,1,0.333333333
West Bengal,24 PARAGANAS SOUTH,2007,Rabi,Masoor,298,187,0.627516779
West Bengal,24 PARAGANAS SOUTH,2007,Rabi,Peas & beans (Pulses),359,255,0.710306407
West Bengal,24 PARAGANAS SOUTH,2007,Rabi,Rapeseed &Mustard,2282,2311,1.012708151
West Bengal,24 PARAGANAS SOUTH,2007,Rabi,Wheat,2357,4749,2.014849385
West Bengal,24 PARAGANAS SOUTH,2007,Summer,Groundnut,156,149,0.955128205
West Bengal,24 PARAGANAS SOUTH,2007,Summer,Maize,305,634,2.078688525
West Bengal,24 PARAGANAS SOUTH,2007,Summer,Moong(Green Gram),9828,6448,0.656084656
West Bengal,24 PARAGANAS SOUTH,2007,Summer,Rice,67424,225880,3.350142383
West Bengal,24 PARAGANAS SOUTH,2007,Summer,Sesamum,1265,1142,0.902766798
West Bengal,24 PARAGANAS SOUTH,2007,Whole Year,Arecanut,905,1295,1.430939227
West Bengal,24 PARAGANAS SOUTH,2007,Whole Year,Coconut,3910,53100000,13580.56266
West Bengal,24 PARAGANAS SOUTH,2007,Whole Year,Dry chillies,4847,10715,2.21064576
West Bengal,24 PARAGANAS SOUTH,2007,Whole Year,Potato,2798,49465,17.67869907
West Bengal,24 PARAGANAS SOUTH,2007,Whole Year,Sugarcane,56,6184,110.4285714
West Bengal,24 PARAGANAS SOUTH,2007,Whole Year,Turmeric,648,2050,3.163580247
West Bengal,24 PARAGANAS SOUTH,2007,Winter,Rice,324295,569092,1.754859002
West Bengal,24 PARAGANAS SOUTH,2008,Autumn,Rice,4374,9064,2.072245085
West Bengal,24 PARAGANAS SOUTH,2008,Kharif,Cotton(lint),735,1213,1.650340136
West Bengal,24 PARAGANAS SOUTH,2008,Kharif,Dry ginger,220,270,1.227272727
West Bengal,24 PARAGANAS SOUTH,2008,Kharif,Jute,1286,15959,12.40979782
West Bengal,24 PARAGANAS SOUTH,2008,Kharif,Sunflower,6988,6974,0.997996566
West Bengal,24 PARAGANAS SOUTH,2008,Kharif,Urad,264,232,0.878787879
West Bengal,24 PARAGANAS SOUTH,2008,Rabi,Arhar/Tur,50,103,2.06
West Bengal,24 PARAGANAS SOUTH,2008,Rabi,Gram,217,202,0.930875576
West Bengal,24 PARAGANAS SOUTH,2008,Rabi,Khesari,3516,4008,1.139931741
West Bengal,24 PARAGANAS SOUTH,2008,Rabi,Linseed,158,37,0.234177215
West Bengal,24 PARAGANAS SOUTH,2008,Rabi,Masoor,320,253,0.790625
West Bengal,24 PARAGANAS SOUTH,2008,Rabi,Peas & beans (Pulses),1165,903,0.775107296
West Bengal,24 PARAGANAS SOUTH,2008,Rabi,Rapeseed &Mustard,1478,1031,0.697564276
West Bengal,24 PARAGANAS SOUTH,2008,Rabi,Wheat,402,565,1.405472637
West Bengal,24 PARAGANAS SOUTH,2008,Summer,Groundnut,156,148,0.948717949
West Bengal,24 PARAGANAS SOUTH,2008,Summer,Maize,290,606,2.089655172
West Bengal,24 PARAGANAS SOUTH,2008,Summer,Moong(Green Gram),7365,3167,0.430006789
West Bengal,24 PARAGANAS SOUTH,2008,Summer,Rice,70032,189306,2.703135709
West Bengal,24 PARAGANAS SOUTH,2008,Summer,Sesamum,1373,1631,1.187909687
West Bengal,24 PARAGANAS SOUTH,2008,Whole Year,Arecanut,915,1295,1.415300546
West Bengal,24 PARAGANAS SOUTH,2008,Whole Year,Coconut,3925,53300,13.57961783
West Bengal,24 PARAGANAS SOUTH,2008,Whole Year,Dry chillies,4847,10715,2.21064576
West Bengal,24 PARAGANAS SOUTH,2008,Whole Year,Potato,2587,47973,18.54387321
West Bengal,24 PARAGANAS SOUTH,2008,Whole Year,Sugarcane,19,1667,87.73684211
West Bengal,24 PARAGANAS SOUTH,2008,Whole Year,Turmeric,648,2050,3.163580247
West Bengal,24 PARAGANAS SOUTH,2008,Winter,Rice,341567,721518,2.112376196
West Bengal,24 PARAGANAS SOUTH,2009,Autumn,Rice,3375,7686,2.277333333
West Bengal,24 PARAGANAS SOUTH,2009,Kharif,Cotton(lint),457,832,1.820568928
West Bengal,24 PARAGANAS SOUTH,2009,Kharif,Jute,2521,30857,12.23998413
West Bengal,24 PARAGANAS SOUTH,2009,Kharif,Sunflower,1168,1849,1.583047945
West Bengal,24 PARAGANAS SOUTH,2009,Kharif,Urad,213,151,0.708920188
West Bengal,24 PARAGANAS SOUTH,2009,Rabi,Arhar/Tur,50,66,1.32
West Bengal,24 PARAGANAS SOUTH,2009,Rabi,Gram,239,245,1.025104603
West Bengal,24 PARAGANAS SOUTH,2009,Rabi,Khesari,3774,4163,1.103073662
West Bengal,24 PARAGANAS SOUTH,2009,Rabi,Linseed,77,35,0.454545455
West Bengal,24 PARAGANAS SOUTH,2009,Rabi,Masoor,266,139,0.522556391
West Bengal,24 PARAGANAS SOUTH,2009,Rabi,Peas & beans (Pulses),1442,1869,1.296116505
West Bengal,24 PARAGANAS SOUTH,2009,Rabi,Potato,3008,63657,21.16256649
West Bengal,24 PARAGANAS SOUTH,2009,Rabi,Rapeseed &Mustard,4507,5636,1.250499223
West Bengal,24 PARAGANAS SOUTH,2009,Rabi,Wheat,2111,4388,2.078635718
West Bengal,24 PARAGANAS SOUTH,2009,Summer,Groundnut,162,154,0.950617284
West Bengal,24 PARAGANAS SOUTH,2009,Summer,Maize,314,426,1.356687898
West Bengal,24 PARAGANAS SOUTH,2009,Summer,Moong(Green Gram),8177,3706,0.453222453
West Bengal,24 PARAGANAS SOUTH,2009,Summer,Rice,66402,176732,2.661546339
West Bengal,24 PARAGANAS SOUTH,2009,Summer,Sesamum,3422,5416,1.582700175
West Bengal,24 PARAGANAS SOUTH,2009,Whole Year,Sugarcane,76,3579,47.09210526
West Bengal,24 PARAGANAS SOUTH,2009,Winter,Rice,314183,620950,1.976395922
West Bengal,24 PARAGANAS SOUTH,2010,Autumn,Maize,53,134,2.528301887
West Bengal,24 PARAGANAS SOUTH,2010,Autumn,Rice,5755,11330,1.96872285
West Bengal,24 PARAGANAS SOUTH,2010,Kharif,Cotton(lint),596,1025,1.719798658
West Bengal,24 PARAGANAS SOUTH,2010,Kharif,Jute,2044,23608,11.54990215
West Bengal,24 PARAGANAS SOUTH,2010,Kharif,Mesta,46,446,9.695652174
West Bengal,24 PARAGANAS SOUTH,2010,Kharif,Sunflower,4253,4538,1.067011521
West Bengal,24 PARAGANAS SOUTH,2010,Kharif,Urad,117,87,0.743589744
West Bengal,24 PARAGANAS SOUTH,2010,Rabi,Arhar/Tur,455,740,1.626373626
West Bengal,24 PARAGANAS SOUTH,2010,Rabi,Gram,462,424,0.917748918
West Bengal,24 PARAGANAS SOUTH,2010,Rabi,Khesari,3374,4736,1.403675163
West Bengal,24 PARAGANAS SOUTH,2010,Rabi,Linseed,160,75,0.46875
West Bengal,24 PARAGANAS SOUTH,2010,Rabi,Masoor,875,599,0.684571429
West Bengal,24 PARAGANAS SOUTH,2010,Rabi,Peas & beans (Pulses),1186,1498,1.26306914
West Bengal,24 PARAGANAS SOUTH,2010,Rabi,Potato,7274,185908,25.55787737
West Bengal,24 PARAGANAS SOUTH,2010,Rabi,Rapeseed &Mustard,2834,5901,2.082215949
West Bengal,24 PARAGANAS SOUTH,2010,Rabi,Wheat,2549,6519,2.557473519
West Bengal,24 PARAGANAS SOUTH,2010,Summer,Groundnut,148,133,0.898648649
West Bengal,24 PARAGANAS SOUTH,2010,Summer,Maize,321,659,2.052959502
West Bengal,24 PARAGANAS SOUTH,2010,Summer,Moong(Green Gram),9328,6468,0.693396226
West Bengal,24 PARAGANAS SOUTH,2010,Summer,Rice,68304,216360,3.167603654
West Bengal,24 PARAGANAS SOUTH,2010,Summer,Sesamum,2596,2432,0.936825886
West Bengal,24 PARAGANAS SOUTH,2010,Whole Year,Sugarcane,28,2273,81.17857143
West Bengal,24 PARAGANAS SOUTH,2010,Winter,Rice,297915,628668,2.110226071
West Bengal,24 PARAGANAS SOUTH,2011,Autumn,Rice,7396,17323,2.342212006
West Bengal,24 PARAGANAS SOUTH,2011,Kharif,Cotton(lint),75,345,4.6
West Bengal,24 PARAGANAS SOUTH,2011,Kharif,Jute,3310,42401,12.80996979
West Bengal,24 PARAGANAS SOUTH,2011,Kharif,Sunflower,4787,5270,1.100898266
West Bengal,24 PARAGANAS SOUTH,2011,Kharif,Urad,289,191,0.660899654
West Bengal,24 PARAGANAS SOUTH,2011,Rabi,Arhar/Tur,436,195,0.447247706
West Bengal,24 PARAGANAS SOUTH,2011,Rabi,Gram,594,632,1.063973064
West Bengal,24 PARAGANAS SOUTH,2011,Rabi,Khesari,4048,3206,0.791996047
West Bengal,24 PARAGANAS SOUTH,2011,Rabi,Linseed,160,56,0.35
West Bengal,24 PARAGANAS SOUTH,2011,Rabi,Masoor,1300,707,0.543846154
West Bengal,24 PARAGANAS SOUTH,2011,Rabi,Peas & beans (Pulses),938,825,0.879530917
West Bengal,24 PARAGANAS SOUTH,2011,Rabi,Potato,7969,188767,23.6876647
West Bengal,24 PARAGANAS SOUTH,2011,Rabi,Rapeseed &Mustard,5035,2709,0.538033764
West Bengal,24 PARAGANAS SOUTH,2011,Rabi,Wheat,2470,7560,3.060728745
West Bengal,24 PARAGANAS SOUTH,2011,Summer,Maize,195,278,1.425641026
West Bengal,24 PARAGANAS SOUTH,2011,Summer,Moong(Green Gram),11552,7001,0.606042244
West Bengal,24 PARAGANAS SOUTH,2011,Summer,Rice,67579,215172,3.184006866
West Bengal,24 PARAGANAS SOUTH,2011,Summer,Sesamum,2794,2987,1.069076593
West Bengal,24 PARAGANAS SOUTH,2011,Whole Year,Sugarcane,86,7368,85.6744186
West Bengal,24 PARAGANAS SOUTH,2011,Winter,Rice,313946,670597,2.136026578
West Bengal,24 PARAGANAS SOUTH,2012,Autumn,Rice,3887,8958,2.304605094
West Bengal,24 PARAGANAS SOUTH,2012,Kharif,Cotton(lint),284,1278,4.5
West Bengal,24 PARAGANAS SOUTH,2012,Kharif,Jute,2554,49392,19.33907596
West Bengal,24 PARAGANAS SOUTH,2012,Kharif,Sunflower,4945,6082,1.229929221
West Bengal,24 PARAGANAS SOUTH,2012,Kharif,Urad,70,47,0.671428571
West Bengal,24 PARAGANAS SOUTH,2012,Rabi,Arhar/Tur,514,721,1.402723735
West Bengal,24 PARAGANAS SOUTH,2012,Rabi,Gram,597,630,1.055276382
West Bengal,24 PARAGANAS SOUTH,2012,Rabi,Khesari,6050,6653,1.099669421
West Bengal,24 PARAGANAS SOUTH,2012,Rabi,Linseed,162,64,0.395061728
West Bengal,24 PARAGANAS SOUTH,2012,Rabi,Masoor,1207,1181,0.978458989
West Bengal,24 PARAGANAS SOUTH,2012,Rabi,Peas & beans (Pulses),968,1138,1.175619835
West Bengal,24 PARAGANAS SOUTH,2012,Rabi,Potato,3344,80025,23.93092105
West Bengal,24 PARAGANAS SOUTH,2012,Rabi,Rapeseed &Mustard,5538,8191,1.47905381
West Bengal,24 PARAGANAS SOUTH,2012,Rabi,Wheat,3388,9894,2.920306966
West Bengal,24 PARAGANAS SOUTH,2012,Summer,Groundnut,27,79,2.925925926
West Bengal,24 PARAGANAS SOUTH,2012,Summer,Maize,197,515,2.614213198
West Bengal,24 PARAGANAS SOUTH,2012,Summer,Moong(Green Gram),13756,8432,0.612968886
West Bengal,24 PARAGANAS SOUTH,2012,Summer,Rice,60283,181321,3.007829736
West Bengal,24 PARAGANAS SOUTH,2012,Summer,Sesamum,2449,2604,1.063291139
West Bengal,24 PARAGANAS SOUTH,2012,Whole Year,Sugarcane,74,7498,101.3243243
West Bengal,24 PARAGANAS SOUTH,2012,Winter,Rice,314185,714056,2.272724669
West Bengal,24 PARAGANAS SOUTH,2013,Autumn,Rice,4033,10921,2.707909745
West Bengal,24 PARAGANAS SOUTH,2013,Kharif,Cotton(lint),287,1079,3.759581882
West Bengal,24 PARAGANAS SOUTH,2013,Kharif,Jute,1494,31600,21.15127175
West Bengal,24 PARAGANAS SOUTH,2013,Kharif,Sunflower,4437,5888,1.327022763
West Bengal,24 PARAGANAS SOUTH,2013,Kharif,Urad,535,430,0.803738318
West Bengal,24 PARAGANAS SOUTH,2013,Rabi,Arhar/Tur,437,680,1.556064073
West Bengal,24 PARAGANAS SOUTH,2013,Rabi,Gram,646,719,1.113003096
West Bengal,24 PARAGANAS SOUTH,2013,Rabi,Khesari,6061,7008,1.156244844
West Bengal,24 PARAGANAS SOUTH,2013,Rabi,Linseed,144,59,0.409722222
West Bengal,24 PARAGANAS SOUTH,2013,Rabi,Masoor,1023,1152,1.126099707
West Bengal,24 PARAGANAS SOUTH,2013,Rabi,Peas & beans (Pulses),1127,1303,1.156166815
West Bengal,24 PARAGANAS SOUTH,2013,Rabi,Potato,2939,85489,29.08778496
West Bengal,24 PARAGANAS SOUTH,2013,Rabi,Rapeseed &Mustard,4646,6477,1.394102454
West Bengal,24 PARAGANAS SOUTH,2013,Rabi,Wheat,3479,9881,2.840183961
West Bengal,24 PARAGANAS SOUTH,2013,Summer,Groundnut,19,56,2.947368421
West Bengal,24 PARAGANAS SOUTH,2013,Summer,Maize,237,483,2.037974684
West Bengal,24 PARAGANAS SOUTH,2013,Summer,Moong(Green Gram),14367,8535,0.594069743
West Bengal,24 PARAGANAS SOUTH,2013,Summer,Rice,72967,231508,3.172776735
West Bengal,24 PARAGANAS SOUTH,2013,Summer,Sesamum,2684,3384,1.260804769
West Bengal,24 PARAGANAS SOUTH,2013,Whole Year,Sugarcane,27,2706,100.2222222
West Bengal,24 PARAGANAS SOUTH,2013,Winter,Rice,316815,747982,2.360942506
West Bengal,24 PARAGANAS SOUTH,2014,Autumn,Rice,5050,12760,2.526732673
West Bengal,24 PARAGANAS SOUTH,2014,Kharif,Cotton(lint),615,1574,2.559349593
West Bengal,24 PARAGANAS SOUTH,2014,Kharif,Jute,527,10997,20.86717268
West Bengal,24 PARAGANAS SOUTH,2014,Kharif,Sunflower,4723,5894,1.247935634
West Bengal,24 PARAGANAS SOUTH,2014,Kharif,Urad,600,470,0.783333333
West Bengal,24 PARAGANAS SOUTH,2014,Rabi,Arhar/Tur,514,884,1.719844358
West Bengal,24 PARAGANAS SOUTH,2014,Rabi,Gram,676,761,1.125739645
West Bengal,24 PARAGANAS SOUTH,2014,Rabi,Khesari,6702,7762,1.158161743
West Bengal,24 PARAGANAS SOUTH,2014,Rabi,Linseed,208,100,0.480769231
West Bengal,24 PARAGANAS SOUTH,2014,Rabi,Masoor,1295,818,0.631660232
West Bengal,24 PARAGANAS SOUTH,2014,Rabi,Peas & beans (Pulses),1526,1827,1.197247706
West Bengal,24 PARAGANAS SOUTH,2014,Rabi,Potato,1596,39015,24.44548872
West Bengal,24 PARAGANAS SOUTH,2014,Rabi,Rapeseed &Mustard,6187,7815,1.263132374
West Bengal,24 PARAGANAS SOUTH,2014,Rabi,Wheat,3868,11375,2.940796277
West Bengal,24 PARAGANAS SOUTH,2014,Summer,Groundnut,23,50,2.173913043
West Bengal,24 PARAGANAS SOUTH,2014,Summer,Maize,251,552,2.199203187
West Bengal,24 PARAGANAS SOUTH,2014,Summer,Moong(Green Gram),19457,11399,0.58585599
West Bengal,24 PARAGANAS SOUTH,2014,Summer,Rice,63392,211431,3.335294674
West Bengal,24 PARAGANAS SOUTH,2014,Summer,Sesamum,2974,3374,1.134498991
West Bengal,24 PARAGANAS SOUTH,2014,Whole Year,Sugarcane,26,2419,93.03846154
West Bengal,24 PARAGANAS SOUTH,2014,Winter,Rice,325501,794541,2.440978676
West Bengal,BANKURA,1997,Autumn,Rice,38211,88120,2.30614221
West Bengal,BANKURA,1997,Kharif,Bajra,162,73,0.450617284
West Bengal,BANKURA,1997,Kharif,Horse-gram,190,45,0.236842105
West Bengal,BANKURA,1997,Kharif,Jute,583,11560,19.82847341
West Bengal,BANKURA,1997,Kharif,Moong(Green Gram),100,51,0.51
West Bengal,BANKURA,1997,Kharif,Other Kharif pulses,103,56,0.54368932
West Bengal,BANKURA,1997,Kharif,Soyabean,338,168,0.49704142
West Bengal,BANKURA,1997,Kharif,Urad,724,430,0.593922652
West Bengal,BANKURA,1997,Rabi,Gram,83,10,0.120481928
West Bengal,BANKURA,1997,Rabi,Khesari,59,80,1.355932203
West Bengal,BANKURA,1997,Rabi,Masoor,484,200,0.41322314
West Bengal,BANKURA,1997,Rabi,Moong(Green Gram),100,61,0.61
West Bengal,BANKURA,1997,Rabi,Oilseeds total,3179900,2118200,0.666121576
West Bengal,BANKURA,1997,Rabi,Wheat,7167,12200,1.702246407
West Bengal,BANKURA,1997,Summer,Moong(Green Gram),125,4,0.032
West Bengal,BANKURA,1997,Summer,Rice,44617,135640,3.040096824
West Bengal,BANKURA,1997,Whole Year,Arecanut,5,12,2.4
West Bengal,BANKURA,1997,Whole Year,Arhar/Tur,205,110,0.536585366
West Bengal,BANKURA,1997,Whole Year,Coconut,135,769,5.696296296
West Bengal,BANKURA,1997,Whole Year,Dry chillies,1325,1089,0.821886792
West Bengal,BANKURA,1997,Whole Year,Groundnut,574,558,0.972125436
West Bengal,BANKURA,1997,Whole Year,Jowar,155,74,0.477419355
West Bengal,BANKURA,1997,Whole Year,Linseed,527,50,0.09487666
West Bengal,BANKURA,1997,Whole Year,Maize,500,380,0.76
West Bengal,BANKURA,1997,Whole Year,Niger seed,65,20,0.307692308
West Bengal,BANKURA,1997,Whole Year,Potato,18942,387721,20.46885229
West Bengal,BANKURA,1997,Whole Year,Pulses total,251500,125400,0.49860835
West Bengal,BANKURA,1997,Whole Year,Rapeseed &Mustard,12312,8060,0.654645874
West Bengal,BANKURA,1997,Whole Year,Safflower,200,100,0.5
West Bengal,BANKURA,1997,Whole Year,Sannhamp,449,1998,4.449888641
West Bengal,BANKURA,1997,Whole Year,Sesamum,18319,12493,0.68196954
West Bengal,BANKURA,1997,Whole Year,Small millets,265,104,0.39245283
West Bengal,BANKURA,1997,Whole Year,Sugarcane,468,39520,84.44444444
West Bengal,BANKURA,1997,Whole Year,Turmeric,175,261,1.491428571
West Bengal,BANKURA,1997,Winter,Rice,354447,973590,2.746785838
West Bengal,BANKURA,1998,Autumn,Rice,34676,84680,2.442034837
West Bengal,BANKURA,1998,Kharif,Arhar/Tur,10,10,1
West Bengal,BANKURA,1998,Kharif,Bajra,130,62,0.476923077
West Bengal,BANKURA,1998,Kharif,Dry ginger,160,66,0.4125
West Bengal,BANKURA,1998,Kharif,Jowar,116,58,0.5
West Bengal,BANKURA,1998,Kharif,Jute,429,7610,17.73892774
West Bengal,BANKURA,1998,Kharif,Maize,281,320,1.138790036
West Bengal,BANKURA,1998,Kharif,Mesta,2,20,10
West Bengal,BANKURA,1998,Kharif,Moong(Green Gram),121,59,0.487603306
West Bengal,BANKURA,1998,Kharif,Niger seed,47,12,0.255319149
West Bengal,BANKURA,1998,Kharif,Other Kharif pulses,112,38,0.339285714
West Bengal,BANKURA,1998,Kharif,Small millets,290,189,0.651724138
West Bengal,BANKURA,1998,Kharif,Soyabean,103,40,0.388349515
West Bengal,BANKURA,1998,Kharif,Urad,91,20,0.21978022
West Bengal,BANKURA,1998,Rabi,Gram,39,40,1.025641026
West Bengal,BANKURA,1998,Rabi,Horse-gram,218,55,0.252293578
West Bengal,BANKURA,1998,Rabi,Linseed,120,10,0.083333333
West Bengal,BANKURA,1998,Rabi,Masoor,108,50,0.462962963
West Bengal,BANKURA,1998,Rabi,Moong(Green Gram),114,52,0.456140351
West Bengal,BANKURA,1998,Rabi,Peas & beans (Pulses),10,10,1
West Bengal,BANKURA,1998,Rabi,Rapeseed &Mustard,13066,9580,0.733200674
West Bengal,BANKURA,1998,Rabi,Safflower,2,2,1
West Bengal,BANKURA,1998,Rabi,Wheat,5641,11460,2.031554689
West Bengal,BANKURA,1998,Summer,Rice,56806,151825,2.672693025
West Bengal,BANKURA,1998,Whole Year,Arecanut,4,,
West Bengal,BANKURA,1998,Whole Year,Coconut,142,806,5.676056338
West Bengal,BANKURA,1998,Whole Year,Dry chillies,1474,1283,0.870420624
West Bengal,BANKURA,1998,Whole Year,Groundnut,310,229,0.738709677
West Bengal,BANKURA,1998,Whole Year,Potato,25576,530695,20.74972631
West Bengal,BANKURA,1998,Whole Year,Sannhamp,90,212,2.355555556
West Bengal,BANKURA,1998,Whole Year,Sesamum,17011,9656,0.567632708
West Bengal,BANKURA,1998,Whole Year,Sugarcane,364,32610,89.58791209
West Bengal,BANKURA,1998,Whole Year,Turmeric,186,284,1.52688172
West Bengal,BANKURA,1998,Winter,Rice,294528,692470,2.351117721
West Bengal,BANKURA,1999,Autumn,Dry chillies,697,443,0.635581062
West Bengal,BANKURA,1999,Autumn,Rice,33206,76320,2.298379811
West Bengal,BANKURA,1999,Autumn,Sannhamp,383,2807,7.328981723
West Bengal,BANKURA,1999,Autumn,Sesamum,140,68,0.485714286
West Bengal,BANKURA,1999,Kharif,Arhar/Tur,60,37,0.616666667
West Bengal,BANKURA,1999,Kharif,Bajra,86,42,0.488372093
West Bengal,BANKURA,1999,Kharif,Dry ginger,154,72,0.467532468
West Bengal,BANKURA,1999,Kharif,Groundnut,2292,1549,0.67582897
West Bengal,BANKURA,1999,Kharif,Jowar,98,50,0.510204082
West Bengal,BANKURA,1999,Kharif,Jute,273,5170,18.93772894
West Bengal,BANKURA,1999,Kharif,Maize,341,530,1.554252199
West Bengal,BANKURA,1999,Kharif,Mesta,32,310,9.6875
West Bengal,BANKURA,1999,Kharif,Moong(Green Gram),92,54,0.586956522
West Bengal,BANKURA,1999,Kharif,Niger seed,25,5,0.2
West Bengal,BANKURA,1999,Kharif,Other Kharif pulses,103,57,0.553398058
West Bengal,BANKURA,1999,Kharif,Small millets,580,378,0.651724138
West Bengal,BANKURA,1999,Kharif,Soyabean,56,31,0.553571429
West Bengal,BANKURA,1999,Kharif,Urad,348,192,0.551724138
West Bengal,BANKURA,1999,Rabi,Dry chillies,841,920,1.093935791
West Bengal,BANKURA,1999,Rabi,Gram,21,21,1
West Bengal,BANKURA,1999,Rabi,Horse-gram,107,41,0.38317757
West Bengal,BANKURA,1999,Rabi,Khesari,22,26,1.181818182
West Bengal,BANKURA,1999,Rabi,Linseed,233,28,0.120171674
West Bengal,BANKURA,1999,Rabi,Masoor,349,211,0.604584527
West Bengal,BANKURA,1999,Rabi,Moong(Green Gram),29,15,0.517241379
West Bengal,BANKURA,1999,Rabi,Rapeseed &Mustard,11414,6736,0.590152444
West Bengal,BANKURA,1999,Rabi,Safflower,2,2,1
West Bengal,BANKURA,1999,Rabi,Urad,10,5,0.5
West Bengal,BANKURA,1999,Rabi,Wheat,5576,11969,2.146520803
West Bengal,BANKURA,1999,Summer,Groundnut,11,7,0.636363636
West Bengal,BANKURA,1999,Summer,Moong(Green Gram),1,8,8
West Bengal,BANKURA,1999,Summer,Rice,46486,126610,2.723615712
West Bengal,BANKURA,1999,Summer,Sesamum,12286,7840,0.638124695
West Bengal,BANKURA,1999,Whole Year,Arecanut,4,8,2
West Bengal,BANKURA,1999,Whole Year,Coconut,155,1602.9,10.34129032
West Bengal,BANKURA,1999,Whole Year,Sugarcane,297,28838,97.0976431
West Bengal,BANKURA,1999,Whole Year,Tobacco,36,8,0.222222222
West Bengal,BANKURA,1999,Whole Year,Turmeric,262,52,0.198473282
West Bengal,BANKURA,1999,Winter,Potato,25994,637808,24.53673925
West Bengal,BANKURA,1999,Winter,Rice,332424,794130,2.388906938
West Bengal,BANKURA,1999,Winter,Sesamum,1336,816,0.610778443
West Bengal,BANKURA,2000,Autumn,Rice,22835,50450,2.209327786
West Bengal,BANKURA,2000,Kharif,Arhar/Tur,472,320,0.677966102
West Bengal,BANKURA,2000,Kharif,Bajra,185,122,0.659459459
West Bengal,BANKURA,2000,Kharif,Dry ginger,108,213,1.972222222
West Bengal,BANKURA,2000,Kharif,Groundnut,432,350,0.810185185
West Bengal,BANKURA,2000,Kharif,Jowar,95,52,0.547368421
West Bengal,BANKURA,2000,Kharif,Jute,368,6920,18.80434783
West Bengal,BANKURA,2000,Kharif,Maize,405,740,1.827160494
West Bengal,BANKURA,2000,Kharif,Mesta,22,120,5.454545455
West Bengal,BANKURA,2000,Kharif,Niger seed,30,7,0.233333333
West Bengal,BANKURA,2000,Kharif,Other Kharif pulses,102,45,0.441176471
West Bengal,BANKURA,2000,Kharif,Small millets,550,317,0.576363636
West Bengal,BANKURA,2000,Kharif,Soyabean,22,13,0.590909091
West Bengal,BANKURA,2000,Kharif,Urad,11,4,0.363636364
West Bengal,BANKURA,2000,Rabi,Gram,13,10,0.769230769
West Bengal,BANKURA,2000,Rabi,Horse-gram,107,41,0.38317757
West Bengal,BANKURA,2000,Rabi,Khesari,95,70,0.736842105
West Bengal,BANKURA,2000,Rabi,Linseed,74,20,0.27027027
West Bengal,BANKURA,2000,Rabi,Masoor,181,180,0.994475138
West Bengal,BANKURA,2000,Rabi,Moong(Green Gram),29,15,0.517241379
West Bengal,BANKURA,2000,Rabi,Rapeseed &Mustard,13857,12870,0.928772462
West Bengal,BANKURA,2000,Rabi,Urad,10,5,0.5
West Bengal,BANKURA,2000,Rabi,Wheat,8820,21140,2.396825397
West Bengal,BANKURA,2000,Summer,Groundnut,21,17,0.80952381
West Bengal,BANKURA,2000,Summer,Moong(Green Gram),201,173,0.860696517
West Bengal,BANKURA,2000,Summer,Rice,39297,130899,3.331017635
West Bengal,BANKURA,2000,Whole Year,Arecanut,4,8,2
West Bengal,BANKURA,2000,Whole Year,Coconut,164,1771.7,10.80304878
West Bengal,BANKURA,2000,Whole Year,Dry chillies,1318,1193,0.905159332
West Bengal,BANKURA,2000,Whole Year,Potato,21458,571263,26.6223786
West Bengal,BANKURA,2000,Whole Year,Sannhamp,282,1590,5.638297872
West Bengal,BANKURA,2000,Whole Year,Sesamum,13138,7972,0.606789466
West Bengal,BANKURA,2000,Whole Year,Sugarcane,24,1730,72.08333333
West Bengal,BANKURA,2000,Whole Year,Tobacco,36,8,0.222222222
West Bengal,BANKURA,2000,Whole Year,Turmeric,232,472,2.034482759
West Bengal,BANKURA,2000,Winter,Rice,333437,812060,2.435422584
West Bengal,BANKURA,2001,Autumn,Rice,27144,69067,2.544466549
West Bengal,BANKURA,2001,Kharif,Arhar/Tur,308,145,0.470779221
West Bengal,BANKURA,2001,Kharif,Bajra,195,129,0.661538462
West Bengal,BANKURA,2001,Kharif,Dry ginger,125,224,1.792
West Bengal,BANKURA,2001,Kharif,Groundnut,958,1032,1.077244259
West Bengal,BANKURA,2001,Kharif,Jowar,130,75,0.576923077
West Bengal,BANKURA,2001,Kharif,Jute,114,2374,20.8245614
West Bengal,BANKURA,2001,Kharif,Maize,546,971,1.778388278
West Bengal,BANKURA,2001,Kharif,Mesta,1110,3155,2.842342342
West Bengal,BANKURA,2001,Kharif,Moong(Green Gram),10,5,0.5
West Bengal,BANKURA,2001,Kharif,Niger seed,75,26,0.346666667
West Bengal,BANKURA,2001,Kharif,Other Kharif pulses,768,283,0.368489583
West Bengal,BANKURA,2001,Kharif,Small millets,461,276,0.598698482
West Bengal,BANKURA,2001,Kharif,Soyabean,11,6,0.545454545
West Bengal,BANKURA,2001,Kharif,Urad,142,73,0.514084507
West Bengal,BANKURA,2001,Rabi,Gram,15,15,1
West Bengal,BANKURA,2001,Rabi,Horse-gram,42,8,0.19047619
West Bengal,BANKURA,2001,Rabi,Khesari,3,3,1
West Bengal,BANKURA,2001,Rabi,Linseed,49,12,0.244897959
West Bengal,BANKURA,2001,Rabi,Masoor,132,111,0.840909091
West Bengal,BANKURA,2001,Rabi,Moong(Green Gram),29,14,0.482758621
West Bengal,BANKURA,2001,Rabi,Peas & beans (Pulses),26,11,0.423076923
West Bengal,BANKURA,2001,Rabi,Rapeseed &Mustard,12526,9691,0.773670765
West Bengal,BANKURA,2001,Rabi,Urad,10,4,0.4
West Bengal,BANKURA,2001,Rabi,Wheat,10590,23979,2.264305949
West Bengal,BANKURA,2001,Summer,Groundnut,90,144,1.6
West Bengal,BANKURA,2001,Summer,Moong(Green Gram),1,1,1
West Bengal,BANKURA,2001,Summer,Rice,57043,140037,2.454937503
West Bengal,BANKURA,2001,Whole Year,Arecanut,4,8,2
West Bengal,BANKURA,2001,Whole Year,Coconut,193,2284.3,11.8357513
West Bengal,BANKURA,2001,Whole Year,Dry chillies,1547,1475,0.953458306
West Bengal,BANKURA,2001,Whole Year,Potato,19959,522893,26.19835663
West Bengal,BANKURA,2001,Whole Year,Sannhamp,434,2205,5.080645161
West Bengal,BANKURA,2001,Whole Year,Sesamum,11829,7739,0.654239581
West Bengal,BANKURA,2001,Whole Year,Sugarcane,12,1184,98.66666667
West Bengal,BANKURA,2001,Whole Year,Tobacco,54,26,0.481481481
West Bengal,BANKURA,2001,Whole Year,Turmeric,246,485,1.971544715
West Bengal,BANKURA,2001,Winter,Rice,352283,1013371,2.87658218
West Bengal,BANKURA,2002,Autumn,Dry chillies,635,385,0.606299213
West Bengal,BANKURA,2002,Autumn,Rice,21786,59915,2.750160654
West Bengal,BANKURA,2002,Autumn,Sesamum,272,217,0.797794118
West Bengal,BANKURA,2002,Kharif,Arhar/Tur,22,16,0.727272727
West Bengal,BANKURA,2002,Kharif,Bajra,152,107,0.703947368
West Bengal,BANKURA,2002,Kharif,Dry ginger,171,315,1.842105263
West Bengal,BANKURA,2002,Kharif,Groundnut,128,101,0.7890625
West Bengal,BANKURA,2002,Kharif,Jowar,44,230,5.227272727
West Bengal,BANKURA,2002,Kharif,Jute,32,590,18.4375
West Bengal,BANKURA,2002,Kharif,Maize,136,157,1.154411765
West Bengal,BANKURA,2002,Kharif,Mesta,1,12,12
West Bengal,BANKURA,2002,Kharif,Moong(Green Gram),15,8,0.533333333
West Bengal,BANKURA,2002,Kharif,Niger seed,60,15,0.25
West Bengal,BANKURA,2002,Kharif,Other Kharif pulses,85,35,0.411764706
West Bengal,BANKURA,2002,Kharif,Small millets,364,217,0.596153846
West Bengal,BANKURA,2002,Kharif,Soyabean,3,1,0.333333333
West Bengal,BANKURA,2002,Kharif,Urad,215,60,0.279069767
West Bengal,BANKURA,2002,Rabi,Dry chillies,777,736,0.947232947
West Bengal,BANKURA,2002,Rabi,Gram,24,15,0.625
West Bengal,BANKURA,2002,Rabi,Groundnut,10,16,1.6
West Bengal,BANKURA,2002,Rabi,Horse-gram,652,189,0.289877301
West Bengal,BANKURA,2002,Rabi,Khesari,65,,
West Bengal,BANKURA,2002,Rabi,Linseed,28,8,0.285714286
West Bengal,BANKURA,2002,Rabi,Masoor,332,220,0.662650602
West Bengal,BANKURA,2002,Rabi,Moong(Green Gram),27,13,0.481481481
West Bengal,BANKURA,2002,Rabi,Peas & beans (Pulses),2,2,1
West Bengal,BANKURA,2002,Rabi,Rapeseed &Mustard,11114,9831,0.884560014
West Bengal,BANKURA,2002,Rabi,Urad,10,5,0.5
West Bengal,BANKURA,2002,Rabi,Wheat,7891,11055,1.400963123
West Bengal,BANKURA,2002,Summer,Groundnut,105,109,1.038095238
West Bengal,BANKURA,2002,Summer,Moong(Green Gram),7,5,0.714285714
West Bengal,BANKURA,2002,Summer,Rice,37953,113138,2.981002819
West Bengal,BANKURA,2002,Summer,Sesamum,12647,8482,0.670672887
West Bengal,BANKURA,2002,Whole Year,Arecanut,5,92,18.4
West Bengal,BANKURA,2002,Whole Year,Coconut,201,2152.7,10.70995025
West Bengal,BANKURA,2002,Whole Year,Sannhamp,337,1618,4.801186944
West Bengal,BANKURA,2002,Whole Year,Sugarcane,13,722,55.53846154
West Bengal,BANKURA,2002,Whole Year,Tobacco,41,30,0.731707317
West Bengal,BANKURA,2002,Whole Year,Turmeric,247,509,2.060728745
West Bengal,BANKURA,2002,Winter,Potato,22841,444053,19.44104899
West Bengal,BANKURA,2002,Winter,Rice,260685,756459,2.901812532
West Bengal,BANKURA,2002,Winter,Sesamum,23,10,0.434782609
West Bengal,BANKURA,2003,Autumn,Rice,20292,54153,2.668687167
West Bengal,BANKURA,2003,Kharif,Arhar/Tur,1160,878,0.756896552
West Bengal,BANKURA,2003,Kharif,Bajra,80,39,0.4875
West Bengal,BANKURA,2003,Kharif,Dry ginger,134,268,2
West Bengal,BANKURA,2003,Kharif,Groundnut,729,668,0.916323731
West Bengal,BANKURA,2003,Kharif,Jowar,42,25,0.595238095
West Bengal,BANKURA,2003,Kharif,Jute,10,180,18
West Bengal,BANKURA,2003,Kharif,Maize,506,664,1.312252964
West Bengal,BANKURA,2003,Kharif,Mesta,62,908,14.64516129
West Bengal,BANKURA,2003,Kharif,Moong(Green Gram),40,22,0.55
West Bengal,BANKURA,2003,Kharif,Niger seed,25,7,0.28
West Bengal,BANKURA,2003,Kharif,Other Kharif pulses,85,35,0.411764706
West Bengal,BANKURA,2003,Kharif,Ragi,19,9,0.473684211
West Bengal,BANKURA,2003,Kharif,Small millets,370,278,0.751351351
West Bengal,BANKURA,2003,Kharif,Soyabean,11,7,0.636363636
West Bengal,BANKURA,2003,Kharif,Sunflower,21,7,0.333333333
West Bengal,BANKURA,2003,Kharif,Urad,108,30,0.277777778
West Bengal,BANKURA,2003,Rabi,Gram,20,23,1.15
West Bengal,BANKURA,2003,Rabi,Horse-gram,232,45,0.193965517
West Bengal,BANKURA,2003,Rabi,Khesari,101,129,1.277227723
West Bengal,BANKURA,2003,Rabi,Linseed,73,14,0.191780822
West Bengal,BANKURA,2003,Rabi,Masoor,383,277,0.723237598
West Bengal,BANKURA,2003,Rabi,Moong(Green Gram),27,13,0.481481481
West Bengal,BANKURA,2003,Rabi,Peas & beans (Pulses),48,55,1.145833333
West Bengal,BANKURA,2003,Rabi,Rapeseed &Mustard,11146,9317,0.835905257
West Bengal,BANKURA,2003,Rabi,Urad,10,5,0.5
West Bengal,BANKURA,2003,Rabi,Wheat,9459,19603,2.072417803
West Bengal,BANKURA,2003,Summer,Groundnut,32,32,1
West Bengal,BANKURA,2003,Summer,Moong(Green Gram),2,1,0.5
West Bengal,BANKURA,2003,Summer,Rice,35247,105837,3.002723636
West Bengal,BANKURA,2003,Whole Year,Arecanut,20,58,2.9
West Bengal,BANKURA,2003,Whole Year,Coconut,229,3352.8,14.64104803
West Bengal,BANKURA,2003,Whole Year,Dry chillies,1537,1665,1.083279115
West Bengal,BANKURA,2003,Whole Year,Potato,15673,370718,23.6532891
West Bengal,BANKURA,2003,Whole Year,Sannhamp,230,1194,5.191304348
West Bengal,BANKURA,2003,Whole Year,Sesamum,36416,24881,0.683243629
West Bengal,BANKURA,2003,Whole Year,Sugarcane,8,565,70.625
West Bengal,BANKURA,2003,Whole Year,Tobacco,39,33,0.846153846
West Bengal,BANKURA,2003,Whole Year,Turmeric,257,509,1.980544747
West Bengal,BANKURA,2003,Winter,Rice,264939,706993,2.668512375
West Bengal,BANKURA,2004,Autumn,Rice,19366,53030,2.738304245
West Bengal,BANKURA,2004,Kharif,Bajra,18,10,0.555555556
West Bengal,BANKURA,2004,Kharif,Dry ginger,184,325,1.766304348
West Bengal,BANKURA,2004,Kharif,Jowar,27,15,0.555555556
West Bengal,BANKURA,2004,Kharif,Jute,295,5251,17.8
West Bengal,BANKURA,2004,Kharif,Maize,611,1087,1.779050736
West Bengal,BANKURA,2004,Kharif,Mesta,3,2,0.666666667
West Bengal,BANKURA,2004,Kharif,Moong(Green Gram),25,6,0.24
West Bengal,BANKURA,2004,Kharif,Niger seed,55,14,0.254545455
West Bengal,BANKURA,2004,Kharif,Other Kharif pulses,15,6,0.4
West Bengal,BANKURA,2004,Kharif,Ragi,20,7,0.35
West Bengal,BANKURA,2004,Kharif,Small millets,205,123,0.6
West Bengal,BANKURA,2004,Kharif,Soyabean,7,3,0.428571429
West Bengal,BANKURA,2004,Kharif,Sunflower,47,64,1.361702128
West Bengal,BANKURA,2004,Kharif,Urad,4,2,0.5
West Bengal,BANKURA,2004,Rabi,Arhar/Tur,2,2,1
West Bengal,BANKURA,2004,Rabi,Gram,92,148,1.608695652
West Bengal,BANKURA,2004,Rabi,Horse-gram,52,11,0.211538462
West Bengal,BANKURA,2004,Rabi,Linseed,5,1,0.2
West Bengal,BANKURA,2004,Rabi,Masoor,192,149,0.776041667
West Bengal,BANKURA,2004,Rabi,Moong(Green Gram),25,12,0.48
West Bengal,BANKURA,2004,Rabi,Peas & beans (Pulses),24,18,0.75
West Bengal,BANKURA,2004,Rabi,Rapeseed &Mustard,12255,6884,0.561729906
West Bengal,BANKURA,2004,Rabi,Urad,10,5,0.5
West Bengal,BANKURA,2004,Rabi,Wheat,8578,14576,1.69923059
West Bengal,BANKURA,2004,Summer,Moong(Green Gram),5,2,0.4
West Bengal,BANKURA,2004,Summer,Rice,39644,102938,2.596559378
West Bengal,BANKURA,2004,Whole Year,Coconut,241,3728.5,15.47095436
West Bengal,BANKURA,2004,Whole Year,Dry chillies,1444,1381,0.956371191
West Bengal,BANKURA,2004,Whole Year,Groundnut,279,331,1.186379928
West Bengal,BANKURA,2004,Whole Year,Potato,25872,539008,20.83364255
West Bengal,BANKURA,2004,Whole Year,Sannhamp,230,1127,4.9
West Bengal,BANKURA,2004,Whole Year,Sesamum,19478,11338,0.582092617
West Bengal,BANKURA,2004,Whole Year,Sugarcane,18,988,54.88888889
West Bengal,BANKURA,2004,Whole Year,Tobacco,52,38,0.730769231
West Bengal,BANKURA,2004,Whole Year,Turmeric,292,512,1.753424658
West Bengal,BANKURA,2004,Winter,Rice,287815,802518,2.788311936
West Bengal,BANKURA,2005,Autumn,Rice,15721,39188,2.492716748
West Bengal,BANKURA,2005,Kharif,Bajra,3,2,0.666666667
West Bengal,BANKURA,2005,Kharif,Cotton(lint),10,4,0.4
West Bengal,BANKURA,2005,Kharif,Dry ginger,225,421,1.871111111
West Bengal,BANKURA,2005,Kharif,Jute,3,54,18
West Bengal,BANKURA,2005,Kharif,Maize,783,1512,1.931034483
West Bengal,BANKURA,2005,Kharif,Mesta,1,10,10
West Bengal,BANKURA,2005,Kharif,Moong(Green Gram),27,10,0.37037037
West Bengal,BANKURA,2005,Kharif,Niger seed,66,21,0.318181818
West Bengal,BANKURA,2005,Kharif,Other Kharif pulses,90,39,0.433333333
West Bengal,BANKURA,2005,Kharif,Small millets,357,380,1.06442577
West Bengal,BANKURA,2005,Kharif,Soyabean,14,9,0.642857143
West Bengal,BANKURA,2005,Kharif,Sunflower,99,143,1.444444444
West Bengal,BANKURA,2005,Kharif,Urad,42,10,0.238095238
West Bengal,BANKURA,2005,Rabi,Arhar/Tur,21,7,0.333333333
West Bengal,BANKURA,2005,Rabi,Gram,35,25,0.714285714
West Bengal,BANKURA,2005,Rabi,Horse-gram,57,18,0.315789474
West Bengal,BANKURA,2005,Rabi,Khesari,2,1,0.5
West Bengal,BANKURA,2005,Rabi,Linseed,78,16,0.205128205
West Bengal,BANKURA,2005,Rabi,Masoor,350,218,0.622857143
West Bengal,BANKURA,2005,Rabi,Moong(Green Gram),58,29,0.5
West Bengal,BANKURA,2005,Rabi,Peas & beans (Pulses),56,71,1.267857143
West Bengal,BANKURA,2005,Rabi,Rapeseed &Mustard,10634,7688,0.722964077
West Bengal,BANKURA,2005,Rabi,Urad,10,5,0.5
West Bengal,BANKURA,2005,Rabi,Wheat,6773,12475,1.841872139
West Bengal,BANKURA,2005,Summer,Rice,55091,127113,2.307327876
West Bengal,BANKURA,2005,Whole Year,Arecanut,30,31,1.033333333
West Bengal,BANKURA,2005,Whole Year,Coconut,255,2772,10.87058824
West Bengal,BANKURA,2005,Whole Year,Dry chillies,1367,1661,1.215069495
West Bengal,BANKURA,2005,Whole Year,Groundnut,166,239,1.439759036
West Bengal,BANKURA,2005,Whole Year,Potato,28054,650235,23.17797818
West Bengal,BANKURA,2005,Whole Year,Sannhamp,189,1004,5.312169312
West Bengal,BANKURA,2005,Whole Year,Sesamum,15427,11285,0.731509691
West Bengal,BANKURA,2005,Whole Year,Sugarcane,13,573,44.07692308
West Bengal,BANKURA,2005,Whole Year,Tobacco,46,37,0.804347826
West Bengal,BANKURA,2005,Whole Year,Turmeric,289,510,1.764705882
West Bengal,BANKURA,2005,Winter,Rice,316127,847144,2.679758452
West Bengal,BANKURA,2006,Autumn,Rice,20337,53240,2.617888577
West Bengal,BANKURA,2006,Kharif,Cotton(lint),10,4,0.4
West Bengal,BANKURA,2006,Kharif,Dry ginger,270,484,1.792592593
West Bengal,BANKURA,2006,Kharif,Jute,35,622,17.77142857
West Bengal,BANKURA,2006,Kharif,Maize,775,2100,2.709677419
West Bengal,BANKURA,2006,Kharif,Mesta,1,10,10
West Bengal,BANKURA,2006,Kharif,Moong(Green Gram),45,17,0.377777778
West Bengal,BANKURA,2006,Kharif,Niger seed,20,6,0.3
West Bengal,BANKURA,2006,Kharif,Other Kharif pulses,55,21,0.381818182
West Bengal,BANKURA,2006,Kharif,Small millets,415,444,1.069879518
West Bengal,BANKURA,2006,Kharif,Soyabean,3,1,0.333333333
West Bengal,BANKURA,2006,Kharif,Sunflower,80,122,1.525
West Bengal,BANKURA,2006,Kharif,Urad,2,1,0.5
West Bengal,BANKURA,2006,Rabi,Arhar/Tur,13,8,0.615384615
West Bengal,BANKURA,2006,Rabi,Gram,43,17,0.395348837
West Bengal,BANKURA,2006,Rabi,Horse-gram,59,20,0.338983051
West Bengal,BANKURA,2006,Rabi,Khesari,4,5,1.25
West Bengal,BANKURA,2006,Rabi,Linseed,8,1,0.125
West Bengal,BANKURA,2006,Rabi,Masoor,172,132,0.76744186
West Bengal,BANKURA,2006,Rabi,Peas & beans (Pulses),19,11,0.578947368
West Bengal,BANKURA,2006,Rabi,Rapeseed &Mustard,10568,6326,0.598599546
West Bengal,BANKURA,2006,Rabi,Urad,15,6,0.4
West Bengal,BANKURA,2006,Rabi,Wheat,5974,12850,2.150987613
West Bengal,BANKURA,2006,Summer,Moong(Green Gram),11,4,0.363636364
West Bengal,BANKURA,2006,Summer,Rice,50430,139200,2.760261749
West Bengal,BANKURA,2006,Whole Year,Arecanut,34,28,0.823529412
West Bengal,BANKURA,2006,Whole Year,Coconut,271,3052000,11261.99262
West Bengal,BANKURA,2006,Whole Year,Dry chillies,1534,1656,1.079530639
West Bengal,BANKURA,2006,Whole Year,Groundnut,248,338,1.362903226
West Bengal,BANKURA,2006,Whole Year,Potato,35619,456376,12.81271232
West Bengal,BANKURA,2006,Whole Year,Sannhamp,207,1002,4.84057971
West Bengal,BANKURA,2006,Whole Year,Sesamum,31294,19677,0.62877868
West Bengal,BANKURA,2006,Whole Year,Sugarcane,9,662,73.55555556
West Bengal,BANKURA,2006,Whole Year,Tobacco,33,35,1.060606061
West Bengal,BANKURA,2006,Whole Year,Turmeric,295,449,1.522033898
West Bengal,BANKURA,2006,Winter,Rice,336129,945567,2.813107468
West Bengal,BANKURA,2007,Autumn,Rice,20445,55077,2.693910492
West Bengal,BANKURA,2007,Autumn,Sesamum,80,70,0.875
West Bengal,BANKURA,2007,Kharif,Cotton(lint),650,949,1.46
West Bengal,BANKURA,2007,Kharif,Dry ginger,270,484,1.792592593
West Bengal,BANKURA,2007,Kharif,Garlic,10,100,10
West Bengal,BANKURA,2007,Kharif,Groundnut,95,93,0.978947368
West Bengal,BANKURA,2007,Kharif,Jute,45,752,16.71111111
West Bengal,BANKURA,2007,Kharif,Maize,100,100,1
West Bengal,BANKURA,2007,Kharif,Moong(Green Gram),10,4,0.4
West Bengal,BANKURA,2007,Kharif,Niger seed,5,2,0.4
West Bengal,BANKURA,2007,Kharif,Other Kharif pulses,10,5,0.5
West Bengal,BANKURA,2007,Kharif,Sannhamp,197,999,5.07106599
West Bengal,BANKURA,2007,Kharif,Small millets,425,477,1.122352941
West Bengal,BANKURA,2007,Kharif,Soyabean,3,1,0.333333333
West Bengal,BANKURA,2007,Kharif,Sunflower,326,617,1.892638037
West Bengal,BANKURA,2007,Kharif,Urad,18,6,0.333333333
West Bengal,BANKURA,2007,Rabi,Arhar/Tur,15,7,0.466666667
West Bengal,BANKURA,2007,Rabi,Gram,55,50,0.909090909
West Bengal,BANKURA,2007,Rabi,Groundnut,53,74,1.396226415
West Bengal,BANKURA,2007,Rabi,Horse-gram,26,12,0.461538462
West Bengal,BANKURA,2007,Rabi,Khesari,1,1,1
West Bengal,BANKURA,2007,Rabi,Linseed,115,17,0.147826087
West Bengal,BANKURA,2007,Rabi,Maize,20,55,2.75
West Bengal,BANKURA,2007,Rabi,Masoor,125,160,1.28
West Bengal,BANKURA,2007,Rabi,Moong(Green Gram),42,24,0.571428571
West Bengal,BANKURA,2007,Rabi,Peas & beans (Pulses),3,2,0.666666667
West Bengal,BANKURA,2007,Rabi,Rapeseed &Mustard,10562,8098,0.76671085
West Bengal,BANKURA,2007,Rabi,Wheat,3497,7787,2.226765799
West Bengal,BANKURA,2007,Summer,Groundnut,272,416,1.529411765
West Bengal,BANKURA,2007,Summer,Maize,173,553,3.196531792
West Bengal,BANKURA,2007,Summer,Moong(Green Gram),11,9,0.818181818
West Bengal,BANKURA,2007,Summer,Rice,67600,192173,2.842795858
West Bengal,BANKURA,2007,Summer,Sesamum,28366,20697,0.72964112
West Bengal,BANKURA,2007,Whole Year,Arecanut,34,28,0.823529412
West Bengal,BANKURA,2007,Whole Year,Coconut,271,3059600,11290.0369
West Bengal,BANKURA,2007,Whole Year,Dry chillies,1534,1656,1.079530639
West Bengal,BANKURA,2007,Whole Year,Potato,41900,941729,22.47563246
West Bengal,BANKURA,2007,Whole Year,Sugarcane,14,1093,78.07142857
West Bengal,BANKURA,2007,Whole Year,Tobacco,39,41,1.051282051
West Bengal,BANKURA,2007,Whole Year,Turmeric,295,449,1.522033898
West Bengal,BANKURA,2007,Winter,Rice,328783,926283,2.817308072
West Bengal,BANKURA,2007,Winter,Sesamum,182,110,0.604395604
West Bengal,BANKURA,2008,Autumn,Maize,302,367,1.215231788
West Bengal,BANKURA,2008,Autumn,Rice,20880,55169,2.642193487
West Bengal,BANKURA,2008,Autumn,Sesamum,67,77,1.149253731
West Bengal,BANKURA,2008,Kharif,Cotton(lint),332,242,0.728915663
West Bengal,BANKURA,2008,Kharif,Dry ginger,270,424,1.57037037
West Bengal,BANKURA,2008,Kharif,Groundnut,109,118,1.082568807
West Bengal,BANKURA,2008,Kharif,Jute,2,33,16.5
West Bengal,BANKURA,2008,Kharif,Niger seed,8,6,0.75
West Bengal,BANKURA,2008,Kharif,Sannhamp,216,1158,5.361111111
West Bengal,BANKURA,2008,Kharif,Small millets,77,104,1.350649351
West Bengal,BANKURA,2008,Kharif,Soyabean,4,1,0.25
West Bengal,BANKURA,2008,Kharif,Sunflower,601,1226,2.039933444
West Bengal,BANKURA,2008,Kharif,Urad,9,3,0.333333333
West Bengal,BANKURA,2008,Rabi,Arhar/Tur,6,3,0.5
West Bengal,BANKURA,2008,Rabi,Gram,15,18,1.2
West Bengal,BANKURA,2008,Rabi,Groundnut,62,80,1.290322581
West Bengal,BANKURA,2008,Rabi,Horse-gram,23,11,0.47826087
West Bengal,BANKURA,2008,Rabi,Linseed,4,,
West Bengal,BANKURA,2008,Rabi,Maize,5,13,2.6
West Bengal,BANKURA,2008,Rabi,Masoor,178,141,0.792134831
West Bengal,BANKURA,2008,Rabi,Moong(Green Gram),22,11,0.5
West Bengal,BANKURA,2008,Rabi,Peas & beans (Pulses),11,8,0.727272727
West Bengal,BANKURA,2008,Rabi,Rapeseed &Mustard,14605,10727,0.734474495
West Bengal,BANKURA,2008,Rabi,Wheat,3912,7787,1.990541922
West Bengal,BANKURA,2008,Summer,Groundnut,437,762,1.743707094
West Bengal,BANKURA,2008,Summer,Maize,89,180,2.02247191
West Bengal,BANKURA,2008,Summer,Moong(Green Gram),9,22,2.444444444
West Bengal,BANKURA,2008,Summer,Rice,46705,128304,2.74711487
West Bengal,BANKURA,2008,Summer,Sesamum,27736,14698,0.529925007
West Bengal,BANKURA,2008,Whole Year,Arecanut,34,28,0.823529412
West Bengal,BANKURA,2008,Whole Year,Coconut,271,3059,11.28782288
West Bengal,BANKURA,2008,Whole Year,Dry chillies,1534,1676,1.092568449
West Bengal,BANKURA,2008,Whole Year,Potato,32649,233454,7.150418083
West Bengal,BANKURA,2008,Whole Year,Sugarcane,26,3169,121.8846154
West Bengal,BANKURA,2008,Whole Year,Tobacco,11,3,0.272727273
West Bengal,BANKURA,2008,Whole Year,Turmeric,295,449,1.522033898
West Bengal,BANKURA,2008,Winter,Rice,303565,842313,2.774736877
West Bengal,BANKURA,2008,Winter,Sesamum,267,176,0.65917603
West Bengal,BANKURA,2009,Autumn,Groundnut,147,127,0.863945578
West Bengal,BANKURA,2009,Autumn,Maize,5,7,1.4
West Bengal,BANKURA,2009,Autumn,Rice,13467,40636,3.017450063
West Bengal,BANKURA,2009,Autumn,Sesamum,27,16,0.592592593
West Bengal,BANKURA,2009,Kharif,Bajra,6,7,1.166666667
West Bengal,BANKURA,2009,Kharif,Moong(Green Gram),50,28,0.56
West Bengal,BANKURA,2009,Kharif,Niger seed,2,1,0.5
West Bengal,BANKURA,2009,Kharif,Sannhamp,143,738,5.160839161
West Bengal,BANKURA,2009,Kharif,Small millets,341,409,1.19941349
West Bengal,BANKURA,2009,Kharif,Sunflower,161,85,0.527950311
West Bengal,BANKURA,2009,Kharif,Urad,2,,
West Bengal,BANKURA,2009,Rabi,Gram,27,19,0.703703704
West Bengal,BANKURA,2009,Rabi,Groundnut,15,14,0.933333333
West Bengal,BANKURA,2009,Rabi,Horse-gram,13,6,0.461538462
West Bengal,BANKURA,2009,Rabi,Linseed,16,1,0.0625
West Bengal,BANKURA,2009,Rabi,Maize,26,83,3.192307692
West Bengal,BANKURA,2009,Rabi,Masoor,130,140,1.076923077
West Bengal,BANKURA,2009,Rabi,Moong(Green Gram),8,4,0.5
West Bengal,BANKURA,2009,Rabi,Peas & beans (Pulses),5,6,1.2
West Bengal,BANKURA,2009,Rabi,Potato,32814,1350135,41.14509051
West Bengal,BANKURA,2009,Rabi,Rapeseed &Mustard,14397,10967,0.761755921
West Bengal,BANKURA,2009,Rabi,Wheat,4129,9868,2.389924921
West Bengal,BANKURA,2009,Summer,Groundnut,462,799,1.729437229
West Bengal,BANKURA,2009,Summer,Maize,141,298,2.113475177
West Bengal,BANKURA,2009,Summer,Moong(Green Gram),2,1,0.5
West Bengal,BANKURA,2009,Summer,Rice,45623,119400,2.617101024
West Bengal,BANKURA,2009,Summer,Sesamum,21513,12325,0.572909404
West Bengal,BANKURA,2009,Whole Year,Sugarcane,10,831,83.1
West Bengal,BANKURA,2009,Whole Year,Tobacco,10,8,0.8
West Bengal,BANKURA,2009,Winter,Rice,318205,844882,2.655149982
West Bengal,BANKURA,2009,Winter,Sesamum,121,76,0.628099174
West Bengal,BANKURA,2010,Autumn,Groundnut,170,134,0.788235294
West Bengal,BANKURA,2010,Autumn,Maize,151,316,2.092715232
West Bengal,BANKURA,2010,Autumn,Rice,12991,29828,2.296051112
West Bengal,BANKURA,2010,Autumn,Sesamum,43,25,0.581395349
West Bengal,BANKURA,2010,Kharif,Bajra,2,2,1
West Bengal,BANKURA,2010,Kharif,Horse-gram,46,27,0.586956522
West Bengal,BANKURA,2010,Kharif,Jute,6,117,19.5
West Bengal,BANKURA,2010,Kharif,Mesta,49,13,0.265306122
West Bengal,BANKURA,2010,Kharif,Sannhamp,138,403,2.920289855
West Bengal,BANKURA,2010,Kharif,Small millets,59,42,0.711864407
West Bengal,BANKURA,2010,Kharif,Sunflower,466,857,1.839055794
West Bengal,BANKURA,2010,Kharif,Urad,6,1,0.166666667
West Bengal,BANKURA,2010,Rabi,Gram,9,4,0.444444444
West Bengal,BANKURA,2010,Rabi,Groundnut,50,80,1.6
West Bengal,BANKURA,2010,Rabi,Linseed,10,3,0.3
West Bengal,BANKURA,2010,Rabi,Maize,45,46,1.022222222
West Bengal,BANKURA,2010,Rabi,Masoor,99,99,1
West Bengal,BANKURA,2010,Rabi,Peas & beans (Pulses),25,14,0.56
West Bengal,BANKURA,2010,Rabi,Potato,30294,1190404,39.29504192
West Bengal,BANKURA,2010,Rabi,Rapeseed &Mustard,8186,6687,0.816882482
West Bengal,BANKURA,2010,Rabi,Wheat,3013,6839,2.269830733
West Bengal,BANKURA,2010,Summer,Groundnut,390,659,1.68974359
West Bengal,BANKURA,2010,Summer,Maize,134,344,2.567164179
West Bengal,BANKURA,2010,Summer,Moong(Green Gram),6,4,0.666666667
West Bengal,BANKURA,2010,Summer,Rice,37048,110442,2.981051609
West Bengal,BANKURA,2010,Summer,Sesamum,17216,12320,0.715613383
West Bengal,BANKURA,2010,Whole Year,Sugarcane,1,38,38
West Bengal,BANKURA,2010,Whole Year,Tobacco,3,2,0.666666667
West Bengal,BANKURA,2010,Winter,Rice,147983,367221,2.481508011
West Bengal,BANKURA,2010,Winter,Sesamum,144,105,0.729166667
West Bengal,BANKURA,2011,Autumn,Groundnut,109,90,0.825688073
West Bengal,BANKURA,2011,Autumn,Maize,25,30,1.2
West Bengal,BANKURA,2011,Autumn,Rice,16517,45377,2.74729067
West Bengal,BANKURA,2011,Autumn,Sesamum,72,37,0.513888889
West Bengal,BANKURA,2011,Kharif,Horse-gram,22,9,0.409090909
West Bengal,BANKURA,2011,Kharif,Jute,24,450,18.75
West Bengal,BANKURA,2011,Kharif,Other Kharif pulses,413,176,0.426150121
West Bengal,BANKURA,2011,Kharif,Sannhamp,109,327,3
West Bengal,BANKURA,2011,Kharif,Small millets,162,81,0.5
West Bengal,BANKURA,2011,Kharif,Sunflower,246,363,1.475609756
West Bengal,BANKURA,2011,Kharif,Urad,39,5,0.128205128
West Bengal,BANKURA,2011,Rabi,Barley,15,18,1.2
West Bengal,BANKURA,2011,Rabi,Gram,17,12,0.705882353
West Bengal,BANKURA,2011,Rabi,Groundnut,70,127,1.814285714
West Bengal,BANKURA,2011,Rabi,Linseed,3,1,0.333333333
West Bengal,BANKURA,2011,Rabi,Maize,85,191,2.247058824
West Bengal,BANKURA,2011,Rabi,Masoor,101,101,1
West Bengal,BANKURA,2011,Rabi,Peas & beans (Pulses),63,3,0.047619048
West Bengal,BANKURA,2011,Rabi,Potato,29499,900622,30.53059426
West Bengal,BANKURA,2011,Rabi,Rapeseed &Mustard,10170,8112,0.797640118
West Bengal,BANKURA,2011,Rabi,Wheat,2734,6487,2.372713972
West Bengal,BANKURA,2011,Summer,Groundnut,335,753,2.247761194
West Bengal,BANKURA,2011,Summer,Maize,121,274,2.26446281
West Bengal,BANKURA,2011,Summer,Moong(Green Gram),14,35,2.5
West Bengal,BANKURA,2011,Summer,Rice,42505,104441,2.457146218
West Bengal,BANKURA,2011,Summer,Sesamum,19687,16489,0.837557779
West Bengal,BANKURA,2011,Whole Year,Sugarcane,12,2114,176.1666667
West Bengal,BANKURA,2011,Winter,Rice,317968,969693,3.04965594
West Bengal,BANKURA,2011,Winter,Sesamum,127,73,0.57480315
West Bengal,BANKURA,2012,Autumn,Groundnut,141,127,0.90070922
West Bengal,BANKURA,2012,Autumn,Rice,19012,55954,2.943088576
West Bengal,BANKURA,2012,Autumn,Sesamum,151,95,0.629139073
West Bengal,BANKURA,2012,Autumn,Small millets,187,177,0.946524064
West Bengal,BANKURA,2012,Kharif,Bajra,4,5,1.25
West Bengal,BANKURA,2012,Kharif,Horse-gram,27,14,0.518518519
West Bengal,BANKURA,2012,Kharif,Sannhamp,135,589,4.362962963
West Bengal,BANKURA,2012,Kharif,Sunflower,701,1166,1.663338088
West Bengal,BANKURA,2012,Kharif,Urad,33,9,0.272727273
West Bengal,BANKURA,2012,Rabi,Gram,13,19,1.461538462
West Bengal,BANKURA,2012,Rabi,Groundnut,51,88,1.725490196
West Bengal,BANKURA,2012,Rabi,Linseed,1,,
West Bengal,BANKURA,2012,Rabi,Maize,107,343,3.205607477
West Bengal,BANKURA,2012,Rabi,Masoor,42,48,1.142857143
West Bengal,BANKURA,2012,Rabi,Moong(Green Gram),3,1,0.333333333
West Bengal,BANKURA,2012,Rabi,Peas & beans (Pulses),31,10,0.322580645
West Bengal,BANKURA,2012,Rabi,Potato,26281,691914,26.327537
West Bengal,BANKURA,2012,Rabi,Rapeseed &Mustard,11142,8981,0.806049183
West Bengal,BANKURA,2012,Rabi,Wheat,2691,6114,2.272017837
West Bengal,BANKURA,2012,Summer,Groundnut,393,841,2.139949109
West Bengal,BANKURA,2012,Summer,Maize,204,664,3.254901961
West Bengal,BANKURA,2012,Summer,Moong(Green Gram),5,7,1.4
West Bengal,BANKURA,2012,Summer,Rice,34831,113038,3.245327438
West Bengal,BANKURA,2012,Summer,Sesamum,19411,19123,0.985163052
West Bengal,BANKURA,2012,Whole Year,Sugarcane,1,141,141
West Bengal,BANKURA,2012,Winter,Rice,322444,864752,2.681867239
West Bengal,BANKURA,2012,Winter,Sesamum,70,27,0.385714286
West Bengal,BANKURA,2013,Autumn,Groundnut,268,206,0.768656716
West Bengal,BANKURA,2013,Autumn,Maize,117,215,1.837606838
West Bengal,BANKURA,2013,Autumn,Rice,19717,50308,2.551503778
West Bengal,BANKURA,2013,Autumn,Sesamum,88,79,0.897727273
West Bengal,BANKURA,2013,Autumn,Small millets,111,62,0.558558559
West Bengal,BANKURA,2013,Kharif,Horse-gram,23,11,0.47826087
West Bengal,BANKURA,2013,Kharif,Jute,4,78,19.5
West Bengal,BANKURA,2013,Kharif,Sannhamp,122,458,3.754098361
West Bengal,BANKURA,2013,Kharif,Sunflower,585,912,1.558974359
West Bengal,BANKURA,2013,Kharif,Urad,6,1,0.166666667
West Bengal,BANKURA,2013,Rabi,Gram,13,10,0.769230769
West Bengal,BANKURA,2013,Rabi,Groundnut,88,149,1.693181818
West Bengal,BANKURA,2013,Rabi,Linseed,146,43,0.294520548
West Bengal,BANKURA,2013,Rabi,Maize,43,143,3.325581395
West Bengal,BANKURA,2013,Rabi,Masoor,111,95,0.855855856
West Bengal,BANKURA,2013,Rabi,Peas & beans (Pulses),56,67,1.196428571
West Bengal,BANKURA,2013,Rabi,Potato,29725,479024,16.11518923
West Bengal,BANKURA,2013,Rabi,Rapeseed &Mustard,11263,8739,0.775903401
West Bengal,BANKURA,2013,Rabi,Wheat,3460,6954,2.00982659
West Bengal,BANKURA,2013,Summer,Groundnut,219,474,2.164383562
West Bengal,BANKURA,2013,Summer,Maize,61,171,2.803278689
West Bengal,BANKURA,2013,Summer,Moong(Green Gram),65,21,0.323076923
West Bengal,BANKURA,2013,Summer,Rice,40009,120562,3.013371991
West Bengal,BANKURA,2013,Summer,Sesamum,18242,14468,0.79311479
West Bengal,BANKURA,2013,Whole Year,Sugarcane,1,125,125
West Bengal,BANKURA,2013,Winter,Rice,317884,874486,2.750959469
West Bengal,BANKURA,2014,Autumn,Groundnut,265,249,0.939622642
West Bengal,BANKURA,2014,Autumn,Maize,60,121,2.016666667
West Bengal,BANKURA,2014,Autumn,Rice,21698,68762,3.169047839
West Bengal,BANKURA,2014,Autumn,Sesamum,169,185,1.094674556
West Bengal,BANKURA,2014,Autumn,Small millets,153,106,0.692810458
West Bengal,BANKURA,2014,Kharif,Jute,290,6018,20.75172414
West Bengal,BANKURA,2014,Kharif,Sannhamp,109,456,4.183486239
West Bengal,BANKURA,2014,Kharif,Sunflower,511,814,1.59295499
West Bengal,BANKURA,2014,Kharif,Urad,5,1,0.2
West Bengal,BANKURA,2014,Rabi,Gram,26,36,1.384615385
West Bengal,BANKURA,2014,Rabi,Groundnut,88,149,1.693181818
West Bengal,BANKURA,2014,Rabi,Horse-gram,24,11,0.458333333
West Bengal,BANKURA,2014,Rabi,Linseed,163,40,0.245398773
West Bengal,BANKURA,2014,Rabi,Maize,78,225,2.884615385
West Bengal,BANKURA,2014,Rabi,Masoor,171,179,1.046783626
West Bengal,BANKURA,2014,Rabi,Peas & beans (Pulses),60,73,1.216666667
West Bengal,BANKURA,2014,Rabi,Potato,30592,1140544,37.28242678
West Bengal,BANKURA,2014,Rabi,Rapeseed &Mustard,11795,9279,0.786689275
West Bengal,BANKURA,2014,Rabi,Wheat,3554,9463,2.662633652
West Bengal,BANKURA,2014,Summer,Groundnut,324,791,2.441358025
West Bengal,BANKURA,2014,Summer,Maize,148,474,3.202702703
West Bengal,BANKURA,2014,Summer,Moong(Green Gram),62,46,0.741935484
West Bengal,BANKURA,2014,Summer,Rice,40185,120678,3.003060844
West Bengal,BANKURA,2014,Summer,Sesamum,20249,17276,0.853177935
West Bengal,BANKURA,2014,Whole Year,Sugarcane,5,393,78.6
West Bengal,BANKURA,2014,Winter,Rice,294204,794716,2.701241316
West Bengal,BANKURA,2014,Winter,Sesamum,99,50,0.505050505
West Bengal,BARDHAMAN,1997,Autumn,Rice,34675,91590,2.641384283
West Bengal,BARDHAMAN,1997,Kharif,Horse-gram,5,2,0.4
West Bengal,BARDHAMAN,1997,Kharif,Jute,16535,290290,17.55609314
West Bengal,BARDHAMAN,1997,Kharif,Mesta,314,2790,8.885350318
West Bengal,BARDHAMAN,1997,Kharif,Moong(Green Gram),35,24,0.685714286
West Bengal,BARDHAMAN,1997,Kharif,Other Kharif pulses,10,8,0.8
West Bengal,BARDHAMAN,1997,Kharif,Soyabean,65,51,0.784615385
West Bengal,BARDHAMAN,1997,Kharif,Urad,1220,730,0.598360656
West Bengal,BARDHAMAN,1997,Rabi,Gram,1069,500,0.467726848
West Bengal,BARDHAMAN,1997,Rabi,Khesari,934,1280,1.370449679
West Bengal,BARDHAMAN,1997,Rabi,Masoor,1296,740,0.570987654
West Bengal,BARDHAMAN,1997,Rabi,Moong(Green Gram),63,36,0.571428571
West Bengal,BARDHAMAN,1997,Rabi,Oilseeds total,3989200,2899500,0.726837461
West Bengal,BARDHAMAN,1997,Rabi,Urad,80,46,0.575
West Bengal,BARDHAMAN,1997,Rabi,Wheat,4041,7870,1.947537738
West Bengal,BARDHAMAN,1997,Summer,Moong(Green Gram),1496,54,0.036096257
West Bengal,BARDHAMAN,1997,Summer,Rice,201048,691690,3.440422188
West Bengal,BARDHAMAN,1997,Whole Year,Arecanut,102,295,2.892156863
West Bengal,BARDHAMAN,1997,Whole Year,Arhar/Tur,652,340,0.521472393
West Bengal,BARDHAMAN,1997,Whole Year,Barley,516,510,0.988372093
West Bengal,BARDHAMAN,1997,Whole Year,Coconut,1935,26993,13.9498708
West Bengal,BARDHAMAN,1997,Whole Year,Dry chillies,1931,2288,1.184878301
West Bengal,BARDHAMAN,1997,Whole Year,Groundnut,1470,2379,1.618367347
West Bengal,BARDHAMAN,1997,Whole Year,Jowar,7,3,0.428571429
West Bengal,BARDHAMAN,1997,Whole Year,Linseed,322,50,0.155279503
West Bengal,BARDHAMAN,1997,Whole Year,Maize,683,520,0.761346999
West Bengal,BARDHAMAN,1997,Whole Year,Potato,40940,909752,22.22159257
West Bengal,BARDHAMAN,1997,Whole Year,Pulses total,754700,478700,0.634291772
West Bengal,BARDHAMAN,1997,Whole Year,Rapeseed &Mustard,26483,19660,0.742363025
West Bengal,BARDHAMAN,1997,Whole Year,Safflower,1900,600,0.315789474
West Bengal,BARDHAMAN,1997,Whole Year,Sannhamp,130,706,5.430769231
West Bengal,BARDHAMAN,1997,Whole Year,Sesamum,11598,6900,0.59493016
West Bengal,BARDHAMAN,1997,Whole Year,Sugarcane,1181,71760,60.76206605
West Bengal,BARDHAMAN,1997,Whole Year,Turmeric,175,283,1.617142857
West Bengal,BARDHAMAN,1997,Winter,Rice,417834,1146060,2.742859605
West Bengal,BARDHAMAN,1998,Autumn,Rice,34681,101480,2.926097863
West Bengal,BARDHAMAN,1998,Kharif,Arhar/Tur,557,380,0.682226212
West Bengal,BARDHAMAN,1998,Kharif,Dry ginger,48,63,1.3125
West Bengal,BARDHAMAN,1998,Kharif,Jute,15854,233780,14.74580547
West Bengal,BARDHAMAN,1998,Kharif,Maize,685,790,1.153284672
West Bengal,BARDHAMAN,1998,Kharif,Mesta,417,3380,8.105515588
West Bengal,BARDHAMAN,1998,Kharif,Moong(Green Gram),40,30,0.75
West Bengal,BARDHAMAN,1998,Kharif,Other Kharif pulses,14,10,0.714285714
West Bengal,BARDHAMAN,1998,Kharif,Soyabean,45,31,0.688888889
West Bengal,BARDHAMAN,1998,Kharif,Urad,1567,320,0.20421187
West Bengal,BARDHAMAN,1998,Rabi,Barley,173,200,1.156069364
West Bengal,BARDHAMAN,1998,Rabi,Gram,1225,820,0.669387755
West Bengal,BARDHAMAN,1998,Rabi,Horse-gram,6,3,0.5
West Bengal,BARDHAMAN,1998,Rabi,Khesari,509,480,0.94302554
West Bengal,BARDHAMAN,1998,Rabi,Linseed,237,100,0.421940928
West Bengal,BARDHAMAN,1998,Rabi,Masoor,773,750,0.970245796
West Bengal,BARDHAMAN,1998,Rabi,Moong(Green Gram),25,14,0.56
West Bengal,BARDHAMAN,1998,Rabi,Peas & beans (Pulses),684,480,0.701754386
West Bengal,BARDHAMAN,1998,Rabi,Rapeseed &Mustard,26269,20240,0.770489931
West Bengal,BARDHAMAN,1998,Rabi,Safflower,16,5,0.3125
West Bengal,BARDHAMAN,1998,Rabi,Urad,80,44,0.55
West Bengal,BARDHAMAN,1998,Rabi,Wheat,2726,5820,2.134996332
West Bengal,BARDHAMAN,1998,Summer,Moong(Green Gram),1492,490,0.328418231
West Bengal,BARDHAMAN,1998,Summer,Rice,249525,882289,3.535874161
West Bengal,BARDHAMAN,1998,Whole Year,Arecanut,106,313,2.952830189
West Bengal,BARDHAMAN,1998,Whole Year,Coconut,1940,27645,14.25
West Bengal,BARDHAMAN,1998,Whole Year,Dry chillies,1671,1886,1.12866547
West Bengal,BARDHAMAN,1998,Whole Year,Groundnut,1020,1567,1.53627451
West Bengal,BARDHAMAN,1998,Whole Year,Potato,40091,917831,22.89369185
West Bengal,BARDHAMAN,1998,Whole Year,Sannhamp,122,672,5.508196721
West Bengal,BARDHAMAN,1998,Whole Year,Sesamum,7427,7880,1.060993672
West Bengal,BARDHAMAN,1998,Whole Year,Sugarcane,1116,72710,65.15232975
West Bengal,BARDHAMAN,1998,Whole Year,Turmeric,173,166,0.959537572
West Bengal,BARDHAMAN,1998,Winter,Rice,416509,1161520,2.788703245
West Bengal,BARDHAMAN,1999,Autumn,Dry chillies,490,389,0.793877551
West Bengal,BARDHAMAN,1999,Autumn,Rice,35163,84840,2.412763416
West Bengal,BARDHAMAN,1999,Autumn,Sannhamp,108,594,5.5
West Bengal,BARDHAMAN,1999,Kharif,Arhar/Tur,127,78,0.614173228
West Bengal,BARDHAMAN,1999,Kharif,Dry ginger,123,161,1.308943089
West Bengal,BARDHAMAN,1999,Kharif,Groundnut,108,162,1.5
West Bengal,BARDHAMAN,1999,Kharif,Jute,15022,242450,16.13966183
West Bengal,BARDHAMAN,1999,Kharif,Maize,439,680,1.548974943
West Bengal,BARDHAMAN,1999,Kharif,Mesta,316,3060,9.683544304
West Bengal,BARDHAMAN,1999,Kharif,Moong(Green Gram),8,6,0.75
West Bengal,BARDHAMAN,1999,Kharif,Soyabean,25,17,0.68
West Bengal,BARDHAMAN,1999,Kharif,Urad,2249,1243,0.552690084
West Bengal,BARDHAMAN,1999,Rabi,Dry chillies,1263,1581,1.251781473
West Bengal,BARDHAMAN,1999,Rabi,Gram,1058,884,0.835538752
West Bengal,BARDHAMAN,1999,Rabi,Groundnut,962,1472,1.53014553
West Bengal,BARDHAMAN,1999,Rabi,Horse-gram,11,5,0.454545455
West Bengal,BARDHAMAN,1999,Rabi,Khesari,357,415,1.162464986
West Bengal,BARDHAMAN,1999,Rabi,Linseed,186,48,0.258064516
West Bengal,BARDHAMAN,1999,Rabi,Masoor,1023,839,0.820136852
West Bengal,BARDHAMAN,1999,Rabi,Moong(Green Gram),20,12,0.6
West Bengal,BARDHAMAN,1999,Rabi,Peas & beans (Pulses),118,110,0.93220339
West Bengal,BARDHAMAN,1999,Rabi,Rapeseed &Mustard,34280,30527,0.890519253
West Bengal,BARDHAMAN,1999,Rabi,Safflower,20,6,0.3
West Bengal,BARDHAMAN,1999,Rabi,Sannhamp,10,46,4.6
West Bengal,BARDHAMAN,1999,Rabi,Urad,15,9,0.6
West Bengal,BARDHAMAN,1999,Rabi,Wheat,2318,5209,2.247195858
West Bengal,BARDHAMAN,1999,Summer,Groundnut,421,627,1.489311164
West Bengal,BARDHAMAN,1999,Summer,Moong(Green Gram),537,440,0.819366853
West Bengal,BARDHAMAN,1999,Summer,Rice,228995,773640,3.378414376
West Bengal,BARDHAMAN,1999,Summer,Sesamum,5163,3100,0.600426109
West Bengal,BARDHAMAN,1999,Whole Year,Arecanut,108,320,2.962962963
West Bengal,BARDHAMAN,1999,Whole Year,Coconut,1945,28202.5,14.5
West Bengal,BARDHAMAN,1999,Whole Year,Sugarcane,923,59976,64.97941495
West Bengal,BARDHAMAN,1999,Whole Year,Turmeric,201,211,1.049751244
West Bengal,BARDHAMAN,1999,Winter,Potato,45192,1242083,27.48457692
West Bengal,BARDHAMAN,1999,Winter,Rice,414208,1000580,2.415646245
West Bengal,BARDHAMAN,2000,Autumn,Rice,18791,34070,1.813102017
West Bengal,BARDHAMAN,2000,Kharif,Arhar/Tur,628,420,0.668789809
West Bengal,BARDHAMAN,2000,Kharif,Bajra,95,113,1.189473684
West Bengal,BARDHAMAN,2000,Kharif,Dry ginger,113,164,1.451327434
West Bengal,BARDHAMAN,2000,Kharif,Groundnut,181,262,1.447513812
West Bengal,BARDHAMAN,2000,Kharif,Jute,10506,190410,18.12392918
West Bengal,BARDHAMAN,2000,Kharif,Maize,50,90,1.8
West Bengal,BARDHAMAN,2000,Kharif,Mesta,126,720,5.714285714
West Bengal,BARDHAMAN,2000,Kharif,Moong(Green Gram),6,4,0.666666667
West Bengal,BARDHAMAN,2000,Kharif,Other Kharif pulses,14,10,0.714285714
West Bengal,BARDHAMAN,2000,Kharif,Soyabean,15,10,0.666666667
West Bengal,BARDHAMAN,2000,Kharif,Urad,303,120,0.396039604
West Bengal,BARDHAMAN,2000,Rabi,Gram,1360,1690,1.242647059
West Bengal,BARDHAMAN,2000,Rabi,Groundnut,1004,1496,1.490039841
West Bengal,BARDHAMAN,2000,Rabi,Horse-gram,13,6,0.461538462
West Bengal,BARDHAMAN,2000,Rabi,Khesari,876,1060,1.210045662
West Bengal,BARDHAMAN,2000,Rabi,Linseed,171,30,0.175438596
West Bengal,BARDHAMAN,2000,Rabi,Masoor,1469,2060,1.4023145
West Bengal,BARDHAMAN,2000,Rabi,Moong(Green Gram),20,11,0.55
West Bengal,BARDHAMAN,2000,Rabi,Peas & beans (Pulses),118,100,0.847457627
West Bengal,BARDHAMAN,2000,Rabi,Rapeseed &Mustard,49270,51920,1.053785265
West Bengal,BARDHAMAN,2000,Rabi,Safflower,18,6,0.333333333
West Bengal,BARDHAMAN,2000,Rabi,Urad,13,7,0.538461538
West Bengal,BARDHAMAN,2000,Rabi,Wheat,6310,15280,2.42155309
West Bengal,BARDHAMAN,2000,Summer,Groundnut,357,523,1.464985994
West Bengal,BARDHAMAN,2000,Summer,Moong(Green Gram),532,459,0.862781955
West Bengal,BARDHAMAN,2000,Summer,Rice,219769,839305,3.819032712
West Bengal,BARDHAMAN,2000,Whole Year,Arecanut,108,313,2.898148148
West Bengal,BARDHAMAN,2000,Whole Year,Coconut,1952,28460.2,14.58002049
West Bengal,BARDHAMAN,2000,Whole Year,Dry chillies,2236,2504,1.119856887
West Bengal,BARDHAMAN,2000,Whole Year,Potato,42147,1114960,26.4540774
West Bengal,BARDHAMAN,2000,Whole Year,Sannhamp,112,638,5.696428571
West Bengal,BARDHAMAN,2000,Whole Year,Sesamum,5199,4126,0.793614157
West Bengal,BARDHAMAN,2000,Whole Year,Sugarcane,373,23570,63.19034853
West Bengal,BARDHAMAN,2000,Whole Year,Turmeric,174,170,0.977011494
West Bengal,BARDHAMAN,2000,Winter,Rice,344094,698020,2.028573587
West Bengal,BARDHAMAN,2001,Autumn,Rice,21097,55797,2.644783619
West Bengal,BARDHAMAN,2001,Kharif,Arhar/Tur,327,154,0.470948012
West Bengal,BARDHAMAN,2001,Kharif,Bajra,95,113,1.189473684
West Bengal,BARDHAMAN,2001,Kharif,Dry ginger,156,356,2.282051282
West Bengal,BARDHAMAN,2001,Kharif,Groundnut,58,73,1.25862069
West Bengal,BARDHAMAN,2001,Kharif,Jute,18746,400934,21.38770938
West Bengal,BARDHAMAN,2001,Kharif,Maize,6,11,1.833333333
West Bengal,BARDHAMAN,2001,Kharif,Moong(Green Gram),4,3,0.75
West Bengal,BARDHAMAN,2001,Kharif,Other Kharif pulses,10,7,0.7
West Bengal,BARDHAMAN,2001,Kharif,Soyabean,10,6,0.6
West Bengal,BARDHAMAN,2001,Kharif,Urad,1051,1227,1.167459562
West Bengal,BARDHAMAN,2001,Rabi,Barley,72,86,1.194444444
West Bengal,BARDHAMAN,2001,Rabi,Gram,951,538,0.565720294
West Bengal,BARDHAMAN,2001,Rabi,Groundnut,1691,2665,1.575990538
West Bengal,BARDHAMAN,2001,Rabi,Horse-gram,16,9,0.5625
West Bengal,BARDHAMAN,2001,Rabi,Khesari,650,346,0.532307692
West Bengal,BARDHAMAN,2001,Rabi,Linseed,9,4,0.444444444
West Bengal,BARDHAMAN,2001,Rabi,Masoor,1133,667,0.58870256
West Bengal,BARDHAMAN,2001,Rabi,Peas & beans (Pulses),36,34,0.944444444
West Bengal,BARDHAMAN,2001,Rabi,Rapeseed &Mustard,50273,37606,0.748035725
West Bengal,BARDHAMAN,2001,Rabi,Safflower,27,13,0.481481481
West Bengal,BARDHAMAN,2001,Rabi,Urad,10,6,0.6
West Bengal,BARDHAMAN,2001,Rabi,Wheat,4865,11505,2.364850976
West Bengal,BARDHAMAN,2001,Summer,Groundnut,301,421,1.398671096
West Bengal,BARDHAMAN,2001,Summer,Moong(Green Gram),643,540,0.839813375
West Bengal,BARDHAMAN,2001,Summer,Rice,218525,719603,3.293000801
West Bengal,BARDHAMAN,2001,Whole Year,Arecanut,115,332,2.886956522
West Bengal,BARDHAMAN,2001,Whole Year,Coconut,1960,28616,14.6
West Bengal,BARDHAMAN,2001,Whole Year,Dry chillies,2067,2193,1.06095791
West Bengal,BARDHAMAN,2001,Whole Year,Potato,40622,1217286,29.96617596
West Bengal,BARDHAMAN,2001,Whole Year,Sannhamp,95,732,7.705263158
West Bengal,BARDHAMAN,2001,Whole Year,Sesamum,5495,3723,0.677525023
West Bengal,BARDHAMAN,2001,Whole Year,Sugarcane,762,50404,66.14698163
West Bengal,BARDHAMAN,2001,Whole Year,Turmeric,163,162,0.993865031
West Bengal,BARDHAMAN,2001,Winter,Rice,420467,1155222,2.747473642
West Bengal,BARDHAMAN,2002,Autumn,Dry chillies,732,640,0.87431694
West Bengal,BARDHAMAN,2002,Autumn,Rice,26341,76201,2.892866634
West Bengal,BARDHAMAN,2002,Kharif,Arhar/Tur,115,178,1.547826087
West Bengal,BARDHAMAN,2002,Kharif,Bajra,95,113,1.189473684
West Bengal,BARDHAMAN,2002,Kharif,Dry ginger,126,233,1.849206349
West Bengal,BARDHAMAN,2002,Kharif,Groundnut,49,62,1.265306122
West Bengal,BARDHAMAN,2002,Kharif,Jute,17756,326338,18.37902681
West Bengal,BARDHAMAN,2002,Kharif,Maize,37,62,1.675675676
West Bengal,BARDHAMAN,2002,Kharif,Mesta,33,411,12.45454545
West Bengal,BARDHAMAN,2002,Kharif,Moong(Green Gram),26,18,0.692307692
West Bengal,BARDHAMAN,2002,Kharif,Soyabean,10,8,0.8
West Bengal,BARDHAMAN,2002,Kharif,Sunflower,75,79,1.053333333
West Bengal,BARDHAMAN,2002,Kharif,Urad,252,203,0.805555556
West Bengal,BARDHAMAN,2002,Rabi,Dry chillies,1614,1985,1.229863693
West Bengal,BARDHAMAN,2002,Rabi,Gram,743,603,0.811574697
West Bengal,BARDHAMAN,2002,Rabi,Groundnut,1414,2428,1.717114569
West Bengal,BARDHAMAN,2002,Rabi,Horse-gram,20,12,0.6
West Bengal,BARDHAMAN,2002,Rabi,Khesari,388,344,0.886597938
West Bengal,BARDHAMAN,2002,Rabi,Linseed,2,,
West Bengal,BARDHAMAN,2002,Rabi,Masoor,904,964,1.066371681
West Bengal,BARDHAMAN,2002,Rabi,Moong(Green Gram),9,5,0.555555556
West Bengal,BARDHAMAN,2002,Rabi,Peas & beans (Pulses),90,70,0.777777778
West Bengal,BARDHAMAN,2002,Rabi,Rapeseed &Mustard,42206,36224,0.858266597
West Bengal,BARDHAMAN,2002,Rabi,Safflower,31,16,0.516129032
West Bengal,BARDHAMAN,2002,Rabi,Urad,17,10,0.588235294
West Bengal,BARDHAMAN,2002,Rabi,Wheat,4915,11110,2.260427263
West Bengal,BARDHAMAN,2002,Summer,Groundnut,223,320,1.434977578
West Bengal,BARDHAMAN,2002,Summer,Moong(Green Gram),9,13,1.444444444
West Bengal,BARDHAMAN,2002,Summer,Rice,216157,650283,3.008382796
West Bengal,BARDHAMAN,2002,Summer,Sesamum,4501,3856,0.856698511
West Bengal,BARDHAMAN,2002,Whole Year,Arecanut,120,360,3
West Bengal,BARDHAMAN,2002,Whole Year,Coconut,2125,36125,17
West Bengal,BARDHAMAN,2002,Whole Year,Sannhamp,104,749,7.201923077
West Bengal,BARDHAMAN,2002,Whole Year,Sugarcane,705,46733,66.28794326
West Bengal,BARDHAMAN,2002,Whole Year,Turmeric,215,258,1.2
West Bengal,BARDHAMAN,2002,Winter,Potato,51290,1423077,27.74570092
West Bengal,BARDHAMAN,2002,Winter,Rice,404986,1204889,2.975137412
West Bengal,BARDHAMAN,2003,Autumn,Rice,18420,51773,2.810694897
West Bengal,BARDHAMAN,2003,Kharif,Arhar/Tur,221,224,1.013574661
West Bengal,BARDHAMAN,2003,Kharif,Bajra,95,113,1.189473684
West Bengal,BARDHAMAN,2003,Kharif,Dry ginger,143,254,1.776223776
West Bengal,BARDHAMAN,2003,Kharif,Groundnut,47,60,1.276595745
West Bengal,BARDHAMAN,2003,Kharif,Jute,11750,215084,18.30502128
West Bengal,BARDHAMAN,2003,Kharif,Maize,202,374,1.851485149
West Bengal,BARDHAMAN,2003,Kharif,Mesta,9,132,14.66666667
West Bengal,BARDHAMAN,2003,Kharif,Moong(Green Gram),15,10,0.666666667
West Bengal,BARDHAMAN,2003,Kharif,Soyabean,10,8,0.8
West Bengal,BARDHAMAN,2003,Kharif,Sunflower,147,122,0.829931973
West Bengal,BARDHAMAN,2003,Kharif,Urad,70,33,0.471428571
West Bengal,BARDHAMAN,2003,Rabi,Gram,978,643,0.657464213
West Bengal,BARDHAMAN,2003,Rabi,Groundnut,1417,3259,2.299929428
West Bengal,BARDHAMAN,2003,Rabi,Horse-gram,19,11,0.578947368
West Bengal,BARDHAMAN,2003,Rabi,Khesari,521,454,0.871401152
West Bengal,BARDHAMAN,2003,Rabi,Linseed,3,1,0.333333333
West Bengal,BARDHAMAN,2003,Rabi,Masoor,1206,810,0.671641791
West Bengal,BARDHAMAN,2003,Rabi,Moong(Green Gram),5,3,0.6
West Bengal,BARDHAMAN,2003,Rabi,Peas & beans (Pulses),106,121,1.141509434
West Bengal,BARDHAMAN,2003,Rabi,Rapeseed &Mustard,46452,41867,0.901295961
West Bengal,BARDHAMAN,2003,Rabi,Safflower,23,16,0.695652174
West Bengal,BARDHAMAN,2003,Rabi,Urad,16,10,0.625
West Bengal,BARDHAMAN,2003,Rabi,Wheat,5196,12716,2.447267129
West Bengal,BARDHAMAN,2003,Summer,Groundnut,303,382,1.260726073
West Bengal,BARDHAMAN,2003,Summer,Moong(Green Gram),87,47,0.540229885
West Bengal,BARDHAMAN,2003,Summer,Rice,215469,699200,3.245014364
West Bengal,BARDHAMAN,2003,Whole Year,Arecanut,130,329,2.530769231
West Bengal,BARDHAMAN,2003,Whole Year,Coconut,1657,31814.4,19.2
West Bengal,BARDHAMAN,2003,Whole Year,Dry chillies,2520,3349,1.328968254
West Bengal,BARDHAMAN,2003,Whole Year,Potato,45513,1235003,27.13517017
West Bengal,BARDHAMAN,2003,Whole Year,Sannhamp,100,676,6.76
West Bengal,BARDHAMAN,2003,Whole Year,Sesamum,11481,9722,0.846790349
West Bengal,BARDHAMAN,2003,Whole Year,Sugarcane,709,48627,68.58533145
West Bengal,BARDHAMAN,2003,Whole Year,Turmeric,227,419,1.845814978
West Bengal,BARDHAMAN,2003,Winter,Rice,421645,1257087,2.981387186
West Bengal,BARDHAMAN,2004,Autumn,Rice,17119,52128,3.045037677
West Bengal,BARDHAMAN,2004,Kharif,Dry ginger,128,226,1.765625
West Bengal,BARDHAMAN,2004,Kharif,Jute,12459,222721,17.87631431
West Bengal,BARDHAMAN,2004,Kharif,Maize,147,254,1.727891156
West Bengal,BARDHAMAN,2004,Kharif,Mesta,88,46,0.522727273
West Bengal,BARDHAMAN,2004,Kharif,Soyabean,3,2,0.666666667
West Bengal,BARDHAMAN,2004,Kharif,Sunflower,59,63,1.06779661
West Bengal,BARDHAMAN,2004,Kharif,Urad,111,155,1.396396396
West Bengal,BARDHAMAN,2004,Rabi,Gram,170,90,0.529411765
West Bengal,BARDHAMAN,2004,Rabi,Horse-gram,63,43,0.682539683
West Bengal,BARDHAMAN,2004,Rabi,Khesari,116,145,1.25
West Bengal,BARDHAMAN,2004,Rabi,Linseed,46,13,0.282608696
West Bengal,BARDHAMAN,2004,Rabi,Masoor,1041,863,0.829010567
West Bengal,BARDHAMAN,2004,Rabi,Peas & beans (Pulses),2,2,1
West Bengal,BARDHAMAN,2004,Rabi,Rapeseed &Mustard,46468,31031,0.66779289
West Bengal,BARDHAMAN,2004,Rabi,Safflower,20,13,0.65
West Bengal,BARDHAMAN,2004,Rabi,Urad,10,6,0.6
West Bengal,BARDHAMAN,2004,Rabi,Wheat,4922,10115,2.055058919
West Bengal,BARDHAMAN,2004,Summer,Moong(Green Gram),11,4,0.363636364
West Bengal,BARDHAMAN,2004,Summer,Rice,200398,609379,3.040843721
West Bengal,BARDHAMAN,2004,Whole Year,Coconut,1270,20510.5,16.15
West Bengal,BARDHAMAN,2004,Whole Year,Dry chillies,2375,3254,1.370105263
West Bengal,BARDHAMAN,2004,Whole Year,Groundnut,1810,3619,1.999447514
West Bengal,BARDHAMAN,2004,Whole Year,Potato,42413,1132542,26.70270908
West Bengal,BARDHAMAN,2004,Whole Year,Sannhamp,103,734,7.126213592
West Bengal,BARDHAMAN,2004,Whole Year,Sesamum,7748,6042,0.779814146
West Bengal,BARDHAMAN,2004,Whole Year,Sugarcane,740,39469,53.33648649
West Bengal,BARDHAMAN,2004,Whole Year,Turmeric,230,463,2.013043478
West Bengal,BARDHAMAN,2004,Winter,Rice,416657,1231421,2.955478967
West Bengal,BARDHAMAN,2005,Autumn,Rice,14641,44609,3.046854723
West Bengal,BARDHAMAN,2005,Kharif,Cotton(lint),10,26,2.6
West Bengal,BARDHAMAN,2005,Kharif,Dry ginger,148,279,1.885135135
West Bengal,BARDHAMAN,2005,Kharif,Jute,15368,282366,18.37363352
West Bengal,BARDHAMAN,2005,Kharif,Maize,282,523,1.854609929
West Bengal,BARDHAMAN,2005,Kharif,Mesta,1,10,10
West Bengal,BARDHAMAN,2005,Kharif,Moong(Green Gram),80,54,0.675
West Bengal,BARDHAMAN,2005,Kharif,Soyabean,18,13,0.722222222
West Bengal,BARDHAMAN,2005,Kharif,Sunflower,135,249,1.844444444
West Bengal,BARDHAMAN,2005,Kharif,Urad,157,154,0.98089172
West Bengal,BARDHAMAN,2005,Rabi,Arhar/Tur,24,19,0.791666667
West Bengal,BARDHAMAN,2005,Rabi,Gram,84,59,0.702380952
West Bengal,BARDHAMAN,2005,Rabi,Horse-gram,37,19,0.513513514
West Bengal,BARDHAMAN,2005,Rabi,Khesari,213,196,0.920187793
West Bengal,BARDHAMAN,2005,Rabi,Linseed,4,1,0.25
West Bengal,BARDHAMAN,2005,Rabi,Masoor,654,614,0.93883792
West Bengal,BARDHAMAN,2005,Rabi,Peas & beans (Pulses),15,3,0.2
West Bengal,BARDHAMAN,2005,Rabi,Rapeseed &Mustard,29182,27536,0.943595367
West Bengal,BARDHAMAN,2005,Rabi,Safflower,19,13,0.684210526
West Bengal,BARDHAMAN,2005,Rabi,Urad,7,4,0.571428571
West Bengal,BARDHAMAN,2005,Rabi,Wheat,2204,4846,2.198729583
West Bengal,BARDHAMAN,2005,Summer,Moong(Green Gram),1,,
West Bengal,BARDHAMAN,2005,Summer,Rice,207192,558393,2.695050967
West Bengal,BARDHAMAN,2005,Whole Year,Arecanut,126,357,2.833333333
West Bengal,BARDHAMAN,2005,Whole Year,Coconut,1270,19018,14.97480315
West Bengal,BARDHAMAN,2005,Whole Year,Dry chillies,2583,3651,1.413472706
West Bengal,BARDHAMAN,2005,Whole Year,Groundnut,1852,3765,2.032937365
West Bengal,BARDHAMAN,2005,Whole Year,Potato,43351,921168,21.24906
West Bengal,BARDHAMAN,2005,Whole Year,Sannhamp,48,359,7.479166667
West Bengal,BARDHAMAN,2005,Whole Year,Sesamum,10859,10549,0.971452252
West Bengal,BARDHAMAN,2005,Whole Year,Sugarcane,462,32611,70.58658009
West Bengal,BARDHAMAN,2005,Whole Year,Turmeric,225,481,2.137777778
West Bengal,BARDHAMAN,2005,Winter,Rice,417180,1365492,3.273148281
West Bengal,BARDHAMAN,2006,Autumn,Rice,13530,43731,3.232150776
West Bengal,BARDHAMAN,2006,Kharif,Cotton(lint),250,750,3
West Bengal,BARDHAMAN,2006,Kharif,Dry ginger,176,326,1.852272727
West Bengal,BARDHAMAN,2006,Kharif,Jute,13800,229588,16.63681159
West Bengal,BARDHAMAN,2006,Kharif,Maize,308,787,2.555194805
West Bengal,BARDHAMAN,2006,Kharif,Mesta,5,51,10.2
West Bengal,BARDHAMAN,2006,Kharif,Moong(Green Gram),40,20,0.5
West Bengal,BARDHAMAN,2006,Kharif,Other Kharif pulses,35,16,0.457142857
West Bengal,BARDHAMAN,2006,Kharif,Soyabean,11,9,0.818181818
West Bengal,BARDHAMAN,2006,Kharif,Sunflower,22,33,1.5
West Bengal,BARDHAMAN,2006,Kharif,Urad,91,71,0.78021978
West Bengal,BARDHAMAN,2006,Rabi,Gram,350,221,0.631428571
West Bengal,BARDHAMAN,2006,Rabi,Horse-gram,35,21,0.6
West Bengal,BARDHAMAN,2006,Rabi,Khesari,568,241,0.424295775
West Bengal,BARDHAMAN,2006,Rabi,Linseed,2,,
West Bengal,BARDHAMAN,2006,Rabi,Masoor,2110,640,0.303317536
West Bengal,BARDHAMAN,2006,Rabi,Peas & beans (Pulses),161,99,0.614906832
West Bengal,BARDHAMAN,2006,Rabi,Rapeseed &Mustard,28933,21334,0.737358725
West Bengal,BARDHAMAN,2006,Rabi,Safflower,14,9,0.642857143
West Bengal,BARDHAMAN,2006,Rabi,Urad,6,5,0.833333333
West Bengal,BARDHAMAN,2006,Rabi,Wheat,2560,5832,2.278125
West Bengal,BARDHAMAN,2006,Summer,Moong(Green Gram),21,14,0.666666667
West Bengal,BARDHAMAN,2006,Summer,Rice,209769,721948,3.441633416
West Bengal,BARDHAMAN,2006,Whole Year,Arecanut,146,383,2.623287671
West Bengal,BARDHAMAN,2006,Whole Year,Coconut,1173,14842000,12653.02643
West Bengal,BARDHAMAN,2006,Whole Year,Dry chillies,2472,3551,1.436488673
West Bengal,BARDHAMAN,2006,Whole Year,Groundnut,2040,3885,1.904411765
West Bengal,BARDHAMAN,2006,Whole Year,Potato,59443,845521,14.22406339
West Bengal,BARDHAMAN,2006,Whole Year,Sannhamp,47,334,7.106382979
West Bengal,BARDHAMAN,2006,Whole Year,Sesamum,25459,21420,0.841352763
West Bengal,BARDHAMAN,2006,Whole Year,Sugarcane,2820,227325,80.61170213
West Bengal,BARDHAMAN,2006,Whole Year,Turmeric,298,671,2.251677852
West Bengal,BARDHAMAN,2006,Winter,Rice,419514,1201310,2.863575471
West Bengal,BARDHAMAN,2007,Autumn,Rice,17567,51880,2.953264644
West Bengal,BARDHAMAN,2007,Autumn,Sesamum,21,12,0.571428571
West Bengal,BARDHAMAN,2007,Kharif,Cotton(lint),950,1108,1.166315789
West Bengal,BARDHAMAN,2007,Kharif,Dry ginger,181,346,1.91160221
West Bengal,BARDHAMAN,2007,Kharif,Garlic,50,580,11.6
West Bengal,BARDHAMAN,2007,Kharif,Groundnut,135,162,1.2
West Bengal,BARDHAMAN,2007,Kharif,Jute,11074,157180,14.19360665
West Bengal,BARDHAMAN,2007,Kharif,Moong(Green Gram),35,16,0.457142857
West Bengal,BARDHAMAN,2007,Kharif,Other Kharif pulses,33,16,0.484848485
West Bengal,BARDHAMAN,2007,Kharif,Sannhamp,37,275,7.432432432
West Bengal,BARDHAMAN,2007,Kharif,Soyabean,12,11,0.916666667
West Bengal,BARDHAMAN,2007,Kharif,Sunflower,31,57,1.838709677
West Bengal,BARDHAMAN,2007,Kharif,Urad,257,231,0.898832685
West Bengal,BARDHAMAN,2007,Rabi,Arhar/Tur,22,10,0.454545455
West Bengal,BARDHAMAN,2007,Rabi,Gram,54,50,0.925925926
West Bengal,BARDHAMAN,2007,Rabi,Groundnut,1725,3693,2.140869565
West Bengal,BARDHAMAN,2007,Rabi,Horse-gram,20,12,0.6
West Bengal,BARDHAMAN,2007,Rabi,Khesari,284,60,0.211267606
West Bengal,BARDHAMAN,2007,Rabi,Linseed,19,3,0.157894737
West Bengal,BARDHAMAN,2007,Rabi,Maize,178,540,3.033707865
West Bengal,BARDHAMAN,2007,Rabi,Masoor,752,357,0.474734043
West Bengal,BARDHAMAN,2007,Rabi,Peas & beans (Pulses),22,16,0.727272727
West Bengal,BARDHAMAN,2007,Rabi,Rapeseed &Mustard,25630,21795,0.850370659
West Bengal,BARDHAMAN,2007,Rabi,Safflower,11,6,0.545454545
West Bengal,BARDHAMAN,2007,Rabi,Wheat,2216,6022,2.717509025
West Bengal,BARDHAMAN,2007,Summer,Groundnut,239,395,1.652719665
West Bengal,BARDHAMAN,2007,Summer,Maize,158,362,2.291139241
West Bengal,BARDHAMAN,2007,Summer,Moong(Green Gram),27,25,0.925925926
West Bengal,BARDHAMAN,2007,Summer,Rice,203741,679998,3.337560923
West Bengal,BARDHAMAN,2007,Summer,Sesamum,22793,16698,0.73259334
West Bengal,BARDHAMAN,2007,Whole Year,Arecanut,209,383,1.832535885
West Bengal,BARDHAMAN,2007,Whole Year,Coconut,2678,30922000,11546.67662
West Bengal,BARDHAMAN,2007,Whole Year,Dry chillies,2462,3551,1.442323314
West Bengal,BARDHAMAN,2007,Whole Year,Potato,54359,1332880,24.5199507
West Bengal,BARDHAMAN,2007,Whole Year,Sugarcane,817,56150,68.72705018
West Bengal,BARDHAMAN,2007,Whole Year,Turmeric,291,672,2.309278351
West Bengal,BARDHAMAN,2007,Winter,Rice,414468,1126762,2.718574172
West Bengal,BARDHAMAN,2008,Autumn,Rice,15358,44529,2.899400964
West Bengal,BARDHAMAN,2008,Autumn,Sesamum,5,3,0.6
West Bengal,BARDHAMAN,2008,Kharif,Cotton(lint),204,204,1
West Bengal,BARDHAMAN,2008,Kharif,Dry ginger,181,346,1.91160221
West Bengal,BARDHAMAN,2008,Kharif,Groundnut,61,76,1.245901639
West Bengal,BARDHAMAN,2008,Kharif,Jute,10832,167653,15.47756647
West Bengal,BARDHAMAN,2008,Kharif,Mesta,6,55,9.166666667
West Bengal,BARDHAMAN,2008,Kharif,Moong(Green Gram),35,19,0.542857143
West Bengal,BARDHAMAN,2008,Kharif,Other Kharif pulses,35,17,0.485714286
West Bengal,BARDHAMAN,2008,Kharif,Sannhamp,40,297,7.425
West Bengal,BARDHAMAN,2008,Kharif,Soyabean,11,10,0.909090909
West Bengal,BARDHAMAN,2008,Kharif,Sunflower,113,170,1.504424779
West Bengal,BARDHAMAN,2008,Kharif,Urad,301,235,0.780730897
West Bengal,BARDHAMAN,2008,Rabi,Gram,62,66,1.064516129
West Bengal,BARDHAMAN,2008,Rabi,Groundnut,1775,3534,1.990985915
West Bengal,BARDHAMAN,2008,Rabi,Khesari,502,130,0.258964143
West Bengal,BARDHAMAN,2008,Rabi,Linseed,225,30,0.133333333
West Bengal,BARDHAMAN,2008,Rabi,Maize,205,441,2.151219512
West Bengal,BARDHAMAN,2008,Rabi,Masoor,1717,977,0.569015725
West Bengal,BARDHAMAN,2008,Rabi,Moong(Green Gram),3,1,0.333333333
West Bengal,BARDHAMAN,2008,Rabi,Peas & beans (Pulses),80,61,0.7625
West Bengal,BARDHAMAN,2008,Rabi,Rapeseed &Mustard,27097,19885,0.733845075
West Bengal,BARDHAMAN,2008,Rabi,Wheat,2006,4667,2.326520439
West Bengal,BARDHAMAN,2008,Summer,Groundnut,339,464,1.368731563
West Bengal,BARDHAMAN,2008,Summer,Maize,275,669,2.432727273
West Bengal,BARDHAMAN,2008,Summer,Moong(Green Gram),1,1,1
West Bengal,BARDHAMAN,2008,Summer,Rice,233697,661427,2.830275956
West Bengal,BARDHAMAN,2008,Summer,Sesamum,20199,9726,0.481508986
West Bengal,BARDHAMAN,2008,Whole Year,Arecanut,209,383,1.832535885
West Bengal,BARDHAMAN,2008,Whole Year,Coconut,2683,30922,11.5251584
West Bengal,BARDHAMAN,2008,Whole Year,Dry chillies,2361,3551,1.504023719
West Bengal,BARDHAMAN,2008,Whole Year,Potato,55655,495783,8.908148414
West Bengal,BARDHAMAN,2008,Whole Year,Sugarcane,636,47193,74.20283019
West Bengal,BARDHAMAN,2008,Whole Year,Turmeric,291,672,2.309278351
West Bengal,BARDHAMAN,2008,Winter,Rice,417486,1170211,2.802994591
West Bengal,BARDHAMAN,2009,Autumn,Groundnut,86,99,1.151162791
West Bengal,BARDHAMAN,2009,Autumn,Rice,12066,35141,2.912398475
West Bengal,BARDHAMAN,2009,Kharif,Cotton(lint),48,48,1
West Bengal,BARDHAMAN,2009,Kharif,Jute,12732,219191,17.21575558
West Bengal,BARDHAMAN,2009,Kharif,Mesta,5,58,11.6
West Bengal,BARDHAMAN,2009,Kharif,Moong(Green Gram),28,15,0.535714286
West Bengal,BARDHAMAN,2009,Kharif,Other Kharif pulses,11,5,0.454545455
West Bengal,BARDHAMAN,2009,Kharif,Sannhamp,39,309,7.923076923
West Bengal,BARDHAMAN,2009,Kharif,Soyabean,22,17,0.772727273
West Bengal,BARDHAMAN,2009,Kharif,Sunflower,49,71,1.448979592
West Bengal,BARDHAMAN,2009,Kharif,Urad,26,16,0.615384615
West Bengal,BARDHAMAN,2009,Rabi,Arhar/Tur,12,3,0.25
West Bengal,BARDHAMAN,2009,Rabi,Gram,54,33,0.611111111
West Bengal,BARDHAMAN,2009,Rabi,Groundnut,20,31,1.55
West Bengal,BARDHAMAN,2009,Rabi,Khesari,185,121,0.654054054
West Bengal,BARDHAMAN,2009,Rabi,Linseed,18,4,0.222222222
West Bengal,BARDHAMAN,2009,Rabi,Maize,206,453,2.199029126
West Bengal,BARDHAMAN,2009,Rabi,Masoor,1377,998,0.72476398
West Bengal,BARDHAMAN,2009,Rabi,Moong(Green Gram),2,1,0.5
West Bengal,BARDHAMAN,2009,Rabi,Peas & beans (Pulses),197,247,1.253807107
West Bengal,BARDHAMAN,2009,Rabi,Potato,55166,2268242,41.11666606
West Bengal,BARDHAMAN,2009,Rabi,Rapeseed &Mustard,25480,24067,0.944544741
West Bengal,BARDHAMAN,2009,Rabi,Safflower,2,1,0.5
West Bengal,BARDHAMAN,2009,Rabi,Wheat,1583,3867,2.442830069
West Bengal,BARDHAMAN,2009,Summer,Groundnut,415,584,1.407228916
West Bengal,BARDHAMAN,2009,Summer,Maize,190,399,2.1
West Bengal,BARDHAMAN,2009,Summer,Moong(Green Gram),22,14,0.636363636
West Bengal,BARDHAMAN,2009,Summer,Rice,230750,744206,3.22516143
West Bengal,BARDHAMAN,2009,Summer,Sesamum,18552,13119,0.707147477
West Bengal,BARDHAMAN,2009,Whole Year,Sugarcane,1070,86488,80.82990654
West Bengal,BARDHAMAN,2009,Winter,Rice,429698,1271906,2.959999814
West Bengal,BARDHAMAN,2010,Autumn,Groundnut,60,60,1
West Bengal,BARDHAMAN,2010,Autumn,Rice,9285,26478,2.851696284
West Bengal,BARDHAMAN,2010,Kharif,Horse-gram,5,3,0.6
West Bengal,BARDHAMAN,2010,Kharif,Jute,12620,265651,21.05
West Bengal,BARDHAMAN,2010,Kharif,Mesta,162,44,0.271604938
West Bengal,BARDHAMAN,2010,Kharif,Moong(Green Gram),21,13,0.619047619
West Bengal,BARDHAMAN,2010,Kharif,Sannhamp,31,169,5.451612903
West Bengal,BARDHAMAN,2010,Kharif,Soyabean,5,4,0.8
West Bengal,BARDHAMAN,2010,Kharif,Sunflower,45,78,1.733333333
West Bengal,BARDHAMAN,2010,Kharif,Urad,139,24,0.172661871
West Bengal,BARDHAMAN,2010,Rabi,Arhar/Tur,18,16,0.888888889
West Bengal,BARDHAMAN,2010,Rabi,Gram,55,95,1.727272727
West Bengal,BARDHAMAN,2010,Rabi,Groundnut,1761,3714,2.109028961
West Bengal,BARDHAMAN,2010,Rabi,Khesari,510,664,1.301960784
West Bengal,BARDHAMAN,2010,Rabi,Linseed,3,1,0.333333333
West Bengal,BARDHAMAN,2010,Rabi,Maize,194,427,2.201030928
West Bengal,BARDHAMAN,2010,Rabi,Masoor,2114,2266,1.071901608
West Bengal,BARDHAMAN,2010,Rabi,Moong(Green Gram),4,2,0.5
West Bengal,BARDHAMAN,2010,Rabi,Peas & beans (Pulses),205,11,0.053658537
West Bengal,BARDHAMAN,2010,Rabi,Potato,53049,1997053,37.64544101
West Bengal,BARDHAMAN,2010,Rabi,Rapeseed &Mustard,20278,20091,0.990778183
West Bengal,BARDHAMAN,2010,Rabi,Safflower,5,3,0.6
West Bengal,BARDHAMAN,2010,Rabi,Wheat,1059,2322,2.192634561
West Bengal,BARDHAMAN,2010,Summer,Groundnut,426,599,1.406103286
West Bengal,BARDHAMAN,2010,Summer,Maize,181,353,1.950276243
West Bengal,BARDHAMAN,2010,Summer,Moong(Green Gram),100,69,0.69
West Bengal,BARDHAMAN,2010,Summer,Rice,189443,585863,3.092555544
West Bengal,BARDHAMAN,2010,Summer,Sesamum,16934,13032,0.769576001
West Bengal,BARDHAMAN,2010,Whole Year,Sugarcane,1193,113411,95.06370495
West Bengal,BARDHAMAN,2010,Winter,Rice,364128,1053602,2.893493497
West Bengal,BARDHAMAN,2011,Autumn,Groundnut,21,23,1.095238095
West Bengal,BARDHAMAN,2011,Autumn,Rice,10169,30638,3.012882289
West Bengal,BARDHAMAN,2011,Kharif,Horse-gram,33,18,0.545454545
West Bengal,BARDHAMAN,2011,Kharif,Jute,12771,233965,18.32002192
West Bengal,BARDHAMAN,2011,Kharif,Mesta,2,2,1
West Bengal,BARDHAMAN,2011,Kharif,Moong(Green Gram),22,12,0.545454545
West Bengal,BARDHAMAN,2011,Kharif,Sannhamp,38,194,5.105263158
West Bengal,BARDHAMAN,2011,Kharif,Soyabean,18,14,0.777777778
West Bengal,BARDHAMAN,2011,Kharif,Sunflower,53,88,1.660377358
West Bengal,BARDHAMAN,2011,Kharif,Urad,183,52,0.284153005
West Bengal,BARDHAMAN,2011,Rabi,Arhar/Tur,70,23,0.328571429
West Bengal,BARDHAMAN,2011,Rabi,Gram,80,80,1
West Bengal,BARDHAMAN,2011,Rabi,Groundnut,1748,3608,2.064073227
West Bengal,BARDHAMAN,2011,Rabi,Khesari,154,197,1.279220779
West Bengal,BARDHAMAN,2011,Rabi,Linseed,18,3,0.166666667
West Bengal,BARDHAMAN,2011,Rabi,Maize,263,592,2.25095057
West Bengal,BARDHAMAN,2011,Rabi,Masoor,1722,1332,0.773519164
West Bengal,BARDHAMAN,2011,Rabi,Moong(Green Gram),11,5,0.454545455
West Bengal,BARDHAMAN,2011,Rabi,Peas & beans (Pulses),474,646,1.362869198
West Bengal,BARDHAMAN,2011,Rabi,Potato,49022,1356664,27.67459508
West Bengal,BARDHAMAN,2011,Rabi,Rapeseed &Mustard,20283,17572,0.866341271
West Bengal,BARDHAMAN,2011,Rabi,Safflower,5,4,0.8
West Bengal,BARDHAMAN,2011,Rabi,Wheat,2720,6563,2.412867647
West Bengal,BARDHAMAN,2011,Summer,Groundnut,414,328,0.792270531
West Bengal,BARDHAMAN,2011,Summer,Maize,241,462,1.917012448
West Bengal,BARDHAMAN,2011,Summer,Moong(Green Gram),20,25,1.25
West Bengal,BARDHAMAN,2011,Summer,Rice,169333,476332,2.812989789
West Bengal,BARDHAMAN,2011,Summer,Sesamum,13736,13024,0.948165405
West Bengal,BARDHAMAN,2011,Whole Year,Sugarcane,1469,66370,45.18039483
West Bengal,BARDHAMAN,2011,Winter,Rice,413299,1242347,3.005927912
West Bengal,BARDHAMAN,2012,Autumn,Groundnut,56,61,1.089285714
West Bengal,BARDHAMAN,2012,Autumn,Rice,9293,28765,3.095340579
West Bengal,BARDHAMAN,2012,Kharif,Horse-gram,13,7,0.538461538
West Bengal,BARDHAMAN,2012,Kharif,Jute,8980,139146,15.49510022
West Bengal,BARDHAMAN,2012,Kharif,Mesta,3,37,12.33333333
West Bengal,BARDHAMAN,2012,Kharif,Moong(Green Gram),55,31,0.563636364
West Bengal,BARDHAMAN,2012,Kharif,Other Kharif pulses,20,11,0.55
West Bengal,BARDHAMAN,2012,Kharif,Sannhamp,33,168,5.090909091
West Bengal,BARDHAMAN,2012,Kharif,Soyabean,15,11,0.733333333
West Bengal,BARDHAMAN,2012,Kharif,Sunflower,134,182,1.358208955
West Bengal,BARDHAMAN,2012,Kharif,Urad,21,6,0.285714286
West Bengal,BARDHAMAN,2012,Rabi,Arhar/Tur,70,93,1.328571429
West Bengal,BARDHAMAN,2012,Rabi,Barley,6,6,1
West Bengal,BARDHAMAN,2012,Rabi,Gram,183,290,1.584699454
West Bengal,BARDHAMAN,2012,Rabi,Groundnut,1722,3701,2.149245064
West Bengal,BARDHAMAN,2012,Rabi,Khesari,4,6,1.5
West Bengal,BARDHAMAN,2012,Rabi,Linseed,2,1,0.5
West Bengal,BARDHAMAN,2012,Rabi,Maize,301,685,2.275747508
West Bengal,BARDHAMAN,2012,Rabi,Masoor,1631,1588,0.973635806
West Bengal,BARDHAMAN,2012,Rabi,Moong(Green Gram),6,3,0.5
West Bengal,BARDHAMAN,2012,Rabi,Peas & beans (Pulses),462,499,1.08008658
West Bengal,BARDHAMAN,2012,Rabi,Potato,56914,1854161,32.57829357
West Bengal,BARDHAMAN,2012,Rabi,Rapeseed &Mustard,21844,25507,1.167689068
West Bengal,BARDHAMAN,2012,Rabi,Safflower,4,3,0.75
West Bengal,BARDHAMAN,2012,Rabi,Wheat,2007,5748,2.863976084
West Bengal,BARDHAMAN,2012,Summer,Groundnut,468,569,1.215811966
West Bengal,BARDHAMAN,2012,Summer,Maize,255,481,1.88627451
West Bengal,BARDHAMAN,2012,Summer,Moong(Green Gram),3,4,1.333333333
West Bengal,BARDHAMAN,2012,Summer,Rice,163328,592495,3.627638862
West Bengal,BARDHAMAN,2012,Summer,Sesamum,11877,11955,1.006567315
West Bengal,BARDHAMAN,2012,Whole Year,Sugarcane,1527,69515,45.52390308
West Bengal,BARDHAMAN,2012,Winter,Rice,420798,1301195,3.092208138
West Bengal,BARDHAMAN,2013,Autumn,Groundnut,51,51,1
West Bengal,BARDHAMAN,2013,Autumn,Rice,9356,25163,2.689504062
West Bengal,BARDHAMAN,2013,Kharif,Horse-gram,11,6,0.545454545
West Bengal,BARDHAMAN,2013,Kharif,Jute,11536,244576,21.20110957
West Bengal,BARDHAMAN,2013,Kharif,Mesta,277,3651,13.18050542
West Bengal,BARDHAMAN,2013,Kharif,Moong(Green Gram),55,31,0.563636364
West Bengal,BARDHAMAN,2013,Kharif,Other Kharif pulses,15,8,0.533333333
West Bengal,BARDHAMAN,2013,Kharif,Sannhamp,36,181,5.027777778
West Bengal,BARDHAMAN,2013,Kharif,Soyabean,6,5,0.833333333
West Bengal,BARDHAMAN,2013,Kharif,Sunflower,48,73,1.520833333
West Bengal,BARDHAMAN,2013,Kharif,Urad,30,24,0.8
West Bengal,BARDHAMAN,2013,Rabi,Arhar/Tur,76,95,1.25
West Bengal,BARDHAMAN,2013,Rabi,Barley,9,9,1
West Bengal,BARDHAMAN,2013,Rabi,Gram,150,179,1.193333333
West Bengal,BARDHAMAN,2013,Rabi,Groundnut,1761,3267,1.855195911
West Bengal,BARDHAMAN,2013,Rabi,Khesari,124,112,0.903225806
West Bengal,BARDHAMAN,2013,Rabi,Maize,293,665,2.269624573
West Bengal,BARDHAMAN,2013,Rabi,Masoor,1796,1653,0.920378619
West Bengal,BARDHAMAN,2013,Rabi,Moong(Green Gram),5,2,0.4
West Bengal,BARDHAMAN,2013,Rabi,Other  Rabi pulses,51,28,0.549019608
West Bengal,BARDHAMAN,2013,Rabi,Peas & beans (Pulses),343,459,1.33819242
West Bengal,BARDHAMAN,2013,Rabi,Potato,57822,1291523,22.33618692
West Bengal,BARDHAMAN,2013,Rabi,Rapeseed &Mustard,23213,23517,1.01309611
West Bengal,BARDHAMAN,2013,Rabi,Safflower,9,6,0.666666667
West Bengal,BARDHAMAN,2013,Rabi,Wheat,1839,4948,2.690592713
West Bengal,BARDHAMAN,2013,Summer,Groundnut,697,1111,1.593974175
West Bengal,BARDHAMAN,2013,Summer,Maize,270,512,1.896296296
West Bengal,BARDHAMAN,2013,Summer,Moong(Green Gram),93,108,1.161290323
West Bengal,BARDHAMAN,2013,Summer,Rice,176219,668407,3.793047288
West Bengal,BARDHAMAN,2013,Summer,Sesamum,15625,15064,0.964096
West Bengal,BARDHAMAN,2013,Whole Year,Sugarcane,1577,101564,64.4032974
West Bengal,BARDHAMAN,2013,Winter,Rice,418616,1323049,3.16053137
West Bengal,BARDHAMAN,2014,Autumn,Groundnut,63,66,1.047619048
West Bengal,BARDHAMAN,2014,Autumn,Rice,13198,44362,3.361266859
West Bengal,BARDHAMAN,2014,Kharif,Jute,10776,222022,20.60337788
West Bengal,BARDHAMAN,2014,Kharif,Mesta,100,1299,12.99
West Bengal,BARDHAMAN,2014,Kharif,Moong(Green Gram),60,34,0.566666667
West Bengal,BARDHAMAN,2014,Kharif,Other Kharif pulses,15,8,0.533333333
West Bengal,BARDHAMAN,2014,Kharif,Sannhamp,24,121,5.041666667
West Bengal,BARDHAMAN,2014,Kharif,Soyabean,7,5,0.714285714
West Bengal,BARDHAMAN,2014,Kharif,Sunflower,78,114,1.461538462
West Bengal,BARDHAMAN,2014,Kharif,Urad,35,20,0.571428571
West Bengal,BARDHAMAN,2014,Rabi,Arhar/Tur,83,98,1.180722892
West Bengal,BARDHAMAN,2014,Rabi,Gram,120,145,1.208333333
West Bengal,BARDHAMAN,2014,Rabi,Groundnut,1650,3518,2.132121212
West Bengal,BARDHAMAN,2014,Rabi,Horse-gram,3,2,0.666666667
West Bengal,BARDHAMAN,2014,Rabi,Khesari,335,308,0.919402985
West Bengal,BARDHAMAN,2014,Rabi,Linseed,228,56,0.245614035
West Bengal,BARDHAMAN,2014,Rabi,Maize,286,647,2.262237762
West Bengal,BARDHAMAN,2014,Rabi,Masoor,1917,1556,0.811684924
West Bengal,BARDHAMAN,2014,Rabi,Moong(Green Gram),5,2,0.4
West Bengal,BARDHAMAN,2014,Rabi,Peas & beans (Pulses),391,397,1.015345269
West Bengal,BARDHAMAN,2014,Rabi,Potato,60128,1922143,31.96751929
West Bengal,BARDHAMAN,2014,Rabi,Rapeseed &Mustard,22320,22087,0.989560932
West Bengal,BARDHAMAN,2014,Rabi,Safflower,10,6,0.6
West Bengal,BARDHAMAN,2014,Rabi,Urad,110,99,0.9
West Bengal,BARDHAMAN,2014,Rabi,Wheat,2687,7723,2.874209155
West Bengal,BARDHAMAN,2014,Summer,Groundnut,575,1018,1.770434783
West Bengal,BARDHAMAN,2014,Summer,Maize,276,555,2.010869565
West Bengal,BARDHAMAN,2014,Summer,Moong(Green Gram),69,82,1.188405797
West Bengal,BARDHAMAN,2014,Summer,Rice,150267,490532,3.264402697
West Bengal,BARDHAMAN,2014,Summer,Sesamum,17132,15571,0.90888396
West Bengal,BARDHAMAN,2014,Whole Year,Sugarcane,1440,113754,78.99583333
West Bengal,BARDHAMAN,2014,Winter,Rice,419814,1361138,3.242240611
West Bengal,BIRBHUM,1997,Autumn,Rice,8342,20290,2.432270439
West Bengal,BIRBHUM,1997,Kharif,Bajra,30,19,0.633333333
West Bengal,BIRBHUM,1997,Kharif,Horse-gram,43,22,0.511627907
West Bengal,BIRBHUM,1997,Kharif,Jute,342,6780,19.8245614
West Bengal,BIRBHUM,1997,Kharif,Mesta,55,490,8.909090909
West Bengal,BIRBHUM,1997,Kharif,Moong(Green Gram),4,2,0.5
West Bengal,BIRBHUM,1997,Kharif,Other Kharif pulses,171,94,0.549707602
West Bengal,BIRBHUM,1997,Kharif,Soyabean,91,410,4.505494505
West Bengal,BIRBHUM,1997,Kharif,Urad,569,340,0.597539543
West Bengal,BIRBHUM,1997,Rabi,Gram,4204,2490,0.592293054
West Bengal,BIRBHUM,1997,Rabi,Khesari,2068,2830,1.368471954
West Bengal,BIRBHUM,1997,Rabi,Masoor,3810,3870,1.015748031
West Bengal,BIRBHUM,1997,Rabi,Oilseeds total,2066100,1929800,0.934030299
West Bengal,BIRBHUM,1997,Rabi,Wheat,21012,59230,2.81886541
West Bengal,BIRBHUM,1997,Summer,Moong(Green Gram),225,8,0.035555556
West Bengal,BIRBHUM,1997,Summer,Rice,50150,158930,3.169092722
West Bengal,BIRBHUM,1997,Whole Year,Arecanut,17,22,1.294117647
West Bengal,BIRBHUM,1997,Whole Year,Arhar/Tur,101,50,0.495049505
West Bengal,BIRBHUM,1997,Whole Year,Barley,376,370,0.984042553
West Bengal,BIRBHUM,1997,Whole Year,Coconut,296,1480,5
West Bengal,BIRBHUM,1997,Whole Year,Dry chillies,472,790,1.673728814
West Bengal,BIRBHUM,1997,Whole Year,Groundnut,206,57,0.276699029
West Bengal,BIRBHUM,1997,Whole Year,Jowar,120,78,0.65
West Bengal,BIRBHUM,1997,Whole Year,Linseed,375,50,0.133333333
West Bengal,BIRBHUM,1997,Whole Year,Maize,44,30,0.681818182
West Bengal,BIRBHUM,1997,Whole Year,Potato,10034,180881,18.02680885
West Bengal,BIRBHUM,1997,Whole Year,Pulses total,1164800,1046800,0.898695055
West Bengal,BIRBHUM,1997,Whole Year,Rapeseed &Mustard,18011,18360,1.019377047
West Bengal,BIRBHUM,1997,Whole Year,Safflower,7500,2200,0.293333333
West Bengal,BIRBHUM,1997,Whole Year,Sannhamp,278,1307,4.701438849
West Bengal,BIRBHUM,1997,Whole Year,Sesamum,1994,809,0.405717151
West Bengal,BIRBHUM,1997,Whole Year,Sugarcane,1891,79820,42.21047065
West Bengal,BIRBHUM,1997,Whole Year,Turmeric,246,248,1.008130081
West Bengal,BIRBHUM,1997,Winter,Rice,309991,840840,2.712465846
West Bengal,BIRBHUM,1998,Autumn,Rice,8863,25360,2.861333634
West Bengal,BIRBHUM,1998,Kharif,Arhar/Tur,104,70,0.673076923
West Bengal,BIRBHUM,1998,Kharif,Bajra,30,19,0.633333333
West Bengal,BIRBHUM,1998,Kharif,Dry ginger,360,720,2
West Bengal,BIRBHUM,1998,Kharif,Jowar,115,75,0.652173913
West Bengal,BIRBHUM,1998,Kharif,Jute,173,3070,17.74566474
West Bengal,BIRBHUM,1998,Kharif,Maize,189,220,1.164021164
West Bengal,BIRBHUM,1998,Kharif,Moong(Green Gram),22,12,0.545454545
West Bengal,BIRBHUM,1998,Kharif,Other Kharif pulses,130,72,0.553846154
West Bengal,BIRBHUM,1998,Kharif,Soyabean,15,7,0.466666667
West Bengal,BIRBHUM,1998,Kharif,Urad,206,40,0.194174757
West Bengal,BIRBHUM,1998,Rabi,Barley,143,170,1.188811189
West Bengal,BIRBHUM,1998,Rabi,Gram,3988,4940,1.238716148
West Bengal,BIRBHUM,1998,Rabi,Horse-gram,44,22,0.5
West Bengal,BIRBHUM,1998,Rabi,Khesari,1257,1180,0.938743039
West Bengal,BIRBHUM,1998,Rabi,Linseed,598,90,0.150501672
West Bengal,BIRBHUM,1998,Rabi,Masoor,3354,2060,0.61419201
West Bengal,BIRBHUM,1998,Rabi,Peas & beans (Pulses),166,120,0.722891566
West Bengal,BIRBHUM,1998,Rabi,Rapeseed &Mustard,27102,26990,0.995867464
West Bengal,BIRBHUM,1998,Rabi,Safflower,25,8,0.32
West Bengal,BIRBHUM,1998,Rabi,Wheat,21632,52630,2.432969675
West Bengal,BIRBHUM,1998,Summer,Moong(Green Gram),241,80,0.331950207
West Bengal,BIRBHUM,1998,Summer,Rice,77540,272109,3.509272633
West Bengal,BIRBHUM,1998,Whole Year,Arecanut,14,14,1
West Bengal,BIRBHUM,1998,Whole Year,Coconut,302,1510,5
West Bengal,BIRBHUM,1998,Whole Year,Dry chillies,522,844,1.616858238
West Bengal,BIRBHUM,1998,Whole Year,Groundnut,41,37,0.902439024
West Bengal,BIRBHUM,1998,Whole Year,Potato,12461,248254,19.92247813
West Bengal,BIRBHUM,1998,Whole Year,Sannhamp,275,1292,4.698181818
West Bengal,BIRBHUM,1998,Whole Year,Sesamum,668,529,0.791916168
West Bengal,BIRBHUM,1998,Whole Year,Sugarcane,1738,74670,42.96317606
West Bengal,BIRBHUM,1998,Whole Year,Turmeric,230,232,1.008695652
West Bengal,BIRBHUM,1998,Winter,Rice,312904,890320,2.845345537
West Bengal,BIRBHUM,1999,Autumn,Dry chillies,228,114,0.5
West Bengal,BIRBHUM,1999,Autumn,Rice,9372,20880,2.227912932
West Bengal,BIRBHUM,1999,Autumn,Sannhamp,220,1034,4.7
West Bengal,BIRBHUM,1999,Kharif,Arhar/Tur,75,46,0.613333333
West Bengal,BIRBHUM,1999,Kharif,Dry ginger,263,526,2
West Bengal,BIRBHUM,1999,Kharif,Groundnut,62,62,1
West Bengal,BIRBHUM,1999,Kharif,Jowar,180,117,0.65
West Bengal,BIRBHUM,1999,Kharif,Jute,234,4440,18.97435897
West Bengal,BIRBHUM,1999,Kharif,Maize,40,60,1.5
West Bengal,BIRBHUM,1999,Kharif,Mesta,6,60,10
West Bengal,BIRBHUM,1999,Kharif,Moong(Green Gram),13,7,0.538461538
West Bengal,BIRBHUM,1999,Kharif,Other Kharif pulses,15,11,0.733333333
West Bengal,BIRBHUM,1999,Kharif,Soyabean,78,36,0.461538462
West Bengal,BIRBHUM,1999,Kharif,Urad,155,86,0.55483871
West Bengal,BIRBHUM,1999,Rabi,Barley,104,83,0.798076923
West Bengal,BIRBHUM,1999,Rabi,Dry chillies,265,663,2.501886792
West Bengal,BIRBHUM,1999,Rabi,Gram,4897,5124,1.046354911
West Bengal,BIRBHUM,1999,Rabi,Horse-gram,149,76,0.510067114
West Bengal,BIRBHUM,1999,Rabi,Khesari,1521,1767,1.1617357
West Bengal,BIRBHUM,1999,Rabi,Linseed,379,98,0.258575198
West Bengal,BIRBHUM,1999,Rabi,Masoor,3478,3012,0.866014951
West Bengal,BIRBHUM,1999,Rabi,Peas & beans (Pulses),163,153,0.938650307
West Bengal,BIRBHUM,1999,Rabi,Rapeseed &Mustard,27935,26940,0.9643816
West Bengal,BIRBHUM,1999,Rabi,Safflower,26,8,0.307692308
West Bengal,BIRBHUM,1999,Rabi,Wheat,20778,57064,2.746366349
West Bengal,BIRBHUM,1999,Summer,Groundnut,36,25,0.694444444
West Bengal,BIRBHUM,1999,Summer,Moong(Green Gram),103,90,0.873786408
West Bengal,BIRBHUM,1999,Summer,Rice,77587,238310,3.071519713
West Bengal,BIRBHUM,1999,Summer,Sesamum,1346,570,0.423476969
West Bengal,BIRBHUM,1999,Whole Year,Arecanut,14,15,1.071428571
West Bengal,BIRBHUM,1999,Whole Year,Coconut,365,1825,5
West Bengal,BIRBHUM,1999,Whole Year,Sugarcane,814,79038,97.0982801
West Bengal,BIRBHUM,1999,Whole Year,Turmeric,185,187,1.010810811
West Bengal,BIRBHUM,1999,Winter,Potato,14164,329863,23.28883084
West Bengal,BIRBHUM,1999,Winter,Rice,307150,783310,2.55025232
West Bengal,BIRBHUM,1999,Winter,Sesamum,20,9,0.45
West Bengal,BIRBHUM,2000,Autumn,Rice,5009,10440,2.084248353
West Bengal,BIRBHUM,2000,Kharif,Arhar/Tur,128,80,0.625
West Bengal,BIRBHUM,2000,Kharif,Dry ginger,311,622,2
West Bengal,BIRBHUM,2000,Kharif,Groundnut,43,43,1
West Bengal,BIRBHUM,2000,Kharif,Jowar,179,116,0.648044693
West Bengal,BIRBHUM,2000,Kharif,Jute,106,1990,18.77358491
West Bengal,BIRBHUM,2000,Kharif,Maize,499,920,1.843687375
West Bengal,BIRBHUM,2000,Kharif,Moong(Green Gram),23,13,0.565217391
West Bengal,BIRBHUM,2000,Kharif,Other Kharif pulses,90,50,0.555555556
West Bengal,BIRBHUM,2000,Kharif,Soyabean,11,5,0.454545455
West Bengal,BIRBHUM,2000,Kharif,Urad,197,80,0.406091371
West Bengal,BIRBHUM,2000,Rabi,Horse-gram,141,72,0.510638298
West Bengal,BIRBHUM,2000,Rabi,Khesari,3082,3730,1.210253082
West Bengal,BIRBHUM,2000,Rabi,Linseed,378,70,0.185185185
West Bengal,BIRBHUM,2000,Rabi,Masoor,3326,2500,0.751653638
West Bengal,BIRBHUM,2000,Rabi,Peas & beans (Pulses),279,230,0.82437276
West Bengal,BIRBHUM,2000,Rabi,Rapeseed &Mustard,35724,41290,1.155805621
West Bengal,BIRBHUM,2000,Rabi,Safflower,11,3,0.272727273
West Bengal,BIRBHUM,2000,Rabi,Wheat,26881,77720,2.891261486
West Bengal,BIRBHUM,2000,Summer,Groundnut,94,75,0.79787234
West Bengal,BIRBHUM,2000,Summer,Moong(Green Gram),29,25,0.862068966
West Bengal,BIRBHUM,2000,Summer,Rice,51428,176926,3.440266003
West Bengal,BIRBHUM,2000,Whole Year,Arecanut,12,14,1.166666667
West Bengal,BIRBHUM,2000,Whole Year,Coconut,444,3108,7
West Bengal,BIRBHUM,2000,Whole Year,Dry chillies,543,907,1.670349908
West Bengal,BIRBHUM,2000,Whole Year,Potato,12802,266609,20.82557413
West Bengal,BIRBHUM,2000,Whole Year,Sannhamp,258,1213,4.701550388
West Bengal,BIRBHUM,2000,Whole Year,Sesamum,1116,565,0.506272401
West Bengal,BIRBHUM,2000,Whole Year,Sugarcane,843,52680,62.4911032
West Bengal,BIRBHUM,2000,Whole Year,Turmeric,250,252,1.008
West Bengal,BIRBHUM,2000,Winter,Rice,261748,609130,2.327162003
West Bengal,BIRBHUM,2001,Autumn,Rice,6476,15614,2.411056208
West Bengal,BIRBHUM,2001,Kharif,Arhar/Tur,36,17,0.472222222
West Bengal,BIRBHUM,2001,Kharif,Cotton(lint),1,1,1
West Bengal,BIRBHUM,2001,Kharif,Dry ginger,275,578,2.101818182
West Bengal,BIRBHUM,2001,Kharif,Groundnut,151,151,1
West Bengal,BIRBHUM,2001,Kharif,Jowar,215,140,0.651162791
West Bengal,BIRBHUM,2001,Kharif,Jute,370,7706,20.82702703
West Bengal,BIRBHUM,2001,Kharif,Maize,292,519,1.77739726
West Bengal,BIRBHUM,2001,Kharif,Other Kharif pulses,144,80,0.555555556
West Bengal,BIRBHUM,2001,Kharif,Soyabean,5,2,0.4
West Bengal,BIRBHUM,2001,Kharif,Urad,95,49,0.515789474
West Bengal,BIRBHUM,2001,Rabi,Barley,88,105,1.193181818
West Bengal,BIRBHUM,2001,Rabi,Gram,12134,12666,1.043843745
West Bengal,BIRBHUM,2001,Rabi,Groundnut,4,6,1.5
West Bengal,BIRBHUM,2001,Rabi,Horse-gram,104,53,0.509615385
West Bengal,BIRBHUM,2001,Rabi,Khesari,2810,2947,1.048754448
West Bengal,BIRBHUM,2001,Rabi,Linseed,181,107,0.591160221
West Bengal,BIRBHUM,2001,Rabi,Masoor,3094,1848,0.597285068
West Bengal,BIRBHUM,2001,Rabi,Peas & beans (Pulses),46,19,0.413043478
West Bengal,BIRBHUM,2001,Rabi,Rapeseed &Mustard,37090,37300,1.005661903
West Bengal,BIRBHUM,2001,Rabi,Safflower,31,9,0.290322581
West Bengal,BIRBHUM,2001,Rabi,Wheat,27141,71825,2.646365278
West Bengal,BIRBHUM,2001,Summer,Groundnut,193,161,0.834196891
West Bengal,BIRBHUM,2001,Summer,Moong(Green Gram),255,214,0.839215686
West Bengal,BIRBHUM,2001,Summer,Rice,79669,229871,2.885325534
West Bengal,BIRBHUM,2001,Whole Year,Arecanut,11,13,1.181818182
West Bengal,BIRBHUM,2001,Whole Year,Coconut,452,3164,7
West Bengal,BIRBHUM,2001,Whole Year,Dry chillies,530,922,1.739622642
West Bengal,BIRBHUM,2001,Whole Year,Potato,12608,273168,21.66624365
West Bengal,BIRBHUM,2001,Whole Year,Sannhamp,255,1198,4.698039216
West Bengal,BIRBHUM,2001,Whole Year,Sesamum,1459,1082,0.741603838
West Bengal,BIRBHUM,2001,Whole Year,Sugarcane,893,47703,53.41881299
West Bengal,BIRBHUM,2001,Whole Year,Turmeric,217,219,1.00921659
West Bengal,BIRBHUM,2001,Winter,Rice,307985,911950,2.961020829
West Bengal,BIRBHUM,2002,Autumn,Dry chillies,265,148,0.558490566
West Bengal,BIRBHUM,2002,Autumn,Rice,6305,16769,2.65963521
West Bengal,BIRBHUM,2002,Kharif,Arhar/Tur,26,20,0.769230769
West Bengal,BIRBHUM,2002,Kharif,Dry ginger,286,601,2.101398601
West Bengal,BIRBHUM,2002,Kharif,Groundnut,50,50,1
West Bengal,BIRBHUM,2002,Kharif,Jowar,320,208,0.65
West Bengal,BIRBHUM,2002,Kharif,Jute,535,9855,18.42056075
West Bengal,BIRBHUM,2002,Kharif,Maize,210,351,1.671428571
West Bengal,BIRBHUM,2002,Kharif,Other Kharif pulses,160,91,0.56875
West Bengal,BIRBHUM,2002,Kharif,Soyabean,17,8,0.470588235
West Bengal,BIRBHUM,2002,Kharif,Urad,155,43,0.277419355
West Bengal,BIRBHUM,2002,Rabi,Barley,241,238,0.987551867
West Bengal,BIRBHUM,2002,Rabi,Dry chillies,348,870,2.5
West Bengal,BIRBHUM,2002,Rabi,Gram,9916,9694,0.97761194
West Bengal,BIRBHUM,2002,Rabi,Horse-gram,118,60,0.508474576
West Bengal,BIRBHUM,2002,Rabi,Khesari,2159,2070,0.958777212
West Bengal,BIRBHUM,2002,Rabi,Linseed,194,41,0.211340206
West Bengal,BIRBHUM,2002,Rabi,Masoor,2180,1160,0.532110092
West Bengal,BIRBHUM,2002,Rabi,Peas & beans (Pulses),635,505,0.795275591
West Bengal,BIRBHUM,2002,Rabi,Rapeseed &Mustard,34494,35093,1.017365339
West Bengal,BIRBHUM,2002,Rabi,Safflower,3,1,0.333333333
West Bengal,BIRBHUM,2002,Rabi,Wheat,27135,80275,2.958356366
West Bengal,BIRBHUM,2002,Summer,Groundnut,106,88,0.830188679
West Bengal,BIRBHUM,2002,Summer,Moong(Green Gram),109,70,0.642201835
West Bengal,BIRBHUM,2002,Summer,Rice,79468,227690,2.865178437
West Bengal,BIRBHUM,2002,Summer,Sesamum,1487,1180,0.793544048
West Bengal,BIRBHUM,2002,Whole Year,Arecanut,14,17,1.214285714
West Bengal,BIRBHUM,2002,Whole Year,Coconut,467,3736,8
West Bengal,BIRBHUM,2002,Whole Year,Sannhamp,249,1245,5
West Bengal,BIRBHUM,2002,Whole Year,Sugarcane,1045,53209,50.91770335
West Bengal,BIRBHUM,2002,Whole Year,Turmeric,243,368,1.514403292
West Bengal,BIRBHUM,2002,Winter,Potato,11463,279910,24.41856408
West Bengal,BIRBHUM,2002,Winter,Rice,315681,902095,2.857615758
West Bengal,BIRBHUM,2003,Autumn,Rice,5091,12214,2.39913573
West Bengal,BIRBHUM,2003,Kharif,Arhar/Tur,23,23,1
West Bengal,BIRBHUM,2003,Kharif,Dry ginger,293,453,1.546075085
West Bengal,BIRBHUM,2003,Kharif,Groundnut,6,5,0.833333333
West Bengal,BIRBHUM,2003,Kharif,Jute,91,1641,18.03296703
West Bengal,BIRBHUM,2003,Kharif,Maize,170,281,1.652941176
West Bengal,BIRBHUM,2003,Kharif,Other Kharif pulses,260,9,0.034615385
West Bengal,BIRBHUM,2003,Kharif,Urad,127,36,0.283464567
West Bengal,BIRBHUM,2003,Rabi,Barley,219,287,1.310502283
West Bengal,BIRBHUM,2003,Rabi,Gram,9136,11526,1.261602452
West Bengal,BIRBHUM,2003,Rabi,Groundnut,3,3,1
West Bengal,BIRBHUM,2003,Rabi,Horse-gram,95,29,0.305263158
West Bengal,BIRBHUM,2003,Rabi,Khesari,2632,2339,0.888677812
West Bengal,BIRBHUM,2003,Rabi,Linseed,178,10,0.056179775
West Bengal,BIRBHUM,2003,Rabi,Masoor,3242,3031,0.934916718
West Bengal,BIRBHUM,2003,Rabi,Peas & beans (Pulses),848,969,1.142688679
West Bengal,BIRBHUM,2003,Rabi,Rapeseed &Mustard,37383,41429,1.108231014
West Bengal,BIRBHUM,2003,Rabi,Safflower,37,8,0.216216216
West Bengal,BIRBHUM,2003,Rabi,Wheat,30158,79313,2.629915777
West Bengal,BIRBHUM,2003,Summer,Groundnut,116,96,0.827586207
West Bengal,BIRBHUM,2003,Summer,Moong(Green Gram),169,91,0.538461538
West Bengal,BIRBHUM,2003,Summer,Rice,70571,220062,3.118306386
West Bengal,BIRBHUM,2003,Whole Year,Arecanut,22,29,1.318181818
West Bengal,BIRBHUM,2003,Whole Year,Coconut,499,4491,9
West Bengal,BIRBHUM,2003,Whole Year,Dry chillies,676,434,0.642011834
West Bengal,BIRBHUM,2003,Whole Year,Potato,9805,206559,21.06670066
West Bengal,BIRBHUM,2003,Whole Year,Sannhamp,189,945,5
West Bengal,BIRBHUM,2003,Whole Year,Sesamum,1786,1553,0.869540873
West Bengal,BIRBHUM,2003,Whole Year,Sugarcane,948,55508,58.55274262
West Bengal,BIRBHUM,2003,Whole Year,Turmeric,256,397,1.55078125
West Bengal,BIRBHUM,2003,Winter,Rice,300623,878083,2.920877644
West Bengal,BIRBHUM,2004,Autumn,Rice,5149,13174,2.558555059
West Bengal,BIRBHUM,2004,Kharif,Dry ginger,294,619,2.105442177
West Bengal,BIRBHUM,2004,Kharif,Jute,391,6960,17.80051151
West Bengal,BIRBHUM,2004,Kharif,Maize,121,211,1.743801653
West Bengal,BIRBHUM,2004,Kharif,Other Kharif pulses,275,100,0.363636364
West Bengal,BIRBHUM,2004,Kharif,Soyabean,45,21,0.466666667
West Bengal,BIRBHUM,2004,Kharif,Sunflower,35,44,1.257142857
West Bengal,BIRBHUM,2004,Kharif,Urad,258,111,0.430232558
West Bengal,BIRBHUM,2004,Rabi,Arhar/Tur,10,6,0.6
West Bengal,BIRBHUM,2004,Rabi,Barley,130,212,1.630769231
West Bengal,BIRBHUM,2004,Rabi,Gram,8366,6625,0.791895769
West Bengal,BIRBHUM,2004,Rabi,Horse-gram,163,37,0.226993865
West Bengal,BIRBHUM,2004,Rabi,Khesari,2226,2774,1.246181491
West Bengal,BIRBHUM,2004,Rabi,Linseed,672,239,0.355654762
West Bengal,BIRBHUM,2004,Rabi,Masoor,3694,2235,0.605035192
West Bengal,BIRBHUM,2004,Rabi,Peas & beans (Pulses),504,396,0.785714286
West Bengal,BIRBHUM,2004,Rabi,Rapeseed &Mustard,39257,30850,0.78584711
West Bengal,BIRBHUM,2004,Rabi,Wheat,29127,74808,2.568338655
West Bengal,BIRBHUM,2004,Summer,Moong(Green Gram),139,46,0.330935252
West Bengal,BIRBHUM,2004,Summer,Rice,74007,219514,2.966124826
West Bengal,BIRBHUM,2004,Whole Year,Coconut,494,4199,8.5
West Bengal,BIRBHUM,2004,Whole Year,Dry chillies,666,425,0.638138138
West Bengal,BIRBHUM,2004,Whole Year,Groundnut,154,129,0.837662338
West Bengal,BIRBHUM,2004,Whole Year,Potato,11195,214258,19.13872264
West Bengal,BIRBHUM,2004,Whole Year,Sannhamp,186,558,3
West Bengal,BIRBHUM,2004,Whole Year,Sesamum,2365,1725,0.729386892
West Bengal,BIRBHUM,2004,Whole Year,Sugarcane,1137,69461,61.09146878
West Bengal,BIRBHUM,2004,Whole Year,Turmeric,245,355,1.448979592
West Bengal,BIRBHUM,2004,Winter,Rice,308737,855316,2.770370898
West Bengal,BIRBHUM,2005,Autumn,Rice,5233,12986,2.481559335
West Bengal,BIRBHUM,2005,Kharif,Dry ginger,346,508,1.468208092
West Bengal,BIRBHUM,2005,Kharif,Jute,179,3251,18.16201117
West Bengal,BIRBHUM,2005,Kharif,Maize,162,236,1.456790123
West Bengal,BIRBHUM,2005,Kharif,Other Kharif pulses,208,90,0.432692308
West Bengal,BIRBHUM,2005,Kharif,Soyabean,56,27,0.482142857
West Bengal,BIRBHUM,2005,Kharif,Sunflower,75,82,1.093333333
West Bengal,BIRBHUM,2005,Kharif,Urad,210,48,0.228571429
West Bengal,BIRBHUM,2005,Rabi,Arhar/Tur,21,17,0.80952381
West Bengal,BIRBHUM,2005,Rabi,Barley,85,106,1.247058824
West Bengal,BIRBHUM,2005,Rabi,Gram,11557,9549,0.826252488
West Bengal,BIRBHUM,2005,Rabi,Horse-gram,180,56,0.311111111
West Bengal,BIRBHUM,2005,Rabi,Khesari,1399,1538,1.099356683
West Bengal,BIRBHUM,2005,Rabi,Linseed,85,19,0.223529412
West Bengal,BIRBHUM,2005,Rabi,Masoor,4545,2819,0.620242024
West Bengal,BIRBHUM,2005,Rabi,Peas & beans (Pulses),269,341,1.267657993
West Bengal,BIRBHUM,2005,Rabi,Rapeseed &Mustard,34561,32282,0.934058621
West Bengal,BIRBHUM,2005,Rabi,Safflower,58,18,0.310344828
West Bengal,BIRBHUM,2005,Rabi,Wheat,30128,75649,2.510920074
West Bengal,BIRBHUM,2005,Summer,Moong(Green Gram),32,13,0.40625
West Bengal,BIRBHUM,2005,Summer,Rice,48836,154942,3.172700467
West Bengal,BIRBHUM,2005,Whole Year,Arecanut,22,26,1.181818182
West Bengal,BIRBHUM,2005,Whole Year,Coconut,499,2495,5
West Bengal,BIRBHUM,2005,Whole Year,Dry chillies,723,373,0.515905947
West Bengal,BIRBHUM,2005,Whole Year,Groundnut,145,201,1.386206897
West Bengal,BIRBHUM,2005,Whole Year,Potato,13796,282973,20.51123514
West Bengal,BIRBHUM,2005,Whole Year,Sannhamp,156,780,5
West Bengal,BIRBHUM,2005,Whole Year,Sesamum,1897,1699,0.895624671
West Bengal,BIRBHUM,2005,Whole Year,Sugarcane,1431,91646,64.04332635
West Bengal,BIRBHUM,2005,Whole Year,Turmeric,267,417,1.561797753
West Bengal,BIRBHUM,2005,Winter,Rice,314476,948410,3.015842226
West Bengal,BIRBHUM,2006,Autumn,Rice,6086,15768,2.590864279
West Bengal,BIRBHUM,2006,Kharif,Dry ginger,349,541,1.550143266
West Bengal,BIRBHUM,2006,Kharif,Jute,353,6269,17.7592068
West Bengal,BIRBHUM,2006,Kharif,Maize,268,434,1.619402985
West Bengal,BIRBHUM,2006,Kharif,Other Kharif pulses,321,140,0.436137072
West Bengal,BIRBHUM,2006,Kharif,Soyabean,32,16,0.5
West Bengal,BIRBHUM,2006,Kharif,Sunflower,11,17,1.545454545
West Bengal,BIRBHUM,2006,Kharif,Urad,216,74,0.342592593
West Bengal,BIRBHUM,2006,Rabi,Arhar/Tur,2,1,0.5
West Bengal,BIRBHUM,2006,Rabi,Barley,73,74,1.01369863
West Bengal,BIRBHUM,2006,Rabi,Gram,12426,9843,0.792129406
West Bengal,BIRBHUM,2006,Rabi,Horse-gram,150,61,0.406666667
West Bengal,BIRBHUM,2006,Rabi,Khesari,1064,1261,1.185150376
West Bengal,BIRBHUM,2006,Rabi,Linseed,239,61,0.255230126
West Bengal,BIRBHUM,2006,Rabi,Masoor,5973,4352,0.728612088
West Bengal,BIRBHUM,2006,Rabi,Peas & beans (Pulses),212,128,0.603773585
West Bengal,BIRBHUM,2006,Rabi,Rapeseed &Mustard,34720,35393,1.019383641
West Bengal,BIRBHUM,2006,Rabi,Safflower,48,24,0.5
West Bengal,BIRBHUM,2006,Rabi,Wheat,31701,83788,2.643071196
West Bengal,BIRBHUM,2006,Summer,Moong(Green Gram),238,80,0.336134454
West Bengal,BIRBHUM,2006,Summer,Rice,64521,223353,3.461710141
West Bengal,BIRBHUM,2006,Whole Year,Arecanut,22,43,1.954545455
West Bengal,BIRBHUM,2006,Whole Year,Coconut,509,19749200,38800
West Bengal,BIRBHUM,2006,Whole Year,Dry chillies,701,472,0.673323823
West Bengal,BIRBHUM,2006,Whole Year,Groundnut,250,445,1.78
West Bengal,BIRBHUM,2006,Whole Year,Potato,16537,141185,8.537521921
West Bengal,BIRBHUM,2006,Whole Year,Sannhamp,147,735,5
West Bengal,BIRBHUM,2006,Whole Year,Sesamum,3015,2773,0.91973466
West Bengal,BIRBHUM,2006,Whole Year,Sugarcane,1547,103211,66.71687136
West Bengal,BIRBHUM,2006,Whole Year,Turmeric,257,173,0.673151751
West Bengal,BIRBHUM,2006,Winter,Rice,312799,960320,3.070086541
West Bengal,BIRBHUM,2007,Autumn,Rice,4788,12599,2.631370092
West Bengal,BIRBHUM,2007,Autumn,Sesamum,8,5,0.625
West Bengal,BIRBHUM,2007,Kharif,Cotton(lint),500,900,1.8
West Bengal,BIRBHUM,2007,Kharif,Dry ginger,710,1174,1.653521127
West Bengal,BIRBHUM,2007,Kharif,Garlic,50,590,11.8
West Bengal,BIRBHUM,2007,Kharif,Groundnut,44,45,1.022727273
West Bengal,BIRBHUM,2007,Kharif,Jute,109,1821,16.70642202
West Bengal,BIRBHUM,2007,Kharif,Maize,371,351,0.946091644
West Bengal,BIRBHUM,2007,Kharif,Mesta,1,1,1
West Bengal,BIRBHUM,2007,Kharif,Other Kharif pulses,237,102,0.430379747
West Bengal,BIRBHUM,2007,Kharif,Sannhamp,105,494,4.704761905
West Bengal,BIRBHUM,2007,Kharif,Soyabean,41,22,0.536585366
West Bengal,BIRBHUM,2007,Kharif,Sunflower,32,30,0.9375
West Bengal,BIRBHUM,2007,Kharif,Urad,116,35,0.301724138
West Bengal,BIRBHUM,2007,Rabi,Arhar/Tur,26,12,0.461538462
West Bengal,BIRBHUM,2007,Rabi,Gram,9501,11083,1.166508789
West Bengal,BIRBHUM,2007,Rabi,Groundnut,9,14,1.555555556
West Bengal,BIRBHUM,2007,Rabi,Horse-gram,165,66,0.4
West Bengal,BIRBHUM,2007,Rabi,Khesari,1181,867,0.734123624
West Bengal,BIRBHUM,2007,Rabi,Linseed,320,48,0.15
West Bengal,BIRBHUM,2007,Rabi,Masoor,5974,5474,0.916303984
West Bengal,BIRBHUM,2007,Rabi,Peas & beans (Pulses),106,76,0.716981132
West Bengal,BIRBHUM,2007,Rabi,Rapeseed &Mustard,32330,37542,1.161212496
West Bengal,BIRBHUM,2007,Rabi,Safflower,75,63,0.84
West Bengal,BIRBHUM,2007,Rabi,Wheat,32147,94900,2.952063956
West Bengal,BIRBHUM,2007,Summer,Groundnut,153,221,1.444444444
West Bengal,BIRBHUM,2007,Summer,Maize,131,214,1.633587786
West Bengal,BIRBHUM,2007,Summer,Moong(Green Gram),501,457,0.912175649
West Bengal,BIRBHUM,2007,Summer,Rice,74238,249379,3.359182629
West Bengal,BIRBHUM,2007,Summer,Sesamum,3348,3180,0.949820789
West Bengal,BIRBHUM,2007,Whole Year,Arecanut,36,58,1.611111111
West Bengal,BIRBHUM,2007,Whole Year,Coconut,350,2928000,8365.714286
West Bengal,BIRBHUM,2007,Whole Year,Dry chillies,662,625,0.944108761
West Bengal,BIRBHUM,2007,Whole Year,Potato,17798,393540,22.1114732
West Bengal,BIRBHUM,2007,Whole Year,Sugarcane,1548,117796,76.09560724
West Bengal,BIRBHUM,2007,Whole Year,Turmeric,280,287,1.025
West Bengal,BIRBHUM,2007,Winter,Rice,314944,958708,3.044058626
West Bengal,BIRBHUM,2007,Winter,Sesamum,8,6,0.75
West Bengal,BIRBHUM,2008,Autumn,Maize,313,457,1.460063898
West Bengal,BIRBHUM,2008,Autumn,Rice,4578,12512,2.73307121
West Bengal,BIRBHUM,2008,Kharif,Dry ginger,780,1410,1.807692308
West Bengal,BIRBHUM,2008,Kharif,Groundnut,25,26,1.04
West Bengal,BIRBHUM,2008,Kharif,Jute,780,12886,16.52051282
West Bengal,BIRBHUM,2008,Kharif,Other Kharif pulses,226,95,0.420353982
West Bengal,BIRBHUM,2008,Kharif,Sannhamp,105,504,4.8
West Bengal,BIRBHUM,2008,Kharif,Soyabean,42,23,0.547619048
West Bengal,BIRBHUM,2008,Kharif,Sunflower,359,340,0.947075209
West Bengal,BIRBHUM,2008,Kharif,Urad,270,104,0.385185185
West Bengal,BIRBHUM,2008,Rabi,Arhar/Tur,39,19,0.487179487
West Bengal,BIRBHUM,2008,Rabi,Barley,234,378,1.615384615
West Bengal,BIRBHUM,2008,Rabi,Gram,9426,11282,1.196902185
West Bengal,BIRBHUM,2008,Rabi,Groundnut,31,48,1.548387097
West Bengal,BIRBHUM,2008,Rabi,Horse-gram,177,73,0.412429379
West Bengal,BIRBHUM,2008,Rabi,Khesari,595,638,1.072268908
West Bengal,BIRBHUM,2008,Rabi,Linseed,239,36,0.150627615
West Bengal,BIRBHUM,2008,Rabi,Masoor,4553,2284,0.501647266
West Bengal,BIRBHUM,2008,Rabi,Other  Rabi pulses,115,35,0.304347826
West Bengal,BIRBHUM,2008,Rabi,Peas & beans (Pulses),110,84,0.763636364
West Bengal,BIRBHUM,2008,Rabi,Rapeseed &Mustard,34257,28956,0.845257903
West Bengal,BIRBHUM,2008,Rabi,Safflower,127,98,0.771653543
West Bengal,BIRBHUM,2008,Rabi,Wheat,34860,98171,2.816150316
West Bengal,BIRBHUM,2008,Summer,Groundnut,36,52,1.444444444
West Bengal,BIRBHUM,2008,Summer,Maize,142,251,1.767605634
West Bengal,BIRBHUM,2008,Summer,Moong(Green Gram),767,648,0.844850065
West Bengal,BIRBHUM,2008,Summer,Rice,81387,268153,3.294789094
West Bengal,BIRBHUM,2008,Summer,Sesamum,4441,2469,0.555955866
West Bengal,BIRBHUM,2008,Whole Year,Arecanut,39,63,1.615384615
West Bengal,BIRBHUM,2008,Whole Year,Coconut,382,3195,8.363874346
West Bengal,BIRBHUM,2008,Whole Year,Dry chillies,597,876,1.467336683
West Bengal,BIRBHUM,2008,Whole Year,Potato,18702,140142,7.493423163
West Bengal,BIRBHUM,2008,Whole Year,Sugarcane,1614,126447,78.34386617
West Bengal,BIRBHUM,2008,Whole Year,Turmeric,366,495,1.352459016
West Bengal,BIRBHUM,2008,Winter,Rice,307871,931728,3.026358442
West Bengal,BIRBHUM,2009,Autumn,Groundnut,69,72,1.043478261
West Bengal,BIRBHUM,2009,Autumn,Maize,494,643,1.301619433
West Bengal,BIRBHUM,2009,Autumn,Rice,1840,5464,2.969565217
West Bengal,BIRBHUM,2009,Kharif,Jute,174,3055,17.55747126
West Bengal,BIRBHUM,2009,Kharif,Other Kharif pulses,220,95,0.431818182
West Bengal,BIRBHUM,2009,Kharif,Sannhamp,125,688,5.504
West Bengal,BIRBHUM,2009,Kharif,Soyabean,49,27,0.551020408
West Bengal,BIRBHUM,2009,Kharif,Sunflower,53,90,1.698113208
West Bengal,BIRBHUM,2009,Kharif,Urad,181,52,0.287292818
West Bengal,BIRBHUM,2009,Rabi,Arhar/Tur,45,10,0.222222222
West Bengal,BIRBHUM,2009,Rabi,Barley,101,131,1.297029703
West Bengal,BIRBHUM,2009,Rabi,Gram,8536,9235,1.081888472
West Bengal,BIRBHUM,2009,Rabi,Groundnut,47,43,0.914893617
West Bengal,BIRBHUM,2009,Rabi,Horse-gram,202,81,0.400990099
West Bengal,BIRBHUM,2009,Rabi,Khesari,798,66,0.082706767
West Bengal,BIRBHUM,2009,Rabi,Linseed,187,40,0.213903743
West Bengal,BIRBHUM,2009,Rabi,Masoor,4533,3552,0.783587028
West Bengal,BIRBHUM,2009,Rabi,Peas & beans (Pulses),272,342,1.257352941
West Bengal,BIRBHUM,2009,Rabi,Potato,17671,613243,34.70335578
West Bengal,BIRBHUM,2009,Rabi,Rapeseed &Mustard,32833,34136,1.039685682
West Bengal,BIRBHUM,2009,Rabi,Safflower,15,13,0.866666667
West Bengal,BIRBHUM,2009,Rabi,Wheat,33672,89202,2.64914469
West Bengal,BIRBHUM,2009,Summer,Groundnut,159,223,1.402515723
West Bengal,BIRBHUM,2009,Summer,Maize,113,183,1.619469027
West Bengal,BIRBHUM,2009,Summer,Moong(Green Gram),952,611,0.641806723
West Bengal,BIRBHUM,2009,Summer,Rice,54678,149905,2.741596254
West Bengal,BIRBHUM,2009,Summer,Sesamum,4754,3138,0.660075726
West Bengal,BIRBHUM,2009,Whole Year,Sugarcane,654,64987,99.36850153
West Bengal,BIRBHUM,2009,Winter,Rice,301071,805180,2.674385776
West Bengal,BIRBHUM,2010,Autumn,Maize,103,181,1.757281553
West Bengal,BIRBHUM,2010,Autumn,Rice,2619,7105,2.712867507
West Bengal,BIRBHUM,2010,Kharif,Horse-gram,153,62,0.405228758
West Bengal,BIRBHUM,2010,Kharif,Jute,2,39,19.5
West Bengal,BIRBHUM,2010,Kharif,Other Kharif pulses,230,97,0.42173913
West Bengal,BIRBHUM,2010,Kharif,Sannhamp,112,392,3.5
West Bengal,BIRBHUM,2010,Kharif,Soyabean,44,24,0.545454545
West Bengal,BIRBHUM,2010,Kharif,Sunflower,62,32,0.516129032
West Bengal,BIRBHUM,2010,Kharif,Urad,172,30,0.174418605
West Bengal,BIRBHUM,2010,Rabi,Barley,40,55,1.375
West Bengal,BIRBHUM,2010,Rabi,Gram,8163,10541,1.291314468
West Bengal,BIRBHUM,2010,Rabi,Groundnut,25,28,1.12
West Bengal,BIRBHUM,2010,Rabi,Khesari,1535,1999,1.30228013
West Bengal,BIRBHUM,2010,Rabi,Linseed,187,23,0.122994652
West Bengal,BIRBHUM,2010,Rabi,Masoor,5261,3512,0.667553697
West Bengal,BIRBHUM,2010,Rabi,Other  Rabi pulses,100,30,0.3
West Bengal,BIRBHUM,2010,Rabi,Peas & beans (Pulses),234,13,0.055555556
West Bengal,BIRBHUM,2010,Rabi,Potato,18044,506707,28.08174462
West Bengal,BIRBHUM,2010,Rabi,Rapeseed &Mustard,32361,29152,0.900837428
West Bengal,BIRBHUM,2010,Rabi,Safflower,20,16,0.8
West Bengal,BIRBHUM,2010,Rabi,Wheat,32954,88051,2.671936639
West Bengal,BIRBHUM,2010,Summer,Groundnut,61,90,1.475409836
West Bengal,BIRBHUM,2010,Summer,Maize,109,176,1.614678899
West Bengal,BIRBHUM,2010,Summer,Moong(Green Gram),1116,765,0.685483871
West Bengal,BIRBHUM,2010,Summer,Rice,59448,201392,3.387700175
West Bengal,BIRBHUM,2010,Summer,Sesamum,5277,3919,0.742656813
West Bengal,BIRBHUM,2010,Whole Year,Sugarcane,652,58103,89.11503067
West Bengal,BIRBHUM,2010,Winter,Rice,186962,539456,2.885377777
West Bengal,BIRBHUM,2011,Autumn,Maize,154,242,1.571428571
West Bengal,BIRBHUM,2011,Autumn,Rice,2554,5902,2.310884886
West Bengal,BIRBHUM,2011,Kharif,Horse-gram,179,72,0.402234637
West Bengal,BIRBHUM,2011,Kharif,Jute,293,5488,18.73037543
West Bengal,BIRBHUM,2011,Kharif,Other Kharif pulses,49,27,0.551020408
West Bengal,BIRBHUM,2011,Kharif,Sannhamp,114,388,3.403508772
West Bengal,BIRBHUM,2011,Kharif,Soyabean,37,20,0.540540541
West Bengal,BIRBHUM,2011,Kharif,Sunflower,44,42,0.954545455
West Bengal,BIRBHUM,2011,Kharif,Urad,57,16,0.280701754
West Bengal,BIRBHUM,2011,Rabi,Arhar/Tur,11,4,0.363636364
West Bengal,BIRBHUM,2011,Rabi,Barley,11,11,1
West Bengal,BIRBHUM,2011,Rabi,Gram,7147,7687,1.075556177
West Bengal,BIRBHUM,2011,Rabi,Groundnut,7,10,1.428571429
West Bengal,BIRBHUM,2011,Rabi,Khesari,1460,1869,1.280136986
West Bengal,BIRBHUM,2011,Rabi,Linseed,136,20,0.147058824
West Bengal,BIRBHUM,2011,Rabi,Masoor,5803,3658,0.630363605
West Bengal,BIRBHUM,2011,Rabi,Other  Rabi pulses,90,26,0.288888889
West Bengal,BIRBHUM,2011,Rabi,Peas & beans (Pulses),122,144,1.180327869
West Bengal,BIRBHUM,2011,Rabi,Potato,17918,537775,30.0131153
West Bengal,BIRBHUM,2011,Rabi,Rapeseed &Mustard,32282,29807,0.923331888
West Bengal,BIRBHUM,2011,Rabi,Safflower,17,7,0.411764706
West Bengal,BIRBHUM,2011,Rabi,Wheat,32998,86191,2.612006788
West Bengal,BIRBHUM,2011,Summer,Maize,75,120,1.6
West Bengal,BIRBHUM,2011,Summer,Moong(Green Gram),1100,761,0.691818182
West Bengal,BIRBHUM,2011,Summer,Rice,57912,180053,3.109079293
West Bengal,BIRBHUM,2011,Summer,Sesamum,5422,2945,0.543157506
West Bengal,BIRBHUM,2011,Whole Year,Sugarcane,843,72487,85.98695136
West Bengal,BIRBHUM,2011,Winter,Rice,326412,940842,2.882375648
West Bengal,BIRBHUM,2012,Autumn,Groundnut,47,49,1.042553191
West Bengal,BIRBHUM,2012,Autumn,Maize,92,177,1.923913043
West Bengal,BIRBHUM,2012,Autumn,Rice,2477,6209,2.506661284
West Bengal,BIRBHUM,2012,Kharif,Horse-gram,178,72,0.404494382
West Bengal,BIRBHUM,2012,Kharif,Jute,321,6077,18.93146417
West Bengal,BIRBHUM,2012,Kharif,Other Kharif pulses,288,123,0.427083333
West Bengal,BIRBHUM,2012,Kharif,Sannhamp,117,550,4.700854701
West Bengal,BIRBHUM,2012,Kharif,Soyabean,43,23,0.534883721
West Bengal,BIRBHUM,2012,Kharif,Sunflower,68,65,0.955882353
West Bengal,BIRBHUM,2012,Kharif,Urad,112,32,0.285714286
West Bengal,BIRBHUM,2012,Rabi,Arhar/Tur,2,3,1.5
West Bengal,BIRBHUM,2012,Rabi,Barley,16,19,1.1875
West Bengal,BIRBHUM,2012,Rabi,Gram,7131,9239,1.295610714
West Bengal,BIRBHUM,2012,Rabi,Groundnut,14,20,1.428571429
West Bengal,BIRBHUM,2012,Rabi,Khesari,1722,2620,1.521486643
West Bengal,BIRBHUM,2012,Rabi,Linseed,174,82,0.471264368
West Bengal,BIRBHUM,2012,Rabi,Maize,61,58,0.950819672
West Bengal,BIRBHUM,2012,Rabi,Masoor,5799,5051,0.871012243
West Bengal,BIRBHUM,2012,Rabi,Other  Rabi pulses,95,28,0.294736842
West Bengal,BIRBHUM,2012,Rabi,Peas & beans (Pulses),246,266,1.081300813
West Bengal,BIRBHUM,2012,Rabi,Potato,17854,551797,30.90607147
West Bengal,BIRBHUM,2012,Rabi,Rapeseed &Mustard,31343,29265,0.933701305
West Bengal,BIRBHUM,2012,Rabi,Safflower,21,9,0.428571429
West Bengal,BIRBHUM,2012,Rabi,Wheat,32375,91686,2.832
West Bengal,BIRBHUM,2012,Summer,Maize,31,50,1.612903226
West Bengal,BIRBHUM,2012,Summer,Moong(Green Gram),1071,1185,1.106442577
West Bengal,BIRBHUM,2012,Summer,Rice,57118,201202,3.522567317
West Bengal,BIRBHUM,2012,Summer,Sesamum,5066,3734,0.737070667
West Bengal,BIRBHUM,2012,Whole Year,Sugarcane,842,53838,63.94061758
West Bengal,BIRBHUM,2012,Winter,Rice,312496,876823,2.805869515
West Bengal,BIRBHUM,2013,Autumn,Groundnut,46,48,1.043478261
West Bengal,BIRBHUM,2013,Autumn,Rice,2763,6327,2.28990228
West Bengal,BIRBHUM,2013,Kharif,Horse-gram,178,72,0.404494382
West Bengal,BIRBHUM,2013,Kharif,Jute,871,17028,19.54994259
West Bengal,BIRBHUM,2013,Kharif,Mesta,1,13,13
West Bengal,BIRBHUM,2013,Kharif,Other Kharif pulses,94,39,0.414893617
West Bengal,BIRBHUM,2013,Kharif,Sannhamp,116,469,4.043103448
West Bengal,BIRBHUM,2013,Kharif,Soyabean,37,20,0.540540541
West Bengal,BIRBHUM,2013,Kharif,Sunflower,70,67,0.957142857
West Bengal,BIRBHUM,2013,Kharif,Urad,49,10,0.204081633
West Bengal,BIRBHUM,2013,Rabi,Barley,24,31,1.291666667
West Bengal,BIRBHUM,2013,Rabi,Gram,7155,9486,1.325786164
West Bengal,BIRBHUM,2013,Rabi,Khesari,1777,2516,1.415869443
West Bengal,BIRBHUM,2013,Rabi,Linseed,245,73,0.297959184
West Bengal,BIRBHUM,2013,Rabi,Maize,9,8,0.888888889
West Bengal,BIRBHUM,2013,Rabi,Masoor,5864,5519,0.941166439
West Bengal,BIRBHUM,2013,Rabi,Other  Rabi pulses,95,28,0.294736842
West Bengal,BIRBHUM,2013,Rabi,Peas & beans (Pulses),371,510,1.374663073
West Bengal,BIRBHUM,2013,Rabi,Potato,18197,445071,24.45848217
West Bengal,BIRBHUM,2013,Rabi,Rapeseed &Mustard,33497,34451,1.028480162
West Bengal,BIRBHUM,2013,Rabi,Safflower,19,8,0.421052632
West Bengal,BIRBHUM,2013,Rabi,Wheat,34576,99437,2.875896576
West Bengal,BIRBHUM,2013,Summer,Maize,72,116,1.611111111
West Bengal,BIRBHUM,2013,Summer,Moong(Green Gram),1030,1680,1.631067961
West Bengal,BIRBHUM,2013,Summer,Rice,59586,203027,3.40729366
West Bengal,BIRBHUM,2013,Summer,Sesamum,5085,3855,0.758112094
West Bengal,BIRBHUM,2013,Whole Year,Sugarcane,756,50781,67.17063492
West Bengal,BIRBHUM,2013,Winter,Rice,322256,1064745,3.304034681
West Bengal,BIRBHUM,2014,Autumn,Groundnut,47,49,1.042553191
West Bengal,BIRBHUM,2014,Autumn,Maize,267,540,2.02247191
West Bengal,BIRBHUM,2014,Autumn,Rice,2585,6721,2.6
West Bengal,BIRBHUM,2014,Kharif,Jute,323,6702,20.74922601
West Bengal,BIRBHUM,2014,Kharif,Other Kharif pulses,96,43,0.447916667
West Bengal,BIRBHUM,2014,Kharif,Sannhamp,115,506,4.4
West Bengal,BIRBHUM,2014,Kharif,Soyabean,40,22,0.55
West Bengal,BIRBHUM,2014,Kharif,Sunflower,61,58,0.950819672
West Bengal,BIRBHUM,2014,Kharif,Urad,135,37,0.274074074
West Bengal,BIRBHUM,2014,Rabi,Barley,28,36,1.285714286
West Bengal,BIRBHUM,2014,Rabi,Gram,6781,9423,1.38961805
West Bengal,BIRBHUM,2014,Rabi,Groundnut,58,61,1.051724138
West Bengal,BIRBHUM,2014,Rabi,Horse-gram,178,72,0.404494382
West Bengal,BIRBHUM,2014,Rabi,Khesari,1801,3555,1.973903387
West Bengal,BIRBHUM,2014,Rabi,Linseed,289,71,0.24567474
West Bengal,BIRBHUM,2014,Rabi,Maize,35,33,0.942857143
West Bengal,BIRBHUM,2014,Rabi,Masoor,5473,5621,1.027041842
West Bengal,BIRBHUM,2014,Rabi,Other  Rabi pulses,95,28,0.294736842
West Bengal,BIRBHUM,2014,Rabi,Peas & beans (Pulses),417,423,1.014388489
West Bengal,BIRBHUM,2014,Rabi,Potato,16153,492552,30.49291153
West Bengal,BIRBHUM,2014,Rabi,Rapeseed &Mustard,34471,28606,0.829856981
West Bengal,BIRBHUM,2014,Rabi,Safflower,20,8,0.4
West Bengal,BIRBHUM,2014,Rabi,Wheat,33475,95692,2.858610904
West Bengal,BIRBHUM,2014,Summer,Maize,115,276,2.4
West Bengal,BIRBHUM,2014,Summer,Moong(Green Gram),1190,1997,1.678151261
West Bengal,BIRBHUM,2014,Summer,Rice,66581,225789,3.391192683
West Bengal,BIRBHUM,2014,Summer,Sesamum,5018,4155,0.828019131
West Bengal,BIRBHUM,2014,Whole Year,Sugarcane,717,60810,84.81171548
West Bengal,BIRBHUM,2014,Winter,Rice,315561,1029374,3.262044422
West Bengal,COOCHBEHAR,1997,Autumn,Ragi,5,2,0.4
West Bengal,COOCHBEHAR,1997,Autumn,Rice,34950,53050,1.51788269
West Bengal,COOCHBEHAR,1997,Kharif,Jute,101570,884370,8.707000098
West Bengal,COOCHBEHAR,1997,Kharif,Mesta,2232,21180,9.489247312
West Bengal,COOCHBEHAR,1997,Kharif,Urad,2474,1670,0.67502021
West Bengal,COOCHBEHAR,1997,Rabi,Khesari,824,690,0.837378641
West Bengal,COOCHBEHAR,1997,Rabi,Masoor,357,140,0.392156863
West Bengal,COOCHBEHAR,1997,Rabi,Moong(Green Gram),347,8,0.023054755
West Bengal,COOCHBEHAR,1997,Rabi,Oilseeds total,1403200,614800,0.438141391
West Bengal,COOCHBEHAR,1997,Rabi,Urad,3515,2109,0.6
West Bengal,COOCHBEHAR,1997,Rabi,Wheat,21710,32700,1.506218333
West Bengal,COOCHBEHAR,1997,Summer,Moong(Green Gram),347,8,0.023054755
West Bengal,COOCHBEHAR,1997,Summer,Rice,16269,38900,2.391050464
West Bengal,COOCHBEHAR,1997,Whole Year,Arecanut,1500,3300,2.2
West Bengal,COOCHBEHAR,1997,Whole Year,Arhar/Tur,12,10,0.833333333
West Bengal,COOCHBEHAR,1997,Whole Year,Barley,11,10,0.909090909
West Bengal,COOCHBEHAR,1997,Whole Year,Coconut,600,7200,12
West Bengal,COOCHBEHAR,1997,Whole Year,Dry chillies,5150,5596,1.086601942
West Bengal,COOCHBEHAR,1997,Whole Year,Linseed,1959,560,0.285860133
West Bengal,COOCHBEHAR,1997,Whole Year,Maize,7,30,4.285714286
West Bengal,COOCHBEHAR,1997,Whole Year,Niger seed,3710,2226,0.6
West Bengal,COOCHBEHAR,1997,Whole Year,Potato,14158,257728,18.20370109
West Bengal,COOCHBEHAR,1997,Whole Year,Pulses total,785700,486700,0.619447626
West Bengal,COOCHBEHAR,1997,Whole Year,Rapeseed &Mustard,7762,3030,0.390363308
West Bengal,COOCHBEHAR,1997,Whole Year,Sesamum,601,332,0.552412646
West Bengal,COOCHBEHAR,1997,Whole Year,Small millets,1050,960,0.914285714
West Bengal,COOCHBEHAR,1997,Whole Year,Turmeric,550,825,1.5
West Bengal,COOCHBEHAR,1997,Winter,Rice,222464,277140,1.245774597
West Bengal,COOCHBEHAR,1998,Autumn,Rice,32968,43650,1.324011162
West Bengal,COOCHBEHAR,1998,Kharif,Arhar/Tur,151,120,0.794701987
West Bengal,COOCHBEHAR,1998,Kharif,Dry ginger,400,800,2
West Bengal,COOCHBEHAR,1998,Kharif,Jute,74284,629980,8.480695708
West Bengal,COOCHBEHAR,1998,Kharif,Maize,32,120,3.75
West Bengal,COOCHBEHAR,1998,Kharif,Mesta,1322,10930,8.267776097
West Bengal,COOCHBEHAR,1998,Kharif,Niger seed,805,328,0.407453416
West Bengal,COOCHBEHAR,1998,Kharif,Ragi,5,2,0.4
West Bengal,COOCHBEHAR,1998,Kharif,Small millets,800,560,0.7
West Bengal,COOCHBEHAR,1998,Kharif,Urad,2079,720,0.346320346
West Bengal,COOCHBEHAR,1998,Rabi,Gram,30,20,0.666666667
West Bengal,COOCHBEHAR,1998,Rabi,Horse-gram,10,4,0.4
West Bengal,COOCHBEHAR,1998,Rabi,Khesari,2873,1260,0.438565959
West Bengal,COOCHBEHAR,1998,Rabi,Linseed,1810,490,0.270718232
West Bengal,COOCHBEHAR,1998,Rabi,Masoor,816,290,0.355392157
West Bengal,COOCHBEHAR,1998,Rabi,Moong(Green Gram),150,75,0.5
West Bengal,COOCHBEHAR,1998,Rabi,Peas & beans (Pulses),48,30,0.625
West Bengal,COOCHBEHAR,1998,Rabi,Rapeseed &Mustard,7145,3920,0.548635409
West Bengal,COOCHBEHAR,1998,Rabi,Small millets,250,400,1.6
West Bengal,COOCHBEHAR,1998,Rabi,Urad,5000,3000,0.6
West Bengal,COOCHBEHAR,1998,Rabi,Wheat,19202,31290,1.629517759
West Bengal,COOCHBEHAR,1998,Summer,Moong(Green Gram),644,180,0.279503106
West Bengal,COOCHBEHAR,1998,Summer,Rice,27046,83091,3.072210308
West Bengal,COOCHBEHAR,1998,Whole Year,Arecanut,1500,3300,2.2
West Bengal,COOCHBEHAR,1998,Whole Year,Coconut,600,7200,12
West Bengal,COOCHBEHAR,1998,Whole Year,Dry chillies,5000,5413,1.0826
West Bengal,COOCHBEHAR,1998,Whole Year,Potato,25672,583100,22.71346214
West Bengal,COOCHBEHAR,1998,Whole Year,Sesamum,568,301,0.529929577
West Bengal,COOCHBEHAR,1998,Whole Year,Turmeric,500,750,1.5
West Bengal,COOCHBEHAR,1998,Winter,Rice,222381,242130,1.088807047
West Bengal,COOCHBEHAR,1999,Autumn,Dry chillies,1500,1125,0.75
West Bengal,COOCHBEHAR,1999,Autumn,Rice,33848,53380,1.577050343
West Bengal,COOCHBEHAR,1999,Autumn,Sesamum,85,34,0.4
West Bengal,COOCHBEHAR,1999,Kharif,Arhar/Tur,4,3,0.75
West Bengal,COOCHBEHAR,1999,Kharif,Dry ginger,400,800,2
West Bengal,COOCHBEHAR,1999,Kharif,Jute,81093,710250,8.758462506
West Bengal,COOCHBEHAR,1999,Kharif,Maize,3,10,3.333333333
West Bengal,COOCHBEHAR,1999,Kharif,Mesta,1462,11840,8.098495212
West Bengal,COOCHBEHAR,1999,Kharif,Niger seed,3248,1949,0.600061576
West Bengal,COOCHBEHAR,1999,Kharif,Ragi,10,3,0.3
West Bengal,COOCHBEHAR,1999,Kharif,Small millets,730,511,0.7
West Bengal,COOCHBEHAR,1999,Kharif,Urad,735,291,0.395918367
West Bengal,COOCHBEHAR,1999,Rabi,Dry chillies,3500,4288,1.225142857
West Bengal,COOCHBEHAR,1999,Rabi,Horse-gram,10,4,0.4
West Bengal,COOCHBEHAR,1999,Rabi,Khesari,2590,2531,0.977220077
West Bengal,COOCHBEHAR,1999,Rabi,Linseed,2723,768,0.282041866
West Bengal,COOCHBEHAR,1999,Rabi,Masoor,801,547,0.68289638
West Bengal,COOCHBEHAR,1999,Rabi,Moong(Green Gram),225,113,0.502222222
West Bengal,COOCHBEHAR,1999,Rabi,Peas & beans (Pulses),4,4,1
West Bengal,COOCHBEHAR,1999,Rabi,Rapeseed &Mustard,7620,6238,0.818635171
West Bengal,COOCHBEHAR,1999,Rabi,Small millets,250,400,1.6
West Bengal,COOCHBEHAR,1999,Rabi,Urad,4100,2460,0.6
West Bengal,COOCHBEHAR,1999,Rabi,Wheat,16085,33602,2.089027044
West Bengal,COOCHBEHAR,1999,Summer,Moong(Green Gram),375,50,0.133333333
West Bengal,COOCHBEHAR,1999,Summer,Rice,29461,80980,2.748718645
West Bengal,COOCHBEHAR,1999,Summer,Sesamum,264,120,0.454545455
West Bengal,COOCHBEHAR,1999,Whole Year,Arecanut,950,2090,2.2
West Bengal,COOCHBEHAR,1999,Whole Year,Coconut,475,5700,12
West Bengal,COOCHBEHAR,1999,Whole Year,Sugarcane,8,620,77.5
West Bengal,COOCHBEHAR,1999,Whole Year,Tobacco,8760,4380,0.5
West Bengal,COOCHBEHAR,1999,Whole Year,Turmeric,500,750,1.5
West Bengal,COOCHBEHAR,1999,Winter,Potato,14272,336188,23.55577354
West Bengal,COOCHBEHAR,1999,Winter,Rice,228943,305410,1.334000166
West Bengal,COOCHBEHAR,1999,Winter,Sesamum,25,25,1
West Bengal,COOCHBEHAR,2000,Autumn,Rice,30475,48730,1.599015587
West Bengal,COOCHBEHAR,2000,Kharif,Arhar/Tur,19,10,0.526315789
West Bengal,COOCHBEHAR,2000,Kharif,Dry ginger,445,1112,2.498876404
West Bengal,COOCHBEHAR,2000,Kharif,Jute,84092,782630,9.306830614
West Bengal,COOCHBEHAR,2000,Kharif,Maize,4,10,2.5
West Bengal,COOCHBEHAR,2000,Kharif,Mesta,2222,18070,8.132313231
West Bengal,COOCHBEHAR,2000,Kharif,Niger seed,3260,1956,0.6
West Bengal,COOCHBEHAR,2000,Kharif,Ragi,10,3,0.3
West Bengal,COOCHBEHAR,2000,Kharif,Small millets,700,490,0.7
West Bengal,COOCHBEHAR,2000,Kharif,Urad,2498,1160,0.464371497
West Bengal,COOCHBEHAR,2000,Rabi,Gram,12909,10040,0.777751956
West Bengal,COOCHBEHAR,2000,Rabi,Horse-gram,30,12,0.4
West Bengal,COOCHBEHAR,2000,Rabi,Khesari,2314,2480,1.071737252
West Bengal,COOCHBEHAR,2000,Rabi,Linseed,553,220,0.397830018
West Bengal,COOCHBEHAR,2000,Rabi,Masoor,820,520,0.634146341
West Bengal,COOCHBEHAR,2000,Rabi,Moong(Green Gram),250,125,0.5
West Bengal,COOCHBEHAR,2000,Rabi,Peas & beans (Pulses),68,60,0.882352941
West Bengal,COOCHBEHAR,2000,Rabi,Rapeseed &Mustard,8144,5100,0.626227898
West Bengal,COOCHBEHAR,2000,Rabi,Urad,4200,2520,0.6
West Bengal,COOCHBEHAR,2000,Rabi,Wheat,25146,49810,1.980831941
West Bengal,COOCHBEHAR,2000,Summer,Groundnut,87,87,1
West Bengal,COOCHBEHAR,2000,Summer,Moong(Green Gram),327,94,0.287461774
West Bengal,COOCHBEHAR,2000,Summer,Rice,28442,73683,2.590640602
West Bengal,COOCHBEHAR,2000,Whole Year,Arecanut,1000,1500,1.5
West Bengal,COOCHBEHAR,2000,Whole Year,Coconut,525,1050,2
West Bengal,COOCHBEHAR,2000,Whole Year,Dry chillies,5040,5443,1.079960317
West Bengal,COOCHBEHAR,2000,Whole Year,Potato,12231,281697,23.03139563
West Bengal,COOCHBEHAR,2000,Whole Year,Sesamum,587,333,0.567291312
West Bengal,COOCHBEHAR,2000,Whole Year,Tobacco,8760,4380,0.5
West Bengal,COOCHBEHAR,2000,Whole Year,Turmeric,520,780,1.5
West Bengal,COOCHBEHAR,2000,Winter,Rice,232980,394870,1.694866512
West Bengal,COOCHBEHAR,2001,Autumn,Rice,28554,44807,1.569202213
West Bengal,COOCHBEHAR,2001,Kharif,Arhar/Tur,3,2,0.666666667
West Bengal,COOCHBEHAR,2001,Kharif,Dry ginger,350,875,2.5
West Bengal,COOCHBEHAR,2001,Kharif,Jute,85645,904290,10.55858486
West Bengal,COOCHBEHAR,2001,Kharif,Maize,17,55,3.235294118
West Bengal,COOCHBEHAR,2001,Kharif,Mesta,1290,11798,9.145736434
West Bengal,COOCHBEHAR,2001,Kharif,Niger seed,2917,1750,0.599931436
West Bengal,COOCHBEHAR,2001,Kharif,Ragi,15,5,0.333333333
West Bengal,COOCHBEHAR,2001,Kharif,Small millets,800,538,0.6725
West Bengal,COOCHBEHAR,2001,Kharif,Urad,3808,1880,0.493697479
West Bengal,COOCHBEHAR,2001,Rabi,Groundnut,184,138,0.75
West Bengal,COOCHBEHAR,2001,Rabi,Khesari,2138,839,0.392422825
West Bengal,COOCHBEHAR,2001,Rabi,Linseed,905,270,0.298342541
West Bengal,COOCHBEHAR,2001,Rabi,Masoor,1239,568,0.458434221
West Bengal,COOCHBEHAR,2001,Rabi,Peas & beans (Pulses),27,17,0.62962963
West Bengal,COOCHBEHAR,2001,Rabi,Rapeseed &Mustard,9229,4756,0.515332105
West Bengal,COOCHBEHAR,2001,Rabi,Urad,3890,2334,0.6
West Bengal,COOCHBEHAR,2001,Rabi,Wheat,25597,46895,1.832050631
West Bengal,COOCHBEHAR,2001,Summer,Groundnut,184,129,0.701086957
West Bengal,COOCHBEHAR,2001,Summer,Moong(Green Gram),172,47,0.273255814
West Bengal,COOCHBEHAR,2001,Summer,Rice,28214,69654,2.468774367
West Bengal,COOCHBEHAR,2001,Whole Year,Arecanut,1025,1538,1.500487805
West Bengal,COOCHBEHAR,2001,Whole Year,Coconut,550,1100,2
West Bengal,COOCHBEHAR,2001,Whole Year,Dry chillies,5853,6668,1.139244832
West Bengal,COOCHBEHAR,2001,Whole Year,Potato,11217,275060,24.52170812
West Bengal,COOCHBEHAR,2001,Whole Year,Sesamum,350,177,0.505714286
West Bengal,COOCHBEHAR,2001,Whole Year,Sugarcane,1,84,84
West Bengal,COOCHBEHAR,2001,Whole Year,Tobacco,8184,4092,0.5
West Bengal,COOCHBEHAR,2001,Whole Year,Turmeric,426,639,1.5
West Bengal,COOCHBEHAR,2001,Winter,Rice,222425,352220,1.583545015
West Bengal,COOCHBEHAR,2002,Autumn,Dry chillies,825,619,0.75030303
West Bengal,COOCHBEHAR,2002,Autumn,Rice,22774,35727,1.568762624
West Bengal,COOCHBEHAR,2002,Autumn,Sesamum,50,20,0.4
West Bengal,COOCHBEHAR,2002,Kharif,Arhar/Tur,72,65,0.902777778
West Bengal,COOCHBEHAR,2002,Kharif,Dry ginger,365,913,2.501369863
West Bengal,COOCHBEHAR,2002,Kharif,Jute,71732,739346,10.30705961
West Bengal,COOCHBEHAR,2002,Kharif,Maize,35,82,2.342857143
West Bengal,COOCHBEHAR,2002,Kharif,Mesta,1136,7861,6.919894366
West Bengal,COOCHBEHAR,2002,Kharif,Niger seed,3264,1958,0.599877451
West Bengal,COOCHBEHAR,2002,Kharif,Ragi,20,6,0.3
West Bengal,COOCHBEHAR,2002,Kharif,Small millets,650,455,0.7
West Bengal,COOCHBEHAR,2002,Kharif,Urad,2020,1183,0.585643564
West Bengal,COOCHBEHAR,2002,Rabi,Dry chillies,5480,6576,1.2
West Bengal,COOCHBEHAR,2002,Rabi,Groundnut,174,134,0.770114943
West Bengal,COOCHBEHAR,2002,Rabi,Khesari,1846,1320,0.715059588
West Bengal,COOCHBEHAR,2002,Rabi,Linseed,876,235,0.26826484
West Bengal,COOCHBEHAR,2002,Rabi,Masoor,616,241,0.391233766
West Bengal,COOCHBEHAR,2002,Rabi,Peas & beans (Pulses),59,47,0.796610169
West Bengal,COOCHBEHAR,2002,Rabi,Rapeseed &Mustard,10423,4193,0.402283412
West Bengal,COOCHBEHAR,2002,Rabi,Small millets,100,60,0.6
West Bengal,COOCHBEHAR,2002,Rabi,Urad,3500,2100,0.6
West Bengal,COOCHBEHAR,2002,Rabi,Wheat,26145,46380,1.773952955
West Bengal,COOCHBEHAR,2002,Summer,Groundnut,147,103,0.700680272
West Bengal,COOCHBEHAR,2002,Summer,Moong(Green Gram),90,35,0.388888889
West Bengal,COOCHBEHAR,2002,Summer,Rice,27747,64491,2.32425127
West Bengal,COOCHBEHAR,2002,Summer,Sesamum,210,113,0.538095238
West Bengal,COOCHBEHAR,2002,Whole Year,Arecanut,1050,1575,1.5
West Bengal,COOCHBEHAR,2002,Whole Year,Coconut,560,1120,2
West Bengal,COOCHBEHAR,2002,Whole Year,Sugarcane,9,592,65.77777778
West Bengal,COOCHBEHAR,2002,Whole Year,Tobacco,6317,3159,0.500079151
West Bengal,COOCHBEHAR,2002,Whole Year,Turmeric,440,660,1.5
West Bengal,COOCHBEHAR,2002,Winter,Potato,13420,250297,18.65104322
West Bengal,COOCHBEHAR,2002,Winter,Rice,222609,357423,1.605608938
West Bengal,COOCHBEHAR,2002,Winter,Sesamum,158,150,0.949367089
West Bengal,COOCHBEHAR,2003,Autumn,Rice,17369,30968,1.782946629
West Bengal,COOCHBEHAR,2003,Kharif,Arhar/Tur,2,2,1
West Bengal,COOCHBEHAR,2003,Kharif,Dry ginger,400,1000,2.5
West Bengal,COOCHBEHAR,2003,Kharif,Jute,62539,652324,10.43067526
West Bengal,COOCHBEHAR,2003,Kharif,Maize,341,467,1.369501466
West Bengal,COOCHBEHAR,2003,Kharif,Mesta,857,6019,7.023337223
West Bengal,COOCHBEHAR,2003,Kharif,Niger seed,4730,3311,0.7
West Bengal,COOCHBEHAR,2003,Kharif,Ragi,20,6,0.3
West Bengal,COOCHBEHAR,2003,Kharif,Small millets,650,455,0.7
West Bengal,COOCHBEHAR,2003,Kharif,Sunflower,97,44,0.453608247
West Bengal,COOCHBEHAR,2003,Kharif,Urad,2159,1072,0.49652617
West Bengal,COOCHBEHAR,2003,Rabi,Groundnut,170,255,1.5
West Bengal,COOCHBEHAR,2003,Rabi,Horse-gram,140,84,0.6
West Bengal,COOCHBEHAR,2003,Rabi,Khesari,1024,825,0.805664063
West Bengal,COOCHBEHAR,2003,Rabi,Linseed,914,213,0.233041575
West Bengal,COOCHBEHAR,2003,Rabi,Masoor,1303,511,0.392171911
West Bengal,COOCHBEHAR,2003,Rabi,Moong(Green Gram),238,179,0.75210084
West Bengal,COOCHBEHAR,2003,Rabi,Peas & beans (Pulses),32,37,1.15625
West Bengal,COOCHBEHAR,2003,Rabi,Rapeseed &Mustard,23251,11936,0.513354264
West Bengal,COOCHBEHAR,2003,Rabi,Urad,3530,2471,0.7
West Bengal,COOCHBEHAR,2003,Rabi,Wheat,21503,38131,1.773287448
West Bengal,COOCHBEHAR,2003,Summer,Groundnut,170,136,0.8
West Bengal,COOCHBEHAR,2003,Summer,Moong(Green Gram),12,5,0.416666667
West Bengal,COOCHBEHAR,2003,Summer,Rice,35750,90233,2.524
West Bengal,COOCHBEHAR,2003,Whole Year,Arecanut,1050,1575,1.5
West Bengal,COOCHBEHAR,2003,Whole Year,Coconut,575,1150,2
West Bengal,COOCHBEHAR,2003,Whole Year,Dry chillies,6300,7200,1.142857143
West Bengal,COOCHBEHAR,2003,Whole Year,Potato,10673,262101,24.5573878
West Bengal,COOCHBEHAR,2003,Whole Year,Sesamum,240,189,0.7875
West Bengal,COOCHBEHAR,2003,Whole Year,Sugarcane,3,223,74.33333333
West Bengal,COOCHBEHAR,2003,Whole Year,Tobacco,11974,8903,0.743527643
West Bengal,COOCHBEHAR,2003,Whole Year,Turmeric,425,638,1.501176471
West Bengal,COOCHBEHAR,2003,Winter,Rice,223111,394216,1.766905262
West Bengal,COOCHBEHAR,2004,Autumn,Rice,14031,18116,1.291141045
West Bengal,COOCHBEHAR,2004,Kharif,Dry ginger,420,1050,2.5
West Bengal,COOCHBEHAR,2004,Kharif,Jute,65850,623168,9.463447229
West Bengal,COOCHBEHAR,2004,Kharif,Maize,2215,11154,5.035665914
West Bengal,COOCHBEHAR,2004,Kharif,Mesta,274,2431,8.872262774
West Bengal,COOCHBEHAR,2004,Kharif,Niger seed,4045,2872,0.710012361
West Bengal,COOCHBEHAR,2004,Kharif,Ragi,20,6,0.3
West Bengal,COOCHBEHAR,2004,Kharif,Small millets,655,472,0.720610687
West Bengal,COOCHBEHAR,2004,Kharif,Sunflower,114,49,0.429824561
West Bengal,COOCHBEHAR,2004,Kharif,Urad,1977,848,0.428932726
West Bengal,COOCHBEHAR,2004,Rabi,Horse-gram,50,31,0.62
West Bengal,COOCHBEHAR,2004,Rabi,Khesari,1091,601,0.550870761
West Bengal,COOCHBEHAR,2004,Rabi,Linseed,911,185,0.203073546
West Bengal,COOCHBEHAR,2004,Rabi,Masoor,989,313,0.316481294
West Bengal,COOCHBEHAR,2004,Rabi,Moong(Green Gram),35,25,0.714285714
West Bengal,COOCHBEHAR,2004,Rabi,Peas & beans (Pulses),7,4,0.571428571
West Bengal,COOCHBEHAR,2004,Rabi,Rapeseed &Mustard,23761,9434,0.397037162
West Bengal,COOCHBEHAR,2004,Rabi,Urad,3395,2512,0.739911635
West Bengal,COOCHBEHAR,2004,Rabi,Wheat,17568,33387,1.900443989
West Bengal,COOCHBEHAR,2004,Summer,Moong(Green Gram),417,139,0.333333333
West Bengal,COOCHBEHAR,2004,Summer,Rice,38783,88965,2.293917438
West Bengal,COOCHBEHAR,2004,Whole Year,Coconut,645,8256,12.8
West Bengal,COOCHBEHAR,2004,Whole Year,Dry chillies,6722,11158,1.659922642
West Bengal,COOCHBEHAR,2004,Whole Year,Groundnut,386,356,0.922279793
West Bengal,COOCHBEHAR,2004,Whole Year,Potato,16849,427920,25.39735296
West Bengal,COOCHBEHAR,2004,Whole Year,Sannhamp,150,975,6.5
West Bengal,COOCHBEHAR,2004,Whole Year,Sesamum,829,513,0.618817853
West Bengal,COOCHBEHAR,2004,Whole Year,Sugarcane,5,340,68
West Bengal,COOCHBEHAR,2004,Whole Year,Tobacco,14115,19450,1.377966702
West Bengal,COOCHBEHAR,2004,Whole Year,Turmeric,484,726,1.5
West Bengal,COOCHBEHAR,2004,Winter,Rice,216497,366064,1.69085022
West Bengal,COOCHBEHAR,2005,Autumn,Rice,12032,17728,1.473404255
West Bengal,COOCHBEHAR,2005,Kharif,Dry ginger,420,1050,2.5
West Bengal,COOCHBEHAR,2005,Kharif,Jute,69989,764207,10.91895869
West Bengal,COOCHBEHAR,2005,Kharif,Maize,3052,22622,7.412188729
West Bengal,COOCHBEHAR,2005,Kharif,Mesta,353,3249,9.203966006
West Bengal,COOCHBEHAR,2005,Kharif,Niger seed,2670,2002,0.749812734
West Bengal,COOCHBEHAR,2005,Kharif,Ragi,20,6,0.3
West Bengal,COOCHBEHAR,2005,Kharif,Small millets,655,472,0.720610687
West Bengal,COOCHBEHAR,2005,Kharif,Urad,2987,923,0.309005691
West Bengal,COOCHBEHAR,2005,Rabi,Arhar/Tur,13,11,0.846153846
West Bengal,COOCHBEHAR,2005,Rabi,Horse-gram,70,46,0.657142857
West Bengal,COOCHBEHAR,2005,Rabi,Khesari,1695,615,0.362831858
West Bengal,COOCHBEHAR,2005,Rabi,Linseed,807,146,0.180916976
West Bengal,COOCHBEHAR,2005,Rabi,Masoor,552,139,0.251811594
West Bengal,COOCHBEHAR,2005,Rabi,Moong(Green Gram),60,45,0.75
West Bengal,COOCHBEHAR,2005,Rabi,Peas & beans (Pulses),6,5,0.833333333
West Bengal,COOCHBEHAR,2005,Rabi,Rapeseed &Mustard,17941,8401,0.468257065
West Bengal,COOCHBEHAR,2005,Rabi,Urad,3255,6191,1.901996928
West Bengal,COOCHBEHAR,2005,Rabi,Wheat,14030,23615,1.683178902
West Bengal,COOCHBEHAR,2005,Summer,Moong(Green Gram),554,223,0.402527076
West Bengal,COOCHBEHAR,2005,Summer,Rice,33222,78806,2.372102823
West Bengal,COOCHBEHAR,2005,Whole Year,Arecanut,1146,5730,5
West Bengal,COOCHBEHAR,2005,Whole Year,Coconut,645,8256,12.8
West Bengal,COOCHBEHAR,2005,Whole Year,Dry chillies,6647,11023,1.658342109
West Bengal,COOCHBEHAR,2005,Whole Year,Groundnut,530,1212,2.286792453
West Bengal,COOCHBEHAR,2005,Whole Year,Potato,24068,242966,10.09498089
West Bengal,COOCHBEHAR,2005,Whole Year,Sannhamp,150,900,6
West Bengal,COOCHBEHAR,2005,Whole Year,Sesamum,547,365,0.667276051
West Bengal,COOCHBEHAR,2005,Whole Year,Tobacco,13100,19355,1.477480916
West Bengal,COOCHBEHAR,2005,Whole Year,Turmeric,484,726,1.5
West Bengal,COOCHBEHAR,2005,Winter,Rice,235239,449044,1.908884156
West Bengal,COOCHBEHAR,2006,Autumn,Rice,12407,10987,0.885548481
West Bengal,COOCHBEHAR,2006,Kharif,Dry ginger,450,1170,2.6
West Bengal,COOCHBEHAR,2006,Kharif,Jute,73101,761987,10.42375617
West Bengal,COOCHBEHAR,2006,Kharif,Maize,5900,35200,5.966101695
West Bengal,COOCHBEHAR,2006,Kharif,Mesta,1005,7757,7.71840796
West Bengal,COOCHBEHAR,2006,Kharif,Niger seed,2670,2003,0.750187266
West Bengal,COOCHBEHAR,2006,Kharif,Ragi,30,11,0.366666667
West Bengal,COOCHBEHAR,2006,Kharif,Small millets,670,503,0.750746269
West Bengal,COOCHBEHAR,2006,Kharif,Urad,2741,862,0.314483765
West Bengal,COOCHBEHAR,2006,Rabi,Arhar/Tur,16,4,0.25
West Bengal,COOCHBEHAR,2006,Rabi,Horse-gram,45,28,0.622222222
West Bengal,COOCHBEHAR,2006,Rabi,Khesari,958,692,0.722338205
West Bengal,COOCHBEHAR,2006,Rabi,Linseed,791,126,0.159292035
West Bengal,COOCHBEHAR,2006,Rabi,Masoor,1063,316,0.297271872
West Bengal,COOCHBEHAR,2006,Rabi,Moong(Green Gram),175,126,0.72
West Bengal,COOCHBEHAR,2006,Rabi,Peas & beans (Pulses),1,1,1
West Bengal,COOCHBEHAR,2006,Rabi,Rapeseed &Mustard,17951,9046,0.503927358
West Bengal,COOCHBEHAR,2006,Rabi,Urad,3830,2834,0.739947781
West Bengal,COOCHBEHAR,2006,Rabi,Wheat,12879,25192,1.956052489
West Bengal,COOCHBEHAR,2006,Summer,Rice,30049,83386,2.775000832
West Bengal,COOCHBEHAR,2006,Whole Year,Arecanut,16000,92000,5.75
West Bengal,COOCHBEHAR,2006,Whole Year,Coconut,750,9750000,13000
West Bengal,COOCHBEHAR,2006,Whole Year,Dry chillies,7050,12840,1.821276596
West Bengal,COOCHBEHAR,2006,Whole Year,Groundnut,685,495,0.722627737
West Bengal,COOCHBEHAR,2006,Whole Year,Potato,24121,273044,11.31976286
West Bengal,COOCHBEHAR,2006,Whole Year,Sannhamp,170,1105,6.5
West Bengal,COOCHBEHAR,2006,Whole Year,Sesamum,487,359,0.737166324
West Bengal,COOCHBEHAR,2006,Whole Year,Sugarcane,8,820,102.5
West Bengal,COOCHBEHAR,2006,Whole Year,Tobacco,11260,16147,1.43401421
West Bengal,COOCHBEHAR,2006,Whole Year,Turmeric,600,960,1.6
West Bengal,COOCHBEHAR,2006,Winter,Rice,196996,351419,1.783889013
West Bengal,COOCHBEHAR,2007,Autumn,Rice,12303,16627,1.351458994
West Bengal,COOCHBEHAR,2007,Autumn,Sesamum,150,62,0.413333333
West Bengal,COOCHBEHAR,2007,Kharif,Dry ginger,590,1685,2.855932203
West Bengal,COOCHBEHAR,2007,Kharif,Garlic,870,9230,10.6091954
West Bengal,COOCHBEHAR,2007,Kharif,Groundnut,275,114,0.414545455
West Bengal,COOCHBEHAR,2007,Kharif,Jute,87694,985124,11.23365339
West Bengal,COOCHBEHAR,2007,Kharif,Maize,184,425,2.309782609
West Bengal,COOCHBEHAR,2007,Kharif,Mesta,272,2305,8.474264706
West Bengal,COOCHBEHAR,2007,Kharif,Niger seed,2730,1993,0.73003663
West Bengal,COOCHBEHAR,2007,Kharif,Ragi,45,14,0.311111111
West Bengal,COOCHBEHAR,2007,Kharif,Sannhamp,180,1170,6.5
West Bengal,COOCHBEHAR,2007,Kharif,Small millets,680,513,0.754411765
West Bengal,COOCHBEHAR,2007,Kharif,Urad,1127,494,0.438331854
West Bengal,COOCHBEHAR,2007,Rabi,Arhar/Tur,5,4,0.8
West Bengal,COOCHBEHAR,2007,Rabi,Groundnut,185,180,0.972972973
West Bengal,COOCHBEHAR,2007,Rabi,Horse-gram,50,32,0.64
West Bengal,COOCHBEHAR,2007,Rabi,Khesari,569,250,0.439367311
West Bengal,COOCHBEHAR,2007,Rabi,Linseed,953,288,0.302203568
West Bengal,COOCHBEHAR,2007,Rabi,Maize,4787,28722,6
West Bengal,COOCHBEHAR,2007,Rabi,Masoor,608,272,0.447368421
West Bengal,COOCHBEHAR,2007,Rabi,Moong(Green Gram),180,131,0.727777778
West Bengal,COOCHBEHAR,2007,Rabi,Rapeseed &Mustard,16059,6598,0.410859954
West Bengal,COOCHBEHAR,2007,Rabi,Urad,3360,2503,0.744940476
West Bengal,COOCHBEHAR,2007,Rabi,Wheat,13366,29302,2.192278917
West Bengal,COOCHBEHAR,2007,Summer,Groundnut,155,128,0.825806452
West Bengal,COOCHBEHAR,2007,Summer,Maize,4750,28500,6
West Bengal,COOCHBEHAR,2007,Summer,Rice,50357,147655,2.932164347
West Bengal,COOCHBEHAR,2007,Summer,Sesamum,4,3,0.75
West Bengal,COOCHBEHAR,2007,Whole Year,Arecanut,2670,3000,1.123595506
West Bengal,COOCHBEHAR,2007,Whole Year,Coconut,1250,10750000,8600
West Bengal,COOCHBEHAR,2007,Whole Year,Dry chillies,7740,17170,2.218346253
West Bengal,COOCHBEHAR,2007,Whole Year,Potato,18639,478949,25.69606739
West Bengal,COOCHBEHAR,2007,Whole Year,Tobacco,10980,16024,1.459380692
West Bengal,COOCHBEHAR,2007,Whole Year,Turmeric,1500,2600,1.733333333
West Bengal,COOCHBEHAR,2007,Winter,Rice,230836,354548,1.535930271
West Bengal,COOCHBEHAR,2007,Winter,Sesamum,300,267,0.89
West Bengal,COOCHBEHAR,2008,Autumn,Maize,375,1058,2.821333333
West Bengal,COOCHBEHAR,2008,Autumn,Rice,12953,21467,1.657299467
West Bengal,COOCHBEHAR,2008,Autumn,Sesamum,170,68,0.4
West Bengal,COOCHBEHAR,2008,Kharif,Dry ginger,595,1686,2.833613445
West Bengal,COOCHBEHAR,2008,Kharif,Groundnut,290,120,0.413793103
West Bengal,COOCHBEHAR,2008,Kharif,Jute,85203,977935,11.47770618
West Bengal,COOCHBEHAR,2008,Kharif,Mesta,178,1597,8.971910112
West Bengal,COOCHBEHAR,2008,Kharif,Niger seed,2860,2116,0.73986014
West Bengal,COOCHBEHAR,2008,Kharif,Sannhamp,190,1254,6.6
West Bengal,COOCHBEHAR,2008,Kharif,Small millets,725,551,0.76
West Bengal,COOCHBEHAR,2008,Kharif,Urad,2319,1060,0.457093575
West Bengal,COOCHBEHAR,2008,Rabi,Arhar/Tur,22,17,0.772727273
West Bengal,COOCHBEHAR,2008,Rabi,Barley,5,10,2
West Bengal,COOCHBEHAR,2008,Rabi,Groundnut,190,185,0.973684211
West Bengal,COOCHBEHAR,2008,Rabi,Horse-gram,55,35,0.636363636
West Bengal,COOCHBEHAR,2008,Rabi,Khesari,404,360,0.891089109
West Bengal,COOCHBEHAR,2008,Rabi,Linseed,668,103,0.154191617
West Bengal,COOCHBEHAR,2008,Rabi,Maize,4049,23484,5.799950605
West Bengal,COOCHBEHAR,2008,Rabi,Masoor,609,172,0.282430213
West Bengal,COOCHBEHAR,2008,Rabi,Moong(Green Gram),185,135,0.72972973
West Bengal,COOCHBEHAR,2008,Rabi,Peas & beans (Pulses),5,3,0.6
West Bengal,COOCHBEHAR,2008,Rabi,Rapeseed &Mustard,9956,3166,0.317999196
West Bengal,COOCHBEHAR,2008,Rabi,Urad,3365,2524,0.750074294
West Bengal,COOCHBEHAR,2008,Rabi,Wheat,10233,16597,1.621909508
West Bengal,COOCHBEHAR,2008,Summer,Groundnut,170,143,0.841176471
West Bengal,COOCHBEHAR,2008,Summer,Maize,4049,24294,6
West Bengal,COOCHBEHAR,2008,Summer,Moong(Green Gram),127,78,0.614173228
West Bengal,COOCHBEHAR,2008,Summer,Rice,67270,114835,1.707075963
West Bengal,COOCHBEHAR,2008,Summer,Sesamum,1,1,1
West Bengal,COOCHBEHAR,2008,Whole Year,Arecanut,2575,3200,1.242718447
West Bengal,COOCHBEHAR,2008,Whole Year,Coconut,1255,17060,13.5936255
West Bengal,COOCHBEHAR,2008,Whole Year,Dry chillies,7760,16262,2.095618557
West Bengal,COOCHBEHAR,2008,Whole Year,Potato,27505,340272,12.37127795
West Bengal,COOCHBEHAR,2008,Whole Year,Tobacco,12010,17574,1.4632806
West Bengal,COOCHBEHAR,2008,Whole Year,Turmeric,1510,2608,1.727152318
West Bengal,COOCHBEHAR,2008,Winter,Rice,229612,364084,1.585648834
West Bengal,COOCHBEHAR,2008,Winter,Sesamum,280,250,0.892857143
West Bengal,COOCHBEHAR,2009,Autumn,Groundnut,290,125,0.431034483
West Bengal,COOCHBEHAR,2009,Autumn,Maize,407,933,2.292383292
West Bengal,COOCHBEHAR,2009,Autumn,Ragi,60,19,0.316666667
West Bengal,COOCHBEHAR,2009,Autumn,Rice,4090,5885,1.438875306
West Bengal,COOCHBEHAR,2009,Autumn,Sesamum,165,68,0.412121212
West Bengal,COOCHBEHAR,2009,Kharif,Jute,87208,1084117,12.43139391
West Bengal,COOCHBEHAR,2009,Kharif,Mesta,225,3015,13.4
West Bengal,COOCHBEHAR,2009,Kharif,Niger seed,1730,1323,0.764739884
West Bengal,COOCHBEHAR,2009,Kharif,Sannhamp,200,1360,6.8
West Bengal,COOCHBEHAR,2009,Kharif,Small millets,695,528,0.75971223
West Bengal,COOCHBEHAR,2009,Kharif,Sunflower,50,63,1.26
West Bengal,COOCHBEHAR,2009,Kharif,Urad,913,583,0.638554217
West Bengal,COOCHBEHAR,2009,Rabi,Groundnut,67,168,2.507462687
West Bengal,COOCHBEHAR,2009,Rabi,Horse-gram,60,39,0.65
West Bengal,COOCHBEHAR,2009,Rabi,Khesari,236,267,1.131355932
West Bengal,COOCHBEHAR,2009,Rabi,Linseed,763,219,0.287024902
West Bengal,COOCHBEHAR,2009,Rabi,Maize,6010,35038,5.829950083
West Bengal,COOCHBEHAR,2009,Rabi,Masoor,886,408,0.460496614
West Bengal,COOCHBEHAR,2009,Rabi,Moong(Green Gram),190,142,0.747368421
West Bengal,COOCHBEHAR,2009,Rabi,Peas & beans (Pulses),13,9,0.692307692
West Bengal,COOCHBEHAR,2009,Rabi,Potato,27877,845019,30.31240808
West Bengal,COOCHBEHAR,2009,Rabi,Rapeseed &Mustard,8604,3989,0.463621571
West Bengal,COOCHBEHAR,2009,Rabi,Urad,3410,2609,0.765102639
West Bengal,COOCHBEHAR,2009,Rabi,Wheat,12439,24686,1.984564676
West Bengal,COOCHBEHAR,2009,Summer,Groundnut,185,156,0.843243243
West Bengal,COOCHBEHAR,2009,Summer,Maize,4374,26603,6.082075903
West Bengal,COOCHBEHAR,2009,Summer,Rice,51428,144105,2.802072801
West Bengal,COOCHBEHAR,2009,Summer,Sesamum,4,2,0.5
West Bengal,COOCHBEHAR,2009,Whole Year,Tobacco,13180,19644,1.490440061
West Bengal,COOCHBEHAR,2009,Winter,Rice,218509,411030,1.881066684
West Bengal,COOCHBEHAR,2009,Winter,Sesamum,274,243,0.886861314
West Bengal,COOCHBEHAR,2010,Autumn,Groundnut,300,123,0.41
West Bengal,COOCHBEHAR,2010,Autumn,Maize,484,1306,2.698347107
West Bengal,COOCHBEHAR,2010,Autumn,Ragi,75,24,0.32
West Bengal,COOCHBEHAR,2010,Autumn,Rice,1733,2756,1.590305828
West Bengal,COOCHBEHAR,2010,Autumn,Sesamum,170,72,0.423529412
West Bengal,COOCHBEHAR,2010,Kharif,Horse-gram,65,43,0.661538462
West Bengal,COOCHBEHAR,2010,Kharif,Jute,75091,712680,9.490884394
West Bengal,COOCHBEHAR,2010,Kharif,Mesta,91,1041,11.43956044
West Bengal,COOCHBEHAR,2010,Kharif,Niger seed,1860,1469,0.789784946
West Bengal,COOCHBEHAR,2010,Kharif,Sannhamp,205,1000,4.87804878
West Bengal,COOCHBEHAR,2010,Kharif,Small millets,705,546,0.774468085
West Bengal,COOCHBEHAR,2010,Kharif,Urad,480,202,0.420833333
West Bengal,COOCHBEHAR,2010,Rabi,Groundnut,220,231,1.05
West Bengal,COOCHBEHAR,2010,Rabi,Khesari,549,586,1.067395264
West Bengal,COOCHBEHAR,2010,Rabi,Linseed,1008,292,0.28968254
West Bengal,COOCHBEHAR,2010,Rabi,Maize,4075,23818,5.844907975
West Bengal,COOCHBEHAR,2010,Rabi,Masoor,733,303,0.413369714
West Bengal,COOCHBEHAR,2010,Rabi,Moong(Green Gram),210,159,0.757142857
West Bengal,COOCHBEHAR,2010,Rabi,Peas & beans (Pulses),121,147,1.214876033
West Bengal,COOCHBEHAR,2010,Rabi,Potato,29979,650760,21.70719504
West Bengal,COOCHBEHAR,2010,Rabi,Rapeseed &Mustard,10424,5618,0.53894858
West Bengal,COOCHBEHAR,2010,Rabi,Urad,3425,2637,0.769927007
West Bengal,COOCHBEHAR,2010,Rabi,Wheat,10570,21498,2.033869442
West Bengal,COOCHBEHAR,2010,Summer,Groundnut,170,142,0.835294118
West Bengal,COOCHBEHAR,2010,Summer,Maize,4391,26465,6.027100888
West Bengal,COOCHBEHAR,2010,Summer,Moong(Green Gram),3,2,0.666666667
West Bengal,COOCHBEHAR,2010,Summer,Rice,51338,148435,2.891328061
West Bengal,COOCHBEHAR,2010,Summer,Sesamum,43,26,0.604651163
West Bengal,COOCHBEHAR,2010,Whole Year,Tobacco,13475,20483,1.520074212
West Bengal,COOCHBEHAR,2010,Winter,Rice,222220,505675,2.275560256
West Bengal,COOCHBEHAR,2010,Winter,Sesamum,290,258,0.889655172
West Bengal,COOCHBEHAR,2011,Autumn,Groundnut,310,129,0.416129032
West Bengal,COOCHBEHAR,2011,Autumn,Maize,656,1487,2.266768293
West Bengal,COOCHBEHAR,2011,Autumn,Ragi,80,26,0.325
West Bengal,COOCHBEHAR,2011,Autumn,Rice,4218,6923,1.641299194
West Bengal,COOCHBEHAR,2011,Autumn,Sesamum,185,81,0.437837838
West Bengal,COOCHBEHAR,2011,Kharif,Horse-gram,70,47,0.671428571
West Bengal,COOCHBEHAR,2011,Kharif,Jute,79356,1028825,12.96467816
West Bengal,COOCHBEHAR,2011,Kharif,Mesta,42,403,9.595238095
West Bengal,COOCHBEHAR,2011,Kharif,Niger seed,1875,1500,0.8
West Bengal,COOCHBEHAR,2011,Kharif,Sannhamp,55,165,3
West Bengal,COOCHBEHAR,2011,Kharif,Small millets,720,562,0.780555556
West Bengal,COOCHBEHAR,2011,Kharif,Urad,1892,961,0.507928118
West Bengal,COOCHBEHAR,2011,Rabi,Barley,10,19,1.9
West Bengal,COOCHBEHAR,2011,Rabi,Groundnut,235,244,1.038297872
West Bengal,COOCHBEHAR,2011,Rabi,Khesari,261,278,1.0651341
West Bengal,COOCHBEHAR,2011,Rabi,Linseed,1051,365,0.347288297
West Bengal,COOCHBEHAR,2011,Rabi,Maize,4290,25204,5.875058275
West Bengal,COOCHBEHAR,2011,Rabi,Masoor,201,107,0.532338308
West Bengal,COOCHBEHAR,2011,Rabi,Moong(Green Gram),215,166,0.772093023
West Bengal,COOCHBEHAR,2011,Rabi,Potato,23711,604827,25.50828729
West Bengal,COOCHBEHAR,2011,Rabi,Rapeseed &Mustard,10919,4862,0.445278872
West Bengal,COOCHBEHAR,2011,Rabi,Urad,3440,2683,0.77994186
West Bengal,COOCHBEHAR,2011,Rabi,Wheat,10652,23582,2.213856553
West Bengal,COOCHBEHAR,2011,Summer,Maize,4400,27280,6.2
West Bengal,COOCHBEHAR,2011,Summer,Moong(Green Gram),167,100,0.598802395
West Bengal,COOCHBEHAR,2011,Summer,Rice,49330,141713,2.872754916
West Bengal,COOCHBEHAR,2011,Summer,Sesamum,147,81,0.551020408
West Bengal,COOCHBEHAR,2011,Whole Year,Sugarcane,756,87994,116.3941799
West Bengal,COOCHBEHAR,2011,Whole Year,Tobacco,16840,25980,1.542755344
West Bengal,COOCHBEHAR,2011,Winter,Rice,219727,452052,2.057334784
West Bengal,COOCHBEHAR,2011,Winter,Sesamum,290,260,0.896551724
West Bengal,COOCHBEHAR,2012,Autumn,Groundnut,325,157,0.483076923
West Bengal,COOCHBEHAR,2012,Autumn,Maize,1797,4375,2.434613244
West Bengal,COOCHBEHAR,2012,Autumn,Ragi,72,23,0.319444444
West Bengal,COOCHBEHAR,2012,Autumn,Rice,4214,6367,1.510915994
West Bengal,COOCHBEHAR,2012,Autumn,Sesamum,190,84,0.442105263
West Bengal,COOCHBEHAR,2012,Autumn,Small millets,707,545,0.770862801
West Bengal,COOCHBEHAR,2012,Kharif,Horse-gram,65,43,0.661538462
West Bengal,COOCHBEHAR,2012,Kharif,Jute,75928,987393,13.00433305
West Bengal,COOCHBEHAR,2012,Kharif,Mesta,128,1489,11.6328125
West Bengal,COOCHBEHAR,2012,Kharif,Niger seed,1470,1250,0.850340136
West Bengal,COOCHBEHAR,2012,Kharif,Sannhamp,153,459,3
West Bengal,COOCHBEHAR,2012,Kharif,Urad,2345,912,0.38891258
West Bengal,COOCHBEHAR,2012,Rabi,Groundnut,195,234,1.2
West Bengal,COOCHBEHAR,2012,Rabi,Khesari,265,166,0.626415094
West Bengal,COOCHBEHAR,2012,Rabi,Linseed,1009,288,0.28543112
West Bengal,COOCHBEHAR,2012,Rabi,Maize,7100,46150,6.5
West Bengal,COOCHBEHAR,2012,Rabi,Masoor,216,116,0.537037037
West Bengal,COOCHBEHAR,2012,Rabi,Moong(Green Gram),213,163,0.765258216
West Bengal,COOCHBEHAR,2012,Rabi,Potato,24573,744341,30.29101046
West Bengal,COOCHBEHAR,2012,Rabi,Rapeseed &Mustard,10905,4169,0.382301696
West Bengal,COOCHBEHAR,2012,Rabi,Urad,3425,2644,0.771970803
West Bengal,COOCHBEHAR,2012,Rabi,Wheat,10596,25908,2.445073613
West Bengal,COOCHBEHAR,2012,Summer,Maize,4388,26780,6.103008204
West Bengal,COOCHBEHAR,2012,Summer,Moong(Green Gram),202,143,0.707920792
West Bengal,COOCHBEHAR,2012,Summer,Rice,53869,176821,3.282425885
West Bengal,COOCHBEHAR,2012,Summer,Sesamum,127,83,0.653543307
West Bengal,COOCHBEHAR,2012,Whole Year,Sugarcane,760,79471,104.5671053
West Bengal,COOCHBEHAR,2012,Whole Year,Tobacco,11600,21000,1.810344828
West Bengal,COOCHBEHAR,2012,Winter,Rice,219730,487072,2.216684112
West Bengal,COOCHBEHAR,2012,Winter,Sesamum,315,283,0.898412698
West Bengal,COOCHBEHAR,2013,Autumn,Groundnut,250,171,0.684
West Bengal,COOCHBEHAR,2013,Autumn,Maize,2677,7434,2.776989167
West Bengal,COOCHBEHAR,2013,Autumn,Rice,4170,7106,1.704076739
West Bengal,COOCHBEHAR,2013,Autumn,Sesamum,100,45,0.45
West Bengal,COOCHBEHAR,2013,Autumn,Small millets,712,554,0.778089888
West Bengal,COOCHBEHAR,2013,Kharif,Bajra,110,28,0.254545455
West Bengal,COOCHBEHAR,2013,Kharif,Horse-gram,95,62,0.652631579
West Bengal,COOCHBEHAR,2013,Kharif,Jute,76238,917138,12.02993258
West Bengal,COOCHBEHAR,2013,Kharif,Mesta,139,1392,10.01438849
West Bengal,COOCHBEHAR,2013,Kharif,Niger seed,2250,1913,0.850222222
West Bengal,COOCHBEHAR,2013,Kharif,Other Kharif pulses,57,22,0.385964912
West Bengal,COOCHBEHAR,2013,Kharif,Sannhamp,138,359,2.601449275
West Bengal,COOCHBEHAR,2013,Kharif,Urad,2332,771,0.330617496
West Bengal,COOCHBEHAR,2013,Rabi,Groundnut,220,264,1.2
West Bengal,COOCHBEHAR,2013,Rabi,Khesari,316,333,1.053797468
West Bengal,COOCHBEHAR,2013,Rabi,Linseed,1062,300,0.282485876
West Bengal,COOCHBEHAR,2013,Rabi,Maize,12750,82875,6.5
West Bengal,COOCHBEHAR,2013,Rabi,Masoor,214,89,0.41588785
West Bengal,COOCHBEHAR,2013,Rabi,Moong(Green Gram),255,207,0.811764706
West Bengal,COOCHBEHAR,2013,Rabi,Potato,35064,597989,17.05421515
West Bengal,COOCHBEHAR,2013,Rabi,Ragi,76,24,0.315789474
West Bengal,COOCHBEHAR,2013,Rabi,Rapeseed &Mustard,10796,7700,0.713227121
West Bengal,COOCHBEHAR,2013,Rabi,Urad,1950,1560,0.8
West Bengal,COOCHBEHAR,2013,Rabi,Wheat,11250,23178,2.060266667
West Bengal,COOCHBEHAR,2013,Summer,Maize,4393,26841,6.109947644
West Bengal,COOCHBEHAR,2013,Summer,Moong(Green Gram),209,150,0.717703349
West Bengal,COOCHBEHAR,2013,Summer,Rice,56109,180652,3.21966173
West Bengal,COOCHBEHAR,2013,Summer,Sesamum,154,117,0.75974026
West Bengal,COOCHBEHAR,2013,Whole Year,Sugarcane,735,75239,102.3659864
West Bengal,COOCHBEHAR,2013,Whole Year,Tobacco,11770,21310,1.810535259
West Bengal,COOCHBEHAR,2013,Winter,Rice,212855,540216,2.537953067
West Bengal,COOCHBEHAR,2013,Winter,Sesamum,320,288,0.9
West Bengal,COOCHBEHAR,2014,Autumn,Groundnut,295,196,0.66440678
West Bengal,COOCHBEHAR,2014,Autumn,Maize,2745,6982,2.543533698
West Bengal,COOCHBEHAR,2014,Autumn,Ragi,76,24,0.315789474
West Bengal,COOCHBEHAR,2014,Autumn,Rice,4050,7113,1.756296296
West Bengal,COOCHBEHAR,2014,Autumn,Sesamum,158,70,0.443037975
West Bengal,COOCHBEHAR,2014,Autumn,Small millets,713,553,0.775596073
West Bengal,COOCHBEHAR,2014,Kharif,Bajra,115,29,0.252173913
West Bengal,COOCHBEHAR,2014,Kharif,Jute,72734,1003106,13.79143179
West Bengal,COOCHBEHAR,2014,Kharif,Mesta,123,1458,11.85365854
West Bengal,COOCHBEHAR,2014,Kharif,Niger seed,2490,2074,0.832931727
West Bengal,COOCHBEHAR,2014,Kharif,Other Kharif pulses,57,23,0.403508772
West Bengal,COOCHBEHAR,2014,Kharif,Sannhamp,115,328,2.852173913
West Bengal,COOCHBEHAR,2014,Kharif,Urad,2548,1308,0.513343799
West Bengal,COOCHBEHAR,2014,Rabi,Groundnut,350,525,1.5
West Bengal,COOCHBEHAR,2014,Rabi,Horse-gram,77,51,0.662337662
West Bengal,COOCHBEHAR,2014,Rabi,Khesari,307,296,0.964169381
West Bengal,COOCHBEHAR,2014,Rabi,Linseed,1143,338,0.295713036
West Bengal,COOCHBEHAR,2014,Rabi,Maize,12750,82875,6.5
West Bengal,COOCHBEHAR,2014,Rabi,Masoor,219,117,0.534246575
West Bengal,COOCHBEHAR,2014,Rabi,Moong(Green Gram),228,179,0.785087719
West Bengal,COOCHBEHAR,2014,Rabi,Potato,36600,1211720,33.10710383
West Bengal,COOCHBEHAR,2014,Rabi,Rapeseed &Mustard,10742,5135,0.478030162
West Bengal,COOCHBEHAR,2014,Rabi,Urad,2438,1928,0.790812141
West Bengal,COOCHBEHAR,2014,Rabi,Wheat,11386,26492,2.326717021
West Bengal,COOCHBEHAR,2014,Summer,Maize,4394,26847,6.109922622
West Bengal,COOCHBEHAR,2014,Summer,Moong(Green Gram),211,180,0.853080569
West Bengal,COOCHBEHAR,2014,Summer,Rice,56294,197210,3.503215263
West Bengal,COOCHBEHAR,2014,Summer,Sesamum,148,100,0.675675676
West Bengal,COOCHBEHAR,2014,Whole Year,Sugarcane,455,48692,107.0153846
West Bengal,COOCHBEHAR,2014,Whole Year,Tobacco,13437,22780,1.695318896
West Bengal,COOCHBEHAR,2014,Winter,Rice,217046,515777,2.376348792
West Bengal,COOCHBEHAR,2014,Winter,Sesamum,308,280,0.909090909
West Bengal,DARJEELING,1997,Autumn,Ragi,11260,13512,1.2
West Bengal,DARJEELING,1997,Autumn,Rice,6540,4230,0.646788991
West Bengal,DARJEELING,1997,Kharif,Jute,2250,20030,8.902222222
West Bengal,DARJEELING,1997,Kharif,Moong(Green Gram),35,21,0.6
West Bengal,DARJEELING,1997,Kharif,Other Kharif pulses,95,62,0.652631579
West Bengal,DARJEELING,1997,Kharif,Soyabean,533,348,0.652908068
West Bengal,DARJEELING,1997,Kharif,Urad,103,800,7.766990291
West Bengal,DARJEELING,1997,Rabi,Moong(Green Gram),115,3,0.026086957
West Bengal,DARJEELING,1997,Rabi,Oilseeds total,105600,42900,0.40625
West Bengal,DARJEELING,1997,Rabi,Urad,92,56,0.608695652
West Bengal,DARJEELING,1997,Rabi,Wheat,4360,6420,1.472477064
West Bengal,DARJEELING,1997,Summer,Moong(Green Gram),115,3,0.026086957
West Bengal,DARJEELING,1997,Summer,Rice,125,350,2.8
West Bengal,DARJEELING,1997,Whole Year,Arecanut,236,79,0.334745763
West Bengal,DARJEELING,1997,Whole Year,Cardamom,2674,7,0.002617801
West Bengal,DARJEELING,1997,Whole Year,Coconut,120,574,4.783333333
West Bengal,DARJEELING,1997,Whole Year,Dry chillies,400,296,0.74
West Bengal,DARJEELING,1997,Whole Year,Linseed,762,260,0.341207349
West Bengal,DARJEELING,1997,Whole Year,Maize,22618,87130,3.852241578
West Bengal,DARJEELING,1997,Whole Year,Potato,6868,98644,14.36284217
West Bengal,DARJEELING,1997,Whole Year,Pulses total,189700,131700,0.694254085
West Bengal,DARJEELING,1997,Whole Year,Rapeseed &Mustard,19,10,0.526315789
West Bengal,DARJEELING,1997,Whole Year,Sesamum,275,159,0.578181818
West Bengal,DARJEELING,1997,Whole Year,Small millets,500,700,1.4
West Bengal,DARJEELING,1997,Whole Year,Turmeric,155,120,0.774193548
West Bengal,DARJEELING,1997,Winter,Rice,28884,34960,1.210358676
West Bengal,DARJEELING,1998,Autumn,Rice,6190,5460,0.882067851
West Bengal,DARJEELING,1998,Kharif,Dry ginger,2041,5772,2.828025478
West Bengal,DARJEELING,1998,Kharif,Jute,2358,21360,9.058524173
West Bengal,DARJEELING,1998,Kharif,Maize,21498,77560,3.607777468
West Bengal,DARJEELING,1998,Kharif,Niger seed,1550,969,0.62516129
West Bengal,DARJEELING,1998,Kharif,Other Kharif pulses,95,62,0.652631579
West Bengal,DARJEELING,1998,Kharif,Ragi,11325,13545,1.19602649
West Bengal,DARJEELING,1998,Kharif,Soyabean,533,349,0.65478424
West Bengal,DARJEELING,1998,Kharif,Urad,67,20,0.298507463
West Bengal,DARJEELING,1998,Rabi,Linseed,83,20,0.240963855
West Bengal,DARJEELING,1998,Rabi,Peas & beans (Pulses),876,620,0.707762557
West Bengal,DARJEELING,1998,Rabi,Rapeseed &Mustard,10,10,1
West Bengal,DARJEELING,1998,Rabi,Small millets,500,700,1.4
West Bengal,DARJEELING,1998,Rabi,Urad,92,55,0.597826087
West Bengal,DARJEELING,1998,Rabi,Wheat,3751,3030,0.807784591
West Bengal,DARJEELING,1998,Summer,Moong(Green Gram),76,20,0.263157895
West Bengal,DARJEELING,1998,Summer,Rice,394,1379,3.5
West Bengal,DARJEELING,1998,Whole Year,Arecanut,246,82,0.333333333
West Bengal,DARJEELING,1998,Whole Year,Cardamom,2875,690,0.24
West Bengal,DARJEELING,1998,Whole Year,Coconut,128,612.2,4.7828125
West Bengal,DARJEELING,1998,Whole Year,Dry chillies,405,301,0.743209877
West Bengal,DARJEELING,1998,Whole Year,Potato,6946,88230,12.70227469
West Bengal,DARJEELING,1998,Whole Year,Sesamum,173,85,0.49132948
West Bengal,DARJEELING,1998,Whole Year,Turmeric,120,100,0.833333333
West Bengal,DARJEELING,1998,Winter,Rice,29856,32490,1.088223473
West Bengal,DARJEELING,1999,Autumn,Dry chillies,200,165,0.825
West Bengal,DARJEELING,1999,Autumn,Rice,5213,7540,1.44638404
West Bengal,DARJEELING,1999,Autumn,Sesamum,20,6,0.3
West Bengal,DARJEELING,1999,Kharif,Arhar/Tur,3,2,0.666666667
West Bengal,DARJEELING,1999,Kharif,Dry ginger,2049,5967,2.912152269
West Bengal,DARJEELING,1999,Kharif,Jute,2289,22470,9.816513761
West Bengal,DARJEELING,1999,Kharif,Maize,19063,41720,2.18853276
West Bengal,DARJEELING,1999,Kharif,Other Kharif pulses,95,62,0.652631579
West Bengal,DARJEELING,1999,Kharif,Ragi,11320,13543,1.196378092
West Bengal,DARJEELING,1999,Kharif,Soyabean,533,349,0.65478424
West Bengal,DARJEELING,1999,Kharif,Urad,139,55,0.395683453
West Bengal,DARJEELING,1999,Rabi,Dry chillies,220,184,0.836363636
West Bengal,DARJEELING,1999,Rabi,Linseed,50,20,0.4
West Bengal,DARJEELING,1999,Rabi,Moong(Green Gram),25,15,0.6
West Bengal,DARJEELING,1999,Rabi,Peas & beans (Pulses),809,757,0.935723115
West Bengal,DARJEELING,1999,Rabi,Rapeseed &Mustard,58,41,0.706896552
West Bengal,DARJEELING,1999,Rabi,Small millets,500,700,1.4
West Bengal,DARJEELING,1999,Rabi,Urad,65,46,0.707692308
West Bengal,DARJEELING,1999,Rabi,Wheat,2912,4560,1.565934066
West Bengal,DARJEELING,1999,Summer,Moong(Green Gram),160,20,0.125
West Bengal,DARJEELING,1999,Summer,Potato,2478,33214,13.40355125
West Bengal,DARJEELING,1999,Summer,Rice,392,1060,2.704081633
West Bengal,DARJEELING,1999,Summer,Sesamum,171,80,0.467836257
West Bengal,DARJEELING,1999,Whole Year,Arecanut,259,537,2.073359073
West Bengal,DARJEELING,1999,Whole Year,Cardamom,2875,690,0.24
West Bengal,DARJEELING,1999,Whole Year,Coconut,133,2334,17.54887218
West Bengal,DARJEELING,1999,Whole Year,Turmeric,120,100,0.833333333
West Bengal,DARJEELING,1999,Winter,Potato,4621,57279,12.39536897
West Bengal,DARJEELING,1999,Winter,Rice,30056,42850,1.425672079
West Bengal,DARJEELING,1999,Winter,Sesamum,37,22,0.594594595
West Bengal,DARJEELING,2000,Autumn,Rice,5369,8210,1.529148817
West Bengal,DARJEELING,2000,Kharif,Arhar/Tur,8,10,1.25
West Bengal,DARJEELING,2000,Kharif,Dry ginger,2054,6025,2.933300876
West Bengal,DARJEELING,2000,Kharif,Jute,2227,18110,8.132016165
West Bengal,DARJEELING,2000,Kharif,Maize,12876,39870,3.096458527
West Bengal,DARJEELING,2000,Kharif,Niger seed,8,4,0.5
West Bengal,DARJEELING,2000,Kharif,Other Kharif pulses,95,62,0.652631579
West Bengal,DARJEELING,2000,Kharif,Ragi,11320,13543,1.196378092
West Bengal,DARJEELING,2000,Kharif,Soyabean,490,294,0.6
West Bengal,DARJEELING,2000,Kharif,Urad,244,110,0.450819672
West Bengal,DARJEELING,2000,Rabi,Groundnut,22,33,1.5
West Bengal,DARJEELING,2000,Rabi,Linseed,50,20,0.4
West Bengal,DARJEELING,2000,Rabi,Peas & beans (Pulses),774,640,0.826873385
West Bengal,DARJEELING,2000,Rabi,Rapeseed &Mustard,95,10,0.105263158
West Bengal,DARJEELING,2000,Rabi,Small millets,520,830,1.596153846
West Bengal,DARJEELING,2000,Rabi,Urad,90,59,0.655555556
West Bengal,DARJEELING,2000,Rabi,Wheat,3255,6250,1.920122888
West Bengal,DARJEELING,2000,Summer,Moong(Green Gram),212,61,0.287735849
West Bengal,DARJEELING,2000,Summer,Rice,469,1213,2.586353945
West Bengal,DARJEELING,2000,Whole Year,Arecanut,259,537,2.073359073
West Bengal,DARJEELING,2000,Whole Year,Coconut,133,2334,17.54887218
West Bengal,DARJEELING,2000,Whole Year,Dry chillies,420,344,0.819047619
West Bengal,DARJEELING,2000,Whole Year,Potato,7067,97235,13.7590208
West Bengal,DARJEELING,2000,Whole Year,Sesamum,291,162,0.556701031
West Bengal,DARJEELING,2000,Whole Year,Turmeric,120,100,0.833333333
West Bengal,DARJEELING,2000,Winter,Rice,28303,43470,1.535879589
West Bengal,DARJEELING,2001,Autumn,Rice,6125,8821,1.440163265
West Bengal,DARJEELING,2001,Kharif,Arhar/Tur,10,8,0.8
West Bengal,DARJEELING,2001,Kharif,Dry ginger,2017,6142,3.04511651
West Bengal,DARJEELING,2001,Kharif,Groundnut,5,8,1.6
West Bengal,DARJEELING,2001,Kharif,Jute,2866,30923,10.78960223
West Bengal,DARJEELING,2001,Kharif,Maize,12932,44872,3.469842252
West Bengal,DARJEELING,2001,Kharif,Mesta,1,9,9
West Bengal,DARJEELING,2001,Kharif,Moong(Green Gram),15,10,0.666666667
West Bengal,DARJEELING,2001,Kharif,Niger seed,2,2,1
West Bengal,DARJEELING,2001,Kharif,Ragi,11779,13569,1.151965362
West Bengal,DARJEELING,2001,Kharif,Small millets,520,830,1.596153846
West Bengal,DARJEELING,2001,Kharif,Soyabean,490,294,0.6
West Bengal,DARJEELING,2001,Kharif,Urad,261,221,0.846743295
West Bengal,DARJEELING,2001,Rabi,Groundnut,20,30,1.5
West Bengal,DARJEELING,2001,Rabi,Linseed,63,17,0.26984127
West Bengal,DARJEELING,2001,Rabi,Moong(Green Gram),36,25,0.694444444
West Bengal,DARJEELING,2001,Rabi,Peas & beans (Pulses),837,532,0.635603345
West Bengal,DARJEELING,2001,Rabi,Rapeseed &Mustard,93,72,0.774193548
West Bengal,DARJEELING,2001,Rabi,Urad,225,119,0.528888889
West Bengal,DARJEELING,2001,Rabi,Wheat,3055,4730,1.548281506
West Bengal,DARJEELING,2001,Summer,Moong(Green Gram),224,62,0.276785714
West Bengal,DARJEELING,2001,Summer,Rice,1025,2096,2.044878049
West Bengal,DARJEELING,2001,Whole Year,Arecanut,285,592,2.077192982
West Bengal,DARJEELING,2001,Whole Year,Cardamom,2875,704,0.244869565
West Bengal,DARJEELING,2001,Whole Year,Coconut,158,2743.7,17.36518987
West Bengal,DARJEELING,2001,Whole Year,Dry chillies,365,305,0.835616438
West Bengal,DARJEELING,2001,Whole Year,Potato,7259,98646,13.58947513
West Bengal,DARJEELING,2001,Whole Year,Sesamum,250,121,0.484
West Bengal,DARJEELING,2001,Whole Year,Turmeric,160,126,0.7875
West Bengal,DARJEELING,2001,Winter,Rice,28857,48309,1.674082545
West Bengal,DARJEELING,2002,Autumn,Dry chillies,160,137,0.85625
West Bengal,DARJEELING,2002,Autumn,Rice,5914,9317,1.575414271
West Bengal,DARJEELING,2002,Autumn,Sesamum,12,4,0.333333333
West Bengal,DARJEELING,2002,Kharif,Arhar/Tur,8,7,0.875
West Bengal,DARJEELING,2002,Kharif,Dry ginger,2019,6158,3.050024765
West Bengal,DARJEELING,2002,Kharif,Groundnut,4,6,1.5
West Bengal,DARJEELING,2002,Kharif,Jute,2997,28750,9.59292626
West Bengal,DARJEELING,2002,Kharif,Maize,12953,29187,2.253300394
West Bengal,DARJEELING,2002,Kharif,Moong(Green Gram),16,11,0.6875
West Bengal,DARJEELING,2002,Kharif,Niger seed,35,49,1.4
West Bengal,DARJEELING,2002,Kharif,Ragi,11779,13569,1.151965362
West Bengal,DARJEELING,2002,Kharif,Soyabean,490,294,0.6
West Bengal,DARJEELING,2002,Kharif,Urad,295,215,0.728813559
West Bengal,DARJEELING,2002,Rabi,Dry chillies,210,169,0.804761905
West Bengal,DARJEELING,2002,Rabi,Groundnut,12,18,1.5
West Bengal,DARJEELING,2002,Rabi,Horse-gram,3,2,0.666666667
West Bengal,DARJEELING,2002,Rabi,Linseed,67,15,0.223880597
West Bengal,DARJEELING,2002,Rabi,Moong(Green Gram),26,18,0.692307692
West Bengal,DARJEELING,2002,Rabi,Peas & beans (Pulses),915,728,0.795628415
West Bengal,DARJEELING,2002,Rabi,Rapeseed &Mustard,66,20,0.303030303
West Bengal,DARJEELING,2002,Rabi,Small millets,520,830,1.596153846
West Bengal,DARJEELING,2002,Rabi,Urad,25,19,0.76
West Bengal,DARJEELING,2002,Rabi,Wheat,2777,4662,1.678790061
West Bengal,DARJEELING,2002,Summer,Groundnut,8,10,1.25
West Bengal,DARJEELING,2002,Summer,Moong(Green Gram),197,78,0.395939086
West Bengal,DARJEELING,2002,Summer,Potato,2395,30807,12.86304802
West Bengal,DARJEELING,2002,Summer,Rice,1604,2569,1.601620948
West Bengal,DARJEELING,2002,Summer,Sesamum,198,106,0.535353535
West Bengal,DARJEELING,2002,Whole Year,Arecanut,247,482,1.951417004
West Bengal,DARJEELING,2002,Whole Year,Cardamom,2874,704,0.244954767
West Bengal,DARJEELING,2002,Whole Year,Coconut,158,2614.9,16.55
West Bengal,DARJEELING,2002,Whole Year,Turmeric,160,126,0.7875
West Bengal,DARJEELING,2002,Winter,Potato,4828,82273,17.04080365
West Bengal,DARJEELING,2002,Winter,Rice,29136,48718,1.672089511
West Bengal,DARJEELING,2002,Winter,Sesamum,10,6,0.6
West Bengal,DARJEELING,2003,Autumn,Rice,5532,9152,1.654374548
West Bengal,DARJEELING,2003,Kharif,Arhar/Tur,16,17,1.0625
West Bengal,DARJEELING,2003,Kharif,Dry ginger,2034,6197,3.046705998
West Bengal,DARJEELING,2003,Kharif,Jute,2750,29069,10.57054545
West Bengal,DARJEELING,2003,Kharif,Maize,14160,27952,1.974011299
West Bengal,DARJEELING,2003,Kharif,Moong(Green Gram),50,35,0.7
West Bengal,DARJEELING,2003,Kharif,Niger seed,44,62,1.409090909
West Bengal,DARJEELING,2003,Kharif,Ragi,11779,13569,1.151965362
West Bengal,DARJEELING,2003,Kharif,Small millets,245,177,0.72244898
West Bengal,DARJEELING,2003,Kharif,Urad,299,194,0.648829431
West Bengal,DARJEELING,2003,Rabi,Groundnut,12,18,1.5
West Bengal,DARJEELING,2003,Rabi,Horse-gram,3,2,0.666666667
West Bengal,DARJEELING,2003,Rabi,Khesari,46,41,0.891304348
West Bengal,DARJEELING,2003,Rabi,Linseed,119,25,0.210084034
West Bengal,DARJEELING,2003,Rabi,Masoor,42,31,0.738095238
West Bengal,DARJEELING,2003,Rabi,Moong(Green Gram),26,18,0.692307692
West Bengal,DARJEELING,2003,Rabi,Peas & beans (Pulses),921,1052,1.142236699
West Bengal,DARJEELING,2003,Rabi,Rapeseed &Mustard,114,37,0.324561404
West Bengal,DARJEELING,2003,Rabi,Small millets,520,830,1.596153846
West Bengal,DARJEELING,2003,Rabi,Urad,25,19,0.76
West Bengal,DARJEELING,2003,Rabi,Wheat,2945,4957,1.683191851
West Bengal,DARJEELING,2003,Summer,Groundnut,8,10,1.25
West Bengal,DARJEELING,2003,Summer,Moong(Green Gram),250,143,0.572
West Bengal,DARJEELING,2003,Summer,Rice,1215,2503,2.060082305
West Bengal,DARJEELING,2003,Whole Year,Arecanut,248,487,1.963709677
West Bengal,DARJEELING,2003,Whole Year,Cardamom,2874,704,0.244954767
West Bengal,DARJEELING,2003,Whole Year,Coconut,149,2468.9,16.56979866
West Bengal,DARJEELING,2003,Whole Year,Dry chillies,405,345,0.851851852
West Bengal,DARJEELING,2003,Whole Year,Potato,6823,102687,15.05012458
West Bengal,DARJEELING,2003,Whole Year,Sesamum,242,127,0.524793388
West Bengal,DARJEELING,2003,Whole Year,Turmeric,155,126,0.812903226
West Bengal,DARJEELING,2003,Winter,Rice,28591,53179,1.859990906
West Bengal,DARJEELING,2004,Autumn,Rice,4891,1581,0.32324678
West Bengal,DARJEELING,2004,Kharif,Dry ginger,2034,6197,3.046705998
West Bengal,DARJEELING,2004,Kharif,Jute,2425,27368,11.2857732
West Bengal,DARJEELING,2004,Kharif,Maize,14517,41950,2.889715506
West Bengal,DARJEELING,2004,Kharif,Moong(Green Gram),50,23,0.46
West Bengal,DARJEELING,2004,Kharif,Niger seed,44,62,1.409090909
West Bengal,DARJEELING,2004,Kharif,Ragi,11305,13532,1.196992481
West Bengal,DARJEELING,2004,Kharif,Small millets,150,75,0.5
West Bengal,DARJEELING,2004,Kharif,Soyabean,485,279,0.575257732
West Bengal,DARJEELING,2004,Kharif,Urad,260,175,0.673076923
West Bengal,DARJEELING,2004,Rabi,Arhar/Tur,31,20,0.64516129
West Bengal,DARJEELING,2004,Rabi,Barley,23,44,1.913043478
West Bengal,DARJEELING,2004,Rabi,Khesari,14,7,0.5
West Bengal,DARJEELING,2004,Rabi,Linseed,121,29,0.239669421
West Bengal,DARJEELING,2004,Rabi,Masoor,28,16,0.571428571
West Bengal,DARJEELING,2004,Rabi,Moong(Green Gram),26,18,0.692307692
West Bengal,DARJEELING,2004,Rabi,Peas & beans (Pulses),899,575,0.639599555
West Bengal,DARJEELING,2004,Rabi,Rapeseed &Mustard,85,23,0.270588235
West Bengal,DARJEELING,2004,Rabi,Small millets,520,830,1.596153846
West Bengal,DARJEELING,2004,Rabi,Urad,225,119,0.528888889
West Bengal,DARJEELING,2004,Rabi,Wheat,2255,3725,1.651884701
West Bengal,DARJEELING,2004,Summer,Moong(Green Gram),128,31,0.2421875
West Bengal,DARJEELING,2004,Summer,Rice,1177,2248,1.909940527
West Bengal,DARJEELING,2004,Whole Year,Cardamom,2.87,0.7,0.243902439
West Bengal,DARJEELING,2004,Whole Year,Coconut,165,2910.3,17.63818182
West Bengal,DARJEELING,2004,Whole Year,Dry chillies,372,315,0.846774194
West Bengal,DARJEELING,2004,Whole Year,Groundnut,20,28,1.4
West Bengal,DARJEELING,2004,Whole Year,Potato,6709,98099,14.6220003
West Bengal,DARJEELING,2004,Whole Year,Sesamum,151,80,0.529801325
West Bengal,DARJEELING,2004,Whole Year,Turmeric,140,149,1.064285714
West Bengal,DARJEELING,2004,Winter,Rice,28878,44083,1.526525383
West Bengal,DARJEELING,2005,Autumn,Rice,4376,6964,1.591407678
West Bengal,DARJEELING,2005,Kharif,Dry ginger,239,681,2.849372385
West Bengal,DARJEELING,2005,Kharif,Jute,2545,31003,12.18192534
West Bengal,DARJEELING,2005,Kharif,Maize,14376,29409,2.045701169
West Bengal,DARJEELING,2005,Kharif,Moong(Green Gram),50,23,0.46
West Bengal,DARJEELING,2005,Kharif,Niger seed,65,34,0.523076923
West Bengal,DARJEELING,2005,Kharif,Ragi,11305,13532,1.196992481
West Bengal,DARJEELING,2005,Kharif,Small millets,150,75,0.5
West Bengal,DARJEELING,2005,Kharif,Soyabean,485,279,0.575257732
West Bengal,DARJEELING,2005,Kharif,Urad,274,95,0.346715328
West Bengal,DARJEELING,2005,Rabi,Arhar/Tur,11,9,0.818181818
West Bengal,DARJEELING,2005,Rabi,Gram,23,17,0.739130435
West Bengal,DARJEELING,2005,Rabi,Horse-gram,2,1,0.5
West Bengal,DARJEELING,2005,Rabi,Khesari,17,11,0.647058824
West Bengal,DARJEELING,2005,Rabi,Linseed,113,23,0.203539823
West Bengal,DARJEELING,2005,Rabi,Masoor,16,10,0.625
West Bengal,DARJEELING,2005,Rabi,Moong(Green Gram),25,18,0.72
West Bengal,DARJEELING,2005,Rabi,Peas & beans (Pulses),820,668,0.814634146
West Bengal,DARJEELING,2005,Rabi,Rapeseed &Mustard,85,26,0.305882353
West Bengal,DARJEELING,2005,Rabi,Small millets,520,830,1.596153846
West Bengal,DARJEELING,2005,Rabi,Urad,221,136,0.615384615
West Bengal,DARJEELING,2005,Rabi,Wheat,2177,2899,1.331649058
West Bengal,DARJEELING,2005,Summer,Moong(Green Gram),116,18,0.155172414
West Bengal,DARJEELING,2005,Summer,Rice,1288,2408,1.869565217
West Bengal,DARJEELING,2005,Whole Year,Arecanut,201,694,3.452736318
West Bengal,DARJEELING,2005,Whole Year,Cardamom,2874,704,0.244954767
West Bengal,DARJEELING,2005,Whole Year,Coconut,165,2910,17.63636364
West Bengal,DARJEELING,2005,Whole Year,Dry chillies,385,328,0.851948052
West Bengal,DARJEELING,2005,Whole Year,Groundnut,36,49,1.361111111
West Bengal,DARJEELING,2005,Whole Year,Potato,6642,108476,16.33182776
West Bengal,DARJEELING,2005,Whole Year,Sesamum,166,92,0.554216867
West Bengal,DARJEELING,2005,Whole Year,Turmeric,140,149,1.064285714
West Bengal,DARJEELING,2005,Winter,Rice,28859,49262,1.706989154
West Bengal,DARJEELING,2006,Autumn,Rice,4356,8888,2.04040404
West Bengal,DARJEELING,2006,Kharif,Dry ginger,2052,6259,3.050194932
West Bengal,DARJEELING,2006,Kharif,Jute,2481,31435,12.67029424
West Bengal,DARJEELING,2006,Kharif,Maize,14558,30808,2.116224756
West Bengal,DARJEELING,2006,Kharif,Moong(Green Gram),50,23,0.46
West Bengal,DARJEELING,2006,Kharif,Niger seed,75,45,0.6
West Bengal,DARJEELING,2006,Kharif,Ragi,11293,13529,1.19799876
West Bengal,DARJEELING,2006,Kharif,Small millets,152,77,0.506578947
West Bengal,DARJEELING,2006,Kharif,Soyabean,485,291,0.6
West Bengal,DARJEELING,2006,Kharif,Urad,260,150,0.576923077
West Bengal,DARJEELING,2006,Rabi,Arhar/Tur,11,3,0.272727273
West Bengal,DARJEELING,2006,Rabi,Horse-gram,2,1,0.5
West Bengal,DARJEELING,2006,Rabi,Khesari,18,14,0.777777778
West Bengal,DARJEELING,2006,Rabi,Linseed,109,19,0.174311927
West Bengal,DARJEELING,2006,Rabi,Masoor,16,9,0.5625
West Bengal,DARJEELING,2006,Rabi,Moong(Green Gram),14,11,0.785714286
West Bengal,DARJEELING,2006,Rabi,Peas & beans (Pulses),829,567,0.683956574
West Bengal,DARJEELING,2006,Rabi,Rapeseed &Mustard,160,82,0.5125
West Bengal,DARJEELING,2006,Rabi,Safflower,5,3,0.6
West Bengal,DARJEELING,2006,Rabi,Small millets,520,830,1.596153846
West Bengal,DARJEELING,2006,Rabi,Urad,218,114,0.52293578
West Bengal,DARJEELING,2006,Rabi,Wheat,2216,3165,1.428249097
West Bengal,DARJEELING,2006,Summer,Moong(Green Gram),132,57,0.431818182
West Bengal,DARJEELING,2006,Summer,Rice,1536,3181,2.070963542
West Bengal,DARJEELING,2006,Whole Year,Arecanut,291,699,2.402061856
West Bengal,DARJEELING,2006,Whole Year,Cardamom,2874,704,0.244954767
West Bengal,DARJEELING,2006,Whole Year,Coconut,168,2970700,17682.7381
West Bengal,DARJEELING,2006,Whole Year,Dry chillies,385,328,0.851948052
West Bengal,DARJEELING,2006,Whole Year,Groundnut,46,64,1.391304348
West Bengal,DARJEELING,2006,Whole Year,Potato,6711,110401,16.4507525
West Bengal,DARJEELING,2006,Whole Year,Sesamum,142,66,0.464788732
West Bengal,DARJEELING,2006,Whole Year,Turmeric,140,149,1.064285714
West Bengal,DARJEELING,2006,Winter,Rice,25536,46585,1.824287281
West Bengal,DARJEELING,2007,Autumn,Rice,3818,6193,1.622053431
West Bengal,DARJEELING,2007,Autumn,Sesamum,17,8,0.470588235
West Bengal,DARJEELING,2007,Kharif,Dry ginger,2063,6690,3.242850218
West Bengal,DARJEELING,2007,Kharif,Garlic,46,490,10.65217391
West Bengal,DARJEELING,2007,Kharif,Groundnut,1,1,1
West Bengal,DARJEELING,2007,Kharif,Jute,2645,28265,10.68620038
West Bengal,DARJEELING,2007,Kharif,Maize,14895,37547,2.520778785
West Bengal,DARJEELING,2007,Kharif,Moong(Green Gram),34,24,0.705882353
West Bengal,DARJEELING,2007,Kharif,Niger seed,80,50,0.625
West Bengal,DARJEELING,2007,Kharif,Ragi,11275,13516,1.198758315
West Bengal,DARJEELING,2007,Kharif,Soyabean,480,288,0.6
West Bengal,DARJEELING,2007,Kharif,Urad,211,177,0.838862559
West Bengal,DARJEELING,2007,Rabi,Arhar/Tur,10,9,0.9
West Bengal,DARJEELING,2007,Rabi,Groundnut,23,35,1.52173913
West Bengal,DARJEELING,2007,Rabi,Horse-gram,2,1,0.5
West Bengal,DARJEELING,2007,Rabi,Khesari,16,13,0.8125
West Bengal,DARJEELING,2007,Rabi,Linseed,96,21,0.21875
West Bengal,DARJEELING,2007,Rabi,Maize,85,128,1.505882353
West Bengal,DARJEELING,2007,Rabi,Masoor,19,14,0.736842105
West Bengal,DARJEELING,2007,Rabi,Moong(Green Gram),14,11,0.785714286
West Bengal,DARJEELING,2007,Rabi,Peas & beans (Pulses),9,7,0.777777778
West Bengal,DARJEELING,2007,Rabi,Rapeseed &Mustard,221,74,0.334841629
West Bengal,DARJEELING,2007,Rabi,Safflower,5,7,1.4
West Bengal,DARJEELING,2007,Rabi,Small millets,520,830,1.596153846
West Bengal,DARJEELING,2007,Rabi,Urad,218,114,0.52293578
West Bengal,DARJEELING,2007,Rabi,Wheat,2186,3856,1.763952425
West Bengal,DARJEELING,2007,Summer,Groundnut,15,18,1.2
West Bengal,DARJEELING,2007,Summer,Maize,305,512,1.678688525
West Bengal,DARJEELING,2007,Summer,Moong(Green Gram),128,60,0.46875
West Bengal,DARJEELING,2007,Summer,Rice,1498,3659,2.44259012
West Bengal,DARJEELING,2007,Summer,Sesamum,99,30,0.303030303
West Bengal,DARJEELING,2007,Whole Year,Arecanut,294,640,2.176870748
West Bengal,DARJEELING,2007,Whole Year,Coconut,155,2480000,16000
West Bengal,DARJEELING,2007,Whole Year,Dry chillies,522,1145,2.19348659
West Bengal,DARJEELING,2007,Whole Year,Potato,7174,109189,15.22010036
West Bengal,DARJEELING,2007,Whole Year,Sugarcane,19,2306,121.3684211
West Bengal,DARJEELING,2007,Whole Year,Turmeric,150,230,1.533333333
West Bengal,DARJEELING,2007,Winter,Rice,26905,49572,1.84248281
West Bengal,DARJEELING,2007,Winter,Sesamum,10,6,0.6
West Bengal,DARJEELING,2008,Autumn,Maize,15365,42259,2.750341686
West Bengal,DARJEELING,2008,Autumn,Ragi,11275,13516,1.198758315
West Bengal,DARJEELING,2008,Autumn,Rice,3615,5904,1.633195021
West Bengal,DARJEELING,2008,Autumn,Sesamum,15,7,0.466666667
West Bengal,DARJEELING,2008,Kharif,Dry ginger,2102,6774,3.2226451
West Bengal,DARJEELING,2008,Kharif,Groundnut,1,1,1
West Bengal,DARJEELING,2008,Kharif,Jute,2923,33879,11.59048922
West Bengal,DARJEELING,2008,Kharif,Moong(Green Gram),34,24,0.705882353
West Bengal,DARJEELING,2008,Kharif,Niger seed,73,43,0.589041096
West Bengal,DARJEELING,2008,Kharif,Soyabean,480,288,0.6
West Bengal,DARJEELING,2008,Kharif,Urad,228,136,0.596491228
West Bengal,DARJEELING,2008,Rabi,Arhar/Tur,3,2,0.666666667
West Bengal,DARJEELING,2008,Rabi,Groundnut,23,35,1.52173913
West Bengal,DARJEELING,2008,Rabi,Horse-gram,2,1,0.5
West Bengal,DARJEELING,2008,Rabi,Khesari,3,2,0.666666667
West Bengal,DARJEELING,2008,Rabi,Linseed,86,15,0.174418605
West Bengal,DARJEELING,2008,Rabi,Maize,85,116,1.364705882
West Bengal,DARJEELING,2008,Rabi,Masoor,7,4,0.571428571
West Bengal,DARJEELING,2008,Rabi,Moong(Green Gram),18,13,0.722222222
West Bengal,DARJEELING,2008,Rabi,Peas & beans (Pulses),21,12,0.571428571
West Bengal,DARJEELING,2008,Rabi,Rapeseed &Mustard,220,119,0.540909091
West Bengal,DARJEELING,2008,Rabi,Safflower,5,5,1
West Bengal,DARJEELING,2008,Rabi,Small millets,520,830,1.596153846
West Bengal,DARJEELING,2008,Rabi,Urad,218,114,0.52293578
West Bengal,DARJEELING,2008,Rabi,Wheat,2030,2783,1.370935961
West Bengal,DARJEELING,2008,Summer,Groundnut,17,21,1.235294118
West Bengal,DARJEELING,2008,Summer,Maize,305,512,1.678688525
West Bengal,DARJEELING,2008,Summer,Moong(Green Gram),114,65,0.570175439
West Bengal,DARJEELING,2008,Summer,Rice,1526,3204,2.099606815
West Bengal,DARJEELING,2008,Summer,Sesamum,114,75,0.657894737
West Bengal,DARJEELING,2008,Whole Year,Arecanut,294,540,1.836734694
West Bengal,DARJEELING,2008,Whole Year,Cardamom,245,704,2.873469388
West Bengal,DARJEELING,2008,Whole Year,Coconut,155,2480,16
West Bengal,DARJEELING,2008,Whole Year,Dry chillies,529,557,1.052930057
West Bengal,DARJEELING,2008,Whole Year,Potato,7318,123995,16.94383711
West Bengal,DARJEELING,2008,Whole Year,Sugarcane,8,849,106.125
West Bengal,DARJEELING,2008,Whole Year,Turmeric,155,245,1.580645161
West Bengal,DARJEELING,2008,Winter,Rice,27318,59556,2.180101032
West Bengal,DARJEELING,2008,Winter,Sesamum,15,9,0.6
West Bengal,DARJEELING,2009,Autumn,Groundnut,1,1,1
West Bengal,DARJEELING,2009,Autumn,Maize,15398,38232,2.48291986
West Bengal,DARJEELING,2009,Autumn,Ragi,11275,13516,1.198758315
West Bengal,DARJEELING,2009,Autumn,Rice,3549,7621,2.147365455
West Bengal,DARJEELING,2009,Autumn,Sesamum,15,7,0.466666667
West Bengal,DARJEELING,2009,Kharif,Jute,2980,36852,12.36644295
West Bengal,DARJEELING,2009,Kharif,Moong(Green Gram),39,24,0.615384615
West Bengal,DARJEELING,2009,Kharif,Niger seed,40,25,0.625
West Bengal,DARJEELING,2009,Kharif,Soyabean,480,288,0.6
West Bengal,DARJEELING,2009,Kharif,Urad,222,94,0.423423423
West Bengal,DARJEELING,2009,Rabi,Arhar/Tur,3,3,1
West Bengal,DARJEELING,2009,Rabi,Groundnut,613,900,1.468189233
West Bengal,DARJEELING,2009,Rabi,Horse-gram,2,1,0.5
West Bengal,DARJEELING,2009,Rabi,Khesari,4,4,1
West Bengal,DARJEELING,2009,Rabi,Linseed,88,14,0.159090909
West Bengal,DARJEELING,2009,Rabi,Maize,50,130,2.6
West Bengal,DARJEELING,2009,Rabi,Masoor,11,8,0.727272727
West Bengal,DARJEELING,2009,Rabi,Moong(Green Gram),17,13,0.764705882
West Bengal,DARJEELING,2009,Rabi,Peas & beans (Pulses),23,16,0.695652174
West Bengal,DARJEELING,2009,Rabi,Potato,5170,119242,23.06421663
West Bengal,DARJEELING,2009,Rabi,Rapeseed &Mustard,226,108,0.477876106
West Bengal,DARJEELING,2009,Rabi,Small millets,520,830,1.596153846
West Bengal,DARJEELING,2009,Rabi,Urad,220,114,0.518181818
West Bengal,DARJEELING,2009,Rabi,Wheat,1999,3344,1.672836418
West Bengal,DARJEELING,2009,Summer,Groundnut,13,15,1.153846154
West Bengal,DARJEELING,2009,Summer,Maize,395,1244,3.149367089
West Bengal,DARJEELING,2009,Summer,Moong(Green Gram),118,45,0.381355932
West Bengal,DARJEELING,2009,Summer,Potato,2430,30132,12.4
West Bengal,DARJEELING,2009,Summer,Rice,1499,3406,2.272181454
West Bengal,DARJEELING,2009,Summer,Sesamum,93,53,0.569892473
West Bengal,DARJEELING,2009,Whole Year,Sugarcane,3,296,98.66666667
West Bengal,DARJEELING,2009,Winter,Rice,27250,64401,2.36333945
West Bengal,DARJEELING,2009,Winter,Sesamum,14,9,0.642857143
West Bengal,DARJEELING,2010,Autumn,Groundnut,1,1,1
West Bengal,DARJEELING,2010,Autumn,Maize,15530,39153,2.521120412
West Bengal,DARJEELING,2010,Autumn,Ragi,11265,13511,1.199378606
West Bengal,DARJEELING,2010,Autumn,Rice,3451,8181,2.370617212
West Bengal,DARJEELING,2010,Autumn,Sesamum,16,7,0.4375
West Bengal,DARJEELING,2010,Kharif,Horse-gram,2,1,0.5
West Bengal,DARJEELING,2010,Kharif,Jute,3046,30150,9.898227183
West Bengal,DARJEELING,2010,Kharif,Moong(Green Gram),20,13,0.65
West Bengal,DARJEELING,2010,Kharif,Niger seed,70,45,0.642857143
West Bengal,DARJEELING,2010,Kharif,Soyabean,480,288,0.6
West Bengal,DARJEELING,2010,Kharif,Sunflower,2,2,1
West Bengal,DARJEELING,2010,Kharif,Urad,204,156,0.764705882
West Bengal,DARJEELING,2010,Rabi,Arhar/Tur,10,11,1.1
West Bengal,DARJEELING,2010,Rabi,Khesari,10,10,1
West Bengal,DARJEELING,2010,Rabi,Linseed,92,17,0.184782609
West Bengal,DARJEELING,2010,Rabi,Maize,50,130,2.6
West Bengal,DARJEELING,2010,Rabi,Masoor,11,8,0.727272727
West Bengal,DARJEELING,2010,Rabi,Moong(Green Gram),18,14,0.777777778
West Bengal,DARJEELING,2010,Rabi,Peas & beans (Pulses),24,29,1.208333333
West Bengal,DARJEELING,2010,Rabi,Potato,5017,96939,19.32210484
West Bengal,DARJEELING,2010,Rabi,Rapeseed &Mustard,229,194,0.847161572
West Bengal,DARJEELING,2010,Rabi,Safflower,8,11,1.375
West Bengal,DARJEELING,2010,Rabi,Small millets,475,703,1.48
West Bengal,DARJEELING,2010,Rabi,Urad,220,116,0.527272727
West Bengal,DARJEELING,2010,Rabi,Wheat,2003,3466,1.730404393
West Bengal,DARJEELING,2010,Summer,Groundnut,13,15,1.153846154
West Bengal,DARJEELING,2010,Summer,Maize,480,1505,3.135416667
West Bengal,DARJEELING,2010,Summer,Moong(Green Gram),116,56,0.482758621
West Bengal,DARJEELING,2010,Summer,Potato,2440,29768,12.2
West Bengal,DARJEELING,2010,Summer,Rice,1533,3981,2.596868885
West Bengal,DARJEELING,2010,Summer,Sesamum,84,50,0.595238095
West Bengal,DARJEELING,2010,Whole Year,Sugarcane,3,297,99
West Bengal,DARJEELING,2010,Winter,Rice,27278,65640,2.406334775
West Bengal,DARJEELING,2010,Winter,Sesamum,15,9,0.6
West Bengal,DARJEELING,2011,Autumn,Groundnut,1,1,1
West Bengal,DARJEELING,2011,Autumn,Maize,15654,36027,2.301456497
West Bengal,DARJEELING,2011,Autumn,Ragi,7817,7808,0.998848663
West Bengal,DARJEELING,2011,Autumn,Rice,3468,6461,1.863033449
West Bengal,DARJEELING,2011,Autumn,Sesamum,15,7,0.466666667
West Bengal,DARJEELING,2011,Kharif,Horse-gram,3,2,0.666666667
West Bengal,DARJEELING,2011,Kharif,Jute,3039,33694,11.08719974
West Bengal,DARJEELING,2011,Kharif,Moong(Green Gram),31,20,0.64516129
West Bengal,DARJEELING,2011,Kharif,Niger seed,75,49,0.653333333
West Bengal,DARJEELING,2011,Kharif,Soyabean,526,440,0.836501901
West Bengal,DARJEELING,2011,Kharif,Sunflower,7,10,1.428571429
West Bengal,DARJEELING,2011,Kharif,Urad,215,107,0.497674419
West Bengal,DARJEELING,2011,Rabi,Arhar/Tur,14,6,0.428571429
West Bengal,DARJEELING,2011,Rabi,Barley,509,764,1.500982318
West Bengal,DARJEELING,2011,Rabi,Khesari,8,8,1
West Bengal,DARJEELING,2011,Rabi,Linseed,83,28,0.337349398
West Bengal,DARJEELING,2011,Rabi,Maize,60,188,3.133333333
West Bengal,DARJEELING,2011,Rabi,Masoor,12,9,0.75
West Bengal,DARJEELING,2011,Rabi,Moong(Green Gram),20,15,0.75
West Bengal,DARJEELING,2011,Rabi,Peas & beans (Pulses),109,81,0.743119266
West Bengal,DARJEELING,2011,Rabi,Potato,4974,86647,17.41998392
West Bengal,DARJEELING,2011,Rabi,Rapeseed &Mustard,329,125,0.37993921
West Bengal,DARJEELING,2011,Rabi,Small millets,475,703,1.48
West Bengal,DARJEELING,2011,Rabi,Urad,220,116,0.527272727
West Bengal,DARJEELING,2011,Rabi,Wheat,1993,4152,2.08329152
West Bengal,DARJEELING,2011,Summer,Maize,490,1551,3.165306122
West Bengal,DARJEELING,2011,Summer,Moong(Green Gram),128,58,0.453125
West Bengal,DARJEELING,2011,Summer,Potato,2455,29706,12.10020367
West Bengal,DARJEELING,2011,Summer,Rice,1579,4299,2.722609246
West Bengal,DARJEELING,2011,Summer,Sesamum,79,43,0.544303797
West Bengal,DARJEELING,2011,Whole Year,Sugarcane,8,931,116.375
West Bengal,DARJEELING,2011,Winter,Rice,27242,60576,2.223625284
West Bengal,DARJEELING,2011,Winter,Sesamum,15,9,0.6
West Bengal,DARJEELING,2012,Autumn,Groundnut,1,1,1
West Bengal,DARJEELING,2012,Autumn,Maize,15686,36167,2.3056866
West Bengal,DARJEELING,2012,Autumn,Ragi,9531,10665,1.11898017
West Bengal,DARJEELING,2012,Autumn,Rice,3478,4977,1.430994825
West Bengal,DARJEELING,2012,Autumn,Sesamum,15,7,0.466666667
West Bengal,DARJEELING,2012,Kharif,Horse-gram,2,1,0.5
West Bengal,DARJEELING,2012,Kharif,Jute,3037,36911,12.15377017
West Bengal,DARJEELING,2012,Kharif,Moong(Green Gram),30,19,0.633333333
West Bengal,DARJEELING,2012,Kharif,Niger seed,63,39,0.619047619
West Bengal,DARJEELING,2012,Kharif,Soyabean,485,405,0.835051546
West Bengal,DARJEELING,2012,Kharif,Sunflower,5,6,1.2
West Bengal,DARJEELING,2012,Kharif,Urad,216,172,0.796296296
West Bengal,DARJEELING,2012,Rabi,Arhar/Tur,20,27,1.35
West Bengal,DARJEELING,2012,Rabi,Barley,510,704,1.380392157
West Bengal,DARJEELING,2012,Rabi,Khesari,30,35,1.166666667
West Bengal,DARJEELING,2012,Rabi,Linseed,80,26,0.325
West Bengal,DARJEELING,2012,Rabi,Maize,53,149,2.811320755
West Bengal,DARJEELING,2012,Rabi,Masoor,7,6,0.857142857
West Bengal,DARJEELING,2012,Rabi,Moong(Green Gram),18,14,0.777777778
West Bengal,DARJEELING,2012,Rabi,Peas & beans (Pulses),100,84,0.84
West Bengal,DARJEELING,2012,Rabi,Potato,4953,89953,18.16131637
West Bengal,DARJEELING,2012,Rabi,Rapeseed &Mustard,369,218,0.590785908
West Bengal,DARJEELING,2012,Rabi,Small millets,500,700,1.4
West Bengal,DARJEELING,2012,Rabi,Urad,220,115,0.522727273
West Bengal,DARJEELING,2012,Rabi,Wheat,1965,2307,1.174045802
West Bengal,DARJEELING,2012,Summer,Maize,454,1433,3.156387665
West Bengal,DARJEELING,2012,Summer,Moong(Green Gram),121,60,0.495867769
West Bengal,DARJEELING,2012,Summer,Potato,2446,29352,12
West Bengal,DARJEELING,2012,Summer,Rice,1630,3677,2.255828221
West Bengal,DARJEELING,2012,Summer,Sesamum,74,49,0.662162162
West Bengal,DARJEELING,2012,Whole Year,Sugarcane,8,837,104.625
West Bengal,DARJEELING,2012,Winter,Rice,27311,58903,2.156750027
West Bengal,DARJEELING,2012,Winter,Sesamum,15,9,0.6
West Bengal,DARJEELING,2013,Autumn,Maize,16080,37032,2.302985075
West Bengal,DARJEELING,2013,Autumn,Rice,3512,6823,1.942767654
West Bengal,DARJEELING,2013,Kharif,Jute,2950,37987,12.87694915
West Bengal,DARJEELING,2013,Kharif,Other Kharif pulses,94,60,0.638297872
West Bengal,DARJEELING,2013,Kharif,Soyabean,524,376,0.717557252
West Bengal,DARJEELING,2013,Kharif,Sunflower,5,6,1.2
West Bengal,DARJEELING,2013,Kharif,Urad,295,234,0.793220339
West Bengal,DARJEELING,2013,Rabi,Arhar/Tur,13,17,1.307692308
West Bengal,DARJEELING,2013,Rabi,Barley,510,734,1.439215686
West Bengal,DARJEELING,2013,Rabi,Khesari,38,35,0.921052632
West Bengal,DARJEELING,2013,Rabi,Linseed,88,31,0.352272727
West Bengal,DARJEELING,2013,Rabi,Maize,54,156,2.888888889
West Bengal,DARJEELING,2013,Rabi,Masoor,27,22,0.814814815
West Bengal,DARJEELING,2013,Rabi,Moong(Green Gram),18,14,0.777777778
West Bengal,DARJEELING,2013,Rabi,Peas & beans (Pulses),225,258,1.146666667
West Bengal,DARJEELING,2013,Rabi,Potato,4980,92690,18.6124498
West Bengal,DARJEELING,2013,Rabi,Ragi,9529,10663,1.119005142
West Bengal,DARJEELING,2013,Rabi,Rapeseed &Mustard,404,263,0.650990099
West Bengal,DARJEELING,2013,Rabi,Small millets,483,702,1.453416149
West Bengal,DARJEELING,2013,Rabi,Urad,210,110,0.523809524
West Bengal,DARJEELING,2013,Rabi,Wheat,1995,2845,1.426065163
West Bengal,DARJEELING,2013,Summer,Maize,1350,4523,3.35037037
West Bengal,DARJEELING,2013,Summer,Moong(Green Gram),135,70,0.518518519
West Bengal,DARJEELING,2013,Summer,Potato,2446,29352,12
West Bengal,DARJEELING,2013,Summer,Rice,1638,3354,2.047619048
West Bengal,DARJEELING,2013,Summer,Sesamum,167,110,0.658682635
West Bengal,DARJEELING,2013,Whole Year,Sugarcane,2,205,102.5
West Bengal,DARJEELING,2013,Winter,Rice,27005,62125,2.300499907
West Bengal,DARJEELING,2014,Autumn,Maize,15563,36415,2.339844503
West Bengal,DARJEELING,2014,Autumn,Ragi,9530,10674,1.120041973
West Bengal,DARJEELING,2014,Autumn,Rice,3910,8158,2.086445013
West Bengal,DARJEELING,2014,Autumn,Sesamum,3,1,0.333333333
West Bengal,DARJEELING,2014,Kharif,Jute,3372,47047,13.95225386
West Bengal,DARJEELING,2014,Kharif,Moong(Green Gram),30,22,0.733333333
West Bengal,DARJEELING,2014,Kharif,Niger seed,69,44,0.637681159
West Bengal,DARJEELING,2014,Kharif,Other Kharif pulses,94,61,0.64893617
West Bengal,DARJEELING,2014,Kharif,Soyabean,530,383,0.722641509
West Bengal,DARJEELING,2014,Kharif,Sunflower,6,7,1.166666667
West Bengal,DARJEELING,2014,Kharif,Urad,287,228,0.794425087
West Bengal,DARJEELING,2014,Rabi,Arhar/Tur,13,17,1.307692308
West Bengal,DARJEELING,2014,Rabi,Barley,509,713,1.400785855
West Bengal,DARJEELING,2014,Rabi,Groundnut,5,8,1.6
West Bengal,DARJEELING,2014,Rabi,Khesari,10,10,1
West Bengal,DARJEELING,2014,Rabi,Linseed,103,34,0.330097087
West Bengal,DARJEELING,2014,Rabi,Maize,55,164,2.981818182
West Bengal,DARJEELING,2014,Rabi,Masoor,15,10,0.666666667
West Bengal,DARJEELING,2014,Rabi,Moong(Green Gram),18,14,0.777777778
West Bengal,DARJEELING,2014,Rabi,Peas & beans (Pulses),170,205,1.205882353
West Bengal,DARJEELING,2014,Rabi,Potato,4781,92970,19.44572265
West Bengal,DARJEELING,2014,Rabi,Rapeseed &Mustard,365,111,0.304109589
West Bengal,DARJEELING,2014,Rabi,Small millets,497,696,1.400402414
West Bengal,DARJEELING,2014,Rabi,Urad,205,173,0.843902439
West Bengal,DARJEELING,2014,Rabi,Wheat,2055,2970,1.445255474
West Bengal,DARJEELING,2014,Summer,Maize,1350,4523,3.35037037
West Bengal,DARJEELING,2014,Summer,Moong(Green Gram),115,98,0.852173913
West Bengal,DARJEELING,2014,Summer,Potato,2445,29340,12
West Bengal,DARJEELING,2014,Summer,Rice,1516,3437,2.267150396
West Bengal,DARJEELING,2014,Summer,Sesamum,94,64,0.680851064
West Bengal,DARJEELING,2014,Whole Year,Sugarcane,2,214,107
West Bengal,DARJEELING,2014,Winter,Rice,27135,56945,2.098581168
West Bengal,DARJEELING,2014,Winter,Sesamum,20,13,0.65
West Bengal,DINAJPUR DAKSHIN,1997,Autumn,Rice,4783,4890,1.022370897
West Bengal,DINAJPUR DAKSHIN,1997,Kharif,Horse-gram,85,40,0.470588235
West Bengal,DINAJPUR DAKSHIN,1997,Kharif,Jute,59370,476630,8.028128685
West Bengal,DINAJPUR DAKSHIN,1997,Kharif,Mesta,1098,11290,10.28233151
West Bengal,DINAJPUR DAKSHIN,1997,Kharif,Urad,2155,1060,0.49187935
West Bengal,DINAJPUR DAKSHIN,1997,Rabi,Gram,236,200,0.847457627
West Bengal,DINAJPUR DAKSHIN,1997,Rabi,Khesari,8,10,1.25
West Bengal,DINAJPUR DAKSHIN,1997,Rabi,Masoor,120,70,0.583333333
West Bengal,DINAJPUR DAKSHIN,1997,Rabi,Moong(Green Gram),60,49,0.816666667
West Bengal,DINAJPUR DAKSHIN,1997,Rabi,Oilseeds total,1104600,720300,0.652091255
West Bengal,DINAJPUR DAKSHIN,1997,Rabi,Urad,3575,3242,0.906853147
West Bengal,DINAJPUR DAKSHIN,1997,Rabi,Wheat,6347,15690,2.472034032
West Bengal,DINAJPUR DAKSHIN,1997,Summer,Rice,17674,47620,2.694353287
West Bengal,DINAJPUR DAKSHIN,1997,Whole Year,Arecanut,49,59,1.204081633
West Bengal,DINAJPUR DAKSHIN,1997,Whole Year,Arhar/Tur,1,1,1
West Bengal,DINAJPUR DAKSHIN,1997,Whole Year,Barley,13,1,0.076923077
West Bengal,DINAJPUR DAKSHIN,1997,Whole Year,Coconut,147,2680,18.23129252
West Bengal,DINAJPUR DAKSHIN,1997,Whole Year,Dry chillies,2497,1239,0.496195435
West Bengal,DINAJPUR DAKSHIN,1997,Whole Year,Maize,37,140,3.783783784
West Bengal,DINAJPUR DAKSHIN,1997,Whole Year,Niger seed,40,19,0.475
West Bengal,DINAJPUR DAKSHIN,1997,Whole Year,Potato,2897,40766,14.07179841
West Bengal,DINAJPUR DAKSHIN,1997,Whole Year,Pulses total,626100,469200,0.749401054
West Bengal,DINAJPUR DAKSHIN,1997,Whole Year,Rapeseed &Mustard,10880,7100,0.652573529
West Bengal,DINAJPUR DAKSHIN,1997,Whole Year,Sesamum,126,84,0.666666667
West Bengal,DINAJPUR DAKSHIN,1997,Whole Year,Small millets,25,8,0.32
West Bengal,DINAJPUR DAKSHIN,1997,Whole Year,Sugarcane,16,1190,74.375
West Bengal,DINAJPUR DAKSHIN,1997,Whole Year,Turmeric,310,1042,3.361290323
West Bengal,DINAJPUR DAKSHIN,1997,Winter,Rice,174850,357070,2.042150415
West Bengal,DINAJPUR DAKSHIN,1998,Autumn,Rice,5095,11280,2.213935231
West Bengal,DINAJPUR DAKSHIN,1998,Kharif,Arhar/Tur,11,10,0.909090909
West Bengal,DINAJPUR DAKSHIN,1998,Kharif,Dry ginger,276,343,1.242753623
West Bengal,DINAJPUR DAKSHIN,1998,Kharif,Jute,10885,86550,7.951309141
West Bengal,DINAJPUR DAKSHIN,1998,Kharif,Maize,9,30,3.333333333
West Bengal,DINAJPUR DAKSHIN,1998,Kharif,Mesta,1071,8490,7.927170868
West Bengal,DINAJPUR DAKSHIN,1998,Kharif,Niger seed,135,42,0.311111111
West Bengal,DINAJPUR DAKSHIN,1998,Kharif,Small millets,27,10,0.37037037
West Bengal,DINAJPUR DAKSHIN,1998,Kharif,Urad,2155,900,0.417633411
West Bengal,DINAJPUR DAKSHIN,1998,Rabi,Barley,54,50,0.925925926
West Bengal,DINAJPUR DAKSHIN,1998,Rabi,Gram,52,40,0.769230769
West Bengal,DINAJPUR DAKSHIN,1998,Rabi,Horse-gram,85,39,0.458823529
West Bengal,DINAJPUR DAKSHIN,1998,Rabi,Khesari,200,150,0.75
West Bengal,DINAJPUR DAKSHIN,1998,Rabi,Linseed,312,40,0.128205128
West Bengal,DINAJPUR DAKSHIN,1998,Rabi,Masoor,431,110,0.255220418
West Bengal,DINAJPUR DAKSHIN,1998,Rabi,Moong(Green Gram),57,45,0.789473684
West Bengal,DINAJPUR DAKSHIN,1998,Rabi,Peas & beans (Pulses),15,10,0.666666667
West Bengal,DINAJPUR DAKSHIN,1998,Rabi,Rapeseed &Mustard,17209,11520,0.669417165
West Bengal,DINAJPUR DAKSHIN,1998,Rabi,Urad,3075,2346,0.762926829
West Bengal,DINAJPUR DAKSHIN,1998,Rabi,Wheat,7525,15410,2.047840532
West Bengal,DINAJPUR DAKSHIN,1998,Summer,Rice,36514,126731,3.470750945
West Bengal,DINAJPUR DAKSHIN,1998,Whole Year,Arecanut,50,56,1.12
West Bengal,DINAJPUR DAKSHIN,1998,Whole Year,Coconut,152,2633.9,17.32828947
West Bengal,DINAJPUR DAKSHIN,1998,Whole Year,Dry chillies,1965,1216,0.618829517
West Bengal,DINAJPUR DAKSHIN,1998,Whole Year,Groundnut,21,11,0.523809524
West Bengal,DINAJPUR DAKSHIN,1998,Whole Year,Potato,3097,41823,13.50435906
West Bengal,DINAJPUR DAKSHIN,1998,Whole Year,Sesamum,60,27,0.45
West Bengal,DINAJPUR DAKSHIN,1998,Whole Year,Sugarcane,16,1230,76.875
West Bengal,DINAJPUR DAKSHIN,1998,Whole Year,Turmeric,295,969,3.284745763
West Bengal,DINAJPUR DAKSHIN,1998,Winter,Rice,169845,325470,1.916276605
West Bengal,DINAJPUR DAKSHIN,1999,Autumn,Dry chillies,620,442,0.712903226
West Bengal,DINAJPUR DAKSHIN,1999,Autumn,Rice,9134,15710,1.719947449
West Bengal,DINAJPUR DAKSHIN,1999,Kharif,Dry ginger,274,358,1.306569343
West Bengal,DINAJPUR DAKSHIN,1999,Kharif,Jute,13620,124790,9.16226138
West Bengal,DINAJPUR DAKSHIN,1999,Kharif,Maize,1,2,2
West Bengal,DINAJPUR DAKSHIN,1999,Kharif,Mesta,783,8690,11.09833972
West Bengal,DINAJPUR DAKSHIN,1999,Kharif,Niger seed,28,15,0.535714286
West Bengal,DINAJPUR DAKSHIN,1999,Kharif,Small millets,26,10,0.384615385
West Bengal,DINAJPUR DAKSHIN,1999,Kharif,Urad,973,451,0.463514902
West Bengal,DINAJPUR DAKSHIN,1999,Rabi,Dry chillies,1385,857,0.618772563
West Bengal,DINAJPUR DAKSHIN,1999,Rabi,Gram,213,117,0.549295775
West Bengal,DINAJPUR DAKSHIN,1999,Rabi,Horse-gram,82,39,0.475609756
West Bengal,DINAJPUR DAKSHIN,1999,Rabi,Khesari,49,49,1
West Bengal,DINAJPUR DAKSHIN,1999,Rabi,Linseed,46,14,0.304347826
West Bengal,DINAJPUR DAKSHIN,1999,Rabi,Masoor,229,101,0.441048035
West Bengal,DINAJPUR DAKSHIN,1999,Rabi,Moong(Green Gram),57,45,0.789473684
West Bengal,DINAJPUR DAKSHIN,1999,Rabi,Peas & beans (Pulses),17,16,0.941176471
West Bengal,DINAJPUR DAKSHIN,1999,Rabi,Rapeseed &Mustard,20346,16207,0.79656935
West Bengal,DINAJPUR DAKSHIN,1999,Rabi,Urad,2365,1767,0.747145877
West Bengal,DINAJPUR DAKSHIN,1999,Rabi,Wheat,9153,22182,2.423467716
West Bengal,DINAJPUR DAKSHIN,1999,Summer,Groundnut,93,126,1.35483871
West Bengal,DINAJPUR DAKSHIN,1999,Summer,Moong(Green Gram),34,4,0.117647059
West Bengal,DINAJPUR DAKSHIN,1999,Summer,Rice,36292,99720,2.747712995
West Bengal,DINAJPUR DAKSHIN,1999,Whole Year,Arecanut,51,63,1.235294118
West Bengal,DINAJPUR DAKSHIN,1999,Whole Year,Coconut,156,2784,17.84615385
West Bengal,DINAJPUR DAKSHIN,1999,Whole Year,Sugarcane,153,11862,77.52941176
West Bengal,DINAJPUR DAKSHIN,1999,Whole Year,Turmeric,312,1040,3.333333333
West Bengal,DINAJPUR DAKSHIN,1999,Winter,Potato,3384,46914,13.86347518
West Bengal,DINAJPUR DAKSHIN,1999,Winter,Rice,171991,307930,1.790384381
West Bengal,DINAJPUR DAKSHIN,1999,Winter,Sesamum,53,29,0.547169811
West Bengal,DINAJPUR DAKSHIN,2000,Autumn,Rice,7353,13130,1.785665715
West Bengal,DINAJPUR DAKSHIN,2000,Kharif,Dry ginger,275,356,1.294545455
West Bengal,DINAJPUR DAKSHIN,2000,Kharif,Jute,15090,146090,9.681245858
West Bengal,DINAJPUR DAKSHIN,2000,Kharif,Maize,2,10,5
West Bengal,DINAJPUR DAKSHIN,2000,Kharif,Mesta,1481,14990,10.1215395
West Bengal,DINAJPUR DAKSHIN,2000,Kharif,Niger seed,28,14,0.5
West Bengal,DINAJPUR DAKSHIN,2000,Kharif,Urad,855,300,0.350877193
West Bengal,DINAJPUR DAKSHIN,2000,Rabi,Barley,28,30,1.071428571
West Bengal,DINAJPUR DAKSHIN,2000,Rabi,Gram,475,50,0.105263158
West Bengal,DINAJPUR DAKSHIN,2000,Rabi,Horse-gram,82,61,0.743902439
West Bengal,DINAJPUR DAKSHIN,2000,Rabi,Khesari,109,120,1.100917431
West Bengal,DINAJPUR DAKSHIN,2000,Rabi,Linseed,59,20,0.338983051
West Bengal,DINAJPUR DAKSHIN,2000,Rabi,Masoor,116,70,0.603448276
West Bengal,DINAJPUR DAKSHIN,2000,Rabi,Moong(Green Gram),38,32,0.842105263
West Bengal,DINAJPUR DAKSHIN,2000,Rabi,Peas & beans (Pulses),77,60,0.779220779
West Bengal,DINAJPUR DAKSHIN,2000,Rabi,Rapeseed &Mustard,22347,20820,0.93166868
West Bengal,DINAJPUR DAKSHIN,2000,Rabi,Urad,2365,1769,0.747991543
West Bengal,DINAJPUR DAKSHIN,2000,Rabi,Wheat,10232,25180,2.460906959
West Bengal,DINAJPUR DAKSHIN,2000,Summer,Groundnut,100,139,1.39
West Bengal,DINAJPUR DAKSHIN,2000,Summer,Rice,37395,116211,3.107661452
West Bengal,DINAJPUR DAKSHIN,2000,Whole Year,Arecanut,51,64,1.254901961
West Bengal,DINAJPUR DAKSHIN,2000,Whole Year,Coconut,160,2847,17.79375
West Bengal,DINAJPUR DAKSHIN,2000,Whole Year,Dry chillies,2049,1334,0.651049292
West Bengal,DINAJPUR DAKSHIN,2000,Whole Year,Potato,4796,87780,18.30275229
West Bengal,DINAJPUR DAKSHIN,2000,Whole Year,Sesamum,49,27,0.551020408
West Bengal,DINAJPUR DAKSHIN,2000,Whole Year,Turmeric,310,1043,3.364516129
West Bengal,DINAJPUR DAKSHIN,2000,Winter,Rice,165989,338010,2.036339757
West Bengal,DINAJPUR DAKSHIN,2001,Autumn,Rice,8958,14952,1.669122572
West Bengal,DINAJPUR DAKSHIN,2001,Kharif,Dry ginger,280,365,1.303571429
West Bengal,DINAJPUR DAKSHIN,2001,Kharif,Jute,17159,182517,10.63680867
West Bengal,DINAJPUR DAKSHIN,2001,Kharif,Mesta,1280,13997,10.93515625
West Bengal,DINAJPUR DAKSHIN,2001,Kharif,Niger seed,34,16,0.470588235
West Bengal,DINAJPUR DAKSHIN,2001,Kharif,Urad,932,558,0.598712446
West Bengal,DINAJPUR DAKSHIN,2001,Rabi,Barley,21,17,0.80952381
West Bengal,DINAJPUR DAKSHIN,2001,Rabi,Gram,35,13,0.371428571
West Bengal,DINAJPUR DAKSHIN,2001,Rabi,Horse-gram,80,38,0.475
West Bengal,DINAJPUR DAKSHIN,2001,Rabi,Khesari,17,10,0.588235294
West Bengal,DINAJPUR DAKSHIN,2001,Rabi,Linseed,68,16,0.235294118
West Bengal,DINAJPUR DAKSHIN,2001,Rabi,Masoor,80,24,0.3
West Bengal,DINAJPUR DAKSHIN,2001,Rabi,Moong(Green Gram),49,34,0.693877551
West Bengal,DINAJPUR DAKSHIN,2001,Rabi,Rapeseed &Mustard,22370,17083,0.763656683
West Bengal,DINAJPUR DAKSHIN,2001,Rabi,Urad,2110,1469,0.696208531
West Bengal,DINAJPUR DAKSHIN,2001,Rabi,Wheat,9535,24230,2.541164132
West Bengal,DINAJPUR DAKSHIN,2001,Summer,Moong(Green Gram),55,15,0.272727273
West Bengal,DINAJPUR DAKSHIN,2001,Summer,Rice,37634,100882,2.680607961
West Bengal,DINAJPUR DAKSHIN,2001,Whole Year,Arecanut,1246,1520,1.219903692
West Bengal,DINAJPUR DAKSHIN,2001,Whole Year,Coconut,163,2855.6,17.5190184
West Bengal,DINAJPUR DAKSHIN,2001,Whole Year,Dry chillies,2090,1351,0.646411483
West Bengal,DINAJPUR DAKSHIN,2001,Whole Year,Potato,4689,66529,14.18831307
West Bengal,DINAJPUR DAKSHIN,2001,Whole Year,Sesamum,55,28,0.509090909
West Bengal,DINAJPUR DAKSHIN,2001,Whole Year,Turmeric,305,1017,3.33442623
West Bengal,DINAJPUR DAKSHIN,2001,Winter,Rice,164688,309544,1.879578354
West Bengal,DINAJPUR DAKSHIN,2002,Autumn,Dry chillies,750,589,0.785333333
West Bengal,DINAJPUR DAKSHIN,2002,Autumn,Rice,8600,12129,1.410348837
West Bengal,DINAJPUR DAKSHIN,2002,Kharif,Dry ginger,280,366,1.307142857
West Bengal,DINAJPUR DAKSHIN,2002,Kharif,Jute,17220,184008,10.68571429
West Bengal,DINAJPUR DAKSHIN,2002,Kharif,Mesta,1258,16496,13.11287758
West Bengal,DINAJPUR DAKSHIN,2002,Kharif,Urad,935,493,0.527272727
West Bengal,DINAJPUR DAKSHIN,2002,Rabi,Barley,26,16,0.615384615
West Bengal,DINAJPUR DAKSHIN,2002,Rabi,Dry chillies,1330,857,0.644360902
West Bengal,DINAJPUR DAKSHIN,2002,Rabi,Gram,34,14,0.411764706
West Bengal,DINAJPUR DAKSHIN,2002,Rabi,Horse-gram,80,38,0.475
West Bengal,DINAJPUR DAKSHIN,2002,Rabi,Khesari,59,62,1.050847458
West Bengal,DINAJPUR DAKSHIN,2002,Rabi,Linseed,58,11,0.189655172
West Bengal,DINAJPUR DAKSHIN,2002,Rabi,Masoor,239,83,0.347280335
West Bengal,DINAJPUR DAKSHIN,2002,Rabi,Moong(Green Gram),40,29,0.725
West Bengal,DINAJPUR DAKSHIN,2002,Rabi,Peas & beans (Pulses),18,14,0.777777778
West Bengal,DINAJPUR DAKSHIN,2002,Rabi,Rapeseed &Mustard,23780,14330,0.602607233
West Bengal,DINAJPUR DAKSHIN,2002,Rabi,Urad,2100,1481,0.705238095
West Bengal,DINAJPUR DAKSHIN,2002,Rabi,Wheat,9465,21049,2.223877443
West Bengal,DINAJPUR DAKSHIN,2002,Summer,Moong(Green Gram),27,11,0.407407407
West Bengal,DINAJPUR DAKSHIN,2002,Summer,Rice,36812,96463,2.620422688
West Bengal,DINAJPUR DAKSHIN,2002,Summer,Sesamum,22,12,0.545454545
West Bengal,DINAJPUR DAKSHIN,2002,Whole Year,Arecanut,51,64,1.254901961
West Bengal,DINAJPUR DAKSHIN,2002,Whole Year,Coconut,165,2748.6,16.65818182
West Bengal,DINAJPUR DAKSHIN,2002,Whole Year,Turmeric,300,998,3.326666667
West Bengal,DINAJPUR DAKSHIN,2002,Winter,Potato,4842,87243,18.01796778
West Bengal,DINAJPUR DAKSHIN,2002,Winter,Rice,163102,353361,2.16650317
West Bengal,DINAJPUR DAKSHIN,2002,Winter,Sesamum,55,28,0.509090909
West Bengal,DINAJPUR DAKSHIN,2003,Autumn,Rice,9267,17055,1.840401424
West Bengal,DINAJPUR DAKSHIN,2003,Kharif,Dry ginger,255,339,1.329411765
West Bengal,DINAJPUR DAKSHIN,2003,Kharif,Jute,18833,220519,11.70918069
West Bengal,DINAJPUR DAKSHIN,2003,Kharif,Mesta,2528,33984,13.44303797
West Bengal,DINAJPUR DAKSHIN,2003,Kharif,Urad,770,297,0.385714286
West Bengal,DINAJPUR DAKSHIN,2003,Rabi,Barley,31,38,1.225806452
West Bengal,DINAJPUR DAKSHIN,2003,Rabi,Gram,102,57,0.558823529
West Bengal,DINAJPUR DAKSHIN,2003,Rabi,Horse-gram,76,36,0.473684211
West Bengal,DINAJPUR DAKSHIN,2003,Rabi,Khesari,146,130,0.890410959
West Bengal,DINAJPUR DAKSHIN,2003,Rabi,Linseed,215,52,0.241860465
West Bengal,DINAJPUR DAKSHIN,2003,Rabi,Masoor,606,294,0.485148515
West Bengal,DINAJPUR DAKSHIN,2003,Rabi,Moong(Green Gram),70,49,0.7
West Bengal,DINAJPUR DAKSHIN,2003,Rabi,Peas & beans (Pulses),24,27,1.125
West Bengal,DINAJPUR DAKSHIN,2003,Rabi,Rapeseed &Mustard,22786,20809,0.913236198
West Bengal,DINAJPUR DAKSHIN,2003,Rabi,Urad,2550,1752,0.687058824
West Bengal,DINAJPUR DAKSHIN,2003,Rabi,Wheat,10533,22354,2.122282351
West Bengal,DINAJPUR DAKSHIN,2003,Summer,Rice,37855,110582,2.921199313
West Bengal,DINAJPUR DAKSHIN,2003,Whole Year,Arecanut,60,74,1.233333333
West Bengal,DINAJPUR DAKSHIN,2003,Whole Year,Coconut,166,2765.7,16.66084337
West Bengal,DINAJPUR DAKSHIN,2003,Whole Year,Dry chillies,2465,1695,0.687626775
West Bengal,DINAJPUR DAKSHIN,2003,Whole Year,Potato,3460,65034,18.79595376
West Bengal,DINAJPUR DAKSHIN,2003,Whole Year,Sesamum,48,26,0.541666667
West Bengal,DINAJPUR DAKSHIN,2003,Whole Year,Sugarcane,8,594,74.25
West Bengal,DINAJPUR DAKSHIN,2003,Whole Year,Turmeric,350,1179,3.368571429
West Bengal,DINAJPUR DAKSHIN,2003,Winter,Rice,165217,391957,2.372376935
West Bengal,DINAJPUR DAKSHIN,2004,Autumn,Rice,9097,16868,1.854237661
West Bengal,DINAJPUR DAKSHIN,2004,Kharif,Dry ginger,253,344,1.359683794
West Bengal,DINAJPUR DAKSHIN,2004,Kharif,Jute,18289,208902,11.42227568
West Bengal,DINAJPUR DAKSHIN,2004,Kharif,Maize,146,305,2.089041096
West Bengal,DINAJPUR DAKSHIN,2004,Kharif,Mesta,2337,27635,11.8249893
West Bengal,DINAJPUR DAKSHIN,2004,Kharif,Sunflower,34,28,0.823529412
West Bengal,DINAJPUR DAKSHIN,2004,Kharif,Urad,843,278,0.329774614
West Bengal,DINAJPUR DAKSHIN,2004,Rabi,Gram,23,27,1.173913043
West Bengal,DINAJPUR DAKSHIN,2004,Rabi,Khesari,54,22,0.407407407
West Bengal,DINAJPUR DAKSHIN,2004,Rabi,Linseed,22,7,0.318181818
West Bengal,DINAJPUR DAKSHIN,2004,Rabi,Masoor,107,58,0.542056075
West Bengal,DINAJPUR DAKSHIN,2004,Rabi,Moong(Green Gram),50,33,0.66
West Bengal,DINAJPUR DAKSHIN,2004,Rabi,Peas & beans (Pulses),16,10,0.625
West Bengal,DINAJPUR DAKSHIN,2004,Rabi,Rapeseed &Mustard,23337,19198,0.822642156
West Bengal,DINAJPUR DAKSHIN,2004,Rabi,Wheat,9384,22128,2.358056266
West Bengal,DINAJPUR DAKSHIN,2004,Summer,Rice,40173,118905,2.959823762
West Bengal,DINAJPUR DAKSHIN,2004,Whole Year,Coconut,168,2721.8,16.20119048
West Bengal,DINAJPUR DAKSHIN,2004,Whole Year,Dry chillies,2332,1732,0.74271012
West Bengal,DINAJPUR DAKSHIN,2004,Whole Year,Groundnut,65,84,1.292307692
West Bengal,DINAJPUR DAKSHIN,2004,Whole Year,Potato,2861,56043,19.58860538
West Bengal,DINAJPUR DAKSHIN,2004,Whole Year,Turmeric,350,1066,3.045714286
West Bengal,DINAJPUR DAKSHIN,2004,Winter,Rice,167135,414757,2.481568792
West Bengal,DINAJPUR DAKSHIN,2005,Autumn,Rice,10972,19693,1.794841415
West Bengal,DINAJPUR DAKSHIN,2005,Kharif,Dry ginger,180,218,1.211111111
West Bengal,DINAJPUR DAKSHIN,2005,Kharif,Jute,16331,185583,11.3638479
West Bengal,DINAJPUR DAKSHIN,2005,Kharif,Maize,108,223,2.064814815
West Bengal,DINAJPUR DAKSHIN,2005,Kharif,Mesta,3583,48330,13.48869662
West Bengal,DINAJPUR DAKSHIN,2005,Kharif,Sunflower,89,94,1.056179775
West Bengal,DINAJPUR DAKSHIN,2005,Kharif,Urad,726,314,0.432506887
West Bengal,DINAJPUR DAKSHIN,2005,Rabi,Gram,15,11,0.733333333
West Bengal,DINAJPUR DAKSHIN,2005,Rabi,Khesari,20,12,0.6
West Bengal,DINAJPUR DAKSHIN,2005,Rabi,Linseed,110,29,0.263636364
West Bengal,DINAJPUR DAKSHIN,2005,Rabi,Masoor,91,28,0.307692308
West Bengal,DINAJPUR DAKSHIN,2005,Rabi,Peas & beans (Pulses),1,1,1
West Bengal,DINAJPUR DAKSHIN,2005,Rabi,Rapeseed &Mustard,23354,17398,0.744968742
West Bengal,DINAJPUR DAKSHIN,2005,Rabi,Wheat,9258,17681,1.909807734
West Bengal,DINAJPUR DAKSHIN,2005,Summer,Rice,41368,113361,2.740306517
West Bengal,DINAJPUR DAKSHIN,2005,Whole Year,Arecanut,64,63,0.984375
West Bengal,DINAJPUR DAKSHIN,2005,Whole Year,Coconut,186,3005,16.15591398
West Bengal,DINAJPUR DAKSHIN,2005,Whole Year,Dry chillies,2393,1869,0.781027998
West Bengal,DINAJPUR DAKSHIN,2005,Whole Year,Groundnut,40,59,1.475
West Bengal,DINAJPUR DAKSHIN,2005,Whole Year,Potato,3004,59252,19.72436751
West Bengal,DINAJPUR DAKSHIN,2005,Whole Year,Turmeric,230,727,3.160869565
West Bengal,DINAJPUR DAKSHIN,2005,Winter,Rice,159343,386280,2.424204389
West Bengal,DINAJPUR DAKSHIN,2006,Autumn,Rice,10404,18185,1.747885429
West Bengal,DINAJPUR DAKSHIN,2006,Kharif,Dry ginger,137,169,1.233576642
West Bengal,DINAJPUR DAKSHIN,2006,Kharif,Jute,17616,204598,11.61432788
West Bengal,DINAJPUR DAKSHIN,2006,Kharif,Maize,1533,4095,2.671232877
West Bengal,DINAJPUR DAKSHIN,2006,Kharif,Mesta,3654,43044,11.77996716
West Bengal,DINAJPUR DAKSHIN,2006,Kharif,Sunflower,35,34,0.971428571
West Bengal,DINAJPUR DAKSHIN,2006,Kharif,Urad,507,209,0.412228797
West Bengal,DINAJPUR DAKSHIN,2006,Rabi,Gram,2,1,0.5
West Bengal,DINAJPUR DAKSHIN,2006,Rabi,Khesari,7,1,0.142857143
West Bengal,DINAJPUR DAKSHIN,2006,Rabi,Linseed,72,14,0.194444444
West Bengal,DINAJPUR DAKSHIN,2006,Rabi,Masoor,88,31,0.352272727
West Bengal,DINAJPUR DAKSHIN,2006,Rabi,Peas & beans (Pulses),3,2,0.666666667
West Bengal,DINAJPUR DAKSHIN,2006,Rabi,Rapeseed &Mustard,23854,13065,0.547706884
West Bengal,DINAJPUR DAKSHIN,2006,Rabi,Wheat,8851,21912,2.475652469
West Bengal,DINAJPUR DAKSHIN,2006,Summer,Rice,42300,133787,3.162813239
West Bengal,DINAJPUR DAKSHIN,2006,Whole Year,Arecanut,73,72,0.98630137
West Bengal,DINAJPUR DAKSHIN,2006,Whole Year,Coconut,192,240000,1250
West Bengal,DINAJPUR DAKSHIN,2006,Whole Year,Dry chillies,2790,2531,0.907168459
West Bengal,DINAJPUR DAKSHIN,2006,Whole Year,Groundnut,225,353,1.568888889
West Bengal,DINAJPUR DAKSHIN,2006,Whole Year,Potato,2861,42124,14.72352324
West Bengal,DINAJPUR DAKSHIN,2006,Whole Year,Sesamum,23,16,0.695652174
West Bengal,DINAJPUR DAKSHIN,2006,Whole Year,Turmeric,269,679,2.524163569
West Bengal,DINAJPUR DAKSHIN,2006,Winter,Rice,132407,294431,2.223681527
West Bengal,DINAJPUR DAKSHIN,2007,Autumn,Rice,7296,14641,2.006716009
West Bengal,DINAJPUR DAKSHIN,2007,Kharif,Dry ginger,137,179,1.306569343
West Bengal,DINAJPUR DAKSHIN,2007,Kharif,Garlic,3,30,10
West Bengal,DINAJPUR DAKSHIN,2007,Kharif,Jute,19727,250864,12.7167841
West Bengal,DINAJPUR DAKSHIN,2007,Kharif,Mesta,3212,39864,12.4109589
West Bengal,DINAJPUR DAKSHIN,2007,Kharif,Other Kharif pulses,219,82,0.374429224
West Bengal,DINAJPUR DAKSHIN,2007,Kharif,Sunflower,67,74,1.104477612
West Bengal,DINAJPUR DAKSHIN,2007,Kharif,Urad,659,326,0.494688923
West Bengal,DINAJPUR DAKSHIN,2007,Rabi,Gram,12,11,0.916666667
West Bengal,DINAJPUR DAKSHIN,2007,Rabi,Khesari,5,4,0.8
West Bengal,DINAJPUR DAKSHIN,2007,Rabi,Linseed,357,99,0.277310924
West Bengal,DINAJPUR DAKSHIN,2007,Rabi,Masoor,31,9,0.290322581
West Bengal,DINAJPUR DAKSHIN,2007,Rabi,Peas & beans (Pulses),16,12,0.75
West Bengal,DINAJPUR DAKSHIN,2007,Rabi,Rapeseed &Mustard,22251,13188,0.592692463
West Bengal,DINAJPUR DAKSHIN,2007,Rabi,Wheat,10089,29846,2.958271385
West Bengal,DINAJPUR DAKSHIN,2007,Summer,Groundnut,430,657,1.527906977
West Bengal,DINAJPUR DAKSHIN,2007,Summer,Maize,460,1455,3.163043478
West Bengal,DINAJPUR DAKSHIN,2007,Summer,Rice,42674,122512,2.870881567
West Bengal,DINAJPUR DAKSHIN,2007,Whole Year,Arecanut,74,74,1
West Bengal,DINAJPUR DAKSHIN,2007,Whole Year,Coconut,197,2413800,12252.79188
West Bengal,DINAJPUR DAKSHIN,2007,Whole Year,Dry chillies,3565,3380,0.948106592
West Bengal,DINAJPUR DAKSHIN,2007,Whole Year,Potato,3884,92451,23.80303811
West Bengal,DINAJPUR DAKSHIN,2007,Whole Year,Turmeric,269,469,1.743494424
West Bengal,DINAJPUR DAKSHIN,2007,Winter,Rice,147939,354857,2.398671074
West Bengal,DINAJPUR DAKSHIN,2008,Autumn,Rice,7328,15288,2.086244541
West Bengal,DINAJPUR DAKSHIN,2008,Kharif,Dry ginger,137,278,2.02919708
West Bengal,DINAJPUR DAKSHIN,2008,Kharif,Jute,19587,250891,12.80905703
West Bengal,DINAJPUR DAKSHIN,2008,Kharif,Mesta,3223,48293,14.98386596
West Bengal,DINAJPUR DAKSHIN,2008,Kharif,Sunflower,25,22,0.88
West Bengal,DINAJPUR DAKSHIN,2008,Kharif,Urad,815,535,0.656441718
West Bengal,DINAJPUR DAKSHIN,2008,Rabi,Khesari,135,29,0.214814815
West Bengal,DINAJPUR DAKSHIN,2008,Rabi,Linseed,431,119,0.276102088
West Bengal,DINAJPUR DAKSHIN,2008,Rabi,Masoor,196,98,0.5
West Bengal,DINAJPUR DAKSHIN,2008,Rabi,Peas & beans (Pulses),16,9,0.5625
West Bengal,DINAJPUR DAKSHIN,2008,Rabi,Rapeseed &Mustard,23167,17169,0.74109725
West Bengal,DINAJPUR DAKSHIN,2008,Rabi,Wheat,11122,32231,2.897950009
West Bengal,DINAJPUR DAKSHIN,2008,Summer,Groundnut,326,558,1.711656442
West Bengal,DINAJPUR DAKSHIN,2008,Summer,Maize,359,1078,3.002785515
West Bengal,DINAJPUR DAKSHIN,2008,Summer,Rice,43306,137644,3.17840484
West Bengal,DINAJPUR DAKSHIN,2008,Whole Year,Arecanut,89,78,0.876404494
West Bengal,DINAJPUR DAKSHIN,2008,Whole Year,Coconut,197,2313,11.74111675
West Bengal,DINAJPUR DAKSHIN,2008,Whole Year,Dry chillies,3565,3380,0.948106592
West Bengal,DINAJPUR DAKSHIN,2008,Whole Year,Potato,4841,86286,17.82400331
West Bengal,DINAJPUR DAKSHIN,2008,Whole Year,Turmeric,269,469,1.743494424
West Bengal,DINAJPUR DAKSHIN,2008,Winter,Rice,154650,348657,2.254490786
West Bengal,DINAJPUR DAKSHIN,2009,Autumn,Rice,5170,8705,1.683752418
West Bengal,DINAJPUR DAKSHIN,2009,Kharif,Jute,18005,234179,13.00633157
West Bengal,DINAJPUR DAKSHIN,2009,Kharif,Mesta,2924,46724,15.97948016
West Bengal,DINAJPUR DAKSHIN,2009,Kharif,Sunflower,45,53,1.177777778
West Bengal,DINAJPUR DAKSHIN,2009,Kharif,Urad,586,412,0.703071672
West Bengal,DINAJPUR DAKSHIN,2009,Rabi,Khesari,17,17,1
West Bengal,DINAJPUR DAKSHIN,2009,Rabi,Linseed,403,22,0.054590571
West Bengal,DINAJPUR DAKSHIN,2009,Rabi,Masoor,141,70,0.496453901
West Bengal,DINAJPUR DAKSHIN,2009,Rabi,Peas & beans (Pulses),2,1,0.5
West Bengal,DINAJPUR DAKSHIN,2009,Rabi,Potato,5379,151092,28.08923592
West Bengal,DINAJPUR DAKSHIN,2009,Rabi,Rapeseed &Mustard,21226,17454,0.822293414
West Bengal,DINAJPUR DAKSHIN,2009,Rabi,Wheat,11844,35315,2.981678487
West Bengal,DINAJPUR DAKSHIN,2009,Summer,Groundnut,250,409,1.636
West Bengal,DINAJPUR DAKSHIN,2009,Summer,Maize,493,2274,4.612576065
West Bengal,DINAJPUR DAKSHIN,2009,Summer,Rice,35276,94451,2.67748611
West Bengal,DINAJPUR DAKSHIN,2009,Winter,Rice,149940,360599,2.404955315
West Bengal,DINAJPUR DAKSHIN,2010,Autumn,Rice,3571,7729,2.164379726
West Bengal,DINAJPUR DAKSHIN,2010,Kharif,Jute,18133,247133,13.62890862
West Bengal,DINAJPUR DAKSHIN,2010,Kharif,Mesta,3891,53700,13.80107941
West Bengal,DINAJPUR DAKSHIN,2010,Kharif,Sunflower,33,34,1.03030303
West Bengal,DINAJPUR DAKSHIN,2010,Kharif,Urad,646,262,0.405572755
West Bengal,DINAJPUR DAKSHIN,2010,Rabi,Khesari,3,3,1
West Bengal,DINAJPUR DAKSHIN,2010,Rabi,Linseed,119,45,0.378151261
West Bengal,DINAJPUR DAKSHIN,2010,Rabi,Masoor,83,50,0.602409639
West Bengal,DINAJPUR DAKSHIN,2010,Rabi,Peas & beans (Pulses),3,4,1.333333333
West Bengal,DINAJPUR DAKSHIN,2010,Rabi,Potato,6344,169628,26.73833544
West Bengal,DINAJPUR DAKSHIN,2010,Rabi,Rapeseed &Mustard,21379,21381,1.00009355
West Bengal,DINAJPUR DAKSHIN,2010,Rabi,Wheat,12644,38170,3.018823157
West Bengal,DINAJPUR DAKSHIN,2010,Summer,Groundnut,335,541,1.614925373
West Bengal,DINAJPUR DAKSHIN,2010,Summer,Maize,437,1602,3.66590389
West Bengal,DINAJPUR DAKSHIN,2010,Summer,Rice,34597,105254,3.042286903
West Bengal,DINAJPUR DAKSHIN,2010,Winter,Rice,151578,447713,2.953680613
West Bengal,DINAJPUR DAKSHIN,2011,Autumn,Rice,2110,4457,2.112322275
West Bengal,DINAJPUR DAKSHIN,2011,Kharif,Jute,21096,293995,13.93605423
West Bengal,DINAJPUR DAKSHIN,2011,Kharif,Mesta,2744,35132,12.803207
West Bengal,DINAJPUR DAKSHIN,2011,Kharif,Sunflower,21,21,1
West Bengal,DINAJPUR DAKSHIN,2011,Kharif,Urad,696,258,0.370689655
West Bengal,DINAJPUR DAKSHIN,2011,Rabi,Linseed,238,80,0.336134454
West Bengal,DINAJPUR DAKSHIN,2011,Rabi,Masoor,199,174,0.874371859
West Bengal,DINAJPUR DAKSHIN,2011,Rabi,Potato,5883,154921,26.3336733
West Bengal,DINAJPUR DAKSHIN,2011,Rabi,Rapeseed &Mustard,21605,19491,0.90215228
West Bengal,DINAJPUR DAKSHIN,2011,Rabi,Wheat,12574,39437,3.136392556
West Bengal,DINAJPUR DAKSHIN,2011,Summer,Maize,430,1651,3.839534884
West Bengal,DINAJPUR DAKSHIN,2011,Summer,Rice,30807,90832,2.948420813
West Bengal,DINAJPUR DAKSHIN,2011,Whole Year,Sugarcane,5,582,116.4
West Bengal,DINAJPUR DAKSHIN,2011,Winter,Rice,149572,374181,2.501678122
West Bengal,DINAJPUR DAKSHIN,2012,Autumn,Maize,172,419,2.436046512
West Bengal,DINAJPUR DAKSHIN,2012,Autumn,Rice,936,1667,1.780982906
West Bengal,DINAJPUR DAKSHIN,2012,Kharif,Jute,18268,272815,14.93403766
West Bengal,DINAJPUR DAKSHIN,2012,Kharif,Mesta,3022,41970,13.88815354
West Bengal,DINAJPUR DAKSHIN,2012,Kharif,Sunflower,20,21,1.05
West Bengal,DINAJPUR DAKSHIN,2012,Kharif,Urad,713,342,0.479663394
West Bengal,DINAJPUR DAKSHIN,2012,Rabi,Gram,11,15,1.363636364
West Bengal,DINAJPUR DAKSHIN,2012,Rabi,Linseed,270,89,0.32962963
West Bengal,DINAJPUR DAKSHIN,2012,Rabi,Masoor,274,224,0.817518248
West Bengal,DINAJPUR DAKSHIN,2012,Rabi,Potato,5601,163035,29.10819497
West Bengal,DINAJPUR DAKSHIN,2012,Rabi,Rapeseed &Mustard,24811,29184,1.176252469
West Bengal,DINAJPUR DAKSHIN,2012,Rabi,Wheat,12292,41020,3.337129841
West Bengal,DINAJPUR DAKSHIN,2012,Summer,Maize,453,1842,4.066225166
West Bengal,DINAJPUR DAKSHIN,2012,Summer,Rice,21908,68722,3.136844988
West Bengal,DINAJPUR DAKSHIN,2012,Winter,Rice,158532,440334,2.777571721
West Bengal,DINAJPUR DAKSHIN,2013,Autumn,Rice,891,1646,1.847362514
West Bengal,DINAJPUR DAKSHIN,2013,Kharif,Jute,19679,299959,15.24259363
West Bengal,DINAJPUR DAKSHIN,2013,Kharif,Mesta,5282,77238,14.62287012
West Bengal,DINAJPUR DAKSHIN,2013,Kharif,Sunflower,25,25,1
West Bengal,DINAJPUR DAKSHIN,2013,Kharif,Urad,683,598,0.875549048
West Bengal,DINAJPUR DAKSHIN,2013,Rabi,Khesari,98,60,0.612244898
West Bengal,DINAJPUR DAKSHIN,2013,Rabi,Linseed,271,97,0.357933579
West Bengal,DINAJPUR DAKSHIN,2013,Rabi,Masoor,203,160,0.78817734
West Bengal,DINAJPUR DAKSHIN,2013,Rabi,Peas & beans (Pulses),41,47,1.146341463
West Bengal,DINAJPUR DAKSHIN,2013,Rabi,Potato,4956,129965,26.22376917
West Bengal,DINAJPUR DAKSHIN,2013,Rabi,Rapeseed &Mustard,24265,26466,1.090706779
West Bengal,DINAJPUR DAKSHIN,2013,Rabi,Wheat,12329,38285,3.105280234
West Bengal,DINAJPUR DAKSHIN,2013,Summer,Maize,2182,10807,4.9527956
West Bengal,DINAJPUR DAKSHIN,2013,Summer,Moong(Green Gram),2,1,0.5
West Bengal,DINAJPUR DAKSHIN,2013,Summer,Rice,21560,70157,3.25403525
West Bengal,DINAJPUR DAKSHIN,2013,Winter,Rice,157471,442904,2.812606766
West Bengal,DINAJPUR DAKSHIN,2014,Autumn,Rice,884,1726,1.952488688
West Bengal,DINAJPUR DAKSHIN,2014,Kharif,Jute,19926,280075,14.0557563
West Bengal,DINAJPUR DAKSHIN,2014,Kharif,Mesta,5230,71760,13.7208413
West Bengal,DINAJPUR DAKSHIN,2014,Kharif,Sunflower,22,22,1
West Bengal,DINAJPUR DAKSHIN,2014,Kharif,Urad,613,350,0.57096248
West Bengal,DINAJPUR DAKSHIN,2014,Rabi,Gram,19,18,0.947368421
West Bengal,DINAJPUR DAKSHIN,2014,Rabi,Linseed,264,87,0.329545455
West Bengal,DINAJPUR DAKSHIN,2014,Rabi,Masoor,302,248,0.821192053
West Bengal,DINAJPUR DAKSHIN,2014,Rabi,Peas & beans (Pulses),23,28,1.217391304
West Bengal,DINAJPUR DAKSHIN,2014,Rabi,Potato,4936,123348,24.98946515
West Bengal,DINAJPUR DAKSHIN,2014,Rabi,Rapeseed &Mustard,25407,26449,1.041012319
West Bengal,DINAJPUR DAKSHIN,2014,Rabi,Safflower,1,1,1
West Bengal,DINAJPUR DAKSHIN,2014,Rabi,Wheat,13114,41396,3.156626506
West Bengal,DINAJPUR DAKSHIN,2014,Summer,Maize,1858,7451,4.01022605
West Bengal,DINAJPUR DAKSHIN,2014,Summer,Rice,16722,56152,3.357971535
West Bengal,DINAJPUR DAKSHIN,2014,Winter,Rice,163582,462884,2.829675637
West Bengal,DINAJPUR UTTAR,1997,Autumn,Ragi,625,1151,1.8416
West Bengal,DINAJPUR UTTAR,1997,Autumn,Rice,14091,25530,1.811794763
West Bengal,DINAJPUR UTTAR,1997,Kharif,Horse-gram,992,398,0.401209677
West Bengal,DINAJPUR UTTAR,1997,Kharif,Jute,13644,135300,9.91644679
West Bengal,DINAJPUR UTTAR,1997,Kharif,Mesta,2296,20090,8.75
West Bengal,DINAJPUR UTTAR,1997,Kharif,Urad,5976,2540,0.425033467
West Bengal,DINAJPUR UTTAR,1997,Rabi,Gram,1081,660,0.610545791
West Bengal,DINAJPUR UTTAR,1997,Rabi,Khesari,775,640,0.825806452
West Bengal,DINAJPUR UTTAR,1997,Rabi,Masoor,367,160,0.435967302
West Bengal,DINAJPUR UTTAR,1997,Rabi,Moong(Green Gram),30,11,0.366666667
West Bengal,DINAJPUR UTTAR,1997,Rabi,Oilseeds total,3893900,2121300,0.544775161
West Bengal,DINAJPUR UTTAR,1997,Rabi,Urad,5105,2364,0.463075416
West Bengal,DINAJPUR UTTAR,1997,Rabi,Wheat,29008,65020,2.241450634
West Bengal,DINAJPUR UTTAR,1997,Summer,Moong(Green Gram),317,8,0.025236593
West Bengal,DINAJPUR UTTAR,1997,Summer,Rice,64451,171040,2.65379901
West Bengal,DINAJPUR UTTAR,1997,Whole Year,Arecanut,160,796,4.975
West Bengal,DINAJPUR UTTAR,1997,Whole Year,Arhar/Tur,54,50,0.925925926
West Bengal,DINAJPUR UTTAR,1997,Whole Year,Barley,140,80,0.571428571
West Bengal,DINAJPUR UTTAR,1997,Whole Year,Coconut,282,5915,20.9751773
West Bengal,DINAJPUR UTTAR,1997,Whole Year,Dry chillies,4360,2435,0.558486239
West Bengal,DINAJPUR UTTAR,1997,Whole Year,Linseed,3191,1030,0.322782827
West Bengal,DINAJPUR UTTAR,1997,Whole Year,Niger seed,736,277,0.376358696
West Bengal,DINAJPUR UTTAR,1997,Whole Year,Potato,4081,70337,17.23523646
West Bengal,DINAJPUR UTTAR,1997,Whole Year,Pulses total,469700,690300,1.469661486
West Bengal,DINAJPUR UTTAR,1997,Whole Year,Rapeseed &Mustard,28304,16000,0.565291125
West Bengal,DINAJPUR UTTAR,1997,Whole Year,Sesamum,6708,3906,0.582289803
West Bengal,DINAJPUR UTTAR,1997,Whole Year,Small millets,539,435,0.807050093
West Bengal,DINAJPUR UTTAR,1997,Whole Year,Sugarcane,449,33590,74.81069042
West Bengal,DINAJPUR UTTAR,1997,Whole Year,Turmeric,1412,2682,1.899433428
West Bengal,DINAJPUR UTTAR,1997,Winter,Rice,183150,313230,1.71023751
West Bengal,DINAJPUR UTTAR,1998,Autumn,Rice,8155,3750,0.459840589
West Bengal,DINAJPUR UTTAR,1998,Kharif,Arhar/Tur,51,40,0.784313725
West Bengal,DINAJPUR UTTAR,1998,Kharif,Dry ginger,975,2284,2.342564103
West Bengal,DINAJPUR UTTAR,1998,Kharif,Jute,61186,462350,7.556467166
West Bengal,DINAJPUR UTTAR,1998,Kharif,Maize,30,110,3.666666667
West Bengal,DINAJPUR UTTAR,1998,Kharif,Mesta,2177,15150,6.959118052
West Bengal,DINAJPUR UTTAR,1998,Kharif,Niger seed,40,19,0.475
West Bengal,DINAJPUR UTTAR,1998,Kharif,Ragi,910,1472,1.617582418
West Bengal,DINAJPUR UTTAR,1998,Kharif,Small millets,215,280,1.302325581
West Bengal,DINAJPUR UTTAR,1998,Kharif,Urad,6067,2120,0.34943135
West Bengal,DINAJPUR UTTAR,1998,Rabi,Barley,46,40,0.869565217
West Bengal,DINAJPUR UTTAR,1998,Rabi,Gram,257,120,0.46692607
West Bengal,DINAJPUR UTTAR,1998,Rabi,Horse-gram,580,209,0.360344828
West Bengal,DINAJPUR UTTAR,1998,Rabi,Khesari,285,120,0.421052632
West Bengal,DINAJPUR UTTAR,1998,Rabi,Linseed,2315,620,0.267818575
West Bengal,DINAJPUR UTTAR,1998,Rabi,Masoor,599,250,0.41736227
West Bengal,DINAJPUR UTTAR,1998,Rabi,Moong(Green Gram),30,16,0.533333333
West Bengal,DINAJPUR UTTAR,1998,Rabi,Peas & beans (Pulses),35,20,0.571428571
West Bengal,DINAJPUR UTTAR,1998,Rabi,Rapeseed &Mustard,28767,16860,0.586088226
West Bengal,DINAJPUR UTTAR,1998,Rabi,Small millets,215,86,0.4
West Bengal,DINAJPUR UTTAR,1998,Rabi,Urad,2238,1414,0.63181412
West Bengal,DINAJPUR UTTAR,1998,Rabi,Wheat,30479,60930,1.999081335
West Bengal,DINAJPUR UTTAR,1998,Summer,Moong(Green Gram),777,220,0.283140283
West Bengal,DINAJPUR UTTAR,1998,Summer,Rice,86623,338462,3.907299447
West Bengal,DINAJPUR UTTAR,1998,Whole Year,Arecanut,175,879,5.022857143
West Bengal,DINAJPUR UTTAR,1998,Whole Year,Coconut,283,3926.9,13.87597173
West Bengal,DINAJPUR UTTAR,1998,Whole Year,Dry chillies,4292,2268,0.528424977
West Bengal,DINAJPUR UTTAR,1998,Whole Year,Potato,6043,98237,16.25632964
West Bengal,DINAJPUR UTTAR,1998,Whole Year,Sesamum,5200,2809,0.540192308
West Bengal,DINAJPUR UTTAR,1998,Whole Year,Sugarcane,449,34560,76.97104677
West Bengal,DINAJPUR UTTAR,1998,Whole Year,Turmeric,1475,2673,1.81220339
West Bengal,DINAJPUR UTTAR,1998,Winter,Rice,174837,237580,1.358865686
West Bengal,DINAJPUR UTTAR,1999,Autumn,Dry chillies,1152,317,0.275173611
West Bengal,DINAJPUR UTTAR,1999,Autumn,Rice,1004,910,0.906374502
West Bengal,DINAJPUR UTTAR,1999,Kharif,Arhar/Tur,2,2,1
West Bengal,DINAJPUR UTTAR,1999,Kharif,Dry ginger,745,2038,2.73557047
West Bengal,DINAJPUR UTTAR,1999,Kharif,Groundnut,23,36,1.565217391
West Bengal,DINAJPUR UTTAR,1999,Kharif,Jute,57681,508410,8.814167577
West Bengal,DINAJPUR UTTAR,1999,Kharif,Maize,12,20,1.666666667
West Bengal,DINAJPUR UTTAR,1999,Kharif,Mesta,2508,21770,8.680223285
West Bengal,DINAJPUR UTTAR,1999,Kharif,Niger seed,927,374,0.403451996
West Bengal,DINAJPUR UTTAR,1999,Kharif,Ragi,545,917,1.682568807
West Bengal,DINAJPUR UTTAR,1999,Kharif,Small millets,235,317,1.34893617
West Bengal,DINAJPUR UTTAR,1999,Kharif,Urad,2549,1014,0.39780306
West Bengal,DINAJPUR UTTAR,1999,Rabi,Barley,48,33,0.6875
West Bengal,DINAJPUR UTTAR,1999,Rabi,Dry chillies,3024,1845,0.610119048
West Bengal,DINAJPUR UTTAR,1999,Rabi,Gram,168,100,0.595238095
West Bengal,DINAJPUR UTTAR,1999,Rabi,Horse-gram,655,277,0.422900763
West Bengal,DINAJPUR UTTAR,1999,Rabi,Khesari,307,246,0.801302932
West Bengal,DINAJPUR UTTAR,1999,Rabi,Linseed,2181,1262,0.578633654
West Bengal,DINAJPUR UTTAR,1999,Rabi,Masoor,677,317,0.468242245
West Bengal,DINAJPUR UTTAR,1999,Rabi,Moong(Green Gram),30,15,0.5
West Bengal,DINAJPUR UTTAR,1999,Rabi,Peas & beans (Pulses),103,96,0.932038835
West Bengal,DINAJPUR UTTAR,1999,Rabi,Rapeseed &Mustard,29539,17080,0.578218626
West Bengal,DINAJPUR UTTAR,1999,Rabi,Small millets,330,149,0.451515152
West Bengal,DINAJPUR UTTAR,1999,Rabi,Urad,2500,1563,0.6252
West Bengal,DINAJPUR UTTAR,1999,Rabi,Wheat,33793,87534,2.590299766
West Bengal,DINAJPUR UTTAR,1999,Summer,Groundnut,140,271,1.935714286
West Bengal,DINAJPUR UTTAR,1999,Summer,Moong(Green Gram),855,110,0.128654971
West Bengal,DINAJPUR UTTAR,1999,Summer,Rice,93249,273480,2.932792845
West Bengal,DINAJPUR UTTAR,1999,Summer,Sesamum,6471,3030,0.46824293
West Bengal,DINAJPUR UTTAR,1999,Whole Year,Arecanut,182,1000,5.494505495
West Bengal,DINAJPUR UTTAR,1999,Whole Year,Coconut,318,5065.1,15.92798742
West Bengal,DINAJPUR UTTAR,1999,Whole Year,Sugarcane,271,21010,77.52767528
West Bengal,DINAJPUR UTTAR,1999,Whole Year,Turmeric,1280,2171,1.69609375
West Bengal,DINAJPUR UTTAR,1999,Winter,Potato,5516,102190,18.52610587
West Bengal,DINAJPUR UTTAR,1999,Winter,Rice,190171,293100,1.541244459
West Bengal,DINAJPUR UTTAR,1999,Winter,Sesamum,18,12,0.666666667
West Bengal,DINAJPUR UTTAR,2000,Autumn,Rice,844,610,0.722748815
West Bengal,DINAJPUR UTTAR,2000,Kharif,Arhar/Tur,19,10,0.526315789
West Bengal,DINAJPUR UTTAR,2000,Kharif,Dry ginger,687,1965,2.860262009
West Bengal,DINAJPUR UTTAR,2000,Kharif,Jute,59005,457490,7.753410728
West Bengal,DINAJPUR UTTAR,2000,Kharif,Maize,44,140,3.181818182
West Bengal,DINAJPUR UTTAR,2000,Kharif,Mesta,2473,16210,6.554791751
West Bengal,DINAJPUR UTTAR,2000,Kharif,Niger seed,813,305,0.375153752
West Bengal,DINAJPUR UTTAR,2000,Kharif,Ragi,598,1049,1.754180602
West Bengal,DINAJPUR UTTAR,2000,Kharif,Small millets,215,290,1.348837209
West Bengal,DINAJPUR UTTAR,2000,Kharif,Urad,1615,740,0.458204334
West Bengal,DINAJPUR UTTAR,2000,Rabi,Barley,40,20,0.5
West Bengal,DINAJPUR UTTAR,2000,Rabi,Gram,1675,770,0.459701493
West Bengal,DINAJPUR UTTAR,2000,Rabi,Horse-gram,655,277,0.422900763
West Bengal,DINAJPUR UTTAR,2000,Rabi,Khesari,100,100,1
West Bengal,DINAJPUR UTTAR,2000,Rabi,Linseed,3066,920,0.300065232
West Bengal,DINAJPUR UTTAR,2000,Rabi,Masoor,1655,880,0.531722054
West Bengal,DINAJPUR UTTAR,2000,Rabi,Moong(Green Gram),30,15,0.5
West Bengal,DINAJPUR UTTAR,2000,Rabi,Rapeseed &Mustard,34325,27020,0.787181355
West Bengal,DINAJPUR UTTAR,2000,Rabi,Small millets,370,185,0.5
West Bengal,DINAJPUR UTTAR,2000,Rabi,Urad,2500,1563,0.6252
West Bengal,DINAJPUR UTTAR,2000,Rabi,Wheat,37492,85240,2.273551691
West Bengal,DINAJPUR UTTAR,2000,Summer,Groundnut,140,271,1.935714286
West Bengal,DINAJPUR UTTAR,2000,Summer,Moong(Green Gram),835,239,0.286227545
West Bengal,DINAJPUR UTTAR,2000,Summer,Rice,92386,290487,3.144275107
West Bengal,DINAJPUR UTTAR,2000,Whole Year,Arecanut,183,1015,5.546448087
West Bengal,DINAJPUR UTTAR,2000,Whole Year,Coconut,323,5116.3,15.83993808
West Bengal,DINAJPUR UTTAR,2000,Whole Year,Dry chillies,4068,2318,0.569813176
West Bengal,DINAJPUR UTTAR,2000,Whole Year,Potato,6739,133361,19.78943463
West Bengal,DINAJPUR UTTAR,2000,Whole Year,Sesamum,7018,3861,0.55015674
West Bengal,DINAJPUR UTTAR,2000,Whole Year,Turmeric,1480,2489,1.681756757
West Bengal,DINAJPUR UTTAR,2000,Winter,Rice,189979,337510,1.776564778
West Bengal,DINAJPUR UTTAR,2001,Autumn,Rice,257,280,1.089494163
West Bengal,DINAJPUR UTTAR,2001,Kharif,Arhar/Tur,132,105,0.795454545
West Bengal,DINAJPUR UTTAR,2001,Kharif,Dry ginger,785,1897,2.41656051
West Bengal,DINAJPUR UTTAR,2001,Kharif,Groundnut,88,128,1.454545455
West Bengal,DINAJPUR UTTAR,2001,Kharif,Jute,63088,611114,9.686691605
West Bengal,DINAJPUR UTTAR,2001,Kharif,Maize,559,1805,3.228980322
West Bengal,DINAJPUR UTTAR,2001,Kharif,Mesta,3710,31101,8.383018868
West Bengal,DINAJPUR UTTAR,2001,Kharif,Niger seed,712,267,0.375
West Bengal,DINAJPUR UTTAR,2001,Kharif,Ragi,265,364,1.373584906
West Bengal,DINAJPUR UTTAR,2001,Kharif,Small millets,502,564,1.123505976
West Bengal,DINAJPUR UTTAR,2001,Kharif,Urad,2042,1060,0.519098923
West Bengal,DINAJPUR UTTAR,2001,Rabi,Barley,80,30,0.375
West Bengal,DINAJPUR UTTAR,2001,Rabi,Gram,492,266,0.540650407
West Bengal,DINAJPUR UTTAR,2001,Rabi,Groundnut,133,207,1.556390977
West Bengal,DINAJPUR UTTAR,2001,Rabi,Horse-gram,835,1774,2.124550898
West Bengal,DINAJPUR UTTAR,2001,Rabi,Khesari,210,166,0.79047619
West Bengal,DINAJPUR UTTAR,2001,Rabi,Linseed,3397,978,0.287901089
West Bengal,DINAJPUR UTTAR,2001,Rabi,Masoor,1492,690,0.462466488
West Bengal,DINAJPUR UTTAR,2001,Rabi,Moong(Green Gram),105,54,0.514285714
West Bengal,DINAJPUR UTTAR,2001,Rabi,Peas & beans (Pulses),91,58,0.637362637
West Bengal,DINAJPUR UTTAR,2001,Rabi,Rapeseed &Mustard,34087,24143,0.708275882
West Bengal,DINAJPUR UTTAR,2001,Rabi,Urad,1790,6453,3.605027933
West Bengal,DINAJPUR UTTAR,2001,Rabi,Wheat,40071,81370,2.030645604
West Bengal,DINAJPUR UTTAR,2001,Summer,Groundnut,150,338,2.253333333
West Bengal,DINAJPUR UTTAR,2001,Summer,Moong(Green Gram),253,70,0.276679842
West Bengal,DINAJPUR UTTAR,2001,Summer,Rice,93666,266545,2.845696411
West Bengal,DINAJPUR UTTAR,2001,Whole Year,Arecanut,197,917,4.654822335
West Bengal,DINAJPUR UTTAR,2001,Whole Year,Coconut,330,3762,11.4
West Bengal,DINAJPUR UTTAR,2001,Whole Year,Dry chillies,5517,3229,0.585281856
West Bengal,DINAJPUR UTTAR,2001,Whole Year,Potato,6273,116272,18.53531006
West Bengal,DINAJPUR UTTAR,2001,Whole Year,Sesamum,7897,3630,0.459668228
West Bengal,DINAJPUR UTTAR,2001,Whole Year,Sugarcane,21,1760,83.80952381
West Bengal,DINAJPUR UTTAR,2001,Whole Year,Turmeric,1558,2898,1.860077022
West Bengal,DINAJPUR UTTAR,2001,Winter,Rice,185658,287622,1.549203374
West Bengal,DINAJPUR UTTAR,2002,Autumn,Dry chillies,2170,851,0.392165899
West Bengal,DINAJPUR UTTAR,2002,Autumn,Rice,843,1249,1.481613286
West Bengal,DINAJPUR UTTAR,2002,Kharif,Arhar/Tur,1,1,1
West Bengal,DINAJPUR UTTAR,2002,Kharif,Dry ginger,1006,4863,4.833996024
West Bengal,DINAJPUR UTTAR,2002,Kharif,Groundnut,58,85,1.465517241
West Bengal,DINAJPUR UTTAR,2002,Kharif,Jute,62490,584278,9.349943991
West Bengal,DINAJPUR UTTAR,2002,Kharif,Maize,181,426,2.35359116
West Bengal,DINAJPUR UTTAR,2002,Kharif,Mesta,2794,21556,7.715103794
West Bengal,DINAJPUR UTTAR,2002,Kharif,Niger seed,687,212,0.308588064
West Bengal,DINAJPUR UTTAR,2002,Kharif,Ragi,1018,1466,1.440078585
West Bengal,DINAJPUR UTTAR,2002,Kharif,Small millets,300,435,1.45
West Bengal,DINAJPUR UTTAR,2002,Kharif,Urad,1848,796,0.430735931
West Bengal,DINAJPUR UTTAR,2002,Rabi,Barley,4,4,1
West Bengal,DINAJPUR UTTAR,2002,Rabi,Dry chillies,4364,2946,0.675068744
West Bengal,DINAJPUR UTTAR,2002,Rabi,Gram,743,233,0.31359354
West Bengal,DINAJPUR UTTAR,2002,Rabi,Groundnut,33,52,1.575757576
West Bengal,DINAJPUR UTTAR,2002,Rabi,Horse-gram,790,326,0.412658228
West Bengal,DINAJPUR UTTAR,2002,Rabi,Khesari,185,172,0.92972973
West Bengal,DINAJPUR UTTAR,2002,Rabi,Linseed,3696,1519,0.410984848
West Bengal,DINAJPUR UTTAR,2002,Rabi,Masoor,1880,549,0.292021277
West Bengal,DINAJPUR UTTAR,2002,Rabi,Moong(Green Gram),30,15,0.5
West Bengal,DINAJPUR UTTAR,2002,Rabi,Peas & beans (Pulses),12,10,0.833333333
West Bengal,DINAJPUR UTTAR,2002,Rabi,Rapeseed &Mustard,31207,16863,0.540359535
West Bengal,DINAJPUR UTTAR,2002,Rabi,Small millets,95,81,0.852631579
West Bengal,DINAJPUR UTTAR,2002,Rabi,Urad,2025,1337,0.660246914
West Bengal,DINAJPUR UTTAR,2002,Rabi,Wheat,40408,82639,2.045114829
West Bengal,DINAJPUR UTTAR,2002,Summer,Groundnut,29,63,2.172413793
West Bengal,DINAJPUR UTTAR,2002,Summer,Moong(Green Gram),175,69,0.394285714
West Bengal,DINAJPUR UTTAR,2002,Summer,Rice,95655,265260,2.773090795
West Bengal,DINAJPUR UTTAR,2002,Summer,Sesamum,6697,2980,0.444975362
West Bengal,DINAJPUR UTTAR,2002,Whole Year,Arecanut,345,1665,4.826086957
West Bengal,DINAJPUR UTTAR,2002,Whole Year,Coconut,195,1747.2,8.96
West Bengal,DINAJPUR UTTAR,2002,Whole Year,Sugarcane,362,23801,65.74861878
West Bengal,DINAJPUR UTTAR,2002,Whole Year,Turmeric,1027,1916,1.865628043
West Bengal,DINAJPUR UTTAR,2002,Winter,Potato,10517,202883,19.2909575
West Bengal,DINAJPUR UTTAR,2002,Winter,Rice,187523,320636,1.709848925
West Bengal,DINAJPUR UTTAR,2002,Winter,Sesamum,54,36,0.666666667
West Bengal,DINAJPUR UTTAR,2003,Autumn,Rice,679,1093,1.609720177
West Bengal,DINAJPUR UTTAR,2003,Kharif,Arhar/Tur,1,1,1
West Bengal,DINAJPUR UTTAR,2003,Kharif,Dry ginger,880,2281,2.592045455
West Bengal,DINAJPUR UTTAR,2003,Kharif,Groundnut,20,27,1.35
West Bengal,DINAJPUR UTTAR,2003,Kharif,Jute,64881,666471,10.27220604
West Bengal,DINAJPUR UTTAR,2003,Kharif,Maize,4935,21269,4.309827761
West Bengal,DINAJPUR UTTAR,2003,Kharif,Mesta,3694,33927,9.184353005
West Bengal,DINAJPUR UTTAR,2003,Kharif,Niger seed,770,337,0.437662338
West Bengal,DINAJPUR UTTAR,2003,Kharif,Ragi,1018,1466,1.440078585
West Bengal,DINAJPUR UTTAR,2003,Kharif,Small millets,285,413,1.449122807
West Bengal,DINAJPUR UTTAR,2003,Kharif,Sunflower,200,70,0.35
West Bengal,DINAJPUR UTTAR,2003,Kharif,Urad,2017,737,0.36539415
West Bengal,DINAJPUR UTTAR,2003,Rabi,Barley,56,69,1.232142857
West Bengal,DINAJPUR UTTAR,2003,Rabi,Gram,1054,942,0.89373814
West Bengal,DINAJPUR UTTAR,2003,Rabi,Groundnut,104,81,0.778846154
West Bengal,DINAJPUR UTTAR,2003,Rabi,Horse-gram,741,305,0.411605938
West Bengal,DINAJPUR UTTAR,2003,Rabi,Khesari,290,116,0.4
West Bengal,DINAJPUR UTTAR,2003,Rabi,Linseed,1641,365,0.22242535
West Bengal,DINAJPUR UTTAR,2003,Rabi,Masoor,1971,892,0.452562151
West Bengal,DINAJPUR UTTAR,2003,Rabi,Moong(Green Gram),30,15,0.5
West Bengal,DINAJPUR UTTAR,2003,Rabi,Peas & beans (Pulses),34,39,1.147058824
West Bengal,DINAJPUR UTTAR,2003,Rabi,Rapeseed &Mustard,37716,30552,0.810054088
West Bengal,DINAJPUR UTTAR,2003,Rabi,Small millets,200,175,0.875
West Bengal,DINAJPUR UTTAR,2003,Rabi,Urad,1740,1065,0.612068966
West Bengal,DINAJPUR UTTAR,2003,Rabi,Wheat,46340,93570,2.01920587
West Bengal,DINAJPUR UTTAR,2003,Summer,Groundnut,66,78,1.181818182
West Bengal,DINAJPUR UTTAR,2003,Summer,Moong(Green Gram),383,83,0.216710183
West Bengal,DINAJPUR UTTAR,2003,Summer,Rice,98592,274178,2.780935573
West Bengal,DINAJPUR UTTAR,2003,Whole Year,Arecanut,355,2143,6.036619718
West Bengal,DINAJPUR UTTAR,2003,Whole Year,Coconut,199,1687.5,8.479899497
West Bengal,DINAJPUR UTTAR,2003,Whole Year,Dry chillies,3544,2067,0.583239278
West Bengal,DINAJPUR UTTAR,2003,Whole Year,Potato,8730,167288,19.16242841
West Bengal,DINAJPUR UTTAR,2003,Whole Year,Sesamum,2111,819,0.387967788
West Bengal,DINAJPUR UTTAR,2003,Whole Year,Turmeric,1547,2901,1.875242405
West Bengal,DINAJPUR UTTAR,2003,Winter,Rice,196347,424675,2.162880003
West Bengal,DINAJPUR UTTAR,2004,Autumn,Rice,2343,3173,1.354246692
West Bengal,DINAJPUR UTTAR,2004,Kharif,Dry ginger,676,1720,2.544378698
West Bengal,DINAJPUR UTTAR,2004,Kharif,Jute,63504,632717,9.963419627
West Bengal,DINAJPUR UTTAR,2004,Kharif,Maize,8283,46556,5.62066884
West Bengal,DINAJPUR UTTAR,2004,Kharif,Mesta,4072,34440,8.457760314
West Bengal,DINAJPUR UTTAR,2004,Kharif,Niger seed,242,93,0.384297521
West Bengal,DINAJPUR UTTAR,2004,Kharif,Ragi,658,1316,2
West Bengal,DINAJPUR UTTAR,2004,Kharif,Small millets,309,494,1.598705502
West Bengal,DINAJPUR UTTAR,2004,Kharif,Sunflower,31,23,0.741935484
West Bengal,DINAJPUR UTTAR,2004,Kharif,Urad,1784,826,0.463004484
West Bengal,DINAJPUR UTTAR,2004,Rabi,Arhar/Tur,30,19,0.633333333
West Bengal,DINAJPUR UTTAR,2004,Rabi,Barley,65,123,1.892307692
West Bengal,DINAJPUR UTTAR,2004,Rabi,Gram,302,389,1.28807947
West Bengal,DINAJPUR UTTAR,2004,Rabi,Horse-gram,341,145,0.425219941
West Bengal,DINAJPUR UTTAR,2004,Rabi,Khesari,214,109,0.509345794
West Bengal,DINAJPUR UTTAR,2004,Rabi,Linseed,1076,320,0.29739777
West Bengal,DINAJPUR UTTAR,2004,Rabi,Masoor,1354,545,0.402511078
West Bengal,DINAJPUR UTTAR,2004,Rabi,Peas & beans (Pulses),10,6,0.6
West Bengal,DINAJPUR UTTAR,2004,Rabi,Rapeseed &Mustard,37821,23149,0.61206737
West Bengal,DINAJPUR UTTAR,2004,Rabi,Safflower,50,25,0.5
West Bengal,DINAJPUR UTTAR,2004,Rabi,Small millets,230,204,0.886956522
West Bengal,DINAJPUR UTTAR,2004,Rabi,Urad,1032,622,0.602713178
West Bengal,DINAJPUR UTTAR,2004,Rabi,Wheat,45476,104387,2.295430557
West Bengal,DINAJPUR UTTAR,2004,Summer,Moong(Green Gram),46,16,0.347826087
West Bengal,DINAJPUR UTTAR,2004,Summer,Rice,88494,263873,2.981817976
West Bengal,DINAJPUR UTTAR,2004,Whole Year,Coconut,202,1378.6,6.824752475
West Bengal,DINAJPUR UTTAR,2004,Whole Year,Dry chillies,3112,1774,0.570051414
West Bengal,DINAJPUR UTTAR,2004,Whole Year,Groundnut,282,676,2.397163121
West Bengal,DINAJPUR UTTAR,2004,Whole Year,Potato,7582,150657,19.87035083
West Bengal,DINAJPUR UTTAR,2004,Whole Year,Sesamum,1872,767,0.409722222
West Bengal,DINAJPUR UTTAR,2004,Whole Year,Turmeric,1192,2339,1.962248322
West Bengal,DINAJPUR UTTAR,2004,Winter,Rice,178332,383281,2.149255322
West Bengal,DINAJPUR UTTAR,2005,Autumn,Rice,1553,2472,1.591757888
West Bengal,DINAJPUR UTTAR,2005,Kharif,Dry ginger,752,1775,2.36037234
West Bengal,DINAJPUR UTTAR,2005,Kharif,Jute,53861,644914,11.97367297
West Bengal,DINAJPUR UTTAR,2005,Kharif,Maize,9890,51762,5.233771486
West Bengal,DINAJPUR UTTAR,2005,Kharif,Mesta,3154,28450,9.020291693
West Bengal,DINAJPUR UTTAR,2005,Kharif,Niger seed,200,85,0.425
West Bengal,DINAJPUR UTTAR,2005,Kharif,Ragi,908,1503,1.655286344
West Bengal,DINAJPUR UTTAR,2005,Kharif,Small millets,309,494,1.598705502
West Bengal,DINAJPUR UTTAR,2005,Kharif,Sunflower,31,23,0.741935484
West Bengal,DINAJPUR UTTAR,2005,Kharif,Urad,1920,839,0.436979167
West Bengal,DINAJPUR UTTAR,2005,Rabi,Arhar/Tur,8,7,0.875
West Bengal,DINAJPUR UTTAR,2005,Rabi,Barley,332,469,1.412650602
West Bengal,DINAJPUR UTTAR,2005,Rabi,Gram,607,460,0.757825371
West Bengal,DINAJPUR UTTAR,2005,Rabi,Horse-gram,416,175,0.420673077
West Bengal,DINAJPUR UTTAR,2005,Rabi,Khesari,191,119,0.623036649
West Bengal,DINAJPUR UTTAR,2005,Rabi,Linseed,1751,385,0.219874358
West Bengal,DINAJPUR UTTAR,2005,Rabi,Masoor,932,348,0.373390558
West Bengal,DINAJPUR UTTAR,2005,Rabi,Peas & beans (Pulses),1,1,1
West Bengal,DINAJPUR UTTAR,2005,Rabi,Rapeseed &Mustard,35863,26018,0.725483088
West Bengal,DINAJPUR UTTAR,2005,Rabi,Safflower,54,32,0.592592593
West Bengal,DINAJPUR UTTAR,2005,Rabi,Small millets,650,578,0.889230769
West Bengal,DINAJPUR UTTAR,2005,Rabi,Urad,962,592,0.615384615
West Bengal,DINAJPUR UTTAR,2005,Rabi,Wheat,38230,77770,2.034266283
West Bengal,DINAJPUR UTTAR,2005,Summer,Moong(Green Gram),55,29,0.527272727
West Bengal,DINAJPUR UTTAR,2005,Summer,Rice,89269,252123,2.82430631
West Bengal,DINAJPUR UTTAR,2005,Whole Year,Arecanut,356,4313,12.11516854
West Bengal,DINAJPUR UTTAR,2005,Whole Year,Coconut,208,1150,5.528846154
West Bengal,DINAJPUR UTTAR,2005,Whole Year,Dry chillies,4379,1929,0.440511532
West Bengal,DINAJPUR UTTAR,2005,Whole Year,Groundnut,276,651,2.358695652
West Bengal,DINAJPUR UTTAR,2005,Whole Year,Potato,8360,167021,19.97858852
West Bengal,DINAJPUR UTTAR,2005,Whole Year,Sesamum,1927,622,0.322781526
West Bengal,DINAJPUR UTTAR,2005,Whole Year,Sugarcane,6,678,113
West Bengal,DINAJPUR UTTAR,2005,Whole Year,Turmeric,1088,2040,1.875
West Bengal,DINAJPUR UTTAR,2005,Winter,Rice,189290,437762,2.312652544
West Bengal,DINAJPUR UTTAR,2006,Autumn,Rice,2529,3347,1.323448003
West Bengal,DINAJPUR UTTAR,2006,Kharif,Dry ginger,685,1627,2.375182482
West Bengal,DINAJPUR UTTAR,2006,Kharif,Jute,53219,650019,12.2140401
West Bengal,DINAJPUR UTTAR,2006,Kharif,Maize,11996,60196,5.018006002
West Bengal,DINAJPUR UTTAR,2006,Kharif,Mesta,2409,17683,7.340390203
West Bengal,DINAJPUR UTTAR,2006,Kharif,Niger seed,122,50,0.409836066
West Bengal,DINAJPUR UTTAR,2006,Kharif,Ragi,1410,1161,0.823404255
West Bengal,DINAJPUR UTTAR,2006,Kharif,Sunflower,31,23,0.741935484
West Bengal,DINAJPUR UTTAR,2006,Kharif,Urad,1905,1135,0.595800525
West Bengal,DINAJPUR UTTAR,2006,Rabi,Barley,55,71,1.290909091
West Bengal,DINAJPUR UTTAR,2006,Rabi,Gram,417,366,0.877697842
West Bengal,DINAJPUR UTTAR,2006,Rabi,Horse-gram,218,91,0.417431193
West Bengal,DINAJPUR UTTAR,2006,Rabi,Khesari,174,134,0.770114943
West Bengal,DINAJPUR UTTAR,2006,Rabi,Linseed,836,192,0.229665072
West Bengal,DINAJPUR UTTAR,2006,Rabi,Masoor,860,321,0.373255814
West Bengal,DINAJPUR UTTAR,2006,Rabi,Peas & beans (Pulses),27,18,0.666666667
West Bengal,DINAJPUR UTTAR,2006,Rabi,Rapeseed &Mustard,35393,19472,0.550165287
West Bengal,DINAJPUR UTTAR,2006,Rabi,Safflower,55,36,0.654545455
West Bengal,DINAJPUR UTTAR,2006,Rabi,Small millets,1130,1051,0.930088496
West Bengal,DINAJPUR UTTAR,2006,Rabi,Urad,671,463,0.690014903
West Bengal,DINAJPUR UTTAR,2006,Rabi,Wheat,35248,86276,2.447684975
West Bengal,DINAJPUR UTTAR,2006,Summer,Moong(Green Gram),485,188,0.387628866
West Bengal,DINAJPUR UTTAR,2006,Summer,Rice,89231,263845,2.956875974
West Bengal,DINAJPUR UTTAR,2006,Whole Year,Arecanut,356,392,1.101123596
West Bengal,DINAJPUR UTTAR,2006,Whole Year,Coconut,208,1102400,5300
West Bengal,DINAJPUR UTTAR,2006,Whole Year,Dry chillies,3611,1574,0.435890335
West Bengal,DINAJPUR UTTAR,2006,Whole Year,Groundnut,317,333,1.050473186
West Bengal,DINAJPUR UTTAR,2006,Whole Year,Potato,8096,109770,13.55854743
West Bengal,DINAJPUR UTTAR,2006,Whole Year,Sesamum,1049,557,0.530981888
West Bengal,DINAJPUR UTTAR,2006,Whole Year,Sugarcane,20,2050,102.5
West Bengal,DINAJPUR UTTAR,2006,Whole Year,Turmeric,2078,4104,1.974975938
West Bengal,DINAJPUR UTTAR,2006,Winter,Rice,164541,322537,1.96022268
West Bengal,DINAJPUR UTTAR,2007,Autumn,Rice,2059,2999,1.456532297
West Bengal,DINAJPUR UTTAR,2007,Autumn,Sesamum,20,29,1.45
West Bengal,DINAJPUR UTTAR,2007,Kharif,Dry ginger,1038,2535,2.442196532
West Bengal,DINAJPUR UTTAR,2007,Kharif,Garlic,196,2584,13.18367347
West Bengal,DINAJPUR UTTAR,2007,Kharif,Jute,50656,609564,12.03340177
West Bengal,DINAJPUR UTTAR,2007,Kharif,Maize,2152,4970,2.309479554
West Bengal,DINAJPUR UTTAR,2007,Kharif,Mesta,2521,22122,8.77508925
West Bengal,DINAJPUR UTTAR,2007,Kharif,Niger seed,188,76,0.404255319
West Bengal,DINAJPUR UTTAR,2007,Kharif,Ragi,1410,1161,0.823404255
West Bengal,DINAJPUR UTTAR,2007,Kharif,Sunflower,31,23,0.741935484
West Bengal,DINAJPUR UTTAR,2007,Kharif,Urad,723,338,0.467496542
West Bengal,DINAJPUR UTTAR,2007,Rabi,Barley,16,25,1.5625
West Bengal,DINAJPUR UTTAR,2007,Rabi,Gram,361,131,0.362880886
West Bengal,DINAJPUR UTTAR,2007,Rabi,Groundnut,150,384,2.56
West Bengal,DINAJPUR UTTAR,2007,Rabi,Horse-gram,218,91,0.417431193
West Bengal,DINAJPUR UTTAR,2007,Rabi,Khesari,93,51,0.548387097
West Bengal,DINAJPUR UTTAR,2007,Rabi,Linseed,622,131,0.210610932
West Bengal,DINAJPUR UTTAR,2007,Rabi,Maize,6550,32750,5
West Bengal,DINAJPUR UTTAR,2007,Rabi,Masoor,480,269,0.560416667
West Bengal,DINAJPUR UTTAR,2007,Rabi,Peas & beans (Pulses),2,2,1
West Bengal,DINAJPUR UTTAR,2007,Rabi,Rapeseed &Mustard,33837,24478,0.723409286
West Bengal,DINAJPUR UTTAR,2007,Rabi,Safflower,53,31,0.58490566
West Bengal,DINAJPUR UTTAR,2007,Rabi,Small millets,1130,1051,0.930088496
West Bengal,DINAJPUR UTTAR,2007,Rabi,Urad,671,463,0.690014903
West Bengal,DINAJPUR UTTAR,2007,Rabi,Wheat,36465,98219,2.693514329
West Bengal,DINAJPUR UTTAR,2007,Summer,Groundnut,142,169,1.190140845
West Bengal,DINAJPUR UTTAR,2007,Summer,Maize,3501,22757,6.500142816
West Bengal,DINAJPUR UTTAR,2007,Summer,Moong(Green Gram),146,144,0.98630137
West Bengal,DINAJPUR UTTAR,2007,Summer,Rice,93716,273224,2.915446669
West Bengal,DINAJPUR UTTAR,2007,Summer,Sesamum,949,442,0.465753425
West Bengal,DINAJPUR UTTAR,2007,Whole Year,Arecanut,390,618,1.584615385
West Bengal,DINAJPUR UTTAR,2007,Whole Year,Coconut,236,2317500,9819.915254
West Bengal,DINAJPUR UTTAR,2007,Whole Year,Dry chillies,5334,5137,0.963067117
West Bengal,DINAJPUR UTTAR,2007,Whole Year,Potato,8705,247306,28.40964963
West Bengal,DINAJPUR UTTAR,2007,Whole Year,Turmeric,1740,2920,1.67816092
West Bengal,DINAJPUR UTTAR,2007,Winter,Rice,185328,407290,2.197671156
West Bengal,DINAJPUR UTTAR,2007,Winter,Sesamum,39,20,0.512820513
West Bengal,DINAJPUR UTTAR,2008,Autumn,Maize,2567,7239,2.820023374
West Bengal,DINAJPUR UTTAR,2008,Autumn,Ragi,100,90,0.9
West Bengal,DINAJPUR UTTAR,2008,Autumn,Rice,2097,3259,1.55412494
West Bengal,DINAJPUR UTTAR,2008,Autumn,Sesamum,100,158,1.58
West Bengal,DINAJPUR UTTAR,2008,Kharif,Dry ginger,1197,2630,2.197159566
West Bengal,DINAJPUR UTTAR,2008,Kharif,Jute,45710,566470,12.39269306
West Bengal,DINAJPUR UTTAR,2008,Kharif,Mesta,2515,23855,9.485089463
West Bengal,DINAJPUR UTTAR,2008,Kharif,Moong(Green Gram),625,750,1.2
West Bengal,DINAJPUR UTTAR,2008,Kharif,Niger seed,75,29,0.386666667
West Bengal,DINAJPUR UTTAR,2008,Kharif,Other Kharif pulses,360,328,0.911111111
West Bengal,DINAJPUR UTTAR,2008,Kharif,Sunflower,21,23,1.095238095
West Bengal,DINAJPUR UTTAR,2008,Kharif,Urad,1037,824,0.794599807
West Bengal,DINAJPUR UTTAR,2008,Rabi,Arhar/Tur,24,19,0.791666667
West Bengal,DINAJPUR UTTAR,2008,Rabi,Barley,31,60,1.935483871
West Bengal,DINAJPUR UTTAR,2008,Rabi,Gram,401,347,0.865336658
West Bengal,DINAJPUR UTTAR,2008,Rabi,Groundnut,50,53,1.06
West Bengal,DINAJPUR UTTAR,2008,Rabi,Horse-gram,40,16,0.4
West Bengal,DINAJPUR UTTAR,2008,Rabi,Khesari,287,14,0.048780488
West Bengal,DINAJPUR UTTAR,2008,Rabi,Linseed,984,289,0.293699187
West Bengal,DINAJPUR UTTAR,2008,Rabi,Maize,9003,51767,5.749972231
West Bengal,DINAJPUR UTTAR,2008,Rabi,Masoor,995,298,0.299497487
West Bengal,DINAJPUR UTTAR,2008,Rabi,Peas & beans (Pulses),9,5,0.555555556
West Bengal,DINAJPUR UTTAR,2008,Rabi,Ragi,972,802,0.825102881
West Bengal,DINAJPUR UTTAR,2008,Rabi,Rapeseed &Mustard,38637,22380,0.579237518
West Bengal,DINAJPUR UTTAR,2008,Rabi,Safflower,23,16,0.695652174
West Bengal,DINAJPUR UTTAR,2008,Rabi,Small millets,980,921,0.939795918
West Bengal,DINAJPUR UTTAR,2008,Rabi,Urad,605,454,0.750413223
West Bengal,DINAJPUR UTTAR,2008,Rabi,Wheat,30435,75650,2.485625103
West Bengal,DINAJPUR UTTAR,2008,Summer,Groundnut,160,249,1.55625
West Bengal,DINAJPUR UTTAR,2008,Summer,Maize,15750,94894,6.025015873
West Bengal,DINAJPUR UTTAR,2008,Summer,Moong(Green Gram),164,102,0.62195122
West Bengal,DINAJPUR UTTAR,2008,Summer,Rice,94213,252671,2.681912263
West Bengal,DINAJPUR UTTAR,2008,Summer,Sesamum,724,304,0.419889503
West Bengal,DINAJPUR UTTAR,2008,Whole Year,Arecanut,405,542,1.338271605
West Bengal,DINAJPUR UTTAR,2008,Whole Year,Coconut,218,2135,9.793577982
West Bengal,DINAJPUR UTTAR,2008,Whole Year,Dry chillies,6852,6599,0.963076474
West Bengal,DINAJPUR UTTAR,2008,Whole Year,Potato,9054,166522,18.39209189
West Bengal,DINAJPUR UTTAR,2008,Whole Year,Sugarcane,460,48800,106.0869565
West Bengal,DINAJPUR UTTAR,2008,Whole Year,Turmeric,1901,2760,1.451867438
West Bengal,DINAJPUR UTTAR,2008,Winter,Rice,188201,404069,2.14700772
West Bengal,DINAJPUR UTTAR,2008,Winter,Sesamum,138,68,0.492753623
West Bengal,DINAJPUR UTTAR,2009,Autumn,Maize,2729,6258,2.293147673
West Bengal,DINAJPUR UTTAR,2009,Autumn,Ragi,90,99,1.1
West Bengal,DINAJPUR UTTAR,2009,Autumn,Rice,273,443,1.622710623
West Bengal,DINAJPUR UTTAR,2009,Autumn,Sesamum,85,133,1.564705882
West Bengal,DINAJPUR UTTAR,2009,Kharif,Jute,43705,546477,12.50376387
West Bengal,DINAJPUR UTTAR,2009,Kharif,Mesta,789,8150,10.32953105
West Bengal,DINAJPUR UTTAR,2009,Kharif,Moong(Green Gram),785,1001,1.275159236
West Bengal,DINAJPUR UTTAR,2009,Kharif,Niger seed,80,32,0.4
West Bengal,DINAJPUR UTTAR,2009,Kharif,Other Kharif pulses,360,137,0.380555556
West Bengal,DINAJPUR UTTAR,2009,Kharif,Urad,1230,1114,0.905691057
West Bengal,DINAJPUR UTTAR,2009,Rabi,Barley,5,6,1.2
West Bengal,DINAJPUR UTTAR,2009,Rabi,Gram,376,548,1.457446809
West Bengal,DINAJPUR UTTAR,2009,Rabi,Horse-gram,75,39,0.52
West Bengal,DINAJPUR UTTAR,2009,Rabi,Khesari,261,186,0.712643678
West Bengal,DINAJPUR UTTAR,2009,Rabi,Linseed,1066,274,0.257035647
West Bengal,DINAJPUR UTTAR,2009,Rabi,Maize,11876,78382,6.600033681
West Bengal,DINAJPUR UTTAR,2009,Rabi,Masoor,654,327,0.5
West Bengal,DINAJPUR UTTAR,2009,Rabi,Potato,9693,282039,29.09718353
West Bengal,DINAJPUR UTTAR,2009,Rabi,Rapeseed &Mustard,43587,41419,0.950260399
West Bengal,DINAJPUR UTTAR,2009,Rabi,Safflower,27,19,0.703703704
West Bengal,DINAJPUR UTTAR,2009,Rabi,Urad,730,653,0.894520548
West Bengal,DINAJPUR UTTAR,2009,Rabi,Wheat,34354,92623,2.696134366
West Bengal,DINAJPUR UTTAR,2009,Summer,Groundnut,192,300,1.5625
West Bengal,DINAJPUR UTTAR,2009,Summer,Maize,17535,109155,6.224978614
West Bengal,DINAJPUR UTTAR,2009,Summer,Moong(Green Gram),131,73,0.557251908
West Bengal,DINAJPUR UTTAR,2009,Summer,Rice,74396,182964,2.45932577
West Bengal,DINAJPUR UTTAR,2009,Summer,Sesamum,752,268,0.356382979
West Bengal,DINAJPUR UTTAR,2009,Winter,Rice,181770,375550,2.066072509
West Bengal,DINAJPUR UTTAR,2009,Winter,Sesamum,152,84,0.552631579
West Bengal,DINAJPUR UTTAR,2010,Autumn,Maize,2092,5644,2.69789675
West Bengal,DINAJPUR UTTAR,2010,Autumn,Ragi,150,155,1.033333333
West Bengal,DINAJPUR UTTAR,2010,Autumn,Rice,328,614,1.87195122
West Bengal,DINAJPUR UTTAR,2010,Autumn,Sesamum,80,122,1.525
West Bengal,DINAJPUR UTTAR,2010,Kharif,Horse-gram,167,86,0.51497006
West Bengal,DINAJPUR UTTAR,2010,Kharif,Jute,43571,564310,12.95150444
West Bengal,DINAJPUR UTTAR,2010,Kharif,Mesta,836,7618,9.112440191
West Bengal,DINAJPUR UTTAR,2010,Kharif,Moong(Green Gram),220,264,1.2
West Bengal,DINAJPUR UTTAR,2010,Kharif,Niger seed,139,56,0.402877698
West Bengal,DINAJPUR UTTAR,2010,Kharif,Other Kharif pulses,147,55,0.37414966
West Bengal,DINAJPUR UTTAR,2010,Kharif,Sunflower,45,54,1.2
West Bengal,DINAJPUR UTTAR,2010,Kharif,Urad,1400,863,0.616428571
West Bengal,DINAJPUR UTTAR,2010,Rabi,Arhar/Tur,10,11,1.1
West Bengal,DINAJPUR UTTAR,2010,Rabi,Barley,28,38,1.357142857
West Bengal,DINAJPUR UTTAR,2010,Rabi,Gram,473,414,0.875264271
West Bengal,DINAJPUR UTTAR,2010,Rabi,Groundnut,87,274,3.149425287
West Bengal,DINAJPUR UTTAR,2010,Rabi,Khesari,187,151,0.807486631
West Bengal,DINAJPUR UTTAR,2010,Rabi,Linseed,596,200,0.33557047
West Bengal,DINAJPUR UTTAR,2010,Rabi,Maize,7400,41477,5.605
West Bengal,DINAJPUR UTTAR,2010,Rabi,Masoor,849,437,0.514723204
West Bengal,DINAJPUR UTTAR,2010,Rabi,Peas & beans (Pulses),215,261,1.213953488
West Bengal,DINAJPUR UTTAR,2010,Rabi,Potato,11304,338750,29.96726822
West Bengal,DINAJPUR UTTAR,2010,Rabi,Rapeseed &Mustard,42403,35010,0.825649129
West Bengal,DINAJPUR UTTAR,2010,Rabi,Safflower,45,31,0.688888889
West Bengal,DINAJPUR UTTAR,2010,Rabi,Urad,615,523,0.850406504
West Bengal,DINAJPUR UTTAR,2010,Rabi,Wheat,36005,98326,2.730898486
West Bengal,DINAJPUR UTTAR,2010,Summer,Groundnut,165,258,1.563636364
West Bengal,DINAJPUR UTTAR,2010,Summer,Maize,17665,110406,6.249985848
West Bengal,DINAJPUR UTTAR,2010,Summer,Moong(Green Gram),283,190,0.671378092
West Bengal,DINAJPUR UTTAR,2010,Summer,Rice,71596,187583,2.620020672
West Bengal,DINAJPUR UTTAR,2010,Summer,Sesamum,878,409,0.465831435
West Bengal,DINAJPUR UTTAR,2010,Whole Year,Sugarcane,966,95561,98.92443064
West Bengal,DINAJPUR UTTAR,2010,Winter,Rice,177585,467258,2.631179435
West Bengal,DINAJPUR UTTAR,2010,Winter,Sesamum,151,80,0.529801325
West Bengal,DINAJPUR UTTAR,2011,Autumn,Maize,3898,8835,2.266546947
West Bengal,DINAJPUR UTTAR,2011,Autumn,Ragi,170,153,0.9
West Bengal,DINAJPUR UTTAR,2011,Autumn,Rice,277,516,1.862815884
West Bengal,DINAJPUR UTTAR,2011,Autumn,Sesamum,95,55,0.578947368
West Bengal,DINAJPUR UTTAR,2011,Kharif,Horse-gram,55,28,0.509090909
West Bengal,DINAJPUR UTTAR,2011,Kharif,Jute,45019,604701,13.43212866
West Bengal,DINAJPUR UTTAR,2011,Kharif,Mesta,912,7050,7.730263158
West Bengal,DINAJPUR UTTAR,2011,Kharif,Moong(Green Gram),198,240,1.212121212
West Bengal,DINAJPUR UTTAR,2011,Kharif,Niger seed,77,31,0.402597403
West Bengal,DINAJPUR UTTAR,2011,Kharif,Other Kharif pulses,55,21,0.381818182
West Bengal,DINAJPUR UTTAR,2011,Kharif,Sunflower,18,20,1.111111111
West Bengal,DINAJPUR UTTAR,2011,Kharif,Urad,1096,289,0.263686131
West Bengal,DINAJPUR UTTAR,2011,Rabi,Arhar/Tur,14,6,0.428571429
West Bengal,DINAJPUR UTTAR,2011,Rabi,Barley,10,20,2
West Bengal,DINAJPUR UTTAR,2011,Rabi,Gram,51,56,1.098039216
West Bengal,DINAJPUR UTTAR,2011,Rabi,Groundnut,125,393,3.144
West Bengal,DINAJPUR UTTAR,2011,Rabi,Khesari,4,4,1
West Bengal,DINAJPUR UTTAR,2011,Rabi,Linseed,489,264,0.539877301
West Bengal,DINAJPUR UTTAR,2011,Rabi,Maize,8920,54135,6.068946188
West Bengal,DINAJPUR UTTAR,2011,Rabi,Masoor,95,54,0.568421053
West Bengal,DINAJPUR UTTAR,2011,Rabi,Peas & beans (Pulses),17,13,0.764705882
West Bengal,DINAJPUR UTTAR,2011,Rabi,Potato,10694,314957,29.45174864
West Bengal,DINAJPUR UTTAR,2011,Rabi,Rapeseed &Mustard,43174,33675,0.779983323
West Bengal,DINAJPUR UTTAR,2011,Rabi,Safflower,18,15,0.833333333
West Bengal,DINAJPUR UTTAR,2011,Rabi,Urad,586,495,0.844709898
West Bengal,DINAJPUR UTTAR,2011,Rabi,Wheat,36936,89166,2.414067576
West Bengal,DINAJPUR UTTAR,2011,Summer,Maize,17020,103907,6.104994125
West Bengal,DINAJPUR UTTAR,2011,Summer,Moong(Green Gram),321,198,0.61682243
West Bengal,DINAJPUR UTTAR,2011,Summer,Rice,62032,188790,3.043429198
West Bengal,DINAJPUR UTTAR,2011,Summer,Sesamum,780,396,0.507692308
West Bengal,DINAJPUR UTTAR,2011,Whole Year,Sugarcane,966,112437,116.3944099
West Bengal,DINAJPUR UTTAR,2011,Winter,Rice,173283,446570,2.577113739
West Bengal,DINAJPUR UTTAR,2011,Winter,Sesamum,118,67,0.56779661
West Bengal,DINAJPUR UTTAR,2012,Autumn,Maize,8177,19910,2.434878317
West Bengal,DINAJPUR UTTAR,2012,Autumn,Ragi,180,156,0.866666667
West Bengal,DINAJPUR UTTAR,2012,Autumn,Rice,239,426,1.782426778
West Bengal,DINAJPUR UTTAR,2012,Autumn,Sesamum,98,56,0.571428571
West Bengal,DINAJPUR UTTAR,2012,Kharif,Horse-gram,99,51,0.515151515
West Bengal,DINAJPUR UTTAR,2012,Kharif,Jute,44513,578141,12.9881383
West Bengal,DINAJPUR UTTAR,2012,Kharif,Mesta,779,6795,8.722721438
West Bengal,DINAJPUR UTTAR,2012,Kharif,Moong(Green Gram),381,457,1.199475066
West Bengal,DINAJPUR UTTAR,2012,Kharif,Niger seed,75,34,0.453333333
West Bengal,DINAJPUR UTTAR,2012,Kharif,Other Kharif pulses,70,27,0.385714286
West Bengal,DINAJPUR UTTAR,2012,Kharif,Sunflower,26,30,1.153846154
West Bengal,DINAJPUR UTTAR,2012,Kharif,Urad,1115,757,0.678923767
West Bengal,DINAJPUR UTTAR,2012,Rabi,Barley,8,16,2
West Bengal,DINAJPUR UTTAR,2012,Rabi,Gram,10,14,1.4
West Bengal,DINAJPUR UTTAR,2012,Rabi,Groundnut,83,206,2.481927711
West Bengal,DINAJPUR UTTAR,2012,Rabi,Khesari,11,13,1.181818182
West Bengal,DINAJPUR UTTAR,2012,Rabi,Linseed,239,154,0.644351464
West Bengal,DINAJPUR UTTAR,2012,Rabi,Maize,14000,73500,5.25
West Bengal,DINAJPUR UTTAR,2012,Rabi,Masoor,285,150,0.526315789
West Bengal,DINAJPUR UTTAR,2012,Rabi,Peas & beans (Pulses),8,7,0.875
West Bengal,DINAJPUR UTTAR,2012,Rabi,Potato,11693,357711,30.59189259
West Bengal,DINAJPUR UTTAR,2012,Rabi,Rapeseed &Mustard,48441,41751,0.86189385
West Bengal,DINAJPUR UTTAR,2012,Rabi,Urad,644,557,0.864906832
West Bengal,DINAJPUR UTTAR,2012,Rabi,Wheat,37479,89324,2.383307986
West Bengal,DINAJPUR UTTAR,2012,Summer,Maize,20890,131294,6.285016754
West Bengal,DINAJPUR UTTAR,2012,Summer,Moong(Green Gram),893,644,0.721164614
West Bengal,DINAJPUR UTTAR,2012,Summer,Rice,49554,136650,2.757597772
West Bengal,DINAJPUR UTTAR,2012,Summer,Sesamum,1279,720,0.562939797
West Bengal,DINAJPUR UTTAR,2012,Whole Year,Sugarcane,958,100176,104.5678497
West Bengal,DINAJPUR UTTAR,2012,Winter,Rice,177035,436691,2.466693027
West Bengal,DINAJPUR UTTAR,2012,Winter,Sesamum,104,97,0.932692308
West Bengal,DINAJPUR UTTAR,2013,Autumn,Maize,9527,26458,2.777159652
West Bengal,DINAJPUR UTTAR,2013,Autumn,Rice,658,1278,1.94224924
West Bengal,DINAJPUR UTTAR,2013,Autumn,Sesamum,100,59,0.59
West Bengal,DINAJPUR UTTAR,2013,Kharif,Jute,43818,586501,13.38493313
West Bengal,DINAJPUR UTTAR,2013,Kharif,Mesta,936,8048,8.598290598
West Bengal,DINAJPUR UTTAR,2013,Kharif,Moong(Green Gram),354,427,1.206214689
West Bengal,DINAJPUR UTTAR,2013,Kharif,Niger seed,75,30,0.4
West Bengal,DINAJPUR UTTAR,2013,Kharif,Sunflower,9,9,1
West Bengal,DINAJPUR UTTAR,2013,Kharif,Urad,2312,1711,0.740051903
West Bengal,DINAJPUR UTTAR,2013,Rabi,Barley,15,25,1.666666667
West Bengal,DINAJPUR UTTAR,2013,Rabi,Groundnut,97,241,2.484536082
West Bengal,DINAJPUR UTTAR,2013,Rabi,Linseed,697,353,0.506456241
West Bengal,DINAJPUR UTTAR,2013,Rabi,Maize,20680,126458,6.114990329
West Bengal,DINAJPUR UTTAR,2013,Rabi,Masoor,529,329,0.621928166
West Bengal,DINAJPUR UTTAR,2013,Rabi,Peas & beans (Pulses),90,103,1.144444444
West Bengal,DINAJPUR UTTAR,2013,Rabi,Potato,9804,307757,31.39096287
West Bengal,DINAJPUR UTTAR,2013,Rabi,Ragi,190,155,0.815789474
West Bengal,DINAJPUR UTTAR,2013,Rabi,Rapeseed &Mustard,49787,38418,0.771647217
West Bengal,DINAJPUR UTTAR,2013,Rabi,Urad,370,157,0.424324324
West Bengal,DINAJPUR UTTAR,2013,Rabi,Wheat,37724,96029,2.545567808
West Bengal,DINAJPUR UTTAR,2013,Summer,Maize,25900,155530,6.005019305
West Bengal,DINAJPUR UTTAR,2013,Summer,Moong(Green Gram),1107,726,0.655826558
West Bengal,DINAJPUR UTTAR,2013,Summer,Rice,50081,128804,2.5719135
West Bengal,DINAJPUR UTTAR,2013,Summer,Sesamum,1645,1009,0.61337386
West Bengal,DINAJPUR UTTAR,2013,Whole Year,Sugarcane,13,1331,102.3846154
West Bengal,DINAJPUR UTTAR,2013,Whole Year,Tobacco,175,115,0.657142857
West Bengal,DINAJPUR UTTAR,2013,Winter,Rice,177121,424966,2.399297655
West Bengal,DINAJPUR UTTAR,2013,Winter,Sesamum,145,137,0.944827586
West Bengal,DINAJPUR UTTAR,2014,Autumn,Maize,9061,23046,2.543427878
West Bengal,DINAJPUR UTTAR,2014,Autumn,Ragi,185,158,0.854054054
West Bengal,DINAJPUR UTTAR,2014,Autumn,Rice,954,1991,2.087002096
West Bengal,DINAJPUR UTTAR,2014,Autumn,Sesamum,90,26,0.288888889
West Bengal,DINAJPUR UTTAR,2014,Kharif,Jute,50326,827175,16.4363351
West Bengal,DINAJPUR UTTAR,2014,Kharif,Mesta,1029,12157,11.8143829
West Bengal,DINAJPUR UTTAR,2014,Kharif,Moong(Green Gram),360,436,1.211111111
West Bengal,DINAJPUR UTTAR,2014,Kharif,Niger seed,76,32,0.421052632
West Bengal,DINAJPUR UTTAR,2014,Kharif,Other Kharif pulses,65,33,0.507692308
West Bengal,DINAJPUR UTTAR,2014,Kharif,Sunflower,18,20,1.111111111
West Bengal,DINAJPUR UTTAR,2014,Kharif,Urad,1263,916,0.725257324
West Bengal,DINAJPUR UTTAR,2014,Rabi,Arhar/Tur,1,1,1
West Bengal,DINAJPUR UTTAR,2014,Rabi,Barley,19,29,1.526315789
West Bengal,DINAJPUR UTTAR,2014,Rabi,Gram,52,49,0.942307692
West Bengal,DINAJPUR UTTAR,2014,Rabi,Groundnut,98,244,2.489795918
West Bengal,DINAJPUR UTTAR,2014,Rabi,Horse-gram,77,39,0.506493506
West Bengal,DINAJPUR UTTAR,2014,Rabi,Linseed,933,458,0.490889603
West Bengal,DINAJPUR UTTAR,2014,Rabi,Maize,24800,151280,6.1
West Bengal,DINAJPUR UTTAR,2014,Rabi,Masoor,666,512,0.768768769
West Bengal,DINAJPUR UTTAR,2014,Rabi,Peas & beans (Pulses),197,238,1.208121827
West Bengal,DINAJPUR UTTAR,2014,Rabi,Potato,8338,222183,26.64703766
West Bengal,DINAJPUR UTTAR,2014,Rabi,Rapeseed &Mustard,47272,43912,0.928921983
West Bengal,DINAJPUR UTTAR,2014,Rabi,Urad,533,363,0.681050657
West Bengal,DINAJPUR UTTAR,2014,Rabi,Wheat,38512,89624,2.327170752
West Bengal,DINAJPUR UTTAR,2014,Summer,Maize,25900,158767,6.13
West Bengal,DINAJPUR UTTAR,2014,Summer,Moong(Green Gram),1177,911,0.774001699
West Bengal,DINAJPUR UTTAR,2014,Summer,Rice,37599,131609,3.500332456
West Bengal,DINAJPUR UTTAR,2014,Summer,Sesamum,1187,733,0.617523168
West Bengal,DINAJPUR UTTAR,2014,Whole Year,Sugarcane,425,45481,107.0141176
West Bengal,DINAJPUR UTTAR,2014,Winter,Rice,179862,466273,2.592393057
West Bengal,DINAJPUR UTTAR,2014,Winter,Sesamum,145,137,0.944827586
West Bengal,HOOGHLY,1997,Autumn,Rice,9712,21660,2.230230643
West Bengal,HOOGHLY,1997,Kharif,Jute,32319,588530,18.21003125
West Bengal,HOOGHLY,1997,Kharif,Mesta,297,2980,10.03367003
West Bengal,HOOGHLY,1997,Kharif,Urad,1,10,10
West Bengal,HOOGHLY,1997,Rabi,Gram,7,4,0.571428571
West Bengal,HOOGHLY,1997,Rabi,Khesari,8,10,1.25
West Bengal,HOOGHLY,1997,Rabi,Masoor,14,10,0.714285714
West Bengal,HOOGHLY,1997,Rabi,Moong(Green Gram),62,37,0.596774194
West Bengal,HOOGHLY,1997,Rabi,Oilseeds total,3304700,2712500,0.820800678
West Bengal,HOOGHLY,1997,Rabi,Urad,21,12,0.571428571
West Bengal,HOOGHLY,1997,Rabi,Wheat,1478,2170,1.468200271
West Bengal,HOOGHLY,1997,Summer,Rice,91805,245720,2.676542672
West Bengal,HOOGHLY,1997,Whole Year,Arecanut,175,343,1.96
West Bengal,HOOGHLY,1997,Whole Year,Coconut,1000,20000,20
West Bengal,HOOGHLY,1997,Whole Year,Dry chillies,706,537,0.760623229
West Bengal,HOOGHLY,1997,Whole Year,Groundnut,3741,6435,1.720128308
West Bengal,HOOGHLY,1997,Whole Year,Potato,79132,1520293,19.21211394
West Bengal,HOOGHLY,1997,Whole Year,Pulses total,34000,25400,0.747058824
West Bengal,HOOGHLY,1997,Whole Year,Rapeseed &Mustard,9267,7000,0.755368512
West Bengal,HOOGHLY,1997,Whole Year,Sannhamp,40,204,5.1
West Bengal,HOOGHLY,1997,Whole Year,Sesamum,20039,13690,0.683167823
West Bengal,HOOGHLY,1997,Whole Year,Sugarcane,99,1360,13.73737374
West Bengal,HOOGHLY,1997,Whole Year,Turmeric,192,258,1.34375
West Bengal,HOOGHLY,1997,Winter,Rice,190596,505730,2.653413503
West Bengal,HOOGHLY,1998,Autumn,Rice,7456,16250,2.17945279
West Bengal,HOOGHLY,1998,Kharif,Dry ginger,73,66,0.904109589
West Bengal,HOOGHLY,1998,Kharif,Jute,34512,594720,17.23226704
West Bengal,HOOGHLY,1998,Kharif,Maize,1,1,1
West Bengal,HOOGHLY,1998,Kharif,Mesta,292,2630,9.006849315
West Bengal,HOOGHLY,1998,Kharif,Urad,7,1,0.142857143
West Bengal,HOOGHLY,1998,Rabi,Masoor,363,210,0.578512397
West Bengal,HOOGHLY,1998,Rabi,Moong(Green Gram),50,38,0.76
West Bengal,HOOGHLY,1998,Rabi,Peas & beans (Pulses),184,130,0.706521739
West Bengal,HOOGHLY,1998,Rabi,Rapeseed &Mustard,7476,3150,0.421348315
West Bengal,HOOGHLY,1998,Rabi,Urad,106,72,0.679245283
West Bengal,HOOGHLY,1998,Rabi,Wheat,547,970,1.773308958
West Bengal,HOOGHLY,1998,Summer,Moong(Green Gram),34,10,0.294117647
West Bengal,HOOGHLY,1998,Summer,Rice,94864,292383,3.082128099
West Bengal,HOOGHLY,1998,Whole Year,Arecanut,178,338,1.898876404
West Bengal,HOOGHLY,1998,Whole Year,Coconut,1010,21018.1,20.81
West Bengal,HOOGHLY,1998,Whole Year,Dry chillies,770,535,0.694805195
West Bengal,HOOGHLY,1998,Whole Year,Groundnut,3123,5834,1.868075568
West Bengal,HOOGHLY,1998,Whole Year,Potato,80028,1645632,20.56320288
West Bengal,HOOGHLY,1998,Whole Year,Sannhamp,30,147,4.9
West Bengal,HOOGHLY,1998,Whole Year,Sesamum,14951,11870,0.793926828
West Bengal,HOOGHLY,1998,Whole Year,Sugarcane,37,3310,89.45945946
West Bengal,HOOGHLY,1998,Whole Year,Turmeric,189,212,1.121693122
West Bengal,HOOGHLY,1998,Winter,Rice,188614,436520,2.314356304
West Bengal,HOOGHLY,1999,Autumn,Dry chillies,281,169,0.601423488
West Bengal,HOOGHLY,1999,Autumn,Rice,8627,17830,2.066767126
West Bengal,HOOGHLY,1999,Autumn,Sannhamp,20,102,5.1
West Bengal,HOOGHLY,1999,Kharif,Bajra,45,51,1.133333333
West Bengal,HOOGHLY,1999,Kharif,Dry ginger,63,51,0.80952381
West Bengal,HOOGHLY,1999,Kharif,Jowar,15,22,1.466666667
West Bengal,HOOGHLY,1999,Kharif,Jute,31635,558750,17.66239924
West Bengal,HOOGHLY,1999,Kharif,Mesta,293,3010,10.27303754
West Bengal,HOOGHLY,1999,Kharif,Moong(Green Gram),10,6,0.6
West Bengal,HOOGHLY,1999,Kharif,Urad,70,39,0.557142857
West Bengal,HOOGHLY,1999,Rabi,Dry chillies,256,210,0.8203125
West Bengal,HOOGHLY,1999,Rabi,Groundnut,315,520,1.650793651
West Bengal,HOOGHLY,1999,Rabi,Masoor,824,733,0.889563107
West Bengal,HOOGHLY,1999,Rabi,Moong(Green Gram),40,26,0.65
West Bengal,HOOGHLY,1999,Rabi,Peas & beans (Pulses),280,262,0.935714286
West Bengal,HOOGHLY,1999,Rabi,Rapeseed &Mustard,6093,4250,0.697521746
West Bengal,HOOGHLY,1999,Rabi,Urad,106,72,0.679245283
West Bengal,HOOGHLY,1999,Rabi,Wheat,785,1461,1.861146497
West Bengal,HOOGHLY,1999,Summer,Groundnut,2885,3750,1.29982669
West Bengal,HOOGHLY,1999,Summer,Rice,112009,296620,2.648180057
West Bengal,HOOGHLY,1999,Summer,Sesamum,17067,7580,0.444131951
West Bengal,HOOGHLY,1999,Whole Year,Arecanut,178,338,1.898876404
West Bengal,HOOGHLY,1999,Whole Year,Coconut,1150,23000,20
West Bengal,HOOGHLY,1999,Whole Year,Turmeric,151,202,1.337748344
West Bengal,HOOGHLY,1999,Winter,Potato,73796,1725698,23.3847092
West Bengal,HOOGHLY,1999,Winter,Rice,191201,452430,2.366253315
West Bengal,HOOGHLY,2000,Autumn,Rice,9243,18350,1.985286163
West Bengal,HOOGHLY,2000,Kharif,Bajra,10,14,1.4
West Bengal,HOOGHLY,2000,Kharif,Dry ginger,83,75,0.903614458
West Bengal,HOOGHLY,2000,Kharif,Jute,29900,531980,17.79197324
West Bengal,HOOGHLY,2000,Kharif,Maize,2,4,2
West Bengal,HOOGHLY,2000,Kharif,Moong(Green Gram),50,31,0.62
West Bengal,HOOGHLY,2000,Kharif,Other Kharif pulses,249,153,0.614457831
West Bengal,HOOGHLY,2000,Kharif,Small millets,12,13,1.083333333
West Bengal,HOOGHLY,2000,Kharif,Urad,104,40,0.384615385
West Bengal,HOOGHLY,2000,Rabi,Gram,16,10,0.625
West Bengal,HOOGHLY,2000,Rabi,Khesari,42,20,0.476190476
West Bengal,HOOGHLY,2000,Rabi,Masoor,586,360,0.614334471
West Bengal,HOOGHLY,2000,Rabi,Moong(Green Gram),45,34,0.755555556
West Bengal,HOOGHLY,2000,Rabi,Peas & beans (Pulses),460,380,0.826086957
West Bengal,HOOGHLY,2000,Rabi,Rapeseed &Mustard,12661,10300,0.813521839
West Bengal,HOOGHLY,2000,Rabi,Wheat,1567,3690,2.354818124
West Bengal,HOOGHLY,2000,Summer,Groundnut,4117,7493,1.820014574
West Bengal,HOOGHLY,2000,Summer,Rice,88894,261063,2.936789885
West Bengal,HOOGHLY,2000,Whole Year,Arecanut,178,329,1.848314607
West Bengal,HOOGHLY,2000,Whole Year,Coconut,1200,24972,20.81
West Bengal,HOOGHLY,2000,Whole Year,Dry chillies,756,529,0.69973545
West Bengal,HOOGHLY,2000,Whole Year,Potato,80618,2337693,28.99715944
West Bengal,HOOGHLY,2000,Whole Year,Sannhamp,5,19,3.8
West Bengal,HOOGHLY,2000,Whole Year,Sesamum,16797,13746,0.818360422
West Bengal,HOOGHLY,2000,Whole Year,Sugarcane,28,2010,71.78571429
West Bengal,HOOGHLY,2000,Whole Year,Turmeric,150,184,1.226666667
West Bengal,HOOGHLY,2000,Winter,Rice,101162,224290,2.21713687
West Bengal,HOOGHLY,2001,Autumn,Rice,6524,16209,2.4845187
West Bengal,HOOGHLY,2001,Kharif,Bajra,30,34,1.133333333
West Bengal,HOOGHLY,2001,Kharif,Dry ginger,102,82,0.803921569
West Bengal,HOOGHLY,2001,Kharif,Jowar,10,8,0.8
West Bengal,HOOGHLY,2001,Kharif,Jute,32728,623481,19.05038499
West Bengal,HOOGHLY,2001,Kharif,Moong(Green Gram),47,24,0.510638298
West Bengal,HOOGHLY,2001,Kharif,Other Kharif pulses,296,172,0.581081081
West Bengal,HOOGHLY,2001,Kharif,Urad,5,3,0.6
West Bengal,HOOGHLY,2001,Rabi,Gram,1,1,1
West Bengal,HOOGHLY,2001,Rabi,Groundnut,200,180,0.9
West Bengal,HOOGHLY,2001,Rabi,Masoor,8,4,0.5
West Bengal,HOOGHLY,2001,Rabi,Moong(Green Gram),45,34,0.755555556
West Bengal,HOOGHLY,2001,Rabi,Peas & beans (Pulses),3,1,0.333333333
West Bengal,HOOGHLY,2001,Rabi,Rapeseed &Mustard,14151,8815,0.622924175
West Bengal,HOOGHLY,2001,Rabi,Wheat,1128,2311,2.048758865
West Bengal,HOOGHLY,2001,Summer,Groundnut,4469,6748,1.509957485
West Bengal,HOOGHLY,2001,Summer,Moong(Green Gram),2,2,1
West Bengal,HOOGHLY,2001,Summer,Rice,108202,294571,2.722417331
West Bengal,HOOGHLY,2001,Whole Year,Arecanut,178,338,1.898876404
West Bengal,HOOGHLY,2001,Whole Year,Coconut,1200,24972,20.81
West Bengal,HOOGHLY,2001,Whole Year,Dry chillies,737,543,0.736770692
West Bengal,HOOGHLY,2001,Whole Year,Potato,79526,2356389,29.63042275
West Bengal,HOOGHLY,2001,Whole Year,Sannhamp,4,15,3.75
West Bengal,HOOGHLY,2001,Whole Year,Sesamum,14759,11843,0.802425639
West Bengal,HOOGHLY,2001,Whole Year,Sugarcane,1195,117900,98.66108787
West Bengal,HOOGHLY,2001,Whole Year,Turmeric,184,247,1.342391304
West Bengal,HOOGHLY,2001,Winter,Rice,196336,536903,2.734613112
West Bengal,HOOGHLY,2002,Autumn,Dry chillies,364,210,0.576923077
West Bengal,HOOGHLY,2002,Autumn,Rice,7702,18608,2.415995845
West Bengal,HOOGHLY,2002,Kharif,Dry ginger,69,94,1.362318841
West Bengal,HOOGHLY,2002,Kharif,Jute,34011,648244,19.05983358
West Bengal,HOOGHLY,2002,Kharif,Mesta,8,100,12.5
West Bengal,HOOGHLY,2002,Kharif,Urad,94,26,0.276595745
West Bengal,HOOGHLY,2002,Rabi,Dry chillies,614,445,0.7247557
West Bengal,HOOGHLY,2002,Rabi,Groundnut,450,622,1.382222222
West Bengal,HOOGHLY,2002,Rabi,Masoor,389,145,0.372750643
West Bengal,HOOGHLY,2002,Rabi,Moong(Green Gram),45,34,0.755555556
West Bengal,HOOGHLY,2002,Rabi,Peas & beans (Pulses),211,160,0.758293839
West Bengal,HOOGHLY,2002,Rabi,Rapeseed &Mustard,9647,6640,0.68829688
West Bengal,HOOGHLY,2002,Rabi,Wheat,538,781,1.451672862
West Bengal,HOOGHLY,2002,Summer,Groundnut,4469,6748,1.509957485
West Bengal,HOOGHLY,2002,Summer,Rice,98238,246208,2.506239948
West Bengal,HOOGHLY,2002,Summer,Sesamum,11540,8013,0.694367418
West Bengal,HOOGHLY,2002,Whole Year,Arecanut,180,450,2.5
West Bengal,HOOGHLY,2002,Whole Year,Coconut,1210,25198.3,20.82504132
West Bengal,HOOGHLY,2002,Whole Year,Sannhamp,4,16,4
West Bengal,HOOGHLY,2002,Whole Year,Sugarcane,2,111,55.5
West Bengal,HOOGHLY,2002,Whole Year,Turmeric,184,239,1.298913043
West Bengal,HOOGHLY,2002,Winter,Potato,93173,783633,8.410515922
West Bengal,HOOGHLY,2002,Winter,Rice,198791,514097,2.586118084
West Bengal,HOOGHLY,2003,Autumn,Rice,5418,13430,2.478774456
West Bengal,HOOGHLY,2003,Kharif,Dry ginger,78,124,1.58974359
West Bengal,HOOGHLY,2003,Kharif,Jute,34736,650045,18.71387034
West Bengal,HOOGHLY,2003,Kharif,Maize,13,22,1.692307692
West Bengal,HOOGHLY,2003,Kharif,Mesta,5,73,14.6
West Bengal,HOOGHLY,2003,Kharif,Sunflower,81,25,0.308641975
West Bengal,HOOGHLY,2003,Rabi,Gram,3,3,1
West Bengal,HOOGHLY,2003,Rabi,Groundnut,735,1139,1.549659864
West Bengal,HOOGHLY,2003,Rabi,Masoor,491,280,0.570264766
West Bengal,HOOGHLY,2003,Rabi,Moong(Green Gram),58,35,0.603448276
West Bengal,HOOGHLY,2003,Rabi,Peas & beans (Pulses),3,3,1
West Bengal,HOOGHLY,2003,Rabi,Rapeseed &Mustard,5673,5308,0.935660145
West Bengal,HOOGHLY,2003,Rabi,Urad,21,9,0.428571429
West Bengal,HOOGHLY,2003,Rabi,Wheat,483,1177,2.436853002
West Bengal,HOOGHLY,2003,Summer,Groundnut,8139,11712,1.43899742
West Bengal,HOOGHLY,2003,Summer,Rice,94846,269968,2.846382557
West Bengal,HOOGHLY,2003,Whole Year,Arecanut,180,461,2.561111111
West Bengal,HOOGHLY,2003,Whole Year,Coconut,1150,21677.5,18.85
West Bengal,HOOGHLY,2003,Whole Year,Dry chillies,921,824,0.894679696
West Bengal,HOOGHLY,2003,Whole Year,Potato,90335,2410963,26.68913489
West Bengal,HOOGHLY,2003,Whole Year,Sannhamp,23,92,4
West Bengal,HOOGHLY,2003,Whole Year,Sesamum,22924,21168,0.923399058
West Bengal,HOOGHLY,2003,Whole Year,Sugarcane,637,44948,70.56200942
West Bengal,HOOGHLY,2003,Whole Year,Turmeric,188,333,1.771276596
West Bengal,HOOGHLY,2003,Winter,Rice,197954,509809,2.575391253
West Bengal,HOOGHLY,2004,Autumn,Rice,6041,15544,2.573083927
West Bengal,HOOGHLY,2004,Kharif,Dry ginger,83,134,1.614457831
West Bengal,HOOGHLY,2004,Kharif,Jute,31364,633619,20.2021107
West Bengal,HOOGHLY,2004,Kharif,Maize,18,43,2.388888889
West Bengal,HOOGHLY,2004,Kharif,Urad,69,30,0.434782609
West Bengal,HOOGHLY,2004,Rabi,Khesari,4,5,1.25
West Bengal,HOOGHLY,2004,Rabi,Masoor,166,93,0.560240964
West Bengal,HOOGHLY,2004,Rabi,Moong(Green Gram),75,59,0.786666667
West Bengal,HOOGHLY,2004,Rabi,Peas & beans (Pulses),554,414,0.747292419
West Bengal,HOOGHLY,2004,Rabi,Rapeseed &Mustard,6538,5189,0.793667788
West Bengal,HOOGHLY,2004,Rabi,Urad,25,19,0.76
West Bengal,HOOGHLY,2004,Rabi,Wheat,342,780,2.280701754
West Bengal,HOOGHLY,2004,Summer,Moong(Green Gram),14,5,0.357142857
West Bengal,HOOGHLY,2004,Summer,Rice,103421,317238,3.067442782
West Bengal,HOOGHLY,2004,Whole Year,Coconut,1100,16241.5,14.765
West Bengal,HOOGHLY,2004,Whole Year,Dry chillies,1098,976,0.888888889
West Bengal,HOOGHLY,2004,Whole Year,Groundnut,9161,12752,1.391987774
West Bengal,HOOGHLY,2004,Whole Year,Potato,87976,1807873,20.5496158
West Bengal,HOOGHLY,2004,Whole Year,Sannhamp,22,88,4
West Bengal,HOOGHLY,2004,Whole Year,Sesamum,17576,16801,0.955905781
West Bengal,HOOGHLY,2004,Whole Year,Sugarcane,198,10872,54.90909091
West Bengal,HOOGHLY,2004,Whole Year,Turmeric,182,328,1.802197802
West Bengal,HOOGHLY,2004,Winter,Rice,194577,524783,2.697045386
West Bengal,HOOGHLY,2005,Autumn,Rice,9368,25275,2.698014518
West Bengal,HOOGHLY,2005,Kharif,Dry ginger,83,134,1.614457831
West Bengal,HOOGHLY,2005,Kharif,Jute,31005,603883,19.47695533
West Bengal,HOOGHLY,2005,Kharif,Maize,21,50,2.380952381
West Bengal,HOOGHLY,2005,Kharif,Sunflower,58,70,1.206896552
West Bengal,HOOGHLY,2005,Kharif,Urad,18,4,0.222222222
West Bengal,HOOGHLY,2005,Rabi,Masoor,1034,633,0.612185687
West Bengal,HOOGHLY,2005,Rabi,Moong(Green Gram),75,59,0.786666667
West Bengal,HOOGHLY,2005,Rabi,Peas & beans (Pulses),1284,1626,1.26635514
West Bengal,HOOGHLY,2005,Rabi,Rapeseed &Mustard,3418,2600,0.76067876
West Bengal,HOOGHLY,2005,Rabi,Urad,25,19,0.76
West Bengal,HOOGHLY,2005,Rabi,Wheat,331,660,1.993957704
West Bengal,HOOGHLY,2005,Summer,Moong(Green Gram),25,10,0.4
West Bengal,HOOGHLY,2005,Summer,Rice,107679,289463,2.688202899
West Bengal,HOOGHLY,2005,Whole Year,Arecanut,122,360,2.950819672
West Bengal,HOOGHLY,2005,Whole Year,Coconut,1175,17519,14.90978723
West Bengal,HOOGHLY,2005,Whole Year,Dry chillies,1094,1009,0.922303473
West Bengal,HOOGHLY,2005,Whole Year,Groundnut,8638,13622,1.576985413
West Bengal,HOOGHLY,2005,Whole Year,Potato,92174,2350043,25.49572548
West Bengal,HOOGHLY,2005,Whole Year,Sannhamp,22,88,4
West Bengal,HOOGHLY,2005,Whole Year,Sesamum,19076,20267,1.062434473
West Bengal,HOOGHLY,2005,Whole Year,Sugarcane,107,8223,76.85046729
West Bengal,HOOGHLY,2005,Whole Year,Turmeric,196,389,1.984693878
West Bengal,HOOGHLY,2005,Winter,Rice,193277,535211,2.769139629
West Bengal,HOOGHLY,2006,Autumn,Rice,7103,18090,2.546811207
West Bengal,HOOGHLY,2006,Kharif,Dry ginger,83,134,1.614457831
West Bengal,HOOGHLY,2006,Kharif,Jute,31614,585847,18.53125198
West Bengal,HOOGHLY,2006,Kharif,Maize,257,670,2.607003891
West Bengal,HOOGHLY,2006,Kharif,Sunflower,48,57,1.1875
West Bengal,HOOGHLY,2006,Rabi,Gram,395,295,0.746835443
West Bengal,HOOGHLY,2006,Rabi,Horse-gram,1,1,1
West Bengal,HOOGHLY,2006,Rabi,Khesari,170,210,1.235294118
West Bengal,HOOGHLY,2006,Rabi,Masoor,549,337,0.613843352
West Bengal,HOOGHLY,2006,Rabi,Moong(Green Gram),20,15,0.75
West Bengal,HOOGHLY,2006,Rabi,Peas & beans (Pulses),622,376,0.604501608
West Bengal,HOOGHLY,2006,Rabi,Rapeseed &Mustard,3944,3112,0.789046653
West Bengal,HOOGHLY,2006,Rabi,Urad,5,4,0.8
West Bengal,HOOGHLY,2006,Rabi,Wheat,1238,2661,2.149434572
West Bengal,HOOGHLY,2006,Summer,Moong(Green Gram),6,2,0.333333333
West Bengal,HOOGHLY,2006,Summer,Rice,96257,298814,3.104335269
West Bengal,HOOGHLY,2006,Whole Year,Arecanut,146,423,2.897260274
West Bengal,HOOGHLY,2006,Whole Year,Coconut,1189,17264300,14520.01682
West Bengal,HOOGHLY,2006,Whole Year,Dry chillies,978,914,0.934560327
West Bengal,HOOGHLY,2006,Whole Year,Groundnut,8640,13599,1.573958333
West Bengal,HOOGHLY,2006,Whole Year,Potato,96680,1065693,11.02288995
West Bengal,HOOGHLY,2006,Whole Year,Sannhamp,22,88,4
West Bengal,HOOGHLY,2006,Whole Year,Sesamum,22597,23110,1.022702129
West Bengal,HOOGHLY,2006,Whole Year,Sugarcane,30,2261,75.36666667
West Bengal,HOOGHLY,2006,Whole Year,Turmeric,201,380,1.890547264
West Bengal,HOOGHLY,2006,Winter,Rice,195831,529916,2.705986284
West Bengal,HOOGHLY,2007,Autumn,Rice,5856,14357,2.451673497
West Bengal,HOOGHLY,2007,Kharif,Dry ginger,81,74,0.913580247
West Bengal,HOOGHLY,2007,Kharif,Garlic,399,4150,10.40100251
West Bengal,HOOGHLY,2007,Kharif,Jute,28657,516911,18.0378616
West Bengal,HOOGHLY,2007,Kharif,Sannhamp,10,38,3.8
West Bengal,HOOGHLY,2007,Kharif,Urad,95,29,0.305263158
West Bengal,HOOGHLY,2007,Rabi,Groundnut,490,735,1.5
West Bengal,HOOGHLY,2007,Rabi,Masoor,16,9,0.5625
West Bengal,HOOGHLY,2007,Rabi,Moong(Green Gram),30,22,0.733333333
West Bengal,HOOGHLY,2007,Rabi,Peas & beans (Pulses),215,154,0.71627907
West Bengal,HOOGHLY,2007,Rabi,Rapeseed &Mustard,6703,5057,0.754438311
West Bengal,HOOGHLY,2007,Rabi,Urad,30,23,0.766666667
West Bengal,HOOGHLY,2007,Rabi,Wheat,376,822,2.186170213
West Bengal,HOOGHLY,2007,Summer,Groundnut,8813,13325,1.511970952
West Bengal,HOOGHLY,2007,Summer,Maize,257,670,2.607003891
West Bengal,HOOGHLY,2007,Summer,Moong(Green Gram),8,7,0.875
West Bengal,HOOGHLY,2007,Summer,Rice,106295,325885,3.065854462
West Bengal,HOOGHLY,2007,Summer,Sesamum,26905,27044,1.005166326
West Bengal,HOOGHLY,2007,Whole Year,Arecanut,150,227,1.513333333
West Bengal,HOOGHLY,2007,Whole Year,Coconut,995,11940000,12000
West Bengal,HOOGHLY,2007,Whole Year,Dry chillies,866,1229,1.419168591
West Bengal,HOOGHLY,2007,Whole Year,Potato,94824,2465212,25.99776428
West Bengal,HOOGHLY,2007,Whole Year,Sugarcane,438,46862,106.9908676
West Bengal,HOOGHLY,2007,Whole Year,Turmeric,27,55,2.037037037
West Bengal,HOOGHLY,2007,Winter,Rice,189637,504906,2.662486751
West Bengal,HOOGHLY,2008,Autumn,Rice,6346,15523,2.446107784
West Bengal,HOOGHLY,2008,Kharif,Dry ginger,81,74,0.913580247
West Bengal,HOOGHLY,2008,Kharif,Jute,24570,444807,18.103663
West Bengal,HOOGHLY,2008,Kharif,Sannhamp,7,27,3.857142857
West Bengal,HOOGHLY,2008,Kharif,Sunflower,50,84,1.68
West Bengal,HOOGHLY,2008,Kharif,Urad,9,3,0.333333333
West Bengal,HOOGHLY,2008,Rabi,Arhar/Tur,1,,
West Bengal,HOOGHLY,2008,Rabi,Gram,157,193,1.229299363
West Bengal,HOOGHLY,2008,Rabi,Groundnut,570,855,1.5
West Bengal,HOOGHLY,2008,Rabi,Masoor,388,234,0.603092784
West Bengal,HOOGHLY,2008,Rabi,Moong(Green Gram),42,32,0.761904762
West Bengal,HOOGHLY,2008,Rabi,Peas & beans (Pulses),43,33,0.76744186
West Bengal,HOOGHLY,2008,Rabi,Rapeseed &Mustard,12642,10542,0.833887043
West Bengal,HOOGHLY,2008,Rabi,Urad,20,15,0.75
West Bengal,HOOGHLY,2008,Rabi,Wheat,1548,3592,2.320413437
West Bengal,HOOGHLY,2008,Summer,Groundnut,13645,24138,1.768999634
West Bengal,HOOGHLY,2008,Summer,Maize,250,503,2.012
West Bengal,HOOGHLY,2008,Summer,Moong(Green Gram),4,3,0.75
West Bengal,HOOGHLY,2008,Summer,Rice,106430,304575,2.861740111
West Bengal,HOOGHLY,2008,Summer,Sesamum,30830,21268,0.689847551
West Bengal,HOOGHLY,2008,Whole Year,Arecanut,150,227,1.513333333
West Bengal,HOOGHLY,2008,Whole Year,Coconut,997,11940,11.97592778
West Bengal,HOOGHLY,2008,Whole Year,Dry chillies,866,1229,1.419168591
West Bengal,HOOGHLY,2008,Whole Year,Potato,94759,881590,9.303496238
West Bengal,HOOGHLY,2008,Whole Year,Sugarcane,431,52531,121.8816705
West Bengal,HOOGHLY,2008,Whole Year,Turmeric,27,55,2.037037037
West Bengal,HOOGHLY,2008,Winter,Rice,192915,556159,2.882922531
West Bengal,HOOGHLY,2009,Autumn,Rice,6265,19288,3.078691141
West Bengal,HOOGHLY,2009,Kharif,Jute,29040,510424,17.57658402
West Bengal,HOOGHLY,2009,Kharif,Sannhamp,7,26,3.714285714
West Bengal,HOOGHLY,2009,Kharif,Sunflower,162,184,1.135802469
West Bengal,HOOGHLY,2009,Rabi,Groundnut,1754,3797,2.164766249
West Bengal,HOOGHLY,2009,Rabi,Horse-gram,1,1,1
West Bengal,HOOGHLY,2009,Rabi,Masoor,398,253,0.635678392
West Bengal,HOOGHLY,2009,Rabi,Moong(Green Gram),31,23,0.741935484
West Bengal,HOOGHLY,2009,Rabi,Peas & beans (Pulses),35,44,1.257142857
West Bengal,HOOGHLY,2009,Rabi,Potato,91290,3434459,37.62141527
West Bengal,HOOGHLY,2009,Rabi,Rapeseed &Mustard,11910,11483,0.964147775
West Bengal,HOOGHLY,2009,Rabi,Urad,18,14,0.777777778
West Bengal,HOOGHLY,2009,Rabi,Wheat,371,938,2.528301887
West Bengal,HOOGHLY,2009,Summer,Groundnut,10366,17021,1.642002701
West Bengal,HOOGHLY,2009,Summer,Maize,255,614,2.407843137
West Bengal,HOOGHLY,2009,Summer,Moong(Green Gram),64,41,0.640625
West Bengal,HOOGHLY,2009,Summer,Rice,106439,313613,2.94641062
West Bengal,HOOGHLY,2009,Summer,Sesamum,26572,21704,0.816799639
West Bengal,HOOGHLY,2009,Whole Year,Sugarcane,62,5152,83.09677419
West Bengal,HOOGHLY,2009,Winter,Rice,187162,528433,2.823398981
West Bengal,HOOGHLY,2010,Autumn,Rice,4474,11555,2.582700045
West Bengal,HOOGHLY,2010,Kharif,Jute,26856,573241,21.34498808
West Bengal,HOOGHLY,2010,Kharif,Moong(Green Gram),50,31,0.62
West Bengal,HOOGHLY,2010,Kharif,Sannhamp,3,19,6.333333333
West Bengal,HOOGHLY,2010,Kharif,Sunflower,40,65,1.625
West Bengal,HOOGHLY,2010,Kharif,Urad,9,2,0.222222222
West Bengal,HOOGHLY,2010,Rabi,Groundnut,480,749,1.560416667
West Bengal,HOOGHLY,2010,Rabi,Masoor,221,132,0.597285068
West Bengal,HOOGHLY,2010,Rabi,Moong(Green Gram),34,26,0.764705882
West Bengal,HOOGHLY,2010,Rabi,Peas & beans (Pulses),34,2,0.058823529
West Bengal,HOOGHLY,2010,Rabi,Potato,100409,3530571,35.16189784
West Bengal,HOOGHLY,2010,Rabi,Rapeseed &Mustard,11728,11408,0.97271487
West Bengal,HOOGHLY,2010,Rabi,Urad,23,17,0.739130435
West Bengal,HOOGHLY,2010,Rabi,Wheat,343,911,2.655976676
West Bengal,HOOGHLY,2010,Summer,Groundnut,10572,18512,1.751040484
West Bengal,HOOGHLY,2010,Summer,Maize,250,503,2.012
West Bengal,HOOGHLY,2010,Summer,Moong(Green Gram),10,7,0.7
West Bengal,HOOGHLY,2010,Summer,Rice,93120,299884,3.22040378
West Bengal,HOOGHLY,2010,Summer,Sesamum,29742,28677,0.964192052
West Bengal,HOOGHLY,2010,Whole Year,Sugarcane,27,1028,38.07407407
West Bengal,HOOGHLY,2010,Winter,Rice,194776,592723,3.043100793
West Bengal,HOOGHLY,2011,Autumn,Rice,7494,14387,1.919802509
West Bengal,HOOGHLY,2011,Kharif,Jute,26897,444494,16.52578354
West Bengal,HOOGHLY,2011,Kharif,Sannhamp,6,27,4.5
West Bengal,HOOGHLY,2011,Kharif,Sunflower,40,65,1.625
West Bengal,HOOGHLY,2011,Kharif,Urad,7,2,0.285714286
West Bengal,HOOGHLY,2011,Rabi,Groundnut,450,702,1.56
West Bengal,HOOGHLY,2011,Rabi,Masoor,1,1,1
West Bengal,HOOGHLY,2011,Rabi,Moong(Green Gram),65,47,0.723076923
West Bengal,HOOGHLY,2011,Rabi,Peas & beans (Pulses),110,130,1.181818182
West Bengal,HOOGHLY,2011,Rabi,Potato,94435,2439938,25.83722137
West Bengal,HOOGHLY,2011,Rabi,Rapeseed &Mustard,13755,11349,0.825081788
West Bengal,HOOGHLY,2011,Rabi,Urad,4,3,0.75
West Bengal,HOOGHLY,2011,Rabi,Wheat,158,381,2.411392405
West Bengal,HOOGHLY,2011,Summer,Groundnut,11467,22889,1.996075695
West Bengal,HOOGHLY,2011,Summer,Maize,250,505,2.02
West Bengal,HOOGHLY,2011,Summer,Moong(Green Gram),2,1,0.5
West Bengal,HOOGHLY,2011,Summer,Rice,78128,248816,3.184722507
West Bengal,HOOGHLY,2011,Summer,Sesamum,25488,24966,0.979519774
West Bengal,HOOGHLY,2011,Whole Year,Sugarcane,57,8351,146.5087719
West Bengal,HOOGHLY,2011,Winter,Rice,191578,543633,2.837658813
West Bengal,HOOGHLY,2012,Autumn,Rice,6089,15144,2.487107899
West Bengal,HOOGHLY,2012,Kharif,Jute,26665,526374,19.74025877
West Bengal,HOOGHLY,2012,Kharif,Mesta,136,1699,12.49264706
West Bengal,HOOGHLY,2012,Kharif,Sannhamp,1,5,5
West Bengal,HOOGHLY,2012,Kharif,Sunflower,41,67,1.634146341
West Bengal,HOOGHLY,2012,Kharif,Urad,3,1,0.333333333
West Bengal,HOOGHLY,2012,Rabi,Groundnut,500,769,1.538
West Bengal,HOOGHLY,2012,Rabi,Masoor,4,4,1
West Bengal,HOOGHLY,2012,Rabi,Moong(Green Gram),43,32,0.744186047
West Bengal,HOOGHLY,2012,Rabi,Peas & beans (Pulses),212,229,1.080188679
West Bengal,HOOGHLY,2012,Rabi,Potato,100155,3246422,32.41397833
West Bengal,HOOGHLY,2012,Rabi,Rapeseed &Mustard,11122,10097,0.907840316
West Bengal,HOOGHLY,2012,Rabi,Urad,15,11,0.733333333
West Bengal,HOOGHLY,2012,Rabi,Wheat,99,252,2.545454545
West Bengal,HOOGHLY,2012,Summer,Groundnut,12761,29937,2.345976021
West Bengal,HOOGHLY,2012,Summer,Maize,220,443,2.013636364
West Bengal,HOOGHLY,2012,Summer,Moong(Green Gram),26,29,1.115384615
West Bengal,HOOGHLY,2012,Summer,Rice,82707,255782,3.092628194
West Bengal,HOOGHLY,2012,Summer,Sesamum,31716,30189,0.951853954
West Bengal,HOOGHLY,2012,Whole Year,Sugarcane,1,141,141
West Bengal,HOOGHLY,2012,Winter,Rice,184654,522117,2.827542322
West Bengal,HOOGHLY,2013,Autumn,Rice,5816,14343,2.466127923
West Bengal,HOOGHLY,2013,Kharif,Jute,19953,421854,21.1423846
West Bengal,HOOGHLY,2013,Kharif,Mesta,131,1727,13.18320611
West Bengal,HOOGHLY,2013,Kharif,Sunflower,25,39,1.56
West Bengal,HOOGHLY,2013,Rabi,Arhar/Tur,101,126,1.247524752
West Bengal,HOOGHLY,2013,Rabi,Gram,28,35,1.25
West Bengal,HOOGHLY,2013,Rabi,Groundnut,477,740,1.551362683
West Bengal,HOOGHLY,2013,Rabi,Masoor,16,10,0.625
West Bengal,HOOGHLY,2013,Rabi,Moong(Green Gram),43,32,0.744186047
West Bengal,HOOGHLY,2013,Rabi,Peas & beans (Pulses),183,259,1.415300546
West Bengal,HOOGHLY,2013,Rabi,Potato,99830,2077513,20.81050786
West Bengal,HOOGHLY,2013,Rabi,Rapeseed &Mustard,13348,12048,0.902607132
West Bengal,HOOGHLY,2013,Rabi,Wheat,83,189,2.277108434
West Bengal,HOOGHLY,2013,Summer,Groundnut,13303,28735,2.160039089
West Bengal,HOOGHLY,2013,Summer,Maize,240,484,2.016666667
West Bengal,HOOGHLY,2013,Summer,Moong(Green Gram),20,23,1.15
West Bengal,HOOGHLY,2013,Summer,Rice,84241,248238,2.946759891
West Bengal,HOOGHLY,2013,Summer,Sesamum,32467,32462,0.999845997
West Bengal,HOOGHLY,2013,Whole Year,Sugarcane,831,126522,152.2527076
West Bengal,HOOGHLY,2013,Winter,Rice,195988,545151,2.781552952
West Bengal,HOOGHLY,2014,Autumn,Rice,6157,18096,2.939093714
West Bengal,HOOGHLY,2014,Kharif,Jute,22933,522038,22.76361575
West Bengal,HOOGHLY,2014,Kharif,Mesta,52,675,12.98076923
West Bengal,HOOGHLY,2014,Kharif,Sannhamp,4,16,4
West Bengal,HOOGHLY,2014,Kharif,Sunflower,35,57,1.628571429
West Bengal,HOOGHLY,2014,Rabi,Arhar/Tur,101,120,1.188118812
West Bengal,HOOGHLY,2014,Rabi,Gram,27,37,1.37037037
West Bengal,HOOGHLY,2014,Rabi,Groundnut,525,802,1.527619048
West Bengal,HOOGHLY,2014,Rabi,Masoor,283,177,0.625441696
West Bengal,HOOGHLY,2014,Rabi,Moong(Green Gram),50,37,0.74
West Bengal,HOOGHLY,2014,Rabi,Peas & beans (Pulses),155,157,1.012903226
West Bengal,HOOGHLY,2014,Rabi,Potato,100745,3506137,34.8020944
West Bengal,HOOGHLY,2014,Rabi,Rapeseed &Mustard,14084,12306,0.873757455
West Bengal,HOOGHLY,2014,Rabi,Urad,9,7,0.777777778
West Bengal,HOOGHLY,2014,Rabi,Wheat,203,493,2.428571429
West Bengal,HOOGHLY,2014,Summer,Groundnut,13267,29037,2.188663601
West Bengal,HOOGHLY,2014,Summer,Maize,225,455,2.022222222
West Bengal,HOOGHLY,2014,Summer,Moong(Green Gram),2,2,1
West Bengal,HOOGHLY,2014,Summer,Rice,79654,261105,3.277989806
West Bengal,HOOGHLY,2014,Summer,Sesamum,40756,41239,1.011851016
West Bengal,HOOGHLY,2014,Whole Year,Sugarcane,830,149289,179.8662651
West Bengal,HOOGHLY,2014,Winter,Rice,190221,580845,3.053527213
West Bengal,HOWRAH,1997,Autumn,Rice,373,950,2.54691689
West Bengal,HOWRAH,1997,Kharif,Jute,7413,116900,15.76959396
West Bengal,HOWRAH,1997,Kharif,Urad,5,30,6
West Bengal,HOWRAH,1997,Rabi,Khesari,297,220,0.740740741
West Bengal,HOWRAH,1997,Rabi,Masoor,55,40,0.727272727
West Bengal,HOWRAH,1997,Rabi,Oilseeds total,364900,264400,0.724582077
West Bengal,HOWRAH,1997,Rabi,Wheat,755,630,0.834437086
West Bengal,HOWRAH,1997,Summer,Moong(Green Gram),353,9,0.025495751
West Bengal,HOWRAH,1997,Summer,Rice,49396,135110,2.73524172
West Bengal,HOWRAH,1997,Whole Year,Arecanut,567,1145,2.019400353
West Bengal,HOWRAH,1997,Whole Year,Coconut,2957,49523,16.74771728
West Bengal,HOWRAH,1997,Whole Year,Dry chillies,509,372,0.730844794
West Bengal,HOWRAH,1997,Whole Year,Groundnut,438,304,0.694063927
West Bengal,HOWRAH,1997,Whole Year,Potato,8669,194873,22.47929404
West Bengal,HOWRAH,1997,Whole Year,Pulses total,71400,35600,0.49859944
West Bengal,HOWRAH,1997,Whole Year,Rapeseed &Mustard,1252,730,0.583067093
West Bengal,HOWRAH,1997,Whole Year,Sesamum,1959,1610,0.821847882
West Bengal,HOWRAH,1997,Whole Year,Sugarcane,7,460,65.71428571
West Bengal,HOWRAH,1997,Whole Year,Turmeric,187,526,2.812834225
West Bengal,HOWRAH,1997,Winter,Rice,75073,106560,1.419418433
West Bengal,HOWRAH,1998,Autumn,Rice,1203,2790,2.319201995
West Bengal,HOWRAH,1998,Kharif,Dry ginger,33,46,1.393939394
West Bengal,HOWRAH,1998,Kharif,Jute,4961,87390,17.61540012
West Bengal,HOWRAH,1998,Kharif,Urad,11,10,0.909090909
West Bengal,HOWRAH,1998,Rabi,Gram,1,1,1
West Bengal,HOWRAH,1998,Rabi,Khesari,274,270,0.98540146
West Bengal,HOWRAH,1998,Rabi,Masoor,91,70,0.769230769
West Bengal,HOWRAH,1998,Rabi,Peas & beans (Pulses),7,5,0.714285714
West Bengal,HOWRAH,1998,Rabi,Rapeseed &Mustard,902,410,0.454545455
West Bengal,HOWRAH,1998,Rabi,Wheat,538,580,1.078066914
West Bengal,HOWRAH,1998,Summer,Moong(Green Gram),153,50,0.326797386
West Bengal,HOWRAH,1998,Summer,Rice,49273,134846,2.736711789
West Bengal,HOWRAH,1998,Whole Year,Arecanut,577,1168,2.024263432
West Bengal,HOWRAH,1998,Whole Year,Coconut,2960,52096,17.6
West Bengal,HOWRAH,1998,Whole Year,Dry chillies,515,433,0.840776699
West Bengal,HOWRAH,1998,Whole Year,Groundnut,702,563,0.801994302
West Bengal,HOWRAH,1998,Whole Year,Potato,7130,141921,19.90476858
West Bengal,HOWRAH,1998,Whole Year,Sesamum,1619,1150,0.710315009
West Bengal,HOWRAH,1998,Whole Year,Sugarcane,17,1120,65.88235294
West Bengal,HOWRAH,1998,Whole Year,Turmeric,138,415,3.007246377
West Bengal,HOWRAH,1998,Winter,Rice,73666,97630,1.325306111
West Bengal,HOWRAH,1999,Autumn,Dry chillies,100,52,0.52
West Bengal,HOWRAH,1999,Autumn,Rice,1394,2810,2.015781923
West Bengal,HOWRAH,1999,Kharif,Dry ginger,28,38,1.357142857
West Bengal,HOWRAH,1999,Kharif,Jute,4168,71740,17.21209213
West Bengal,HOWRAH,1999,Kharif,Urad,21,16,0.761904762
West Bengal,HOWRAH,1999,Rabi,Dry chillies,141,140,0.992907801
West Bengal,HOWRAH,1999,Rabi,Gram,5,4,0.8
West Bengal,HOWRAH,1999,Rabi,Groundnut,191,169,0.884816754
West Bengal,HOWRAH,1999,Rabi,Khesari,104,91,0.875
West Bengal,HOWRAH,1999,Rabi,Masoor,42,24,0.571428571
West Bengal,HOWRAH,1999,Rabi,Peas & beans (Pulses),2,2,1
West Bengal,HOWRAH,1999,Rabi,Rapeseed &Mustard,878,515,0.586560364
West Bengal,HOWRAH,1999,Rabi,Safflower,2,2,1
West Bengal,HOWRAH,1999,Rabi,Wheat,582,642,1.103092784
West Bengal,HOWRAH,1999,Summer,Groundnut,689,702,1.018867925
West Bengal,HOWRAH,1999,Summer,Moong(Green Gram),102,30,0.294117647
West Bengal,HOWRAH,1999,Summer,Rice,58326,170270,2.919281281
West Bengal,HOWRAH,1999,Summer,Sesamum,2207,1100,0.498414137
West Bengal,HOWRAH,1999,Whole Year,Arecanut,464,940,2.025862069
West Bengal,HOWRAH,1999,Whole Year,Coconut,2531,44773.4,17.69000395
West Bengal,HOWRAH,1999,Whole Year,Sugarcane,17,1008,59.29411765
West Bengal,HOWRAH,1999,Whole Year,Turmeric,183,458,2.50273224
West Bengal,HOWRAH,1999,Winter,Potato,9620,219297,22.79594595
West Bengal,HOWRAH,1999,Winter,Rice,74379,122690,1.649524731
West Bengal,HOWRAH,2000,Autumn,Rice,804,800,0.995024876
West Bengal,HOWRAH,2000,Kharif,Dry ginger,34,45,1.323529412
West Bengal,HOWRAH,2000,Kharif,Jute,6771,101330,14.96529316
West Bengal,HOWRAH,2000,Kharif,Urad,2,1,0.5
West Bengal,HOWRAH,2000,Rabi,Groundnut,614,551,0.897394137
West Bengal,HOWRAH,2000,Rabi,Khesari,299,340,1.137123746
West Bengal,HOWRAH,2000,Rabi,Masoor,45,40,0.888888889
West Bengal,HOWRAH,2000,Rabi,Peas & beans (Pulses),1,1,1
West Bengal,HOWRAH,2000,Rabi,Rapeseed &Mustard,1736,1010,0.581797235
West Bengal,HOWRAH,2000,Rabi,Urad,22,10,0.454545455
West Bengal,HOWRAH,2000,Rabi,Wheat,994,2120,2.132796781
West Bengal,HOWRAH,2000,Summer,Groundnut,634,798,1.258675079
West Bengal,HOWRAH,2000,Summer,Moong(Green Gram),92,47,0.510869565
West Bengal,HOWRAH,2000,Summer,Rice,48370,132799,2.745482737
West Bengal,HOWRAH,2000,Whole Year,Arecanut,468,981,2.096153846
West Bengal,HOWRAH,2000,Whole Year,Coconut,2558,45276.6,17.7
West Bengal,HOWRAH,2000,Whole Year,Dry chillies,315,280,0.888888889
West Bengal,HOWRAH,2000,Whole Year,Potato,9173,246927,26.9188924
West Bengal,HOWRAH,2000,Whole Year,Sesamum,2298,1885,0.820278503
West Bengal,HOWRAH,2000,Whole Year,Sugarcane,63,4050,64.28571429
West Bengal,HOWRAH,2000,Whole Year,Turmeric,148,371,2.506756757
West Bengal,HOWRAH,2000,Winter,Rice,64094,90600,1.41354885
West Bengal,HOWRAH,2001,Autumn,Rice,1255,3010,2.398406375
West Bengal,HOWRAH,2001,Kharif,Dry ginger,27,37,1.37037037
West Bengal,HOWRAH,2001,Kharif,Jute,4680,80881,17.28226496
West Bengal,HOWRAH,2001,Kharif,Maize,92,213,2.315217391
West Bengal,HOWRAH,2001,Kharif,Sunflower,2,2,1
West Bengal,HOWRAH,2001,Kharif,Urad,6,3,0.5
West Bengal,HOWRAH,2001,Rabi,Gram,4,3,0.75
West Bengal,HOWRAH,2001,Rabi,Groundnut,766,687,0.896866841
West Bengal,HOWRAH,2001,Rabi,Khesari,64,71,1.109375
West Bengal,HOWRAH,2001,Rabi,Masoor,2,3,1.5
West Bengal,HOWRAH,2001,Rabi,Peas & beans (Pulses),24,15,0.625
West Bengal,HOWRAH,2001,Rabi,Rapeseed &Mustard,1555,732,0.47073955
West Bengal,HOWRAH,2001,Rabi,Wheat,466,826,1.772532189
West Bengal,HOWRAH,2001,Summer,Groundnut,1061,1508,1.42130066
West Bengal,HOWRAH,2001,Summer,Moong(Green Gram),266,104,0.390977444
West Bengal,HOWRAH,2001,Summer,Rice,47393,125242,2.642626548
West Bengal,HOWRAH,2001,Whole Year,Arecanut,458,1099,2.399563319
West Bengal,HOWRAH,2001,Whole Year,Coconut,2593,27615.5,10.65001928
West Bengal,HOWRAH,2001,Whole Year,Dry chillies,301,289,0.96013289
West Bengal,HOWRAH,2001,Whole Year,Potato,7342,198417,27.02492509
West Bengal,HOWRAH,2001,Whole Year,Sesamum,1043,733,0.702780441
West Bengal,HOWRAH,2001,Whole Year,Sugarcane,85,6242,73.43529412
West Bengal,HOWRAH,2001,Whole Year,Turmeric,136,346,2.544117647
West Bengal,HOWRAH,2001,Winter,Rice,74006,159255,2.151920115
West Bengal,HOWRAH,2002,Autumn,Dry chillies,121,92,0.760330579
West Bengal,HOWRAH,2002,Autumn,Rice,2629,5868,2.232027387
West Bengal,HOWRAH,2002,Kharif,Dry ginger,34,47,1.382352941
West Bengal,HOWRAH,2002,Kharif,Jute,4046,69518,17.18190806
West Bengal,HOWRAH,2002,Kharif,Maize,27,54,2
West Bengal,HOWRAH,2002,Kharif,Urad,2,1,0.5
West Bengal,HOWRAH,2002,Rabi,Dry chillies,189,187,0.989417989
West Bengal,HOWRAH,2002,Rabi,Khesari,202,216,1.069306931
West Bengal,HOWRAH,2002,Rabi,Masoor,6,5,0.833333333
West Bengal,HOWRAH,2002,Rabi,Peas & beans (Pulses),23,18,0.782608696
West Bengal,HOWRAH,2002,Rabi,Rapeseed &Mustard,682,469,0.687683284
West Bengal,HOWRAH,2002,Rabi,Wheat,296,434,1.466216216
West Bengal,HOWRAH,2002,Summer,Groundnut,996,1438,1.4437751
West Bengal,HOWRAH,2002,Summer,Moong(Green Gram),186,76,0.408602151
West Bengal,HOWRAH,2002,Summer,Rice,53350,140654,2.636438613
West Bengal,HOWRAH,2002,Summer,Sesamum,906,978,1.079470199
West Bengal,HOWRAH,2002,Whole Year,Arecanut,478,1031,2.156903766
West Bengal,HOWRAH,2002,Whole Year,Coconut,2626,32236.8,12.27600914
West Bengal,HOWRAH,2002,Whole Year,Sugarcane,50,3584,71.68
West Bengal,HOWRAH,2002,Whole Year,Turmeric,134,343,2.559701493
West Bengal,HOWRAH,2002,Winter,Potato,10758,301797,28.05326269
West Bengal,HOWRAH,2002,Winter,Rice,75258,134623,1.788819793
West Bengal,HOWRAH,2003,Autumn,Rice,4586,11230,2.448757087
West Bengal,HOWRAH,2003,Kharif,Dry ginger,48,71,1.479166667
West Bengal,HOWRAH,2003,Kharif,Jute,7068,131182,18.55998868
West Bengal,HOWRAH,2003,Kharif,Maize,77,76,0.987012987
West Bengal,HOWRAH,2003,Kharif,Sunflower,72,27,0.375
West Bengal,HOWRAH,2003,Kharif,Urad,1,1,1
West Bengal,HOWRAH,2003,Rabi,Gram,19,19,1
West Bengal,HOWRAH,2003,Rabi,Khesari,97,103,1.06185567
West Bengal,HOWRAH,2003,Rabi,Masoor,13,10,0.769230769
West Bengal,HOWRAH,2003,Rabi,Peas & beans (Pulses),23,28,1.217391304
West Bengal,HOWRAH,2003,Rabi,Rapeseed &Mustard,877,652,0.743443558
West Bengal,HOWRAH,2003,Rabi,Wheat,370,911,2.462162162
West Bengal,HOWRAH,2003,Summer,Groundnut,1946,2370,1.217882837
West Bengal,HOWRAH,2003,Summer,Moong(Green Gram),70,31,0.442857143
West Bengal,HOWRAH,2003,Summer,Rice,55316,151835,2.744865862
West Bengal,HOWRAH,2003,Whole Year,Arecanut,489,1064,2.175869121
West Bengal,HOWRAH,2003,Whole Year,Coconut,2811,31486,11.20099609
West Bengal,HOWRAH,2003,Whole Year,Dry chillies,328,355,1.082317073
West Bengal,HOWRAH,2003,Whole Year,Potato,6733,177332,26.33773949
West Bengal,HOWRAH,2003,Whole Year,Sesamum,2937,2935,0.999319033
West Bengal,HOWRAH,2003,Whole Year,Sugarcane,1,76,76
West Bengal,HOWRAH,2003,Whole Year,Turmeric,136,332,2.441176471
West Bengal,HOWRAH,2003,Winter,Rice,81513,169397,2.078159312
West Bengal,HOWRAH,2004,Autumn,Rice,3652,8259,2.261500548
West Bengal,HOWRAH,2004,Kharif,Dry ginger,41,62,1.512195122
West Bengal,HOWRAH,2004,Kharif,Jute,6220,108127,17.38376206
West Bengal,HOWRAH,2004,Kharif,Maize,77,78,1.012987013
West Bengal,HOWRAH,2004,Kharif,Sunflower,53,43,0.811320755
West Bengal,HOWRAH,2004,Kharif,Urad,1,1,1
West Bengal,HOWRAH,2004,Rabi,Gram,8,8,1
West Bengal,HOWRAH,2004,Rabi,Khesari,25,21,0.84
West Bengal,HOWRAH,2004,Rabi,Masoor,9,6,0.666666667
West Bengal,HOWRAH,2004,Rabi,Peas & beans (Pulses),23,15,0.652173913
West Bengal,HOWRAH,2004,Rabi,Rapeseed &Mustard,794,435,0.547858942
West Bengal,HOWRAH,2004,Rabi,Wheat,444,1039,2.34009009
West Bengal,HOWRAH,2004,Summer,Moong(Green Gram),155,51,0.329032258
West Bengal,HOWRAH,2004,Summer,Rice,49058,132079,2.692302988
West Bengal,HOWRAH,2004,Whole Year,Coconut,2854,31816.4,11.1480028
West Bengal,HOWRAH,2004,Whole Year,Dry chillies,343,324,0.944606414
West Bengal,HOWRAH,2004,Whole Year,Groundnut,2311,1543,0.667676331
West Bengal,HOWRAH,2004,Whole Year,Potato,6142,150051,24.43031586
West Bengal,HOWRAH,2004,Whole Year,Sesamum,2288,2422,1.058566434
West Bengal,HOWRAH,2004,Whole Year,Sugarcane,108,7865,72.82407407
West Bengal,HOWRAH,2004,Whole Year,Turmeric,135,313,2.318518519
West Bengal,HOWRAH,2004,Winter,Rice,80267,165102,2.056910063
West Bengal,HOWRAH,2005,Autumn,Rice,1374,3612,2.628820961
West Bengal,HOWRAH,2005,Kharif,Dry ginger,47,65,1.382978723
West Bengal,HOWRAH,2005,Kharif,Jute,3321,61372,18.47997591
West Bengal,HOWRAH,2005,Kharif,Maize,77,78,1.012987013
West Bengal,HOWRAH,2005,Kharif,Sunflower,53,43,0.811320755
West Bengal,HOWRAH,2005,Rabi,Gram,9,9,1
West Bengal,HOWRAH,2005,Rabi,Khesari,298,241,0.808724832
West Bengal,HOWRAH,2005,Rabi,Masoor,14,12,0.857142857
West Bengal,HOWRAH,2005,Rabi,Peas & beans (Pulses),38,30,0.789473684
West Bengal,HOWRAH,2005,Rabi,Rapeseed &Mustard,774,472,0.609819121
West Bengal,HOWRAH,2005,Rabi,Wheat,164,266,1.62195122
West Bengal,HOWRAH,2005,Summer,Moong(Green Gram),54,17,0.314814815
West Bengal,HOWRAH,2005,Summer,Rice,50910,133577,2.623787075
West Bengal,HOWRAH,2005,Whole Year,Arecanut,501,1046,2.087824351
West Bengal,HOWRAH,2005,Whole Year,Coconut,2865,28552,9.965794066
West Bengal,HOWRAH,2005,Whole Year,Dry chillies,368,326,0.885869565
West Bengal,HOWRAH,2005,Whole Year,Groundnut,2311,3543,1.533102553
West Bengal,HOWRAH,2005,Whole Year,Potato,7336,214027,29.17489095
West Bengal,HOWRAH,2005,Whole Year,Sesamum,2509,3158,1.258668792
West Bengal,HOWRAH,2005,Whole Year,Sugarcane,46,3511,76.32608696
West Bengal,HOWRAH,2005,Whole Year,Turmeric,118,353,2.991525424
West Bengal,HOWRAH,2005,Winter,Rice,73268,148820,2.031173227
West Bengal,HOWRAH,2006,Autumn,Rice,874,1316,1.505720824
West Bengal,HOWRAH,2006,Kharif,Dry ginger,34,47,1.382352941
West Bengal,HOWRAH,2006,Kharif,Jute,3845,70248,18.26996099
West Bengal,HOWRAH,2006,Kharif,Maize,93,107,1.150537634
West Bengal,HOWRAH,2006,Kharif,Mesta,110,748,6.8
West Bengal,HOWRAH,2006,Kharif,Sunflower,36,44,1.222222222
West Bengal,HOWRAH,2006,Kharif,Urad,6,4,0.666666667
West Bengal,HOWRAH,2006,Rabi,Gram,2,1,0.5
West Bengal,HOWRAH,2006,Rabi,Khesari,471,362,0.768577495
West Bengal,HOWRAH,2006,Rabi,Masoor,7,5,0.714285714
West Bengal,HOWRAH,2006,Rabi,Peas & beans (Pulses),2,1,0.5
West Bengal,HOWRAH,2006,Rabi,Rapeseed &Mustard,1098,651,0.592896175
West Bengal,HOWRAH,2006,Rabi,Wheat,450,698,1.551111111
West Bengal,HOWRAH,2006,Summer,Moong(Green Gram),605,226,0.373553719
West Bengal,HOWRAH,2006,Summer,Rice,39320,110708,2.815564598
West Bengal,HOWRAH,2006,Whole Year,Arecanut,503,1023,2.033797217
West Bengal,HOWRAH,2006,Whole Year,Coconut,2877,28951300,10063.01703
West Bengal,HOWRAH,2006,Whole Year,Dry chillies,359,469,1.306406685
West Bengal,HOWRAH,2006,Whole Year,Groundnut,3880,6247,1.610051546
West Bengal,HOWRAH,2006,Whole Year,Potato,8684,74787,8.61204514
West Bengal,HOWRAH,2006,Whole Year,Sesamum,1692,2310,1.365248227
West Bengal,HOWRAH,2006,Whole Year,Sugarcane,57,3873,67.94736842
West Bengal,HOWRAH,2006,Whole Year,Turmeric,113,255,2.256637168
West Bengal,HOWRAH,2006,Winter,Rice,76644,131524,1.716037785
West Bengal,HOWRAH,2007,Autumn,Rice,1124,1251,1.112989324
West Bengal,HOWRAH,2007,Kharif,Cotton(lint),100,125,1.25
West Bengal,HOWRAH,2007,Kharif,Dry ginger,35,44,1.257142857
West Bengal,HOWRAH,2007,Kharif,Garlic,42,463,11.02380952
West Bengal,HOWRAH,2007,Kharif,Jute,3583,63306,17.66843427
West Bengal,HOWRAH,2007,Kharif,Sunflower,316,360,1.139240506
West Bengal,HOWRAH,2007,Kharif,Urad,5,5,1
West Bengal,HOWRAH,2007,Rabi,Khesari,398,342,0.859296482
West Bengal,HOWRAH,2007,Rabi,Peas & beans (Pulses),4,3,0.75
West Bengal,HOWRAH,2007,Rabi,Rapeseed &Mustard,587,366,0.62350937
West Bengal,HOWRAH,2007,Rabi,Wheat,495,1106,2.234343434
West Bengal,HOWRAH,2007,Summer,Groundnut,5101,8422,1.651048814
West Bengal,HOWRAH,2007,Summer,Maize,89,116,1.303370787
West Bengal,HOWRAH,2007,Summer,Moong(Green Gram),149,96,0.644295302
West Bengal,HOWRAH,2007,Summer,Rice,48926,166090,3.394718555
West Bengal,HOWRAH,2007,Summer,Sesamum,872,1048,1.201834862
West Bengal,HOWRAH,2007,Whole Year,Arecanut,504,1050,2.083333333
West Bengal,HOWRAH,2007,Whole Year,Coconut,2895,30687000,10600
West Bengal,HOWRAH,2007,Whole Year,Dry chillies,409,487,1.190709046
West Bengal,HOWRAH,2007,Whole Year,Potato,8032,231271,28.7937002
West Bengal,HOWRAH,2007,Whole Year,Sugarcane,40,4417,110.425
West Bengal,HOWRAH,2007,Whole Year,Turmeric,144,368,2.555555556
West Bengal,HOWRAH,2007,Winter,Rice,67809,91799,1.353787845
West Bengal,HOWRAH,2008,Autumn,Rice,1349,3159,2.341734618
West Bengal,HOWRAH,2008,Kharif,Cotton(lint),100,125,1.25
West Bengal,HOWRAH,2008,Kharif,Dry ginger,35,44,1.257142857
West Bengal,HOWRAH,2008,Kharif,Jute,3502,52946,15.11878926
West Bengal,HOWRAH,2008,Kharif,Sunflower,135,149,1.103703704
West Bengal,HOWRAH,2008,Kharif,Urad,4,4,1
West Bengal,HOWRAH,2008,Rabi,Khesari,621,587,0.945249597
West Bengal,HOWRAH,2008,Rabi,Masoor,12,9,0.75
West Bengal,HOWRAH,2008,Rabi,Peas & beans (Pulses),36,28,0.777777778
West Bengal,HOWRAH,2008,Rabi,Rapeseed &Mustard,1117,474,0.42435094
West Bengal,HOWRAH,2008,Rabi,Wheat,143,224,1.566433566
West Bengal,HOWRAH,2008,Summer,Groundnut,3764,6071,1.612911796
West Bengal,HOWRAH,2008,Summer,Maize,85,98,1.152941176
West Bengal,HOWRAH,2008,Summer,Moong(Green Gram),265,118,0.445283019
West Bengal,HOWRAH,2008,Summer,Rice,49793,79696,1.600546262
West Bengal,HOWRAH,2008,Summer,Sesamum,1709,1587,0.928613224
West Bengal,HOWRAH,2008,Whole Year,Arecanut,524,1050,2.003816794
West Bengal,HOWRAH,2008,Whole Year,Coconut,2900,30687,10.58172414
West Bengal,HOWRAH,2008,Whole Year,Dry chillies,409,418,1.02200489
West Bengal,HOWRAH,2008,Whole Year,Potato,6644,66045,9.940547863
West Bengal,HOWRAH,2008,Whole Year,Sugarcane,60,5265,87.75
West Bengal,HOWRAH,2008,Whole Year,Turmeric,114,268,2.350877193
West Bengal,HOWRAH,2008,Winter,Rice,64173,124088,1.933648107
West Bengal,HOWRAH,2009,Autumn,Rice,944,1192,1.262711864
West Bengal,HOWRAH,2009,Kharif,Cotton(lint),100,125,1.25
West Bengal,HOWRAH,2009,Kharif,Jute,2996,54610,18.22763685
West Bengal,HOWRAH,2009,Kharif,Sunflower,7335,7709,1.050988412
West Bengal,HOWRAH,2009,Kharif,Urad,19,13,0.684210526
West Bengal,HOWRAH,2009,Rabi,Groundnut,570,855,1.5
West Bengal,HOWRAH,2009,Rabi,Khesari,194,203,1.046391753
West Bengal,HOWRAH,2009,Rabi,Masoor,2,2,1
West Bengal,HOWRAH,2009,Rabi,Peas & beans (Pulses),5,6,1.2
West Bengal,HOWRAH,2009,Rabi,Potato,6715,242614,36.13015637
West Bengal,HOWRAH,2009,Rabi,Rapeseed &Mustard,974,928,0.952772074
West Bengal,HOWRAH,2009,Summer,Groundnut,4248,6911,1.626883239
West Bengal,HOWRAH,2009,Summer,Maize,88,105,1.193181818
West Bengal,HOWRAH,2009,Summer,Moong(Green Gram),265,120,0.452830189
West Bengal,HOWRAH,2009,Summer,Rice,41343,89995,2.176789299
West Bengal,HOWRAH,2009,Summer,Sesamum,2667,2644,0.991376078
West Bengal,HOWRAH,2009,Winter,Rice,71693,100034,1.39531056
West Bengal,HOWRAH,2010,Autumn,Rice,753,2071,2.750332005
West Bengal,HOWRAH,2010,Kharif,Cotton(lint),5,8,1.6
West Bengal,HOWRAH,2010,Kharif,Jute,3193,64650,20.24741622
West Bengal,HOWRAH,2010,Kharif,Sunflower,204,231,1.132352941
West Bengal,HOWRAH,2010,Rabi,Gram,4,4,1
West Bengal,HOWRAH,2010,Rabi,Khesari,150,166,1.106666667
West Bengal,HOWRAH,2010,Rabi,Masoor,11,11,1
West Bengal,HOWRAH,2010,Rabi,Peas & beans (Pulses),12,15,1.25
West Bengal,HOWRAH,2010,Rabi,Potato,8885,323929,36.45796286
West Bengal,HOWRAH,2010,Rabi,Rapeseed &Mustard,1489,1019,0.684351914
West Bengal,HOWRAH,2010,Rabi,Wheat,248,506,2.040322581
West Bengal,HOWRAH,2010,Summer,Groundnut,4371,7133,1.631892016
West Bengal,HOWRAH,2010,Summer,Maize,87,106,1.218390805
West Bengal,HOWRAH,2010,Summer,Moong(Green Gram),816,520,0.637254902
West Bengal,HOWRAH,2010,Summer,Rice,41318,136208,3.296577763
West Bengal,HOWRAH,2010,Summer,Sesamum,1038,983,0.947013487
West Bengal,HOWRAH,2010,Whole Year,Sugarcane,17,1380,81.17647059
West Bengal,HOWRAH,2010,Winter,Rice,73401,166483,2.268129862
West Bengal,HOWRAH,2011,Autumn,Rice,1083,1049,0.968605725
West Bengal,HOWRAH,2011,Kharif,Cotton(lint),68,86,1.264705882
West Bengal,HOWRAH,2011,Kharif,Jute,4979,85564,17.1849769
West Bengal,HOWRAH,2011,Kharif,Sunflower,167,188,1.125748503
West Bengal,HOWRAH,2011,Rabi,Khesari,463,178,0.384449244
West Bengal,HOWRAH,2011,Rabi,Masoor,2,1,0.5
West Bengal,HOWRAH,2011,Rabi,Peas & beans (Pulses),36,32,0.888888889
West Bengal,HOWRAH,2011,Rabi,Potato,8102,178125,21.98531227
West Bengal,HOWRAH,2011,Rabi,Rapeseed &Mustard,2227,1180,0.529860799
West Bengal,HOWRAH,2011,Rabi,Wheat,91,108,1.186813187
West Bengal,HOWRAH,2011,Summer,Groundnut,5051,11142,2.205899822
West Bengal,HOWRAH,2011,Summer,Maize,87,103,1.183908046
West Bengal,HOWRAH,2011,Summer,Moong(Green Gram),782,721,0.921994885
West Bengal,HOWRAH,2011,Summer,Rice,40966,130799,3.192867256
West Bengal,HOWRAH,2011,Summer,Sesamum,1985,2544,1.281612091
West Bengal,HOWRAH,2011,Whole Year,Sugarcane,61,5226,85.67213115
West Bengal,HOWRAH,2011,Winter,Rice,65000,93485,1.438230769
West Bengal,HOWRAH,2012,Autumn,Rice,1662,5378,3.235860409
West Bengal,HOWRAH,2012,Kharif,Cotton(lint),58,73,1.25862069
West Bengal,HOWRAH,2012,Kharif,Jute,2369,43188,18.23047699
West Bengal,HOWRAH,2012,Kharif,Sunflower,178,201,1.129213483
West Bengal,HOWRAH,2012,Rabi,Khesari,611,936,1.531914894
West Bengal,HOWRAH,2012,Rabi,Peas & beans (Pulses),36,42,1.166666667
West Bengal,HOWRAH,2012,Rabi,Potato,7780,247916,31.86580977
West Bengal,HOWRAH,2012,Rabi,Rapeseed &Mustard,939,814,0.866879659
West Bengal,HOWRAH,2012,Rabi,Wheat,99,278,2.808080808
West Bengal,HOWRAH,2012,Summer,Groundnut,5308,15508,2.921627732
West Bengal,HOWRAH,2012,Summer,Maize,87,115,1.32183908
West Bengal,HOWRAH,2012,Summer,Moong(Green Gram),1002,618,0.616766467
West Bengal,HOWRAH,2012,Summer,Rice,42165,129584,3.073259813
West Bengal,HOWRAH,2012,Summer,Sesamum,1461,1465,1.002737851
West Bengal,HOWRAH,2012,Whole Year,Sugarcane,40,4053,101.325
West Bengal,HOWRAH,2012,Winter,Rice,67380,151869,2.253918077
West Bengal,HOWRAH,2013,Autumn,Rice,1572,4660,2.96437659
West Bengal,HOWRAH,2013,Kharif,Jute,1877,40819,21.7469366
West Bengal,HOWRAH,2013,Kharif,Moong(Green Gram),90,83,0.922222222
West Bengal,HOWRAH,2013,Kharif,Sunflower,183,207,1.131147541
West Bengal,HOWRAH,2013,Rabi,Khesari,727,1130,1.554332875
West Bengal,HOWRAH,2013,Rabi,Masoor,13,11,0.846153846
West Bengal,HOWRAH,2013,Rabi,Peas & beans (Pulses),39,45,1.153846154
West Bengal,HOWRAH,2013,Rabi,Potato,7587,247444,32.61420851
West Bengal,HOWRAH,2013,Rabi,Rapeseed &Mustard,1249,1434,1.148118495
West Bengal,HOWRAH,2013,Rabi,Wheat,82,198,2.414634146
West Bengal,HOWRAH,2013,Summer,Groundnut,5428,16019,2.951179071
West Bengal,HOWRAH,2013,Summer,Maize,87,108,1.24137931
West Bengal,HOWRAH,2013,Summer,Moong(Green Gram),1064,830,0.780075188
West Bengal,HOWRAH,2013,Summer,Rice,42709,128178,3.001194128
West Bengal,HOWRAH,2013,Summer,Sesamum,1489,1121,0.752854265
West Bengal,HOWRAH,2013,Winter,Rice,64360,142291,2.210860783
West Bengal,HOWRAH,2014,Autumn,Rice,2836,8287,2.922073343
West Bengal,HOWRAH,2014,Kharif,Jute,2237,39378,17.60303979
West Bengal,HOWRAH,2014,Kharif,Moong(Green Gram),105,110,1.047619048
West Bengal,HOWRAH,2014,Kharif,Sunflower,176,199,1.130681818
West Bengal,HOWRAH,2014,Rabi,Khesari,920,788,0.856521739
West Bengal,HOWRAH,2014,Rabi,Masoor,21,16,0.761904762
West Bengal,HOWRAH,2014,Rabi,Peas & beans (Pulses),35,42,1.2
West Bengal,HOWRAH,2014,Rabi,Potato,8648,293313,33.91685939
West Bengal,HOWRAH,2014,Rabi,Rapeseed &Mustard,1232,1148,0.931818182
West Bengal,HOWRAH,2014,Rabi,Wheat,106,276,2.603773585
West Bengal,HOWRAH,2014,Summer,Groundnut,6103,13208,2.16418155
West Bengal,HOWRAH,2014,Summer,Maize,88,112,1.272727273
West Bengal,HOWRAH,2014,Summer,Moong(Green Gram),777,847,1.09009009
West Bengal,HOWRAH,2014,Summer,Rice,43456,135474,3.117498159
West Bengal,HOWRAH,2014,Summer,Sesamum,2265,2254,0.995143488
West Bengal,HOWRAH,2014,Whole Year,Sugarcane,2,186,93
West Bengal,HOWRAH,2014,Winter,Rice,71064,176630,2.485506023
West Bengal,JALPAIGURI,1997,Autumn,Ragi,520,598,1.15
West Bengal,JALPAIGURI,1997,Autumn,Rice,61579,64020,1.039640137
West Bengal,JALPAIGURI,1997,Kharif,Horse-gram,99,53,0.535353535
West Bengal,JALPAIGURI,1997,Kharif,Jute,49715,395720,7.959770693
West Bengal,JALPAIGURI,1997,Kharif,Mesta,685,4650,6.788321168
West Bengal,JALPAIGURI,1997,Kharif,Moong(Green Gram),70,43,0.614285714
West Bengal,JALPAIGURI,1997,Kharif,Urad,2716,1600,0.58910162
West Bengal,JALPAIGURI,1997,Rabi,Khesari,1451,1210,0.83390765
West Bengal,JALPAIGURI,1997,Rabi,Masoor,1024,560,0.546875
West Bengal,JALPAIGURI,1997,Rabi,Moong(Green Gram),15,11,0.733333333
West Bengal,JALPAIGURI,1997,Rabi,Oilseeds total,1250800,561400,0.448832747
West Bengal,JALPAIGURI,1997,Rabi,Urad,760,456,0.6
West Bengal,JALPAIGURI,1997,Rabi,Wheat,23335,40370,1.730019284
West Bengal,JALPAIGURI,1997,Summer,Rice,4485,12890,2.874024526
West Bengal,JALPAIGURI,1997,Whole Year,Arecanut,2070,2122,1.025120773
West Bengal,JALPAIGURI,1997,Whole Year,Arhar/Tur,8,10,1.25
West Bengal,JALPAIGURI,1997,Whole Year,Barley,5,3,0.6
West Bengal,JALPAIGURI,1997,Whole Year,Coconut,1130,15255,13.5
West Bengal,JALPAIGURI,1997,Whole Year,Dry chillies,5917,5270,0.890654048
West Bengal,JALPAIGURI,1997,Whole Year,Groundnut,199,291,1.462311558
West Bengal,JALPAIGURI,1997,Whole Year,Linseed,2109,540,0.256045519
West Bengal,JALPAIGURI,1997,Whole Year,Maize,2224,5170,2.324640288
West Bengal,JALPAIGURI,1997,Whole Year,Niger seed,990,594,0.6
West Bengal,JALPAIGURI,1997,Whole Year,Potato,12558,238866,19.02102246
West Bengal,JALPAIGURI,1997,Whole Year,Pulses total,669400,437300,0.653271586
West Bengal,JALPAIGURI,1997,Whole Year,Rapeseed &Mustard,7990,3480,0.435544431
West Bengal,JALPAIGURI,1997,Whole Year,Sesamum,1220,709,0.581147541
West Bengal,JALPAIGURI,1997,Whole Year,Small millets,224,161,0.71875
West Bengal,JALPAIGURI,1997,Whole Year,Sugarcane,329,24610,74.80243161
West Bengal,JALPAIGURI,1997,Whole Year,Turmeric,1176,1589,1.351190476
West Bengal,JALPAIGURI,1997,Winter,Rice,178783,233560,1.306388191
West Bengal,JALPAIGURI,1998,Autumn,Rice,63232,75340,1.191485324
West Bengal,JALPAIGURI,1998,Kharif,Dry ginger,1320,2251,1.70530303
West Bengal,JALPAIGURI,1998,Kharif,Jute,45775,394880,8.626542873
West Bengal,JALPAIGURI,1998,Kharif,Maize,1935,6980,3.607235142
West Bengal,JALPAIGURI,1998,Kharif,Mesta,1637,14850,9.071472205
West Bengal,JALPAIGURI,1998,Kharif,Niger seed,3384,2030,0.599881797
West Bengal,JALPAIGURI,1998,Kharif,Ragi,525,606,1.154285714
West Bengal,JALPAIGURI,1998,Kharif,Urad,2271,680,0.299427565
West Bengal,JALPAIGURI,1998,Rabi,Barley,833,670,0.804321729
West Bengal,JALPAIGURI,1998,Rabi,Gram,42,30,0.714285714
West Bengal,JALPAIGURI,1998,Rabi,Horse-gram,100,50,0.5
West Bengal,JALPAIGURI,1998,Rabi,Khesari,421,190,0.451306413
West Bengal,JALPAIGURI,1998,Rabi,Linseed,840,260,0.30952381
West Bengal,JALPAIGURI,1998,Rabi,Masoor,1236,510,0.412621359
West Bengal,JALPAIGURI,1998,Rabi,Moong(Green Gram),50,37,0.74
West Bengal,JALPAIGURI,1998,Rabi,Peas & beans (Pulses),182,130,0.714285714
West Bengal,JALPAIGURI,1998,Rabi,Rapeseed &Mustard,7677,4460,0.580956103
West Bengal,JALPAIGURI,1998,Rabi,Small millets,270,201,0.744444444
West Bengal,JALPAIGURI,1998,Rabi,Urad,1650,1040,0.63030303
West Bengal,JALPAIGURI,1998,Rabi,Wheat,25540,38910,1.523492561
West Bengal,JALPAIGURI,1998,Summer,Rice,6565,19154,2.917593298
West Bengal,JALPAIGURI,1998,Whole Year,Arecanut,2080,2184,1.05
West Bengal,JALPAIGURI,1998,Whole Year,Coconut,1135,15663,13.8
West Bengal,JALPAIGURI,1998,Whole Year,Dry chillies,6050,5504,0.909752066
West Bengal,JALPAIGURI,1998,Whole Year,Groundnut,194,286,1.474226804
West Bengal,JALPAIGURI,1998,Whole Year,Potato,14456,258778,17.90107914
West Bengal,JALPAIGURI,1998,Whole Year,Sesamum,1246,667,0.535313002
West Bengal,JALPAIGURI,1998,Whole Year,Sugarcane,382,29400,76.96335079
West Bengal,JALPAIGURI,1998,Whole Year,Turmeric,1180,1599,1.355084746
West Bengal,JALPAIGURI,1998,Winter,Rice,176434,191660,1.086298559
West Bengal,JALPAIGURI,1999,Autumn,Dry chillies,2155,1961,0.909976798
West Bengal,JALPAIGURI,1999,Autumn,Rice,62635,101550,1.621297996
West Bengal,JALPAIGURI,1999,Kharif,Arhar/Tur,19,15,0.789473684
West Bengal,JALPAIGURI,1999,Kharif,Dry ginger,1415,2448,1.730035336
West Bengal,JALPAIGURI,1999,Kharif,Jute,47709,403150,8.450187596
West Bengal,JALPAIGURI,1999,Kharif,Maize,1462,3030,2.07250342
West Bengal,JALPAIGURI,1999,Kharif,Mesta,1217,9280,7.625308135
West Bengal,JALPAIGURI,1999,Kharif,Niger seed,1325,822,0.620377358
West Bengal,JALPAIGURI,1999,Kharif,Ragi,520,567,1.090384615
West Bengal,JALPAIGURI,1999,Kharif,Urad,2480,927,0.373790323
West Bengal,JALPAIGURI,1999,Rabi,Barley,813,812,0.998769988
West Bengal,JALPAIGURI,1999,Rabi,Dry chillies,3925,3611,0.92
West Bengal,JALPAIGURI,1999,Rabi,Horse-gram,30,12,0.4
West Bengal,JALPAIGURI,1999,Rabi,Khesari,613,729,1.189233279
West Bengal,JALPAIGURI,1999,Rabi,Linseed,1059,316,0.298394712
West Bengal,JALPAIGURI,1999,Rabi,Masoor,1088,624,0.573529412
West Bengal,JALPAIGURI,1999,Rabi,Moong(Green Gram),50,37,0.74
West Bengal,JALPAIGURI,1999,Rabi,Peas & beans (Pulses),39,37,0.948717949
West Bengal,JALPAIGURI,1999,Rabi,Rapeseed &Mustard,7386,4047,0.547928513
West Bengal,JALPAIGURI,1999,Rabi,Small millets,385,275,0.714285714
West Bengal,JALPAIGURI,1999,Rabi,Urad,1650,1040,0.63030303
West Bengal,JALPAIGURI,1999,Rabi,Wheat,25253,51873,2.054132182
West Bengal,JALPAIGURI,1999,Summer,Groundnut,425,663,1.56
West Bengal,JALPAIGURI,1999,Summer,Moong(Green Gram),93,10,0.107526882
West Bengal,JALPAIGURI,1999,Summer,Rice,6614,16000,2.419110977
West Bengal,JALPAIGURI,1999,Summer,Sesamum,1239,580,0.468119451
West Bengal,JALPAIGURI,1999,Whole Year,Arecanut,2095,2284,1.090214797
West Bengal,JALPAIGURI,1999,Whole Year,Coconut,1140,14820,13
West Bengal,JALPAIGURI,1999,Whole Year,Sugarcane,258,20003,77.53100775
West Bengal,JALPAIGURI,1999,Whole Year,Tobacco,1640,1639,0.999390244
West Bengal,JALPAIGURI,1999,Whole Year,Turmeric,2000,2720,1.36
West Bengal,JALPAIGURI,1999,Winter,Potato,14490,329191,22.71849551
West Bengal,JALPAIGURI,1999,Winter,Rice,188551,261620,1.387529104
West Bengal,JALPAIGURI,1999,Winter,Sesamum,25,12,0.48
West Bengal,JALPAIGURI,2000,Autumn,Rice,63272,100740,1.592173473
West Bengal,JALPAIGURI,2000,Kharif,Arhar/Tur,74,50,0.675675676
West Bengal,JALPAIGURI,2000,Kharif,Dry ginger,1430,2402,1.67972028
West Bengal,JALPAIGURI,2000,Kharif,Jute,44330,401470,9.056395218
West Bengal,JALPAIGURI,2000,Kharif,Maize,1622,5020,3.094944513
West Bengal,JALPAIGURI,2000,Kharif,Mesta,465,3420,7.35483871
West Bengal,JALPAIGURI,2000,Kharif,Niger seed,1785,1116,0.625210084
West Bengal,JALPAIGURI,2000,Kharif,Ragi,530,596,1.124528302
West Bengal,JALPAIGURI,2000,Kharif,Urad,2196,940,0.428051002
West Bengal,JALPAIGURI,2000,Rabi,Horse-gram,30,15,0.5
West Bengal,JALPAIGURI,2000,Rabi,Khesari,1346,1540,1.144130758
West Bengal,JALPAIGURI,2000,Rabi,Linseed,995,530,0.532663317
West Bengal,JALPAIGURI,2000,Rabi,Masoor,1079,680,0.63021316
West Bengal,JALPAIGURI,2000,Rabi,Peas & beans (Pulses),35,30,0.857142857
West Bengal,JALPAIGURI,2000,Rabi,Rapeseed &Mustard,8251,4720,0.572051873
West Bengal,JALPAIGURI,2000,Rabi,Small millets,395,293,0.741772152
West Bengal,JALPAIGURI,2000,Rabi,Urad,1740,1148,0.659770115
West Bengal,JALPAIGURI,2000,Rabi,Wheat,26590,47030,1.768710041
West Bengal,JALPAIGURI,2000,Summer,Groundnut,10,16,1.6
West Bengal,JALPAIGURI,2000,Summer,Moong(Green Gram),98,28,0.285714286
West Bengal,JALPAIGURI,2000,Summer,Rice,6719,14187,2.111474922
West Bengal,JALPAIGURI,2000,Whole Year,Arecanut,2080,2257,1.085096154
West Bengal,JALPAIGURI,2000,Whole Year,Coconut,1145,13762.9,12.02
West Bengal,JALPAIGURI,2000,Whole Year,Dry chillies,5035,4636,0.920754717
West Bengal,JALPAIGURI,2000,Whole Year,Potato,14278,308946,21.63790447
West Bengal,JALPAIGURI,2000,Whole Year,Sesamum,1296,1203,0.928240741
West Bengal,JALPAIGURI,2000,Whole Year,Tobacco,628,624,0.993630573
West Bengal,JALPAIGURI,2000,Whole Year,Turmeric,1930,2669,1.382901554
West Bengal,JALPAIGURI,2000,Winter,Rice,190854,269210,1.410554665
West Bengal,JALPAIGURI,2001,Autumn,Rice,58753,87055,1.481711572
West Bengal,JALPAIGURI,2001,Kharif,Arhar/Tur,15,12,0.8
West Bengal,JALPAIGURI,2001,Kharif,Dry ginger,1435,2411,1.680139373
West Bengal,JALPAIGURI,2001,Kharif,Jute,46314,510260,11.01740295
West Bengal,JALPAIGURI,2001,Kharif,Maize,1613,2195,1.360818351
West Bengal,JALPAIGURI,2001,Kharif,Mesta,417,3652,8.757793765
West Bengal,JALPAIGURI,2001,Kharif,Niger seed,1820,914,0.502197802
West Bengal,JALPAIGURI,2001,Kharif,Ragi,505,562,1.112871287
West Bengal,JALPAIGURI,2001,Kharif,Small millets,345,204,0.591304348
West Bengal,JALPAIGURI,2001,Kharif,Urad,1684,725,0.430522565
West Bengal,JALPAIGURI,2001,Rabi,Barley,23,24,1.043478261
West Bengal,JALPAIGURI,2001,Rabi,Groundnut,182,262,1.43956044
West Bengal,JALPAIGURI,2001,Rabi,Horse-gram,95,50,0.526315789
West Bengal,JALPAIGURI,2001,Rabi,Khesari,447,424,0.948545861
West Bengal,JALPAIGURI,2001,Rabi,Linseed,1089,365,0.335169881
West Bengal,JALPAIGURI,2001,Rabi,Masoor,1184,586,0.494932432
West Bengal,JALPAIGURI,2001,Rabi,Peas & beans (Pulses),48,30,0.625
West Bengal,JALPAIGURI,2001,Rabi,Rapeseed &Mustard,7161,3944,0.550761067
West Bengal,JALPAIGURI,2001,Rabi,Urad,200,105,0.525
West Bengal,JALPAIGURI,2001,Rabi,Wheat,26652,47069,1.766058832
West Bengal,JALPAIGURI,2001,Summer,Groundnut,163,228,1.398773006
West Bengal,JALPAIGURI,2001,Summer,Moong(Green Gram),112,31,0.276785714
West Bengal,JALPAIGURI,2001,Summer,Rice,21231,48890,2.302764825
West Bengal,JALPAIGURI,2001,Whole Year,Arecanut,2090,2268,1.085167464
West Bengal,JALPAIGURI,2001,Whole Year,Coconut,1148,13854.1,12.06803136
West Bengal,JALPAIGURI,2001,Whole Year,Dry chillies,5120,4780,0.93359375
West Bengal,JALPAIGURI,2001,Whole Year,Potato,14289,314924,22.03961089
West Bengal,JALPAIGURI,2001,Whole Year,Sesamum,986,616,0.62474645
West Bengal,JALPAIGURI,2001,Whole Year,Sugarcane,36,3018,83.83333333
West Bengal,JALPAIGURI,2001,Whole Year,Tobacco,578,574,0.993079585
West Bengal,JALPAIGURI,2001,Whole Year,Turmeric,1955,2708,1.38516624
West Bengal,JALPAIGURI,2001,Winter,Rice,176149,274047,1.555768128
West Bengal,JALPAIGURI,2002,Autumn,Dry chillies,1770,3069,1.733898305
West Bengal,JALPAIGURI,2002,Autumn,Rice,65853,95520,1.450503394
West Bengal,JALPAIGURI,2002,Kharif,Arhar/Tur,11,10,0.909090909
West Bengal,JALPAIGURI,2002,Kharif,Dry ginger,985,1773,1.8
West Bengal,JALPAIGURI,2002,Kharif,Jute,42750,483759,11.316
West Bengal,JALPAIGURI,2002,Kharif,Khesari,584,507,0.868150685
West Bengal,JALPAIGURI,2002,Kharif,Maize,1925,3112,1.616623377
West Bengal,JALPAIGURI,2002,Kharif,Mesta,378,3281,8.67989418
West Bengal,JALPAIGURI,2002,Kharif,Moong(Green Gram),10,4,0.4
West Bengal,JALPAIGURI,2002,Kharif,Niger seed,1805,1040,0.576177285
West Bengal,JALPAIGURI,2002,Kharif,Ragi,590,566,0.959322034
West Bengal,JALPAIGURI,2002,Kharif,Small millets,285,264,0.926315789
West Bengal,JALPAIGURI,2002,Kharif,Urad,1620,750,0.462962963
West Bengal,JALPAIGURI,2002,Rabi,Dry chillies,3775,3322,0.88
West Bengal,JALPAIGURI,2002,Rabi,Groundnut,105,151,1.438095238
West Bengal,JALPAIGURI,2002,Rabi,Horse-gram,64,31,0.484375
West Bengal,JALPAIGURI,2002,Rabi,Khesari,584,507,0.868150685
West Bengal,JALPAIGURI,2002,Rabi,Linseed,1035,418,0.403864734
West Bengal,JALPAIGURI,2002,Rabi,Masoor,1505,801,0.532225914
West Bengal,JALPAIGURI,2002,Rabi,Moong(Green Gram),10,6,0.6
West Bengal,JALPAIGURI,2002,Rabi,Peas & beans (Pulses),86,68,0.790697674
West Bengal,JALPAIGURI,2002,Rabi,Rapeseed &Mustard,6110,3090,0.505728314
West Bengal,JALPAIGURI,2002,Rabi,Small millets,315,164,0.520634921
West Bengal,JALPAIGURI,2002,Rabi,Urad,930,60,0.064516129
West Bengal,JALPAIGURI,2002,Rabi,Wheat,19612,38961,1.986589843
West Bengal,JALPAIGURI,2002,Summer,Groundnut,163,222,1.36196319
West Bengal,JALPAIGURI,2002,Summer,Moong(Green Gram),138,54,0.391304348
West Bengal,JALPAIGURI,2002,Summer,Rice,20946,38388,1.83271269
West Bengal,JALPAIGURI,2002,Summer,Sesamum,1185,935,0.789029536
West Bengal,JALPAIGURI,2002,Whole Year,Arecanut,2800,3080,1.1
West Bengal,JALPAIGURI,2002,Whole Year,Coconut,790,10483.3,13.27
West Bengal,JALPAIGURI,2002,Whole Year,Sugarcane,33,2170,65.75757576
West Bengal,JALPAIGURI,2002,Whole Year,Tobacco,494,405,0.819838057
West Bengal,JALPAIGURI,2002,Whole Year,Turmeric,1525,1865,1.22295082
West Bengal,JALPAIGURI,2002,Winter,Potato,24594,483185,19.64645849
West Bengal,JALPAIGURI,2002,Winter,Rice,188385,298543,1.584749317
West Bengal,JALPAIGURI,2002,Winter,Sesamum,80,48,0.6
West Bengal,JALPAIGURI,2003,Autumn,Rice,44546,68414,1.535805684
West Bengal,JALPAIGURI,2003,Kharif,Arhar/Tur,30,32,1.066666667
West Bengal,JALPAIGURI,2003,Kharif,Dry ginger,1220,2300,1.885245902
West Bengal,JALPAIGURI,2003,Kharif,Jute,39433,394714,10.00973804
West Bengal,JALPAIGURI,2003,Kharif,Maize,10007,18171,1.81582892
West Bengal,JALPAIGURI,2003,Kharif,Mesta,325,3221,9.910769231
West Bengal,JALPAIGURI,2003,Kharif,Moong(Green Gram),44,30,0.681818182
West Bengal,JALPAIGURI,2003,Kharif,Niger seed,1735,1024,0.590201729
West Bengal,JALPAIGURI,2003,Kharif,Ragi,460,420,0.913043478
West Bengal,JALPAIGURI,2003,Kharif,Small millets,107,77,0.719626168
West Bengal,JALPAIGURI,2003,Kharif,Sunflower,98,48,0.489795918
West Bengal,JALPAIGURI,2003,Kharif,Urad,1549,703,0.453841188
West Bengal,JALPAIGURI,2003,Rabi,Barley,8,10,1.25
West Bengal,JALPAIGURI,2003,Rabi,Gram,97,87,0.896907216
West Bengal,JALPAIGURI,2003,Rabi,Groundnut,330,485,1.46969697
West Bengal,JALPAIGURI,2003,Rabi,Horse-gram,82,33,0.402439024
West Bengal,JALPAIGURI,2003,Rabi,Khesari,662,465,0.702416918
West Bengal,JALPAIGURI,2003,Rabi,Linseed,1196,379,0.316889632
West Bengal,JALPAIGURI,2003,Rabi,Masoor,1629,742,0.455494168
West Bengal,JALPAIGURI,2003,Rabi,Moong(Green Gram),60,36,0.6
West Bengal,JALPAIGURI,2003,Rabi,Peas & beans (Pulses),195,223,1.143589744
West Bengal,JALPAIGURI,2003,Rabi,Rapeseed &Mustard,8367,4914,0.587307279
West Bengal,JALPAIGURI,2003,Rabi,Small millets,315,164,0.520634921
West Bengal,JALPAIGURI,2003,Rabi,Urad,728,498,0.684065934
West Bengal,JALPAIGURI,2003,Rabi,Wheat,21049,36439,1.731151124
West Bengal,JALPAIGURI,2003,Summer,Groundnut,315,550,1.746031746
West Bengal,JALPAIGURI,2003,Summer,Moong(Green Gram),205,107,0.52195122
West Bengal,JALPAIGURI,2003,Summer,Rice,15096,28882,1.913222046
West Bengal,JALPAIGURI,2003,Whole Year,Arecanut,2707,3045,1.12486147
West Bengal,JALPAIGURI,2003,Whole Year,Coconut,790,10475.4,13.26
West Bengal,JALPAIGURI,2003,Whole Year,Dry chillies,5317,5319,1.000376152
West Bengal,JALPAIGURI,2003,Whole Year,Potato,20928,459292,21.94629205
West Bengal,JALPAIGURI,2003,Whole Year,Sesamum,1421,934,0.657283603
West Bengal,JALPAIGURI,2003,Whole Year,Sugarcane,115,8532,74.19130435
West Bengal,JALPAIGURI,2003,Whole Year,Tobacco,511,347,0.679060665
West Bengal,JALPAIGURI,2003,Whole Year,Turmeric,1420,2425,1.707746479
West Bengal,JALPAIGURI,2003,Winter,Rice,180586,300284,1.662831006
West Bengal,JALPAIGURI,2004,Autumn,Rice,47254,56433,1.194248106
West Bengal,JALPAIGURI,2004,Kharif,Dry ginger,1323,2712,2.049886621
West Bengal,JALPAIGURI,2004,Kharif,Jute,39860,397161,9.963898645
West Bengal,JALPAIGURI,2004,Kharif,Maize,10929,20609,1.8857169
West Bengal,JALPAIGURI,2004,Kharif,Mesta,320,2640,8.25
West Bengal,JALPAIGURI,2004,Kharif,Moong(Green Gram),50,23,0.46
West Bengal,JALPAIGURI,2004,Kharif,Niger seed,1721,1043,0.606042998
West Bengal,JALPAIGURI,2004,Kharif,Ragi,261,229,0.877394636
West Bengal,JALPAIGURI,2004,Kharif,Small millets,55,37,0.672727273
West Bengal,JALPAIGURI,2004,Kharif,Sunflower,113,103,0.911504425
West Bengal,JALPAIGURI,2004,Kharif,Urad,1389,655,0.471562275
West Bengal,JALPAIGURI,2004,Rabi,Arhar/Tur,16,10,0.625
West Bengal,JALPAIGURI,2004,Rabi,Barley,10,19,1.9
West Bengal,JALPAIGURI,2004,Rabi,Gram,84,108,1.285714286
West Bengal,JALPAIGURI,2004,Rabi,Horse-gram,82,33,0.402439024
West Bengal,JALPAIGURI,2004,Rabi,Khesari,628,412,0.656050955
West Bengal,JALPAIGURI,2004,Rabi,Linseed,878,,
West Bengal,JALPAIGURI,2004,Rabi,Masoor,1602,597,0.372659176
West Bengal,JALPAIGURI,2004,Rabi,Moong(Green Gram),60,36,0.6
West Bengal,JALPAIGURI,2004,Rabi,Peas & beans (Pulses),255,163,0.639215686
West Bengal,JALPAIGURI,2004,Rabi,Rapeseed &Mustard,8789,5147,0.585618387
West Bengal,JALPAIGURI,2004,Rabi,Urad,728,498,0.684065934
West Bengal,JALPAIGURI,2004,Rabi,Wheat,20121,42506,2.112519258
West Bengal,JALPAIGURI,2004,Summer,Moong(Green Gram),170,68,0.4
West Bengal,JALPAIGURI,2004,Summer,Rice,19828,34114,1.720496268
West Bengal,JALPAIGURI,2004,Whole Year,Coconut,785,10943.7,13.94101911
West Bengal,JALPAIGURI,2004,Whole Year,Dry chillies,5442,5893,1.082873943
West Bengal,JALPAIGURI,2004,Whole Year,Groundnut,893,1460,1.63493841
West Bengal,JALPAIGURI,2004,Whole Year,Potato,24786,577173,23.2862503
West Bengal,JALPAIGURI,2004,Whole Year,Sesamum,1366,886,0.648609078
West Bengal,JALPAIGURI,2004,Whole Year,Sugarcane,106,7201,67.93396226
West Bengal,JALPAIGURI,2004,Whole Year,Tobacco,476,307,0.644957983
West Bengal,JALPAIGURI,2004,Whole Year,Turmeric,1345,2421,1.8
West Bengal,JALPAIGURI,2004,Winter,Rice,182997,275572,1.50588261
West Bengal,JALPAIGURI,2005,Autumn,Rice,46121,67457,1.462609224
West Bengal,JALPAIGURI,2005,Kharif,Dry ginger,1307,2997,2.29303749
West Bengal,JALPAIGURI,2005,Kharif,Jute,40146,505057,12.58050615
West Bengal,JALPAIGURI,2005,Kharif,Maize,12076,22489,1.862288837
West Bengal,JALPAIGURI,2005,Kharif,Mesta,237,2199,9.278481013
West Bengal,JALPAIGURI,2005,Kharif,Moong(Green Gram),50,23,0.46
West Bengal,JALPAIGURI,2005,Kharif,Niger seed,1647,988,0.599878567
West Bengal,JALPAIGURI,2005,Kharif,Ragi,270,240,0.888888889
West Bengal,JALPAIGURI,2005,Kharif,Small millets,45,31,0.688888889
West Bengal,JALPAIGURI,2005,Kharif,Sunflower,113,103,0.911504425
West Bengal,JALPAIGURI,2005,Kharif,Urad,878,299,0.340546697
West Bengal,JALPAIGURI,2005,Rabi,Arhar/Tur,14,12,0.857142857
West Bengal,JALPAIGURI,2005,Rabi,Gram,64,48,0.75
West Bengal,JALPAIGURI,2005,Rabi,Horse-gram,58,30,0.517241379
West Bengal,JALPAIGURI,2005,Rabi,Khesari,493,412,0.835699797
West Bengal,JALPAIGURI,2005,Rabi,Linseed,721,188,0.26074896
West Bengal,JALPAIGURI,2005,Rabi,Masoor,1530,541,0.353594771
West Bengal,JALPAIGURI,2005,Rabi,Moong(Green Gram),53,31,0.58490566
West Bengal,JALPAIGURI,2005,Rabi,Peas & beans (Pulses),213,173,0.812206573
West Bengal,JALPAIGURI,2005,Rabi,Rapeseed &Mustard,8607,4753,0.552224933
West Bengal,JALPAIGURI,2005,Rabi,Urad,650,406,0.624615385
West Bengal,JALPAIGURI,2005,Rabi,Wheat,18461,31817,1.723471101
West Bengal,JALPAIGURI,2005,Summer,Moong(Green Gram),137,76,0.554744526
West Bengal,JALPAIGURI,2005,Summer,Rice,19328,43279,2.239186672
West Bengal,JALPAIGURI,2005,Whole Year,Arecanut,2856,5686,1.990896359
West Bengal,JALPAIGURI,2005,Whole Year,Coconut,785,10943,13.94012739
West Bengal,JALPAIGURI,2005,Whole Year,Dry chillies,5417,5825,1.075318442
West Bengal,JALPAIGURI,2005,Whole Year,Groundnut,927,1468,1.58360302
West Bengal,JALPAIGURI,2005,Whole Year,Potato,25602,348555,13.61436607
West Bengal,JALPAIGURI,2005,Whole Year,Sesamum,1332,1079,0.81006006
West Bengal,JALPAIGURI,2005,Whole Year,Sugarcane,118,13335,113.0084746
West Bengal,JALPAIGURI,2005,Whole Year,Tobacco,481,327,0.67983368
West Bengal,JALPAIGURI,2005,Whole Year,Turmeric,1345,2421,1.8
West Bengal,JALPAIGURI,2005,Winter,Rice,183079,283881,1.550592913
West Bengal,JALPAIGURI,2006,Autumn,Rice,41163,53973,1.311201807
West Bengal,JALPAIGURI,2006,Kharif,Dry ginger,1307,2997,2.29303749
West Bengal,JALPAIGURI,2006,Kharif,Jute,42359,446734,10.54637739
West Bengal,JALPAIGURI,2006,Kharif,Maize,11680,23146,1.981678082
West Bengal,JALPAIGURI,2006,Kharif,Mesta,245,2519,10.28163265
West Bengal,JALPAIGURI,2006,Kharif,Moong(Green Gram),50,23,0.46
West Bengal,JALPAIGURI,2006,Kharif,Niger seed,1688,996,0.590047393
West Bengal,JALPAIGURI,2006,Kharif,Ragi,270,240,0.888888889
West Bengal,JALPAIGURI,2006,Kharif,Small millets,45,31,0.688888889
West Bengal,JALPAIGURI,2006,Kharif,Sunflower,113,103,0.911504425
West Bengal,JALPAIGURI,2006,Kharif,Urad,1136,454,0.399647887
West Bengal,JALPAIGURI,2006,Rabi,Arhar/Tur,15,3,0.2
West Bengal,JALPAIGURI,2006,Rabi,Barley,4,5,1.25
West Bengal,JALPAIGURI,2006,Rabi,Gram,56,49,0.875
West Bengal,JALPAIGURI,2006,Rabi,Horse-gram,54,31,0.574074074
West Bengal,JALPAIGURI,2006,Rabi,Khesari,452,332,0.734513274
West Bengal,JALPAIGURI,2006,Rabi,Linseed,734,160,0.217983651
West Bengal,JALPAIGURI,2006,Rabi,Masoor,1327,514,0.387339864
West Bengal,JALPAIGURI,2006,Rabi,Moong(Green Gram),51,30,0.588235294
West Bengal,JALPAIGURI,2006,Rabi,Peas & beans (Pulses),192,131,0.682291667
West Bengal,JALPAIGURI,2006,Rabi,Rapeseed &Mustard,8712,3479,0.399334252
West Bengal,JALPAIGURI,2006,Rabi,Safflower,30,9,0.3
West Bengal,JALPAIGURI,2006,Rabi,Urad,650,414,0.636923077
West Bengal,JALPAIGURI,2006,Rabi,Wheat,16112,33116,2.055362463
West Bengal,JALPAIGURI,2006,Summer,Moong(Green Gram),187,126,0.673796791
West Bengal,JALPAIGURI,2006,Summer,Rice,18314,42983,2.347002293
West Bengal,JALPAIGURI,2006,Whole Year,Arecanut,2775,6299,2.26990991
West Bengal,JALPAIGURI,2006,Whole Year,Coconut,792,11167200,14100
West Bengal,JALPAIGURI,2006,Whole Year,Dry chillies,5417,5825,1.075318442
West Bengal,JALPAIGURI,2006,Whole Year,Groundnut,1048,1780,1.698473282
West Bengal,JALPAIGURI,2006,Whole Year,Potato,33699,574188,17.03872518
West Bengal,JALPAIGURI,2006,Whole Year,Sesamum,1423,1246,0.875614898
West Bengal,JALPAIGURI,2006,Whole Year,Sugarcane,43,4407,102.4883721
West Bengal,JALPAIGURI,2006,Whole Year,Tobacco,406,229,0.564039409
West Bengal,JALPAIGURI,2006,Whole Year,Turmeric,1345,2421,1.8
West Bengal,JALPAIGURI,2006,Winter,Rice,170203,322001,1.891864421
West Bengal,JALPAIGURI,2007,Autumn,Rice,40957,56630,1.382669629
West Bengal,JALPAIGURI,2007,Autumn,Sesamum,76,46,0.605263158
West Bengal,JALPAIGURI,2007,Kharif,Dry ginger,1356,3174,2.340707965
West Bengal,JALPAIGURI,2007,Kharif,Garlic,64,669,10.453125
West Bengal,JALPAIGURI,2007,Kharif,Jute,41166,518822,12.60316766
West Bengal,JALPAIGURI,2007,Kharif,Maize,3835,7721,2.013298566
West Bengal,JALPAIGURI,2007,Kharif,Mesta,241,2019,8.377593361
West Bengal,JALPAIGURI,2007,Kharif,Moong(Green Gram),68,44,0.647058824
West Bengal,JALPAIGURI,2007,Kharif,Niger seed,1573,963,0.612205976
West Bengal,JALPAIGURI,2007,Kharif,Ragi,270,240,0.888888889
West Bengal,JALPAIGURI,2007,Kharif,Small millets,45,31,0.688888889
West Bengal,JALPAIGURI,2007,Kharif,Sunflower,94,108,1.14893617
West Bengal,JALPAIGURI,2007,Kharif,Urad,1044,326,0.312260536
West Bengal,JALPAIGURI,2007,Rabi,Arhar/Tur,17,15,0.882352941
West Bengal,JALPAIGURI,2007,Rabi,Barley,4,6,1.5
West Bengal,JALPAIGURI,2007,Rabi,Gram,61,58,0.950819672
West Bengal,JALPAIGURI,2007,Rabi,Groundnut,2079,3254,1.565175565
West Bengal,JALPAIGURI,2007,Rabi,Horse-gram,54,31,0.574074074
West Bengal,JALPAIGURI,2007,Rabi,Khesari,486,370,0.761316872
West Bengal,JALPAIGURI,2007,Rabi,Linseed,808,191,0.236386139
West Bengal,JALPAIGURI,2007,Rabi,Maize,45,152,3.377777778
West Bengal,JALPAIGURI,2007,Rabi,Masoor,1383,622,0.449746927
West Bengal,JALPAIGURI,2007,Rabi,Moong(Green Gram),51,30,0.588235294
West Bengal,JALPAIGURI,2007,Rabi,Peas & beans (Pulses),166,128,0.771084337
West Bengal,JALPAIGURI,2007,Rabi,Rapeseed &Mustard,9088,6039,0.664502641
West Bengal,JALPAIGURI,2007,Rabi,Safflower,80,67,0.8375
West Bengal,JALPAIGURI,2007,Rabi,Urad,650,414,0.636923077
West Bengal,JALPAIGURI,2007,Rabi,Wheat,16811,39160,2.329427161
West Bengal,JALPAIGURI,2007,Summer,Groundnut,827,1386,1.675937122
West Bengal,JALPAIGURI,2007,Summer,Maize,7855,17493,2.226989179
West Bengal,JALPAIGURI,2007,Summer,Moong(Green Gram),167,124,0.74251497
West Bengal,JALPAIGURI,2007,Summer,Rice,17969,41142,2.289609884
West Bengal,JALPAIGURI,2007,Summer,Sesamum,1198,1061,0.885642738
West Bengal,JALPAIGURI,2007,Whole Year,Arecanut,2810,6399,2.277224199
West Bengal,JALPAIGURI,2007,Whole Year,Coconut,798,11538800,14459.64912
West Bengal,JALPAIGURI,2007,Whole Year,Dry chillies,5440,3999,0.735110294
West Bengal,JALPAIGURI,2007,Whole Year,Potato,32507,905789,27.8644292
West Bengal,JALPAIGURI,2007,Whole Year,Sugarcane,87,10558,121.3563218
West Bengal,JALPAIGURI,2007,Whole Year,Tobacco,406,229,0.564039409
West Bengal,JALPAIGURI,2007,Whole Year,Turmeric,1395,2971,2.129749104
West Bengal,JALPAIGURI,2007,Winter,Rice,177129,274661,1.550626944
West Bengal,JALPAIGURI,2007,Winter,Sesamum,110,66,0.6
West Bengal,JALPAIGURI,2008,Autumn,Maize,3843,12966,3.37392662
West Bengal,JALPAIGURI,2008,Autumn,Ragi,270,240,0.888888889
West Bengal,JALPAIGURI,2008,Autumn,Rice,37341,54816,1.467984253
West Bengal,JALPAIGURI,2008,Autumn,Sesamum,76,46,0.605263158
West Bengal,JALPAIGURI,2008,Kharif,Dry ginger,1459,3374,2.312542838
West Bengal,JALPAIGURI,2008,Kharif,Jute,39871,521253,13.073487
West Bengal,JALPAIGURI,2008,Kharif,Mesta,214,2329,10.88317757
West Bengal,JALPAIGURI,2008,Kharif,Moong(Green Gram),68,44,0.647058824
West Bengal,JALPAIGURI,2008,Kharif,Niger seed,1636,982,0.600244499
West Bengal,JALPAIGURI,2008,Kharif,Small millets,45,31,0.688888889
West Bengal,JALPAIGURI,2008,Kharif,Sunflower,107,105,0.981308411
West Bengal,JALPAIGURI,2008,Kharif,Urad,1040,499,0.479807692
West Bengal,JALPAIGURI,2008,Rabi,Arhar/Tur,18,14,0.777777778
West Bengal,JALPAIGURI,2008,Rabi,Gram,65,56,0.861538462
West Bengal,JALPAIGURI,2008,Rabi,Groundnut,1069,1688,1.579045837
West Bengal,JALPAIGURI,2008,Rabi,Horse-gram,55,31,0.563636364
West Bengal,JALPAIGURI,2008,Rabi,Khesari,470,330,0.70212766
West Bengal,JALPAIGURI,2008,Rabi,Linseed,824,211,0.256067961
West Bengal,JALPAIGURI,2008,Rabi,Maize,45,152,3.377777778
West Bengal,JALPAIGURI,2008,Rabi,Masoor,1320,520,0.393939394
West Bengal,JALPAIGURI,2008,Rabi,Moong(Green Gram),52,30,0.576923077
West Bengal,JALPAIGURI,2008,Rabi,Peas & beans (Pulses),284,167,0.588028169
West Bengal,JALPAIGURI,2008,Rabi,Rapeseed &Mustard,9880,5074,0.513562753
West Bengal,JALPAIGURI,2008,Rabi,Safflower,55,38,0.690909091
West Bengal,JALPAIGURI,2008,Rabi,Urad,650,411,0.632307692
West Bengal,JALPAIGURI,2008,Rabi,Wheat,15887,33136,2.085730471
West Bengal,JALPAIGURI,2008,Summer,Groundnut,558,941,1.686379928
West Bengal,JALPAIGURI,2008,Summer,Maize,7908,15966,2.018968134
West Bengal,JALPAIGURI,2008,Summer,Moong(Green Gram),174,111,0.637931034
West Bengal,JALPAIGURI,2008,Summer,Rice,18730,34746,1.855098772
West Bengal,JALPAIGURI,2008,Summer,Sesamum,1175,800,0.680851064
West Bengal,JALPAIGURI,2008,Whole Year,Arecanut,2825,6289,2.22619469
West Bengal,JALPAIGURI,2008,Whole Year,Coconut,798,11538,14.45864662
West Bengal,JALPAIGURI,2008,Whole Year,Dry chillies,5444,5455,1.002020573
West Bengal,JALPAIGURI,2008,Whole Year,Potato,30087,506684,16.84062884
West Bengal,JALPAIGURI,2008,Whole Year,Sugarcane,105,11139,106.0857143
West Bengal,JALPAIGURI,2008,Whole Year,Tobacco,417,242,0.580335731
West Bengal,JALPAIGURI,2008,Whole Year,Turmeric,1456,3101,2.129807692
West Bengal,JALPAIGURI,2008,Winter,Rice,179331,301641,1.682034896
West Bengal,JALPAIGURI,2008,Winter,Sesamum,110,66,0.6
West Bengal,JALPAIGURI,2009,Autumn,Maize,3857,7323,1.898625875
West Bengal,JALPAIGURI,2009,Autumn,Ragi,270,240,0.888888889
West Bengal,JALPAIGURI,2009,Autumn,Rice,34634,51289,1.480885835
West Bengal,JALPAIGURI,2009,Autumn,Sesamum,76,46,0.605263158
West Bengal,JALPAIGURI,2009,Kharif,Jute,39296,515442,13.11690757
West Bengal,JALPAIGURI,2009,Kharif,Mesta,229,2497,10.90393013
West Bengal,JALPAIGURI,2009,Kharif,Moong(Green Gram),62,37,0.596774194
West Bengal,JALPAIGURI,2009,Kharif,Niger seed,1484,904,0.60916442
West Bengal,JALPAIGURI,2009,Kharif,Small millets,45,31,0.688888889
West Bengal,JALPAIGURI,2009,Kharif,Sunflower,7,10,1.428571429
West Bengal,JALPAIGURI,2009,Kharif,Urad,1040,498,0.478846154
West Bengal,JALPAIGURI,2009,Rabi,Arhar/Tur,12,13,1.083333333
West Bengal,JALPAIGURI,2009,Rabi,Barley,13,15,1.153846154
West Bengal,JALPAIGURI,2009,Rabi,Gram,51,74,1.450980392
West Bengal,JALPAIGURI,2009,Rabi,Groundnut,205,203,0.990243902
West Bengal,JALPAIGURI,2009,Rabi,Horse-gram,43,24,0.558139535
West Bengal,JALPAIGURI,2009,Rabi,Khesari,482,198,0.410788382
West Bengal,JALPAIGURI,2009,Rabi,Linseed,847,235,0.277449823
West Bengal,JALPAIGURI,2009,Rabi,Maize,45,152,3.377777778
West Bengal,JALPAIGURI,2009,Rabi,Masoor,1307,469,0.358837031
West Bengal,JALPAIGURI,2009,Rabi,Moong(Green Gram),238,126,0.529411765
West Bengal,JALPAIGURI,2009,Rabi,Peas & beans (Pulses),308,215,0.698051948
West Bengal,JALPAIGURI,2009,Rabi,Potato,32326,904993,27.9958238
West Bengal,JALPAIGURI,2009,Rabi,Rapeseed &Mustard,10675,6368,0.596533958
West Bengal,JALPAIGURI,2009,Rabi,Urad,724,471,0.650552486
West Bengal,JALPAIGURI,2009,Rabi,Wheat,15992,36282,2.26875938
West Bengal,JALPAIGURI,2009,Summer,Groundnut,603,1015,1.683250415
West Bengal,JALPAIGURI,2009,Summer,Maize,7899,16225,2.054057476
West Bengal,JALPAIGURI,2009,Summer,Moong(Green Gram),184,156,0.847826087
West Bengal,JALPAIGURI,2009,Summer,Rice,18154,44840,2.469979068
West Bengal,JALPAIGURI,2009,Summer,Sesamum,1213,834,0.687551525
West Bengal,JALPAIGURI,2009,Whole Year,Sugarcane,110,10857,98.7
West Bengal,JALPAIGURI,2009,Whole Year,Tobacco,739,1117,1.51150203
West Bengal,JALPAIGURI,2009,Winter,Rice,174718,339125,1.940984901
West Bengal,JALPAIGURI,2009,Winter,Sesamum,110,66,0.6
West Bengal,JALPAIGURI,2010,Autumn,Groundnut,10,14,1.4
West Bengal,JALPAIGURI,2010,Autumn,Maize,3889,12915,3.320905117
West Bengal,JALPAIGURI,2010,Autumn,Ragi,141,119,0.843971631
West Bengal,JALPAIGURI,2010,Autumn,Rice,30782,57398,1.864661166
West Bengal,JALPAIGURI,2010,Autumn,Sesamum,160,113,0.70625
West Bengal,JALPAIGURI,2010,Kharif,Horse-gram,51,29,0.568627451
West Bengal,JALPAIGURI,2010,Kharif,Jute,40021,482755,12.06254217
West Bengal,JALPAIGURI,2010,Kharif,Mesta,240,2892,12.05
West Bengal,JALPAIGURI,2010,Kharif,Moong(Green Gram),66,42,0.636363636
West Bengal,JALPAIGURI,2010,Kharif,Niger seed,1355,841,0.620664207
West Bengal,JALPAIGURI,2010,Kharif,Sunflower,75,111,1.48
West Bengal,JALPAIGURI,2010,Kharif,Urad,1066,606,0.5684803
West Bengal,JALPAIGURI,2010,Rabi,Arhar/Tur,10,11,1.1
West Bengal,JALPAIGURI,2010,Rabi,Barley,15,20,1.333333333
West Bengal,JALPAIGURI,2010,Rabi,Gram,40,35,0.875
West Bengal,JALPAIGURI,2010,Rabi,Groundnut,1572,2690,1.711195929
West Bengal,JALPAIGURI,2010,Rabi,Khesari,407,380,0.933660934
West Bengal,JALPAIGURI,2010,Rabi,Linseed,963,293,0.304257529
West Bengal,JALPAIGURI,2010,Rabi,Maize,350,1229,3.511428571
West Bengal,JALPAIGURI,2010,Rabi,Masoor,1393,548,0.393395549
West Bengal,JALPAIGURI,2010,Rabi,Moong(Green Gram),114,62,0.543859649
West Bengal,JALPAIGURI,2010,Rabi,Peas & beans (Pulses),295,358,1.213559322
West Bengal,JALPAIGURI,2010,Rabi,Potato,31698,733521,23.14092372
West Bengal,JALPAIGURI,2010,Rabi,Rapeseed &Mustard,10324,6460,0.625726463
West Bengal,JALPAIGURI,2010,Rabi,Safflower,60,77,1.283333333
West Bengal,JALPAIGURI,2010,Rabi,Small millets,30,15,0.5
West Bengal,JALPAIGURI,2010,Rabi,Urad,675,432,0.64
West Bengal,JALPAIGURI,2010,Rabi,Wheat,18045,41523,2.301080632
West Bengal,JALPAIGURI,2010,Summer,Groundnut,3862,7531,1.950025893
West Bengal,JALPAIGURI,2010,Summer,Maize,8612,27007,3.135973061
West Bengal,JALPAIGURI,2010,Summer,Moong(Green Gram),220,169,0.768181818
West Bengal,JALPAIGURI,2010,Summer,Rice,17314,37193,2.148146009
West Bengal,JALPAIGURI,2010,Summer,Sesamum,1177,794,0.674596432
West Bengal,JALPAIGURI,2010,Whole Year,Sugarcane,161,15927,98.92546584
West Bengal,JALPAIGURI,2010,Whole Year,Tobacco,600,640,1.066666667
West Bengal,JALPAIGURI,2010,Winter,Rice,176016,399148,2.267680211
West Bengal,JALPAIGURI,2010,Winter,Sesamum,118,75,0.63559322
West Bengal,JALPAIGURI,2011,Autumn,Groundnut,10,14,1.4
West Bengal,JALPAIGURI,2011,Autumn,Maize,3907,8014,2.051190171
West Bengal,JALPAIGURI,2011,Autumn,Ragi,227,200,0.881057269
West Bengal,JALPAIGURI,2011,Autumn,Rice,29852,55243,1.850562776
West Bengal,JALPAIGURI,2011,Autumn,Sesamum,104,68,0.653846154
West Bengal,JALPAIGURI,2011,Kharif,Horse-gram,80,49,0.6125
West Bengal,JALPAIGURI,2011,Kharif,Jute,35685,447188,12.53153986
West Bengal,JALPAIGURI,2011,Kharif,Mesta,279,2902,10.40143369
West Bengal,JALPAIGURI,2011,Kharif,Moong(Green Gram),65,41,0.630769231
West Bengal,JALPAIGURI,2011,Kharif,Niger seed,1284,724,0.563862928
West Bengal,JALPAIGURI,2011,Kharif,Sunflower,42,46,1.095238095
West Bengal,JALPAIGURI,2011,Kharif,Urad,1094,530,0.484460695
West Bengal,JALPAIGURI,2011,Rabi,Arhar/Tur,10,4,0.4
West Bengal,JALPAIGURI,2011,Rabi,Barley,5,7,1.4
West Bengal,JALPAIGURI,2011,Rabi,Gram,94,102,1.085106383
West Bengal,JALPAIGURI,2011,Rabi,Groundnut,521,916,1.75815739
West Bengal,JALPAIGURI,2011,Rabi,Khesari,518,369,0.712355212
West Bengal,JALPAIGURI,2011,Rabi,Linseed,798,245,0.307017544
West Bengal,JALPAIGURI,2011,Rabi,Maize,450,1494,3.32
West Bengal,JALPAIGURI,2011,Rabi,Masoor,1590,598,0.376100629
West Bengal,JALPAIGURI,2011,Rabi,Moong(Green Gram),230,138,0.6
West Bengal,JALPAIGURI,2011,Rabi,Peas & beans (Pulses),160,120,0.75
West Bengal,JALPAIGURI,2011,Rabi,Potato,31883,845880,26.53075307
West Bengal,JALPAIGURI,2011,Rabi,Rapeseed &Mustard,10030,6516,0.649651047
West Bengal,JALPAIGURI,2011,Rabi,Small millets,25,13,0.52
West Bengal,JALPAIGURI,2011,Rabi,Urad,308,211,0.685064935
West Bengal,JALPAIGURI,2011,Rabi,Wheat,17138,42711,2.492181118
West Bengal,JALPAIGURI,2011,Summer,Groundnut,3952,6145,1.554908907
West Bengal,JALPAIGURI,2011,Summer,Maize,9141,24946,2.729023083
West Bengal,JALPAIGURI,2011,Summer,Moong(Green Gram),199,142,0.713567839
West Bengal,JALPAIGURI,2011,Summer,Rice,16929,34497,2.03774588
West Bengal,JALPAIGURI,2011,Summer,Sesamum,1358,757,0.557437408
West Bengal,JALPAIGURI,2011,Whole Year,Sugarcane,184,21417,116.3967391
West Bengal,JALPAIGURI,2011,Whole Year,Tobacco,490,847,1.728571429
West Bengal,JALPAIGURI,2011,Winter,Rice,177843,379914,2.13623252
West Bengal,JALPAIGURI,2011,Winter,Sesamum,113,69,0.610619469
West Bengal,JALPAIGURI,2012,Autumn,Groundnut,10,14,1.4
West Bengal,JALPAIGURI,2012,Autumn,Maize,3590,6360,1.771587744
West Bengal,JALPAIGURI,2012,Autumn,Ragi,217,186,0.857142857
West Bengal,JALPAIGURI,2012,Autumn,Rice,29132,54999,1.887923932
West Bengal,JALPAIGURI,2012,Autumn,Sesamum,113,75,0.663716814
West Bengal,JALPAIGURI,2012,Kharif,Horse-gram,58,34,0.586206897
West Bengal,JALPAIGURI,2012,Kharif,Jute,35076,437309,12.46747064
West Bengal,JALPAIGURI,2012,Kharif,Mesta,266,2728,10.2556391
West Bengal,JALPAIGURI,2012,Kharif,Moong(Green Gram),64,40,0.625
West Bengal,JALPAIGURI,2012,Kharif,Niger seed,1374,823,0.598981077
West Bengal,JALPAIGURI,2012,Kharif,Sunflower,56,90,1.607142857
West Bengal,JALPAIGURI,2012,Kharif,Urad,1346,672,0.499257058
West Bengal,JALPAIGURI,2012,Rabi,Arhar/Tur,51,69,1.352941176
West Bengal,JALPAIGURI,2012,Rabi,Barley,11,14,1.272727273
West Bengal,JALPAIGURI,2012,Rabi,Gram,86,120,1.395348837
West Bengal,JALPAIGURI,2012,Rabi,Groundnut,902,1544,1.711751663
West Bengal,JALPAIGURI,2012,Rabi,Khesari,403,371,0.920595533
West Bengal,JALPAIGURI,2012,Rabi,Linseed,742,212,0.285714286
West Bengal,JALPAIGURI,2012,Rabi,Maize,550,4180,7.6
West Bengal,JALPAIGURI,2012,Rabi,Masoor,1584,809,0.510732323
West Bengal,JALPAIGURI,2012,Rabi,Moong(Green Gram),234,132,0.564102564
West Bengal,JALPAIGURI,2012,Rabi,Peas & beans (Pulses),177,149,0.84180791
West Bengal,JALPAIGURI,2012,Rabi,Potato,33646,1050220,31.21381442
West Bengal,JALPAIGURI,2012,Rabi,Rapeseed &Mustard,9765,6661,0.682130056
West Bengal,JALPAIGURI,2012,Rabi,Safflower,60,77,1.283333333
West Bengal,JALPAIGURI,2012,Rabi,Small millets,25,13,0.52
West Bengal,JALPAIGURI,2012,Rabi,Urad,569,371,0.65202109
West Bengal,JALPAIGURI,2012,Rabi,Wheat,17414,38889,2.23320317
West Bengal,JALPAIGURI,2012,Summer,Groundnut,3371,7048,2.090774251
West Bengal,JALPAIGURI,2012,Summer,Maize,8551,22729,2.65805169
West Bengal,JALPAIGURI,2012,Summer,Moong(Green Gram),187,147,0.786096257
West Bengal,JALPAIGURI,2012,Summer,Rice,19013,54174,2.849313628
West Bengal,JALPAIGURI,2012,Summer,Sesamum,1120,908,0.810714286
West Bengal,JALPAIGURI,2012,Whole Year,Sugarcane,121,12653,104.5702479
West Bengal,JALPAIGURI,2012,Whole Year,Tobacco,650,923,1.42
West Bengal,JALPAIGURI,2012,Winter,Rice,179979,383707,2.131954284
West Bengal,JALPAIGURI,2012,Winter,Sesamum,114,70,0.614035088
West Bengal,JALPAIGURI,2013,Autumn,Groundnut,110,157,1.427272727
West Bengal,JALPAIGURI,2013,Autumn,Maize,3535,15989,4.523055163
West Bengal,JALPAIGURI,2013,Autumn,Rice,29424,57673,1.960066612
West Bengal,JALPAIGURI,2013,Autumn,Sesamum,165,115,0.696969697
West Bengal,JALPAIGURI,2013,Kharif,Horse-gram,63,37,0.587301587
West Bengal,JALPAIGURI,2013,Kharif,Jute,35232,423601,12.02318915
West Bengal,JALPAIGURI,2013,Kharif,Mesta,162,1616,9.975308642
West Bengal,JALPAIGURI,2013,Kharif,Moong(Green Gram),75,48,0.64
West Bengal,JALPAIGURI,2013,Kharif,Niger seed,978,556,0.568507157
West Bengal,JALPAIGURI,2013,Kharif,Sunflower,131,169,1.290076336
West Bengal,JALPAIGURI,2013,Kharif,Urad,1232,679,0.551136364
West Bengal,JALPAIGURI,2013,Rabi,Barley,8,11,1.375
West Bengal,JALPAIGURI,2013,Rabi,Gram,17,19,1.117647059
West Bengal,JALPAIGURI,2013,Rabi,Groundnut,998,1703,1.706412826
West Bengal,JALPAIGURI,2013,Rabi,Khesari,442,379,0.857466063
West Bengal,JALPAIGURI,2013,Rabi,Linseed,744,209,0.280913978
West Bengal,JALPAIGURI,2013,Rabi,Maize,450,2301,5.113333333
West Bengal,JALPAIGURI,2013,Rabi,Masoor,1785,1014,0.568067227
West Bengal,JALPAIGURI,2013,Rabi,Moong(Green Gram),195,112,0.574358974
West Bengal,JALPAIGURI,2013,Rabi,Peas & beans (Pulses),166,190,1.144578313
West Bengal,JALPAIGURI,2013,Rabi,Potato,40076,990276,24.70995109
West Bengal,JALPAIGURI,2013,Rabi,Ragi,228,197,0.864035088
West Bengal,JALPAIGURI,2013,Rabi,Rapeseed &Mustard,9172,6091,0.66408635
West Bengal,JALPAIGURI,2013,Rabi,Safflower,60,77,1.283333333
West Bengal,JALPAIGURI,2013,Rabi,Small millets,27,14,0.518518519
West Bengal,JALPAIGURI,2013,Rabi,Urad,480,324,0.675
West Bengal,JALPAIGURI,2013,Rabi,Wheat,17241,39902,2.314366916
West Bengal,JALPAIGURI,2013,Summer,Groundnut,3212,7063,2.198941469
West Bengal,JALPAIGURI,2013,Summer,Maize,8763,24878,2.838982084
West Bengal,JALPAIGURI,2013,Summer,Moong(Green Gram),293,319,1.088737201
West Bengal,JALPAIGURI,2013,Summer,Rice,20126,44767,2.224336679
West Bengal,JALPAIGURI,2013,Summer,Sesamum,1017,681,0.669616519
West Bengal,JALPAIGURI,2013,Whole Year,Sugarcane,170,17402,102.3647059
West Bengal,JALPAIGURI,2013,Whole Year,Tobacco,620,858,1.383870968
West Bengal,JALPAIGURI,2013,Winter,Rice,180097,420708,2.336007818
West Bengal,JALPAIGURI,2013,Winter,Sesamum,113,71,0.628318584
West Bengal,JALPAIGURI,2014,Autumn,Groundnut,110,157,1.427272727
West Bengal,JALPAIGURI,2014,Autumn,Maize,4363,9345,2.141874857
West Bengal,JALPAIGURI,2014,Autumn,Ragi,224,194,0.866071429
West Bengal,JALPAIGURI,2014,Autumn,Rice,31345,68726,2.192566598
West Bengal,JALPAIGURI,2014,Autumn,Sesamum,127,101,0.795275591
West Bengal,JALPAIGURI,2014,Kharif,Jute,35322,474594,13.43621539
West Bengal,JALPAIGURI,2014,Kharif,Mesta,149,2001,13.4295302
West Bengal,JALPAIGURI,2014,Kharif,Moong(Green Gram),73,50,0.684931507
West Bengal,JALPAIGURI,2014,Kharif,Niger seed,1212,701,0.578382838
West Bengal,JALPAIGURI,2014,Kharif,Sunflower,76,96,1.263157895
West Bengal,JALPAIGURI,2014,Kharif,Urad,1184,728,0.614864865
West Bengal,JALPAIGURI,2014,Rabi,Barley,10,14,1.4
West Bengal,JALPAIGURI,2014,Rabi,Gram,107,102,0.953271028
West Bengal,JALPAIGURI,2014,Rabi,Groundnut,1100,1762,1.601818182
West Bengal,JALPAIGURI,2014,Rabi,Horse-gram,58,74,1.275862069
West Bengal,JALPAIGURI,2014,Rabi,Khesari,612,537,0.87745098
West Bengal,JALPAIGURI,2014,Rabi,Linseed,707,207,0.292786421
West Bengal,JALPAIGURI,2014,Rabi,Maize,615,2731,4.440650407
West Bengal,JALPAIGURI,2014,Rabi,Masoor,1798,1155,0.642380423
West Bengal,JALPAIGURI,2014,Rabi,Moong(Green Gram),132,154,1.166666667
West Bengal,JALPAIGURI,2014,Rabi,Peas & beans (Pulses),231,279,1.207792208
West Bengal,JALPAIGURI,2014,Rabi,Potato,38063,1199861,31.52302761
West Bengal,JALPAIGURI,2014,Rabi,Rapeseed &Mustard,7754,4640,0.598400825
West Bengal,JALPAIGURI,2014,Rabi,Safflower,63,87,1.380952381
West Bengal,JALPAIGURI,2014,Rabi,Small millets,26,13,0.5
West Bengal,JALPAIGURI,2014,Rabi,Urad,278,377,1.356115108
West Bengal,JALPAIGURI,2014,Rabi,Wheat,16823,37758,2.244427272
West Bengal,JALPAIGURI,2014,Summer,Groundnut,3338,7627,2.284901138
West Bengal,JALPAIGURI,2014,Summer,Maize,9252,25924,2.801988759
West Bengal,JALPAIGURI,2014,Summer,Moong(Green Gram),229,322,1.406113537
West Bengal,JALPAIGURI,2014,Summer,Rice,22779,59187,2.598314237
West Bengal,JALPAIGURI,2014,Summer,Sesamum,1273,864,0.678711705
West Bengal,JALPAIGURI,2014,Whole Year,Sugarcane,250,26754,107.016
West Bengal,JALPAIGURI,2014,Whole Year,Tobacco,627,931,1.484848485
West Bengal,JALPAIGURI,2014,Winter,Rice,176420,433939,2.459692779
West Bengal,JALPAIGURI,2014,Winter,Sesamum,123,83,0.674796748
West Bengal,MALDAH,1997,Autumn,Rice,17986,22930,1.274880463
West Bengal,MALDAH,1997,Kharif,Horse-gram,955,415,0.434554974
West Bengal,MALDAH,1997,Kharif,Jute,25646,271940,10.6036029
West Bengal,MALDAH,1997,Kharif,Mesta,1084,9920,9.151291513
West Bengal,MALDAH,1997,Kharif,Urad,17752,14040,0.7908968
West Bengal,MALDAH,1997,Rabi,Gram,2488,1710,0.687299035
West Bengal,MALDAH,1997,Rabi,Khesari,1931,1610,0.833764889
West Bengal,MALDAH,1997,Rabi,Masoor,4626,2320,0.501513186
West Bengal,MALDAH,1997,Rabi,Moong(Green Gram),315,120,0.380952381
West Bengal,MALDAH,1997,Rabi,Oilseeds total,2203300,1770000,0.803340444
West Bengal,MALDAH,1997,Rabi,Wheat,47947,123880,2.583686153
West Bengal,MALDAH,1997,Summer,Moong(Green Gram),16,4,0.25
West Bengal,MALDAH,1997,Summer,Rice,66028,207390,3.140940207
West Bengal,MALDAH,1997,Whole Year,Arecanut,22,26,1.181818182
West Bengal,MALDAH,1997,Whole Year,Arhar/Tur,224,220,0.982142857
West Bengal,MALDAH,1997,Whole Year,Barley,3071,1950,0.634972322
West Bengal,MALDAH,1997,Whole Year,Coconut,215,1204,5.6
West Bengal,MALDAH,1997,Whole Year,Dry chillies,2170,1776,0.81843318
West Bengal,MALDAH,1997,Whole Year,Linseed,289,80,0.276816609
West Bengal,MALDAH,1997,Whole Year,Maize,7737,28950,3.741760372
West Bengal,MALDAH,1997,Whole Year,Niger seed,140,43,0.307142857
West Bengal,MALDAH,1997,Whole Year,Potato,2254,41768,18.53061224
West Bengal,MALDAH,1997,Whole Year,Pulses total,2877900,2080900,0.723061955
West Bengal,MALDAH,1997,Whole Year,Rapeseed &Mustard,21092,17360,0.823060876
West Bengal,MALDAH,1997,Whole Year,Sesamum,512,217,0.423828125
West Bengal,MALDAH,1997,Whole Year,Small millets,1915,693,0.361879896
West Bengal,MALDAH,1997,Whole Year,Sugarcane,6229,465940,74.80173383
West Bengal,MALDAH,1997,Whole Year,Turmeric,1215,1276,1.050205761
West Bengal,MALDAH,1997,Winter,Rice,147759,329220,2.228087629
West Bengal,MALDAH,1998,Autumn,Rice,17619,17100,0.970543164
West Bengal,MALDAH,1998,Kharif,Arhar/Tur,219,180,0.821917808
West Bengal,MALDAH,1998,Kharif,Dry ginger,285,296,1.038596491
West Bengal,MALDAH,1998,Kharif,Jute,25328,188480,7.441566646
West Bengal,MALDAH,1998,Kharif,Maize,7573,27320,3.607553149
West Bengal,MALDAH,1998,Kharif,Mesta,1075,8150,7.581395349
West Bengal,MALDAH,1998,Kharif,Small millets,1605,682,0.424922118
West Bengal,MALDAH,1998,Kharif,Urad,11974,4150,0.346584266
West Bengal,MALDAH,1998,Rabi,Barley,3004,2400,0.798934754
West Bengal,MALDAH,1998,Rabi,Gram,2707,1830,0.67602512
West Bengal,MALDAH,1998,Rabi,Horse-gram,300,131,0.436666667
West Bengal,MALDAH,1998,Rabi,Khesari,1751,770,0.439748715
West Bengal,MALDAH,1998,Rabi,Linseed,268,70,0.26119403
West Bengal,MALDAH,1998,Rabi,Masoor,4475,1680,0.375418994
West Bengal,MALDAH,1998,Rabi,Moong(Green Gram),330,125,0.378787879
West Bengal,MALDAH,1998,Rabi,Peas & beans (Pulses),485,340,0.701030928
West Bengal,MALDAH,1998,Rabi,Rapeseed &Mustard,21950,14080,0.641457859
West Bengal,MALDAH,1998,Rabi,Wheat,46334,109960,2.373203263
West Bengal,MALDAH,1998,Summer,Moong(Green Gram),60,20,0.333333333
West Bengal,MALDAH,1998,Summer,Rice,71455,253571,3.548680988
West Bengal,MALDAH,1998,Whole Year,Arecanut,22,26,1.181818182
West Bengal,MALDAH,1998,Whole Year,Coconut,216,1188,5.5
West Bengal,MALDAH,1998,Whole Year,Dry chillies,2307,1773,0.768530559
West Bengal,MALDAH,1998,Whole Year,Potato,2487,41946,16.86610374
West Bengal,MALDAH,1998,Whole Year,Sesamum,401,167,0.416458853
West Bengal,MALDAH,1998,Whole Year,Sugarcane,7026,540840,76.97694278
West Bengal,MALDAH,1998,Whole Year,Turmeric,1440,1296,0.9
West Bengal,MALDAH,1998,Winter,Rice,138394,217790,1.573695391
West Bengal,MALDAH,1999,Autumn,Dry chillies,825,433,0.524848485
West Bengal,MALDAH,1999,Autumn,Rice,12401,20920,1.686960729
West Bengal,MALDAH,1999,Kharif,Arhar/Tur,233,184,0.789699571
West Bengal,MALDAH,1999,Kharif,Dry ginger,370,414,1.118918919
West Bengal,MALDAH,1999,Kharif,Jute,23894,239520,10.02427388
West Bengal,MALDAH,1999,Kharif,Maize,3429,7120,2.076407116
West Bengal,MALDAH,1999,Kharif,Mesta,621,5530,8.904991948
West Bengal,MALDAH,1999,Kharif,Niger seed,150,45,0.3
West Bengal,MALDAH,1999,Kharif,Small millets,1190,476,0.4
West Bengal,MALDAH,1999,Kharif,Urad,15395,6093,0.39577785
West Bengal,MALDAH,1999,Rabi,Barley,2339,2336,0.998717401
West Bengal,MALDAH,1999,Rabi,Dry chillies,1480,1468,0.991891892
West Bengal,MALDAH,1999,Rabi,Gram,3466,2062,0.5949221
West Bengal,MALDAH,1999,Rabi,Horse-gram,330,145,0.439393939
West Bengal,MALDAH,1999,Rabi,Khesari,1253,1225,0.977653631
West Bengal,MALDAH,1999,Rabi,Linseed,232,83,0.357758621
West Bengal,MALDAH,1999,Rabi,Masoor,3736,1270,0.33993576
West Bengal,MALDAH,1999,Rabi,Moong(Green Gram),275,105,0.381818182
West Bengal,MALDAH,1999,Rabi,Peas & beans (Pulses),259,242,0.934362934
West Bengal,MALDAH,1999,Rabi,Rapeseed &Mustard,21394,19723,0.921893989
West Bengal,MALDAH,1999,Rabi,Wheat,47850,116605,2.436886102
West Bengal,MALDAH,1999,Summer,Moong(Green Gram),51,10,0.196078431
West Bengal,MALDAH,1999,Summer,Rice,71507,225130,3.148363097
West Bengal,MALDAH,1999,Summer,Sesamum,85,40,0.470588235
West Bengal,MALDAH,1999,Whole Year,Arecanut,25,30,1.2
West Bengal,MALDAH,1999,Whole Year,Coconut,220,1232,5.6
West Bengal,MALDAH,1999,Whole Year,Sugarcane,6115,474091,77.52919052
West Bengal,MALDAH,1999,Whole Year,Tobacco,938,628,0.669509595
West Bengal,MALDAH,1999,Whole Year,Turmeric,1490,1267,0.85033557
West Bengal,MALDAH,1999,Winter,Potato,2495,45009,18.03967936
West Bengal,MALDAH,1999,Winter,Rice,146750,273290,1.862282794
West Bengal,MALDAH,1999,Winter,Sesamum,365,122,0.334246575
West Bengal,MALDAH,2000,Autumn,Rice,13370,21700,1.623036649
West Bengal,MALDAH,2000,Kharif,Arhar/Tur,128,80,0.625
West Bengal,MALDAH,2000,Kharif,Dry ginger,405,470,1.160493827
West Bengal,MALDAH,2000,Kharif,Jute,23987,248150,10.34518698
West Bengal,MALDAH,2000,Kharif,Maize,3371,10440,3.097003856
West Bengal,MALDAH,2000,Kharif,Mesta,539,4280,7.940630798
West Bengal,MALDAH,2000,Kharif,Niger seed,195,55,0.282051282
West Bengal,MALDAH,2000,Kharif,Small millets,930,349,0.375268817
West Bengal,MALDAH,2000,Kharif,Urad,16233,7540,0.464485924
West Bengal,MALDAH,2000,Rabi,Barley,2199,1180,0.536607549
West Bengal,MALDAH,2000,Rabi,Gram,7583,9670,1.275220889
West Bengal,MALDAH,2000,Rabi,Horse-gram,645,290,0.449612403
West Bengal,MALDAH,2000,Rabi,Khesari,3879,4170,1.075019335
West Bengal,MALDAH,2000,Rabi,Linseed,271,110,0.405904059
West Bengal,MALDAH,2000,Rabi,Masoor,7020,7530,1.072649573
West Bengal,MALDAH,2000,Rabi,Moong(Green Gram),355,130,0.366197183
West Bengal,MALDAH,2000,Rabi,Peas & beans (Pulses),265,220,0.830188679
West Bengal,MALDAH,2000,Rabi,Rapeseed &Mustard,34839,37720,1.082694681
West Bengal,MALDAH,2000,Rabi,Wheat,49413,124050,2.510472952
West Bengal,MALDAH,2000,Summer,Groundnut,108,105,0.972222222
West Bengal,MALDAH,2000,Summer,Moong(Green Gram),39,11,0.282051282
West Bengal,MALDAH,2000,Summer,Rice,70977,235081,3.312072925
West Bengal,MALDAH,2000,Whole Year,Arecanut,26,31,1.192307692
West Bengal,MALDAH,2000,Whole Year,Coconut,225,1305,5.8
West Bengal,MALDAH,2000,Whole Year,Dry chillies,3116,2773,0.889922978
West Bengal,MALDAH,2000,Whole Year,Potato,2429,42852,17.64182791
West Bengal,MALDAH,2000,Whole Year,Sesamum,286,101,0.353146853
West Bengal,MALDAH,2000,Whole Year,Sugarcane,5417,366550,67.66660513
West Bengal,MALDAH,2000,Whole Year,Tobacco,952,643,0.675420168
West Bengal,MALDAH,2000,Whole Year,Turmeric,1340,1072,0.8
West Bengal,MALDAH,2000,Winter,Rice,137315,266290,1.939263737
West Bengal,MALDAH,2001,Autumn,Rice,10684,20591,1.927274429
West Bengal,MALDAH,2001,Kharif,Arhar/Tur,48,38,0.791666667
West Bengal,MALDAH,2001,Kharif,Dry ginger,340,408,1.2
West Bengal,MALDAH,2001,Kharif,Jute,27730,370816,13.37237649
West Bengal,MALDAH,2001,Kharif,Maize,3479,11233,3.22880138
West Bengal,MALDAH,2001,Kharif,Mesta,1114,10143,9.10502693
West Bengal,MALDAH,2001,Kharif,Niger seed,115,32,0.27826087
West Bengal,MALDAH,2001,Kharif,Small millets,1110,411,0.37027027
West Bengal,MALDAH,2001,Kharif,Urad,12039,12924,1.073511089
West Bengal,MALDAH,2001,Rabi,Barley,1607,1665,1.036092097
West Bengal,MALDAH,2001,Rabi,Gram,7126,5214,0.731686781
West Bengal,MALDAH,2001,Rabi,Horse-gram,580,255,0.439655172
West Bengal,MALDAH,2001,Rabi,Khesari,3496,1371,0.392162471
West Bengal,MALDAH,2001,Rabi,Linseed,182,82,0.450549451
West Bengal,MALDAH,2001,Rabi,Masoor,6510,5493,0.843778802
West Bengal,MALDAH,2001,Rabi,Moong(Green Gram),325,117,0.36
West Bengal,MALDAH,2001,Rabi,Peas & beans (Pulses),379,241,0.635883905
West Bengal,MALDAH,2001,Rabi,Rapeseed &Mustard,34883,36670,1.051228392
West Bengal,MALDAH,2001,Rabi,Wheat,49339,129101,2.616611605
West Bengal,MALDAH,2001,Summer,Groundnut,108,105,0.972222222
West Bengal,MALDAH,2001,Summer,Moong(Green Gram),39,11,0.282051282
West Bengal,MALDAH,2001,Summer,Rice,70625,239468,3.390697345
West Bengal,MALDAH,2001,Whole Year,Arecanut,26,30,1.153846154
West Bengal,MALDAH,2001,Whole Year,Coconut,226,1299.5,5.75
West Bengal,MALDAH,2001,Whole Year,Dry chillies,2310,1918,0.83030303
West Bengal,MALDAH,2001,Whole Year,Potato,2497,44542,17.83820585
West Bengal,MALDAH,2001,Whole Year,Sesamum,256,87,0.33984375
West Bengal,MALDAH,2001,Whole Year,Sugarcane,3577,299823,83.8196813
West Bengal,MALDAH,2001,Whole Year,Tobacco,820,558,0.680487805
West Bengal,MALDAH,2001,Whole Year,Turmeric,1445,1084,0.75017301
West Bengal,MALDAH,2001,Winter,Rice,132039,276103,2.091071577
West Bengal,MALDAH,2002,Autumn,Dry chillies,880,495,0.5625
West Bengal,MALDAH,2002,Autumn,Rice,9872,19358,1.960899514
West Bengal,MALDAH,2002,Kharif,Arhar/Tur,61,56,0.918032787
West Bengal,MALDAH,2002,Kharif,Dry ginger,340,408,1.2
West Bengal,MALDAH,2002,Kharif,Jute,27913,372451,13.34328091
West Bengal,MALDAH,2002,Kharif,Maize,3565,8393,2.3542777
West Bengal,MALDAH,2002,Kharif,Mesta,824,7284,8.839805825
West Bengal,MALDAH,2002,Kharif,Niger seed,55,15,0.272727273
West Bengal,MALDAH,2002,Kharif,Small millets,675,240,0.355555556
West Bengal,MALDAH,2002,Kharif,Urad,11951,11037,0.923521044
West Bengal,MALDAH,2002,Rabi,Barley,1392,1406,1.010057471
West Bengal,MALDAH,2002,Rabi,Dry chillies,1420,1406,0.990140845
West Bengal,MALDAH,2002,Rabi,Gram,8266,5579,0.674933462
West Bengal,MALDAH,2002,Rabi,Horse-gram,580,255,0.439655172
West Bengal,MALDAH,2002,Rabi,Khesari,4473,3425,0.765705343
West Bengal,MALDAH,2002,Rabi,Linseed,157,94,0.598726115
West Bengal,MALDAH,2002,Rabi,Masoor,6404,3169,0.494846971
West Bengal,MALDAH,2002,Rabi,Moong(Green Gram),325,117,0.36
West Bengal,MALDAH,2002,Rabi,Peas & beans (Pulses),376,299,0.795212766
West Bengal,MALDAH,2002,Rabi,Rapeseed &Mustard,34901,26061,0.746712129
West Bengal,MALDAH,2002,Rabi,Wheat,48275,125150,2.592439151
West Bengal,MALDAH,2002,Summer,Groundnut,108,105,0.972222222
West Bengal,MALDAH,2002,Summer,Moong(Green Gram),25,10,0.4
West Bengal,MALDAH,2002,Summer,Rice,65075,234019,3.596142912
West Bengal,MALDAH,2002,Summer,Sesamum,21,11,0.523809524
West Bengal,MALDAH,2002,Whole Year,Arecanut,26,47,1.807692308
West Bengal,MALDAH,2002,Whole Year,Coconut,227,1313.2,5.785022026
West Bengal,MALDAH,2002,Whole Year,Sugarcane,3647,239781,65.74746367
West Bengal,MALDAH,2002,Whole Year,Tobacco,820,558,0.680487805
West Bengal,MALDAH,2002,Whole Year,Turmeric,790,553,0.7
West Bengal,MALDAH,2002,Winter,Potato,2546,55516,21.8051846
West Bengal,MALDAH,2002,Winter,Rice,139605,292599,2.095906307
West Bengal,MALDAH,2002,Winter,Sesamum,210,64,0.304761905
West Bengal,MALDAH,2003,Autumn,Rice,8913,20803,2.334006507
West Bengal,MALDAH,2003,Kharif,Arhar/Tur,76,80,1.052631579
West Bengal,MALDAH,2003,Kharif,Dry ginger,340,408,1.2
West Bengal,MALDAH,2003,Kharif,Jute,27816,341931,12.29260138
West Bengal,MALDAH,2003,Kharif,Maize,7724,20377,2.63814086
West Bengal,MALDAH,2003,Kharif,Mesta,972,9010,9.269547325
West Bengal,MALDAH,2003,Kharif,Niger seed,60,16,0.266666667
West Bengal,MALDAH,2003,Kharif,Small millets,710,256,0.36056338
West Bengal,MALDAH,2003,Kharif,Sunflower,125,85,0.68
West Bengal,MALDAH,2003,Kharif,Urad,9164,7184,0.783937145
West Bengal,MALDAH,2003,Rabi,Barley,1706,2091,1.225674091
West Bengal,MALDAH,2003,Rabi,Gram,8223,7734,0.940532652
West Bengal,MALDAH,2003,Rabi,Horse-gram,176,75,0.426136364
West Bengal,MALDAH,2003,Rabi,Khesari,3470,3127,0.901152738
West Bengal,MALDAH,2003,Rabi,Linseed,201,111,0.552238806
West Bengal,MALDAH,2003,Rabi,Masoor,8070,8070,1
West Bengal,MALDAH,2003,Rabi,Moong(Green Gram),95,34,0.357894737
West Bengal,MALDAH,2003,Rabi,Peas & beans (Pulses),459,524,1.1416122
West Bengal,MALDAH,2003,Rabi,Rapeseed &Mustard,38000,36173,0.951921053
West Bengal,MALDAH,2003,Rabi,Wheat,55094,133947,2.431244782
West Bengal,MALDAH,2003,Summer,Moong(Green Gram),24,10,0.416666667
West Bengal,MALDAH,2003,Summer,Rice,62747,222388,3.544201316
West Bengal,MALDAH,2003,Whole Year,Arecanut,27,49,1.814814815
West Bengal,MALDAH,2003,Whole Year,Coconut,230,1331.7,5.79
West Bengal,MALDAH,2003,Whole Year,Dry chillies,2130,1797,0.843661972
West Bengal,MALDAH,2003,Whole Year,Potato,2554,52203,20.43970243
West Bengal,MALDAH,2003,Whole Year,Sesamum,135,43,0.318518519
West Bengal,MALDAH,2003,Whole Year,Sugarcane,3620,268581,74.19364641
West Bengal,MALDAH,2003,Whole Year,Tobacco,412,276,0.669902913
West Bengal,MALDAH,2003,Whole Year,Turmeric,1205,874,0.725311203
West Bengal,MALDAH,2003,Winter,Rice,136961,329401,2.405071517
West Bengal,MALDAH,2004,Autumn,Rice,8097,18663,2.304927751
West Bengal,MALDAH,2004,Kharif,Dry ginger,157,207,1.318471338
West Bengal,MALDAH,2004,Kharif,Jute,23698,324075,13.67520466
West Bengal,MALDAH,2004,Kharif,Maize,10898,31940,2.930812993
West Bengal,MALDAH,2004,Kharif,Mesta,629,6221,9.890302067
West Bengal,MALDAH,2004,Kharif,Niger seed,32,8,0.25
West Bengal,MALDAH,2004,Kharif,Small millets,240,84,0.35
West Bengal,MALDAH,2004,Kharif,Sunflower,280,197,0.703571429
West Bengal,MALDAH,2004,Kharif,Urad,10184,8544,0.838963079
West Bengal,MALDAH,2004,Rabi,Arhar/Tur,50,32,0.64
West Bengal,MALDAH,2004,Rabi,Barley,1491,3048,2.044265594
West Bengal,MALDAH,2004,Rabi,Gram,7759,10773,1.38845212
West Bengal,MALDAH,2004,Rabi,Horse-gram,210,9,0.042857143
West Bengal,MALDAH,2004,Rabi,Khesari,3583,1912,0.533631035
West Bengal,MALDAH,2004,Rabi,Linseed,344,165,0.479651163
West Bengal,MALDAH,2004,Rabi,Masoor,7391,5433,0.735083209
West Bengal,MALDAH,2004,Rabi,Moong(Green Gram),80,26,0.325
West Bengal,MALDAH,2004,Rabi,Peas & beans (Pulses),475,304,0.64
West Bengal,MALDAH,2004,Rabi,Rapeseed &Mustard,38343,32828,0.856166706
West Bengal,MALDAH,2004,Rabi,Wheat,54109,131994,2.43940934
West Bengal,MALDAH,2004,Summer,Moong(Green Gram),23,8,0.347826087
West Bengal,MALDAH,2004,Summer,Rice,64655,237252,3.669507385
West Bengal,MALDAH,2004,Whole Year,Coconut,235,1363,5.8
West Bengal,MALDAH,2004,Whole Year,Dry chillies,2127,1717,0.807240244
West Bengal,MALDAH,2004,Whole Year,Groundnut,183,146,0.797814208
West Bengal,MALDAH,2004,Whole Year,Potato,2526,48844,19.3365004
West Bengal,MALDAH,2004,Whole Year,Sesamum,130,45,0.346153846
West Bengal,MALDAH,2004,Whole Year,Sugarcane,3055,207532,67.93191489
West Bengal,MALDAH,2004,Whole Year,Tobacco,362,235,0.649171271
West Bengal,MALDAH,2004,Whole Year,Turmeric,1045,745,0.71291866
West Bengal,MALDAH,2004,Winter,Rice,144538,405641,2.80646612
West Bengal,MALDAH,2005,Autumn,Rice,6844,13277,1.939947399
West Bengal,MALDAH,2005,Kharif,Dry ginger,160,220,1.375
West Bengal,MALDAH,2005,Kharif,Jute,22153,298134,13.45795152
West Bengal,MALDAH,2005,Kharif,Maize,11165,29694,2.659561129
West Bengal,MALDAH,2005,Kharif,Mesta,643,7028,10.93001555
West Bengal,MALDAH,2005,Kharif,Niger seed,32,8,0.25
West Bengal,MALDAH,2005,Kharif,Small millets,107,38,0.355140187
West Bengal,MALDAH,2005,Kharif,Sunflower,331,235,0.709969789
West Bengal,MALDAH,2005,Kharif,Urad,9311,8034,0.862850392
West Bengal,MALDAH,2005,Rabi,Arhar/Tur,43,35,0.813953488
West Bengal,MALDAH,2005,Rabi,Barley,1318,1861,1.41198786
West Bengal,MALDAH,2005,Rabi,Gram,6076,5143,0.84644503
West Bengal,MALDAH,2005,Rabi,Horse-gram,220,94,0.427272727
West Bengal,MALDAH,2005,Rabi,Khesari,3532,3299,0.93403171
West Bengal,MALDAH,2005,Rabi,Linseed,269,118,0.43866171
West Bengal,MALDAH,2005,Rabi,Masoor,5689,4667,0.820355071
West Bengal,MALDAH,2005,Rabi,Moong(Green Gram),90,29,0.322222222
West Bengal,MALDAH,2005,Rabi,Peas & beans (Pulses),480,391,0.814583333
West Bengal,MALDAH,2005,Rabi,Rapeseed &Mustard,38002,41601,1.094705542
West Bengal,MALDAH,2005,Rabi,Wheat,45860,101825,2.220344527
West Bengal,MALDAH,2005,Summer,Moong(Green Gram),22,9,0.409090909
West Bengal,MALDAH,2005,Summer,Rice,67525,231154,3.423235839
West Bengal,MALDAH,2005,Whole Year,Arecanut,28,50,1.785714286
West Bengal,MALDAH,2005,Whole Year,Coconut,240,1404,5.85
West Bengal,MALDAH,2005,Whole Year,Dry chillies,1772,1543,0.870767494
West Bengal,MALDAH,2005,Whole Year,Groundnut,328,264,0.804878049
West Bengal,MALDAH,2005,Whole Year,Potato,2524,38474,15.24326466
West Bengal,MALDAH,2005,Whole Year,Sesamum,137,49,0.357664234
West Bengal,MALDAH,2005,Whole Year,Sugarcane,2555,288747,113.0125245
West Bengal,MALDAH,2005,Whole Year,Tobacco,195,128,0.656410256
West Bengal,MALDAH,2005,Whole Year,Turmeric,963,698,0.724818276
West Bengal,MALDAH,2005,Winter,Rice,144239,391687,2.715541566
West Bengal,MALDAH,2006,Autumn,Rice,6655,9965,1.497370398
West Bengal,MALDAH,2006,Kharif,Dry ginger,139,190,1.366906475
West Bengal,MALDAH,2006,Kharif,Jute,23209,341289,14.70502822
West Bengal,MALDAH,2006,Kharif,Maize,13686,29524,2.157240976
West Bengal,MALDAH,2006,Kharif,Mesta,567,5574,9.830687831
West Bengal,MALDAH,2006,Kharif,Small millets,107,38,0.355140187
West Bengal,MALDAH,2006,Kharif,Sunflower,76,53,0.697368421
West Bengal,MALDAH,2006,Kharif,Urad,13838,11743,0.84860529
West Bengal,MALDAH,2006,Rabi,Arhar/Tur,48,11,0.229166667
West Bengal,MALDAH,2006,Rabi,Barley,1216,1744,1.434210526
West Bengal,MALDAH,2006,Rabi,Gram,4681,4563,0.974791711
West Bengal,MALDAH,2006,Rabi,Horse-gram,210,89,0.423809524
West Bengal,MALDAH,2006,Rabi,Khesari,2649,2680,1.011702529
West Bengal,MALDAH,2006,Rabi,Linseed,342,183,0.535087719
West Bengal,MALDAH,2006,Rabi,Masoor,4038,2990,0.740465577
West Bengal,MALDAH,2006,Rabi,Moong(Green Gram),85,27,0.317647059
West Bengal,MALDAH,2006,Rabi,Peas & beans (Pulses),503,344,0.68389662
West Bengal,MALDAH,2006,Rabi,Rapeseed &Mustard,38903,39672,1.019767113
West Bengal,MALDAH,2006,Rabi,Wheat,42881,111104,2.590984352
West Bengal,MALDAH,2006,Summer,Moong(Green Gram),41,19,0.463414634
West Bengal,MALDAH,2006,Summer,Rice,67633,258723,3.825395887
West Bengal,MALDAH,2006,Whole Year,Arecanut,30,54,1.8
West Bengal,MALDAH,2006,Whole Year,Coconut,250,1450000,5800
West Bengal,MALDAH,2006,Whole Year,Dry chillies,2006,1759,0.876869392
West Bengal,MALDAH,2006,Whole Year,Groundnut,887,710,0.800450958
West Bengal,MALDAH,2006,Whole Year,Potato,2751,46056,16.74154853
West Bengal,MALDAH,2006,Whole Year,Sesamum,98,45,0.459183673
West Bengal,MALDAH,2006,Whole Year,Sugarcane,2379,243802,102.4808743
West Bengal,MALDAH,2006,Whole Year,Tobacco,230,151,0.656521739
West Bengal,MALDAH,2006,Whole Year,Turmeric,1068,776,0.72659176
West Bengal,MALDAH,2006,Winter,Rice,79972,201941,2.525146301
West Bengal,MALDAH,2007,Autumn,Rice,6181,11312,1.830124575
West Bengal,MALDAH,2007,Autumn,Sesamum,35,11,0.314285714
West Bengal,MALDAH,2007,Kharif,Dry ginger,215,339,1.576744186
West Bengal,MALDAH,2007,Kharif,Garlic,53,613,11.56603774
West Bengal,MALDAH,2007,Kharif,Groundnut,157,86,0.547770701
West Bengal,MALDAH,2007,Kharif,Jute,22480,289173,12.86356762
West Bengal,MALDAH,2007,Kharif,Maize,5218,13252,2.539670372
West Bengal,MALDAH,2007,Kharif,Mesta,393,3191,8.119592875
West Bengal,MALDAH,2007,Kharif,Small millets,107,38,0.355140187
West Bengal,MALDAH,2007,Kharif,Sunflower,111,78,0.702702703
West Bengal,MALDAH,2007,Kharif,Urad,12759,12635,0.99028137
West Bengal,MALDAH,2007,Rabi,Arhar/Tur,34,30,0.882352941
West Bengal,MALDAH,2007,Rabi,Barley,1232,1987,1.612824675
West Bengal,MALDAH,2007,Rabi,Gram,3876,3983,1.027605779
West Bengal,MALDAH,2007,Rabi,Horse-gram,220,92,0.418181818
West Bengal,MALDAH,2007,Rabi,Khesari,2629,2988,1.136553823
West Bengal,MALDAH,2007,Rabi,Linseed,269,143,0.531598513
West Bengal,MALDAH,2007,Rabi,Maize,2900,7236,2.495172414
West Bengal,MALDAH,2007,Rabi,Masoor,4010,3971,0.990274314
West Bengal,MALDAH,2007,Rabi,Moong(Green Gram),171,55,0.321637427
West Bengal,MALDAH,2007,Rabi,Peas & beans (Pulses),463,426,0.920086393
West Bengal,MALDAH,2007,Rabi,Rapeseed &Mustard,36380,38573,1.060280374
West Bengal,MALDAH,2007,Rabi,Wheat,46879,137920,2.942042279
West Bengal,MALDAH,2007,Summer,Groundnut,679,547,0.805596465
West Bengal,MALDAH,2007,Summer,Maize,3014,2291,0.760119443
West Bengal,MALDAH,2007,Summer,Moong(Green Gram),78,58,0.743589744
West Bengal,MALDAH,2007,Summer,Rice,68050,256925,3.775532697
West Bengal,MALDAH,2007,Summer,Sesamum,63,41,0.650793651
West Bengal,MALDAH,2007,Whole Year,Arecanut,46,71,1.543478261
West Bengal,MALDAH,2007,Whole Year,Coconut,482,6660000,13817.42739
West Bengal,MALDAH,2007,Whole Year,Dry chillies,2430,2658,1.09382716
West Bengal,MALDAH,2007,Whole Year,Potato,2877,75975,26.40771637
West Bengal,MALDAH,2007,Whole Year,Sugarcane,2345,284573,121.3530917
West Bengal,MALDAH,2007,Whole Year,Tobacco,225,146,0.648888889
West Bengal,MALDAH,2007,Whole Year,Turmeric,1395,2370,1.698924731
West Bengal,MALDAH,2007,Winter,Rice,73094,212221,2.903398364
West Bengal,MALDAH,2007,Winter,Sesamum,38,11,0.289473684
West Bengal,MALDAH,2008,Autumn,Maize,5081,18471,3.63530801
West Bengal,MALDAH,2008,Autumn,Rice,5939,10269,1.72907897
West Bengal,MALDAH,2008,Autumn,Sesamum,50,15,0.3
West Bengal,MALDAH,2008,Kharif,Dry ginger,215,339,1.576744186
West Bengal,MALDAH,2008,Kharif,Groundnut,135,74,0.548148148
West Bengal,MALDAH,2008,Kharif,Jute,21744,279761,12.86612399
West Bengal,MALDAH,2008,Kharif,Mesta,273,1925,7.051282051
West Bengal,MALDAH,2008,Kharif,Sunflower,75,53,0.706666667
West Bengal,MALDAH,2008,Kharif,Urad,11013,9497,0.862344502
West Bengal,MALDAH,2008,Rabi,Arhar/Tur,27,21,0.777777778
West Bengal,MALDAH,2008,Rabi,Barley,1082,2127,1.965804067
West Bengal,MALDAH,2008,Rabi,Gram,3415,3230,0.945827233
West Bengal,MALDAH,2008,Rabi,Horse-gram,200,83,0.415
West Bengal,MALDAH,2008,Rabi,Khesari,2155,2147,0.996287703
West Bengal,MALDAH,2008,Rabi,Linseed,130,81,0.623076923
West Bengal,MALDAH,2008,Rabi,Maize,1601,3986,2.489693941
West Bengal,MALDAH,2008,Rabi,Masoor,3217,2586,0.803854523
West Bengal,MALDAH,2008,Rabi,Moong(Green Gram),180,57,0.316666667
West Bengal,MALDAH,2008,Rabi,Peas & beans (Pulses),383,268,0.699738903
West Bengal,MALDAH,2008,Rabi,Rapeseed &Mustard,32680,27216,0.832802938
West Bengal,MALDAH,2008,Rabi,Wheat,44366,119949,2.703624397
West Bengal,MALDAH,2008,Summer,Groundnut,123,98,0.796747967
West Bengal,MALDAH,2008,Summer,Maize,2784,2088,0.75
West Bengal,MALDAH,2008,Summer,Moong(Green Gram),84,52,0.619047619
West Bengal,MALDAH,2008,Summer,Rice,72795,268251,3.685019576
West Bengal,MALDAH,2008,Summer,Sesamum,62,35,0.564516129
West Bengal,MALDAH,2008,Whole Year,Arecanut,48,73,1.520833333
West Bengal,MALDAH,2008,Whole Year,Coconut,506,6993,13.8201581
West Bengal,MALDAH,2008,Whole Year,Dry chillies,2527,2765,1.094182825
West Bengal,MALDAH,2008,Whole Year,Potato,3565,52674,14.77531557
West Bengal,MALDAH,2008,Whole Year,Sugarcane,2288,242726,106.0865385
West Bengal,MALDAH,2008,Whole Year,Tobacco,220,144,0.654545455
West Bengal,MALDAH,2008,Whole Year,Turmeric,1465,2660,1.815699659
West Bengal,MALDAH,2008,Winter,Rice,143019,378249,2.644746502
West Bengal,MALDAH,2008,Winter,Sesamum,47,13,0.276595745
West Bengal,MALDAH,2009,Autumn,Groundnut,35,19,0.542857143
West Bengal,MALDAH,2009,Autumn,Maize,4230,12464,2.946572104
West Bengal,MALDAH,2009,Autumn,Rice,5805,11790,2.031007752
West Bengal,MALDAH,2009,Autumn,Sesamum,12,4,0.333333333
West Bengal,MALDAH,2009,Kharif,Jute,18231,307834,16.88519555
West Bengal,MALDAH,2009,Kharif,Mesta,165,2185,13.24242424
West Bengal,MALDAH,2009,Kharif,Sunflower,6,6,1
West Bengal,MALDAH,2009,Kharif,Urad,10712,12129,1.132281553
West Bengal,MALDAH,2009,Rabi,Arhar/Tur,64,70,1.09375
West Bengal,MALDAH,2009,Rabi,Barley,1200,1358,1.131666667
West Bengal,MALDAH,2009,Rabi,Gram,3310,4844,1.463444109
West Bengal,MALDAH,2009,Rabi,Groundnut,3,8,2.666666667
West Bengal,MALDAH,2009,Rabi,Horse-gram,156,65,0.416666667
West Bengal,MALDAH,2009,Rabi,Khesari,2167,2822,1.302261191
West Bengal,MALDAH,2009,Rabi,Linseed,92,61,0.663043478
West Bengal,MALDAH,2009,Rabi,Maize,2410,5989,2.485062241
West Bengal,MALDAH,2009,Rabi,Masoor,3540,3367,0.951129944
West Bengal,MALDAH,2009,Rabi,Moong(Green Gram),136,42,0.308823529
West Bengal,MALDAH,2009,Rabi,Peas & beans (Pulses),480,362,0.754166667
West Bengal,MALDAH,2009,Rabi,Potato,4416,151832,34.38224638
West Bengal,MALDAH,2009,Rabi,Rapeseed &Mustard,32698,38375,1.173619182
West Bengal,MALDAH,2009,Rabi,Wheat,44059,129445,2.937992238
West Bengal,MALDAH,2009,Summer,Groundnut,181,146,0.806629834
West Bengal,MALDAH,2009,Summer,Maize,1981,1496,0.755174154
West Bengal,MALDAH,2009,Summer,Moong(Green Gram),132,84,0.636363636
West Bengal,MALDAH,2009,Summer,Rice,68009,224153,3.295931421
West Bengal,MALDAH,2009,Summer,Sesamum,124,70,0.564516129
West Bengal,MALDAH,2009,Whole Year,Sugarcane,2156,212799,98.70083488
West Bengal,MALDAH,2009,Whole Year,Tobacco,210,138,0.657142857
West Bengal,MALDAH,2009,Winter,Rice,143030,378532,2.646521709
West Bengal,MALDAH,2009,Winter,Sesamum,5,1,0.2
West Bengal,MALDAH,2010,Autumn,Groundnut,184,100,0.543478261
West Bengal,MALDAH,2010,Autumn,Maize,4281,13415,3.133613642
West Bengal,MALDAH,2010,Autumn,Rice,3440,5504,1.6
West Bengal,MALDAH,2010,Autumn,Sesamum,77,23,0.298701299
West Bengal,MALDAH,2010,Kharif,Horse-gram,315,129,0.40952381
West Bengal,MALDAH,2010,Kharif,Jute,18021,255584,14.18256479
West Bengal,MALDAH,2010,Kharif,Mesta,426,5052,11.85915493
West Bengal,MALDAH,2010,Kharif,Sunflower,191,134,0.701570681
West Bengal,MALDAH,2010,Kharif,Urad,7479,7428,0.993180907
West Bengal,MALDAH,2010,Rabi,Arhar/Tur,51,56,1.098039216
West Bengal,MALDAH,2010,Rabi,Barley,1512,2084,1.378306878
West Bengal,MALDAH,2010,Rabi,Gram,2262,2429,1.07382847
West Bengal,MALDAH,2010,Rabi,Khesari,1983,2219,1.119011599
West Bengal,MALDAH,2010,Rabi,Linseed,81,50,0.617283951
West Bengal,MALDAH,2010,Rabi,Maize,1985,4923,2.480100756
West Bengal,MALDAH,2010,Rabi,Masoor,3626,3294,0.908439051
West Bengal,MALDAH,2010,Rabi,Moong(Green Gram),115,36,0.313043478
West Bengal,MALDAH,2010,Rabi,Peas & beans (Pulses),546,662,1.212454212
West Bengal,MALDAH,2010,Rabi,Potato,5034,146754,29.15256257
West Bengal,MALDAH,2010,Rabi,Rapeseed &Mustard,30370,31788,1.046690813
West Bengal,MALDAH,2010,Rabi,Wheat,47566,143989,3.027141235
West Bengal,MALDAH,2010,Summer,Groundnut,202,162,0.801980198
West Bengal,MALDAH,2010,Summer,Maize,2540,1910,0.751968504
West Bengal,MALDAH,2010,Summer,Moong(Green Gram),151,101,0.668874172
West Bengal,MALDAH,2010,Summer,Rice,64581,245522,3.801768322
West Bengal,MALDAH,2010,Summer,Sesamum,123,74,0.601626016
West Bengal,MALDAH,2010,Whole Year,Sugarcane,2234,220998,98.92479857
West Bengal,MALDAH,2010,Whole Year,Tobacco,218,143,0.655963303
West Bengal,MALDAH,2010,Winter,Rice,132742,379451,2.858560215
West Bengal,MALDAH,2010,Winter,Sesamum,13,4,0.307692308
West Bengal,MALDAH,2011,Autumn,Groundnut,7,4,0.571428571
West Bengal,MALDAH,2011,Autumn,Maize,3924,12672,3.229357798
West Bengal,MALDAH,2011,Autumn,Rice,3689,8547,2.316888046
West Bengal,MALDAH,2011,Autumn,Sesamum,67,47,0.701492537
West Bengal,MALDAH,2011,Kharif,Horse-gram,547,222,0.405850091
West Bengal,MALDAH,2011,Kharif,Jute,21514,313205,14.55819466
West Bengal,MALDAH,2011,Kharif,Mesta,629,4802,7.634340223
West Bengal,MALDAH,2011,Kharif,Urad,8999,7833,0.870430048
West Bengal,MALDAH,2011,Rabi,Arhar/Tur,26,12,0.461538462
West Bengal,MALDAH,2011,Rabi,Barley,1265,1856,1.467193676
West Bengal,MALDAH,2011,Rabi,Gram,3369,3749,1.112793114
West Bengal,MALDAH,2011,Rabi,Khesari,1936,2166,1.118801653
West Bengal,MALDAH,2011,Rabi,Linseed,57,41,0.719298246
West Bengal,MALDAH,2011,Rabi,Maize,5463,13576,2.485081457
West Bengal,MALDAH,2011,Rabi,Masoor,3509,3236,0.922200057
West Bengal,MALDAH,2011,Rabi,Moong(Green Gram),70,22,0.314285714
West Bengal,MALDAH,2011,Rabi,Peas & beans (Pulses),515,446,0.866019417
West Bengal,MALDAH,2011,Rabi,Potato,3862,146943,38.04842051
West Bengal,MALDAH,2011,Rabi,Rapeseed &Mustard,32446,36602,1.128089749
West Bengal,MALDAH,2011,Rabi,Wheat,43517,131848,3.029804444
West Bengal,MALDAH,2011,Summer,Groundnut,73,130,1.780821918
West Bengal,MALDAH,2011,Summer,Maize,4210,3174,0.75391924
West Bengal,MALDAH,2011,Summer,Moong(Green Gram),203,122,0.600985222
West Bengal,MALDAH,2011,Summer,Rice,56673,217358,3.835300761
West Bengal,MALDAH,2011,Summer,Sesamum,162,89,0.549382716
West Bengal,MALDAH,2011,Whole Year,Sugarcane,2181,253856,116.3943145
West Bengal,MALDAH,2011,Whole Year,Tobacco,124,81,0.653225806
West Bengal,MALDAH,2011,Winter,Rice,144564,386068,2.670568053
West Bengal,MALDAH,2011,Winter,Sesamum,69,20,0.289855072
West Bengal,MALDAH,2012,Autumn,Groundnut,5,3,0.6
West Bengal,MALDAH,2012,Autumn,Maize,4199,14968,3.564658252
West Bengal,MALDAH,2012,Autumn,Rice,3098,5519,1.781471917
West Bengal,MALDAH,2012,Autumn,Sesamum,119,84,0.705882353
West Bengal,MALDAH,2012,Kharif,Horse-gram,339,139,0.410029499
West Bengal,MALDAH,2012,Kharif,Jute,23769,394590,16.60103496
West Bengal,MALDAH,2012,Kharif,Mesta,568,4710,8.292253521
West Bengal,MALDAH,2012,Kharif,Urad,10868,10640,0.979020979
West Bengal,MALDAH,2012,Rabi,Arhar/Tur,32,44,1.375
West Bengal,MALDAH,2012,Rabi,Barley,1388,1970,1.419308357
West Bengal,MALDAH,2012,Rabi,Gram,3265,4720,1.445635528
West Bengal,MALDAH,2012,Rabi,Groundnut,150,119,0.793333333
West Bengal,MALDAH,2012,Rabi,Khesari,1990,2879,1.446733668
West Bengal,MALDAH,2012,Rabi,Linseed,73,36,0.493150685
West Bengal,MALDAH,2012,Rabi,Maize,7541,18777,2.489988065
West Bengal,MALDAH,2012,Rabi,Masoor,3593,3659,1.018369051
West Bengal,MALDAH,2012,Rabi,Moong(Green Gram),126,39,0.30952381
West Bengal,MALDAH,2012,Rabi,Peas & beans (Pulses),558,469,0.840501792
West Bengal,MALDAH,2012,Rabi,Potato,4900,176778,36.07714286
West Bengal,MALDAH,2012,Rabi,Rapeseed &Mustard,33653,35740,1.062015274
West Bengal,MALDAH,2012,Rabi,Wheat,44953,125127,2.783507219
West Bengal,MALDAH,2012,Summer,Groundnut,86,180,2.093023256
West Bengal,MALDAH,2012,Summer,Maize,8630,6559,0.760023175
West Bengal,MALDAH,2012,Summer,Moong(Green Gram),236,167,0.707627119
West Bengal,MALDAH,2012,Summer,Rice,58858,226440,3.847225526
West Bengal,MALDAH,2012,Summer,Sesamum,180,118,0.655555556
West Bengal,MALDAH,2012,Whole Year,Sugarcane,2070,216455,104.5676329
West Bengal,MALDAH,2012,Whole Year,Tobacco,184,121,0.657608696
West Bengal,MALDAH,2012,Winter,Rice,145630,412606,2.833248644
West Bengal,MALDAH,2013,Autumn,Groundnut,77,50,0.649350649
West Bengal,MALDAH,2013,Autumn,Maize,4229,16129,3.813903996
West Bengal,MALDAH,2013,Autumn,Rice,3116,6054,1.942875481
West Bengal,MALDAH,2013,Autumn,Sesamum,213,154,0.723004695
West Bengal,MALDAH,2013,Kharif,Horse-gram,223,91,0.408071749
West Bengal,MALDAH,2013,Kharif,Jute,24637,396145,16.07927102
West Bengal,MALDAH,2013,Kharif,Mesta,558,4368,7.827956989
West Bengal,MALDAH,2013,Kharif,Moong(Green Gram),30,15,0.5
West Bengal,MALDAH,2013,Kharif,Urad,10966,10211,0.93115083
West Bengal,MALDAH,2013,Rabi,Arhar/Tur,35,45,1.285714286
West Bengal,MALDAH,2013,Rabi,Barley,1341,1903,1.419090231
West Bengal,MALDAH,2013,Rabi,Gram,3198,3620,1.131957473
West Bengal,MALDAH,2013,Rabi,Groundnut,155,123,0.793548387
West Bengal,MALDAH,2013,Rabi,Khesari,2483,2896,1.166331051
West Bengal,MALDAH,2013,Rabi,Linseed,134,91,0.679104478
West Bengal,MALDAH,2013,Rabi,Maize,7411,18453,2.489947376
West Bengal,MALDAH,2013,Rabi,Masoor,3745,3728,0.995460614
West Bengal,MALDAH,2013,Rabi,Moong(Green Gram),142,45,0.316901408
West Bengal,MALDAH,2013,Rabi,Peas & beans (Pulses),596,661,1.109060403
West Bengal,MALDAH,2013,Rabi,Potato,5120,164736,32.175
West Bengal,MALDAH,2013,Rabi,Rapeseed &Mustard,35249,38300,1.086555647
West Bengal,MALDAH,2013,Rabi,Wheat,44731,131682,2.943864434
West Bengal,MALDAH,2013,Summer,Groundnut,108,224,2.074074074
West Bengal,MALDAH,2013,Summer,Maize,4599,8131,1.767993042
West Bengal,MALDAH,2013,Summer,Moong(Green Gram),251,180,0.717131474
West Bengal,MALDAH,2013,Summer,Rice,60025,236217,3.935310287
West Bengal,MALDAH,2013,Summer,Sesamum,175,133,0.76
West Bengal,MALDAH,2013,Whole Year,Sugarcane,2053,210157,102.3658061
West Bengal,MALDAH,2013,Winter,Rice,135629,462095,3.407051589
West Bengal,MALDAH,2013,Winter,Sesamum,42,21,0.5
West Bengal,MALDAH,2014,Autumn,Groundnut,90,57,0.633333333
West Bengal,MALDAH,2014,Autumn,Maize,4671,17399,3.724898309
West Bengal,MALDAH,2014,Autumn,Rice,2937,6854,2.333673817
West Bengal,MALDAH,2014,Autumn,Sesamum,133,97,0.729323308
West Bengal,MALDAH,2014,Kharif,Jute,22195,382438,17.23081775
West Bengal,MALDAH,2014,Kharif,Mesta,102,739,7.245098039
West Bengal,MALDAH,2014,Kharif,Moong(Green Gram),30,15,0.5
West Bengal,MALDAH,2014,Kharif,Urad,11457,10569,0.922492799
West Bengal,MALDAH,2014,Rabi,Arhar/Tur,50,64,1.28
West Bengal,MALDAH,2014,Rabi,Barley,1365,1895,1.388278388
West Bengal,MALDAH,2014,Rabi,Gram,2357,2213,0.938905388
West Bengal,MALDAH,2014,Rabi,Groundnut,153,110,0.718954248
West Bengal,MALDAH,2014,Rabi,Horse-gram,370,151,0.408108108
West Bengal,MALDAH,2014,Rabi,Khesari,2350,2748,1.169361702
West Bengal,MALDAH,2014,Rabi,Linseed,138,46,0.333333333
West Bengal,MALDAH,2014,Rabi,Maize,4927,12318,2.500101482
West Bengal,MALDAH,2014,Rabi,Masoor,4081,2828,0.69296741
West Bengal,MALDAH,2014,Rabi,Moong(Green Gram),816,269,0.329656863
West Bengal,MALDAH,2014,Rabi,Peas & beans (Pulses),465,590,1.268817204
West Bengal,MALDAH,2014,Rabi,Potato,5491,202644,36.90475323
West Bengal,MALDAH,2014,Rabi,Rapeseed &Mustard,35096,41871,1.193041942
West Bengal,MALDAH,2014,Rabi,Wheat,44401,125945,2.836535213
West Bengal,MALDAH,2014,Summer,Groundnut,70,142,2.028571429
West Bengal,MALDAH,2014,Summer,Maize,6615,7396,1.118065004
West Bengal,MALDAH,2014,Summer,Moong(Green Gram),674,576,0.854599407
West Bengal,MALDAH,2014,Summer,Rice,59802,243374,4.069663222
West Bengal,MALDAH,2014,Summer,Sesamum,215,146,0.679069767
West Bengal,MALDAH,2014,Whole Year,Sugarcane,1945,208143,107.0143959
West Bengal,MALDAH,2014,Whole Year,Tobacco,154,107,0.694805195
West Bengal,MALDAH,2014,Winter,Rice,141455,457341,3.233120074
West Bengal,MALDAH,2014,Winter,Sesamum,56,27,0.482142857
West Bengal,MEDINIPUR EAST,1997,Autumn,Rice,15791,39560,2.505224495
West Bengal,MEDINIPUR EAST,1997,Kharif,Jute,5341,93100,17.43119266
West Bengal,MEDINIPUR EAST,1997,Kharif,Urad,134,80,0.597014925
West Bengal,MEDINIPUR EAST,1997,Rabi,Khesari,5944,9180,1.544414536
West Bengal,MEDINIPUR EAST,1997,Rabi,Masoor,74,60,0.810810811
West Bengal,MEDINIPUR EAST,1997,Rabi,Oilseeds total,2901300,3366900,1.160479785
West Bengal,MEDINIPUR EAST,1997,Rabi,Wheat,450,970,2.155555556
West Bengal,MEDINIPUR EAST,1997,Summer,Moong(Green Gram),1102,30,0.02722323
West Bengal,MEDINIPUR EAST,1997,Summer,Rice,129878,364720,2.808173825
West Bengal,MEDINIPUR EAST,1997,Whole Year,Arecanut,632,1003,1.587025316
West Bengal,MEDINIPUR EAST,1997,Whole Year,Coconut,3065,32485,10.59869494
West Bengal,MEDINIPUR EAST,1997,Whole Year,Dry chillies,4215,3168,0.751601423
West Bengal,MEDINIPUR EAST,1997,Whole Year,Groundnut,8802,14523,1.649965917
West Bengal,MEDINIPUR EAST,1997,Whole Year,Potato,18011,40868,2.269057798
West Bengal,MEDINIPUR EAST,1997,Whole Year,Pulses total,725400,962000,1.326164875
West Bengal,MEDINIPUR EAST,1997,Whole Year,Rapeseed &Mustard,9112,10720,1.176470588
West Bengal,MEDINIPUR EAST,1997,Whole Year,Sannhamp,315,1764,5.6
West Bengal,MEDINIPUR EAST,1997,Whole Year,Sesamum,11099,8426,0.759167493
West Bengal,MEDINIPUR EAST,1997,Whole Year,Sugarcane,14,1180,84.28571429
West Bengal,MEDINIPUR EAST,1997,Whole Year,Turmeric,1155,2469,2.137662338
West Bengal,MEDINIPUR EAST,1997,Winter,Rice,323282,561140,1.73576011
West Bengal,MEDINIPUR EAST,1998,Autumn,Rice,16119,35770,2.219120293
West Bengal,MEDINIPUR EAST,1998,Kharif,Dry ginger,1235,1765,1.429149798
West Bengal,MEDINIPUR EAST,1998,Kharif,Jute,5645,96470,17.0894597
West Bengal,MEDINIPUR EAST,1998,Kharif,Mesta,220,2110,9.590909091
West Bengal,MEDINIPUR EAST,1998,Kharif,Urad,200,40,0.2
West Bengal,MEDINIPUR EAST,1998,Rabi,Khesari,5935,5860,0.9873631
West Bengal,MEDINIPUR EAST,1998,Rabi,Masoor,85,60,0.705882353
West Bengal,MEDINIPUR EAST,1998,Rabi,Rapeseed &Mustard,8245,5180,0.628259551
West Bengal,MEDINIPUR EAST,1998,Rabi,Wheat,486,1060,2.181069959
West Bengal,MEDINIPUR EAST,1998,Summer,Moong(Green Gram),927,310,0.334412082
West Bengal,MEDINIPUR EAST,1998,Summer,Rice,160444,472836,2.947046945
West Bengal,MEDINIPUR EAST,1998,Whole Year,Arecanut,718,1134,1.579387187
West Bengal,MEDINIPUR EAST,1998,Whole Year,Coconut,3211,33259.5,10.35798817
West Bengal,MEDINIPUR EAST,1998,Whole Year,Dry chillies,4189,3421,0.816662688
West Bengal,MEDINIPUR EAST,1998,Whole Year,Groundnut,8835,9100,1.029994341
West Bengal,MEDINIPUR EAST,1998,Whole Year,Potato,21740,493787,22.71329347
West Bengal,MEDINIPUR EAST,1998,Whole Year,Sannhamp,250,1500,6
West Bengal,MEDINIPUR EAST,1998,Whole Year,Sesamum,10115,8170,0.80771132
West Bengal,MEDINIPUR EAST,1998,Whole Year,Sugarcane,10,960,96
West Bengal,MEDINIPUR EAST,1998,Whole Year,Turmeric,1172,2602,2.220136519
West Bengal,MEDINIPUR EAST,1998,Winter,Rice,318910,429520,1.346837666
West Bengal,MEDINIPUR EAST,1999,Autumn,Dry chillies,1246,648,0.520064205
West Bengal,MEDINIPUR EAST,1999,Autumn,Rice,16784,34160,2.035271687
West Bengal,MEDINIPUR EAST,1999,Autumn,Sannhamp,227,1362,6
West Bengal,MEDINIPUR EAST,1999,Autumn,Sesamum,75,27,0.36
West Bengal,MEDINIPUR EAST,1999,Kharif,Dry ginger,1147,1614,1.407149085
West Bengal,MEDINIPUR EAST,1999,Kharif,Jute,5354,90920,16.98169593
West Bengal,MEDINIPUR EAST,1999,Kharif,Other Kharif pulses,170,128,0.752941176
West Bengal,MEDINIPUR EAST,1999,Kharif,Urad,177,98,0.553672316
West Bengal,MEDINIPUR EAST,1999,Rabi,Dry chillies,3088,2841,0.920012953
West Bengal,MEDINIPUR EAST,1999,Rabi,Khesari,3822,4583,1.199110413
West Bengal,MEDINIPUR EAST,1999,Rabi,Masoor,11,9,0.818181818
West Bengal,MEDINIPUR EAST,1999,Rabi,Rapeseed &Mustard,4716,4151,0.880195081
West Bengal,MEDINIPUR EAST,1999,Rabi,Wheat,562,1103,1.962633452
West Bengal,MEDINIPUR EAST,1999,Summer,Groundnut,9070,14548,1.603969129
West Bengal,MEDINIPUR EAST,1999,Summer,Moong(Green Gram),793,670,0.844892812
West Bengal,MEDINIPUR EAST,1999,Summer,Rice,161568,440340,2.725415924
West Bengal,MEDINIPUR EAST,1999,Summer,Sesamum,8848,8050,0.909810127
West Bengal,MEDINIPUR EAST,1999,Whole Year,Arecanut,781,1289,1.650448143
West Bengal,MEDINIPUR EAST,1999,Whole Year,Coconut,3336,35395,10.61001199
West Bengal,MEDINIPUR EAST,1999,Whole Year,Sugarcane,12,1311,109.25
West Bengal,MEDINIPUR EAST,1999,Whole Year,Turmeric,1179,2577,2.185750636
West Bengal,MEDINIPUR EAST,1999,Winter,Potato,22767,530201,23.28813634
West Bengal,MEDINIPUR EAST,1999,Winter,Rice,318662,581650,1.825288236
West Bengal,MEDINIPUR EAST,2000,Autumn,Rice,16275,35290,2.168356375
West Bengal,MEDINIPUR EAST,2000,Kharif,Dry ginger,1255,1791,1.427091633
West Bengal,MEDINIPUR EAST,2000,Kharif,Jute,4869,92980,19.09632368
West Bengal,MEDINIPUR EAST,2000,Kharif,Urad,382,150,0.392670157
West Bengal,MEDINIPUR EAST,2000,Rabi,Gram,400,340,0.85
West Bengal,MEDINIPUR EAST,2000,Rabi,Masoor,22,30,1.363636364
West Bengal,MEDINIPUR EAST,2000,Rabi,Peas & beans (Pulses),88,70,0.795454545
West Bengal,MEDINIPUR EAST,2000,Rabi,Rapeseed &Mustard,6198,6800,1.097128106
West Bengal,MEDINIPUR EAST,2000,Rabi,Wheat,702,1830,2.606837607
West Bengal,MEDINIPUR EAST,2000,Summer,Groundnut,9565,12922,1.350967067
West Bengal,MEDINIPUR EAST,2000,Summer,Moong(Green Gram),657,460,0.700152207
West Bengal,MEDINIPUR EAST,2000,Summer,Rice,168746,510818,3.027141384
West Bengal,MEDINIPUR EAST,2000,Whole Year,Arecanut,840,1386,1.65
West Bengal,MEDINIPUR EAST,2000,Whole Year,Coconut,3519,37290.8,10.59698778
West Bengal,MEDINIPUR EAST,2000,Whole Year,Dry chillies,4741,3941,0.831259228
West Bengal,MEDINIPUR EAST,2000,Whole Year,Potato,20617,441696,21.4238735
West Bengal,MEDINIPUR EAST,2000,Whole Year,Sannhamp,257,1452,5.649805447
West Bengal,MEDINIPUR EAST,2000,Whole Year,Sesamum,9150,10462,1.143387978
West Bengal,MEDINIPUR EAST,2000,Whole Year,Sugarcane,424,28690,67.66509434
West Bengal,MEDINIPUR EAST,2000,Whole Year,Turmeric,1250,2684,2.1472
West Bengal,MEDINIPUR EAST,2000,Winter,Rice,343278,694090,2.021947226
West Bengal,MEDINIPUR EAST,2001,Kharif,Jute,5373,118920,22.13288666
West Bengal,MEDINIPUR EAST,2001,Kharif,Maize,1,2,2
West Bengal,MEDINIPUR EAST,2001,Kharif,Urad,126,64,0.507936508
West Bengal,MEDINIPUR EAST,2001,Rabi,Khesari,6489,8395,1.293727847
West Bengal,MEDINIPUR EAST,2001,Rabi,Masoor,15,6,0.4
West Bengal,MEDINIPUR EAST,2001,Rabi,Rapeseed &Mustard,4238,3429,0.80910807
West Bengal,MEDINIPUR EAST,2001,Rabi,Wheat,630,1215,1.928571429
West Bengal,MEDINIPUR EAST,2001,Summer,Groundnut,8717,16013,1.836985201
West Bengal,MEDINIPUR EAST,2001,Summer,Moong(Green Gram),842,848,1.007125891
West Bengal,MEDINIPUR EAST,2001,Whole Year,Arecanut,893,1475,1.651735722
West Bengal,MEDINIPUR EAST,2001,Whole Year,Coconut,3670,38887.3,10.59599455
West Bengal,MEDINIPUR EAST,2001,Whole Year,Dry chillies,4395,3641,0.828441411
West Bengal,MEDINIPUR EAST,2001,Whole Year,Potato,22106,487970,22.07409753
West Bengal,MEDINIPUR EAST,2001,Whole Year,Sannhamp,248,1389,5.600806452
West Bengal,MEDINIPUR EAST,2001,Whole Year,Sesamum,9031,10565,1.169859373
West Bengal,MEDINIPUR EAST,2001,Whole Year,Turmeric,1312,2798,2.132621951
West Bengal,MEDINIPUR EAST,2002,Autumn,Dry chillies,970,566,0.583505155
West Bengal,MEDINIPUR EAST,2002,Autumn,Rice,13185,29045,2.202882063
West Bengal,MEDINIPUR EAST,2002,Autumn,Sesamum,130,53,0.407692308
West Bengal,MEDINIPUR EAST,2002,Kharif,Dry ginger,1083,1341,1.238227147
West Bengal,MEDINIPUR EAST,2002,Kharif,Jute,1767,27563,15.59875495
West Bengal,MEDINIPUR EAST,2002,Kharif,Sunflower,93,105,1.129032258
West Bengal,MEDINIPUR EAST,2002,Kharif,Urad,67,18,0.268656716
West Bengal,MEDINIPUR EAST,2002,Rabi,Dry chillies,2280,1943,0.852192982
West Bengal,MEDINIPUR EAST,2002,Rabi,Khesari,2636,4070,1.54400607
West Bengal,MEDINIPUR EAST,2002,Rabi,Masoor,18,12,0.666666667
West Bengal,MEDINIPUR EAST,2002,Rabi,Rapeseed &Mustard,853,835,0.978898007
West Bengal,MEDINIPUR EAST,2002,Rabi,Wheat,20,44,2.2
West Bengal,MEDINIPUR EAST,2002,Summer,Groundnut,9830,15885,1.615971516
West Bengal,MEDINIPUR EAST,2002,Summer,Moong(Green Gram),178,248,1.393258427
West Bengal,MEDINIPUR EAST,2002,Summer,Rice,123498,399511,3.234959271
West Bengal,MEDINIPUR EAST,2002,Summer,Sesamum,65,64,0.984615385
West Bengal,MEDINIPUR EAST,2002,Whole Year,Arecanut,894,1477,1.65212528
West Bengal,MEDINIPUR EAST,2002,Whole Year,Coconut,3410,36507.5,10.70601173
West Bengal,MEDINIPUR EAST,2002,Whole Year,Sannhamp,168,1008,6
West Bengal,MEDINIPUR EAST,2002,Whole Year,Turmeric,1222,2684,2.196399345
West Bengal,MEDINIPUR EAST,2002,Winter,Potato,4563,81973,17.9647162
West Bengal,MEDINIPUR EAST,2002,Winter,Rice,266030,544623,2.047223997
West Bengal,MEDINIPUR EAST,2002,Winter,Sesamum,145,73,0.503448276
West Bengal,MEDINIPUR EAST,2003,Autumn,Rice,13214,34427,2.605342818
West Bengal,MEDINIPUR EAST,2003,Kharif,Jute,2116,31176,14.73345936
West Bengal,MEDINIPUR EAST,2003,Kharif,Sunflower,523,407,0.778202677
West Bengal,MEDINIPUR EAST,2003,Kharif,Urad,167,47,0.281437126
West Bengal,MEDINIPUR EAST,2003,Rabi,Khesari,5275,8285,1.570616114
West Bengal,MEDINIPUR EAST,2003,Rabi,Rapeseed &Mustard,4206,4444,1.05658583
West Bengal,MEDINIPUR EAST,2003,Rabi,Wheat,124,282,2.274193548
West Bengal,MEDINIPUR EAST,2003,Summer,Groundnut,12470,25963,2.082036889
West Bengal,MEDINIPUR EAST,2003,Summer,Moong(Green Gram),182,98,0.538461538
West Bengal,MEDINIPUR EAST,2003,Summer,Rice,137557,460243,3.345834818
West Bengal,MEDINIPUR EAST,2003,Whole Year,Arecanut,940,2350,2.5
West Bengal,MEDINIPUR EAST,2003,Whole Year,Coconut,3500,37646,10.756
West Bengal,MEDINIPUR EAST,2003,Whole Year,Dry chillies,3136,2642,0.84247449
West Bengal,MEDINIPUR EAST,2003,Whole Year,Potato,2792,48528,17.38108883
West Bengal,MEDINIPUR EAST,2003,Whole Year,Sannhamp,200,1100,5.5
West Bengal,MEDINIPUR EAST,2003,Whole Year,Sesamum,631,487,0.771790808
West Bengal,MEDINIPUR EAST,2003,Whole Year,Turmeric,1233,2648,2.147607461
West Bengal,MEDINIPUR EAST,2003,Winter,Rice,271489,513725,1.892249778
West Bengal,MEDINIPUR EAST,2004,Autumn,Rice,13519,29153,2.156446483
West Bengal,MEDINIPUR EAST,2004,Kharif,Dry ginger,1143,1688,1.476815398
West Bengal,MEDINIPUR EAST,2004,Kharif,Jute,887,11743,13.23900789
West Bengal,MEDINIPUR EAST,2004,Kharif,Sunflower,571,741,1.297723292
West Bengal,MEDINIPUR EAST,2004,Kharif,Urad,175,76,0.434285714
West Bengal,MEDINIPUR EAST,2004,Rabi,Khesari,8740,11135,1.27402746
West Bengal,MEDINIPUR EAST,2004,Rabi,Rapeseed &Mustard,3986,4104,1.029603613
West Bengal,MEDINIPUR EAST,2004,Rabi,Wheat,504,1108,2.198412698
West Bengal,MEDINIPUR EAST,2004,Summer,Moong(Green Gram),205,68,0.331707317
West Bengal,MEDINIPUR EAST,2004,Summer,Rice,138201,417098,3.018053415
West Bengal,MEDINIPUR EAST,2004,Whole Year,Coconut,3528,38194.1,10.82599206
West Bengal,MEDINIPUR EAST,2004,Whole Year,Dry chillies,3179,2982,0.938030827
West Bengal,MEDINIPUR EAST,2004,Whole Year,Groundnut,12759,21910,1.717219218
West Bengal,MEDINIPUR EAST,2004,Whole Year,Potato,3462,56698,16.37723859
West Bengal,MEDINIPUR EAST,2004,Whole Year,Sannhamp,206,1133,5.5
West Bengal,MEDINIPUR EAST,2004,Whole Year,Sesamum,657,489,0.744292237
West Bengal,MEDINIPUR EAST,2004,Whole Year,Turmeric,1167,2556,2.190231362
West Bengal,MEDINIPUR EAST,2004,Winter,Rice,264521,619127,2.340558973
West Bengal,MEDINIPUR EAST,2005,Autumn,Rice,14873,31118,2.092247697
West Bengal,MEDINIPUR EAST,2005,Kharif,Dry ginger,1150,1814,1.577391304
West Bengal,MEDINIPUR EAST,2005,Kharif,Jute,1455,21039,14.45979381
West Bengal,MEDINIPUR EAST,2005,Kharif,Mesta,27,275,10.18518519
West Bengal,MEDINIPUR EAST,2005,Kharif,Sunflower,894,1065,1.191275168
West Bengal,MEDINIPUR EAST,2005,Kharif,Urad,160,36,0.225
West Bengal,MEDINIPUR EAST,2005,Rabi,Khesari,9942,11037,1.110138805
West Bengal,MEDINIPUR EAST,2005,Rabi,Masoor,22,13,0.590909091
West Bengal,MEDINIPUR EAST,2005,Rabi,Rapeseed &Mustard,3997,3427,0.857393045
West Bengal,MEDINIPUR EAST,2005,Rabi,Wheat,506,1081,2.136363636
West Bengal,MEDINIPUR EAST,2005,Summer,Moong(Green Gram),308,125,0.405844156
West Bengal,MEDINIPUR EAST,2005,Summer,Rice,140491,433223,3.083635251
West Bengal,MEDINIPUR EAST,2005,Whole Year,Arecanut,982,251,0.255600815
West Bengal,MEDINIPUR EAST,2005,Whole Year,Coconut,3580,38907,10.86787709
West Bengal,MEDINIPUR EAST,2005,Whole Year,Dry chillies,3401,3208,0.943251985
West Bengal,MEDINIPUR EAST,2005,Whole Year,Groundnut,13480,26084,1.935014837
West Bengal,MEDINIPUR EAST,2005,Whole Year,Potato,3253,56901,17.49185367
West Bengal,MEDINIPUR EAST,2005,Whole Year,Sannhamp,204,1224,6
West Bengal,MEDINIPUR EAST,2005,Whole Year,Sesamum,669,977,1.46038864
West Bengal,MEDINIPUR EAST,2005,Whole Year,Sugarcane,2,154,77
West Bengal,MEDINIPUR EAST,2005,Whole Year,Turmeric,1178,2633,2.235144312
West Bengal,MEDINIPUR EAST,2005,Winter,Rice,259507,322353,1.242174585
West Bengal,MEDINIPUR EAST,2006,Autumn,Rice,15277,33560,2.196766381
West Bengal,MEDINIPUR EAST,2006,Kharif,Cotton(lint),109,763,7
West Bengal,MEDINIPUR EAST,2006,Kharif,Dry ginger,1160,1840,1.586206897
West Bengal,MEDINIPUR EAST,2006,Kharif,Jute,1494,26533,17.75970549
West Bengal,MEDINIPUR EAST,2006,Kharif,Sunflower,905,1027,1.13480663
West Bengal,MEDINIPUR EAST,2006,Kharif,Urad,170,59,0.347058824
West Bengal,MEDINIPUR EAST,2006,Rabi,Khesari,10456,12887,1.232498087
West Bengal,MEDINIPUR EAST,2006,Rabi,Rapeseed &Mustard,4001,2185,0.546113472
West Bengal,MEDINIPUR EAST,2006,Rabi,Wheat,523,1215,2.323135755
West Bengal,MEDINIPUR EAST,2006,Summer,Moong(Green Gram),164,55,0.335365854
West Bengal,MEDINIPUR EAST,2006,Summer,Rice,147552,471355,3.194500922
West Bengal,MEDINIPUR EAST,2006,Whole Year,Arecanut,1000,266,0.266
West Bengal,MEDINIPUR EAST,2006,Whole Year,Coconut,3662,40824000,11148.00655
West Bengal,MEDINIPUR EAST,2006,Whole Year,Dry chillies,3402,3205,0.942092887
West Bengal,MEDINIPUR EAST,2006,Whole Year,Groundnut,15392,31985,2.078027547
West Bengal,MEDINIPUR EAST,2006,Whole Year,Potato,4711,49611,10.53088516
West Bengal,MEDINIPUR EAST,2006,Whole Year,Sannhamp,200,1200,6
West Bengal,MEDINIPUR EAST,2006,Whole Year,Sesamum,863,1466,1.698725377
West Bengal,MEDINIPUR EAST,2006,Whole Year,Sugarcane,151,11378,75.35099338
West Bengal,MEDINIPUR EAST,2006,Whole Year,Turmeric,1205,2788,2.313692946
West Bengal,MEDINIPUR EAST,2006,Winter,Rice,267420,540362,2.020649166
West Bengal,MEDINIPUR EAST,2007,Autumn,Rice,15473,20190,1.304853616
West Bengal,MEDINIPUR EAST,2007,Autumn,Sesamum,75,34,0.453333333
West Bengal,MEDINIPUR EAST,2007,Kharif,Cotton(lint),200,1200,6
West Bengal,MEDINIPUR EAST,2007,Kharif,Dry ginger,1165,1853,1.59055794
West Bengal,MEDINIPUR EAST,2007,Kharif,Garlic,348,3850,11.06321839
West Bengal,MEDINIPUR EAST,2007,Kharif,Jute,500,8355,16.71
West Bengal,MEDINIPUR EAST,2007,Kharif,Sannhamp,200,1200,6
West Bengal,MEDINIPUR EAST,2007,Kharif,Sunflower,1248,1378,1.104166667
West Bengal,MEDINIPUR EAST,2007,Kharif,Urad,117,35,0.299145299
West Bengal,MEDINIPUR EAST,2007,Rabi,Khesari,10641,8313,0.781223569
West Bengal,MEDINIPUR EAST,2007,Rabi,Rapeseed &Mustard,4057,2868,0.7069263
West Bengal,MEDINIPUR EAST,2007,Rabi,Wheat,529,1375,2.599243856
West Bengal,MEDINIPUR EAST,2007,Summer,Groundnut,16463,35116,2.133025572
West Bengal,MEDINIPUR EAST,2007,Summer,Moong(Green Gram),217,198,0.912442396
West Bengal,MEDINIPUR EAST,2007,Summer,Rice,157072,525727,3.347044667
West Bengal,MEDINIPUR EAST,2007,Summer,Sesamum,736,586,0.796195652
West Bengal,MEDINIPUR EAST,2007,Whole Year,Arecanut,1020,1260,1.235294118
West Bengal,MEDINIPUR EAST,2007,Whole Year,Coconut,3692,46905000,12704.49621
West Bengal,MEDINIPUR EAST,2007,Whole Year,Dry chillies,3445,7000,2.031930334
West Bengal,MEDINIPUR EAST,2007,Whole Year,Potato,4568,76242,16.69045534
West Bengal,MEDINIPUR EAST,2007,Whole Year,Sugarcane,145,15514,106.9931034
West Bengal,MEDINIPUR EAST,2007,Whole Year,Turmeric,1211,2996,2.473988439
West Bengal,MEDINIPUR EAST,2007,Winter,Rice,223794,275910,1.232874876
West Bengal,MEDINIPUR EAST,2008,Autumn,Rice,14820,4224,0.285020243
West Bengal,MEDINIPUR EAST,2008,Autumn,Sesamum,40,16,0.4
West Bengal,MEDINIPUR EAST,2008,Kharif,Cotton(lint),113,678,6
West Bengal,MEDINIPUR EAST,2008,Kharif,Dry ginger,1185,1853,1.56371308
West Bengal,MEDINIPUR EAST,2008,Kharif,Jute,455,7517,16.52087912
West Bengal,MEDINIPUR EAST,2008,Kharif,Sannhamp,74,296,4
West Bengal,MEDINIPUR EAST,2008,Kharif,Sunflower,144,149,1.034722222
West Bengal,MEDINIPUR EAST,2008,Kharif,Urad,119,46,0.386554622
West Bengal,MEDINIPUR EAST,2008,Rabi,Khesari,8791,599,0.068137868
West Bengal,MEDINIPUR EAST,2008,Rabi,Rapeseed &Mustard,4083,2574,0.63041881
West Bengal,MEDINIPUR EAST,2008,Rabi,Wheat,521,1267,2.431861804
West Bengal,MEDINIPUR EAST,2008,Summer,Groundnut,16979,25469,1.500029448
West Bengal,MEDINIPUR EAST,2008,Summer,Moong(Green Gram),206,174,0.844660194
West Bengal,MEDINIPUR EAST,2008,Summer,Rice,160437,395631,2.465958601
West Bengal,MEDINIPUR EAST,2008,Summer,Sesamum,694,935,1.347262248
West Bengal,MEDINIPUR EAST,2008,Whole Year,Arecanut,1025,1610,1.570731707
West Bengal,MEDINIPUR EAST,2008,Whole Year,Coconut,3707,41838,11.28621527
West Bengal,MEDINIPUR EAST,2008,Whole Year,Dry chillies,3385,6900,2.038404727
West Bengal,MEDINIPUR EAST,2008,Whole Year,Potato,4070,73751,18.12063882
West Bengal,MEDINIPUR EAST,2008,Whole Year,Sugarcane,145,17673,121.8827586
West Bengal,MEDINIPUR EAST,2008,Whole Year,Turmeric,1211,2996,2.473988439
West Bengal,MEDINIPUR EAST,2008,Winter,Rice,231482,480112,2.074079194
West Bengal,MEDINIPUR EAST,2009,Autumn,Rice,13882,24797,1.78626999
West Bengal,MEDINIPUR EAST,2009,Autumn,Sesamum,80,32,0.4
West Bengal,MEDINIPUR EAST,2009,Kharif,Jute,501,6914,13.8003992
West Bengal,MEDINIPUR EAST,2009,Kharif,Sannhamp,98,392,4
West Bengal,MEDINIPUR EAST,2009,Kharif,Sunflower,356,529,1.485955056
West Bengal,MEDINIPUR EAST,2009,Kharif,Urad,65,19,0.292307692
West Bengal,MEDINIPUR EAST,2009,Rabi,Khesari,8754,723,0.082590816
West Bengal,MEDINIPUR EAST,2009,Rabi,Potato,4560,129110,28.31359649
West Bengal,MEDINIPUR EAST,2009,Rabi,Rapeseed &Mustard,3538,4183,1.182306388
West Bengal,MEDINIPUR EAST,2009,Rabi,Wheat,492,1205,2.449186992
West Bengal,MEDINIPUR EAST,2009,Summer,Groundnut,17090,25174,1.473025161
West Bengal,MEDINIPUR EAST,2009,Summer,Moong(Green Gram),175,112,0.64
West Bengal,MEDINIPUR EAST,2009,Summer,Rice,162366,476437,2.934339702
West Bengal,MEDINIPUR EAST,2009,Summer,Sesamum,833,669,0.803121248
West Bengal,MEDINIPUR EAST,2009,Whole Year,Sugarcane,195,16204,83.0974359
West Bengal,MEDINIPUR EAST,2009,Winter,Rice,264134,536888,2.03263495
West Bengal,MEDINIPUR EAST,2010,Autumn,Rice,14685,30107,2.050187266
West Bengal,MEDINIPUR EAST,2010,Autumn,Sesamum,30,12,0.4
West Bengal,MEDINIPUR EAST,2010,Kharif,Jute,671,11736,17.49031297
West Bengal,MEDINIPUR EAST,2010,Kharif,Sannhamp,35,98,2.8
West Bengal,MEDINIPUR EAST,2010,Kharif,Sunflower,156,171,1.096153846
West Bengal,MEDINIPUR EAST,2010,Kharif,Urad,94,16,0.170212766
West Bengal,MEDINIPUR EAST,2010,Rabi,Khesari,6635,9088,1.369706104
West Bengal,MEDINIPUR EAST,2010,Rabi,Potato,4872,129602,26.60139573
West Bengal,MEDINIPUR EAST,2010,Rabi,Rapeseed &Mustard,6435,7121,1.106604507
West Bengal,MEDINIPUR EAST,2010,Rabi,Wheat,565,1452,2.569911504
West Bengal,MEDINIPUR EAST,2010,Summer,Groundnut,15560,22951,1.475
West Bengal,MEDINIPUR EAST,2010,Summer,Moong(Green Gram),124,85,0.685483871
West Bengal,MEDINIPUR EAST,2010,Summer,Rice,168447,590050,3.502882212
West Bengal,MEDINIPUR EAST,2010,Summer,Sesamum,154,179,1.162337662
West Bengal,MEDINIPUR EAST,2010,Winter,Rice,266350,608689,2.285297541
West Bengal,MEDINIPUR EAST,2011,Autumn,Rice,13038,24244,1.859487651
West Bengal,MEDINIPUR EAST,2011,Autumn,Sesamum,32,13,0.40625
West Bengal,MEDINIPUR EAST,2011,Kharif,Jute,521,9758,18.7293666
West Bengal,MEDINIPUR EAST,2011,Kharif,Sannhamp,60,240,4
West Bengal,MEDINIPUR EAST,2011,Kharif,Sunflower,213,238,1.117370892
West Bengal,MEDINIPUR EAST,2011,Kharif,Urad,137,39,0.284671533
West Bengal,MEDINIPUR EAST,2011,Rabi,Khesari,6737,9229,1.369897581
West Bengal,MEDINIPUR EAST,2011,Rabi,Potato,4438,111703,25.16967102
West Bengal,MEDINIPUR EAST,2011,Rabi,Rapeseed &Mustard,7434,5422,0.729351628
West Bengal,MEDINIPUR EAST,2011,Rabi,Wheat,489,1189,2.431492843
West Bengal,MEDINIPUR EAST,2011,Summer,Groundnut,19619,73008,3.721290586
West Bengal,MEDINIPUR EAST,2011,Summer,Maize,128,205,1.6015625
West Bengal,MEDINIPUR EAST,2011,Summer,Moong(Green Gram),192,133,0.692708333
West Bengal,MEDINIPUR EAST,2011,Summer,Rice,126808,438394,3.457147814
West Bengal,MEDINIPUR EAST,2011,Summer,Sesamum,105,119,1.133333333
West Bengal,MEDINIPUR EAST,2011,Winter,Rice,259876,547586,2.107104927
West Bengal,MEDINIPUR EAST,2012,Autumn,Rice,11357,22540,1.984679053
West Bengal,MEDINIPUR EAST,2012,Autumn,Sesamum,10,4,0.4
West Bengal,MEDINIPUR EAST,2012,Kharif,Jute,488,7643,15.66188525
West Bengal,MEDINIPUR EAST,2012,Kharif,Sannhamp,80,320,4
West Bengal,MEDINIPUR EAST,2012,Kharif,Sunflower,353,635,1.798866856
West Bengal,MEDINIPUR EAST,2012,Kharif,Urad,112,32,0.285714286
West Bengal,MEDINIPUR EAST,2012,Rabi,Arhar/Tur,9,12,1.333333333
West Bengal,MEDINIPUR EAST,2012,Rabi,Khesari,6768,11407,1.685431442
West Bengal,MEDINIPUR EAST,2012,Rabi,Potato,4312,108759,25.2224026
West Bengal,MEDINIPUR EAST,2012,Rabi,Rapeseed &Mustard,1216,1556,1.279605263
West Bengal,MEDINIPUR EAST,2012,Rabi,Wheat,514,1318,2.564202335
West Bengal,MEDINIPUR EAST,2012,Summer,Groundnut,17718,36992,2.087820296
West Bengal,MEDINIPUR EAST,2012,Summer,Maize,78,125,1.602564103
West Bengal,MEDINIPUR EAST,2012,Summer,Moong(Green Gram),164,354,2.158536585
West Bengal,MEDINIPUR EAST,2012,Summer,Rice,135070,447040,3.309691271
West Bengal,MEDINIPUR EAST,2012,Summer,Sesamum,20,19,0.95
West Bengal,MEDINIPUR EAST,2012,Winter,Rice,256014,590720,2.307373815
West Bengal,MEDINIPUR EAST,2013,Autumn,Rice,11455,23297,2.033784374
West Bengal,MEDINIPUR EAST,2013,Autumn,Sesamum,25,10,0.4
West Bengal,MEDINIPUR EAST,2013,Kharif,Jute,367,4969,13.53950954
West Bengal,MEDINIPUR EAST,2013,Kharif,Sannhamp,54,216,4
West Bengal,MEDINIPUR EAST,2013,Kharif,Sunflower,353,635,1.798866856
West Bengal,MEDINIPUR EAST,2013,Kharif,Urad,346,69,0.199421965
West Bengal,MEDINIPUR EAST,2013,Rabi,Khesari,7774,11638,1.49704142
West Bengal,MEDINIPUR EAST,2013,Rabi,Masoor,41,46,1.12195122
West Bengal,MEDINIPUR EAST,2013,Rabi,Potato,3751,112425,29.97200746
West Bengal,MEDINIPUR EAST,2013,Rabi,Rapeseed &Mustard,1517,1449,0.955174687
West Bengal,MEDINIPUR EAST,2013,Rabi,Wheat,509,1336,2.62475442
West Bengal,MEDINIPUR EAST,2013,Summer,Groundnut,16801,36859,2.193857508
West Bengal,MEDINIPUR EAST,2013,Summer,Maize,103,165,1.601941748
West Bengal,MEDINIPUR EAST,2013,Summer,Moong(Green Gram),107,124,1.158878505
West Bengal,MEDINIPUR EAST,2013,Summer,Rice,139959,476928,3.407626519
West Bengal,MEDINIPUR EAST,2013,Summer,Sesamum,169,197,1.165680473
West Bengal,MEDINIPUR EAST,2013,Winter,Rice,237323,376132,1.584894848
West Bengal,MEDINIPUR EAST,2014,Autumn,Rice,15111,34064,2.254251869
West Bengal,MEDINIPUR EAST,2014,Autumn,Sesamum,15,6,0.4
West Bengal,MEDINIPUR EAST,2014,Kharif,Jute,557,7099,12.74506284
West Bengal,MEDINIPUR EAST,2014,Kharif,Sannhamp,65,259,3.984615385
West Bengal,MEDINIPUR EAST,2014,Kharif,Sunflower,356,635,1.783707865
West Bengal,MEDINIPUR EAST,2014,Kharif,Urad,425,118,0.277647059
West Bengal,MEDINIPUR EAST,2014,Rabi,Khesari,8520,14578,1.711032864
West Bengal,MEDINIPUR EAST,2014,Rabi,Masoor,12,15,1.25
West Bengal,MEDINIPUR EAST,2014,Rabi,Potato,2836,74363,26.22108604
West Bengal,MEDINIPUR EAST,2014,Rabi,Rapeseed &Mustard,1224,1618,1.321895425
West Bengal,MEDINIPUR EAST,2014,Rabi,Wheat,524,1444,2.755725191
West Bengal,MEDINIPUR EAST,2014,Summer,Groundnut,17994,52469,2.915916417
West Bengal,MEDINIPUR EAST,2014,Summer,Maize,116,185,1.594827586
West Bengal,MEDINIPUR EAST,2014,Summer,Moong(Green Gram),268,274,1.02238806
West Bengal,MEDINIPUR EAST,2014,Summer,Rice,159819,563332,3.524812444
West Bengal,MEDINIPUR EAST,2014,Summer,Sesamum,250,281,1.124
West Bengal,MEDINIPUR EAST,2014,Winter,Rice,254064,546260,2.150088167
West Bengal,MEDINIPUR WEST,1997,Autumn,Rice,55288,105780,1.913254232
West Bengal,MEDINIPUR WEST,1997,Kharif,Horse-gram,1650,825,0.5
West Bengal,MEDINIPUR WEST,1997,Kharif,Jute,3575,57390,16.05314685
West Bengal,MEDINIPUR WEST,1997,Kharif,Mesta,39,350,8.974358974
West Bengal,MEDINIPUR WEST,1997,Kharif,Moong(Green Gram),405,223,0.550617284
West Bengal,MEDINIPUR WEST,1997,Kharif,Soyabean,258,103,0.399224806
West Bengal,MEDINIPUR WEST,1997,Kharif,Urad,47,30,0.638297872
West Bengal,MEDINIPUR WEST,1997,Rabi,Gram,347,210,0.60518732
West Bengal,MEDINIPUR WEST,1997,Rabi,Khesari,11,20,1.818181818
West Bengal,MEDINIPUR WEST,1997,Rabi,Masoor,49,40,0.816326531
West Bengal,MEDINIPUR WEST,1997,Rabi,Moong(Green Gram),1372,686,0.5
West Bengal,MEDINIPUR WEST,1997,Rabi,Oilseeds total,5251200,3519600,0.670246801
West Bengal,MEDINIPUR WEST,1997,Rabi,Urad,1507,754,0.500331785
West Bengal,MEDINIPUR WEST,1997,Rabi,Wheat,15088,27580,1.827942736
West Bengal,MEDINIPUR WEST,1997,Summer,Moong(Green Gram),2106,76,0.036087369
West Bengal,MEDINIPUR WEST,1997,Summer,Rice,112016,278590,2.487055421
West Bengal,MEDINIPUR WEST,1997,Whole Year,Arecanut,77,95,1.233766234
West Bengal,MEDINIPUR WEST,1997,Whole Year,Arhar/Tur,304,60,0.197368421
West Bengal,MEDINIPUR WEST,1997,Whole Year,Barley,1,10,10
West Bengal,MEDINIPUR WEST,1997,Whole Year,Castor seed,660,46,0.06969697
West Bengal,MEDINIPUR WEST,1997,Whole Year,Coconut,1040,19864,19.1
West Bengal,MEDINIPUR WEST,1997,Whole Year,Dry chillies,4486,4075,0.908381632
West Bengal,MEDINIPUR WEST,1997,Whole Year,Groundnut,7285,4320,0.592999314
West Bengal,MEDINIPUR WEST,1997,Whole Year,Linseed,184,20,0.108695652
West Bengal,MEDINIPUR WEST,1997,Whole Year,Maize,152,120,0.789473684
West Bengal,MEDINIPUR WEST,1997,Whole Year,Niger seed,88,9,0.102272727
West Bengal,MEDINIPUR WEST,1997,Whole Year,Potato,44109,1165840,26.43088712
West Bengal,MEDINIPUR WEST,1997,Whole Year,Pulses total,806300,372100,0.46149076
West Bengal,MEDINIPUR WEST,1997,Whole Year,Rapeseed &Mustard,18005,13650,0.758122744
West Bengal,MEDINIPUR WEST,1997,Whole Year,Safflower,1200,100,0.083333333
West Bengal,MEDINIPUR WEST,1997,Whole Year,Sannhamp,695,2780,4
West Bengal,MEDINIPUR WEST,1997,Whole Year,Sesamum,26872,17150,0.638210777
West Bengal,MEDINIPUR WEST,1997,Whole Year,Sugarcane,5063,427600,84.45585621
West Bengal,MEDINIPUR WEST,1997,Whole Year,Turmeric,1214,1335,1.099670511
West Bengal,MEDINIPUR WEST,1997,Winter,Rice,434653,952270,2.1908741
West Bengal,MEDINIPUR WEST,1998,Autumn,Rice,48017,64848,1.35052169
West Bengal,MEDINIPUR WEST,1998,Kharif,Arhar/Tur,361,250,0.692520776
West Bengal,MEDINIPUR WEST,1998,Kharif,Dry ginger,1388,3498,2.520172911
West Bengal,MEDINIPUR WEST,1998,Kharif,Jute,3092,59490,19.23997413
West Bengal,MEDINIPUR WEST,1998,Kharif,Maize,19,20,1.052631579
West Bengal,MEDINIPUR WEST,1998,Kharif,Mesta,3,20,6.666666667
West Bengal,MEDINIPUR WEST,1998,Kharif,Moong(Green Gram),195,98,0.502564103
West Bengal,MEDINIPUR WEST,1998,Kharif,Niger seed,95,11,0.115789474
West Bengal,MEDINIPUR WEST,1998,Kharif,Soyabean,26,10,0.384615385
West Bengal,MEDINIPUR WEST,1998,Kharif,Urad,672,140,0.208333333
West Bengal,MEDINIPUR WEST,1998,Rabi,Castor seed,54,38,0.703703704
West Bengal,MEDINIPUR WEST,1998,Rabi,Gram,6,10,1.666666667
West Bengal,MEDINIPUR WEST,1998,Rabi,Horse-gram,1965,1179,0.6
West Bengal,MEDINIPUR WEST,1998,Rabi,Khesari,37,30,0.810810811
West Bengal,MEDINIPUR WEST,1998,Rabi,Linseed,4,1,0.25
West Bengal,MEDINIPUR WEST,1998,Rabi,Masoor,45,30,0.666666667
West Bengal,MEDINIPUR WEST,1998,Rabi,Moong(Green Gram),1445,795,0.55017301
West Bengal,MEDINIPUR WEST,1998,Rabi,Rapeseed &Mustard,15866,10250,0.646035548
West Bengal,MEDINIPUR WEST,1998,Rabi,Safflower,5,1,0.2
West Bengal,MEDINIPUR WEST,1998,Rabi,Urad,1657,870,0.525045263
West Bengal,MEDINIPUR WEST,1998,Rabi,Wheat,14824,27980,1.887479763
West Bengal,MEDINIPUR WEST,1998,Summer,Moong(Green Gram),2637,870,0.329920364
West Bengal,MEDINIPUR WEST,1998,Summer,Rice,118934,337304,2.836060336
West Bengal,MEDINIPUR WEST,1998,Whole Year,Arecanut,78,65,0.833333333
West Bengal,MEDINIPUR WEST,1998,Whole Year,Coconut,1045,16929,16.2
West Bengal,MEDINIPUR WEST,1998,Whole Year,Dry chillies,6172,5749,0.931464679
West Bengal,MEDINIPUR WEST,1998,Whole Year,Groundnut,6740,4569,0.677893175
West Bengal,MEDINIPUR WEST,1998,Whole Year,Potato,48313,1121718,23.21772608
West Bengal,MEDINIPUR WEST,1998,Whole Year,Sannhamp,635,2540,4
West Bengal,MEDINIPUR WEST,1998,Whole Year,Sesamum,17304,18056,1.04345816
West Bengal,MEDINIPUR WEST,1998,Whole Year,Sugarcane,5073,485550,95.7125961
West Bengal,MEDINIPUR WEST,1998,Whole Year,Turmeric,1215,1276,1.050205761
West Bengal,MEDINIPUR WEST,1998,Winter,Rice,383438,715610,1.866299115
West Bengal,MEDINIPUR WEST,1999,Autumn,Dry chillies,1150,1380,1.2
West Bengal,MEDINIPUR WEST,1999,Autumn,Rice,53589,107930,2.014032731
West Bengal,MEDINIPUR WEST,1999,Autumn,Sannhamp,490,1911,3.9
West Bengal,MEDINIPUR WEST,1999,Autumn,Sesamum,202,91,0.45049505
West Bengal,MEDINIPUR WEST,1999,Kharif,Arhar/Tur,496,406,0.818548387
West Bengal,MEDINIPUR WEST,1999,Kharif,Castor seed,35,24,0.685714286
West Bengal,MEDINIPUR WEST,1999,Kharif,Dry ginger,1170,2984,2.55042735
West Bengal,MEDINIPUR WEST,1999,Kharif,Groundnut,1094,656,0.599634369
West Bengal,MEDINIPUR WEST,1999,Kharif,Jute,2938,59410,20.22123894
West Bengal,MEDINIPUR WEST,1999,Kharif,Maize,891,1380,1.548821549
West Bengal,MEDINIPUR WEST,1999,Kharif,Mesta,203,1970,9.704433498
West Bengal,MEDINIPUR WEST,1999,Kharif,Moong(Green Gram),135,74,0.548148148
West Bengal,MEDINIPUR WEST,1999,Kharif,Niger seed,65,8,0.123076923
West Bengal,MEDINIPUR WEST,1999,Kharif,Other Kharif pulses,328,126,0.384146341
West Bengal,MEDINIPUR WEST,1999,Kharif,Soyabean,10,1,0.1
West Bengal,MEDINIPUR WEST,1999,Kharif,Sunflower,13,2,0.153846154
West Bengal,MEDINIPUR WEST,1999,Kharif,Urad,664,367,0.552710843
West Bengal,MEDINIPUR WEST,1999,Rabi,Dry chillies,3420,2924,0.85497076
West Bengal,MEDINIPUR WEST,1999,Rabi,Gram,30,30,1
West Bengal,MEDINIPUR WEST,1999,Rabi,Groundnut,1330,1130,0.84962406
West Bengal,MEDINIPUR WEST,1999,Rabi,Horse-gram,1185,723,0.610126582
West Bengal,MEDINIPUR WEST,1999,Rabi,Khesari,8,9,1.125
West Bengal,MEDINIPUR WEST,1999,Rabi,Linseed,6,2,0.333333333
West Bengal,MEDINIPUR WEST,1999,Rabi,Masoor,130,106,0.815384615
West Bengal,MEDINIPUR WEST,1999,Rabi,Moong(Green Gram),1000,560,0.56
West Bengal,MEDINIPUR WEST,1999,Rabi,Rapeseed &Mustard,12029,7683,0.638706459
West Bengal,MEDINIPUR WEST,1999,Rabi,Safflower,10,1,0.1
West Bengal,MEDINIPUR WEST,1999,Rabi,Urad,1535,798,0.519869707
West Bengal,MEDINIPUR WEST,1999,Rabi,Wheat,9330,17220,1.845659164
West Bengal,MEDINIPUR WEST,1999,Summer,Groundnut,3610,3430,0.950138504
West Bengal,MEDINIPUR WEST,1999,Summer,Moong(Green Gram),2073,1700,0.820067535
West Bengal,MEDINIPUR WEST,1999,Summer,Rice,125011,364010,2.91182376
West Bengal,MEDINIPUR WEST,1999,Summer,Sesamum,21949,16220,0.738985831
West Bengal,MEDINIPUR WEST,1999,Whole Year,Arecanut,78,65,0.833333333
West Bengal,MEDINIPUR WEST,1999,Whole Year,Coconut,1046,18305,17.5
West Bengal,MEDINIPUR WEST,1999,Whole Year,Sugarcane,4609,503662,109.2779345
West Bengal,MEDINIPUR WEST,1999,Whole Year,Turmeric,1239,1487,1.200161421
West Bengal,MEDINIPUR WEST,1999,Winter,Potato,50314,1332062,26.47497714
West Bengal,MEDINIPUR WEST,1999,Winter,Rice,431040,890840,2.066722346
West Bengal,MEDINIPUR WEST,1999,Winter,Sesamum,30,12,0.4
West Bengal,MEDINIPUR WEST,2000,Autumn,Rice,60201,121010,2.0100995
West Bengal,MEDINIPUR WEST,2000,Kharif,Arhar/Tur,2419,2380,0.983877635
West Bengal,MEDINIPUR WEST,2000,Kharif,Castor seed,100,127,1.27
West Bengal,MEDINIPUR WEST,2000,Kharif,Dry ginger,1080,2916,2.7
West Bengal,MEDINIPUR WEST,2000,Kharif,Groundnut,655,360,0.549618321
West Bengal,MEDINIPUR WEST,2000,Kharif,Jowar,20,20,1
West Bengal,MEDINIPUR WEST,2000,Kharif,Jute,2876,49600,17.24617524
West Bengal,MEDINIPUR WEST,2000,Kharif,Maize,1651,3030,1.835251363
West Bengal,MEDINIPUR WEST,2000,Kharif,Mesta,350,1990,5.685714286
West Bengal,MEDINIPUR WEST,2000,Kharif,Moong(Green Gram),280,157,0.560714286
West Bengal,MEDINIPUR WEST,2000,Kharif,Niger seed,55,11,0.2
West Bengal,MEDINIPUR WEST,2000,Kharif,Sunflower,3,8,2.666666667
West Bengal,MEDINIPUR WEST,2000,Kharif,Urad,1112,440,0.395683453
West Bengal,MEDINIPUR WEST,2000,Rabi,Gram,287,240,0.836236934
West Bengal,MEDINIPUR WEST,2000,Rabi,Groundnut,1978,2793,1.412032356
West Bengal,MEDINIPUR WEST,2000,Rabi,Horse-gram,1500,900,0.6
West Bengal,MEDINIPUR WEST,2000,Rabi,Khesari,7748,10280,1.326794011
West Bengal,MEDINIPUR WEST,2000,Rabi,Linseed,1,2,2
West Bengal,MEDINIPUR WEST,2000,Rabi,Masoor,373,500,1.340482574
West Bengal,MEDINIPUR WEST,2000,Rabi,Moong(Green Gram),1400,910,0.65
West Bengal,MEDINIPUR WEST,2000,Rabi,Peas & beans (Pulses),101,80,0.792079208
West Bengal,MEDINIPUR WEST,2000,Rabi,Rapeseed &Mustard,18951,20620,1.088069231
West Bengal,MEDINIPUR WEST,2000,Rabi,Urad,1900,1140,0.6
West Bengal,MEDINIPUR WEST,2000,Rabi,Wheat,12865,29320,2.279051691
West Bengal,MEDINIPUR WEST,2000,Summer,Groundnut,3590,6031,1.67994429
West Bengal,MEDINIPUR WEST,2000,Summer,Moong(Green Gram),1498,1290,0.861148198
West Bengal,MEDINIPUR WEST,2000,Summer,Rice,99230,299473,3.017968356
West Bengal,MEDINIPUR WEST,2000,Whole Year,Arecanut,85,109,1.282352941
West Bengal,MEDINIPUR WEST,2000,Whole Year,Coconut,1070,18190,17
West Bengal,MEDINIPUR WEST,2000,Whole Year,Dry chillies,4415,5863,1.32797282
West Bengal,MEDINIPUR WEST,2000,Whole Year,Potato,39842,1154904,28.98709904
West Bengal,MEDINIPUR WEST,2000,Whole Year,Sannhamp,500,1900,3.8
West Bengal,MEDINIPUR WEST,2000,Whole Year,Sesamum,22259,22756,1.022328047
West Bengal,MEDINIPUR WEST,2000,Whole Year,Sugarcane,4594,348710,75.90552895
West Bengal,MEDINIPUR WEST,2000,Whole Year,Turmeric,1295,1036,0.8
West Bengal,MEDINIPUR WEST,2000,Winter,Rice,420822,923770,2.195156147
West Bengal,MEDINIPUR WEST,2001,Autumn,Rice,25855,58679,2.269541675
West Bengal,MEDINIPUR WEST,2001,Kharif,Arhar/Tur,834,289,0.346522782
West Bengal,MEDINIPUR WEST,2001,Kharif,Castor seed,80,73,0.9125
West Bengal,MEDINIPUR WEST,2001,Kharif,Dry ginger,1295,1832,1.414671815
West Bengal,MEDINIPUR WEST,2001,Kharif,Groundnut,593,374,0.6306914
West Bengal,MEDINIPUR WEST,2001,Kharif,Jowar,75,75,1
West Bengal,MEDINIPUR WEST,2001,Kharif,Jute,2793,48240,17.27175081
West Bengal,MEDINIPUR WEST,2001,Kharif,Maize,875,1556,1.778285714
West Bengal,MEDINIPUR WEST,2001,Kharif,Mesta,28,80,2.857142857
West Bengal,MEDINIPUR WEST,2001,Kharif,Moong(Green Gram),164,71,0.432926829
West Bengal,MEDINIPUR WEST,2001,Kharif,Niger seed,45,13,0.288888889
West Bengal,MEDINIPUR WEST,2001,Kharif,Other Kharif pulses,285,285,1
West Bengal,MEDINIPUR WEST,2001,Kharif,Sunflower,13,2,0.153846154
West Bengal,MEDINIPUR WEST,2001,Kharif,Urad,792,405,0.511363636
West Bengal,MEDINIPUR WEST,2001,Rabi,Gram,54,55,1.018518519
West Bengal,MEDINIPUR WEST,2001,Rabi,Groundnut,1395,2052,1.470967742
West Bengal,MEDINIPUR WEST,2001,Rabi,Horse-gram,885,531,0.6
West Bengal,MEDINIPUR WEST,2001,Rabi,Khesari,270,372,1.377777778
West Bengal,MEDINIPUR WEST,2001,Rabi,Masoor,134,,
West Bengal,MEDINIPUR WEST,2001,Rabi,Moong(Green Gram),1002,595,0.593812375
West Bengal,MEDINIPUR WEST,2001,Rabi,Rapeseed &Mustard,18426,12155,0.65966569
West Bengal,MEDINIPUR WEST,2001,Rabi,Urad,1735,1254,0.722766571
West Bengal,MEDINIPUR WEST,2001,Rabi,Wheat,16395,33869,2.065812748
West Bengal,MEDINIPUR WEST,2001,Summer,Groundnut,3590,6031,1.67994429
West Bengal,MEDINIPUR WEST,2001,Summer,Moong(Green Gram),1604,1208,0.753117207
West Bengal,MEDINIPUR WEST,2001,Summer,Rice,150870,456735,3.02734142
West Bengal,MEDINIPUR WEST,2001,Whole Year,Arecanut,86,111,1.290697674
West Bengal,MEDINIPUR WEST,2001,Whole Year,Coconut,1100,19140,17.4
West Bengal,MEDINIPUR WEST,2001,Whole Year,Dry chillies,4750,4211,0.886526316
West Bengal,MEDINIPUR WEST,2001,Whole Year,Potato,47133,1335442,28.33348185
West Bengal,MEDINIPUR WEST,2001,Whole Year,Sannhamp,435,1696,3.898850575
West Bengal,MEDINIPUR WEST,2001,Whole Year,Sesamum,31036,28817,0.928502384
West Bengal,MEDINIPUR WEST,2001,Whole Year,Turmeric,1300,1092,0.84
West Bengal,MEDINIPUR WEST,2001,Winter,Rice,333854,754219,2.259128242
West Bengal,MEDINIPUR WEST,2002,Autumn,Dry chillies,1317,968,0.735003797
West Bengal,MEDINIPUR WEST,2002,Autumn,Rice,51449,118717,2.307469533
West Bengal,MEDINIPUR WEST,2002,Autumn,Sesamum,273,156,0.571428571
West Bengal,MEDINIPUR WEST,2002,Kharif,Arhar/Tur,558,379,0.67921147
West Bengal,MEDINIPUR WEST,2002,Kharif,Castor seed,45,42,0.933333333
West Bengal,MEDINIPUR WEST,2002,Kharif,Dry ginger,1538,2010,1.306892068
West Bengal,MEDINIPUR WEST,2002,Kharif,Groundnut,418,446,1.066985646
West Bengal,MEDINIPUR WEST,2002,Kharif,Jowar,75,75,1
West Bengal,MEDINIPUR WEST,2002,Kharif,Jute,7286,118387,16.24855888
West Bengal,MEDINIPUR WEST,2002,Kharif,Maize,160,268,1.675
West Bengal,MEDINIPUR WEST,2002,Kharif,Moong(Green Gram),165,90,0.545454545
West Bengal,MEDINIPUR WEST,2002,Kharif,Niger seed,95,28,0.294736842
West Bengal,MEDINIPUR WEST,2002,Kharif,Other Kharif pulses,275,289,1.050909091
West Bengal,MEDINIPUR WEST,2002,Kharif,Sunflower,13,2,0.153846154
West Bengal,MEDINIPUR WEST,2002,Kharif,Urad,820,228,0.27804878
West Bengal,MEDINIPUR WEST,2002,Rabi,Dry chillies,4520,4303,0.95199115
West Bengal,MEDINIPUR WEST,2002,Rabi,Gram,342,298,0.871345029
West Bengal,MEDINIPUR WEST,2002,Rabi,Groundnut,790,1460,1.848101266
West Bengal,MEDINIPUR WEST,2002,Rabi,Horse-gram,1301,908,0.697924673
West Bengal,MEDINIPUR WEST,2002,Rabi,Khesari,952,767,0.805672269
West Bengal,MEDINIPUR WEST,2002,Rabi,Masoor,519,352,0.67822736
West Bengal,MEDINIPUR WEST,2002,Rabi,Moong(Green Gram),843,574,0.680901542
West Bengal,MEDINIPUR WEST,2002,Rabi,Peas & beans (Pulses),1,1,1
West Bengal,MEDINIPUR WEST,2002,Rabi,Rapeseed &Mustard,18451,14372,0.778927971
West Bengal,MEDINIPUR WEST,2002,Rabi,Urad,1340,1114,0.831343284
West Bengal,MEDINIPUR WEST,2002,Rabi,Wheat,11347,17402,1.533621221
West Bengal,MEDINIPUR WEST,2002,Summer,Groundnut,3590,6031,1.67994429
West Bengal,MEDINIPUR WEST,2002,Summer,Moong(Green Gram),2793,1662,0.595059076
West Bengal,MEDINIPUR WEST,2002,Summer,Rice,109989,316139,2.874278337
West Bengal,MEDINIPUR WEST,2002,Summer,Sesamum,41710,34184,0.819563654
West Bengal,MEDINIPUR WEST,2002,Whole Year,Arecanut,125,299,2.392
West Bengal,MEDINIPUR WEST,2002,Whole Year,Coconut,1014,15836.7,15.61804734
West Bengal,MEDINIPUR WEST,2002,Whole Year,Sannhamp,438,1897,4.331050228
West Bengal,MEDINIPUR WEST,2002,Whole Year,Sugarcane,2931,157863,53.85977482
West Bengal,MEDINIPUR WEST,2002,Whole Year,Turmeric,1543,2071,1.342190538
West Bengal,MEDINIPUR WEST,2002,Winter,Potato,67046,1841788,27.47051278
West Bengal,MEDINIPUR WEST,2002,Winter,Rice,480710,1116911,2.32346113
West Bengal,MEDINIPUR WEST,2002,Winter,Sesamum,836,364,0.435406699
West Bengal,MEDINIPUR WEST,2003,Autumn,Rice,52853,104593,1.978941593
West Bengal,MEDINIPUR WEST,2003,Kharif,Arhar/Tur,1239,1515,1.222760291
West Bengal,MEDINIPUR WEST,2003,Kharif,Castor seed,40,48,1.2
West Bengal,MEDINIPUR WEST,2003,Kharif,Dry ginger,1145,1555,1.358078603
West Bengal,MEDINIPUR WEST,2003,Kharif,Groundnut,545,616,1.130275229
West Bengal,MEDINIPUR WEST,2003,Kharif,Jute,5888,77912,13.23233696
West Bengal,MEDINIPUR WEST,2003,Kharif,Maize,803,1642,2.04483188
West Bengal,MEDINIPUR WEST,2003,Kharif,Mesta,23,337,14.65217391
West Bengal,MEDINIPUR WEST,2003,Kharif,Moong(Green Gram),165,90,0.545454545
West Bengal,MEDINIPUR WEST,2003,Kharif,Niger seed,82,29,0.353658537
West Bengal,MEDINIPUR WEST,2003,Kharif,Other Kharif pulses,275,289,1.050909091
West Bengal,MEDINIPUR WEST,2003,Kharif,Sunflower,360,396,1.1
West Bengal,MEDINIPUR WEST,2003,Kharif,Urad,459,129,0.281045752
West Bengal,MEDINIPUR WEST,2003,Rabi,Gram,477,545,1.142557652
West Bengal,MEDINIPUR WEST,2003,Rabi,Groundnut,1600,2376,1.485
West Bengal,MEDINIPUR WEST,2003,Rabi,Horse-gram,850,480,0.564705882
West Bengal,MEDINIPUR WEST,2003,Rabi,Khesari,648,724,1.117283951
West Bengal,MEDINIPUR WEST,2003,Rabi,Masoor,639,383,0.599374022
West Bengal,MEDINIPUR WEST,2003,Rabi,Moong(Green Gram),633,447,0.706161137
West Bengal,MEDINIPUR WEST,2003,Rabi,Peas & beans (Pulses),188,215,1.143617021
West Bengal,MEDINIPUR WEST,2003,Rabi,Rapeseed &Mustard,21005,17838,0.849226375
West Bengal,MEDINIPUR WEST,2003,Rabi,Urad,1110,988,0.89009009
West Bengal,MEDINIPUR WEST,2003,Rabi,Wheat,12133,22125,1.823539108
West Bengal,MEDINIPUR WEST,2003,Summer,Groundnut,7270,11806,1.623933975
West Bengal,MEDINIPUR WEST,2003,Summer,Moong(Green Gram),2019,1087,0.538385339
West Bengal,MEDINIPUR WEST,2003,Summer,Rice,117115,335752,2.866857362
West Bengal,MEDINIPUR WEST,2003,Whole Year,Arecanut,126,202,1.603174603
West Bengal,MEDINIPUR WEST,2003,Whole Year,Coconut,1146,18454,16.10296684
West Bengal,MEDINIPUR WEST,2003,Whole Year,Dry chillies,5891,4970,0.84365982
West Bengal,MEDINIPUR WEST,2003,Whole Year,Potato,61080,1547504,25.3356909
West Bengal,MEDINIPUR WEST,2003,Whole Year,Sannhamp,418,2169,5.188995215
West Bengal,MEDINIPUR WEST,2003,Whole Year,Sesamum,46894,43377,0.925001066
West Bengal,MEDINIPUR WEST,2003,Whole Year,Sugarcane,2321,178170,76.76432572
West Bengal,MEDINIPUR WEST,2003,Whole Year,Turmeric,1420,1891,1.331690141
West Bengal,MEDINIPUR WEST,2003,Winter,Rice,481448,1067856,2.218009006
West Bengal,MEDINIPUR WEST,2004,Autumn,Rice,52839,106414,2.013929105
West Bengal,MEDINIPUR WEST,2004,Kharif,Dry ginger,1355,1850,1.365313653
West Bengal,MEDINIPUR WEST,2004,Kharif,Jute,5473,72470,13.24136671
West Bengal,MEDINIPUR WEST,2004,Kharif,Maize,869,1538,1.769850403
West Bengal,MEDINIPUR WEST,2004,Kharif,Mesta,27,14,0.518518519
West Bengal,MEDINIPUR WEST,2004,Kharif,Moong(Green Gram),150,76,0.506666667
West Bengal,MEDINIPUR WEST,2004,Kharif,Niger seed,80,32,0.4
West Bengal,MEDINIPUR WEST,2004,Kharif,Other Kharif pulses,370,345,0.932432432
West Bengal,MEDINIPUR WEST,2004,Kharif,Sunflower,422,419,0.992890995
West Bengal,MEDINIPUR WEST,2004,Kharif,Urad,321,139,0.433021807
West Bengal,MEDINIPUR WEST,2004,Rabi,Arhar/Tur,654,381,0.582568807
West Bengal,MEDINIPUR WEST,2004,Rabi,Castor seed,45,43,0.955555556
West Bengal,MEDINIPUR WEST,2004,Rabi,Gram,178,146,0.820224719
West Bengal,MEDINIPUR WEST,2004,Rabi,Horse-gram,815,456,0.559509202
West Bengal,MEDINIPUR WEST,2004,Rabi,Khesari,1014,918,0.905325444
West Bengal,MEDINIPUR WEST,2004,Rabi,Linseed,18,5,0.277777778
West Bengal,MEDINIPUR WEST,2004,Rabi,Masoor,272,91,0.334558824
West Bengal,MEDINIPUR WEST,2004,Rabi,Moong(Green Gram),675,485,0.718518519
West Bengal,MEDINIPUR WEST,2004,Rabi,Peas & beans (Pulses),7,5,0.714285714
West Bengal,MEDINIPUR WEST,2004,Rabi,Rapeseed &Mustard,21672,16027,0.739525655
West Bengal,MEDINIPUR WEST,2004,Rabi,Urad,1185,1114,0.940084388
West Bengal,MEDINIPUR WEST,2004,Rabi,Wheat,11463,24123,2.104422926
West Bengal,MEDINIPUR WEST,2004,Summer,Moong(Green Gram),2033,673,0.331037875
West Bengal,MEDINIPUR WEST,2004,Summer,Rice,121743,370448,3.042868995
West Bengal,MEDINIPUR WEST,2004,Whole Year,Coconut,1150,18433.4,16.02904348
West Bengal,MEDINIPUR WEST,2004,Whole Year,Dry chillies,5941,5804,0.976939909
West Bengal,MEDINIPUR WEST,2004,Whole Year,Groundnut,9945,15967,1.605530417
West Bengal,MEDINIPUR WEST,2004,Whole Year,Potato,56673,1268695,22.3862333
West Bengal,MEDINIPUR WEST,2004,Whole Year,Sannhamp,418,2169,5.188995215
West Bengal,MEDINIPUR WEST,2004,Whole Year,Sesamum,53774,45921,0.853962882
West Bengal,MEDINIPUR WEST,2004,Whole Year,Sugarcane,2230,122446,54.90852018
West Bengal,MEDINIPUR WEST,2004,Whole Year,Turmeric,1448,1791,1.236878453
West Bengal,MEDINIPUR WEST,2004,Winter,Rice,480679,1259961,2.621210829
West Bengal,MEDINIPUR WEST,2005,Autumn,Rice,40622,89173,2.195189799
West Bengal,MEDINIPUR WEST,2005,Kharif,Cotton(lint),31,32,1.032258065
West Bengal,MEDINIPUR WEST,2005,Kharif,Dry ginger,1621,2177,1.342998149
West Bengal,MEDINIPUR WEST,2005,Kharif,Jute,5209,74916,14.3820311
West Bengal,MEDINIPUR WEST,2005,Kharif,Maize,1125,2033,1.807111111
West Bengal,MEDINIPUR WEST,2005,Kharif,Mesta,3,31,10.33333333
West Bengal,MEDINIPUR WEST,2005,Kharif,Moong(Green Gram),150,76,0.506666667
West Bengal,MEDINIPUR WEST,2005,Kharif,Niger seed,75,34,0.453333333
West Bengal,MEDINIPUR WEST,2005,Kharif,Other Kharif pulses,370,345,0.932432432
West Bengal,MEDINIPUR WEST,2005,Kharif,Sunflower,392,557,1.420918367
West Bengal,MEDINIPUR WEST,2005,Kharif,Urad,20,5,0.25
West Bengal,MEDINIPUR WEST,2005,Rabi,Arhar/Tur,274,286,1.04379562
West Bengal,MEDINIPUR WEST,2005,Rabi,Castor seed,45,37,0.822222222
West Bengal,MEDINIPUR WEST,2005,Rabi,Gram,55,44,0.8
West Bengal,MEDINIPUR WEST,2005,Rabi,Horse-gram,855,457,0.534502924
West Bengal,MEDINIPUR WEST,2005,Rabi,Khesari,250,218,0.872
West Bengal,MEDINIPUR WEST,2005,Rabi,Linseed,9,2,0.222222222
West Bengal,MEDINIPUR WEST,2005,Rabi,Masoor,213,125,0.58685446
West Bengal,MEDINIPUR WEST,2005,Rabi,Moong(Green Gram),750,533,0.710666667
West Bengal,MEDINIPUR WEST,2005,Rabi,Peas & beans (Pulses),26,33,1.269230769
West Bengal,MEDINIPUR WEST,2005,Rabi,Rapeseed &Mustard,20249,16736,0.826509951
West Bengal,MEDINIPUR WEST,2005,Rabi,Safflower,190,120,0.631578947
West Bengal,MEDINIPUR WEST,2005,Rabi,Urad,1225,1091,0.890612245
West Bengal,MEDINIPUR WEST,2005,Rabi,Wheat,12071,21026,1.741860658
West Bengal,MEDINIPUR WEST,2005,Summer,Moong(Green Gram),2735,1107,0.404753199
West Bengal,MEDINIPUR WEST,2005,Summer,Rice,121906,361879,2.968508523
West Bengal,MEDINIPUR WEST,2005,Whole Year,Arecanut,124,131,1.056451613
West Bengal,MEDINIPUR WEST,2005,Whole Year,Coconut,1170,19486,16.65470085
West Bengal,MEDINIPUR WEST,2005,Whole Year,Dry chillies,5845,5101,0.872711719
West Bengal,MEDINIPUR WEST,2005,Whole Year,Groundnut,11325,18152,1.602825607
West Bengal,MEDINIPUR WEST,2005,Whole Year,Potato,71334,1519588,21.30243643
West Bengal,MEDINIPUR WEST,2005,Whole Year,Sannhamp,277,1496,5.400722022
West Bengal,MEDINIPUR WEST,2005,Whole Year,Sesamum,52266,44002,0.841885738
West Bengal,MEDINIPUR WEST,2005,Whole Year,Sugarcane,1915,174978,91.37232376
West Bengal,MEDINIPUR WEST,2005,Whole Year,Turmeric,1543,1807,1.171095269
West Bengal,MEDINIPUR WEST,2005,Winter,Rice,491499,1178578,2.39792553
West Bengal,MEDINIPUR WEST,2006,Autumn,Rice,41452,81267,1.96050854
West Bengal,MEDINIPUR WEST,2006,Kharif,Bajra,79,31,0.392405063
West Bengal,MEDINIPUR WEST,2006,Kharif,Cotton(lint),291,2328,8
West Bengal,MEDINIPUR WEST,2006,Kharif,Dry ginger,1835,2523,1.37493188
West Bengal,MEDINIPUR WEST,2006,Kharif,Jute,5178,70826,13.67825415
West Bengal,MEDINIPUR WEST,2006,Kharif,Maize,799,1825,2.284105131
West Bengal,MEDINIPUR WEST,2006,Kharif,Moong(Green Gram),96,55,0.572916667
West Bengal,MEDINIPUR WEST,2006,Kharif,Niger seed,55,22,0.4
West Bengal,MEDINIPUR WEST,2006,Kharif,Other Kharif pulses,355,302,0.850704225
West Bengal,MEDINIPUR WEST,2006,Kharif,Sunflower,350,519,1.482857143
West Bengal,MEDINIPUR WEST,2006,Kharif,Urad,469,161,0.343283582
West Bengal,MEDINIPUR WEST,2006,Rabi,Arhar/Tur,329,199,0.604863222
West Bengal,MEDINIPUR WEST,2006,Rabi,Castor seed,58,49,0.844827586
West Bengal,MEDINIPUR WEST,2006,Rabi,Gram,13,10,0.769230769
West Bengal,MEDINIPUR WEST,2006,Rabi,Horse-gram,900,473,0.525555556
West Bengal,MEDINIPUR WEST,2006,Rabi,Khesari,87,50,0.574712644
West Bengal,MEDINIPUR WEST,2006,Rabi,Masoor,246,145,0.589430894
West Bengal,MEDINIPUR WEST,2006,Rabi,Moong(Green Gram),710,490,0.690140845
West Bengal,MEDINIPUR WEST,2006,Rabi,Peas & beans (Pulses),7,4,0.571428571
West Bengal,MEDINIPUR WEST,2006,Rabi,Rapeseed &Mustard,16981,13256,0.780637183
West Bengal,MEDINIPUR WEST,2006,Rabi,Safflower,247,161,0.651821862
West Bengal,MEDINIPUR WEST,2006,Rabi,Urad,1105,995,0.900452489
West Bengal,MEDINIPUR WEST,2006,Rabi,Wheat,7122,15259,2.142516147
West Bengal,MEDINIPUR WEST,2006,Summer,Moong(Green Gram),1630,545,0.334355828
West Bengal,MEDINIPUR WEST,2006,Summer,Rice,137915,436435,3.164521626
West Bengal,MEDINIPUR WEST,2006,Whole Year,Arecanut,135,157,1.162962963
West Bengal,MEDINIPUR WEST,2006,Whole Year,Coconut,1180,18035100,15283.98305
West Bengal,MEDINIPUR WEST,2006,Whole Year,Dry chillies,5395,5510,1.021316033
West Bengal,MEDINIPUR WEST,2006,Whole Year,Groundnut,13815,22308,1.614766558
West Bengal,MEDINIPUR WEST,2006,Whole Year,Potato,79435,843729,10.62162775
West Bengal,MEDINIPUR WEST,2006,Whole Year,Sannhamp,341,1876,5.501466276
West Bengal,MEDINIPUR WEST,2006,Whole Year,Sesamum,64910,63130,0.972577415
West Bengal,MEDINIPUR WEST,2006,Whole Year,Sugarcane,2720,204954,75.35073529
West Bengal,MEDINIPUR WEST,2006,Whole Year,Turmeric,1475,1789,1.212881356
West Bengal,MEDINIPUR WEST,2006,Winter,Rice,513019,1281080,2.497139482
West Bengal,MEDINIPUR WEST,2007,Autumn,Rice,41368,84059,2.031981242
West Bengal,MEDINIPUR WEST,2007,Autumn,Sesamum,257,216,0.840466926
West Bengal,MEDINIPUR WEST,2007,Kharif,Cotton(lint),650,3250,5
West Bengal,MEDINIPUR WEST,2007,Kharif,Dry ginger,1835,2523,1.37493188
West Bengal,MEDINIPUR WEST,2007,Kharif,Garlic,110,1210,11
West Bengal,MEDINIPUR WEST,2007,Kharif,Groundnut,1368,1363,0.996345029
West Bengal,MEDINIPUR WEST,2007,Kharif,Jute,4760,53120,11.15966387
West Bengal,MEDINIPUR WEST,2007,Kharif,Maize,82,77,0.93902439
West Bengal,MEDINIPUR WEST,2007,Kharif,Moong(Green Gram),80,50,0.625
West Bengal,MEDINIPUR WEST,2007,Kharif,Other Kharif pulses,395,336,0.850632911
West Bengal,MEDINIPUR WEST,2007,Kharif,Sannhamp,260,1482,5.7
West Bengal,MEDINIPUR WEST,2007,Kharif,Sunflower,452,723,1.599557522
West Bengal,MEDINIPUR WEST,2007,Kharif,Urad,117,35,0.299145299
West Bengal,MEDINIPUR WEST,2007,Rabi,Arhar/Tur,154,72,0.467532468
West Bengal,MEDINIPUR WEST,2007,Rabi,Groundnut,4585,7336,1.6
West Bengal,MEDINIPUR WEST,2007,Rabi,Horse-gram,845,448,0.530177515
West Bengal,MEDINIPUR WEST,2007,Rabi,Khesari,108,71,0.657407407
West Bengal,MEDINIPUR WEST,2007,Rabi,Maize,70,98,1.4
West Bengal,MEDINIPUR WEST,2007,Rabi,Masoor,46,40,0.869565217
West Bengal,MEDINIPUR WEST,2007,Rabi,Moong(Green Gram),935,655,0.700534759
West Bengal,MEDINIPUR WEST,2007,Rabi,Peas & beans (Pulses),1,1,1
West Bengal,MEDINIPUR WEST,2007,Rabi,Rapeseed &Mustard,16376,14811,0.904433317
West Bengal,MEDINIPUR WEST,2007,Rabi,Safflower,438,280,0.639269406
West Bengal,MEDINIPUR WEST,2007,Rabi,Urad,1105,983,0.88959276
West Bengal,MEDINIPUR WEST,2007,Rabi,Wheat,6539,16603,2.539073253
West Bengal,MEDINIPUR WEST,2007,Summer,Groundnut,14446,38282,2.650006922
West Bengal,MEDINIPUR WEST,2007,Summer,Maize,354,867,2.449152542
West Bengal,MEDINIPUR WEST,2007,Summer,Moong(Green Gram),1803,1646,0.912922906
West Bengal,MEDINIPUR WEST,2007,Summer,Rice,167509,558553,3.334465611
West Bengal,MEDINIPUR WEST,2007,Summer,Sesamum,69480,65298,0.939810017
West Bengal,MEDINIPUR WEST,2007,Whole Year,Arecanut,135,170,1.259259259
West Bengal,MEDINIPUR WEST,2007,Whole Year,Coconut,1450,20036400,13818.2069
West Bengal,MEDINIPUR WEST,2007,Whole Year,Dry chillies,5595,6216,1.110991957
West Bengal,MEDINIPUR WEST,2007,Whole Year,Potato,70653,1874358,26.52906458
West Bengal,MEDINIPUR WEST,2007,Whole Year,Sugarcane,2206,243492,110.3771532
West Bengal,MEDINIPUR WEST,2007,Whole Year,Turmeric,1475,1789,1.212881356
West Bengal,MEDINIPUR WEST,2007,Winter,Rice,441316,1156246,2.619995649
West Bengal,MEDINIPUR WEST,2007,Winter,Sesamum,45,29,0.644444444
West Bengal,MEDINIPUR WEST,2008,Autumn,Maize,50,73,1.46
West Bengal,MEDINIPUR WEST,2008,Autumn,Rice,42118,79878,1.8965288
West Bengal,MEDINIPUR WEST,2008,Autumn,Sesamum,265,183,0.690566038
West Bengal,MEDINIPUR WEST,2008,Kharif,Castor seed,60,37,0.616666667
West Bengal,MEDINIPUR WEST,2008,Kharif,Cotton(lint),298,1043,3.5
West Bengal,MEDINIPUR WEST,2008,Kharif,Dry ginger,1635,2523,1.543119266
West Bengal,MEDINIPUR WEST,2008,Kharif,Groundnut,660,579,0.877272727
West Bengal,MEDINIPUR WEST,2008,Kharif,Jute,5504,54488,9.899709302
West Bengal,MEDINIPUR WEST,2008,Kharif,Moong(Green Gram),20,12,0.6
West Bengal,MEDINIPUR WEST,2008,Kharif,Niger seed,80,36,0.45
West Bengal,MEDINIPUR WEST,2008,Kharif,Other Kharif pulses,355,312,0.878873239
West Bengal,MEDINIPUR WEST,2008,Kharif,Sannhamp,226,1277,5.650442478
West Bengal,MEDINIPUR WEST,2008,Kharif,Sunflower,265,345,1.301886792
West Bengal,MEDINIPUR WEST,2008,Kharif,Urad,118,45,0.381355932
West Bengal,MEDINIPUR WEST,2008,Rabi,Arhar/Tur,212,104,0.490566038
West Bengal,MEDINIPUR WEST,2008,Rabi,Groundnut,6530,11754,1.8
West Bengal,MEDINIPUR WEST,2008,Rabi,Horse-gram,645,335,0.519379845
West Bengal,MEDINIPUR WEST,2008,Rabi,Khesari,27,2,0.074074074
West Bengal,MEDINIPUR WEST,2008,Rabi,Linseed,24,2,0.083333333
West Bengal,MEDINIPUR WEST,2008,Rabi,Maize,458,687,1.5
West Bengal,MEDINIPUR WEST,2008,Rabi,Masoor,150,175,1.166666667
West Bengal,MEDINIPUR WEST,2008,Rabi,Moong(Green Gram),843,573,0.679715302
West Bengal,MEDINIPUR WEST,2008,Rabi,Other  Rabi pulses,70,29,0.414285714
West Bengal,MEDINIPUR WEST,2008,Rabi,Rapeseed &Mustard,14818,11324,0.764205696
West Bengal,MEDINIPUR WEST,2008,Rabi,Safflower,79,54,0.683544304
West Bengal,MEDINIPUR WEST,2008,Rabi,Urad,970,825,0.850515464
West Bengal,MEDINIPUR WEST,2008,Rabi,Wheat,2363,4551,1.9259416
West Bengal,MEDINIPUR WEST,2008,Summer,Groundnut,10858,25125,2.313962056
West Bengal,MEDINIPUR WEST,2008,Summer,Maize,481,1419,2.95010395
West Bengal,MEDINIPUR WEST,2008,Summer,Moong(Green Gram),736,609,0.827445652
West Bengal,MEDINIPUR WEST,2008,Summer,Rice,173516,463393,2.670606745
West Bengal,MEDINIPUR WEST,2008,Summer,Sesamum,63169,29571,0.468125188
West Bengal,MEDINIPUR WEST,2008,Whole Year,Arecanut,139,175,1.258992806
West Bengal,MEDINIPUR WEST,2008,Whole Year,Coconut,1455,20130,13.83505155
West Bengal,MEDINIPUR WEST,2008,Whole Year,Dry chillies,5542,6016,1.08552869
West Bengal,MEDINIPUR WEST,2008,Whole Year,Potato,63622,557342,8.760208733
West Bengal,MEDINIPUR WEST,2008,Whole Year,Sugarcane,2049,249736,121.8818936
West Bengal,MEDINIPUR WEST,2008,Whole Year,Turmeric,1375,1799,1.308363636
West Bengal,MEDINIPUR WEST,2008,Winter,Rice,503293,1313474,2.60976012
West Bengal,MEDINIPUR WEST,2008,Winter,Sesamum,25,17,0.68
West Bengal,MEDINIPUR WEST,2009,Autumn,Groundnut,651,609,0.935483871
West Bengal,MEDINIPUR WEST,2009,Autumn,Maize,119,155,1.302521008
West Bengal,MEDINIPUR WEST,2009,Autumn,Rice,29271,61570,2.103447098
West Bengal,MEDINIPUR WEST,2009,Autumn,Sesamum,230,173,0.752173913
West Bengal,MEDINIPUR WEST,2009,Kharif,Castor seed,60,35,0.583333333
West Bengal,MEDINIPUR WEST,2009,Kharif,Jute,3716,42654,11.47847147
West Bengal,MEDINIPUR WEST,2009,Kharif,Moong(Green Gram),650,393,0.604615385
West Bengal,MEDINIPUR WEST,2009,Kharif,Niger seed,75,34,0.453333333
West Bengal,MEDINIPUR WEST,2009,Kharif,Sannhamp,155,884,5.703225806
West Bengal,MEDINIPUR WEST,2009,Kharif,Sunflower,79,51,0.64556962
West Bengal,MEDINIPUR WEST,2009,Rabi,Arhar/Tur,225,48,0.213333333
West Bengal,MEDINIPUR WEST,2009,Rabi,Gram,16,16,1
West Bengal,MEDINIPUR WEST,2009,Rabi,Horse-gram,797,419,0.525721455
West Bengal,MEDINIPUR WEST,2009,Rabi,Khesari,12,1,0.083333333
West Bengal,MEDINIPUR WEST,2009,Rabi,Maize,395,790,2
West Bengal,MEDINIPUR WEST,2009,Rabi,Masoor,402,291,0.723880597
West Bengal,MEDINIPUR WEST,2009,Rabi,Moong(Green Gram),829,573,0.69119421
West Bengal,MEDINIPUR WEST,2009,Rabi,Peas & beans (Pulses),6,8,1.333333333
West Bengal,MEDINIPUR WEST,2009,Rabi,Potato,62679,2448136,39.05831299
West Bengal,MEDINIPUR WEST,2009,Rabi,Rapeseed &Mustard,11769,10174,0.864474467
West Bengal,MEDINIPUR WEST,2009,Rabi,Safflower,80,56,0.7
West Bengal,MEDINIPUR WEST,2009,Rabi,Urad,1060,934,0.881132075
West Bengal,MEDINIPUR WEST,2009,Rabi,Wheat,6463,12477,1.930527619
West Bengal,MEDINIPUR WEST,2009,Summer,Groundnut,11642,26532,2.278989864
West Bengal,MEDINIPUR WEST,2009,Summer,Maize,660,1980,3
West Bengal,MEDINIPUR WEST,2009,Summer,Moong(Green Gram),960,631,0.657291667
West Bengal,MEDINIPUR WEST,2009,Summer,Rice,156372,499925,3.197023764
West Bengal,MEDINIPUR WEST,2009,Summer,Sesamum,59958,44246,0.737949898
West Bengal,MEDINIPUR WEST,2009,Whole Year,Sugarcane,1617,134367,83.09647495
West Bengal,MEDINIPUR WEST,2009,Winter,Rice,488628,1195017,2.445658047
West Bengal,MEDINIPUR WEST,2009,Winter,Sesamum,90,68,0.755555556
West Bengal,MEDINIPUR WEST,2010,Autumn,Groundnut,461,392,0.85032538
West Bengal,MEDINIPUR WEST,2010,Autumn,Maize,56,98,1.75
West Bengal,MEDINIPUR WEST,2010,Autumn,Rice,39370,86742,2.203251207
West Bengal,MEDINIPUR WEST,2010,Autumn,Sesamum,135,95,0.703703704
West Bengal,MEDINIPUR WEST,2010,Kharif,Castor seed,85,51,0.6
West Bengal,MEDINIPUR WEST,2010,Kharif,Horse-gram,775,403,0.52
West Bengal,MEDINIPUR WEST,2010,Kharif,Jute,2737,41582,15.19254658
West Bengal,MEDINIPUR WEST,2010,Kharif,Moong(Green Gram),65,38,0.584615385
West Bengal,MEDINIPUR WEST,2010,Kharif,Niger seed,85,44,0.517647059
West Bengal,MEDINIPUR WEST,2010,Kharif,Other Kharif pulses,460,391,0.85
West Bengal,MEDINIPUR WEST,2010,Kharif,Sannhamp,180,727,4.038888889
West Bengal,MEDINIPUR WEST,2010,Kharif,Sunflower,248,193,0.778225806
West Bengal,MEDINIPUR WEST,2010,Kharif,Urad,84,15,0.178571429
West Bengal,MEDINIPUR WEST,2010,Rabi,Arhar/Tur,224,197,0.879464286
West Bengal,MEDINIPUR WEST,2010,Rabi,Gram,5,6,1.2
West Bengal,MEDINIPUR WEST,2010,Rabi,Groundnut,3965,6859,1.729886507
West Bengal,MEDINIPUR WEST,2010,Rabi,Khesari,54,70,1.296296296
West Bengal,MEDINIPUR WEST,2010,Rabi,Maize,435,914,2.101149425
West Bengal,MEDINIPUR WEST,2010,Rabi,Masoor,544,374,0.6875
West Bengal,MEDINIPUR WEST,2010,Rabi,Moong(Green Gram),1165,746,0.640343348
West Bengal,MEDINIPUR WEST,2010,Rabi,Other  Rabi pulses,70,28,0.4
West Bengal,MEDINIPUR WEST,2010,Rabi,Peas & beans (Pulses),2,,
West Bengal,MEDINIPUR WEST,2010,Rabi,Potato,64683,2482395,38.37785817
West Bengal,MEDINIPUR WEST,2010,Rabi,Rapeseed &Mustard,12452,11675,0.937600385
West Bengal,MEDINIPUR WEST,2010,Rabi,Safflower,285,205,0.719298246
West Bengal,MEDINIPUR WEST,2010,Rabi,Urad,1100,935,0.85
West Bengal,MEDINIPUR WEST,2010,Rabi,Wheat,4740,11345,2.393459916
West Bengal,MEDINIPUR WEST,2010,Summer,Groundnut,7765,13977,1.8
West Bengal,MEDINIPUR WEST,2010,Summer,Maize,475,1401,2.949473684
West Bengal,MEDINIPUR WEST,2010,Summer,Moong(Green Gram),1077,892,0.828226555
West Bengal,MEDINIPUR WEST,2010,Summer,Rice,173888,629634,3.620916912
West Bengal,MEDINIPUR WEST,2010,Summer,Sesamum,60938,61102,1.00269126
West Bengal,MEDINIPUR WEST,2010,Whole Year,Sugarcane,2354,89661,38.08878505
West Bengal,MEDINIPUR WEST,2010,Winter,Rice,403460,1002184,2.483973628
West Bengal,MEDINIPUR WEST,2010,Winter,Sesamum,205,152,0.741463415
West Bengal,MEDINIPUR WEST,2011,Autumn,Groundnut,310,279,0.9
West Bengal,MEDINIPUR WEST,2011,Autumn,Maize,18,28,1.555555556
West Bengal,MEDINIPUR WEST,2011,Autumn,Rice,35781,75673,2.114893379
West Bengal,MEDINIPUR WEST,2011,Autumn,Sesamum,145,104,0.717241379
West Bengal,MEDINIPUR WEST,2011,Kharif,Castor seed,70,42,0.6
West Bengal,MEDINIPUR WEST,2011,Kharif,Horse-gram,415,220,0.530120482
West Bengal,MEDINIPUR WEST,2011,Kharif,Jute,3463,37788,10.91192608
West Bengal,MEDINIPUR WEST,2011,Kharif,Moong(Green Gram),120,66,0.55
West Bengal,MEDINIPUR WEST,2011,Kharif,Niger seed,65,32,0.492307692
West Bengal,MEDINIPUR WEST,2011,Kharif,Other Kharif pulses,56,23,0.410714286
West Bengal,MEDINIPUR WEST,2011,Kharif,Sannhamp,230,920,4
West Bengal,MEDINIPUR WEST,2011,Kharif,Sunflower,430,740,1.720930233
West Bengal,MEDINIPUR WEST,2011,Kharif,Urad,71,20,0.281690141
West Bengal,MEDINIPUR WEST,2011,Rabi,Arhar/Tur,128,36,0.28125
West Bengal,MEDINIPUR WEST,2011,Rabi,Gram,1,1,1
West Bengal,MEDINIPUR WEST,2011,Rabi,Groundnut,1092,1835,1.68040293
West Bengal,MEDINIPUR WEST,2011,Rabi,Khesari,98,124,1.265306122
West Bengal,MEDINIPUR WEST,2011,Rabi,Maize,435,957,2.2
West Bengal,MEDINIPUR WEST,2011,Rabi,Masoor,318,326,1.025157233
West Bengal,MEDINIPUR WEST,2011,Rabi,Moong(Green Gram),1133,736,0.649602824
West Bengal,MEDINIPUR WEST,2011,Rabi,Other  Rabi pulses,135,57,0.422222222
West Bengal,MEDINIPUR WEST,2011,Rabi,Potato,59960,1148623,19.15648766
West Bengal,MEDINIPUR WEST,2011,Rabi,Rapeseed &Mustard,15091,11737,0.777748327
West Bengal,MEDINIPUR WEST,2011,Rabi,Safflower,272,231,0.849264706
West Bengal,MEDINIPUR WEST,2011,Rabi,Urad,940,790,0.840425532
West Bengal,MEDINIPUR WEST,2011,Rabi,Wheat,4741,9373,1.97700907
West Bengal,MEDINIPUR WEST,2011,Summer,Groundnut,7663,10422,1.360041759
West Bengal,MEDINIPUR WEST,2011,Summer,Maize,539,1600,2.968460111
West Bengal,MEDINIPUR WEST,2011,Summer,Moong(Green Gram),880,706,0.802272727
West Bengal,MEDINIPUR WEST,2011,Summer,Rice,137185,452691,3.299857856
West Bengal,MEDINIPUR WEST,2011,Summer,Sesamum,60587,53459,0.882350999
West Bengal,MEDINIPUR WEST,2011,Whole Year,Sugarcane,3208,524279,163.428616
West Bengal,MEDINIPUR WEST,2011,Winter,Rice,482718,1245624,2.580438268
West Bengal,MEDINIPUR WEST,2011,Winter,Sesamum,70,49,0.7
West Bengal,MEDINIPUR WEST,2012,Autumn,Groundnut,474,427,0.900843882
West Bengal,MEDINIPUR WEST,2012,Autumn,Rice,37034,85775,2.316114921
West Bengal,MEDINIPUR WEST,2012,Autumn,Sesamum,170,124,0.729411765
West Bengal,MEDINIPUR WEST,2012,Kharif,Castor seed,72,43,0.597222222
West Bengal,MEDINIPUR WEST,2012,Kharif,Horse-gram,505,268,0.530693069
West Bengal,MEDINIPUR WEST,2012,Kharif,Jute,2703,42722,15.80540141
West Bengal,MEDINIPUR WEST,2012,Kharif,Mesta,366,4571,12.48907104
West Bengal,MEDINIPUR WEST,2012,Kharif,Moong(Green Gram),278,166,0.597122302
West Bengal,MEDINIPUR WEST,2012,Kharif,Niger seed,75,37,0.493333333
West Bengal,MEDINIPUR WEST,2012,Kharif,Other Kharif pulses,56,23,0.410714286
West Bengal,MEDINIPUR WEST,2012,Kharif,Sannhamp,188,949,5.04787234
West Bengal,MEDINIPUR WEST,2012,Kharif,Sunflower,345,487,1.411594203
West Bengal,MEDINIPUR WEST,2012,Kharif,Urad,73,21,0.287671233
West Bengal,MEDINIPUR WEST,2012,Rabi,Arhar/Tur,142,163,1.147887324
West Bengal,MEDINIPUR WEST,2012,Rabi,Groundnut,4630,8566,1.850107991
West Bengal,MEDINIPUR WEST,2012,Rabi,Khesari,113,172,1.522123894
West Bengal,MEDINIPUR WEST,2012,Rabi,Linseed,11,3,0.272727273
West Bengal,MEDINIPUR WEST,2012,Rabi,Maize,581,1336,2.299483649
West Bengal,MEDINIPUR WEST,2012,Rabi,Masoor,608,755,1.241776316
West Bengal,MEDINIPUR WEST,2012,Rabi,Moong(Green Gram),1090,959,0.879816514
West Bengal,MEDINIPUR WEST,2012,Rabi,Other  Rabi pulses,50,21,0.42
West Bengal,MEDINIPUR WEST,2012,Rabi,Potato,58607,1463580,24.97278482
West Bengal,MEDINIPUR WEST,2012,Rabi,Rapeseed &Mustard,15750,13512,0.857904762
West Bengal,MEDINIPUR WEST,2012,Rabi,Safflower,279,218,0.781362007
West Bengal,MEDINIPUR WEST,2012,Rabi,Urad,940,790,0.840425532
West Bengal,MEDINIPUR WEST,2012,Rabi,Wheat,5877,11054,1.880891611
West Bengal,MEDINIPUR WEST,2012,Summer,Groundnut,8974,18973,2.114218854
West Bengal,MEDINIPUR WEST,2012,Summer,Maize,558,1660,2.974910394
West Bengal,MEDINIPUR WEST,2012,Summer,Moong(Green Gram),523,404,0.772466539
West Bengal,MEDINIPUR WEST,2012,Summer,Rice,167853,478464,2.850494182
West Bengal,MEDINIPUR WEST,2012,Summer,Sesamum,63039,53266,0.844968987
West Bengal,MEDINIPUR WEST,2012,Whole Year,Sugarcane,3155,503642,159.6329635
West Bengal,MEDINIPUR WEST,2012,Winter,Rice,486172,1315911,2.706677884
West Bengal,MEDINIPUR WEST,2012,Winter,Sesamum,122,90,0.737704918
West Bengal,MEDINIPUR WEST,2013,Autumn,Groundnut,400,340,0.85
West Bengal,MEDINIPUR WEST,2013,Autumn,Rice,37862,87307,2.305926787
West Bengal,MEDINIPUR WEST,2013,Autumn,Sesamum,105,76,0.723809524
West Bengal,MEDINIPUR WEST,2013,Kharif,Castor seed,76,45,0.592105263
West Bengal,MEDINIPUR WEST,2013,Kharif,Horse-gram,617,323,0.52350081
West Bengal,MEDINIPUR WEST,2013,Kharif,Jute,4144,64657,15.60255792
West Bengal,MEDINIPUR WEST,2013,Kharif,Moong(Green Gram),60,27,0.45
West Bengal,MEDINIPUR WEST,2013,Kharif,Niger seed,72,32,0.444444444
West Bengal,MEDINIPUR WEST,2013,Kharif,Other Kharif pulses,540,421,0.77962963
West Bengal,MEDINIPUR WEST,2013,Kharif,Sannhamp,199,971,4.879396985
West Bengal,MEDINIPUR WEST,2013,Kharif,Sunflower,341,473,1.387096774
West Bengal,MEDINIPUR WEST,2013,Kharif,Urad,9,2,0.222222222
West Bengal,MEDINIPUR WEST,2013,Rabi,Arhar/Tur,164,257,1.567073171
West Bengal,MEDINIPUR WEST,2013,Rabi,Gram,1,1,1
West Bengal,MEDINIPUR WEST,2013,Rabi,Groundnut,4050,7164,1.768888889
West Bengal,MEDINIPUR WEST,2013,Rabi,Khesari,130,200,1.538461538
West Bengal,MEDINIPUR WEST,2013,Rabi,Linseed,14,4,0.285714286
West Bengal,MEDINIPUR WEST,2013,Rabi,Maize,457,1097,2.400437637
West Bengal,MEDINIPUR WEST,2013,Rabi,Masoor,955,1292,1.352879581
West Bengal,MEDINIPUR WEST,2013,Rabi,Moong(Green Gram),1129,999,0.884853853
West Bengal,MEDINIPUR WEST,2013,Rabi,Other  Rabi pulses,85,35,0.411764706
West Bengal,MEDINIPUR WEST,2013,Rabi,Potato,61301,1224122,19.96903803
West Bengal,MEDINIPUR WEST,2013,Rabi,Rapeseed &Mustard,15801,15809,1.000506297
West Bengal,MEDINIPUR WEST,2013,Rabi,Safflower,279,206,0.738351254
West Bengal,MEDINIPUR WEST,2013,Rabi,Urad,455,378,0.830769231
West Bengal,MEDINIPUR WEST,2013,Rabi,Wheat,4607,10865,2.358367701
West Bengal,MEDINIPUR WEST,2013,Summer,Groundnut,9063,21583,2.381441024
West Bengal,MEDINIPUR WEST,2013,Summer,Maize,1414,5373,3.799858557
West Bengal,MEDINIPUR WEST,2013,Summer,Moong(Green Gram),664,567,0.853915663
West Bengal,MEDINIPUR WEST,2013,Summer,Rice,176270,601882,3.414545867
West Bengal,MEDINIPUR WEST,2013,Summer,Sesamum,73284,58334,0.795999127
West Bengal,MEDINIPUR WEST,2013,Whole Year,Sugarcane,3210,708183,220.617757
West Bengal,MEDINIPUR WEST,2013,Winter,Rice,502667,1053375,2.095572218
West Bengal,MEDINIPUR WEST,2013,Winter,Sesamum,166,98,0.590361446
West Bengal,MEDINIPUR WEST,2014,Autumn,Groundnut,395,349,0.883544304
West Bengal,MEDINIPUR WEST,2014,Autumn,Maize,19,38,2
West Bengal,MEDINIPUR WEST,2014,Autumn,Rice,33141,80300,2.422980598
West Bengal,MEDINIPUR WEST,2014,Autumn,Sesamum,124,90,0.725806452
West Bengal,MEDINIPUR WEST,2014,Kharif,Castor seed,81,48,0.592592593
West Bengal,MEDINIPUR WEST,2014,Kharif,Jute,3313,54042,16.31210383
West Bengal,MEDINIPUR WEST,2014,Kharif,Moong(Green Gram),90,56,0.622222222
West Bengal,MEDINIPUR WEST,2014,Kharif,Niger seed,71,34,0.478873239
West Bengal,MEDINIPUR WEST,2014,Kharif,Other Kharif pulses,545,429,0.787155963
West Bengal,MEDINIPUR WEST,2014,Kharif,Sannhamp,206,948,4.601941748
West Bengal,MEDINIPUR WEST,2014,Kharif,Sunflower,372,567,1.524193548
West Bengal,MEDINIPUR WEST,2014,Kharif,Urad,65,18,0.276923077
West Bengal,MEDINIPUR WEST,2014,Rabi,Arhar/Tur,164,265,1.615853659
West Bengal,MEDINIPUR WEST,2014,Rabi,Gram,6,8,1.333333333
West Bengal,MEDINIPUR WEST,2014,Rabi,Groundnut,5281,9273,1.75591744
West Bengal,MEDINIPUR WEST,2014,Rabi,Horse-gram,512,270,0.52734375
West Bengal,MEDINIPUR WEST,2014,Rabi,Khesari,58,114,1.965517241
West Bengal,MEDINIPUR WEST,2014,Rabi,Linseed,24,6,0.25
West Bengal,MEDINIPUR WEST,2014,Rabi,Maize,457,1097,2.400437637
West Bengal,MEDINIPUR WEST,2014,Rabi,Masoor,787,1429,1.815756036
West Bengal,MEDINIPUR WEST,2014,Rabi,Moong(Green Gram),1117,898,0.803939123
West Bengal,MEDINIPUR WEST,2014,Rabi,Other  Rabi pulses,135,57,0.422222222
West Bengal,MEDINIPUR WEST,2014,Rabi,Peas & beans (Pulses),10,10,1
West Bengal,MEDINIPUR WEST,2014,Rabi,Potato,63519,2413485,37.99626883
West Bengal,MEDINIPUR WEST,2014,Rabi,Rapeseed &Mustard,14667,10748,0.732801527
West Bengal,MEDINIPUR WEST,2014,Rabi,Safflower,280,220,0.785714286
West Bengal,MEDINIPUR WEST,2014,Rabi,Urad,778,653,0.83933162
West Bengal,MEDINIPUR WEST,2014,Rabi,Wheat,5769,12259,2.124978332
West Bengal,MEDINIPUR WEST,2014,Summer,Groundnut,8019,13680,1.705948373
West Bengal,MEDINIPUR WEST,2014,Summer,Maize,1037,2344,2.260366442
West Bengal,MEDINIPUR WEST,2014,Summer,Moong(Green Gram),995,650,0.653266332
West Bengal,MEDINIPUR WEST,2014,Summer,Rice,195960,580442,2.962043274
West Bengal,MEDINIPUR WEST,2014,Summer,Sesamum,74080,58514,0.78987581
West Bengal,MEDINIPUR WEST,2014,Whole Year,Sugarcane,4390,789614,179.8665148
West Bengal,MEDINIPUR WEST,2014,Winter,Rice,496134,1348329,2.717671032
West Bengal,MEDINIPUR WEST,2014,Winter,Sesamum,119,79,0.663865546
West Bengal,MURSHIDABAD,1997,Autumn,Rice,43480,65000,1.494940202
West Bengal,MURSHIDABAD,1997,Kharif,Bajra,15,3,0.2
West Bengal,MURSHIDABAD,1997,Kharif,Jute,135401,1791640,13.23210316
West Bengal,MURSHIDABAD,1997,Kharif,Moong(Green Gram),413,100,0.242130751
West Bengal,MURSHIDABAD,1997,Kharif,Other Kharif pulses,750,450,0.6
West Bengal,MURSHIDABAD,1997,Kharif,Urad,9961,6160,0.618411806
West Bengal,MURSHIDABAD,1997,Rabi,Gram,6889,6840,0.992887211
West Bengal,MURSHIDABAD,1997,Rabi,Khesari,7549,8050,1.066366406
West Bengal,MURSHIDABAD,1997,Rabi,Masoor,14560,12090,0.830357143
West Bengal,MURSHIDABAD,1997,Rabi,Moong(Green Gram),175,109,0.622857143
West Bengal,MURSHIDABAD,1997,Rabi,Oilseeds total,5544000,4485800,0.809126984
West Bengal,MURSHIDABAD,1997,Rabi,Urad,410,413,1.007317073
West Bengal,MURSHIDABAD,1997,Rabi,Wheat,122714,281760,2.296070538
West Bengal,MURSHIDABAD,1997,Summer,Moong(Green Gram),280,7,0.025
West Bengal,MURSHIDABAD,1997,Summer,Rice,81817,291510,3.562951465
West Bengal,MURSHIDABAD,1997,Whole Year,Arecanut,56,38,0.678571429
West Bengal,MURSHIDABAD,1997,Whole Year,Arhar/Tur,332,320,0.963855422
West Bengal,MURSHIDABAD,1997,Whole Year,Barley,1860,1980,1.064516129
West Bengal,MURSHIDABAD,1997,Whole Year,Coconut,4129,28386,6.874788084
West Bengal,MURSHIDABAD,1997,Whole Year,Dry chillies,3285,4994,1.520243531
West Bengal,MURSHIDABAD,1997,Whole Year,Groundnut,70,86,1.228571429
West Bengal,MURSHIDABAD,1997,Whole Year,Jowar,585,263,0.44957265
West Bengal,MURSHIDABAD,1997,Whole Year,Linseed,1669,500,0.299580587
West Bengal,MURSHIDABAD,1997,Whole Year,Maize,343,650,1.895043732
West Bengal,MURSHIDABAD,1997,Whole Year,Potato,6964,141500,20.31878231
West Bengal,MURSHIDABAD,1997,Whole Year,Pulses total,4307200,3632200,0.843285661
West Bengal,MURSHIDABAD,1997,Whole Year,Rapeseed &Mustard,49527,41810,0.844186
West Bengal,MURSHIDABAD,1997,Whole Year,Sesamum,4174,2462,0.589841878
West Bengal,MURSHIDABAD,1997,Whole Year,Small millets,40,17,0.425
West Bengal,MURSHIDABAD,1997,Whole Year,Sugarcane,7554,491270,65.03441885
West Bengal,MURSHIDABAD,1997,Whole Year,Turmeric,1865,6460,3.463806971
West Bengal,MURSHIDABAD,1997,Winter,Rice,219994,540270,2.455839705
West Bengal,MURSHIDABAD,1998,Autumn,Rice,53196,91810,1.725881645
West Bengal,MURSHIDABAD,1998,Kharif,Arhar/Tur,234,190,0.811965812
West Bengal,MURSHIDABAD,1998,Kharif,Bajra,15,3,0.2
West Bengal,MURSHIDABAD,1998,Kharif,Dry ginger,174,159,0.913793103
West Bengal,MURSHIDABAD,1998,Kharif,Jowar,585,263,0.44957265
West Bengal,MURSHIDABAD,1998,Kharif,Jute,140407,1982810,14.12187427
West Bengal,MURSHIDABAD,1998,Kharif,Maize,186,590,3.172043011
West Bengal,MURSHIDABAD,1998,Kharif,Mesta,347,3330,9.596541787
West Bengal,MURSHIDABAD,1998,Kharif,Moong(Green Gram),23,3,0.130434783
West Bengal,MURSHIDABAD,1998,Kharif,Urad,7956,8110,1.019356461
West Bengal,MURSHIDABAD,1998,Rabi,Barley,1661,2340,1.408789886
West Bengal,MURSHIDABAD,1998,Rabi,Gram,7118,4380,0.615341388
West Bengal,MURSHIDABAD,1998,Rabi,Khesari,7102,8790,1.237679527
West Bengal,MURSHIDABAD,1998,Rabi,Linseed,1440,240,0.166666667
West Bengal,MURSHIDABAD,1998,Rabi,Masoor,16157,12690,0.785418085
West Bengal,MURSHIDABAD,1998,Rabi,Moong(Green Gram),107,80,0.747663551
West Bengal,MURSHIDABAD,1998,Rabi,Peas & beans (Pulses),1626,1190,0.731857319
West Bengal,MURSHIDABAD,1998,Rabi,Rapeseed &Mustard,53586,44490,0.830254171
West Bengal,MURSHIDABAD,1998,Rabi,Urad,390,404,1.035897436
West Bengal,MURSHIDABAD,1998,Rabi,Wheat,122450,279700,2.284197632
West Bengal,MURSHIDABAD,1998,Summer,Moong(Green Gram),264,80,0.303030303
West Bengal,MURSHIDABAD,1998,Summer,Rice,91131,367926,4.037330875
West Bengal,MURSHIDABAD,1998,Whole Year,Arecanut,56,84,1.5
West Bengal,MURSHIDABAD,1998,Whole Year,Coconut,4230,24369,5.760992908
West Bengal,MURSHIDABAD,1998,Whole Year,Dry chillies,3756,5025,1.337859425
West Bengal,MURSHIDABAD,1998,Whole Year,Groundnut,632,1106,1.75
West Bengal,MURSHIDABAD,1998,Whole Year,Potato,8590,169781,19.76495925
West Bengal,MURSHIDABAD,1998,Whole Year,Sesamum,4019,4379,1.089574521
West Bengal,MURSHIDABAD,1998,Whole Year,Sugarcane,7900,517360,65.48860759
West Bengal,MURSHIDABAD,1998,Whole Year,Turmeric,1920,4445,2.315104167
West Bengal,MURSHIDABAD,1998,Winter,Rice,218651,534310,2.443665933
West Bengal,MURSHIDABAD,1999,Autumn,Dry chillies,2209,2344,1.061113626
West Bengal,MURSHIDABAD,1999,Autumn,Rice,51465,83430,1.62110172
West Bengal,MURSHIDABAD,1999,Autumn,Sesamum,233,138,0.592274678
West Bengal,MURSHIDABAD,1999,Kharif,Arhar/Tur,606,735,1.212871287
West Bengal,MURSHIDABAD,1999,Kharif,Bajra,15,3,0.2
West Bengal,MURSHIDABAD,1999,Kharif,Dry ginger,236,253,1.072033898
West Bengal,MURSHIDABAD,1999,Kharif,Groundnut,48,55,1.145833333
West Bengal,MURSHIDABAD,1999,Kharif,Jowar,585,263,0.44957265
West Bengal,MURSHIDABAD,1999,Kharif,Jute,141641,1943340,13.72017989
West Bengal,MURSHIDABAD,1999,Kharif,Maize,469,980,2.089552239
West Bengal,MURSHIDABAD,1999,Kharif,Mesta,351,3960,11.28205128
West Bengal,MURSHIDABAD,1999,Kharif,Moong(Green Gram),23,3,0.130434783
West Bengal,MURSHIDABAD,1999,Kharif,Urad,9071,11652,1.284533128
West Bengal,MURSHIDABAD,1999,Rabi,Barley,1575,1363,0.865396825
West Bengal,MURSHIDABAD,1999,Rabi,Dry chillies,2242,3605,1.60793934
West Bengal,MURSHIDABAD,1999,Rabi,Gram,6697,6810,1.016873227
West Bengal,MURSHIDABAD,1999,Rabi,Groundnut,55,134,2.436363636
West Bengal,MURSHIDABAD,1999,Rabi,Khesari,7287,6232,0.855221628
West Bengal,MURSHIDABAD,1999,Rabi,Linseed,1048,562,0.536259542
West Bengal,MURSHIDABAD,1999,Rabi,Masoor,16765,9553,0.569818073
West Bengal,MURSHIDABAD,1999,Rabi,Moong(Green Gram),107,80,0.747663551
West Bengal,MURSHIDABAD,1999,Rabi,Peas & beans (Pulses),1513,1202,0.794448116
West Bengal,MURSHIDABAD,1999,Rabi,Rapeseed &Mustard,56124,47653,0.849066353
West Bengal,MURSHIDABAD,1999,Rabi,Small millets,40,17,0.425
West Bengal,MURSHIDABAD,1999,Rabi,Urad,390,404,1.035897436
West Bengal,MURSHIDABAD,1999,Rabi,Wheat,124477,293610,2.358749006
West Bengal,MURSHIDABAD,1999,Summer,Groundnut,157,289,1.840764331
West Bengal,MURSHIDABAD,1999,Summer,Moong(Green Gram),198,60,0.303030303
West Bengal,MURSHIDABAD,1999,Summer,Rice,100155,337320,3.367979632
West Bengal,MURSHIDABAD,1999,Summer,Sesamum,3935,2740,0.696315121
West Bengal,MURSHIDABAD,1999,Whole Year,Arecanut,25,37,1.48
West Bengal,MURSHIDABAD,1999,Whole Year,Coconut,3963,35758.1,9.022987636
West Bengal,MURSHIDABAD,1999,Whole Year,Sugarcane,6806,391898,57.58125184
West Bengal,MURSHIDABAD,1999,Whole Year,Turmeric,1640,2672,1.629268293
West Bengal,MURSHIDABAD,1999,Winter,Potato,8674,178339,20.56017985
West Bengal,MURSHIDABAD,1999,Winter,Rice,236455,450580,1.905563426
West Bengal,MURSHIDABAD,1999,Winter,Sesamum,38,19,0.5
West Bengal,MURSHIDABAD,2000,Autumn,Rice,48681,58760,1.207041762
West Bengal,MURSHIDABAD,2000,Kharif,Arhar/Tur,1266,840,0.663507109
West Bengal,MURSHIDABAD,2000,Kharif,Dry ginger,255,336,1.317647059
West Bengal,MURSHIDABAD,2000,Kharif,Groundnut,30,36,1.2
West Bengal,MURSHIDABAD,2000,Kharif,Jowar,630,300,0.476190476
West Bengal,MURSHIDABAD,2000,Kharif,Jute,140979,1901450,13.48746977
West Bengal,MURSHIDABAD,2000,Kharif,Maize,431,1040,2.412993039
West Bengal,MURSHIDABAD,2000,Kharif,Mesta,1080,7750,7.175925926
West Bengal,MURSHIDABAD,2000,Kharif,Moong(Green Gram),10,2,0.2
West Bengal,MURSHIDABAD,2000,Kharif,Urad,8226,7350,0.893508388
West Bengal,MURSHIDABAD,2000,Rabi,Barley,986,480,0.486815416
West Bengal,MURSHIDABAD,2000,Rabi,Gram,10455,10610,1.014825442
West Bengal,MURSHIDABAD,2000,Rabi,Groundnut,40,72,1.8
West Bengal,MURSHIDABAD,2000,Rabi,Khesari,8966,9160,1.021637296
West Bengal,MURSHIDABAD,2000,Rabi,Linseed,1081,450,0.416281221
West Bengal,MURSHIDABAD,2000,Rabi,Masoor,28296,26620,0.940769013
West Bengal,MURSHIDABAD,2000,Rabi,Moong(Green Gram),5,4,0.8
West Bengal,MURSHIDABAD,2000,Rabi,Peas & beans (Pulses),1735,1570,0.904899135
West Bengal,MURSHIDABAD,2000,Rabi,Rapeseed &Mustard,64987,67030,1.031437057
West Bengal,MURSHIDABAD,2000,Rabi,Urad,135,113,0.837037037
West Bengal,MURSHIDABAD,2000,Rabi,Wheat,135506,373460,2.756040323
West Bengal,MURSHIDABAD,2000,Summer,Groundnut,306,438,1.431372549
West Bengal,MURSHIDABAD,2000,Summer,Moong(Green Gram),187,96,0.513368984
West Bengal,MURSHIDABAD,2000,Summer,Rice,108478,382487,3.525940744
West Bengal,MURSHIDABAD,2000,Whole Year,Arecanut,50,100,2
West Bengal,MURSHIDABAD,2000,Whole Year,Coconut,4008,35587,8.878992016
West Bengal,MURSHIDABAD,2000,Whole Year,Dry chillies,4290,5718,1.332867133
West Bengal,MURSHIDABAD,2000,Whole Year,Potato,8869,213689,24.09392265
West Bengal,MURSHIDABAD,2000,Whole Year,Sesamum,4675,4066,0.86973262
West Bengal,MURSHIDABAD,2000,Whole Year,Sugarcane,6451,420610,65.20074407
West Bengal,MURSHIDABAD,2000,Whole Year,Turmeric,2145,5109,2.381818182
West Bengal,MURSHIDABAD,2000,Winter,Rice,66958,106930,1.596971236
West Bengal,MURSHIDABAD,2001,Autumn,Rice,48521,97682,2.013190165
West Bengal,MURSHIDABAD,2001,Kharif,Arhar/Tur,1115,1634,1.465470852
West Bengal,MURSHIDABAD,2001,Kharif,Dry ginger,268,362,1.350746269
West Bengal,MURSHIDABAD,2001,Kharif,Groundnut,103,147,1.427184466
West Bengal,MURSHIDABAD,2001,Kharif,Jowar,700,336,0.48
West Bengal,MURSHIDABAD,2001,Kharif,Jute,142951,2009997,14.06074109
West Bengal,MURSHIDABAD,2001,Kharif,Maize,51,118,2.31372549
West Bengal,MURSHIDABAD,2001,Kharif,Mesta,148,1561,10.5472973
West Bengal,MURSHIDABAD,2001,Kharif,Moong(Green Gram),5,2,0.4
West Bengal,MURSHIDABAD,2001,Kharif,Small millets,45,44,0.977777778
West Bengal,MURSHIDABAD,2001,Kharif,Urad,2161,969,0.448403517
West Bengal,MURSHIDABAD,2001,Rabi,Barley,656,769,1.172256098
West Bengal,MURSHIDABAD,2001,Rabi,Gram,9904,7712,0.778675283
West Bengal,MURSHIDABAD,2001,Rabi,Groundnut,70,105,1.5
West Bengal,MURSHIDABAD,2001,Rabi,Khesari,8332,6888,0.826692271
West Bengal,MURSHIDABAD,2001,Rabi,Linseed,984,296,0.300813008
West Bengal,MURSHIDABAD,2001,Rabi,Masoor,27661,16049,0.580203174
West Bengal,MURSHIDABAD,2001,Rabi,Moong(Green Gram),15,9,0.6
West Bengal,MURSHIDABAD,2001,Rabi,Peas & beans (Pulses),1872,1135,0.606303419
West Bengal,MURSHIDABAD,2001,Rabi,Rapeseed &Mustard,63005,54329,0.862296643
West Bengal,MURSHIDABAD,2001,Rabi,Urad,285,291,1.021052632
West Bengal,MURSHIDABAD,2001,Rabi,Wheat,137732,318502,2.312476403
West Bengal,MURSHIDABAD,2001,Summer,Groundnut,574,653,1.137630662
West Bengal,MURSHIDABAD,2001,Summer,Moong(Green Gram),121,47,0.388429752
West Bengal,MURSHIDABAD,2001,Summer,Rice,112413,383715,3.413439727
West Bengal,MURSHIDABAD,2001,Whole Year,Arecanut,53,106,2
West Bengal,MURSHIDABAD,2001,Whole Year,Coconut,4110,30631.8,7.452992701
West Bengal,MURSHIDABAD,2001,Whole Year,Dry chillies,3976,5780,1.453722334
West Bengal,MURSHIDABAD,2001,Whole Year,Potato,7614,174357,22.89952719
West Bengal,MURSHIDABAD,2001,Whole Year,Sesamum,4122,3097,0.751334304
West Bengal,MURSHIDABAD,2001,Whole Year,Sugarcane,6360,481885,75.76808176
West Bengal,MURSHIDABAD,2001,Whole Year,Turmeric,1460,4938,3.382191781
West Bengal,MURSHIDABAD,2001,Winter,Rice,234126,603952,2.579602436
West Bengal,MURSHIDABAD,2002,Autumn,Dry chillies,2709,3633,1.341085271
West Bengal,MURSHIDABAD,2002,Autumn,Rice,53336,104418,1.957739613
West Bengal,MURSHIDABAD,2002,Autumn,Sesamum,60,41,0.683333333
West Bengal,MURSHIDABAD,2002,Kharif,Arhar/Tur,1354,1436,1.0605613
West Bengal,MURSHIDABAD,2002,Kharif,Dry ginger,258,373,1.445736434
West Bengal,MURSHIDABAD,2002,Kharif,Groundnut,100,145,1.45
West Bengal,MURSHIDABAD,2002,Kharif,Jowar,1140,553,0.485087719
West Bengal,MURSHIDABAD,2002,Kharif,Jute,143852,1997089,13.88294219
West Bengal,MURSHIDABAD,2002,Kharif,Maize,105,211,2.00952381
West Bengal,MURSHIDABAD,2002,Kharif,Mesta,105,903,8.6
West Bengal,MURSHIDABAD,2002,Kharif,Small millets,46,30,0.652173913
West Bengal,MURSHIDABAD,2002,Kharif,Urad,2418,1425,0.589330025
West Bengal,MURSHIDABAD,2002,Rabi,Barley,708,629,0.888418079
West Bengal,MURSHIDABAD,2002,Rabi,Dry chillies,1885,2795,1.482758621
West Bengal,MURSHIDABAD,2002,Rabi,Gram,10024,5528,0.551476457
West Bengal,MURSHIDABAD,2002,Rabi,Khesari,9041,4003,0.442760757
West Bengal,MURSHIDABAD,2002,Rabi,Linseed,581,157,0.270223752
West Bengal,MURSHIDABAD,2002,Rabi,Masoor,28053,16823,0.599686308
West Bengal,MURSHIDABAD,2002,Rabi,Moong(Green Gram),20,14,0.7
West Bengal,MURSHIDABAD,2002,Rabi,Peas & beans (Pulses),1764,1046,0.592970522
West Bengal,MURSHIDABAD,2002,Rabi,Rapeseed &Mustard,62031,51270,0.826522223
West Bengal,MURSHIDABAD,2002,Rabi,Urad,200,180,0.9
West Bengal,MURSHIDABAD,2002,Rabi,Wheat,133961,290927,2.171729085
West Bengal,MURSHIDABAD,2002,Summer,Groundnut,171,218,1.274853801
West Bengal,MURSHIDABAD,2002,Summer,Rice,115142,360521,3.131098991
West Bengal,MURSHIDABAD,2002,Summer,Sesamum,4531,3762,0.830280291
West Bengal,MURSHIDABAD,2002,Whole Year,Arecanut,70,124,1.771428571
West Bengal,MURSHIDABAD,2002,Whole Year,Coconut,4239,35594.9,8.39700401
West Bengal,MURSHIDABAD,2002,Whole Year,Sugarcane,6453,436165,67.59104293
West Bengal,MURSHIDABAD,2002,Whole Year,Turmeric,1498,4473,2.985981308
West Bengal,MURSHIDABAD,2002,Winter,Potato,8832,203207,23.00803895
West Bengal,MURSHIDABAD,2002,Winter,Rice,238246,607864,2.551413245
West Bengal,MURSHIDABAD,2002,Winter,Sesamum,19,13,0.684210526
West Bengal,MURSHIDABAD,2003,Autumn,Rice,40170,84157,2.09502116
West Bengal,MURSHIDABAD,2003,Kharif,Arhar/Tur,442,457,1.033936652
West Bengal,MURSHIDABAD,2003,Kharif,Dry ginger,251,363,1.446215139
West Bengal,MURSHIDABAD,2003,Kharif,Groundnut,75,75,1
West Bengal,MURSHIDABAD,2003,Kharif,Jowar,1140,553,0.485087719
West Bengal,MURSHIDABAD,2003,Kharif,Jute,153960,2070497,13.44827877
West Bengal,MURSHIDABAD,2003,Kharif,Maize,1973,6281,3.183476939
West Bengal,MURSHIDABAD,2003,Kharif,Mesta,94,794,8.446808511
West Bengal,MURSHIDABAD,2003,Kharif,Moong(Green Gram),21,16,0.761904762
West Bengal,MURSHIDABAD,2003,Kharif,Other Kharif pulses,5,3,0.6
West Bengal,MURSHIDABAD,2003,Kharif,Sunflower,115,46,0.4
West Bengal,MURSHIDABAD,2003,Kharif,Urad,3713,2357,0.63479666
West Bengal,MURSHIDABAD,2003,Rabi,Barley,689,1137,1.650217707
West Bengal,MURSHIDABAD,2003,Rabi,Gram,12634,11505,0.910637961
West Bengal,MURSHIDABAD,2003,Rabi,Groundnut,57,104,1.824561404
West Bengal,MURSHIDABAD,2003,Rabi,Khesari,13268,17223,1.29808562
West Bengal,MURSHIDABAD,2003,Rabi,Linseed,616,331,0.537337662
West Bengal,MURSHIDABAD,2003,Rabi,Masoor,24609,19060,0.774513389
West Bengal,MURSHIDABAD,2003,Rabi,Moong(Green Gram),12,9,0.75
West Bengal,MURSHIDABAD,2003,Rabi,Peas & beans (Pulses),6904,8418,1.219293163
West Bengal,MURSHIDABAD,2003,Rabi,Rapeseed &Mustard,77506,81297,1.048912342
West Bengal,MURSHIDABAD,2003,Rabi,Urad,3336,2695,0.807853717
West Bengal,MURSHIDABAD,2003,Rabi,Wheat,134831,346801,2.572116205
West Bengal,MURSHIDABAD,2003,Summer,Groundnut,124,174,1.403225806
West Bengal,MURSHIDABAD,2003,Summer,Moong(Green Gram),96,30,0.3125
West Bengal,MURSHIDABAD,2003,Summer,Rice,130991,431128,3.291279554
West Bengal,MURSHIDABAD,2003,Whole Year,Arecanut,71,113,1.591549296
West Bengal,MURSHIDABAD,2003,Whole Year,Coconut,4225,30381.9,7.190982249
West Bengal,MURSHIDABAD,2003,Whole Year,Dry chillies,4744,6546,1.379848229
West Bengal,MURSHIDABAD,2003,Whole Year,Potato,7405,170658,23.04632005
West Bengal,MURSHIDABAD,2003,Whole Year,Sesamum,14154,14578,1.029956196
West Bengal,MURSHIDABAD,2003,Whole Year,Sugarcane,5817,439185,75.50025786
West Bengal,MURSHIDABAD,2003,Whole Year,Turmeric,1441,4801,3.331714087
West Bengal,MURSHIDABAD,2003,Winter,Rice,232299,598306,2.575585775
West Bengal,MURSHIDABAD,2004,Autumn,Rice,38130,85853,2.251586677
West Bengal,MURSHIDABAD,2004,Kharif,Dry ginger,209,339,1.622009569
West Bengal,MURSHIDABAD,2004,Kharif,Jowar,1375,594,0.432
West Bengal,MURSHIDABAD,2004,Kharif,Jute,131563,1963310,14.92296466
West Bengal,MURSHIDABAD,2004,Kharif,Maize,2706,8807,3.254619364
West Bengal,MURSHIDABAD,2004,Kharif,Mesta,173,1725,9.971098266
West Bengal,MURSHIDABAD,2004,Kharif,Moong(Green Gram),12,9,0.75
West Bengal,MURSHIDABAD,2004,Kharif,Sunflower,76,115,1.513157895
West Bengal,MURSHIDABAD,2004,Kharif,Urad,8220,5873,0.714476886
West Bengal,MURSHIDABAD,2004,Rabi,Arhar/Tur,157,174,1.108280255
West Bengal,MURSHIDABAD,2004,Rabi,Barley,586,510,0.870307167
West Bengal,MURSHIDABAD,2004,Rabi,Gram,11601,10172,0.876820964
West Bengal,MURSHIDABAD,2004,Rabi,Horse-gram,50,3,0.06
West Bengal,MURSHIDABAD,2004,Rabi,Khesari,12014,9751,0.811636424
West Bengal,MURSHIDABAD,2004,Rabi,Linseed,466,178,0.381974249
West Bengal,MURSHIDABAD,2004,Rabi,Masoor,22407,12459,0.556031597
West Bengal,MURSHIDABAD,2004,Rabi,Moong(Green Gram),31,19,0.612903226
West Bengal,MURSHIDABAD,2004,Rabi,Peas & beans (Pulses),6160,2962,0.480844156
West Bengal,MURSHIDABAD,2004,Rabi,Rapeseed &Mustard,76078,64526,0.84815584
West Bengal,MURSHIDABAD,2004,Rabi,Urad,3090,2209,0.714886731
West Bengal,MURSHIDABAD,2004,Rabi,Wheat,130363,251791,1.931460614
West Bengal,MURSHIDABAD,2004,Summer,Moong(Green Gram),14,5,0.357142857
West Bengal,MURSHIDABAD,2004,Summer,Rice,140359,513370,3.657549569
West Bengal,MURSHIDABAD,2004,Whole Year,Coconut,4314,33217.8,7.7
West Bengal,MURSHIDABAD,2004,Whole Year,Dry chillies,5210,7450,1.429942418
West Bengal,MURSHIDABAD,2004,Whole Year,Groundnut,310,489,1.577419355
West Bengal,MURSHIDABAD,2004,Whole Year,Potato,10332,245563,23.76722803
West Bengal,MURSHIDABAD,2004,Whole Year,Sesamum,14864,14022,0.943353068
West Bengal,MURSHIDABAD,2004,Whole Year,Sugarcane,5286,368204,69.656451
West Bengal,MURSHIDABAD,2004,Whole Year,Turmeric,1778,5339,3.002812148
West Bengal,MURSHIDABAD,2004,Winter,Rice,232211,595193,2.563155923
West Bengal,MURSHIDABAD,2005,Autumn,Rice,36281,78733,2.170089027
West Bengal,MURSHIDABAD,2005,Kharif,Dry ginger,205,352,1.717073171
West Bengal,MURSHIDABAD,2005,Kharif,Jowar,1355,532,0.392619926
West Bengal,MURSHIDABAD,2005,Kharif,Jute,127604,1865617,14.62036457
West Bengal,MURSHIDABAD,2005,Kharif,Maize,5353,23872,4.45955539
West Bengal,MURSHIDABAD,2005,Kharif,Mesta,536,8115,15.13992537
West Bengal,MURSHIDABAD,2005,Kharif,Moong(Green Gram),12,10,0.833333333
West Bengal,MURSHIDABAD,2005,Kharif,Sunflower,113,178,1.575221239
West Bengal,MURSHIDABAD,2005,Kharif,Urad,8660,6347,0.732909931
West Bengal,MURSHIDABAD,2005,Rabi,Arhar/Tur,70,75,1.071428571
West Bengal,MURSHIDABAD,2005,Rabi,Barley,562,468,0.832740214
West Bengal,MURSHIDABAD,2005,Rabi,Gram,10822,10502,0.970430604
West Bengal,MURSHIDABAD,2005,Rabi,Horse-gram,30,18,0.6
West Bengal,MURSHIDABAD,2005,Rabi,Khesari,10331,7884,0.763140064
West Bengal,MURSHIDABAD,2005,Rabi,Linseed,307,121,0.394136808
West Bengal,MURSHIDABAD,2005,Rabi,Masoor,20843,18512,0.888163892
West Bengal,MURSHIDABAD,2005,Rabi,Moong(Green Gram),45,45,1
West Bengal,MURSHIDABAD,2005,Rabi,Peas & beans (Pulses),3846,3175,0.825533021
West Bengal,MURSHIDABAD,2005,Rabi,Rapeseed &Mustard,77281,82342,1.065488283
West Bengal,MURSHIDABAD,2005,Rabi,Urad,455,528,1.16043956
West Bengal,MURSHIDABAD,2005,Rabi,Wheat,125540,273112,2.175497849
West Bengal,MURSHIDABAD,2005,Summer,Moong(Green Gram),26,8,0.307692308
West Bengal,MURSHIDABAD,2005,Summer,Rice,137686,473728,3.440640297
West Bengal,MURSHIDABAD,2005,Whole Year,Arecanut,75,130,1.733333333
West Bengal,MURSHIDABAD,2005,Whole Year,Coconut,4327,52772,12.19597874
West Bengal,MURSHIDABAD,2005,Whole Year,Dry chillies,4433,9101,2.053011505
West Bengal,MURSHIDABAD,2005,Whole Year,Groundnut,277,418,1.509025271
West Bengal,MURSHIDABAD,2005,Whole Year,Potato,10341,178617,17.2727009
West Bengal,MURSHIDABAD,2005,Whole Year,Sesamum,14808,14691,0.992098865
West Bengal,MURSHIDABAD,2005,Whole Year,Sugarcane,6083,458657,75.39980273
West Bengal,MURSHIDABAD,2005,Whole Year,Turmeric,1680,6504,3.871428571
West Bengal,MURSHIDABAD,2005,Winter,Rice,230296,637078,2.766344183
West Bengal,MURSHIDABAD,2006,Autumn,Rice,32583,62180,1.908357119
West Bengal,MURSHIDABAD,2006,Kharif,Dry ginger,214,387,1.808411215
West Bengal,MURSHIDABAD,2006,Kharif,Jowar,1345,588,0.437174721
West Bengal,MURSHIDABAD,2006,Kharif,Jute,134977,1972021,14.61005208
West Bengal,MURSHIDABAD,2006,Kharif,Maize,7464,34448,4.615219721
West Bengal,MURSHIDABAD,2006,Kharif,Mesta,603,4100,6.79933665
West Bengal,MURSHIDABAD,2006,Kharif,Moong(Green Gram),200,,
West Bengal,MURSHIDABAD,2006,Kharif,Other Kharif pulses,5,3,0.6
West Bengal,MURSHIDABAD,2006,Kharif,Sunflower,29,49,1.689655172
West Bengal,MURSHIDABAD,2006,Kharif,Urad,10329,6977,0.675476813
West Bengal,MURSHIDABAD,2006,Rabi,Arhar/Tur,319,131,0.410658307
West Bengal,MURSHIDABAD,2006,Rabi,Barley,898,387,0.430957684
West Bengal,MURSHIDABAD,2006,Rabi,Gram,8093,5527,0.682935871
West Bengal,MURSHIDABAD,2006,Rabi,Khesari,8736,5743,0.657394689
West Bengal,MURSHIDABAD,2006,Rabi,Linseed,101,25,0.247524752
West Bengal,MURSHIDABAD,2006,Rabi,Masoor,18873,14912,0.790123457
West Bengal,MURSHIDABAD,2006,Rabi,Peas & beans (Pulses),4112,1859,0.45209144
West Bengal,MURSHIDABAD,2006,Rabi,Rapeseed &Mustard,77448,71277,0.920320731
West Bengal,MURSHIDABAD,2006,Rabi,Urad,805,706,0.877018634
West Bengal,MURSHIDABAD,2006,Rabi,Wheat,125521,270324,2.15361573
West Bengal,MURSHIDABAD,2006,Summer,Moong(Green Gram),542,203,0.374538745
West Bengal,MURSHIDABAD,2006,Summer,Rice,137322,475669,3.463895079
West Bengal,MURSHIDABAD,2006,Whole Year,Arecanut,81,142,1.75308642
West Bengal,MURSHIDABAD,2006,Whole Year,Coconut,4202,59361700,14127.01095
West Bengal,MURSHIDABAD,2006,Whole Year,Dry chillies,4478,6756,1.508709245
West Bengal,MURSHIDABAD,2006,Whole Year,Groundnut,282,438,1.553191489
West Bengal,MURSHIDABAD,2006,Whole Year,Potato,10677,106745,9.997658518
West Bengal,MURSHIDABAD,2006,Whole Year,Sesamum,14491,14460,0.997860741
West Bengal,MURSHIDABAD,2006,Whole Year,Sugarcane,5075,340895,67.17142857
West Bengal,MURSHIDABAD,2006,Whole Year,Turmeric,1764,8097,4.590136054
West Bengal,MURSHIDABAD,2006,Winter,Rice,225168,492849,2.188805692
West Bengal,MURSHIDABAD,2007,Autumn,Rice,32662,65084,1.992652012
West Bengal,MURSHIDABAD,2007,Autumn,Sesamum,60,40,0.666666667
West Bengal,MURSHIDABAD,2007,Kharif,Dry ginger,240,570,2.375
West Bengal,MURSHIDABAD,2007,Kharif,Garlic,40,450,11.25
West Bengal,MURSHIDABAD,2007,Kharif,Groundnut,12,19,1.583333333
West Bengal,MURSHIDABAD,2007,Kharif,Jowar,1630,686,0.420858896
West Bengal,MURSHIDABAD,2007,Kharif,Jute,153244,1981933,12.93318499
West Bengal,MURSHIDABAD,2007,Kharif,Maize,69,138,2
West Bengal,MURSHIDABAD,2007,Kharif,Mesta,176,1459,8.289772727
West Bengal,MURSHIDABAD,2007,Kharif,Sunflower,88,100,1.136363636
West Bengal,MURSHIDABAD,2007,Kharif,Urad,8681,8536,0.983296855
West Bengal,MURSHIDABAD,2007,Rabi,Arhar/Tur,372,392,1.053763441
West Bengal,MURSHIDABAD,2007,Rabi,Barley,573,485,0.846422339
West Bengal,MURSHIDABAD,2007,Rabi,Gram,6330,5149,0.81342812
West Bengal,MURSHIDABAD,2007,Rabi,Groundnut,1,2,2
West Bengal,MURSHIDABAD,2007,Rabi,Khesari,10929,8701,0.796138714
West Bengal,MURSHIDABAD,2007,Rabi,Linseed,748,132,0.176470588
West Bengal,MURSHIDABAD,2007,Rabi,Maize,2238,10655,4.760947274
West Bengal,MURSHIDABAD,2007,Rabi,Masoor,19707,15465,0.784746537
West Bengal,MURSHIDABAD,2007,Rabi,Moong(Green Gram),21,31,1.476190476
West Bengal,MURSHIDABAD,2007,Rabi,Peas & beans (Pulses),3998,2161,0.54052026
West Bengal,MURSHIDABAD,2007,Rabi,Rapeseed &Mustard,79426,76599,0.964407121
West Bengal,MURSHIDABAD,2007,Rabi,Safflower,4,5,1.25
West Bengal,MURSHIDABAD,2007,Rabi,Urad,710,729,1.026760563
West Bengal,MURSHIDABAD,2007,Rabi,Wheat,122557,313427,2.557397782
West Bengal,MURSHIDABAD,2007,Summer,Groundnut,70,111,1.585714286
West Bengal,MURSHIDABAD,2007,Summer,Maize,1881,8686,4.617756512
West Bengal,MURSHIDABAD,2007,Summer,Moong(Green Gram),793,512,0.645649433
West Bengal,MURSHIDABAD,2007,Summer,Rice,141921,500939,3.529703145
West Bengal,MURSHIDABAD,2007,Summer,Sesamum,13242,13277,1.002643105
West Bengal,MURSHIDABAD,2007,Whole Year,Arecanut,80,160,2
West Bengal,MURSHIDABAD,2007,Whole Year,Coconut,4610,59350000,12874.18655
West Bengal,MURSHIDABAD,2007,Whole Year,Dry chillies,4540,7080,1.559471366
West Bengal,MURSHIDABAD,2007,Whole Year,Potato,14667,269918,18.40308175
West Bengal,MURSHIDABAD,2007,Whole Year,Sugarcane,6128,621163,101.3647193
West Bengal,MURSHIDABAD,2007,Whole Year,Turmeric,1780,8640,4.853932584
West Bengal,MURSHIDABAD,2007,Winter,Rice,223835,576385,2.575044117
West Bengal,MURSHIDABAD,2007,Winter,Sesamum,88,35,0.397727273
West Bengal,MURSHIDABAD,2008,Autumn,Maize,355,879,2.476056338
West Bengal,MURSHIDABAD,2008,Autumn,Rice,32285,73651,2.281276134
West Bengal,MURSHIDABAD,2008,Autumn,Sesamum,44,29,0.659090909
West Bengal,MURSHIDABAD,2008,Kharif,Dry ginger,270,510,1.888888889
West Bengal,MURSHIDABAD,2008,Kharif,Groundnut,10,17,1.7
West Bengal,MURSHIDABAD,2008,Kharif,Jowar,1100,459,0.417272727
West Bengal,MURSHIDABAD,2008,Kharif,Jute,147234,1785879,12.12952851
West Bengal,MURSHIDABAD,2008,Kharif,Mesta,119,844,7.092436975
West Bengal,MURSHIDABAD,2008,Kharif,Sunflower,26,28,1.076923077
West Bengal,MURSHIDABAD,2008,Kharif,Urad,7907,6847,0.865941571
West Bengal,MURSHIDABAD,2008,Rabi,Arhar/Tur,83,165,1.987951807
West Bengal,MURSHIDABAD,2008,Rabi,Barley,914,1031,1.128008753
West Bengal,MURSHIDABAD,2008,Rabi,Gram,3250,3611,1.111076923
West Bengal,MURSHIDABAD,2008,Rabi,Groundnut,4,4,1
West Bengal,MURSHIDABAD,2008,Rabi,Horse-gram,40,18,0.45
West Bengal,MURSHIDABAD,2008,Rabi,Khesari,8601,7136,0.829670968
West Bengal,MURSHIDABAD,2008,Rabi,Linseed,196,14,0.071428571
West Bengal,MURSHIDABAD,2008,Rabi,Maize,2041,9991,4.895149437
West Bengal,MURSHIDABAD,2008,Rabi,Masoor,13844,8990,0.649378792
West Bengal,MURSHIDABAD,2008,Rabi,Moong(Green Gram),56,60,1.071428571
West Bengal,MURSHIDABAD,2008,Rabi,Peas & beans (Pulses),1703,1163,0.682912507
West Bengal,MURSHIDABAD,2008,Rabi,Rapeseed &Mustard,83585,65269,0.780869773
West Bengal,MURSHIDABAD,2008,Rabi,Safflower,2,2,1
West Bengal,MURSHIDABAD,2008,Rabi,Urad,830,740,0.891566265
West Bengal,MURSHIDABAD,2008,Rabi,Wheat,101825,258310,2.536803339
West Bengal,MURSHIDABAD,2008,Summer,Groundnut,85,133,1.564705882
West Bengal,MURSHIDABAD,2008,Summer,Maize,1579,6993,4.428752375
West Bengal,MURSHIDABAD,2008,Summer,Moong(Green Gram),664,290,0.436746988
West Bengal,MURSHIDABAD,2008,Summer,Rice,135706,417019,3.072959191
West Bengal,MURSHIDABAD,2008,Summer,Sesamum,17824,16474,0.924259425
West Bengal,MURSHIDABAD,2008,Whole Year,Arecanut,82,160,1.951219512
West Bengal,MURSHIDABAD,2008,Whole Year,Coconut,4620,59500,12.87878788
West Bengal,MURSHIDABAD,2008,Whole Year,Dry chillies,4140,6870,1.65942029
West Bengal,MURSHIDABAD,2008,Whole Year,Potato,12203,119996,9.833319675
West Bengal,MURSHIDABAD,2008,Whole Year,Sugarcane,6965,549954,78.95965542
West Bengal,MURSHIDABAD,2008,Whole Year,Turmeric,1850,8810,4.762162162
West Bengal,MURSHIDABAD,2008,Winter,Rice,231525,633077,2.734378577
West Bengal,MURSHIDABAD,2008,Winter,Sesamum,87,36,0.413793103
West Bengal,MURSHIDABAD,2009,Autumn,Groundnut,9,16,1.777777778
West Bengal,MURSHIDABAD,2009,Autumn,Maize,217,447,2.059907834
West Bengal,MURSHIDABAD,2009,Autumn,Rice,16629,35194,2.116423116
West Bengal,MURSHIDABAD,2009,Autumn,Sesamum,98,59,0.602040816
West Bengal,MURSHIDABAD,2009,Kharif,Jowar,1450,618,0.426206897
West Bengal,MURSHIDABAD,2009,Kharif,Jute,171999,2589591,15.05584916
West Bengal,MURSHIDABAD,2009,Kharif,Mesta,226,2294,10.15044248
West Bengal,MURSHIDABAD,2009,Kharif,Moong(Green Gram),92,48,0.52173913
West Bengal,MURSHIDABAD,2009,Kharif,Sunflower,70,49,0.7
West Bengal,MURSHIDABAD,2009,Kharif,Urad,6525,3857,0.591111111
West Bengal,MURSHIDABAD,2009,Rabi,Arhar/Tur,195,240,1.230769231
West Bengal,MURSHIDABAD,2009,Rabi,Barley,263,515,1.958174905
West Bengal,MURSHIDABAD,2009,Rabi,Gram,4368,4945,1.13209707
West Bengal,MURSHIDABAD,2009,Rabi,Groundnut,3550,6390,1.8
West Bengal,MURSHIDABAD,2009,Rabi,Khesari,9589,9338,0.973824174
West Bengal,MURSHIDABAD,2009,Rabi,Linseed,22,7,0.318181818
West Bengal,MURSHIDABAD,2009,Rabi,Maize,2056,10087,4.906128405
West Bengal,MURSHIDABAD,2009,Rabi,Masoor,14551,15556,1.069067418
West Bengal,MURSHIDABAD,2009,Rabi,Moong(Green Gram),40,57,1.425
West Bengal,MURSHIDABAD,2009,Rabi,Peas & beans (Pulses),1301,1952,1.50038432
West Bengal,MURSHIDABAD,2009,Rabi,Potato,11899,370671,31.1514413
West Bengal,MURSHIDABAD,2009,Rabi,Rapeseed &Mustard,83151,111039,1.335389833
West Bengal,MURSHIDABAD,2009,Rabi,Urad,782,725,0.927109974
West Bengal,MURSHIDABAD,2009,Rabi,Wheat,100123,284634,2.842843303
West Bengal,MURSHIDABAD,2009,Summer,Groundnut,105,176,1.676190476
West Bengal,MURSHIDABAD,2009,Summer,Maize,1505,7531,5.003986711
West Bengal,MURSHIDABAD,2009,Summer,Moong(Green Gram),412,187,0.453883495
West Bengal,MURSHIDABAD,2009,Summer,Rice,131338,411311,3.131698366
West Bengal,MURSHIDABAD,2009,Summer,Sesamum,15575,16676,1.070690209
West Bengal,MURSHIDABAD,2009,Whole Year,Sugarcane,5266,335123,63.63900494
West Bengal,MURSHIDABAD,2009,Winter,Rice,225164,593905,2.63765522
West Bengal,MURSHIDABAD,2009,Winter,Sesamum,273,153,0.56043956
West Bengal,MURSHIDABAD,2010,Autumn,Groundnut,11,19,1.727272727
West Bengal,MURSHIDABAD,2010,Autumn,Maize,140,354,2.528571429
West Bengal,MURSHIDABAD,2010,Autumn,Rice,11867,23358,1.968315497
West Bengal,MURSHIDABAD,2010,Autumn,Sesamum,62,31,0.5
West Bengal,MURSHIDABAD,2010,Kharif,Jute,157701,2343257,14.85885949
West Bengal,MURSHIDABAD,2010,Kharif,Mesta,99,960,9.696969697
West Bengal,MURSHIDABAD,2010,Kharif,Moong(Green Gram),104,55,0.528846154
West Bengal,MURSHIDABAD,2010,Kharif,Sunflower,75,83,1.106666667
West Bengal,MURSHIDABAD,2010,Kharif,Urad,14644,9346,0.638213603
West Bengal,MURSHIDABAD,2010,Rabi,Arhar/Tur,113,166,1.469026549
West Bengal,MURSHIDABAD,2010,Rabi,Barley,262,362,1.381679389
West Bengal,MURSHIDABAD,2010,Rabi,Gram,4399,4351,0.989088429
West Bengal,MURSHIDABAD,2010,Rabi,Groundnut,39,58,1.487179487
West Bengal,MURSHIDABAD,2010,Rabi,Khesari,8467,8156,0.963269163
West Bengal,MURSHIDABAD,2010,Rabi,Linseed,14,4,0.285714286
West Bengal,MURSHIDABAD,2010,Rabi,Maize,2182,10028,4.595783685
West Bengal,MURSHIDABAD,2010,Rabi,Masoor,15447,14334,0.927947174
West Bengal,MURSHIDABAD,2010,Rabi,Moong(Green Gram),25,45,1.8
West Bengal,MURSHIDABAD,2010,Rabi,Peas & beans (Pulses),1985,3310,1.667506297
West Bengal,MURSHIDABAD,2010,Rabi,Potato,12249,367960,30.04000327
West Bengal,MURSHIDABAD,2010,Rabi,Rapeseed &Mustard,88694,97736,1.101946017
West Bengal,MURSHIDABAD,2010,Rabi,Urad,5251,5713,1.087983241
West Bengal,MURSHIDABAD,2010,Rabi,Wheat,96390,286362,2.970868347
West Bengal,MURSHIDABAD,2010,Summer,Groundnut,123,185,1.504065041
West Bengal,MURSHIDABAD,2010,Summer,Maize,1303,6604,5.068303914
West Bengal,MURSHIDABAD,2010,Summer,Moong(Green Gram),347,221,0.636887608
West Bengal,MURSHIDABAD,2010,Summer,Rice,121612,399084,3.281616946
West Bengal,MURSHIDABAD,2010,Summer,Sesamum,17508,14286,0.815969842
West Bengal,MURSHIDABAD,2010,Whole Year,Sugarcane,5544,399295,72.02290765
West Bengal,MURSHIDABAD,2010,Winter,Rice,170696,439287,2.573504944
West Bengal,MURSHIDABAD,2010,Winter,Sesamum,137,83,0.605839416
West Bengal,MURSHIDABAD,2011,Autumn,Groundnut,16,27,1.6875
West Bengal,MURSHIDABAD,2011,Autumn,Maize,170,363,2.135294118
West Bengal,MURSHIDABAD,2011,Autumn,Rice,11849,26456,2.232762258
West Bengal,MURSHIDABAD,2011,Autumn,Sesamum,74,47,0.635135135
West Bengal,MURSHIDABAD,2011,Kharif,Jute,157571,2195519,13.93352203
West Bengal,MURSHIDABAD,2011,Kharif,Moong(Green Gram),85,48,0.564705882
West Bengal,MURSHIDABAD,2011,Kharif,Sunflower,108,118,1.092592593
West Bengal,MURSHIDABAD,2011,Kharif,Urad,7571,5322,0.70294545
West Bengal,MURSHIDABAD,2011,Rabi,Arhar/Tur,26,12,0.461538462
West Bengal,MURSHIDABAD,2011,Rabi,Barley,480,636,1.325
West Bengal,MURSHIDABAD,2011,Rabi,Gram,5178,4733,0.914059482
West Bengal,MURSHIDABAD,2011,Rabi,Groundnut,238,764,3.210084034
West Bengal,MURSHIDABAD,2011,Rabi,Khesari,8316,7591,0.912818663
West Bengal,MURSHIDABAD,2011,Rabi,Linseed,98,41,0.418367347
West Bengal,MURSHIDABAD,2011,Rabi,Maize,2093,10035,4.794553273
West Bengal,MURSHIDABAD,2011,Rabi,Masoor,14652,12174,0.830876331
West Bengal,MURSHIDABAD,2011,Rabi,Moong(Green Gram),40,54,1.35
West Bengal,MURSHIDABAD,2011,Rabi,Peas & beans (Pulses),2005,1982,0.988528678
West Bengal,MURSHIDABAD,2011,Rabi,Potato,11052,291666,26.39033659
West Bengal,MURSHIDABAD,2011,Rabi,Rapeseed &Mustard,81411,81182,0.997187112
West Bengal,MURSHIDABAD,2011,Rabi,Safflower,37,37,1
West Bengal,MURSHIDABAD,2011,Rabi,Urad,2288,2393,1.045891608
West Bengal,MURSHIDABAD,2011,Rabi,Wheat,97146,275701,2.838006712
West Bengal,MURSHIDABAD,2011,Summer,Groundnut,1,2,2
West Bengal,MURSHIDABAD,2011,Summer,Maize,1462,7043,4.817373461
West Bengal,MURSHIDABAD,2011,Summer,Moong(Green Gram),227,142,0.625550661
West Bengal,MURSHIDABAD,2011,Summer,Rice,113523,374864,3.302097372
West Bengal,MURSHIDABAD,2011,Summer,Sesamum,15565,14546,0.934532605
West Bengal,MURSHIDABAD,2011,Whole Year,Sugarcane,3705,214852,57.98974359
West Bengal,MURSHIDABAD,2011,Winter,Rice,225648,555990,2.463970432
West Bengal,MURSHIDABAD,2011,Winter,Sesamum,87,45,0.517241379
West Bengal,MURSHIDABAD,2012,Autumn,Groundnut,15,24,1.6
West Bengal,MURSHIDABAD,2012,Autumn,Maize,518,1210,2.335907336
West Bengal,MURSHIDABAD,2012,Autumn,Rice,11682,26953,2.30722479
West Bengal,MURSHIDABAD,2012,Autumn,Sesamum,90,76,0.844444444
West Bengal,MURSHIDABAD,2012,Kharif,Jute,159497,2176807,13.64794949
West Bengal,MURSHIDABAD,2012,Kharif,Mesta,736,8773,11.91983696
West Bengal,MURSHIDABAD,2012,Kharif,Moong(Green Gram),90,59,0.655555556
West Bengal,MURSHIDABAD,2012,Kharif,Sunflower,40,45,1.125
West Bengal,MURSHIDABAD,2012,Kharif,Urad,9412,6112,0.649383765
West Bengal,MURSHIDABAD,2012,Rabi,Arhar/Tur,26,33,1.269230769
West Bengal,MURSHIDABAD,2012,Rabi,Barley,335,618,1.844776119
West Bengal,MURSHIDABAD,2012,Rabi,Gram,5679,6877,1.210952633
West Bengal,MURSHIDABAD,2012,Rabi,Groundnut,238,764,3.210084034
West Bengal,MURSHIDABAD,2012,Rabi,Khesari,8950,8402,0.93877095
West Bengal,MURSHIDABAD,2012,Rabi,Linseed,121,36,0.297520661
West Bengal,MURSHIDABAD,2012,Rabi,Maize,2914,11029,3.784831846
West Bengal,MURSHIDABAD,2012,Rabi,Masoor,15475,15115,0.976736672
West Bengal,MURSHIDABAD,2012,Rabi,Moong(Green Gram),35,52,1.485714286
West Bengal,MURSHIDABAD,2012,Rabi,Peas & beans (Pulses),2092,3217,1.537762906
West Bengal,MURSHIDABAD,2012,Rabi,Potato,13073,364716,27.89841658
West Bengal,MURSHIDABAD,2012,Rabi,Rapeseed &Mustard,87108,94679,1.086915094
West Bengal,MURSHIDABAD,2012,Rabi,Urad,2774,2943,1.060922855
West Bengal,MURSHIDABAD,2012,Rabi,Wheat,99243,285342,2.875185152
West Bengal,MURSHIDABAD,2012,Summer,Groundnut,235,687,2.923404255
West Bengal,MURSHIDABAD,2012,Summer,Maize,1505,6949,4.617275748
West Bengal,MURSHIDABAD,2012,Summer,Moong(Green Gram),222,136,0.612612613
West Bengal,MURSHIDABAD,2012,Summer,Rice,114063,392066,3.437275891
West Bengal,MURSHIDABAD,2012,Summer,Sesamum,18455,13050,0.70712544
West Bengal,MURSHIDABAD,2012,Whole Year,Sugarcane,3708,302375,81.54665588
West Bengal,MURSHIDABAD,2012,Winter,Rice,226641,554681,2.447399191
West Bengal,MURSHIDABAD,2012,Winter,Sesamum,66,59,0.893939394
West Bengal,MURSHIDABAD,2013,Autumn,Groundnut,25,32,1.28
West Bengal,MURSHIDABAD,2013,Autumn,Maize,588,1519,2.583333333
West Bengal,MURSHIDABAD,2013,Autumn,Rice,11617,30039,2.585779461
West Bengal,MURSHIDABAD,2013,Autumn,Sesamum,129,163,1.263565891
West Bengal,MURSHIDABAD,2013,Kharif,Horse-gram,30,29,0.966666667
West Bengal,MURSHIDABAD,2013,Kharif,Jute,154583,2286243,14.78974402
West Bengal,MURSHIDABAD,2013,Kharif,Mesta,717,9450,13.17991632
West Bengal,MURSHIDABAD,2013,Kharif,Moong(Green Gram),105,66,0.628571429
West Bengal,MURSHIDABAD,2013,Kharif,Sunflower,59,60,1.016949153
West Bengal,MURSHIDABAD,2013,Kharif,Urad,14039,11272,0.80290619
West Bengal,MURSHIDABAD,2013,Rabi,Arhar/Tur,69,100,1.449275362
West Bengal,MURSHIDABAD,2013,Rabi,Barley,359,539,1.501392758
West Bengal,MURSHIDABAD,2013,Rabi,Gram,5852,6705,1.145762133
West Bengal,MURSHIDABAD,2013,Rabi,Groundnut,235,761,3.238297872
West Bengal,MURSHIDABAD,2013,Rabi,Khesari,9157,10335,1.128644753
West Bengal,MURSHIDABAD,2013,Rabi,Linseed,125,44,0.352
West Bengal,MURSHIDABAD,2013,Rabi,Maize,4072,18601,4.56802554
West Bengal,MURSHIDABAD,2013,Rabi,Masoor,15676,16201,1.033490686
West Bengal,MURSHIDABAD,2013,Rabi,Moong(Green Gram),50,66,1.32
West Bengal,MURSHIDABAD,2013,Rabi,Peas & beans (Pulses),1823,3208,1.759736698
West Bengal,MURSHIDABAD,2013,Rabi,Potato,13191,298857,22.65612918
West Bengal,MURSHIDABAD,2013,Rabi,Rapeseed &Mustard,87179,95886,1.09987497
West Bengal,MURSHIDABAD,2013,Rabi,Urad,5315,5517,1.038005644
West Bengal,MURSHIDABAD,2013,Rabi,Wheat,104316,288334,2.764043867
West Bengal,MURSHIDABAD,2013,Summer,Groundnut,223,658,2.950672646
West Bengal,MURSHIDABAD,2013,Summer,Maize,1423,6923,4.865073788
West Bengal,MURSHIDABAD,2013,Summer,Moong(Green Gram),238,144,0.605042017
West Bengal,MURSHIDABAD,2013,Summer,Rice,119769,411888,3.439020114
West Bengal,MURSHIDABAD,2013,Summer,Sesamum,18542,17159,0.925412577
West Bengal,MURSHIDABAD,2013,Whole Year,Sugarcane,3781,271620,71.83813806
West Bengal,MURSHIDABAD,2013,Winter,Rice,219346,674772,3.076290427
West Bengal,MURSHIDABAD,2013,Winter,Sesamum,43,27,0.627906977
West Bengal,MURSHIDABAD,2014,Autumn,Groundnut,32,47,1.46875
West Bengal,MURSHIDABAD,2014,Autumn,Maize,1699,10763,6.334902884
West Bengal,MURSHIDABAD,2014,Autumn,Rice,18234,46997,2.577437754
West Bengal,MURSHIDABAD,2014,Autumn,Sesamum,128,170,1.328125
West Bengal,MURSHIDABAD,2014,Kharif,Jute,154776,2225245,14.37719672
West Bengal,MURSHIDABAD,2014,Kharif,Mesta,870,8708,10.0091954
West Bengal,MURSHIDABAD,2014,Kharif,Moong(Green Gram),115,76,0.660869565
West Bengal,MURSHIDABAD,2014,Kharif,Sunflower,69,74,1.072463768
West Bengal,MURSHIDABAD,2014,Kharif,Urad,15048,11443,0.76043328
West Bengal,MURSHIDABAD,2014,Rabi,Arhar/Tur,145,242,1.668965517
West Bengal,MURSHIDABAD,2014,Rabi,Barley,391,560,1.432225064
West Bengal,MURSHIDABAD,2014,Rabi,Gram,5462,6787,1.242585134
West Bengal,MURSHIDABAD,2014,Rabi,Groundnut,237,763,3.219409283
West Bengal,MURSHIDABAD,2014,Rabi,Horse-gram,30,29,0.966666667
West Bengal,MURSHIDABAD,2014,Rabi,Khesari,9239,8225,0.890247862
West Bengal,MURSHIDABAD,2014,Rabi,Linseed,233,97,0.416309013
West Bengal,MURSHIDABAD,2014,Rabi,Maize,4291,19786,4.611046376
West Bengal,MURSHIDABAD,2014,Rabi,Masoor,16922,19369,1.144604657
West Bengal,MURSHIDABAD,2014,Rabi,Moong(Green Gram),42,57,1.357142857
West Bengal,MURSHIDABAD,2014,Rabi,Peas & beans (Pulses),2294,4157,1.81211857
West Bengal,MURSHIDABAD,2014,Rabi,Potato,11769,392480,33.34862775
West Bengal,MURSHIDABAD,2014,Rabi,Rapeseed &Mustard,88628,104301,1.176840276
West Bengal,MURSHIDABAD,2014,Rabi,Urad,4045,4231,1.045982695
West Bengal,MURSHIDABAD,2014,Rabi,Wheat,104907,300497,2.864413242
West Bengal,MURSHIDABAD,2014,Summer,Groundnut,230,531,2.308695652
West Bengal,MURSHIDABAD,2014,Summer,Maize,1457,6782,4.654770075
West Bengal,MURSHIDABAD,2014,Summer,Moong(Green Gram),366,222,0.606557377
West Bengal,MURSHIDABAD,2014,Summer,Rice,126504,457147,3.61369601
West Bengal,MURSHIDABAD,2014,Summer,Sesamum,20433,18620,0.911270983
West Bengal,MURSHIDABAD,2014,Whole Year,Sugarcane,4278,312958,73.15521272
West Bengal,MURSHIDABAD,2014,Winter,Rice,222718,686341,3.081659318
West Bengal,MURSHIDABAD,2014,Winter,Sesamum,80,50,0.625
West Bengal,NADIA,1997,Autumn,Rice,55567,98910,1.780013317
West Bengal,NADIA,1997,Kharif,Jute,134358,1721760,12.81471889
West Bengal,NADIA,1997,Kharif,Mesta,512,5110,9.98046875
West Bengal,NADIA,1997,Kharif,Urad,9866,5540,0.561524427
West Bengal,NADIA,1997,Rabi,Gram,8547,4050,0.473850474
West Bengal,NADIA,1997,Rabi,Khesari,1757,920,0.523619806
West Bengal,NADIA,1997,Rabi,Masoor,18011,10860,0.602964855
West Bengal,NADIA,1997,Rabi,Oilseeds total,8580100,7556300,0.880677381
West Bengal,NADIA,1997,Rabi,Wheat,52176,117720,2.256209752
West Bengal,NADIA,1997,Summer,Moong(Green Gram),970,25,0.025773196
West Bengal,NADIA,1997,Summer,Rice,121367,376870,3.105209818
West Bengal,NADIA,1997,Whole Year,Arecanut,235,194,0.825531915
West Bengal,NADIA,1997,Whole Year,Arhar/Tur,182,180,0.989010989
West Bengal,NADIA,1997,Whole Year,Barley,123,120,0.975609756
West Bengal,NADIA,1997,Whole Year,Coconut,745,11547,15.49932886
West Bengal,NADIA,1997,Whole Year,Dry chillies,3691,4753,1.287726903
West Bengal,NADIA,1997,Whole Year,Groundnut,3850,6095,1.583116883
West Bengal,NADIA,1997,Whole Year,Linseed,454,300,0.660792952
West Bengal,NADIA,1997,Whole Year,Maize,250,470,1.88
West Bengal,NADIA,1997,Whole Year,Potato,5337,112885,21.15139592
West Bengal,NADIA,1997,Whole Year,Pulses total,4094900,2266000,0.553371267
West Bengal,NADIA,1997,Whole Year,Rapeseed &Mustard,67792,55040,0.811895209
West Bengal,NADIA,1997,Whole Year,Sesamum,13705,14128,1.030864648
West Bengal,NADIA,1997,Whole Year,Sugarcane,1779,123800,69.58965711
West Bengal,NADIA,1997,Whole Year,Turmeric,1178,2244,1.904923599
West Bengal,NADIA,1997,Winter,Rice,127051,271480,2.136779718
West Bengal,NADIA,1998,Autumn,Rice,60217,106400,1.76694289
West Bengal,NADIA,1998,Kharif,Arhar/Tur,88,70,0.795454545
West Bengal,NADIA,1998,Kharif,Dry ginger,168,143,0.851190476
West Bengal,NADIA,1998,Kharif,Jute,126682,1682480,13.28112913
West Bengal,NADIA,1998,Kharif,Maize,45,140,3.111111111
West Bengal,NADIA,1998,Kharif,Mesta,189,1530,8.095238095
West Bengal,NADIA,1998,Kharif,Small millets,5,2,0.4
West Bengal,NADIA,1998,Kharif,Urad,7665,3630,0.473581213
West Bengal,NADIA,1998,Rabi,Barley,24,40,1.666666667
West Bengal,NADIA,1998,Rabi,Gram,6538,5750,0.879473845
West Bengal,NADIA,1998,Rabi,Khesari,1491,880,0.590207914
West Bengal,NADIA,1998,Rabi,Linseed,1273,600,0.471327573
West Bengal,NADIA,1998,Rabi,Masoor,18252,13460,0.73745343
West Bengal,NADIA,1998,Rabi,Peas & beans (Pulses),3670,2780,0.757493188
West Bengal,NADIA,1998,Rabi,Rapeseed &Mustard,71682,54370,0.758488881
West Bengal,NADIA,1998,Rabi,Wheat,52147,112510,2.157554605
West Bengal,NADIA,1998,Summer,Moong(Green Gram),500,160,0.32
West Bengal,NADIA,1998,Summer,Rice,125158,516429,4.126216462
West Bengal,NADIA,1998,Whole Year,Arecanut,242,206,0.851239669
West Bengal,NADIA,1998,Whole Year,Coconut,767,11505,15
West Bengal,NADIA,1998,Whole Year,Dry chillies,3553,4586,1.29074022
West Bengal,NADIA,1998,Whole Year,Groundnut,5113,7696,1.505182867
West Bengal,NADIA,1998,Whole Year,Potato,4823,98541,20.43147419
West Bengal,NADIA,1998,Whole Year,Sesamum,14139,14587,1.031685409
West Bengal,NADIA,1998,Whole Year,Sugarcane,1238,81460,65.7996769
West Bengal,NADIA,1998,Whole Year,Turmeric,1118,2130,1.905187835
West Bengal,NADIA,1998,Winter,Rice,119747,220890,1.844639114
West Bengal,NADIA,1999,Autumn,Dry chillies,1720,2408,1.4
West Bengal,NADIA,1999,Autumn,Rice,59940,124450,2.07624291
West Bengal,NADIA,1999,Autumn,Sesamum,5,1,0.2
West Bengal,NADIA,1999,Kharif,Arhar/Tur,61,74,1.213114754
West Bengal,NADIA,1999,Kharif,Dry ginger,245,219,0.893877551
West Bengal,NADIA,1999,Kharif,Jute,128774,1810740,14.06137885
West Bengal,NADIA,1999,Kharif,Maize,86,180,2.093023256
West Bengal,NADIA,1999,Kharif,Mesta,315,3550,11.26984127
West Bengal,NADIA,1999,Kharif,Small millets,5,3,0.6
West Bengal,NADIA,1999,Kharif,Urad,10924,4708,0.430977664
West Bengal,NADIA,1999,Rabi,Barley,198,59,0.297979798
West Bengal,NADIA,1999,Rabi,Dry chillies,2041,2539,1.24399804
West Bengal,NADIA,1999,Rabi,Gram,8663,5596,0.645965601
West Bengal,NADIA,1999,Rabi,Groundnut,3245,5844,1.800924499
West Bengal,NADIA,1999,Rabi,Khesari,1792,960,0.535714286
West Bengal,NADIA,1999,Rabi,Linseed,756,449,0.593915344
West Bengal,NADIA,1999,Rabi,Masoor,23904,14127,0.590988956
West Bengal,NADIA,1999,Rabi,Moong(Green Gram),167,94,0.562874251
West Bengal,NADIA,1999,Rabi,Peas & beans (Pulses),2507,1995,0.795771839
West Bengal,NADIA,1999,Rabi,Rapeseed &Mustard,66464,52815,0.794640708
West Bengal,NADIA,1999,Rabi,Urad,5007,2368,0.472937887
West Bengal,NADIA,1999,Rabi,Wheat,52184,120097,2.301414227
West Bengal,NADIA,1999,Summer,Groundnut,3225,4838,1.500155039
West Bengal,NADIA,1999,Summer,Moong(Green Gram),740,210,0.283783784
West Bengal,NADIA,1999,Summer,Rice,133652,454510,3.400697333
West Bengal,NADIA,1999,Summer,Sesamum,14557,15220,1.045545099
West Bengal,NADIA,1999,Whole Year,Arecanut,243,208,0.855967078
West Bengal,NADIA,1999,Whole Year,Coconut,768,11520,15
West Bengal,NADIA,1999,Whole Year,Sugarcane,1163,68946,59.28288908
West Bengal,NADIA,1999,Whole Year,Tobacco,68,39,0.573529412
West Bengal,NADIA,1999,Whole Year,Turmeric,1078,1602,1.486085343
West Bengal,NADIA,1999,Winter,Potato,3709,65943,17.77918576
West Bengal,NADIA,1999,Winter,Rice,126188,237850,1.884886043
West Bengal,NADIA,1999,Winter,Sesamum,63,37,0.587301587
West Bengal,NADIA,2000,Autumn,Rice,53425,98840,1.850070192
West Bengal,NADIA,2000,Kharif,Arhar/Tur,1593,1060,0.665411174
West Bengal,NADIA,2000,Kharif,Dry ginger,200,29,0.145
West Bengal,NADIA,2000,Kharif,Jowar,25,12,0.48
West Bengal,NADIA,2000,Kharif,Jute,130313,1702760,13.06669327
West Bengal,NADIA,2000,Kharif,Maize,262,630,2.404580153
West Bengal,NADIA,2000,Kharif,Mesta,1076,7730,7.18401487
West Bengal,NADIA,2000,Kharif,Moong(Green Gram),20,10,0.5
West Bengal,NADIA,2000,Kharif,Small millets,65,30,0.461538462
West Bengal,NADIA,2000,Kharif,Urad,6355,2450,0.38552321
West Bengal,NADIA,2000,Rabi,Barley,218,110,0.504587156
West Bengal,NADIA,2000,Rabi,Gram,18171,15770,0.86786638
West Bengal,NADIA,2000,Rabi,Groundnut,3875,6684,1.724903226
West Bengal,NADIA,2000,Rabi,Khesari,4858,3270,0.673116509
West Bengal,NADIA,2000,Rabi,Linseed,4715,1470,0.311770944
West Bengal,NADIA,2000,Rabi,Masoor,21707,18640,0.858709172
West Bengal,NADIA,2000,Rabi,Moong(Green Gram),183,107,0.584699454
West Bengal,NADIA,2000,Rabi,Peas & beans (Pulses),2556,2010,0.786384977
West Bengal,NADIA,2000,Rabi,Rapeseed &Mustard,81569,72620,0.890289203
West Bengal,NADIA,2000,Rabi,Urad,751,415,0.552596538
West Bengal,NADIA,2000,Rabi,Wheat,60417,148490,2.457751957
West Bengal,NADIA,2000,Summer,Groundnut,3435,5211,1.517030568
West Bengal,NADIA,2000,Summer,Moong(Green Gram),840,433,0.51547619
West Bengal,NADIA,2000,Summer,Rice,147670,506357,3.428976773
West Bengal,NADIA,2000,Whole Year,Arecanut,264,264,1
West Bengal,NADIA,2000,Whole Year,Coconut,772,11611.7,15.04106218
West Bengal,NADIA,2000,Whole Year,Dry chillies,4549,5922,1.301824577
West Bengal,NADIA,2000,Whole Year,Potato,3450,93148,26.99942029
West Bengal,NADIA,2000,Whole Year,Sesamum,15319,14004,0.914158888
West Bengal,NADIA,2000,Whole Year,Sugarcane,1772,108260,61.09480813
West Bengal,NADIA,2000,Whole Year,Tobacco,80,48,0.6
West Bengal,NADIA,2000,Whole Year,Turmeric,1055,1568,1.486255924
West Bengal,NADIA,2000,Winter,Rice,28092,44800,1.594760074
West Bengal,NADIA,2001,Autumn,Rice,55580,124264,2.235768262
West Bengal,NADIA,2001,Kharif,Arhar/Tur,216,317,1.467592593
West Bengal,NADIA,2001,Kharif,Dry ginger,188,160,0.85106383
West Bengal,NADIA,2001,Kharif,Jowar,10,4,0.4
West Bengal,NADIA,2001,Kharif,Jute,138692,2030589,14.64099588
West Bengal,NADIA,2001,Kharif,Maize,684,1585,2.317251462
West Bengal,NADIA,2001,Kharif,Mesta,426,4493,10.54694836
West Bengal,NADIA,2001,Kharif,Moong(Green Gram),50,24,0.48
West Bengal,NADIA,2001,Kharif,Small millets,70,69,0.985714286
West Bengal,NADIA,2001,Kharif,Sunflower,150,199,1.326666667
West Bengal,NADIA,2001,Kharif,Urad,11922,6515,0.546468713
West Bengal,NADIA,2001,Rabi,Barley,75,129,1.72
West Bengal,NADIA,2001,Rabi,Gram,19159,15944,0.832193747
West Bengal,NADIA,2001,Rabi,Groundnut,3040,4697,1.545065789
West Bengal,NADIA,2001,Rabi,Khesari,4412,1959,0.444016319
West Bengal,NADIA,2001,Rabi,Linseed,3918,2306,0.588565595
West Bengal,NADIA,2001,Rabi,Masoor,22454,8274,0.368486684
West Bengal,NADIA,2001,Rabi,Moong(Green Gram),165,98,0.593939394
West Bengal,NADIA,2001,Rabi,Peas & beans (Pulses),4112,2654,0.645428016
West Bengal,NADIA,2001,Rabi,Rapeseed &Mustard,83099,54206,0.652306285
West Bengal,NADIA,2001,Rabi,Urad,2940,2023,0.688095238
West Bengal,NADIA,2001,Rabi,Wheat,58361,117529,2.013827727
West Bengal,NADIA,2001,Summer,Groundnut,3015,4770,1.582089552
West Bengal,NADIA,2001,Summer,Moong(Green Gram),1366,535,0.391654466
West Bengal,NADIA,2001,Summer,Rice,156157,534539,3.423087021
West Bengal,NADIA,2001,Whole Year,Arecanut,282,283,1.003546099
West Bengal,NADIA,2001,Whole Year,Coconut,798,12005.1,15.04398496
West Bengal,NADIA,2001,Whole Year,Dry chillies,4420,4102,0.928054299
West Bengal,NADIA,2001,Whole Year,Potato,4414,106164,24.05165383
West Bengal,NADIA,2001,Whole Year,Sesamum,15067,13922,0.924006106
West Bengal,NADIA,2001,Whole Year,Sugarcane,2965,202850,68.4148398
West Bengal,NADIA,2001,Whole Year,Tobacco,82,50,0.609756098
West Bengal,NADIA,2001,Whole Year,Turmeric,644,864,1.341614907
West Bengal,NADIA,2001,Winter,Rice,129902,299924,2.308848209
West Bengal,NADIA,2002,Autumn,Dry chillies,2121,1595,0.752003772
West Bengal,NADIA,2002,Autumn,Rice,55185,118693,2.150819969
West Bengal,NADIA,2002,Kharif,Arhar/Tur,249,264,1.060240964
West Bengal,NADIA,2002,Kharif,Dry ginger,163,176,1.079754601
West Bengal,NADIA,2002,Kharif,Jowar,10,8,0.8
West Bengal,NADIA,2002,Kharif,Jute,139745,1925434,13.778196
West Bengal,NADIA,2002,Kharif,Maize,347,697,2.008645533
West Bengal,NADIA,2002,Kharif,Mesta,515,4430,8.601941748
West Bengal,NADIA,2002,Kharif,Moong(Green Gram),68,31,0.455882353
West Bengal,NADIA,2002,Kharif,Small millets,145,276,1.903448276
West Bengal,NADIA,2002,Kharif,Sunflower,460,775,1.684782609
West Bengal,NADIA,2002,Kharif,Urad,15764,11895,0.754567369
West Bengal,NADIA,2002,Rabi,Barley,88,48,0.545454545
West Bengal,NADIA,2002,Rabi,Dry chillies,2387,3024,1.26686217
West Bengal,NADIA,2002,Rabi,Gram,16288,14284,0.876964637
West Bengal,NADIA,2002,Rabi,Groundnut,3050,4874,1.598032787
West Bengal,NADIA,2002,Rabi,Khesari,4562,3598,0.788689171
West Bengal,NADIA,2002,Rabi,Linseed,1877,1131,0.602557272
West Bengal,NADIA,2002,Rabi,Masoor,20767,15827,0.762122598
West Bengal,NADIA,2002,Rabi,Moong(Green Gram),180,102,0.566666667
West Bengal,NADIA,2002,Rabi,Peas & beans (Pulses),4991,4428,0.887196955
West Bengal,NADIA,2002,Rabi,Rapeseed &Mustard,85437,76789,0.898779217
West Bengal,NADIA,2002,Rabi,Safflower,5,14,2.8
West Bengal,NADIA,2002,Rabi,Urad,3050,2242,0.735081967
West Bengal,NADIA,2002,Rabi,Wheat,58410,126850,2.171717172
West Bengal,NADIA,2002,Summer,Groundnut,2175,3480,1.6
West Bengal,NADIA,2002,Summer,Moong(Green Gram),831,340,0.409145608
West Bengal,NADIA,2002,Summer,Rice,158907,552776,3.478613277
West Bengal,NADIA,2002,Summer,Sesamum,15906,17267,1.085565196
West Bengal,NADIA,2002,Whole Year,Arecanut,301,304,1.009966777
West Bengal,NADIA,2002,Whole Year,Coconut,829,12600.8,15.2
West Bengal,NADIA,2002,Whole Year,Sugarcane,2693,219485,81.50204233
West Bengal,NADIA,2002,Whole Year,Tobacco,85,53,0.623529412
West Bengal,NADIA,2002,Whole Year,Turmeric,629,1003,1.594594595
West Bengal,NADIA,2002,Winter,Potato,4124,99641,24.16125121
West Bengal,NADIA,2002,Winter,Rice,127639,327586,2.566503968
West Bengal,NADIA,2002,Winter,Sesamum,37,23,0.621621622
West Bengal,NADIA,2003,Autumn,Rice,61458,135358,2.2024472
West Bengal,NADIA,2003,Kharif,Arhar/Tur,135,137,1.014814815
West Bengal,NADIA,2003,Kharif,Dry ginger,157,184,1.171974522
West Bengal,NADIA,2003,Kharif,Jowar,10,7,0.7
West Bengal,NADIA,2003,Kharif,Jute,130586,1868158,14.30595929
West Bengal,NADIA,2003,Kharif,Maize,2669,6637,2.486699138
West Bengal,NADIA,2003,Kharif,Mesta,378,3032,8.021164021
West Bengal,NADIA,2003,Kharif,Moong(Green Gram),64,33,0.515625
West Bengal,NADIA,2003,Kharif,Small millets,65,97,1.492307692
West Bengal,NADIA,2003,Kharif,Sunflower,1345,1236,0.918959108
West Bengal,NADIA,2003,Kharif,Urad,17514,13235,0.755681169
West Bengal,NADIA,2003,Rabi,Barley,368,510,1.385869565
West Bengal,NADIA,2003,Rabi,Gram,13275,14081,1.060715631
West Bengal,NADIA,2003,Rabi,Groundnut,3263,5218,1.599141894
West Bengal,NADIA,2003,Rabi,Khesari,3122,2566,0.821909033
West Bengal,NADIA,2003,Rabi,Linseed,694,372,0.536023055
West Bengal,NADIA,2003,Rabi,Masoor,20598,15989,0.776240412
West Bengal,NADIA,2003,Rabi,Moong(Green Gram),148,96,0.648648649
West Bengal,NADIA,2003,Rabi,Peas & beans (Pulses),3806,4279,1.124277457
West Bengal,NADIA,2003,Rabi,Rapeseed &Mustard,83598,79825,0.954867341
West Bengal,NADIA,2003,Rabi,Safflower,290,47,0.162068966
West Bengal,NADIA,2003,Rabi,Urad,1848,1482,0.801948052
West Bengal,NADIA,2003,Rabi,Wheat,58848,134872,2.291870582
West Bengal,NADIA,2003,Summer,Groundnut,2196,3718,1.693078324
West Bengal,NADIA,2003,Summer,Moong(Green Gram),11,3,0.272727273
West Bengal,NADIA,2003,Summer,Rice,118822,397368,3.344229183
West Bengal,NADIA,2003,Whole Year,Arecanut,319,321,1.006269592
West Bengal,NADIA,2003,Whole Year,Coconut,857,12998,15.16686114
West Bengal,NADIA,2003,Whole Year,Dry chillies,4770,5177,1.085324948
West Bengal,NADIA,2003,Whole Year,Potato,3867,95731,24.75588311
West Bengal,NADIA,2003,Whole Year,Sesamum,14330,14911,1.040544313
West Bengal,NADIA,2003,Whole Year,Sugarcane,1908,140569,73.67348008
West Bengal,NADIA,2003,Whole Year,Tobacco,60,39,0.65
West Bengal,NADIA,2003,Whole Year,Turmeric,661,1062,1.606656581
West Bengal,NADIA,2003,Winter,Rice,129396,307364,2.375374818
West Bengal,NADIA,2004,Autumn,Rice,56617,123805,2.186710705
West Bengal,NADIA,2004,Kharif,Dry ginger,157,184,1.171974522
West Bengal,NADIA,2004,Kharif,Jowar,10,7,0.7
West Bengal,NADIA,2004,Kharif,Jute,115170,1714874,14.88993662
West Bengal,NADIA,2004,Kharif,Maize,1743,4830,2.771084337
West Bengal,NADIA,2004,Kharif,Mesta,122,1216,9.967213115
West Bengal,NADIA,2004,Kharif,Moong(Green Gram),60,31,0.516666667
West Bengal,NADIA,2004,Kharif,Small millets,117,211,1.803418803
West Bengal,NADIA,2004,Kharif,Sunflower,1370,2092,1.527007299
West Bengal,NADIA,2004,Kharif,Urad,6682,6224,0.931457647
West Bengal,NADIA,2004,Rabi,Arhar/Tur,110,97,0.881818182
West Bengal,NADIA,2004,Rabi,Barley,116,91,0.784482759
West Bengal,NADIA,2004,Rabi,Gram,8712,9756,1.119834711
West Bengal,NADIA,2004,Rabi,Khesari,1743,1306,0.749282846
West Bengal,NADIA,2004,Rabi,Linseed,390,221,0.566666667
West Bengal,NADIA,2004,Rabi,Masoor,18860,12395,0.657211029
West Bengal,NADIA,2004,Rabi,Moong(Green Gram),169,113,0.668639053
West Bengal,NADIA,2004,Rabi,Peas & beans (Pulses),4475,3932,0.878659218
West Bengal,NADIA,2004,Rabi,Rapeseed &Mustard,83576,65425,0.782820427
West Bengal,NADIA,2004,Rabi,Safflower,255,362,1.419607843
West Bengal,NADIA,2004,Rabi,Urad,1535,1188,0.773941368
West Bengal,NADIA,2004,Rabi,Wheat,54881,103278,1.881853465
West Bengal,NADIA,2004,Summer,Moong(Green Gram),50,17,0.34
West Bengal,NADIA,2004,Summer,Rice,109866,366510,3.335972912
West Bengal,NADIA,2004,Whole Year,Coconut,860,13046.2,15.17
West Bengal,NADIA,2004,Whole Year,Dry chillies,5387,5709,1.059773529
West Bengal,NADIA,2004,Whole Year,Groundnut,5817,9287,1.59652742
West Bengal,NADIA,2004,Whole Year,Potato,4321,108290,25.0613284
West Bengal,NADIA,2004,Whole Year,Sesamum,16312,14252,0.873712604
West Bengal,NADIA,2004,Whole Year,Sugarcane,1678,138957,82.81108462
West Bengal,NADIA,2004,Whole Year,Tobacco,45,29,0.644444444
West Bengal,NADIA,2004,Whole Year,Turmeric,567,890,1.569664903
West Bengal,NADIA,2004,Winter,Rice,119648,273359,2.284693434
West Bengal,NADIA,2005,Autumn,Rice,46201,101837,2.204216359
West Bengal,NADIA,2005,Kharif,Dry ginger,130,148,1.138461538
West Bengal,NADIA,2005,Kharif,Jowar,10,6,0.6
West Bengal,NADIA,2005,Kharif,Jute,120156,1806376,15.03358967
West Bengal,NADIA,2005,Kharif,Maize,1832,4334,2.365720524
West Bengal,NADIA,2005,Kharif,Mesta,50,854,17.08
West Bengal,NADIA,2005,Kharif,Moong(Green Gram),29,22,0.75862069
West Bengal,NADIA,2005,Kharif,Sunflower,1275,1999,1.567843137
West Bengal,NADIA,2005,Kharif,Urad,11514,9497,0.824821956
West Bengal,NADIA,2005,Rabi,Arhar/Tur,16,18,1.125
West Bengal,NADIA,2005,Rabi,Barley,92,83,0.902173913
West Bengal,NADIA,2005,Rabi,Gram,9520,9487,0.996533613
West Bengal,NADIA,2005,Rabi,Khesari,1609,1234,0.766935985
West Bengal,NADIA,2005,Rabi,Linseed,1051,595,0.566127498
West Bengal,NADIA,2005,Rabi,Masoor,17587,13466,0.765679195
West Bengal,NADIA,2005,Rabi,Moong(Green Gram),136,85,0.625
West Bengal,NADIA,2005,Rabi,Peas & beans (Pulses),4339,3603,0.830375663
West Bengal,NADIA,2005,Rabi,Rapeseed &Mustard,79232,71354,0.900570477
West Bengal,NADIA,2005,Rabi,Urad,1472,1128,0.766304348
West Bengal,NADIA,2005,Rabi,Wheat,47053,100435,2.134507895
West Bengal,NADIA,2005,Summer,Moong(Green Gram),141,43,0.304964539
West Bengal,NADIA,2005,Summer,Rice,107541,349808,3.252787309
West Bengal,NADIA,2005,Whole Year,Arecanut,356,981,2.755617978
West Bengal,NADIA,2005,Whole Year,Coconut,983,12234,12.44557477
West Bengal,NADIA,2005,Whole Year,Dry chillies,5575,6294,1.12896861
West Bengal,NADIA,2005,Whole Year,Groundnut,5597,9726,1.737716634
West Bengal,NADIA,2005,Whole Year,Potato,5495,147513,26.84494995
West Bengal,NADIA,2005,Whole Year,Sesamum,15402,15571,1.010972601
West Bengal,NADIA,2005,Whole Year,Sugarcane,1473,118031,80.12966735
West Bengal,NADIA,2005,Whole Year,Tobacco,45,38,0.844444444
West Bengal,NADIA,2005,Whole Year,Turmeric,360,846,2.35
West Bengal,NADIA,2005,Winter,Rice,111671,280791,2.514448693
West Bengal,NADIA,2006,Autumn,Rice,41389,93352,2.255478509
West Bengal,NADIA,2006,Kharif,Dry ginger,172,205,1.191860465
West Bengal,NADIA,2006,Kharif,Jowar,10,7,0.7
West Bengal,NADIA,2006,Kharif,Jute,130577,1886977,14.45106719
West Bengal,NADIA,2006,Kharif,Maize,4466,10390,2.326466637
West Bengal,NADIA,2006,Kharif,Mesta,139,945,6.798561151
West Bengal,NADIA,2006,Kharif,Moong(Green Gram),24,18,0.75
West Bengal,NADIA,2006,Kharif,Sunflower,1125,1742,1.548444444
West Bengal,NADIA,2006,Kharif,Urad,8185,6616,0.80830788
West Bengal,NADIA,2006,Rabi,Arhar/Tur,22,11,0.5
West Bengal,NADIA,2006,Rabi,Barley,602,329,0.546511628
West Bengal,NADIA,2006,Rabi,Gram,3949,2551,0.645986326
West Bengal,NADIA,2006,Rabi,Khesari,1486,1074,0.722745626
West Bengal,NADIA,2006,Rabi,Linseed,161,75,0.465838509
West Bengal,NADIA,2006,Rabi,Masoor,19871,13519,0.680338181
West Bengal,NADIA,2006,Rabi,Moong(Green Gram),140,87,0.621428571
West Bengal,NADIA,2006,Rabi,Peas & beans (Pulses),4731,4151,0.877404354
West Bengal,NADIA,2006,Rabi,Rapeseed &Mustard,79609,69148,0.868595259
West Bengal,NADIA,2006,Rabi,Wheat,46907,102643,2.188223506
West Bengal,NADIA,2006,Summer,Moong(Green Gram),591,221,0.37394247
West Bengal,NADIA,2006,Summer,Rice,101085,352101,3.483217095
West Bengal,NADIA,2006,Whole Year,Arecanut,365,1010,2.767123288
West Bengal,NADIA,2006,Whole Year,Coconut,1002,13378700,13351.99601
West Bengal,NADIA,2006,Whole Year,Dry chillies,6140,6192,1.008469055
West Bengal,NADIA,2006,Whole Year,Groundnut,6695,11096,1.657356236
West Bengal,NADIA,2006,Whole Year,Potato,5656,120151,21.24310467
West Bengal,NADIA,2006,Whole Year,Sesamum,19583,20580,1.050911505
West Bengal,NADIA,2006,Whole Year,Sugarcane,1081,77437,71.63459759
West Bengal,NADIA,2006,Whole Year,Tobacco,45,36,0.8
West Bengal,NADIA,2006,Whole Year,Turmeric,660,1597,2.41969697
West Bengal,NADIA,2006,Winter,Rice,107837,232244,2.153657835
West Bengal,NADIA,2007,Autumn,Rice,45870,102345,2.231196861
West Bengal,NADIA,2007,Autumn,Sesamum,20,10,0.5
West Bengal,NADIA,2007,Kharif,Dry ginger,198,255,1.287878788
West Bengal,NADIA,2007,Kharif,Garlic,164,1940,11.82926829
West Bengal,NADIA,2007,Kharif,Groundnut,50,72,1.44
West Bengal,NADIA,2007,Kharif,Jowar,10,7,0.7
West Bengal,NADIA,2007,Kharif,Jute,127471,1762185,13.82420315
West Bengal,NADIA,2007,Kharif,Maize,602,1201,1.995016611
West Bengal,NADIA,2007,Kharif,Mesta,277,2296,8.288808664
West Bengal,NADIA,2007,Kharif,Moong(Green Gram),20,15,0.75
West Bengal,NADIA,2007,Kharif,Sunflower,985,1519,1.54213198
West Bengal,NADIA,2007,Kharif,Urad,8241,6974,0.846256522
West Bengal,NADIA,2007,Rabi,Arhar/Tur,9,10,1.111111111
West Bengal,NADIA,2007,Rabi,Barley,216,191,0.884259259
West Bengal,NADIA,2007,Rabi,Gram,4162,3588,0.862085536
West Bengal,NADIA,2007,Rabi,Groundnut,3680,6065,1.648097826
West Bengal,NADIA,2007,Rabi,Khesari,887,732,0.825253664
West Bengal,NADIA,2007,Rabi,Linseed,521,343,0.658349328
West Bengal,NADIA,2007,Rabi,Maize,490,1284,2.620408163
West Bengal,NADIA,2007,Rabi,Masoor,18735,13693,0.730878036
West Bengal,NADIA,2007,Rabi,Moong(Green Gram),172,103,0.598837209
West Bengal,NADIA,2007,Rabi,Peas & beans (Pulses),3837,3455,0.900443054
West Bengal,NADIA,2007,Rabi,Rapeseed &Mustard,76982,68108,0.8847263
West Bengal,NADIA,2007,Rabi,Wheat,47490,110556,2.327984839
West Bengal,NADIA,2007,Summer,Groundnut,2745,4664,1.699089253
West Bengal,NADIA,2007,Summer,Maize,1797,4697,2.613800779
West Bengal,NADIA,2007,Summer,Moong(Green Gram),335,216,0.644776119
West Bengal,NADIA,2007,Summer,Rice,104250,357209,3.426465228
West Bengal,NADIA,2007,Summer,Sesamum,19700,22064,1.12
West Bengal,NADIA,2007,Whole Year,Arecanut,358,982,2.74301676
West Bengal,NADIA,2007,Whole Year,Coconut,988,12527800,12679.95951
West Bengal,NADIA,2007,Whole Year,Dry chillies,6789,11195,1.648991015
West Bengal,NADIA,2007,Whole Year,Potato,5572,114188,20.49318019
West Bengal,NADIA,2007,Whole Year,Sugarcane,1943,270045,138.9835306
West Bengal,NADIA,2007,Whole Year,Tobacco,35,29,0.828571429
West Bengal,NADIA,2007,Whole Year,Turmeric,698,1815,2.600286533
West Bengal,NADIA,2007,Winter,Rice,90625,223469,2.465864828
West Bengal,NADIA,2007,Winter,Sesamum,15,7,0.466666667
West Bengal,NADIA,2008,Autumn,Maize,703,1741,2.476529161
West Bengal,NADIA,2008,Autumn,Rice,56861,132676,2.333339196
West Bengal,NADIA,2008,Autumn,Sesamum,20,10,0.5
West Bengal,NADIA,2008,Kharif,Dry ginger,210,355,1.69047619
West Bengal,NADIA,2008,Kharif,Groundnut,40,56,1.4
West Bengal,NADIA,2008,Kharif,Jute,120785,1780068,14.73749224
West Bengal,NADIA,2008,Kharif,Mesta,529,3751,7.09073724
West Bengal,NADIA,2008,Kharif,Moong(Green Gram),10,6,0.6
West Bengal,NADIA,2008,Kharif,Sunflower,176,268,1.522727273
West Bengal,NADIA,2008,Kharif,Urad,7470,6094,0.815796519
West Bengal,NADIA,2008,Rabi,Barley,502,596,1.187250996
West Bengal,NADIA,2008,Rabi,Gram,4264,3144,0.737335835
West Bengal,NADIA,2008,Rabi,Groundnut,3550,5332,1.501971831
West Bengal,NADIA,2008,Rabi,Khesari,1188,859,0.723063973
West Bengal,NADIA,2008,Rabi,Linseed,316,146,0.462025316
West Bengal,NADIA,2008,Rabi,Maize,431,1128,2.617169374
West Bengal,NADIA,2008,Rabi,Masoor,16903,12825,0.758741052
West Bengal,NADIA,2008,Rabi,Moong(Green Gram),149,92,0.617449664
West Bengal,NADIA,2008,Rabi,Peas & beans (Pulses),4495,3635,0.808676307
West Bengal,NADIA,2008,Rabi,Rapeseed &Mustard,63379,51776,0.816926742
West Bengal,NADIA,2008,Rabi,Wheat,35916,84321,2.347728032
West Bengal,NADIA,2008,Summer,Groundnut,2455,4119,1.677800407
West Bengal,NADIA,2008,Summer,Maize,1417,3681,2.597741708
West Bengal,NADIA,2008,Summer,Moong(Green Gram),1393,608,0.436468055
West Bengal,NADIA,2008,Summer,Rice,104873,365878,3.488772134
West Bengal,NADIA,2008,Summer,Sesamum,22583,23785,1.053225878
West Bengal,NADIA,2008,Whole Year,Arecanut,358,982,2.74301676
West Bengal,NADIA,2008,Whole Year,Coconut,991,12527,12.6407669
West Bengal,NADIA,2008,Whole Year,Dry chillies,6689,10964,1.639108985
West Bengal,NADIA,2008,Whole Year,Potato,5039,85192,16.90652907
West Bengal,NADIA,2008,Whole Year,Sugarcane,1807,219765,121.618705
West Bengal,NADIA,2008,Whole Year,Tobacco,42,34,0.80952381
West Bengal,NADIA,2008,Whole Year,Turmeric,709,1815,2.559943583
West Bengal,NADIA,2008,Winter,Rice,115484,300969,2.606153233
West Bengal,NADIA,2008,Winter,Sesamum,15,6,0.4
West Bengal,NADIA,2009,Autumn,Groundnut,25,34,1.36
West Bengal,NADIA,2009,Autumn,Maize,1604,3302,2.058603491
West Bengal,NADIA,2009,Autumn,Rice,43801,99443,2.270336294
West Bengal,NADIA,2009,Autumn,Sesamum,15,8,0.533333333
West Bengal,NADIA,2009,Kharif,Jute,127607,2047918,16.0486337
West Bengal,NADIA,2009,Kharif,Mesta,176,1786,10.14772727
West Bengal,NADIA,2009,Kharif,Moong(Green Gram),45,31,0.688888889
West Bengal,NADIA,2009,Kharif,Sunflower,7,7,1
West Bengal,NADIA,2009,Kharif,Urad,7468,5841,0.782137118
West Bengal,NADIA,2009,Rabi,Arhar/Tur,42,56,1.333333333
West Bengal,NADIA,2009,Rabi,Barley,167,327,1.958083832
West Bengal,NADIA,2009,Rabi,Gram,4146,3571,0.861312108
West Bengal,NADIA,2009,Rabi,Groundnut,107,124,1.158878505
West Bengal,NADIA,2009,Rabi,Khesari,1443,1286,0.891198891
West Bengal,NADIA,2009,Rabi,Linseed,710,394,0.554929577
West Bengal,NADIA,2009,Rabi,Maize,458,1203,2.626637555
West Bengal,NADIA,2009,Rabi,Masoor,17280,16425,0.950520833
West Bengal,NADIA,2009,Rabi,Moong(Green Gram),154,94,0.61038961
West Bengal,NADIA,2009,Rabi,Peas & beans (Pulses),4507,4485,0.995118704
West Bengal,NADIA,2009,Rabi,Potato,5008,153624,30.67571885
West Bengal,NADIA,2009,Rabi,Rapeseed &Mustard,63286,69633,1.100290744
West Bengal,NADIA,2009,Rabi,Wheat,37217,94862,2.548888949
West Bengal,NADIA,2009,Summer,Groundnut,2805,4754,1.69483066
West Bengal,NADIA,2009,Summer,Maize,1527,3972,2.601178782
West Bengal,NADIA,2009,Summer,Moong(Green Gram),1305,591,0.452873563
West Bengal,NADIA,2009,Summer,Rice,96531,322925,3.345298402
West Bengal,NADIA,2009,Summer,Sesamum,20565,21750,1.057622174
West Bengal,NADIA,2009,Whole Year,Sugarcane,1851,87159,47.08752026
West Bengal,NADIA,2009,Whole Year,Tobacco,20,17,0.85
West Bengal,NADIA,2009,Winter,Rice,98490,242497,2.462148441
West Bengal,NADIA,2009,Winter,Sesamum,15,6,0.4
West Bengal,NADIA,2010,Autumn,Groundnut,60,84,1.4
West Bengal,NADIA,2010,Autumn,Maize,348,879,2.525862069
West Bengal,NADIA,2010,Autumn,Rice,48392,100640,2.079682592
West Bengal,NADIA,2010,Autumn,Sesamum,20,11,0.55
West Bengal,NADIA,2010,Kharif,Jute,114596,1565941,13.66488359
West Bengal,NADIA,2010,Kharif,Mesta,25,243,9.72
West Bengal,NADIA,2010,Kharif,Moong(Green Gram),30,21,0.7
West Bengal,NADIA,2010,Kharif,Sunflower,17,26,1.529411765
West Bengal,NADIA,2010,Kharif,Urad,9153,6701,0.732109691
West Bengal,NADIA,2010,Rabi,Arhar/Tur,559,909,1.626118068
West Bengal,NADIA,2010,Rabi,Barley,167,231,1.383233533
West Bengal,NADIA,2010,Rabi,Gram,6147,5241,0.85261103
West Bengal,NADIA,2010,Rabi,Groundnut,3960,7183,1.813888889
West Bengal,NADIA,2010,Rabi,Khesari,1634,1754,1.073439412
West Bengal,NADIA,2010,Rabi,Linseed,536,322,0.600746269
West Bengal,NADIA,2010,Rabi,Maize,460,1205,2.619565217
West Bengal,NADIA,2010,Rabi,Masoor,20700,22493,1.086618357
West Bengal,NADIA,2010,Rabi,Moong(Green Gram),83,69,0.831325301
West Bengal,NADIA,2010,Rabi,Other  Rabi pulses,85,54,0.635294118
West Bengal,NADIA,2010,Rabi,Peas & beans (Pulses),6172,6554,1.061892417
West Bengal,NADIA,2010,Rabi,Potato,7073,193100,27.30100382
West Bengal,NADIA,2010,Rabi,Rapeseed &Mustard,72847,74915,1.028388266
West Bengal,NADIA,2010,Rabi,Urad,25,21,0.84
West Bengal,NADIA,2010,Rabi,Wheat,38740,98264,2.536499742
West Bengal,NADIA,2010,Summer,Groundnut,2296,3926,1.709930314
West Bengal,NADIA,2010,Summer,Maize,1780,4701,2.641011236
West Bengal,NADIA,2010,Summer,Moong(Green Gram),1196,763,0.637959866
West Bengal,NADIA,2010,Summer,Rice,98567,348095,3.531557215
West Bengal,NADIA,2010,Summer,Sesamum,20499,21814,1.064149471
West Bengal,NADIA,2010,Whole Year,Sugarcane,710,57645,81.19014085
West Bengal,NADIA,2010,Whole Year,Tobacco,15,13,0.866666667
West Bengal,NADIA,2010,Winter,Rice,88778,201733,2.272330983
West Bengal,NADIA,2010,Winter,Sesamum,10,4,0.4
West Bengal,NADIA,2011,Autumn,Groundnut,25,31,1.24
West Bengal,NADIA,2011,Autumn,Maize,266,568,2.135338346
West Bengal,NADIA,2011,Autumn,Rice,47487,104923,2.209509971
West Bengal,NADIA,2011,Kharif,Jute,126755,1762095,13.90158179
West Bengal,NADIA,2011,Kharif,Mesta,109,1861,17.0733945
West Bengal,NADIA,2011,Kharif,Moong(Green Gram),55,38,0.690909091
West Bengal,NADIA,2011,Kharif,Sunflower,30,45,1.5
West Bengal,NADIA,2011,Kharif,Urad,11407,6699,0.587270974
West Bengal,NADIA,2011,Rabi,Arhar/Tur,447,200,0.447427293
West Bengal,NADIA,2011,Rabi,Barley,5,8,1.6
West Bengal,NADIA,2011,Rabi,Gram,6349,6952,1.094975587
West Bengal,NADIA,2011,Rabi,Groundnut,3140,5683,1.809872611
West Bengal,NADIA,2011,Rabi,Khesari,1351,1122,0.830495929
West Bengal,NADIA,2011,Rabi,Linseed,538,242,0.449814126
West Bengal,NADIA,2011,Rabi,Maize,510,1275,2.5
West Bengal,NADIA,2011,Rabi,Masoor,23566,13761,0.583934482
West Bengal,NADIA,2011,Rabi,Moong(Green Gram),74,62,0.837837838
West Bengal,NADIA,2011,Rabi,Other  Rabi pulses,70,41,0.585714286
West Bengal,NADIA,2011,Rabi,Peas & beans (Pulses),7100,6130,0.863380282
West Bengal,NADIA,2011,Rabi,Potato,5241,162258,30.9593589
West Bengal,NADIA,2011,Rabi,Rapeseed &Mustard,72224,68514,0.948632034
West Bengal,NADIA,2011,Rabi,Urad,1190,982,0.825210084
West Bengal,NADIA,2011,Rabi,Wheat,40267,123952,3.078252663
West Bengal,NADIA,2011,Summer,Groundnut,2505,5526,2.205988024
West Bengal,NADIA,2011,Summer,Maize,1800,4887,2.715
West Bengal,NADIA,2011,Summer,Moong(Green Gram),1133,709,0.625772286
West Bengal,NADIA,2011,Summer,Rice,97703,350155,3.583871529
West Bengal,NADIA,2011,Summer,Sesamum,23900,24889,1.041380753
West Bengal,NADIA,2011,Whole Year,Sugarcane,1780,244107,137.138764
West Bengal,NADIA,2011,Whole Year,Tobacco,10,9,0.9
West Bengal,NADIA,2011,Winter,Rice,106951,289408,2.705986854
West Bengal,NADIA,2011,Winter,Sesamum,6,3,0.5
West Bengal,NADIA,2012,Autumn,Groundnut,25,32,1.28
West Bengal,NADIA,2012,Autumn,Maize,680,1588,2.335294118
West Bengal,NADIA,2012,Autumn,Rice,47478,105131,2.214309786
West Bengal,NADIA,2012,Kharif,Jute,125099,1775309,14.19123254
West Bengal,NADIA,2012,Kharif,Mesta,47,560,11.91489362
West Bengal,NADIA,2012,Kharif,Moong(Green Gram),70,53,0.757142857
West Bengal,NADIA,2012,Kharif,Sunflower,12,19,1.583333333
West Bengal,NADIA,2012,Kharif,Urad,13362,10317,0.772114953
West Bengal,NADIA,2012,Rabi,Arhar/Tur,461,647,1.403470716
West Bengal,NADIA,2012,Rabi,Barley,113,189,1.672566372
West Bengal,NADIA,2012,Rabi,Gram,7127,6505,0.912726252
West Bengal,NADIA,2012,Rabi,Groundnut,3910,7104,1.816879795
West Bengal,NADIA,2012,Rabi,Khesari,1145,1151,1.005240175
West Bengal,NADIA,2012,Rabi,Linseed,564,280,0.496453901
West Bengal,NADIA,2012,Rabi,Maize,445,1099,2.469662921
West Bengal,NADIA,2012,Rabi,Masoor,25392,26460,1.042060491
West Bengal,NADIA,2012,Rabi,Moong(Green Gram),119,82,0.68907563
West Bengal,NADIA,2012,Rabi,Other  Rabi pulses,78,48,0.615384615
West Bengal,NADIA,2012,Rabi,Peas & beans (Pulses),6811,7057,1.036118044
West Bengal,NADIA,2012,Rabi,Potato,5566,177584,31.90513834
West Bengal,NADIA,2012,Rabi,Rapeseed &Mustard,86465,103175,1.193257387
West Bengal,NADIA,2012,Rabi,Urad,405,334,0.824691358
West Bengal,NADIA,2012,Rabi,Wheat,41720,138497,3.319678811
West Bengal,NADIA,2012,Summer,Groundnut,3502,9856,2.814391776
West Bengal,NADIA,2012,Summer,Maize,1780,4694,2.637078652
West Bengal,NADIA,2012,Summer,Moong(Green Gram),1287,789,0.613053613
West Bengal,NADIA,2012,Summer,Rice,95233,357653,3.755557422
West Bengal,NADIA,2012,Summer,Sesamum,29057,31876,1.09701621
West Bengal,NADIA,2012,Whole Year,Sugarcane,1803,182686,101.32335
West Bengal,NADIA,2012,Whole Year,Tobacco,8,7,0.875
West Bengal,NADIA,2012,Winter,Rice,90144,205511,2.279807863
West Bengal,NADIA,2013,Autumn,Maize,759,1961,2.583662714
West Bengal,NADIA,2013,Autumn,Rice,47696,114531,2.401270547
West Bengal,NADIA,2013,Kharif,Jute,120155,2087718,17.37520702
West Bengal,NADIA,2013,Kharif,Mesta,240,3163,13.17916667
West Bengal,NADIA,2013,Kharif,Moong(Green Gram),75,57,0.76
West Bengal,NADIA,2013,Kharif,Urad,12384,9591,0.774467054
West Bengal,NADIA,2013,Rabi,Arhar/Tur,256,398,1.5546875
West Bengal,NADIA,2013,Rabi,Barley,95,143,1.505263158
West Bengal,NADIA,2013,Rabi,Gram,6788,7291,1.074101355
West Bengal,NADIA,2013,Rabi,Groundnut,3800,7030,1.85
West Bengal,NADIA,2013,Rabi,Khesari,1053,845,0.802469136
West Bengal,NADIA,2013,Rabi,Linseed,430,208,0.48372093
West Bengal,NADIA,2013,Rabi,Maize,605,1513,2.500826446
West Bengal,NADIA,2013,Rabi,Masoor,25602,24634,0.962190454
West Bengal,NADIA,2013,Rabi,Moong(Green Gram),105,88,0.838095238
West Bengal,NADIA,2013,Rabi,Other  Rabi pulses,80,53,0.6625
West Bengal,NADIA,2013,Rabi,Peas & beans (Pulses),6902,7093,1.027673138
West Bengal,NADIA,2013,Rabi,Potato,5034,153990,30.58998808
West Bengal,NADIA,2013,Rabi,Rapeseed &Mustard,77153,90771,1.176506422
West Bengal,NADIA,2013,Rabi,Urad,330,271,0.821212121
West Bengal,NADIA,2013,Rabi,Wheat,44269,149020,3.366238225
West Bengal,NADIA,2013,Summer,Groundnut,3699,8872,2.398486077
West Bengal,NADIA,2013,Summer,Maize,1786,4760,2.665173572
West Bengal,NADIA,2013,Summer,Moong(Green Gram),1474,895,0.607191316
West Bengal,NADIA,2013,Summer,Rice,94331,351024,3.721194517
West Bengal,NADIA,2013,Summer,Sesamum,29184,34637,1.186848958
West Bengal,NADIA,2013,Whole Year,Sugarcane,1923,192746,100.2319293
West Bengal,NADIA,2013,Whole Year,Tobacco,5,4,0.8
West Bengal,NADIA,2013,Winter,Rice,97006,268862,2.771601757
West Bengal,NADIA,2014,Autumn,Maize,596,3776,6.33557047
West Bengal,NADIA,2014,Autumn,Rice,49599,132900,2.679489506
West Bengal,NADIA,2014,Kharif,Jute,116914,1817411,15.54485348
West Bengal,NADIA,2014,Kharif,Mesta,499,5439,10.8997996
West Bengal,NADIA,2014,Kharif,Moong(Green Gram),80,61,0.7625
West Bengal,NADIA,2014,Kharif,Urad,13856,10759,0.776486721
West Bengal,NADIA,2014,Rabi,Arhar/Tur,307,528,1.719869707
West Bengal,NADIA,2014,Rabi,Barley,140,210,1.5
West Bengal,NADIA,2014,Rabi,Gram,9906,10567,1.066727236
West Bengal,NADIA,2014,Rabi,Groundnut,3802,7034,1.850078906
West Bengal,NADIA,2014,Rabi,Khesari,1394,1385,0.993543759
West Bengal,NADIA,2014,Rabi,Linseed,698,335,0.479942693
West Bengal,NADIA,2014,Rabi,Maize,2750,6919,2.516
West Bengal,NADIA,2014,Rabi,Masoor,24135,22485,0.931634556
West Bengal,NADIA,2014,Rabi,Moong(Green Gram),99,77,0.777777778
West Bengal,NADIA,2014,Rabi,Other  Rabi pulses,78,48,0.615384615
West Bengal,NADIA,2014,Rabi,Peas & beans (Pulses),7489,7575,1.011483509
West Bengal,NADIA,2014,Rabi,Potato,5357,218442,40.77692738
West Bengal,NADIA,2014,Rabi,Rapeseed &Mustard,78893,96032,1.217243608
West Bengal,NADIA,2014,Rabi,Urad,642,529,0.823987539
West Bengal,NADIA,2014,Rabi,Wheat,43551,148327,3.405823058
West Bengal,NADIA,2014,Summer,Groundnut,3281,6032,1.838463883
West Bengal,NADIA,2014,Summer,Maize,1750,4531,2.589142857
West Bengal,NADIA,2014,Summer,Moong(Green Gram),2129,1288,0.604978863
West Bengal,NADIA,2014,Summer,Rice,98286,374824,3.813605193
West Bengal,NADIA,2014,Summer,Sesamum,24546,29591,1.20553247
West Bengal,NADIA,2014,Whole Year,Sugarcane,1754,248215,141.513683
West Bengal,NADIA,2014,Whole Year,Tobacco,12,10,0.833333333
West Bengal,NADIA,2014,Winter,Rice,94963,273137,2.876246538
West Bengal,PURULIA,1997,Autumn,Ragi,197,67,0.340101523
West Bengal,PURULIA,1997,Autumn,Rice,4327,6350,1.467529466
West Bengal,PURULIA,1997,Kharif,Horse-gram,1626,756,0.464944649
West Bengal,PURULIA,1997,Kharif,Mesta,387,3440,8.888888889
West Bengal,PURULIA,1997,Kharif,Moong(Green Gram),258,106,0.410852713
West Bengal,PURULIA,1997,Kharif,Other Kharif pulses,150,55,0.366666667
West Bengal,PURULIA,1997,Kharif,Soyabean,270,92,0.340740741
West Bengal,PURULIA,1997,Kharif,Urad,13448,8030,0.597114813
West Bengal,PURULIA,1997,Rabi,Gram,267,160,0.599250936
West Bengal,PURULIA,1997,Rabi,Khesari,586,800,1.365187713
West Bengal,PURULIA,1997,Rabi,Masoor,150,140,0.933333333
West Bengal,PURULIA,1997,Rabi,Moong(Green Gram),50,30,0.6
West Bengal,PURULIA,1997,Rabi,Oilseeds total,823800,287500,0.348992474
West Bengal,PURULIA,1997,Rabi,Urad,460,300,0.652173913
West Bengal,PURULIA,1997,Rabi,Wheat,1895,2760,1.45646438
West Bengal,PURULIA,1997,Summer,Moong(Green Gram),35,1,0.028571429
West Bengal,PURULIA,1997,Summer,Rice,2995,7130,2.380634391
West Bengal,PURULIA,1997,Whole Year,Arhar/Tur,1510,790,0.523178808
West Bengal,PURULIA,1997,Whole Year,Coconut,17,340,20
West Bengal,PURULIA,1997,Whole Year,Dry chillies,1006,279,0.277335984
West Bengal,PURULIA,1997,Whole Year,Groundnut,1188,738,0.621212121
West Bengal,PURULIA,1997,Whole Year,Jowar,81,32,0.395061728
West Bengal,PURULIA,1997,Whole Year,Linseed,4522,750,0.165855816
West Bengal,PURULIA,1997,Whole Year,Maize,869,6790,7.813578826
West Bengal,PURULIA,1997,Whole Year,Niger seed,743,334,0.449528937
West Bengal,PURULIA,1997,Whole Year,Potato,1416,19896,14.05084746
West Bengal,PURULIA,1997,Whole Year,Pulses total,18888,11279,0.597151631
West Bengal,PURULIA,1997,Whole Year,Rapeseed &Mustard,803,580,0.722291407
West Bengal,PURULIA,1997,Whole Year,Sannhamp,108,314,2.907407407
West Bengal,PURULIA,1997,Whole Year,Sesamum,1037,473,0.456123433
West Bengal,PURULIA,1997,Whole Year,Small millets,488,144,0.295081967
West Bengal,PURULIA,1997,Whole Year,Sugarcane,500,42230,84.46
West Bengal,PURULIA,1997,Whole Year,Turmeric,216,93,0.430555556
West Bengal,PURULIA,1997,Winter,Rice,315095,595830,1.890953522
West Bengal,PURULIA,1998,Autumn,Rice,1561,1250,0.800768738
West Bengal,PURULIA,1998,Kharif,Arhar/Tur,756,300,0.396825397
West Bengal,PURULIA,1998,Kharif,Dry ginger,90,132,1.466666667
West Bengal,PURULIA,1998,Kharif,Jowar,70,18,0.257142857
West Bengal,PURULIA,1998,Kharif,Maize,6034,6950,1.15180643
West Bengal,PURULIA,1998,Kharif,Moong(Green Gram),257,93,0.361867704
West Bengal,PURULIA,1998,Kharif,Niger seed,1531,689,0.450032658
West Bengal,PURULIA,1998,Kharif,Other Kharif pulses,417,136,0.326139089
West Bengal,PURULIA,1998,Kharif,Ragi,130,23,0.176923077
West Bengal,PURULIA,1998,Kharif,Small millets,800,154,0.1925
West Bengal,PURULIA,1998,Kharif,Soyabean,78,24,0.307692308
West Bengal,PURULIA,1998,Kharif,Urad,14010,2830,0.201998572
West Bengal,PURULIA,1998,Rabi,Gram,92,100,1.086956522
West Bengal,PURULIA,1998,Rabi,Horse-gram,1650,351,0.212727273
West Bengal,PURULIA,1998,Rabi,Khesari,42,40,0.952380952
West Bengal,PURULIA,1998,Rabi,Linseed,874,120,0.137299771
West Bengal,PURULIA,1998,Rabi,Masoor,27,20,0.740740741
West Bengal,PURULIA,1998,Rabi,Moong(Green Gram),71,21,0.295774648
West Bengal,PURULIA,1998,Rabi,Peas & beans (Pulses),2,1,0.5
West Bengal,PURULIA,1998,Rabi,Rapeseed &Mustard,580,300,0.517241379
West Bengal,PURULIA,1998,Rabi,Urad,424,135,0.318396226
West Bengal,PURULIA,1998,Rabi,Wheat,3736,5530,1.480192719
West Bengal,PURULIA,1998,Summer,Rice,3060,4048,1.322875817
West Bengal,PURULIA,1998,Whole Year,Coconut,20,310,15.5
West Bengal,PURULIA,1998,Whole Year,Dry chillies,995,177,0.177889447
West Bengal,PURULIA,1998,Whole Year,Groundnut,1247,686,0.550120289
West Bengal,PURULIA,1998,Whole Year,Potato,1533,22829,14.89171559
West Bengal,PURULIA,1998,Whole Year,Sannhamp,398,2917,7.329145729
West Bengal,PURULIA,1998,Whole Year,Sesamum,958,370,0.386221294
West Bengal,PURULIA,1998,Whole Year,Sugarcane,923,82690,89.58829902
West Bengal,PURULIA,1998,Whole Year,Turmeric,240,84,0.35
West Bengal,PURULIA,1998,Winter,Rice,227172,336300,1.480376103
West Bengal,PURULIA,1999,Autumn,Dry chillies,553,149,0.269439421
West Bengal,PURULIA,1999,Autumn,Rice,2306,3400,1.474414571
West Bengal,PURULIA,1999,Autumn,Sesamum,121,38,0.314049587
West Bengal,PURULIA,1999,Kharif,Arhar/Tur,1317,648,0.492027335
West Bengal,PURULIA,1999,Kharif,Dry ginger,93,139,1.494623656
West Bengal,PURULIA,1999,Kharif,Groundnut,1160,754,0.65
West Bengal,PURULIA,1999,Kharif,Jowar,278,88,0.316546763
West Bengal,PURULIA,1999,Kharif,Maize,8893,13970,1.570898459
West Bengal,PURULIA,1999,Kharif,Mesta,120,1160,9.666666667
West Bengal,PURULIA,1999,Kharif,Moong(Green Gram),217,87,0.400921659
West Bengal,PURULIA,1999,Kharif,Niger seed,965,310,0.321243523
West Bengal,PURULIA,1999,Kharif,Other Kharif pulses,72,35,0.486111111
West Bengal,PURULIA,1999,Kharif,Ragi,94,21,0.223404255
West Bengal,PURULIA,1999,Kharif,Small millets,936,229,0.24465812
West Bengal,PURULIA,1999,Kharif,Soyabean,28,7,0.25
West Bengal,PURULIA,1999,Kharif,Urad,10980,5755,0.524134791
West Bengal,PURULIA,1999,Rabi,Dry chillies,483,174,0.360248447
West Bengal,PURULIA,1999,Rabi,Gram,484,480,0.991735537
West Bengal,PURULIA,1999,Rabi,Horse-gram,1767,765,0.432937182
West Bengal,PURULIA,1999,Rabi,Khesari,68,79,1.161764706
West Bengal,PURULIA,1999,Rabi,Linseed,956,354,0.370292887
West Bengal,PURULIA,1999,Rabi,Masoor,26,23,0.884615385
West Bengal,PURULIA,1999,Rabi,Moong(Green Gram),50,18,0.36
West Bengal,PURULIA,1999,Rabi,Peas & beans (Pulses),2,2,1
West Bengal,PURULIA,1999,Rabi,Rapeseed &Mustard,683,535,0.783308931
West Bengal,PURULIA,1999,Rabi,Sannhamp,97,252,2.597938144
West Bengal,PURULIA,1999,Rabi,Urad,384,155,0.403645833
West Bengal,PURULIA,1999,Rabi,Wheat,2752,6928,2.51744186
West Bengal,PURULIA,1999,Summer,Rice,3576,8650,2.418903803
West Bengal,PURULIA,1999,Summer,Sesamum,78,50,0.641025641
West Bengal,PURULIA,1999,Whole Year,Coconut,20,290,14.5
West Bengal,PURULIA,1999,Whole Year,Sugarcane,406,39422,97.09852217
West Bengal,PURULIA,1999,Whole Year,Turmeric,210,70,0.333333333
West Bengal,PURULIA,1999,Winter,Potato,1379,18265,13.24510515
West Bengal,PURULIA,1999,Winter,Rice,294107,535580,1.821037922
West Bengal,PURULIA,1999,Winter,Sesamum,500,170,0.34
West Bengal,PURULIA,2000,Autumn,Rice,2632,2620,0.995440729
West Bengal,PURULIA,2000,Kharif,Arhar/Tur,2071,640,0.309029454
West Bengal,PURULIA,2000,Kharif,Bajra,23,7,0.304347826
West Bengal,PURULIA,2000,Kharif,Dry ginger,126,56,0.444444444
West Bengal,PURULIA,2000,Kharif,Groundnut,679,543,0.799705449
West Bengal,PURULIA,2000,Kharif,Jowar,67,21,0.313432836
West Bengal,PURULIA,2000,Kharif,Maize,14048,26320,1.87357631
West Bengal,PURULIA,2000,Kharif,Mesta,86,230,2.674418605
West Bengal,PURULIA,2000,Kharif,Moong(Green Gram),246,91,0.369918699
West Bengal,PURULIA,2000,Kharif,Niger seed,700,234,0.334285714
West Bengal,PURULIA,2000,Kharif,Other Kharif pulses,275,89,0.323636364
West Bengal,PURULIA,2000,Kharif,Ragi,193,51,0.264248705
West Bengal,PURULIA,2000,Kharif,Small millets,589,136,0.23089983
West Bengal,PURULIA,2000,Kharif,Urad,14315,5430,0.379322389
West Bengal,PURULIA,2000,Rabi,Gram,78,70,0.897435897
West Bengal,PURULIA,2000,Rabi,Horse-gram,1108,490,0.442238267
West Bengal,PURULIA,2000,Rabi,Khesari,396,360,0.909090909
West Bengal,PURULIA,2000,Rabi,Linseed,455,110,0.241758242
West Bengal,PURULIA,2000,Rabi,Moong(Green Gram),55,19,0.345454545
West Bengal,PURULIA,2000,Rabi,Rapeseed &Mustard,456,440,0.964912281
West Bengal,PURULIA,2000,Rabi,Urad,114,49,0.429824561
West Bengal,PURULIA,2000,Rabi,Wheat,2979,7430,2.494125545
West Bengal,PURULIA,2000,Summer,Rice,1023,2454,2.398826979
West Bengal,PURULIA,2000,Whole Year,Coconut,27,364.5,13.5
West Bengal,PURULIA,2000,Whole Year,Dry chillies,1067,287,0.268978444
West Bengal,PURULIA,2000,Whole Year,Potato,866,12758,14.73210162
West Bengal,PURULIA,2000,Whole Year,Sannhamp,105,252,2.4
West Bengal,PURULIA,2000,Whole Year,Sesamum,498,193,0.387550201
West Bengal,PURULIA,2000,Whole Year,Sugarcane,588,42310,71.95578231
West Bengal,PURULIA,2000,Whole Year,Turmeric,171,64,0.374269006
West Bengal,PURULIA,2000,Winter,Rice,258531,469910,1.817615682
West Bengal,PURULIA,2001,Autumn,Rice,3132,7255,2.316411239
West Bengal,PURULIA,2001,Kharif,Arhar/Tur,867,507,0.584775087
West Bengal,PURULIA,2001,Kharif,Bajra,105,46,0.438095238
West Bengal,PURULIA,2001,Kharif,Dry ginger,129,50,0.387596899
West Bengal,PURULIA,2001,Kharif,Groundnut,241,213,0.883817427
West Bengal,PURULIA,2001,Kharif,Jowar,54,20,0.37037037
West Bengal,PURULIA,2001,Kharif,Maize,12141,21274,1.752244461
West Bengal,PURULIA,2001,Kharif,Mesta,49,139,2.836734694
West Bengal,PURULIA,2001,Kharif,Moong(Green Gram),304,157,0.516447368
West Bengal,PURULIA,2001,Kharif,Niger seed,642,209,0.325545171
West Bengal,PURULIA,2001,Kharif,Other Kharif pulses,90,38,0.422222222
West Bengal,PURULIA,2001,Kharif,Ragi,166,58,0.34939759
West Bengal,PURULIA,2001,Kharif,Small millets,757,189,0.249669749
West Bengal,PURULIA,2001,Kharif,Urad,10367,4623,0.445934214
West Bengal,PURULIA,2001,Rabi,Gram,137,141,1.02919708
West Bengal,PURULIA,2001,Rabi,Groundnut,20,29,1.45
West Bengal,PURULIA,2001,Rabi,Horse-gram,1044,449,0.430076628
West Bengal,PURULIA,2001,Rabi,Khesari,131,97,0.740458015
West Bengal,PURULIA,2001,Rabi,Linseed,310,130,0.419354839
West Bengal,PURULIA,2001,Rabi,Masoor,71,48,0.676056338
West Bengal,PURULIA,2001,Rabi,Moong(Green Gram),43,18,0.418604651
West Bengal,PURULIA,2001,Rabi,Peas & beans (Pulses),2,1,0.5
West Bengal,PURULIA,2001,Rabi,Rapeseed &Mustard,427,,
West Bengal,PURULIA,2001,Rabi,Urad,304,129,0.424342105
West Bengal,PURULIA,2001,Rabi,Wheat,4599,9944,2.162209176
West Bengal,PURULIA,2001,Summer,Groundnut,218,244,1.119266055
West Bengal,PURULIA,2001,Summer,Moong(Green Gram),30,25,0.833333333
West Bengal,PURULIA,2001,Summer,Rice,1213,2184,1.800494641
West Bengal,PURULIA,2001,Whole Year,Coconut,25,300,12
West Bengal,PURULIA,2001,Whole Year,Dry chillies,1172,357,0.304607509
West Bengal,PURULIA,2001,Whole Year,Potato,937,12658,13.5090715
West Bengal,PURULIA,2001,Whole Year,Sannhamp,44,130,2.954545455
West Bengal,PURULIA,2001,Whole Year,Sesamum,930,498,0.535483871
West Bengal,PURULIA,2001,Whole Year,Sugarcane,1180,116420,98.66101695
West Bengal,PURULIA,2001,Whole Year,Turmeric,214,102,0.476635514
West Bengal,PURULIA,2001,Winter,Rice,290378,735730,2.533697456
West Bengal,PURULIA,2002,Autumn,Dry chillies,535,160,0.299065421
West Bengal,PURULIA,2002,Autumn,Rice,1290,2691,2.086046512
West Bengal,PURULIA,2002,Autumn,Sesamum,252,98,0.388888889
West Bengal,PURULIA,2002,Kharif,Arhar/Tur,598,374,0.62541806
West Bengal,PURULIA,2002,Kharif,Bajra,85,32,0.376470588
West Bengal,PURULIA,2002,Kharif,Dry ginger,131,70,0.534351145
West Bengal,PURULIA,2002,Kharif,Groundnut,561,422,0.752228164
West Bengal,PURULIA,2002,Kharif,Jowar,54,160,2.962962963
West Bengal,PURULIA,2002,Kharif,Maize,8043,12300,1.529280119
West Bengal,PURULIA,2002,Kharif,Mesta,59,735,12.45762712
West Bengal,PURULIA,2002,Kharif,Moong(Green Gram),256,106,0.4140625
West Bengal,PURULIA,2002,Kharif,Niger seed,808,279,0.34529703
West Bengal,PURULIA,2002,Kharif,Other Kharif pulses,187,61,0.326203209
West Bengal,PURULIA,2002,Kharif,Ragi,110,32,0.290909091
West Bengal,PURULIA,2002,Kharif,Small millets,661,171,0.258698941
West Bengal,PURULIA,2002,Kharif,Urad,8840,2491,0.28178733
West Bengal,PURULIA,2002,Rabi,Dry chillies,449,172,0.383073497
West Bengal,PURULIA,2002,Rabi,Gram,207,127,0.61352657
West Bengal,PURULIA,2002,Rabi,Horse-gram,2140,847,0.395794393
West Bengal,PURULIA,2002,Rabi,Khesari,68,30,0.441176471
West Bengal,PURULIA,2002,Rabi,Linseed,288,62,0.215277778
West Bengal,PURULIA,2002,Rabi,Masoor,96,40,0.416666667
West Bengal,PURULIA,2002,Rabi,Moong(Green Gram),46,15,0.326086957
West Bengal,PURULIA,2002,Rabi,Peas & beans (Pulses),4,3,0.75
West Bengal,PURULIA,2002,Rabi,Rapeseed &Mustard,522,,
West Bengal,PURULIA,2002,Rabi,Urad,296,88,0.297297297
West Bengal,PURULIA,2002,Rabi,Wheat,3293,5877,1.784694807
West Bengal,PURULIA,2002,Summer,Groundnut,90,144,1.6
West Bengal,PURULIA,2002,Summer,Moong(Green Gram),4,3,0.75
West Bengal,PURULIA,2002,Summer,Rice,757,1583,2.091149273
West Bengal,PURULIA,2002,Summer,Sesamum,108,84,0.777777778
West Bengal,PURULIA,2002,Whole Year,Coconut,18,123.3,6.85
West Bengal,PURULIA,2002,Whole Year,Sannhamp,74,385,5.202702703
West Bengal,PURULIA,2002,Whole Year,Sugarcane,896,52542,58.640625
West Bengal,PURULIA,2002,Whole Year,Turmeric,245,100,0.408163265
West Bengal,PURULIA,2002,Winter,Potato,1485,25782,17.36161616
West Bengal,PURULIA,2002,Winter,Rice,228204,482579,2.114682477
West Bengal,PURULIA,2002,Winter,Sesamum,1155,758,0.656277056
West Bengal,PURULIA,2003,Autumn,Rice,1981,2707,1.366481575
West Bengal,PURULIA,2003,Kharif,Arhar/Tur,6,6,1
West Bengal,PURULIA,2003,Kharif,Bajra,83,27,0.325301205
West Bengal,PURULIA,2003,Kharif,Dry ginger,147,103,0.700680272
West Bengal,PURULIA,2003,Kharif,Groundnut,370,382,1.032432432
West Bengal,PURULIA,2003,Kharif,Jowar,91,31,0.340659341
West Bengal,PURULIA,2003,Kharif,Maize,11550,20686,1.790995671
West Bengal,PURULIA,2003,Kharif,Mesta,142,2080,14.64788732
West Bengal,PURULIA,2003,Kharif,Moong(Green Gram),436,195,0.447247706
West Bengal,PURULIA,2003,Kharif,Niger seed,508,167,0.328740157
West Bengal,PURULIA,2003,Kharif,Other Kharif pulses,135,52,0.385185185
West Bengal,PURULIA,2003,Kharif,Ragi,121,35,0.289256198
West Bengal,PURULIA,2003,Kharif,Small millets,324,75,0.231481481
West Bengal,PURULIA,2003,Kharif,Sunflower,29,14,0.482758621
West Bengal,PURULIA,2003,Kharif,Urad,11488,3947,0.343575905
West Bengal,PURULIA,2003,Rabi,Gram,239,273,1.142259414
West Bengal,PURULIA,2003,Rabi,Groundnut,25,43,1.72
West Bengal,PURULIA,2003,Rabi,Horse-gram,1675,683,0.407761194
West Bengal,PURULIA,2003,Rabi,Khesari,213,121,0.568075117
West Bengal,PURULIA,2003,Rabi,Linseed,170,32,0.188235294
West Bengal,PURULIA,2003,Rabi,Masoor,7,5,0.714285714
West Bengal,PURULIA,2003,Rabi,Moong(Green Gram),68,26,0.382352941
West Bengal,PURULIA,2003,Rabi,Peas & beans (Pulses),2,2,1
West Bengal,PURULIA,2003,Rabi,Rapeseed &Mustard,1316,860,0.653495441
West Bengal,PURULIA,2003,Rabi,Urad,233,112,0.480686695
West Bengal,PURULIA,2003,Rabi,Wheat,3609,8206,2.273760044
West Bengal,PURULIA,2003,Summer,Groundnut,105,104,0.99047619
West Bengal,PURULIA,2003,Summer,Rice,1800,4104,2.28
West Bengal,PURULIA,2003,Whole Year,Arecanut,2,2,1
West Bengal,PURULIA,2003,Whole Year,Coconut,55,186.6,3.392727273
West Bengal,PURULIA,2003,Whole Year,Dry chillies,1248,531,0.425480769
West Bengal,PURULIA,2003,Whole Year,Potato,2025,30317,14.97135802
West Bengal,PURULIA,2003,Whole Year,Sannhamp,113,493,4.362831858
West Bengal,PURULIA,2003,Whole Year,Sesamum,743,319,0.429340511
West Bengal,PURULIA,2003,Whole Year,Sugarcane,121,7496,61.95041322
West Bengal,PURULIA,2003,Whole Year,Turmeric,287,146,0.508710801
West Bengal,PURULIA,2003,Winter,Rice,290796,632908,2.176467352
West Bengal,PURULIA,2004,Autumn,Rice,780,1604,2.056410256
West Bengal,PURULIA,2004,Kharif,Bajra,111,35,0.315315315
West Bengal,PURULIA,2004,Kharif,Dry ginger,116,95,0.818965517
West Bengal,PURULIA,2004,Kharif,Jowar,86,33,0.38372093
West Bengal,PURULIA,2004,Kharif,Maize,11097,20529,1.849959448
West Bengal,PURULIA,2004,Kharif,Mesta,45,69,1.533333333
West Bengal,PURULIA,2004,Kharif,Moong(Green Gram),327,147,0.449541284
West Bengal,PURULIA,2004,Kharif,Niger seed,374,125,0.334224599
West Bengal,PURULIA,2004,Kharif,Other Kharif pulses,186,67,0.360215054
West Bengal,PURULIA,2004,Kharif,Ragi,94,28,0.29787234
West Bengal,PURULIA,2004,Kharif,Small millets,518,131,0.252895753
West Bengal,PURULIA,2004,Kharif,Urad,14330,7277,0.507815771
West Bengal,PURULIA,2004,Rabi,Arhar/Tur,398,292,0.733668342
West Bengal,PURULIA,2004,Rabi,Gram,44,28,0.636363636
West Bengal,PURULIA,2004,Rabi,Horse-gram,959,395,0.411887383
West Bengal,PURULIA,2004,Rabi,Khesari,165,84,0.509090909
West Bengal,PURULIA,2004,Rabi,Linseed,232,35,0.150862069
West Bengal,PURULIA,2004,Rabi,Masoor,19,12,0.631578947
West Bengal,PURULIA,2004,Rabi,Moong(Green Gram),12,5,0.416666667
West Bengal,PURULIA,2004,Rabi,Rapeseed &Mustard,1286,873,0.678849145
West Bengal,PURULIA,2004,Rabi,Safflower,94,62,0.659574468
West Bengal,PURULIA,2004,Rabi,Urad,190,106,0.557894737
West Bengal,PURULIA,2004,Rabi,Wheat,1694,3357,1.981700118
West Bengal,PURULIA,2004,Summer,Rice,1354,2836,2.094534712
West Bengal,PURULIA,2004,Whole Year,Coconut,66,296.1,4.486363636
West Bengal,PURULIA,2004,Whole Year,Dry chillies,1146,722,0.630017452
West Bengal,PURULIA,2004,Whole Year,Groundnut,908,824,0.907488987
West Bengal,PURULIA,2004,Whole Year,Potato,1629,24307,14.92142419
West Bengal,PURULIA,2004,Whole Year,Sannhamp,211,874,4.142180095
West Bengal,PURULIA,2004,Whole Year,Sesamum,771,298,0.386511025
West Bengal,PURULIA,2004,Whole Year,Sugarcane,722,33391,46.24792244
West Bengal,PURULIA,2004,Whole Year,Tobacco,8,1,0.125
West Bengal,PURULIA,2004,Whole Year,Turmeric,270,166,0.614814815
West Bengal,PURULIA,2004,Winter,Rice,287528,669276,2.327689825
West Bengal,PURULIA,2005,Autumn,Rice,1606,1497,0.932129514
West Bengal,PURULIA,2005,Kharif,Bajra,52,17,0.326923077
West Bengal,PURULIA,2005,Kharif,Cotton(lint),2,7,3.5
West Bengal,PURULIA,2005,Kharif,Dry ginger,116,95,0.818965517
West Bengal,PURULIA,2005,Kharif,Jowar,74,24,0.324324324
West Bengal,PURULIA,2005,Kharif,Maize,11203,17898,1.597607784
West Bengal,PURULIA,2005,Kharif,Mesta,19,193,10.15789474
West Bengal,PURULIA,2005,Kharif,Moong(Green Gram),327,147,0.449541284
West Bengal,PURULIA,2005,Kharif,Niger seed,278,98,0.352517986
West Bengal,PURULIA,2005,Kharif,Other Kharif pulses,186,67,0.360215054
West Bengal,PURULIA,2005,Kharif,Ragi,118,34,0.288135593
West Bengal,PURULIA,2005,Kharif,Small millets,490,137,0.279591837
West Bengal,PURULIA,2005,Kharif,Sunflower,45,33,0.733333333
West Bengal,PURULIA,2005,Kharif,Urad,9942,2608,0.262321464
West Bengal,PURULIA,2005,Rabi,Arhar/Tur,1253,1020,0.814046289
West Bengal,PURULIA,2005,Rabi,Gram,61,11,0.180327869
West Bengal,PURULIA,2005,Rabi,Horse-gram,875,378,0.432
West Bengal,PURULIA,2005,Rabi,Khesari,167,63,0.377245509
West Bengal,PURULIA,2005,Rabi,Linseed,1345,276,0.205204461
West Bengal,PURULIA,2005,Rabi,Masoor,14,3,0.214285714
West Bengal,PURULIA,2005,Rabi,Moong(Green Gram),119,57,0.478991597
West Bengal,PURULIA,2005,Rabi,Peas & beans (Pulses),3,4,1.333333333
West Bengal,PURULIA,2005,Rabi,Rapeseed &Mustard,2202,1621,0.736148955
West Bengal,PURULIA,2005,Rabi,Urad,232,112,0.482758621
West Bengal,PURULIA,2005,Rabi,Wheat,3247,7101,2.186941792
West Bengal,PURULIA,2005,Summer,Moong(Green Gram),17,7,0.411764706
West Bengal,PURULIA,2005,Summer,Rice,1221,2818,2.307944308
West Bengal,PURULIA,2005,Whole Year,Coconut,74,311,4.202702703
West Bengal,PURULIA,2005,Whole Year,Dry chillies,1132,633,0.559187279
West Bengal,PURULIA,2005,Whole Year,Groundnut,1048,992,0.946564885
West Bengal,PURULIA,2005,Whole Year,Potato,1278,16456,12.87636933
West Bengal,PURULIA,2005,Whole Year,Sannhamp,211,874,4.142180095
West Bengal,PURULIA,2005,Whole Year,Sesamum,684,268,0.391812865
West Bengal,PURULIA,2005,Whole Year,Sugarcane,258,13676,53.00775194
West Bengal,PURULIA,2005,Whole Year,Tobacco,17,5,0.294117647
West Bengal,PURULIA,2005,Whole Year,Turmeric,284,229,0.806338028
West Bengal,PURULIA,2005,Winter,Rice,264150,524587,1.985943593
West Bengal,PURULIA,2006,Autumn,Rice,1993,2992,1.50125439
West Bengal,PURULIA,2006,Kharif,Cotton(lint),2,7,3.5
West Bengal,PURULIA,2006,Kharif,Dry ginger,134,128,0.955223881
West Bengal,PURULIA,2006,Kharif,Jowar,40,11,0.275
West Bengal,PURULIA,2006,Kharif,Maize,11413,19254,1.68702357
West Bengal,PURULIA,2006,Kharif,Mesta,59,596,10.10169492
West Bengal,PURULIA,2006,Kharif,Moong(Green Gram),369,169,0.45799458
West Bengal,PURULIA,2006,Kharif,Niger seed,300,96,0.32
West Bengal,PURULIA,2006,Kharif,Other Kharif pulses,281,80,0.284697509
West Bengal,PURULIA,2006,Kharif,Ragi,132,33,0.25
West Bengal,PURULIA,2006,Kharif,Small millets,215,36,0.16744186
West Bengal,PURULIA,2006,Kharif,Sunflower,45,33,0.733333333
West Bengal,PURULIA,2006,Kharif,Urad,11278,4463,0.395726193
West Bengal,PURULIA,2006,Rabi,Arhar/Tur,1234,1024,0.829821718
West Bengal,PURULIA,2006,Rabi,Gram,60,45,0.75
West Bengal,PURULIA,2006,Rabi,Horse-gram,740,323,0.436486486
West Bengal,PURULIA,2006,Rabi,Khesari,63,21,0.333333333
West Bengal,PURULIA,2006,Rabi,Linseed,1623,349,0.215033888
West Bengal,PURULIA,2006,Rabi,Masoor,23,14,0.608695652
West Bengal,PURULIA,2006,Rabi,Moong(Green Gram),43,15,0.348837209
West Bengal,PURULIA,2006,Rabi,Peas & beans (Pulses),1,1,1
West Bengal,PURULIA,2006,Rabi,Rapeseed &Mustard,4743,2525,0.532363483
West Bengal,PURULIA,2006,Rabi,Urad,129,74,0.573643411
West Bengal,PURULIA,2006,Rabi,Wheat,1785,3654,2.047058824
West Bengal,PURULIA,2006,Summer,Moong(Green Gram),54,15,0.277777778
West Bengal,PURULIA,2006,Summer,Rice,1336,3319,2.484281437
West Bengal,PURULIA,2006,Whole Year,Coconut,73,365000,5000
West Bengal,PURULIA,2006,Whole Year,Dry chillies,1000,577,0.577
West Bengal,PURULIA,2006,Whole Year,Groundnut,1095,1082,0.988127854
West Bengal,PURULIA,2006,Whole Year,Potato,1502,15775,10.50266312
West Bengal,PURULIA,2006,Whole Year,Sannhamp,160,912,5.7
West Bengal,PURULIA,2006,Whole Year,Sesamum,1253,616,0.491620112
West Bengal,PURULIA,2006,Whole Year,Sugarcane,189,12778,67.60846561
West Bengal,PURULIA,2006,Whole Year,Tobacco,17,5,0.294117647
West Bengal,PURULIA,2006,Whole Year,Turmeric,294,261,0.887755102
West Bengal,PURULIA,2006,Winter,Rice,277234,725085,2.615425958
West Bengal,PURULIA,2007,Autumn,Rice,2210,3795,1.71719457
West Bengal,PURULIA,2007,Autumn,Sesamum,274,149,0.54379562
West Bengal,PURULIA,2007,Kharif,Bajra,64,23,0.359375
West Bengal,PURULIA,2007,Kharif,Cotton(lint),600,2160,3.6
West Bengal,PURULIA,2007,Kharif,Dry ginger,212,194,0.91509434
West Bengal,PURULIA,2007,Kharif,Garlic,93,840,9.032258065
West Bengal,PURULIA,2007,Kharif,Groundnut,1120,1075,0.959821429
West Bengal,PURULIA,2007,Kharif,Jowar,19,5,0.263157895
West Bengal,PURULIA,2007,Kharif,Maize,7062,6681,0.946049278
West Bengal,PURULIA,2007,Kharif,Mesta,44,27,0.613636364
West Bengal,PURULIA,2007,Kharif,Moong(Green Gram),289,134,0.46366782
West Bengal,PURULIA,2007,Kharif,Niger seed,307,103,0.335504886
West Bengal,PURULIA,2007,Kharif,Ragi,62,24,0.387096774
West Bengal,PURULIA,2007,Kharif,Sannhamp,145,624,4.303448276
West Bengal,PURULIA,2007,Kharif,Small millets,230,59,0.256521739
West Bengal,PURULIA,2007,Kharif,Sunflower,45,33,0.733333333
West Bengal,PURULIA,2007,Kharif,Urad,10571,3777,0.357298269
West Bengal,PURULIA,2007,Rabi,Arhar/Tur,415,308,0.742168675
West Bengal,PURULIA,2007,Rabi,Gram,156,131,0.83974359
West Bengal,PURULIA,2007,Rabi,Groundnut,25,24,0.96
West Bengal,PURULIA,2007,Rabi,Horse-gram,613,321,0.52365416
West Bengal,PURULIA,2007,Rabi,Khesari,139,58,0.417266187
West Bengal,PURULIA,2007,Rabi,Linseed,1076,207,0.192379182
West Bengal,PURULIA,2007,Rabi,Masoor,16,14,0.875
West Bengal,PURULIA,2007,Rabi,Moong(Green Gram),61,28,0.459016393
West Bengal,PURULIA,2007,Rabi,Peas & beans (Pulses),5,4,0.8
West Bengal,PURULIA,2007,Rabi,Rapeseed &Mustard,1519,711,0.468071099
West Bengal,PURULIA,2007,Rabi,Safflower,59,57,0.966101695
West Bengal,PURULIA,2007,Rabi,Urad,157,97,0.617834395
West Bengal,PURULIA,2007,Rabi,Wheat,1614,3785,2.345105328
West Bengal,PURULIA,2007,Summer,Groundnut,3,6,2
West Bengal,PURULIA,2007,Summer,Maize,152,288,1.894736842
West Bengal,PURULIA,2007,Summer,Moong(Green Gram),3,3,1
West Bengal,PURULIA,2007,Summer,Rice,2825,4437,1.570619469
West Bengal,PURULIA,2007,Summer,Sesamum,103,28,0.27184466
West Bengal,PURULIA,2007,Whole Year,Coconut,58,898000,15482.75862
West Bengal,PURULIA,2007,Whole Year,Dry chillies,1215,2079,1.711111111
West Bengal,PURULIA,2007,Whole Year,Potato,1123,9322,8.300979519
West Bengal,PURULIA,2007,Whole Year,Sugarcane,635,42490,66.91338583
West Bengal,PURULIA,2007,Whole Year,Tobacco,13,3,0.230769231
West Bengal,PURULIA,2007,Whole Year,Turmeric,289,178,0.615916955
West Bengal,PURULIA,2007,Winter,Rice,308632,759940,2.462285181
West Bengal,PURULIA,2007,Winter,Sesamum,233,93,0.399141631
West Bengal,PURULIA,2008,Autumn,Maize,7889,12315,1.561034352
West Bengal,PURULIA,2008,Autumn,Ragi,87,28,0.32183908
West Bengal,PURULIA,2008,Autumn,Rice,2119,4169,1.967437471
West Bengal,PURULIA,2008,Autumn,Sesamum,291,158,0.542955326
West Bengal,PURULIA,2008,Kharif,Bajra,75,26,0.346666667
West Bengal,PURULIA,2008,Kharif,Cotton(lint),600,2160,3.6
West Bengal,PURULIA,2008,Kharif,Dry ginger,212,194,0.91509434
West Bengal,PURULIA,2008,Kharif,Groundnut,1082,1197,1.106284658
West Bengal,PURULIA,2008,Kharif,Jowar,26,10,0.384615385
West Bengal,PURULIA,2008,Kharif,Mesta,24,16,0.666666667
West Bengal,PURULIA,2008,Kharif,Moong(Green Gram),287,134,0.466898955
West Bengal,PURULIA,2008,Kharif,Niger seed,268,85,0.317164179
West Bengal,PURULIA,2008,Kharif,Sannhamp,110,594,5.4
West Bengal,PURULIA,2008,Kharif,Small millets,221,49,0.221719457
West Bengal,PURULIA,2008,Kharif,Sunflower,148,86,0.581081081
West Bengal,PURULIA,2008,Kharif,Urad,14862,6443,0.433521733
West Bengal,PURULIA,2008,Rabi,Arhar/Tur,144,63,0.4375
West Bengal,PURULIA,2008,Rabi,Gram,13,16,1.230769231
West Bengal,PURULIA,2008,Rabi,Groundnut,6,8,1.333333333
West Bengal,PURULIA,2008,Rabi,Horse-gram,660,337,0.510606061
West Bengal,PURULIA,2008,Rabi,Khesari,2,,
West Bengal,PURULIA,2008,Rabi,Linseed,219,33,0.150684932
West Bengal,PURULIA,2008,Rabi,Masoor,15,8,0.533333333
West Bengal,PURULIA,2008,Rabi,Moong(Green Gram),20,12,0.6
West Bengal,PURULIA,2008,Rabi,Rapeseed &Mustard,1235,623,0.504453441
West Bengal,PURULIA,2008,Rabi,Safflower,59,57,0.966101695
West Bengal,PURULIA,2008,Rabi,Urad,107,60,0.560747664
West Bengal,PURULIA,2008,Rabi,Wheat,850,1725,2.029411765
West Bengal,PURULIA,2008,Summer,Groundnut,3,6,2
West Bengal,PURULIA,2008,Summer,Maize,152,288,1.894736842
West Bengal,PURULIA,2008,Summer,Moong(Green Gram),5,4,0.8
West Bengal,PURULIA,2008,Summer,Rice,1014,1869,1.843195266
West Bengal,PURULIA,2008,Summer,Sesamum,165,95,0.575757576
West Bengal,PURULIA,2008,Whole Year,Arecanut,10,8,0.8
West Bengal,PURULIA,2008,Whole Year,Coconut,58,598,10.31034483
West Bengal,PURULIA,2008,Whole Year,Dry chillies,1215,2079,1.711111111
West Bengal,PURULIA,2008,Whole Year,Potato,767,16512,21.52803129
West Bengal,PURULIA,2008,Whole Year,Sugarcane,541,25991,48.04251386
West Bengal,PURULIA,2008,Whole Year,Tobacco,7,2,0.285714286
West Bengal,PURULIA,2008,Whole Year,Turmeric,289,378,1.307958478
West Bengal,PURULIA,2008,Winter,Rice,297872,738143,2.478054332
West Bengal,PURULIA,2008,Winter,Sesamum,261,105,0.402298851
West Bengal,PURULIA,2009,Autumn,Groundnut,745,784,1.052348993
West Bengal,PURULIA,2009,Autumn,Maize,7270,9535,1.311554333
West Bengal,PURULIA,2009,Autumn,Ragi,79,23,0.291139241
West Bengal,PURULIA,2009,Autumn,Rice,162,134,0.827160494
West Bengal,PURULIA,2009,Autumn,Sesamum,228,114,0.5
West Bengal,PURULIA,2009,Kharif,Bajra,47,16,0.340425532
West Bengal,PURULIA,2009,Kharif,Cotton(lint),600,2160,3.6
West Bengal,PURULIA,2009,Kharif,Jowar,29,14,0.482758621
West Bengal,PURULIA,2009,Kharif,Mesta,38,104,2.736842105
West Bengal,PURULIA,2009,Kharif,Moong(Green Gram),304,141,0.463815789
West Bengal,PURULIA,2009,Kharif,Niger seed,247,83,0.336032389
West Bengal,PURULIA,2009,Kharif,Sannhamp,68,291,4.279411765
West Bengal,PURULIA,2009,Kharif,Small millets,113,32,0.283185841
West Bengal,PURULIA,2009,Kharif,Sunflower,470,727,1.546808511
West Bengal,PURULIA,2009,Kharif,Urad,11411,3598,0.315309789
West Bengal,PURULIA,2009,Rabi,Arhar/Tur,107,73,0.682242991
West Bengal,PURULIA,2009,Rabi,Gram,74,37,0.5
West Bengal,PURULIA,2009,Rabi,Groundnut,6511,11394,1.749961603
West Bengal,PURULIA,2009,Rabi,Horse-gram,514,260,0.505836576
West Bengal,PURULIA,2009,Rabi,Khesari,21,8,0.380952381
West Bengal,PURULIA,2009,Rabi,Linseed,420,82,0.195238095
West Bengal,PURULIA,2009,Rabi,Masoor,3,2,0.666666667
West Bengal,PURULIA,2009,Rabi,Moong(Green Gram),32,22,0.6875
West Bengal,PURULIA,2009,Rabi,Potato,1187,24924,20.99747262
West Bengal,PURULIA,2009,Rabi,Rapeseed &Mustard,904,664,0.734513274
West Bengal,PURULIA,2009,Rabi,Safflower,29,24,0.827586207
West Bengal,PURULIA,2009,Rabi,Urad,65,38,0.584615385
West Bengal,PURULIA,2009,Rabi,Wheat,1652,2666,1.613801453
West Bengal,PURULIA,2009,Summer,Groundnut,3,6,2
West Bengal,PURULIA,2009,Summer,Maize,152,288,1.894736842
West Bengal,PURULIA,2009,Summer,Rice,374,795,2.125668449
West Bengal,PURULIA,2009,Summer,Sesamum,15,11,0.733333333
West Bengal,PURULIA,2009,Whole Year,Sugarcane,304,25261,83.09539474
West Bengal,PURULIA,2009,Whole Year,Tobacco,10,3,0.3
West Bengal,PURULIA,2009,Winter,Rice,265107,597845,2.255108315
West Bengal,PURULIA,2009,Winter,Sesamum,238,87,0.365546218
West Bengal,PURULIA,2010,Autumn,Groundnut,982,1019,1.037678208
West Bengal,PURULIA,2010,Autumn,Jowar,25,10,0.4
West Bengal,PURULIA,2010,Autumn,Maize,5159,9162,1.775925567
West Bengal,PURULIA,2010,Autumn,Ragi,76,25,0.328947368
West Bengal,PURULIA,2010,Autumn,Rice,122,35,0.286885246
West Bengal,PURULIA,2010,Autumn,Sesamum,264,140,0.53030303
West Bengal,PURULIA,2010,Kharif,Bajra,62,22,0.35483871
West Bengal,PURULIA,2010,Kharif,Horse-gram,784,407,0.519132653
West Bengal,PURULIA,2010,Kharif,Mesta,31,62,2
West Bengal,PURULIA,2010,Kharif,Moong(Green Gram),293,136,0.464163823
West Bengal,PURULIA,2010,Kharif,Niger seed,205,74,0.36097561
West Bengal,PURULIA,2010,Kharif,Sannhamp,10,40,4
West Bengal,PURULIA,2010,Kharif,Small millets,188,47,0.25
West Bengal,PURULIA,2010,Kharif,Sunflower,37,40,1.081081081
West Bengal,PURULIA,2010,Kharif,Urad,7952,1559,0.196051308
West Bengal,PURULIA,2010,Rabi,Arhar/Tur,105,95,0.904761905
West Bengal,PURULIA,2010,Rabi,Gram,56,68,1.214285714
West Bengal,PURULIA,2010,Rabi,Groundnut,4,6,1.5
West Bengal,PURULIA,2010,Rabi,Khesari,25,33,1.32
West Bengal,PURULIA,2010,Rabi,Linseed,347,119,0.342939481
West Bengal,PURULIA,2010,Rabi,Masoor,3,2,0.666666667
West Bengal,PURULIA,2010,Rabi,Moong(Green Gram),52,42,0.807692308
West Bengal,PURULIA,2010,Rabi,Potato,977,15920,16.29477994
West Bengal,PURULIA,2010,Rabi,Rapeseed &Mustard,886,542,0.611738149
West Bengal,PURULIA,2010,Rabi,Safflower,61,40,0.655737705
West Bengal,PURULIA,2010,Rabi,Urad,531,267,0.502824859
West Bengal,PURULIA,2010,Rabi,Wheat,2013,5152,2.559364133
West Bengal,PURULIA,2010,Summer,Groundnut,4,14,3.5
West Bengal,PURULIA,2010,Summer,Maize,258,391,1.515503876
West Bengal,PURULIA,2010,Summer,Rice,105,281,2.676190476
West Bengal,PURULIA,2010,Whole Year,Sugarcane,303,11541,38.08910891
West Bengal,PURULIA,2010,Winter,Rice,152676,261435,1.712351647
West Bengal,PURULIA,2010,Winter,Sesamum,244,95,0.389344262
West Bengal,PURULIA,2011,Autumn,Groundnut,662,670,1.012084592
West Bengal,PURULIA,2011,Autumn,Maize,5380,9013,1.67527881
West Bengal,PURULIA,2011,Autumn,Ragi,129,55,0.426356589
West Bengal,PURULIA,2011,Autumn,Rice,200,245,1.225
West Bengal,PURULIA,2011,Autumn,Sesamum,155,79,0.509677419
West Bengal,PURULIA,2011,Kharif,Bajra,59,22,0.372881356
West Bengal,PURULIA,2011,Kharif,Horse-gram,642,317,0.49376947
West Bengal,PURULIA,2011,Kharif,Jowar,23,6,0.260869565
West Bengal,PURULIA,2011,Kharif,Mesta,3,3,1
West Bengal,PURULIA,2011,Kharif,Moong(Green Gram),230,112,0.486956522
West Bengal,PURULIA,2011,Kharif,Niger seed,193,72,0.373056995
West Bengal,PURULIA,2011,Kharif,Sannhamp,91,364,4
West Bengal,PURULIA,2011,Kharif,Small millets,138,35,0.253623188
West Bengal,PURULIA,2011,Kharif,Sunflower,42,40,0.952380952
West Bengal,PURULIA,2011,Kharif,Urad,9114,2991,0.328176432
West Bengal,PURULIA,2011,Rabi,Arhar/Tur,66,45,0.681818182
West Bengal,PURULIA,2011,Rabi,Gram,53,53,1
West Bengal,PURULIA,2011,Rabi,Groundnut,46,36,0.782608696
West Bengal,PURULIA,2011,Rabi,Linseed,417,80,0.191846523
West Bengal,PURULIA,2011,Rabi,Moong(Green Gram),78,44,0.564102564
West Bengal,PURULIA,2011,Rabi,Potato,1077,17412,16.16713092
West Bengal,PURULIA,2011,Rabi,Rapeseed &Mustard,946,652,0.689217759
West Bengal,PURULIA,2011,Rabi,Safflower,38,29,0.763157895
West Bengal,PURULIA,2011,Rabi,Urad,182,93,0.510989011
West Bengal,PURULIA,2011,Rabi,Wheat,1880,4206,2.237234043
West Bengal,PURULIA,2011,Summer,Maize,459,749,1.631808279
West Bengal,PURULIA,2011,Summer,Rice,122,301,2.467213115
West Bengal,PURULIA,2011,Summer,Sesamum,64,29,0.453125
West Bengal,PURULIA,2011,Whole Year,Sugarcane,303,20264,66.87788779
West Bengal,PURULIA,2011,Winter,Rice,270270,731799,2.707659008
West Bengal,PURULIA,2011,Winter,Sesamum,191,82,0.429319372
West Bengal,PURULIA,2012,Autumn,Groundnut,796,824,1.035175879
West Bengal,PURULIA,2012,Autumn,Jowar,26,10,0.384615385
West Bengal,PURULIA,2012,Autumn,Maize,5677,11595,2.042451999
West Bengal,PURULIA,2012,Autumn,Ragi,95,34,0.357894737
West Bengal,PURULIA,2012,Autumn,Rice,123,308,2.504065041
West Bengal,PURULIA,2012,Autumn,Sesamum,216,111,0.513888889
West Bengal,PURULIA,2012,Autumn,Small millets,163,41,0.251533742
West Bengal,PURULIA,2012,Kharif,Bajra,56,20,0.357142857
West Bengal,PURULIA,2012,Kharif,Horse-gram,647,328,0.506955178
West Bengal,PURULIA,2012,Kharif,Moong(Green Gram),276,130,0.471014493
West Bengal,PURULIA,2012,Kharif,Niger seed,215,76,0.353488372
West Bengal,PURULIA,2012,Kharif,Sannhamp,56,238,4.25
West Bengal,PURULIA,2012,Kharif,Sunflower,53,44,0.830188679
West Bengal,PURULIA,2012,Kharif,Urad,9258,2910,0.314322748
West Bengal,PURULIA,2012,Rabi,Arhar/Tur,107,240,2.242990654
West Bengal,PURULIA,2012,Rabi,Gram,181,224,1.237569061
West Bengal,PURULIA,2012,Rabi,Groundnut,22,19,0.863636364
West Bengal,PURULIA,2012,Rabi,Khesari,54,62,1.148148148
West Bengal,PURULIA,2012,Rabi,Linseed,393,73,0.185750636
West Bengal,PURULIA,2012,Rabi,Masoor,31,28,0.903225806
West Bengal,PURULIA,2012,Rabi,Moong(Green Gram),54,36,0.666666667
West Bengal,PURULIA,2012,Rabi,Potato,913,17203,18.8422782
West Bengal,PURULIA,2012,Rabi,Rapeseed &Mustard,820,571,0.696341463
West Bengal,PURULIA,2012,Rabi,Safflower,43,31,0.720930233
West Bengal,PURULIA,2012,Rabi,Urad,259,133,0.513513514
West Bengal,PURULIA,2012,Rabi,Wheat,1648,3310,2.008495146
West Bengal,PURULIA,2012,Summer,Maize,290,476,1.64137931
West Bengal,PURULIA,2012,Summer,Rice,280,872,3.114285714
West Bengal,PURULIA,2012,Summer,Sesamum,51,28,0.549019608
West Bengal,PURULIA,2012,Whole Year,Sugarcane,314,11199,35.6656051
West Bengal,PURULIA,2012,Winter,Rice,288735,729553,2.526721734
West Bengal,PURULIA,2012,Winter,Sesamum,224,88,0.392857143
West Bengal,PURULIA,2013,Autumn,Groundnut,676,691,1.022189349
West Bengal,PURULIA,2013,Autumn,Maize,6189,10665,1.723218614
West Bengal,PURULIA,2013,Autumn,Rice,92,128,1.391304348
West Bengal,PURULIA,2013,Autumn,Sesamum,140,76,0.542857143
West Bengal,PURULIA,2013,Autumn,Small millets,163,41,0.251533742
West Bengal,PURULIA,2013,Kharif,Bajra,34,14,0.411764706
West Bengal,PURULIA,2013,Kharif,Horse-gram,691,350,0.506512301
West Bengal,PURULIA,2013,Kharif,Jowar,25,7,0.28
West Bengal,PURULIA,2013,Kharif,Jute,11,215,19.54545455
West Bengal,PURULIA,2013,Kharif,Moong(Green Gram),132,69,0.522727273
West Bengal,PURULIA,2013,Kharif,Other Kharif pulses,79,37,0.46835443
West Bengal,PURULIA,2013,Kharif,Sannhamp,117,706,6.034188034
West Bengal,PURULIA,2013,Kharif,Soyabean,15,6,0.4
West Bengal,PURULIA,2013,Kharif,Sunflower,44,41,0.931818182
West Bengal,PURULIA,2013,Kharif,Urad,12986,2877,0.221546281
West Bengal,PURULIA,2013,Rabi,Arhar/Tur,332,406,1.222891566
West Bengal,PURULIA,2013,Rabi,Gram,199,250,1.256281407
West Bengal,PURULIA,2013,Rabi,Groundnut,22,19,0.863636364
West Bengal,PURULIA,2013,Rabi,Khesari,146,125,0.856164384
West Bengal,PURULIA,2013,Rabi,Linseed,215,42,0.195348837
West Bengal,PURULIA,2013,Rabi,Masoor,7,2,0.285714286
West Bengal,PURULIA,2013,Rabi,Moong(Green Gram),61,41,0.672131148
West Bengal,PURULIA,2013,Rabi,Moth,15,13,0.866666667
West Bengal,PURULIA,2013,Rabi,Peas & beans (Pulses),12,17,1.416666667
West Bengal,PURULIA,2013,Rabi,Potato,1726,43703,25.32039397
West Bengal,PURULIA,2013,Rabi,Ragi,84,29,0.345238095
West Bengal,PURULIA,2013,Rabi,Rapeseed &Mustard,3187,3153,0.98933166
West Bengal,PURULIA,2013,Rabi,Safflower,47,33,0.70212766
West Bengal,PURULIA,2013,Rabi,Wheat,1187,2675,2.253580455
West Bengal,PURULIA,2013,Summer,Maize,325,522,1.606153846
West Bengal,PURULIA,2013,Summer,Rice,516,1274,2.468992248
West Bengal,PURULIA,2013,Summer,Sesamum,697,356,0.510760402
West Bengal,PURULIA,2013,Whole Year,Sugarcane,161,7948,49.36645963
West Bengal,PURULIA,2013,Winter,Rice,302274,730136,2.415477348
West Bengal,PURULIA,2013,Winter,Sesamum,208,101,0.485576923
West Bengal,PURULIA,2014,Autumn,Groundnut,711,694,0.976090014
West Bengal,PURULIA,2014,Autumn,Jowar,25,8,0.32
West Bengal,PURULIA,2014,Autumn,Maize,6317,13337,2.111287003
West Bengal,PURULIA,2014,Autumn,Ragi,112,44,0.392857143
West Bengal,PURULIA,2014,Autumn,Rice,264,721,2.731060606
West Bengal,PURULIA,2014,Autumn,Sesamum,170,87,0.511764706
West Bengal,PURULIA,2014,Autumn,Small millets,154,41,0.266233766
West Bengal,PURULIA,2014,Kharif,Bajra,49,19,0.387755102
West Bengal,PURULIA,2014,Kharif,Mesta,159,2065,12.98742138
West Bengal,PURULIA,2014,Kharif,Moong(Green Gram),181,100,0.552486188
West Bengal,PURULIA,2014,Kharif,Moth,16,14,0.875
West Bengal,PURULIA,2014,Kharif,Niger seed,204,74,0.362745098
West Bengal,PURULIA,2014,Kharif,Other Kharif pulses,79,39,0.493670886
West Bengal,PURULIA,2014,Kharif,Sannhamp,171,727,4.251461988
West Bengal,PURULIA,2014,Kharif,Soyabean,18,7,0.388888889
West Bengal,PURULIA,2014,Kharif,Sunflower,46,42,0.913043478
West Bengal,PURULIA,2014,Kharif,Urad,11493,3287,0.286000174
West Bengal,PURULIA,2014,Rabi,Arhar/Tur,671,723,1.077496274
West Bengal,PURULIA,2014,Rabi,Gram,198,203,1.025252525
West Bengal,PURULIA,2014,Rabi,Groundnut,30,25,0.833333333
West Bengal,PURULIA,2014,Rabi,Horse-gram,660,332,0.503030303
West Bengal,PURULIA,2014,Rabi,Khesari,146,126,0.863013699
West Bengal,PURULIA,2014,Rabi,Linseed,160,51,0.31875
West Bengal,PURULIA,2014,Rabi,Masoor,31,19,0.612903226
West Bengal,PURULIA,2014,Rabi,Moong(Green Gram),64,40,0.625
West Bengal,PURULIA,2014,Rabi,Peas & beans (Pulses),12,12,1
West Bengal,PURULIA,2014,Rabi,Potato,477,9995,20.95387841
West Bengal,PURULIA,2014,Rabi,Rapeseed &Mustard,1885,1508,0.8
West Bengal,PURULIA,2014,Rabi,Safflower,54,37,0.685185185
West Bengal,PURULIA,2014,Rabi,Urad,220,113,0.513636364
West Bengal,PURULIA,2014,Rabi,Wheat,1622,3663,2.258323058
West Bengal,PURULIA,2014,Summer,Maize,325,2039,6.273846154
West Bengal,PURULIA,2014,Summer,Rice,306,801,2.617647059
West Bengal,PURULIA,2014,Summer,Sesamum,627,463,0.738437002
West Bengal,PURULIA,2014,Whole Year,Sugarcane,324,16250,50.15432099
West Bengal,PURULIA,2014,Winter,Rice,279151,597899,2.14184796
West Bengal,PURULIA,2014,Winter,Sesamum,175,88,0.502857143
